#Seq2Logo.py -f /work3/idamei/ssn-clusterings/clustering/2205171701/clusters/0039_19/sequences.afa -o /work3/idamei/ssn-clusterings/clustering/2205171701/clusters/0039_19/sequences.logo
#Position Specific Frequency Matrix
A R N D C Q E G H I L K M F P S T W Y V
0 M 0.048 0.029 0.018 0.018 0.015 0.026 0.026 0.026 0.015 0.092 0.181 0.033 0.23 0.044 0.015 0.033 0.037 0.007 0.022 0.085
1 L 0.052 0.073 0.097 0.036 0.013 0.027 0.035 0.037 0.018 0.083 0.117 0.06 0.035 0.033 0.018 0.064 0.07 0.006 0.036 0.089
2 D 0.07 0.031 0.09 0.135 0.012 0.027 0.065 0.044 0.017 0.07 0.078 0.041 0.018 0.046 0.021 0.084 0.07 0.005 0.019 0.058
3 E 0.048 0.11 0.033 0.053 0.009 0.047 0.156 0.031 0.028 0.036 0.077 0.071 0.018 0.046 0.021 0.044 0.034 0.011 0.086 0.04
4 V 0.071 0.026 0.024 0.023 0.019 0.02 0.028 0.03 0.01 0.133 0.112 0.032 0.028 0.032 0.02 0.05 0.106 0.006 0.02 0.213
5 K 0.057 0.108 0.042 0.042 0.009 0.054 0.071 0.043 0.021 0.028 0.043 0.275 0.016 0.016 0.028 0.054 0.04 0.005 0.017 0.033
6 R 0.045 0.342 0.039 0.031 0.008 0.049 0.053 0.033 0.023 0.023 0.047 0.121 0.016 0.017 0.019 0.045 0.035 0.006 0.017 0.031
7 K 0.057 0.108 0.042 0.042 0.009 0.054 0.071 0.043 0.021 0.028 0.043 0.275 0.016 0.016 0.028 0.054 0.04 0.005 0.017 0.033
8 S 0.11 0.04 0.054 0.049 0.018 0.033 0.053 0.067 0.019 0.03 0.042 0.054 0.016 0.021 0.03 0.217 0.082 0.005 0.018 0.042
9 C 0.065 0.016 0.016 0.016 0.482 0.012 0.016 0.033 0.008 0.045 0.065 0.02 0.016 0.02 0.016 0.041 0.037 0.004 0.012 0.057
10 K 0.057 0.108 0.042 0.042 0.009 0.054 0.071 0.043 0.021 0.028 0.043 0.275 0.016 0.016 0.028 0.054 0.04 0.005 0.017 0.033
11 K 0.057 0.108 0.042 0.042 0.009 0.054 0.071 0.043 0.021 0.028 0.043 0.275 0.016 0.016 0.028 0.054 0.04 0.005 0.017 0.033
12 I 0.047 0.018 0.015 0.018 0.016 0.013 0.018 0.021 0.009 0.268 0.169 0.024 0.037 0.044 0.015 0.025 0.04 0.006 0.021 0.177
13 E 0.055 0.05 0.041 0.091 0.007 0.065 0.294 0.035 0.026 0.022 0.037 0.076 0.013 0.017 0.026 0.055 0.037 0.006 0.017 0.031
14 D 0.041 0.03 0.069 0.395 0.008 0.03 0.092 0.047 0.019 0.022 0.028 0.045 0.009 0.015 0.022 0.052 0.036 0.004 0.011 0.024
15 V 0.07 0.022 0.017 0.018 0.019 0.017 0.023 0.025 0.008 0.165 0.131 0.026 0.032 0.036 0.017 0.033 0.05 0.006 0.021 0.266
16 L 0.052 0.032 0.02 0.02 0.016 0.028 0.028 0.028 0.016 0.101 0.198 0.036 0.157 0.048 0.016 0.036 0.04 0.008 0.024 0.093
17 A 0.287 0.031 0.026 0.03 0.022 0.026 0.041 0.079 0.015 0.043 0.06 0.045 0.018 0.022 0.03 0.085 0.05 0.005 0.018 0.069
18 F 0.034 0.019 0.017 0.017 0.011 0.011 0.019 0.026 0.017 0.064 0.115 0.019 0.026 0.384 0.011 0.026 0.026 0.017 0.089 0.055
19 E 0.063 0.048 0.067 0.08 0.01 0.035 0.124 0.037 0.042 0.06 0.054 0.054 0.016 0.033 0.02 0.057 0.057 0.036 0.058 0.049
20 L 0.05 0.058 0.062 0.03 0.039 0.039 0.037 0.047 0.028 0.082 0.102 0.078 0.021 0.048 0.018 0.051 0.037 0.009 0.079 0.085
21 L 0.046 0.054 0.049 0.035 0.011 0.039 0.071 0.046 0.066 0.065 0.1 0.048 0.031 0.058 0.018 0.043 0.062 0.01 0.093 0.055
22 N 0.052 0.064 0.1 0.045 0.01 0.047 0.078 0.069 0.022 0.039 0.08 0.082 0.039 0.051 0.02 0.065 0.047 0.007 0.04 0.042
23 D 0.075 0.035 0.062 0.223 0.012 0.032 0.072 0.056 0.019 0.026 0.035 0.049 0.012 0.018 0.026 0.136 0.059 0.004 0.014 0.033
24 R 0.045 0.343 0.039 0.031 0.008 0.049 0.052 0.033 0.023 0.023 0.047 0.121 0.016 0.017 0.019 0.045 0.035 0.006 0.017 0.031
25 E 0.055 0.05 0.041 0.09 0.007 0.065 0.295 0.035 0.026 0.022 0.037 0.076 0.013 0.017 0.026 0.055 0.037 0.006 0.017 0.031
26 L 0.045 0.024 0.014 0.015 0.016 0.016 0.02 0.021 0.01 0.116 0.374 0.025 0.05 0.055 0.014 0.024 0.033 0.007 0.022 0.096
27 I 0.047 0.018 0.015 0.018 0.016 0.013 0.018 0.021 0.009 0.271 0.168 0.024 0.037 0.044 0.015 0.025 0.04 0.006 0.021 0.177
28 R 0.069 0.136 0.03 0.031 0.012 0.033 0.057 0.035 0.017 0.091 0.078 0.094 0.036 0.036 0.049 0.067 0.04 0.006 0.019 0.065
29 I 0.06 0.027 0.029 0.028 0.017 0.02 0.029 0.032 0.011 0.162 0.117 0.035 0.028 0.034 0.021 0.059 0.143 0.006 0.019 0.124
30 L 0.064 0.023 0.019 0.019 0.017 0.017 0.023 0.093 0.009 0.129 0.186 0.027 0.033 0.038 0.016 0.033 0.042 0.006 0.02 0.186
31 N 0.056 0.058 0.096 0.065 0.011 0.049 0.07 0.041 0.019 0.056 0.075 0.064 0.018 0.058 0.047 0.073 0.056 0.006 0.022 0.06
32 G 0.061 0.036 0.068 0.037 0.012 0.026 0.052 0.125 0.015 0.096 0.098 0.069 0.021 0.037 0.019 0.08 0.043 0.005 0.018 0.081
33 G 0.054 0.106 0.062 0.041 0.052 0.072 0.074 0.123 0.02 0.032 0.072 0.096 0.017 0.019 0.02 0.048 0.036 0.005 0.016 0.037
34 N 0.075 0.049 0.136 0.05 0.012 0.033 0.047 0.052 0.027 0.032 0.045 0.088 0.015 0.037 0.023 0.091 0.07 0.009 0.069 0.04
35 R 0.083 0.109 0.04 0.078 0.011 0.096 0.09 0.043 0.021 0.036 0.064 0.072 0.018 0.019 0.023 0.08 0.044 0.005 0.017 0.051
36 T 0.073 0.036 0.044 0.038 0.018 0.028 0.04 0.044 0.014 0.054 0.065 0.046 0.02 0.024 0.028 0.093 0.243 0.006 0.018 0.071
37 H 0.042 0.046 0.054 0.038 0.008 0.038 0.054 0.038 0.352 0.023 0.038 0.046 0.015 0.031 0.019 0.042 0.027 0.008 0.058 0.023
38 Y 0.068 0.032 0.055 0.066 0.011 0.043 0.063 0.076 0.024 0.057 0.065 0.041 0.024 0.077 0.058 0.044 0.034 0.011 0.101 0.05
39 L 0.049 0.031 0.045 0.031 0.012 0.037 0.064 0.029 0.016 0.098 0.186 0.047 0.028 0.058 0.044 0.047 0.037 0.007 0.04 0.096
40 L 0.043 0.041 0.034 0.019 0.014 0.016 0.021 0.023 0.011 0.132 0.243 0.028 0.034 0.103 0.013 0.027 0.034 0.007 0.029 0.126
41 F 0.048 0.022 0.02 0.02 0.013 0.016 0.023 0.027 0.014 0.113 0.14 0.025 0.037 0.188 0.014 0.055 0.05 0.01 0.061 0.102
42 F 0.064 0.024 0.04 0.024 0.012 0.017 0.026 0.033 0.019 0.084 0.105 0.028 0.023 0.202 0.015 0.071 0.037 0.012 0.09 0.075
43 L 0.077 0.023 0.021 0.021 0.014 0.017 0.024 0.058 0.014 0.113 0.168 0.028 0.042 0.103 0.016 0.058 0.047 0.008 0.047 0.099
44 L 0.045 0.021 0.017 0.017 0.014 0.014 0.02 0.023 0.011 0.151 0.235 0.024 0.039 0.126 0.014 0.039 0.041 0.008 0.033 0.109
45 L 0.052 0.023 0.02 0.02 0.014 0.016 0.023 0.054 0.011 0.101 0.248 0.027 0.033 0.092 0.015 0.056 0.051 0.007 0.027 0.109
46 L 0.104 0.024 0.023 0.024 0.016 0.019 0.027 0.037 0.012 0.142 0.153 0.031 0.038 0.065 0.018 0.087 0.045 0.006 0.023 0.105
47 L 0.051 0.022 0.02 0.02 0.014 0.016 0.023 0.027 0.013 0.126 0.154 0.026 0.028 0.146 0.015 0.057 0.058 0.009 0.054 0.121
48 I 0.047 0.018 0.015 0.018 0.016 0.013 0.018 0.021 0.009 0.271 0.168 0.024 0.037 0.044 0.015 0.025 0.04 0.006 0.021 0.177
49 L 0.063 0.021 0.018 0.018 0.041 0.015 0.021 0.027 0.011 0.117 0.203 0.025 0.034 0.136 0.015 0.048 0.036 0.008 0.034 0.107
50 F 0.065 0.021 0.019 0.02 0.094 0.015 0.023 0.031 0.012 0.064 0.153 0.025 0.025 0.18 0.042 0.057 0.035 0.009 0.04 0.072
51 I 0.051 0.02 0.019 0.02 0.014 0.015 0.022 0.053 0.011 0.182 0.128 0.025 0.027 0.08 0.014 0.053 0.038 0.062 0.029 0.138
52 L 0.087 0.021 0.017 0.018 0.033 0.015 0.021 0.065 0.01 0.15 0.209 0.026 0.037 0.058 0.015 0.033 0.035 0.006 0.021 0.122
53 L 0.074 0.022 0.02 0.02 0.096 0.017 0.024 0.031 0.01 0.12 0.167 0.027 0.038 0.055 0.017 0.061 0.054 0.006 0.021 0.119
54 L 0.124 0.024 0.024 0.024 0.014 0.018 0.028 0.094 0.015 0.07 0.129 0.031 0.026 0.119 0.018 0.074 0.039 0.009 0.049 0.071
55 G 0.119 0.023 0.023 0.024 0.042 0.018 0.026 0.12 0.012 0.099 0.108 0.031 0.032 0.049 0.046 0.058 0.053 0.006 0.019 0.092
56 F 0.059 0.02 0.016 0.017 0.013 0.014 0.02 0.024 0.016 0.148 0.129 0.023 0.027 0.155 0.014 0.028 0.033 0.011 0.091 0.14
57 S 0.101 0.037 0.05 0.045 0.016 0.03 0.048 0.061 0.018 0.027 0.038 0.05 0.014 0.019 0.027 0.284 0.075 0.005 0.016 0.038
58 P 0.052 0.024 0.021 0.028 0.009 0.019 0.033 0.033 0.012 0.024 0.033 0.038 0.009 0.012 0.535 0.04 0.033 0.002 0.012 0.028
59 L 0.048 0.021 0.014 0.015 0.015 0.014 0.019 0.021 0.009 0.144 0.285 0.023 0.038 0.064 0.014 0.025 0.035 0.006 0.023 0.167
60 L 0.059 0.022 0.015 0.016 0.015 0.015 0.02 0.023 0.01 0.124 0.336 0.024 0.04 0.066 0.014 0.027 0.04 0.007 0.023 0.105
61 G 0.104 0.024 0.036 0.032 0.012 0.02 0.029 0.395 0.013 0.026 0.052 0.035 0.012 0.018 0.02 0.086 0.037 0.005 0.012 0.033
62 F 0.033 0.019 0.016 0.016 0.01 0.011 0.018 0.023 0.018 0.061 0.134 0.019 0.025 0.363 0.011 0.024 0.024 0.016 0.106 0.054
63 Y 0.038 0.024 0.019 0.017 0.036 0.019 0.024 0.023 0.038 0.056 0.07 0.027 0.018 0.127 0.014 0.029 0.027 0.023 0.321 0.05
64 L 0.051 0.019 0.017 0.017 0.09 0.014 0.019 0.083 0.011 0.148 0.178 0.023 0.029 0.05 0.014 0.029 0.034 0.007 0.037 0.129
65 P 0.101 0.028 0.03 0.031 0.041 0.022 0.035 0.044 0.013 0.046 0.07 0.039 0.016 0.02 0.185 0.122 0.063 0.004 0.015 0.073
66 L 0.042 0.019 0.013 0.015 0.015 0.014 0.017 0.019 0.009 0.213 0.298 0.022 0.04 0.046 0.013 0.023 0.033 0.006 0.02 0.123
67 I 0.046 0.019 0.016 0.017 0.014 0.014 0.019 0.022 0.01 0.228 0.177 0.023 0.043 0.093 0.014 0.038 0.037 0.007 0.027 0.136
68 F 0.056 0.02 0.016 0.016 0.04 0.014 0.02 0.025 0.015 0.077 0.182 0.022 0.028 0.216 0.013 0.028 0.03 0.012 0.082 0.09
69 L 0.039 0.022 0.013 0.014 0.014 0.014 0.018 0.02 0.01 0.098 0.376 0.022 0.042 0.111 0.013 0.022 0.029 0.008 0.03 0.082
70 A 0.157 0.027 0.026 0.027 0.071 0.021 0.032 0.048 0.012 0.084 0.124 0.035 0.023 0.027 0.022 0.111 0.049 0.005 0.017 0.084
71 L 0.053 0.022 0.016 0.016 0.014 0.015 0.02 0.024 0.011 0.117 0.255 0.024 0.045 0.126 0.014 0.029 0.047 0.008 0.033 0.111
72 F 0.051 0.02 0.016 0.017 0.015 0.013 0.021 0.025 0.012 0.112 0.12 0.022 0.028 0.216 0.013 0.029 0.037 0.011 0.054 0.167
73 P 0.082 0.032 0.038 0.039 0.014 0.027 0.044 0.05 0.016 0.027 0.038 0.047 0.013 0.017 0.265 0.138 0.058 0.004 0.015 0.036
74 V 0.054 0.031 0.086 0.079 0.012 0.048 0.042 0.091 0.016 0.096 0.072 0.039 0.019 0.045 0.018 0.059 0.068 0.005 0.019 0.101
75 F 0.058 0.063 0.078 0.051 0.038 0.02 0.031 0.061 0.016 0.089 0.111 0.038 0.021 0.112 0.043 0.038 0.033 0.007 0.029 0.062
76 G 0.054 0.025 0.024 0.025 0.053 0.018 0.04 0.164 0.012 0.109 0.083 0.044 0.02 0.101 0.016 0.037 0.047 0.007 0.027 0.095
77 N 0.085 0.045 0.115 0.096 0.012 0.038 0.052 0.051 0.019 0.034 0.043 0.092 0.014 0.018 0.023 0.113 0.077 0.005 0.015 0.052
78 N 0.089 0.037 0.104 0.047 0.013 0.031 0.08 0.059 0.02 0.044 0.086 0.06 0.018 0.027 0.022 0.091 0.073 0.006 0.035 0.06
79 R 0.064 0.137 0.047 0.03 0.011 0.032 0.041 0.035 0.017 0.061 0.133 0.119 0.022 0.047 0.019 0.055 0.051 0.006 0.02 0.054
80 L 0.048 0.032 0.022 0.023 0.012 0.034 0.031 0.067 0.015 0.136 0.142 0.063 0.031 0.04 0.071 0.035 0.048 0.007 0.055 0.087
81 L 0.064 0.023 0.019 0.02 0.014 0.016 0.023 0.028 0.013 0.133 0.188 0.027 0.03 0.099 0.016 0.047 0.064 0.008 0.052 0.114
82 R 0.041 0.399 0.036 0.028 0.007 0.044 0.048 0.03 0.021 0.021 0.043 0.11 0.014 0.016 0.018 0.041 0.032 0.005 0.016 0.028
83 V 0.055 0.044 0.04 0.024 0.014 0.019 0.026 0.056 0.016 0.1 0.115 0.033 0.035 0.083 0.016 0.053 0.047 0.009 0.062 0.155
84 L 0.046 0.023 0.036 0.022 0.019 0.017 0.024 0.047 0.015 0.103 0.146 0.028 0.046 0.084 0.11 0.032 0.033 0.008 0.061 0.097
85 L 0.074 0.02 0.015 0.016 0.041 0.014 0.02 0.026 0.012 0.142 0.218 0.024 0.032 0.107 0.014 0.03 0.033 0.008 0.047 0.104
86 S 0.112 0.03 0.034 0.037 0.069 0.026 0.068 0.1 0.014 0.059 0.057 0.041 0.017 0.021 0.022 0.131 0.065 0.005 0.015 0.079
87 L 0.046 0.022 0.016 0.016 0.015 0.016 0.02 0.022 0.01 0.158 0.26 0.025 0.057 0.064 0.014 0.028 0.049 0.007 0.023 0.134
88 I 0.045 0.019 0.016 0.017 0.014 0.014 0.019 0.048 0.013 0.201 0.172 0.023 0.031 0.09 0.013 0.026 0.033 0.009 0.063 0.136
89 A 0.216 0.027 0.026 0.028 0.018 0.022 0.034 0.056 0.013 0.114 0.077 0.038 0.02 0.025 0.024 0.107 0.05 0.005 0.017 0.084
90 I 0.05 0.019 0.016 0.017 0.015 0.014 0.019 0.022 0.009 0.235 0.199 0.024 0.034 0.04 0.014 0.038 0.039 0.006 0.019 0.171
91 L 0.043 0.02 0.015 0.016 0.013 0.014 0.02 0.022 0.016 0.121 0.188 0.022 0.03 0.158 0.013 0.025 0.032 0.011 0.092 0.128
92 S 0.114 0.031 0.056 0.038 0.114 0.025 0.039 0.082 0.016 0.03 0.043 0.042 0.014 0.019 0.024 0.191 0.06 0.005 0.015 0.042
93 G 0.115 0.023 0.03 0.028 0.094 0.019 0.027 0.286 0.012 0.037 0.05 0.032 0.024 0.019 0.019 0.074 0.038 0.005 0.013 0.055
94 A 0.177 0.028 0.028 0.028 0.071 0.023 0.034 0.051 0.013 0.056 0.085 0.037 0.03 0.024 0.023 0.105 0.077 0.005 0.016 0.088
95 F 0.075 0.021 0.019 0.019 0.013 0.015 0.022 0.056 0.016 0.077 0.118 0.025 0.024 0.211 0.014 0.035 0.046 0.012 0.082 0.1
96 I 0.046 0.018 0.016 0.017 0.015 0.014 0.019 0.021 0.011 0.244 0.134 0.023 0.03 0.084 0.014 0.028 0.05 0.007 0.044 0.165
97 F 0.095 0.024 0.022 0.022 0.014 0.018 0.027 0.035 0.019 0.092 0.087 0.029 0.022 0.133 0.017 0.064 0.053 0.012 0.106 0.109
98 A 0.286 0.03 0.029 0.031 0.019 0.025 0.039 0.095 0.014 0.036 0.05 0.042 0.015 0.019 0.027 0.117 0.051 0.005 0.016 0.056
99 S 0.101 0.037 0.05 0.045 0.016 0.03 0.048 0.061 0.018 0.027 0.038 0.05 0.014 0.019 0.027 0.284 0.075 0.005 0.016 0.038
100 R 0.042 0.343 0.033 0.028 0.008 0.041 0.046 0.029 0.02 0.054 0.054 0.113 0.016 0.018 0.018 0.039 0.033 0.005 0.016 0.043
101 N 0.048 0.039 0.209 0.055 0.01 0.042 0.058 0.059 0.022 0.051 0.054 0.06 0.016 0.042 0.018 0.058 0.043 0.005 0.019 0.091
102 I 0.045 0.021 0.018 0.018 0.013 0.016 0.022 0.023 0.031 0.17 0.128 0.025 0.027 0.098 0.014 0.029 0.048 0.011 0.108 0.136
103 G 0.082 0.026 0.061 0.031 0.013 0.021 0.044 0.143 0.035 0.086 0.125 0.032 0.022 0.071 0.017 0.041 0.034 0.006 0.025 0.088
104 S 0.061 0.029 0.032 0.051 0.013 0.029 0.036 0.065 0.019 0.047 0.076 0.036 0.029 0.103 0.046 0.104 0.071 0.01 0.083 0.061
105 G 0.071 0.023 0.033 0.029 0.011 0.018 0.025 0.399 0.017 0.039 0.045 0.032 0.013 0.032 0.018 0.045 0.031 0.008 0.052 0.06
106 E 0.055 0.05 0.041 0.091 0.007 0.065 0.294 0.035 0.026 0.022 0.037 0.076 0.013 0.017 0.026 0.055 0.037 0.006 0.017 0.031
107 S 0.121 0.032 0.072 0.039 0.015 0.025 0.038 0.107 0.016 0.043 0.085 0.042 0.018 0.023 0.023 0.155 0.065 0.005 0.016 0.061
108 L 0.065 0.029 0.044 0.028 0.013 0.034 0.033 0.061 0.036 0.087 0.127 0.036 0.038 0.033 0.1 0.054 0.061 0.006 0.038 0.078
109 G 0.1 0.044 0.036 0.034 0.012 0.039 0.04 0.234 0.017 0.041 0.043 0.079 0.014 0.023 0.021 0.102 0.042 0.006 0.033 0.04
110 D 0.041 0.028 0.063 0.426 0.007 0.028 0.082 0.044 0.017 0.021 0.026 0.042 0.009 0.014 0.021 0.06 0.035 0.003 0.011 0.023
111 D 0.038 0.027 0.063 0.447 0.007 0.027 0.084 0.043 0.017 0.021 0.026 0.041 0.009 0.014 0.021 0.048 0.032 0.003 0.01 0.022
112 F 0.033 0.018 0.015 0.015 0.01 0.011 0.018 0.023 0.016 0.077 0.139 0.019 0.026 0.359 0.011 0.023 0.025 0.015 0.087 0.06
113 Y 0.122 0.031 0.048 0.053 0.013 0.037 0.047 0.071 0.025 0.038 0.07 0.04 0.017 0.052 0.021 0.075 0.053 0.011 0.129 0.047
114 N 0.04 0.04 0.3 0.071 0.009 0.03 0.044 0.057 0.03 0.026 0.038 0.048 0.012 0.053 0.018 0.061 0.044 0.007 0.044 0.029
115 V 0.054 0.027 0.041 0.025 0.015 0.032 0.03 0.028 0.053 0.151 0.119 0.032 0.027 0.032 0.017 0.038 0.068 0.005 0.022 0.188
116 Y 0.037 0.027 0.039 0.02 0.009 0.021 0.027 0.025 0.042 0.039 0.061 0.03 0.017 0.115 0.015 0.03 0.027 0.025 0.355 0.042
117 Y 0.039 0.024 0.036 0.019 0.011 0.018 0.023 0.024 0.028 0.087 0.134 0.027 0.024 0.112 0.014 0.028 0.029 0.044 0.204 0.077
118 P 0.072 0.025 0.03 0.043 0.011 0.02 0.035 0.036 0.014 0.036 0.061 0.037 0.013 0.021 0.373 0.054 0.037 0.004 0.028 0.05
119 V 0.138 0.024 0.02 0.022 0.018 0.018 0.027 0.038 0.01 0.122 0.114 0.03 0.025 0.03 0.019 0.058 0.059 0.005 0.018 0.204
120 Y 0.036 0.024 0.019 0.017 0.009 0.018 0.024 0.023 0.037 0.044 0.072 0.026 0.018 0.187 0.013 0.028 0.025 0.024 0.313 0.044
121 E 0.049 0.066 0.089 0.075 0.009 0.09 0.137 0.038 0.024 0.032 0.079 0.076 0.017 0.024 0.021 0.06 0.038 0.006 0.035 0.036
122 S 0.09 0.068 0.036 0.098 0.013 0.028 0.06 0.042 0.017 0.083 0.086 0.047 0.03 0.029 0.021 0.106 0.046 0.006 0.035 0.062
123 I 0.048 0.02 0.014 0.016 0.016 0.015 0.019 0.021 0.009 0.21 0.207 0.024 0.061 0.041 0.014 0.026 0.037 0.006 0.02 0.176
124 R 0.081 0.096 0.084 0.038 0.012 0.056 0.06 0.04 0.019 0.059 0.095 0.07 0.02 0.045 0.02 0.061 0.054 0.006 0.02 0.065
125 N 0.048 0.064 0.169 0.062 0.009 0.034 0.049 0.048 0.122 0.023 0.035 0.08 0.013 0.025 0.02 0.081 0.041 0.006 0.043 0.027
126 G 0.073 0.022 0.037 0.032 0.01 0.018 0.025 0.525 0.013 0.018 0.027 0.032 0.009 0.015 0.018 0.06 0.03 0.005 0.01 0.023
127 G 0.097 0.029 0.036 0.062 0.011 0.024 0.06 0.344 0.014 0.028 0.036 0.053 0.011 0.016 0.02 0.062 0.034 0.005 0.012 0.045
128 S 0.082 0.034 0.047 0.083 0.015 0.028 0.048 0.051 0.016 0.033 0.043 0.046 0.015 0.019 0.053 0.187 0.138 0.005 0.015 0.044
129 I 0.046 0.017 0.014 0.016 0.015 0.013 0.018 0.02 0.01 0.272 0.141 0.022 0.032 0.064 0.014 0.024 0.037 0.007 0.041 0.177
130 F 0.048 0.018 0.016 0.016 0.011 0.011 0.019 0.026 0.015 0.06 0.119 0.019 0.024 0.395 0.011 0.026 0.025 0.014 0.075 0.053
131 Y 0.074 0.028 0.029 0.05 0.012 0.022 0.034 0.067 0.029 0.05 0.061 0.034 0.017 0.072 0.019 0.08 0.04 0.016 0.188 0.075
132 S 0.061 0.044 0.061 0.071 0.01 0.035 0.086 0.076 0.047 0.028 0.041 0.083 0.014 0.032 0.056 0.092 0.059 0.008 0.063 0.035
133 Q 0.052 0.041 0.04 0.117 0.009 0.117 0.067 0.064 0.023 0.035 0.051 0.053 0.017 0.071 0.019 0.068 0.038 0.008 0.06 0.049
134 F 0.037 0.021 0.019 0.018 0.01 0.014 0.022 0.025 0.024 0.051 0.088 0.023 0.021 0.315 0.012 0.039 0.027 0.018 0.17 0.047
135 S 0.118 0.034 0.045 0.041 0.016 0.028 0.044 0.084 0.016 0.031 0.043 0.047 0.015 0.019 0.026 0.22 0.107 0.005 0.016 0.044
136 G 0.083 0.03 0.064 0.059 0.011 0.036 0.04 0.363 0.016 0.021 0.03 0.048 0.01 0.016 0.02 0.075 0.036 0.005 0.012 0.027
137 G 0.07 0.022 0.054 0.033 0.01 0.018 0.025 0.525 0.013 0.018 0.026 0.032 0.009 0.015 0.017 0.048 0.028 0.005 0.01 0.022
138 V 0.07 0.02 0.015 0.017 0.015 0.014 0.021 0.025 0.011 0.174 0.125 0.024 0.028 0.083 0.014 0.03 0.038 0.035 0.046 0.194
139 E 0.051 0.046 0.037 0.083 0.007 0.059 0.355 0.032 0.024 0.02 0.034 0.069 0.012 0.015 0.024 0.051 0.034 0.005 0.015 0.029
140 F 0.031 0.018 0.016 0.016 0.01 0.01 0.018 0.023 0.017 0.057 0.103 0.018 0.023 0.421 0.01 0.024 0.023 0.016 0.097 0.05
141 L 0.048 0.02 0.02 0.019 0.012 0.014 0.019 0.16 0.011 0.109 0.183 0.024 0.028 0.134 0.014 0.03 0.03 0.008 0.032 0.086
142 L 0.041 0.021 0.013 0.014 0.015 0.014 0.018 0.02 0.009 0.127 0.381 0.023 0.043 0.07 0.013 0.022 0.031 0.007 0.024 0.094
143 P 0.075 0.026 0.027 0.03 0.011 0.021 0.033 0.092 0.014 0.03 0.045 0.038 0.023 0.021 0.319 0.07 0.052 0.005 0.032 0.036
144 L 0.079 0.022 0.017 0.018 0.015 0.016 0.021 0.081 0.01 0.104 0.282 0.026 0.035 0.061 0.015 0.032 0.033 0.006 0.022 0.106
145 Y 0.039 0.022 0.018 0.016 0.037 0.016 0.022 0.023 0.029 0.069 0.099 0.025 0.021 0.172 0.013 0.027 0.027 0.019 0.234 0.069
146 F 0.032 0.018 0.015 0.015 0.01 0.011 0.018 0.023 0.016 0.062 0.136 0.019 0.025 0.38 0.01 0.023 0.024 0.015 0.09 0.054
147 K 0.049 0.082 0.033 0.033 0.009 0.042 0.056 0.036 0.019 0.035 0.082 0.272 0.018 0.026 0.022 0.044 0.034 0.034 0.038 0.037
148 I 0.062 0.019 0.014 0.016 0.015 0.014 0.019 0.023 0.009 0.212 0.201 0.024 0.041 0.061 0.014 0.027 0.037 0.006 0.022 0.161
149 L 0.044 0.019 0.015 0.016 0.041 0.014 0.018 0.021 0.009 0.188 0.228 0.023 0.035 0.083 0.014 0.027 0.048 0.007 0.025 0.124
150 G 0.083 0.029 0.051 0.033 0.013 0.023 0.033 0.15 0.021 0.053 0.054 0.037 0.016 0.041 0.02 0.11 0.073 0.009 0.09 0.061
151 L 0.044 0.033 0.059 0.027 0.011 0.022 0.031 0.057 0.04 0.07 0.129 0.062 0.033 0.101 0.043 0.038 0.032 0.01 0.088 0.068
152 L 0.043 0.019 0.014 0.016 0.014 0.013 0.018 0.021 0.011 0.168 0.21 0.022 0.044 0.14 0.013 0.024 0.033 0.008 0.035 0.133
153 F 0.039 0.023 0.058 0.046 0.011 0.015 0.026 0.056 0.017 0.059 0.119 0.026 0.022 0.248 0.013 0.034 0.043 0.012 0.069 0.064
154 G 0.059 0.024 0.041 0.077 0.01 0.021 0.05 0.268 0.014 0.042 0.051 0.035 0.013 0.039 0.1 0.052 0.046 0.005 0.016 0.037
155 I 0.052 0.032 0.102 0.061 0.012 0.025 0.051 0.091 0.016 0.126 0.08 0.053 0.03 0.026 0.019 0.059 0.068 0.005 0.016 0.076
156 L 0.102 0.054 0.029 0.053 0.013 0.039 0.057 0.067 0.015 0.065 0.113 0.067 0.021 0.024 0.075 0.07 0.04 0.005 0.016 0.075
157 F 0.034 0.019 0.017 0.017 0.011 0.011 0.019 0.025 0.017 0.064 0.114 0.019 0.025 0.386 0.011 0.025 0.025 0.017 0.089 0.055
158 N 0.067 0.041 0.13 0.116 0.011 0.045 0.085 0.046 0.041 0.034 0.042 0.064 0.014 0.018 0.022 0.071 0.083 0.005 0.017 0.05
159 P 0.047 0.033 0.043 0.033 0.009 0.063 0.058 0.033 0.024 0.028 0.042 0.045 0.013 0.041 0.263 0.041 0.033 0.009 0.109 0.033
160 V 0.093 0.031 0.042 0.027 0.014 0.034 0.033 0.037 0.015 0.097 0.081 0.05 0.021 0.053 0.046 0.057 0.062 0.034 0.042 0.132
161 L 0.07 0.033 0.032 0.067 0.012 0.053 0.075 0.063 0.02 0.069 0.083 0.043 0.029 0.038 0.047 0.07 0.059 0.008 0.073 0.056
162 L 0.045 0.02 0.014 0.016 0.015 0.014 0.019 0.02 0.011 0.192 0.229 0.023 0.046 0.068 0.013 0.025 0.035 0.007 0.042 0.146
163 L 0.043 0.024 0.036 0.021 0.013 0.018 0.023 0.026 0.014 0.105 0.207 0.027 0.083 0.146 0.014 0.041 0.034 0.009 0.036 0.079
164 F 0.104 0.022 0.02 0.02 0.012 0.015 0.024 0.062 0.017 0.053 0.081 0.026 0.02 0.231 0.015 0.04 0.045 0.04 0.087 0.065
165 V 0.115 0.023 0.022 0.023 0.043 0.018 0.027 0.038 0.012 0.128 0.111 0.03 0.024 0.072 0.019 0.082 0.045 0.006 0.024 0.135
166 V 0.07 0.022 0.017 0.018 0.019 0.017 0.023 0.025 0.008 0.165 0.131 0.026 0.032 0.036 0.017 0.033 0.05 0.006 0.021 0.266
167 V 0.058 0.021 0.018 0.019 0.016 0.015 0.022 0.025 0.009 0.167 0.118 0.025 0.028 0.076 0.015 0.044 0.057 0.006 0.025 0.236
168 S 0.091 0.029 0.035 0.032 0.07 0.023 0.035 0.044 0.013 0.068 0.082 0.038 0.02 0.024 0.023 0.141 0.123 0.005 0.016 0.088
169 F 0.103 0.022 0.019 0.02 0.013 0.015 0.023 0.062 0.014 0.074 0.141 0.026 0.025 0.223 0.015 0.049 0.033 0.01 0.048 0.066
170 L 0.076 0.022 0.017 0.018 0.041 0.015 0.021 0.028 0.011 0.105 0.251 0.025 0.033 0.124 0.015 0.043 0.034 0.008 0.032 0.081
171 C 0.056 0.024 0.056 0.025 0.256 0.03 0.027 0.033 0.013 0.067 0.084 0.029 0.019 0.027 0.044 0.051 0.038 0.005 0.033 0.083
172 L 0.058 0.025 0.024 0.023 0.041 0.019 0.027 0.032 0.015 0.087 0.22 0.03 0.03 0.067 0.017 0.093 0.043 0.008 0.059 0.083
173 F 0.047 0.021 0.019 0.019 0.013 0.014 0.021 0.053 0.012 0.107 0.17 0.024 0.028 0.184 0.014 0.042 0.048 0.009 0.042 0.113
174 L 0.062 0.022 0.018 0.019 0.014 0.016 0.022 0.08 0.01 0.107 0.266 0.026 0.037 0.065 0.042 0.033 0.046 0.006 0.022 0.085
175 F 0.032 0.019 0.016 0.016 0.01 0.012 0.019 0.023 0.019 0.058 0.115 0.02 0.024 0.367 0.011 0.024 0.024 0.017 0.124 0.051
176 Y 0.037 0.025 0.019 0.017 0.009 0.019 0.025 0.023 0.04 0.056 0.07 0.028 0.018 0.133 0.014 0.028 0.026 0.024 0.34 0.05
177 I 0.049 0.019 0.016 0.017 0.015 0.014 0.019 0.022 0.009 0.236 0.199 0.024 0.034 0.04 0.014 0.038 0.039 0.006 0.019 0.169
178 W 0.028 0.021 0.014 0.014 0.007 0.014 0.021 0.028 0.014 0.028 0.049 0.021 0.014 0.056 0.007 0.021 0.021 0.534 0.063 0.028
179 L 0.044 0.022 0.014 0.015 0.015 0.015 0.019 0.021 0.01 0.116 0.341 0.024 0.051 0.067 0.013 0.024 0.033 0.007 0.023 0.126
180 E 0.051 0.046 0.037 0.083 0.007 0.059 0.355 0.032 0.024 0.02 0.034 0.069 0.012 0.015 0.024 0.051 0.034 0.005 0.015 0.029
181 K 0.064 0.133 0.03 0.028 0.01 0.036 0.046 0.034 0.018 0.047 0.063 0.175 0.017 0.048 0.02 0.042 0.035 0.034 0.041 0.077
182 F 0.035 0.023 0.021 0.042 0.009 0.017 0.042 0.024 0.025 0.05 0.099 0.026 0.021 0.264 0.013 0.028 0.026 0.017 0.171 0.047
183 G 0.069 0.02 0.026 0.024 0.012 0.015 0.022 0.31 0.012 0.086 0.086 0.027 0.018 0.089 0.016 0.038 0.03 0.007 0.024 0.07
184 L 0.043 0.022 0.015 0.016 0.015 0.015 0.02 0.021 0.01 0.135 0.302 0.024 0.049 0.087 0.014 0.027 0.047 0.007 0.026 0.107
185 K 0.053 0.078 0.048 0.066 0.009 0.05 0.127 0.038 0.019 0.032 0.041 0.171 0.014 0.016 0.077 0.06 0.038 0.005 0.015 0.043
186 N 0.049 0.101 0.112 0.08 0.008 0.048 0.082 0.109 0.043 0.022 0.036 0.088 0.012 0.023 0.02 0.057 0.036 0.006 0.039 0.028
187 I 0.048 0.018 0.014 0.016 0.015 0.013 0.018 0.02 0.008 0.241 0.17 0.022 0.033 0.06 0.014 0.025 0.038 0.006 0.022 0.197
188 D 0.076 0.036 0.062 0.147 0.011 0.037 0.143 0.044 0.019 0.033 0.041 0.051 0.013 0.018 0.023 0.104 0.073 0.005 0.015 0.051
189 D 0.061 0.061 0.038 0.107 0.009 0.034 0.106 0.079 0.017 0.028 0.044 0.095 0.013 0.038 0.103 0.071 0.038 0.005 0.017 0.037
190 D 0.05 0.09 0.114 0.122 0.009 0.038 0.09 0.044 0.021 0.025 0.037 0.12 0.013 0.016 0.022 0.068 0.069 0.005 0.015 0.032
191 K 0.047 0.073 0.038 0.077 0.008 0.04 0.058 0.036 0.052 0.031 0.061 0.226 0.016 0.031 0.022 0.044 0.033 0.008 0.066 0.033
192 K 0.048 0.192 0.036 0.034 0.008 0.058 0.058 0.035 0.02 0.04 0.047 0.232 0.015 0.016 0.022 0.045 0.035 0.005 0.016 0.037
193 S 0.102 0.035 0.079 0.044 0.042 0.028 0.044 0.084 0.018 0.029 0.04 0.046 0.014 0.019 0.025 0.214 0.078 0.005 0.015 0.04
194 L 0.042 0.022 0.013 0.014 0.015 0.015 0.018 0.02 0.009 0.132 0.382 0.023 0.043 0.048 0.013 0.023 0.032 0.006 0.02 0.109
195 C 0.089 0.016 0.016 0.016 0.446 0.013 0.017 0.034 0.008 0.056 0.064 0.021 0.016 0.02 0.016 0.041 0.035 0.004 0.012 0.059
196 L 0.098 0.021 0.015 0.018 0.017 0.015 0.022 0.029 0.009 0.181 0.185 0.026 0.032 0.037 0.016 0.034 0.04 0.005 0.019 0.184
197 A 0.349 0.028 0.023 0.027 0.02 0.023 0.037 0.072 0.014 0.04 0.054 0.041 0.016 0.02 0.027 0.078 0.046 0.005 0.016 0.063
198 S 0.135 0.034 0.042 0.039 0.043 0.028 0.043 0.059 0.016 0.033 0.05 0.046 0.026 0.021 0.026 0.226 0.066 0.005 0.016 0.045
199 A 0.167 0.03 0.033 0.032 0.071 0.024 0.037 0.056 0.014 0.054 0.073 0.04 0.018 0.022 0.024 0.155 0.069 0.005 0.016 0.058
200 L 0.04 0.02 0.014 0.015 0.014 0.013 0.018 0.02 0.01 0.146 0.319 0.022 0.04 0.109 0.013 0.023 0.031 0.008 0.03 0.098
201 G 0.096 0.024 0.03 0.027 0.04 0.019 0.026 0.309 0.012 0.044 0.081 0.032 0.037 0.022 0.018 0.057 0.048 0.005 0.014 0.058
202 L 0.036 0.02 0.014 0.015 0.012 0.012 0.018 0.021 0.012 0.095 0.26 0.02 0.034 0.233 0.011 0.023 0.027 0.011 0.049 0.074
203 F 0.035 0.02 0.015 0.016 0.011 0.013 0.019 0.023 0.015 0.072 0.187 0.021 0.05 0.288 0.011 0.024 0.027 0.013 0.076 0.063
204 G 0.058 0.029 0.099 0.036 0.013 0.035 0.033 0.119 0.016 0.086 0.081 0.037 0.041 0.047 0.017 0.067 0.042 0.006 0.02 0.117
205 F 0.037 0.019 0.015 0.015 0.039 0.012 0.018 0.022 0.015 0.109 0.174 0.021 0.029 0.238 0.012 0.024 0.028 0.012 0.086 0.075
206 L 0.091 0.023 0.019 0.02 0.014 0.017 0.024 0.033 0.015 0.081 0.18 0.027 0.038 0.167 0.016 0.049 0.048 0.01 0.057 0.07
207 I 0.09 0.023 0.021 0.022 0.016 0.018 0.026 0.033 0.01 0.169 0.146 0.029 0.039 0.034 0.018 0.072 0.045 0.005 0.018 0.164
208 T 0.065 0.032 0.035 0.031 0.015 0.036 0.036 0.038 0.014 0.068 0.121 0.04 0.023 0.048 0.022 0.1 0.182 0.006 0.021 0.067
209 T 0.076 0.032 0.04 0.035 0.016 0.025 0.038 0.071 0.014 0.049 0.074 0.042 0.018 0.023 0.024 0.14 0.192 0.005 0.016 0.07
210 Q 0.049 0.058 0.038 0.038 0.009 0.212 0.078 0.035 0.066 0.036 0.068 0.07 0.02 0.024 0.02 0.046 0.036 0.007 0.041 0.05
211 L 0.046 0.03 0.094 0.032 0.013 0.034 0.031 0.033 0.017 0.096 0.222 0.035 0.041 0.04 0.016 0.051 0.052 0.007 0.037 0.073
212 L 0.048 0.026 0.017 0.018 0.015 0.022 0.023 0.024 0.013 0.137 0.183 0.03 0.168 0.043 0.015 0.031 0.037 0.007 0.021 0.123
213 R 0.041 0.399 0.036 0.028 0.007 0.044 0.048 0.03 0.021 0.021 0.043 0.11 0.014 0.016 0.018 0.041 0.032 0.005 0.016 0.028
214 Q 0.051 0.067 0.04 0.043 0.008 0.28 0.094 0.038 0.027 0.024 0.043 0.084 0.019 0.013 0.022 0.051 0.038 0.005 0.019 0.032
215 A 0.181 0.027 0.025 0.025 0.043 0.023 0.031 0.103 0.013 0.066 0.09 0.036 0.072 0.027 0.021 0.069 0.056 0.006 0.017 0.068
216 L 0.044 0.02 0.014 0.015 0.041 0.014 0.018 0.021 0.01 0.158 0.24 0.022 0.045 0.105 0.013 0.025 0.033 0.007 0.029 0.125
217 S 0.191 0.033 0.039 0.038 0.017 0.027 0.043 0.091 0.016 0.031 0.044 0.045 0.015 0.019 0.027 0.196 0.062 0.005 0.016 0.047
218 T 0.071 0.029 0.035 0.031 0.124 0.023 0.033 0.041 0.012 0.046 0.075 0.038 0.018 0.022 0.023 0.114 0.187 0.005 0.015 0.058
219 V 0.071 0.021 0.018 0.019 0.043 0.016 0.024 0.027 0.009 0.14 0.121 0.027 0.026 0.03 0.071 0.045 0.043 0.005 0.018 0.225
220 F 0.032 0.017 0.015 0.016 0.01 0.01 0.017 0.023 0.015 0.073 0.107 0.018 0.024 0.417 0.01 0.023 0.024 0.015 0.078 0.056
221 L 0.047 0.019 0.014 0.015 0.042 0.014 0.018 0.02 0.008 0.193 0.255 0.023 0.037 0.042 0.014 0.025 0.035 0.006 0.019 0.154
222 L 0.041 0.022 0.013 0.014 0.015 0.015 0.018 0.02 0.009 0.118 0.413 0.023 0.045 0.05 0.013 0.022 0.031 0.006 0.02 0.092
223 F 0.034 0.022 0.017 0.016 0.009 0.015 0.022 0.023 0.028 0.05 0.099 0.023 0.021 0.247 0.012 0.026 0.025 0.047 0.216 0.048
224 A 0.266 0.029 0.028 0.03 0.046 0.024 0.037 0.065 0.014 0.043 0.055 0.041 0.016 0.02 0.026 0.117 0.051 0.005 0.016 0.071
225 L 0.043 0.019 0.013 0.015 0.015 0.014 0.018 0.019 0.009 0.215 0.278 0.023 0.039 0.045 0.013 0.023 0.034 0.006 0.02 0.138
226 S 0.1 0.033 0.043 0.038 0.015 0.027 0.04 0.133 0.016 0.034 0.049 0.044 0.026 0.02 0.025 0.186 0.107 0.005 0.015 0.045
227 F 0.053 0.023 0.018 0.017 0.011 0.016 0.023 0.025 0.027 0.057 0.131 0.025 0.034 0.204 0.013 0.029 0.027 0.018 0.195 0.055
228 F 0.039 0.021 0.018 0.017 0.011 0.014 0.02 0.051 0.017 0.066 0.191 0.023 0.028 0.206 0.012 0.028 0.041 0.04 0.095 0.059
229 L 0.05 0.084 0.026 0.047 0.012 0.024 0.048 0.056 0.014 0.08 0.198 0.043 0.028 0.071 0.016 0.058 0.039 0.007 0.023 0.076
230 R 0.05 0.15 0.058 0.079 0.008 0.057 0.144 0.064 0.042 0.021 0.036 0.096 0.013 0.016 0.021 0.06 0.036 0.005 0.017 0.028
231 K 0.053 0.156 0.058 0.06 0.008 0.041 0.055 0.096 0.019 0.023 0.037 0.197 0.013 0.015 0.022 0.061 0.037 0.005 0.015 0.029
232 K 0.053 0.089 0.108 0.047 0.009 0.066 0.073 0.044 0.022 0.035 0.048 0.166 0.026 0.018 0.022 0.075 0.042 0.005 0.016 0.036
233 R 0.044 0.154 0.031 0.028 0.008 0.036 0.044 0.032 0.023 0.029 0.048 0.14 0.015 0.042 0.018 0.041 0.046 0.101 0.086 0.034
234 L 0.07 0.078 0.023 0.023 0.013 0.025 0.032 0.06 0.013 0.108 0.182 0.089 0.028 0.056 0.018 0.037 0.037 0.006 0.022 0.078
235 K 0.052 0.1 0.031 0.03 0.011 0.036 0.047 0.035 0.017 0.047 0.133 0.185 0.032 0.027 0.037 0.062 0.038 0.006 0.027 0.047
236 F 0.092 0.022 0.026 0.024 0.032 0.016 0.025 0.172 0.014 0.042 0.073 0.028 0.017 0.189 0.017 0.061 0.047 0.009 0.045 0.045
237 L 0.054 0.022 0.021 0.021 0.042 0.017 0.023 0.027 0.013 0.157 0.16 0.027 0.029 0.07 0.016 0.063 0.054 0.008 0.048 0.13
238 L 0.046 0.019 0.014 0.016 0.015 0.014 0.018 0.021 0.009 0.202 0.208 0.023 0.045 0.083 0.013 0.025 0.035 0.007 0.026 0.161
239 F 0.039 0.019 0.018 0.018 0.038 0.012 0.02 0.026 0.015 0.057 0.114 0.02 0.023 0.362 0.012 0.045 0.028 0.014 0.069 0.052
240 F 0.059 0.023 0.022 0.021 0.04 0.017 0.025 0.031 0.015 0.061 0.141 0.027 0.035 0.207 0.015 0.062 0.066 0.011 0.063 0.059
241 L 0.072 0.02 0.016 0.017 0.014 0.014 0.02 0.053 0.01 0.17 0.197 0.024 0.032 0.112 0.014 0.03 0.033 0.007 0.03 0.115
242 L 0.06 0.021 0.014 0.015 0.015 0.015 0.02 0.023 0.01 0.124 0.312 0.024 0.039 0.076 0.014 0.027 0.034 0.007 0.025 0.128
243 A 0.289 0.029 0.028 0.03 0.018 0.024 0.037 0.121 0.014 0.036 0.05 0.041 0.015 0.019 0.026 0.1 0.047 0.005 0.015 0.056
244 I 0.077 0.021 0.022 0.022 0.124 0.017 0.024 0.032 0.01 0.162 0.1 0.028 0.024 0.029 0.018 0.075 0.058 0.005 0.017 0.137
245 I 0.048 0.019 0.019 0.019 0.04 0.014 0.02 0.053 0.011 0.17 0.129 0.024 0.027 0.14 0.014 0.044 0.054 0.008 0.034 0.111
246 S 0.124 0.029 0.034 0.032 0.069 0.023 0.035 0.077 0.015 0.038 0.056 0.038 0.016 0.085 0.022 0.147 0.08 0.006 0.026 0.048
247 H 0.039 0.042 0.049 0.035 0.007 0.035 0.049 0.035 0.408 0.021 0.035 0.042 0.014 0.028 0.018 0.039 0.024 0.007 0.053 0.021
248 L 0.049 0.025 0.021 0.02 0.015 0.019 0.024 0.026 0.011 0.11 0.275 0.029 0.056 0.041 0.017 0.04 0.105 0.006 0.019 0.093
249 T 0.078 0.033 0.042 0.037 0.016 0.026 0.039 0.046 0.014 0.047 0.056 0.043 0.017 0.022 0.025 0.145 0.221 0.005 0.016 0.071
250 A 0.191 0.033 0.038 0.037 0.017 0.027 0.042 0.09 0.016 0.033 0.045 0.045 0.015 0.019 0.027 0.183 0.074 0.005 0.016 0.048
251 L 0.063 0.02 0.014 0.016 0.016 0.014 0.019 0.023 0.009 0.196 0.237 0.024 0.036 0.045 0.014 0.027 0.037 0.006 0.02 0.164
252 P 0.049 0.02 0.016 0.02 0.013 0.015 0.023 0.024 0.01 0.164 0.141 0.027 0.026 0.045 0.178 0.03 0.036 0.005 0.019 0.138
253 I 0.045 0.018 0.014 0.016 0.015 0.013 0.017 0.02 0.009 0.25 0.172 0.022 0.033 0.082 0.013 0.024 0.036 0.007 0.026 0.169
254 L 0.076 0.021 0.016 0.017 0.014 0.015 0.022 0.027 0.016 0.124 0.155 0.025 0.028 0.134 0.015 0.031 0.034 0.011 0.088 0.133
255 P 0.062 0.022 0.019 0.023 0.011 0.016 0.027 0.03 0.012 0.063 0.102 0.031 0.019 0.109 0.288 0.035 0.032 0.006 0.028 0.064
256 L 0.044 0.021 0.014 0.015 0.015 0.015 0.019 0.02 0.009 0.192 0.276 0.024 0.059 0.045 0.014 0.024 0.035 0.006 0.02 0.133
257 F 0.036 0.018 0.015 0.016 0.011 0.011 0.018 0.022 0.015 0.108 0.128 0.019 0.026 0.316 0.011 0.024 0.027 0.013 0.08 0.084
258 I 0.05 0.066 0.022 0.021 0.04 0.022 0.028 0.027 0.017 0.123 0.122 0.052 0.035 0.067 0.016 0.047 0.052 0.009 0.077 0.107
259 I 0.05 0.021 0.017 0.018 0.014 0.027 0.023 0.023 0.011 0.221 0.146 0.026 0.034 0.1 0.014 0.029 0.047 0.007 0.029 0.143
260 L 0.038 0.02 0.015 0.015 0.013 0.013 0.019 0.021 0.015 0.119 0.244 0.022 0.034 0.178 0.012 0.023 0.029 0.011 0.077 0.083
261 L 0.063 0.03 0.019 0.019 0.015 0.022 0.026 0.028 0.013 0.088 0.246 0.046 0.115 0.063 0.016 0.045 0.036 0.007 0.024 0.079
262 G 0.063 0.061 0.037 0.04 0.01 0.043 0.06 0.129 0.042 0.028 0.044 0.085 0.014 0.055 0.021 0.105 0.042 0.009 0.077 0.033
263 G 0.058 0.035 0.12 0.093 0.009 0.031 0.092 0.246 0.019 0.02 0.029 0.06 0.01 0.015 0.02 0.064 0.036 0.005 0.013 0.025
264 N 0.062 0.056 0.145 0.073 0.01 0.036 0.053 0.079 0.021 0.024 0.035 0.139 0.012 0.016 0.023 0.118 0.049 0.005 0.015 0.03
265 K 0.055 0.12 0.056 0.041 0.009 0.045 0.069 0.041 0.019 0.026 0.041 0.242 0.014 0.016 0.024 0.07 0.058 0.005 0.016 0.033
266 K 0.045 0.108 0.029 0.027 0.009 0.031 0.04 0.058 0.021 0.058 0.066 0.135 0.018 0.115 0.018 0.039 0.045 0.01 0.081 0.048
267 L 0.052 0.078 0.048 0.031 0.011 0.062 0.045 0.033 0.018 0.092 0.095 0.094 0.032 0.03 0.048 0.055 0.053 0.006 0.037 0.078
268 K 0.053 0.127 0.056 0.039 0.009 0.051 0.06 0.041 0.02 0.026 0.041 0.255 0.014 0.015 0.024 0.063 0.053 0.005 0.016 0.032
269 L 0.06 0.043 0.094 0.032 0.012 0.024 0.033 0.035 0.017 0.103 0.154 0.076 0.036 0.057 0.017 0.04 0.037 0.007 0.04 0.084
270 L 0.051 0.022 0.036 0.022 0.042 0.017 0.022 0.04 0.011 0.169 0.206 0.027 0.049 0.038 0.015 0.048 0.039 0.006 0.019 0.122
271 I 0.05 0.021 0.017 0.018 0.015 0.016 0.02 0.05 0.009 0.196 0.195 0.025 0.056 0.039 0.015 0.03 0.051 0.006 0.019 0.154
272 L 0.111 0.022 0.016 0.017 0.043 0.016 0.022 0.032 0.01 0.119 0.252 0.027 0.034 0.038 0.017 0.036 0.037 0.006 0.019 0.127
273 L 0.092 0.022 0.022 0.022 0.041 0.017 0.023 0.15 0.011 0.114 0.151 0.028 0.031 0.052 0.017 0.05 0.036 0.006 0.02 0.095
274 L 0.062 0.021 0.021 0.02 0.041 0.015 0.022 0.082 0.011 0.13 0.149 0.026 0.027 0.107 0.015 0.047 0.055 0.007 0.029 0.112
275 I 0.102 0.023 0.023 0.024 0.02 0.018 0.026 0.091 0.012 0.131 0.113 0.03 0.031 0.094 0.018 0.074 0.041 0.007 0.027 0.097
276 L 0.085 0.021 0.016 0.018 0.015 0.015 0.021 0.055 0.011 0.138 0.219 0.025 0.032 0.102 0.015 0.032 0.034 0.007 0.028 0.111
277 L 0.075 0.021 0.017 0.018 0.023 0.015 0.021 0.077 0.011 0.105 0.206 0.025 0.046 0.119 0.015 0.032 0.033 0.008 0.031 0.101
278 F 0.104 0.021 0.018 0.019 0.041 0.015 0.023 0.034 0.012 0.121 0.118 0.026 0.025 0.17 0.016 0.049 0.036 0.009 0.039 0.105
279 S 0.096 0.03 0.036 0.033 0.016 0.024 0.036 0.1 0.014 0.059 0.112 0.039 0.021 0.026 0.022 0.167 0.057 0.005 0.017 0.092
280 L 0.055 0.021 0.017 0.018 0.016 0.015 0.021 0.051 0.009 0.149 0.196 0.025 0.032 0.058 0.015 0.041 0.04 0.006 0.022 0.193
281 L 0.089 0.025 0.024 0.024 0.015 0.019 0.027 0.063 0.013 0.084 0.202 0.031 0.029 0.091 0.018 0.09 0.042 0.007 0.027 0.082
282 F 0.031 0.017 0.016 0.016 0.01 0.01 0.017 0.023 0.016 0.058 0.105 0.017 0.023 0.438 0.01 0.023 0.023 0.016 0.081 0.05
283 S 0.064 0.041 0.102 0.043 0.012 0.041 0.044 0.073 0.02 0.045 0.049 0.075 0.015 0.046 0.049 0.118 0.076 0.006 0.038 0.043
284 L 0.081 0.022 0.019 0.02 0.015 0.016 0.023 0.057 0.011 0.14 0.171 0.027 0.029 0.099 0.016 0.048 0.051 0.007 0.028 0.12
285 L 0.061 0.02 0.015 0.016 0.015 0.014 0.02 0.024 0.01 0.13 0.228 0.023 0.034 0.124 0.014 0.028 0.034 0.008 0.032 0.151
286 L 0.051 0.025 0.017 0.018 0.015 0.017 0.023 0.023 0.009 0.171 0.205 0.041 0.044 0.038 0.015 0.03 0.052 0.006 0.019 0.179
287 G 0.07 0.032 0.059 0.086 0.012 0.025 0.042 0.201 0.016 0.027 0.053 0.055 0.013 0.018 0.076 0.121 0.045 0.004 0.013 0.032
288 F 0.056 0.021 0.017 0.018 0.013 0.027 0.023 0.025 0.014 0.15 0.114 0.025 0.026 0.209 0.013 0.029 0.032 0.011 0.064 0.114
289 L 0.076 0.032 0.034 0.032 0.017 0.024 0.036 0.043 0.014 0.071 0.213 0.039 0.032 0.037 0.022 0.128 0.057 0.006 0.02 0.068
290 S 0.099 0.038 0.051 0.045 0.017 0.031 0.048 0.06 0.018 0.035 0.047 0.051 0.016 0.021 0.029 0.197 0.125 0.005 0.017 0.048
291 I 0.077 0.028 0.034 0.033 0.017 0.023 0.034 0.043 0.014 0.156 0.103 0.038 0.026 0.032 0.022 0.129 0.06 0.005 0.019 0.108
292 I 0.062 0.019 0.015 0.017 0.015 0.014 0.019 0.023 0.009 0.239 0.177 0.024 0.044 0.054 0.014 0.027 0.037 0.006 0.021 0.164
293 L 0.054 0.022 0.019 0.02 0.015 0.016 0.023 0.026 0.01 0.16 0.209 0.027 0.033 0.059 0.016 0.057 0.055 0.006 0.022 0.15
294 A 0.163 0.038 0.056 0.039 0.015 0.041 0.045 0.113 0.017 0.029 0.042 0.062 0.014 0.018 0.025 0.162 0.056 0.005 0.015 0.043
295 L 0.057 0.036 0.035 0.03 0.011 0.039 0.039 0.09 0.102 0.055 0.106 0.054 0.022 0.042 0.019 0.088 0.039 0.009 0.081 0.047
296 G 0.074 0.032 0.174 0.051 0.01 0.025 0.037 0.213 0.02 0.022 0.031 0.042 0.01 0.016 0.074 0.082 0.042 0.004 0.013 0.028
297 L 0.045 0.021 0.014 0.015 0.015 0.014 0.019 0.02 0.009 0.147 0.31 0.023 0.039 0.066 0.013 0.024 0.034 0.007 0.023 0.142
298 L 0.045 0.022 0.017 0.017 0.014 0.015 0.02 0.05 0.011 0.109 0.305 0.024 0.037 0.107 0.014 0.038 0.033 0.008 0.029 0.088
299 G 0.106 0.024 0.037 0.033 0.012 0.02 0.029 0.423 0.013 0.021 0.031 0.035 0.01 0.016 0.02 0.088 0.037 0.005 0.012 0.029
300 A 0.187 0.03 0.025 0.032 0.017 0.038 0.069 0.048 0.014 0.089 0.078 0.041 0.02 0.024 0.023 0.069 0.054 0.005 0.017 0.122
301 A 0.258 0.027 0.022 0.025 0.018 0.022 0.033 0.058 0.013 0.064 0.099 0.037 0.031 0.058 0.023 0.072 0.043 0.006 0.022 0.069
302 T 0.112 0.032 0.038 0.034 0.016 0.025 0.038 0.048 0.014 0.045 0.058 0.042 0.017 0.043 0.025 0.122 0.203 0.006 0.02 0.063
303 Y 0.057 0.025 0.021 0.019 0.01 0.019 0.026 0.027 0.035 0.057 0.07 0.029 0.018 0.139 0.015 0.044 0.03 0.021 0.287 0.051
304 K 0.052 0.098 0.038 0.038 0.008 0.049 0.065 0.04 0.019 0.025 0.04 0.338 0.014 0.014 0.025 0.049 0.036 0.005 0.016 0.03
305 L 0.055 0.022 0.015 0.016 0.013 0.015 0.02 0.024 0.012 0.084 0.257 0.023 0.055 0.19 0.013 0.027 0.03 0.01 0.043 0.077
306 L 0.079 0.036 0.083 0.064 0.012 0.055 0.091 0.039 0.018 0.054 0.168 0.046 0.035 0.028 0.019 0.058 0.039 0.005 0.017 0.054
307 Y 0.036 0.022 0.018 0.017 0.009 0.016 0.022 0.023 0.031 0.053 0.081 0.024 0.02 0.232 0.013 0.027 0.026 0.021 0.248 0.061
308 Y 0.037 0.026 0.02 0.017 0.009 0.02 0.026 0.023 0.043 0.04 0.063 0.029 0.017 0.12 0.014 0.029 0.026 0.026 0.374 0.043
309 N 0.083 0.037 0.088 0.071 0.012 0.066 0.067 0.057 0.019 0.042 0.088 0.048 0.019 0.043 0.021 0.076 0.084 0.006 0.02 0.053
310 D 0.084 0.061 0.061 0.146 0.011 0.081 0.064 0.045 0.019 0.029 0.043 0.069 0.015 0.038 0.022 0.08 0.069 0.005 0.019 0.037
311 T 0.056 0.032 0.068 0.076 0.014 0.024 0.038 0.036 0.014 0.104 0.082 0.052 0.031 0.026 0.02 0.061 0.133 0.005 0.017 0.112
312 T 0.097 0.033 0.038 0.083 0.014 0.035 0.084 0.071 0.015 0.042 0.068 0.045 0.017 0.02 0.05 0.096 0.112 0.005 0.015 0.061
313 L 0.06 0.03 0.059 0.085 0.013 0.023 0.038 0.063 0.014 0.108 0.144 0.05 0.024 0.029 0.019 0.076 0.069 0.005 0.016 0.074
314 G 0.078 0.023 0.039 0.034 0.011 0.019 0.026 0.509 0.014 0.019 0.028 0.034 0.009 0.016 0.019 0.051 0.03 0.005 0.011 0.024
315 V 0.07 0.022 0.017 0.018 0.019 0.017 0.023 0.025 0.008 0.165 0.131 0.026 0.032 0.036 0.017 0.033 0.05 0.006 0.021 0.267
316 S 0.11 0.04 0.054 0.049 0.018 0.033 0.053 0.066 0.019 0.03 0.042 0.054 0.016 0.021 0.03 0.218 0.082 0.005 0.018 0.042
317 S 0.077 0.09 0.04 0.082 0.012 0.031 0.077 0.097 0.017 0.032 0.063 0.054 0.015 0.041 0.022 0.114 0.073 0.005 0.018 0.04
318 N 0.043 0.045 0.319 0.083 0.009 0.034 0.049 0.065 0.031 0.022 0.031 0.054 0.011 0.018 0.02 0.07 0.049 0.004 0.016 0.027
319 G 0.073 0.029 0.04 0.056 0.012 0.035 0.037 0.285 0.014 0.041 0.042 0.039 0.013 0.018 0.021 0.102 0.083 0.005 0.013 0.04
320 L 0.057 0.025 0.058 0.026 0.013 0.019 0.027 0.032 0.017 0.085 0.129 0.03 0.031 0.126 0.016 0.053 0.072 0.01 0.069 0.104
