#Seq2Logo.py -f /work3/idamei/ssn-clusterings/clustering/2205111239/clusters/0013_32/sequences.afa -o /work3/idamei/ssn-clusterings/clustering/2205111239/clusters/0013_32/sequences.logo
#Position Specific Frequency Matrix
A R N D C Q E G H I L K M F P S T W Y V
0 M 0.05 0.031 0.019 0.019 0.015 0.027 0.027 0.027 0.015 0.097 0.189 0.035 0.193 0.046 0.015 0.035 0.039 0.008 0.023 0.089
1 I 0.05 0.079 0.064 0.032 0.013 0.027 0.035 0.033 0.015 0.169 0.104 0.084 0.025 0.03 0.018 0.05 0.041 0.005 0.018 0.105
2 L 0.052 0.032 0.02 0.02 0.016 0.028 0.028 0.028 0.016 0.101 0.197 0.036 0.158 0.048 0.016 0.036 0.04 0.008 0.024 0.093
3 K 0.057 0.107 0.042 0.042 0.009 0.054 0.071 0.043 0.021 0.028 0.043 0.276 0.016 0.016 0.028 0.054 0.04 0.005 0.017 0.033
4 L 0.043 0.035 0.07 0.03 0.011 0.023 0.031 0.031 0.022 0.112 0.128 0.064 0.025 0.101 0.016 0.036 0.035 0.012 0.098 0.079
5 Y 0.039 0.032 0.089 0.034 0.009 0.024 0.034 0.035 0.1 0.051 0.067 0.035 0.018 0.137 0.016 0.039 0.031 0.015 0.15 0.045
6 L 0.048 0.022 0.025 0.053 0.012 0.016 0.027 0.149 0.014 0.065 0.175 0.026 0.028 0.155 0.015 0.033 0.029 0.01 0.04 0.058
7 L 0.065 0.026 0.027 0.027 0.016 0.02 0.03 0.036 0.013 0.138 0.175 0.033 0.032 0.068 0.019 0.094 0.05 0.007 0.025 0.1
8 N 0.042 0.041 0.257 0.162 0.009 0.033 0.06 0.06 0.028 0.022 0.031 0.051 0.011 0.017 0.021 0.065 0.046 0.004 0.015 0.026
9 G 0.089 0.031 0.043 0.039 0.015 0.025 0.038 0.228 0.016 0.036 0.079 0.042 0.017 0.023 0.024 0.135 0.056 0.005 0.015 0.042
10 R 0.046 0.221 0.093 0.055 0.008 0.049 0.115 0.039 0.025 0.022 0.041 0.095 0.014 0.017 0.021 0.051 0.037 0.005 0.017 0.03
11 D 0.057 0.049 0.103 0.12 0.01 0.034 0.057 0.048 0.027 0.029 0.042 0.095 0.014 0.039 0.023 0.088 0.046 0.009 0.079 0.034
12 L 0.044 0.029 0.025 0.024 0.011 0.023 0.031 0.03 0.084 0.066 0.13 0.033 0.053 0.04 0.112 0.033 0.031 0.106 0.036 0.057
13 L 0.045 0.02 0.015 0.016 0.015 0.014 0.019 0.022 0.011 0.164 0.211 0.023 0.036 0.135 0.013 0.025 0.035 0.009 0.037 0.137
14 G 0.063 0.047 0.105 0.044 0.011 0.03 0.042 0.209 0.019 0.032 0.074 0.099 0.016 0.02 0.021 0.073 0.041 0.005 0.015 0.035
15 F 0.046 0.027 0.058 0.027 0.012 0.02 0.028 0.032 0.026 0.079 0.117 0.031 0.024 0.148 0.016 0.056 0.036 0.015 0.142 0.063
16 T 0.073 0.036 0.043 0.038 0.018 0.028 0.039 0.043 0.014 0.053 0.065 0.045 0.02 0.024 0.028 0.093 0.246 0.006 0.018 0.071
17 F 0.074 0.021 0.017 0.019 0.014 0.015 0.023 0.03 0.012 0.124 0.141 0.026 0.028 0.16 0.07 0.033 0.035 0.009 0.041 0.109
18 F 0.047 0.02 0.018 0.018 0.067 0.014 0.02 0.08 0.012 0.117 0.148 0.023 0.045 0.161 0.014 0.03 0.032 0.009 0.04 0.084
19 V 0.064 0.023 0.02 0.021 0.017 0.017 0.024 0.027 0.01 0.171 0.158 0.028 0.032 0.037 0.017 0.056 0.047 0.006 0.02 0.207
20 F 0.048 0.021 0.022 0.022 0.012 0.015 0.023 0.083 0.014 0.062 0.089 0.026 0.021 0.238 0.069 0.037 0.056 0.011 0.054 0.076
21 L 0.045 0.021 0.015 0.017 0.015 0.015 0.02 0.022 0.011 0.166 0.202 0.024 0.053 0.126 0.013 0.026 0.035 0.008 0.035 0.132
22 F 0.056 0.023 0.023 0.023 0.068 0.016 0.025 0.032 0.013 0.11 0.133 0.028 0.026 0.159 0.016 0.076 0.042 0.009 0.04 0.081
23 L 0.044 0.021 0.015 0.016 0.015 0.014 0.019 0.022 0.011 0.126 0.278 0.023 0.039 0.129 0.013 0.025 0.033 0.009 0.035 0.115
24 F 0.045 0.022 0.02 0.02 0.013 0.015 0.023 0.028 0.015 0.093 0.149 0.025 0.046 0.246 0.014 0.05 0.034 0.012 0.056 0.073
25 I 0.046 0.018 0.015 0.017 0.015 0.013 0.018 0.021 0.01 0.227 0.145 0.022 0.032 0.123 0.013 0.025 0.036 0.008 0.034 0.162
26 Y 0.045 0.031 0.032 0.026 0.011 0.025 0.034 0.031 0.109 0.042 0.064 0.035 0.018 0.113 0.018 0.045 0.082 0.017 0.178 0.046
27 L 0.049 0.02 0.014 0.016 0.016 0.014 0.019 0.021 0.009 0.205 0.233 0.024 0.038 0.044 0.014 0.026 0.038 0.006 0.02 0.172
28 F 0.039 0.021 0.016 0.016 0.012 0.013 0.02 0.023 0.017 0.081 0.171 0.022 0.03 0.258 0.012 0.026 0.029 0.014 0.093 0.088
29 N 0.038 0.035 0.234 0.059 0.009 0.025 0.038 0.05 0.026 0.035 0.057 0.041 0.015 0.148 0.016 0.053 0.04 0.008 0.039 0.035
30 L 0.046 0.022 0.014 0.015 0.016 0.015 0.019 0.021 0.009 0.158 0.316 0.024 0.043 0.048 0.014 0.024 0.035 0.006 0.021 0.132
31 K 0.055 0.103 0.04 0.04 0.008 0.051 0.068 0.042 0.02 0.027 0.042 0.306 0.015 0.015 0.027 0.051 0.038 0.005 0.017 0.032
32 I 0.052 0.022 0.018 0.019 0.016 0.017 0.022 0.025 0.011 0.17 0.166 0.027 0.05 0.081 0.016 0.034 0.064 0.007 0.027 0.156
33 N 0.08 0.033 0.165 0.048 0.013 0.025 0.037 0.049 0.02 0.062 0.067 0.04 0.018 0.066 0.019 0.059 0.07 0.006 0.024 0.098
34 F 0.034 0.02 0.016 0.016 0.011 0.012 0.019 0.024 0.018 0.065 0.138 0.02 0.026 0.347 0.011 0.025 0.025 0.016 0.1 0.057
35 P 0.044 0.021 0.019 0.022 0.011 0.015 0.025 0.029 0.014 0.071 0.082 0.028 0.019 0.193 0.234 0.032 0.031 0.009 0.046 0.056
36 P 0.06 0.026 0.026 0.032 0.011 0.021 0.037 0.038 0.013 0.025 0.035 0.041 0.01 0.013 0.459 0.065 0.04 0.003 0.013 0.031
37 Y 0.042 0.025 0.019 0.017 0.011 0.019 0.025 0.024 0.034 0.065 0.114 0.028 0.023 0.139 0.014 0.029 0.03 0.021 0.243 0.079
38 Y 0.05 0.031 0.096 0.038 0.01 0.024 0.036 0.039 0.031 0.032 0.048 0.039 0.014 0.065 0.128 0.065 0.039 0.014 0.161 0.037
39 L 0.054 0.026 0.022 0.021 0.016 0.02 0.025 0.028 0.012 0.114 0.272 0.031 0.056 0.044 0.017 0.057 0.066 0.006 0.02 0.092
40 L 0.045 0.02 0.014 0.016 0.015 0.014 0.019 0.021 0.01 0.194 0.231 0.023 0.038 0.086 0.014 0.025 0.036 0.007 0.028 0.145
41 L 0.074 0.024 0.016 0.017 0.015 0.017 0.023 0.028 0.015 0.095 0.262 0.026 0.036 0.095 0.015 0.032 0.034 0.01 0.064 0.103
42 P 0.046 0.021 0.018 0.022 0.012 0.016 0.025 0.028 0.012 0.103 0.12 0.029 0.023 0.112 0.235 0.032 0.033 0.007 0.031 0.073
43 L 0.054 0.027 0.026 0.024 0.014 0.02 0.028 0.031 0.02 0.089 0.152 0.032 0.027 0.097 0.018 0.065 0.09 0.012 0.099 0.075
44 G 0.152 0.026 0.027 0.027 0.017 0.021 0.031 0.157 0.013 0.084 0.106 0.035 0.022 0.027 0.022 0.075 0.044 0.005 0.017 0.094
45 L 0.049 0.021 0.021 0.021 0.012 0.015 0.022 0.136 0.012 0.094 0.171 0.026 0.027 0.128 0.069 0.032 0.031 0.008 0.034 0.071
46 F 0.077 0.022 0.02 0.021 0.014 0.016 0.024 0.033 0.014 0.115 0.148 0.027 0.028 0.192 0.016 0.056 0.037 0.01 0.047 0.084
47 G 0.079 0.024 0.039 0.034 0.011 0.02 0.027 0.477 0.014 0.019 0.029 0.035 0.01 0.016 0.019 0.072 0.034 0.005 0.011 0.025
48 F 0.045 0.021 0.02 0.019 0.012 0.014 0.02 0.135 0.013 0.068 0.188 0.023 0.029 0.203 0.013 0.03 0.028 0.011 0.047 0.06
49 L 0.043 0.021 0.015 0.016 0.028 0.014 0.019 0.022 0.011 0.12 0.245 0.022 0.036 0.158 0.013 0.025 0.032 0.009 0.04 0.111
50 L 0.04 0.02 0.015 0.016 0.013 0.013 0.019 0.022 0.015 0.149 0.187 0.022 0.033 0.177 0.013 0.025 0.031 0.012 0.078 0.1
51 F 0.034 0.018 0.016 0.016 0.011 0.011 0.018 0.024 0.015 0.091 0.117 0.019 0.026 0.362 0.011 0.024 0.026 0.015 0.078 0.068
52 L 0.04 0.022 0.016 0.016 0.013 0.014 0.02 0.023 0.017 0.097 0.225 0.023 0.034 0.194 0.013 0.025 0.03 0.013 0.085 0.083
53 L 0.046 0.049 0.024 0.025 0.012 0.052 0.042 0.029 0.015 0.073 0.228 0.101 0.033 0.083 0.018 0.034 0.034 0.007 0.028 0.065
54 N 0.047 0.051 0.144 0.14 0.063 0.037 0.088 0.047 0.022 0.025 0.036 0.105 0.012 0.016 0.022 0.055 0.04 0.004 0.014 0.03
55 F 0.034 0.019 0.017 0.017 0.011 0.011 0.019 0.025 0.017 0.064 0.114 0.019 0.025 0.385 0.011 0.025 0.025 0.017 0.089 0.055
56 Y 0.041 0.028 0.022 0.019 0.009 0.022 0.028 0.025 0.047 0.044 0.069 0.031 0.019 0.131 0.016 0.031 0.028 0.028 0.316 0.047
57 L 0.06 0.024 0.019 0.02 0.017 0.017 0.024 0.027 0.01 0.142 0.222 0.028 0.036 0.04 0.016 0.055 0.045 0.006 0.02 0.172
58 L 0.06 0.027 0.065 0.032 0.015 0.02 0.03 0.037 0.015 0.13 0.135 0.034 0.027 0.08 0.018 0.086 0.048 0.007 0.027 0.107
59 K 0.053 0.089 0.107 0.048 0.009 0.044 0.06 0.046 0.022 0.028 0.041 0.215 0.014 0.016 0.025 0.059 0.066 0.005 0.016 0.034
60 F 0.049 0.039 0.129 0.086 0.01 0.023 0.04 0.099 0.021 0.035 0.058 0.039 0.016 0.148 0.017 0.069 0.039 0.008 0.038 0.036
61 G 0.056 0.04 0.148 0.049 0.01 0.027 0.038 0.229 0.02 0.032 0.076 0.073 0.015 0.021 0.019 0.053 0.037 0.005 0.014 0.034
62 I 0.047 0.018 0.015 0.018 0.016 0.013 0.018 0.021 0.009 0.271 0.168 0.024 0.037 0.044 0.015 0.025 0.04 0.006 0.021 0.177
63 L 0.045 0.024 0.014 0.015 0.016 0.016 0.02 0.021 0.01 0.115 0.375 0.025 0.05 0.055 0.014 0.024 0.033 0.007 0.022 0.096
64 L 0.045 0.065 0.017 0.017 0.014 0.019 0.023 0.023 0.012 0.123 0.254 0.035 0.037 0.089 0.014 0.027 0.034 0.008 0.029 0.115
65 K 0.057 0.107 0.041 0.041 0.009 0.053 0.07 0.043 0.021 0.027 0.043 0.282 0.015 0.015 0.027 0.053 0.04 0.005 0.017 0.033
66 P 0.048 0.057 0.098 0.081 0.011 0.025 0.048 0.037 0.017 0.078 0.098 0.045 0.02 0.024 0.128 0.044 0.039 0.005 0.016 0.08
67 K 0.048 0.134 0.138 0.05 0.008 0.041 0.054 0.046 0.023 0.024 0.038 0.149 0.013 0.016 0.076 0.054 0.04 0.005 0.016 0.029
68 K 0.053 0.095 0.043 0.082 0.008 0.049 0.07 0.042 0.02 0.026 0.04 0.277 0.014 0.015 0.026 0.051 0.038 0.005 0.016 0.031
69 F 0.038 0.025 0.022 0.019 0.01 0.018 0.026 0.025 0.069 0.075 0.088 0.027 0.022 0.201 0.014 0.029 0.027 0.019 0.19 0.059
70 L 0.047 0.024 0.02 0.02 0.013 0.017 0.024 0.027 0.02 0.096 0.195 0.027 0.031 0.144 0.015 0.05 0.035 0.013 0.107 0.076
71 F 0.046 0.025 0.056 0.026 0.013 0.018 0.026 0.029 0.021 0.094 0.126 0.029 0.025 0.138 0.016 0.038 0.06 0.013 0.106 0.094
72 S 0.087 0.041 0.144 0.06 0.015 0.033 0.051 0.065 0.023 0.027 0.038 0.053 0.014 0.02 0.026 0.175 0.07 0.005 0.017 0.037
73 F 0.046 0.03 0.059 0.029 0.01 0.043 0.034 0.086 0.024 0.054 0.077 0.035 0.02 0.174 0.015 0.037 0.032 0.014 0.112 0.07
74 L 0.047 0.022 0.019 0.019 0.014 0.015 0.022 0.026 0.013 0.127 0.21 0.025 0.034 0.166 0.014 0.049 0.036 0.01 0.042 0.091
75 F 0.044 0.019 0.015 0.016 0.014 0.012 0.019 0.023 0.012 0.14 0.149 0.021 0.03 0.215 0.013 0.026 0.033 0.011 0.051 0.136
76 G 0.078 0.023 0.039 0.034 0.011 0.019 0.026 0.51 0.014 0.019 0.028 0.034 0.009 0.016 0.019 0.051 0.03 0.005 0.011 0.024
77 L 0.041 0.02 0.014 0.016 0.014 0.013 0.018 0.021 0.011 0.163 0.256 0.022 0.038 0.129 0.013 0.024 0.032 0.009 0.035 0.109
78 I 0.054 0.021 0.018 0.02 0.016 0.016 0.022 0.025 0.01 0.232 0.17 0.026 0.034 0.04 0.016 0.05 0.043 0.006 0.02 0.161
79 L 0.048 0.023 0.019 0.019 0.015 0.016 0.022 0.026 0.012 0.132 0.242 0.026 0.036 0.126 0.015 0.049 0.037 0.008 0.035 0.095
80 L 0.077 0.021 0.018 0.019 0.015 0.015 0.021 0.083 0.011 0.166 0.189 0.026 0.032 0.081 0.016 0.033 0.035 0.007 0.026 0.11
81 L 0.057 0.032 0.027 0.026 0.014 0.045 0.036 0.034 0.016 0.07 0.193 0.037 0.048 0.12 0.017 0.079 0.042 0.008 0.035 0.065
82 L 0.053 0.023 0.021 0.021 0.015 0.017 0.023 0.069 0.012 0.129 0.234 0.028 0.035 0.083 0.016 0.053 0.044 0.007 0.027 0.093
83 L 0.065 0.023 0.017 0.018 0.014 0.017 0.022 0.028 0.013 0.108 0.194 0.026 0.068 0.166 0.014 0.031 0.033 0.01 0.043 0.091
84 F 0.04 0.019 0.015 0.016 0.012 0.013 0.019 0.024 0.012 0.144 0.116 0.021 0.027 0.168 0.011 0.025 0.031 0.122 0.052 0.114
85 L 0.067 0.026 0.025 0.024 0.068 0.019 0.027 0.089 0.016 0.058 0.166 0.031 0.026 0.046 0.017 0.074 0.04 0.064 0.059 0.057
86 L 0.115 0.025 0.024 0.025 0.016 0.019 0.028 0.096 0.013 0.089 0.174 0.032 0.028 0.076 0.019 0.071 0.042 0.007 0.025 0.076
87 I 0.048 0.019 0.015 0.017 0.015 0.013 0.019 0.021 0.01 0.218 0.174 0.023 0.034 0.093 0.014 0.025 0.037 0.007 0.029 0.17
88 S 0.106 0.039 0.052 0.047 0.017 0.032 0.05 0.064 0.018 0.029 0.04 0.052 0.015 0.02 0.029 0.25 0.079 0.005 0.017 0.04
89 F 0.045 0.025 0.021 0.02 0.012 0.018 0.025 0.029 0.023 0.062 0.132 0.027 0.043 0.216 0.014 0.052 0.034 0.016 0.128 0.058
90 L 0.046 0.022 0.015 0.016 0.016 0.016 0.02 0.021 0.01 0.16 0.294 0.025 0.059 0.048 0.014 0.025 0.036 0.007 0.021 0.128
91 I 0.048 0.021 0.016 0.017 0.015 0.016 0.021 0.023 0.015 0.167 0.157 0.025 0.049 0.094 0.014 0.028 0.037 0.01 0.073 0.152
92 N 0.041 0.043 0.343 0.08 0.009 0.032 0.047 0.063 0.03 0.022 0.03 0.052 0.011 0.017 0.019 0.067 0.047 0.004 0.015 0.026
93 Q 0.061 0.051 0.037 0.038 0.011 0.146 0.068 0.093 0.022 0.059 0.071 0.065 0.039 0.021 0.021 0.07 0.043 0.006 0.019 0.058
94 V 0.054 0.036 0.065 0.081 0.012 0.028 0.07 0.089 0.015 0.114 0.082 0.067 0.021 0.026 0.019 0.042 0.039 0.005 0.016 0.119
95 G 0.08 0.028 0.036 0.032 0.014 0.023 0.033 0.206 0.017 0.055 0.058 0.037 0.017 0.033 0.021 0.11 0.049 0.008 0.052 0.092
96 D 0.047 0.03 0.065 0.379 0.008 0.029 0.084 0.047 0.018 0.022 0.028 0.044 0.01 0.015 0.022 0.072 0.039 0.004 0.011 0.025
97 F 0.035 0.021 0.017 0.016 0.011 0.013 0.02 0.024 0.022 0.062 0.132 0.022 0.026 0.307 0.012 0.026 0.026 0.018 0.136 0.056
98 F 0.036 0.023 0.024 0.062 0.009 0.017 0.03 0.026 0.029 0.048 0.081 0.026 0.02 0.24 0.014 0.03 0.027 0.02 0.192 0.046
99 F 0.035 0.022 0.018 0.017 0.01 0.015 0.022 0.024 0.028 0.053 0.091 0.023 0.022 0.292 0.012 0.027 0.025 0.021 0.193 0.05
100 L 0.048 0.02 0.015 0.016 0.015 0.014 0.02 0.023 0.011 0.131 0.185 0.022 0.033 0.165 0.013 0.027 0.035 0.009 0.042 0.156
101 K 0.052 0.123 0.037 0.036 0.009 0.047 0.06 0.038 0.019 0.056 0.055 0.253 0.017 0.018 0.024 0.047 0.038 0.005 0.017 0.047
102 E 0.053 0.05 0.039 0.082 0.007 0.082 0.299 0.034 0.025 0.022 0.036 0.074 0.013 0.016 0.025 0.053 0.036 0.005 0.016 0.031
103 I 0.05 0.021 0.051 0.024 0.015 0.016 0.022 0.025 0.011 0.237 0.139 0.026 0.032 0.038 0.015 0.031 0.041 0.005 0.019 0.182
104 I 0.045 0.019 0.015 0.017 0.068 0.014 0.018 0.022 0.013 0.195 0.161 0.023 0.031 0.091 0.014 0.026 0.034 0.009 0.062 0.122
105 L 0.051 0.022 0.014 0.016 0.017 0.015 0.02 0.021 0.009 0.153 0.275 0.024 0.04 0.045 0.014 0.026 0.038 0.006 0.021 0.171
106 Y 0.043 0.025 0.02 0.019 0.012 0.018 0.024 0.025 0.026 0.089 0.155 0.028 0.027 0.12 0.015 0.034 0.057 0.017 0.171 0.073
107 S 0.116 0.039 0.08 0.053 0.015 0.035 0.079 0.062 0.02 0.028 0.041 0.053 0.015 0.019 0.027 0.189 0.067 0.005 0.017 0.04
108 L 0.045 0.02 0.014 0.016 0.015 0.014 0.019 0.021 0.01 0.194 0.231 0.023 0.038 0.086 0.014 0.025 0.036 0.007 0.028 0.145
109 F 0.048 0.021 0.018 0.019 0.015 0.014 0.021 0.025 0.012 0.14 0.152 0.024 0.03 0.162 0.015 0.033 0.061 0.009 0.042 0.139
110 F 0.067 0.03 0.033 0.03 0.013 0.023 0.035 0.041 0.023 0.046 0.093 0.036 0.021 0.144 0.02 0.126 0.05 0.013 0.107 0.049
111 F 0.039 0.021 0.017 0.017 0.011 0.014 0.021 0.024 0.021 0.073 0.134 0.022 0.026 0.266 0.012 0.026 0.028 0.016 0.128 0.083
112 F 0.032 0.018 0.016 0.016 0.01 0.01 0.018 0.024 0.016 0.061 0.11 0.018 0.024 0.41 0.01 0.024 0.024 0.016 0.085 0.053
113 S 0.122 0.036 0.046 0.042 0.016 0.03 0.047 0.061 0.021 0.031 0.045 0.049 0.016 0.032 0.027 0.207 0.07 0.007 0.053 0.044
114 A 0.264 0.029 0.026 0.029 0.02 0.024 0.038 0.068 0.014 0.069 0.067 0.042 0.019 0.023 0.027 0.094 0.05 0.005 0.017 0.075
115 L 0.039 0.022 0.016 0.016 0.012 0.015 0.02 0.022 0.02 0.1 0.202 0.023 0.032 0.187 0.013 0.025 0.029 0.014 0.114 0.077
116 F 0.073 0.022 0.021 0.021 0.013 0.015 0.024 0.034 0.016 0.061 0.128 0.025 0.025 0.284 0.015 0.056 0.034 0.013 0.063 0.057
117 I 0.05 0.019 0.014 0.017 0.016 0.014 0.018 0.021 0.008 0.247 0.18 0.023 0.036 0.042 0.014 0.026 0.04 0.006 0.02 0.19
118 K 0.057 0.061 0.066 0.036 0.012 0.034 0.047 0.038 0.016 0.088 0.075 0.155 0.021 0.023 0.022 0.05 0.068 0.005 0.018 0.109
119 Y 0.053 0.081 0.065 0.033 0.011 0.03 0.041 0.037 0.026 0.048 0.063 0.096 0.018 0.09 0.019 0.064 0.04 0.012 0.106 0.067
120 L 0.075 0.022 0.016 0.018 0.015 0.016 0.022 0.028 0.014 0.158 0.182 0.026 0.032 0.092 0.015 0.032 0.036 0.009 0.063 0.128
121 F 0.044 0.022 0.019 0.019 0.013 0.015 0.022 0.025 0.017 0.101 0.139 0.024 0.028 0.213 0.014 0.033 0.058 0.013 0.085 0.098
122 K 0.047 0.082 0.032 0.076 0.064 0.033 0.075 0.033 0.02 0.042 0.092 0.104 0.019 0.076 0.019 0.041 0.033 0.009 0.06 0.043
123 K 0.057 0.107 0.041 0.041 0.009 0.053 0.07 0.043 0.021 0.027 0.043 0.282 0.015 0.015 0.027 0.053 0.04 0.005 0.017 0.033
124 K 0.052 0.046 0.069 0.035 0.011 0.028 0.039 0.098 0.021 0.062 0.075 0.101 0.019 0.083 0.02 0.048 0.064 0.009 0.066 0.054
125 I 0.047 0.018 0.015 0.018 0.016 0.013 0.018 0.021 0.009 0.271 0.168 0.024 0.037 0.044 0.015 0.025 0.04 0.006 0.021 0.177
126 K 0.05 0.049 0.027 0.027 0.012 0.027 0.038 0.032 0.015 0.105 0.115 0.119 0.025 0.113 0.019 0.047 0.062 0.008 0.033 0.076
127 G 0.052 0.042 0.159 0.136 0.009 0.03 0.053 0.187 0.021 0.021 0.03 0.076 0.01 0.016 0.02 0.056 0.038 0.004 0.013 0.025
128 I 0.055 0.032 0.031 0.077 0.012 0.049 0.074 0.034 0.016 0.104 0.082 0.043 0.021 0.067 0.074 0.061 0.041 0.006 0.025 0.094
129 N 0.043 0.088 0.172 0.116 0.008 0.039 0.093 0.048 0.076 0.022 0.034 0.062 0.012 0.019 0.02 0.056 0.039 0.005 0.021 0.026
130 Y 0.039 0.029 0.072 0.084 0.009 0.022 0.038 0.033 0.035 0.039 0.062 0.034 0.017 0.135 0.016 0.038 0.031 0.019 0.209 0.041
131 D 0.046 0.081 0.129 0.153 0.01 0.03 0.055 0.045 0.02 0.039 0.088 0.054 0.017 0.022 0.02 0.056 0.071 0.005 0.015 0.042
132 F 0.039 0.023 0.018 0.017 0.011 0.016 0.022 0.024 0.023 0.094 0.117 0.025 0.047 0.223 0.013 0.028 0.029 0.017 0.14 0.073
133 D 0.046 0.048 0.116 0.19 0.008 0.043 0.148 0.045 0.023 0.022 0.032 0.091 0.011 0.016 0.023 0.055 0.038 0.004 0.014 0.027
134 N 0.045 0.079 0.139 0.089 0.009 0.031 0.048 0.044 0.025 0.032 0.049 0.079 0.015 0.073 0.02 0.054 0.064 0.008 0.06 0.037
135 L 0.052 0.02 0.015 0.016 0.017 0.015 0.02 0.021 0.009 0.189 0.229 0.024 0.038 0.043 0.015 0.026 0.039 0.006 0.02 0.186
136 L 0.056 0.022 0.021 0.021 0.07 0.016 0.023 0.027 0.01 0.137 0.141 0.027 0.029 0.076 0.017 0.042 0.09 0.007 0.026 0.141
137 F 0.047 0.047 0.027 0.027 0.011 0.049 0.042 0.031 0.02 0.056 0.134 0.095 0.025 0.134 0.018 0.041 0.059 0.011 0.072 0.055
138 F 0.042 0.025 0.054 0.024 0.012 0.018 0.025 0.029 0.02 0.073 0.115 0.028 0.06 0.212 0.014 0.033 0.033 0.013 0.085 0.084
139 F 0.06 0.023 0.022 0.023 0.014 0.016 0.025 0.032 0.013 0.139 0.144 0.028 0.029 0.161 0.016 0.07 0.041 0.009 0.041 0.094
140 L 0.072 0.026 0.03 0.028 0.015 0.02 0.031 0.092 0.013 0.099 0.119 0.034 0.025 0.072 0.019 0.104 0.051 0.007 0.025 0.117
141 L 0.046 0.028 0.021 0.022 0.014 0.041 0.03 0.026 0.016 0.144 0.174 0.033 0.031 0.09 0.016 0.035 0.061 0.009 0.063 0.099
142 A 0.183 0.028 0.027 0.028 0.019 0.023 0.035 0.053 0.012 0.08 0.079 0.038 0.021 0.025 0.024 0.085 0.077 0.005 0.018 0.14
143 V 0.058 0.021 0.015 0.017 0.017 0.015 0.021 0.024 0.009 0.154 0.152 0.024 0.031 0.04 0.014 0.029 0.042 0.062 0.025 0.23
144 V 0.139 0.027 0.029 0.028 0.018 0.022 0.033 0.102 0.012 0.085 0.078 0.036 0.021 0.026 0.022 0.095 0.052 0.005 0.017 0.152
145 F 0.049 0.022 0.022 0.021 0.013 0.016 0.022 0.082 0.014 0.096 0.112 0.026 0.043 0.2 0.015 0.036 0.058 0.011 0.048 0.095
146 Q 0.052 0.068 0.076 0.049 0.008 0.221 0.093 0.042 0.028 0.025 0.044 0.084 0.019 0.014 0.022 0.055 0.04 0.006 0.019 0.033
147 L 0.043 0.023 0.014 0.015 0.016 0.015 0.019 0.02 0.01 0.132 0.373 0.024 0.046 0.051 0.014 0.023 0.033 0.007 0.021 0.101
148 L 0.044 0.02 0.015 0.016 0.015 0.013 0.019 0.021 0.011 0.168 0.225 0.023 0.036 0.127 0.013 0.025 0.034 0.008 0.035 0.132
149 L 0.04 0.021 0.015 0.015 0.014 0.013 0.019 0.022 0.012 0.115 0.276 0.022 0.039 0.171 0.013 0.024 0.03 0.01 0.043 0.088
150 S 0.106 0.039 0.052 0.047 0.017 0.032 0.05 0.064 0.018 0.029 0.04 0.052 0.015 0.02 0.029 0.25 0.079 0.005 0.017 0.04
151 F 0.04 0.021 0.018 0.018 0.013 0.013 0.021 0.025 0.014 0.097 0.175 0.023 0.03 0.247 0.013 0.031 0.056 0.012 0.056 0.076
152 I 0.049 0.019 0.014 0.017 0.016 0.014 0.019 0.021 0.009 0.23 0.207 0.024 0.037 0.043 0.014 0.025 0.039 0.006 0.02 0.177
153 A 0.204 0.026 0.023 0.025 0.072 0.02 0.031 0.109 0.012 0.06 0.1 0.035 0.021 0.025 0.023 0.061 0.043 0.005 0.016 0.089
154 Y 0.039 0.03 0.092 0.032 0.009 0.022 0.031 0.033 0.038 0.04 0.063 0.034 0.017 0.133 0.015 0.038 0.031 0.021 0.242 0.042
155 L 0.047 0.022 0.016 0.017 0.015 0.017 0.021 0.023 0.011 0.17 0.211 0.026 0.071 0.086 0.014 0.027 0.036 0.008 0.028 0.136
156 N 0.068 0.035 0.138 0.048 0.014 0.027 0.04 0.05 0.023 0.06 0.06 0.043 0.018 0.034 0.021 0.116 0.055 0.007 0.053 0.09
157 P 0.089 0.027 0.026 0.032 0.012 0.022 0.037 0.043 0.013 0.027 0.038 0.041 0.011 0.014 0.405 0.07 0.041 0.003 0.013 0.035
158 S 0.083 0.033 0.046 0.081 0.015 0.027 0.046 0.104 0.015 0.046 0.052 0.044 0.016 0.021 0.025 0.145 0.108 0.005 0.016 0.071
159 F 0.039 0.019 0.015 0.016 0.013 0.012 0.018 0.022 0.012 0.146 0.198 0.021 0.034 0.209 0.012 0.024 0.031 0.011 0.049 0.099
160 F 0.034 0.019 0.016 0.016 0.011 0.011 0.018 0.024 0.016 0.067 0.142 0.019 0.027 0.371 0.011 0.024 0.025 0.015 0.078 0.057
161 N 0.048 0.039 0.249 0.152 0.009 0.032 0.057 0.059 0.026 0.022 0.031 0.05 0.011 0.017 0.021 0.084 0.048 0.004 0.014 0.027
162 L 0.085 0.023 0.018 0.019 0.016 0.017 0.023 0.031 0.011 0.138 0.208 0.028 0.034 0.081 0.017 0.038 0.057 0.007 0.027 0.122
163 L 0.048 0.021 0.017 0.018 0.016 0.015 0.02 0.023 0.01 0.17 0.222 0.025 0.036 0.084 0.015 0.03 0.056 0.007 0.027 0.14
164 F 0.035 0.019 0.016 0.016 0.011 0.011 0.018 0.023 0.015 0.093 0.148 0.019 0.028 0.33 0.011 0.024 0.027 0.014 0.071 0.07
165 S 0.113 0.038 0.048 0.085 0.015 0.053 0.056 0.112 0.018 0.028 0.04 0.052 0.014 0.018 0.026 0.165 0.06 0.005 0.016 0.039
166 I 0.044 0.018 0.014 0.017 0.015 0.013 0.017 0.02 0.009 0.252 0.182 0.022 0.036 0.085 0.014 0.024 0.036 0.007 0.027 0.148
167 F 0.045 0.019 0.016 0.017 0.014 0.012 0.019 0.023 0.012 0.158 0.129 0.021 0.029 0.204 0.013 0.026 0.034 0.01 0.049 0.15
168 D 0.058 0.04 0.145 0.181 0.01 0.055 0.067 0.054 0.023 0.024 0.033 0.053 0.012 0.017 0.023 0.106 0.05 0.004 0.015 0.03
169 I 0.05 0.099 0.022 0.022 0.014 0.022 0.028 0.025 0.012 0.173 0.147 0.046 0.03 0.035 0.017 0.036 0.064 0.006 0.019 0.133
170 A 0.288 0.031 0.026 0.03 0.022 0.026 0.041 0.078 0.015 0.043 0.06 0.045 0.018 0.022 0.03 0.085 0.05 0.005 0.018 0.069
171 I 0.047 0.018 0.015 0.018 0.016 0.013 0.018 0.021 0.009 0.269 0.168 0.024 0.037 0.044 0.015 0.025 0.04 0.006 0.021 0.177
172 D 0.06 0.033 0.055 0.234 0.009 0.034 0.11 0.126 0.019 0.022 0.031 0.048 0.011 0.016 0.023 0.083 0.041 0.004 0.013 0.028
173 G 0.056 0.03 0.141 0.09 0.009 0.024 0.04 0.264 0.023 0.022 0.032 0.04 0.011 0.028 0.019 0.053 0.035 0.007 0.049 0.027
174 L 0.079 0.023 0.015 0.017 0.016 0.016 0.022 0.029 0.011 0.121 0.249 0.026 0.036 0.046 0.015 0.032 0.036 0.069 0.026 0.117
175 D 0.052 0.034 0.054 0.261 0.009 0.036 0.13 0.043 0.019 0.023 0.031 0.05 0.011 0.015 0.078 0.072 0.039 0.004 0.013 0.027
176 K 0.071 0.054 0.04 0.044 0.012 0.038 0.086 0.113 0.018 0.038 0.089 0.119 0.019 0.022 0.024 0.102 0.048 0.005 0.017 0.042
177 D 0.046 0.038 0.089 0.261 0.009 0.057 0.105 0.045 0.021 0.025 0.034 0.052 0.012 0.016 0.022 0.057 0.063 0.004 0.014 0.031
178 K 0.087 0.054 0.033 0.032 0.014 0.033 0.044 0.041 0.015 0.077 0.082 0.127 0.039 0.025 0.024 0.061 0.112 0.006 0.018 0.076
179 L 0.082 0.023 0.019 0.02 0.017 0.017 0.024 0.03 0.01 0.149 0.21 0.028 0.034 0.039 0.017 0.039 0.066 0.006 0.02 0.15
180 D 0.082 0.034 0.037 0.122 0.013 0.051 0.082 0.04 0.016 0.097 0.106 0.046 0.022 0.026 0.021 0.068 0.042 0.005 0.017 0.072
181 G 0.058 0.043 0.1 0.06 0.01 0.034 0.075 0.153 0.063 0.024 0.037 0.075 0.013 0.03 0.021 0.073 0.039 0.008 0.055 0.03
182 F 0.036 0.02 0.015 0.016 0.012 0.012 0.019 0.023 0.014 0.078 0.206 0.02 0.032 0.291 0.011 0.024 0.027 0.013 0.064 0.066
183 N 0.086 0.041 0.243 0.067 0.012 0.031 0.047 0.064 0.026 0.025 0.035 0.051 0.012 0.018 0.022 0.109 0.055 0.005 0.016 0.034
184 E 0.05 0.048 0.076 0.118 0.007 0.075 0.242 0.039 0.025 0.022 0.035 0.069 0.013 0.016 0.024 0.054 0.037 0.005 0.016 0.029
185 G 0.116 0.032 0.029 0.034 0.013 0.049 0.068 0.15 0.019 0.074 0.067 0.043 0.019 0.034 0.021 0.051 0.038 0.008 0.053 0.084
186 R 0.043 0.37 0.037 0.03 0.007 0.047 0.05 0.032 0.022 0.022 0.045 0.116 0.015 0.017 0.019 0.043 0.034 0.006 0.017 0.03
187 L 0.046 0.028 0.018 0.018 0.015 0.023 0.024 0.024 0.017 0.095 0.246 0.031 0.125 0.057 0.015 0.03 0.035 0.01 0.058 0.085
188 V 0.062 0.02 0.015 0.017 0.018 0.015 0.021 0.023 0.008 0.19 0.133 0.025 0.031 0.036 0.015 0.03 0.045 0.005 0.02 0.269
189 G 0.102 0.023 0.036 0.032 0.012 0.019 0.026 0.479 0.013 0.021 0.031 0.034 0.01 0.016 0.019 0.053 0.031 0.005 0.011 0.028
190 I 0.052 0.02 0.015 0.017 0.017 0.014 0.019 0.021 0.009 0.21 0.202 0.024 0.036 0.042 0.015 0.026 0.04 0.006 0.02 0.195
191 G 0.071 0.022 0.035 0.031 0.01 0.017 0.024 0.473 0.013 0.023 0.036 0.031 0.011 0.059 0.017 0.047 0.028 0.006 0.019 0.027
192 A 0.228 0.044 0.064 0.037 0.017 0.053 0.05 0.066 0.018 0.036 0.051 0.078 0.016 0.019 0.027 0.074 0.046 0.005 0.017 0.054
193 S 0.147 0.035 0.043 0.041 0.017 0.029 0.046 0.063 0.017 0.031 0.043 0.049 0.015 0.019 0.082 0.189 0.067 0.005 0.016 0.045
194 F 0.032 0.018 0.016 0.016 0.01 0.01 0.018 0.024 0.016 0.061 0.11 0.018 0.024 0.41 0.01 0.024 0.024 0.016 0.085 0.053
195 F 0.032 0.018 0.016 0.016 0.01 0.01 0.018 0.024 0.016 0.061 0.11 0.018 0.024 0.41 0.01 0.024 0.024 0.016 0.085 0.053
196 G 0.129 0.024 0.035 0.032 0.013 0.02 0.028 0.428 0.013 0.023 0.034 0.035 0.011 0.017 0.02 0.057 0.033 0.005 0.012 0.033
197 S 0.108 0.034 0.041 0.038 0.016 0.027 0.042 0.056 0.017 0.042 0.089 0.044 0.02 0.067 0.025 0.186 0.065 0.006 0.025 0.05
198 G 0.102 0.023 0.036 0.032 0.012 0.019 0.026 0.479 0.013 0.021 0.031 0.034 0.01 0.016 0.019 0.053 0.031 0.005 0.011 0.028
199 I 0.053 0.018 0.015 0.017 0.017 0.014 0.019 0.021 0.008 0.252 0.149 0.023 0.034 0.04 0.015 0.027 0.041 0.006 0.02 0.212
200 L 0.047 0.02 0.014 0.016 0.016 0.014 0.018 0.02 0.009 0.221 0.237 0.024 0.039 0.045 0.014 0.025 0.037 0.006 0.02 0.158
201 N 0.041 0.042 0.312 0.118 0.008 0.032 0.052 0.061 0.029 0.022 0.03 0.051 0.011 0.017 0.02 0.065 0.046 0.004 0.015 0.026
202 C 0.086 0.028 0.036 0.033 0.233 0.023 0.035 0.049 0.014 0.035 0.05 0.038 0.015 0.02 0.023 0.156 0.059 0.005 0.015 0.047
203 F 0.036 0.019 0.015 0.016 0.012 0.011 0.018 0.023 0.014 0.119 0.153 0.02 0.029 0.289 0.011 0.024 0.028 0.013 0.064 0.083
204 F 0.111 0.026 0.026 0.026 0.016 0.019 0.029 0.041 0.014 0.083 0.089 0.033 0.022 0.143 0.02 0.059 0.116 0.009 0.038 0.081
205 L 0.043 0.023 0.014 0.015 0.016 0.016 0.019 0.02 0.01 0.111 0.4 0.024 0.048 0.053 0.014 0.023 0.032 0.007 0.021 0.092
206 I 0.052 0.019 0.015 0.017 0.017 0.014 0.019 0.021 0.008 0.231 0.176 0.024 0.035 0.041 0.015 0.026 0.041 0.006 0.02 0.204
207 L 0.046 0.023 0.014 0.015 0.016 0.016 0.02 0.021 0.01 0.116 0.369 0.024 0.046 0.051 0.014 0.024 0.034 0.007 0.021 0.115
208 L 0.042 0.021 0.014 0.016 0.015 0.014 0.018 0.021 0.01 0.168 0.288 0.023 0.041 0.089 0.013 0.024 0.033 0.007 0.028 0.114
209 A 0.264 0.031 0.027 0.03 0.02 0.026 0.039 0.069 0.015 0.046 0.07 0.043 0.036 0.024 0.027 0.095 0.05 0.005 0.018 0.066
210 S 0.098 0.028 0.032 0.03 0.014 0.022 0.034 0.1 0.018 0.048 0.062 0.036 0.018 0.081 0.02 0.11 0.048 0.065 0.066 0.07
211 L 0.041 0.03 0.032 0.024 0.011 0.043 0.034 0.027 0.062 0.085 0.154 0.034 0.028 0.137 0.015 0.031 0.031 0.013 0.102 0.067
212 L 0.044 0.019 0.014 0.016 0.015 0.014 0.018 0.021 0.01 0.206 0.234 0.023 0.038 0.087 0.014 0.024 0.035 0.007 0.028 0.135
213 V 0.064 0.083 0.066 0.036 0.013 0.031 0.042 0.093 0.016 0.069 0.067 0.104 0.019 0.022 0.021 0.067 0.045 0.005 0.017 0.119
214 F 0.057 0.079 0.033 0.03 0.011 0.027 0.037 0.097 0.021 0.039 0.063 0.077 0.018 0.129 0.019 0.07 0.066 0.011 0.074 0.043
215 E 0.068 0.041 0.078 0.062 0.011 0.042 0.147 0.046 0.025 0.029 0.052 0.056 0.015 0.033 0.024 0.118 0.051 0.008 0.057 0.037
216 K 0.065 0.116 0.042 0.04 0.024 0.045 0.061 0.045 0.02 0.027 0.042 0.22 0.015 0.016 0.026 0.094 0.047 0.005 0.017 0.034
217 I 0.078 0.029 0.034 0.033 0.017 0.023 0.035 0.043 0.014 0.153 0.104 0.039 0.026 0.032 0.022 0.125 0.06 0.006 0.019 0.108
218 K 0.093 0.053 0.073 0.053 0.012 0.057 0.054 0.091 0.023 0.029 0.043 0.107 0.015 0.029 0.024 0.098 0.047 0.007 0.053 0.038
219 K 0.064 0.072 0.04 0.039 0.011 0.04 0.056 0.043 0.017 0.032 0.045 0.19 0.015 0.017 0.081 0.081 0.095 0.005 0.016 0.04
220 R 0.05 0.145 0.075 0.038 0.011 0.038 0.056 0.036 0.019 0.056 0.103 0.126 0.021 0.024 0.02 0.045 0.039 0.005 0.018 0.076
221 K 0.047 0.064 0.119 0.045 0.01 0.037 0.05 0.042 0.025 0.04 0.093 0.152 0.019 0.037 0.021 0.049 0.039 0.008 0.063 0.041
222 K 0.053 0.091 0.07 0.036 0.011 0.033 0.044 0.038 0.022 0.072 0.103 0.113 0.022 0.038 0.02 0.067 0.042 0.008 0.058 0.058
223 I 0.047 0.034 0.056 0.027 0.013 0.024 0.03 0.03 0.019 0.122 0.118 0.061 0.061 0.079 0.016 0.036 0.038 0.01 0.07 0.108
224 L 0.044 0.03 0.018 0.019 0.013 0.019 0.025 0.024 0.015 0.17 0.171 0.055 0.031 0.052 0.015 0.028 0.034 0.064 0.061 0.113
225 L 0.04 0.024 0.021 0.061 0.013 0.018 0.029 0.024 0.019 0.08 0.252 0.027 0.034 0.104 0.014 0.028 0.03 0.012 0.099 0.07
226 L 0.044 0.02 0.015 0.016 0.015 0.013 0.019 0.021 0.011 0.168 0.225 0.023 0.036 0.127 0.013 0.025 0.034 0.008 0.035 0.132
227 F 0.079 0.023 0.019 0.02 0.015 0.017 0.024 0.031 0.013 0.111 0.12 0.027 0.049 0.16 0.016 0.039 0.057 0.009 0.042 0.128
228 L 0.088 0.024 0.02 0.021 0.071 0.018 0.025 0.033 0.01 0.118 0.197 0.029 0.032 0.037 0.018 0.059 0.044 0.006 0.019 0.134
229 Y 0.067 0.024 0.019 0.018 0.01 0.017 0.025 0.03 0.029 0.046 0.077 0.027 0.019 0.194 0.014 0.033 0.028 0.075 0.198 0.048
230 L 0.044 0.021 0.015 0.016 0.015 0.014 0.019 0.022 0.011 0.147 0.252 0.023 0.038 0.128 0.013 0.025 0.033 0.008 0.035 0.124
231 I 0.05 0.021 0.017 0.019 0.016 0.015 0.02 0.023 0.009 0.214 0.199 0.026 0.036 0.042 0.016 0.032 0.064 0.006 0.02 0.156
232 I 0.046 0.018 0.015 0.017 0.015 0.013 0.018 0.021 0.009 0.236 0.178 0.023 0.035 0.084 0.014 0.025 0.037 0.007 0.027 0.162
233 A 0.215 0.031 0.033 0.033 0.018 0.025 0.04 0.066 0.016 0.039 0.057 0.043 0.017 0.064 0.027 0.131 0.056 0.006 0.024 0.056
234 F 0.057 0.023 0.023 0.023 0.014 0.017 0.025 0.032 0.013 0.144 0.113 0.028 0.027 0.159 0.016 0.075 0.044 0.009 0.041 0.116
235 L 0.05 0.022 0.015 0.016 0.016 0.016 0.02 0.022 0.01 0.162 0.262 0.025 0.057 0.046 0.014 0.027 0.038 0.006 0.021 0.155
236 G 0.075 0.022 0.038 0.032 0.01 0.018 0.025 0.529 0.013 0.018 0.027 0.032 0.009 0.016 0.018 0.049 0.029 0.005 0.01 0.023
237 I 0.047 0.021 0.016 0.017 0.015 0.016 0.02 0.022 0.011 0.191 0.184 0.025 0.07 0.084 0.014 0.027 0.037 0.007 0.028 0.144
238 L 0.077 0.027 0.017 0.019 0.016 0.021 0.025 0.029 0.013 0.118 0.242 0.031 0.107 0.045 0.016 0.035 0.037 0.007 0.022 0.097
239 S 0.11 0.031 0.039 0.037 0.015 0.025 0.039 0.108 0.017 0.036 0.056 0.041 0.017 0.106 0.023 0.159 0.058 0.008 0.031 0.044
240 A 0.2 0.035 0.04 0.039 0.019 0.029 0.045 0.069 0.017 0.034 0.048 0.048 0.016 0.02 0.029 0.175 0.065 0.005 0.017 0.052
241 R 0.043 0.37 0.037 0.03 0.007 0.047 0.05 0.032 0.022 0.022 0.045 0.116 0.015 0.017 0.019 0.043 0.034 0.006 0.017 0.03
242 T 0.07 0.034 0.042 0.036 0.017 0.027 0.038 0.042 0.013 0.051 0.063 0.044 0.019 0.023 0.027 0.089 0.275 0.006 0.017 0.068
243 T 0.07 0.034 0.042 0.036 0.017 0.027 0.038 0.042 0.013 0.051 0.063 0.044 0.019 0.023 0.027 0.089 0.275 0.006 0.017 0.068
244 I 0.054 0.02 0.019 0.02 0.016 0.015 0.021 0.025 0.01 0.253 0.144 0.026 0.033 0.039 0.016 0.05 0.044 0.006 0.019 0.17
245 I 0.051 0.019 0.015 0.017 0.016 0.014 0.019 0.022 0.009 0.226 0.144 0.023 0.032 0.081 0.014 0.027 0.04 0.007 0.027 0.199
246 G 0.075 0.022 0.038 0.032 0.01 0.018 0.025 0.529 0.013 0.018 0.027 0.032 0.009 0.016 0.018 0.049 0.029 0.005 0.01 0.023
247 I 0.042 0.017 0.015 0.017 0.014 0.012 0.017 0.021 0.01 0.246 0.15 0.022 0.033 0.124 0.013 0.024 0.035 0.008 0.034 0.144
248 L 0.053 0.023 0.018 0.019 0.016 0.017 0.023 0.025 0.011 0.133 0.196 0.027 0.051 0.082 0.016 0.035 0.064 0.007 0.028 0.156
249 L 0.044 0.021 0.014 0.015 0.016 0.015 0.019 0.02 0.009 0.174 0.32 0.024 0.044 0.049 0.014 0.024 0.034 0.006 0.021 0.118
250 S 0.098 0.036 0.048 0.044 0.016 0.03 0.047 0.059 0.018 0.032 0.048 0.048 0.016 0.063 0.027 0.225 0.073 0.006 0.024 0.042
251 L 0.045 0.022 0.015 0.016 0.016 0.015 0.02 0.021 0.01 0.166 0.317 0.025 0.043 0.049 0.014 0.03 0.035 0.006 0.021 0.115
252 L 0.039 0.019 0.015 0.016 0.013 0.012 0.018 0.022 0.012 0.153 0.199 0.021 0.034 0.198 0.012 0.024 0.031 0.01 0.048 0.102
253 L 0.043 0.019 0.014 0.016 0.015 0.013 0.018 0.021 0.01 0.21 0.235 0.023 0.038 0.087 0.014 0.024 0.035 0.007 0.028 0.131
254 L 0.083 0.023 0.021 0.022 0.015 0.017 0.025 0.034 0.013 0.125 0.179 0.028 0.031 0.13 0.017 0.059 0.04 0.009 0.036 0.093
255 L 0.039 0.021 0.015 0.016 0.013 0.014 0.02 0.022 0.016 0.108 0.239 0.023 0.035 0.179 0.013 0.025 0.03 0.012 0.078 0.083
256 L 0.057 0.045 0.025 0.025 0.014 0.027 0.036 0.032 0.013 0.092 0.222 0.097 0.033 0.037 0.019 0.059 0.042 0.006 0.02 0.099
257 N 0.05 0.038 0.244 0.107 0.064 0.03 0.049 0.057 0.025 0.025 0.035 0.047 0.012 0.018 0.02 0.082 0.048 0.004 0.014 0.03
258 F 0.043 0.036 0.023 0.024 0.01 0.045 0.036 0.029 0.023 0.071 0.083 0.063 0.021 0.174 0.071 0.034 0.031 0.013 0.113 0.057
259 K 0.051 0.127 0.073 0.048 0.008 0.05 0.092 0.042 0.022 0.025 0.04 0.225 0.014 0.016 0.024 0.052 0.038 0.005 0.016 0.031
260 N 0.055 0.069 0.124 0.043 0.012 0.027 0.038 0.043 0.019 0.079 0.1 0.048 0.021 0.026 0.074 0.073 0.046 0.005 0.017 0.082
261 L 0.055 0.033 0.022 0.022 0.015 0.022 0.029 0.029 0.012 0.138 0.213 0.06 0.052 0.04 0.017 0.054 0.042 0.006 0.02 0.119
262 L 0.051 0.044 0.062 0.032 0.011 0.028 0.038 0.036 0.024 0.073 0.106 0.093 0.022 0.092 0.019 0.061 0.039 0.011 0.098 0.059
263 K 0.051 0.117 0.032 0.032 0.01 0.041 0.052 0.034 0.017 0.076 0.11 0.193 0.023 0.025 0.022 0.043 0.037 0.006 0.018 0.06
264 L 0.058 0.034 0.026 0.025 0.014 0.023 0.032 0.032 0.016 0.083 0.152 0.061 0.028 0.085 0.018 0.062 0.067 0.009 0.062 0.113
265 L 0.042 0.019 0.015 0.016 0.014 0.013 0.018 0.022 0.011 0.161 0.201 0.022 0.034 0.167 0.013 0.025 0.033 0.009 0.042 0.122
266 L 0.048 0.04 0.021 0.021 0.013 0.023 0.031 0.026 0.016 0.106 0.186 0.087 0.031 0.088 0.017 0.032 0.035 0.009 0.063 0.106
267 L 0.082 0.025 0.023 0.022 0.014 0.019 0.026 0.089 0.016 0.071 0.211 0.03 0.03 0.089 0.017 0.059 0.037 0.01 0.062 0.066
268 L 0.059 0.023 0.022 0.022 0.07 0.017 0.025 0.03 0.012 0.104 0.132 0.028 0.027 0.116 0.017 0.06 0.067 0.008 0.033 0.129
269 F 0.047 0.021 0.019 0.02 0.014 0.015 0.022 0.027 0.013 0.124 0.178 0.025 0.031 0.195 0.014 0.049 0.036 0.01 0.047 0.093
270 L 0.047 0.021 0.017 0.019 0.067 0.015 0.023 0.026 0.014 0.113 0.159 0.027 0.027 0.086 0.125 0.03 0.033 0.009 0.061 0.082
271 L 0.048 0.021 0.015 0.017 0.016 0.015 0.02 0.022 0.009 0.177 0.28 0.025 0.041 0.046 0.014 0.031 0.037 0.006 0.021 0.14
272 V 0.07 0.022 0.016 0.018 0.019 0.016 0.023 0.025 0.008 0.165 0.13 0.026 0.032 0.036 0.016 0.033 0.049 0.006 0.021 0.269
273 P 0.057 0.026 0.023 0.031 0.01 0.021 0.036 0.036 0.013 0.026 0.036 0.041 0.01 0.013 0.494 0.044 0.036 0.003 0.013 0.031
274 V 0.07 0.022 0.016 0.018 0.019 0.016 0.023 0.025 0.008 0.165 0.13 0.026 0.032 0.036 0.016 0.033 0.049 0.006 0.021 0.269
275 L 0.043 0.021 0.014 0.015 0.015 0.014 0.019 0.02 0.009 0.172 0.312 0.024 0.043 0.059 0.014 0.024 0.034 0.007 0.023 0.117
276 L 0.08 0.023 0.02 0.021 0.015 0.016 0.025 0.033 0.013 0.11 0.17 0.027 0.03 0.151 0.016 0.056 0.039 0.009 0.04 0.105
277 A 0.29 0.031 0.026 0.03 0.022 0.026 0.04 0.078 0.015 0.043 0.059 0.045 0.018 0.022 0.03 0.085 0.05 0.005 0.018 0.069
278 L 0.048 0.022 0.017 0.018 0.015 0.016 0.021 0.023 0.01 0.146 0.247 0.026 0.037 0.085 0.015 0.032 0.061 0.007 0.028 0.125
279 F 0.072 0.029 0.035 0.033 0.014 0.022 0.036 0.046 0.018 0.046 0.078 0.036 0.02 0.205 0.02 0.124 0.054 0.011 0.053 0.048
280 L 0.064 0.027 0.027 0.026 0.016 0.021 0.03 0.034 0.012 0.103 0.185 0.034 0.03 0.034 0.074 0.084 0.072 0.006 0.019 0.103
281 L 0.042 0.02 0.014 0.016 0.014 0.013 0.018 0.021 0.011 0.18 0.228 0.022 0.037 0.127 0.013 0.024 0.033 0.008 0.035 0.122
282 L 0.042 0.023 0.052 0.024 0.013 0.016 0.023 0.027 0.013 0.122 0.201 0.027 0.031 0.121 0.069 0.031 0.034 0.008 0.034 0.087
283 F 0.038 0.02 0.016 0.016 0.012 0.013 0.02 0.024 0.018 0.075 0.139 0.021 0.027 0.297 0.012 0.026 0.028 0.015 0.1 0.084
284 G 0.087 0.032 0.135 0.046 0.012 0.025 0.036 0.159 0.023 0.057 0.052 0.041 0.015 0.032 0.02 0.076 0.044 0.007 0.052 0.05
285 K 0.057 0.108 0.042 0.042 0.009 0.054 0.071 0.043 0.021 0.028 0.043 0.275 0.016 0.016 0.028 0.054 0.04 0.005 0.017 0.033
286 P 0.043 0.035 0.095 0.036 0.009 0.024 0.035 0.037 0.025 0.033 0.052 0.059 0.015 0.09 0.129 0.042 0.034 0.068 0.103 0.035
287 I 0.054 0.019 0.015 0.018 0.017 0.014 0.019 0.022 0.009 0.238 0.154 0.024 0.035 0.041 0.015 0.027 0.043 0.006 0.02 0.208
288 L 0.042 0.026 0.078 0.029 0.013 0.018 0.025 0.03 0.015 0.119 0.216 0.029 0.034 0.113 0.015 0.033 0.036 0.008 0.033 0.089
289 S 0.11 0.04 0.054 0.049 0.017 0.033 0.052 0.066 0.019 0.03 0.042 0.054 0.016 0.021 0.03 0.221 0.082 0.005 0.017 0.042
290 F 0.06 0.025 0.028 0.027 0.014 0.018 0.029 0.037 0.016 0.088 0.097 0.031 0.024 0.214 0.017 0.095 0.046 0.011 0.053 0.069
291 S 0.078 0.041 0.083 0.09 0.014 0.054 0.057 0.055 0.02 0.031 0.043 0.053 0.015 0.019 0.026 0.154 0.104 0.005 0.016 0.042
292 N 0.049 0.037 0.195 0.152 0.01 0.029 0.055 0.053 0.023 0.034 0.077 0.046 0.016 0.021 0.02 0.08 0.046 0.005 0.015 0.036
293 D 0.068 0.038 0.051 0.183 0.011 0.04 0.152 0.045 0.02 0.027 0.037 0.055 0.013 0.017 0.025 0.095 0.07 0.005 0.015 0.035
294 R 0.047 0.236 0.035 0.037 0.009 0.046 0.081 0.033 0.021 0.033 0.082 0.143 0.018 0.02 0.021 0.044 0.035 0.006 0.017 0.037
295 L 0.049 0.023 0.018 0.02 0.015 0.016 0.03 0.026 0.012 0.138 0.212 0.026 0.034 0.124 0.015 0.044 0.037 0.008 0.035 0.118
296 L 0.067 0.034 0.068 0.037 0.014 0.048 0.041 0.096 0.016 0.082 0.104 0.044 0.022 0.027 0.021 0.093 0.074 0.005 0.017 0.088
297 D 0.07 0.037 0.117 0.141 0.011 0.035 0.113 0.046 0.021 0.036 0.078 0.05 0.016 0.021 0.022 0.059 0.065 0.005 0.015 0.042
298 L 0.046 0.036 0.02 0.021 0.014 0.044 0.033 0.025 0.013 0.134 0.267 0.062 0.038 0.042 0.016 0.03 0.035 0.006 0.02 0.096
299 L 0.048 0.03 0.017 0.019 0.015 0.019 0.024 0.023 0.01 0.17 0.25 0.055 0.038 0.043 0.015 0.028 0.037 0.006 0.02 0.134
300 D 0.081 0.042 0.113 0.173 0.011 0.032 0.06 0.052 0.02 0.033 0.052 0.074 0.032 0.02 0.023 0.078 0.045 0.005 0.015 0.039
301 F 0.032 0.018 0.016 0.016 0.01 0.01 0.018 0.024 0.016 0.061 0.11 0.018 0.024 0.41 0.01 0.024 0.024 0.016 0.085 0.053
302 G 0.082 0.026 0.041 0.036 0.012 0.021 0.03 0.426 0.014 0.02 0.03 0.037 0.01 0.017 0.02 0.094 0.04 0.005 0.012 0.027
303 F 0.04 0.021 0.018 0.018 0.013 0.013 0.021 0.025 0.014 0.097 0.175 0.023 0.03 0.247 0.013 0.031 0.056 0.012 0.056 0.076
304 D 0.054 0.039 0.056 0.257 0.009 0.034 0.101 0.099 0.018 0.022 0.031 0.075 0.011 0.015 0.023 0.073 0.039 0.004 0.013 0.027
305 F 0.034 0.019 0.016 0.016 0.011 0.011 0.018 0.024 0.016 0.067 0.142 0.019 0.027 0.371 0.011 0.024 0.025 0.015 0.078 0.057
306 L 0.043 0.023 0.014 0.015 0.016 0.015 0.019 0.02 0.01 0.132 0.373 0.024 0.046 0.051 0.014 0.023 0.033 0.007 0.021 0.101
307 F 0.038 0.021 0.017 0.017 0.012 0.014 0.02 0.024 0.018 0.095 0.152 0.023 0.046 0.258 0.012 0.026 0.029 0.014 0.093 0.073
308 D 0.04 0.034 0.159 0.307 0.008 0.03 0.074 0.051 0.022 0.022 0.028 0.046 0.01 0.015 0.021 0.056 0.039 0.004 0.012 0.024
309 F 0.043 0.025 0.023 0.021 0.011 0.018 0.026 0.028 0.028 0.051 0.081 0.028 0.02 0.209 0.016 0.039 0.074 0.019 0.187 0.052
310 K 0.051 0.068 0.076 0.104 0.008 0.051 0.16 0.041 0.023 0.024 0.036 0.164 0.013 0.015 0.025 0.054 0.038 0.005 0.016 0.029
311 N 0.044 0.037 0.24 0.16 0.008 0.03 0.055 0.11 0.025 0.021 0.029 0.047 0.01 0.016 0.02 0.061 0.042 0.004 0.013 0.025
312 S 0.106 0.039 0.052 0.047 0.017 0.032 0.05 0.064 0.018 0.029 0.04 0.052 0.015 0.02 0.029 0.25 0.079 0.005 0.017 0.04
313 Q 0.052 0.068 0.076 0.049 0.008 0.221 0.093 0.042 0.028 0.025 0.044 0.084 0.019 0.014 0.022 0.055 0.04 0.006 0.019 0.033
314 A 0.317 0.03 0.025 0.029 0.021 0.025 0.039 0.075 0.014 0.042 0.057 0.043 0.017 0.021 0.029 0.082 0.048 0.005 0.017 0.066
315 S 0.153 0.037 0.046 0.043 0.018 0.03 0.048 0.066 0.018 0.031 0.044 0.05 0.015 0.02 0.029 0.213 0.072 0.005 0.017 0.046
316 N 0.063 0.048 0.113 0.098 0.01 0.059 0.089 0.105 0.022 0.024 0.035 0.083 0.013 0.017 0.023 0.099 0.048 0.005 0.015 0.031
317 S 0.106 0.039 0.052 0.047 0.017 0.032 0.05 0.064 0.018 0.029 0.04 0.052 0.015 0.02 0.029 0.25 0.079 0.005 0.017 0.04
318 L 0.111 0.028 0.027 0.026 0.016 0.021 0.031 0.041 0.014 0.063 0.123 0.035 0.042 0.114 0.021 0.06 0.116 0.008 0.033 0.069
319 G 0.08 0.032 0.068 0.047 0.012 0.029 0.068 0.28 0.018 0.022 0.033 0.045 0.012 0.017 0.022 0.118 0.048 0.005 0.014 0.03
320 E 0.064 0.043 0.041 0.095 0.011 0.04 0.14 0.094 0.018 0.041 0.048 0.08 0.015 0.019 0.024 0.076 0.068 0.005 0.015 0.064
