#Seq2Logo.py -f /work3/idamei/ssn-clusterings/2206011120/clusters/0023_102/sequences.afa -m 0.0001 -b 50 -o /work3/idamei/ssn-clusterings/2206011120/clusters/0023_102/sequences.logo -p 640x1000 -l 30
#Position Specific Frequency Matrix
A R N D C Q E G H I L K M F P S T W Y V
0 M 0.04 0.025 0.015 0.015 0.012 0.021 0.021 0.021 0.012 0.077 0.15 0.028 0.359 0.037 0.012 0.028 0.031 0.006 0.018 0.071
1 S 0.102 0.029 0.046 0.059 0.049 0.044 0.035 0.074 0.014 0.06 0.104 0.059 0.017 0.025 0.018 0.109 0.061 0.005 0.043 0.047
2 Y 0.04 0.028 0.022 0.019 0.009 0.022 0.028 0.025 0.047 0.044 0.068 0.031 0.019 0.131 0.016 0.031 0.028 0.028 0.318 0.047
3 S 0.079 0.035 0.036 0.034 0.016 0.03 0.039 0.046 0.017 0.064 0.117 0.044 0.096 0.034 0.022 0.135 0.06 0.006 0.02 0.066
4 N 0.049 0.075 0.185 0.061 0.009 0.043 0.059 0.053 0.026 0.025 0.037 0.173 0.013 0.016 0.023 0.06 0.044 0.005 0.016 0.029
5 I 0.039 0.019 0.047 0.019 0.012 0.014 0.019 0.022 0.013 0.198 0.146 0.023 0.025 0.077 0.013 0.028 0.058 0.008 0.085 0.136
6 L 0.101 0.021 0.017 0.018 0.098 0.041 0.024 0.028 0.01 0.138 0.147 0.027 0.046 0.063 0.015 0.049 0.033 0.005 0.019 0.099
7 F 0.036 0.022 0.017 0.016 0.106 0.043 0.024 0.023 0.019 0.046 0.106 0.025 0.035 0.17 0.012 0.026 0.025 0.061 0.143 0.045
8 L 0.074 0.062 0.015 0.016 0.013 0.016 0.02 0.024 0.01 0.167 0.252 0.03 0.031 0.081 0.013 0.027 0.03 0.006 0.023 0.089
9 I 0.047 0.018 0.015 0.018 0.016 0.013 0.018 0.021 0.009 0.266 0.169 0.024 0.037 0.044 0.015 0.025 0.04 0.006 0.021 0.178
10 E 0.056 0.05 0.041 0.091 0.008 0.065 0.287 0.035 0.026 0.022 0.037 0.077 0.013 0.017 0.026 0.056 0.037 0.006 0.017 0.032
11 Y 0.041 0.028 0.022 0.019 0.009 0.022 0.028 0.025 0.047 0.044 0.069 0.032 0.019 0.133 0.016 0.032 0.028 0.028 0.309 0.047
12 V 0.071 0.022 0.017 0.018 0.019 0.017 0.024 0.025 0.008 0.167 0.132 0.026 0.032 0.036 0.017 0.033 0.05 0.006 0.021 0.259
13 V 0.071 0.022 0.017 0.018 0.019 0.017 0.024 0.025 0.008 0.167 0.132 0.026 0.032 0.036 0.017 0.033 0.05 0.006 0.021 0.259
14 I 0.048 0.018 0.015 0.018 0.016 0.013 0.018 0.021 0.009 0.261 0.17 0.024 0.037 0.045 0.015 0.025 0.04 0.006 0.021 0.179
15 I 0.048 0.018 0.015 0.018 0.016 0.013 0.018 0.021 0.009 0.261 0.17 0.024 0.037 0.045 0.015 0.025 0.04 0.006 0.021 0.179
16 E 0.056 0.05 0.041 0.091 0.008 0.065 0.287 0.035 0.026 0.022 0.037 0.077 0.013 0.017 0.026 0.056 0.037 0.006 0.017 0.032
17 G 0.079 0.023 0.04 0.034 0.011 0.019 0.026 0.503 0.014 0.019 0.029 0.034 0.01 0.016 0.019 0.052 0.03 0.005 0.011 0.025
18 V 0.071 0.022 0.017 0.018 0.019 0.017 0.024 0.025 0.008 0.167 0.132 0.026 0.032 0.036 0.017 0.033 0.05 0.006 0.021 0.259
19 G 0.131 0.028 0.038 0.034 0.015 0.023 0.034 0.252 0.014 0.031 0.042 0.039 0.013 0.018 0.023 0.107 0.095 0.005 0.014 0.043
20 I 0.086 0.018 0.014 0.016 0.015 0.014 0.019 0.025 0.008 0.257 0.124 0.023 0.028 0.034 0.015 0.03 0.038 0.005 0.018 0.214
21 I 0.13 0.02 0.018 0.019 0.014 0.016 0.022 0.031 0.009 0.192 0.154 0.026 0.047 0.029 0.016 0.061 0.062 0.005 0.016 0.114
22 L 0.042 0.018 0.016 0.016 0.051 0.013 0.019 0.022 0.009 0.117 0.256 0.021 0.027 0.132 0.012 0.071 0.031 0.006 0.026 0.093
23 C 0.05 0.018 0.018 0.017 0.247 0.014 0.019 0.026 0.01 0.052 0.147 0.022 0.019 0.062 0.014 0.079 0.058 0.006 0.047 0.075
24 I 0.046 0.017 0.016 0.017 0.05 0.013 0.018 0.059 0.008 0.213 0.121 0.021 0.023 0.059 0.013 0.05 0.057 0.005 0.018 0.178
25 L 0.068 0.017 0.016 0.016 0.011 0.012 0.017 0.141 0.009 0.157 0.17 0.021 0.023 0.128 0.012 0.027 0.027 0.006 0.025 0.096
26 F 0.066 0.018 0.016 0.016 0.049 0.013 0.019 0.025 0.01 0.107 0.167 0.021 0.044 0.186 0.013 0.065 0.038 0.007 0.032 0.086
27 F 0.125 0.02 0.021 0.021 0.012 0.015 0.024 0.071 0.011 0.095 0.096 0.026 0.018 0.15 0.016 0.105 0.059 0.006 0.027 0.08
28 V 0.041 0.016 0.012 0.013 0.013 0.011 0.016 0.018 0.008 0.186 0.157 0.018 0.026 0.125 0.011 0.022 0.031 0.006 0.026 0.244
29 V 0.041 0.017 0.013 0.014 0.012 0.012 0.017 0.019 0.01 0.157 0.178 0.019 0.026 0.12 0.011 0.03 0.03 0.007 0.054 0.215
30 G 0.186 0.021 0.026 0.025 0.05 0.017 0.026 0.228 0.011 0.032 0.042 0.03 0.012 0.048 0.018 0.113 0.036 0.005 0.015 0.061
31 Q 0.056 0.074 0.044 0.047 0.009 0.215 0.103 0.041 0.029 0.026 0.047 0.091 0.021 0.015 0.024 0.056 0.041 0.006 0.021 0.035
32 I 0.035 0.03 0.017 0.017 0.009 0.018 0.024 0.022 0.016 0.12 0.095 0.1 0.04 0.116 0.012 0.025 0.026 0.085 0.115 0.081
33 K 0.038 0.072 0.049 0.024 0.009 0.024 0.033 0.026 0.013 0.118 0.123 0.186 0.02 0.086 0.015 0.031 0.029 0.005 0.021 0.079
34 T 0.049 0.093 0.028 0.026 0.011 0.048 0.035 0.029 0.013 0.069 0.088 0.093 0.038 0.02 0.018 0.069 0.18 0.005 0.014 0.075
35 E 0.04 0.044 0.057 0.055 0.006 0.042 0.305 0.028 0.021 0.02 0.032 0.126 0.011 0.023 0.019 0.04 0.028 0.006 0.071 0.025
36 K 0.042 0.177 0.03 0.029 0.007 0.059 0.048 0.068 0.016 0.02 0.033 0.283 0.012 0.012 0.056 0.039 0.029 0.004 0.013 0.024
37 K 0.057 0.107 0.042 0.042 0.009 0.054 0.071 0.043 0.021 0.028 0.043 0.278 0.016 0.016 0.028 0.054 0.04 0.005 0.017 0.033
38 T 0.045 0.067 0.086 0.031 0.01 0.026 0.035 0.033 0.045 0.032 0.048 0.114 0.035 0.051 0.017 0.07 0.154 0.043 0.021 0.037
39 I 0.038 0.051 0.043 0.018 0.011 0.015 0.02 0.021 0.01 0.231 0.121 0.051 0.023 0.061 0.012 0.025 0.03 0.043 0.021 0.155
40 L 0.034 0.016 0.011 0.012 0.012 0.011 0.015 0.016 0.008 0.216 0.321 0.018 0.032 0.1 0.011 0.019 0.027 0.006 0.023 0.093
41 N 0.033 0.034 0.451 0.061 0.007 0.026 0.038 0.048 0.054 0.017 0.024 0.041 0.009 0.014 0.015 0.052 0.037 0.004 0.014 0.02
42 P 0.043 0.019 0.017 0.023 0.008 0.015 0.027 0.027 0.01 0.046 0.034 0.031 0.009 0.011 0.576 0.033 0.028 0.002 0.01 0.031
43 L 0.04 0.017 0.012 0.013 0.013 0.012 0.016 0.055 0.007 0.202 0.289 0.019 0.03 0.035 0.012 0.021 0.029 0.005 0.016 0.158
44 T 0.054 0.024 0.028 0.026 0.012 0.019 0.028 0.032 0.011 0.087 0.059 0.031 0.016 0.083 0.056 0.118 0.232 0.005 0.02 0.057
45 I 0.04 0.016 0.012 0.013 0.013 0.012 0.016 0.017 0.007 0.252 0.221 0.019 0.05 0.034 0.012 0.021 0.031 0.005 0.016 0.192
46 F 0.026 0.015 0.013 0.013 0.008 0.009 0.015 0.019 0.013 0.049 0.09 0.015 0.04 0.509 0.008 0.02 0.02 0.012 0.064 0.043
47 C 0.063 0.022 0.102 0.026 0.187 0.016 0.024 0.033 0.015 0.037 0.101 0.026 0.015 0.059 0.014 0.1 0.034 0.006 0.071 0.048
48 L 0.093 0.018 0.018 0.018 0.011 0.013 0.019 0.169 0.01 0.098 0.173 0.023 0.021 0.116 0.013 0.052 0.028 0.006 0.023 0.079
49 L 0.04 0.02 0.015 0.02 0.012 0.017 0.07 0.019 0.009 0.144 0.32 0.025 0.029 0.033 0.013 0.045 0.03 0.005 0.016 0.119
50 W 0.023 0.017 0.011 0.011 0.006 0.011 0.017 0.023 0.011 0.023 0.04 0.017 0.011 0.046 0.006 0.017 0.017 0.618 0.051 0.023
51 A 0.172 0.021 0.021 0.021 0.012 0.017 0.024 0.142 0.011 0.068 0.092 0.027 0.057 0.082 0.016 0.083 0.033 0.005 0.02 0.074
52 I 0.066 0.016 0.013 0.014 0.013 0.012 0.016 0.055 0.007 0.217 0.176 0.02 0.026 0.06 0.012 0.024 0.031 0.005 0.018 0.199
53 I 0.04 0.014 0.011 0.013 0.013 0.011 0.015 0.016 0.006 0.355 0.118 0.018 0.027 0.031 0.011 0.021 0.032 0.004 0.015 0.226
54 L 0.039 0.017 0.013 0.014 0.013 0.012 0.016 0.018 0.007 0.198 0.255 0.019 0.029 0.063 0.012 0.023 0.053 0.005 0.019 0.176
55 F 0.059 0.023 0.018 0.019 0.009 0.016 0.047 0.059 0.016 0.045 0.143 0.048 0.019 0.219 0.012 0.029 0.047 0.01 0.116 0.044
56 L 0.032 0.017 0.011 0.012 0.046 0.011 0.015 0.017 0.009 0.072 0.371 0.017 0.03 0.186 0.01 0.019 0.023 0.007 0.031 0.061
57 S 0.122 0.03 0.038 0.036 0.013 0.026 0.064 0.048 0.044 0.023 0.033 0.04 0.012 0.016 0.022 0.328 0.054 0.004 0.015 0.033
58 S 0.09 0.037 0.083 0.039 0.011 0.028 0.066 0.045 0.015 0.024 0.034 0.092 0.012 0.015 0.021 0.24 0.098 0.004 0.013 0.033
59 L 0.036 0.055 0.044 0.019 0.01 0.018 0.024 0.022 0.012 0.105 0.26 0.077 0.046 0.064 0.013 0.028 0.051 0.006 0.046 0.063
60 H 0.04 0.072 0.094 0.038 0.007 0.102 0.075 0.072 0.179 0.02 0.032 0.075 0.012 0.017 0.017 0.042 0.053 0.005 0.024 0.024
61 L 0.06 0.021 0.015 0.017 0.011 0.016 0.045 0.021 0.039 0.07 0.388 0.024 0.03 0.065 0.013 0.026 0.049 0.006 0.021 0.062
62 Y 0.032 0.021 0.018 0.016 0.008 0.037 0.022 0.056 0.024 0.037 0.061 0.024 0.016 0.239 0.011 0.027 0.045 0.015 0.255 0.037
63 G 0.049 0.06 0.086 0.062 0.009 0.045 0.035 0.246 0.014 0.022 0.031 0.087 0.01 0.014 0.017 0.048 0.123 0.004 0.011 0.028
64 L 0.034 0.019 0.011 0.012 0.012 0.013 0.016 0.016 0.008 0.085 0.491 0.02 0.074 0.04 0.011 0.019 0.025 0.005 0.017 0.071
65 Y 0.034 0.034 0.076 0.055 0.007 0.043 0.034 0.027 0.05 0.052 0.049 0.101 0.014 0.102 0.014 0.033 0.048 0.011 0.18 0.036
66 E 0.069 0.08 0.024 0.034 0.01 0.027 0.151 0.028 0.014 0.064 0.102 0.042 0.016 0.024 0.05 0.078 0.055 0.005 0.04 0.087
67 A 0.167 0.021 0.02 0.022 0.046 0.017 0.026 0.036 0.009 0.069 0.054 0.029 0.015 0.018 0.152 0.066 0.102 0.004 0.013 0.115
68 S 0.082 0.036 0.037 0.122 0.01 0.07 0.073 0.041 0.015 0.021 0.03 0.089 0.011 0.013 0.054 0.209 0.043 0.004 0.012 0.028
69 D 0.04 0.057 0.06 0.18 0.007 0.048 0.117 0.064 0.016 0.046 0.038 0.064 0.011 0.048 0.016 0.06 0.052 0.005 0.041 0.031
70 E 0.047 0.066 0.059 0.071 0.008 0.076 0.165 0.033 0.045 0.044 0.036 0.095 0.012 0.015 0.018 0.104 0.057 0.004 0.015 0.032
71 T 0.076 0.024 0.029 0.026 0.013 0.019 0.027 0.032 0.01 0.108 0.06 0.031 0.017 0.02 0.019 0.08 0.327 0.004 0.014 0.065
72 Y 0.032 0.022 0.043 0.018 0.008 0.038 0.024 0.021 0.029 0.06 0.057 0.026 0.015 0.105 0.012 0.025 0.024 0.017 0.361 0.063
73 N 0.043 0.034 0.13 0.035 0.009 0.046 0.059 0.033 0.045 0.037 0.095 0.083 0.015 0.052 0.016 0.082 0.078 0.006 0.045 0.058
74 I 0.055 0.016 0.012 0.013 0.01 0.012 0.016 0.02 0.012 0.201 0.132 0.019 0.021 0.072 0.01 0.021 0.024 0.178 0.081 0.075
75 I 0.035 0.015 0.011 0.013 0.012 0.011 0.014 0.016 0.008 0.329 0.194 0.019 0.067 0.063 0.011 0.02 0.028 0.005 0.019 0.11
76 L 0.06 0.017 0.014 0.015 0.011 0.012 0.017 0.054 0.009 0.172 0.192 0.02 0.044 0.145 0.012 0.026 0.049 0.006 0.026 0.098
77 I 0.062 0.016 0.013 0.014 0.012 0.012 0.016 0.02 0.008 0.267 0.181 0.02 0.046 0.06 0.012 0.025 0.052 0.005 0.018 0.14
78 G 0.058 0.017 0.029 0.025 0.008 0.014 0.019 0.634 0.01 0.014 0.021 0.025 0.007 0.012 0.014 0.038 0.022 0.004 0.008 0.018
79 V 0.045 0.019 0.043 0.019 0.013 0.014 0.02 0.022 0.008 0.166 0.161 0.023 0.024 0.028 0.014 0.034 0.122 0.004 0.015 0.206
80 I 0.041 0.017 0.013 0.014 0.012 0.012 0.017 0.019 0.009 0.211 0.197 0.02 0.026 0.064 0.012 0.043 0.031 0.006 0.045 0.192
81 F 0.146 0.022 0.023 0.023 0.046 0.017 0.026 0.038 0.012 0.038 0.084 0.028 0.036 0.165 0.016 0.163 0.039 0.006 0.028 0.043
82 F 0.028 0.016 0.013 0.013 0.008 0.01 0.016 0.019 0.017 0.048 0.078 0.016 0.018 0.415 0.009 0.02 0.02 0.014 0.158 0.063
83 V 0.095 0.021 0.073 0.053 0.012 0.017 0.026 0.064 0.01 0.091 0.091 0.027 0.018 0.022 0.015 0.06 0.08 0.004 0.014 0.206
84 I 0.083 0.016 0.012 0.014 0.012 0.011 0.016 0.021 0.008 0.242 0.175 0.019 0.026 0.117 0.012 0.024 0.029 0.006 0.024 0.134
85 G 0.058 0.017 0.029 0.025 0.008 0.014 0.019 0.634 0.01 0.014 0.021 0.025 0.007 0.012 0.014 0.038 0.022 0.004 0.008 0.018
86 Y 0.034 0.02 0.019 0.016 0.007 0.015 0.021 0.055 0.054 0.033 0.055 0.023 0.014 0.183 0.012 0.046 0.023 0.016 0.318 0.034
87 Y 0.034 0.017 0.015 0.014 0.076 0.012 0.017 0.053 0.021 0.105 0.069 0.02 0.017 0.172 0.011 0.023 0.023 0.013 0.237 0.052
88 F 0.083 0.016 0.013 0.014 0.045 0.011 0.016 0.056 0.009 0.167 0.162 0.019 0.023 0.171 0.012 0.026 0.027 0.007 0.029 0.094
89 A 0.089 0.026 0.072 0.024 0.044 0.04 0.028 0.065 0.014 0.085 0.084 0.053 0.036 0.028 0.015 0.057 0.053 0.074 0.044 0.071
90 K 0.04 0.073 0.052 0.055 0.042 0.048 0.04 0.029 0.015 0.054 0.097 0.2 0.016 0.051 0.016 0.055 0.03 0.005 0.043 0.038
91 L 0.063 0.025 0.042 0.019 0.011 0.016 0.023 0.025 0.011 0.126 0.152 0.07 0.022 0.113 0.013 0.048 0.03 0.04 0.025 0.126
92 F 0.034 0.019 0.017 0.017 0.011 0.011 0.019 0.026 0.017 0.064 0.116 0.019 0.026 0.379 0.011 0.026 0.026 0.017 0.09 0.056
93 F 0.033 0.015 0.014 0.014 0.043 0.01 0.015 0.053 0.01 0.139 0.136 0.017 0.022 0.286 0.01 0.023 0.046 0.009 0.04 0.064
94 K 0.041 0.118 0.025 0.023 0.009 0.025 0.033 0.061 0.014 0.076 0.076 0.157 0.015 0.053 0.016 0.056 0.074 0.04 0.045 0.043
95 R 0.049 0.143 0.085 0.062 0.008 0.027 0.038 0.14 0.016 0.02 0.031 0.096 0.011 0.016 0.017 0.104 0.057 0.04 0.014 0.026
96 K 0.048 0.114 0.06 0.031 0.05 0.031 0.041 0.116 0.015 0.05 0.041 0.209 0.013 0.015 0.018 0.064 0.033 0.004 0.013 0.035
97 K 0.057 0.107 0.042 0.042 0.009 0.054 0.071 0.043 0.021 0.028 0.043 0.278 0.016 0.016 0.028 0.054 0.04 0.005 0.017 0.033
98 K 0.059 0.066 0.033 0.035 0.012 0.101 0.064 0.035 0.019 0.071 0.072 0.137 0.022 0.021 0.022 0.046 0.042 0.005 0.019 0.118
99 F 0.032 0.021 0.048 0.019 0.009 0.015 0.021 0.022 0.054 0.1 0.111 0.023 0.043 0.191 0.011 0.025 0.025 0.012 0.162 0.056
100 K 0.041 0.098 0.053 0.026 0.009 0.049 0.036 0.028 0.015 0.108 0.087 0.142 0.017 0.057 0.016 0.058 0.056 0.006 0.047 0.052
101 F 0.027 0.045 0.042 0.016 0.008 0.012 0.018 0.021 0.016 0.066 0.078 0.022 0.018 0.396 0.009 0.022 0.021 0.012 0.107 0.044
102 K 0.051 0.094 0.027 0.026 0.011 0.025 0.034 0.031 0.012 0.088 0.108 0.137 0.018 0.02 0.018 0.125 0.084 0.004 0.014 0.073
103 L 0.044 0.022 0.046 0.021 0.011 0.037 0.024 0.026 0.012 0.127 0.157 0.026 0.022 0.147 0.013 0.092 0.034 0.006 0.027 0.107
104 K 0.093 0.045 0.053 0.03 0.009 0.05 0.064 0.104 0.014 0.034 0.069 0.182 0.014 0.046 0.018 0.042 0.053 0.005 0.016 0.057
105 K 0.042 0.076 0.055 0.058 0.007 0.05 0.043 0.098 0.016 0.027 0.036 0.226 0.012 0.02 0.017 0.039 0.051 0.039 0.041 0.049
106 K 0.089 0.044 0.104 0.034 0.009 0.028 0.062 0.036 0.043 0.052 0.042 0.176 0.013 0.018 0.018 0.063 0.055 0.038 0.017 0.058
107 S 0.085 0.058 0.063 0.067 0.011 0.025 0.064 0.041 0.016 0.027 0.037 0.042 0.012 0.021 0.02 0.186 0.141 0.005 0.042 0.036
108 N 0.038 0.034 0.17 0.068 0.045 0.024 0.036 0.035 0.081 0.05 0.04 0.085 0.012 0.027 0.016 0.043 0.079 0.006 0.075 0.035
109 L 0.042 0.023 0.054 0.021 0.012 0.016 0.023 0.024 0.013 0.076 0.287 0.026 0.029 0.042 0.065 0.032 0.061 0.007 0.054 0.093
110 N 0.041 0.043 0.247 0.065 0.008 0.034 0.049 0.054 0.147 0.022 0.032 0.049 0.012 0.021 0.019 0.058 0.04 0.005 0.028 0.025
111 K 0.051 0.081 0.033 0.033 0.01 0.042 0.055 0.035 0.017 0.047 0.134 0.247 0.023 0.024 0.023 0.043 0.036 0.005 0.017 0.046
112 I 0.047 0.018 0.015 0.018 0.016 0.013 0.018 0.021 0.009 0.273 0.167 0.024 0.037 0.044 0.015 0.025 0.04 0.006 0.021 0.176
113 R 0.054 0.16 0.038 0.077 0.01 0.061 0.051 0.037 0.017 0.032 0.081 0.096 0.017 0.019 0.02 0.101 0.071 0.005 0.015 0.038
114 C 0.053 0.038 0.027 0.03 0.118 0.027 0.067 0.086 0.017 0.037 0.061 0.1 0.04 0.073 0.018 0.066 0.034 0.008 0.06 0.041
115 K 0.042 0.101 0.057 0.092 0.008 0.03 0.068 0.031 0.015 0.032 0.068 0.188 0.014 0.046 0.018 0.06 0.054 0.004 0.016 0.054
116 N 0.043 0.045 0.317 0.083 0.009 0.034 0.049 0.065 0.032 0.022 0.032 0.054 0.011 0.018 0.02 0.07 0.049 0.004 0.016 0.027
117 V 0.07 0.022 0.016 0.018 0.019 0.016 0.023 0.025 0.008 0.165 0.13 0.026 0.032 0.036 0.016 0.033 0.049 0.006 0.021 0.269
118 D 0.062 0.057 0.028 0.112 0.075 0.044 0.062 0.063 0.043 0.029 0.046 0.082 0.032 0.078 0.015 0.037 0.049 0.006 0.046 0.033
119 N 0.044 0.06 0.103 0.032 0.009 0.046 0.058 0.031 0.017 0.06 0.05 0.085 0.014 0.055 0.016 0.081 0.079 0.006 0.069 0.083
120 K 0.087 0.088 0.078 0.09 0.009 0.027 0.086 0.032 0.014 0.06 0.072 0.111 0.014 0.017 0.017 0.041 0.053 0.004 0.013 0.084
121 Y 0.058 0.025 0.045 0.02 0.008 0.017 0.025 0.026 0.051 0.036 0.053 0.049 0.014 0.142 0.013 0.049 0.026 0.047 0.238 0.057
122 V 0.043 0.025 0.024 0.087 0.044 0.023 0.127 0.024 0.011 0.142 0.068 0.055 0.017 0.021 0.015 0.035 0.076 0.004 0.013 0.147
123 L 0.036 0.017 0.013 0.015 0.011 0.013 0.018 0.019 0.009 0.188 0.23 0.022 0.024 0.033 0.181 0.023 0.027 0.005 0.041 0.076
124 R 0.033 0.355 0.157 0.034 0.006 0.033 0.039 0.032 0.019 0.017 0.031 0.097 0.011 0.013 0.015 0.039 0.029 0.004 0.013 0.022
125 Y 0.032 0.022 0.018 0.018 0.007 0.018 0.046 0.02 0.031 0.035 0.076 0.025 0.015 0.085 0.013 0.027 0.045 0.018 0.411 0.037
126 N 0.039 0.097 0.16 0.038 0.007 0.051 0.043 0.036 0.101 0.02 0.03 0.139 0.011 0.015 0.051 0.063 0.054 0.004 0.018 0.024
127 L 0.039 0.018 0.014 0.014 0.012 0.013 0.017 0.019 0.009 0.143 0.336 0.021 0.03 0.038 0.012 0.044 0.052 0.006 0.042 0.119
128 L 0.036 0.017 0.011 0.012 0.012 0.012 0.015 0.016 0.008 0.19 0.325 0.019 0.051 0.065 0.011 0.02 0.028 0.005 0.019 0.129
129 Y 0.032 0.024 0.043 0.018 0.008 0.017 0.023 0.022 0.026 0.039 0.106 0.048 0.017 0.127 0.012 0.027 0.046 0.015 0.311 0.039
130 I 0.039 0.016 0.014 0.015 0.011 0.012 0.017 0.02 0.009 0.178 0.168 0.019 0.024 0.173 0.011 0.045 0.052 0.007 0.029 0.14
131 L 0.057 0.018 0.011 0.012 0.012 0.012 0.016 0.019 0.008 0.079 0.457 0.019 0.034 0.095 0.011 0.021 0.025 0.006 0.022 0.067
132 G 0.152 0.021 0.025 0.024 0.113 0.017 0.025 0.174 0.011 0.029 0.066 0.029 0.013 0.046 0.017 0.146 0.037 0.004 0.014 0.037
133 I 0.092 0.017 0.017 0.017 0.012 0.013 0.019 0.059 0.009 0.215 0.114 0.022 0.022 0.084 0.013 0.07 0.033 0.005 0.02 0.146
134 I 0.037 0.014 0.011 0.013 0.046 0.011 0.014 0.016 0.007 0.334 0.186 0.018 0.028 0.033 0.011 0.02 0.03 0.004 0.015 0.153
135 C 0.053 0.016 0.018 0.017 0.414 0.012 0.018 0.027 0.007 0.043 0.052 0.021 0.014 0.017 0.014 0.077 0.078 0.003 0.011 0.088
136 I 0.034 0.015 0.011 0.013 0.012 0.011 0.014 0.016 0.007 0.35 0.192 0.018 0.048 0.063 0.011 0.019 0.028 0.005 0.019 0.113
137 I 0.035 0.015 0.012 0.013 0.011 0.011 0.015 0.017 0.008 0.222 0.199 0.018 0.026 0.146 0.044 0.02 0.027 0.006 0.027 0.128
138 F 0.053 0.017 0.014 0.014 0.009 0.012 0.017 0.021 0.019 0.087 0.076 0.019 0.018 0.308 0.01 0.023 0.022 0.014 0.199 0.05
139 Y 0.06 0.021 0.044 0.019 0.009 0.016 0.022 0.025 0.022 0.062 0.11 0.024 0.017 0.144 0.013 0.069 0.028 0.013 0.235 0.045
140 L 0.061 0.018 0.014 0.015 0.012 0.013 0.017 0.021 0.008 0.178 0.313 0.021 0.029 0.062 0.012 0.046 0.052 0.005 0.018 0.082
141 P 0.038 0.104 0.048 0.024 0.008 0.025 0.033 0.027 0.017 0.032 0.047 0.144 0.032 0.057 0.15 0.033 0.027 0.007 0.095 0.053
142 D 0.043 0.025 0.116 0.266 0.008 0.022 0.048 0.071 0.015 0.023 0.053 0.034 0.01 0.014 0.051 0.104 0.057 0.003 0.01 0.026
143 L 0.083 0.018 0.014 0.014 0.012 0.013 0.018 0.023 0.01 0.091 0.235 0.02 0.045 0.174 0.012 0.027 0.049 0.007 0.03 0.106
144 I 0.086 0.017 0.014 0.015 0.012 0.013 0.018 0.024 0.009 0.194 0.124 0.021 0.062 0.143 0.012 0.047 0.03 0.006 0.027 0.123
145 N 0.068 0.029 0.128 0.032 0.01 0.042 0.032 0.034 0.014 0.101 0.08 0.057 0.016 0.048 0.05 0.085 0.102 0.004 0.016 0.052
146 S 0.082 0.023 0.025 0.024 0.013 0.018 0.027 0.033 0.01 0.062 0.161 0.029 0.021 0.024 0.017 0.164 0.109 0.004 0.014 0.139
147 G 0.065 0.035 0.039 0.061 0.009 0.041 0.169 0.278 0.019 0.02 0.032 0.053 0.011 0.016 0.022 0.052 0.032 0.005 0.013 0.027
148 I 0.047 0.018 0.015 0.018 0.016 0.013 0.018 0.021 0.009 0.273 0.167 0.024 0.037 0.044 0.015 0.025 0.04 0.006 0.021 0.176
149 S 0.11 0.04 0.054 0.049 0.017 0.033 0.052 0.066 0.019 0.03 0.042 0.054 0.016 0.021 0.03 0.222 0.082 0.005 0.017 0.042
150 L 0.037 0.017 0.013 0.013 0.012 0.012 0.016 0.018 0.008 0.165 0.247 0.019 0.047 0.119 0.011 0.023 0.05 0.006 0.024 0.143
151 V 0.072 0.087 0.026 0.025 0.01 0.066 0.037 0.031 0.041 0.067 0.078 0.088 0.016 0.019 0.051 0.099 0.058 0.004 0.015 0.109
152 Y 0.046 0.061 0.054 0.03 0.009 0.069 0.062 0.03 0.02 0.055 0.073 0.065 0.015 0.037 0.017 0.104 0.081 0.008 0.125 0.041
153 L 0.063 0.018 0.014 0.015 0.012 0.013 0.017 0.054 0.008 0.18 0.313 0.021 0.029 0.033 0.012 0.044 0.029 0.005 0.015 0.103
154 L 0.042 0.024 0.015 0.016 0.013 0.016 0.02 0.062 0.009 0.155 0.249 0.051 0.073 0.035 0.013 0.025 0.03 0.005 0.017 0.131
155 G 0.058 0.084 0.081 0.031 0.009 0.066 0.035 0.202 0.016 0.021 0.033 0.065 0.011 0.047 0.016 0.103 0.048 0.005 0.041 0.026
156 G 0.059 0.02 0.03 0.026 0.009 0.016 0.022 0.468 0.01 0.022 0.054 0.027 0.01 0.015 0.016 0.083 0.073 0.004 0.01 0.026
157 G 0.045 0.026 0.132 0.032 0.009 0.062 0.031 0.208 0.015 0.035 0.096 0.033 0.015 0.078 0.014 0.059 0.03 0.005 0.019 0.055
158 S 0.059 0.031 0.194 0.044 0.01 0.046 0.038 0.151 0.018 0.019 0.027 0.04 0.01 0.014 0.018 0.196 0.045 0.004 0.012 0.025
159 L 0.034 0.018 0.012 0.012 0.012 0.012 0.016 0.017 0.008 0.102 0.459 0.019 0.034 0.067 0.011 0.021 0.048 0.006 0.019 0.072
160 G 0.071 0.056 0.083 0.094 0.008 0.046 0.085 0.27 0.015 0.017 0.026 0.063 0.009 0.013 0.017 0.063 0.029 0.004 0.01 0.023
161 V 0.07 0.022 0.048 0.051 0.011 0.017 0.027 0.029 0.015 0.058 0.111 0.027 0.018 0.064 0.015 0.079 0.101 0.007 0.096 0.134
162 I 0.038 0.015 0.011 0.013 0.012 0.011 0.014 0.016 0.007 0.344 0.168 0.019 0.047 0.033 0.011 0.02 0.03 0.005 0.016 0.169
163 R 0.038 0.308 0.03 0.028 0.006 0.161 0.051 0.061 0.018 0.018 0.034 0.1 0.013 0.012 0.016 0.037 0.028 0.004 0.014 0.024
164 Q 0.089 0.06 0.026 0.054 0.01 0.151 0.044 0.064 0.016 0.04 0.102 0.044 0.037 0.023 0.016 0.041 0.075 0.005 0.041 0.063
165 L 0.064 0.022 0.017 0.016 0.012 0.017 0.021 0.024 0.011 0.066 0.266 0.025 0.123 0.065 0.013 0.051 0.074 0.007 0.045 0.062
166 L 0.182 0.021 0.067 0.021 0.013 0.016 0.023 0.034 0.01 0.093 0.198 0.026 0.042 0.027 0.015 0.038 0.033 0.004 0.015 0.12
167 Q 0.043 0.13 0.033 0.033 0.007 0.329 0.068 0.031 0.021 0.02 0.035 0.07 0.015 0.012 0.017 0.061 0.032 0.004 0.015 0.026
168 S 0.072 0.057 0.084 0.121 0.009 0.046 0.065 0.104 0.015 0.024 0.059 0.063 0.012 0.044 0.017 0.124 0.035 0.004 0.015 0.029
169 G 0.104 0.03 0.082 0.035 0.044 0.044 0.058 0.208 0.014 0.021 0.03 0.06 0.01 0.014 0.018 0.148 0.038 0.004 0.011 0.028
170 E 0.072 0.03 0.089 0.164 0.009 0.031 0.167 0.038 0.016 0.027 0.034 0.043 0.011 0.015 0.019 0.108 0.06 0.004 0.012 0.052
171 S 0.053 0.024 0.058 0.061 0.011 0.019 0.03 0.111 0.016 0.087 0.111 0.031 0.017 0.033 0.016 0.129 0.063 0.007 0.074 0.051
172 V 0.057 0.025 0.059 0.031 0.013 0.021 0.06 0.031 0.012 0.127 0.077 0.033 0.02 0.024 0.017 0.094 0.1 0.004 0.015 0.178
173 L 0.037 0.023 0.067 0.023 0.012 0.015 0.021 0.026 0.013 0.078 0.286 0.025 0.033 0.16 0.013 0.028 0.03 0.009 0.036 0.067
174 R 0.045 0.345 0.039 0.031 0.008 0.048 0.052 0.033 0.023 0.023 0.047 0.12 0.016 0.017 0.019 0.045 0.035 0.006 0.017 0.031
175 Y 0.045 0.03 0.092 0.032 0.011 0.022 0.031 0.033 0.028 0.052 0.128 0.035 0.022 0.066 0.017 0.046 0.086 0.014 0.158 0.053
176 S 0.08 0.028 0.056 0.028 0.012 0.021 0.031 0.035 0.043 0.093 0.059 0.057 0.016 0.052 0.018 0.133 0.113 0.005 0.019 0.1
177 N 0.068 0.026 0.133 0.121 0.009 0.042 0.038 0.071 0.015 0.054 0.044 0.034 0.013 0.074 0.016 0.104 0.058 0.005 0.018 0.058
178 R 0.045 0.163 0.087 0.119 0.008 0.048 0.044 0.035 0.044 0.021 0.034 0.052 0.011 0.043 0.017 0.123 0.058 0.004 0.017 0.026
179 S 0.072 0.03 0.115 0.04 0.012 0.025 0.038 0.048 0.016 0.022 0.031 0.04 0.011 0.015 0.021 0.337 0.078 0.004 0.013 0.031
180 G 0.13 0.026 0.031 0.057 0.011 0.02 0.032 0.209 0.012 0.045 0.035 0.056 0.011 0.015 0.052 0.168 0.039 0.004 0.011 0.035
181 I 0.059 0.015 0.011 0.013 0.012 0.011 0.015 0.018 0.007 0.308 0.205 0.019 0.028 0.034 0.011 0.021 0.029 0.039 0.018 0.126
182 E 0.038 0.028 0.046 0.035 0.009 0.027 0.172 0.023 0.014 0.135 0.124 0.058 0.058 0.028 0.015 0.031 0.029 0.005 0.041 0.082
183 N 0.041 0.031 0.364 0.082 0.008 0.024 0.038 0.046 0.02 0.024 0.029 0.039 0.01 0.014 0.016 0.111 0.04 0.003 0.012 0.046
184 A 0.256 0.021 0.02 0.021 0.013 0.016 0.026 0.043 0.012 0.039 0.082 0.028 0.016 0.164 0.017 0.088 0.056 0.006 0.028 0.047
185 I 0.036 0.015 0.011 0.013 0.012 0.011 0.014 0.016 0.007 0.314 0.211 0.018 0.029 0.062 0.011 0.019 0.029 0.005 0.018 0.149
186 R 0.07 0.139 0.079 0.029 0.009 0.026 0.034 0.068 0.018 0.027 0.065 0.092 0.013 0.054 0.016 0.121 0.035 0.006 0.069 0.031
187 L 0.038 0.02 0.068 0.02 0.011 0.015 0.02 0.023 0.013 0.11 0.18 0.023 0.042 0.094 0.012 0.03 0.074 0.007 0.074 0.127
188 L 0.032 0.016 0.011 0.012 0.011 0.011 0.015 0.017 0.009 0.118 0.34 0.017 0.03 0.179 0.01 0.019 0.024 0.007 0.03 0.091
189 I 0.036 0.015 0.012 0.013 0.012 0.01 0.015 0.017 0.008 0.229 0.178 0.017 0.026 0.146 0.011 0.02 0.028 0.006 0.027 0.173
190 I 0.067 0.016 0.013 0.015 0.013 0.012 0.017 0.02 0.007 0.28 0.106 0.02 0.024 0.029 0.013 0.026 0.056 0.004 0.015 0.248
191 S 0.071 0.058 0.082 0.063 0.01 0.089 0.066 0.035 0.043 0.066 0.07 0.043 0.015 0.018 0.017 0.112 0.081 0.004 0.015 0.042
192 P 0.042 0.019 0.017 0.023 0.008 0.015 0.027 0.027 0.01 0.019 0.027 0.031 0.008 0.01 0.622 0.033 0.027 0.002 0.01 0.023
193 F 0.039 0.018 0.017 0.017 0.01 0.012 0.019 0.023 0.012 0.098 0.154 0.021 0.022 0.261 0.012 0.086 0.029 0.009 0.064 0.077
194 S 0.125 0.051 0.051 0.026 0.046 0.02 0.029 0.038 0.012 0.065 0.058 0.034 0.035 0.048 0.018 0.147 0.085 0.005 0.016 0.092
195 F 0.039 0.021 0.043 0.019 0.01 0.015 0.021 0.024 0.014 0.058 0.13 0.024 0.078 0.151 0.012 0.051 0.073 0.043 0.082 0.093
196 A 0.237 0.02 0.018 0.02 0.048 0.016 0.024 0.039 0.009 0.12 0.093 0.027 0.018 0.022 0.017 0.085 0.037 0.004 0.014 0.13
197 L 0.061 0.017 0.013 0.014 0.012 0.012 0.017 0.02 0.008 0.203 0.343 0.02 0.031 0.035 0.012 0.043 0.029 0.005 0.016 0.088
198 P 0.048 0.032 0.027 0.035 0.042 0.111 0.114 0.031 0.014 0.022 0.033 0.044 0.011 0.012 0.22 0.083 0.077 0.003 0.012 0.029
199 A 0.143 0.02 0.019 0.021 0.013 0.016 0.025 0.033 0.009 0.12 0.116 0.028 0.019 0.022 0.117 0.098 0.037 0.004 0.014 0.126
200 I 0.037 0.014 0.011 0.013 0.046 0.01 0.014 0.016 0.007 0.352 0.138 0.018 0.026 0.06 0.011 0.02 0.03 0.005 0.018 0.154
201 A 0.145 0.021 0.022 0.023 0.046 0.018 0.048 0.134 0.01 0.074 0.057 0.028 0.015 0.019 0.017 0.046 0.122 0.004 0.013 0.138
202 A 0.303 0.021 0.018 0.02 0.014 0.016 0.026 0.044 0.01 0.102 0.062 0.029 0.016 0.048 0.052 0.05 0.057 0.004 0.016 0.091
203 V 0.097 0.018 0.016 0.017 0.047 0.014 0.02 0.026 0.008 0.147 0.113 0.023 0.041 0.026 0.014 0.072 0.037 0.004 0.015 0.243
204 D 0.031 0.024 0.1 0.496 0.006 0.023 0.065 0.036 0.015 0.017 0.021 0.034 0.007 0.011 0.017 0.04 0.028 0.003 0.009 0.018
205 F 0.026 0.014 0.013 0.013 0.008 0.008 0.014 0.019 0.014 0.069 0.086 0.015 0.019 0.489 0.008 0.019 0.02 0.013 0.087 0.046
206 W 0.026 0.016 0.012 0.012 0.041 0.011 0.016 0.021 0.012 0.054 0.078 0.017 0.015 0.101 0.007 0.018 0.019 0.417 0.071 0.035
207 F 0.038 0.017 0.017 0.017 0.01 0.012 0.019 0.023 0.012 0.157 0.089 0.021 0.04 0.26 0.012 0.086 0.03 0.009 0.064 0.066
208 G 0.055 0.022 0.056 0.057 0.008 0.017 0.025 0.535 0.011 0.015 0.022 0.051 0.007 0.012 0.015 0.039 0.024 0.004 0.009 0.019
209 K 0.041 0.094 0.082 0.038 0.006 0.039 0.097 0.033 0.017 0.02 0.031 0.349 0.011 0.012 0.019 0.041 0.03 0.004 0.013 0.024
210 R 0.036 0.391 0.03 0.025 0.006 0.037 0.043 0.027 0.017 0.018 0.034 0.193 0.012 0.013 0.016 0.035 0.027 0.004 0.013 0.024
211 D 0.035 0.026 0.196 0.33 0.007 0.023 0.053 0.074 0.017 0.017 0.022 0.036 0.008 0.012 0.016 0.064 0.032 0.003 0.01 0.02
212 K 0.039 0.193 0.055 0.03 0.007 0.036 0.046 0.03 0.016 0.044 0.038 0.31 0.012 0.013 0.018 0.038 0.029 0.004 0.013 0.03
213 K 0.04 0.112 0.053 0.028 0.007 0.033 0.043 0.03 0.015 0.03 0.092 0.299 0.015 0.045 0.018 0.038 0.051 0.005 0.016 0.032
214 L 0.037 0.019 0.012 0.013 0.012 0.013 0.017 0.018 0.008 0.085 0.482 0.02 0.035 0.039 0.011 0.041 0.028 0.005 0.016 0.091
215 L 0.03 0.016 0.011 0.012 0.01 0.01 0.015 0.017 0.009 0.112 0.314 0.017 0.029 0.235 0.01 0.019 0.023 0.008 0.036 0.067
216 I 0.036 0.016 0.014 0.014 0.011 0.011 0.016 0.052 0.01 0.193 0.142 0.019 0.023 0.176 0.011 0.023 0.049 0.008 0.056 0.12
217 L 0.063 0.018 0.015 0.016 0.012 0.013 0.018 0.056 0.009 0.172 0.268 0.021 0.027 0.079 0.012 0.047 0.051 0.005 0.02 0.078
218 T 0.071 0.027 0.1 0.09 0.011 0.042 0.036 0.036 0.013 0.077 0.048 0.035 0.014 0.017 0.018 0.082 0.215 0.004 0.013 0.05
219 I 0.04 0.016 0.014 0.015 0.012 0.012 0.017 0.019 0.008 0.249 0.13 0.02 0.044 0.087 0.012 0.026 0.075 0.005 0.021 0.178
220 L 0.063 0.016 0.012 0.013 0.046 0.011 0.016 0.02 0.008 0.189 0.195 0.019 0.026 0.088 0.012 0.023 0.03 0.005 0.021 0.189
221 L 0.037 0.018 0.013 0.014 0.012 0.013 0.016 0.018 0.008 0.228 0.259 0.021 0.087 0.035 0.012 0.023 0.051 0.005 0.016 0.115
222 I 0.064 0.017 0.014 0.015 0.046 0.012 0.017 0.021 0.007 0.223 0.218 0.021 0.027 0.031 0.013 0.028 0.075 0.005 0.015 0.133
223 L 0.039 0.016 0.012 0.013 0.012 0.011 0.016 0.051 0.008 0.15 0.266 0.019 0.028 0.09 0.011 0.021 0.028 0.006 0.021 0.182
224 L 0.039 0.017 0.013 0.014 0.045 0.013 0.016 0.053 0.009 0.14 0.202 0.02 0.103 0.089 0.011 0.023 0.028 0.006 0.021 0.137
225 R 0.041 0.279 0.107 0.033 0.007 0.032 0.04 0.067 0.017 0.018 0.031 0.134 0.011 0.013 0.016 0.081 0.032 0.004 0.012 0.023
226 V 0.069 0.02 0.016 0.016 0.013 0.016 0.02 0.023 0.009 0.146 0.155 0.024 0.121 0.03 0.013 0.05 0.056 0.005 0.016 0.183
227 L 0.033 0.016 0.011 0.012 0.011 0.011 0.015 0.017 0.009 0.188 0.275 0.018 0.048 0.149 0.01 0.019 0.026 0.007 0.027 0.097
228 S 0.117 0.027 0.034 0.032 0.013 0.022 0.034 0.078 0.013 0.05 0.04 0.036 0.013 0.017 0.021 0.277 0.117 0.004 0.013 0.042
229 D 0.046 0.026 0.066 0.236 0.009 0.024 0.071 0.036 0.013 0.026 0.033 0.036 0.011 0.014 0.019 0.094 0.191 0.004 0.011 0.034
230 G 0.195 0.02 0.026 0.024 0.011 0.016 0.023 0.409 0.01 0.022 0.03 0.028 0.009 0.014 0.017 0.048 0.05 0.004 0.01 0.031
231 G 0.056 0.023 0.134 0.035 0.009 0.019 0.027 0.373 0.014 0.017 0.025 0.032 0.009 0.013 0.016 0.106 0.055 0.004 0.01 0.023
232 R 0.033 0.511 0.029 0.023 0.006 0.036 0.039 0.025 0.017 0.017 0.035 0.09 0.012 0.013 0.014 0.033 0.026 0.004 0.013 0.023
233 T 0.105 0.029 0.057 0.033 0.012 0.045 0.059 0.04 0.013 0.053 0.044 0.038 0.014 0.017 0.02 0.159 0.198 0.004 0.013 0.046
234 P 0.121 0.024 0.023 0.024 0.012 0.04 0.03 0.068 0.012 0.041 0.071 0.032 0.014 0.021 0.152 0.085 0.102 0.005 0.039 0.085
235 L 0.03 0.016 0.011 0.012 0.01 0.01 0.014 0.017 0.009 0.133 0.291 0.017 0.028 0.235 0.01 0.019 0.023 0.008 0.036 0.07
236 I 0.039 0.016 0.013 0.014 0.012 0.012 0.015 0.051 0.008 0.209 0.201 0.019 0.046 0.089 0.011 0.021 0.029 0.006 0.021 0.17
237 N 0.034 0.031 0.176 0.033 0.008 0.064 0.033 0.03 0.021 0.081 0.106 0.057 0.036 0.038 0.014 0.035 0.03 0.008 0.12 0.045
238 L 0.034 0.017 0.013 0.013 0.01 0.011 0.017 0.019 0.011 0.067 0.28 0.019 0.027 0.237 0.01 0.041 0.025 0.009 0.062 0.077
239 F 0.086 0.018 0.015 0.016 0.012 0.013 0.018 0.058 0.01 0.142 0.141 0.022 0.061 0.143 0.013 0.03 0.058 0.006 0.026 0.113
240 I 0.035 0.014 0.011 0.013 0.011 0.01 0.014 0.017 0.008 0.287 0.159 0.017 0.026 0.146 0.01 0.019 0.028 0.006 0.027 0.141
241 Y 0.043 0.024 0.023 0.021 0.009 0.04 0.028 0.027 0.051 0.035 0.05 0.029 0.014 0.113 0.014 0.112 0.031 0.047 0.235 0.056
242 L 0.033 0.018 0.012 0.013 0.011 0.013 0.016 0.018 0.01 0.113 0.256 0.02 0.124 0.178 0.01 0.021 0.025 0.007 0.031 0.069
243 I 0.087 0.016 0.012 0.014 0.013 0.012 0.017 0.021 0.007 0.211 0.197 0.02 0.026 0.059 0.012 0.025 0.031 0.005 0.018 0.194
244 I 0.064 0.016 0.013 0.014 0.046 0.012 0.016 0.053 0.007 0.247 0.197 0.019 0.026 0.031 0.012 0.024 0.03 0.004 0.015 0.157
245 G 0.128 0.02 0.024 0.023 0.113 0.016 0.024 0.136 0.01 0.066 0.052 0.027 0.014 0.018 0.017 0.124 0.06 0.004 0.012 0.112
246 F 0.112 0.02 0.02 0.019 0.01 0.015 0.022 0.097 0.018 0.038 0.056 0.024 0.015 0.185 0.014 0.074 0.029 0.011 0.16 0.06
247 L 0.042 0.022 0.018 0.02 0.044 0.038 0.048 0.023 0.012 0.082 0.179 0.026 0.061 0.118 0.013 0.068 0.03 0.007 0.05 0.099
248 F 0.057 0.016 0.013 0.013 0.011 0.011 0.016 0.02 0.011 0.192 0.148 0.018 0.043 0.206 0.011 0.022 0.026 0.008 0.059 0.099
249 S 0.096 0.033 0.059 0.027 0.011 0.022 0.031 0.035 0.014 0.069 0.079 0.101 0.016 0.081 0.017 0.123 0.067 0.006 0.046 0.068
250 R 0.041 0.133 0.076 0.055 0.009 0.022 0.03 0.095 0.013 0.124 0.107 0.065 0.017 0.021 0.015 0.055 0.053 0.004 0.013 0.054
251 K 0.039 0.095 0.129 0.035 0.008 0.028 0.06 0.066 0.017 0.028 0.089 0.158 0.014 0.05 0.016 0.058 0.03 0.005 0.042 0.03
252 Q 0.056 0.074 0.044 0.047 0.009 0.215 0.103 0.041 0.029 0.026 0.047 0.091 0.021 0.015 0.024 0.056 0.041 0.006 0.021 0.035
253 N 0.04 0.043 0.159 0.044 0.007 0.032 0.112 0.035 0.101 0.044 0.034 0.134 0.011 0.016 0.017 0.064 0.054 0.004 0.018 0.03
254 L 0.042 0.056 0.105 0.093 0.009 0.025 0.084 0.032 0.016 0.057 0.121 0.061 0.016 0.024 0.016 0.081 0.078 0.005 0.04 0.041
255 E 0.047 0.046 0.033 0.05 0.009 0.103 0.145 0.033 0.023 0.036 0.064 0.06 0.019 0.145 0.019 0.044 0.033 0.009 0.041 0.039
256 K 0.043 0.106 0.03 0.057 0.007 0.052 0.045 0.098 0.015 0.045 0.039 0.253 0.012 0.043 0.018 0.058 0.029 0.004 0.015 0.031
257 K 0.044 0.071 0.025 0.024 0.01 0.026 0.035 0.028 0.013 0.127 0.06 0.199 0.016 0.023 0.017 0.059 0.099 0.005 0.04 0.078
258 K 0.044 0.041 0.055 0.065 0.009 0.052 0.115 0.03 0.015 0.06 0.13 0.136 0.037 0.02 0.017 0.079 0.033 0.004 0.014 0.042
259 L 0.052 0.03 0.087 0.03 0.011 0.022 0.031 0.075 0.047 0.099 0.126 0.059 0.041 0.025 0.016 0.106 0.039 0.005 0.017 0.081
260 N 0.043 0.045 0.317 0.083 0.009 0.034 0.049 0.065 0.032 0.022 0.032 0.054 0.011 0.018 0.02 0.07 0.049 0.004 0.016 0.027
261 K 0.057 0.107 0.042 0.042 0.009 0.054 0.071 0.043 0.021 0.028 0.043 0.278 0.016 0.016 0.028 0.054 0.04 0.005 0.017 0.033
262 N 0.043 0.045 0.317 0.083 0.009 0.034 0.049 0.065 0.032 0.022 0.032 0.054 0.011 0.018 0.02 0.07 0.049 0.004 0.016 0.027
263 Y 0.047 0.049 0.025 0.025 0.011 0.029 0.038 0.029 0.025 0.12 0.09 0.117 0.023 0.062 0.019 0.036 0.035 0.013 0.125 0.083
264 A 0.281 0.031 0.026 0.03 0.022 0.026 0.041 0.079 0.015 0.044 0.06 0.045 0.018 0.022 0.03 0.086 0.051 0.005 0.018 0.07
265 L 0.045 0.025 0.014 0.015 0.016 0.016 0.02 0.022 0.01 0.117 0.367 0.026 0.05 0.055 0.014 0.025 0.034 0.007 0.023 0.098
266 F 0.076 0.036 0.026 0.032 0.01 0.027 0.096 0.032 0.017 0.065 0.062 0.096 0.017 0.145 0.018 0.066 0.061 0.008 0.065 0.048
267 K 0.046 0.037 0.086 0.034 0.01 0.049 0.063 0.071 0.047 0.085 0.087 0.089 0.038 0.021 0.017 0.065 0.083 0.005 0.016 0.051
268 I 0.047 0.018 0.015 0.018 0.016 0.013 0.018 0.021 0.009 0.271 0.168 0.024 0.037 0.044 0.015 0.025 0.04 0.006 0.021 0.177
269 R 0.067 0.152 0.043 0.055 0.01 0.047 0.141 0.043 0.022 0.024 0.04 0.08 0.014 0.018 0.024 0.115 0.049 0.005 0.017 0.033
270 I 0.041 0.029 0.051 0.059 0.011 0.021 0.056 0.064 0.011 0.192 0.135 0.081 0.022 0.026 0.015 0.033 0.055 0.004 0.015 0.079
271 K 0.041 0.115 0.087 0.033 0.008 0.033 0.044 0.033 0.048 0.075 0.047 0.226 0.014 0.017 0.018 0.042 0.056 0.004 0.016 0.042
272 F 0.033 0.019 0.017 0.017 0.01 0.01 0.019 0.025 0.017 0.062 0.112 0.019 0.025 0.399 0.01 0.025 0.025 0.017 0.087 0.054
273 K 0.043 0.101 0.083 0.032 0.008 0.052 0.042 0.033 0.075 0.031 0.045 0.165 0.033 0.047 0.017 0.081 0.033 0.005 0.02 0.053
274 K 0.063 0.071 0.023 0.025 0.009 0.027 0.059 0.028 0.013 0.08 0.086 0.198 0.036 0.106 0.016 0.054 0.029 0.006 0.023 0.046
275 K 0.046 0.122 0.08 0.033 0.008 0.029 0.062 0.066 0.015 0.051 0.092 0.162 0.015 0.017 0.017 0.1 0.034 0.004 0.013 0.036
276 K 0.042 0.164 0.029 0.028 0.007 0.056 0.046 0.03 0.015 0.048 0.066 0.284 0.014 0.015 0.018 0.057 0.03 0.004 0.013 0.033
277 R 0.038 0.224 0.052 0.026 0.008 0.05 0.038 0.027 0.018 0.052 0.046 0.126 0.014 0.024 0.016 0.037 0.073 0.006 0.066 0.058
278 K 0.042 0.067 0.129 0.033 0.008 0.026 0.035 0.067 0.018 0.093 0.047 0.153 0.014 0.026 0.016 0.079 0.033 0.006 0.066 0.043
279 K 0.044 0.16 0.032 0.03 0.007 0.039 0.05 0.071 0.016 0.02 0.033 0.34 0.012 0.012 0.02 0.04 0.03 0.004 0.013 0.025
280 R 0.035 0.171 0.101 0.028 0.008 0.027 0.034 0.028 0.016 0.077 0.102 0.14 0.016 0.052 0.015 0.033 0.028 0.006 0.043 0.042
281 N 0.043 0.046 0.308 0.084 0.009 0.034 0.05 0.066 0.032 0.023 0.032 0.055 0.011 0.018 0.02 0.071 0.05 0.005 0.016 0.027
282 F 0.045 0.046 0.03 0.032 0.01 0.115 0.061 0.033 0.023 0.045 0.08 0.055 0.023 0.203 0.017 0.04 0.033 0.011 0.054 0.045
283 L 0.044 0.02 0.014 0.016 0.015 0.014 0.018 0.02 0.009 0.207 0.282 0.023 0.041 0.047 0.014 0.024 0.035 0.006 0.02 0.13
284 I 0.039 0.081 0.046 0.022 0.01 0.041 0.028 0.058 0.012 0.157 0.123 0.081 0.02 0.081 0.014 0.049 0.03 0.005 0.02 0.085
285 I 0.059 0.042 0.013 0.014 0.012 0.012 0.016 0.019 0.008 0.262 0.151 0.022 0.025 0.116 0.011 0.023 0.028 0.006 0.024 0.135
286 L 0.089 0.05 0.017 0.017 0.045 0.017 0.023 0.026 0.01 0.083 0.199 0.051 0.042 0.084 0.014 0.052 0.053 0.005 0.02 0.102
287 L 0.062 0.047 0.044 0.019 0.011 0.015 0.021 0.092 0.011 0.076 0.172 0.027 0.04 0.141 0.013 0.032 0.072 0.006 0.026 0.075
288 V 0.089 0.017 0.015 0.015 0.012 0.013 0.019 0.024 0.011 0.179 0.113 0.021 0.022 0.093 0.013 0.048 0.032 0.007 0.074 0.183
289 L 0.07 0.018 0.016 0.016 0.082 0.013 0.018 0.095 0.009 0.111 0.183 0.022 0.043 0.057 0.013 0.05 0.031 0.005 0.017 0.13
290 I 0.065 0.017 0.014 0.015 0.012 0.013 0.017 0.054 0.008 0.226 0.149 0.021 0.044 0.058 0.012 0.027 0.053 0.005 0.018 0.173
291 I 0.062 0.016 0.012 0.013 0.012 0.011 0.016 0.019 0.008 0.231 0.201 0.019 0.027 0.089 0.011 0.022 0.029 0.005 0.021 0.176
292 G 0.145 0.019 0.023 0.022 0.011 0.015 0.021 0.336 0.01 0.035 0.093 0.026 0.014 0.047 0.015 0.042 0.05 0.005 0.014 0.059
293 I 0.066 0.017 0.016 0.016 0.012 0.013 0.018 0.057 0.009 0.195 0.188 0.022 0.025 0.087 0.013 0.067 0.032 0.005 0.021 0.122
294 V 0.064 0.017 0.014 0.015 0.012 0.012 0.017 0.055 0.008 0.162 0.164 0.02 0.024 0.114 0.012 0.027 0.052 0.006 0.023 0.181
295 F 0.16 0.018 0.016 0.017 0.013 0.013 0.021 0.031 0.01 0.127 0.08 0.023 0.019 0.167 0.014 0.055 0.032 0.006 0.029 0.15
296 L 0.032 0.016 0.011 0.012 0.011 0.01 0.015 0.017 0.009 0.137 0.292 0.017 0.029 0.206 0.01 0.019 0.024 0.008 0.033 0.093
297 A 0.158 0.019 0.015 0.016 0.012 0.014 0.021 0.063 0.013 0.079 0.141 0.024 0.02 0.067 0.014 0.034 0.029 0.042 0.099 0.12
298 L 0.033 0.044 0.014 0.014 0.01 0.013 0.017 0.052 0.013 0.14 0.182 0.023 0.042 0.126 0.01 0.021 0.024 0.076 0.081 0.065
299 L 0.089 0.021 0.018 0.018 0.013 0.016 0.021 0.026 0.01 0.126 0.213 0.025 0.083 0.059 0.014 0.055 0.098 0.005 0.018 0.072
300 T 0.059 0.027 0.034 0.029 0.013 0.021 0.031 0.035 0.011 0.037 0.046 0.035 0.014 0.017 0.021 0.127 0.375 0.004 0.013 0.049
301 L 0.058 0.021 0.014 0.014 0.011 0.015 0.019 0.02 0.011 0.173 0.224 0.045 0.084 0.094 0.012 0.024 0.027 0.007 0.048 0.079
302 S 0.122 0.029 0.036 0.034 0.013 0.023 0.037 0.049 0.014 0.027 0.061 0.038 0.013 0.017 0.022 0.356 0.057 0.004 0.013 0.036
303 R 0.034 0.487 0.029 0.024 0.006 0.036 0.04 0.025 0.017 0.018 0.035 0.11 0.012 0.013 0.015 0.034 0.026 0.004 0.013 0.023
304 S 0.114 0.025 0.034 0.03 0.012 0.02 0.031 0.21 0.012 0.024 0.033 0.034 0.011 0.015 0.02 0.215 0.11 0.004 0.012 0.033
305 G 0.066 0.021 0.032 0.028 0.01 0.017 0.025 0.432 0.011 0.028 0.033 0.03 0.01 0.015 0.017 0.094 0.06 0.004 0.011 0.055
306 S 0.078 0.031 0.059 0.092 0.01 0.088 0.068 0.071 0.015 0.034 0.04 0.041 0.013 0.015 0.019 0.149 0.085 0.004 0.013 0.078
307 D 0.114 0.026 0.134 0.152 0.01 0.022 0.063 0.074 0.015 0.029 0.085 0.035 0.013 0.017 0.017 0.087 0.057 0.004 0.012 0.034
308 V 0.115 0.018 0.015 0.016 0.013 0.013 0.019 0.026 0.008 0.143 0.161 0.022 0.024 0.085 0.014 0.05 0.033 0.005 0.021 0.2
309 L 0.04 0.021 0.016 0.016 0.011 0.036 0.022 0.022 0.013 0.107 0.225 0.024 0.024 0.096 0.012 0.065 0.03 0.042 0.076 0.104
310 R 0.036 0.308 0.03 0.055 0.007 0.055 0.044 0.027 0.016 0.021 0.037 0.161 0.012 0.042 0.016 0.037 0.05 0.005 0.016 0.026
311 N 0.037 0.031 0.156 0.064 0.008 0.086 0.039 0.032 0.048 0.073 0.046 0.038 0.014 0.03 0.015 0.043 0.098 0.007 0.094 0.041
312 L 0.061 0.017 0.014 0.015 0.012 0.013 0.017 0.02 0.008 0.222 0.294 0.021 0.029 0.034 0.012 0.027 0.073 0.005 0.016 0.092
313 Y 0.031 0.021 0.017 0.015 0.007 0.016 0.021 0.02 0.032 0.032 0.05 0.024 0.014 0.09 0.012 0.025 0.044 0.053 0.44 0.035
314 L 0.033 0.021 0.015 0.015 0.009 0.036 0.021 0.019 0.018 0.056 0.244 0.023 0.024 0.14 0.011 0.024 0.046 0.012 0.183 0.051
315 Y 0.031 0.023 0.103 0.141 0.007 0.019 0.034 0.027 0.028 0.026 0.04 0.028 0.011 0.064 0.013 0.032 0.025 0.014 0.304 0.029
316 F 0.026 0.015 0.013 0.013 0.008 0.009 0.015 0.019 0.013 0.051 0.133 0.015 0.021 0.462 0.008 0.019 0.02 0.012 0.084 0.044
317 A 0.384 0.025 0.024 0.025 0.015 0.02 0.032 0.056 0.012 0.03 0.041 0.035 0.013 0.016 0.022 0.142 0.043 0.004 0.013 0.047
318 M 0.038 0.022 0.014 0.014 0.012 0.019 0.019 0.02 0.011 0.139 0.165 0.025 0.297 0.036 0.012 0.025 0.03 0.006 0.017 0.08
319 P 0.071 0.033 0.026 0.035 0.008 0.133 0.116 0.032 0.015 0.026 0.035 0.046 0.012 0.012 0.22 0.081 0.033 0.003 0.013 0.05
