#Seq2Logo.py -f /work3/idamei/ssn-clusterings/clustering/2205111339/clusters/0011_445/sequences.afa -o /work3/idamei/ssn-clusterings/clustering/2205111339/clusters/0011_445/sequences.logo
#Position Specific Frequency Matrix
A R N D C Q E G H I L K M F P S T W Y V
0 L 0.051 0.031 0.019 0.019 0.016 0.027 0.027 0.027 0.016 0.097 0.191 0.035 0.187 0.047 0.016 0.035 0.039 0.008 0.023 0.089
1 G 0.069 0.041 0.038 0.042 0.012 0.032 0.078 0.179 0.016 0.066 0.057 0.08 0.017 0.021 0.023 0.08 0.074 0.005 0.015 0.056
2 G 0.096 0.032 0.118 0.044 0.014 0.026 0.036 0.12 0.019 0.075 0.077 0.041 0.041 0.026 0.021 0.082 0.047 0.005 0.017 0.063
3 A 0.108 0.038 0.032 0.032 0.016 0.026 0.039 0.08 0.014 0.105 0.081 0.075 0.022 0.026 0.023 0.102 0.052 0.005 0.018 0.106
4 L 0.054 0.09 0.02 0.019 0.015 0.022 0.027 0.024 0.012 0.114 0.215 0.044 0.035 0.039 0.016 0.031 0.039 0.006 0.02 0.157
5 L 0.06 0.027 0.024 0.026 0.015 0.021 0.03 0.033 0.013 0.112 0.184 0.034 0.045 0.036 0.115 0.071 0.045 0.006 0.019 0.086
6 I 0.047 0.018 0.015 0.018 0.016 0.013 0.018 0.021 0.009 0.269 0.168 0.024 0.037 0.044 0.015 0.025 0.04 0.006 0.021 0.177
7 S 0.11 0.04 0.054 0.049 0.017 0.033 0.052 0.066 0.019 0.03 0.042 0.054 0.016 0.021 0.03 0.222 0.082 0.005 0.017 0.042
8 L 0.048 0.095 0.027 0.025 0.012 0.028 0.036 0.031 0.015 0.074 0.145 0.088 0.026 0.036 0.018 0.043 0.072 0.089 0.027 0.065
9 R 0.049 0.204 0.035 0.033 0.009 0.044 0.054 0.034 0.019 0.063 0.06 0.182 0.018 0.02 0.022 0.044 0.036 0.005 0.017 0.051
10 G 0.09 0.03 0.04 0.035 0.013 0.024 0.036 0.22 0.067 0.03 0.047 0.039 0.014 0.075 0.021 0.103 0.044 0.007 0.03 0.036
11 S 0.077 0.048 0.091 0.046 0.014 0.033 0.048 0.053 0.019 0.041 0.098 0.089 0.02 0.024 0.025 0.144 0.06 0.005 0.017 0.046
12 I 0.055 0.021 0.017 0.018 0.017 0.016 0.021 0.023 0.009 0.197 0.181 0.026 0.035 0.04 0.016 0.032 0.06 0.006 0.02 0.189
13 I 0.066 0.037 0.029 0.029 0.014 0.024 0.034 0.116 0.013 0.121 0.113 0.076 0.025 0.03 0.02 0.071 0.045 0.005 0.018 0.115
14 R 0.047 0.176 0.121 0.044 0.01 0.035 0.043 0.041 0.022 0.065 0.06 0.074 0.017 0.022 0.019 0.054 0.072 0.005 0.017 0.055
15 L 0.062 0.026 0.025 0.025 0.016 0.02 0.028 0.033 0.012 0.14 0.227 0.032 0.035 0.041 0.018 0.087 0.048 0.006 0.02 0.1
16 L 0.051 0.024 0.016 0.016 0.085 0.018 0.021 0.024 0.01 0.106 0.265 0.026 0.071 0.044 0.015 0.029 0.036 0.006 0.02 0.115
17 W 0.041 0.021 0.015 0.016 0.013 0.015 0.021 0.024 0.016 0.147 0.148 0.024 0.029 0.06 0.012 0.025 0.032 0.153 0.079 0.11
18 L 0.056 0.021 0.015 0.016 0.017 0.015 0.021 0.022 0.009 0.162 0.227 0.025 0.038 0.042 0.015 0.028 0.041 0.006 0.021 0.204
19 F 0.099 0.026 0.028 0.027 0.013 0.02 0.03 0.123 0.021 0.043 0.069 0.033 0.018 0.165 0.019 0.075 0.039 0.013 0.092 0.047
20 L 0.063 0.025 0.026 0.024 0.016 0.019 0.026 0.11 0.011 0.123 0.145 0.031 0.028 0.033 0.019 0.047 0.095 0.006 0.018 0.137
21 L 0.051 0.023 0.02 0.02 0.015 0.016 0.023 0.027 0.012 0.145 0.237 0.027 0.036 0.096 0.016 0.055 0.04 0.008 0.03 0.102
22 A 0.204 0.026 0.024 0.026 0.018 0.021 0.032 0.125 0.014 0.058 0.071 0.036 0.019 0.077 0.023 0.062 0.042 0.007 0.026 0.091
23 F 0.043 0.022 0.016 0.017 0.013 0.015 0.021 0.024 0.014 0.091 0.185 0.023 0.054 0.226 0.013 0.027 0.032 0.012 0.054 0.101
24 G 0.057 0.02 0.025 0.023 0.081 0.015 0.021 0.24 0.013 0.048 0.109 0.026 0.02 0.133 0.015 0.037 0.029 0.008 0.034 0.046
25 I 0.048 0.019 0.014 0.017 0.016 0.014 0.018 0.021 0.009 0.249 0.191 0.023 0.037 0.043 0.014 0.025 0.039 0.006 0.02 0.177
26 L 0.09 0.072 0.02 0.02 0.016 0.022 0.028 0.031 0.012 0.128 0.172 0.041 0.042 0.036 0.017 0.038 0.041 0.006 0.02 0.148
27 L 0.076 0.026 0.018 0.018 0.015 0.021 0.025 0.029 0.016 0.112 0.228 0.03 0.088 0.054 0.016 0.034 0.036 0.009 0.057 0.092
28 A 0.161 0.03 0.031 0.031 0.018 0.024 0.037 0.054 0.014 0.071 0.105 0.04 0.023 0.027 0.024 0.12 0.056 0.005 0.018 0.112
29 Y 0.039 0.027 0.021 0.018 0.009 0.021 0.027 0.024 0.045 0.042 0.066 0.03 0.018 0.126 0.015 0.03 0.027 0.027 0.344 0.045
30 N 0.055 0.076 0.099 0.039 0.011 0.029 0.039 0.068 0.022 0.052 0.063 0.075 0.018 0.076 0.019 0.067 0.042 0.009 0.061 0.079
31 L 0.043 0.022 0.014 0.015 0.015 0.014 0.019 0.022 0.011 0.105 0.305 0.023 0.041 0.13 0.013 0.025 0.032 0.009 0.035 0.106
32 Q 0.053 0.065 0.039 0.042 0.009 0.219 0.09 0.037 0.026 0.035 0.085 0.081 0.023 0.018 0.022 0.05 0.039 0.006 0.02 0.04
33 L 0.044 0.021 0.014 0.015 0.016 0.015 0.019 0.02 0.009 0.174 0.32 0.024 0.044 0.049 0.014 0.024 0.034 0.006 0.021 0.118
34 A 0.206 0.044 0.034 0.036 0.016 0.099 0.06 0.062 0.019 0.035 0.051 0.059 0.018 0.018 0.027 0.091 0.049 0.005 0.018 0.053
35 E 0.053 0.05 0.037 0.076 0.008 0.067 0.265 0.035 0.023 0.022 0.036 0.083 0.013 0.015 0.079 0.052 0.036 0.005 0.016 0.03
36 T 0.122 0.034 0.039 0.082 0.016 0.031 0.076 0.049 0.016 0.045 0.066 0.047 0.036 0.023 0.025 0.091 0.123 0.005 0.017 0.058
37 N 0.041 0.043 0.343 0.08 0.009 0.032 0.047 0.063 0.03 0.022 0.03 0.052 0.011 0.017 0.019 0.067 0.047 0.004 0.015 0.026
38 A 0.176 0.041 0.034 0.052 0.014 0.062 0.142 0.056 0.02 0.032 0.047 0.059 0.015 0.018 0.027 0.088 0.046 0.005 0.017 0.048
39 Y 0.039 0.027 0.021 0.018 0.009 0.021 0.027 0.024 0.045 0.042 0.066 0.03 0.018 0.126 0.015 0.03 0.027 0.027 0.344 0.045
40 L 0.044 0.023 0.016 0.017 0.014 0.018 0.021 0.023 0.013 0.137 0.212 0.026 0.088 0.128 0.014 0.028 0.034 0.009 0.036 0.1
41 G 0.075 0.022 0.038 0.032 0.01 0.018 0.025 0.529 0.013 0.018 0.027 0.032 0.009 0.016 0.018 0.049 0.029 0.005 0.01 0.023
42 Y 0.039 0.027 0.021 0.018 0.009 0.021 0.027 0.024 0.045 0.042 0.066 0.03 0.018 0.126 0.015 0.03 0.027 0.027 0.344 0.045
43 L 0.055 0.07 0.022 0.022 0.015 0.023 0.03 0.026 0.012 0.128 0.169 0.067 0.031 0.035 0.017 0.036 0.053 0.006 0.019 0.166
44 P 0.061 0.048 0.052 0.037 0.012 0.031 0.045 0.041 0.036 0.041 0.083 0.1 0.018 0.022 0.133 0.077 0.094 0.005 0.018 0.046
45 F 0.038 0.018 0.015 0.016 0.013 0.012 0.018 0.022 0.013 0.146 0.159 0.02 0.031 0.248 0.012 0.024 0.03 0.012 0.056 0.096
46 P 0.069 0.039 0.054 0.059 0.012 0.028 0.046 0.046 0.016 0.035 0.077 0.073 0.016 0.02 0.187 0.112 0.05 0.004 0.015 0.04
47 L 0.057 0.02 0.015 0.017 0.015 0.014 0.019 0.024 0.011 0.159 0.237 0.023 0.037 0.127 0.014 0.027 0.033 0.008 0.035 0.108
48 D 0.041 0.037 0.063 0.378 0.007 0.031 0.086 0.044 0.018 0.022 0.029 0.072 0.01 0.014 0.022 0.05 0.034 0.004 0.011 0.024
49 L 0.106 0.024 0.017 0.019 0.016 0.018 0.025 0.034 0.012 0.115 0.211 0.029 0.051 0.081 0.017 0.039 0.038 0.007 0.027 0.113
50 E 0.064 0.068 0.034 0.083 0.009 0.032 0.103 0.09 0.021 0.029 0.047 0.052 0.014 0.072 0.102 0.045 0.033 0.008 0.058 0.035
51 Y 0.038 0.028 0.056 0.025 0.009 0.021 0.028 0.028 0.04 0.042 0.067 0.031 0.018 0.145 0.015 0.033 0.029 0.023 0.279 0.044
52 L 0.075 0.022 0.016 0.018 0.015 0.015 0.022 0.028 0.012 0.138 0.202 0.025 0.042 0.124 0.015 0.032 0.036 0.008 0.035 0.12
53 F 0.076 0.022 0.018 0.019 0.014 0.015 0.023 0.031 0.013 0.105 0.172 0.025 0.03 0.183 0.015 0.044 0.036 0.01 0.045 0.103
54 A 0.115 0.107 0.066 0.035 0.014 0.029 0.04 0.048 0.018 0.046 0.057 0.057 0.017 0.025 0.021 0.079 0.07 0.062 0.022 0.073
55 V 0.089 0.023 0.02 0.021 0.017 0.018 0.025 0.032 0.01 0.173 0.151 0.029 0.031 0.036 0.018 0.058 0.046 0.006 0.019 0.178
56 L 0.108 0.024 0.017 0.019 0.017 0.018 0.025 0.034 0.012 0.117 0.196 0.029 0.05 0.08 0.017 0.039 0.039 0.007 0.027 0.125
57 L 0.058 0.024 0.022 0.022 0.043 0.017 0.025 0.03 0.012 0.114 0.168 0.028 0.03 0.098 0.017 0.059 0.067 0.007 0.03 0.129
58 G 0.128 0.029 0.034 0.032 0.015 0.024 0.035 0.159 0.015 0.043 0.068 0.039 0.035 0.066 0.023 0.101 0.072 0.007 0.024 0.052
59 L 0.054 0.021 0.017 0.018 0.016 0.015 0.02 0.078 0.009 0.166 0.216 0.025 0.035 0.041 0.015 0.029 0.038 0.006 0.019 0.163
60 L 0.058 0.022 0.021 0.021 0.015 0.017 0.023 0.083 0.011 0.138 0.172 0.027 0.031 0.078 0.016 0.054 0.041 0.007 0.026 0.137
61 L 0.045 0.02 0.015 0.016 0.068 0.013 0.019 0.023 0.011 0.113 0.209 0.022 0.033 0.165 0.013 0.026 0.032 0.009 0.041 0.106
62 L 0.057 0.023 0.021 0.022 0.016 0.017 0.024 0.028 0.01 0.184 0.186 0.029 0.033 0.039 0.017 0.057 0.069 0.006 0.02 0.141
63 G 0.096 0.024 0.03 0.028 0.014 0.019 0.028 0.258 0.013 0.053 0.093 0.032 0.019 0.067 0.019 0.068 0.038 0.007 0.022 0.071
64 L 0.077 0.023 0.017 0.018 0.015 0.018 0.023 0.029 0.012 0.128 0.165 0.027 0.066 0.122 0.015 0.034 0.037 0.008 0.035 0.127
65 L 0.047 0.022 0.015 0.016 0.015 0.015 0.02 0.022 0.014 0.14 0.23 0.024 0.036 0.095 0.014 0.026 0.035 0.01 0.064 0.141
66 L 0.057 0.025 0.02 0.02 0.016 0.019 0.025 0.027 0.011 0.151 0.199 0.03 0.07 0.041 0.016 0.053 0.044 0.006 0.021 0.149
67 P 0.066 0.028 0.029 0.034 0.011 0.023 0.038 0.041 0.014 0.026 0.036 0.042 0.011 0.014 0.405 0.088 0.045 0.003 0.013 0.032
68 V 0.083 0.049 0.024 0.026 0.014 0.028 0.038 0.034 0.013 0.127 0.128 0.12 0.027 0.03 0.02 0.041 0.041 0.005 0.019 0.132
69 K 0.115 0.091 0.031 0.034 0.014 0.036 0.062 0.044 0.016 0.06 0.065 0.136 0.019 0.021 0.024 0.055 0.055 0.005 0.017 0.1
70 I 0.045 0.018 0.015 0.017 0.015 0.014 0.018 0.02 0.013 0.27 0.151 0.024 0.033 0.052 0.014 0.025 0.037 0.008 0.056 0.156
71 D 0.052 0.067 0.037 0.119 0.011 0.03 0.077 0.034 0.023 0.073 0.066 0.048 0.018 0.046 0.019 0.062 0.039 0.01 0.089 0.078
72 R 0.047 0.281 0.038 0.033 0.008 0.048 0.056 0.035 0.022 0.024 0.044 0.179 0.015 0.016 0.021 0.046 0.035 0.005 0.017 0.03
73 P 0.055 0.025 0.022 0.03 0.01 0.02 0.035 0.035 0.012 0.025 0.035 0.04 0.01 0.012 0.513 0.042 0.035 0.002 0.012 0.03
74 S 0.106 0.039 0.052 0.047 0.017 0.032 0.05 0.064 0.018 0.029 0.04 0.052 0.015 0.02 0.029 0.25 0.079 0.005 0.017 0.04
75 D 0.047 0.03 0.065 0.379 0.008 0.029 0.084 0.047 0.018 0.022 0.028 0.044 0.01 0.015 0.022 0.072 0.039 0.004 0.011 0.025
76 F 0.032 0.018 0.016 0.016 0.01 0.01 0.018 0.024 0.016 0.061 0.11 0.018 0.024 0.41 0.01 0.024 0.024 0.016 0.085 0.053
77 F 0.032 0.018 0.016 0.016 0.01 0.01 0.018 0.024 0.016 0.061 0.11 0.018 0.024 0.41 0.01 0.024 0.024 0.016 0.085 0.053
78 V 0.083 0.064 0.03 0.028 0.07 0.023 0.032 0.093 0.013 0.07 0.104 0.043 0.022 0.026 0.02 0.08 0.071 0.005 0.017 0.106
79 L 0.04 0.021 0.015 0.015 0.014 0.013 0.019 0.022 0.012 0.115 0.276 0.022 0.039 0.171 0.013 0.024 0.03 0.01 0.043 0.088
80 L 0.04 0.021 0.015 0.015 0.014 0.013 0.019 0.022 0.012 0.115 0.276 0.022 0.039 0.171 0.013 0.024 0.03 0.01 0.043 0.088
81 Y 0.041 0.034 0.027 0.023 0.009 0.048 0.038 0.027 0.08 0.038 0.06 0.038 0.018 0.103 0.016 0.034 0.028 0.022 0.276 0.041
82 G 0.078 0.025 0.036 0.032 0.013 0.02 0.029 0.313 0.013 0.067 0.056 0.035 0.016 0.022 0.02 0.089 0.043 0.005 0.014 0.074
83 L 0.044 0.021 0.015 0.016 0.015 0.014 0.019 0.022 0.011 0.126 0.278 0.023 0.039 0.129 0.013 0.025 0.033 0.009 0.035 0.115
84 F 0.035 0.019 0.016 0.016 0.011 0.011 0.018 0.023 0.015 0.093 0.148 0.019 0.028 0.33 0.011 0.024 0.027 0.014 0.071 0.07
85 V 0.067 0.02 0.016 0.017 0.072 0.015 0.022 0.025 0.008 0.145 0.118 0.024 0.029 0.033 0.016 0.032 0.046 0.005 0.019 0.27
86 L 0.046 0.023 0.014 0.015 0.016 0.016 0.02 0.021 0.01 0.116 0.369 0.024 0.046 0.051 0.014 0.024 0.034 0.007 0.021 0.115
87 L 0.044 0.024 0.014 0.015 0.016 0.017 0.02 0.021 0.01 0.109 0.376 0.025 0.064 0.052 0.014 0.025 0.033 0.007 0.022 0.092
88 P 0.06 0.026 0.026 0.032 0.011 0.021 0.037 0.038 0.013 0.025 0.035 0.041 0.01 0.013 0.459 0.065 0.04 0.003 0.013 0.031
89 Y 0.041 0.025 0.02 0.018 0.064 0.019 0.025 0.025 0.038 0.044 0.07 0.028 0.018 0.146 0.015 0.03 0.028 0.023 0.278 0.047
90 V 0.095 0.027 0.024 0.024 0.018 0.021 0.029 0.036 0.011 0.107 0.139 0.033 0.046 0.033 0.02 0.067 0.074 0.006 0.019 0.172
91 V 0.057 0.022 0.018 0.019 0.016 0.016 0.023 0.025 0.01 0.161 0.143 0.026 0.04 0.078 0.016 0.035 0.067 0.007 0.027 0.193
92 L 0.042 0.023 0.014 0.015 0.015 0.015 0.019 0.021 0.01 0.105 0.367 0.024 0.045 0.092 0.013 0.023 0.031 0.008 0.029 0.088
93 F 0.054 0.031 0.034 0.03 0.011 0.024 0.037 0.037 0.103 0.037 0.06 0.036 0.017 0.132 0.073 0.081 0.039 0.013 0.113 0.039
94 P 0.068 0.066 0.032 0.033 0.012 0.025 0.037 0.095 0.014 0.039 0.046 0.048 0.014 0.017 0.24 0.088 0.045 0.004 0.014 0.061
95 I 0.051 0.021 0.018 0.019 0.016 0.016 0.021 0.023 0.01 0.233 0.15 0.027 0.051 0.04 0.016 0.033 0.066 0.006 0.02 0.164
96 R 0.045 0.295 0.036 0.029 0.009 0.041 0.046 0.032 0.024 0.028 0.049 0.098 0.016 0.03 0.019 0.047 0.06 0.008 0.053 0.036
97 G 0.074 0.026 0.071 0.038 0.012 0.021 0.03 0.369 0.015 0.035 0.04 0.036 0.012 0.018 0.019 0.072 0.038 0.005 0.013 0.056
98 G 0.05 0.036 0.048 0.041 0.01 0.053 0.087 0.088 0.058 0.066 0.075 0.046 0.037 0.067 0.073 0.042 0.034 0.007 0.029 0.053
99 I 0.051 0.021 0.026 0.107 0.015 0.017 0.035 0.027 0.01 0.19 0.119 0.028 0.028 0.034 0.016 0.032 0.04 0.005 0.018 0.18
100 D 0.115 0.03 0.041 0.119 0.015 0.026 0.05 0.051 0.015 0.058 0.059 0.042 0.017 0.022 0.051 0.117 0.054 0.005 0.016 0.097
101 L 0.047 0.03 0.024 0.023 0.013 0.042 0.032 0.029 0.014 0.081 0.185 0.034 0.03 0.101 0.016 0.041 0.085 0.064 0.036 0.071
102 D 0.041 0.03 0.069 0.399 0.007 0.03 0.091 0.046 0.019 0.022 0.028 0.045 0.009 0.015 0.022 0.052 0.035 0.004 0.011 0.024
103 E 0.067 0.042 0.033 0.046 0.01 0.082 0.127 0.038 0.024 0.032 0.053 0.056 0.017 0.077 0.02 0.067 0.038 0.065 0.067 0.038
104 D 0.048 0.072 0.041 0.128 0.009 0.047 0.113 0.089 0.042 0.055 0.052 0.055 0.015 0.031 0.02 0.044 0.033 0.008 0.054 0.045
105 F 0.073 0.023 0.021 0.02 0.012 0.016 0.025 0.06 0.022 0.056 0.118 0.027 0.023 0.221 0.015 0.046 0.032 0.015 0.12 0.055
106 L 0.046 0.021 0.016 0.017 0.014 0.015 0.021 0.024 0.012 0.12 0.154 0.024 0.048 0.146 0.013 0.027 0.035 0.065 0.044 0.139
107 L 0.046 0.023 0.015 0.016 0.016 0.017 0.02 0.022 0.01 0.153 0.296 0.026 0.068 0.048 0.014 0.026 0.035 0.007 0.021 0.12
108 Y 0.048 0.026 0.028 0.066 0.012 0.02 0.034 0.031 0.025 0.068 0.127 0.031 0.024 0.127 0.017 0.058 0.048 0.014 0.138 0.06
109 F 0.034 0.02 0.016 0.016 0.011 0.012 0.019 0.024 0.019 0.064 0.137 0.02 0.026 0.339 0.011 0.025 0.026 0.016 0.107 0.056
110 F 0.089 0.026 0.027 0.026 0.014 0.019 0.03 0.041 0.016 0.063 0.091 0.032 0.031 0.197 0.018 0.095 0.046 0.01 0.048 0.08
111 V 0.093 0.024 0.021 0.022 0.018 0.018 0.026 0.032 0.01 0.143 0.111 0.03 0.028 0.032 0.019 0.046 0.085 0.005 0.019 0.219
112 L 0.044 0.023 0.014 0.015 0.016 0.015 0.019 0.021 0.01 0.124 0.371 0.024 0.046 0.051 0.014 0.024 0.033 0.007 0.021 0.108
113 L 0.114 0.025 0.021 0.022 0.016 0.018 0.028 0.039 0.013 0.086 0.158 0.03 0.028 0.117 0.018 0.064 0.043 0.008 0.034 0.117
114 L 0.084 0.025 0.023 0.023 0.016 0.019 0.026 0.088 0.011 0.103 0.236 0.031 0.034 0.039 0.018 0.053 0.064 0.006 0.019 0.085
115 P 0.055 0.025 0.022 0.03 0.01 0.02 0.035 0.035 0.012 0.025 0.035 0.04 0.01 0.012 0.513 0.042 0.035 0.002 0.012 0.03
116 L 0.078 0.022 0.016 0.017 0.016 0.016 0.022 0.028 0.01 0.129 0.242 0.026 0.036 0.084 0.015 0.032 0.037 0.007 0.027 0.139
117 L 0.045 0.023 0.015 0.016 0.015 0.016 0.02 0.022 0.011 0.13 0.287 0.025 0.058 0.089 0.014 0.026 0.034 0.008 0.028 0.119
118 L 0.051 0.021 0.014 0.016 0.07 0.015 0.019 0.022 0.009 0.156 0.248 0.024 0.038 0.043 0.014 0.027 0.037 0.006 0.02 0.151
119 V 0.061 0.021 0.015 0.017 0.018 0.015 0.021 0.023 0.008 0.176 0.162 0.025 0.033 0.038 0.015 0.029 0.044 0.006 0.02 0.253
120 R 0.079 0.236 0.037 0.033 0.01 0.043 0.052 0.04 0.02 0.029 0.047 0.142 0.016 0.017 0.022 0.054 0.063 0.005 0.017 0.039
121 L 0.05 0.031 0.019 0.02 0.069 0.019 0.026 0.026 0.011 0.131 0.249 0.056 0.036 0.041 0.016 0.041 0.037 0.006 0.019 0.096
122 V 0.079 0.025 0.021 0.022 0.017 0.02 0.027 0.031 0.011 0.139 0.13 0.031 0.065 0.036 0.018 0.059 0.048 0.006 0.02 0.195
123 S 0.083 0.033 0.042 0.037 0.015 0.027 0.041 0.103 0.056 0.058 0.09 0.043 0.02 0.026 0.023 0.154 0.058 0.006 0.021 0.064
124 L 0.08 0.061 0.019 0.02 0.015 0.02 0.027 0.03 0.011 0.126 0.181 0.038 0.031 0.035 0.072 0.036 0.039 0.005 0.019 0.134
125 L 0.083 0.032 0.022 0.023 0.015 0.021 0.03 0.033 0.012 0.12 0.165 0.059 0.03 0.076 0.018 0.051 0.053 0.007 0.026 0.121
126 A 0.212 0.056 0.031 0.034 0.017 0.035 0.051 0.067 0.017 0.038 0.054 0.122 0.017 0.02 0.029 0.075 0.047 0.005 0.017 0.057
127 L 0.053 0.024 0.015 0.016 0.017 0.016 0.021 0.022 0.009 0.132 0.294 0.026 0.044 0.048 0.015 0.027 0.039 0.007 0.022 0.154
128 N 0.043 0.045 0.315 0.083 0.009 0.034 0.05 0.065 0.032 0.023 0.032 0.054 0.011 0.018 0.02 0.07 0.05 0.005 0.016 0.027
129 K 0.057 0.107 0.042 0.042 0.009 0.054 0.071 0.043 0.021 0.028 0.043 0.276 0.016 0.016 0.028 0.054 0.04 0.005 0.017 0.033
130 L 0.056 0.037 0.028 0.026 0.015 0.025 0.034 0.03 0.055 0.112 0.138 0.064 0.046 0.034 0.019 0.044 0.08 0.006 0.024 0.129
131 P 0.05 0.03 0.023 0.027 0.01 0.022 0.034 0.032 0.02 0.033 0.062 0.051 0.014 0.04 0.348 0.039 0.033 0.008 0.087 0.037
132 P 0.084 0.071 0.024 0.027 0.013 0.025 0.036 0.036 0.013 0.087 0.073 0.073 0.019 0.022 0.184 0.043 0.04 0.004 0.016 0.109
133 L 0.044 0.022 0.033 0.019 0.015 0.015 0.021 0.024 0.011 0.145 0.247 0.025 0.037 0.106 0.014 0.027 0.035 0.008 0.031 0.122
134 R 0.048 0.269 0.055 0.035 0.008 0.043 0.05 0.09 0.021 0.023 0.041 0.135 0.014 0.016 0.02 0.046 0.035 0.005 0.016 0.029
135 I 0.05 0.021 0.016 0.017 0.016 0.017 0.021 0.023 0.011 0.186 0.167 0.025 0.069 0.083 0.014 0.028 0.039 0.007 0.028 0.163
136 P 0.054 0.025 0.039 0.029 0.011 0.02 0.032 0.034 0.013 0.049 0.085 0.037 0.016 0.02 0.375 0.04 0.037 0.003 0.014 0.066
137 G 0.064 0.083 0.037 0.033 0.01 0.03 0.039 0.31 0.016 0.026 0.054 0.117 0.013 0.018 0.02 0.048 0.032 0.005 0.013 0.03
138 I 0.047 0.018 0.015 0.018 0.016 0.013 0.018 0.021 0.009 0.271 0.168 0.024 0.037 0.044 0.015 0.025 0.04 0.006 0.021 0.177
139 V 0.07 0.022 0.016 0.018 0.019 0.016 0.023 0.025 0.008 0.165 0.13 0.026 0.032 0.036 0.016 0.033 0.049 0.006 0.021 0.269
140 L 0.045 0.024 0.014 0.015 0.016 0.016 0.02 0.021 0.01 0.115 0.375 0.025 0.05 0.055 0.014 0.024 0.033 0.007 0.022 0.096
141 L 0.047 0.027 0.034 0.02 0.069 0.017 0.023 0.026 0.012 0.114 0.233 0.04 0.034 0.081 0.015 0.03 0.035 0.007 0.026 0.108
142 L 0.043 0.02 0.014 0.016 0.015 0.014 0.018 0.021 0.01 0.189 0.262 0.023 0.04 0.088 0.013 0.024 0.034 0.007 0.028 0.123
143 N 0.056 0.043 0.144 0.093 0.011 0.031 0.049 0.103 0.02 0.032 0.042 0.074 0.014 0.018 0.023 0.069 0.119 0.005 0.015 0.04
144 Q 0.062 0.05 0.073 0.045 0.011 0.123 0.066 0.045 0.023 0.03 0.049 0.063 0.017 0.06 0.077 0.094 0.047 0.006 0.025 0.036
145 G 0.055 0.081 0.086 0.045 0.009 0.034 0.071 0.204 0.02 0.022 0.036 0.094 0.012 0.021 0.019 0.049 0.034 0.061 0.02 0.027
146 A 0.13 0.036 0.036 0.035 0.017 0.051 0.046 0.052 0.017 0.071 0.077 0.048 0.038 0.025 0.025 0.124 0.081 0.006 0.018 0.068
147 V 0.061 0.022 0.018 0.018 0.017 0.017 0.022 0.079 0.009 0.137 0.181 0.026 0.041 0.037 0.016 0.032 0.041 0.006 0.019 0.203
148 L 0.05 0.021 0.016 0.017 0.015 0.015 0.021 0.022 0.013 0.155 0.186 0.024 0.033 0.092 0.014 0.027 0.037 0.009 0.063 0.168
149 F 0.044 0.021 0.021 0.02 0.011 0.014 0.021 0.136 0.017 0.065 0.115 0.024 0.022 0.192 0.013 0.03 0.027 0.068 0.085 0.054
150 L 0.049 0.02 0.017 0.018 0.015 0.014 0.019 0.077 0.009 0.197 0.224 0.024 0.036 0.042 0.015 0.027 0.036 0.006 0.019 0.135
151 L 0.076 0.024 0.015 0.016 0.016 0.017 0.022 0.027 0.01 0.109 0.331 0.026 0.042 0.047 0.016 0.031 0.036 0.006 0.021 0.112
152 V 0.07 0.022 0.016 0.018 0.019 0.016 0.023 0.025 0.008 0.165 0.13 0.026 0.032 0.036 0.016 0.033 0.049 0.006 0.021 0.269
153 L 0.114 0.025 0.022 0.022 0.125 0.018 0.027 0.04 0.012 0.064 0.159 0.03 0.026 0.073 0.019 0.06 0.065 0.007 0.025 0.068
154 L 0.048 0.023 0.017 0.018 0.014 0.017 0.022 0.025 0.012 0.127 0.215 0.026 0.052 0.087 0.014 0.038 0.036 0.064 0.033 0.113
155 L 0.044 0.021 0.014 0.016 0.015 0.014 0.019 0.021 0.01 0.15 0.268 0.023 0.039 0.108 0.013 0.025 0.034 0.008 0.032 0.126
156 C 0.094 0.021 0.021 0.021 0.288 0.016 0.023 0.038 0.01 0.082 0.077 0.027 0.02 0.024 0.018 0.065 0.043 0.005 0.015 0.094
157 L 0.079 0.022 0.015 0.017 0.017 0.016 0.022 0.027 0.01 0.156 0.248 0.026 0.038 0.043 0.016 0.032 0.039 0.006 0.02 0.152
158 V 0.117 0.025 0.023 0.023 0.017 0.019 0.028 0.039 0.012 0.092 0.126 0.031 0.026 0.094 0.019 0.059 0.069 0.007 0.03 0.143
159 G 0.074 0.022 0.033 0.029 0.012 0.018 0.024 0.417 0.012 0.049 0.049 0.031 0.014 0.02 0.018 0.045 0.033 0.005 0.012 0.084
160 L 0.054 0.022 0.015 0.017 0.017 0.016 0.021 0.022 0.009 0.174 0.211 0.026 0.056 0.043 0.015 0.028 0.04 0.006 0.021 0.187
161 L 0.06 0.021 0.016 0.017 0.015 0.015 0.021 0.025 0.012 0.143 0.215 0.024 0.045 0.135 0.014 0.029 0.034 0.009 0.037 0.113
162 L 0.044 0.023 0.017 0.017 0.013 0.016 0.022 0.023 0.019 0.12 0.167 0.025 0.048 0.144 0.014 0.027 0.033 0.013 0.107 0.108
163 A 0.264 0.028 0.028 0.029 0.018 0.023 0.036 0.176 0.014 0.036 0.05 0.04 0.015 0.02 0.026 0.075 0.044 0.005 0.015 0.057
164 L 0.073 0.024 0.015 0.016 0.016 0.016 0.022 0.027 0.011 0.1 0.345 0.026 0.043 0.069 0.015 0.03 0.033 0.007 0.024 0.087
165 S 0.129 0.031 0.035 0.033 0.015 0.024 0.038 0.053 0.02 0.04 0.062 0.04 0.018 0.119 0.023 0.138 0.054 0.01 0.068 0.049
166 N 0.053 0.048 0.244 0.067 0.01 0.034 0.049 0.058 0.026 0.026 0.036 0.079 0.013 0.018 0.022 0.088 0.075 0.005 0.016 0.033
167 P 0.112 0.069 0.027 0.031 0.012 0.049 0.045 0.044 0.016 0.028 0.042 0.054 0.013 0.015 0.296 0.052 0.038 0.004 0.015 0.038
168 P 0.064 0.029 0.033 0.033 0.013 0.023 0.035 0.093 0.013 0.036 0.046 0.041 0.014 0.017 0.242 0.064 0.141 0.004 0.014 0.046
169 A 0.134 0.028 0.028 0.035 0.015 0.025 0.065 0.1 0.014 0.075 0.066 0.041 0.018 0.022 0.105 0.066 0.055 0.005 0.016 0.087
170 S 0.106 0.039 0.052 0.047 0.017 0.032 0.05 0.064 0.018 0.029 0.04 0.052 0.015 0.02 0.029 0.25 0.079 0.005 0.017 0.04
171 A 0.317 0.03 0.025 0.029 0.021 0.025 0.039 0.075 0.014 0.042 0.057 0.043 0.017 0.021 0.029 0.082 0.048 0.005 0.017 0.066
172 G 0.075 0.022 0.038 0.032 0.01 0.018 0.025 0.529 0.013 0.018 0.027 0.032 0.009 0.016 0.018 0.049 0.029 0.005 0.01 0.023
173 F 0.032 0.018 0.016 0.016 0.01 0.01 0.018 0.024 0.016 0.061 0.11 0.018 0.024 0.41 0.01 0.024 0.024 0.016 0.085 0.053
174 D 0.055 0.028 0.058 0.293 0.009 0.027 0.07 0.154 0.017 0.022 0.028 0.042 0.01 0.015 0.022 0.072 0.038 0.004 0.011 0.025
175 L 0.04 0.023 0.015 0.016 0.013 0.016 0.02 0.023 0.014 0.109 0.244 0.024 0.053 0.115 0.013 0.025 0.031 0.066 0.055 0.084
176 A 0.209 0.032 0.04 0.12 0.017 0.027 0.052 0.066 0.016 0.034 0.047 0.045 0.015 0.019 0.027 0.112 0.052 0.005 0.015 0.051
177 T 0.073 0.043 0.064 0.085 0.014 0.031 0.051 0.049 0.017 0.037 0.048 0.076 0.016 0.02 0.026 0.124 0.155 0.005 0.016 0.049
178 S 0.138 0.032 0.034 0.033 0.018 0.026 0.039 0.053 0.015 0.068 0.079 0.042 0.039 0.026 0.024 0.14 0.061 0.005 0.018 0.108
179 Y 0.039 0.027 0.021 0.018 0.009 0.021 0.027 0.024 0.045 0.042 0.066 0.03 0.018 0.126 0.015 0.03 0.027 0.027 0.344 0.045
180 E 0.053 0.036 0.04 0.14 0.01 0.04 0.172 0.034 0.018 0.071 0.061 0.052 0.017 0.021 0.022 0.051 0.063 0.005 0.016 0.078
181 R 0.043 0.37 0.037 0.03 0.007 0.047 0.05 0.032 0.022 0.022 0.045 0.116 0.015 0.017 0.019 0.043 0.034 0.006 0.017 0.03
182 R 0.043 0.37 0.037 0.03 0.007 0.047 0.05 0.032 0.022 0.022 0.045 0.116 0.015 0.017 0.019 0.043 0.034 0.006 0.017 0.03
183 L 0.044 0.023 0.014 0.015 0.016 0.017 0.02 0.021 0.01 0.13 0.35 0.025 0.062 0.051 0.014 0.025 0.034 0.007 0.021 0.101
184 E 0.053 0.05 0.039 0.082 0.007 0.082 0.299 0.034 0.025 0.022 0.036 0.074 0.013 0.016 0.025 0.053 0.036 0.005 0.016 0.031
185 G 0.075 0.022 0.038 0.032 0.01 0.018 0.025 0.529 0.013 0.018 0.027 0.032 0.009 0.016 0.018 0.049 0.029 0.005 0.01 0.023
186 R 0.043 0.37 0.037 0.03 0.007 0.047 0.05 0.032 0.022 0.022 0.045 0.116 0.015 0.017 0.019 0.043 0.034 0.006 0.017 0.03
187 D 0.046 0.033 0.053 0.283 0.008 0.037 0.146 0.039 0.019 0.037 0.04 0.049 0.012 0.017 0.022 0.049 0.036 0.004 0.013 0.056
188 I 0.049 0.057 0.017 0.018 0.069 0.017 0.021 0.023 0.01 0.203 0.16 0.033 0.032 0.037 0.015 0.029 0.038 0.006 0.019 0.147
189 F 0.036 0.021 0.018 0.017 0.01 0.014 0.021 0.024 0.025 0.081 0.101 0.023 0.023 0.275 0.012 0.026 0.027 0.019 0.164 0.063
190 P 0.064 0.026 0.03 0.031 0.014 0.021 0.032 0.091 0.012 0.091 0.069 0.037 0.018 0.023 0.185 0.072 0.093 0.004 0.015 0.07
191 A 0.127 0.034 0.04 0.083 0.016 0.03 0.076 0.052 0.016 0.049 0.056 0.046 0.017 0.021 0.026 0.108 0.102 0.005 0.016 0.078
192 G 0.072 0.061 0.038 0.032 0.01 0.021 0.027 0.474 0.014 0.019 0.029 0.042 0.01 0.016 0.018 0.049 0.029 0.005 0.011 0.024
193 S 0.095 0.039 0.083 0.049 0.016 0.031 0.049 0.061 0.019 0.03 0.042 0.051 0.015 0.02 0.027 0.212 0.097 0.005 0.017 0.042
194 L 0.046 0.021 0.016 0.017 0.014 0.014 0.021 0.024 0.012 0.095 0.201 0.024 0.032 0.163 0.068 0.028 0.033 0.009 0.041 0.118
195 F 0.069 0.02 0.016 0.017 0.014 0.014 0.021 0.028 0.013 0.123 0.18 0.023 0.031 0.206 0.014 0.03 0.032 0.011 0.049 0.089
196 A 0.27 0.032 0.031 0.033 0.02 0.026 0.041 0.073 0.015 0.039 0.053 0.045 0.016 0.021 0.029 0.119 0.055 0.005 0.017 0.06
197 Y 0.039 0.027 0.021 0.018 0.009 0.021 0.027 0.024 0.045 0.042 0.066 0.03 0.018 0.126 0.015 0.03 0.027 0.027 0.344 0.045
198 L 0.049 0.024 0.018 0.019 0.015 0.017 0.023 0.026 0.011 0.107 0.314 0.027 0.041 0.088 0.015 0.049 0.037 0.008 0.028 0.087
199 N 0.064 0.036 0.173 0.055 0.04 0.028 0.042 0.054 0.021 0.071 0.057 0.045 0.017 0.023 0.021 0.119 0.056 0.005 0.016 0.056
200 S 0.125 0.037 0.041 0.044 0.016 0.033 0.075 0.056 0.018 0.04 0.062 0.05 0.035 0.023 0.026 0.158 0.086 0.005 0.017 0.052
201 A 0.225 0.028 0.022 0.025 0.018 0.022 0.033 0.059 0.014 0.075 0.083 0.037 0.038 0.03 0.023 0.063 0.043 0.062 0.023 0.076
202 I 0.08 0.021 0.034 0.022 0.016 0.016 0.022 0.029 0.01 0.224 0.135 0.027 0.031 0.037 0.016 0.035 0.042 0.005 0.019 0.179
203 V 0.059 0.022 0.016 0.018 0.017 0.018 0.022 0.024 0.01 0.176 0.148 0.027 0.068 0.039 0.015 0.031 0.043 0.006 0.021 0.223
204 N 0.041 0.043 0.343 0.08 0.009 0.032 0.047 0.063 0.03 0.022 0.03 0.052 0.011 0.017 0.019 0.067 0.047 0.004 0.015 0.026
205 G 0.075 0.022 0.038 0.032 0.01 0.018 0.025 0.529 0.013 0.018 0.027 0.032 0.009 0.016 0.018 0.049 0.029 0.005 0.01 0.023
206 F 0.036 0.019 0.016 0.016 0.011 0.011 0.019 0.024 0.015 0.072 0.143 0.019 0.027 0.35 0.011 0.025 0.027 0.015 0.075 0.071
207 A 0.24 0.03 0.03 0.031 0.019 0.025 0.039 0.067 0.015 0.067 0.065 0.043 0.019 0.023 0.027 0.113 0.054 0.005 0.017 0.072
208 P 0.055 0.025 0.022 0.03 0.01 0.02 0.035 0.035 0.012 0.025 0.035 0.04 0.01 0.012 0.513 0.042 0.035 0.002 0.012 0.03
209 F 0.038 0.021 0.016 0.016 0.013 0.014 0.02 0.023 0.014 0.082 0.215 0.022 0.051 0.251 0.012 0.025 0.029 0.012 0.057 0.07
210 L 0.046 0.022 0.014 0.015 0.016 0.015 0.019 0.021 0.009 0.137 0.343 0.024 0.044 0.049 0.014 0.024 0.035 0.007 0.021 0.124
211 A 0.291 0.029 0.026 0.029 0.02 0.024 0.037 0.126 0.014 0.039 0.054 0.042 0.016 0.02 0.027 0.078 0.046 0.005 0.016 0.061
212 F 0.033 0.019 0.017 0.016 0.01 0.011 0.019 0.024 0.019 0.059 0.105 0.02 0.024 0.379 0.011 0.025 0.025 0.017 0.114 0.052
213 W 0.049 0.022 0.016 0.016 0.013 0.016 0.022 0.026 0.012 0.098 0.106 0.024 0.043 0.085 0.012 0.028 0.035 0.176 0.043 0.157
214 A 0.264 0.028 0.028 0.029 0.018 0.023 0.036 0.176 0.014 0.036 0.05 0.04 0.015 0.02 0.026 0.075 0.044 0.005 0.015 0.057
215 G 0.103 0.023 0.033 0.03 0.122 0.019 0.027 0.316 0.013 0.027 0.04 0.033 0.012 0.018 0.02 0.073 0.038 0.005 0.012 0.037
216 W 0.036 0.021 0.015 0.015 0.064 0.015 0.021 0.027 0.013 0.049 0.13 0.022 0.022 0.053 0.01 0.024 0.026 0.343 0.05 0.046
217 K 0.048 0.133 0.032 0.03 0.01 0.06 0.052 0.032 0.022 0.046 0.125 0.146 0.023 0.036 0.02 0.041 0.035 0.008 0.054 0.046
218 R 0.051 0.178 0.07 0.037 0.009 0.038 0.048 0.094 0.021 0.027 0.047 0.127 0.015 0.06 0.02 0.058 0.037 0.006 0.023 0.032
219 R 0.048 0.245 0.038 0.039 0.008 0.05 0.087 0.035 0.022 0.024 0.043 0.174 0.015 0.016 0.022 0.047 0.035 0.005 0.017 0.03
220 A 0.113 0.05 0.026 0.026 0.015 0.024 0.034 0.042 0.036 0.106 0.083 0.053 0.022 0.037 0.02 0.066 0.043 0.063 0.044 0.1
221 W 0.033 0.06 0.017 0.017 0.009 0.017 0.024 0.027 0.015 0.045 0.102 0.032 0.021 0.131 0.01 0.025 0.025 0.289 0.06 0.042
222 L 0.041 0.032 0.018 0.018 0.013 0.019 0.026 0.025 0.016 0.079 0.252 0.055 0.034 0.097 0.014 0.027 0.03 0.066 0.069 0.069
223 L 0.042 0.023 0.015 0.016 0.014 0.016 0.021 0.023 0.012 0.094 0.262 0.025 0.063 0.111 0.013 0.026 0.032 0.065 0.037 0.09
224 L 0.107 0.025 0.018 0.02 0.016 0.019 0.025 0.035 0.012 0.123 0.174 0.03 0.067 0.08 0.017 0.04 0.039 0.007 0.027 0.117
225 F 0.043 0.019 0.016 0.017 0.013 0.012 0.019 0.023 0.013 0.135 0.125 0.021 0.028 0.245 0.012 0.026 0.033 0.011 0.056 0.133
226 P 0.162 0.032 0.035 0.036 0.016 0.026 0.042 0.06 0.015 0.032 0.044 0.046 0.014 0.018 0.163 0.136 0.056 0.004 0.016 0.046
227 L 0.042 0.022 0.015 0.016 0.014 0.016 0.02 0.022 0.012 0.15 0.234 0.024 0.063 0.128 0.013 0.026 0.033 0.009 0.035 0.105
228 L 0.089 0.025 0.024 0.024 0.07 0.019 0.028 0.038 0.013 0.093 0.186 0.031 0.03 0.077 0.019 0.082 0.044 0.007 0.026 0.078
229 C 0.057 0.016 0.016 0.016 0.395 0.012 0.016 0.029 0.009 0.073 0.079 0.02 0.019 0.066 0.015 0.036 0.034 0.006 0.021 0.067
230 W 0.085 0.025 0.028 0.026 0.011 0.019 0.028 0.205 0.014 0.027 0.043 0.031 0.013 0.036 0.016 0.063 0.033 0.23 0.036 0.033
231 L 0.049 0.021 0.014 0.016 0.016 0.015 0.02 0.021 0.009 0.163 0.286 0.024 0.041 0.046 0.014 0.025 0.037 0.006 0.021 0.155
232 A 0.157 0.031 0.035 0.033 0.017 0.024 0.037 0.11 0.015 0.04 0.057 0.041 0.017 0.064 0.025 0.111 0.101 0.006 0.024 0.055
233 F 0.066 0.021 0.018 0.018 0.011 0.014 0.022 0.03 0.022 0.055 0.094 0.024 0.022 0.304 0.013 0.032 0.028 0.017 0.135 0.053
234 F 0.034 0.02 0.017 0.017 0.01 0.013 0.02 0.024 0.023 0.057 0.1 0.021 0.023 0.347 0.011 0.026 0.025 0.019 0.143 0.051
235 Y 0.038 0.026 0.02 0.018 0.009 0.02 0.026 0.025 0.042 0.041 0.064 0.029 0.018 0.118 0.014 0.029 0.026 0.081 0.313 0.043
236 L 0.046 0.023 0.014 0.015 0.016 0.016 0.02 0.021 0.01 0.116 0.369 0.024 0.046 0.051 0.014 0.024 0.034 0.007 0.021 0.115
237 L 0.045 0.021 0.014 0.015 0.016 0.015 0.019 0.02 0.009 0.166 0.318 0.024 0.043 0.049 0.014 0.024 0.035 0.006 0.021 0.125
238 G 0.075 0.022 0.038 0.032 0.01 0.018 0.025 0.529 0.013 0.018 0.027 0.032 0.009 0.016 0.018 0.049 0.029 0.005 0.01 0.023
239 L 0.052 0.022 0.015 0.016 0.017 0.016 0.02 0.022 0.009 0.14 0.28 0.025 0.04 0.045 0.015 0.027 0.038 0.006 0.021 0.176
240 K 0.055 0.103 0.04 0.04 0.008 0.051 0.068 0.042 0.02 0.027 0.042 0.306 0.015 0.015 0.027 0.051 0.038 0.005 0.017 0.032
241 A 0.255 0.028 0.022 0.026 0.019 0.022 0.034 0.064 0.014 0.051 0.101 0.038 0.021 0.068 0.025 0.069 0.044 0.007 0.025 0.068
242 P 0.084 0.025 0.023 0.03 0.011 0.02 0.035 0.039 0.013 0.027 0.037 0.04 0.011 0.013 0.459 0.047 0.036 0.003 0.013 0.034
243 L 0.045 0.022 0.014 0.015 0.015 0.015 0.019 0.021 0.01 0.132 0.31 0.024 0.042 0.089 0.014 0.024 0.034 0.008 0.028 0.119
244 L 0.043 0.022 0.014 0.015 0.015 0.014 0.019 0.022 0.011 0.105 0.305 0.023 0.041 0.13 0.013 0.025 0.032 0.009 0.035 0.106
245 F 0.055 0.021 0.017 0.018 0.013 0.015 0.021 0.027 0.014 0.121 0.136 0.024 0.064 0.226 0.013 0.03 0.032 0.011 0.053 0.088
246 I 0.05 0.02 0.017 0.019 0.016 0.015 0.02 0.023 0.009 0.235 0.173 0.025 0.034 0.041 0.016 0.032 0.065 0.006 0.02 0.164
247 L 0.143 0.024 0.019 0.021 0.045 0.018 0.026 0.068 0.011 0.11 0.159 0.031 0.028 0.033 0.02 0.047 0.041 0.006 0.018 0.132
248 L 0.054 0.022 0.015 0.016 0.017 0.015 0.02 0.022 0.009 0.153 0.251 0.024 0.039 0.043 0.015 0.027 0.04 0.006 0.021 0.192
249 A 0.215 0.031 0.033 0.033 0.018 0.025 0.04 0.066 0.016 0.039 0.057 0.043 0.017 0.064 0.027 0.131 0.056 0.006 0.024 0.056
250 A 0.149 0.029 0.028 0.028 0.016 0.023 0.035 0.05 0.022 0.054 0.069 0.037 0.019 0.089 0.022 0.096 0.047 0.011 0.097 0.08
251 L 0.047 0.022 0.014 0.016 0.016 0.015 0.02 0.022 0.01 0.137 0.28 0.024 0.04 0.087 0.014 0.025 0.035 0.007 0.028 0.142
252 L 0.046 0.021 0.015 0.016 0.015 0.015 0.02 0.022 0.01 0.172 0.234 0.024 0.055 0.086 0.014 0.026 0.036 0.007 0.028 0.136
253 G 0.075 0.022 0.038 0.032 0.01 0.018 0.025 0.529 0.013 0.018 0.027 0.032 0.009 0.016 0.018 0.049 0.029 0.005 0.01 0.023
254 Y 0.041 0.045 0.021 0.022 0.01 0.022 0.043 0.025 0.032 0.053 0.083 0.035 0.029 0.167 0.015 0.031 0.029 0.02 0.214 0.061
255 A 0.178 0.03 0.029 0.029 0.017 0.024 0.037 0.056 0.019 0.047 0.075 0.04 0.037 0.078 0.024 0.102 0.049 0.009 0.062 0.059
256 A 0.149 0.027 0.027 0.027 0.071 0.022 0.031 0.102 0.016 0.054 0.064 0.036 0.018 0.034 0.023 0.064 0.093 0.008 0.052 0.084
257 R 0.047 0.257 0.069 0.034 0.009 0.039 0.044 0.089 0.021 0.031 0.069 0.09 0.026 0.02 0.018 0.045 0.035 0.006 0.016 0.035
258 R 0.046 0.203 0.033 0.03 0.009 0.04 0.049 0.033 0.019 0.059 0.064 0.158 0.018 0.063 0.02 0.042 0.035 0.007 0.025 0.049
259 G 0.088 0.033 0.106 0.049 0.01 0.029 0.067 0.265 0.059 0.022 0.033 0.044 0.011 0.018 0.02 0.056 0.035 0.005 0.018 0.029
260 K 0.052 0.12 0.073 0.048 0.008 0.05 0.092 0.042 0.022 0.025 0.04 0.231 0.014 0.015 0.025 0.052 0.038 0.005 0.016 0.031
261 L 0.054 0.024 0.019 0.02 0.016 0.018 0.023 0.026 0.011 0.168 0.226 0.028 0.054 0.043 0.016 0.051 0.042 0.006 0.02 0.135
262 H 0.046 0.076 0.069 0.041 0.009 0.056 0.077 0.035 0.104 0.044 0.059 0.054 0.018 0.077 0.018 0.043 0.034 0.009 0.07 0.062
263 A 0.088 0.079 0.041 0.077 0.013 0.033 0.05 0.045 0.058 0.039 0.064 0.08 0.035 0.045 0.023 0.086 0.069 0.006 0.025 0.046
264 L 0.104 0.024 0.018 0.02 0.016 0.018 0.025 0.035 0.013 0.123 0.159 0.029 0.065 0.121 0.017 0.039 0.037 0.008 0.035 0.094
265 I 0.058 0.021 0.021 0.022 0.014 0.016 0.022 0.136 0.01 0.154 0.136 0.027 0.027 0.032 0.071 0.033 0.037 0.005 0.017 0.141
266 R 0.086 0.122 0.105 0.044 0.012 0.037 0.049 0.05 0.021 0.034 0.058 0.105 0.034 0.021 0.023 0.088 0.047 0.005 0.017 0.042
267 L 0.078 0.025 0.02 0.02 0.015 0.019 0.025 0.03 0.018 0.107 0.193 0.03 0.031 0.059 0.017 0.04 0.062 0.011 0.092 0.108
268 I 0.053 0.02 0.015 0.017 0.017 0.015 0.02 0.021 0.009 0.202 0.2 0.024 0.036 0.042 0.015 0.027 0.04 0.006 0.02 0.202
269 Y 0.061 0.027 0.026 0.024 0.122 0.021 0.029 0.034 0.024 0.053 0.11 0.032 0.04 0.062 0.018 0.081 0.042 0.013 0.126 0.056
270 F 0.043 0.021 0.018 0.018 0.012 0.014 0.02 0.08 0.016 0.101 0.131 0.023 0.026 0.174 0.013 0.028 0.029 0.068 0.082 0.084
271 L 0.084 0.026 0.022 0.022 0.016 0.019 0.026 0.088 0.012 0.084 0.28 0.03 0.036 0.041 0.017 0.058 0.039 0.006 0.019 0.076
272 L 0.046 0.022 0.014 0.015 0.016 0.015 0.019 0.021 0.009 0.158 0.316 0.024 0.043 0.048 0.014 0.024 0.035 0.006 0.021 0.132
273 L 0.046 0.023 0.015 0.016 0.015 0.016 0.021 0.022 0.014 0.126 0.246 0.025 0.046 0.096 0.014 0.026 0.034 0.01 0.064 0.125
274 A 0.128 0.023 0.025 0.025 0.069 0.018 0.027 0.125 0.013 0.072 0.077 0.031 0.019 0.109 0.019 0.053 0.062 0.008 0.031 0.067
275 L 0.143 0.027 0.022 0.024 0.017 0.021 0.03 0.044 0.013 0.119 0.169 0.034 0.047 0.035 0.021 0.069 0.045 0.006 0.019 0.095
276 F 0.04 0.018 0.016 0.016 0.066 0.011 0.018 0.025 0.014 0.07 0.106 0.019 0.024 0.325 0.011 0.027 0.028 0.014 0.07 0.08
277 L 0.075 0.022 0.015 0.017 0.07 0.015 0.021 0.028 0.011 0.111 0.265 0.025 0.037 0.084 0.015 0.032 0.034 0.007 0.027 0.09
278 L 0.086 0.024 0.02 0.021 0.017 0.018 0.025 0.032 0.011 0.144 0.192 0.029 0.033 0.059 0.017 0.057 0.043 0.006 0.023 0.144
279 F 0.072 0.022 0.021 0.021 0.012 0.014 0.024 0.034 0.016 0.055 0.096 0.025 0.023 0.324 0.014 0.056 0.033 0.014 0.07 0.053
280 L 0.057 0.022 0.015 0.016 0.015 0.015 0.02 0.024 0.011 0.13 0.293 0.024 0.04 0.109 0.014 0.027 0.033 0.008 0.032 0.097
281 L 0.081 0.021 0.019 0.02 0.015 0.015 0.022 0.085 0.011 0.134 0.142 0.026 0.028 0.118 0.016 0.035 0.037 0.008 0.033 0.136
282 E 0.053 0.048 0.039 0.087 0.007 0.062 0.324 0.034 0.025 0.021 0.035 0.073 0.012 0.016 0.025 0.053 0.035 0.005 0.016 0.03
283 Y 0.05 0.029 0.027 0.023 0.011 0.023 0.031 0.03 0.038 0.041 0.063 0.034 0.018 0.103 0.018 0.061 0.06 0.022 0.271 0.047
284 L 0.115 0.026 0.023 0.024 0.016 0.02 0.029 0.04 0.016 0.099 0.123 0.032 0.025 0.084 0.02 0.067 0.056 0.009 0.062 0.112
285 F 0.076 0.022 0.02 0.021 0.014 0.015 0.024 0.033 0.014 0.114 0.14 0.026 0.028 0.202 0.016 0.056 0.037 0.01 0.048 0.083
286 F 0.041 0.026 0.058 0.033 0.01 0.021 0.058 0.032 0.022 0.048 0.084 0.031 0.02 0.27 0.014 0.045 0.032 0.014 0.095 0.046
287 G 0.065 0.03 0.106 0.049 0.01 0.026 0.063 0.37 0.018 0.019 0.029 0.041 0.01 0.016 0.019 0.054 0.034 0.005 0.012 0.025
288 Y 0.037 0.024 0.019 0.017 0.009 0.017 0.024 0.024 0.035 0.048 0.081 0.026 0.02 0.221 0.013 0.028 0.026 0.023 0.258 0.048
289 S 0.106 0.039 0.052 0.047 0.017 0.032 0.05 0.064 0.018 0.029 0.04 0.052 0.015 0.02 0.029 0.25 0.079 0.005 0.017 0.04
290 Y 0.041 0.032 0.023 0.028 0.01 0.047 0.065 0.026 0.031 0.05 0.107 0.038 0.022 0.156 0.016 0.033 0.029 0.018 0.178 0.049
291 V 0.061 0.02 0.015 0.017 0.018 0.015 0.021 0.023 0.008 0.197 0.135 0.024 0.032 0.037 0.015 0.03 0.045 0.005 0.02 0.262
292 A 0.237 0.027 0.029 0.03 0.017 0.022 0.034 0.227 0.014 0.034 0.047 0.039 0.014 0.019 0.025 0.071 0.042 0.005 0.015 0.052
293 D 0.041 0.031 0.063 0.383 0.007 0.032 0.114 0.044 0.019 0.022 0.028 0.046 0.009 0.015 0.022 0.051 0.034 0.004 0.011 0.024
294 Y 0.042 0.028 0.023 0.02 0.01 0.022 0.028 0.026 0.041 0.043 0.066 0.032 0.018 0.114 0.016 0.037 0.055 0.025 0.308 0.047
295 F 0.035 0.019 0.016 0.016 0.011 0.011 0.018 0.023 0.015 0.093 0.148 0.019 0.028 0.33 0.011 0.024 0.027 0.014 0.071 0.07
296 I 0.046 0.018 0.015 0.017 0.015 0.013 0.018 0.021 0.009 0.236 0.178 0.023 0.035 0.084 0.014 0.025 0.037 0.007 0.027 0.162
297 R 0.043 0.37 0.037 0.03 0.007 0.047 0.05 0.032 0.022 0.022 0.045 0.116 0.015 0.017 0.019 0.043 0.034 0.006 0.017 0.03
298 R 0.043 0.37 0.037 0.03 0.007 0.047 0.05 0.032 0.022 0.022 0.045 0.116 0.015 0.017 0.019 0.043 0.034 0.006 0.017 0.03
299 A 0.265 0.03 0.027 0.031 0.019 0.025 0.04 0.07 0.014 0.038 0.053 0.043 0.016 0.02 0.082 0.096 0.05 0.005 0.016 0.059
300 F 0.034 0.02 0.016 0.016 0.011 0.012 0.019 0.024 0.019 0.064 0.137 0.02 0.026 0.339 0.011 0.025 0.026 0.016 0.107 0.056
301 T 0.089 0.03 0.038 0.034 0.016 0.024 0.035 0.152 0.013 0.053 0.059 0.04 0.017 0.022 0.024 0.091 0.161 0.005 0.016 0.08
302 V 0.065 0.021 0.016 0.017 0.018 0.016 0.022 0.023 0.008 0.163 0.143 0.025 0.032 0.036 0.016 0.031 0.046 0.005 0.02 0.279
303 P 0.066 0.033 0.031 0.035 0.011 0.048 0.045 0.042 0.016 0.026 0.037 0.048 0.012 0.014 0.351 0.09 0.045 0.003 0.014 0.033
304 P 0.129 0.029 0.033 0.035 0.014 0.024 0.039 0.107 0.015 0.029 0.04 0.043 0.013 0.017 0.216 0.109 0.049 0.004 0.014 0.04
305 W 0.036 0.021 0.016 0.016 0.01 0.014 0.021 0.026 0.018 0.056 0.08 0.022 0.02 0.181 0.01 0.025 0.026 0.237 0.098 0.069
306 L 0.05 0.022 0.015 0.016 0.016 0.016 0.02 0.022 0.01 0.162 0.262 0.025 0.057 0.046 0.014 0.027 0.038 0.006 0.021 0.155
307 V 0.062 0.031 0.026 0.026 0.016 0.046 0.036 0.032 0.014 0.135 0.122 0.039 0.063 0.034 0.019 0.064 0.071 0.006 0.02 0.139
308 S 0.153 0.037 0.046 0.043 0.018 0.03 0.048 0.066 0.018 0.031 0.044 0.05 0.015 0.02 0.029 0.213 0.072 0.005 0.017 0.046
309 A 0.212 0.03 0.029 0.03 0.018 0.025 0.038 0.061 0.018 0.052 0.062 0.041 0.018 0.034 0.026 0.108 0.052 0.008 0.054 0.084
310 F 0.036 0.023 0.019 0.017 0.009 0.016 0.023 0.024 0.032 0.05 0.085 0.025 0.021 0.252 0.013 0.028 0.026 0.022 0.229 0.048
311 F 0.036 0.025 0.02 0.02 0.01 0.037 0.028 0.026 0.021 0.055 0.098 0.027 0.023 0.335 0.012 0.028 0.026 0.016 0.107 0.05
312 E 0.049 0.043 0.046 0.155 0.007 0.052 0.241 0.036 0.063 0.021 0.034 0.063 0.012 0.017 0.023 0.051 0.034 0.005 0.019 0.028
313 F 0.034 0.019 0.016 0.016 0.011 0.011 0.018 0.024 0.016 0.067 0.142 0.019 0.027 0.371 0.011 0.024 0.025 0.015 0.078 0.057
314 L 0.05 0.025 0.017 0.018 0.016 0.021 0.023 0.024 0.012 0.171 0.173 0.03 0.122 0.044 0.015 0.031 0.04 0.007 0.022 0.139
315 S 0.108 0.036 0.111 0.049 0.015 0.029 0.044 0.114 0.019 0.03 0.041 0.048 0.014 0.019 0.025 0.15 0.085 0.005 0.016 0.041
316 S 0.096 0.034 0.104 0.064 0.015 0.027 0.043 0.052 0.02 0.052 0.09 0.043 0.019 0.03 0.022 0.118 0.054 0.006 0.035 0.074
317 D 0.088 0.028 0.045 0.162 0.012 0.024 0.051 0.155 0.016 0.031 0.045 0.039 0.013 0.061 0.022 0.077 0.065 0.006 0.021 0.038
318 G 0.059 0.025 0.03 0.026 0.01 0.02 0.027 0.269 0.03 0.031 0.048 0.032 0.014 0.073 0.017 0.041 0.029 0.017 0.166 0.035
319 A 0.148 0.035 0.12 0.046 0.015 0.028 0.042 0.061 0.039 0.061 0.056 0.045 0.017 0.023 0.024 0.106 0.052 0.005 0.019 0.058
320 F 0.06 0.036 0.037 0.041 0.013 0.033 0.083 0.039 0.076 0.048 0.08 0.045 0.044 0.09 0.021 0.08 0.078 0.008 0.036 0.051
