#Seq2Logo.py -f /work3/idamei/ssn-clusterings/clustering/2205181315/clusters/0025_168/sequences.afa -o /work3/idamei/ssn-clusterings/clustering/2205181315/clusters/0025_168/sequences.logo
#Position Specific Frequency Matrix
A R N D C Q E G H I L K M F P S T W Y V
0 L 0.051 0.032 0.02 0.02 0.016 0.028 0.028 0.028 0.016 0.099 0.194 0.036 0.173 0.048 0.016 0.036 0.04 0.008 0.024 0.091
1 Y 0.04 0.028 0.021 0.018 0.009 0.021 0.028 0.025 0.046 0.043 0.068 0.031 0.018 0.129 0.015 0.031 0.028 0.028 0.328 0.046
2 L 0.045 0.021 0.014 0.016 0.016 0.015 0.019 0.021 0.009 0.191 0.284 0.024 0.043 0.049 0.014 0.024 0.036 0.006 0.021 0.131
3 A 0.146 0.034 0.037 0.036 0.018 0.027 0.041 0.059 0.016 0.052 0.122 0.044 0.023 0.028 0.026 0.145 0.062 0.006 0.018 0.06
4 A 0.17 0.03 0.027 0.028 0.019 0.023 0.035 0.053 0.013 0.063 0.143 0.039 0.026 0.03 0.025 0.071 0.105 0.006 0.019 0.075
5 R 0.047 0.291 0.039 0.033 0.008 0.049 0.056 0.035 0.022 0.024 0.045 0.162 0.015 0.017 0.021 0.046 0.036 0.006 0.017 0.031
6 V 0.058 0.02 0.015 0.017 0.018 0.015 0.021 0.023 0.009 0.197 0.174 0.025 0.035 0.04 0.015 0.029 0.043 0.006 0.021 0.22
7 D 0.04 0.029 0.068 0.406 0.007 0.029 0.09 0.046 0.018 0.022 0.028 0.044 0.009 0.015 0.022 0.051 0.035 0.004 0.011 0.024
8 K 0.053 0.171 0.04 0.038 0.008 0.051 0.065 0.04 0.021 0.026 0.043 0.244 0.015 0.016 0.025 0.05 0.038 0.005 0.017 0.032
9 S 0.152 0.037 0.045 0.042 0.018 0.03 0.047 0.065 0.017 0.036 0.049 0.05 0.016 0.021 0.029 0.176 0.095 0.005 0.017 0.052
10 V 0.064 0.023 0.021 0.022 0.018 0.018 0.025 0.027 0.009 0.167 0.123 0.029 0.03 0.035 0.018 0.043 0.091 0.006 0.02 0.211
11 L 0.04 0.022 0.015 0.016 0.014 0.014 0.019 0.023 0.013 0.094 0.281 0.023 0.04 0.184 0.013 0.024 0.03 0.011 0.047 0.079
12 L 0.053 0.027 0.02 0.02 0.016 0.021 0.025 0.027 0.011 0.104 0.325 0.03 0.043 0.048 0.016 0.051 0.04 0.007 0.021 0.095
13 N 0.042 0.044 0.327 0.082 0.009 0.033 0.049 0.064 0.031 0.022 0.031 0.053 0.011 0.018 0.02 0.069 0.049 0.004 0.015 0.027
14 A 0.24 0.031 0.029 0.03 0.02 0.025 0.039 0.067 0.014 0.05 0.063 0.043 0.018 0.022 0.028 0.083 0.095 0.005 0.017 0.077
15 L 0.055 0.023 0.015 0.016 0.017 0.016 0.021 0.022 0.009 0.138 0.267 0.025 0.041 0.045 0.015 0.028 0.04 0.006 0.021 0.178
16 L 0.046 0.025 0.017 0.017 0.015 0.018 0.023 0.024 0.018 0.095 0.303 0.027 0.041 0.068 0.015 0.034 0.034 0.011 0.086 0.082
17 L 0.038 0.021 0.015 0.016 0.013 0.013 0.019 0.023 0.013 0.087 0.242 0.022 0.036 0.233 0.012 0.025 0.029 0.012 0.056 0.074
18 F 0.033 0.019 0.017 0.017 0.01 0.01 0.019 0.025 0.017 0.062 0.113 0.019 0.025 0.396 0.01 0.025 0.025 0.017 0.088 0.054
19 A 0.166 0.025 0.02 0.023 0.019 0.02 0.029 0.048 0.012 0.147 0.119 0.034 0.027 0.032 0.022 0.055 0.051 0.006 0.019 0.127
20 Y 0.039 0.026 0.021 0.018 0.009 0.02 0.026 0.025 0.041 0.046 0.075 0.029 0.02 0.176 0.015 0.03 0.027 0.026 0.286 0.047
21 F 0.033 0.019 0.017 0.017 0.01 0.01 0.019 0.025 0.017 0.062 0.113 0.019 0.025 0.396 0.01 0.025 0.025 0.017 0.088 0.054
22 L 0.063 0.027 0.023 0.023 0.024 0.021 0.028 0.032 0.012 0.101 0.219 0.032 0.052 0.056 0.018 0.07 0.047 0.007 0.023 0.12
23 L 0.155 0.025 0.019 0.022 0.019 0.019 0.028 0.045 0.011 0.116 0.169 0.033 0.031 0.035 0.021 0.05 0.044 0.006 0.019 0.132
24 L 0.049 0.025 0.018 0.018 0.016 0.017 0.023 0.024 0.01 0.115 0.32 0.028 0.044 0.048 0.016 0.034 0.066 0.007 0.021 0.101
25 V 0.064 0.022 0.016 0.017 0.018 0.016 0.023 0.024 0.009 0.15 0.182 0.026 0.035 0.039 0.016 0.032 0.049 0.006 0.021 0.237
26 W 0.03 0.022 0.015 0.015 0.007 0.015 0.022 0.03 0.015 0.03 0.052 0.022 0.015 0.06 0.007 0.022 0.022 0.5 0.067 0.03
27 V 0.065 0.024 0.017 0.018 0.018 0.019 0.024 0.025 0.01 0.149 0.142 0.028 0.061 0.038 0.016 0.033 0.047 0.006 0.021 0.24
28 N 0.042 0.044 0.327 0.082 0.009 0.033 0.049 0.064 0.031 0.022 0.031 0.053 0.011 0.018 0.02 0.069 0.049 0.004 0.015 0.027
29 N 0.042 0.044 0.327 0.082 0.009 0.033 0.049 0.064 0.031 0.022 0.031 0.053 0.011 0.018 0.02 0.069 0.049 0.004 0.015 0.027
30 N 0.079 0.042 0.175 0.063 0.014 0.033 0.05 0.065 0.024 0.026 0.037 0.053 0.014 0.019 0.025 0.159 0.067 0.005 0.016 0.035
31 Y 0.04 0.028 0.021 0.018 0.009 0.021 0.028 0.025 0.046 0.043 0.068 0.031 0.018 0.129 0.015 0.031 0.028 0.028 0.328 0.046
32 I 0.052 0.02 0.015 0.017 0.017 0.015 0.019 0.021 0.009 0.216 0.202 0.024 0.038 0.044 0.015 0.026 0.04 0.006 0.021 0.184
33 Y 0.04 0.027 0.021 0.018 0.009 0.021 0.027 0.025 0.045 0.044 0.07 0.03 0.019 0.142 0.015 0.03 0.027 0.027 0.316 0.046
34 L 0.051 0.04 0.03 0.029 0.013 0.077 0.048 0.031 0.077 0.098 0.15 0.047 0.035 0.045 0.018 0.04 0.037 0.007 0.029 0.097
35 L 0.044 0.024 0.014 0.015 0.016 0.016 0.02 0.021 0.01 0.114 0.385 0.025 0.049 0.054 0.014 0.024 0.033 0.007 0.022 0.095
36 Y 0.04 0.032 0.029 0.023 0.009 0.026 0.034 0.028 0.127 0.038 0.06 0.034 0.018 0.104 0.016 0.033 0.027 0.022 0.259 0.04
37 D 0.046 0.036 0.058 0.291 0.007 0.041 0.164 0.049 0.021 0.022 0.031 0.054 0.01 0.015 0.023 0.052 0.035 0.004 0.013 0.026
38 Y 0.04 0.028 0.021 0.018 0.009 0.021 0.028 0.025 0.046 0.043 0.068 0.031 0.018 0.129 0.015 0.031 0.028 0.028 0.328 0.046
39 L 0.051 0.032 0.02 0.02 0.016 0.028 0.028 0.028 0.016 0.099 0.194 0.036 0.173 0.048 0.016 0.036 0.04 0.008 0.024 0.091
40 G 0.077 0.023 0.039 0.033 0.011 0.019 0.025 0.517 0.013 0.019 0.028 0.033 0.009 0.016 0.019 0.051 0.029 0.005 0.011 0.024
41 A 0.267 0.032 0.03 0.033 0.021 0.027 0.042 0.075 0.015 0.04 0.056 0.046 0.017 0.021 0.029 0.11 0.055 0.005 0.017 0.063
42 A 0.276 0.032 0.029 0.032 0.021 0.026 0.041 0.076 0.015 0.041 0.056 0.045 0.017 0.021 0.029 0.102 0.053 0.005 0.017 0.064
43 E 0.061 0.057 0.035 0.051 0.011 0.083 0.135 0.036 0.021 0.06 0.063 0.105 0.02 0.021 0.023 0.056 0.043 0.005 0.018 0.096
44 K 0.053 0.173 0.04 0.038 0.008 0.051 0.065 0.04 0.021 0.026 0.043 0.243 0.015 0.016 0.025 0.05 0.038 0.005 0.017 0.032
45 P 0.068 0.03 0.034 0.051 0.013 0.024 0.041 0.043 0.014 0.032 0.043 0.044 0.013 0.016 0.295 0.086 0.093 0.004 0.014 0.041
46 L 0.057 0.023 0.015 0.017 0.017 0.016 0.021 0.023 0.01 0.148 0.243 0.025 0.045 0.06 0.015 0.028 0.039 0.007 0.024 0.167
47 D 0.058 0.032 0.068 0.31 0.01 0.03 0.08 0.051 0.019 0.024 0.031 0.047 0.011 0.016 0.024 0.097 0.047 0.004 0.013 0.028
48 F 0.051 0.02 0.022 0.021 0.012 0.014 0.021 0.149 0.014 0.092 0.1 0.024 0.023 0.209 0.014 0.032 0.031 0.011 0.051 0.09
49 G 0.067 0.022 0.026 0.024 0.014 0.017 0.023 0.258 0.011 0.085 0.135 0.029 0.025 0.03 0.017 0.039 0.036 0.006 0.016 0.117
50 L 0.049 0.047 0.028 0.03 0.012 0.116 0.059 0.03 0.019 0.071 0.217 0.056 0.037 0.04 0.018 0.039 0.037 0.007 0.022 0.066
51 I 0.054 0.025 0.023 0.022 0.015 0.019 0.026 0.028 0.018 0.145 0.122 0.031 0.028 0.062 0.018 0.044 0.092 0.011 0.088 0.13
52 V 0.09 0.026 0.02 0.022 0.016 0.021 0.029 0.034 0.012 0.101 0.117 0.034 0.062 0.032 0.124 0.042 0.043 0.005 0.019 0.149
53 Y 0.04 0.028 0.021 0.018 0.009 0.021 0.028 0.025 0.046 0.043 0.067 0.031 0.018 0.129 0.015 0.031 0.028 0.028 0.328 0.046
54 L 0.044 0.024 0.014 0.015 0.016 0.016 0.02 0.021 0.01 0.114 0.385 0.025 0.049 0.054 0.014 0.024 0.033 0.007 0.022 0.095
55 L 0.113 0.027 0.018 0.02 0.017 0.02 0.027 0.037 0.013 0.091 0.247 0.032 0.062 0.058 0.018 0.042 0.038 0.007 0.024 0.088
56 L 0.057 0.022 0.016 0.017 0.016 0.015 0.021 0.024 0.01 0.127 0.214 0.024 0.036 0.107 0.015 0.029 0.039 0.008 0.033 0.169
57 L 0.044 0.024 0.014 0.015 0.016 0.016 0.02 0.021 0.01 0.114 0.385 0.025 0.049 0.054 0.014 0.024 0.033 0.007 0.022 0.095
58 A 0.301 0.031 0.025 0.029 0.021 0.025 0.04 0.077 0.015 0.043 0.059 0.044 0.017 0.021 0.029 0.084 0.049 0.005 0.017 0.068
59 L 0.058 0.023 0.017 0.02 0.016 0.017 0.025 0.026 0.01 0.113 0.167 0.029 0.03 0.045 0.137 0.033 0.041 0.005 0.021 0.165
60 I 0.088 0.021 0.021 0.022 0.016 0.016 0.023 0.132 0.01 0.173 0.127 0.028 0.028 0.034 0.017 0.038 0.039 0.006 0.018 0.141
61 C 0.075 0.022 0.025 0.024 0.373 0.017 0.025 0.04 0.011 0.04 0.058 0.028 0.016 0.02 0.019 0.088 0.047 0.004 0.013 0.052
62 A 0.25 0.033 0.033 0.034 0.02 0.027 0.043 0.074 0.016 0.039 0.054 0.046 0.017 0.021 0.029 0.123 0.058 0.005 0.017 0.061
63 L 0.041 0.022 0.015 0.016 0.014 0.014 0.02 0.022 0.012 0.1 0.301 0.023 0.042 0.153 0.013 0.024 0.031 0.01 0.041 0.086
64 L 0.044 0.024 0.014 0.015 0.016 0.016 0.02 0.021 0.01 0.114 0.385 0.025 0.049 0.054 0.014 0.024 0.033 0.007 0.022 0.095
65 C 0.127 0.02 0.018 0.02 0.366 0.016 0.022 0.044 0.01 0.044 0.063 0.026 0.016 0.02 0.02 0.052 0.04 0.004 0.013 0.059
66 G 0.075 0.022 0.033 0.029 0.013 0.018 0.025 0.386 0.012 0.057 0.055 0.031 0.015 0.021 0.018 0.046 0.034 0.005 0.013 0.092
67 G 0.11 0.034 0.04 0.036 0.014 0.024 0.035 0.281 0.015 0.028 0.04 0.042 0.013 0.018 0.043 0.097 0.071 0.005 0.014 0.039
68 R 0.105 0.174 0.04 0.043 0.013 0.039 0.061 0.049 0.02 0.031 0.049 0.08 0.016 0.019 0.024 0.096 0.075 0.005 0.017 0.044
69 I 0.052 0.019 0.015 0.017 0.017 0.014 0.019 0.021 0.009 0.25 0.156 0.024 0.035 0.041 0.015 0.027 0.042 0.006 0.02 0.202
70 E 0.065 0.118 0.043 0.065 0.01 0.052 0.183 0.042 0.023 0.024 0.04 0.079 0.014 0.018 0.025 0.096 0.047 0.005 0.017 0.033
71 R 0.048 0.287 0.039 0.033 0.008 0.049 0.056 0.035 0.022 0.024 0.045 0.16 0.015 0.017 0.021 0.049 0.036 0.006 0.017 0.031
72 P 0.056 0.025 0.023 0.031 0.01 0.02 0.036 0.036 0.013 0.025 0.036 0.041 0.01 0.013 0.501 0.043 0.036 0.003 0.013 0.031
73 G 0.077 0.023 0.039 0.033 0.011 0.019 0.025 0.517 0.013 0.019 0.028 0.033 0.009 0.016 0.019 0.051 0.029 0.005 0.011 0.024
74 D 0.04 0.029 0.068 0.406 0.007 0.029 0.09 0.046 0.018 0.022 0.028 0.044 0.009 0.015 0.022 0.051 0.035 0.004 0.011 0.024
75 L 0.044 0.022 0.014 0.016 0.016 0.015 0.019 0.021 0.01 0.156 0.33 0.025 0.046 0.051 0.014 0.024 0.034 0.007 0.022 0.115
76 L 0.056 0.023 0.015 0.016 0.017 0.016 0.021 0.023 0.009 0.138 0.257 0.025 0.04 0.045 0.015 0.028 0.041 0.006 0.021 0.187
77 V 0.069 0.022 0.016 0.018 0.019 0.016 0.023 0.024 0.008 0.162 0.128 0.026 0.031 0.035 0.016 0.032 0.049 0.005 0.02 0.28
78 A 0.179 0.032 0.033 0.032 0.019 0.026 0.038 0.058 0.014 0.057 0.066 0.043 0.019 0.023 0.028 0.085 0.15 0.006 0.018 0.073
79 L 0.041 0.022 0.015 0.015 0.014 0.014 0.02 0.022 0.012 0.098 0.301 0.023 0.042 0.159 0.013 0.024 0.03 0.01 0.042 0.082
80 L 0.041 0.023 0.015 0.015 0.014 0.014 0.02 0.022 0.012 0.1 0.312 0.023 0.043 0.145 0.013 0.024 0.031 0.01 0.039 0.084
81 F 0.052 0.02 0.016 0.017 0.015 0.013 0.021 0.025 0.012 0.12 0.122 0.022 0.028 0.201 0.014 0.029 0.038 0.011 0.051 0.173
82 L 0.05 0.024 0.015 0.016 0.017 0.017 0.021 0.022 0.01 0.124 0.317 0.026 0.05 0.049 0.015 0.026 0.037 0.007 0.022 0.138
83 V 0.063 0.021 0.016 0.018 0.018 0.015 0.022 0.023 0.008 0.191 0.137 0.025 0.032 0.037 0.016 0.031 0.046 0.006 0.02 0.254
84 L 0.051 0.022 0.015 0.016 0.017 0.015 0.02 0.022 0.009 0.173 0.259 0.025 0.041 0.046 0.015 0.026 0.039 0.006 0.021 0.163
85 V 0.098 0.023 0.017 0.019 0.019 0.017 0.025 0.031 0.009 0.147 0.12 0.028 0.029 0.033 0.018 0.039 0.049 0.005 0.02 0.253
86 P 0.056 0.025 0.023 0.031 0.01 0.02 0.036 0.036 0.013 0.025 0.036 0.041 0.01 0.013 0.501 0.043 0.036 0.003 0.013 0.031
87 H 0.041 0.045 0.053 0.038 0.007 0.038 0.053 0.038 0.365 0.023 0.038 0.045 0.015 0.03 0.019 0.041 0.026 0.007 0.056 0.023
88 A 0.265 0.032 0.03 0.033 0.021 0.027 0.042 0.075 0.015 0.04 0.055 0.046 0.017 0.021 0.029 0.111 0.055 0.005 0.017 0.063
89 L 0.044 0.024 0.014 0.015 0.016 0.016 0.02 0.021 0.01 0.114 0.385 0.025 0.049 0.054 0.014 0.024 0.033 0.007 0.022 0.095
90 V 0.069 0.022 0.016 0.018 0.019 0.016 0.023 0.024 0.008 0.162 0.128 0.026 0.031 0.035 0.016 0.032 0.049 0.005 0.02 0.28
91 L 0.044 0.024 0.014 0.015 0.016 0.016 0.02 0.021 0.01 0.114 0.385 0.025 0.049 0.054 0.014 0.024 0.033 0.007 0.022 0.095
92 N 0.046 0.045 0.251 0.083 0.009 0.041 0.113 0.056 0.029 0.023 0.033 0.058 0.012 0.017 0.021 0.065 0.049 0.005 0.016 0.028
93 G 0.133 0.025 0.035 0.032 0.013 0.02 0.029 0.407 0.014 0.025 0.036 0.036 0.011 0.017 0.021 0.059 0.034 0.005 0.012 0.035
94 A 0.297 0.03 0.025 0.029 0.021 0.025 0.04 0.084 0.015 0.042 0.058 0.044 0.017 0.021 0.029 0.083 0.049 0.005 0.017 0.067
95 N 0.042 0.044 0.327 0.082 0.009 0.033 0.049 0.064 0.031 0.022 0.031 0.053 0.011 0.018 0.02 0.069 0.049 0.004 0.015 0.027
96 R 0.108 0.136 0.037 0.037 0.012 0.125 0.071 0.046 0.023 0.035 0.052 0.084 0.019 0.018 0.023 0.058 0.041 0.006 0.019 0.051
97 F 0.036 0.023 0.019 0.017 0.01 0.015 0.023 0.025 0.029 0.054 0.093 0.024 0.022 0.279 0.013 0.028 0.026 0.021 0.193 0.051
98 S 0.111 0.035 0.041 0.037 0.016 0.028 0.043 0.054 0.024 0.037 0.053 0.045 0.017 0.048 0.026 0.145 0.086 0.011 0.095 0.049
99 P 0.056 0.025 0.023 0.031 0.01 0.02 0.036 0.036 0.013 0.025 0.036 0.041 0.01 0.013 0.501 0.043 0.036 0.003 0.013 0.031
100 D 0.048 0.039 0.054 0.25 0.007 0.046 0.192 0.041 0.022 0.022 0.032 0.059 0.011 0.016 0.024 0.056 0.036 0.005 0.014 0.027
101 A 0.301 0.031 0.025 0.029 0.021 0.025 0.04 0.077 0.015 0.043 0.059 0.044 0.017 0.021 0.029 0.084 0.049 0.005 0.017 0.068
102 D 0.068 0.039 0.05 0.131 0.013 0.067 0.068 0.052 0.018 0.06 0.06 0.052 0.019 0.021 0.023 0.093 0.051 0.005 0.017 0.095
103 P 0.056 0.025 0.023 0.031 0.01 0.02 0.036 0.036 0.013 0.025 0.036 0.041 0.01 0.013 0.501 0.043 0.036 0.003 0.013 0.031
104 W 0.032 0.021 0.016 0.016 0.009 0.013 0.021 0.027 0.016 0.047 0.088 0.021 0.021 0.228 0.009 0.024 0.024 0.251 0.077 0.043
105 G 0.137 0.034 0.044 0.041 0.016 0.028 0.043 0.181 0.017 0.029 0.041 0.047 0.014 0.02 0.027 0.159 0.062 0.005 0.016 0.042
106 G 0.077 0.023 0.039 0.033 0.011 0.019 0.025 0.517 0.013 0.019 0.028 0.033 0.009 0.016 0.019 0.051 0.029 0.005 0.011 0.024
107 V 0.064 0.022 0.016 0.017 0.018 0.016 0.022 0.024 0.008 0.152 0.182 0.026 0.035 0.039 0.016 0.031 0.045 0.006 0.021 0.241
108 C 0.08 0.029 0.035 0.033 0.134 0.023 0.036 0.045 0.013 0.039 0.052 0.04 0.016 0.02 0.121 0.106 0.107 0.005 0.015 0.051
109 L 0.043 0.024 0.014 0.015 0.016 0.016 0.02 0.021 0.01 0.112 0.373 0.025 0.048 0.068 0.014 0.024 0.033 0.007 0.025 0.093
110 A 0.197 0.031 0.036 0.035 0.018 0.025 0.039 0.184 0.015 0.033 0.047 0.044 0.015 0.02 0.027 0.112 0.052 0.005 0.016 0.05
111 V 0.064 0.021 0.016 0.018 0.018 0.016 0.022 0.023 0.008 0.19 0.137 0.025 0.032 0.037 0.016 0.031 0.047 0.006 0.02 0.256
112 L 0.107 0.025 0.017 0.019 0.018 0.018 0.025 0.034 0.01 0.111 0.245 0.029 0.037 0.042 0.018 0.039 0.041 0.006 0.02 0.138
113 L 0.05 0.022 0.016 0.018 0.016 0.017 0.021 0.024 0.012 0.158 0.172 0.026 0.062 0.109 0.014 0.029 0.038 0.008 0.034 0.154
114 G 0.077 0.023 0.039 0.033 0.011 0.019 0.025 0.517 0.013 0.019 0.028 0.033 0.009 0.016 0.019 0.051 0.029 0.005 0.011 0.024
115 L 0.055 0.025 0.018 0.019 0.017 0.019 0.023 0.025 0.011 0.155 0.213 0.029 0.072 0.044 0.016 0.038 0.042 0.007 0.021 0.153
116 L 0.067 0.027 0.025 0.024 0.017 0.02 0.029 0.034 0.012 0.103 0.229 0.033 0.036 0.04 0.019 0.081 0.05 0.006 0.02 0.127
117 I 0.047 0.019 0.015 0.017 0.016 0.014 0.019 0.021 0.009 0.236 0.211 0.024 0.039 0.045 0.015 0.026 0.042 0.006 0.021 0.159
118 I 0.051 0.018 0.015 0.017 0.017 0.014 0.019 0.021 0.009 0.257 0.158 0.024 0.035 0.042 0.015 0.026 0.041 0.006 0.02 0.196
119 G 0.117 0.03 0.042 0.038 0.014 0.025 0.037 0.293 0.016 0.026 0.037 0.042 0.013 0.018 0.024 0.123 0.051 0.005 0.014 0.036
120 L 0.062 0.027 0.025 0.024 0.016 0.02 0.028 0.033 0.012 0.123 0.244 0.032 0.037 0.042 0.018 0.078 0.053 0.006 0.02 0.098
121 A 0.193 0.026 0.021 0.024 0.019 0.021 0.031 0.053 0.012 0.109 0.105 0.035 0.025 0.045 0.023 0.059 0.046 0.006 0.021 0.126
122 N 0.042 0.044 0.327 0.082 0.009 0.033 0.049 0.064 0.031 0.022 0.031 0.053 0.011 0.018 0.02 0.069 0.049 0.004 0.015 0.027
123 K 0.056 0.106 0.041 0.041 0.008 0.053 0.07 0.043 0.02 0.027 0.043 0.289 0.015 0.015 0.027 0.053 0.039 0.005 0.017 0.032
124 I 0.045 0.019 0.015 0.017 0.015 0.013 0.018 0.021 0.01 0.226 0.188 0.023 0.036 0.089 0.014 0.025 0.037 0.007 0.029 0.152
125 R 0.047 0.292 0.039 0.033 0.008 0.049 0.056 0.035 0.022 0.024 0.045 0.161 0.015 0.017 0.021 0.046 0.036 0.006 0.017 0.031
126 F 0.033 0.019 0.017 0.017 0.01 0.01 0.019 0.025 0.017 0.062 0.113 0.019 0.025 0.396 0.01 0.025 0.025 0.017 0.087 0.054
127 Y 0.041 0.118 0.032 0.025 0.009 0.031 0.039 0.029 0.099 0.035 0.061 0.057 0.017 0.079 0.017 0.036 0.029 0.018 0.19 0.038
128 P 0.056 0.101 0.032 0.046 0.009 0.038 0.108 0.036 0.018 0.024 0.038 0.066 0.012 0.015 0.255 0.057 0.038 0.004 0.015 0.031
129 L 0.064 0.054 0.043 0.112 0.012 0.033 0.056 0.064 0.017 0.047 0.115 0.104 0.021 0.025 0.023 0.09 0.047 0.005 0.017 0.05
130 G 0.066 0.04 0.048 0.038 0.012 0.074 0.057 0.169 0.018 0.046 0.124 0.051 0.023 0.026 0.021 0.074 0.042 0.006 0.017 0.047
131 D 0.106 0.031 0.095 0.176 0.013 0.026 0.057 0.053 0.018 0.075 0.062 0.042 0.017 0.023 0.022 0.058 0.042 0.005 0.015 0.064
132 C 0.057 0.13 0.025 0.03 0.17 0.026 0.032 0.041 0.014 0.054 0.135 0.056 0.024 0.028 0.017 0.04 0.04 0.005 0.017 0.057
133 G 0.066 0.048 0.041 0.042 0.01 0.121 0.074 0.259 0.021 0.023 0.037 0.063 0.015 0.015 0.021 0.056 0.036 0.006 0.016 0.03
134 S 0.074 0.115 0.047 0.057 0.013 0.082 0.064 0.049 0.022 0.03 0.046 0.075 0.017 0.018 0.025 0.123 0.081 0.005 0.018 0.04
135 G 0.067 0.049 0.049 0.143 0.01 0.037 0.115 0.165 0.019 0.023 0.034 0.057 0.012 0.017 0.023 0.089 0.043 0.005 0.014 0.03
136 S 0.091 0.04 0.117 0.055 0.015 0.032 0.05 0.084 0.022 0.027 0.038 0.052 0.014 0.02 0.027 0.186 0.071 0.005 0.017 0.037
137 L 0.064 0.051 0.038 0.038 0.012 0.125 0.067 0.061 0.021 0.048 0.129 0.064 0.026 0.026 0.022 0.084 0.047 0.006 0.02 0.051
138 G 0.085 0.027 0.042 0.037 0.012 0.022 0.032 0.404 0.015 0.021 0.031 0.038 0.011 0.017 0.021 0.096 0.042 0.005 0.012 0.028
139 R 0.05 0.224 0.039 0.045 0.008 0.052 0.109 0.043 0.023 0.024 0.043 0.151 0.015 0.016 0.022 0.048 0.036 0.005 0.017 0.031
140 R 0.047 0.205 0.077 0.041 0.008 0.046 0.057 0.04 0.066 0.024 0.042 0.151 0.015 0.018 0.022 0.049 0.037 0.006 0.022 0.03
141 C 0.052 0.023 0.018 0.018 0.133 0.018 0.022 0.026 0.019 0.121 0.119 0.027 0.052 0.059 0.015 0.033 0.036 0.011 0.096 0.104
142 L 0.044 0.024 0.014 0.015 0.016 0.016 0.02 0.021 0.01 0.114 0.385 0.025 0.049 0.054 0.014 0.024 0.033 0.007 0.022 0.095
143 L 0.086 0.025 0.02 0.021 0.017 0.018 0.025 0.033 0.012 0.099 0.202 0.029 0.033 0.099 0.018 0.043 0.065 0.008 0.031 0.117
144 L 0.05 0.021 0.015 0.017 0.036 0.016 0.02 0.022 0.01 0.192 0.215 0.025 0.055 0.045 0.015 0.027 0.039 0.006 0.021 0.152
145 L 0.05 0.023 0.015 0.016 0.017 0.016 0.021 0.022 0.009 0.126 0.321 0.025 0.044 0.049 0.015 0.026 0.037 0.007 0.022 0.141
146 S 0.159 0.037 0.046 0.043 0.018 0.031 0.049 0.068 0.018 0.033 0.046 0.051 0.016 0.021 0.029 0.192 0.072 0.005 0.017 0.048
147 V 0.061 0.022 0.016 0.017 0.025 0.016 0.022 0.024 0.009 0.146 0.202 0.025 0.036 0.041 0.015 0.03 0.043 0.014 0.021 0.217
148 L 0.046 0.022 0.015 0.016 0.016 0.015 0.02 0.022 0.01 0.14 0.284 0.024 0.042 0.093 0.014 0.025 0.035 0.008 0.03 0.125
149 N 0.042 0.044 0.327 0.082 0.009 0.033 0.049 0.064 0.031 0.022 0.031 0.053 0.011 0.018 0.02 0.069 0.049 0.004 0.015 0.027
150 L 0.054 0.022 0.017 0.018 0.017 0.016 0.021 0.024 0.009 0.185 0.218 0.026 0.038 0.043 0.016 0.036 0.045 0.006 0.021 0.169
151 L 0.122 0.026 0.019 0.021 0.018 0.02 0.028 0.039 0.012 0.097 0.204 0.032 0.051 0.054 0.019 0.047 0.042 0.007 0.023 0.119
152 V 0.069 0.022 0.016 0.018 0.019 0.016 0.023 0.024 0.008 0.162 0.128 0.026 0.031 0.035 0.016 0.032 0.049 0.005 0.02 0.28
153 L 0.044 0.024 0.014 0.015 0.016 0.016 0.02 0.021 0.01 0.114 0.385 0.025 0.049 0.054 0.014 0.024 0.033 0.007 0.022 0.095
154 L 0.135 0.025 0.019 0.021 0.019 0.019 0.028 0.04 0.011 0.111 0.17 0.031 0.031 0.035 0.02 0.047 0.048 0.006 0.02 0.164
155 F 0.035 0.021 0.018 0.017 0.01 0.013 0.021 0.025 0.024 0.058 0.101 0.022 0.023 0.329 0.012 0.026 0.026 0.019 0.148 0.052
156 I 0.046 0.017 0.014 0.017 0.016 0.013 0.017 0.02 0.009 0.282 0.165 0.023 0.036 0.044 0.014 0.025 0.039 0.006 0.02 0.174
157 F 0.046 0.02 0.016 0.017 0.022 0.013 0.02 0.024 0.013 0.108 0.175 0.022 0.032 0.208 0.013 0.027 0.034 0.011 0.052 0.128
158 L 0.11 0.025 0.018 0.019 0.016 0.017 0.025 0.037 0.012 0.086 0.243 0.029 0.036 0.109 0.017 0.04 0.036 0.008 0.033 0.083
159 K 0.056 0.103 0.041 0.043 0.008 0.053 0.08 0.042 0.021 0.027 0.042 0.28 0.015 0.015 0.027 0.053 0.039 0.005 0.017 0.032
160 S 0.108 0.04 0.053 0.048 0.017 0.033 0.052 0.065 0.019 0.029 0.041 0.053 0.015 0.021 0.029 0.231 0.081 0.005 0.017 0.041
161 A 0.241 0.031 0.025 0.028 0.02 0.026 0.038 0.066 0.015 0.054 0.086 0.043 0.05 0.027 0.026 0.08 0.048 0.006 0.019 0.072
162 G 0.093 0.032 0.051 0.042 0.014 0.026 0.039 0.277 0.016 0.024 0.035 0.044 0.012 0.018 0.024 0.144 0.056 0.005 0.014 0.033
163 Y 0.039 0.026 0.02 0.018 0.009 0.019 0.026 0.025 0.04 0.047 0.077 0.028 0.02 0.185 0.014 0.03 0.027 0.025 0.278 0.048
164 F 0.033 0.019 0.017 0.017 0.01 0.01 0.019 0.025 0.017 0.062 0.113 0.019 0.025 0.396 0.01 0.025 0.025 0.017 0.087 0.054
165 S 0.108 0.04 0.053 0.048 0.017 0.033 0.052 0.065 0.019 0.029 0.041 0.053 0.015 0.021 0.029 0.231 0.081 0.005 0.017 0.041
166 L 0.038 0.021 0.015 0.016 0.013 0.013 0.019 0.023 0.013 0.086 0.241 0.022 0.036 0.229 0.012 0.024 0.029 0.02 0.056 0.073
167 D 0.041 0.031 0.1 0.366 0.008 0.03 0.085 0.048 0.02 0.022 0.028 0.045 0.009 0.015 0.022 0.054 0.037 0.004 0.012 0.024
168 F 0.033 0.019 0.017 0.017 0.01 0.011 0.019 0.025 0.017 0.062 0.112 0.019 0.025 0.392 0.011 0.025 0.025 0.017 0.091 0.054
169 S 0.149 0.037 0.047 0.044 0.018 0.031 0.049 0.067 0.018 0.033 0.046 0.051 0.016 0.027 0.029 0.196 0.073 0.005 0.018 0.047
170 G 0.078 0.034 0.043 0.053 0.011 0.035 0.114 0.264 0.018 0.022 0.034 0.05 0.012 0.017 0.023 0.097 0.044 0.005 0.014 0.03
171 Q 0.052 0.066 0.046 0.044 0.008 0.179 0.089 0.04 0.113 0.025 0.044 0.079 0.019 0.018 0.022 0.052 0.037 0.006 0.029 0.032
172 Y 0.04 0.028 0.021 0.018 0.009 0.021 0.028 0.025 0.046 0.043 0.067 0.031 0.018 0.129 0.015 0.031 0.028 0.028 0.328 0.046
173 L 0.166 0.026 0.02 0.022 0.019 0.02 0.03 0.047 0.012 0.093 0.169 0.034 0.03 0.04 0.021 0.053 0.044 0.006 0.02 0.128
174 R 0.044 0.355 0.038 0.031 0.008 0.048 0.052 0.032 0.023 0.023 0.046 0.118 0.015 0.017 0.019 0.044 0.034 0.006 0.017 0.031
175 R 0.044 0.355 0.038 0.031 0.008 0.048 0.052 0.032 0.023 0.023 0.046 0.118 0.015 0.017 0.019 0.044 0.034 0.006 0.017 0.031
176 A 0.285 0.031 0.028 0.031 0.021 0.026 0.041 0.076 0.015 0.041 0.057 0.045 0.017 0.021 0.029 0.096 0.052 0.005 0.017 0.066
177 L 0.052 0.022 0.015 0.016 0.017 0.015 0.02 0.022 0.009 0.172 0.254 0.025 0.041 0.046 0.015 0.027 0.039 0.006 0.021 0.168
178 A 0.301 0.031 0.025 0.029 0.021 0.025 0.04 0.077 0.015 0.043 0.059 0.044 0.017 0.021 0.029 0.084 0.049 0.005 0.017 0.068
179 R 0.044 0.355 0.038 0.031 0.008 0.048 0.052 0.032 0.023 0.023 0.046 0.118 0.015 0.017 0.019 0.044 0.034 0.006 0.017 0.031
180 D 0.047 0.039 0.055 0.258 0.007 0.045 0.192 0.041 0.022 0.022 0.032 0.058 0.011 0.015 0.024 0.053 0.036 0.004 0.014 0.027
181 V 0.074 0.021 0.016 0.018 0.018 0.016 0.022 0.026 0.009 0.186 0.134 0.026 0.032 0.037 0.016 0.033 0.046 0.006 0.02 0.243
182 F 0.033 0.019 0.017 0.017 0.01 0.01 0.019 0.025 0.017 0.062 0.113 0.019 0.025 0.396 0.01 0.025 0.025 0.017 0.087 0.054
183 A 0.191 0.043 0.037 0.038 0.017 0.077 0.058 0.065 0.019 0.035 0.051 0.058 0.018 0.019 0.028 0.113 0.055 0.005 0.018 0.053
184 A 0.297 0.031 0.025 0.029 0.021 0.025 0.04 0.077 0.015 0.043 0.059 0.044 0.017 0.021 0.029 0.084 0.052 0.005 0.017 0.068
185 G 0.077 0.023 0.039 0.033 0.011 0.019 0.025 0.517 0.013 0.019 0.028 0.033 0.009 0.016 0.019 0.051 0.029 0.005 0.011 0.024
186 S 0.099 0.038 0.051 0.045 0.017 0.031 0.048 0.059 0.018 0.035 0.047 0.051 0.017 0.021 0.029 0.194 0.128 0.005 0.017 0.049
187 G 0.114 0.025 0.026 0.028 0.014 0.021 0.03 0.162 0.013 0.072 0.084 0.036 0.03 0.024 0.141 0.053 0.039 0.005 0.016 0.067
188 G 0.118 0.033 0.104 0.11 0.012 0.029 0.069 0.182 0.019 0.026 0.037 0.046 0.012 0.018 0.023 0.066 0.041 0.005 0.014 0.036
189 G 0.14 0.027 0.037 0.034 0.014 0.022 0.032 0.344 0.014 0.026 0.038 0.039 0.012 0.018 0.023 0.082 0.041 0.005 0.013 0.038
190 Y 0.04 0.028 0.021 0.018 0.009 0.021 0.028 0.025 0.046 0.043 0.067 0.031 0.018 0.129 0.015 0.031 0.028 0.028 0.328 0.046
191 L 0.045 0.022 0.014 0.016 0.016 0.015 0.02 0.021 0.01 0.151 0.328 0.025 0.046 0.051 0.014 0.024 0.035 0.007 0.022 0.119
192 A 0.239 0.033 0.034 0.035 0.02 0.028 0.044 0.073 0.016 0.038 0.053 0.047 0.017 0.021 0.029 0.131 0.059 0.005 0.017 0.059
193 S 0.108 0.04 0.053 0.048 0.017 0.033 0.052 0.065 0.019 0.029 0.041 0.053 0.015 0.021 0.029 0.231 0.081 0.005 0.017 0.041
194 I 0.047 0.019 0.015 0.018 0.016 0.015 0.019 0.021 0.01 0.259 0.169 0.025 0.053 0.044 0.015 0.026 0.039 0.006 0.021 0.164
195 G 0.077 0.023 0.039 0.033 0.011 0.019 0.025 0.517 0.013 0.019 0.028 0.033 0.009 0.016 0.019 0.051 0.029 0.005 0.011 0.024
196 T 0.072 0.035 0.043 0.037 0.018 0.027 0.039 0.043 0.014 0.053 0.064 0.045 0.019 0.023 0.027 0.091 0.258 0.006 0.018 0.07
197 Q 0.055 0.072 0.043 0.046 0.009 0.226 0.101 0.041 0.029 0.026 0.046 0.09 0.02 0.014 0.023 0.055 0.041 0.006 0.02 0.035
198 A 0.301 0.031 0.025 0.029 0.021 0.025 0.04 0.077 0.015 0.043 0.059 0.044 0.017 0.021 0.029 0.084 0.049 0.005 0.017 0.068
199 F 0.036 0.02 0.016 0.016 0.012 0.012 0.019 0.024 0.015 0.076 0.185 0.02 0.031 0.305 0.011 0.025 0.027 0.014 0.07 0.065
200 F 0.033 0.019 0.017 0.017 0.01 0.01 0.019 0.025 0.017 0.062 0.113 0.019 0.025 0.396 0.01 0.025 0.025 0.017 0.087 0.054
201 P 0.056 0.025 0.023 0.031 0.01 0.02 0.036 0.036 0.013 0.025 0.036 0.041 0.01 0.013 0.501 0.043 0.036 0.003 0.013 0.031
202 V 0.069 0.022 0.016 0.018 0.019 0.016 0.023 0.024 0.008 0.162 0.128 0.026 0.031 0.035 0.016 0.032 0.049 0.005 0.02 0.28
203 L 0.044 0.024 0.014 0.015 0.016 0.016 0.02 0.021 0.01 0.114 0.385 0.025 0.049 0.054 0.014 0.024 0.033 0.007 0.022 0.095
204 F 0.033 0.019 0.017 0.017 0.01 0.01 0.019 0.025 0.017 0.062 0.113 0.019 0.025 0.396 0.01 0.025 0.025 0.017 0.087 0.054
205 A 0.301 0.031 0.025 0.029 0.021 0.025 0.04 0.077 0.015 0.043 0.059 0.044 0.017 0.021 0.029 0.084 0.049 0.005 0.017 0.068
206 W 0.03 0.022 0.015 0.015 0.007 0.015 0.022 0.03 0.015 0.03 0.052 0.022 0.015 0.06 0.007 0.022 0.022 0.5 0.067 0.03
207 G 0.077 0.023 0.039 0.033 0.011 0.019 0.025 0.517 0.013 0.019 0.028 0.033 0.009 0.016 0.019 0.051 0.029 0.005 0.011 0.024
208 V 0.069 0.022 0.016 0.018 0.019 0.016 0.023 0.024 0.008 0.162 0.128 0.026 0.031 0.035 0.016 0.032 0.049 0.005 0.02 0.28
209 Y 0.04 0.028 0.021 0.018 0.009 0.021 0.028 0.025 0.046 0.043 0.067 0.031 0.018 0.129 0.015 0.031 0.028 0.028 0.328 0.046
210 R 0.051 0.218 0.04 0.036 0.008 0.05 0.061 0.038 0.022 0.025 0.044 0.212 0.015 0.016 0.024 0.049 0.037 0.005 0.017 0.032
211 K 0.053 0.164 0.04 0.038 0.008 0.052 0.065 0.04 0.021 0.026 0.043 0.249 0.015 0.016 0.025 0.051 0.038 0.005 0.017 0.032
212 S 0.079 0.066 0.048 0.06 0.012 0.075 0.068 0.053 0.021 0.028 0.042 0.133 0.016 0.018 0.027 0.135 0.058 0.005 0.017 0.037
213 K 0.045 0.141 0.07 0.037 0.008 0.04 0.051 0.04 0.021 0.026 0.044 0.154 0.015 0.026 0.02 0.045 0.035 0.121 0.029 0.031
214 F 0.075 0.112 0.027 0.024 0.012 0.024 0.033 0.036 0.017 0.05 0.091 0.052 0.022 0.191 0.017 0.046 0.06 0.011 0.049 0.053
215 F 0.036 0.023 0.019 0.018 0.01 0.016 0.023 0.025 0.031 0.053 0.091 0.025 0.022 0.267 0.013 0.028 0.026 0.022 0.204 0.05
216 L 0.049 0.022 0.015 0.016 0.016 0.015 0.021 0.023 0.011 0.117 0.256 0.024 0.039 0.12 0.014 0.027 0.036 0.009 0.035 0.138
217 L 0.06 0.023 0.016 0.017 0.015 0.016 0.023 0.027 0.011 0.111 0.171 0.026 0.033 0.046 0.014 0.03 0.041 0.129 0.032 0.158
218 L 0.044 0.024 0.014 0.015 0.016 0.016 0.02 0.021 0.01 0.114 0.385 0.025 0.049 0.054 0.014 0.024 0.033 0.007 0.022 0.095
219 G 0.077 0.023 0.039 0.033 0.011 0.019 0.025 0.517 0.013 0.019 0.028 0.033 0.009 0.016 0.019 0.051 0.029 0.005 0.011 0.024
220 V 0.073 0.025 0.025 0.025 0.018 0.02 0.029 0.034 0.011 0.154 0.119 0.032 0.029 0.034 0.019 0.08 0.054 0.005 0.02 0.194
221 L 0.09 0.023 0.017 0.018 0.018 0.017 0.024 0.03 0.01 0.143 0.195 0.027 0.035 0.055 0.017 0.036 0.042 0.006 0.023 0.175
222 N 0.042 0.044 0.327 0.082 0.009 0.033 0.049 0.064 0.031 0.022 0.031 0.053 0.011 0.018 0.02 0.069 0.049 0.004 0.015 0.027
223 V 0.174 0.026 0.02 0.023 0.02 0.02 0.031 0.048 0.011 0.108 0.097 0.034 0.025 0.029 0.022 0.056 0.049 0.005 0.019 0.184
224 L 0.042 0.023 0.015 0.015 0.015 0.015 0.02 0.022 0.011 0.105 0.336 0.024 0.047 0.111 0.013 0.024 0.032 0.009 0.033 0.088
225 V 0.06 0.02 0.016 0.017 0.018 0.015 0.021 0.023 0.008 0.209 0.143 0.025 0.033 0.038 0.016 0.029 0.045 0.006 0.02 0.238
226 L 0.05 0.023 0.015 0.016 0.017 0.016 0.021 0.022 0.009 0.126 0.321 0.025 0.044 0.049 0.015 0.026 0.037 0.007 0.022 0.141
227 W 0.03 0.022 0.015 0.015 0.007 0.015 0.022 0.03 0.015 0.03 0.052 0.022 0.015 0.06 0.007 0.022 0.022 0.5 0.067 0.03
228 G 0.077 0.023 0.039 0.033 0.011 0.019 0.025 0.517 0.013 0.019 0.028 0.033 0.009 0.016 0.019 0.051 0.029 0.005 0.011 0.024
229 A 0.301 0.031 0.025 0.029 0.021 0.025 0.04 0.077 0.015 0.043 0.059 0.044 0.017 0.021 0.029 0.084 0.049 0.005 0.017 0.068
230 F 0.033 0.019 0.017 0.017 0.01 0.01 0.019 0.025 0.017 0.062 0.113 0.019 0.025 0.396 0.01 0.025 0.025 0.017 0.087 0.054
231 G 0.077 0.023 0.039 0.033 0.011 0.019 0.025 0.517 0.013 0.019 0.028 0.033 0.009 0.016 0.019 0.051 0.029 0.005 0.011 0.024
232 Q 0.055 0.072 0.043 0.046 0.009 0.226 0.101 0.041 0.029 0.026 0.046 0.09 0.02 0.014 0.023 0.055 0.041 0.006 0.02 0.035
233 K 0.056 0.106 0.041 0.041 0.008 0.053 0.07 0.043 0.02 0.027 0.043 0.289 0.015 0.015 0.027 0.053 0.039 0.005 0.017 0.032
234 Y 0.04 0.028 0.021 0.018 0.009 0.021 0.028 0.025 0.046 0.043 0.067 0.031 0.018 0.129 0.015 0.031 0.028 0.028 0.328 0.046
235 P 0.056 0.025 0.023 0.031 0.01 0.02 0.036 0.036 0.013 0.025 0.036 0.041 0.01 0.013 0.501 0.043 0.036 0.003 0.013 0.031
236 F 0.042 0.019 0.017 0.017 0.013 0.012 0.02 0.025 0.014 0.091 0.117 0.021 0.027 0.3 0.012 0.027 0.031 0.014 0.07 0.112
237 V 0.064 0.024 0.017 0.018 0.018 0.019 0.024 0.025 0.01 0.152 0.146 0.028 0.067 0.039 0.016 0.033 0.046 0.006 0.021 0.228
238 V 0.063 0.022 0.016 0.017 0.018 0.016 0.022 0.023 0.009 0.15 0.192 0.026 0.036 0.04 0.016 0.03 0.045 0.006 0.021 0.233
239 L 0.046 0.026 0.015 0.016 0.016 0.019 0.022 0.023 0.011 0.117 0.328 0.028 0.079 0.052 0.014 0.027 0.035 0.007 0.022 0.097
240 F 0.084 0.021 0.018 0.019 0.021 0.014 0.023 0.034 0.015 0.068 0.137 0.024 0.027 0.274 0.014 0.036 0.031 0.013 0.064 0.064
241 L 0.044 0.024 0.014 0.015 0.016 0.016 0.02 0.021 0.01 0.114 0.385 0.025 0.049 0.054 0.014 0.024 0.033 0.007 0.022 0.095
242 I 0.051 0.018 0.015 0.017 0.017 0.014 0.019 0.021 0.009 0.257 0.158 0.024 0.035 0.042 0.015 0.026 0.041 0.006 0.02 0.196
243 Y 0.04 0.028 0.021 0.018 0.009 0.021 0.028 0.025 0.046 0.043 0.067 0.031 0.018 0.129 0.015 0.031 0.028 0.028 0.328 0.046
244 L 0.058 0.022 0.021 0.02 0.014 0.015 0.022 0.14 0.012 0.085 0.163 0.026 0.028 0.14 0.015 0.033 0.033 0.009 0.038 0.104
245 L 0.044 0.022 0.014 0.016 0.016 0.015 0.019 0.021 0.01 0.156 0.33 0.025 0.046 0.051 0.014 0.024 0.034 0.007 0.022 0.115
246 L 0.051 0.032 0.02 0.02 0.016 0.028 0.028 0.028 0.016 0.099 0.194 0.036 0.173 0.047 0.016 0.036 0.04 0.008 0.024 0.091
247 L 0.073 0.038 0.029 0.029 0.015 0.072 0.046 0.034 0.015 0.085 0.156 0.047 0.032 0.032 0.02 0.051 0.086 0.006 0.02 0.113
248 Y 0.04 0.028 0.021 0.018 0.009 0.021 0.028 0.025 0.046 0.043 0.067 0.031 0.018 0.129 0.015 0.031 0.028 0.028 0.328 0.046
249 F 0.035 0.021 0.018 0.017 0.01 0.013 0.021 0.025 0.024 0.058 0.101 0.022 0.023 0.329 0.012 0.026 0.026 0.019 0.148 0.052
250 R 0.044 0.355 0.038 0.031 0.008 0.048 0.052 0.032 0.023 0.023 0.046 0.118 0.015 0.017 0.019 0.044 0.034 0.006 0.017 0.031
251 R 0.046 0.22 0.035 0.031 0.008 0.044 0.051 0.033 0.027 0.028 0.049 0.145 0.016 0.04 0.02 0.044 0.034 0.01 0.082 0.034
252 F 0.047 0.023 0.019 0.018 0.01 0.016 0.024 0.027 0.03 0.053 0.09 0.025 0.022 0.258 0.013 0.03 0.027 0.021 0.195 0.051
253 G 0.077 0.023 0.039 0.033 0.011 0.019 0.025 0.517 0.013 0.019 0.028 0.033 0.009 0.016 0.019 0.051 0.029 0.005 0.011 0.024
254 G 0.074 0.076 0.044 0.041 0.011 0.073 0.058 0.166 0.034 0.025 0.039 0.099 0.015 0.017 0.024 0.099 0.047 0.005 0.018 0.033
255 V 0.069 0.022 0.016 0.018 0.019 0.016 0.023 0.024 0.008 0.164 0.129 0.026 0.031 0.035 0.016 0.032 0.049 0.005 0.02 0.278
256 K 0.051 0.14 0.112 0.049 0.009 0.046 0.06 0.046 0.024 0.025 0.04 0.192 0.014 0.016 0.024 0.058 0.041 0.005 0.017 0.031
257 L 0.054 0.022 0.015 0.016 0.017 0.016 0.021 0.022 0.009 0.147 0.264 0.025 0.041 0.046 0.015 0.027 0.04 0.006 0.021 0.176
258 S 0.111 0.039 0.053 0.048 0.017 0.033 0.051 0.066 0.019 0.029 0.042 0.053 0.015 0.021 0.029 0.229 0.08 0.005 0.017 0.042
259 W 0.03 0.022 0.015 0.015 0.008 0.015 0.022 0.03 0.015 0.031 0.057 0.022 0.016 0.06 0.008 0.022 0.023 0.492 0.066 0.031
260 L 0.049 0.023 0.014 0.016 0.017 0.016 0.02 0.022 0.01 0.129 0.326 0.025 0.045 0.05 0.014 0.026 0.036 0.007 0.022 0.135
261 L 0.049 0.023 0.014 0.016 0.017 0.016 0.02 0.022 0.01 0.131 0.326 0.025 0.045 0.05 0.014 0.026 0.036 0.007 0.022 0.133
262 G 0.084 0.02 0.021 0.021 0.104 0.015 0.022 0.124 0.012 0.105 0.105 0.026 0.023 0.105 0.017 0.04 0.035 0.008 0.031 0.082
263 G 0.195 0.027 0.032 0.031 0.016 0.022 0.033 0.278 0.014 0.032 0.045 0.039 0.014 0.019 0.024 0.069 0.043 0.005 0.014 0.048
264 L 0.135 0.026 0.021 0.022 0.017 0.019 0.027 0.102 0.012 0.08 0.221 0.032 0.033 0.038 0.02 0.048 0.039 0.006 0.019 0.085
265 L 0.046 0.021 0.014 0.016 0.016 0.015 0.019 0.021 0.009 0.193 0.274 0.024 0.042 0.048 0.014 0.025 0.036 0.006 0.021 0.139
266 G 0.074 0.028 0.036 0.032 0.014 0.023 0.03 0.293 0.014 0.043 0.069 0.037 0.043 0.024 0.021 0.059 0.092 0.006 0.015 0.049
267 L 0.047 0.022 0.015 0.016 0.015 0.015 0.02 0.023 0.011 0.113 0.253 0.024 0.038 0.135 0.014 0.026 0.035 0.009 0.038 0.131
268 L 0.044 0.024 0.014 0.015 0.016 0.016 0.02 0.021 0.01 0.114 0.385 0.025 0.049 0.054 0.014 0.024 0.033 0.007 0.022 0.095
269 L 0.048 0.026 0.016 0.016 0.016 0.019 0.022 0.023 0.011 0.115 0.312 0.028 0.078 0.05 0.015 0.028 0.036 0.007 0.022 0.112
270 L 0.096 0.024 0.017 0.019 0.016 0.017 0.024 0.034 0.013 0.09 0.226 0.028 0.041 0.131 0.016 0.038 0.035 0.009 0.037 0.088
271 G 0.077 0.023 0.039 0.033 0.011 0.019 0.025 0.517 0.013 0.019 0.028 0.033 0.009 0.016 0.019 0.051 0.029 0.005 0.011 0.024
272 A 0.232 0.028 0.023 0.026 0.019 0.022 0.035 0.063 0.015 0.054 0.074 0.038 0.02 0.1 0.025 0.069 0.044 0.008 0.032 0.077
273 L 0.048 0.022 0.014 0.016 0.016 0.015 0.02 0.021 0.009 0.164 0.294 0.025 0.043 0.049 0.014 0.025 0.037 0.006 0.021 0.139
274 E 0.054 0.049 0.04 0.089 0.007 0.064 0.307 0.034 0.025 0.022 0.036 0.074 0.013 0.016 0.025 0.054 0.036 0.005 0.016 0.031
275 H 0.039 0.035 0.036 0.028 0.009 0.03 0.039 0.031 0.194 0.037 0.062 0.036 0.018 0.135 0.016 0.035 0.027 0.015 0.142 0.036
276 E 0.054 0.049 0.04 0.089 0.007 0.064 0.307 0.034 0.025 0.022 0.036 0.074 0.013 0.016 0.025 0.054 0.036 0.005 0.016 0.031
277 V 0.073 0.022 0.016 0.017 0.018 0.017 0.023 0.026 0.009 0.146 0.183 0.026 0.035 0.039 0.016 0.033 0.045 0.006 0.021 0.229
278 L 0.041 0.023 0.016 0.017 0.013 0.016 0.021 0.024 0.014 0.087 0.222 0.024 0.064 0.208 0.013 0.027 0.031 0.012 0.052 0.076
279 G 0.077 0.023 0.039 0.033 0.011 0.019 0.025 0.517 0.013 0.019 0.028 0.033 0.009 0.016 0.019 0.051 0.029 0.005 0.011 0.024
280 Y 0.04 0.028 0.021 0.018 0.009 0.021 0.028 0.025 0.046 0.043 0.067 0.031 0.018 0.129 0.015 0.031 0.028 0.028 0.328 0.046
281 S 0.108 0.04 0.053 0.048 0.017 0.033 0.052 0.065 0.019 0.029 0.041 0.053 0.015 0.021 0.029 0.231 0.081 0.005 0.017 0.041
282 Y 0.039 0.026 0.021 0.018 0.009 0.019 0.026 0.025 0.041 0.047 0.076 0.028 0.02 0.179 0.014 0.03 0.027 0.026 0.283 0.048
283 L 0.044 0.024 0.014 0.015 0.016 0.016 0.02 0.021 0.01 0.121 0.376 0.025 0.048 0.053 0.014 0.024 0.033 0.007 0.022 0.098
284 N 0.042 0.044 0.327 0.082 0.009 0.033 0.049 0.064 0.031 0.022 0.031 0.053 0.011 0.018 0.02 0.069 0.049 0.004 0.015 0.027
285 D 0.04 0.029 0.068 0.406 0.007 0.029 0.09 0.046 0.018 0.022 0.028 0.044 0.009 0.015 0.022 0.051 0.035 0.004 0.011 0.024
286 Y 0.04 0.028 0.021 0.018 0.009 0.021 0.028 0.025 0.046 0.043 0.067 0.031 0.018 0.129 0.015 0.031 0.028 0.028 0.328 0.046
287 L 0.038 0.021 0.015 0.016 0.013 0.013 0.019 0.023 0.013 0.088 0.246 0.022 0.037 0.228 0.012 0.024 0.029 0.012 0.055 0.074
288 L 0.051 0.022 0.015 0.016 0.017 0.015 0.02 0.022 0.009 0.168 0.266 0.025 0.041 0.047 0.015 0.026 0.038 0.006 0.021 0.161
289 R 0.044 0.355 0.038 0.031 0.008 0.048 0.052 0.032 0.023 0.023 0.046 0.118 0.015 0.017 0.019 0.044 0.034 0.006 0.017 0.031
290 R 0.044 0.355 0.038 0.031 0.008 0.048 0.052 0.032 0.023 0.023 0.046 0.118 0.015 0.017 0.019 0.044 0.034 0.006 0.017 0.031
291 A 0.301 0.031 0.025 0.029 0.021 0.025 0.04 0.077 0.015 0.043 0.059 0.044 0.017 0.021 0.029 0.084 0.049 0.005 0.017 0.068
292 F 0.035 0.021 0.018 0.017 0.01 0.013 0.021 0.025 0.023 0.058 0.103 0.021 0.024 0.34 0.011 0.026 0.026 0.019 0.138 0.052
293 V 0.062 0.023 0.022 0.022 0.018 0.018 0.025 0.027 0.01 0.178 0.126 0.03 0.03 0.035 0.018 0.044 0.098 0.006 0.02 0.189
294 V 0.069 0.022 0.016 0.018 0.019 0.016 0.023 0.024 0.008 0.162 0.128 0.026 0.031 0.035 0.016 0.032 0.049 0.005 0.02 0.28
295 P 0.056 0.025 0.023 0.031 0.01 0.02 0.036 0.036 0.013 0.025 0.036 0.041 0.01 0.013 0.501 0.043 0.036 0.003 0.013 0.031
296 S 0.127 0.039 0.051 0.046 0.018 0.032 0.05 0.066 0.018 0.031 0.043 0.052 0.016 0.021 0.029 0.217 0.078 0.005 0.017 0.044
297 T 0.072 0.035 0.043 0.037 0.018 0.027 0.039 0.043 0.014 0.053 0.064 0.045 0.019 0.023 0.027 0.091 0.258 0.006 0.018 0.07
298 L 0.045 0.026 0.015 0.016 0.016 0.018 0.022 0.022 0.011 0.111 0.345 0.027 0.075 0.053 0.014 0.026 0.034 0.007 0.022 0.094
299 L 0.044 0.024 0.014 0.015 0.016 0.016 0.02 0.021 0.01 0.114 0.385 0.025 0.049 0.054 0.014 0.024 0.033 0.007 0.022 0.095
300 G 0.077 0.023 0.039 0.033 0.011 0.019 0.025 0.517 0.013 0.019 0.028 0.033 0.009 0.016 0.019 0.051 0.029 0.005 0.011 0.024
301 A 0.291 0.03 0.026 0.029 0.021 0.025 0.039 0.095 0.015 0.042 0.057 0.043 0.017 0.021 0.029 0.082 0.048 0.005 0.017 0.066
302 A 0.185 0.026 0.021 0.023 0.02 0.021 0.031 0.051 0.011 0.102 0.093 0.035 0.024 0.028 0.023 0.058 0.049 0.005 0.019 0.174
303 D 0.044 0.035 0.065 0.322 0.007 0.038 0.144 0.043 0.02 0.022 0.03 0.052 0.01 0.015 0.023 0.052 0.035 0.004 0.012 0.026
304 L 0.115 0.043 0.103 0.044 0.014 0.072 0.052 0.052 0.021 0.049 0.117 0.053 0.023 0.026 0.022 0.061 0.052 0.006 0.019 0.055
305 F 0.033 0.019 0.017 0.017 0.01 0.01 0.019 0.025 0.017 0.062 0.113 0.019 0.025 0.396 0.01 0.025 0.025 0.017 0.087 0.054
306 V 0.063 0.023 0.017 0.018 0.017 0.017 0.024 0.024 0.016 0.137 0.116 0.027 0.028 0.055 0.016 0.032 0.044 0.01 0.084 0.231
307 S 0.075 0.033 0.045 0.114 0.014 0.035 0.052 0.055 0.016 0.093 0.071 0.045 0.02 0.025 0.023 0.127 0.061 0.005 0.017 0.075
308 L 0.064 0.05 0.036 0.038 0.013 0.119 0.069 0.04 0.021 0.056 0.138 0.062 0.027 0.027 0.022 0.083 0.047 0.006 0.02 0.062
309 F 0.036 0.021 0.018 0.017 0.01 0.014 0.021 0.025 0.023 0.06 0.106 0.022 0.03 0.322 0.012 0.027 0.026 0.019 0.139 0.054
310 G 0.077 0.023 0.039 0.033 0.011 0.019 0.025 0.517 0.013 0.019 0.028 0.033 0.009 0.016 0.019 0.051 0.029 0.005 0.011 0.024
311 F 0.059 0.031 0.103 0.043 0.013 0.024 0.045 0.044 0.019 0.088 0.082 0.039 0.021 0.118 0.034 0.08 0.046 0.008 0.035 0.068
312 N 0.042 0.044 0.327 0.082 0.009 0.033 0.049 0.064 0.031 0.022 0.031 0.053 0.011 0.018 0.02 0.069 0.049 0.004 0.015 0.027
313 Y 0.058 0.037 0.094 0.04 0.011 0.028 0.04 0.044 0.034 0.036 0.057 0.052 0.016 0.073 0.02 0.09 0.046 0.016 0.167 0.041
314 Y 0.04 0.028 0.021 0.018 0.009 0.021 0.028 0.025 0.046 0.043 0.067 0.031 0.018 0.129 0.015 0.031 0.028 0.028 0.328 0.046
315 G 0.088 0.094 0.047 0.041 0.014 0.032 0.045 0.179 0.018 0.025 0.039 0.06 0.014 0.019 0.025 0.148 0.058 0.005 0.015 0.035
316 D 0.04 0.029 0.068 0.406 0.007 0.029 0.09 0.046 0.018 0.022 0.028 0.044 0.009 0.015 0.022 0.051 0.035 0.004 0.011 0.024
317 T 0.072 0.035 0.043 0.037 0.018 0.027 0.039 0.043 0.014 0.053 0.064 0.045 0.019 0.023 0.027 0.091 0.258 0.006 0.018 0.07
318 L 0.097 0.025 0.016 0.018 0.017 0.018 0.024 0.033 0.011 0.106 0.308 0.029 0.042 0.047 0.017 0.036 0.037 0.007 0.021 0.092
319 L 0.044 0.022 0.014 0.016 0.016 0.015 0.019 0.021 0.01 0.147 0.328 0.024 0.045 0.066 0.014 0.024 0.034 0.007 0.024 0.11
