#Seq2Logo.py -f /work3/idamei/ssn-clusterings/clustering/2205181304/clusters/0017_126/sequences.afa -o /work3/idamei/ssn-clusterings/clustering/2205181304/clusters/0017_126/sequences.logo
#Position Specific Frequency Matrix
A R N D C Q E G H I L K M F P S T W Y V
0 L 0.052 0.032 0.02 0.02 0.016 0.028 0.028 0.028 0.016 0.1 0.196 0.036 0.162 0.048 0.016 0.036 0.04 0.008 0.024 0.092
1 N 0.043 0.045 0.314 0.083 0.009 0.034 0.05 0.065 0.032 0.023 0.032 0.054 0.011 0.018 0.02 0.07 0.05 0.005 0.016 0.027
2 L 0.052 0.032 0.02 0.02 0.016 0.028 0.028 0.028 0.016 0.101 0.198 0.036 0.157 0.048 0.016 0.036 0.04 0.008 0.024 0.093
3 K 0.054 0.092 0.108 0.052 0.009 0.049 0.066 0.049 0.023 0.026 0.04 0.223 0.014 0.016 0.026 0.057 0.042 0.005 0.017 0.031
4 I 0.119 0.026 0.025 0.026 0.018 0.02 0.029 0.042 0.012 0.156 0.114 0.035 0.027 0.033 0.022 0.058 0.093 0.006 0.019 0.122
5 T 0.091 0.038 0.049 0.043 0.018 0.03 0.046 0.055 0.016 0.042 0.054 0.05 0.018 0.022 0.029 0.154 0.166 0.006 0.018 0.057
6 I 0.047 0.018 0.015 0.018 0.016 0.013 0.018 0.021 0.009 0.272 0.168 0.024 0.037 0.044 0.015 0.025 0.04 0.006 0.021 0.176
7 P 0.057 0.026 0.023 0.031 0.01 0.021 0.036 0.036 0.013 0.026 0.036 0.041 0.01 0.013 0.494 0.044 0.036 0.003 0.013 0.031
8 G 0.089 0.029 0.044 0.039 0.013 0.024 0.035 0.361 0.015 0.023 0.033 0.041 0.012 0.018 0.023 0.107 0.047 0.005 0.013 0.03
9 K 0.151 0.076 0.035 0.037 0.014 0.042 0.058 0.057 0.018 0.034 0.05 0.185 0.016 0.018 0.028 0.066 0.044 0.005 0.017 0.047
10 K 0.055 0.098 0.043 0.041 0.008 0.051 0.068 0.042 0.071 0.027 0.042 0.244 0.015 0.018 0.026 0.052 0.038 0.006 0.023 0.031
11 I 0.044 0.025 0.044 0.051 0.012 0.019 0.03 0.028 0.026 0.143 0.107 0.03 0.026 0.075 0.016 0.033 0.035 0.015 0.14 0.102
12 K 0.081 0.065 0.044 0.043 0.013 0.039 0.057 0.052 0.019 0.028 0.042 0.143 0.015 0.018 0.098 0.127 0.058 0.005 0.017 0.037
13 L 0.046 0.026 0.015 0.016 0.016 0.018 0.022 0.022 0.011 0.112 0.344 0.027 0.07 0.053 0.015 0.026 0.035 0.007 0.023 0.095
14 G 0.123 0.031 0.039 0.036 0.015 0.025 0.037 0.226 0.02 0.03 0.043 0.042 0.014 0.033 0.024 0.111 0.05 0.008 0.052 0.041
15 W 0.037 0.02 0.015 0.016 0.011 0.014 0.02 0.026 0.013 0.125 0.106 0.022 0.025 0.114 0.011 0.024 0.029 0.228 0.054 0.088
16 I 0.055 0.021 0.019 0.02 0.017 0.016 0.022 0.024 0.009 0.222 0.147 0.027 0.033 0.04 0.017 0.035 0.067 0.006 0.02 0.184
17 F 0.04 0.023 0.018 0.018 0.012 0.017 0.022 0.026 0.016 0.076 0.143 0.025 0.076 0.269 0.012 0.029 0.03 0.014 0.065 0.068
18 L 0.051 0.021 0.015 0.017 0.017 0.015 0.02 0.022 0.009 0.191 0.234 0.025 0.04 0.046 0.015 0.026 0.04 0.006 0.021 0.171
19 L 0.051 0.021 0.015 0.015 0.185 0.015 0.019 0.025 0.009 0.089 0.268 0.023 0.037 0.042 0.015 0.03 0.034 0.006 0.019 0.082
20 I 0.048 0.022 0.016 0.018 0.016 0.017 0.021 0.023 0.011 0.217 0.189 0.027 0.074 0.046 0.015 0.028 0.039 0.007 0.021 0.146
21 Y 0.038 0.025 0.02 0.018 0.01 0.018 0.025 0.025 0.037 0.049 0.082 0.027 0.021 0.211 0.014 0.029 0.027 0.024 0.252 0.049
22 L 0.085 0.027 0.025 0.025 0.015 0.019 0.029 0.039 0.015 0.069 0.173 0.032 0.029 0.16 0.018 0.078 0.043 0.01 0.043 0.066
23 L 0.046 0.02 0.015 0.017 0.016 0.015 0.019 0.021 0.009 0.214 0.242 0.024 0.046 0.048 0.014 0.025 0.037 0.006 0.021 0.144
24 P 0.056 0.026 0.023 0.031 0.01 0.021 0.036 0.036 0.013 0.026 0.036 0.041 0.01 0.013 0.498 0.043 0.036 0.003 0.013 0.031
25 S 0.092 0.05 0.051 0.048 0.015 0.091 0.067 0.058 0.022 0.028 0.043 0.065 0.017 0.019 0.028 0.174 0.069 0.005 0.018 0.039
26 F 0.038 0.019 0.016 0.017 0.012 0.012 0.019 0.024 0.014 0.118 0.156 0.021 0.031 0.273 0.012 0.025 0.029 0.013 0.065 0.087
27 I 0.056 0.019 0.015 0.018 0.017 0.015 0.02 0.022 0.008 0.229 0.151 0.024 0.034 0.04 0.015 0.028 0.043 0.006 0.02 0.218
28 F 0.033 0.019 0.017 0.017 0.011 0.011 0.019 0.025 0.017 0.063 0.113 0.019 0.025 0.393 0.011 0.025 0.025 0.017 0.088 0.054
29 V 0.069 0.022 0.016 0.018 0.019 0.016 0.023 0.024 0.008 0.163 0.129 0.026 0.031 0.035 0.016 0.033 0.049 0.005 0.02 0.276
30 F 0.052 0.025 0.026 0.024 0.012 0.018 0.028 0.034 0.023 0.051 0.088 0.029 0.022 0.258 0.016 0.073 0.039 0.016 0.115 0.05
31 L 0.039 0.022 0.015 0.016 0.013 0.013 0.019 0.023 0.013 0.091 0.258 0.022 0.038 0.21 0.012 0.025 0.029 0.012 0.052 0.076
32 K 0.051 0.075 0.046 0.042 0.008 0.1 0.074 0.04 0.141 0.025 0.042 0.142 0.017 0.02 0.023 0.05 0.035 0.006 0.032 0.03
33 Q 0.055 0.073 0.044 0.047 0.009 0.222 0.102 0.041 0.029 0.026 0.047 0.09 0.02 0.015 0.023 0.055 0.041 0.006 0.02 0.035
34 D 0.085 0.036 0.059 0.171 0.014 0.032 0.065 0.059 0.019 0.027 0.037 0.05 0.013 0.019 0.027 0.166 0.065 0.005 0.015 0.035
35 S 0.109 0.04 0.054 0.048 0.017 0.033 0.052 0.066 0.019 0.029 0.042 0.054 0.016 0.021 0.029 0.227 0.081 0.005 0.017 0.042
36 L 0.044 0.024 0.014 0.015 0.016 0.016 0.02 0.021 0.01 0.114 0.381 0.025 0.049 0.054 0.014 0.024 0.033 0.007 0.022 0.095
37 A 0.297 0.031 0.025 0.029 0.021 0.025 0.04 0.078 0.015 0.043 0.059 0.044 0.017 0.021 0.029 0.084 0.049 0.005 0.017 0.068
38 P 0.071 0.028 0.029 0.03 0.016 0.022 0.034 0.037 0.012 0.08 0.075 0.038 0.02 0.024 0.169 0.072 0.096 0.005 0.017 0.126
39 G 0.078 0.023 0.039 0.033 0.011 0.019 0.025 0.515 0.013 0.019 0.028 0.033 0.009 0.016 0.019 0.051 0.029 0.005 0.011 0.024
40 L 0.05 0.027 0.018 0.019 0.016 0.023 0.024 0.025 0.013 0.161 0.185 0.031 0.123 0.046 0.015 0.032 0.04 0.007 0.023 0.12
41 I 0.119 0.027 0.021 0.023 0.018 0.022 0.028 0.04 0.013 0.142 0.138 0.034 0.071 0.037 0.02 0.049 0.057 0.006 0.02 0.113
42 I 0.053 0.02 0.015 0.017 0.017 0.015 0.02 0.022 0.009 0.205 0.204 0.025 0.038 0.044 0.015 0.027 0.041 0.006 0.021 0.188
43 A 0.216 0.027 0.022 0.025 0.02 0.022 0.034 0.059 0.012 0.092 0.086 0.038 0.023 0.027 0.025 0.066 0.049 0.005 0.018 0.133
44 C 0.074 0.025 0.029 0.028 0.18 0.02 0.029 0.04 0.012 0.111 0.088 0.033 0.022 0.028 0.02 0.1 0.053 0.005 0.016 0.088
45 F 0.067 0.022 0.021 0.021 0.015 0.016 0.024 0.03 0.013 0.135 0.119 0.027 0.028 0.159 0.016 0.041 0.07 0.01 0.043 0.125
46 L 0.088 0.024 0.018 0.021 0.016 0.018 0.025 0.032 0.011 0.133 0.2 0.03 0.033 0.038 0.091 0.037 0.039 0.006 0.019 0.12
47 I 0.056 0.019 0.015 0.018 0.017 0.014 0.02 0.022 0.008 0.23 0.151 0.024 0.034 0.04 0.015 0.028 0.043 0.006 0.02 0.217
48 L 0.044 0.023 0.017 0.017 0.014 0.017 0.022 0.022 0.021 0.149 0.21 0.026 0.035 0.074 0.015 0.026 0.034 0.013 0.114 0.108
49 L 0.053 0.021 0.017 0.018 0.016 0.015 0.02 0.056 0.009 0.188 0.208 0.025 0.037 0.043 0.015 0.028 0.039 0.006 0.02 0.166
50 Y 0.039 0.025 0.02 0.018 0.01 0.018 0.025 0.025 0.036 0.054 0.102 0.027 0.022 0.197 0.014 0.029 0.027 0.023 0.238 0.052
51 G 0.076 0.032 0.072 0.144 0.012 0.028 0.054 0.198 0.018 0.024 0.033 0.045 0.012 0.017 0.023 0.113 0.05 0.005 0.013 0.03
52 L 0.059 0.021 0.016 0.017 0.014 0.014 0.02 0.026 0.012 0.137 0.207 0.024 0.035 0.166 0.014 0.029 0.033 0.01 0.044 0.101
53 L 0.059 0.132 0.088 0.04 0.012 0.033 0.042 0.043 0.02 0.05 0.135 0.066 0.024 0.028 0.02 0.085 0.048 0.006 0.018 0.05
54 S 0.068 0.045 0.042 0.038 0.085 0.081 0.057 0.044 0.074 0.033 0.05 0.055 0.018 0.028 0.023 0.093 0.071 0.007 0.045 0.043
55 I 0.051 0.023 0.017 0.018 0.016 0.018 0.022 0.023 0.011 0.206 0.172 0.028 0.08 0.044 0.015 0.029 0.041 0.006 0.022 0.158
56 K 0.071 0.056 0.034 0.032 0.012 0.034 0.046 0.039 0.027 0.04 0.058 0.12 0.018 0.056 0.024 0.058 0.093 0.013 0.12 0.05
57 L 0.046 0.05 0.106 0.042 0.011 0.044 0.045 0.04 0.021 0.051 0.11 0.093 0.038 0.108 0.019 0.046 0.038 0.008 0.034 0.05
58 L 0.045 0.117 0.022 0.021 0.013 0.027 0.032 0.026 0.014 0.084 0.27 0.067 0.038 0.042 0.016 0.031 0.034 0.007 0.02 0.074
59 S 0.112 0.076 0.043 0.04 0.015 0.037 0.053 0.055 0.018 0.035 0.049 0.117 0.016 0.02 0.028 0.122 0.094 0.005 0.017 0.048
60 F 0.039 0.019 0.016 0.017 0.013 0.012 0.019 0.024 0.014 0.127 0.128 0.02 0.029 0.276 0.012 0.026 0.031 0.013 0.065 0.101
61 G 0.077 0.138 0.044 0.037 0.012 0.033 0.043 0.204 0.018 0.024 0.039 0.069 0.013 0.018 0.022 0.108 0.048 0.005 0.015 0.032
62 A 0.158 0.036 0.033 0.033 0.019 0.027 0.041 0.057 0.015 0.069 0.071 0.058 0.02 0.024 0.026 0.116 0.059 0.005 0.018 0.112
63 G 0.065 0.05 0.032 0.031 0.012 0.029 0.039 0.194 0.014 0.082 0.071 0.115 0.019 0.023 0.021 0.045 0.038 0.005 0.016 0.1
64 G 0.066 0.055 0.071 0.041 0.01 0.034 0.046 0.203 0.022 0.026 0.039 0.122 0.013 0.029 0.023 0.071 0.04 0.008 0.049 0.032
65 L 0.041 0.02 0.015 0.016 0.014 0.013 0.019 0.022 0.012 0.152 0.22 0.022 0.037 0.164 0.013 0.025 0.033 0.01 0.043 0.108
66 L 0.076 0.022 0.016 0.018 0.017 0.016 0.022 0.027 0.01 0.174 0.236 0.027 0.039 0.044 0.016 0.032 0.039 0.006 0.021 0.142
67 L 0.042 0.022 0.015 0.016 0.015 0.014 0.019 0.022 0.011 0.121 0.298 0.023 0.042 0.128 0.013 0.024 0.032 0.009 0.037 0.095
68 F 0.037 0.019 0.017 0.017 0.011 0.011 0.019 0.025 0.016 0.074 0.115 0.02 0.026 0.353 0.011 0.026 0.028 0.015 0.08 0.079
69 V 0.082 0.027 0.027 0.027 0.018 0.021 0.031 0.037 0.012 0.139 0.137 0.034 0.029 0.034 0.02 0.09 0.055 0.006 0.02 0.156
70 L 0.106 0.025 0.02 0.021 0.017 0.019 0.026 0.037 0.011 0.141 0.216 0.031 0.04 0.041 0.019 0.052 0.042 0.006 0.02 0.109
71 V 0.116 0.025 0.019 0.021 0.019 0.019 0.027 0.054 0.01 0.121 0.142 0.031 0.039 0.034 0.019 0.044 0.046 0.006 0.02 0.188
72 I 0.068 0.022 0.02 0.021 0.017 0.017 0.024 0.029 0.01 0.194 0.163 0.028 0.033 0.039 0.017 0.051 0.046 0.006 0.02 0.174
73 L 0.041 0.024 0.017 0.017 0.014 0.017 0.022 0.025 0.015 0.087 0.212 0.025 0.07 0.203 0.013 0.028 0.031 0.012 0.052 0.076
74 L 0.044 0.02 0.015 0.017 0.015 0.014 0.018 0.021 0.01 0.198 0.226 0.023 0.039 0.094 0.014 0.025 0.036 0.008 0.03 0.134
75 L 0.044 0.024 0.014 0.015 0.016 0.016 0.02 0.021 0.01 0.114 0.382 0.025 0.049 0.054 0.014 0.024 0.033 0.007 0.022 0.095
76 L 0.042 0.023 0.015 0.016 0.015 0.015 0.02 0.022 0.011 0.105 0.327 0.024 0.049 0.114 0.013 0.025 0.032 0.009 0.034 0.088
77 I 0.16 0.024 0.02 0.023 0.019 0.019 0.028 0.046 0.011 0.161 0.114 0.033 0.027 0.033 0.021 0.052 0.045 0.006 0.019 0.139
78 Q 0.055 0.065 0.042 0.061 0.008 0.17 0.169 0.039 0.028 0.025 0.043 0.085 0.018 0.015 0.024 0.055 0.039 0.006 0.019 0.034
79 S 0.109 0.04 0.054 0.048 0.017 0.033 0.052 0.066 0.019 0.029 0.041 0.054 0.016 0.021 0.029 0.228 0.081 0.005 0.017 0.041
80 G 0.055 0.024 0.028 0.025 0.011 0.018 0.026 0.191 0.026 0.039 0.065 0.03 0.017 0.155 0.016 0.049 0.031 0.016 0.136 0.041
81 Y 0.04 0.032 0.03 0.024 0.009 0.026 0.034 0.028 0.13 0.038 0.06 0.035 0.018 0.103 0.016 0.034 0.027 0.022 0.253 0.04
82 L 0.067 0.027 0.027 0.027 0.016 0.021 0.03 0.036 0.013 0.141 0.196 0.034 0.034 0.04 0.019 0.092 0.051 0.006 0.02 0.104
83 A 0.133 0.024 0.019 0.021 0.017 0.018 0.027 0.042 0.012 0.103 0.133 0.03 0.028 0.113 0.019 0.047 0.041 0.008 0.035 0.131
84 V 0.136 0.026 0.021 0.022 0.017 0.021 0.03 0.042 0.021 0.099 0.092 0.033 0.024 0.056 0.02 0.049 0.043 0.011 0.1 0.139
85 T 0.074 0.038 0.039 0.035 0.016 0.028 0.04 0.045 0.017 0.052 0.083 0.058 0.041 0.08 0.024 0.112 0.122 0.008 0.029 0.06
86 F 0.057 0.033 0.029 0.044 0.01 0.033 0.119 0.033 0.025 0.041 0.067 0.044 0.018 0.142 0.019 0.05 0.049 0.045 0.096 0.045
87 D 0.049 0.037 0.171 0.233 0.009 0.031 0.069 0.056 0.024 0.023 0.031 0.049 0.011 0.017 0.022 0.078 0.046 0.004 0.014 0.027
88 D 0.048 0.031 0.136 0.168 0.011 0.026 0.054 0.045 0.019 0.082 0.067 0.041 0.018 0.024 0.019 0.05 0.043 0.005 0.016 0.098
89 S 0.078 0.035 0.041 0.036 0.015 0.028 0.041 0.047 0.027 0.039 0.055 0.044 0.017 0.058 0.024 0.132 0.102 0.013 0.12 0.049
90 K 0.056 0.106 0.041 0.041 0.009 0.053 0.07 0.043 0.02 0.027 0.043 0.285 0.015 0.015 0.027 0.053 0.039 0.005 0.017 0.032
91 P 0.056 0.026 0.023 0.031 0.01 0.02 0.036 0.036 0.013 0.026 0.036 0.041 0.01 0.013 0.499 0.043 0.036 0.003 0.013 0.031
92 L 0.044 0.022 0.015 0.016 0.015 0.015 0.02 0.022 0.011 0.151 0.282 0.025 0.051 0.089 0.014 0.025 0.034 0.008 0.029 0.112
93 F 0.041 0.025 0.019 0.018 0.012 0.019 0.024 0.026 0.023 0.071 0.13 0.027 0.072 0.219 0.013 0.03 0.031 0.016 0.119 0.065
94 S 0.094 0.038 0.049 0.044 0.017 0.031 0.047 0.057 0.017 0.039 0.051 0.05 0.017 0.022 0.029 0.173 0.15 0.005 0.017 0.053
95 L 0.053 0.021 0.015 0.017 0.017 0.015 0.02 0.022 0.009 0.185 0.226 0.025 0.039 0.044 0.015 0.027 0.04 0.006 0.021 0.182
96 P 0.056 0.026 0.023 0.031 0.01 0.02 0.036 0.036 0.013 0.026 0.036 0.041 0.01 0.013 0.499 0.043 0.036 0.003 0.013 0.031
97 A 0.236 0.028 0.023 0.026 0.021 0.023 0.036 0.063 0.013 0.075 0.078 0.039 0.021 0.025 0.026 0.07 0.049 0.005 0.018 0.124
98 L 0.051 0.023 0.015 0.016 0.017 0.016 0.021 0.022 0.009 0.138 0.3 0.025 0.044 0.048 0.015 0.026 0.038 0.007 0.022 0.149
99 L 0.047 0.02 0.015 0.017 0.016 0.015 0.019 0.021 0.009 0.215 0.234 0.025 0.04 0.046 0.015 0.027 0.045 0.006 0.021 0.145
100 L 0.062 0.022 0.015 0.017 0.016 0.015 0.02 0.025 0.01 0.182 0.264 0.026 0.041 0.047 0.015 0.028 0.037 0.006 0.021 0.129
101 I 0.056 0.023 0.017 0.018 0.017 0.018 0.022 0.024 0.01 0.192 0.161 0.027 0.07 0.042 0.016 0.03 0.043 0.006 0.021 0.186
102 F 0.041 0.019 0.015 0.017 0.014 0.012 0.018 0.023 0.012 0.172 0.157 0.021 0.032 0.2 0.013 0.025 0.033 0.011 0.051 0.116
103 L 0.047 0.02 0.015 0.017 0.016 0.014 0.019 0.021 0.009 0.216 0.236 0.024 0.04 0.047 0.015 0.025 0.038 0.006 0.021 0.155
104 G 0.149 0.032 0.041 0.038 0.016 0.026 0.04 0.219 0.016 0.029 0.042 0.044 0.014 0.019 0.026 0.13 0.055 0.005 0.015 0.043
105 A 0.234 0.034 0.035 0.036 0.02 0.028 0.044 0.074 0.016 0.038 0.053 0.047 0.017 0.021 0.029 0.132 0.06 0.005 0.017 0.059
106 W 0.048 0.024 0.02 0.02 0.014 0.017 0.024 0.028 0.012 0.123 0.129 0.028 0.027 0.046 0.015 0.037 0.074 0.17 0.036 0.11
107 L 0.066 0.029 0.027 0.026 0.016 0.022 0.031 0.036 0.013 0.086 0.268 0.035 0.038 0.043 0.019 0.092 0.049 0.006 0.02 0.077
108 L 0.042 0.023 0.015 0.015 0.015 0.015 0.02 0.022 0.011 0.105 0.332 0.024 0.045 0.117 0.013 0.024 0.032 0.009 0.034 0.088
109 S 0.116 0.039 0.053 0.048 0.017 0.033 0.051 0.066 0.019 0.03 0.042 0.053 0.016 0.021 0.029 0.222 0.08 0.005 0.017 0.042
110 F 0.097 0.03 0.121 0.041 0.013 0.022 0.034 0.05 0.021 0.052 0.075 0.036 0.019 0.162 0.018 0.053 0.04 0.009 0.044 0.063
111 R 0.048 0.27 0.039 0.034 0.008 0.05 0.058 0.036 0.022 0.024 0.045 0.174 0.015 0.017 0.022 0.047 0.036 0.006 0.017 0.031
112 L 0.045 0.02 0.014 0.016 0.016 0.014 0.019 0.021 0.009 0.205 0.262 0.024 0.042 0.048 0.014 0.024 0.037 0.006 0.021 0.14
113 E 0.066 0.073 0.03 0.054 0.011 0.044 0.163 0.033 0.019 0.054 0.154 0.061 0.025 0.029 0.021 0.045 0.036 0.006 0.018 0.055
114 N 0.056 0.089 0.117 0.053 0.011 0.039 0.068 0.047 0.022 0.034 0.047 0.111 0.015 0.019 0.024 0.069 0.113 0.005 0.017 0.043
115 L 0.075 0.029 0.029 0.028 0.017 0.023 0.033 0.038 0.013 0.101 0.163 0.036 0.045 0.036 0.02 0.096 0.055 0.006 0.02 0.137
116 P 0.057 0.028 0.042 0.157 0.01 0.025 0.056 0.043 0.015 0.025 0.034 0.043 0.01 0.014 0.288 0.067 0.041 0.003 0.013 0.03
117 P 0.056 0.034 0.031 0.049 0.01 0.034 0.123 0.036 0.019 0.033 0.054 0.049 0.015 0.099 0.18 0.064 0.039 0.007 0.031 0.037
118 G 0.139 0.032 0.028 0.035 0.015 0.027 0.062 0.152 0.014 0.097 0.077 0.056 0.02 0.025 0.023 0.056 0.04 0.005 0.017 0.08
119 V 0.061 0.039 0.036 0.11 0.015 0.023 0.043 0.035 0.013 0.102 0.087 0.039 0.023 0.027 0.021 0.054 0.105 0.005 0.017 0.143
120 V 0.061 0.022 0.016 0.017 0.018 0.016 0.022 0.023 0.009 0.147 0.213 0.026 0.037 0.042 0.016 0.03 0.044 0.006 0.021 0.216
121 A 0.139 0.052 0.033 0.037 0.016 0.034 0.063 0.051 0.016 0.066 0.066 0.108 0.019 0.022 0.026 0.069 0.09 0.005 0.018 0.068
122 D 0.066 0.033 0.079 0.14 0.012 0.027 0.054 0.051 0.02 0.034 0.053 0.043 0.015 0.102 0.022 0.118 0.053 0.007 0.031 0.038
123 A 0.146 0.032 0.035 0.034 0.019 0.026 0.04 0.057 0.015 0.072 0.072 0.043 0.021 0.025 0.026 0.133 0.063 0.005 0.018 0.118
124 F 0.038 0.019 0.016 0.017 0.013 0.012 0.019 0.023 0.014 0.12 0.173 0.021 0.032 0.255 0.012 0.025 0.03 0.013 0.061 0.088
125 R 0.048 0.27 0.039 0.034 0.008 0.05 0.058 0.036 0.022 0.024 0.045 0.174 0.015 0.017 0.022 0.047 0.036 0.006 0.017 0.031
126 F 0.125 0.027 0.053 0.028 0.015 0.019 0.03 0.046 0.016 0.063 0.146 0.032 0.026 0.152 0.019 0.049 0.038 0.009 0.042 0.065
127 A 0.221 0.028 0.022 0.025 0.021 0.022 0.034 0.06 0.012 0.083 0.082 0.038 0.022 0.026 0.025 0.067 0.049 0.005 0.018 0.137
128 T 0.063 0.031 0.033 0.03 0.017 0.024 0.033 0.036 0.012 0.073 0.17 0.038 0.029 0.034 0.023 0.069 0.18 0.006 0.019 0.079
129 Y 0.047 0.025 0.02 0.018 0.137 0.019 0.025 0.027 0.036 0.043 0.067 0.028 0.018 0.1 0.016 0.033 0.03 0.021 0.241 0.049
130 F 0.058 0.025 0.025 0.024 0.016 0.018 0.027 0.031 0.013 0.093 0.102 0.03 0.025 0.151 0.018 0.05 0.109 0.009 0.042 0.134
131 F 0.037 0.021 0.016 0.016 0.012 0.012 0.019 0.024 0.014 0.08 0.203 0.021 0.033 0.28 0.012 0.025 0.028 0.013 0.066 0.068
132 L 0.043 0.023 0.014 0.015 0.015 0.015 0.02 0.022 0.011 0.109 0.352 0.024 0.046 0.092 0.014 0.024 0.032 0.008 0.029 0.091
133 L 0.04 0.021 0.015 0.016 0.014 0.014 0.019 0.023 0.012 0.113 0.258 0.023 0.039 0.178 0.013 0.025 0.031 0.01 0.046 0.089
134 L 0.047 0.02 0.016 0.016 0.172 0.013 0.018 0.026 0.012 0.074 0.186 0.021 0.03 0.156 0.014 0.03 0.031 0.009 0.041 0.069
135 G 0.078 0.023 0.039 0.033 0.011 0.019 0.025 0.515 0.013 0.019 0.028 0.033 0.009 0.016 0.019 0.051 0.029 0.005 0.011 0.024
136 W 0.03 0.022 0.015 0.015 0.008 0.015 0.022 0.03 0.015 0.03 0.052 0.022 0.015 0.06 0.008 0.022 0.022 0.497 0.068 0.03
137 L 0.052 0.021 0.015 0.016 0.121 0.015 0.019 0.024 0.009 0.141 0.235 0.024 0.037 0.042 0.015 0.029 0.037 0.006 0.019 0.124
138 A 0.193 0.036 0.041 0.04 0.019 0.03 0.047 0.071 0.017 0.035 0.049 0.049 0.016 0.021 0.029 0.164 0.067 0.005 0.017 0.053
139 V 0.062 0.02 0.016 0.018 0.018 0.015 0.021 0.023 0.008 0.201 0.141 0.025 0.033 0.038 0.016 0.03 0.046 0.006 0.02 0.242
140 I 0.045 0.018 0.015 0.017 0.015 0.013 0.019 0.022 0.011 0.194 0.144 0.022 0.032 0.159 0.013 0.026 0.036 0.009 0.043 0.146
141 R 0.042 0.14 0.035 0.028 0.01 0.033 0.041 0.031 0.132 0.048 0.125 0.062 0.024 0.072 0.017 0.037 0.03 0.008 0.039 0.045
142 R 0.058 0.164 0.041 0.036 0.011 0.043 0.054 0.039 0.019 0.034 0.051 0.15 0.017 0.019 0.025 0.063 0.109 0.006 0.017 0.044
143 I 0.045 0.018 0.015 0.017 0.015 0.013 0.018 0.021 0.01 0.236 0.184 0.023 0.037 0.084 0.014 0.025 0.037 0.007 0.028 0.153
144 D 0.043 0.11 0.059 0.28 0.008 0.036 0.08 0.043 0.02 0.023 0.033 0.088 0.011 0.015 0.022 0.05 0.035 0.004 0.013 0.026
145 I 0.044 0.018 0.015 0.017 0.015 0.013 0.018 0.021 0.01 0.23 0.154 0.022 0.034 0.121 0.014 0.025 0.036 0.008 0.035 0.148
146 G 0.078 0.023 0.039 0.033 0.011 0.019 0.025 0.515 0.013 0.019 0.028 0.033 0.009 0.016 0.019 0.051 0.029 0.005 0.011 0.024
147 P 0.069 0.037 0.133 0.054 0.012 0.029 0.046 0.055 0.021 0.026 0.036 0.049 0.012 0.017 0.183 0.113 0.055 0.004 0.015 0.033
148 Y 0.04 0.028 0.022 0.019 0.009 0.022 0.028 0.025 0.046 0.043 0.068 0.031 0.019 0.13 0.015 0.031 0.028 0.028 0.325 0.046
149 A 0.214 0.035 0.031 0.044 0.018 0.034 0.099 0.065 0.017 0.041 0.055 0.051 0.017 0.021 0.028 0.092 0.05 0.005 0.017 0.065
150 L 0.146 0.03 0.028 0.029 0.018 0.024 0.035 0.052 0.014 0.068 0.183 0.039 0.03 0.034 0.023 0.098 0.051 0.006 0.019 0.072
151 K 0.048 0.086 0.033 0.033 0.009 0.039 0.052 0.037 0.019 0.039 0.066 0.19 0.019 0.141 0.021 0.043 0.034 0.009 0.041 0.04
152 P 0.057 0.028 0.043 0.16 0.009 0.026 0.069 0.167 0.016 0.022 0.031 0.042 0.01 0.015 0.18 0.049 0.034 0.004 0.012 0.027
153 K 0.056 0.106 0.041 0.041 0.009 0.053 0.07 0.043 0.02 0.027 0.043 0.285 0.015 0.015 0.027 0.053 0.039 0.005 0.017 0.032
154 G 0.144 0.026 0.029 0.031 0.014 0.022 0.034 0.209 0.014 0.029 0.041 0.039 0.012 0.017 0.182 0.059 0.038 0.004 0.014 0.041
155 V 0.145 0.025 0.019 0.022 0.02 0.019 0.029 0.042 0.01 0.123 0.106 0.032 0.027 0.031 0.021 0.05 0.049 0.005 0.019 0.207
156 F 0.038 0.018 0.016 0.017 0.012 0.011 0.018 0.024 0.014 0.135 0.131 0.02 0.029 0.277 0.012 0.025 0.03 0.013 0.065 0.095
157 P 0.056 0.026 0.023 0.031 0.01 0.02 0.036 0.036 0.013 0.026 0.036 0.041 0.01 0.013 0.499 0.043 0.036 0.003 0.013 0.031
158 F 0.033 0.019 0.017 0.017 0.01 0.01 0.019 0.025 0.017 0.063 0.113 0.019 0.025 0.393 0.01 0.025 0.025 0.017 0.088 0.054
159 S 0.109 0.04 0.054 0.048 0.017 0.033 0.052 0.066 0.019 0.029 0.041 0.054 0.016 0.021 0.029 0.228 0.081 0.005 0.017 0.041
160 E 0.055 0.049 0.04 0.089 0.007 0.064 0.303 0.035 0.026 0.022 0.036 0.075 0.013 0.016 0.026 0.055 0.036 0.005 0.016 0.031
161 E 0.05 0.043 0.05 0.194 0.007 0.052 0.232 0.038 0.023 0.022 0.034 0.065 0.012 0.016 0.024 0.054 0.036 0.005 0.015 0.029
162 S 0.109 0.04 0.054 0.048 0.017 0.033 0.052 0.066 0.019 0.029 0.041 0.054 0.016 0.021 0.029 0.228 0.081 0.005 0.017 0.041
163 H 0.042 0.045 0.053 0.038 0.008 0.038 0.053 0.038 0.361 0.023 0.038 0.045 0.015 0.03 0.019 0.042 0.026 0.008 0.057 0.023
164 Y 0.04 0.028 0.022 0.019 0.009 0.022 0.028 0.025 0.046 0.043 0.068 0.031 0.019 0.13 0.015 0.031 0.028 0.028 0.325 0.046
165 A 0.297 0.031 0.025 0.029 0.021 0.025 0.04 0.078 0.015 0.043 0.059 0.044 0.017 0.021 0.029 0.084 0.049 0.005 0.017 0.068
166 L 0.044 0.024 0.014 0.015 0.016 0.016 0.02 0.021 0.01 0.114 0.382 0.025 0.049 0.054 0.014 0.024 0.033 0.007 0.022 0.095
167 C 0.067 0.022 0.025 0.023 0.332 0.017 0.024 0.036 0.01 0.047 0.064 0.028 0.017 0.021 0.02 0.057 0.109 0.005 0.014 0.061
168 V 0.13 0.025 0.021 0.023 0.019 0.019 0.029 0.041 0.011 0.135 0.109 0.032 0.027 0.032 0.02 0.058 0.05 0.005 0.019 0.194
169 G 0.078 0.023 0.039 0.033 0.011 0.019 0.025 0.515 0.013 0.019 0.028 0.033 0.009 0.016 0.019 0.051 0.029 0.005 0.011 0.024
170 F 0.038 0.019 0.016 0.017 0.012 0.012 0.019 0.024 0.014 0.116 0.155 0.021 0.03 0.278 0.012 0.025 0.029 0.013 0.066 0.086
171 L 0.041 0.022 0.015 0.016 0.014 0.014 0.02 0.022 0.012 0.097 0.292 0.023 0.041 0.167 0.013 0.024 0.03 0.01 0.044 0.082
172 G 0.085 0.028 0.036 0.033 0.016 0.023 0.033 0.202 0.013 0.07 0.066 0.038 0.019 0.024 0.021 0.104 0.053 0.005 0.016 0.114
173 C 0.06 0.016 0.016 0.016 0.384 0.012 0.016 0.03 0.008 0.096 0.087 0.021 0.021 0.025 0.016 0.037 0.037 0.004 0.014 0.083
174 I 0.133 0.024 0.021 0.024 0.018 0.019 0.027 0.042 0.011 0.175 0.119 0.033 0.028 0.034 0.021 0.052 0.067 0.006 0.019 0.128
175 S 0.096 0.034 0.041 0.038 0.018 0.027 0.042 0.052 0.015 0.074 0.071 0.044 0.021 0.026 0.025 0.163 0.07 0.005 0.018 0.12
176 G 0.078 0.023 0.039 0.033 0.011 0.019 0.025 0.515 0.013 0.019 0.028 0.033 0.009 0.016 0.019 0.051 0.029 0.005 0.011 0.024
177 Y 0.065 0.028 0.03 0.028 0.014 0.023 0.032 0.037 0.025 0.117 0.092 0.036 0.023 0.065 0.02 0.094 0.049 0.013 0.121 0.088
178 L 0.05 0.025 0.023 0.022 0.015 0.017 0.025 0.029 0.013 0.084 0.191 0.028 0.032 0.158 0.017 0.043 0.09 0.01 0.043 0.087
179 S 0.09 0.037 0.042 0.039 0.017 0.031 0.044 0.053 0.018 0.053 0.093 0.048 0.067 0.03 0.025 0.164 0.067 0.006 0.02 0.058
180 S 0.084 0.062 0.079 0.05 0.013 0.04 0.058 0.058 0.021 0.028 0.041 0.131 0.015 0.019 0.028 0.152 0.064 0.005 0.017 0.037
181 G 0.077 0.035 0.127 0.045 0.011 0.024 0.036 0.154 0.021 0.035 0.056 0.054 0.015 0.118 0.019 0.054 0.038 0.008 0.034 0.039
182 K 0.049 0.174 0.103 0.047 0.008 0.047 0.059 0.044 0.024 0.025 0.041 0.178 0.014 0.017 0.023 0.054 0.04 0.005 0.017 0.031
183 G 0.056 0.041 0.044 0.057 0.008 0.043 0.146 0.164 0.134 0.021 0.035 0.054 0.013 0.021 0.022 0.049 0.031 0.006 0.028 0.026
184 K 0.052 0.204 0.04 0.037 0.008 0.051 0.063 0.039 0.022 0.026 0.044 0.219 0.015 0.016 0.024 0.049 0.037 0.005 0.017 0.032
185 L 0.054 0.051 0.024 0.025 0.014 0.029 0.038 0.029 0.013 0.106 0.191 0.112 0.037 0.036 0.019 0.036 0.039 0.006 0.02 0.12
186 F 0.048 0.019 0.016 0.017 0.015 0.013 0.02 0.024 0.012 0.144 0.13 0.022 0.03 0.196 0.013 0.028 0.036 0.011 0.05 0.155
187 L 0.046 0.02 0.014 0.017 0.016 0.014 0.018 0.021 0.009 0.224 0.238 0.024 0.041 0.047 0.014 0.025 0.037 0.006 0.021 0.148
188 L 0.041 0.022 0.015 0.016 0.014 0.014 0.02 0.022 0.012 0.097 0.292 0.023 0.041 0.167 0.013 0.024 0.03 0.01 0.044 0.082
189 L 0.111 0.024 0.021 0.022 0.015 0.017 0.025 0.109 0.013 0.089 0.164 0.029 0.028 0.114 0.018 0.043 0.036 0.008 0.034 0.078
190 N 0.042 0.044 0.324 0.082 0.009 0.033 0.049 0.065 0.031 0.022 0.031 0.053 0.011 0.018 0.02 0.069 0.049 0.004 0.016 0.027
191 L 0.045 0.022 0.015 0.016 0.016 0.016 0.02 0.021 0.01 0.168 0.296 0.025 0.054 0.05 0.014 0.025 0.036 0.007 0.022 0.122
192 L 0.061 0.027 0.027 0.026 0.015 0.02 0.029 0.035 0.014 0.094 0.186 0.032 0.031 0.117 0.018 0.083 0.06 0.008 0.035 0.079
193 G 0.123 0.025 0.025 0.025 0.016 0.019 0.027 0.201 0.012 0.074 0.163 0.033 0.027 0.032 0.02 0.049 0.037 0.006 0.017 0.07
194 Q 0.055 0.073 0.044 0.047 0.009 0.222 0.102 0.041 0.029 0.026 0.047 0.09 0.02 0.015 0.023 0.055 0.041 0.006 0.02 0.035
195 A 0.255 0.033 0.032 0.034 0.02 0.027 0.043 0.075 0.016 0.04 0.055 0.046 0.017 0.021 0.029 0.116 0.056 0.005 0.017 0.062
196 L 0.055 0.021 0.015 0.017 0.017 0.015 0.021 0.022 0.009 0.177 0.223 0.025 0.039 0.044 0.015 0.028 0.041 0.006 0.021 0.189
197 L 0.045 0.022 0.014 0.016 0.016 0.015 0.019 0.021 0.01 0.169 0.31 0.024 0.045 0.051 0.014 0.024 0.035 0.007 0.022 0.122
198 F 0.033 0.019 0.017 0.017 0.01 0.01 0.019 0.025 0.017 0.063 0.113 0.019 0.025 0.393 0.01 0.025 0.025 0.017 0.088 0.054
199 P 0.056 0.026 0.023 0.031 0.01 0.02 0.036 0.036 0.013 0.026 0.036 0.041 0.01 0.013 0.499 0.043 0.036 0.003 0.013 0.031
200 S 0.087 0.041 0.144 0.06 0.015 0.033 0.051 0.065 0.023 0.027 0.038 0.053 0.014 0.02 0.026 0.175 0.07 0.005 0.017 0.037
201 L 0.044 0.024 0.014 0.015 0.016 0.016 0.02 0.021 0.01 0.114 0.382 0.025 0.049 0.054 0.014 0.024 0.033 0.007 0.022 0.095
202 T 0.072 0.035 0.043 0.037 0.018 0.027 0.039 0.043 0.014 0.053 0.064 0.045 0.02 0.023 0.027 0.092 0.254 0.006 0.018 0.07
203 L 0.044 0.024 0.014 0.015 0.016 0.016 0.02 0.021 0.01 0.114 0.382 0.025 0.049 0.054 0.014 0.024 0.033 0.007 0.022 0.095
204 L 0.041 0.022 0.015 0.016 0.014 0.014 0.02 0.022 0.012 0.097 0.292 0.023 0.041 0.167 0.013 0.024 0.03 0.01 0.044 0.082
205 V 0.062 0.02 0.016 0.018 0.018 0.015 0.021 0.023 0.008 0.201 0.141 0.025 0.033 0.038 0.016 0.03 0.046 0.006 0.02 0.242
206 F 0.033 0.019 0.017 0.017 0.01 0.01 0.019 0.025 0.017 0.063 0.113 0.019 0.025 0.393 0.01 0.025 0.025 0.017 0.088 0.054
207 C 0.094 0.032 0.041 0.038 0.174 0.026 0.04 0.054 0.015 0.034 0.049 0.042 0.016 0.02 0.025 0.165 0.066 0.005 0.016 0.046
208 L 0.049 0.025 0.017 0.018 0.016 0.019 0.022 0.024 0.012 0.148 0.226 0.028 0.083 0.07 0.015 0.029 0.038 0.008 0.027 0.129
209 L 0.051 0.026 0.018 0.019 0.016 0.022 0.024 0.025 0.013 0.153 0.204 0.031 0.111 0.047 0.015 0.031 0.04 0.007 0.023 0.126
210 C 0.174 0.027 0.027 0.028 0.176 0.022 0.033 0.057 0.013 0.043 0.059 0.037 0.017 0.021 0.025 0.086 0.071 0.005 0.016 0.061
211 I 0.053 0.017 0.015 0.017 0.174 0.013 0.017 0.024 0.008 0.196 0.131 0.022 0.029 0.036 0.015 0.03 0.039 0.005 0.018 0.139
212 F 0.043 0.019 0.016 0.017 0.013 0.012 0.02 0.024 0.014 0.109 0.123 0.021 0.028 0.275 0.012 0.027 0.032 0.013 0.065 0.117
213 L 0.049 0.02 0.015 0.017 0.016 0.015 0.019 0.021 0.009 0.206 0.233 0.024 0.04 0.046 0.015 0.026 0.039 0.006 0.021 0.163
214 F 0.033 0.019 0.017 0.017 0.01 0.01 0.019 0.025 0.017 0.063 0.113 0.019 0.025 0.393 0.01 0.025 0.025 0.017 0.088 0.054
215 W 0.03 0.022 0.015 0.015 0.008 0.015 0.022 0.03 0.015 0.03 0.052 0.022 0.015 0.06 0.008 0.022 0.022 0.497 0.068 0.03
216 L 0.043 0.025 0.017 0.017 0.014 0.018 0.022 0.025 0.014 0.092 0.23 0.027 0.081 0.165 0.013 0.028 0.033 0.011 0.045 0.08
217 A 0.159 0.035 0.041 0.038 0.019 0.029 0.044 0.062 0.016 0.042 0.055 0.048 0.017 0.022 0.029 0.135 0.128 0.005 0.017 0.06
218 R 0.049 0.171 0.116 0.049 0.008 0.046 0.058 0.045 0.024 0.025 0.041 0.168 0.014 0.017 0.023 0.054 0.04 0.005 0.017 0.03
219 R 0.044 0.249 0.133 0.048 0.008 0.043 0.051 0.043 0.026 0.023 0.041 0.097 0.014 0.017 0.019 0.052 0.039 0.005 0.017 0.029
220 I 0.045 0.019 0.015 0.017 0.015 0.013 0.019 0.022 0.011 0.197 0.162 0.023 0.034 0.137 0.014 0.026 0.036 0.009 0.039 0.149
221 L 0.138 0.03 0.027 0.027 0.018 0.023 0.033 0.047 0.013 0.07 0.168 0.038 0.029 0.033 0.024 0.067 0.112 0.006 0.019 0.078
222 L 0.065 0.052 0.024 0.025 0.014 0.029 0.038 0.032 0.014 0.081 0.247 0.113 0.036 0.039 0.02 0.038 0.036 0.006 0.02 0.073
223 L 0.047 0.027 0.016 0.017 0.016 0.02 0.023 0.023 0.012 0.109 0.319 0.029 0.089 0.052 0.015 0.028 0.035 0.007 0.023 0.094
224 L 0.116 0.025 0.018 0.02 0.018 0.018 0.026 0.037 0.011 0.103 0.222 0.03 0.035 0.064 0.018 0.042 0.04 0.007 0.025 0.125
225 V 0.065 0.026 0.025 0.024 0.017 0.019 0.028 0.03 0.011 0.123 0.108 0.031 0.027 0.072 0.019 0.051 0.114 0.007 0.027 0.176
226 L 0.044 0.02 0.015 0.017 0.015 0.013 0.019 0.023 0.012 0.15 0.202 0.023 0.035 0.162 0.013 0.026 0.034 0.01 0.043 0.125
227 I 0.066 0.026 0.028 0.027 0.016 0.02 0.029 0.036 0.013 0.163 0.145 0.033 0.03 0.061 0.019 0.092 0.052 0.006 0.024 0.114
228 L 0.085 0.021 0.017 0.018 0.143 0.016 0.022 0.032 0.01 0.098 0.147 0.025 0.028 0.073 0.017 0.038 0.04 0.007 0.026 0.138
229 V 0.058 0.02 0.015 0.017 0.018 0.015 0.021 0.023 0.009 0.2 0.171 0.025 0.035 0.041 0.015 0.029 0.044 0.006 0.021 0.219
230 L 0.071 0.024 0.016 0.018 0.018 0.018 0.023 0.027 0.01 0.126 0.244 0.028 0.054 0.044 0.016 0.033 0.041 0.006 0.021 0.161
231 V 0.12 0.023 0.018 0.02 0.018 0.018 0.025 0.037 0.01 0.163 0.15 0.03 0.031 0.036 0.019 0.043 0.044 0.006 0.02 0.168
232 G 0.147 0.026 0.026 0.026 0.018 0.021 0.03 0.152 0.012 0.084 0.079 0.035 0.021 0.026 0.022 0.058 0.058 0.005 0.017 0.137
233 A 0.145 0.031 0.032 0.032 0.071 0.025 0.037 0.056 0.014 0.054 0.125 0.041 0.024 0.028 0.025 0.119 0.056 0.006 0.018 0.063
234 G 0.06 0.021 0.024 0.023 0.013 0.015 0.022 0.188 0.013 0.081 0.09 0.026 0.022 0.148 0.015 0.036 0.034 0.009 0.04 0.118
235 Y 0.073 0.027 0.026 0.024 0.015 0.021 0.029 0.033 0.023 0.098 0.091 0.034 0.024 0.064 0.02 0.05 0.096 0.013 0.121 0.12
236 L 0.045 0.02 0.015 0.017 0.015 0.014 0.019 0.022 0.011 0.18 0.21 0.023 0.037 0.121 0.014 0.025 0.035 0.008 0.035 0.135
237 L 0.112 0.028 0.023 0.024 0.018 0.023 0.03 0.041 0.014 0.131 0.136 0.036 0.074 0.037 0.02 0.065 0.047 0.006 0.021 0.115
238 L 0.049 0.025 0.016 0.017 0.016 0.018 0.022 0.023 0.011 0.127 0.298 0.027 0.073 0.05 0.015 0.028 0.037 0.007 0.022 0.12
239 N 0.057 0.051 0.137 0.055 0.012 0.094 0.063 0.049 0.025 0.034 0.047 0.063 0.017 0.019 0.024 0.072 0.115 0.005 0.018 0.044
240 Y 0.07 0.03 0.03 0.028 0.015 0.024 0.034 0.038 0.025 0.073 0.108 0.037 0.024 0.064 0.02 0.096 0.051 0.013 0.121 0.101
241 F 0.04 0.023 0.018 0.018 0.012 0.016 0.022 0.026 0.016 0.075 0.14 0.024 0.073 0.278 0.012 0.029 0.03 0.014 0.067 0.067
242 S 0.091 0.051 0.05 0.048 0.014 0.096 0.069 0.057 0.022 0.028 0.043 0.066 0.017 0.019 0.027 0.17 0.068 0.005 0.018 0.039
243 D 0.053 0.027 0.058 0.28 0.009 0.026 0.069 0.202 0.017 0.021 0.028 0.041 0.009 0.015 0.021 0.051 0.033 0.004 0.011 0.024
244 L 0.075 0.033 0.037 0.034 0.017 0.025 0.037 0.043 0.014 0.065 0.163 0.041 0.028 0.033 0.024 0.114 0.123 0.006 0.019 0.069
245 P 0.066 0.022 0.019 0.023 0.013 0.016 0.026 0.031 0.013 0.108 0.097 0.03 0.023 0.124 0.176 0.036 0.036 0.008 0.036 0.099
246 A 0.297 0.031 0.025 0.029 0.021 0.025 0.04 0.078 0.015 0.043 0.059 0.044 0.017 0.021 0.029 0.084 0.049 0.005 0.017 0.068
247 G 0.054 0.02 0.023 0.023 0.013 0.014 0.02 0.186 0.012 0.144 0.108 0.026 0.025 0.112 0.015 0.034 0.033 0.008 0.032 0.098
248 D 0.131 0.044 0.046 0.16 0.013 0.092 0.077 0.055 0.021 0.03 0.044 0.06 0.016 0.017 0.025 0.064 0.042 0.005 0.016 0.042
249 Y 0.04 0.028 0.022 0.019 0.009 0.022 0.028 0.025 0.046 0.043 0.068 0.031 0.019 0.13 0.015 0.031 0.028 0.028 0.325 0.046
250 F 0.036 0.02 0.016 0.016 0.012 0.012 0.019 0.024 0.015 0.077 0.185 0.02 0.032 0.303 0.011 0.025 0.027 0.014 0.07 0.065
251 G 0.119 0.027 0.029 0.028 0.016 0.021 0.03 0.203 0.013 0.057 0.154 0.035 0.025 0.03 0.021 0.069 0.041 0.006 0.017 0.06
252 S 0.109 0.04 0.054 0.048 0.017 0.033 0.052 0.066 0.019 0.029 0.041 0.054 0.016 0.021 0.029 0.228 0.081 0.005 0.017 0.041
253 R 0.044 0.351 0.038 0.031 0.008 0.048 0.052 0.033 0.023 0.023 0.046 0.119 0.015 0.017 0.019 0.044 0.035 0.006 0.017 0.031
254 L 0.047 0.027 0.016 0.017 0.016 0.02 0.023 0.023 0.012 0.109 0.319 0.029 0.089 0.052 0.015 0.028 0.035 0.007 0.023 0.094
255 D 0.085 0.036 0.142 0.173 0.012 0.03 0.06 0.056 0.021 0.031 0.04 0.047 0.013 0.018 0.023 0.07 0.082 0.005 0.015 0.04
256 L 0.041 0.02 0.015 0.016 0.014 0.013 0.019 0.022 0.012 0.152 0.22 0.022 0.037 0.164 0.013 0.025 0.033 0.01 0.043 0.108
257 S 0.109 0.04 0.054 0.048 0.017 0.033 0.052 0.066 0.019 0.029 0.041 0.054 0.016 0.021 0.029 0.228 0.081 0.005 0.017 0.041
258 D 0.089 0.054 0.051 0.165 0.011 0.038 0.085 0.052 0.019 0.027 0.039 0.113 0.013 0.017 0.026 0.095 0.048 0.005 0.015 0.036
259 D 0.041 0.055 0.134 0.293 0.008 0.032 0.077 0.05 0.022 0.022 0.03 0.052 0.01 0.016 0.021 0.056 0.039 0.004 0.013 0.025
260 S 0.097 0.038 0.05 0.045 0.017 0.031 0.048 0.058 0.017 0.037 0.049 0.051 0.017 0.022 0.029 0.182 0.139 0.005 0.017 0.051
261 D 0.064 0.038 0.149 0.178 0.011 0.032 0.064 0.059 0.023 0.025 0.033 0.05 0.012 0.018 0.024 0.116 0.055 0.004 0.015 0.031
262 N 0.042 0.044 0.324 0.082 0.009 0.033 0.049 0.065 0.031 0.022 0.031 0.053 0.011 0.018 0.02 0.069 0.049 0.004 0.016 0.027
263 L 0.047 0.027 0.016 0.017 0.016 0.02 0.023 0.023 0.012 0.109 0.319 0.029 0.089 0.052 0.015 0.028 0.035 0.007 0.023 0.094
264 T 0.072 0.035 0.043 0.037 0.018 0.027 0.039 0.043 0.014 0.053 0.064 0.045 0.02 0.023 0.027 0.092 0.254 0.006 0.018 0.07
265 T 0.072 0.035 0.043 0.037 0.018 0.027 0.039 0.043 0.014 0.053 0.064 0.045 0.02 0.023 0.027 0.092 0.254 0.006 0.018 0.07
266 L 0.044 0.024 0.014 0.015 0.016 0.016 0.02 0.021 0.01 0.114 0.382 0.025 0.049 0.054 0.014 0.024 0.033 0.007 0.022 0.095
267 V 0.069 0.022 0.016 0.018 0.019 0.016 0.023 0.024 0.008 0.163 0.129 0.026 0.031 0.035 0.016 0.033 0.049 0.005 0.02 0.276
268 F 0.033 0.019 0.017 0.017 0.01 0.01 0.019 0.025 0.017 0.063 0.113 0.019 0.025 0.393 0.01 0.025 0.025 0.017 0.088 0.054
269 L 0.044 0.024 0.014 0.015 0.016 0.016 0.02 0.021 0.01 0.114 0.382 0.025 0.049 0.054 0.014 0.024 0.033 0.007 0.022 0.095
270 Q 0.055 0.073 0.044 0.047 0.009 0.222 0.102 0.041 0.029 0.026 0.047 0.09 0.02 0.015 0.023 0.055 0.041 0.006 0.02 0.035
271 G 0.078 0.023 0.039 0.033 0.011 0.019 0.025 0.515 0.013 0.019 0.028 0.033 0.009 0.016 0.019 0.051 0.029 0.005 0.011 0.024
272 L 0.046 0.02 0.014 0.017 0.016 0.014 0.018 0.021 0.009 0.224 0.238 0.024 0.041 0.047 0.014 0.025 0.037 0.006 0.021 0.148
273 D 0.041 0.03 0.068 0.403 0.007 0.03 0.09 0.046 0.019 0.022 0.028 0.044 0.009 0.015 0.022 0.052 0.035 0.004 0.011 0.024
274 D 0.041 0.03 0.068 0.403 0.007 0.03 0.09 0.046 0.019 0.022 0.028 0.044 0.009 0.015 0.022 0.052 0.035 0.004 0.011 0.024
275 A 0.234 0.034 0.035 0.036 0.02 0.028 0.044 0.074 0.016 0.038 0.053 0.047 0.017 0.021 0.029 0.132 0.06 0.005 0.017 0.059
276 Y 0.048 0.073 0.027 0.027 0.011 0.032 0.041 0.03 0.026 0.099 0.084 0.12 0.022 0.061 0.019 0.037 0.035 0.013 0.12 0.075
277 R 0.044 0.249 0.133 0.048 0.008 0.043 0.051 0.043 0.026 0.023 0.041 0.097 0.014 0.017 0.019 0.052 0.039 0.005 0.017 0.029
278 A 0.234 0.034 0.035 0.036 0.02 0.028 0.044 0.074 0.016 0.038 0.053 0.047 0.017 0.021 0.029 0.132 0.06 0.005 0.017 0.059
279 L 0.044 0.024 0.014 0.015 0.016 0.016 0.02 0.021 0.01 0.125 0.367 0.025 0.048 0.053 0.014 0.024 0.033 0.007 0.022 0.101
280 L 0.057 0.03 0.027 0.029 0.016 0.024 0.047 0.031 0.013 0.101 0.194 0.037 0.047 0.038 0.02 0.053 0.118 0.006 0.02 0.09
281 D 0.046 0.041 0.144 0.192 0.008 0.042 0.148 0.048 0.025 0.022 0.032 0.057 0.011 0.016 0.023 0.058 0.04 0.005 0.014 0.027
282 T 0.084 0.037 0.047 0.041 0.018 0.029 0.043 0.051 0.015 0.045 0.057 0.048 0.018 0.023 0.028 0.137 0.196 0.006 0.018 0.061
283 Y 0.064 0.039 0.042 0.035 0.011 0.038 0.046 0.043 0.13 0.032 0.049 0.045 0.017 0.06 0.021 0.101 0.046 0.013 0.132 0.037
284 G 0.078 0.023 0.039 0.033 0.011 0.019 0.025 0.515 0.013 0.019 0.028 0.033 0.009 0.016 0.019 0.051 0.029 0.005 0.011 0.024
285 L 0.048 0.022 0.016 0.018 0.016 0.016 0.02 0.022 0.01 0.174 0.27 0.026 0.042 0.047 0.015 0.029 0.051 0.006 0.021 0.13
286 G 0.078 0.023 0.039 0.033 0.011 0.019 0.025 0.515 0.013 0.019 0.028 0.033 0.009 0.016 0.019 0.051 0.029 0.005 0.011 0.024
287 L 0.044 0.024 0.014 0.015 0.016 0.016 0.02 0.021 0.01 0.114 0.382 0.025 0.049 0.054 0.014 0.024 0.033 0.007 0.022 0.095
288 G 0.078 0.023 0.039 0.033 0.011 0.019 0.025 0.515 0.013 0.019 0.028 0.033 0.009 0.016 0.019 0.051 0.029 0.005 0.011 0.024
289 F 0.037 0.021 0.016 0.016 0.012 0.012 0.019 0.024 0.014 0.08 0.203 0.021 0.033 0.28 0.012 0.025 0.028 0.013 0.066 0.068
290 Q 0.055 0.073 0.044 0.047 0.009 0.222 0.102 0.041 0.029 0.026 0.047 0.09 0.02 0.015 0.023 0.055 0.041 0.006 0.02 0.035
291 L 0.049 0.138 0.026 0.023 0.013 0.035 0.036 0.029 0.018 0.074 0.145 0.063 0.118 0.038 0.017 0.039 0.038 0.007 0.022 0.071
292 A 0.297 0.031 0.025 0.029 0.021 0.025 0.04 0.078 0.015 0.043 0.059 0.044 0.017 0.021 0.029 0.084 0.049 0.005 0.017 0.068
293 G 0.078 0.023 0.039 0.033 0.011 0.019 0.025 0.515 0.013 0.019 0.028 0.033 0.009 0.016 0.019 0.051 0.029 0.005 0.011 0.024
294 T 0.072 0.035 0.043 0.037 0.018 0.027 0.039 0.043 0.014 0.053 0.064 0.045 0.02 0.023 0.027 0.092 0.254 0.006 0.018 0.07
295 D 0.041 0.035 0.153 0.296 0.008 0.031 0.077 0.052 0.023 0.022 0.029 0.047 0.01 0.016 0.021 0.057 0.04 0.004 0.013 0.025
296 G 0.068 0.045 0.042 0.043 0.012 0.092 0.074 0.182 0.02 0.031 0.045 0.059 0.016 0.018 0.023 0.07 0.095 0.006 0.016 0.041
297 P 0.058 0.024 0.018 0.021 0.015 0.018 0.027 0.027 0.01 0.104 0.165 0.031 0.029 0.033 0.176 0.034 0.04 0.005 0.018 0.146
298 G 0.078 0.023 0.039 0.033 0.011 0.019 0.025 0.515 0.013 0.019 0.028 0.033 0.009 0.016 0.019 0.051 0.029 0.005 0.011 0.024
299 E 0.068 0.046 0.032 0.047 0.012 0.091 0.122 0.035 0.02 0.11 0.084 0.068 0.023 0.025 0.022 0.047 0.04 0.006 0.019 0.083
300 Y 0.04 0.028 0.022 0.019 0.009 0.022 0.028 0.025 0.046 0.043 0.068 0.031 0.019 0.13 0.015 0.031 0.028 0.028 0.325 0.046
301 G 0.078 0.023 0.039 0.033 0.011 0.019 0.025 0.515 0.013 0.019 0.028 0.033 0.009 0.016 0.019 0.051 0.029 0.005 0.011 0.024
302 Y 0.04 0.028 0.022 0.019 0.009 0.022 0.028 0.025 0.046 0.043 0.068 0.031 0.019 0.13 0.015 0.031 0.028 0.028 0.325 0.046
303 L 0.062 0.027 0.024 0.023 0.018 0.02 0.027 0.029 0.011 0.121 0.177 0.032 0.032 0.037 0.019 0.05 0.112 0.006 0.02 0.153
304 I 0.047 0.018 0.015 0.018 0.016 0.013 0.018 0.02 0.009 0.278 0.166 0.023 0.036 0.044 0.015 0.025 0.039 0.006 0.02 0.175
305 A 0.136 0.068 0.037 0.039 0.013 0.112 0.073 0.054 0.022 0.032 0.05 0.127 0.018 0.017 0.026 0.064 0.043 0.005 0.019 0.045
306 H 0.076 0.037 0.043 0.037 0.015 0.03 0.045 0.045 0.13 0.063 0.064 0.043 0.02 0.028 0.022 0.114 0.054 0.006 0.031 0.098
307 L 0.044 0.023 0.014 0.015 0.016 0.016 0.02 0.021 0.01 0.132 0.358 0.025 0.048 0.053 0.014 0.024 0.034 0.007 0.022 0.104
308 A 0.159 0.035 0.041 0.038 0.019 0.029 0.044 0.062 0.016 0.042 0.055 0.048 0.017 0.022 0.029 0.135 0.128 0.005 0.017 0.06
309 G 0.078 0.023 0.039 0.033 0.011 0.019 0.025 0.515 0.013 0.019 0.028 0.033 0.009 0.016 0.019 0.051 0.029 0.005 0.011 0.024
310 G 0.097 0.033 0.048 0.043 0.015 0.028 0.042 0.232 0.017 0.025 0.036 0.046 0.013 0.019 0.025 0.162 0.062 0.005 0.015 0.035
311 D 0.043 0.033 0.042 0.17 0.008 0.035 0.138 0.035 0.02 0.036 0.059 0.046 0.016 0.141 0.019 0.044 0.032 0.009 0.038 0.037
312 F 0.039 0.024 0.017 0.017 0.012 0.016 0.022 0.024 0.024 0.073 0.188 0.025 0.031 0.192 0.013 0.027 0.029 0.017 0.145 0.065
313 N 0.042 0.044 0.324 0.082 0.009 0.033 0.049 0.065 0.031 0.022 0.031 0.053 0.011 0.018 0.02 0.069 0.049 0.004 0.016 0.027
314 R 0.044 0.351 0.038 0.031 0.008 0.048 0.052 0.033 0.023 0.023 0.046 0.119 0.015 0.017 0.019 0.044 0.035 0.006 0.017 0.031
315 T 0.112 0.037 0.133 0.05 0.016 0.029 0.043 0.058 0.02 0.04 0.052 0.048 0.016 0.021 0.025 0.082 0.14 0.005 0.017 0.055
316 D 0.041 0.03 0.068 0.403 0.007 0.03 0.09 0.046 0.019 0.022 0.028 0.044 0.009 0.015 0.022 0.052 0.035 0.004 0.011 0.024
317 G 0.078 0.023 0.039 0.033 0.011 0.019 0.025 0.515 0.013 0.019 0.028 0.033 0.009 0.016 0.019 0.051 0.029 0.005 0.011 0.024
318 G 0.078 0.023 0.039 0.033 0.011 0.019 0.025 0.515 0.013 0.019 0.028 0.033 0.009 0.016 0.019 0.051 0.029 0.005 0.011 0.024
319 F 0.033 0.019 0.017 0.017 0.01 0.01 0.019 0.025 0.017 0.063 0.113 0.019 0.025 0.393 0.01 0.025 0.025 0.017 0.088 0.054
