#Seq2Logo.py -f /work3/idamei/ssn-clusterings/clustering/2205181315/clusters/0054_70/sequences.afa -o /work3/idamei/ssn-clusterings/clustering/2205181315/clusters/0054_70/sequences.logo
#Position Specific Frequency Matrix
A R N D C Q E G H I L K M F P S T W Y V
0 L 0.052 0.032 0.02 0.02 0.016 0.028 0.028 0.028 0.016 0.101 0.198 0.036 0.157 0.048 0.016 0.036 0.04 0.008 0.024 0.093
1 F 0.042 0.049 0.025 0.025 0.01 0.025 0.036 0.031 0.018 0.052 0.091 0.104 0.022 0.261 0.016 0.035 0.03 0.013 0.065 0.048
2 I 0.047 0.018 0.015 0.018 0.016 0.013 0.018 0.021 0.009 0.268 0.169 0.024 0.037 0.044 0.015 0.025 0.04 0.006 0.021 0.178
3 L 0.045 0.024 0.014 0.015 0.016 0.016 0.02 0.021 0.01 0.116 0.373 0.025 0.05 0.055 0.014 0.024 0.034 0.007 0.022 0.097
4 Y 0.041 0.028 0.022 0.019 0.009 0.022 0.028 0.025 0.047 0.044 0.069 0.031 0.019 0.131 0.016 0.031 0.028 0.028 0.315 0.047
5 Y 0.041 0.028 0.022 0.019 0.009 0.022 0.028 0.025 0.047 0.044 0.069 0.031 0.019 0.131 0.016 0.031 0.028 0.028 0.315 0.047
6 S 0.11 0.04 0.054 0.049 0.018 0.033 0.053 0.067 0.019 0.03 0.042 0.054 0.016 0.021 0.03 0.216 0.082 0.005 0.018 0.042
7 L 0.045 0.024 0.014 0.015 0.016 0.016 0.02 0.021 0.01 0.116 0.373 0.025 0.05 0.055 0.014 0.024 0.034 0.007 0.022 0.097
8 L 0.045 0.024 0.014 0.015 0.016 0.016 0.02 0.021 0.01 0.116 0.373 0.025 0.05 0.055 0.014 0.024 0.034 0.007 0.022 0.097
9 N 0.043 0.045 0.314 0.083 0.009 0.034 0.05 0.066 0.032 0.023 0.032 0.054 0.011 0.018 0.02 0.07 0.05 0.005 0.016 0.027
10 N 0.043 0.045 0.314 0.083 0.009 0.034 0.05 0.066 0.032 0.023 0.032 0.054 0.011 0.018 0.02 0.07 0.05 0.005 0.016 0.027
11 N 0.043 0.045 0.314 0.083 0.009 0.034 0.05 0.066 0.032 0.023 0.032 0.054 0.011 0.018 0.02 0.07 0.05 0.005 0.016 0.027
12 L 0.051 0.031 0.02 0.02 0.016 0.027 0.027 0.027 0.016 0.098 0.192 0.035 0.181 0.047 0.016 0.035 0.039 0.008 0.024 0.09
13 L 0.043 0.024 0.015 0.017 0.015 0.016 0.021 0.022 0.011 0.143 0.277 0.033 0.04 0.108 0.014 0.025 0.033 0.008 0.032 0.104
14 K 0.053 0.152 0.04 0.039 0.008 0.051 0.066 0.04 0.021 0.026 0.043 0.263 0.015 0.015 0.025 0.051 0.038 0.005 0.017 0.032
15 I 0.05 0.021 0.015 0.018 0.016 0.016 0.02 0.022 0.01 0.229 0.171 0.026 0.06 0.043 0.015 0.027 0.04 0.006 0.021 0.175
16 K 0.055 0.083 0.046 0.057 0.008 0.055 0.15 0.04 0.022 0.026 0.04 0.213 0.014 0.016 0.026 0.054 0.042 0.005 0.017 0.032
17 F 0.081 0.078 0.021 0.021 0.012 0.019 0.027 0.034 0.017 0.06 0.093 0.039 0.022 0.261 0.015 0.038 0.031 0.012 0.061 0.056
18 D 0.047 0.039 0.053 0.25 0.007 0.046 0.201 0.04 0.022 0.022 0.032 0.059 0.011 0.015 0.024 0.052 0.035 0.004 0.014 0.027
19 N 0.046 0.062 0.191 0.123 0.008 0.039 0.062 0.053 0.025 0.024 0.034 0.132 0.012 0.016 0.022 0.06 0.043 0.004 0.015 0.028
20 L 0.043 0.024 0.014 0.015 0.016 0.016 0.02 0.021 0.01 0.113 0.391 0.025 0.048 0.053 0.014 0.024 0.033 0.007 0.022 0.094
21 L 0.043 0.024 0.014 0.015 0.016 0.016 0.02 0.021 0.01 0.113 0.391 0.025 0.048 0.053 0.014 0.024 0.033 0.007 0.022 0.094
22 V 0.063 0.02 0.016 0.017 0.018 0.015 0.021 0.023 0.008 0.19 0.136 0.025 0.032 0.037 0.016 0.03 0.046 0.005 0.02 0.26
23 G 0.09 0.027 0.047 0.035 0.014 0.022 0.031 0.268 0.014 0.07 0.058 0.037 0.016 0.022 0.021 0.087 0.062 0.005 0.015 0.058
24 L 0.077 0.021 0.017 0.018 0.015 0.014 0.021 0.029 0.012 0.149 0.158 0.025 0.031 0.154 0.02 0.033 0.036 0.009 0.041 0.119
25 V 0.068 0.021 0.016 0.017 0.019 0.016 0.023 0.024 0.008 0.161 0.127 0.025 0.031 0.035 0.016 0.032 0.048 0.005 0.02 0.287
26 L 0.056 0.023 0.015 0.016 0.017 0.016 0.021 0.023 0.009 0.126 0.302 0.025 0.042 0.047 0.015 0.027 0.038 0.006 0.021 0.154
27 A 0.178 0.032 0.034 0.034 0.018 0.026 0.04 0.061 0.015 0.061 0.066 0.043 0.019 0.048 0.026 0.123 0.082 0.006 0.022 0.067
28 I 0.05 0.02 0.015 0.017 0.016 0.014 0.019 0.022 0.01 0.189 0.179 0.023 0.035 0.102 0.014 0.026 0.038 0.008 0.031 0.172
29 V 0.059 0.02 0.015 0.017 0.018 0.015 0.021 0.023 0.008 0.209 0.146 0.025 0.033 0.038 0.015 0.029 0.044 0.006 0.02 0.24
30 V 0.057 0.02 0.016 0.018 0.017 0.015 0.021 0.023 0.009 0.221 0.143 0.025 0.033 0.039 0.016 0.03 0.052 0.006 0.02 0.221
31 F 0.104 0.025 0.027 0.027 0.015 0.019 0.029 0.123 0.015 0.062 0.079 0.032 0.02 0.149 0.019 0.076 0.043 0.009 0.04 0.088
32 F 0.041 0.021 0.017 0.017 0.012 0.014 0.021 0.025 0.018 0.104 0.11 0.023 0.025 0.178 0.012 0.026 0.031 0.096 0.102 0.105
33 D 0.041 0.034 0.156 0.302 0.008 0.03 0.076 0.052 0.022 0.022 0.028 0.047 0.01 0.016 0.021 0.057 0.039 0.004 0.012 0.025
34 T 0.073 0.033 0.033 0.03 0.017 0.026 0.034 0.038 0.014 0.073 0.109 0.04 0.074 0.032 0.023 0.069 0.171 0.006 0.02 0.087
35 L 0.045 0.02 0.014 0.016 0.016 0.014 0.018 0.02 0.009 0.205 0.269 0.024 0.042 0.051 0.014 0.024 0.036 0.006 0.021 0.135
36 N 0.071 0.037 0.136 0.052 0.013 0.031 0.042 0.134 0.021 0.036 0.059 0.047 0.038 0.023 0.022 0.117 0.057 0.005 0.016 0.041
37 T 0.071 0.035 0.042 0.037 0.017 0.027 0.038 0.042 0.013 0.052 0.064 0.044 0.019 0.023 0.027 0.09 0.265 0.006 0.017 0.069
38 T 0.079 0.036 0.045 0.039 0.017 0.028 0.041 0.047 0.015 0.047 0.059 0.046 0.018 0.023 0.027 0.123 0.225 0.006 0.017 0.063
39 L 0.055 0.029 0.019 0.019 0.016 0.025 0.026 0.027 0.014 0.112 0.178 0.033 0.148 0.044 0.016 0.035 0.041 0.007 0.023 0.133
40 L 0.043 0.024 0.014 0.015 0.016 0.016 0.02 0.021 0.01 0.113 0.391 0.025 0.048 0.053 0.014 0.024 0.033 0.007 0.022 0.094
41 N 0.087 0.036 0.189 0.12 0.011 0.029 0.05 0.139 0.023 0.025 0.034 0.046 0.011 0.017 0.021 0.066 0.045 0.005 0.014 0.032
42 R 0.049 0.244 0.036 0.033 0.008 0.044 0.053 0.035 0.02 0.024 0.043 0.147 0.014 0.016 0.098 0.046 0.037 0.005 0.016 0.031
43 T 0.065 0.028 0.031 0.028 0.016 0.021 0.029 0.114 0.012 0.09 0.131 0.035 0.026 0.03 0.021 0.059 0.139 0.006 0.018 0.102
44 L 0.045 0.021 0.015 0.016 0.015 0.014 0.02 0.022 0.011 0.134 0.24 0.023 0.037 0.139 0.013 0.025 0.034 0.009 0.038 0.127
45 P 0.049 0.024 0.02 0.025 0.011 0.018 0.03 0.031 0.013 0.043 0.092 0.034 0.018 0.104 0.341 0.037 0.033 0.006 0.03 0.043
46 Q 0.056 0.056 0.095 0.049 0.01 0.11 0.068 0.046 0.089 0.029 0.044 0.067 0.017 0.02 0.023 0.074 0.079 0.006 0.025 0.037
47 L 0.057 0.021 0.015 0.017 0.017 0.016 0.02 0.023 0.009 0.187 0.219 0.025 0.044 0.043 0.015 0.028 0.04 0.006 0.021 0.177
48 P 0.057 0.039 0.045 0.035 0.01 0.026 0.041 0.092 0.015 0.025 0.035 0.083 0.011 0.014 0.34 0.048 0.036 0.003 0.013 0.03
49 A 0.126 0.03 0.073 0.036 0.017 0.024 0.036 0.05 0.015 0.103 0.083 0.039 0.022 0.027 0.022 0.09 0.064 0.005 0.018 0.12
50 G 0.073 0.031 0.085 0.041 0.014 0.024 0.036 0.127 0.017 0.073 0.072 0.04 0.019 0.052 0.021 0.11 0.053 0.006 0.022 0.083
51 L 0.056 0.024 0.021 0.021 0.015 0.018 0.024 0.028 0.014 0.131 0.208 0.028 0.034 0.082 0.016 0.053 0.05 0.009 0.05 0.118
52 L 0.056 0.027 0.022 0.023 0.015 0.019 0.028 0.031 0.012 0.084 0.273 0.032 0.036 0.041 0.098 0.063 0.041 0.006 0.019 0.074
53 F 0.043 0.02 0.016 0.016 0.014 0.013 0.019 0.023 0.012 0.126 0.18 0.022 0.032 0.21 0.013 0.026 0.033 0.011 0.051 0.12
54 L 0.05 0.022 0.016 0.017 0.071 0.015 0.02 0.049 0.01 0.1 0.249 0.024 0.036 0.096 0.014 0.028 0.034 0.008 0.029 0.112
55 V 0.101 0.022 0.018 0.019 0.018 0.017 0.025 0.041 0.01 0.133 0.114 0.028 0.028 0.061 0.018 0.039 0.046 0.006 0.025 0.231
56 V 0.082 0.026 0.025 0.025 0.018 0.02 0.03 0.035 0.011 0.139 0.108 0.032 0.027 0.032 0.019 0.083 0.055 0.005 0.019 0.21
57 L 0.074 0.025 0.016 0.017 0.016 0.018 0.023 0.032 0.011 0.103 0.331 0.028 0.054 0.052 0.016 0.031 0.035 0.007 0.022 0.091
58 L 0.048 0.021 0.014 0.016 0.096 0.015 0.019 0.023 0.009 0.132 0.282 0.024 0.04 0.048 0.014 0.027 0.035 0.006 0.02 0.11
59 L 0.043 0.024 0.014 0.015 0.016 0.016 0.02 0.021 0.01 0.113 0.391 0.025 0.048 0.053 0.014 0.024 0.033 0.007 0.022 0.094
60 L 0.109 0.023 0.023 0.023 0.133 0.018 0.025 0.125 0.011 0.068 0.153 0.03 0.025 0.03 0.019 0.055 0.039 0.005 0.016 0.069
61 L 0.046 0.021 0.015 0.016 0.015 0.015 0.019 0.022 0.01 0.171 0.247 0.024 0.046 0.088 0.014 0.025 0.036 0.008 0.029 0.134
62 R 0.044 0.361 0.038 0.03 0.008 0.047 0.051 0.032 0.023 0.023 0.045 0.117 0.015 0.017 0.019 0.044 0.034 0.006 0.017 0.03
63 F 0.033 0.019 0.016 0.016 0.01 0.01 0.019 0.025 0.016 0.062 0.111 0.019 0.025 0.402 0.01 0.025 0.025 0.016 0.087 0.054
64 L 0.055 0.097 0.024 0.023 0.012 0.028 0.035 0.03 0.015 0.069 0.19 0.087 0.035 0.081 0.017 0.039 0.034 0.035 0.03 0.063
65 F 0.038 0.028 0.08 0.094 0.009 0.021 0.039 0.035 0.033 0.041 0.067 0.033 0.017 0.17 0.016 0.039 0.031 0.016 0.152 0.041
66 I 0.049 0.043 0.022 0.024 0.014 0.025 0.033 0.027 0.012 0.203 0.13 0.104 0.029 0.034 0.027 0.033 0.039 0.006 0.019 0.127
67 K 0.052 0.1 0.033 0.033 0.011 0.042 0.052 0.035 0.031 0.08 0.083 0.182 0.04 0.026 0.022 0.045 0.042 0.006 0.023 0.063
68 K 0.057 0.109 0.125 0.051 0.01 0.043 0.056 0.05 0.063 0.025 0.039 0.132 0.014 0.019 0.023 0.084 0.046 0.005 0.021 0.031
69 F 0.043 0.02 0.016 0.017 0.013 0.014 0.02 0.023 0.017 0.155 0.125 0.023 0.029 0.176 0.013 0.027 0.033 0.013 0.095 0.126
70 S 0.089 0.035 0.043 0.042 0.015 0.028 0.046 0.054 0.017 0.03 0.041 0.049 0.014 0.018 0.161 0.17 0.085 0.004 0.016 0.041
71 L 0.049 0.023 0.018 0.018 0.013 0.017 0.022 0.024 0.021 0.124 0.186 0.026 0.032 0.117 0.015 0.031 0.036 0.014 0.122 0.092
72 N 0.056 0.046 0.086 0.04 0.011 0.031 0.044 0.043 0.064 0.038 0.063 0.083 0.017 0.083 0.021 0.079 0.059 0.01 0.082 0.043
73 Y 0.039 0.026 0.021 0.018 0.009 0.02 0.026 0.024 0.041 0.045 0.073 0.029 0.019 0.167 0.015 0.03 0.027 0.026 0.299 0.047
74 L 0.044 0.022 0.014 0.016 0.016 0.015 0.019 0.021 0.009 0.171 0.315 0.024 0.044 0.05 0.014 0.024 0.035 0.007 0.021 0.12
75 I 0.048 0.019 0.014 0.017 0.016 0.014 0.018 0.021 0.009 0.246 0.199 0.024 0.038 0.044 0.014 0.025 0.039 0.006 0.02 0.171
76 F 0.048 0.023 0.021 0.021 0.014 0.015 0.023 0.028 0.014 0.11 0.173 0.026 0.031 0.195 0.015 0.049 0.053 0.011 0.048 0.086
77 A 0.219 0.033 0.036 0.036 0.019 0.027 0.043 0.095 0.016 0.036 0.05 0.046 0.016 0.021 0.028 0.141 0.06 0.005 0.017 0.055
78 P 0.082 0.024 0.022 0.026 0.014 0.019 0.031 0.036 0.012 0.106 0.094 0.036 0.021 0.025 0.258 0.05 0.046 0.004 0.016 0.079
79 L 0.061 0.024 0.017 0.018 0.016 0.017 0.022 0.026 0.011 0.144 0.269 0.027 0.056 0.056 0.016 0.032 0.048 0.007 0.023 0.109
80 L 0.043 0.024 0.014 0.015 0.016 0.016 0.02 0.021 0.01 0.112 0.386 0.025 0.049 0.057 0.014 0.024 0.033 0.007 0.022 0.093
81 L 0.044 0.022 0.014 0.015 0.016 0.015 0.019 0.021 0.01 0.144 0.347 0.024 0.046 0.055 0.014 0.024 0.034 0.007 0.022 0.108
82 L 0.054 0.023 0.017 0.018 0.015 0.016 0.022 0.026 0.012 0.135 0.219 0.026 0.048 0.128 0.015 0.038 0.036 0.009 0.036 0.108
83 V 0.099 0.03 0.033 0.031 0.018 0.024 0.035 0.044 0.013 0.098 0.085 0.039 0.023 0.028 0.023 0.11 0.099 0.005 0.018 0.145
84 G 0.107 0.026 0.039 0.035 0.013 0.021 0.031 0.396 0.014 0.023 0.033 0.037 0.011 0.017 0.021 0.085 0.04 0.005 0.012 0.031
85 I 0.061 0.022 0.021 0.022 0.024 0.016 0.024 0.052 0.012 0.15 0.137 0.027 0.029 0.107 0.016 0.056 0.043 0.008 0.032 0.14
86 L 0.05 0.029 0.02 0.029 0.039 0.026 0.07 0.025 0.014 0.111 0.227 0.035 0.073 0.042 0.016 0.033 0.036 0.007 0.021 0.098
87 V 0.068 0.021 0.016 0.017 0.019 0.016 0.023 0.024 0.008 0.161 0.128 0.026 0.032 0.035 0.016 0.032 0.048 0.005 0.02 0.284
88 Y 0.083 0.026 0.021 0.02 0.011 0.02 0.028 0.033 0.035 0.046 0.074 0.03 0.019 0.164 0.017 0.038 0.03 0.021 0.232 0.051
89 L 0.048 0.023 0.018 0.018 0.094 0.017 0.022 0.026 0.02 0.079 0.184 0.025 0.043 0.127 0.014 0.035 0.034 0.011 0.08 0.081
90 K 0.063 0.085 0.047 0.044 0.01 0.117 0.076 0.045 0.046 0.027 0.043 0.145 0.017 0.017 0.025 0.086 0.048 0.006 0.021 0.034
91 T 0.09 0.034 0.037 0.033 0.017 0.027 0.037 0.043 0.014 0.06 0.085 0.043 0.046 0.027 0.025 0.08 0.205 0.006 0.018 0.075
92 G 0.066 0.039 0.064 0.08 0.01 0.027 0.042 0.346 0.023 0.021 0.03 0.08 0.01 0.016 0.02 0.052 0.033 0.005 0.013 0.025
93 K 0.064 0.118 0.137 0.051 0.009 0.04 0.052 0.105 0.023 0.024 0.038 0.138 0.013 0.017 0.022 0.057 0.04 0.005 0.016 0.031
94 L 0.091 0.027 0.022 0.021 0.016 0.02 0.027 0.034 0.017 0.078 0.222 0.032 0.033 0.062 0.019 0.046 0.073 0.01 0.074 0.077
95 N 0.052 0.041 0.242 0.131 0.01 0.032 0.056 0.061 0.027 0.023 0.032 0.051 0.011 0.018 0.022 0.094 0.051 0.004 0.015 0.028
96 F 0.061 0.02 0.019 0.019 0.011 0.012 0.021 0.062 0.016 0.057 0.101 0.022 0.023 0.342 0.013 0.032 0.027 0.015 0.075 0.053
97 L 0.044 0.024 0.014 0.015 0.016 0.016 0.02 0.021 0.01 0.11 0.377 0.025 0.047 0.066 0.014 0.026 0.033 0.007 0.024 0.092
98 L 0.097 0.025 0.017 0.019 0.018 0.019 0.025 0.032 0.011 0.114 0.214 0.03 0.059 0.041 0.017 0.038 0.042 0.006 0.021 0.153
99 Y 0.04 0.027 0.021 0.018 0.009 0.021 0.027 0.025 0.043 0.044 0.07 0.03 0.019 0.147 0.015 0.032 0.028 0.026 0.313 0.046
100 S 0.088 0.036 0.042 0.038 0.017 0.03 0.043 0.052 0.017 0.054 0.107 0.046 0.054 0.029 0.025 0.171 0.07 0.006 0.019 0.058
101 L 0.055 0.024 0.016 0.017 0.016 0.017 0.022 0.025 0.011 0.132 0.287 0.027 0.06 0.068 0.015 0.03 0.043 0.007 0.025 0.102
102 L 0.043 0.024 0.014 0.015 0.016 0.016 0.02 0.021 0.01 0.113 0.391 0.025 0.048 0.053 0.014 0.024 0.033 0.007 0.022 0.094
103 L 0.046 0.022 0.015 0.017 0.016 0.016 0.02 0.022 0.01 0.191 0.252 0.026 0.065 0.047 0.014 0.026 0.037 0.007 0.021 0.131
104 V 0.065 0.022 0.018 0.019 0.018 0.017 0.023 0.026 0.009 0.158 0.162 0.027 0.033 0.037 0.016 0.042 0.047 0.006 0.02 0.237
105 L 0.052 0.025 0.021 0.021 0.015 0.017 0.025 0.029 0.013 0.088 0.273 0.028 0.038 0.122 0.016 0.06 0.039 0.009 0.035 0.076
106 L 0.043 0.024 0.014 0.015 0.016 0.016 0.02 0.021 0.01 0.113 0.391 0.025 0.048 0.053 0.014 0.024 0.033 0.007 0.022 0.094
107 Y 0.049 0.025 0.018 0.017 0.013 0.018 0.024 0.023 0.027 0.101 0.143 0.028 0.028 0.085 0.015 0.029 0.035 0.017 0.178 0.128
108 N 0.047 0.051 0.186 0.172 0.009 0.042 0.065 0.054 0.025 0.023 0.032 0.083 0.012 0.016 0.022 0.07 0.044 0.004 0.014 0.027
109 A 0.205 0.028 0.022 0.025 0.02 0.023 0.033 0.055 0.013 0.081 0.098 0.038 0.048 0.029 0.024 0.062 0.047 0.006 0.019 0.126
110 D 0.044 0.043 0.061 0.328 0.007 0.035 0.101 0.044 0.019 0.023 0.03 0.088 0.01 0.015 0.023 0.051 0.035 0.004 0.012 0.026
111 L 0.049 0.081 0.02 0.02 0.015 0.025 0.028 0.025 0.014 0.143 0.165 0.044 0.089 0.047 0.016 0.032 0.038 0.007 0.022 0.12
112 D 0.05 0.061 0.049 0.18 0.008 0.048 0.157 0.041 0.021 0.023 0.035 0.138 0.012 0.015 0.025 0.052 0.036 0.005 0.015 0.029
113 V 0.075 0.027 0.028 0.027 0.017 0.021 0.031 0.038 0.013 0.1 0.096 0.033 0.025 0.091 0.019 0.1 0.055 0.007 0.03 0.166
114 I 0.053 0.018 0.015 0.017 0.017 0.014 0.019 0.021 0.008 0.251 0.153 0.024 0.034 0.041 0.015 0.027 0.042 0.006 0.02 0.206
115 L 0.043 0.024 0.014 0.015 0.016 0.016 0.02 0.021 0.01 0.113 0.391 0.025 0.048 0.053 0.014 0.024 0.033 0.007 0.022 0.094
116 K 0.054 0.143 0.04 0.039 0.008 0.051 0.066 0.041 0.021 0.026 0.043 0.269 0.015 0.015 0.026 0.051 0.038 0.005 0.017 0.032
117 I 0.059 0.028 0.067 0.033 0.016 0.022 0.03 0.035 0.013 0.137 0.106 0.036 0.026 0.031 0.02 0.057 0.129 0.006 0.018 0.131
118 Y 0.04 0.027 0.021 0.018 0.009 0.021 0.027 0.024 0.046 0.043 0.067 0.03 0.018 0.128 0.015 0.03 0.027 0.027 0.334 0.046
119 V 0.074 0.026 0.026 0.025 0.018 0.02 0.03 0.034 0.011 0.132 0.111 0.033 0.027 0.032 0.02 0.079 0.074 0.005 0.019 0.204
120 I 0.094 0.021 0.021 0.022 0.015 0.016 0.023 0.118 0.012 0.134 0.103 0.028 0.024 0.092 0.017 0.039 0.036 0.044 0.032 0.11
121 V 0.062 0.022 0.019 0.019 0.017 0.016 0.023 0.026 0.01 0.138 0.122 0.026 0.029 0.095 0.016 0.036 0.064 0.007 0.031 0.222
122 A 0.157 0.029 0.03 0.03 0.019 0.023 0.036 0.084 0.013 0.079 0.076 0.039 0.021 0.025 0.024 0.103 0.055 0.005 0.018 0.135
123 G 0.067 0.022 0.031 0.028 0.012 0.018 0.024 0.338 0.012 0.078 0.105 0.031 0.02 0.03 0.017 0.05 0.033 0.006 0.015 0.06
124 S 0.076 0.03 0.035 0.034 0.015 0.023 0.036 0.043 0.015 0.086 0.075 0.04 0.02 0.059 0.104 0.115 0.094 0.006 0.023 0.071
125 I 0.042 0.019 0.015 0.017 0.014 0.013 0.018 0.022 0.011 0.184 0.174 0.022 0.034 0.164 0.013 0.025 0.034 0.009 0.042 0.128
126 V 0.06 0.02 0.015 0.017 0.018 0.015 0.021 0.023 0.008 0.191 0.164 0.025 0.034 0.039 0.015 0.029 0.044 0.006 0.02 0.235
127 L 0.051 0.022 0.015 0.016 0.017 0.016 0.02 0.022 0.009 0.142 0.283 0.025 0.041 0.056 0.014 0.026 0.038 0.007 0.023 0.159
128 G 0.09 0.026 0.028 0.027 0.015 0.02 0.027 0.21 0.013 0.064 0.164 0.033 0.029 0.038 0.019 0.062 0.045 0.006 0.018 0.069
129 V 0.065 0.023 0.02 0.021 0.018 0.017 0.024 0.027 0.009 0.175 0.125 0.028 0.03 0.035 0.018 0.04 0.082 0.006 0.02 0.219
130 F 0.051 0.02 0.016 0.017 0.014 0.013 0.02 0.025 0.012 0.12 0.121 0.022 0.028 0.219 0.013 0.029 0.038 0.011 0.053 0.157
131 L 0.042 0.022 0.015 0.015 0.015 0.014 0.019 0.022 0.011 0.112 0.299 0.023 0.041 0.136 0.013 0.024 0.032 0.009 0.037 0.097
132 L 0.043 0.024 0.014 0.015 0.016 0.016 0.02 0.021 0.01 0.112 0.387 0.025 0.048 0.058 0.014 0.024 0.032 0.007 0.023 0.093
133 S 0.115 0.039 0.052 0.047 0.017 0.032 0.051 0.065 0.019 0.029 0.042 0.052 0.015 0.02 0.029 0.233 0.079 0.005 0.017 0.042
134 L 0.044 0.023 0.02 0.017 0.015 0.015 0.021 0.023 0.011 0.124 0.287 0.027 0.042 0.111 0.014 0.029 0.034 0.008 0.033 0.102
135 L 0.052 0.022 0.015 0.016 0.017 0.016 0.02 0.022 0.009 0.151 0.273 0.025 0.042 0.046 0.015 0.027 0.039 0.006 0.021 0.168
136 G 0.064 0.041 0.063 0.042 0.009 0.028 0.039 0.323 0.075 0.021 0.032 0.08 0.011 0.018 0.02 0.05 0.032 0.006 0.02 0.025
137 V 0.076 0.023 0.017 0.02 0.018 0.018 0.028 0.027 0.01 0.169 0.145 0.028 0.045 0.042 0.017 0.034 0.044 0.006 0.021 0.215
138 I 0.052 0.019 0.015 0.017 0.017 0.014 0.019 0.021 0.008 0.242 0.167 0.024 0.035 0.041 0.015 0.027 0.041 0.006 0.02 0.2
139 P 0.055 0.025 0.023 0.03 0.01 0.02 0.035 0.035 0.013 0.025 0.035 0.04 0.01 0.013 0.506 0.043 0.035 0.003 0.013 0.03
140 N 0.042 0.044 0.334 0.081 0.009 0.033 0.048 0.064 0.031 0.022 0.031 0.053 0.011 0.018 0.02 0.068 0.048 0.004 0.015 0.026
141 L 0.043 0.024 0.014 0.015 0.016 0.016 0.02 0.021 0.01 0.113 0.391 0.025 0.048 0.053 0.014 0.024 0.033 0.007 0.022 0.094
142 Q 0.055 0.072 0.043 0.046 0.009 0.234 0.1 0.04 0.029 0.026 0.046 0.089 0.02 0.014 0.023 0.055 0.04 0.006 0.02 0.034
143 F 0.035 0.021 0.018 0.017 0.01 0.014 0.021 0.025 0.026 0.055 0.097 0.023 0.023 0.31 0.012 0.027 0.026 0.02 0.169 0.051
144 V 0.11 0.029 0.071 0.034 0.017 0.023 0.034 0.046 0.015 0.117 0.091 0.037 0.023 0.029 0.021 0.083 0.053 0.005 0.018 0.144
145 Q 0.055 0.072 0.043 0.046 0.009 0.228 0.101 0.041 0.029 0.026 0.046 0.09 0.02 0.014 0.023 0.055 0.041 0.006 0.02 0.035
146 V 0.063 0.034 0.03 0.041 0.014 0.034 0.1 0.034 0.017 0.09 0.106 0.045 0.059 0.034 0.021 0.067 0.069 0.007 0.028 0.106
147 R 0.044 0.356 0.038 0.03 0.008 0.048 0.051 0.032 0.023 0.023 0.046 0.118 0.015 0.017 0.019 0.044 0.034 0.006 0.017 0.03
148 L 0.072 0.035 0.108 0.046 0.014 0.027 0.041 0.051 0.019 0.048 0.124 0.045 0.022 0.027 0.076 0.116 0.055 0.005 0.017 0.05
149 R 0.093 0.144 0.041 0.036 0.014 0.035 0.046 0.048 0.018 0.042 0.054 0.07 0.017 0.021 0.024 0.119 0.092 0.005 0.017 0.063
150 G 0.098 0.024 0.037 0.035 0.012 0.021 0.038 0.445 0.014 0.023 0.032 0.036 0.01 0.017 0.02 0.058 0.033 0.005 0.012 0.032
151 G 0.092 0.025 0.026 0.025 0.016 0.019 0.027 0.143 0.011 0.089 0.129 0.032 0.025 0.04 0.019 0.05 0.077 0.006 0.019 0.13
152 V 0.068 0.021 0.016 0.017 0.019 0.016 0.023 0.024 0.008 0.162 0.127 0.025 0.031 0.035 0.016 0.032 0.048 0.005 0.02 0.286
153 I 0.058 0.022 0.02 0.021 0.017 0.016 0.023 0.025 0.009 0.202 0.133 0.027 0.031 0.037 0.017 0.038 0.08 0.006 0.02 0.198
154 R 0.044 0.361 0.038 0.03 0.008 0.047 0.051 0.032 0.023 0.023 0.045 0.117 0.015 0.017 0.019 0.044 0.034 0.006 0.017 0.03
155 N 0.042 0.044 0.334 0.081 0.009 0.033 0.048 0.064 0.031 0.022 0.031 0.053 0.011 0.018 0.02 0.068 0.048 0.004 0.015 0.026
156 S 0.107 0.039 0.053 0.048 0.017 0.032 0.051 0.065 0.019 0.029 0.041 0.053 0.015 0.02 0.029 0.239 0.08 0.005 0.017 0.041
157 F 0.033 0.019 0.016 0.016 0.01 0.01 0.019 0.025 0.016 0.062 0.111 0.019 0.025 0.402 0.01 0.025 0.025 0.016 0.087 0.054
158 G 0.076 0.022 0.038 0.033 0.011 0.018 0.025 0.522 0.013 0.018 0.028 0.033 0.009 0.016 0.018 0.05 0.029 0.005 0.011 0.024
159 F 0.033 0.019 0.016 0.016 0.01 0.01 0.019 0.025 0.016 0.062 0.111 0.019 0.025 0.402 0.01 0.025 0.025 0.016 0.087 0.054
160 I 0.046 0.017 0.014 0.017 0.016 0.013 0.017 0.02 0.009 0.289 0.164 0.023 0.036 0.043 0.014 0.024 0.039 0.006 0.02 0.172
161 Y 0.04 0.027 0.021 0.018 0.009 0.021 0.027 0.024 0.046 0.043 0.067 0.03 0.018 0.128 0.015 0.03 0.027 0.027 0.334 0.046
162 P 0.055 0.025 0.023 0.03 0.01 0.02 0.035 0.035 0.013 0.025 0.035 0.04 0.01 0.013 0.506 0.043 0.035 0.003 0.013 0.03
163 T 0.071 0.035 0.042 0.037 0.017 0.027 0.038 0.042 0.013 0.052 0.064 0.044 0.019 0.023 0.027 0.09 0.265 0.006 0.017 0.069
164 D 0.04 0.029 0.067 0.412 0.007 0.029 0.089 0.045 0.018 0.022 0.027 0.044 0.009 0.015 0.022 0.051 0.035 0.004 0.011 0.024
165 F 0.033 0.019 0.016 0.016 0.01 0.01 0.019 0.025 0.016 0.062 0.111 0.019 0.025 0.402 0.01 0.025 0.025 0.016 0.087 0.054
166 A 0.307 0.03 0.025 0.029 0.021 0.025 0.04 0.076 0.014 0.042 0.058 0.043 0.017 0.021 0.029 0.083 0.049 0.005 0.017 0.067
167 S 0.129 0.038 0.05 0.046 0.018 0.032 0.05 0.066 0.018 0.03 0.043 0.052 0.016 0.02 0.029 0.222 0.077 0.005 0.017 0.044
168 H 0.041 0.045 0.052 0.037 0.007 0.037 0.052 0.037 0.371 0.022 0.037 0.045 0.015 0.03 0.019 0.041 0.026 0.007 0.056 0.022
169 C 0.063 0.016 0.016 0.016 0.496 0.012 0.016 0.032 0.008 0.044 0.063 0.02 0.016 0.02 0.016 0.04 0.036 0.004 0.012 0.056
170 F 0.033 0.019 0.016 0.016 0.01 0.01 0.019 0.025 0.016 0.062 0.111 0.019 0.025 0.402 0.01 0.025 0.025 0.016 0.087 0.054
171 Y 0.04 0.027 0.021 0.018 0.009 0.021 0.027 0.024 0.046 0.043 0.067 0.03 0.018 0.128 0.015 0.03 0.027 0.027 0.334 0.046
172 L 0.043 0.024 0.014 0.015 0.016 0.016 0.02 0.021 0.01 0.116 0.387 0.025 0.048 0.053 0.014 0.024 0.033 0.007 0.022 0.095
173 F 0.035 0.022 0.018 0.017 0.01 0.014 0.022 0.025 0.027 0.055 0.095 0.023 0.022 0.303 0.012 0.027 0.026 0.02 0.176 0.051
174 L 0.056 0.023 0.019 0.02 0.017 0.017 0.023 0.025 0.01 0.162 0.2 0.028 0.037 0.04 0.017 0.037 0.076 0.006 0.02 0.169
175 A 0.307 0.03 0.025 0.029 0.021 0.025 0.04 0.076 0.014 0.042 0.058 0.043 0.017 0.021 0.029 0.083 0.049 0.005 0.017 0.067
176 L 0.042 0.02 0.015 0.016 0.014 0.014 0.019 0.022 0.012 0.172 0.194 0.023 0.036 0.078 0.013 0.024 0.033 0.091 0.045 0.115
177 S 0.095 0.032 0.044 0.04 0.096 0.027 0.041 0.135 0.016 0.03 0.042 0.044 0.014 0.02 0.025 0.174 0.064 0.005 0.015 0.04
178 Y 0.04 0.027 0.021 0.018 0.009 0.021 0.027 0.024 0.046 0.043 0.067 0.03 0.018 0.128 0.015 0.03 0.027 0.027 0.334 0.046
179 L 0.045 0.023 0.014 0.015 0.016 0.016 0.02 0.021 0.01 0.129 0.36 0.025 0.047 0.052 0.014 0.024 0.034 0.007 0.022 0.11
180 L 0.042 0.027 0.07 0.027 0.014 0.018 0.025 0.029 0.014 0.093 0.309 0.029 0.04 0.07 0.015 0.032 0.035 0.007 0.025 0.079
181 R 0.05 0.233 0.039 0.035 0.008 0.05 0.06 0.037 0.021 0.025 0.044 0.206 0.015 0.016 0.023 0.048 0.036 0.005 0.017 0.031
182 D 0.045 0.051 0.123 0.22 0.008 0.038 0.098 0.048 0.022 0.023 0.032 0.102 0.011 0.016 0.023 0.056 0.039 0.004 0.014 0.027
183 R 0.05 0.222 0.039 0.036 0.008 0.05 0.061 0.038 0.021 0.025 0.044 0.214 0.015 0.016 0.023 0.048 0.037 0.005 0.017 0.031
184 F 0.038 0.021 0.017 0.017 0.011 0.014 0.021 0.024 0.022 0.098 0.128 0.023 0.027 0.248 0.012 0.026 0.028 0.017 0.135 0.074
185 I 0.046 0.018 0.014 0.017 0.016 0.013 0.018 0.02 0.009 0.259 0.202 0.023 0.038 0.045 0.014 0.024 0.038 0.006 0.02 0.159
186 W 0.041 0.02 0.017 0.018 0.011 0.014 0.021 0.081 0.013 0.111 0.096 0.023 0.022 0.087 0.011 0.027 0.029 0.227 0.047 0.082
187 L 0.052 0.025 0.022 0.022 0.016 0.018 0.024 0.027 0.011 0.138 0.241 0.03 0.04 0.042 0.018 0.043 0.099 0.006 0.02 0.106
188 R 0.044 0.361 0.038 0.03 0.008 0.047 0.051 0.032 0.023 0.023 0.045 0.117 0.015 0.017 0.019 0.044 0.034 0.006 0.017 0.03
189 S 0.092 0.037 0.047 0.042 0.017 0.03 0.045 0.055 0.016 0.044 0.053 0.048 0.018 0.022 0.028 0.175 0.144 0.005 0.017 0.064
190 L 0.067 0.021 0.015 0.017 0.016 0.015 0.02 0.026 0.01 0.176 0.251 0.025 0.039 0.066 0.015 0.029 0.036 0.007 0.024 0.123
191 L 0.064 0.025 0.024 0.024 0.016 0.019 0.027 0.039 0.012 0.133 0.173 0.031 0.031 0.075 0.018 0.076 0.047 0.007 0.026 0.134
192 G 0.076 0.022 0.038 0.033 0.011 0.018 0.025 0.522 0.013 0.018 0.028 0.033 0.009 0.016 0.018 0.05 0.029 0.005 0.011 0.024
193 L 0.052 0.022 0.015 0.016 0.017 0.015 0.021 0.022 0.009 0.143 0.257 0.024 0.039 0.067 0.015 0.027 0.038 0.007 0.025 0.169
194 L 0.094 0.026 0.026 0.025 0.015 0.019 0.027 0.159 0.013 0.067 0.199 0.032 0.029 0.055 0.019 0.063 0.039 0.007 0.021 0.064
195 L 0.043 0.024 0.014 0.015 0.016 0.016 0.02 0.021 0.01 0.113 0.391 0.025 0.048 0.053 0.014 0.024 0.033 0.007 0.022 0.094
196 A 0.23 0.034 0.036 0.036 0.02 0.028 0.044 0.072 0.016 0.037 0.051 0.047 0.016 0.021 0.029 0.143 0.061 0.005 0.017 0.057
197 A 0.152 0.026 0.021 0.022 0.016 0.02 0.03 0.055 0.021 0.059 0.109 0.033 0.023 0.112 0.02 0.051 0.04 0.012 0.102 0.074
198 F 0.033 0.019 0.016 0.016 0.01 0.01 0.019 0.025 0.016 0.062 0.111 0.019 0.025 0.402 0.01 0.025 0.025 0.016 0.087 0.054
199 I 0.05 0.018 0.015 0.017 0.016 0.014 0.019 0.021 0.009 0.253 0.169 0.024 0.036 0.042 0.015 0.026 0.04 0.006 0.02 0.191
200 I 0.046 0.019 0.014 0.017 0.016 0.014 0.018 0.02 0.009 0.25 0.211 0.024 0.04 0.045 0.014 0.024 0.038 0.006 0.02 0.155
201 K 0.054 0.114 0.042 0.038 0.009 0.049 0.064 0.04 0.024 0.032 0.046 0.26 0.016 0.02 0.025 0.05 0.038 0.006 0.029 0.042
202 F 0.036 0.023 0.019 0.017 0.01 0.016 0.023 0.025 0.031 0.052 0.089 0.024 0.022 0.265 0.013 0.028 0.026 0.022 0.211 0.05
203 C 0.063 0.016 0.016 0.016 0.496 0.012 0.016 0.032 0.008 0.044 0.063 0.02 0.016 0.02 0.016 0.04 0.036 0.004 0.012 0.056
204 D 0.04 0.029 0.067 0.412 0.007 0.029 0.089 0.045 0.018 0.022 0.027 0.044 0.009 0.015 0.022 0.051 0.035 0.004 0.011 0.024
205 A 0.307 0.03 0.025 0.029 0.021 0.025 0.04 0.076 0.014 0.042 0.058 0.043 0.017 0.021 0.029 0.083 0.049 0.005 0.017 0.067
206 R 0.044 0.361 0.038 0.03 0.008 0.047 0.051 0.032 0.023 0.023 0.045 0.117 0.015 0.017 0.019 0.044 0.034 0.006 0.017 0.03
207 L 0.045 0.025 0.015 0.016 0.016 0.018 0.021 0.022 0.011 0.11 0.358 0.026 0.071 0.052 0.014 0.026 0.034 0.007 0.022 0.093
208 N 0.042 0.044 0.334 0.081 0.009 0.033 0.048 0.064 0.031 0.022 0.031 0.053 0.011 0.018 0.02 0.068 0.048 0.004 0.015 0.026
209 A 0.291 0.03 0.026 0.03 0.021 0.025 0.04 0.074 0.014 0.045 0.059 0.043 0.017 0.021 0.029 0.09 0.05 0.005 0.017 0.071
210 L 0.07 0.025 0.018 0.019 0.016 0.019 0.024 0.064 0.013 0.113 0.247 0.029 0.067 0.049 0.016 0.034 0.036 0.008 0.038 0.095
211 S 0.107 0.039 0.053 0.048 0.017 0.032 0.051 0.065 0.019 0.029 0.041 0.053 0.015 0.02 0.029 0.239 0.08 0.005 0.017 0.041
212 I 0.048 0.019 0.014 0.017 0.016 0.014 0.018 0.021 0.009 0.246 0.198 0.024 0.037 0.044 0.014 0.025 0.039 0.006 0.02 0.171
213 L 0.057 0.023 0.016 0.017 0.016 0.016 0.021 0.025 0.011 0.114 0.265 0.025 0.039 0.105 0.015 0.03 0.043 0.008 0.032 0.122
214 I 0.079 0.021 0.016 0.018 0.017 0.016 0.022 0.027 0.009 0.191 0.184 0.026 0.035 0.04 0.016 0.033 0.042 0.006 0.02 0.182
215 A 0.24 0.031 0.03 0.032 0.019 0.026 0.04 0.095 0.015 0.043 0.063 0.044 0.029 0.023 0.027 0.104 0.054 0.005 0.017 0.062
216 T 0.078 0.03 0.033 0.03 0.017 0.023 0.033 0.038 0.012 0.108 0.09 0.038 0.024 0.028 0.023 0.074 0.177 0.006 0.018 0.121
217 L 0.055 0.022 0.017 0.017 0.016 0.016 0.021 0.069 0.01 0.133 0.279 0.026 0.04 0.05 0.015 0.029 0.035 0.006 0.021 0.124
218 I 0.049 0.018 0.014 0.017 0.016 0.013 0.018 0.021 0.009 0.264 0.187 0.023 0.037 0.044 0.014 0.025 0.038 0.006 0.02 0.165
219 F 0.033 0.019 0.017 0.017 0.01 0.01 0.019 0.025 0.017 0.062 0.111 0.019 0.025 0.399 0.01 0.025 0.025 0.017 0.089 0.054
220 L 0.096 0.023 0.016 0.018 0.017 0.017 0.023 0.032 0.011 0.143 0.249 0.028 0.04 0.05 0.017 0.036 0.038 0.006 0.022 0.116
221 F 0.04 0.022 0.018 0.017 0.011 0.014 0.022 0.024 0.024 0.078 0.109 0.023 0.025 0.255 0.013 0.027 0.029 0.018 0.148 0.084
222 F 0.036 0.021 0.017 0.017 0.011 0.013 0.02 0.025 0.016 0.068 0.125 0.021 0.051 0.343 0.011 0.027 0.027 0.015 0.076 0.06
223 Y 0.04 0.027 0.021 0.018 0.009 0.021 0.027 0.024 0.046 0.043 0.067 0.03 0.018 0.128 0.015 0.03 0.027 0.027 0.334 0.046
224 F 0.04 0.023 0.018 0.017 0.011 0.016 0.023 0.024 0.028 0.071 0.113 0.025 0.024 0.213 0.013 0.028 0.029 0.019 0.184 0.079
225 T 0.06 0.088 0.097 0.042 0.014 0.033 0.042 0.044 0.019 0.051 0.076 0.056 0.044 0.025 0.022 0.078 0.123 0.006 0.018 0.063
226 K 0.053 0.089 0.101 0.05 0.009 0.047 0.072 0.064 0.022 0.025 0.039 0.226 0.014 0.016 0.025 0.055 0.04 0.005 0.016 0.03
227 E 0.05 0.048 0.148 0.107 0.008 0.045 0.155 0.083 0.025 0.022 0.033 0.079 0.012 0.016 0.023 0.058 0.04 0.005 0.015 0.028
228 K 0.058 0.115 0.04 0.038 0.011 0.045 0.059 0.041 0.019 0.034 0.051 0.207 0.016 0.018 0.026 0.061 0.097 0.005 0.017 0.042
229 K 0.053 0.088 0.042 0.045 0.008 0.057 0.096 0.04 0.079 0.025 0.041 0.214 0.015 0.018 0.034 0.05 0.036 0.005 0.023 0.03
230 L 0.042 0.091 0.021 0.019 0.012 0.022 0.027 0.026 0.015 0.083 0.206 0.043 0.032 0.114 0.014 0.034 0.032 0.051 0.046 0.069
231 K 0.055 0.15 0.035 0.033 0.01 0.044 0.054 0.064 0.019 0.041 0.069 0.184 0.043 0.022 0.022 0.047 0.037 0.01 0.018 0.043
232 L 0.051 0.021 0.015 0.016 0.017 0.015 0.02 0.021 0.009 0.194 0.229 0.024 0.039 0.048 0.015 0.026 0.039 0.006 0.021 0.175
233 F 0.037 0.024 0.019 0.018 0.01 0.017 0.024 0.025 0.034 0.051 0.086 0.026 0.022 0.236 0.013 0.028 0.026 0.023 0.233 0.049
234 G 0.167 0.035 0.036 0.033 0.015 0.026 0.038 0.186 0.056 0.032 0.046 0.042 0.015 0.026 0.024 0.089 0.044 0.007 0.036 0.047
235 L 0.046 0.02 0.014 0.016 0.016 0.014 0.018 0.02 0.009 0.219 0.244 0.024 0.04 0.05 0.014 0.024 0.037 0.006 0.021 0.146
236 L 0.045 0.025 0.015 0.016 0.016 0.017 0.021 0.022 0.011 0.11 0.364 0.026 0.061 0.052 0.014 0.029 0.034 0.007 0.022 0.092
237 P 0.055 0.025 0.023 0.03 0.01 0.02 0.035 0.035 0.013 0.025 0.035 0.04 0.01 0.013 0.506 0.043 0.035 0.003 0.013 0.03
238 Y 0.043 0.024 0.019 0.017 0.012 0.017 0.024 0.024 0.029 0.073 0.113 0.026 0.024 0.183 0.014 0.029 0.03 0.019 0.19 0.092
239 S 0.1 0.036 0.048 0.044 0.016 0.029 0.047 0.06 0.018 0.033 0.05 0.048 0.017 0.069 0.027 0.21 0.073 0.007 0.026 0.043
240 A 0.169 0.025 0.021 0.023 0.019 0.02 0.03 0.047 0.011 0.13 0.102 0.034 0.025 0.03 0.022 0.058 0.047 0.005 0.019 0.162
241 L 0.103 0.024 0.022 0.024 0.015 0.018 0.027 0.117 0.011 0.098 0.151 0.032 0.026 0.031 0.1 0.043 0.038 0.005 0.017 0.098
242 I 0.091 0.021 0.016 0.019 0.017 0.016 0.022 0.03 0.01 0.205 0.185 0.027 0.036 0.041 0.017 0.035 0.04 0.006 0.02 0.148
243 F 0.094 0.025 0.023 0.023 0.032 0.017 0.028 0.04 0.015 0.061 0.136 0.029 0.026 0.203 0.017 0.071 0.04 0.011 0.05 0.061
244 S 0.122 0.038 0.051 0.046 0.017 0.032 0.05 0.066 0.018 0.03 0.042 0.052 0.015 0.02 0.029 0.227 0.078 0.005 0.017 0.043
245 S 0.102 0.034 0.046 0.042 0.016 0.028 0.043 0.146 0.017 0.031 0.048 0.046 0.015 0.04 0.026 0.177 0.076 0.006 0.02 0.041
246 L 0.053 0.021 0.017 0.018 0.016 0.015 0.02 0.077 0.01 0.149 0.234 0.025 0.037 0.056 0.015 0.029 0.037 0.007 0.022 0.143
247 L 0.052 0.03 0.019 0.019 0.016 0.026 0.026 0.027 0.015 0.117 0.185 0.034 0.159 0.046 0.016 0.034 0.04 0.007 0.023 0.111
248 Y 0.044 0.024 0.019 0.019 0.013 0.018 0.023 0.025 0.023 0.122 0.134 0.027 0.039 0.13 0.015 0.032 0.049 0.015 0.136 0.093
249 Y 0.04 0.027 0.021 0.018 0.009 0.021 0.027 0.024 0.046 0.043 0.067 0.03 0.018 0.128 0.015 0.03 0.027 0.027 0.334 0.046
250 L 0.044 0.024 0.014 0.015 0.016 0.016 0.02 0.021 0.01 0.113 0.375 0.025 0.047 0.059 0.014 0.024 0.033 0.007 0.023 0.101
251 S 0.093 0.037 0.049 0.043 0.017 0.03 0.046 0.056 0.017 0.038 0.05 0.05 0.017 0.021 0.028 0.182 0.151 0.005 0.017 0.052
252 Y 0.061 0.047 0.062 0.036 0.011 0.033 0.044 0.042 0.032 0.034 0.052 0.088 0.016 0.067 0.022 0.093 0.045 0.015 0.159 0.04
253 K 0.045 0.106 0.093 0.042 0.009 0.041 0.05 0.04 0.094 0.039 0.053 0.109 0.017 0.067 0.02 0.048 0.044 0.007 0.039 0.038
254 F 0.033 0.019 0.016 0.016 0.01 0.01 0.019 0.025 0.016 0.062 0.111 0.019 0.025 0.402 0.01 0.025 0.025 0.016 0.087 0.054
255 T 0.089 0.037 0.047 0.042 0.017 0.03 0.045 0.053 0.016 0.041 0.053 0.048 0.017 0.022 0.028 0.163 0.175 0.005 0.017 0.055
256 W 0.03 0.022 0.015 0.015 0.008 0.015 0.022 0.029 0.015 0.031 0.055 0.022 0.015 0.077 0.008 0.022 0.022 0.48 0.068 0.031
257 S 0.137 0.037 0.047 0.043 0.018 0.03 0.048 0.082 0.018 0.032 0.044 0.05 0.016 0.02 0.028 0.198 0.083 0.005 0.017 0.046
258 S 0.092 0.041 0.076 0.049 0.015 0.039 0.052 0.061 0.062 0.028 0.04 0.053 0.015 0.021 0.027 0.196 0.07 0.005 0.022 0.037
259 P 0.061 0.028 0.027 0.033 0.011 0.026 0.038 0.039 0.014 0.026 0.036 0.043 0.011 0.014 0.442 0.066 0.041 0.003 0.013 0.032
260 F 0.038 0.02 0.016 0.017 0.012 0.013 0.019 0.024 0.014 0.095 0.174 0.021 0.04 0.277 0.012 0.026 0.031 0.013 0.064 0.075
261 Y 0.039 0.025 0.019 0.017 0.01 0.019 0.025 0.024 0.036 0.056 0.121 0.028 0.024 0.157 0.014 0.029 0.028 0.023 0.252 0.054
262 V 0.068 0.021 0.016 0.017 0.019 0.016 0.023 0.024 0.008 0.161 0.127 0.025 0.031 0.035 0.016 0.032 0.048 0.005 0.02 0.287
263 A 0.129 0.045 0.051 0.038 0.015 0.052 0.05 0.054 0.018 0.046 0.106 0.075 0.023 0.028 0.025 0.111 0.055 0.006 0.019 0.054
264 L 0.094 0.022 0.016 0.018 0.017 0.017 0.023 0.031 0.01 0.161 0.214 0.028 0.036 0.041 0.017 0.036 0.04 0.006 0.02 0.154
265 N 0.042 0.044 0.334 0.081 0.009 0.033 0.048 0.064 0.031 0.022 0.031 0.053 0.011 0.018 0.02 0.068 0.048 0.004 0.015 0.026
266 N 0.046 0.058 0.22 0.085 0.009 0.07 0.063 0.055 0.028 0.023 0.035 0.101 0.013 0.016 0.022 0.062 0.044 0.005 0.016 0.029
267 L 0.04 0.022 0.015 0.015 0.014 0.014 0.019 0.022 0.012 0.095 0.294 0.023 0.04 0.174 0.013 0.024 0.03 0.01 0.044 0.08
268 I 0.047 0.021 0.017 0.018 0.015 0.015 0.021 0.024 0.012 0.158 0.146 0.025 0.056 0.152 0.014 0.029 0.04 0.009 0.041 0.141
269 S 0.092 0.037 0.054 0.044 0.017 0.03 0.045 0.087 0.017 0.036 0.047 0.049 0.016 0.021 0.027 0.174 0.138 0.005 0.017 0.049
270 G 0.059 0.028 0.026 0.024 0.014 0.024 0.027 0.192 0.015 0.071 0.137 0.034 0.124 0.037 0.017 0.04 0.036 0.007 0.019 0.068
271 R 0.044 0.361 0.038 0.03 0.008 0.047 0.051 0.032 0.023 0.023 0.045 0.117 0.015 0.017 0.019 0.044 0.034 0.006 0.017 0.03
272 L 0.043 0.024 0.014 0.015 0.016 0.016 0.02 0.021 0.01 0.113 0.391 0.025 0.048 0.053 0.014 0.024 0.033 0.007 0.022 0.094
273 A 0.125 0.087 0.033 0.029 0.013 0.029 0.041 0.046 0.111 0.037 0.06 0.051 0.018 0.094 0.02 0.055 0.035 0.009 0.062 0.045
274 L 0.043 0.024 0.014 0.015 0.016 0.016 0.02 0.021 0.01 0.113 0.391 0.025 0.048 0.053 0.014 0.024 0.033 0.007 0.022 0.094
275 G 0.076 0.022 0.038 0.033 0.011 0.018 0.025 0.522 0.013 0.018 0.028 0.033 0.009 0.016 0.018 0.05 0.029 0.005 0.011 0.024
276 K 0.05 0.113 0.091 0.046 0.008 0.046 0.061 0.044 0.081 0.025 0.04 0.194 0.014 0.018 0.023 0.052 0.038 0.005 0.023 0.029
277 N 0.045 0.043 0.191 0.139 0.008 0.042 0.144 0.051 0.027 0.022 0.032 0.058 0.011 0.017 0.022 0.06 0.042 0.005 0.015 0.027
278 A 0.307 0.03 0.025 0.029 0.021 0.025 0.04 0.076 0.014 0.042 0.058 0.043 0.017 0.021 0.029 0.083 0.049 0.005 0.017 0.067
279 L 0.04 0.021 0.015 0.016 0.014 0.014 0.019 0.022 0.012 0.108 0.272 0.022 0.039 0.178 0.013 0.024 0.03 0.01 0.045 0.085
280 K 0.059 0.061 0.12 0.119 0.01 0.04 0.073 0.052 0.022 0.025 0.037 0.133 0.013 0.017 0.025 0.091 0.052 0.005 0.015 0.031
281 T 0.063 0.056 0.038 0.035 0.014 0.034 0.046 0.04 0.015 0.052 0.11 0.125 0.022 0.025 0.025 0.075 0.141 0.006 0.018 0.059
282 Y 0.039 0.026 0.021 0.018 0.009 0.02 0.026 0.024 0.041 0.045 0.073 0.029 0.019 0.168 0.014 0.03 0.027 0.026 0.298 0.047
283 G 0.11 0.033 0.04 0.12 0.012 0.029 0.073 0.173 0.016 0.027 0.037 0.056 0.012 0.016 0.086 0.061 0.044 0.005 0.013 0.036
284 L 0.054 0.022 0.015 0.016 0.017 0.016 0.021 0.022 0.009 0.14 0.272 0.025 0.041 0.045 0.015 0.027 0.039 0.006 0.021 0.177
285 H 0.044 0.101 0.104 0.047 0.008 0.067 0.062 0.042 0.173 0.023 0.038 0.065 0.015 0.022 0.038 0.049 0.035 0.006 0.033 0.027
286 L 0.04 0.024 0.014 0.015 0.014 0.018 0.021 0.023 0.011 0.093 0.309 0.025 0.04 0.054 0.012 0.024 0.03 0.122 0.032 0.078
287 F 0.033 0.019 0.016 0.016 0.01 0.01 0.019 0.025 0.016 0.062 0.111 0.019 0.025 0.402 0.01 0.025 0.025 0.016 0.087 0.054
288 G 0.076 0.022 0.038 0.033 0.011 0.018 0.025 0.522 0.013 0.018 0.028 0.033 0.009 0.016 0.018 0.05 0.029 0.005 0.011 0.024
289 T 0.075 0.037 0.087 0.042 0.016 0.027 0.039 0.045 0.016 0.072 0.068 0.053 0.019 0.024 0.024 0.078 0.184 0.005 0.017 0.072
290 R 0.06 0.208 0.051 0.035 0.009 0.04 0.05 0.038 0.02 0.027 0.044 0.122 0.014 0.017 0.102 0.051 0.054 0.005 0.016 0.035
291 G 0.064 0.033 0.082 0.069 0.009 0.033 0.11 0.305 0.019 0.02 0.03 0.047 0.01 0.016 0.021 0.054 0.034 0.005 0.013 0.026
292 V 0.061 0.02 0.016 0.017 0.018 0.015 0.021 0.023 0.008 0.202 0.139 0.025 0.032 0.038 0.016 0.03 0.045 0.005 0.02 0.25
293 K 0.063 0.074 0.042 0.042 0.01 0.124 0.076 0.043 0.023 0.033 0.069 0.147 0.02 0.019 0.025 0.082 0.046 0.006 0.019 0.039
294 F 0.033 0.019 0.016 0.016 0.01 0.01 0.019 0.025 0.016 0.062 0.111 0.019 0.025 0.402 0.01 0.025 0.025 0.016 0.087 0.054
295 I 0.049 0.021 0.016 0.018 0.016 0.015 0.02 0.022 0.009 0.26 0.154 0.034 0.034 0.041 0.015 0.027 0.042 0.006 0.02 0.181
296 G 0.076 0.022 0.038 0.033 0.011 0.018 0.025 0.522 0.013 0.018 0.028 0.033 0.009 0.016 0.018 0.05 0.029 0.005 0.011 0.024
297 Y 0.062 0.031 0.032 0.028 0.012 0.025 0.035 0.038 0.037 0.038 0.058 0.038 0.017 0.092 0.02 0.1 0.045 0.02 0.229 0.044
298 G 0.076 0.022 0.038 0.033 0.011 0.018 0.025 0.522 0.013 0.018 0.028 0.033 0.009 0.016 0.018 0.05 0.029 0.005 0.011 0.024
299 G 0.076 0.022 0.038 0.033 0.011 0.018 0.025 0.522 0.013 0.018 0.028 0.033 0.009 0.016 0.018 0.05 0.029 0.005 0.011 0.024
300 K 0.075 0.088 0.045 0.042 0.013 0.041 0.057 0.049 0.019 0.031 0.045 0.161 0.016 0.018 0.027 0.122 0.088 0.005 0.017 0.041
301 T 0.071 0.035 0.042 0.037 0.017 0.027 0.038 0.042 0.013 0.052 0.064 0.044 0.019 0.023 0.027 0.09 0.265 0.006 0.017 0.069
302 E 0.054 0.048 0.04 0.088 0.007 0.063 0.314 0.034 0.025 0.022 0.036 0.074 0.013 0.016 0.025 0.054 0.036 0.005 0.016 0.031
303 S 0.118 0.038 0.05 0.045 0.017 0.031 0.049 0.063 0.018 0.032 0.044 0.051 0.016 0.021 0.029 0.212 0.097 0.005 0.017 0.046
304 V 0.068 0.021 0.016 0.017 0.019 0.016 0.023 0.024 0.008 0.163 0.128 0.025 0.031 0.035 0.016 0.032 0.048 0.005 0.02 0.285
305 L 0.043 0.025 0.017 0.017 0.014 0.018 0.023 0.022 0.032 0.117 0.257 0.027 0.041 0.072 0.014 0.026 0.032 0.012 0.1 0.09
306 S 0.087 0.038 0.109 0.066 0.014 0.031 0.049 0.123 0.02 0.026 0.037 0.05 0.013 0.019 0.025 0.173 0.065 0.005 0.016 0.035
307 Y 0.04 0.027 0.021 0.018 0.009 0.021 0.027 0.024 0.046 0.043 0.067 0.03 0.018 0.128 0.015 0.03 0.027 0.027 0.334 0.046
308 N 0.041 0.041 0.289 0.136 0.009 0.032 0.055 0.061 0.029 0.022 0.03 0.051 0.011 0.017 0.02 0.065 0.046 0.004 0.015 0.026
309 Y 0.04 0.027 0.021 0.018 0.009 0.021 0.027 0.024 0.046 0.043 0.067 0.03 0.018 0.128 0.015 0.03 0.027 0.027 0.334 0.046
310 V 0.068 0.021 0.016 0.017 0.019 0.016 0.023 0.024 0.008 0.161 0.127 0.025 0.031 0.035 0.016 0.032 0.048 0.005 0.02 0.287
311 D 0.04 0.029 0.067 0.412 0.007 0.029 0.089 0.045 0.018 0.022 0.027 0.044 0.009 0.015 0.022 0.051 0.035 0.004 0.011 0.024
312 S 0.107 0.039 0.053 0.048 0.017 0.032 0.051 0.065 0.019 0.029 0.041 0.053 0.015 0.02 0.029 0.239 0.08 0.005 0.017 0.041
313 S 0.107 0.039 0.053 0.048 0.017 0.032 0.051 0.065 0.019 0.029 0.041 0.053 0.015 0.02 0.029 0.239 0.08 0.005 0.017 0.041
314 Y 0.04 0.027 0.021 0.018 0.009 0.021 0.027 0.024 0.046 0.043 0.067 0.03 0.018 0.128 0.015 0.03 0.027 0.027 0.334 0.046
315 V 0.057 0.019 0.015 0.017 0.017 0.015 0.02 0.022 0.008 0.225 0.145 0.024 0.033 0.039 0.015 0.028 0.044 0.006 0.02 0.23
316 Q 0.055 0.072 0.043 0.046 0.009 0.234 0.1 0.04 0.029 0.026 0.046 0.089 0.02 0.014 0.023 0.055 0.04 0.006 0.02 0.034
317 L 0.051 0.031 0.02 0.02 0.016 0.027 0.027 0.027 0.016 0.098 0.192 0.035 0.181 0.047 0.016 0.035 0.039 0.008 0.024 0.09
318 L 0.043 0.024 0.014 0.015 0.016 0.016 0.02 0.021 0.01 0.113 0.391 0.025 0.048 0.053 0.014 0.024 0.033 0.007 0.022 0.094
319 F 0.033 0.019 0.016 0.016 0.01 0.01 0.019 0.025 0.016 0.062 0.111 0.019 0.025 0.402 0.01 0.025 0.025 0.016 0.087 0.054
320 T 0.06 0.032 0.038 0.031 0.015 0.025 0.035 0.037 0.024 0.049 0.064 0.04 0.019 0.058 0.023 0.07 0.184 0.013 0.123 0.061
