#Seq2Logo.py -f /work3/idamei/ssn-clusterings/2206011120/clusters/0009_141/sequences.afa -m 0.0001 -b 50 -o /work3/idamei/ssn-clusterings/2206011120/clusters/0009_141/sequences.logo -p 640x1000 -l 30
#Position Specific Frequency Matrix
A R N D C Q E G H I L K M F P S T W Y V
0 M 0.047 0.029 0.018 0.018 0.015 0.026 0.026 0.026 0.015 0.091 0.179 0.033 0.237 0.044 0.015 0.033 0.037 0.007 0.022 0.084
1 G 0.07 0.046 0.034 0.032 0.013 0.029 0.04 0.131 0.014 0.061 0.061 0.116 0.018 0.021 0.022 0.089 0.069 0.005 0.016 0.114
2 L 0.055 0.037 0.09 0.036 0.012 0.026 0.036 0.039 0.022 0.072 0.124 0.064 0.022 0.045 0.019 0.086 0.067 0.009 0.081 0.059
3 L 0.055 0.027 0.027 0.068 0.015 0.02 0.033 0.032 0.012 0.08 0.289 0.032 0.035 0.04 0.017 0.081 0.042 0.006 0.019 0.071
4 N 0.038 0.034 0.209 0.055 0.009 0.024 0.036 0.048 0.025 0.038 0.063 0.039 0.016 0.172 0.016 0.05 0.039 0.009 0.044 0.037
5 V 0.079 0.029 0.03 0.029 0.017 0.022 0.033 0.039 0.013 0.098 0.146 0.036 0.028 0.033 0.021 0.115 0.058 0.006 0.019 0.151
6 I 0.046 0.129 0.023 0.022 0.013 0.025 0.029 0.024 0.013 0.193 0.126 0.055 0.029 0.035 0.016 0.031 0.038 0.006 0.019 0.127
7 D 0.04 0.035 0.175 0.281 0.008 0.031 0.072 0.052 0.023 0.022 0.029 0.047 0.01 0.016 0.021 0.057 0.04 0.004 0.013 0.025
8 R 0.043 0.296 0.033 0.027 0.009 0.041 0.045 0.03 0.02 0.041 0.115 0.098 0.022 0.024 0.018 0.039 0.034 0.006 0.018 0.043
9 F 0.034 0.019 0.017 0.017 0.011 0.011 0.019 0.025 0.017 0.063 0.114 0.019 0.025 0.387 0.011 0.025 0.025 0.017 0.089 0.055
10 L 0.064 0.029 0.027 0.028 0.014 0.023 0.033 0.037 0.014 0.06 0.165 0.037 0.05 0.03 0.163 0.099 0.046 0.005 0.017 0.058
11 N 0.058 0.04 0.276 0.067 0.011 0.031 0.046 0.06 0.026 0.023 0.032 0.05 0.012 0.017 0.021 0.13 0.054 0.004 0.015 0.029
12 N 0.043 0.06 0.21 0.056 0.008 0.037 0.052 0.049 0.09 0.022 0.033 0.146 0.012 0.018 0.02 0.054 0.039 0.005 0.021 0.026
13 V 0.067 0.024 0.022 0.022 0.017 0.018 0.026 0.03 0.01 0.117 0.165 0.029 0.029 0.034 0.017 0.079 0.048 0.005 0.019 0.223
14 V 0.05 0.028 0.019 0.02 0.013 0.06 0.033 0.024 0.017 0.134 0.154 0.034 0.029 0.048 0.015 0.031 0.037 0.009 0.079 0.166
15 Y 0.043 0.049 0.027 0.025 0.009 0.029 0.039 0.029 0.06 0.083 0.067 0.133 0.019 0.063 0.018 0.035 0.031 0.014 0.171 0.056
16 P 0.053 0.084 0.081 0.034 0.011 0.026 0.035 0.038 0.017 0.041 0.068 0.047 0.048 0.083 0.094 0.083 0.081 0.006 0.025 0.045
17 N 0.04 0.048 0.34 0.069 0.008 0.033 0.047 0.055 0.027 0.021 0.03 0.092 0.011 0.016 0.019 0.06 0.043 0.004 0.014 0.025
18 N 0.05 0.045 0.134 0.043 0.01 0.067 0.047 0.042 0.024 0.072 0.055 0.09 0.017 0.033 0.019 0.082 0.042 0.008 0.07 0.049
19 I 0.091 0.03 0.018 0.02 0.014 0.019 0.027 0.03 0.011 0.153 0.15 0.071 0.027 0.092 0.016 0.035 0.035 0.007 0.026 0.127
20 I 0.04 0.016 0.013 0.016 0.014 0.012 0.016 0.019 0.009 0.307 0.143 0.02 0.031 0.098 0.013 0.022 0.034 0.007 0.027 0.142
21 S 0.121 0.03 0.037 0.034 0.091 0.025 0.037 0.051 0.014 0.036 0.049 0.041 0.015 0.019 0.024 0.17 0.136 0.005 0.015 0.05
22 L 0.052 0.022 0.018 0.019 0.015 0.016 0.022 0.025 0.01 0.169 0.254 0.026 0.034 0.039 0.015 0.063 0.04 0.006 0.019 0.137
23 F 0.05 0.022 0.022 0.022 0.013 0.016 0.024 0.028 0.012 0.141 0.149 0.027 0.027 0.153 0.016 0.071 0.078 0.008 0.035 0.086
24 L 0.042 0.017 0.013 0.015 0.089 0.012 0.016 0.021 0.009 0.193 0.214 0.02 0.032 0.098 0.013 0.024 0.032 0.007 0.026 0.106
25 F 0.034 0.02 0.015 0.015 0.011 0.013 0.018 0.021 0.017 0.071 0.218 0.021 0.03 0.26 0.011 0.023 0.026 0.013 0.103 0.061
26 L 0.05 0.022 0.018 0.019 0.014 0.016 0.022 0.026 0.011 0.127 0.248 0.025 0.033 0.098 0.015 0.063 0.038 0.007 0.027 0.121
27 F 0.047 0.02 0.019 0.019 0.087 0.014 0.021 0.028 0.012 0.098 0.142 0.023 0.025 0.212 0.014 0.065 0.034 0.009 0.043 0.068
28 L 0.037 0.02 0.013 0.014 0.013 0.013 0.017 0.02 0.011 0.125 0.303 0.021 0.036 0.163 0.012 0.022 0.029 0.009 0.037 0.086
29 L 0.044 0.021 0.016 0.016 0.014 0.014 0.018 0.097 0.009 0.126 0.341 0.023 0.038 0.043 0.013 0.025 0.03 0.006 0.018 0.087
30 V 0.069 0.02 0.017 0.017 0.014 0.014 0.021 0.026 0.011 0.129 0.155 0.023 0.028 0.154 0.014 0.032 0.055 0.008 0.036 0.157
31 L 0.041 0.018 0.014 0.015 0.013 0.012 0.017 0.02 0.01 0.166 0.215 0.021 0.033 0.159 0.012 0.023 0.031 0.008 0.036 0.133
32 F 0.05 0.021 0.019 0.019 0.013 0.015 0.022 0.027 0.012 0.085 0.145 0.024 0.026 0.213 0.014 0.065 0.037 0.009 0.044 0.138
33 L 0.102 0.025 0.021 0.021 0.016 0.019 0.027 0.034 0.011 0.094 0.198 0.03 0.061 0.035 0.017 0.073 0.043 0.006 0.018 0.15
34 S 0.072 0.026 0.032 0.03 0.09 0.021 0.032 0.04 0.012 0.124 0.075 0.035 0.02 0.025 0.021 0.153 0.093 0.005 0.016 0.077
35 L 0.054 0.022 0.018 0.019 0.09 0.016 0.022 0.027 0.01 0.125 0.241 0.026 0.032 0.036 0.015 0.065 0.039 0.005 0.018 0.122
36 Y 0.036 0.028 0.03 0.083 0.008 0.023 0.036 0.027 0.093 0.034 0.052 0.031 0.015 0.089 0.015 0.032 0.026 0.019 0.288 0.036
37 F 0.043 0.02 0.016 0.016 0.012 0.014 0.02 0.022 0.019 0.119 0.101 0.022 0.024 0.177 0.013 0.026 0.031 0.014 0.142 0.148
38 L 0.051 0.023 0.018 0.018 0.015 0.017 0.023 0.025 0.01 0.098 0.338 0.026 0.038 0.042 0.015 0.063 0.038 0.006 0.019 0.116
39 D 0.047 0.041 0.047 0.231 0.007 0.037 0.154 0.113 0.018 0.02 0.029 0.091 0.01 0.014 0.021 0.047 0.032 0.004 0.012 0.025
40 L 0.041 0.021 0.021 0.079 0.012 0.016 0.028 0.024 0.015 0.117 0.191 0.025 0.028 0.107 0.014 0.027 0.031 0.009 0.08 0.113
41 E 0.055 0.036 0.036 0.106 0.011 0.071 0.143 0.034 0.017 0.087 0.062 0.05 0.018 0.021 0.02 0.079 0.041 0.005 0.016 0.093
42 F 0.036 0.018 0.014 0.015 0.012 0.012 0.017 0.02 0.011 0.153 0.213 0.02 0.032 0.219 0.011 0.022 0.028 0.01 0.045 0.091
43 Y 0.045 0.027 0.029 0.091 0.01 0.025 0.082 0.029 0.023 0.053 0.065 0.035 0.017 0.11 0.017 0.041 0.073 0.012 0.131 0.085
44 L 0.043 0.021 0.013 0.014 0.015 0.014 0.018 0.019 0.009 0.144 0.354 0.022 0.04 0.045 0.013 0.023 0.033 0.006 0.019 0.133
45 S 0.082 0.033 0.042 0.038 0.015 0.027 0.041 0.05 0.015 0.032 0.043 0.044 0.014 0.018 0.1 0.203 0.14 0.004 0.015 0.043
46 D 0.046 0.03 0.107 0.347 0.008 0.028 0.071 0.046 0.018 0.021 0.027 0.042 0.009 0.014 0.021 0.086 0.039 0.004 0.011 0.024
47 Y 0.039 0.024 0.021 0.019 0.01 0.017 0.024 0.025 0.03 0.045 0.072 0.027 0.019 0.199 0.014 0.034 0.068 0.019 0.248 0.047
48 G 0.102 0.026 0.027 0.026 0.014 0.021 0.029 0.114 0.013 0.085 0.078 0.033 0.05 0.03 0.018 0.083 0.08 0.083 0.023 0.064
49 W 0.027 0.02 0.014 0.014 0.007 0.014 0.02 0.027 0.014 0.027 0.047 0.02 0.014 0.054 0.007 0.02 0.02 0.547 0.061 0.027
50 S 0.098 0.036 0.048 0.044 0.016 0.03 0.047 0.059 0.017 0.027 0.037 0.048 0.014 0.019 0.027 0.303 0.073 0.005 0.016 0.037
51 L 0.048 0.019 0.014 0.015 0.015 0.013 0.019 0.021 0.009 0.15 0.212 0.022 0.033 0.098 0.013 0.025 0.036 0.007 0.028 0.203
52 L 0.05 0.023 0.018 0.018 0.014 0.016 0.022 0.026 0.011 0.092 0.289 0.026 0.035 0.1 0.014 0.063 0.037 0.007 0.028 0.111
53 F 0.036 0.018 0.015 0.015 0.011 0.011 0.018 0.022 0.013 0.076 0.153 0.019 0.027 0.335 0.011 0.023 0.027 0.012 0.062 0.097
54 I 0.051 0.02 0.017 0.018 0.015 0.015 0.02 0.022 0.009 0.213 0.169 0.025 0.031 0.036 0.015 0.033 0.079 0.005 0.018 0.188
55 L 0.068 0.028 0.033 0.03 0.015 0.022 0.032 0.114 0.013 0.053 0.157 0.036 0.023 0.027 0.021 0.123 0.127 0.005 0.016 0.056
56 F 0.034 0.02 0.017 0.016 0.01 0.014 0.02 0.022 0.025 0.091 0.091 0.022 0.022 0.25 0.012 0.025 0.026 0.018 0.204 0.061
57 L 0.05 0.018 0.014 0.015 0.09 0.013 0.018 0.021 0.008 0.177 0.211 0.022 0.032 0.037 0.014 0.026 0.036 0.005 0.018 0.176
58 F 0.044 0.018 0.017 0.017 0.012 0.012 0.018 0.099 0.012 0.112 0.149 0.021 0.026 0.213 0.012 0.027 0.029 0.01 0.043 0.109
59 L 0.043 0.018 0.014 0.015 0.014 0.013 0.017 0.02 0.009 0.208 0.222 0.021 0.034 0.1 0.013 0.023 0.033 0.007 0.028 0.149
60 V 0.057 0.018 0.014 0.016 0.016 0.014 0.019 0.021 0.007 0.205 0.126 0.023 0.03 0.034 0.014 0.027 0.042 0.005 0.018 0.293
61 Y 0.034 0.023 0.018 0.016 0.009 0.017 0.023 0.022 0.034 0.044 0.073 0.025 0.018 0.213 0.013 0.026 0.024 0.022 0.302 0.044
62 F 0.05 0.02 0.022 0.021 0.013 0.015 0.022 0.103 0.012 0.137 0.144 0.025 0.025 0.152 0.014 0.066 0.035 0.008 0.034 0.08
63 L 0.036 0.02 0.014 0.014 0.013 0.013 0.018 0.02 0.011 0.086 0.321 0.021 0.037 0.193 0.012 0.022 0.027 0.009 0.041 0.073
64 R 0.041 0.37 0.035 0.029 0.007 0.044 0.049 0.031 0.02 0.021 0.041 0.143 0.014 0.015 0.018 0.041 0.032 0.005 0.016 0.028
65 F 0.036 0.031 0.019 0.019 0.009 0.019 0.026 0.025 0.022 0.085 0.08 0.069 0.02 0.178 0.013 0.027 0.027 0.091 0.148 0.057
66 I 0.095 0.02 0.018 0.02 0.016 0.016 0.022 0.029 0.009 0.233 0.118 0.027 0.028 0.033 0.017 0.04 0.08 0.005 0.018 0.158
67 N 0.038 0.04 0.39 0.074 0.008 0.03 0.044 0.058 0.028 0.02 0.028 0.048 0.01 0.016 0.018 0.062 0.044 0.004 0.014 0.024
68 G 0.06 0.157 0.037 0.033 0.009 0.035 0.045 0.189 0.017 0.022 0.035 0.148 0.012 0.015 0.021 0.081 0.037 0.005 0.014 0.028
69 V 0.052 0.018 0.014 0.016 0.015 0.013 0.019 0.021 0.009 0.192 0.124 0.022 0.029 0.094 0.014 0.026 0.039 0.006 0.027 0.251
70 N 0.049 0.034 0.235 0.055 0.01 0.026 0.039 0.049 0.021 0.033 0.089 0.043 0.015 0.02 0.094 0.088 0.045 0.004 0.015 0.035
71 L 0.044 0.023 0.018 0.018 0.012 0.016 0.023 0.027 0.011 0.07 0.272 0.026 0.031 0.046 0.013 0.062 0.033 0.161 0.031 0.062
72 V 0.058 0.021 0.019 0.02 0.016 0.016 0.023 0.026 0.009 0.181 0.161 0.026 0.03 0.035 0.016 0.065 0.044 0.005 0.018 0.212
73 S 0.07 0.034 0.095 0.111 0.011 0.031 0.094 0.124 0.019 0.022 0.032 0.047 0.011 0.016 0.022 0.159 0.051 0.004 0.014 0.03
74 L 0.064 0.019 0.014 0.016 0.014 0.013 0.018 0.023 0.01 0.2 0.217 0.022 0.033 0.099 0.014 0.027 0.033 0.007 0.027 0.128
75 Y 0.038 0.031 0.022 0.02 0.008 0.059 0.035 0.024 0.039 0.037 0.058 0.036 0.017 0.102 0.015 0.031 0.027 0.022 0.338 0.04
76 S 0.098 0.036 0.048 0.044 0.016 0.03 0.047 0.059 0.017 0.027 0.037 0.048 0.014 0.019 0.027 0.303 0.073 0.005 0.016 0.037
77 L 0.04 0.021 0.013 0.014 0.014 0.014 0.018 0.019 0.009 0.138 0.401 0.022 0.043 0.047 0.013 0.022 0.031 0.006 0.02 0.096
78 F 0.03 0.017 0.015 0.015 0.009 0.009 0.017 0.023 0.015 0.057 0.102 0.017 0.023 0.453 0.009 0.023 0.023 0.015 0.079 0.049
79 F 0.038 0.023 0.02 0.018 0.01 0.016 0.023 0.025 0.026 0.048 0.078 0.025 0.019 0.247 0.014 0.033 0.067 0.018 0.204 0.048
80 L 0.041 0.018 0.014 0.015 0.013 0.012 0.017 0.02 0.01 0.166 0.215 0.021 0.033 0.159 0.012 0.023 0.031 0.008 0.036 0.133
81 T 0.075 0.033 0.041 0.036 0.016 0.026 0.038 0.045 0.014 0.042 0.052 0.043 0.017 0.02 0.025 0.146 0.255 0.005 0.016 0.056
82 T 0.058 0.026 0.029 0.027 0.015 0.02 0.029 0.034 0.012 0.132 0.088 0.033 0.022 0.088 0.019 0.088 0.164 0.007 0.026 0.085
83 L 0.041 0.022 0.013 0.015 0.014 0.016 0.019 0.02 0.01 0.136 0.363 0.024 0.072 0.047 0.013 0.023 0.032 0.006 0.02 0.096
84 L 0.046 0.022 0.015 0.016 0.015 0.017 0.02 0.021 0.01 0.176 0.236 0.025 0.098 0.042 0.014 0.026 0.035 0.006 0.02 0.143
85 F 0.03 0.017 0.015 0.015 0.009 0.009 0.017 0.023 0.015 0.057 0.102 0.017 0.023 0.453 0.009 0.023 0.023 0.015 0.079 0.049
86 L 0.045 0.02 0.014 0.015 0.015 0.015 0.018 0.02 0.009 0.213 0.232 0.023 0.067 0.042 0.013 0.025 0.035 0.006 0.019 0.154
87 G 0.061 0.018 0.026 0.024 0.161 0.014 0.02 0.333 0.011 0.029 0.046 0.025 0.012 0.078 0.015 0.04 0.028 0.006 0.02 0.034
88 G 0.074 0.023 0.037 0.032 0.01 0.019 0.026 0.491 0.013 0.018 0.027 0.033 0.009 0.015 0.018 0.083 0.033 0.005 0.01 0.024
89 R 0.04 0.415 0.035 0.028 0.007 0.043 0.047 0.029 0.021 0.021 0.042 0.107 0.014 0.016 0.017 0.04 0.031 0.005 0.016 0.028
90 F 0.03 0.017 0.015 0.015 0.009 0.009 0.017 0.023 0.015 0.057 0.102 0.017 0.023 0.453 0.009 0.023 0.023 0.015 0.079 0.049
91 F 0.034 0.017 0.015 0.015 0.011 0.01 0.017 0.021 0.013 0.14 0.116 0.018 0.026 0.335 0.011 0.023 0.026 0.012 0.062 0.08
92 A 0.204 0.028 0.031 0.03 0.017 0.023 0.035 0.13 0.013 0.048 0.054 0.038 0.016 0.02 0.023 0.13 0.05 0.005 0.015 0.09
93 I 0.053 0.03 0.078 0.032 0.012 0.058 0.035 0.108 0.015 0.136 0.081 0.038 0.021 0.025 0.017 0.045 0.079 0.005 0.016 0.115
94 F 0.036 0.018 0.014 0.015 0.012 0.012 0.017 0.02 0.011 0.153 0.213 0.02 0.032 0.219 0.011 0.022 0.028 0.01 0.045 0.091
95 L 0.038 0.021 0.013 0.014 0.014 0.014 0.018 0.02 0.01 0.096 0.394 0.022 0.041 0.107 0.012 0.022 0.029 0.008 0.028 0.081
96 G 0.061 0.023 0.083 0.034 0.01 0.018 0.025 0.413 0.014 0.065 0.043 0.031 0.012 0.018 0.017 0.045 0.03 0.005 0.012 0.041
97 Y 0.039 0.024 0.024 0.081 0.01 0.019 0.032 0.026 0.024 0.052 0.161 0.029 0.022 0.068 0.091 0.03 0.028 0.013 0.176 0.049
98 D 0.05 0.047 0.089 0.108 0.008 0.072 0.103 0.042 0.02 0.023 0.036 0.094 0.013 0.021 0.02 0.083 0.039 0.082 0.021 0.028
99 D 0.052 0.041 0.087 0.106 0.01 0.032 0.094 0.04 0.018 0.034 0.091 0.088 0.016 0.02 0.096 0.081 0.04 0.004 0.014 0.036
100 N 0.039 0.03 0.144 0.039 0.01 0.023 0.032 0.035 0.089 0.131 0.076 0.035 0.02 0.043 0.016 0.039 0.035 0.008 0.084 0.072
101 P 0.058 0.028 0.035 0.1 0.009 0.027 0.089 0.113 0.015 0.022 0.031 0.042 0.01 0.014 0.247 0.08 0.037 0.004 0.012 0.027
102 I 0.045 0.019 0.017 0.018 0.015 0.014 0.019 0.021 0.009 0.271 0.179 0.024 0.032 0.038 0.015 0.031 0.076 0.005 0.018 0.134
103 F 0.031 0.018 0.022 0.079 0.009 0.012 0.026 0.025 0.015 0.051 0.091 0.02 0.021 0.39 0.011 0.026 0.024 0.013 0.069 0.045
104 E 0.047 0.047 0.034 0.06 0.007 0.12 0.241 0.032 0.023 0.026 0.045 0.064 0.015 0.077 0.021 0.046 0.033 0.006 0.025 0.032
105 L 0.04 0.021 0.013 0.014 0.014 0.014 0.018 0.019 0.009 0.138 0.401 0.022 0.043 0.047 0.013 0.022 0.031 0.006 0.02 0.096
106 D 0.037 0.029 0.109 0.407 0.007 0.027 0.076 0.044 0.018 0.02 0.025 0.041 0.009 0.014 0.02 0.049 0.033 0.003 0.011 0.022
107 F 0.03 0.017 0.015 0.015 0.009 0.009 0.017 0.023 0.015 0.057 0.102 0.017 0.023 0.453 0.009 0.023 0.023 0.015 0.079 0.049
108 F 0.03 0.017 0.015 0.015 0.009 0.009 0.017 0.023 0.015 0.057 0.102 0.017 0.023 0.453 0.009 0.023 0.023 0.015 0.079 0.049
109 I 0.098 0.023 0.022 0.022 0.016 0.017 0.025 0.032 0.01 0.19 0.105 0.03 0.025 0.03 0.019 0.048 0.121 0.005 0.017 0.144
110 Y 0.041 0.084 0.028 0.023 0.009 0.026 0.033 0.027 0.089 0.035 0.054 0.043 0.016 0.076 0.016 0.039 0.069 0.017 0.235 0.04
111 R 0.04 0.205 0.033 0.027 0.007 0.036 0.043 0.029 0.084 0.026 0.046 0.111 0.015 0.046 0.017 0.037 0.029 0.011 0.128 0.031
112 L 0.054 0.093 0.029 0.027 0.013 0.028 0.036 0.033 0.014 0.059 0.177 0.09 0.057 0.03 0.019 0.078 0.08 0.006 0.018 0.059
113 L 0.04 0.022 0.013 0.014 0.014 0.014 0.018 0.019 0.009 0.103 0.442 0.023 0.044 0.049 0.013 0.022 0.03 0.006 0.02 0.086
114 N 0.051 0.035 0.244 0.119 0.009 0.028 0.047 0.128 0.023 0.021 0.029 0.044 0.01 0.016 0.019 0.092 0.044 0.004 0.013 0.025
115 D 0.05 0.027 0.056 0.341 0.008 0.026 0.068 0.119 0.016 0.02 0.027 0.04 0.009 0.014 0.02 0.083 0.037 0.004 0.011 0.024
116 F 0.09 0.038 0.022 0.024 0.012 0.06 0.038 0.033 0.015 0.064 0.128 0.079 0.024 0.147 0.017 0.039 0.034 0.008 0.035 0.093
117 E 0.047 0.042 0.04 0.135 0.007 0.053 0.33 0.033 0.022 0.02 0.032 0.063 0.011 0.015 0.023 0.049 0.033 0.005 0.014 0.027
118 K 0.092 0.063 0.028 0.029 0.011 0.034 0.046 0.038 0.016 0.078 0.066 0.214 0.018 0.081 0.021 0.045 0.035 0.006 0.025 0.055
119 T 0.075 0.033 0.041 0.036 0.016 0.026 0.038 0.045 0.014 0.042 0.052 0.043 0.017 0.02 0.025 0.146 0.255 0.005 0.016 0.056
120 K 0.046 0.056 0.081 0.038 0.01 0.107 0.055 0.035 0.019 0.116 0.07 0.138 0.02 0.021 0.019 0.043 0.037 0.005 0.017 0.066
121 L 0.04 0.022 0.013 0.014 0.014 0.014 0.018 0.019 0.009 0.103 0.442 0.023 0.044 0.049 0.013 0.022 0.03 0.006 0.02 0.086
122 M 0.042 0.025 0.017 0.017 0.013 0.021 0.023 0.024 0.015 0.08 0.155 0.028 0.185 0.16 0.013 0.03 0.032 0.009 0.038 0.073
123 Y 0.04 0.022 0.017 0.016 0.086 0.017 0.021 0.023 0.024 0.058 0.137 0.025 0.055 0.13 0.013 0.028 0.028 0.015 0.186 0.056
124 L 0.042 0.025 0.019 0.018 0.012 0.018 0.023 0.023 0.023 0.068 0.224 0.027 0.029 0.074 0.015 0.033 0.07 0.014 0.178 0.064
125 L 0.052 0.022 0.018 0.019 0.015 0.016 0.022 0.025 0.01 0.169 0.254 0.026 0.034 0.039 0.015 0.063 0.04 0.006 0.019 0.137
126 F 0.034 0.019 0.015 0.015 0.011 0.012 0.018 0.021 0.017 0.102 0.152 0.02 0.026 0.288 0.011 0.023 0.026 0.014 0.107 0.069
127 I 0.094 0.021 0.019 0.02 0.015 0.016 0.023 0.03 0.01 0.225 0.163 0.027 0.03 0.035 0.017 0.054 0.06 0.005 0.018 0.118
128 G 0.066 0.021 0.031 0.028 0.012 0.017 0.024 0.335 0.012 0.113 0.063 0.03 0.016 0.022 0.017 0.076 0.036 0.005 0.013 0.063
129 L 0.04 0.02 0.014 0.015 0.014 0.015 0.018 0.02 0.01 0.165 0.272 0.023 0.067 0.103 0.013 0.024 0.031 0.007 0.028 0.101
130 I 0.066 0.024 0.028 0.028 0.015 0.019 0.029 0.036 0.012 0.211 0.102 0.033 0.025 0.031 0.019 0.143 0.052 0.005 0.017 0.106
131 S 0.128 0.033 0.041 0.037 0.015 0.027 0.042 0.055 0.02 0.03 0.043 0.044 0.015 0.033 0.025 0.232 0.062 0.008 0.069 0.041
132 L 0.05 0.026 0.019 0.019 0.015 0.02 0.024 0.026 0.012 0.088 0.308 0.029 0.099 0.043 0.015 0.065 0.038 0.006 0.02 0.078
133 E 0.049 0.044 0.036 0.081 0.007 0.058 0.372 0.031 0.023 0.02 0.033 0.067 0.012 0.015 0.023 0.049 0.033 0.005 0.015 0.028
134 L 0.093 0.021 0.015 0.016 0.016 0.015 0.021 0.027 0.009 0.142 0.252 0.025 0.034 0.038 0.015 0.032 0.037 0.006 0.019 0.167
135 G 0.07 0.02 0.035 0.03 0.01 0.017 0.023 0.563 0.012 0.017 0.025 0.03 0.008 0.014 0.017 0.046 0.027 0.005 0.01 0.022
136 L 0.049 0.031 0.024 0.023 0.012 0.059 0.035 0.028 0.022 0.062 0.218 0.036 0.028 0.059 0.016 0.068 0.036 0.011 0.125 0.059
137 Y 0.036 0.025 0.019 0.017 0.008 0.019 0.025 0.022 0.042 0.039 0.061 0.028 0.017 0.117 0.014 0.028 0.025 0.025 0.391 0.042
138 F 0.044 0.021 0.019 0.019 0.012 0.014 0.021 0.026 0.013 0.104 0.173 0.023 0.028 0.245 0.013 0.063 0.033 0.01 0.049 0.071
139 S 0.175 0.033 0.041 0.039 0.017 0.028 0.044 0.062 0.016 0.03 0.042 0.046 0.014 0.019 0.027 0.238 0.065 0.005 0.016 0.044
140 R 0.039 0.25 0.08 0.031 0.008 0.034 0.039 0.031 0.023 0.035 0.1 0.075 0.018 0.035 0.016 0.039 0.032 0.008 0.07 0.037
141 L 0.044 0.021 0.017 0.017 0.015 0.015 0.02 0.022 0.009 0.165 0.304 0.025 0.037 0.042 0.015 0.031 0.074 0.006 0.019 0.103
142 L 0.052 0.023 0.022 0.021 0.015 0.017 0.024 0.027 0.01 0.154 0.246 0.028 0.033 0.038 0.016 0.071 0.08 0.006 0.018 0.096
143 F 0.039 0.036 0.021 0.022 0.01 0.057 0.034 0.026 0.015 0.096 0.14 0.076 0.025 0.21 0.014 0.03 0.029 0.01 0.044 0.065
144 K 0.054 0.125 0.089 0.042 0.009 0.042 0.056 0.043 0.02 0.024 0.037 0.232 0.013 0.015 0.023 0.085 0.041 0.005 0.015 0.029
145 P 0.044 0.15 0.133 0.042 0.008 0.033 0.044 0.04 0.02 0.022 0.035 0.106 0.011 0.014 0.17 0.047 0.036 0.004 0.014 0.027
146 N 0.064 0.035 0.138 0.052 0.012 0.031 0.087 0.047 0.019 0.044 0.048 0.046 0.015 0.02 0.022 0.128 0.091 0.005 0.015 0.08
147 D 0.043 0.034 0.035 0.149 0.01 0.024 0.046 0.032 0.018 0.08 0.066 0.077 0.017 0.096 0.018 0.042 0.073 0.009 0.077 0.055
148 E 0.044 0.047 0.142 0.122 0.007 0.114 0.157 0.042 0.025 0.021 0.033 0.062 0.013 0.014 0.021 0.053 0.037 0.005 0.015 0.027
149 L 0.044 0.08 0.026 0.058 0.011 0.023 0.056 0.028 0.014 0.089 0.122 0.043 0.021 0.086 0.092 0.039 0.073 0.006 0.025 0.062
150 K 0.056 0.105 0.041 0.041 0.008 0.052 0.069 0.042 0.02 0.027 0.042 0.292 0.015 0.015 0.027 0.052 0.039 0.005 0.017 0.032
151 C 0.048 0.022 0.032 0.152 0.177 0.019 0.041 0.032 0.012 0.058 0.165 0.029 0.024 0.029 0.017 0.037 0.033 0.005 0.015 0.056
152 F 0.047 0.022 0.024 0.022 0.01 0.016 0.024 0.105 0.023 0.042 0.07 0.026 0.018 0.232 0.014 0.068 0.031 0.015 0.149 0.041
153 K 0.052 0.063 0.141 0.048 0.009 0.038 0.053 0.046 0.079 0.023 0.035 0.179 0.013 0.017 0.022 0.087 0.042 0.005 0.02 0.028
154 I 0.043 0.019 0.014 0.016 0.015 0.015 0.018 0.02 0.009 0.258 0.204 0.024 0.069 0.042 0.013 0.024 0.035 0.006 0.02 0.136
155 L 0.059 0.03 0.029 0.026 0.017 0.022 0.03 0.032 0.012 0.084 0.22 0.035 0.035 0.039 0.021 0.058 0.14 0.007 0.02 0.084
156 E 0.049 0.055 0.084 0.053 0.008 0.06 0.144 0.038 0.02 0.022 0.034 0.141 0.012 0.014 0.135 0.049 0.035 0.004 0.014 0.028
157 L 0.04 0.027 0.02 0.033 0.011 0.025 0.119 0.024 0.015 0.066 0.228 0.034 0.029 0.154 0.015 0.03 0.029 0.008 0.035 0.059
158 I 0.047 0.018 0.015 0.018 0.016 0.013 0.018 0.02 0.009 0.278 0.166 0.023 0.036 0.044 0.015 0.025 0.039 0.006 0.02 0.175
159 G 0.078 0.023 0.039 0.033 0.011 0.019 0.025 0.515 0.013 0.019 0.028 0.033 0.009 0.016 0.019 0.051 0.029 0.005 0.011 0.024
160 C 0.064 0.016 0.016 0.016 0.489 0.012 0.016 0.032 0.008 0.044 0.064 0.02 0.016 0.02 0.016 0.04 0.036 0.004 0.012 0.056
161 L 0.044 0.024 0.014 0.015 0.016 0.016 0.02 0.021 0.01 0.114 0.382 0.025 0.049 0.054 0.014 0.024 0.033 0.007 0.022 0.095
162 N 0.049 0.034 0.235 0.055 0.01 0.026 0.039 0.049 0.021 0.033 0.089 0.043 0.015 0.02 0.094 0.088 0.045 0.004 0.015 0.035
163 K 0.051 0.066 0.084 0.038 0.009 0.036 0.048 0.113 0.017 0.069 0.051 0.217 0.015 0.018 0.021 0.046 0.035 0.005 0.015 0.046
164 K 0.054 0.108 0.034 0.033 0.009 0.072 0.053 0.037 0.022 0.026 0.042 0.145 0.014 0.029 0.097 0.079 0.038 0.007 0.069 0.032
165 L 0.069 0.028 0.031 0.029 0.014 0.022 0.033 0.04 0.014 0.058 0.18 0.035 0.026 0.1 0.019 0.157 0.051 0.007 0.028 0.057
166 L 0.041 0.032 0.016 0.017 0.013 0.019 0.024 0.022 0.01 0.092 0.385 0.07 0.04 0.044 0.014 0.025 0.031 0.006 0.019 0.078
167 F 0.036 0.02 0.016 0.015 0.01 0.014 0.02 0.023 0.021 0.06 0.085 0.021 0.02 0.24 0.011 0.025 0.026 0.092 0.157 0.086
168 I 0.044 0.018 0.015 0.017 0.013 0.013 0.019 0.022 0.01 0.197 0.163 0.023 0.029 0.095 0.089 0.026 0.034 0.006 0.026 0.14
169 I 0.041 0.018 0.014 0.016 0.014 0.013 0.017 0.019 0.013 0.27 0.179 0.022 0.032 0.052 0.013 0.023 0.033 0.008 0.072 0.131
170 I 0.047 0.018 0.015 0.018 0.016 0.013 0.018 0.02 0.009 0.278 0.166 0.023 0.036 0.044 0.015 0.025 0.039 0.006 0.02 0.175
171 L 0.05 0.022 0.018 0.019 0.014 0.016 0.022 0.026 0.011 0.127 0.248 0.025 0.033 0.098 0.015 0.063 0.038 0.007 0.027 0.121
172 C 0.061 0.023 0.017 0.018 0.176 0.019 0.022 0.028 0.011 0.101 0.128 0.027 0.075 0.034 0.016 0.036 0.041 0.006 0.019 0.143
173 L 0.044 0.022 0.014 0.016 0.016 0.015 0.019 0.021 0.009 0.171 0.313 0.024 0.044 0.05 0.014 0.024 0.035 0.007 0.021 0.121
174 L 0.051 0.023 0.022 0.021 0.012 0.017 0.024 0.104 0.013 0.065 0.19 0.027 0.058 0.154 0.015 0.067 0.034 0.008 0.035 0.059
175 L 0.047 0.019 0.013 0.015 0.015 0.013 0.018 0.02 0.008 0.221 0.224 0.022 0.035 0.04 0.013 0.024 0.036 0.005 0.019 0.191
176 I 0.09 0.019 0.016 0.017 0.015 0.015 0.021 0.027 0.013 0.232 0.119 0.025 0.027 0.047 0.015 0.032 0.037 0.008 0.071 0.154
177 I 0.036 0.018 0.014 0.015 0.012 0.012 0.017 0.021 0.011 0.184 0.163 0.02 0.029 0.161 0.011 0.022 0.029 0.086 0.042 0.098
178 L 0.047 0.02 0.019 0.019 0.012 0.014 0.019 0.175 0.011 0.107 0.233 0.024 0.029 0.095 0.013 0.029 0.029 0.007 0.025 0.073
179 L 0.043 0.022 0.019 0.019 0.011 0.016 0.023 0.1 0.02 0.054 0.167 0.026 0.023 0.116 0.09 0.03 0.027 0.012 0.132 0.051
180 L 0.052 0.031 0.024 0.024 0.014 0.058 0.034 0.028 0.012 0.082 0.229 0.036 0.031 0.033 0.018 0.044 0.118 0.006 0.018 0.109
181 L 0.093 0.024 0.018 0.019 0.016 0.017 0.023 0.03 0.01 0.092 0.285 0.028 0.034 0.038 0.017 0.039 0.076 0.006 0.019 0.117
182 L 0.04 0.029 0.019 0.019 0.011 0.057 0.031 0.023 0.025 0.099 0.18 0.033 0.027 0.072 0.014 0.028 0.03 0.014 0.178 0.069
183 S 0.068 0.039 0.089 0.049 0.012 0.07 0.095 0.046 0.02 0.07 0.052 0.052 0.016 0.02 0.022 0.156 0.053 0.005 0.016 0.051
184 L 0.091 0.022 0.018 0.019 0.015 0.016 0.022 0.029 0.01 0.156 0.248 0.027 0.033 0.038 0.016 0.038 0.076 0.006 0.018 0.1
185 I 0.041 0.033 0.073 0.029 0.01 0.021 0.03 0.03 0.019 0.123 0.08 0.075 0.02 0.099 0.091 0.035 0.033 0.009 0.078 0.07
186 T 0.054 0.031 0.082 0.041 0.013 0.027 0.08 0.036 0.016 0.055 0.065 0.04 0.018 0.083 0.02 0.059 0.161 0.006 0.025 0.091
187 N 0.054 0.102 0.136 0.045 0.01 0.071 0.051 0.043 0.021 0.04 0.047 0.102 0.015 0.018 0.02 0.085 0.044 0.005 0.016 0.074
188 L 0.043 0.018 0.014 0.015 0.014 0.013 0.017 0.02 0.009 0.208 0.222 0.021 0.034 0.1 0.013 0.023 0.033 0.007 0.028 0.149
189 Q 0.045 0.047 0.082 0.045 0.009 0.146 0.105 0.035 0.023 0.037 0.066 0.058 0.05 0.081 0.018 0.045 0.035 0.007 0.026 0.04
190 L 0.045 0.039 0.128 0.037 0.012 0.025 0.034 0.036 0.016 0.06 0.211 0.08 0.026 0.031 0.018 0.046 0.077 0.005 0.017 0.057
191 V 0.106 0.022 0.019 0.02 0.017 0.017 0.025 0.031 0.009 0.117 0.099 0.028 0.025 0.029 0.018 0.044 0.085 0.005 0.018 0.266
192 I 0.107 0.025 0.025 0.025 0.016 0.019 0.029 0.038 0.011 0.149 0.141 0.032 0.026 0.031 0.019 0.111 0.048 0.005 0.017 0.126
193 S 0.116 0.056 0.04 0.039 0.013 0.072 0.056 0.052 0.018 0.027 0.041 0.14 0.015 0.017 0.025 0.162 0.053 0.005 0.016 0.038
194 G 0.056 0.029 0.084 0.035 0.01 0.023 0.032 0.188 0.078 0.035 0.093 0.035 0.016 0.037 0.017 0.078 0.036 0.008 0.073 0.036
195 G 0.07 0.02 0.035 0.03 0.01 0.017 0.023 0.563 0.012 0.017 0.025 0.03 0.008 0.014 0.017 0.046 0.027 0.005 0.01 0.022
196 Y 0.036 0.025 0.019 0.017 0.008 0.019 0.025 0.022 0.042 0.039 0.061 0.028 0.017 0.117 0.014 0.028 0.025 0.025 0.391 0.042
197 L 0.044 0.022 0.016 0.017 0.015 0.016 0.02 0.022 0.009 0.13 0.346 0.025 0.039 0.044 0.014 0.031 0.073 0.006 0.019 0.093
198 A 0.186 0.031 0.034 0.105 0.012 0.032 0.137 0.125 0.016 0.027 0.039 0.046 0.012 0.016 0.023 0.06 0.037 0.005 0.014 0.041
199 L 0.041 0.028 0.016 0.018 0.014 0.055 0.029 0.022 0.011 0.092 0.385 0.031 0.041 0.044 0.014 0.026 0.031 0.006 0.02 0.078
200 Y 0.035 0.025 0.021 0.018 0.009 0.018 0.025 0.024 0.084 0.05 0.123 0.026 0.022 0.19 0.013 0.027 0.025 0.017 0.2 0.047
201 A 0.193 0.054 0.033 0.034 0.014 0.07 0.053 0.055 0.017 0.031 0.045 0.137 0.015 0.017 0.025 0.097 0.045 0.005 0.016 0.045
202 D 0.049 0.05 0.05 0.183 0.008 0.11 0.169 0.04 0.024 0.023 0.036 0.068 0.014 0.015 0.023 0.053 0.037 0.005 0.016 0.029
203 S 0.132 0.032 0.043 0.039 0.015 0.027 0.042 0.133 0.016 0.027 0.038 0.044 0.013 0.018 0.025 0.234 0.062 0.005 0.015 0.039
204 Q 0.05 0.066 0.039 0.042 0.008 0.299 0.092 0.037 0.026 0.024 0.042 0.081 0.018 0.013 0.021 0.05 0.037 0.005 0.018 0.032
205 S 0.109 0.04 0.054 0.048 0.017 0.033 0.052 0.066 0.019 0.029 0.041 0.054 0.016 0.021 0.029 0.228 0.081 0.005 0.017 0.041
206 S 0.111 0.034 0.137 0.046 0.014 0.027 0.04 0.055 0.019 0.037 0.095 0.043 0.017 0.022 0.022 0.162 0.055 0.005 0.016 0.044
207 S 0.077 0.039 0.043 0.059 0.012 0.042 0.186 0.047 0.02 0.024 0.035 0.056 0.013 0.017 0.025 0.195 0.056 0.005 0.015 0.033
208 G 0.153 0.027 0.038 0.093 0.014 0.023 0.04 0.201 0.014 0.029 0.04 0.038 0.013 0.017 0.023 0.097 0.082 0.005 0.013 0.041
209 Y 0.037 0.024 0.019 0.017 0.009 0.018 0.024 0.022 0.037 0.083 0.074 0.027 0.019 0.106 0.014 0.027 0.027 0.022 0.338 0.058
210 S 0.082 0.037 0.044 0.04 0.014 0.066 0.048 0.125 0.017 0.028 0.039 0.049 0.014 0.018 0.024 0.199 0.098 0.005 0.015 0.038
211 F 0.09 0.026 0.075 0.029 0.011 0.019 0.029 0.04 0.021 0.042 0.069 0.031 0.018 0.218 0.016 0.077 0.036 0.012 0.096 0.045
212 N 0.054 0.042 0.143 0.11 0.009 0.104 0.06 0.122 0.022 0.022 0.033 0.054 0.012 0.015 0.02 0.089 0.042 0.004 0.014 0.027
213 F 0.042 0.021 0.019 0.019 0.011 0.014 0.022 0.027 0.013 0.061 0.182 0.024 0.026 0.218 0.012 0.062 0.032 0.087 0.051 0.055
214 L 0.053 0.027 0.025 0.031 0.012 0.024 0.074 0.106 0.014 0.059 0.18 0.034 0.057 0.092 0.017 0.071 0.036 0.007 0.026 0.056
215 S 0.08 0.035 0.094 0.045 0.015 0.028 0.043 0.053 0.017 0.032 0.042 0.046 0.014 0.019 0.025 0.206 0.142 0.005 0.015 0.043
216 L 0.043 0.033 0.07 0.026 0.013 0.021 0.028 0.027 0.013 0.136 0.24 0.074 0.031 0.036 0.015 0.032 0.035 0.005 0.018 0.103
217 L 0.052 0.022 0.018 0.019 0.015 0.016 0.022 0.025 0.01 0.169 0.254 0.026 0.034 0.039 0.015 0.063 0.04 0.006 0.019 0.137
218 I 0.048 0.032 0.079 0.033 0.012 0.06 0.038 0.033 0.019 0.125 0.078 0.04 0.021 0.038 0.018 0.05 0.119 0.008 0.07 0.077
219 T 0.062 0.032 0.087 0.038 0.015 0.025 0.036 0.042 0.015 0.049 0.106 0.04 0.02 0.024 0.022 0.103 0.208 0.005 0.016 0.057
220 L 0.041 0.022 0.017 0.017 0.013 0.014 0.02 0.023 0.011 0.082 0.29 0.024 0.034 0.16 0.013 0.031 0.07 0.009 0.036 0.072
221 L 0.061 0.028 0.028 0.026 0.014 0.023 0.031 0.036 0.014 0.063 0.147 0.034 0.088 0.092 0.018 0.114 0.085 0.007 0.027 0.063
222 Y 0.084 0.025 0.018 0.017 0.011 0.019 0.025 0.03 0.025 0.054 0.129 0.028 0.053 0.074 0.015 0.033 0.029 0.091 0.184 0.055
223 V 0.143 0.021 0.02 0.021 0.015 0.016 0.024 0.113 0.011 0.113 0.088 0.028 0.022 0.087 0.017 0.043 0.037 0.006 0.025 0.149
224 L 0.053 0.023 0.022 0.021 0.089 0.017 0.024 0.03 0.011 0.069 0.226 0.027 0.029 0.094 0.016 0.073 0.078 0.007 0.026 0.065
225 L 0.048 0.022 0.018 0.018 0.015 0.017 0.021 0.023 0.01 0.17 0.219 0.026 0.064 0.039 0.015 0.033 0.077 0.006 0.019 0.14
226 G 0.074 0.023 0.037 0.032 0.01 0.019 0.026 0.491 0.013 0.018 0.027 0.033 0.009 0.015 0.018 0.083 0.033 0.005 0.01 0.024
227 I 0.044 0.018 0.013 0.015 0.015 0.013 0.017 0.019 0.008 0.25 0.229 0.022 0.035 0.041 0.013 0.023 0.035 0.006 0.019 0.164
228 F 0.046 0.023 0.022 0.021 0.012 0.016 0.024 0.027 0.017 0.064 0.086 0.026 0.021 0.221 0.015 0.042 0.113 0.012 0.097 0.095
229 C 0.051 0.018 0.014 0.014 0.24 0.013 0.017 0.024 0.008 0.082 0.231 0.021 0.029 0.033 0.014 0.029 0.033 0.005 0.016 0.108
230 V 0.055 0.024 0.072 0.028 0.014 0.018 0.026 0.031 0.012 0.163 0.149 0.03 0.027 0.032 0.016 0.07 0.044 0.005 0.018 0.165
231 Q 0.045 0.05 0.034 0.033 0.009 0.18 0.065 0.032 0.083 0.037 0.101 0.06 0.021 0.035 0.018 0.041 0.032 0.008 0.077 0.039
232 K 0.065 0.058 0.043 0.099 0.01 0.035 0.055 0.12 0.017 0.023 0.034 0.176 0.012 0.015 0.023 0.12 0.044 0.004 0.014 0.029
233 N 0.052 0.042 0.241 0.059 0.01 0.068 0.05 0.053 0.024 0.025 0.036 0.052 0.013 0.017 0.021 0.098 0.088 0.004 0.015 0.033
234 K 0.047 0.133 0.087 0.041 0.008 0.045 0.058 0.04 0.02 0.023 0.038 0.276 0.013 0.014 0.023 0.049 0.036 0.005 0.015 0.028
235 K 0.048 0.165 0.03 0.028 0.01 0.037 0.046 0.031 0.016 0.087 0.066 0.189 0.019 0.021 0.019 0.039 0.035 0.005 0.016 0.093
236 I 0.051 0.027 0.022 0.023 0.014 0.056 0.031 0.027 0.012 0.221 0.16 0.034 0.03 0.034 0.016 0.066 0.04 0.005 0.018 0.112
237 K 0.053 0.123 0.037 0.035 0.01 0.041 0.053 0.037 0.017 0.031 0.045 0.23 0.015 0.016 0.024 0.057 0.118 0.005 0.016 0.039
238 L 0.046 0.05 0.131 0.04 0.011 0.03 0.041 0.039 0.018 0.049 0.154 0.128 0.022 0.026 0.019 0.049 0.078 0.005 0.016 0.049
239 I 0.045 0.019 0.016 0.017 0.014 0.014 0.019 0.022 0.01 0.203 0.175 0.023 0.047 0.098 0.014 0.028 0.055 0.007 0.027 0.147
240 F 0.034 0.023 0.021 0.018 0.009 0.017 0.024 0.024 0.08 0.053 0.129 0.024 0.023 0.238 0.012 0.026 0.025 0.015 0.156 0.048
241 L 0.042 0.02 0.013 0.014 0.014 0.013 0.018 0.02 0.009 0.138 0.305 0.022 0.037 0.103 0.013 0.023 0.032 0.007 0.028 0.128
242 L 0.039 0.021 0.017 0.017 0.013 0.014 0.02 0.023 0.012 0.075 0.242 0.023 0.031 0.218 0.013 0.031 0.069 0.01 0.045 0.067
243 L 0.039 0.02 0.014 0.015 0.013 0.014 0.018 0.021 0.011 0.158 0.223 0.022 0.064 0.161 0.012 0.024 0.03 0.009 0.037 0.095
244 L 0.037 0.021 0.014 0.015 0.012 0.014 0.019 0.021 0.012 0.081 0.258 0.022 0.064 0.221 0.012 0.024 0.028 0.01 0.046 0.07
245 G 0.102 0.021 0.027 0.025 0.012 0.016 0.023 0.337 0.012 0.038 0.1 0.029 0.017 0.083 0.017 0.043 0.029 0.007 0.022 0.04
246 L 0.048 0.019 0.016 0.017 0.014 0.014 0.018 0.097 0.009 0.202 0.211 0.023 0.032 0.037 0.014 0.027 0.034 0.005 0.018 0.145
247 Y 0.044 0.028 0.076 0.029 0.009 0.021 0.03 0.033 0.032 0.037 0.059 0.032 0.016 0.136 0.016 0.071 0.034 0.018 0.239 0.04
248 F 0.093 0.024 0.024 0.022 0.088 0.017 0.026 0.035 0.017 0.047 0.07 0.029 0.018 0.157 0.018 0.05 0.115 0.011 0.087 0.054
249 L 0.135 0.021 0.016 0.018 0.09 0.015 0.022 0.035 0.011 0.104 0.186 0.026 0.027 0.092 0.017 0.04 0.034 0.007 0.026 0.079
250 I 0.068 0.025 0.03 0.028 0.015 0.02 0.029 0.111 0.012 0.138 0.082 0.033 0.021 0.026 0.019 0.116 0.088 0.005 0.016 0.118
251 A 0.138 0.029 0.021 0.022 0.014 0.058 0.035 0.037 0.017 0.106 0.131 0.037 0.025 0.041 0.018 0.043 0.037 0.008 0.071 0.112
252 L 0.088 0.022 0.015 0.017 0.015 0.016 0.021 0.028 0.011 0.124 0.235 0.025 0.064 0.099 0.015 0.032 0.034 0.007 0.028 0.106
253 L 0.042 0.02 0.014 0.015 0.013 0.014 0.019 0.021 0.011 0.129 0.219 0.022 0.064 0.16 0.012 0.025 0.032 0.009 0.037 0.122
254 L 0.061 0.027 0.027 0.026 0.015 0.021 0.029 0.034 0.012 0.106 0.192 0.034 0.06 0.034 0.019 0.113 0.086 0.006 0.018 0.079
255 G 0.07 0.02 0.035 0.03 0.01 0.017 0.023 0.563 0.012 0.017 0.025 0.03 0.008 0.014 0.017 0.046 0.027 0.005 0.01 0.022
256 S 0.119 0.029 0.033 0.032 0.016 0.023 0.035 0.047 0.013 0.095 0.07 0.039 0.019 0.024 0.023 0.16 0.096 0.005 0.016 0.106
257 R 0.04 0.415 0.035 0.028 0.007 0.043 0.047 0.029 0.021 0.021 0.042 0.107 0.014 0.016 0.017 0.04 0.031 0.005 0.016 0.028
258 G 0.074 0.023 0.037 0.032 0.01 0.019 0.026 0.491 0.013 0.018 0.027 0.033 0.009 0.015 0.018 0.083 0.033 0.005 0.01 0.024
259 G 0.154 0.026 0.031 0.029 0.015 0.021 0.031 0.197 0.013 0.041 0.099 0.036 0.018 0.022 0.022 0.093 0.082 0.005 0.015 0.05
260 F 0.032 0.018 0.015 0.015 0.01 0.01 0.017 0.022 0.014 0.063 0.151 0.018 0.026 0.395 0.01 0.023 0.024 0.014 0.071 0.054
261 V 0.055 0.018 0.017 0.018 0.015 0.014 0.019 0.098 0.008 0.215 0.118 0.023 0.027 0.033 0.014 0.029 0.038 0.005 0.017 0.22
262 C 0.057 0.017 0.018 0.017 0.389 0.013 0.018 0.029 0.008 0.085 0.071 0.022 0.018 0.022 0.016 0.041 0.075 0.004 0.013 0.068
263 F 0.034 0.024 0.071 0.024 0.009 0.017 0.024 0.028 0.028 0.044 0.074 0.026 0.018 0.246 0.013 0.031 0.027 0.018 0.204 0.042
264 L 0.044 0.022 0.016 0.017 0.015 0.016 0.02 0.022 0.009 0.13 0.346 0.025 0.039 0.044 0.014 0.031 0.073 0.006 0.019 0.093
265 L 0.04 0.022 0.013 0.014 0.014 0.014 0.018 0.019 0.009 0.103 0.442 0.023 0.044 0.049 0.013 0.022 0.03 0.006 0.02 0.086
266 F 0.031 0.017 0.015 0.015 0.01 0.01 0.017 0.022 0.015 0.06 0.126 0.017 0.024 0.424 0.01 0.023 0.023 0.014 0.075 0.052
267 L 0.047 0.022 0.018 0.018 0.014 0.016 0.022 0.025 0.011 0.121 0.294 0.025 0.035 0.101 0.014 0.062 0.036 0.007 0.028 0.084
268 L 0.042 0.022 0.014 0.015 0.014 0.017 0.019 0.021 0.01 0.17 0.283 0.025 0.1 0.045 0.013 0.025 0.033 0.006 0.02 0.105
269 W 0.027 0.02 0.014 0.014 0.007 0.014 0.02 0.027 0.014 0.027 0.047 0.02 0.014 0.054 0.007 0.02 0.02 0.547 0.061 0.027
270 Y 0.041 0.023 0.017 0.016 0.011 0.017 0.022 0.021 0.027 0.073 0.178 0.026 0.026 0.085 0.014 0.026 0.029 0.017 0.232 0.098
271 Y 0.038 0.023 0.017 0.016 0.011 0.017 0.022 0.022 0.024 0.102 0.15 0.025 0.057 0.133 0.013 0.026 0.028 0.016 0.187 0.071
272 N 0.042 0.035 0.286 0.06 0.008 0.027 0.038 0.125 0.028 0.022 0.032 0.043 0.011 0.03 0.017 0.055 0.039 0.007 0.067 0.026
273 D 0.041 0.026 0.058 0.4 0.007 0.025 0.073 0.116 0.016 0.02 0.025 0.039 0.008 0.013 0.02 0.046 0.031 0.004 0.01 0.022
274 F 0.032 0.019 0.016 0.016 0.009 0.012 0.019 0.023 0.023 0.052 0.09 0.02 0.021 0.357 0.011 0.024 0.023 0.018 0.168 0.047
275 G 0.07 0.02 0.035 0.03 0.01 0.017 0.023 0.563 0.012 0.017 0.025 0.03 0.008 0.014 0.017 0.046 0.027 0.005 0.01 0.022
276 R 0.047 0.145 0.027 0.024 0.011 0.028 0.035 0.029 0.015 0.06 0.12 0.096 0.022 0.086 0.017 0.041 0.075 0.007 0.026 0.09
277 F 0.034 0.019 0.017 0.017 0.011 0.011 0.019 0.026 0.017 0.064 0.115 0.019 0.026 0.381 0.011 0.026 0.026 0.017 0.09 0.056
278 K 0.049 0.137 0.037 0.036 0.008 0.083 0.065 0.037 0.02 0.024 0.039 0.281 0.014 0.014 0.023 0.047 0.035 0.005 0.016 0.029
279 K 0.049 0.141 0.037 0.036 0.008 0.047 0.061 0.037 0.019 0.024 0.039 0.32 0.014 0.014 0.024 0.047 0.035 0.005 0.015 0.029
280 V 0.05 0.02 0.016 0.018 0.013 0.015 0.022 0.023 0.014 0.13 0.099 0.025 0.024 0.102 0.09 0.029 0.035 0.009 0.079 0.188
281 N 0.057 0.039 0.242 0.066 0.01 0.034 0.092 0.055 0.024 0.022 0.031 0.051 0.011 0.017 0.021 0.129 0.051 0.004 0.015 0.028
282 L 0.05 0.025 0.072 0.027 0.013 0.018 0.026 0.031 0.013 0.115 0.188 0.029 0.028 0.094 0.015 0.069 0.04 0.007 0.027 0.112
283 L 0.091 0.021 0.017 0.018 0.014 0.015 0.021 0.104 0.01 0.152 0.244 0.026 0.032 0.037 0.015 0.033 0.033 0.006 0.017 0.094
284 K 0.048 0.084 0.034 0.034 0.008 0.042 0.057 0.036 0.018 0.029 0.048 0.307 0.015 0.077 0.022 0.044 0.034 0.006 0.025 0.032
285 L 0.045 0.02 0.014 0.015 0.015 0.013 0.018 0.02 0.009 0.144 0.259 0.022 0.035 0.1 0.013 0.024 0.034 0.007 0.028 0.166
286 I 0.043 0.019 0.017 0.018 0.012 0.014 0.018 0.098 0.011 0.181 0.122 0.023 0.058 0.154 0.013 0.027 0.031 0.008 0.035 0.097
287 L 0.046 0.021 0.018 0.019 0.014 0.015 0.022 0.023 0.009 0.189 0.204 0.027 0.031 0.036 0.091 0.033 0.075 0.005 0.017 0.105
288 Y 0.038 0.02 0.016 0.016 0.011 0.015 0.02 0.021 0.023 0.174 0.105 0.023 0.024 0.132 0.013 0.025 0.029 0.015 0.187 0.092
289 F 0.083 0.022 0.016 0.017 0.013 0.015 0.021 0.029 0.013 0.072 0.203 0.024 0.06 0.217 0.014 0.031 0.03 0.01 0.045 0.066
290 L 0.05 0.023 0.019 0.019 0.015 0.017 0.023 0.025 0.011 0.16 0.263 0.027 0.066 0.041 0.015 0.064 0.039 0.006 0.019 0.099
291 L 0.053 0.022 0.021 0.021 0.014 0.016 0.022 0.102 0.01 0.15 0.241 0.027 0.032 0.037 0.015 0.066 0.037 0.006 0.017 0.09
292 I 0.04 0.017 0.013 0.015 0.014 0.012 0.016 0.019 0.009 0.272 0.185 0.021 0.033 0.1 0.013 0.022 0.033 0.007 0.027 0.132
293 G 0.093 0.02 0.021 0.021 0.012 0.015 0.021 0.183 0.012 0.091 0.129 0.025 0.022 0.149 0.015 0.037 0.03 0.008 0.033 0.064
294 L 0.053 0.021 0.019 0.019 0.014 0.015 0.02 0.175 0.01 0.088 0.253 0.025 0.031 0.035 0.014 0.03 0.032 0.006 0.017 0.124
295 F 0.05 0.021 0.023 0.021 0.011 0.014 0.023 0.105 0.014 0.06 0.084 0.024 0.02 0.268 0.014 0.067 0.034 0.011 0.052 0.086
296 L 0.049 0.021 0.014 0.015 0.016 0.015 0.019 0.02 0.008 0.122 0.303 0.023 0.037 0.042 0.014 0.025 0.036 0.006 0.019 0.198
297 N 0.051 0.035 0.237 0.056 0.011 0.027 0.039 0.05 0.021 0.072 0.051 0.043 0.015 0.021 0.019 0.094 0.087 0.004 0.015 0.051
298 T 0.078 0.028 0.031 0.028 0.014 0.022 0.031 0.036 0.017 0.047 0.064 0.035 0.018 0.096 0.021 0.066 0.22 0.009 0.079 0.058
299 L 0.047 0.019 0.013 0.015 0.015 0.013 0.018 0.02 0.008 0.221 0.224 0.022 0.035 0.04 0.013 0.024 0.036 0.005 0.019 0.191
300 F 0.034 0.019 0.015 0.015 0.011 0.012 0.018 0.021 0.017 0.102 0.152 0.02 0.026 0.288 0.011 0.023 0.026 0.014 0.107 0.069
301 Y 0.088 0.034 0.022 0.022 0.011 0.023 0.032 0.032 0.025 0.079 0.065 0.077 0.017 0.062 0.093 0.038 0.032 0.013 0.176 0.057
302 M 0.051 0.029 0.023 0.021 0.013 0.024 0.028 0.029 0.023 0.066 0.123 0.033 0.15 0.061 0.016 0.07 0.038 0.012 0.126 0.064
303 F 0.04 0.019 0.018 0.018 0.013 0.013 0.019 0.023 0.012 0.181 0.116 0.022 0.026 0.214 0.013 0.031 0.072 0.009 0.044 0.098
304 T 0.08 0.032 0.042 0.037 0.015 0.026 0.038 0.122 0.014 0.034 0.045 0.042 0.015 0.019 0.024 0.172 0.175 0.005 0.015 0.046
305 L 0.038 0.021 0.014 0.015 0.013 0.015 0.019 0.021 0.012 0.088 0.307 0.022 0.068 0.163 0.012 0.023 0.029 0.009 0.037 0.075
306 R 0.04 0.415 0.035 0.028 0.007 0.043 0.047 0.029 0.021 0.021 0.042 0.107 0.014 0.016 0.017 0.04 0.031 0.005 0.016 0.028
307 E 0.051 0.038 0.089 0.059 0.009 0.04 0.181 0.112 0.078 0.023 0.035 0.052 0.012 0.018 0.021 0.054 0.074 0.005 0.019 0.03
308 L 0.055 0.027 0.073 0.028 0.014 0.02 0.028 0.032 0.013 0.091 0.194 0.031 0.06 0.034 0.016 0.071 0.043 0.005 0.018 0.144
309 D 0.058 0.028 0.051 0.279 0.011 0.026 0.063 0.044 0.015 0.04 0.042 0.04 0.013 0.017 0.021 0.118 0.045 0.004 0.013 0.073
310 G 0.065 0.025 0.048 0.158 0.01 0.022 0.047 0.362 0.015 0.02 0.028 0.037 0.009 0.015 0.02 0.051 0.031 0.005 0.011 0.024
311 D 0.041 0.03 0.07 0.391 0.008 0.03 0.092 0.047 0.019 0.023 0.028 0.045 0.009 0.015 0.023 0.053 0.036 0.004 0.011 0.025
312 A 0.283 0.031 0.026 0.03 0.022 0.026 0.041 0.079 0.015 0.044 0.06 0.045 0.018 0.022 0.03 0.086 0.05 0.005 0.018 0.069
313 N 0.096 0.045 0.146 0.051 0.011 0.034 0.096 0.046 0.02 0.038 0.103 0.096 0.018 0.022 0.021 0.054 0.039 0.005 0.016 0.043
314 N 0.058 0.038 0.144 0.123 0.01 0.037 0.144 0.048 0.022 0.022 0.032 0.053 0.011 0.016 0.022 0.125 0.047 0.004 0.014 0.029
315 S 0.108 0.033 0.092 0.109 0.012 0.03 0.093 0.126 0.018 0.024 0.034 0.046 0.012 0.016 0.022 0.127 0.047 0.004 0.014 0.033
316 L 0.053 0.028 0.025 0.03 0.014 0.024 0.075 0.029 0.013 0.072 0.271 0.035 0.031 0.036 0.018 0.075 0.079 0.006 0.018 0.067
317 S 0.086 0.034 0.095 0.046 0.014 0.028 0.043 0.131 0.018 0.024 0.034 0.046 0.013 0.018 0.024 0.232 0.062 0.005 0.015 0.033
318 F 0.037 0.02 0.015 0.015 0.012 0.013 0.018 0.021 0.012 0.116 0.217 0.021 0.063 0.22 0.012 0.024 0.028 0.01 0.045 0.08
319 L 0.039 0.021 0.016 0.016 0.012 0.016 0.02 0.02 0.023 0.146 0.195 0.024 0.029 0.075 0.013 0.025 0.029 0.014 0.178 0.087
320 L 0.045 0.048 0.034 0.099 0.009 0.108 0.105 0.032 0.018 0.081 0.11 0.096 0.021 0.022 0.019 0.041 0.034 0.005 0.016 0.055
