#Seq2Logo.py -f /work3/idamei/ssn-clusterings/2206011120/clusters/0007_128/sequences.afa -m 0.0001 -b 50 -o /work3/idamei/ssn-clusterings/2206011120/clusters/0007_128/sequences.logo -p 640x1000 -l 30
#Position Specific Frequency Matrix
A R N D C Q E G H I L K M F P S T W Y V
0 M 0.049 0.03 0.019 0.019 0.015 0.027 0.027 0.027 0.015 0.095 0.186 0.034 0.208 0.045 0.015 0.034 0.038 0.008 0.023 0.087
1 G 0.069 0.031 0.035 0.045 0.012 0.031 0.107 0.163 0.016 0.095 0.065 0.044 0.018 0.023 0.021 0.097 0.044 0.005 0.015 0.065
2 F 0.047 0.022 0.019 0.02 0.012 0.016 0.025 0.026 0.02 0.07 0.082 0.028 0.02 0.148 0.141 0.031 0.033 0.012 0.118 0.109
3 Y 0.038 0.026 0.021 0.018 0.009 0.021 0.026 0.023 0.044 0.041 0.065 0.029 0.018 0.123 0.015 0.029 0.026 0.026 0.356 0.044
4 L 0.052 0.02 0.014 0.016 0.016 0.014 0.019 0.021 0.008 0.203 0.208 0.024 0.036 0.041 0.014 0.026 0.039 0.006 0.02 0.202
5 L 0.122 0.027 0.024 0.024 0.017 0.021 0.029 0.039 0.012 0.101 0.175 0.034 0.051 0.034 0.02 0.055 0.101 0.006 0.019 0.087
6 F 0.033 0.02 0.017 0.016 0.01 0.013 0.02 0.024 0.023 0.055 0.097 0.021 0.022 0.347 0.011 0.025 0.025 0.019 0.152 0.05
7 F 0.035 0.022 0.018 0.017 0.009 0.015 0.022 0.024 0.03 0.05 0.086 0.024 0.021 0.272 0.012 0.027 0.025 0.021 0.22 0.048
8 A 0.146 0.029 0.031 0.03 0.08 0.023 0.036 0.052 0.013 0.065 0.067 0.038 0.019 0.023 0.023 0.132 0.057 0.005 0.017 0.115
9 L 0.048 0.022 0.019 0.019 0.014 0.015 0.022 0.026 0.012 0.137 0.226 0.025 0.034 0.138 0.014 0.053 0.037 0.009 0.036 0.094
10 L 0.073 0.03 0.032 0.03 0.016 0.023 0.034 0.041 0.014 0.068 0.225 0.037 0.031 0.036 0.021 0.143 0.054 0.006 0.019 0.065
11 L 0.043 0.02 0.014 0.016 0.015 0.014 0.018 0.02 0.009 0.211 0.285 0.023 0.041 0.047 0.014 0.023 0.035 0.006 0.02 0.129
12 V 0.067 0.025 0.025 0.024 0.018 0.019 0.028 0.03 0.01 0.116 0.1 0.031 0.026 0.029 0.019 0.052 0.138 0.005 0.018 0.219
13 L 0.057 0.027 0.023 0.022 0.016 0.019 0.027 0.031 0.012 0.089 0.318 0.031 0.039 0.044 0.017 0.083 0.043 0.006 0.02 0.078
14 L 0.127 0.027 0.024 0.024 0.018 0.02 0.029 0.04 0.011 0.089 0.163 0.033 0.028 0.032 0.021 0.055 0.104 0.006 0.018 0.133
15 I 0.049 0.019 0.014 0.016 0.016 0.014 0.019 0.021 0.008 0.222 0.213 0.023 0.037 0.042 0.014 0.025 0.038 0.006 0.02 0.184
16 L 0.041 0.019 0.014 0.016 0.014 0.013 0.018 0.021 0.011 0.198 0.209 0.022 0.035 0.139 0.013 0.024 0.033 0.008 0.036 0.119
17 S 0.091 0.034 0.044 0.042 0.015 0.028 0.046 0.055 0.017 0.027 0.038 0.048 0.014 0.018 0.152 0.208 0.067 0.004 0.015 0.037
18 L 0.043 0.021 0.014 0.015 0.015 0.015 0.018 0.02 0.009 0.16 0.348 0.023 0.044 0.049 0.014 0.023 0.033 0.006 0.021 0.11
19 K 0.06 0.061 0.027 0.028 0.013 0.033 0.044 0.032 0.014 0.091 0.082 0.172 0.022 0.024 0.021 0.041 0.042 0.005 0.018 0.171
20 Y 0.04 0.03 0.103 0.032 0.01 0.022 0.03 0.032 0.032 0.053 0.142 0.033 0.023 0.079 0.015 0.037 0.033 0.016 0.187 0.051
21 K 0.051 0.171 0.039 0.037 0.008 0.049 0.062 0.038 0.02 0.025 0.042 0.268 0.015 0.015 0.024 0.048 0.036 0.005 0.016 0.031
22 D 0.044 0.047 0.118 0.141 0.01 0.031 0.054 0.041 0.019 0.095 0.064 0.109 0.017 0.022 0.02 0.047 0.039 0.005 0.015 0.062
23 L 0.04 0.024 0.017 0.017 0.012 0.018 0.022 0.024 0.021 0.076 0.192 0.026 0.074 0.161 0.013 0.028 0.03 0.014 0.121 0.068
24 D 0.039 0.028 0.065 0.432 0.007 0.028 0.086 0.044 0.018 0.021 0.026 0.042 0.009 0.014 0.021 0.049 0.033 0.003 0.011 0.023
25 L 0.044 0.023 0.016 0.016 0.012 0.016 0.022 0.024 0.019 0.083 0.162 0.025 0.027 0.066 0.013 0.026 0.031 0.14 0.115 0.118
26 F 0.043 0.024 0.023 0.021 0.011 0.017 0.025 0.028 0.022 0.053 0.085 0.027 0.021 0.247 0.015 0.041 0.091 0.016 0.135 0.054
27 C 0.046 0.018 0.015 0.015 0.261 0.012 0.018 0.028 0.011 0.043 0.07 0.019 0.017 0.129 0.012 0.031 0.029 0.136 0.043 0.047
28 L 0.04 0.025 0.017 0.016 0.012 0.018 0.023 0.022 0.027 0.075 0.238 0.027 0.032 0.088 0.014 0.026 0.029 0.017 0.189 0.067
29 L 0.041 0.019 0.014 0.016 0.014 0.013 0.018 0.021 0.011 0.198 0.209 0.022 0.035 0.139 0.013 0.024 0.033 0.008 0.036 0.119
30 F 0.05 0.022 0.022 0.021 0.014 0.015 0.024 0.028 0.013 0.081 0.1 0.026 0.024 0.225 0.015 0.042 0.096 0.011 0.051 0.12
31 L 0.063 0.026 0.023 0.023 0.016 0.019 0.027 0.032 0.011 0.1 0.246 0.031 0.035 0.039 0.018 0.085 0.047 0.006 0.02 0.133
32 L 0.062 0.028 0.03 0.028 0.015 0.021 0.031 0.037 0.014 0.062 0.155 0.034 0.026 0.129 0.019 0.1 0.105 0.008 0.035 0.062
33 F 0.042 0.017 0.015 0.016 0.137 0.011 0.017 0.025 0.012 0.119 0.109 0.019 0.025 0.226 0.012 0.027 0.03 0.01 0.05 0.081
34 V 0.054 0.019 0.015 0.017 0.016 0.014 0.019 0.022 0.009 0.202 0.134 0.023 0.031 0.085 0.014 0.027 0.04 0.007 0.027 0.224
35 A 0.217 0.034 0.038 0.037 0.018 0.028 0.044 0.068 0.016 0.034 0.048 0.047 0.016 0.02 0.028 0.172 0.062 0.005 0.017 0.052
36 I 0.1 0.025 0.025 0.025 0.017 0.019 0.029 0.038 0.011 0.168 0.107 0.033 0.026 0.032 0.02 0.093 0.051 0.005 0.018 0.158
37 F 0.041 0.018 0.015 0.016 0.013 0.012 0.018 0.022 0.012 0.166 0.129 0.02 0.029 0.231 0.012 0.025 0.032 0.011 0.052 0.127
38 F 0.032 0.018 0.016 0.016 0.01 0.01 0.018 0.024 0.016 0.06 0.108 0.018 0.024 0.422 0.01 0.024 0.024 0.016 0.084 0.052
39 I 0.047 0.017 0.014 0.017 0.016 0.013 0.017 0.02 0.008 0.293 0.154 0.023 0.034 0.041 0.014 0.025 0.039 0.006 0.019 0.185
40 G 0.074 0.022 0.037 0.032 0.01 0.018 0.024 0.538 0.013 0.018 0.027 0.032 0.009 0.015 0.018 0.048 0.028 0.005 0.01 0.023
41 G 0.13 0.024 0.028 0.026 0.014 0.019 0.026 0.292 0.012 0.046 0.13 0.032 0.02 0.026 0.019 0.05 0.034 0.005 0.014 0.05
42 R 0.042 0.382 0.037 0.029 0.007 0.046 0.049 0.031 0.022 0.022 0.044 0.113 0.015 0.016 0.018 0.042 0.033 0.005 0.016 0.029
43 L 0.045 0.022 0.016 0.016 0.013 0.015 0.021 0.023 0.019 0.091 0.177 0.024 0.03 0.158 0.013 0.027 0.032 0.014 0.12 0.124
44 N 0.043 0.042 0.24 0.124 0.008 0.039 0.124 0.052 0.027 0.021 0.031 0.055 0.011 0.016 0.021 0.06 0.042 0.004 0.014 0.026
45 V 0.068 0.021 0.021 0.021 0.016 0.016 0.023 0.152 0.009 0.121 0.099 0.026 0.025 0.029 0.016 0.035 0.042 0.005 0.017 0.238
46 G 0.074 0.022 0.037 0.032 0.01 0.018 0.024 0.538 0.013 0.018 0.027 0.032 0.009 0.015 0.018 0.048 0.028 0.005 0.01 0.023
47 A 0.33 0.029 0.024 0.028 0.02 0.024 0.038 0.074 0.014 0.041 0.056 0.042 0.017 0.02 0.028 0.08 0.047 0.005 0.017 0.065
48 D 0.039 0.028 0.065 0.432 0.007 0.028 0.086 0.044 0.018 0.021 0.026 0.042 0.009 0.014 0.021 0.049 0.033 0.003 0.011 0.023
49 F 0.035 0.022 0.018 0.017 0.009 0.015 0.022 0.024 0.03 0.05 0.086 0.024 0.021 0.272 0.012 0.027 0.025 0.021 0.22 0.048
50 I 0.057 0.025 0.027 0.026 0.016 0.019 0.027 0.03 0.011 0.181 0.11 0.033 0.027 0.032 0.02 0.056 0.163 0.006 0.018 0.117
51 E 0.122 0.042 0.035 0.071 0.01 0.052 0.262 0.043 0.022 0.026 0.04 0.064 0.013 0.017 0.025 0.059 0.038 0.005 0.016 0.038
52 Y 0.038 0.026 0.021 0.018 0.009 0.021 0.026 0.023 0.044 0.041 0.065 0.029 0.018 0.123 0.015 0.029 0.026 0.026 0.356 0.044
53 S 0.106 0.041 0.038 0.037 0.015 0.084 0.053 0.048 0.017 0.05 0.059 0.053 0.019 0.021 0.025 0.115 0.113 0.005 0.018 0.082
54 K 0.061 0.102 0.045 0.04 0.01 0.068 0.06 0.044 0.114 0.025 0.04 0.128 0.015 0.02 0.023 0.1 0.044 0.006 0.026 0.031
55 L 0.043 0.025 0.023 0.021 0.013 0.019 0.026 0.024 0.104 0.189 0.191 0.028 0.033 0.041 0.015 0.027 0.033 0.006 0.028 0.111
56 Y 0.037 0.024 0.019 0.017 0.009 0.018 0.024 0.024 0.037 0.046 0.075 0.027 0.019 0.198 0.014 0.028 0.026 0.024 0.288 0.046
57 N 0.039 0.034 0.188 0.048 0.009 0.026 0.037 0.042 0.037 0.031 0.047 0.04 0.014 0.07 0.017 0.048 0.037 0.015 0.186 0.035
58 H 0.043 0.046 0.054 0.039 0.008 0.039 0.054 0.039 0.345 0.023 0.039 0.046 0.016 0.031 0.019 0.043 0.027 0.008 0.058 0.023
59 D 0.058 0.04 0.045 0.135 0.01 0.085 0.065 0.042 0.027 0.029 0.044 0.052 0.015 0.043 0.022 0.099 0.044 0.01 0.101 0.035
60 S 0.075 0.041 0.124 0.064 0.012 0.039 0.12 0.055 0.023 0.025 0.036 0.056 0.013 0.018 0.025 0.161 0.059 0.005 0.016 0.034
61 A 0.136 0.034 0.036 0.046 0.013 0.034 0.112 0.113 0.021 0.03 0.044 0.049 0.014 0.031 0.024 0.109 0.047 0.008 0.058 0.042
62 E 0.051 0.048 0.135 0.087 0.008 0.054 0.219 0.045 0.027 0.022 0.035 0.068 0.012 0.017 0.024 0.059 0.041 0.005 0.016 0.03
63 I 0.052 0.043 0.033 0.079 0.013 0.027 0.043 0.033 0.013 0.139 0.088 0.104 0.022 0.027 0.021 0.049 0.1 0.005 0.017 0.09
64 T 0.058 0.028 0.029 0.027 0.016 0.023 0.029 0.032 0.012 0.127 0.117 0.035 0.07 0.033 0.02 0.058 0.163 0.006 0.019 0.097
65 N 0.041 0.127 0.276 0.066 0.008 0.035 0.047 0.054 0.028 0.021 0.033 0.066 0.012 0.017 0.019 0.06 0.043 0.005 0.015 0.026
66 F 0.032 0.018 0.016 0.016 0.01 0.01 0.018 0.024 0.016 0.06 0.108 0.018 0.024 0.422 0.01 0.024 0.024 0.016 0.084 0.052
67 E 0.049 0.042 0.045 0.172 0.007 0.053 0.274 0.036 0.023 0.021 0.033 0.064 0.011 0.015 0.024 0.051 0.034 0.005 0.014 0.028
68 L 0.042 0.022 0.016 0.018 0.013 0.015 0.023 0.025 0.012 0.075 0.241 0.026 0.032 0.134 0.14 0.028 0.03 0.008 0.035 0.066
69 G 0.055 0.021 0.026 0.023 0.011 0.015 0.021 0.28 0.013 0.051 0.143 0.026 0.022 0.126 0.015 0.036 0.028 0.008 0.031 0.047
70 F 0.032 0.018 0.016 0.016 0.01 0.01 0.018 0.024 0.016 0.06 0.108 0.018 0.024 0.422 0.01 0.024 0.024 0.016 0.084 0.052
71 E 0.046 0.041 0.124 0.17 0.007 0.045 0.201 0.043 0.024 0.021 0.031 0.059 0.011 0.016 0.022 0.055 0.037 0.005 0.014 0.027
72 F 0.045 0.02 0.016 0.017 0.013 0.015 0.021 0.023 0.019 0.142 0.113 0.024 0.027 0.155 0.014 0.027 0.034 0.013 0.12 0.143
73 L 0.047 0.023 0.021 0.021 0.014 0.016 0.023 0.026 0.012 0.133 0.185 0.027 0.031 0.134 0.016 0.039 0.096 0.008 0.035 0.094
74 F 0.032 0.018 0.016 0.016 0.01 0.01 0.018 0.024 0.016 0.06 0.108 0.018 0.024 0.422 0.01 0.024 0.024 0.016 0.084 0.052
75 E 0.046 0.054 0.113 0.055 0.008 0.041 0.119 0.04 0.029 0.027 0.042 0.118 0.014 0.043 0.021 0.049 0.036 0.01 0.101 0.032
76 L 0.042 0.023 0.014 0.015 0.014 0.016 0.02 0.021 0.014 0.1 0.368 0.025 0.043 0.061 0.014 0.024 0.031 0.009 0.063 0.085
77 F 0.04 0.018 0.018 0.018 0.011 0.012 0.018 0.087 0.014 0.118 0.11 0.021 0.025 0.276 0.012 0.027 0.028 0.012 0.058 0.077
78 R 0.045 0.312 0.037 0.032 0.008 0.047 0.054 0.033 0.021 0.023 0.043 0.165 0.015 0.016 0.02 0.044 0.034 0.005 0.016 0.03
79 D 0.04 0.12 0.039 0.14 0.007 0.037 0.123 0.034 0.02 0.023 0.039 0.062 0.012 0.026 0.018 0.041 0.031 0.134 0.027 0.028
80 L 0.041 0.022 0.014 0.015 0.015 0.015 0.019 0.021 0.01 0.103 0.373 0.023 0.044 0.098 0.013 0.023 0.031 0.008 0.029 0.086
81 G 0.074 0.022 0.037 0.032 0.01 0.018 0.024 0.538 0.013 0.018 0.027 0.032 0.009 0.015 0.018 0.048 0.028 0.005 0.01 0.023
82 F 0.036 0.021 0.016 0.016 0.011 0.014 0.02 0.023 0.021 0.067 0.173 0.022 0.028 0.255 0.012 0.025 0.026 0.016 0.136 0.06
83 S 0.079 0.034 0.052 0.14 0.014 0.029 0.056 0.052 0.017 0.032 0.042 0.047 0.014 0.019 0.026 0.166 0.119 0.005 0.015 0.042
84 Y 0.037 0.024 0.019 0.017 0.009 0.018 0.024 0.024 0.037 0.046 0.075 0.027 0.019 0.198 0.014 0.028 0.026 0.024 0.288 0.046
85 N 0.05 0.032 0.187 0.051 0.011 0.025 0.037 0.045 0.02 0.056 0.054 0.041 0.015 0.02 0.144 0.051 0.043 0.004 0.015 0.098
86 F 0.057 0.036 0.039 0.046 0.01 0.035 0.114 0.039 0.112 0.033 0.055 0.046 0.016 0.121 0.02 0.095 0.04 0.008 0.043 0.036
87 A 0.192 0.026 0.019 0.022 0.019 0.02 0.029 0.048 0.011 0.086 0.161 0.033 0.027 0.032 0.021 0.054 0.043 0.006 0.018 0.133
88 S 0.104 0.038 0.051 0.046 0.017 0.031 0.049 0.063 0.018 0.028 0.04 0.051 0.015 0.02 0.028 0.264 0.077 0.005 0.017 0.04
89 L 0.042 0.023 0.013 0.014 0.015 0.015 0.019 0.02 0.01 0.109 0.411 0.024 0.047 0.052 0.013 0.023 0.032 0.007 0.021 0.091
90 C 0.06 0.022 0.024 0.024 0.139 0.016 0.025 0.034 0.012 0.111 0.092 0.028 0.022 0.126 0.017 0.088 0.043 0.008 0.033 0.078
91 F 0.041 0.02 0.017 0.017 0.012 0.014 0.02 0.023 0.02 0.13 0.112 0.023 0.026 0.204 0.013 0.026 0.031 0.015 0.128 0.111
92 F 0.032 0.018 0.016 0.016 0.01 0.01 0.018 0.024 0.016 0.06 0.108 0.018 0.024 0.422 0.01 0.024 0.024 0.016 0.084 0.052
93 L 0.05 0.023 0.015 0.016 0.016 0.018 0.021 0.022 0.01 0.142 0.251 0.026 0.081 0.044 0.014 0.028 0.038 0.006 0.021 0.154
94 L 0.049 0.021 0.014 0.016 0.016 0.015 0.019 0.021 0.009 0.171 0.276 0.024 0.04 0.045 0.014 0.025 0.037 0.006 0.02 0.165
95 T 0.062 0.036 0.12 0.046 0.015 0.027 0.04 0.046 0.017 0.043 0.053 0.045 0.017 0.021 0.024 0.082 0.229 0.005 0.016 0.057
96 L 0.054 0.023 0.022 0.022 0.016 0.017 0.024 0.028 0.01 0.193 0.195 0.029 0.033 0.039 0.017 0.061 0.072 0.006 0.019 0.119
97 L 0.049 0.022 0.02 0.019 0.013 0.015 0.02 0.15 0.011 0.08 0.277 0.025 0.034 0.089 0.014 0.029 0.03 0.007 0.026 0.069
98 F 0.034 0.019 0.015 0.016 0.011 0.011 0.018 0.023 0.014 0.072 0.184 0.019 0.03 0.329 0.011 0.024 0.026 0.014 0.068 0.062
99 F 0.034 0.019 0.015 0.016 0.011 0.011 0.018 0.023 0.014 0.072 0.184 0.019 0.03 0.329 0.011 0.024 0.026 0.014 0.068 0.062
100 V 0.054 0.029 0.03 0.026 0.014 0.023 0.032 0.03 0.105 0.109 0.126 0.033 0.026 0.033 0.018 0.045 0.099 0.006 0.028 0.132
101 Y 0.038 0.023 0.018 0.016 0.011 0.017 0.022 0.023 0.028 0.063 0.162 0.025 0.027 0.18 0.013 0.026 0.027 0.019 0.204 0.058
102 A 0.274 0.031 0.031 0.033 0.019 0.026 0.041 0.071 0.015 0.038 0.052 0.044 0.016 0.02 0.028 0.126 0.055 0.005 0.017 0.059
103 I 0.044 0.017 0.014 0.017 0.015 0.013 0.017 0.019 0.008 0.312 0.158 0.022 0.035 0.042 0.014 0.024 0.038 0.006 0.019 0.167
104 K 0.054 0.101 0.039 0.039 0.008 0.05 0.067 0.041 0.02 0.026 0.041 0.319 0.015 0.015 0.026 0.05 0.037 0.005 0.016 0.031
105 D 0.052 0.036 0.053 0.253 0.008 0.041 0.175 0.042 0.02 0.022 0.031 0.054 0.011 0.015 0.023 0.077 0.039 0.004 0.013 0.027
106 L 0.039 0.027 0.1 0.031 0.012 0.018 0.026 0.031 0.016 0.075 0.24 0.029 0.032 0.135 0.014 0.034 0.033 0.008 0.035 0.065
107 E 0.064 0.06 0.082 0.058 0.01 0.072 0.131 0.047 0.023 0.025 0.038 0.127 0.014 0.016 0.025 0.106 0.048 0.005 0.016 0.032
108 Y 0.044 0.026 0.023 0.019 0.135 0.02 0.027 0.027 0.078 0.039 0.06 0.029 0.017 0.086 0.015 0.033 0.028 0.018 0.232 0.044
109 K 0.054 0.101 0.039 0.039 0.008 0.05 0.067 0.041 0.02 0.026 0.041 0.319 0.015 0.015 0.026 0.05 0.037 0.005 0.016 0.031
110 T 0.069 0.033 0.041 0.035 0.017 0.026 0.037 0.041 0.013 0.05 0.061 0.043 0.019 0.022 0.026 0.087 0.289 0.006 0.017 0.067
111 L 0.042 0.023 0.013 0.014 0.015 0.015 0.019 0.02 0.01 0.109 0.411 0.024 0.047 0.052 0.013 0.023 0.032 0.007 0.021 0.091
112 S 0.071 0.028 0.033 0.031 0.015 0.021 0.033 0.042 0.015 0.107 0.086 0.036 0.022 0.126 0.02 0.144 0.054 0.008 0.034 0.074
113 L 0.041 0.024 0.015 0.015 0.014 0.017 0.021 0.021 0.018 0.092 0.324 0.025 0.04 0.07 0.014 0.025 0.03 0.012 0.105 0.079
114 F 0.04 0.019 0.016 0.016 0.012 0.011 0.019 0.024 0.014 0.084 0.112 0.02 0.025 0.325 0.011 0.026 0.03 0.013 0.068 0.116
115 C 0.06 0.022 0.024 0.024 0.139 0.016 0.025 0.034 0.012 0.111 0.092 0.028 0.022 0.126 0.017 0.088 0.043 0.008 0.033 0.078
116 F 0.032 0.018 0.016 0.016 0.01 0.01 0.018 0.024 0.016 0.06 0.108 0.018 0.024 0.422 0.01 0.024 0.024 0.016 0.084 0.052
117 I 0.044 0.018 0.014 0.016 0.015 0.013 0.017 0.02 0.009 0.261 0.222 0.023 0.038 0.044 0.014 0.023 0.036 0.006 0.02 0.148
118 L 0.042 0.023 0.013 0.014 0.015 0.015 0.019 0.02 0.01 0.109 0.411 0.024 0.047 0.052 0.013 0.023 0.032 0.007 0.021 0.091
119 F 0.035 0.022 0.018 0.017 0.009 0.015 0.022 0.024 0.03 0.05 0.086 0.024 0.021 0.272 0.012 0.027 0.025 0.021 0.22 0.048
120 L 0.057 0.027 0.025 0.024 0.014 0.021 0.028 0.033 0.015 0.073 0.186 0.032 0.073 0.135 0.017 0.086 0.043 0.009 0.036 0.067
121 F 0.035 0.018 0.015 0.016 0.011 0.011 0.018 0.023 0.014 0.123 0.12 0.019 0.027 0.327 0.011 0.024 0.027 0.013 0.068 0.081
122 V 0.061 0.02 0.015 0.017 0.017 0.015 0.021 0.022 0.008 0.195 0.132 0.024 0.031 0.036 0.015 0.029 0.044 0.005 0.019 0.274
123 P 0.066 0.028 0.029 0.033 0.011 0.022 0.038 0.041 0.014 0.025 0.035 0.042 0.011 0.014 0.399 0.097 0.045 0.003 0.013 0.032
124 L 0.043 0.021 0.014 0.015 0.015 0.015 0.018 0.02 0.009 0.16 0.348 0.023 0.044 0.049 0.014 0.023 0.033 0.006 0.021 0.11
125 T 0.069 0.033 0.041 0.035 0.017 0.026 0.037 0.041 0.013 0.05 0.061 0.043 0.019 0.022 0.026 0.087 0.289 0.006 0.017 0.067
126 S 0.16 0.036 0.044 0.042 0.017 0.03 0.047 0.065 0.017 0.031 0.044 0.049 0.015 0.02 0.028 0.218 0.07 0.005 0.017 0.046
127 T 0.068 0.03 0.035 0.031 0.017 0.023 0.033 0.037 0.012 0.077 0.077 0.038 0.021 0.025 0.023 0.073 0.229 0.005 0.017 0.128
128 I 0.044 0.017 0.014 0.017 0.015 0.013 0.017 0.019 0.008 0.312 0.158 0.022 0.035 0.042 0.014 0.024 0.038 0.006 0.019 0.167
129 R 0.042 0.382 0.037 0.029 0.007 0.046 0.049 0.031 0.022 0.022 0.044 0.113 0.015 0.016 0.018 0.042 0.033 0.005 0.016 0.029
130 Q 0.053 0.069 0.042 0.044 0.008 0.259 0.097 0.039 0.028 0.025 0.044 0.086 0.019 0.014 0.022 0.053 0.039 0.006 0.019 0.033
131 G 0.074 0.022 0.037 0.032 0.01 0.018 0.024 0.538 0.013 0.018 0.027 0.032 0.009 0.015 0.018 0.048 0.028 0.005 0.01 0.023
132 L 0.042 0.023 0.013 0.014 0.015 0.015 0.019 0.02 0.01 0.109 0.411 0.024 0.047 0.052 0.013 0.023 0.032 0.007 0.021 0.091
133 S 0.16 0.036 0.044 0.042 0.017 0.03 0.047 0.065 0.017 0.031 0.044 0.049 0.015 0.02 0.028 0.218 0.07 0.005 0.017 0.046
134 L 0.043 0.02 0.014 0.016 0.015 0.014 0.018 0.02 0.009 0.211 0.285 0.023 0.041 0.047 0.014 0.023 0.035 0.006 0.02 0.129
135 P 0.054 0.024 0.022 0.029 0.01 0.02 0.034 0.034 0.012 0.024 0.034 0.039 0.01 0.012 0.522 0.041 0.034 0.002 0.012 0.029
136 F 0.032 0.018 0.016 0.016 0.01 0.01 0.018 0.024 0.016 0.06 0.108 0.018 0.024 0.422 0.01 0.024 0.024 0.016 0.084 0.052
137 Y 0.039 0.025 0.019 0.018 0.011 0.019 0.024 0.024 0.03 0.059 0.106 0.028 0.067 0.178 0.014 0.029 0.029 0.019 0.205 0.057
138 L 0.117 0.022 0.016 0.019 0.017 0.016 0.023 0.033 0.01 0.184 0.194 0.028 0.033 0.038 0.017 0.038 0.039 0.006 0.019 0.131
139 L 0.043 0.023 0.014 0.015 0.015 0.016 0.02 0.021 0.01 0.133 0.351 0.025 0.065 0.05 0.014 0.024 0.033 0.007 0.021 0.1
140 A 0.263 0.026 0.022 0.025 0.144 0.021 0.032 0.063 0.012 0.041 0.057 0.036 0.016 0.02 0.025 0.07 0.044 0.005 0.015 0.062
141 I 0.041 0.018 0.014 0.016 0.014 0.012 0.017 0.021 0.01 0.224 0.177 0.021 0.034 0.138 0.013 0.024 0.033 0.008 0.036 0.129
142 L 0.048 0.026 0.1 0.032 0.014 0.019 0.026 0.031 0.014 0.149 0.18 0.03 0.03 0.036 0.015 0.036 0.041 0.005 0.019 0.148
143 N 0.04 0.038 0.272 0.063 0.009 0.029 0.042 0.052 0.033 0.026 0.038 0.045 0.012 0.044 0.018 0.057 0.042 0.01 0.1 0.03
144 V 0.091 0.024 0.022 0.022 0.015 0.019 0.027 0.034 0.019 0.136 0.098 0.031 0.024 0.055 0.018 0.064 0.043 0.011 0.103 0.143
145 D 0.041 0.119 0.118 0.138 0.01 0.03 0.05 0.039 0.02 0.043 0.128 0.058 0.02 0.025 0.018 0.045 0.036 0.005 0.016 0.042
146 N 0.057 0.126 0.2 0.058 0.01 0.035 0.048 0.054 0.025 0.023 0.036 0.067 0.013 0.018 0.021 0.109 0.051 0.005 0.016 0.03
147 L 0.058 0.026 0.026 0.026 0.013 0.019 0.03 0.035 0.014 0.055 0.148 0.033 0.024 0.126 0.143 0.088 0.042 0.008 0.033 0.053
148 K 0.047 0.157 0.041 0.036 0.008 0.046 0.058 0.037 0.113 0.024 0.04 0.199 0.015 0.019 0.022 0.046 0.033 0.006 0.026 0.028
149 K 0.057 0.081 0.033 0.034 0.011 0.042 0.056 0.036 0.017 0.058 0.061 0.245 0.018 0.019 0.023 0.046 0.04 0.005 0.017 0.101
150 Y 0.038 0.026 0.021 0.018 0.009 0.021 0.026 0.023 0.044 0.041 0.065 0.029 0.018 0.123 0.015 0.029 0.026 0.026 0.356 0.044
151 F 0.051 0.025 0.026 0.024 0.011 0.018 0.028 0.033 0.024 0.047 0.08 0.029 0.02 0.247 0.016 0.085 0.038 0.016 0.135 0.047
152 F 0.042 0.021 0.019 0.019 0.013 0.015 0.021 0.025 0.014 0.126 0.124 0.024 0.049 0.23 0.014 0.033 0.062 0.011 0.052 0.087
153 Y 0.053 0.027 0.027 0.024 0.011 0.021 0.03 0.033 0.031 0.043 0.069 0.032 0.019 0.172 0.017 0.087 0.039 0.018 0.203 0.045
154 T 0.071 0.03 0.037 0.033 0.016 0.024 0.035 0.041 0.013 0.11 0.08 0.04 0.022 0.027 0.023 0.116 0.173 0.005 0.017 0.085
155 I 0.113 0.02 0.017 0.019 0.015 0.015 0.022 0.034 0.012 0.181 0.12 0.026 0.027 0.131 0.016 0.038 0.037 0.008 0.035 0.113
156 L 0.049 0.02 0.014 0.016 0.016 0.014 0.019 0.021 0.009 0.197 0.244 0.023 0.038 0.043 0.014 0.025 0.038 0.006 0.02 0.174
157 G 0.138 0.024 0.034 0.031 0.013 0.019 0.028 0.422 0.013 0.024 0.034 0.034 0.011 0.017 0.02 0.056 0.033 0.005 0.012 0.033
158 A 0.2 0.028 0.028 0.029 0.112 0.023 0.034 0.057 0.013 0.043 0.057 0.038 0.017 0.021 0.025 0.086 0.107 0.005 0.016 0.062
159 F 0.036 0.02 0.015 0.015 0.012 0.012 0.018 0.023 0.014 0.078 0.221 0.02 0.033 0.283 0.011 0.024 0.027 0.012 0.06 0.066
160 F 0.032 0.018 0.016 0.016 0.01 0.01 0.018 0.024 0.016 0.06 0.108 0.018 0.024 0.422 0.01 0.024 0.024 0.016 0.084 0.052
161 H 0.04 0.043 0.05 0.036 0.007 0.036 0.05 0.036 0.392 0.022 0.036 0.043 0.014 0.029 0.018 0.04 0.025 0.007 0.054 0.022
162 V 0.12 0.023 0.019 0.02 0.016 0.018 0.026 0.035 0.019 0.137 0.1 0.03 0.025 0.055 0.018 0.041 0.039 0.011 0.103 0.146
163 S 0.104 0.038 0.051 0.046 0.017 0.031 0.049 0.063 0.018 0.028 0.04 0.051 0.015 0.02 0.028 0.264 0.077 0.005 0.017 0.04
164 S 0.08 0.031 0.039 0.036 0.016 0.025 0.038 0.046 0.014 0.105 0.075 0.042 0.021 0.026 0.024 0.16 0.12 0.005 0.017 0.078
165 L 0.039 0.022 0.014 0.015 0.014 0.014 0.019 0.021 0.011 0.097 0.335 0.022 0.041 0.144 0.013 0.023 0.03 0.009 0.037 0.081
166 I 0.047 0.018 0.015 0.017 0.015 0.013 0.018 0.022 0.01 0.21 0.137 0.022 0.031 0.135 0.013 0.026 0.036 0.008 0.036 0.174
167 L 0.047 0.028 0.018 0.018 0.015 0.024 0.025 0.025 0.014 0.098 0.242 0.032 0.168 0.047 0.015 0.031 0.036 0.007 0.022 0.088
168 L 0.042 0.019 0.014 0.016 0.015 0.013 0.018 0.02 0.01 0.204 0.247 0.022 0.038 0.093 0.013 0.023 0.034 0.007 0.028 0.124
169 P 0.045 0.022 0.018 0.022 0.011 0.016 0.026 0.028 0.012 0.054 0.147 0.03 0.023 0.124 0.267 0.032 0.031 0.007 0.032 0.05
170 L 0.04 0.02 0.014 0.015 0.014 0.013 0.018 0.021 0.011 0.147 0.272 0.022 0.038 0.142 0.013 0.023 0.031 0.009 0.036 0.1
171 F 0.035 0.022 0.018 0.017 0.009 0.015 0.022 0.024 0.03 0.05 0.086 0.024 0.021 0.272 0.012 0.027 0.025 0.021 0.22 0.048
172 F 0.039 0.021 0.017 0.019 0.011 0.014 0.023 0.026 0.013 0.059 0.158 0.025 0.025 0.181 0.139 0.028 0.028 0.073 0.048 0.053
173 L 0.054 0.022 0.014 0.016 0.017 0.015 0.021 0.022 0.009 0.132 0.267 0.024 0.038 0.043 0.014 0.027 0.039 0.006 0.02 0.201
174 R 0.06 0.226 0.041 0.036 0.01 0.043 0.054 0.041 0.02 0.025 0.042 0.149 0.015 0.017 0.023 0.1 0.045 0.005 0.016 0.032
175 K 0.047 0.155 0.038 0.034 0.008 0.044 0.055 0.036 0.07 0.026 0.044 0.197 0.015 0.03 0.022 0.044 0.033 0.008 0.064 0.031
176 I 0.04 0.017 0.015 0.016 0.013 0.012 0.017 0.021 0.011 0.218 0.139 0.021 0.031 0.184 0.012 0.024 0.032 0.009 0.044 0.124
177 K 0.054 0.101 0.039 0.039 0.008 0.05 0.067 0.041 0.02 0.026 0.041 0.319 0.015 0.015 0.026 0.05 0.037 0.005 0.016 0.031
178 L 0.046 0.031 0.021 0.023 0.014 0.075 0.037 0.024 0.013 0.19 0.193 0.039 0.034 0.037 0.016 0.031 0.036 0.006 0.02 0.114
179 S 0.104 0.038 0.051 0.046 0.017 0.031 0.049 0.063 0.018 0.028 0.04 0.051 0.015 0.02 0.028 0.264 0.077 0.005 0.017 0.04
180 R 0.044 0.223 0.033 0.029 0.008 0.041 0.048 0.032 0.027 0.028 0.048 0.144 0.015 0.043 0.019 0.041 0.032 0.011 0.101 0.033
181 P 0.119 0.022 0.019 0.022 0.138 0.016 0.026 0.041 0.012 0.042 0.065 0.03 0.016 0.118 0.144 0.046 0.035 0.007 0.031 0.05
182 N 0.043 0.124 0.192 0.051 0.01 0.034 0.042 0.045 0.024 0.04 0.072 0.062 0.061 0.024 0.018 0.052 0.041 0.005 0.017 0.042
183 F 0.106 0.021 0.018 0.019 0.013 0.014 0.023 0.036 0.015 0.055 0.095 0.024 0.022 0.321 0.015 0.038 0.03 0.013 0.067 0.055
184 L 0.113 0.023 0.017 0.019 0.015 0.017 0.024 0.034 0.015 0.128 0.178 0.028 0.03 0.097 0.017 0.038 0.035 0.01 0.069 0.093
185 L 0.039 0.019 0.014 0.016 0.013 0.013 0.018 0.021 0.012 0.141 0.234 0.021 0.035 0.188 0.012 0.023 0.03 0.01 0.044 0.095
186 L 0.064 0.025 0.023 0.023 0.016 0.019 0.027 0.031 0.011 0.151 0.183 0.03 0.032 0.037 0.018 0.085 0.048 0.006 0.019 0.152
187 I 0.053 0.018 0.015 0.017 0.016 0.014 0.019 0.021 0.008 0.253 0.145 0.023 0.033 0.039 0.015 0.026 0.041 0.005 0.019 0.221
188 L 0.055 0.025 0.023 0.023 0.014 0.018 0.026 0.032 0.013 0.076 0.242 0.029 0.033 0.136 0.016 0.083 0.041 0.009 0.036 0.068
189 F 0.045 0.019 0.015 0.016 0.014 0.013 0.019 0.022 0.011 0.153 0.162 0.021 0.031 0.183 0.013 0.026 0.034 0.01 0.044 0.15
190 S 0.075 0.027 0.033 0.031 0.139 0.021 0.033 0.045 0.015 0.04 0.062 0.035 0.017 0.12 0.02 0.148 0.053 0.007 0.032 0.046
191 F 0.045 0.021 0.019 0.02 0.013 0.014 0.022 0.027 0.014 0.125 0.15 0.024 0.028 0.23 0.014 0.054 0.035 0.011 0.051 0.084
192 L 0.049 0.021 0.018 0.018 0.014 0.014 0.02 0.087 0.011 0.097 0.215 0.024 0.032 0.135 0.014 0.028 0.033 0.008 0.035 0.127
193 I 0.049 0.019 0.014 0.016 0.016 0.014 0.019 0.021 0.008 0.222 0.213 0.023 0.037 0.042 0.014 0.025 0.038 0.006 0.02 0.184
194 G 0.081 0.026 0.04 0.035 0.012 0.021 0.03 0.419 0.014 0.02 0.03 0.037 0.01 0.016 0.02 0.102 0.04 0.005 0.012 0.027
195 Y 0.041 0.022 0.018 0.017 0.011 0.016 0.023 0.023 0.028 0.094 0.094 0.025 0.023 0.177 0.014 0.028 0.03 0.019 0.204 0.095
196 F 0.044 0.023 0.022 0.02 0.013 0.015 0.023 0.027 0.014 0.07 0.172 0.026 0.028 0.229 0.015 0.04 0.092 0.011 0.051 0.065
197 N 0.04 0.039 0.283 0.167 0.008 0.031 0.057 0.057 0.027 0.021 0.029 0.049 0.01 0.016 0.02 0.062 0.043 0.004 0.014 0.025
198 P 0.048 0.022 0.018 0.022 0.012 0.017 0.026 0.027 0.011 0.117 0.159 0.031 0.025 0.029 0.268 0.032 0.034 0.004 0.016 0.079
199 I 0.05 0.018 0.014 0.017 0.016 0.013 0.018 0.02 0.008 0.273 0.15 0.023 0.033 0.04 0.014 0.025 0.04 0.005 0.019 0.203
200 N 0.046 0.045 0.197 0.082 0.008 0.046 0.191 0.047 0.027 0.021 0.032 0.061 0.011 0.016 0.022 0.059 0.041 0.005 0.015 0.028
201 I 0.048 0.02 0.016 0.017 0.014 0.015 0.02 0.021 0.017 0.205 0.126 0.025 0.029 0.06 0.015 0.027 0.037 0.011 0.104 0.172
202 L 0.044 0.022 0.014 0.016 0.015 0.016 0.019 0.021 0.01 0.183 0.288 0.025 0.062 0.047 0.014 0.025 0.035 0.006 0.021 0.119
203 I 0.044 0.017 0.014 0.017 0.015 0.013 0.017 0.019 0.008 0.312 0.158 0.022 0.035 0.042 0.014 0.024 0.038 0.006 0.019 0.167
204 S 0.071 0.03 0.033 0.031 0.014 0.024 0.035 0.044 0.016 0.072 0.075 0.038 0.041 0.035 0.019 0.145 0.053 0.134 0.03 0.059
205 L 0.055 0.025 0.023 0.023 0.014 0.018 0.026 0.032 0.013 0.076 0.242 0.029 0.033 0.136 0.016 0.083 0.041 0.009 0.036 0.068
206 L 0.044 0.023 0.015 0.016 0.015 0.017 0.02 0.022 0.011 0.156 0.291 0.026 0.084 0.048 0.014 0.026 0.035 0.007 0.021 0.109
207 D 0.059 0.045 0.09 0.145 0.01 0.088 0.07 0.049 0.069 0.024 0.036 0.057 0.014 0.018 0.022 0.105 0.046 0.005 0.02 0.03
208 G 0.05 0.03 0.108 0.037 0.011 0.024 0.031 0.162 0.025 0.044 0.077 0.037 0.061 0.05 0.017 0.044 0.035 0.011 0.101 0.045
209 T 0.074 0.036 0.044 0.038 0.018 0.028 0.04 0.044 0.014 0.054 0.066 0.046 0.02 0.024 0.028 0.094 0.235 0.006 0.018 0.072
210 I 0.044 0.02 0.014 0.016 0.015 0.015 0.019 0.02 0.009 0.234 0.225 0.024 0.059 0.045 0.014 0.025 0.036 0.006 0.02 0.138
211 P 0.067 0.035 0.117 0.047 0.013 0.027 0.042 0.05 0.018 0.031 0.041 0.046 0.013 0.018 0.149 0.115 0.112 0.004 0.015 0.04
212 F 0.075 0.029 0.037 0.034 0.013 0.022 0.035 0.129 0.017 0.037 0.06 0.037 0.017 0.152 0.02 0.146 0.052 0.009 0.038 0.041
213 D 0.041 0.031 0.144 0.174 0.01 0.025 0.051 0.042 0.019 0.051 0.155 0.039 0.022 0.028 0.018 0.046 0.037 0.005 0.016 0.047
214 G 0.062 0.03 0.115 0.043 0.011 0.023 0.035 0.171 0.019 0.032 0.051 0.038 0.015 0.118 0.019 0.101 0.044 0.008 0.031 0.035
215 L 0.08 0.031 0.029 0.025 0.012 0.024 0.033 0.034 0.115 0.054 0.143 0.035 0.024 0.056 0.018 0.044 0.063 0.011 0.112 0.056
216 I 0.041 0.027 0.025 0.021 0.012 0.021 0.028 0.025 0.113 0.146 0.136 0.029 0.027 0.06 0.015 0.029 0.031 0.011 0.113 0.09
217 A 0.208 0.029 0.029 0.03 0.019 0.024 0.037 0.058 0.013 0.066 0.069 0.04 0.019 0.024 0.025 0.114 0.055 0.005 0.017 0.12
218 N 0.059 0.038 0.2 0.058 0.013 0.03 0.043 0.054 0.022 0.033 0.043 0.048 0.014 0.019 0.023 0.099 0.141 0.005 0.016 0.043
219 K 0.051 0.171 0.039 0.037 0.008 0.049 0.062 0.038 0.02 0.025 0.042 0.268 0.015 0.015 0.024 0.048 0.036 0.005 0.016 0.031
220 L 0.043 0.02 0.014 0.016 0.015 0.014 0.018 0.02 0.009 0.211 0.285 0.023 0.041 0.047 0.014 0.023 0.035 0.006 0.02 0.129
221 L 0.044 0.025 0.015 0.015 0.015 0.018 0.021 0.022 0.011 0.105 0.355 0.026 0.087 0.05 0.014 0.026 0.033 0.007 0.021 0.09
222 T 0.058 0.028 0.029 0.027 0.016 0.023 0.029 0.032 0.012 0.127 0.117 0.035 0.07 0.033 0.02 0.058 0.163 0.006 0.019 0.097
223 Y 0.038 0.026 0.021 0.018 0.009 0.021 0.026 0.023 0.044 0.041 0.065 0.029 0.018 0.123 0.015 0.029 0.026 0.026 0.356 0.044
224 S 0.095 0.037 0.049 0.043 0.017 0.03 0.046 0.057 0.017 0.034 0.045 0.049 0.016 0.02 0.028 0.22 0.13 0.005 0.017 0.046
225 T 0.065 0.042 0.041 0.038 0.015 0.084 0.052 0.04 0.017 0.044 0.057 0.054 0.019 0.02 0.025 0.079 0.227 0.006 0.017 0.059
226 R 0.041 0.294 0.044 0.13 0.007 0.041 0.059 0.034 0.021 0.022 0.04 0.096 0.013 0.016 0.019 0.044 0.033 0.005 0.015 0.028
227 Y 0.038 0.026 0.021 0.018 0.009 0.021 0.026 0.023 0.044 0.041 0.065 0.029 0.018 0.123 0.015 0.029 0.026 0.026 0.356 0.044
228 N 0.065 0.042 0.162 0.055 0.013 0.059 0.051 0.054 0.022 0.031 0.042 0.053 0.015 0.019 0.023 0.119 0.114 0.005 0.016 0.04
229 D 0.049 0.031 0.046 0.241 0.01 0.033 0.133 0.036 0.017 0.055 0.053 0.045 0.015 0.019 0.021 0.045 0.037 0.004 0.014 0.096
230 P 0.055 0.028 0.026 0.037 0.01 0.026 0.072 0.035 0.014 0.027 0.038 0.043 0.011 0.014 0.398 0.049 0.066 0.003 0.013 0.034
231 L 0.046 0.028 0.018 0.018 0.015 0.023 0.025 0.025 0.015 0.092 0.204 0.031 0.165 0.093 0.014 0.031 0.035 0.008 0.03 0.083
232 S 0.104 0.038 0.051 0.046 0.017 0.031 0.049 0.063 0.018 0.028 0.04 0.051 0.015 0.02 0.028 0.264 0.077 0.005 0.017 0.04
233 L 0.043 0.024 0.014 0.015 0.015 0.017 0.02 0.021 0.01 0.107 0.383 0.025 0.067 0.051 0.014 0.024 0.032 0.007 0.021 0.09
234 T 0.068 0.031 0.076 0.039 0.015 0.025 0.036 0.044 0.015 0.107 0.076 0.041 0.021 0.026 0.023 0.113 0.143 0.005 0.017 0.08
235 A 0.217 0.034 0.038 0.037 0.018 0.028 0.044 0.068 0.016 0.034 0.048 0.047 0.016 0.02 0.028 0.172 0.062 0.005 0.017 0.052
236 Q 0.052 0.057 0.035 0.037 0.01 0.198 0.078 0.035 0.024 0.046 0.062 0.07 0.021 0.067 0.02 0.046 0.038 0.007 0.027 0.07
237 L 0.081 0.023 0.015 0.016 0.016 0.016 0.022 0.027 0.01 0.106 0.331 0.026 0.041 0.045 0.015 0.031 0.035 0.006 0.02 0.115
238 Y 0.038 0.026 0.021 0.018 0.009 0.021 0.026 0.023 0.044 0.041 0.065 0.029 0.018 0.123 0.015 0.029 0.026 0.026 0.356 0.044
239 R 0.045 0.312 0.037 0.032 0.008 0.047 0.054 0.033 0.021 0.023 0.043 0.165 0.015 0.016 0.02 0.044 0.034 0.005 0.016 0.03
240 L 0.048 0.022 0.014 0.015 0.016 0.015 0.02 0.021 0.009 0.12 0.339 0.024 0.043 0.047 0.014 0.025 0.035 0.006 0.021 0.146
241 G 0.202 0.025 0.031 0.03 0.015 0.021 0.031 0.306 0.013 0.029 0.041 0.037 0.013 0.018 0.023 0.064 0.038 0.005 0.013 0.044
242 G 0.127 0.023 0.028 0.027 0.013 0.017 0.026 0.293 0.014 0.034 0.054 0.031 0.015 0.118 0.018 0.05 0.032 0.008 0.03 0.041
243 L 0.054 0.022 0.014 0.016 0.017 0.015 0.021 0.022 0.009 0.132 0.267 0.024 0.038 0.043 0.014 0.027 0.039 0.006 0.02 0.201
244 L 0.056 0.022 0.02 0.019 0.015 0.016 0.021 0.15 0.01 0.098 0.243 0.026 0.033 0.038 0.015 0.031 0.034 0.006 0.018 0.129
245 L 0.051 0.021 0.015 0.016 0.015 0.014 0.02 0.023 0.01 0.12 0.191 0.023 0.033 0.135 0.014 0.027 0.037 0.008 0.036 0.191
246 L 0.045 0.022 0.014 0.015 0.016 0.015 0.019 0.02 0.009 0.14 0.343 0.024 0.043 0.048 0.014 0.024 0.034 0.006 0.021 0.128
247 F 0.044 0.023 0.022 0.02 0.013 0.015 0.023 0.027 0.014 0.07 0.172 0.026 0.028 0.229 0.015 0.04 0.092 0.011 0.051 0.065
248 F 0.048 0.024 0.021 0.021 0.012 0.018 0.025 0.028 0.021 0.119 0.111 0.028 0.047 0.155 0.015 0.057 0.036 0.014 0.12 0.081
249 F 0.038 0.017 0.015 0.016 0.013 0.011 0.017 0.022 0.012 0.186 0.133 0.02 0.029 0.232 0.012 0.024 0.031 0.011 0.052 0.109
250 W 0.037 0.029 0.101 0.032 0.01 0.022 0.029 0.036 0.018 0.043 0.079 0.032 0.062 0.044 0.012 0.036 0.032 0.264 0.042 0.042
251 N 0.05 0.04 0.276 0.068 0.01 0.03 0.045 0.058 0.026 0.022 0.031 0.049 0.011 0.017 0.083 0.088 0.049 0.004 0.015 0.028
252 F 0.063 0.031 0.03 0.041 0.013 0.029 0.106 0.036 0.017 0.066 0.076 0.041 0.02 0.123 0.019 0.093 0.046 0.008 0.034 0.108
253 I 0.044 0.018 0.014 0.016 0.015 0.013 0.017 0.02 0.009 0.261 0.222 0.023 0.038 0.044 0.014 0.023 0.036 0.006 0.02 0.148
254 C 0.055 0.058 0.034 0.046 0.134 0.095 0.129 0.036 0.02 0.029 0.045 0.124 0.015 0.016 0.022 0.048 0.036 0.005 0.016 0.037
255 E 0.05 0.052 0.112 0.055 0.01 0.039 0.117 0.039 0.02 0.075 0.061 0.116 0.017 0.021 0.021 0.049 0.04 0.005 0.017 0.081
256 D 0.04 0.12 0.131 0.243 0.008 0.033 0.067 0.045 0.022 0.021 0.032 0.062 0.011 0.015 0.02 0.052 0.037 0.004 0.013 0.025
257 E 0.046 0.133 0.045 0.152 0.007 0.048 0.168 0.036 0.021 0.022 0.036 0.105 0.012 0.015 0.022 0.049 0.034 0.005 0.015 0.028
258 D 0.053 0.049 0.04 0.143 0.01 0.039 0.128 0.035 0.017 0.056 0.056 0.114 0.016 0.02 0.022 0.046 0.038 0.005 0.015 0.098
259 L 0.114 0.025 0.016 0.018 0.017 0.017 0.024 0.034 0.011 0.092 0.322 0.028 0.039 0.044 0.017 0.037 0.035 0.006 0.02 0.084
260 N 0.048 0.08 0.118 0.043 0.011 0.031 0.042 0.041 0.112 0.04 0.089 0.051 0.019 0.026 0.02 0.056 0.098 0.006 0.026 0.044
261 F 0.039 0.017 0.016 0.016 0.136 0.01 0.017 0.026 0.014 0.055 0.096 0.018 0.022 0.321 0.011 0.028 0.027 0.013 0.066 0.052
262 S 0.093 0.032 0.042 0.038 0.141 0.026 0.041 0.055 0.015 0.032 0.045 0.043 0.015 0.02 0.025 0.208 0.067 0.005 0.015 0.043
263 K 0.055 0.063 0.034 0.032 0.009 0.035 0.046 0.161 0.024 0.028 0.043 0.175 0.014 0.042 0.021 0.045 0.032 0.01 0.1 0.032
264 N 0.04 0.042 0.356 0.078 0.008 0.032 0.047 0.062 0.03 0.021 0.03 0.051 0.011 0.017 0.019 0.066 0.047 0.004 0.015 0.025
265 I 0.044 0.018 0.014 0.016 0.015 0.013 0.017 0.02 0.009 0.261 0.222 0.023 0.038 0.044 0.014 0.023 0.036 0.006 0.02 0.148
266 Y 0.038 0.026 0.021 0.018 0.009 0.021 0.026 0.023 0.044 0.041 0.065 0.029 0.018 0.123 0.015 0.029 0.026 0.026 0.356 0.044
267 L 0.041 0.021 0.015 0.016 0.014 0.015 0.019 0.021 0.014 0.145 0.267 0.023 0.037 0.104 0.013 0.024 0.031 0.01 0.07 0.099
268 C 0.047 0.02 0.016 0.017 0.138 0.015 0.019 0.025 0.012 0.127 0.128 0.023 0.071 0.132 0.014 0.03 0.033 0.008 0.034 0.09
269 V 0.066 0.027 0.029 0.027 0.017 0.021 0.03 0.034 0.011 0.139 0.098 0.034 0.025 0.03 0.021 0.079 0.139 0.005 0.018 0.149
270 F 0.037 0.019 0.016 0.016 0.012 0.011 0.019 0.023 0.014 0.078 0.148 0.02 0.028 0.327 0.011 0.025 0.028 0.013 0.068 0.089
271 L 0.047 0.021 0.014 0.015 0.14 0.014 0.018 0.023 0.009 0.092 0.323 0.023 0.039 0.043 0.014 0.027 0.032 0.006 0.019 0.081
272 L 0.04 0.021 0.014 0.015 0.014 0.014 0.018 0.021 0.011 0.122 0.304 0.022 0.04 0.143 0.013 0.023 0.03 0.009 0.037 0.091
273 T 0.06 0.03 0.035 0.031 0.015 0.022 0.032 0.037 0.014 0.053 0.073 0.037 0.02 0.122 0.022 0.072 0.223 0.008 0.034 0.063
274 L 0.04 0.02 0.014 0.015 0.014 0.013 0.018 0.021 0.011 0.147 0.272 0.022 0.038 0.142 0.013 0.023 0.031 0.009 0.036 0.1
275 L 0.049 0.021 0.014 0.016 0.016 0.015 0.019 0.021 0.009 0.171 0.276 0.024 0.04 0.045 0.014 0.025 0.037 0.006 0.02 0.165
276 F 0.033 0.019 0.016 0.016 0.011 0.011 0.018 0.023 0.015 0.066 0.146 0.019 0.027 0.375 0.01 0.024 0.025 0.015 0.076 0.057
277 K 0.054 0.101 0.039 0.039 0.008 0.05 0.067 0.041 0.02 0.026 0.041 0.319 0.015 0.015 0.026 0.05 0.037 0.005 0.016 0.031
278 D 0.039 0.028 0.065 0.432 0.007 0.028 0.086 0.044 0.018 0.021 0.026 0.042 0.009 0.014 0.021 0.049 0.033 0.003 0.011 0.023
279 N 0.04 0.042 0.356 0.078 0.008 0.032 0.047 0.062 0.03 0.021 0.03 0.051 0.011 0.017 0.019 0.066 0.047 0.004 0.015 0.025
280 G 0.11 0.025 0.037 0.033 0.012 0.02 0.029 0.42 0.014 0.022 0.032 0.035 0.011 0.016 0.02 0.079 0.037 0.005 0.012 0.03
281 V 0.066 0.021 0.016 0.017 0.018 0.016 0.022 0.023 0.008 0.155 0.123 0.025 0.03 0.034 0.016 0.031 0.047 0.005 0.019 0.31
282 L 0.041 0.022 0.014 0.015 0.015 0.015 0.019 0.021 0.01 0.103 0.373 0.023 0.044 0.098 0.013 0.023 0.031 0.008 0.029 0.086
283 I 0.056 0.022 0.021 0.021 0.016 0.017 0.023 0.026 0.009 0.208 0.125 0.028 0.029 0.035 0.017 0.041 0.103 0.005 0.019 0.178
284 N 0.04 0.042 0.356 0.078 0.008 0.032 0.047 0.062 0.03 0.021 0.03 0.051 0.011 0.017 0.019 0.066 0.047 0.004 0.015 0.025
285 R 0.042 0.382 0.037 0.029 0.007 0.046 0.049 0.031 0.022 0.022 0.044 0.113 0.015 0.016 0.018 0.042 0.033 0.005 0.016 0.029
286 L 0.043 0.021 0.014 0.015 0.015 0.015 0.018 0.02 0.009 0.16 0.348 0.023 0.044 0.049 0.014 0.023 0.033 0.006 0.021 0.11
287 S 0.149 0.034 0.039 0.037 0.017 0.028 0.042 0.058 0.016 0.042 0.065 0.046 0.04 0.023 0.026 0.167 0.091 0.005 0.017 0.055
288 F 0.033 0.02 0.017 0.016 0.01 0.013 0.02 0.024 0.023 0.055 0.097 0.021 0.022 0.347 0.011 0.025 0.025 0.019 0.152 0.05
289 S 0.16 0.036 0.044 0.042 0.017 0.03 0.047 0.065 0.017 0.031 0.044 0.049 0.015 0.02 0.028 0.218 0.07 0.005 0.017 0.046
290 T 0.069 0.033 0.041 0.035 0.017 0.026 0.037 0.041 0.013 0.05 0.061 0.043 0.019 0.022 0.026 0.087 0.289 0.006 0.017 0.067
291 N 0.04 0.042 0.356 0.078 0.008 0.032 0.047 0.062 0.03 0.021 0.03 0.051 0.011 0.017 0.019 0.066 0.047 0.004 0.015 0.025
292 I 0.05 0.018 0.014 0.017 0.016 0.013 0.018 0.02 0.008 0.273 0.15 0.023 0.033 0.04 0.014 0.025 0.04 0.005 0.019 0.203
293 S 0.095 0.037 0.049 0.043 0.017 0.03 0.046 0.057 0.017 0.034 0.045 0.049 0.016 0.02 0.028 0.22 0.13 0.005 0.017 0.046
294 L 0.04 0.02 0.014 0.015 0.014 0.013 0.018 0.021 0.011 0.147 0.272 0.022 0.038 0.142 0.013 0.023 0.031 0.009 0.036 0.1
295 L 0.048 0.022 0.014 0.015 0.016 0.015 0.02 0.021 0.009 0.12 0.339 0.024 0.043 0.047 0.014 0.025 0.035 0.006 0.021 0.146
296 Y 0.052 0.025 0.024 0.022 0.137 0.02 0.026 0.03 0.027 0.044 0.063 0.03 0.017 0.072 0.018 0.046 0.094 0.016 0.185 0.052
297 I 0.041 0.017 0.014 0.017 0.014 0.012 0.017 0.021 0.01 0.249 0.146 0.021 0.032 0.137 0.013 0.024 0.034 0.008 0.036 0.138
298 L 0.113 0.025 0.018 0.019 0.015 0.019 0.025 0.036 0.014 0.076 0.19 0.029 0.074 0.135 0.017 0.04 0.035 0.009 0.036 0.074
299 L 0.07 0.029 0.033 0.031 0.015 0.022 0.034 0.042 0.015 0.056 0.149 0.036 0.025 0.128 0.02 0.144 0.053 0.008 0.034 0.055
300 N 0.04 0.122 0.191 0.05 0.009 0.03 0.04 0.044 0.024 0.037 0.091 0.059 0.018 0.072 0.017 0.049 0.038 0.006 0.025 0.038
301 Y 0.039 0.026 0.019 0.017 0.01 0.019 0.025 0.023 0.035 0.058 0.151 0.028 0.025 0.105 0.014 0.028 0.028 0.021 0.273 0.056
302 L 0.038 0.024 0.027 0.119 0.011 0.018 0.036 0.028 0.013 0.067 0.225 0.028 0.029 0.044 0.014 0.029 0.029 0.135 0.029 0.058
303 V 0.063 0.025 0.025 0.024 0.015 0.02 0.029 0.032 0.02 0.134 0.096 0.032 0.024 0.055 0.018 0.087 0.047 0.011 0.103 0.14
304 L 0.05 0.023 0.015 0.017 0.016 0.017 0.021 0.022 0.01 0.168 0.219 0.026 0.08 0.043 0.015 0.028 0.038 0.006 0.021 0.164
305 V 0.067 0.032 0.03 0.041 0.014 0.032 0.107 0.035 0.015 0.102 0.092 0.044 0.045 0.028 0.021 0.094 0.049 0.005 0.018 0.127
306 K 0.047 0.114 0.157 0.053 0.008 0.043 0.057 0.047 0.024 0.024 0.037 0.193 0.013 0.016 0.022 0.055 0.04 0.005 0.016 0.029
307 C 0.09 0.04 0.025 0.025 0.138 0.024 0.033 0.099 0.012 0.102 0.075 0.099 0.019 0.023 0.02 0.044 0.037 0.005 0.015 0.074
308 F 0.06 0.051 0.036 0.047 0.01 0.038 0.118 0.04 0.019 0.034 0.056 0.115 0.016 0.118 0.022 0.098 0.043 0.008 0.033 0.038
309 L 0.057 0.026 0.025 0.024 0.014 0.02 0.028 0.031 0.02 0.123 0.168 0.032 0.028 0.059 0.017 0.085 0.043 0.011 0.103 0.085
310 K 0.056 0.119 0.039 0.037 0.01 0.044 0.057 0.04 0.018 0.032 0.046 0.224 0.016 0.017 0.025 0.059 0.1 0.005 0.016 0.04
311 K 0.054 0.101 0.039 0.039 0.008 0.05 0.067 0.041 0.02 0.026 0.041 0.319 0.015 0.015 0.026 0.05 0.037 0.005 0.016 0.031
312 A 0.124 0.032 0.029 0.041 0.015 0.031 0.107 0.042 0.015 0.106 0.078 0.045 0.02 0.025 0.023 0.061 0.102 0.005 0.017 0.082
313 I 0.041 0.017 0.014 0.017 0.014 0.012 0.017 0.021 0.01 0.249 0.146 0.021 0.032 0.137 0.013 0.024 0.034 0.008 0.036 0.138
314 V 0.055 0.02 0.015 0.016 0.017 0.015 0.02 0.022 0.008 0.183 0.204 0.024 0.035 0.04 0.015 0.027 0.041 0.006 0.02 0.22
315 L 0.066 0.029 0.032 0.029 0.015 0.021 0.032 0.04 0.015 0.059 0.152 0.035 0.026 0.128 0.02 0.122 0.079 0.008 0.034 0.059
316 L 0.041 0.022 0.014 0.015 0.015 0.014 0.019 0.02 0.01 0.128 0.341 0.023 0.042 0.097 0.013 0.023 0.031 0.008 0.029 0.095
317 F 0.034 0.019 0.015 0.016 0.011 0.011 0.018 0.023 0.014 0.072 0.184 0.019 0.03 0.329 0.011 0.024 0.026 0.014 0.068 0.062
318 F 0.038 0.019 0.015 0.016 0.013 0.012 0.018 0.022 0.012 0.135 0.196 0.02 0.032 0.234 0.012 0.024 0.029 0.011 0.052 0.09
319 I 0.049 0.019 0.014 0.016 0.016 0.014 0.019 0.021 0.008 0.222 0.213 0.023 0.037 0.042 0.014 0.025 0.038 0.006 0.02 0.184
320 V 0.056 0.025 0.023 0.022 0.016 0.02 0.026 0.028 0.012 0.122 0.126 0.03 0.071 0.083 0.017 0.044 0.101 0.007 0.028 0.143
