#Seq2Logo.py -f /work3/idamei/ssn-clusterings/clustering/2205110921/clusters/0023_86/sequences.afa -o /work3/idamei/ssn-clusterings/clustering/2205110921/clusters/0023_86/sequences.logo
#Position Specific Frequency Matrix
A R N D C Q E G H I L K M F P S T W Y V
0 M 0.048 0.029 0.018 0.018 0.015 0.026 0.026 0.026 0.015 0.092 0.18 0.033 0.233 0.044 0.015 0.033 0.037 0.007 0.022 0.084
1 D 0.07 0.075 0.095 0.111 0.011 0.043 0.067 0.044 0.019 0.064 0.072 0.052 0.017 0.021 0.021 0.089 0.058 0.005 0.015 0.051
2 S 0.063 0.047 0.036 0.038 0.012 0.065 0.071 0.04 0.047 0.059 0.104 0.088 0.021 0.032 0.022 0.106 0.046 0.007 0.045 0.052
3 A 0.118 0.117 0.037 0.046 0.013 0.041 0.109 0.047 0.019 0.035 0.051 0.07 0.016 0.02 0.025 0.068 0.094 0.006 0.017 0.05
4 T 0.057 0.03 0.03 0.028 0.015 0.023 0.031 0.035 0.015 0.067 0.109 0.036 0.059 0.123 0.02 0.061 0.145 0.009 0.037 0.071
5 V 0.063 0.025 0.025 0.024 0.018 0.019 0.027 0.029 0.01 0.165 0.12 0.031 0.029 0.034 0.019 0.05 0.114 0.006 0.019 0.174
6 K 0.057 0.107 0.042 0.042 0.009 0.054 0.071 0.043 0.021 0.028 0.043 0.278 0.016 0.016 0.028 0.054 0.04 0.005 0.017 0.033
7 W 0.03 0.023 0.015 0.015 0.008 0.015 0.023 0.03 0.015 0.03 0.053 0.023 0.015 0.061 0.008 0.023 0.023 0.492 0.068 0.03
8 K 0.057 0.107 0.042 0.042 0.009 0.054 0.071 0.043 0.021 0.028 0.043 0.278 0.016 0.016 0.028 0.054 0.04 0.005 0.017 0.033
9 L 0.045 0.024 0.014 0.015 0.016 0.016 0.02 0.021 0.01 0.115 0.375 0.025 0.05 0.055 0.014 0.024 0.033 0.007 0.022 0.096
10 W 0.03 0.023 0.015 0.015 0.008 0.015 0.023 0.03 0.015 0.03 0.053 0.023 0.015 0.061 0.008 0.023 0.023 0.492 0.068 0.03
11 I 0.05 0.031 0.051 0.027 0.014 0.021 0.028 0.03 0.016 0.171 0.162 0.055 0.03 0.044 0.017 0.052 0.04 0.007 0.049 0.105
12 S 0.091 0.043 0.111 0.051 0.012 0.049 0.07 0.126 0.021 0.025 0.037 0.071 0.013 0.017 0.024 0.134 0.052 0.005 0.015 0.034
13 N 0.076 0.055 0.132 0.047 0.013 0.028 0.057 0.047 0.019 0.058 0.076 0.047 0.018 0.047 0.021 0.106 0.064 0.005 0.02 0.064
14 G 0.062 0.047 0.032 0.029 0.011 0.034 0.03 0.305 0.014 0.049 0.071 0.038 0.016 0.069 0.017 0.057 0.048 0.006 0.021 0.042
15 K 0.049 0.086 0.088 0.04 0.009 0.064 0.055 0.066 0.02 0.036 0.086 0.189 0.028 0.02 0.021 0.047 0.037 0.005 0.016 0.038
16 L 0.042 0.023 0.015 0.017 0.014 0.028 0.022 0.021 0.01 0.141 0.32 0.026 0.039 0.064 0.04 0.025 0.032 0.006 0.023 0.095
17 Y 0.044 0.098 0.03 0.027 0.009 0.055 0.043 0.03 0.048 0.034 0.054 0.095 0.017 0.079 0.018 0.041 0.058 0.014 0.166 0.039
18 I 0.043 0.017 0.014 0.016 0.014 0.012 0.017 0.019 0.009 0.287 0.16 0.021 0.033 0.08 0.013 0.023 0.035 0.006 0.025 0.155
19 K 0.064 0.166 0.037 0.037 0.008 0.059 0.075 0.038 0.02 0.025 0.041 0.242 0.014 0.015 0.023 0.048 0.035 0.005 0.016 0.031
20 K 0.048 0.116 0.073 0.061 0.008 0.045 0.061 0.04 0.04 0.024 0.038 0.26 0.013 0.015 0.023 0.049 0.036 0.005 0.017 0.028
21 R 0.042 0.336 0.035 0.029 0.008 0.043 0.048 0.031 0.04 0.026 0.061 0.125 0.016 0.018 0.018 0.04 0.032 0.005 0.018 0.031
22 T 0.069 0.035 0.109 0.045 0.014 0.027 0.041 0.048 0.017 0.036 0.047 0.045 0.015 0.019 0.05 0.129 0.186 0.005 0.016 0.048
23 L 0.059 0.029 0.021 0.022 0.012 0.068 0.034 0.054 0.015 0.083 0.171 0.035 0.028 0.155 0.015 0.033 0.032 0.009 0.037 0.089
24 P 0.118 0.029 0.027 0.032 0.012 0.036 0.053 0.069 0.015 0.034 0.044 0.042 0.013 0.021 0.255 0.073 0.04 0.005 0.032 0.052
25 E 0.052 0.045 0.036 0.068 0.007 0.087 0.269 0.084 0.024 0.021 0.036 0.065 0.013 0.02 0.022 0.049 0.033 0.006 0.033 0.029
26 W 0.034 0.021 0.015 0.015 0.009 0.014 0.02 0.052 0.014 0.058 0.098 0.022 0.019 0.073 0.009 0.023 0.024 0.353 0.068 0.057
27 L 0.071 0.023 0.014 0.016 0.015 0.016 0.021 0.025 0.011 0.093 0.348 0.025 0.05 0.086 0.014 0.028 0.032 0.007 0.026 0.081
28 T 0.103 0.027 0.026 0.026 0.016 0.021 0.029 0.037 0.012 0.121 0.113 0.034 0.045 0.03 0.021 0.068 0.137 0.005 0.018 0.112
29 L 0.059 0.022 0.017 0.017 0.04 0.016 0.021 0.026 0.012 0.082 0.249 0.025 0.053 0.122 0.014 0.041 0.033 0.035 0.034 0.084
30 F 0.041 0.019 0.016 0.016 0.012 0.013 0.019 0.048 0.013 0.094 0.184 0.021 0.029 0.225 0.012 0.025 0.029 0.011 0.065 0.106
31 I 0.051 0.018 0.014 0.016 0.016 0.013 0.018 0.02 0.008 0.25 0.153 0.022 0.032 0.038 0.014 0.026 0.039 0.005 0.019 0.226
32 F 0.056 0.021 0.016 0.017 0.013 0.014 0.02 0.025 0.012 0.093 0.189 0.023 0.04 0.221 0.013 0.03 0.044 0.01 0.047 0.096
33 L 0.043 0.019 0.014 0.015 0.014 0.014 0.018 0.021 0.01 0.168 0.233 0.022 0.044 0.119 0.013 0.024 0.033 0.008 0.031 0.136
34 L 0.044 0.025 0.019 0.019 0.013 0.019 0.023 0.026 0.013 0.077 0.186 0.028 0.108 0.137 0.014 0.035 0.071 0.034 0.037 0.071
35 P 0.054 0.026 0.023 0.03 0.01 0.032 0.036 0.034 0.013 0.024 0.034 0.04 0.01 0.012 0.491 0.052 0.035 0.003 0.012 0.029
36 F 0.049 0.019 0.017 0.017 0.011 0.012 0.019 0.026 0.015 0.06 0.118 0.02 0.034 0.366 0.012 0.029 0.039 0.014 0.069 0.055
37 L 0.096 0.024 0.023 0.023 0.039 0.018 0.026 0.06 0.012 0.099 0.164 0.03 0.026 0.09 0.018 0.067 0.077 0.007 0.026 0.076
38 L 0.04 0.022 0.016 0.016 0.037 0.026 0.022 0.022 0.012 0.104 0.217 0.024 0.041 0.195 0.012 0.025 0.03 0.01 0.043 0.087
39 G 0.167 0.026 0.031 0.03 0.014 0.021 0.032 0.224 0.014 0.033 0.061 0.037 0.015 0.039 0.047 0.101 0.042 0.005 0.017 0.043
40 F 0.058 0.022 0.021 0.02 0.013 0.016 0.023 0.053 0.013 0.066 0.171 0.026 0.037 0.21 0.015 0.039 0.083 0.01 0.045 0.062
41 L 0.039 0.021 0.015 0.015 0.014 0.014 0.019 0.021 0.011 0.091 0.337 0.022 0.038 0.142 0.013 0.025 0.042 0.009 0.034 0.077
42 L 0.052 0.031 0.059 0.029 0.014 0.023 0.03 0.032 0.014 0.106 0.137 0.048 0.075 0.052 0.018 0.058 0.105 0.006 0.021 0.09
43 D 0.044 0.039 0.047 0.234 0.007 0.065 0.201 0.036 0.021 0.024 0.038 0.056 0.022 0.016 0.021 0.048 0.033 0.004 0.014 0.029
44 L 0.042 0.021 0.015 0.015 0.014 0.015 0.019 0.021 0.011 0.14 0.235 0.023 0.064 0.139 0.013 0.025 0.032 0.008 0.034 0.116
45 L 0.06 0.022 0.016 0.016 0.015 0.015 0.021 0.024 0.01 0.109 0.322 0.024 0.038 0.082 0.014 0.038 0.034 0.007 0.025 0.107
46 G 0.059 0.068 0.034 0.03 0.009 0.026 0.035 0.258 0.054 0.025 0.04 0.071 0.022 0.022 0.093 0.055 0.031 0.006 0.034 0.029
47 L 0.058 0.021 0.016 0.017 0.014 0.014 0.019 0.073 0.01 0.111 0.288 0.024 0.035 0.099 0.014 0.028 0.031 0.007 0.027 0.093
48 P 0.051 0.024 0.021 0.027 0.01 0.019 0.032 0.032 0.012 0.03 0.059 0.037 0.022 0.015 0.49 0.039 0.033 0.003 0.013 0.034
49 G 0.085 0.03 0.072 0.058 0.012 0.025 0.039 0.172 0.019 0.026 0.038 0.04 0.013 0.029 0.021 0.142 0.061 0.032 0.051 0.034
50 L 0.094 0.023 0.021 0.022 0.014 0.016 0.025 0.059 0.013 0.102 0.154 0.028 0.026 0.15 0.016 0.07 0.038 0.008 0.035 0.085
51 V 0.053 0.019 0.015 0.017 0.016 0.014 0.02 0.022 0.008 0.199 0.156 0.023 0.031 0.056 0.014 0.029 0.052 0.006 0.022 0.228
52 K 0.048 0.182 0.038 0.055 0.008 0.046 0.06 0.037 0.019 0.024 0.039 0.263 0.014 0.015 0.023 0.046 0.035 0.005 0.015 0.029
53 Y 0.036 0.024 0.019 0.017 0.009 0.018 0.024 0.023 0.037 0.043 0.07 0.026 0.018 0.181 0.013 0.027 0.025 0.023 0.324 0.044
54 L 0.059 0.025 0.024 0.023 0.016 0.019 0.026 0.029 0.01 0.128 0.16 0.03 0.028 0.032 0.018 0.058 0.133 0.005 0.018 0.159
55 L 0.065 0.021 0.016 0.017 0.04 0.016 0.021 0.025 0.009 0.174 0.185 0.025 0.051 0.037 0.015 0.032 0.051 0.006 0.019 0.175
56 D 0.037 0.027 0.063 0.453 0.007 0.027 0.083 0.042 0.017 0.02 0.025 0.041 0.008 0.014 0.02 0.047 0.032 0.003 0.01 0.022
57 L 0.062 0.02 0.016 0.016 0.015 0.014 0.02 0.049 0.01 0.123 0.216 0.023 0.032 0.116 0.014 0.028 0.034 0.007 0.03 0.154
58 A 0.171 0.025 0.022 0.023 0.041 0.02 0.029 0.07 0.012 0.088 0.117 0.033 0.043 0.048 0.02 0.073 0.042 0.006 0.02 0.097
59 W 0.035 0.021 0.014 0.014 0.035 0.014 0.019 0.024 0.013 0.084 0.188 0.022 0.026 0.053 0.01 0.022 0.026 0.261 0.057 0.062
60 V 0.068 0.02 0.015 0.016 0.041 0.015 0.02 0.024 0.009 0.173 0.153 0.024 0.04 0.055 0.015 0.03 0.039 0.006 0.021 0.219
61 L 0.096 0.022 0.019 0.019 0.016 0.016 0.023 0.08 0.01 0.106 0.203 0.027 0.03 0.054 0.016 0.037 0.05 0.006 0.021 0.149
62 L 0.059 0.02 0.016 0.016 0.063 0.014 0.019 0.074 0.01 0.105 0.283 0.023 0.034 0.079 0.014 0.029 0.031 0.007 0.024 0.08
63 L 0.072 0.021 0.015 0.016 0.039 0.015 0.02 0.025 0.01 0.137 0.267 0.024 0.045 0.08 0.014 0.029 0.033 0.007 0.025 0.105
64 V 0.094 0.021 0.018 0.019 0.015 0.015 0.023 0.055 0.011 0.103 0.145 0.025 0.027 0.13 0.016 0.037 0.049 0.008 0.033 0.157
65 L 0.061 0.026 0.018 0.02 0.014 0.029 0.026 0.026 0.013 0.165 0.186 0.042 0.031 0.079 0.015 0.042 0.036 0.007 0.042 0.121
66 L 0.061 0.025 0.018 0.021 0.014 0.031 0.041 0.026 0.012 0.134 0.263 0.03 0.044 0.059 0.015 0.041 0.035 0.006 0.022 0.102
67 L 0.06 0.021 0.018 0.019 0.013 0.015 0.021 0.076 0.012 0.133 0.188 0.025 0.049 0.134 0.014 0.041 0.033 0.008 0.033 0.086
68 L 0.097 0.045 0.023 0.022 0.064 0.021 0.028 0.035 0.012 0.083 0.14 0.048 0.034 0.069 0.018 0.06 0.065 0.006 0.023 0.104
69 N 0.047 0.065 0.228 0.069 0.009 0.04 0.056 0.057 0.028 0.024 0.035 0.13 0.013 0.017 0.022 0.064 0.046 0.005 0.016 0.029
70 L 0.05 0.049 0.029 0.031 0.012 0.117 0.061 0.031 0.02 0.071 0.213 0.058 0.035 0.035 0.019 0.04 0.037 0.006 0.021 0.065
71 I 0.078 0.029 0.034 0.033 0.017 0.023 0.035 0.043 0.014 0.152 0.104 0.039 0.026 0.032 0.022 0.124 0.061 0.006 0.019 0.109
72 K 0.051 0.142 0.05 0.034 0.009 0.048 0.049 0.061 0.02 0.045 0.067 0.158 0.017 0.043 0.02 0.066 0.037 0.006 0.036 0.04
73 S 0.109 0.04 0.054 0.049 0.017 0.033 0.052 0.066 0.019 0.03 0.042 0.054 0.016 0.021 0.03 0.224 0.082 0.005 0.017 0.042
74 I 0.078 0.029 0.034 0.033 0.017 0.023 0.035 0.043 0.014 0.152 0.104 0.039 0.026 0.032 0.022 0.124 0.061 0.006 0.019 0.109
75 S 0.109 0.04 0.054 0.049 0.017 0.033 0.052 0.066 0.019 0.03 0.042 0.054 0.016 0.021 0.03 0.224 0.082 0.005 0.017 0.042
76 Q 0.056 0.073 0.044 0.047 0.009 0.219 0.102 0.041 0.029 0.026 0.047 0.091 0.02 0.015 0.023 0.056 0.041 0.006 0.02 0.035
77 S 0.11 0.04 0.054 0.049 0.018 0.033 0.052 0.066 0.019 0.03 0.042 0.054 0.016 0.021 0.03 0.22 0.082 0.005 0.018 0.042
78 K 0.057 0.107 0.042 0.042 0.009 0.054 0.071 0.043 0.021 0.028 0.043 0.278 0.016 0.016 0.028 0.054 0.04 0.005 0.017 0.033
79 K 0.069 0.168 0.037 0.035 0.009 0.053 0.054 0.089 0.019 0.024 0.04 0.193 0.014 0.015 0.022 0.071 0.038 0.005 0.015 0.031
80 K 0.054 0.124 0.039 0.054 0.01 0.048 0.052 0.038 0.056 0.031 0.062 0.142 0.016 0.039 0.021 0.082 0.065 0.006 0.022 0.037
81 L 0.068 0.03 0.023 0.023 0.014 0.02 0.028 0.03 0.013 0.127 0.173 0.058 0.028 0.057 0.017 0.06 0.066 0.007 0.038 0.119
82 L 0.074 0.085 0.023 0.023 0.012 0.024 0.032 0.031 0.014 0.108 0.125 0.081 0.043 0.105 0.017 0.047 0.035 0.007 0.029 0.084
83 L 0.059 0.021 0.021 0.058 0.014 0.016 0.027 0.027 0.011 0.148 0.181 0.026 0.038 0.091 0.039 0.041 0.035 0.007 0.026 0.113
84 D 0.065 0.096 0.073 0.136 0.009 0.046 0.072 0.043 0.019 0.025 0.038 0.109 0.013 0.035 0.045 0.082 0.04 0.005 0.017 0.031
85 R 0.061 0.241 0.067 0.036 0.008 0.042 0.052 0.039 0.02 0.023 0.04 0.173 0.014 0.016 0.021 0.058 0.037 0.005 0.016 0.03
86 D 0.041 0.03 0.069 0.396 0.008 0.03 0.092 0.047 0.019 0.022 0.028 0.045 0.009 0.015 0.022 0.052 0.035 0.004 0.011 0.024
87 L 0.052 0.032 0.02 0.02 0.016 0.028 0.028 0.028 0.016 0.101 0.197 0.036 0.158 0.048 0.016 0.036 0.04 0.008 0.024 0.093
88 G 0.055 0.095 0.071 0.078 0.009 0.056 0.065 0.134 0.038 0.024 0.037 0.096 0.013 0.021 0.02 0.071 0.049 0.006 0.033 0.03
89 V 0.071 0.029 0.026 0.024 0.015 0.022 0.03 0.032 0.03 0.115 0.116 0.046 0.053 0.05 0.018 0.066 0.092 0.006 0.022 0.137
90 L 0.076 0.048 0.021 0.021 0.014 0.023 0.028 0.029 0.012 0.105 0.211 0.061 0.069 0.036 0.017 0.039 0.061 0.006 0.019 0.104
91 P 0.05 0.03 0.022 0.027 0.01 0.021 0.033 0.032 0.012 0.047 0.077 0.063 0.015 0.019 0.375 0.039 0.045 0.028 0.016 0.041
92 L 0.055 0.021 0.016 0.017 0.014 0.014 0.02 0.024 0.011 0.128 0.258 0.023 0.034 0.153 0.013 0.037 0.032 0.008 0.036 0.087
93 L 0.05 0.02 0.017 0.018 0.038 0.014 0.02 0.024 0.01 0.135 0.169 0.023 0.029 0.129 0.014 0.04 0.049 0.008 0.032 0.16
94 L 0.055 0.023 0.019 0.02 0.039 0.028 0.025 0.026 0.01 0.152 0.181 0.028 0.03 0.054 0.016 0.054 0.053 0.006 0.021 0.161
95 L 0.039 0.02 0.015 0.015 0.012 0.014 0.019 0.046 0.013 0.109 0.216 0.022 0.03 0.122 0.012 0.024 0.028 0.106 0.054 0.086
96 V 0.084 0.021 0.018 0.02 0.039 0.016 0.023 0.029 0.009 0.166 0.108 0.027 0.026 0.049 0.04 0.047 0.054 0.005 0.02 0.198
97 V 0.114 0.022 0.023 0.032 0.062 0.017 0.026 0.119 0.01 0.118 0.098 0.029 0.022 0.027 0.018 0.055 0.052 0.005 0.016 0.135
98 V 0.079 0.02 0.017 0.018 0.039 0.015 0.021 0.051 0.01 0.142 0.165 0.025 0.029 0.071 0.015 0.034 0.05 0.006 0.023 0.169
99 F 0.032 0.018 0.015 0.015 0.01 0.011 0.018 0.023 0.016 0.07 0.116 0.018 0.024 0.376 0.01 0.023 0.024 0.039 0.088 0.055
100 F 0.036 0.02 0.015 0.015 0.012 0.013 0.019 0.022 0.013 0.075 0.234 0.021 0.031 0.246 0.012 0.025 0.039 0.035 0.052 0.065
101 L 0.063 0.022 0.018 0.018 0.015 0.016 0.021 0.049 0.01 0.138 0.254 0.026 0.034 0.058 0.015 0.042 0.049 0.006 0.021 0.126
102 Y 0.039 0.023 0.018 0.017 0.034 0.017 0.023 0.023 0.029 0.078 0.124 0.026 0.023 0.123 0.014 0.029 0.04 0.018 0.239 0.061
103 T 0.078 0.03 0.034 0.033 0.039 0.025 0.048 0.038 0.012 0.057 0.079 0.039 0.019 0.023 0.023 0.082 0.231 0.005 0.016 0.087
104 L 0.07 0.022 0.017 0.018 0.014 0.015 0.022 0.028 0.012 0.08 0.275 0.025 0.034 0.152 0.014 0.042 0.045 0.009 0.036 0.071
105 I 0.08 0.02 0.016 0.018 0.016 0.015 0.021 0.027 0.009 0.203 0.151 0.025 0.03 0.054 0.015 0.042 0.04 0.006 0.021 0.191
106 V 0.067 0.024 0.028 0.044 0.015 0.019 0.029 0.151 0.011 0.087 0.096 0.031 0.031 0.026 0.018 0.073 0.055 0.005 0.016 0.176
107 Y 0.037 0.027 0.02 0.018 0.008 0.032 0.028 0.023 0.04 0.04 0.063 0.03 0.017 0.128 0.014 0.029 0.026 0.024 0.352 0.042
108 L 0.071 0.021 0.014 0.016 0.039 0.015 0.02 0.025 0.01 0.127 0.303 0.024 0.046 0.061 0.014 0.029 0.033 0.006 0.022 0.103
109 F 0.038 0.019 0.016 0.016 0.035 0.012 0.018 0.024 0.013 0.08 0.13 0.02 0.025 0.297 0.011 0.027 0.04 0.036 0.06 0.084
110 N 0.041 0.045 0.274 0.063 0.008 0.055 0.05 0.052 0.08 0.022 0.032 0.064 0.012 0.018 0.019 0.059 0.053 0.005 0.02 0.027
111 F 0.034 0.021 0.018 0.016 0.009 0.015 0.021 0.023 0.029 0.048 0.083 0.023 0.02 0.282 0.012 0.026 0.024 0.02 0.231 0.046
112 Q 0.05 0.063 0.039 0.043 0.008 0.266 0.102 0.036 0.026 0.038 0.047 0.079 0.019 0.015 0.021 0.049 0.037 0.005 0.018 0.038
113 S 0.098 0.036 0.049 0.044 0.016 0.03 0.047 0.059 0.017 0.028 0.039 0.049 0.014 0.019 0.027 0.284 0.085 0.005 0.016 0.039
114 P 0.053 0.02 0.017 0.02 0.014 0.015 0.023 0.049 0.009 0.153 0.11 0.028 0.024 0.028 0.182 0.031 0.037 0.004 0.016 0.165
115 F 0.051 0.019 0.016 0.016 0.012 0.012 0.019 0.049 0.013 0.081 0.173 0.021 0.027 0.261 0.012 0.026 0.027 0.035 0.054 0.075
116 Y 0.036 0.025 0.02 0.017 0.008 0.019 0.025 0.023 0.041 0.04 0.064 0.028 0.017 0.133 0.014 0.028 0.025 0.025 0.369 0.043
117 Y 0.034 0.022 0.018 0.016 0.009 0.016 0.022 0.023 0.032 0.046 0.077 0.024 0.019 0.237 0.012 0.026 0.024 0.022 0.273 0.045
118 L 0.056 0.021 0.013 0.015 0.015 0.015 0.019 0.022 0.009 0.146 0.352 0.023 0.041 0.046 0.014 0.025 0.033 0.006 0.02 0.111
119 W 0.028 0.021 0.03 0.017 0.007 0.015 0.022 0.029 0.014 0.027 0.047 0.022 0.014 0.053 0.007 0.022 0.022 0.516 0.06 0.027
120 G 0.071 0.021 0.035 0.03 0.01 0.017 0.023 0.557 0.012 0.017 0.026 0.03 0.009 0.015 0.017 0.046 0.027 0.005 0.01 0.022
121 V 0.054 0.021 0.017 0.017 0.015 0.015 0.021 0.047 0.01 0.134 0.146 0.024 0.048 0.091 0.014 0.031 0.05 0.007 0.027 0.21
122 R 0.04 0.407 0.035 0.028 0.007 0.044 0.047 0.03 0.021 0.021 0.042 0.109 0.014 0.016 0.018 0.04 0.032 0.005 0.016 0.028
123 N 0.039 0.041 0.382 0.075 0.008 0.03 0.045 0.059 0.029 0.02 0.029 0.049 0.01 0.016 0.018 0.063 0.045 0.004 0.014 0.024
124 N 0.041 0.039 0.334 0.069 0.009 0.029 0.043 0.055 0.026 0.027 0.05 0.047 0.012 0.018 0.019 0.063 0.069 0.004 0.015 0.031
125 F 0.032 0.018 0.015 0.015 0.011 0.01 0.017 0.022 0.014 0.077 0.151 0.018 0.026 0.373 0.01 0.023 0.025 0.014 0.069 0.06
126 R 0.04 0.407 0.035 0.028 0.007 0.044 0.047 0.03 0.021 0.021 0.042 0.109 0.014 0.016 0.018 0.04 0.032 0.005 0.016 0.028
127 F 0.032 0.018 0.016 0.015 0.01 0.011 0.018 0.023 0.016 0.058 0.105 0.018 0.033 0.412 0.01 0.024 0.024 0.015 0.091 0.051
128 Y 0.036 0.023 0.018 0.017 0.009 0.017 0.023 0.022 0.035 0.057 0.075 0.025 0.019 0.189 0.013 0.027 0.025 0.022 0.297 0.049
129 V 0.099 0.022 0.019 0.021 0.016 0.017 0.025 0.032 0.01 0.143 0.121 0.028 0.036 0.05 0.041 0.059 0.043 0.006 0.021 0.191
130 A 0.298 0.026 0.022 0.025 0.018 0.021 0.033 0.062 0.014 0.042 0.063 0.036 0.017 0.097 0.024 0.067 0.041 0.007 0.028 0.06
131 F 0.031 0.017 0.015 0.015 0.01 0.01 0.017 0.023 0.015 0.06 0.118 0.017 0.024 0.427 0.01 0.023 0.023 0.015 0.078 0.051
132 F 0.052 0.02 0.015 0.016 0.012 0.014 0.019 0.024 0.013 0.1 0.177 0.022 0.057 0.244 0.012 0.027 0.029 0.011 0.05 0.085
133 A 0.236 0.026 0.023 0.025 0.018 0.021 0.032 0.054 0.012 0.094 0.095 0.036 0.031 0.026 0.023 0.08 0.045 0.005 0.017 0.101
134 F 0.05 0.017 0.015 0.016 0.082 0.011 0.018 0.026 0.014 0.067 0.097 0.019 0.022 0.349 0.011 0.027 0.026 0.013 0.065 0.056
135 A 0.189 0.023 0.019 0.022 0.041 0.018 0.027 0.044 0.011 0.159 0.096 0.031 0.023 0.028 0.02 0.051 0.054 0.005 0.017 0.122
136 L 0.084 0.025 0.022 0.022 0.039 0.019 0.027 0.033 0.013 0.1 0.168 0.03 0.046 0.038 0.017 0.073 0.066 0.031 0.037 0.11
137 F 0.035 0.019 0.015 0.015 0.034 0.012 0.018 0.023 0.015 0.066 0.163 0.019 0.036 0.321 0.011 0.024 0.025 0.013 0.077 0.058
138 L 0.069 0.023 0.016 0.017 0.013 0.027 0.023 0.026 0.012 0.105 0.211 0.026 0.04 0.168 0.014 0.03 0.032 0.009 0.039 0.1
139 D 0.047 0.078 0.074 0.141 0.032 0.049 0.114 0.039 0.037 0.026 0.038 0.095 0.013 0.016 0.021 0.053 0.073 0.005 0.016 0.032
140 E 0.052 0.045 0.035 0.058 0.008 0.056 0.218 0.058 0.021 0.025 0.039 0.083 0.013 0.024 0.022 0.06 0.06 0.055 0.036 0.033
141 D 0.044 0.073 0.049 0.24 0.007 0.051 0.166 0.037 0.02 0.022 0.032 0.071 0.011 0.015 0.021 0.049 0.046 0.004 0.013 0.027
142 D 0.046 0.03 0.051 0.285 0.009 0.029 0.093 0.039 0.036 0.031 0.068 0.042 0.014 0.023 0.02 0.068 0.048 0.005 0.031 0.033
143 A 0.191 0.023 0.018 0.021 0.018 0.018 0.027 0.043 0.01 0.151 0.098 0.031 0.024 0.029 0.02 0.049 0.043 0.005 0.017 0.164
144 E 0.063 0.05 0.053 0.09 0.009 0.042 0.164 0.061 0.037 0.031 0.072 0.119 0.015 0.019 0.022 0.049 0.047 0.005 0.017 0.036
145 G 0.054 0.047 0.083 0.095 0.011 0.037 0.056 0.11 0.017 0.041 0.083 0.042 0.017 0.078 0.018 0.078 0.051 0.006 0.023 0.052
146 F 0.054 0.021 0.033 0.019 0.106 0.015 0.021 0.027 0.02 0.076 0.11 0.024 0.021 0.149 0.013 0.031 0.029 0.037 0.132 0.06
147 L 0.037 0.02 0.014 0.015 0.013 0.013 0.018 0.021 0.012 0.117 0.249 0.021 0.043 0.21 0.012 0.023 0.028 0.01 0.045 0.082
148 K 0.05 0.098 0.084 0.044 0.008 0.045 0.072 0.065 0.02 0.024 0.037 0.268 0.013 0.014 0.023 0.05 0.036 0.005 0.015 0.028
149 L 0.055 0.02 0.014 0.016 0.014 0.013 0.019 0.023 0.011 0.134 0.215 0.022 0.032 0.152 0.013 0.026 0.032 0.033 0.038 0.121
150 L 0.038 0.02 0.014 0.015 0.013 0.013 0.018 0.021 0.012 0.108 0.247 0.021 0.043 0.209 0.012 0.023 0.029 0.01 0.045 0.09
151 D 0.037 0.027 0.061 0.435 0.007 0.027 0.08 0.041 0.018 0.021 0.027 0.04 0.009 0.018 0.02 0.046 0.032 0.004 0.027 0.023
152 V 0.066 0.034 0.022 0.022 0.013 0.021 0.029 0.1 0.013 0.109 0.1 0.083 0.022 0.07 0.016 0.035 0.035 0.031 0.041 0.137
153 L 0.042 0.021 0.013 0.015 0.015 0.014 0.018 0.02 0.009 0.147 0.342 0.023 0.05 0.065 0.013 0.023 0.032 0.007 0.023 0.11
154 F 0.031 0.018 0.015 0.015 0.01 0.01 0.018 0.023 0.016 0.059 0.117 0.018 0.024 0.412 0.01 0.023 0.023 0.015 0.091 0.051
155 W 0.03 0.021 0.014 0.014 0.008 0.014 0.021 0.027 0.015 0.037 0.069 0.021 0.016 0.056 0.008 0.021 0.022 0.469 0.072 0.045
156 I 0.049 0.018 0.014 0.016 0.016 0.013 0.018 0.02 0.008 0.237 0.193 0.022 0.034 0.039 0.014 0.025 0.038 0.005 0.019 0.203
157 N 0.039 0.041 0.351 0.072 0.008 0.031 0.045 0.057 0.064 0.02 0.029 0.048 0.01 0.017 0.018 0.061 0.043 0.004 0.018 0.024
158 A 0.16 0.023 0.02 0.021 0.015 0.017 0.026 0.065 0.012 0.088 0.13 0.029 0.024 0.123 0.018 0.056 0.038 0.008 0.031 0.094
159 V 0.135 0.023 0.018 0.02 0.016 0.017 0.026 0.036 0.01 0.098 0.147 0.03 0.025 0.048 0.089 0.042 0.039 0.005 0.02 0.154
160 V 0.07 0.021 0.016 0.017 0.017 0.015 0.021 0.024 0.008 0.147 0.187 0.025 0.032 0.036 0.015 0.032 0.053 0.005 0.019 0.24
161 C 0.09 0.027 0.032 0.03 0.181 0.022 0.033 0.045 0.012 0.046 0.055 0.035 0.016 0.02 0.022 0.15 0.09 0.005 0.015 0.074
162 L 0.056 0.02 0.015 0.016 0.061 0.014 0.019 0.024 0.01 0.127 0.255 0.023 0.034 0.114 0.014 0.029 0.044 0.007 0.03 0.088
163 F 0.055 0.02 0.016 0.016 0.013 0.014 0.02 0.024 0.017 0.134 0.137 0.023 0.027 0.182 0.013 0.027 0.031 0.012 0.104 0.117
164 Q 0.051 0.067 0.04 0.043 0.008 0.289 0.093 0.037 0.027 0.024 0.043 0.083 0.019 0.013 0.021 0.051 0.037 0.005 0.019 0.032
165 F 0.032 0.019 0.017 0.016 0.009 0.012 0.019 0.023 0.023 0.052 0.092 0.02 0.021 0.356 0.011 0.024 0.024 0.018 0.163 0.048
166 F 0.034 0.018 0.015 0.015 0.01 0.011 0.018 0.023 0.016 0.077 0.121 0.019 0.025 0.37 0.01 0.024 0.025 0.014 0.086 0.07
167 V 0.098 0.02 0.016 0.018 0.041 0.015 0.022 0.03 0.01 0.123 0.121 0.025 0.027 0.09 0.016 0.035 0.04 0.007 0.027 0.22
168 L 0.043 0.023 0.016 0.016 0.014 0.017 0.021 0.023 0.012 0.089 0.298 0.025 0.084 0.119 0.013 0.037 0.032 0.008 0.031 0.077
169 G 0.081 0.022 0.037 0.069 0.01 0.018 0.029 0.488 0.013 0.018 0.027 0.032 0.009 0.015 0.018 0.048 0.028 0.005 0.01 0.024
170 Y 0.043 0.032 0.019 0.019 0.035 0.021 0.027 0.024 0.024 0.098 0.129 0.069 0.024 0.087 0.015 0.03 0.031 0.014 0.17 0.09
171 R 0.064 0.135 0.069 0.063 0.009 0.075 0.099 0.063 0.021 0.026 0.044 0.122 0.024 0.016 0.021 0.06 0.037 0.005 0.016 0.033
172 Q 0.052 0.053 0.036 0.037 0.009 0.203 0.071 0.13 0.024 0.027 0.047 0.066 0.027 0.022 0.019 0.047 0.034 0.031 0.036 0.033
173 D 0.037 0.027 0.062 0.455 0.007 0.027 0.083 0.042 0.017 0.02 0.025 0.041 0.008 0.013 0.02 0.047 0.032 0.003 0.01 0.022
174 Y 0.036 0.059 0.021 0.018 0.009 0.02 0.026 0.024 0.05 0.044 0.085 0.033 0.019 0.176 0.013 0.028 0.026 0.02 0.249 0.044
175 L 0.04 0.022 0.013 0.014 0.015 0.015 0.018 0.019 0.009 0.115 0.422 0.023 0.044 0.049 0.013 0.022 0.03 0.006 0.02 0.09
176 G 0.071 0.021 0.035 0.03 0.01 0.017 0.023 0.557 0.012 0.017 0.026 0.03 0.009 0.015 0.017 0.046 0.027 0.005 0.01 0.022
177 G 0.071 0.021 0.035 0.03 0.01 0.017 0.023 0.557 0.012 0.017 0.026 0.03 0.009 0.015 0.017 0.046 0.027 0.005 0.01 0.022
178 I 0.044 0.018 0.014 0.015 0.015 0.013 0.017 0.02 0.009 0.224 0.22 0.022 0.035 0.078 0.013 0.023 0.034 0.006 0.025 0.154
179 F 0.031 0.017 0.015 0.015 0.01 0.01 0.017 0.023 0.015 0.057 0.103 0.017 0.023 0.445 0.01 0.023 0.023 0.015 0.08 0.05
180 G 0.071 0.021 0.035 0.03 0.01 0.017 0.023 0.557 0.012 0.017 0.026 0.03 0.009 0.015 0.017 0.046 0.027 0.005 0.01 0.022
181 V 0.088 0.024 0.023 0.023 0.017 0.018 0.026 0.032 0.01 0.133 0.098 0.03 0.025 0.029 0.019 0.05 0.131 0.005 0.018 0.202
182 E 0.06 0.039 0.037 0.071 0.01 0.072 0.164 0.085 0.019 0.044 0.045 0.054 0.015 0.019 0.021 0.092 0.054 0.029 0.017 0.051
183 K 0.053 0.152 0.033 0.033 0.01 0.037 0.059 0.081 0.017 0.064 0.057 0.154 0.017 0.019 0.02 0.055 0.049 0.005 0.016 0.07
184 G 0.071 0.021 0.034 0.03 0.01 0.017 0.023 0.532 0.012 0.023 0.03 0.03 0.009 0.015 0.017 0.046 0.028 0.005 0.01 0.036
185 C 0.062 0.018 0.019 0.018 0.415 0.014 0.019 0.031 0.008 0.05 0.063 0.022 0.016 0.02 0.016 0.052 0.062 0.004 0.012 0.078
186 N 0.039 0.041 0.382 0.075 0.008 0.03 0.045 0.059 0.029 0.02 0.029 0.049 0.01 0.016 0.018 0.063 0.045 0.004 0.014 0.024
187 G 0.14 0.024 0.034 0.031 0.013 0.02 0.029 0.354 0.013 0.029 0.038 0.035 0.012 0.017 0.021 0.086 0.038 0.005 0.012 0.048
188 Y 0.048 0.028 0.042 0.025 0.01 0.022 0.03 0.031 0.037 0.036 0.056 0.033 0.016 0.096 0.017 0.078 0.035 0.021 0.299 0.041
189 L 0.075 0.029 0.03 0.027 0.016 0.023 0.031 0.036 0.012 0.068 0.16 0.036 0.054 0.031 0.021 0.089 0.156 0.006 0.018 0.081
190 N 0.043 0.028 0.166 0.041 0.012 0.021 0.029 0.037 0.017 0.163 0.135 0.034 0.025 0.031 0.016 0.051 0.041 0.005 0.017 0.089
191 I 0.052 0.019 0.015 0.017 0.016 0.014 0.019 0.021 0.008 0.237 0.135 0.024 0.04 0.036 0.015 0.029 0.052 0.005 0.019 0.225
192 F 0.032 0.018 0.015 0.015 0.01 0.011 0.018 0.023 0.016 0.061 0.132 0.018 0.025 0.394 0.01 0.023 0.024 0.015 0.089 0.053
193 L 0.037 0.021 0.015 0.015 0.012 0.014 0.019 0.022 0.013 0.081 0.237 0.022 0.07 0.228 0.012 0.024 0.028 0.011 0.048 0.069
194 C 0.078 0.024 0.024 0.023 0.133 0.019 0.027 0.035 0.011 0.082 0.116 0.03 0.042 0.047 0.018 0.095 0.058 0.005 0.019 0.113
195 I 0.045 0.019 0.015 0.017 0.015 0.014 0.018 0.02 0.009 0.266 0.184 0.023 0.043 0.04 0.014 0.026 0.049 0.006 0.019 0.158
196 V 0.055 0.019 0.015 0.016 0.016 0.015 0.02 0.021 0.008 0.205 0.134 0.024 0.049 0.036 0.014 0.028 0.041 0.005 0.019 0.258
197 V 0.066 0.02 0.015 0.016 0.039 0.015 0.02 0.024 0.009 0.159 0.178 0.024 0.041 0.055 0.015 0.029 0.039 0.006 0.021 0.21
198 A 0.148 0.028 0.032 0.03 0.016 0.022 0.033 0.095 0.013 0.081 0.08 0.038 0.019 0.024 0.023 0.106 0.121 0.005 0.016 0.069
199 K 0.048 0.145 0.035 0.034 0.008 0.056 0.059 0.036 0.02 0.025 0.041 0.262 0.014 0.021 0.022 0.045 0.034 0.03 0.035 0.03
200 S 0.103 0.037 0.044 0.04 0.016 0.029 0.045 0.055 0.016 0.036 0.045 0.06 0.015 0.02 0.026 0.232 0.103 0.005 0.016 0.056
201 L 0.06 0.02 0.014 0.015 0.015 0.015 0.019 0.022 0.009 0.165 0.281 0.024 0.037 0.042 0.014 0.026 0.036 0.006 0.019 0.16
202 L 0.045 0.021 0.013 0.014 0.015 0.015 0.019 0.02 0.009 0.123 0.364 0.023 0.041 0.046 0.013 0.023 0.033 0.006 0.02 0.136
203 S 0.083 0.098 0.063 0.051 0.036 0.027 0.038 0.041 0.021 0.04 0.088 0.05 0.028 0.055 0.019 0.099 0.043 0.008 0.069 0.045
204 F 0.037 0.022 0.019 0.018 0.01 0.016 0.023 0.024 0.027 0.048 0.081 0.024 0.02 0.258 0.013 0.031 0.051 0.019 0.212 0.048
205 L 0.043 0.026 0.016 0.017 0.014 0.02 0.022 0.023 0.013 0.09 0.238 0.028 0.157 0.1 0.013 0.028 0.033 0.008 0.029 0.08
206 N 0.049 0.057 0.212 0.081 0.009 0.046 0.092 0.05 0.044 0.022 0.033 0.054 0.012 0.021 0.02 0.088 0.044 0.005 0.033 0.028
207 G 0.084 0.085 0.051 0.035 0.009 0.044 0.045 0.23 0.035 0.023 0.035 0.143 0.012 0.016 0.021 0.05 0.033 0.005 0.015 0.029
208 K 0.051 0.08 0.068 0.048 0.009 0.099 0.118 0.038 0.021 0.031 0.043 0.156 0.015 0.016 0.022 0.053 0.062 0.005 0.016 0.047
209 E 0.05 0.046 0.036 0.077 0.007 0.056 0.334 0.031 0.022 0.035 0.039 0.079 0.013 0.016 0.023 0.049 0.034 0.005 0.015 0.034
210 K 0.06 0.058 0.133 0.048 0.01 0.035 0.049 0.095 0.02 0.025 0.037 0.155 0.013 0.016 0.023 0.1 0.07 0.005 0.015 0.032
211 L 0.105 0.025 0.021 0.022 0.015 0.019 0.027 0.034 0.011 0.095 0.182 0.031 0.046 0.051 0.066 0.046 0.087 0.006 0.021 0.089
212 L 0.049 0.027 0.022 0.021 0.013 0.018 0.026 0.053 0.031 0.082 0.189 0.041 0.027 0.112 0.015 0.063 0.035 0.056 0.035 0.086
213 L 0.08 0.035 0.091 0.036 0.012 0.047 0.04 0.041 0.018 0.069 0.121 0.055 0.021 0.029 0.091 0.078 0.042 0.006 0.033 0.056
214 C 0.057 0.016 0.016 0.016 0.462 0.012 0.016 0.029 0.008 0.044 0.078 0.02 0.017 0.039 0.015 0.038 0.045 0.004 0.015 0.054
215 F 0.066 0.019 0.015 0.016 0.013 0.013 0.019 0.026 0.012 0.122 0.184 0.022 0.029 0.224 0.013 0.028 0.03 0.01 0.047 0.093
216 L 0.12 0.024 0.019 0.02 0.063 0.018 0.025 0.036 0.011 0.087 0.224 0.029 0.039 0.054 0.018 0.061 0.039 0.006 0.021 0.087
217 K 0.051 0.1 0.034 0.034 0.009 0.043 0.057 0.036 0.018 0.038 0.049 0.292 0.016 0.035 0.023 0.045 0.036 0.005 0.019 0.059
218 C 0.061 0.018 0.019 0.019 0.391 0.014 0.02 0.032 0.009 0.045 0.092 0.023 0.018 0.041 0.016 0.07 0.038 0.005 0.016 0.053
219 G 0.132 0.024 0.029 0.027 0.014 0.019 0.027 0.255 0.012 0.058 0.072 0.033 0.017 0.04 0.02 0.063 0.062 0.005 0.017 0.075
220 A 0.17 0.026 0.026 0.026 0.017 0.021 0.031 0.069 0.012 0.079 0.104 0.035 0.022 0.026 0.022 0.071 0.106 0.005 0.017 0.117
221 S 0.163 0.033 0.039 0.037 0.017 0.027 0.041 0.058 0.015 0.047 0.05 0.044 0.016 0.02 0.026 0.194 0.098 0.005 0.016 0.054
222 L 0.041 0.021 0.013 0.014 0.015 0.015 0.018 0.02 0.009 0.125 0.368 0.023 0.051 0.066 0.013 0.023 0.031 0.007 0.023 0.103
223 L 0.042 0.02 0.014 0.015 0.014 0.014 0.018 0.02 0.011 0.166 0.282 0.022 0.037 0.084 0.013 0.023 0.032 0.008 0.042 0.124
224 I 0.049 0.018 0.014 0.016 0.016 0.013 0.018 0.02 0.008 0.247 0.18 0.022 0.033 0.039 0.014 0.025 0.038 0.005 0.019 0.207
225 A 0.296 0.029 0.028 0.03 0.018 0.024 0.037 0.114 0.014 0.035 0.049 0.041 0.015 0.019 0.026 0.104 0.047 0.005 0.015 0.055
226 A 0.319 0.029 0.026 0.028 0.019 0.024 0.037 0.067 0.013 0.039 0.054 0.041 0.016 0.02 0.027 0.087 0.071 0.005 0.016 0.061
227 L 0.043 0.025 0.015 0.016 0.015 0.02 0.022 0.022 0.012 0.098 0.318 0.027 0.134 0.047 0.014 0.027 0.033 0.007 0.021 0.085
228 A 0.311 0.03 0.028 0.03 0.019 0.024 0.039 0.069 0.014 0.037 0.051 0.042 0.016 0.019 0.027 0.116 0.05 0.005 0.016 0.058
229 E 0.05 0.045 0.037 0.082 0.007 0.058 0.363 0.032 0.023 0.02 0.033 0.068 0.012 0.015 0.023 0.05 0.033 0.005 0.015 0.028
230 L 0.041 0.022 0.013 0.014 0.015 0.015 0.019 0.02 0.01 0.125 0.386 0.024 0.062 0.048 0.013 0.023 0.031 0.006 0.02 0.093
231 K 0.052 0.097 0.038 0.038 0.008 0.048 0.064 0.039 0.019 0.025 0.039 0.347 0.014 0.014 0.025 0.048 0.036 0.005 0.016 0.03
232 F 0.035 0.019 0.015 0.016 0.011 0.012 0.018 0.023 0.014 0.092 0.119 0.02 0.054 0.335 0.011 0.025 0.027 0.013 0.064 0.078
233 F 0.034 0.02 0.017 0.016 0.01 0.014 0.02 0.023 0.025 0.055 0.089 0.022 0.021 0.308 0.011 0.025 0.025 0.018 0.187 0.06
234 F 0.031 0.018 0.015 0.015 0.01 0.01 0.018 0.023 0.017 0.057 0.101 0.018 0.023 0.43 0.01 0.023 0.023 0.016 0.094 0.049
235 V 0.051 0.019 0.014 0.016 0.015 0.013 0.019 0.021 0.009 0.185 0.154 0.022 0.031 0.092 0.014 0.026 0.038 0.007 0.027 0.227
236 L 0.048 0.03 0.023 0.042 0.012 0.033 0.16 0.025 0.015 0.118 0.164 0.042 0.036 0.031 0.018 0.035 0.035 0.005 0.018 0.11
237 F 0.034 0.018 0.015 0.015 0.034 0.011 0.018 0.023 0.016 0.062 0.133 0.019 0.034 0.357 0.011 0.024 0.025 0.014 0.083 0.054
238 V 0.068 0.019 0.016 0.017 0.016 0.015 0.02 0.024 0.008 0.207 0.139 0.024 0.03 0.035 0.015 0.031 0.053 0.005 0.018 0.237
239 L 0.058 0.02 0.014 0.016 0.015 0.014 0.019 0.022 0.009 0.191 0.256 0.023 0.036 0.06 0.014 0.026 0.035 0.006 0.022 0.145
240 I 0.044 0.018 0.014 0.016 0.015 0.013 0.017 0.019 0.008 0.279 0.189 0.022 0.044 0.041 0.013 0.024 0.036 0.006 0.019 0.163
241 L 0.062 0.021 0.014 0.015 0.016 0.015 0.02 0.023 0.009 0.134 0.294 0.024 0.047 0.042 0.014 0.027 0.036 0.006 0.019 0.161
242 L 0.089 0.02 0.016 0.017 0.038 0.015 0.021 0.052 0.01 0.133 0.193 0.024 0.03 0.092 0.015 0.033 0.035 0.007 0.026 0.133
243 L 0.042 0.02 0.015 0.016 0.014 0.014 0.018 0.045 0.01 0.136 0.278 0.022 0.045 0.117 0.013 0.024 0.031 0.008 0.03 0.102
244 A 0.197 0.03 0.033 0.032 0.041 0.025 0.038 0.058 0.014 0.046 0.055 0.041 0.017 0.021 0.025 0.15 0.08 0.005 0.016 0.078
245 A 0.132 0.029 0.03 0.028 0.016 0.023 0.033 0.068 0.013 0.059 0.123 0.037 0.051 0.028 0.022 0.101 0.108 0.005 0.017 0.075
246 L 0.072 0.021 0.015 0.016 0.015 0.015 0.02 0.025 0.01 0.151 0.236 0.024 0.043 0.096 0.014 0.029 0.034 0.007 0.028 0.13
247 L 0.039 0.021 0.015 0.015 0.013 0.015 0.019 0.021 0.012 0.119 0.244 0.023 0.072 0.173 0.012 0.024 0.03 0.009 0.039 0.085
248 T 0.065 0.032 0.04 0.053 0.016 0.025 0.038 0.039 0.013 0.047 0.057 0.041 0.017 0.021 0.025 0.082 0.305 0.005 0.016 0.062
249 K 0.075 0.143 0.055 0.04 0.01 0.041 0.067 0.045 0.019 0.025 0.039 0.171 0.014 0.016 0.024 0.116 0.046 0.005 0.016 0.033
250 F 0.033 0.018 0.017 0.016 0.01 0.011 0.019 0.023 0.033 0.073 0.103 0.019 0.023 0.389 0.01 0.024 0.025 0.014 0.073 0.067
251 S 0.095 0.036 0.048 0.043 0.016 0.029 0.046 0.057 0.017 0.03 0.041 0.048 0.015 0.019 0.027 0.265 0.107 0.005 0.016 0.042
252 W 0.048 0.041 0.017 0.017 0.009 0.017 0.023 0.027 0.015 0.069 0.103 0.04 0.02 0.122 0.011 0.026 0.026 0.251 0.066 0.051
253 R 0.044 0.29 0.037 0.032 0.007 0.056 0.054 0.033 0.039 0.022 0.041 0.169 0.014 0.016 0.02 0.043 0.033 0.005 0.017 0.028
254 K 0.053 0.092 0.054 0.04 0.008 0.047 0.062 0.041 0.019 0.025 0.039 0.32 0.014 0.014 0.025 0.06 0.038 0.005 0.016 0.03
255 L 0.06 0.021 0.017 0.017 0.015 0.015 0.02 0.025 0.01 0.149 0.201 0.024 0.032 0.112 0.014 0.032 0.06 0.007 0.03 0.139
256 L 0.074 0.025 0.017 0.018 0.014 0.017 0.023 0.051 0.012 0.11 0.216 0.039 0.03 0.079 0.015 0.031 0.034 0.032 0.043 0.123
257 I 0.061 0.019 0.015 0.016 0.015 0.014 0.019 0.023 0.009 0.213 0.163 0.024 0.05 0.075 0.014 0.028 0.037 0.006 0.025 0.172
258 I 0.045 0.019 0.015 0.016 0.014 0.014 0.019 0.021 0.01 0.187 0.185 0.023 0.041 0.113 0.013 0.027 0.047 0.007 0.03 0.151
259 I 0.092 0.019 0.016 0.018 0.063 0.015 0.021 0.052 0.009 0.169 0.153 0.025 0.028 0.052 0.016 0.034 0.037 0.006 0.02 0.156
260 G 0.097 0.022 0.023 0.023 0.014 0.016 0.023 0.199 0.011 0.106 0.146 0.028 0.024 0.057 0.017 0.05 0.034 0.006 0.02 0.083
261 G 0.119 0.023 0.029 0.027 0.013 0.019 0.027 0.277 0.012 0.058 0.075 0.032 0.026 0.041 0.019 0.069 0.037 0.006 0.017 0.073
262 A 0.143 0.025 0.024 0.024 0.016 0.019 0.029 0.066 0.012 0.107 0.129 0.032 0.024 0.048 0.02 0.089 0.045 0.006 0.02 0.122
263 L 0.063 0.019 0.014 0.016 0.015 0.014 0.019 0.023 0.009 0.178 0.195 0.023 0.032 0.075 0.014 0.028 0.037 0.006 0.024 0.194
264 L 0.093 0.022 0.02 0.02 0.061 0.016 0.022 0.151 0.012 0.064 0.173 0.027 0.044 0.087 0.016 0.038 0.032 0.007 0.025 0.072
265 L 0.063 0.02 0.015 0.016 0.016 0.015 0.02 0.023 0.009 0.187 0.188 0.024 0.051 0.057 0.014 0.028 0.038 0.006 0.022 0.187
266 L 0.054 0.025 0.022 0.021 0.038 0.019 0.025 0.029 0.013 0.102 0.131 0.029 0.083 0.109 0.016 0.06 0.076 0.008 0.03 0.111
267 L 0.061 0.02 0.015 0.016 0.015 0.014 0.02 0.023 0.01 0.149 0.193 0.023 0.041 0.113 0.014 0.028 0.036 0.007 0.03 0.172
268 G 0.185 0.024 0.028 0.028 0.014 0.019 0.029 0.262 0.013 0.045 0.05 0.034 0.014 0.057 0.021 0.067 0.037 0.006 0.019 0.048
269 G 0.105 0.026 0.045 0.03 0.013 0.021 0.03 0.171 0.017 0.081 0.063 0.034 0.017 0.035 0.019 0.095 0.043 0.008 0.065 0.081
270 S 0.096 0.035 0.053 0.039 0.014 0.05 0.057 0.047 0.016 0.052 0.071 0.046 0.018 0.041 0.023 0.136 0.125 0.006 0.019 0.054
271 L 0.059 0.02 0.015 0.016 0.015 0.014 0.019 0.023 0.009 0.199 0.256 0.024 0.036 0.041 0.014 0.028 0.048 0.006 0.019 0.138
272 L 0.041 0.022 0.013 0.014 0.015 0.015 0.018 0.019 0.009 0.106 0.42 0.023 0.044 0.049 0.013 0.022 0.031 0.006 0.02 0.098
273 I 0.088 0.025 0.025 0.028 0.015 0.021 0.043 0.035 0.011 0.143 0.106 0.034 0.024 0.029 0.043 0.079 0.094 0.005 0.017 0.134
274 A 0.106 0.044 0.026 0.045 0.013 0.023 0.048 0.037 0.037 0.058 0.072 0.037 0.028 0.081 0.018 0.064 0.038 0.034 0.093 0.098
275 I 0.042 0.018 0.014 0.015 0.014 0.013 0.017 0.02 0.009 0.22 0.219 0.021 0.035 0.097 0.013 0.023 0.033 0.007 0.027 0.141
276 F 0.031 0.018 0.016 0.015 0.009 0.011 0.018 0.023 0.018 0.056 0.1 0.018 0.022 0.415 0.01 0.023 0.023 0.016 0.108 0.049
277 P 0.057 0.028 0.032 0.073 0.009 0.024 0.065 0.224 0.014 0.021 0.03 0.052 0.009 0.013 0.233 0.044 0.031 0.004 0.011 0.025
278 E 0.069 0.036 0.053 0.085 0.011 0.046 0.132 0.04 0.038 0.037 0.072 0.049 0.036 0.045 0.021 0.092 0.054 0.007 0.037 0.042
279 F 0.033 0.019 0.016 0.016 0.01 0.012 0.019 0.024 0.02 0.054 0.096 0.02 0.022 0.349 0.01 0.025 0.024 0.056 0.124 0.049
280 D 0.116 0.031 0.086 0.117 0.013 0.027 0.061 0.074 0.017 0.042 0.063 0.042 0.015 0.02 0.022 0.11 0.06 0.005 0.015 0.067
281 E 0.055 0.05 0.041 0.09 0.007 0.065 0.295 0.035 0.026 0.022 0.037 0.076 0.013 0.017 0.026 0.055 0.037 0.006 0.017 0.031
282 G 0.059 0.034 0.106 0.123 0.009 0.052 0.079 0.21 0.019 0.02 0.03 0.046 0.011 0.015 0.02 0.084 0.039 0.004 0.013 0.026
283 F 0.068 0.029 0.056 0.03 0.01 0.044 0.048 0.036 0.036 0.04 0.068 0.035 0.018 0.198 0.015 0.051 0.044 0.082 0.05 0.042
284 L 0.038 0.02 0.014 0.015 0.013 0.013 0.018 0.021 0.011 0.11 0.263 0.021 0.044 0.191 0.012 0.023 0.029 0.01 0.042 0.091
285 S 0.086 0.035 0.061 0.042 0.016 0.028 0.044 0.053 0.016 0.033 0.044 0.046 0.015 0.02 0.026 0.217 0.15 0.005 0.016 0.046
286 L 0.04 0.019 0.014 0.015 0.013 0.013 0.018 0.021 0.011 0.136 0.249 0.021 0.034 0.172 0.012 0.023 0.03 0.009 0.039 0.111
287 E 0.065 0.044 0.056 0.122 0.008 0.058 0.241 0.038 0.021 0.023 0.035 0.074 0.012 0.015 0.023 0.064 0.049 0.005 0.015 0.031
288 R 0.051 0.17 0.064 0.032 0.009 0.032 0.04 0.061 0.022 0.029 0.06 0.077 0.015 0.035 0.018 0.085 0.039 0.056 0.07 0.034
289 I 0.042 0.019 0.014 0.016 0.014 0.014 0.018 0.02 0.009 0.24 0.229 0.023 0.055 0.061 0.013 0.023 0.034 0.006 0.022 0.128
290 W 0.037 0.023 0.016 0.016 0.011 0.027 0.023 0.024 0.016 0.107 0.135 0.025 0.034 0.092 0.011 0.025 0.028 0.18 0.088 0.081
291 E 0.047 0.086 0.085 0.083 0.007 0.071 0.213 0.037 0.023 0.021 0.035 0.107 0.012 0.015 0.022 0.051 0.035 0.005 0.015 0.028
292 L 0.081 0.029 0.039 0.028 0.014 0.034 0.045 0.034 0.013 0.086 0.235 0.035 0.04 0.035 0.018 0.072 0.053 0.006 0.018 0.084
293 A 0.22 0.026 0.022 0.024 0.018 0.021 0.031 0.051 0.012 0.089 0.107 0.035 0.022 0.026 0.022 0.062 0.08 0.005 0.017 0.111
294 T 0.09 0.048 0.036 0.032 0.015 0.025 0.035 0.041 0.013 0.046 0.061 0.042 0.018 0.059 0.024 0.085 0.242 0.006 0.022 0.06
295 S 0.096 0.038 0.055 0.108 0.015 0.032 0.058 0.062 0.019 0.028 0.039 0.051 0.014 0.019 0.028 0.206 0.073 0.005 0.016 0.038
296 A 0.127 0.081 0.054 0.077 0.012 0.057 0.069 0.05 0.018 0.028 0.042 0.109 0.014 0.017 0.024 0.101 0.057 0.005 0.015 0.039
297 T 0.073 0.036 0.043 0.038 0.018 0.028 0.039 0.043 0.014 0.053 0.065 0.045 0.02 0.024 0.028 0.093 0.246 0.006 0.018 0.071
298 G 0.083 0.077 0.038 0.08 0.011 0.047 0.105 0.111 0.017 0.029 0.041 0.094 0.014 0.017 0.023 0.058 0.098 0.005 0.015 0.038
299 G 0.059 0.031 0.164 0.048 0.009 0.025 0.035 0.283 0.055 0.02 0.029 0.04 0.01 0.017 0.018 0.074 0.037 0.005 0.016 0.024
300 Y 0.037 0.025 0.02 0.017 0.008 0.02 0.025 0.023 0.042 0.039 0.062 0.028 0.017 0.118 0.014 0.028 0.025 0.025 0.383 0.042
301 A 0.191 0.031 0.034 0.033 0.017 0.025 0.038 0.056 0.014 0.041 0.053 0.042 0.016 0.02 0.026 0.119 0.162 0.005 0.016 0.059
302 S 0.095 0.032 0.042 0.038 0.015 0.026 0.039 0.121 0.016 0.032 0.044 0.043 0.015 0.024 0.024 0.181 0.131 0.006 0.032 0.044
303 A 0.135 0.043 0.04 0.077 0.013 0.065 0.068 0.075 0.017 0.03 0.042 0.077 0.015 0.017 0.025 0.125 0.073 0.005 0.015 0.042
304 G 0.053 0.058 0.07 0.095 0.008 0.04 0.175 0.179 0.02 0.02 0.031 0.081 0.011 0.015 0.021 0.049 0.033 0.005 0.013 0.026
305 D 0.052 0.029 0.06 0.416 0.007 0.039 0.081 0.043 0.017 0.021 0.027 0.042 0.009 0.014 0.021 0.049 0.033 0.004 0.011 0.024
306 L 0.042 0.022 0.014 0.015 0.015 0.016 0.019 0.02 0.01 0.135 0.361 0.024 0.07 0.047 0.013 0.024 0.032 0.006 0.02 0.097
307 N 0.053 0.033 0.241 0.058 0.009 0.026 0.037 0.24 0.022 0.019 0.028 0.042 0.01 0.016 0.018 0.068 0.04 0.004 0.013 0.024
308 R 0.04 0.407 0.035 0.028 0.007 0.044 0.047 0.03 0.021 0.021 0.042 0.109 0.014 0.016 0.018 0.04 0.032 0.005 0.016 0.028
309 L 0.036 0.02 0.014 0.014 0.013 0.013 0.018 0.021 0.012 0.085 0.299 0.021 0.036 0.211 0.012 0.022 0.027 0.01 0.045 0.072
310 T 0.084 0.033 0.056 0.037 0.016 0.026 0.038 0.045 0.014 0.043 0.053 0.043 0.017 0.021 0.025 0.121 0.249 0.005 0.016 0.058
311 A 0.303 0.028 0.024 0.027 0.019 0.022 0.035 0.064 0.013 0.046 0.059 0.039 0.017 0.04 0.025 0.073 0.069 0.005 0.019 0.074
312 I 0.044 0.017 0.013 0.016 0.015 0.013 0.017 0.019 0.008 0.291 0.187 0.022 0.034 0.041 0.013 0.023 0.036 0.005 0.019 0.166
313 P 0.059 0.027 0.026 0.031 0.011 0.032 0.037 0.037 0.013 0.04 0.043 0.04 0.012 0.034 0.376 0.085 0.04 0.004 0.016 0.037
314 T 0.059 0.049 0.031 0.028 0.015 0.035 0.035 0.033 0.013 0.1 0.084 0.054 0.031 0.045 0.02 0.068 0.166 0.006 0.02 0.109
315 I 0.06 0.018 0.015 0.017 0.015 0.014 0.019 0.023 0.009 0.271 0.179 0.024 0.033 0.039 0.015 0.038 0.038 0.005 0.019 0.148
316 S 0.112 0.032 0.084 0.058 0.038 0.026 0.041 0.052 0.017 0.041 0.088 0.042 0.037 0.023 0.022 0.162 0.055 0.005 0.016 0.048
317 K 0.046 0.143 0.086 0.087 0.007 0.056 0.115 0.039 0.022 0.022 0.036 0.162 0.013 0.015 0.021 0.049 0.035 0.005 0.015 0.028
318 L 0.053 0.103 0.068 0.074 0.011 0.031 0.058 0.038 0.035 0.044 0.118 0.067 0.029 0.025 0.02 0.081 0.078 0.005 0.018 0.046
319 F 0.036 0.019 0.016 0.016 0.011 0.013 0.019 0.022 0.019 0.108 0.113 0.021 0.024 0.225 0.011 0.024 0.027 0.063 0.131 0.081
320 L 0.04 0.021 0.013 0.014 0.014 0.014 0.018 0.02 0.01 0.121 0.367 0.023 0.051 0.084 0.013 0.023 0.03 0.007 0.026 0.09
