#Seq2Logo.py -f /work3/idamei/ssn-clusterings/clustering/2205111339/clusters/0048_181/sequences.afa -o /work3/idamei/ssn-clusterings/clustering/2205111339/clusters/0048_181/sequences.logo
#Position Specific Frequency Matrix
A R N D C Q E G H I L K M F P S T W Y V
0 L 0.052 0.032 0.02 0.02 0.016 0.028 0.028 0.028 0.016 0.1 0.197 0.036 0.161 0.048 0.016 0.036 0.04 0.008 0.024 0.092
1 V 0.07 0.022 0.016 0.018 0.019 0.016 0.023 0.025 0.008 0.165 0.13 0.026 0.032 0.036 0.016 0.033 0.049 0.006 0.021 0.269
2 L 0.045 0.024 0.014 0.015 0.016 0.016 0.02 0.021 0.01 0.115 0.375 0.025 0.05 0.055 0.014 0.024 0.033 0.007 0.022 0.096
3 F 0.034 0.019 0.017 0.017 0.011 0.011 0.019 0.025 0.017 0.063 0.114 0.019 0.025 0.387 0.011 0.025 0.025 0.017 0.089 0.055
4 I 0.047 0.018 0.015 0.018 0.016 0.013 0.018 0.021 0.009 0.271 0.168 0.024 0.037 0.044 0.015 0.025 0.04 0.006 0.021 0.177
5 N 0.043 0.045 0.317 0.083 0.009 0.034 0.049 0.065 0.032 0.022 0.032 0.054 0.011 0.018 0.02 0.07 0.049 0.004 0.016 0.027
6 N 0.043 0.045 0.317 0.083 0.009 0.034 0.049 0.065 0.032 0.022 0.032 0.054 0.011 0.018 0.02 0.07 0.049 0.004 0.016 0.027
7 K 0.057 0.107 0.042 0.042 0.009 0.054 0.071 0.043 0.021 0.028 0.043 0.278 0.016 0.016 0.028 0.054 0.04 0.005 0.017 0.033
8 D 0.041 0.03 0.069 0.397 0.008 0.03 0.091 0.047 0.019 0.022 0.028 0.045 0.009 0.015 0.022 0.052 0.035 0.004 0.011 0.024
9 M 0.047 0.029 0.018 0.018 0.014 0.025 0.025 0.025 0.014 0.09 0.177 0.032 0.247 0.043 0.014 0.032 0.036 0.007 0.022 0.083
10 L 0.059 0.05 0.022 0.024 0.012 0.023 0.043 0.073 0.014 0.108 0.173 0.079 0.035 0.054 0.016 0.039 0.033 0.033 0.038 0.073
11 I 0.047 0.018 0.015 0.018 0.016 0.013 0.018 0.021 0.009 0.268 0.169 0.024 0.037 0.044 0.015 0.025 0.04 0.006 0.021 0.178
12 A 0.287 0.031 0.026 0.03 0.022 0.026 0.041 0.079 0.015 0.043 0.06 0.045 0.018 0.022 0.03 0.085 0.05 0.005 0.018 0.069
13 A 0.287 0.031 0.026 0.03 0.022 0.026 0.041 0.079 0.015 0.043 0.06 0.045 0.018 0.022 0.03 0.085 0.05 0.005 0.018 0.069
14 K 0.057 0.108 0.042 0.042 0.009 0.054 0.071 0.043 0.021 0.028 0.043 0.275 0.016 0.016 0.028 0.054 0.04 0.005 0.017 0.033
15 N 0.045 0.031 0.165 0.051 0.013 0.024 0.034 0.043 0.02 0.146 0.1 0.039 0.024 0.031 0.018 0.048 0.045 0.005 0.018 0.102
16 K 0.047 0.202 0.037 0.034 0.007 0.051 0.058 0.035 0.037 0.023 0.04 0.249 0.014 0.015 0.022 0.045 0.034 0.005 0.017 0.029
17 I 0.056 0.02 0.017 0.018 0.013 0.014 0.02 0.025 0.013 0.161 0.138 0.023 0.027 0.158 0.013 0.039 0.04 0.032 0.064 0.109
18 L 0.039 0.02 0.013 0.014 0.014 0.013 0.018 0.02 0.01 0.153 0.304 0.022 0.037 0.097 0.012 0.022 0.03 0.03 0.029 0.102
19 A 0.152 0.042 0.025 0.026 0.014 0.042 0.039 0.065 0.014 0.072 0.123 0.101 0.031 0.043 0.037 0.051 0.037 0.006 0.019 0.063
20 I 0.046 0.023 0.02 0.02 0.013 0.028 0.024 0.067 0.031 0.19 0.116 0.028 0.053 0.061 0.015 0.031 0.045 0.008 0.063 0.117
21 L 0.056 0.019 0.015 0.017 0.014 0.014 0.019 0.023 0.01 0.206 0.207 0.023 0.033 0.095 0.014 0.029 0.051 0.007 0.027 0.123
22 L 0.062 0.021 0.019 0.019 0.014 0.015 0.022 0.049 0.011 0.155 0.199 0.025 0.035 0.098 0.015 0.055 0.037 0.007 0.027 0.116
23 T 0.087 0.027 0.043 0.028 0.016 0.021 0.029 0.058 0.012 0.1 0.117 0.034 0.023 0.027 0.02 0.067 0.158 0.005 0.017 0.112
24 G 0.107 0.022 0.028 0.026 0.035 0.017 0.025 0.28 0.011 0.074 0.067 0.03 0.016 0.039 0.018 0.056 0.046 0.005 0.016 0.081
25 I 0.047 0.019 0.014 0.016 0.037 0.014 0.018 0.021 0.009 0.228 0.168 0.023 0.05 0.055 0.014 0.026 0.039 0.006 0.021 0.176
26 L 0.107 0.021 0.016 0.018 0.016 0.016 0.022 0.03 0.009 0.168 0.201 0.026 0.032 0.036 0.016 0.037 0.038 0.005 0.018 0.168
27 V 0.063 0.025 0.025 0.024 0.037 0.019 0.027 0.03 0.01 0.096 0.117 0.031 0.029 0.028 0.019 0.061 0.148 0.005 0.017 0.189
28 S 0.094 0.035 0.047 0.051 0.015 0.029 0.047 0.058 0.017 0.026 0.038 0.047 0.014 0.02 0.026 0.285 0.07 0.027 0.017 0.037
29 L 0.042 0.019 0.016 0.016 0.097 0.013 0.018 0.067 0.012 0.068 0.199 0.021 0.045 0.189 0.012 0.027 0.028 0.009 0.04 0.061
30 Y 0.035 0.022 0.018 0.016 0.019 0.016 0.022 0.023 0.033 0.045 0.074 0.024 0.019 0.22 0.013 0.026 0.024 0.022 0.284 0.044
31 F 0.038 0.022 0.016 0.016 0.011 0.015 0.021 0.022 0.023 0.078 0.148 0.023 0.034 0.19 0.013 0.026 0.028 0.016 0.179 0.082
32 F 0.03 0.017 0.015 0.015 0.009 0.009 0.017 0.023 0.015 0.057 0.102 0.017 0.023 0.451 0.009 0.023 0.023 0.015 0.08 0.049
33 P 0.056 0.024 0.024 0.029 0.01 0.02 0.034 0.035 0.012 0.023 0.033 0.038 0.01 0.012 0.494 0.066 0.037 0.003 0.012 0.029
34 F 0.038 0.017 0.015 0.015 0.012 0.011 0.017 0.022 0.012 0.146 0.117 0.019 0.026 0.28 0.011 0.024 0.029 0.011 0.054 0.123
35 E 0.09 0.033 0.072 0.058 0.012 0.033 0.124 0.122 0.018 0.032 0.043 0.047 0.014 0.035 0.022 0.098 0.077 0.005 0.017 0.049
36 F 0.037 0.02 0.017 0.016 0.012 0.012 0.019 0.023 0.014 0.08 0.168 0.021 0.027 0.287 0.012 0.028 0.05 0.012 0.07 0.074
37 T 0.09 0.042 0.041 0.033 0.014 0.025 0.038 0.042 0.014 0.054 0.055 0.06 0.016 0.02 0.098 0.104 0.168 0.005 0.015 0.066
38 F 0.063 0.02 0.017 0.018 0.011 0.023 0.022 0.048 0.015 0.081 0.11 0.023 0.023 0.307 0.012 0.029 0.028 0.012 0.065 0.071
39 L 0.053 0.022 0.013 0.014 0.015 0.015 0.019 0.021 0.01 0.109 0.396 0.024 0.051 0.055 0.013 0.024 0.031 0.006 0.021 0.087
40 P 0.055 0.025 0.024 0.031 0.01 0.021 0.047 0.035 0.012 0.023 0.033 0.039 0.01 0.012 0.483 0.061 0.036 0.003 0.012 0.029
41 P 0.114 0.075 0.04 0.052 0.013 0.055 0.053 0.05 0.018 0.028 0.042 0.057 0.014 0.024 0.137 0.12 0.05 0.005 0.017 0.039
42 G 0.083 0.028 0.057 0.053 0.012 0.033 0.036 0.264 0.015 0.043 0.042 0.039 0.013 0.018 0.02 0.107 0.066 0.005 0.013 0.051
43 L 0.076 0.022 0.018 0.019 0.015 0.017 0.023 0.048 0.01 0.134 0.201 0.027 0.057 0.053 0.016 0.044 0.049 0.006 0.021 0.144
44 N 0.039 0.04 0.375 0.073 0.008 0.03 0.044 0.058 0.028 0.021 0.029 0.048 0.01 0.016 0.018 0.063 0.055 0.004 0.014 0.026
45 T 0.068 0.031 0.039 0.034 0.015 0.025 0.035 0.061 0.013 0.046 0.06 0.04 0.026 0.03 0.024 0.104 0.266 0.005 0.017 0.059
46 K 0.051 0.096 0.037 0.037 0.008 0.048 0.063 0.039 0.019 0.025 0.039 0.354 0.014 0.014 0.025 0.048 0.036 0.005 0.015 0.029
47 M 0.047 0.033 0.064 0.027 0.013 0.036 0.031 0.03 0.016 0.094 0.138 0.048 0.174 0.036 0.016 0.039 0.055 0.006 0.02 0.076
48 V 0.075 0.021 0.016 0.017 0.015 0.017 0.022 0.047 0.011 0.155 0.15 0.026 0.075 0.055 0.015 0.032 0.037 0.007 0.036 0.171
49 L 0.041 0.023 0.014 0.015 0.014 0.017 0.019 0.02 0.01 0.127 0.341 0.025 0.099 0.046 0.013 0.024 0.032 0.006 0.02 0.092
50 A 0.342 0.027 0.024 0.027 0.018 0.022 0.035 0.116 0.013 0.036 0.05 0.039 0.015 0.019 0.025 0.073 0.043 0.005 0.015 0.057
51 V 0.124 0.022 0.019 0.02 0.016 0.017 0.024 0.124 0.01 0.097 0.143 0.028 0.033 0.029 0.017 0.04 0.038 0.005 0.017 0.178
52 V 0.098 0.021 0.016 0.018 0.035 0.016 0.022 0.029 0.009 0.15 0.158 0.025 0.036 0.05 0.016 0.035 0.048 0.026 0.022 0.17
53 G 0.071 0.021 0.036 0.031 0.01 0.018 0.024 0.528 0.012 0.017 0.026 0.031 0.009 0.015 0.017 0.065 0.03 0.005 0.01 0.023
54 L 0.049 0.02 0.014 0.015 0.015 0.014 0.018 0.031 0.009 0.175 0.261 0.023 0.044 0.049 0.013 0.025 0.035 0.006 0.02 0.165
55 L 0.061 0.02 0.016 0.017 0.014 0.015 0.02 0.064 0.01 0.159 0.175 0.024 0.055 0.1 0.014 0.029 0.034 0.007 0.027 0.14
56 L 0.054 0.02 0.015 0.016 0.034 0.014 0.019 0.023 0.01 0.136 0.252 0.023 0.033 0.097 0.013 0.028 0.048 0.027 0.028 0.108
57 L 0.084 0.021 0.017 0.018 0.034 0.015 0.021 0.049 0.011 0.088 0.187 0.024 0.036 0.147 0.014 0.042 0.034 0.008 0.034 0.115
58 G 0.079 0.02 0.021 0.021 0.018 0.015 0.021 0.201 0.01 0.094 0.133 0.025 0.023 0.076 0.015 0.035 0.033 0.006 0.022 0.13
59 L 0.04 0.025 0.017 0.017 0.012 0.018 0.023 0.022 0.021 0.103 0.167 0.038 0.058 0.097 0.014 0.027 0.035 0.033 0.151 0.082
60 D 0.044 0.093 0.104 0.128 0.008 0.087 0.107 0.039 0.044 0.026 0.037 0.093 0.013 0.016 0.02 0.048 0.035 0.005 0.017 0.038
61 L 0.068 0.026 0.02 0.02 0.088 0.028 0.026 0.069 0.011 0.077 0.2 0.04 0.052 0.034 0.015 0.049 0.034 0.048 0.02 0.075
62 L 0.095 0.02 0.017 0.018 0.054 0.015 0.021 0.049 0.009 0.163 0.202 0.026 0.029 0.034 0.036 0.043 0.036 0.005 0.017 0.108
63 R 0.046 0.201 0.074 0.036 0.009 0.069 0.052 0.036 0.02 0.032 0.061 0.147 0.022 0.018 0.019 0.054 0.039 0.005 0.016 0.044
64 K 0.061 0.104 0.101 0.068 0.009 0.04 0.083 0.06 0.02 0.028 0.042 0.108 0.013 0.05 0.02 0.07 0.054 0.006 0.026 0.035
65 R 0.046 0.239 0.043 0.033 0.008 0.041 0.057 0.097 0.049 0.022 0.038 0.142 0.013 0.016 0.019 0.044 0.042 0.005 0.017 0.028
66 E 0.05 0.109 0.055 0.086 0.009 0.07 0.122 0.057 0.035 0.024 0.038 0.113 0.013 0.016 0.021 0.062 0.068 0.005 0.016 0.031
67 I 0.098 0.027 0.036 0.025 0.013 0.029 0.029 0.074 0.014 0.12 0.1 0.043 0.022 0.094 0.017 0.06 0.048 0.007 0.04 0.104
68 S 0.071 0.051 0.05 0.084 0.012 0.029 0.067 0.039 0.015 0.066 0.071 0.078 0.017 0.029 0.041 0.093 0.082 0.005 0.016 0.083
69 V 0.07 0.022 0.016 0.018 0.019 0.016 0.023 0.025 0.008 0.165 0.13 0.026 0.032 0.036 0.016 0.033 0.049 0.006 0.021 0.269
70 I 0.046 0.019 0.016 0.017 0.014 0.014 0.019 0.022 0.01 0.215 0.162 0.023 0.034 0.099 0.014 0.036 0.047 0.007 0.027 0.16
71 S 0.071 0.05 0.097 0.076 0.012 0.03 0.047 0.051 0.033 0.024 0.034 0.059 0.012 0.017 0.098 0.184 0.055 0.004 0.016 0.031
72 K 0.047 0.194 0.049 0.034 0.008 0.045 0.053 0.036 0.034 0.026 0.054 0.219 0.015 0.017 0.021 0.053 0.035 0.015 0.018 0.03
73 E 0.049 0.036 0.079 0.131 0.009 0.055 0.149 0.087 0.019 0.036 0.04 0.054 0.013 0.032 0.04 0.059 0.057 0.005 0.016 0.034
74 L 0.038 0.021 0.015 0.016 0.012 0.015 0.025 0.021 0.013 0.104 0.254 0.023 0.062 0.155 0.012 0.024 0.029 0.029 0.05 0.081
75 L 0.04 0.02 0.014 0.014 0.013 0.014 0.018 0.02 0.011 0.116 0.303 0.022 0.044 0.124 0.012 0.023 0.03 0.008 0.044 0.107
76 I 0.053 0.038 0.038 0.041 0.012 0.028 0.027 0.146 0.012 0.147 0.1 0.032 0.04 0.044 0.016 0.038 0.056 0.005 0.018 0.109
77 L 0.12 0.024 0.022 0.023 0.015 0.018 0.027 0.037 0.011 0.11 0.186 0.031 0.027 0.047 0.048 0.087 0.042 0.006 0.019 0.097
78 L 0.085 0.026 0.028 0.027 0.015 0.02 0.03 0.067 0.012 0.107 0.134 0.033 0.032 0.045 0.019 0.119 0.073 0.006 0.019 0.104
79 L 0.062 0.02 0.017 0.017 0.021 0.015 0.02 0.108 0.009 0.125 0.226 0.024 0.035 0.058 0.014 0.029 0.033 0.006 0.02 0.141
80 L 0.052 0.02 0.015 0.016 0.013 0.014 0.019 0.023 0.013 0.169 0.203 0.023 0.03 0.109 0.013 0.035 0.032 0.049 0.059 0.095
81 A 0.301 0.028 0.025 0.027 0.038 0.023 0.035 0.063 0.013 0.043 0.055 0.039 0.016 0.02 0.025 0.098 0.058 0.005 0.015 0.074
82 A 0.118 0.023 0.022 0.022 0.084 0.018 0.025 0.076 0.011 0.088 0.111 0.029 0.039 0.059 0.018 0.071 0.046 0.006 0.021 0.115
83 L 0.046 0.021 0.016 0.017 0.014 0.015 0.02 0.042 0.01 0.142 0.246 0.024 0.05 0.086 0.014 0.032 0.044 0.007 0.025 0.13
84 F 0.045 0.019 0.015 0.015 0.013 0.013 0.019 0.022 0.012 0.098 0.121 0.021 0.034 0.225 0.012 0.026 0.033 0.01 0.059 0.186
85 S 0.097 0.035 0.048 0.043 0.015 0.029 0.046 0.059 0.017 0.026 0.037 0.048 0.014 0.018 0.026 0.31 0.073 0.005 0.015 0.037
86 L 0.042 0.02 0.014 0.015 0.014 0.013 0.018 0.04 0.01 0.128 0.3 0.022 0.036 0.104 0.013 0.024 0.031 0.007 0.028 0.122
87 I 0.083 0.019 0.016 0.017 0.034 0.015 0.021 0.027 0.009 0.201 0.112 0.024 0.03 0.035 0.015 0.033 0.048 0.066 0.022 0.174
88 C 0.077 0.021 0.04 0.026 0.263 0.016 0.023 0.195 0.011 0.031 0.044 0.028 0.013 0.017 0.017 0.076 0.047 0.004 0.011 0.04
89 L 0.038 0.022 0.017 0.016 0.011 0.025 0.022 0.041 0.019 0.08 0.207 0.025 0.036 0.168 0.013 0.026 0.028 0.013 0.121 0.073
90 I 0.066 0.019 0.015 0.016 0.014 0.014 0.019 0.024 0.013 0.185 0.138 0.023 0.028 0.12 0.014 0.028 0.034 0.009 0.072 0.151
91 S 0.16 0.032 0.038 0.036 0.026 0.026 0.04 0.056 0.015 0.037 0.047 0.043 0.015 0.019 0.025 0.205 0.101 0.005 0.015 0.058
92 V 0.079 0.023 0.021 0.021 0.016 0.018 0.025 0.029 0.01 0.161 0.119 0.029 0.042 0.031 0.017 0.052 0.107 0.005 0.018 0.177
93 D 0.072 0.029 0.066 0.174 0.012 0.025 0.06 0.039 0.015 0.056 0.069 0.038 0.024 0.021 0.021 0.057 0.132 0.005 0.014 0.071
94 Y 0.041 0.022 0.016 0.016 0.012 0.016 0.021 0.021 0.024 0.124 0.155 0.025 0.026 0.084 0.013 0.025 0.03 0.015 0.203 0.112
95 N 0.041 0.039 0.373 0.071 0.008 0.029 0.043 0.057 0.027 0.021 0.029 0.047 0.01 0.016 0.018 0.071 0.055 0.004 0.014 0.026
96 N 0.05 0.06 0.125 0.102 0.008 0.053 0.092 0.107 0.101 0.021 0.032 0.061 0.012 0.019 0.019 0.048 0.033 0.005 0.028 0.025
97 T 0.066 0.031 0.039 0.033 0.016 0.025 0.035 0.039 0.012 0.046 0.056 0.04 0.017 0.021 0.024 0.092 0.324 0.005 0.016 0.061
98 P 0.055 0.045 0.096 0.111 0.011 0.025 0.043 0.039 0.024 0.049 0.06 0.052 0.015 0.022 0.124 0.062 0.074 0.005 0.028 0.062
99 D 0.037 0.027 0.072 0.441 0.007 0.028 0.09 0.041 0.017 0.02 0.025 0.041 0.008 0.013 0.02 0.047 0.032 0.003 0.01 0.022
100 Y 0.041 0.026 0.05 0.039 0.01 0.021 0.028 0.047 0.03 0.045 0.083 0.031 0.043 0.093 0.015 0.037 0.061 0.017 0.237 0.047
101 S 0.143 0.032 0.038 0.036 0.016 0.026 0.051 0.052 0.015 0.036 0.049 0.043 0.016 0.035 0.025 0.166 0.148 0.005 0.018 0.05
102 Y 0.036 0.024 0.019 0.016 0.009 0.019 0.024 0.022 0.038 0.043 0.08 0.027 0.026 0.123 0.014 0.027 0.025 0.023 0.36 0.044
103 A 0.214 0.026 0.024 0.025 0.018 0.021 0.031 0.049 0.011 0.07 0.083 0.035 0.02 0.024 0.022 0.075 0.092 0.005 0.016 0.14
104 T 0.062 0.033 0.079 0.039 0.013 0.04 0.05 0.065 0.016 0.05 0.066 0.043 0.017 0.036 0.022 0.103 0.188 0.005 0.018 0.053
105 Y 0.036 0.025 0.019 0.016 0.008 0.019 0.025 0.022 0.041 0.038 0.06 0.027 0.016 0.115 0.014 0.027 0.025 0.025 0.399 0.041
106 I 0.043 0.017 0.015 0.023 0.013 0.012 0.019 0.021 0.011 0.206 0.134 0.021 0.028 0.145 0.013 0.024 0.033 0.008 0.047 0.166
107 V 0.068 0.052 0.019 0.02 0.014 0.019 0.025 0.026 0.01 0.157 0.139 0.044 0.043 0.047 0.016 0.036 0.069 0.006 0.02 0.168
108 S 0.093 0.036 0.047 0.042 0.015 0.039 0.047 0.056 0.017 0.028 0.039 0.048 0.014 0.018 0.026 0.287 0.09 0.005 0.016 0.039
109 F 0.085 0.023 0.017 0.018 0.013 0.017 0.023 0.03 0.015 0.066 0.13 0.026 0.107 0.218 0.014 0.033 0.03 0.011 0.061 0.063
110 W 0.097 0.021 0.017 0.018 0.015 0.015 0.023 0.033 0.013 0.072 0.139 0.024 0.023 0.135 0.013 0.044 0.03 0.164 0.043 0.063
111 V 0.061 0.022 0.02 0.02 0.016 0.017 0.024 0.026 0.008 0.136 0.103 0.027 0.026 0.029 0.017 0.042 0.116 0.005 0.018 0.268
112 W 0.027 0.027 0.014 0.014 0.007 0.014 0.02 0.027 0.014 0.027 0.047 0.022 0.013 0.053 0.007 0.02 0.02 0.543 0.059 0.027
113 L 0.057 0.024 0.017 0.017 0.014 0.018 0.022 0.025 0.012 0.097 0.294 0.027 0.076 0.059 0.015 0.04 0.055 0.007 0.035 0.089
114 G 0.076 0.022 0.032 0.028 0.02 0.017 0.026 0.337 0.013 0.028 0.045 0.03 0.013 0.111 0.017 0.087 0.034 0.007 0.025 0.032
115 G 0.14 0.022 0.032 0.029 0.012 0.018 0.026 0.452 0.012 0.022 0.031 0.032 0.01 0.015 0.019 0.052 0.03 0.005 0.011 0.031
116 A 0.375 0.027 0.023 0.026 0.019 0.023 0.036 0.069 0.013 0.038 0.052 0.039 0.015 0.019 0.026 0.075 0.044 0.005 0.015 0.061
117 Y 0.038 0.024 0.019 0.017 0.009 0.018 0.024 0.023 0.034 0.056 0.095 0.026 0.02 0.141 0.014 0.036 0.027 0.021 0.31 0.049
118 A 0.189 0.026 0.027 0.027 0.035 0.021 0.031 0.086 0.012 0.051 0.086 0.035 0.018 0.038 0.022 0.078 0.116 0.005 0.018 0.079
119 V 0.079 0.021 0.017 0.018 0.017 0.016 0.023 0.026 0.008 0.136 0.107 0.026 0.026 0.03 0.016 0.044 0.06 0.005 0.018 0.307
120 C 0.062 0.019 0.018 0.018 0.261 0.014 0.02 0.038 0.01 0.092 0.103 0.023 0.021 0.044 0.015 0.054 0.047 0.005 0.03 0.106
121 A 0.127 0.096 0.043 0.03 0.032 0.037 0.038 0.043 0.046 0.037 0.063 0.06 0.027 0.051 0.02 0.067 0.081 0.026 0.031 0.046
122 L 0.095 0.021 0.017 0.018 0.071 0.016 0.022 0.031 0.012 0.121 0.157 0.026 0.04 0.073 0.035 0.044 0.038 0.026 0.037 0.101
123 I 0.042 0.019 0.014 0.016 0.014 0.015 0.018 0.02 0.009 0.263 0.192 0.024 0.087 0.041 0.013 0.024 0.034 0.006 0.019 0.13
124 K 0.045 0.201 0.035 0.032 0.007 0.053 0.055 0.044 0.034 0.023 0.039 0.235 0.014 0.016 0.021 0.043 0.032 0.024 0.018 0.028
125 L 0.096 0.037 0.022 0.023 0.021 0.043 0.034 0.035 0.03 0.059 0.138 0.063 0.031 0.052 0.016 0.052 0.034 0.104 0.043 0.068
126 V 0.078 0.021 0.018 0.018 0.034 0.016 0.022 0.046 0.009 0.115 0.144 0.025 0.035 0.062 0.016 0.036 0.065 0.006 0.022 0.212
127 H 0.038 0.039 0.045 0.032 0.007 0.032 0.045 0.033 0.389 0.022 0.036 0.039 0.014 0.033 0.017 0.038 0.035 0.008 0.074 0.023
128 G 0.064 0.036 0.048 0.035 0.009 0.023 0.053 0.455 0.014 0.018 0.027 0.064 0.009 0.014 0.018 0.046 0.028 0.005 0.011 0.023
129 K 0.048 0.077 0.065 0.041 0.009 0.053 0.096 0.036 0.025 0.032 0.044 0.161 0.014 0.03 0.02 0.055 0.051 0.027 0.067 0.046
130 V 0.136 0.022 0.019 0.035 0.026 0.017 0.026 0.035 0.01 0.126 0.135 0.028 0.026 0.03 0.018 0.05 0.041 0.005 0.017 0.199
131 D 0.06 0.047 0.114 0.165 0.011 0.028 0.053 0.048 0.018 0.027 0.036 0.046 0.012 0.017 0.022 0.132 0.111 0.004 0.014 0.035
132 L 0.043 0.018 0.014 0.015 0.014 0.013 0.017 0.02 0.009 0.185 0.219 0.021 0.033 0.115 0.013 0.023 0.033 0.007 0.029 0.159
133 R 0.065 0.148 0.034 0.037 0.01 0.047 0.081 0.056 0.018 0.025 0.04 0.111 0.013 0.017 0.078 0.076 0.069 0.024 0.016 0.034
134 L 0.042 0.039 0.016 0.016 0.014 0.017 0.022 0.021 0.01 0.113 0.358 0.039 0.038 0.043 0.014 0.028 0.053 0.006 0.019 0.094
135 L 0.057 0.019 0.014 0.015 0.015 0.014 0.018 0.021 0.009 0.193 0.241 0.023 0.038 0.055 0.014 0.025 0.035 0.006 0.021 0.168
136 T 0.097 0.025 0.029 0.027 0.072 0.02 0.028 0.114 0.011 0.081 0.066 0.033 0.018 0.022 0.02 0.076 0.151 0.005 0.015 0.089
137 N 0.041 0.05 0.171 0.043 0.009 0.035 0.037 0.059 0.036 0.05 0.097 0.063 0.018 0.086 0.016 0.053 0.036 0.007 0.049 0.042
138 Y 0.036 0.025 0.019 0.016 0.008 0.019 0.024 0.022 0.04 0.041 0.074 0.027 0.017 0.113 0.014 0.027 0.025 0.024 0.385 0.043
139 L 0.061 0.021 0.013 0.015 0.014 0.014 0.019 0.022 0.009 0.115 0.363 0.023 0.039 0.074 0.013 0.025 0.031 0.007 0.023 0.098
140 I 0.151 0.023 0.022 0.023 0.017 0.018 0.027 0.039 0.01 0.152 0.092 0.031 0.023 0.027 0.02 0.061 0.096 0.005 0.017 0.145
141 A 0.165 0.023 0.023 0.023 0.033 0.018 0.027 0.144 0.012 0.066 0.092 0.03 0.023 0.071 0.019 0.058 0.047 0.026 0.023 0.078
142 V 0.07 0.02 0.015 0.017 0.017 0.015 0.021 0.024 0.008 0.155 0.125 0.024 0.028 0.032 0.015 0.032 0.053 0.005 0.018 0.307
143 C 0.06 0.015 0.016 0.015 0.525 0.011 0.016 0.03 0.008 0.039 0.057 0.019 0.014 0.018 0.015 0.046 0.034 0.004 0.011 0.05
144 V 0.088 0.021 0.017 0.018 0.016 0.015 0.022 0.028 0.01 0.117 0.118 0.025 0.026 0.102 0.015 0.036 0.06 0.007 0.028 0.233
145 A 0.126 0.024 0.025 0.025 0.015 0.019 0.028 0.068 0.012 0.111 0.085 0.031 0.029 0.103 0.019 0.089 0.065 0.007 0.027 0.093
146 Q 0.049 0.065 0.039 0.041 0.008 0.308 0.091 0.036 0.026 0.023 0.041 0.08 0.018 0.013 0.021 0.049 0.036 0.005 0.018 0.031
147 C 0.058 0.015 0.015 0.015 0.526 0.011 0.015 0.048 0.007 0.039 0.056 0.018 0.014 0.018 0.014 0.036 0.032 0.004 0.011 0.049
148 I 0.087 0.018 0.015 0.017 0.015 0.014 0.019 0.026 0.009 0.239 0.135 0.024 0.029 0.065 0.015 0.031 0.04 0.006 0.022 0.176
149 L 0.073 0.022 0.015 0.017 0.014 0.016 0.021 0.025 0.01 0.158 0.256 0.025 0.075 0.063 0.014 0.034 0.034 0.006 0.022 0.098
150 A 0.365 0.028 0.023 0.027 0.019 0.023 0.036 0.069 0.013 0.038 0.052 0.04 0.015 0.019 0.026 0.083 0.045 0.005 0.015 0.06
151 L 0.041 0.022 0.014 0.015 0.014 0.016 0.019 0.02 0.012 0.144 0.29 0.024 0.074 0.05 0.013 0.024 0.031 0.027 0.048 0.103
152 L 0.076 0.022 0.015 0.016 0.014 0.017 0.021 0.026 0.01 0.128 0.279 0.025 0.077 0.043 0.014 0.029 0.032 0.045 0.022 0.089
153 I 0.044 0.021 0.029 0.019 0.014 0.015 0.02 0.022 0.01 0.293 0.134 0.035 0.039 0.051 0.014 0.035 0.037 0.006 0.02 0.143
154 D 0.039 0.03 0.054 0.367 0.007 0.036 0.125 0.039 0.018 0.021 0.029 0.044 0.01 0.017 0.02 0.047 0.042 0.004 0.025 0.025
155 N 0.045 0.106 0.14 0.041 0.019 0.026 0.035 0.039 0.02 0.051 0.07 0.049 0.017 0.087 0.016 0.072 0.039 0.026 0.04 0.061
156 I 0.049 0.022 0.059 0.025 0.013 0.017 0.024 0.028 0.015 0.198 0.105 0.027 0.025 0.071 0.015 0.059 0.039 0.008 0.062 0.139
157 P 0.051 0.023 0.022 0.042 0.01 0.018 0.033 0.032 0.011 0.046 0.054 0.035 0.012 0.015 0.458 0.047 0.034 0.003 0.012 0.042
158 A 0.198 0.028 0.025 0.029 0.015 0.033 0.053 0.049 0.014 0.051 0.074 0.039 0.026 0.053 0.069 0.086 0.042 0.025 0.022 0.068
159 F 0.043 0.019 0.015 0.016 0.013 0.013 0.019 0.022 0.011 0.127 0.181 0.021 0.029 0.188 0.012 0.026 0.042 0.009 0.04 0.155
160 K 0.059 0.147 0.048 0.035 0.008 0.116 0.062 0.036 0.021 0.028 0.043 0.182 0.015 0.018 0.021 0.046 0.035 0.006 0.03 0.042
161 L 0.083 0.041 0.074 0.055 0.011 0.07 0.08 0.058 0.041 0.046 0.115 0.052 0.028 0.039 0.019 0.062 0.053 0.006 0.02 0.047
162 F 0.07 0.019 0.015 0.016 0.012 0.013 0.019 0.027 0.012 0.082 0.189 0.021 0.027 0.224 0.012 0.028 0.027 0.068 0.049 0.069
163 V 0.082 0.022 0.016 0.017 0.016 0.016 0.023 0.025 0.008 0.152 0.111 0.036 0.027 0.031 0.016 0.032 0.042 0.005 0.018 0.305
164 D 0.037 0.043 0.11 0.345 0.007 0.028 0.081 0.042 0.033 0.032 0.031 0.043 0.01 0.015 0.019 0.047 0.033 0.004 0.013 0.027
165 S 0.113 0.084 0.052 0.037 0.014 0.049 0.045 0.05 0.017 0.032 0.057 0.054 0.016 0.019 0.024 0.174 0.098 0.005 0.016 0.044
166 Y 0.039 0.023 0.032 0.019 0.011 0.017 0.023 0.023 0.041 0.1 0.121 0.026 0.023 0.095 0.013 0.027 0.029 0.036 0.21 0.092
167 I 0.049 0.018 0.015 0.016 0.015 0.013 0.018 0.021 0.008 0.239 0.13 0.022 0.038 0.066 0.014 0.027 0.048 0.006 0.022 0.214
168 A 0.101 0.034 0.055 0.074 0.011 0.034 0.099 0.099 0.018 0.037 0.056 0.042 0.032 0.064 0.02 0.087 0.039 0.007 0.041 0.051
169 T 0.073 0.036 0.044 0.038 0.018 0.028 0.04 0.044 0.014 0.054 0.065 0.046 0.02 0.024 0.028 0.093 0.243 0.006 0.018 0.071
170 E 0.055 0.05 0.041 0.091 0.007 0.065 0.293 0.035 0.026 0.022 0.037 0.076 0.013 0.017 0.026 0.055 0.037 0.006 0.017 0.031
171 N 0.043 0.045 0.314 0.083 0.009 0.034 0.05 0.066 0.032 0.023 0.032 0.054 0.011 0.018 0.02 0.07 0.05 0.005 0.016 0.027
172 T 0.073 0.036 0.044 0.038 0.018 0.028 0.04 0.044 0.014 0.054 0.065 0.046 0.02 0.024 0.028 0.093 0.243 0.006 0.018 0.071
173 I 0.047 0.019 0.015 0.017 0.016 0.014 0.018 0.021 0.009 0.231 0.22 0.024 0.04 0.047 0.015 0.025 0.038 0.006 0.021 0.157
174 Q 0.062 0.051 0.05 0.063 0.009 0.201 0.077 0.087 0.022 0.029 0.059 0.064 0.026 0.016 0.03 0.05 0.046 0.005 0.017 0.036
175 F 0.034 0.019 0.017 0.017 0.011 0.011 0.019 0.025 0.017 0.064 0.114 0.019 0.025 0.385 0.011 0.025 0.025 0.017 0.089 0.055
176 D 0.041 0.03 0.069 0.396 0.008 0.03 0.092 0.047 0.019 0.022 0.028 0.045 0.009 0.015 0.022 0.052 0.035 0.004 0.011 0.024
177 W 0.03 0.023 0.015 0.015 0.008 0.015 0.023 0.03 0.015 0.03 0.053 0.023 0.015 0.061 0.008 0.023 0.023 0.491 0.068 0.03
178 V 0.07 0.022 0.017 0.018 0.019 0.017 0.023 0.025 0.008 0.165 0.131 0.026 0.032 0.036 0.017 0.033 0.05 0.006 0.021 0.267
179 G 0.088 0.023 0.035 0.062 0.01 0.02 0.042 0.419 0.013 0.024 0.031 0.033 0.01 0.015 0.037 0.056 0.03 0.005 0.011 0.037
180 Q 0.096 0.052 0.049 0.057 0.01 0.199 0.095 0.042 0.022 0.027 0.044 0.066 0.017 0.03 0.021 0.063 0.049 0.005 0.019 0.036
181 D 0.07 0.032 0.044 0.215 0.009 0.043 0.144 0.096 0.032 0.032 0.036 0.048 0.012 0.016 0.02 0.053 0.039 0.004 0.014 0.042
182 F 0.046 0.036 0.031 0.019 0.01 0.024 0.024 0.026 0.018 0.053 0.117 0.027 0.022 0.307 0.012 0.03 0.037 0.013 0.096 0.05
183 L 0.041 0.023 0.017 0.024 0.013 0.017 0.022 0.023 0.015 0.08 0.261 0.025 0.073 0.13 0.013 0.035 0.03 0.01 0.075 0.074
184 E 0.055 0.066 0.103 0.072 0.009 0.069 0.113 0.098 0.036 0.027 0.06 0.089 0.019 0.018 0.02 0.058 0.036 0.005 0.016 0.032
185 L 0.061 0.048 0.091 0.042 0.013 0.032 0.043 0.044 0.019 0.092 0.095 0.091 0.05 0.029 0.021 0.082 0.05 0.006 0.019 0.073
186 P 0.053 0.035 0.106 0.045 0.011 0.028 0.041 0.044 0.065 0.033 0.046 0.044 0.014 0.034 0.141 0.06 0.091 0.008 0.059 0.041
187 E 0.049 0.074 0.07 0.095 0.008 0.041 0.159 0.037 0.02 0.026 0.041 0.111 0.021 0.02 0.041 0.063 0.057 0.005 0.028 0.032
188 A 0.288 0.031 0.026 0.03 0.022 0.026 0.041 0.078 0.015 0.043 0.06 0.045 0.018 0.022 0.03 0.085 0.05 0.005 0.018 0.069
189 V 0.067 0.023 0.021 0.041 0.014 0.021 0.062 0.064 0.01 0.127 0.123 0.03 0.037 0.03 0.016 0.035 0.049 0.005 0.017 0.208
190 G 0.05 0.068 0.122 0.107 0.008 0.038 0.059 0.218 0.041 0.02 0.03 0.058 0.01 0.015 0.018 0.05 0.043 0.005 0.014 0.025
191 R 0.039 0.423 0.034 0.027 0.007 0.043 0.046 0.029 0.021 0.021 0.041 0.106 0.014 0.015 0.017 0.039 0.031 0.005 0.015 0.027
192 L 0.04 0.022 0.013 0.014 0.014 0.015 0.018 0.019 0.009 0.114 0.414 0.023 0.059 0.047 0.013 0.022 0.03 0.006 0.02 0.088
193 Y 0.04 0.025 0.021 0.018 0.009 0.019 0.026 0.024 0.037 0.05 0.063 0.028 0.017 0.118 0.014 0.047 0.028 0.022 0.346 0.045
194 G 0.07 0.021 0.035 0.03 0.01 0.017 0.023 0.55 0.012 0.017 0.025 0.03 0.008 0.014 0.017 0.055 0.028 0.005 0.01 0.022
195 I 0.042 0.016 0.013 0.015 0.014 0.012 0.016 0.018 0.008 0.327 0.174 0.021 0.033 0.04 0.013 0.022 0.035 0.005 0.018 0.156
196 G 0.069 0.02 0.034 0.03 0.01 0.017 0.023 0.568 0.012 0.017 0.025 0.03 0.008 0.014 0.017 0.045 0.026 0.005 0.01 0.021
197 A 0.351 0.026 0.022 0.025 0.038 0.022 0.034 0.066 0.013 0.05 0.056 0.038 0.016 0.02 0.025 0.072 0.043 0.005 0.015 0.064
198 A 0.208 0.032 0.049 0.038 0.016 0.027 0.054 0.062 0.016 0.031 0.043 0.045 0.014 0.018 0.026 0.196 0.058 0.005 0.015 0.046
199 L 0.039 0.021 0.013 0.013 0.014 0.014 0.018 0.019 0.009 0.1 0.437 0.022 0.043 0.063 0.012 0.021 0.029 0.007 0.022 0.083
200 D 0.036 0.026 0.061 0.469 0.007 0.026 0.081 0.041 0.016 0.02 0.025 0.039 0.008 0.013 0.02 0.046 0.031 0.003 0.01 0.021
201 P 0.058 0.025 0.04 0.027 0.013 0.019 0.03 0.032 0.011 0.079 0.068 0.033 0.018 0.021 0.195 0.06 0.104 0.004 0.015 0.145
202 A 0.333 0.027 0.025 0.028 0.018 0.023 0.035 0.104 0.013 0.036 0.049 0.039 0.015 0.019 0.025 0.09 0.045 0.005 0.015 0.056
203 G 0.069 0.02 0.034 0.03 0.01 0.017 0.023 0.568 0.012 0.017 0.025 0.03 0.008 0.014 0.017 0.045 0.026 0.005 0.01 0.021
204 V 0.064 0.025 0.025 0.024 0.016 0.019 0.028 0.032 0.011 0.127 0.144 0.031 0.034 0.031 0.018 0.104 0.079 0.005 0.018 0.168
205 R 0.039 0.423 0.034 0.027 0.007 0.043 0.046 0.029 0.021 0.021 0.041 0.106 0.014 0.015 0.017 0.039 0.031 0.005 0.015 0.027
206 F 0.03 0.017 0.015 0.015 0.009 0.009 0.017 0.022 0.015 0.056 0.101 0.017 0.022 0.46 0.009 0.022 0.022 0.015 0.078 0.048
207 S 0.187 0.033 0.039 0.037 0.017 0.027 0.042 0.061 0.015 0.031 0.043 0.045 0.014 0.019 0.026 0.226 0.072 0.005 0.015 0.046
208 A 0.172 0.023 0.019 0.02 0.054 0.017 0.026 0.04 0.01 0.118 0.142 0.029 0.025 0.029 0.019 0.048 0.06 0.005 0.017 0.127
209 V 0.105 0.021 0.023 0.018 0.036 0.016 0.023 0.029 0.009 0.134 0.103 0.026 0.025 0.029 0.016 0.037 0.048 0.005 0.017 0.28
210 L 0.051 0.022 0.013 0.014 0.014 0.015 0.018 0.021 0.009 0.099 0.436 0.023 0.043 0.047 0.013 0.023 0.03 0.006 0.019 0.084
211 V 0.068 0.019 0.014 0.016 0.016 0.014 0.019 0.023 0.008 0.192 0.175 0.023 0.031 0.051 0.014 0.028 0.038 0.006 0.02 0.227
212 L 0.068 0.024 0.016 0.017 0.014 0.019 0.022 0.045 0.011 0.125 0.24 0.028 0.136 0.041 0.014 0.031 0.034 0.006 0.019 0.089
213 L 0.043 0.019 0.014 0.015 0.033 0.014 0.018 0.02 0.009 0.223 0.252 0.022 0.052 0.041 0.013 0.024 0.039 0.006 0.019 0.127
214 A 0.257 0.027 0.026 0.027 0.017 0.022 0.033 0.123 0.013 0.056 0.06 0.037 0.029 0.021 0.023 0.076 0.073 0.005 0.015 0.061
215 F 0.099 0.026 0.026 0.023 0.011 0.02 0.029 0.092 0.108 0.041 0.063 0.029 0.017 0.164 0.016 0.038 0.028 0.012 0.109 0.051
216 L 0.045 0.023 0.016 0.017 0.014 0.035 0.024 0.021 0.01 0.155 0.266 0.027 0.047 0.055 0.014 0.026 0.039 0.006 0.021 0.139
217 L 0.055 0.022 0.015 0.016 0.014 0.02 0.021 0.022 0.01 0.147 0.332 0.025 0.046 0.043 0.014 0.035 0.033 0.006 0.019 0.105
218 L 0.078 0.025 0.051 0.027 0.071 0.02 0.028 0.047 0.027 0.095 0.126 0.031 0.039 0.028 0.018 0.089 0.054 0.005 0.018 0.121
219 K 0.051 0.087 0.086 0.062 0.009 0.06 0.102 0.04 0.024 0.027 0.051 0.168 0.014 0.016 0.022 0.073 0.055 0.005 0.015 0.032
220 D 0.044 0.045 0.132 0.184 0.009 0.028 0.075 0.042 0.02 0.041 0.057 0.044 0.022 0.023 0.019 0.068 0.059 0.025 0.029 0.037
221 E 0.082 0.059 0.048 0.094 0.009 0.062 0.144 0.038 0.026 0.042 0.046 0.099 0.014 0.032 0.04 0.049 0.045 0.005 0.018 0.049
222 K 0.08 0.078 0.056 0.06 0.01 0.081 0.109 0.04 0.034 0.033 0.056 0.114 0.015 0.018 0.04 0.069 0.038 0.005 0.019 0.046
223 V 0.068 0.034 0.034 0.046 0.014 0.021 0.044 0.031 0.013 0.129 0.117 0.034 0.024 0.033 0.018 0.057 0.111 0.006 0.033 0.133
224 R 0.056 0.17 0.043 0.035 0.021 0.036 0.058 0.059 0.034 0.033 0.067 0.115 0.016 0.019 0.021 0.088 0.064 0.005 0.017 0.043
225 N 0.056 0.089 0.089 0.064 0.01 0.076 0.064 0.04 0.05 0.029 0.046 0.081 0.023 0.037 0.02 0.078 0.07 0.006 0.034 0.035
226 N 0.059 0.074 0.198 0.086 0.009 0.032 0.049 0.052 0.037 0.032 0.037 0.098 0.012 0.017 0.02 0.075 0.053 0.004 0.016 0.038
227 K 0.069 0.097 0.069 0.037 0.01 0.034 0.046 0.085 0.033 0.05 0.047 0.165 0.015 0.034 0.021 0.082 0.042 0.005 0.019 0.04
228 W 0.041 0.037 0.02 0.02 0.01 0.021 0.029 0.055 0.013 0.058 0.161 0.093 0.025 0.066 0.014 0.031 0.029 0.176 0.035 0.064
229 L 0.062 0.056 0.03 0.029 0.011 0.079 0.045 0.035 0.02 0.039 0.089 0.076 0.023 0.045 0.039 0.071 0.075 0.06 0.073 0.044
230 I 0.049 0.031 0.034 0.024 0.014 0.029 0.038 0.045 0.013 0.172 0.114 0.031 0.046 0.05 0.016 0.036 0.073 0.006 0.033 0.147
231 V 0.075 0.02 0.017 0.018 0.014 0.015 0.021 0.046 0.01 0.156 0.133 0.025 0.026 0.087 0.015 0.042 0.049 0.045 0.028 0.157
232 L 0.08 0.021 0.019 0.019 0.032 0.015 0.022 0.068 0.012 0.087 0.173 0.025 0.026 0.105 0.015 0.04 0.053 0.066 0.038 0.086
233 Y 0.049 0.024 0.018 0.016 0.011 0.018 0.023 0.023 0.041 0.062 0.194 0.027 0.043 0.094 0.014 0.028 0.028 0.016 0.212 0.058
234 L 0.053 0.021 0.015 0.016 0.014 0.015 0.02 0.023 0.01 0.135 0.304 0.024 0.044 0.073 0.014 0.028 0.052 0.026 0.025 0.09
235 L 0.069 0.02 0.017 0.018 0.014 0.015 0.02 0.044 0.01 0.16 0.199 0.024 0.03 0.089 0.015 0.033 0.06 0.007 0.025 0.131
236 A 0.255 0.027 0.027 0.028 0.055 0.022 0.034 0.096 0.013 0.04 0.064 0.037 0.016 0.02 0.024 0.111 0.047 0.005 0.015 0.064
237 F 0.031 0.018 0.016 0.015 0.009 0.011 0.018 0.022 0.019 0.053 0.095 0.018 0.022 0.411 0.01 0.023 0.023 0.016 0.124 0.047
238 F 0.065 0.019 0.016 0.017 0.013 0.013 0.019 0.054 0.011 0.134 0.145 0.022 0.035 0.202 0.013 0.028 0.031 0.009 0.041 0.114
239 I 0.046 0.02 0.019 0.019 0.014 0.014 0.02 0.023 0.01 0.213 0.129 0.024 0.028 0.11 0.015 0.035 0.096 0.007 0.028 0.13
240 I 0.042 0.017 0.014 0.016 0.014 0.013 0.017 0.019 0.008 0.319 0.167 0.022 0.041 0.039 0.013 0.024 0.045 0.005 0.018 0.145
241 A 0.171 0.026 0.028 0.028 0.035 0.021 0.032 0.086 0.013 0.067 0.063 0.035 0.017 0.052 0.022 0.095 0.112 0.006 0.02 0.072
242 V 0.052 0.018 0.015 0.016 0.016 0.014 0.019 0.021 0.008 0.23 0.151 0.023 0.031 0.035 0.014 0.027 0.049 0.005 0.018 0.24
243 I 0.061 0.019 0.015 0.016 0.015 0.014 0.019 0.022 0.008 0.226 0.168 0.023 0.035 0.036 0.014 0.029 0.048 0.005 0.018 0.207
244 G 0.069 0.02 0.034 0.03 0.01 0.017 0.023 0.568 0.012 0.017 0.025 0.03 0.008 0.014 0.017 0.045 0.026 0.005 0.01 0.021
245 N 0.052 0.037 0.339 0.081 0.047 0.028 0.043 0.055 0.025 0.022 0.031 0.045 0.01 0.016 0.018 0.064 0.043 0.004 0.014 0.027
246 M 0.066 0.028 0.019 0.019 0.015 0.024 0.026 0.028 0.014 0.094 0.16 0.032 0.228 0.04 0.015 0.044 0.038 0.007 0.021 0.081
247 I 0.044 0.019 0.014 0.016 0.014 0.015 0.018 0.02 0.009 0.276 0.162 0.023 0.081 0.039 0.013 0.025 0.036 0.006 0.019 0.152
248 A 0.246 0.031 0.034 0.034 0.017 0.026 0.041 0.064 0.015 0.033 0.045 0.043 0.015 0.019 0.026 0.185 0.057 0.005 0.015 0.05
249 R 0.039 0.423 0.034 0.027 0.007 0.043 0.046 0.029 0.021 0.021 0.041 0.106 0.014 0.015 0.017 0.039 0.031 0.005 0.015 0.027
250 T 0.064 0.031 0.038 0.033 0.016 0.024 0.035 0.038 0.012 0.047 0.057 0.04 0.017 0.021 0.024 0.082 0.336 0.005 0.016 0.063
251 T 0.064 0.031 0.038 0.033 0.016 0.024 0.035 0.038 0.012 0.047 0.057 0.04 0.017 0.021 0.024 0.082 0.336 0.005 0.016 0.063
252 I 0.062 0.026 0.029 0.027 0.015 0.02 0.029 0.044 0.012 0.132 0.125 0.033 0.032 0.045 0.019 0.111 0.119 0.006 0.019 0.097
253 V 0.079 0.02 0.016 0.017 0.016 0.015 0.021 0.025 0.008 0.161 0.138 0.025 0.037 0.033 0.015 0.033 0.054 0.005 0.018 0.262
254 G 0.069 0.02 0.034 0.03 0.01 0.017 0.023 0.568 0.012 0.017 0.025 0.03 0.008 0.014 0.017 0.045 0.026 0.005 0.01 0.021
255 L 0.086 0.023 0.02 0.027 0.034 0.018 0.025 0.049 0.011 0.108 0.179 0.028 0.061 0.056 0.016 0.051 0.053 0.006 0.021 0.128
256 G 0.085 0.02 0.021 0.021 0.014 0.016 0.021 0.198 0.01 0.128 0.162 0.026 0.033 0.03 0.016 0.036 0.033 0.005 0.016 0.11
257 L 0.065 0.022 0.014 0.016 0.023 0.016 0.02 0.024 0.01 0.136 0.317 0.024 0.062 0.046 0.014 0.03 0.034 0.006 0.02 0.102
258 A 0.213 0.027 0.032 0.032 0.015 0.023 0.034 0.213 0.014 0.029 0.04 0.039 0.013 0.017 0.023 0.127 0.046 0.005 0.014 0.043
259 L 0.044 0.019 0.013 0.015 0.033 0.013 0.018 0.02 0.009 0.183 0.262 0.022 0.043 0.064 0.013 0.024 0.033 0.006 0.022 0.145
260 A 0.158 0.022 0.018 0.02 0.016 0.017 0.024 0.068 0.011 0.137 0.145 0.028 0.034 0.064 0.018 0.042 0.037 0.006 0.022 0.115
261 Y 0.036 0.024 0.019 0.017 0.009 0.019 0.024 0.022 0.037 0.042 0.087 0.027 0.018 0.105 0.033 0.027 0.025 0.041 0.346 0.043
262 L 0.048 0.02 0.014 0.015 0.012 0.014 0.019 0.023 0.012 0.123 0.232 0.022 0.039 0.129 0.012 0.024 0.028 0.086 0.05 0.079
263 I 0.094 0.02 0.015 0.017 0.016 0.015 0.021 0.027 0.009 0.191 0.178 0.025 0.047 0.044 0.015 0.032 0.037 0.006 0.019 0.173
264 Y 0.053 0.022 0.016 0.016 0.031 0.016 0.021 0.023 0.022 0.099 0.157 0.025 0.034 0.085 0.014 0.028 0.03 0.033 0.172 0.104
265 S 0.098 0.05 0.062 0.052 0.032 0.029 0.053 0.074 0.046 0.038 0.065 0.066 0.032 0.021 0.021 0.129 0.057 0.005 0.018 0.052
266 S 0.072 0.032 0.05 0.037 0.014 0.026 0.05 0.044 0.016 0.049 0.081 0.041 0.018 0.042 0.032 0.164 0.133 0.006 0.032 0.061
267 L 0.045 0.024 0.014 0.015 0.016 0.016 0.02 0.021 0.01 0.116 0.373 0.025 0.05 0.055 0.014 0.024 0.034 0.007 0.022 0.097
268 R 0.045 0.342 0.039 0.031 0.008 0.049 0.053 0.033 0.023 0.023 0.047 0.121 0.016 0.017 0.019 0.045 0.035 0.006 0.017 0.031
269 N 0.043 0.045 0.314 0.083 0.009 0.034 0.05 0.066 0.032 0.023 0.032 0.054 0.011 0.018 0.02 0.07 0.05 0.005 0.016 0.027
270 F 0.034 0.019 0.017 0.017 0.011 0.011 0.019 0.026 0.017 0.064 0.115 0.019 0.026 0.384 0.011 0.026 0.026 0.017 0.089 0.055
271 G 0.059 0.033 0.034 0.069 0.03 0.022 0.034 0.298 0.013 0.038 0.056 0.079 0.03 0.043 0.018 0.052 0.031 0.005 0.016 0.041
272 L 0.055 0.04 0.018 0.021 0.012 0.019 0.036 0.044 0.011 0.156 0.183 0.053 0.032 0.074 0.034 0.029 0.032 0.026 0.025 0.098
273 R 0.045 0.343 0.039 0.031 0.008 0.049 0.052 0.033 0.023 0.023 0.047 0.121 0.016 0.017 0.019 0.045 0.035 0.006 0.017 0.031
274 S 0.11 0.04 0.054 0.049 0.018 0.033 0.053 0.067 0.019 0.03 0.042 0.054 0.016 0.021 0.03 0.217 0.082 0.005 0.018 0.042
275 F 0.04 0.025 0.021 0.022 0.011 0.028 0.038 0.045 0.058 0.07 0.124 0.028 0.031 0.149 0.032 0.03 0.039 0.086 0.043 0.082
276 R 0.045 0.207 0.061 0.05 0.008 0.054 0.052 0.035 0.019 0.027 0.051 0.16 0.023 0.016 0.049 0.045 0.045 0.005 0.015 0.032
277 L 0.044 0.067 0.044 0.026 0.012 0.026 0.042 0.047 0.045 0.077 0.206 0.058 0.036 0.072 0.015 0.042 0.033 0.006 0.026 0.076
278 G 0.078 0.023 0.039 0.034 0.011 0.019 0.025 0.513 0.013 0.019 0.028 0.034 0.009 0.016 0.019 0.051 0.03 0.005 0.011 0.024
279 G 0.078 0.023 0.039 0.034 0.011 0.019 0.025 0.513 0.013 0.019 0.028 0.034 0.009 0.016 0.019 0.051 0.03 0.005 0.011 0.024
280 I 0.063 0.033 0.044 0.056 0.012 0.035 0.05 0.077 0.034 0.091 0.084 0.061 0.029 0.062 0.018 0.049 0.059 0.007 0.053 0.083
281 N 0.043 0.045 0.314 0.083 0.009 0.034 0.05 0.066 0.032 0.023 0.032 0.054 0.011 0.018 0.02 0.07 0.05 0.005 0.016 0.027
282 I 0.047 0.047 0.018 0.021 0.014 0.019 0.037 0.023 0.011 0.184 0.181 0.038 0.035 0.053 0.037 0.039 0.036 0.006 0.021 0.136
283 K 0.073 0.106 0.054 0.055 0.011 0.053 0.054 0.044 0.018 0.029 0.056 0.156 0.015 0.017 0.034 0.112 0.057 0.005 0.016 0.036
284 G 0.076 0.086 0.05 0.031 0.01 0.029 0.048 0.11 0.021 0.045 0.05 0.068 0.014 0.037 0.082 0.054 0.04 0.008 0.089 0.051
285 S 0.065 0.102 0.072 0.088 0.01 0.035 0.089 0.065 0.023 0.029 0.04 0.087 0.013 0.02 0.021 0.111 0.055 0.005 0.026 0.044
286 S 0.068 0.041 0.079 0.035 0.011 0.057 0.043 0.04 0.044 0.047 0.065 0.077 0.026 0.081 0.019 0.09 0.051 0.009 0.074 0.044
287 L 0.045 0.028 0.09 0.033 0.014 0.02 0.027 0.032 0.015 0.131 0.238 0.032 0.037 0.043 0.016 0.036 0.039 0.006 0.02 0.099
288 L 0.067 0.074 0.025 0.024 0.012 0.033 0.033 0.042 0.014 0.074 0.119 0.073 0.022 0.112 0.017 0.067 0.045 0.027 0.03 0.091
289 K 0.052 0.125 0.071 0.035 0.01 0.035 0.045 0.074 0.017 0.043 0.053 0.169 0.024 0.018 0.02 0.055 0.053 0.005 0.015 0.078
290 L 0.043 0.023 0.018 0.025 0.013 0.015 0.022 0.033 0.011 0.11 0.248 0.035 0.032 0.144 0.013 0.037 0.042 0.008 0.033 0.096
291 W 0.042 0.025 0.022 0.02 0.009 0.017 0.025 0.092 0.04 0.049 0.078 0.037 0.026 0.137 0.013 0.048 0.028 0.16 0.091 0.042
292 L 0.07 0.068 0.026 0.024 0.014 0.022 0.03 0.033 0.013 0.087 0.16 0.039 0.025 0.033 0.037 0.094 0.064 0.025 0.032 0.102
293 V 0.055 0.025 0.033 0.021 0.013 0.018 0.025 0.027 0.013 0.128 0.143 0.039 0.026 0.041 0.015 0.044 0.064 0.067 0.051 0.154
294 F 0.052 0.02 0.016 0.017 0.012 0.013 0.019 0.044 0.012 0.102 0.194 0.022 0.037 0.205 0.012 0.036 0.03 0.029 0.043 0.086
295 G 0.106 0.022 0.025 0.024 0.013 0.017 0.024 0.234 0.011 0.083 0.101 0.029 0.027 0.048 0.017 0.048 0.06 0.006 0.018 0.085
296 L 0.067 0.021 0.022 0.021 0.042 0.016 0.022 0.128 0.01 0.111 0.146 0.026 0.024 0.072 0.016 0.058 0.047 0.006 0.022 0.122
297 L 0.061 0.021 0.016 0.017 0.054 0.016 0.02 0.024 0.009 0.158 0.186 0.025 0.055 0.052 0.015 0.032 0.058 0.006 0.02 0.155
298 L 0.091 0.022 0.016 0.017 0.015 0.016 0.021 0.047 0.01 0.124 0.265 0.026 0.043 0.062 0.015 0.033 0.044 0.006 0.022 0.106
299 L 0.109 0.02 0.017 0.018 0.072 0.015 0.021 0.088 0.01 0.124 0.185 0.025 0.027 0.05 0.016 0.036 0.034 0.006 0.019 0.108
300 L 0.08 0.021 0.016 0.017 0.016 0.015 0.021 0.026 0.009 0.154 0.219 0.025 0.032 0.038 0.015 0.034 0.05 0.005 0.018 0.19
301 A 0.133 0.025 0.026 0.025 0.015 0.02 0.029 0.079 0.012 0.068 0.099 0.033 0.029 0.079 0.02 0.069 0.121 0.006 0.024 0.088
302 I 0.075 0.02 0.017 0.018 0.015 0.015 0.021 0.044 0.009 0.208 0.139 0.025 0.028 0.033 0.016 0.034 0.065 0.005 0.018 0.196
303 P 0.114 0.022 0.021 0.023 0.014 0.017 0.027 0.083 0.011 0.103 0.098 0.031 0.02 0.039 0.161 0.055 0.037 0.005 0.017 0.102
304 L 0.051 0.019 0.014 0.015 0.015 0.014 0.018 0.021 0.009 0.206 0.209 0.022 0.033 0.042 0.013 0.025 0.037 0.026 0.034 0.178
305 S 0.093 0.025 0.028 0.027 0.053 0.02 0.029 0.086 0.012 0.105 0.102 0.033 0.029 0.042 0.019 0.118 0.067 0.005 0.018 0.09
306 V 0.075 0.021 0.019 0.02 0.016 0.016 0.023 0.027 0.009 0.17 0.108 0.027 0.026 0.038 0.017 0.047 0.084 0.005 0.019 0.234
307 Y 0.054 0.032 0.022 0.02 0.01 0.02 0.027 0.027 0.037 0.049 0.086 0.03 0.036 0.124 0.015 0.051 0.041 0.017 0.243 0.058
308 L 0.038 0.023 0.014 0.015 0.013 0.015 0.019 0.02 0.01 0.09 0.363 0.034 0.047 0.12 0.012 0.023 0.029 0.008 0.03 0.076
309 Y 0.036 0.025 0.019 0.016 0.008 0.019 0.025 0.022 0.041 0.038 0.06 0.027 0.016 0.115 0.014 0.027 0.025 0.025 0.399 0.041
310 N 0.046 0.047 0.197 0.055 0.008 0.11 0.068 0.048 0.041 0.023 0.036 0.067 0.013 0.023 0.019 0.072 0.046 0.006 0.044 0.029
311 T 0.108 0.035 0.09 0.04 0.014 0.038 0.041 0.048 0.046 0.035 0.047 0.044 0.015 0.02 0.023 0.112 0.173 0.005 0.018 0.048
312 D 0.047 0.033 0.187 0.237 0.009 0.028 0.059 0.05 0.021 0.022 0.029 0.044 0.01 0.023 0.02 0.097 0.043 0.004 0.014 0.025
313 P 0.088 0.031 0.028 0.069 0.011 0.054 0.066 0.044 0.022 0.056 0.08 0.047 0.017 0.037 0.153 0.054 0.047 0.005 0.024 0.067
314 A 0.097 0.038 0.051 0.063 0.012 0.073 0.094 0.04 0.017 0.071 0.063 0.058 0.026 0.052 0.02 0.078 0.056 0.006 0.02 0.064
315 F 0.035 0.018 0.016 0.016 0.011 0.011 0.018 0.023 0.014 0.075 0.105 0.019 0.032 0.376 0.011 0.025 0.036 0.013 0.066 0.081
316 Y 0.04 0.126 0.034 0.028 0.007 0.057 0.046 0.03 0.135 0.027 0.045 0.094 0.015 0.049 0.017 0.037 0.028 0.012 0.144 0.03
317 D 0.05 0.089 0.072 0.124 0.008 0.048 0.116 0.086 0.034 0.021 0.033 0.117 0.012 0.015 0.021 0.067 0.041 0.005 0.015 0.027
318 N 0.04 0.036 0.149 0.088 0.009 0.067 0.047 0.038 0.052 0.044 0.133 0.043 0.037 0.031 0.017 0.043 0.035 0.006 0.043 0.043
319 L 0.046 0.023 0.017 0.017 0.033 0.018 0.021 0.024 0.011 0.138 0.215 0.026 0.103 0.077 0.014 0.041 0.045 0.007 0.024 0.1
320 R 0.039 0.382 0.036 0.045 0.007 0.042 0.059 0.03 0.035 0.02 0.04 0.1 0.013 0.016 0.017 0.04 0.031 0.005 0.016 0.027
