#Seq2Logo.py -f /work3/idamei/ssn-clusterings/clustering/2205111339/clusters/0010_28/sequences.afa -o /work3/idamei/ssn-clusterings/clustering/2205111339/clusters/0010_28/sequences.logo
#Position Specific Frequency Matrix
A R N D C Q E G H I L K M F P S T W Y V
0 L 0.052 0.032 0.02 0.02 0.016 0.028 0.028 0.028 0.016 0.1 0.197 0.036 0.161 0.048 0.016 0.036 0.04 0.008 0.024 0.092
1 T 0.073 0.036 0.043 0.038 0.018 0.028 0.039 0.043 0.014 0.053 0.065 0.045 0.02 0.024 0.028 0.093 0.246 0.006 0.018 0.071
2 S 0.11 0.04 0.054 0.049 0.018 0.033 0.052 0.066 0.019 0.03 0.042 0.054 0.016 0.021 0.03 0.22 0.082 0.005 0.018 0.042
3 P 0.057 0.026 0.023 0.031 0.01 0.021 0.036 0.036 0.013 0.026 0.036 0.041 0.01 0.013 0.494 0.044 0.036 0.003 0.013 0.031
4 F 0.034 0.019 0.017 0.017 0.011 0.011 0.019 0.025 0.017 0.063 0.114 0.019 0.025 0.387 0.011 0.025 0.025 0.017 0.089 0.055
5 C 0.065 0.016 0.016 0.016 0.484 0.012 0.016 0.032 0.008 0.045 0.065 0.02 0.016 0.02 0.016 0.041 0.037 0.004 0.012 0.057
6 R 0.045 0.345 0.039 0.031 0.008 0.048 0.052 0.033 0.023 0.023 0.047 0.12 0.016 0.017 0.019 0.045 0.035 0.006 0.017 0.031
7 R 0.045 0.345 0.039 0.031 0.008 0.048 0.052 0.033 0.023 0.023 0.047 0.12 0.016 0.017 0.019 0.045 0.035 0.006 0.017 0.031
8 T 0.073 0.036 0.043 0.038 0.018 0.028 0.039 0.043 0.014 0.053 0.065 0.045 0.02 0.024 0.028 0.093 0.246 0.006 0.018 0.071
9 Q 0.056 0.074 0.044 0.047 0.009 0.215 0.103 0.041 0.029 0.026 0.047 0.091 0.021 0.015 0.024 0.056 0.041 0.006 0.021 0.035
10 A 0.29 0.031 0.026 0.03 0.022 0.026 0.04 0.078 0.015 0.043 0.059 0.045 0.018 0.022 0.03 0.085 0.05 0.005 0.018 0.069
11 S 0.11 0.04 0.054 0.049 0.018 0.033 0.052 0.066 0.019 0.03 0.042 0.054 0.016 0.021 0.03 0.22 0.082 0.005 0.018 0.042
12 P 0.057 0.026 0.023 0.031 0.01 0.021 0.036 0.036 0.013 0.026 0.036 0.041 0.01 0.013 0.494 0.044 0.036 0.003 0.013 0.031
13 T 0.073 0.036 0.043 0.038 0.018 0.028 0.039 0.043 0.014 0.053 0.065 0.045 0.02 0.024 0.028 0.093 0.246 0.006 0.018 0.071
14 L 0.05 0.031 0.019 0.019 0.016 0.027 0.027 0.027 0.016 0.097 0.19 0.035 0.189 0.047 0.016 0.035 0.039 0.008 0.023 0.089
15 L 0.05 0.023 0.021 0.021 0.014 0.017 0.024 0.028 0.017 0.131 0.17 0.028 0.031 0.131 0.016 0.056 0.039 0.011 0.079 0.093
16 L 0.063 0.027 0.025 0.024 0.017 0.02 0.028 0.03 0.01 0.107 0.17 0.032 0.031 0.035 0.019 0.051 0.128 0.006 0.019 0.159
17 Y 0.039 0.027 0.021 0.018 0.009 0.021 0.027 0.024 0.045 0.042 0.066 0.03 0.018 0.126 0.015 0.03 0.027 0.027 0.341 0.045
18 L 0.051 0.021 0.015 0.016 0.017 0.015 0.02 0.021 0.009 0.172 0.253 0.024 0.039 0.045 0.015 0.026 0.039 0.006 0.021 0.175
19 G 0.109 0.027 0.037 0.034 0.014 0.022 0.033 0.261 0.014 0.061 0.053 0.038 0.016 0.021 0.022 0.102 0.06 0.005 0.014 0.054
20 I 0.051 0.019 0.015 0.017 0.016 0.014 0.019 0.021 0.008 0.25 0.168 0.024 0.035 0.041 0.015 0.026 0.04 0.006 0.02 0.197
21 Y 0.038 0.025 0.02 0.018 0.009 0.018 0.025 0.024 0.038 0.047 0.077 0.027 0.02 0.197 0.014 0.029 0.026 0.024 0.277 0.047
22 L 0.099 0.028 0.028 0.027 0.017 0.022 0.031 0.1 0.013 0.083 0.128 0.035 0.045 0.031 0.02 0.074 0.074 0.006 0.018 0.121
23 G 0.097 0.026 0.029 0.027 0.015 0.02 0.029 0.192 0.013 0.06 0.173 0.034 0.026 0.031 0.02 0.071 0.054 0.006 0.017 0.06
24 L 0.059 0.024 0.015 0.016 0.016 0.016 0.021 0.024 0.01 0.104 0.358 0.025 0.045 0.073 0.014 0.027 0.033 0.007 0.025 0.089
25 A 0.223 0.029 0.026 0.028 0.019 0.023 0.036 0.061 0.013 0.063 0.106 0.04 0.022 0.026 0.025 0.089 0.05 0.005 0.018 0.095
26 L 0.048 0.023 0.015 0.016 0.016 0.016 0.021 0.022 0.011 0.135 0.255 0.025 0.058 0.092 0.014 0.027 0.036 0.008 0.029 0.135
27 L 0.156 0.029 0.026 0.027 0.018 0.022 0.033 0.049 0.013 0.067 0.183 0.037 0.029 0.033 0.023 0.082 0.074 0.006 0.019 0.073
28 G 0.192 0.036 0.032 0.032 0.015 0.026 0.037 0.241 0.015 0.031 0.044 0.072 0.014 0.018 0.025 0.066 0.04 0.005 0.014 0.046
29 L 0.092 0.024 0.017 0.018 0.015 0.017 0.024 0.033 0.017 0.08 0.203 0.027 0.031 0.144 0.016 0.036 0.034 0.011 0.077 0.085
30 G 0.107 0.029 0.036 0.033 0.015 0.023 0.035 0.171 0.015 0.042 0.093 0.038 0.019 0.072 0.022 0.121 0.05 0.007 0.024 0.048
31 A 0.12 0.074 0.087 0.037 0.015 0.027 0.038 0.049 0.017 0.068 0.104 0.05 0.022 0.026 0.022 0.072 0.074 0.005 0.018 0.077
32 G 0.061 0.068 0.031 0.028 0.012 0.023 0.031 0.156 0.018 0.05 0.063 0.043 0.017 0.082 0.049 0.058 0.065 0.009 0.065 0.072
33 S 0.102 0.105 0.044 0.086 0.013 0.035 0.055 0.052 0.019 0.028 0.042 0.092 0.014 0.018 0.056 0.126 0.053 0.005 0.016 0.038
34 R 0.063 0.201 0.079 0.041 0.01 0.038 0.047 0.106 0.021 0.023 0.04 0.082 0.014 0.018 0.021 0.098 0.046 0.005 0.016 0.031
35 R 0.059 0.21 0.041 0.035 0.011 0.041 0.05 0.04 0.019 0.031 0.048 0.113 0.016 0.019 0.023 0.081 0.1 0.005 0.017 0.041
36 A 0.152 0.045 0.03 0.034 0.015 0.103 0.06 0.051 0.019 0.084 0.075 0.058 0.022 0.023 0.024 0.06 0.044 0.006 0.019 0.076
37 S 0.077 0.049 0.121 0.06 0.013 0.038 0.086 0.057 0.022 0.026 0.038 0.086 0.014 0.018 0.026 0.153 0.061 0.005 0.016 0.035
38 G 0.075 0.029 0.07 0.035 0.013 0.022 0.032 0.164 0.015 0.044 0.09 0.037 0.018 0.028 0.02 0.06 0.108 0.069 0.022 0.05
39 P 0.107 0.032 0.027 0.029 0.016 0.048 0.04 0.041 0.014 0.069 0.108 0.043 0.023 0.025 0.114 0.056 0.085 0.005 0.018 0.102
40 L 0.096 0.024 0.019 0.02 0.016 0.018 0.025 0.033 0.012 0.133 0.192 0.029 0.052 0.086 0.017 0.04 0.052 0.007 0.028 0.1
41 L 0.109 0.025 0.018 0.019 0.016 0.018 0.025 0.036 0.013 0.08 0.214 0.029 0.052 0.133 0.017 0.04 0.035 0.009 0.037 0.076
42 V 0.12 0.022 0.018 0.019 0.078 0.017 0.025 0.038 0.011 0.113 0.113 0.028 0.025 0.034 0.018 0.043 0.041 0.068 0.024 0.146
43 L 0.118 0.024 0.02 0.021 0.016 0.018 0.025 0.099 0.012 0.085 0.179 0.029 0.029 0.081 0.018 0.043 0.038 0.007 0.027 0.11
44 L 0.058 0.025 0.023 0.023 0.015 0.018 0.026 0.031 0.012 0.112 0.134 0.029 0.027 0.084 0.017 0.062 0.07 0.07 0.033 0.13
45 G 0.158 0.027 0.029 0.028 0.015 0.022 0.031 0.203 0.017 0.042 0.09 0.036 0.018 0.036 0.022 0.068 0.039 0.008 0.056 0.052
46 L 0.085 0.021 0.019 0.02 0.016 0.016 0.022 0.091 0.01 0.166 0.186 0.027 0.032 0.038 0.017 0.035 0.038 0.006 0.019 0.135
47 F 0.04 0.02 0.017 0.018 0.011 0.012 0.021 0.026 0.015 0.069 0.103 0.022 0.023 0.312 0.074 0.028 0.029 0.013 0.068 0.08
48 L 0.042 0.023 0.014 0.015 0.015 0.015 0.019 0.021 0.011 0.105 0.361 0.024 0.045 0.097 0.013 0.024 0.031 0.008 0.03 0.088
49 V 0.062 0.023 0.019 0.019 0.018 0.017 0.024 0.025 0.009 0.145 0.171 0.027 0.033 0.037 0.017 0.037 0.072 0.006 0.02 0.22
50 L 0.042 0.021 0.015 0.016 0.013 0.014 0.02 0.024 0.011 0.114 0.211 0.023 0.033 0.095 0.012 0.024 0.031 0.133 0.04 0.107
51 F 0.033 0.018 0.016 0.016 0.01 0.01 0.018 0.025 0.016 0.061 0.11 0.018 0.025 0.408 0.01 0.025 0.025 0.016 0.086 0.053
52 L 0.054 0.027 0.018 0.019 0.016 0.023 0.025 0.025 0.013 0.137 0.171 0.031 0.13 0.043 0.015 0.033 0.041 0.007 0.022 0.151
53 G 0.076 0.022 0.038 0.033 0.01 0.018 0.025 0.527 0.013 0.018 0.027 0.033 0.009 0.016 0.018 0.05 0.029 0.005 0.01 0.023
54 G 0.104 0.03 0.037 0.034 0.015 0.023 0.035 0.169 0.015 0.039 0.055 0.039 0.016 0.068 0.023 0.1 0.116 0.007 0.024 0.05
55 R 0.043 0.367 0.037 0.03 0.008 0.047 0.051 0.032 0.023 0.023 0.045 0.116 0.015 0.017 0.019 0.043 0.034 0.006 0.017 0.03
56 L 0.045 0.07 0.022 0.027 0.012 0.027 0.063 0.026 0.021 0.071 0.167 0.044 0.047 0.1 0.016 0.033 0.033 0.011 0.088 0.075
57 E 0.046 0.041 0.061 0.151 0.008 0.065 0.161 0.038 0.022 0.04 0.044 0.057 0.014 0.022 0.021 0.048 0.035 0.068 0.022 0.037
58 V 0.069 0.026 0.026 0.024 0.018 0.02 0.028 0.031 0.01 0.119 0.102 0.032 0.026 0.03 0.02 0.053 0.132 0.005 0.019 0.209
59 G 0.076 0.022 0.038 0.033 0.01 0.018 0.025 0.527 0.013 0.018 0.027 0.033 0.009 0.016 0.018 0.05 0.029 0.005 0.01 0.023
60 C 0.063 0.016 0.016 0.016 0.501 0.012 0.016 0.031 0.008 0.043 0.063 0.02 0.016 0.02 0.016 0.039 0.035 0.004 0.012 0.055
61 D 0.04 0.029 0.067 0.418 0.007 0.029 0.088 0.045 0.018 0.022 0.027 0.043 0.009 0.014 0.022 0.05 0.034 0.004 0.011 0.023
62 F 0.034 0.021 0.017 0.017 0.01 0.014 0.021 0.025 0.023 0.052 0.092 0.022 0.022 0.294 0.011 0.026 0.025 0.081 0.147 0.048
63 S 0.068 0.04 0.035 0.034 0.013 0.052 0.046 0.043 0.017 0.047 0.115 0.061 0.023 0.054 0.021 0.117 0.064 0.069 0.029 0.05
64 G 0.118 0.028 0.037 0.033 0.015 0.023 0.032 0.26 0.013 0.035 0.046 0.039 0.014 0.019 0.023 0.071 0.124 0.005 0.014 0.048
65 Y 0.039 0.027 0.021 0.018 0.009 0.021 0.027 0.024 0.045 0.042 0.066 0.03 0.018 0.126 0.015 0.03 0.027 0.027 0.341 0.045
66 L 0.081 0.03 0.024 0.029 0.014 0.025 0.064 0.033 0.022 0.067 0.185 0.037 0.029 0.059 0.019 0.044 0.063 0.011 0.1 0.067
67 L 0.052 0.038 0.049 0.032 0.013 0.063 0.044 0.035 0.062 0.065 0.201 0.044 0.031 0.059 0.018 0.062 0.039 0.007 0.029 0.06
68 R 0.043 0.367 0.037 0.03 0.008 0.047 0.051 0.032 0.023 0.023 0.045 0.116 0.015 0.017 0.019 0.043 0.034 0.006 0.017 0.03
69 F 0.033 0.02 0.017 0.016 0.01 0.012 0.02 0.025 0.02 0.055 0.097 0.02 0.022 0.329 0.01 0.025 0.025 0.079 0.115 0.049
70 N 0.085 0.085 0.107 0.048 0.012 0.035 0.077 0.045 0.02 0.059 0.062 0.086 0.018 0.022 0.021 0.054 0.043 0.005 0.017 0.1
71 Y 0.053 0.033 0.048 0.033 0.012 0.038 0.053 0.035 0.027 0.049 0.104 0.04 0.022 0.105 0.019 0.068 0.067 0.014 0.127 0.052
72 L 0.048 0.025 0.021 0.02 0.015 0.018 0.024 0.026 0.013 0.103 0.264 0.029 0.037 0.076 0.016 0.038 0.083 0.009 0.048 0.087
73 Y 0.041 0.025 0.02 0.019 0.01 0.019 0.026 0.025 0.033 0.051 0.109 0.029 0.022 0.138 0.076 0.03 0.028 0.02 0.228 0.05
74 P 0.085 0.034 0.067 0.037 0.012 0.049 0.043 0.044 0.018 0.035 0.051 0.046 0.015 0.065 0.205 0.056 0.067 0.006 0.024 0.042
75 P 0.052 0.048 0.08 0.136 0.009 0.031 0.057 0.104 0.018 0.023 0.033 0.107 0.011 0.015 0.144 0.051 0.036 0.004 0.013 0.027
76 L 0.097 0.024 0.024 0.024 0.016 0.019 0.026 0.105 0.011 0.137 0.14 0.031 0.028 0.033 0.019 0.058 0.058 0.006 0.018 0.125
77 Y 0.048 0.039 0.031 0.054 0.008 0.043 0.163 0.03 0.036 0.033 0.053 0.053 0.016 0.074 0.021 0.043 0.032 0.017 0.168 0.039
78 G 0.063 0.032 0.081 0.089 0.011 0.027 0.045 0.167 0.062 0.026 0.036 0.043 0.012 0.019 0.083 0.079 0.069 0.005 0.019 0.032
79 W 0.035 0.021 0.015 0.016 0.011 0.013 0.02 0.025 0.014 0.088 0.148 0.021 0.027 0.165 0.01 0.023 0.027 0.198 0.058 0.066
80 D 0.095 0.032 0.092 0.116 0.012 0.028 0.079 0.077 0.019 0.041 0.091 0.042 0.018 0.07 0.02 0.053 0.038 0.006 0.024 0.045
81 E 0.092 0.043 0.081 0.104 0.012 0.064 0.125 0.05 0.022 0.029 0.042 0.059 0.014 0.018 0.025 0.087 0.074 0.005 0.016 0.04
82 L 0.086 0.022 0.019 0.02 0.016 0.016 0.023 0.092 0.011 0.12 0.175 0.027 0.03 0.083 0.016 0.036 0.037 0.007 0.027 0.136
83 F 0.041 0.022 0.018 0.018 0.013 0.015 0.021 0.026 0.013 0.098 0.175 0.024 0.03 0.182 0.013 0.032 0.059 0.073 0.05 0.077
84 G 0.068 0.118 0.045 0.088 0.011 0.047 0.069 0.166 0.019 0.023 0.037 0.066 0.013 0.017 0.022 0.098 0.044 0.005 0.015 0.03
85 R 0.053 0.121 0.078 0.087 0.011 0.058 0.054 0.071 0.02 0.038 0.086 0.066 0.019 0.022 0.021 0.065 0.068 0.005 0.016 0.042
86 T 0.095 0.04 0.039 0.049 0.013 0.061 0.115 0.104 0.018 0.035 0.049 0.055 0.016 0.019 0.025 0.07 0.125 0.005 0.016 0.049
87 E 0.053 0.048 0.039 0.087 0.007 0.062 0.32 0.034 0.025 0.021 0.036 0.073 0.012 0.016 0.025 0.053 0.036 0.005 0.016 0.03
88 P 0.064 0.025 0.028 0.03 0.012 0.02 0.031 0.157 0.012 0.043 0.048 0.037 0.013 0.017 0.265 0.049 0.065 0.004 0.013 0.066
89 G 0.07 0.022 0.035 0.031 0.01 0.017 0.024 0.464 0.013 0.024 0.038 0.031 0.011 0.065 0.017 0.046 0.028 0.007 0.02 0.027
90 F 0.032 0.019 0.016 0.016 0.01 0.011 0.019 0.025 0.016 0.057 0.103 0.019 0.023 0.364 0.01 0.024 0.024 0.078 0.083 0.05
91 E 0.066 0.041 0.037 0.045 0.01 0.062 0.116 0.037 0.109 0.04 0.093 0.052 0.02 0.073 0.02 0.057 0.035 0.007 0.036 0.042
92 L 0.076 0.025 0.016 0.017 0.015 0.018 0.023 0.029 0.012 0.091 0.285 0.028 0.058 0.049 0.015 0.032 0.034 0.07 0.027 0.081
93 L 0.047 0.022 0.014 0.016 0.016 0.015 0.019 0.021 0.009 0.163 0.304 0.024 0.043 0.048 0.014 0.025 0.036 0.006 0.021 0.137
94 N 0.068 0.04 0.244 0.065 0.011 0.031 0.045 0.059 0.026 0.033 0.053 0.049 0.034 0.022 0.021 0.087 0.051 0.005 0.017 0.038
95 G 0.054 0.024 0.023 0.022 0.012 0.018 0.025 0.12 0.02 0.09 0.116 0.029 0.023 0.059 0.015 0.045 0.035 0.074 0.104 0.092
96 L 0.067 0.024 0.017 0.018 0.016 0.017 0.023 0.027 0.01 0.119 0.305 0.027 0.041 0.046 0.016 0.042 0.039 0.006 0.021 0.118
97 V 0.127 0.025 0.021 0.022 0.019 0.019 0.028 0.039 0.01 0.11 0.135 0.032 0.028 0.032 0.02 0.051 0.074 0.006 0.019 0.184
98 K 0.048 0.138 0.031 0.03 0.01 0.051 0.049 0.032 0.022 0.07 0.079 0.14 0.04 0.037 0.02 0.041 0.036 0.008 0.059 0.058
99 D 0.069 0.086 0.084 0.143 0.01 0.038 0.093 0.047 0.02 0.028 0.04 0.09 0.013 0.017 0.024 0.071 0.07 0.005 0.015 0.036
100 L 0.146 0.027 0.019 0.021 0.018 0.021 0.028 0.042 0.012 0.094 0.216 0.033 0.062 0.039 0.02 0.048 0.04 0.006 0.02 0.087
101 G 0.071 0.023 0.041 0.081 0.01 0.02 0.033 0.466 0.014 0.019 0.027 0.034 0.009 0.015 0.019 0.05 0.029 0.005 0.01 0.023
102 L 0.073 0.024 0.015 0.016 0.014 0.017 0.023 0.03 0.012 0.082 0.268 0.026 0.036 0.05 0.014 0.03 0.032 0.132 0.032 0.074
103 G 0.06 0.031 0.064 0.115 0.009 0.029 0.078 0.285 0.062 0.02 0.03 0.042 0.01 0.017 0.02 0.05 0.031 0.005 0.017 0.024
104 Y 0.037 0.024 0.019 0.017 0.009 0.017 0.024 0.024 0.034 0.049 0.083 0.026 0.02 0.232 0.013 0.028 0.026 0.023 0.245 0.048
105 L 0.053 0.033 0.102 0.038 0.014 0.026 0.034 0.039 0.018 0.071 0.107 0.04 0.081 0.031 0.08 0.05 0.071 0.006 0.019 0.089
106 W 0.041 0.022 0.02 0.019 0.008 0.016 0.023 0.154 0.014 0.027 0.045 0.025 0.013 0.048 0.01 0.029 0.024 0.383 0.052 0.028
107 L 0.054 0.022 0.015 0.016 0.017 0.016 0.021 0.022 0.009 0.132 0.278 0.025 0.04 0.045 0.015 0.027 0.039 0.006 0.021 0.181
108 N 0.045 0.037 0.259 0.065 0.011 0.028 0.041 0.053 0.025 0.073 0.059 0.045 0.016 0.023 0.018 0.058 0.047 0.005 0.016 0.078
109 L 0.05 0.022 0.016 0.017 0.015 0.017 0.022 0.023 0.015 0.144 0.165 0.026 0.051 0.098 0.014 0.029 0.037 0.01 0.069 0.159
110 L 0.113 0.024 0.02 0.022 0.045 0.018 0.027 0.039 0.013 0.063 0.153 0.03 0.026 0.125 0.08 0.046 0.05 0.008 0.034 0.065
111 A 0.267 0.028 0.025 0.028 0.081 0.023 0.036 0.068 0.013 0.043 0.058 0.04 0.017 0.021 0.027 0.077 0.061 0.005 0.016 0.065
112 A 0.223 0.034 0.037 0.037 0.019 0.028 0.044 0.071 0.016 0.036 0.05 0.047 0.016 0.021 0.029 0.154 0.062 0.005 0.017 0.055
113 A 0.177 0.027 0.027 0.028 0.018 0.022 0.033 0.114 0.013 0.099 0.08 0.037 0.021 0.026 0.023 0.081 0.048 0.005 0.017 0.106
114 I 0.048 0.018 0.014 0.017 0.016 0.014 0.018 0.02 0.009 0.256 0.187 0.023 0.036 0.043 0.014 0.025 0.039 0.006 0.02 0.176
115 F 0.041 0.025 0.019 0.018 0.012 0.019 0.024 0.025 0.026 0.069 0.15 0.028 0.066 0.168 0.014 0.029 0.03 0.017 0.158 0.064
116 V 0.053 0.02 0.018 0.019 0.015 0.014 0.02 0.086 0.011 0.137 0.15 0.024 0.029 0.129 0.014 0.03 0.036 0.008 0.035 0.152
117 A 0.142 0.027 0.027 0.027 0.015 0.022 0.032 0.108 0.021 0.068 0.069 0.036 0.019 0.05 0.021 0.076 0.044 0.011 0.098 0.087
118 C 0.126 0.022 0.024 0.023 0.197 0.018 0.025 0.165 0.015 0.036 0.053 0.03 0.015 0.032 0.02 0.051 0.036 0.007 0.054 0.049
119 L 0.076 0.025 0.018 0.018 0.014 0.018 0.024 0.029 0.023 0.1 0.201 0.029 0.031 0.075 0.016 0.033 0.033 0.014 0.141 0.081
120 V 0.056 0.022 0.018 0.018 0.016 0.016 0.023 0.025 0.012 0.121 0.149 0.025 0.03 0.112 0.015 0.033 0.054 0.009 0.052 0.194
121 R 0.082 0.216 0.034 0.031 0.011 0.041 0.05 0.039 0.019 0.052 0.058 0.142 0.017 0.02 0.022 0.048 0.038 0.005 0.017 0.06
122 F 0.033 0.018 0.016 0.016 0.01 0.01 0.018 0.025 0.016 0.061 0.11 0.018 0.025 0.408 0.01 0.025 0.025 0.016 0.086 0.053
123 A 0.162 0.032 0.035 0.034 0.019 0.026 0.04 0.058 0.015 0.065 0.067 0.043 0.02 0.024 0.026 0.141 0.062 0.005 0.018 0.112
124 R 0.05 0.207 0.034 0.029 0.01 0.038 0.045 0.033 0.023 0.039 0.092 0.109 0.02 0.035 0.02 0.056 0.051 0.008 0.058 0.043
125 L 0.112 0.037 0.061 0.03 0.015 0.024 0.034 0.042 0.015 0.095 0.192 0.067 0.03 0.034 0.02 0.047 0.04 0.006 0.019 0.08
126 H 0.118 0.078 0.056 0.035 0.013 0.032 0.044 0.049 0.13 0.039 0.088 0.052 0.019 0.027 0.022 0.077 0.041 0.006 0.029 0.046
127 P 0.095 0.048 0.029 0.031 0.012 0.023 0.036 0.104 0.014 0.043 0.046 0.045 0.013 0.017 0.267 0.073 0.042 0.004 0.014 0.044
128 R 0.045 0.16 0.098 0.088 0.009 0.035 0.051 0.041 0.067 0.027 0.047 0.07 0.015 0.067 0.019 0.059 0.037 0.007 0.029 0.031
129 P 0.087 0.026 0.023 0.03 0.011 0.021 0.035 0.04 0.013 0.027 0.038 0.04 0.011 0.014 0.45 0.047 0.037 0.003 0.013 0.035
130 L 0.084 0.044 0.018 0.019 0.016 0.019 0.025 0.03 0.011 0.127 0.213 0.033 0.034 0.038 0.048 0.035 0.039 0.006 0.019 0.142
131 L 0.095 0.029 0.026 0.025 0.017 0.022 0.031 0.039 0.013 0.083 0.222 0.035 0.052 0.039 0.02 0.088 0.048 0.006 0.02 0.089
132 L 0.044 0.021 0.014 0.016 0.016 0.015 0.019 0.02 0.009 0.181 0.309 0.024 0.043 0.049 0.014 0.024 0.035 0.006 0.021 0.122
133 L 0.045 0.021 0.015 0.016 0.016 0.016 0.019 0.021 0.01 0.202 0.254 0.025 0.059 0.047 0.014 0.025 0.036 0.006 0.021 0.131
134 A 0.314 0.03 0.025 0.029 0.021 0.025 0.039 0.076 0.014 0.042 0.057 0.043 0.017 0.021 0.029 0.082 0.048 0.005 0.017 0.066
135 L 0.044 0.022 0.014 0.015 0.016 0.015 0.019 0.02 0.009 0.158 0.338 0.024 0.045 0.05 0.014 0.024 0.034 0.007 0.021 0.112
136 L 0.113 0.025 0.018 0.019 0.017 0.019 0.026 0.036 0.012 0.092 0.216 0.03 0.053 0.086 0.018 0.041 0.038 0.008 0.028 0.106
137 F 0.033 0.018 0.016 0.016 0.01 0.01 0.018 0.025 0.016 0.061 0.11 0.018 0.025 0.408 0.01 0.025 0.025 0.016 0.086 0.053
138 P 0.055 0.025 0.023 0.03 0.01 0.02 0.035 0.035 0.012 0.025 0.035 0.04 0.01 0.012 0.511 0.042 0.035 0.003 0.012 0.03
139 I 0.054 0.019 0.015 0.017 0.017 0.014 0.019 0.021 0.008 0.244 0.149 0.024 0.034 0.04 0.015 0.027 0.042 0.006 0.02 0.217
140 L 0.045 0.023 0.015 0.016 0.016 0.016 0.02 0.021 0.01 0.156 0.312 0.025 0.062 0.05 0.014 0.025 0.035 0.007 0.021 0.112
141 I 0.052 0.019 0.015 0.017 0.017 0.014 0.019 0.021 0.008 0.23 0.18 0.024 0.036 0.041 0.015 0.026 0.041 0.006 0.02 0.199
142 V 0.058 0.02 0.015 0.017 0.017 0.015 0.02 0.022 0.008 0.196 0.171 0.024 0.034 0.039 0.015 0.028 0.043 0.006 0.02 0.23
143 Q 0.054 0.071 0.043 0.046 0.009 0.241 0.099 0.04 0.028 0.026 0.046 0.088 0.02 0.014 0.023 0.054 0.04 0.006 0.02 0.034
144 L 0.043 0.023 0.014 0.015 0.016 0.016 0.02 0.021 0.01 0.111 0.397 0.024 0.048 0.053 0.014 0.023 0.032 0.007 0.022 0.093
145 G 0.109 0.025 0.038 0.034 0.013 0.021 0.03 0.412 0.014 0.023 0.033 0.036 0.011 0.017 0.021 0.078 0.037 0.005 0.012 0.031
146 L 0.05 0.031 0.019 0.019 0.016 0.027 0.027 0.027 0.016 0.097 0.19 0.035 0.189 0.047 0.016 0.035 0.039 0.008 0.023 0.089
147 S 0.106 0.039 0.052 0.047 0.017 0.032 0.051 0.064 0.019 0.029 0.04 0.052 0.015 0.02 0.029 0.246 0.079 0.005 0.017 0.04
148 G 0.076 0.022 0.038 0.033 0.01 0.018 0.025 0.527 0.013 0.018 0.027 0.033 0.009 0.016 0.018 0.05 0.029 0.005 0.01 0.023
149 L 0.052 0.023 0.016 0.017 0.016 0.018 0.022 0.023 0.01 0.166 0.219 0.027 0.076 0.044 0.015 0.029 0.039 0.006 0.021 0.162
150 R 0.043 0.367 0.037 0.03 0.008 0.047 0.051 0.032 0.023 0.023 0.045 0.116 0.015 0.017 0.019 0.043 0.034 0.006 0.017 0.03
151 Q 0.054 0.071 0.043 0.046 0.009 0.241 0.099 0.04 0.028 0.026 0.046 0.088 0.02 0.014 0.023 0.054 0.04 0.006 0.02 0.034
152 A 0.254 0.028 0.028 0.03 0.018 0.023 0.036 0.188 0.014 0.036 0.05 0.04 0.015 0.02 0.026 0.074 0.043 0.005 0.015 0.056
153 L 0.046 0.023 0.015 0.016 0.016 0.016 0.02 0.021 0.01 0.159 0.295 0.025 0.061 0.048 0.014 0.026 0.036 0.007 0.021 0.124
154 A 0.314 0.03 0.025 0.029 0.021 0.025 0.039 0.076 0.014 0.042 0.057 0.043 0.017 0.021 0.029 0.082 0.048 0.005 0.017 0.066
155 T 0.07 0.028 0.032 0.029 0.017 0.022 0.031 0.096 0.011 0.088 0.082 0.035 0.022 0.026 0.022 0.063 0.157 0.005 0.017 0.147
156 G 0.212 0.028 0.031 0.031 0.017 0.023 0.034 0.244 0.014 0.032 0.045 0.04 0.014 0.019 0.025 0.08 0.043 0.005 0.014 0.049
157 F 0.073 0.023 0.017 0.018 0.014 0.016 0.022 0.03 0.014 0.076 0.185 0.025 0.05 0.225 0.014 0.033 0.031 0.011 0.053 0.069
158 L 0.043 0.023 0.014 0.015 0.016 0.016 0.02 0.021 0.01 0.111 0.397 0.024 0.048 0.053 0.014 0.023 0.032 0.007 0.022 0.093
159 L 0.05 0.03 0.019 0.019 0.016 0.026 0.026 0.026 0.015 0.099 0.216 0.034 0.171 0.047 0.015 0.033 0.038 0.008 0.023 0.09
160 L 0.055 0.025 0.022 0.021 0.015 0.018 0.024 0.089 0.011 0.089 0.306 0.029 0.039 0.044 0.016 0.055 0.038 0.006 0.02 0.078
161 A 0.271 0.03 0.028 0.03 0.019 0.024 0.038 0.131 0.014 0.038 0.053 0.042 0.016 0.02 0.027 0.088 0.048 0.005 0.016 0.059
162 L 0.084 0.025 0.022 0.021 0.075 0.018 0.026 0.036 0.017 0.059 0.148 0.029 0.025 0.095 0.017 0.061 0.038 0.073 0.073 0.059
163 V 0.088 0.029 0.104 0.084 0.015 0.023 0.039 0.043 0.016 0.093 0.081 0.036 0.021 0.026 0.019 0.049 0.046 0.005 0.017 0.165
164 A 0.234 0.033 0.033 0.086 0.017 0.03 0.081 0.066 0.016 0.036 0.05 0.047 0.015 0.019 0.027 0.085 0.047 0.005 0.016 0.055
165 F 0.033 0.018 0.016 0.016 0.01 0.01 0.018 0.025 0.016 0.061 0.11 0.018 0.025 0.408 0.01 0.025 0.025 0.016 0.086 0.053
166 L 0.097 0.027 0.024 0.024 0.018 0.02 0.029 0.037 0.011 0.103 0.166 0.033 0.03 0.034 0.02 0.07 0.076 0.006 0.019 0.155
167 K 0.065 0.089 0.044 0.047 0.01 0.046 0.092 0.045 0.065 0.026 0.04 0.167 0.015 0.018 0.025 0.099 0.046 0.005 0.022 0.032
168 G 0.098 0.115 0.037 0.033 0.011 0.029 0.037 0.287 0.016 0.023 0.037 0.073 0.012 0.017 0.021 0.064 0.036 0.005 0.014 0.032
169 R 0.048 0.186 0.095 0.047 0.008 0.059 0.076 0.041 0.024 0.024 0.041 0.158 0.014 0.016 0.022 0.052 0.038 0.005 0.017 0.03
170 R 0.046 0.297 0.038 0.033 0.008 0.072 0.059 0.034 0.023 0.023 0.045 0.136 0.016 0.016 0.02 0.046 0.035 0.006 0.017 0.031
171 L 0.044 0.022 0.015 0.016 0.014 0.016 0.021 0.023 0.012 0.122 0.229 0.025 0.055 0.094 0.013 0.026 0.034 0.071 0.035 0.114
172 V 0.054 0.039 0.024 0.024 0.013 0.05 0.039 0.031 0.014 0.083 0.087 0.069 0.032 0.036 0.017 0.038 0.053 0.132 0.031 0.136
173 T 0.07 0.033 0.039 0.034 0.017 0.025 0.036 0.04 0.013 0.065 0.071 0.042 0.02 0.024 0.025 0.082 0.244 0.006 0.018 0.097
174 A 0.205 0.027 0.025 0.026 0.018 0.021 0.032 0.147 0.013 0.061 0.103 0.036 0.021 0.026 0.023 0.062 0.042 0.005 0.017 0.09
175 L 0.12 0.024 0.023 0.023 0.015 0.018 0.026 0.161 0.012 0.071 0.185 0.031 0.028 0.057 0.019 0.045 0.036 0.007 0.022 0.079
176 W 0.035 0.023 0.016 0.016 0.01 0.016 0.022 0.026 0.021 0.076 0.112 0.024 0.022 0.073 0.011 0.024 0.027 0.263 0.123 0.059
177 I 0.048 0.018 0.014 0.017 0.016 0.013 0.018 0.02 0.008 0.279 0.158 0.023 0.035 0.042 0.014 0.025 0.04 0.006 0.02 0.186
178 L 0.054 0.022 0.02 0.02 0.015 0.016 0.021 0.147 0.01 0.106 0.256 0.026 0.035 0.041 0.015 0.031 0.034 0.006 0.018 0.106
179 L 0.102 0.023 0.017 0.019 0.018 0.017 0.024 0.032 0.01 0.148 0.204 0.028 0.034 0.039 0.017 0.037 0.041 0.006 0.02 0.165
180 G 0.195 0.026 0.031 0.031 0.016 0.021 0.032 0.301 0.014 0.03 0.042 0.038 0.013 0.018 0.023 0.066 0.038 0.005 0.014 0.045
181 A 0.169 0.033 0.034 0.033 0.017 0.027 0.04 0.059 0.02 0.044 0.069 0.044 0.038 0.037 0.025 0.131 0.056 0.008 0.058 0.057
182 L 0.052 0.049 0.032 0.033 0.012 0.13 0.062 0.033 0.02 0.061 0.179 0.059 0.03 0.03 0.02 0.047 0.066 0.006 0.02 0.06
183 F 0.033 0.018 0.016 0.016 0.01 0.01 0.018 0.025 0.016 0.061 0.11 0.018 0.025 0.408 0.01 0.025 0.025 0.016 0.086 0.053
184 H 0.041 0.044 0.052 0.037 0.007 0.037 0.052 0.037 0.377 0.022 0.037 0.044 0.015 0.029 0.018 0.041 0.026 0.007 0.055 0.022
185 A 0.119 0.045 0.041 0.046 0.014 0.086 0.092 0.052 0.02 0.034 0.048 0.061 0.017 0.019 0.026 0.114 0.094 0.005 0.018 0.048
186 S 0.106 0.039 0.052 0.047 0.017 0.032 0.051 0.064 0.019 0.029 0.04 0.052 0.015 0.02 0.029 0.246 0.079 0.005 0.017 0.04
187 A 0.193 0.028 0.025 0.026 0.019 0.022 0.034 0.054 0.013 0.078 0.115 0.037 0.024 0.028 0.024 0.083 0.05 0.005 0.018 0.123
188 I 0.049 0.019 0.015 0.017 0.015 0.014 0.019 0.021 0.013 0.238 0.143 0.024 0.032 0.052 0.015 0.026 0.039 0.008 0.06 0.178
189 V 0.12 0.023 0.018 0.02 0.018 0.019 0.026 0.036 0.011 0.165 0.128 0.03 0.049 0.035 0.019 0.042 0.044 0.006 0.02 0.173
190 F 0.037 0.021 0.016 0.016 0.012 0.014 0.02 0.024 0.015 0.078 0.192 0.022 0.051 0.274 0.012 0.026 0.028 0.013 0.062 0.068
191 L 0.043 0.023 0.014 0.015 0.016 0.016 0.02 0.021 0.01 0.111 0.397 0.024 0.048 0.053 0.014 0.023 0.032 0.007 0.022 0.093
192 P 0.055 0.025 0.023 0.03 0.01 0.02 0.035 0.035 0.012 0.025 0.035 0.04 0.01 0.012 0.511 0.042 0.035 0.003 0.012 0.03
193 L 0.045 0.021 0.015 0.017 0.016 0.016 0.019 0.021 0.01 0.213 0.239 0.025 0.059 0.046 0.014 0.025 0.037 0.006 0.021 0.136
194 A 0.283 0.029 0.024 0.027 0.021 0.024 0.037 0.069 0.014 0.056 0.066 0.041 0.019 0.023 0.027 0.076 0.048 0.005 0.017 0.095
195 L 0.074 0.023 0.016 0.017 0.015 0.015 0.022 0.028 0.012 0.09 0.283 0.025 0.038 0.138 0.015 0.031 0.032 0.009 0.037 0.08
196 L 0.047 0.023 0.015 0.016 0.016 0.017 0.021 0.022 0.01 0.139 0.308 0.026 0.062 0.049 0.014 0.026 0.036 0.007 0.021 0.127
197 A 0.25 0.027 0.022 0.026 0.02 0.022 0.034 0.062 0.013 0.088 0.079 0.038 0.021 0.025 0.025 0.069 0.047 0.005 0.018 0.108
198 G 0.065 0.114 0.038 0.034 0.009 0.053 0.041 0.342 0.017 0.02 0.034 0.06 0.012 0.016 0.019 0.049 0.031 0.005 0.013 0.026
199 R 0.055 0.268 0.04 0.034 0.01 0.043 0.05 0.038 0.021 0.027 0.046 0.111 0.016 0.018 0.021 0.075 0.069 0.006 0.017 0.036
200 Q 0.056 0.138 0.08 0.046 0.009 0.14 0.075 0.044 0.026 0.025 0.043 0.086 0.017 0.016 0.022 0.077 0.044 0.005 0.018 0.033
201 I 0.052 0.02 0.016 0.017 0.016 0.015 0.02 0.022 0.013 0.221 0.139 0.024 0.032 0.051 0.015 0.027 0.04 0.008 0.06 0.193
202 S 0.078 0.044 0.14 0.056 0.014 0.033 0.049 0.06 0.022 0.029 0.04 0.067 0.014 0.019 0.025 0.159 0.091 0.005 0.016 0.039
203 T 0.091 0.029 0.031 0.029 0.016 0.022 0.033 0.04 0.013 0.056 0.106 0.038 0.022 0.073 0.084 0.066 0.153 0.007 0.026 0.065
204 L 0.096 0.046 0.029 0.029 0.015 0.029 0.04 0.071 0.014 0.076 0.117 0.101 0.034 0.028 0.022 0.07 0.046 0.006 0.018 0.113
205 R 0.046 0.222 0.034 0.029 0.009 0.05 0.046 0.032 0.027 0.031 0.053 0.084 0.017 0.045 0.019 0.046 0.062 0.011 0.098 0.039
206 L 0.049 0.022 0.014 0.016 0.016 0.015 0.02 0.021 0.009 0.146 0.3 0.024 0.042 0.047 0.014 0.026 0.037 0.006 0.021 0.153
207 L 0.09 0.022 0.02 0.021 0.016 0.017 0.023 0.123 0.01 0.132 0.173 0.028 0.03 0.035 0.017 0.038 0.039 0.006 0.018 0.141
208 G 0.122 0.024 0.023 0.023 0.016 0.018 0.026 0.161 0.011 0.1 0.156 0.031 0.027 0.032 0.019 0.046 0.038 0.006 0.017 0.104
209 A 0.243 0.03 0.031 0.032 0.018 0.024 0.038 0.159 0.015 0.036 0.05 0.042 0.015 0.02 0.027 0.097 0.048 0.005 0.016 0.055
210 V 0.089 0.022 0.016 0.018 0.017 0.016 0.023 0.029 0.01 0.146 0.172 0.027 0.032 0.061 0.017 0.035 0.042 0.006 0.024 0.197
211 V 0.123 0.024 0.018 0.019 0.018 0.018 0.026 0.036 0.01 0.118 0.176 0.029 0.031 0.036 0.019 0.042 0.044 0.006 0.02 0.187
212 L 0.053 0.021 0.015 0.016 0.017 0.015 0.02 0.022 0.009 0.175 0.236 0.024 0.038 0.043 0.015 0.027 0.04 0.006 0.021 0.188
213 L 0.111 0.025 0.016 0.018 0.017 0.018 0.024 0.034 0.011 0.094 0.312 0.029 0.04 0.045 0.017 0.038 0.036 0.006 0.02 0.086
214 G 0.106 0.031 0.036 0.033 0.015 0.026 0.035 0.169 0.015 0.048 0.08 0.041 0.058 0.026 0.023 0.104 0.077 0.006 0.017 0.055
215 P 0.055 0.025 0.023 0.03 0.01 0.02 0.035 0.035 0.012 0.025 0.035 0.04 0.01 0.012 0.511 0.042 0.035 0.003 0.012 0.03
216 L 0.119 0.024 0.017 0.019 0.018 0.018 0.025 0.035 0.01 0.12 0.213 0.029 0.034 0.038 0.018 0.041 0.041 0.006 0.02 0.154
217 A 0.25 0.027 0.022 0.026 0.02 0.022 0.034 0.062 0.013 0.088 0.079 0.038 0.021 0.025 0.025 0.069 0.047 0.005 0.018 0.108
218 G 0.122 0.023 0.026 0.026 0.014 0.017 0.026 0.225 0.014 0.061 0.07 0.031 0.018 0.118 0.018 0.049 0.034 0.008 0.032 0.068
219 Y 0.044 0.024 0.017 0.017 0.012 0.018 0.024 0.025 0.024 0.077 0.119 0.026 0.024 0.077 0.013 0.028 0.032 0.14 0.152 0.109
220 L 0.043 0.023 0.014 0.015 0.016 0.015 0.019 0.02 0.01 0.135 0.367 0.024 0.046 0.052 0.014 0.024 0.033 0.007 0.021 0.103
221 L 0.043 0.023 0.014 0.015 0.016 0.015 0.019 0.02 0.01 0.135 0.367 0.024 0.046 0.052 0.014 0.024 0.033 0.007 0.021 0.103
222 G 0.113 0.027 0.04 0.036 0.013 0.023 0.033 0.355 0.015 0.024 0.034 0.039 0.012 0.017 0.022 0.103 0.044 0.005 0.013 0.033
223 D 0.051 0.038 0.049 0.204 0.008 0.044 0.196 0.1 0.021 0.021 0.031 0.057 0.011 0.015 0.023 0.052 0.034 0.005 0.013 0.027
224 R 0.043 0.367 0.037 0.03 0.008 0.047 0.051 0.032 0.023 0.023 0.045 0.116 0.015 0.017 0.019 0.043 0.034 0.006 0.017 0.03
225 L 0.143 0.026 0.019 0.021 0.016 0.019 0.028 0.043 0.014 0.071 0.172 0.031 0.048 0.129 0.019 0.047 0.037 0.009 0.036 0.073
226 E 0.05 0.043 0.046 0.17 0.007 0.054 0.262 0.037 0.023 0.021 0.033 0.066 0.012 0.016 0.024 0.053 0.035 0.005 0.015 0.029
227 V 0.068 0.023 0.019 0.02 0.018 0.017 0.024 0.026 0.009 0.146 0.118 0.028 0.029 0.033 0.017 0.039 0.076 0.005 0.02 0.265
228 Y 0.039 0.027 0.021 0.018 0.009 0.021 0.027 0.024 0.045 0.042 0.066 0.03 0.018 0.126 0.015 0.03 0.027 0.027 0.341 0.045
229 S 0.069 0.051 0.084 0.076 0.012 0.112 0.087 0.05 0.024 0.027 0.041 0.066 0.016 0.017 0.024 0.118 0.067 0.005 0.017 0.036
230 D 0.084 0.032 0.089 0.235 0.01 0.03 0.081 0.112 0.019 0.024 0.033 0.045 0.011 0.016 0.022 0.069 0.04 0.004 0.013 0.031
231 R 0.043 0.367 0.037 0.03 0.008 0.047 0.051 0.032 0.023 0.023 0.045 0.116 0.015 0.017 0.019 0.043 0.034 0.006 0.017 0.03
232 Y 0.039 0.027 0.021 0.018 0.009 0.021 0.027 0.024 0.045 0.042 0.066 0.03 0.018 0.126 0.015 0.03 0.027 0.027 0.341 0.045
233 I 0.051 0.018 0.015 0.017 0.016 0.014 0.018 0.021 0.008 0.261 0.153 0.023 0.034 0.041 0.015 0.026 0.041 0.006 0.02 0.201
234 E 0.083 0.042 0.042 0.142 0.009 0.051 0.242 0.041 0.022 0.024 0.037 0.064 0.012 0.016 0.025 0.056 0.037 0.005 0.015 0.034
235 Q 0.052 0.061 0.047 0.114 0.008 0.17 0.134 0.04 0.026 0.025 0.041 0.079 0.017 0.015 0.023 0.054 0.039 0.005 0.018 0.032
236 V 0.081 0.022 0.018 0.02 0.018 0.017 0.024 0.029 0.009 0.184 0.129 0.028 0.03 0.036 0.018 0.039 0.063 0.006 0.02 0.211
237 Y 0.04 0.027 0.021 0.018 0.009 0.021 0.027 0.024 0.046 0.043 0.067 0.031 0.018 0.128 0.015 0.031 0.027 0.027 0.333 0.046
238 G 0.079 0.024 0.04 0.034 0.011 0.02 0.028 0.469 0.014 0.02 0.029 0.035 0.01 0.016 0.02 0.074 0.035 0.005 0.011 0.026
239 E 0.069 0.044 0.042 0.122 0.009 0.054 0.256 0.038 0.023 0.025 0.038 0.066 0.013 0.017 0.025 0.057 0.051 0.005 0.016 0.034
240 N 0.049 0.034 0.179 0.049 0.013 0.027 0.036 0.044 0.021 0.083 0.096 0.041 0.061 0.029 0.018 0.05 0.045 0.005 0.018 0.101
241 T 0.13 0.035 0.042 0.09 0.016 0.032 0.081 0.052 0.016 0.039 0.051 0.048 0.016 0.02 0.027 0.098 0.133 0.005 0.016 0.054
242 S 0.106 0.039 0.052 0.047 0.017 0.032 0.051 0.064 0.019 0.029 0.04 0.052 0.015 0.02 0.029 0.246 0.079 0.005 0.017 0.04
243 G 0.098 0.055 0.073 0.038 0.013 0.026 0.036 0.23 0.017 0.035 0.081 0.06 0.017 0.022 0.021 0.077 0.041 0.005 0.015 0.041
244 G 0.076 0.022 0.038 0.033 0.01 0.018 0.025 0.527 0.013 0.018 0.027 0.033 0.009 0.016 0.018 0.05 0.029 0.005 0.01 0.023
245 A 0.314 0.03 0.025 0.029 0.021 0.025 0.039 0.076 0.014 0.042 0.057 0.043 0.017 0.021 0.029 0.082 0.048 0.005 0.017 0.066
246 L 0.044 0.02 0.014 0.016 0.014 0.014 0.02 0.023 0.01 0.166 0.189 0.023 0.033 0.048 0.013 0.024 0.034 0.132 0.032 0.131
247 F 0.042 0.019 0.015 0.017 0.014 0.012 0.018 0.022 0.012 0.176 0.17 0.021 0.033 0.18 0.013 0.025 0.033 0.01 0.045 0.125
248 R 0.043 0.367 0.037 0.03 0.008 0.047 0.051 0.032 0.023 0.023 0.045 0.116 0.015 0.017 0.019 0.043 0.034 0.006 0.017 0.03
249 Y 0.043 0.026 0.02 0.018 0.011 0.02 0.026 0.024 0.036 0.065 0.115 0.029 0.023 0.106 0.015 0.03 0.03 0.022 0.261 0.082
250 A 0.221 0.026 0.027 0.028 0.018 0.022 0.033 0.181 0.013 0.068 0.063 0.038 0.017 0.022 0.024 0.067 0.042 0.005 0.016 0.069
251 L 0.077 0.023 0.015 0.017 0.016 0.016 0.022 0.027 0.01 0.126 0.325 0.027 0.042 0.048 0.016 0.031 0.035 0.007 0.021 0.099
252 A 0.184 0.027 0.023 0.025 0.019 0.021 0.031 0.051 0.012 0.107 0.124 0.036 0.025 0.03 0.023 0.062 0.072 0.006 0.018 0.104
253 V 0.095 0.025 0.022 0.022 0.018 0.02 0.028 0.035 0.011 0.131 0.153 0.032 0.05 0.036 0.019 0.063 0.048 0.006 0.02 0.168
254 L 0.042 0.021 0.014 0.016 0.015 0.014 0.019 0.021 0.01 0.163 0.288 0.023 0.041 0.094 0.013 0.024 0.033 0.008 0.029 0.112
255 P 0.059 0.027 0.027 0.032 0.012 0.022 0.036 0.037 0.013 0.032 0.042 0.041 0.012 0.015 0.39 0.054 0.094 0.003 0.014 0.04
256 F 0.087 0.026 0.024 0.024 0.075 0.031 0.031 0.038 0.017 0.061 0.084 0.032 0.021 0.174 0.017 0.064 0.04 0.011 0.063 0.082
257 L 0.087 0.024 0.02 0.021 0.015 0.018 0.025 0.093 0.011 0.089 0.212 0.03 0.031 0.036 0.079 0.038 0.037 0.006 0.018 0.111
258 L 0.043 0.021 0.016 0.017 0.014 0.015 0.02 0.023 0.013 0.12 0.2 0.023 0.053 0.182 0.013 0.026 0.033 0.01 0.045 0.112
259 F 0.036 0.021 0.016 0.017 0.012 0.013 0.02 0.024 0.015 0.072 0.156 0.021 0.048 0.318 0.011 0.026 0.027 0.014 0.07 0.063
260 L 0.085 0.029 0.023 0.036 0.014 0.028 0.098 0.032 0.015 0.096 0.133 0.039 0.036 0.078 0.019 0.041 0.039 0.007 0.027 0.124
261 W 0.042 0.055 0.023 0.022 0.011 0.023 0.031 0.03 0.015 0.054 0.141 0.066 0.024 0.066 0.015 0.036 0.059 0.196 0.041 0.052
262 Y 0.043 0.046 0.026 0.024 0.009 0.029 0.037 0.028 0.039 0.038 0.06 0.098 0.017 0.099 0.018 0.036 0.03 0.022 0.26 0.042
263 R 0.046 0.283 0.036 0.029 0.009 0.041 0.046 0.032 0.024 0.029 0.05 0.096 0.016 0.031 0.019 0.047 0.063 0.008 0.057 0.037
264 R 0.086 0.147 0.114 0.052 0.011 0.041 0.083 0.05 0.023 0.026 0.041 0.089 0.014 0.018 0.023 0.081 0.045 0.005 0.016 0.035
265 R 0.079 0.252 0.038 0.056 0.009 0.056 0.057 0.04 0.021 0.026 0.045 0.124 0.015 0.017 0.021 0.05 0.037 0.005 0.017 0.035
266 V 0.057 0.025 0.017 0.018 0.016 0.019 0.024 0.024 0.015 0.123 0.168 0.028 0.071 0.051 0.015 0.031 0.041 0.009 0.061 0.186
267 R 0.115 0.173 0.035 0.04 0.011 0.068 0.09 0.045 0.021 0.028 0.047 0.112 0.016 0.017 0.023 0.057 0.039 0.005 0.017 0.04
268 A 0.157 0.075 0.051 0.034 0.016 0.029 0.04 0.054 0.019 0.045 0.07 0.052 0.038 0.03 0.024 0.089 0.076 0.007 0.038 0.058
269 A 0.134 0.079 0.048 0.039 0.014 0.059 0.08 0.047 0.019 0.055 0.075 0.059 0.039 0.024 0.022 0.057 0.043 0.006 0.018 0.082
270 F 0.07 0.025 0.023 0.021 0.011 0.018 0.027 0.032 0.068 0.049 0.084 0.028 0.021 0.242 0.015 0.035 0.028 0.016 0.137 0.049
271 P 0.057 0.025 0.024 0.03 0.01 0.02 0.034 0.096 0.013 0.024 0.034 0.039 0.01 0.013 0.449 0.043 0.034 0.003 0.012 0.029
272 E 0.055 0.044 0.081 0.107 0.009 0.078 0.144 0.103 0.022 0.026 0.038 0.061 0.014 0.016 0.023 0.059 0.066 0.005 0.015 0.034
273 L 0.073 0.029 0.03 0.08 0.014 0.026 0.071 0.035 0.014 0.102 0.164 0.038 0.038 0.033 0.019 0.064 0.043 0.006 0.018 0.103
274 Y 0.038 0.025 0.02 0.018 0.009 0.018 0.025 0.024 0.038 0.047 0.077 0.027 0.02 0.197 0.014 0.029 0.026 0.024 0.277 0.047
275 P 0.05 0.039 0.165 0.054 0.009 0.053 0.048 0.079 0.022 0.023 0.034 0.051 0.012 0.015 0.204 0.055 0.041 0.004 0.014 0.028
276 L 0.043 0.023 0.014 0.015 0.016 0.016 0.02 0.021 0.01 0.111 0.397 0.024 0.048 0.053 0.014 0.023 0.032 0.007 0.022 0.093
277 L 0.044 0.026 0.016 0.017 0.015 0.019 0.022 0.024 0.013 0.1 0.283 0.028 0.098 0.095 0.014 0.028 0.034 0.008 0.03 0.087
278 K 0.044 0.139 0.031 0.028 0.008 0.037 0.047 0.034 0.022 0.028 0.048 0.152 0.015 0.04 0.018 0.039 0.032 0.134 0.07 0.032
279 L 0.084 0.026 0.02 0.02 0.017 0.02 0.026 0.031 0.011 0.099 0.253 0.031 0.056 0.042 0.018 0.042 0.067 0.006 0.02 0.111
280 F 0.07 0.021 0.018 0.018 0.012 0.014 0.022 0.031 0.016 0.063 0.114 0.024 0.044 0.314 0.013 0.033 0.029 0.014 0.069 0.059
281 A 0.169 0.03 0.031 0.031 0.018 0.025 0.037 0.117 0.015 0.057 0.075 0.041 0.039 0.025 0.024 0.107 0.052 0.005 0.017 0.086
282 L 0.045 0.021 0.014 0.016 0.015 0.014 0.019 0.021 0.01 0.157 0.268 0.023 0.04 0.092 0.014 0.025 0.035 0.008 0.029 0.132
283 L 0.05 0.023 0.016 0.017 0.016 0.017 0.021 0.023 0.011 0.16 0.183 0.026 0.073 0.089 0.014 0.029 0.038 0.008 0.029 0.157
284 C 0.103 0.025 0.03 0.028 0.168 0.02 0.029 0.105 0.012 0.07 0.066 0.034 0.018 0.023 0.021 0.089 0.074 0.005 0.015 0.066
285 F 0.072 0.022 0.016 0.017 0.014 0.014 0.021 0.029 0.014 0.078 0.211 0.024 0.032 0.226 0.014 0.031 0.03 0.011 0.053 0.07
286 A 0.213 0.028 0.031 0.031 0.048 0.023 0.036 0.184 0.014 0.034 0.048 0.04 0.015 0.019 0.025 0.092 0.046 0.005 0.015 0.052
287 L 0.047 0.023 0.015 0.016 0.016 0.017 0.021 0.022 0.01 0.139 0.308 0.026 0.062 0.049 0.014 0.026 0.036 0.007 0.021 0.127
288 L 0.092 0.025 0.023 0.023 0.016 0.019 0.027 0.096 0.011 0.11 0.2 0.031 0.031 0.037 0.018 0.063 0.042 0.006 0.019 0.109
289 P 0.056 0.024 0.021 0.025 0.013 0.018 0.028 0.091 0.011 0.062 0.136 0.033 0.022 0.026 0.263 0.037 0.035 0.004 0.015 0.078
290 L 0.09 0.025 0.019 0.02 0.018 0.018 0.025 0.031 0.01 0.113 0.211 0.029 0.034 0.038 0.018 0.042 0.07 0.006 0.02 0.162
291 G 0.126 0.026 0.03 0.028 0.015 0.021 0.03 0.228 0.014 0.044 0.07 0.035 0.037 0.071 0.021 0.058 0.065 0.007 0.024 0.052
292 L 0.097 0.023 0.017 0.018 0.016 0.016 0.024 0.033 0.012 0.098 0.194 0.027 0.032 0.131 0.016 0.037 0.037 0.009 0.036 0.128
293 L 0.052 0.021 0.016 0.017 0.016 0.016 0.021 0.022 0.013 0.167 0.195 0.025 0.035 0.053 0.015 0.028 0.039 0.009 0.06 0.182
294 S 0.09 0.04 0.124 0.056 0.015 0.032 0.05 0.064 0.022 0.027 0.038 0.052 0.014 0.019 0.026 0.202 0.071 0.005 0.016 0.037
295 S 0.085 0.035 0.044 0.039 0.017 0.028 0.042 0.05 0.015 0.048 0.093 0.046 0.021 0.025 0.026 0.16 0.146 0.006 0.018 0.058
296 V 0.059 0.02 0.015 0.017 0.017 0.015 0.021 0.022 0.008 0.187 0.169 0.025 0.034 0.039 0.015 0.029 0.043 0.006 0.02 0.238
297 A 0.281 0.028 0.023 0.027 0.02 0.023 0.036 0.069 0.014 0.073 0.07 0.04 0.019 0.024 0.027 0.075 0.047 0.005 0.017 0.08
298 L 0.077 0.024 0.015 0.016 0.016 0.017 0.022 0.027 0.01 0.103 0.354 0.027 0.044 0.049 0.016 0.031 0.034 0.007 0.021 0.09
299 H 0.041 0.044 0.052 0.037 0.007 0.037 0.052 0.037 0.377 0.022 0.037 0.044 0.015 0.029 0.018 0.041 0.026 0.007 0.055 0.022
300 R 0.043 0.367 0.037 0.03 0.008 0.047 0.051 0.032 0.023 0.023 0.045 0.116 0.015 0.017 0.019 0.043 0.034 0.006 0.017 0.03
301 L 0.046 0.026 0.016 0.017 0.016 0.02 0.022 0.023 0.012 0.129 0.29 0.028 0.099 0.049 0.014 0.028 0.036 0.007 0.022 0.101
302 N 0.056 0.032 0.144 0.046 0.014 0.024 0.035 0.043 0.018 0.098 0.079 0.04 0.021 0.026 0.02 0.059 0.103 0.005 0.017 0.122
303 F 0.036 0.023 0.019 0.017 0.01 0.016 0.023 0.024 0.031 0.052 0.088 0.024 0.021 0.267 0.013 0.027 0.026 0.022 0.213 0.049
304 Y 0.039 0.027 0.021 0.018 0.009 0.021 0.027 0.024 0.045 0.042 0.066 0.03 0.018 0.126 0.015 0.03 0.027 0.027 0.341 0.045
305 V 0.063 0.02 0.016 0.017 0.018 0.015 0.021 0.023 0.008 0.185 0.133 0.025 0.031 0.036 0.016 0.03 0.046 0.005 0.02 0.271
306 L 0.05 0.027 0.017 0.017 0.016 0.021 0.024 0.024 0.012 0.11 0.26 0.03 0.116 0.047 0.015 0.03 0.037 0.007 0.022 0.116
307 P 0.055 0.025 0.023 0.03 0.01 0.02 0.035 0.035 0.012 0.025 0.035 0.04 0.01 0.012 0.511 0.042 0.035 0.003 0.012 0.03
308 V 0.054 0.022 0.016 0.017 0.016 0.016 0.022 0.024 0.011 0.121 0.164 0.025 0.051 0.132 0.014 0.029 0.039 0.009 0.037 0.183
309 S 0.119 0.046 0.046 0.044 0.015 0.083 0.061 0.059 0.02 0.03 0.044 0.06 0.017 0.019 0.027 0.178 0.065 0.005 0.018 0.042
310 L 0.086 0.026 0.021 0.022 0.016 0.02 0.026 0.034 0.012 0.137 0.225 0.031 0.054 0.041 0.018 0.06 0.042 0.006 0.02 0.102
311 L 0.079 0.024 0.016 0.017 0.016 0.017 0.023 0.028 0.015 0.1 0.279 0.028 0.038 0.056 0.016 0.033 0.036 0.009 0.061 0.109
312 L 0.121 0.027 0.022 0.023 0.078 0.022 0.029 0.041 0.013 0.096 0.146 0.034 0.066 0.034 0.02 0.061 0.057 0.006 0.019 0.086
313 L 0.039 0.022 0.014 0.015 0.013 0.014 0.02 0.023 0.012 0.089 0.282 0.023 0.038 0.142 0.012 0.024 0.029 0.072 0.043 0.075
314 L 0.092 0.024 0.021 0.022 0.017 0.018 0.026 0.034 0.011 0.15 0.183 0.03 0.033 0.038 0.018 0.061 0.046 0.006 0.02 0.153
315 C 0.087 0.067 0.026 0.024 0.134 0.022 0.031 0.038 0.022 0.041 0.064 0.041 0.017 0.095 0.019 0.067 0.039 0.012 0.105 0.049
316 L 0.055 0.022 0.015 0.016 0.017 0.016 0.021 0.022 0.009 0.135 0.261 0.025 0.039 0.044 0.015 0.028 0.04 0.006 0.021 0.193
317 P 0.103 0.028 0.03 0.031 0.015 0.022 0.035 0.106 0.013 0.055 0.095 0.039 0.019 0.024 0.144 0.096 0.048 0.005 0.016 0.077
318 S 0.095 0.082 0.043 0.091 0.012 0.062 0.092 0.048 0.042 0.032 0.064 0.063 0.017 0.02 0.024 0.101 0.047 0.005 0.019 0.04
319 A 0.157 0.027 0.03 0.075 0.017 0.022 0.039 0.05 0.013 0.107 0.084 0.037 0.022 0.027 0.023 0.078 0.048 0.005 0.017 0.12
320 L 0.114 0.024 0.018 0.02 0.016 0.019 0.025 0.036 0.012 0.134 0.15 0.03 0.048 0.04 0.017 0.041 0.039 0.069 0.026 0.122
