#Seq2Logo.py -f /work3/idamei/ssn-clusterings/2206011120/clusters/0019_108/sequences.afa -m 0.0001 -b 50 -o /work3/idamei/ssn-clusterings/2206011120/clusters/0019_108/sequences.logo
#Position Specific Frequency Matrix
A R N D C Q E G H I L K M F P S T W Y V
0 M 0.04 0.025 0.015 0.015 0.012 0.022 0.022 0.022 0.012 0.077 0.151 0.028 0.354 0.037 0.012 0.028 0.031 0.006 0.019 0.071
1 F 0.036 0.062 0.104 0.027 0.009 0.021 0.029 0.028 0.014 0.073 0.118 0.107 0.019 0.118 0.013 0.031 0.029 0.044 0.027 0.092
2 F 0.039 0.065 0.091 0.027 0.01 0.02 0.028 0.03 0.017 0.074 0.134 0.065 0.02 0.151 0.014 0.059 0.032 0.008 0.065 0.05
3 L 0.048 0.104 0.096 0.032 0.01 0.025 0.033 0.081 0.015 0.069 0.139 0.074 0.019 0.043 0.016 0.09 0.036 0.005 0.017 0.048
4 F 0.044 0.031 0.036 0.144 0.009 0.06 0.091 0.034 0.018 0.034 0.058 0.04 0.016 0.182 0.017 0.071 0.034 0.008 0.038 0.035
5 E 0.05 0.049 0.035 0.051 0.008 0.105 0.146 0.033 0.033 0.03 0.05 0.065 0.017 0.053 0.021 0.047 0.035 0.013 0.123 0.037
6 L 0.051 0.03 0.12 0.038 0.015 0.022 0.03 0.036 0.016 0.099 0.182 0.034 0.03 0.035 0.017 0.041 0.043 0.006 0.019 0.135
7 L 0.045 0.024 0.014 0.015 0.016 0.016 0.02 0.021 0.01 0.115 0.375 0.025 0.05 0.055 0.014 0.024 0.033 0.007 0.022 0.096
8 D 0.041 0.03 0.069 0.397 0.008 0.03 0.091 0.047 0.019 0.022 0.028 0.045 0.009 0.015 0.022 0.052 0.035 0.004 0.011 0.024
9 V 0.068 0.031 0.03 0.042 0.014 0.031 0.103 0.035 0.015 0.127 0.091 0.043 0.023 0.028 0.021 0.09 0.05 0.005 0.018 0.134
10 G 0.059 0.043 0.036 0.092 0.01 0.027 0.042 0.261 0.014 0.038 0.042 0.123 0.013 0.017 0.019 0.044 0.032 0.005 0.013 0.07
11 K 0.047 0.172 0.036 0.047 0.007 0.049 0.147 0.034 0.02 0.022 0.038 0.202 0.013 0.015 0.022 0.046 0.033 0.005 0.015 0.028
12 I 0.043 0.017 0.014 0.015 0.014 0.012 0.017 0.02 0.009 0.243 0.18 0.021 0.032 0.099 0.013 0.023 0.034 0.007 0.027 0.159
13 T 0.047 0.028 0.081 0.088 0.011 0.022 0.037 0.102 0.067 0.073 0.059 0.034 0.016 0.077 0.018 0.049 0.107 0.006 0.026 0.052
14 Y 0.041 0.028 0.022 0.019 0.009 0.022 0.028 0.025 0.047 0.044 0.069 0.032 0.019 0.132 0.016 0.032 0.028 0.028 0.311 0.047
15 T 0.074 0.036 0.044 0.038 0.018 0.028 0.04 0.044 0.014 0.054 0.066 0.046 0.02 0.024 0.028 0.094 0.239 0.006 0.018 0.072
16 D 0.041 0.03 0.07 0.391 0.008 0.03 0.092 0.047 0.019 0.023 0.028 0.045 0.009 0.015 0.023 0.053 0.036 0.004 0.011 0.025
17 T 0.074 0.036 0.044 0.038 0.018 0.028 0.04 0.044 0.014 0.054 0.066 0.046 0.02 0.024 0.028 0.094 0.239 0.006 0.018 0.072
18 Q 0.056 0.074 0.045 0.048 0.009 0.207 0.104 0.042 0.03 0.027 0.048 0.092 0.021 0.015 0.024 0.056 0.042 0.006 0.021 0.036
19 G 0.058 0.052 0.049 0.161 0.009 0.033 0.061 0.203 0.017 0.023 0.033 0.123 0.011 0.015 0.023 0.051 0.034 0.005 0.013 0.027
20 R 0.051 0.178 0.036 0.047 0.008 0.043 0.163 0.034 0.019 0.023 0.038 0.108 0.013 0.015 0.021 0.079 0.072 0.005 0.015 0.032
21 K 0.053 0.068 0.031 0.037 0.01 0.035 0.11 0.033 0.015 0.043 0.085 0.159 0.017 0.019 0.021 0.075 0.098 0.005 0.015 0.072
22 D 0.083 0.068 0.067 0.11 0.011 0.025 0.041 0.038 0.014 0.049 0.085 0.071 0.016 0.02 0.019 0.098 0.069 0.004 0.014 0.099
23 F 0.034 0.019 0.017 0.017 0.011 0.011 0.019 0.025 0.017 0.063 0.114 0.019 0.025 0.387 0.011 0.025 0.025 0.017 0.089 0.055
24 F 0.118 0.02 0.017 0.017 0.012 0.015 0.022 0.03 0.015 0.088 0.146 0.024 0.023 0.16 0.014 0.046 0.031 0.01 0.102 0.089
25 K 0.045 0.128 0.024 0.023 0.01 0.026 0.034 0.026 0.012 0.101 0.066 0.167 0.018 0.051 0.016 0.054 0.033 0.005 0.018 0.143
26 R 0.043 0.175 0.095 0.029 0.009 0.026 0.033 0.03 0.016 0.068 0.108 0.075 0.017 0.023 0.015 0.079 0.035 0.005 0.029 0.09
27 L 0.042 0.02 0.018 0.018 0.012 0.014 0.02 0.023 0.013 0.154 0.165 0.023 0.024 0.101 0.014 0.054 0.103 0.008 0.08 0.097
28 L 0.037 0.016 0.012 0.013 0.012 0.011 0.015 0.018 0.009 0.151 0.207 0.018 0.027 0.189 0.011 0.021 0.028 0.007 0.033 0.167
29 I 0.098 0.02 0.021 0.02 0.031 0.015 0.023 0.03 0.01 0.147 0.105 0.026 0.02 0.103 0.016 0.083 0.107 0.006 0.023 0.095
30 A 0.27 0.023 0.024 0.024 0.015 0.019 0.029 0.121 0.011 0.043 0.049 0.032 0.014 0.018 0.02 0.089 0.086 0.004 0.013 0.095
31 I 0.091 0.017 0.015 0.016 0.012 0.013 0.017 0.098 0.008 0.204 0.199 0.021 0.025 0.062 0.013 0.028 0.029 0.005 0.018 0.108
32 L 0.076 0.017 0.012 0.013 0.049 0.012 0.017 0.022 0.009 0.099 0.288 0.02 0.028 0.127 0.012 0.025 0.028 0.006 0.026 0.114
33 Y 0.03 0.02 0.016 0.014 0.007 0.015 0.02 0.019 0.032 0.036 0.059 0.022 0.015 0.181 0.011 0.023 0.021 0.02 0.399 0.037
34 I 0.11 0.022 0.019 0.02 0.05 0.039 0.025 0.03 0.01 0.175 0.162 0.028 0.023 0.027 0.015 0.078 0.048 0.004 0.015 0.102
35 A 0.116 0.018 0.016 0.017 0.048 0.013 0.019 0.102 0.013 0.106 0.096 0.022 0.018 0.113 0.013 0.032 0.027 0.046 0.082 0.081
36 L 0.09 0.02 0.015 0.016 0.013 0.014 0.019 0.061 0.009 0.117 0.328 0.023 0.05 0.034 0.013 0.03 0.053 0.005 0.016 0.074
37 F 0.03 0.018 0.015 0.014 0.008 0.012 0.018 0.019 0.023 0.047 0.073 0.019 0.018 0.31 0.01 0.022 0.022 0.016 0.243 0.064
38 H 0.034 0.152 0.034 0.027 0.006 0.053 0.041 0.028 0.261 0.022 0.038 0.075 0.013 0.069 0.015 0.033 0.023 0.006 0.048 0.023
39 Y 0.062 0.023 0.018 0.017 0.009 0.04 0.025 0.025 0.024 0.041 0.083 0.027 0.016 0.096 0.013 0.05 0.026 0.089 0.253 0.063
40 I 0.124 0.019 0.019 0.019 0.013 0.015 0.021 0.141 0.009 0.193 0.088 0.025 0.061 0.026 0.015 0.057 0.033 0.005 0.014 0.103
41 Y 0.031 0.023 0.019 0.016 0.007 0.018 0.024 0.021 0.093 0.031 0.049 0.025 0.014 0.088 0.012 0.025 0.021 0.056 0.395 0.033
42 V 0.046 0.019 0.017 0.017 0.013 0.014 0.02 0.022 0.008 0.153 0.146 0.023 0.035 0.06 0.014 0.035 0.129 0.005 0.019 0.204
43 E 0.071 0.027 0.085 0.1 0.01 0.026 0.114 0.033 0.016 0.065 0.052 0.037 0.025 0.023 0.017 0.067 0.094 0.005 0.042 0.091
44 Y 0.031 0.02 0.017 0.015 0.008 0.015 0.02 0.02 0.029 0.038 0.061 0.022 0.016 0.202 0.012 0.026 0.046 0.018 0.345 0.039
45 L 0.041 0.018 0.013 0.014 0.05 0.013 0.017 0.019 0.008 0.174 0.31 0.02 0.031 0.035 0.012 0.044 0.031 0.005 0.016 0.13
46 N 0.042 0.026 0.108 0.031 0.046 0.021 0.054 0.03 0.079 0.046 0.052 0.031 0.015 0.066 0.015 0.059 0.056 0.008 0.107 0.107
47 P 0.044 0.022 0.02 0.026 0.008 0.019 0.055 0.027 0.041 0.026 0.032 0.033 0.009 0.012 0.499 0.034 0.028 0.003 0.013 0.049
48 V 0.071 0.023 0.049 0.054 0.012 0.04 0.029 0.028 0.01 0.097 0.128 0.029 0.021 0.04 0.015 0.039 0.106 0.005 0.016 0.187
49 F 0.026 0.016 0.013 0.013 0.008 0.01 0.016 0.02 0.014 0.041 0.074 0.016 0.017 0.381 0.008 0.019 0.019 0.163 0.09 0.037
50 G 0.081 0.027 0.033 0.073 0.009 0.028 0.164 0.276 0.014 0.018 0.027 0.039 0.009 0.013 0.018 0.098 0.032 0.004 0.011 0.025
51 Y 0.031 0.022 0.017 0.014 0.007 0.017 0.022 0.019 0.036 0.034 0.053 0.024 0.014 0.101 0.012 0.024 0.022 0.022 0.475 0.036
52 A 0.27 0.02 0.017 0.019 0.051 0.016 0.024 0.042 0.011 0.068 0.095 0.027 0.038 0.116 0.017 0.047 0.032 0.006 0.024 0.058
53 G 0.048 0.053 0.033 0.026 0.007 0.021 0.028 0.362 0.167 0.017 0.027 0.033 0.009 0.021 0.014 0.036 0.022 0.006 0.049 0.02
54 Y 0.03 0.02 0.016 0.014 0.007 0.015 0.02 0.019 0.032 0.036 0.059 0.022 0.015 0.181 0.011 0.023 0.021 0.02 0.399 0.037
55 N 0.068 0.091 0.097 0.061 0.009 0.024 0.035 0.052 0.018 0.038 0.047 0.09 0.014 0.059 0.016 0.062 0.057 0.007 0.074 0.082
56 Y 0.034 0.025 0.073 0.021 0.009 0.018 0.023 0.023 0.024 0.126 0.095 0.051 0.018 0.064 0.013 0.027 0.027 0.013 0.245 0.07
57 I 0.061 0.026 0.134 0.036 0.009 0.022 0.08 0.031 0.076 0.157 0.094 0.032 0.018 0.055 0.014 0.035 0.03 0.005 0.021 0.063
58 D 0.04 0.027 0.088 0.168 0.007 0.027 0.147 0.032 0.015 0.026 0.032 0.04 0.01 0.013 0.166 0.042 0.054 0.003 0.011 0.05
59 R 0.049 0.142 0.027 0.027 0.046 0.024 0.057 0.067 0.015 0.029 0.069 0.047 0.014 0.053 0.091 0.103 0.057 0.006 0.045 0.033
60 D 0.07 0.085 0.034 0.141 0.009 0.026 0.079 0.107 0.044 0.03 0.069 0.042 0.034 0.018 0.017 0.065 0.079 0.004 0.014 0.034
61 L 0.038 0.02 0.018 0.02 0.01 0.016 0.047 0.059 0.012 0.097 0.145 0.025 0.051 0.127 0.05 0.03 0.074 0.045 0.056 0.058
62 L 0.041 0.021 0.052 0.086 0.01 0.016 0.028 0.064 0.015 0.091 0.116 0.027 0.018 0.095 0.051 0.056 0.066 0.007 0.078 0.063
63 E 0.043 0.062 0.054 0.038 0.008 0.098 0.144 0.066 0.016 0.053 0.075 0.047 0.035 0.019 0.053 0.059 0.031 0.042 0.016 0.038
64 P 0.047 0.026 0.022 0.024 0.01 0.021 0.031 0.03 0.029 0.034 0.051 0.035 0.014 0.07 0.262 0.036 0.031 0.015 0.175 0.038
65 W 0.043 0.026 0.021 0.02 0.012 0.018 0.025 0.03 0.013 0.056 0.14 0.028 0.024 0.048 0.014 0.039 0.086 0.257 0.043 0.055
66 L 0.038 0.021 0.015 0.016 0.013 0.013 0.019 0.023 0.013 0.087 0.252 0.022 0.036 0.229 0.012 0.024 0.029 0.012 0.054 0.073
67 I 0.037 0.02 0.016 0.018 0.01 0.017 0.046 0.057 0.016 0.15 0.141 0.024 0.063 0.05 0.012 0.024 0.027 0.047 0.133 0.093
68 L 0.039 0.016 0.012 0.014 0.012 0.011 0.016 0.018 0.008 0.208 0.209 0.019 0.028 0.095 0.049 0.021 0.029 0.006 0.022 0.168
69 L 0.063 0.019 0.016 0.016 0.012 0.014 0.019 0.023 0.011 0.088 0.24 0.022 0.025 0.129 0.05 0.03 0.076 0.007 0.054 0.085
70 T 0.131 0.025 0.029 0.027 0.014 0.02 0.029 0.075 0.011 0.063 0.057 0.033 0.036 0.02 0.02 0.093 0.242 0.004 0.014 0.056
71 Y 0.032 0.023 0.078 0.086 0.007 0.018 0.029 0.025 0.028 0.046 0.078 0.027 0.015 0.086 0.013 0.029 0.025 0.015 0.303 0.038
72 L 0.077 0.017 0.013 0.014 0.012 0.012 0.017 0.022 0.009 0.149 0.189 0.02 0.026 0.156 0.012 0.025 0.029 0.007 0.029 0.167
73 L 0.036 0.016 0.012 0.013 0.085 0.011 0.015 0.018 0.009 0.119 0.265 0.018 0.028 0.158 0.011 0.021 0.026 0.007 0.029 0.104
74 A 0.334 0.024 0.022 0.024 0.034 0.019 0.03 0.053 0.011 0.043 0.051 0.033 0.015 0.018 0.021 0.112 0.042 0.004 0.014 0.097
75 L 0.063 0.017 0.012 0.013 0.012 0.012 0.017 0.02 0.008 0.15 0.294 0.02 0.03 0.067 0.012 0.023 0.028 0.043 0.022 0.136
76 I 0.1 0.017 0.013 0.015 0.012 0.012 0.017 0.024 0.009 0.194 0.164 0.02 0.025 0.156 0.012 0.027 0.029 0.007 0.029 0.118
77 P 0.044 0.02 0.018 0.024 0.008 0.016 0.028 0.028 0.01 0.02 0.028 0.032 0.008 0.01 0.61 0.034 0.028 0.002 0.01 0.024
78 I 0.068 0.017 0.014 0.015 0.013 0.013 0.018 0.022 0.008 0.231 0.222 0.021 0.028 0.033 0.013 0.047 0.033 0.005 0.016 0.163
79 L 0.061 0.018 0.013 0.013 0.012 0.013 0.017 0.02 0.012 0.098 0.274 0.02 0.028 0.137 0.012 0.023 0.027 0.009 0.084 0.111
80 F 0.135 0.017 0.014 0.015 0.048 0.012 0.019 0.03 0.012 0.045 0.099 0.02 0.018 0.308 0.012 0.032 0.025 0.047 0.047 0.046
81 Y 0.032 0.022 0.017 0.016 0.008 0.039 0.024 0.02 0.03 0.06 0.061 0.025 0.016 0.144 0.012 0.024 0.022 0.018 0.367 0.042
82 R 0.055 0.215 0.062 0.033 0.009 0.033 0.043 0.038 0.017 0.02 0.033 0.136 0.012 0.014 0.019 0.174 0.042 0.004 0.013 0.027
83 G 0.13 0.025 0.088 0.098 0.011 0.022 0.062 0.19 0.014 0.027 0.034 0.035 0.011 0.015 0.018 0.113 0.037 0.004 0.012 0.054
84 L 0.046 0.088 0.026 0.055 0.011 0.022 0.032 0.028 0.013 0.108 0.118 0.088 0.019 0.028 0.016 0.08 0.082 0.005 0.043 0.092
85 K 0.041 0.077 0.11 0.033 0.008 0.029 0.039 0.033 0.016 0.033 0.077 0.191 0.055 0.018 0.092 0.041 0.055 0.004 0.014 0.035
86 R 0.094 0.115 0.026 0.054 0.011 0.023 0.033 0.03 0.043 0.051 0.084 0.066 0.017 0.052 0.017 0.042 0.104 0.005 0.019 0.114
87 P 0.092 0.018 0.015 0.019 0.011 0.014 0.022 0.027 0.009 0.205 0.074 0.026 0.018 0.021 0.275 0.031 0.03 0.003 0.013 0.077
88 S 0.151 0.028 0.036 0.033 0.014 0.023 0.037 0.051 0.014 0.051 0.041 0.039 0.013 0.017 0.022 0.313 0.056 0.004 0.014 0.043
89 N 0.074 0.031 0.2 0.106 0.01 0.047 0.042 0.044 0.019 0.028 0.035 0.04 0.011 0.02 0.018 0.135 0.042 0.005 0.041 0.053
90 F 0.057 0.017 0.014 0.014 0.046 0.012 0.017 0.022 0.017 0.072 0.131 0.019 0.02 0.266 0.011 0.024 0.023 0.012 0.153 0.051
91 G 0.045 0.015 0.019 0.018 0.011 0.012 0.016 0.244 0.009 0.212 0.082 0.021 0.019 0.087 0.012 0.027 0.027 0.005 0.02 0.099
92 A 0.211 0.023 0.024 0.024 0.052 0.019 0.029 0.044 0.011 0.071 0.083 0.032 0.017 0.02 0.019 0.157 0.044 0.004 0.014 0.1
93 I 0.099 0.019 0.019 0.02 0.014 0.015 0.022 0.028 0.009 0.248 0.093 0.025 0.022 0.027 0.016 0.08 0.085 0.004 0.015 0.14
94 L 0.034 0.017 0.012 0.013 0.012 0.012 0.015 0.017 0.008 0.171 0.345 0.019 0.053 0.101 0.011 0.02 0.026 0.006 0.023 0.085
95 I 0.038 0.016 0.013 0.014 0.013 0.012 0.015 0.017 0.007 0.318 0.208 0.02 0.029 0.034 0.012 0.023 0.054 0.005 0.016 0.136
96 Y 0.03 0.02 0.016 0.014 0.007 0.015 0.02 0.019 0.031 0.037 0.06 0.022 0.016 0.194 0.011 0.023 0.021 0.02 0.386 0.037
97 V 0.096 0.019 0.016 0.017 0.013 0.015 0.021 0.025 0.011 0.168 0.093 0.024 0.042 0.05 0.014 0.034 0.081 0.006 0.06 0.193
98 L 0.036 0.019 0.012 0.013 0.012 0.014 0.017 0.018 0.009 0.127 0.299 0.021 0.113 0.1 0.011 0.022 0.028 0.006 0.024 0.1
99 C 0.073 0.016 0.014 0.015 0.235 0.012 0.017 0.025 0.007 0.112 0.156 0.02 0.022 0.025 0.013 0.051 0.033 0.004 0.013 0.135
100 Y 0.031 0.022 0.018 0.015 0.007 0.017 0.022 0.02 0.064 0.033 0.053 0.024 0.015 0.123 0.012 0.024 0.021 0.02 0.423 0.035
101 V 0.146 0.018 0.014 0.016 0.014 0.014 0.02 0.028 0.008 0.196 0.148 0.023 0.025 0.029 0.015 0.033 0.034 0.004 0.015 0.202
102 P 0.044 0.02 0.018 0.024 0.008 0.016 0.028 0.028 0.01 0.02 0.028 0.032 0.008 0.01 0.61 0.034 0.028 0.002 0.01 0.024
103 A 0.178 0.022 0.023 0.023 0.014 0.017 0.026 0.075 0.01 0.159 0.069 0.03 0.018 0.022 0.018 0.092 0.11 0.004 0.014 0.074
104 L 0.04 0.031 0.02 0.023 0.011 0.145 0.051 0.022 0.013 0.155 0.188 0.038 0.025 0.027 0.014 0.029 0.031 0.005 0.016 0.117
105 L 0.036 0.017 0.013 0.014 0.012 0.012 0.016 0.017 0.008 0.215 0.317 0.02 0.032 0.068 0.012 0.022 0.052 0.006 0.02 0.094
106 T 0.082 0.027 0.03 0.027 0.014 0.022 0.03 0.035 0.012 0.045 0.067 0.034 0.078 0.021 0.02 0.104 0.279 0.005 0.015 0.055
107 L 0.038 0.018 0.012 0.013 0.012 0.013 0.016 0.017 0.01 0.176 0.294 0.021 0.072 0.041 0.011 0.021 0.029 0.006 0.045 0.132
108 L 0.039 0.031 0.049 0.025 0.046 0.133 0.038 0.027 0.015 0.048 0.197 0.037 0.023 0.119 0.014 0.053 0.03 0.006 0.025 0.046
109 F 0.056 0.018 0.015 0.014 0.009 0.013 0.018 0.022 0.021 0.069 0.102 0.02 0.019 0.275 0.011 0.024 0.023 0.015 0.211 0.048
110 M 0.038 0.029 0.109 0.061 0.009 0.045 0.034 0.03 0.05 0.042 0.073 0.034 0.119 0.038 0.015 0.039 0.078 0.008 0.103 0.044
111 L 0.03 0.021 0.043 0.017 0.009 0.037 0.022 0.022 0.014 0.06 0.166 0.023 0.042 0.164 0.01 0.023 0.023 0.159 0.067 0.047
112 D 0.066 0.029 0.112 0.114 0.01 0.023 0.076 0.033 0.014 0.086 0.078 0.06 0.015 0.019 0.054 0.043 0.08 0.004 0.013 0.071
113 D 0.039 0.122 0.034 0.159 0.007 0.053 0.099 0.104 0.016 0.023 0.04 0.099 0.032 0.046 0.016 0.038 0.027 0.005 0.015 0.026
114 D 0.045 0.03 0.059 0.114 0.008 0.026 0.104 0.033 0.019 0.024 0.036 0.062 0.011 0.062 0.091 0.104 0.034 0.007 0.102 0.028
115 L 0.074 0.019 0.019 0.057 0.012 0.015 0.024 0.073 0.012 0.101 0.148 0.024 0.023 0.113 0.014 0.03 0.031 0.008 0.06 0.143
116 G 0.079 0.023 0.039 0.034 0.011 0.019 0.026 0.505 0.014 0.019 0.029 0.034 0.009 0.016 0.019 0.052 0.03 0.005 0.011 0.025
117 S 0.111 0.041 0.055 0.049 0.018 0.034 0.053 0.067 0.019 0.03 0.042 0.055 0.016 0.021 0.03 0.212 0.083 0.005 0.018 0.042
118 L 0.072 0.028 0.079 0.031 0.01 0.067 0.06 0.069 0.014 0.047 0.109 0.036 0.038 0.022 0.053 0.071 0.046 0.042 0.017 0.088
119 E 0.066 0.027 0.057 0.134 0.009 0.028 0.168 0.03 0.016 0.043 0.101 0.038 0.015 0.024 0.017 0.04 0.054 0.005 0.042 0.085
120 F 0.034 0.019 0.017 0.017 0.011 0.011 0.019 0.025 0.017 0.063 0.114 0.019 0.025 0.387 0.011 0.025 0.025 0.017 0.089 0.055
121 L 0.095 0.022 0.014 0.015 0.014 0.015 0.021 0.024 0.008 0.126 0.223 0.048 0.027 0.03 0.014 0.029 0.033 0.005 0.016 0.222
122 V 0.117 0.018 0.015 0.016 0.013 0.013 0.019 0.027 0.009 0.153 0.143 0.022 0.023 0.122 0.014 0.032 0.055 0.006 0.025 0.156
123 L 0.043 0.053 0.018 0.018 0.011 0.017 0.023 0.06 0.012 0.109 0.186 0.054 0.044 0.064 0.051 0.049 0.03 0.006 0.047 0.107
124 L 0.041 0.02 0.044 0.018 0.011 0.015 0.021 0.022 0.016 0.075 0.181 0.024 0.023 0.047 0.05 0.028 0.054 0.009 0.13 0.17
125 Q 0.068 0.046 0.029 0.035 0.008 0.258 0.112 0.031 0.019 0.032 0.08 0.058 0.059 0.017 0.017 0.041 0.031 0.005 0.016 0.037
126 L 0.064 0.019 0.015 0.015 0.012 0.013 0.018 0.022 0.009 0.121 0.302 0.022 0.029 0.096 0.013 0.029 0.076 0.006 0.023 0.097
127 L 0.149 0.02 0.017 0.018 0.088 0.016 0.022 0.033 0.009 0.065 0.154 0.025 0.042 0.057 0.016 0.061 0.058 0.005 0.018 0.127
128 L 0.031 0.017 0.012 0.012 0.011 0.011 0.015 0.018 0.01 0.073 0.357 0.018 0.031 0.211 0.01 0.019 0.023 0.009 0.049 0.062
129 A 0.151 0.022 0.021 0.021 0.087 0.017 0.025 0.037 0.012 0.044 0.095 0.028 0.058 0.117 0.017 0.108 0.06 0.006 0.024 0.05
130 L 0.155 0.019 0.017 0.018 0.013 0.014 0.021 0.069 0.01 0.125 0.184 0.025 0.023 0.09 0.015 0.038 0.066 0.006 0.021 0.07
131 S 0.125 0.027 0.036 0.033 0.013 0.022 0.034 0.195 0.013 0.022 0.031 0.037 0.011 0.015 0.021 0.268 0.05 0.004 0.012 0.031
132 M 0.04 0.028 0.018 0.018 0.011 0.068 0.028 0.023 0.014 0.068 0.133 0.032 0.291 0.065 0.013 0.029 0.03 0.006 0.021 0.064
133 S 0.08 0.022 0.024 0.023 0.049 0.017 0.025 0.088 0.011 0.116 0.097 0.028 0.039 0.055 0.016 0.127 0.086 0.005 0.017 0.074
134 L 0.092 0.018 0.014 0.015 0.013 0.014 0.019 0.024 0.008 0.19 0.282 0.022 0.029 0.034 0.013 0.049 0.032 0.005 0.016 0.111
135 L 0.032 0.016 0.012 0.013 0.011 0.01 0.015 0.017 0.01 0.139 0.284 0.017 0.029 0.223 0.01 0.019 0.024 0.008 0.036 0.074
136 F 0.028 0.017 0.014 0.014 0.008 0.033 0.019 0.02 0.013 0.049 0.112 0.018 0.02 0.466 0.009 0.021 0.021 0.012 0.062 0.043
137 F 0.039 0.053 0.018 0.017 0.047 0.017 0.023 0.023 0.015 0.051 0.146 0.052 0.02 0.149 0.013 0.05 0.051 0.047 0.101 0.069
138 A 0.229 0.022 0.021 0.022 0.088 0.018 0.027 0.044 0.011 0.064 0.088 0.03 0.037 0.052 0.019 0.113 0.039 0.005 0.017 0.055
139 D 0.105 0.025 0.039 0.22 0.011 0.022 0.048 0.042 0.013 0.029 0.035 0.036 0.011 0.015 0.057 0.156 0.065 0.004 0.012 0.056
140 R 0.04 0.24 0.027 0.024 0.008 0.03 0.037 0.028 0.015 0.049 0.045 0.134 0.013 0.049 0.053 0.058 0.054 0.043 0.019 0.035
141 V 0.069 0.057 0.082 0.059 0.01 0.021 0.031 0.069 0.045 0.092 0.084 0.059 0.017 0.026 0.016 0.06 0.057 0.005 0.044 0.096
142 K 0.062 0.039 0.083 0.031 0.01 0.035 0.035 0.108 0.014 0.082 0.052 0.135 0.015 0.049 0.017 0.085 0.059 0.005 0.017 0.068
143 G 0.05 0.08 0.043 0.03 0.01 0.024 0.061 0.119 0.014 0.036 0.111 0.068 0.017 0.093 0.06 0.084 0.033 0.006 0.023 0.037
144 I 0.066 0.023 0.026 0.026 0.015 0.018 0.026 0.133 0.011 0.165 0.101 0.03 0.025 0.03 0.018 0.078 0.045 0.005 0.017 0.141
145 E 0.056 0.078 0.041 0.065 0.008 0.058 0.187 0.039 0.023 0.025 0.04 0.18 0.014 0.016 0.026 0.054 0.038 0.005 0.017 0.032
146 N 0.048 0.047 0.182 0.086 0.008 0.049 0.176 0.05 0.028 0.022 0.034 0.064 0.012 0.017 0.023 0.062 0.043 0.005 0.016 0.029
147 L 0.045 0.025 0.014 0.015 0.016 0.016 0.02 0.022 0.01 0.117 0.369 0.026 0.05 0.055 0.014 0.025 0.034 0.007 0.023 0.097
148 L 0.045 0.025 0.014 0.015 0.016 0.016 0.02 0.022 0.01 0.117 0.369 0.026 0.05 0.055 0.014 0.025 0.034 0.007 0.023 0.097
149 N 0.043 0.045 0.31 0.084 0.009 0.034 0.05 0.066 0.032 0.023 0.032 0.054 0.011 0.018 0.02 0.07 0.05 0.005 0.016 0.027
150 G 0.079 0.023 0.039 0.034 0.011 0.019 0.026 0.505 0.014 0.019 0.029 0.034 0.009 0.016 0.019 0.052 0.03 0.005 0.011 0.025
151 R 0.051 0.117 0.083 0.032 0.01 0.025 0.058 0.107 0.014 0.085 0.051 0.07 0.014 0.018 0.016 0.104 0.037 0.004 0.013 0.09
152 K 0.041 0.058 0.056 0.034 0.007 0.053 0.093 0.03 0.049 0.023 0.035 0.143 0.012 0.024 0.129 0.041 0.065 0.006 0.072 0.028
153 R 0.048 0.125 0.055 0.028 0.01 0.05 0.038 0.031 0.016 0.065 0.079 0.122 0.016 0.024 0.017 0.102 0.037 0.005 0.043 0.088
154 I 0.065 0.029 0.048 0.022 0.048 0.02 0.026 0.026 0.074 0.148 0.105 0.077 0.041 0.03 0.014 0.031 0.03 0.006 0.047 0.113
155 E 0.044 0.062 0.029 0.068 0.008 0.074 0.144 0.065 0.015 0.101 0.053 0.07 0.015 0.049 0.017 0.06 0.055 0.005 0.017 0.048
156 L 0.109 0.085 0.05 0.025 0.012 0.022 0.042 0.069 0.012 0.086 0.128 0.063 0.019 0.022 0.016 0.062 0.058 0.004 0.014 0.1
157 N 0.049 0.075 0.185 0.061 0.009 0.043 0.059 0.053 0.026 0.025 0.037 0.173 0.013 0.016 0.023 0.06 0.044 0.005 0.016 0.029
158 S 0.052 0.069 0.033 0.068 0.009 0.028 0.07 0.035 0.052 0.023 0.034 0.098 0.011 0.027 0.103 0.137 0.037 0.006 0.08 0.028
159 R 0.045 0.345 0.039 0.031 0.008 0.048 0.052 0.033 0.023 0.023 0.047 0.12 0.016 0.017 0.019 0.045 0.035 0.006 0.017 0.031
160 N 0.043 0.045 0.317 0.083 0.009 0.034 0.049 0.065 0.032 0.022 0.032 0.054 0.011 0.018 0.02 0.07 0.049 0.004 0.016 0.027
161 T 0.051 0.093 0.057 0.029 0.011 0.048 0.036 0.069 0.014 0.04 0.102 0.093 0.017 0.019 0.018 0.09 0.132 0.004 0.014 0.065
162 S 0.11 0.04 0.054 0.049 0.018 0.033 0.052 0.066 0.019 0.03 0.042 0.054 0.016 0.021 0.03 0.22 0.082 0.005 0.018 0.042
163 P 0.057 0.026 0.023 0.031 0.01 0.021 0.036 0.036 0.013 0.026 0.036 0.041 0.01 0.013 0.494 0.044 0.036 0.003 0.013 0.031
164 L 0.045 0.024 0.014 0.015 0.016 0.016 0.02 0.021 0.01 0.115 0.375 0.025 0.05 0.055 0.014 0.024 0.033 0.007 0.022 0.096
165 Q 0.056 0.074 0.044 0.047 0.009 0.215 0.103 0.041 0.029 0.026 0.047 0.091 0.021 0.015 0.024 0.056 0.041 0.006 0.021 0.035
166 I 0.047 0.018 0.015 0.018 0.016 0.013 0.018 0.021 0.009 0.271 0.168 0.024 0.037 0.044 0.015 0.025 0.04 0.006 0.021 0.177
167 P 0.057 0.026 0.023 0.031 0.01 0.021 0.036 0.036 0.013 0.026 0.036 0.041 0.01 0.013 0.494 0.044 0.036 0.003 0.013 0.031
168 Y 0.04 0.028 0.022 0.019 0.009 0.022 0.028 0.025 0.047 0.044 0.068 0.031 0.019 0.131 0.016 0.031 0.028 0.028 0.318 0.047
169 E 0.055 0.05 0.04 0.09 0.007 0.064 0.296 0.035 0.026 0.022 0.037 0.076 0.013 0.017 0.026 0.055 0.037 0.006 0.017 0.031
170 D 0.038 0.114 0.111 0.188 0.007 0.03 0.078 0.036 0.017 0.021 0.032 0.114 0.01 0.047 0.017 0.064 0.032 0.004 0.015 0.024
171 I 0.047 0.018 0.015 0.018 0.016 0.013 0.018 0.021 0.009 0.271 0.168 0.024 0.037 0.044 0.015 0.025 0.04 0.006 0.021 0.177
172 V 0.07 0.022 0.016 0.018 0.019 0.016 0.023 0.025 0.008 0.165 0.13 0.026 0.032 0.036 0.016 0.033 0.049 0.006 0.021 0.269
173 I 0.041 0.022 0.017 0.02 0.048 0.016 0.048 0.022 0.012 0.172 0.137 0.05 0.022 0.094 0.05 0.048 0.03 0.006 0.05 0.096
174 I 0.093 0.091 0.083 0.062 0.011 0.022 0.032 0.032 0.013 0.168 0.103 0.066 0.02 0.024 0.016 0.037 0.033 0.004 0.015 0.074
175 T 0.073 0.036 0.043 0.038 0.018 0.028 0.039 0.043 0.014 0.053 0.065 0.045 0.02 0.024 0.028 0.093 0.246 0.006 0.018 0.071
176 P 0.05 0.026 0.033 0.129 0.009 0.022 0.048 0.037 0.014 0.024 0.033 0.04 0.01 0.013 0.394 0.044 0.034 0.003 0.012 0.028
177 P 0.042 0.061 0.082 0.061 0.009 0.023 0.035 0.031 0.044 0.056 0.098 0.087 0.015 0.018 0.165 0.06 0.056 0.004 0.015 0.039
178 L 0.091 0.02 0.016 0.019 0.012 0.016 0.047 0.026 0.012 0.133 0.163 0.024 0.023 0.127 0.014 0.051 0.031 0.007 0.054 0.114
179 K 0.053 0.084 0.034 0.075 0.01 0.059 0.048 0.035 0.019 0.039 0.051 0.115 0.016 0.072 0.019 0.097 0.039 0.007 0.062 0.067
180 K 0.07 0.043 0.053 0.027 0.01 0.026 0.035 0.032 0.045 0.046 0.138 0.159 0.039 0.027 0.017 0.07 0.045 0.006 0.045 0.066
181 L 0.037 0.02 0.017 0.016 0.011 0.014 0.02 0.022 0.015 0.068 0.177 0.023 0.022 0.108 0.013 0.032 0.11 0.085 0.113 0.077
182 I 0.037 0.047 0.014 0.014 0.011 0.014 0.018 0.019 0.013 0.184 0.123 0.024 0.044 0.103 0.011 0.022 0.028 0.046 0.082 0.146
183 L 0.063 0.052 0.049 0.022 0.01 0.018 0.025 0.064 0.075 0.068 0.158 0.029 0.02 0.141 0.013 0.052 0.028 0.008 0.059 0.048
184 I 0.04 0.017 0.015 0.015 0.011 0.012 0.017 0.094 0.01 0.168 0.139 0.02 0.022 0.098 0.011 0.024 0.039 0.063 0.054 0.13
185 L 0.04 0.019 0.015 0.015 0.012 0.013 0.018 0.02 0.009 0.103 0.329 0.021 0.03 0.097 0.012 0.047 0.054 0.006 0.023 0.116
186 T 0.096 0.025 0.059 0.03 0.012 0.02 0.029 0.186 0.012 0.033 0.041 0.033 0.013 0.016 0.019 0.091 0.216 0.004 0.012 0.053
187 I 0.044 0.016 0.014 0.015 0.013 0.012 0.016 0.093 0.007 0.253 0.158 0.02 0.036 0.031 0.012 0.023 0.031 0.005 0.015 0.187
188 L 0.066 0.017 0.012 0.014 0.013 0.012 0.016 0.02 0.007 0.203 0.25 0.02 0.029 0.05 0.012 0.023 0.031 0.005 0.018 0.182
189 L 0.045 0.024 0.014 0.015 0.016 0.016 0.02 0.021 0.01 0.115 0.375 0.025 0.05 0.055 0.014 0.024 0.033 0.007 0.022 0.096
190 C 0.065 0.016 0.016 0.016 0.484 0.012 0.016 0.032 0.008 0.045 0.065 0.02 0.016 0.02 0.016 0.041 0.037 0.004 0.012 0.057
191 S 0.084 0.022 0.024 0.023 0.05 0.017 0.025 0.107 0.011 0.078 0.093 0.028 0.038 0.054 0.016 0.146 0.041 0.005 0.017 0.121
192 L 0.121 0.022 0.02 0.02 0.014 0.017 0.024 0.031 0.01 0.106 0.189 0.028 0.065 0.028 0.017 0.045 0.153 0.005 0.015 0.071
193 L 0.094 0.019 0.017 0.017 0.012 0.014 0.019 0.1 0.009 0.103 0.216 0.023 0.045 0.076 0.014 0.032 0.053 0.006 0.02 0.111
194 L 0.061 0.018 0.014 0.014 0.011 0.013 0.018 0.021 0.015 0.113 0.17 0.02 0.044 0.17 0.012 0.024 0.027 0.01 0.115 0.111
195 L 0.066 0.019 0.013 0.014 0.013 0.014 0.018 0.021 0.008 0.113 0.288 0.021 0.071 0.066 0.012 0.024 0.03 0.006 0.02 0.165
196 I 0.064 0.016 0.012 0.014 0.013 0.012 0.016 0.02 0.008 0.219 0.211 0.019 0.028 0.096 0.012 0.023 0.03 0.006 0.023 0.16
197 F 0.062 0.019 0.045 0.05 0.01 0.014 0.023 0.024 0.016 0.097 0.104 0.022 0.02 0.165 0.012 0.028 0.028 0.01 0.114 0.136
198 L 0.04 0.032 0.022 0.052 0.01 0.02 0.03 0.025 0.016 0.051 0.114 0.103 0.018 0.099 0.052 0.034 0.076 0.008 0.107 0.09
199 Y 0.03 0.024 0.159 0.03 0.007 0.017 0.025 0.029 0.027 0.032 0.053 0.027 0.014 0.18 0.012 0.032 0.026 0.014 0.229 0.033
200 G 0.078 0.023 0.039 0.034 0.011 0.019 0.026 0.51 0.014 0.019 0.028 0.034 0.009 0.016 0.019 0.051 0.03 0.005 0.011 0.024
201 G 0.046 0.111 0.028 0.024 0.008 0.021 0.028 0.177 0.074 0.025 0.065 0.04 0.013 0.053 0.051 0.077 0.028 0.081 0.024 0.027
202 G 0.063 0.024 0.063 0.067 0.01 0.021 0.058 0.335 0.013 0.018 0.026 0.034 0.009 0.014 0.018 0.153 0.037 0.004 0.01 0.023
203 H 0.045 0.096 0.079 0.034 0.008 0.053 0.044 0.036 0.231 0.019 0.031 0.072 0.012 0.018 0.017 0.116 0.034 0.005 0.027 0.023
204 L 0.038 0.022 0.014 0.014 0.012 0.018 0.019 0.02 0.011 0.082 0.289 0.025 0.236 0.039 0.012 0.024 0.029 0.006 0.018 0.072
205 R 0.035 0.413 0.058 0.03 0.006 0.038 0.067 0.027 0.018 0.018 0.034 0.109 0.012 0.013 0.016 0.036 0.028 0.004 0.013 0.024
206 L 0.032 0.017 0.012 0.012 0.011 0.011 0.015 0.017 0.009 0.076 0.385 0.018 0.032 0.194 0.01 0.019 0.024 0.008 0.033 0.064
207 V 0.054 0.017 0.013 0.014 0.015 0.013 0.018 0.019 0.006 0.127 0.1 0.02 0.024 0.027 0.013 0.025 0.038 0.004 0.016 0.438
208 S 0.087 0.056 0.037 0.033 0.012 0.023 0.035 0.193 0.014 0.021 0.03 0.041 0.011 0.015 0.02 0.277 0.05 0.004 0.012 0.029
209 F 0.027 0.015 0.013 0.013 0.008 0.008 0.015 0.019 0.013 0.051 0.115 0.015 0.021 0.498 0.008 0.019 0.02 0.013 0.065 0.044
210 A 0.18 0.03 0.056 0.04 0.011 0.029 0.14 0.044 0.018 0.026 0.038 0.041 0.012 0.026 0.02 0.137 0.04 0.006 0.071 0.036
211 D 0.033 0.028 0.05 0.476 0.006 0.026 0.094 0.035 0.015 0.017 0.023 0.062 0.008 0.012 0.018 0.04 0.028 0.003 0.009 0.019
212 V 0.05 0.017 0.012 0.014 0.014 0.012 0.017 0.018 0.006 0.163 0.13 0.02 0.026 0.029 0.012 0.024 0.036 0.004 0.016 0.377
213 Y 0.031 0.022 0.017 0.014 0.007 0.017 0.022 0.019 0.036 0.034 0.053 0.024 0.014 0.101 0.012 0.024 0.022 0.022 0.475 0.036
214 D 0.064 0.028 0.057 0.327 0.007 0.031 0.174 0.036 0.016 0.019 0.026 0.042 0.009 0.013 0.019 0.065 0.031 0.003 0.01 0.023
215 L 0.035 0.021 0.012 0.013 0.012 0.036 0.02 0.017 0.009 0.084 0.489 0.023 0.037 0.04 0.011 0.02 0.026 0.005 0.017 0.071
216 R 0.034 0.496 0.03 0.024 0.006 0.037 0.04 0.025 0.018 0.018 0.036 0.092 0.012 0.013 0.015 0.034 0.027 0.004 0.013 0.024
217 F 0.045 0.022 0.023 0.026 0.01 0.019 0.077 0.028 0.014 0.045 0.071 0.028 0.038 0.274 0.014 0.118 0.033 0.009 0.041 0.064
218 E 0.094 0.031 0.037 0.205 0.008 0.034 0.231 0.036 0.016 0.021 0.03 0.045 0.01 0.013 0.02 0.069 0.056 0.004 0.012 0.028
219 N 0.163 0.029 0.196 0.041 0.012 0.023 0.035 0.049 0.016 0.028 0.037 0.038 0.012 0.016 0.02 0.104 0.125 0.004 0.013 0.039
220 A 0.12 0.092 0.089 0.097 0.009 0.095 0.048 0.041 0.049 0.023 0.035 0.05 0.012 0.02 0.018 0.09 0.035 0.005 0.044 0.03
221 E 0.047 0.035 0.038 0.175 0.007 0.047 0.231 0.089 0.017 0.018 0.027 0.072 0.01 0.013 0.019 0.086 0.032 0.004 0.012 0.023
222 L 0.16 0.052 0.047 0.022 0.013 0.018 0.026 0.035 0.011 0.085 0.175 0.032 0.022 0.025 0.017 0.063 0.059 0.005 0.015 0.118
223 K 0.109 0.04 0.031 0.032 0.011 0.051 0.066 0.116 0.014 0.033 0.042 0.118 0.013 0.016 0.02 0.097 0.112 0.004 0.013 0.062
224 G 0.051 0.123 0.058 0.029 0.009 0.049 0.035 0.15 0.014 0.056 0.102 0.073 0.016 0.019 0.016 0.107 0.035 0.004 0.013 0.039
225 S 0.108 0.039 0.053 0.048 0.017 0.033 0.051 0.065 0.019 0.029 0.041 0.053 0.015 0.02 0.029 0.235 0.08 0.005 0.017 0.041
226 G 0.064 0.122 0.121 0.046 0.011 0.031 0.042 0.174 0.02 0.022 0.035 0.061 0.012 0.017 0.021 0.106 0.046 0.005 0.014 0.029
227 G 0.075 0.023 0.059 0.092 0.01 0.019 0.033 0.147 0.044 0.026 0.04 0.031 0.012 0.111 0.053 0.107 0.057 0.006 0.024 0.03
228 G 0.062 0.019 0.021 0.021 0.011 0.015 0.022 0.175 0.01 0.081 0.085 0.026 0.016 0.083 0.126 0.056 0.054 0.005 0.019 0.094
229 L 0.035 0.017 0.013 0.013 0.011 0.011 0.015 0.055 0.009 0.154 0.309 0.019 0.03 0.129 0.011 0.02 0.026 0.007 0.026 0.09
230 V 0.077 0.022 0.022 0.024 0.013 0.018 0.051 0.03 0.011 0.13 0.08 0.029 0.04 0.087 0.016 0.103 0.086 0.005 0.022 0.135
231 G 0.13 0.025 0.058 0.064 0.01 0.043 0.059 0.335 0.013 0.019 0.028 0.035 0.009 0.013 0.017 0.068 0.03 0.004 0.011 0.027
232 Y 0.031 0.022 0.017 0.014 0.007 0.017 0.022 0.019 0.036 0.034 0.053 0.024 0.014 0.101 0.012 0.024 0.022 0.022 0.475 0.036
233 L 0.033 0.017 0.012 0.013 0.011 0.012 0.016 0.018 0.01 0.141 0.265 0.019 0.07 0.192 0.01 0.02 0.025 0.008 0.033 0.075
234 L 0.052 0.028 0.024 0.023 0.012 0.042 0.029 0.028 0.011 0.129 0.154 0.056 0.022 0.026 0.016 0.104 0.11 0.005 0.015 0.114
235 L 0.051 0.024 0.022 0.021 0.012 0.019 0.025 0.029 0.012 0.062 0.225 0.029 0.128 0.063 0.015 0.141 0.039 0.006 0.02 0.058
236 W 0.023 0.017 0.012 0.012 0.006 0.012 0.017 0.023 0.012 0.023 0.041 0.017 0.012 0.047 0.006 0.017 0.017 0.61 0.052 0.023
237 L 0.117 0.021 0.015 0.016 0.013 0.016 0.021 0.027 0.009 0.117 0.305 0.024 0.07 0.034 0.014 0.052 0.032 0.005 0.016 0.075
238 S 0.12 0.028 0.034 0.032 0.013 0.022 0.035 0.046 0.013 0.032 0.07 0.037 0.015 0.05 0.021 0.269 0.1 0.005 0.017 0.041
239 Y 0.04 0.054 0.109 0.06 0.009 0.02 0.03 0.067 0.023 0.058 0.049 0.034 0.014 0.049 0.015 0.058 0.055 0.011 0.186 0.062
240 C 0.095 0.017 0.015 0.016 0.197 0.012 0.018 0.028 0.009 0.055 0.111 0.021 0.029 0.149 0.013 0.054 0.031 0.006 0.027 0.097
241 F 0.033 0.017 0.015 0.015 0.01 0.011 0.017 0.021 0.013 0.057 0.14 0.018 0.032 0.376 0.01 0.044 0.025 0.011 0.066 0.071
242 I 0.069 0.048 0.017 0.017 0.012 0.015 0.02 0.06 0.01 0.195 0.169 0.027 0.024 0.034 0.013 0.049 0.032 0.006 0.044 0.139
243 P 0.046 0.02 0.019 0.024 0.009 0.016 0.028 0.029 0.01 0.024 0.059 0.032 0.01 0.012 0.536 0.056 0.03 0.002 0.011 0.028
244 L 0.034 0.019 0.013 0.013 0.01 0.013 0.018 0.018 0.017 0.089 0.218 0.02 0.035 0.15 0.011 0.021 0.025 0.012 0.17 0.094
245 Y 0.033 0.019 0.016 0.014 0.046 0.014 0.019 0.02 0.023 0.045 0.12 0.021 0.019 0.19 0.012 0.026 0.047 0.015 0.258 0.044
246 F 0.112 0.018 0.014 0.015 0.012 0.013 0.018 0.026 0.01 0.109 0.171 0.021 0.044 0.217 0.012 0.029 0.027 0.008 0.035 0.088
247 A 0.293 0.024 0.023 0.024 0.015 0.019 0.03 0.048 0.011 0.065 0.054 0.033 0.015 0.019 0.021 0.082 0.123 0.004 0.014 0.081
248 I 0.037 0.081 0.016 0.016 0.01 0.018 0.022 0.019 0.016 0.198 0.113 0.056 0.022 0.046 0.013 0.024 0.028 0.009 0.13 0.124
249 G 0.085 0.018 0.029 0.026 0.009 0.015 0.02 0.588 0.01 0.016 0.023 0.026 0.008 0.013 0.015 0.041 0.024 0.004 0.009 0.021
250 L 0.041 0.017 0.014 0.014 0.049 0.013 0.017 0.02 0.009 0.168 0.233 0.02 0.048 0.095 0.012 0.045 0.031 0.006 0.022 0.126
251 L 0.039 0.02 0.014 0.015 0.012 0.036 0.02 0.019 0.011 0.16 0.206 0.023 0.048 0.099 0.012 0.023 0.029 0.007 0.052 0.158
252 G 0.097 0.07 0.055 0.028 0.009 0.049 0.038 0.146 0.019 0.023 0.036 0.14 0.012 0.03 0.018 0.064 0.031 0.007 0.099 0.03
253 K 0.045 0.157 0.032 0.031 0.007 0.039 0.051 0.033 0.016 0.021 0.034 0.353 0.012 0.012 0.02 0.062 0.032 0.004 0.013 0.025
254 K 0.044 0.095 0.172 0.042 0.007 0.056 0.047 0.04 0.049 0.02 0.03 0.186 0.011 0.014 0.018 0.089 0.036 0.004 0.015 0.024
255 K 0.036 0.106 0.023 0.022 0.007 0.028 0.037 0.027 0.015 0.031 0.097 0.214 0.015 0.03 0.015 0.03 0.026 0.157 0.052 0.031
256 L 0.068 0.058 0.02 0.023 0.01 0.022 0.053 0.064 0.011 0.116 0.15 0.083 0.041 0.026 0.052 0.054 0.03 0.042 0.017 0.059
257 Y 0.06 0.025 0.05 0.086 0.008 0.018 0.031 0.028 0.019 0.033 0.065 0.053 0.024 0.133 0.126 0.032 0.026 0.01 0.138 0.034
258 L 0.037 0.019 0.013 0.014 0.012 0.035 0.019 0.018 0.009 0.195 0.248 0.022 0.029 0.096 0.011 0.022 0.029 0.006 0.023 0.143
259 L 0.115 0.018 0.016 0.016 0.048 0.013 0.019 0.102 0.012 0.071 0.172 0.022 0.02 0.096 0.013 0.031 0.026 0.082 0.054 0.052
260 I 0.065 0.017 0.013 0.014 0.012 0.012 0.017 0.021 0.009 0.193 0.158 0.02 0.046 0.125 0.012 0.026 0.042 0.006 0.026 0.165
261 G 0.163 0.022 0.03 0.027 0.011 0.018 0.026 0.375 0.011 0.021 0.03 0.031 0.01 0.014 0.018 0.114 0.034 0.004 0.011 0.03
262 I 0.041 0.016 0.013 0.014 0.049 0.012 0.016 0.019 0.008 0.207 0.168 0.019 0.026 0.093 0.012 0.025 0.055 0.006 0.022 0.179
263 L 0.083 0.019 0.018 0.018 0.012 0.014 0.021 0.064 0.01 0.12 0.187 0.023 0.024 0.122 0.014 0.075 0.044 0.006 0.025 0.101
264 L 0.123 0.02 0.019 0.019 0.049 0.016 0.021 0.142 0.01 0.099 0.183 0.025 0.063 0.027 0.015 0.057 0.031 0.005 0.014 0.063
265 S 0.165 0.028 0.06 0.032 0.05 0.023 0.035 0.048 0.046 0.026 0.037 0.037 0.012 0.022 0.021 0.225 0.048 0.005 0.044 0.037
266 L 0.038 0.017 0.012 0.013 0.013 0.012 0.015 0.017 0.007 0.246 0.273 0.019 0.052 0.036 0.011 0.02 0.03 0.005 0.017 0.146
267 L 0.042 0.017 0.012 0.013 0.013 0.012 0.016 0.017 0.007 0.147 0.314 0.02 0.032 0.036 0.012 0.021 0.031 0.005 0.016 0.218
268 I 0.041 0.016 0.012 0.013 0.013 0.011 0.015 0.017 0.007 0.264 0.219 0.019 0.03 0.034 0.012 0.021 0.031 0.005 0.016 0.205
269 Y 0.031 0.021 0.016 0.014 0.007 0.016 0.021 0.019 0.033 0.035 0.057 0.023 0.015 0.154 0.012 0.023 0.021 0.02 0.424 0.037
270 M 0.039 0.023 0.015 0.015 0.012 0.02 0.02 0.021 0.011 0.101 0.196 0.026 0.294 0.038 0.012 0.026 0.03 0.006 0.018 0.075
271 A 0.278 0.023 0.022 0.023 0.015 0.019 0.028 0.084 0.011 0.086 0.061 0.032 0.036 0.02 0.02 0.077 0.085 0.004 0.014 0.061
272 T 0.05 0.03 0.142 0.037 0.011 0.046 0.034 0.037 0.015 0.05 0.052 0.038 0.035 0.019 0.019 0.08 0.23 0.004 0.014 0.059
273 G 0.134 0.019 0.028 0.025 0.01 0.016 0.022 0.518 0.011 0.018 0.026 0.027 0.008 0.013 0.016 0.044 0.026 0.004 0.009 0.025
274 A 0.214 0.028 0.03 0.029 0.014 0.045 0.036 0.086 0.013 0.031 0.068 0.038 0.014 0.018 0.021 0.185 0.069 0.004 0.014 0.043
275 K 0.044 0.082 0.032 0.032 0.007 0.041 0.054 0.033 0.016 0.021 0.033 0.445 0.012 0.012 0.021 0.041 0.031 0.004 0.013 0.025
276 A 0.19 0.026 0.031 0.029 0.014 0.021 0.033 0.084 0.012 0.033 0.07 0.036 0.014 0.018 0.021 0.187 0.118 0.004 0.013 0.045
277 A 0.208 0.026 0.055 0.029 0.014 0.021 0.031 0.083 0.012 0.038 0.046 0.034 0.014 0.017 0.021 0.104 0.16 0.004 0.013 0.071
278 L 0.035 0.016 0.011 0.013 0.012 0.011 0.015 0.016 0.008 0.24 0.322 0.019 0.033 0.069 0.011 0.019 0.027 0.006 0.02 0.099
279 L 0.04 0.019 0.015 0.015 0.012 0.013 0.018 0.057 0.009 0.077 0.355 0.021 0.051 0.098 0.012 0.045 0.028 0.006 0.023 0.087
280 L 0.065 0.022 0.016 0.016 0.012 0.017 0.02 0.024 0.011 0.093 0.22 0.025 0.17 0.097 0.013 0.05 0.031 0.006 0.024 0.069
281 P 0.044 0.02 0.018 0.022 0.009 0.015 0.026 0.064 0.01 0.028 0.089 0.03 0.012 0.014 0.498 0.032 0.027 0.003 0.011 0.03
282 L 0.037 0.017 0.013 0.014 0.011 0.012 0.017 0.037 0.008 0.174 0.253 0.02 0.027 0.095 0.086 0.022 0.027 0.006 0.022 0.102
283 V 0.092 0.02 0.016 0.017 0.012 0.037 0.022 0.025 0.01 0.164 0.117 0.024 0.023 0.121 0.014 0.031 0.055 0.006 0.025 0.168
284 I 0.121 0.02 0.016 0.02 0.013 0.017 0.047 0.027 0.009 0.189 0.121 0.026 0.044 0.027 0.015 0.035 0.058 0.005 0.015 0.176
285 Y 0.032 0.018 0.015 0.014 0.046 0.013 0.018 0.019 0.022 0.07 0.104 0.02 0.039 0.217 0.011 0.023 0.023 0.015 0.233 0.049
286 G 0.094 0.02 0.024 0.023 0.011 0.015 0.022 0.291 0.01 0.068 0.106 0.026 0.016 0.036 0.015 0.081 0.032 0.005 0.014 0.091
287 L 0.039 0.017 0.012 0.013 0.049 0.012 0.016 0.018 0.008 0.13 0.274 0.019 0.06 0.097 0.011 0.022 0.028 0.006 0.023 0.144
288 Y 0.069 0.02 0.021 0.019 0.047 0.016 0.022 0.138 0.049 0.064 0.083 0.025 0.016 0.078 0.014 0.053 0.028 0.01 0.162 0.067
289 Y 0.066 0.075 0.021 0.02 0.009 0.045 0.031 0.027 0.018 0.045 0.073 0.086 0.037 0.07 0.014 0.054 0.03 0.084 0.109 0.086
290 L 0.078 0.017 0.013 0.014 0.087 0.013 0.017 0.022 0.009 0.155 0.249 0.02 0.027 0.036 0.013 0.026 0.03 0.006 0.044 0.125
291 L 0.034 0.019 0.013 0.013 0.011 0.013 0.017 0.018 0.014 0.095 0.302 0.02 0.049 0.082 0.011 0.021 0.025 0.047 0.108 0.088
292 K 0.073 0.127 0.031 0.09 0.009 0.028 0.041 0.125 0.014 0.033 0.04 0.158 0.012 0.015 0.018 0.061 0.032 0.004 0.012 0.077
293 K 0.043 0.098 0.059 0.076 0.008 0.028 0.041 0.05 0.05 0.048 0.041 0.142 0.013 0.031 0.017 0.081 0.032 0.007 0.101 0.033
294 G 0.049 0.075 0.054 0.029 0.009 0.023 0.056 0.214 0.013 0.103 0.051 0.1 0.014 0.018 0.016 0.058 0.031 0.004 0.012 0.07
295 R 0.05 0.208 0.032 0.029 0.008 0.035 0.043 0.14 0.016 0.033 0.043 0.163 0.014 0.016 0.019 0.041 0.032 0.005 0.014 0.06
296 I 0.045 0.025 0.018 0.018 0.013 0.02 0.024 0.024 0.023 0.144 0.14 0.029 0.08 0.072 0.015 0.03 0.035 0.014 0.127 0.102
297 N 0.049 0.075 0.182 0.062 0.009 0.043 0.06 0.054 0.026 0.025 0.037 0.169 0.013 0.017 0.024 0.061 0.044 0.005 0.016 0.03
298 R 0.045 0.345 0.039 0.031 0.008 0.048 0.052 0.033 0.023 0.023 0.047 0.12 0.016 0.017 0.019 0.045 0.035 0.006 0.017 0.031
299 Y 0.04 0.028 0.022 0.019 0.009 0.022 0.028 0.025 0.047 0.044 0.068 0.031 0.019 0.131 0.016 0.031 0.028 0.028 0.318 0.047
300 D 0.045 0.059 0.137 0.211 0.008 0.024 0.047 0.15 0.016 0.018 0.025 0.065 0.009 0.013 0.017 0.088 0.033 0.004 0.011 0.022
301 F 0.057 0.021 0.015 0.015 0.01 0.013 0.02 0.023 0.013 0.075 0.159 0.046 0.022 0.283 0.048 0.025 0.024 0.01 0.07 0.052
302 L 0.041 0.066 0.05 0.024 0.01 0.023 0.03 0.064 0.013 0.049 0.198 0.133 0.042 0.088 0.015 0.053 0.029 0.006 0.021 0.045
303 L 0.069 0.027 0.02 0.02 0.011 0.041 0.027 0.064 0.016 0.097 0.201 0.054 0.023 0.042 0.015 0.075 0.031 0.008 0.101 0.059
304 L 0.045 0.14 0.05 0.023 0.01 0.022 0.028 0.064 0.012 0.054 0.192 0.043 0.021 0.024 0.052 0.076 0.033 0.004 0.014 0.092
305 L 0.035 0.017 0.014 0.014 0.011 0.011 0.017 0.02 0.01 0.09 0.263 0.019 0.027 0.252 0.011 0.043 0.026 0.009 0.039 0.073
306 L 0.071 0.023 0.021 0.021 0.011 0.039 0.027 0.084 0.012 0.068 0.165 0.029 0.02 0.059 0.127 0.067 0.055 0.006 0.046 0.05
307 L 0.066 0.019 0.016 0.016 0.012 0.014 0.019 0.023 0.01 0.14 0.253 0.023 0.048 0.082 0.013 0.05 0.055 0.006 0.035 0.099
308 I 0.092 0.017 0.014 0.015 0.05 0.013 0.017 0.061 0.008 0.196 0.17 0.021 0.024 0.031 0.013 0.028 0.03 0.042 0.017 0.141
309 L 0.045 0.019 0.016 0.016 0.013 0.015 0.019 0.095 0.009 0.127 0.194 0.023 0.097 0.031 0.013 0.028 0.055 0.005 0.016 0.164
310 F 0.078 0.02 0.015 0.016 0.012 0.014 0.02 0.027 0.013 0.101 0.153 0.022 0.056 0.252 0.013 0.03 0.029 0.01 0.048 0.071
311 G 0.104 0.02 0.024 0.022 0.086 0.016 0.023 0.145 0.011 0.063 0.082 0.027 0.016 0.083 0.016 0.096 0.082 0.005 0.019 0.06
312 L 0.149 0.021 0.018 0.019 0.014 0.016 0.023 0.033 0.01 0.09 0.16 0.026 0.043 0.09 0.015 0.08 0.036 0.006 0.022 0.131
313 L 0.171 0.02 0.017 0.018 0.014 0.015 0.022 0.07 0.009 0.11 0.183 0.025 0.023 0.058 0.016 0.039 0.056 0.005 0.018 0.114
314 I 0.043 0.017 0.014 0.015 0.049 0.013 0.016 0.094 0.008 0.201 0.182 0.021 0.067 0.031 0.012 0.024 0.03 0.005 0.015 0.143
315 L 0.091 0.018 0.015 0.016 0.012 0.013 0.019 0.062 0.01 0.09 0.172 0.022 0.023 0.139 0.013 0.03 0.053 0.044 0.029 0.129
316 V 0.061 0.028 0.025 0.024 0.017 0.023 0.029 0.03 0.012 0.1 0.123 0.034 0.086 0.034 0.019 0.051 0.125 0.006 0.02 0.155
317 F 0.074 0.02 0.018 0.018 0.012 0.015 0.022 0.027 0.011 0.107 0.125 0.024 0.067 0.169 0.014 0.078 0.034 0.007 0.032 0.127
318 L 0.037 0.018 0.014 0.014 0.012 0.012 0.017 0.02 0.009 0.103 0.268 0.02 0.029 0.141 0.011 0.024 0.054 0.049 0.031 0.118
319 F 0.087 0.018 0.015 0.015 0.011 0.013 0.019 0.025 0.015 0.092 0.133 0.022 0.021 0.198 0.013 0.03 0.051 0.01 0.118 0.093
320 L 0.087 0.035 0.03 0.081 0.012 0.027 0.077 0.035 0.013 0.053 0.183 0.074 0.023 0.026 0.019 0.062 0.088 0.005 0.016 0.054
