#Seq2Logo.py -f /work3/idamei/ssn-clusterings/clustering/2205111339/clusters/0007_250/sequences.afa -o /work3/idamei/ssn-clusterings/clustering/2205111339/clusters/0007_250/sequences.logo
#Position Specific Frequency Matrix
A R N D C Q E G H I L K M F P S T W Y V
0 L 0.051 0.032 0.02 0.02 0.016 0.028 0.028 0.028 0.016 0.099 0.194 0.036 0.173 0.047 0.016 0.036 0.04 0.008 0.024 0.091
1 G 0.053 0.027 0.105 0.039 0.013 0.021 0.029 0.167 0.016 0.108 0.131 0.035 0.024 0.031 0.017 0.044 0.038 0.006 0.017 0.079
2 V 0.122 0.025 0.019 0.021 0.018 0.02 0.027 0.038 0.011 0.15 0.132 0.032 0.054 0.036 0.019 0.045 0.045 0.006 0.02 0.158
3 L 0.113 0.026 0.017 0.019 0.017 0.019 0.025 0.036 0.011 0.095 0.294 0.03 0.04 0.045 0.018 0.04 0.038 0.007 0.021 0.088
4 F 0.133 0.028 0.029 0.028 0.017 0.021 0.033 0.049 0.015 0.053 0.079 0.036 0.021 0.145 0.023 0.068 0.108 0.009 0.041 0.065
5 I 0.044 0.018 0.015 0.017 0.014 0.014 0.018 0.022 0.01 0.233 0.146 0.023 0.033 0.047 0.013 0.024 0.036 0.095 0.029 0.149
6 C 0.065 0.016 0.016 0.016 0.483 0.012 0.016 0.033 0.008 0.045 0.065 0.02 0.016 0.02 0.016 0.041 0.037 0.004 0.012 0.057
7 G 0.078 0.023 0.039 0.034 0.011 0.019 0.026 0.509 0.014 0.019 0.028 0.034 0.009 0.016 0.019 0.051 0.03 0.005 0.011 0.024
8 L 0.062 0.025 0.023 0.022 0.103 0.018 0.025 0.03 0.01 0.098 0.169 0.03 0.03 0.034 0.019 0.048 0.098 0.006 0.019 0.131
9 W 0.03 0.022 0.015 0.015 0.008 0.015 0.022 0.03 0.015 0.03 0.052 0.022 0.015 0.06 0.008 0.022 0.022 0.497 0.068 0.03
10 L 0.042 0.02 0.015 0.017 0.015 0.013 0.019 0.022 0.011 0.175 0.21 0.023 0.037 0.142 0.013 0.025 0.034 0.009 0.039 0.12
11 L 0.062 0.023 0.022 0.022 0.145 0.017 0.024 0.032 0.011 0.124 0.175 0.028 0.031 0.036 0.018 0.066 0.044 0.006 0.018 0.097
12 L 0.054 0.021 0.015 0.017 0.017 0.015 0.02 0.022 0.009 0.177 0.231 0.025 0.039 0.044 0.015 0.027 0.041 0.006 0.021 0.183
13 F 0.059 0.027 0.028 0.026 0.014 0.02 0.03 0.035 0.023 0.107 0.096 0.033 0.024 0.124 0.018 0.082 0.045 0.014 0.115 0.082
14 L 0.12 0.025 0.018 0.02 0.018 0.019 0.026 0.037 0.011 0.108 0.225 0.03 0.036 0.04 0.019 0.043 0.042 0.006 0.02 0.137
15 V 0.123 0.024 0.021 0.023 0.018 0.019 0.027 0.039 0.011 0.162 0.118 0.032 0.028 0.034 0.02 0.049 0.064 0.006 0.019 0.164
16 N 0.075 0.042 0.19 0.065 0.013 0.033 0.05 0.065 0.025 0.026 0.036 0.053 0.013 0.019 0.025 0.15 0.065 0.005 0.016 0.034
17 A 0.124 0.029 0.029 0.028 0.016 0.023 0.034 0.047 0.022 0.099 0.083 0.038 0.022 0.054 0.022 0.093 0.049 0.011 0.096 0.082
18 L 0.051 0.02 0.015 0.017 0.017 0.015 0.019 0.021 0.009 0.21 0.211 0.024 0.038 0.044 0.015 0.026 0.04 0.006 0.021 0.181
19 F 0.039 0.022 0.029 0.114 0.011 0.016 0.037 0.03 0.016 0.065 0.115 0.026 0.024 0.242 0.014 0.032 0.03 0.012 0.057 0.069
20 I 0.047 0.018 0.015 0.018 0.016 0.013 0.018 0.021 0.009 0.269 0.168 0.024 0.037 0.044 0.015 0.025 0.04 0.006 0.021 0.177
21 A 0.2 0.036 0.04 0.039 0.02 0.029 0.046 0.072 0.017 0.036 0.051 0.049 0.017 0.021 0.03 0.152 0.066 0.005 0.018 0.055
22 D 0.045 0.032 0.053 0.22 0.008 0.029 0.067 0.041 0.104 0.023 0.032 0.044 0.011 0.018 0.141 0.047 0.033 0.004 0.023 0.025
23 G 0.124 0.026 0.031 0.029 0.013 0.021 0.029 0.284 0.022 0.031 0.045 0.035 0.014 0.046 0.02 0.054 0.034 0.011 0.092 0.04
24 S 0.092 0.041 0.122 0.057 0.015 0.033 0.051 0.065 0.022 0.027 0.039 0.053 0.014 0.02 0.027 0.191 0.073 0.005 0.017 0.038
25 L 0.09 0.029 0.034 0.108 0.014 0.023 0.043 0.04 0.017 0.064 0.162 0.036 0.027 0.043 0.021 0.052 0.073 0.008 0.052 0.065
26 I 0.05 0.021 0.017 0.018 0.015 0.016 0.021 0.022 0.018 0.192 0.132 0.026 0.031 0.063 0.015 0.028 0.039 0.011 0.097 0.168
27 L 0.042 0.019 0.015 0.017 0.014 0.013 0.018 0.022 0.012 0.181 0.184 0.022 0.035 0.163 0.013 0.025 0.033 0.01 0.043 0.121
28 N 0.042 0.044 0.327 0.082 0.009 0.033 0.049 0.064 0.031 0.022 0.031 0.053 0.011 0.018 0.02 0.069 0.049 0.004 0.015 0.027
29 L 0.051 0.026 0.023 0.022 0.015 0.019 0.026 0.027 0.02 0.123 0.17 0.031 0.031 0.062 0.018 0.043 0.089 0.012 0.097 0.096
30 L 0.07 0.02 0.016 0.017 0.134 0.014 0.02 0.03 0.011 0.096 0.17 0.024 0.03 0.126 0.015 0.034 0.035 0.008 0.035 0.095
31 S 0.095 0.034 0.044 0.041 0.017 0.028 0.044 0.054 0.016 0.082 0.069 0.046 0.02 0.026 0.026 0.18 0.071 0.005 0.018 0.083
32 I 0.05 0.021 0.017 0.018 0.015 0.016 0.021 0.022 0.018 0.192 0.132 0.026 0.031 0.063 0.015 0.028 0.039 0.011 0.097 0.168
33 L 0.041 0.023 0.015 0.015 0.015 0.015 0.02 0.022 0.012 0.101 0.317 0.023 0.043 0.139 0.013 0.024 0.031 0.009 0.038 0.085
34 L 0.052 0.024 0.02 0.02 0.015 0.017 0.021 0.145 0.011 0.09 0.296 0.027 0.039 0.044 0.015 0.031 0.032 0.007 0.019 0.077
35 W 0.032 0.024 0.017 0.016 0.008 0.017 0.024 0.029 0.023 0.033 0.056 0.024 0.016 0.077 0.009 0.024 0.024 0.382 0.132 0.034
36 L 0.042 0.022 0.015 0.016 0.015 0.015 0.02 0.022 0.012 0.128 0.264 0.024 0.051 0.137 0.013 0.025 0.033 0.009 0.038 0.098
37 L 0.087 0.027 0.026 0.025 0.017 0.02 0.03 0.038 0.013 0.109 0.167 0.033 0.03 0.066 0.019 0.083 0.05 0.007 0.025 0.129
38 T 0.08 0.033 0.039 0.035 0.018 0.026 0.038 0.044 0.014 0.074 0.074 0.042 0.021 0.026 0.025 0.112 0.161 0.006 0.018 0.115
39 C 0.06 0.019 0.016 0.016 0.254 0.014 0.019 0.027 0.008 0.091 0.16 0.023 0.028 0.032 0.016 0.034 0.038 0.005 0.017 0.122
40 L 0.048 0.02 0.015 0.017 0.015 0.014 0.02 0.023 0.011 0.155 0.198 0.023 0.035 0.132 0.014 0.027 0.036 0.009 0.038 0.151
41 Y 0.041 0.024 0.019 0.018 0.011 0.018 0.024 0.024 0.034 0.104 0.096 0.028 0.023 0.13 0.015 0.029 0.03 0.021 0.231 0.079
42 F 0.037 0.02 0.016 0.016 0.012 0.012 0.019 0.024 0.014 0.08 0.203 0.021 0.033 0.282 0.012 0.025 0.028 0.013 0.066 0.068
43 L 0.042 0.019 0.015 0.017 0.015 0.013 0.018 0.022 0.011 0.185 0.207 0.023 0.037 0.134 0.013 0.025 0.034 0.009 0.038 0.124
44 R 0.046 0.271 0.032 0.027 0.01 0.039 0.043 0.03 0.019 0.078 0.073 0.095 0.02 0.023 0.018 0.04 0.036 0.006 0.018 0.075
45 K 0.055 0.087 0.036 0.036 0.01 0.046 0.059 0.039 0.019 0.045 0.08 0.225 0.055 0.023 0.024 0.048 0.039 0.006 0.019 0.047
46 N 0.049 0.075 0.184 0.061 0.009 0.043 0.059 0.053 0.026 0.025 0.037 0.171 0.013 0.017 0.024 0.061 0.044 0.005 0.016 0.029
47 E 0.068 0.034 0.033 0.043 0.013 0.033 0.102 0.037 0.025 0.064 0.068 0.046 0.019 0.05 0.022 0.087 0.048 0.011 0.095 0.099
48 E 0.07 0.048 0.05 0.118 0.011 0.088 0.134 0.048 0.023 0.025 0.039 0.066 0.015 0.017 0.026 0.113 0.052 0.005 0.017 0.034
49 F 0.035 0.021 0.018 0.017 0.01 0.013 0.021 0.025 0.024 0.058 0.101 0.022 0.023 0.329 0.012 0.026 0.026 0.019 0.148 0.052
50 G 0.065 0.025 0.034 0.03 0.012 0.019 0.027 0.276 0.014 0.038 0.058 0.032 0.016 0.113 0.019 0.054 0.085 0.008 0.032 0.043
51 I 0.043 0.018 0.015 0.017 0.015 0.012 0.018 0.021 0.011 0.227 0.152 0.022 0.033 0.132 0.013 0.025 0.036 0.009 0.037 0.144
52 L 0.042 0.021 0.015 0.016 0.015 0.014 0.019 0.022 0.011 0.143 0.262 0.023 0.04 0.137 0.013 0.024 0.033 0.009 0.038 0.104
53 S 0.089 0.039 0.12 0.055 0.015 0.032 0.049 0.103 0.021 0.027 0.038 0.052 0.014 0.019 0.026 0.176 0.068 0.005 0.016 0.036
54 A 0.128 0.028 0.028 0.028 0.017 0.021 0.033 0.048 0.015 0.074 0.085 0.035 0.022 0.118 0.021 0.093 0.051 0.008 0.036 0.111
55 F 0.043 0.035 0.024 0.025 0.011 0.069 0.042 0.03 0.02 0.062 0.116 0.041 0.061 0.213 0.015 0.035 0.033 0.012 0.055 0.059
56 F 0.109 0.022 0.019 0.02 0.015 0.016 0.025 0.038 0.014 0.082 0.103 0.027 0.025 0.212 0.017 0.042 0.037 0.011 0.053 0.114
57 L 0.046 0.024 0.016 0.017 0.016 0.018 0.021 0.022 0.011 0.152 0.282 0.027 0.077 0.05 0.015 0.027 0.036 0.007 0.022 0.114
58 L 0.038 0.021 0.015 0.016 0.012 0.014 0.02 0.024 0.013 0.122 0.179 0.022 0.031 0.138 0.012 0.024 0.03 0.132 0.049 0.088
59 A 0.253 0.033 0.032 0.034 0.02 0.027 0.043 0.074 0.016 0.039 0.054 0.046 0.017 0.021 0.029 0.121 0.057 0.005 0.017 0.061
60 F 0.04 0.021 0.017 0.017 0.012 0.014 0.021 0.024 0.022 0.102 0.111 0.023 0.026 0.24 0.013 0.027 0.03 0.017 0.131 0.091
61 T 0.074 0.033 0.038 0.034 0.017 0.026 0.037 0.043 0.014 0.062 0.139 0.042 0.026 0.03 0.024 0.11 0.157 0.006 0.019 0.069
62 T 0.081 0.036 0.045 0.04 0.017 0.029 0.042 0.048 0.015 0.047 0.058 0.047 0.018 0.023 0.028 0.126 0.213 0.006 0.017 0.063
63 T 0.138 0.035 0.041 0.038 0.018 0.028 0.042 0.057 0.015 0.044 0.057 0.047 0.018 0.022 0.028 0.124 0.161 0.006 0.017 0.062
64 G 0.133 0.025 0.035 0.032 0.013 0.02 0.029 0.407 0.014 0.025 0.036 0.036 0.011 0.017 0.021 0.059 0.034 0.005 0.012 0.035
65 L 0.109 0.022 0.017 0.02 0.017 0.017 0.024 0.035 0.01 0.18 0.194 0.029 0.035 0.041 0.018 0.039 0.04 0.006 0.02 0.128
66 C 0.082 0.028 0.034 0.032 0.135 0.023 0.034 0.046 0.014 0.096 0.078 0.037 0.021 0.026 0.022 0.132 0.059 0.005 0.017 0.078
67 C 0.062 0.025 0.099 0.037 0.251 0.019 0.027 0.161 0.015 0.032 0.047 0.032 0.013 0.018 0.018 0.05 0.038 0.004 0.013 0.041
68 L 0.114 0.025 0.017 0.019 0.018 0.018 0.026 0.036 0.011 0.108 0.239 0.03 0.037 0.041 0.018 0.041 0.041 0.006 0.02 0.134
69 I 0.045 0.02 0.016 0.018 0.014 0.015 0.02 0.021 0.018 0.222 0.141 0.025 0.032 0.065 0.015 0.026 0.036 0.011 0.097 0.142
70 A 0.236 0.029 0.022 0.026 0.02 0.023 0.035 0.063 0.013 0.06 0.14 0.039 0.025 0.029 0.025 0.069 0.045 0.006 0.018 0.075
71 E 0.054 0.049 0.04 0.089 0.007 0.064 0.307 0.034 0.025 0.022 0.036 0.074 0.013 0.016 0.025 0.054 0.036 0.005 0.016 0.031
72 F 0.064 0.034 0.11 0.046 0.014 0.026 0.039 0.049 0.02 0.042 0.062 0.042 0.018 0.114 0.022 0.104 0.103 0.008 0.034 0.048
73 G 0.071 0.029 0.112 0.047 0.011 0.023 0.033 0.366 0.018 0.02 0.03 0.04 0.01 0.017 0.02 0.07 0.038 0.005 0.012 0.026
74 V 0.075 0.039 0.032 0.032 0.016 0.073 0.05 0.039 0.016 0.095 0.086 0.049 0.025 0.026 0.021 0.088 0.055 0.005 0.02 0.159
75 W 0.033 0.023 0.017 0.016 0.009 0.015 0.023 0.027 0.023 0.041 0.071 0.024 0.018 0.161 0.01 0.025 0.024 0.261 0.137 0.04
76 L 0.043 0.025 0.016 0.017 0.015 0.018 0.022 0.024 0.013 0.097 0.269 0.026 0.074 0.138 0.014 0.027 0.033 0.01 0.039 0.084
77 P 0.085 0.032 0.036 0.036 0.016 0.026 0.04 0.048 0.015 0.062 0.062 0.043 0.018 0.022 0.144 0.135 0.061 0.005 0.017 0.098
78 E 0.054 0.049 0.04 0.089 0.007 0.064 0.307 0.034 0.025 0.022 0.036 0.074 0.013 0.016 0.025 0.054 0.036 0.005 0.016 0.031
79 L 0.058 0.024 0.022 0.022 0.017 0.018 0.025 0.027 0.01 0.153 0.186 0.03 0.034 0.039 0.018 0.043 0.095 0.006 0.02 0.155
80 G 0.061 0.068 0.042 0.042 0.009 0.131 0.074 0.16 0.023 0.025 0.041 0.125 0.016 0.015 0.023 0.053 0.037 0.006 0.017 0.031
81 R 0.053 0.117 0.036 0.044 0.01 0.04 0.106 0.034 0.027 0.035 0.053 0.067 0.016 0.046 0.022 0.055 0.089 0.011 0.095 0.044
82 I 0.052 0.021 0.017 0.018 0.015 0.016 0.022 0.023 0.018 0.182 0.129 0.026 0.03 0.062 0.015 0.029 0.039 0.011 0.097 0.177
83 S 0.099 0.038 0.051 0.045 0.017 0.031 0.048 0.06 0.018 0.035 0.047 0.051 0.016 0.021 0.029 0.196 0.125 0.005 0.017 0.048
84 Y 0.065 0.032 0.035 0.03 0.013 0.026 0.036 0.039 0.031 0.042 0.06 0.04 0.018 0.075 0.022 0.096 0.098 0.017 0.173 0.051
85 L 0.046 0.024 0.014 0.015 0.016 0.016 0.02 0.021 0.01 0.118 0.363 0.025 0.047 0.052 0.014 0.025 0.034 0.007 0.022 0.11
86 T 0.074 0.038 0.116 0.051 0.015 0.03 0.044 0.054 0.019 0.039 0.05 0.049 0.016 0.021 0.026 0.121 0.161 0.005 0.017 0.052
87 G 0.077 0.023 0.039 0.033 0.011 0.019 0.025 0.517 0.013 0.019 0.028 0.033 0.009 0.016 0.019 0.051 0.029 0.005 0.011 0.024
88 A 0.253 0.033 0.032 0.034 0.02 0.027 0.043 0.074 0.016 0.039 0.054 0.046 0.017 0.021 0.029 0.121 0.057 0.005 0.017 0.061
89 T 0.072 0.035 0.043 0.037 0.018 0.027 0.039 0.043 0.014 0.053 0.064 0.045 0.019 0.023 0.027 0.091 0.258 0.006 0.018 0.07
90 A 0.179 0.035 0.039 0.037 0.019 0.028 0.044 0.065 0.016 0.041 0.054 0.047 0.017 0.022 0.029 0.135 0.112 0.005 0.017 0.059
91 R 0.045 0.27 0.032 0.027 0.01 0.039 0.043 0.029 0.019 0.088 0.076 0.095 0.021 0.024 0.018 0.039 0.036 0.006 0.018 0.066
92 N 0.044 0.031 0.171 0.05 0.012 0.023 0.033 0.042 0.02 0.152 0.098 0.038 0.024 0.031 0.017 0.047 0.044 0.005 0.018 0.1
93 L 0.052 0.025 0.016 0.017 0.017 0.019 0.023 0.023 0.011 0.122 0.273 0.028 0.075 0.048 0.015 0.029 0.039 0.007 0.022 0.14
94 S 0.097 0.034 0.044 0.04 0.136 0.028 0.043 0.057 0.016 0.033 0.047 0.045 0.016 0.02 0.026 0.184 0.07 0.005 0.016 0.045
95 L 0.049 0.022 0.015 0.015 0.135 0.015 0.019 0.024 0.009 0.096 0.305 0.024 0.041 0.045 0.015 0.028 0.034 0.006 0.019 0.085
96 C 0.182 0.023 0.021 0.023 0.256 0.019 0.028 0.055 0.011 0.043 0.061 0.032 0.017 0.021 0.023 0.062 0.043 0.005 0.015 0.062
97 F 0.044 0.023 0.02 0.019 0.012 0.016 0.023 0.026 0.022 0.073 0.1 0.025 0.024 0.238 0.014 0.033 0.049 0.017 0.131 0.091
98 F 0.045 0.019 0.016 0.017 0.014 0.013 0.019 0.024 0.013 0.142 0.13 0.022 0.029 0.218 0.013 0.027 0.034 0.011 0.054 0.141
99 L 0.052 0.025 0.021 0.021 0.016 0.018 0.024 0.026 0.011 0.14 0.25 0.029 0.038 0.044 0.017 0.041 0.091 0.006 0.02 0.108
100 L 0.041 0.024 0.017 0.017 0.014 0.017 0.021 0.024 0.014 0.089 0.224 0.025 0.07 0.195 0.013 0.027 0.031 0.011 0.05 0.077
101 L 0.041 0.022 0.017 0.017 0.013 0.015 0.021 0.023 0.02 0.125 0.183 0.024 0.032 0.156 0.014 0.026 0.031 0.014 0.114 0.092
102 G 0.066 0.025 0.031 0.029 0.014 0.019 0.028 0.157 0.014 0.098 0.087 0.032 0.022 0.119 0.018 0.083 0.044 0.008 0.034 0.073
103 S 0.137 0.038 0.048 0.044 0.018 0.031 0.049 0.065 0.018 0.033 0.046 0.051 0.016 0.021 0.029 0.195 0.09 0.005 0.017 0.048
104 Y 0.055 0.028 0.028 0.025 0.012 0.022 0.031 0.035 0.032 0.044 0.072 0.033 0.019 0.169 0.018 0.079 0.04 0.019 0.19 0.047
105 F 0.111 0.029 0.096 0.036 0.015 0.021 0.033 0.048 0.018 0.072 0.083 0.035 0.021 0.118 0.019 0.052 0.043 0.008 0.035 0.107
106 F 0.057 0.024 0.029 0.026 0.013 0.017 0.026 0.152 0.014 0.057 0.081 0.029 0.02 0.178 0.017 0.049 0.086 0.01 0.045 0.069
107 F 0.034 0.019 0.017 0.017 0.01 0.011 0.019 0.025 0.019 0.061 0.109 0.02 0.024 0.374 0.011 0.026 0.025 0.018 0.108 0.054
108 T 0.074 0.05 0.038 0.036 0.015 0.032 0.045 0.043 0.015 0.078 0.072 0.103 0.021 0.024 0.025 0.101 0.106 0.005 0.018 0.097
109 L 0.056 0.027 0.026 0.025 0.013 0.02 0.029 0.034 0.023 0.062 0.152 0.032 0.027 0.15 0.017 0.078 0.042 0.014 0.114 0.059
110 L 0.058 0.027 0.023 0.022 0.017 0.021 0.027 0.028 0.011 0.108 0.209 0.032 0.058 0.041 0.018 0.045 0.094 0.006 0.021 0.134
111 S 0.079 0.057 0.119 0.055 0.013 0.038 0.055 0.059 0.022 0.027 0.039 0.112 0.014 0.019 0.026 0.146 0.062 0.005 0.017 0.035
112 R 0.057 0.194 0.034 0.038 0.011 0.041 0.087 0.033 0.019 0.058 0.064 0.082 0.019 0.022 0.02 0.058 0.042 0.006 0.018 0.094
113 L 0.046 0.107 0.022 0.021 0.014 0.026 0.029 0.025 0.014 0.129 0.197 0.051 0.068 0.041 0.016 0.032 0.037 0.007 0.021 0.098
114 L 0.048 0.125 0.027 0.026 0.012 0.032 0.04 0.029 0.015 0.111 0.16 0.114 0.029 0.032 0.019 0.036 0.036 0.006 0.019 0.083
115 P 0.066 0.033 0.029 0.03 0.013 0.023 0.036 0.039 0.015 0.059 0.072 0.057 0.019 0.114 0.14 0.085 0.047 0.007 0.034 0.081
116 V 0.064 0.024 0.022 0.022 0.018 0.018 0.026 0.028 0.01 0.165 0.122 0.03 0.029 0.034 0.019 0.045 0.099 0.006 0.02 0.201
117 R 0.05 0.116 0.083 0.043 0.011 0.035 0.063 0.039 0.028 0.035 0.053 0.064 0.016 0.047 0.021 0.057 0.091 0.011 0.095 0.044
118 F 0.057 0.027 0.026 0.025 0.013 0.02 0.029 0.034 0.023 0.076 0.133 0.032 0.026 0.149 0.017 0.078 0.042 0.014 0.114 0.066
119 G 0.071 0.033 0.11 0.048 0.012 0.026 0.04 0.171 0.019 0.024 0.034 0.045 0.011 0.017 0.142 0.098 0.049 0.004 0.014 0.031
120 L 0.056 0.041 0.03 0.03 0.015 0.074 0.047 0.033 0.017 0.073 0.172 0.049 0.065 0.035 0.02 0.051 0.093 0.007 0.021 0.073
121 S 0.093 0.034 0.044 0.04 0.017 0.028 0.043 0.054 0.016 0.092 0.072 0.046 0.021 0.026 0.026 0.18 0.07 0.005 0.018 0.074
122 D 0.042 0.029 0.107 0.131 0.01 0.023 0.045 0.039 0.024 0.094 0.077 0.037 0.019 0.073 0.018 0.043 0.037 0.009 0.074 0.068
123 S 0.083 0.052 0.041 0.038 0.015 0.034 0.049 0.049 0.017 0.058 0.085 0.105 0.021 0.024 0.025 0.136 0.061 0.005 0.018 0.083
124 L 0.054 0.021 0.016 0.017 0.016 0.015 0.021 0.024 0.011 0.125 0.188 0.024 0.034 0.13 0.014 0.028 0.039 0.009 0.038 0.177
125 N 0.042 0.044 0.327 0.082 0.009 0.033 0.049 0.064 0.031 0.022 0.031 0.053 0.011 0.018 0.02 0.069 0.049 0.004 0.015 0.027
126 K 0.082 0.151 0.041 0.039 0.011 0.046 0.06 0.047 0.02 0.028 0.044 0.187 0.015 0.017 0.026 0.083 0.046 0.005 0.017 0.036
127 L 0.048 0.021 0.015 0.016 0.015 0.014 0.02 0.023 0.011 0.141 0.216 0.023 0.036 0.133 0.014 0.026 0.036 0.009 0.038 0.144
128 L 0.115 0.023 0.017 0.02 0.018 0.018 0.025 0.036 0.01 0.15 0.184 0.029 0.033 0.038 0.018 0.041 0.042 0.006 0.02 0.154
129 L 0.046 0.114 0.028 0.038 0.01 0.037 0.101 0.028 0.026 0.05 0.134 0.062 0.024 0.054 0.018 0.038 0.033 0.011 0.096 0.051
130 N 0.061 0.079 0.118 0.051 0.01 0.039 0.054 0.052 0.109 0.025 0.038 0.096 0.014 0.021 0.023 0.098 0.048 0.006 0.027 0.031
131 C 0.063 0.023 0.025 0.025 0.134 0.017 0.026 0.036 0.013 0.104 0.096 0.029 0.023 0.12 0.018 0.08 0.045 0.008 0.034 0.081
132 V 0.066 0.027 0.026 0.025 0.015 0.021 0.03 0.034 0.02 0.129 0.101 0.033 0.025 0.057 0.019 0.08 0.049 0.011 0.096 0.135
133 P 0.056 0.024 0.019 0.023 0.014 0.018 0.029 0.029 0.011 0.082 0.146 0.033 0.025 0.029 0.258 0.036 0.038 0.004 0.017 0.109
134 V 0.069 0.022 0.016 0.018 0.019 0.016 0.023 0.025 0.008 0.163 0.129 0.026 0.031 0.035 0.016 0.033 0.049 0.005 0.02 0.274
135 F 0.041 0.019 0.015 0.017 0.014 0.012 0.018 0.022 0.012 0.176 0.162 0.022 0.033 0.191 0.013 0.025 0.033 0.01 0.048 0.118
136 L 0.115 0.023 0.017 0.02 0.018 0.018 0.025 0.036 0.01 0.15 0.184 0.029 0.033 0.038 0.018 0.041 0.042 0.006 0.02 0.154
137 L 0.079 0.025 0.026 0.026 0.015 0.019 0.029 0.038 0.014 0.116 0.149 0.032 0.029 0.126 0.018 0.081 0.046 0.009 0.036 0.089
138 F 0.056 0.026 0.025 0.024 0.014 0.018 0.027 0.034 0.015 0.071 0.185 0.029 0.031 0.188 0.016 0.076 0.042 0.011 0.048 0.064
139 A 0.253 0.033 0.032 0.034 0.02 0.027 0.043 0.074 0.016 0.039 0.054 0.046 0.017 0.021 0.029 0.121 0.057 0.005 0.017 0.061
140 L 0.049 0.024 0.022 0.022 0.015 0.017 0.024 0.027 0.012 0.128 0.182 0.028 0.032 0.129 0.017 0.041 0.089 0.009 0.037 0.098
141 I 0.052 0.023 0.021 0.022 0.016 0.017 0.023 0.026 0.01 0.196 0.177 0.029 0.034 0.04 0.018 0.041 0.093 0.006 0.02 0.135
142 V 0.051 0.02 0.016 0.017 0.015 0.014 0.02 0.024 0.011 0.159 0.132 0.023 0.03 0.158 0.014 0.028 0.038 0.009 0.043 0.178
143 G 0.065 0.027 0.032 0.029 0.015 0.021 0.028 0.192 0.012 0.062 0.157 0.035 0.026 0.031 0.02 0.056 0.104 0.006 0.017 0.064
144 L 0.05 0.023 0.015 0.016 0.017 0.016 0.021 0.022 0.009 0.126 0.321 0.025 0.044 0.049 0.015 0.026 0.037 0.007 0.022 0.141
145 F 0.04 0.018 0.016 0.017 0.013 0.012 0.018 0.023 0.013 0.172 0.139 0.021 0.031 0.22 0.012 0.025 0.032 0.011 0.054 0.114
146 F 0.105 0.024 0.019 0.02 0.014 0.018 0.026 0.037 0.021 0.107 0.101 0.029 0.024 0.147 0.017 0.041 0.035 0.014 0.113 0.086
147 V 0.055 0.02 0.016 0.017 0.017 0.014 0.021 0.023 0.01 0.171 0.156 0.024 0.033 0.099 0.015 0.029 0.041 0.008 0.032 0.2
148 F 0.057 0.115 0.04 0.033 0.011 0.032 0.044 0.04 0.106 0.034 0.059 0.059 0.018 0.116 0.019 0.085 0.042 0.009 0.045 0.037
149 I 0.116 0.022 0.018 0.02 0.018 0.017 0.024 0.036 0.01 0.192 0.129 0.029 0.03 0.036 0.019 0.041 0.044 0.006 0.02 0.174
150 I 0.048 0.124 0.027 0.027 0.012 0.032 0.039 0.029 0.015 0.153 0.105 0.113 0.026 0.03 0.019 0.036 0.038 0.006 0.019 0.103
151 Y 0.039 0.026 0.021 0.018 0.009 0.02 0.026 0.025 0.041 0.046 0.075 0.029 0.02 0.173 0.015 0.03 0.027 0.026 0.288 0.047
152 G 0.077 0.023 0.039 0.033 0.011 0.019 0.025 0.517 0.013 0.019 0.028 0.033 0.009 0.016 0.019 0.051 0.029 0.005 0.011 0.024
153 S 0.076 0.099 0.05 0.042 0.012 0.038 0.053 0.051 0.106 0.026 0.041 0.082 0.015 0.022 0.025 0.138 0.056 0.006 0.027 0.034
154 P 0.056 0.025 0.023 0.031 0.01 0.02 0.036 0.036 0.013 0.025 0.036 0.041 0.01 0.013 0.501 0.043 0.036 0.003 0.013 0.031
155 N 0.053 0.043 0.281 0.076 0.01 0.033 0.049 0.064 0.029 0.023 0.033 0.053 0.012 0.018 0.021 0.096 0.054 0.005 0.016 0.029
156 D 0.04 0.029 0.068 0.406 0.007 0.029 0.09 0.046 0.018 0.022 0.028 0.044 0.009 0.015 0.022 0.051 0.035 0.004 0.011 0.024
157 Y 0.04 0.032 0.029 0.023 0.009 0.026 0.034 0.028 0.126 0.038 0.06 0.034 0.018 0.104 0.016 0.033 0.027 0.023 0.26 0.04
158 G 0.068 0.028 0.111 0.045 0.01 0.022 0.031 0.404 0.018 0.02 0.029 0.038 0.01 0.016 0.019 0.055 0.034 0.005 0.012 0.025
159 V 0.061 0.037 0.024 0.025 0.016 0.072 0.044 0.029 0.015 0.112 0.124 0.044 0.064 0.033 0.018 0.039 0.044 0.006 0.021 0.171
160 D 0.04 0.029 0.068 0.406 0.007 0.029 0.09 0.046 0.018 0.022 0.028 0.044 0.009 0.015 0.022 0.051 0.035 0.004 0.011 0.024
161 R 0.044 0.355 0.038 0.031 0.008 0.048 0.052 0.032 0.023 0.023 0.046 0.118 0.015 0.017 0.019 0.044 0.034 0.006 0.017 0.031
162 F 0.035 0.021 0.018 0.017 0.01 0.013 0.021 0.025 0.024 0.058 0.101 0.022 0.023 0.329 0.012 0.026 0.026 0.019 0.148 0.052
163 Y 0.04 0.028 0.033 0.115 0.009 0.023 0.043 0.03 0.039 0.038 0.058 0.034 0.016 0.1 0.017 0.036 0.029 0.022 0.249 0.04
164 Y 0.04 0.028 0.021 0.018 0.009 0.021 0.028 0.025 0.046 0.043 0.067 0.031 0.018 0.129 0.015 0.031 0.028 0.028 0.328 0.046
165 W 0.03 0.022 0.015 0.015 0.007 0.015 0.022 0.03 0.015 0.03 0.052 0.022 0.015 0.06 0.007 0.022 0.022 0.5 0.067 0.03
166 A 0.174 0.039 0.104 0.057 0.015 0.037 0.109 0.063 0.021 0.032 0.046 0.054 0.015 0.019 0.026 0.073 0.046 0.005 0.017 0.048
167 N 0.046 0.06 0.255 0.072 0.009 0.038 0.054 0.059 0.028 0.023 0.034 0.112 0.012 0.017 0.022 0.065 0.046 0.005 0.016 0.028
168 I 0.056 0.019 0.015 0.017 0.017 0.014 0.02 0.022 0.008 0.232 0.15 0.024 0.034 0.04 0.015 0.028 0.043 0.006 0.02 0.218
169 A 0.301 0.031 0.025 0.029 0.021 0.025 0.04 0.077 0.015 0.043 0.059 0.044 0.017 0.021 0.029 0.084 0.049 0.005 0.017 0.068
170 P 0.056 0.025 0.023 0.031 0.01 0.02 0.036 0.036 0.013 0.025 0.036 0.041 0.01 0.013 0.501 0.043 0.036 0.003 0.013 0.031
171 S 0.095 0.056 0.05 0.046 0.015 0.038 0.056 0.06 0.019 0.029 0.042 0.112 0.015 0.019 0.029 0.187 0.07 0.005 0.017 0.039
172 W 0.03 0.022 0.015 0.015 0.007 0.015 0.022 0.03 0.015 0.03 0.052 0.022 0.015 0.06 0.007 0.022 0.022 0.5 0.067 0.03
173 G 0.189 0.027 0.032 0.031 0.016 0.022 0.033 0.297 0.014 0.031 0.043 0.039 0.013 0.019 0.024 0.067 0.039 0.005 0.014 0.046
174 G 0.053 0.036 0.118 0.153 0.009 0.036 0.118 0.165 0.022 0.021 0.031 0.051 0.011 0.016 0.022 0.056 0.037 0.005 0.013 0.026
175 Y 0.041 0.028 0.046 0.023 0.01 0.022 0.028 0.027 0.039 0.053 0.117 0.032 0.023 0.107 0.016 0.033 0.03 0.022 0.251 0.053
176 V 0.061 0.021 0.016 0.017 0.136 0.015 0.02 0.025 0.009 0.121 0.176 0.024 0.032 0.036 0.016 0.032 0.042 0.005 0.019 0.178
177 K 0.053 0.168 0.04 0.038 0.008 0.051 0.065 0.04 0.021 0.026 0.043 0.246 0.015 0.016 0.025 0.051 0.038 0.005 0.017 0.032
178 F 0.036 0.02 0.016 0.016 0.012 0.012 0.019 0.024 0.015 0.075 0.181 0.02 0.031 0.31 0.011 0.025 0.027 0.014 0.071 0.064
179 L 0.041 0.026 0.093 0.033 0.013 0.018 0.026 0.033 0.017 0.12 0.173 0.03 0.03 0.128 0.015 0.036 0.036 0.008 0.036 0.087
180 L 0.05 0.023 0.015 0.016 0.017 0.016 0.021 0.022 0.009 0.126 0.321 0.025 0.044 0.049 0.015 0.026 0.037 0.007 0.022 0.141
181 E 0.072 0.046 0.038 0.05 0.013 0.085 0.121 0.041 0.02 0.06 0.063 0.061 0.02 0.022 0.024 0.093 0.052 0.005 0.019 0.097
182 Q 0.052 0.066 0.046 0.044 0.008 0.179 0.089 0.04 0.113 0.025 0.044 0.079 0.019 0.018 0.022 0.052 0.037 0.006 0.029 0.032
183 L 0.057 0.027 0.024 0.024 0.015 0.019 0.028 0.033 0.014 0.08 0.231 0.03 0.035 0.131 0.017 0.076 0.043 0.009 0.037 0.071
184 S 0.089 0.034 0.041 0.038 0.018 0.027 0.041 0.049 0.015 0.068 0.069 0.044 0.02 0.025 0.025 0.147 0.117 0.005 0.018 0.108
185 F 0.047 0.023 0.017 0.018 0.014 0.016 0.022 0.026 0.014 0.097 0.137 0.025 0.064 0.219 0.013 0.03 0.035 0.012 0.055 0.12
186 L 0.042 0.021 0.015 0.016 0.015 0.014 0.019 0.022 0.011 0.143 0.262 0.023 0.04 0.137 0.013 0.024 0.033 0.009 0.038 0.104
187 L 0.046 0.024 0.016 0.017 0.016 0.018 0.021 0.022 0.011 0.152 0.282 0.027 0.077 0.05 0.015 0.027 0.036 0.007 0.022 0.114
188 G 0.077 0.023 0.039 0.033 0.011 0.019 0.025 0.517 0.013 0.019 0.028 0.033 0.009 0.016 0.019 0.051 0.029 0.005 0.011 0.024
189 L 0.057 0.023 0.017 0.017 0.136 0.018 0.022 0.026 0.01 0.105 0.193 0.027 0.067 0.039 0.016 0.033 0.039 0.006 0.02 0.13
190 L 0.112 0.028 0.02 0.022 0.017 0.023 0.028 0.038 0.014 0.131 0.153 0.035 0.1 0.04 0.019 0.045 0.042 0.007 0.021 0.106
191 Y 0.04 0.028 0.021 0.018 0.009 0.021 0.028 0.025 0.046 0.043 0.067 0.031 0.018 0.129 0.015 0.031 0.028 0.028 0.328 0.046
192 A 0.245 0.029 0.029 0.03 0.019 0.024 0.036 0.187 0.014 0.037 0.051 0.041 0.015 0.02 0.027 0.075 0.044 0.005 0.016 0.057
193 L 0.118 0.049 0.031 0.031 0.016 0.03 0.042 0.046 0.015 0.059 0.137 0.101 0.025 0.028 0.024 0.063 0.095 0.006 0.018 0.066
194 T 0.091 0.116 0.066 0.041 0.015 0.034 0.046 0.05 0.019 0.036 0.051 0.066 0.017 0.02 0.025 0.112 0.123 0.005 0.017 0.049
195 K 0.053 0.148 0.036 0.036 0.009 0.043 0.057 0.038 0.019 0.026 0.042 0.184 0.014 0.015 0.144 0.048 0.037 0.005 0.016 0.031
196 K 0.061 0.075 0.038 0.036 0.01 0.042 0.056 0.042 0.027 0.031 0.049 0.185 0.016 0.045 0.025 0.077 0.043 0.011 0.095 0.037
197 K 0.053 0.168 0.04 0.038 0.008 0.051 0.065 0.04 0.021 0.026 0.043 0.246 0.015 0.016 0.025 0.051 0.038 0.005 0.017 0.032
198 W 0.043 0.108 0.025 0.022 0.011 0.027 0.032 0.03 0.017 0.053 0.097 0.051 0.057 0.099 0.015 0.037 0.05 0.132 0.043 0.053
199 Y 0.045 0.026 0.02 0.019 0.013 0.019 0.025 0.024 0.028 0.101 0.163 0.029 0.029 0.087 0.016 0.033 0.05 0.017 0.174 0.082
200 L 0.051 0.022 0.015 0.016 0.017 0.015 0.02 0.022 0.009 0.168 0.266 0.025 0.041 0.047 0.015 0.026 0.038 0.006 0.021 0.161
201 V 0.077 0.023 0.022 0.021 0.015 0.018 0.025 0.11 0.019 0.128 0.1 0.029 0.024 0.056 0.017 0.037 0.038 0.011 0.095 0.135
202 L 0.048 0.025 0.016 0.017 0.016 0.019 0.022 0.023 0.011 0.128 0.297 0.028 0.077 0.05 0.015 0.028 0.036 0.007 0.022 0.116
203 F 0.037 0.018 0.016 0.017 0.012 0.011 0.018 0.024 0.015 0.117 0.126 0.02 0.028 0.308 0.011 0.025 0.029 0.014 0.071 0.084
204 V 0.123 0.024 0.018 0.02 0.019 0.018 0.027 0.037 0.01 0.124 0.154 0.03 0.031 0.035 0.019 0.044 0.046 0.006 0.02 0.196
205 L 0.051 0.025 0.016 0.017 0.016 0.019 0.023 0.024 0.012 0.118 0.25 0.027 0.073 0.076 0.015 0.029 0.038 0.008 0.027 0.137
206 G 0.093 0.031 0.046 0.041 0.014 0.026 0.038 0.291 0.016 0.024 0.035 0.043 0.012 0.018 0.024 0.141 0.055 0.005 0.014 0.033
207 L 0.046 0.023 0.014 0.015 0.016 0.016 0.02 0.021 0.01 0.132 0.345 0.025 0.046 0.051 0.014 0.025 0.035 0.007 0.022 0.117
208 L 0.109 0.023 0.017 0.02 0.017 0.017 0.024 0.035 0.011 0.166 0.212 0.029 0.036 0.041 0.018 0.039 0.04 0.006 0.02 0.121
209 A 0.253 0.033 0.032 0.034 0.02 0.027 0.043 0.074 0.016 0.039 0.054 0.046 0.017 0.021 0.029 0.121 0.057 0.005 0.017 0.061
210 Q 0.055 0.072 0.043 0.046 0.009 0.226 0.101 0.041 0.029 0.026 0.046 0.09 0.02 0.014 0.023 0.055 0.041 0.006 0.02 0.035
211 I 0.047 0.018 0.015 0.017 0.015 0.013 0.019 0.022 0.011 0.207 0.146 0.023 0.033 0.13 0.014 0.026 0.037 0.008 0.037 0.162
212 L 0.06 0.028 0.024 0.023 0.016 0.02 0.028 0.032 0.012 0.093 0.299 0.032 0.041 0.046 0.018 0.076 0.045 0.007 0.021 0.081
213 V 0.069 0.022 0.016 0.018 0.019 0.016 0.023 0.024 0.008 0.162 0.128 0.026 0.031 0.035 0.016 0.032 0.049 0.005 0.02 0.28
214 G 0.077 0.023 0.039 0.033 0.011 0.019 0.025 0.517 0.013 0.019 0.028 0.033 0.009 0.016 0.019 0.051 0.029 0.005 0.011 0.024
215 D 0.047 0.039 0.054 0.248 0.007 0.047 0.198 0.04 0.022 0.022 0.032 0.059 0.011 0.016 0.024 0.053 0.036 0.005 0.014 0.027
216 K 0.056 0.106 0.041 0.041 0.008 0.053 0.07 0.043 0.02 0.027 0.043 0.289 0.015 0.015 0.027 0.053 0.039 0.005 0.017 0.032
217 F 0.033 0.019 0.017 0.017 0.01 0.01 0.019 0.025 0.017 0.062 0.113 0.019 0.025 0.396 0.01 0.025 0.025 0.017 0.087 0.054
218 T 0.09 0.037 0.048 0.043 0.017 0.03 0.045 0.054 0.016 0.041 0.053 0.049 0.017 0.022 0.028 0.161 0.169 0.005 0.017 0.056
219 G 0.077 0.023 0.039 0.033 0.011 0.019 0.025 0.517 0.013 0.019 0.028 0.033 0.009 0.016 0.019 0.051 0.029 0.005 0.011 0.024
220 L 0.055 0.026 0.018 0.019 0.017 0.021 0.024 0.025 0.012 0.16 0.17 0.03 0.103 0.043 0.016 0.032 0.042 0.007 0.022 0.159
221 F 0.038 0.022 0.017 0.017 0.012 0.015 0.021 0.024 0.022 0.07 0.169 0.023 0.029 0.244 0.013 0.026 0.028 0.017 0.131 0.062
222 Y 0.062 0.039 0.033 0.033 0.013 0.073 0.05 0.038 0.026 0.095 0.08 0.049 0.023 0.052 0.021 0.085 0.047 0.011 0.096 0.074
223 A 0.19 0.033 0.031 0.032 0.019 0.028 0.04 0.062 0.016 0.053 0.088 0.044 0.056 0.028 0.026 0.109 0.055 0.006 0.019 0.067
224 L 0.058 0.024 0.022 0.022 0.017 0.018 0.025 0.027 0.01 0.153 0.186 0.03 0.034 0.039 0.018 0.043 0.095 0.006 0.02 0.155
225 L 0.052 0.025 0.016 0.017 0.017 0.019 0.023 0.023 0.011 0.122 0.273 0.028 0.075 0.048 0.015 0.029 0.039 0.007 0.022 0.14
226 F 0.043 0.023 0.023 0.022 0.012 0.015 0.024 0.029 0.016 0.06 0.1 0.025 0.024 0.303 0.015 0.042 0.083 0.014 0.07 0.058
227 F 0.033 0.019 0.017 0.017 0.01 0.01 0.019 0.025 0.017 0.062 0.113 0.019 0.025 0.396 0.01 0.025 0.025 0.017 0.087 0.054
228 I 0.079 0.026 0.023 0.024 0.017 0.021 0.028 0.034 0.013 0.174 0.143 0.033 0.065 0.039 0.019 0.067 0.047 0.006 0.02 0.122
229 I 0.058 0.023 0.022 0.022 0.017 0.017 0.024 0.027 0.01 0.195 0.131 0.029 0.031 0.036 0.018 0.043 0.096 0.006 0.02 0.174
230 P 0.062 0.025 0.024 0.03 0.091 0.02 0.034 0.038 0.012 0.029 0.041 0.038 0.012 0.015 0.381 0.058 0.039 0.003 0.013 0.036
231 F 0.047 0.021 0.017 0.018 0.014 0.015 0.022 0.024 0.02 0.137 0.118 0.025 0.028 0.151 0.014 0.028 0.035 0.014 0.114 0.138
232 L 0.054 0.021 0.016 0.017 0.016 0.015 0.021 0.024 0.011 0.125 0.188 0.024 0.034 0.13 0.014 0.028 0.039 0.009 0.038 0.177
233 I 0.046 0.017 0.014 0.017 0.016 0.013 0.017 0.02 0.009 0.282 0.165 0.023 0.036 0.044 0.014 0.025 0.039 0.006 0.02 0.174
234 L 0.109 0.022 0.017 0.02 0.017 0.017 0.024 0.035 0.01 0.18 0.194 0.029 0.035 0.041 0.018 0.039 0.04 0.006 0.02 0.128
235 L 0.059 0.038 0.112 0.046 0.012 0.03 0.043 0.047 0.106 0.047 0.124 0.044 0.023 0.031 0.02 0.091 0.047 0.006 0.028 0.046
236 G 0.071 0.053 0.115 0.051 0.011 0.034 0.049 0.172 0.021 0.024 0.036 0.107 0.013 0.017 0.024 0.101 0.049 0.005 0.015 0.031
237 V 0.074 0.041 0.032 0.032 0.016 0.027 0.039 0.04 0.014 0.125 0.094 0.078 0.025 0.029 0.022 0.1 0.055 0.005 0.019 0.133
238 K 0.05 0.064 0.117 0.141 0.009 0.039 0.066 0.047 0.022 0.036 0.043 0.147 0.014 0.017 0.023 0.055 0.041 0.005 0.015 0.049
239 L 0.042 0.019 0.015 0.017 0.015 0.013 0.018 0.022 0.011 0.185 0.207 0.023 0.037 0.134 0.013 0.025 0.034 0.009 0.038 0.124
240 G 0.072 0.028 0.036 0.032 0.012 0.022 0.033 0.204 0.016 0.026 0.041 0.036 0.013 0.032 0.019 0.101 0.044 0.17 0.032 0.032
241 K 0.056 0.106 0.041 0.041 0.008 0.053 0.07 0.043 0.02 0.027 0.043 0.287 0.015 0.015 0.027 0.053 0.039 0.005 0.017 0.032
242 K 0.05 0.07 0.106 0.045 0.01 0.039 0.052 0.043 0.02 0.048 0.125 0.164 0.023 0.026 0.022 0.05 0.04 0.005 0.018 0.047
243 L 0.051 0.021 0.015 0.016 0.017 0.015 0.02 0.022 0.009 0.182 0.248 0.025 0.04 0.046 0.015 0.026 0.039 0.006 0.021 0.167
244 F 0.033 0.019 0.017 0.017 0.01 0.01 0.019 0.025 0.017 0.062 0.113 0.019 0.025 0.396 0.01 0.025 0.025 0.017 0.087 0.054
245 S 0.099 0.038 0.051 0.045 0.017 0.031 0.048 0.06 0.018 0.035 0.047 0.051 0.016 0.021 0.029 0.196 0.125 0.005 0.017 0.048
246 T 0.093 0.031 0.034 0.031 0.017 0.024 0.034 0.042 0.013 0.062 0.121 0.039 0.025 0.059 0.024 0.074 0.175 0.007 0.024 0.073
247 K 0.052 0.189 0.04 0.037 0.008 0.051 0.064 0.039 0.021 0.026 0.044 0.232 0.015 0.016 0.024 0.05 0.038 0.005 0.017 0.032
248 N 0.046 0.031 0.148 0.047 0.012 0.022 0.034 0.044 0.021 0.098 0.086 0.037 0.021 0.119 0.017 0.06 0.043 0.008 0.035 0.072
249 I 0.049 0.02 0.015 0.017 0.016 0.015 0.019 0.022 0.009 0.231 0.191 0.025 0.049 0.044 0.015 0.026 0.04 0.006 0.021 0.17
250 L 0.112 0.023 0.018 0.02 0.017 0.017 0.025 0.037 0.012 0.109 0.153 0.028 0.03 0.126 0.018 0.041 0.039 0.008 0.037 0.131
251 L 0.053 0.02 0.02 0.021 0.015 0.015 0.02 0.145 0.01 0.174 0.186 0.026 0.033 0.039 0.015 0.031 0.035 0.006 0.018 0.117
252 S 0.08 0.033 0.042 0.037 0.016 0.026 0.04 0.05 0.017 0.043 0.065 0.043 0.019 0.115 0.024 0.145 0.111 0.008 0.035 0.052
253 L 0.067 0.026 0.025 0.025 0.017 0.02 0.028 0.033 0.011 0.147 0.18 0.032 0.033 0.038 0.018 0.078 0.05 0.006 0.02 0.147
254 V 0.063 0.02 0.016 0.017 0.058 0.015 0.021 0.024 0.008 0.182 0.132 0.025 0.031 0.036 0.016 0.031 0.045 0.005 0.02 0.235
255 F 0.039 0.02 0.015 0.016 0.013 0.012 0.019 0.023 0.013 0.13 0.194 0.021 0.034 0.222 0.012 0.025 0.031 0.012 0.054 0.094
256 V 0.072 0.025 0.028 0.026 0.017 0.02 0.027 0.152 0.011 0.099 0.087 0.032 0.023 0.027 0.02 0.052 0.096 0.005 0.017 0.163
257 F 0.055 0.022 0.025 0.023 0.133 0.016 0.024 0.072 0.013 0.07 0.086 0.027 0.021 0.148 0.017 0.047 0.087 0.009 0.039 0.066
258 I 0.152 0.023 0.019 0.022 0.018 0.018 0.027 0.044 0.011 0.182 0.121 0.032 0.028 0.034 0.021 0.049 0.043 0.006 0.019 0.13
259 F 0.04 0.023 0.017 0.017 0.013 0.016 0.021 0.025 0.015 0.084 0.201 0.024 0.068 0.223 0.013 0.027 0.031 0.012 0.055 0.074
260 L 0.067 0.028 0.026 0.026 0.017 0.022 0.03 0.034 0.013 0.139 0.154 0.034 0.065 0.038 0.019 0.08 0.051 0.006 0.021 0.131
261 T 0.093 0.03 0.035 0.033 0.017 0.024 0.035 0.044 0.013 0.112 0.089 0.04 0.023 0.029 0.024 0.104 0.124 0.006 0.018 0.106
262 A 0.179 0.03 0.027 0.028 0.019 0.023 0.035 0.055 0.013 0.063 0.141 0.039 0.026 0.03 0.025 0.071 0.097 0.006 0.018 0.075
263 V 0.074 0.028 0.032 0.03 0.017 0.022 0.033 0.038 0.012 0.131 0.1 0.037 0.026 0.031 0.022 0.095 0.107 0.006 0.019 0.141
264 Y 0.037 0.026 0.02 0.018 0.009 0.02 0.026 0.026 0.038 0.04 0.064 0.029 0.018 0.112 0.013 0.029 0.026 0.146 0.263 0.042
265 L 0.05 0.032 0.099 0.037 0.015 0.023 0.032 0.037 0.016 0.076 0.216 0.037 0.032 0.037 0.019 0.052 0.093 0.006 0.019 0.072
266 S 0.108 0.04 0.053 0.048 0.017 0.033 0.052 0.065 0.019 0.029 0.041 0.053 0.015 0.021 0.029 0.231 0.081 0.005 0.017 0.041
267 Y 0.04 0.028 0.021 0.018 0.009 0.021 0.028 0.025 0.046 0.043 0.067 0.031 0.018 0.129 0.015 0.031 0.028 0.028 0.328 0.046
268 F 0.111 0.025 0.02 0.02 0.015 0.018 0.027 0.038 0.021 0.078 0.092 0.03 0.023 0.145 0.018 0.043 0.038 0.014 0.113 0.112
269 A 0.253 0.033 0.032 0.034 0.02 0.027 0.043 0.074 0.016 0.039 0.054 0.046 0.017 0.021 0.029 0.121 0.057 0.005 0.017 0.061
270 I 0.046 0.019 0.014 0.017 0.016 0.014 0.018 0.02 0.009 0.24 0.22 0.024 0.039 0.046 0.014 0.024 0.038 0.006 0.021 0.154
271 S 0.098 0.035 0.044 0.041 0.018 0.029 0.044 0.055 0.016 0.062 0.063 0.046 0.019 0.024 0.026 0.182 0.073 0.005 0.018 0.101
272 G 0.077 0.023 0.039 0.033 0.011 0.019 0.025 0.517 0.013 0.019 0.028 0.033 0.009 0.016 0.019 0.051 0.029 0.005 0.011 0.024
273 G 0.118 0.039 0.044 0.129 0.012 0.075 0.064 0.17 0.019 0.027 0.04 0.053 0.014 0.017 0.023 0.06 0.038 0.005 0.015 0.038
274 G 0.08 0.048 0.043 0.039 0.012 0.031 0.043 0.286 0.016 0.023 0.035 0.102 0.012 0.017 0.023 0.096 0.045 0.005 0.014 0.03
275 N 0.055 0.039 0.193 0.154 0.011 0.032 0.059 0.058 0.024 0.026 0.035 0.05 0.012 0.018 0.023 0.093 0.068 0.004 0.015 0.032
276 L 0.044 0.024 0.014 0.015 0.016 0.016 0.02 0.021 0.01 0.115 0.38 0.025 0.049 0.054 0.014 0.024 0.033 0.007 0.022 0.095
277 A 0.245 0.029 0.029 0.03 0.019 0.024 0.036 0.187 0.014 0.037 0.051 0.041 0.015 0.02 0.027 0.075 0.044 0.005 0.016 0.057
278 I 0.05 0.023 0.022 0.022 0.015 0.017 0.024 0.027 0.014 0.168 0.123 0.028 0.029 0.104 0.017 0.042 0.09 0.009 0.056 0.117
279 E 0.057 0.037 0.047 0.154 0.008 0.044 0.182 0.158 0.021 0.021 0.032 0.057 0.011 0.016 0.023 0.053 0.034 0.005 0.014 0.027
280 S 0.079 0.135 0.046 0.042 0.013 0.041 0.056 0.051 0.02 0.027 0.043 0.128 0.015 0.018 0.026 0.14 0.059 0.005 0.017 0.036
281 L 0.044 0.022 0.015 0.016 0.015 0.015 0.02 0.022 0.011 0.107 0.285 0.023 0.041 0.137 0.013 0.025 0.033 0.009 0.038 0.108
282 L 0.06 0.047 0.028 0.028 0.015 0.028 0.038 0.033 0.013 0.089 0.155 0.096 0.029 0.032 0.021 0.05 0.095 0.006 0.019 0.119
283 D 0.066 0.037 0.123 0.143 0.013 0.031 0.057 0.055 0.02 0.032 0.041 0.049 0.014 0.019 0.025 0.111 0.105 0.005 0.015 0.04
284 R 0.044 0.355 0.038 0.031 0.008 0.048 0.052 0.032 0.023 0.023 0.046 0.118 0.015 0.017 0.019 0.044 0.034 0.006 0.017 0.031
285 I 0.046 0.017 0.014 0.017 0.016 0.013 0.017 0.02 0.009 0.282 0.165 0.023 0.036 0.044 0.014 0.025 0.039 0.006 0.02 0.174
286 V 0.121 0.023 0.018 0.02 0.019 0.018 0.026 0.037 0.01 0.162 0.12 0.03 0.029 0.034 0.019 0.043 0.046 0.005 0.02 0.2
287 L 0.108 0.026 0.017 0.019 0.017 0.018 0.025 0.035 0.011 0.096 0.303 0.03 0.041 0.046 0.018 0.039 0.037 0.007 0.021 0.088
288 Q 0.055 0.072 0.043 0.046 0.009 0.226 0.101 0.041 0.029 0.026 0.046 0.09 0.02 0.014 0.023 0.055 0.041 0.006 0.02 0.035
289 S 0.1 0.035 0.05 0.044 0.016 0.029 0.045 0.178 0.018 0.027 0.038 0.048 0.014 0.019 0.027 0.186 0.068 0.005 0.016 0.037
290 Q 0.055 0.072 0.043 0.046 0.009 0.226 0.101 0.041 0.029 0.026 0.046 0.09 0.02 0.014 0.023 0.055 0.041 0.006 0.02 0.035
291 L 0.05 0.03 0.018 0.019 0.016 0.025 0.026 0.026 0.014 0.103 0.242 0.033 0.142 0.049 0.015 0.033 0.038 0.008 0.023 0.092
292 W 0.03 0.022 0.015 0.015 0.007 0.015 0.022 0.03 0.015 0.03 0.052 0.022 0.015 0.06 0.007 0.022 0.022 0.5 0.067 0.03
293 W 0.03 0.022 0.015 0.015 0.007 0.015 0.022 0.03 0.015 0.03 0.052 0.022 0.015 0.06 0.007 0.022 0.022 0.5 0.067 0.03
294 A 0.269 0.032 0.03 0.032 0.021 0.026 0.042 0.075 0.015 0.04 0.056 0.045 0.017 0.021 0.029 0.108 0.054 0.005 0.017 0.063
295 L 0.056 0.023 0.015 0.016 0.017 0.016 0.021 0.023 0.009 0.138 0.257 0.025 0.04 0.045 0.015 0.028 0.041 0.006 0.021 0.187
296 D 0.048 0.031 0.062 0.314 0.01 0.029 0.077 0.045 0.017 0.03 0.037 0.044 0.012 0.017 0.023 0.061 0.091 0.004 0.013 0.035
297 N 0.108 0.041 0.228 0.069 0.012 0.034 0.068 0.065 0.026 0.027 0.038 0.053 0.013 0.019 0.023 0.071 0.048 0.005 0.016 0.037
298 D 0.064 0.031 0.068 0.131 0.014 0.026 0.05 0.045 0.016 0.094 0.072 0.042 0.019 0.025 0.023 0.098 0.086 0.005 0.016 0.074
299 S 0.138 0.037 0.047 0.044 0.017 0.03 0.047 0.105 0.018 0.031 0.043 0.05 0.015 0.02 0.028 0.192 0.071 0.005 0.017 0.044
300 G 0.089 0.036 0.161 0.057 0.012 0.029 0.043 0.179 0.022 0.025 0.035 0.047 0.012 0.018 0.023 0.106 0.052 0.005 0.015 0.033
301 G 0.079 0.031 0.037 0.034 0.015 0.026 0.035 0.203 0.016 0.049 0.088 0.041 0.065 0.028 0.021 0.105 0.05 0.006 0.017 0.052
302 A 0.126 0.041 0.043 0.051 0.013 0.04 0.113 0.054 0.106 0.029 0.043 0.054 0.015 0.022 0.026 0.103 0.048 0.006 0.027 0.041
303 L 0.064 0.034 0.056 0.043 0.014 0.032 0.079 0.039 0.018 0.108 0.109 0.045 0.059 0.032 0.021 0.088 0.05 0.006 0.019 0.084
304 K 0.051 0.064 0.028 0.028 0.012 0.034 0.045 0.032 0.015 0.084 0.151 0.156 0.028 0.061 0.021 0.039 0.037 0.007 0.025 0.082
305 D 0.069 0.031 0.055 0.193 0.012 0.027 0.06 0.168 0.017 0.026 0.034 0.044 0.012 0.017 0.023 0.1 0.064 0.005 0.013 0.032
306 L 0.046 0.023 0.017 0.017 0.014 0.017 0.022 0.022 0.019 0.155 0.195 0.027 0.046 0.067 0.015 0.028 0.036 0.012 0.098 0.124
307 S 0.084 0.047 0.047 0.051 0.013 0.083 0.093 0.112 0.022 0.026 0.04 0.063 0.016 0.018 0.026 0.143 0.059 0.005 0.017 0.036
308 E 0.118 0.043 0.085 0.069 0.012 0.046 0.176 0.053 0.023 0.028 0.041 0.061 0.014 0.018 0.026 0.079 0.045 0.005 0.017 0.04
309 L 0.046 0.02 0.014 0.017 0.016 0.014 0.018 0.021 0.009 0.226 0.239 0.024 0.04 0.047 0.014 0.024 0.037 0.006 0.021 0.148
310 L 0.044 0.023 0.016 0.017 0.015 0.017 0.021 0.023 0.013 0.139 0.214 0.026 0.071 0.135 0.014 0.027 0.034 0.009 0.038 0.104
311 G 0.075 0.113 0.041 0.036 0.014 0.031 0.042 0.123 0.017 0.043 0.053 0.062 0.017 0.021 0.023 0.103 0.102 0.006 0.016 0.063
312 N 0.059 0.043 0.259 0.073 0.011 0.033 0.049 0.065 0.028 0.024 0.034 0.053 0.012 0.018 0.022 0.109 0.057 0.005 0.016 0.03
313 F 0.039 0.022 0.017 0.017 0.012 0.015 0.021 0.025 0.016 0.076 0.156 0.023 0.064 0.28 0.012 0.028 0.029 0.014 0.066 0.067
314 F 0.039 0.02 0.015 0.016 0.013 0.012 0.019 0.023 0.013 0.13 0.194 0.021 0.034 0.222 0.012 0.025 0.031 0.012 0.054 0.094
315 G 0.077 0.023 0.039 0.033 0.011 0.019 0.025 0.517 0.013 0.019 0.028 0.033 0.009 0.016 0.019 0.051 0.029 0.005 0.011 0.024
316 I 0.05 0.022 0.022 0.022 0.015 0.016 0.023 0.027 0.012 0.17 0.127 0.027 0.029 0.127 0.017 0.041 0.09 0.009 0.036 0.118
317 G 0.133 0.025 0.035 0.032 0.013 0.02 0.029 0.407 0.014 0.025 0.036 0.036 0.011 0.017 0.021 0.059 0.034 0.005 0.012 0.035
318 A 0.149 0.035 0.106 0.045 0.017 0.028 0.042 0.062 0.019 0.054 0.059 0.046 0.018 0.023 0.025 0.108 0.057 0.005 0.017 0.086
319 D 0.064 0.044 0.049 0.145 0.011 0.07 0.131 0.045 0.021 0.032 0.066 0.06 0.017 0.02 0.024 0.095 0.047 0.005 0.016 0.038
