#Seq2Logo.py -f /work3/idamei/ssn-clusterings/clustering/2205111339/clusters/0012_158/sequences.afa -o /work3/idamei/ssn-clusterings/clustering/2205111339/clusters/0012_158/sequences.logo
#Position Specific Frequency Matrix
A R N D C Q E G H I L K M F P S T W Y V
0 M 0.05 0.031 0.019 0.019 0.015 0.027 0.027 0.027 0.015 0.096 0.188 0.035 0.197 0.046 0.015 0.035 0.038 0.008 0.023 0.088
1 K 0.08 0.108 0.066 0.039 0.01 0.043 0.056 0.044 0.019 0.04 0.05 0.209 0.016 0.018 0.024 0.053 0.04 0.005 0.017 0.061
2 L 0.061 0.025 0.02 0.025 0.014 0.021 0.053 0.027 0.018 0.132 0.161 0.031 0.029 0.074 0.017 0.035 0.047 0.011 0.088 0.112
3 R 0.064 0.114 0.068 0.038 0.061 0.034 0.046 0.043 0.018 0.043 0.053 0.109 0.016 0.02 0.022 0.092 0.071 0.005 0.016 0.065
4 D 0.041 0.03 0.069 0.396 0.008 0.03 0.092 0.047 0.019 0.022 0.028 0.045 0.009 0.015 0.022 0.052 0.035 0.004 0.011 0.024
5 N 0.043 0.045 0.315 0.083 0.009 0.034 0.05 0.065 0.032 0.023 0.032 0.054 0.011 0.018 0.02 0.07 0.05 0.005 0.016 0.027
6 I 0.047 0.018 0.015 0.018 0.016 0.013 0.018 0.021 0.009 0.269 0.168 0.024 0.037 0.044 0.015 0.025 0.04 0.006 0.021 0.177
7 L 0.045 0.024 0.014 0.015 0.016 0.016 0.02 0.021 0.01 0.116 0.374 0.025 0.05 0.055 0.014 0.024 0.033 0.007 0.022 0.096
8 N 0.043 0.045 0.315 0.083 0.009 0.034 0.05 0.065 0.032 0.023 0.032 0.054 0.011 0.018 0.02 0.07 0.05 0.005 0.016 0.027
9 K 0.057 0.107 0.042 0.042 0.009 0.054 0.071 0.043 0.021 0.028 0.043 0.276 0.016 0.016 0.028 0.054 0.04 0.005 0.017 0.033
10 L 0.045 0.024 0.014 0.015 0.016 0.016 0.02 0.021 0.01 0.116 0.374 0.025 0.05 0.055 0.014 0.024 0.033 0.007 0.022 0.096
11 T 0.073 0.036 0.044 0.038 0.018 0.028 0.039 0.044 0.014 0.053 0.065 0.046 0.02 0.024 0.028 0.093 0.245 0.006 0.018 0.071
12 S 0.11 0.04 0.054 0.049 0.018 0.033 0.053 0.066 0.019 0.03 0.042 0.054 0.016 0.021 0.03 0.218 0.082 0.005 0.018 0.042
13 L 0.045 0.024 0.014 0.015 0.016 0.016 0.02 0.021 0.01 0.116 0.374 0.025 0.05 0.055 0.014 0.024 0.033 0.007 0.022 0.096
14 I 0.047 0.018 0.015 0.018 0.016 0.013 0.018 0.021 0.009 0.269 0.168 0.024 0.037 0.044 0.015 0.025 0.04 0.006 0.021 0.177
15 K 0.057 0.107 0.042 0.042 0.009 0.054 0.071 0.043 0.021 0.028 0.043 0.276 0.016 0.016 0.028 0.054 0.04 0.005 0.017 0.033
16 N 0.043 0.045 0.315 0.083 0.009 0.034 0.05 0.065 0.032 0.023 0.032 0.054 0.011 0.018 0.02 0.07 0.05 0.005 0.016 0.027
17 L 0.045 0.024 0.014 0.015 0.016 0.016 0.02 0.021 0.01 0.116 0.374 0.025 0.05 0.055 0.014 0.024 0.033 0.007 0.022 0.096
18 N 0.043 0.045 0.315 0.083 0.009 0.034 0.05 0.065 0.032 0.023 0.032 0.054 0.011 0.018 0.02 0.07 0.05 0.005 0.016 0.027
19 L 0.045 0.024 0.014 0.015 0.016 0.016 0.02 0.021 0.01 0.116 0.374 0.025 0.05 0.055 0.014 0.024 0.033 0.007 0.022 0.096
20 D 0.041 0.03 0.069 0.396 0.008 0.03 0.092 0.047 0.019 0.022 0.028 0.045 0.009 0.015 0.022 0.052 0.035 0.004 0.011 0.024
21 F 0.048 0.053 0.028 0.028 0.011 0.029 0.04 0.032 0.016 0.094 0.088 0.138 0.022 0.141 0.019 0.041 0.058 0.009 0.038 0.069
22 K 0.047 0.105 0.035 0.031 0.01 0.037 0.048 0.033 0.093 0.075 0.109 0.14 0.023 0.028 0.02 0.04 0.034 0.006 0.026 0.058
23 K 0.052 0.076 0.101 0.064 0.009 0.042 0.059 0.044 0.039 0.038 0.046 0.203 0.015 0.018 0.023 0.052 0.04 0.005 0.018 0.056
24 G 0.078 0.023 0.039 0.034 0.011 0.019 0.026 0.51 0.014 0.019 0.028 0.034 0.009 0.016 0.019 0.051 0.03 0.005 0.011 0.024
25 I 0.049 0.028 0.023 0.041 0.013 0.03 0.113 0.025 0.014 0.194 0.123 0.04 0.028 0.035 0.018 0.035 0.038 0.006 0.019 0.127
26 L 0.068 0.032 0.029 0.028 0.016 0.026 0.033 0.038 0.015 0.081 0.206 0.038 0.078 0.041 0.02 0.096 0.051 0.007 0.021 0.076
27 V 0.102 0.026 0.019 0.02 0.018 0.022 0.027 0.034 0.012 0.121 0.139 0.032 0.075 0.037 0.018 0.042 0.046 0.006 0.021 0.181
28 Q 0.056 0.074 0.044 0.047 0.009 0.215 0.103 0.041 0.029 0.026 0.047 0.091 0.021 0.015 0.024 0.056 0.041 0.006 0.021 0.035
29 Q 0.056 0.074 0.044 0.047 0.009 0.215 0.103 0.041 0.029 0.026 0.047 0.091 0.021 0.015 0.024 0.056 0.041 0.006 0.021 0.035
30 L 0.045 0.05 0.024 0.024 0.012 0.026 0.036 0.03 0.016 0.068 0.18 0.11 0.03 0.155 0.017 0.034 0.032 0.01 0.042 0.061
31 L 0.053 0.05 0.023 0.025 0.014 0.028 0.037 0.029 0.013 0.121 0.191 0.112 0.033 0.036 0.019 0.035 0.039 0.006 0.02 0.118
32 N 0.074 0.04 0.141 0.056 0.015 0.031 0.046 0.058 0.021 0.035 0.046 0.051 0.015 0.021 0.026 0.13 0.129 0.005 0.017 0.046
33 I 0.06 0.026 0.029 0.027 0.017 0.02 0.028 0.032 0.011 0.165 0.116 0.034 0.028 0.034 0.021 0.058 0.146 0.006 0.019 0.123
34 I 0.052 0.019 0.015 0.018 0.017 0.014 0.019 0.021 0.009 0.248 0.157 0.024 0.035 0.042 0.015 0.027 0.042 0.006 0.02 0.2
35 G 0.068 0.026 0.034 0.03 0.014 0.02 0.027 0.273 0.013 0.051 0.125 0.034 0.022 0.027 0.02 0.054 0.086 0.006 0.015 0.054
36 L 0.039 0.021 0.015 0.016 0.013 0.013 0.019 0.023 0.013 0.089 0.247 0.022 0.037 0.223 0.012 0.025 0.029 0.012 0.055 0.075
37 L 0.048 0.028 0.017 0.018 0.016 0.022 0.024 0.025 0.013 0.107 0.288 0.03 0.108 0.051 0.015 0.03 0.037 0.007 0.023 0.094
38 I 0.047 0.018 0.015 0.018 0.016 0.013 0.018 0.02 0.009 0.276 0.167 0.023 0.037 0.044 0.015 0.025 0.04 0.006 0.02 0.175
39 G 0.187 0.027 0.032 0.031 0.016 0.022 0.033 0.296 0.014 0.031 0.044 0.039 0.013 0.019 0.024 0.068 0.04 0.005 0.014 0.046
40 P 0.045 0.022 0.02 0.024 0.01 0.016 0.027 0.031 0.015 0.044 0.075 0.03 0.018 0.202 0.254 0.034 0.031 0.01 0.05 0.043
41 L 0.045 0.021 0.014 0.016 0.016 0.015 0.019 0.021 0.009 0.195 0.273 0.024 0.043 0.049 0.014 0.024 0.036 0.006 0.021 0.135
42 L 0.043 0.02 0.015 0.017 0.015 0.013 0.019 0.022 0.011 0.183 0.207 0.023 0.037 0.133 0.013 0.025 0.034 0.009 0.038 0.125
43 G 0.067 0.065 0.04 0.037 0.01 0.036 0.048 0.278 0.017 0.023 0.035 0.158 0.012 0.016 0.023 0.052 0.034 0.005 0.014 0.028
44 G 0.086 0.027 0.043 0.037 0.012 0.022 0.032 0.402 0.015 0.021 0.031 0.039 0.011 0.017 0.021 0.095 0.042 0.005 0.012 0.028
45 N 0.057 0.04 0.183 0.06 0.013 0.03 0.044 0.054 0.022 0.038 0.048 0.049 0.015 0.021 0.024 0.081 0.151 0.005 0.017 0.049
46 I 0.115 0.022 0.018 0.021 0.018 0.017 0.025 0.036 0.01 0.19 0.13 0.029 0.03 0.036 0.019 0.042 0.044 0.006 0.02 0.173
47 G 0.077 0.109 0.042 0.037 0.012 0.03 0.039 0.281 0.017 0.023 0.036 0.06 0.012 0.018 0.022 0.093 0.044 0.005 0.014 0.03
48 Y 0.055 0.025 0.019 0.018 0.014 0.019 0.025 0.025 0.027 0.103 0.099 0.028 0.025 0.083 0.016 0.032 0.038 0.017 0.172 0.16
49 I 0.109 0.021 0.017 0.021 0.017 0.016 0.023 0.035 0.01 0.218 0.14 0.029 0.032 0.038 0.018 0.04 0.042 0.006 0.02 0.149
50 L 0.043 0.02 0.015 0.017 0.015 0.013 0.019 0.022 0.011 0.183 0.207 0.023 0.037 0.133 0.013 0.025 0.034 0.009 0.038 0.125
51 L 0.044 0.024 0.014 0.015 0.016 0.016 0.02 0.021 0.01 0.115 0.377 0.025 0.049 0.055 0.014 0.024 0.033 0.007 0.022 0.096
52 G 0.074 0.022 0.028 0.026 0.015 0.018 0.024 0.268 0.011 0.092 0.079 0.03 0.02 0.026 0.018 0.042 0.039 0.005 0.016 0.147
53 A 0.292 0.031 0.026 0.03 0.022 0.026 0.04 0.078 0.015 0.043 0.059 0.044 0.017 0.022 0.03 0.085 0.05 0.005 0.017 0.069
54 T 0.091 0.038 0.048 0.043 0.018 0.03 0.046 0.054 0.016 0.041 0.053 0.049 0.018 0.022 0.028 0.159 0.167 0.006 0.018 0.056
55 L 0.044 0.024 0.014 0.015 0.016 0.016 0.02 0.021 0.01 0.115 0.38 0.025 0.049 0.054 0.014 0.024 0.033 0.007 0.022 0.095
56 A 0.171 0.024 0.02 0.024 0.019 0.019 0.029 0.049 0.012 0.16 0.113 0.034 0.027 0.033 0.022 0.055 0.045 0.006 0.019 0.122
57 L 0.079 0.034 0.035 0.033 0.017 0.027 0.038 0.045 0.016 0.068 0.165 0.042 0.062 0.036 0.022 0.128 0.059 0.006 0.02 0.068
58 C 0.054 0.02 0.015 0.016 0.252 0.014 0.018 0.027 0.009 0.079 0.222 0.023 0.033 0.037 0.015 0.032 0.035 0.006 0.017 0.076
59 L 0.052 0.02 0.015 0.017 0.017 0.015 0.02 0.022 0.009 0.208 0.211 0.024 0.038 0.044 0.015 0.027 0.04 0.006 0.021 0.18
60 L 0.044 0.024 0.014 0.015 0.016 0.016 0.02 0.021 0.01 0.115 0.38 0.025 0.049 0.054 0.014 0.024 0.033 0.007 0.022 0.095
61 C 0.054 0.02 0.015 0.016 0.252 0.014 0.018 0.027 0.009 0.079 0.222 0.023 0.033 0.037 0.015 0.032 0.035 0.006 0.017 0.076
62 Q 0.052 0.049 0.031 0.033 0.012 0.121 0.062 0.033 0.021 0.107 0.114 0.06 0.061 0.03 0.019 0.043 0.04 0.006 0.021 0.084
63 I 0.052 0.019 0.015 0.018 0.017 0.014 0.019 0.021 0.009 0.248 0.157 0.024 0.035 0.042 0.015 0.027 0.042 0.006 0.02 0.2
64 L 0.043 0.034 0.168 0.049 0.013 0.025 0.035 0.043 0.021 0.068 0.206 0.039 0.03 0.036 0.017 0.047 0.041 0.006 0.019 0.061
65 G 0.062 0.02 0.027 0.026 0.013 0.016 0.021 0.267 0.011 0.148 0.097 0.028 0.023 0.03 0.017 0.038 0.034 0.006 0.016 0.1
66 K 0.056 0.095 0.042 0.043 0.009 0.11 0.08 0.042 0.023 0.027 0.044 0.221 0.017 0.015 0.026 0.054 0.04 0.005 0.018 0.033
67 T 0.056 0.048 0.071 0.039 0.012 0.032 0.044 0.04 0.057 0.064 0.059 0.1 0.017 0.022 0.078 0.06 0.117 0.005 0.021 0.057
68 V 0.082 0.059 0.027 0.063 0.014 0.021 0.035 0.035 0.014 0.101 0.092 0.039 0.023 0.104 0.018 0.059 0.042 0.007 0.031 0.133
69 I 0.047 0.018 0.015 0.018 0.016 0.013 0.018 0.021 0.009 0.269 0.168 0.024 0.037 0.044 0.015 0.025 0.04 0.006 0.021 0.177
70 L 0.046 0.03 0.018 0.019 0.013 0.019 0.026 0.025 0.015 0.139 0.14 0.055 0.028 0.091 0.015 0.029 0.034 0.065 0.068 0.125
71 V 0.054 0.022 0.019 0.02 0.014 0.016 0.023 0.028 0.011 0.146 0.124 0.026 0.027 0.062 0.014 0.051 0.041 0.119 0.033 0.149
72 N 0.055 0.074 0.097 0.038 0.067 0.027 0.036 0.093 0.017 0.079 0.069 0.073 0.018 0.023 0.019 0.048 0.053 0.005 0.016 0.093
73 L 0.051 0.021 0.015 0.017 0.016 0.015 0.02 0.022 0.013 0.182 0.192 0.025 0.035 0.051 0.015 0.027 0.039 0.008 0.056 0.181
74 L 0.045 0.022 0.015 0.017 0.015 0.015 0.021 0.022 0.01 0.143 0.306 0.026 0.041 0.046 0.069 0.026 0.034 0.006 0.02 0.103
75 F 0.034 0.018 0.016 0.016 0.011 0.01 0.018 0.024 0.015 0.087 0.116 0.019 0.026 0.37 0.011 0.024 0.026 0.015 0.078 0.066
76 L 0.046 0.021 0.014 0.016 0.015 0.014 0.019 0.021 0.01 0.155 0.269 0.023 0.039 0.087 0.014 0.025 0.035 0.007 0.028 0.139
77 F 0.051 0.022 0.02 0.02 0.068 0.015 0.023 0.028 0.016 0.096 0.132 0.025 0.026 0.17 0.015 0.052 0.037 0.011 0.077 0.095
78 L 0.041 0.023 0.015 0.016 0.014 0.016 0.02 0.022 0.012 0.098 0.312 0.024 0.059 0.131 0.013 0.025 0.031 0.009 0.036 0.083
79 L 0.081 0.022 0.016 0.017 0.017 0.016 0.022 0.028 0.01 0.134 0.211 0.026 0.035 0.082 0.016 0.033 0.039 0.007 0.027 0.162
80 F 0.039 0.021 0.016 0.017 0.012 0.013 0.02 0.024 0.015 0.081 0.153 0.022 0.046 0.288 0.012 0.026 0.029 0.013 0.064 0.088
81 Q 0.052 0.059 0.036 0.039 0.01 0.193 0.081 0.035 0.024 0.086 0.071 0.073 0.023 0.02 0.021 0.047 0.039 0.006 0.02 0.064
82 N 0.079 0.056 0.138 0.051 0.011 0.104 0.064 0.05 0.025 0.034 0.057 0.089 0.035 0.02 0.022 0.059 0.043 0.005 0.018 0.041
83 A 0.232 0.026 0.022 0.026 0.127 0.021 0.033 0.061 0.013 0.04 0.056 0.037 0.016 0.02 0.08 0.068 0.044 0.005 0.015 0.06
84 L 0.042 0.021 0.014 0.016 0.015 0.014 0.018 0.021 0.01 0.168 0.288 0.023 0.041 0.089 0.013 0.024 0.033 0.007 0.028 0.114
85 L 0.06 0.043 0.038 0.077 0.013 0.097 0.06 0.039 0.019 0.054 0.16 0.054 0.027 0.028 0.021 0.087 0.045 0.006 0.019 0.054
86 D 0.05 0.037 0.108 0.127 0.011 0.051 0.055 0.043 0.024 0.054 0.082 0.046 0.036 0.035 0.02 0.07 0.042 0.007 0.053 0.049
87 L 0.08 0.047 0.021 0.02 0.075 0.021 0.027 0.032 0.022 0.063 0.167 0.035 0.027 0.063 0.017 0.04 0.048 0.012 0.119 0.064
88 T 0.095 0.027 0.027 0.027 0.047 0.021 0.031 0.038 0.011 0.097 0.083 0.036 0.022 0.026 0.083 0.06 0.129 0.005 0.017 0.118
89 N 0.043 0.045 0.317 0.083 0.009 0.034 0.049 0.065 0.032 0.022 0.032 0.054 0.011 0.018 0.02 0.07 0.049 0.004 0.016 0.027
90 P 0.064 0.038 0.07 0.039 0.013 0.027 0.04 0.043 0.016 0.094 0.068 0.073 0.018 0.023 0.144 0.093 0.049 0.004 0.016 0.067
91 G 0.058 0.109 0.077 0.041 0.009 0.072 0.052 0.224 0.021 0.022 0.036 0.095 0.013 0.016 0.02 0.052 0.035 0.005 0.015 0.028
92 E 0.064 0.042 0.042 0.064 0.013 0.046 0.17 0.039 0.02 0.038 0.051 0.06 0.016 0.02 0.027 0.074 0.143 0.006 0.017 0.051
93 V 0.079 0.029 0.028 0.035 0.014 0.026 0.071 0.037 0.02 0.092 0.085 0.039 0.022 0.095 0.02 0.081 0.046 0.01 0.073 0.098
94 I 0.047 0.02 0.015 0.017 0.015 0.015 0.019 0.022 0.01 0.223 0.155 0.024 0.053 0.088 0.014 0.027 0.038 0.007 0.029 0.161
95 Y 0.077 0.035 0.059 0.037 0.012 0.049 0.068 0.039 0.027 0.054 0.091 0.044 0.02 0.057 0.019 0.064 0.039 0.037 0.119 0.052
96 G 0.079 0.074 0.065 0.037 0.011 0.081 0.051 0.091 0.023 0.035 0.054 0.057 0.017 0.068 0.021 0.056 0.072 0.009 0.057 0.043
97 L 0.061 0.022 0.016 0.017 0.064 0.016 0.021 0.026 0.014 0.13 0.162 0.025 0.046 0.104 0.015 0.031 0.036 0.009 0.062 0.123
98 L 0.045 0.019 0.015 0.016 0.014 0.013 0.019 0.022 0.011 0.163 0.186 0.022 0.033 0.154 0.013 0.025 0.035 0.009 0.04 0.145
99 G 0.079 0.045 0.075 0.045 0.013 0.052 0.05 0.15 0.019 0.027 0.039 0.076 0.014 0.018 0.024 0.137 0.077 0.005 0.016 0.037
100 Y 0.046 0.03 0.027 0.023 0.01 0.024 0.032 0.029 0.076 0.038 0.06 0.033 0.017 0.105 0.017 0.053 0.032 0.023 0.285 0.042
101 V 0.06 0.025 0.024 0.024 0.015 0.019 0.027 0.032 0.016 0.105 0.127 0.03 0.026 0.118 0.017 0.076 0.056 0.01 0.065 0.128
102 D 0.039 0.029 0.066 0.423 0.007 0.029 0.087 0.045 0.018 0.021 0.027 0.043 0.009 0.014 0.021 0.05 0.034 0.004 0.011 0.023
103 E 0.053 0.048 0.039 0.086 0.007 0.062 0.327 0.033 0.025 0.021 0.035 0.072 0.012 0.016 0.025 0.053 0.035 0.005 0.016 0.03
104 L 0.1 0.022 0.017 0.019 0.016 0.017 0.023 0.032 0.011 0.169 0.172 0.028 0.048 0.077 0.017 0.037 0.038 0.007 0.026 0.124
105 L 0.047 0.02 0.015 0.016 0.064 0.014 0.019 0.022 0.013 0.173 0.181 0.023 0.032 0.087 0.014 0.027 0.035 0.009 0.059 0.131
106 T 0.067 0.038 0.037 0.044 0.013 0.054 0.099 0.088 0.017 0.052 0.068 0.051 0.035 0.023 0.023 0.079 0.114 0.006 0.017 0.075
107 L 0.055 0.02 0.015 0.016 0.115 0.014 0.019 0.024 0.008 0.142 0.201 0.023 0.033 0.038 0.015 0.029 0.039 0.006 0.019 0.169
108 L 0.048 0.019 0.015 0.016 0.015 0.014 0.019 0.022 0.01 0.179 0.19 0.023 0.034 0.116 0.014 0.026 0.036 0.008 0.033 0.163
109 L 0.041 0.02 0.015 0.015 0.063 0.013 0.018 0.023 0.012 0.105 0.242 0.021 0.035 0.174 0.013 0.025 0.03 0.01 0.042 0.082
110 L 0.047 0.022 0.017 0.018 0.015 0.016 0.021 0.024 0.011 0.127 0.226 0.025 0.035 0.082 0.014 0.031 0.058 0.058 0.031 0.122
111 L 0.048 0.022 0.015 0.016 0.016 0.016 0.02 0.022 0.01 0.154 0.262 0.025 0.055 0.064 0.014 0.026 0.037 0.007 0.024 0.147
112 L 0.044 0.022 0.016 0.017 0.013 0.016 0.021 0.022 0.02 0.147 0.172 0.025 0.031 0.105 0.014 0.026 0.033 0.013 0.125 0.118
113 L 0.055 0.021 0.017 0.018 0.017 0.015 0.021 0.024 0.009 0.195 0.196 0.025 0.035 0.041 0.015 0.039 0.042 0.006 0.02 0.188
114 L 0.053 0.022 0.02 0.021 0.015 0.016 0.023 0.027 0.011 0.162 0.202 0.027 0.034 0.094 0.016 0.056 0.041 0.007 0.029 0.122
115 L 0.042 0.023 0.016 0.016 0.013 0.016 0.021 0.023 0.016 0.09 0.212 0.024 0.051 0.178 0.013 0.027 0.031 0.012 0.079 0.096
116 R 0.053 0.132 0.036 0.073 0.011 0.033 0.047 0.035 0.04 0.072 0.066 0.088 0.019 0.034 0.02 0.063 0.04 0.008 0.055 0.077
117 L 0.076 0.038 0.093 0.035 0.014 0.026 0.035 0.04 0.017 0.092 0.167 0.066 0.064 0.034 0.018 0.045 0.04 0.006 0.019 0.076
118 L 0.076 0.036 0.057 0.028 0.013 0.025 0.033 0.035 0.022 0.08 0.155 0.063 0.044 0.055 0.018 0.041 0.037 0.011 0.091 0.08
119 K 0.053 0.143 0.037 0.035 0.01 0.054 0.057 0.037 0.019 0.059 0.058 0.191 0.018 0.019 0.023 0.051 0.064 0.005 0.017 0.051
120 H 0.056 0.061 0.079 0.043 0.009 0.039 0.053 0.099 0.14 0.024 0.037 0.132 0.014 0.021 0.022 0.071 0.038 0.006 0.029 0.028
121 K 0.058 0.085 0.035 0.038 0.011 0.035 0.074 0.091 0.017 0.039 0.083 0.109 0.018 0.021 0.077 0.055 0.088 0.005 0.016 0.045
122 I 0.054 0.029 0.021 0.022 0.014 0.019 0.027 0.028 0.012 0.151 0.143 0.054 0.029 0.111 0.016 0.051 0.041 0.008 0.032 0.138
123 K 0.052 0.087 0.081 0.039 0.011 0.034 0.046 0.04 0.019 0.043 0.088 0.127 0.019 0.061 0.022 0.057 0.097 0.006 0.024 0.048
124 L 0.048 0.023 0.018 0.018 0.015 0.016 0.022 0.025 0.011 0.126 0.301 0.026 0.04 0.084 0.015 0.046 0.037 0.007 0.027 0.094
125 L 0.051 0.026 0.051 0.025 0.015 0.02 0.026 0.029 0.013 0.135 0.222 0.031 0.059 0.041 0.016 0.045 0.052 0.006 0.02 0.117
126 K 0.051 0.141 0.036 0.035 0.008 0.044 0.057 0.037 0.022 0.027 0.044 0.215 0.015 0.026 0.073 0.046 0.036 0.007 0.049 0.032
127 L 0.078 0.027 0.057 0.029 0.014 0.02 0.029 0.086 0.017 0.09 0.126 0.033 0.024 0.078 0.019 0.05 0.084 0.009 0.057 0.074
128 E 0.05 0.049 0.04 0.109 0.007 0.053 0.247 0.034 0.026 0.024 0.038 0.089 0.013 0.027 0.024 0.05 0.035 0.007 0.049 0.031
129 R 0.054 0.148 0.032 0.029 0.011 0.046 0.046 0.034 0.021 0.053 0.107 0.115 0.022 0.034 0.02 0.061 0.04 0.008 0.051 0.069
130 F 0.05 0.066 0.024 0.023 0.013 0.024 0.031 0.028 0.017 0.098 0.103 0.064 0.041 0.116 0.017 0.038 0.06 0.01 0.065 0.114
131 L 0.044 0.022 0.015 0.016 0.015 0.016 0.02 0.021 0.01 0.166 0.298 0.025 0.066 0.048 0.014 0.025 0.035 0.007 0.021 0.115
132 L 0.1 0.022 0.017 0.019 0.016 0.016 0.023 0.032 0.011 0.17 0.183 0.027 0.041 0.077 0.017 0.036 0.038 0.007 0.026 0.124
133 I 0.064 0.021 0.017 0.019 0.016 0.015 0.021 0.026 0.01 0.2 0.164 0.026 0.041 0.077 0.015 0.04 0.04 0.007 0.026 0.154
134 L 0.062 0.023 0.021 0.021 0.038 0.017 0.024 0.08 0.013 0.067 0.176 0.028 0.036 0.128 0.066 0.039 0.056 0.008 0.034 0.063
135 F 0.041 0.025 0.019 0.018 0.012 0.018 0.024 0.027 0.02 0.072 0.128 0.027 0.049 0.136 0.013 0.033 0.053 0.114 0.108 0.063
136 L 0.08 0.022 0.021 0.021 0.015 0.017 0.023 0.129 0.012 0.122 0.166 0.028 0.045 0.073 0.016 0.036 0.035 0.007 0.025 0.108
137 L 0.078 0.022 0.018 0.019 0.016 0.016 0.022 0.077 0.01 0.159 0.216 0.026 0.034 0.04 0.016 0.033 0.037 0.006 0.019 0.137
138 F 0.037 0.021 0.017 0.017 0.011 0.014 0.021 0.024 0.021 0.085 0.114 0.023 0.041 0.282 0.012 0.026 0.028 0.016 0.125 0.066
139 L 0.077 0.026 0.018 0.024 0.064 0.022 0.053 0.029 0.012 0.091 0.248 0.031 0.051 0.04 0.017 0.036 0.036 0.006 0.019 0.1
140 L 0.093 0.024 0.02 0.021 0.016 0.018 0.025 0.058 0.011 0.126 0.247 0.03 0.035 0.041 0.018 0.056 0.04 0.006 0.019 0.095
141 I 0.043 0.02 0.015 0.017 0.014 0.015 0.019 0.022 0.011 0.194 0.191 0.024 0.059 0.119 0.013 0.025 0.034 0.008 0.034 0.122
142 G 0.071 0.024 0.035 0.036 0.06 0.022 0.054 0.431 0.014 0.021 0.031 0.035 0.01 0.016 0.018 0.048 0.03 0.005 0.011 0.027
143 L 0.043 0.02 0.014 0.016 0.015 0.013 0.018 0.021 0.01 0.17 0.245 0.022 0.038 0.12 0.013 0.024 0.033 0.008 0.033 0.122
144 L 0.045 0.019 0.014 0.016 0.016 0.014 0.018 0.02 0.009 0.228 0.243 0.023 0.039 0.045 0.014 0.024 0.036 0.006 0.02 0.149
145 S 0.105 0.038 0.052 0.047 0.017 0.032 0.05 0.063 0.018 0.028 0.04 0.052 0.015 0.02 0.028 0.253 0.078 0.005 0.017 0.04
146 N 0.062 0.037 0.164 0.054 0.013 0.028 0.041 0.101 0.02 0.034 0.044 0.046 0.014 0.02 0.023 0.092 0.141 0.005 0.016 0.044
147 L 0.045 0.02 0.015 0.016 0.014 0.014 0.019 0.022 0.011 0.134 0.223 0.022 0.035 0.155 0.013 0.025 0.034 0.009 0.04 0.133
148 F 0.059 0.035 0.054 0.029 0.012 0.042 0.035 0.033 0.016 0.119 0.1 0.061 0.024 0.144 0.016 0.038 0.036 0.009 0.038 0.1
149 N 0.048 0.039 0.156 0.048 0.01 0.049 0.044 0.045 0.035 0.031 0.047 0.046 0.015 0.06 0.019 0.069 0.041 0.014 0.149 0.036
150 P 0.05 0.043 0.115 0.103 0.009 0.051 0.054 0.093 0.02 0.03 0.049 0.074 0.03 0.018 0.119 0.051 0.038 0.004 0.015 0.034
151 Y 0.044 0.032 0.02 0.019 0.011 0.021 0.028 0.025 0.029 0.087 0.117 0.055 0.024 0.118 0.015 0.03 0.031 0.017 0.19 0.087
152 Q 0.082 0.063 0.04 0.042 0.011 0.204 0.086 0.043 0.025 0.03 0.048 0.078 0.019 0.016 0.023 0.06 0.064 0.006 0.019 0.04
153 E 0.055 0.05 0.04 0.09 0.007 0.064 0.296 0.035 0.026 0.022 0.037 0.076 0.013 0.017 0.026 0.055 0.037 0.006 0.017 0.031
154 S 0.077 0.033 0.038 0.042 0.014 0.029 0.068 0.095 0.016 0.036 0.076 0.046 0.017 0.021 0.123 0.131 0.076 0.005 0.016 0.043
155 L 0.072 0.021 0.015 0.017 0.015 0.015 0.021 0.027 0.011 0.145 0.201 0.025 0.033 0.081 0.015 0.03 0.036 0.058 0.031 0.13
156 F 0.051 0.06 0.027 0.026 0.012 0.021 0.03 0.033 0.015 0.053 0.108 0.039 0.022 0.18 0.067 0.064 0.083 0.01 0.044 0.054
157 L 0.072 0.024 0.017 0.019 0.014 0.018 0.025 0.029 0.018 0.097 0.177 0.028 0.028 0.057 0.065 0.033 0.034 0.061 0.089 0.096
158 A 0.174 0.03 0.03 0.031 0.018 0.025 0.037 0.056 0.014 0.095 0.086 0.041 0.038 0.027 0.024 0.117 0.054 0.005 0.018 0.081
159 L 0.07 0.022 0.016 0.017 0.015 0.015 0.021 0.027 0.012 0.093 0.252 0.024 0.036 0.156 0.014 0.03 0.033 0.009 0.04 0.098
160 I 0.072 0.029 0.023 0.024 0.016 0.042 0.033 0.031 0.013 0.153 0.147 0.036 0.046 0.035 0.018 0.058 0.056 0.006 0.02 0.143
161 D 0.039 0.029 0.066 0.423 0.007 0.029 0.087 0.045 0.018 0.021 0.027 0.043 0.009 0.014 0.021 0.05 0.034 0.004 0.011 0.023
162 A 0.238 0.029 0.023 0.025 0.019 0.024 0.034 0.06 0.015 0.054 0.088 0.039 0.054 0.065 0.024 0.066 0.044 0.007 0.025 0.069
163 F 0.042 0.023 0.019 0.018 0.012 0.016 0.022 0.074 0.02 0.066 0.159 0.025 0.043 0.207 0.013 0.029 0.028 0.014 0.111 0.06
164 V 0.06 0.025 0.023 0.022 0.017 0.018 0.026 0.028 0.01 0.138 0.167 0.03 0.031 0.036 0.018 0.046 0.112 0.006 0.019 0.169
165 L 0.046 0.021 0.014 0.016 0.016 0.015 0.019 0.021 0.009 0.194 0.272 0.024 0.043 0.049 0.014 0.025 0.037 0.006 0.021 0.136
166 C 0.067 0.019 0.019 0.019 0.36 0.015 0.02 0.033 0.009 0.064 0.072 0.024 0.018 0.022 0.017 0.059 0.042 0.004 0.014 0.102
167 A 0.123 0.031 0.031 0.031 0.09 0.044 0.039 0.048 0.014 0.094 0.076 0.041 0.021 0.025 0.022 0.11 0.052 0.005 0.017 0.086
168 K 0.051 0.184 0.039 0.037 0.008 0.05 0.062 0.038 0.021 0.025 0.042 0.251 0.015 0.015 0.024 0.049 0.037 0.005 0.017 0.031
169 F 0.032 0.018 0.016 0.016 0.01 0.01 0.018 0.024 0.016 0.061 0.109 0.018 0.024 0.413 0.01 0.024 0.024 0.016 0.085 0.053
170 V 0.055 0.023 0.019 0.02 0.015 0.017 0.023 0.027 0.012 0.143 0.154 0.027 0.047 0.113 0.015 0.05 0.042 0.008 0.033 0.157
171 V 0.053 0.02 0.015 0.016 0.017 0.015 0.02 0.021 0.008 0.206 0.195 0.024 0.036 0.041 0.015 0.027 0.041 0.006 0.02 0.206
172 F 0.076 0.021 0.02 0.019 0.062 0.015 0.023 0.081 0.017 0.069 0.088 0.025 0.021 0.176 0.015 0.036 0.033 0.012 0.09 0.1
173 Y 0.038 0.026 0.02 0.018 0.009 0.02 0.026 0.024 0.042 0.044 0.07 0.029 0.019 0.154 0.014 0.029 0.027 0.026 0.321 0.045
174 L 0.042 0.056 0.016 0.017 0.014 0.017 0.022 0.022 0.011 0.135 0.289 0.032 0.039 0.083 0.014 0.025 0.033 0.007 0.027 0.097
175 A 0.221 0.026 0.027 0.028 0.066 0.021 0.032 0.207 0.013 0.035 0.048 0.037 0.014 0.019 0.024 0.067 0.041 0.005 0.014 0.052
176 A 0.149 0.023 0.023 0.024 0.016 0.018 0.027 0.142 0.012 0.128 0.091 0.032 0.022 0.047 0.02 0.05 0.04 0.006 0.02 0.111
177 R 0.049 0.235 0.032 0.028 0.011 0.036 0.041 0.032 0.019 0.065 0.091 0.082 0.037 0.044 0.018 0.059 0.038 0.006 0.021 0.055
178 L 0.081 0.067 0.027 0.031 0.014 0.049 0.066 0.034 0.015 0.095 0.143 0.049 0.027 0.03 0.02 0.048 0.075 0.006 0.019 0.106
179 L 0.042 0.023 0.016 0.016 0.062 0.016 0.021 0.023 0.021 0.078 0.238 0.025 0.033 0.107 0.014 0.027 0.03 0.013 0.124 0.07
180 L 0.095 0.028 0.026 0.025 0.016 0.021 0.03 0.038 0.016 0.068 0.183 0.034 0.029 0.082 0.02 0.069 0.087 0.009 0.058 0.069
181 R 0.047 0.106 0.07 0.095 0.009 0.073 0.057 0.063 0.024 0.031 0.05 0.063 0.016 0.067 0.019 0.05 0.059 0.008 0.056 0.036
182 D 0.054 0.052 0.052 0.188 0.008 0.072 0.075 0.139 0.02 0.023 0.034 0.101 0.013 0.015 0.023 0.052 0.036 0.005 0.014 0.028
183 G 0.059 0.025 0.03 0.026 0.01 0.02 0.027 0.269 0.03 0.031 0.048 0.032 0.014 0.073 0.017 0.041 0.029 0.017 0.167 0.035
184 K 0.081 0.064 0.032 0.031 0.011 0.036 0.048 0.088 0.022 0.043 0.055 0.171 0.017 0.039 0.022 0.048 0.037 0.009 0.082 0.064
185 K 0.08 0.052 0.033 0.058 0.061 0.036 0.087 0.039 0.019 0.06 0.06 0.122 0.017 0.031 0.023 0.052 0.061 0.007 0.049 0.055
186 D 0.062 0.031 0.048 0.179 0.012 0.027 0.057 0.045 0.016 0.039 0.082 0.043 0.017 0.021 0.084 0.1 0.075 0.004 0.015 0.043
187 N 0.097 0.038 0.159 0.057 0.013 0.032 0.071 0.055 0.022 0.037 0.077 0.049 0.017 0.022 0.023 0.093 0.072 0.005 0.016 0.045
188 K 0.052 0.078 0.035 0.044 0.01 0.062 0.109 0.035 0.02 0.059 0.061 0.146 0.018 0.058 0.022 0.05 0.06 0.006 0.024 0.051
189 D 0.047 0.043 0.074 0.159 0.01 0.054 0.089 0.04 0.02 0.037 0.059 0.075 0.032 0.059 0.021 0.052 0.06 0.006 0.022 0.04
190 F 0.042 0.028 0.019 0.02 0.012 0.017 0.025 0.025 0.016 0.132 0.14 0.052 0.028 0.178 0.015 0.031 0.044 0.011 0.075 0.089
191 L 0.05 0.022 0.019 0.019 0.063 0.016 0.023 0.027 0.018 0.134 0.163 0.027 0.029 0.093 0.015 0.049 0.037 0.011 0.091 0.093
192 D 0.047 0.043 0.069 0.118 0.01 0.053 0.083 0.037 0.055 0.054 0.117 0.072 0.022 0.026 0.02 0.044 0.036 0.005 0.021 0.067
193 S 0.086 0.074 0.07 0.076 0.013 0.031 0.048 0.046 0.054 0.067 0.06 0.076 0.018 0.023 0.022 0.089 0.047 0.005 0.02 0.075
194 I 0.049 0.02 0.018 0.018 0.015 0.014 0.021 0.024 0.01 0.181 0.158 0.024 0.032 0.114 0.015 0.032 0.061 0.008 0.033 0.154
195 N 0.053 0.036 0.188 0.053 0.012 0.027 0.039 0.048 0.024 0.05 0.085 0.043 0.018 0.034 0.02 0.076 0.07 0.007 0.05 0.067
196 K 0.065 0.133 0.033 0.033 0.01 0.04 0.052 0.037 0.018 0.051 0.07 0.187 0.018 0.019 0.072 0.046 0.037 0.005 0.017 0.056
197 I 0.099 0.025 0.025 0.025 0.065 0.019 0.028 0.039 0.012 0.128 0.097 0.032 0.024 0.067 0.02 0.07 0.091 0.006 0.024 0.104
198 C 0.171 0.025 0.025 0.026 0.214 0.02 0.031 0.053 0.012 0.042 0.058 0.034 0.016 0.02 0.023 0.082 0.069 0.005 0.015 0.059
199 K 0.05 0.178 0.04 0.036 0.008 0.048 0.061 0.038 0.057 0.025 0.042 0.224 0.015 0.017 0.023 0.048 0.035 0.005 0.02 0.03
200 I 0.076 0.022 0.02 0.021 0.015 0.015 0.023 0.031 0.012 0.15 0.145 0.026 0.029 0.15 0.016 0.053 0.039 0.009 0.039 0.11
201 L 0.077 0.022 0.016 0.018 0.016 0.016 0.022 0.027 0.013 0.144 0.173 0.026 0.032 0.085 0.016 0.032 0.038 0.009 0.059 0.159
202 A 0.148 0.031 0.032 0.031 0.018 0.024 0.036 0.05 0.013 0.067 0.071 0.04 0.02 0.024 0.025 0.092 0.143 0.005 0.017 0.111
203 V 0.058 0.019 0.015 0.017 0.017 0.015 0.02 0.022 0.008 0.215 0.139 0.024 0.032 0.037 0.015 0.028 0.044 0.005 0.02 0.248
204 I 0.052 0.019 0.016 0.017 0.016 0.014 0.019 0.046 0.009 0.214 0.193 0.024 0.035 0.041 0.015 0.027 0.039 0.006 0.02 0.179
205 L 0.041 0.021 0.015 0.015 0.062 0.014 0.019 0.023 0.015 0.082 0.247 0.022 0.034 0.165 0.013 0.026 0.029 0.011 0.072 0.072
206 F 0.04 0.021 0.021 0.02 0.012 0.013 0.022 0.028 0.016 0.059 0.1 0.023 0.023 0.335 0.013 0.037 0.075 0.014 0.071 0.056
207 L 0.106 0.023 0.016 0.018 0.017 0.017 0.024 0.032 0.01 0.13 0.226 0.028 0.035 0.04 0.017 0.037 0.04 0.006 0.02 0.157
208 L 0.045 0.024 0.017 0.017 0.015 0.017 0.022 0.023 0.013 0.117 0.311 0.027 0.04 0.056 0.015 0.031 0.057 0.009 0.053 0.093
209 A 0.178 0.032 0.035 0.034 0.018 0.026 0.04 0.059 0.015 0.066 0.063 0.044 0.018 0.023 0.027 0.129 0.102 0.005 0.017 0.069
210 L 0.047 0.021 0.015 0.016 0.016 0.015 0.019 0.021 0.009 0.21 0.232 0.025 0.055 0.045 0.014 0.026 0.037 0.006 0.021 0.151
211 H 0.043 0.041 0.077 0.039 0.009 0.034 0.048 0.038 0.31 0.035 0.045 0.043 0.016 0.028 0.018 0.042 0.03 0.007 0.047 0.05
212 D 0.043 0.035 0.087 0.305 0.007 0.037 0.143 0.044 0.021 0.021 0.029 0.051 0.01 0.015 0.022 0.052 0.036 0.004 0.012 0.025
213 L 0.073 0.022 0.016 0.017 0.015 0.016 0.021 0.026 0.013 0.166 0.207 0.026 0.034 0.069 0.015 0.031 0.036 0.009 0.056 0.131
214 F 0.04 0.019 0.015 0.016 0.013 0.012 0.019 0.023 0.012 0.129 0.18 0.021 0.032 0.229 0.012 0.025 0.031 0.011 0.053 0.109
215 F 0.035 0.02 0.015 0.016 0.012 0.012 0.019 0.023 0.014 0.076 0.197 0.02 0.031 0.305 0.011 0.024 0.027 0.013 0.066 0.064
216 T 0.087 0.04 0.04 0.077 0.013 0.029 0.048 0.044 0.055 0.036 0.048 0.072 0.015 0.02 0.106 0.067 0.129 0.005 0.02 0.047
217 P 0.054 0.033 0.025 0.032 0.01 0.044 0.043 0.035 0.014 0.025 0.036 0.058 0.011 0.013 0.442 0.044 0.035 0.003 0.013 0.03
218 W 0.036 0.019 0.015 0.016 0.011 0.012 0.019 0.024 0.013 0.148 0.112 0.021 0.026 0.158 0.011 0.023 0.029 0.161 0.053 0.092
219 F 0.033 0.019 0.016 0.016 0.01 0.012 0.019 0.025 0.019 0.056 0.099 0.02 0.023 0.349 0.01 0.025 0.024 0.067 0.109 0.049
220 P 0.052 0.036 0.031 0.043 0.009 0.032 0.097 0.035 0.071 0.024 0.035 0.06 0.011 0.016 0.318 0.044 0.034 0.004 0.02 0.029
221 K 0.057 0.103 0.071 0.043 0.01 0.063 0.06 0.043 0.021 0.03 0.045 0.176 0.016 0.017 0.025 0.07 0.089 0.005 0.017 0.039
222 G 0.084 0.032 0.06 0.033 0.013 0.045 0.039 0.09 0.02 0.052 0.072 0.041 0.035 0.072 0.069 0.067 0.041 0.008 0.057 0.07
223 D 0.044 0.031 0.088 0.316 0.008 0.031 0.101 0.094 0.019 0.021 0.028 0.046 0.009 0.015 0.021 0.052 0.035 0.004 0.012 0.024
224 F 0.038 0.023 0.021 0.019 0.01 0.015 0.024 0.025 0.058 0.063 0.095 0.024 0.023 0.279 0.012 0.028 0.027 0.016 0.128 0.073
225 R 0.043 0.373 0.037 0.03 0.007 0.046 0.05 0.031 0.022 0.022 0.044 0.115 0.015 0.017 0.019 0.043 0.033 0.006 0.017 0.03
226 Y 0.039 0.025 0.019 0.017 0.01 0.018 0.024 0.023 0.035 0.077 0.113 0.027 0.023 0.138 0.014 0.028 0.028 0.022 0.256 0.063
227 F 0.037 0.019 0.018 0.018 0.01 0.011 0.019 0.075 0.016 0.056 0.101 0.02 0.023 0.374 0.011 0.027 0.025 0.015 0.078 0.05
228 A 0.162 0.03 0.028 0.028 0.017 0.024 0.034 0.05 0.014 0.057 0.09 0.039 0.054 0.066 0.023 0.068 0.113 0.007 0.025 0.07
229 Y 0.042 0.065 0.03 0.073 0.009 0.032 0.094 0.028 0.032 0.041 0.087 0.048 0.019 0.074 0.018 0.037 0.03 0.016 0.182 0.043
230 S 0.102 0.038 0.051 0.046 0.017 0.031 0.049 0.061 0.018 0.031 0.042 0.051 0.015 0.02 0.028 0.237 0.099 0.005 0.017 0.043
231 L 0.051 0.023 0.02 0.02 0.016 0.017 0.023 0.025 0.01 0.161 0.234 0.028 0.036 0.042 0.017 0.037 0.085 0.006 0.02 0.131
232 K 0.052 0.104 0.038 0.043 0.009 0.128 0.1 0.037 0.023 0.032 0.057 0.15 0.035 0.018 0.023 0.05 0.038 0.006 0.018 0.038
233 L 0.043 0.023 0.014 0.015 0.016 0.016 0.019 0.02 0.01 0.11 0.402 0.024 0.047 0.052 0.014 0.023 0.032 0.007 0.021 0.092
234 F 0.041 0.022 0.017 0.017 0.062 0.015 0.02 0.025 0.014 0.085 0.156 0.023 0.069 0.227 0.013 0.028 0.03 0.011 0.053 0.072
235 F 0.034 0.02 0.017 0.017 0.01 0.012 0.02 0.024 0.022 0.057 0.101 0.021 0.023 0.356 0.011 0.025 0.025 0.018 0.137 0.051
236 P 0.062 0.03 0.03 0.032 0.01 0.043 0.039 0.136 0.016 0.026 0.04 0.043 0.012 0.04 0.268 0.064 0.037 0.005 0.033 0.032
237 H 0.042 0.046 0.05 0.037 0.007 0.058 0.056 0.037 0.347 0.022 0.037 0.048 0.015 0.028 0.019 0.042 0.027 0.007 0.051 0.023
238 P 0.054 0.025 0.022 0.03 0.01 0.02 0.035 0.035 0.012 0.025 0.035 0.04 0.01 0.012 0.515 0.042 0.035 0.002 0.012 0.03
239 T 0.072 0.036 0.042 0.042 0.016 0.03 0.068 0.043 0.015 0.046 0.057 0.047 0.018 0.022 0.026 0.102 0.235 0.006 0.017 0.061
240 Y 0.066 0.027 0.022 0.02 0.01 0.021 0.028 0.03 0.056 0.043 0.068 0.031 0.018 0.139 0.016 0.035 0.029 0.023 0.273 0.046
241 L 0.043 0.023 0.014 0.015 0.016 0.016 0.019 0.02 0.01 0.11 0.402 0.024 0.047 0.052 0.014 0.023 0.032 0.007 0.021 0.092
242 A 0.321 0.03 0.024 0.028 0.021 0.024 0.039 0.075 0.014 0.041 0.057 0.043 0.017 0.021 0.028 0.081 0.048 0.005 0.017 0.066
243 A 0.115 0.063 0.06 0.033 0.015 0.025 0.035 0.046 0.016 0.086 0.079 0.045 0.021 0.064 0.021 0.089 0.049 0.006 0.024 0.109
244 A 0.223 0.029 0.028 0.03 0.019 0.024 0.037 0.062 0.015 0.052 0.066 0.04 0.019 0.061 0.025 0.105 0.052 0.006 0.024 0.083
245 C 0.142 0.027 0.025 0.03 0.212 0.024 0.058 0.047 0.013 0.044 0.068 0.036 0.034 0.022 0.022 0.074 0.044 0.005 0.015 0.057
246 I 0.075 0.021 0.016 0.018 0.015 0.015 0.022 0.027 0.013 0.178 0.153 0.026 0.031 0.085 0.015 0.032 0.038 0.009 0.059 0.153
247 I 0.051 0.024 0.023 0.023 0.015 0.018 0.025 0.028 0.011 0.163 0.153 0.03 0.047 0.075 0.017 0.044 0.108 0.007 0.026 0.111
248 L 0.049 0.021 0.015 0.016 0.162 0.015 0.019 0.025 0.011 0.093 0.227 0.024 0.057 0.077 0.014 0.03 0.033 0.007 0.025 0.08
249 I 0.075 0.021 0.016 0.018 0.016 0.016 0.021 0.026 0.01 0.203 0.198 0.026 0.051 0.042 0.016 0.031 0.039 0.006 0.02 0.148
250 L 0.085 0.022 0.02 0.021 0.114 0.016 0.024 0.033 0.011 0.125 0.13 0.027 0.027 0.07 0.017 0.057 0.042 0.006 0.024 0.13
251 V 0.056 0.021 0.019 0.02 0.016 0.016 0.023 0.025 0.01 0.167 0.119 0.027 0.028 0.071 0.066 0.035 0.064 0.006 0.025 0.186
252 L 0.043 0.025 0.047 0.022 0.015 0.018 0.023 0.025 0.012 0.119 0.32 0.028 0.057 0.047 0.014 0.029 0.035 0.007 0.021 0.093
253 I 0.111 0.023 0.023 0.024 0.065 0.019 0.026 0.088 0.012 0.148 0.107 0.031 0.041 0.031 0.019 0.063 0.043 0.005 0.017 0.101
254 L 0.099 0.024 0.018 0.019 0.014 0.018 0.025 0.033 0.021 0.095 0.151 0.029 0.027 0.101 0.017 0.038 0.035 0.013 0.124 0.097
255 K 0.063 0.081 0.101 0.045 0.012 0.033 0.046 0.096 0.019 0.055 0.052 0.104 0.016 0.02 0.023 0.095 0.071 0.005 0.016 0.048
256 N 0.043 0.033 0.149 0.042 0.011 0.026 0.034 0.039 0.026 0.058 0.143 0.038 0.057 0.052 0.017 0.044 0.038 0.01 0.084 0.055
257 S 0.069 0.081 0.044 0.082 0.011 0.048 0.083 0.07 0.022 0.027 0.041 0.096 0.014 0.028 0.024 0.119 0.049 0.007 0.049 0.034
258 I 0.044 0.021 0.017 0.018 0.014 0.016 0.021 0.022 0.021 0.201 0.133 0.026 0.03 0.072 0.015 0.027 0.035 0.013 0.122 0.132
259 R 0.053 0.144 0.136 0.05 0.011 0.036 0.046 0.047 0.023 0.033 0.047 0.072 0.015 0.019 0.022 0.068 0.113 0.005 0.017 0.042
260 D 0.061 0.037 0.058 0.235 0.01 0.039 0.134 0.048 0.02 0.024 0.033 0.054 0.012 0.017 0.025 0.096 0.047 0.004 0.014 0.03
261 D 0.042 0.027 0.041 0.208 0.012 0.023 0.055 0.034 0.014 0.068 0.204 0.035 0.029 0.035 0.018 0.038 0.034 0.005 0.017 0.06
262 K 0.057 0.107 0.042 0.042 0.009 0.054 0.071 0.043 0.021 0.028 0.043 0.276 0.016 0.016 0.028 0.054 0.04 0.005 0.017 0.033
263 V 0.07 0.022 0.017 0.018 0.019 0.017 0.023 0.025 0.008 0.165 0.131 0.026 0.032 0.036 0.017 0.033 0.05 0.006 0.021 0.267
264 Y 0.055 0.047 0.032 0.036 0.011 0.033 0.072 0.035 0.027 0.064 0.064 0.099 0.018 0.056 0.021 0.068 0.065 0.012 0.127 0.056
265 N 0.05 0.07 0.139 0.088 0.118 0.028 0.043 0.099 0.06 0.026 0.039 0.048 0.012 0.019 0.018 0.051 0.037 0.005 0.018 0.032
266 K 0.047 0.164 0.068 0.038 0.009 0.043 0.054 0.038 0.057 0.033 0.077 0.17 0.018 0.021 0.021 0.046 0.036 0.005 0.021 0.035
267 K 0.058 0.125 0.076 0.081 0.01 0.041 0.059 0.046 0.057 0.025 0.039 0.14 0.014 0.018 0.023 0.09 0.044 0.005 0.02 0.03
268 N 0.041 0.037 0.257 0.142 0.009 0.03 0.052 0.055 0.026 0.05 0.043 0.047 0.013 0.019 0.019 0.059 0.044 0.004 0.015 0.04
269 L 0.045 0.023 0.019 0.019 0.014 0.018 0.022 0.025 0.016 0.142 0.161 0.027 0.063 0.125 0.015 0.033 0.058 0.01 0.066 0.099
270 L 0.044 0.037 0.021 0.021 0.012 0.022 0.029 0.026 0.018 0.133 0.135 0.08 0.027 0.124 0.016 0.031 0.033 0.011 0.081 0.098
271 Y 0.045 0.027 0.023 0.02 0.01 0.02 0.028 0.027 0.036 0.049 0.101 0.03 0.021 0.136 0.016 0.051 0.032 0.022 0.255 0.05
272 I 0.046 0.02 0.015 0.017 0.015 0.016 0.019 0.021 0.01 0.242 0.19 0.025 0.069 0.044 0.014 0.026 0.038 0.006 0.021 0.145
273 I 0.06 0.02 0.015 0.017 0.015 0.014 0.02 0.025 0.01 0.19 0.156 0.024 0.031 0.079 0.014 0.028 0.037 0.058 0.031 0.157
274 L 0.049 0.026 0.017 0.017 0.064 0.021 0.023 0.025 0.013 0.115 0.226 0.029 0.125 0.045 0.015 0.031 0.036 0.007 0.021 0.094
275 L 0.076 0.024 0.023 0.059 0.064 0.019 0.029 0.081 0.012 0.077 0.237 0.029 0.048 0.038 0.017 0.037 0.034 0.006 0.018 0.072
276 S 0.09 0.032 0.037 0.034 0.016 0.025 0.038 0.047 0.015 0.056 0.139 0.041 0.024 0.048 0.023 0.143 0.103 0.006 0.021 0.061
277 F 0.075 0.021 0.02 0.02 0.087 0.015 0.023 0.033 0.014 0.082 0.125 0.025 0.025 0.202 0.015 0.055 0.036 0.01 0.047 0.069
278 V 0.063 0.02 0.015 0.017 0.018 0.015 0.021 0.023 0.008 0.186 0.132 0.024 0.031 0.036 0.015 0.03 0.045 0.005 0.02 0.274
279 A 0.112 0.028 0.028 0.027 0.016 0.023 0.03 0.09 0.013 0.105 0.103 0.036 0.056 0.03 0.021 0.059 0.111 0.006 0.018 0.087
280 I 0.072 0.019 0.016 0.018 0.015 0.014 0.02 0.027 0.011 0.194 0.161 0.024 0.032 0.115 0.015 0.03 0.037 0.008 0.033 0.141
281 L 0.048 0.028 0.021 0.02 0.015 0.022 0.026 0.028 0.014 0.084 0.186 0.031 0.113 0.117 0.016 0.039 0.071 0.009 0.034 0.079
282 T 0.072 0.034 0.042 0.036 0.017 0.027 0.038 0.043 0.013 0.05 0.061 0.044 0.019 0.023 0.027 0.097 0.269 0.006 0.017 0.067
283 F 0.039 0.02 0.018 0.017 0.012 0.012 0.019 0.074 0.014 0.069 0.174 0.021 0.029 0.283 0.012 0.027 0.027 0.013 0.062 0.06
284 R 0.043 0.373 0.037 0.03 0.007 0.046 0.05 0.031 0.022 0.022 0.044 0.115 0.015 0.017 0.019 0.043 0.033 0.006 0.017 0.03
285 S 0.116 0.034 0.071 0.041 0.015 0.027 0.041 0.105 0.02 0.033 0.046 0.045 0.015 0.03 0.025 0.141 0.091 0.007 0.049 0.045
286 K 0.055 0.102 0.04 0.04 0.008 0.051 0.068 0.041 0.02 0.026 0.041 0.309 0.015 0.015 0.026 0.051 0.038 0.005 0.017 0.031
287 A 0.321 0.03 0.024 0.028 0.021 0.024 0.039 0.075 0.014 0.041 0.057 0.043 0.017 0.021 0.028 0.081 0.048 0.005 0.017 0.066
288 I 0.052 0.018 0.015 0.017 0.016 0.014 0.019 0.021 0.008 0.259 0.15 0.023 0.034 0.04 0.015 0.026 0.041 0.006 0.02 0.208
289 A 0.244 0.027 0.026 0.028 0.018 0.022 0.034 0.161 0.013 0.063 0.061 0.039 0.017 0.022 0.025 0.069 0.043 0.005 0.016 0.068
290 G 0.16 0.024 0.026 0.026 0.014 0.018 0.028 0.197 0.014 0.04 0.064 0.032 0.017 0.137 0.02 0.055 0.035 0.008 0.035 0.049
291 V 0.109 0.023 0.018 0.019 0.017 0.018 0.025 0.034 0.011 0.14 0.121 0.028 0.044 0.072 0.017 0.04 0.043 0.007 0.026 0.188
292 L 0.102 0.022 0.017 0.019 0.016 0.016 0.024 0.033 0.012 0.096 0.162 0.026 0.029 0.149 0.016 0.038 0.037 0.009 0.039 0.137
293 C 0.057 0.02 0.018 0.018 0.163 0.015 0.02 0.026 0.009 0.132 0.162 0.025 0.029 0.034 0.016 0.036 0.062 0.005 0.017 0.135
294 I 0.049 0.022 0.02 0.02 0.014 0.016 0.023 0.026 0.018 0.141 0.14 0.026 0.028 0.131 0.015 0.049 0.037 0.012 0.098 0.113
295 L 0.037 0.022 0.015 0.015 0.012 0.015 0.021 0.024 0.015 0.084 0.222 0.023 0.032 0.097 0.012 0.024 0.028 0.162 0.073 0.068
296 L 0.045 0.024 0.018 0.018 0.015 0.018 0.022 0.025 0.012 0.111 0.243 0.027 0.069 0.119 0.015 0.032 0.057 0.009 0.034 0.089
297 L 0.042 0.02 0.014 0.016 0.014 0.013 0.018 0.021 0.01 0.177 0.247 0.022 0.038 0.121 0.013 0.024 0.033 0.008 0.033 0.115
298 Y 0.038 0.028 0.053 0.024 0.009 0.021 0.028 0.028 0.04 0.038 0.061 0.031 0.017 0.108 0.015 0.033 0.028 0.073 0.286 0.041
299 L 0.042 0.019 0.015 0.016 0.014 0.013 0.018 0.021 0.011 0.175 0.204 0.022 0.035 0.156 0.013 0.024 0.033 0.009 0.04 0.121
300 L 0.069 0.023 0.018 0.018 0.013 0.017 0.024 0.028 0.022 0.075 0.166 0.026 0.028 0.159 0.015 0.032 0.032 0.015 0.134 0.086
301 F 0.041 0.021 0.016 0.016 0.013 0.014 0.02 0.022 0.017 0.126 0.173 0.023 0.031 0.186 0.013 0.026 0.031 0.013 0.092 0.107
302 V 0.083 0.022 0.017 0.018 0.017 0.016 0.023 0.029 0.01 0.122 0.143 0.025 0.029 0.11 0.016 0.034 0.041 0.008 0.033 0.207
303 K 0.078 0.117 0.029 0.028 0.012 0.034 0.043 0.035 0.019 0.079 0.078 0.131 0.029 0.034 0.021 0.044 0.038 0.008 0.051 0.093
304 L 0.042 0.031 0.018 0.018 0.013 0.019 0.025 0.024 0.016 0.103 0.228 0.053 0.05 0.126 0.015 0.028 0.032 0.01 0.066 0.081
305 K 0.051 0.118 0.101 0.047 0.008 0.047 0.062 0.045 0.022 0.025 0.039 0.238 0.014 0.015 0.024 0.053 0.039 0.005 0.016 0.03
306 L 0.075 0.035 0.085 0.032 0.014 0.023 0.032 0.037 0.016 0.082 0.172 0.06 0.028 0.071 0.018 0.042 0.04 0.007 0.025 0.108
307 K 0.052 0.132 0.036 0.041 0.008 0.065 0.087 0.037 0.02 0.025 0.04 0.171 0.014 0.015 0.122 0.048 0.036 0.005 0.016 0.031
308 I 0.047 0.018 0.015 0.018 0.016 0.013 0.018 0.021 0.009 0.269 0.168 0.024 0.037 0.044 0.015 0.025 0.04 0.006 0.021 0.177
309 S 0.073 0.036 0.103 0.046 0.013 0.028 0.043 0.052 0.056 0.057 0.057 0.045 0.017 0.062 0.022 0.149 0.057 0.006 0.027 0.05
310 K 0.048 0.106 0.033 0.032 0.009 0.04 0.052 0.035 0.021 0.039 0.087 0.204 0.019 0.07 0.022 0.043 0.034 0.009 0.057 0.041
311 L 0.052 0.03 0.022 0.022 0.014 0.019 0.026 0.076 0.012 0.125 0.189 0.055 0.031 0.074 0.017 0.036 0.059 0.007 0.025 0.109
312 L 0.048 0.025 0.021 0.021 0.013 0.019 0.027 0.027 0.049 0.082 0.157 0.029 0.044 0.11 0.114 0.032 0.034 0.008 0.035 0.106
313 I 0.045 0.018 0.014 0.016 0.016 0.013 0.017 0.02 0.009 0.264 0.209 0.023 0.038 0.044 0.014 0.024 0.037 0.006 0.02 0.154
314 G 0.068 0.021 0.026 0.024 0.012 0.015 0.022 0.254 0.014 0.058 0.102 0.027 0.02 0.16 0.015 0.038 0.029 0.009 0.038 0.05
315 L 0.048 0.02 0.016 0.018 0.015 0.015 0.019 0.071 0.009 0.19 0.242 0.024 0.037 0.043 0.014 0.027 0.035 0.006 0.019 0.13
316 G 0.076 0.024 0.028 0.028 0.013 0.019 0.027 0.184 0.013 0.092 0.104 0.032 0.021 0.065 0.068 0.071 0.039 0.006 0.022 0.068
317 G 0.151 0.028 0.034 0.032 0.015 0.022 0.033 0.25 0.014 0.036 0.076 0.038 0.016 0.022 0.023 0.097 0.045 0.005 0.015 0.046
318 I 0.082 0.024 0.027 0.026 0.015 0.018 0.027 0.109 0.013 0.11 0.09 0.031 0.022 0.104 0.019 0.053 0.107 0.008 0.03 0.083
319 I 0.053 0.019 0.02 0.02 0.038 0.014 0.019 0.149 0.01 0.168 0.14 0.025 0.028 0.072 0.015 0.031 0.034 0.007 0.024 0.114
320 L 0.09 0.025 0.027 0.026 0.015 0.02 0.028 0.136 0.012 0.107 0.172 0.033 0.028 0.033 0.019 0.08 0.043 0.006 0.017 0.081
