#Seq2Logo.py -f /work3/idamei/ssn-clusterings/clustering/2205111339/clusters/0014_357/sequences.afa -o /work3/idamei/ssn-clusterings/clustering/2205111339/clusters/0014_357/sequences.logo
#Position Specific Frequency Matrix
A R N D C Q E G H I L K M F P S T W Y V
0 M 0.05 0.03 0.019 0.019 0.015 0.027 0.027 0.027 0.015 0.095 0.187 0.034 0.202 0.046 0.015 0.034 0.038 0.008 0.023 0.088
1 I 0.055 0.073 0.033 0.072 0.012 0.035 0.093 0.034 0.017 0.103 0.085 0.095 0.036 0.026 0.02 0.059 0.041 0.005 0.017 0.089
2 G 0.078 0.039 0.09 0.074 0.012 0.046 0.046 0.108 0.018 0.078 0.062 0.067 0.018 0.022 0.021 0.058 0.082 0.005 0.016 0.062
3 L 0.051 0.037 0.026 0.035 0.064 0.031 0.091 0.03 0.015 0.079 0.13 0.066 0.041 0.033 0.018 0.042 0.06 0.059 0.023 0.067
4 L 0.082 0.036 0.068 0.05 0.012 0.035 0.127 0.038 0.023 0.051 0.138 0.048 0.023 0.041 0.02 0.048 0.037 0.008 0.061 0.053
5 E 0.049 0.052 0.078 0.054 0.01 0.041 0.126 0.036 0.02 0.078 0.111 0.107 0.022 0.026 0.021 0.046 0.038 0.005 0.018 0.061
6 E 0.063 0.042 0.042 0.063 0.012 0.046 0.171 0.039 0.02 0.037 0.05 0.06 0.016 0.02 0.026 0.073 0.145 0.006 0.017 0.051
7 V 0.069 0.022 0.016 0.018 0.019 0.016 0.023 0.025 0.008 0.163 0.129 0.026 0.031 0.035 0.016 0.033 0.049 0.005 0.02 0.274
8 K 0.057 0.107 0.041 0.041 0.009 0.053 0.07 0.043 0.021 0.027 0.043 0.282 0.015 0.015 0.027 0.053 0.04 0.005 0.017 0.033
9 K 0.057 0.107 0.041 0.041 0.009 0.053 0.07 0.043 0.021 0.027 0.043 0.282 0.015 0.015 0.027 0.053 0.04 0.005 0.017 0.033
10 L 0.052 0.032 0.02 0.02 0.016 0.028 0.028 0.028 0.016 0.1 0.196 0.036 0.165 0.048 0.016 0.036 0.04 0.008 0.024 0.092
11 T 0.073 0.035 0.043 0.037 0.018 0.027 0.039 0.043 0.014 0.053 0.065 0.045 0.02 0.024 0.027 0.092 0.25 0.006 0.018 0.071
12 I 0.047 0.018 0.015 0.018 0.016 0.013 0.018 0.02 0.009 0.275 0.167 0.023 0.037 0.044 0.015 0.025 0.04 0.006 0.02 0.176
13 E 0.055 0.049 0.04 0.09 0.007 0.064 0.3 0.035 0.026 0.022 0.037 0.075 0.013 0.017 0.026 0.055 0.037 0.005 0.017 0.031
14 Q 0.056 0.073 0.044 0.047 0.009 0.219 0.102 0.041 0.029 0.026 0.047 0.091 0.02 0.015 0.023 0.056 0.041 0.006 0.02 0.035
15 F 0.034 0.019 0.017 0.017 0.011 0.011 0.019 0.025 0.017 0.063 0.114 0.019 0.025 0.39 0.011 0.025 0.025 0.017 0.088 0.055
16 E 0.055 0.049 0.04 0.09 0.007 0.064 0.3 0.035 0.026 0.022 0.037 0.075 0.013 0.017 0.026 0.055 0.037 0.005 0.017 0.031
17 N 0.043 0.042 0.221 0.062 0.01 0.046 0.048 0.051 0.08 0.064 0.053 0.049 0.016 0.023 0.019 0.056 0.043 0.005 0.023 0.049
18 L 0.055 0.041 0.026 0.025 0.015 0.026 0.034 0.031 0.014 0.087 0.158 0.079 0.056 0.068 0.019 0.045 0.08 0.007 0.026 0.109
19 N 0.049 0.082 0.183 0.107 0.011 0.032 0.051 0.051 0.023 0.03 0.041 0.057 0.013 0.018 0.022 0.068 0.103 0.005 0.015 0.038
20 K 0.064 0.06 0.129 0.051 0.069 0.037 0.052 0.052 0.021 0.028 0.04 0.137 0.014 0.017 0.024 0.101 0.05 0.005 0.016 0.035
21 K 0.08 0.128 0.035 0.035 0.01 0.044 0.057 0.041 0.018 0.056 0.056 0.219 0.017 0.019 0.024 0.05 0.038 0.005 0.017 0.049
22 K 0.067 0.067 0.07 0.05 0.011 0.043 0.093 0.048 0.02 0.028 0.041 0.168 0.014 0.017 0.026 0.11 0.07 0.005 0.016 0.036
23 N 0.073 0.076 0.114 0.047 0.011 0.035 0.069 0.044 0.023 0.04 0.051 0.097 0.016 0.03 0.021 0.055 0.061 0.029 0.048 0.06
24 K 0.066 0.095 0.071 0.06 0.011 0.041 0.058 0.048 0.02 0.028 0.041 0.17 0.015 0.017 0.025 0.109 0.07 0.005 0.016 0.036
25 L 0.06 0.026 0.028 0.026 0.014 0.019 0.027 0.119 0.012 0.086 0.185 0.032 0.028 0.067 0.018 0.07 0.081 0.007 0.023 0.072
26 L 0.051 0.025 0.02 0.02 0.015 0.018 0.024 0.027 0.012 0.091 0.164 0.028 0.059 0.106 0.015 0.038 0.078 0.052 0.035 0.121
27 G 0.061 0.032 0.056 0.031 0.013 0.023 0.031 0.164 0.016 0.082 0.097 0.057 0.021 0.034 0.019 0.054 0.059 0.007 0.045 0.098
28 L 0.047 0.066 0.021 0.021 0.013 0.024 0.031 0.026 0.015 0.135 0.155 0.082 0.029 0.076 0.016 0.031 0.035 0.008 0.054 0.116
29 L 0.077 0.026 0.02 0.021 0.037 0.038 0.029 0.073 0.012 0.127 0.185 0.032 0.046 0.036 0.017 0.036 0.038 0.006 0.019 0.127
30 L 0.046 0.021 0.014 0.016 0.015 0.014 0.019 0.021 0.01 0.165 0.267 0.023 0.039 0.078 0.014 0.025 0.035 0.007 0.026 0.145
31 A 0.195 0.027 0.022 0.024 0.061 0.021 0.031 0.052 0.015 0.059 0.122 0.035 0.023 0.036 0.023 0.061 0.062 0.007 0.046 0.078
32 L 0.073 0.02 0.017 0.019 0.015 0.015 0.021 0.071 0.011 0.155 0.167 0.025 0.03 0.103 0.015 0.032 0.036 0.007 0.03 0.137
33 V 0.134 0.024 0.021 0.022 0.104 0.019 0.027 0.041 0.01 0.091 0.113 0.031 0.024 0.028 0.02 0.065 0.046 0.005 0.017 0.157
34 C 0.064 0.018 0.018 0.018 0.381 0.014 0.019 0.032 0.009 0.074 0.074 0.023 0.018 0.023 0.016 0.056 0.04 0.004 0.013 0.085
35 F 0.06 0.02 0.017 0.017 0.012 0.012 0.02 0.028 0.015 0.067 0.131 0.021 0.026 0.335 0.012 0.029 0.028 0.014 0.07 0.068
36 L 0.065 0.023 0.016 0.016 0.014 0.016 0.021 0.027 0.012 0.09 0.279 0.025 0.052 0.144 0.014 0.029 0.032 0.009 0.037 0.079
37 T 0.076 0.036 0.071 0.042 0.016 0.028 0.041 0.049 0.016 0.042 0.053 0.046 0.017 0.021 0.026 0.131 0.21 0.005 0.017 0.057
38 N 0.047 0.036 0.263 0.063 0.054 0.027 0.04 0.053 0.024 0.047 0.049 0.044 0.014 0.02 0.018 0.058 0.046 0.004 0.015 0.077
39 I 0.046 0.019 0.014 0.016 0.016 0.014 0.018 0.02 0.009 0.234 0.232 0.023 0.038 0.044 0.014 0.024 0.037 0.006 0.02 0.157
40 S 0.101 0.038 0.051 0.046 0.017 0.031 0.049 0.061 0.018 0.03 0.042 0.051 0.015 0.02 0.028 0.244 0.096 0.005 0.017 0.042
41 Q 0.053 0.07 0.042 0.045 0.008 0.254 0.098 0.039 0.028 0.025 0.045 0.087 0.02 0.014 0.022 0.053 0.039 0.006 0.02 0.034
42 L 0.043 0.025 0.017 0.017 0.015 0.018 0.022 0.022 0.043 0.118 0.334 0.026 0.057 0.049 0.014 0.026 0.032 0.007 0.024 0.092
43 P 0.054 0.025 0.022 0.029 0.01 0.02 0.034 0.034 0.012 0.025 0.034 0.039 0.01 0.012 0.519 0.042 0.034 0.002 0.012 0.029
44 I 0.051 0.031 0.025 0.03 0.013 0.06 0.062 0.029 0.016 0.142 0.104 0.04 0.026 0.114 0.017 0.053 0.039 0.008 0.033 0.108
45 L 0.041 0.02 0.015 0.016 0.014 0.013 0.019 0.022 0.012 0.129 0.222 0.021 0.035 0.192 0.012 0.024 0.031 0.01 0.045 0.108
46 V 0.078 0.021 0.016 0.017 0.018 0.016 0.023 0.026 0.008 0.151 0.121 0.026 0.029 0.033 0.016 0.033 0.047 0.005 0.019 0.295
47 D 0.069 0.037 0.077 0.19 0.01 0.037 0.134 0.047 0.02 0.026 0.036 0.053 0.012 0.017 0.024 0.093 0.065 0.005 0.014 0.034
48 L 0.079 0.075 0.056 0.031 0.014 0.026 0.033 0.082 0.015 0.069 0.156 0.046 0.04 0.031 0.019 0.067 0.072 0.006 0.018 0.065
49 G 0.067 0.036 0.064 0.038 0.01 0.043 0.038 0.343 0.016 0.021 0.031 0.064 0.011 0.015 0.063 0.059 0.034 0.005 0.012 0.026
50 L 0.072 0.025 0.018 0.019 0.015 0.02 0.024 0.029 0.015 0.142 0.209 0.03 0.078 0.05 0.016 0.042 0.038 0.008 0.049 0.102
51 T 0.075 0.034 0.042 0.037 0.016 0.026 0.039 0.045 0.015 0.046 0.06 0.043 0.018 0.056 0.025 0.127 0.208 0.006 0.023 0.059
52 S 0.071 0.099 0.044 0.042 0.012 0.112 0.067 0.047 0.022 0.028 0.044 0.094 0.017 0.017 0.025 0.126 0.073 0.005 0.018 0.038
53 L 0.049 0.031 0.023 0.023 0.013 0.021 0.029 0.028 0.015 0.091 0.147 0.053 0.041 0.105 0.059 0.04 0.075 0.009 0.057 0.091
54 L 0.046 0.021 0.014 0.016 0.015 0.014 0.019 0.021 0.01 0.163 0.273 0.023 0.039 0.077 0.014 0.025 0.035 0.007 0.026 0.143
55 S 0.152 0.035 0.068 0.043 0.016 0.029 0.044 0.105 0.018 0.03 0.042 0.047 0.014 0.019 0.027 0.182 0.063 0.005 0.016 0.044
56 I 0.07 0.059 0.021 0.021 0.014 0.023 0.029 0.029 0.016 0.148 0.121 0.059 0.055 0.074 0.017 0.035 0.037 0.008 0.053 0.115
57 P 0.074 0.023 0.019 0.024 0.013 0.018 0.028 0.032 0.011 0.115 0.106 0.033 0.021 0.025 0.268 0.038 0.037 0.004 0.016 0.095
58 L 0.099 0.023 0.021 0.022 0.015 0.018 0.025 0.117 0.011 0.112 0.171 0.03 0.042 0.034 0.059 0.04 0.037 0.006 0.018 0.101
59 W 0.029 0.022 0.014 0.014 0.007 0.014 0.022 0.029 0.014 0.029 0.05 0.022 0.014 0.057 0.007 0.022 0.022 0.519 0.065 0.029
60 I 0.072 0.019 0.015 0.017 0.016 0.014 0.02 0.025 0.009 0.211 0.158 0.024 0.032 0.07 0.015 0.03 0.039 0.006 0.025 0.178
61 L 0.085 0.022 0.022 0.022 0.057 0.017 0.024 0.116 0.01 0.121 0.143 0.029 0.027 0.032 0.017 0.055 0.041 0.005 0.017 0.137
62 L 0.114 0.025 0.018 0.019 0.015 0.018 0.025 0.035 0.015 0.081 0.199 0.029 0.045 0.109 0.017 0.04 0.036 0.009 0.058 0.092
63 F 0.115 0.023 0.02 0.021 0.015 0.017 0.025 0.037 0.013 0.091 0.147 0.028 0.027 0.162 0.017 0.044 0.056 0.009 0.04 0.094
64 L 0.052 0.023 0.017 0.018 0.016 0.017 0.022 0.024 0.01 0.127 0.309 0.026 0.04 0.045 0.015 0.044 0.039 0.006 0.02 0.129
65 L 0.065 0.021 0.017 0.017 0.014 0.015 0.021 0.026 0.017 0.134 0.161 0.025 0.029 0.149 0.014 0.03 0.033 0.012 0.091 0.108
66 L 0.046 0.02 0.014 0.016 0.057 0.015 0.018 0.021 0.009 0.202 0.236 0.024 0.051 0.044 0.014 0.026 0.035 0.006 0.02 0.126
67 C 0.065 0.016 0.016 0.016 0.482 0.012 0.016 0.033 0.008 0.045 0.065 0.02 0.016 0.02 0.016 0.041 0.037 0.004 0.012 0.057
68 L 0.069 0.022 0.016 0.017 0.015 0.015 0.021 0.026 0.011 0.103 0.233 0.024 0.034 0.136 0.014 0.03 0.035 0.009 0.036 0.133
69 L 0.049 0.024 0.019 0.02 0.014 0.017 0.024 0.027 0.015 0.101 0.205 0.028 0.046 0.11 0.057 0.047 0.036 0.009 0.058 0.095
70 K 0.099 0.065 0.033 0.037 0.053 0.038 0.074 0.044 0.017 0.034 0.052 0.178 0.016 0.05 0.024 0.056 0.058 0.006 0.022 0.043
71 N 0.053 0.076 0.167 0.051 0.011 0.033 0.046 0.047 0.022 0.044 0.076 0.095 0.017 0.022 0.021 0.073 0.065 0.005 0.016 0.06
72 G 0.056 0.111 0.042 0.105 0.01 0.035 0.054 0.13 0.017 0.031 0.07 0.127 0.016 0.019 0.021 0.065 0.038 0.005 0.015 0.034
73 T 0.073 0.036 0.044 0.038 0.018 0.028 0.039 0.044 0.014 0.053 0.065 0.046 0.02 0.024 0.028 0.093 0.245 0.006 0.018 0.071
74 F 0.046 0.035 0.024 0.023 0.011 0.021 0.029 0.112 0.017 0.071 0.111 0.073 0.036 0.136 0.015 0.034 0.03 0.053 0.066 0.057
75 K 0.055 0.163 0.04 0.038 0.009 0.065 0.064 0.04 0.021 0.025 0.042 0.224 0.015 0.016 0.024 0.066 0.04 0.005 0.017 0.032
76 L 0.072 0.02 0.015 0.017 0.016 0.015 0.021 0.026 0.01 0.178 0.2 0.025 0.034 0.072 0.015 0.03 0.038 0.007 0.025 0.165
77 G 0.058 0.036 0.064 0.069 0.011 0.027 0.043 0.082 0.078 0.061 0.058 0.061 0.017 0.055 0.061 0.078 0.041 0.006 0.027 0.065
78 F 0.039 0.022 0.027 0.095 0.011 0.017 0.034 0.028 0.021 0.095 0.097 0.027 0.023 0.196 0.015 0.031 0.03 0.014 0.107 0.07
79 P 0.05 0.035 0.171 0.057 0.01 0.027 0.043 0.051 0.022 0.024 0.034 0.047 0.011 0.015 0.257 0.057 0.043 0.004 0.014 0.029
80 I 0.047 0.018 0.015 0.018 0.016 0.013 0.018 0.021 0.009 0.271 0.168 0.024 0.037 0.044 0.015 0.025 0.04 0.006 0.021 0.177
81 R 0.053 0.137 0.034 0.032 0.01 0.054 0.049 0.077 0.023 0.051 0.055 0.128 0.017 0.036 0.02 0.06 0.037 0.009 0.073 0.044
82 E 0.056 0.072 0.066 0.083 0.01 0.04 0.12 0.04 0.051 0.053 0.059 0.078 0.031 0.022 0.022 0.082 0.043 0.005 0.02 0.046
83 I 0.05 0.023 0.02 0.025 0.014 0.019 0.046 0.066 0.011 0.172 0.164 0.029 0.03 0.068 0.016 0.034 0.056 0.007 0.024 0.125
84 L 0.043 0.061 0.021 0.021 0.012 0.04 0.032 0.026 0.015 0.108 0.182 0.06 0.045 0.132 0.015 0.031 0.033 0.009 0.036 0.079
85 F 0.055 0.038 0.056 0.032 0.012 0.024 0.035 0.081 0.015 0.094 0.08 0.082 0.02 0.095 0.064 0.058 0.04 0.007 0.029 0.084
86 L 0.054 0.025 0.021 0.02 0.015 0.018 0.024 0.072 0.014 0.109 0.239 0.029 0.049 0.049 0.016 0.049 0.038 0.008 0.05 0.102
87 L 0.064 0.022 0.016 0.018 0.013 0.015 0.022 0.027 0.014 0.112 0.203 0.025 0.031 0.142 0.056 0.03 0.032 0.01 0.063 0.083
88 F 0.034 0.019 0.017 0.017 0.011 0.011 0.019 0.025 0.017 0.063 0.114 0.019 0.025 0.39 0.011 0.025 0.025 0.017 0.088 0.055
89 L 0.106 0.031 0.027 0.026 0.015 0.022 0.032 0.082 0.014 0.086 0.108 0.056 0.023 0.092 0.02 0.078 0.044 0.007 0.028 0.103
90 L 0.074 0.024 0.019 0.02 0.056 0.019 0.025 0.03 0.014 0.115 0.159 0.03 0.057 0.043 0.059 0.039 0.058 0.007 0.046 0.105
91 A 0.152 0.027 0.026 0.026 0.058 0.022 0.031 0.089 0.013 0.08 0.089 0.036 0.05 0.027 0.022 0.073 0.065 0.005 0.017 0.091
92 L 0.055 0.024 0.021 0.021 0.015 0.017 0.025 0.029 0.015 0.106 0.2 0.028 0.032 0.11 0.016 0.065 0.041 0.009 0.058 0.115
93 L 0.077 0.022 0.018 0.02 0.016 0.016 0.023 0.029 0.01 0.154 0.19 0.027 0.033 0.07 0.016 0.05 0.041 0.007 0.025 0.155
94 F 0.033 0.019 0.017 0.016 0.01 0.012 0.019 0.024 0.021 0.057 0.101 0.02 0.023 0.37 0.011 0.025 0.024 0.018 0.129 0.051
95 L 0.103 0.025 0.02 0.021 0.061 0.019 0.026 0.036 0.012 0.1 0.182 0.03 0.045 0.07 0.018 0.058 0.041 0.007 0.025 0.101
96 L 0.119 0.022 0.017 0.019 0.017 0.017 0.024 0.035 0.01 0.15 0.162 0.028 0.03 0.068 0.018 0.04 0.04 0.006 0.024 0.154
97 F 0.073 0.022 0.021 0.02 0.058 0.016 0.023 0.121 0.016 0.06 0.142 0.027 0.04 0.145 0.015 0.036 0.031 0.01 0.065 0.058
98 L 0.05 0.027 0.021 0.021 0.014 0.039 0.029 0.026 0.015 0.129 0.168 0.032 0.046 0.08 0.016 0.035 0.059 0.009 0.056 0.128
99 F 0.071 0.02 0.018 0.018 0.059 0.014 0.021 0.074 0.012 0.093 0.152 0.024 0.027 0.173 0.014 0.033 0.032 0.009 0.042 0.092
100 L 0.047 0.021 0.016 0.017 0.015 0.015 0.02 0.022 0.01 0.187 0.227 0.024 0.036 0.074 0.015 0.029 0.056 0.007 0.025 0.136
101 A 0.176 0.033 0.032 0.032 0.016 0.043 0.041 0.097 0.018 0.038 0.056 0.044 0.017 0.061 0.024 0.097 0.066 0.008 0.05 0.052
102 S 0.096 0.067 0.04 0.046 0.014 0.035 0.095 0.049 0.018 0.032 0.046 0.056 0.015 0.023 0.024 0.132 0.095 0.052 0.021 0.043
103 L 0.043 0.019 0.014 0.016 0.015 0.014 0.018 0.02 0.009 0.205 0.259 0.023 0.039 0.077 0.013 0.023 0.034 0.007 0.026 0.126
104 F 0.045 0.019 0.015 0.016 0.014 0.013 0.019 0.022 0.012 0.15 0.15 0.021 0.03 0.198 0.013 0.026 0.034 0.01 0.047 0.148
105 T 0.061 0.069 0.101 0.043 0.014 0.028 0.04 0.045 0.018 0.041 0.056 0.05 0.017 0.06 0.023 0.09 0.163 0.006 0.023 0.051
106 N 0.05 0.035 0.196 0.092 0.009 0.03 0.067 0.173 0.025 0.022 0.032 0.045 0.011 0.025 0.019 0.056 0.038 0.006 0.042 0.027
107 D 0.041 0.03 0.069 0.397 0.008 0.03 0.091 0.047 0.019 0.022 0.028 0.045 0.009 0.015 0.022 0.052 0.035 0.004 0.011 0.024
108 N 0.042 0.04 0.189 0.051 0.01 0.027 0.039 0.044 0.052 0.08 0.091 0.063 0.019 0.058 0.018 0.048 0.04 0.006 0.025 0.057
109 S 0.089 0.043 0.097 0.112 0.012 0.05 0.059 0.054 0.02 0.026 0.037 0.073 0.013 0.017 0.066 0.125 0.052 0.004 0.015 0.035
110 Y 0.041 0.028 0.025 0.02 0.009 0.022 0.028 0.067 0.07 0.038 0.059 0.031 0.017 0.107 0.015 0.032 0.027 0.023 0.3 0.041
111 L 0.047 0.028 0.023 0.022 0.013 0.037 0.031 0.029 0.02 0.067 0.186 0.032 0.029 0.147 0.016 0.052 0.055 0.012 0.091 0.063
112 N 0.083 0.067 0.15 0.055 0.012 0.032 0.068 0.097 0.022 0.05 0.048 0.054 0.015 0.02 0.022 0.093 0.048 0.005 0.016 0.045
113 S 0.092 0.035 0.046 0.041 0.017 0.029 0.044 0.054 0.016 0.044 0.052 0.047 0.017 0.022 0.027 0.198 0.127 0.005 0.017 0.069
114 S 0.127 0.04 0.07 0.049 0.015 0.051 0.075 0.06 0.02 0.029 0.042 0.054 0.015 0.019 0.027 0.18 0.063 0.005 0.017 0.041
115 L 0.047 0.023 0.016 0.017 0.016 0.016 0.021 0.022 0.01 0.142 0.314 0.025 0.041 0.046 0.015 0.029 0.055 0.006 0.02 0.12
116 L 0.052 0.026 0.049 0.027 0.014 0.019 0.027 0.032 0.014 0.094 0.173 0.031 0.043 0.099 0.058 0.055 0.059 0.007 0.03 0.092
117 Y 0.041 0.063 0.052 0.028 0.009 0.062 0.041 0.03 0.033 0.043 0.089 0.046 0.02 0.106 0.016 0.037 0.031 0.017 0.191 0.044
118 P 0.074 0.032 0.062 0.041 0.013 0.026 0.042 0.048 0.016 0.026 0.036 0.045 0.012 0.016 0.273 0.135 0.053 0.004 0.014 0.033
119 F 0.038 0.019 0.016 0.016 0.012 0.012 0.019 0.023 0.016 0.112 0.139 0.021 0.028 0.269 0.012 0.025 0.029 0.013 0.085 0.095
120 F 0.039 0.021 0.017 0.016 0.012 0.014 0.021 0.023 0.021 0.092 0.153 0.023 0.028 0.22 0.013 0.026 0.029 0.015 0.13 0.088
121 L 0.044 0.023 0.014 0.016 0.015 0.017 0.02 0.021 0.01 0.14 0.33 0.025 0.071 0.049 0.014 0.025 0.034 0.007 0.021 0.103
122 S 0.123 0.037 0.049 0.045 0.017 0.031 0.049 0.064 0.018 0.029 0.041 0.051 0.015 0.02 0.028 0.246 0.075 0.005 0.017 0.042
123 V 0.052 0.02 0.015 0.017 0.016 0.015 0.02 0.022 0.01 0.186 0.138 0.024 0.045 0.102 0.014 0.028 0.039 0.007 0.031 0.2
124 F 0.033 0.018 0.016 0.016 0.01 0.01 0.018 0.024 0.015 0.081 0.112 0.018 0.025 0.387 0.01 0.024 0.025 0.015 0.079 0.062
125 I 0.05 0.019 0.015 0.017 0.016 0.015 0.019 0.021 0.009 0.236 0.173 0.024 0.049 0.041 0.014 0.026 0.04 0.006 0.02 0.189
126 F 0.04 0.023 0.017 0.016 0.012 0.016 0.021 0.023 0.021 0.079 0.18 0.024 0.044 0.19 0.013 0.027 0.03 0.015 0.125 0.084
127 F 0.042 0.019 0.015 0.016 0.096 0.012 0.018 0.023 0.012 0.111 0.184 0.02 0.03 0.198 0.012 0.026 0.03 0.01 0.046 0.081
128 L 0.05 0.02 0.015 0.016 0.016 0.015 0.02 0.021 0.009 0.203 0.215 0.024 0.051 0.043 0.014 0.026 0.039 0.006 0.02 0.177
129 G 0.093 0.022 0.034 0.03 0.012 0.018 0.025 0.454 0.013 0.044 0.04 0.032 0.012 0.018 0.018 0.049 0.031 0.005 0.012 0.039
130 F 0.091 0.028 0.077 0.031 0.013 0.021 0.03 0.04 0.023 0.074 0.077 0.033 0.02 0.115 0.018 0.048 0.057 0.012 0.112 0.08
131 F 0.051 0.032 0.08 0.034 0.012 0.041 0.036 0.038 0.021 0.055 0.131 0.038 0.038 0.135 0.017 0.074 0.041 0.01 0.063 0.053
132 A 0.108 0.027 0.027 0.026 0.057 0.021 0.03 0.083 0.018 0.076 0.097 0.034 0.021 0.043 0.02 0.083 0.064 0.009 0.073 0.084
133 G 0.166 0.028 0.036 0.034 0.015 0.023 0.035 0.264 0.015 0.028 0.04 0.04 0.013 0.018 0.024 0.112 0.047 0.005 0.014 0.041
134 G 0.051 0.103 0.094 0.108 0.008 0.052 0.057 0.125 0.02 0.022 0.035 0.103 0.012 0.015 0.062 0.051 0.036 0.005 0.014 0.027
135 Y 0.066 0.097 0.027 0.026 0.01 0.064 0.044 0.033 0.026 0.06 0.07 0.075 0.02 0.112 0.018 0.04 0.033 0.012 0.113 0.052
136 L 0.068 0.021 0.016 0.017 0.015 0.015 0.02 0.026 0.011 0.181 0.183 0.025 0.047 0.104 0.015 0.03 0.036 0.008 0.031 0.132
137 T 0.066 0.035 0.096 0.077 0.014 0.028 0.046 0.048 0.048 0.057 0.054 0.045 0.017 0.022 0.023 0.115 0.131 0.005 0.019 0.054
138 E 0.052 0.082 0.068 0.117 0.009 0.043 0.128 0.041 0.021 0.047 0.046 0.124 0.014 0.018 0.023 0.067 0.04 0.005 0.015 0.041
139 K 0.048 0.056 0.038 0.11 0.008 0.041 0.126 0.035 0.024 0.05 0.051 0.137 0.015 0.035 0.022 0.045 0.034 0.008 0.072 0.043
140 D 0.052 0.041 0.076 0.234 0.01 0.031 0.066 0.043 0.017 0.045 0.046 0.087 0.014 0.018 0.022 0.066 0.041 0.004 0.014 0.073
141 F 0.04 0.049 0.017 0.017 0.054 0.015 0.021 0.023 0.013 0.109 0.182 0.028 0.03 0.197 0.013 0.026 0.03 0.01 0.046 0.079
142 D 0.048 0.105 0.067 0.111 0.008 0.057 0.105 0.08 0.021 0.025 0.042 0.106 0.014 0.049 0.021 0.048 0.035 0.006 0.021 0.03
143 N 0.07 0.067 0.109 0.039 0.012 0.029 0.039 0.041 0.049 0.087 0.103 0.068 0.036 0.028 0.019 0.05 0.06 0.006 0.021 0.067
144 L 0.053 0.02 0.015 0.016 0.099 0.015 0.019 0.023 0.009 0.159 0.198 0.024 0.048 0.039 0.015 0.029 0.038 0.006 0.019 0.158
145 A 0.171 0.025 0.024 0.025 0.099 0.02 0.03 0.092 0.016 0.046 0.088 0.034 0.019 0.064 0.021 0.072 0.041 0.008 0.049 0.057
146 L 0.07 0.045 0.052 0.03 0.013 0.027 0.037 0.036 0.016 0.078 0.137 0.102 0.039 0.094 0.019 0.045 0.057 0.007 0.029 0.066
147 A 0.176 0.027 0.027 0.028 0.017 0.021 0.033 0.094 0.014 0.059 0.071 0.036 0.019 0.089 0.022 0.09 0.047 0.007 0.028 0.096
148 Y 0.038 0.027 0.021 0.018 0.009 0.021 0.027 0.024 0.044 0.041 0.065 0.03 0.018 0.124 0.015 0.03 0.027 0.027 0.353 0.044
149 V 0.077 0.02 0.015 0.018 0.017 0.015 0.021 0.026 0.009 0.206 0.156 0.025 0.032 0.038 0.016 0.032 0.042 0.005 0.019 0.211
150 I 0.096 0.022 0.019 0.021 0.016 0.017 0.024 0.032 0.01 0.208 0.174 0.028 0.032 0.038 0.017 0.053 0.042 0.006 0.019 0.127
151 S 0.115 0.033 0.045 0.041 0.015 0.027 0.042 0.182 0.017 0.027 0.038 0.046 0.014 0.019 0.026 0.193 0.063 0.005 0.015 0.038
152 A 0.193 0.031 0.033 0.032 0.019 0.025 0.039 0.058 0.014 0.051 0.061 0.042 0.018 0.022 0.027 0.109 0.122 0.005 0.017 0.082
153 L 0.099 0.024 0.021 0.021 0.058 0.018 0.025 0.034 0.011 0.103 0.17 0.029 0.029 0.066 0.018 0.046 0.079 0.006 0.024 0.119
154 I 0.075 0.021 0.017 0.019 0.017 0.016 0.022 0.027 0.009 0.194 0.175 0.027 0.033 0.038 0.016 0.036 0.06 0.006 0.019 0.173
155 V 0.063 0.022 0.017 0.018 0.018 0.016 0.023 0.024 0.009 0.139 0.166 0.026 0.032 0.036 0.016 0.035 0.064 0.005 0.02 0.251
156 A 0.21 0.03 0.034 0.033 0.059 0.025 0.039 0.105 0.015 0.035 0.049 0.042 0.015 0.02 0.026 0.134 0.055 0.005 0.016 0.052
157 L 0.041 0.02 0.014 0.015 0.014 0.014 0.018 0.021 0.01 0.168 0.275 0.022 0.039 0.11 0.013 0.023 0.032 0.008 0.031 0.11
158 N 0.104 0.033 0.118 0.11 0.013 0.027 0.048 0.055 0.019 0.053 0.053 0.043 0.016 0.053 0.022 0.107 0.05 0.006 0.021 0.049
159 I 0.054 0.021 0.017 0.018 0.016 0.015 0.021 0.023 0.009 0.203 0.181 0.025 0.034 0.039 0.015 0.031 0.06 0.006 0.02 0.193
160 Y 0.036 0.024 0.019 0.017 0.009 0.017 0.024 0.024 0.035 0.045 0.075 0.026 0.019 0.192 0.013 0.028 0.026 0.065 0.262 0.045
161 F 0.045 0.024 0.018 0.019 0.013 0.033 0.026 0.024 0.016 0.121 0.112 0.027 0.026 0.201 0.014 0.029 0.033 0.012 0.074 0.133
162 E 0.065 0.048 0.042 0.056 0.011 0.096 0.153 0.042 0.021 0.031 0.045 0.065 0.016 0.018 0.025 0.096 0.106 0.005 0.017 0.042
163 Y 0.041 0.024 0.019 0.017 0.011 0.018 0.024 0.024 0.031 0.081 0.095 0.027 0.037 0.152 0.014 0.029 0.03 0.02 0.225 0.081
164 F 0.038 0.02 0.016 0.016 0.012 0.012 0.019 0.023 0.016 0.095 0.16 0.021 0.029 0.27 0.012 0.025 0.029 0.014 0.085 0.089
165 R 0.078 0.12 0.035 0.032 0.013 0.048 0.043 0.082 0.017 0.067 0.088 0.061 0.02 0.024 0.021 0.105 0.048 0.005 0.017 0.073
166 G 0.064 0.025 0.09 0.038 0.011 0.02 0.028 0.356 0.016 0.035 0.044 0.034 0.013 0.054 0.017 0.048 0.033 0.006 0.019 0.052
167 G 0.067 0.028 0.107 0.043 0.011 0.022 0.031 0.373 0.017 0.023 0.032 0.038 0.01 0.017 0.019 0.057 0.06 0.005 0.012 0.029
168 F 0.113 0.027 0.048 0.03 0.014 0.022 0.053 0.04 0.018 0.08 0.11 0.034 0.023 0.134 0.018 0.045 0.037 0.01 0.062 0.085
169 D 0.052 0.03 0.061 0.332 0.01 0.029 0.076 0.047 0.017 0.025 0.032 0.044 0.011 0.016 0.023 0.088 0.062 0.004 0.012 0.03
170 A 0.292 0.031 0.026 0.03 0.022 0.026 0.04 0.078 0.015 0.043 0.059 0.044 0.017 0.022 0.03 0.085 0.05 0.005 0.017 0.069
171 L 0.043 0.022 0.015 0.016 0.014 0.016 0.021 0.023 0.011 0.141 0.196 0.025 0.061 0.048 0.012 0.025 0.033 0.134 0.032 0.112
172 S 0.069 0.035 0.092 0.047 0.013 0.029 0.064 0.089 0.021 0.033 0.048 0.045 0.015 0.061 0.023 0.125 0.091 0.008 0.049 0.041
173 S 0.122 0.032 0.068 0.073 0.015 0.026 0.044 0.139 0.017 0.038 0.045 0.044 0.015 0.02 0.024 0.142 0.056 0.005 0.015 0.061
174 R 0.096 0.151 0.029 0.032 0.012 0.034 0.063 0.079 0.017 0.067 0.09 0.086 0.02 0.023 0.02 0.047 0.037 0.005 0.017 0.075
175 V 0.062 0.039 0.031 0.035 0.014 0.082 0.071 0.034 0.016 0.093 0.106 0.049 0.025 0.026 0.021 0.066 0.084 0.006 0.019 0.124
176 Y 0.038 0.027 0.021 0.018 0.009 0.021 0.027 0.024 0.044 0.041 0.065 0.03 0.018 0.124 0.015 0.03 0.027 0.027 0.353 0.044
177 A 0.212 0.026 0.02 0.023 0.019 0.021 0.031 0.052 0.012 0.077 0.155 0.035 0.026 0.031 0.022 0.058 0.043 0.006 0.018 0.112
178 Y 0.038 0.027 0.021 0.018 0.009 0.021 0.027 0.024 0.044 0.041 0.065 0.03 0.018 0.124 0.015 0.03 0.027 0.027 0.353 0.044
179 G 0.132 0.063 0.066 0.072 0.014 0.047 0.048 0.136 0.018 0.03 0.042 0.052 0.014 0.018 0.024 0.097 0.066 0.005 0.015 0.042
180 S 0.1 0.037 0.049 0.045 0.016 0.03 0.048 0.06 0.018 0.028 0.039 0.05 0.014 0.019 0.069 0.242 0.074 0.005 0.016 0.039
181 K 0.054 0.102 0.039 0.039 0.008 0.051 0.067 0.041 0.02 0.026 0.041 0.316 0.015 0.015 0.026 0.051 0.038 0.005 0.016 0.031
182 N 0.04 0.043 0.353 0.079 0.009 0.032 0.047 0.062 0.03 0.021 0.03 0.051 0.011 0.017 0.019 0.066 0.047 0.004 0.015 0.026
183 S 0.104 0.038 0.051 0.046 0.017 0.031 0.05 0.063 0.018 0.028 0.04 0.051 0.015 0.02 0.028 0.261 0.078 0.005 0.017 0.04
184 I 0.095 0.021 0.016 0.018 0.016 0.015 0.022 0.03 0.011 0.168 0.145 0.026 0.03 0.1 0.016 0.035 0.039 0.007 0.03 0.16
185 S 0.157 0.034 0.043 0.041 0.017 0.029 0.045 0.105 0.017 0.03 0.043 0.047 0.015 0.02 0.027 0.198 0.066 0.005 0.016 0.045
186 Q 0.055 0.062 0.037 0.04 0.01 0.216 0.085 0.036 0.025 0.047 0.058 0.076 0.021 0.017 0.021 0.049 0.04 0.006 0.02 0.079
187 I 0.045 0.018 0.014 0.017 0.015 0.014 0.018 0.02 0.009 0.291 0.161 0.023 0.049 0.042 0.014 0.025 0.038 0.006 0.02 0.161
188 L 0.073 0.02 0.015 0.017 0.016 0.015 0.02 0.025 0.009 0.199 0.204 0.025 0.035 0.041 0.015 0.03 0.039 0.006 0.02 0.175
189 L 0.042 0.021 0.015 0.015 0.014 0.013 0.019 0.022 0.012 0.097 0.236 0.022 0.035 0.202 0.012 0.025 0.031 0.01 0.047 0.111
190 T 0.075 0.033 0.041 0.036 0.017 0.026 0.038 0.043 0.013 0.056 0.063 0.043 0.019 0.023 0.026 0.112 0.231 0.005 0.017 0.083
191 A 0.287 0.029 0.028 0.03 0.019 0.024 0.038 0.112 0.014 0.038 0.052 0.042 0.016 0.02 0.027 0.093 0.048 0.005 0.016 0.06
192 I 0.068 0.019 0.015 0.017 0.015 0.014 0.02 0.026 0.01 0.23 0.134 0.024 0.03 0.072 0.014 0.029 0.037 0.049 0.028 0.149
193 L 0.053 0.021 0.017 0.018 0.016 0.015 0.021 0.023 0.009 0.187 0.201 0.025 0.035 0.04 0.015 0.031 0.06 0.006 0.02 0.187
194 L 0.042 0.02 0.014 0.016 0.015 0.014 0.018 0.02 0.01 0.188 0.279 0.023 0.04 0.078 0.013 0.023 0.034 0.007 0.026 0.12
195 L 0.095 0.025 0.018 0.02 0.016 0.018 0.025 0.033 0.011 0.108 0.298 0.029 0.038 0.043 0.017 0.052 0.039 0.006 0.02 0.089
196 L 0.041 0.023 0.016 0.016 0.013 0.016 0.021 0.022 0.015 0.106 0.247 0.025 0.064 0.148 0.013 0.026 0.031 0.011 0.065 0.083
197 L 0.05 0.021 0.017 0.018 0.015 0.015 0.021 0.024 0.011 0.124 0.189 0.024 0.032 0.134 0.014 0.031 0.057 0.008 0.036 0.158
198 Y 0.054 0.062 0.052 0.028 0.054 0.025 0.033 0.033 0.022 0.072 0.098 0.062 0.021 0.051 0.018 0.057 0.05 0.01 0.101 0.095
199 F 0.05 0.06 0.04 0.027 0.012 0.023 0.031 0.073 0.031 0.11 0.098 0.06 0.037 0.126 0.016 0.053 0.036 0.008 0.036 0.074
200 R 0.043 0.127 0.027 0.025 0.01 0.048 0.042 0.03 0.018 0.066 0.072 0.099 0.02 0.093 0.016 0.036 0.032 0.093 0.037 0.068
201 P 0.054 0.04 0.031 0.068 0.01 0.029 0.068 0.077 0.015 0.03 0.047 0.087 0.027 0.016 0.271 0.045 0.035 0.004 0.014 0.033
202 Y 0.04 0.028 0.022 0.019 0.009 0.022 0.028 0.025 0.047 0.044 0.068 0.031 0.019 0.131 0.016 0.031 0.028 0.028 0.318 0.047
203 R 0.045 0.345 0.039 0.031 0.008 0.048 0.052 0.033 0.023 0.023 0.047 0.12 0.016 0.017 0.019 0.045 0.035 0.006 0.017 0.031
204 Q 0.056 0.074 0.044 0.047 0.009 0.215 0.103 0.041 0.029 0.026 0.047 0.091 0.021 0.015 0.024 0.056 0.041 0.006 0.021 0.035
205 S 0.11 0.04 0.054 0.049 0.018 0.033 0.052 0.066 0.019 0.03 0.042 0.054 0.016 0.021 0.03 0.22 0.082 0.005 0.018 0.042
206 H 0.048 0.056 0.036 0.032 0.011 0.035 0.047 0.034 0.13 0.109 0.082 0.117 0.022 0.03 0.02 0.04 0.035 0.006 0.031 0.077
207 K 0.053 0.095 0.089 0.042 0.01 0.039 0.052 0.083 0.019 0.05 0.05 0.184 0.016 0.018 0.023 0.053 0.059 0.005 0.016 0.044
208 F 0.034 0.019 0.017 0.017 0.011 0.011 0.019 0.025 0.017 0.064 0.114 0.019 0.025 0.385 0.011 0.025 0.025 0.017 0.089 0.055
209 R 0.061 0.128 0.038 0.033 0.011 0.033 0.043 0.121 0.017 0.033 0.05 0.103 0.016 0.051 0.022 0.073 0.099 0.006 0.021 0.041
210 R 0.049 0.205 0.036 0.033 0.009 0.044 0.053 0.035 0.019 0.033 0.075 0.185 0.018 0.019 0.022 0.048 0.056 0.005 0.017 0.038
211 I 0.051 0.051 0.022 0.022 0.013 0.019 0.025 0.069 0.015 0.154 0.127 0.035 0.026 0.072 0.058 0.049 0.037 0.008 0.051 0.096
212 L 0.046 0.066 0.025 0.025 0.011 0.06 0.039 0.07 0.019 0.076 0.155 0.066 0.027 0.103 0.016 0.035 0.032 0.009 0.057 0.062
213 R 0.07 0.128 0.082 0.035 0.011 0.032 0.041 0.038 0.021 0.085 0.07 0.101 0.019 0.031 0.019 0.046 0.039 0.007 0.045 0.079
214 K 0.057 0.107 0.042 0.042 0.009 0.054 0.071 0.043 0.021 0.028 0.043 0.276 0.016 0.016 0.028 0.054 0.04 0.005 0.017 0.033
215 N 0.043 0.045 0.315 0.083 0.009 0.034 0.05 0.065 0.032 0.023 0.032 0.054 0.011 0.018 0.02 0.07 0.05 0.005 0.016 0.027
216 L 0.047 0.022 0.016 0.017 0.016 0.015 0.02 0.022 0.009 0.175 0.273 0.025 0.039 0.045 0.015 0.029 0.056 0.006 0.02 0.133
217 L 0.044 0.022 0.018 0.018 0.013 0.015 0.022 0.025 0.015 0.114 0.207 0.024 0.032 0.176 0.014 0.044 0.034 0.011 0.069 0.083
218 K 0.054 0.091 0.089 0.042 0.01 0.039 0.052 0.043 0.025 0.03 0.045 0.162 0.015 0.035 0.023 0.07 0.061 0.009 0.072 0.036
219 I 0.068 0.023 0.024 0.054 0.013 0.018 0.029 0.032 0.018 0.13 0.096 0.029 0.023 0.114 0.016 0.051 0.036 0.053 0.088 0.085
220 L 0.097 0.022 0.02 0.02 0.015 0.016 0.023 0.116 0.011 0.116 0.196 0.028 0.03 0.068 0.017 0.038 0.035 0.007 0.023 0.103
221 L 0.076 0.021 0.017 0.018 0.057 0.015 0.021 0.07 0.01 0.115 0.201 0.025 0.031 0.069 0.016 0.033 0.037 0.007 0.024 0.137
222 L 0.094 0.023 0.016 0.018 0.016 0.017 0.023 0.03 0.011 0.134 0.217 0.027 0.048 0.072 0.016 0.035 0.038 0.007 0.025 0.132
223 L 0.187 0.025 0.019 0.022 0.018 0.02 0.029 0.047 0.012 0.096 0.188 0.033 0.029 0.034 0.021 0.053 0.041 0.006 0.019 0.103
224 F 0.035 0.019 0.015 0.016 0.011 0.011 0.018 0.023 0.014 0.072 0.183 0.02 0.03 0.327 0.011 0.024 0.026 0.014 0.068 0.062
225 L 0.043 0.03 0.022 0.039 0.011 0.029 0.124 0.026 0.016 0.082 0.183 0.039 0.028 0.101 0.016 0.033 0.031 0.05 0.033 0.065
226 I 0.056 0.022 0.021 0.021 0.016 0.016 0.023 0.068 0.01 0.168 0.128 0.027 0.028 0.066 0.016 0.039 0.08 0.006 0.024 0.167
227 V 0.049 0.02 0.016 0.017 0.014 0.015 0.021 0.022 0.016 0.155 0.144 0.024 0.03 0.117 0.014 0.027 0.036 0.011 0.086 0.168
228 L 0.049 0.025 0.021 0.02 0.015 0.017 0.024 0.026 0.011 0.09 0.248 0.028 0.035 0.104 0.016 0.04 0.095 0.008 0.03 0.097
229 L 0.048 0.023 0.015 0.016 0.016 0.017 0.02 0.022 0.01 0.148 0.282 0.026 0.068 0.046 0.014 0.026 0.036 0.006 0.021 0.139
230 F 0.065 0.021 0.016 0.017 0.014 0.014 0.021 0.028 0.013 0.086 0.163 0.023 0.043 0.229 0.013 0.031 0.032 0.011 0.052 0.105
231 L 0.097 0.025 0.021 0.021 0.015 0.02 0.026 0.076 0.015 0.096 0.166 0.031 0.057 0.059 0.018 0.043 0.057 0.008 0.049 0.097
232 L 0.043 0.024 0.014 0.015 0.015 0.017 0.02 0.021 0.011 0.107 0.371 0.026 0.073 0.051 0.014 0.025 0.033 0.007 0.021 0.091
233 K 0.049 0.217 0.038 0.035 0.008 0.049 0.06 0.037 0.021 0.024 0.042 0.232 0.015 0.015 0.023 0.047 0.036 0.005 0.016 0.03
234 S 0.098 0.037 0.05 0.045 0.017 0.031 0.048 0.059 0.017 0.032 0.043 0.05 0.016 0.02 0.028 0.232 0.112 0.005 0.017 0.044
235 R 0.042 0.379 0.037 0.029 0.007 0.046 0.05 0.031 0.022 0.022 0.044 0.114 0.015 0.016 0.018 0.042 0.033 0.005 0.016 0.029
236 A 0.327 0.029 0.024 0.028 0.02 0.024 0.038 0.074 0.014 0.041 0.056 0.042 0.017 0.02 0.028 0.081 0.047 0.005 0.017 0.065
237 T 0.072 0.034 0.039 0.035 0.017 0.027 0.038 0.042 0.014 0.054 0.079 0.043 0.049 0.026 0.025 0.108 0.21 0.006 0.018 0.066
238 I 0.044 0.018 0.014 0.016 0.015 0.013 0.017 0.02 0.009 0.259 0.221 0.023 0.038 0.044 0.014 0.024 0.036 0.006 0.02 0.148
239 V 0.054 0.02 0.015 0.016 0.017 0.015 0.02 0.021 0.008 0.189 0.205 0.024 0.036 0.041 0.015 0.027 0.04 0.006 0.02 0.212
240 G 0.078 0.027 0.037 0.037 0.095 0.024 0.055 0.291 0.014 0.025 0.037 0.038 0.012 0.017 0.021 0.1 0.042 0.005 0.013 0.033
241 F 0.042 0.02 0.016 0.016 0.013 0.013 0.019 0.023 0.013 0.108 0.172 0.022 0.045 0.231 0.012 0.026 0.031 0.011 0.052 0.114
242 P 0.083 0.024 0.019 0.022 0.014 0.017 0.027 0.033 0.012 0.066 0.151 0.031 0.024 0.093 0.184 0.04 0.045 0.006 0.028 0.078
243 V 0.057 0.02 0.015 0.016 0.017 0.015 0.02 0.022 0.008 0.186 0.18 0.024 0.034 0.039 0.015 0.028 0.042 0.006 0.02 0.236
244 V 0.086 0.023 0.021 0.022 0.058 0.017 0.025 0.032 0.01 0.156 0.11 0.029 0.027 0.031 0.018 0.058 0.066 0.005 0.018 0.189
245 I 0.073 0.021 0.017 0.019 0.016 0.016 0.022 0.027 0.009 0.206 0.178 0.026 0.033 0.039 0.016 0.035 0.06 0.006 0.019 0.161
246 L 0.092 0.023 0.018 0.019 0.016 0.016 0.023 0.031 0.011 0.147 0.223 0.028 0.034 0.072 0.017 0.038 0.057 0.007 0.025 0.104
247 I 0.048 0.022 0.019 0.019 0.014 0.016 0.022 0.026 0.015 0.151 0.144 0.026 0.043 0.111 0.014 0.045 0.037 0.052 0.062 0.114
248 L 0.099 0.022 0.019 0.021 0.016 0.017 0.025 0.033 0.011 0.161 0.163 0.028 0.03 0.068 0.017 0.054 0.042 0.006 0.024 0.141
249 L 0.05 0.021 0.014 0.016 0.016 0.015 0.02 0.022 0.009 0.137 0.267 0.024 0.038 0.076 0.014 0.026 0.037 0.007 0.026 0.166
250 L 0.041 0.021 0.015 0.016 0.014 0.014 0.019 0.022 0.011 0.146 0.252 0.023 0.051 0.141 0.013 0.024 0.032 0.009 0.037 0.1
251 S 0.066 0.09 0.035 0.032 0.054 0.045 0.041 0.082 0.017 0.039 0.084 0.053 0.019 0.088 0.02 0.112 0.047 0.007 0.028 0.044
252 K 0.11 0.06 0.066 0.041 0.012 0.055 0.054 0.14 0.019 0.027 0.041 0.144 0.014 0.017 0.024 0.076 0.042 0.005 0.016 0.037
253 R 0.054 0.13 0.064 0.071 0.01 0.071 0.057 0.039 0.02 0.035 0.046 0.09 0.015 0.017 0.104 0.065 0.041 0.005 0.016 0.053
254 E 0.052 0.14 0.04 0.062 0.008 0.057 0.184 0.036 0.024 0.023 0.04 0.139 0.014 0.016 0.024 0.051 0.037 0.005 0.017 0.031
255 F 0.115 0.023 0.022 0.022 0.014 0.017 0.026 0.08 0.014 0.075 0.095 0.029 0.036 0.19 0.017 0.046 0.054 0.01 0.045 0.067
256 D 0.048 0.127 0.074 0.169 0.009 0.053 0.064 0.082 0.02 0.024 0.037 0.087 0.013 0.016 0.021 0.053 0.056 0.005 0.014 0.03
257 P 0.047 0.141 0.038 0.033 0.008 0.035 0.047 0.035 0.133 0.024 0.04 0.068 0.014 0.02 0.179 0.043 0.032 0.005 0.029 0.028
258 L 0.075 0.033 0.037 0.033 0.017 0.025 0.037 0.043 0.014 0.065 0.163 0.041 0.028 0.033 0.024 0.115 0.123 0.006 0.019 0.069
259 K 0.071 0.153 0.061 0.037 0.009 0.043 0.055 0.042 0.02 0.026 0.043 0.196 0.014 0.019 0.022 0.05 0.037 0.048 0.02 0.033
260 K 0.059 0.132 0.067 0.042 0.009 0.045 0.06 0.045 0.021 0.025 0.04 0.216 0.014 0.016 0.025 0.086 0.044 0.005 0.016 0.032
261 L 0.053 0.032 0.024 0.028 0.014 0.024 0.054 0.029 0.016 0.127 0.147 0.056 0.028 0.073 0.018 0.054 0.059 0.008 0.052 0.105
262 K 0.051 0.171 0.039 0.037 0.008 0.05 0.063 0.039 0.02 0.025 0.042 0.265 0.015 0.015 0.024 0.049 0.036 0.005 0.016 0.031
263 L 0.076 0.065 0.029 0.026 0.054 0.027 0.036 0.036 0.079 0.06 0.126 0.064 0.038 0.038 0.019 0.058 0.038 0.008 0.052 0.074
264 L 0.047 0.028 0.018 0.02 0.014 0.019 0.026 0.025 0.011 0.154 0.214 0.051 0.047 0.038 0.099 0.03 0.035 0.006 0.019 0.101
265 L 0.051 0.02 0.016 0.018 0.057 0.015 0.02 0.023 0.009 0.19 0.199 0.025 0.034 0.04 0.015 0.031 0.058 0.006 0.019 0.154
266 L 0.053 0.022 0.017 0.018 0.016 0.016 0.022 0.024 0.01 0.165 0.179 0.026 0.047 0.071 0.015 0.032 0.059 0.007 0.025 0.177
267 L 0.075 0.021 0.019 0.02 0.015 0.015 0.022 0.112 0.011 0.132 0.154 0.026 0.028 0.098 0.015 0.034 0.036 0.007 0.029 0.132
268 L 0.099 0.023 0.018 0.02 0.017 0.017 0.024 0.032 0.01 0.155 0.187 0.028 0.032 0.037 0.018 0.04 0.061 0.006 0.019 0.158
269 V 0.084 0.021 0.019 0.02 0.141 0.016 0.023 0.032 0.009 0.129 0.125 0.027 0.026 0.031 0.017 0.054 0.044 0.005 0.017 0.16
270 L 0.072 0.023 0.017 0.018 0.016 0.016 0.022 0.027 0.01 0.155 0.252 0.027 0.037 0.042 0.016 0.034 0.058 0.006 0.02 0.133
271 A 0.189 0.024 0.022 0.024 0.018 0.019 0.029 0.099 0.012 0.129 0.092 0.034 0.023 0.028 0.022 0.056 0.043 0.005 0.017 0.116
272 L 0.055 0.023 0.023 0.022 0.014 0.017 0.024 0.112 0.012 0.095 0.191 0.028 0.029 0.099 0.016 0.053 0.057 0.008 0.029 0.091
273 L 0.096 0.024 0.02 0.021 0.016 0.018 0.025 0.033 0.011 0.138 0.181 0.029 0.031 0.068 0.018 0.044 0.079 0.007 0.024 0.117
274 L 0.072 0.022 0.017 0.018 0.016 0.016 0.022 0.027 0.01 0.152 0.215 0.026 0.034 0.072 0.016 0.035 0.058 0.007 0.025 0.139
275 L 0.083 0.023 0.019 0.019 0.015 0.017 0.024 0.03 0.014 0.108 0.177 0.027 0.03 0.108 0.016 0.038 0.057 0.009 0.058 0.127
276 L 0.044 0.023 0.015 0.016 0.015 0.016 0.02 0.022 0.011 0.103 0.297 0.025 0.068 0.11 0.013 0.026 0.033 0.008 0.032 0.102
277 L 0.045 0.02 0.014 0.015 0.056 0.014 0.018 0.022 0.01 0.133 0.264 0.022 0.037 0.107 0.013 0.025 0.033 0.008 0.03 0.112
278 L 0.081 0.028 0.024 0.025 0.015 0.038 0.033 0.035 0.014 0.115 0.13 0.035 0.041 0.097 0.018 0.072 0.044 0.007 0.03 0.118
279 N 0.052 0.047 0.251 0.067 0.01 0.034 0.049 0.058 0.057 0.023 0.033 0.073 0.012 0.018 0.021 0.095 0.049 0.005 0.019 0.028
280 P 0.072 0.062 0.062 0.114 0.009 0.035 0.12 0.041 0.019 0.024 0.035 0.055 0.011 0.015 0.188 0.051 0.036 0.004 0.014 0.031
281 E 0.063 0.073 0.068 0.054 0.011 0.076 0.125 0.043 0.021 0.03 0.044 0.065 0.016 0.018 0.024 0.096 0.106 0.005 0.017 0.041
282 L 0.04 0.021 0.015 0.016 0.013 0.015 0.02 0.022 0.015 0.119 0.22 0.023 0.048 0.178 0.013 0.025 0.03 0.011 0.07 0.087
283 Y 0.04 0.055 0.048 0.023 0.051 0.021 0.028 0.028 0.033 0.041 0.067 0.036 0.018 0.147 0.015 0.034 0.029 0.019 0.224 0.044
284 D 0.049 0.066 0.13 0.211 0.009 0.05 0.067 0.048 0.022 0.025 0.034 0.055 0.012 0.016 0.022 0.074 0.062 0.004 0.014 0.03
285 L 0.045 0.028 0.02 0.02 0.014 0.019 0.025 0.025 0.013 0.149 0.154 0.05 0.058 0.134 0.015 0.033 0.055 0.009 0.036 0.099
286 L 0.042 0.02 0.014 0.016 0.014 0.013 0.019 0.021 0.011 0.151 0.247 0.022 0.037 0.14 0.013 0.024 0.033 0.009 0.036 0.118
287 V 0.058 0.02 0.015 0.017 0.017 0.014 0.02 0.022 0.009 0.186 0.131 0.024 0.031 0.068 0.015 0.029 0.043 0.006 0.025 0.251
288 N 0.044 0.036 0.201 0.158 0.008 0.031 0.077 0.091 0.026 0.023 0.032 0.047 0.011 0.025 0.02 0.056 0.039 0.006 0.042 0.027
289 G 0.072 0.033 0.175 0.15 0.01 0.027 0.05 0.177 0.021 0.022 0.03 0.043 0.01 0.016 0.02 0.059 0.039 0.004 0.013 0.028
290 I 0.046 0.017 0.014 0.017 0.016 0.013 0.017 0.02 0.008 0.296 0.156 0.023 0.034 0.041 0.014 0.024 0.038 0.006 0.02 0.179
291 L 0.069 0.022 0.015 0.017 0.016 0.016 0.021 0.025 0.01 0.173 0.254 0.026 0.052 0.044 0.015 0.03 0.037 0.006 0.02 0.132
292 L 0.038 0.021 0.015 0.015 0.013 0.014 0.019 0.022 0.015 0.085 0.267 0.022 0.036 0.195 0.012 0.024 0.028 0.012 0.072 0.073
293 G 0.179 0.025 0.03 0.029 0.015 0.02 0.03 0.301 0.013 0.039 0.047 0.036 0.014 0.019 0.022 0.06 0.038 0.005 0.014 0.064
294 G 0.071 0.027 0.091 0.041 0.01 0.021 0.03 0.417 0.016 0.019 0.028 0.037 0.01 0.016 0.019 0.069 0.035 0.005 0.012 0.025
295 R 0.042 0.379 0.037 0.029 0.007 0.046 0.05 0.031 0.022 0.022 0.044 0.114 0.015 0.016 0.018 0.042 0.033 0.005 0.016 0.029
296 D 0.052 0.036 0.127 0.186 0.009 0.034 0.105 0.089 0.021 0.024 0.033 0.049 0.011 0.016 0.022 0.075 0.061 0.004 0.014 0.03
297 A 0.133 0.031 0.063 0.036 0.016 0.024 0.037 0.052 0.015 0.074 0.066 0.041 0.019 0.023 0.073 0.101 0.086 0.005 0.017 0.087
298 S 0.076 0.044 0.075 0.089 0.012 0.037 0.103 0.097 0.02 0.025 0.036 0.076 0.013 0.018 0.025 0.146 0.055 0.005 0.015 0.033
299 S 0.072 0.038 0.154 0.121 0.012 0.031 0.055 0.059 0.022 0.025 0.034 0.05 0.012 0.018 0.024 0.161 0.06 0.004 0.015 0.032
300 L 0.042 0.023 0.013 0.014 0.015 0.015 0.019 0.02 0.01 0.109 0.408 0.024 0.047 0.052 0.013 0.023 0.032 0.007 0.021 0.091
301 D 0.039 0.033 0.161 0.312 0.008 0.03 0.073 0.05 0.022 0.021 0.028 0.045 0.009 0.015 0.021 0.055 0.038 0.004 0.012 0.024
302 D 0.088 0.036 0.051 0.182 0.011 0.037 0.132 0.05 0.019 0.025 0.035 0.053 0.012 0.017 0.025 0.123 0.05 0.005 0.014 0.034
303 L 0.047 0.02 0.014 0.016 0.016 0.014 0.019 0.02 0.009 0.2 0.257 0.023 0.039 0.045 0.014 0.025 0.037 0.006 0.02 0.159
304 S 0.098 0.037 0.05 0.045 0.017 0.031 0.048 0.059 0.017 0.032 0.043 0.05 0.016 0.02 0.028 0.232 0.112 0.005 0.017 0.044
305 S 0.104 0.038 0.051 0.046 0.017 0.031 0.05 0.063 0.018 0.028 0.04 0.051 0.015 0.02 0.028 0.261 0.078 0.005 0.017 0.04
306 G 0.074 0.022 0.037 0.032 0.01 0.018 0.024 0.536 0.013 0.018 0.027 0.032 0.009 0.015 0.018 0.049 0.028 0.005 0.01 0.023
307 R 0.042 0.379 0.037 0.029 0.007 0.046 0.05 0.031 0.022 0.022 0.044 0.114 0.015 0.016 0.018 0.042 0.033 0.005 0.016 0.029
308 L 0.046 0.021 0.017 0.018 0.014 0.015 0.021 0.024 0.014 0.142 0.161 0.025 0.03 0.112 0.014 0.031 0.054 0.052 0.062 0.129
309 S 0.077 0.039 0.1 0.089 0.013 0.036 0.098 0.054 0.021 0.027 0.038 0.053 0.014 0.018 0.025 0.161 0.079 0.005 0.016 0.037
310 I 0.048 0.037 0.025 0.032 0.012 0.098 0.07 0.027 0.016 0.174 0.131 0.048 0.029 0.031 0.018 0.036 0.037 0.006 0.019 0.105
311 L 0.041 0.021 0.015 0.016 0.013 0.015 0.02 0.024 0.011 0.135 0.184 0.024 0.045 0.049 0.012 0.024 0.032 0.177 0.035 0.107
312 L 0.063 0.038 0.033 0.031 0.013 0.044 0.041 0.079 0.046 0.06 0.144 0.062 0.025 0.062 0.02 0.092 0.044 0.007 0.026 0.072
313 N 0.055 0.039 0.176 0.129 0.01 0.036 0.101 0.053 0.024 0.025 0.034 0.052 0.012 0.017 0.022 0.095 0.068 0.005 0.015 0.032
314 L 0.045 0.024 0.014 0.015 0.016 0.016 0.02 0.021 0.01 0.115 0.375 0.025 0.05 0.055 0.014 0.024 0.033 0.007 0.022 0.096
315 F 0.058 0.02 0.017 0.017 0.011 0.013 0.021 0.028 0.018 0.061 0.125 0.021 0.025 0.331 0.012 0.029 0.027 0.015 0.096 0.056
316 P 0.074 0.024 0.022 0.027 0.011 0.019 0.031 0.078 0.013 0.029 0.043 0.036 0.012 0.051 0.352 0.042 0.033 0.047 0.023 0.034
317 D 0.066 0.046 0.043 0.147 0.009 0.039 0.129 0.042 0.018 0.025 0.036 0.095 0.012 0.015 0.107 0.07 0.049 0.004 0.014 0.032
318 L 0.043 0.029 0.052 0.062 0.013 0.024 0.056 0.029 0.045 0.079 0.264 0.034 0.048 0.04 0.016 0.034 0.033 0.006 0.022 0.069
319 L 0.042 0.02 0.015 0.016 0.014 0.014 0.018 0.021 0.011 0.2 0.215 0.023 0.05 0.108 0.013 0.024 0.034 0.008 0.031 0.123
320 K 0.061 0.108 0.036 0.042 0.052 0.039 0.094 0.08 0.018 0.033 0.071 0.125 0.017 0.02 0.022 0.081 0.042 0.005 0.016 0.038
