#Seq2Logo.py -f /work3/idamei/ssn-clusterings/clustering/2205110921/clusters/0079_50/sequences.afa -o /work3/idamei/ssn-clusterings/clustering/2205110921/clusters/0079_50/sequences.logo
#Position Specific Frequency Matrix
A R N D C Q E G H I L K M F P S T W Y V
0 L 0.051 0.032 0.02 0.02 0.016 0.028 0.028 0.028 0.016 0.099 0.194 0.036 0.173 0.047 0.016 0.036 0.04 0.008 0.024 0.091
1 K 0.052 0.206 0.04 0.036 0.008 0.05 0.061 0.052 0.021 0.025 0.043 0.211 0.015 0.016 0.024 0.049 0.037 0.005 0.017 0.031
2 K 0.063 0.079 0.039 0.058 0.009 0.055 0.158 0.04 0.022 0.03 0.043 0.192 0.015 0.016 0.026 0.054 0.039 0.005 0.017 0.04
3 E 0.055 0.05 0.04 0.09 0.007 0.064 0.297 0.035 0.026 0.022 0.037 0.075 0.013 0.017 0.026 0.055 0.037 0.005 0.017 0.031
4 G 0.078 0.023 0.039 0.034 0.011 0.019 0.026 0.511 0.013 0.019 0.028 0.034 0.009 0.016 0.019 0.051 0.03 0.005 0.011 0.024
5 A 0.291 0.031 0.026 0.03 0.022 0.026 0.04 0.078 0.015 0.043 0.059 0.044 0.017 0.022 0.03 0.085 0.05 0.005 0.017 0.069
6 P 0.057 0.026 0.023 0.031 0.01 0.021 0.036 0.036 0.013 0.026 0.036 0.041 0.01 0.013 0.494 0.044 0.036 0.003 0.013 0.031
7 M 0.048 0.029 0.018 0.019 0.015 0.025 0.026 0.026 0.015 0.11 0.182 0.033 0.202 0.045 0.015 0.033 0.038 0.007 0.022 0.092
8 K 0.056 0.082 0.061 0.037 0.01 0.058 0.05 0.117 0.022 0.033 0.071 0.134 0.017 0.04 0.021 0.064 0.047 0.007 0.036 0.037
9 L 0.077 0.024 0.055 0.025 0.015 0.018 0.024 0.032 0.012 0.183 0.19 0.029 0.042 0.039 0.016 0.036 0.039 0.006 0.019 0.118
10 K 0.053 0.109 0.04 0.082 0.01 0.04 0.058 0.039 0.028 0.053 0.052 0.181 0.016 0.024 0.023 0.064 0.044 0.006 0.033 0.045
11 V 0.053 0.043 0.022 0.023 0.013 0.025 0.034 0.028 0.013 0.113 0.116 0.103 0.041 0.059 0.017 0.035 0.039 0.043 0.027 0.15
12 G 0.056 0.116 0.126 0.055 0.009 0.037 0.091 0.155 0.022 0.021 0.034 0.07 0.012 0.017 0.021 0.07 0.04 0.005 0.015 0.028
13 K 0.049 0.214 0.038 0.035 0.008 0.049 0.06 0.037 0.021 0.025 0.042 0.233 0.015 0.015 0.023 0.047 0.036 0.005 0.016 0.03
14 L 0.05 0.022 0.019 0.02 0.014 0.016 0.023 0.037 0.011 0.148 0.206 0.027 0.036 0.084 0.041 0.048 0.054 0.007 0.026 0.109
15 L 0.055 0.022 0.019 0.02 0.016 0.017 0.023 0.026 0.012 0.169 0.187 0.027 0.032 0.044 0.016 0.05 0.057 0.007 0.042 0.16
16 L 0.051 0.03 0.021 0.022 0.015 0.051 0.033 0.026 0.012 0.095 0.254 0.035 0.05 0.039 0.017 0.037 0.07 0.006 0.02 0.115
17 L 0.047 0.021 0.016 0.017 0.048 0.015 0.02 0.023 0.012 0.15 0.208 0.024 0.038 0.078 0.014 0.03 0.052 0.01 0.047 0.128
18 L 0.055 0.022 0.019 0.019 0.015 0.016 0.021 0.089 0.011 0.134 0.238 0.026 0.034 0.068 0.015 0.044 0.036 0.007 0.023 0.11
19 G 0.081 0.024 0.028 0.029 0.08 0.02 0.045 0.237 0.012 0.051 0.134 0.032 0.021 0.026 0.018 0.057 0.035 0.005 0.014 0.05
20 V 0.074 0.022 0.019 0.02 0.017 0.017 0.024 0.028 0.009 0.178 0.12 0.028 0.031 0.033 0.017 0.051 0.062 0.005 0.019 0.226
21 L 0.072 0.024 0.021 0.021 0.016 0.018 0.024 0.063 0.011 0.13 0.23 0.029 0.046 0.039 0.017 0.049 0.055 0.006 0.019 0.112
22 L 0.058 0.024 0.025 0.023 0.015 0.018 0.025 0.098 0.012 0.108 0.187 0.029 0.029 0.071 0.017 0.064 0.071 0.007 0.024 0.097
23 Y 0.038 0.026 0.02 0.017 0.009 0.02 0.026 0.023 0.044 0.041 0.064 0.029 0.017 0.122 0.015 0.029 0.026 0.026 0.362 0.044
24 I 0.057 0.02 0.018 0.019 0.016 0.015 0.021 0.046 0.009 0.217 0.128 0.025 0.03 0.035 0.016 0.037 0.058 0.005 0.019 0.209
25 L 0.08 0.022 0.018 0.018 0.018 0.016 0.022 0.065 0.015 0.108 0.181 0.026 0.03 0.101 0.015 0.033 0.033 0.031 0.07 0.097
26 L 0.073 0.025 0.023 0.023 0.048 0.019 0.025 0.1 0.013 0.073 0.175 0.03 0.052 0.086 0.017 0.066 0.04 0.007 0.026 0.08
27 L 0.042 0.022 0.013 0.014 0.015 0.015 0.019 0.02 0.009 0.116 0.398 0.024 0.045 0.05 0.013 0.023 0.032 0.007 0.021 0.1
28 Y 0.045 0.045 0.083 0.088 0.012 0.047 0.052 0.039 0.106 0.028 0.043 0.081 0.014 0.046 0.019 0.055 0.04 0.011 0.113 0.032
29 I 0.044 0.019 0.015 0.016 0.013 0.014 0.019 0.023 0.012 0.201 0.143 0.023 0.029 0.076 0.012 0.024 0.032 0.112 0.055 0.119
30 A 0.162 0.029 0.035 0.034 0.016 0.024 0.037 0.156 0.014 0.046 0.053 0.041 0.016 0.021 0.024 0.136 0.055 0.005 0.015 0.081
31 Y 0.038 0.026 0.02 0.017 0.009 0.02 0.026 0.023 0.044 0.041 0.064 0.029 0.017 0.122 0.015 0.029 0.026 0.026 0.362 0.044
32 I 0.057 0.032 0.023 0.023 0.015 0.021 0.029 0.028 0.011 0.194 0.115 0.067 0.028 0.032 0.018 0.052 0.069 0.005 0.018 0.163
33 Y 0.042 0.033 0.084 0.121 0.009 0.029 0.066 0.036 0.082 0.031 0.047 0.04 0.017 0.057 0.018 0.047 0.045 0.013 0.148 0.034
34 L 0.042 0.021 0.016 0.016 0.014 0.014 0.02 0.023 0.012 0.105 0.247 0.023 0.047 0.18 0.013 0.03 0.031 0.01 0.042 0.095
35 I 0.047 0.017 0.014 0.017 0.016 0.013 0.017 0.02 0.008 0.297 0.152 0.022 0.034 0.04 0.014 0.024 0.038 0.005 0.019 0.185
36 S 0.114 0.037 0.069 0.046 0.016 0.03 0.048 0.062 0.019 0.028 0.04 0.05 0.015 0.02 0.027 0.242 0.072 0.005 0.019 0.04
37 P 0.053 0.024 0.022 0.029 0.01 0.019 0.034 0.034 0.012 0.024 0.034 0.039 0.01 0.012 0.527 0.041 0.034 0.002 0.012 0.029
38 A 0.125 0.034 0.081 0.08 0.014 0.031 0.082 0.052 0.043 0.046 0.052 0.046 0.016 0.021 0.023 0.103 0.049 0.005 0.018 0.08
39 Y 0.035 0.023 0.019 0.017 0.009 0.016 0.023 0.023 0.033 0.048 0.081 0.025 0.02 0.244 0.013 0.027 0.025 0.022 0.251 0.047
40 S 0.12 0.034 0.042 0.039 0.016 0.028 0.043 0.064 0.02 0.033 0.046 0.046 0.015 0.033 0.026 0.196 0.083 0.008 0.062 0.045
41 Y 0.038 0.026 0.02 0.017 0.009 0.02 0.026 0.023 0.044 0.041 0.064 0.029 0.017 0.122 0.015 0.029 0.026 0.026 0.362 0.044
42 F 0.041 0.024 0.019 0.018 0.011 0.018 0.023 0.058 0.024 0.064 0.144 0.026 0.062 0.171 0.013 0.029 0.029 0.016 0.151 0.059
43 G 0.069 0.051 0.06 0.037 0.011 0.04 0.036 0.344 0.016 0.024 0.034 0.044 0.012 0.016 0.02 0.069 0.069 0.005 0.013 0.031
44 Y 0.039 0.024 0.018 0.016 0.011 0.018 0.023 0.022 0.03 0.065 0.186 0.026 0.028 0.127 0.014 0.026 0.028 0.019 0.222 0.06
45 I 0.064 0.046 0.027 0.026 0.015 0.027 0.032 0.032 0.012 0.161 0.102 0.056 0.025 0.03 0.019 0.062 0.107 0.005 0.018 0.133
46 N 0.039 0.033 0.18 0.046 0.009 0.025 0.035 0.041 0.046 0.042 0.053 0.038 0.015 0.09 0.016 0.046 0.036 0.014 0.157 0.039
47 R 0.044 0.348 0.039 0.031 0.008 0.048 0.052 0.033 0.023 0.023 0.046 0.12 0.015 0.017 0.019 0.044 0.035 0.006 0.017 0.031
48 L 0.053 0.026 0.024 0.048 0.014 0.028 0.031 0.036 0.025 0.11 0.218 0.031 0.032 0.067 0.016 0.045 0.053 0.007 0.039 0.096
49 H 0.052 0.051 0.085 0.05 0.009 0.044 0.085 0.041 0.161 0.026 0.038 0.073 0.013 0.021 0.078 0.063 0.044 0.005 0.031 0.029
50 P 0.059 0.024 0.021 0.027 0.011 0.02 0.032 0.033 0.012 0.043 0.051 0.037 0.025 0.016 0.447 0.04 0.035 0.003 0.013 0.048
51 S 0.095 0.035 0.045 0.065 0.014 0.043 0.048 0.084 0.036 0.033 0.064 0.047 0.016 0.02 0.07 0.156 0.065 0.005 0.018 0.041
52 L 0.098 0.029 0.025 0.024 0.015 0.021 0.029 0.101 0.037 0.093 0.191 0.042 0.034 0.034 0.018 0.058 0.045 0.006 0.02 0.08
53 L 0.06 0.026 0.032 0.052 0.012 0.02 0.031 0.109 0.015 0.084 0.119 0.034 0.037 0.04 0.028 0.061 0.045 0.076 0.046 0.073
54 V 0.086 0.031 0.028 0.049 0.015 0.042 0.054 0.036 0.014 0.092 0.119 0.039 0.042 0.029 0.02 0.074 0.063 0.005 0.018 0.144
55 V 0.073 0.035 0.026 0.026 0.047 0.058 0.039 0.033 0.04 0.09 0.101 0.053 0.036 0.039 0.018 0.045 0.069 0.04 0.025 0.107
56 I 0.112 0.022 0.018 0.02 0.016 0.017 0.023 0.067 0.011 0.159 0.148 0.028 0.039 0.054 0.017 0.039 0.039 0.006 0.021 0.144
57 L 0.05 0.02 0.017 0.018 0.015 0.015 0.02 0.023 0.01 0.193 0.216 0.025 0.035 0.068 0.015 0.041 0.038 0.007 0.027 0.149
58 S 0.137 0.034 0.042 0.039 0.017 0.028 0.044 0.07 0.016 0.037 0.068 0.046 0.017 0.022 0.026 0.203 0.082 0.005 0.017 0.048
59 L 0.072 0.025 0.024 0.023 0.014 0.019 0.027 0.035 0.015 0.118 0.124 0.031 0.037 0.093 0.017 0.069 0.073 0.043 0.053 0.087
60 L 0.067 0.022 0.02 0.02 0.014 0.016 0.023 0.029 0.012 0.118 0.187 0.026 0.03 0.145 0.016 0.05 0.059 0.009 0.037 0.1
61 L 0.06 0.022 0.015 0.016 0.014 0.015 0.02 0.024 0.011 0.094 0.325 0.024 0.045 0.118 0.014 0.027 0.031 0.008 0.035 0.081
62 A 0.207 0.026 0.024 0.026 0.018 0.021 0.032 0.053 0.012 0.122 0.086 0.036 0.022 0.027 0.023 0.074 0.063 0.005 0.017 0.106
63 L 0.071 0.022 0.018 0.019 0.015 0.016 0.023 0.028 0.011 0.134 0.202 0.026 0.045 0.096 0.015 0.046 0.039 0.007 0.029 0.138
64 L 0.047 0.022 0.016 0.017 0.032 0.015 0.02 0.023 0.01 0.145 0.269 0.025 0.037 0.065 0.015 0.03 0.057 0.007 0.023 0.125
65 P 0.055 0.024 0.022 0.028 0.01 0.019 0.032 0.067 0.012 0.032 0.039 0.037 0.011 0.014 0.459 0.041 0.034 0.003 0.012 0.048
66 L 0.15 0.027 0.025 0.025 0.051 0.021 0.031 0.046 0.012 0.087 0.153 0.035 0.026 0.03 0.021 0.082 0.072 0.005 0.017 0.083
67 L 0.047 0.02 0.016 0.017 0.082 0.014 0.019 0.023 0.01 0.155 0.235 0.024 0.038 0.07 0.014 0.033 0.048 0.007 0.024 0.105
68 W 0.033 0.021 0.016 0.015 0.022 0.014 0.02 0.025 0.019 0.056 0.1 0.022 0.021 0.185 0.01 0.024 0.024 0.212 0.114 0.048
69 L 0.124 0.029 0.027 0.026 0.017 0.023 0.032 0.052 0.014 0.08 0.155 0.036 0.063 0.038 0.021 0.097 0.054 0.006 0.02 0.088
70 P 0.058 0.048 0.077 0.077 0.01 0.066 0.098 0.043 0.02 0.024 0.036 0.091 0.013 0.015 0.149 0.083 0.043 0.004 0.015 0.03
71 I 0.059 0.033 0.029 0.051 0.013 0.022 0.034 0.03 0.016 0.134 0.128 0.067 0.026 0.044 0.018 0.052 0.056 0.008 0.064 0.116
72 S 0.075 0.111 0.044 0.089 0.012 0.039 0.065 0.062 0.04 0.032 0.043 0.082 0.015 0.019 0.023 0.116 0.064 0.005 0.018 0.047
73 V 0.073 0.022 0.017 0.018 0.017 0.016 0.023 0.026 0.009 0.14 0.155 0.026 0.03 0.061 0.016 0.035 0.058 0.006 0.023 0.23
74 K 0.057 0.064 0.06 0.06 0.01 0.074 0.069 0.041 0.021 0.038 0.049 0.153 0.016 0.023 0.023 0.07 0.075 0.006 0.035 0.055
75 R 0.056 0.27 0.034 0.03 0.01 0.048 0.051 0.033 0.019 0.046 0.055 0.113 0.017 0.019 0.019 0.045 0.052 0.005 0.017 0.061
76 P 0.054 0.024 0.021 0.028 0.01 0.019 0.033 0.033 0.012 0.033 0.04 0.038 0.011 0.013 0.493 0.04 0.035 0.003 0.013 0.048
77 S 0.103 0.037 0.051 0.046 0.016 0.031 0.049 0.062 0.018 0.028 0.039 0.051 0.015 0.02 0.028 0.271 0.077 0.005 0.016 0.039
78 Q 0.049 0.075 0.042 0.095 0.008 0.157 0.095 0.07 0.048 0.029 0.064 0.07 0.018 0.018 0.021 0.048 0.035 0.005 0.019 0.033
79 V 0.112 0.022 0.017 0.018 0.017 0.016 0.024 0.032 0.01 0.138 0.148 0.027 0.029 0.063 0.017 0.038 0.042 0.006 0.024 0.2
80 V 0.059 0.019 0.015 0.016 0.05 0.014 0.02 0.023 0.008 0.175 0.134 0.023 0.03 0.048 0.015 0.029 0.042 0.006 0.021 0.252
81 F 0.041 0.024 0.021 0.019 0.011 0.017 0.024 0.025 0.049 0.063 0.087 0.026 0.022 0.223 0.014 0.032 0.046 0.016 0.158 0.083
82 W 0.028 0.021 0.014 0.014 0.009 0.014 0.021 0.028 0.014 0.028 0.05 0.021 0.014 0.056 0.007 0.021 0.021 0.523 0.064 0.028
83 L 0.044 0.02 0.015 0.017 0.015 0.014 0.019 0.021 0.009 0.2 0.252 0.024 0.038 0.07 0.014 0.027 0.049 0.007 0.024 0.123
84 L 0.042 0.022 0.013 0.014 0.015 0.015 0.019 0.02 0.009 0.118 0.404 0.024 0.046 0.051 0.013 0.023 0.031 0.007 0.021 0.093
85 Y 0.037 0.025 0.02 0.017 0.009 0.019 0.025 0.023 0.04 0.043 0.07 0.028 0.018 0.163 0.014 0.028 0.026 0.025 0.325 0.045
86 L 0.057 0.023 0.018 0.018 0.015 0.017 0.022 0.026 0.011 0.135 0.227 0.026 0.055 0.093 0.015 0.037 0.058 0.007 0.028 0.111
87 L 0.041 0.02 0.015 0.016 0.013 0.014 0.019 0.022 0.012 0.155 0.195 0.023 0.057 0.172 0.013 0.025 0.032 0.009 0.041 0.107
88 V 0.096 0.022 0.016 0.018 0.018 0.016 0.023 0.029 0.009 0.147 0.135 0.026 0.029 0.033 0.017 0.036 0.047 0.005 0.019 0.258
89 Y 0.059 0.025 0.019 0.018 0.011 0.019 0.025 0.026 0.034 0.054 0.095 0.028 0.021 0.133 0.015 0.032 0.029 0.021 0.268 0.067
90 I 0.05 0.018 0.014 0.017 0.016 0.013 0.018 0.02 0.008 0.269 0.146 0.023 0.033 0.039 0.014 0.026 0.04 0.005 0.019 0.211
91 P 0.053 0.024 0.022 0.029 0.01 0.019 0.034 0.034 0.012 0.024 0.034 0.039 0.01 0.012 0.527 0.041 0.034 0.002 0.012 0.029
92 V 0.115 0.024 0.023 0.024 0.051 0.019 0.027 0.038 0.011 0.148 0.1 0.031 0.025 0.03 0.02 0.074 0.063 0.005 0.018 0.156
93 L 0.054 0.028 0.042 0.024 0.015 0.023 0.027 0.029 0.014 0.119 0.186 0.033 0.128 0.041 0.016 0.049 0.04 0.007 0.021 0.105
94 L 0.043 0.019 0.015 0.016 0.014 0.013 0.019 0.022 0.013 0.17 0.172 0.022 0.031 0.125 0.013 0.025 0.033 0.044 0.058 0.134
95 I 0.05 0.018 0.015 0.017 0.016 0.014 0.019 0.021 0.009 0.26 0.149 0.023 0.045 0.039 0.014 0.026 0.04 0.006 0.019 0.2
96 P 0.072 0.024 0.022 0.029 0.01 0.02 0.034 0.036 0.012 0.025 0.035 0.039 0.01 0.013 0.493 0.044 0.035 0.003 0.012 0.031
97 D 0.039 0.029 0.108 0.225 0.009 0.024 0.056 0.04 0.02 0.056 0.095 0.038 0.017 0.049 0.018 0.044 0.035 0.007 0.048 0.045
98 Y 0.036 0.024 0.019 0.017 0.009 0.018 0.024 0.023 0.036 0.046 0.075 0.026 0.019 0.204 0.013 0.028 0.026 0.023 0.288 0.046
99 V 0.063 0.028 0.026 0.025 0.016 0.036 0.032 0.031 0.012 0.124 0.138 0.035 0.028 0.031 0.019 0.067 0.104 0.005 0.019 0.161
100 R 0.05 0.194 0.031 0.026 0.011 0.031 0.037 0.065 0.019 0.053 0.105 0.069 0.021 0.057 0.018 0.055 0.052 0.008 0.044 0.056
101 E 0.065 0.047 0.031 0.045 0.012 0.032 0.115 0.101 0.018 0.079 0.08 0.046 0.027 0.031 0.02 0.064 0.053 0.007 0.039 0.088
102 N 0.073 0.034 0.117 0.091 0.012 0.029 0.064 0.045 0.044 0.054 0.072 0.043 0.026 0.023 0.021 0.075 0.081 0.005 0.019 0.072
103 P 0.066 0.03 0.065 0.047 0.012 0.033 0.069 0.046 0.015 0.086 0.066 0.043 0.019 0.021 0.192 0.044 0.038 0.004 0.015 0.089
104 L 0.048 0.035 0.052 0.076 0.011 0.045 0.043 0.035 0.017 0.055 0.154 0.057 0.025 0.11 0.052 0.058 0.037 0.009 0.031 0.051
105 D 0.055 0.027 0.045 0.219 0.01 0.024 0.055 0.107 0.015 0.048 0.057 0.04 0.018 0.047 0.049 0.066 0.036 0.022 0.019 0.04
106 G 0.078 0.023 0.039 0.034 0.011 0.019 0.026 0.509 0.014 0.019 0.028 0.034 0.009 0.016 0.019 0.051 0.03 0.005 0.011 0.024
107 D 0.081 0.044 0.066 0.104 0.012 0.055 0.1 0.063 0.019 0.035 0.05 0.071 0.027 0.019 0.023 0.104 0.056 0.005 0.016 0.048
108 F 0.039 0.021 0.035 0.02 0.012 0.014 0.02 0.024 0.015 0.126 0.181 0.023 0.03 0.196 0.013 0.029 0.031 0.011 0.07 0.089
109 L 0.049 0.022 0.017 0.017 0.013 0.015 0.022 0.025 0.016 0.116 0.15 0.025 0.03 0.122 0.014 0.03 0.049 0.08 0.082 0.106
110 L 0.058 0.022 0.017 0.018 0.013 0.015 0.021 0.026 0.015 0.125 0.167 0.025 0.039 0.145 0.014 0.031 0.047 0.045 0.067 0.09
111 F 0.043 0.023 0.042 0.022 0.012 0.016 0.023 0.028 0.017 0.082 0.162 0.026 0.027 0.213 0.014 0.035 0.062 0.012 0.075 0.067
112 P 0.057 0.026 0.023 0.031 0.01 0.021 0.036 0.036 0.013 0.026 0.036 0.041 0.01 0.013 0.492 0.044 0.036 0.003 0.013 0.031
113 I 0.053 0.019 0.015 0.018 0.017 0.014 0.019 0.022 0.009 0.243 0.159 0.024 0.036 0.042 0.015 0.027 0.042 0.006 0.021 0.2
114 K 0.052 0.071 0.068 0.059 0.009 0.085 0.065 0.042 0.035 0.028 0.044 0.182 0.016 0.046 0.023 0.064 0.039 0.006 0.034 0.032
115 L 0.051 0.023 0.018 0.018 0.028 0.016 0.021 0.092 0.011 0.109 0.263 0.026 0.051 0.062 0.015 0.033 0.037 0.007 0.027 0.092
116 V 0.087 0.024 0.021 0.022 0.084 0.019 0.026 0.034 0.011 0.117 0.124 0.03 0.054 0.032 0.018 0.065 0.053 0.005 0.018 0.157
117 L 0.046 0.021 0.014 0.015 0.015 0.014 0.019 0.021 0.009 0.166 0.275 0.023 0.04 0.065 0.014 0.025 0.035 0.007 0.023 0.152
118 L 0.063 0.022 0.016 0.017 0.052 0.015 0.021 0.026 0.011 0.086 0.286 0.025 0.036 0.113 0.015 0.032 0.049 0.008 0.031 0.077
119 L 0.074 0.022 0.018 0.019 0.02 0.015 0.022 0.091 0.012 0.079 0.197 0.025 0.04 0.156 0.015 0.033 0.032 0.009 0.038 0.084
120 C 0.144 0.025 0.028 0.027 0.194 0.02 0.031 0.08 0.012 0.044 0.056 0.034 0.016 0.02 0.022 0.109 0.049 0.005 0.014 0.07
121 L 0.042 0.023 0.015 0.015 0.014 0.017 0.02 0.021 0.013 0.106 0.329 0.025 0.067 0.08 0.013 0.025 0.032 0.009 0.048 0.087
122 L 0.098 0.023 0.019 0.02 0.048 0.017 0.024 0.071 0.012 0.094 0.148 0.028 0.055 0.117 0.016 0.04 0.043 0.008 0.032 0.086
123 L 0.046 0.021 0.016 0.017 0.015 0.015 0.019 0.056 0.01 0.194 0.239 0.025 0.05 0.049 0.014 0.027 0.042 0.006 0.02 0.118
124 L 0.042 0.021 0.013 0.015 0.015 0.015 0.018 0.02 0.009 0.156 0.357 0.023 0.044 0.049 0.013 0.023 0.033 0.006 0.02 0.107
125 Y 0.079 0.025 0.025 0.023 0.013 0.019 0.026 0.15 0.027 0.07 0.066 0.031 0.018 0.069 0.017 0.042 0.048 0.015 0.176 0.061
126 G 0.079 0.051 0.057 0.031 0.046 0.022 0.031 0.142 0.017 0.054 0.071 0.039 0.024 0.062 0.018 0.084 0.041 0.033 0.046 0.051
127 V 0.095 0.024 0.022 0.022 0.016 0.018 0.026 0.067 0.012 0.117 0.107 0.029 0.043 0.084 0.018 0.052 0.06 0.007 0.027 0.156
128 G 0.091 0.075 0.064 0.04 0.013 0.029 0.041 0.174 0.043 0.026 0.038 0.056 0.013 0.019 0.023 0.132 0.066 0.005 0.017 0.035
129 K 0.051 0.136 0.045 0.041 0.009 0.043 0.059 0.04 0.027 0.027 0.044 0.205 0.015 0.031 0.022 0.06 0.037 0.008 0.067 0.032
130 L 0.042 0.021 0.014 0.016 0.014 0.015 0.019 0.022 0.01 0.167 0.229 0.023 0.047 0.067 0.013 0.024 0.033 0.076 0.029 0.12
131 P 0.054 0.075 0.051 0.035 0.009 0.044 0.045 0.038 0.016 0.024 0.036 0.085 0.012 0.014 0.32 0.057 0.038 0.003 0.014 0.03
132 L 0.056 0.032 0.029 0.02 0.014 0.022 0.026 0.027 0.016 0.092 0.269 0.034 0.034 0.054 0.049 0.035 0.038 0.009 0.065 0.078
133 L 0.044 0.022 0.014 0.016 0.015 0.016 0.019 0.021 0.01 0.166 0.293 0.024 0.06 0.055 0.014 0.025 0.034 0.007 0.022 0.125
134 K 0.056 0.083 0.081 0.049 0.009 0.074 0.094 0.043 0.034 0.024 0.038 0.116 0.014 0.016 0.094 0.08 0.042 0.005 0.017 0.031
135 I 0.048 0.018 0.014 0.016 0.016 0.013 0.018 0.02 0.008 0.264 0.166 0.023 0.035 0.047 0.014 0.025 0.038 0.006 0.02 0.19
136 P 0.088 0.082 0.056 0.032 0.011 0.028 0.039 0.041 0.024 0.032 0.048 0.069 0.014 0.045 0.118 0.063 0.051 0.01 0.108 0.04
137 P 0.054 0.067 0.053 0.037 0.01 0.061 0.066 0.069 0.02 0.047 0.065 0.087 0.017 0.053 0.088 0.048 0.061 0.007 0.043 0.047
138 L 0.07 0.025 0.019 0.021 0.014 0.018 0.025 0.03 0.012 0.119 0.182 0.038 0.033 0.075 0.067 0.038 0.058 0.041 0.028 0.088
139 R 0.046 0.123 0.101 0.045 0.008 0.062 0.066 0.047 0.034 0.026 0.043 0.123 0.014 0.035 0.02 0.05 0.036 0.009 0.08 0.032
140 I 0.051 0.02 0.02 0.017 0.015 0.015 0.02 0.023 0.01 0.195 0.159 0.024 0.048 0.088 0.014 0.027 0.038 0.007 0.028 0.18
141 P 0.056 0.077 0.082 0.04 0.01 0.033 0.047 0.043 0.071 0.027 0.04 0.098 0.013 0.025 0.115 0.082 0.058 0.006 0.043 0.033
142 P 0.057 0.056 0.064 0.037 0.011 0.061 0.049 0.038 0.019 0.047 0.059 0.103 0.02 0.024 0.123 0.053 0.081 0.006 0.033 0.058
143 K 0.091 0.051 0.057 0.034 0.012 0.048 0.045 0.073 0.017 0.045 0.085 0.106 0.019 0.051 0.021 0.073 0.049 0.041 0.024 0.059
144 L 0.074 0.028 0.023 0.022 0.015 0.035 0.03 0.031 0.025 0.092 0.197 0.032 0.032 0.088 0.017 0.053 0.059 0.007 0.029 0.11
145 V 0.051 0.02 0.015 0.016 0.015 0.014 0.02 0.023 0.011 0.127 0.161 0.022 0.038 0.168 0.013 0.027 0.036 0.009 0.041 0.173
146 W 0.048 0.079 0.048 0.029 0.009 0.051 0.042 0.068 0.018 0.04 0.101 0.101 0.024 0.039 0.016 0.038 0.033 0.144 0.032 0.04
147 L 0.053 0.021 0.017 0.018 0.049 0.015 0.021 0.031 0.009 0.144 0.173 0.025 0.032 0.05 0.015 0.032 0.059 0.04 0.024 0.172
148 G 0.08 0.022 0.026 0.025 0.014 0.018 0.024 0.232 0.012 0.108 0.116 0.03 0.03 0.039 0.017 0.056 0.037 0.006 0.017 0.089
149 L 0.042 0.02 0.015 0.016 0.014 0.014 0.019 0.021 0.013 0.17 0.218 0.022 0.034 0.124 0.013 0.024 0.033 0.009 0.058 0.123
150 F 0.133 0.023 0.02 0.021 0.015 0.017 0.026 0.073 0.015 0.081 0.107 0.029 0.023 0.14 0.018 0.045 0.045 0.009 0.058 0.1
151 L 0.058 0.021 0.018 0.019 0.015 0.015 0.022 0.045 0.01 0.166 0.179 0.025 0.032 0.086 0.015 0.047 0.039 0.007 0.027 0.153
152 L 0.053 0.022 0.02 0.02 0.015 0.016 0.022 0.057 0.011 0.157 0.169 0.026 0.032 0.089 0.015 0.05 0.051 0.007 0.03 0.137
153 S 0.105 0.031 0.033 0.031 0.015 0.024 0.036 0.047 0.015 0.045 0.086 0.039 0.032 0.051 0.022 0.126 0.1 0.076 0.033 0.054
154 L 0.072 0.024 0.025 0.05 0.048 0.019 0.029 0.033 0.012 0.115 0.152 0.03 0.049 0.083 0.017 0.06 0.064 0.007 0.026 0.084
155 G 0.08 0.023 0.025 0.024 0.048 0.017 0.025 0.157 0.012 0.103 0.121 0.029 0.028 0.059 0.017 0.062 0.043 0.006 0.021 0.1
156 L 0.038 0.024 0.016 0.017 0.012 0.03 0.024 0.023 0.014 0.084 0.245 0.025 0.036 0.218 0.012 0.025 0.029 0.011 0.049 0.07
157 Y 0.036 0.023 0.017 0.016 0.01 0.016 0.022 0.023 0.025 0.058 0.147 0.024 0.025 0.177 0.012 0.025 0.026 0.086 0.179 0.053
158 G 0.11 0.022 0.022 0.022 0.014 0.017 0.024 0.163 0.012 0.101 0.14 0.028 0.024 0.086 0.017 0.042 0.038 0.007 0.026 0.083
159 I 0.045 0.02 0.015 0.016 0.014 0.015 0.02 0.021 0.016 0.194 0.185 0.024 0.035 0.058 0.014 0.026 0.035 0.01 0.088 0.147
160 I 0.045 0.02 0.015 0.017 0.015 0.015 0.019 0.021 0.009 0.244 0.211 0.024 0.059 0.043 0.014 0.026 0.04 0.006 0.02 0.138
161 I 0.047 0.019 0.015 0.016 0.015 0.014 0.019 0.022 0.01 0.196 0.157 0.023 0.044 0.117 0.013 0.026 0.036 0.008 0.032 0.17
162 K 0.069 0.107 0.038 0.036 0.01 0.065 0.056 0.085 0.055 0.031 0.066 0.152 0.018 0.02 0.022 0.069 0.039 0.005 0.02 0.036
163 V 0.067 0.021 0.016 0.018 0.019 0.016 0.023 0.024 0.008 0.178 0.134 0.026 0.032 0.037 0.016 0.032 0.048 0.006 0.021 0.26
164 T 0.084 0.04 0.037 0.034 0.016 0.028 0.04 0.042 0.014 0.062 0.065 0.078 0.019 0.023 0.025 0.09 0.192 0.005 0.017 0.091
165 F 0.053 0.023 0.022 0.021 0.011 0.016 0.024 0.064 0.023 0.048 0.082 0.026 0.02 0.266 0.014 0.053 0.031 0.016 0.142 0.047
166 G 0.073 0.021 0.037 0.031 0.01 0.018 0.024 0.542 0.013 0.018 0.026 0.031 0.009 0.015 0.018 0.048 0.028 0.005 0.01 0.023
167 F 0.037 0.018 0.015 0.016 0.012 0.011 0.018 0.022 0.013 0.129 0.16 0.02 0.029 0.277 0.011 0.024 0.028 0.012 0.058 0.089
168 H 0.046 0.121 0.048 0.036 0.008 0.055 0.055 0.037 0.222 0.023 0.039 0.098 0.015 0.023 0.02 0.056 0.032 0.006 0.036 0.026
169 L 0.04 0.021 0.016 0.017 0.013 0.014 0.019 0.023 0.012 0.124 0.236 0.023 0.034 0.179 0.013 0.028 0.047 0.01 0.042 0.09
170 R 0.045 0.138 0.09 0.12 0.008 0.053 0.061 0.04 0.046 0.031 0.042 0.119 0.014 0.017 0.02 0.049 0.037 0.005 0.018 0.046
171 P 0.137 0.027 0.024 0.03 0.014 0.022 0.037 0.05 0.013 0.031 0.043 0.042 0.013 0.016 0.343 0.057 0.04 0.003 0.014 0.043
172 L 0.047 0.022 0.017 0.019 0.013 0.016 0.024 0.025 0.011 0.097 0.195 0.028 0.042 0.091 0.156 0.03 0.034 0.007 0.027 0.1
173 V 0.067 0.024 0.023 0.023 0.017 0.018 0.026 0.052 0.01 0.141 0.105 0.03 0.026 0.031 0.018 0.061 0.088 0.005 0.018 0.217
174 G 0.079 0.037 0.074 0.088 0.011 0.049 0.092 0.143 0.019 0.028 0.045 0.054 0.026 0.019 0.022 0.111 0.047 0.005 0.015 0.035
175 F 0.057 0.023 0.022 0.021 0.014 0.016 0.025 0.031 0.013 0.078 0.173 0.027 0.028 0.199 0.015 0.071 0.039 0.01 0.046 0.094
176 D 0.054 0.04 0.046 0.204 0.008 0.035 0.119 0.073 0.02 0.026 0.039 0.083 0.012 0.05 0.021 0.057 0.035 0.007 0.041 0.03
177 D 0.042 0.034 0.078 0.324 0.007 0.036 0.147 0.042 0.02 0.021 0.028 0.05 0.01 0.015 0.022 0.051 0.034 0.004 0.012 0.025
178 V 0.06 0.019 0.015 0.017 0.017 0.015 0.02 0.022 0.008 0.198 0.131 0.024 0.031 0.035 0.015 0.029 0.044 0.005 0.019 0.276
179 Y 0.038 0.026 0.02 0.017 0.009 0.02 0.026 0.023 0.044 0.041 0.064 0.029 0.017 0.122 0.015 0.029 0.026 0.026 0.362 0.044
180 D 0.081 0.029 0.053 0.299 0.009 0.029 0.092 0.113 0.017 0.023 0.031 0.043 0.01 0.015 0.022 0.055 0.035 0.004 0.012 0.029
181 L 0.063 0.052 0.02 0.02 0.015 0.021 0.027 0.027 0.011 0.133 0.186 0.052 0.031 0.035 0.017 0.037 0.064 0.006 0.019 0.164
182 R 0.042 0.388 0.036 0.029 0.007 0.045 0.049 0.031 0.022 0.022 0.043 0.112 0.014 0.016 0.018 0.042 0.033 0.005 0.016 0.029
183 E 0.069 0.034 0.028 0.046 0.011 0.036 0.153 0.033 0.02 0.051 0.124 0.046 0.042 0.087 0.019 0.056 0.036 0.008 0.049 0.052
184 A 0.103 0.038 0.037 0.093 0.013 0.046 0.088 0.061 0.017 0.059 0.079 0.065 0.02 0.022 0.023 0.09 0.053 0.005 0.016 0.071
185 Y 0.038 0.025 0.02 0.018 0.009 0.019 0.025 0.024 0.038 0.044 0.072 0.027 0.019 0.179 0.014 0.032 0.027 0.024 0.303 0.045
186 R 0.042 0.346 0.037 0.03 0.007 0.045 0.05 0.032 0.047 0.022 0.043 0.122 0.014 0.017 0.019 0.042 0.032 0.005 0.019 0.029
187 E 0.081 0.041 0.042 0.105 0.011 0.052 0.174 0.073 0.02 0.028 0.04 0.063 0.016 0.017 0.024 0.098 0.056 0.005 0.015 0.04
188 E 0.089 0.051 0.06 0.08 0.011 0.072 0.136 0.047 0.034 0.028 0.04 0.093 0.014 0.017 0.024 0.098 0.045 0.005 0.017 0.039
189 V 0.083 0.031 0.029 0.027 0.016 0.022 0.031 0.102 0.011 0.082 0.099 0.053 0.022 0.026 0.021 0.056 0.126 0.005 0.017 0.143
190 K 0.057 0.099 0.042 0.043 0.009 0.093 0.079 0.043 0.023 0.027 0.044 0.23 0.017 0.015 0.027 0.054 0.04 0.005 0.018 0.034
191 N 0.058 0.033 0.155 0.103 0.011 0.026 0.044 0.146 0.02 0.045 0.042 0.043 0.013 0.019 0.021 0.085 0.077 0.005 0.014 0.041
192 R 0.056 0.194 0.033 0.03 0.01 0.032 0.039 0.135 0.017 0.033 0.044 0.071 0.013 0.017 0.12 0.057 0.036 0.005 0.014 0.045
193 L 0.056 0.02 0.015 0.016 0.014 0.014 0.019 0.023 0.012 0.182 0.21 0.023 0.034 0.102 0.014 0.027 0.034 0.009 0.051 0.123
194 A 0.167 0.03 0.032 0.032 0.018 0.024 0.038 0.063 0.014 0.065 0.066 0.04 0.019 0.023 0.024 0.142 0.058 0.005 0.017 0.121
195 G 0.127 0.025 0.035 0.032 0.013 0.02 0.029 0.383 0.013 0.025 0.035 0.036 0.011 0.017 0.021 0.072 0.053 0.005 0.012 0.035
196 Y 0.038 0.026 0.02 0.017 0.009 0.02 0.026 0.023 0.044 0.041 0.064 0.029 0.017 0.122 0.015 0.029 0.026 0.026 0.362 0.044
197 A 0.246 0.027 0.025 0.027 0.018 0.022 0.034 0.093 0.013 0.069 0.088 0.038 0.02 0.024 0.024 0.079 0.046 0.005 0.017 0.085
198 I 0.048 0.021 0.015 0.016 0.016 0.016 0.019 0.021 0.009 0.214 0.207 0.025 0.065 0.043 0.014 0.026 0.038 0.006 0.02 0.162
199 N 0.076 0.043 0.168 0.054 0.012 0.076 0.053 0.052 0.023 0.037 0.046 0.054 0.016 0.019 0.022 0.092 0.082 0.005 0.016 0.056
200 W 0.028 0.021 0.014 0.014 0.007 0.014 0.021 0.028 0.014 0.028 0.05 0.021 0.014 0.057 0.007 0.021 0.021 0.526 0.064 0.028
201 L 0.046 0.044 0.027 0.028 0.011 0.132 0.056 0.03 0.019 0.059 0.155 0.052 0.03 0.052 0.017 0.037 0.034 0.076 0.029 0.068
202 S 0.133 0.035 0.044 0.041 0.017 0.029 0.045 0.06 0.017 0.031 0.043 0.048 0.015 0.019 0.061 0.214 0.084 0.005 0.016 0.044
203 K 0.055 0.095 0.039 0.038 0.008 0.048 0.063 0.074 0.019 0.025 0.039 0.306 0.014 0.015 0.025 0.05 0.036 0.005 0.016 0.03
204 I 0.051 0.018 0.014 0.016 0.049 0.013 0.018 0.021 0.008 0.239 0.158 0.023 0.033 0.038 0.014 0.026 0.039 0.005 0.019 0.196
205 I 0.048 0.02 0.015 0.016 0.035 0.014 0.019 0.023 0.011 0.173 0.159 0.023 0.054 0.118 0.013 0.027 0.035 0.021 0.033 0.143
206 N 0.046 0.035 0.222 0.13 0.008 0.028 0.049 0.152 0.048 0.02 0.029 0.045 0.01 0.017 0.019 0.057 0.039 0.004 0.016 0.024
207 P 0.075 0.027 0.026 0.029 0.013 0.022 0.033 0.037 0.012 0.042 0.078 0.038 0.029 0.02 0.291 0.054 0.105 0.004 0.015 0.049
208 L 0.046 0.022 0.019 0.018 0.013 0.015 0.02 0.092 0.011 0.095 0.256 0.025 0.034 0.125 0.014 0.031 0.047 0.008 0.032 0.076
209 L 0.045 0.022 0.014 0.015 0.015 0.016 0.02 0.021 0.01 0.145 0.312 0.025 0.063 0.052 0.014 0.025 0.034 0.007 0.021 0.123
210 L 0.047 0.021 0.015 0.017 0.015 0.016 0.02 0.022 0.011 0.178 0.187 0.024 0.067 0.093 0.014 0.027 0.036 0.007 0.029 0.155
211 A 0.163 0.026 0.026 0.026 0.018 0.021 0.031 0.08 0.012 0.097 0.08 0.035 0.021 0.026 0.022 0.071 0.092 0.005 0.017 0.13
212 L 0.038 0.021 0.016 0.016 0.011 0.015 0.021 0.023 0.019 0.124 0.155 0.024 0.027 0.103 0.012 0.024 0.029 0.116 0.122 0.084
213 G 0.073 0.021 0.037 0.031 0.01 0.018 0.024 0.542 0.013 0.018 0.026 0.031 0.009 0.015 0.018 0.048 0.028 0.005 0.01 0.023
214 L 0.05 0.021 0.014 0.015 0.015 0.014 0.019 0.022 0.01 0.154 0.279 0.023 0.04 0.077 0.014 0.025 0.035 0.007 0.025 0.14
215 V 0.073 0.021 0.015 0.017 0.046 0.016 0.021 0.026 0.009 0.149 0.188 0.025 0.043 0.044 0.015 0.032 0.04 0.006 0.02 0.194
216 N 0.053 0.107 0.149 0.051 0.01 0.041 0.053 0.048 0.026 0.027 0.044 0.148 0.022 0.018 0.022 0.079 0.05 0.005 0.016 0.033
217 K 0.055 0.148 0.038 0.035 0.008 0.042 0.054 0.139 0.019 0.023 0.038 0.22 0.013 0.015 0.022 0.048 0.034 0.005 0.015 0.029
218 K 0.05 0.1 0.099 0.046 0.008 0.061 0.064 0.044 0.022 0.025 0.039 0.249 0.014 0.015 0.024 0.053 0.039 0.005 0.016 0.03
219 P 0.049 0.043 0.025 0.026 0.011 0.026 0.036 0.03 0.02 0.08 0.091 0.105 0.021 0.048 0.112 0.042 0.047 0.026 0.089 0.071
220 L 0.051 0.025 0.044 0.024 0.014 0.019 0.025 0.102 0.025 0.101 0.2 0.029 0.045 0.044 0.015 0.04 0.042 0.031 0.023 0.104
221 L 0.041 0.02 0.015 0.016 0.013 0.014 0.02 0.022 0.014 0.113 0.21 0.023 0.032 0.179 0.047 0.025 0.03 0.01 0.061 0.095
222 L 0.068 0.021 0.016 0.017 0.016 0.015 0.021 0.025 0.01 0.184 0.189 0.025 0.045 0.066 0.015 0.031 0.044 0.006 0.024 0.163
223 L 0.087 0.021 0.019 0.02 0.034 0.015 0.022 0.103 0.012 0.104 0.154 0.025 0.026 0.142 0.015 0.036 0.034 0.008 0.035 0.089
224 L 0.108 0.022 0.016 0.018 0.017 0.016 0.023 0.034 0.01 0.166 0.219 0.027 0.034 0.039 0.017 0.036 0.038 0.006 0.019 0.136
225 G 0.073 0.021 0.037 0.031 0.01 0.018 0.024 0.542 0.013 0.018 0.026 0.031 0.009 0.015 0.018 0.048 0.028 0.005 0.01 0.023
226 L 0.041 0.018 0.014 0.016 0.014 0.012 0.018 0.021 0.011 0.182 0.195 0.021 0.033 0.165 0.013 0.024 0.032 0.009 0.04 0.121
227 L 0.073 0.021 0.017 0.018 0.015 0.015 0.021 0.04 0.011 0.112 0.178 0.024 0.03 0.151 0.015 0.034 0.036 0.009 0.038 0.144
228 G 0.086 0.025 0.032 0.029 0.013 0.02 0.027 0.308 0.013 0.044 0.126 0.033 0.026 0.025 0.019 0.073 0.037 0.005 0.014 0.045
229 Q 0.052 0.069 0.041 0.044 0.008 0.266 0.096 0.039 0.027 0.025 0.044 0.085 0.019 0.014 0.022 0.052 0.039 0.006 0.019 0.033
230 L 0.046 0.022 0.016 0.016 0.014 0.016 0.021 0.022 0.017 0.123 0.236 0.025 0.042 0.093 0.014 0.026 0.033 0.011 0.094 0.115
231 L 0.039 0.02 0.016 0.016 0.013 0.014 0.019 0.022 0.016 0.148 0.177 0.023 0.043 0.174 0.013 0.025 0.031 0.012 0.085 0.095
232 I 0.086 0.02 0.015 0.018 0.016 0.015 0.021 0.027 0.009 0.215 0.19 0.025 0.034 0.039 0.016 0.032 0.039 0.006 0.019 0.159
233 F 0.035 0.022 0.018 0.017 0.009 0.015 0.022 0.024 0.029 0.051 0.087 0.023 0.021 0.285 0.012 0.026 0.025 0.021 0.213 0.048
234 S 0.089 0.037 0.069 0.045 0.016 0.03 0.046 0.056 0.017 0.033 0.044 0.048 0.015 0.02 0.027 0.208 0.133 0.005 0.016 0.045
235 I 0.055 0.021 0.02 0.021 0.016 0.016 0.022 0.025 0.009 0.23 0.129 0.027 0.03 0.036 0.017 0.039 0.095 0.005 0.019 0.168
236 T 0.072 0.036 0.107 0.046 0.015 0.028 0.042 0.05 0.018 0.038 0.049 0.046 0.016 0.02 0.025 0.13 0.189 0.005 0.016 0.051
237 G 0.073 0.021 0.037 0.031 0.01 0.018 0.024 0.542 0.013 0.018 0.026 0.031 0.009 0.015 0.018 0.048 0.028 0.005 0.01 0.023
238 H 0.045 0.049 0.039 0.035 0.009 0.124 0.062 0.034 0.172 0.04 0.115 0.056 0.023 0.027 0.019 0.041 0.032 0.006 0.033 0.04
239 K 0.053 0.1 0.039 0.039 0.008 0.05 0.066 0.04 0.019 0.026 0.04 0.325 0.014 0.014 0.026 0.05 0.037 0.005 0.016 0.031
240 S 0.103 0.037 0.051 0.046 0.016 0.031 0.049 0.062 0.018 0.028 0.039 0.051 0.015 0.02 0.028 0.271 0.077 0.005 0.016 0.039
241 V 0.057 0.021 0.02 0.02 0.017 0.016 0.023 0.025 0.009 0.201 0.124 0.027 0.029 0.034 0.017 0.039 0.092 0.005 0.019 0.204
242 L 0.12 0.023 0.017 0.019 0.016 0.017 0.024 0.035 0.012 0.096 0.206 0.028 0.043 0.116 0.017 0.039 0.036 0.008 0.032 0.095
243 L 0.039 0.022 0.014 0.015 0.013 0.014 0.019 0.022 0.012 0.091 0.298 0.022 0.05 0.176 0.012 0.024 0.029 0.01 0.042 0.077
244 S 0.104 0.037 0.05 0.045 0.016 0.031 0.048 0.061 0.018 0.029 0.041 0.05 0.015 0.02 0.028 0.256 0.091 0.005 0.016 0.041
245 L 0.082 0.028 0.029 0.027 0.016 0.022 0.031 0.037 0.012 0.104 0.153 0.035 0.038 0.032 0.021 0.082 0.129 0.006 0.018 0.099
246 L 0.09 0.021 0.018 0.019 0.086 0.015 0.022 0.077 0.01 0.127 0.16 0.026 0.028 0.043 0.016 0.036 0.038 0.006 0.019 0.144
247 L 0.039 0.022 0.015 0.015 0.013 0.015 0.019 0.022 0.012 0.09 0.282 0.023 0.061 0.176 0.012 0.025 0.03 0.01 0.042 0.077
248 L 0.044 0.021 0.037 0.02 0.015 0.015 0.02 0.023 0.01 0.204 0.25 0.025 0.037 0.043 0.014 0.026 0.036 0.006 0.02 0.136
249 I 0.066 0.02 0.017 0.019 0.015 0.015 0.021 0.027 0.011 0.183 0.179 0.025 0.032 0.11 0.015 0.044 0.037 0.008 0.031 0.125
250 G 0.082 0.022 0.025 0.023 0.014 0.017 0.023 0.247 0.011 0.085 0.125 0.029 0.032 0.028 0.017 0.04 0.035 0.005 0.016 0.123
251 I 0.05 0.019 0.014 0.016 0.016 0.014 0.019 0.021 0.009 0.208 0.184 0.023 0.034 0.066 0.014 0.026 0.039 0.006 0.024 0.197
252 L 0.049 0.023 0.016 0.016 0.013 0.016 0.021 0.024 0.016 0.096 0.233 0.025 0.057 0.124 0.013 0.027 0.03 0.045 0.077 0.077
253 L 0.039 0.019 0.015 0.015 0.029 0.013 0.018 0.023 0.012 0.113 0.191 0.021 0.03 0.18 0.012 0.024 0.029 0.079 0.048 0.091
254 C 0.17 0.021 0.019 0.02 0.285 0.017 0.025 0.047 0.01 0.046 0.082 0.028 0.018 0.022 0.02 0.054 0.039 0.005 0.014 0.06
255 L 0.045 0.023 0.015 0.016 0.015 0.017 0.021 0.022 0.013 0.12 0.297 0.025 0.063 0.071 0.014 0.029 0.034 0.008 0.047 0.105
256 R 0.055 0.185 0.058 0.035 0.043 0.054 0.046 0.097 0.026 0.026 0.045 0.08 0.015 0.044 0.019 0.074 0.039 0.006 0.02 0.033
257 K 0.051 0.12 0.051 0.045 0.008 0.046 0.061 0.04 0.045 0.027 0.045 0.255 0.021 0.017 0.024 0.052 0.037 0.005 0.019 0.032
258 K 0.061 0.1 0.094 0.049 0.01 0.053 0.078 0.047 0.022 0.025 0.039 0.163 0.014 0.016 0.024 0.101 0.051 0.005 0.016 0.032
259 G 0.07 0.051 0.037 0.032 0.01 0.022 0.028 0.475 0.014 0.018 0.029 0.056 0.01 0.015 0.018 0.048 0.029 0.005 0.011 0.024
260 K 0.067 0.166 0.046 0.04 0.009 0.06 0.082 0.051 0.046 0.024 0.041 0.168 0.015 0.017 0.022 0.056 0.037 0.005 0.019 0.031
261 N 0.047 0.035 0.139 0.061 0.009 0.025 0.042 0.109 0.031 0.032 0.049 0.053 0.014 0.093 0.018 0.053 0.052 0.01 0.093 0.035
262 F 0.032 0.018 0.016 0.016 0.01 0.01 0.018 0.024 0.016 0.059 0.107 0.018 0.024 0.427 0.01 0.024 0.024 0.016 0.083 0.051
263 G 0.12 0.025 0.036 0.032 0.013 0.021 0.03 0.349 0.013 0.032 0.04 0.036 0.012 0.018 0.021 0.091 0.041 0.005 0.013 0.052
264 I 0.05 0.045 0.018 0.018 0.015 0.017 0.022 0.023 0.01 0.178 0.172 0.031 0.044 0.064 0.015 0.031 0.054 0.006 0.024 0.161
265 R 0.052 0.123 0.074 0.034 0.011 0.031 0.04 0.036 0.027 0.063 0.096 0.088 0.02 0.037 0.019 0.069 0.041 0.008 0.063 0.067
266 F 0.035 0.018 0.016 0.016 0.011 0.012 0.018 0.023 0.014 0.113 0.122 0.02 0.039 0.324 0.011 0.024 0.027 0.013 0.066 0.076
267 L 0.076 0.024 0.021 0.021 0.05 0.018 0.025 0.031 0.01 0.118 0.196 0.029 0.031 0.035 0.018 0.055 0.077 0.006 0.018 0.142
268 L 0.043 0.022 0.019 0.018 0.02 0.016 0.021 0.092 0.019 0.082 0.174 0.025 0.027 0.088 0.013 0.028 0.028 0.081 0.114 0.068
269 G 0.07 0.025 0.031 0.029 0.017 0.02 0.028 0.232 0.013 0.057 0.108 0.033 0.032 0.048 0.018 0.088 0.046 0.006 0.019 0.078
270 L 0.101 0.023 0.017 0.018 0.015 0.018 0.024 0.032 0.014 0.13 0.192 0.028 0.055 0.09 0.016 0.036 0.035 0.009 0.05 0.097
271 L 0.067 0.027 0.05 0.029 0.082 0.02 0.029 0.037 0.013 0.076 0.119 0.033 0.023 0.081 0.019 0.084 0.099 0.007 0.025 0.08
272 L 0.09 0.023 0.023 0.023 0.038 0.017 0.025 0.119 0.012 0.079 0.173 0.029 0.027 0.093 0.017 0.054 0.053 0.007 0.027 0.072
273 L 0.045 0.022 0.016 0.016 0.014 0.015 0.02 0.056 0.011 0.112 0.297 0.024 0.05 0.097 0.013 0.026 0.032 0.008 0.028 0.1
274 V 0.075 0.023 0.019 0.019 0.017 0.018 0.024 0.028 0.01 0.143 0.177 0.028 0.044 0.036 0.017 0.039 0.075 0.006 0.019 0.184
275 V 0.087 0.023 0.023 0.022 0.04 0.017 0.026 0.071 0.014 0.092 0.104 0.029 0.023 0.109 0.017 0.056 0.062 0.009 0.052 0.125
276 L 0.09 0.022 0.021 0.021 0.015 0.016 0.024 0.1 0.012 0.115 0.177 0.028 0.029 0.092 0.017 0.051 0.037 0.007 0.027 0.099
277 C 0.103 0.029 0.035 0.032 0.15 0.023 0.035 0.048 0.014 0.039 0.055 0.038 0.016 0.047 0.023 0.143 0.097 0.005 0.02 0.051
278 L 0.043 0.021 0.016 0.016 0.014 0.015 0.02 0.022 0.014 0.13 0.194 0.023 0.056 0.158 0.013 0.026 0.032 0.01 0.061 0.115
279 L 0.066 0.022 0.02 0.02 0.023 0.016 0.023 0.082 0.013 0.119 0.175 0.027 0.029 0.085 0.016 0.047 0.037 0.008 0.048 0.125
280 L 0.058 0.022 0.015 0.016 0.015 0.015 0.021 0.024 0.012 0.131 0.207 0.024 0.047 0.1 0.014 0.028 0.035 0.027 0.043 0.145
281 D 0.043 0.029 0.064 0.411 0.008 0.028 0.083 0.045 0.018 0.021 0.027 0.042 0.009 0.014 0.021 0.064 0.036 0.004 0.011 0.024
282 L 0.081 0.032 0.024 0.024 0.013 0.037 0.033 0.068 0.022 0.076 0.125 0.052 0.033 0.089 0.017 0.053 0.038 0.055 0.056 0.072
283 L 0.056 0.022 0.016 0.017 0.014 0.016 0.021 0.025 0.013 0.139 0.219 0.025 0.05 0.095 0.014 0.029 0.033 0.043 0.053 0.101
284 L 0.076 0.048 0.051 0.03 0.015 0.024 0.033 0.038 0.015 0.079 0.163 0.045 0.041 0.039 0.02 0.079 0.099 0.006 0.028 0.071
285 G 0.061 0.03 0.102 0.122 0.01 0.027 0.058 0.231 0.023 0.026 0.04 0.041 0.024 0.018 0.02 0.08 0.04 0.005 0.013 0.03
286 G 0.065 0.035 0.094 0.115 0.012 0.043 0.051 0.14 0.018 0.028 0.038 0.046 0.013 0.018 0.023 0.104 0.102 0.005 0.014 0.037
287 I 0.072 0.024 0.026 0.051 0.015 0.019 0.029 0.065 0.013 0.166 0.105 0.031 0.033 0.037 0.018 0.054 0.078 0.007 0.04 0.117
288 E 0.089 0.058 0.03 0.038 0.013 0.047 0.098 0.036 0.018 0.072 0.094 0.05 0.029 0.032 0.021 0.054 0.091 0.007 0.041 0.084
289 L 0.059 0.023 0.016 0.016 0.013 0.016 0.021 0.026 0.015 0.081 0.234 0.025 0.057 0.172 0.014 0.029 0.03 0.011 0.069 0.072
290 T 0.072 0.032 0.038 0.034 0.017 0.025 0.036 0.041 0.013 0.061 0.066 0.041 0.019 0.023 0.025 0.102 0.235 0.005 0.017 0.096
291 S 0.075 0.041 0.087 0.062 0.012 0.04 0.146 0.051 0.021 0.026 0.038 0.057 0.013 0.018 0.025 0.158 0.073 0.005 0.016 0.036
292 L 0.044 0.022 0.015 0.016 0.015 0.015 0.019 0.021 0.009 0.16 0.323 0.024 0.041 0.047 0.014 0.027 0.05 0.006 0.02 0.108
293 F 0.035 0.019 0.015 0.016 0.011 0.012 0.018 0.023 0.014 0.1 0.138 0.02 0.036 0.325 0.011 0.024 0.027 0.013 0.066 0.075
294 V 0.091 0.027 0.028 0.027 0.017 0.021 0.031 0.038 0.011 0.103 0.108 0.035 0.024 0.029 0.021 0.088 0.116 0.005 0.018 0.16
295 R 0.042 0.383 0.036 0.029 0.007 0.045 0.049 0.031 0.022 0.022 0.043 0.112 0.014 0.016 0.018 0.045 0.033 0.005 0.016 0.029
296 R 0.042 0.388 0.036 0.029 0.007 0.045 0.049 0.031 0.022 0.022 0.043 0.112 0.014 0.016 0.018 0.042 0.033 0.005 0.016 0.029
297 L 0.044 0.026 0.017 0.017 0.014 0.02 0.023 0.024 0.013 0.094 0.251 0.028 0.134 0.098 0.014 0.029 0.034 0.008 0.03 0.083
298 L 0.043 0.02 0.014 0.016 0.015 0.014 0.018 0.02 0.009 0.219 0.262 0.023 0.051 0.045 0.014 0.024 0.035 0.006 0.02 0.13
299 L 0.066 0.023 0.016 0.017 0.021 0.018 0.022 0.026 0.011 0.14 0.197 0.027 0.082 0.089 0.015 0.031 0.036 0.007 0.028 0.129
300 T 0.061 0.03 0.032 0.028 0.016 0.022 0.031 0.034 0.012 0.072 0.16 0.036 0.027 0.031 0.022 0.066 0.209 0.006 0.018 0.089
301 P 0.053 0.029 0.022 0.029 0.01 0.02 0.034 0.034 0.012 0.024 0.034 0.04 0.01 0.012 0.52 0.041 0.034 0.002 0.012 0.029
302 G 0.108 0.022 0.035 0.031 0.011 0.018 0.026 0.48 0.013 0.021 0.03 0.033 0.01 0.016 0.019 0.052 0.03 0.005 0.011 0.028
303 L 0.104 0.024 0.016 0.018 0.016 0.018 0.023 0.031 0.01 0.102 0.29 0.028 0.049 0.042 0.017 0.036 0.037 0.006 0.02 0.112
304 L 0.042 0.022 0.013 0.014 0.015 0.015 0.019 0.02 0.009 0.122 0.399 0.024 0.046 0.05 0.013 0.023 0.032 0.007 0.021 0.095
305 T 0.073 0.032 0.037 0.033 0.016 0.025 0.037 0.043 0.014 0.057 0.133 0.041 0.036 0.029 0.023 0.132 0.153 0.006 0.018 0.063
306 G 0.082 0.031 0.068 0.041 0.013 0.026 0.038 0.218 0.019 0.026 0.037 0.042 0.013 0.025 0.023 0.153 0.067 0.006 0.037 0.034
307 Y 0.038 0.027 0.03 0.021 0.01 0.021 0.028 0.026 0.081 0.049 0.099 0.029 0.033 0.158 0.014 0.03 0.027 0.019 0.212 0.048
308 Y 0.037 0.024 0.019 0.017 0.009 0.018 0.024 0.023 0.038 0.044 0.073 0.027 0.019 0.183 0.014 0.028 0.026 0.024 0.307 0.045
309 F 0.039 0.02 0.016 0.016 0.011 0.013 0.02 0.023 0.019 0.08 0.103 0.021 0.024 0.294 0.012 0.026 0.028 0.016 0.12 0.098
310 D 0.041 0.031 0.059 0.37 0.007 0.034 0.134 0.042 0.019 0.021 0.028 0.047 0.009 0.014 0.022 0.049 0.033 0.004 0.011 0.024
311 F 0.032 0.018 0.016 0.016 0.01 0.011 0.018 0.024 0.018 0.058 0.103 0.019 0.023 0.402 0.01 0.024 0.024 0.017 0.106 0.051
312 F 0.032 0.018 0.016 0.016 0.01 0.01 0.018 0.024 0.016 0.059 0.107 0.018 0.024 0.427 0.01 0.024 0.024 0.016 0.083 0.051
313 S 0.092 0.037 0.049 0.043 0.016 0.03 0.047 0.056 0.042 0.031 0.043 0.049 0.015 0.021 0.027 0.223 0.112 0.005 0.019 0.043
314 T 0.093 0.032 0.073 0.039 0.015 0.028 0.056 0.043 0.028 0.074 0.07 0.041 0.019 0.051 0.022 0.075 0.123 0.006 0.022 0.092
315 N 0.04 0.042 0.237 0.061 0.008 0.033 0.048 0.051 0.177 0.021 0.032 0.047 0.012 0.022 0.018 0.055 0.038 0.005 0.03 0.024
316 P 0.064 0.029 0.029 0.066 0.01 0.027 0.087 0.037 0.015 0.026 0.041 0.045 0.011 0.014 0.354 0.06 0.037 0.003 0.013 0.031
317 K 0.052 0.103 0.038 0.039 0.008 0.106 0.07 0.038 0.028 0.025 0.041 0.217 0.016 0.016 0.057 0.049 0.037 0.005 0.023 0.031
318 T 0.132 0.028 0.027 0.026 0.017 0.022 0.031 0.043 0.014 0.083 0.082 0.036 0.027 0.059 0.022 0.063 0.134 0.007 0.045 0.102
319 H 0.04 0.035 0.033 0.026 0.01 0.027 0.036 0.029 0.196 0.05 0.141 0.044 0.023 0.057 0.016 0.033 0.028 0.011 0.115 0.049
320 L 0.041 0.023 0.014 0.014 0.015 0.015 0.019 0.02 0.012 0.103 0.393 0.024 0.044 0.056 0.013 0.023 0.031 0.008 0.044 0.087
