#Seq2Logo.py -f /work3/idamei/ssn-clusterings/clustering/2205111339/clusters/0007_507/sequences.afa -o /work3/idamei/ssn-clusterings/clustering/2205111339/clusters/0007_507/sequences.logo
#Position Specific Frequency Matrix
A R N D C Q E G H I L K M F P S T W Y V
0 L 0.052 0.032 0.02 0.02 0.016 0.028 0.028 0.028 0.016 0.099 0.195 0.036 0.169 0.048 0.016 0.036 0.04 0.008 0.024 0.091
1 F 0.133 0.024 0.019 0.021 0.017 0.017 0.027 0.042 0.013 0.09 0.1 0.03 0.025 0.15 0.019 0.047 0.041 0.009 0.042 0.133
2 I 0.069 0.03 0.029 0.029 0.016 0.025 0.032 0.038 0.015 0.136 0.134 0.038 0.074 0.037 0.02 0.096 0.053 0.006 0.021 0.103
3 Y 0.041 0.027 0.019 0.017 0.011 0.02 0.025 0.023 0.034 0.067 0.172 0.029 0.029 0.104 0.015 0.029 0.03 0.021 0.224 0.063
4 W 0.031 0.021 0.016 0.016 0.009 0.014 0.021 0.028 0.016 0.041 0.073 0.021 0.018 0.171 0.009 0.023 0.023 0.337 0.074 0.038
5 V 0.075 0.026 0.028 0.028 0.017 0.021 0.031 0.037 0.012 0.157 0.112 0.034 0.028 0.033 0.02 0.095 0.057 0.005 0.019 0.164
6 I 0.056 0.019 0.015 0.018 0.017 0.014 0.02 0.022 0.008 0.232 0.151 0.024 0.034 0.04 0.015 0.028 0.043 0.006 0.02 0.215
7 G 0.088 0.028 0.044 0.038 0.013 0.023 0.034 0.365 0.015 0.022 0.033 0.04 0.011 0.018 0.022 0.11 0.047 0.005 0.013 0.03
8 Y 0.042 0.024 0.019 0.018 0.011 0.019 0.024 0.023 0.034 0.122 0.101 0.028 0.024 0.101 0.015 0.029 0.032 0.02 0.223 0.089
9 T 0.062 0.03 0.035 0.031 0.015 0.022 0.033 0.039 0.015 0.055 0.079 0.037 0.021 0.146 0.022 0.079 0.166 0.009 0.041 0.063
10 L 0.045 0.021 0.014 0.016 0.016 0.015 0.019 0.021 0.009 0.191 0.281 0.024 0.043 0.049 0.014 0.024 0.036 0.006 0.021 0.132
11 L 0.041 0.022 0.015 0.016 0.014 0.014 0.02 0.022 0.012 0.097 0.292 0.023 0.041 0.167 0.013 0.024 0.03 0.01 0.044 0.082
12 L 0.073 0.028 0.028 0.027 0.017 0.022 0.031 0.037 0.012 0.11 0.187 0.035 0.032 0.037 0.02 0.094 0.054 0.006 0.02 0.131
13 F 0.035 0.02 0.016 0.017 0.011 0.011 0.019 0.025 0.016 0.07 0.149 0.02 0.028 0.348 0.011 0.025 0.026 0.015 0.079 0.06
14 C 0.082 0.03 0.038 0.034 0.175 0.024 0.036 0.047 0.014 0.042 0.057 0.04 0.017 0.021 0.024 0.12 0.124 0.005 0.016 0.056
15 C 0.052 0.018 0.015 0.017 0.173 0.013 0.018 0.025 0.01 0.153 0.137 0.022 0.029 0.083 0.015 0.03 0.037 0.007 0.027 0.121
16 F 0.039 0.024 0.017 0.017 0.012 0.016 0.022 0.024 0.024 0.073 0.188 0.025 0.031 0.192 0.013 0.027 0.029 0.017 0.145 0.065
17 E 0.051 0.15 0.04 0.07 0.007 0.059 0.22 0.034 0.025 0.022 0.04 0.09 0.014 0.017 0.023 0.051 0.036 0.006 0.017 0.031
18 L 0.052 0.023 0.015 0.016 0.017 0.016 0.021 0.022 0.009 0.13 0.297 0.025 0.043 0.048 0.015 0.027 0.038 0.007 0.022 0.156
19 L 0.128 0.026 0.018 0.02 0.018 0.019 0.027 0.04 0.012 0.09 0.274 0.031 0.039 0.043 0.019 0.044 0.039 0.006 0.02 0.086
20 L 0.072 0.026 0.023 0.023 0.017 0.019 0.026 0.032 0.011 0.146 0.202 0.032 0.035 0.04 0.019 0.055 0.084 0.006 0.02 0.111
21 V 0.063 0.025 0.025 0.024 0.018 0.019 0.027 0.029 0.01 0.165 0.12 0.031 0.029 0.034 0.019 0.05 0.114 0.006 0.019 0.174
22 N 0.042 0.042 0.29 0.125 0.009 0.033 0.054 0.062 0.029 0.022 0.031 0.052 0.011 0.017 0.02 0.067 0.047 0.004 0.015 0.026
23 G 0.063 0.056 0.042 0.042 0.009 0.155 0.076 0.199 0.024 0.024 0.04 0.071 0.017 0.015 0.022 0.054 0.037 0.006 0.017 0.031
24 L 0.062 0.028 0.019 0.019 0.014 0.022 0.027 0.028 0.024 0.081 0.193 0.032 0.077 0.075 0.016 0.034 0.035 0.014 0.123 0.076
25 E 0.055 0.05 0.04 0.09 0.007 0.064 0.296 0.035 0.026 0.022 0.037 0.076 0.013 0.017 0.026 0.055 0.037 0.006 0.017 0.031
26 V 0.07 0.022 0.016 0.018 0.019 0.016 0.023 0.025 0.008 0.165 0.13 0.026 0.032 0.036 0.016 0.033 0.049 0.006 0.021 0.269
27 D 0.053 0.08 0.071 0.164 0.009 0.039 0.07 0.046 0.043 0.027 0.038 0.131 0.013 0.017 0.024 0.066 0.054 0.005 0.018 0.032
28 E 0.055 0.071 0.041 0.068 0.008 0.081 0.199 0.038 0.024 0.024 0.04 0.147 0.015 0.016 0.026 0.054 0.038 0.005 0.017 0.032
29 P 0.071 0.139 0.038 0.036 0.012 0.033 0.046 0.044 0.018 0.035 0.047 0.07 0.015 0.018 0.15 0.104 0.051 0.005 0.016 0.051
30 K 0.056 0.122 0.041 0.04 0.008 0.053 0.069 0.042 0.021 0.027 0.043 0.274 0.015 0.015 0.027 0.052 0.039 0.005 0.017 0.032
31 W 0.048 0.054 0.048 0.032 0.01 0.031 0.042 0.038 0.017 0.053 0.066 0.116 0.027 0.036 0.019 0.046 0.063 0.17 0.035 0.05
32 D 0.055 0.09 0.05 0.159 0.011 0.036 0.064 0.043 0.018 0.034 0.045 0.103 0.015 0.018 0.025 0.064 0.109 0.005 0.015 0.042
33 P 0.054 0.071 0.028 0.027 0.042 0.025 0.035 0.034 0.025 0.034 0.052 0.048 0.015 0.054 0.179 0.055 0.051 0.012 0.118 0.041
34 L 0.05 0.024 0.015 0.016 0.017 0.017 0.021 0.022 0.01 0.134 0.304 0.026 0.053 0.049 0.015 0.027 0.037 0.007 0.022 0.136
35 V 0.058 0.025 0.035 0.147 0.015 0.021 0.046 0.033 0.012 0.116 0.093 0.033 0.023 0.028 0.019 0.042 0.057 0.005 0.017 0.172
36 T 0.062 0.03 0.052 0.034 0.017 0.023 0.033 0.037 0.013 0.126 0.096 0.038 0.025 0.03 0.023 0.068 0.169 0.006 0.018 0.102
37 Y 0.041 0.027 0.019 0.017 0.011 0.02 0.025 0.023 0.034 0.067 0.172 0.029 0.029 0.104 0.015 0.029 0.03 0.021 0.224 0.063
38 L 0.05 0.022 0.016 0.016 0.016 0.015 0.021 0.023 0.011 0.117 0.226 0.024 0.037 0.138 0.014 0.027 0.036 0.009 0.039 0.145
39 F 0.036 0.022 0.018 0.017 0.01 0.014 0.022 0.025 0.027 0.056 0.098 0.023 0.023 0.305 0.012 0.027 0.026 0.02 0.167 0.052
40 F 0.038 0.018 0.016 0.017 0.012 0.011 0.018 0.024 0.014 0.135 0.131 0.02 0.029 0.277 0.012 0.025 0.03 0.013 0.065 0.095
41 I 0.132 0.022 0.018 0.021 0.018 0.017 0.025 0.04 0.011 0.192 0.128 0.03 0.03 0.036 0.02 0.045 0.043 0.006 0.019 0.146
42 G 0.076 0.024 0.027 0.025 0.014 0.018 0.024 0.256 0.013 0.06 0.165 0.03 0.035 0.056 0.017 0.041 0.032 0.007 0.021 0.057
43 V 0.07 0.025 0.023 0.023 0.019 0.019 0.027 0.029 0.01 0.134 0.112 0.031 0.028 0.032 0.019 0.048 0.104 0.006 0.02 0.221
44 L 0.135 0.025 0.018 0.021 0.019 0.019 0.027 0.041 0.011 0.114 0.192 0.031 0.033 0.038 0.02 0.046 0.043 0.006 0.02 0.14
45 L 0.061 0.022 0.016 0.017 0.015 0.015 0.021 0.027 0.012 0.11 0.223 0.024 0.036 0.162 0.014 0.03 0.034 0.01 0.043 0.109
46 L 0.044 0.024 0.014 0.015 0.016 0.016 0.02 0.021 0.01 0.114 0.382 0.025 0.049 0.054 0.014 0.024 0.033 0.007 0.022 0.095
47 I 0.047 0.018 0.015 0.018 0.016 0.013 0.018 0.02 0.009 0.278 0.166 0.023 0.036 0.044 0.015 0.025 0.039 0.006 0.02 0.175
48 V 0.062 0.022 0.016 0.017 0.049 0.016 0.022 0.025 0.009 0.138 0.162 0.026 0.041 0.062 0.016 0.032 0.044 0.006 0.025 0.21
49 F 0.038 0.021 0.016 0.016 0.013 0.013 0.019 0.024 0.014 0.083 0.221 0.021 0.035 0.257 0.012 0.025 0.028 0.013 0.062 0.071
50 G 0.151 0.025 0.034 0.032 0.014 0.021 0.03 0.369 0.014 0.027 0.038 0.037 0.012 0.018 0.022 0.062 0.036 0.005 0.013 0.039
51 G 0.078 0.023 0.039 0.033 0.011 0.019 0.025 0.515 0.013 0.019 0.028 0.033 0.009 0.016 0.019 0.051 0.029 0.005 0.011 0.024
52 I 0.047 0.021 0.016 0.018 0.016 0.017 0.02 0.023 0.011 0.216 0.17 0.026 0.071 0.068 0.015 0.028 0.039 0.007 0.026 0.145
53 R 0.044 0.351 0.038 0.031 0.008 0.048 0.052 0.033 0.023 0.023 0.046 0.119 0.015 0.017 0.019 0.044 0.035 0.006 0.017 0.031
54 G 0.078 0.023 0.039 0.033 0.011 0.019 0.025 0.515 0.013 0.019 0.028 0.033 0.009 0.016 0.019 0.051 0.029 0.005 0.011 0.024
55 P 0.056 0.026 0.023 0.031 0.01 0.02 0.036 0.036 0.013 0.026 0.036 0.041 0.01 0.013 0.499 0.043 0.036 0.003 0.013 0.031
56 G 0.062 0.03 0.089 0.039 0.012 0.025 0.031 0.262 0.018 0.046 0.084 0.038 0.063 0.027 0.018 0.049 0.037 0.006 0.016 0.047
57 S 0.094 0.038 0.049 0.044 0.017 0.031 0.047 0.057 0.017 0.039 0.051 0.05 0.017 0.022 0.029 0.173 0.15 0.005 0.017 0.053
58 G 0.078 0.023 0.039 0.033 0.011 0.019 0.025 0.515 0.013 0.019 0.028 0.033 0.009 0.016 0.019 0.051 0.029 0.005 0.011 0.024
59 I 0.054 0.019 0.015 0.018 0.017 0.014 0.019 0.022 0.009 0.24 0.154 0.024 0.035 0.041 0.015 0.027 0.043 0.006 0.02 0.209
60 D 0.041 0.03 0.068 0.403 0.007 0.03 0.09 0.046 0.019 0.022 0.028 0.044 0.009 0.015 0.022 0.052 0.035 0.004 0.011 0.024
61 D 0.041 0.03 0.068 0.403 0.007 0.03 0.09 0.046 0.019 0.022 0.028 0.044 0.009 0.015 0.022 0.052 0.035 0.004 0.011 0.024
62 W 0.048 0.029 0.042 0.152 0.011 0.024 0.051 0.04 0.016 0.035 0.048 0.037 0.015 0.033 0.019 0.055 0.104 0.169 0.032 0.041
63 Q 0.055 0.073 0.044 0.047 0.009 0.222 0.102 0.041 0.029 0.026 0.047 0.09 0.02 0.015 0.023 0.055 0.041 0.006 0.02 0.035
64 Y 0.04 0.028 0.022 0.019 0.009 0.022 0.028 0.025 0.046 0.043 0.068 0.031 0.019 0.13 0.015 0.031 0.028 0.028 0.325 0.046
65 L 0.048 0.051 0.023 0.024 0.014 0.028 0.037 0.028 0.013 0.085 0.269 0.112 0.038 0.041 0.018 0.034 0.035 0.006 0.02 0.074
66 G 0.058 0.042 0.05 0.161 0.009 0.09 0.073 0.201 0.02 0.022 0.034 0.056 0.013 0.015 0.021 0.053 0.035 0.005 0.014 0.028
67 F 0.033 0.019 0.017 0.017 0.01 0.01 0.019 0.025 0.017 0.063 0.113 0.019 0.025 0.393 0.01 0.025 0.025 0.017 0.088 0.054
68 F 0.036 0.022 0.018 0.017 0.01 0.014 0.022 0.025 0.027 0.056 0.098 0.023 0.023 0.305 0.012 0.027 0.026 0.02 0.167 0.052
69 Y 0.046 0.049 0.057 0.037 0.009 0.094 0.061 0.036 0.124 0.031 0.05 0.056 0.018 0.057 0.019 0.044 0.033 0.013 0.131 0.035
70 G 0.053 0.027 0.043 0.152 0.009 0.023 0.048 0.195 0.026 0.028 0.041 0.036 0.012 0.053 0.019 0.044 0.031 0.012 0.115 0.031
71 F 0.034 0.019 0.017 0.017 0.011 0.011 0.019 0.025 0.016 0.066 0.131 0.019 0.027 0.37 0.011 0.025 0.026 0.016 0.084 0.057
72 N 0.086 0.035 0.129 0.048 0.015 0.027 0.041 0.052 0.019 0.072 0.068 0.044 0.019 0.025 0.022 0.1 0.058 0.005 0.018 0.117
73 K 0.052 0.156 0.06 0.043 0.008 0.107 0.074 0.041 0.025 0.025 0.044 0.16 0.017 0.016 0.023 0.052 0.039 0.005 0.018 0.032
74 Q 0.061 0.06 0.043 0.043 0.012 0.157 0.081 0.042 0.024 0.035 0.053 0.075 0.02 0.018 0.025 0.067 0.112 0.006 0.019 0.047
75 V 0.062 0.023 0.021 0.021 0.018 0.017 0.024 0.027 0.009 0.179 0.129 0.029 0.031 0.036 0.018 0.042 0.087 0.006 0.02 0.201
76 D 0.057 0.032 0.062 0.283 0.01 0.03 0.076 0.081 0.041 0.023 0.031 0.046 0.011 0.017 0.023 0.086 0.043 0.004 0.015 0.027
77 I 0.055 0.021 0.016 0.018 0.017 0.016 0.021 0.023 0.009 0.216 0.158 0.026 0.052 0.041 0.015 0.029 0.043 0.006 0.021 0.198
78 D 0.057 0.03 0.045 0.159 0.011 0.026 0.071 0.044 0.019 0.038 0.06 0.04 0.016 0.143 0.02 0.09 0.044 0.009 0.039 0.039
79 G 0.083 0.029 0.048 0.088 0.012 0.025 0.043 0.303 0.016 0.023 0.032 0.042 0.011 0.017 0.023 0.11 0.047 0.005 0.013 0.03
80 L 0.042 0.024 0.016 0.016 0.014 0.016 0.021 0.022 0.018 0.093 0.283 0.025 0.04 0.114 0.014 0.026 0.031 0.012 0.091 0.08
81 G 0.095 0.026 0.032 0.033 0.013 0.022 0.047 0.201 0.016 0.038 0.063 0.035 0.017 0.143 0.019 0.071 0.038 0.009 0.039 0.043
82 D 0.055 0.058 0.051 0.164 0.011 0.039 0.084 0.043 0.018 0.032 0.043 0.127 0.014 0.017 0.025 0.063 0.095 0.005 0.015 0.04
83 I 0.136 0.023 0.019 0.022 0.019 0.018 0.027 0.041 0.011 0.169 0.121 0.031 0.029 0.034 0.02 0.047 0.045 0.006 0.019 0.166
84 K 0.105 0.056 0.029 0.03 0.015 0.035 0.045 0.044 0.017 0.065 0.104 0.121 0.068 0.029 0.023 0.055 0.056 0.006 0.02 0.078
85 D 0.064 0.036 0.062 0.261 0.011 0.044 0.078 0.052 0.019 0.025 0.034 0.05 0.012 0.017 0.025 0.111 0.051 0.004 0.014 0.031
86 I 0.054 0.048 0.024 0.025 0.014 0.027 0.036 0.029 0.013 0.172 0.118 0.111 0.028 0.033 0.019 0.036 0.041 0.006 0.019 0.148
87 Y 0.04 0.028 0.022 0.019 0.009 0.022 0.028 0.025 0.046 0.043 0.068 0.031 0.019 0.13 0.015 0.031 0.028 0.028 0.325 0.046
88 R 0.044 0.351 0.038 0.031 0.008 0.048 0.052 0.033 0.023 0.023 0.046 0.119 0.015 0.017 0.019 0.044 0.035 0.006 0.017 0.031
89 Y 0.04 0.028 0.022 0.019 0.009 0.022 0.028 0.025 0.046 0.043 0.068 0.031 0.019 0.13 0.015 0.031 0.028 0.028 0.325 0.046
90 E 0.055 0.049 0.04 0.089 0.007 0.064 0.303 0.035 0.026 0.022 0.036 0.075 0.013 0.016 0.026 0.055 0.036 0.005 0.016 0.031
91 P 0.053 0.036 0.104 0.045 0.01 0.026 0.042 0.044 0.018 0.025 0.035 0.061 0.011 0.014 0.339 0.051 0.04 0.003 0.014 0.03
92 V 0.062 0.022 0.016 0.017 0.018 0.017 0.023 0.024 0.009 0.146 0.166 0.026 0.042 0.063 0.016 0.031 0.045 0.007 0.025 0.225
93 F 0.046 0.024 0.025 0.024 0.013 0.016 0.026 0.031 0.016 0.059 0.097 0.028 0.023 0.27 0.016 0.047 0.101 0.013 0.064 0.06
94 I 0.048 0.026 0.02 0.02 0.014 0.021 0.025 0.025 0.023 0.137 0.134 0.031 0.065 0.072 0.016 0.034 0.05 0.014 0.123 0.103
95 L 0.043 0.025 0.017 0.016 0.014 0.018 0.023 0.022 0.022 0.091 0.277 0.027 0.039 0.079 0.015 0.026 0.031 0.014 0.123 0.079
96 L 0.045 0.022 0.014 0.016 0.016 0.015 0.019 0.021 0.01 0.169 0.31 0.024 0.045 0.051 0.014 0.024 0.035 0.007 0.022 0.122
97 A 0.297 0.031 0.025 0.029 0.021 0.025 0.04 0.078 0.015 0.043 0.059 0.044 0.017 0.021 0.029 0.084 0.049 0.005 0.017 0.068
98 W 0.042 0.023 0.019 0.018 0.011 0.017 0.023 0.057 0.023 0.116 0.094 0.026 0.023 0.075 0.013 0.028 0.03 0.144 0.134 0.083
99 L 0.047 0.022 0.016 0.016 0.015 0.014 0.02 0.023 0.012 0.11 0.225 0.023 0.036 0.162 0.013 0.027 0.035 0.01 0.044 0.13
100 S 0.087 0.034 0.041 0.037 0.017 0.027 0.041 0.051 0.016 0.054 0.137 0.044 0.025 0.054 0.024 0.16 0.065 0.006 0.023 0.057
101 S 0.107 0.039 0.053 0.047 0.017 0.032 0.05 0.096 0.019 0.029 0.041 0.052 0.015 0.02 0.029 0.216 0.078 0.005 0.017 0.04
102 F 0.033 0.02 0.016 0.016 0.01 0.012 0.02 0.026 0.016 0.057 0.115 0.02 0.024 0.282 0.01 0.024 0.025 0.144 0.078 0.051
103 F 0.038 0.018 0.016 0.017 0.012 0.011 0.018 0.024 0.014 0.135 0.131 0.02 0.029 0.277 0.012 0.025 0.03 0.013 0.065 0.095
104 T 0.087 0.037 0.047 0.042 0.018 0.03 0.044 0.052 0.016 0.043 0.055 0.048 0.018 0.022 0.028 0.146 0.185 0.006 0.018 0.059
105 N 0.048 0.069 0.156 0.057 0.008 0.042 0.058 0.05 0.093 0.024 0.037 0.145 0.014 0.019 0.023 0.057 0.041 0.005 0.024 0.028
106 N 0.069 0.046 0.139 0.07 0.011 0.054 0.121 0.055 0.025 0.025 0.037 0.062 0.014 0.018 0.025 0.117 0.056 0.005 0.017 0.033
107 S 0.172 0.037 0.044 0.042 0.019 0.03 0.048 0.07 0.018 0.034 0.047 0.05 0.016 0.021 0.029 0.18 0.071 0.005 0.017 0.05
108 F 0.039 0.03 0.121 0.039 0.01 0.022 0.032 0.038 0.031 0.043 0.071 0.034 0.018 0.18 0.015 0.042 0.034 0.016 0.143 0.042
109 W 0.046 0.023 0.017 0.017 0.012 0.016 0.023 0.026 0.019 0.081 0.089 0.025 0.023 0.11 0.012 0.028 0.033 0.175 0.106 0.119
110 F 0.033 0.019 0.017 0.017 0.01 0.01 0.019 0.025 0.017 0.063 0.113 0.019 0.025 0.393 0.01 0.025 0.025 0.017 0.088 0.054
111 L 0.044 0.024 0.014 0.015 0.016 0.016 0.02 0.021 0.01 0.114 0.382 0.025 0.049 0.054 0.014 0.024 0.033 0.007 0.022 0.095
112 L 0.044 0.024 0.014 0.015 0.016 0.016 0.02 0.021 0.01 0.114 0.382 0.025 0.049 0.054 0.014 0.024 0.033 0.007 0.022 0.095
113 F 0.045 0.02 0.017 0.017 0.013 0.012 0.02 0.025 0.014 0.096 0.118 0.021 0.027 0.274 0.012 0.028 0.033 0.013 0.065 0.128
114 V 0.057 0.023 0.018 0.018 0.015 0.018 0.024 0.024 0.021 0.138 0.114 0.027 0.028 0.068 0.016 0.031 0.041 0.013 0.122 0.186
115 C 0.142 0.021 0.019 0.021 0.333 0.017 0.024 0.047 0.01 0.044 0.063 0.028 0.017 0.021 0.021 0.055 0.041 0.004 0.014 0.06
116 F 0.122 0.023 0.019 0.021 0.014 0.016 0.026 0.042 0.016 0.07 0.099 0.028 0.023 0.246 0.017 0.045 0.034 0.012 0.06 0.067
117 C 0.053 0.018 0.016 0.017 0.172 0.013 0.019 0.027 0.011 0.105 0.107 0.021 0.025 0.151 0.014 0.032 0.035 0.009 0.04 0.115
118 A 0.222 0.034 0.037 0.037 0.02 0.028 0.045 0.073 0.016 0.037 0.052 0.048 0.017 0.021 0.029 0.142 0.062 0.005 0.017 0.057
119 V 0.069 0.022 0.016 0.018 0.019 0.016 0.023 0.024 0.008 0.163 0.129 0.026 0.031 0.035 0.016 0.033 0.049 0.005 0.02 0.276
120 L 0.08 0.033 0.038 0.035 0.016 0.026 0.038 0.078 0.015 0.06 0.157 0.042 0.027 0.032 0.023 0.13 0.085 0.006 0.019 0.062
121 C 0.061 0.023 0.025 0.024 0.174 0.018 0.024 0.032 0.01 0.125 0.098 0.029 0.024 0.029 0.019 0.052 0.11 0.005 0.017 0.101
122 N 0.042 0.044 0.324 0.082 0.009 0.033 0.049 0.065 0.031 0.022 0.031 0.053 0.011 0.018 0.02 0.069 0.049 0.004 0.016 0.027
123 A 0.285 0.031 0.027 0.031 0.021 0.026 0.041 0.077 0.015 0.042 0.058 0.045 0.017 0.021 0.029 0.094 0.052 0.005 0.017 0.066
124 I 0.042 0.019 0.015 0.017 0.014 0.013 0.019 0.023 0.011 0.2 0.136 0.023 0.031 0.094 0.013 0.024 0.034 0.106 0.039 0.13
125 I 0.056 0.024 0.024 0.024 0.048 0.018 0.025 0.029 0.01 0.177 0.14 0.03 0.03 0.036 0.019 0.048 0.11 0.006 0.019 0.127
126 F 0.037 0.024 0.019 0.018 0.01 0.016 0.024 0.025 0.032 0.052 0.089 0.025 0.022 0.252 0.013 0.028 0.027 0.023 0.214 0.05
127 K 0.056 0.106 0.041 0.041 0.009 0.053 0.07 0.043 0.02 0.027 0.043 0.285 0.015 0.015 0.027 0.053 0.039 0.005 0.017 0.032
128 K 0.052 0.188 0.04 0.038 0.008 0.051 0.064 0.039 0.021 0.026 0.044 0.23 0.015 0.016 0.025 0.05 0.038 0.005 0.017 0.032
129 Y 0.04 0.028 0.022 0.019 0.009 0.022 0.028 0.025 0.046 0.043 0.068 0.031 0.019 0.13 0.015 0.031 0.028 0.028 0.325 0.046
130 S 0.109 0.04 0.054 0.048 0.017 0.033 0.052 0.066 0.019 0.029 0.041 0.054 0.016 0.021 0.029 0.228 0.081 0.005 0.017 0.041
131 P 0.056 0.026 0.023 0.031 0.01 0.02 0.036 0.036 0.013 0.026 0.036 0.041 0.01 0.013 0.499 0.043 0.036 0.003 0.013 0.031
132 L 0.043 0.025 0.017 0.016 0.014 0.018 0.023 0.022 0.022 0.091 0.277 0.027 0.039 0.079 0.015 0.026 0.031 0.014 0.123 0.079
133 I 0.05 0.02 0.017 0.022 0.014 0.016 0.024 0.026 0.01 0.194 0.123 0.029 0.028 0.033 0.176 0.031 0.038 0.005 0.018 0.127
134 L 0.044 0.024 0.014 0.015 0.016 0.016 0.02 0.021 0.01 0.114 0.382 0.025 0.049 0.054 0.014 0.024 0.033 0.007 0.022 0.095
135 V 0.068 0.02 0.016 0.017 0.176 0.015 0.021 0.027 0.008 0.123 0.107 0.024 0.026 0.03 0.016 0.035 0.045 0.005 0.018 0.203
136 S 0.109 0.04 0.054 0.048 0.017 0.033 0.052 0.066 0.019 0.029 0.041 0.054 0.016 0.021 0.029 0.228 0.081 0.005 0.017 0.041
137 L 0.044 0.024 0.014 0.015 0.016 0.016 0.02 0.021 0.01 0.114 0.382 0.025 0.049 0.054 0.014 0.024 0.033 0.007 0.022 0.095
138 C 0.066 0.018 0.016 0.017 0.332 0.013 0.018 0.03 0.008 0.084 0.086 0.022 0.021 0.025 0.016 0.038 0.04 0.005 0.015 0.13
139 L 0.052 0.023 0.015 0.016 0.017 0.016 0.021 0.022 0.009 0.13 0.297 0.025 0.043 0.048 0.015 0.027 0.038 0.007 0.022 0.156
140 Y 0.04 0.028 0.022 0.019 0.009 0.022 0.028 0.025 0.046 0.043 0.068 0.031 0.019 0.13 0.015 0.031 0.028 0.028 0.325 0.046
141 S 0.084 0.033 0.041 0.038 0.015 0.025 0.041 0.052 0.018 0.041 0.065 0.042 0.019 0.145 0.023 0.16 0.063 0.009 0.041 0.046
142 A 0.143 0.031 0.033 0.032 0.019 0.025 0.038 0.054 0.014 0.079 0.077 0.041 0.022 0.026 0.025 0.115 0.073 0.005 0.018 0.129
143 H 0.042 0.045 0.053 0.038 0.008 0.038 0.053 0.038 0.361 0.023 0.038 0.045 0.015 0.03 0.019 0.042 0.026 0.008 0.057 0.023
144 L 0.044 0.024 0.014 0.015 0.016 0.016 0.02 0.021 0.01 0.114 0.382 0.025 0.049 0.054 0.014 0.024 0.033 0.007 0.022 0.095
145 F 0.036 0.022 0.018 0.017 0.01 0.014 0.022 0.025 0.027 0.056 0.098 0.023 0.023 0.305 0.012 0.027 0.026 0.02 0.167 0.052
146 I 0.047 0.018 0.015 0.018 0.016 0.013 0.018 0.02 0.009 0.278 0.166 0.023 0.036 0.044 0.015 0.025 0.039 0.006 0.02 0.175
147 N 0.042 0.044 0.324 0.082 0.009 0.033 0.049 0.065 0.031 0.022 0.031 0.053 0.011 0.018 0.02 0.069 0.049 0.004 0.016 0.027
148 K 0.056 0.106 0.041 0.041 0.009 0.053 0.07 0.043 0.02 0.027 0.043 0.285 0.015 0.015 0.027 0.053 0.039 0.005 0.017 0.032
149 D 0.045 0.036 0.059 0.299 0.007 0.041 0.161 0.042 0.021 0.022 0.031 0.054 0.01 0.015 0.023 0.053 0.036 0.004 0.013 0.026
150 L 0.049 0.029 0.018 0.018 0.016 0.024 0.025 0.026 0.014 0.104 0.257 0.032 0.129 0.05 0.015 0.032 0.038 0.008 0.023 0.093
151 N 0.042 0.044 0.324 0.082 0.009 0.033 0.049 0.065 0.031 0.022 0.031 0.053 0.011 0.018 0.02 0.069 0.049 0.004 0.016 0.027
152 Q 0.055 0.073 0.044 0.047 0.009 0.222 0.102 0.041 0.029 0.026 0.047 0.09 0.02 0.015 0.023 0.055 0.041 0.006 0.02 0.035
153 I 0.047 0.018 0.015 0.018 0.016 0.013 0.018 0.02 0.009 0.278 0.166 0.023 0.036 0.044 0.015 0.025 0.039 0.006 0.02 0.175
154 R 0.044 0.351 0.038 0.031 0.008 0.048 0.052 0.033 0.023 0.023 0.046 0.119 0.015 0.017 0.019 0.044 0.035 0.006 0.017 0.031
155 F 0.033 0.019 0.017 0.017 0.01 0.01 0.019 0.025 0.017 0.063 0.113 0.019 0.025 0.393 0.01 0.025 0.025 0.017 0.088 0.054
156 G 0.078 0.023 0.039 0.033 0.011 0.019 0.025 0.515 0.013 0.019 0.028 0.033 0.009 0.016 0.019 0.051 0.029 0.005 0.011 0.024
157 L 0.045 0.022 0.014 0.016 0.016 0.015 0.019 0.021 0.01 0.169 0.31 0.024 0.045 0.051 0.014 0.024 0.035 0.007 0.022 0.122
158 A 0.169 0.035 0.042 0.04 0.05 0.029 0.046 0.067 0.017 0.035 0.049 0.048 0.016 0.021 0.029 0.167 0.068 0.005 0.017 0.051
159 S 0.109 0.04 0.054 0.048 0.017 0.033 0.052 0.066 0.019 0.029 0.041 0.054 0.016 0.021 0.029 0.228 0.081 0.005 0.017 0.041
160 A 0.297 0.031 0.025 0.029 0.021 0.025 0.04 0.078 0.015 0.043 0.059 0.044 0.017 0.021 0.029 0.084 0.049 0.005 0.017 0.068
161 F 0.033 0.019 0.017 0.017 0.01 0.01 0.019 0.025 0.017 0.063 0.113 0.019 0.025 0.393 0.01 0.025 0.025 0.017 0.088 0.054
162 A 0.209 0.027 0.022 0.025 0.018 0.02 0.033 0.06 0.015 0.049 0.077 0.036 0.02 0.145 0.023 0.064 0.041 0.009 0.041 0.064
163 V 0.066 0.021 0.016 0.018 0.019 0.016 0.022 0.024 0.008 0.178 0.134 0.026 0.032 0.036 0.016 0.032 0.048 0.005 0.02 0.263
164 A 0.215 0.031 0.024 0.026 0.02 0.026 0.036 0.061 0.015 0.062 0.104 0.041 0.068 0.03 0.025 0.068 0.046 0.006 0.02 0.076
165 F 0.087 0.027 0.032 0.03 0.11 0.021 0.033 0.046 0.016 0.044 0.071 0.035 0.019 0.145 0.02 0.113 0.051 0.009 0.04 0.051
166 V 0.05 0.02 0.016 0.017 0.015 0.014 0.02 0.023 0.011 0.157 0.15 0.023 0.032 0.158 0.014 0.027 0.037 0.009 0.043 0.163
167 C 0.057 0.017 0.015 0.017 0.3 0.013 0.017 0.028 0.008 0.127 0.119 0.022 0.025 0.03 0.015 0.034 0.037 0.005 0.016 0.098
168 L 0.053 0.029 0.025 0.023 0.014 0.021 0.029 0.03 0.023 0.073 0.191 0.033 0.031 0.071 0.018 0.053 0.079 0.014 0.122 0.07
169 L 0.127 0.027 0.02 0.021 0.016 0.021 0.029 0.041 0.024 0.067 0.169 0.033 0.028 0.068 0.02 0.046 0.037 0.013 0.121 0.07
170 A 0.219 0.033 0.034 0.035 0.02 0.027 0.043 0.07 0.016 0.046 0.058 0.046 0.018 0.022 0.029 0.129 0.06 0.005 0.018 0.073
171 G 0.056 0.048 0.154 0.057 0.009 0.092 0.06 0.177 0.026 0.023 0.035 0.06 0.014 0.016 0.021 0.06 0.041 0.005 0.016 0.029
172 R 0.043 0.244 0.048 0.155 0.008 0.042 0.065 0.037 0.022 0.023 0.04 0.094 0.013 0.016 0.02 0.047 0.035 0.005 0.015 0.028
173 K 0.05 0.096 0.034 0.033 0.009 0.042 0.055 0.036 0.029 0.032 0.051 0.189 0.016 0.054 0.023 0.045 0.035 0.013 0.12 0.037
174 Y 0.041 0.026 0.019 0.017 0.012 0.019 0.025 0.023 0.032 0.068 0.175 0.028 0.029 0.122 0.015 0.028 0.029 0.02 0.208 0.063
175 V 0.061 0.025 0.025 0.024 0.017 0.019 0.027 0.03 0.011 0.125 0.127 0.031 0.028 0.081 0.019 0.05 0.112 0.007 0.029 0.152
176 L 0.048 0.052 0.026 0.025 0.011 0.03 0.04 0.03 0.026 0.059 0.125 0.114 0.024 0.065 0.019 0.036 0.034 0.046 0.124 0.066
177 A 0.222 0.034 0.037 0.037 0.02 0.028 0.045 0.073 0.016 0.037 0.052 0.048 0.017 0.021 0.029 0.142 0.062 0.005 0.017 0.057
178 L 0.065 0.026 0.017 0.018 0.016 0.02 0.024 0.028 0.013 0.115 0.249 0.029 0.083 0.07 0.016 0.033 0.037 0.008 0.027 0.107
179 I 0.057 0.019 0.015 0.018 0.017 0.015 0.02 0.022 0.008 0.224 0.149 0.025 0.034 0.04 0.015 0.028 0.044 0.006 0.02 0.222
180 F 0.038 0.021 0.016 0.016 0.013 0.013 0.02 0.024 0.014 0.082 0.208 0.022 0.043 0.257 0.012 0.025 0.029 0.013 0.062 0.071
181 F 0.037 0.021 0.016 0.016 0.012 0.012 0.019 0.024 0.014 0.08 0.203 0.021 0.033 0.28 0.012 0.025 0.028 0.013 0.066 0.068
182 L 0.059 0.027 0.024 0.023 0.017 0.02 0.027 0.029 0.011 0.104 0.225 0.032 0.036 0.04 0.019 0.048 0.11 0.006 0.02 0.123
183 L 0.051 0.022 0.015 0.016 0.174 0.016 0.019 0.025 0.01 0.09 0.263 0.024 0.046 0.042 0.015 0.03 0.035 0.006 0.019 0.082
184 C 0.094 0.032 0.041 0.038 0.174 0.026 0.04 0.054 0.015 0.034 0.049 0.042 0.016 0.02 0.025 0.165 0.066 0.005 0.016 0.046
185 I 0.062 0.024 0.026 0.026 0.017 0.019 0.027 0.032 0.011 0.198 0.128 0.032 0.03 0.036 0.019 0.074 0.076 0.006 0.019 0.134
186 L 0.048 0.04 0.024 0.026 0.014 0.085 0.047 0.028 0.016 0.085 0.27 0.047 0.04 0.041 0.017 0.034 0.036 0.007 0.022 0.075
187 S 0.097 0.038 0.05 0.045 0.017 0.031 0.048 0.058 0.017 0.037 0.049 0.051 0.017 0.022 0.029 0.182 0.139 0.005 0.017 0.051
188 H 0.043 0.047 0.052 0.038 0.008 0.05 0.056 0.038 0.339 0.023 0.038 0.048 0.015 0.029 0.019 0.043 0.027 0.007 0.054 0.023
189 N 0.064 0.037 0.133 0.05 0.012 0.029 0.043 0.052 0.032 0.032 0.047 0.046 0.015 0.056 0.022 0.109 0.053 0.012 0.119 0.038
190 T 0.084 0.037 0.047 0.041 0.018 0.029 0.043 0.051 0.015 0.045 0.057 0.048 0.018 0.023 0.028 0.137 0.196 0.006 0.018 0.061
191 G 0.151 0.025 0.034 0.032 0.014 0.021 0.03 0.369 0.014 0.027 0.038 0.037 0.012 0.018 0.022 0.062 0.036 0.005 0.013 0.039
192 Y 0.125 0.028 0.023 0.022 0.013 0.022 0.031 0.042 0.034 0.044 0.068 0.034 0.019 0.111 0.02 0.048 0.035 0.02 0.206 0.054
193 A 0.282 0.03 0.025 0.029 0.021 0.025 0.039 0.074 0.014 0.051 0.063 0.043 0.018 0.022 0.029 0.081 0.049 0.005 0.018 0.082
194 G 0.143 0.026 0.028 0.028 0.016 0.021 0.03 0.206 0.013 0.058 0.118 0.036 0.022 0.027 0.022 0.058 0.053 0.006 0.016 0.073
195 L 0.045 0.02 0.015 0.017 0.015 0.013 0.019 0.023 0.012 0.158 0.187 0.023 0.035 0.161 0.013 0.026 0.035 0.01 0.043 0.132
196 L 0.047 0.024 0.015 0.016 0.016 0.017 0.021 0.022 0.011 0.126 0.326 0.026 0.063 0.051 0.014 0.026 0.035 0.007 0.022 0.112
197 V 0.056 0.024 0.017 0.018 0.017 0.019 0.023 0.024 0.011 0.18 0.163 0.028 0.079 0.042 0.016 0.031 0.043 0.006 0.022 0.181
198 V 0.091 0.022 0.019 0.02 0.018 0.017 0.024 0.031 0.01 0.186 0.13 0.029 0.031 0.036 0.018 0.04 0.059 0.006 0.02 0.194
199 P 0.056 0.026 0.023 0.031 0.01 0.02 0.036 0.036 0.013 0.026 0.036 0.041 0.01 0.013 0.499 0.043 0.036 0.003 0.013 0.031
200 F 0.121 0.023 0.02 0.021 0.014 0.015 0.026 0.043 0.016 0.056 0.095 0.027 0.023 0.269 0.017 0.045 0.033 0.013 0.064 0.059
201 L 0.044 0.024 0.014 0.015 0.016 0.016 0.02 0.021 0.01 0.114 0.382 0.025 0.049 0.054 0.014 0.024 0.033 0.007 0.022 0.095
202 F 0.033 0.019 0.017 0.017 0.01 0.01 0.019 0.025 0.017 0.063 0.113 0.019 0.025 0.393 0.01 0.025 0.025 0.017 0.088 0.054
203 L 0.045 0.021 0.014 0.016 0.016 0.015 0.019 0.021 0.009 0.191 0.281 0.024 0.043 0.049 0.014 0.024 0.036 0.006 0.021 0.132
204 C 0.065 0.016 0.016 0.016 0.484 0.012 0.016 0.032 0.008 0.045 0.065 0.02 0.016 0.02 0.016 0.041 0.037 0.004 0.012 0.057
205 K 0.052 0.199 0.039 0.036 0.008 0.049 0.06 0.038 0.021 0.026 0.044 0.202 0.015 0.016 0.055 0.049 0.037 0.005 0.017 0.032
206 E 0.062 0.042 0.04 0.068 0.009 0.059 0.197 0.195 0.022 0.021 0.034 0.062 0.012 0.016 0.023 0.053 0.034 0.005 0.015 0.029
207 R 0.048 0.27 0.039 0.034 0.008 0.05 0.058 0.036 0.022 0.024 0.045 0.174 0.015 0.017 0.022 0.047 0.036 0.006 0.017 0.031
208 R 0.048 0.27 0.039 0.034 0.008 0.05 0.058 0.036 0.022 0.024 0.045 0.174 0.015 0.017 0.022 0.047 0.036 0.006 0.017 0.031
209 Y 0.038 0.025 0.02 0.018 0.01 0.018 0.025 0.025 0.036 0.05 0.083 0.027 0.021 0.217 0.014 0.029 0.027 0.024 0.246 0.049
210 F 0.037 0.021 0.016 0.016 0.012 0.013 0.019 0.024 0.014 0.078 0.199 0.021 0.032 0.258 0.011 0.025 0.028 0.046 0.065 0.066
211 P 0.062 0.025 0.027 0.031 0.01 0.02 0.033 0.164 0.013 0.024 0.034 0.039 0.01 0.014 0.371 0.045 0.034 0.003 0.012 0.029
212 L 0.049 0.026 0.016 0.017 0.016 0.02 0.022 0.023 0.012 0.134 0.274 0.028 0.086 0.049 0.015 0.029 0.037 0.007 0.022 0.117
213 I 0.095 0.025 0.019 0.02 0.015 0.02 0.026 0.034 0.023 0.13 0.128 0.031 0.036 0.069 0.018 0.039 0.037 0.013 0.122 0.1
214 I 0.048 0.022 0.016 0.018 0.016 0.018 0.021 0.023 0.011 0.219 0.176 0.027 0.081 0.045 0.015 0.028 0.04 0.007 0.022 0.147
215 L 0.053 0.021 0.015 0.017 0.017 0.015 0.02 0.022 0.009 0.185 0.226 0.025 0.039 0.044 0.015 0.027 0.04 0.006 0.021 0.182
216 L 0.043 0.023 0.014 0.015 0.015 0.015 0.02 0.022 0.011 0.118 0.332 0.024 0.045 0.099 0.014 0.024 0.032 0.008 0.031 0.095
217 L 0.103 0.023 0.017 0.018 0.175 0.017 0.023 0.036 0.01 0.08 0.194 0.027 0.031 0.035 0.018 0.042 0.038 0.006 0.018 0.089
218 A 0.234 0.034 0.035 0.036 0.02 0.028 0.044 0.074 0.016 0.038 0.053 0.047 0.017 0.021 0.029 0.132 0.06 0.005 0.017 0.059
219 I 0.054 0.019 0.015 0.018 0.017 0.014 0.019 0.022 0.009 0.24 0.154 0.024 0.035 0.041 0.015 0.027 0.043 0.006 0.02 0.209
220 P 0.056 0.026 0.023 0.031 0.01 0.02 0.036 0.036 0.013 0.026 0.036 0.041 0.01 0.013 0.499 0.043 0.036 0.003 0.013 0.031
221 L 0.046 0.02 0.014 0.017 0.016 0.014 0.018 0.021 0.009 0.224 0.238 0.024 0.041 0.047 0.014 0.025 0.037 0.006 0.021 0.148
222 G 0.078 0.023 0.039 0.033 0.011 0.019 0.025 0.515 0.013 0.019 0.028 0.033 0.009 0.016 0.019 0.051 0.029 0.005 0.011 0.024
223 L 0.045 0.019 0.015 0.017 0.016 0.014 0.018 0.021 0.01 0.22 0.22 0.024 0.039 0.07 0.014 0.025 0.037 0.007 0.025 0.146
224 I 0.057 0.019 0.015 0.018 0.017 0.015 0.02 0.022 0.008 0.224 0.149 0.025 0.034 0.04 0.015 0.028 0.044 0.006 0.02 0.222
225 G 0.078 0.023 0.039 0.033 0.011 0.019 0.025 0.515 0.013 0.019 0.028 0.033 0.009 0.016 0.019 0.051 0.029 0.005 0.011 0.024
226 G 0.078 0.023 0.039 0.033 0.011 0.019 0.025 0.515 0.013 0.019 0.028 0.033 0.009 0.016 0.019 0.051 0.029 0.005 0.011 0.024
227 K 0.056 0.104 0.041 0.041 0.009 0.064 0.072 0.043 0.021 0.027 0.043 0.272 0.016 0.015 0.027 0.053 0.039 0.005 0.017 0.033
228 N 0.069 0.063 0.139 0.057 0.012 0.04 0.057 0.058 0.024 0.026 0.038 0.131 0.014 0.018 0.026 0.117 0.056 0.005 0.017 0.034
229 L 0.045 0.022 0.014 0.016 0.016 0.015 0.019 0.021 0.01 0.169 0.31 0.024 0.045 0.051 0.014 0.024 0.035 0.007 0.022 0.122
230 F 0.037 0.021 0.016 0.016 0.012 0.012 0.019 0.024 0.014 0.08 0.203 0.021 0.033 0.28 0.012 0.025 0.028 0.013 0.066 0.068
231 L 0.053 0.028 0.024 0.022 0.017 0.02 0.026 0.028 0.011 0.094 0.276 0.032 0.039 0.044 0.018 0.047 0.107 0.007 0.021 0.087
232 D 0.042 0.033 0.135 0.167 0.011 0.026 0.053 0.044 0.02 0.053 0.147 0.041 0.023 0.029 0.019 0.048 0.039 0.005 0.016 0.049
233 L 0.064 0.03 0.03 0.027 0.014 0.023 0.033 0.037 0.025 0.062 0.164 0.037 0.028 0.068 0.02 0.094 0.047 0.013 0.121 0.061
234 L 0.04 0.029 0.028 0.023 0.011 0.021 0.031 0.028 0.129 0.067 0.178 0.03 0.03 0.159 0.014 0.03 0.028 0.01 0.056 0.057
235 G 0.077 0.029 0.035 0.032 0.015 0.023 0.032 0.201 0.014 0.054 0.15 0.037 0.025 0.03 0.021 0.101 0.048 0.006 0.017 0.054
236 L 0.046 0.029 0.118 0.038 0.014 0.021 0.029 0.036 0.017 0.131 0.191 0.034 0.032 0.038 0.016 0.04 0.041 0.006 0.019 0.106
237 L 0.053 0.021 0.015 0.017 0.017 0.015 0.02 0.022 0.009 0.185 0.226 0.025 0.039 0.044 0.015 0.027 0.04 0.006 0.021 0.182
238 P 0.056 0.026 0.023 0.031 0.01 0.02 0.036 0.036 0.013 0.026 0.036 0.041 0.01 0.013 0.499 0.043 0.036 0.003 0.013 0.031
239 G 0.068 0.025 0.049 0.031 0.014 0.019 0.028 0.195 0.013 0.126 0.09 0.033 0.022 0.029 0.019 0.064 0.044 0.005 0.016 0.11
240 V 0.055 0.02 0.015 0.017 0.017 0.015 0.02 0.022 0.009 0.199 0.194 0.025 0.037 0.042 0.015 0.028 0.042 0.006 0.021 0.199
241 G 0.088 0.028 0.044 0.038 0.013 0.023 0.034 0.365 0.015 0.022 0.033 0.04 0.011 0.018 0.022 0.11 0.047 0.005 0.013 0.03
242 D 0.047 0.032 0.041 0.17 0.01 0.036 0.137 0.034 0.018 0.107 0.077 0.047 0.019 0.025 0.021 0.044 0.037 0.005 0.016 0.077
243 R 0.051 0.163 0.033 0.031 0.011 0.043 0.05 0.034 0.02 0.05 0.095 0.147 0.067 0.027 0.021 0.044 0.038 0.006 0.019 0.052
244 A 0.213 0.028 0.022 0.025 0.02 0.022 0.033 0.059 0.013 0.067 0.166 0.038 0.028 0.032 0.024 0.064 0.044 0.006 0.019 0.077
245 R 0.07 0.141 0.039 0.034 0.014 0.036 0.045 0.043 0.019 0.048 0.085 0.07 0.057 0.027 0.022 0.106 0.066 0.006 0.019 0.053
246 G 0.074 0.035 0.128 0.046 0.013 0.028 0.037 0.143 0.021 0.049 0.088 0.043 0.064 0.028 0.02 0.066 0.044 0.006 0.018 0.052
247 Y 0.04 0.028 0.022 0.019 0.009 0.022 0.028 0.025 0.046 0.043 0.068 0.031 0.019 0.13 0.015 0.031 0.028 0.028 0.325 0.046
248 A 0.147 0.039 0.036 0.056 0.015 0.042 0.147 0.054 0.019 0.04 0.051 0.057 0.016 0.02 0.027 0.098 0.051 0.005 0.017 0.062
249 G 0.075 0.024 0.058 0.037 0.011 0.02 0.027 0.485 0.015 0.019 0.028 0.035 0.009 0.016 0.019 0.052 0.031 0.005 0.011 0.024
250 G 0.074 0.031 0.042 0.036 0.015 0.024 0.034 0.2 0.014 0.041 0.052 0.041 0.016 0.021 0.024 0.078 0.179 0.006 0.015 0.055
251 E 0.056 0.063 0.056 0.06 0.01 0.049 0.153 0.038 0.021 0.052 0.055 0.135 0.017 0.02 0.025 0.054 0.054 0.005 0.017 0.06
252 F 0.033 0.019 0.017 0.017 0.01 0.01 0.019 0.025 0.017 0.063 0.113 0.019 0.025 0.393 0.01 0.025 0.025 0.017 0.088 0.054
253 D 0.041 0.03 0.068 0.403 0.007 0.03 0.09 0.046 0.019 0.022 0.028 0.044 0.009 0.015 0.022 0.052 0.035 0.004 0.011 0.024
254 G 0.074 0.049 0.05 0.03 0.012 0.023 0.031 0.196 0.026 0.041 0.054 0.041 0.016 0.056 0.019 0.049 0.048 0.013 0.118 0.055
255 E 0.12 0.04 0.059 0.059 0.014 0.041 0.132 0.056 0.021 0.029 0.042 0.058 0.014 0.019 0.059 0.118 0.055 0.005 0.017 0.042
256 L 0.056 0.03 0.045 0.027 0.014 0.022 0.031 0.034 0.025 0.067 0.186 0.035 0.03 0.07 0.018 0.07 0.042 0.013 0.122 0.064
257 G 0.081 0.029 0.038 0.037 0.013 0.024 0.038 0.205 0.015 0.025 0.035 0.043 0.012 0.017 0.182 0.107 0.049 0.004 0.014 0.032
258 I 0.054 0.019 0.015 0.018 0.017 0.014 0.019 0.022 0.009 0.24 0.154 0.024 0.035 0.041 0.015 0.027 0.043 0.006 0.02 0.209
259 F 0.037 0.019 0.017 0.017 0.011 0.011 0.019 0.025 0.016 0.084 0.118 0.02 0.026 0.346 0.011 0.026 0.028 0.015 0.079 0.077
260 G 0.094 0.032 0.047 0.041 0.014 0.026 0.039 0.275 0.016 0.024 0.035 0.044 0.013 0.019 0.024 0.145 0.057 0.005 0.014 0.033
261 L 0.044 0.024 0.014 0.015 0.016 0.016 0.02 0.021 0.01 0.114 0.382 0.025 0.049 0.054 0.014 0.024 0.033 0.007 0.022 0.095
262 A 0.224 0.028 0.03 0.031 0.018 0.023 0.035 0.223 0.014 0.035 0.049 0.04 0.015 0.02 0.026 0.073 0.043 0.005 0.015 0.053
263 N 0.042 0.044 0.324 0.082 0.009 0.033 0.049 0.065 0.031 0.022 0.031 0.053 0.011 0.018 0.02 0.069 0.049 0.004 0.016 0.027
264 L 0.043 0.024 0.014 0.015 0.016 0.016 0.02 0.021 0.01 0.111 0.364 0.025 0.048 0.077 0.014 0.024 0.033 0.008 0.026 0.093
265 K 0.056 0.106 0.041 0.041 0.009 0.053 0.07 0.043 0.02 0.027 0.043 0.285 0.015 0.015 0.027 0.053 0.039 0.005 0.017 0.032
266 N 0.042 0.044 0.324 0.082 0.009 0.033 0.049 0.065 0.031 0.022 0.031 0.053 0.011 0.018 0.02 0.069 0.049 0.004 0.016 0.027
267 I 0.054 0.019 0.015 0.018 0.017 0.014 0.019 0.022 0.009 0.24 0.154 0.024 0.035 0.041 0.015 0.027 0.043 0.006 0.02 0.209
268 L 0.113 0.023 0.017 0.02 0.017 0.017 0.024 0.036 0.011 0.161 0.209 0.029 0.036 0.041 0.018 0.04 0.04 0.006 0.02 0.12
269 F 0.036 0.022 0.018 0.017 0.01 0.014 0.022 0.025 0.027 0.056 0.098 0.023 0.023 0.305 0.012 0.027 0.026 0.02 0.167 0.052
270 I 0.053 0.017 0.015 0.017 0.174 0.013 0.017 0.024 0.008 0.2 0.132 0.022 0.03 0.036 0.015 0.03 0.038 0.005 0.018 0.135
271 A 0.165 0.026 0.023 0.025 0.017 0.019 0.031 0.052 0.015 0.072 0.088 0.034 0.022 0.148 0.021 0.067 0.043 0.009 0.041 0.083
272 V 0.057 0.021 0.016 0.017 0.016 0.014 0.022 0.025 0.011 0.13 0.124 0.023 0.029 0.155 0.014 0.03 0.041 0.009 0.043 0.202
273 F 0.033 0.019 0.017 0.017 0.01 0.01 0.019 0.025 0.017 0.063 0.113 0.019 0.025 0.393 0.01 0.025 0.025 0.017 0.088 0.054
274 C 0.066 0.022 0.024 0.022 0.332 0.017 0.023 0.035 0.01 0.05 0.073 0.028 0.027 0.023 0.019 0.054 0.095 0.005 0.014 0.062
275 L 0.045 0.025 0.017 0.018 0.014 0.028 0.025 0.024 0.013 0.098 0.236 0.027 0.037 0.162 0.014 0.028 0.033 0.01 0.044 0.102
276 Y 0.05 0.026 0.02 0.018 0.012 0.02 0.026 0.025 0.034 0.083 0.088 0.029 0.023 0.098 0.016 0.031 0.035 0.02 0.223 0.123
277 L 0.044 0.023 0.017 0.017 0.014 0.017 0.022 0.022 0.022 0.145 0.205 0.026 0.035 0.076 0.015 0.027 0.033 0.014 0.122 0.105
278 L 0.04 0.023 0.015 0.015 0.014 0.014 0.02 0.023 0.012 0.095 0.288 0.023 0.04 0.145 0.013 0.024 0.03 0.042 0.043 0.08
279 R 0.05 0.207 0.077 0.041 0.008 0.046 0.056 0.072 0.023 0.024 0.042 0.16 0.014 0.017 0.022 0.051 0.038 0.005 0.017 0.03
280 D 0.045 0.071 0.059 0.282 0.008 0.037 0.082 0.044 0.019 0.024 0.033 0.114 0.011 0.015 0.023 0.052 0.036 0.004 0.013 0.027
281 K 0.053 0.052 0.048 0.034 0.012 0.03 0.042 0.035 0.015 0.112 0.083 0.118 0.021 0.025 0.117 0.045 0.054 0.005 0.017 0.082
282 A 0.179 0.027 0.021 0.024 0.02 0.021 0.032 0.052 0.012 0.104 0.095 0.035 0.025 0.029 0.023 0.059 0.05 0.005 0.019 0.168
283 I 0.055 0.023 0.024 0.024 0.017 0.018 0.025 0.028 0.01 0.203 0.132 0.031 0.031 0.037 0.019 0.047 0.111 0.006 0.019 0.14
284 E 0.051 0.053 0.135 0.081 0.008 0.064 0.19 0.046 0.027 0.023 0.036 0.083 0.013 0.017 0.024 0.059 0.041 0.005 0.016 0.03
285 P 0.067 0.038 0.041 0.156 0.01 0.028 0.059 0.043 0.016 0.026 0.036 0.075 0.011 0.014 0.246 0.05 0.037 0.003 0.013 0.031
286 D 0.048 0.04 0.054 0.245 0.007 0.047 0.195 0.041 0.022 0.022 0.032 0.06 0.011 0.016 0.024 0.053 0.036 0.005 0.014 0.028
287 K 0.052 0.176 0.04 0.047 0.008 0.053 0.111 0.038 0.022 0.025 0.043 0.188 0.015 0.016 0.024 0.05 0.037 0.005 0.017 0.032
288 F 0.038 0.025 0.036 0.146 0.009 0.021 0.046 0.032 0.027 0.043 0.07 0.031 0.018 0.179 0.016 0.036 0.029 0.016 0.141 0.042
289 R 0.133 0.163 0.035 0.034 0.013 0.042 0.054 0.051 0.019 0.031 0.049 0.149 0.016 0.018 0.025 0.06 0.041 0.005 0.017 0.044
290 L 0.046 0.024 0.014 0.015 0.016 0.016 0.02 0.021 0.01 0.118 0.365 0.025 0.048 0.053 0.014 0.025 0.034 0.007 0.022 0.107
291 Y 0.084 0.054 0.028 0.029 0.011 0.032 0.044 0.039 0.026 0.043 0.058 0.118 0.017 0.055 0.086 0.047 0.037 0.012 0.119 0.058
292 Y 0.04 0.028 0.022 0.019 0.009 0.022 0.028 0.025 0.046 0.043 0.068 0.031 0.019 0.13 0.015 0.031 0.028 0.028 0.325 0.046
293 I 0.13 0.024 0.018 0.021 0.018 0.019 0.026 0.04 0.011 0.166 0.161 0.031 0.041 0.038 0.02 0.045 0.042 0.006 0.02 0.123
294 L 0.044 0.024 0.014 0.015 0.016 0.016 0.02 0.021 0.01 0.114 0.382 0.025 0.049 0.054 0.014 0.024 0.033 0.007 0.022 0.095
295 L 0.052 0.02 0.015 0.017 0.016 0.014 0.02 0.023 0.01 0.178 0.19 0.024 0.036 0.09 0.015 0.027 0.039 0.007 0.03 0.177
296 L 0.046 0.02 0.014 0.017 0.016 0.014 0.018 0.021 0.009 0.224 0.238 0.024 0.041 0.047 0.014 0.025 0.037 0.006 0.021 0.148
297 A 0.22 0.026 0.022 0.025 0.177 0.021 0.032 0.062 0.012 0.043 0.061 0.036 0.017 0.021 0.025 0.07 0.045 0.005 0.016 0.064
298 Y 0.04 0.028 0.022 0.019 0.009 0.022 0.028 0.025 0.046 0.043 0.068 0.031 0.019 0.13 0.015 0.031 0.028 0.028 0.325 0.046
299 A 0.247 0.033 0.033 0.034 0.02 0.027 0.043 0.074 0.016 0.039 0.054 0.047 0.017 0.021 0.029 0.122 0.058 0.005 0.017 0.061
300 I 0.098 0.02 0.017 0.02 0.017 0.016 0.022 0.032 0.01 0.223 0.142 0.028 0.032 0.039 0.018 0.037 0.042 0.006 0.02 0.16
301 G 0.078 0.023 0.039 0.033 0.011 0.019 0.025 0.515 0.013 0.019 0.028 0.033 0.009 0.016 0.019 0.051 0.029 0.005 0.011 0.024
302 G 0.151 0.025 0.034 0.032 0.014 0.021 0.03 0.369 0.014 0.027 0.038 0.037 0.012 0.018 0.022 0.062 0.036 0.005 0.013 0.039
303 A 0.234 0.034 0.035 0.036 0.02 0.028 0.044 0.074 0.016 0.038 0.053 0.047 0.017 0.021 0.029 0.132 0.06 0.005 0.017 0.059
304 I 0.048 0.019 0.016 0.017 0.015 0.013 0.019 0.023 0.011 0.176 0.139 0.023 0.031 0.158 0.014 0.027 0.037 0.009 0.043 0.162
305 R 0.044 0.351 0.038 0.031 0.008 0.048 0.052 0.033 0.023 0.023 0.046 0.119 0.015 0.017 0.019 0.044 0.035 0.006 0.017 0.031
306 I 0.047 0.018 0.015 0.018 0.016 0.014 0.018 0.021 0.009 0.266 0.168 0.024 0.045 0.044 0.015 0.025 0.039 0.006 0.021 0.169
307 I 0.133 0.022 0.018 0.021 0.018 0.018 0.026 0.04 0.011 0.184 0.125 0.031 0.029 0.035 0.02 0.046 0.044 0.006 0.019 0.153
308 F 0.033 0.019 0.017 0.017 0.01 0.01 0.019 0.025 0.017 0.063 0.113 0.019 0.025 0.393 0.01 0.025 0.025 0.017 0.088 0.054
309 S 0.109 0.04 0.054 0.048 0.017 0.033 0.052 0.066 0.019 0.029 0.041 0.054 0.016 0.021 0.029 0.228 0.081 0.005 0.017 0.041
310 D 0.041 0.03 0.068 0.403 0.007 0.03 0.09 0.046 0.019 0.022 0.028 0.044 0.009 0.015 0.022 0.052 0.035 0.004 0.011 0.024
311 F 0.033 0.019 0.017 0.017 0.01 0.01 0.019 0.025 0.017 0.063 0.113 0.019 0.025 0.393 0.01 0.025 0.025 0.017 0.088 0.054
312 G 0.111 0.033 0.047 0.042 0.015 0.028 0.042 0.216 0.017 0.027 0.038 0.046 0.014 0.019 0.026 0.159 0.062 0.005 0.015 0.037
313 I 0.045 0.022 0.032 0.146 0.013 0.019 0.042 0.029 0.012 0.193 0.12 0.03 0.027 0.034 0.017 0.034 0.038 0.005 0.017 0.125
314 I 0.054 0.02 0.015 0.017 0.017 0.015 0.02 0.022 0.009 0.207 0.197 0.025 0.037 0.043 0.015 0.027 0.041 0.006 0.021 0.193
315 G 0.078 0.023 0.039 0.033 0.011 0.019 0.025 0.515 0.013 0.019 0.028 0.033 0.009 0.016 0.019 0.051 0.029 0.005 0.011 0.024
316 G 0.076 0.027 0.04 0.035 0.013 0.022 0.03 0.358 0.013 0.03 0.04 0.037 0.013 0.019 0.022 0.064 0.104 0.006 0.013 0.039
317 R 0.044 0.351 0.038 0.031 0.008 0.048 0.052 0.033 0.023 0.023 0.046 0.119 0.015 0.017 0.019 0.044 0.035 0.006 0.017 0.031
318 V 0.061 0.022 0.016 0.017 0.018 0.016 0.022 0.023 0.009 0.147 0.213 0.026 0.037 0.042 0.016 0.03 0.044 0.006 0.021 0.216
319 G 0.078 0.023 0.039 0.033 0.011 0.019 0.025 0.515 0.013 0.019 0.028 0.033 0.009 0.016 0.019 0.051 0.029 0.005 0.011 0.024
