#Seq2Logo.py -f /work3/idamei/ssn-clusterings/clustering/2205181126/clusters/0048_49/sequences.afa -o /work3/idamei/ssn-clusterings/clustering/2205181126/clusters/0048_49/sequences.logo
#Position Specific Frequency Matrix
A R N D C Q E G H I L K M F P S T W Y V
0 M 0.048 0.03 0.018 0.018 0.015 0.026 0.026 0.026 0.015 0.092 0.181 0.033 0.227 0.044 0.015 0.033 0.037 0.007 0.022 0.085
1 L 0.04 0.021 0.014 0.015 0.014 0.014 0.018 0.02 0.01 0.142 0.33 0.022 0.04 0.097 0.013 0.023 0.031 0.007 0.028 0.101
2 P 0.052 0.023 0.021 0.028 0.01 0.019 0.033 0.033 0.012 0.037 0.039 0.037 0.011 0.013 0.511 0.04 0.033 0.003 0.012 0.034
3 Y 0.037 0.026 0.02 0.017 0.009 0.02 0.026 0.023 0.043 0.04 0.063 0.029 0.017 0.12 0.014 0.029 0.026 0.026 0.372 0.043
4 L 0.039 0.02 0.014 0.015 0.013 0.013 0.018 0.021 0.011 0.124 0.255 0.021 0.035 0.184 0.012 0.023 0.03 0.009 0.042 0.1
5 L 0.079 0.021 0.015 0.017 0.015 0.015 0.021 0.026 0.01 0.148 0.28 0.025 0.037 0.066 0.015 0.03 0.037 0.007 0.023 0.114
6 V 0.077 0.021 0.017 0.018 0.017 0.016 0.022 0.026 0.009 0.167 0.182 0.026 0.033 0.037 0.016 0.034 0.056 0.005 0.019 0.204
7 L 0.06 0.022 0.014 0.015 0.015 0.015 0.02 0.023 0.01 0.115 0.351 0.024 0.041 0.07 0.014 0.026 0.032 0.007 0.024 0.103
8 F 0.057 0.024 0.024 0.023 0.014 0.017 0.026 0.05 0.013 0.082 0.148 0.028 0.026 0.175 0.016 0.088 0.041 0.009 0.04 0.099
9 L 0.041 0.019 0.015 0.016 0.013 0.012 0.018 0.029 0.011 0.133 0.208 0.021 0.032 0.197 0.012 0.024 0.031 0.01 0.044 0.115
10 V 0.063 0.021 0.017 0.018 0.062 0.016 0.022 0.025 0.008 0.146 0.121 0.025 0.028 0.032 0.016 0.041 0.059 0.005 0.018 0.258
11 L 0.05 0.024 0.019 0.019 0.043 0.019 0.023 0.025 0.014 0.144 0.159 0.028 0.076 0.047 0.016 0.036 0.071 0.008 0.058 0.122
12 F 0.062 0.023 0.022 0.021 0.013 0.016 0.024 0.031 0.013 0.097 0.154 0.026 0.027 0.198 0.015 0.074 0.041 0.01 0.044 0.089
13 W 0.031 0.02 0.014 0.014 0.008 0.014 0.02 0.027 0.013 0.054 0.066 0.021 0.017 0.075 0.008 0.022 0.023 0.44 0.058 0.054
14 I 0.069 0.019 0.016 0.018 0.016 0.015 0.02 0.024 0.008 0.233 0.131 0.025 0.03 0.036 0.016 0.032 0.055 0.005 0.019 0.213
15 F 0.078 0.027 0.021 0.021 0.012 0.019 0.027 0.061 0.019 0.059 0.095 0.044 0.02 0.124 0.015 0.048 0.033 0.099 0.105 0.074
16 L 0.075 0.022 0.015 0.016 0.016 0.016 0.021 0.025 0.01 0.143 0.274 0.025 0.047 0.053 0.015 0.03 0.036 0.006 0.021 0.136
17 E 0.051 0.047 0.037 0.081 0.007 0.071 0.341 0.032 0.024 0.02 0.034 0.07 0.012 0.015 0.024 0.051 0.034 0.005 0.015 0.029
18 K 0.061 0.092 0.058 0.05 0.009 0.055 0.067 0.041 0.022 0.026 0.041 0.219 0.014 0.025 0.023 0.067 0.039 0.007 0.05 0.032
19 K 0.065 0.071 0.034 0.04 0.009 0.055 0.096 0.037 0.028 0.044 0.05 0.21 0.016 0.038 0.023 0.047 0.035 0.007 0.056 0.04
20 S 0.143 0.032 0.053 0.036 0.043 0.026 0.039 0.054 0.032 0.061 0.056 0.046 0.017 0.024 0.024 0.153 0.071 0.005 0.027 0.057
21 L 0.043 0.022 0.015 0.015 0.015 0.015 0.019 0.021 0.01 0.117 0.358 0.024 0.041 0.068 0.014 0.026 0.046 0.007 0.023 0.102
22 N 0.056 0.046 0.231 0.06 0.01 0.032 0.046 0.113 0.024 0.022 0.032 0.085 0.011 0.017 0.021 0.101 0.048 0.004 0.014 0.028
23 R 0.043 0.38 0.036 0.029 0.007 0.043 0.047 0.045 0.021 0.021 0.042 0.107 0.014 0.016 0.018 0.047 0.033 0.005 0.016 0.029
24 K 0.049 0.128 0.091 0.052 0.008 0.044 0.058 0.042 0.021 0.025 0.039 0.237 0.014 0.015 0.023 0.052 0.051 0.005 0.016 0.031
25 A 0.208 0.033 0.037 0.036 0.018 0.027 0.042 0.078 0.016 0.034 0.046 0.045 0.015 0.019 0.027 0.184 0.063 0.005 0.016 0.052
26 F 0.038 0.018 0.015 0.016 0.012 0.012 0.018 0.022 0.014 0.123 0.141 0.02 0.027 0.273 0.011 0.024 0.029 0.012 0.074 0.102
27 W 0.031 0.019 0.014 0.015 0.009 0.013 0.019 0.025 0.013 0.082 0.095 0.02 0.021 0.154 0.009 0.022 0.024 0.3 0.06 0.055
28 V 0.048 0.019 0.015 0.016 0.015 0.013 0.019 0.022 0.01 0.153 0.174 0.022 0.031 0.14 0.013 0.026 0.036 0.008 0.035 0.187
29 P 0.052 0.024 0.021 0.028 0.01 0.019 0.032 0.032 0.012 0.028 0.054 0.037 0.011 0.014 0.508 0.039 0.033 0.003 0.012 0.032
30 L 0.053 0.022 0.017 0.017 0.041 0.015 0.021 0.025 0.011 0.098 0.303 0.025 0.036 0.081 0.014 0.045 0.034 0.035 0.027 0.079
31 L 0.042 0.019 0.015 0.016 0.04 0.013 0.018 0.022 0.011 0.117 0.215 0.021 0.032 0.185 0.013 0.028 0.035 0.009 0.042 0.107
32 I 0.068 0.02 0.017 0.018 0.014 0.014 0.021 0.027 0.011 0.169 0.165 0.024 0.03 0.147 0.015 0.035 0.052 0.008 0.036 0.109
33 L 0.041 0.022 0.013 0.014 0.015 0.015 0.019 0.02 0.009 0.106 0.427 0.023 0.046 0.05 0.013 0.022 0.031 0.007 0.02 0.088
34 V 0.082 0.024 0.026 0.025 0.043 0.019 0.029 0.04 0.011 0.14 0.095 0.032 0.024 0.029 0.019 0.101 0.066 0.005 0.017 0.171
35 L 0.068 0.023 0.021 0.021 0.015 0.017 0.023 0.11 0.011 0.102 0.239 0.028 0.039 0.048 0.016 0.048 0.052 0.006 0.02 0.094
36 F 0.034 0.019 0.015 0.015 0.011 0.011 0.018 0.022 0.014 0.076 0.176 0.019 0.034 0.335 0.011 0.023 0.026 0.013 0.065 0.062
37 A 0.267 0.028 0.026 0.028 0.018 0.022 0.036 0.09 0.014 0.039 0.056 0.039 0.016 0.063 0.032 0.095 0.046 0.006 0.023 0.056
38 G 0.11 0.031 0.042 0.038 0.014 0.025 0.038 0.214 0.015 0.027 0.038 0.042 0.013 0.018 0.024 0.172 0.08 0.005 0.014 0.038
39 I 0.05 0.02 0.016 0.018 0.015 0.015 0.02 0.032 0.01 0.218 0.17 0.025 0.062 0.064 0.014 0.029 0.05 0.006 0.023 0.143
40 R 0.041 0.399 0.036 0.028 0.007 0.044 0.048 0.03 0.021 0.021 0.043 0.11 0.014 0.016 0.018 0.041 0.032 0.005 0.016 0.028
41 S 0.083 0.035 0.121 0.118 0.012 0.029 0.052 0.055 0.039 0.026 0.036 0.046 0.013 0.024 0.023 0.157 0.054 0.006 0.038 0.033
42 Y 0.038 0.027 0.058 0.026 0.009 0.02 0.028 0.028 0.038 0.039 0.063 0.03 0.017 0.139 0.015 0.039 0.029 0.022 0.294 0.042
43 L 0.064 0.082 0.039 0.034 0.013 0.043 0.054 0.044 0.018 0.056 0.124 0.052 0.022 0.031 0.021 0.122 0.075 0.017 0.037 0.054
44 V 0.061 0.019 0.015 0.016 0.017 0.015 0.02 0.022 0.008 0.183 0.126 0.024 0.03 0.034 0.015 0.029 0.044 0.005 0.019 0.3
45 G 0.072 0.021 0.036 0.031 0.01 0.017 0.023 0.551 0.012 0.017 0.026 0.031 0.009 0.015 0.017 0.047 0.027 0.005 0.01 0.022
46 T 0.067 0.032 0.039 0.034 0.016 0.025 0.036 0.04 0.013 0.05 0.061 0.041 0.018 0.022 0.025 0.084 0.305 0.005 0.016 0.069
47 D 0.038 0.027 0.063 0.447 0.007 0.027 0.084 0.043 0.017 0.021 0.026 0.041 0.009 0.014 0.021 0.048 0.032 0.003 0.01 0.022
48 T 0.114 0.034 0.042 0.038 0.017 0.027 0.041 0.053 0.015 0.038 0.05 0.045 0.016 0.02 0.026 0.172 0.176 0.005 0.016 0.053
49 G 0.061 0.065 0.044 0.034 0.011 0.026 0.033 0.175 0.015 0.099 0.065 0.068 0.017 0.024 0.073 0.056 0.038 0.005 0.024 0.068
50 V 0.066 0.03 0.095 0.04 0.014 0.025 0.05 0.095 0.016 0.084 0.072 0.039 0.021 0.024 0.02 0.086 0.099 0.005 0.016 0.104
51 Y 0.037 0.026 0.02 0.017 0.009 0.02 0.026 0.023 0.043 0.04 0.063 0.029 0.017 0.12 0.014 0.029 0.026 0.026 0.374 0.043
52 T 0.066 0.03 0.035 0.031 0.017 0.023 0.033 0.036 0.012 0.072 0.073 0.038 0.02 0.024 0.023 0.073 0.253 0.005 0.017 0.119
53 R 0.069 0.147 0.036 0.056 0.011 0.051 0.072 0.044 0.02 0.035 0.084 0.087 0.018 0.028 0.021 0.077 0.053 0.007 0.044 0.041
54 N 0.064 0.031 0.153 0.114 0.01 0.025 0.043 0.045 0.024 0.033 0.051 0.039 0.024 0.075 0.072 0.049 0.037 0.008 0.068 0.036
55 F 0.032 0.019 0.016 0.016 0.01 0.011 0.019 0.023 0.019 0.056 0.099 0.019 0.022 0.396 0.01 0.024 0.024 0.017 0.12 0.049
56 R 0.045 0.232 0.049 0.051 0.01 0.034 0.049 0.03 0.018 0.073 0.082 0.076 0.019 0.022 0.018 0.041 0.049 0.005 0.016 0.079
57 N 0.046 0.042 0.18 0.092 0.01 0.025 0.042 0.046 0.023 0.047 0.055 0.041 0.015 0.118 0.018 0.082 0.042 0.007 0.031 0.04
58 N 0.061 0.042 0.112 0.047 0.011 0.064 0.06 0.1 0.02 0.027 0.055 0.071 0.014 0.017 0.103 0.099 0.045 0.004 0.015 0.033
59 L 0.057 0.022 0.034 0.019 0.014 0.015 0.021 0.025 0.014 0.127 0.242 0.025 0.033 0.105 0.014 0.029 0.033 0.009 0.062 0.1
60 D 0.065 0.033 0.168 0.175 0.01 0.027 0.054 0.05 0.02 0.036 0.04 0.043 0.012 0.018 0.047 0.079 0.044 0.004 0.014 0.06
61 P 0.076 0.028 0.06 0.032 0.012 0.022 0.034 0.039 0.04 0.054 0.055 0.037 0.015 0.052 0.196 0.067 0.055 0.007 0.058 0.062
62 D 0.045 0.04 0.101 0.112 0.008 0.049 0.104 0.039 0.048 0.028 0.044 0.063 0.019 0.042 0.02 0.059 0.036 0.01 0.102 0.032
63 Y 0.052 0.046 0.026 0.044 0.01 0.022 0.032 0.057 0.032 0.037 0.057 0.036 0.016 0.102 0.044 0.047 0.044 0.018 0.238 0.041
64 F 0.038 0.022 0.019 0.018 0.01 0.016 0.023 0.025 0.027 0.053 0.1 0.024 0.021 0.25 0.013 0.039 0.028 0.019 0.205 0.049
65 D 0.051 0.055 0.048 0.112 0.011 0.067 0.079 0.076 0.017 0.085 0.061 0.065 0.018 0.022 0.02 0.05 0.078 0.005 0.02 0.062
66 F 0.032 0.018 0.016 0.016 0.01 0.011 0.018 0.023 0.018 0.06 0.109 0.019 0.023 0.39 0.01 0.024 0.024 0.016 0.11 0.052
67 N 0.042 0.086 0.219 0.172 0.008 0.032 0.056 0.051 0.024 0.022 0.035 0.055 0.011 0.016 0.019 0.067 0.041 0.004 0.014 0.026
68 P 0.056 0.036 0.049 0.096 0.01 0.036 0.114 0.039 0.017 0.029 0.056 0.063 0.013 0.017 0.185 0.079 0.054 0.004 0.014 0.034
69 D 0.044 0.036 0.147 0.194 0.008 0.035 0.123 0.069 0.042 0.022 0.031 0.049 0.011 0.016 0.021 0.055 0.05 0.004 0.015 0.027
70 V 0.056 0.019 0.015 0.016 0.016 0.014 0.02 0.021 0.008 0.213 0.138 0.023 0.039 0.036 0.014 0.028 0.042 0.005 0.019 0.256
71 E 0.051 0.046 0.037 0.083 0.007 0.059 0.355 0.032 0.024 0.02 0.034 0.069 0.012 0.015 0.024 0.051 0.034 0.005 0.015 0.029
72 Y 0.046 0.039 0.021 0.021 0.011 0.02 0.028 0.026 0.022 0.063 0.134 0.054 0.023 0.134 0.043 0.035 0.056 0.014 0.14 0.069
73 G 0.072 0.021 0.036 0.031 0.01 0.017 0.023 0.551 0.012 0.017 0.026 0.031 0.009 0.015 0.017 0.047 0.027 0.005 0.01 0.022
74 Y 0.037 0.026 0.02 0.017 0.009 0.02 0.026 0.023 0.043 0.04 0.063 0.029 0.017 0.12 0.014 0.029 0.026 0.026 0.374 0.043
75 Q 0.051 0.067 0.04 0.043 0.008 0.28 0.094 0.038 0.027 0.024 0.043 0.084 0.019 0.013 0.022 0.051 0.038 0.005 0.019 0.032
76 L 0.056 0.022 0.015 0.016 0.014 0.015 0.02 0.024 0.014 0.098 0.28 0.024 0.035 0.126 0.013 0.027 0.031 0.01 0.069 0.093
77 L 0.043 0.021 0.014 0.015 0.014 0.014 0.019 0.021 0.01 0.114 0.31 0.022 0.038 0.116 0.013 0.024 0.032 0.008 0.031 0.123
78 E 0.066 0.054 0.037 0.111 0.011 0.039 0.175 0.036 0.018 0.052 0.054 0.054 0.016 0.02 0.022 0.077 0.042 0.005 0.016 0.099
79 Y 0.04 0.026 0.039 0.022 0.009 0.02 0.027 0.027 0.035 0.044 0.073 0.029 0.029 0.155 0.015 0.043 0.03 0.021 0.272 0.045
80 L 0.07 0.023 0.037 0.022 0.04 0.016 0.023 0.031 0.013 0.107 0.176 0.027 0.038 0.137 0.015 0.048 0.041 0.022 0.035 0.078
81 L 0.044 0.02 0.014 0.015 0.015 0.014 0.018 0.02 0.009 0.188 0.299 0.023 0.039 0.045 0.014 0.025 0.041 0.006 0.02 0.131
82 L 0.041 0.064 0.017 0.017 0.014 0.032 0.026 0.022 0.011 0.093 0.366 0.036 0.041 0.045 0.014 0.026 0.031 0.006 0.02 0.079
83 N 0.055 0.077 0.131 0.064 0.009 0.051 0.085 0.06 0.05 0.023 0.036 0.109 0.013 0.017 0.022 0.092 0.051 0.005 0.018 0.03
84 L 0.04 0.019 0.014 0.015 0.027 0.012 0.018 0.021 0.011 0.157 0.212 0.021 0.037 0.174 0.012 0.024 0.031 0.009 0.04 0.107
85 T 0.062 0.034 0.036 0.042 0.014 0.025 0.037 0.037 0.017 0.051 0.062 0.054 0.018 0.045 0.023 0.078 0.219 0.008 0.065 0.072
86 S 0.109 0.04 0.054 0.048 0.017 0.033 0.052 0.066 0.019 0.029 0.042 0.054 0.016 0.021 0.029 0.227 0.081 0.005 0.017 0.042
87 H 0.064 0.04 0.078 0.08 0.01 0.032 0.05 0.047 0.214 0.03 0.04 0.058 0.014 0.025 0.02 0.07 0.041 0.006 0.038 0.043
88 N 0.04 0.039 0.271 0.154 0.008 0.034 0.078 0.053 0.033 0.021 0.029 0.049 0.01 0.016 0.019 0.061 0.042 0.004 0.014 0.025
89 Y 0.037 0.026 0.02 0.017 0.009 0.02 0.026 0.023 0.043 0.04 0.063 0.029 0.017 0.12 0.014 0.029 0.026 0.026 0.374 0.043
90 F 0.09 0.021 0.021 0.021 0.012 0.015 0.024 0.035 0.015 0.066 0.091 0.025 0.022 0.299 0.015 0.064 0.034 0.012 0.06 0.057
91 W 0.032 0.021 0.014 0.014 0.009 0.014 0.02 0.026 0.013 0.05 0.115 0.021 0.021 0.094 0.009 0.022 0.024 0.368 0.056 0.058
92 L 0.039 0.023 0.015 0.015 0.013 0.016 0.02 0.021 0.018 0.086 0.314 0.024 0.037 0.089 0.013 0.024 0.029 0.012 0.117 0.074
93 F 0.033 0.018 0.015 0.015 0.011 0.011 0.018 0.023 0.014 0.066 0.159 0.018 0.027 0.372 0.01 0.023 0.025 0.014 0.071 0.057
94 F 0.059 0.02 0.017 0.018 0.039 0.013 0.021 0.028 0.013 0.079 0.166 0.023 0.027 0.255 0.013 0.042 0.035 0.011 0.052 0.069
95 I 0.053 0.019 0.017 0.018 0.015 0.014 0.02 0.023 0.009 0.23 0.13 0.024 0.03 0.068 0.015 0.033 0.07 0.006 0.024 0.181
96 T 0.065 0.029 0.031 0.028 0.056 0.023 0.031 0.036 0.014 0.066 0.081 0.036 0.042 0.041 0.021 0.086 0.167 0.007 0.037 0.103
97 S 0.176 0.033 0.04 0.038 0.017 0.027 0.043 0.089 0.016 0.032 0.044 0.045 0.015 0.019 0.027 0.196 0.076 0.005 0.016 0.047
98 L 0.043 0.021 0.017 0.017 0.014 0.014 0.02 0.023 0.011 0.139 0.233 0.024 0.041 0.149 0.013 0.039 0.04 0.009 0.036 0.098
99 I 0.044 0.018 0.014 0.016 0.014 0.013 0.018 0.021 0.01 0.2 0.187 0.021 0.033 0.124 0.013 0.024 0.034 0.008 0.032 0.156
100 V 0.061 0.02 0.018 0.019 0.048 0.015 0.022 0.026 0.009 0.189 0.119 0.025 0.028 0.033 0.016 0.053 0.045 0.005 0.018 0.232
101 V 0.061 0.019 0.015 0.016 0.017 0.015 0.021 0.022 0.008 0.179 0.125 0.024 0.03 0.034 0.015 0.029 0.044 0.005 0.019 0.303
102 F 0.049 0.022 0.022 0.021 0.025 0.016 0.023 0.109 0.018 0.062 0.102 0.026 0.021 0.177 0.049 0.046 0.041 0.012 0.094 0.065
103 S 0.073 0.026 0.03 0.029 0.128 0.021 0.032 0.042 0.013 0.039 0.079 0.035 0.017 0.058 0.129 0.13 0.048 0.005 0.02 0.045
104 Y 0.043 0.025 0.019 0.017 0.011 0.019 0.025 0.023 0.034 0.066 0.081 0.028 0.031 0.098 0.015 0.029 0.03 0.02 0.281 0.105
105 L 0.04 0.022 0.013 0.014 0.014 0.014 0.019 0.02 0.01 0.11 0.375 0.023 0.048 0.09 0.013 0.023 0.03 0.007 0.027 0.087
106 Y 0.046 0.043 0.042 0.026 0.011 0.024 0.032 0.03 0.03 0.089 0.105 0.074 0.022 0.082 0.017 0.051 0.045 0.027 0.144 0.063
107 T 0.058 0.025 0.026 0.025 0.015 0.019 0.027 0.031 0.011 0.139 0.099 0.031 0.024 0.078 0.019 0.063 0.146 0.007 0.025 0.134
108 I 0.041 0.018 0.014 0.016 0.014 0.013 0.017 0.02 0.01 0.229 0.209 0.022 0.045 0.1 0.013 0.023 0.033 0.007 0.028 0.125
109 K 0.05 0.141 0.037 0.036 0.008 0.047 0.06 0.037 0.019 0.028 0.048 0.286 0.026 0.016 0.024 0.047 0.036 0.005 0.016 0.033
110 K 0.052 0.155 0.038 0.036 0.008 0.047 0.06 0.038 0.019 0.026 0.044 0.271 0.02 0.016 0.024 0.057 0.037 0.005 0.016 0.032
111 L 0.041 0.067 0.037 0.023 0.011 0.027 0.031 0.026 0.044 0.105 0.141 0.061 0.025 0.065 0.016 0.031 0.031 0.012 0.137 0.07
112 S 0.114 0.036 0.048 0.044 0.016 0.03 0.047 0.061 0.017 0.028 0.039 0.049 0.014 0.019 0.027 0.273 0.074 0.005 0.016 0.04
113 V 0.056 0.047 0.033 0.032 0.013 0.043 0.061 0.032 0.014 0.099 0.095 0.117 0.022 0.025 0.034 0.046 0.084 0.005 0.017 0.125
114 N 0.039 0.038 0.3 0.164 0.008 0.03 0.054 0.056 0.026 0.021 0.028 0.047 0.01 0.016 0.019 0.06 0.042 0.004 0.013 0.024
115 Y 0.037 0.026 0.02 0.017 0.009 0.02 0.026 0.023 0.043 0.04 0.063 0.029 0.017 0.12 0.014 0.029 0.026 0.026 0.374 0.043
116 L 0.074 0.022 0.022 0.022 0.013 0.017 0.025 0.058 0.012 0.113 0.118 0.029 0.023 0.101 0.071 0.047 0.073 0.035 0.035 0.09
117 L 0.042 0.023 0.016 0.016 0.014 0.015 0.02 0.022 0.013 0.092 0.325 0.024 0.038 0.103 0.013 0.029 0.042 0.009 0.06 0.084
118 S 0.114 0.036 0.048 0.044 0.016 0.03 0.047 0.061 0.017 0.028 0.039 0.049 0.014 0.019 0.027 0.273 0.074 0.005 0.016 0.04
119 V 0.053 0.019 0.014 0.016 0.016 0.014 0.019 0.021 0.008 0.208 0.18 0.023 0.033 0.038 0.014 0.026 0.04 0.005 0.019 0.232
120 F 0.034 0.02 0.017 0.016 0.01 0.013 0.02 0.023 0.022 0.07 0.104 0.021 0.023 0.313 0.011 0.025 0.025 0.017 0.157 0.059
121 I 0.044 0.018 0.014 0.016 0.015 0.013 0.017 0.02 0.009 0.253 0.209 0.022 0.035 0.063 0.013 0.023 0.035 0.006 0.023 0.153
122 F 0.034 0.021 0.018 0.016 0.009 0.014 0.021 0.023 0.028 0.05 0.085 0.023 0.02 0.291 0.012 0.026 0.024 0.02 0.216 0.047
123 I 0.044 0.016 0.014 0.016 0.015 0.012 0.017 0.019 0.008 0.322 0.152 0.022 0.034 0.04 0.014 0.023 0.037 0.005 0.019 0.171
124 T 0.071 0.032 0.038 0.033 0.016 0.025 0.036 0.04 0.012 0.054 0.063 0.041 0.019 0.022 0.025 0.085 0.288 0.005 0.016 0.079
125 F 0.035 0.019 0.014 0.015 0.012 0.012 0.018 0.022 0.013 0.078 0.24 0.02 0.033 0.274 0.011 0.023 0.026 0.012 0.056 0.066
126 G 0.072 0.021 0.036 0.031 0.01 0.017 0.023 0.551 0.012 0.017 0.026 0.031 0.009 0.015 0.017 0.047 0.027 0.005 0.01 0.022
127 F 0.06 0.021 0.018 0.018 0.013 0.014 0.021 0.027 0.012 0.083 0.151 0.023 0.027 0.225 0.014 0.034 0.06 0.01 0.048 0.117
128 Y 0.037 0.026 0.02 0.017 0.009 0.02 0.026 0.023 0.043 0.04 0.063 0.029 0.017 0.12 0.014 0.029 0.026 0.026 0.374 0.043
129 T 0.062 0.031 0.058 0.034 0.015 0.024 0.034 0.039 0.014 0.053 0.094 0.039 0.029 0.05 0.023 0.083 0.228 0.006 0.021 0.063
130 F 0.083 0.02 0.018 0.018 0.012 0.013 0.022 0.032 0.015 0.055 0.094 0.022 0.022 0.35 0.013 0.035 0.042 0.013 0.068 0.053
131 F 0.058 0.024 0.021 0.02 0.013 0.017 0.025 0.03 0.017 0.065 0.167 0.027 0.046 0.203 0.015 0.065 0.035 0.012 0.081 0.06
132 F 0.032 0.019 0.016 0.016 0.01 0.011 0.019 0.023 0.02 0.055 0.098 0.019 0.022 0.387 0.01 0.024 0.024 0.017 0.128 0.049
133 N 0.039 0.041 0.373 0.076 0.008 0.031 0.045 0.06 0.029 0.021 0.029 0.049 0.01 0.017 0.019 0.064 0.045 0.004 0.014 0.025
134 G 0.067 0.029 0.036 0.033 0.01 0.059 0.036 0.415 0.015 0.02 0.031 0.04 0.011 0.015 0.046 0.049 0.044 0.005 0.012 0.026
135 L 0.044 0.021 0.013 0.014 0.015 0.015 0.019 0.02 0.009 0.133 0.366 0.023 0.042 0.047 0.013 0.023 0.033 0.006 0.02 0.123
136 R 0.041 0.399 0.036 0.028 0.007 0.044 0.048 0.03 0.021 0.021 0.043 0.11 0.014 0.016 0.018 0.041 0.032 0.005 0.016 0.028
137 Q 0.051 0.067 0.04 0.043 0.008 0.28 0.094 0.038 0.027 0.024 0.043 0.084 0.019 0.013 0.022 0.051 0.038 0.005 0.019 0.032
138 G 0.086 0.022 0.032 0.029 0.061 0.018 0.024 0.416 0.012 0.027 0.041 0.031 0.022 0.017 0.018 0.049 0.044 0.005 0.011 0.033
139 I 0.043 0.019 0.014 0.016 0.015 0.014 0.018 0.02 0.009 0.249 0.232 0.023 0.048 0.043 0.013 0.024 0.035 0.006 0.02 0.141
140 A 0.349 0.028 0.023 0.027 0.02 0.023 0.037 0.072 0.014 0.04 0.054 0.041 0.016 0.02 0.027 0.078 0.046 0.005 0.016 0.063
141 L 0.049 0.027 0.017 0.018 0.015 0.023 0.024 0.024 0.013 0.124 0.184 0.03 0.178 0.043 0.015 0.031 0.037 0.007 0.021 0.119
142 A 0.285 0.028 0.028 0.029 0.018 0.023 0.036 0.147 0.014 0.035 0.049 0.04 0.015 0.019 0.026 0.089 0.045 0.005 0.015 0.055
143 I 0.043 0.017 0.014 0.016 0.015 0.012 0.017 0.019 0.009 0.286 0.185 0.022 0.035 0.063 0.013 0.023 0.035 0.006 0.022 0.149
144 C 0.055 0.019 0.017 0.017 0.256 0.014 0.019 0.028 0.011 0.06 0.122 0.022 0.043 0.113 0.014 0.036 0.05 0.007 0.029 0.067
145 F 0.114 0.022 0.02 0.021 0.014 0.016 0.025 0.036 0.014 0.079 0.096 0.027 0.033 0.221 0.016 0.044 0.062 0.01 0.048 0.082
146 L 0.039 0.021 0.015 0.015 0.04 0.014 0.019 0.022 0.015 0.093 0.266 0.022 0.034 0.148 0.012 0.024 0.029 0.025 0.076 0.075
147 A 0.284 0.029 0.029 0.03 0.018 0.024 0.037 0.121 0.014 0.035 0.049 0.041 0.015 0.019 0.026 0.105 0.048 0.005 0.015 0.055
148 L 0.068 0.025 0.021 0.021 0.016 0.018 0.025 0.028 0.01 0.124 0.216 0.029 0.048 0.037 0.017 0.043 0.104 0.006 0.019 0.125
149 P 0.054 0.057 0.027 0.031 0.009 0.027 0.042 0.036 0.014 0.024 0.035 0.107 0.011 0.013 0.374 0.055 0.036 0.003 0.013 0.029
150 Y 0.069 0.025 0.02 0.018 0.01 0.019 0.026 0.028 0.041 0.043 0.07 0.028 0.018 0.17 0.015 0.033 0.027 0.021 0.273 0.046
151 L 0.04 0.022 0.014 0.014 0.014 0.014 0.019 0.02 0.01 0.098 0.366 0.023 0.049 0.111 0.013 0.023 0.03 0.008 0.03 0.082
152 L 0.044 0.02 0.013 0.015 0.015 0.014 0.018 0.02 0.009 0.188 0.3 0.023 0.04 0.045 0.013 0.023 0.034 0.006 0.02 0.14
153 E 0.047 0.047 0.102 0.12 0.007 0.061 0.237 0.039 0.024 0.021 0.033 0.077 0.012 0.015 0.022 0.053 0.036 0.005 0.015 0.027
154 K 0.049 0.17 0.055 0.038 0.008 0.047 0.06 0.038 0.02 0.024 0.04 0.266 0.014 0.015 0.023 0.048 0.036 0.005 0.016 0.029
155 K 0.046 0.141 0.118 0.059 0.008 0.043 0.06 0.043 0.022 0.023 0.037 0.212 0.013 0.015 0.022 0.051 0.038 0.005 0.015 0.028
156 F 0.041 0.02 0.017 0.018 0.012 0.013 0.02 0.024 0.012 0.124 0.176 0.023 0.029 0.211 0.054 0.038 0.031 0.01 0.046 0.081
157 L 0.041 0.04 0.016 0.017 0.013 0.015 0.021 0.022 0.014 0.145 0.172 0.027 0.029 0.14 0.013 0.028 0.031 0.038 0.069 0.11
158 K 0.053 0.085 0.073 0.038 0.009 0.041 0.051 0.039 0.018 0.036 0.063 0.196 0.016 0.017 0.099 0.052 0.045 0.005 0.016 0.049
159 Y 0.036 0.024 0.019 0.017 0.009 0.018 0.024 0.023 0.037 0.044 0.071 0.026 0.018 0.183 0.013 0.028 0.025 0.024 0.316 0.044
160 F 0.052 0.021 0.019 0.019 0.017 0.014 0.022 0.028 0.013 0.084 0.196 0.024 0.029 0.23 0.014 0.056 0.033 0.01 0.049 0.07
161 L 0.043 0.021 0.015 0.016 0.014 0.014 0.019 0.048 0.01 0.157 0.299 0.023 0.038 0.07 0.014 0.026 0.039 0.007 0.023 0.104
162 I 0.046 0.019 0.014 0.016 0.028 0.013 0.018 0.021 0.009 0.221 0.182 0.022 0.043 0.08 0.013 0.025 0.036 0.009 0.026 0.159
163 I 0.072 0.019 0.018 0.019 0.124 0.015 0.021 0.028 0.009 0.184 0.11 0.025 0.026 0.031 0.016 0.048 0.055 0.005 0.017 0.16
164 L 0.081 0.021 0.016 0.017 0.014 0.015 0.021 0.057 0.011 0.127 0.227 0.024 0.032 0.118 0.015 0.032 0.033 0.008 0.031 0.1
165 I 0.062 0.019 0.016 0.018 0.015 0.014 0.019 0.051 0.01 0.196 0.174 0.024 0.031 0.09 0.014 0.03 0.042 0.007 0.027 0.141
166 A 0.335 0.029 0.025 0.028 0.02 0.024 0.037 0.078 0.014 0.039 0.053 0.041 0.016 0.02 0.027 0.086 0.047 0.005 0.016 0.062
167 S 0.103 0.036 0.048 0.044 0.03 0.03 0.047 0.06 0.017 0.028 0.039 0.049 0.014 0.019 0.027 0.272 0.077 0.005 0.016 0.039
168 L 0.059 0.03 0.021 0.021 0.013 0.058 0.033 0.028 0.015 0.075 0.233 0.035 0.056 0.114 0.015 0.035 0.046 0.008 0.036 0.069
169 F 0.031 0.017 0.016 0.016 0.01 0.01 0.017 0.023 0.016 0.058 0.105 0.017 0.023 0.438 0.01 0.023 0.023 0.016 0.081 0.05
170 H 0.039 0.042 0.049 0.035 0.007 0.035 0.049 0.035 0.408 0.021 0.035 0.042 0.014 0.028 0.018 0.039 0.024 0.007 0.053 0.021
171 I 0.054 0.028 0.023 0.021 0.015 0.019 0.026 0.026 0.01 0.209 0.136 0.058 0.029 0.034 0.016 0.046 0.05 0.005 0.018 0.176
172 S 0.097 0.035 0.045 0.04 0.016 0.028 0.043 0.053 0.015 0.036 0.048 0.046 0.016 0.02 0.026 0.197 0.167 0.005 0.016 0.05
173 A 0.339 0.029 0.025 0.028 0.02 0.024 0.038 0.071 0.014 0.039 0.054 0.041 0.016 0.02 0.027 0.086 0.047 0.005 0.016 0.062
174 L 0.048 0.022 0.014 0.015 0.013 0.015 0.02 0.024 0.011 0.098 0.299 0.024 0.036 0.051 0.012 0.028 0.03 0.118 0.038 0.083
175 L 0.044 0.019 0.014 0.016 0.014 0.013 0.018 0.021 0.01 0.186 0.207 0.022 0.034 0.125 0.013 0.024 0.034 0.008 0.032 0.148
176 L 0.047 0.028 0.018 0.018 0.015 0.024 0.025 0.025 0.014 0.102 0.206 0.032 0.204 0.045 0.015 0.032 0.036 0.007 0.022 0.088
177 L 0.041 0.019 0.014 0.015 0.014 0.013 0.017 0.02 0.01 0.192 0.27 0.022 0.038 0.097 0.013 0.023 0.032 0.007 0.028 0.116
178 P 0.087 0.023 0.02 0.025 0.012 0.018 0.029 0.04 0.012 0.054 0.067 0.033 0.015 0.083 0.324 0.041 0.034 0.005 0.024 0.054
179 F 0.035 0.019 0.016 0.016 0.011 0.012 0.019 0.023 0.015 0.078 0.134 0.02 0.051 0.341 0.011 0.025 0.027 0.013 0.067 0.069
180 Y 0.037 0.026 0.02 0.017 0.009 0.02 0.026 0.023 0.043 0.04 0.063 0.029 0.017 0.12 0.014 0.029 0.026 0.026 0.374 0.043
181 F 0.033 0.019 0.015 0.015 0.011 0.011 0.018 0.022 0.014 0.069 0.176 0.019 0.028 0.352 0.01 0.023 0.025 0.014 0.068 0.059
182 L 0.045 0.021 0.013 0.015 0.015 0.014 0.018 0.02 0.009 0.159 0.325 0.023 0.041 0.046 0.013 0.024 0.034 0.006 0.02 0.139
183 V 0.057 0.019 0.015 0.016 0.124 0.014 0.019 0.023 0.008 0.152 0.145 0.022 0.029 0.033 0.015 0.03 0.04 0.005 0.017 0.219
184 H 0.041 0.039 0.161 0.048 0.008 0.032 0.045 0.07 0.228 0.024 0.044 0.043 0.013 0.027 0.018 0.047 0.032 0.007 0.049 0.025
185 F 0.034 0.019 0.017 0.017 0.011 0.011 0.019 0.026 0.017 0.064 0.115 0.019 0.026 0.384 0.011 0.026 0.026 0.017 0.089 0.055
186 L 0.065 0.026 0.058 0.026 0.014 0.019 0.027 0.033 0.013 0.074 0.233 0.031 0.03 0.059 0.016 0.062 0.059 0.048 0.025 0.079
187 K 0.048 0.166 0.07 0.039 0.008 0.045 0.057 0.039 0.041 0.024 0.04 0.228 0.014 0.016 0.022 0.049 0.043 0.005 0.018 0.03
188 I 0.047 0.019 0.015 0.017 0.015 0.013 0.019 0.021 0.009 0.226 0.167 0.023 0.032 0.081 0.014 0.027 0.047 0.007 0.026 0.176
189 K 0.049 0.188 0.037 0.035 0.008 0.048 0.06 0.037 0.02 0.026 0.041 0.268 0.014 0.015 0.023 0.047 0.035 0.005 0.016 0.03
190 L 0.045 0.021 0.016 0.017 0.015 0.015 0.02 0.022 0.01 0.163 0.303 0.025 0.041 0.044 0.041 0.037 0.035 0.006 0.019 0.104
191 E 0.064 0.058 0.032 0.064 0.009 0.048 0.255 0.032 0.02 0.046 0.075 0.061 0.016 0.02 0.049 0.047 0.036 0.005 0.016 0.045
192 Y 0.038 0.024 0.037 0.02 0.01 0.017 0.024 0.024 0.031 0.071 0.102 0.026 0.022 0.163 0.014 0.029 0.028 0.019 0.234 0.069
193 K 0.052 0.098 0.038 0.038 0.008 0.049 0.065 0.04 0.019 0.025 0.04 0.338 0.014 0.014 0.025 0.049 0.036 0.005 0.016 0.03
194 L 0.094 0.022 0.016 0.018 0.016 0.017 0.022 0.029 0.01 0.164 0.187 0.027 0.053 0.037 0.016 0.034 0.039 0.006 0.019 0.176
195 L 0.051 0.021 0.016 0.017 0.015 0.015 0.02 0.022 0.009 0.201 0.232 0.025 0.035 0.045 0.015 0.031 0.063 0.006 0.02 0.141
196 A 0.124 0.027 0.029 0.029 0.015 0.021 0.033 0.093 0.014 0.06 0.108 0.036 0.02 0.068 0.071 0.116 0.047 0.006 0.023 0.06
197 I 0.089 0.021 0.02 0.021 0.077 0.017 0.023 0.031 0.009 0.173 0.106 0.028 0.025 0.03 0.018 0.045 0.093 0.005 0.017 0.149
198 F 0.035 0.018 0.015 0.016 0.011 0.011 0.018 0.023 0.014 0.095 0.14 0.019 0.027 0.339 0.011 0.026 0.027 0.013 0.066 0.078
199 L 0.044 0.02 0.015 0.016 0.014 0.014 0.019 0.048 0.01 0.18 0.257 0.023 0.047 0.077 0.013 0.027 0.033 0.007 0.025 0.111
200 G 0.068 0.024 0.031 0.029 0.053 0.019 0.027 0.214 0.013 0.074 0.066 0.032 0.017 0.071 0.018 0.093 0.061 0.006 0.022 0.062
201 S 0.095 0.035 0.048 0.043 0.016 0.029 0.045 0.089 0.017 0.029 0.04 0.048 0.014 0.019 0.026 0.249 0.097 0.005 0.016 0.04
202 L 0.097 0.023 0.02 0.021 0.015 0.017 0.025 0.061 0.012 0.087 0.206 0.028 0.035 0.115 0.017 0.058 0.04 0.008 0.031 0.085
203 L 0.045 0.02 0.014 0.016 0.014 0.014 0.018 0.021 0.01 0.172 0.237 0.022 0.046 0.124 0.013 0.024 0.032 0.008 0.032 0.117
204 L 0.104 0.022 0.019 0.02 0.015 0.017 0.024 0.06 0.011 0.129 0.184 0.028 0.029 0.077 0.017 0.045 0.051 0.007 0.025 0.117
205 S 0.137 0.034 0.044 0.041 0.016 0.028 0.044 0.087 0.016 0.03 0.041 0.047 0.015 0.019 0.027 0.229 0.08 0.005 0.016 0.043
206 G 0.083 0.064 0.037 0.039 0.011 0.06 0.063 0.162 0.017 0.024 0.036 0.085 0.013 0.016 0.09 0.105 0.043 0.005 0.014 0.032
207 L 0.046 0.026 0.018 0.019 0.013 0.017 0.024 0.025 0.012 0.11 0.217 0.042 0.042 0.119 0.042 0.036 0.048 0.008 0.035 0.101
208 L 0.066 0.021 0.015 0.017 0.016 0.015 0.02 0.044 0.009 0.159 0.234 0.025 0.043 0.04 0.015 0.029 0.037 0.006 0.019 0.169
209 I 0.046 0.017 0.014 0.016 0.015 0.013 0.017 0.019 0.008 0.31 0.15 0.022 0.033 0.04 0.014 0.024 0.038 0.005 0.019 0.182
210 A 0.103 0.039 0.089 0.047 0.013 0.063 0.087 0.082 0.019 0.037 0.064 0.051 0.016 0.02 0.023 0.093 0.089 0.005 0.016 0.045
211 Y 0.039 0.046 0.022 0.019 0.009 0.021 0.028 0.024 0.065 0.061 0.073 0.033 0.024 0.113 0.015 0.03 0.028 0.02 0.268 0.063
212 L 0.043 0.023 0.015 0.016 0.015 0.017 0.02 0.021 0.011 0.133 0.305 0.025 0.091 0.068 0.013 0.025 0.033 0.007 0.024 0.096
213 A 0.293 0.03 0.029 0.031 0.019 0.025 0.039 0.076 0.014 0.037 0.051 0.043 0.016 0.02 0.027 0.121 0.052 0.005 0.016 0.057
214 A 0.123 0.04 0.053 0.068 0.013 0.053 0.081 0.049 0.018 0.041 0.102 0.067 0.019 0.022 0.023 0.109 0.05 0.005 0.016 0.048
215 S 0.065 0.034 0.105 0.09 0.012 0.029 0.065 0.115 0.039 0.036 0.04 0.045 0.013 0.019 0.022 0.118 0.09 0.005 0.016 0.042
216 N 0.039 0.041 0.373 0.076 0.008 0.031 0.045 0.06 0.029 0.021 0.029 0.049 0.01 0.017 0.019 0.064 0.045 0.004 0.014 0.025
217 E 0.057 0.041 0.042 0.145 0.01 0.053 0.148 0.039 0.019 0.041 0.044 0.075 0.014 0.017 0.05 0.087 0.042 0.004 0.015 0.056
218 R 0.041 0.387 0.036 0.029 0.007 0.045 0.049 0.031 0.021 0.022 0.043 0.119 0.014 0.016 0.018 0.041 0.032 0.005 0.016 0.029
219 Y 0.037 0.026 0.02 0.017 0.009 0.02 0.026 0.023 0.043 0.04 0.063 0.029 0.017 0.12 0.014 0.029 0.026 0.026 0.374 0.043
220 E 0.057 0.043 0.037 0.071 0.009 0.063 0.244 0.035 0.021 0.033 0.061 0.061 0.015 0.019 0.023 0.074 0.067 0.005 0.016 0.046
221 H 0.077 0.036 0.069 0.068 0.011 0.042 0.048 0.118 0.156 0.03 0.039 0.043 0.014 0.022 0.02 0.09 0.04 0.005 0.028 0.044
222 Y 0.037 0.026 0.02 0.017 0.009 0.02 0.026 0.023 0.043 0.04 0.063 0.029 0.017 0.12 0.014 0.029 0.026 0.026 0.374 0.043
223 T 0.148 0.031 0.036 0.033 0.017 0.025 0.037 0.077 0.013 0.043 0.055 0.041 0.017 0.021 0.026 0.096 0.203 0.005 0.016 0.06
224 E 0.054 0.061 0.057 0.059 0.009 0.122 0.184 0.038 0.023 0.024 0.039 0.097 0.015 0.015 0.023 0.067 0.056 0.005 0.017 0.033
225 A 0.125 0.033 0.028 0.039 0.014 0.03 0.101 0.095 0.014 0.074 0.064 0.057 0.018 0.022 0.049 0.064 0.052 0.005 0.016 0.102
226 S 0.153 0.032 0.041 0.082 0.016 0.027 0.046 0.057 0.016 0.04 0.054 0.044 0.027 0.021 0.025 0.168 0.072 0.005 0.016 0.059
227 E 0.062 0.039 0.042 0.132 0.009 0.044 0.218 0.038 0.022 0.026 0.038 0.056 0.013 0.022 0.023 0.071 0.071 0.006 0.035 0.035
228 N 0.048 0.072 0.197 0.063 0.009 0.042 0.058 0.054 0.026 0.024 0.036 0.162 0.013 0.017 0.023 0.061 0.044 0.005 0.016 0.029
229 N 0.043 0.045 0.314 0.083 0.009 0.034 0.05 0.065 0.032 0.023 0.032 0.054 0.011 0.018 0.02 0.07 0.05 0.005 0.016 0.027
230 N 0.069 0.049 0.154 0.052 0.01 0.05 0.065 0.134 0.043 0.024 0.035 0.101 0.012 0.017 0.021 0.068 0.04 0.005 0.017 0.033
231 A 0.169 0.046 0.035 0.034 0.015 0.027 0.04 0.137 0.016 0.031 0.046 0.071 0.015 0.04 0.024 0.133 0.052 0.005 0.019 0.044
232 G 0.068 0.025 0.09 0.039 0.01 0.02 0.028 0.447 0.015 0.018 0.027 0.035 0.009 0.015 0.018 0.062 0.033 0.005 0.011 0.024
233 G 0.072 0.021 0.036 0.031 0.01 0.017 0.023 0.551 0.012 0.017 0.026 0.031 0.009 0.015 0.017 0.047 0.027 0.005 0.01 0.022
234 L 0.04 0.023 0.017 0.016 0.012 0.017 0.022 0.022 0.026 0.074 0.215 0.025 0.03 0.111 0.014 0.026 0.029 0.016 0.192 0.077
235 L 0.041 0.021 0.014 0.015 0.014 0.015 0.019 0.021 0.012 0.124 0.29 0.023 0.047 0.092 0.013 0.024 0.031 0.036 0.048 0.101
236 T 0.062 0.03 0.033 0.03 0.016 0.022 0.032 0.035 0.012 0.078 0.092 0.04 0.022 0.047 0.022 0.069 0.234 0.006 0.02 0.098
237 L 0.045 0.022 0.014 0.015 0.015 0.015 0.019 0.02 0.009 0.114 0.344 0.023 0.041 0.067 0.013 0.024 0.033 0.007 0.023 0.137
238 G 0.116 0.025 0.027 0.026 0.014 0.019 0.027 0.185 0.013 0.066 0.133 0.032 0.027 0.059 0.019 0.073 0.045 0.006 0.021 0.066
239 F 0.033 0.018 0.015 0.015 0.011 0.011 0.018 0.023 0.014 0.07 0.161 0.018 0.027 0.366 0.01 0.023 0.025 0.014 0.07 0.058
240 Y 0.036 0.025 0.038 0.02 0.009 0.019 0.026 0.025 0.039 0.041 0.067 0.028 0.018 0.156 0.014 0.03 0.026 0.023 0.317 0.043
241 V 0.062 0.023 0.021 0.021 0.048 0.017 0.024 0.028 0.01 0.136 0.145 0.028 0.038 0.058 0.017 0.051 0.083 0.006 0.022 0.164
242 L 0.059 0.021 0.015 0.016 0.015 0.015 0.02 0.023 0.009 0.151 0.259 0.024 0.036 0.071 0.014 0.03 0.036 0.007 0.024 0.157
243 L 0.041 0.02 0.014 0.015 0.014 0.014 0.018 0.02 0.01 0.198 0.249 0.023 0.051 0.091 0.013 0.024 0.033 0.007 0.027 0.118
244 G 0.156 0.025 0.029 0.028 0.015 0.02 0.029 0.249 0.013 0.044 0.084 0.034 0.028 0.031 0.02 0.071 0.039 0.005 0.016 0.062
245 L 0.047 0.021 0.016 0.017 0.015 0.016 0.021 0.023 0.011 0.164 0.208 0.025 0.059 0.099 0.014 0.039 0.036 0.007 0.029 0.133
246 F 0.071 0.02 0.015 0.017 0.013 0.013 0.02 0.027 0.012 0.124 0.187 0.023 0.034 0.202 0.013 0.029 0.031 0.01 0.045 0.094
247 I 0.042 0.018 0.014 0.016 0.02 0.013 0.018 0.021 0.01 0.188 0.183 0.021 0.034 0.151 0.013 0.025 0.036 0.008 0.036 0.133
248 Y 0.037 0.025 0.019 0.017 0.009 0.019 0.024 0.023 0.038 0.057 0.091 0.027 0.022 0.133 0.014 0.028 0.026 0.023 0.318 0.051
249 I 0.061 0.019 0.016 0.017 0.014 0.014 0.02 0.024 0.011 0.187 0.186 0.023 0.032 0.119 0.014 0.034 0.035 0.008 0.036 0.13
250 L 0.056 0.022 0.02 0.019 0.027 0.016 0.022 0.049 0.012 0.09 0.176 0.025 0.039 0.161 0.015 0.048 0.052 0.009 0.038 0.103
251 G 0.064 0.03 0.129 0.044 0.011 0.023 0.032 0.302 0.018 0.038 0.038 0.038 0.014 0.02 0.019 0.08 0.039 0.005 0.022 0.034
252 K 0.079 0.134 0.055 0.034 0.009 0.038 0.049 0.067 0.023 0.028 0.044 0.176 0.014 0.032 0.021 0.048 0.035 0.008 0.072 0.034
253 K 0.06 0.08 0.066 0.035 0.011 0.046 0.047 0.037 0.017 0.058 0.106 0.153 0.021 0.05 0.02 0.048 0.061 0.006 0.021 0.058
254 L 0.042 0.033 0.031 0.032 0.011 0.027 0.09 0.025 0.023 0.087 0.168 0.055 0.026 0.069 0.016 0.033 0.031 0.012 0.123 0.065
255 R 0.044 0.264 0.085 0.038 0.008 0.044 0.052 0.037 0.022 0.022 0.04 0.164 0.014 0.016 0.02 0.047 0.035 0.005 0.016 0.028
256 I 0.046 0.047 0.067 0.03 0.012 0.033 0.034 0.03 0.015 0.171 0.129 0.086 0.026 0.052 0.017 0.042 0.041 0.006 0.021 0.096
257 E 0.046 0.108 0.065 0.073 0.009 0.054 0.113 0.034 0.02 0.052 0.072 0.109 0.017 0.047 0.02 0.044 0.035 0.006 0.02 0.056
258 D 0.039 0.035 0.231 0.241 0.008 0.029 0.063 0.052 0.024 0.021 0.028 0.046 0.01 0.015 0.02 0.06 0.04 0.004 0.013 0.024
259 K 0.048 0.081 0.059 0.065 0.009 0.038 0.109 0.034 0.04 0.066 0.072 0.116 0.018 0.027 0.02 0.045 0.049 0.006 0.037 0.061
260 N 0.05 0.045 0.122 0.114 0.01 0.034 0.113 0.041 0.024 0.04 0.048 0.052 0.017 0.032 0.02 0.065 0.04 0.007 0.062 0.066
261 Y 0.036 0.024 0.019 0.021 0.009 0.019 0.044 0.023 0.03 0.048 0.094 0.027 0.02 0.218 0.013 0.028 0.026 0.02 0.232 0.047
262 N 0.062 0.113 0.117 0.051 0.01 0.043 0.043 0.041 0.043 0.067 0.067 0.059 0.017 0.032 0.018 0.064 0.039 0.007 0.056 0.05
263 I 0.05 0.049 0.037 0.026 0.053 0.043 0.037 0.029 0.013 0.14 0.125 0.114 0.025 0.028 0.018 0.036 0.037 0.005 0.017 0.115
264 L 0.039 0.022 0.015 0.015 0.013 0.015 0.02 0.021 0.016 0.107 0.267 0.023 0.04 0.139 0.013 0.027 0.03 0.011 0.086 0.08
265 E 0.049 0.037 0.03 0.055 0.01 0.047 0.208 0.03 0.02 0.051 0.122 0.052 0.023 0.064 0.02 0.053 0.034 0.007 0.041 0.048
266 Q 0.06 0.046 0.033 0.036 0.092 0.148 0.077 0.036 0.019 0.041 0.074 0.058 0.023 0.019 0.021 0.059 0.079 0.005 0.017 0.056
267 L 0.042 0.021 0.015 0.016 0.014 0.014 0.019 0.022 0.011 0.146 0.225 0.023 0.055 0.147 0.013 0.031 0.033 0.009 0.036 0.107
268 Y 0.036 0.024 0.019 0.017 0.009 0.018 0.024 0.023 0.045 0.047 0.094 0.026 0.02 0.176 0.013 0.027 0.026 0.022 0.285 0.047
269 L 0.085 0.023 0.018 0.019 0.042 0.016 0.023 0.03 0.011 0.117 0.273 0.027 0.035 0.061 0.016 0.05 0.039 0.006 0.022 0.088
270 C 0.06 0.02 0.02 0.019 0.311 0.015 0.021 0.031 0.01 0.072 0.116 0.024 0.021 0.029 0.016 0.062 0.052 0.005 0.028 0.067
271 G 0.072 0.021 0.036 0.031 0.01 0.017 0.023 0.551 0.012 0.017 0.026 0.031 0.009 0.015 0.017 0.047 0.027 0.005 0.01 0.022
272 L 0.05 0.02 0.014 0.015 0.016 0.014 0.019 0.021 0.008 0.177 0.245 0.023 0.036 0.041 0.014 0.025 0.038 0.006 0.019 0.197
273 A 0.19 0.025 0.02 0.022 0.018 0.02 0.029 0.046 0.012 0.08 0.129 0.033 0.035 0.05 0.021 0.054 0.056 0.006 0.021 0.133
274 F 0.072 0.02 0.016 0.016 0.04 0.013 0.02 0.028 0.013 0.07 0.2 0.022 0.029 0.244 0.013 0.03 0.029 0.011 0.051 0.064
275 L 0.051 0.022 0.015 0.016 0.016 0.016 0.02 0.021 0.009 0.142 0.256 0.025 0.063 0.042 0.014 0.027 0.037 0.006 0.02 0.183
276 L 0.044 0.019 0.015 0.016 0.015 0.014 0.018 0.021 0.009 0.222 0.235 0.023 0.036 0.058 0.014 0.026 0.049 0.006 0.022 0.137
277 P 0.052 0.024 0.021 0.028 0.009 0.019 0.033 0.033 0.012 0.024 0.033 0.038 0.009 0.012 0.535 0.04 0.033 0.002 0.012 0.028
278 V 0.051 0.019 0.014 0.016 0.016 0.014 0.019 0.021 0.008 0.203 0.18 0.023 0.033 0.06 0.014 0.026 0.039 0.006 0.022 0.217
279 A 0.295 0.029 0.026 0.029 0.019 0.024 0.037 0.066 0.014 0.042 0.06 0.041 0.027 0.021 0.026 0.092 0.065 0.005 0.016 0.062
280 L 0.058 0.024 0.016 0.016 0.014 0.018 0.021 0.025 0.012 0.102 0.257 0.026 0.095 0.118 0.014 0.029 0.032 0.008 0.032 0.083
281 L 0.041 0.022 0.013 0.014 0.015 0.015 0.019 0.02 0.009 0.106 0.427 0.023 0.046 0.05 0.013 0.022 0.031 0.007 0.02 0.088
282 G 0.073 0.026 0.038 0.036 0.01 0.035 0.047 0.445 0.014 0.019 0.029 0.038 0.01 0.015 0.019 0.072 0.033 0.005 0.011 0.025
283 T 0.108 0.031 0.035 0.032 0.017 0.024 0.035 0.044 0.013 0.054 0.08 0.04 0.02 0.023 0.025 0.091 0.227 0.005 0.017 0.078
284 D 0.045 0.034 0.19 0.248 0.008 0.029 0.064 0.052 0.022 0.021 0.028 0.046 0.01 0.015 0.02 0.081 0.043 0.004 0.013 0.025
285 P 0.073 0.024 0.022 0.028 0.01 0.019 0.033 0.036 0.012 0.025 0.035 0.038 0.01 0.012 0.499 0.043 0.034 0.003 0.012 0.031
286 S 0.14 0.035 0.046 0.042 0.017 0.029 0.046 0.063 0.017 0.029 0.041 0.048 0.015 0.019 0.027 0.252 0.071 0.005 0.016 0.042
287 G 0.072 0.021 0.036 0.031 0.01 0.017 0.023 0.551 0.012 0.017 0.026 0.031 0.009 0.015 0.017 0.047 0.027 0.005 0.01 0.022
288 P 0.052 0.024 0.021 0.028 0.009 0.019 0.033 0.033 0.012 0.024 0.033 0.038 0.009 0.012 0.535 0.04 0.033 0.002 0.012 0.028
289 Q 0.051 0.067 0.04 0.043 0.008 0.28 0.094 0.038 0.027 0.024 0.043 0.084 0.019 0.013 0.022 0.051 0.038 0.005 0.019 0.032
290 R 0.041 0.399 0.036 0.028 0.007 0.044 0.048 0.03 0.021 0.021 0.043 0.11 0.014 0.016 0.018 0.041 0.032 0.005 0.016 0.028
291 L 0.044 0.02 0.014 0.015 0.015 0.014 0.018 0.02 0.009 0.205 0.253 0.023 0.048 0.065 0.013 0.024 0.034 0.006 0.023 0.137
292 L 0.057 0.021 0.014 0.015 0.015 0.015 0.019 0.022 0.01 0.139 0.346 0.024 0.041 0.062 0.014 0.025 0.032 0.007 0.022 0.1
293 N 0.054 0.036 0.119 0.04 0.01 0.063 0.043 0.04 0.026 0.05 0.057 0.044 0.017 0.084 0.04 0.056 0.067 0.01 0.098 0.046
294 Y 0.037 0.026 0.038 0.02 0.009 0.02 0.026 0.025 0.041 0.04 0.063 0.029 0.017 0.127 0.014 0.03 0.027 0.024 0.344 0.042
295 F 0.031 0.017 0.016 0.016 0.01 0.01 0.017 0.023 0.016 0.058 0.105 0.017 0.023 0.438 0.01 0.023 0.023 0.016 0.081 0.05
296 T 0.092 0.028 0.03 0.028 0.017 0.022 0.032 0.039 0.012 0.085 0.129 0.036 0.024 0.028 0.022 0.089 0.154 0.005 0.017 0.112
297 W 0.041 0.024 0.02 0.019 0.009 0.017 0.026 0.029 0.038 0.043 0.058 0.027 0.016 0.074 0.067 0.043 0.029 0.259 0.095 0.063
298 Y 0.051 0.025 0.022 0.021 0.013 0.019 0.026 0.027 0.02 0.097 0.114 0.03 0.05 0.077 0.05 0.04 0.085 0.011 0.115 0.107
299 L 0.05 0.021 0.015 0.016 0.036 0.015 0.02 0.022 0.009 0.156 0.254 0.024 0.047 0.041 0.014 0.033 0.037 0.006 0.019 0.164
300 V 0.079 0.023 0.019 0.02 0.016 0.018 0.024 0.028 0.01 0.169 0.126 0.028 0.06 0.034 0.017 0.04 0.076 0.006 0.019 0.189
301 L 0.04 0.02 0.014 0.015 0.014 0.013 0.018 0.021 0.011 0.137 0.276 0.021 0.037 0.149 0.012 0.023 0.031 0.009 0.036 0.105
302 L 0.042 0.022 0.014 0.015 0.015 0.015 0.019 0.02 0.01 0.157 0.34 0.024 0.061 0.047 0.013 0.023 0.033 0.006 0.02 0.105
303 L 0.041 0.02 0.014 0.015 0.014 0.013 0.018 0.02 0.01 0.184 0.288 0.022 0.041 0.087 0.013 0.023 0.032 0.007 0.026 0.113
304 P 0.052 0.024 0.021 0.028 0.009 0.019 0.033 0.033 0.012 0.024 0.033 0.038 0.009 0.012 0.535 0.04 0.033 0.002 0.012 0.028
305 I 0.047 0.023 0.019 0.019 0.014 0.017 0.023 0.025 0.015 0.153 0.136 0.027 0.064 0.104 0.015 0.037 0.066 0.01 0.074 0.113
306 I 0.083 0.021 0.017 0.018 0.016 0.016 0.022 0.027 0.009 0.186 0.186 0.026 0.034 0.037 0.016 0.035 0.056 0.006 0.019 0.17
307 L 0.039 0.021 0.014 0.015 0.014 0.014 0.019 0.021 0.012 0.112 0.32 0.023 0.049 0.125 0.013 0.023 0.03 0.009 0.043 0.085
308 K 0.052 0.115 0.056 0.072 0.009 0.056 0.077 0.039 0.019 0.035 0.063 0.177 0.016 0.018 0.022 0.065 0.039 0.005 0.016 0.048
309 K 0.05 0.139 0.039 0.06 0.008 0.048 0.079 0.038 0.02 0.024 0.039 0.273 0.014 0.015 0.024 0.048 0.035 0.005 0.016 0.029
310 I 0.043 0.022 0.016 0.018 0.013 0.028 0.023 0.022 0.014 0.203 0.158 0.026 0.045 0.099 0.014 0.026 0.034 0.009 0.06 0.128
311 N 0.042 0.054 0.271 0.064 0.008 0.034 0.049 0.053 0.026 0.024 0.036 0.12 0.012 0.038 0.02 0.058 0.042 0.005 0.018 0.027
312 N 0.054 0.037 0.228 0.058 0.011 0.028 0.041 0.081 0.024 0.046 0.043 0.049 0.013 0.025 0.02 0.099 0.063 0.006 0.035 0.04
313 K 0.066 0.068 0.052 0.029 0.012 0.029 0.039 0.034 0.016 0.111 0.116 0.132 0.023 0.032 0.019 0.041 0.04 0.006 0.037 0.097
314 L 0.039 0.021 0.016 0.016 0.012 0.015 0.02 0.022 0.019 0.108 0.2 0.023 0.036 0.158 0.013 0.025 0.029 0.013 0.123 0.09
315 I 0.049 0.018 0.014 0.016 0.015 0.013 0.018 0.021 0.008 0.241 0.153 0.022 0.032 0.066 0.014 0.025 0.038 0.006 0.023 0.206
316 Y 0.048 0.039 0.072 0.032 0.011 0.026 0.036 0.034 0.028 0.046 0.092 0.079 0.019 0.062 0.019 0.058 0.078 0.013 0.16 0.048
317 L 0.074 0.021 0.017 0.018 0.015 0.016 0.022 0.027 0.012 0.161 0.2 0.026 0.033 0.078 0.015 0.044 0.041 0.008 0.043 0.128
318 S 0.11 0.04 0.054 0.049 0.018 0.033 0.053 0.067 0.019 0.03 0.042 0.054 0.016 0.021 0.03 0.217 0.082 0.005 0.018 0.042
319 L 0.067 0.022 0.018 0.019 0.015 0.016 0.022 0.026 0.01 0.179 0.206 0.026 0.038 0.065 0.016 0.039 0.066 0.006 0.023 0.121
320 F 0.076 0.022 0.021 0.021 0.012 0.014 0.024 0.034 0.015 0.06 0.091 0.025 0.022 0.306 0.014 0.066 0.037 0.012 0.061 0.066
