#Seq2Logo.py -f /work3/idamei/ssn-clusterings/clustering/2205171701/clusters/0035_103/sequences.afa -o /work3/idamei/ssn-clusterings/clustering/2205171701/clusters/0035_103/sequences.logo
#Position Specific Frequency Matrix
A R N D C Q E G H I L K M F P S T W Y V
0 L 0.052 0.032 0.02 0.02 0.016 0.028 0.028 0.028 0.016 0.101 0.197 0.036 0.158 0.048 0.016 0.036 0.04 0.008 0.024 0.093
1 G 0.078 0.023 0.039 0.034 0.011 0.019 0.026 0.509 0.014 0.019 0.028 0.034 0.009 0.016 0.019 0.051 0.03 0.005 0.011 0.024
2 S 0.11 0.04 0.054 0.049 0.018 0.033 0.053 0.066 0.019 0.03 0.042 0.054 0.016 0.021 0.03 0.218 0.082 0.005 0.018 0.042
3 Q 0.056 0.074 0.044 0.047 0.009 0.213 0.103 0.041 0.029 0.027 0.047 0.091 0.021 0.015 0.024 0.056 0.041 0.006 0.021 0.035
4 D 0.041 0.03 0.069 0.396 0.008 0.03 0.092 0.047 0.019 0.022 0.028 0.045 0.009 0.015 0.022 0.052 0.035 0.004 0.011 0.024
5 M 0.047 0.029 0.018 0.018 0.015 0.025 0.025 0.025 0.015 0.09 0.177 0.033 0.244 0.043 0.015 0.033 0.036 0.007 0.022 0.083
6 D 0.065 0.031 0.054 0.147 0.011 0.03 0.112 0.062 0.016 0.062 0.079 0.043 0.026 0.021 0.044 0.07 0.057 0.005 0.015 0.05
7 H 0.042 0.046 0.054 0.038 0.008 0.038 0.054 0.038 0.352 0.023 0.038 0.046 0.015 0.031 0.019 0.042 0.027 0.008 0.058 0.023
8 K 0.057 0.108 0.042 0.042 0.009 0.054 0.071 0.043 0.021 0.028 0.043 0.275 0.016 0.016 0.028 0.054 0.04 0.005 0.017 0.033
9 A 0.287 0.031 0.026 0.03 0.022 0.026 0.041 0.079 0.015 0.043 0.06 0.045 0.018 0.022 0.03 0.085 0.05 0.005 0.018 0.069
10 L 0.052 0.032 0.02 0.02 0.016 0.028 0.028 0.028 0.016 0.101 0.198 0.036 0.157 0.048 0.016 0.036 0.04 0.008 0.024 0.093
11 P 0.057 0.026 0.023 0.031 0.01 0.021 0.036 0.036 0.013 0.026 0.036 0.041 0.01 0.013 0.491 0.044 0.036 0.003 0.013 0.031
12 Q 0.056 0.074 0.044 0.047 0.009 0.211 0.103 0.041 0.03 0.027 0.047 0.092 0.021 0.015 0.024 0.056 0.041 0.006 0.021 0.035
13 A 0.287 0.031 0.026 0.03 0.022 0.026 0.041 0.079 0.015 0.043 0.06 0.045 0.018 0.022 0.03 0.085 0.05 0.005 0.018 0.069
14 L 0.045 0.024 0.014 0.015 0.016 0.016 0.02 0.021 0.01 0.116 0.373 0.025 0.05 0.055 0.014 0.024 0.034 0.007 0.022 0.097
15 A 0.287 0.031 0.026 0.03 0.022 0.026 0.041 0.079 0.015 0.043 0.06 0.045 0.018 0.022 0.03 0.085 0.05 0.005 0.018 0.069
16 L 0.045 0.024 0.014 0.015 0.016 0.016 0.02 0.021 0.01 0.116 0.373 0.025 0.05 0.055 0.014 0.024 0.034 0.007 0.022 0.097
17 F 0.034 0.019 0.017 0.017 0.011 0.011 0.019 0.026 0.017 0.064 0.115 0.019 0.026 0.384 0.011 0.026 0.026 0.017 0.089 0.055
18 L 0.045 0.024 0.014 0.015 0.016 0.016 0.02 0.021 0.01 0.116 0.373 0.025 0.05 0.055 0.014 0.024 0.034 0.007 0.022 0.097
19 I 0.047 0.018 0.015 0.018 0.016 0.013 0.018 0.021 0.009 0.268 0.169 0.024 0.037 0.044 0.015 0.025 0.04 0.006 0.021 0.177
20 V 0.07 0.022 0.017 0.018 0.019 0.017 0.023 0.025 0.008 0.165 0.131 0.026 0.032 0.036 0.017 0.033 0.05 0.006 0.021 0.266
21 L 0.052 0.032 0.02 0.02 0.016 0.028 0.028 0.028 0.016 0.101 0.198 0.036 0.157 0.048 0.016 0.036 0.04 0.008 0.024 0.093
22 I 0.047 0.018 0.015 0.018 0.016 0.013 0.018 0.021 0.009 0.268 0.169 0.024 0.037 0.044 0.015 0.025 0.04 0.006 0.021 0.177
23 I 0.047 0.018 0.015 0.018 0.016 0.013 0.018 0.021 0.009 0.268 0.169 0.024 0.037 0.044 0.015 0.025 0.04 0.006 0.021 0.177
24 A 0.287 0.031 0.026 0.03 0.022 0.026 0.041 0.079 0.015 0.043 0.06 0.045 0.018 0.022 0.03 0.085 0.05 0.005 0.018 0.069
25 T 0.073 0.036 0.044 0.038 0.018 0.028 0.04 0.044 0.014 0.054 0.065 0.046 0.02 0.024 0.028 0.093 0.243 0.006 0.018 0.071
26 L 0.045 0.024 0.014 0.015 0.016 0.016 0.02 0.021 0.01 0.116 0.373 0.025 0.05 0.055 0.014 0.024 0.034 0.007 0.022 0.097
27 I 0.047 0.018 0.015 0.018 0.016 0.013 0.018 0.021 0.009 0.268 0.169 0.024 0.037 0.044 0.015 0.025 0.04 0.006 0.021 0.177
28 Q 0.056 0.074 0.044 0.047 0.009 0.211 0.103 0.041 0.03 0.027 0.047 0.092 0.021 0.015 0.024 0.056 0.041 0.006 0.021 0.035
29 Q 0.056 0.074 0.044 0.047 0.009 0.211 0.103 0.041 0.03 0.027 0.047 0.092 0.021 0.015 0.024 0.056 0.041 0.006 0.021 0.035
30 H 0.042 0.046 0.054 0.038 0.008 0.038 0.054 0.038 0.352 0.023 0.038 0.046 0.015 0.031 0.019 0.042 0.027 0.008 0.058 0.023
31 L 0.045 0.024 0.014 0.015 0.016 0.016 0.02 0.021 0.01 0.116 0.373 0.025 0.05 0.055 0.014 0.024 0.034 0.007 0.022 0.097
32 I 0.047 0.018 0.015 0.018 0.016 0.013 0.018 0.021 0.009 0.268 0.169 0.024 0.037 0.044 0.015 0.025 0.04 0.006 0.021 0.177
33 S 0.11 0.04 0.054 0.049 0.018 0.033 0.053 0.067 0.019 0.03 0.042 0.054 0.016 0.021 0.03 0.216 0.082 0.005 0.018 0.042
34 G 0.079 0.023 0.039 0.034 0.011 0.019 0.026 0.508 0.014 0.019 0.028 0.034 0.009 0.016 0.019 0.052 0.03 0.005 0.011 0.024
35 S 0.11 0.04 0.054 0.049 0.018 0.033 0.053 0.067 0.019 0.03 0.042 0.054 0.016 0.021 0.03 0.216 0.082 0.005 0.018 0.042
36 P 0.057 0.026 0.023 0.031 0.01 0.021 0.036 0.036 0.013 0.026 0.036 0.041 0.01 0.013 0.491 0.044 0.036 0.003 0.013 0.031
37 V 0.07 0.022 0.017 0.018 0.019 0.017 0.023 0.025 0.008 0.165 0.131 0.026 0.032 0.036 0.017 0.033 0.05 0.006 0.021 0.266
38 T 0.073 0.036 0.044 0.038 0.018 0.028 0.04 0.044 0.014 0.054 0.065 0.046 0.02 0.024 0.028 0.093 0.243 0.006 0.018 0.071
39 E 0.052 0.029 0.03 0.087 0.011 0.029 0.115 0.058 0.014 0.096 0.096 0.04 0.02 0.026 0.046 0.053 0.051 0.033 0.018 0.096
40 A 0.288 0.031 0.026 0.03 0.022 0.026 0.041 0.078 0.015 0.043 0.06 0.045 0.018 0.022 0.03 0.085 0.05 0.005 0.018 0.069
41 A 0.288 0.031 0.026 0.03 0.022 0.026 0.041 0.078 0.015 0.043 0.06 0.045 0.018 0.022 0.03 0.085 0.05 0.005 0.018 0.069
42 L 0.044 0.026 0.029 0.1 0.012 0.022 0.062 0.029 0.014 0.107 0.154 0.033 0.043 0.104 0.017 0.037 0.056 0.007 0.029 0.077
43 D 0.044 0.03 0.045 0.223 0.01 0.03 0.102 0.036 0.017 0.081 0.111 0.043 0.021 0.026 0.02 0.043 0.036 0.005 0.015 0.062
44 L 0.043 0.022 0.04 0.021 0.012 0.016 0.023 0.027 0.018 0.128 0.139 0.026 0.026 0.118 0.014 0.043 0.034 0.055 0.099 0.095
45 L 0.063 0.022 0.018 0.019 0.014 0.016 0.022 0.027 0.011 0.156 0.184 0.026 0.04 0.082 0.041 0.044 0.05 0.007 0.035 0.12
46 E 0.06 0.032 0.06 0.082 0.01 0.032 0.135 0.057 0.018 0.045 0.128 0.043 0.029 0.064 0.044 0.053 0.035 0.006 0.023 0.045
47 K 0.049 0.115 0.051 0.036 0.008 0.044 0.058 0.05 0.019 0.024 0.039 0.287 0.014 0.017 0.023 0.046 0.035 0.04 0.018 0.029
48 L 0.06 0.021 0.017 0.018 0.036 0.015 0.021 0.026 0.011 0.14 0.214 0.025 0.04 0.109 0.014 0.049 0.036 0.007 0.029 0.112
49 L 0.061 0.019 0.015 0.016 0.015 0.014 0.019 0.045 0.009 0.181 0.194 0.023 0.032 0.081 0.014 0.027 0.035 0.006 0.025 0.171
50 A 0.198 0.03 0.061 0.036 0.038 0.025 0.038 0.103 0.015 0.034 0.049 0.041 0.024 0.019 0.024 0.145 0.052 0.005 0.015 0.048
51 I 0.044 0.018 0.013 0.015 0.015 0.013 0.017 0.019 0.008 0.246 0.216 0.022 0.035 0.062 0.013 0.023 0.035 0.006 0.022 0.158
52 F 0.062 0.02 0.021 0.021 0.034 0.015 0.022 0.117 0.013 0.091 0.118 0.025 0.032 0.187 0.014 0.053 0.033 0.009 0.04 0.075
53 F 0.04 0.019 0.016 0.016 0.012 0.013 0.019 0.044 0.014 0.133 0.182 0.022 0.038 0.189 0.012 0.025 0.029 0.011 0.072 0.094
54 S 0.134 0.034 0.044 0.04 0.016 0.028 0.044 0.082 0.016 0.029 0.04 0.046 0.014 0.019 0.026 0.247 0.078 0.005 0.015 0.042
55 L 0.105 0.023 0.019 0.02 0.038 0.017 0.024 0.034 0.011 0.099 0.236 0.028 0.031 0.076 0.019 0.064 0.038 0.006 0.024 0.089
56 G 0.098 0.025 0.025 0.024 0.014 0.02 0.026 0.173 0.012 0.062 0.16 0.031 0.061 0.042 0.018 0.064 0.049 0.006 0.018 0.071
57 I 0.042 0.018 0.014 0.016 0.036 0.013 0.017 0.02 0.009 0.256 0.167 0.022 0.05 0.091 0.013 0.024 0.034 0.007 0.026 0.128
58 L 0.04 0.021 0.013 0.014 0.014 0.014 0.018 0.02 0.01 0.099 0.355 0.022 0.039 0.116 0.012 0.023 0.03 0.008 0.03 0.101
59 L 0.065 0.021 0.022 0.021 0.035 0.016 0.022 0.181 0.012 0.074 0.196 0.027 0.026 0.056 0.037 0.036 0.042 0.007 0.034 0.072
60 A 0.29 0.031 0.026 0.03 0.022 0.026 0.04 0.078 0.015 0.043 0.059 0.044 0.017 0.022 0.03 0.085 0.05 0.005 0.017 0.069
61 I 0.063 0.033 0.071 0.032 0.012 0.077 0.041 0.078 0.019 0.107 0.079 0.042 0.03 0.05 0.017 0.053 0.05 0.007 0.05 0.089
62 A 0.289 0.027 0.025 0.027 0.018 0.022 0.035 0.106 0.013 0.039 0.068 0.038 0.016 0.038 0.025 0.088 0.044 0.005 0.018 0.057
63 L 0.049 0.022 0.015 0.015 0.011 0.016 0.021 0.024 0.02 0.084 0.193 0.024 0.027 0.085 0.012 0.026 0.027 0.124 0.138 0.064
64 L 0.1 0.021 0.017 0.018 0.062 0.016 0.021 0.055 0.01 0.126 0.198 0.026 0.038 0.061 0.016 0.036 0.035 0.006 0.021 0.118
65 L 0.106 0.024 0.02 0.02 0.059 0.029 0.027 0.034 0.012 0.094 0.171 0.03 0.027 0.052 0.017 0.059 0.04 0.006 0.035 0.137
66 R 0.06 0.226 0.034 0.031 0.008 0.041 0.05 0.079 0.019 0.023 0.04 0.189 0.014 0.017 0.02 0.044 0.033 0.027 0.017 0.029
67 R 0.061 0.214 0.046 0.03 0.01 0.035 0.043 0.034 0.017 0.057 0.085 0.114 0.018 0.021 0.019 0.06 0.055 0.005 0.016 0.058
68 V 0.067 0.033 0.023 0.022 0.034 0.022 0.031 0.032 0.068 0.091 0.096 0.068 0.031 0.062 0.016 0.035 0.033 0.032 0.088 0.117
69 V 0.109 0.025 0.024 0.024 0.059 0.019 0.028 0.037 0.029 0.098 0.082 0.031 0.021 0.061 0.019 0.068 0.088 0.007 0.038 0.133
70 G 0.063 0.083 0.036 0.032 0.009 0.048 0.038 0.367 0.015 0.019 0.031 0.085 0.011 0.015 0.019 0.054 0.032 0.005 0.012 0.025
71 S 0.089 0.03 0.037 0.034 0.015 0.024 0.037 0.068 0.014 0.058 0.06 0.04 0.018 0.057 0.023 0.169 0.125 0.006 0.021 0.076
72 W 0.027 0.02 0.014 0.014 0.007 0.013 0.02 0.027 0.014 0.028 0.05 0.02 0.014 0.071 0.007 0.02 0.02 0.523 0.062 0.028
73 L 0.074 0.022 0.017 0.018 0.015 0.016 0.022 0.026 0.01 0.146 0.258 0.026 0.034 0.057 0.015 0.043 0.048 0.006 0.021 0.127
74 N 0.111 0.03 0.145 0.041 0.013 0.022 0.034 0.048 0.018 0.054 0.062 0.037 0.017 0.11 0.019 0.067 0.076 0.007 0.029 0.062
75 P 0.064 0.023 0.021 0.028 0.01 0.019 0.033 0.034 0.012 0.024 0.033 0.037 0.01 0.012 0.524 0.041 0.033 0.002 0.012 0.029
76 A 0.229 0.026 0.027 0.028 0.016 0.021 0.033 0.164 0.013 0.041 0.05 0.037 0.016 0.019 0.067 0.082 0.042 0.005 0.014 0.071
77 C 0.087 0.025 0.028 0.027 0.146 0.02 0.029 0.061 0.011 0.066 0.067 0.032 0.018 0.022 0.02 0.126 0.062 0.005 0.015 0.132
78 L 0.045 0.019 0.013 0.015 0.015 0.014 0.018 0.019 0.008 0.202 0.278 0.022 0.037 0.043 0.013 0.023 0.034 0.006 0.019 0.156
79 F 0.031 0.018 0.015 0.015 0.01 0.011 0.018 0.023 0.017 0.066 0.105 0.019 0.022 0.362 0.01 0.023 0.023 0.059 0.1 0.052
80 S 0.104 0.029 0.052 0.036 0.08 0.024 0.036 0.137 0.015 0.042 0.049 0.039 0.014 0.021 0.022 0.172 0.065 0.005 0.014 0.045
81 L 0.047 0.023 0.016 0.017 0.036 0.016 0.021 0.024 0.01 0.098 0.335 0.025 0.056 0.061 0.014 0.047 0.035 0.006 0.022 0.091
82 F 0.088 0.019 0.017 0.018 0.011 0.012 0.021 0.053 0.014 0.055 0.113 0.022 0.022 0.334 0.013 0.033 0.027 0.012 0.062 0.053
83 W 0.027 0.02 0.014 0.014 0.007 0.014 0.02 0.027 0.014 0.027 0.048 0.02 0.014 0.054 0.007 0.02 0.02 0.545 0.061 0.027
84 F 0.049 0.019 0.017 0.017 0.011 0.011 0.019 0.026 0.015 0.061 0.112 0.02 0.023 0.38 0.011 0.037 0.027 0.013 0.069 0.063
85 L 0.08 0.021 0.017 0.017 0.036 0.015 0.021 0.071 0.011 0.106 0.192 0.024 0.038 0.111 0.015 0.032 0.033 0.007 0.029 0.124
86 F 0.035 0.021 0.017 0.016 0.01 0.014 0.021 0.022 0.025 0.057 0.114 0.022 0.022 0.261 0.012 0.025 0.025 0.018 0.201 0.062
87 T 0.063 0.03 0.036 0.031 0.016 0.023 0.033 0.037 0.012 0.077 0.069 0.038 0.019 0.023 0.023 0.076 0.289 0.005 0.016 0.083
88 F 0.096 0.02 0.018 0.018 0.012 0.013 0.022 0.032 0.014 0.073 0.108 0.023 0.023 0.292 0.014 0.044 0.031 0.011 0.056 0.078
89 F 0.042 0.018 0.014 0.015 0.035 0.012 0.018 0.022 0.011 0.152 0.145 0.02 0.028 0.207 0.012 0.025 0.032 0.009 0.043 0.141
90 P 0.051 0.023 0.021 0.028 0.009 0.019 0.032 0.032 0.012 0.023 0.032 0.037 0.009 0.012 0.546 0.039 0.032 0.002 0.012 0.028
91 L 0.04 0.022 0.013 0.014 0.015 0.015 0.018 0.019 0.009 0.103 0.44 0.023 0.044 0.049 0.013 0.022 0.03 0.006 0.02 0.086
92 V 0.077 0.02 0.015 0.016 0.016 0.015 0.021 0.025 0.009 0.135 0.178 0.024 0.03 0.087 0.015 0.03 0.038 0.007 0.026 0.216
93 V 0.106 0.02 0.018 0.019 0.037 0.015 0.022 0.075 0.01 0.131 0.116 0.026 0.034 0.083 0.016 0.037 0.037 0.006 0.025 0.167
94 L 0.14 0.025 0.019 0.02 0.016 0.019 0.025 0.081 0.012 0.076 0.197 0.03 0.073 0.052 0.018 0.043 0.036 0.006 0.021 0.093
95 F 0.036 0.02 0.017 0.018 0.009 0.013 0.022 0.026 0.015 0.044 0.075 0.023 0.018 0.261 0.122 0.029 0.037 0.101 0.073 0.041
96 N 0.068 0.033 0.108 0.065 0.01 0.03 0.093 0.087 0.022 0.028 0.042 0.044 0.013 0.049 0.02 0.093 0.064 0.03 0.066 0.035
97 V 0.134 0.022 0.018 0.019 0.017 0.017 0.025 0.056 0.009 0.13 0.103 0.028 0.034 0.029 0.018 0.041 0.043 0.005 0.018 0.235
98 P 0.05 0.025 0.024 0.039 0.009 0.021 0.048 0.044 0.029 0.023 0.032 0.038 0.009 0.012 0.48 0.04 0.032 0.003 0.013 0.027
99 V 0.06 0.02 0.019 0.019 0.016 0.016 0.023 0.026 0.009 0.187 0.116 0.026 0.028 0.05 0.016 0.061 0.045 0.005 0.021 0.239
100 N 0.047 0.038 0.272 0.099 0.009 0.03 0.06 0.053 0.025 0.023 0.032 0.047 0.011 0.021 0.02 0.086 0.063 0.005 0.03 0.029
101 P 0.075 0.023 0.02 0.025 0.011 0.018 0.03 0.033 0.011 0.05 0.077 0.034 0.015 0.019 0.391 0.039 0.033 0.026 0.015 0.054
102 L 0.066 0.024 0.034 0.038 0.012 0.017 0.025 0.051 0.015 0.063 0.209 0.027 0.036 0.075 0.014 0.033 0.042 0.098 0.06 0.059
103 A 0.269 0.028 0.029 0.03 0.017 0.023 0.036 0.15 0.014 0.034 0.046 0.04 0.014 0.019 0.025 0.108 0.047 0.005 0.015 0.052
104 I 0.064 0.021 0.019 0.019 0.016 0.016 0.022 0.025 0.009 0.211 0.138 0.027 0.047 0.035 0.016 0.037 0.086 0.005 0.018 0.168
105 L 0.114 0.023 0.019 0.02 0.015 0.017 0.024 0.077 0.011 0.096 0.237 0.028 0.04 0.053 0.017 0.048 0.036 0.006 0.02 0.099
106 Y 0.034 0.022 0.018 0.016 0.009 0.016 0.022 0.022 0.032 0.048 0.091 0.024 0.02 0.225 0.012 0.026 0.025 0.021 0.27 0.046
107 I 0.043 0.017 0.013 0.016 0.015 0.012 0.016 0.019 0.008 0.307 0.185 0.021 0.034 0.04 0.013 0.023 0.035 0.005 0.019 0.158
108 L 0.062 0.021 0.016 0.016 0.014 0.014 0.02 0.025 0.011 0.089 0.224 0.023 0.031 0.16 0.013 0.029 0.043 0.031 0.038 0.119
109 L 0.129 0.022 0.02 0.021 0.059 0.017 0.025 0.059 0.011 0.097 0.143 0.028 0.025 0.084 0.018 0.056 0.05 0.006 0.025 0.106
110 C 0.115 0.02 0.019 0.019 0.209 0.015 0.022 0.059 0.013 0.042 0.066 0.025 0.017 0.132 0.016 0.052 0.033 0.03 0.047 0.05
111 C 0.062 0.022 0.037 0.023 0.19 0.017 0.024 0.032 0.01 0.076 0.104 0.028 0.021 0.025 0.017 0.064 0.088 0.005 0.015 0.139
112 L 0.069 0.019 0.015 0.016 0.036 0.013 0.019 0.025 0.01 0.161 0.184 0.022 0.03 0.137 0.014 0.028 0.033 0.008 0.033 0.128
113 L 0.133 0.023 0.02 0.021 0.037 0.017 0.026 0.038 0.012 0.082 0.168 0.029 0.026 0.101 0.018 0.065 0.051 0.007 0.028 0.097
114 F 0.032 0.017 0.015 0.015 0.01 0.01 0.017 0.023 0.015 0.061 0.103 0.017 0.023 0.433 0.01 0.023 0.024 0.015 0.077 0.062
115 S 0.124 0.032 0.042 0.039 0.015 0.026 0.041 0.143 0.015 0.028 0.039 0.044 0.014 0.018 0.025 0.212 0.083 0.005 0.015 0.04
116 L 0.087 0.023 0.018 0.019 0.015 0.017 0.023 0.052 0.01 0.125 0.282 0.027 0.043 0.04 0.016 0.053 0.037 0.006 0.018 0.088
117 P 0.085 0.029 0.035 0.035 0.013 0.023 0.037 0.111 0.014 0.028 0.038 0.041 0.012 0.016 0.198 0.141 0.089 0.004 0.014 0.037
118 A 0.164 0.027 0.029 0.028 0.045 0.022 0.033 0.073 0.013 0.066 0.069 0.036 0.027 0.041 0.022 0.121 0.061 0.005 0.019 0.098
119 L 0.056 0.021 0.015 0.015 0.059 0.014 0.019 0.024 0.012 0.087 0.254 0.023 0.042 0.129 0.013 0.027 0.031 0.009 0.049 0.1
120 L 0.07 0.022 0.018 0.019 0.013 0.016 0.023 0.072 0.012 0.071 0.209 0.027 0.055 0.121 0.08 0.032 0.031 0.007 0.03 0.072
121 F 0.041 0.021 0.021 0.02 0.012 0.014 0.022 0.027 0.014 0.061 0.11 0.023 0.032 0.31 0.013 0.045 0.077 0.012 0.059 0.066
122 D 0.048 0.089 0.115 0.165 0.009 0.045 0.056 0.043 0.019 0.028 0.036 0.054 0.012 0.016 0.086 0.07 0.051 0.004 0.013 0.041
123 W 0.029 0.025 0.017 0.016 0.007 0.017 0.024 0.028 0.048 0.027 0.046 0.036 0.014 0.05 0.008 0.023 0.021 0.477 0.058 0.027
124 R 0.055 0.197 0.053 0.053 0.009 0.05 0.053 0.073 0.019 0.023 0.038 0.153 0.013 0.015 0.021 0.079 0.045 0.005 0.015 0.03
125 K 0.107 0.084 0.046 0.032 0.012 0.041 0.043 0.043 0.018 0.054 0.059 0.113 0.017 0.059 0.021 0.086 0.055 0.007 0.037 0.067
126 A 0.287 0.03 0.024 0.026 0.018 0.023 0.035 0.082 0.03 0.05 0.059 0.051 0.017 0.021 0.024 0.066 0.043 0.005 0.017 0.092
127 F 0.054 0.057 0.036 0.022 0.012 0.029 0.028 0.028 0.032 0.079 0.148 0.034 0.025 0.169 0.014 0.033 0.043 0.009 0.054 0.093
128 A 0.135 0.065 0.045 0.053 0.013 0.04 0.074 0.044 0.018 0.053 0.07 0.055 0.017 0.029 0.022 0.073 0.076 0.007 0.047 0.064
129 A 0.115 0.09 0.044 0.035 0.012 0.055 0.072 0.041 0.017 0.053 0.094 0.104 0.037 0.022 0.021 0.061 0.05 0.005 0.017 0.052
130 N 0.055 0.056 0.313 0.065 0.009 0.03 0.044 0.055 0.026 0.035 0.036 0.062 0.012 0.017 0.019 0.07 0.044 0.004 0.015 0.032
131 A 0.119 0.075 0.03 0.033 0.013 0.032 0.068 0.063 0.032 0.046 0.112 0.11 0.02 0.023 0.021 0.07 0.051 0.005 0.018 0.06
132 V 0.064 0.059 0.084 0.037 0.023 0.062 0.058 0.037 0.018 0.055 0.092 0.086 0.019 0.042 0.042 0.057 0.039 0.006 0.027 0.092
133 K 0.048 0.072 0.096 0.043 0.009 0.041 0.068 0.04 0.037 0.042 0.06 0.231 0.015 0.018 0.022 0.049 0.049 0.005 0.017 0.038
134 P 0.055 0.051 0.037 0.055 0.012 0.035 0.039 0.077 0.014 0.064 0.105 0.078 0.019 0.024 0.121 0.062 0.05 0.005 0.015 0.082
135 R 0.08 0.101 0.056 0.057 0.011 0.043 0.073 0.04 0.019 0.05 0.064 0.08 0.026 0.033 0.042 0.08 0.052 0.006 0.033 0.057
136 A 0.118 0.034 0.057 0.1 0.014 0.031 0.076 0.055 0.018 0.035 0.05 0.047 0.016 0.058 0.025 0.117 0.074 0.006 0.023 0.046
137 A 0.133 0.047 0.048 0.052 0.014 0.024 0.039 0.048 0.016 0.041 0.068 0.042 0.016 0.045 0.096 0.11 0.059 0.006 0.036 0.059
138 A 0.102 0.075 0.047 0.035 0.011 0.041 0.045 0.068 0.035 0.043 0.047 0.1 0.015 0.024 0.067 0.074 0.063 0.029 0.035 0.043
139 A 0.105 0.03 0.077 0.075 0.021 0.026 0.072 0.099 0.035 0.036 0.049 0.04 0.014 0.064 0.02 0.073 0.062 0.007 0.042 0.052
140 L 0.057 0.033 0.039 0.076 0.012 0.02 0.032 0.029 0.018 0.121 0.155 0.037 0.025 0.05 0.016 0.043 0.035 0.009 0.094 0.097
141 F 0.034 0.021 0.017 0.016 0.009 0.014 0.02 0.022 0.026 0.053 0.113 0.022 0.022 0.278 0.012 0.025 0.024 0.019 0.203 0.049
142 G 0.06 0.081 0.097 0.098 0.01 0.029 0.058 0.175 0.018 0.022 0.034 0.062 0.011 0.034 0.02 0.1 0.041 0.005 0.016 0.028
143 G 0.073 0.059 0.07 0.04 0.012 0.039 0.042 0.156 0.034 0.029 0.039 0.06 0.013 0.018 0.022 0.147 0.084 0.005 0.016 0.042
144 P 0.085 0.082 0.048 0.035 0.011 0.036 0.044 0.054 0.016 0.027 0.039 0.107 0.013 0.015 0.176 0.093 0.066 0.004 0.014 0.035
145 F 0.04 0.039 0.019 0.019 0.011 0.027 0.025 0.025 0.032 0.08 0.164 0.028 0.027 0.229 0.013 0.037 0.03 0.011 0.063 0.083
146 L 0.042 0.02 0.014 0.015 0.036 0.014 0.018 0.02 0.01 0.153 0.288 0.023 0.058 0.08 0.013 0.024 0.032 0.007 0.025 0.109
147 R 0.052 0.12 0.042 0.027 0.012 0.027 0.035 0.031 0.015 0.084 0.115 0.075 0.022 0.029 0.018 0.062 0.074 0.028 0.027 0.104
148 L 0.069 0.045 0.04 0.026 0.057 0.021 0.029 0.068 0.014 0.101 0.155 0.053 0.024 0.035 0.018 0.063 0.073 0.006 0.032 0.072
149 A 0.137 0.025 0.026 0.026 0.081 0.02 0.029 0.076 0.012 0.077 0.082 0.033 0.033 0.042 0.02 0.088 0.079 0.005 0.018 0.089
150 F 0.033 0.018 0.015 0.015 0.032 0.01 0.017 0.023 0.014 0.062 0.143 0.018 0.025 0.382 0.01 0.023 0.024 0.014 0.069 0.054
151 Y 0.079 0.024 0.019 0.018 0.011 0.018 0.025 0.028 0.044 0.058 0.116 0.028 0.022 0.127 0.015 0.033 0.029 0.017 0.212 0.075
152 L 0.052 0.032 0.02 0.02 0.016 0.028 0.028 0.028 0.016 0.1 0.197 0.036 0.161 0.048 0.016 0.036 0.04 0.008 0.024 0.092
153 L 0.074 0.024 0.025 0.024 0.036 0.018 0.027 0.065 0.012 0.086 0.152 0.03 0.025 0.082 0.017 0.095 0.055 0.006 0.025 0.12
154 L 0.083 0.023 0.021 0.021 0.026 0.018 0.025 0.076 0.012 0.113 0.16 0.029 0.064 0.086 0.016 0.067 0.038 0.007 0.025 0.089
155 S 0.095 0.035 0.032 0.031 0.046 0.078 0.044 0.063 0.016 0.057 0.09 0.044 0.02 0.058 0.021 0.111 0.069 0.006 0.022 0.064
156 L 0.068 0.024 0.023 0.022 0.015 0.018 0.025 0.061 0.011 0.112 0.188 0.029 0.028 0.059 0.017 0.063 0.097 0.006 0.021 0.112
157 L 0.064 0.021 0.019 0.02 0.015 0.016 0.023 0.028 0.011 0.165 0.185 0.026 0.03 0.096 0.015 0.066 0.039 0.007 0.027 0.128
158 A 0.153 0.028 0.03 0.029 0.039 0.022 0.034 0.048 0.013 0.076 0.069 0.037 0.019 0.023 0.022 0.133 0.076 0.005 0.016 0.128
159 I 0.055 0.019 0.015 0.016 0.015 0.014 0.019 0.022 0.008 0.217 0.208 0.023 0.034 0.039 0.014 0.028 0.049 0.005 0.019 0.18
160 L 0.071 0.02 0.015 0.016 0.015 0.014 0.02 0.025 0.01 0.146 0.215 0.023 0.037 0.109 0.014 0.029 0.034 0.007 0.029 0.151
161 C 0.084 0.021 0.022 0.022 0.232 0.016 0.024 0.058 0.012 0.045 0.071 0.027 0.034 0.103 0.017 0.078 0.05 0.007 0.026 0.051
162 L 0.048 0.025 0.037 0.022 0.014 0.019 0.025 0.026 0.03 0.143 0.197 0.029 0.066 0.041 0.015 0.044 0.063 0.007 0.036 0.114
163 L 0.069 0.02 0.016 0.017 0.016 0.014 0.02 0.048 0.011 0.135 0.23 0.024 0.032 0.123 0.014 0.031 0.044 0.008 0.031 0.099
164 L 0.078 0.022 0.017 0.018 0.014 0.027 0.024 0.049 0.012 0.152 0.182 0.027 0.038 0.074 0.015 0.032 0.034 0.02 0.04 0.125
165 N 0.059 0.032 0.174 0.154 0.009 0.026 0.049 0.135 0.054 0.022 0.032 0.041 0.011 0.034 0.019 0.063 0.037 0.005 0.018 0.026
166 L 0.046 0.023 0.015 0.016 0.015 0.016 0.021 0.022 0.01 0.111 0.321 0.025 0.065 0.045 0.014 0.036 0.034 0.029 0.021 0.117
167 L 0.095 0.045 0.035 0.027 0.013 0.022 0.032 0.061 0.032 0.063 0.124 0.049 0.022 0.085 0.018 0.097 0.041 0.03 0.043 0.065
168 I 0.101 0.025 0.02 0.022 0.015 0.038 0.03 0.032 0.011 0.183 0.175 0.032 0.029 0.034 0.017 0.057 0.04 0.005 0.018 0.114
169 Q 0.05 0.065 0.054 0.044 0.008 0.285 0.09 0.038 0.026 0.024 0.042 0.08 0.018 0.013 0.021 0.051 0.037 0.005 0.018 0.031
170 G 0.07 0.021 0.035 0.03 0.01 0.017 0.023 0.561 0.012 0.017 0.025 0.03 0.008 0.015 0.017 0.046 0.027 0.005 0.01 0.022
171 F 0.038 0.018 0.015 0.015 0.012 0.012 0.018 0.022 0.015 0.129 0.132 0.02 0.026 0.26 0.012 0.024 0.029 0.012 0.081 0.111
172 S 0.106 0.037 0.058 0.051 0.015 0.03 0.058 0.075 0.017 0.03 0.041 0.059 0.014 0.018 0.025 0.199 0.106 0.005 0.015 0.042
173 L 0.044 0.02 0.015 0.017 0.013 0.014 0.02 0.022 0.011 0.146 0.209 0.024 0.031 0.076 0.079 0.026 0.033 0.029 0.04 0.131
174 A 0.106 0.048 0.039 0.058 0.012 0.039 0.076 0.042 0.021 0.037 0.07 0.045 0.026 0.056 0.02 0.094 0.053 0.031 0.082 0.045
175 D 0.062 0.05 0.063 0.231 0.009 0.054 0.092 0.065 0.019 0.027 0.051 0.049 0.013 0.021 0.02 0.07 0.037 0.005 0.03 0.031
176 L 0.069 0.021 0.015 0.016 0.013 0.014 0.02 0.026 0.012 0.106 0.202 0.023 0.05 0.188 0.013 0.029 0.031 0.009 0.041 0.1
177 L 0.044 0.019 0.015 0.016 0.014 0.013 0.018 0.021 0.01 0.194 0.2 0.022 0.033 0.117 0.013 0.026 0.047 0.007 0.031 0.14
178 F 0.069 0.031 0.099 0.056 0.012 0.023 0.036 0.086 0.017 0.04 0.079 0.049 0.017 0.119 0.019 0.083 0.087 0.007 0.03 0.044
179 N 0.051 0.036 0.204 0.184 0.009 0.03 0.07 0.053 0.022 0.021 0.029 0.047 0.01 0.016 0.021 0.107 0.046 0.004 0.013 0.026
180 P 0.058 0.021 0.017 0.02 0.012 0.016 0.024 0.027 0.011 0.094 0.172 0.028 0.025 0.081 0.213 0.031 0.032 0.006 0.024 0.088
181 L 0.042 0.025 0.032 0.019 0.013 0.017 0.022 0.023 0.014 0.132 0.245 0.038 0.042 0.081 0.014 0.029 0.044 0.008 0.055 0.104
182 G 0.116 0.032 0.052 0.095 0.012 0.04 0.098 0.134 0.017 0.041 0.057 0.045 0.014 0.019 0.022 0.1 0.042 0.005 0.014 0.042
183 T 0.069 0.028 0.033 0.03 0.016 0.022 0.033 0.038 0.012 0.093 0.076 0.036 0.021 0.042 0.022 0.119 0.166 0.005 0.019 0.119
184 A 0.242 0.028 0.032 0.032 0.017 0.024 0.036 0.159 0.014 0.032 0.044 0.04 0.014 0.018 0.025 0.127 0.049 0.005 0.015 0.048
185 G 0.112 0.033 0.108 0.058 0.012 0.036 0.04 0.199 0.018 0.028 0.052 0.054 0.013 0.022 0.02 0.085 0.04 0.006 0.029 0.035
186 K 0.076 0.133 0.05 0.045 0.009 0.074 0.108 0.039 0.02 0.035 0.044 0.142 0.015 0.016 0.022 0.061 0.049 0.005 0.016 0.04
187 Y 0.037 0.024 0.019 0.017 0.009 0.019 0.024 0.022 0.035 0.06 0.094 0.027 0.038 0.133 0.014 0.027 0.026 0.021 0.301 0.053
188 A 0.19 0.025 0.019 0.021 0.017 0.02 0.028 0.044 0.012 0.09 0.19 0.032 0.055 0.033 0.02 0.051 0.05 0.006 0.018 0.08
189 G 0.101 0.03 0.096 0.094 0.013 0.026 0.056 0.114 0.017 0.043 0.061 0.041 0.015 0.02 0.021 0.113 0.047 0.005 0.014 0.074
190 L 0.083 0.087 0.044 0.08 0.012 0.029 0.042 0.036 0.016 0.055 0.151 0.096 0.068 0.028 0.019 0.042 0.035 0.005 0.017 0.055
191 R 0.041 0.396 0.034 0.027 0.007 0.042 0.046 0.029 0.02 0.026 0.045 0.104 0.015 0.016 0.017 0.04 0.032 0.005 0.016 0.041
192 Y 0.039 0.025 0.02 0.017 0.009 0.019 0.025 0.045 0.039 0.043 0.062 0.028 0.017 0.109 0.014 0.029 0.026 0.023 0.357 0.054
193 A 0.157 0.034 0.096 0.077 0.014 0.038 0.046 0.058 0.018 0.033 0.058 0.045 0.015 0.019 0.024 0.141 0.064 0.005 0.015 0.044
194 G 0.061 0.027 0.054 0.108 0.009 0.035 0.067 0.344 0.017 0.019 0.029 0.039 0.01 0.019 0.018 0.057 0.031 0.005 0.027 0.024
195 E 0.064 0.056 0.055 0.124 0.009 0.051 0.173 0.061 0.036 0.026 0.051 0.068 0.013 0.017 0.022 0.071 0.049 0.005 0.016 0.033
196 L 0.042 0.019 0.014 0.016 0.014 0.014 0.018 0.02 0.009 0.202 0.276 0.023 0.037 0.06 0.013 0.025 0.045 0.006 0.022 0.125
197 V 0.081 0.051 0.061 0.058 0.013 0.041 0.094 0.038 0.016 0.078 0.065 0.059 0.018 0.022 0.021 0.064 0.099 0.005 0.016 0.1
198 P 0.067 0.047 0.028 0.034 0.011 0.027 0.076 0.035 0.033 0.061 0.069 0.055 0.016 0.028 0.178 0.071 0.05 0.006 0.047 0.059
199 N 0.048 0.037 0.289 0.081 0.01 0.029 0.044 0.076 0.024 0.024 0.033 0.046 0.011 0.017 0.02 0.081 0.081 0.004 0.014 0.03
200 I 0.069 0.019 0.016 0.019 0.014 0.014 0.021 0.026 0.01 0.191 0.112 0.025 0.026 0.084 0.081 0.036 0.037 0.006 0.025 0.169
201 F 0.046 0.02 0.016 0.016 0.01 0.013 0.02 0.025 0.021 0.053 0.105 0.021 0.022 0.325 0.011 0.026 0.024 0.039 0.141 0.049
202 A 0.151 0.032 0.037 0.052 0.015 0.047 0.043 0.14 0.015 0.033 0.058 0.044 0.015 0.019 0.024 0.139 0.073 0.005 0.015 0.044
203 Q 0.052 0.11 0.038 0.039 0.008 0.189 0.075 0.037 0.023 0.025 0.042 0.125 0.017 0.014 0.043 0.06 0.049 0.005 0.017 0.032
204 L 0.083 0.021 0.015 0.017 0.015 0.015 0.021 0.027 0.01 0.171 0.226 0.025 0.032 0.04 0.015 0.032 0.046 0.051 0.022 0.117
205 G 0.141 0.028 0.039 0.052 0.014 0.023 0.037 0.249 0.014 0.025 0.036 0.04 0.012 0.017 0.023 0.148 0.048 0.005 0.013 0.036
206 L 0.047 0.024 0.064 0.025 0.014 0.017 0.024 0.027 0.012 0.122 0.209 0.028 0.03 0.07 0.015 0.036 0.072 0.006 0.023 0.135
207 L 0.075 0.025 0.018 0.019 0.015 0.038 0.027 0.027 0.011 0.133 0.201 0.029 0.031 0.07 0.015 0.034 0.048 0.006 0.024 0.156
208 L 0.062 0.023 0.021 0.02 0.033 0.016 0.023 0.073 0.012 0.07 0.238 0.026 0.03 0.124 0.015 0.055 0.057 0.008 0.031 0.065
209 N 0.089 0.038 0.155 0.05 0.015 0.05 0.046 0.053 0.02 0.034 0.043 0.048 0.014 0.018 0.022 0.133 0.099 0.005 0.016 0.052
210 Y 0.035 0.024 0.034 0.019 0.009 0.018 0.025 0.024 0.037 0.041 0.067 0.027 0.017 0.169 0.013 0.029 0.026 0.023 0.321 0.042
211 L 0.071 0.025 0.023 0.024 0.038 0.03 0.029 0.031 0.013 0.094 0.11 0.033 0.031 0.065 0.106 0.046 0.101 0.006 0.035 0.092
212 A 0.131 0.026 0.029 0.027 0.059 0.02 0.03 0.131 0.012 0.055 0.088 0.034 0.019 0.023 0.021 0.087 0.1 0.005 0.015 0.089
213 V 0.159 0.025 0.052 0.027 0.017 0.02 0.03 0.043 0.012 0.113 0.085 0.033 0.022 0.026 0.02 0.062 0.068 0.005 0.017 0.165
214 I 0.079 0.019 0.017 0.018 0.124 0.015 0.02 0.071 0.01 0.165 0.103 0.024 0.033 0.033 0.015 0.034 0.036 0.006 0.031 0.147
215 L 0.04 0.02 0.014 0.015 0.014 0.014 0.018 0.02 0.01 0.148 0.301 0.022 0.046 0.111 0.012 0.023 0.031 0.008 0.029 0.106
216 G 0.082 0.021 0.035 0.03 0.01 0.017 0.024 0.54 0.012 0.018 0.027 0.031 0.009 0.015 0.017 0.047 0.027 0.005 0.01 0.023
217 G 0.07 0.021 0.035 0.03 0.01 0.017 0.023 0.561 0.012 0.017 0.025 0.03 0.008 0.015 0.017 0.046 0.027 0.005 0.01 0.022
218 L 0.054 0.021 0.014 0.015 0.014 0.015 0.019 0.022 0.01 0.107 0.325 0.023 0.047 0.104 0.013 0.025 0.031 0.007 0.028 0.104
219 I 0.06 0.019 0.015 0.017 0.015 0.014 0.019 0.022 0.009 0.224 0.21 0.024 0.034 0.039 0.014 0.028 0.048 0.005 0.019 0.165
220 F 0.038 0.022 0.018 0.017 0.011 0.016 0.022 0.023 0.038 0.085 0.147 0.024 0.034 0.168 0.013 0.031 0.028 0.037 0.153 0.074
221 G 0.13 0.027 0.047 0.034 0.013 0.022 0.045 0.264 0.015 0.031 0.04 0.037 0.012 0.021 0.043 0.085 0.051 0.006 0.029 0.049
222 G 0.118 0.03 0.074 0.038 0.035 0.024 0.037 0.171 0.033 0.028 0.041 0.04 0.013 0.036 0.022 0.14 0.06 0.005 0.018 0.038
223 K 0.066 0.113 0.034 0.051 0.032 0.067 0.065 0.058 0.019 0.046 0.054 0.133 0.025 0.022 0.021 0.065 0.038 0.006 0.031 0.053
224 I 0.047 0.018 0.015 0.018 0.016 0.013 0.018 0.021 0.009 0.269 0.168 0.024 0.037 0.044 0.015 0.025 0.04 0.006 0.021 0.177
225 R 0.056 0.128 0.052 0.054 0.009 0.067 0.054 0.044 0.019 0.025 0.039 0.125 0.014 0.015 0.109 0.086 0.052 0.004 0.015 0.033
226 G 0.087 0.058 0.119 0.083 0.011 0.029 0.052 0.121 0.02 0.029 0.056 0.074 0.014 0.023 0.021 0.077 0.053 0.006 0.032 0.036
227 G 0.08 0.093 0.067 0.034 0.012 0.028 0.039 0.105 0.036 0.056 0.07 0.071 0.017 0.032 0.046 0.064 0.079 0.005 0.019 0.049
228 R 0.083 0.112 0.049 0.033 0.011 0.03 0.055 0.098 0.018 0.051 0.076 0.088 0.017 0.072 0.019 0.057 0.035 0.007 0.043 0.046
229 R 0.051 0.199 0.051 0.038 0.009 0.045 0.076 0.092 0.019 0.027 0.057 0.127 0.015 0.017 0.02 0.059 0.048 0.005 0.015 0.032
230 R 0.049 0.241 0.037 0.033 0.008 0.044 0.053 0.059 0.02 0.023 0.04 0.203 0.014 0.015 0.021 0.056 0.035 0.005 0.015 0.029
231 L 0.093 0.064 0.037 0.024 0.012 0.022 0.03 0.059 0.014 0.088 0.121 0.064 0.022 0.062 0.016 0.038 0.034 0.103 0.029 0.069
232 L 0.062 0.103 0.026 0.025 0.012 0.028 0.035 0.052 0.015 0.089 0.172 0.107 0.025 0.033 0.018 0.048 0.046 0.006 0.033 0.065
233 I 0.046 0.022 0.015 0.016 0.014 0.015 0.02 0.021 0.011 0.197 0.194 0.036 0.032 0.054 0.014 0.026 0.035 0.007 0.051 0.171
234 L 0.056 0.02 0.015 0.016 0.014 0.014 0.019 0.023 0.01 0.141 0.264 0.023 0.035 0.11 0.014 0.028 0.044 0.007 0.029 0.119
235 L 0.073 0.02 0.015 0.016 0.037 0.014 0.02 0.025 0.01 0.131 0.229 0.023 0.032 0.091 0.014 0.029 0.035 0.007 0.026 0.154
236 L 0.071 0.021 0.018 0.018 0.035 0.015 0.021 0.071 0.012 0.095 0.197 0.025 0.047 0.14 0.014 0.033 0.043 0.008 0.033 0.084
237 S 0.149 0.032 0.04 0.037 0.038 0.027 0.041 0.057 0.015 0.034 0.046 0.044 0.015 0.019 0.026 0.198 0.113 0.005 0.016 0.048
238 F 0.033 0.018 0.015 0.015 0.011 0.011 0.018 0.022 0.014 0.076 0.139 0.019 0.044 0.366 0.01 0.023 0.025 0.013 0.067 0.06
239 L 0.109 0.021 0.015 0.017 0.015 0.015 0.022 0.03 0.01 0.141 0.243 0.026 0.033 0.073 0.016 0.034 0.035 0.006 0.024 0.116
240 P 0.053 0.024 0.022 0.028 0.01 0.019 0.033 0.034 0.012 0.023 0.033 0.038 0.009 0.012 0.524 0.05 0.034 0.002 0.012 0.028
241 S 0.17 0.032 0.037 0.036 0.017 0.026 0.041 0.058 0.015 0.048 0.05 0.043 0.016 0.02 0.047 0.201 0.061 0.005 0.016 0.062
242 L 0.079 0.022 0.019 0.019 0.037 0.016 0.023 0.05 0.01 0.134 0.183 0.027 0.029 0.051 0.016 0.047 0.062 0.006 0.02 0.151
243 L 0.041 0.021 0.014 0.014 0.014 0.014 0.018 0.02 0.01 0.109 0.334 0.022 0.047 0.114 0.012 0.023 0.03 0.008 0.03 0.104
244 V 0.088 0.025 0.022 0.021 0.014 0.019 0.027 0.052 0.081 0.125 0.122 0.029 0.034 0.039 0.016 0.036 0.036 0.007 0.054 0.153
245 L 0.06 0.027 0.018 0.018 0.015 0.023 0.025 0.027 0.013 0.091 0.208 0.031 0.185 0.042 0.015 0.034 0.048 0.007 0.021 0.093
246 L 0.044 0.021 0.015 0.016 0.014 0.014 0.019 0.021 0.01 0.148 0.277 0.023 0.045 0.084 0.013 0.026 0.045 0.007 0.025 0.133
247 L 0.051 0.024 0.021 0.02 0.015 0.017 0.024 0.026 0.01 0.122 0.214 0.028 0.04 0.053 0.017 0.042 0.119 0.006 0.021 0.13
248 Q 0.059 0.051 0.033 0.036 0.009 0.194 0.082 0.034 0.029 0.031 0.064 0.064 0.019 0.041 0.019 0.044 0.034 0.01 0.111 0.038
249 S 0.171 0.031 0.039 0.037 0.016 0.026 0.04 0.124 0.015 0.03 0.041 0.043 0.014 0.019 0.025 0.194 0.07 0.005 0.015 0.044
250 A 0.247 0.028 0.034 0.136 0.016 0.024 0.048 0.06 0.014 0.038 0.048 0.04 0.014 0.018 0.025 0.086 0.044 0.004 0.014 0.061
251 K 0.051 0.096 0.037 0.037 0.008 0.048 0.063 0.039 0.019 0.025 0.039 0.353 0.014 0.014 0.025 0.048 0.036 0.005 0.016 0.029
252 G 0.069 0.021 0.034 0.03 0.01 0.017 0.023 0.538 0.012 0.021 0.043 0.03 0.01 0.016 0.017 0.045 0.027 0.005 0.01 0.024
253 L 0.066 0.027 0.026 0.024 0.015 0.02 0.028 0.031 0.028 0.092 0.182 0.033 0.036 0.032 0.041 0.052 0.154 0.006 0.019 0.087
254 L 0.039 0.02 0.013 0.014 0.013 0.013 0.018 0.02 0.01 0.104 0.332 0.021 0.038 0.146 0.012 0.022 0.029 0.008 0.035 0.091
255 F 0.032 0.018 0.015 0.015 0.01 0.01 0.017 0.022 0.014 0.065 0.131 0.018 0.025 0.399 0.01 0.023 0.024 0.014 0.072 0.065
256 L 0.042 0.027 0.018 0.018 0.013 0.049 0.028 0.023 0.012 0.087 0.319 0.03 0.037 0.093 0.014 0.028 0.043 0.007 0.027 0.085
257 C 0.114 0.026 0.032 0.03 0.19 0.021 0.032 0.069 0.013 0.038 0.05 0.035 0.015 0.019 0.022 0.153 0.064 0.004 0.014 0.058
258 I 0.127 0.021 0.017 0.019 0.016 0.016 0.023 0.055 0.01 0.171 0.148 0.027 0.028 0.05 0.017 0.038 0.038 0.006 0.02 0.155
259 A 0.23 0.024 0.02 0.022 0.017 0.018 0.029 0.05 0.012 0.073 0.078 0.032 0.02 0.112 0.021 0.055 0.04 0.007 0.03 0.11
260 L 0.038 0.02 0.014 0.015 0.013 0.013 0.018 0.02 0.012 0.119 0.276 0.021 0.035 0.167 0.012 0.023 0.029 0.01 0.052 0.093
261 F 0.031 0.017 0.015 0.015 0.01 0.01 0.017 0.023 0.016 0.068 0.103 0.018 0.023 0.419 0.01 0.023 0.023 0.015 0.09 0.054
262 Y 0.036 0.022 0.016 0.015 0.01 0.016 0.021 0.022 0.024 0.09 0.143 0.024 0.024 0.12 0.012 0.024 0.026 0.105 0.186 0.064
263 G 0.118 0.024 0.036 0.032 0.012 0.02 0.029 0.406 0.013 0.022 0.031 0.035 0.01 0.016 0.02 0.093 0.037 0.005 0.012 0.03
264 G 0.145 0.023 0.032 0.03 0.035 0.019 0.028 0.372 0.013 0.024 0.035 0.034 0.011 0.016 0.02 0.076 0.036 0.005 0.012 0.034
265 I 0.061 0.022 0.019 0.019 0.015 0.017 0.023 0.025 0.044 0.201 0.124 0.026 0.051 0.036 0.015 0.031 0.049 0.028 0.023 0.173
266 L 0.04 0.022 0.029 0.017 0.014 0.015 0.019 0.021 0.01 0.128 0.373 0.023 0.041 0.063 0.013 0.024 0.031 0.007 0.022 0.091
267 V 0.067 0.02 0.015 0.017 0.016 0.015 0.021 0.024 0.008 0.183 0.161 0.024 0.031 0.035 0.015 0.031 0.052 0.005 0.018 0.242
268 T 0.104 0.064 0.034 0.033 0.101 0.027 0.05 0.043 0.032 0.035 0.05 0.058 0.015 0.023 0.022 0.106 0.117 0.006 0.032 0.048
269 R 0.045 0.302 0.051 0.033 0.008 0.043 0.051 0.034 0.02 0.022 0.04 0.164 0.014 0.015 0.02 0.054 0.035 0.005 0.016 0.028
270 I 0.046 0.019 0.015 0.016 0.015 0.014 0.018 0.02 0.009 0.239 0.204 0.023 0.043 0.04 0.014 0.026 0.048 0.006 0.019 0.167
271 Y 0.057 0.048 0.087 0.033 0.032 0.045 0.037 0.036 0.059 0.037 0.071 0.04 0.017 0.116 0.016 0.061 0.034 0.012 0.122 0.04
272 A 0.117 0.116 0.08 0.059 0.012 0.034 0.072 0.047 0.052 0.032 0.044 0.071 0.014 0.019 0.022 0.085 0.053 0.005 0.018 0.05
273 G 0.062 0.037 0.124 0.043 0.01 0.025 0.036 0.285 0.018 0.022 0.033 0.077 0.011 0.034 0.019 0.081 0.038 0.005 0.015 0.026
274 D 0.046 0.08 0.075 0.189 0.008 0.071 0.121 0.04 0.021 0.022 0.033 0.109 0.012 0.014 0.021 0.059 0.036 0.004 0.014 0.027
275 L 0.042 0.041 0.038 0.023 0.012 0.019 0.026 0.027 0.034 0.062 0.178 0.031 0.026 0.148 0.015 0.039 0.089 0.011 0.081 0.059
276 R 0.071 0.118 0.052 0.071 0.011 0.033 0.06 0.041 0.02 0.033 0.045 0.088 0.014 0.026 0.043 0.102 0.072 0.006 0.046 0.049
277 L 0.041 0.021 0.015 0.016 0.014 0.015 0.02 0.02 0.026 0.138 0.337 0.024 0.039 0.053 0.035 0.024 0.031 0.006 0.022 0.103
278 I 0.047 0.018 0.015 0.018 0.016 0.013 0.018 0.021 0.009 0.271 0.168 0.024 0.037 0.044 0.015 0.025 0.04 0.006 0.021 0.177
279 L 0.05 0.023 0.021 0.021 0.014 0.016 0.023 0.048 0.011 0.101 0.165 0.027 0.028 0.119 0.038 0.04 0.105 0.007 0.03 0.112
280 N 0.058 0.041 0.177 0.096 0.01 0.043 0.077 0.063 0.022 0.024 0.034 0.062 0.012 0.017 0.022 0.12 0.072 0.004 0.014 0.031
281 K 0.066 0.104 0.037 0.029 0.01 0.029 0.038 0.101 0.017 0.049 0.068 0.111 0.016 0.056 0.041 0.067 0.036 0.029 0.042 0.053
282 K 0.088 0.169 0.033 0.035 0.009 0.042 0.077 0.039 0.018 0.029 0.051 0.189 0.015 0.016 0.044 0.049 0.035 0.005 0.016 0.041
283 T 0.073 0.03 0.035 0.062 0.013 0.025 0.063 0.089 0.031 0.067 0.095 0.039 0.019 0.033 0.021 0.088 0.134 0.005 0.018 0.059
284 I 0.059 0.024 0.094 0.03 0.013 0.018 0.026 0.032 0.014 0.16 0.156 0.03 0.027 0.064 0.016 0.048 0.05 0.006 0.022 0.113
285 R 0.066 0.191 0.031 0.029 0.009 0.037 0.046 0.034 0.018 0.041 0.064 0.154 0.016 0.022 0.064 0.044 0.046 0.006 0.031 0.051
286 R 0.077 0.135 0.029 0.027 0.012 0.041 0.04 0.036 0.015 0.079 0.084 0.105 0.02 0.032 0.019 0.049 0.073 0.005 0.018 0.102
287 L 0.09 0.024 0.019 0.02 0.015 0.028 0.026 0.03 0.011 0.149 0.218 0.029 0.032 0.055 0.016 0.055 0.039 0.006 0.021 0.116
288 L 0.097 0.021 0.017 0.018 0.017 0.015 0.022 0.03 0.011 0.11 0.176 0.025 0.028 0.126 0.015 0.035 0.047 0.03 0.033 0.126
289 L 0.048 0.046 0.023 0.023 0.012 0.032 0.03 0.071 0.015 0.108 0.13 0.06 0.032 0.053 0.082 0.037 0.057 0.007 0.05 0.082
290 L 0.079 0.024 0.024 0.022 0.059 0.019 0.027 0.078 0.019 0.07 0.112 0.03 0.03 0.052 0.017 0.078 0.037 0.055 0.111 0.058
291 G 0.082 0.021 0.024 0.023 0.013 0.016 0.023 0.206 0.011 0.098 0.12 0.028 0.022 0.062 0.016 0.041 0.057 0.006 0.02 0.11
292 L 0.062 0.021 0.018 0.019 0.014 0.015 0.021 0.047 0.01 0.157 0.202 0.025 0.031 0.071 0.037 0.041 0.048 0.006 0.023 0.132
293 L 0.066 0.021 0.017 0.018 0.037 0.015 0.021 0.025 0.009 0.143 0.198 0.025 0.031 0.053 0.015 0.042 0.051 0.006 0.021 0.187
294 L 0.077 0.022 0.017 0.018 0.037 0.016 0.022 0.027 0.01 0.111 0.266 0.026 0.034 0.056 0.015 0.043 0.048 0.006 0.021 0.129
295 L 0.045 0.019 0.015 0.016 0.036 0.013 0.019 0.022 0.01 0.149 0.213 0.022 0.032 0.122 0.013 0.027 0.045 0.007 0.031 0.145
296 P 0.051 0.021 0.02 0.023 0.011 0.016 0.027 0.072 0.011 0.054 0.089 0.031 0.017 0.073 0.302 0.035 0.033 0.005 0.022 0.088
297 L 0.044 0.02 0.015 0.016 0.014 0.014 0.019 0.021 0.009 0.189 0.261 0.023 0.036 0.076 0.013 0.034 0.035 0.007 0.024 0.13
298 L 0.064 0.021 0.015 0.016 0.016 0.016 0.021 0.023 0.009 0.145 0.24 0.025 0.043 0.039 0.015 0.03 0.049 0.006 0.019 0.189
299 I 0.115 0.022 0.02 0.021 0.016 0.017 0.025 0.034 0.011 0.179 0.137 0.029 0.036 0.05 0.018 0.053 0.075 0.006 0.02 0.115
300 V 0.118 0.021 0.016 0.018 0.016 0.015 0.023 0.032 0.011 0.139 0.122 0.026 0.035 0.111 0.016 0.037 0.038 0.007 0.03 0.169
301 S 0.13 0.035 0.045 0.041 0.016 0.029 0.045 0.06 0.017 0.029 0.04 0.047 0.014 0.019 0.027 0.263 0.08 0.005 0.016 0.042
302 F 0.031 0.017 0.015 0.015 0.01 0.01 0.017 0.023 0.015 0.059 0.116 0.017 0.024 0.433 0.01 0.023 0.023 0.015 0.077 0.051
303 L 0.043 0.021 0.013 0.014 0.015 0.015 0.019 0.02 0.009 0.137 0.353 0.023 0.059 0.046 0.013 0.023 0.032 0.006 0.02 0.118
304 S 0.196 0.033 0.039 0.037 0.017 0.027 0.043 0.063 0.016 0.032 0.044 0.045 0.015 0.019 0.027 0.207 0.073 0.005 0.016 0.048
305 R 0.04 0.413 0.035 0.028 0.007 0.043 0.047 0.03 0.021 0.021 0.042 0.108 0.014 0.016 0.017 0.04 0.031 0.005 0.016 0.028
306 G 0.066 0.022 0.033 0.03 0.01 0.018 0.031 0.44 0.013 0.036 0.039 0.031 0.011 0.052 0.017 0.055 0.041 0.006 0.017 0.032
307 L 0.046 0.022 0.018 0.018 0.014 0.017 0.021 0.045 0.027 0.173 0.24 0.026 0.065 0.041 0.014 0.037 0.035 0.006 0.02 0.114
308 G 0.073 0.031 0.04 0.12 0.01 0.035 0.046 0.172 0.021 0.026 0.038 0.052 0.012 0.037 0.02 0.097 0.039 0.009 0.091 0.032
309 D 0.069 0.041 0.086 0.126 0.01 0.052 0.093 0.098 0.019 0.026 0.037 0.075 0.013 0.016 0.022 0.078 0.086 0.005 0.014 0.034
310 L 0.084 0.028 0.044 0.049 0.013 0.033 0.048 0.128 0.013 0.068 0.135 0.037 0.022 0.026 0.042 0.067 0.063 0.005 0.016 0.081
311 D 0.078 0.03 0.06 0.142 0.012 0.027 0.063 0.123 0.016 0.032 0.04 0.042 0.013 0.017 0.046 0.11 0.083 0.004 0.013 0.049
312 D 0.055 0.03 0.053 0.25 0.009 0.029 0.09 0.139 0.017 0.024 0.032 0.044 0.011 0.016 0.022 0.074 0.061 0.004 0.012 0.029
313 T 0.096 0.029 0.03 0.029 0.014 0.034 0.034 0.088 0.015 0.059 0.066 0.038 0.028 0.065 0.072 0.087 0.103 0.007 0.039 0.068
314 E 0.086 0.032 0.037 0.082 0.012 0.033 0.132 0.109 0.016 0.047 0.061 0.046 0.015 0.019 0.045 0.102 0.05 0.005 0.015 0.056
315 E 0.049 0.053 0.04 0.148 0.009 0.069 0.154 0.068 0.019 0.035 0.072 0.054 0.016 0.037 0.02 0.055 0.034 0.005 0.017 0.046
316 L 0.063 0.028 0.022 0.022 0.015 0.031 0.028 0.028 0.011 0.154 0.18 0.045 0.049 0.035 0.017 0.042 0.097 0.006 0.018 0.109
317 I 0.049 0.038 0.018 0.019 0.014 0.027 0.024 0.045 0.012 0.181 0.164 0.03 0.029 0.064 0.014 0.039 0.036 0.007 0.037 0.153
318 D 0.078 0.037 0.061 0.213 0.009 0.045 0.116 0.045 0.044 0.023 0.033 0.061 0.012 0.016 0.022 0.093 0.041 0.004 0.016 0.03
319 K 0.054 0.119 0.064 0.036 0.01 0.055 0.047 0.103 0.035 0.045 0.062 0.126 0.016 0.019 0.02 0.067 0.049 0.005 0.017 0.051
320 L 0.04 0.02 0.013 0.014 0.014 0.014 0.018 0.019 0.009 0.148 0.365 0.022 0.041 0.064 0.013 0.022 0.031 0.007 0.022 0.104
