#Seq2Logo.py -f /work3/idamei/ssn-clusterings/clustering/2205181126/clusters/0043_91/sequences.afa -o /work3/idamei/ssn-clusterings/clustering/2205181126/clusters/0043_91/sequences.logo
#Position Specific Frequency Matrix
A R N D C Q E G H I L K M F P S T W Y V
0 L 0.052 0.032 0.02 0.02 0.016 0.028 0.028 0.028 0.016 0.101 0.198 0.036 0.157 0.048 0.016 0.036 0.04 0.008 0.024 0.093
1 M 0.048 0.029 0.018 0.018 0.015 0.026 0.026 0.026 0.015 0.092 0.181 0.033 0.23 0.044 0.015 0.033 0.037 0.007 0.022 0.085
2 G 0.078 0.023 0.039 0.034 0.011 0.019 0.026 0.51 0.014 0.019 0.028 0.034 0.009 0.016 0.019 0.051 0.03 0.005 0.011 0.024
3 K 0.055 0.076 0.054 0.038 0.009 0.041 0.055 0.067 0.019 0.043 0.047 0.243 0.015 0.022 0.023 0.062 0.052 0.006 0.035 0.039
4 I 0.044 0.06 0.017 0.019 0.014 0.03 0.024 0.022 0.011 0.227 0.167 0.034 0.032 0.058 0.014 0.027 0.035 0.006 0.022 0.137
5 K 0.057 0.107 0.042 0.042 0.009 0.054 0.071 0.043 0.021 0.028 0.043 0.278 0.016 0.016 0.028 0.054 0.04 0.005 0.017 0.033
6 F 0.034 0.019 0.017 0.017 0.011 0.011 0.019 0.025 0.017 0.063 0.114 0.019 0.025 0.387 0.011 0.025 0.025 0.017 0.089 0.055
7 K 0.057 0.112 0.053 0.034 0.012 0.034 0.045 0.038 0.017 0.051 0.094 0.141 0.02 0.022 0.021 0.075 0.08 0.005 0.017 0.073
8 D 0.041 0.03 0.069 0.395 0.008 0.03 0.092 0.047 0.019 0.022 0.028 0.045 0.009 0.015 0.022 0.052 0.036 0.004 0.011 0.024
9 R 0.045 0.343 0.039 0.031 0.008 0.049 0.052 0.033 0.023 0.023 0.047 0.121 0.016 0.017 0.019 0.045 0.035 0.006 0.017 0.031
10 T 0.073 0.036 0.044 0.038 0.018 0.028 0.04 0.044 0.014 0.053 0.065 0.046 0.02 0.024 0.028 0.093 0.244 0.006 0.018 0.071
11 V 0.07 0.022 0.017 0.018 0.019 0.017 0.023 0.025 0.008 0.165 0.131 0.026 0.032 0.036 0.017 0.033 0.05 0.006 0.021 0.266
12 I 0.045 0.019 0.015 0.017 0.015 0.014 0.018 0.021 0.009 0.254 0.193 0.023 0.034 0.052 0.014 0.027 0.051 0.006 0.021 0.154
13 K 0.057 0.108 0.042 0.042 0.009 0.054 0.071 0.043 0.021 0.028 0.043 0.275 0.016 0.016 0.028 0.054 0.04 0.005 0.017 0.033
14 L 0.052 0.032 0.02 0.02 0.016 0.028 0.028 0.028 0.016 0.101 0.198 0.036 0.157 0.048 0.016 0.036 0.04 0.008 0.024 0.093
15 K 0.057 0.108 0.042 0.042 0.009 0.054 0.071 0.043 0.021 0.028 0.043 0.275 0.016 0.016 0.028 0.054 0.04 0.005 0.017 0.033
16 V 0.07 0.022 0.017 0.018 0.019 0.017 0.023 0.025 0.008 0.165 0.131 0.026 0.032 0.036 0.017 0.033 0.05 0.006 0.021 0.266
17 K 0.049 0.077 0.077 0.087 0.008 0.096 0.067 0.069 0.023 0.024 0.038 0.172 0.014 0.02 0.022 0.05 0.036 0.006 0.035 0.029
18 F 0.034 0.019 0.017 0.017 0.011 0.011 0.019 0.026 0.017 0.064 0.115 0.019 0.026 0.384 0.011 0.026 0.026 0.017 0.089 0.055
19 F 0.034 0.019 0.017 0.017 0.011 0.011 0.019 0.026 0.017 0.064 0.115 0.019 0.026 0.384 0.011 0.026 0.026 0.017 0.089 0.055
20 D 0.041 0.03 0.069 0.395 0.008 0.03 0.092 0.047 0.019 0.022 0.028 0.045 0.009 0.015 0.022 0.052 0.036 0.004 0.011 0.024
21 K 0.057 0.108 0.042 0.042 0.009 0.054 0.071 0.043 0.021 0.028 0.043 0.275 0.016 0.016 0.028 0.054 0.04 0.005 0.017 0.033
22 K 0.057 0.108 0.042 0.042 0.009 0.054 0.071 0.043 0.021 0.028 0.043 0.275 0.016 0.016 0.028 0.054 0.04 0.005 0.017 0.033
23 N 0.043 0.045 0.314 0.083 0.009 0.034 0.05 0.065 0.032 0.023 0.032 0.054 0.011 0.018 0.02 0.07 0.05 0.005 0.016 0.027
24 V 0.07 0.022 0.017 0.018 0.019 0.017 0.023 0.025 0.008 0.165 0.131 0.026 0.032 0.036 0.017 0.033 0.05 0.006 0.021 0.266
25 Q 0.056 0.074 0.044 0.047 0.009 0.211 0.103 0.041 0.03 0.027 0.047 0.092 0.021 0.015 0.024 0.056 0.041 0.006 0.021 0.035
26 T 0.073 0.036 0.044 0.038 0.018 0.028 0.04 0.044 0.014 0.054 0.065 0.046 0.02 0.024 0.028 0.093 0.243 0.006 0.018 0.071
27 G 0.079 0.023 0.039 0.034 0.011 0.019 0.026 0.508 0.014 0.019 0.028 0.034 0.009 0.016 0.019 0.052 0.03 0.005 0.011 0.024
28 V 0.07 0.022 0.017 0.018 0.019 0.017 0.023 0.025 0.008 0.165 0.131 0.026 0.032 0.036 0.017 0.033 0.05 0.006 0.021 0.266
29 F 0.034 0.019 0.017 0.017 0.011 0.011 0.019 0.026 0.017 0.064 0.115 0.019 0.026 0.384 0.011 0.026 0.026 0.017 0.089 0.055
30 K 0.051 0.136 0.033 0.031 0.01 0.037 0.047 0.036 0.017 0.042 0.065 0.169 0.028 0.024 0.02 0.059 0.066 0.064 0.022 0.042
31 K 0.057 0.107 0.042 0.042 0.009 0.054 0.071 0.043 0.021 0.028 0.043 0.278 0.016 0.016 0.028 0.054 0.04 0.005 0.017 0.033
32 G 0.078 0.023 0.039 0.034 0.011 0.019 0.026 0.51 0.014 0.019 0.028 0.034 0.009 0.016 0.019 0.051 0.03 0.005 0.011 0.024
33 R 0.045 0.345 0.039 0.031 0.008 0.048 0.052 0.033 0.023 0.023 0.047 0.12 0.016 0.017 0.019 0.045 0.035 0.006 0.017 0.031
34 L 0.045 0.024 0.014 0.015 0.016 0.016 0.02 0.021 0.01 0.115 0.375 0.025 0.05 0.055 0.014 0.024 0.033 0.007 0.022 0.096
35 D 0.041 0.03 0.069 0.397 0.008 0.03 0.091 0.047 0.019 0.022 0.028 0.045 0.009 0.015 0.022 0.052 0.035 0.004 0.011 0.024
36 L 0.045 0.024 0.014 0.015 0.016 0.016 0.02 0.021 0.01 0.115 0.375 0.025 0.05 0.055 0.014 0.024 0.033 0.007 0.022 0.096
37 L 0.049 0.043 0.062 0.032 0.012 0.026 0.05 0.032 0.018 0.092 0.161 0.072 0.036 0.041 0.046 0.056 0.038 0.008 0.057 0.067
38 H 0.042 0.046 0.053 0.038 0.008 0.038 0.053 0.038 0.355 0.023 0.038 0.046 0.015 0.03 0.019 0.042 0.027 0.008 0.057 0.023
39 L 0.045 0.024 0.014 0.015 0.016 0.016 0.02 0.021 0.01 0.115 0.375 0.025 0.05 0.055 0.014 0.024 0.033 0.007 0.022 0.096
40 S 0.069 0.047 0.095 0.044 0.013 0.032 0.046 0.049 0.018 0.048 0.053 0.102 0.027 0.02 0.052 0.143 0.076 0.005 0.016 0.046
41 L 0.068 0.024 0.024 0.045 0.014 0.018 0.028 0.059 0.012 0.128 0.202 0.029 0.041 0.058 0.017 0.062 0.053 0.006 0.021 0.09
42 R 0.045 0.343 0.039 0.031 0.008 0.049 0.052 0.033 0.023 0.023 0.047 0.121 0.016 0.017 0.019 0.045 0.035 0.006 0.017 0.031
43 Q 0.056 0.074 0.044 0.047 0.009 0.212 0.103 0.041 0.029 0.027 0.047 0.092 0.021 0.015 0.024 0.056 0.041 0.006 0.021 0.035
44 W 0.03 0.023 0.015 0.015 0.008 0.015 0.023 0.03 0.015 0.03 0.053 0.023 0.015 0.061 0.008 0.023 0.023 0.491 0.068 0.03
45 L 0.045 0.024 0.014 0.015 0.016 0.016 0.02 0.021 0.01 0.116 0.373 0.025 0.05 0.055 0.014 0.024 0.034 0.007 0.022 0.097
46 N 0.043 0.045 0.315 0.083 0.009 0.034 0.05 0.065 0.032 0.023 0.032 0.054 0.011 0.018 0.02 0.07 0.05 0.005 0.016 0.027
47 P 0.057 0.026 0.023 0.031 0.01 0.021 0.036 0.036 0.013 0.026 0.036 0.041 0.01 0.013 0.492 0.044 0.036 0.003 0.013 0.031
48 W 0.03 0.023 0.015 0.015 0.008 0.015 0.023 0.03 0.015 0.03 0.053 0.023 0.015 0.061 0.008 0.023 0.023 0.491 0.068 0.03
49 F 0.034 0.019 0.017 0.017 0.011 0.011 0.019 0.025 0.017 0.064 0.115 0.019 0.025 0.385 0.011 0.025 0.025 0.017 0.089 0.055
50 G 0.079 0.023 0.039 0.034 0.011 0.019 0.026 0.508 0.014 0.019 0.028 0.034 0.009 0.016 0.019 0.051 0.03 0.005 0.011 0.024
51 N 0.064 0.039 0.133 0.093 0.01 0.042 0.05 0.091 0.041 0.023 0.033 0.062 0.012 0.016 0.107 0.091 0.043 0.004 0.016 0.029
52 D 0.045 0.039 0.049 0.242 0.007 0.057 0.22 0.037 0.021 0.021 0.031 0.058 0.011 0.014 0.022 0.049 0.033 0.004 0.013 0.026
53 L 0.043 0.071 0.02 0.02 0.012 0.022 0.028 0.024 0.014 0.124 0.199 0.068 0.03 0.064 0.015 0.03 0.04 0.037 0.044 0.095
54 L 0.058 0.02 0.014 0.016 0.015 0.014 0.019 0.022 0.009 0.175 0.297 0.023 0.039 0.067 0.014 0.026 0.033 0.007 0.023 0.109
55 F 0.096 0.022 0.02 0.02 0.013 0.016 0.024 0.062 0.015 0.068 0.141 0.026 0.025 0.194 0.015 0.049 0.034 0.01 0.062 0.087
56 F 0.036 0.023 0.018 0.017 0.01 0.029 0.024 0.023 0.022 0.079 0.135 0.026 0.025 0.218 0.012 0.026 0.027 0.044 0.144 0.061
57 L 0.087 0.022 0.02 0.021 0.058 0.017 0.024 0.032 0.011 0.126 0.17 0.028 0.029 0.067 0.017 0.066 0.043 0.006 0.023 0.134
58 A 0.225 0.029 0.032 0.032 0.017 0.024 0.037 0.146 0.014 0.039 0.049 0.04 0.015 0.02 0.025 0.122 0.05 0.005 0.015 0.065
59 L 0.04 0.023 0.016 0.016 0.012 0.016 0.021 0.021 0.023 0.093 0.235 0.025 0.032 0.097 0.013 0.025 0.029 0.014 0.161 0.086
60 G 0.1 0.023 0.026 0.025 0.043 0.018 0.026 0.168 0.012 0.09 0.109 0.031 0.021 0.049 0.019 0.061 0.073 0.006 0.019 0.082
61 L 0.054 0.021 0.017 0.018 0.015 0.016 0.021 0.024 0.009 0.187 0.244 0.026 0.037 0.041 0.015 0.042 0.052 0.006 0.019 0.134
62 F 0.035 0.022 0.018 0.016 0.009 0.015 0.022 0.023 0.029 0.052 0.102 0.023 0.021 0.257 0.012 0.026 0.025 0.02 0.224 0.049
63 L 0.041 0.021 0.013 0.015 0.015 0.014 0.018 0.02 0.009 0.153 0.348 0.023 0.042 0.07 0.013 0.023 0.032 0.007 0.024 0.103
64 V 0.091 0.023 0.021 0.022 0.016 0.017 0.025 0.033 0.011 0.144 0.131 0.029 0.027 0.067 0.018 0.065 0.062 0.006 0.024 0.169
65 F 0.099 0.021 0.02 0.021 0.015 0.016 0.024 0.033 0.012 0.14 0.106 0.027 0.027 0.144 0.016 0.052 0.053 0.008 0.036 0.131
66 S 0.132 0.033 0.06 0.041 0.015 0.027 0.041 0.143 0.016 0.029 0.04 0.045 0.014 0.019 0.025 0.187 0.074 0.005 0.015 0.041
67 L 0.042 0.02 0.014 0.015 0.014 0.014 0.018 0.02 0.01 0.184 0.262 0.023 0.048 0.088 0.013 0.024 0.033 0.007 0.027 0.124
68 L 0.041 0.022 0.013 0.014 0.015 0.015 0.018 0.02 0.009 0.112 0.416 0.023 0.045 0.054 0.013 0.022 0.031 0.007 0.021 0.09
69 S 0.082 0.036 0.111 0.066 0.014 0.03 0.048 0.085 0.019 0.028 0.04 0.048 0.019 0.019 0.024 0.205 0.07 0.005 0.015 0.036
70 T 0.08 0.03 0.053 0.033 0.016 0.024 0.034 0.04 0.013 0.079 0.071 0.039 0.02 0.024 0.023 0.074 0.234 0.005 0.017 0.091
71 S 0.088 0.035 0.046 0.041 0.016 0.028 0.043 0.053 0.016 0.036 0.047 0.047 0.016 0.02 0.027 0.206 0.167 0.005 0.016 0.049
72 F 0.031 0.018 0.015 0.015 0.01 0.01 0.017 0.023 0.015 0.06 0.118 0.018 0.024 0.422 0.01 0.023 0.024 0.015 0.079 0.052
73 Y 0.037 0.025 0.019 0.017 0.009 0.019 0.024 0.023 0.038 0.046 0.088 0.027 0.019 0.151 0.014 0.028 0.026 0.024 0.322 0.046
74 Y 0.108 0.027 0.024 0.023 0.014 0.021 0.03 0.038 0.026 0.072 0.071 0.033 0.019 0.067 0.019 0.08 0.041 0.014 0.176 0.096
75 K 0.07 0.135 0.038 0.037 0.009 0.092 0.063 0.069 0.02 0.025 0.041 0.194 0.015 0.015 0.023 0.063 0.038 0.005 0.016 0.032
76 Y 0.036 0.025 0.021 0.018 0.009 0.019 0.025 0.023 0.058 0.046 0.089 0.027 0.02 0.166 0.014 0.028 0.025 0.022 0.284 0.045
77 F 0.04 0.019 0.015 0.016 0.012 0.013 0.019 0.022 0.015 0.147 0.15 0.021 0.029 0.205 0.012 0.024 0.03 0.012 0.083 0.116
78 P 0.077 0.029 0.03 0.058 0.012 0.026 0.072 0.039 0.015 0.058 0.067 0.041 0.039 0.044 0.164 0.095 0.044 0.005 0.019 0.064
79 G 0.067 0.029 0.038 0.077 0.01 0.02 0.033 0.387 0.013 0.036 0.037 0.043 0.011 0.017 0.031 0.058 0.032 0.005 0.011 0.045
80 L 0.092 0.084 0.029 0.028 0.013 0.028 0.04 0.07 0.015 0.076 0.092 0.092 0.026 0.05 0.02 0.064 0.076 0.006 0.021 0.08
81 L 0.069 0.022 0.019 0.02 0.015 0.017 0.024 0.028 0.01 0.114 0.164 0.028 0.027 0.066 0.103 0.038 0.067 0.006 0.023 0.14
82 Y 0.04 0.026 0.024 0.02 0.04 0.02 0.027 0.026 0.1 0.051 0.072 0.028 0.019 0.163 0.014 0.031 0.027 0.017 0.19 0.066
83 K 0.051 0.076 0.052 0.034 0.01 0.047 0.047 0.036 0.063 0.054 0.067 0.124 0.04 0.044 0.02 0.06 0.066 0.008 0.053 0.048
84 L 0.104 0.023 0.019 0.02 0.015 0.017 0.025 0.034 0.013 0.142 0.177 0.029 0.029 0.053 0.017 0.052 0.053 0.036 0.042 0.101
85 I 0.11 0.022 0.018 0.019 0.016 0.017 0.024 0.032 0.012 0.158 0.153 0.028 0.034 0.062 0.017 0.04 0.053 0.007 0.042 0.137
86 L 0.049 0.062 0.045 0.029 0.012 0.054 0.04 0.031 0.015 0.127 0.142 0.091 0.048 0.03 0.018 0.051 0.046 0.006 0.018 0.083
87 L 0.06 0.021 0.016 0.016 0.014 0.016 0.021 0.024 0.015 0.159 0.194 0.025 0.037 0.076 0.014 0.028 0.035 0.01 0.082 0.139
88 L 0.069 0.023 0.021 0.021 0.016 0.017 0.024 0.045 0.01 0.153 0.204 0.028 0.032 0.043 0.017 0.051 0.078 0.006 0.019 0.125
89 C 0.09 0.025 0.03 0.028 0.215 0.02 0.03 0.043 0.012 0.06 0.067 0.033 0.017 0.022 0.021 0.132 0.066 0.005 0.015 0.071
90 V 0.053 0.02 0.014 0.016 0.016 0.014 0.019 0.021 0.008 0.18 0.211 0.023 0.035 0.039 0.014 0.026 0.039 0.006 0.019 0.226
91 L 0.07 0.023 0.023 0.022 0.015 0.017 0.024 0.117 0.014 0.071 0.175 0.028 0.029 0.127 0.016 0.06 0.035 0.009 0.051 0.074
92 L 0.058 0.022 0.014 0.015 0.015 0.015 0.019 0.023 0.01 0.127 0.365 0.024 0.042 0.06 0.014 0.026 0.032 0.007 0.022 0.094
93 L 0.042 0.022 0.013 0.015 0.015 0.015 0.019 0.02 0.009 0.139 0.371 0.024 0.055 0.048 0.013 0.023 0.032 0.006 0.02 0.099
94 V 0.067 0.021 0.018 0.019 0.015 0.015 0.022 0.028 0.012 0.134 0.134 0.025 0.038 0.148 0.015 0.05 0.039 0.008 0.036 0.156
95 L 0.066 0.02 0.017 0.018 0.042 0.015 0.021 0.053 0.01 0.153 0.161 0.024 0.029 0.084 0.015 0.033 0.052 0.007 0.026 0.153
96 R 0.049 0.145 0.069 0.035 0.009 0.036 0.046 0.064 0.042 0.033 0.048 0.135 0.015 0.05 0.019 0.056 0.036 0.008 0.059 0.047
97 E 0.049 0.045 0.073 0.082 0.007 0.056 0.322 0.035 0.024 0.02 0.033 0.067 0.012 0.015 0.023 0.052 0.035 0.005 0.015 0.028
98 L 0.044 0.02 0.015 0.016 0.014 0.014 0.019 0.022 0.011 0.18 0.218 0.023 0.034 0.077 0.013 0.03 0.035 0.037 0.045 0.131
99 I 0.052 0.043 0.021 0.021 0.014 0.02 0.025 0.027 0.014 0.146 0.143 0.033 0.059 0.073 0.016 0.058 0.053 0.008 0.051 0.121
100 K 0.076 0.045 0.074 0.065 0.012 0.032 0.064 0.043 0.055 0.044 0.07 0.095 0.017 0.022 0.022 0.088 0.083 0.005 0.02 0.066
101 G 0.073 0.078 0.086 0.038 0.039 0.04 0.048 0.108 0.018 0.037 0.069 0.05 0.016 0.064 0.019 0.086 0.056 0.006 0.022 0.047
102 P 0.057 0.026 0.023 0.031 0.01 0.021 0.036 0.036 0.013 0.026 0.036 0.041 0.01 0.013 0.491 0.044 0.036 0.003 0.013 0.031
103 K 0.053 0.106 0.055 0.041 0.009 0.054 0.071 0.066 0.019 0.032 0.046 0.204 0.015 0.038 0.022 0.059 0.038 0.005 0.019 0.046
104 Y 0.042 0.032 0.029 0.021 0.01 0.021 0.028 0.053 0.025 0.056 0.106 0.059 0.042 0.153 0.015 0.032 0.029 0.015 0.166 0.064
105 N 0.058 0.041 0.115 0.112 0.012 0.031 0.066 0.059 0.018 0.036 0.044 0.076 0.014 0.018 0.023 0.091 0.114 0.005 0.015 0.053
106 L 0.058 0.089 0.022 0.022 0.012 0.023 0.03 0.028 0.017 0.098 0.147 0.071 0.025 0.114 0.016 0.035 0.046 0.009 0.067 0.07
107 R 0.049 0.202 0.055 0.04 0.008 0.064 0.08 0.05 0.021 0.023 0.04 0.178 0.014 0.015 0.021 0.053 0.036 0.005 0.016 0.029
108 T 0.098 0.043 0.048 0.058 0.013 0.042 0.048 0.046 0.037 0.038 0.049 0.083 0.016 0.021 0.024 0.099 0.13 0.033 0.02 0.054
109 L 0.051 0.021 0.014 0.015 0.014 0.014 0.019 0.023 0.01 0.115 0.245 0.023 0.034 0.107 0.013 0.025 0.032 0.063 0.034 0.128
110 L 0.066 0.023 0.02 0.023 0.013 0.018 0.04 0.056 0.012 0.117 0.14 0.028 0.036 0.098 0.043 0.045 0.036 0.035 0.03 0.122
111 P 0.057 0.026 0.023 0.031 0.01 0.021 0.036 0.036 0.013 0.026 0.036 0.041 0.01 0.013 0.494 0.044 0.036 0.003 0.013 0.031
112 G 0.114 0.03 0.05 0.033 0.014 0.023 0.033 0.194 0.014 0.082 0.061 0.052 0.017 0.022 0.021 0.093 0.057 0.005 0.015 0.073
113 L 0.071 0.022 0.017 0.018 0.042 0.016 0.021 0.055 0.011 0.107 0.266 0.025 0.034 0.082 0.015 0.043 0.034 0.007 0.025 0.09
114 L 0.144 0.024 0.018 0.02 0.019 0.018 0.026 0.039 0.012 0.085 0.192 0.03 0.05 0.086 0.047 0.043 0.036 0.007 0.026 0.076
115 V 0.062 0.021 0.021 0.02 0.014 0.015 0.022 0.093 0.011 0.138 0.136 0.026 0.027 0.096 0.016 0.039 0.065 0.007 0.027 0.145
116 L 0.07 0.021 0.019 0.019 0.105 0.015 0.021 0.063 0.01 0.118 0.151 0.025 0.026 0.079 0.016 0.038 0.065 0.006 0.024 0.107
117 L 0.12 0.024 0.023 0.023 0.042 0.018 0.027 0.093 0.012 0.095 0.129 0.03 0.034 0.086 0.018 0.072 0.041 0.007 0.026 0.08
118 L 0.051 0.022 0.019 0.019 0.015 0.016 0.022 0.052 0.011 0.161 0.187 0.026 0.054 0.071 0.015 0.043 0.049 0.007 0.024 0.137
119 L 0.046 0.021 0.015 0.017 0.016 0.015 0.019 0.021 0.009 0.192 0.271 0.025 0.043 0.05 0.015 0.025 0.037 0.007 0.022 0.137
120 L 0.063 0.023 0.016 0.017 0.015 0.017 0.021 0.025 0.01 0.121 0.271 0.026 0.059 0.063 0.015 0.031 0.049 0.007 0.023 0.128
121 F 0.049 0.023 0.022 0.02 0.081 0.017 0.024 0.029 0.022 0.065 0.113 0.027 0.022 0.162 0.015 0.068 0.035 0.014 0.136 0.056
122 L 0.105 0.022 0.02 0.02 0.015 0.016 0.023 0.114 0.012 0.102 0.147 0.027 0.036 0.103 0.016 0.039 0.035 0.007 0.028 0.112
123 L 0.05 0.021 0.017 0.018 0.015 0.015 0.021 0.023 0.009 0.183 0.244 0.025 0.036 0.041 0.015 0.041 0.052 0.006 0.019 0.149
124 V 0.086 0.021 0.018 0.02 0.016 0.016 0.023 0.029 0.009 0.185 0.15 0.027 0.03 0.035 0.017 0.048 0.056 0.005 0.018 0.189
125 R 0.045 0.345 0.039 0.031 0.008 0.048 0.052 0.033 0.023 0.023 0.047 0.12 0.016 0.017 0.019 0.045 0.035 0.006 0.017 0.031
126 G 0.088 0.025 0.044 0.028 0.013 0.02 0.028 0.145 0.017 0.079 0.084 0.033 0.019 0.039 0.046 0.059 0.065 0.008 0.072 0.086
127 L 0.073 0.08 0.026 0.024 0.012 0.026 0.037 0.033 0.021 0.058 0.121 0.082 0.022 0.079 0.018 0.057 0.044 0.01 0.098 0.079
128 S 0.069 0.034 0.069 0.035 0.014 0.026 0.037 0.042 0.036 0.08 0.078 0.054 0.037 0.048 0.02 0.128 0.052 0.006 0.023 0.112
129 T 0.079 0.053 0.043 0.078 0.013 0.052 0.047 0.1 0.017 0.048 0.05 0.048 0.016 0.025 0.022 0.101 0.117 0.006 0.034 0.049
130 A 0.288 0.031 0.026 0.03 0.022 0.026 0.041 0.079 0.015 0.043 0.06 0.045 0.018 0.022 0.03 0.085 0.05 0.005 0.018 0.069
131 E 0.055 0.05 0.041 0.091 0.007 0.065 0.294 0.035 0.026 0.022 0.037 0.076 0.013 0.017 0.026 0.055 0.037 0.006 0.017 0.031
132 G 0.079 0.023 0.039 0.034 0.011 0.019 0.026 0.508 0.014 0.019 0.028 0.034 0.009 0.016 0.019 0.051 0.03 0.005 0.011 0.024
133 G 0.081 0.052 0.069 0.041 0.012 0.039 0.041 0.241 0.017 0.023 0.034 0.047 0.012 0.017 0.022 0.143 0.058 0.005 0.014 0.032
134 L 0.071 0.024 0.024 0.023 0.014 0.018 0.026 0.086 0.014 0.096 0.133 0.029 0.035 0.108 0.017 0.064 0.066 0.008 0.047 0.097
135 L 0.059 0.026 0.068 0.029 0.013 0.019 0.028 0.035 0.015 0.07 0.154 0.031 0.026 0.143 0.017 0.063 0.074 0.008 0.036 0.088
136 S 0.091 0.082 0.08 0.045 0.013 0.072 0.054 0.053 0.022 0.027 0.04 0.061 0.015 0.021 0.024 0.173 0.058 0.006 0.028 0.036
137 N 0.05 0.032 0.112 0.105 0.011 0.025 0.048 0.042 0.038 0.042 0.103 0.039 0.019 0.047 0.019 0.076 0.089 0.033 0.023 0.045
138 L 0.057 0.023 0.015 0.017 0.018 0.016 0.022 0.023 0.009 0.141 0.252 0.026 0.041 0.045 0.015 0.029 0.042 0.006 0.022 0.181
139 V 0.047 0.021 0.016 0.017 0.013 0.015 0.021 0.023 0.015 0.136 0.125 0.024 0.039 0.124 0.041 0.028 0.035 0.01 0.087 0.162
140 A 0.148 0.025 0.023 0.025 0.016 0.02 0.031 0.071 0.012 0.088 0.091 0.034 0.02 0.025 0.108 0.074 0.044 0.005 0.016 0.125
141 L 0.06 0.022 0.016 0.017 0.041 0.016 0.021 0.025 0.016 0.133 0.182 0.025 0.051 0.094 0.014 0.029 0.033 0.01 0.082 0.114
142 G 0.064 0.025 0.027 0.026 0.014 0.02 0.027 0.133 0.012 0.121 0.132 0.032 0.056 0.031 0.018 0.089 0.045 0.006 0.017 0.105
143 L 0.039 0.019 0.014 0.015 0.013 0.013 0.018 0.02 0.011 0.161 0.256 0.021 0.036 0.153 0.012 0.023 0.03 0.009 0.037 0.1
144 I 0.079 0.02 0.016 0.019 0.015 0.015 0.022 0.028 0.01 0.185 0.181 0.026 0.031 0.049 0.07 0.037 0.037 0.006 0.02 0.133
145 F 0.038 0.019 0.016 0.016 0.011 0.013 0.019 0.022 0.018 0.099 0.139 0.021 0.026 0.262 0.012 0.025 0.028 0.014 0.108 0.094
146 I 0.053 0.019 0.016 0.018 0.016 0.014 0.02 0.022 0.008 0.246 0.151 0.024 0.032 0.037 0.015 0.039 0.041 0.005 0.019 0.205
147 Y 0.035 0.022 0.018 0.016 0.009 0.016 0.022 0.023 0.029 0.05 0.097 0.024 0.021 0.23 0.012 0.026 0.025 0.048 0.231 0.047
148 C 0.081 0.021 0.021 0.021 0.23 0.016 0.023 0.05 0.013 0.049 0.102 0.026 0.02 0.094 0.017 0.07 0.04 0.007 0.043 0.056
149 L 0.115 0.024 0.021 0.021 0.015 0.018 0.025 0.117 0.013 0.073 0.229 0.03 0.029 0.039 0.018 0.052 0.036 0.007 0.036 0.08
150 R 0.042 0.36 0.036 0.03 0.007 0.045 0.05 0.031 0.021 0.022 0.042 0.14 0.014 0.016 0.019 0.042 0.033 0.005 0.016 0.029
151 D 0.039 0.075 0.166 0.253 0.007 0.032 0.066 0.047 0.022 0.021 0.029 0.067 0.01 0.015 0.02 0.053 0.037 0.004 0.013 0.024
152 I 0.047 0.021 0.017 0.019 0.014 0.028 0.023 0.023 0.011 0.205 0.167 0.026 0.031 0.101 0.014 0.039 0.037 0.007 0.029 0.141
153 P 0.079 0.031 0.076 0.117 0.011 0.027 0.057 0.049 0.017 0.025 0.034 0.044 0.011 0.016 0.182 0.125 0.049 0.004 0.013 0.032
154 F 0.032 0.018 0.015 0.015 0.01 0.01 0.017 0.023 0.015 0.061 0.122 0.018 0.024 0.417 0.01 0.023 0.024 0.015 0.078 0.052
155 D 0.051 0.049 0.05 0.145 0.009 0.04 0.137 0.038 0.019 0.034 0.046 0.118 0.024 0.017 0.049 0.061 0.045 0.005 0.015 0.048
156 K 0.052 0.105 0.042 0.071 0.008 0.056 0.063 0.039 0.02 0.026 0.041 0.239 0.014 0.02 0.024 0.06 0.047 0.006 0.034 0.032
157 I 0.064 0.019 0.014 0.016 0.016 0.014 0.019 0.023 0.008 0.233 0.183 0.024 0.033 0.039 0.015 0.028 0.038 0.005 0.019 0.189
158 A 0.255 0.027 0.024 0.027 0.019 0.022 0.035 0.059 0.013 0.064 0.068 0.038 0.019 0.023 0.024 0.089 0.049 0.005 0.017 0.122
159 R 0.055 0.219 0.038 0.055 0.008 0.047 0.058 0.037 0.02 0.024 0.041 0.217 0.014 0.015 0.022 0.046 0.035 0.005 0.016 0.03
160 F 0.047 0.02 0.018 0.018 0.014 0.014 0.021 0.025 0.011 0.149 0.148 0.023 0.029 0.174 0.014 0.042 0.052 0.009 0.04 0.133
161 T 0.1 0.03 0.035 0.033 0.043 0.024 0.036 0.045 0.013 0.071 0.066 0.039 0.019 0.023 0.023 0.138 0.138 0.005 0.016 0.102
162 L 0.06 0.023 0.017 0.02 0.041 0.017 0.038 0.025 0.011 0.112 0.26 0.026 0.034 0.093 0.015 0.031 0.047 0.007 0.027 0.096
163 P 0.053 0.03 0.02 0.022 0.011 0.02 0.029 0.028 0.017 0.087 0.076 0.061 0.019 0.091 0.152 0.033 0.033 0.037 0.083 0.099
164 I 0.053 0.02 0.018 0.019 0.015 0.015 0.021 0.024 0.011 0.212 0.157 0.025 0.031 0.041 0.015 0.042 0.054 0.006 0.037 0.182
165 S 0.088 0.032 0.042 0.038 0.043 0.026 0.041 0.051 0.015 0.077 0.059 0.043 0.018 0.023 0.024 0.22 0.079 0.005 0.016 0.06
166 L 0.074 0.023 0.022 0.022 0.043 0.017 0.025 0.031 0.011 0.139 0.162 0.029 0.031 0.055 0.017 0.073 0.057 0.006 0.021 0.143
167 I 0.074 0.022 0.022 0.022 0.024 0.017 0.024 0.059 0.011 0.155 0.144 0.028 0.027 0.079 0.017 0.054 0.08 0.007 0.025 0.109
168 L 0.07 0.025 0.022 0.022 0.016 0.019 0.025 0.029 0.01 0.137 0.168 0.03 0.047 0.035 0.018 0.046 0.116 0.006 0.019 0.14
169 L 0.042 0.021 0.014 0.014 0.015 0.014 0.019 0.02 0.01 0.117 0.346 0.023 0.041 0.089 0.013 0.023 0.032 0.007 0.027 0.114
170 L 0.096 0.022 0.019 0.02 0.015 0.017 0.023 0.059 0.011 0.135 0.192 0.027 0.041 0.084 0.016 0.049 0.037 0.007 0.026 0.103
171 F 0.05 0.019 0.015 0.016 0.011 0.012 0.019 0.025 0.014 0.067 0.171 0.02 0.028 0.333 0.011 0.026 0.026 0.013 0.065 0.059
172 V 0.056 0.02 0.017 0.018 0.016 0.015 0.021 0.023 0.008 0.211 0.127 0.025 0.03 0.035 0.016 0.033 0.07 0.005 0.019 0.235
173 I 0.052 0.018 0.014 0.016 0.016 0.013 0.018 0.02 0.008 0.255 0.139 0.023 0.032 0.037 0.014 0.026 0.04 0.005 0.019 0.233
174 L 0.078 0.02 0.015 0.017 0.042 0.014 0.02 0.027 0.01 0.149 0.22 0.024 0.033 0.104 0.015 0.031 0.037 0.007 0.029 0.109
175 S 0.114 0.036 0.048 0.044 0.016 0.03 0.047 0.063 0.017 0.028 0.039 0.049 0.014 0.019 0.027 0.273 0.074 0.005 0.016 0.04
176 S 0.191 0.033 0.039 0.038 0.017 0.027 0.043 0.091 0.016 0.031 0.044 0.045 0.015 0.019 0.027 0.196 0.062 0.005 0.016 0.047
177 K 0.045 0.072 0.034 0.031 0.008 0.043 0.057 0.033 0.062 0.03 0.048 0.178 0.015 0.054 0.02 0.041 0.031 0.013 0.151 0.034
178 L 0.045 0.021 0.015 0.016 0.015 0.015 0.019 0.021 0.009 0.144 0.31 0.024 0.04 0.066 0.014 0.027 0.047 0.007 0.023 0.123
179 G 0.072 0.021 0.036 0.031 0.01 0.017 0.023 0.551 0.012 0.017 0.026 0.031 0.009 0.015 0.017 0.047 0.027 0.005 0.01 0.022
180 I 0.044 0.018 0.014 0.016 0.014 0.013 0.017 0.02 0.01 0.251 0.166 0.022 0.033 0.09 0.013 0.024 0.035 0.007 0.036 0.158
181 I 0.045 0.017 0.014 0.016 0.015 0.012 0.017 0.019 0.008 0.317 0.151 0.022 0.033 0.04 0.014 0.024 0.037 0.005 0.019 0.175
182 D 0.05 0.055 0.038 0.124 0.01 0.068 0.087 0.035 0.017 0.045 0.089 0.052 0.028 0.021 0.094 0.055 0.069 0.005 0.015 0.045
183 N 0.039 0.038 0.292 0.174 0.008 0.03 0.055 0.055 0.026 0.021 0.028 0.047 0.01 0.016 0.019 0.06 0.042 0.004 0.013 0.024
184 Y 0.056 0.025 0.02 0.018 0.01 0.02 0.026 0.025 0.038 0.052 0.068 0.029 0.018 0.106 0.015 0.031 0.029 0.022 0.318 0.074
185 V 0.063 0.026 0.021 0.021 0.016 0.019 0.026 0.028 0.01 0.145 0.136 0.044 0.028 0.032 0.017 0.059 0.059 0.005 0.018 0.226
186 E 0.064 0.037 0.048 0.059 0.01 0.042 0.216 0.033 0.021 0.044 0.06 0.052 0.027 0.069 0.02 0.046 0.035 0.007 0.042 0.068
187 I 0.067 0.025 0.042 0.025 0.014 0.019 0.027 0.031 0.036 0.142 0.113 0.031 0.025 0.061 0.017 0.054 0.081 0.008 0.06 0.122
188 S 0.083 0.096 0.058 0.06 0.012 0.044 0.049 0.048 0.02 0.029 0.045 0.072 0.015 0.046 0.023 0.145 0.065 0.014 0.039 0.038
189 G 0.112 0.031 0.04 0.105 0.013 0.029 0.085 0.125 0.016 0.03 0.049 0.044 0.013 0.018 0.066 0.097 0.071 0.005 0.014 0.04
190 N 0.043 0.045 0.317 0.083 0.009 0.034 0.049 0.065 0.032 0.022 0.032 0.054 0.011 0.018 0.02 0.07 0.049 0.004 0.016 0.027
191 G 0.069 0.026 0.053 0.033 0.013 0.021 0.029 0.286 0.013 0.048 0.064 0.035 0.015 0.02 0.027 0.07 0.111 0.005 0.013 0.047
192 R 0.042 0.379 0.035 0.028 0.008 0.043 0.047 0.03 0.021 0.028 0.047 0.106 0.015 0.017 0.018 0.04 0.033 0.005 0.016 0.044
193 V 0.056 0.043 0.021 0.021 0.015 0.019 0.025 0.026 0.013 0.143 0.136 0.032 0.027 0.042 0.017 0.049 0.076 0.007 0.056 0.176
194 R 0.041 0.399 0.036 0.028 0.007 0.044 0.048 0.03 0.021 0.021 0.043 0.11 0.014 0.016 0.018 0.041 0.032 0.005 0.016 0.028
195 H 0.045 0.04 0.045 0.048 0.008 0.04 0.142 0.033 0.209 0.024 0.039 0.049 0.014 0.038 0.019 0.049 0.031 0.009 0.09 0.028
196 Y 0.036 0.024 0.019 0.017 0.009 0.018 0.024 0.023 0.038 0.043 0.071 0.027 0.018 0.178 0.013 0.028 0.025 0.024 0.32 0.044
197 L 0.041 0.022 0.013 0.014 0.015 0.015 0.019 0.02 0.009 0.129 0.385 0.024 0.054 0.049 0.013 0.023 0.032 0.006 0.02 0.096
198 G 0.072 0.021 0.036 0.031 0.01 0.017 0.023 0.551 0.012 0.017 0.026 0.031 0.009 0.015 0.017 0.047 0.027 0.005 0.01 0.022
199 F 0.031 0.017 0.016 0.016 0.01 0.01 0.017 0.023 0.016 0.058 0.105 0.017 0.023 0.438 0.01 0.023 0.023 0.016 0.081 0.05
200 R 0.041 0.359 0.033 0.027 0.008 0.041 0.045 0.029 0.02 0.03 0.083 0.101 0.018 0.02 0.017 0.039 0.032 0.005 0.016 0.035
201 Y 0.037 0.026 0.02 0.017 0.009 0.02 0.026 0.023 0.043 0.04 0.063 0.029 0.017 0.12 0.014 0.029 0.026 0.026 0.374 0.043
202 S 0.192 0.034 0.04 0.038 0.017 0.028 0.044 0.065 0.016 0.032 0.044 0.046 0.015 0.019 0.027 0.208 0.064 0.005 0.016 0.048
203 L 0.041 0.022 0.013 0.014 0.015 0.015 0.019 0.02 0.009 0.106 0.427 0.023 0.046 0.05 0.013 0.022 0.031 0.007 0.02 0.088
204 F 0.033 0.02 0.017 0.016 0.01 0.013 0.02 0.023 0.024 0.054 0.102 0.021 0.022 0.321 0.011 0.025 0.024 0.019 0.175 0.049
205 P 0.075 0.024 0.026 0.029 0.011 0.02 0.032 0.146 0.012 0.028 0.054 0.037 0.012 0.015 0.332 0.062 0.036 0.003 0.012 0.033
206 S 0.117 0.033 0.041 0.04 0.015 0.027 0.044 0.056 0.016 0.028 0.039 0.046 0.014 0.018 0.134 0.211 0.063 0.004 0.015 0.039
207 T 0.157 0.028 0.032 0.03 0.044 0.023 0.033 0.102 0.012 0.055 0.059 0.038 0.017 0.021 0.024 0.073 0.167 0.005 0.015 0.064
208 I 0.046 0.02 0.016 0.017 0.014 0.015 0.02 0.021 0.03 0.217 0.159 0.023 0.042 0.081 0.014 0.026 0.036 0.007 0.028 0.168
209 L 0.047 0.025 0.016 0.017 0.015 0.02 0.022 0.023 0.012 0.127 0.234 0.028 0.142 0.044 0.014 0.029 0.036 0.007 0.021 0.12
210 L 0.061 0.024 0.02 0.019 0.013 0.017 0.024 0.029 0.014 0.073 0.209 0.027 0.049 0.163 0.015 0.047 0.061 0.01 0.057 0.068
211 N 0.039 0.041 0.356 0.074 0.008 0.031 0.046 0.059 0.049 0.021 0.029 0.049 0.01 0.017 0.018 0.063 0.044 0.004 0.016 0.025
212 I 0.045 0.017 0.014 0.016 0.015 0.013 0.017 0.02 0.008 0.304 0.153 0.022 0.044 0.04 0.014 0.024 0.038 0.005 0.019 0.17
213 T 0.064 0.027 0.031 0.028 0.016 0.021 0.03 0.034 0.011 0.12 0.087 0.035 0.023 0.027 0.021 0.074 0.198 0.005 0.017 0.128
214 A 0.224 0.028 0.028 0.029 0.017 0.023 0.034 0.125 0.013 0.055 0.08 0.039 0.018 0.022 0.024 0.097 0.06 0.005 0.016 0.061
215 L 0.044 0.022 0.015 0.016 0.015 0.016 0.02 0.021 0.01 0.148 0.336 0.025 0.051 0.046 0.014 0.032 0.042 0.006 0.02 0.101
216 Y 0.049 0.045 0.024 0.022 0.012 0.02 0.028 0.029 0.023 0.071 0.075 0.034 0.02 0.102 0.016 0.057 0.074 0.068 0.141 0.091
217 L 0.044 0.019 0.014 0.015 0.041 0.013 0.018 0.021 0.01 0.154 0.249 0.022 0.035 0.109 0.013 0.024 0.033 0.007 0.03 0.129
218 Y 0.036 0.025 0.038 0.02 0.009 0.019 0.025 0.025 0.036 0.044 0.076 0.027 0.018 0.175 0.014 0.029 0.026 0.022 0.293 0.044
219 L 0.062 0.028 0.036 0.021 0.014 0.018 0.025 0.028 0.012 0.102 0.297 0.043 0.036 0.062 0.015 0.043 0.036 0.006 0.022 0.093
220 K 0.066 0.135 0.039 0.036 0.008 0.045 0.058 0.067 0.039 0.025 0.04 0.253 0.014 0.016 0.023 0.049 0.035 0.005 0.018 0.031
221 K 0.05 0.17 0.055 0.037 0.008 0.078 0.059 0.091 0.021 0.023 0.039 0.186 0.014 0.015 0.021 0.048 0.035 0.005 0.016 0.029
222 D 0.068 0.065 0.094 0.131 0.009 0.039 0.12 0.072 0.031 0.023 0.034 0.099 0.012 0.016 0.022 0.077 0.04 0.005 0.015 0.029
223 K 0.08 0.102 0.053 0.038 0.01 0.052 0.056 0.08 0.039 0.026 0.04 0.192 0.014 0.016 0.023 0.076 0.046 0.005 0.018 0.033
224 I 0.056 0.019 0.014 0.016 0.015 0.014 0.018 0.022 0.009 0.23 0.184 0.023 0.033 0.061 0.014 0.026 0.037 0.006 0.022 0.181
225 K 0.063 0.062 0.042 0.08 0.011 0.041 0.054 0.07 0.018 0.033 0.061 0.153 0.016 0.019 0.024 0.102 0.086 0.005 0.019 0.039
226 Y 0.037 0.021 0.016 0.016 0.011 0.016 0.021 0.022 0.022 0.136 0.127 0.024 0.025 0.074 0.012 0.025 0.029 0.124 0.159 0.082
227 K 0.061 0.099 0.027 0.026 0.01 0.034 0.039 0.032 0.039 0.06 0.064 0.107 0.018 0.077 0.06 0.038 0.033 0.036 0.065 0.073
228 E 0.082 0.098 0.054 0.075 0.009 0.067 0.164 0.067 0.021 0.024 0.038 0.066 0.013 0.018 0.021 0.063 0.037 0.033 0.018 0.032
229 L 0.061 0.022 0.016 0.017 0.015 0.015 0.021 0.026 0.011 0.118 0.272 0.025 0.035 0.085 0.014 0.04 0.035 0.035 0.028 0.11
230 L 0.064 0.022 0.019 0.019 0.014 0.016 0.022 0.054 0.011 0.122 0.245 0.026 0.033 0.092 0.015 0.044 0.049 0.007 0.027 0.099
231 L 0.052 0.02 0.014 0.015 0.014 0.014 0.019 0.022 0.01 0.143 0.241 0.022 0.035 0.127 0.013 0.026 0.033 0.008 0.033 0.138
232 L 0.04 0.022 0.013 0.014 0.041 0.015 0.019 0.021 0.01 0.094 0.368 0.023 0.041 0.049 0.012 0.023 0.03 0.062 0.024 0.08
233 L 0.079 0.024 0.024 0.023 0.041 0.017 0.025 0.115 0.012 0.061 0.185 0.029 0.026 0.106 0.017 0.067 0.053 0.007 0.028 0.06
234 L 0.067 0.022 0.017 0.018 0.015 0.016 0.022 0.053 0.01 0.113 0.261 0.026 0.035 0.062 0.015 0.042 0.037 0.006 0.022 0.14
235 L 0.117 0.026 0.024 0.025 0.018 0.02 0.029 0.04 0.012 0.118 0.155 0.033 0.038 0.032 0.02 0.096 0.048 0.005 0.018 0.127
236 N 0.053 0.036 0.264 0.06 0.011 0.027 0.04 0.052 0.023 0.048 0.049 0.044 0.015 0.02 0.019 0.07 0.062 0.004 0.015 0.087
237 Y 0.045 0.024 0.021 0.019 0.011 0.018 0.024 0.042 0.024 0.082 0.132 0.027 0.028 0.111 0.014 0.053 0.032 0.07 0.159 0.062
238 W 0.031 0.021 0.015 0.015 0.008 0.015 0.021 0.026 0.019 0.037 0.077 0.022 0.017 0.107 0.009 0.023 0.022 0.36 0.119 0.036
239 I 0.064 0.019 0.015 0.017 0.016 0.015 0.02 0.023 0.009 0.24 0.163 0.024 0.053 0.039 0.015 0.028 0.038 0.006 0.019 0.177
240 F 0.033 0.021 0.017 0.016 0.009 0.014 0.021 0.023 0.026 0.051 0.088 0.022 0.021 0.312 0.012 0.025 0.024 0.02 0.197 0.047
241 L 0.095 0.05 0.045 0.039 0.013 0.037 0.039 0.045 0.041 0.055 0.136 0.041 0.033 0.046 0.019 0.057 0.051 0.009 0.085 0.064
242 Q 0.05 0.065 0.055 0.048 0.009 0.154 0.122 0.037 0.024 0.031 0.055 0.128 0.038 0.017 0.022 0.049 0.037 0.005 0.018 0.036
243 T 0.067 0.033 0.04 0.034 0.016 0.025 0.036 0.04 0.013 0.049 0.06 0.042 0.018 0.022 0.025 0.085 0.309 0.005 0.016 0.065
244 D 0.039 0.036 0.209 0.25 0.008 0.042 0.066 0.051 0.023 0.021 0.028 0.047 0.01 0.015 0.02 0.056 0.039 0.004 0.013 0.024
245 S 0.101 0.037 0.05 0.045 0.016 0.03 0.048 0.061 0.018 0.027 0.038 0.05 0.014 0.019 0.027 0.284 0.075 0.005 0.016 0.038
246 R 0.041 0.399 0.036 0.028 0.007 0.044 0.048 0.03 0.021 0.021 0.043 0.11 0.014 0.016 0.018 0.041 0.032 0.005 0.016 0.028
247 L 0.042 0.022 0.013 0.014 0.015 0.015 0.019 0.02 0.009 0.12 0.397 0.023 0.044 0.049 0.013 0.023 0.032 0.006 0.02 0.105
248 T 0.084 0.034 0.043 0.038 0.016 0.027 0.041 0.049 0.015 0.053 0.055 0.044 0.017 0.022 0.026 0.176 0.182 0.005 0.016 0.058
249 F 0.064 0.019 0.016 0.017 0.011 0.011 0.02 0.028 0.015 0.056 0.099 0.02 0.023 0.394 0.012 0.029 0.026 0.014 0.075 0.052
250 Y 0.043 0.021 0.019 0.018 0.011 0.016 0.021 0.077 0.023 0.115 0.126 0.025 0.024 0.13 0.014 0.028 0.029 0.015 0.159 0.087
251 L 0.066 0.03 0.046 0.031 0.015 0.023 0.033 0.039 0.014 0.069 0.183 0.037 0.048 0.033 0.02 0.121 0.091 0.006 0.018 0.078
252 S 0.149 0.035 0.043 0.04 0.017 0.028 0.045 0.061 0.016 0.032 0.044 0.047 0.015 0.02 0.027 0.22 0.094 0.005 0.016 0.046
253 L 0.066 0.023 0.017 0.023 0.061 0.02 0.055 0.026 0.011 0.142 0.206 0.029 0.037 0.036 0.016 0.035 0.037 0.006 0.018 0.137
254 L 0.071 0.022 0.015 0.016 0.016 0.016 0.021 0.025 0.009 0.148 0.269 0.025 0.047 0.042 0.015 0.029 0.036 0.006 0.02 0.153
255 L 0.046 0.024 0.016 0.017 0.015 0.018 0.021 0.023 0.011 0.113 0.278 0.026 0.089 0.067 0.014 0.029 0.048 0.007 0.024 0.113
256 L 0.042 0.02 0.013 0.015 0.015 0.014 0.018 0.02 0.009 0.194 0.306 0.023 0.051 0.046 0.013 0.023 0.033 0.006 0.02 0.117
257 L 0.071 0.021 0.016 0.017 0.069 0.015 0.02 0.04 0.009 0.144 0.232 0.025 0.033 0.038 0.015 0.037 0.038 0.006 0.018 0.135
258 L 0.085 0.02 0.015 0.017 0.087 0.015 0.02 0.028 0.01 0.131 0.221 0.024 0.032 0.065 0.015 0.033 0.035 0.006 0.022 0.117
259 G 0.11 0.027 0.073 0.032 0.067 0.021 0.031 0.112 0.015 0.041 0.065 0.035 0.037 0.067 0.019 0.071 0.067 0.034 0.025 0.049
260 L 0.077 0.021 0.016 0.017 0.015 0.015 0.021 0.054 0.01 0.125 0.225 0.025 0.032 0.082 0.014 0.031 0.034 0.035 0.028 0.124
261 L 0.056 0.02 0.016 0.017 0.042 0.014 0.02 0.024 0.01 0.16 0.215 0.024 0.033 0.081 0.014 0.04 0.037 0.007 0.025 0.143
262 L 0.043 0.022 0.016 0.016 0.04 0.016 0.02 0.023 0.015 0.11 0.221 0.025 0.074 0.114 0.013 0.027 0.033 0.01 0.067 0.095
263 K 0.05 0.105 0.055 0.039 0.008 0.082 0.065 0.039 0.02 0.041 0.046 0.251 0.016 0.016 0.023 0.048 0.037 0.005 0.016 0.037
264 Y 0.038 0.056 0.019 0.018 0.01 0.02 0.026 0.024 0.023 0.081 0.146 0.048 0.024 0.09 0.013 0.027 0.028 0.097 0.151 0.061
265 F 0.04 0.044 0.019 0.018 0.011 0.017 0.024 0.025 0.018 0.074 0.132 0.043 0.035 0.248 0.013 0.035 0.029 0.013 0.088 0.072
266 P 0.051 0.028 0.042 0.035 0.009 0.035 0.054 0.035 0.014 0.023 0.034 0.043 0.01 0.012 0.454 0.043 0.034 0.003 0.013 0.028
267 K 0.061 0.06 0.065 0.095 0.01 0.051 0.08 0.072 0.019 0.026 0.038 0.158 0.013 0.016 0.024 0.097 0.064 0.005 0.015 0.033
268 L 0.043 0.039 0.015 0.016 0.014 0.015 0.019 0.021 0.01 0.179 0.209 0.026 0.033 0.115 0.013 0.025 0.033 0.008 0.031 0.135
269 L 0.046 0.023 0.035 0.02 0.014 0.016 0.022 0.025 0.012 0.118 0.265 0.026 0.046 0.099 0.014 0.04 0.035 0.007 0.028 0.11
270 E 0.069 0.045 0.036 0.078 0.009 0.044 0.199 0.063 0.019 0.04 0.047 0.091 0.014 0.039 0.022 0.061 0.045 0.005 0.019 0.052
271 K 0.051 0.115 0.073 0.038 0.009 0.04 0.052 0.066 0.019 0.057 0.051 0.211 0.016 0.018 0.022 0.054 0.045 0.005 0.016 0.044
272 L 0.055 0.052 0.043 0.027 0.013 0.023 0.032 0.033 0.014 0.108 0.133 0.066 0.025 0.074 0.017 0.078 0.042 0.034 0.027 0.104
273 R 0.05 0.188 0.052 0.036 0.008 0.05 0.063 0.104 0.02 0.039 0.045 0.117 0.014 0.019 0.047 0.049 0.034 0.005 0.025 0.036
274 L 0.081 0.045 0.028 0.023 0.013 0.022 0.03 0.086 0.017 0.096 0.132 0.064 0.034 0.037 0.044 0.039 0.035 0.035 0.045 0.094
275 L 0.046 0.021 0.014 0.015 0.015 0.014 0.019 0.02 0.009 0.144 0.31 0.023 0.041 0.066 0.013 0.024 0.034 0.007 0.023 0.142
276 L 0.047 0.031 0.024 0.022 0.066 0.034 0.031 0.03 0.054 0.058 0.189 0.047 0.027 0.059 0.015 0.056 0.034 0.09 0.032 0.055
277 F 0.08 0.072 0.026 0.024 0.012 0.024 0.033 0.034 0.014 0.099 0.085 0.08 0.021 0.113 0.017 0.053 0.044 0.035 0.033 0.099
278 L 0.06 0.021 0.021 0.021 0.014 0.015 0.022 0.136 0.011 0.105 0.152 0.026 0.026 0.091 0.042 0.04 0.042 0.007 0.026 0.124
279 L 0.041 0.023 0.015 0.016 0.013 0.017 0.02 0.022 0.013 0.101 0.25 0.025 0.097 0.15 0.013 0.026 0.031 0.009 0.037 0.081
280 I 0.069 0.039 0.024 0.025 0.014 0.035 0.033 0.031 0.012 0.196 0.106 0.077 0.026 0.03 0.019 0.058 0.061 0.005 0.018 0.12
281 P 0.06 0.021 0.017 0.02 0.039 0.015 0.024 0.028 0.013 0.082 0.141 0.027 0.023 0.124 0.182 0.032 0.031 0.008 0.049 0.063
282 S 0.094 0.036 0.048 0.043 0.016 0.029 0.046 0.056 0.017 0.032 0.043 0.048 0.015 0.02 0.027 0.242 0.124 0.005 0.016 0.044
283 F 0.034 0.021 0.018 0.016 0.009 0.015 0.021 0.023 0.028 0.05 0.085 0.023 0.02 0.287 0.012 0.026 0.024 0.02 0.22 0.047
284 L 0.079 0.02 0.015 0.017 0.015 0.015 0.021 0.027 0.01 0.165 0.17 0.025 0.03 0.058 0.042 0.031 0.037 0.034 0.024 0.162
285 I 0.043 0.019 0.015 0.016 0.014 0.014 0.019 0.021 0.015 0.2 0.172 0.023 0.031 0.089 0.013 0.026 0.034 0.01 0.09 0.136
286 A 0.112 0.028 0.083 0.035 0.068 0.022 0.033 0.088 0.016 0.04 0.074 0.036 0.017 0.086 0.02 0.091 0.071 0.006 0.025 0.048
287 A 0.162 0.024 0.024 0.025 0.041 0.018 0.029 0.101 0.014 0.041 0.065 0.032 0.017 0.151 0.047 0.075 0.039 0.008 0.036 0.05
288 V 0.07 0.02 0.019 0.019 0.084 0.015 0.022 0.083 0.012 0.11 0.128 0.025 0.025 0.088 0.015 0.046 0.037 0.007 0.042 0.131
289 L 0.061 0.021 0.019 0.019 0.041 0.015 0.021 0.081 0.01 0.118 0.174 0.025 0.028 0.087 0.015 0.036 0.063 0.007 0.026 0.131
290 S 0.101 0.037 0.05 0.045 0.016 0.03 0.048 0.061 0.018 0.027 0.038 0.05 0.014 0.019 0.027 0.284 0.075 0.005 0.016 0.038
291 L 0.042 0.022 0.016 0.016 0.012 0.015 0.021 0.022 0.02 0.108 0.184 0.024 0.029 0.13 0.013 0.026 0.031 0.014 0.141 0.114
292 L 0.045 0.024 0.019 0.019 0.011 0.03 0.025 0.08 0.017 0.087 0.127 0.028 0.034 0.073 0.013 0.029 0.031 0.121 0.087 0.1
293 L 0.047 0.022 0.017 0.017 0.041 0.017 0.021 0.024 0.011 0.124 0.197 0.025 0.084 0.105 0.014 0.03 0.048 0.008 0.03 0.118
294 T 0.143 0.032 0.036 0.034 0.017 0.026 0.038 0.052 0.014 0.049 0.062 0.042 0.028 0.022 0.025 0.133 0.151 0.005 0.017 0.073
295 F 0.062 0.039 0.04 0.024 0.012 0.022 0.028 0.058 0.017 0.083 0.111 0.055 0.044 0.132 0.016 0.038 0.048 0.01 0.07 0.092
296 L 0.049 0.077 0.078 0.034 0.011 0.041 0.039 0.036 0.019 0.052 0.12 0.077 0.032 0.074 0.019 0.06 0.081 0.008 0.043 0.052
297 Y 0.037 0.025 0.02 0.017 0.009 0.019 0.025 0.023 0.041 0.041 0.065 0.028 0.017 0.137 0.014 0.028 0.026 0.025 0.359 0.043
298 D 0.052 0.03 0.094 0.168 0.011 0.025 0.05 0.042 0.016 0.062 0.105 0.039 0.018 0.023 0.047 0.084 0.063 0.004 0.015 0.05
299 S 0.096 0.04 0.06 0.061 0.012 0.047 0.061 0.082 0.019 0.029 0.044 0.046 0.014 0.047 0.049 0.126 0.055 0.034 0.04 0.038
300 S 0.09 0.03 0.054 0.036 0.015 0.024 0.036 0.101 0.015 0.059 0.079 0.04 0.018 0.045 0.022 0.148 0.095 0.006 0.019 0.067
301 S 0.096 0.038 0.077 0.048 0.016 0.031 0.049 0.061 0.019 0.03 0.041 0.051 0.015 0.02 0.027 0.225 0.093 0.005 0.017 0.041
302 N 0.051 0.042 0.254 0.067 0.01 0.033 0.048 0.058 0.083 0.023 0.033 0.05 0.012 0.019 0.021 0.094 0.049 0.005 0.021 0.027
303 S 0.116 0.03 0.033 0.033 0.016 0.024 0.038 0.049 0.015 0.06 0.062 0.041 0.018 0.024 0.118 0.133 0.057 0.005 0.024 0.104
304 F 0.041 0.021 0.017 0.016 0.012 0.014 0.021 0.024 0.021 0.079 0.13 0.023 0.026 0.241 0.013 0.027 0.03 0.016 0.128 0.102
305 L 0.047 0.022 0.014 0.015 0.016 0.015 0.019 0.021 0.009 0.152 0.318 0.024 0.042 0.047 0.014 0.025 0.035 0.006 0.021 0.138
306 V 0.069 0.027 0.12 0.06 0.013 0.021 0.033 0.067 0.015 0.127 0.084 0.034 0.021 0.026 0.017 0.057 0.043 0.005 0.016 0.142
307 E 0.056 0.036 0.08 0.093 0.01 0.043 0.136 0.043 0.028 0.039 0.04 0.051 0.013 0.017 0.13 0.088 0.042 0.004 0.015 0.036
308 W 0.036 0.021 0.017 0.017 0.009 0.014 0.021 0.055 0.014 0.055 0.092 0.022 0.019 0.121 0.01 0.037 0.026 0.314 0.055 0.044
309 L 0.049 0.037 0.025 0.029 0.012 0.09 0.06 0.029 0.017 0.092 0.157 0.046 0.091 0.06 0.017 0.049 0.037 0.007 0.024 0.072
310 R 0.041 0.135 0.047 0.05 0.009 0.043 0.043 0.03 0.03 0.05 0.116 0.094 0.021 0.074 0.017 0.037 0.032 0.009 0.074 0.046
311 R 0.069 0.106 0.062 0.037 0.011 0.085 0.056 0.04 0.023 0.033 0.066 0.097 0.017 0.029 0.021 0.076 0.069 0.007 0.054 0.041
312 L 0.052 0.021 0.014 0.015 0.015 0.014 0.019 0.021 0.009 0.152 0.322 0.023 0.04 0.067 0.014 0.025 0.033 0.007 0.023 0.116
313 N 0.039 0.039 0.315 0.146 0.008 0.03 0.053 0.057 0.027 0.021 0.028 0.048 0.01 0.016 0.019 0.061 0.043 0.004 0.014 0.024
314 K 0.056 0.08 0.068 0.088 0.01 0.063 0.088 0.041 0.026 0.029 0.042 0.103 0.014 0.02 0.023 0.081 0.097 0.005 0.026 0.037
315 F 0.058 0.02 0.017 0.018 0.013 0.014 0.021 0.026 0.013 0.115 0.116 0.023 0.043 0.247 0.013 0.031 0.046 0.011 0.052 0.103
316 L 0.044 0.023 0.015 0.016 0.015 0.016 0.02 0.022 0.01 0.098 0.377 0.025 0.052 0.069 0.014 0.037 0.033 0.007 0.024 0.083
317 G 0.064 0.026 0.073 0.063 0.009 0.024 0.064 0.418 0.016 0.018 0.027 0.037 0.009 0.015 0.018 0.049 0.03 0.005 0.011 0.023
318 G 0.068 0.032 0.097 0.071 0.011 0.039 0.058 0.253 0.018 0.022 0.032 0.044 0.011 0.016 0.021 0.102 0.056 0.005 0.013 0.029
319 R 0.041 0.399 0.036 0.028 0.007 0.044 0.048 0.03 0.021 0.021 0.043 0.11 0.014 0.016 0.018 0.041 0.032 0.005 0.016 0.028
320 L 0.042 0.02 0.013 0.015 0.015 0.014 0.018 0.019 0.009 0.186 0.33 0.023 0.041 0.047 0.013 0.023 0.033 0.006 0.02 0.114
