#Seq2Logo.py -f /work3/idamei/ssn-clusterings/clustering/2205111339/clusters/0007_418/sequences.afa -o /work3/idamei/ssn-clusterings/clustering/2205111339/clusters/0007_418/sequences.logo
#Position Specific Frequency Matrix
A R N D C Q E G H I L K M F P S T W Y V
0 L 0.051 0.032 0.02 0.02 0.016 0.028 0.028 0.028 0.016 0.099 0.194 0.036 0.173 0.047 0.016 0.036 0.04 0.008 0.024 0.091
1 L 0.05 0.024 0.017 0.021 0.014 0.018 0.026 0.027 0.011 0.084 0.238 0.031 0.033 0.037 0.197 0.032 0.035 0.005 0.018 0.082
2 L 0.045 0.023 0.036 0.02 0.132 0.016 0.022 0.028 0.019 0.064 0.155 0.025 0.027 0.143 0.014 0.032 0.032 0.012 0.093 0.062
3 N 0.05 0.042 0.249 0.07 0.011 0.032 0.046 0.059 0.027 0.03 0.04 0.051 0.013 0.019 0.022 0.075 0.104 0.005 0.016 0.038
4 S 0.11 0.04 0.054 0.049 0.018 0.033 0.053 0.067 0.019 0.03 0.042 0.054 0.016 0.021 0.03 0.217 0.082 0.005 0.018 0.042
5 L 0.045 0.024 0.014 0.015 0.016 0.016 0.02 0.021 0.01 0.116 0.373 0.025 0.05 0.055 0.014 0.024 0.034 0.007 0.022 0.097
6 K 0.056 0.095 0.041 0.051 0.008 0.055 0.117 0.041 0.022 0.026 0.042 0.243 0.015 0.016 0.027 0.053 0.039 0.005 0.017 0.032
7 A 0.134 0.049 0.04 0.054 0.014 0.066 0.124 0.056 0.021 0.03 0.046 0.077 0.016 0.019 0.027 0.109 0.053 0.005 0.017 0.044
8 L 0.046 0.024 0.016 0.017 0.016 0.016 0.021 0.022 0.01 0.132 0.332 0.026 0.045 0.051 0.015 0.029 0.049 0.007 0.022 0.104
9 L 0.043 0.028 0.025 0.022 0.013 0.021 0.028 0.026 0.104 0.13 0.215 0.03 0.035 0.068 0.015 0.029 0.032 0.007 0.035 0.094
10 A 0.137 0.038 0.039 0.051 0.016 0.037 0.112 0.055 0.018 0.043 0.054 0.054 0.017 0.021 0.027 0.112 0.082 0.005 0.017 0.065
11 G 0.155 0.033 0.037 0.033 0.015 0.027 0.039 0.181 0.107 0.032 0.045 0.042 0.015 0.022 0.024 0.064 0.052 0.006 0.026 0.044
12 P 0.056 0.063 0.031 0.036 0.009 0.036 0.052 0.039 0.016 0.026 0.039 0.155 0.013 0.014 0.279 0.048 0.037 0.004 0.015 0.032
13 P 0.142 0.039 0.029 0.042 0.014 0.033 0.089 0.052 0.017 0.031 0.045 0.07 0.014 0.017 0.198 0.061 0.041 0.004 0.016 0.045
14 V 0.07 0.022 0.017 0.018 0.019 0.017 0.023 0.025 0.008 0.165 0.131 0.026 0.032 0.036 0.017 0.033 0.05 0.006 0.021 0.266
15 F 0.034 0.019 0.017 0.017 0.011 0.011 0.019 0.025 0.017 0.064 0.115 0.019 0.025 0.385 0.011 0.025 0.025 0.017 0.089 0.055
16 R 0.112 0.115 0.086 0.037 0.014 0.03 0.039 0.048 0.019 0.096 0.079 0.06 0.021 0.026 0.021 0.055 0.043 0.005 0.018 0.078
17 R 0.045 0.134 0.038 0.031 0.008 0.039 0.049 0.034 0.119 0.029 0.049 0.109 0.016 0.05 0.02 0.042 0.032 0.012 0.11 0.033
18 G 0.062 0.042 0.116 0.05 0.01 0.077 0.052 0.268 0.022 0.022 0.034 0.054 0.013 0.016 0.02 0.057 0.038 0.005 0.015 0.028
19 I 0.047 0.018 0.015 0.018 0.016 0.013 0.018 0.021 0.009 0.268 0.169 0.024 0.037 0.044 0.015 0.025 0.04 0.006 0.021 0.177
20 L 0.051 0.023 0.015 0.016 0.017 0.016 0.021 0.022 0.009 0.127 0.314 0.025 0.044 0.049 0.015 0.026 0.037 0.007 0.022 0.143
21 G 0.158 0.032 0.039 0.037 0.017 0.026 0.039 0.186 0.015 0.034 0.047 0.044 0.015 0.02 0.026 0.115 0.08 0.005 0.016 0.05
22 F 0.043 0.021 0.016 0.016 0.014 0.013 0.02 0.024 0.013 0.097 0.188 0.022 0.033 0.231 0.013 0.026 0.032 0.012 0.057 0.11
23 K 0.049 0.154 0.036 0.033 0.009 0.043 0.055 0.037 0.02 0.033 0.058 0.188 0.017 0.091 0.022 0.045 0.035 0.008 0.031 0.036
24 E 0.055 0.055 0.041 0.078 0.008 0.106 0.25 0.036 0.026 0.023 0.039 0.079 0.015 0.016 0.025 0.055 0.038 0.006 0.017 0.032
25 A 0.221 0.029 0.024 0.026 0.048 0.023 0.035 0.061 0.022 0.043 0.061 0.039 0.017 0.048 0.025 0.068 0.043 0.011 0.095 0.062
26 P 0.056 0.025 0.023 0.03 0.04 0.02 0.034 0.035 0.012 0.027 0.037 0.039 0.011 0.013 0.471 0.043 0.036 0.003 0.013 0.032
27 Y 0.046 0.024 0.019 0.018 0.012 0.017 0.024 0.025 0.029 0.078 0.094 0.026 0.023 0.172 0.014 0.03 0.032 0.019 0.191 0.106
28 F 0.033 0.019 0.017 0.017 0.01 0.01 0.019 0.025 0.017 0.062 0.113 0.019 0.025 0.396 0.01 0.025 0.025 0.017 0.087 0.054
29 F 0.044 0.025 0.025 0.026 0.012 0.018 0.042 0.03 0.016 0.057 0.096 0.029 0.023 0.279 0.016 0.043 0.084 0.013 0.066 0.057
30 L 0.089 0.022 0.017 0.018 0.136 0.017 0.023 0.032 0.012 0.098 0.164 0.027 0.029 0.04 0.017 0.039 0.04 0.007 0.037 0.136
31 G 0.187 0.028 0.05 0.034 0.016 0.023 0.034 0.269 0.015 0.031 0.043 0.04 0.013 0.019 0.024 0.068 0.04 0.005 0.014 0.046
32 Y 0.04 0.029 0.041 0.022 0.009 0.022 0.029 0.027 0.045 0.042 0.065 0.032 0.018 0.122 0.016 0.033 0.029 0.026 0.308 0.045
33 A 0.126 0.032 0.035 0.033 0.019 0.025 0.038 0.051 0.014 0.074 0.074 0.042 0.021 0.025 0.025 0.111 0.112 0.005 0.018 0.117
34 L 0.045 0.021 0.014 0.016 0.016 0.015 0.019 0.021 0.009 0.191 0.281 0.024 0.043 0.049 0.014 0.024 0.036 0.006 0.021 0.132
35 W 0.03 0.022 0.015 0.015 0.008 0.015 0.022 0.03 0.015 0.03 0.052 0.022 0.015 0.06 0.008 0.022 0.022 0.497 0.068 0.03
36 L 0.044 0.024 0.014 0.015 0.016 0.016 0.02 0.021 0.01 0.114 0.382 0.025 0.049 0.054 0.014 0.024 0.033 0.007 0.022 0.095
37 V 0.076 0.029 0.033 0.031 0.018 0.023 0.034 0.04 0.013 0.121 0.096 0.038 0.025 0.03 0.022 0.099 0.11 0.006 0.019 0.138
38 V 0.069 0.022 0.016 0.018 0.019 0.016 0.023 0.024 0.008 0.163 0.129 0.026 0.031 0.035 0.016 0.033 0.049 0.005 0.02 0.276
39 A 0.297 0.031 0.025 0.029 0.021 0.025 0.04 0.078 0.015 0.043 0.059 0.044 0.017 0.021 0.029 0.084 0.049 0.005 0.017 0.068
40 L 0.059 0.025 0.022 0.022 0.017 0.019 0.025 0.028 0.01 0.144 0.187 0.03 0.034 0.039 0.018 0.045 0.097 0.006 0.02 0.153
41 L 0.044 0.024 0.014 0.015 0.016 0.016 0.02 0.021 0.01 0.114 0.382 0.025 0.049 0.054 0.014 0.024 0.033 0.007 0.022 0.095
42 N 0.046 0.061 0.248 0.071 0.009 0.039 0.055 0.059 0.028 0.024 0.034 0.115 0.012 0.017 0.022 0.065 0.046 0.005 0.016 0.028
43 T 0.065 0.032 0.035 0.031 0.017 0.024 0.034 0.037 0.013 0.069 0.149 0.04 0.027 0.032 0.024 0.074 0.195 0.006 0.019 0.077
44 S 0.092 0.038 0.049 0.043 0.017 0.03 0.046 0.055 0.017 0.04 0.052 0.05 0.017 0.022 0.028 0.164 0.162 0.005 0.017 0.055
45 N 0.073 0.035 0.114 0.047 0.016 0.027 0.041 0.05 0.018 0.068 0.067 0.044 0.019 0.024 0.023 0.106 0.099 0.005 0.018 0.106
46 L 0.04 0.022 0.017 0.017 0.013 0.014 0.02 0.024 0.014 0.084 0.229 0.023 0.035 0.223 0.013 0.029 0.043 0.012 0.054 0.073
47 G 0.087 0.029 0.038 0.035 0.016 0.024 0.036 0.165 0.014 0.076 0.067 0.04 0.019 0.025 0.022 0.124 0.057 0.005 0.017 0.105
48 D 0.116 0.03 0.042 0.126 0.016 0.025 0.05 0.081 0.015 0.063 0.062 0.041 0.018 0.023 0.024 0.098 0.052 0.005 0.016 0.1
49 Y 0.065 0.03 0.03 0.027 0.014 0.023 0.033 0.035 0.047 0.083 0.08 0.036 0.022 0.067 0.019 0.082 0.047 0.014 0.137 0.11
50 F 0.036 0.02 0.016 0.016 0.012 0.012 0.019 0.024 0.015 0.075 0.181 0.02 0.031 0.31 0.011 0.025 0.027 0.014 0.071 0.064
51 G 0.074 0.023 0.037 0.032 0.01 0.018 0.025 0.487 0.013 0.019 0.029 0.033 0.01 0.019 0.018 0.049 0.029 0.036 0.014 0.024
52 H 0.043 0.044 0.052 0.038 0.008 0.037 0.052 0.038 0.343 0.024 0.039 0.045 0.015 0.03 0.019 0.045 0.041 0.007 0.054 0.026
53 N 0.057 0.033 0.177 0.054 0.041 0.025 0.036 0.168 0.021 0.049 0.051 0.041 0.015 0.021 0.019 0.056 0.043 0.005 0.015 0.075
54 N 0.043 0.048 0.309 0.079 0.009 0.034 0.05 0.063 0.03 0.022 0.032 0.068 0.011 0.018 0.02 0.068 0.048 0.004 0.016 0.027
55 L 0.042 0.02 0.015 0.017 0.014 0.014 0.019 0.022 0.013 0.17 0.201 0.023 0.035 0.14 0.013 0.025 0.033 0.01 0.057 0.116
56 L 0.043 0.023 0.016 0.017 0.015 0.015 0.021 0.023 0.012 0.097 0.297 0.025 0.041 0.138 0.014 0.028 0.045 0.009 0.038 0.083
57 Y 0.042 0.027 0.021 0.018 0.01 0.021 0.027 0.025 0.044 0.05 0.071 0.03 0.019 0.123 0.015 0.031 0.029 0.026 0.309 0.061
58 Y 0.155 0.028 0.023 0.023 0.045 0.023 0.032 0.048 0.03 0.043 0.063 0.036 0.018 0.075 0.021 0.055 0.038 0.016 0.172 0.056
59 L 0.048 0.021 0.016 0.017 0.015 0.014 0.02 0.023 0.013 0.14 0.192 0.024 0.034 0.137 0.014 0.027 0.036 0.01 0.057 0.143
60 S 0.098 0.035 0.044 0.04 0.047 0.028 0.044 0.056 0.016 0.055 0.059 0.046 0.018 0.023 0.026 0.182 0.072 0.005 0.017 0.087
61 V 0.057 0.022 0.018 0.021 0.015 0.016 0.025 0.027 0.011 0.103 0.101 0.028 0.024 0.12 0.136 0.033 0.04 0.008 0.035 0.161
62 L 0.05 0.023 0.018 0.018 0.015 0.016 0.022 0.025 0.012 0.105 0.247 0.025 0.037 0.134 0.014 0.039 0.037 0.009 0.038 0.116
63 L 0.041 0.023 0.015 0.015 0.015 0.015 0.02 0.022 0.012 0.101 0.317 0.023 0.043 0.139 0.013 0.024 0.031 0.009 0.038 0.085
64 F 0.033 0.019 0.017 0.017 0.01 0.01 0.019 0.025 0.017 0.062 0.113 0.019 0.025 0.396 0.01 0.025 0.025 0.017 0.087 0.054
65 L 0.042 0.021 0.015 0.016 0.015 0.014 0.019 0.022 0.011 0.143 0.262 0.023 0.04 0.137 0.013 0.024 0.033 0.009 0.038 0.104
66 L 0.042 0.021 0.015 0.016 0.015 0.014 0.019 0.022 0.011 0.143 0.262 0.023 0.04 0.137 0.013 0.024 0.033 0.009 0.038 0.104
67 H 0.062 0.051 0.05 0.042 0.01 0.084 0.065 0.045 0.194 0.025 0.041 0.058 0.016 0.024 0.023 0.092 0.043 0.006 0.038 0.03
68 E 0.054 0.049 0.04 0.089 0.007 0.064 0.307 0.034 0.025 0.022 0.036 0.074 0.013 0.016 0.025 0.054 0.036 0.005 0.016 0.031
69 I 0.107 0.021 0.018 0.02 0.016 0.015 0.023 0.036 0.012 0.167 0.125 0.027 0.029 0.126 0.017 0.04 0.038 0.008 0.036 0.118
70 I 0.049 0.019 0.015 0.017 0.015 0.013 0.019 0.022 0.011 0.197 0.143 0.023 0.032 0.13 0.014 0.027 0.038 0.008 0.037 0.171
71 F 0.053 0.027 0.03 0.027 0.014 0.019 0.029 0.034 0.015 0.057 0.088 0.032 0.022 0.21 0.019 0.058 0.141 0.011 0.053 0.062
72 I 0.056 0.019 0.015 0.017 0.017 0.014 0.02 0.022 0.008 0.229 0.149 0.024 0.034 0.04 0.015 0.028 0.043 0.006 0.02 0.22
73 R 0.047 0.199 0.111 0.047 0.008 0.046 0.057 0.044 0.024 0.024 0.041 0.155 0.014 0.017 0.022 0.053 0.039 0.005 0.017 0.03
74 D 0.044 0.038 0.114 0.149 0.008 0.037 0.118 0.042 0.03 0.027 0.041 0.051 0.013 0.044 0.021 0.051 0.037 0.01 0.093 0.032
75 L 0.04 0.027 0.024 0.021 0.012 0.02 0.028 0.027 0.1 0.112 0.16 0.029 0.029 0.047 0.014 0.028 0.03 0.13 0.041 0.08
76 S 0.104 0.037 0.047 0.042 0.018 0.03 0.045 0.056 0.016 0.04 0.052 0.049 0.017 0.022 0.028 0.161 0.156 0.005 0.017 0.055
77 L 0.051 0.109 0.027 0.024 0.014 0.027 0.033 0.029 0.014 0.076 0.22 0.053 0.033 0.037 0.019 0.046 0.089 0.006 0.02 0.073
78 G 0.052 0.027 0.098 0.037 0.013 0.02 0.028 0.156 0.016 0.109 0.152 0.034 0.026 0.033 0.017 0.042 0.038 0.006 0.017 0.08
79 D 0.047 0.039 0.054 0.248 0.007 0.047 0.198 0.04 0.022 0.022 0.032 0.059 0.011 0.016 0.024 0.053 0.036 0.005 0.014 0.027
80 L 0.057 0.022 0.015 0.016 0.017 0.016 0.021 0.023 0.009 0.148 0.243 0.025 0.039 0.044 0.015 0.028 0.041 0.006 0.021 0.192
81 L 0.051 0.022 0.015 0.016 0.017 0.015 0.02 0.022 0.009 0.168 0.266 0.025 0.041 0.047 0.015 0.026 0.038 0.006 0.021 0.161
82 F 0.045 0.021 0.016 0.016 0.014 0.013 0.02 0.024 0.013 0.1 0.185 0.022 0.033 0.22 0.013 0.027 0.033 0.011 0.054 0.121
83 A 0.236 0.029 0.022 0.026 0.02 0.023 0.035 0.063 0.013 0.06 0.14 0.039 0.025 0.029 0.025 0.069 0.045 0.006 0.018 0.075
84 L 0.112 0.024 0.018 0.02 0.017 0.017 0.025 0.037 0.012 0.095 0.171 0.028 0.031 0.127 0.017 0.041 0.039 0.009 0.037 0.124
85 V 0.121 0.022 0.018 0.02 0.137 0.017 0.024 0.039 0.01 0.125 0.102 0.028 0.025 0.029 0.019 0.046 0.044 0.005 0.017 0.151
86 L 0.044 0.024 0.014 0.015 0.016 0.016 0.02 0.021 0.01 0.114 0.385 0.025 0.049 0.054 0.014 0.024 0.033 0.007 0.022 0.095
87 L 0.05 0.019 0.015 0.016 0.135 0.014 0.018 0.023 0.009 0.18 0.195 0.023 0.034 0.04 0.015 0.028 0.037 0.006 0.019 0.125
88 F 0.037 0.018 0.016 0.017 0.012 0.011 0.018 0.024 0.015 0.117 0.126 0.02 0.028 0.308 0.011 0.025 0.029 0.014 0.071 0.084
89 F 0.036 0.02 0.016 0.016 0.012 0.012 0.019 0.024 0.015 0.075 0.181 0.02 0.031 0.31 0.011 0.025 0.027 0.014 0.071 0.064
90 N 0.042 0.044 0.327 0.082 0.009 0.033 0.049 0.064 0.031 0.022 0.031 0.053 0.011 0.018 0.02 0.069 0.049 0.004 0.015 0.027
91 L 0.045 0.021 0.014 0.016 0.016 0.015 0.019 0.021 0.009 0.198 0.275 0.024 0.043 0.049 0.014 0.024 0.036 0.006 0.021 0.134
92 Q 0.055 0.072 0.043 0.046 0.009 0.226 0.101 0.041 0.029 0.026 0.046 0.09 0.02 0.014 0.023 0.055 0.041 0.006 0.02 0.035
93 T 0.072 0.035 0.043 0.037 0.018 0.027 0.039 0.043 0.014 0.053 0.064 0.045 0.019 0.023 0.027 0.091 0.258 0.006 0.018 0.07
94 Y 0.038 0.025 0.02 0.018 0.009 0.019 0.025 0.025 0.039 0.048 0.079 0.028 0.02 0.196 0.014 0.029 0.027 0.025 0.268 0.048
95 L 0.041 0.023 0.015 0.015 0.015 0.015 0.02 0.022 0.012 0.101 0.317 0.023 0.043 0.139 0.013 0.024 0.031 0.009 0.038 0.085
96 F 0.036 0.02 0.016 0.016 0.011 0.013 0.019 0.025 0.014 0.112 0.128 0.021 0.027 0.202 0.011 0.024 0.028 0.134 0.062 0.081
97 G 0.077 0.023 0.039 0.033 0.011 0.019 0.025 0.517 0.013 0.019 0.028 0.033 0.009 0.016 0.019 0.051 0.029 0.005 0.011 0.024
98 H 0.042 0.045 0.121 0.049 0.008 0.037 0.052 0.044 0.281 0.022 0.036 0.047 0.014 0.027 0.019 0.048 0.032 0.007 0.046 0.024
99 E 0.048 0.043 0.119 0.166 0.008 0.047 0.188 0.045 0.025 0.022 0.033 0.062 0.011 0.016 0.023 0.057 0.039 0.005 0.015 0.028
100 D 0.044 0.034 0.061 0.327 0.007 0.038 0.144 0.043 0.02 0.022 0.03 0.052 0.01 0.015 0.023 0.052 0.035 0.004 0.012 0.026
101 L 0.044 0.024 0.014 0.015 0.016 0.016 0.02 0.021 0.01 0.114 0.385 0.025 0.049 0.054 0.014 0.024 0.033 0.007 0.022 0.095
102 L 0.043 0.021 0.015 0.016 0.015 0.014 0.019 0.022 0.011 0.146 0.279 0.023 0.041 0.115 0.013 0.024 0.033 0.009 0.034 0.107
103 A 0.301 0.031 0.025 0.029 0.021 0.025 0.04 0.077 0.015 0.043 0.059 0.044 0.017 0.021 0.029 0.084 0.049 0.005 0.017 0.068
104 F 0.033 0.019 0.017 0.017 0.01 0.01 0.019 0.025 0.017 0.062 0.113 0.019 0.025 0.396 0.01 0.025 0.025 0.017 0.087 0.054
105 S 0.108 0.04 0.053 0.048 0.017 0.033 0.052 0.065 0.019 0.029 0.041 0.053 0.015 0.021 0.029 0.231 0.081 0.005 0.017 0.041
106 I 0.048 0.021 0.016 0.018 0.016 0.017 0.02 0.022 0.01 0.236 0.173 0.026 0.07 0.045 0.015 0.027 0.039 0.006 0.021 0.153
107 L 0.044 0.024 0.014 0.015 0.016 0.016 0.02 0.021 0.01 0.114 0.385 0.025 0.049 0.054 0.014 0.024 0.033 0.007 0.022 0.095
108 L 0.044 0.024 0.014 0.015 0.016 0.016 0.02 0.021 0.01 0.114 0.385 0.025 0.049 0.054 0.014 0.024 0.033 0.007 0.022 0.095
109 F 0.035 0.021 0.018 0.017 0.01 0.013 0.021 0.025 0.024 0.058 0.101 0.022 0.023 0.329 0.012 0.026 0.026 0.019 0.148 0.052
110 C 0.064 0.016 0.016 0.016 0.491 0.012 0.016 0.032 0.008 0.044 0.064 0.02 0.016 0.02 0.016 0.04 0.036 0.004 0.012 0.056
111 G 0.077 0.023 0.039 0.033 0.011 0.019 0.025 0.517 0.013 0.019 0.028 0.033 0.009 0.016 0.019 0.051 0.029 0.005 0.011 0.024
112 R 0.044 0.355 0.038 0.031 0.008 0.048 0.052 0.032 0.023 0.023 0.046 0.118 0.015 0.017 0.019 0.044 0.034 0.006 0.017 0.031
113 R 0.05 0.23 0.04 0.036 0.008 0.05 0.061 0.037 0.022 0.025 0.044 0.204 0.015 0.016 0.023 0.048 0.037 0.005 0.017 0.031
114 I 0.056 0.019 0.015 0.017 0.017 0.014 0.02 0.022 0.008 0.229 0.149 0.024 0.034 0.04 0.015 0.028 0.043 0.006 0.02 0.22
115 L 0.124 0.035 0.036 0.033 0.015 0.028 0.041 0.05 0.102 0.052 0.131 0.042 0.024 0.031 0.023 0.095 0.047 0.006 0.028 0.057
116 F 0.033 0.019 0.017 0.017 0.01 0.01 0.019 0.025 0.017 0.062 0.113 0.019 0.025 0.396 0.01 0.025 0.025 0.017 0.087 0.054
117 K 0.13 0.07 0.04 0.04 0.014 0.041 0.058 0.057 0.019 0.032 0.046 0.169 0.016 0.018 0.028 0.105 0.052 0.005 0.017 0.043
118 E 0.053 0.036 0.041 0.15 0.128 0.042 0.18 0.037 0.019 0.027 0.041 0.053 0.013 0.017 0.022 0.05 0.036 0.005 0.014 0.035
119 I 0.046 0.017 0.014 0.017 0.016 0.013 0.017 0.02 0.009 0.282 0.165 0.023 0.036 0.044 0.014 0.025 0.039 0.006 0.02 0.174
120 A 0.301 0.031 0.025 0.029 0.021 0.025 0.04 0.077 0.015 0.043 0.059 0.044 0.017 0.021 0.029 0.084 0.049 0.005 0.017 0.068
121 K 0.05 0.085 0.034 0.034 0.008 0.043 0.058 0.039 0.019 0.028 0.045 0.222 0.015 0.026 0.022 0.045 0.035 0.129 0.03 0.032
122 C 0.059 0.019 0.015 0.016 0.254 0.014 0.018 0.027 0.009 0.098 0.163 0.023 0.028 0.033 0.015 0.034 0.038 0.005 0.017 0.115
123 T 0.072 0.035 0.043 0.037 0.018 0.027 0.039 0.043 0.014 0.053 0.064 0.045 0.019 0.023 0.027 0.091 0.258 0.006 0.018 0.07
124 V 0.058 0.02 0.015 0.017 0.017 0.015 0.02 0.022 0.008 0.222 0.147 0.024 0.034 0.039 0.015 0.029 0.044 0.006 0.02 0.227
125 L 0.048 0.021 0.016 0.017 0.015 0.015 0.02 0.023 0.011 0.144 0.2 0.024 0.044 0.132 0.014 0.027 0.036 0.009 0.038 0.145
126 V 0.057 0.021 0.015 0.017 0.017 0.015 0.021 0.022 0.009 0.18 0.202 0.025 0.037 0.042 0.015 0.028 0.042 0.006 0.021 0.207
127 Q 0.055 0.072 0.043 0.046 0.009 0.226 0.101 0.041 0.029 0.026 0.046 0.09 0.02 0.014 0.023 0.055 0.041 0.006 0.02 0.035
128 T 0.081 0.036 0.045 0.04 0.017 0.029 0.042 0.048 0.015 0.047 0.058 0.047 0.018 0.023 0.028 0.126 0.213 0.006 0.017 0.063
129 V 0.057 0.019 0.016 0.017 0.135 0.014 0.02 0.026 0.01 0.115 0.111 0.022 0.026 0.122 0.015 0.032 0.039 0.008 0.035 0.161
130 V 0.062 0.023 0.021 0.021 0.018 0.017 0.024 0.027 0.009 0.179 0.128 0.029 0.031 0.036 0.018 0.041 0.085 0.006 0.02 0.207
131 S 0.083 0.034 0.041 0.037 0.017 0.027 0.04 0.049 0.015 0.056 0.133 0.044 0.025 0.03 0.025 0.145 0.113 0.006 0.018 0.062
132 I 0.049 0.019 0.015 0.017 0.015 0.013 0.019 0.022 0.011 0.197 0.143 0.023 0.032 0.13 0.014 0.027 0.038 0.008 0.037 0.171
133 L 0.042 0.021 0.015 0.016 0.015 0.014 0.019 0.022 0.011 0.143 0.262 0.023 0.04 0.137 0.013 0.024 0.033 0.009 0.038 0.104
134 I 0.049 0.019 0.015 0.017 0.015 0.013 0.019 0.022 0.011 0.197 0.143 0.023 0.032 0.13 0.014 0.027 0.038 0.008 0.037 0.171
135 I 0.068 0.024 0.025 0.025 0.017 0.019 0.027 0.033 0.011 0.189 0.125 0.031 0.03 0.036 0.019 0.078 0.052 0.006 0.02 0.167
136 V 0.074 0.028 0.032 0.03 0.017 0.022 0.033 0.038 0.012 0.131 0.1 0.037 0.026 0.031 0.022 0.095 0.107 0.006 0.019 0.141
137 L 0.075 0.031 0.034 0.032 0.016 0.024 0.036 0.043 0.015 0.068 0.196 0.039 0.031 0.059 0.021 0.128 0.056 0.007 0.024 0.065
138 S 0.108 0.04 0.053 0.048 0.017 0.033 0.052 0.065 0.019 0.029 0.041 0.053 0.015 0.021 0.029 0.231 0.081 0.005 0.017 0.041
139 L 0.055 0.108 0.03 0.027 0.012 0.026 0.034 0.064 0.017 0.056 0.145 0.053 0.026 0.122 0.018 0.07 0.04 0.009 0.036 0.054
140 L 0.05 0.019 0.015 0.016 0.135 0.014 0.018 0.023 0.009 0.18 0.195 0.023 0.034 0.04 0.015 0.028 0.037 0.006 0.019 0.125
141 G 0.077 0.023 0.039 0.033 0.011 0.019 0.025 0.517 0.013 0.019 0.028 0.033 0.009 0.016 0.019 0.051 0.029 0.005 0.011 0.024
142 L 0.041 0.023 0.015 0.015 0.015 0.015 0.02 0.022 0.012 0.101 0.317 0.023 0.043 0.139 0.013 0.024 0.031 0.009 0.038 0.085
143 I 0.052 0.018 0.015 0.017 0.017 0.014 0.019 0.021 0.009 0.252 0.156 0.024 0.035 0.041 0.015 0.027 0.042 0.006 0.02 0.2
144 P 0.052 0.026 0.034 0.124 0.009 0.023 0.049 0.038 0.014 0.025 0.034 0.042 0.01 0.013 0.381 0.045 0.035 0.003 0.012 0.029
145 S 0.092 0.041 0.122 0.057 0.015 0.033 0.051 0.065 0.022 0.027 0.039 0.053 0.014 0.02 0.027 0.191 0.073 0.005 0.017 0.038
146 T 0.066 0.031 0.03 0.028 0.017 0.025 0.032 0.034 0.013 0.092 0.113 0.038 0.061 0.032 0.022 0.063 0.151 0.006 0.02 0.128
147 T 0.08 0.033 0.039 0.035 0.018 0.026 0.038 0.044 0.014 0.074 0.074 0.042 0.021 0.026 0.025 0.112 0.161 0.006 0.018 0.115
148 N 0.107 0.041 0.252 0.069 0.012 0.031 0.046 0.067 0.027 0.027 0.038 0.051 0.013 0.019 0.022 0.072 0.049 0.005 0.016 0.037
149 I 0.06 0.02 0.021 0.021 0.015 0.015 0.021 0.146 0.01 0.186 0.122 0.026 0.028 0.035 0.016 0.033 0.039 0.006 0.018 0.163
150 R 0.044 0.355 0.038 0.031 0.008 0.048 0.052 0.032 0.023 0.023 0.046 0.118 0.015 0.017 0.019 0.044 0.034 0.006 0.017 0.031
151 A 0.174 0.029 0.035 0.124 0.015 0.025 0.051 0.059 0.015 0.033 0.045 0.043 0.013 0.017 0.145 0.066 0.042 0.004 0.015 0.048
152 D 0.041 0.037 0.197 0.244 0.008 0.031 0.069 0.055 0.025 0.022 0.029 0.049 0.01 0.016 0.021 0.06 0.042 0.004 0.013 0.025
153 G 0.077 0.023 0.039 0.033 0.011 0.019 0.025 0.517 0.013 0.019 0.028 0.033 0.009 0.016 0.019 0.051 0.029 0.005 0.011 0.024
154 V 0.07 0.028 0.03 0.027 0.018 0.022 0.031 0.034 0.011 0.107 0.096 0.035 0.025 0.029 0.022 0.062 0.153 0.006 0.019 0.175
155 I 0.067 0.022 0.02 0.022 0.017 0.017 0.023 0.028 0.01 0.224 0.14 0.029 0.032 0.038 0.018 0.041 0.081 0.006 0.02 0.148
156 R 0.044 0.355 0.038 0.031 0.008 0.048 0.052 0.032 0.023 0.023 0.046 0.118 0.015 0.017 0.019 0.044 0.034 0.006 0.017 0.031
157 Y 0.047 0.037 0.025 0.025 0.011 0.071 0.044 0.028 0.032 0.091 0.084 0.044 0.023 0.078 0.017 0.036 0.034 0.017 0.174 0.082
158 S 0.108 0.04 0.053 0.048 0.017 0.033 0.052 0.065 0.019 0.029 0.041 0.053 0.015 0.021 0.029 0.231 0.081 0.005 0.017 0.041
159 L 0.044 0.024 0.014 0.015 0.016 0.016 0.02 0.021 0.01 0.114 0.385 0.025 0.049 0.054 0.014 0.024 0.033 0.007 0.022 0.095
160 G 0.077 0.023 0.039 0.033 0.011 0.019 0.025 0.517 0.013 0.019 0.028 0.033 0.009 0.016 0.019 0.051 0.029 0.005 0.011 0.024
161 F 0.033 0.019 0.017 0.017 0.01 0.01 0.019 0.025 0.017 0.062 0.113 0.019 0.025 0.396 0.01 0.025 0.025 0.017 0.087 0.054
162 A 0.204 0.035 0.039 0.039 0.019 0.029 0.046 0.071 0.017 0.036 0.05 0.049 0.016 0.021 0.029 0.158 0.065 0.005 0.017 0.055
163 Y 0.04 0.028 0.021 0.018 0.009 0.021 0.028 0.025 0.046 0.043 0.067 0.031 0.018 0.129 0.015 0.031 0.028 0.028 0.328 0.046
164 V 0.069 0.022 0.016 0.018 0.019 0.016 0.023 0.024 0.008 0.162 0.128 0.026 0.031 0.035 0.016 0.032 0.049 0.005 0.02 0.28
165 T 0.072 0.035 0.043 0.037 0.018 0.027 0.039 0.043 0.014 0.053 0.064 0.045 0.019 0.023 0.027 0.091 0.258 0.006 0.018 0.07
166 Y 0.038 0.025 0.02 0.018 0.009 0.019 0.025 0.025 0.039 0.048 0.079 0.028 0.02 0.196 0.014 0.029 0.027 0.025 0.268 0.048
167 P 0.053 0.025 0.021 0.027 0.012 0.019 0.032 0.032 0.012 0.047 0.123 0.037 0.02 0.023 0.379 0.038 0.035 0.004 0.015 0.047
168 S 0.108 0.04 0.053 0.048 0.017 0.033 0.052 0.065 0.019 0.029 0.041 0.053 0.015 0.021 0.029 0.231 0.081 0.005 0.017 0.041
169 Y 0.04 0.028 0.021 0.018 0.009 0.021 0.028 0.025 0.046 0.043 0.067 0.031 0.018 0.129 0.015 0.031 0.028 0.028 0.328 0.046
170 V 0.057 0.021 0.015 0.017 0.017 0.015 0.021 0.022 0.009 0.18 0.202 0.025 0.037 0.042 0.015 0.028 0.042 0.006 0.021 0.207
171 F 0.036 0.02 0.016 0.016 0.012 0.012 0.019 0.024 0.015 0.075 0.181 0.02 0.031 0.31 0.011 0.025 0.027 0.014 0.071 0.064
172 L 0.044 0.024 0.014 0.015 0.016 0.016 0.02 0.021 0.01 0.114 0.385 0.025 0.049 0.054 0.014 0.024 0.033 0.007 0.022 0.095
173 N 0.042 0.044 0.327 0.082 0.009 0.033 0.049 0.064 0.031 0.022 0.031 0.053 0.011 0.018 0.02 0.069 0.049 0.004 0.015 0.027
174 I 0.052 0.018 0.015 0.017 0.017 0.014 0.019 0.021 0.009 0.252 0.156 0.024 0.035 0.041 0.015 0.027 0.042 0.006 0.02 0.2
175 V 0.063 0.021 0.016 0.018 0.018 0.015 0.022 0.023 0.008 0.192 0.138 0.025 0.032 0.037 0.016 0.03 0.046 0.006 0.02 0.253
176 L 0.044 0.024 0.014 0.015 0.016 0.016 0.02 0.021 0.01 0.114 0.385 0.025 0.049 0.054 0.014 0.024 0.033 0.007 0.022 0.095
177 L 0.044 0.024 0.014 0.015 0.016 0.016 0.02 0.021 0.01 0.114 0.385 0.025 0.049 0.054 0.014 0.024 0.033 0.007 0.022 0.095
178 W 0.03 0.022 0.015 0.015 0.007 0.015 0.022 0.03 0.015 0.03 0.052 0.022 0.015 0.06 0.007 0.022 0.022 0.5 0.067 0.03
179 L 0.049 0.021 0.015 0.016 0.017 0.015 0.02 0.021 0.009 0.175 0.268 0.025 0.042 0.047 0.015 0.026 0.038 0.006 0.021 0.154
180 Y 0.037 0.026 0.02 0.018 0.009 0.02 0.026 0.026 0.038 0.04 0.064 0.029 0.018 0.112 0.013 0.029 0.026 0.146 0.263 0.042
181 L 0.044 0.022 0.014 0.016 0.016 0.015 0.019 0.021 0.01 0.156 0.33 0.025 0.046 0.051 0.014 0.024 0.034 0.007 0.022 0.115
182 R 0.044 0.355 0.038 0.031 0.008 0.048 0.052 0.032 0.023 0.023 0.046 0.118 0.015 0.017 0.019 0.044 0.034 0.006 0.017 0.031
183 K 0.053 0.09 0.112 0.051 0.009 0.048 0.064 0.048 0.023 0.026 0.04 0.23 0.014 0.016 0.025 0.057 0.042 0.005 0.017 0.031
184 A 0.134 0.053 0.041 0.039 0.016 0.034 0.05 0.057 0.017 0.038 0.052 0.108 0.017 0.02 0.028 0.115 0.107 0.005 0.017 0.053
185 L 0.075 0.052 0.057 0.04 0.014 0.034 0.048 0.048 0.018 0.049 0.127 0.105 0.023 0.027 0.024 0.125 0.056 0.006 0.018 0.051
186 I 0.059 0.026 0.023 0.023 0.017 0.02 0.026 0.028 0.011 0.16 0.136 0.032 0.056 0.037 0.018 0.045 0.096 0.006 0.02 0.159
187 T 0.074 0.116 0.044 0.038 0.015 0.034 0.045 0.046 0.017 0.039 0.054 0.065 0.017 0.021 0.026 0.115 0.158 0.006 0.017 0.053
188 Y 0.04 0.023 0.019 0.018 0.011 0.017 0.023 0.024 0.029 0.108 0.103 0.026 0.025 0.174 0.014 0.028 0.03 0.019 0.191 0.08
189 I 0.06 0.025 0.026 0.025 0.015 0.02 0.029 0.033 0.021 0.159 0.11 0.033 0.027 0.059 0.018 0.078 0.047 0.011 0.096 0.109
190 E 0.054 0.049 0.04 0.089 0.007 0.064 0.307 0.034 0.025 0.022 0.036 0.074 0.013 0.016 0.025 0.054 0.036 0.005 0.016 0.031
191 L 0.043 0.025 0.016 0.016 0.014 0.017 0.022 0.022 0.019 0.096 0.305 0.026 0.041 0.073 0.014 0.026 0.032 0.012 0.098 0.083
192 G 0.075 0.027 0.031 0.028 0.016 0.021 0.03 0.157 0.013 0.081 0.146 0.034 0.026 0.031 0.02 0.085 0.048 0.006 0.018 0.11
193 L 0.115 0.023 0.017 0.02 0.018 0.018 0.025 0.036 0.01 0.15 0.184 0.029 0.033 0.038 0.018 0.041 0.042 0.006 0.02 0.154
194 L 0.039 0.021 0.015 0.016 0.013 0.013 0.019 0.023 0.013 0.088 0.249 0.022 0.037 0.225 0.012 0.024 0.029 0.012 0.055 0.074
195 G 0.123 0.028 0.03 0.029 0.016 0.022 0.031 0.165 0.013 0.057 0.134 0.037 0.024 0.029 0.022 0.062 0.092 0.006 0.017 0.064
196 I 0.049 0.019 0.015 0.017 0.015 0.013 0.019 0.022 0.011 0.197 0.143 0.023 0.032 0.13 0.014 0.027 0.038 0.008 0.037 0.171
197 L 0.051 0.024 0.016 0.016 0.135 0.018 0.021 0.025 0.011 0.093 0.257 0.026 0.072 0.044 0.015 0.031 0.035 0.006 0.02 0.084
198 D 0.041 0.038 0.214 0.224 0.008 0.032 0.067 0.056 0.026 0.022 0.03 0.049 0.01 0.016 0.021 0.061 0.043 0.004 0.014 0.025
199 S 0.089 0.034 0.041 0.038 0.018 0.027 0.041 0.049 0.015 0.068 0.069 0.044 0.02 0.025 0.025 0.147 0.117 0.005 0.018 0.108
200 A 0.192 0.028 0.023 0.024 0.018 0.023 0.034 0.054 0.021 0.065 0.074 0.037 0.02 0.051 0.023 0.061 0.044 0.011 0.095 0.102
201 L 0.051 0.025 0.016 0.017 0.016 0.019 0.022 0.023 0.011 0.13 0.275 0.028 0.076 0.048 0.015 0.028 0.038 0.007 0.022 0.133
202 L 0.039 0.021 0.015 0.016 0.013 0.013 0.019 0.023 0.013 0.088 0.249 0.022 0.037 0.225 0.012 0.024 0.029 0.012 0.055 0.074
203 F 0.047 0.021 0.017 0.018 0.014 0.015 0.022 0.024 0.02 0.137 0.118 0.025 0.028 0.151 0.014 0.028 0.035 0.014 0.114 0.138
204 V 0.056 0.022 0.017 0.018 0.016 0.017 0.023 0.023 0.018 0.162 0.122 0.026 0.029 0.061 0.016 0.03 0.041 0.011 0.097 0.195
205 T 0.072 0.035 0.043 0.037 0.018 0.027 0.039 0.043 0.014 0.053 0.064 0.045 0.019 0.023 0.027 0.091 0.258 0.006 0.018 0.07
206 D 0.041 0.037 0.197 0.244 0.008 0.031 0.069 0.055 0.025 0.022 0.029 0.049 0.01 0.016 0.021 0.06 0.042 0.004 0.013 0.025
207 A 0.301 0.031 0.025 0.029 0.021 0.025 0.04 0.077 0.015 0.043 0.059 0.044 0.017 0.021 0.029 0.084 0.049 0.005 0.017 0.068
208 R 0.044 0.355 0.038 0.031 0.008 0.048 0.052 0.032 0.023 0.023 0.046 0.118 0.015 0.017 0.019 0.044 0.034 0.006 0.017 0.031
209 N 0.042 0.044 0.327 0.082 0.009 0.033 0.049 0.064 0.031 0.022 0.031 0.053 0.011 0.018 0.02 0.069 0.049 0.004 0.015 0.027
210 G 0.133 0.025 0.035 0.032 0.013 0.02 0.029 0.407 0.014 0.025 0.036 0.036 0.011 0.017 0.021 0.059 0.034 0.005 0.012 0.035
211 C 0.064 0.016 0.016 0.016 0.491 0.012 0.016 0.032 0.008 0.044 0.064 0.02 0.016 0.02 0.016 0.04 0.036 0.004 0.012 0.056
212 G 0.13 0.023 0.03 0.028 0.133 0.019 0.027 0.286 0.012 0.031 0.045 0.033 0.013 0.018 0.021 0.056 0.036 0.005 0.013 0.043
213 L 0.044 0.024 0.014 0.015 0.016 0.016 0.02 0.021 0.01 0.114 0.385 0.025 0.049 0.054 0.014 0.024 0.033 0.007 0.022 0.095
214 I 0.046 0.017 0.014 0.017 0.016 0.013 0.017 0.02 0.009 0.282 0.165 0.023 0.036 0.044 0.014 0.025 0.039 0.006 0.02 0.174
215 Y 0.103 0.026 0.021 0.021 0.013 0.02 0.028 0.038 0.031 0.048 0.077 0.031 0.02 0.169 0.018 0.043 0.032 0.019 0.19 0.053
216 L 0.048 0.02 0.015 0.017 0.015 0.014 0.02 0.023 0.011 0.155 0.198 0.023 0.035 0.132 0.014 0.027 0.036 0.009 0.038 0.151
217 A 0.185 0.026 0.021 0.023 0.02 0.021 0.031 0.051 0.011 0.102 0.093 0.035 0.024 0.028 0.023 0.058 0.049 0.005 0.019 0.174
218 L 0.044 0.024 0.014 0.015 0.016 0.016 0.02 0.021 0.01 0.114 0.385 0.025 0.049 0.054 0.014 0.024 0.033 0.007 0.022 0.095
219 F 0.048 0.019 0.016 0.017 0.133 0.012 0.019 0.026 0.012 0.09 0.107 0.021 0.025 0.212 0.013 0.03 0.033 0.011 0.052 0.104
220 G 0.071 0.027 0.031 0.028 0.014 0.021 0.031 0.159 0.014 0.06 0.062 0.034 0.018 0.033 0.018 0.084 0.045 0.129 0.029 0.094
221 A 0.195 0.034 0.037 0.036 0.019 0.028 0.043 0.066 0.015 0.042 0.056 0.046 0.017 0.022 0.029 0.123 0.109 0.005 0.017 0.062
222 F 0.045 0.021 0.016 0.016 0.014 0.013 0.02 0.024 0.013 0.1 0.185 0.022 0.033 0.22 0.013 0.027 0.033 0.011 0.054 0.121
223 L 0.042 0.019 0.015 0.017 0.015 0.013 0.018 0.022 0.011 0.185 0.207 0.023 0.037 0.134 0.013 0.025 0.034 0.009 0.038 0.124
224 L 0.045 0.021 0.014 0.016 0.016 0.015 0.019 0.021 0.009 0.198 0.275 0.024 0.043 0.049 0.014 0.024 0.036 0.006 0.021 0.134
225 K 0.053 0.09 0.112 0.051 0.009 0.048 0.064 0.048 0.023 0.026 0.04 0.23 0.014 0.016 0.025 0.057 0.042 0.005 0.017 0.031
226 L 0.05 0.106 0.021 0.02 0.015 0.024 0.029 0.025 0.013 0.103 0.236 0.048 0.036 0.04 0.016 0.031 0.037 0.006 0.02 0.125
227 F 0.04 0.022 0.018 0.017 0.07 0.015 0.022 0.026 0.027 0.053 0.09 0.023 0.021 0.249 0.013 0.029 0.027 0.019 0.168 0.051
228 G 0.075 0.033 0.093 0.046 0.012 0.026 0.04 0.171 0.018 0.024 0.035 0.045 0.012 0.017 0.143 0.109 0.051 0.004 0.014 0.032
229 D 0.073 0.03 0.046 0.157 0.015 0.026 0.055 0.045 0.015 0.071 0.066 0.041 0.019 0.024 0.023 0.105 0.055 0.005 0.016 0.115
230 K 0.055 0.126 0.041 0.04 0.008 0.053 0.069 0.042 0.021 0.027 0.043 0.271 0.015 0.016 0.027 0.052 0.039 0.005 0.017 0.032
231 Y 0.039 0.024 0.018 0.017 0.011 0.017 0.023 0.024 0.03 0.066 0.158 0.026 0.028 0.177 0.014 0.028 0.028 0.02 0.191 0.06
232 N 0.052 0.035 0.178 0.055 0.013 0.027 0.039 0.048 0.021 0.087 0.071 0.044 0.019 0.025 0.02 0.064 0.099 0.005 0.017 0.081
233 F 0.038 0.027 0.025 0.021 0.011 0.019 0.027 0.027 0.102 0.065 0.162 0.027 0.028 0.219 0.013 0.029 0.027 0.012 0.063 0.056
234 P 0.056 0.045 0.027 0.033 0.01 0.028 0.044 0.037 0.015 0.026 0.037 0.103 0.011 0.013 0.383 0.046 0.037 0.003 0.014 0.031
235 R 0.05 0.133 0.033 0.044 0.01 0.045 0.112 0.033 0.02 0.046 0.127 0.127 0.023 0.026 0.021 0.044 0.036 0.006 0.018 0.047
236 L 0.049 0.022 0.019 0.019 0.013 0.016 0.021 0.116 0.011 0.12 0.164 0.025 0.029 0.044 0.013 0.029 0.032 0.13 0.031 0.097
237 V 0.058 0.02 0.015 0.017 0.017 0.015 0.02 0.022 0.008 0.222 0.147 0.024 0.034 0.039 0.015 0.029 0.044 0.006 0.02 0.227
238 K 0.049 0.066 0.041 0.126 0.01 0.038 0.062 0.038 0.017 0.048 0.124 0.162 0.022 0.025 0.023 0.045 0.037 0.005 0.017 0.046
239 K 0.047 0.146 0.034 0.032 0.009 0.041 0.052 0.036 0.02 0.035 0.061 0.179 0.018 0.111 0.021 0.044 0.034 0.008 0.035 0.037
240 L 0.04 0.02 0.015 0.016 0.014 0.013 0.019 0.023 0.013 0.133 0.211 0.022 0.035 0.201 0.013 0.025 0.031 0.011 0.05 0.097
241 F 0.037 0.018 0.016 0.017 0.012 0.011 0.018 0.024 0.015 0.117 0.126 0.02 0.028 0.308 0.011 0.025 0.029 0.014 0.071 0.084
242 V 0.056 0.046 0.029 0.032 0.013 0.12 0.061 0.031 0.019 0.124 0.097 0.057 0.027 0.027 0.019 0.042 0.042 0.006 0.02 0.131
243 Y 0.055 0.028 0.028 0.025 0.012 0.022 0.031 0.035 0.032 0.044 0.072 0.033 0.019 0.169 0.018 0.079 0.04 0.019 0.19 0.047
244 D 0.063 0.029 0.051 0.219 0.131 0.026 0.062 0.047 0.016 0.029 0.04 0.04 0.012 0.017 0.022 0.094 0.047 0.004 0.013 0.036
245 F 0.035 0.021 0.018 0.017 0.01 0.013 0.021 0.025 0.024 0.058 0.101 0.022 0.023 0.329 0.012 0.026 0.026 0.019 0.148 0.052
246 V 0.073 0.025 0.025 0.025 0.018 0.02 0.029 0.034 0.011 0.159 0.116 0.032 0.028 0.034 0.019 0.08 0.054 0.005 0.02 0.194
247 L 0.042 0.019 0.015 0.017 0.015 0.013 0.018 0.022 0.011 0.185 0.207 0.023 0.037 0.134 0.013 0.025 0.034 0.009 0.038 0.124
248 F 0.108 0.021 0.019 0.02 0.133 0.015 0.023 0.04 0.014 0.053 0.087 0.025 0.021 0.208 0.017 0.043 0.034 0.011 0.051 0.058
249 A 0.301 0.031 0.025 0.029 0.021 0.025 0.04 0.077 0.015 0.043 0.059 0.044 0.017 0.021 0.029 0.084 0.049 0.005 0.017 0.068
250 V 0.066 0.025 0.027 0.026 0.016 0.019 0.029 0.035 0.013 0.12 0.106 0.032 0.026 0.123 0.018 0.083 0.062 0.008 0.036 0.131
251 A 0.122 0.027 0.027 0.028 0.016 0.02 0.032 0.047 0.015 0.104 0.094 0.035 0.023 0.12 0.021 0.091 0.049 0.008 0.036 0.084
252 F 0.035 0.021 0.018 0.017 0.01 0.013 0.021 0.025 0.024 0.058 0.101 0.022 0.023 0.329 0.012 0.026 0.026 0.019 0.148 0.052
253 L 0.048 0.025 0.022 0.021 0.015 0.017 0.024 0.027 0.013 0.086 0.237 0.028 0.036 0.132 0.016 0.041 0.087 0.009 0.037 0.078
254 L 0.066 0.027 0.024 0.024 0.017 0.02 0.029 0.033 0.012 0.105 0.235 0.032 0.036 0.041 0.018 0.078 0.049 0.006 0.02 0.128
255 L 0.045 0.021 0.014 0.016 0.016 0.015 0.019 0.021 0.009 0.198 0.275 0.024 0.043 0.049 0.014 0.024 0.036 0.006 0.021 0.134
256 V 0.089 0.031 0.035 0.033 0.018 0.024 0.037 0.045 0.013 0.096 0.085 0.04 0.023 0.028 0.023 0.132 0.065 0.005 0.019 0.16
257 L 0.051 0.02 0.015 0.017 0.017 0.015 0.019 0.021 0.009 0.21 0.211 0.024 0.038 0.044 0.015 0.026 0.04 0.006 0.021 0.181
258 L 0.05 0.023 0.015 0.016 0.017 0.016 0.021 0.022 0.009 0.126 0.321 0.025 0.044 0.049 0.015 0.026 0.037 0.007 0.022 0.141
259 F 0.037 0.023 0.019 0.018 0.01 0.016 0.023 0.025 0.031 0.053 0.09 0.025 0.022 0.262 0.013 0.028 0.026 0.022 0.208 0.05
260 L 0.061 0.026 0.024 0.024 0.016 0.019 0.027 0.032 0.012 0.135 0.244 0.032 0.037 0.043 0.018 0.076 0.046 0.006 0.02 0.101
261 F 0.044 0.042 0.023 0.023 0.011 0.024 0.033 0.028 0.023 0.104 0.097 0.09 0.024 0.146 0.017 0.033 0.033 0.014 0.113 0.077
262 F 0.035 0.021 0.018 0.017 0.01 0.013 0.021 0.025 0.024 0.058 0.101 0.022 0.023 0.329 0.012 0.026 0.026 0.019 0.148 0.052
263 P 0.079 0.115 0.042 0.039 0.013 0.033 0.048 0.05 0.018 0.027 0.041 0.066 0.014 0.018 0.145 0.138 0.058 0.005 0.016 0.036
264 E 0.048 0.046 0.099 0.095 0.008 0.049 0.181 0.042 0.111 0.022 0.035 0.061 0.013 0.02 0.023 0.054 0.036 0.006 0.026 0.028
265 N 0.065 0.036 0.223 0.061 0.012 0.028 0.04 0.054 0.024 0.089 0.067 0.045 0.018 0.025 0.019 0.059 0.046 0.005 0.017 0.067
266 S 0.093 0.034 0.044 0.04 0.017 0.028 0.043 0.054 0.016 0.092 0.072 0.046 0.021 0.026 0.026 0.18 0.07 0.005 0.018 0.074
267 V 0.074 0.022 0.016 0.018 0.016 0.016 0.024 0.029 0.01 0.122 0.105 0.026 0.026 0.04 0.015 0.033 0.042 0.129 0.032 0.204
268 L 0.048 0.028 0.017 0.017 0.016 0.022 0.024 0.024 0.013 0.106 0.289 0.03 0.111 0.051 0.015 0.03 0.036 0.007 0.023 0.093
269 L 0.05 0.055 0.028 0.03 0.012 0.077 0.052 0.031 0.017 0.112 0.16 0.107 0.03 0.032 0.02 0.039 0.038 0.006 0.02 0.084
270 F 0.045 0.11 0.027 0.038 0.01 0.034 0.099 0.028 0.018 0.097 0.09 0.059 0.022 0.118 0.017 0.037 0.034 0.008 0.035 0.072
271 I 0.047 0.02 0.015 0.018 0.016 0.016 0.019 0.022 0.01 0.247 0.171 0.026 0.062 0.044 0.015 0.027 0.039 0.006 0.021 0.159
272 D 0.041 0.037 0.197 0.244 0.008 0.031 0.069 0.055 0.025 0.022 0.029 0.049 0.01 0.016 0.021 0.06 0.042 0.004 0.013 0.025
273 K 0.117 0.087 0.037 0.038 0.012 0.046 0.062 0.051 0.019 0.031 0.047 0.228 0.016 0.017 0.028 0.06 0.042 0.005 0.017 0.041
274 F 0.04 0.018 0.016 0.017 0.013 0.012 0.018 0.023 0.013 0.172 0.139 0.021 0.031 0.22 0.012 0.025 0.032 0.011 0.054 0.114
275 F 0.033 0.019 0.017 0.017 0.01 0.01 0.019 0.025 0.017 0.062 0.113 0.019 0.025 0.396 0.01 0.025 0.025 0.017 0.087 0.054
276 S 0.108 0.04 0.053 0.048 0.017 0.033 0.052 0.065 0.019 0.029 0.041 0.053 0.015 0.021 0.029 0.231 0.081 0.005 0.017 0.041
277 S 0.078 0.053 0.054 0.136 0.013 0.037 0.066 0.055 0.019 0.027 0.038 0.11 0.014 0.018 0.027 0.142 0.059 0.005 0.016 0.035
278 R 0.044 0.355 0.038 0.031 0.008 0.048 0.052 0.032 0.023 0.023 0.046 0.118 0.015 0.017 0.019 0.044 0.034 0.006 0.017 0.031
279 L 0.044 0.024 0.014 0.015 0.016 0.016 0.02 0.021 0.01 0.114 0.385 0.025 0.049 0.054 0.014 0.024 0.033 0.007 0.022 0.095
280 D 0.053 0.117 0.047 0.141 0.01 0.042 0.122 0.039 0.02 0.03 0.043 0.07 0.014 0.018 0.023 0.06 0.091 0.005 0.016 0.039
281 Y 0.04 0.028 0.021 0.018 0.009 0.021 0.028 0.025 0.046 0.043 0.067 0.031 0.018 0.129 0.015 0.031 0.028 0.028 0.328 0.046
282 T 0.09 0.037 0.048 0.043 0.017 0.03 0.045 0.054 0.016 0.041 0.053 0.049 0.017 0.022 0.028 0.161 0.169 0.005 0.017 0.056
283 S 0.108 0.04 0.053 0.048 0.017 0.033 0.052 0.065 0.019 0.029 0.041 0.053 0.015 0.021 0.029 0.231 0.081 0.005 0.017 0.041
284 Y 0.103 0.026 0.021 0.021 0.013 0.02 0.028 0.038 0.031 0.048 0.077 0.031 0.02 0.169 0.018 0.043 0.032 0.019 0.19 0.053
285 A 0.301 0.031 0.025 0.029 0.021 0.025 0.04 0.077 0.015 0.043 0.059 0.044 0.017 0.021 0.029 0.084 0.049 0.005 0.017 0.068
286 L 0.042 0.021 0.015 0.016 0.015 0.014 0.019 0.022 0.011 0.143 0.262 0.023 0.04 0.137 0.013 0.024 0.033 0.009 0.038 0.104
287 E 0.068 0.067 0.044 0.056 0.01 0.094 0.132 0.046 0.023 0.026 0.042 0.127 0.016 0.017 0.026 0.098 0.049 0.005 0.018 0.035
288 H 0.045 0.046 0.118 0.062 0.008 0.043 0.115 0.043 0.196 0.022 0.036 0.054 0.013 0.024 0.021 0.051 0.034 0.006 0.036 0.026
289 F 0.035 0.021 0.018 0.017 0.01 0.013 0.021 0.025 0.024 0.058 0.101 0.022 0.023 0.329 0.012 0.026 0.026 0.019 0.148 0.052
290 G 0.077 0.023 0.039 0.033 0.011 0.019 0.025 0.517 0.013 0.019 0.028 0.033 0.009 0.016 0.019 0.051 0.029 0.005 0.011 0.024
291 L 0.048 0.02 0.015 0.017 0.015 0.014 0.02 0.023 0.011 0.155 0.198 0.023 0.035 0.132 0.014 0.027 0.036 0.009 0.038 0.151
292 P 0.056 0.025 0.023 0.031 0.01 0.02 0.036 0.036 0.013 0.025 0.036 0.041 0.01 0.013 0.501 0.043 0.036 0.003 0.013 0.031
293 I 0.043 0.018 0.015 0.017 0.015 0.012 0.018 0.021 0.011 0.227 0.152 0.022 0.033 0.132 0.013 0.025 0.036 0.009 0.037 0.144
294 I 0.046 0.019 0.014 0.017 0.016 0.014 0.018 0.02 0.009 0.24 0.22 0.024 0.039 0.046 0.014 0.024 0.038 0.006 0.021 0.154
295 G 0.077 0.023 0.039 0.033 0.011 0.019 0.025 0.517 0.013 0.019 0.028 0.033 0.009 0.016 0.019 0.051 0.029 0.005 0.011 0.024
296 G 0.077 0.023 0.039 0.033 0.011 0.019 0.025 0.517 0.013 0.019 0.028 0.033 0.009 0.016 0.019 0.051 0.029 0.005 0.011 0.024
297 Y 0.056 0.031 0.032 0.028 0.013 0.024 0.033 0.034 0.03 0.048 0.066 0.038 0.019 0.076 0.021 0.061 0.143 0.017 0.173 0.058
298 R 0.062 0.136 0.046 0.039 0.01 0.043 0.056 0.044 0.107 0.025 0.042 0.126 0.015 0.021 0.024 0.092 0.045 0.006 0.027 0.032
299 K 0.049 0.068 0.041 0.107 0.008 0.041 0.078 0.038 0.027 0.03 0.046 0.165 0.015 0.044 0.023 0.047 0.035 0.01 0.094 0.034
300 N 0.049 0.039 0.249 0.066 0.011 0.029 0.042 0.054 0.025 0.057 0.055 0.046 0.016 0.022 0.019 0.06 0.049 0.005 0.017 0.09
301 L 0.044 0.024 0.014 0.015 0.016 0.016 0.02 0.021 0.01 0.114 0.385 0.025 0.049 0.054 0.014 0.024 0.033 0.007 0.022 0.095
302 V 0.127 0.024 0.018 0.02 0.02 0.018 0.027 0.038 0.01 0.132 0.111 0.03 0.028 0.032 0.02 0.045 0.049 0.005 0.02 0.227
303 D 0.061 0.041 0.122 0.156 0.01 0.04 0.124 0.052 0.023 0.024 0.034 0.056 0.012 0.017 0.024 0.101 0.05 0.005 0.015 0.031
304 N 0.062 0.059 0.118 0.052 0.011 0.039 0.056 0.052 0.109 0.025 0.038 0.11 0.014 0.021 0.024 0.099 0.049 0.006 0.027 0.031
305 G 0.077 0.023 0.039 0.033 0.011 0.019 0.025 0.517 0.013 0.019 0.028 0.033 0.009 0.016 0.019 0.051 0.029 0.005 0.011 0.024
306 L 0.044 0.024 0.014 0.015 0.016 0.016 0.02 0.021 0.01 0.114 0.385 0.025 0.049 0.054 0.014 0.024 0.033 0.007 0.022 0.095
307 T 0.063 0.03 0.031 0.027 0.016 0.023 0.032 0.034 0.02 0.078 0.081 0.036 0.022 0.053 0.022 0.061 0.148 0.011 0.096 0.116
308 L 0.045 0.021 0.014 0.016 0.016 0.015 0.019 0.021 0.009 0.198 0.275 0.024 0.043 0.049 0.014 0.024 0.036 0.006 0.021 0.134
309 D 0.04 0.029 0.068 0.406 0.007 0.029 0.09 0.046 0.018 0.022 0.028 0.044 0.009 0.015 0.022 0.051 0.035 0.004 0.011 0.024
310 S 0.108 0.04 0.053 0.048 0.017 0.033 0.052 0.065 0.019 0.029 0.041 0.053 0.015 0.021 0.029 0.231 0.081 0.005 0.017 0.041
311 S 0.108 0.04 0.053 0.048 0.017 0.033 0.052 0.065 0.019 0.029 0.041 0.053 0.015 0.021 0.029 0.231 0.081 0.005 0.017 0.041
312 Y 0.04 0.028 0.021 0.018 0.009 0.021 0.028 0.025 0.046 0.043 0.067 0.031 0.018 0.129 0.015 0.031 0.028 0.028 0.328 0.046
313 L 0.046 0.025 0.018 0.018 0.015 0.02 0.023 0.025 0.014 0.136 0.166 0.028 0.102 0.134 0.014 0.03 0.036 0.01 0.039 0.103
314 R 0.044 0.355 0.038 0.031 0.008 0.048 0.052 0.032 0.023 0.023 0.046 0.118 0.015 0.017 0.019 0.044 0.034 0.006 0.017 0.031
315 I 0.046 0.019 0.014 0.017 0.016 0.014 0.018 0.02 0.009 0.24 0.22 0.024 0.039 0.046 0.014 0.024 0.038 0.006 0.021 0.154
316 V 0.058 0.02 0.015 0.017 0.017 0.015 0.02 0.022 0.008 0.222 0.147 0.024 0.034 0.039 0.015 0.029 0.044 0.006 0.02 0.227
317 Y 0.04 0.028 0.021 0.018 0.009 0.021 0.028 0.025 0.046 0.043 0.067 0.031 0.018 0.129 0.015 0.031 0.028 0.028 0.328 0.046
318 D 0.04 0.029 0.068 0.406 0.007 0.029 0.09 0.046 0.018 0.022 0.028 0.044 0.009 0.015 0.022 0.051 0.035 0.004 0.011 0.024
319 H 0.041 0.041 0.045 0.033 0.008 0.034 0.046 0.034 0.285 0.028 0.045 0.042 0.016 0.055 0.018 0.039 0.027 0.013 0.124 0.028
