#Seq2Logo.py -f /work3/idamei/ssn-clusterings/2206011120/clusters/0015_42/sequences.afa -m 0.0001 -b 50 -o /work3/idamei/ssn-clusterings/2206011120/clusters/0015_42/sequences.logo -p 640x1000 -l 30
#Position Specific Frequency Matrix
A R N D C Q E G H I L K M F P S T W Y V
0 M 0.043 0.026 0.016 0.016 0.013 0.023 0.023 0.023 0.013 0.082 0.161 0.03 0.312 0.04 0.013 0.03 0.033 0.007 0.02 0.076
1 L 0.078 0.023 0.057 0.023 0.013 0.017 0.025 0.031 0.012 0.065 0.213 0.028 0.025 0.075 0.015 0.064 0.065 0.058 0.025 0.087
2 P 0.042 0.018 0.015 0.019 0.011 0.014 0.021 0.022 0.009 0.218 0.122 0.026 0.022 0.026 0.251 0.027 0.031 0.004 0.014 0.09
3 Y 0.033 0.023 0.018 0.015 0.008 0.018 0.023 0.02 0.038 0.036 0.056 0.026 0.015 0.107 0.013 0.026 0.023 0.023 0.441 0.038
4 L 0.036 0.018 0.016 0.055 0.012 0.013 0.02 0.019 0.009 0.213 0.27 0.021 0.032 0.076 0.012 0.022 0.029 0.006 0.021 0.099
5 I 0.041 0.018 0.05 0.02 0.012 0.013 0.018 0.069 0.01 0.224 0.137 0.022 0.025 0.109 0.012 0.026 0.031 0.006 0.025 0.131
6 T 0.064 0.025 0.028 0.026 0.108 0.019 0.028 0.035 0.011 0.057 0.094 0.032 0.019 0.022 0.019 0.127 0.158 0.004 0.014 0.109
7 F 0.03 0.015 0.014 0.014 0.056 0.009 0.015 0.021 0.013 0.051 0.09 0.016 0.02 0.457 0.009 0.022 0.022 0.013 0.068 0.045
8 L 0.102 0.021 0.05 0.02 0.06 0.016 0.021 0.03 0.011 0.12 0.222 0.025 0.051 0.071 0.014 0.033 0.032 0.006 0.021 0.076
9 I 0.141 0.021 0.019 0.02 0.015 0.016 0.024 0.034 0.01 0.201 0.126 0.027 0.024 0.029 0.017 0.066 0.067 0.005 0.016 0.122
10 S 0.082 0.031 0.041 0.037 0.014 0.025 0.04 0.05 0.015 0.028 0.041 0.041 0.014 0.057 0.023 0.309 0.09 0.005 0.019 0.037
11 C 0.051 0.018 0.017 0.017 0.295 0.013 0.018 0.027 0.008 0.081 0.167 0.022 0.022 0.026 0.015 0.06 0.062 0.004 0.013 0.063
12 Y 0.04 0.028 0.022 0.019 0.009 0.022 0.028 0.025 0.047 0.044 0.068 0.031 0.019 0.131 0.016 0.031 0.028 0.028 0.318 0.047
13 I 0.047 0.018 0.015 0.018 0.016 0.013 0.018 0.021 0.009 0.271 0.168 0.024 0.037 0.044 0.015 0.025 0.04 0.006 0.021 0.177
14 L 0.045 0.024 0.014 0.015 0.016 0.016 0.02 0.021 0.01 0.115 0.375 0.025 0.05 0.055 0.014 0.024 0.033 0.007 0.022 0.096
15 L 0.055 0.022 0.022 0.021 0.06 0.017 0.023 0.076 0.01 0.069 0.268 0.027 0.027 0.032 0.015 0.109 0.038 0.005 0.016 0.087
16 L 0.034 0.019 0.015 0.015 0.012 0.013 0.018 0.019 0.048 0.129 0.293 0.021 0.032 0.155 0.011 0.021 0.026 0.008 0.034 0.076
17 L 0.036 0.019 0.013 0.014 0.012 0.013 0.017 0.019 0.012 0.159 0.272 0.021 0.055 0.123 0.011 0.021 0.028 0.008 0.062 0.086
18 A 0.166 0.033 0.022 0.022 0.012 0.022 0.031 0.085 0.019 0.064 0.057 0.092 0.016 0.08 0.018 0.044 0.031 0.01 0.126 0.05
19 L 0.037 0.017 0.012 0.014 0.012 0.011 0.016 0.018 0.009 0.19 0.241 0.019 0.031 0.154 0.011 0.021 0.029 0.007 0.031 0.119
20 A 0.189 0.026 0.03 0.03 0.015 0.021 0.033 0.097 0.013 0.09 0.055 0.036 0.016 0.02 0.022 0.18 0.049 0.004 0.014 0.059
21 E 0.042 0.076 0.071 0.136 0.006 0.096 0.245 0.033 0.021 0.019 0.031 0.061 0.011 0.013 0.02 0.045 0.031 0.004 0.013 0.025
22 K 0.047 0.134 0.067 0.035 0.008 0.064 0.052 0.035 0.018 0.028 0.073 0.236 0.015 0.016 0.02 0.068 0.035 0.004 0.015 0.031
23 I 0.049 0.022 0.055 0.024 0.012 0.017 0.025 0.03 0.011 0.144 0.112 0.027 0.022 0.032 0.015 0.086 0.067 0.101 0.023 0.126
24 K 0.046 0.097 0.17 0.045 0.008 0.037 0.05 0.042 0.02 0.021 0.032 0.231 0.012 0.014 0.02 0.074 0.038 0.004 0.014 0.026
25 R 0.05 0.146 0.067 0.071 0.009 0.03 0.042 0.083 0.017 0.032 0.043 0.112 0.013 0.045 0.018 0.092 0.037 0.005 0.029 0.059
26 K 0.075 0.096 0.134 0.041 0.009 0.036 0.048 0.042 0.018 0.024 0.036 0.23 0.012 0.014 0.021 0.051 0.064 0.004 0.014 0.031
27 G 0.098 0.034 0.048 0.043 0.015 0.028 0.043 0.216 0.017 0.026 0.037 0.047 0.013 0.019 0.026 0.17 0.064 0.005 0.015 0.036
28 A 0.281 0.031 0.026 0.03 0.022 0.026 0.041 0.079 0.015 0.044 0.06 0.045 0.018 0.022 0.03 0.086 0.051 0.005 0.018 0.07
29 I 0.055 0.031 0.022 0.022 0.014 0.021 0.028 0.028 0.015 0.176 0.104 0.067 0.025 0.042 0.017 0.062 0.042 0.008 0.063 0.158
30 L 0.05 0.033 0.062 0.03 0.011 0.102 0.04 0.126 0.015 0.072 0.156 0.041 0.021 0.024 0.017 0.066 0.063 0.005 0.015 0.052
31 R 0.049 0.151 0.031 0.028 0.009 0.031 0.04 0.033 0.02 0.028 0.046 0.143 0.014 0.071 0.018 0.093 0.064 0.008 0.09 0.034
32 K 0.05 0.045 0.062 0.03 0.011 0.027 0.037 0.033 0.013 0.105 0.098 0.156 0.019 0.022 0.019 0.069 0.095 0.005 0.015 0.087
33 I 0.043 0.02 0.018 0.019 0.012 0.014 0.021 0.024 0.012 0.169 0.157 0.024 0.025 0.115 0.061 0.055 0.061 0.008 0.061 0.082
34 L 0.034 0.017 0.013 0.013 0.011 0.012 0.016 0.02 0.01 0.134 0.226 0.019 0.028 0.156 0.01 0.02 0.026 0.104 0.038 0.092
35 V 0.054 0.024 0.091 0.029 0.013 0.018 0.027 0.032 0.012 0.131 0.114 0.03 0.022 0.026 0.016 0.09 0.071 0.005 0.016 0.179
36 I 0.041 0.017 0.015 0.016 0.012 0.012 0.018 0.022 0.01 0.23 0.108 0.021 0.025 0.15 0.012 0.049 0.032 0.055 0.034 0.122
37 L 0.042 0.018 0.012 0.014 0.014 0.012 0.016 0.018 0.008 0.215 0.277 0.02 0.034 0.038 0.012 0.022 0.032 0.005 0.017 0.174
38 A 0.325 0.026 0.026 0.028 0.016 0.022 0.034 0.107 0.013 0.032 0.044 0.037 0.014 0.017 0.024 0.124 0.045 0.004 0.014 0.049
39 I 0.041 0.017 0.012 0.014 0.014 0.012 0.016 0.018 0.007 0.255 0.249 0.02 0.033 0.038 0.012 0.021 0.032 0.005 0.017 0.165
40 L 0.069 0.018 0.013 0.014 0.013 0.013 0.017 0.022 0.009 0.205 0.273 0.021 0.04 0.077 0.013 0.025 0.03 0.006 0.022 0.1
41 I 0.05 0.017 0.014 0.015 0.013 0.012 0.017 0.019 0.008 0.295 0.218 0.021 0.032 0.037 0.013 0.025 0.051 0.005 0.017 0.121
42 P 0.047 0.022 0.02 0.025 0.009 0.017 0.029 0.029 0.01 0.029 0.07 0.033 0.012 0.014 0.49 0.038 0.059 0.003 0.012 0.033
43 C 0.123 0.02 0.022 0.022 0.343 0.016 0.024 0.04 0.01 0.033 0.048 0.027 0.013 0.017 0.018 0.121 0.041 0.004 0.012 0.045
44 L 0.044 0.018 0.013 0.014 0.061 0.013 0.017 0.019 0.008 0.201 0.212 0.021 0.054 0.035 0.013 0.024 0.033 0.005 0.017 0.178
45 L 0.038 0.02 0.012 0.013 0.013 0.013 0.017 0.018 0.008 0.098 0.456 0.021 0.039 0.044 0.012 0.021 0.028 0.006 0.018 0.106
46 A 0.418 0.025 0.021 0.024 0.018 0.021 0.033 0.064 0.012 0.035 0.049 0.036 0.014 0.018 0.024 0.07 0.041 0.004 0.014 0.056
47 G 0.094 0.019 0.031 0.027 0.01 0.016 0.022 0.554 0.011 0.017 0.025 0.028 0.008 0.014 0.016 0.044 0.026 0.004 0.009 0.023
48 L 0.071 0.022 0.016 0.016 0.012 0.017 0.02 0.072 0.012 0.072 0.229 0.025 0.13 0.113 0.013 0.03 0.029 0.007 0.027 0.065
49 R 0.037 0.463 0.032 0.025 0.006 0.04 0.043 0.027 0.019 0.019 0.038 0.099 0.013 0.014 0.016 0.037 0.029 0.005 0.014 0.025
50 A 0.332 0.028 0.06 0.031 0.016 0.023 0.035 0.062 0.014 0.032 0.044 0.038 0.014 0.017 0.024 0.117 0.045 0.004 0.014 0.05
51 D 0.039 0.026 0.077 0.311 0.008 0.024 0.078 0.036 0.015 0.03 0.068 0.037 0.012 0.016 0.065 0.044 0.06 0.004 0.011 0.04
52 T 0.053 0.033 0.066 0.031 0.012 0.024 0.034 0.051 0.052 0.042 0.093 0.066 0.041 0.062 0.019 0.094 0.152 0.006 0.023 0.047
53 I 0.041 0.015 0.012 0.015 0.014 0.011 0.015 0.017 0.007 0.373 0.134 0.02 0.03 0.035 0.012 0.021 0.033 0.005 0.017 0.173
54 G 0.064 0.019 0.032 0.028 0.009 0.015 0.021 0.598 0.011 0.015 0.023 0.028 0.008 0.013 0.015 0.042 0.024 0.004 0.009 0.02
55 T 0.06 0.029 0.036 0.031 0.015 0.023 0.032 0.036 0.011 0.044 0.053 0.037 0.016 0.019 0.023 0.076 0.382 0.005 0.015 0.058
56 D 0.034 0.025 0.057 0.506 0.006 0.025 0.075 0.038 0.015 0.018 0.023 0.037 0.008 0.012 0.018 0.043 0.029 0.003 0.009 0.02
57 V 0.058 0.02 0.017 0.017 0.016 0.015 0.021 0.023 0.007 0.12 0.098 0.024 0.024 0.028 0.015 0.035 0.097 0.005 0.017 0.344
58 R 0.075 0.15 0.031 0.037 0.008 0.115 0.113 0.08 0.018 0.053 0.045 0.095 0.015 0.016 0.019 0.043 0.031 0.005 0.015 0.039
59 V 0.058 0.02 0.019 0.018 0.015 0.015 0.021 0.071 0.008 0.11 0.091 0.025 0.023 0.026 0.015 0.036 0.096 0.005 0.016 0.312
60 Y 0.033 0.023 0.018 0.015 0.008 0.018 0.023 0.02 0.038 0.036 0.056 0.026 0.015 0.107 0.013 0.026 0.023 0.023 0.441 0.038
61 V 0.082 0.019 0.014 0.015 0.015 0.014 0.02 0.023 0.008 0.117 0.197 0.022 0.029 0.032 0.014 0.029 0.037 0.005 0.017 0.292
62 E 0.048 0.083 0.066 0.044 0.009 0.091 0.144 0.034 0.019 0.034 0.052 0.116 0.047 0.017 0.019 0.069 0.036 0.005 0.015 0.053
63 P 0.046 0.024 0.021 0.027 0.008 0.045 0.034 0.03 0.012 0.021 0.03 0.037 0.009 0.011 0.538 0.037 0.03 0.002 0.011 0.026
64 L 0.041 0.021 0.015 0.016 0.013 0.016 0.019 0.02 0.009 0.157 0.282 0.024 0.104 0.039 0.013 0.027 0.06 0.006 0.018 0.1
65 F 0.033 0.021 0.017 0.016 0.009 0.041 0.023 0.021 0.02 0.103 0.086 0.024 0.021 0.272 0.011 0.024 0.024 0.014 0.161 0.058
66 N 0.036 0.033 0.241 0.174 0.007 0.03 0.111 0.043 0.021 0.025 0.064 0.043 0.012 0.016 0.017 0.048 0.035 0.004 0.013 0.027
67 A 0.228 0.021 0.017 0.019 0.015 0.016 0.025 0.042 0.011 0.087 0.142 0.028 0.022 0.105 0.018 0.046 0.035 0.006 0.025 0.094
68 A 0.418 0.025 0.021 0.024 0.018 0.021 0.033 0.064 0.012 0.035 0.049 0.036 0.014 0.018 0.024 0.07 0.041 0.004 0.014 0.056
69 K 0.048 0.051 0.1 0.037 0.056 0.058 0.046 0.037 0.055 0.031 0.074 0.163 0.015 0.018 0.019 0.072 0.064 0.004 0.017 0.035
70 S 0.065 0.055 0.038 0.044 0.01 0.114 0.116 0.088 0.019 0.022 0.034 0.075 0.013 0.015 0.021 0.176 0.046 0.004 0.014 0.03
71 S 0.114 0.031 0.041 0.037 0.03 0.026 0.04 0.053 0.015 0.027 0.038 0.042 0.013 0.017 0.024 0.304 0.09 0.004 0.014 0.039
72 N 0.055 0.033 0.172 0.044 0.011 0.026 0.039 0.044 0.094 0.034 0.04 0.04 0.013 0.019 0.019 0.13 0.101 0.005 0.02 0.062
73 S 0.085 0.033 0.077 0.042 0.014 0.027 0.043 0.054 0.017 0.024 0.034 0.044 0.013 0.017 0.024 0.335 0.065 0.004 0.014 0.033
74 F 0.031 0.018 0.014 0.014 0.009 0.012 0.018 0.02 0.019 0.064 0.14 0.019 0.022 0.324 0.01 0.022 0.023 0.015 0.156 0.051
75 F 0.081 0.023 0.061 0.067 0.011 0.018 0.03 0.13 0.014 0.045 0.091 0.029 0.017 0.139 0.016 0.09 0.035 0.007 0.028 0.068
76 E 0.05 0.037 0.041 0.173 0.008 0.067 0.245 0.036 0.019 0.02 0.03 0.054 0.011 0.014 0.021 0.097 0.036 0.004 0.013 0.026
77 Y 0.031 0.02 0.016 0.015 0.008 0.014 0.02 0.021 0.028 0.042 0.072 0.021 0.018 0.27 0.011 0.024 0.022 0.019 0.287 0.041
78 L 0.041 0.033 0.019 0.019 0.011 0.074 0.033 0.023 0.014 0.074 0.28 0.063 0.054 0.04 0.014 0.028 0.03 0.007 0.053 0.089
79 N 0.072 0.036 0.304 0.056 0.009 0.053 0.041 0.097 0.022 0.022 0.031 0.044 0.011 0.015 0.018 0.058 0.067 0.004 0.013 0.028
80 S 0.096 0.029 0.032 0.031 0.06 0.049 0.037 0.042 0.014 0.063 0.054 0.038 0.016 0.059 0.02 0.179 0.105 0.005 0.019 0.051
81 S 0.088 0.114 0.034 0.036 0.01 0.059 0.077 0.087 0.017 0.022 0.035 0.115 0.012 0.014 0.068 0.123 0.04 0.004 0.014 0.03
82 W 0.03 0.018 0.012 0.013 0.009 0.012 0.017 0.022 0.011 0.104 0.142 0.019 0.022 0.121 0.009 0.02 0.023 0.296 0.046 0.057
83 L 0.034 0.021 0.017 0.016 0.01 0.016 0.021 0.022 0.057 0.114 0.158 0.023 0.049 0.094 0.011 0.023 0.026 0.114 0.108 0.066
84 G 0.085 0.077 0.068 0.031 0.01 0.055 0.038 0.147 0.016 0.036 0.045 0.079 0.014 0.02 0.018 0.047 0.066 0.061 0.018 0.067
85 F 0.033 0.019 0.016 0.016 0.01 0.01 0.019 0.025 0.016 0.062 0.111 0.019 0.025 0.403 0.01 0.025 0.025 0.016 0.086 0.054
86 I 0.051 0.025 0.024 0.031 0.012 0.023 0.094 0.077 0.014 0.143 0.113 0.033 0.021 0.034 0.017 0.063 0.065 0.006 0.053 0.102
87 W 0.029 0.02 0.014 0.014 0.007 0.014 0.02 0.023 0.019 0.062 0.056 0.021 0.015 0.065 0.009 0.021 0.021 0.374 0.155 0.04
88 R 0.056 0.209 0.032 0.028 0.011 0.029 0.037 0.034 0.015 0.066 0.054 0.062 0.016 0.019 0.019 0.122 0.099 0.005 0.015 0.074
89 Y 0.072 0.06 0.056 0.024 0.011 0.02 0.027 0.03 0.02 0.07 0.095 0.035 0.018 0.083 0.063 0.041 0.088 0.01 0.126 0.052
90 L 0.074 0.1 0.024 0.061 0.011 0.023 0.032 0.076 0.012 0.111 0.117 0.071 0.068 0.026 0.016 0.035 0.032 0.005 0.015 0.091
91 Y 0.041 0.03 0.03 0.103 0.008 0.023 0.038 0.029 0.062 0.033 0.079 0.062 0.015 0.056 0.063 0.059 0.029 0.012 0.194 0.035
92 V 0.051 0.017 0.014 0.015 0.014 0.013 0.019 0.021 0.008 0.163 0.104 0.022 0.025 0.068 0.06 0.026 0.037 0.005 0.021 0.297
93 S 0.106 0.042 0.074 0.04 0.013 0.03 0.044 0.052 0.016 0.024 0.035 0.104 0.013 0.016 0.023 0.258 0.057 0.004 0.014 0.034
94 D 0.052 0.072 0.044 0.202 0.008 0.035 0.15 0.039 0.017 0.02 0.03 0.081 0.011 0.014 0.021 0.122 0.039 0.004 0.012 0.026
95 F 0.038 0.019 0.017 0.016 0.01 0.013 0.019 0.023 0.015 0.087 0.096 0.021 0.045 0.309 0.011 0.051 0.028 0.012 0.085 0.084
96 E 0.045 0.041 0.033 0.074 0.006 0.053 0.423 0.029 0.021 0.018 0.03 0.062 0.011 0.014 0.021 0.045 0.03 0.005 0.014 0.026
97 I 0.046 0.061 0.019 0.021 0.012 0.019 0.026 0.025 0.01 0.196 0.121 0.063 0.023 0.027 0.11 0.055 0.035 0.004 0.015 0.112
98 G 0.091 0.019 0.029 0.026 0.01 0.016 0.022 0.506 0.011 0.024 0.064 0.028 0.011 0.016 0.016 0.043 0.026 0.005 0.01 0.028
99 F 0.029 0.017 0.015 0.014 0.008 0.011 0.017 0.021 0.02 0.048 0.084 0.018 0.019 0.4 0.01 0.022 0.021 0.016 0.165 0.043
100 T 0.062 0.029 0.068 0.034 0.013 0.023 0.034 0.04 0.013 0.039 0.081 0.038 0.016 0.02 0.068 0.138 0.216 0.004 0.014 0.048
101 L 0.078 0.023 0.021 0.02 0.014 0.017 0.024 0.029 0.01 0.068 0.272 0.028 0.028 0.072 0.016 0.067 0.12 0.006 0.021 0.065
102 L 0.036 0.019 0.013 0.013 0.012 0.013 0.017 0.019 0.012 0.082 0.322 0.02 0.032 0.162 0.011 0.021 0.026 0.009 0.067 0.094
103 V 0.053 0.017 0.013 0.015 0.015 0.013 0.018 0.019 0.007 0.202 0.115 0.021 0.027 0.031 0.013 0.025 0.039 0.005 0.017 0.337
104 Y 0.032 0.022 0.016 0.015 0.008 0.017 0.022 0.021 0.031 0.039 0.09 0.024 0.017 0.092 0.012 0.024 0.023 0.115 0.341 0.039
105 I 0.04 0.016 0.013 0.014 0.013 0.011 0.016 0.018 0.008 0.248 0.184 0.019 0.03 0.113 0.012 0.022 0.031 0.006 0.026 0.16
106 I 0.053 0.02 0.021 0.021 0.061 0.016 0.022 0.026 0.009 0.206 0.096 0.026 0.023 0.028 0.016 0.065 0.124 0.005 0.016 0.148
107 T 0.156 0.031 0.032 0.031 0.015 0.05 0.038 0.046 0.013 0.043 0.051 0.041 0.016 0.019 0.022 0.139 0.161 0.005 0.015 0.078
108 K 0.048 0.142 0.068 0.036 0.008 0.04 0.053 0.037 0.018 0.022 0.035 0.296 0.012 0.014 0.021 0.07 0.035 0.004 0.014 0.027
109 L 0.049 0.02 0.018 0.018 0.013 0.015 0.021 0.024 0.009 0.163 0.228 0.024 0.029 0.073 0.014 0.078 0.037 0.006 0.022 0.139
110 F 0.043 0.021 0.026 0.061 0.01 0.015 0.026 0.122 0.012 0.045 0.099 0.025 0.018 0.219 0.014 0.04 0.113 0.008 0.038 0.045
111 G 0.053 0.064 0.037 0.108 0.008 0.023 0.037 0.363 0.051 0.017 0.026 0.068 0.009 0.014 0.017 0.041 0.026 0.004 0.013 0.021
112 N 0.092 0.033 0.205 0.048 0.012 0.026 0.039 0.052 0.019 0.032 0.038 0.042 0.013 0.017 0.02 0.182 0.052 0.004 0.014 0.062
113 L 0.04 0.019 0.014 0.015 0.013 0.013 0.017 0.019 0.009 0.167 0.3 0.021 0.033 0.077 0.013 0.025 0.059 0.006 0.022 0.118
114 W 0.074 0.031 0.094 0.032 0.009 0.075 0.038 0.084 0.019 0.026 0.042 0.038 0.013 0.068 0.063 0.066 0.033 0.103 0.061 0.031
115 L 0.118 0.022 0.02 0.02 0.069 0.017 0.023 0.088 0.011 0.093 0.122 0.027 0.047 0.072 0.017 0.043 0.066 0.006 0.022 0.098
116 L 0.05 0.025 0.09 0.028 0.013 0.018 0.026 0.03 0.012 0.078 0.205 0.03 0.025 0.029 0.016 0.066 0.095 0.005 0.016 0.143
117 L 0.039 0.035 0.018 0.019 0.012 0.048 0.03 0.022 0.011 0.075 0.348 0.091 0.057 0.036 0.014 0.027 0.029 0.006 0.018 0.066
118 F 0.034 0.019 0.018 0.017 0.01 0.012 0.019 0.023 0.013 0.053 0.093 0.02 0.044 0.38 0.011 0.031 0.082 0.012 0.059 0.05
119 I 0.042 0.016 0.016 0.016 0.012 0.012 0.016 0.115 0.01 0.202 0.134 0.02 0.025 0.148 0.012 0.025 0.029 0.007 0.03 0.115
120 I 0.043 0.02 0.018 0.018 0.014 0.014 0.019 0.022 0.009 0.236 0.204 0.024 0.029 0.034 0.015 0.034 0.119 0.005 0.017 0.107
121 Q 0.076 0.049 0.035 0.049 0.008 0.2 0.19 0.034 0.059 0.021 0.036 0.064 0.014 0.014 0.02 0.047 0.032 0.005 0.018 0.029
122 L 0.101 0.021 0.015 0.016 0.013 0.015 0.02 0.027 0.011 0.079 0.263 0.024 0.077 0.114 0.014 0.031 0.031 0.007 0.027 0.096
123 L 0.072 0.02 0.015 0.016 0.06 0.015 0.019 0.024 0.01 0.102 0.29 0.023 0.054 0.075 0.014 0.031 0.059 0.006 0.022 0.075
124 I 0.047 0.018 0.017 0.017 0.061 0.014 0.019 0.022 0.008 0.241 0.113 0.023 0.049 0.031 0.014 0.033 0.092 0.005 0.016 0.159
125 I 0.046 0.019 0.052 0.022 0.013 0.015 0.021 0.025 0.01 0.287 0.11 0.025 0.025 0.031 0.014 0.057 0.066 0.005 0.016 0.14
126 V 0.113 0.02 0.019 0.019 0.014 0.015 0.022 0.125 0.009 0.103 0.112 0.026 0.021 0.065 0.016 0.039 0.063 0.005 0.02 0.174
127 P 0.043 0.02 0.017 0.022 0.009 0.016 0.026 0.027 0.01 0.036 0.111 0.03 0.015 0.057 0.441 0.032 0.029 0.004 0.017 0.036
128 I 0.041 0.017 0.016 0.017 0.013 0.013 0.018 0.02 0.009 0.288 0.149 0.022 0.028 0.073 0.013 0.03 0.089 0.006 0.021 0.117
129 Y 0.034 0.022 0.016 0.015 0.009 0.017 0.021 0.02 0.031 0.076 0.135 0.024 0.021 0.091 0.013 0.024 0.024 0.019 0.335 0.054
130 L 0.036 0.03 0.016 0.017 0.01 0.018 0.024 0.022 0.013 0.109 0.215 0.085 0.026 0.119 0.013 0.025 0.027 0.056 0.065 0.075
131 G 0.152 0.021 0.03 0.027 0.012 0.017 0.025 0.418 0.011 0.023 0.032 0.031 0.01 0.015 0.018 0.052 0.058 0.004 0.011 0.032
132 L 0.039 0.018 0.012 0.013 0.013 0.012 0.016 0.017 0.008 0.226 0.31 0.02 0.035 0.04 0.012 0.021 0.031 0.005 0.018 0.133
133 K 0.047 0.087 0.029 0.027 0.009 0.031 0.041 0.033 0.017 0.03 0.076 0.193 0.015 0.03 0.018 0.088 0.034 0.103 0.057 0.033
134 K 0.045 0.162 0.032 0.029 0.008 0.036 0.046 0.032 0.059 0.024 0.039 0.206 0.013 0.03 0.019 0.065 0.032 0.008 0.088 0.028
135 F 0.035 0.056 0.019 0.056 0.01 0.017 0.025 0.023 0.017 0.084 0.116 0.029 0.045 0.161 0.012 0.026 0.027 0.058 0.104 0.082
136 K 0.057 0.107 0.042 0.042 0.009 0.054 0.071 0.043 0.021 0.028 0.043 0.278 0.016 0.016 0.028 0.054 0.04 0.005 0.017 0.033
137 K 0.057 0.107 0.042 0.042 0.009 0.054 0.071 0.043 0.021 0.028 0.043 0.278 0.016 0.016 0.028 0.054 0.04 0.005 0.017 0.033
138 N 0.043 0.045 0.317 0.083 0.009 0.034 0.049 0.065 0.032 0.022 0.032 0.054 0.011 0.018 0.02 0.07 0.049 0.004 0.016 0.027
139 R 0.042 0.182 0.104 0.114 0.007 0.032 0.047 0.13 0.018 0.019 0.031 0.119 0.01 0.014 0.017 0.043 0.031 0.004 0.012 0.023
140 K 0.049 0.065 0.085 0.093 0.008 0.038 0.057 0.106 0.069 0.022 0.034 0.193 0.012 0.016 0.022 0.049 0.034 0.005 0.019 0.026
141 T 0.073 0.036 0.043 0.038 0.018 0.028 0.039 0.043 0.014 0.053 0.065 0.045 0.02 0.024 0.028 0.093 0.246 0.006 0.018 0.071
142 K 0.046 0.073 0.049 0.082 0.007 0.089 0.096 0.036 0.019 0.022 0.035 0.276 0.013 0.013 0.022 0.045 0.033 0.004 0.014 0.027
143 F 0.04 0.028 0.022 0.024 0.009 0.021 0.057 0.072 0.02 0.071 0.074 0.059 0.041 0.162 0.014 0.033 0.056 0.012 0.136 0.05
144 P 0.049 0.027 0.12 0.077 0.009 0.022 0.038 0.039 0.015 0.023 0.031 0.038 0.01 0.013 0.302 0.081 0.066 0.003 0.012 0.028
145 L 0.108 0.019 0.014 0.016 0.015 0.014 0.02 0.026 0.008 0.175 0.2 0.023 0.029 0.033 0.014 0.031 0.035 0.005 0.017 0.199
146 W 0.065 0.019 0.016 0.016 0.056 0.014 0.02 0.044 0.011 0.059 0.053 0.022 0.014 0.04 0.01 0.03 0.053 0.375 0.041 0.042
147 L 0.037 0.02 0.014 0.014 0.013 0.014 0.018 0.02 0.01 0.091 0.358 0.022 0.05 0.118 0.012 0.025 0.056 0.007 0.027 0.073
148 G 0.124 0.021 0.03 0.027 0.058 0.017 0.024 0.416 0.011 0.021 0.031 0.03 0.01 0.015 0.018 0.072 0.031 0.004 0.01 0.029
149 M 0.042 0.026 0.016 0.016 0.013 0.022 0.022 0.023 0.013 0.083 0.189 0.029 0.289 0.04 0.013 0.029 0.032 0.006 0.02 0.076
150 L 0.074 0.021 0.016 0.017 0.06 0.016 0.021 0.027 0.011 0.07 0.257 0.024 0.076 0.112 0.014 0.055 0.032 0.007 0.026 0.064
151 V 0.054 0.018 0.016 0.017 0.015 0.014 0.02 0.022 0.008 0.189 0.14 0.023 0.027 0.031 0.014 0.053 0.04 0.005 0.017 0.279
152 F 0.029 0.017 0.015 0.014 0.009 0.01 0.017 0.021 0.018 0.049 0.087 0.017 0.02 0.432 0.009 0.022 0.021 0.015 0.134 0.044
153 Y 0.035 0.022 0.017 0.015 0.056 0.017 0.022 0.021 0.033 0.041 0.092 0.024 0.017 0.094 0.013 0.026 0.024 0.02 0.37 0.042
154 L 0.069 0.021 0.015 0.016 0.013 0.014 0.02 0.024 0.011 0.074 0.289 0.023 0.054 0.153 0.013 0.03 0.057 0.008 0.031 0.067
155 L 0.082 0.025 0.022 0.021 0.014 0.02 0.025 0.031 0.012 0.121 0.172 0.03 0.12 0.033 0.016 0.089 0.067 0.005 0.017 0.078
156 F 0.034 0.021 0.052 0.02 0.01 0.015 0.021 0.025 0.018 0.052 0.117 0.023 0.044 0.276 0.012 0.03 0.055 0.012 0.115 0.048
157 Y 0.031 0.02 0.016 0.015 0.008 0.014 0.02 0.021 0.028 0.042 0.072 0.021 0.018 0.27 0.011 0.024 0.022 0.019 0.287 0.041
158 N 0.035 0.037 0.44 0.068 0.007 0.028 0.04 0.053 0.026 0.018 0.026 0.044 0.009 0.015 0.017 0.057 0.04 0.004 0.013 0.022
159 S 0.063 0.03 0.03 0.033 0.012 0.051 0.069 0.036 0.014 0.049 0.085 0.04 0.017 0.02 0.114 0.146 0.074 0.004 0.015 0.098
160 S 0.078 0.03 0.04 0.036 0.014 0.025 0.038 0.093 0.014 0.03 0.04 0.041 0.014 0.018 0.023 0.239 0.169 0.004 0.014 0.041
161 L 0.037 0.02 0.012 0.013 0.013 0.014 0.017 0.018 0.009 0.094 0.461 0.021 0.063 0.044 0.012 0.021 0.028 0.006 0.018 0.079
162 N 0.035 0.037 0.44 0.068 0.007 0.028 0.04 0.053 0.026 0.018 0.026 0.044 0.009 0.015 0.017 0.057 0.04 0.004 0.013 0.022
163 L 0.043 0.025 0.017 0.017 0.013 0.021 0.022 0.023 0.012 0.082 0.234 0.028 0.219 0.039 0.014 0.031 0.061 0.006 0.019 0.075
164 M 0.043 0.023 0.015 0.016 0.013 0.019 0.021 0.021 0.011 0.167 0.151 0.026 0.218 0.038 0.013 0.027 0.033 0.006 0.019 0.12
165 R 0.037 0.463 0.032 0.025 0.006 0.04 0.043 0.027 0.019 0.019 0.038 0.099 0.013 0.014 0.016 0.037 0.029 0.005 0.014 0.025
166 Q 0.046 0.06 0.036 0.039 0.007 0.356 0.084 0.034 0.024 0.022 0.039 0.075 0.017 0.012 0.019 0.046 0.034 0.005 0.017 0.029
167 W 0.053 0.025 0.026 0.024 0.01 0.019 0.029 0.036 0.016 0.028 0.045 0.03 0.014 0.078 0.015 0.162 0.039 0.248 0.072 0.032
168 I 0.039 0.015 0.012 0.015 0.013 0.012 0.015 0.017 0.008 0.376 0.14 0.02 0.054 0.037 0.012 0.021 0.033 0.005 0.017 0.139
169 A 0.418 0.025 0.021 0.024 0.018 0.021 0.033 0.064 0.012 0.035 0.049 0.036 0.014 0.018 0.024 0.07 0.041 0.004 0.014 0.056
170 I 0.044 0.021 0.015 0.016 0.014 0.017 0.02 0.021 0.01 0.198 0.144 0.025 0.17 0.037 0.013 0.026 0.034 0.006 0.018 0.153
171 A 0.336 0.027 0.027 0.028 0.017 0.023 0.036 0.062 0.013 0.033 0.045 0.038 0.014 0.018 0.024 0.142 0.047 0.004 0.014 0.051
172 F 0.035 0.016 0.013 0.014 0.011 0.01 0.016 0.019 0.011 0.179 0.142 0.018 0.026 0.267 0.01 0.021 0.027 0.009 0.045 0.111
173 L 0.045 0.019 0.016 0.016 0.013 0.014 0.018 0.068 0.008 0.167 0.262 0.022 0.031 0.035 0.013 0.028 0.06 0.005 0.017 0.142
174 L 0.035 0.017 0.013 0.014 0.012 0.011 0.016 0.019 0.01 0.132 0.234 0.018 0.029 0.231 0.011 0.021 0.027 0.009 0.041 0.103
175 L 0.033 0.021 0.015 0.014 0.01 0.015 0.019 0.02 0.02 0.061 0.214 0.022 0.049 0.141 0.011 0.023 0.025 0.061 0.171 0.055
176 G 0.182 0.021 0.028 0.027 0.012 0.017 0.025 0.42 0.011 0.022 0.032 0.031 0.01 0.015 0.018 0.051 0.03 0.004 0.011 0.032
177 F 0.035 0.017 0.015 0.015 0.011 0.011 0.017 0.021 0.011 0.146 0.167 0.019 0.026 0.267 0.011 0.025 0.055 0.01 0.045 0.077
178 K 0.083 0.048 0.03 0.032 0.011 0.031 0.073 0.036 0.052 0.045 0.117 0.16 0.018 0.022 0.02 0.093 0.038 0.005 0.018 0.07
179 Y 0.037 0.022 0.019 0.016 0.055 0.017 0.022 0.069 0.033 0.034 0.053 0.025 0.015 0.092 0.013 0.028 0.024 0.02 0.369 0.037
180 L 0.036 0.018 0.012 0.013 0.012 0.012 0.017 0.019 0.009 0.111 0.324 0.02 0.033 0.119 0.011 0.021 0.027 0.055 0.03 0.101
181 L 0.07 0.046 0.016 0.016 0.012 0.017 0.022 0.024 0.015 0.124 0.192 0.038 0.05 0.085 0.014 0.028 0.03 0.009 0.092 0.101
182 E 0.044 0.042 0.068 0.095 0.007 0.067 0.238 0.032 0.022 0.022 0.034 0.083 0.012 0.022 0.02 0.047 0.06 0.006 0.049 0.029
183 N 0.052 0.084 0.171 0.086 0.007 0.06 0.071 0.088 0.02 0.02 0.031 0.141 0.011 0.014 0.019 0.048 0.034 0.004 0.013 0.025
184 N 0.04 0.158 0.169 0.047 0.007 0.064 0.081 0.039 0.021 0.02 0.033 0.153 0.012 0.014 0.019 0.047 0.034 0.004 0.014 0.025
185 K 0.041 0.085 0.025 0.024 0.008 0.028 0.037 0.076 0.016 0.061 0.084 0.189 0.016 0.032 0.016 0.033 0.028 0.103 0.057 0.041
186 N 0.05 0.075 0.181 0.062 0.009 0.043 0.06 0.054 0.026 0.025 0.037 0.168 0.013 0.017 0.024 0.061 0.044 0.005 0.016 0.03
187 I 0.047 0.018 0.015 0.018 0.016 0.013 0.018 0.021 0.009 0.271 0.168 0.024 0.037 0.044 0.015 0.025 0.04 0.006 0.021 0.177
188 G 0.078 0.023 0.039 0.034 0.011 0.019 0.026 0.51 0.014 0.019 0.028 0.034 0.009 0.016 0.019 0.051 0.03 0.005 0.011 0.024
189 A 0.184 0.033 0.034 0.033 0.02 0.026 0.04 0.06 0.014 0.048 0.062 0.045 0.018 0.023 0.028 0.088 0.151 0.006 0.018 0.069
190 K 0.046 0.053 0.025 0.025 0.01 0.029 0.038 0.075 0.015 0.076 0.126 0.215 0.02 0.029 0.018 0.035 0.031 0.006 0.05 0.077
191 D 0.042 0.03 0.07 0.389 0.008 0.03 0.093 0.047 0.019 0.023 0.028 0.045 0.009 0.015 0.023 0.053 0.036 0.004 0.011 0.025
192 H 0.043 0.046 0.054 0.039 0.008 0.039 0.054 0.039 0.346 0.023 0.039 0.046 0.016 0.031 0.019 0.043 0.027 0.008 0.058 0.023
193 I 0.048 0.018 0.015 0.018 0.016 0.013 0.018 0.021 0.009 0.261 0.17 0.024 0.037 0.045 0.015 0.025 0.04 0.006 0.021 0.179
194 K 0.081 0.063 0.066 0.034 0.009 0.035 0.047 0.087 0.018 0.024 0.036 0.253 0.012 0.022 0.021 0.072 0.035 0.006 0.049 0.03
195 Y 0.066 0.02 0.018 0.017 0.009 0.015 0.021 0.072 0.026 0.039 0.065 0.023 0.016 0.222 0.013 0.029 0.024 0.017 0.247 0.041
196 I 0.07 0.017 0.013 0.015 0.013 0.012 0.017 0.022 0.009 0.188 0.172 0.02 0.028 0.15 0.012 0.026 0.031 0.007 0.031 0.144
197 I 0.074 0.018 0.015 0.016 0.014 0.013 0.019 0.023 0.009 0.217 0.173 0.023 0.028 0.072 0.014 0.03 0.062 0.006 0.021 0.154
198 C 0.049 0.02 0.052 0.022 0.153 0.015 0.022 0.028 0.013 0.086 0.103 0.025 0.019 0.07 0.062 0.058 0.034 0.006 0.054 0.111
199 V 0.048 0.019 0.049 0.019 0.014 0.014 0.02 0.022 0.009 0.134 0.165 0.023 0.027 0.07 0.013 0.027 0.036 0.005 0.021 0.265
200 L 0.071 0.018 0.013 0.014 0.013 0.013 0.018 0.022 0.009 0.15 0.265 0.021 0.031 0.101 0.013 0.025 0.031 0.006 0.025 0.139
201 I 0.04 0.017 0.013 0.014 0.06 0.012 0.016 0.019 0.009 0.213 0.181 0.02 0.052 0.113 0.012 0.023 0.03 0.006 0.026 0.125
202 A 0.359 0.024 0.023 0.025 0.016 0.02 0.031 0.153 0.012 0.032 0.044 0.035 0.013 0.017 0.023 0.065 0.038 0.004 0.013 0.05
203 C 0.052 0.021 0.02 0.019 0.154 0.016 0.022 0.027 0.012 0.089 0.08 0.025 0.043 0.07 0.015 0.064 0.093 0.007 0.055 0.116
204 L 0.053 0.024 0.023 0.022 0.013 0.017 0.025 0.03 0.012 0.064 0.271 0.028 0.028 0.111 0.015 0.134 0.04 0.007 0.026 0.058
205 F 0.028 0.016 0.014 0.014 0.009 0.009 0.016 0.021 0.014 0.052 0.094 0.016 0.021 0.497 0.009 0.021 0.021 0.014 0.073 0.045
206 H 0.034 0.038 0.044 0.031 0.006 0.031 0.044 0.031 0.471 0.019 0.031 0.038 0.013 0.025 0.016 0.034 0.022 0.006 0.047 0.019
207 K 0.085 0.052 0.068 0.036 0.011 0.058 0.047 0.041 0.016 0.03 0.042 0.165 0.014 0.016 0.022 0.084 0.154 0.004 0.014 0.04
208 S 0.08 0.032 0.041 0.037 0.014 0.026 0.039 0.048 0.014 0.031 0.041 0.042 0.014 0.018 0.024 0.266 0.172 0.004 0.014 0.042
209 A 0.304 0.026 0.027 0.028 0.016 0.021 0.033 0.152 0.013 0.03 0.042 0.036 0.013 0.017 0.023 0.114 0.043 0.004 0.013 0.047
210 L 0.039 0.018 0.013 0.014 0.013 0.013 0.017 0.018 0.009 0.196 0.279 0.021 0.057 0.078 0.012 0.022 0.03 0.006 0.022 0.125
211 L 0.041 0.018 0.013 0.014 0.013 0.013 0.017 0.019 0.009 0.174 0.212 0.02 0.054 0.114 0.012 0.023 0.031 0.007 0.027 0.17
212 G 0.062 0.021 0.029 0.026 0.011 0.017 0.023 0.362 0.011 0.062 0.112 0.029 0.016 0.021 0.016 0.09 0.033 0.005 0.012 0.043
213 L 0.035 0.017 0.012 0.013 0.012 0.012 0.016 0.018 0.009 0.161 0.302 0.019 0.033 0.156 0.011 0.02 0.027 0.008 0.032 0.087
214 L 0.077 0.019 0.015 0.016 0.014 0.015 0.019 0.071 0.009 0.143 0.232 0.023 0.053 0.034 0.014 0.029 0.033 0.005 0.017 0.163
215 I 0.041 0.017 0.015 0.017 0.013 0.013 0.018 0.021 0.01 0.286 0.124 0.022 0.051 0.112 0.013 0.05 0.034 0.006 0.026 0.113
216 L 0.068 0.021 0.016 0.016 0.011 0.015 0.021 0.024 0.02 0.06 0.172 0.024 0.023 0.135 0.061 0.028 0.027 0.012 0.167 0.08
217 L 0.163 0.02 0.015 0.017 0.014 0.015 0.022 0.034 0.011 0.068 0.211 0.025 0.026 0.148 0.015 0.037 0.031 0.007 0.03 0.09
218 L 0.04 0.019 0.013 0.014 0.013 0.014 0.017 0.018 0.009 0.173 0.314 0.022 0.082 0.04 0.012 0.022 0.031 0.006 0.018 0.122
219 Y 0.037 0.059 0.021 0.018 0.008 0.019 0.025 0.024 0.031 0.036 0.059 0.032 0.016 0.157 0.013 0.054 0.027 0.018 0.308 0.038
220 Y 0.072 0.028 0.022 0.063 0.01 0.022 0.062 0.027 0.021 0.109 0.071 0.061 0.018 0.051 0.016 0.033 0.031 0.011 0.157 0.114
221 Y 0.034 0.019 0.015 0.014 0.057 0.014 0.019 0.021 0.022 0.104 0.111 0.021 0.02 0.143 0.011 0.024 0.025 0.062 0.206 0.06
222 L 0.041 0.018 0.015 0.016 0.013 0.013 0.018 0.021 0.009 0.239 0.242 0.022 0.031 0.076 0.013 0.049 0.033 0.006 0.022 0.105
223 N 0.045 0.072 0.133 0.077 0.01 0.053 0.043 0.037 0.019 0.039 0.079 0.075 0.016 0.026 0.018 0.071 0.065 0.006 0.05 0.065
224 N 0.047 0.069 0.095 0.036 0.01 0.026 0.066 0.034 0.018 0.063 0.086 0.072 0.016 0.067 0.064 0.09 0.037 0.007 0.055 0.044
225 N 0.055 0.033 0.173 0.049 0.014 0.025 0.036 0.044 0.019 0.092 0.079 0.039 0.021 0.026 0.018 0.05 0.048 0.005 0.018 0.155
226 N 0.048 0.046 0.185 0.085 0.008 0.048 0.179 0.049 0.028 0.022 0.033 0.063 0.012 0.017 0.023 0.061 0.042 0.005 0.016 0.029
227 D 0.048 0.067 0.054 0.225 0.008 0.041 0.08 0.044 0.019 0.025 0.035 0.168 0.012 0.015 0.025 0.052 0.037 0.004 0.014 0.028
228 K 0.05 0.057 0.136 0.042 0.008 0.06 0.048 0.135 0.019 0.02 0.031 0.196 0.011 0.014 0.02 0.073 0.036 0.004 0.013 0.025
229 K 0.115 0.084 0.067 0.039 0.011 0.061 0.079 0.043 0.017 0.026 0.038 0.142 0.013 0.015 0.022 0.104 0.069 0.004 0.014 0.035
230 K 0.057 0.107 0.042 0.042 0.009 0.054 0.071 0.043 0.021 0.028 0.043 0.278 0.016 0.016 0.028 0.054 0.04 0.005 0.017 0.033
231 P 0.057 0.026 0.023 0.031 0.01 0.021 0.036 0.036 0.013 0.026 0.036 0.041 0.01 0.013 0.494 0.044 0.036 0.003 0.013 0.031
232 Y 0.04 0.028 0.022 0.019 0.009 0.022 0.028 0.025 0.047 0.044 0.068 0.031 0.019 0.131 0.016 0.031 0.028 0.028 0.318 0.047
233 K 0.057 0.107 0.042 0.042 0.009 0.054 0.071 0.043 0.021 0.028 0.043 0.278 0.016 0.016 0.028 0.054 0.04 0.005 0.017 0.033
234 K 0.079 0.053 0.103 0.041 0.009 0.062 0.08 0.09 0.018 0.03 0.075 0.163 0.015 0.017 0.02 0.048 0.044 0.004 0.014 0.034
235 L 0.043 0.023 0.02 0.023 0.066 0.019 0.059 0.079 0.058 0.12 0.191 0.028 0.025 0.039 0.014 0.029 0.028 0.007 0.06 0.069
236 L 0.045 0.024 0.014 0.015 0.016 0.016 0.02 0.021 0.01 0.115 0.375 0.025 0.05 0.055 0.014 0.024 0.033 0.007 0.022 0.096
237 S 0.059 0.034 0.074 0.08 0.012 0.025 0.041 0.039 0.059 0.082 0.058 0.072 0.017 0.022 0.019 0.13 0.045 0.004 0.018 0.112
238 K 0.052 0.05 0.028 0.027 0.011 0.029 0.039 0.032 0.014 0.094 0.076 0.175 0.046 0.053 0.019 0.07 0.07 0.005 0.02 0.09
239 L 0.046 0.023 0.021 0.025 0.013 0.019 0.063 0.024 0.011 0.14 0.175 0.029 0.027 0.081 0.016 0.038 0.104 0.006 0.023 0.115
240 G 0.064 0.047 0.03 0.029 0.012 0.028 0.037 0.201 0.013 0.066 0.063 0.126 0.018 0.021 0.02 0.043 0.037 0.005 0.015 0.123
241 N 0.041 0.043 0.347 0.079 0.009 0.032 0.047 0.062 0.03 0.021 0.03 0.051 0.011 0.017 0.019 0.067 0.047 0.004 0.015 0.026
242 N 0.042 0.044 0.335 0.081 0.009 0.033 0.048 0.064 0.031 0.022 0.031 0.053 0.011 0.018 0.02 0.068 0.048 0.004 0.015 0.026
243 F 0.077 0.024 0.061 0.03 0.011 0.019 0.063 0.032 0.014 0.099 0.075 0.031 0.018 0.161 0.071 0.04 0.065 0.007 0.033 0.071
244 N 0.049 0.122 0.191 0.046 0.009 0.031 0.042 0.044 0.02 0.058 0.043 0.089 0.013 0.017 0.019 0.107 0.043 0.004 0.014 0.039
245 I 0.047 0.018 0.015 0.018 0.016 0.013 0.018 0.021 0.009 0.271 0.168 0.024 0.037 0.044 0.015 0.025 0.04 0.006 0.021 0.177
246 I 0.047 0.018 0.015 0.018 0.016 0.013 0.018 0.021 0.009 0.271 0.168 0.024 0.037 0.044 0.015 0.025 0.04 0.006 0.021 0.177
247 I 0.047 0.018 0.015 0.018 0.016 0.013 0.018 0.021 0.009 0.271 0.168 0.024 0.037 0.044 0.015 0.025 0.04 0.006 0.021 0.177
248 S 0.11 0.04 0.054 0.049 0.018 0.033 0.052 0.066 0.019 0.03 0.042 0.054 0.016 0.021 0.03 0.22 0.082 0.005 0.018 0.042
249 R 0.039 0.177 0.025 0.024 0.008 0.029 0.037 0.027 0.016 0.069 0.062 0.13 0.016 0.121 0.078 0.034 0.029 0.007 0.028 0.045
250 R 0.041 0.261 0.032 0.029 0.007 0.07 0.051 0.03 0.021 0.023 0.04 0.179 0.014 0.023 0.018 0.039 0.03 0.007 0.056 0.028
251 I 0.047 0.018 0.015 0.018 0.016 0.013 0.018 0.021 0.009 0.271 0.168 0.024 0.037 0.044 0.015 0.025 0.04 0.006 0.021 0.177
252 H 0.042 0.046 0.053 0.038 0.008 0.038 0.053 0.038 0.355 0.023 0.038 0.046 0.015 0.03 0.019 0.042 0.027 0.008 0.057 0.023
253 I 0.046 0.017 0.014 0.017 0.016 0.013 0.017 0.02 0.009 0.285 0.165 0.023 0.036 0.043 0.014 0.025 0.039 0.006 0.02 0.173
254 C 0.054 0.02 0.015 0.015 0.255 0.014 0.018 0.026 0.009 0.078 0.226 0.022 0.032 0.037 0.015 0.032 0.034 0.005 0.017 0.075
255 L 0.045 0.024 0.014 0.015 0.016 0.016 0.02 0.021 0.01 0.115 0.375 0.025 0.05 0.055 0.014 0.024 0.033 0.007 0.022 0.096
256 K 0.057 0.107 0.042 0.042 0.009 0.054 0.071 0.043 0.021 0.028 0.043 0.278 0.016 0.016 0.028 0.054 0.04 0.005 0.017 0.033
257 G 0.078 0.023 0.039 0.034 0.011 0.019 0.026 0.51 0.014 0.019 0.028 0.034 0.009 0.016 0.019 0.051 0.03 0.005 0.011 0.024
258 D 0.043 0.023 0.041 0.213 0.012 0.021 0.053 0.033 0.013 0.154 0.096 0.034 0.023 0.029 0.018 0.038 0.037 0.005 0.016 0.099
259 S 0.055 0.037 0.068 0.074 0.012 0.025 0.039 0.036 0.014 0.108 0.099 0.101 0.019 0.023 0.019 0.123 0.043 0.004 0.015 0.088
260 E 0.047 0.121 0.036 0.087 0.007 0.096 0.157 0.033 0.019 0.02 0.033 0.096 0.012 0.013 0.071 0.071 0.034 0.004 0.014 0.027
261 L 0.041 0.022 0.051 0.02 0.013 0.016 0.021 0.071 0.011 0.102 0.318 0.025 0.055 0.036 0.013 0.03 0.059 0.005 0.017 0.073
262 K 0.048 0.087 0.064 0.036 0.008 0.061 0.078 0.034 0.019 0.032 0.042 0.17 0.014 0.022 0.067 0.067 0.035 0.006 0.05 0.059
263 K 0.075 0.165 0.029 0.028 0.009 0.036 0.045 0.033 0.016 0.038 0.081 0.235 0.016 0.018 0.019 0.041 0.032 0.005 0.015 0.064
264 T 0.073 0.036 0.043 0.038 0.018 0.028 0.039 0.043 0.014 0.053 0.065 0.045 0.02 0.024 0.028 0.093 0.246 0.006 0.018 0.071
265 L 0.045 0.021 0.014 0.016 0.016 0.015 0.019 0.021 0.009 0.195 0.273 0.024 0.043 0.049 0.014 0.024 0.036 0.006 0.021 0.136
266 V 0.087 0.023 0.021 0.021 0.015 0.018 0.025 0.029 0.01 0.116 0.099 0.028 0.07 0.028 0.017 0.066 0.098 0.005 0.017 0.209
267 V 0.136 0.019 0.015 0.018 0.014 0.014 0.022 0.031 0.01 0.127 0.131 0.025 0.023 0.106 0.063 0.036 0.034 0.006 0.025 0.146
268 L 0.043 0.017 0.013 0.014 0.014 0.012 0.017 0.018 0.008 0.207 0.211 0.02 0.031 0.074 0.012 0.023 0.033 0.006 0.022 0.205
269 K 0.052 0.062 0.028 0.029 0.012 0.033 0.044 0.032 0.015 0.153 0.105 0.154 0.026 0.03 0.021 0.039 0.039 0.005 0.019 0.104
270 V 0.073 0.019 0.018 0.018 0.014 0.014 0.02 0.072 0.008 0.198 0.1 0.024 0.024 0.028 0.015 0.042 0.066 0.005 0.016 0.226
271 F 0.034 0.019 0.017 0.017 0.011 0.011 0.019 0.025 0.017 0.063 0.114 0.019 0.025 0.387 0.011 0.025 0.025 0.017 0.089 0.055
272 I 0.062 0.021 0.023 0.022 0.06 0.016 0.023 0.076 0.01 0.137 0.114 0.027 0.029 0.065 0.016 0.067 0.121 0.005 0.02 0.084
273 L 0.044 0.018 0.016 0.016 0.013 0.013 0.017 0.115 0.009 0.162 0.227 0.021 0.028 0.073 0.012 0.025 0.03 0.006 0.021 0.136
274 L 0.041 0.018 0.013 0.014 0.013 0.013 0.017 0.018 0.01 0.199 0.207 0.02 0.03 0.081 0.012 0.022 0.031 0.007 0.057 0.175
275 G 0.183 0.023 0.027 0.026 0.06 0.019 0.028 0.234 0.012 0.032 0.075 0.032 0.014 0.018 0.019 0.102 0.038 0.004 0.012 0.042
276 L 0.11 0.02 0.017 0.018 0.061 0.015 0.021 0.029 0.009 0.157 0.179 0.025 0.026 0.043 0.015 0.059 0.036 0.005 0.018 0.138
277 I 0.095 0.018 0.014 0.015 0.061 0.013 0.018 0.025 0.008 0.188 0.167 0.022 0.027 0.071 0.014 0.03 0.033 0.006 0.021 0.155
278 V 0.088 0.022 0.023 0.023 0.014 0.017 0.025 0.111 0.01 0.096 0.107 0.028 0.021 0.064 0.017 0.091 0.068 0.005 0.02 0.152
279 L 0.036 0.018 0.013 0.014 0.013 0.013 0.016 0.018 0.009 0.163 0.308 0.02 0.057 0.118 0.011 0.021 0.028 0.007 0.027 0.089
280 L 0.036 0.018 0.012 0.013 0.012 0.012 0.016 0.018 0.009 0.147 0.29 0.019 0.032 0.155 0.011 0.021 0.028 0.008 0.032 0.11
281 S 0.092 0.028 0.099 0.036 0.012 0.023 0.035 0.045 0.016 0.061 0.063 0.037 0.023 0.059 0.067 0.183 0.049 0.005 0.019 0.046
282 L 0.102 0.057 0.018 0.018 0.013 0.017 0.023 0.028 0.011 0.147 0.193 0.031 0.05 0.071 0.015 0.035 0.061 0.006 0.021 0.082
283 N 0.054 0.032 0.169 0.044 0.01 0.051 0.039 0.137 0.018 0.022 0.031 0.042 0.011 0.014 0.113 0.102 0.068 0.004 0.013 0.028
284 L 0.057 0.027 0.018 0.019 0.013 0.018 0.025 0.024 0.051 0.114 0.191 0.059 0.026 0.03 0.066 0.029 0.033 0.005 0.019 0.176
285 I 0.104 0.055 0.016 0.017 0.013 0.016 0.021 0.027 0.01 0.184 0.164 0.029 0.026 0.07 0.014 0.031 0.033 0.006 0.021 0.143
286 A 0.148 0.026 0.06 0.033 0.014 0.023 0.063 0.042 0.013 0.13 0.069 0.036 0.018 0.023 0.019 0.123 0.044 0.004 0.015 0.096
287 N 0.086 0.071 0.133 0.039 0.012 0.026 0.038 0.044 0.017 0.066 0.05 0.074 0.015 0.019 0.019 0.127 0.073 0.004 0.014 0.073
288 L 0.101 0.02 0.014 0.015 0.014 0.015 0.02 0.026 0.009 0.135 0.329 0.024 0.057 0.038 0.014 0.029 0.031 0.005 0.018 0.086
289 L 0.037 0.019 0.012 0.013 0.013 0.013 0.017 0.018 0.009 0.091 0.391 0.02 0.036 0.119 0.011 0.021 0.027 0.007 0.027 0.1
290 N 0.053 0.076 0.138 0.081 0.01 0.029 0.044 0.043 0.018 0.055 0.042 0.106 0.013 0.017 0.02 0.126 0.072 0.004 0.014 0.039
291 I 0.092 0.022 0.022 0.022 0.013 0.017 0.024 0.078 0.013 0.164 0.121 0.028 0.046 0.035 0.016 0.081 0.066 0.006 0.051 0.082
292 I 0.037 0.015 0.012 0.014 0.012 0.011 0.015 0.018 0.009 0.291 0.156 0.019 0.029 0.139 0.011 0.021 0.03 0.007 0.029 0.124
293 G 0.059 0.021 0.068 0.071 0.009 0.017 0.027 0.506 0.013 0.016 0.023 0.03 0.008 0.013 0.016 0.043 0.026 0.004 0.009 0.02
294 L 0.035 0.056 0.015 0.015 0.011 0.015 0.019 0.02 0.013 0.097 0.26 0.027 0.053 0.159 0.012 0.023 0.026 0.009 0.067 0.068
295 G 0.091 0.032 0.104 0.078 0.01 0.024 0.038 0.233 0.016 0.021 0.03 0.068 0.01 0.015 0.019 0.127 0.04 0.004 0.012 0.028
296 S 0.056 0.075 0.074 0.117 0.009 0.075 0.064 0.041 0.02 0.023 0.034 0.081 0.012 0.022 0.02 0.149 0.043 0.006 0.049 0.029
297 Y 0.034 0.022 0.017 0.015 0.008 0.017 0.022 0.02 0.036 0.066 0.063 0.025 0.017 0.101 0.013 0.025 0.024 0.021 0.405 0.047
298 V 0.142 0.021 0.018 0.019 0.015 0.016 0.024 0.033 0.012 0.132 0.14 0.027 0.024 0.035 0.017 0.063 0.038 0.006 0.052 0.167
299 A 0.164 0.039 0.096 0.042 0.014 0.071 0.049 0.157 0.02 0.029 0.043 0.051 0.014 0.017 0.023 0.066 0.042 0.005 0.016 0.043
300 G 0.064 0.024 0.102 0.036 0.01 0.019 0.028 0.417 0.014 0.017 0.025 0.033 0.009 0.014 0.017 0.098 0.034 0.004 0.01 0.023
301 Y 0.032 0.023 0.017 0.015 0.008 0.017 0.023 0.021 0.036 0.035 0.055 0.025 0.015 0.102 0.012 0.025 0.023 0.07 0.409 0.037
302 L 0.041 0.02 0.014 0.015 0.014 0.014 0.018 0.02 0.009 0.17 0.305 0.023 0.057 0.039 0.013 0.026 0.06 0.005 0.018 0.12
303 I 0.047 0.018 0.015 0.018 0.016 0.013 0.018 0.021 0.009 0.271 0.168 0.024 0.037 0.044 0.015 0.025 0.04 0.006 0.021 0.177
304 G 0.056 0.04 0.144 0.048 0.01 0.058 0.077 0.145 0.019 0.022 0.032 0.078 0.012 0.015 0.02 0.107 0.071 0.004 0.013 0.029
305 G 0.057 0.023 0.134 0.038 0.008 0.019 0.026 0.462 0.015 0.016 0.024 0.032 0.008 0.014 0.016 0.046 0.028 0.004 0.01 0.02
306 N 0.043 0.045 0.31 0.084 0.009 0.034 0.05 0.066 0.032 0.023 0.032 0.054 0.011 0.018 0.02 0.07 0.05 0.005 0.016 0.027
307 G 0.067 0.048 0.042 0.041 0.01 0.116 0.064 0.275 0.022 0.023 0.038 0.063 0.015 0.016 0.021 0.054 0.036 0.006 0.016 0.03
308 N 0.054 0.045 0.139 0.082 0.01 0.03 0.045 0.09 0.017 0.024 0.034 0.132 0.012 0.015 0.02 0.105 0.098 0.004 0.013 0.031
309 L 0.039 0.02 0.015 0.019 0.012 0.016 0.051 0.02 0.012 0.16 0.197 0.023 0.028 0.118 0.012 0.024 0.03 0.008 0.062 0.136
310 G 0.057 0.033 0.035 0.03 0.01 0.025 0.035 0.13 0.094 0.03 0.041 0.066 0.013 0.033 0.019 0.114 0.094 0.008 0.09 0.044
311 F 0.033 0.016 0.013 0.014 0.01 0.01 0.016 0.02 0.012 0.095 0.164 0.017 0.025 0.345 0.01 0.021 0.025 0.011 0.054 0.089
312 L 0.081 0.025 0.02 0.02 0.014 0.02 0.025 0.03 0.011 0.077 0.235 0.029 0.123 0.035 0.015 0.085 0.038 0.006 0.018 0.095
313 P 0.075 0.024 0.018 0.021 0.011 0.044 0.029 0.028 0.011 0.082 0.162 0.032 0.021 0.024 0.252 0.034 0.032 0.004 0.014 0.083
314 N 0.054 0.033 0.237 0.05 0.011 0.026 0.038 0.048 0.02 0.058 0.049 0.041 0.037 0.019 0.018 0.153 0.048 0.004 0.014 0.041
315 Q 0.047 0.091 0.035 0.039 0.007 0.25 0.102 0.08 0.022 0.021 0.036 0.1 0.015 0.013 0.019 0.045 0.032 0.005 0.015 0.027
316 L 0.036 0.016 0.012 0.014 0.013 0.011 0.015 0.018 0.009 0.241 0.247 0.019 0.032 0.116 0.011 0.02 0.029 0.007 0.027 0.106
317 I 0.071 0.018 0.013 0.015 0.014 0.013 0.017 0.021 0.008 0.247 0.244 0.021 0.032 0.037 0.013 0.025 0.032 0.005 0.017 0.137
318 L 0.043 0.06 0.055 0.023 0.012 0.019 0.025 0.027 0.015 0.114 0.184 0.033 0.048 0.076 0.014 0.059 0.062 0.007 0.057 0.069
319 R 0.041 0.322 0.031 0.026 0.007 0.035 0.04 0.075 0.055 0.029 0.042 0.107 0.013 0.016 0.016 0.037 0.029 0.005 0.017 0.056
