#Seq2Logo.py -f /work3/idamei/ssn-clusterings/2206011120/clusters/0006_162/sequences.afa -m 0.0001 -b 50 -o /work3/idamei/ssn-clusterings/2206011120/clusters/0006_162/sequences.logo -p 640x1000 -l 30
#Position Specific Frequency Matrix
A R N D C Q E G H I L K M F P S T W Y V
0 M 0.049 0.03 0.019 0.019 0.015 0.027 0.027 0.027 0.015 0.095 0.186 0.034 0.208 0.045 0.015 0.034 0.038 0.008 0.023 0.087
1 T 0.069 0.033 0.041 0.035 0.017 0.026 0.037 0.041 0.013 0.05 0.061 0.043 0.019 0.022 0.026 0.087 0.289 0.006 0.017 0.067
2 Y 0.041 0.023 0.017 0.017 0.012 0.017 0.022 0.022 0.026 0.126 0.175 0.026 0.029 0.085 0.014 0.026 0.03 0.016 0.188 0.086
3 E 0.052 0.047 0.038 0.085 0.007 0.061 0.336 0.033 0.024 0.021 0.035 0.071 0.012 0.016 0.024 0.052 0.035 0.005 0.016 0.03
4 L 0.042 0.023 0.013 0.014 0.015 0.015 0.019 0.02 0.01 0.109 0.411 0.024 0.047 0.052 0.013 0.023 0.032 0.007 0.021 0.091
5 L 0.067 0.028 0.03 0.028 0.016 0.021 0.031 0.036 0.012 0.129 0.144 0.035 0.027 0.032 0.021 0.1 0.11 0.006 0.018 0.109
6 Y 0.044 0.026 0.025 0.022 0.011 0.019 0.027 0.028 0.029 0.048 0.075 0.03 0.019 0.173 0.016 0.043 0.091 0.019 0.203 0.052
7 Y 0.038 0.026 0.021 0.018 0.009 0.021 0.026 0.023 0.044 0.041 0.065 0.029 0.018 0.123 0.015 0.029 0.026 0.026 0.356 0.044
8 L 0.048 0.022 0.014 0.015 0.016 0.015 0.02 0.021 0.009 0.12 0.339 0.024 0.043 0.047 0.014 0.025 0.035 0.006 0.021 0.146
9 F 0.035 0.018 0.015 0.016 0.011 0.011 0.018 0.023 0.014 0.123 0.12 0.019 0.027 0.327 0.011 0.024 0.027 0.013 0.068 0.081
10 L 0.044 0.025 0.015 0.015 0.015 0.018 0.021 0.022 0.011 0.105 0.355 0.026 0.087 0.05 0.014 0.026 0.033 0.007 0.021 0.09
11 L 0.099 0.022 0.016 0.018 0.017 0.016 0.023 0.03 0.009 0.164 0.193 0.027 0.033 0.038 0.017 0.035 0.041 0.006 0.019 0.179
12 F 0.045 0.022 0.021 0.021 0.013 0.015 0.023 0.027 0.013 0.125 0.134 0.026 0.027 0.196 0.015 0.04 0.094 0.01 0.046 0.088
13 V 0.052 0.019 0.015 0.017 0.015 0.013 0.02 0.022 0.01 0.171 0.128 0.022 0.03 0.133 0.014 0.027 0.039 0.008 0.036 0.21
14 G 0.138 0.024 0.034 0.031 0.013 0.019 0.028 0.422 0.013 0.024 0.034 0.034 0.011 0.017 0.02 0.056 0.033 0.005 0.012 0.033
15 L 0.12 0.024 0.017 0.018 0.017 0.018 0.025 0.034 0.01 0.103 0.25 0.029 0.035 0.039 0.018 0.039 0.039 0.006 0.02 0.139
16 L 0.047 0.019 0.014 0.015 0.14 0.014 0.018 0.023 0.009 0.143 0.26 0.022 0.036 0.041 0.014 0.027 0.034 0.006 0.018 0.1
17 L 0.037 0.02 0.015 0.015 0.013 0.013 0.018 0.022 0.013 0.084 0.259 0.021 0.035 0.237 0.012 0.023 0.028 0.011 0.052 0.071
18 C 0.057 0.016 0.015 0.016 0.389 0.012 0.016 0.028 0.008 0.11 0.086 0.02 0.02 0.025 0.015 0.035 0.035 0.004 0.013 0.082
19 L 0.044 0.019 0.015 0.016 0.014 0.013 0.018 0.021 0.01 0.172 0.203 0.022 0.034 0.138 0.013 0.025 0.034 0.008 0.036 0.143
20 K 0.05 0.068 0.031 0.033 0.011 0.073 0.055 0.033 0.017 0.121 0.081 0.181 0.022 0.024 0.021 0.042 0.038 0.005 0.018 0.077
21 R 0.063 0.148 0.042 0.04 0.01 0.097 0.066 0.043 0.022 0.025 0.042 0.142 0.016 0.016 0.024 0.102 0.047 0.005 0.017 0.033
22 I 0.048 0.017 0.014 0.016 0.14 0.013 0.017 0.022 0.008 0.211 0.176 0.022 0.032 0.038 0.014 0.027 0.036 0.005 0.018 0.126
23 P 0.064 0.087 0.032 0.033 0.011 0.027 0.041 0.041 0.015 0.025 0.037 0.054 0.012 0.015 0.315 0.097 0.045 0.004 0.014 0.032
24 S 0.088 0.039 0.127 0.054 0.015 0.031 0.049 0.062 0.021 0.026 0.037 0.051 0.014 0.019 0.026 0.214 0.07 0.005 0.016 0.036
25 E 0.053 0.048 0.039 0.087 0.007 0.062 0.324 0.034 0.025 0.021 0.035 0.073 0.012 0.016 0.025 0.053 0.035 0.005 0.016 0.03
26 R 0.042 0.382 0.037 0.029 0.007 0.046 0.049 0.031 0.022 0.022 0.044 0.113 0.015 0.016 0.018 0.042 0.033 0.005 0.016 0.029
27 L 0.043 0.021 0.014 0.015 0.015 0.015 0.018 0.02 0.009 0.16 0.348 0.023 0.044 0.049 0.014 0.023 0.033 0.006 0.021 0.11
28 Y 0.042 0.037 0.026 0.024 0.009 0.08 0.044 0.027 0.04 0.037 0.06 0.044 0.018 0.096 0.017 0.035 0.03 0.021 0.272 0.041
29 F 0.052 0.029 0.11 0.039 0.011 0.021 0.033 0.043 0.02 0.042 0.071 0.034 0.018 0.22 0.017 0.094 0.043 0.01 0.05 0.042
30 I 0.041 0.017 0.014 0.017 0.014 0.012 0.017 0.021 0.01 0.249 0.146 0.021 0.032 0.137 0.013 0.024 0.034 0.008 0.036 0.138
31 L 0.046 0.021 0.015 0.016 0.015 0.014 0.019 0.022 0.011 0.125 0.242 0.022 0.036 0.139 0.013 0.025 0.034 0.009 0.036 0.142
32 T 0.061 0.032 0.036 0.031 0.015 0.025 0.034 0.037 0.021 0.048 0.062 0.039 0.018 0.048 0.023 0.073 0.223 0.011 0.102 0.061
33 F 0.039 0.018 0.015 0.016 0.013 0.012 0.017 0.021 0.012 0.19 0.158 0.021 0.031 0.201 0.012 0.024 0.031 0.01 0.046 0.113
34 V 0.053 0.022 0.022 0.021 0.015 0.016 0.023 0.027 0.011 0.144 0.113 0.027 0.027 0.13 0.016 0.042 0.099 0.008 0.035 0.149
35 L 0.045 0.021 0.015 0.015 0.015 0.014 0.02 0.022 0.011 0.108 0.263 0.023 0.037 0.14 0.013 0.025 0.033 0.009 0.036 0.136
36 F 0.044 0.023 0.021 0.02 0.013 0.016 0.023 0.027 0.013 0.074 0.197 0.026 0.03 0.198 0.015 0.039 0.093 0.01 0.046 0.069
37 L 0.044 0.022 0.015 0.016 0.056 0.016 0.02 0.023 0.012 0.142 0.212 0.025 0.078 0.107 0.014 0.027 0.034 0.008 0.031 0.099
38 G 0.12 0.021 0.023 0.023 0.014 0.016 0.024 0.164 0.013 0.108 0.087 0.028 0.021 0.125 0.017 0.044 0.034 0.008 0.032 0.077
39 Y 0.038 0.026 0.021 0.018 0.009 0.021 0.026 0.023 0.044 0.041 0.065 0.029 0.018 0.123 0.015 0.029 0.026 0.026 0.356 0.044
40 S 0.104 0.038 0.051 0.046 0.017 0.031 0.049 0.063 0.018 0.028 0.04 0.051 0.015 0.02 0.028 0.264 0.077 0.005 0.017 0.04
41 L 0.12 0.023 0.019 0.021 0.017 0.018 0.025 0.037 0.011 0.17 0.186 0.03 0.032 0.037 0.018 0.058 0.042 0.006 0.019 0.112
42 V 0.059 0.019 0.015 0.017 0.017 0.015 0.02 0.022 0.008 0.208 0.135 0.024 0.031 0.036 0.015 0.029 0.044 0.005 0.019 0.262
43 T 0.061 0.028 0.027 0.025 0.017 0.022 0.029 0.031 0.012 0.109 0.116 0.034 0.07 0.033 0.02 0.055 0.145 0.006 0.019 0.141
44 R 0.042 0.382 0.037 0.029 0.007 0.046 0.049 0.031 0.022 0.022 0.044 0.113 0.015 0.016 0.018 0.042 0.033 0.005 0.016 0.029
45 Y 0.037 0.024 0.019 0.017 0.009 0.018 0.024 0.024 0.037 0.046 0.075 0.027 0.019 0.198 0.014 0.028 0.026 0.024 0.288 0.046
46 S 0.16 0.036 0.044 0.042 0.017 0.03 0.047 0.065 0.017 0.031 0.044 0.049 0.015 0.02 0.028 0.218 0.07 0.005 0.017 0.046
47 G 0.074 0.022 0.037 0.032 0.01 0.018 0.024 0.538 0.013 0.018 0.027 0.032 0.009 0.015 0.018 0.048 0.028 0.005 0.01 0.023
48 F 0.034 0.019 0.015 0.016 0.011 0.011 0.018 0.023 0.014 0.072 0.184 0.019 0.03 0.329 0.011 0.024 0.026 0.014 0.068 0.062
49 D 0.039 0.028 0.065 0.432 0.007 0.028 0.086 0.044 0.018 0.021 0.026 0.042 0.009 0.014 0.021 0.049 0.033 0.003 0.011 0.023
50 G 0.059 0.021 0.022 0.021 0.014 0.016 0.021 0.193 0.01 0.124 0.169 0.026 0.028 0.033 0.015 0.034 0.035 0.006 0.017 0.136
51 D 0.039 0.028 0.065 0.432 0.007 0.028 0.086 0.044 0.018 0.021 0.026 0.042 0.009 0.014 0.021 0.049 0.033 0.003 0.011 0.023
52 I 0.047 0.025 0.017 0.018 0.015 0.021 0.022 0.024 0.012 0.185 0.174 0.029 0.136 0.044 0.015 0.03 0.038 0.007 0.021 0.12
53 N 0.048 0.035 0.191 0.052 0.012 0.026 0.037 0.046 0.02 0.05 0.133 0.042 0.022 0.027 0.019 0.06 0.103 0.005 0.017 0.052
54 V 0.089 0.027 0.027 0.025 0.018 0.021 0.03 0.035 0.01 0.102 0.092 0.034 0.024 0.028 0.021 0.059 0.148 0.005 0.018 0.188
55 Y 0.038 0.026 0.021 0.018 0.009 0.021 0.026 0.023 0.044 0.041 0.065 0.029 0.018 0.123 0.015 0.029 0.026 0.026 0.356 0.044
56 A 0.172 0.039 0.028 0.034 0.016 0.084 0.074 0.049 0.017 0.064 0.068 0.051 0.02 0.022 0.023 0.059 0.044 0.005 0.018 0.115
57 D 0.126 0.118 0.041 0.131 0.013 0.031 0.054 0.05 0.017 0.039 0.048 0.06 0.015 0.019 0.023 0.089 0.045 0.005 0.015 0.062
58 S 0.114 0.036 0.046 0.042 0.017 0.029 0.045 0.058 0.016 0.035 0.046 0.048 0.016 0.02 0.028 0.205 0.128 0.005 0.017 0.049
59 L 0.042 0.023 0.013 0.014 0.015 0.015 0.019 0.02 0.01 0.109 0.411 0.024 0.047 0.052 0.013 0.023 0.032 0.007 0.021 0.091
60 K 0.079 0.069 0.045 0.043 0.012 0.041 0.058 0.052 0.019 0.027 0.04 0.185 0.015 0.017 0.027 0.157 0.057 0.005 0.016 0.035
61 F 0.069 0.03 0.035 0.031 0.013 0.023 0.036 0.043 0.024 0.039 0.063 0.037 0.018 0.146 0.02 0.145 0.051 0.013 0.118 0.044
62 D 0.058 0.035 0.055 0.249 0.009 0.037 0.14 0.046 0.019 0.023 0.032 0.052 0.011 0.016 0.024 0.104 0.045 0.004 0.013 0.029
63 N 0.043 0.045 0.317 0.083 0.009 0.034 0.049 0.065 0.032 0.022 0.032 0.054 0.011 0.018 0.02 0.07 0.049 0.004 0.016 0.027
64 L 0.067 0.028 0.026 0.025 0.016 0.021 0.03 0.035 0.012 0.09 0.239 0.033 0.033 0.038 0.019 0.105 0.049 0.006 0.019 0.11
65 F 0.034 0.019 0.015 0.016 0.011 0.011 0.018 0.023 0.014 0.072 0.184 0.019 0.03 0.329 0.011 0.024 0.026 0.014 0.068 0.062
66 S 0.088 0.039 0.127 0.054 0.015 0.031 0.049 0.062 0.021 0.026 0.037 0.051 0.014 0.019 0.026 0.214 0.07 0.005 0.016 0.036
67 L 0.065 0.028 0.03 0.028 0.016 0.021 0.031 0.036 0.012 0.125 0.168 0.035 0.029 0.034 0.02 0.1 0.109 0.006 0.018 0.091
68 Y 0.038 0.026 0.021 0.018 0.009 0.021 0.026 0.023 0.044 0.041 0.065 0.029 0.018 0.123 0.015 0.029 0.026 0.026 0.356 0.044
69 Y 0.038 0.026 0.021 0.018 0.009 0.021 0.026 0.023 0.044 0.041 0.065 0.029 0.018 0.123 0.015 0.029 0.026 0.026 0.356 0.044
70 L 0.043 0.021 0.014 0.015 0.015 0.015 0.018 0.02 0.009 0.16 0.348 0.023 0.044 0.049 0.014 0.023 0.033 0.006 0.021 0.11
71 R 0.048 0.242 0.038 0.034 0.008 0.048 0.058 0.036 0.021 0.024 0.042 0.216 0.015 0.016 0.022 0.046 0.035 0.005 0.016 0.03
72 E 0.052 0.047 0.038 0.085 0.007 0.061 0.336 0.033 0.024 0.021 0.035 0.071 0.012 0.016 0.024 0.052 0.035 0.005 0.016 0.03
73 P 0.054 0.024 0.022 0.029 0.01 0.02 0.034 0.034 0.012 0.024 0.034 0.039 0.01 0.012 0.522 0.041 0.034 0.002 0.012 0.029
74 V 0.061 0.02 0.015 0.017 0.017 0.015 0.021 0.022 0.008 0.195 0.132 0.024 0.031 0.036 0.015 0.029 0.044 0.005 0.019 0.274
75 Y 0.038 0.026 0.021 0.018 0.009 0.021 0.026 0.023 0.044 0.041 0.065 0.029 0.018 0.123 0.015 0.029 0.026 0.026 0.356 0.044
76 W 0.029 0.021 0.014 0.014 0.007 0.014 0.021 0.029 0.014 0.029 0.05 0.021 0.014 0.057 0.007 0.021 0.021 0.521 0.064 0.029
77 L 0.048 0.02 0.014 0.016 0.016 0.015 0.019 0.021 0.009 0.217 0.218 0.024 0.051 0.043 0.014 0.026 0.038 0.006 0.02 0.165
78 S 0.092 0.036 0.048 0.043 0.017 0.03 0.045 0.055 0.016 0.035 0.047 0.048 0.016 0.021 0.027 0.205 0.148 0.005 0.017 0.049
79 S 0.104 0.038 0.051 0.046 0.017 0.031 0.049 0.063 0.018 0.028 0.04 0.051 0.015 0.02 0.028 0.264 0.077 0.005 0.017 0.04
80 R 0.042 0.297 0.116 0.042 0.008 0.042 0.049 0.039 0.024 0.022 0.04 0.098 0.014 0.017 0.018 0.048 0.036 0.005 0.016 0.028
81 Y 0.037 0.024 0.019 0.017 0.009 0.018 0.024 0.024 0.037 0.046 0.075 0.027 0.019 0.198 0.014 0.028 0.026 0.024 0.288 0.046
82 V 0.055 0.019 0.015 0.017 0.017 0.014 0.019 0.021 0.008 0.234 0.141 0.023 0.032 0.038 0.015 0.027 0.042 0.005 0.019 0.238
83 Y 0.038 0.026 0.021 0.018 0.009 0.021 0.026 0.023 0.044 0.041 0.065 0.029 0.018 0.123 0.015 0.029 0.026 0.026 0.356 0.044
84 K 0.047 0.153 0.045 0.135 0.008 0.044 0.067 0.039 0.02 0.024 0.038 0.198 0.013 0.015 0.023 0.048 0.035 0.005 0.015 0.029
85 N 0.043 0.045 0.317 0.083 0.009 0.034 0.049 0.065 0.032 0.022 0.032 0.054 0.011 0.018 0.02 0.07 0.049 0.004 0.016 0.027
86 I 0.044 0.018 0.014 0.016 0.015 0.013 0.017 0.02 0.009 0.261 0.222 0.023 0.038 0.044 0.014 0.023 0.036 0.006 0.02 0.148
87 L 0.05 0.022 0.021 0.021 0.016 0.017 0.022 0.025 0.01 0.196 0.197 0.028 0.034 0.039 0.017 0.039 0.099 0.006 0.019 0.123
88 G 0.055 0.051 0.119 0.05 0.009 0.142 0.066 0.169 0.024 0.022 0.036 0.064 0.015 0.015 0.02 0.055 0.038 0.005 0.016 0.029
89 S 0.091 0.054 0.048 0.044 0.014 0.036 0.054 0.057 0.018 0.028 0.04 0.118 0.015 0.018 0.028 0.211 0.067 0.005 0.016 0.037
90 A 0.191 0.034 0.028 0.047 0.014 0.036 0.137 0.054 0.017 0.031 0.045 0.051 0.014 0.017 0.109 0.064 0.041 0.005 0.016 0.047
91 E 0.052 0.047 0.038 0.085 0.007 0.061 0.336 0.033 0.024 0.021 0.035 0.071 0.012 0.016 0.024 0.052 0.035 0.005 0.016 0.03
92 L 0.043 0.021 0.014 0.015 0.015 0.015 0.018 0.02 0.009 0.16 0.348 0.023 0.044 0.049 0.014 0.023 0.033 0.006 0.021 0.11
93 T 0.068 0.03 0.035 0.031 0.017 0.023 0.033 0.037 0.012 0.077 0.077 0.038 0.021 0.025 0.023 0.073 0.229 0.005 0.017 0.128
94 F 0.034 0.019 0.015 0.016 0.011 0.011 0.018 0.023 0.014 0.072 0.184 0.019 0.03 0.329 0.011 0.024 0.026 0.014 0.068 0.062
95 I 0.048 0.021 0.016 0.017 0.015 0.016 0.021 0.023 0.012 0.156 0.144 0.025 0.074 0.136 0.014 0.028 0.037 0.009 0.036 0.154
96 L 0.04 0.02 0.014 0.016 0.014 0.013 0.018 0.021 0.011 0.164 0.251 0.022 0.037 0.141 0.013 0.023 0.032 0.009 0.036 0.106
97 Y 0.038 0.026 0.02 0.017 0.009 0.02 0.026 0.024 0.042 0.043 0.068 0.028 0.018 0.148 0.014 0.029 0.026 0.026 0.334 0.045
98 D 0.039 0.028 0.065 0.432 0.007 0.028 0.086 0.044 0.018 0.021 0.026 0.042 0.009 0.014 0.021 0.049 0.033 0.003 0.011 0.023
99 I 0.049 0.019 0.014 0.016 0.016 0.014 0.019 0.021 0.008 0.222 0.213 0.023 0.037 0.042 0.014 0.025 0.038 0.006 0.02 0.184
100 I 0.044 0.019 0.014 0.016 0.015 0.013 0.017 0.02 0.009 0.244 0.243 0.023 0.039 0.045 0.014 0.023 0.036 0.006 0.02 0.141
101 S 0.094 0.034 0.042 0.039 0.017 0.027 0.043 0.053 0.016 0.06 0.06 0.044 0.019 0.023 0.025 0.206 0.07 0.005 0.017 0.107
102 F 0.032 0.018 0.016 0.016 0.01 0.01 0.018 0.024 0.016 0.06 0.108 0.018 0.024 0.422 0.01 0.024 0.024 0.016 0.084 0.052
103 V 0.053 0.02 0.014 0.016 0.016 0.014 0.019 0.021 0.008 0.196 0.207 0.024 0.036 0.041 0.014 0.027 0.04 0.006 0.02 0.208
104 L 0.048 0.02 0.014 0.016 0.016 0.014 0.019 0.021 0.009 0.167 0.25 0.023 0.038 0.075 0.014 0.025 0.036 0.007 0.025 0.161
105 I 0.05 0.018 0.014 0.017 0.016 0.013 0.018 0.02 0.008 0.273 0.15 0.023 0.033 0.04 0.014 0.025 0.04 0.005 0.019 0.203
106 L 0.041 0.024 0.015 0.015 0.014 0.017 0.021 0.021 0.018 0.092 0.324 0.025 0.04 0.07 0.014 0.025 0.03 0.012 0.105 0.079
107 K 0.054 0.101 0.039 0.039 0.008 0.05 0.067 0.041 0.02 0.026 0.041 0.319 0.015 0.015 0.026 0.05 0.037 0.005 0.016 0.031
108 A 0.264 0.027 0.022 0.025 0.02 0.022 0.034 0.061 0.012 0.069 0.073 0.038 0.02 0.024 0.025 0.068 0.047 0.005 0.017 0.126
109 R 0.041 0.293 0.033 0.026 0.008 0.039 0.044 0.029 0.028 0.027 0.049 0.092 0.015 0.043 0.017 0.039 0.031 0.011 0.101 0.033
110 K 0.058 0.075 0.033 0.033 0.011 0.04 0.053 0.036 0.016 0.06 0.063 0.222 0.019 0.02 0.023 0.049 0.061 0.005 0.017 0.104
111 N 0.04 0.042 0.356 0.078 0.008 0.032 0.047 0.062 0.03 0.021 0.03 0.051 0.011 0.017 0.019 0.066 0.047 0.004 0.015 0.025
112 L 0.041 0.024 0.015 0.016 0.014 0.017 0.021 0.023 0.013 0.093 0.279 0.025 0.081 0.143 0.013 0.026 0.031 0.009 0.037 0.08
113 K 0.05 0.073 0.118 0.06 0.008 0.048 0.129 0.044 0.023 0.024 0.036 0.19 0.013 0.015 0.024 0.055 0.039 0.005 0.016 0.029
114 L 0.043 0.021 0.014 0.015 0.015 0.015 0.018 0.02 0.009 0.16 0.348 0.023 0.044 0.049 0.014 0.023 0.033 0.006 0.021 0.11
115 P 0.054 0.024 0.022 0.029 0.01 0.02 0.034 0.034 0.012 0.024 0.034 0.039 0.01 0.012 0.522 0.041 0.034 0.002 0.012 0.029
116 Q 0.049 0.059 0.036 0.038 0.008 0.2 0.079 0.035 0.032 0.029 0.049 0.072 0.019 0.041 0.02 0.047 0.036 0.011 0.104 0.036
117 Y 0.038 0.026 0.021 0.018 0.009 0.021 0.026 0.023 0.044 0.041 0.065 0.029 0.018 0.123 0.015 0.029 0.026 0.026 0.356 0.044
118 F 0.032 0.018 0.016 0.016 0.01 0.01 0.018 0.024 0.016 0.06 0.108 0.018 0.024 0.422 0.01 0.024 0.024 0.016 0.084 0.052
119 P 0.051 0.022 0.02 0.026 0.011 0.018 0.03 0.03 0.011 0.096 0.065 0.035 0.016 0.02 0.395 0.037 0.035 0.003 0.014 0.064
120 Y 0.038 0.026 0.021 0.018 0.009 0.021 0.026 0.023 0.044 0.041 0.065 0.029 0.018 0.123 0.015 0.029 0.026 0.026 0.356 0.044
121 L 0.042 0.023 0.013 0.014 0.015 0.015 0.019 0.02 0.01 0.109 0.411 0.024 0.047 0.052 0.013 0.023 0.032 0.007 0.021 0.091
122 Y 0.038 0.023 0.018 0.016 0.011 0.017 0.022 0.023 0.028 0.063 0.162 0.025 0.027 0.18 0.013 0.026 0.027 0.019 0.204 0.058
123 L 0.043 0.021 0.014 0.015 0.015 0.015 0.018 0.02 0.009 0.16 0.348 0.023 0.044 0.049 0.014 0.023 0.033 0.006 0.021 0.11
124 I 0.049 0.019 0.014 0.016 0.016 0.014 0.019 0.021 0.008 0.222 0.213 0.023 0.037 0.042 0.014 0.025 0.038 0.006 0.02 0.184
125 F 0.032 0.018 0.016 0.016 0.01 0.01 0.018 0.024 0.016 0.06 0.108 0.018 0.024 0.422 0.01 0.024 0.024 0.016 0.084 0.052
126 F 0.032 0.018 0.016 0.016 0.01 0.01 0.018 0.024 0.016 0.06 0.108 0.018 0.024 0.422 0.01 0.024 0.024 0.016 0.084 0.052
127 P 0.054 0.024 0.022 0.029 0.01 0.02 0.034 0.034 0.012 0.024 0.034 0.039 0.01 0.012 0.522 0.041 0.034 0.002 0.012 0.029
128 S 0.146 0.03 0.035 0.034 0.017 0.025 0.038 0.055 0.015 0.102 0.073 0.042 0.02 0.025 0.024 0.158 0.06 0.005 0.017 0.078
129 V 0.06 0.021 0.015 0.016 0.017 0.015 0.021 0.022 0.008 0.144 0.195 0.024 0.034 0.038 0.015 0.029 0.043 0.006 0.02 0.255
130 L 0.045 0.027 0.018 0.018 0.014 0.022 0.024 0.026 0.015 0.086 0.166 0.03 0.162 0.14 0.014 0.032 0.034 0.01 0.038 0.078
131 G 0.074 0.022 0.037 0.032 0.01 0.018 0.024 0.538 0.013 0.018 0.027 0.032 0.009 0.015 0.018 0.048 0.028 0.005 0.01 0.023
132 L 0.045 0.023 0.015 0.017 0.015 0.018 0.021 0.022 0.011 0.189 0.231 0.027 0.096 0.045 0.014 0.027 0.036 0.007 0.021 0.121
133 N 0.043 0.049 0.277 0.07 0.008 0.089 0.059 0.056 0.029 0.022 0.033 0.06 0.013 0.016 0.02 0.062 0.045 0.005 0.016 0.027
134 N 0.04 0.042 0.356 0.078 0.008 0.032 0.047 0.062 0.03 0.021 0.03 0.051 0.011 0.017 0.019 0.066 0.047 0.004 0.015 0.025
135 V 0.066 0.021 0.016 0.017 0.018 0.016 0.022 0.023 0.008 0.155 0.123 0.025 0.03 0.034 0.016 0.031 0.047 0.005 0.019 0.31
136 Y 0.039 0.025 0.018 0.017 0.011 0.018 0.024 0.023 0.033 0.06 0.155 0.027 0.025 0.13 0.014 0.027 0.027 0.021 0.25 0.056
137 R 0.042 0.382 0.037 0.029 0.007 0.046 0.049 0.031 0.022 0.022 0.044 0.113 0.015 0.016 0.018 0.042 0.033 0.005 0.016 0.029
138 Q 0.053 0.069 0.042 0.044 0.008 0.259 0.097 0.039 0.028 0.025 0.044 0.086 0.019 0.014 0.022 0.053 0.039 0.006 0.019 0.033
139 Y 0.037 0.024 0.019 0.017 0.009 0.018 0.024 0.024 0.037 0.046 0.075 0.027 0.019 0.198 0.014 0.028 0.026 0.024 0.288 0.046
140 L 0.043 0.021 0.014 0.015 0.015 0.015 0.018 0.02 0.009 0.16 0.348 0.023 0.044 0.049 0.014 0.023 0.033 0.006 0.021 0.11
141 S 0.104 0.038 0.051 0.046 0.017 0.031 0.049 0.063 0.018 0.028 0.04 0.051 0.015 0.02 0.028 0.264 0.077 0.005 0.017 0.04
142 Y 0.041 0.027 0.02 0.018 0.01 0.022 0.026 0.024 0.037 0.055 0.095 0.031 0.065 0.104 0.015 0.031 0.029 0.022 0.273 0.055
143 T 0.132 0.028 0.03 0.029 0.142 0.022 0.032 0.047 0.012 0.046 0.06 0.037 0.017 0.021 0.024 0.073 0.165 0.005 0.015 0.063
144 F 0.038 0.019 0.015 0.016 0.013 0.012 0.018 0.022 0.012 0.135 0.196 0.02 0.032 0.234 0.012 0.024 0.029 0.011 0.052 0.09
145 F 0.037 0.018 0.016 0.017 0.012 0.011 0.018 0.023 0.014 0.14 0.127 0.02 0.028 0.288 0.012 0.024 0.029 0.013 0.064 0.092
146 L 0.044 0.021 0.014 0.015 0.016 0.015 0.019 0.02 0.009 0.174 0.32 0.024 0.044 0.049 0.014 0.024 0.034 0.006 0.021 0.118
147 Y 0.039 0.026 0.019 0.017 0.01 0.019 0.025 0.023 0.035 0.058 0.151 0.028 0.025 0.105 0.014 0.028 0.028 0.021 0.273 0.056
148 F 0.032 0.018 0.016 0.016 0.01 0.01 0.018 0.024 0.016 0.06 0.108 0.018 0.024 0.422 0.01 0.024 0.024 0.016 0.084 0.052
149 L 0.055 0.025 0.021 0.02 0.016 0.018 0.024 0.026 0.01 0.106 0.252 0.029 0.035 0.04 0.017 0.041 0.1 0.006 0.02 0.14
150 S 0.104 0.038 0.051 0.046 0.017 0.031 0.049 0.063 0.018 0.028 0.04 0.051 0.015 0.02 0.028 0.264 0.077 0.005 0.017 0.04
151 L 0.043 0.021 0.014 0.015 0.015 0.015 0.018 0.02 0.009 0.16 0.348 0.023 0.044 0.049 0.014 0.023 0.033 0.006 0.021 0.11
152 L 0.059 0.039 0.032 0.031 0.012 0.082 0.048 0.036 0.025 0.051 0.14 0.048 0.025 0.052 0.02 0.092 0.044 0.011 0.103 0.052
153 F 0.034 0.02 0.017 0.016 0.01 0.013 0.02 0.024 0.022 0.059 0.122 0.021 0.024 0.316 0.011 0.025 0.025 0.018 0.147 0.053
154 V 0.127 0.022 0.017 0.02 0.018 0.017 0.025 0.035 0.009 0.166 0.115 0.028 0.028 0.032 0.018 0.041 0.044 0.005 0.019 0.213
155 G 0.051 0.039 0.12 0.058 0.008 0.037 0.114 0.167 0.115 0.02 0.032 0.049 0.012 0.019 0.02 0.051 0.034 0.005 0.024 0.025
156 S 0.144 0.037 0.12 0.05 0.015 0.03 0.046 0.065 0.02 0.03 0.041 0.049 0.014 0.019 0.026 0.169 0.062 0.005 0.016 0.042
157 G 0.069 0.041 0.037 0.034 0.01 0.026 0.035 0.414 0.014 0.02 0.03 0.104 0.01 0.015 0.02 0.049 0.03 0.005 0.012 0.025
158 S 0.077 0.032 0.04 0.036 0.015 0.025 0.038 0.048 0.016 0.042 0.062 0.041 0.018 0.121 0.023 0.16 0.117 0.008 0.033 0.049
159 L 0.045 0.042 0.022 0.022 0.012 0.025 0.032 0.026 0.02 0.122 0.169 0.099 0.028 0.058 0.017 0.032 0.033 0.011 0.103 0.083
160 K 0.054 0.101 0.039 0.039 0.008 0.05 0.067 0.041 0.02 0.026 0.041 0.319 0.015 0.015 0.026 0.05 0.037 0.005 0.016 0.031
161 K 0.066 0.085 0.042 0.041 0.01 0.046 0.062 0.046 0.019 0.027 0.04 0.252 0.015 0.016 0.027 0.104 0.047 0.005 0.016 0.033
162 L 0.054 0.026 0.025 0.024 0.013 0.019 0.028 0.033 0.022 0.059 0.156 0.031 0.026 0.154 0.017 0.085 0.04 0.013 0.119 0.057
163 F 0.034 0.019 0.015 0.016 0.011 0.011 0.018 0.023 0.014 0.072 0.184 0.019 0.03 0.329 0.011 0.024 0.026 0.014 0.068 0.062
164 F 0.031 0.019 0.016 0.016 0.009 0.011 0.019 0.025 0.016 0.052 0.093 0.019 0.022 0.33 0.009 0.023 0.023 0.142 0.079 0.046
165 L 0.037 0.02 0.014 0.015 0.012 0.013 0.019 0.023 0.012 0.127 0.182 0.021 0.03 0.143 0.011 0.023 0.029 0.137 0.047 0.084
166 L 0.043 0.021 0.014 0.015 0.015 0.015 0.018 0.02 0.009 0.16 0.348 0.023 0.044 0.049 0.014 0.023 0.033 0.006 0.021 0.11
167 L 0.049 0.02 0.014 0.016 0.016 0.014 0.019 0.021 0.009 0.188 0.255 0.024 0.039 0.044 0.014 0.025 0.037 0.006 0.02 0.171
168 S 0.16 0.036 0.044 0.042 0.017 0.03 0.047 0.065 0.017 0.031 0.044 0.049 0.015 0.02 0.028 0.218 0.07 0.005 0.017 0.046
169 G 0.052 0.019 0.02 0.02 0.013 0.014 0.02 0.151 0.011 0.149 0.107 0.024 0.025 0.129 0.014 0.031 0.033 0.008 0.033 0.126
170 L 0.042 0.023 0.013 0.014 0.015 0.015 0.019 0.02 0.01 0.109 0.411 0.024 0.047 0.052 0.013 0.023 0.032 0.007 0.021 0.091
171 T 0.069 0.033 0.041 0.035 0.017 0.026 0.037 0.041 0.013 0.05 0.061 0.043 0.019 0.022 0.026 0.087 0.289 0.006 0.017 0.067
172 H 0.04 0.043 0.05 0.036 0.007 0.036 0.05 0.036 0.392 0.022 0.036 0.043 0.014 0.029 0.018 0.04 0.025 0.007 0.054 0.022
173 N 0.04 0.042 0.356 0.078 0.008 0.032 0.047 0.062 0.03 0.021 0.03 0.051 0.011 0.017 0.019 0.066 0.047 0.004 0.015 0.025
174 V 0.132 0.023 0.018 0.02 0.019 0.018 0.026 0.036 0.009 0.127 0.106 0.029 0.026 0.03 0.019 0.043 0.047 0.005 0.019 0.249
175 G 0.15 0.03 0.04 0.037 0.015 0.025 0.038 0.224 0.015 0.028 0.039 0.042 0.013 0.018 0.025 0.146 0.053 0.005 0.014 0.04
176 A 0.256 0.026 0.022 0.025 0.018 0.021 0.033 0.061 0.014 0.046 0.069 0.036 0.018 0.121 0.024 0.066 0.041 0.008 0.033 0.062
177 I 0.049 0.019 0.014 0.016 0.016 0.014 0.019 0.021 0.008 0.222 0.213 0.023 0.037 0.042 0.014 0.025 0.038 0.006 0.02 0.184
178 F 0.032 0.018 0.016 0.016 0.01 0.01 0.018 0.024 0.016 0.06 0.108 0.018 0.024 0.422 0.01 0.024 0.024 0.016 0.084 0.052
179 L 0.167 0.027 0.021 0.023 0.018 0.02 0.03 0.046 0.012 0.074 0.232 0.034 0.032 0.036 0.021 0.067 0.042 0.006 0.019 0.076
180 P 0.054 0.024 0.022 0.029 0.01 0.02 0.034 0.034 0.012 0.024 0.034 0.039 0.01 0.012 0.522 0.041 0.034 0.002 0.012 0.029
181 L 0.049 0.021 0.014 0.016 0.016 0.015 0.019 0.021 0.009 0.171 0.276 0.024 0.04 0.045 0.014 0.025 0.037 0.006 0.02 0.165
182 L 0.118 0.023 0.017 0.019 0.016 0.016 0.024 0.035 0.012 0.091 0.174 0.027 0.029 0.132 0.017 0.04 0.037 0.008 0.035 0.129
183 F 0.033 0.02 0.017 0.016 0.01 0.013 0.02 0.024 0.023 0.055 0.097 0.021 0.022 0.347 0.011 0.025 0.025 0.019 0.152 0.05
184 L 0.121 0.026 0.023 0.024 0.017 0.02 0.028 0.039 0.011 0.128 0.172 0.033 0.029 0.034 0.02 0.054 0.101 0.006 0.018 0.097
185 L 0.039 0.02 0.014 0.015 0.014 0.013 0.018 0.021 0.011 0.143 0.247 0.021 0.036 0.172 0.012 0.023 0.031 0.009 0.042 0.097
186 N 0.044 0.142 0.197 0.056 0.008 0.04 0.052 0.049 0.025 0.023 0.036 0.134 0.013 0.016 0.021 0.056 0.041 0.005 0.016 0.028
187 D 0.05 0.047 0.125 0.15 0.01 0.035 0.082 0.046 0.02 0.029 0.039 0.093 0.013 0.017 0.023 0.063 0.101 0.005 0.015 0.036
188 K 0.061 0.067 0.04 0.037 0.012 0.038 0.052 0.041 0.016 0.038 0.051 0.181 0.017 0.018 0.026 0.069 0.163 0.005 0.017 0.049
189 R 0.054 0.12 0.112 0.04 0.013 0.03 0.039 0.039 0.018 0.062 0.064 0.058 0.018 0.022 0.02 0.057 0.104 0.005 0.017 0.108
190 R 0.046 0.143 0.035 0.032 0.008 0.075 0.056 0.033 0.059 0.028 0.048 0.133 0.016 0.043 0.02 0.043 0.033 0.011 0.105 0.033
191 L 0.058 0.025 0.023 0.023 0.016 0.019 0.026 0.031 0.011 0.14 0.255 0.03 0.036 0.041 0.017 0.083 0.044 0.006 0.02 0.097
192 S 0.075 0.051 0.052 0.141 0.012 0.035 0.063 0.052 0.018 0.026 0.037 0.116 0.013 0.017 0.026 0.157 0.056 0.005 0.015 0.033
193 L 0.112 0.024 0.018 0.019 0.014 0.018 0.025 0.035 0.02 0.084 0.164 0.029 0.027 0.123 0.017 0.039 0.033 0.013 0.114 0.072
194 K 0.049 0.128 0.032 0.031 0.01 0.041 0.052 0.034 0.017 0.046 0.134 0.211 0.023 0.024 0.022 0.042 0.035 0.005 0.018 0.046
195 A 0.134 0.03 0.033 0.031 0.016 0.023 0.036 0.05 0.015 0.045 0.066 0.038 0.018 0.121 0.023 0.114 0.109 0.008 0.033 0.056
196 I 0.049 0.019 0.014 0.016 0.016 0.014 0.019 0.021 0.008 0.222 0.213 0.023 0.037 0.042 0.014 0.025 0.038 0.006 0.02 0.184
197 F 0.115 0.021 0.018 0.019 0.015 0.015 0.024 0.036 0.013 0.079 0.099 0.026 0.024 0.224 0.016 0.04 0.035 0.011 0.051 0.12
198 S 0.093 0.035 0.045 0.041 0.016 0.029 0.044 0.055 0.017 0.041 0.101 0.047 0.02 0.025 0.026 0.224 0.07 0.005 0.017 0.048
199 G 0.066 0.029 0.032 0.029 0.013 0.024 0.032 0.163 0.023 0.045 0.079 0.037 0.062 0.051 0.019 0.094 0.042 0.011 0.101 0.048
200 L 0.042 0.023 0.013 0.014 0.015 0.015 0.019 0.02 0.01 0.109 0.411 0.024 0.047 0.052 0.013 0.023 0.032 0.007 0.021 0.091
201 G 0.078 0.024 0.035 0.031 0.137 0.02 0.028 0.292 0.013 0.026 0.039 0.033 0.012 0.017 0.02 0.1 0.042 0.005 0.012 0.035
202 V 0.055 0.019 0.015 0.017 0.017 0.014 0.019 0.021 0.008 0.234 0.141 0.023 0.032 0.038 0.015 0.027 0.042 0.005 0.019 0.238
203 L 0.04 0.019 0.014 0.016 0.014 0.013 0.018 0.021 0.011 0.181 0.23 0.022 0.036 0.14 0.013 0.023 0.032 0.009 0.036 0.113
204 L 0.053 0.021 0.017 0.018 0.016 0.015 0.021 0.023 0.009 0.187 0.202 0.025 0.035 0.04 0.015 0.031 0.06 0.006 0.02 0.187
205 L 0.042 0.023 0.013 0.014 0.015 0.015 0.019 0.02 0.01 0.109 0.411 0.024 0.047 0.052 0.013 0.023 0.032 0.007 0.021 0.091
206 L 0.042 0.023 0.013 0.014 0.015 0.015 0.019 0.02 0.01 0.109 0.411 0.024 0.047 0.052 0.013 0.023 0.032 0.007 0.021 0.091
207 P 0.054 0.024 0.022 0.029 0.01 0.02 0.034 0.034 0.012 0.024 0.034 0.039 0.01 0.012 0.522 0.041 0.034 0.002 0.012 0.029
208 F 0.037 0.02 0.017 0.017 0.011 0.013 0.02 0.023 0.021 0.118 0.11 0.022 0.025 0.252 0.012 0.025 0.028 0.016 0.136 0.079
209 L 0.164 0.025 0.018 0.02 0.018 0.019 0.027 0.043 0.011 0.084 0.239 0.031 0.033 0.037 0.02 0.047 0.039 0.006 0.019 0.098
210 L 0.058 0.025 0.023 0.023 0.016 0.019 0.026 0.031 0.011 0.14 0.255 0.03 0.036 0.041 0.017 0.083 0.044 0.006 0.02 0.097
211 G 0.056 0.025 0.051 0.232 0.009 0.023 0.055 0.291 0.015 0.019 0.027 0.037 0.009 0.015 0.019 0.049 0.031 0.004 0.01 0.023
212 T 0.078 0.035 0.043 0.038 0.017 0.027 0.04 0.046 0.014 0.045 0.056 0.045 0.018 0.022 0.027 0.132 0.236 0.005 0.017 0.06
213 K 0.054 0.101 0.039 0.039 0.008 0.05 0.067 0.041 0.02 0.026 0.041 0.319 0.015 0.015 0.026 0.05 0.037 0.005 0.016 0.031
214 S 0.104 0.038 0.051 0.046 0.017 0.031 0.049 0.063 0.018 0.028 0.04 0.051 0.015 0.02 0.028 0.264 0.077 0.005 0.017 0.04
215 F 0.053 0.03 0.083 0.034 0.011 0.022 0.033 0.04 0.028 0.039 0.063 0.036 0.017 0.154 0.018 0.093 0.042 0.015 0.146 0.042
216 S 0.078 0.031 0.046 0.135 0.015 0.027 0.052 0.048 0.015 0.058 0.057 0.042 0.017 0.022 0.023 0.152 0.059 0.005 0.016 0.103
217 D 0.115 0.033 0.048 0.244 0.01 0.035 0.137 0.049 0.018 0.026 0.036 0.049 0.012 0.016 0.024 0.058 0.037 0.004 0.013 0.035
218 T 0.08 0.035 0.044 0.039 0.017 0.028 0.041 0.048 0.015 0.043 0.054 0.046 0.017 0.021 0.027 0.146 0.219 0.005 0.017 0.058
219 G 0.074 0.022 0.037 0.032 0.01 0.018 0.024 0.538 0.013 0.018 0.027 0.032 0.009 0.015 0.018 0.048 0.028 0.005 0.01 0.023
220 E 0.05 0.037 0.029 0.052 0.011 0.041 0.18 0.029 0.018 0.058 0.156 0.051 0.054 0.03 0.02 0.045 0.056 0.006 0.018 0.058
221 V 0.069 0.026 0.024 0.024 0.017 0.019 0.028 0.032 0.011 0.112 0.174 0.031 0.03 0.035 0.018 0.087 0.051 0.005 0.019 0.188
222 G 0.057 0.027 0.111 0.039 0.011 0.021 0.028 0.289 0.016 0.041 0.123 0.035 0.019 0.025 0.017 0.046 0.034 0.005 0.014 0.041
223 G 0.131 0.024 0.025 0.026 0.015 0.019 0.03 0.167 0.012 0.06 0.06 0.034 0.016 0.02 0.146 0.05 0.039 0.004 0.015 0.107
224 G 0.07 0.023 0.032 0.032 0.012 0.021 0.05 0.367 0.012 0.052 0.051 0.033 0.014 0.02 0.018 0.044 0.033 0.005 0.013 0.095
225 A 0.198 0.025 0.02 0.022 0.019 0.02 0.03 0.049 0.011 0.098 0.089 0.033 0.023 0.027 0.022 0.056 0.047 0.005 0.018 0.188
226 Y 0.038 0.026 0.021 0.018 0.009 0.021 0.026 0.023 0.044 0.041 0.065 0.029 0.018 0.123 0.015 0.029 0.026 0.026 0.356 0.044
227 L 0.048 0.02 0.014 0.016 0.016 0.014 0.019 0.021 0.009 0.167 0.25 0.023 0.038 0.075 0.014 0.025 0.036 0.007 0.025 0.161
228 I 0.113 0.02 0.017 0.019 0.015 0.015 0.022 0.034 0.012 0.181 0.12 0.026 0.027 0.131 0.016 0.038 0.037 0.008 0.035 0.113
229 V 0.056 0.019 0.016 0.016 0.14 0.013 0.019 0.025 0.01 0.103 0.104 0.022 0.025 0.127 0.014 0.031 0.038 0.008 0.034 0.182
230 L 0.051 0.026 0.022 0.021 0.016 0.02 0.025 0.027 0.012 0.142 0.204 0.031 0.077 0.04 0.017 0.042 0.099 0.006 0.02 0.103
231 F 0.041 0.02 0.015 0.016 0.013 0.013 0.019 0.023 0.012 0.092 0.211 0.021 0.033 0.234 0.012 0.025 0.03 0.011 0.052 0.108
232 V 0.051 0.02 0.016 0.017 0.015 0.014 0.02 0.023 0.011 0.166 0.133 0.023 0.044 0.134 0.014 0.028 0.038 0.008 0.036 0.191
233 L 0.043 0.021 0.014 0.015 0.015 0.015 0.018 0.02 0.009 0.16 0.348 0.023 0.044 0.049 0.014 0.023 0.033 0.006 0.021 0.11
234 L 0.044 0.021 0.017 0.018 0.014 0.014 0.021 0.025 0.012 0.137 0.216 0.024 0.033 0.17 0.014 0.044 0.034 0.009 0.041 0.093
235 L 0.041 0.019 0.014 0.016 0.014 0.013 0.018 0.021 0.011 0.198 0.209 0.022 0.035 0.139 0.013 0.024 0.033 0.008 0.036 0.119
236 F 0.043 0.02 0.015 0.016 0.013 0.013 0.019 0.023 0.012 0.096 0.187 0.021 0.031 0.232 0.012 0.025 0.032 0.011 0.052 0.126
237 Y 0.046 0.028 0.026 0.022 0.011 0.022 0.029 0.028 0.036 0.043 0.064 0.033 0.018 0.098 0.018 0.044 0.092 0.021 0.272 0.05
238 L 0.05 0.022 0.021 0.021 0.016 0.017 0.022 0.025 0.01 0.196 0.197 0.028 0.034 0.039 0.017 0.039 0.099 0.006 0.019 0.123
239 A 0.184 0.025 0.019 0.022 0.017 0.018 0.028 0.048 0.013 0.063 0.158 0.031 0.026 0.128 0.02 0.052 0.037 0.008 0.034 0.068
240 S 0.089 0.033 0.042 0.039 0.016 0.027 0.041 0.052 0.016 0.099 0.069 0.044 0.02 0.025 0.024 0.204 0.067 0.005 0.017 0.071
241 Y 0.039 0.031 0.028 0.022 0.008 0.024 0.032 0.027 0.131 0.036 0.057 0.033 0.017 0.1 0.016 0.032 0.026 0.022 0.281 0.038
242 R 0.06 0.226 0.041 0.036 0.01 0.043 0.054 0.041 0.02 0.025 0.042 0.149 0.015 0.017 0.023 0.1 0.045 0.005 0.016 0.032
243 L 0.045 0.024 0.014 0.015 0.016 0.016 0.02 0.021 0.01 0.115 0.375 0.025 0.05 0.055 0.014 0.024 0.033 0.007 0.022 0.096
244 F 0.043 0.021 0.045 0.022 0.136 0.015 0.021 0.029 0.015 0.058 0.103 0.024 0.051 0.225 0.013 0.033 0.031 0.011 0.05 0.056
245 K 0.052 0.181 0.034 0.032 0.01 0.043 0.054 0.035 0.018 0.046 0.055 0.201 0.017 0.018 0.022 0.044 0.037 0.005 0.017 0.077
246 L 0.042 0.019 0.014 0.016 0.014 0.013 0.018 0.02 0.01 0.202 0.234 0.022 0.037 0.108 0.013 0.023 0.033 0.008 0.031 0.122
247 N 0.051 0.055 0.198 0.058 0.01 0.035 0.049 0.051 0.023 0.03 0.04 0.116 0.014 0.018 0.023 0.067 0.105 0.005 0.016 0.037
248 Y 0.039 0.031 0.115 0.136 0.008 0.025 0.046 0.038 0.034 0.031 0.046 0.038 0.014 0.069 0.017 0.043 0.033 0.015 0.185 0.034
249 V 0.058 0.043 0.027 0.027 0.015 0.026 0.036 0.031 0.012 0.136 0.096 0.102 0.024 0.028 0.02 0.048 0.103 0.005 0.018 0.144
250 N 0.055 0.037 0.196 0.057 0.011 0.028 0.042 0.052 0.022 0.03 0.039 0.047 0.013 0.018 0.105 0.084 0.108 0.004 0.015 0.038
251 S 0.148 0.051 0.041 0.04 0.015 0.034 0.051 0.06 0.017 0.031 0.044 0.116 0.015 0.019 0.028 0.165 0.06 0.005 0.016 0.044
252 K 0.051 0.171 0.039 0.037 0.008 0.049 0.062 0.038 0.02 0.025 0.042 0.268 0.015 0.015 0.024 0.048 0.036 0.005 0.016 0.031
253 Y 0.038 0.023 0.018 0.016 0.011 0.017 0.022 0.023 0.028 0.063 0.162 0.025 0.027 0.18 0.013 0.026 0.027 0.019 0.204 0.058
254 L 0.038 0.021 0.014 0.015 0.013 0.013 0.019 0.022 0.012 0.088 0.285 0.021 0.037 0.206 0.012 0.023 0.028 0.011 0.047 0.075
255 Y 0.111 0.027 0.021 0.02 0.012 0.021 0.029 0.036 0.037 0.041 0.062 0.033 0.017 0.098 0.018 0.042 0.032 0.021 0.271 0.049
256 Y 0.043 0.025 0.018 0.018 0.012 0.02 0.024 0.023 0.028 0.122 0.118 0.029 0.07 0.083 0.015 0.029 0.032 0.016 0.189 0.085
257 F 0.043 0.029 0.022 0.034 0.011 0.028 0.1 0.026 0.017 0.067 0.159 0.036 0.071 0.164 0.015 0.033 0.031 0.01 0.041 0.062
258 I 0.05 0.018 0.014 0.017 0.016 0.013 0.018 0.02 0.008 0.273 0.15 0.023 0.033 0.04 0.014 0.025 0.04 0.005 0.019 0.203
259 Y 0.037 0.025 0.02 0.017 0.009 0.019 0.025 0.024 0.039 0.044 0.072 0.028 0.019 0.173 0.014 0.029 0.026 0.025 0.311 0.045
260 L 0.041 0.024 0.015 0.016 0.014 0.017 0.021 0.023 0.013 0.093 0.279 0.025 0.081 0.143 0.013 0.026 0.031 0.009 0.037 0.08
261 L 0.04 0.021 0.014 0.015 0.014 0.014 0.019 0.021 0.011 0.114 0.314 0.022 0.04 0.143 0.013 0.023 0.03 0.009 0.037 0.087
262 P 0.068 0.028 0.032 0.032 0.015 0.022 0.034 0.039 0.013 0.104 0.073 0.039 0.019 0.024 0.148 0.104 0.11 0.005 0.016 0.076
263 L 0.042 0.023 0.013 0.014 0.015 0.015 0.019 0.02 0.01 0.109 0.411 0.024 0.047 0.052 0.013 0.023 0.032 0.007 0.021 0.091
264 L 0.061 0.028 0.028 0.025 0.017 0.021 0.029 0.031 0.011 0.091 0.164 0.034 0.028 0.032 0.02 0.057 0.164 0.006 0.019 0.134
265 S 0.088 0.034 0.042 0.038 0.016 0.027 0.042 0.052 0.016 0.048 0.132 0.044 0.023 0.028 0.024 0.204 0.066 0.005 0.018 0.052
266 F 0.042 0.023 0.016 0.016 0.012 0.017 0.022 0.025 0.013 0.081 0.141 0.024 0.07 0.141 0.012 0.027 0.031 0.138 0.048 0.101
267 S 0.107 0.038 0.125 0.053 0.015 0.031 0.048 0.063 0.021 0.027 0.038 0.05 0.014 0.019 0.026 0.199 0.067 0.005 0.016 0.038
268 I 0.131 0.025 0.026 0.027 0.017 0.02 0.03 0.044 0.012 0.173 0.103 0.034 0.025 0.031 0.021 0.098 0.05 0.005 0.018 0.109
269 L 0.049 0.021 0.015 0.016 0.015 0.014 0.02 0.022 0.01 0.116 0.215 0.023 0.034 0.137 0.013 0.027 0.036 0.008 0.036 0.173
270 L 0.043 0.021 0.014 0.015 0.015 0.015 0.018 0.02 0.009 0.16 0.348 0.023 0.044 0.049 0.014 0.023 0.033 0.006 0.021 0.11
271 L 0.047 0.028 0.018 0.018 0.015 0.024 0.025 0.025 0.014 0.098 0.242 0.032 0.168 0.047 0.015 0.031 0.036 0.007 0.022 0.088
272 G 0.138 0.024 0.034 0.031 0.013 0.019 0.028 0.422 0.013 0.024 0.034 0.034 0.011 0.017 0.02 0.056 0.033 0.005 0.012 0.033
273 S 0.091 0.034 0.044 0.042 0.015 0.028 0.046 0.055 0.017 0.027 0.038 0.048 0.014 0.018 0.152 0.208 0.067 0.004 0.015 0.037
274 A 0.274 0.031 0.031 0.033 0.019 0.026 0.041 0.071 0.015 0.038 0.052 0.044 0.016 0.02 0.028 0.126 0.055 0.005 0.017 0.059
275 Q 0.053 0.069 0.042 0.044 0.008 0.259 0.097 0.039 0.028 0.025 0.044 0.086 0.019 0.014 0.022 0.053 0.039 0.006 0.019 0.033
276 S 0.16 0.036 0.044 0.042 0.017 0.03 0.047 0.065 0.017 0.031 0.044 0.049 0.015 0.02 0.028 0.218 0.07 0.005 0.017 0.046
277 K 0.053 0.088 0.039 0.051 0.008 0.053 0.134 0.039 0.021 0.025 0.039 0.257 0.014 0.015 0.026 0.051 0.037 0.005 0.016 0.031
278 R 0.042 0.382 0.037 0.029 0.007 0.046 0.049 0.031 0.022 0.022 0.044 0.113 0.015 0.016 0.018 0.042 0.033 0.005 0.016 0.029
279 I 0.054 0.022 0.021 0.021 0.016 0.016 0.023 0.025 0.009 0.221 0.128 0.028 0.03 0.036 0.017 0.041 0.102 0.006 0.019 0.166
280 G 0.138 0.024 0.034 0.031 0.013 0.019 0.028 0.422 0.013 0.024 0.034 0.034 0.011 0.017 0.02 0.056 0.033 0.005 0.012 0.033
281 M 0.049 0.03 0.019 0.019 0.015 0.027 0.027 0.027 0.015 0.095 0.186 0.034 0.208 0.045 0.015 0.034 0.038 0.008 0.023 0.087
282 F 0.038 0.021 0.017 0.017 0.011 0.015 0.021 0.023 0.026 0.115 0.102 0.024 0.024 0.202 0.013 0.026 0.028 0.018 0.181 0.077
283 C 0.141 0.029 0.033 0.031 0.142 0.023 0.035 0.052 0.013 0.04 0.055 0.039 0.016 0.02 0.024 0.118 0.112 0.005 0.015 0.056
284 L 0.042 0.023 0.013 0.014 0.015 0.015 0.019 0.02 0.01 0.109 0.411 0.024 0.047 0.052 0.013 0.023 0.032 0.007 0.021 0.091
285 V 0.066 0.026 0.025 0.025 0.016 0.021 0.029 0.033 0.012 0.148 0.127 0.033 0.072 0.035 0.018 0.088 0.05 0.006 0.02 0.151
286 L 0.043 0.02 0.014 0.016 0.015 0.014 0.018 0.02 0.009 0.211 0.285 0.023 0.041 0.047 0.014 0.023 0.035 0.006 0.02 0.129
287 S 0.091 0.034 0.044 0.04 0.016 0.028 0.043 0.054 0.016 0.077 0.061 0.046 0.018 0.024 0.025 0.209 0.088 0.005 0.017 0.063
288 L 0.042 0.023 0.013 0.014 0.015 0.015 0.019 0.02 0.01 0.109 0.411 0.024 0.047 0.052 0.013 0.023 0.032 0.007 0.021 0.091
289 I 0.048 0.019 0.015 0.016 0.014 0.014 0.02 0.023 0.01 0.189 0.119 0.023 0.028 0.043 0.013 0.026 0.037 0.134 0.031 0.18
290 P 0.051 0.022 0.02 0.026 0.011 0.018 0.03 0.03 0.011 0.096 0.065 0.035 0.016 0.02 0.395 0.037 0.035 0.003 0.014 0.064
291 L 0.045 0.02 0.014 0.016 0.016 0.014 0.018 0.02 0.009 0.197 0.282 0.023 0.04 0.046 0.014 0.024 0.035 0.006 0.02 0.141
292 V 0.061 0.02 0.015 0.017 0.017 0.015 0.021 0.022 0.008 0.195 0.132 0.024 0.031 0.036 0.015 0.029 0.044 0.005 0.019 0.274
293 K 0.051 0.082 0.033 0.033 0.01 0.042 0.055 0.036 0.017 0.047 0.133 0.245 0.023 0.024 0.023 0.044 0.036 0.005 0.017 0.046
294 L 0.135 0.028 0.026 0.026 0.018 0.022 0.032 0.045 0.012 0.083 0.157 0.035 0.027 0.031 0.021 0.1 0.051 0.005 0.018 0.126
295 I 0.05 0.018 0.014 0.017 0.016 0.013 0.018 0.02 0.008 0.273 0.15 0.023 0.033 0.04 0.014 0.025 0.04 0.005 0.019 0.203
296 E 0.049 0.046 0.118 0.083 0.007 0.054 0.264 0.04 0.026 0.021 0.033 0.066 0.012 0.016 0.023 0.055 0.038 0.005 0.015 0.029
297 D 0.059 0.039 0.127 0.16 0.01 0.038 0.13 0.05 0.022 0.023 0.033 0.054 0.012 0.017 0.023 0.108 0.048 0.004 0.014 0.029
298 N 0.041 0.038 0.27 0.062 0.01 0.028 0.04 0.051 0.025 0.043 0.125 0.044 0.02 0.026 0.018 0.055 0.043 0.005 0.016 0.042
299 Y 0.045 0.025 0.019 0.017 0.011 0.019 0.025 0.023 0.035 0.07 0.079 0.028 0.021 0.101 0.015 0.03 0.031 0.021 0.272 0.111
300 K 0.051 0.171 0.039 0.037 0.008 0.049 0.062 0.038 0.02 0.025 0.042 0.268 0.015 0.015 0.024 0.048 0.036 0.005 0.016 0.031
301 Q 0.053 0.069 0.042 0.044 0.008 0.259 0.097 0.039 0.028 0.025 0.044 0.086 0.019 0.014 0.022 0.053 0.039 0.006 0.019 0.033
302 K 0.05 0.083 0.046 0.137 0.008 0.045 0.072 0.042 0.019 0.025 0.037 0.25 0.013 0.014 0.025 0.05 0.036 0.005 0.015 0.029
303 A 0.124 0.104 0.027 0.027 0.014 0.032 0.042 0.042 0.015 0.067 0.078 0.118 0.035 0.024 0.022 0.05 0.041 0.005 0.018 0.114
304 L 0.096 0.021 0.016 0.018 0.016 0.016 0.022 0.03 0.01 0.156 0.191 0.026 0.033 0.07 0.016 0.035 0.039 0.007 0.025 0.157
305 V 0.056 0.022 0.016 0.017 0.017 0.018 0.022 0.023 0.01 0.179 0.147 0.026 0.076 0.039 0.015 0.03 0.042 0.006 0.02 0.219
306 R 0.057 0.296 0.04 0.033 0.01 0.042 0.049 0.039 0.021 0.023 0.043 0.098 0.015 0.017 0.021 0.098 0.044 0.005 0.016 0.032
307 I 0.048 0.018 0.015 0.017 0.015 0.013 0.019 0.022 0.01 0.197 0.134 0.022 0.03 0.134 0.013 0.026 0.037 0.008 0.036 0.186
308 I 0.049 0.019 0.017 0.018 0.015 0.014 0.02 0.023 0.01 0.188 0.129 0.023 0.029 0.133 0.014 0.031 0.057 0.008 0.035 0.166
309 L 0.048 0.023 0.015 0.016 0.016 0.017 0.021 0.022 0.01 0.164 0.243 0.026 0.081 0.045 0.014 0.027 0.037 0.006 0.021 0.145
310 F 0.042 0.021 0.017 0.017 0.012 0.014 0.021 0.024 0.021 0.079 0.101 0.022 0.024 0.25 0.013 0.027 0.03 0.016 0.136 0.115
311 I 0.041 0.017 0.014 0.017 0.014 0.012 0.017 0.021 0.01 0.249 0.146 0.021 0.032 0.137 0.013 0.024 0.034 0.008 0.036 0.138
312 L 0.048 0.02 0.014 0.016 0.016 0.015 0.019 0.021 0.009 0.217 0.218 0.024 0.051 0.043 0.014 0.026 0.038 0.006 0.02 0.165
313 L 0.047 0.021 0.014 0.015 0.14 0.014 0.018 0.023 0.009 0.092 0.323 0.023 0.039 0.043 0.014 0.027 0.032 0.006 0.019 0.081
314 I 0.057 0.025 0.027 0.026 0.016 0.019 0.027 0.03 0.011 0.181 0.11 0.033 0.027 0.032 0.02 0.056 0.163 0.006 0.018 0.117
315 L 0.045 0.022 0.016 0.017 0.015 0.015 0.02 0.022 0.01 0.155 0.319 0.025 0.041 0.047 0.015 0.028 0.054 0.006 0.02 0.108
316 P 0.054 0.024 0.022 0.029 0.01 0.02 0.034 0.034 0.012 0.024 0.034 0.039 0.01 0.012 0.522 0.041 0.034 0.002 0.012 0.029
317 T 0.069 0.033 0.041 0.035 0.017 0.026 0.037 0.041 0.013 0.05 0.061 0.043 0.019 0.022 0.026 0.087 0.289 0.006 0.017 0.067
318 L 0.041 0.019 0.014 0.016 0.014 0.013 0.018 0.021 0.011 0.198 0.209 0.022 0.035 0.139 0.013 0.024 0.033 0.008 0.036 0.119
319 L 0.049 0.02 0.014 0.016 0.016 0.014 0.019 0.021 0.009 0.205 0.234 0.023 0.038 0.043 0.014 0.025 0.038 0.006 0.02 0.177
