#Seq2Logo.py -f /work3/idamei/ssn-clusterings/clustering/2205111339/clusters/0010_131/sequences.afa -o /work3/idamei/ssn-clusterings/clustering/2205111339/clusters/0010_131/sequences.logo
#Position Specific Frequency Matrix
A R N D C Q E G H I L K M F P S T W Y V
0 L 0.05 0.031 0.019 0.019 0.016 0.027 0.027 0.027 0.016 0.097 0.19 0.035 0.189 0.047 0.016 0.035 0.039 0.008 0.023 0.089
1 N 0.081 0.051 0.109 0.051 0.011 0.074 0.088 0.046 0.024 0.061 0.057 0.087 0.018 0.027 0.022 0.055 0.041 0.007 0.038 0.053
2 K 0.058 0.142 0.084 0.045 0.009 0.045 0.059 0.046 0.022 0.025 0.041 0.19 0.014 0.017 0.024 0.08 0.045 0.005 0.017 0.032
3 K 0.051 0.115 0.035 0.05 0.009 0.049 0.14 0.034 0.021 0.039 0.099 0.147 0.02 0.022 0.023 0.046 0.036 0.006 0.017 0.041
4 K 0.048 0.08 0.028 0.032 0.011 0.035 0.064 0.03 0.021 0.087 0.124 0.128 0.024 0.045 0.02 0.039 0.035 0.009 0.071 0.068
5 H 0.056 0.034 0.035 0.028 0.013 0.027 0.038 0.031 0.183 0.093 0.084 0.036 0.023 0.033 0.018 0.037 0.038 0.007 0.039 0.148
6 E 0.055 0.05 0.04 0.09 0.007 0.064 0.296 0.035 0.026 0.022 0.037 0.076 0.013 0.017 0.026 0.055 0.037 0.006 0.017 0.031
7 S 0.11 0.04 0.054 0.049 0.018 0.033 0.052 0.066 0.019 0.03 0.042 0.054 0.016 0.021 0.03 0.22 0.082 0.005 0.018 0.042
8 G 0.078 0.023 0.039 0.034 0.011 0.019 0.026 0.51 0.014 0.019 0.028 0.034 0.009 0.016 0.019 0.051 0.03 0.005 0.011 0.024
9 K 0.057 0.107 0.042 0.042 0.009 0.054 0.071 0.043 0.021 0.028 0.043 0.278 0.016 0.016 0.028 0.054 0.04 0.005 0.017 0.033
10 K 0.065 0.073 0.116 0.053 0.011 0.043 0.06 0.053 0.023 0.026 0.039 0.173 0.014 0.017 0.026 0.102 0.052 0.005 0.017 0.033
11 G 0.068 0.022 0.031 0.028 0.012 0.017 0.024 0.353 0.013 0.05 0.059 0.03 0.016 0.082 0.017 0.043 0.032 0.007 0.025 0.072
12 A 0.15 0.033 0.033 0.032 0.016 0.026 0.04 0.056 0.027 0.038 0.056 0.043 0.017 0.057 0.025 0.115 0.053 0.013 0.121 0.052
13 K 0.101 0.052 0.03 0.03 0.015 0.031 0.043 0.041 0.014 0.1 0.083 0.122 0.022 0.025 0.023 0.056 0.08 0.005 0.018 0.11
14 R 0.054 0.164 0.04 0.045 0.009 0.079 0.104 0.037 0.022 0.029 0.046 0.123 0.016 0.017 0.023 0.056 0.075 0.006 0.017 0.038
15 I 0.053 0.025 0.025 0.025 0.013 0.019 0.029 0.032 0.058 0.115 0.091 0.031 0.023 0.081 0.077 0.057 0.039 0.07 0.037 0.101
16 S 0.086 0.049 0.047 0.067 0.014 0.034 0.054 0.055 0.018 0.027 0.039 0.097 0.014 0.018 0.088 0.172 0.063 0.005 0.016 0.036
17 L 0.047 0.023 0.018 0.019 0.015 0.017 0.022 0.023 0.014 0.164 0.226 0.027 0.036 0.054 0.016 0.033 0.064 0.009 0.06 0.113
18 L 0.051 0.052 0.069 0.042 0.011 0.036 0.077 0.037 0.022 0.05 0.108 0.108 0.041 0.039 0.021 0.05 0.066 0.008 0.058 0.052
19 V 0.099 0.035 0.029 0.028 0.016 0.024 0.034 0.101 0.013 0.113 0.087 0.067 0.023 0.027 0.021 0.072 0.06 0.005 0.017 0.13
20 L 0.042 0.02 0.015 0.016 0.074 0.013 0.018 0.023 0.012 0.096 0.233 0.021 0.034 0.181 0.013 0.026 0.03 0.01 0.044 0.078
21 L 0.043 0.023 0.014 0.015 0.016 0.016 0.02 0.021 0.01 0.111 0.397 0.024 0.048 0.053 0.014 0.023 0.032 0.007 0.022 0.093
22 D 0.082 0.043 0.042 0.143 0.01 0.088 0.134 0.042 0.021 0.059 0.054 0.059 0.017 0.019 0.023 0.053 0.038 0.005 0.016 0.052
23 Y 0.043 0.028 0.024 0.02 0.01 0.022 0.028 0.026 0.041 0.043 0.066 0.032 0.018 0.113 0.017 0.038 0.058 0.024 0.3 0.048
24 I 0.049 0.02 0.019 0.02 0.044 0.014 0.021 0.087 0.011 0.144 0.143 0.025 0.027 0.104 0.076 0.031 0.033 0.007 0.03 0.096
25 L 0.038 0.021 0.015 0.016 0.013 0.013 0.019 0.023 0.013 0.086 0.253 0.021 0.036 0.23 0.012 0.024 0.028 0.012 0.054 0.073
26 V 0.123 0.022 0.02 0.022 0.017 0.017 0.025 0.098 0.01 0.155 0.108 0.03 0.026 0.031 0.019 0.044 0.043 0.005 0.018 0.165
27 L 0.074 0.021 0.016 0.018 0.014 0.014 0.021 0.029 0.012 0.13 0.188 0.024 0.032 0.179 0.014 0.031 0.033 0.01 0.045 0.094
28 L 0.118 0.026 0.022 0.023 0.016 0.019 0.028 0.04 0.013 0.1 0.202 0.032 0.032 0.084 0.019 0.066 0.042 0.007 0.028 0.085
29 L 0.087 0.028 0.026 0.025 0.017 0.021 0.029 0.035 0.012 0.08 0.229 0.034 0.033 0.038 0.02 0.056 0.124 0.006 0.019 0.081
30 I 0.048 0.018 0.014 0.017 0.016 0.013 0.018 0.02 0.008 0.279 0.158 0.023 0.035 0.042 0.014 0.025 0.04 0.006 0.02 0.186
31 L 0.044 0.025 0.015 0.016 0.016 0.018 0.021 0.022 0.011 0.108 0.353 0.027 0.08 0.051 0.014 0.026 0.034 0.007 0.022 0.092
32 Q 0.071 0.057 0.045 0.05 0.011 0.154 0.108 0.047 0.025 0.026 0.043 0.074 0.017 0.016 0.025 0.119 0.052 0.005 0.018 0.036
33 C 0.06 0.026 0.019 0.02 0.232 0.042 0.029 0.03 0.012 0.079 0.103 0.032 0.059 0.028 0.016 0.038 0.039 0.005 0.017 0.114
34 N 0.042 0.046 0.31 0.076 0.009 0.056 0.053 0.06 0.03 0.022 0.032 0.056 0.012 0.017 0.02 0.066 0.047 0.004 0.016 0.027
35 T 0.082 0.036 0.045 0.04 0.017 0.028 0.042 0.049 0.015 0.044 0.055 0.046 0.018 0.022 0.027 0.143 0.21 0.005 0.017 0.059
36 V 0.065 0.021 0.016 0.017 0.018 0.016 0.022 0.023 0.008 0.153 0.156 0.025 0.032 0.036 0.016 0.031 0.046 0.005 0.02 0.274
37 F 0.037 0.022 0.018 0.017 0.01 0.015 0.022 0.024 0.028 0.079 0.096 0.024 0.023 0.243 0.013 0.027 0.027 0.02 0.193 0.062
38 Y 0.044 0.026 0.023 0.02 0.01 0.019 0.027 0.029 0.032 0.043 0.071 0.029 0.019 0.17 0.015 0.052 0.032 0.076 0.219 0.044
39 R 0.054 0.149 0.035 0.072 0.012 0.033 0.046 0.034 0.017 0.079 0.103 0.091 0.022 0.025 0.02 0.062 0.041 0.005 0.017 0.083
40 E 0.087 0.046 0.04 0.096 0.011 0.088 0.153 0.043 0.022 0.034 0.057 0.063 0.035 0.02 0.024 0.076 0.043 0.005 0.017 0.042
41 Y 0.062 0.03 0.032 0.029 0.012 0.024 0.034 0.091 0.062 0.067 0.074 0.038 0.036 0.049 0.074 0.083 0.042 0.01 0.094 0.056
42 N 0.067 0.037 0.122 0.104 0.012 0.033 0.084 0.113 0.021 0.027 0.037 0.05 0.013 0.018 0.023 0.109 0.078 0.005 0.015 0.035
43 T 0.08 0.035 0.052 0.116 0.015 0.03 0.054 0.052 0.017 0.037 0.047 0.048 0.016 0.02 0.027 0.141 0.144 0.005 0.016 0.049
44 P 0.057 0.026 0.023 0.031 0.01 0.021 0.036 0.036 0.013 0.026 0.036 0.041 0.01 0.013 0.492 0.044 0.036 0.003 0.013 0.031
45 N 0.058 0.052 0.186 0.06 0.011 0.035 0.05 0.055 0.024 0.051 0.048 0.098 0.015 0.02 0.023 0.094 0.052 0.005 0.016 0.045
46 H 0.048 0.033 0.033 0.026 0.012 0.026 0.036 0.029 0.194 0.079 0.149 0.034 0.027 0.036 0.017 0.034 0.033 0.007 0.038 0.108
47 S 0.092 0.036 0.071 0.045 0.013 0.031 0.073 0.048 0.058 0.039 0.082 0.047 0.018 0.023 0.078 0.1 0.073 0.005 0.021 0.046
48 K 0.09 0.073 0.073 0.043 0.012 0.041 0.057 0.05 0.02 0.031 0.044 0.191 0.015 0.017 0.026 0.083 0.071 0.005 0.017 0.04
49 L 0.044 0.039 0.021 0.021 0.013 0.023 0.03 0.026 0.016 0.121 0.198 0.086 0.032 0.09 0.016 0.031 0.033 0.009 0.063 0.086
50 I 0.051 0.019 0.015 0.017 0.016 0.014 0.019 0.022 0.009 0.205 0.17 0.023 0.034 0.082 0.014 0.027 0.039 0.007 0.027 0.191
51 T 0.06 0.048 0.032 0.032 0.014 0.052 0.045 0.035 0.015 0.102 0.083 0.1 0.023 0.025 0.022 0.056 0.119 0.005 0.018 0.111
52 L 0.047 0.022 0.022 0.062 0.014 0.016 0.027 0.079 0.011 0.153 0.237 0.027 0.035 0.041 0.015 0.029 0.034 0.006 0.018 0.103
53 S 0.11 0.04 0.054 0.049 0.018 0.033 0.052 0.066 0.019 0.03 0.042 0.054 0.016 0.021 0.03 0.22 0.082 0.005 0.018 0.042
54 L 0.083 0.025 0.024 0.023 0.015 0.019 0.026 0.143 0.013 0.069 0.186 0.031 0.046 0.077 0.018 0.044 0.06 0.007 0.025 0.067
55 W 0.045 0.02 0.015 0.016 0.067 0.014 0.02 0.026 0.011 0.102 0.126 0.022 0.025 0.085 0.012 0.027 0.032 0.175 0.042 0.117
56 L 0.043 0.02 0.014 0.016 0.015 0.014 0.018 0.021 0.01 0.189 0.262 0.023 0.04 0.088 0.013 0.024 0.034 0.007 0.028 0.123
57 L 0.092 0.024 0.025 0.025 0.016 0.019 0.026 0.145 0.011 0.113 0.153 0.031 0.027 0.032 0.018 0.062 0.042 0.006 0.017 0.115
58 L 0.087 0.025 0.024 0.024 0.015 0.019 0.028 0.037 0.013 0.108 0.162 0.031 0.029 0.119 0.018 0.081 0.044 0.008 0.034 0.093
59 L 0.065 0.029 0.029 0.027 0.015 0.023 0.031 0.09 0.014 0.072 0.194 0.036 0.065 0.037 0.019 0.086 0.071 0.006 0.019 0.07
60 L 0.041 0.02 0.014 0.016 0.014 0.013 0.018 0.021 0.011 0.173 0.243 0.022 0.038 0.128 0.013 0.024 0.033 0.008 0.035 0.114
61 L 0.108 0.026 0.025 0.025 0.017 0.02 0.029 0.094 0.012 0.107 0.154 0.033 0.028 0.033 0.02 0.076 0.046 0.006 0.018 0.126
62 L 0.044 0.023 0.014 0.015 0.016 0.017 0.02 0.021 0.01 0.13 0.35 0.025 0.062 0.051 0.014 0.025 0.034 0.007 0.021 0.101
63 F 0.08 0.026 0.03 0.068 0.013 0.02 0.035 0.039 0.016 0.056 0.107 0.032 0.04 0.176 0.018 0.067 0.064 0.01 0.044 0.058
64 V 0.078 0.021 0.016 0.018 0.015 0.015 0.022 0.028 0.011 0.144 0.152 0.025 0.03 0.141 0.015 0.033 0.037 0.009 0.038 0.153
65 L 0.048 0.061 0.023 0.062 0.014 0.02 0.031 0.025 0.011 0.133 0.218 0.036 0.034 0.039 0.016 0.03 0.037 0.006 0.019 0.136
66 S 0.129 0.038 0.049 0.045 0.017 0.031 0.049 0.065 0.018 0.03 0.042 0.051 0.015 0.02 0.029 0.231 0.075 0.005 0.017 0.043
67 L 0.082 0.022 0.018 0.019 0.016 0.016 0.023 0.029 0.011 0.128 0.177 0.027 0.032 0.1 0.016 0.037 0.052 0.008 0.031 0.158
68 L 0.048 0.024 0.053 0.024 0.014 0.018 0.024 0.026 0.019 0.148 0.157 0.028 0.03 0.058 0.015 0.032 0.038 0.01 0.092 0.141
69 K 0.077 0.055 0.074 0.088 0.009 0.061 0.09 0.044 0.064 0.028 0.042 0.109 0.015 0.03 0.023 0.053 0.037 0.008 0.057 0.034
70 L 0.057 0.026 0.023 0.023 0.015 0.02 0.026 0.057 0.012 0.131 0.219 0.031 0.07 0.041 0.017 0.065 0.043 0.006 0.02 0.096
71 Y 0.048 0.031 0.02 0.02 0.013 0.02 0.027 0.025 0.023 0.125 0.102 0.057 0.025 0.106 0.016 0.031 0.035 0.014 0.135 0.128
72 K 0.053 0.08 0.038 0.039 0.009 0.133 0.076 0.038 0.022 0.035 0.083 0.178 0.021 0.019 0.023 0.049 0.038 0.006 0.019 0.039
73 K 0.098 0.057 0.075 0.043 0.013 0.036 0.05 0.107 0.019 0.03 0.042 0.132 0.014 0.018 0.025 0.105 0.075 0.005 0.016 0.04
74 K 0.052 0.176 0.072 0.04 0.008 0.044 0.055 0.095 0.021 0.024 0.04 0.184 0.014 0.016 0.022 0.05 0.037 0.005 0.016 0.029
75 I 0.054 0.073 0.03 0.028 0.014 0.027 0.035 0.032 0.017 0.116 0.093 0.073 0.032 0.039 0.02 0.052 0.116 0.008 0.054 0.087
76 N 0.051 0.049 0.182 0.144 0.009 0.057 0.065 0.054 0.025 0.023 0.034 0.082 0.012 0.016 0.022 0.08 0.046 0.004 0.015 0.028
77 I 0.08 0.021 0.016 0.018 0.017 0.015 0.021 0.027 0.009 0.197 0.195 0.026 0.035 0.041 0.016 0.032 0.04 0.006 0.02 0.169
78 L 0.052 0.056 0.029 0.029 0.012 0.054 0.047 0.033 0.016 0.063 0.134 0.127 0.025 0.031 0.02 0.044 0.063 0.062 0.024 0.079
79 P 0.058 0.071 0.029 0.032 0.01 0.026 0.038 0.145 0.014 0.023 0.035 0.076 0.011 0.014 0.294 0.045 0.034 0.004 0.013 0.029
80 L 0.048 0.024 0.016 0.017 0.015 0.017 0.022 0.023 0.01 0.115 0.292 0.027 0.057 0.045 0.07 0.028 0.035 0.006 0.02 0.112
81 L 0.048 0.022 0.015 0.016 0.016 0.016 0.021 0.022 0.011 0.135 0.257 0.025 0.056 0.086 0.014 0.027 0.036 0.007 0.028 0.142
82 L 0.05 0.05 0.026 0.026 0.013 0.028 0.037 0.03 0.013 0.118 0.19 0.12 0.031 0.034 0.019 0.04 0.063 0.006 0.019 0.087
83 F 0.044 0.022 0.02 0.02 0.012 0.015 0.023 0.029 0.016 0.088 0.117 0.024 0.043 0.286 0.013 0.051 0.034 0.013 0.064 0.068
84 L 0.046 0.025 0.018 0.024 0.013 0.022 0.055 0.024 0.016 0.13 0.177 0.031 0.048 0.052 0.015 0.03 0.035 0.065 0.061 0.113
85 L 0.047 0.022 0.018 0.018 0.015 0.015 0.021 0.024 0.011 0.13 0.228 0.025 0.035 0.125 0.015 0.032 0.06 0.008 0.035 0.117
86 L 0.116 0.034 0.025 0.025 0.044 0.023 0.033 0.041 0.012 0.097 0.151 0.063 0.027 0.031 0.021 0.061 0.069 0.006 0.018 0.104
87 F 0.034 0.022 0.017 0.016 0.01 0.014 0.021 0.025 0.022 0.055 0.119 0.022 0.023 0.229 0.011 0.025 0.025 0.128 0.131 0.05
88 G 0.069 0.027 0.031 0.029 0.015 0.02 0.03 0.146 0.013 0.065 0.137 0.034 0.024 0.072 0.019 0.088 0.07 0.007 0.024 0.081
89 L 0.06 0.023 0.021 0.02 0.016 0.017 0.023 0.109 0.01 0.107 0.226 0.027 0.034 0.039 0.016 0.043 0.039 0.006 0.019 0.146
90 L 0.049 0.025 0.019 0.019 0.015 0.019 0.024 0.025 0.018 0.114 0.208 0.029 0.051 0.062 0.016 0.034 0.061 0.011 0.092 0.11
91 L 0.095 0.032 0.03 0.035 0.016 0.028 0.065 0.041 0.015 0.072 0.15 0.041 0.044 0.032 0.022 0.093 0.074 0.006 0.019 0.091
92 V 0.055 0.02 0.018 0.018 0.015 0.014 0.021 0.079 0.011 0.131 0.145 0.024 0.029 0.119 0.014 0.03 0.038 0.008 0.034 0.176
93 L 0.058 0.022 0.02 0.021 0.069 0.016 0.024 0.029 0.011 0.131 0.136 0.028 0.027 0.074 0.071 0.054 0.042 0.006 0.025 0.134
94 L 0.039 0.02 0.015 0.016 0.013 0.013 0.018 0.022 0.012 0.131 0.218 0.021 0.035 0.209 0.012 0.024 0.03 0.011 0.049 0.092
95 L 0.045 0.023 0.015 0.016 0.015 0.016 0.02 0.022 0.011 0.13 0.287 0.025 0.058 0.089 0.014 0.026 0.034 0.008 0.028 0.119
96 L 0.082 0.024 0.022 0.022 0.015 0.018 0.025 0.086 0.014 0.134 0.164 0.03 0.029 0.046 0.018 0.041 0.063 0.008 0.055 0.107
97 I 0.076 0.064 0.022 0.023 0.014 0.043 0.033 0.031 0.015 0.141 0.108 0.042 0.026 0.115 0.016 0.037 0.037 0.008 0.034 0.116
98 S 0.08 0.04 0.148 0.057 0.014 0.031 0.048 0.061 0.022 0.029 0.039 0.051 0.014 0.019 0.025 0.171 0.09 0.005 0.016 0.039
99 Y 0.05 0.027 0.024 0.022 0.012 0.02 0.028 0.03 0.026 0.06 0.144 0.031 0.025 0.134 0.017 0.059 0.061 0.016 0.157 0.059
100 L 0.051 0.044 0.027 0.027 0.013 0.073 0.045 0.03 0.016 0.095 0.194 0.073 0.049 0.035 0.019 0.042 0.063 0.006 0.02 0.078
101 N 0.047 0.116 0.133 0.044 0.011 0.033 0.042 0.04 0.021 0.077 0.078 0.086 0.037 0.025 0.019 0.048 0.041 0.005 0.018 0.081
102 G 0.062 0.066 0.034 0.029 0.011 0.025 0.033 0.2 0.025 0.031 0.047 0.044 0.014 0.054 0.019 0.069 0.062 0.013 0.124 0.038
103 G 0.093 0.058 0.052 0.042 0.011 0.032 0.072 0.154 0.017 0.025 0.037 0.078 0.012 0.016 0.132 0.075 0.041 0.005 0.014 0.034
104 F 0.037 0.023 0.025 0.063 0.011 0.017 0.03 0.027 0.057 0.083 0.128 0.026 0.025 0.228 0.013 0.029 0.028 0.012 0.074 0.063
105 G 0.086 0.041 0.043 0.041 0.013 0.03 0.044 0.173 0.017 0.025 0.037 0.077 0.013 0.017 0.086 0.147 0.056 0.005 0.015 0.034
106 L 0.047 0.031 0.02 0.02 0.013 0.019 0.026 0.08 0.016 0.109 0.209 0.056 0.032 0.091 0.015 0.03 0.032 0.01 0.062 0.081
107 G 0.068 0.036 0.037 0.033 0.012 0.025 0.036 0.204 0.019 0.034 0.05 0.066 0.015 0.074 0.021 0.085 0.079 0.009 0.059 0.04
108 N 0.051 0.034 0.169 0.05 0.011 0.026 0.038 0.047 0.025 0.063 0.062 0.042 0.017 0.077 0.019 0.076 0.07 0.009 0.06 0.053
109 L 0.054 0.023 0.023 0.073 0.016 0.017 0.031 0.026 0.01 0.145 0.193 0.027 0.033 0.038 0.016 0.031 0.04 0.006 0.019 0.178
110 L 0.051 0.03 0.02 0.021 0.015 0.02 0.026 0.025 0.01 0.184 0.186 0.057 0.033 0.039 0.017 0.035 0.064 0.006 0.02 0.14
111 L 0.074 0.024 0.019 0.02 0.014 0.017 0.024 0.03 0.016 0.099 0.196 0.028 0.031 0.132 0.016 0.038 0.059 0.011 0.07 0.081
112 L 0.045 0.025 0.02 0.02 0.013 0.019 0.025 0.026 0.023 0.091 0.16 0.029 0.037 0.11 0.043 0.035 0.058 0.014 0.135 0.074
113 L 0.074 0.023 0.015 0.017 0.016 0.016 0.021 0.026 0.01 0.145 0.309 0.026 0.042 0.047 0.015 0.03 0.035 0.006 0.021 0.107
114 L 0.052 0.021 0.014 0.016 0.017 0.015 0.02 0.021 0.009 0.169 0.255 0.024 0.039 0.044 0.014 0.026 0.039 0.006 0.021 0.178
115 I 0.072 0.02 0.017 0.018 0.014 0.015 0.021 0.028 0.012 0.169 0.136 0.025 0.047 0.163 0.015 0.032 0.035 0.009 0.042 0.11
116 P 0.055 0.025 0.022 0.03 0.01 0.02 0.035 0.035 0.012 0.025 0.035 0.04 0.01 0.012 0.513 0.042 0.035 0.002 0.012 0.03
117 L 0.05 0.022 0.015 0.016 0.016 0.016 0.02 0.022 0.01 0.162 0.262 0.025 0.057 0.046 0.014 0.027 0.038 0.006 0.021 0.155
118 L 0.045 0.022 0.018 0.018 0.014 0.016 0.02 0.079 0.012 0.109 0.244 0.025 0.053 0.126 0.014 0.028 0.031 0.009 0.034 0.084
119 L 0.056 0.025 0.022 0.022 0.015 0.02 0.025 0.083 0.012 0.13 0.219 0.03 0.069 0.041 0.016 0.054 0.04 0.006 0.02 0.095
120 V 0.091 0.024 0.023 0.023 0.016 0.018 0.026 0.089 0.012 0.115 0.13 0.03 0.027 0.074 0.018 0.061 0.044 0.007 0.026 0.148
121 P 0.058 0.024 0.022 0.026 0.013 0.019 0.03 0.031 0.011 0.088 0.072 0.035 0.018 0.022 0.293 0.043 0.065 0.004 0.015 0.109
122 F 0.056 0.024 0.023 0.022 0.014 0.018 0.026 0.03 0.02 0.113 0.101 0.029 0.025 0.137 0.016 0.065 0.041 0.013 0.106 0.123
123 F 0.045 0.023 0.019 0.019 0.014 0.016 0.022 0.026 0.013 0.086 0.179 0.025 0.048 0.206 0.014 0.033 0.058 0.011 0.049 0.095
124 Y 0.038 0.025 0.02 0.018 0.009 0.019 0.025 0.024 0.039 0.046 0.076 0.027 0.019 0.189 0.014 0.029 0.026 0.025 0.287 0.047
125 G 0.055 0.03 0.03 0.038 0.011 0.028 0.093 0.14 0.056 0.056 0.064 0.038 0.017 0.07 0.017 0.039 0.033 0.063 0.033 0.089
126 D 0.049 0.077 0.039 0.127 0.01 0.037 0.112 0.089 0.018 0.042 0.115 0.082 0.02 0.024 0.02 0.044 0.034 0.005 0.016 0.042
127 L 0.076 0.041 0.023 0.023 0.013 0.025 0.033 0.033 0.017 0.111 0.136 0.09 0.044 0.086 0.018 0.038 0.036 0.009 0.063 0.083
128 V 0.09 0.049 0.029 0.03 0.015 0.041 0.043 0.039 0.014 0.118 0.089 0.111 0.023 0.027 0.022 0.066 0.046 0.005 0.018 0.126
129 N 0.046 0.043 0.14 0.09 0.01 0.031 0.048 0.045 0.062 0.038 0.062 0.072 0.034 0.066 0.02 0.055 0.064 0.006 0.028 0.041
130 G 0.085 0.048 0.073 0.052 0.01 0.061 0.111 0.153 0.061 0.024 0.037 0.082 0.013 0.018 0.022 0.055 0.036 0.005 0.02 0.032
131 S 0.066 0.083 0.093 0.049 0.011 0.081 0.073 0.049 0.026 0.027 0.043 0.066 0.016 0.029 0.023 0.117 0.052 0.008 0.053 0.035
132 L 0.075 0.025 0.022 0.022 0.015 0.019 0.024 0.17 0.012 0.081 0.218 0.03 0.053 0.038 0.017 0.037 0.035 0.006 0.018 0.085
133 D 0.081 0.037 0.037 0.122 0.012 0.029 0.079 0.041 0.016 0.091 0.073 0.069 0.019 0.066 0.021 0.068 0.041 0.006 0.024 0.067
134 A 0.113 0.054 0.065 0.042 0.012 0.043 0.074 0.048 0.026 0.032 0.048 0.051 0.015 0.042 0.077 0.076 0.043 0.01 0.089 0.042
135 L 0.045 0.021 0.014 0.016 0.015 0.014 0.019 0.021 0.01 0.152 0.284 0.023 0.04 0.088 0.014 0.025 0.034 0.007 0.028 0.128
136 L 0.039 0.022 0.015 0.015 0.014 0.014 0.019 0.022 0.012 0.094 0.303 0.022 0.04 0.172 0.012 0.024 0.03 0.01 0.043 0.079
137 I 0.052 0.042 0.027 0.028 0.013 0.072 0.044 0.03 0.015 0.158 0.114 0.072 0.045 0.031 0.019 0.042 0.065 0.006 0.02 0.104
138 I 0.058 0.099 0.03 0.029 0.013 0.03 0.039 0.033 0.015 0.133 0.092 0.106 0.024 0.028 0.02 0.063 0.056 0.005 0.018 0.11
139 F 0.037 0.021 0.017 0.017 0.011 0.014 0.021 0.023 0.024 0.108 0.107 0.023 0.025 0.234 0.013 0.026 0.028 0.017 0.157 0.076
140 K 0.056 0.088 0.037 0.043 0.009 0.049 0.091 0.039 0.019 0.041 0.05 0.249 0.016 0.017 0.025 0.049 0.039 0.005 0.017 0.061
141 N 0.053 0.063 0.21 0.063 0.009 0.039 0.055 0.056 0.026 0.024 0.035 0.137 0.013 0.017 0.023 0.082 0.048 0.005 0.016 0.029
142 I 0.05 0.019 0.014 0.017 0.016 0.014 0.019 0.021 0.009 0.226 0.206 0.024 0.037 0.043 0.014 0.026 0.039 0.006 0.02 0.181
143 V 0.058 0.024 0.019 0.02 0.017 0.019 0.024 0.025 0.01 0.172 0.143 0.029 0.067 0.038 0.016 0.037 0.068 0.006 0.02 0.19
144 V 0.056 0.021 0.015 0.016 0.017 0.015 0.021 0.023 0.009 0.153 0.189 0.024 0.034 0.081 0.015 0.028 0.04 0.007 0.027 0.21
145 L 0.135 0.024 0.018 0.02 0.017 0.018 0.026 0.04 0.012 0.095 0.193 0.029 0.031 0.099 0.018 0.044 0.038 0.008 0.03 0.104
146 L 0.042 0.023 0.014 0.015 0.015 0.015 0.019 0.021 0.01 0.105 0.367 0.024 0.045 0.092 0.013 0.023 0.031 0.008 0.029 0.088
147 A 0.223 0.034 0.037 0.037 0.019 0.028 0.044 0.07 0.016 0.036 0.05 0.047 0.016 0.02 0.029 0.156 0.062 0.005 0.017 0.055
148 V 0.082 0.023 0.017 0.018 0.043 0.018 0.023 0.029 0.014 0.145 0.153 0.028 0.048 0.047 0.016 0.035 0.04 0.008 0.056 0.156
149 L 0.052 0.022 0.016 0.017 0.016 0.017 0.021 0.023 0.01 0.184 0.197 0.026 0.071 0.043 0.015 0.028 0.04 0.006 0.021 0.174
150 S 0.106 0.039 0.052 0.047 0.017 0.032 0.05 0.064 0.018 0.029 0.04 0.052 0.015 0.02 0.029 0.25 0.079 0.005 0.017 0.04
151 L 0.043 0.023 0.014 0.015 0.016 0.015 0.019 0.02 0.01 0.132 0.373 0.024 0.046 0.051 0.014 0.023 0.033 0.007 0.021 0.101
152 F 0.068 0.019 0.017 0.018 0.013 0.013 0.021 0.029 0.014 0.104 0.113 0.022 0.026 0.285 0.013 0.031 0.031 0.013 0.063 0.087
153 F 0.037 0.019 0.019 0.018 0.01 0.011 0.019 0.08 0.016 0.056 0.101 0.02 0.023 0.367 0.011 0.027 0.025 0.015 0.077 0.05
154 W 0.029 0.022 0.015 0.015 0.007 0.015 0.022 0.029 0.015 0.029 0.051 0.022 0.015 0.058 0.007 0.022 0.022 0.512 0.066 0.029
155 L 0.046 0.021 0.014 0.016 0.016 0.015 0.019 0.021 0.009 0.179 0.29 0.024 0.042 0.047 0.014 0.025 0.036 0.006 0.021 0.141
156 L 0.071 0.022 0.016 0.017 0.015 0.015 0.021 0.027 0.012 0.113 0.271 0.025 0.038 0.127 0.015 0.03 0.033 0.009 0.035 0.089
157 A 0.247 0.033 0.034 0.035 0.019 0.027 0.043 0.071 0.016 0.037 0.052 0.046 0.016 0.021 0.029 0.138 0.058 0.005 0.017 0.058
158 L 0.051 0.025 0.02 0.02 0.015 0.019 0.024 0.027 0.013 0.134 0.216 0.029 0.079 0.085 0.016 0.052 0.04 0.008 0.028 0.098
159 L 0.075 0.023 0.016 0.018 0.016 0.018 0.022 0.028 0.011 0.16 0.219 0.028 0.071 0.064 0.016 0.033 0.037 0.007 0.024 0.112
160 G 0.068 0.027 0.106 0.043 0.01 0.021 0.03 0.425 0.017 0.019 0.028 0.037 0.009 0.016 0.018 0.053 0.033 0.005 0.011 0.024
161 V 0.087 0.06 0.019 0.02 0.017 0.02 0.026 0.03 0.011 0.138 0.127 0.036 0.028 0.054 0.017 0.037 0.043 0.006 0.023 0.203
162 P 0.098 0.034 0.054 0.042 0.013 0.029 0.059 0.051 0.057 0.027 0.039 0.047 0.013 0.018 0.188 0.118 0.051 0.004 0.019 0.036
163 P 0.092 0.031 0.033 0.033 0.015 0.024 0.037 0.043 0.013 0.041 0.053 0.042 0.016 0.019 0.189 0.073 0.17 0.005 0.016 0.055
164 N 0.051 0.041 0.26 0.068 0.011 0.031 0.046 0.058 0.026 0.029 0.038 0.05 0.013 0.019 0.022 0.082 0.1 0.005 0.016 0.036
165 L 0.063 0.032 0.028 0.026 0.016 0.027 0.032 0.036 0.016 0.09 0.148 0.038 0.135 0.039 0.019 0.085 0.061 0.007 0.021 0.081
166 T 0.083 0.037 0.08 0.046 0.016 0.03 0.045 0.054 0.017 0.038 0.049 0.048 0.016 0.021 0.027 0.158 0.163 0.005 0.017 0.051
167 V 0.087 0.08 0.027 0.027 0.015 0.029 0.039 0.036 0.014 0.105 0.087 0.101 0.023 0.026 0.021 0.048 0.068 0.005 0.018 0.143
168 V 0.087 0.033 0.062 0.033 0.016 0.047 0.038 0.039 0.015 0.101 0.107 0.041 0.034 0.029 0.02 0.055 0.095 0.006 0.019 0.124
169 V 0.055 0.022 0.051 0.024 0.016 0.016 0.023 0.026 0.011 0.206 0.131 0.027 0.03 0.036 0.015 0.032 0.043 0.005 0.019 0.21
170 N 0.06 0.042 0.109 0.053 0.011 0.057 0.081 0.048 0.062 0.031 0.048 0.053 0.016 0.063 0.022 0.099 0.073 0.007 0.029 0.038
171 W 0.029 0.022 0.015 0.015 0.007 0.015 0.022 0.029 0.015 0.029 0.051 0.022 0.015 0.058 0.007 0.022 0.022 0.512 0.066 0.029
172 G 0.079 0.024 0.039 0.034 0.011 0.02 0.027 0.477 0.014 0.019 0.029 0.035 0.01 0.016 0.019 0.072 0.034 0.005 0.011 0.025
173 G 0.099 0.029 0.07 0.039 0.013 0.023 0.034 0.266 0.016 0.027 0.037 0.04 0.012 0.017 0.077 0.081 0.067 0.005 0.013 0.036
174 V 0.055 0.028 0.098 0.079 0.012 0.022 0.037 0.092 0.019 0.069 0.066 0.036 0.018 0.034 0.073 0.045 0.04 0.007 0.052 0.118
175 R 0.056 0.186 0.042 0.034 0.01 0.038 0.048 0.039 0.103 0.026 0.044 0.076 0.015 0.032 0.02 0.087 0.041 0.008 0.062 0.032
176 A 0.138 0.043 0.072 0.043 0.015 0.076 0.055 0.057 0.02 0.036 0.05 0.056 0.017 0.019 0.026 0.104 0.102 0.005 0.017 0.051
177 V 0.055 0.02 0.015 0.017 0.017 0.014 0.02 0.022 0.008 0.216 0.172 0.024 0.035 0.04 0.015 0.027 0.042 0.006 0.02 0.218
178 P 0.06 0.03 0.063 0.035 0.012 0.024 0.036 0.04 0.023 0.039 0.083 0.04 0.017 0.044 0.184 0.086 0.044 0.009 0.088 0.042
179 G 0.075 0.022 0.038 0.032 0.01 0.018 0.025 0.529 0.013 0.018 0.027 0.032 0.009 0.016 0.018 0.049 0.029 0.005 0.01 0.023
180 Y 0.039 0.027 0.021 0.018 0.009 0.021 0.027 0.024 0.045 0.042 0.066 0.03 0.018 0.126 0.015 0.03 0.027 0.027 0.344 0.045
181 F 0.045 0.025 0.022 0.02 0.011 0.018 0.026 0.028 0.029 0.054 0.115 0.028 0.023 0.201 0.015 0.052 0.032 0.019 0.186 0.052
182 G 0.056 0.03 0.135 0.045 0.01 0.023 0.032 0.262 0.019 0.033 0.055 0.038 0.032 0.063 0.017 0.051 0.036 0.006 0.022 0.035
183 L 0.049 0.024 0.015 0.016 0.016 0.017 0.021 0.022 0.01 0.12 0.315 0.026 0.06 0.048 0.014 0.026 0.036 0.007 0.021 0.138
184 H 0.042 0.045 0.047 0.036 0.008 0.058 0.054 0.036 0.304 0.025 0.041 0.047 0.016 0.038 0.018 0.041 0.027 0.009 0.083 0.026
185 F 0.036 0.023 0.019 0.017 0.009 0.016 0.023 0.024 0.032 0.05 0.085 0.025 0.021 0.252 0.013 0.028 0.026 0.022 0.229 0.048
186 I 0.045 0.018 0.014 0.016 0.016 0.013 0.018 0.02 0.009 0.257 0.214 0.023 0.038 0.045 0.014 0.024 0.037 0.006 0.02 0.153
187 A 0.188 0.032 0.033 0.035 0.017 0.026 0.042 0.062 0.015 0.033 0.047 0.045 0.015 0.019 0.136 0.129 0.055 0.005 0.016 0.049
188 Q 0.054 0.071 0.042 0.045 0.008 0.245 0.099 0.04 0.028 0.025 0.045 0.088 0.02 0.014 0.023 0.054 0.04 0.006 0.02 0.034
189 G 0.071 0.024 0.072 0.038 0.01 0.02 0.027 0.477 0.015 0.019 0.028 0.035 0.009 0.016 0.018 0.051 0.031 0.005 0.011 0.024
190 S 0.153 0.037 0.046 0.043 0.018 0.03 0.048 0.066 0.018 0.031 0.044 0.05 0.015 0.02 0.029 0.213 0.072 0.005 0.017 0.046
191 V 0.063 0.023 0.021 0.021 0.018 0.018 0.025 0.027 0.009 0.166 0.119 0.029 0.029 0.034 0.018 0.043 0.096 0.005 0.019 0.218
192 N 0.056 0.043 0.165 0.099 0.011 0.055 0.058 0.053 0.064 0.027 0.038 0.053 0.014 0.019 0.022 0.094 0.073 0.005 0.02 0.033
193 F 0.032 0.018 0.016 0.016 0.01 0.01 0.018 0.024 0.016 0.061 0.11 0.018 0.024 0.41 0.01 0.024 0.024 0.016 0.085 0.053
194 L 0.042 0.023 0.014 0.015 0.015 0.015 0.019 0.021 0.01 0.105 0.367 0.024 0.045 0.092 0.013 0.023 0.031 0.008 0.029 0.088
195 G 0.07 0.022 0.035 0.03 0.01 0.018 0.024 0.473 0.013 0.019 0.03 0.031 0.01 0.02 0.017 0.046 0.028 0.061 0.017 0.024
196 L 0.043 0.022 0.016 0.017 0.014 0.016 0.02 0.023 0.012 0.138 0.236 0.025 0.072 0.128 0.013 0.026 0.033 0.009 0.036 0.1
197 P 0.056 0.026 0.023 0.031 0.01 0.02 0.036 0.036 0.013 0.026 0.036 0.041 0.01 0.013 0.499 0.043 0.036 0.003 0.013 0.031
198 N 0.066 0.057 0.145 0.053 0.012 0.031 0.045 0.108 0.062 0.027 0.038 0.051 0.013 0.02 0.022 0.114 0.076 0.005 0.02 0.034
199 I 0.051 0.021 0.015 0.017 0.016 0.015 0.02 0.023 0.01 0.182 0.173 0.025 0.051 0.082 0.014 0.028 0.039 0.007 0.028 0.182
200 I 0.053 0.018 0.015 0.017 0.017 0.014 0.019 0.021 0.008 0.252 0.149 0.023 0.034 0.04 0.015 0.027 0.041 0.006 0.02 0.212
201 R 0.043 0.37 0.037 0.03 0.007 0.047 0.05 0.032 0.022 0.022 0.045 0.116 0.015 0.017 0.019 0.043 0.034 0.006 0.017 0.03
202 N 0.041 0.043 0.343 0.08 0.009 0.032 0.047 0.063 0.03 0.022 0.03 0.052 0.011 0.017 0.019 0.067 0.047 0.004 0.015 0.026
203 T 0.068 0.03 0.036 0.032 0.125 0.023 0.033 0.039 0.012 0.049 0.063 0.038 0.018 0.022 0.024 0.078 0.222 0.005 0.016 0.065
204 G 0.075 0.022 0.038 0.032 0.01 0.018 0.025 0.529 0.013 0.018 0.027 0.032 0.009 0.016 0.018 0.049 0.029 0.005 0.01 0.023
205 L 0.047 0.02 0.014 0.016 0.016 0.014 0.019 0.021 0.009 0.21 0.25 0.024 0.04 0.046 0.014 0.025 0.037 0.006 0.02 0.154
206 F 0.032 0.018 0.016 0.016 0.01 0.01 0.018 0.024 0.016 0.061 0.11 0.018 0.024 0.41 0.01 0.024 0.024 0.016 0.085 0.053
207 V 0.095 0.022 0.017 0.018 0.019 0.017 0.024 0.029 0.009 0.145 0.118 0.027 0.029 0.033 0.017 0.037 0.048 0.005 0.019 0.271
208 E 0.053 0.048 0.039 0.087 0.007 0.062 0.324 0.034 0.025 0.021 0.035 0.073 0.012 0.016 0.025 0.053 0.035 0.005 0.016 0.03
209 A 0.317 0.03 0.025 0.029 0.021 0.025 0.039 0.075 0.014 0.042 0.057 0.043 0.017 0.021 0.029 0.082 0.048 0.005 0.017 0.066
210 P 0.055 0.025 0.022 0.03 0.01 0.02 0.035 0.035 0.012 0.025 0.035 0.04 0.01 0.012 0.513 0.042 0.035 0.002 0.012 0.03
211 M 0.05 0.031 0.019 0.019 0.015 0.027 0.027 0.027 0.015 0.097 0.189 0.035 0.193 0.046 0.015 0.035 0.039 0.008 0.023 0.089
212 Y 0.038 0.025 0.02 0.018 0.009 0.019 0.025 0.024 0.039 0.046 0.076 0.027 0.019 0.189 0.014 0.029 0.026 0.025 0.287 0.047
213 S 0.153 0.037 0.046 0.043 0.018 0.03 0.048 0.066 0.018 0.031 0.044 0.05 0.015 0.02 0.029 0.213 0.072 0.005 0.017 0.046
214 F 0.036 0.023 0.019 0.017 0.009 0.016 0.023 0.024 0.032 0.05 0.085 0.025 0.021 0.252 0.013 0.028 0.026 0.022 0.229 0.048
215 V 0.062 0.021 0.018 0.019 0.018 0.016 0.023 0.025 0.009 0.185 0.128 0.026 0.031 0.035 0.017 0.036 0.07 0.005 0.02 0.236
216 L 0.043 0.023 0.014 0.015 0.016 0.016 0.019 0.02 0.01 0.111 0.4 0.024 0.048 0.053 0.014 0.023 0.032 0.007 0.021 0.092
217 S 0.091 0.031 0.04 0.037 0.179 0.025 0.039 0.053 0.015 0.033 0.048 0.041 0.015 0.02 0.024 0.18 0.064 0.005 0.015 0.045
218 I 0.053 0.022 0.016 0.017 0.017 0.017 0.021 0.023 0.01 0.186 0.182 0.026 0.07 0.042 0.015 0.029 0.041 0.006 0.021 0.186
219 A 0.291 0.029 0.026 0.029 0.02 0.024 0.037 0.126 0.014 0.039 0.054 0.042 0.016 0.02 0.027 0.078 0.046 0.005 0.016 0.061
220 L 0.042 0.024 0.015 0.015 0.015 0.016 0.02 0.022 0.011 0.104 0.344 0.025 0.061 0.092 0.013 0.025 0.032 0.008 0.029 0.088
221 L 0.043 0.023 0.014 0.015 0.016 0.015 0.019 0.02 0.01 0.132 0.373 0.024 0.046 0.051 0.014 0.023 0.033 0.007 0.021 0.101
222 V 0.059 0.023 0.022 0.022 0.016 0.017 0.025 0.029 0.012 0.142 0.113 0.028 0.027 0.117 0.017 0.059 0.069 0.008 0.034 0.161
223 L 0.067 0.035 0.038 0.039 0.014 0.031 0.071 0.04 0.096 0.059 0.128 0.043 0.024 0.03 0.021 0.107 0.048 0.006 0.027 0.075
224 L 0.049 0.021 0.014 0.016 0.016 0.015 0.019 0.021 0.009 0.184 0.259 0.024 0.04 0.045 0.014 0.025 0.038 0.006 0.021 0.164
225 F 0.032 0.018 0.016 0.016 0.01 0.01 0.018 0.024 0.016 0.061 0.11 0.018 0.024 0.41 0.01 0.024 0.024 0.016 0.085 0.053
226 L 0.045 0.02 0.014 0.016 0.015 0.014 0.019 0.021 0.01 0.173 0.257 0.023 0.039 0.087 0.014 0.025 0.035 0.007 0.028 0.137
227 E 0.051 0.045 0.079 0.152 0.008 0.047 0.195 0.041 0.022 0.025 0.036 0.073 0.012 0.016 0.024 0.058 0.063 0.005 0.015 0.032
228 P 0.059 0.058 0.039 0.071 0.009 0.065 0.12 0.041 0.02 0.025 0.038 0.128 0.013 0.015 0.134 0.072 0.041 0.005 0.016 0.032
229 R 0.049 0.184 0.059 0.081 0.009 0.065 0.062 0.039 0.021 0.027 0.043 0.135 0.015 0.016 0.022 0.053 0.063 0.005 0.016 0.034
230 K 0.084 0.084 0.056 0.1 0.011 0.033 0.054 0.045 0.018 0.036 0.079 0.109 0.017 0.02 0.078 0.072 0.042 0.005 0.016 0.041
231 I 0.047 0.018 0.015 0.018 0.016 0.013 0.018 0.021 0.009 0.271 0.168 0.024 0.037 0.044 0.015 0.025 0.04 0.006 0.021 0.177
232 K 0.052 0.085 0.061 0.041 0.009 0.046 0.061 0.041 0.071 0.045 0.049 0.225 0.016 0.019 0.024 0.049 0.037 0.005 0.022 0.04
233 G 0.066 0.076 0.028 0.026 0.011 0.025 0.034 0.096 0.02 0.066 0.069 0.074 0.018 0.088 0.017 0.051 0.035 0.072 0.072 0.055
234 L 0.076 0.103 0.025 0.023 0.013 0.026 0.032 0.033 0.019 0.062 0.153 0.05 0.044 0.085 0.018 0.044 0.061 0.01 0.063 0.063
235 N 0.062 0.051 0.146 0.096 0.01 0.035 0.055 0.108 0.022 0.024 0.034 0.105 0.012 0.017 0.023 0.1 0.049 0.005 0.015 0.03
236 F 0.042 0.032 0.054 0.026 0.011 0.02 0.028 0.031 0.015 0.089 0.12 0.057 0.024 0.122 0.014 0.032 0.033 0.12 0.044 0.087
237 E 0.057 0.055 0.072 0.059 0.01 0.09 0.15 0.041 0.023 0.034 0.079 0.092 0.018 0.02 0.023 0.073 0.042 0.005 0.017 0.039
238 I 0.058 0.067 0.03 0.033 0.014 0.028 0.063 0.032 0.014 0.131 0.125 0.047 0.026 0.031 0.02 0.069 0.094 0.006 0.018 0.093
239 L 0.039 0.021 0.014 0.015 0.013 0.014 0.019 0.023 0.011 0.129 0.237 0.023 0.035 0.091 0.012 0.023 0.03 0.12 0.038 0.091
240 L 0.045 0.021 0.014 0.016 0.016 0.015 0.019 0.02 0.009 0.187 0.292 0.024 0.042 0.048 0.014 0.024 0.035 0.006 0.021 0.134
241 L 0.043 0.023 0.014 0.015 0.016 0.015 0.019 0.02 0.01 0.132 0.373 0.024 0.046 0.051 0.014 0.023 0.033 0.007 0.021 0.101
242 V 0.098 0.028 0.028 0.027 0.016 0.023 0.031 0.095 0.013 0.103 0.106 0.036 0.06 0.031 0.02 0.088 0.049 0.006 0.019 0.124
243 I 0.066 0.021 0.016 0.018 0.016 0.016 0.021 0.025 0.01 0.21 0.177 0.026 0.052 0.041 0.015 0.03 0.04 0.006 0.02 0.175
244 T 0.07 0.034 0.042 0.036 0.017 0.027 0.038 0.042 0.013 0.051 0.063 0.044 0.019 0.023 0.027 0.089 0.275 0.006 0.017 0.068
245 I 0.052 0.02 0.018 0.02 0.016 0.015 0.021 0.025 0.01 0.248 0.174 0.026 0.034 0.041 0.016 0.049 0.042 0.006 0.02 0.147
246 L 0.041 0.02 0.014 0.016 0.014 0.013 0.018 0.021 0.011 0.163 0.256 0.022 0.038 0.129 0.013 0.024 0.032 0.009 0.035 0.109
247 T 0.082 0.036 0.045 0.04 0.017 0.028 0.042 0.049 0.015 0.044 0.055 0.046 0.018 0.022 0.027 0.143 0.21 0.005 0.017 0.059
248 T 0.07 0.034 0.042 0.036 0.017 0.027 0.038 0.042 0.013 0.051 0.063 0.044 0.019 0.023 0.027 0.089 0.275 0.006 0.017 0.068
249 T 0.098 0.034 0.04 0.035 0.018 0.026 0.038 0.045 0.013 0.05 0.062 0.044 0.019 0.023 0.027 0.088 0.25 0.006 0.017 0.068
250 S 0.106 0.039 0.052 0.047 0.017 0.032 0.05 0.064 0.018 0.029 0.04 0.052 0.015 0.02 0.029 0.25 0.079 0.005 0.017 0.04
251 T 0.08 0.035 0.045 0.039 0.017 0.028 0.041 0.048 0.015 0.045 0.056 0.046 0.018 0.022 0.027 0.134 0.221 0.005 0.017 0.06
252 T 0.07 0.034 0.042 0.036 0.017 0.027 0.038 0.042 0.013 0.051 0.063 0.044 0.019 0.023 0.027 0.089 0.275 0.006 0.017 0.068
253 G 0.075 0.022 0.038 0.032 0.01 0.018 0.025 0.529 0.013 0.018 0.027 0.032 0.009 0.016 0.018 0.049 0.029 0.005 0.01 0.023
254 L 0.105 0.027 0.025 0.025 0.018 0.021 0.03 0.038 0.011 0.093 0.154 0.034 0.028 0.032 0.021 0.057 0.12 0.006 0.019 0.137
255 I 0.052 0.019 0.015 0.017 0.017 0.014 0.019 0.021 0.008 0.231 0.176 0.024 0.035 0.041 0.015 0.026 0.041 0.006 0.02 0.204
256 V 0.055 0.021 0.015 0.017 0.017 0.016 0.021 0.022 0.009 0.193 0.175 0.025 0.052 0.04 0.015 0.029 0.042 0.006 0.02 0.209
257 L 0.081 0.024 0.019 0.02 0.016 0.018 0.023 0.084 0.011 0.138 0.202 0.029 0.06 0.04 0.016 0.036 0.038 0.006 0.019 0.121
258 V 0.071 0.021 0.015 0.017 0.017 0.016 0.021 0.025 0.009 0.173 0.19 0.025 0.035 0.039 0.016 0.031 0.042 0.006 0.02 0.21
259 L 0.045 0.021 0.014 0.015 0.016 0.015 0.019 0.02 0.009 0.166 0.318 0.024 0.043 0.049 0.014 0.024 0.035 0.006 0.021 0.125
260 A 0.18 0.03 0.03 0.03 0.018 0.024 0.036 0.056 0.014 0.077 0.105 0.04 0.022 0.027 0.025 0.098 0.088 0.005 0.018 0.077
261 I 0.047 0.019 0.015 0.017 0.015 0.013 0.019 0.022 0.01 0.194 0.168 0.022 0.033 0.124 0.014 0.026 0.037 0.008 0.035 0.164
262 L 0.049 0.022 0.021 0.02 0.014 0.015 0.022 0.081 0.012 0.104 0.167 0.025 0.029 0.161 0.015 0.035 0.059 0.009 0.041 0.1
263 L 0.046 0.023 0.019 0.018 0.012 0.016 0.022 0.08 0.019 0.076 0.183 0.026 0.029 0.103 0.014 0.029 0.03 0.068 0.104 0.086
264 Y 0.049 0.097 0.034 0.07 0.01 0.031 0.045 0.032 0.026 0.048 0.06 0.093 0.017 0.055 0.02 0.045 0.061 0.012 0.126 0.068
265 L 0.074 0.023 0.016 0.017 0.016 0.017 0.022 0.028 0.011 0.138 0.253 0.026 0.055 0.086 0.015 0.031 0.035 0.008 0.028 0.102
266 L 0.083 0.025 0.023 0.023 0.016 0.018 0.026 0.034 0.012 0.124 0.199 0.031 0.032 0.08 0.018 0.063 0.067 0.007 0.027 0.094
267 F 0.036 0.02 0.017 0.017 0.011 0.013 0.02 0.024 0.02 0.097 0.112 0.021 0.025 0.297 0.012 0.026 0.027 0.016 0.117 0.072
268 V 0.054 0.021 0.015 0.017 0.016 0.015 0.021 0.023 0.01 0.158 0.175 0.024 0.034 0.101 0.014 0.028 0.04 0.008 0.031 0.197
269 N 0.059 0.068 0.141 0.056 0.01 0.073 0.064 0.053 0.025 0.025 0.039 0.14 0.015 0.017 0.024 0.089 0.049 0.005 0.017 0.032
270 K 0.085 0.09 0.068 0.041 0.011 0.037 0.064 0.045 0.019 0.036 0.081 0.125 0.018 0.021 0.078 0.074 0.043 0.005 0.017 0.042
271 R 0.058 0.158 0.032 0.029 0.012 0.036 0.045 0.034 0.017 0.064 0.101 0.121 0.022 0.025 0.02 0.063 0.043 0.005 0.018 0.098
272 L 0.115 0.073 0.028 0.027 0.015 0.027 0.036 0.095 0.014 0.065 0.135 0.073 0.024 0.028 0.021 0.053 0.065 0.006 0.017 0.085
273 N 0.062 0.036 0.124 0.049 0.012 0.029 0.043 0.05 0.071 0.063 0.054 0.045 0.016 0.023 0.091 0.104 0.051 0.005 0.022 0.051
274 N 0.044 0.03 0.126 0.04 0.011 0.022 0.033 0.039 0.018 0.053 0.125 0.036 0.021 0.051 0.126 0.042 0.037 0.062 0.026 0.059
275 G 0.059 0.061 0.027 0.026 0.013 0.021 0.028 0.141 0.013 0.124 0.118 0.041 0.024 0.029 0.073 0.059 0.039 0.005 0.016 0.083
276 L 0.052 0.022 0.015 0.017 0.017 0.016 0.021 0.022 0.009 0.167 0.232 0.025 0.055 0.044 0.015 0.028 0.039 0.006 0.021 0.177
277 K 0.056 0.124 0.039 0.038 0.008 0.047 0.061 0.095 0.019 0.025 0.04 0.254 0.014 0.015 0.025 0.05 0.037 0.005 0.016 0.03
278 L 0.083 0.076 0.033 0.031 0.015 0.029 0.04 0.042 0.015 0.076 0.138 0.076 0.025 0.029 0.022 0.108 0.051 0.006 0.018 0.087
279 L 0.04 0.019 0.015 0.016 0.013 0.013 0.018 0.022 0.012 0.154 0.207 0.021 0.035 0.188 0.012 0.024 0.031 0.01 0.046 0.103
280 L 0.072 0.022 0.016 0.017 0.015 0.015 0.021 0.027 0.011 0.134 0.244 0.025 0.036 0.126 0.015 0.03 0.034 0.008 0.035 0.098
281 L 0.084 0.024 0.019 0.02 0.017 0.017 0.024 0.03 0.01 0.141 0.208 0.028 0.034 0.039 0.017 0.04 0.066 0.006 0.02 0.157
282 L 0.053 0.021 0.02 0.02 0.015 0.016 0.021 0.079 0.01 0.183 0.184 0.027 0.033 0.039 0.016 0.035 0.063 0.006 0.019 0.139
283 L 0.051 0.022 0.02 0.02 0.069 0.015 0.021 0.081 0.011 0.123 0.198 0.026 0.031 0.079 0.016 0.036 0.06 0.007 0.025 0.091
284 L 0.05 0.02 0.019 0.02 0.014 0.015 0.02 0.134 0.011 0.147 0.205 0.025 0.032 0.081 0.014 0.029 0.033 0.007 0.026 0.099
285 L 0.079 0.022 0.016 0.018 0.016 0.017 0.022 0.028 0.011 0.148 0.192 0.027 0.051 0.082 0.016 0.033 0.039 0.007 0.028 0.147
286 P 0.084 0.025 0.021 0.027 0.013 0.019 0.032 0.036 0.012 0.051 0.088 0.037 0.017 0.02 0.348 0.043 0.037 0.004 0.015 0.071
287 V 0.054 0.021 0.015 0.016 0.016 0.015 0.02 0.022 0.009 0.16 0.191 0.024 0.034 0.082 0.014 0.028 0.04 0.007 0.027 0.203
288 L 0.119 0.026 0.021 0.022 0.018 0.019 0.028 0.039 0.011 0.102 0.192 0.032 0.031 0.036 0.019 0.064 0.046 0.006 0.019 0.149
289 L 0.086 0.023 0.019 0.02 0.016 0.018 0.024 0.085 0.011 0.125 0.163 0.028 0.048 0.057 0.017 0.037 0.04 0.006 0.023 0.156
290 L 0.072 0.021 0.016 0.018 0.015 0.015 0.021 0.028 0.012 0.161 0.165 0.025 0.049 0.144 0.015 0.032 0.035 0.009 0.038 0.108
291 L 0.111 0.022 0.019 0.021 0.016 0.017 0.024 0.089 0.01 0.153 0.172 0.029 0.031 0.036 0.018 0.04 0.039 0.006 0.018 0.127
292 I 0.052 0.02 0.015 0.017 0.017 0.014 0.019 0.021 0.009 0.21 0.202 0.024 0.036 0.042 0.015 0.026 0.04 0.006 0.02 0.195
293 R 0.092 0.14 0.027 0.025 0.013 0.028 0.035 0.037 0.016 0.1 0.096 0.059 0.041 0.07 0.019 0.054 0.039 0.007 0.026 0.077
294 F 0.084 0.026 0.041 0.026 0.014 0.019 0.029 0.038 0.018 0.092 0.123 0.032 0.025 0.126 0.018 0.072 0.043 0.01 0.069 0.094
295 V 0.055 0.02 0.015 0.017 0.017 0.014 0.02 0.022 0.008 0.216 0.172 0.024 0.035 0.04 0.015 0.027 0.042 0.006 0.02 0.218
296 L 0.049 0.021 0.014 0.016 0.016 0.015 0.019 0.021 0.009 0.174 0.272 0.024 0.04 0.046 0.014 0.025 0.037 0.006 0.021 0.159
297 E 0.066 0.05 0.058 0.053 0.011 0.108 0.124 0.044 0.023 0.035 0.08 0.065 0.019 0.021 0.024 0.105 0.049 0.005 0.018 0.041
298 A 0.121 0.088 0.042 0.085 0.013 0.039 0.086 0.052 0.019 0.029 0.043 0.115 0.014 0.018 0.026 0.101 0.048 0.005 0.016 0.04
299 K 0.055 0.103 0.04 0.04 0.008 0.051 0.068 0.042 0.02 0.027 0.042 0.306 0.015 0.015 0.027 0.051 0.038 0.005 0.017 0.032
300 L 0.083 0.024 0.017 0.018 0.017 0.019 0.024 0.029 0.011 0.137 0.197 0.029 0.069 0.04 0.017 0.035 0.041 0.006 0.021 0.166
301 D 0.057 0.049 0.051 0.17 0.01 0.125 0.083 0.044 0.022 0.027 0.041 0.064 0.016 0.016 0.023 0.078 0.068 0.005 0.016 0.035
302 N 0.103 0.038 0.14 0.059 0.012 0.034 0.089 0.11 0.022 0.029 0.04 0.051 0.013 0.018 0.024 0.088 0.072 0.005 0.015 0.039
303 N 0.091 0.087 0.131 0.045 0.011 0.028 0.038 0.131 0.021 0.031 0.051 0.053 0.015 0.082 0.019 0.056 0.039 0.007 0.027 0.038
304 W 0.041 0.025 0.019 0.018 0.01 0.019 0.024 0.084 0.015 0.05 0.094 0.027 0.073 0.05 0.011 0.029 0.028 0.288 0.045 0.048
305 A 0.112 0.031 0.098 0.039 0.012 0.025 0.036 0.105 0.025 0.032 0.047 0.039 0.014 0.047 0.02 0.075 0.042 0.066 0.094 0.041
306 G 0.092 0.031 0.046 0.041 0.014 0.026 0.039 0.271 0.016 0.024 0.034 0.043 0.012 0.018 0.024 0.161 0.056 0.005 0.014 0.033
307 S 0.106 0.039 0.052 0.047 0.017 0.032 0.05 0.064 0.018 0.029 0.04 0.052 0.015 0.02 0.029 0.25 0.079 0.005 0.017 0.04
308 V 0.077 0.028 0.031 0.029 0.017 0.022 0.033 0.039 0.013 0.092 0.088 0.035 0.023 0.07 0.021 0.11 0.081 0.006 0.026 0.159
309 S 0.081 0.037 0.117 0.094 0.013 0.03 0.051 0.113 0.02 0.025 0.035 0.049 0.013 0.018 0.025 0.165 0.061 0.005 0.015 0.033
310 I 0.051 0.021 0.017 0.019 0.016 0.015 0.021 0.023 0.009 0.206 0.197 0.026 0.035 0.041 0.016 0.032 0.065 0.006 0.02 0.163
311 R 0.043 0.37 0.037 0.03 0.007 0.047 0.05 0.032 0.022 0.022 0.045 0.116 0.015 0.017 0.019 0.043 0.034 0.006 0.017 0.03
312 L 0.072 0.022 0.016 0.017 0.014 0.016 0.022 0.028 0.014 0.149 0.206 0.026 0.033 0.054 0.015 0.031 0.034 0.065 0.061 0.103
313 N 0.042 0.039 0.217 0.194 0.008 0.034 0.092 0.054 0.026 0.022 0.03 0.051 0.01 0.016 0.021 0.06 0.042 0.004 0.014 0.026
314 D 0.039 0.029 0.066 0.421 0.007 0.029 0.088 0.045 0.018 0.022 0.027 0.043 0.009 0.014 0.022 0.05 0.034 0.004 0.011 0.023
315 F 0.037 0.02 0.017 0.017 0.011 0.013 0.02 0.023 0.021 0.11 0.112 0.022 0.025 0.265 0.012 0.026 0.028 0.016 0.128 0.077
316 I 0.05 0.036 0.022 0.023 0.013 0.046 0.035 0.026 0.02 0.147 0.109 0.064 0.035 0.054 0.017 0.034 0.037 0.01 0.092 0.128
317 A 0.29 0.029 0.024 0.027 0.021 0.024 0.037 0.07 0.014 0.055 0.065 0.041 0.018 0.022 0.027 0.076 0.048 0.005 0.017 0.092
318 G 0.075 0.022 0.038 0.032 0.01 0.018 0.025 0.529 0.013 0.018 0.027 0.032 0.009 0.016 0.018 0.049 0.029 0.005 0.01 0.023
319 F 0.038 0.021 0.017 0.017 0.011 0.013 0.021 0.024 0.022 0.068 0.102 0.022 0.024 0.305 0.012 0.026 0.028 0.017 0.136 0.078
320 L 0.054 0.048 0.065 0.036 0.012 0.076 0.051 0.038 0.023 0.054 0.14 0.078 0.043 0.04 0.02 0.065 0.042 0.008 0.055 0.054
