#Seq2Logo.py -f /work3/idamei/ssn-clusterings/clustering/2205181126/clusters/0007_216/sequences.afa -o /work3/idamei/ssn-clusterings/clustering/2205181126/clusters/0007_216/sequences.logo
#Position Specific Frequency Matrix
A R N D C Q E G H I L K M F P S T W Y V
0 L 0.051 0.032 0.02 0.02 0.016 0.028 0.028 0.028 0.016 0.099 0.194 0.036 0.173 0.047 0.016 0.036 0.04 0.008 0.024 0.091
1 G 0.091 0.031 0.04 0.037 0.016 0.025 0.038 0.168 0.015 0.06 0.06 0.041 0.018 0.023 0.023 0.136 0.06 0.005 0.016 0.097
2 F 0.054 0.03 0.103 0.041 0.012 0.022 0.034 0.045 0.021 0.044 0.074 0.036 0.019 0.208 0.018 0.088 0.045 0.011 0.052 0.044
3 L 0.044 0.022 0.014 0.016 0.016 0.015 0.019 0.021 0.01 0.156 0.33 0.025 0.046 0.051 0.014 0.024 0.034 0.007 0.022 0.115
4 Y 0.059 0.028 0.028 0.026 0.013 0.022 0.031 0.034 0.03 0.099 0.085 0.035 0.022 0.08 0.019 0.079 0.044 0.017 0.173 0.077
5 L 0.051 0.02 0.015 0.017 0.017 0.015 0.019 0.021 0.009 0.21 0.211 0.024 0.038 0.044 0.015 0.026 0.04 0.006 0.021 0.181
6 L 0.044 0.024 0.014 0.015 0.016 0.016 0.02 0.021 0.01 0.114 0.385 0.025 0.049 0.054 0.014 0.024 0.033 0.007 0.022 0.095
7 L 0.048 0.022 0.014 0.016 0.016 0.015 0.02 0.021 0.009 0.162 0.298 0.025 0.043 0.049 0.014 0.025 0.036 0.007 0.021 0.138
8 L 0.045 0.021 0.014 0.016 0.016 0.015 0.019 0.021 0.009 0.198 0.275 0.024 0.043 0.049 0.014 0.024 0.036 0.006 0.021 0.134
9 G 0.114 0.022 0.024 0.024 0.015 0.017 0.025 0.16 0.013 0.101 0.091 0.03 0.022 0.119 0.018 0.046 0.036 0.008 0.034 0.08
10 L 0.049 0.036 0.027 0.052 0.012 0.04 0.163 0.028 0.018 0.068 0.21 0.05 0.031 0.035 0.02 0.039 0.035 0.006 0.019 0.063
11 I 0.056 0.018 0.015 0.017 0.136 0.014 0.018 0.024 0.008 0.192 0.131 0.023 0.03 0.036 0.015 0.03 0.041 0.005 0.018 0.171
12 L 0.106 0.023 0.018 0.02 0.016 0.016 0.024 0.036 0.012 0.125 0.18 0.028 0.032 0.129 0.017 0.039 0.037 0.009 0.037 0.098
13 L 0.044 0.024 0.014 0.015 0.016 0.016 0.02 0.021 0.01 0.114 0.385 0.025 0.049 0.054 0.014 0.024 0.033 0.007 0.022 0.095
14 F 0.036 0.02 0.016 0.016 0.012 0.012 0.019 0.024 0.015 0.075 0.181 0.02 0.031 0.31 0.011 0.025 0.027 0.014 0.071 0.064
15 F 0.044 0.018 0.016 0.017 0.132 0.012 0.018 0.026 0.012 0.113 0.114 0.02 0.026 0.214 0.013 0.029 0.031 0.011 0.052 0.085
16 L 0.039 0.021 0.015 0.016 0.013 0.013 0.019 0.023 0.013 0.088 0.249 0.022 0.037 0.225 0.012 0.024 0.029 0.012 0.055 0.074
17 A 0.243 0.032 0.03 0.031 0.02 0.026 0.04 0.069 0.014 0.045 0.06 0.044 0.018 0.022 0.029 0.086 0.101 0.005 0.017 0.068
18 Y 0.038 0.025 0.02 0.018 0.009 0.019 0.025 0.025 0.039 0.048 0.079 0.028 0.02 0.196 0.014 0.029 0.027 0.025 0.268 0.048
19 I 0.047 0.021 0.019 0.019 0.014 0.016 0.022 0.023 0.018 0.203 0.132 0.027 0.03 0.063 0.016 0.032 0.055 0.011 0.097 0.133
20 F 0.036 0.02 0.016 0.016 0.012 0.012 0.019 0.024 0.015 0.075 0.181 0.02 0.031 0.31 0.011 0.025 0.027 0.014 0.071 0.064
21 S 0.108 0.04 0.053 0.048 0.017 0.033 0.052 0.065 0.019 0.029 0.041 0.053 0.015 0.021 0.029 0.231 0.081 0.005 0.017 0.041
22 N 0.054 0.04 0.183 0.071 0.009 0.037 0.107 0.17 0.025 0.021 0.032 0.053 0.011 0.017 0.021 0.061 0.041 0.005 0.014 0.027
23 R 0.043 0.277 0.042 0.032 0.008 0.045 0.052 0.034 0.108 0.023 0.044 0.1 0.015 0.02 0.019 0.043 0.032 0.006 0.027 0.029
24 D 0.04 0.029 0.068 0.406 0.007 0.029 0.09 0.046 0.018 0.022 0.028 0.044 0.009 0.015 0.022 0.051 0.035 0.004 0.011 0.024
25 I 0.052 0.018 0.015 0.017 0.017 0.014 0.019 0.021 0.009 0.252 0.156 0.024 0.035 0.041 0.015 0.027 0.042 0.006 0.02 0.2
26 L 0.046 0.024 0.016 0.017 0.016 0.018 0.021 0.022 0.011 0.152 0.282 0.027 0.077 0.05 0.015 0.027 0.036 0.007 0.022 0.114
27 S 0.156 0.037 0.046 0.043 0.018 0.031 0.049 0.068 0.018 0.033 0.046 0.051 0.016 0.021 0.029 0.195 0.073 0.005 0.017 0.048
28 P 0.056 0.025 0.023 0.031 0.01 0.02 0.036 0.036 0.013 0.025 0.036 0.041 0.01 0.013 0.501 0.043 0.036 0.003 0.013 0.031
29 S 0.108 0.04 0.053 0.048 0.017 0.033 0.052 0.065 0.019 0.029 0.041 0.053 0.015 0.021 0.029 0.231 0.081 0.005 0.017 0.041
30 V 0.068 0.02 0.016 0.017 0.137 0.015 0.021 0.026 0.008 0.133 0.112 0.024 0.027 0.031 0.016 0.034 0.046 0.005 0.018 0.224
31 L 0.061 0.03 0.025 0.024 0.017 0.025 0.029 0.031 0.013 0.103 0.145 0.035 0.099 0.038 0.019 0.049 0.096 0.007 0.021 0.133
32 L 0.051 0.032 0.02 0.02 0.016 0.028 0.028 0.028 0.016 0.099 0.194 0.036 0.173 0.047 0.016 0.036 0.04 0.008 0.024 0.091
33 C 0.067 0.022 0.023 0.022 0.255 0.017 0.023 0.033 0.009 0.076 0.08 0.028 0.021 0.025 0.019 0.051 0.095 0.005 0.015 0.115
34 L 0.109 0.024 0.017 0.019 0.017 0.018 0.024 0.035 0.011 0.138 0.248 0.029 0.038 0.043 0.018 0.039 0.039 0.006 0.02 0.108
35 L 0.056 0.029 0.019 0.019 0.017 0.025 0.027 0.027 0.014 0.115 0.178 0.033 0.138 0.044 0.016 0.035 0.042 0.007 0.023 0.138
36 F 0.033 0.019 0.017 0.017 0.01 0.01 0.019 0.025 0.017 0.062 0.113 0.019 0.025 0.396 0.01 0.025 0.025 0.017 0.087 0.054
37 I 0.046 0.017 0.014 0.017 0.016 0.013 0.017 0.02 0.009 0.282 0.165 0.023 0.036 0.044 0.014 0.025 0.039 0.006 0.02 0.174
38 L 0.051 0.02 0.015 0.017 0.017 0.015 0.019 0.021 0.009 0.21 0.211 0.024 0.038 0.044 0.015 0.026 0.04 0.006 0.021 0.181
39 S 0.1 0.035 0.05 0.044 0.016 0.029 0.045 0.178 0.018 0.027 0.038 0.048 0.014 0.019 0.027 0.186 0.068 0.005 0.016 0.037
40 T 0.072 0.035 0.043 0.037 0.018 0.027 0.039 0.043 0.014 0.053 0.064 0.045 0.019 0.023 0.027 0.091 0.258 0.006 0.018 0.07
41 V 0.063 0.026 0.022 0.022 0.018 0.019 0.026 0.028 0.01 0.123 0.176 0.03 0.033 0.037 0.018 0.045 0.097 0.006 0.02 0.181
42 F 0.033 0.019 0.017 0.017 0.01 0.01 0.019 0.025 0.017 0.062 0.113 0.019 0.025 0.396 0.01 0.025 0.025 0.017 0.087 0.054
43 A 0.248 0.032 0.031 0.033 0.02 0.026 0.041 0.071 0.015 0.042 0.057 0.045 0.017 0.021 0.029 0.103 0.079 0.005 0.017 0.065
44 L 0.051 0.02 0.015 0.017 0.017 0.015 0.019 0.021 0.009 0.21 0.211 0.024 0.038 0.044 0.015 0.026 0.04 0.006 0.021 0.181
45 L 0.048 0.023 0.016 0.019 0.015 0.016 0.023 0.024 0.01 0.134 0.243 0.028 0.036 0.041 0.136 0.029 0.035 0.006 0.019 0.099
46 N 0.042 0.044 0.327 0.082 0.009 0.033 0.049 0.064 0.031 0.022 0.031 0.053 0.011 0.018 0.02 0.069 0.049 0.004 0.015 0.027
47 I 0.052 0.018 0.015 0.017 0.017 0.014 0.019 0.021 0.009 0.252 0.156 0.024 0.035 0.041 0.015 0.027 0.042 0.006 0.02 0.2
48 N 0.046 0.123 0.183 0.071 0.008 0.044 0.114 0.049 0.028 0.022 0.036 0.075 0.013 0.017 0.021 0.059 0.042 0.005 0.016 0.029
49 N 0.059 0.043 0.259 0.073 0.011 0.033 0.049 0.065 0.028 0.024 0.034 0.053 0.012 0.018 0.022 0.109 0.057 0.005 0.016 0.03
50 W 0.03 0.022 0.015 0.015 0.007 0.015 0.022 0.03 0.015 0.03 0.052 0.022 0.015 0.06 0.007 0.022 0.022 0.5 0.067 0.03
51 K 0.06 0.074 0.041 0.052 0.01 0.049 0.121 0.041 0.02 0.032 0.046 0.174 0.016 0.018 0.027 0.063 0.093 0.005 0.017 0.041
52 I 0.052 0.018 0.015 0.017 0.017 0.014 0.019 0.021 0.009 0.252 0.156 0.024 0.035 0.041 0.015 0.027 0.042 0.006 0.02 0.2
53 D 0.041 0.033 0.133 0.325 0.008 0.03 0.08 0.05 0.022 0.022 0.028 0.046 0.01 0.015 0.022 0.056 0.038 0.004 0.012 0.025
54 Y 0.038 0.025 0.02 0.018 0.009 0.019 0.025 0.025 0.039 0.048 0.079 0.028 0.02 0.196 0.014 0.029 0.027 0.025 0.268 0.048
55 S 0.092 0.041 0.122 0.057 0.015 0.033 0.051 0.065 0.022 0.027 0.039 0.053 0.014 0.02 0.027 0.191 0.073 0.005 0.017 0.038
56 I 0.049 0.019 0.015 0.017 0.015 0.013 0.019 0.022 0.011 0.197 0.143 0.023 0.032 0.13 0.014 0.027 0.038 0.008 0.037 0.171
57 E 0.065 0.045 0.115 0.077 0.01 0.048 0.179 0.05 0.025 0.024 0.036 0.064 0.013 0.018 0.025 0.102 0.05 0.005 0.016 0.032
58 A 0.186 0.033 0.034 0.033 0.019 0.026 0.039 0.06 0.014 0.048 0.061 0.044 0.018 0.022 0.028 0.088 0.153 0.006 0.017 0.069
59 G 0.065 0.025 0.034 0.03 0.012 0.019 0.027 0.276 0.014 0.038 0.058 0.032 0.016 0.113 0.019 0.054 0.085 0.008 0.032 0.043
60 L 0.111 0.038 0.024 0.026 0.015 0.071 0.045 0.04 0.016 0.074 0.219 0.046 0.034 0.036 0.02 0.047 0.039 0.006 0.02 0.073
61 L 0.045 0.021 0.014 0.016 0.016 0.015 0.019 0.021 0.009 0.198 0.275 0.024 0.043 0.049 0.014 0.024 0.036 0.006 0.021 0.134
62 I 0.059 0.026 0.029 0.027 0.017 0.02 0.028 0.032 0.011 0.167 0.115 0.034 0.028 0.033 0.021 0.058 0.148 0.006 0.019 0.122
63 L 0.053 0.02 0.02 0.021 0.015 0.015 0.02 0.145 0.01 0.174 0.186 0.026 0.033 0.039 0.015 0.031 0.035 0.006 0.018 0.117
64 S 0.108 0.04 0.053 0.048 0.017 0.033 0.052 0.065 0.019 0.029 0.041 0.053 0.015 0.021 0.029 0.231 0.081 0.005 0.017 0.041
65 G 0.077 0.023 0.039 0.033 0.011 0.019 0.025 0.517 0.013 0.019 0.028 0.033 0.009 0.016 0.019 0.051 0.029 0.005 0.011 0.024
66 I 0.046 0.019 0.014 0.017 0.016 0.014 0.018 0.02 0.009 0.24 0.22 0.024 0.039 0.046 0.014 0.024 0.038 0.006 0.021 0.154
67 L 0.039 0.021 0.015 0.016 0.013 0.013 0.019 0.023 0.013 0.088 0.249 0.022 0.037 0.225 0.012 0.024 0.029 0.012 0.055 0.074
68 V 0.069 0.022 0.016 0.018 0.019 0.016 0.023 0.024 0.008 0.162 0.128 0.026 0.031 0.035 0.016 0.032 0.049 0.005 0.02 0.28
69 F 0.035 0.021 0.018 0.017 0.01 0.013 0.021 0.025 0.024 0.058 0.101 0.022 0.023 0.329 0.012 0.026 0.026 0.019 0.148 0.052
70 I 0.049 0.019 0.015 0.017 0.015 0.013 0.019 0.022 0.011 0.197 0.143 0.023 0.032 0.13 0.014 0.027 0.038 0.008 0.037 0.171
71 L 0.056 0.02 0.015 0.017 0.136 0.014 0.019 0.024 0.009 0.15 0.186 0.023 0.033 0.038 0.015 0.03 0.039 0.006 0.019 0.151
72 A 0.195 0.031 0.03 0.031 0.02 0.025 0.039 0.061 0.014 0.069 0.072 0.042 0.02 0.025 0.026 0.108 0.057 0.005 0.018 0.114
73 E 0.054 0.049 0.04 0.089 0.007 0.064 0.307 0.034 0.025 0.022 0.036 0.074 0.013 0.016 0.025 0.054 0.036 0.005 0.016 0.031
74 C 0.051 0.027 0.094 0.034 0.133 0.022 0.027 0.036 0.016 0.112 0.114 0.033 0.059 0.032 0.017 0.042 0.041 0.006 0.018 0.087
75 F 0.04 0.021 0.016 0.017 0.013 0.014 0.02 0.023 0.014 0.115 0.196 0.022 0.045 0.223 0.012 0.026 0.031 0.012 0.055 0.087
76 G 0.073 0.029 0.038 0.034 0.014 0.022 0.034 0.163 0.016 0.041 0.061 0.037 0.017 0.114 0.021 0.1 0.098 0.008 0.033 0.047
77 R 0.047 0.215 0.111 0.046 0.008 0.045 0.055 0.043 0.024 0.024 0.041 0.145 0.014 0.017 0.021 0.052 0.039 0.005 0.017 0.03
78 I 0.05 0.021 0.017 0.018 0.015 0.016 0.021 0.022 0.018 0.192 0.132 0.026 0.031 0.063 0.015 0.028 0.039 0.011 0.097 0.168
79 F 0.045 0.021 0.016 0.016 0.014 0.013 0.02 0.024 0.013 0.1 0.185 0.022 0.033 0.22 0.013 0.027 0.033 0.011 0.054 0.121
80 F 0.036 0.019 0.016 0.016 0.011 0.012 0.019 0.025 0.014 0.109 0.111 0.021 0.025 0.224 0.011 0.024 0.028 0.135 0.066 0.078
81 G 0.07 0.022 0.028 0.025 0.132 0.018 0.023 0.273 0.012 0.053 0.07 0.029 0.034 0.023 0.017 0.044 0.035 0.005 0.014 0.072
82 G 0.074 0.068 0.043 0.041 0.011 0.039 0.054 0.167 0.018 0.026 0.039 0.166 0.014 0.017 0.026 0.097 0.047 0.005 0.015 0.032
83 R 0.057 0.134 0.042 0.04 0.011 0.132 0.073 0.039 0.024 0.032 0.051 0.086 0.019 0.017 0.023 0.061 0.093 0.006 0.019 0.043
84 K 0.056 0.064 0.028 0.029 0.013 0.034 0.046 0.033 0.015 0.083 0.15 0.157 0.028 0.03 0.021 0.04 0.04 0.006 0.019 0.11
85 F 0.034 0.019 0.017 0.017 0.011 0.011 0.019 0.025 0.017 0.063 0.114 0.019 0.025 0.387 0.011 0.025 0.025 0.017 0.089 0.055
86 I 0.047 0.018 0.015 0.018 0.016 0.013 0.018 0.021 0.009 0.271 0.168 0.024 0.037 0.044 0.015 0.025 0.04 0.006 0.021 0.177
87 K 0.049 0.067 0.116 0.052 0.008 0.087 0.068 0.046 0.111 0.025 0.039 0.119 0.015 0.019 0.022 0.054 0.039 0.006 0.027 0.029
88 R 0.055 0.244 0.038 0.031 0.009 0.038 0.043 0.194 0.02 0.022 0.04 0.09 0.013 0.017 0.019 0.046 0.033 0.006 0.015 0.028
89 L 0.055 0.045 0.028 0.028 0.014 0.027 0.036 0.032 0.013 0.119 0.164 0.095 0.03 0.034 0.021 0.048 0.092 0.006 0.019 0.093
90 D 0.041 0.03 0.069 0.399 0.007 0.03 0.091 0.046 0.019 0.022 0.028 0.045 0.009 0.015 0.022 0.052 0.035 0.004 0.011 0.024
91 L 0.073 0.03 0.032 0.029 0.017 0.023 0.033 0.038 0.013 0.089 0.155 0.037 0.029 0.033 0.022 0.095 0.105 0.006 0.019 0.121
92 Y 0.04 0.03 0.037 0.118 0.009 0.025 0.046 0.032 0.079 0.035 0.054 0.036 0.016 0.088 0.017 0.037 0.029 0.019 0.215 0.038
93 E 0.055 0.05 0.04 0.09 0.007 0.064 0.296 0.035 0.026 0.022 0.037 0.076 0.013 0.017 0.026 0.055 0.037 0.006 0.017 0.031
94 N 0.056 0.046 0.128 0.049 0.012 0.09 0.058 0.043 0.023 0.071 0.069 0.057 0.021 0.023 0.02 0.052 0.046 0.005 0.019 0.112
95 P 0.056 0.041 0.03 0.036 0.01 0.087 0.058 0.038 0.018 0.026 0.04 0.057 0.014 0.013 0.34 0.048 0.038 0.004 0.015 0.032
96 L 0.05 0.027 0.093 0.033 0.015 0.02 0.027 0.032 0.014 0.145 0.177 0.032 0.032 0.038 0.016 0.037 0.042 0.006 0.02 0.144
97 N 0.052 0.04 0.109 0.056 0.011 0.038 0.108 0.04 0.107 0.057 0.058 0.05 0.017 0.025 0.02 0.049 0.04 0.006 0.027 0.09
98 Y 0.038 0.026 0.032 0.115 0.009 0.021 0.041 0.03 0.032 0.043 0.069 0.031 0.018 0.167 0.016 0.034 0.029 0.019 0.189 0.043
99 D 0.057 0.032 0.064 0.317 0.01 0.03 0.08 0.051 0.019 0.024 0.031 0.046 0.011 0.016 0.024 0.096 0.046 0.004 0.013 0.028
100 L 0.04 0.029 0.106 0.13 0.011 0.022 0.044 0.039 0.019 0.055 0.139 0.035 0.024 0.121 0.017 0.042 0.035 0.008 0.034 0.05
101 T 0.076 0.042 0.039 0.037 0.016 0.076 0.054 0.043 0.017 0.068 0.07 0.053 0.022 0.023 0.024 0.103 0.107 0.006 0.019 0.106
102 E 0.052 0.12 0.035 0.06 0.008 0.049 0.175 0.034 0.022 0.023 0.038 0.077 0.013 0.016 0.143 0.049 0.036 0.005 0.016 0.031
103 I 0.046 0.019 0.014 0.017 0.016 0.014 0.018 0.02 0.009 0.24 0.22 0.024 0.039 0.046 0.014 0.024 0.038 0.006 0.021 0.154
104 P 0.057 0.032 0.03 0.043 0.013 0.031 0.1 0.033 0.015 0.095 0.075 0.046 0.02 0.024 0.142 0.053 0.092 0.005 0.017 0.076
105 I 0.05 0.02 0.018 0.02 0.016 0.015 0.02 0.023 0.009 0.253 0.153 0.026 0.034 0.041 0.016 0.033 0.067 0.006 0.02 0.161
106 P 0.049 0.129 0.043 0.127 0.008 0.038 0.062 0.039 0.019 0.024 0.038 0.123 0.012 0.015 0.142 0.048 0.036 0.004 0.014 0.029
107 P 0.057 0.053 0.108 0.048 0.011 0.033 0.048 0.046 0.019 0.032 0.043 0.107 0.014 0.017 0.144 0.064 0.095 0.004 0.016 0.04
108 W 0.052 0.026 0.025 0.023 0.012 0.02 0.028 0.032 0.021 0.099 0.084 0.031 0.022 0.064 0.016 0.06 0.065 0.135 0.108 0.076
109 K 0.048 0.062 0.028 0.029 0.011 0.032 0.044 0.033 0.017 0.1 0.091 0.155 0.023 0.118 0.02 0.039 0.036 0.008 0.035 0.073
110 L 0.044 0.024 0.014 0.015 0.016 0.016 0.02 0.021 0.01 0.114 0.385 0.025 0.049 0.054 0.014 0.024 0.033 0.007 0.022 0.095
111 L 0.043 0.025 0.029 0.114 0.012 0.02 0.039 0.028 0.021 0.115 0.161 0.031 0.028 0.06 0.016 0.033 0.034 0.011 0.095 0.085
112 F 0.112 0.023 0.024 0.024 0.014 0.017 0.026 0.161 0.014 0.053 0.112 0.029 0.022 0.165 0.018 0.046 0.033 0.01 0.043 0.055
113 L 0.046 0.026 0.015 0.016 0.016 0.019 0.022 0.023 0.011 0.11 0.337 0.028 0.08 0.052 0.014 0.027 0.035 0.007 0.022 0.094
114 I 0.052 0.018 0.015 0.017 0.017 0.014 0.019 0.021 0.009 0.252 0.156 0.024 0.035 0.041 0.015 0.027 0.042 0.006 0.02 0.2
115 I 0.116 0.024 0.022 0.024 0.017 0.018 0.027 0.041 0.012 0.163 0.117 0.032 0.027 0.079 0.02 0.065 0.045 0.007 0.028 0.116
116 F 0.039 0.021 0.015 0.016 0.013 0.013 0.019 0.023 0.013 0.109 0.221 0.022 0.035 0.224 0.012 0.025 0.03 0.012 0.055 0.084
117 N 0.042 0.044 0.327 0.082 0.009 0.033 0.049 0.064 0.031 0.022 0.031 0.053 0.011 0.018 0.02 0.069 0.049 0.004 0.015 0.027
118 A 0.17 0.026 0.02 0.023 0.017 0.019 0.03 0.05 0.014 0.065 0.154 0.033 0.027 0.123 0.021 0.054 0.039 0.009 0.036 0.071
119 L 0.047 0.022 0.015 0.016 0.015 0.015 0.02 0.023 0.011 0.113 0.253 0.024 0.038 0.135 0.014 0.026 0.035 0.009 0.038 0.131
120 V 0.061 0.023 0.022 0.022 0.017 0.018 0.025 0.027 0.01 0.18 0.126 0.03 0.03 0.035 0.018 0.044 0.097 0.006 0.02 0.188
121 V 0.057 0.021 0.015 0.017 0.017 0.015 0.021 0.022 0.009 0.18 0.202 0.025 0.037 0.042 0.015 0.028 0.042 0.006 0.021 0.207
122 L 0.106 0.023 0.018 0.02 0.016 0.016 0.024 0.036 0.012 0.125 0.18 0.028 0.032 0.129 0.017 0.039 0.037 0.009 0.037 0.098
123 W 0.037 0.022 0.015 0.016 0.012 0.015 0.021 0.025 0.012 0.114 0.164 0.023 0.029 0.054 0.011 0.023 0.029 0.253 0.044 0.082
124 Y 0.04 0.028 0.021 0.018 0.009 0.021 0.028 0.025 0.046 0.043 0.067 0.031 0.018 0.129 0.015 0.031 0.028 0.028 0.328 0.046
125 F 0.038 0.022 0.017 0.017 0.012 0.015 0.021 0.024 0.022 0.07 0.169 0.023 0.029 0.244 0.013 0.026 0.028 0.017 0.131 0.062
126 L 0.054 0.047 0.028 0.027 0.014 0.028 0.037 0.032 0.013 0.077 0.219 0.096 0.033 0.037 0.021 0.048 0.091 0.006 0.02 0.073
127 K 0.069 0.075 0.044 0.055 0.01 0.05 0.125 0.046 0.021 0.026 0.041 0.176 0.015 0.017 0.027 0.098 0.049 0.005 0.017 0.034
128 I 0.046 0.017 0.014 0.017 0.016 0.013 0.017 0.02 0.009 0.282 0.165 0.023 0.036 0.044 0.014 0.025 0.039 0.006 0.02 0.174
129 R 0.046 0.239 0.033 0.029 0.01 0.04 0.045 0.031 0.019 0.088 0.075 0.116 0.021 0.024 0.019 0.04 0.036 0.006 0.018 0.067
130 S 0.116 0.117 0.046 0.041 0.015 0.036 0.05 0.059 0.019 0.029 0.045 0.068 0.016 0.02 0.027 0.166 0.065 0.005 0.017 0.042
131 I 0.046 0.018 0.014 0.017 0.016 0.013 0.018 0.02 0.009 0.261 0.193 0.023 0.038 0.045 0.014 0.025 0.038 0.006 0.021 0.164
132 V 0.07 0.025 0.023 0.022 0.019 0.019 0.027 0.029 0.009 0.135 0.112 0.03 0.028 0.032 0.019 0.047 0.101 0.006 0.02 0.227
133 G 0.085 0.027 0.042 0.037 0.012 0.022 0.032 0.404 0.015 0.021 0.031 0.038 0.011 0.017 0.021 0.096 0.042 0.005 0.012 0.028
134 G 0.082 0.027 0.045 0.068 0.012 0.023 0.037 0.365 0.015 0.022 0.031 0.039 0.011 0.017 0.022 0.096 0.043 0.005 0.012 0.028
135 L 0.045 0.024 0.014 0.015 0.016 0.016 0.02 0.021 0.01 0.115 0.375 0.025 0.05 0.055 0.014 0.024 0.033 0.007 0.022 0.096
136 G 0.068 0.028 0.111 0.045 0.01 0.022 0.031 0.404 0.018 0.02 0.029 0.038 0.01 0.016 0.019 0.055 0.034 0.005 0.012 0.025
137 L 0.052 0.032 0.02 0.02 0.016 0.028 0.028 0.028 0.016 0.1 0.197 0.036 0.161 0.048 0.016 0.036 0.04 0.008 0.024 0.092
138 T 0.073 0.036 0.043 0.038 0.018 0.028 0.039 0.043 0.014 0.053 0.065 0.045 0.02 0.024 0.028 0.093 0.246 0.006 0.018 0.071
139 L 0.067 0.036 0.114 0.093 0.014 0.028 0.048 0.052 0.02 0.048 0.123 0.045 0.022 0.027 0.022 0.116 0.055 0.005 0.017 0.049
140 L 0.055 0.024 0.022 0.022 0.017 0.018 0.024 0.027 0.01 0.167 0.19 0.029 0.035 0.04 0.018 0.042 0.093 0.006 0.02 0.141
141 G 0.141 0.029 0.039 0.036 0.015 0.024 0.035 0.294 0.015 0.027 0.039 0.041 0.013 0.018 0.024 0.104 0.047 0.005 0.014 0.039
142 S 0.143 0.04 0.043 0.054 0.016 0.039 0.113 0.061 0.019 0.031 0.044 0.056 0.015 0.02 0.028 0.15 0.062 0.005 0.017 0.045
143 I 0.045 0.02 0.016 0.018 0.014 0.015 0.02 0.021 0.018 0.222 0.141 0.025 0.032 0.065 0.015 0.026 0.036 0.011 0.097 0.142
144 F 0.033 0.019 0.017 0.017 0.01 0.01 0.019 0.025 0.017 0.062 0.113 0.019 0.025 0.396 0.01 0.025 0.025 0.017 0.087 0.054
145 Q 0.113 0.055 0.041 0.04 0.012 0.129 0.074 0.049 0.109 0.029 0.047 0.067 0.018 0.02 0.024 0.059 0.039 0.006 0.029 0.04
146 A 0.176 0.046 0.069 0.052 0.015 0.039 0.111 0.061 0.02 0.033 0.048 0.083 0.015 0.019 0.027 0.071 0.045 0.005 0.017 0.049
147 Y 0.04 0.028 0.021 0.018 0.009 0.021 0.028 0.025 0.046 0.043 0.067 0.031 0.018 0.129 0.015 0.031 0.028 0.028 0.328 0.046
148 R 0.044 0.355 0.038 0.031 0.008 0.048 0.052 0.032 0.023 0.023 0.046 0.118 0.015 0.017 0.019 0.044 0.034 0.006 0.017 0.031
149 R 0.05 0.231 0.031 0.026 0.011 0.037 0.041 0.029 0.022 0.06 0.069 0.084 0.02 0.036 0.018 0.039 0.037 0.008 0.057 0.095
150 L 0.044 0.022 0.016 0.018 0.015 0.016 0.021 0.023 0.013 0.16 0.187 0.025 0.069 0.134 0.014 0.027 0.035 0.009 0.038 0.113
151 Y 0.04 0.028 0.022 0.019 0.009 0.022 0.028 0.025 0.047 0.044 0.068 0.031 0.019 0.131 0.016 0.031 0.028 0.028 0.318 0.047
152 G 0.077 0.023 0.039 0.033 0.011 0.019 0.025 0.517 0.013 0.019 0.028 0.033 0.009 0.016 0.019 0.051 0.029 0.005 0.011 0.024
153 I 0.06 0.02 0.021 0.021 0.015 0.015 0.021 0.146 0.01 0.186 0.122 0.026 0.028 0.035 0.016 0.033 0.039 0.006 0.018 0.163
154 N 0.042 0.035 0.184 0.146 0.01 0.028 0.052 0.049 0.023 0.045 0.119 0.044 0.02 0.026 0.019 0.053 0.041 0.005 0.016 0.043
155 A 0.29 0.031 0.026 0.03 0.022 0.026 0.04 0.078 0.015 0.043 0.059 0.045 0.018 0.022 0.03 0.085 0.05 0.005 0.018 0.069
156 I 0.047 0.018 0.015 0.018 0.016 0.013 0.018 0.021 0.009 0.271 0.168 0.024 0.037 0.044 0.015 0.025 0.04 0.006 0.021 0.177
157 A 0.128 0.054 0.076 0.046 0.014 0.082 0.063 0.059 0.022 0.031 0.046 0.089 0.017 0.018 0.026 0.108 0.054 0.005 0.018 0.043
158 L 0.062 0.03 0.025 0.024 0.016 0.023 0.03 0.034 0.014 0.089 0.251 0.035 0.072 0.044 0.018 0.079 0.047 0.007 0.021 0.08
159 E 0.116 0.05 0.037 0.063 0.011 0.095 0.189 0.047 0.024 0.028 0.044 0.071 0.016 0.017 0.026 0.062 0.041 0.005 0.018 0.041
160 G 0.076 0.028 0.038 0.033 0.012 0.023 0.032 0.281 0.023 0.027 0.041 0.038 0.013 0.045 0.02 0.091 0.042 0.011 0.092 0.034
161 K 0.117 0.078 0.038 0.039 0.012 0.089 0.07 0.051 0.021 0.031 0.048 0.178 0.017 0.017 0.027 0.061 0.042 0.005 0.018 0.042
162 D 0.05 0.03 0.093 0.272 0.008 0.027 0.069 0.166 0.019 0.021 0.028 0.043 0.009 0.015 0.021 0.053 0.035 0.004 0.011 0.024
163 V 0.067 0.024 0.023 0.022 0.018 0.019 0.026 0.028 0.01 0.15 0.117 0.03 0.029 0.033 0.019 0.046 0.1 0.006 0.02 0.214
164 E 0.068 0.047 0.043 0.079 0.01 0.056 0.243 0.042 0.024 0.024 0.038 0.069 0.013 0.017 0.026 0.099 0.047 0.005 0.017 0.033
165 T 0.06 0.03 0.03 0.028 0.017 0.024 0.031 0.033 0.013 0.121 0.122 0.037 0.062 0.034 0.021 0.061 0.149 0.006 0.02 0.101
166 V 0.067 0.024 0.023 0.022 0.018 0.019 0.026 0.028 0.01 0.15 0.117 0.03 0.029 0.033 0.019 0.046 0.1 0.006 0.02 0.214
167 G 0.06 0.033 0.183 0.058 0.01 0.026 0.037 0.291 0.022 0.02 0.029 0.043 0.01 0.017 0.019 0.06 0.039 0.005 0.013 0.025
168 G 0.076 0.026 0.04 0.034 0.012 0.021 0.029 0.399 0.013 0.027 0.037 0.036 0.012 0.018 0.021 0.061 0.086 0.005 0.012 0.035
169 L 0.062 0.026 0.024 0.024 0.016 0.019 0.028 0.033 0.012 0.13 0.17 0.031 0.031 0.041 0.017 0.077 0.047 0.068 0.026 0.116
170 I 0.046 0.019 0.014 0.017 0.016 0.014 0.018 0.02 0.009 0.24 0.22 0.024 0.039 0.046 0.014 0.024 0.038 0.006 0.021 0.154
171 N 0.063 0.04 0.223 0.067 0.011 0.031 0.046 0.121 0.026 0.023 0.033 0.051 0.012 0.018 0.022 0.107 0.054 0.005 0.015 0.03
172 F 0.046 0.048 0.031 0.032 0.009 0.121 0.062 0.033 0.03 0.039 0.068 0.057 0.021 0.138 0.018 0.041 0.033 0.014 0.114 0.042
173 L 0.039 0.021 0.015 0.016 0.013 0.013 0.019 0.023 0.013 0.088 0.249 0.022 0.037 0.225 0.012 0.024 0.029 0.012 0.055 0.074
174 L 0.044 0.024 0.014 0.015 0.016 0.016 0.02 0.021 0.01 0.114 0.385 0.025 0.049 0.054 0.014 0.024 0.033 0.007 0.022 0.095
175 K 0.053 0.168 0.04 0.038 0.008 0.051 0.065 0.04 0.021 0.026 0.043 0.246 0.015 0.016 0.025 0.051 0.038 0.005 0.017 0.032
176 I 0.043 0.018 0.015 0.017 0.015 0.012 0.018 0.021 0.011 0.227 0.152 0.022 0.033 0.132 0.013 0.025 0.036 0.009 0.037 0.144
177 V 0.07 0.025 0.023 0.022 0.019 0.019 0.027 0.029 0.009 0.135 0.112 0.03 0.028 0.032 0.019 0.047 0.101 0.006 0.02 0.227
178 E 0.058 0.056 0.034 0.059 0.01 0.049 0.177 0.034 0.02 0.058 0.061 0.116 0.018 0.021 0.024 0.048 0.04 0.005 0.018 0.093
179 G 0.189 0.027 0.032 0.031 0.016 0.022 0.033 0.297 0.014 0.031 0.043 0.039 0.013 0.019 0.024 0.067 0.039 0.005 0.014 0.046
180 S 0.153 0.037 0.045 0.043 0.018 0.03 0.048 0.066 0.017 0.035 0.047 0.05 0.016 0.021 0.029 0.183 0.088 0.005 0.017 0.05
181 G 0.077 0.023 0.039 0.033 0.011 0.019 0.025 0.517 0.013 0.019 0.028 0.033 0.009 0.016 0.019 0.051 0.029 0.005 0.011 0.024
182 F 0.038 0.024 0.019 0.017 0.01 0.017 0.023 0.024 0.03 0.059 0.124 0.026 0.025 0.22 0.013 0.028 0.027 0.021 0.199 0.055
183 L 0.051 0.02 0.015 0.017 0.017 0.015 0.019 0.021 0.009 0.21 0.211 0.024 0.038 0.044 0.015 0.026 0.04 0.006 0.021 0.181
184 A 0.193 0.029 0.03 0.031 0.138 0.024 0.037 0.063 0.014 0.04 0.056 0.04 0.017 0.021 0.026 0.11 0.054 0.005 0.016 0.058
185 G 0.125 0.025 0.029 0.028 0.015 0.02 0.028 0.283 0.013 0.048 0.125 0.034 0.021 0.027 0.02 0.052 0.035 0.006 0.015 0.053
186 F 0.037 0.023 0.019 0.018 0.01 0.016 0.023 0.025 0.031 0.053 0.09 0.025 0.022 0.262 0.013 0.028 0.026 0.022 0.208 0.05
187 I 0.068 0.027 0.031 0.03 0.017 0.022 0.031 0.037 0.012 0.161 0.109 0.036 0.027 0.033 0.021 0.093 0.104 0.006 0.019 0.115
188 L 0.052 0.024 0.02 0.02 0.015 0.017 0.021 0.145 0.011 0.09 0.296 0.027 0.039 0.044 0.015 0.031 0.032 0.007 0.019 0.077
189 L 0.048 0.026 0.017 0.018 0.016 0.021 0.023 0.024 0.013 0.148 0.234 0.03 0.108 0.048 0.015 0.03 0.038 0.007 0.022 0.113
190 R 0.045 0.196 0.106 0.041 0.01 0.039 0.045 0.039 0.023 0.042 0.079 0.081 0.054 0.025 0.018 0.048 0.039 0.006 0.018 0.045
191 N 0.045 0.045 0.255 0.084 0.008 0.041 0.113 0.057 0.03 0.022 0.032 0.058 0.011 0.017 0.021 0.065 0.046 0.005 0.016 0.028
192 L 0.045 0.025 0.017 0.018 0.014 0.02 0.023 0.023 0.02 0.134 0.203 0.029 0.069 0.068 0.015 0.029 0.035 0.012 0.098 0.101
193 V 0.058 0.02 0.015 0.017 0.017 0.015 0.02 0.022 0.008 0.222 0.147 0.024 0.034 0.039 0.015 0.029 0.044 0.006 0.02 0.227
194 C 0.071 0.03 0.033 0.03 0.134 0.023 0.034 0.041 0.022 0.042 0.059 0.037 0.017 0.048 0.022 0.098 0.101 0.011 0.094 0.053
195 K 0.069 0.089 0.044 0.043 0.011 0.048 0.065 0.048 0.02 0.028 0.042 0.23 0.015 0.017 0.028 0.097 0.05 0.005 0.017 0.035
196 D 0.075 0.038 0.125 0.146 0.013 0.032 0.06 0.06 0.022 0.026 0.035 0.051 0.013 0.018 0.025 0.146 0.061 0.005 0.015 0.033
197 K 0.113 0.068 0.044 0.129 0.011 0.04 0.067 0.052 0.018 0.03 0.043 0.166 0.014 0.017 0.026 0.06 0.041 0.005 0.016 0.039
198 G 0.123 0.066 0.036 0.036 0.012 0.037 0.051 0.17 0.017 0.029 0.043 0.164 0.014 0.017 0.026 0.06 0.039 0.005 0.015 0.039
199 W 0.048 0.107 0.028 0.025 0.012 0.026 0.033 0.031 0.015 0.097 0.082 0.052 0.021 0.036 0.017 0.046 0.088 0.129 0.031 0.076
200 S 0.082 0.056 0.049 0.048 0.013 0.126 0.077 0.053 0.024 0.028 0.044 0.072 0.018 0.018 0.026 0.14 0.061 0.006 0.019 0.038
201 L 0.069 0.039 0.032 0.032 0.015 0.073 0.049 0.038 0.016 0.083 0.15 0.048 0.029 0.031 0.021 0.086 0.051 0.006 0.02 0.113
202 R 0.046 0.207 0.112 0.047 0.008 0.089 0.063 0.042 0.026 0.024 0.042 0.095 0.015 0.017 0.02 0.053 0.04 0.005 0.018 0.031
203 V 0.063 0.022 0.016 0.017 0.018 0.016 0.022 0.023 0.009 0.15 0.192 0.026 0.036 0.04 0.016 0.03 0.045 0.006 0.021 0.233
204 L 0.045 0.024 0.014 0.015 0.016 0.016 0.02 0.021 0.01 0.115 0.375 0.025 0.05 0.055 0.014 0.024 0.033 0.007 0.022 0.096
205 W 0.03 0.023 0.015 0.015 0.008 0.015 0.023 0.03 0.015 0.03 0.053 0.023 0.015 0.061 0.008 0.023 0.023 0.492 0.068 0.03
206 R 0.045 0.345 0.039 0.031 0.008 0.048 0.052 0.033 0.023 0.023 0.047 0.12 0.016 0.017 0.019 0.045 0.035 0.006 0.017 0.031
207 Y 0.04 0.028 0.022 0.019 0.009 0.022 0.028 0.025 0.047 0.044 0.068 0.031 0.019 0.131 0.016 0.031 0.028 0.028 0.318 0.047
208 Q 0.056 0.074 0.044 0.047 0.009 0.215 0.103 0.041 0.029 0.026 0.047 0.091 0.021 0.015 0.024 0.056 0.041 0.006 0.021 0.035
209 L 0.054 0.108 0.028 0.025 0.013 0.027 0.031 0.15 0.016 0.064 0.163 0.053 0.062 0.034 0.017 0.038 0.034 0.006 0.018 0.06
210 L 0.043 0.025 0.016 0.016 0.014 0.017 0.022 0.022 0.019 0.096 0.305 0.026 0.041 0.073 0.014 0.026 0.032 0.012 0.098 0.083
211 L 0.116 0.027 0.019 0.02 0.018 0.021 0.028 0.038 0.012 0.104 0.191 0.033 0.068 0.039 0.019 0.044 0.043 0.006 0.021 0.133
212 L 0.051 0.02 0.015 0.017 0.017 0.015 0.019 0.021 0.009 0.21 0.211 0.024 0.038 0.044 0.015 0.026 0.04 0.006 0.021 0.181
213 L 0.044 0.027 0.092 0.032 0.014 0.02 0.026 0.032 0.015 0.133 0.241 0.032 0.036 0.042 0.016 0.035 0.038 0.006 0.02 0.098
214 V 0.057 0.021 0.015 0.017 0.017 0.015 0.021 0.022 0.009 0.18 0.202 0.025 0.037 0.042 0.015 0.028 0.042 0.006 0.021 0.207
215 V 0.065 0.021 0.021 0.021 0.016 0.016 0.022 0.147 0.01 0.156 0.113 0.027 0.027 0.032 0.016 0.035 0.041 0.005 0.018 0.189
216 L 0.046 0.026 0.015 0.016 0.016 0.019 0.022 0.023 0.011 0.11 0.337 0.028 0.08 0.052 0.014 0.027 0.035 0.007 0.022 0.094
217 S 0.108 0.04 0.053 0.048 0.017 0.033 0.052 0.065 0.019 0.029 0.041 0.053 0.015 0.021 0.029 0.231 0.081 0.005 0.017 0.041
218 L 0.051 0.02 0.015 0.017 0.017 0.015 0.019 0.021 0.009 0.21 0.211 0.024 0.038 0.044 0.015 0.026 0.04 0.006 0.021 0.181
219 L 0.046 0.026 0.015 0.016 0.016 0.019 0.022 0.023 0.011 0.11 0.337 0.028 0.08 0.052 0.014 0.027 0.035 0.007 0.022 0.094
220 P 0.056 0.025 0.023 0.031 0.01 0.02 0.036 0.036 0.013 0.025 0.036 0.041 0.01 0.013 0.501 0.043 0.036 0.003 0.013 0.031
221 G 0.084 0.036 0.118 0.053 0.013 0.029 0.044 0.178 0.021 0.025 0.035 0.048 0.013 0.019 0.024 0.146 0.06 0.005 0.015 0.033
222 L 0.052 0.028 0.022 0.021 0.016 0.021 0.026 0.028 0.012 0.096 0.273 0.032 0.062 0.045 0.018 0.043 0.09 0.007 0.021 0.088
223 F 0.042 0.025 0.018 0.018 0.013 0.019 0.023 0.026 0.016 0.081 0.153 0.027 0.099 0.222 0.013 0.03 0.032 0.012 0.056 0.073
224 G 0.123 0.028 0.03 0.029 0.016 0.022 0.031 0.165 0.013 0.057 0.134 0.037 0.024 0.029 0.022 0.062 0.092 0.006 0.017 0.064
225 A 0.245 0.029 0.029 0.03 0.019 0.024 0.036 0.187 0.014 0.037 0.051 0.041 0.015 0.02 0.027 0.075 0.044 0.005 0.016 0.057
226 G 0.077 0.023 0.039 0.033 0.011 0.019 0.025 0.517 0.013 0.019 0.028 0.033 0.009 0.016 0.019 0.051 0.029 0.005 0.011 0.024
227 R 0.044 0.355 0.038 0.031 0.008 0.048 0.052 0.032 0.023 0.023 0.046 0.118 0.015 0.017 0.019 0.044 0.034 0.006 0.017 0.031
228 T 0.074 0.038 0.116 0.051 0.015 0.03 0.044 0.054 0.019 0.039 0.05 0.049 0.016 0.021 0.026 0.121 0.161 0.005 0.017 0.052
229 G 0.057 0.049 0.048 0.133 0.009 0.125 0.08 0.161 0.022 0.023 0.037 0.064 0.015 0.015 0.022 0.053 0.036 0.005 0.016 0.029
230 L 0.051 0.022 0.015 0.016 0.017 0.015 0.02 0.022 0.009 0.168 0.266 0.025 0.041 0.047 0.015 0.026 0.038 0.006 0.021 0.161
231 L 0.046 0.026 0.015 0.016 0.016 0.019 0.022 0.023 0.011 0.11 0.337 0.028 0.08 0.052 0.014 0.027 0.035 0.007 0.022 0.094
232 K 0.053 0.16 0.041 0.04 0.008 0.095 0.073 0.04 0.023 0.026 0.044 0.196 0.017 0.016 0.024 0.051 0.038 0.005 0.018 0.032
233 L 0.048 0.028 0.017 0.017 0.016 0.022 0.024 0.024 0.013 0.106 0.289 0.03 0.111 0.051 0.015 0.03 0.036 0.007 0.023 0.093
234 L 0.044 0.023 0.016 0.017 0.015 0.017 0.021 0.023 0.013 0.139 0.214 0.026 0.071 0.135 0.014 0.027 0.034 0.009 0.038 0.104
235 A 0.204 0.035 0.039 0.039 0.019 0.029 0.046 0.071 0.017 0.036 0.05 0.049 0.016 0.021 0.029 0.158 0.065 0.005 0.017 0.055
236 A 0.253 0.033 0.032 0.034 0.02 0.027 0.043 0.074 0.016 0.039 0.054 0.046 0.017 0.021 0.029 0.121 0.057 0.005 0.017 0.061
237 L 0.047 0.022 0.015 0.016 0.015 0.015 0.02 0.023 0.011 0.113 0.253 0.024 0.038 0.135 0.014 0.026 0.035 0.009 0.038 0.131
238 L 0.111 0.026 0.018 0.02 0.017 0.02 0.026 0.037 0.012 0.134 0.201 0.032 0.069 0.042 0.018 0.042 0.04 0.007 0.021 0.107
239 I 0.052 0.018 0.015 0.017 0.017 0.014 0.019 0.021 0.009 0.252 0.156 0.024 0.035 0.041 0.015 0.027 0.042 0.006 0.02 0.2
240 Y 0.043 0.029 0.021 0.019 0.011 0.023 0.028 0.025 0.038 0.057 0.099 0.032 0.057 0.109 0.015 0.032 0.031 0.023 0.252 0.057
241 Y 0.057 0.031 0.029 0.026 0.011 0.024 0.034 0.035 0.039 0.04 0.061 0.036 0.018 0.102 0.019 0.081 0.041 0.022 0.25 0.045
242 Y 0.04 0.028 0.021 0.018 0.009 0.021 0.028 0.025 0.046 0.043 0.067 0.031 0.018 0.129 0.015 0.031 0.028 0.028 0.328 0.046
243 I 0.052 0.018 0.015 0.017 0.017 0.014 0.019 0.021 0.009 0.252 0.156 0.024 0.035 0.041 0.015 0.027 0.042 0.006 0.02 0.2
244 L 0.05 0.019 0.015 0.016 0.135 0.014 0.018 0.023 0.009 0.18 0.195 0.023 0.034 0.04 0.015 0.028 0.037 0.006 0.019 0.125
245 W 0.03 0.022 0.015 0.015 0.007 0.015 0.022 0.03 0.015 0.03 0.052 0.022 0.015 0.06 0.007 0.022 0.022 0.5 0.067 0.03
246 H 0.045 0.052 0.05 0.04 0.008 0.085 0.065 0.038 0.281 0.023 0.04 0.056 0.016 0.026 0.02 0.045 0.03 0.007 0.047 0.026
247 Q 0.055 0.072 0.043 0.046 0.009 0.226 0.101 0.041 0.029 0.026 0.046 0.09 0.02 0.014 0.023 0.055 0.041 0.006 0.02 0.035
248 K 0.048 0.062 0.028 0.029 0.011 0.032 0.044 0.033 0.017 0.1 0.091 0.155 0.023 0.118 0.02 0.039 0.036 0.008 0.035 0.073
249 N 0.041 0.036 0.174 0.05 0.009 0.027 0.038 0.044 0.039 0.033 0.049 0.042 0.015 0.073 0.018 0.05 0.038 0.016 0.172 0.036
250 G 0.077 0.023 0.039 0.033 0.011 0.019 0.025 0.517 0.013 0.019 0.028 0.033 0.009 0.016 0.019 0.051 0.029 0.005 0.011 0.024
251 W 0.03 0.022 0.015 0.015 0.007 0.015 0.022 0.03 0.015 0.03 0.052 0.022 0.015 0.06 0.007 0.022 0.022 0.5 0.067 0.03
252 D 0.041 0.037 0.197 0.244 0.008 0.031 0.069 0.055 0.025 0.022 0.029 0.049 0.01 0.016 0.021 0.06 0.042 0.004 0.013 0.025
253 K 0.055 0.137 0.041 0.04 0.008 0.052 0.067 0.041 0.021 0.027 0.043 0.267 0.015 0.016 0.026 0.052 0.039 0.005 0.017 0.032
254 N 0.05 0.032 0.171 0.05 0.013 0.024 0.034 0.043 0.02 0.122 0.089 0.039 0.022 0.029 0.018 0.049 0.046 0.005 0.018 0.127
255 L 0.046 0.024 0.016 0.017 0.016 0.018 0.021 0.022 0.011 0.152 0.282 0.027 0.077 0.05 0.015 0.027 0.036 0.007 0.022 0.114
256 S 0.099 0.038 0.051 0.045 0.017 0.031 0.048 0.06 0.018 0.035 0.047 0.051 0.016 0.021 0.029 0.196 0.125 0.005 0.017 0.048
257 W 0.037 0.024 0.016 0.016 0.011 0.018 0.023 0.028 0.015 0.062 0.137 0.026 0.06 0.098 0.011 0.026 0.028 0.255 0.053 0.056
258 K 0.056 0.106 0.041 0.041 0.008 0.053 0.07 0.043 0.02 0.027 0.043 0.289 0.015 0.015 0.027 0.053 0.039 0.005 0.017 0.032
259 Y 0.049 0.024 0.018 0.018 0.013 0.018 0.024 0.023 0.027 0.132 0.107 0.028 0.026 0.084 0.015 0.03 0.036 0.017 0.174 0.136
260 L 0.045 0.021 0.014 0.016 0.016 0.015 0.019 0.021 0.009 0.198 0.275 0.024 0.043 0.049 0.014 0.024 0.036 0.006 0.021 0.134
261 G 0.071 0.131 0.043 0.038 0.011 0.038 0.05 0.164 0.019 0.025 0.039 0.123 0.014 0.017 0.024 0.095 0.046 0.005 0.016 0.032
262 I 0.045 0.041 0.021 0.023 0.012 0.023 0.032 0.028 0.013 0.155 0.106 0.089 0.026 0.041 0.016 0.031 0.035 0.129 0.031 0.103
263 G 0.077 0.023 0.039 0.033 0.011 0.019 0.025 0.517 0.013 0.019 0.028 0.033 0.009 0.016 0.019 0.051 0.029 0.005 0.011 0.024
264 L 0.093 0.024 0.019 0.02 0.016 0.017 0.025 0.034 0.012 0.096 0.172 0.028 0.031 0.127 0.017 0.042 0.056 0.009 0.037 0.124
265 L 0.064 0.026 0.025 0.024 0.016 0.019 0.028 0.034 0.013 0.092 0.167 0.031 0.03 0.126 0.017 0.078 0.047 0.009 0.037 0.117
266 S 0.141 0.032 0.037 0.036 0.018 0.026 0.04 0.057 0.015 0.096 0.077 0.043 0.021 0.027 0.026 0.143 0.062 0.005 0.018 0.081
267 L 0.106 0.023 0.018 0.02 0.016 0.016 0.024 0.036 0.012 0.125 0.18 0.028 0.032 0.129 0.017 0.039 0.037 0.009 0.037 0.098
268 L 0.039 0.021 0.015 0.016 0.013 0.013 0.019 0.023 0.013 0.088 0.249 0.022 0.037 0.225 0.012 0.024 0.029 0.012 0.055 0.074
269 L 0.051 0.02 0.015 0.017 0.017 0.015 0.019 0.021 0.009 0.21 0.211 0.024 0.038 0.044 0.015 0.026 0.04 0.006 0.021 0.181
270 G 0.069 0.021 0.033 0.029 0.012 0.017 0.023 0.393 0.012 0.084 0.062 0.031 0.016 0.023 0.018 0.044 0.032 0.005 0.013 0.061
271 I 0.11 0.021 0.017 0.02 0.017 0.016 0.023 0.035 0.01 0.222 0.139 0.028 0.032 0.038 0.018 0.039 0.042 0.006 0.02 0.148
272 P 0.056 0.025 0.023 0.031 0.01 0.02 0.036 0.036 0.013 0.025 0.036 0.041 0.01 0.013 0.501 0.043 0.036 0.003 0.013 0.031
273 A 0.195 0.034 0.037 0.036 0.019 0.028 0.043 0.066 0.015 0.042 0.056 0.046 0.017 0.022 0.029 0.123 0.109 0.005 0.017 0.062
274 F 0.033 0.019 0.017 0.017 0.01 0.01 0.019 0.025 0.017 0.062 0.113 0.019 0.025 0.396 0.01 0.025 0.025 0.017 0.087 0.054
275 Y 0.04 0.028 0.021 0.018 0.009 0.021 0.028 0.025 0.046 0.043 0.067 0.031 0.018 0.129 0.015 0.031 0.028 0.028 0.328 0.046
276 Y 0.048 0.024 0.025 0.022 0.01 0.018 0.025 0.148 0.03 0.042 0.069 0.028 0.018 0.167 0.015 0.034 0.027 0.019 0.188 0.043
277 G 0.086 0.033 0.041 0.037 0.015 0.028 0.039 0.169 0.017 0.044 0.076 0.044 0.053 0.026 0.023 0.137 0.058 0.006 0.017 0.049
278 L 0.044 0.024 0.014 0.015 0.016 0.016 0.02 0.021 0.01 0.114 0.385 0.025 0.049 0.054 0.014 0.024 0.033 0.007 0.022 0.095
279 F 0.111 0.051 0.031 0.044 0.012 0.038 0.109 0.045 0.019 0.038 0.062 0.106 0.018 0.112 0.023 0.054 0.037 0.008 0.035 0.046
280 L 0.046 0.026 0.015 0.016 0.016 0.019 0.022 0.023 0.011 0.11 0.337 0.028 0.08 0.052 0.014 0.027 0.035 0.007 0.022 0.094
281 L 0.044 0.024 0.014 0.015 0.016 0.016 0.02 0.021 0.01 0.114 0.385 0.025 0.049 0.054 0.014 0.024 0.033 0.007 0.022 0.095
282 G 0.077 0.023 0.039 0.033 0.011 0.019 0.025 0.517 0.013 0.019 0.028 0.033 0.009 0.016 0.019 0.051 0.029 0.005 0.011 0.024
283 R 0.044 0.355 0.038 0.031 0.008 0.048 0.052 0.032 0.023 0.023 0.046 0.118 0.015 0.017 0.019 0.044 0.034 0.006 0.017 0.031
284 A 0.134 0.038 0.04 0.051 0.016 0.037 0.109 0.055 0.018 0.037 0.05 0.054 0.016 0.02 0.028 0.115 0.106 0.005 0.017 0.052
285 T 0.072 0.035 0.043 0.037 0.018 0.027 0.039 0.043 0.014 0.053 0.064 0.045 0.019 0.023 0.027 0.091 0.258 0.006 0.018 0.07
286 T 0.122 0.036 0.109 0.046 0.016 0.028 0.042 0.057 0.018 0.042 0.054 0.047 0.017 0.021 0.026 0.084 0.153 0.005 0.017 0.059
287 R 0.044 0.355 0.038 0.031 0.008 0.048 0.052 0.032 0.023 0.023 0.046 0.118 0.015 0.017 0.019 0.044 0.034 0.006 0.017 0.031
288 T 0.086 0.035 0.046 0.041 0.017 0.028 0.042 0.111 0.016 0.04 0.051 0.047 0.017 0.021 0.027 0.139 0.163 0.005 0.017 0.053
289 L 0.047 0.023 0.016 0.017 0.016 0.017 0.021 0.022 0.011 0.194 0.227 0.027 0.074 0.047 0.015 0.027 0.038 0.007 0.022 0.133
290 F 0.039 0.02 0.015 0.016 0.013 0.012 0.019 0.023 0.013 0.13 0.194 0.021 0.034 0.222 0.012 0.025 0.031 0.012 0.054 0.094
291 D 0.044 0.034 0.061 0.327 0.007 0.038 0.144 0.043 0.02 0.022 0.03 0.052 0.01 0.015 0.023 0.052 0.035 0.004 0.012 0.026
292 Y 0.04 0.028 0.021 0.018 0.009 0.021 0.028 0.025 0.046 0.043 0.067 0.031 0.018 0.129 0.015 0.031 0.028 0.028 0.328 0.046
293 A 0.16 0.028 0.028 0.03 0.019 0.023 0.035 0.053 0.013 0.114 0.09 0.039 0.023 0.028 0.024 0.099 0.055 0.005 0.018 0.114
294 S 0.156 0.037 0.046 0.043 0.018 0.031 0.049 0.068 0.018 0.033 0.046 0.051 0.016 0.021 0.029 0.195 0.073 0.005 0.017 0.048
295 D 0.042 0.03 0.119 0.228 0.01 0.026 0.062 0.044 0.019 0.087 0.063 0.041 0.016 0.023 0.02 0.049 0.039 0.004 0.014 0.062
296 Y 0.04 0.028 0.021 0.018 0.009 0.021 0.028 0.025 0.046 0.043 0.067 0.031 0.018 0.129 0.015 0.031 0.028 0.028 0.328 0.046
297 L 0.044 0.022 0.014 0.016 0.016 0.015 0.019 0.021 0.01 0.156 0.33 0.025 0.046 0.051 0.014 0.024 0.034 0.007 0.022 0.115
298 G 0.141 0.029 0.039 0.036 0.015 0.024 0.035 0.294 0.015 0.027 0.039 0.041 0.013 0.018 0.024 0.104 0.047 0.005 0.014 0.039
299 S 0.108 0.04 0.053 0.048 0.017 0.033 0.052 0.065 0.019 0.029 0.041 0.053 0.015 0.021 0.029 0.231 0.081 0.005 0.017 0.041
300 G 0.093 0.031 0.046 0.041 0.014 0.026 0.038 0.291 0.016 0.024 0.035 0.043 0.012 0.018 0.024 0.141 0.055 0.005 0.014 0.033
301 I 0.048 0.021 0.016 0.018 0.016 0.017 0.02 0.022 0.01 0.236 0.173 0.026 0.07 0.045 0.015 0.027 0.039 0.006 0.021 0.153
302 V 0.12 0.021 0.018 0.02 0.137 0.017 0.024 0.038 0.01 0.133 0.104 0.028 0.025 0.03 0.019 0.045 0.043 0.005 0.017 0.144
303 L 0.044 0.024 0.014 0.015 0.016 0.016 0.02 0.021 0.01 0.114 0.385 0.025 0.049 0.054 0.014 0.024 0.033 0.007 0.022 0.095
304 L 0.039 0.021 0.015 0.016 0.013 0.013 0.019 0.023 0.013 0.088 0.249 0.022 0.037 0.225 0.012 0.024 0.029 0.012 0.055 0.074
305 D 0.075 0.038 0.125 0.146 0.013 0.032 0.06 0.06 0.022 0.026 0.035 0.051 0.013 0.018 0.025 0.146 0.061 0.005 0.015 0.033
306 D 0.052 0.064 0.048 0.146 0.008 0.093 0.142 0.041 0.023 0.024 0.038 0.124 0.014 0.015 0.024 0.053 0.038 0.005 0.016 0.03
307 Y 0.04 0.028 0.021 0.018 0.009 0.021 0.028 0.025 0.046 0.043 0.067 0.031 0.018 0.129 0.015 0.031 0.028 0.028 0.328 0.046
308 L 0.051 0.02 0.015 0.017 0.017 0.015 0.019 0.021 0.009 0.21 0.211 0.024 0.038 0.044 0.015 0.026 0.04 0.006 0.021 0.181
309 K 0.117 0.073 0.037 0.05 0.011 0.049 0.122 0.049 0.02 0.03 0.045 0.174 0.015 0.017 0.027 0.061 0.041 0.005 0.017 0.041
310 N 0.062 0.044 0.187 0.075 0.011 0.041 0.114 0.057 0.027 0.024 0.035 0.058 0.013 0.018 0.024 0.106 0.054 0.005 0.016 0.031
311 P 0.056 0.025 0.023 0.031 0.01 0.02 0.036 0.036 0.013 0.025 0.036 0.041 0.01 0.013 0.501 0.043 0.036 0.003 0.013 0.031
312 V 0.066 0.021 0.016 0.018 0.019 0.016 0.022 0.024 0.008 0.177 0.133 0.025 0.032 0.036 0.016 0.031 0.047 0.005 0.02 0.267
313 P 0.06 0.034 0.032 0.047 0.011 0.033 0.104 0.037 0.016 0.031 0.043 0.05 0.013 0.016 0.264 0.058 0.091 0.004 0.015 0.04
314 R 0.113 0.189 0.029 0.027 0.132 0.033 0.04 0.043 0.017 0.033 0.054 0.075 0.016 0.019 0.021 0.053 0.038 0.005 0.016 0.046
315 P 0.057 0.026 0.023 0.031 0.01 0.021 0.036 0.036 0.013 0.026 0.036 0.041 0.01 0.013 0.494 0.044 0.036 0.003 0.013 0.031
316 V 0.05 0.108 0.067 0.077 0.013 0.027 0.04 0.033 0.016 0.122 0.092 0.054 0.023 0.028 0.018 0.04 0.041 0.005 0.018 0.127
317 L 0.055 0.024 0.016 0.017 0.017 0.019 0.023 0.024 0.011 0.149 0.213 0.028 0.072 0.044 0.015 0.03 0.041 0.006 0.022 0.173
318 W 0.031 0.021 0.015 0.015 0.008 0.014 0.021 0.029 0.015 0.038 0.067 0.021 0.017 0.144 0.008 0.023 0.023 0.379 0.072 0.036
319 G 0.077 0.023 0.039 0.033 0.011 0.019 0.025 0.517 0.013 0.019 0.028 0.033 0.009 0.016 0.019 0.051 0.029 0.005 0.011 0.024
