#Seq2Logo.py -f /work3/idamei/ssn-clusterings/2206011120/clusters/0019_34/sequences.afa -m 0.0001 -b 50 -o /work3/idamei/ssn-clusterings/2206011120/clusters/0019_34/sequences.logo -p 640x1000 -l 30
#Position Specific Frequency Matrix
A R N D C Q E G H I L K M F P S T W Y V
0 M 0.046 0.028 0.018 0.018 0.014 0.025 0.025 0.025 0.014 0.089 0.174 0.032 0.256 0.043 0.014 0.032 0.036 0.007 0.021 0.082
1 K 0.051 0.084 0.034 0.034 0.009 0.043 0.057 0.037 0.018 0.039 0.098 0.245 0.02 0.024 0.023 0.044 0.036 0.045 0.021 0.04
2 L 0.049 0.055 0.025 0.026 0.013 0.03 0.039 0.029 0.014 0.114 0.206 0.133 0.033 0.036 0.019 0.035 0.036 0.006 0.019 0.085
3 G 0.066 0.03 0.044 0.035 0.01 0.025 0.035 0.354 0.128 0.02 0.031 0.038 0.011 0.021 0.019 0.048 0.029 0.006 0.026 0.024
4 L 0.045 0.022 0.014 0.016 0.016 0.015 0.019 0.021 0.01 0.168 0.308 0.025 0.045 0.051 0.014 0.024 0.035 0.007 0.022 0.122
5 N 0.044 0.036 0.218 0.061 0.011 0.027 0.039 0.05 0.024 0.106 0.077 0.044 0.02 0.027 0.018 0.055 0.046 0.005 0.017 0.077
6 V 0.07 0.022 0.016 0.018 0.019 0.016 0.023 0.025 0.008 0.165 0.13 0.026 0.032 0.036 0.016 0.033 0.049 0.006 0.021 0.269
7 F 0.034 0.019 0.017 0.017 0.011 0.011 0.019 0.025 0.017 0.063 0.114 0.019 0.025 0.387 0.011 0.025 0.025 0.017 0.089 0.055
8 E 0.055 0.05 0.04 0.09 0.007 0.064 0.296 0.035 0.026 0.022 0.037 0.076 0.013 0.017 0.026 0.055 0.037 0.006 0.017 0.031
9 I 0.047 0.018 0.015 0.018 0.016 0.013 0.018 0.021 0.009 0.271 0.168 0.024 0.037 0.044 0.015 0.025 0.04 0.006 0.021 0.177
10 F 0.034 0.019 0.017 0.017 0.011 0.011 0.019 0.025 0.017 0.063 0.114 0.019 0.025 0.387 0.011 0.025 0.025 0.017 0.089 0.055
11 L 0.045 0.024 0.014 0.015 0.016 0.016 0.02 0.021 0.01 0.115 0.375 0.025 0.05 0.055 0.014 0.024 0.033 0.007 0.022 0.096
12 I 0.047 0.018 0.015 0.018 0.016 0.013 0.018 0.021 0.009 0.271 0.168 0.024 0.037 0.044 0.015 0.025 0.04 0.006 0.021 0.177
13 E 0.055 0.05 0.04 0.09 0.007 0.064 0.296 0.035 0.026 0.022 0.037 0.076 0.013 0.017 0.026 0.055 0.037 0.006 0.017 0.031
14 N 0.043 0.045 0.317 0.083 0.009 0.034 0.049 0.065 0.032 0.022 0.032 0.054 0.011 0.018 0.02 0.07 0.049 0.004 0.016 0.027
15 F 0.034 0.019 0.017 0.017 0.011 0.011 0.019 0.025 0.017 0.063 0.114 0.019 0.025 0.387 0.011 0.025 0.025 0.017 0.089 0.055
16 R 0.053 0.239 0.031 0.026 0.012 0.038 0.042 0.03 0.018 0.07 0.074 0.088 0.021 0.023 0.018 0.04 0.04 0.006 0.018 0.111
17 P 0.057 0.053 0.029 0.034 0.01 0.031 0.047 0.038 0.015 0.026 0.038 0.121 0.012 0.014 0.34 0.047 0.037 0.003 0.014 0.031
18 N 0.066 0.055 0.128 0.044 0.009 0.034 0.046 0.045 0.03 0.031 0.046 0.124 0.015 0.05 0.021 0.052 0.038 0.011 0.118 0.036
19 L 0.042 0.022 0.015 0.016 0.014 0.018 0.02 0.021 0.011 0.178 0.219 0.025 0.156 0.041 0.013 0.026 0.033 0.006 0.019 0.108
20 K 0.053 0.061 0.074 0.037 0.01 0.035 0.048 0.039 0.016 0.032 0.043 0.214 0.014 0.016 0.023 0.06 0.166 0.005 0.015 0.04
21 L 0.042 0.018 0.013 0.014 0.014 0.013 0.017 0.018 0.008 0.226 0.268 0.021 0.035 0.04 0.013 0.022 0.033 0.005 0.018 0.163
22 N 0.053 0.037 0.309 0.062 0.01 0.028 0.043 0.056 0.024 0.021 0.029 0.046 0.011 0.016 0.02 0.143 0.05 0.004 0.014 0.027
23 P 0.048 0.022 0.02 0.026 0.009 0.018 0.031 0.031 0.011 0.022 0.031 0.035 0.009 0.011 0.571 0.037 0.031 0.002 0.011 0.026
24 F 0.041 0.017 0.014 0.015 0.012 0.011 0.018 0.021 0.011 0.088 0.102 0.019 0.024 0.3 0.011 0.024 0.03 0.01 0.052 0.18
25 Y 0.076 0.022 0.017 0.016 0.011 0.016 0.023 0.025 0.025 0.08 0.087 0.025 0.02 0.115 0.014 0.03 0.03 0.015 0.225 0.125
26 L 0.048 0.022 0.019 0.019 0.013 0.016 0.022 0.026 0.011 0.107 0.313 0.026 0.033 0.083 0.014 0.084 0.036 0.006 0.024 0.076
27 L 0.074 0.021 0.013 0.014 0.014 0.014 0.019 0.023 0.009 0.12 0.396 0.023 0.038 0.043 0.013 0.026 0.03 0.006 0.018 0.086
28 F 0.073 0.02 0.017 0.017 0.012 0.014 0.021 0.027 0.012 0.096 0.174 0.023 0.052 0.213 0.013 0.033 0.061 0.009 0.041 0.07
29 L 0.101 0.021 0.018 0.018 0.096 0.015 0.022 0.032 0.012 0.067 0.152 0.025 0.023 0.123 0.015 0.064 0.035 0.008 0.048 0.104
30 L 0.036 0.02 0.012 0.013 0.013 0.013 0.017 0.019 0.01 0.089 0.396 0.02 0.038 0.133 0.011 0.021 0.027 0.008 0.03 0.075
31 Y 0.034 0.024 0.018 0.016 0.008 0.018 0.024 0.021 0.04 0.037 0.058 0.026 0.016 0.111 0.013 0.026 0.024 0.024 0.422 0.04
32 L 0.088 0.024 0.023 0.022 0.014 0.018 0.026 0.033 0.012 0.069 0.208 0.029 0.026 0.099 0.017 0.096 0.072 0.007 0.026 0.093
33 I 0.047 0.02 0.02 0.02 0.013 0.014 0.021 0.026 0.011 0.184 0.14 0.024 0.026 0.167 0.014 0.085 0.037 0.008 0.034 0.089
34 A 0.234 0.025 0.024 0.025 0.017 0.02 0.031 0.05 0.012 0.089 0.069 0.034 0.019 0.022 0.022 0.111 0.047 0.005 0.016 0.127
35 N 0.036 0.038 0.421 0.07 0.008 0.029 0.042 0.055 0.027 0.019 0.027 0.046 0.009 0.015 0.017 0.059 0.042 0.004 0.013 0.023
36 F 0.04 0.02 0.019 0.019 0.011 0.013 0.021 0.026 0.013 0.087 0.128 0.022 0.023 0.3 0.013 0.059 0.062 0.011 0.052 0.061
37 I 0.038 0.018 0.013 0.014 0.012 0.013 0.017 0.02 0.012 0.198 0.182 0.021 0.029 0.092 0.012 0.022 0.03 0.064 0.068 0.125
38 F 0.189 0.024 0.024 0.024 0.014 0.018 0.029 0.046 0.014 0.041 0.066 0.031 0.017 0.203 0.019 0.105 0.039 0.008 0.039 0.049
39 A 0.185 0.024 0.017 0.019 0.015 0.018 0.026 0.039 0.012 0.071 0.168 0.029 0.077 0.076 0.017 0.044 0.036 0.006 0.023 0.098
40 L 0.078 0.024 0.017 0.018 0.013 0.046 0.027 0.026 0.014 0.139 0.169 0.028 0.027 0.085 0.014 0.031 0.033 0.008 0.064 0.14
41 L 0.042 0.034 0.021 0.022 0.012 0.073 0.034 0.024 0.013 0.155 0.18 0.068 0.041 0.076 0.015 0.031 0.048 0.006 0.023 0.083
42 G 0.163 0.022 0.028 0.026 0.012 0.017 0.025 0.373 0.011 0.03 0.077 0.031 0.013 0.018 0.018 0.05 0.031 0.005 0.012 0.038
43 I 0.045 0.017 0.016 0.017 0.068 0.012 0.018 0.023 0.01 0.246 0.114 0.022 0.026 0.122 0.013 0.054 0.035 0.007 0.028 0.108
44 N 0.096 0.039 0.171 0.047 0.012 0.028 0.042 0.051 0.019 0.035 0.042 0.077 0.013 0.018 0.021 0.154 0.051 0.004 0.015 0.067
45 N 0.049 0.074 0.197 0.163 0.009 0.028 0.051 0.075 0.02 0.02 0.029 0.049 0.01 0.015 0.019 0.108 0.042 0.004 0.013 0.025
46 G 0.054 0.033 0.169 0.044 0.008 0.023 0.033 0.345 0.017 0.018 0.026 0.071 0.009 0.014 0.017 0.049 0.032 0.004 0.011 0.022
47 G 0.054 0.069 0.032 0.041 0.008 0.03 0.139 0.306 0.018 0.019 0.031 0.046 0.01 0.024 0.018 0.042 0.027 0.007 0.052 0.025
48 L 0.044 0.022 0.015 0.015 0.014 0.017 0.02 0.021 0.011 0.125 0.207 0.025 0.134 0.083 0.013 0.026 0.033 0.007 0.025 0.143
49 L 0.052 0.029 0.026 0.074 0.012 0.054 0.073 0.028 0.013 0.078 0.157 0.036 0.05 0.028 0.017 0.063 0.038 0.005 0.017 0.15
50 L 0.045 0.018 0.013 0.014 0.014 0.013 0.017 0.019 0.008 0.224 0.231 0.021 0.033 0.038 0.013 0.023 0.035 0.005 0.018 0.198
51 E 0.045 0.04 0.032 0.07 0.007 0.05 0.365 0.029 0.021 0.022 0.038 0.059 0.012 0.061 0.021 0.044 0.03 0.006 0.02 0.029
52 G 0.052 0.02 0.026 0.023 0.01 0.014 0.021 0.304 0.012 0.038 0.094 0.025 0.016 0.158 0.014 0.038 0.058 0.008 0.031 0.038
53 E 0.083 0.034 0.112 0.093 0.01 0.046 0.116 0.042 0.023 0.027 0.039 0.046 0.013 0.03 0.02 0.081 0.07 0.007 0.075 0.035
54 F 0.041 0.02 0.019 0.019 0.012 0.014 0.021 0.025 0.012 0.092 0.166 0.023 0.025 0.257 0.013 0.059 0.063 0.01 0.046 0.064
55 F 0.03 0.018 0.015 0.015 0.009 0.011 0.018 0.021 0.019 0.05 0.089 0.018 0.02 0.407 0.01 0.023 0.022 0.016 0.145 0.045
56 K 0.046 0.087 0.11 0.047 0.009 0.036 0.114 0.036 0.018 0.033 0.081 0.12 0.016 0.019 0.02 0.052 0.099 0.005 0.015 0.038
57 L 0.045 0.019 0.013 0.014 0.014 0.013 0.017 0.019 0.008 0.167 0.297 0.021 0.035 0.04 0.013 0.023 0.033 0.005 0.018 0.185
58 K 0.053 0.05 0.08 0.14 0.008 0.038 0.136 0.041 0.019 0.021 0.032 0.142 0.011 0.014 0.022 0.106 0.04 0.004 0.013 0.027
59 S 0.116 0.032 0.033 0.038 0.012 0.057 0.078 0.1 0.015 0.025 0.037 0.045 0.012 0.015 0.132 0.138 0.061 0.004 0.014 0.035
60 S 0.102 0.034 0.075 0.046 0.013 0.031 0.112 0.047 0.017 0.033 0.08 0.046 0.016 0.02 0.022 0.181 0.067 0.005 0.015 0.041
61 S 0.078 0.029 0.036 0.033 0.014 0.023 0.036 0.045 0.014 0.047 0.093 0.038 0.018 0.068 0.021 0.244 0.058 0.006 0.022 0.076
62 L 0.043 0.022 0.017 0.017 0.013 0.016 0.021 0.024 0.012 0.079 0.292 0.025 0.084 0.129 0.013 0.055 0.032 0.008 0.03 0.069
63 I 0.055 0.017 0.013 0.015 0.013 0.012 0.017 0.021 0.01 0.197 0.188 0.02 0.029 0.171 0.012 0.024 0.03 0.008 0.035 0.112
64 Y 0.049 0.03 0.022 0.02 0.011 0.021 0.028 0.026 0.025 0.065 0.069 0.063 0.019 0.068 0.016 0.06 0.035 0.014 0.219 0.14
65 A 0.273 0.028 0.028 0.029 0.017 0.023 0.036 0.059 0.013 0.043 0.052 0.039 0.016 0.019 0.024 0.148 0.05 0.005 0.015 0.084
66 F 0.03 0.017 0.014 0.014 0.01 0.01 0.016 0.021 0.013 0.063 0.172 0.017 0.026 0.394 0.01 0.021 0.023 0.013 0.064 0.054
67 L 0.039 0.019 0.013 0.014 0.014 0.013 0.017 0.019 0.009 0.154 0.332 0.021 0.036 0.086 0.012 0.022 0.03 0.007 0.024 0.122
68 L 0.036 0.019 0.013 0.014 0.013 0.012 0.016 0.019 0.009 0.146 0.33 0.02 0.036 0.131 0.012 0.021 0.028 0.007 0.03 0.088
69 Q 0.047 0.062 0.037 0.04 0.007 0.334 0.087 0.035 0.025 0.022 0.04 0.077 0.017 0.012 0.02 0.047 0.035 0.005 0.017 0.03
70 F 0.078 0.022 0.021 0.02 0.067 0.016 0.023 0.029 0.055 0.087 0.118 0.025 0.022 0.163 0.015 0.038 0.079 0.008 0.037 0.078
71 F 0.045 0.019 0.017 0.017 0.013 0.013 0.02 0.023 0.01 0.157 0.161 0.022 0.027 0.168 0.013 0.054 0.034 0.008 0.035 0.143
72 V 0.09 0.021 0.021 0.021 0.069 0.016 0.024 0.032 0.01 0.132 0.125 0.027 0.023 0.073 0.016 0.092 0.041 0.006 0.022 0.137
73 L 0.043 0.019 0.014 0.015 0.068 0.013 0.017 0.076 0.009 0.112 0.352 0.022 0.035 0.039 0.013 0.024 0.029 0.006 0.017 0.079
74 L 0.048 0.019 0.013 0.014 0.07 0.013 0.018 0.02 0.008 0.137 0.252 0.021 0.032 0.036 0.013 0.025 0.035 0.005 0.017 0.205
75 I 0.043 0.019 0.018 0.018 0.012 0.013 0.02 0.024 0.011 0.188 0.162 0.023 0.027 0.169 0.013 0.062 0.042 0.008 0.035 0.092
76 L 0.036 0.019 0.013 0.013 0.013 0.012 0.017 0.019 0.01 0.115 0.344 0.02 0.036 0.154 0.011 0.021 0.027 0.008 0.033 0.08
77 L 0.039 0.019 0.014 0.015 0.011 0.013 0.019 0.021 0.016 0.121 0.15 0.021 0.025 0.142 0.012 0.023 0.029 0.067 0.114 0.131
78 L 0.042 0.019 0.014 0.015 0.013 0.013 0.018 0.048 0.012 0.145 0.211 0.022 0.029 0.09 0.012 0.024 0.03 0.036 0.066 0.141
79 L 0.042 0.017 0.014 0.015 0.068 0.012 0.016 0.034 0.009 0.171 0.2 0.02 0.029 0.125 0.012 0.024 0.03 0.007 0.028 0.128
80 Y 0.033 0.022 0.017 0.015 0.008 0.016 0.022 0.021 0.033 0.041 0.068 0.024 0.017 0.203 0.012 0.025 0.023 0.021 0.335 0.041
81 R 0.046 0.183 0.031 0.029 0.008 0.034 0.044 0.046 0.017 0.028 0.049 0.178 0.015 0.108 0.018 0.067 0.033 0.007 0.027 0.032
82 F 0.074 0.02 0.017 0.017 0.012 0.014 0.02 0.026 0.014 0.124 0.168 0.023 0.026 0.176 0.014 0.033 0.062 0.01 0.075 0.076
83 F 0.031 0.018 0.014 0.014 0.01 0.011 0.017 0.021 0.016 0.061 0.168 0.018 0.025 0.357 0.01 0.022 0.023 0.014 0.099 0.053
84 Y 0.084 0.079 0.071 0.037 0.01 0.031 0.075 0.039 0.044 0.029 0.043 0.081 0.014 0.036 0.02 0.079 0.085 0.008 0.098 0.038
85 R 0.045 0.338 0.039 0.031 0.008 0.049 0.053 0.033 0.024 0.024 0.047 0.121 0.016 0.018 0.02 0.045 0.035 0.006 0.018 0.031
86 K 0.051 0.09 0.073 0.037 0.01 0.092 0.052 0.038 0.018 0.028 0.041 0.123 0.014 0.015 0.076 0.069 0.118 0.004 0.015 0.036
87 V 0.071 0.022 0.017 0.018 0.02 0.017 0.024 0.025 0.008 0.167 0.133 0.027 0.032 0.036 0.017 0.033 0.05 0.006 0.021 0.257
88 K 0.12 0.118 0.031 0.03 0.011 0.035 0.047 0.041 0.016 0.033 0.083 0.204 0.016 0.018 0.022 0.076 0.038 0.005 0.015 0.04
89 I 0.048 0.079 0.026 0.025 0.011 0.056 0.035 0.119 0.013 0.146 0.086 0.08 0.02 0.036 0.017 0.039 0.068 0.005 0.017 0.073
90 K 0.05 0.038 0.07 0.077 0.01 0.025 0.039 0.09 0.015 0.07 0.095 0.103 0.018 0.067 0.018 0.072 0.068 0.006 0.02 0.049
91 R 0.046 0.13 0.032 0.077 0.039 0.03 0.044 0.033 0.019 0.03 0.05 0.123 0.015 0.102 0.018 0.069 0.034 0.008 0.069 0.034
92 K 0.047 0.053 0.066 0.037 0.009 0.033 0.078 0.033 0.016 0.041 0.085 0.178 0.016 0.018 0.13 0.041 0.034 0.004 0.014 0.068
93 K 0.045 0.134 0.034 0.082 0.007 0.067 0.09 0.033 0.018 0.021 0.034 0.162 0.012 0.013 0.131 0.042 0.032 0.004 0.014 0.027
94 L 0.042 0.02 0.016 0.016 0.013 0.014 0.019 0.022 0.01 0.139 0.287 0.023 0.033 0.129 0.013 0.053 0.032 0.007 0.029 0.084
95 E 0.054 0.034 0.03 0.042 0.011 0.062 0.147 0.031 0.018 0.075 0.059 0.046 0.017 0.029 0.02 0.076 0.102 0.007 0.056 0.084
96 D 0.054 0.025 0.042 0.214 0.013 0.023 0.056 0.035 0.013 0.091 0.077 0.035 0.02 0.025 0.019 0.042 0.041 0.004 0.016 0.155
97 H 0.041 0.044 0.192 0.059 0.008 0.035 0.05 0.051 0.2 0.022 0.034 0.049 0.013 0.024 0.019 0.055 0.037 0.006 0.036 0.024
98 G 0.077 0.022 0.038 0.033 0.011 0.018 0.025 0.521 0.013 0.018 0.028 0.033 0.009 0.016 0.018 0.05 0.029 0.005 0.011 0.024
99 L 0.036 0.02 0.014 0.014 0.011 0.014 0.019 0.019 0.018 0.132 0.244 0.022 0.03 0.107 0.012 0.023 0.027 0.012 0.145 0.079
100 G 0.054 0.046 0.111 0.039 0.009 0.029 0.04 0.205 0.02 0.022 0.033 0.141 0.011 0.024 0.019 0.075 0.035 0.006 0.053 0.027
101 N 0.109 0.037 0.194 0.184 0.009 0.028 0.053 0.051 0.02 0.023 0.032 0.076 0.01 0.015 0.02 0.056 0.038 0.004 0.013 0.03
102 K 0.045 0.154 0.029 0.027 0.009 0.033 0.042 0.085 0.016 0.038 0.089 0.188 0.017 0.065 0.018 0.038 0.03 0.006 0.021 0.052
103 W 0.052 0.023 0.025 0.023 0.01 0.018 0.026 0.142 0.018 0.037 0.048 0.028 0.014 0.047 0.014 0.09 0.034 0.178 0.108 0.065
104 G 0.133 0.021 0.031 0.028 0.011 0.017 0.024 0.481 0.012 0.02 0.029 0.03 0.009 0.015 0.018 0.049 0.029 0.005 0.01 0.028
105 W 0.034 0.061 0.016 0.015 0.064 0.016 0.021 0.024 0.018 0.07 0.068 0.028 0.017 0.141 0.011 0.025 0.024 0.18 0.121 0.047
106 F 0.073 0.019 0.015 0.016 0.012 0.013 0.02 0.026 0.015 0.072 0.128 0.021 0.023 0.264 0.012 0.028 0.029 0.012 0.087 0.117
107 L 0.038 0.02 0.012 0.013 0.014 0.013 0.017 0.018 0.008 0.126 0.438 0.021 0.041 0.045 0.012 0.021 0.029 0.006 0.019 0.088
108 L 0.038 0.019 0.013 0.014 0.013 0.013 0.017 0.019 0.009 0.122 0.327 0.02 0.035 0.131 0.012 0.022 0.029 0.007 0.03 0.111
109 I 0.042 0.019 0.017 0.017 0.012 0.014 0.019 0.023 0.011 0.19 0.153 0.023 0.053 0.17 0.013 0.054 0.033 0.008 0.035 0.093
110 L 0.039 0.019 0.014 0.014 0.012 0.013 0.018 0.02 0.016 0.126 0.21 0.021 0.029 0.142 0.012 0.023 0.029 0.011 0.11 0.121
111 Q 0.049 0.059 0.037 0.039 0.008 0.303 0.082 0.035 0.024 0.025 0.041 0.073 0.017 0.013 0.02 0.05 0.068 0.005 0.017 0.033
112 L 0.045 0.02 0.016 0.017 0.014 0.015 0.02 0.023 0.01 0.161 0.256 0.024 0.045 0.083 0.013 0.054 0.035 0.006 0.024 0.12
113 F 0.182 0.022 0.018 0.02 0.014 0.016 0.025 0.04 0.013 0.054 0.15 0.027 0.023 0.186 0.017 0.057 0.034 0.008 0.037 0.058
114 F 0.029 0.017 0.015 0.014 0.009 0.01 0.017 0.021 0.017 0.052 0.093 0.017 0.021 0.443 0.009 0.022 0.022 0.015 0.11 0.046
115 L 0.039 0.02 0.013 0.014 0.013 0.015 0.018 0.019 0.01 0.148 0.307 0.022 0.087 0.087 0.012 0.023 0.03 0.007 0.025 0.091
116 L 0.111 0.019 0.014 0.016 0.069 0.014 0.019 0.029 0.009 0.16 0.209 0.023 0.028 0.079 0.015 0.033 0.032 0.006 0.022 0.091
117 F 0.032 0.019 0.015 0.014 0.01 0.013 0.019 0.021 0.021 0.058 0.16 0.02 0.024 0.283 0.011 0.023 0.024 0.015 0.168 0.051
118 N 0.109 0.036 0.341 0.061 0.01 0.027 0.04 0.057 0.024 0.023 0.031 0.044 0.011 0.016 0.019 0.062 0.042 0.004 0.014 0.03
119 L 0.081 0.029 0.021 0.022 0.013 0.079 0.034 0.028 0.012 0.125 0.207 0.036 0.028 0.031 0.016 0.038 0.067 0.005 0.017 0.109
120 V 0.042 0.031 0.022 0.021 0.011 0.05 0.032 0.024 0.059 0.125 0.087 0.065 0.022 0.126 0.014 0.03 0.031 0.009 0.072 0.127
121 F 0.043 0.035 0.026 0.029 0.01 0.055 0.071 0.028 0.018 0.044 0.073 0.071 0.044 0.167 0.017 0.042 0.094 0.01 0.074 0.046
122 G 0.063 0.021 0.072 0.033 0.009 0.017 0.024 0.532 0.013 0.016 0.024 0.03 0.008 0.014 0.016 0.045 0.027 0.005 0.01 0.021
123 V 0.092 0.02 0.017 0.018 0.016 0.015 0.022 0.027 0.008 0.144 0.102 0.025 0.025 0.029 0.016 0.037 0.073 0.005 0.017 0.293
124 N 0.045 0.032 0.305 0.058 0.008 0.025 0.036 0.214 0.022 0.018 0.026 0.041 0.009 0.015 0.017 0.054 0.037 0.004 0.012 0.022
125 V 0.05 0.061 0.018 0.018 0.014 0.017 0.022 0.022 0.009 0.208 0.111 0.031 0.033 0.031 0.015 0.031 0.069 0.005 0.017 0.219
126 A 0.331 0.025 0.02 0.023 0.018 0.02 0.031 0.057 0.011 0.057 0.062 0.035 0.017 0.021 0.023 0.063 0.042 0.005 0.015 0.123
127 G 0.066 0.019 0.033 0.029 0.009 0.016 0.022 0.585 0.011 0.016 0.024 0.029 0.008 0.014 0.016 0.043 0.025 0.005 0.009 0.021
128 V 0.09 0.034 0.043 0.11 0.012 0.069 0.048 0.038 0.014 0.061 0.06 0.058 0.017 0.02 0.019 0.076 0.073 0.004 0.015 0.14
129 G 0.067 0.028 0.034 0.04 0.011 0.027 0.104 0.257 0.014 0.034 0.039 0.039 0.012 0.017 0.02 0.105 0.071 0.005 0.013 0.065
130 A 0.158 0.034 0.026 0.032 0.014 0.027 0.084 0.042 0.014 0.052 0.061 0.076 0.017 0.071 0.021 0.068 0.074 0.006 0.022 0.102
131 K 0.059 0.131 0.055 0.034 0.011 0.034 0.045 0.039 0.016 0.037 0.046 0.157 0.015 0.017 0.021 0.119 0.076 0.005 0.015 0.068
132 I 0.084 0.022 0.085 0.028 0.013 0.017 0.025 0.034 0.013 0.206 0.096 0.029 0.023 0.079 0.016 0.068 0.039 0.006 0.023 0.095
133 E 0.047 0.043 0.038 0.072 0.007 0.053 0.322 0.031 0.091 0.02 0.033 0.062 0.012 0.017 0.022 0.047 0.031 0.005 0.021 0.026
134 G 0.069 0.022 0.032 0.029 0.012 0.018 0.025 0.378 0.011 0.04 0.043 0.031 0.013 0.018 0.018 0.075 0.067 0.005 0.012 0.082
135 G 0.052 0.031 0.189 0.046 0.008 0.053 0.036 0.318 0.019 0.018 0.027 0.04 0.01 0.014 0.017 0.05 0.033 0.004 0.012 0.022
136 S 0.075 0.03 0.036 0.038 0.013 0.027 0.073 0.099 0.016 0.035 0.042 0.042 0.014 0.022 0.077 0.203 0.052 0.005 0.034 0.067
137 I 0.077 0.02 0.054 0.021 0.014 0.015 0.021 0.027 0.01 0.23 0.184 0.025 0.029 0.034 0.014 0.031 0.035 0.005 0.017 0.137
138 L 0.044 0.02 0.016 0.016 0.014 0.014 0.019 0.022 0.009 0.19 0.312 0.023 0.035 0.04 0.013 0.053 0.034 0.006 0.018 0.101
139 N 0.036 0.033 0.303 0.101 0.008 0.025 0.04 0.046 0.022 0.033 0.097 0.04 0.015 0.043 0.016 0.05 0.038 0.005 0.017 0.033
140 Y 0.04 0.022 0.018 0.017 0.011 0.016 0.022 0.021 0.024 0.135 0.123 0.025 0.023 0.073 0.014 0.03 0.061 0.014 0.22 0.09
141 L 0.039 0.017 0.013 0.014 0.013 0.012 0.017 0.019 0.009 0.178 0.225 0.02 0.031 0.15 0.012 0.022 0.03 0.008 0.032 0.138
142 F 0.033 0.017 0.014 0.014 0.01 0.01 0.017 0.021 0.013 0.067 0.136 0.017 0.024 0.392 0.01 0.022 0.024 0.013 0.064 0.083
143 V 0.053 0.021 0.057 0.023 0.014 0.016 0.023 0.026 0.01 0.213 0.107 0.026 0.025 0.03 0.015 0.059 0.041 0.005 0.017 0.218
144 L 0.037 0.018 0.012 0.014 0.013 0.012 0.016 0.018 0.009 0.178 0.325 0.02 0.036 0.098 0.012 0.021 0.029 0.007 0.026 0.098
145 L 0.038 0.021 0.012 0.013 0.014 0.014 0.017 0.018 0.009 0.098 0.471 0.021 0.042 0.046 0.012 0.021 0.028 0.006 0.019 0.082
146 Q 0.092 0.045 0.034 0.036 0.01 0.179 0.062 0.041 0.019 0.024 0.038 0.059 0.015 0.014 0.132 0.106 0.042 0.004 0.015 0.033
147 P 0.188 0.024 0.021 0.026 0.013 0.019 0.032 0.045 0.012 0.028 0.039 0.036 0.011 0.014 0.353 0.051 0.035 0.003 0.012 0.039
148 D 0.035 0.025 0.058 0.489 0.006 0.025 0.077 0.039 0.016 0.019 0.024 0.038 0.008 0.013 0.019 0.044 0.03 0.003 0.009 0.021
149 L 0.049 0.022 0.019 0.019 0.014 0.016 0.022 0.025 0.01 0.151 0.25 0.026 0.044 0.036 0.015 0.061 0.077 0.005 0.018 0.119
150 L 0.036 0.018 0.013 0.014 0.013 0.012 0.016 0.019 0.01 0.144 0.312 0.02 0.035 0.153 0.011 0.021 0.028 0.008 0.033 0.086
151 F 0.033 0.018 0.015 0.015 0.009 0.011 0.018 0.021 0.019 0.059 0.09 0.019 0.021 0.361 0.01 0.023 0.024 0.015 0.139 0.079
152 F 0.076 0.019 0.016 0.017 0.013 0.013 0.02 0.026 0.011 0.163 0.14 0.023 0.026 0.167 0.014 0.033 0.064 0.008 0.034 0.117
153 L 0.041 0.018 0.013 0.015 0.014 0.013 0.017 0.019 0.009 0.21 0.236 0.021 0.059 0.084 0.012 0.023 0.032 0.006 0.024 0.135
154 I 0.043 0.016 0.013 0.015 0.013 0.011 0.016 0.019 0.009 0.256 0.125 0.02 0.028 0.124 0.012 0.023 0.033 0.007 0.029 0.187
155 G 0.11 0.026 0.037 0.033 0.012 0.021 0.032 0.322 0.013 0.022 0.031 0.036 0.011 0.016 0.021 0.164 0.045 0.005 0.012 0.03
156 P 0.058 0.023 0.023 0.024 0.013 0.018 0.028 0.031 0.01 0.109 0.11 0.031 0.02 0.024 0.183 0.094 0.057 0.004 0.015 0.125
157 F 0.053 0.03 0.027 0.026 0.066 0.08 0.037 0.088 0.018 0.039 0.095 0.037 0.018 0.121 0.016 0.094 0.036 0.009 0.068 0.041
158 L 0.038 0.019 0.012 0.013 0.014 0.013 0.017 0.018 0.008 0.155 0.405 0.021 0.04 0.045 0.012 0.021 0.029 0.006 0.019 0.095
159 K 0.045 0.142 0.069 0.033 0.009 0.036 0.047 0.033 0.017 0.041 0.087 0.223 0.017 0.019 0.019 0.041 0.034 0.005 0.015 0.068
160 S 0.093 0.034 0.046 0.041 0.015 0.028 0.044 0.056 0.016 0.025 0.036 0.046 0.013 0.018 0.025 0.339 0.069 0.004 0.015 0.036
161 N 0.046 0.034 0.249 0.098 0.008 0.025 0.04 0.212 0.021 0.018 0.026 0.057 0.009 0.014 0.017 0.052 0.035 0.004 0.012 0.022
162 K 0.042 0.186 0.031 0.029 0.007 0.039 0.049 0.032 0.018 0.027 0.046 0.246 0.014 0.084 0.019 0.04 0.031 0.006 0.024 0.03
163 L 0.037 0.021 0.013 0.014 0.012 0.015 0.018 0.02 0.012 0.112 0.324 0.022 0.06 0.052 0.012 0.022 0.028 0.064 0.063 0.078
164 F 0.029 0.016 0.014 0.014 0.009 0.009 0.016 0.021 0.014 0.055 0.106 0.016 0.022 0.47 0.009 0.022 0.022 0.014 0.074 0.047
165 F 0.044 0.112 0.025 0.023 0.009 0.038 0.032 0.084 0.018 0.037 0.094 0.061 0.018 0.124 0.015 0.061 0.03 0.065 0.072 0.038
166 L 0.042 0.02 0.015 0.016 0.014 0.014 0.019 0.021 0.009 0.143 0.289 0.022 0.034 0.084 0.013 0.027 0.064 0.006 0.024 0.125
167 N 0.075 0.035 0.34 0.06 0.01 0.026 0.039 0.053 0.023 0.033 0.037 0.043 0.012 0.017 0.018 0.057 0.042 0.004 0.014 0.062
168 L 0.08 0.025 0.027 0.026 0.07 0.019 0.028 0.036 0.011 0.091 0.136 0.032 0.022 0.026 0.019 0.124 0.109 0.005 0.016 0.097
169 I 0.041 0.016 0.013 0.014 0.123 0.011 0.015 0.02 0.008 0.209 0.202 0.019 0.029 0.08 0.012 0.024 0.031 0.006 0.022 0.102
170 V 0.049 0.018 0.013 0.014 0.015 0.013 0.018 0.019 0.008 0.176 0.225 0.021 0.032 0.037 0.013 0.024 0.036 0.005 0.018 0.245
171 F 0.031 0.019 0.016 0.015 0.009 0.013 0.019 0.021 0.024 0.047 0.081 0.02 0.019 0.333 0.011 0.023 0.022 0.018 0.214 0.044
172 L 0.035 0.018 0.013 0.014 0.012 0.012 0.016 0.019 0.01 0.141 0.293 0.02 0.034 0.175 0.011 0.021 0.027 0.008 0.036 0.085
173 V 0.083 0.019 0.014 0.016 0.015 0.014 0.019 0.024 0.008 0.194 0.186 0.023 0.03 0.034 0.014 0.029 0.037 0.005 0.017 0.219
174 S 0.093 0.034 0.046 0.041 0.015 0.028 0.044 0.056 0.016 0.025 0.036 0.046 0.013 0.018 0.025 0.339 0.069 0.004 0.015 0.036
175 M 0.056 0.029 0.065 0.029 0.013 0.024 0.031 0.035 0.015 0.063 0.145 0.035 0.154 0.032 0.017 0.112 0.059 0.006 0.018 0.061
176 L 0.078 0.021 0.017 0.018 0.014 0.016 0.022 0.027 0.011 0.122 0.166 0.025 0.079 0.124 0.014 0.035 0.065 0.007 0.029 0.11
177 L 0.045 0.021 0.016 0.016 0.014 0.015 0.02 0.022 0.009 0.121 0.376 0.024 0.037 0.042 0.013 0.053 0.034 0.006 0.018 0.099
178 R 0.038 0.445 0.033 0.026 0.007 0.041 0.044 0.028 0.02 0.02 0.039 0.102 0.013 0.015 0.016 0.038 0.03 0.005 0.015 0.026
179 G 0.066 0.019 0.033 0.029 0.009 0.016 0.022 0.585 0.011 0.016 0.024 0.029 0.008 0.014 0.016 0.043 0.025 0.005 0.009 0.021
180 W 0.026 0.019 0.013 0.013 0.006 0.013 0.019 0.026 0.013 0.026 0.045 0.019 0.013 0.051 0.006 0.019 0.019 0.57 0.058 0.026
181 M 0.044 0.027 0.017 0.017 0.014 0.023 0.023 0.024 0.013 0.086 0.182 0.03 0.276 0.041 0.014 0.03 0.034 0.007 0.02 0.078
182 G 0.067 0.02 0.033 0.029 0.009 0.016 0.022 0.572 0.012 0.016 0.024 0.029 0.008 0.014 0.016 0.051 0.026 0.005 0.009 0.021
183 G 0.069 0.021 0.034 0.03 0.01 0.017 0.024 0.532 0.012 0.017 0.025 0.03 0.008 0.014 0.017 0.073 0.03 0.005 0.01 0.022
184 V 0.047 0.019 0.016 0.016 0.014 0.013 0.019 0.022 0.01 0.141 0.142 0.022 0.027 0.144 0.013 0.03 0.066 0.007 0.032 0.2
185 L 0.034 0.019 0.013 0.013 0.012 0.012 0.017 0.019 0.011 0.08 0.321 0.019 0.034 0.22 0.011 0.021 0.026 0.009 0.041 0.068
186 I 0.041 0.016 0.013 0.015 0.013 0.012 0.016 0.019 0.009 0.24 0.16 0.02 0.029 0.126 0.012 0.023 0.032 0.007 0.029 0.168
187 V 0.119 0.02 0.015 0.017 0.016 0.015 0.021 0.029 0.008 0.159 0.177 0.025 0.028 0.033 0.016 0.034 0.038 0.005 0.017 0.21
188 F 0.033 0.017 0.014 0.015 0.011 0.011 0.017 0.021 0.012 0.119 0.149 0.019 0.052 0.316 0.01 0.022 0.026 0.011 0.054 0.071
189 F 0.036 0.017 0.014 0.014 0.011 0.01 0.017 0.021 0.012 0.075 0.137 0.018 0.025 0.347 0.01 0.023 0.026 0.012 0.058 0.117
190 L 0.046 0.02 0.014 0.015 0.014 0.015 0.019 0.02 0.009 0.165 0.236 0.023 0.085 0.039 0.013 0.025 0.035 0.006 0.018 0.184
191 Y 0.066 0.022 0.019 0.018 0.013 0.017 0.023 0.026 0.02 0.135 0.097 0.026 0.022 0.058 0.015 0.059 0.036 0.011 0.159 0.157
192 L 0.077 0.022 0.014 0.015 0.014 0.016 0.02 0.024 0.009 0.095 0.362 0.024 0.062 0.041 0.014 0.027 0.032 0.006 0.019 0.109
193 C 0.067 0.021 0.023 0.022 0.289 0.016 0.024 0.035 0.01 0.054 0.06 0.027 0.016 0.02 0.017 0.124 0.045 0.004 0.013 0.111
194 R 0.039 0.41 0.033 0.027 0.007 0.041 0.046 0.029 0.02 0.02 0.039 0.13 0.013 0.015 0.017 0.039 0.03 0.005 0.015 0.026
195 K 0.039 0.048 0.027 0.027 0.008 0.029 0.056 0.028 0.067 0.033 0.054 0.154 0.016 0.137 0.017 0.034 0.027 0.012 0.152 0.034
196 Y 0.045 0.036 0.026 0.029 0.009 0.056 0.072 0.083 0.025 0.037 0.089 0.072 0.017 0.056 0.017 0.039 0.061 0.012 0.178 0.04
197 P 0.047 0.024 0.062 0.029 0.009 0.019 0.03 0.033 0.019 0.028 0.043 0.034 0.012 0.079 0.293 0.066 0.033 0.008 0.1 0.032
198 L 0.047 0.019 0.013 0.014 0.015 0.013 0.018 0.019 0.008 0.171 0.261 0.021 0.034 0.038 0.013 0.024 0.035 0.005 0.018 0.215
199 R 0.039 0.345 0.03 0.025 0.007 0.037 0.042 0.028 0.018 0.029 0.048 0.118 0.015 0.062 0.016 0.036 0.03 0.006 0.021 0.046
200 V 0.048 0.017 0.013 0.015 0.015 0.013 0.017 0.019 0.007 0.245 0.161 0.021 0.03 0.035 0.013 0.024 0.037 0.005 0.018 0.247
201 S 0.084 0.034 0.082 0.043 0.014 0.028 0.043 0.054 0.017 0.027 0.037 0.045 0.013 0.018 0.024 0.285 0.096 0.004 0.015 0.037
202 L 0.076 0.023 0.056 0.022 0.014 0.017 0.023 0.028 0.011 0.107 0.31 0.027 0.032 0.037 0.015 0.035 0.065 0.005 0.017 0.078
203 R 0.048 0.262 0.035 0.031 0.008 0.041 0.051 0.034 0.019 0.022 0.038 0.211 0.013 0.014 0.02 0.071 0.035 0.005 0.015 0.028
204 N 0.075 0.032 0.16 0.044 0.013 0.025 0.037 0.047 0.017 0.037 0.083 0.041 0.016 0.021 0.021 0.125 0.143 0.005 0.015 0.045
205 L 0.074 0.019 0.014 0.015 0.013 0.013 0.019 0.024 0.01 0.113 0.266 0.022 0.032 0.15 0.013 0.027 0.03 0.008 0.032 0.107
206 L 0.038 0.018 0.013 0.014 0.013 0.012 0.016 0.019 0.009 0.176 0.279 0.02 0.034 0.13 0.012 0.021 0.029 0.007 0.03 0.11
207 V 0.047 0.066 0.06 0.024 0.025 0.02 0.027 0.027 0.021 0.07 0.071 0.035 0.019 0.052 0.015 0.037 0.066 0.011 0.148 0.158
208 L 0.048 0.021 0.022 0.021 0.012 0.016 0.023 0.082 0.014 0.11 0.157 0.026 0.024 0.14 0.014 0.074 0.05 0.009 0.07 0.067
209 L 0.093 0.025 0.023 0.023 0.015 0.019 0.027 0.035 0.011 0.088 0.246 0.03 0.029 0.033 0.018 0.122 0.044 0.005 0.017 0.099
210 F 0.045 0.019 0.018 0.018 0.067 0.013 0.02 0.025 0.011 0.1 0.093 0.022 0.022 0.231 0.013 0.046 0.064 0.009 0.042 0.125
211 L 0.082 0.022 0.02 0.02 0.013 0.016 0.024 0.031 0.012 0.092 0.197 0.026 0.026 0.167 0.015 0.09 0.036 0.008 0.034 0.066
212 L 0.097 0.02 0.016 0.017 0.014 0.014 0.02 0.083 0.01 0.08 0.216 0.024 0.027 0.122 0.014 0.032 0.031 0.007 0.028 0.125
213 I 0.038 0.017 0.013 0.015 0.013 0.012 0.017 0.019 0.01 0.202 0.176 0.02 0.042 0.171 0.012 0.022 0.03 0.008 0.035 0.128
214 L 0.036 0.019 0.013 0.014 0.013 0.012 0.016 0.019 0.009 0.146 0.33 0.02 0.036 0.131 0.012 0.021 0.028 0.007 0.03 0.088
215 L 0.044 0.018 0.013 0.014 0.068 0.012 0.017 0.02 0.009 0.124 0.213 0.02 0.029 0.125 0.012 0.024 0.032 0.007 0.029 0.168
216 L 0.097 0.021 0.015 0.016 0.015 0.015 0.021 0.027 0.01 0.122 0.217 0.024 0.056 0.08 0.014 0.031 0.034 0.006 0.024 0.156
217 L 0.114 0.023 0.018 0.019 0.014 0.017 0.024 0.033 0.012 0.068 0.238 0.027 0.054 0.124 0.016 0.064 0.034 0.007 0.029 0.065
218 L 0.064 0.023 0.017 0.018 0.014 0.017 0.022 0.026 0.01 0.124 0.277 0.026 0.085 0.039 0.015 0.058 0.036 0.006 0.018 0.106
219 L 0.041 0.022 0.013 0.014 0.014 0.016 0.019 0.019 0.009 0.099 0.374 0.023 0.09 0.044 0.013 0.023 0.031 0.006 0.019 0.111
220 P 0.048 0.022 0.02 0.026 0.009 0.018 0.031 0.031 0.011 0.022 0.031 0.035 0.009 0.011 0.571 0.037 0.031 0.002 0.011 0.026
221 F 0.077 0.02 0.016 0.016 0.012 0.015 0.021 0.026 0.02 0.073 0.085 0.023 0.021 0.188 0.013 0.03 0.03 0.013 0.156 0.146
222 L 0.037 0.019 0.012 0.013 0.013 0.013 0.017 0.018 0.009 0.15 0.368 0.021 0.038 0.088 0.012 0.021 0.029 0.007 0.024 0.092
223 I 0.046 0.018 0.02 0.064 0.014 0.015 0.024 0.022 0.009 0.252 0.114 0.024 0.026 0.031 0.015 0.031 0.068 0.005 0.016 0.186
224 D 0.042 0.031 0.04 0.221 0.008 0.059 0.127 0.088 0.019 0.029 0.075 0.043 0.014 0.026 0.018 0.041 0.029 0.006 0.053 0.031
225 L 0.184 0.024 0.017 0.019 0.016 0.019 0.025 0.038 0.011 0.099 0.209 0.03 0.079 0.033 0.018 0.043 0.036 0.005 0.017 0.078
226 K 0.048 0.091 0.035 0.035 0.007 0.045 0.06 0.037 0.018 0.023 0.037 0.388 0.013 0.013 0.023 0.045 0.034 0.004 0.015 0.028
227 W 0.026 0.019 0.013 0.013 0.007 0.012 0.019 0.025 0.013 0.031 0.055 0.019 0.015 0.137 0.007 0.02 0.02 0.459 0.061 0.03
228 A 0.271 0.026 0.029 0.029 0.016 0.022 0.034 0.168 0.013 0.03 0.042 0.038 0.013 0.017 0.023 0.12 0.044 0.005 0.014 0.046
229 M 0.041 0.022 0.015 0.016 0.013 0.019 0.02 0.022 0.012 0.171 0.152 0.026 0.185 0.084 0.013 0.027 0.033 0.007 0.025 0.097
230 R 0.038 0.445 0.033 0.026 0.007 0.041 0.044 0.028 0.02 0.02 0.039 0.102 0.013 0.015 0.016 0.038 0.03 0.005 0.015 0.026
231 S 0.072 0.034 0.04 0.042 0.013 0.052 0.087 0.098 0.016 0.029 0.04 0.047 0.014 0.017 0.023 0.173 0.145 0.005 0.014 0.04
232 G 0.057 0.024 0.076 0.079 0.008 0.02 0.032 0.422 0.058 0.017 0.025 0.032 0.009 0.015 0.016 0.044 0.027 0.005 0.014 0.021
233 D 0.083 0.032 0.031 0.119 0.012 0.025 0.058 0.034 0.013 0.087 0.111 0.069 0.046 0.025 0.019 0.058 0.069 0.005 0.015 0.091
234 S 0.079 0.029 0.039 0.035 0.014 0.024 0.036 0.156 0.014 0.061 0.046 0.039 0.014 0.019 0.022 0.222 0.086 0.005 0.014 0.046
235 L 0.045 0.019 0.015 0.038 0.014 0.013 0.021 0.02 0.009 0.161 0.219 0.022 0.031 0.081 0.013 0.025 0.034 0.006 0.023 0.193
236 S 0.066 0.029 0.034 0.036 0.012 0.025 0.073 0.1 0.018 0.037 0.091 0.039 0.017 0.081 0.02 0.163 0.046 0.008 0.066 0.04
237 E 0.049 0.03 0.035 0.158 0.009 0.032 0.171 0.032 0.016 0.047 0.052 0.043 0.015 0.064 0.019 0.069 0.036 0.005 0.02 0.099
238 F 0.072 0.02 0.022 0.09 0.011 0.016 0.047 0.029 0.013 0.086 0.084 0.025 0.02 0.251 0.014 0.032 0.029 0.009 0.045 0.087
239 F 0.033 0.016 0.014 0.015 0.011 0.011 0.016 0.02 0.014 0.167 0.109 0.019 0.024 0.288 0.011 0.022 0.026 0.012 0.09 0.082
240 S 0.056 0.034 0.131 0.072 0.011 0.031 0.112 0.042 0.018 0.037 0.119 0.044 0.017 0.022 0.02 0.132 0.045 0.005 0.015 0.039
241 D 0.049 0.037 0.092 0.109 0.01 0.089 0.087 0.037 0.019 0.046 0.067 0.047 0.069 0.021 0.018 0.072 0.039 0.005 0.016 0.072
242 V 0.093 0.024 0.019 0.019 0.016 0.019 0.025 0.03 0.011 0.113 0.158 0.029 0.086 0.034 0.017 0.041 0.076 0.006 0.018 0.167
243 L 0.051 0.022 0.019 0.021 0.013 0.016 0.024 0.027 0.011 0.116 0.19 0.027 0.028 0.094 0.092 0.067 0.038 0.006 0.026 0.113
244 N 0.102 0.035 0.196 0.114 0.011 0.028 0.049 0.057 0.021 0.024 0.033 0.045 0.012 0.017 0.022 0.133 0.05 0.004 0.014 0.033
245 Y 0.055 0.025 0.026 0.024 0.011 0.02 0.028 0.1 0.023 0.08 0.073 0.031 0.05 0.058 0.017 0.106 0.038 0.012 0.167 0.055
246 V 0.046 0.022 0.069 0.023 0.013 0.015 0.022 0.027 0.013 0.096 0.146 0.025 0.026 0.154 0.013 0.031 0.036 0.008 0.035 0.181
247 D 0.059 0.03 0.088 0.147 0.011 0.025 0.047 0.111 0.02 0.027 0.037 0.04 0.012 0.029 0.021 0.117 0.08 0.007 0.061 0.033
248 F 0.072 0.027 0.022 0.066 0.01 0.017 0.03 0.03 0.013 0.051 0.147 0.061 0.021 0.207 0.07 0.033 0.028 0.008 0.039 0.048
249 N 0.162 0.038 0.167 0.057 0.016 0.03 0.046 0.073 0.023 0.033 0.046 0.05 0.015 0.02 0.025 0.078 0.05 0.005 0.017 0.049
250 G 0.095 0.032 0.047 0.042 0.014 0.026 0.04 0.285 0.017 0.025 0.036 0.044 0.013 0.019 0.025 0.131 0.057 0.005 0.014 0.034
251 Y 0.041 0.028 0.022 0.019 0.009 0.022 0.028 0.025 0.047 0.044 0.069 0.032 0.019 0.133 0.016 0.032 0.028 0.028 0.309 0.047
252 L 0.05 0.025 0.018 0.019 0.016 0.021 0.023 0.025 0.013 0.181 0.185 0.03 0.093 0.047 0.016 0.031 0.041 0.007 0.023 0.136
253 E 0.047 0.037 0.036 0.136 0.009 0.035 0.171 0.032 0.016 0.095 0.055 0.079 0.015 0.019 0.02 0.059 0.067 0.004 0.014 0.054
254 L 0.039 0.123 0.107 0.079 0.009 0.029 0.042 0.033 0.017 0.072 0.131 0.117 0.019 0.023 0.017 0.039 0.033 0.005 0.015 0.049
255 L 0.036 0.022 0.015 0.014 0.011 0.016 0.02 0.02 0.024 0.067 0.264 0.024 0.029 0.079 0.013 0.024 0.026 0.015 0.22 0.061
256 G 0.05 0.029 0.11 0.088 0.009 0.026 0.091 0.147 0.019 0.035 0.079 0.039 0.014 0.028 0.018 0.072 0.035 0.006 0.054 0.049
257 L 0.086 0.029 0.025 0.037 0.012 0.029 0.138 0.031 0.014 0.091 0.164 0.039 0.023 0.027 0.018 0.069 0.053 0.005 0.016 0.094
258 A 0.181 0.027 0.03 0.029 0.016 0.022 0.033 0.104 0.012 0.05 0.054 0.037 0.016 0.02 0.022 0.142 0.081 0.005 0.015 0.104
259 L 0.041 0.018 0.013 0.014 0.014 0.013 0.017 0.019 0.009 0.185 0.281 0.021 0.034 0.085 0.012 0.022 0.031 0.006 0.024 0.143
260 D 0.043 0.074 0.079 0.184 0.007 0.035 0.159 0.063 0.021 0.021 0.032 0.052 0.011 0.024 0.019 0.059 0.033 0.006 0.053 0.026
261 Y 0.04 0.024 0.021 0.018 0.009 0.018 0.025 0.025 0.035 0.037 0.06 0.027 0.016 0.138 0.014 0.057 0.028 0.021 0.347 0.04
262 L 0.042 0.019 0.013 0.014 0.014 0.013 0.017 0.019 0.008 0.163 0.333 0.021 0.037 0.041 0.013 0.022 0.032 0.006 0.018 0.155
263 L 0.039 0.02 0.013 0.014 0.013 0.014 0.018 0.02 0.01 0.091 0.314 0.022 0.073 0.131 0.012 0.023 0.029 0.008 0.03 0.104
264 N 0.049 0.035 0.307 0.06 0.009 0.027 0.039 0.135 0.023 0.02 0.028 0.043 0.01 0.015 0.018 0.099 0.044 0.004 0.013 0.024
265 R 0.038 0.445 0.033 0.026 0.007 0.041 0.044 0.028 0.02 0.02 0.039 0.102 0.013 0.015 0.016 0.038 0.03 0.005 0.015 0.026
266 F 0.03 0.017 0.014 0.014 0.009 0.009 0.016 0.021 0.014 0.058 0.134 0.017 0.024 0.437 0.009 0.021 0.022 0.013 0.07 0.05
267 Q 0.047 0.062 0.037 0.04 0.007 0.334 0.087 0.035 0.025 0.022 0.04 0.077 0.017 0.012 0.02 0.047 0.035 0.005 0.017 0.03
268 H 0.036 0.039 0.083 0.036 0.007 0.032 0.045 0.035 0.411 0.019 0.032 0.039 0.013 0.025 0.016 0.038 0.025 0.006 0.045 0.02
269 V 0.051 0.022 0.095 0.026 0.014 0.017 0.023 0.027 0.011 0.136 0.133 0.027 0.025 0.03 0.014 0.033 0.04 0.005 0.017 0.256
270 G 0.057 0.022 0.069 0.03 0.009 0.018 0.024 0.419 0.019 0.021 0.031 0.03 0.01 0.033 0.016 0.042 0.027 0.008 0.092 0.025
271 H 0.035 0.037 0.043 0.031 0.007 0.031 0.043 0.031 0.412 0.021 0.035 0.038 0.013 0.034 0.016 0.035 0.023 0.008 0.086 0.021
272 V 0.085 0.018 0.014 0.016 0.015 0.014 0.02 0.024 0.008 0.198 0.15 0.023 0.028 0.033 0.014 0.03 0.038 0.005 0.017 0.249
273 A 0.326 0.026 0.021 0.023 0.016 0.021 0.032 0.057 0.018 0.037 0.052 0.035 0.015 0.037 0.023 0.063 0.039 0.008 0.096 0.055
274 L 0.038 0.02 0.013 0.014 0.013 0.014 0.017 0.018 0.011 0.149 0.364 0.022 0.037 0.051 0.012 0.021 0.029 0.008 0.059 0.091
275 L 0.075 0.019 0.014 0.015 0.014 0.014 0.019 0.023 0.009 0.218 0.251 0.023 0.059 0.039 0.014 0.027 0.033 0.005 0.018 0.11
276 L 0.034 0.021 0.015 0.014 0.01 0.015 0.02 0.021 0.017 0.064 0.211 0.023 0.065 0.114 0.011 0.023 0.026 0.123 0.115 0.057
277 E 0.049 0.048 0.055 0.067 0.007 0.079 0.302 0.033 0.022 0.02 0.033 0.096 0.012 0.014 0.022 0.062 0.034 0.005 0.014 0.027
278 N 0.037 0.039 0.328 0.107 0.007 0.029 0.047 0.05 0.068 0.019 0.027 0.061 0.01 0.016 0.018 0.055 0.038 0.004 0.017 0.023
279 A 0.207 0.029 0.033 0.032 0.016 0.023 0.037 0.056 0.014 0.034 0.049 0.039 0.015 0.064 0.023 0.187 0.068 0.005 0.021 0.047
280 D 0.053 0.032 0.044 0.179 0.009 0.031 0.123 0.066 0.061 0.024 0.033 0.044 0.011 0.021 0.021 0.105 0.07 0.005 0.037 0.03
281 K 0.042 0.043 0.069 0.081 0.008 0.059 0.081 0.032 0.022 0.039 0.052 0.109 0.015 0.081 0.017 0.039 0.032 0.009 0.102 0.066
282 L 0.04 0.02 0.014 0.014 0.012 0.014 0.019 0.02 0.015 0.093 0.264 0.022 0.031 0.11 0.012 0.023 0.029 0.01 0.106 0.13
283 Y 0.035 0.025 0.062 0.024 0.009 0.019 0.027 0.026 0.11 0.076 0.107 0.028 0.02 0.144 0.013 0.029 0.026 0.013 0.156 0.05
284 L 0.089 0.038 0.088 0.084 0.011 0.058 0.081 0.039 0.017 0.045 0.091 0.076 0.017 0.054 0.019 0.06 0.037 0.005 0.019 0.073
285 A 0.18 0.034 0.028 0.068 0.013 0.028 0.093 0.046 0.015 0.038 0.089 0.074 0.017 0.066 0.021 0.08 0.038 0.006 0.021 0.047
286 Y 0.034 0.022 0.017 0.015 0.009 0.016 0.022 0.021 0.031 0.05 0.135 0.024 0.021 0.146 0.012 0.025 0.024 0.019 0.308 0.048
287 N 0.045 0.08 0.147 0.041 0.01 0.103 0.048 0.038 0.02 0.04 0.143 0.053 0.02 0.023 0.017 0.072 0.038 0.005 0.016 0.041
288 L 0.085 0.044 0.081 0.08 0.011 0.058 0.047 0.068 0.016 0.038 0.122 0.11 0.018 0.021 0.02 0.081 0.038 0.005 0.015 0.041
289 G 0.056 0.024 0.112 0.082 0.009 0.019 0.031 0.396 0.015 0.021 0.047 0.033 0.01 0.016 0.016 0.046 0.029 0.004 0.011 0.024
290 D 0.078 0.072 0.051 0.119 0.01 0.024 0.04 0.117 0.017 0.074 0.081 0.074 0.016 0.029 0.017 0.041 0.031 0.006 0.054 0.048
291 F 0.033 0.016 0.014 0.015 0.011 0.01 0.016 0.02 0.012 0.185 0.115 0.018 0.025 0.303 0.01 0.021 0.026 0.011 0.052 0.088
292 L 0.048 0.115 0.029 0.071 0.011 0.026 0.037 0.031 0.014 0.083 0.187 0.08 0.024 0.027 0.017 0.085 0.037 0.005 0.016 0.058
293 S 0.071 0.029 0.034 0.034 0.012 0.023 0.037 0.045 0.014 0.025 0.036 0.04 0.012 0.019 0.187 0.203 0.067 0.06 0.018 0.033
294 Y 0.032 0.021 0.017 0.015 0.008 0.015 0.021 0.021 0.029 0.044 0.074 0.022 0.018 0.259 0.012 0.024 0.023 0.02 0.283 0.042
295 W 0.029 0.019 0.013 0.013 0.008 0.013 0.019 0.023 0.015 0.058 0.12 0.02 0.019 0.099 0.009 0.02 0.022 0.347 0.088 0.044
296 L 0.091 0.027 0.021 0.021 0.013 0.05 0.029 0.141 0.013 0.063 0.202 0.033 0.097 0.031 0.016 0.037 0.032 0.006 0.017 0.06
297 D 0.04 0.032 0.049 0.324 0.006 0.037 0.208 0.036 0.018 0.019 0.027 0.048 0.009 0.013 0.02 0.045 0.03 0.004 0.011 0.023
298 G 0.066 0.019 0.033 0.029 0.009 0.016 0.022 0.585 0.011 0.016 0.024 0.029 0.008 0.014 0.016 0.043 0.025 0.005 0.009 0.021
299 L 0.041 0.021 0.053 0.02 0.013 0.015 0.02 0.022 0.01 0.17 0.293 0.024 0.043 0.039 0.013 0.026 0.033 0.005 0.018 0.124
300 P 0.048 0.02 0.017 0.022 0.011 0.015 0.025 0.026 0.009 0.13 0.071 0.029 0.017 0.02 0.348 0.032 0.033 0.003 0.014 0.11
301 Q 0.046 0.058 0.075 0.042 0.008 0.288 0.08 0.037 0.024 0.022 0.038 0.072 0.016 0.013 0.047 0.048 0.035 0.005 0.017 0.029
302 Y 0.047 0.027 0.029 0.069 0.01 0.022 0.034 0.03 0.037 0.04 0.062 0.033 0.042 0.064 0.017 0.071 0.097 0.014 0.209 0.045
303 I 0.056 0.02 0.02 0.02 0.014 0.015 0.021 0.025 0.009 0.251 0.142 0.026 0.027 0.04 0.016 0.051 0.109 0.005 0.018 0.114
304 L 0.041 0.02 0.016 0.016 0.013 0.014 0.019 0.021 0.013 0.139 0.211 0.022 0.029 0.134 0.013 0.028 0.062 0.009 0.07 0.112
305 Y 0.04 0.027 0.021 0.018 0.009 0.021 0.027 0.024 0.046 0.043 0.067 0.03 0.018 0.128 0.015 0.03 0.027 0.027 0.333 0.046
306 L 0.053 0.07 0.065 0.032 0.066 0.026 0.067 0.033 0.018 0.052 0.106 0.042 0.052 0.033 0.017 0.088 0.039 0.007 0.056 0.079
307 K 0.046 0.121 0.074 0.038 0.007 0.043 0.057 0.038 0.019 0.023 0.036 0.325 0.013 0.014 0.022 0.046 0.034 0.004 0.015 0.027
308 L 0.044 0.019 0.015 0.016 0.014 0.014 0.018 0.075 0.009 0.185 0.253 0.023 0.058 0.038 0.013 0.025 0.032 0.005 0.017 0.127
309 F 0.038 0.02 0.057 0.021 0.01 0.014 0.02 0.08 0.016 0.075 0.166 0.023 0.024 0.208 0.012 0.028 0.027 0.01 0.079 0.071
310 G 0.066 0.023 0.067 0.034 0.01 0.019 0.032 0.479 0.013 0.017 0.025 0.032 0.009 0.014 0.017 0.074 0.031 0.004 0.01 0.022
311 L 0.063 0.02 0.016 0.016 0.069 0.014 0.019 0.024 0.009 0.116 0.243 0.023 0.03 0.068 0.014 0.032 0.065 0.006 0.021 0.131
312 D 0.045 0.039 0.04 0.193 0.008 0.066 0.136 0.095 0.017 0.06 0.042 0.084 0.013 0.016 0.019 0.043 0.031 0.004 0.013 0.038
313 D 0.05 0.069 0.054 0.199 0.008 0.061 0.084 0.045 0.021 0.025 0.037 0.153 0.013 0.015 0.025 0.053 0.038 0.005 0.015 0.029
314 S 0.091 0.029 0.028 0.027 0.012 0.051 0.034 0.092 0.017 0.073 0.07 0.037 0.044 0.077 0.018 0.102 0.072 0.008 0.062 0.055
315 Y 0.045 0.025 0.019 0.02 0.011 0.048 0.029 0.024 0.02 0.067 0.126 0.031 0.021 0.051 0.125 0.03 0.031 0.01 0.138 0.127
316 T 0.052 0.123 0.076 0.081 0.011 0.031 0.045 0.038 0.017 0.032 0.054 0.104 0.021 0.018 0.021 0.083 0.135 0.005 0.014 0.039
317 L 0.037 0.02 0.012 0.013 0.013 0.013 0.017 0.018 0.009 0.122 0.401 0.021 0.039 0.089 0.012 0.021 0.028 0.007 0.024 0.085
318 N 0.093 0.034 0.23 0.053 0.011 0.026 0.04 0.11 0.021 0.022 0.031 0.043 0.011 0.016 0.02 0.143 0.049 0.004 0.014 0.03
319 S 0.066 0.034 0.036 0.037 0.013 0.057 0.077 0.04 0.016 0.038 0.089 0.044 0.018 0.066 0.021 0.165 0.112 0.006 0.022 0.045
