#Seq2Logo.py -f /work3/idamei/ssn-clusterings/clustering/2205181126/clusters/0006_154/sequences.afa -o /work3/idamei/ssn-clusterings/clustering/2205181126/clusters/0006_154/sequences.logo
#Position Specific Frequency Matrix
A R N D C Q E G H I L K M F P S T W Y V
0 L 0.051 0.031 0.02 0.02 0.016 0.028 0.028 0.028 0.016 0.098 0.193 0.035 0.177 0.047 0.016 0.035 0.039 0.008 0.024 0.091
1 I 0.046 0.019 0.014 0.017 0.016 0.014 0.018 0.02 0.009 0.251 0.209 0.023 0.039 0.045 0.014 0.024 0.038 0.006 0.021 0.157
2 L 0.046 0.032 0.021 0.023 0.013 0.059 0.037 0.025 0.02 0.15 0.166 0.038 0.032 0.057 0.016 0.032 0.036 0.01 0.083 0.104
3 L 0.054 0.025 0.024 0.023 0.014 0.018 0.027 0.031 0.02 0.124 0.132 0.03 0.027 0.128 0.017 0.068 0.042 0.012 0.095 0.09
4 L 0.096 0.024 0.016 0.018 0.017 0.017 0.023 0.032 0.011 0.133 0.277 0.028 0.04 0.045 0.017 0.036 0.037 0.006 0.021 0.105
5 I 0.05 0.019 0.015 0.017 0.016 0.014 0.019 0.021 0.009 0.226 0.202 0.024 0.038 0.044 0.015 0.026 0.04 0.006 0.021 0.179
6 L 0.04 0.019 0.015 0.017 0.014 0.013 0.018 0.022 0.012 0.162 0.188 0.022 0.034 0.188 0.013 0.025 0.032 0.01 0.047 0.11
7 L 0.053 0.024 0.024 0.023 0.013 0.017 0.023 0.149 0.013 0.069 0.187 0.028 0.029 0.126 0.016 0.039 0.058 0.009 0.035 0.064
8 F 0.036 0.018 0.016 0.017 0.011 0.011 0.018 0.024 0.015 0.107 0.122 0.02 0.027 0.328 0.011 0.025 0.028 0.014 0.074 0.078
9 V 0.053 0.019 0.016 0.017 0.016 0.014 0.02 0.023 0.01 0.191 0.139 0.023 0.032 0.111 0.014 0.028 0.04 0.008 0.034 0.193
10 L 0.104 0.024 0.02 0.021 0.018 0.018 0.026 0.035 0.01 0.154 0.171 0.03 0.032 0.037 0.019 0.044 0.064 0.006 0.02 0.148
11 F 0.044 0.022 0.017 0.017 0.013 0.015 0.021 0.024 0.019 0.088 0.161 0.024 0.03 0.203 0.013 0.027 0.032 0.015 0.109 0.106
12 S 0.089 0.035 0.041 0.038 0.017 0.028 0.042 0.052 0.016 0.054 0.145 0.045 0.025 0.03 0.025 0.172 0.066 0.006 0.019 0.057
13 L 0.048 0.022 0.016 0.017 0.015 0.015 0.02 0.023 0.011 0.146 0.216 0.024 0.051 0.116 0.014 0.027 0.036 0.008 0.034 0.139
14 I 0.049 0.018 0.015 0.017 0.111 0.013 0.018 0.023 0.009 0.203 0.189 0.023 0.035 0.041 0.015 0.027 0.037 0.006 0.019 0.134
15 S 0.147 0.038 0.047 0.044 0.018 0.031 0.049 0.067 0.018 0.032 0.045 0.051 0.016 0.021 0.029 0.205 0.074 0.005 0.017 0.046
16 F 0.045 0.02 0.016 0.017 0.014 0.013 0.019 0.023 0.012 0.137 0.181 0.022 0.033 0.186 0.013 0.026 0.034 0.01 0.047 0.132
17 F 0.092 0.022 0.017 0.019 0.015 0.015 0.023 0.034 0.013 0.113 0.167 0.026 0.03 0.183 0.016 0.036 0.034 0.01 0.047 0.089
18 P 0.064 0.095 0.032 0.034 0.011 0.028 0.042 0.041 0.016 0.026 0.039 0.058 0.012 0.015 0.312 0.082 0.044 0.004 0.014 0.033
19 P 0.051 0.025 0.019 0.024 0.012 0.019 0.029 0.03 0.012 0.06 0.176 0.034 0.026 0.029 0.308 0.035 0.034 0.004 0.016 0.056
20 E 0.058 0.06 0.035 0.06 0.01 0.051 0.181 0.035 0.02 0.051 0.056 0.13 0.017 0.02 0.024 0.049 0.039 0.005 0.017 0.082
21 D 0.108 0.036 0.106 0.163 0.012 0.033 0.086 0.058 0.021 0.027 0.038 0.05 0.013 0.018 0.025 0.098 0.05 0.005 0.015 0.037
22 R 0.047 0.151 0.093 0.041 0.01 0.039 0.049 0.039 0.021 0.076 0.065 0.138 0.019 0.022 0.021 0.047 0.039 0.005 0.017 0.059
23 L 0.045 0.024 0.014 0.015 0.016 0.016 0.02 0.021 0.01 0.116 0.374 0.025 0.05 0.055 0.014 0.024 0.033 0.007 0.022 0.096
24 I 0.049 0.09 0.021 0.02 0.013 0.024 0.028 0.025 0.02 0.141 0.117 0.045 0.041 0.054 0.016 0.032 0.038 0.01 0.082 0.133
25 L 0.057 0.041 0.034 0.043 0.013 0.071 0.1 0.034 0.018 0.076 0.13 0.053 0.026 0.028 0.022 0.056 0.104 0.006 0.019 0.07
26 K 0.106 0.09 0.038 0.038 0.011 0.047 0.063 0.049 0.019 0.03 0.046 0.243 0.016 0.016 0.027 0.059 0.041 0.005 0.017 0.039
27 K 0.048 0.06 0.124 0.058 0.008 0.043 0.103 0.044 0.03 0.028 0.043 0.124 0.014 0.039 0.022 0.053 0.039 0.009 0.079 0.033
28 I 0.089 0.024 0.024 0.025 0.017 0.019 0.027 0.036 0.011 0.185 0.122 0.032 0.029 0.035 0.019 0.074 0.05 0.006 0.019 0.158
29 L 0.055 0.022 0.016 0.017 0.017 0.016 0.021 0.023 0.009 0.183 0.197 0.026 0.051 0.042 0.015 0.029 0.042 0.006 0.021 0.193
30 F 0.036 0.022 0.018 0.017 0.01 0.015 0.022 0.025 0.028 0.055 0.095 0.023 0.022 0.297 0.012 0.027 0.026 0.021 0.178 0.051
31 F 0.041 0.019 0.015 0.017 0.014 0.012 0.018 0.022 0.012 0.179 0.166 0.021 0.033 0.187 0.013 0.025 0.033 0.01 0.047 0.118
32 G 0.109 0.022 0.022 0.022 0.111 0.016 0.024 0.135 0.012 0.066 0.078 0.028 0.02 0.098 0.018 0.046 0.037 0.007 0.029 0.097
33 L 0.051 0.021 0.015 0.016 0.111 0.014 0.019 0.025 0.01 0.099 0.216 0.023 0.034 0.112 0.014 0.029 0.035 0.008 0.033 0.116
34 G 0.077 0.022 0.038 0.033 0.011 0.019 0.025 0.52 0.013 0.019 0.028 0.033 0.009 0.016 0.019 0.05 0.029 0.005 0.011 0.024
35 L 0.053 0.022 0.015 0.016 0.017 0.015 0.021 0.023 0.01 0.127 0.256 0.024 0.039 0.081 0.014 0.027 0.038 0.007 0.028 0.166
36 L 0.055 0.024 0.02 0.021 0.017 0.017 0.023 0.026 0.01 0.162 0.204 0.028 0.035 0.041 0.017 0.039 0.083 0.006 0.02 0.151
37 L 0.045 0.025 0.015 0.016 0.016 0.018 0.021 0.022 0.011 0.11 0.349 0.027 0.074 0.052 0.014 0.026 0.034 0.007 0.022 0.094
38 L 0.052 0.025 0.021 0.021 0.016 0.019 0.024 0.026 0.011 0.167 0.195 0.03 0.063 0.042 0.017 0.04 0.082 0.006 0.021 0.12
39 L 0.048 0.023 0.018 0.018 0.015 0.015 0.022 0.025 0.012 0.101 0.221 0.025 0.035 0.15 0.015 0.033 0.056 0.009 0.041 0.118
40 L 0.048 0.022 0.02 0.021 0.015 0.016 0.022 0.026 0.011 0.16 0.179 0.027 0.033 0.112 0.016 0.038 0.079 0.008 0.033 0.113
41 A 0.304 0.03 0.025 0.029 0.021 0.025 0.04 0.077 0.015 0.042 0.058 0.044 0.017 0.021 0.029 0.083 0.049 0.005 0.017 0.067
42 G 0.166 0.025 0.029 0.028 0.016 0.021 0.03 0.243 0.013 0.057 0.06 0.036 0.017 0.022 0.022 0.06 0.041 0.005 0.015 0.093
43 F 0.037 0.021 0.016 0.016 0.013 0.013 0.019 0.023 0.014 0.083 0.222 0.021 0.034 0.261 0.012 0.024 0.028 0.013 0.061 0.07
44 R 0.044 0.358 0.038 0.03 0.008 0.047 0.051 0.032 0.023 0.023 0.046 0.118 0.015 0.017 0.019 0.044 0.034 0.006 0.017 0.03
45 G 0.063 0.034 0.036 0.055 0.009 0.037 0.141 0.229 0.018 0.021 0.033 0.051 0.011 0.015 0.118 0.05 0.033 0.005 0.013 0.028
46 E 0.05 0.039 0.04 0.138 0.009 0.046 0.208 0.034 0.021 0.074 0.06 0.058 0.017 0.021 0.022 0.048 0.036 0.005 0.016 0.058
47 G 0.083 0.026 0.041 0.036 0.012 0.021 0.03 0.429 0.014 0.021 0.03 0.037 0.01 0.017 0.021 0.087 0.039 0.005 0.012 0.027
48 V 0.062 0.021 0.016 0.017 0.017 0.015 0.022 0.024 0.01 0.142 0.125 0.024 0.03 0.108 0.015 0.031 0.044 0.008 0.034 0.237
49 D 0.04 0.029 0.068 0.408 0.007 0.029 0.09 0.046 0.018 0.022 0.028 0.044 0.009 0.015 0.022 0.051 0.035 0.004 0.011 0.024
50 R 0.043 0.278 0.111 0.043 0.008 0.044 0.051 0.04 0.025 0.023 0.042 0.102 0.014 0.017 0.019 0.05 0.038 0.005 0.017 0.029
51 D 0.04 0.029 0.068 0.409 0.007 0.029 0.09 0.046 0.018 0.022 0.027 0.044 0.009 0.015 0.022 0.051 0.035 0.004 0.011 0.024
52 Y 0.053 0.03 0.028 0.024 0.011 0.024 0.032 0.033 0.04 0.04 0.062 0.035 0.018 0.107 0.018 0.072 0.038 0.023 0.268 0.045
53 V 0.106 0.03 0.086 0.036 0.016 0.023 0.033 0.046 0.015 0.113 0.089 0.038 0.023 0.028 0.021 0.06 0.089 0.005 0.018 0.124
54 L 0.051 0.034 0.088 0.048 0.013 0.03 0.087 0.036 0.018 0.099 0.137 0.044 0.026 0.031 0.02 0.052 0.084 0.006 0.018 0.079
55 Y 0.04 0.027 0.021 0.018 0.009 0.021 0.027 0.024 0.046 0.043 0.067 0.031 0.018 0.128 0.015 0.031 0.027 0.027 0.331 0.046
56 V 0.056 0.031 0.025 0.046 0.013 0.034 0.136 0.027 0.015 0.143 0.102 0.044 0.025 0.03 0.019 0.039 0.041 0.006 0.019 0.149
57 E 0.063 0.042 0.037 0.066 0.011 0.048 0.2 0.038 0.021 0.041 0.107 0.06 0.02 0.025 0.024 0.084 0.044 0.006 0.018 0.045
58 L 0.046 0.031 0.024 0.021 0.014 0.025 0.029 0.027 0.084 0.089 0.24 0.033 0.093 0.046 0.016 0.032 0.034 0.007 0.029 0.078
59 F 0.034 0.02 0.018 0.017 0.01 0.013 0.02 0.025 0.022 0.058 0.103 0.021 0.024 0.345 0.011 0.026 0.025 0.019 0.136 0.052
60 H 0.044 0.043 0.097 0.053 0.008 0.056 0.101 0.04 0.128 0.031 0.052 0.052 0.016 0.097 0.019 0.047 0.034 0.008 0.043 0.032
61 N 0.05 0.048 0.215 0.065 0.011 0.071 0.057 0.055 0.027 0.029 0.041 0.058 0.014 0.018 0.022 0.07 0.089 0.005 0.017 0.037
62 Y 0.055 0.067 0.032 0.028 0.011 0.047 0.042 0.035 0.036 0.036 0.058 0.05 0.018 0.084 0.019 0.075 0.04 0.019 0.206 0.042
63 D 0.051 0.036 0.046 0.203 0.01 0.04 0.165 0.037 0.019 0.05 0.051 0.052 0.015 0.019 0.022 0.049 0.038 0.005 0.015 0.078
64 T 0.054 0.038 0.033 0.031 0.013 0.063 0.045 0.035 0.024 0.047 0.071 0.046 0.02 0.118 0.021 0.058 0.123 0.012 0.095 0.055
65 E 0.055 0.05 0.041 0.09 0.007 0.065 0.295 0.035 0.026 0.022 0.037 0.076 0.013 0.017 0.026 0.055 0.037 0.006 0.017 0.031
66 I 0.058 0.022 0.022 0.023 0.016 0.017 0.024 0.029 0.011 0.234 0.14 0.029 0.032 0.039 0.017 0.067 0.047 0.006 0.02 0.147
67 A 0.29 0.031 0.026 0.03 0.022 0.026 0.04 0.078 0.015 0.043 0.059 0.045 0.018 0.022 0.03 0.085 0.05 0.005 0.018 0.069
68 L 0.067 0.034 0.09 0.039 0.015 0.027 0.037 0.044 0.018 0.072 0.147 0.041 0.055 0.033 0.02 0.099 0.053 0.006 0.019 0.083
69 L 0.058 0.023 0.018 0.019 0.017 0.018 0.023 0.025 0.01 0.159 0.187 0.028 0.049 0.04 0.016 0.035 0.064 0.006 0.021 0.183
70 E 0.054 0.049 0.04 0.088 0.007 0.063 0.31 0.034 0.025 0.022 0.036 0.074 0.013 0.016 0.025 0.054 0.036 0.005 0.016 0.031
71 P 0.058 0.025 0.022 0.028 0.012 0.019 0.033 0.033 0.012 0.053 0.054 0.038 0.014 0.017 0.406 0.041 0.038 0.003 0.014 0.081
72 A 0.144 0.032 0.035 0.034 0.017 0.025 0.039 0.056 0.016 0.044 0.065 0.042 0.019 0.097 0.025 0.119 0.096 0.008 0.031 0.057
73 F 0.033 0.019 0.017 0.017 0.01 0.01 0.019 0.025 0.017 0.062 0.112 0.019 0.025 0.399 0.01 0.025 0.025 0.017 0.087 0.054
74 K 0.056 0.065 0.031 0.032 0.012 0.073 0.056 0.034 0.017 0.071 0.129 0.145 0.026 0.027 0.021 0.043 0.04 0.006 0.019 0.095
75 L 0.127 0.028 0.023 0.024 0.018 0.021 0.03 0.042 0.012 0.08 0.224 0.034 0.033 0.038 0.021 0.055 0.083 0.006 0.02 0.081
76 I 0.046 0.019 0.014 0.017 0.016 0.014 0.018 0.02 0.009 0.251 0.209 0.023 0.039 0.045 0.014 0.024 0.038 0.006 0.021 0.157
77 A 0.186 0.036 0.042 0.04 0.019 0.03 0.047 0.07 0.017 0.034 0.048 0.049 0.016 0.021 0.029 0.174 0.068 0.005 0.017 0.052
78 W 0.056 0.032 0.029 0.038 0.011 0.03 0.087 0.035 0.023 0.063 0.075 0.042 0.034 0.054 0.018 0.074 0.041 0.109 0.091 0.056
79 F 0.038 0.019 0.016 0.016 0.013 0.012 0.019 0.023 0.014 0.117 0.178 0.021 0.032 0.259 0.012 0.025 0.029 0.012 0.061 0.086
80 V 0.067 0.023 0.023 0.024 0.017 0.018 0.026 0.031 0.01 0.184 0.125 0.03 0.03 0.035 0.018 0.07 0.051 0.005 0.02 0.191
81 H 0.052 0.111 0.044 0.043 0.01 0.078 0.085 0.038 0.126 0.029 0.046 0.071 0.017 0.022 0.022 0.056 0.079 0.006 0.029 0.037
82 A 0.136 0.043 0.096 0.046 0.015 0.069 0.055 0.059 0.021 0.036 0.05 0.056 0.017 0.019 0.026 0.091 0.093 0.005 0.017 0.05
83 L 0.043 0.028 0.025 0.022 0.012 0.021 0.029 0.027 0.105 0.075 0.158 0.029 0.028 0.141 0.015 0.03 0.031 0.012 0.085 0.084
84 L 0.039 0.021 0.015 0.016 0.013 0.013 0.019 0.023 0.013 0.105 0.228 0.022 0.036 0.225 0.012 0.024 0.029 0.012 0.054 0.082
85 G 0.06 0.026 0.041 0.106 0.011 0.021 0.039 0.231 0.015 0.035 0.052 0.035 0.014 0.094 0.019 0.054 0.076 0.007 0.027 0.039
86 D 0.07 0.037 0.056 0.201 0.011 0.037 0.118 0.051 0.02 0.025 0.035 0.054 0.012 0.017 0.025 0.125 0.053 0.005 0.015 0.032
87 N 0.042 0.041 0.278 0.147 0.009 0.032 0.057 0.06 0.028 0.022 0.03 0.051 0.011 0.017 0.02 0.065 0.046 0.004 0.015 0.026
88 I 0.05 0.022 0.018 0.019 0.014 0.017 0.023 0.024 0.02 0.162 0.115 0.028 0.027 0.064 0.064 0.03 0.037 0.012 0.113 0.143
89 L 0.052 0.091 0.025 0.023 0.015 0.024 0.03 0.028 0.013 0.122 0.184 0.047 0.032 0.036 0.018 0.042 0.082 0.006 0.02 0.111
90 F 0.036 0.022 0.018 0.017 0.01 0.015 0.022 0.025 0.028 0.054 0.094 0.023 0.022 0.291 0.012 0.027 0.026 0.021 0.185 0.051
91 L 0.044 0.024 0.014 0.015 0.016 0.016 0.02 0.021 0.01 0.113 0.388 0.025 0.049 0.054 0.014 0.024 0.033 0.007 0.022 0.094
92 F 0.033 0.019 0.017 0.017 0.01 0.01 0.019 0.025 0.017 0.062 0.112 0.019 0.025 0.399 0.01 0.025 0.025 0.017 0.087 0.054
93 L 0.096 0.024 0.017 0.018 0.016 0.017 0.024 0.033 0.012 0.094 0.241 0.027 0.036 0.114 0.016 0.037 0.036 0.008 0.034 0.1
94 I 0.05 0.019 0.015 0.017 0.016 0.014 0.019 0.021 0.009 0.226 0.202 0.024 0.038 0.044 0.015 0.026 0.04 0.006 0.021 0.179
95 F 0.037 0.024 0.019 0.018 0.01 0.017 0.024 0.025 0.034 0.051 0.085 0.026 0.021 0.237 0.013 0.028 0.026 0.023 0.234 0.049
96 A 0.304 0.03 0.025 0.029 0.021 0.025 0.04 0.077 0.015 0.042 0.058 0.044 0.017 0.021 0.029 0.083 0.049 0.005 0.017 0.067
97 F 0.046 0.022 0.017 0.018 0.014 0.016 0.021 0.024 0.013 0.134 0.142 0.024 0.059 0.185 0.013 0.028 0.035 0.01 0.048 0.131
98 L 0.042 0.021 0.015 0.016 0.015 0.014 0.019 0.022 0.011 0.137 0.288 0.023 0.041 0.121 0.013 0.024 0.032 0.009 0.035 0.102
99 G 0.077 0.022 0.038 0.033 0.011 0.019 0.025 0.52 0.013 0.019 0.028 0.033 0.009 0.016 0.019 0.05 0.029 0.005 0.011 0.024
100 V 0.069 0.021 0.016 0.017 0.019 0.016 0.023 0.024 0.008 0.161 0.128 0.026 0.031 0.035 0.016 0.032 0.048 0.005 0.02 0.283
101 G 0.078 0.031 0.039 0.035 0.016 0.025 0.036 0.14 0.014 0.051 0.115 0.041 0.022 0.027 0.023 0.113 0.115 0.006 0.017 0.057
102 L 0.049 0.025 0.02 0.02 0.016 0.018 0.023 0.025 0.01 0.118 0.301 0.029 0.042 0.047 0.017 0.037 0.079 0.007 0.021 0.097
103 K 0.056 0.105 0.041 0.041 0.008 0.052 0.069 0.042 0.02 0.027 0.042 0.292 0.015 0.015 0.027 0.052 0.039 0.005 0.017 0.032
104 L 0.039 0.022 0.015 0.016 0.014 0.014 0.019 0.022 0.013 0.093 0.277 0.022 0.039 0.192 0.013 0.024 0.03 0.011 0.048 0.078
105 L 0.045 0.036 0.02 0.021 0.013 0.021 0.029 0.026 0.013 0.155 0.174 0.076 0.032 0.111 0.016 0.03 0.035 0.008 0.033 0.105
106 A 0.259 0.029 0.028 0.03 0.019 0.024 0.037 0.165 0.014 0.038 0.052 0.042 0.016 0.02 0.027 0.077 0.045 0.005 0.016 0.059
107 I 0.046 0.017 0.014 0.017 0.016 0.013 0.017 0.02 0.009 0.285 0.165 0.023 0.036 0.043 0.014 0.025 0.039 0.006 0.02 0.173
108 K 0.054 0.13 0.043 0.037 0.01 0.043 0.056 0.039 0.089 0.03 0.046 0.158 0.016 0.02 0.024 0.056 0.08 0.006 0.025 0.037
109 E 0.058 0.062 0.041 0.06 0.01 0.087 0.166 0.039 0.023 0.03 0.045 0.115 0.016 0.017 0.026 0.061 0.083 0.005 0.017 0.04
110 L 0.044 0.023 0.014 0.015 0.016 0.016 0.02 0.021 0.01 0.13 0.365 0.025 0.047 0.053 0.014 0.024 0.033 0.007 0.022 0.102
111 T 0.086 0.037 0.047 0.041 0.017 0.029 0.044 0.052 0.016 0.043 0.055 0.048 0.018 0.022 0.028 0.149 0.189 0.006 0.017 0.058
112 N 0.064 0.053 0.163 0.096 0.011 0.036 0.058 0.058 0.024 0.025 0.036 0.1 0.013 0.018 0.024 0.114 0.055 0.005 0.016 0.032
113 L 0.039 0.022 0.015 0.016 0.014 0.014 0.019 0.022 0.013 0.093 0.277 0.022 0.039 0.192 0.013 0.024 0.03 0.011 0.048 0.078
114 W 0.092 0.024 0.017 0.018 0.012 0.017 0.026 0.038 0.013 0.059 0.068 0.027 0.019 0.047 0.014 0.036 0.033 0.304 0.048 0.088
115 F 0.037 0.021 0.016 0.016 0.013 0.013 0.019 0.023 0.014 0.083 0.222 0.021 0.034 0.261 0.012 0.024 0.028 0.013 0.061 0.07
116 L 0.044 0.024 0.014 0.015 0.016 0.016 0.02 0.021 0.01 0.113 0.388 0.025 0.049 0.054 0.014 0.024 0.033 0.007 0.022 0.094
117 S 0.108 0.039 0.053 0.048 0.017 0.033 0.051 0.065 0.019 0.029 0.041 0.053 0.015 0.02 0.029 0.235 0.08 0.005 0.017 0.041
118 L 0.054 0.023 0.015 0.016 0.017 0.016 0.021 0.022 0.009 0.132 0.284 0.025 0.042 0.046 0.015 0.027 0.039 0.006 0.021 0.17
119 L 0.103 0.024 0.017 0.019 0.018 0.018 0.025 0.033 0.01 0.113 0.244 0.029 0.037 0.042 0.018 0.038 0.041 0.006 0.02 0.146
120 I 0.053 0.019 0.015 0.017 0.017 0.014 0.019 0.021 0.008 0.248 0.154 0.024 0.035 0.041 0.015 0.027 0.042 0.006 0.02 0.206
121 Y 0.04 0.027 0.021 0.018 0.009 0.021 0.027 0.024 0.046 0.043 0.067 0.031 0.018 0.128 0.015 0.031 0.027 0.027 0.331 0.046
122 L 0.05 0.021 0.015 0.016 0.016 0.015 0.019 0.021 0.009 0.192 0.246 0.024 0.04 0.046 0.015 0.026 0.038 0.006 0.021 0.164
123 S 0.102 0.036 0.05 0.045 0.016 0.03 0.046 0.156 0.018 0.027 0.038 0.049 0.014 0.02 0.027 0.198 0.07 0.005 0.016 0.038
124 N 0.044 0.05 0.273 0.074 0.009 0.072 0.059 0.059 0.03 0.023 0.034 0.06 0.013 0.017 0.02 0.066 0.047 0.005 0.016 0.028
125 F 0.033 0.019 0.017 0.017 0.01 0.01 0.019 0.025 0.017 0.062 0.112 0.019 0.025 0.399 0.01 0.025 0.025 0.017 0.087 0.054
126 F 0.037 0.024 0.019 0.018 0.01 0.017 0.024 0.025 0.034 0.051 0.085 0.026 0.021 0.237 0.013 0.028 0.026 0.023 0.234 0.049
127 L 0.047 0.021 0.015 0.017 0.016 0.017 0.02 0.022 0.01 0.213 0.215 0.026 0.067 0.046 0.015 0.027 0.038 0.006 0.021 0.141
128 L 0.044 0.023 0.014 0.015 0.016 0.015 0.019 0.021 0.01 0.148 0.343 0.024 0.046 0.052 0.014 0.024 0.034 0.007 0.022 0.11
129 H 0.044 0.05 0.051 0.039 0.008 0.076 0.062 0.038 0.3 0.023 0.039 0.054 0.016 0.027 0.02 0.044 0.029 0.007 0.049 0.025
130 E 0.054 0.049 0.04 0.088 0.007 0.063 0.31 0.034 0.025 0.022 0.036 0.074 0.013 0.016 0.025 0.054 0.036 0.005 0.016 0.031
131 L 0.05 0.03 0.019 0.019 0.016 0.025 0.026 0.026 0.015 0.101 0.232 0.033 0.151 0.049 0.015 0.033 0.038 0.008 0.023 0.091
132 T 0.072 0.035 0.043 0.037 0.017 0.027 0.039 0.043 0.014 0.052 0.064 0.045 0.019 0.023 0.027 0.091 0.261 0.006 0.017 0.07
133 Q 0.058 0.065 0.043 0.044 0.01 0.189 0.088 0.041 0.026 0.031 0.05 0.08 0.02 0.016 0.024 0.062 0.085 0.006 0.02 0.042
134 I 0.046 0.017 0.014 0.017 0.016 0.013 0.017 0.02 0.009 0.285 0.165 0.023 0.036 0.043 0.014 0.025 0.039 0.006 0.02 0.173
135 R 0.044 0.358 0.038 0.03 0.008 0.047 0.051 0.032 0.023 0.023 0.046 0.118 0.015 0.017 0.019 0.044 0.034 0.006 0.017 0.03
136 A 0.28 0.03 0.024 0.028 0.021 0.024 0.038 0.072 0.014 0.054 0.065 0.042 0.019 0.023 0.028 0.078 0.049 0.005 0.017 0.089
137 G 0.077 0.022 0.038 0.033 0.011 0.019 0.025 0.52 0.013 0.019 0.028 0.033 0.009 0.016 0.019 0.05 0.029 0.005 0.011 0.024
138 V 0.107 0.022 0.017 0.02 0.018 0.017 0.024 0.033 0.01 0.187 0.129 0.028 0.03 0.036 0.018 0.039 0.045 0.006 0.02 0.196
139 A 0.304 0.03 0.025 0.029 0.021 0.025 0.04 0.077 0.015 0.042 0.058 0.044 0.017 0.021 0.029 0.083 0.049 0.005 0.017 0.067
140 S 0.108 0.039 0.053 0.048 0.017 0.033 0.051 0.065 0.019 0.029 0.041 0.053 0.015 0.02 0.029 0.235 0.08 0.005 0.017 0.041
141 G 0.154 0.03 0.039 0.036 0.016 0.025 0.037 0.25 0.015 0.029 0.041 0.042 0.013 0.019 0.025 0.116 0.05 0.005 0.015 0.042
142 F 0.037 0.019 0.016 0.017 0.012 0.011 0.018 0.024 0.014 0.112 0.15 0.02 0.03 0.293 0.012 0.025 0.029 0.013 0.067 0.082
143 L 0.044 0.024 0.014 0.015 0.016 0.016 0.02 0.021 0.01 0.113 0.388 0.025 0.049 0.054 0.014 0.024 0.033 0.007 0.022 0.094
144 L 0.045 0.025 0.015 0.016 0.016 0.018 0.021 0.022 0.011 0.11 0.349 0.027 0.074 0.052 0.014 0.026 0.034 0.007 0.022 0.094
145 L 0.044 0.024 0.014 0.015 0.016 0.016 0.02 0.021 0.01 0.113 0.388 0.025 0.049 0.054 0.014 0.024 0.033 0.007 0.022 0.094
146 C 0.081 0.025 0.031 0.029 0.303 0.02 0.03 0.045 0.012 0.038 0.055 0.033 0.016 0.02 0.021 0.118 0.054 0.004 0.014 0.05
147 I 0.046 0.019 0.014 0.017 0.016 0.014 0.018 0.02 0.009 0.251 0.209 0.023 0.039 0.045 0.014 0.024 0.038 0.006 0.021 0.157
148 K 0.056 0.105 0.041 0.041 0.008 0.052 0.069 0.042 0.02 0.027 0.042 0.292 0.015 0.015 0.027 0.052 0.039 0.005 0.017 0.032
149 P 0.056 0.025 0.023 0.03 0.01 0.02 0.035 0.035 0.013 0.025 0.035 0.04 0.01 0.013 0.503 0.043 0.035 0.003 0.013 0.03
150 I 0.045 0.024 0.077 0.03 0.014 0.018 0.024 0.029 0.013 0.198 0.182 0.029 0.034 0.04 0.015 0.033 0.04 0.006 0.02 0.128
151 Y 0.041 0.03 0.026 0.022 0.01 0.024 0.031 0.028 0.098 0.054 0.095 0.032 0.051 0.147 0.015 0.033 0.029 0.017 0.166 0.052
152 E 0.049 0.041 0.051 0.217 0.007 0.05 0.222 0.039 0.023 0.022 0.033 0.062 0.011 0.016 0.024 0.053 0.036 0.005 0.014 0.028
153 R 0.044 0.358 0.038 0.03 0.008 0.047 0.051 0.032 0.023 0.023 0.046 0.118 0.015 0.017 0.019 0.044 0.034 0.006 0.017 0.03
154 N 0.041 0.038 0.225 0.213 0.008 0.032 0.065 0.057 0.026 0.022 0.03 0.049 0.01 0.016 0.021 0.061 0.043 0.004 0.014 0.025
155 W 0.035 0.022 0.015 0.015 0.011 0.014 0.021 0.026 0.014 0.061 0.165 0.022 0.027 0.126 0.01 0.023 0.026 0.257 0.057 0.054
156 K 0.053 0.156 0.04 0.039 0.008 0.051 0.066 0.04 0.021 0.026 0.043 0.257 0.015 0.016 0.025 0.051 0.038 0.005 0.017 0.032
157 L 0.049 0.122 0.03 0.029 0.011 0.037 0.046 0.032 0.017 0.078 0.159 0.15 0.027 0.03 0.02 0.039 0.036 0.006 0.019 0.065
158 F 0.033 0.019 0.017 0.017 0.01 0.01 0.019 0.025 0.017 0.062 0.112 0.019 0.025 0.399 0.01 0.025 0.025 0.017 0.087 0.054
159 L 0.044 0.024 0.014 0.015 0.016 0.016 0.02 0.021 0.01 0.113 0.388 0.025 0.049 0.054 0.014 0.024 0.033 0.007 0.022 0.094
160 L 0.044 0.023 0.014 0.015 0.016 0.015 0.019 0.021 0.01 0.148 0.343 0.024 0.046 0.052 0.014 0.024 0.034 0.007 0.022 0.11
161 F 0.037 0.021 0.017 0.017 0.011 0.014 0.021 0.024 0.021 0.068 0.158 0.022 0.028 0.276 0.012 0.026 0.027 0.017 0.123 0.06
162 A 0.19 0.028 0.024 0.026 0.02 0.022 0.034 0.055 0.012 0.089 0.084 0.037 0.023 0.027 0.024 0.078 0.052 0.005 0.018 0.151
163 I 0.084 0.024 0.023 0.024 0.017 0.019 0.027 0.035 0.012 0.175 0.174 0.032 0.033 0.039 0.019 0.072 0.047 0.006 0.02 0.12
164 L 0.048 0.021 0.014 0.016 0.111 0.015 0.019 0.023 0.009 0.134 0.278 0.023 0.04 0.045 0.014 0.027 0.035 0.006 0.02 0.102
165 G 0.19 0.026 0.032 0.031 0.016 0.022 0.032 0.298 0.014 0.03 0.043 0.038 0.013 0.019 0.024 0.067 0.039 0.005 0.014 0.046
166 V 0.056 0.023 0.021 0.021 0.016 0.016 0.024 0.028 0.012 0.122 0.114 0.027 0.027 0.143 0.016 0.041 0.083 0.009 0.04 0.161
167 L 0.11 0.026 0.025 0.025 0.112 0.019 0.029 0.044 0.014 0.058 0.133 0.032 0.024 0.103 0.02 0.081 0.045 0.008 0.031 0.063
168 F 0.033 0.019 0.017 0.017 0.01 0.01 0.019 0.025 0.017 0.062 0.112 0.019 0.025 0.399 0.01 0.025 0.025 0.017 0.087 0.054
169 H 0.041 0.045 0.052 0.037 0.007 0.037 0.052 0.037 0.368 0.022 0.037 0.045 0.015 0.03 0.019 0.041 0.026 0.007 0.056 0.022
170 Y 0.04 0.027 0.02 0.018 0.01 0.02 0.026 0.024 0.039 0.057 0.131 0.029 0.024 0.113 0.015 0.029 0.029 0.023 0.269 0.055
171 S 0.108 0.039 0.053 0.048 0.017 0.033 0.051 0.065 0.019 0.029 0.041 0.053 0.015 0.02 0.029 0.235 0.08 0.005 0.017 0.041
172 A 0.259 0.029 0.028 0.03 0.019 0.024 0.037 0.165 0.014 0.038 0.052 0.042 0.016 0.02 0.027 0.077 0.045 0.005 0.016 0.059
173 L 0.049 0.021 0.015 0.016 0.016 0.015 0.02 0.021 0.009 0.174 0.269 0.024 0.041 0.047 0.015 0.026 0.038 0.006 0.021 0.156
174 V 0.059 0.021 0.015 0.017 0.018 0.015 0.021 0.023 0.009 0.177 0.187 0.025 0.036 0.04 0.015 0.029 0.043 0.006 0.021 0.223
175 I 0.046 0.017 0.014 0.017 0.016 0.013 0.017 0.02 0.009 0.285 0.165 0.023 0.036 0.043 0.014 0.025 0.039 0.006 0.02 0.173
176 L 0.044 0.023 0.014 0.015 0.016 0.015 0.019 0.021 0.01 0.148 0.343 0.024 0.046 0.052 0.014 0.024 0.034 0.007 0.022 0.11
177 P 0.105 0.026 0.023 0.03 0.012 0.021 0.036 0.044 0.013 0.029 0.04 0.041 0.012 0.014 0.409 0.051 0.038 0.003 0.014 0.038
178 L 0.044 0.024 0.014 0.015 0.016 0.016 0.02 0.021 0.01 0.113 0.388 0.025 0.049 0.054 0.014 0.024 0.033 0.007 0.022 0.094
179 W 0.032 0.023 0.016 0.016 0.008 0.016 0.023 0.029 0.021 0.032 0.055 0.024 0.016 0.073 0.009 0.024 0.023 0.407 0.12 0.033
180 F 0.033 0.019 0.017 0.017 0.01 0.01 0.019 0.025 0.017 0.062 0.112 0.019 0.025 0.399 0.01 0.025 0.025 0.017 0.087 0.054
181 L 0.045 0.021 0.014 0.016 0.016 0.015 0.019 0.021 0.009 0.182 0.298 0.024 0.044 0.05 0.014 0.024 0.035 0.006 0.021 0.126
182 G 0.055 0.032 0.155 0.089 0.009 0.026 0.043 0.193 0.021 0.022 0.031 0.044 0.01 0.016 0.116 0.056 0.039 0.004 0.013 0.026
183 S 0.075 0.053 0.071 0.046 0.012 0.054 0.056 0.052 0.02 0.027 0.04 0.102 0.014 0.017 0.122 0.125 0.056 0.005 0.016 0.035
184 K 0.05 0.081 0.101 0.048 0.008 0.046 0.062 0.046 0.092 0.025 0.039 0.195 0.014 0.019 0.024 0.053 0.038 0.005 0.024 0.029
185 K 0.057 0.107 0.042 0.042 0.009 0.054 0.071 0.043 0.021 0.028 0.043 0.276 0.016 0.016 0.028 0.054 0.04 0.005 0.017 0.033
186 P 0.062 0.093 0.03 0.031 0.012 0.027 0.038 0.038 0.015 0.078 0.064 0.055 0.017 0.021 0.214 0.078 0.045 0.004 0.016 0.061
187 R 0.043 0.232 0.155 0.051 0.008 0.042 0.05 0.045 0.026 0.023 0.04 0.092 0.014 0.017 0.019 0.054 0.04 0.005 0.016 0.029
188 L 0.054 0.083 0.026 0.026 0.013 0.032 0.04 0.03 0.015 0.085 0.159 0.117 0.057 0.033 0.019 0.038 0.039 0.006 0.02 0.106
189 K 0.052 0.107 0.036 0.036 0.01 0.08 0.064 0.037 0.02 0.044 0.113 0.181 0.023 0.023 0.023 0.046 0.038 0.006 0.019 0.045
190 W 0.043 0.087 0.019 0.019 0.012 0.021 0.026 0.026 0.013 0.144 0.103 0.042 0.025 0.042 0.013 0.028 0.034 0.155 0.034 0.113
191 L 0.043 0.026 0.017 0.017 0.013 0.019 0.024 0.023 0.025 0.084 0.24 0.028 0.049 0.083 0.015 0.028 0.031 0.015 0.146 0.075
192 L 0.049 0.023 0.019 0.019 0.014 0.016 0.021 0.121 0.011 0.089 0.288 0.026 0.038 0.081 0.014 0.029 0.031 0.008 0.026 0.076
193 L 0.043 0.022 0.014 0.016 0.015 0.015 0.019 0.021 0.01 0.142 0.316 0.024 0.044 0.086 0.014 0.024 0.033 0.008 0.028 0.106
194 L 0.082 0.033 0.037 0.035 0.017 0.026 0.039 0.047 0.015 0.063 0.18 0.042 0.029 0.034 0.023 0.151 0.061 0.006 0.019 0.062
195 I 0.053 0.019 0.015 0.017 0.017 0.014 0.019 0.021 0.008 0.248 0.154 0.024 0.035 0.041 0.015 0.027 0.042 0.006 0.02 0.206
196 P 0.051 0.024 0.022 0.028 0.01 0.018 0.032 0.033 0.013 0.033 0.051 0.036 0.013 0.09 0.405 0.039 0.033 0.005 0.028 0.035
197 L 0.095 0.023 0.017 0.019 0.016 0.016 0.023 0.032 0.011 0.146 0.227 0.027 0.036 0.079 0.017 0.036 0.037 0.007 0.027 0.109
198 G 0.19 0.026 0.03 0.03 0.017 0.022 0.032 0.249 0.013 0.045 0.053 0.038 0.015 0.02 0.024 0.065 0.041 0.005 0.015 0.072
199 Y 0.041 0.025 0.02 0.018 0.01 0.02 0.025 0.024 0.038 0.091 0.087 0.029 0.022 0.111 0.015 0.029 0.03 0.023 0.269 0.071
200 L 0.103 0.024 0.017 0.019 0.018 0.018 0.025 0.033 0.01 0.113 0.244 0.029 0.037 0.042 0.018 0.038 0.041 0.006 0.02 0.146
201 L 0.062 0.024 0.022 0.023 0.017 0.018 0.026 0.03 0.011 0.175 0.177 0.03 0.033 0.039 0.018 0.068 0.048 0.006 0.02 0.153
202 Y 0.038 0.026 0.02 0.018 0.009 0.019 0.026 0.025 0.04 0.047 0.076 0.028 0.02 0.182 0.014 0.029 0.027 0.025 0.282 0.047
203 F 0.035 0.02 0.016 0.016 0.011 0.011 0.019 0.024 0.015 0.072 0.167 0.02 0.03 0.33 0.011 0.025 0.026 0.015 0.074 0.062
204 L 0.063 0.028 0.026 0.025 0.016 0.021 0.029 0.034 0.013 0.088 0.284 0.033 0.039 0.044 0.018 0.087 0.047 0.006 0.02 0.078
205 G 0.07 0.09 0.038 0.033 0.01 0.024 0.03 0.422 0.015 0.019 0.031 0.05 0.01 0.016 0.019 0.049 0.03 0.005 0.012 0.025
206 I 0.05 0.019 0.015 0.017 0.016 0.014 0.019 0.021 0.009 0.226 0.202 0.024 0.038 0.044 0.015 0.026 0.04 0.006 0.021 0.179
207 N 0.047 0.039 0.22 0.138 0.01 0.031 0.055 0.056 0.025 0.028 0.037 0.049 0.012 0.018 0.022 0.069 0.088 0.005 0.015 0.035
208 L 0.042 0.021 0.015 0.016 0.015 0.014 0.019 0.021 0.011 0.155 0.266 0.023 0.04 0.12 0.013 0.024 0.033 0.009 0.034 0.11
209 S 0.11 0.04 0.054 0.049 0.018 0.033 0.053 0.066 0.019 0.03 0.042 0.054 0.016 0.021 0.03 0.218 0.082 0.005 0.018 0.042
210 T 0.073 0.036 0.044 0.038 0.018 0.028 0.039 0.044 0.014 0.053 0.065 0.046 0.02 0.024 0.028 0.093 0.245 0.006 0.018 0.071
211 V 0.07 0.022 0.017 0.018 0.019 0.017 0.023 0.025 0.008 0.165 0.131 0.026 0.032 0.036 0.017 0.033 0.05 0.006 0.021 0.267
212 L 0.054 0.022 0.015 0.016 0.017 0.015 0.021 0.022 0.009 0.167 0.239 0.025 0.039 0.044 0.015 0.027 0.04 0.006 0.021 0.186
213 G 0.115 0.092 0.036 0.032 0.013 0.026 0.035 0.286 0.015 0.028 0.041 0.053 0.013 0.018 0.022 0.06 0.057 0.005 0.014 0.038
214 I 0.057 0.03 0.023 0.024 0.016 0.02 0.028 0.028 0.011 0.188 0.125 0.055 0.03 0.035 0.019 0.042 0.085 0.006 0.019 0.16
215 I 0.046 0.019 0.014 0.017 0.016 0.014 0.018 0.02 0.009 0.251 0.209 0.023 0.039 0.045 0.014 0.024 0.038 0.006 0.021 0.157
216 P 0.056 0.025 0.023 0.03 0.01 0.02 0.035 0.035 0.013 0.025 0.035 0.04 0.01 0.013 0.503 0.043 0.035 0.003 0.013 0.03
217 I 0.046 0.017 0.014 0.017 0.016 0.013 0.017 0.02 0.009 0.285 0.165 0.023 0.036 0.043 0.014 0.025 0.039 0.006 0.02 0.173
218 P 0.056 0.025 0.023 0.03 0.01 0.02 0.035 0.035 0.013 0.025 0.035 0.04 0.01 0.013 0.503 0.043 0.035 0.003 0.013 0.03
219 G 0.112 0.026 0.03 0.028 0.013 0.021 0.029 0.283 0.02 0.036 0.058 0.035 0.029 0.043 0.02 0.051 0.034 0.01 0.077 0.044
220 I 0.05 0.019 0.015 0.017 0.016 0.014 0.019 0.021 0.009 0.226 0.202 0.024 0.038 0.044 0.015 0.026 0.04 0.006 0.021 0.179
221 Q 0.065 0.066 0.045 0.047 0.01 0.191 0.091 0.045 0.027 0.027 0.045 0.082 0.019 0.016 0.024 0.091 0.048 0.006 0.02 0.036
222 E 0.114 0.043 0.069 0.068 0.012 0.046 0.178 0.052 0.022 0.027 0.041 0.062 0.014 0.018 0.026 0.098 0.049 0.005 0.017 0.04
223 K 0.056 0.105 0.041 0.041 0.008 0.052 0.069 0.042 0.02 0.027 0.042 0.292 0.015 0.015 0.027 0.052 0.039 0.005 0.017 0.032
224 I 0.05 0.019 0.015 0.017 0.016 0.014 0.019 0.021 0.009 0.226 0.202 0.024 0.038 0.044 0.015 0.026 0.04 0.006 0.021 0.179
225 E 0.103 0.041 0.032 0.058 0.012 0.062 0.177 0.041 0.02 0.079 0.067 0.059 0.019 0.022 0.024 0.054 0.04 0.005 0.018 0.067
226 A 0.151 0.028 0.021 0.023 0.018 0.024 0.03 0.046 0.014 0.113 0.133 0.036 0.085 0.036 0.021 0.052 0.043 0.006 0.02 0.098
227 Y 0.04 0.027 0.021 0.018 0.009 0.021 0.027 0.024 0.046 0.043 0.067 0.031 0.018 0.128 0.015 0.031 0.027 0.027 0.331 0.046
228 Q 0.05 0.063 0.094 0.046 0.01 0.112 0.068 0.042 0.024 0.043 0.111 0.11 0.023 0.023 0.021 0.051 0.04 0.006 0.019 0.044
229 T 0.107 0.05 0.097 0.046 0.014 0.071 0.056 0.053 0.021 0.036 0.05 0.08 0.017 0.019 0.025 0.074 0.11 0.005 0.017 0.05
230 L 0.044 0.024 0.014 0.015 0.016 0.016 0.02 0.021 0.01 0.113 0.388 0.025 0.049 0.054 0.014 0.024 0.033 0.007 0.022 0.094
231 Q 0.052 0.117 0.035 0.035 0.011 0.133 0.069 0.035 0.024 0.047 0.09 0.079 0.066 0.025 0.02 0.047 0.039 0.006 0.021 0.051
232 E 0.104 0.045 0.037 0.077 0.01 0.056 0.256 0.043 0.023 0.026 0.041 0.068 0.014 0.017 0.026 0.06 0.039 0.005 0.016 0.038
233 L 0.057 0.029 0.024 0.023 0.015 0.022 0.029 0.032 0.02 0.097 0.193 0.034 0.06 0.06 0.018 0.07 0.043 0.011 0.083 0.081
234 G 0.069 0.029 0.098 0.043 0.012 0.023 0.032 0.333 0.017 0.026 0.036 0.039 0.012 0.018 0.02 0.062 0.079 0.005 0.013 0.034
235 D 0.043 0.036 0.115 0.28 0.008 0.037 0.126 0.047 0.022 0.022 0.03 0.052 0.01 0.016 0.022 0.055 0.038 0.004 0.013 0.026
236 E 0.068 0.049 0.044 0.073 0.01 0.076 0.218 0.043 0.024 0.024 0.039 0.071 0.014 0.017 0.026 0.099 0.048 0.005 0.017 0.034
237 K 0.064 0.054 0.032 0.04 0.012 0.037 0.086 0.114 0.016 0.07 0.068 0.123 0.019 0.022 0.022 0.046 0.04 0.005 0.017 0.113
238 A 0.126 0.037 0.038 0.034 0.015 0.031 0.043 0.052 0.104 0.048 0.083 0.044 0.056 0.03 0.023 0.098 0.049 0.006 0.029 0.056
239 T 0.061 0.035 0.111 0.046 0.015 0.027 0.039 0.045 0.017 0.074 0.068 0.044 0.019 0.024 0.024 0.077 0.179 0.005 0.017 0.072
240 E 0.125 0.04 0.035 0.053 0.012 0.042 0.148 0.046 0.089 0.037 0.078 0.054 0.018 0.024 0.024 0.057 0.038 0.006 0.025 0.046
241 I 0.046 0.017 0.014 0.017 0.016 0.013 0.017 0.02 0.009 0.285 0.165 0.023 0.036 0.043 0.014 0.025 0.039 0.006 0.02 0.173
242 N 0.042 0.044 0.33 0.081 0.009 0.033 0.048 0.064 0.031 0.022 0.031 0.053 0.011 0.018 0.02 0.068 0.048 0.004 0.015 0.026
243 V 0.059 0.021 0.015 0.017 0.018 0.015 0.021 0.023 0.009 0.177 0.187 0.025 0.036 0.04 0.015 0.029 0.043 0.006 0.021 0.223
244 F 0.033 0.019 0.017 0.017 0.01 0.01 0.019 0.025 0.017 0.062 0.112 0.019 0.025 0.399 0.01 0.025 0.025 0.017 0.087 0.054
245 N 0.049 0.04 0.272 0.072 0.009 0.03 0.044 0.155 0.027 0.021 0.03 0.049 0.011 0.017 0.02 0.065 0.045 0.005 0.014 0.026
246 L 0.054 0.027 0.024 0.023 0.014 0.019 0.027 0.031 0.02 0.072 0.199 0.03 0.031 0.131 0.017 0.068 0.04 0.013 0.096 0.066
247 L 0.049 0.023 0.014 0.015 0.016 0.016 0.02 0.022 0.01 0.123 0.336 0.025 0.045 0.05 0.014 0.026 0.036 0.007 0.022 0.132
248 F 0.036 0.022 0.018 0.017 0.01 0.015 0.022 0.025 0.028 0.054 0.094 0.023 0.022 0.291 0.012 0.027 0.026 0.021 0.185 0.051
249 L 0.044 0.023 0.014 0.015 0.016 0.016 0.02 0.021 0.01 0.13 0.365 0.025 0.047 0.053 0.014 0.024 0.033 0.007 0.022 0.102
250 F 0.129 0.025 0.023 0.024 0.016 0.018 0.029 0.044 0.014 0.073 0.092 0.031 0.023 0.175 0.019 0.065 0.042 0.01 0.046 0.103
251 R 0.049 0.257 0.039 0.035 0.008 0.049 0.059 0.036 0.022 0.025 0.044 0.188 0.015 0.016 0.022 0.047 0.036 0.005 0.017 0.031
252 I 0.046 0.019 0.014 0.017 0.016 0.014 0.018 0.02 0.009 0.251 0.209 0.023 0.039 0.045 0.014 0.024 0.038 0.006 0.021 0.157
253 L 0.082 0.022 0.021 0.021 0.016 0.017 0.023 0.127 0.01 0.148 0.164 0.028 0.03 0.036 0.017 0.037 0.039 0.006 0.018 0.139
254 L 0.045 0.02 0.014 0.016 0.016 0.014 0.018 0.02 0.009 0.216 0.254 0.024 0.041 0.047 0.014 0.024 0.037 0.006 0.021 0.142
255 F 0.045 0.018 0.016 0.016 0.204 0.011 0.018 0.028 0.013 0.055 0.093 0.019 0.021 0.247 0.013 0.031 0.029 0.012 0.057 0.055
256 Y 0.038 0.026 0.02 0.018 0.009 0.019 0.026 0.025 0.04 0.047 0.076 0.028 0.02 0.182 0.014 0.029 0.027 0.025 0.282 0.047
257 F 0.042 0.02 0.016 0.016 0.013 0.013 0.02 0.024 0.014 0.092 0.17 0.021 0.031 0.257 0.012 0.026 0.031 0.012 0.061 0.108
258 L 0.044 0.024 0.014 0.015 0.016 0.016 0.02 0.021 0.01 0.113 0.388 0.025 0.049 0.054 0.014 0.024 0.033 0.007 0.022 0.094
259 L 0.042 0.021 0.015 0.016 0.015 0.014 0.019 0.022 0.011 0.137 0.288 0.023 0.041 0.121 0.013 0.024 0.032 0.009 0.035 0.102
260 W 0.032 0.022 0.016 0.016 0.008 0.014 0.022 0.028 0.018 0.041 0.071 0.022 0.018 0.168 0.009 0.024 0.024 0.309 0.099 0.039
261 K 0.1 0.128 0.095 0.044 0.011 0.042 0.056 0.052 0.022 0.028 0.044 0.16 0.015 0.017 0.024 0.06 0.042 0.005 0.017 0.038
262 Y 0.093 0.027 0.021 0.02 0.013 0.021 0.028 0.034 0.032 0.057 0.129 0.032 0.024 0.092 0.018 0.04 0.033 0.019 0.207 0.06
263 D 0.051 0.054 0.046 0.155 0.008 0.076 0.099 0.041 0.02 0.024 0.037 0.105 0.013 0.014 0.12 0.051 0.037 0.004 0.015 0.03
264 L 0.065 0.045 0.033 0.031 0.015 0.028 0.04 0.038 0.014 0.084 0.162 0.088 0.028 0.032 0.022 0.085 0.09 0.006 0.019 0.074
265 I 0.043 0.019 0.015 0.017 0.015 0.013 0.018 0.021 0.01 0.206 0.199 0.023 0.036 0.117 0.014 0.024 0.035 0.008 0.034 0.134
266 A 0.161 0.096 0.031 0.031 0.017 0.029 0.04 0.054 0.016 0.067 0.096 0.056 0.021 0.026 0.024 0.094 0.05 0.006 0.018 0.068
267 K 0.114 0.066 0.038 0.038 0.013 0.058 0.059 0.052 0.022 0.032 0.048 0.148 0.016 0.029 0.026 0.093 0.048 0.007 0.049 0.043
268 N 0.044 0.051 0.124 0.046 0.009 0.034 0.047 0.042 0.101 0.029 0.045 0.092 0.015 0.053 0.02 0.048 0.036 0.012 0.119 0.033
269 N 0.042 0.044 0.33 0.081 0.009 0.033 0.048 0.064 0.031 0.022 0.031 0.053 0.011 0.018 0.02 0.068 0.048 0.004 0.015 0.026
270 K 0.052 0.138 0.035 0.034 0.01 0.044 0.055 0.036 0.018 0.078 0.067 0.204 0.019 0.021 0.023 0.045 0.038 0.005 0.018 0.06
271 Y 0.04 0.027 0.021 0.018 0.009 0.021 0.027 0.024 0.046 0.043 0.067 0.031 0.018 0.128 0.015 0.031 0.027 0.027 0.331 0.046
272 F 0.06 0.02 0.017 0.018 0.011 0.012 0.021 0.03 0.016 0.06 0.107 0.021 0.024 0.361 0.012 0.031 0.027 0.015 0.08 0.055
273 T 0.067 0.03 0.034 0.033 0.016 0.023 0.035 0.039 0.013 0.091 0.076 0.04 0.02 0.025 0.12 0.082 0.154 0.005 0.017 0.08
274 L 0.045 0.021 0.014 0.016 0.016 0.015 0.019 0.021 0.009 0.182 0.298 0.024 0.044 0.05 0.014 0.024 0.035 0.006 0.021 0.126
275 L 0.046 0.024 0.014 0.015 0.016 0.016 0.02 0.021 0.01 0.118 0.362 0.025 0.047 0.052 0.014 0.025 0.034 0.007 0.022 0.113
276 L 0.045 0.023 0.015 0.016 0.016 0.016 0.02 0.021 0.01 0.163 0.301 0.025 0.058 0.05 0.014 0.025 0.035 0.007 0.022 0.118
277 K 0.053 0.093 0.099 0.049 0.009 0.049 0.065 0.047 0.022 0.026 0.04 0.244 0.014 0.016 0.026 0.056 0.041 0.005 0.017 0.031
278 I 0.047 0.02 0.015 0.018 0.016 0.016 0.019 0.022 0.01 0.248 0.17 0.026 0.064 0.044 0.015 0.027 0.039 0.006 0.021 0.157
279 Y 0.04 0.027 0.021 0.018 0.009 0.021 0.027 0.024 0.046 0.043 0.067 0.031 0.018 0.128 0.015 0.031 0.027 0.027 0.331 0.046
280 C 0.114 0.025 0.027 0.026 0.161 0.02 0.029 0.044 0.012 0.092 0.081 0.034 0.021 0.026 0.022 0.075 0.089 0.005 0.016 0.083
281 I 0.046 0.019 0.014 0.017 0.016 0.014 0.018 0.02 0.009 0.251 0.209 0.023 0.039 0.045 0.014 0.024 0.038 0.006 0.021 0.157
282 A 0.16 0.033 0.042 0.039 0.017 0.028 0.043 0.159 0.016 0.031 0.044 0.046 0.015 0.02 0.027 0.153 0.061 0.005 0.016 0.046
283 L 0.044 0.024 0.014 0.015 0.016 0.016 0.02 0.021 0.01 0.113 0.388 0.025 0.049 0.054 0.014 0.024 0.033 0.007 0.022 0.094
284 V 0.12 0.027 0.026 0.026 0.018 0.022 0.032 0.043 0.012 0.117 0.107 0.035 0.04 0.031 0.021 0.083 0.053 0.006 0.019 0.161
285 V 0.118 0.028 0.027 0.026 0.019 0.022 0.032 0.042 0.012 0.098 0.118 0.036 0.026 0.03 0.022 0.074 0.093 0.006 0.019 0.154
286 F 0.038 0.023 0.018 0.018 0.011 0.016 0.022 0.025 0.022 0.066 0.119 0.024 0.054 0.274 0.012 0.028 0.028 0.017 0.123 0.06
287 L 0.058 0.026 0.023 0.024 0.015 0.02 0.029 0.03 0.011 0.084 0.165 0.034 0.028 0.032 0.164 0.045 0.082 0.005 0.018 0.108
288 L 0.049 0.021 0.015 0.016 0.016 0.015 0.02 0.021 0.009 0.174 0.269 0.024 0.041 0.047 0.015 0.026 0.038 0.006 0.021 0.156
289 F 0.035 0.02 0.016 0.016 0.011 0.011 0.019 0.024 0.015 0.072 0.167 0.02 0.03 0.33 0.011 0.025 0.026 0.015 0.074 0.062
290 A 0.16 0.033 0.042 0.039 0.017 0.028 0.043 0.159 0.016 0.031 0.044 0.046 0.015 0.02 0.027 0.153 0.061 0.005 0.016 0.046
291 P 0.062 0.045 0.042 0.11 0.012 0.031 0.054 0.042 0.016 0.044 0.051 0.092 0.015 0.019 0.12 0.074 0.087 0.004 0.015 0.064
292 I 0.047 0.022 0.017 0.018 0.015 0.017 0.021 0.024 0.012 0.172 0.159 0.026 0.076 0.115 0.014 0.029 0.037 0.009 0.035 0.136
293 P 0.056 0.025 0.023 0.03 0.01 0.02 0.035 0.035 0.013 0.025 0.035 0.04 0.01 0.013 0.503 0.043 0.035 0.003 0.013 0.03
294 V 0.139 0.027 0.025 0.026 0.018 0.021 0.032 0.045 0.012 0.09 0.085 0.036 0.022 0.026 0.071 0.06 0.09 0.005 0.018 0.15
295 L 0.052 0.021 0.015 0.016 0.016 0.015 0.021 0.023 0.01 0.139 0.206 0.024 0.036 0.114 0.014 0.027 0.038 0.008 0.034 0.17
296 A 0.265 0.032 0.031 0.033 0.02 0.027 0.042 0.074 0.015 0.04 0.055 0.046 0.017 0.021 0.029 0.114 0.055 0.005 0.017 0.062
297 F 0.055 0.025 0.026 0.025 0.013 0.017 0.028 0.035 0.016 0.064 0.095 0.029 0.023 0.249 0.016 0.074 0.062 0.012 0.059 0.076
298 R 0.044 0.358 0.038 0.03 0.008 0.047 0.051 0.032 0.023 0.023 0.046 0.118 0.015 0.017 0.019 0.044 0.034 0.006 0.017 0.03
299 I 0.054 0.021 0.02 0.021 0.016 0.016 0.022 0.025 0.01 0.226 0.141 0.028 0.032 0.038 0.017 0.039 0.084 0.006 0.02 0.164
300 N 0.067 0.041 0.134 0.054 0.013 0.033 0.048 0.055 0.091 0.03 0.042 0.05 0.015 0.022 0.024 0.117 0.096 0.006 0.024 0.039
301 E 0.054 0.049 0.04 0.088 0.007 0.063 0.31 0.034 0.025 0.022 0.036 0.074 0.013 0.016 0.025 0.054 0.036 0.005 0.016 0.031
302 L 0.045 0.025 0.015 0.016 0.016 0.018 0.021 0.022 0.011 0.11 0.349 0.027 0.074 0.052 0.014 0.026 0.034 0.007 0.022 0.094
303 L 0.04 0.023 0.015 0.016 0.014 0.015 0.02 0.022 0.015 0.091 0.273 0.024 0.038 0.165 0.013 0.025 0.03 0.012 0.072 0.077
304 G 0.104 0.038 0.042 0.04 0.013 0.066 0.05 0.243 0.018 0.026 0.038 0.051 0.014 0.017 0.024 0.11 0.049 0.005 0.015 0.036
305 V 0.06 0.02 0.015 0.017 0.018 0.015 0.021 0.023 0.008 0.211 0.142 0.025 0.033 0.038 0.015 0.029 0.045 0.006 0.02 0.239
306 V 0.069 0.024 0.021 0.021 0.019 0.018 0.026 0.028 0.009 0.14 0.115 0.029 0.029 0.033 0.018 0.044 0.091 0.005 0.02 0.241
307 E 0.053 0.047 0.043 0.121 0.007 0.06 0.288 0.035 0.025 0.022 0.035 0.071 0.012 0.016 0.025 0.054 0.036 0.005 0.016 0.03
308 I 0.053 0.019 0.015 0.017 0.017 0.014 0.019 0.021 0.008 0.248 0.154 0.024 0.035 0.041 0.015 0.027 0.042 0.006 0.02 0.206
309 I 0.048 0.018 0.015 0.017 0.016 0.013 0.018 0.021 0.009 0.273 0.161 0.023 0.036 0.042 0.015 0.025 0.04 0.006 0.02 0.184
310 L 0.07 0.024 0.015 0.016 0.016 0.017 0.022 0.026 0.01 0.106 0.355 0.027 0.045 0.05 0.015 0.03 0.034 0.007 0.021 0.092
311 I 0.051 0.018 0.015 0.017 0.016 0.014 0.018 0.021 0.009 0.261 0.157 0.024 0.035 0.042 0.015 0.026 0.041 0.006 0.02 0.195
312 P 0.056 0.025 0.023 0.03 0.01 0.02 0.035 0.035 0.013 0.025 0.035 0.04 0.01 0.013 0.503 0.043 0.035 0.003 0.013 0.03
313 L 0.05 0.027 0.021 0.02 0.016 0.02 0.025 0.027 0.012 0.093 0.256 0.03 0.066 0.081 0.017 0.04 0.079 0.008 0.028 0.085
314 L 0.047 0.022 0.014 0.016 0.016 0.015 0.02 0.021 0.009 0.152 0.317 0.025 0.044 0.05 0.014 0.025 0.036 0.007 0.021 0.129
315 V 0.055 0.021 0.017 0.017 0.015 0.015 0.022 0.024 0.014 0.12 0.117 0.024 0.028 0.154 0.014 0.03 0.039 0.011 0.071 0.191
316 Y 0.038 0.026 0.02 0.018 0.009 0.019 0.026 0.025 0.04 0.047 0.076 0.028 0.02 0.182 0.014 0.029 0.027 0.025 0.282 0.047
317 L 0.129 0.025 0.022 0.023 0.016 0.019 0.027 0.137 0.012 0.09 0.195 0.032 0.03 0.035 0.019 0.047 0.038 0.006 0.018 0.08
318 F 0.033 0.019 0.017 0.017 0.01 0.01 0.019 0.025 0.017 0.062 0.112 0.019 0.025 0.399 0.01 0.025 0.025 0.017 0.087 0.054
319 R 0.057 0.17 0.035 0.036 0.012 0.039 0.071 0.034 0.018 0.057 0.064 0.098 0.019 0.022 0.021 0.053 0.083 0.006 0.018 0.089
320 P 0.058 0.029 0.025 0.039 0.011 0.028 0.088 0.033 0.014 0.052 0.054 0.044 0.015 0.018 0.31 0.043 0.038 0.004 0.015 0.081
