#Seq2Logo.py -f /work3/idamei/ssn-clusterings/2206011120/clusters/0008_3/sequences.afa -m 0.0001 -b 50 -o /work3/idamei/ssn-clusterings/2206011120/clusters/0008_3/sequences.logo
#Position Specific Frequency Matrix
A R N D C Q E G H I L K M F P S T W Y V
0 M 0.049 0.03 0.019 0.019 0.015 0.026 0.026 0.026 0.015 0.094 0.184 0.034 0.216 0.045 0.015 0.034 0.038 0.007 0.023 0.086
1 D 0.043 0.04 0.12 0.143 0.01 0.085 0.062 0.041 0.021 0.044 0.129 0.05 0.021 0.024 0.019 0.047 0.037 0.005 0.016 0.043
2 V 0.056 0.032 0.029 0.038 0.013 0.03 0.107 0.03 0.022 0.066 0.07 0.042 0.019 0.048 0.02 0.05 0.101 0.01 0.103 0.114
3 L 0.044 0.024 0.014 0.015 0.016 0.016 0.02 0.021 0.01 0.114 0.382 0.025 0.049 0.054 0.014 0.024 0.033 0.007 0.022 0.095
4 S 0.09 0.049 0.048 0.045 0.014 0.063 0.057 0.056 0.019 0.027 0.04 0.089 0.015 0.018 0.027 0.216 0.067 0.005 0.017 0.037
5 K 0.065 0.067 0.037 0.036 0.012 0.039 0.052 0.042 0.018 0.043 0.076 0.184 0.065 0.023 0.024 0.101 0.047 0.006 0.018 0.047
6 G 0.056 0.052 0.033 0.033 0.01 0.087 0.051 0.16 0.017 0.097 0.067 0.116 0.019 0.021 0.02 0.043 0.035 0.005 0.016 0.063
7 L 0.047 0.026 0.022 0.02 0.014 0.019 0.025 0.026 0.019 0.077 0.239 0.03 0.032 0.062 0.017 0.04 0.096 0.011 0.105 0.072
8 N 0.067 0.051 0.146 0.057 0.011 0.103 0.066 0.055 0.026 0.025 0.039 0.064 0.015 0.017 0.024 0.124 0.055 0.005 0.017 0.033
9 R 0.068 0.171 0.043 0.039 0.011 0.043 0.056 0.046 0.02 0.026 0.042 0.158 0.015 0.017 0.025 0.115 0.05 0.005 0.017 0.034
10 L 0.048 0.048 0.023 0.024 0.013 0.027 0.035 0.027 0.013 0.146 0.201 0.118 0.033 0.037 0.018 0.033 0.036 0.006 0.019 0.098
11 G 0.058 0.047 0.031 0.03 0.011 0.027 0.037 0.197 0.014 0.115 0.077 0.12 0.02 0.024 0.02 0.042 0.035 0.005 0.016 0.075
12 N 0.042 0.152 0.241 0.063 0.008 0.037 0.048 0.052 0.028 0.022 0.035 0.073 0.012 0.017 0.019 0.059 0.043 0.005 0.016 0.027
13 L 0.045 0.033 0.02 0.022 0.013 0.077 0.038 0.024 0.014 0.14 0.258 0.039 0.037 0.039 0.016 0.03 0.035 0.006 0.02 0.094
14 K 0.053 0.087 0.039 0.05 0.008 0.053 0.135 0.038 0.021 0.025 0.039 0.262 0.014 0.015 0.025 0.05 0.036 0.005 0.016 0.03
15 L 0.042 0.019 0.014 0.016 0.014 0.013 0.018 0.02 0.01 0.207 0.248 0.022 0.038 0.093 0.013 0.023 0.033 0.007 0.028 0.123
16 D 0.046 0.033 0.133 0.247 0.01 0.028 0.063 0.047 0.019 0.028 0.036 0.044 0.012 0.017 0.022 0.062 0.102 0.004 0.013 0.034
17 G 0.073 0.021 0.037 0.031 0.01 0.018 0.024 0.542 0.013 0.018 0.026 0.031 0.009 0.015 0.018 0.048 0.028 0.005 0.01 0.023
18 Q 0.044 0.137 0.033 0.033 0.008 0.148 0.066 0.034 0.023 0.025 0.045 0.076 0.017 0.025 0.017 0.042 0.033 0.136 0.03 0.031
19 L 0.054 0.021 0.022 0.021 0.014 0.016 0.02 0.19 0.01 0.143 0.196 0.026 0.031 0.037 0.015 0.032 0.033 0.006 0.017 0.095
20 L 0.043 0.022 0.014 0.016 0.015 0.016 0.019 0.021 0.01 0.17 0.294 0.025 0.078 0.047 0.014 0.025 0.034 0.006 0.021 0.111
21 Y 0.036 0.024 0.019 0.017 0.009 0.018 0.024 0.023 0.038 0.044 0.072 0.027 0.019 0.183 0.014 0.028 0.025 0.024 0.311 0.045
22 E 0.043 0.031 0.034 0.128 0.009 0.034 0.163 0.03 0.018 0.089 0.071 0.044 0.018 0.104 0.018 0.039 0.032 0.007 0.028 0.059
23 F 0.038 0.018 0.014 0.016 0.013 0.012 0.017 0.021 0.011 0.175 0.189 0.02 0.032 0.199 0.012 0.023 0.03 0.01 0.045 0.104
24 G 0.186 0.027 0.034 0.033 0.015 0.023 0.034 0.26 0.014 0.028 0.04 0.039 0.013 0.018 0.024 0.106 0.045 0.005 0.014 0.042
25 F 0.033 0.019 0.017 0.016 0.01 0.012 0.019 0.023 0.021 0.055 0.097 0.02 0.022 0.37 0.011 0.025 0.024 0.018 0.139 0.049
26 V 0.116 0.021 0.017 0.019 0.018 0.016 0.024 0.032 0.009 0.164 0.114 0.027 0.028 0.032 0.017 0.039 0.044 0.005 0.019 0.239
27 F 0.042 0.02 0.016 0.016 0.114 0.014 0.019 0.025 0.013 0.072 0.175 0.022 0.066 0.196 0.013 0.028 0.03 0.01 0.044 0.066
28 Y 0.043 0.025 0.019 0.017 0.01 0.019 0.025 0.023 0.036 0.063 0.075 0.028 0.02 0.104 0.015 0.029 0.03 0.022 0.298 0.099
29 F 0.033 0.019 0.015 0.015 0.011 0.011 0.018 0.023 0.014 0.068 0.169 0.019 0.028 0.356 0.01 0.023 0.025 0.014 0.07 0.059
30 V 0.07 0.023 0.022 0.022 0.017 0.018 0.026 0.03 0.01 0.145 0.108 0.029 0.027 0.031 0.018 0.079 0.051 0.005 0.018 0.25
31 I 0.079 0.022 0.028 0.104 0.015 0.018 0.035 0.032 0.011 0.174 0.103 0.03 0.025 0.03 0.018 0.041 0.065 0.005 0.017 0.148
32 G 0.125 0.026 0.028 0.027 0.016 0.02 0.03 0.145 0.012 0.069 0.132 0.034 0.023 0.028 0.02 0.091 0.045 0.005 0.016 0.107
33 F 0.034 0.017 0.015 0.016 0.011 0.01 0.017 0.023 0.014 0.112 0.116 0.018 0.026 0.354 0.011 0.023 0.026 0.014 0.07 0.073
34 L 0.043 0.022 0.014 0.014 0.015 0.015 0.019 0.02 0.01 0.107 0.36 0.023 0.042 0.087 0.013 0.023 0.032 0.007 0.027 0.109
35 Q 0.047 0.128 0.105 0.047 0.008 0.179 0.076 0.041 0.026 0.023 0.041 0.083 0.016 0.015 0.02 0.052 0.038 0.005 0.018 0.03
36 T 0.067 0.031 0.037 0.033 0.015 0.023 0.035 0.041 0.014 0.047 0.065 0.039 0.019 0.104 0.023 0.112 0.201 0.007 0.03 0.057
37 S 0.088 0.035 0.046 0.041 0.016 0.029 0.044 0.053 0.016 0.036 0.047 0.047 0.016 0.02 0.027 0.201 0.166 0.005 0.016 0.05
38 T 0.111 0.031 0.033 0.03 0.016 0.025 0.034 0.042 0.013 0.054 0.078 0.04 0.054 0.025 0.024 0.075 0.224 0.006 0.017 0.067
39 F 0.033 0.02 0.017 0.016 0.009 0.013 0.02 0.023 0.024 0.052 0.09 0.021 0.021 0.335 0.011 0.025 0.024 0.019 0.18 0.047
40 L 0.05 0.03 0.084 0.032 0.014 0.023 0.03 0.034 0.014 0.07 0.198 0.035 0.062 0.034 0.018 0.051 0.129 0.006 0.018 0.069
41 E 0.043 0.037 0.095 0.132 0.007 0.041 0.204 0.037 0.022 0.026 0.043 0.052 0.013 0.086 0.02 0.047 0.033 0.006 0.025 0.03
42 F 0.039 0.02 0.016 0.016 0.012 0.013 0.019 0.022 0.018 0.078 0.154 0.021 0.027 0.255 0.012 0.025 0.028 0.014 0.11 0.103
43 F 0.038 0.019 0.015 0.015 0.012 0.011 0.018 0.022 0.013 0.081 0.161 0.019 0.028 0.309 0.011 0.024 0.028 0.012 0.06 0.104
44 G 0.069 0.024 0.033 0.032 0.011 0.02 0.031 0.298 0.013 0.021 0.03 0.036 0.01 0.014 0.193 0.085 0.037 0.004 0.011 0.027
45 K 0.065 0.064 0.04 0.037 0.011 0.036 0.05 0.129 0.016 0.028 0.04 0.192 0.014 0.016 0.024 0.095 0.087 0.005 0.015 0.036
46 N 0.049 0.038 0.271 0.133 0.009 0.03 0.052 0.057 0.025 0.022 0.03 0.048 0.011 0.016 0.02 0.099 0.048 0.004 0.014 0.026
47 T 0.108 0.036 0.032 0.031 0.015 0.067 0.043 0.041 0.014 0.052 0.118 0.045 0.022 0.025 0.023 0.067 0.176 0.005 0.017 0.063
48 L 0.04 0.021 0.014 0.015 0.014 0.015 0.019 0.02 0.011 0.115 0.333 0.023 0.056 0.114 0.013 0.023 0.03 0.008 0.03 0.087
49 H 0.043 0.038 0.098 0.038 0.009 0.031 0.043 0.037 0.282 0.042 0.048 0.04 0.016 0.027 0.017 0.041 0.031 0.006 0.04 0.074
50 D 0.043 0.108 0.042 0.171 0.009 0.075 0.065 0.035 0.018 0.036 0.101 0.107 0.018 0.02 0.02 0.043 0.033 0.005 0.015 0.037
51 L 0.094 0.02 0.015 0.017 0.016 0.015 0.02 0.028 0.009 0.21 0.229 0.025 0.034 0.04 0.015 0.032 0.036 0.006 0.019 0.12
52 S 0.131 0.032 0.038 0.035 0.017 0.026 0.039 0.052 0.014 0.053 0.058 0.042 0.018 0.022 0.025 0.177 0.105 0.005 0.016 0.096
53 Y 0.04 0.023 0.018 0.017 0.01 0.017 0.023 0.023 0.032 0.061 0.079 0.026 0.02 0.158 0.014 0.028 0.028 0.02 0.27 0.093
54 A 0.297 0.031 0.025 0.029 0.021 0.025 0.04 0.078 0.015 0.043 0.059 0.044 0.017 0.021 0.029 0.084 0.049 0.005 0.017 0.068
55 L 0.044 0.02 0.014 0.015 0.015 0.014 0.018 0.02 0.009 0.147 0.306 0.022 0.039 0.078 0.013 0.024 0.033 0.007 0.025 0.138
56 G 0.158 0.023 0.025 0.027 0.014 0.019 0.028 0.217 0.012 0.079 0.058 0.034 0.015 0.02 0.107 0.052 0.036 0.005 0.014 0.06
57 L 0.093 0.023 0.015 0.016 0.016 0.016 0.021 0.028 0.01 0.094 0.369 0.026 0.04 0.045 0.015 0.031 0.033 0.006 0.02 0.083
58 G 0.184 0.024 0.025 0.025 0.015 0.019 0.028 0.22 0.012 0.052 0.113 0.033 0.019 0.024 0.02 0.054 0.037 0.005 0.015 0.076
59 L 0.041 0.02 0.013 0.015 0.015 0.014 0.018 0.019 0.009 0.182 0.339 0.022 0.041 0.047 0.013 0.022 0.032 0.006 0.02 0.112
60 I 0.044 0.018 0.014 0.016 0.014 0.013 0.018 0.02 0.009 0.221 0.185 0.021 0.033 0.108 0.013 0.024 0.034 0.007 0.029 0.159
61 L 0.044 0.02 0.014 0.015 0.015 0.014 0.018 0.02 0.009 0.167 0.283 0.022 0.038 0.077 0.013 0.024 0.034 0.007 0.025 0.144
62 F 0.034 0.019 0.015 0.015 0.011 0.011 0.018 0.022 0.013 0.073 0.213 0.019 0.03 0.312 0.011 0.023 0.026 0.012 0.061 0.062
63 K 0.052 0.097 0.038 0.038 0.008 0.049 0.064 0.039 0.019 0.025 0.039 0.344 0.014 0.014 0.025 0.049 0.036 0.005 0.016 0.03
64 I 0.048 0.017 0.014 0.016 0.015 0.013 0.017 0.02 0.008 0.29 0.144 0.022 0.032 0.038 0.014 0.025 0.038 0.005 0.019 0.204
65 F 0.035 0.019 0.016 0.016 0.011 0.013 0.019 0.023 0.02 0.107 0.108 0.021 0.025 0.289 0.012 0.025 0.027 0.016 0.126 0.073
66 F 0.033 0.017 0.015 0.015 0.01 0.01 0.017 0.022 0.014 0.104 0.112 0.018 0.025 0.376 0.01 0.023 0.025 0.014 0.07 0.068
67 F 0.036 0.019 0.014 0.015 0.012 0.012 0.017 0.021 0.012 0.12 0.221 0.02 0.032 0.245 0.011 0.023 0.028 0.011 0.05 0.081
68 D 0.038 0.029 0.115 0.389 0.007 0.028 0.077 0.045 0.019 0.02 0.026 0.042 0.009 0.014 0.02 0.05 0.034 0.003 0.011 0.022
69 E 0.057 0.055 0.097 0.061 0.009 0.085 0.162 0.043 0.023 0.023 0.036 0.11 0.013 0.015 0.023 0.092 0.043 0.005 0.016 0.03
70 Q 0.047 0.061 0.093 0.043 0.008 0.16 0.069 0.039 0.028 0.026 0.043 0.112 0.016 0.032 0.02 0.049 0.036 0.008 0.078 0.032
71 T 0.061 0.107 0.097 0.042 0.012 0.034 0.046 0.045 0.019 0.032 0.044 0.106 0.015 0.018 0.023 0.102 0.136 0.005 0.016 0.042
72 V 0.052 0.021 0.015 0.016 0.015 0.015 0.021 0.021 0.014 0.155 0.167 0.024 0.03 0.051 0.014 0.027 0.038 0.009 0.079 0.216
73 K 0.056 0.125 0.035 0.034 0.01 0.039 0.051 0.038 0.017 0.077 0.058 0.202 0.017 0.02 0.022 0.083 0.042 0.005 0.016 0.053
74 S 0.066 0.051 0.038 0.044 0.012 0.078 0.105 0.041 0.019 0.038 0.104 0.103 0.02 0.022 0.023 0.126 0.048 0.005 0.017 0.042
75 F 0.035 0.019 0.015 0.015 0.011 0.013 0.019 0.022 0.018 0.109 0.16 0.021 0.027 0.256 0.012 0.024 0.027 0.014 0.11 0.073
76 L 0.051 0.022 0.021 0.021 0.014 0.016 0.021 0.112 0.01 0.158 0.209 0.027 0.031 0.036 0.016 0.037 0.079 0.006 0.017 0.097
77 L 0.109 0.024 0.021 0.022 0.016 0.018 0.027 0.035 0.011 0.131 0.178 0.03 0.029 0.034 0.018 0.078 0.045 0.005 0.018 0.149
78 N 0.043 0.037 0.263 0.059 0.01 0.028 0.04 0.05 0.028 0.028 0.039 0.044 0.013 0.034 0.019 0.061 0.087 0.008 0.076 0.034
79 L 0.055 0.022 0.019 0.02 0.015 0.016 0.023 0.026 0.01 0.177 0.221 0.027 0.033 0.039 0.016 0.068 0.042 0.006 0.019 0.145
80 L 0.053 0.02 0.016 0.017 0.015 0.015 0.02 0.065 0.009 0.155 0.221 0.024 0.033 0.038 0.014 0.028 0.037 0.006 0.019 0.197
81 V 0.051 0.018 0.015 0.016 0.015 0.013 0.019 0.021 0.009 0.197 0.127 0.022 0.029 0.103 0.014 0.026 0.038 0.007 0.029 0.23
82 L 0.041 0.021 0.013 0.014 0.015 0.014 0.018 0.019 0.009 0.144 0.386 0.023 0.043 0.048 0.013 0.022 0.031 0.006 0.02 0.1
83 G 0.112 0.022 0.026 0.025 0.014 0.017 0.024 0.296 0.011 0.058 0.114 0.03 0.019 0.024 0.018 0.045 0.034 0.005 0.014 0.092
84 I 0.046 0.018 0.014 0.016 0.015 0.013 0.017 0.019 0.008 0.267 0.194 0.022 0.035 0.04 0.014 0.024 0.037 0.005 0.019 0.178
85 L 0.046 0.022 0.017 0.017 0.014 0.015 0.019 0.109 0.01 0.09 0.365 0.024 0.039 0.044 0.014 0.026 0.03 0.006 0.019 0.077
86 V 0.153 0.022 0.018 0.02 0.017 0.017 0.025 0.038 0.011 0.113 0.097 0.028 0.024 0.097 0.018 0.044 0.041 0.007 0.028 0.182
87 L 0.046 0.019 0.013 0.015 0.015 0.013 0.018 0.02 0.008 0.229 0.24 0.022 0.037 0.042 0.013 0.024 0.036 0.006 0.019 0.165
88 T 0.068 0.03 0.037 0.033 0.016 0.024 0.034 0.039 0.013 0.093 0.071 0.039 0.02 0.024 0.023 0.108 0.228 0.005 0.017 0.076
89 W 0.028 0.021 0.014 0.014 0.007 0.014 0.021 0.028 0.014 0.028 0.048 0.021 0.014 0.055 0.007 0.021 0.021 0.539 0.062 0.028
90 R 0.041 0.405 0.035 0.028 0.007 0.044 0.048 0.03 0.021 0.021 0.042 0.109 0.014 0.016 0.018 0.041 0.032 0.005 0.016 0.028
91 T 0.069 0.039 0.041 0.037 0.015 0.069 0.047 0.043 0.016 0.041 0.053 0.05 0.017 0.02 0.025 0.113 0.229 0.005 0.017 0.055
92 S 0.094 0.036 0.048 0.043 0.016 0.029 0.046 0.057 0.017 0.031 0.042 0.048 0.015 0.019 0.027 0.256 0.115 0.005 0.016 0.042
93 G 0.11 0.033 0.036 0.033 0.011 0.066 0.041 0.301 0.082 0.023 0.035 0.043 0.012 0.017 0.02 0.051 0.031 0.005 0.019 0.03
94 E 0.107 0.038 0.041 0.128 0.01 0.043 0.208 0.045 0.02 0.024 0.036 0.056 0.012 0.016 0.024 0.094 0.042 0.005 0.015 0.035
95 F 0.039 0.02 0.019 0.019 0.012 0.013 0.02 0.025 0.014 0.103 0.105 0.022 0.024 0.305 0.013 0.033 0.074 0.012 0.06 0.071
96 T 0.063 0.029 0.041 0.102 0.014 0.024 0.042 0.04 0.013 0.088 0.066 0.039 0.018 0.023 0.023 0.102 0.181 0.005 0.016 0.069
97 L 0.043 0.023 0.015 0.016 0.015 0.018 0.02 0.021 0.011 0.139 0.301 0.026 0.107 0.046 0.014 0.026 0.033 0.007 0.021 0.098
98 F 0.039 0.019 0.014 0.015 0.013 0.012 0.018 0.022 0.012 0.089 0.216 0.02 0.031 0.243 0.012 0.024 0.029 0.011 0.05 0.11
99 P 0.066 0.028 0.029 0.031 0.012 0.022 0.035 0.04 0.013 0.038 0.101 0.039 0.017 0.02 0.281 0.121 0.046 0.004 0.015 0.041
100 M 0.046 0.029 0.019 0.018 0.014 0.025 0.026 0.025 0.019 0.083 0.159 0.032 0.2 0.056 0.015 0.032 0.035 0.01 0.082 0.077
101 G 0.06 0.022 0.029 0.026 0.011 0.017 0.023 0.378 0.013 0.036 0.064 0.029 0.049 0.091 0.015 0.04 0.028 0.007 0.024 0.037
102 I 0.044 0.017 0.013 0.016 0.015 0.013 0.017 0.019 0.008 0.283 0.196 0.022 0.035 0.041 0.013 0.023 0.036 0.006 0.019 0.163
103 F 0.034 0.019 0.015 0.015 0.011 0.011 0.018 0.022 0.013 0.073 0.213 0.019 0.03 0.312 0.011 0.023 0.026 0.012 0.061 0.062
104 V 0.057 0.021 0.015 0.017 0.017 0.016 0.021 0.022 0.009 0.171 0.134 0.025 0.064 0.036 0.015 0.029 0.042 0.005 0.019 0.264
105 L 0.041 0.02 0.013 0.015 0.015 0.014 0.018 0.019 0.009 0.182 0.339 0.022 0.041 0.047 0.013 0.022 0.032 0.006 0.02 0.112
106 G 0.081 0.026 0.04 0.035 0.012 0.022 0.031 0.39 0.014 0.02 0.03 0.037 0.01 0.016 0.02 0.128 0.043 0.005 0.012 0.027
107 A 0.312 0.03 0.028 0.03 0.019 0.024 0.039 0.069 0.014 0.037 0.051 0.042 0.016 0.02 0.027 0.113 0.05 0.005 0.016 0.058
108 R 0.042 0.353 0.036 0.03 0.007 0.045 0.05 0.031 0.021 0.022 0.042 0.148 0.014 0.016 0.019 0.042 0.032 0.005 0.016 0.028
109 N 0.038 0.036 0.274 0.201 0.008 0.029 0.058 0.054 0.025 0.02 0.028 0.046 0.01 0.015 0.019 0.058 0.041 0.004 0.013 0.024
110 V 0.06 0.019 0.015 0.016 0.017 0.015 0.02 0.022 0.008 0.181 0.124 0.023 0.03 0.034 0.015 0.029 0.043 0.005 0.019 0.306
111 D 0.038 0.031 0.142 0.358 0.007 0.028 0.074 0.047 0.02 0.02 0.026 0.043 0.009 0.014 0.02 0.051 0.035 0.004 0.011 0.023
112 F 0.041 0.021 0.021 0.019 0.01 0.014 0.022 0.07 0.02 0.049 0.085 0.023 0.02 0.318 0.012 0.048 0.028 0.015 0.119 0.045
113 R 0.045 0.212 0.038 0.037 0.007 0.045 0.079 0.034 0.086 0.022 0.039 0.173 0.014 0.017 0.021 0.044 0.032 0.005 0.022 0.028
114 L 0.096 0.107 0.027 0.027 0.012 0.072 0.046 0.036 0.016 0.053 0.174 0.104 0.026 0.027 0.019 0.044 0.035 0.006 0.018 0.055
115 I 0.046 0.018 0.014 0.016 0.015 0.013 0.017 0.019 0.008 0.267 0.194 0.022 0.035 0.04 0.014 0.024 0.037 0.005 0.019 0.178
116 I 0.049 0.021 0.075 0.026 0.015 0.016 0.023 0.027 0.011 0.222 0.121 0.027 0.028 0.034 0.015 0.032 0.041 0.005 0.018 0.196
117 K 0.043 0.113 0.036 0.098 0.008 0.035 0.052 0.033 0.027 0.028 0.045 0.149 0.014 0.049 0.019 0.04 0.031 0.012 0.136 0.032
118 L 0.044 0.022 0.018 0.018 0.014 0.015 0.021 0.023 0.011 0.126 0.269 0.025 0.035 0.109 0.014 0.033 0.078 0.008 0.029 0.09
119 Y 0.037 0.025 0.02 0.017 0.008 0.02 0.025 0.023 0.042 0.04 0.062 0.028 0.017 0.119 0.014 0.028 0.025 0.025 0.38 0.042
120 L 0.039 0.021 0.013 0.014 0.014 0.014 0.018 0.02 0.01 0.097 0.378 0.022 0.041 0.115 0.012 0.022 0.029 0.008 0.03 0.081
121 V 0.054 0.032 0.022 0.022 0.013 0.02 0.027 0.113 0.012 0.123 0.093 0.077 0.023 0.096 0.016 0.033 0.035 0.007 0.027 0.156
122 I 0.049 0.018 0.014 0.016 0.016 0.013 0.018 0.02 0.008 0.236 0.188 0.022 0.034 0.039 0.014 0.025 0.038 0.005 0.019 0.207
123 G 0.076 0.023 0.038 0.033 0.011 0.019 0.027 0.472 0.013 0.019 0.028 0.034 0.01 0.015 0.019 0.087 0.035 0.005 0.011 0.025
124 I 0.056 0.024 0.027 0.025 0.016 0.019 0.026 0.029 0.01 0.177 0.103 0.032 0.025 0.03 0.019 0.054 0.176 0.005 0.017 0.127
125 L 0.047 0.019 0.017 0.018 0.014 0.014 0.018 0.108 0.009 0.206 0.225 0.024 0.033 0.039 0.014 0.026 0.033 0.006 0.018 0.113
126 L 0.043 0.02 0.014 0.016 0.015 0.015 0.018 0.02 0.01 0.219 0.25 0.024 0.071 0.044 0.013 0.024 0.034 0.006 0.02 0.123
127 L 0.042 0.023 0.014 0.015 0.015 0.017 0.02 0.02 0.01 0.103 0.39 0.025 0.077 0.049 0.013 0.024 0.031 0.007 0.021 0.087
128 L 0.11 0.026 0.022 0.023 0.016 0.02 0.028 0.037 0.012 0.109 0.16 0.032 0.062 0.033 0.018 0.08 0.045 0.006 0.019 0.143
129 F 0.041 0.019 0.015 0.015 0.013 0.012 0.019 0.022 0.012 0.092 0.19 0.02 0.03 0.242 0.012 0.025 0.03 0.011 0.05 0.131
130 T 0.059 0.027 0.028 0.025 0.016 0.021 0.028 0.031 0.011 0.121 0.105 0.034 0.059 0.03 0.02 0.056 0.177 0.006 0.018 0.129
131 I 0.05 0.02 0.018 0.019 0.013 0.015 0.02 0.111 0.011 0.165 0.122 0.025 0.061 0.102 0.014 0.03 0.034 0.007 0.028 0.135
132 I 0.046 0.017 0.014 0.016 0.1 0.012 0.017 0.022 0.01 0.167 0.142 0.02 0.028 0.137 0.013 0.026 0.033 0.008 0.033 0.138
133 S 0.13 0.031 0.038 0.035 0.102 0.025 0.038 0.054 0.014 0.035 0.048 0.041 0.015 0.019 0.025 0.179 0.103 0.005 0.015 0.049
134 S 0.142 0.035 0.045 0.042 0.017 0.029 0.046 0.062 0.017 0.029 0.041 0.048 0.015 0.019 0.027 0.255 0.07 0.005 0.016 0.042
135 L 0.047 0.034 0.021 0.021 0.013 0.021 0.027 0.112 0.011 0.077 0.299 0.078 0.034 0.038 0.016 0.031 0.031 0.006 0.018 0.067
136 L 0.054 0.036 0.024 0.024 0.014 0.024 0.031 0.03 0.013 0.154 0.166 0.082 0.063 0.034 0.018 0.073 0.042 0.006 0.019 0.093
137 G 0.066 0.022 0.04 0.101 0.009 0.019 0.033 0.469 0.013 0.018 0.026 0.032 0.009 0.015 0.018 0.047 0.028 0.005 0.01 0.022
138 L 0.044 0.019 0.013 0.015 0.015 0.013 0.017 0.019 0.008 0.225 0.266 0.022 0.038 0.044 0.013 0.023 0.034 0.006 0.019 0.145
139 I 0.047 0.019 0.018 0.019 0.015 0.014 0.019 0.022 0.009 0.289 0.137 0.025 0.031 0.037 0.015 0.033 0.083 0.005 0.018 0.145
140 K 0.05 0.131 0.035 0.035 0.008 0.082 0.061 0.036 0.019 0.024 0.039 0.21 0.014 0.014 0.109 0.046 0.035 0.005 0.016 0.03
141 N 0.039 0.039 0.326 0.138 0.008 0.03 0.051 0.056 0.027 0.02 0.028 0.048 0.01 0.016 0.019 0.061 0.043 0.004 0.014 0.024
142 L 0.04 0.023 0.014 0.014 0.014 0.016 0.02 0.02 0.015 0.094 0.371 0.024 0.04 0.061 0.013 0.023 0.03 0.01 0.08 0.08
143 V 0.057 0.019 0.014 0.016 0.017 0.014 0.019 0.021 0.008 0.212 0.13 0.023 0.03 0.035 0.014 0.028 0.042 0.005 0.019 0.277
144 Y 0.035 0.023 0.018 0.016 0.009 0.016 0.023 0.023 0.033 0.046 0.076 0.025 0.019 0.227 0.013 0.027 0.025 0.022 0.28 0.045
145 H 0.038 0.091 0.03 0.024 0.009 0.026 0.034 0.027 0.152 0.083 0.072 0.043 0.019 0.112 0.015 0.032 0.028 0.011 0.1 0.054
146 R 0.041 0.405 0.035 0.028 0.007 0.044 0.048 0.03 0.021 0.021 0.042 0.109 0.014 0.016 0.018 0.041 0.032 0.005 0.016 0.028
147 G 0.102 0.03 0.153 0.115 0.01 0.024 0.043 0.224 0.019 0.022 0.031 0.04 0.01 0.016 0.02 0.057 0.037 0.004 0.012 0.03
148 G 0.11 0.029 0.031 0.03 0.012 0.062 0.036 0.299 0.014 0.075 0.054 0.039 0.016 0.02 0.019 0.048 0.033 0.005 0.014 0.054
149 T 0.052 0.032 0.037 0.031 0.013 0.025 0.036 0.035 0.108 0.045 0.067 0.037 0.019 0.124 0.02 0.06 0.157 0.009 0.043 0.052
150 S 0.11 0.04 0.054 0.049 0.018 0.033 0.052 0.066 0.019 0.03 0.042 0.054 0.016 0.021 0.03 0.22 0.082 0.005 0.018 0.042
151 G 0.096 0.033 0.048 0.043 0.015 0.028 0.042 0.218 0.017 0.025 0.036 0.046 0.013 0.019 0.025 0.178 0.063 0.005 0.015 0.035
152 V 0.105 0.023 0.02 0.021 0.017 0.018 0.025 0.032 0.01 0.138 0.156 0.029 0.028 0.033 0.018 0.044 0.086 0.005 0.018 0.174
153 L 0.065 0.089 0.029 0.027 0.014 0.024 0.033 0.035 0.013 0.111 0.137 0.046 0.025 0.029 0.019 0.116 0.049 0.005 0.018 0.115
154 R 0.041 0.405 0.035 0.028 0.007 0.044 0.048 0.03 0.021 0.021 0.042 0.109 0.014 0.016 0.018 0.041 0.032 0.005 0.016 0.028
155 Q 0.073 0.112 0.037 0.035 0.009 0.159 0.068 0.037 0.088 0.035 0.049 0.072 0.018 0.018 0.02 0.047 0.036 0.006 0.024 0.057
156 S 0.142 0.035 0.045 0.042 0.017 0.029 0.046 0.062 0.017 0.029 0.041 0.048 0.015 0.019 0.027 0.255 0.07 0.005 0.016 0.042
157 F 0.034 0.019 0.015 0.015 0.011 0.011 0.018 0.022 0.013 0.073 0.213 0.019 0.03 0.312 0.011 0.023 0.026 0.012 0.061 0.062
158 G 0.071 0.021 0.036 0.031 0.01 0.017 0.023 0.555 0.012 0.017 0.026 0.031 0.009 0.015 0.017 0.047 0.027 0.005 0.01 0.022
159 I 0.043 0.016 0.013 0.016 0.015 0.012 0.016 0.019 0.008 0.337 0.153 0.021 0.033 0.04 0.013 0.023 0.036 0.005 0.019 0.161
160 I 0.046 0.018 0.014 0.016 0.015 0.013 0.017 0.019 0.008 0.267 0.194 0.022 0.035 0.04 0.014 0.024 0.037 0.005 0.019 0.178
161 Y 0.037 0.025 0.02 0.017 0.008 0.02 0.025 0.023 0.042 0.04 0.062 0.028 0.017 0.119 0.014 0.028 0.025 0.025 0.38 0.042
162 P 0.052 0.023 0.021 0.028 0.009 0.019 0.033 0.033 0.012 0.023 0.033 0.038 0.009 0.012 0.54 0.04 0.033 0.002 0.012 0.028
163 T 0.066 0.032 0.039 0.034 0.016 0.025 0.036 0.039 0.013 0.048 0.059 0.041 0.018 0.022 0.025 0.084 0.315 0.005 0.016 0.065
164 D 0.037 0.027 0.063 0.452 0.007 0.027 0.083 0.042 0.017 0.02 0.025 0.041 0.008 0.014 0.02 0.047 0.032 0.003 0.01 0.022
165 F 0.031 0.017 0.015 0.015 0.01 0.01 0.017 0.023 0.015 0.058 0.104 0.017 0.023 0.443 0.01 0.023 0.023 0.015 0.081 0.05
166 A 0.355 0.028 0.023 0.027 0.02 0.023 0.037 0.071 0.013 0.039 0.054 0.04 0.016 0.02 0.027 0.077 0.045 0.005 0.016 0.063
167 A 0.355 0.028 0.023 0.027 0.02 0.023 0.037 0.071 0.013 0.039 0.054 0.04 0.016 0.02 0.027 0.077 0.045 0.005 0.016 0.063
168 H 0.038 0.042 0.049 0.035 0.007 0.035 0.049 0.035 0.414 0.021 0.035 0.042 0.014 0.028 0.017 0.038 0.024 0.007 0.052 0.021
169 V 0.109 0.021 0.016 0.018 0.017 0.016 0.023 0.03 0.009 0.163 0.113 0.026 0.027 0.032 0.017 0.037 0.044 0.005 0.018 0.261
170 L 0.036 0.02 0.014 0.015 0.012 0.012 0.018 0.021 0.012 0.081 0.268 0.02 0.034 0.246 0.011 0.023 0.027 0.011 0.05 0.069
171 F 0.034 0.021 0.018 0.016 0.009 0.015 0.021 0.023 0.029 0.049 0.083 0.023 0.02 0.281 0.012 0.026 0.024 0.02 0.23 0.046
172 L 0.041 0.021 0.013 0.014 0.015 0.014 0.018 0.019 0.009 0.144 0.386 0.023 0.043 0.048 0.013 0.022 0.031 0.006 0.02 0.1
173 V 0.056 0.02 0.014 0.016 0.017 0.014 0.02 0.021 0.008 0.173 0.176 0.023 0.032 0.037 0.014 0.027 0.041 0.005 0.019 0.265
174 L 0.094 0.024 0.016 0.017 0.016 0.018 0.023 0.029 0.011 0.092 0.327 0.028 0.072 0.044 0.016 0.033 0.034 0.006 0.02 0.083
175 A 0.27 0.031 0.032 0.033 0.018 0.026 0.04 0.068 0.015 0.035 0.049 0.043 0.015 0.019 0.027 0.148 0.055 0.005 0.016 0.054
176 Y 0.037 0.025 0.019 0.016 0.01 0.019 0.024 0.022 0.037 0.051 0.124 0.027 0.022 0.107 0.014 0.027 0.026 0.022 0.32 0.05
177 C 0.123 0.025 0.028 0.027 0.188 0.02 0.03 0.046 0.012 0.054 0.061 0.033 0.017 0.021 0.021 0.127 0.051 0.004 0.015 0.096
178 Y 0.037 0.025 0.02 0.017 0.008 0.02 0.025 0.023 0.042 0.04 0.062 0.028 0.017 0.119 0.014 0.028 0.025 0.025 0.38 0.042
179 L 0.044 0.022 0.013 0.014 0.015 0.015 0.019 0.02 0.009 0.112 0.38 0.023 0.042 0.047 0.013 0.023 0.033 0.006 0.02 0.129
180 Y 0.042 0.113 0.028 0.026 0.008 0.033 0.042 0.029 0.031 0.032 0.051 0.147 0.016 0.067 0.018 0.037 0.03 0.015 0.198 0.036
181 F 0.033 0.056 0.019 0.018 0.009 0.016 0.024 0.025 0.016 0.052 0.093 0.052 0.022 0.371 0.012 0.027 0.025 0.014 0.07 0.046
182 K 0.046 0.12 0.096 0.088 0.007 0.046 0.134 0.039 0.022 0.022 0.035 0.162 0.012 0.015 0.022 0.05 0.036 0.005 0.015 0.028
183 K 0.05 0.149 0.037 0.036 0.008 0.048 0.062 0.038 0.019 0.024 0.04 0.305 0.014 0.014 0.024 0.047 0.035 0.005 0.016 0.03
184 L 0.095 0.022 0.015 0.017 0.015 0.015 0.022 0.029 0.011 0.094 0.262 0.025 0.034 0.107 0.015 0.033 0.034 0.007 0.029 0.118
185 N 0.064 0.034 0.159 0.12 0.011 0.028 0.049 0.139 0.02 0.022 0.031 0.045 0.011 0.016 0.021 0.134 0.05 0.004 0.013 0.028
186 W 0.03 0.02 0.014 0.014 0.008 0.014 0.02 0.026 0.013 0.079 0.066 0.021 0.017 0.053 0.008 0.021 0.023 0.45 0.055 0.05
187 K 0.052 0.097 0.038 0.038 0.008 0.049 0.064 0.039 0.019 0.025 0.039 0.344 0.014 0.014 0.025 0.049 0.036 0.005 0.016 0.03
188 S 0.126 0.033 0.046 0.108 0.015 0.028 0.05 0.056 0.016 0.032 0.042 0.045 0.014 0.019 0.026 0.18 0.103 0.005 0.015 0.044
189 Y 0.036 0.024 0.019 0.017 0.009 0.018 0.024 0.023 0.038 0.043 0.069 0.027 0.018 0.173 0.013 0.027 0.025 0.024 0.33 0.044
190 L 0.049 0.022 0.018 0.018 0.015 0.016 0.021 0.023 0.009 0.142 0.271 0.026 0.036 0.041 0.015 0.034 0.081 0.006 0.019 0.137
191 F 0.108 0.023 0.026 0.025 0.014 0.017 0.027 0.126 0.014 0.058 0.074 0.03 0.019 0.162 0.018 0.082 0.04 0.008 0.037 0.093
192 F 0.035 0.018 0.015 0.016 0.011 0.012 0.018 0.022 0.013 0.13 0.122 0.02 0.043 0.309 0.011 0.024 0.027 0.012 0.06 0.08
193 V 0.057 0.019 0.014 0.016 0.017 0.014 0.019 0.021 0.008 0.212 0.13 0.023 0.03 0.035 0.014 0.028 0.042 0.005 0.019 0.277
194 L 0.05 0.021 0.017 0.017 0.014 0.015 0.019 0.109 0.009 0.136 0.266 0.024 0.034 0.039 0.014 0.028 0.033 0.006 0.018 0.13
195 L 0.046 0.019 0.013 0.015 0.015 0.013 0.018 0.02 0.008 0.229 0.24 0.022 0.037 0.042 0.013 0.024 0.036 0.006 0.019 0.165
196 A 0.27 0.031 0.032 0.033 0.018 0.026 0.04 0.068 0.015 0.035 0.049 0.043 0.015 0.019 0.027 0.148 0.055 0.005 0.016 0.054
197 L 0.094 0.022 0.016 0.017 0.014 0.016 0.023 0.03 0.016 0.116 0.145 0.026 0.026 0.053 0.015 0.034 0.034 0.098 0.086 0.119
198 L 0.035 0.02 0.014 0.014 0.012 0.013 0.018 0.022 0.012 0.076 0.259 0.021 0.033 0.182 0.011 0.022 0.026 0.098 0.047 0.065
199 L 0.048 0.021 0.014 0.015 0.016 0.015 0.019 0.02 0.009 0.12 0.328 0.023 0.04 0.044 0.014 0.025 0.035 0.006 0.02 0.17
200 I 0.046 0.02 0.019 0.019 0.014 0.016 0.021 0.023 0.014 0.24 0.122 0.026 0.028 0.05 0.015 0.034 0.081 0.009 0.078 0.125
201 K 0.05 0.063 0.032 0.03 0.01 0.035 0.047 0.032 0.081 0.058 0.117 0.187 0.022 0.025 0.02 0.039 0.035 0.005 0.023 0.089
202 F 0.038 0.032 0.024 0.031 0.009 0.066 0.089 0.027 0.023 0.043 0.075 0.039 0.019 0.246 0.015 0.033 0.028 0.014 0.109 0.042
203 C 0.062 0.021 0.023 0.021 0.359 0.016 0.022 0.033 0.009 0.043 0.059 0.026 0.016 0.019 0.018 0.053 0.127 0.004 0.013 0.056
204 D 0.04 0.036 0.112 0.321 0.007 0.071 0.078 0.044 0.021 0.021 0.029 0.049 0.01 0.014 0.02 0.051 0.035 0.004 0.012 0.024
205 A 0.355 0.028 0.023 0.027 0.02 0.023 0.037 0.071 0.013 0.039 0.054 0.04 0.016 0.02 0.027 0.077 0.045 0.005 0.016 0.063
206 R 0.041 0.405 0.035 0.028 0.007 0.044 0.048 0.03 0.021 0.021 0.042 0.109 0.014 0.016 0.018 0.041 0.032 0.005 0.016 0.028
207 L 0.04 0.022 0.013 0.014 0.015 0.015 0.018 0.019 0.009 0.105 0.432 0.023 0.045 0.05 0.013 0.022 0.03 0.006 0.02 0.087
208 S 0.069 0.036 0.161 0.123 0.012 0.03 0.053 0.057 0.021 0.024 0.033 0.048 0.012 0.017 0.023 0.174 0.058 0.004 0.014 0.031
209 A 0.249 0.024 0.02 0.023 0.017 0.019 0.03 0.054 0.013 0.092 0.079 0.033 0.02 0.094 0.022 0.059 0.04 0.007 0.027 0.077
210 Y 0.045 0.022 0.017 0.017 0.012 0.017 0.022 0.022 0.025 0.142 0.099 0.025 0.024 0.078 0.014 0.027 0.033 0.015 0.199 0.145
211 A 0.168 0.027 0.029 0.029 0.103 0.022 0.033 0.052 0.013 0.085 0.066 0.037 0.018 0.023 0.023 0.133 0.052 0.005 0.016 0.069
212 L 0.052 0.024 0.02 0.02 0.015 0.018 0.024 0.027 0.011 0.167 0.231 0.028 0.068 0.04 0.016 0.069 0.041 0.006 0.019 0.103
213 L 0.041 0.02 0.013 0.015 0.015 0.014 0.018 0.019 0.009 0.182 0.339 0.022 0.041 0.047 0.013 0.022 0.032 0.006 0.02 0.112
214 L 0.041 0.021 0.013 0.014 0.015 0.014 0.018 0.019 0.009 0.144 0.386 0.023 0.043 0.048 0.013 0.022 0.031 0.006 0.02 0.1
215 L 0.05 0.025 0.019 0.018 0.015 0.018 0.023 0.024 0.01 0.101 0.276 0.028 0.07 0.041 0.016 0.036 0.081 0.006 0.02 0.124
216 I 0.098 0.019 0.015 0.018 0.016 0.014 0.02 0.028 0.009 0.256 0.13 0.025 0.03 0.035 0.016 0.033 0.039 0.005 0.018 0.173
217 P 0.05 0.022 0.02 0.026 0.01 0.018 0.03 0.031 0.011 0.076 0.053 0.035 0.013 0.016 0.452 0.037 0.033 0.003 0.013 0.05
218 V 0.065 0.02 0.018 0.019 0.016 0.015 0.022 0.111 0.008 0.128 0.103 0.025 0.025 0.03 0.015 0.033 0.042 0.005 0.017 0.283
219 I 0.046 0.025 0.017 0.018 0.015 0.021 0.022 0.023 0.012 0.173 0.17 0.029 0.169 0.043 0.014 0.029 0.036 0.007 0.021 0.11
220 W 0.038 0.023 0.045 0.021 0.011 0.017 0.022 0.027 0.016 0.142 0.104 0.026 0.058 0.05 0.012 0.028 0.031 0.185 0.063 0.082
221 I 0.042 0.017 0.013 0.016 0.015 0.013 0.016 0.019 0.008 0.299 0.199 0.022 0.035 0.042 0.013 0.023 0.035 0.006 0.019 0.148
222 G 0.141 0.023 0.031 0.029 0.013 0.019 0.026 0.389 0.012 0.034 0.041 0.033 0.012 0.017 0.019 0.053 0.033 0.005 0.012 0.058
223 K 0.052 0.092 0.038 0.039 0.008 0.088 0.069 0.039 0.02 0.025 0.04 0.3 0.015 0.014 0.024 0.049 0.036 0.005 0.016 0.03
224 R 0.04 0.16 0.086 0.034 0.009 0.072 0.045 0.034 0.02 0.039 0.111 0.065 0.02 0.06 0.016 0.04 0.033 0.051 0.026 0.04
225 A 0.302 0.028 0.03 0.098 0.018 0.024 0.045 0.066 0.014 0.036 0.049 0.041 0.015 0.019 0.026 0.072 0.043 0.005 0.015 0.056
226 R 0.106 0.11 0.034 0.033 0.011 0.075 0.053 0.043 0.023 0.029 0.046 0.109 0.016 0.033 0.022 0.089 0.042 0.008 0.077 0.039
227 K 0.051 0.075 0.038 0.053 0.007 0.092 0.168 0.036 0.022 0.023 0.038 0.209 0.014 0.014 0.024 0.05 0.035 0.005 0.016 0.03
228 G 0.06 0.027 0.15 0.046 0.009 0.022 0.03 0.39 0.018 0.018 0.027 0.037 0.009 0.015 0.018 0.052 0.033 0.005 0.011 0.023
229 D 0.04 0.043 0.1 0.117 0.008 0.029 0.049 0.039 0.025 0.027 0.042 0.094 0.013 0.045 0.017 0.043 0.033 0.113 0.093 0.03
230 G 0.068 0.039 0.031 0.03 0.014 0.025 0.035 0.137 0.013 0.109 0.077 0.091 0.02 0.025 0.02 0.085 0.045 0.005 0.016 0.115
231 F 0.102 0.02 0.017 0.019 0.015 0.014 0.022 0.033 0.012 0.126 0.11 0.025 0.026 0.19 0.015 0.036 0.035 0.009 0.044 0.13
232 C 0.076 0.026 0.031 0.03 0.215 0.021 0.032 0.044 0.013 0.033 0.047 0.036 0.014 0.018 0.123 0.132 0.051 0.004 0.014 0.043
233 R 0.046 0.273 0.037 0.033 0.008 0.047 0.056 0.035 0.021 0.023 0.042 0.198 0.014 0.016 0.021 0.045 0.034 0.005 0.016 0.03
234 F 0.05 0.039 0.028 0.026 0.011 0.025 0.035 0.033 0.052 0.048 0.085 0.083 0.054 0.173 0.017 0.075 0.036 0.011 0.072 0.047
235 L 0.043 0.02 0.014 0.016 0.015 0.015 0.018 0.02 0.01 0.219 0.25 0.024 0.071 0.044 0.013 0.024 0.034 0.006 0.02 0.123
236 A 0.304 0.035 0.026 0.03 0.018 0.067 0.046 0.066 0.016 0.037 0.052 0.048 0.016 0.019 0.026 0.073 0.044 0.005 0.016 0.057
237 A 0.104 0.043 0.092 0.039 0.012 0.03 0.043 0.047 0.083 0.078 0.058 0.091 0.017 0.023 0.021 0.09 0.044 0.005 0.022 0.056
238 F 0.033 0.017 0.015 0.015 0.01 0.01 0.017 0.022 0.014 0.104 0.112 0.018 0.025 0.376 0.01 0.023 0.025 0.014 0.07 0.068
239 Y 0.051 0.027 0.027 0.024 0.011 0.021 0.03 0.032 0.029 0.042 0.065 0.032 0.018 0.14 0.017 0.081 0.082 0.017 0.209 0.047
240 W 0.028 0.021 0.014 0.014 0.007 0.014 0.021 0.028 0.014 0.028 0.048 0.021 0.014 0.055 0.007 0.021 0.021 0.539 0.062 0.028
241 L 0.059 0.025 0.025 0.024 0.101 0.02 0.026 0.032 0.012 0.108 0.153 0.031 0.06 0.032 0.018 0.082 0.088 0.005 0.017 0.081
242 V 0.105 0.023 0.02 0.021 0.017 0.018 0.025 0.032 0.01 0.138 0.156 0.029 0.028 0.033 0.018 0.044 0.086 0.005 0.018 0.174
243 P 0.102 0.024 0.022 0.028 0.011 0.02 0.034 0.039 0.012 0.026 0.036 0.038 0.01 0.013 0.454 0.046 0.035 0.003 0.012 0.034
244 V 0.053 0.019 0.015 0.018 0.015 0.014 0.021 0.023 0.008 0.207 0.118 0.025 0.027 0.032 0.102 0.029 0.039 0.005 0.018 0.211
245 L 0.042 0.019 0.013 0.015 0.015 0.013 0.017 0.019 0.009 0.221 0.292 0.022 0.039 0.045 0.013 0.022 0.033 0.006 0.02 0.124
246 L 0.149 0.023 0.021 0.021 0.015 0.017 0.025 0.126 0.012 0.061 0.184 0.029 0.026 0.099 0.018 0.045 0.034 0.007 0.027 0.062
247 A 0.26 0.026 0.027 0.028 0.016 0.021 0.032 0.232 0.013 0.032 0.045 0.037 0.013 0.018 0.024 0.067 0.039 0.005 0.014 0.049
248 Y 0.042 0.027 0.023 0.02 0.01 0.021 0.027 0.025 0.037 0.041 0.062 0.031 0.017 0.103 0.016 0.038 0.074 0.022 0.319 0.046
249 I 0.051 0.018 0.014 0.016 0.016 0.014 0.018 0.02 0.008 0.24 0.162 0.023 0.032 0.038 0.014 0.026 0.039 0.005 0.019 0.227
250 T 0.059 0.029 0.032 0.028 0.016 0.023 0.031 0.034 0.012 0.104 0.095 0.037 0.057 0.028 0.021 0.065 0.222 0.006 0.018 0.084
251 V 0.055 0.019 0.015 0.016 0.016 0.014 0.02 0.022 0.009 0.166 0.122 0.022 0.029 0.102 0.014 0.028 0.04 0.007 0.029 0.259
252 C 0.096 0.019 0.016 0.017 0.186 0.013 0.02 0.033 0.011 0.057 0.135 0.022 0.023 0.165 0.015 0.037 0.031 0.008 0.037 0.059
253 L 0.094 0.024 0.016 0.017 0.016 0.018 0.023 0.029 0.011 0.092 0.327 0.028 0.072 0.044 0.016 0.033 0.034 0.006 0.02 0.083
254 S 0.132 0.032 0.041 0.038 0.016 0.026 0.04 0.141 0.015 0.031 0.042 0.043 0.014 0.019 0.025 0.18 0.102 0.005 0.015 0.044
255 Y 0.037 0.025 0.02 0.017 0.008 0.02 0.025 0.023 0.042 0.04 0.062 0.028 0.017 0.119 0.014 0.028 0.025 0.025 0.38 0.042
256 F 0.034 0.018 0.015 0.015 0.011 0.011 0.017 0.022 0.013 0.112 0.167 0.019 0.028 0.31 0.011 0.023 0.026 0.012 0.06 0.075
257 Y 0.036 0.024 0.019 0.017 0.009 0.018 0.024 0.023 0.038 0.043 0.069 0.027 0.018 0.173 0.013 0.027 0.025 0.024 0.33 0.044
258 N 0.116 0.036 0.153 0.05 0.014 0.028 0.043 0.058 0.02 0.03 0.041 0.046 0.014 0.019 0.024 0.145 0.1 0.005 0.015 0.042
259 P 0.06 0.029 0.031 0.031 0.011 0.023 0.036 0.038 0.08 0.076 0.054 0.038 0.015 0.021 0.237 0.099 0.042 0.004 0.021 0.052
260 G 0.125 0.032 0.096 0.043 0.014 0.026 0.039 0.186 0.017 0.026 0.036 0.043 0.012 0.018 0.023 0.156 0.053 0.005 0.014 0.036
261 N 0.051 0.05 0.212 0.057 0.009 0.034 0.049 0.052 0.089 0.022 0.033 0.097 0.012 0.018 0.021 0.095 0.045 0.005 0.021 0.027
262 P 0.047 0.138 0.034 0.032 0.008 0.055 0.049 0.034 0.084 0.023 0.037 0.111 0.013 0.016 0.193 0.042 0.032 0.004 0.021 0.028
263 L 0.091 0.021 0.016 0.018 0.014 0.015 0.022 0.029 0.016 0.153 0.16 0.025 0.028 0.119 0.015 0.033 0.033 0.01 0.089 0.094
264 L 0.038 0.019 0.014 0.015 0.013 0.013 0.018 0.02 0.011 0.128 0.276 0.021 0.036 0.179 0.012 0.023 0.029 0.009 0.04 0.087
265 E 0.044 0.049 0.069 0.096 0.007 0.042 0.172 0.037 0.021 0.023 0.037 0.108 0.012 0.023 0.02 0.045 0.033 0.111 0.024 0.028
266 K 0.046 0.066 0.03 0.031 0.009 0.076 0.054 0.033 0.018 0.044 0.116 0.192 0.022 0.091 0.02 0.04 0.033 0.007 0.028 0.043
267 I 0.095 0.021 0.016 0.018 0.016 0.017 0.022 0.029 0.01 0.208 0.187 0.027 0.066 0.039 0.016 0.033 0.037 0.006 0.019 0.119
268 N 0.038 0.036 0.274 0.201 0.008 0.029 0.058 0.054 0.025 0.02 0.028 0.046 0.01 0.015 0.019 0.058 0.041 0.004 0.013 0.024
269 H 0.053 0.054 0.101 0.045 0.009 0.077 0.058 0.044 0.153 0.023 0.036 0.101 0.014 0.02 0.021 0.088 0.04 0.005 0.028 0.028
270 L 0.042 0.021 0.014 0.015 0.015 0.016 0.019 0.02 0.01 0.18 0.297 0.024 0.073 0.046 0.013 0.024 0.033 0.006 0.02 0.111
271 L 0.044 0.022 0.013 0.014 0.015 0.015 0.019 0.02 0.009 0.112 0.38 0.023 0.042 0.047 0.013 0.023 0.033 0.006 0.02 0.129
272 S 0.1 0.036 0.049 0.044 0.016 0.03 0.048 0.06 0.017 0.027 0.038 0.049 0.014 0.019 0.027 0.291 0.075 0.005 0.016 0.038
273 G 0.076 0.023 0.038 0.033 0.011 0.019 0.027 0.472 0.013 0.019 0.028 0.034 0.01 0.015 0.019 0.087 0.035 0.005 0.011 0.025
274 R 0.041 0.405 0.035 0.028 0.007 0.044 0.048 0.03 0.021 0.021 0.042 0.109 0.014 0.016 0.018 0.041 0.032 0.005 0.016 0.028
275 L 0.039 0.021 0.013 0.014 0.014 0.014 0.018 0.02 0.01 0.097 0.378 0.022 0.041 0.115 0.012 0.022 0.029 0.008 0.03 0.081
276 A 0.155 0.039 0.028 0.028 0.014 0.026 0.038 0.048 0.02 0.038 0.059 0.087 0.017 0.106 0.022 0.091 0.042 0.01 0.087 0.048
277 L 0.04 0.021 0.015 0.016 0.013 0.016 0.02 0.02 0.02 0.161 0.216 0.024 0.032 0.07 0.013 0.024 0.031 0.012 0.14 0.097
278 S 0.081 0.033 0.039 0.044 0.014 0.03 0.091 0.132 0.016 0.045 0.049 0.045 0.015 0.02 0.023 0.167 0.055 0.005 0.015 0.083
279 H 0.038 0.041 0.159 0.048 0.007 0.033 0.047 0.043 0.285 0.021 0.033 0.044 0.013 0.024 0.018 0.047 0.031 0.006 0.039 0.022
280 E 0.055 0.042 0.034 0.057 0.01 0.084 0.205 0.032 0.02 0.047 0.053 0.059 0.017 0.019 0.022 0.053 0.083 0.005 0.016 0.086
281 A 0.306 0.027 0.022 0.025 0.019 0.022 0.034 0.063 0.012 0.058 0.065 0.038 0.018 0.022 0.025 0.069 0.045 0.005 0.016 0.108
282 I 0.04 0.017 0.014 0.016 0.014 0.012 0.017 0.02 0.009 0.252 0.191 0.021 0.034 0.109 0.013 0.023 0.033 0.007 0.029 0.13
283 H 0.043 0.053 0.103 0.113 0.007 0.077 0.064 0.041 0.153 0.022 0.034 0.1 0.013 0.019 0.02 0.048 0.033 0.005 0.027 0.025
284 K 0.05 0.135 0.038 0.044 0.008 0.089 0.116 0.036 0.021 0.023 0.039 0.215 0.014 0.014 0.023 0.048 0.035 0.005 0.016 0.03
285 Y 0.037 0.025 0.02 0.017 0.008 0.02 0.025 0.023 0.042 0.04 0.062 0.028 0.017 0.119 0.014 0.028 0.025 0.025 0.38 0.042
286 G 0.068 0.021 0.033 0.03 0.01 0.017 0.025 0.468 0.012 0.018 0.027 0.032 0.009 0.014 0.104 0.046 0.028 0.004 0.01 0.023
287 F 0.046 0.02 0.015 0.016 0.014 0.014 0.02 0.023 0.011 0.141 0.129 0.023 0.062 0.172 0.013 0.027 0.035 0.009 0.04 0.169
288 S 0.079 0.038 0.104 0.048 0.013 0.031 0.047 0.056 0.085 0.025 0.036 0.048 0.014 0.02 0.024 0.211 0.061 0.005 0.022 0.033
289 L 0.097 0.021 0.015 0.017 0.016 0.015 0.021 0.028 0.009 0.179 0.224 0.026 0.034 0.039 0.016 0.033 0.037 0.006 0.019 0.149
290 F 0.031 0.017 0.015 0.015 0.01 0.01 0.017 0.023 0.015 0.058 0.104 0.017 0.023 0.443 0.01 0.023 0.023 0.015 0.081 0.05
291 G 0.071 0.021 0.036 0.031 0.01 0.017 0.023 0.555 0.012 0.017 0.026 0.031 0.009 0.015 0.017 0.047 0.027 0.005 0.01 0.022
292 R 0.051 0.169 0.095 0.043 0.009 0.119 0.06 0.084 0.023 0.022 0.038 0.079 0.015 0.015 0.02 0.069 0.039 0.005 0.016 0.029
293 H 0.039 0.038 0.098 0.038 0.008 0.031 0.043 0.036 0.282 0.035 0.1 0.04 0.018 0.029 0.017 0.04 0.029 0.006 0.04 0.033
294 I 0.049 0.023 0.016 0.017 0.015 0.019 0.022 0.023 0.011 0.183 0.16 0.028 0.134 0.041 0.014 0.029 0.038 0.006 0.02 0.151
295 V 0.053 0.032 0.024 0.023 0.014 0.063 0.037 0.026 0.079 0.1 0.144 0.036 0.027 0.031 0.016 0.033 0.038 0.006 0.025 0.191
296 E 0.05 0.049 0.037 0.075 0.007 0.097 0.316 0.033 0.024 0.021 0.035 0.071 0.013 0.015 0.023 0.05 0.034 0.005 0.016 0.029
297 H 0.038 0.041 0.159 0.048 0.007 0.033 0.047 0.043 0.285 0.021 0.033 0.044 0.013 0.024 0.018 0.047 0.031 0.006 0.039 0.022
298 G 0.123 0.025 0.036 0.032 0.012 0.02 0.03 0.392 0.013 0.022 0.032 0.035 0.011 0.016 0.02 0.092 0.038 0.005 0.012 0.032
299 W 0.032 0.021 0.014 0.014 0.01 0.013 0.019 0.024 0.013 0.058 0.185 0.021 0.026 0.118 0.009 0.022 0.024 0.274 0.051 0.051
300 G 0.071 0.021 0.036 0.031 0.01 0.017 0.023 0.555 0.012 0.017 0.026 0.031 0.009 0.015 0.017 0.047 0.027 0.005 0.01 0.022
301 G 0.118 0.022 0.034 0.03 0.011 0.018 0.026 0.474 0.012 0.021 0.03 0.032 0.01 0.016 0.019 0.052 0.03 0.005 0.011 0.029
302 T 0.055 0.028 0.084 0.034 0.014 0.022 0.032 0.035 0.014 0.066 0.122 0.036 0.022 0.026 0.106 0.054 0.131 0.005 0.016 0.101
303 T 0.118 0.041 0.037 0.035 0.014 0.028 0.041 0.134 0.015 0.034 0.046 0.091 0.015 0.018 0.024 0.105 0.135 0.005 0.015 0.047
304 G 0.071 0.021 0.036 0.031 0.01 0.017 0.023 0.555 0.012 0.017 0.026 0.031 0.009 0.015 0.017 0.047 0.027 0.005 0.01 0.022
305 L 0.052 0.024 0.02 0.02 0.015 0.018 0.024 0.027 0.011 0.167 0.231 0.028 0.068 0.04 0.016 0.069 0.041 0.006 0.019 0.103
306 K 0.048 0.134 0.095 0.043 0.008 0.084 0.063 0.041 0.022 0.024 0.039 0.212 0.014 0.015 0.022 0.05 0.037 0.005 0.016 0.029
307 M 0.094 0.029 0.079 0.029 0.014 0.023 0.029 0.038 0.017 0.065 0.121 0.034 0.127 0.102 0.016 0.044 0.037 0.008 0.029 0.065
308 F 0.161 0.025 0.024 0.024 0.015 0.019 0.03 0.047 0.014 0.05 0.077 0.032 0.02 0.183 0.02 0.059 0.087 0.009 0.043 0.06
309 Y 0.041 0.028 0.022 0.019 0.009 0.022 0.028 0.025 0.047 0.044 0.069 0.032 0.019 0.132 0.016 0.032 0.028 0.028 0.311 0.047
310 Q 0.056 0.074 0.045 0.048 0.009 0.207 0.104 0.042 0.03 0.027 0.048 0.092 0.021 0.015 0.024 0.056 0.042 0.006 0.021 0.036
311 D 0.105 0.034 0.095 0.117 0.012 0.033 0.1 0.048 0.019 0.036 0.06 0.047 0.05 0.021 0.022 0.094 0.044 0.005 0.016 0.043
312 G 0.159 0.049 0.032 0.032 0.012 0.03 0.041 0.222 0.015 0.027 0.04 0.138 0.013 0.016 0.023 0.058 0.036 0.005 0.014 0.038
313 D 0.053 0.034 0.094 0.115 0.011 0.032 0.097 0.04 0.019 0.046 0.102 0.045 0.07 0.026 0.02 0.085 0.043 0.005 0.016 0.047
314 G 0.053 0.086 0.028 0.027 0.009 0.022 0.03 0.205 0.016 0.025 0.04 0.045 0.012 0.058 0.19 0.04 0.029 0.007 0.048 0.029
315 G 0.119 0.038 0.096 0.044 0.013 0.07 0.049 0.141 0.019 0.026 0.038 0.05 0.014 0.017 0.023 0.137 0.051 0.005 0.015 0.036
316 K 0.055 0.068 0.153 0.051 0.009 0.04 0.055 0.049 0.022 0.024 0.036 0.196 0.013 0.016 0.023 0.094 0.045 0.005 0.015 0.029
317 Y 0.037 0.025 0.02 0.017 0.008 0.02 0.025 0.023 0.042 0.04 0.062 0.028 0.017 0.119 0.014 0.028 0.025 0.025 0.38 0.042
318 F 0.036 0.018 0.015 0.015 0.011 0.011 0.018 0.023 0.014 0.073 0.106 0.018 0.024 0.374 0.011 0.024 0.027 0.014 0.07 0.098
319 F 0.032 0.019 0.016 0.016 0.009 0.011 0.019 0.023 0.02 0.055 0.097 0.019 0.022 0.389 0.01 0.024 0.023 0.017 0.131 0.049
320 I 0.05 0.017 0.014 0.016 0.016 0.013 0.018 0.02 0.008 0.275 0.141 0.022 0.032 0.038 0.014 0.025 0.039 0.005 0.019 0.219
