#Seq2Logo.py -f /work3/idamei/ssn-clusterings/clustering/2205161002/clusters/0132_16/sequences.afa -o /work3/idamei/ssn-clusterings/clustering/2205161002/clusters/0132_16/sequences.logo
#Position Specific Frequency Matrix
A R N D C Q E G H I L K M F P S T W Y V
0 L 0.052 0.032 0.02 0.02 0.016 0.028 0.028 0.028 0.016 0.099 0.195 0.036 0.17 0.048 0.016 0.036 0.04 0.008 0.024 0.091
1 D 0.058 0.106 0.044 0.118 0.012 0.032 0.053 0.041 0.044 0.045 0.118 0.059 0.022 0.027 0.021 0.084 0.044 0.006 0.02 0.046
2 R 0.107 0.112 0.1 0.055 0.012 0.041 0.105 0.05 0.022 0.038 0.05 0.069 0.015 0.02 0.023 0.061 0.043 0.005 0.017 0.057
3 P 0.055 0.025 0.035 0.114 0.011 0.021 0.042 0.146 0.014 0.044 0.112 0.036 0.019 0.023 0.166 0.043 0.033 0.004 0.014 0.042
4 R 0.102 0.178 0.032 0.055 0.013 0.034 0.045 0.041 0.018 0.049 0.125 0.074 0.023 0.026 0.021 0.049 0.038 0.006 0.018 0.054
5 A 0.128 0.124 0.025 0.025 0.016 0.028 0.036 0.042 0.015 0.08 0.108 0.059 0.024 0.028 0.021 0.051 0.043 0.006 0.019 0.122
6 C 0.127 0.024 0.021 0.021 0.205 0.019 0.027 0.044 0.021 0.043 0.064 0.031 0.017 0.053 0.02 0.051 0.038 0.012 0.107 0.057
7 S 0.083 0.057 0.049 0.048 0.013 0.125 0.077 0.054 0.024 0.028 0.044 0.072 0.018 0.018 0.027 0.139 0.061 0.006 0.019 0.039
8 W 0.03 0.023 0.015 0.015 0.008 0.015 0.023 0.03 0.015 0.03 0.053 0.023 0.015 0.061 0.008 0.023 0.023 0.491 0.068 0.03
9 W 0.03 0.023 0.015 0.015 0.008 0.015 0.023 0.03 0.015 0.03 0.053 0.023 0.015 0.061 0.008 0.023 0.023 0.491 0.068 0.03
10 R 0.045 0.343 0.039 0.031 0.008 0.049 0.052 0.033 0.023 0.023 0.047 0.121 0.016 0.017 0.019 0.045 0.035 0.006 0.017 0.031
11 L 0.045 0.024 0.014 0.015 0.016 0.016 0.02 0.021 0.01 0.116 0.374 0.025 0.05 0.055 0.014 0.024 0.033 0.007 0.022 0.096
12 W 0.03 0.023 0.015 0.015 0.008 0.015 0.023 0.03 0.015 0.03 0.053 0.023 0.015 0.061 0.008 0.023 0.023 0.491 0.068 0.03
13 Q 0.056 0.074 0.044 0.047 0.009 0.213 0.103 0.041 0.029 0.027 0.047 0.091 0.021 0.015 0.024 0.056 0.041 0.006 0.021 0.035
14 C 0.065 0.016 0.016 0.016 0.482 0.012 0.016 0.033 0.008 0.045 0.065 0.02 0.016 0.02 0.016 0.041 0.037 0.004 0.012 0.057
15 S 0.11 0.04 0.054 0.049 0.018 0.033 0.053 0.066 0.019 0.03 0.042 0.054 0.016 0.021 0.03 0.218 0.082 0.005 0.018 0.042
16 R 0.045 0.343 0.039 0.031 0.008 0.049 0.052 0.033 0.023 0.023 0.047 0.121 0.016 0.017 0.019 0.045 0.035 0.006 0.017 0.031
17 S 0.11 0.04 0.054 0.049 0.018 0.033 0.053 0.066 0.019 0.03 0.042 0.054 0.016 0.021 0.03 0.218 0.082 0.005 0.018 0.042
18 R 0.045 0.343 0.039 0.031 0.008 0.049 0.052 0.033 0.023 0.023 0.047 0.121 0.016 0.017 0.019 0.045 0.035 0.006 0.017 0.031
19 S 0.11 0.04 0.054 0.049 0.018 0.033 0.053 0.066 0.019 0.03 0.042 0.054 0.016 0.021 0.03 0.218 0.082 0.005 0.018 0.042
20 A 0.288 0.031 0.026 0.03 0.022 0.026 0.041 0.078 0.015 0.043 0.06 0.045 0.018 0.022 0.03 0.085 0.05 0.005 0.018 0.069
21 S 0.11 0.04 0.054 0.049 0.018 0.033 0.053 0.066 0.019 0.03 0.042 0.054 0.016 0.021 0.03 0.218 0.082 0.005 0.018 0.042
22 S 0.11 0.04 0.054 0.049 0.018 0.033 0.053 0.066 0.019 0.03 0.042 0.054 0.016 0.021 0.03 0.218 0.082 0.005 0.018 0.042
23 A 0.288 0.031 0.026 0.03 0.022 0.026 0.041 0.078 0.015 0.043 0.06 0.045 0.018 0.022 0.03 0.085 0.05 0.005 0.018 0.069
24 A 0.288 0.031 0.026 0.03 0.022 0.026 0.041 0.078 0.015 0.043 0.06 0.045 0.018 0.022 0.03 0.085 0.05 0.005 0.018 0.069
25 R 0.045 0.343 0.039 0.031 0.008 0.049 0.052 0.033 0.023 0.023 0.047 0.121 0.016 0.017 0.019 0.045 0.035 0.006 0.017 0.031
26 G 0.078 0.023 0.039 0.034 0.011 0.019 0.026 0.509 0.014 0.019 0.028 0.034 0.009 0.016 0.019 0.051 0.03 0.005 0.011 0.024
27 L 0.045 0.024 0.014 0.015 0.016 0.016 0.02 0.021 0.01 0.116 0.374 0.025 0.05 0.055 0.014 0.024 0.033 0.007 0.022 0.096
28 R 0.045 0.343 0.039 0.031 0.008 0.049 0.052 0.033 0.023 0.023 0.047 0.121 0.016 0.017 0.019 0.045 0.035 0.006 0.017 0.031
29 Q 0.056 0.074 0.044 0.047 0.009 0.213 0.103 0.041 0.029 0.027 0.047 0.091 0.021 0.015 0.024 0.056 0.041 0.006 0.021 0.035
30 L 0.045 0.024 0.014 0.015 0.016 0.016 0.02 0.021 0.01 0.116 0.374 0.025 0.05 0.055 0.014 0.024 0.033 0.007 0.022 0.096
31 G 0.059 0.025 0.03 0.026 0.01 0.02 0.027 0.268 0.03 0.031 0.048 0.032 0.014 0.073 0.017 0.041 0.029 0.017 0.164 0.035
32 P 0.051 0.185 0.031 0.031 0.009 0.035 0.044 0.035 0.018 0.025 0.041 0.081 0.013 0.015 0.256 0.044 0.036 0.004 0.015 0.031
33 L 0.046 0.021 0.014 0.016 0.016 0.015 0.019 0.021 0.009 0.193 0.272 0.024 0.043 0.049 0.014 0.025 0.037 0.006 0.021 0.136
34 G 0.068 0.024 0.031 0.032 0.011 0.02 0.031 0.273 0.013 0.022 0.032 0.038 0.01 0.015 0.256 0.048 0.033 0.004 0.012 0.028
35 R 0.077 0.193 0.046 0.04 0.013 0.041 0.052 0.05 0.021 0.026 0.044 0.087 0.016 0.019 0.025 0.132 0.058 0.005 0.017 0.036
36 C 0.06 0.033 0.028 0.053 0.246 0.038 0.156 0.034 0.017 0.033 0.051 0.048 0.015 0.018 0.021 0.048 0.037 0.005 0.014 0.044
37 G 0.078 0.023 0.039 0.034 0.011 0.019 0.026 0.51 0.013 0.019 0.028 0.034 0.009 0.016 0.019 0.051 0.03 0.005 0.011 0.024
38 R 0.051 0.226 0.04 0.036 0.008 0.051 0.062 0.038 0.022 0.025 0.045 0.199 0.015 0.016 0.023 0.049 0.037 0.005 0.017 0.032
39 G 0.184 0.027 0.032 0.032 0.016 0.022 0.033 0.294 0.014 0.031 0.044 0.039 0.013 0.019 0.024 0.068 0.04 0.005 0.014 0.047
40 W 0.03 0.023 0.015 0.015 0.008 0.015 0.023 0.03 0.015 0.03 0.053 0.023 0.015 0.061 0.008 0.023 0.023 0.491 0.068 0.03
41 A 0.29 0.031 0.026 0.03 0.022 0.026 0.04 0.078 0.015 0.043 0.059 0.044 0.017 0.022 0.03 0.085 0.05 0.005 0.017 0.069
42 T 0.073 0.035 0.043 0.037 0.018 0.028 0.039 0.043 0.014 0.053 0.065 0.045 0.02 0.024 0.028 0.093 0.247 0.006 0.018 0.071
43 R 0.045 0.345 0.039 0.031 0.008 0.048 0.052 0.033 0.023 0.023 0.046 0.12 0.015 0.017 0.019 0.045 0.035 0.006 0.017 0.031
44 G 0.061 0.184 0.039 0.032 0.009 0.034 0.039 0.272 0.018 0.021 0.037 0.077 0.012 0.017 0.019 0.048 0.032 0.006 0.014 0.028
45 G 0.184 0.027 0.032 0.032 0.016 0.022 0.033 0.294 0.014 0.031 0.044 0.039 0.013 0.019 0.024 0.068 0.04 0.005 0.014 0.047
46 L 0.051 0.066 0.028 0.028 0.012 0.035 0.045 0.032 0.015 0.072 0.209 0.152 0.033 0.035 0.021 0.039 0.037 0.006 0.02 0.064
47 T 0.073 0.035 0.043 0.037 0.018 0.028 0.039 0.043 0.014 0.053 0.065 0.045 0.02 0.024 0.028 0.093 0.247 0.006 0.018 0.071
48 S 0.11 0.04 0.054 0.049 0.018 0.033 0.053 0.066 0.019 0.03 0.042 0.054 0.016 0.021 0.03 0.218 0.082 0.005 0.018 0.042
49 A 0.288 0.031 0.026 0.03 0.022 0.026 0.041 0.078 0.015 0.043 0.06 0.045 0.018 0.022 0.03 0.085 0.05 0.005 0.018 0.069
50 E 0.055 0.05 0.041 0.09 0.007 0.065 0.295 0.035 0.026 0.022 0.037 0.076 0.013 0.017 0.026 0.055 0.037 0.006 0.017 0.031
51 V 0.07 0.022 0.017 0.018 0.019 0.017 0.023 0.025 0.008 0.165 0.131 0.026 0.032 0.036 0.017 0.033 0.05 0.006 0.021 0.267
52 E 0.055 0.05 0.041 0.09 0.007 0.065 0.295 0.035 0.026 0.022 0.037 0.076 0.013 0.017 0.026 0.055 0.037 0.006 0.017 0.031
53 G 0.078 0.023 0.039 0.034 0.011 0.019 0.026 0.509 0.014 0.019 0.028 0.034 0.009 0.016 0.019 0.051 0.03 0.005 0.011 0.024
54 R 0.045 0.343 0.039 0.031 0.008 0.049 0.052 0.033 0.023 0.023 0.047 0.121 0.016 0.017 0.019 0.045 0.035 0.006 0.017 0.031
55 V 0.07 0.022 0.017 0.018 0.019 0.017 0.023 0.025 0.008 0.165 0.131 0.026 0.032 0.036 0.017 0.033 0.05 0.006 0.021 0.267
56 C 0.065 0.016 0.016 0.016 0.482 0.012 0.016 0.033 0.008 0.045 0.065 0.02 0.016 0.02 0.016 0.041 0.037 0.004 0.012 0.057
57 F 0.034 0.019 0.017 0.017 0.011 0.011 0.019 0.025 0.017 0.064 0.114 0.019 0.025 0.385 0.011 0.025 0.025 0.017 0.089 0.055
58 A 0.288 0.031 0.026 0.03 0.022 0.026 0.041 0.078 0.015 0.043 0.06 0.045 0.018 0.022 0.03 0.085 0.05 0.005 0.018 0.069
59 K 0.057 0.107 0.042 0.042 0.009 0.054 0.071 0.043 0.021 0.028 0.043 0.276 0.016 0.016 0.028 0.054 0.04 0.005 0.017 0.033
60 T 0.073 0.036 0.044 0.038 0.018 0.028 0.039 0.044 0.014 0.053 0.065 0.046 0.02 0.024 0.028 0.093 0.245 0.006 0.018 0.071
61 A 0.288 0.031 0.026 0.03 0.022 0.026 0.041 0.078 0.015 0.043 0.06 0.045 0.018 0.022 0.03 0.085 0.05 0.005 0.018 0.069
62 A 0.288 0.031 0.026 0.03 0.022 0.026 0.041 0.078 0.015 0.043 0.06 0.045 0.018 0.022 0.03 0.085 0.05 0.005 0.018 0.069
63 C 0.061 0.062 0.029 0.029 0.246 0.033 0.044 0.038 0.014 0.036 0.054 0.149 0.016 0.018 0.022 0.047 0.038 0.005 0.015 0.045
64 G 0.067 0.027 0.036 0.031 0.012 0.022 0.029 0.274 0.022 0.033 0.047 0.036 0.014 0.046 0.02 0.056 0.085 0.011 0.09 0.041
65 G 0.075 0.058 0.037 0.046 0.013 0.034 0.097 0.15 0.017 0.055 0.058 0.052 0.017 0.022 0.022 0.088 0.048 0.005 0.016 0.089
66 R 0.105 0.182 0.039 0.032 0.011 0.038 0.047 0.081 0.099 0.027 0.046 0.078 0.015 0.021 0.021 0.053 0.036 0.006 0.026 0.037
67 R 0.061 0.135 0.037 0.045 0.012 0.041 0.103 0.038 0.02 0.045 0.12 0.072 0.023 0.026 0.022 0.085 0.045 0.006 0.018 0.048
68 E 0.107 0.055 0.038 0.047 0.012 0.043 0.109 0.046 0.098 0.035 0.07 0.106 0.018 0.023 0.024 0.056 0.037 0.006 0.026 0.043
69 M 0.036 0.022 0.014 0.014 0.011 0.019 0.019 0.019 0.011 0.069 0.14 0.025 0.419 0.033 0.011 0.025 0.028 0.005 0.017 0.064
70 L 0.052 0.032 0.02 0.02 0.016 0.028 0.028 0.028 0.016 0.101 0.197 0.036 0.158 0.048 0.016 0.036 0.04 0.008 0.024 0.093
71 L 0.075 0.016 0.025 0.015 0.01 0.012 0.017 0.031 0.009 0.146 0.194 0.019 0.026 0.111 0.011 0.032 0.048 0.078 0.033 0.092
72 P 0.077 0.02 0.016 0.019 0.01 0.014 0.022 0.032 0.009 0.12 0.068 0.026 0.023 0.038 0.295 0.041 0.06 0.004 0.025 0.081
73 Y 0.045 0.02 0.015 0.013 0.007 0.015 0.02 0.019 0.032 0.031 0.049 0.022 0.013 0.097 0.011 0.023 0.02 0.019 0.495 0.034
74 W 0.029 0.016 0.011 0.011 0.007 0.011 0.016 0.021 0.011 0.053 0.089 0.016 0.014 0.092 0.007 0.022 0.018 0.472 0.049 0.036
75 L 0.064 0.017 0.013 0.014 0.025 0.012 0.017 0.027 0.009 0.138 0.257 0.019 0.031 0.108 0.011 0.038 0.047 0.006 0.04 0.106
76 L 0.044 0.017 0.012 0.013 0.011 0.013 0.016 0.018 0.009 0.144 0.272 0.02 0.115 0.092 0.011 0.026 0.026 0.006 0.038 0.098
77 F 0.025 0.016 0.024 0.013 0.007 0.01 0.015 0.026 0.014 0.039 0.099 0.016 0.017 0.328 0.008 0.019 0.019 0.152 0.118 0.036
78 L 0.094 0.03 0.017 0.017 0.011 0.014 0.02 0.093 0.009 0.079 0.223 0.024 0.056 0.089 0.013 0.069 0.039 0.005 0.019 0.079
79 L 0.057 0.016 0.012 0.019 0.025 0.011 0.016 0.022 0.009 0.157 0.233 0.018 0.024 0.108 0.011 0.024 0.035 0.02 0.044 0.139
80 P 0.084 0.017 0.016 0.019 0.023 0.013 0.022 0.033 0.009 0.101 0.062 0.025 0.018 0.072 0.286 0.045 0.047 0.034 0.023 0.049
81 A 0.263 0.02 0.019 0.02 0.03 0.021 0.025 0.06 0.009 0.077 0.086 0.027 0.02 0.028 0.017 0.089 0.051 0.004 0.014 0.121
82 F 0.034 0.019 0.017 0.017 0.011 0.011 0.019 0.026 0.017 0.064 0.115 0.019 0.026 0.384 0.011 0.026 0.026 0.017 0.089 0.055
83 L 0.045 0.024 0.014 0.015 0.016 0.016 0.02 0.021 0.01 0.116 0.373 0.025 0.05 0.055 0.014 0.024 0.034 0.007 0.022 0.097
84 S 0.11 0.04 0.054 0.049 0.018 0.033 0.053 0.067 0.019 0.03 0.042 0.054 0.016 0.021 0.03 0.216 0.082 0.005 0.018 0.042
85 L 0.068 0.017 0.013 0.014 0.016 0.012 0.016 0.044 0.009 0.129 0.221 0.024 0.036 0.141 0.018 0.032 0.025 0.034 0.037 0.094
86 A 0.198 0.02 0.024 0.025 0.029 0.015 0.022 0.156 0.01 0.055 0.102 0.035 0.041 0.068 0.036 0.046 0.033 0.005 0.016 0.062
87 A 0.229 0.022 0.074 0.024 0.033 0.017 0.026 0.059 0.011 0.06 0.078 0.029 0.017 0.03 0.017 0.11 0.053 0.004 0.013 0.094
88 L 0.051 0.021 0.011 0.013 0.011 0.011 0.02 0.018 0.008 0.162 0.28 0.018 0.032 0.141 0.017 0.02 0.029 0.006 0.024 0.105
89 L 0.098 0.022 0.042 0.022 0.01 0.051 0.031 0.067 0.023 0.084 0.131 0.028 0.022 0.088 0.021 0.08 0.064 0.005 0.019 0.093
90 P 0.067 0.034 0.073 0.054 0.016 0.032 0.062 0.104 0.022 0.034 0.058 0.037 0.023 0.048 0.12 0.087 0.056 0.012 0.026 0.036
91 R 0.081 0.12 0.058 0.045 0.009 0.035 0.053 0.073 0.013 0.035 0.067 0.061 0.017 0.031 0.043 0.11 0.045 0.025 0.016 0.061
92 Y 0.041 0.028 0.022 0.019 0.009 0.022 0.028 0.025 0.047 0.044 0.069 0.031 0.019 0.131 0.016 0.031 0.028 0.028 0.316 0.047
93 R 0.049 0.18 0.051 0.038 0.007 0.043 0.042 0.063 0.023 0.029 0.051 0.115 0.013 0.018 0.079 0.061 0.038 0.026 0.036 0.037
94 R 0.053 0.136 0.057 0.03 0.008 0.029 0.032 0.063 0.019 0.039 0.113 0.097 0.018 0.048 0.069 0.043 0.052 0.012 0.03 0.054
95 D 0.084 0.085 0.053 0.115 0.009 0.047 0.063 0.068 0.022 0.048 0.054 0.059 0.014 0.017 0.071 0.065 0.055 0.004 0.02 0.047
96 R 0.093 0.13 0.045 0.056 0.009 0.04 0.058 0.075 0.014 0.029 0.05 0.08 0.013 0.025 0.089 0.068 0.047 0.004 0.033 0.042
97 A 0.134 0.056 0.051 0.031 0.013 0.025 0.045 0.114 0.014 0.057 0.095 0.057 0.018 0.022 0.064 0.07 0.04 0.005 0.015 0.075
98 S 0.094 0.09 0.042 0.038 0.013 0.048 0.049 0.088 0.046 0.028 0.042 0.06 0.015 0.019 0.062 0.132 0.07 0.005 0.019 0.039
99 V 0.095 0.087 0.028 0.028 0.015 0.043 0.039 0.051 0.014 0.087 0.078 0.052 0.021 0.024 0.062 0.052 0.081 0.005 0.017 0.12
100 A 0.29 0.031 0.026 0.03 0.022 0.026 0.04 0.078 0.015 0.043 0.059 0.044 0.017 0.022 0.03 0.085 0.05 0.005 0.017 0.069
101 L 0.044 0.024 0.014 0.015 0.016 0.016 0.02 0.021 0.01 0.115 0.376 0.025 0.05 0.055 0.014 0.024 0.033 0.007 0.022 0.096
102 A 0.29 0.031 0.026 0.03 0.022 0.026 0.04 0.078 0.015 0.043 0.059 0.044 0.017 0.022 0.03 0.085 0.05 0.005 0.017 0.069
103 S 0.11 0.04 0.054 0.049 0.017 0.033 0.052 0.066 0.019 0.03 0.042 0.054 0.016 0.021 0.03 0.22 0.082 0.005 0.017 0.042
104 P 0.057 0.026 0.023 0.031 0.01 0.021 0.036 0.036 0.013 0.026 0.036 0.041 0.01 0.013 0.494 0.044 0.036 0.003 0.013 0.031
105 A 0.29 0.031 0.026 0.03 0.022 0.026 0.04 0.078 0.015 0.043 0.059 0.044 0.017 0.022 0.03 0.085 0.05 0.005 0.017 0.069
106 P 0.057 0.026 0.023 0.031 0.01 0.021 0.036 0.036 0.013 0.026 0.036 0.041 0.01 0.013 0.494 0.044 0.036 0.003 0.013 0.031
107 S 0.11 0.04 0.054 0.049 0.017 0.033 0.052 0.066 0.019 0.03 0.042 0.054 0.016 0.021 0.03 0.22 0.082 0.005 0.017 0.042
108 D 0.092 0.048 0.054 0.123 0.013 0.025 0.046 0.043 0.015 0.062 0.095 0.042 0.019 0.023 0.079 0.064 0.069 0.005 0.015 0.068
109 G 0.098 0.025 0.051 0.033 0.012 0.021 0.03 0.316 0.014 0.027 0.041 0.036 0.022 0.017 0.106 0.063 0.036 0.005 0.013 0.033
110 G 0.072 0.121 0.044 0.04 0.011 0.08 0.058 0.163 0.021 0.024 0.041 0.074 0.015 0.017 0.023 0.094 0.047 0.006 0.016 0.033
111 P 0.057 0.026 0.023 0.031 0.01 0.021 0.036 0.036 0.013 0.026 0.036 0.041 0.01 0.013 0.494 0.044 0.036 0.003 0.013 0.031
112 P 0.174 0.028 0.024 0.03 0.016 0.023 0.038 0.057 0.014 0.034 0.048 0.043 0.014 0.017 0.262 0.064 0.043 0.004 0.015 0.05
113 G 0.148 0.03 0.036 0.033 0.017 0.024 0.035 0.211 0.014 0.038 0.051 0.041 0.015 0.02 0.025 0.076 0.11 0.006 0.015 0.054
114 A 0.188 0.038 0.036 0.049 0.017 0.037 0.108 0.064 0.019 0.034 0.049 0.054 0.016 0.02 0.029 0.112 0.054 0.005 0.017 0.052
115 P 0.053 0.106 0.027 0.031 0.01 0.027 0.04 0.035 0.015 0.025 0.039 0.061 0.012 0.014 0.377 0.044 0.036 0.003 0.014 0.031
116 A 0.288 0.031 0.026 0.03 0.022 0.026 0.041 0.078 0.015 0.043 0.06 0.045 0.018 0.022 0.03 0.085 0.05 0.005 0.018 0.069
117 D 0.062 0.042 0.045 0.128 0.012 0.075 0.066 0.044 0.019 0.048 0.124 0.054 0.024 0.026 0.022 0.089 0.048 0.005 0.018 0.049
118 L 0.061 0.074 0.034 0.033 0.013 0.076 0.047 0.063 0.017 0.071 0.095 0.055 0.041 0.025 0.047 0.088 0.079 0.005 0.018 0.06
119 R 0.063 0.197 0.047 0.031 0.009 0.045 0.046 0.036 0.065 0.031 0.048 0.094 0.023 0.023 0.069 0.053 0.034 0.016 0.035 0.034
120 A 0.099 0.082 0.04 0.053 0.012 0.056 0.059 0.04 0.028 0.05 0.053 0.065 0.016 0.032 0.063 0.087 0.068 0.005 0.018 0.075
121 V 0.07 0.022 0.017 0.018 0.019 0.017 0.023 0.025 0.008 0.165 0.131 0.026 0.032 0.036 0.017 0.033 0.05 0.006 0.021 0.267
122 A 0.093 0.076 0.06 0.056 0.009 0.044 0.047 0.065 0.019 0.057 0.073 0.056 0.018 0.032 0.062 0.068 0.058 0.004 0.031 0.072
123 S 0.11 0.04 0.054 0.049 0.018 0.033 0.053 0.066 0.019 0.03 0.042 0.054 0.016 0.021 0.03 0.218 0.082 0.005 0.018 0.042
124 A 0.288 0.031 0.026 0.03 0.022 0.026 0.041 0.078 0.015 0.043 0.06 0.045 0.018 0.022 0.03 0.085 0.05 0.005 0.018 0.069
125 R 0.063 0.123 0.04 0.024 0.009 0.058 0.052 0.07 0.032 0.07 0.113 0.052 0.025 0.034 0.018 0.077 0.029 0.005 0.044 0.058
126 S 0.068 0.078 0.067 0.033 0.009 0.047 0.037 0.072 0.029 0.041 0.087 0.055 0.014 0.038 0.063 0.114 0.051 0.034 0.022 0.044
127 R 0.046 0.182 0.027 0.024 0.012 0.031 0.035 0.027 0.016 0.148 0.107 0.072 0.026 0.031 0.017 0.035 0.037 0.006 0.019 0.104
128 K 0.063 0.092 0.088 0.051 0.008 0.03 0.044 0.068 0.019 0.03 0.078 0.127 0.017 0.033 0.048 0.066 0.053 0.012 0.033 0.04
129 I 0.089 0.026 0.015 0.022 0.01 0.018 0.02 0.048 0.01 0.139 0.114 0.025 0.025 0.111 0.063 0.045 0.033 0.029 0.044 0.114
130 G 0.079 0.023 0.039 0.034 0.011 0.019 0.026 0.508 0.014 0.019 0.028 0.034 0.009 0.016 0.019 0.051 0.03 0.005 0.011 0.024
131 L 0.11 0.018 0.022 0.017 0.018 0.014 0.02 0.079 0.016 0.091 0.151 0.023 0.035 0.093 0.048 0.062 0.043 0.009 0.033 0.099
132 W 0.044 0.017 0.012 0.012 0.008 0.012 0.016 0.027 0.012 0.045 0.145 0.023 0.03 0.14 0.015 0.02 0.03 0.272 0.079 0.042
133 L 0.072 0.023 0.016 0.019 0.01 0.013 0.019 0.088 0.01 0.125 0.15 0.035 0.031 0.102 0.012 0.043 0.036 0.042 0.056 0.1
134 L 0.09 0.017 0.014 0.014 0.018 0.012 0.017 0.046 0.008 0.12 0.228 0.02 0.031 0.106 0.03 0.042 0.033 0.023 0.021 0.108
135 F 0.117 0.017 0.015 0.015 0.011 0.012 0.018 0.053 0.01 0.087 0.138 0.02 0.03 0.174 0.012 0.032 0.065 0.014 0.043 0.118
136 G 0.104 0.017 0.023 0.017 0.031 0.013 0.018 0.166 0.009 0.08 0.102 0.021 0.018 0.102 0.012 0.055 0.028 0.067 0.022 0.096
137 L 0.094 0.016 0.013 0.014 0.028 0.011 0.016 0.042 0.008 0.125 0.225 0.019 0.027 0.127 0.011 0.027 0.044 0.006 0.022 0.123
138 L 0.089 0.016 0.013 0.013 0.011 0.011 0.016 0.042 0.015 0.096 0.209 0.018 0.022 0.202 0.011 0.03 0.03 0.007 0.029 0.12
139 L 0.048 0.017 0.013 0.013 0.01 0.012 0.016 0.025 0.01 0.107 0.307 0.019 0.038 0.12 0.011 0.023 0.063 0.007 0.061 0.08
140 T 0.135 0.02 0.027 0.021 0.022 0.016 0.023 0.031 0.01 0.086 0.059 0.026 0.016 0.08 0.016 0.084 0.181 0.005 0.024 0.119
141 L 0.037 0.016 0.011 0.011 0.011 0.011 0.014 0.016 0.007 0.144 0.377 0.017 0.033 0.083 0.01 0.023 0.025 0.005 0.019 0.13
142 F 0.051 0.016 0.012 0.013 0.01 0.012 0.016 0.018 0.01 0.123 0.161 0.018 0.117 0.206 0.01 0.021 0.025 0.007 0.037 0.116
143 I 0.039 0.014 0.012 0.013 0.012 0.011 0.014 0.016 0.006 0.394 0.109 0.018 0.044 0.029 0.011 0.025 0.046 0.004 0.014 0.171
144 G 0.054 0.016 0.027 0.023 0.007 0.013 0.018 0.663 0.009 0.013 0.019 0.023 0.006 0.011 0.013 0.035 0.02 0.004 0.007 0.017
145 L 0.034 0.016 0.011 0.011 0.01 0.01 0.014 0.023 0.01 0.069 0.364 0.017 0.031 0.206 0.009 0.018 0.026 0.008 0.052 0.06
146 R 0.031 0.55 0.027 0.021 0.005 0.033 0.036 0.023 0.016 0.016 0.032 0.083 0.011 0.012 0.013 0.031 0.024 0.004 0.012 0.021
147 Y 0.027 0.02 0.024 0.022 0.007 0.02 0.031 0.019 0.114 0.037 0.056 0.021 0.014 0.236 0.01 0.022 0.019 0.02 0.244 0.037
148 E 0.037 0.081 0.045 0.056 0.005 0.15 0.303 0.026 0.03 0.016 0.028 0.075 0.01 0.012 0.017 0.037 0.026 0.011 0.013 0.022
149 V 0.046 0.015 0.017 0.013 0.013 0.011 0.016 0.017 0.006 0.164 0.093 0.018 0.024 0.025 0.011 0.022 0.033 0.004 0.014 0.439
150 G 0.054 0.016 0.027 0.023 0.007 0.013 0.018 0.663 0.009 0.013 0.019 0.023 0.006 0.011 0.013 0.035 0.02 0.004 0.007 0.017
151 G 0.127 0.017 0.024 0.022 0.016 0.014 0.02 0.505 0.009 0.021 0.027 0.024 0.008 0.012 0.021 0.044 0.029 0.004 0.009 0.046
152 D 0.028 0.021 0.047 0.586 0.005 0.021 0.063 0.032 0.013 0.015 0.019 0.031 0.006 0.01 0.015 0.036 0.024 0.003 0.008 0.017
153 W 0.021 0.027 0.011 0.011 0.005 0.011 0.016 0.021 0.011 0.021 0.036 0.017 0.01 0.042 0.005 0.016 0.016 0.63 0.051 0.021
154 F 0.04 0.022 0.052 0.097 0.007 0.02 0.038 0.136 0.026 0.045 0.065 0.029 0.013 0.164 0.026 0.041 0.038 0.021 0.078 0.042
155 N 0.122 0.038 0.225 0.051 0.009 0.022 0.043 0.056 0.015 0.021 0.029 0.036 0.01 0.013 0.059 0.128 0.077 0.003 0.011 0.031
156 Y 0.028 0.019 0.015 0.013 0.006 0.015 0.019 0.017 0.032 0.03 0.047 0.021 0.013 0.09 0.011 0.021 0.019 0.019 0.531 0.032
157 L 0.043 0.026 0.02 0.024 0.01 0.043 0.057 0.018 0.01 0.116 0.349 0.024 0.032 0.059 0.011 0.027 0.03 0.005 0.022 0.073
158 R 0.076 0.13 0.059 0.094 0.007 0.032 0.07 0.101 0.034 0.055 0.049 0.061 0.012 0.039 0.021 0.04 0.026 0.005 0.048 0.041
159 H 0.033 0.029 0.042 0.019 0.008 0.032 0.024 0.028 0.143 0.136 0.106 0.036 0.066 0.065 0.012 0.025 0.025 0.014 0.1 0.058
160 Y 0.028 0.017 0.013 0.012 0.008 0.017 0.017 0.017 0.026 0.058 0.138 0.019 0.022 0.202 0.01 0.02 0.021 0.02 0.266 0.068
161 D 0.035 0.046 0.072 0.191 0.006 0.043 0.183 0.035 0.031 0.031 0.04 0.057 0.01 0.034 0.022 0.053 0.027 0.005 0.045 0.035
162 R 0.072 0.096 0.041 0.083 0.008 0.052 0.062 0.044 0.024 0.045 0.094 0.052 0.048 0.031 0.014 0.068 0.048 0.012 0.062 0.043
163 A 0.148 0.031 0.019 0.017 0.019 0.017 0.021 0.031 0.01 0.145 0.1 0.024 0.036 0.063 0.014 0.049 0.068 0.005 0.045 0.139
164 A 0.122 0.075 0.031 0.05 0.01 0.063 0.045 0.089 0.015 0.046 0.068 0.085 0.015 0.022 0.016 0.11 0.05 0.004 0.03 0.055
165 N 0.043 0.045 0.315 0.083 0.009 0.034 0.05 0.065 0.032 0.023 0.032 0.054 0.011 0.018 0.02 0.07 0.05 0.005 0.016 0.027
166 G 0.056 0.049 0.063 0.07 0.008 0.034 0.044 0.161 0.032 0.027 0.063 0.036 0.014 0.073 0.013 0.062 0.042 0.021 0.09 0.04
167 L 0.08 0.044 0.02 0.034 0.01 0.054 0.069 0.032 0.012 0.071 0.19 0.043 0.049 0.032 0.014 0.059 0.06 0.012 0.037 0.079
168 D 0.042 0.037 0.193 0.24 0.008 0.032 0.07 0.056 0.025 0.022 0.03 0.049 0.01 0.016 0.021 0.061 0.042 0.004 0.013 0.026
169 S 0.052 0.04 0.073 0.104 0.009 0.026 0.041 0.077 0.013 0.02 0.028 0.045 0.01 0.02 0.108 0.198 0.09 0.003 0.017 0.027
170 L 0.029 0.016 0.012 0.012 0.009 0.01 0.015 0.017 0.01 0.069 0.294 0.022 0.029 0.238 0.009 0.027 0.022 0.043 0.056 0.061
171 S 0.11 0.04 0.054 0.049 0.017 0.033 0.052 0.066 0.019 0.03 0.042 0.054 0.016 0.021 0.03 0.22 0.082 0.005 0.017 0.042
172 I 0.047 0.018 0.015 0.018 0.016 0.013 0.018 0.021 0.009 0.271 0.168 0.024 0.037 0.044 0.015 0.025 0.04 0.006 0.021 0.177
173 D 0.041 0.03 0.069 0.397 0.007 0.03 0.091 0.047 0.019 0.022 0.028 0.045 0.009 0.015 0.022 0.052 0.035 0.004 0.011 0.024
174 Y 0.04 0.028 0.022 0.019 0.009 0.022 0.028 0.025 0.047 0.044 0.068 0.031 0.019 0.131 0.016 0.031 0.028 0.028 0.318 0.047
175 L 0.044 0.024 0.014 0.015 0.016 0.016 0.02 0.021 0.01 0.115 0.376 0.025 0.05 0.055 0.014 0.024 0.033 0.007 0.022 0.096
176 L 0.088 0.042 0.024 0.06 0.009 0.049 0.054 0.073 0.019 0.048 0.089 0.075 0.023 0.054 0.039 0.079 0.049 0.039 0.04 0.047
177 G 0.078 0.023 0.039 0.034 0.011 0.019 0.026 0.511 0.013 0.019 0.028 0.034 0.009 0.016 0.019 0.051 0.03 0.005 0.011 0.024
178 E 0.058 0.037 0.039 0.169 0.006 0.077 0.219 0.033 0.022 0.029 0.032 0.058 0.01 0.016 0.03 0.065 0.03 0.011 0.034 0.025
179 A 0.24 0.02 0.018 0.02 0.013 0.016 0.034 0.036 0.009 0.093 0.093 0.027 0.021 0.027 0.016 0.09 0.054 0.004 0.019 0.15
180 L 0.045 0.024 0.014 0.015 0.016 0.016 0.02 0.021 0.01 0.116 0.373 0.025 0.05 0.055 0.014 0.024 0.034 0.007 0.022 0.097
181 E 0.055 0.05 0.041 0.091 0.007 0.065 0.294 0.035 0.026 0.022 0.037 0.076 0.013 0.017 0.026 0.055 0.037 0.006 0.017 0.031
182 L 0.049 0.016 0.012 0.013 0.011 0.011 0.015 0.02 0.007 0.157 0.314 0.019 0.035 0.079 0.025 0.035 0.033 0.005 0.019 0.126
183 T 0.058 0.047 0.032 0.045 0.01 0.023 0.056 0.076 0.017 0.048 0.123 0.056 0.032 0.063 0.015 0.089 0.125 0.012 0.022 0.052
184 G 0.065 0.023 0.026 0.026 0.013 0.018 0.026 0.222 0.012 0.068 0.12 0.032 0.022 0.027 0.113 0.04 0.035 0.005 0.015 0.09
185 Q 0.056 0.074 0.044 0.047 0.009 0.213 0.103 0.041 0.029 0.027 0.047 0.091 0.021 0.015 0.024 0.056 0.041 0.006 0.021 0.035
186 S 0.11 0.04 0.054 0.049 0.018 0.033 0.053 0.066 0.019 0.03 0.042 0.054 0.016 0.021 0.03 0.218 0.082 0.005 0.018 0.042
187 W 0.043 0.058 0.126 0.046 0.008 0.034 0.047 0.046 0.022 0.027 0.042 0.119 0.014 0.031 0.018 0.048 0.037 0.168 0.034 0.03
188 G 0.053 0.07 0.022 0.022 0.009 0.053 0.044 0.119 0.017 0.066 0.099 0.045 0.045 0.077 0.014 0.075 0.056 0.006 0.057 0.053
189 G 0.063 0.043 0.04 0.05 0.009 0.03 0.047 0.194 0.012 0.029 0.034 0.063 0.015 0.027 0.033 0.115 0.136 0.004 0.023 0.034
190 D 0.035 0.022 0.045 0.517 0.005 0.023 0.117 0.031 0.013 0.016 0.02 0.033 0.007 0.01 0.016 0.036 0.025 0.003 0.008 0.018
191 P 0.039 0.018 0.016 0.02 0.008 0.019 0.024 0.024 0.009 0.04 0.05 0.028 0.014 0.019 0.531 0.04 0.031 0.003 0.022 0.043
192 G 0.164 0.018 0.03 0.023 0.009 0.014 0.02 0.475 0.01 0.02 0.038 0.025 0.013 0.013 0.015 0.047 0.025 0.004 0.009 0.028
193 Y 0.028 0.019 0.016 0.013 0.006 0.015 0.02 0.017 0.047 0.03 0.047 0.022 0.013 0.1 0.011 0.022 0.019 0.019 0.505 0.032
194 G 0.103 0.042 0.039 0.023 0.012 0.07 0.04 0.17 0.021 0.04 0.044 0.04 0.036 0.039 0.014 0.072 0.031 0.013 0.092 0.057
195 L 0.085 0.017 0.013 0.013 0.011 0.012 0.016 0.035 0.008 0.09 0.322 0.019 0.031 0.117 0.011 0.035 0.04 0.013 0.022 0.089
196 L 0.033 0.016 0.011 0.011 0.011 0.011 0.014 0.015 0.007 0.165 0.393 0.017 0.03 0.061 0.01 0.018 0.035 0.005 0.017 0.12
197 N 0.037 0.036 0.466 0.053 0.009 0.023 0.039 0.043 0.032 0.018 0.024 0.037 0.008 0.013 0.014 0.058 0.044 0.003 0.012 0.03
198 W 0.034 0.019 0.012 0.012 0.006 0.012 0.022 0.028 0.013 0.041 0.06 0.028 0.014 0.075 0.007 0.019 0.018 0.447 0.104 0.029
199 L 0.067 0.016 0.012 0.013 0.015 0.011 0.015 0.026 0.007 0.191 0.283 0.019 0.048 0.063 0.011 0.026 0.029 0.017 0.018 0.114
200 S 0.16 0.022 0.026 0.024 0.019 0.018 0.027 0.114 0.011 0.048 0.046 0.03 0.026 0.026 0.017 0.219 0.042 0.004 0.013 0.108
201 G 0.079 0.023 0.039 0.034 0.011 0.019 0.026 0.508 0.014 0.019 0.028 0.034 0.009 0.016 0.019 0.052 0.03 0.005 0.011 0.024
202 R 0.045 0.342 0.039 0.031 0.008 0.049 0.053 0.033 0.023 0.023 0.047 0.121 0.016 0.017 0.019 0.045 0.035 0.006 0.017 0.031
203 L 0.045 0.024 0.014 0.015 0.016 0.016 0.02 0.021 0.01 0.116 0.373 0.025 0.05 0.055 0.014 0.024 0.034 0.007 0.022 0.097
204 D 0.041 0.03 0.069 0.395 0.008 0.03 0.092 0.047 0.019 0.022 0.028 0.045 0.009 0.015 0.022 0.052 0.036 0.004 0.011 0.024
205 H 0.042 0.046 0.054 0.038 0.008 0.038 0.054 0.038 0.352 0.023 0.038 0.046 0.015 0.031 0.019 0.042 0.027 0.008 0.058 0.023
206 Y 0.041 0.028 0.022 0.019 0.009 0.022 0.028 0.025 0.047 0.044 0.069 0.031 0.019 0.131 0.016 0.031 0.028 0.028 0.315 0.047
207 W 0.03 0.023 0.015 0.015 0.008 0.015 0.023 0.03 0.015 0.03 0.053 0.023 0.015 0.061 0.008 0.023 0.023 0.49 0.068 0.03
208 N 0.043 0.045 0.314 0.083 0.009 0.034 0.05 0.065 0.032 0.023 0.032 0.054 0.011 0.018 0.02 0.07 0.05 0.005 0.016 0.027
209 D 0.041 0.03 0.069 0.395 0.008 0.03 0.092 0.047 0.019 0.022 0.028 0.045 0.009 0.015 0.022 0.052 0.036 0.004 0.011 0.024
210 G 0.079 0.023 0.039 0.034 0.011 0.019 0.026 0.508 0.014 0.019 0.028 0.034 0.009 0.016 0.019 0.052 0.03 0.005 0.011 0.024
211 R 0.045 0.342 0.039 0.031 0.008 0.049 0.053 0.033 0.023 0.023 0.047 0.121 0.016 0.017 0.019 0.045 0.035 0.006 0.017 0.031
212 S 0.11 0.04 0.054 0.049 0.018 0.033 0.053 0.067 0.019 0.03 0.042 0.054 0.016 0.021 0.03 0.216 0.082 0.005 0.018 0.042
213 L 0.045 0.024 0.014 0.015 0.016 0.016 0.02 0.021 0.01 0.116 0.373 0.025 0.05 0.055 0.014 0.024 0.034 0.007 0.022 0.097
214 S 0.11 0.04 0.054 0.049 0.018 0.033 0.053 0.067 0.019 0.03 0.042 0.054 0.016 0.021 0.03 0.216 0.082 0.005 0.018 0.042
215 I 0.047 0.018 0.015 0.018 0.016 0.013 0.018 0.021 0.009 0.268 0.169 0.024 0.037 0.044 0.015 0.025 0.04 0.006 0.021 0.177
216 I 0.047 0.018 0.015 0.018 0.016 0.013 0.018 0.021 0.009 0.268 0.169 0.024 0.037 0.044 0.015 0.025 0.04 0.006 0.021 0.177
217 G 0.079 0.023 0.039 0.034 0.011 0.019 0.026 0.508 0.014 0.019 0.028 0.034 0.009 0.016 0.019 0.052 0.03 0.005 0.011 0.024
218 Y 0.041 0.028 0.022 0.019 0.009 0.022 0.028 0.025 0.047 0.044 0.069 0.031 0.019 0.131 0.016 0.031 0.028 0.028 0.315 0.047
219 D 0.041 0.03 0.069 0.395 0.008 0.03 0.092 0.047 0.019 0.022 0.028 0.045 0.009 0.015 0.022 0.052 0.036 0.004 0.011 0.024
220 G 0.079 0.023 0.039 0.034 0.011 0.019 0.026 0.508 0.014 0.019 0.028 0.034 0.009 0.016 0.019 0.052 0.03 0.005 0.011 0.024
221 Y 0.041 0.028 0.022 0.019 0.009 0.022 0.028 0.025 0.047 0.044 0.069 0.031 0.019 0.131 0.016 0.031 0.028 0.028 0.315 0.047
222 A 0.287 0.031 0.026 0.03 0.022 0.026 0.041 0.079 0.015 0.043 0.06 0.045 0.018 0.022 0.03 0.085 0.05 0.005 0.018 0.069
223 A 0.171 0.032 0.071 0.037 0.01 0.053 0.037 0.085 0.041 0.047 0.067 0.031 0.013 0.047 0.015 0.067 0.039 0.017 0.056 0.063
224 Q 0.057 0.123 0.058 0.041 0.007 0.138 0.066 0.05 0.042 0.024 0.063 0.109 0.013 0.04 0.015 0.05 0.039 0.005 0.029 0.032
225 L 0.071 0.017 0.029 0.014 0.011 0.012 0.017 0.021 0.009 0.081 0.336 0.02 0.039 0.107 0.011 0.03 0.039 0.032 0.033 0.072
226 F 0.034 0.019 0.017 0.017 0.011 0.011 0.019 0.025 0.017 0.064 0.114 0.019 0.025 0.385 0.011 0.025 0.025 0.017 0.089 0.055
227 G 0.045 0.02 0.087 0.139 0.007 0.021 0.035 0.428 0.012 0.015 0.021 0.032 0.007 0.023 0.014 0.041 0.023 0.004 0.009 0.018
228 G 0.052 0.026 0.027 0.016 0.008 0.022 0.018 0.16 0.011 0.056 0.139 0.021 0.023 0.137 0.01 0.03 0.027 0.108 0.055 0.053
229 K 0.074 0.071 0.041 0.095 0.009 0.054 0.096 0.141 0.019 0.024 0.037 0.151 0.013 0.015 0.023 0.052 0.035 0.005 0.014 0.03
230 A 0.29 0.031 0.026 0.03 0.022 0.026 0.04 0.078 0.015 0.043 0.059 0.044 0.017 0.022 0.03 0.085 0.05 0.005 0.017 0.069
231 E 0.055 0.05 0.04 0.09 0.007 0.064 0.297 0.035 0.026 0.022 0.037 0.075 0.013 0.017 0.026 0.055 0.037 0.005 0.017 0.031
232 G 0.046 0.022 0.048 0.168 0.007 0.028 0.062 0.322 0.018 0.016 0.023 0.035 0.008 0.013 0.015 0.079 0.048 0.007 0.015 0.02
233 I 0.036 0.015 0.012 0.013 0.011 0.016 0.015 0.016 0.007 0.361 0.124 0.024 0.057 0.029 0.014 0.022 0.053 0.004 0.014 0.156
234 Y 0.035 0.024 0.016 0.015 0.007 0.014 0.024 0.048 0.051 0.071 0.077 0.021 0.015 0.096 0.01 0.03 0.032 0.158 0.199 0.058
235 F 0.054 0.016 0.017 0.016 0.009 0.012 0.022 0.149 0.016 0.047 0.127 0.019 0.021 0.242 0.011 0.04 0.044 0.045 0.033 0.06
236 V 0.058 0.016 0.012 0.013 0.013 0.012 0.017 0.018 0.006 0.114 0.087 0.019 0.025 0.024 0.019 0.025 0.056 0.004 0.014 0.448
237 N 0.03 0.031 0.523 0.063 0.006 0.023 0.034 0.045 0.022 0.015 0.022 0.037 0.008 0.012 0.014 0.05 0.034 0.003 0.011 0.019
238 L 0.061 0.017 0.014 0.014 0.011 0.012 0.017 0.021 0.008 0.082 0.329 0.02 0.03 0.117 0.012 0.048 0.07 0.006 0.022 0.088
239 V 0.066 0.015 0.012 0.013 0.045 0.011 0.016 0.035 0.007 0.193 0.117 0.018 0.03 0.065 0.013 0.033 0.03 0.004 0.017 0.259
240 C 0.057 0.013 0.014 0.014 0.523 0.01 0.014 0.05 0.007 0.031 0.043 0.017 0.011 0.016 0.012 0.063 0.028 0.003 0.024 0.047
241 G 0.293 0.02 0.023 0.023 0.012 0.016 0.025 0.294 0.01 0.022 0.031 0.028 0.01 0.013 0.017 0.085 0.031 0.004 0.01 0.034
242 L 0.154 0.018 0.015 0.016 0.012 0.013 0.019 0.041 0.008 0.138 0.189 0.022 0.033 0.061 0.014 0.044 0.061 0.005 0.017 0.12
243 I 0.034 0.014 0.011 0.012 0.025 0.01 0.013 0.015 0.007 0.307 0.223 0.017 0.026 0.061 0.01 0.023 0.027 0.005 0.017 0.145
244 F 0.028 0.014 0.012 0.012 0.009 0.009 0.014 0.024 0.011 0.07 0.126 0.015 0.034 0.407 0.008 0.019 0.026 0.01 0.058 0.095
245 S 0.098 0.021 0.02 0.019 0.043 0.017 0.023 0.032 0.01 0.089 0.084 0.026 0.114 0.054 0.015 0.119 0.088 0.005 0.027 0.097
246 W 0.09 0.017 0.015 0.015 0.017 0.013 0.019 0.036 0.016 0.113 0.121 0.021 0.018 0.085 0.011 0.053 0.056 0.134 0.059 0.091
247 G 0.065 0.016 0.031 0.023 0.043 0.013 0.019 0.533 0.01 0.017 0.025 0.023 0.008 0.042 0.013 0.058 0.025 0.004 0.011 0.021
248 L 0.034 0.016 0.011 0.011 0.011 0.011 0.014 0.016 0.007 0.115 0.434 0.017 0.03 0.071 0.01 0.019 0.037 0.005 0.018 0.111
249 V 0.1 0.017 0.014 0.014 0.018 0.017 0.018 0.032 0.011 0.16 0.136 0.021 0.025 0.075 0.012 0.04 0.038 0.006 0.077 0.168
250 R 0.099 0.154 0.038 0.022 0.016 0.039 0.038 0.028 0.013 0.062 0.084 0.097 0.025 0.045 0.015 0.05 0.046 0.005 0.037 0.088
251 F 0.027 0.014 0.012 0.012 0.008 0.009 0.014 0.018 0.011 0.053 0.141 0.015 0.019 0.464 0.008 0.033 0.025 0.01 0.059 0.047
252 C 0.178 0.018 0.025 0.02 0.263 0.015 0.022 0.036 0.009 0.037 0.051 0.025 0.012 0.027 0.016 0.141 0.035 0.004 0.012 0.055
253 R 0.04 0.319 0.047 0.024 0.007 0.04 0.04 0.026 0.021 0.035 0.069 0.115 0.017 0.028 0.014 0.061 0.027 0.018 0.014 0.038
254 R 0.097 0.174 0.056 0.039 0.009 0.049 0.042 0.033 0.034 0.024 0.046 0.112 0.016 0.014 0.017 0.096 0.09 0.004 0.013 0.035
255 Q 0.035 0.036 0.022 0.024 0.008 0.259 0.057 0.023 0.015 0.047 0.168 0.048 0.03 0.077 0.013 0.031 0.036 0.012 0.02 0.039
256 P 0.039 0.032 0.03 0.031 0.007 0.026 0.046 0.026 0.011 0.018 0.026 0.089 0.008 0.011 0.486 0.032 0.035 0.003 0.021 0.022
257 R 0.058 0.153 0.142 0.035 0.007 0.043 0.036 0.036 0.03 0.036 0.099 0.063 0.018 0.062 0.013 0.04 0.027 0.013 0.053 0.036
258 P 0.044 0.029 0.016 0.02 0.007 0.014 0.024 0.024 0.011 0.033 0.038 0.028 0.009 0.034 0.52 0.038 0.025 0.003 0.045 0.036
259 W 0.049 0.017 0.011 0.011 0.006 0.011 0.017 0.022 0.011 0.025 0.056 0.022 0.012 0.058 0.007 0.02 0.017 0.544 0.054 0.03
260 L 0.037 0.016 0.01 0.011 0.011 0.011 0.014 0.016 0.007 0.096 0.481 0.018 0.04 0.047 0.017 0.018 0.024 0.005 0.016 0.104
261 A 0.301 0.02 0.02 0.021 0.027 0.016 0.025 0.104 0.01 0.044 0.054 0.028 0.013 0.016 0.066 0.091 0.05 0.004 0.012 0.078
262 L 0.048 0.017 0.017 0.012 0.011 0.012 0.015 0.017 0.008 0.129 0.365 0.018 0.061 0.082 0.01 0.025 0.025 0.005 0.025 0.098
263 L 0.129 0.018 0.015 0.015 0.021 0.013 0.019 0.032 0.008 0.077 0.265 0.022 0.029 0.051 0.013 0.045 0.072 0.005 0.016 0.134
264 V 0.063 0.015 0.012 0.013 0.019 0.011 0.016 0.018 0.012 0.196 0.101 0.018 0.026 0.026 0.011 0.028 0.032 0.004 0.014 0.364
265 A 0.411 0.021 0.019 0.021 0.031 0.017 0.027 0.056 0.011 0.031 0.063 0.03 0.013 0.019 0.019 0.095 0.035 0.004 0.032 0.045
266 V 0.04 0.015 0.012 0.013 0.011 0.011 0.016 0.017 0.009 0.175 0.094 0.018 0.03 0.095 0.011 0.026 0.039 0.006 0.07 0.291
267 P 0.041 0.019 0.018 0.022 0.008 0.017 0.026 0.026 0.009 0.019 0.026 0.029 0.008 0.01 0.587 0.051 0.051 0.002 0.009 0.023
268 Y 0.029 0.019 0.015 0.013 0.014 0.015 0.019 0.017 0.031 0.036 0.049 0.021 0.013 0.098 0.011 0.026 0.02 0.018 0.498 0.038
269 L 0.031 0.018 0.012 0.012 0.011 0.013 0.016 0.017 0.029 0.07 0.44 0.019 0.06 0.074 0.01 0.021 0.048 0.006 0.033 0.06
270 V 0.05 0.015 0.012 0.013 0.012 0.011 0.015 0.017 0.007 0.251 0.154 0.018 0.024 0.029 0.011 0.022 0.049 0.004 0.02 0.266
271 I 0.038 0.015 0.014 0.014 0.012 0.011 0.015 0.017 0.007 0.32 0.149 0.019 0.024 0.034 0.012 0.032 0.093 0.004 0.014 0.156
272 V 0.086 0.016 0.012 0.013 0.013 0.012 0.017 0.027 0.006 0.108 0.085 0.019 0.021 0.024 0.012 0.026 0.039 0.004 0.014 0.446
273 V 0.052 0.015 0.011 0.012 0.013 0.012 0.016 0.017 0.006 0.119 0.106 0.018 0.031 0.025 0.011 0.023 0.033 0.004 0.014 0.461
274 A 0.263 0.022 0.026 0.025 0.012 0.018 0.027 0.204 0.011 0.023 0.033 0.031 0.015 0.014 0.018 0.167 0.042 0.004 0.011 0.035
275 M 0.036 0.022 0.014 0.014 0.011 0.019 0.019 0.019 0.011 0.069 0.144 0.025 0.41 0.033 0.011 0.025 0.032 0.005 0.016 0.063
276 G 0.052 0.017 0.054 0.025 0.007 0.014 0.018 0.63 0.01 0.013 0.02 0.024 0.007 0.011 0.013 0.036 0.021 0.004 0.008 0.017
277 Y 0.028 0.019 0.015 0.013 0.006 0.015 0.019 0.017 0.032 0.03 0.048 0.021 0.013 0.101 0.011 0.021 0.019 0.019 0.521 0.032
278 T 0.06 0.025 0.036 0.027 0.012 0.02 0.029 0.033 0.01 0.04 0.043 0.032 0.013 0.016 0.019 0.148 0.367 0.004 0.012 0.055
279 R 0.031 0.549 0.027 0.021 0.005 0.033 0.036 0.023 0.016 0.016 0.032 0.083 0.011 0.012 0.013 0.031 0.024 0.004 0.012 0.021
280 Q 0.038 0.051 0.03 0.032 0.006 0.46 0.071 0.028 0.02 0.018 0.032 0.063 0.014 0.01 0.016 0.038 0.028 0.004 0.014 0.024
281 A 0.25 0.022 0.026 0.025 0.012 0.018 0.028 0.223 0.011 0.022 0.031 0.031 0.01 0.014 0.018 0.175 0.037 0.004 0.011 0.033
282 V 0.137 0.017 0.014 0.015 0.013 0.013 0.019 0.032 0.007 0.122 0.084 0.022 0.028 0.023 0.014 0.041 0.056 0.004 0.014 0.325
283 A 0.493 0.022 0.018 0.021 0.015 0.018 0.028 0.053 0.01 0.029 0.04 0.031 0.012 0.015 0.02 0.076 0.035 0.004 0.012 0.046
284 I 0.038 0.014 0.01 0.012 0.011 0.01 0.013 0.015 0.007 0.312 0.254 0.017 0.036 0.044 0.01 0.019 0.031 0.004 0.016 0.125
285 G 0.101 0.017 0.027 0.024 0.009 0.014 0.02 0.55 0.01 0.015 0.022 0.025 0.007 0.012 0.014 0.075 0.025 0.004 0.008 0.021
286 L 0.032 0.015 0.011 0.011 0.024 0.01 0.013 0.016 0.008 0.131 0.305 0.016 0.033 0.218 0.009 0.018 0.022 0.007 0.03 0.072
287 V 0.137 0.019 0.017 0.02 0.012 0.016 0.053 0.035 0.009 0.13 0.133 0.025 0.029 0.047 0.014 0.092 0.038 0.011 0.016 0.146
288 L 0.035 0.019 0.013 0.013 0.052 0.015 0.017 0.018 0.009 0.069 0.286 0.021 0.231 0.051 0.011 0.027 0.031 0.005 0.017 0.061
289 L 0.072 0.017 0.012 0.012 0.01 0.017 0.016 0.027 0.009 0.109 0.282 0.019 0.048 0.082 0.01 0.022 0.024 0.083 0.039 0.089
290 G 0.275 0.019 0.022 0.022 0.011 0.015 0.023 0.327 0.01 0.022 0.032 0.027 0.01 0.025 0.017 0.06 0.033 0.004 0.011 0.033
291 L 0.03 0.016 0.01 0.011 0.01 0.011 0.014 0.015 0.008 0.123 0.398 0.017 0.051 0.112 0.01 0.018 0.023 0.006 0.038 0.077
292 V 0.132 0.026 0.04 0.019 0.04 0.016 0.022 0.036 0.016 0.086 0.11 0.037 0.02 0.023 0.015 0.072 0.071 0.004 0.03 0.186
293 A 0.219 0.046 0.029 0.065 0.032 0.028 0.031 0.063 0.019 0.032 0.046 0.042 0.021 0.04 0.017 0.116 0.04 0.019 0.054 0.039
294 L 0.058 0.016 0.011 0.012 0.011 0.011 0.015 0.024 0.007 0.096 0.446 0.018 0.03 0.064 0.01 0.02 0.028 0.019 0.018 0.084
295 G 0.068 0.055 0.036 0.048 0.013 0.026 0.054 0.125 0.017 0.078 0.123 0.036 0.02 0.056 0.021 0.093 0.056 0.004 0.015 0.057
296 R 0.04 0.167 0.092 0.121 0.006 0.058 0.117 0.057 0.027 0.017 0.027 0.114 0.009 0.012 0.023 0.046 0.032 0.004 0.012 0.021
297 D 0.045 0.053 0.125 0.232 0.008 0.037 0.075 0.05 0.022 0.024 0.032 0.106 0.011 0.016 0.023 0.057 0.04 0.004 0.014 0.027
298 G 0.046 0.141 0.099 0.052 0.007 0.069 0.037 0.175 0.03 0.018 0.039 0.122 0.01 0.014 0.017 0.047 0.026 0.004 0.023 0.022
299 G 0.115 0.103 0.057 0.049 0.012 0.028 0.039 0.21 0.017 0.026 0.039 0.056 0.012 0.017 0.076 0.056 0.036 0.005 0.014 0.035
300 P 0.056 0.026 0.023 0.031 0.01 0.021 0.036 0.036 0.013 0.026 0.036 0.041 0.01 0.013 0.497 0.044 0.036 0.003 0.013 0.031
301 R 0.058 0.174 0.094 0.042 0.007 0.064 0.062 0.049 0.033 0.018 0.029 0.14 0.01 0.012 0.017 0.119 0.033 0.004 0.013 0.023
302 L 0.047 0.039 0.047 0.02 0.009 0.021 0.028 0.037 0.011 0.115 0.148 0.074 0.032 0.063 0.06 0.038 0.061 0.026 0.034 0.089
303 L 0.063 0.101 0.02 0.017 0.009 0.027 0.024 0.057 0.011 0.098 0.133 0.067 0.022 0.053 0.033 0.032 0.04 0.068 0.035 0.091
304 K 0.057 0.174 0.031 0.024 0.007 0.058 0.042 0.061 0.032 0.023 0.043 0.181 0.016 0.028 0.015 0.047 0.047 0.058 0.017 0.038
305 F 0.053 0.015 0.019 0.013 0.015 0.009 0.015 0.021 0.013 0.045 0.096 0.016 0.022 0.439 0.016 0.035 0.021 0.011 0.084 0.042
306 V 0.075 0.015 0.012 0.013 0.011 0.011 0.016 0.023 0.008 0.174 0.161 0.018 0.022 0.115 0.011 0.029 0.043 0.006 0.033 0.203
307 F 0.076 0.015 0.012 0.013 0.017 0.01 0.015 0.052 0.008 0.142 0.175 0.018 0.026 0.195 0.011 0.023 0.027 0.006 0.028 0.128
308 W 0.038 0.018 0.019 0.014 0.044 0.017 0.023 0.027 0.02 0.038 0.151 0.024 0.021 0.119 0.016 0.025 0.02 0.208 0.121 0.036
309 V 0.051 0.015 0.012 0.013 0.012 0.011 0.015 0.018 0.007 0.237 0.145 0.018 0.032 0.04 0.011 0.031 0.042 0.004 0.015 0.271
310 L 0.114 0.016 0.013 0.014 0.015 0.012 0.017 0.058 0.008 0.127 0.203 0.02 0.044 0.109 0.012 0.033 0.027 0.005 0.021 0.131
311 L 0.081 0.016 0.011 0.012 0.035 0.012 0.015 0.02 0.008 0.116 0.333 0.019 0.044 0.091 0.011 0.023 0.03 0.005 0.019 0.099
312 A 0.402 0.02 0.02 0.021 0.013 0.017 0.026 0.194 0.01 0.026 0.036 0.029 0.011 0.014 0.019 0.057 0.031 0.004 0.011 0.04
313 A 0.331 0.021 0.02 0.021 0.014 0.017 0.026 0.05 0.01 0.064 0.055 0.029 0.018 0.033 0.018 0.089 0.081 0.004 0.019 0.079
314 L 0.071 0.019 0.017 0.016 0.019 0.014 0.019 0.023 0.008 0.069 0.343 0.023 0.038 0.041 0.013 0.055 0.129 0.005 0.015 0.063
315 F 0.023 0.013 0.012 0.012 0.007 0.007 0.013 0.017 0.011 0.049 0.09 0.013 0.018 0.561 0.007 0.017 0.018 0.011 0.06 0.039
316 H 0.029 0.031 0.037 0.026 0.005 0.026 0.037 0.026 0.557 0.016 0.026 0.031 0.011 0.021 0.013 0.029 0.018 0.005 0.039 0.016
317 K 0.038 0.145 0.033 0.027 0.006 0.035 0.046 0.029 0.014 0.02 0.036 0.418 0.011 0.011 0.018 0.04 0.027 0.004 0.012 0.028
318 S 0.07 0.026 0.034 0.03 0.012 0.021 0.032 0.039 0.012 0.027 0.035 0.035 0.012 0.015 0.027 0.303 0.217 0.004 0.012 0.036
319 A 0.459 0.021 0.018 0.02 0.015 0.017 0.027 0.05 0.01 0.036 0.055 0.03 0.013 0.016 0.02 0.064 0.039 0.004 0.012 0.075
320 V 0.049 0.015 0.011 0.012 0.012 0.011 0.015 0.016 0.006 0.249 0.173 0.018 0.038 0.035 0.011 0.02 0.029 0.004 0.015 0.261
