#Seq2Logo.py -f /work3/idamei/ssn-clusterings/2206011120/clusters/0023_117/sequences.afa -m 0.0001 -b 50 -o /work3/idamei/ssn-clusterings/2206011120/clusters/0023_117/sequences.logo -p 640x1000 -l 30
#Position Specific Frequency Matrix
A R N D C Q E G H I L K M F P S T W Y V
0 M 0.047 0.029 0.018 0.018 0.015 0.025 0.025 0.025 0.015 0.091 0.178 0.033 0.242 0.044 0.015 0.033 0.036 0.007 0.022 0.083
1 I 0.05 0.027 0.07 0.029 0.014 0.037 0.03 0.03 0.013 0.177 0.108 0.034 0.04 0.031 0.017 0.043 0.088 0.005 0.018 0.139
2 L 0.042 0.029 0.019 0.02 0.013 0.053 0.031 0.025 0.013 0.076 0.267 0.033 0.034 0.068 0.014 0.031 0.05 0.083 0.03 0.068
3 L 0.046 0.048 0.036 0.137 0.011 0.03 0.053 0.034 0.015 0.062 0.189 0.109 0.027 0.031 0.02 0.039 0.035 0.005 0.017 0.056
4 G 0.061 0.025 0.028 0.026 0.012 0.02 0.027 0.172 0.022 0.105 0.079 0.032 0.02 0.056 0.018 0.065 0.038 0.012 0.108 0.074
5 N 0.043 0.039 0.269 0.068 0.01 0.029 0.042 0.055 0.026 0.075 0.057 0.047 0.016 0.023 0.019 0.059 0.046 0.005 0.016 0.056
6 K 0.049 0.055 0.035 0.105 0.011 0.032 0.052 0.034 0.015 0.13 0.088 0.136 0.022 0.026 0.021 0.041 0.038 0.005 0.017 0.087
7 S 0.17 0.037 0.044 0.042 0.019 0.031 0.048 0.07 0.018 0.034 0.048 0.051 0.016 0.021 0.03 0.176 0.071 0.005 0.017 0.051
8 P 0.057 0.026 0.023 0.031 0.01 0.021 0.036 0.036 0.013 0.026 0.036 0.041 0.01 0.013 0.494 0.044 0.036 0.003 0.013 0.031
9 A 0.29 0.031 0.026 0.03 0.022 0.026 0.04 0.078 0.015 0.043 0.059 0.045 0.018 0.022 0.03 0.085 0.05 0.005 0.018 0.069
10 A 0.29 0.031 0.026 0.03 0.022 0.026 0.04 0.078 0.015 0.043 0.059 0.045 0.018 0.022 0.03 0.085 0.05 0.005 0.018 0.069
11 G 0.078 0.023 0.039 0.034 0.011 0.019 0.026 0.51 0.014 0.019 0.028 0.034 0.009 0.016 0.019 0.051 0.03 0.005 0.011 0.024
12 Q 0.056 0.074 0.044 0.047 0.009 0.215 0.103 0.041 0.029 0.026 0.047 0.091 0.021 0.015 0.024 0.056 0.041 0.006 0.021 0.035
13 G 0.078 0.023 0.039 0.034 0.011 0.019 0.026 0.51 0.014 0.019 0.028 0.034 0.009 0.016 0.019 0.051 0.03 0.005 0.011 0.024
14 L 0.044 0.031 0.027 0.023 0.013 0.023 0.031 0.027 0.126 0.084 0.264 0.032 0.038 0.047 0.016 0.03 0.031 0.007 0.034 0.072
15 I 0.053 0.017 0.015 0.017 0.172 0.013 0.017 0.024 0.009 0.197 0.133 0.022 0.03 0.036 0.015 0.03 0.039 0.005 0.018 0.136
16 R 0.127 0.242 0.034 0.03 0.012 0.041 0.048 0.048 0.02 0.03 0.051 0.095 0.016 0.019 0.023 0.058 0.04 0.006 0.017 0.043
17 N 0.043 0.145 0.225 0.066 0.009 0.038 0.05 0.054 0.029 0.023 0.036 0.076 0.013 0.018 0.02 0.061 0.044 0.005 0.016 0.028
18 F 0.041 0.021 0.019 0.022 0.01 0.014 0.025 0.029 0.016 0.051 0.088 0.026 0.02 0.263 0.172 0.031 0.029 0.012 0.063 0.047
19 G 0.064 0.079 0.041 0.039 0.009 0.042 0.056 0.199 0.018 0.025 0.038 0.198 0.013 0.016 0.025 0.053 0.036 0.005 0.015 0.03
20 G 0.078 0.023 0.039 0.034 0.011 0.019 0.026 0.511 0.013 0.019 0.028 0.034 0.009 0.016 0.019 0.051 0.03 0.005 0.011 0.024
21 I 0.045 0.022 0.033 0.145 0.013 0.019 0.042 0.029 0.012 0.189 0.121 0.031 0.028 0.034 0.017 0.034 0.038 0.005 0.017 0.126
22 Y 0.058 0.029 0.029 0.025 0.014 0.023 0.031 0.032 0.025 0.07 0.078 0.035 0.021 0.067 0.02 0.055 0.126 0.014 0.144 0.103
23 Y 0.048 0.059 0.029 0.027 0.01 0.035 0.044 0.032 0.03 0.047 0.082 0.137 0.049 0.067 0.02 0.04 0.034 0.015 0.145 0.049
24 L 0.044 0.091 0.019 0.018 0.014 0.022 0.026 0.023 0.012 0.095 0.321 0.043 0.042 0.046 0.015 0.028 0.033 0.007 0.021 0.081
25 L 0.13 0.026 0.018 0.02 0.018 0.019 0.026 0.04 0.011 0.09 0.278 0.031 0.038 0.043 0.019 0.044 0.038 0.006 0.02 0.085
26 G 0.059 0.023 0.022 0.021 0.014 0.017 0.023 0.166 0.015 0.089 0.166 0.028 0.028 0.048 0.016 0.034 0.035 0.009 0.063 0.123
27 Y 0.039 0.027 0.021 0.018 0.009 0.021 0.027 0.024 0.045 0.042 0.066 0.03 0.018 0.127 0.015 0.03 0.027 0.027 0.34 0.045
28 L 0.041 0.023 0.014 0.015 0.014 0.016 0.02 0.022 0.01 0.1 0.346 0.024 0.043 0.054 0.013 0.023 0.031 0.079 0.028 0.084
29 G 0.08 0.023 0.04 0.034 0.011 0.019 0.026 0.502 0.014 0.019 0.029 0.034 0.01 0.016 0.019 0.052 0.03 0.005 0.011 0.025
30 L 0.044 0.022 0.017 0.02 0.013 0.015 0.024 0.026 0.012 0.073 0.211 0.027 0.03 0.142 0.154 0.029 0.031 0.008 0.037 0.064
31 L 0.127 0.025 0.018 0.019 0.018 0.018 0.026 0.037 0.011 0.105 0.222 0.03 0.034 0.039 0.019 0.043 0.041 0.006 0.02 0.142
32 L 0.042 0.023 0.013 0.014 0.015 0.015 0.019 0.02 0.01 0.11 0.407 0.024 0.047 0.052 0.013 0.023 0.032 0.007 0.021 0.091
33 L 0.047 0.022 0.018 0.019 0.014 0.015 0.022 0.026 0.011 0.121 0.252 0.025 0.034 0.136 0.014 0.059 0.036 0.008 0.033 0.088
34 G 0.062 0.022 0.022 0.024 0.014 0.017 0.025 0.154 0.01 0.083 0.113 0.03 0.022 0.026 0.142 0.037 0.037 0.005 0.016 0.139
35 L 0.05 0.024 0.015 0.016 0.016 0.018 0.022 0.023 0.011 0.118 0.281 0.027 0.082 0.046 0.014 0.028 0.037 0.007 0.021 0.144
36 N 0.119 0.037 0.192 0.055 0.014 0.029 0.042 0.06 0.022 0.034 0.045 0.047 0.014 0.019 0.023 0.075 0.106 0.005 0.016 0.046
37 F 0.093 0.027 0.027 0.026 0.014 0.021 0.031 0.04 0.022 0.057 0.076 0.033 0.02 0.147 0.019 0.092 0.044 0.013 0.118 0.08
38 L 0.042 0.023 0.013 0.014 0.015 0.015 0.019 0.02 0.01 0.11 0.407 0.024 0.047 0.052 0.013 0.023 0.032 0.007 0.021 0.091
39 L 0.061 0.031 0.026 0.025 0.016 0.025 0.031 0.034 0.015 0.082 0.205 0.036 0.117 0.041 0.018 0.088 0.046 0.007 0.021 0.077
40 A 0.143 0.024 0.018 0.02 0.014 0.017 0.027 0.044 0.014 0.051 0.112 0.029 0.022 0.133 0.017 0.045 0.033 0.136 0.046 0.056
41 T 0.074 0.036 0.044 0.038 0.018 0.028 0.04 0.044 0.014 0.054 0.066 0.046 0.02 0.024 0.028 0.094 0.233 0.006 0.018 0.072
42 T 0.074 0.036 0.044 0.038 0.018 0.028 0.04 0.044 0.014 0.054 0.066 0.046 0.02 0.024 0.028 0.094 0.233 0.006 0.018 0.072
43 T 0.062 0.117 0.034 0.029 0.015 0.029 0.037 0.034 0.014 0.07 0.073 0.056 0.021 0.024 0.022 0.062 0.162 0.005 0.017 0.117
44 A 0.124 0.038 0.025 0.027 0.016 0.08 0.046 0.041 0.016 0.079 0.103 0.047 0.067 0.029 0.02 0.05 0.043 0.006 0.02 0.123
45 P 0.057 0.029 0.025 0.04 0.011 0.029 0.106 0.031 0.014 0.057 0.057 0.044 0.015 0.019 0.27 0.042 0.038 0.004 0.015 0.099
46 W 0.029 0.022 0.014 0.014 0.007 0.014 0.022 0.029 0.014 0.029 0.05 0.022 0.014 0.058 0.007 0.022 0.022 0.518 0.065 0.029
47 G 0.074 0.022 0.037 0.032 0.01 0.018 0.024 0.535 0.013 0.018 0.027 0.032 0.009 0.015 0.018 0.049 0.028 0.005 0.01 0.023
48 S 0.092 0.046 0.049 0.046 0.015 0.087 0.062 0.057 0.021 0.027 0.041 0.06 0.016 0.018 0.027 0.208 0.068 0.005 0.017 0.038
49 A 0.185 0.023 0.019 0.023 0.018 0.018 0.028 0.047 0.011 0.174 0.108 0.032 0.026 0.031 0.021 0.052 0.043 0.005 0.018 0.117
50 F 0.034 0.019 0.017 0.017 0.011 0.011 0.019 0.026 0.017 0.065 0.116 0.019 0.026 0.376 0.011 0.026 0.026 0.017 0.09 0.056
51 Y 0.092 0.024 0.019 0.019 0.011 0.017 0.026 0.034 0.025 0.042 0.068 0.028 0.018 0.162 0.015 0.042 0.029 0.112 0.171 0.046
52 L 0.061 0.025 0.024 0.023 0.016 0.019 0.027 0.031 0.011 0.102 0.225 0.031 0.031 0.036 0.018 0.085 0.081 0.006 0.018 0.133
53 S 0.125 0.033 0.086 0.042 0.025 0.027 0.042 0.057 0.017 0.058 0.051 0.044 0.016 0.021 0.024 0.194 0.061 0.005 0.016 0.057
54 L 0.147 0.024 0.018 0.02 0.016 0.018 0.025 0.061 0.011 0.11 0.239 0.029 0.036 0.036 0.018 0.043 0.042 0.006 0.018 0.085
55 L 0.039 0.019 0.014 0.015 0.013 0.013 0.018 0.02 0.013 0.184 0.215 0.022 0.033 0.13 0.013 0.023 0.031 0.01 0.07 0.105
56 I 0.046 0.022 0.015 0.017 0.015 0.018 0.02 0.022 0.01 0.215 0.156 0.026 0.126 0.04 0.014 0.027 0.037 0.006 0.02 0.151
57 L 0.071 0.022 0.015 0.016 0.016 0.017 0.021 0.025 0.009 0.126 0.247 0.025 0.063 0.039 0.015 0.034 0.037 0.006 0.019 0.176
58 F 0.043 0.019 0.014 0.015 0.023 0.012 0.018 0.034 0.012 0.108 0.194 0.02 0.028 0.199 0.011 0.024 0.027 0.08 0.047 0.072
59 T 0.065 0.028 0.031 0.029 0.015 0.022 0.031 0.036 0.012 0.101 0.124 0.035 0.028 0.028 0.021 0.11 0.16 0.005 0.017 0.103
60 Y 0.033 0.022 0.018 0.016 0.009 0.015 0.022 0.022 0.03 0.046 0.078 0.023 0.019 0.257 0.012 0.026 0.024 0.021 0.263 0.045
61 L 0.042 0.022 0.013 0.014 0.015 0.015 0.019 0.02 0.009 0.105 0.37 0.023 0.055 0.064 0.013 0.023 0.032 0.007 0.022 0.118
62 L 0.095 0.076 0.02 0.02 0.015 0.022 0.027 0.031 0.012 0.087 0.187 0.039 0.072 0.043 0.017 0.039 0.055 0.006 0.02 0.118
63 F 0.033 0.022 0.065 0.023 0.009 0.014 0.022 0.027 0.021 0.051 0.105 0.023 0.021 0.307 0.012 0.029 0.026 0.015 0.128 0.046
64 R 0.04 0.368 0.032 0.026 0.008 0.041 0.044 0.029 0.02 0.03 0.059 0.097 0.045 0.019 0.017 0.039 0.032 0.005 0.016 0.035
65 P 0.044 0.031 0.199 0.05 0.009 0.024 0.038 0.044 0.019 0.021 0.03 0.042 0.01 0.014 0.296 0.05 0.038 0.003 0.013 0.026
66 K 0.11 0.164 0.034 0.033 0.01 0.058 0.055 0.042 0.018 0.026 0.042 0.213 0.014 0.015 0.023 0.051 0.036 0.005 0.016 0.035
67 K 0.05 0.083 0.083 0.041 0.009 0.092 0.063 0.04 0.057 0.027 0.046 0.119 0.015 0.073 0.02 0.079 0.039 0.006 0.027 0.032
68 I 0.097 0.02 0.015 0.017 0.016 0.015 0.021 0.027 0.009 0.204 0.162 0.025 0.035 0.035 0.015 0.032 0.038 0.005 0.018 0.195
69 L 0.038 0.019 0.013 0.014 0.014 0.013 0.017 0.019 0.009 0.157 0.334 0.021 0.038 0.099 0.012 0.022 0.03 0.007 0.027 0.097
70 H 0.058 0.03 0.037 0.029 0.147 0.025 0.035 0.103 0.226 0.025 0.039 0.034 0.013 0.022 0.017 0.062 0.031 0.005 0.031 0.03
71 P 0.05 0.023 0.02 0.027 0.009 0.018 0.032 0.032 0.011 0.023 0.032 0.036 0.009 0.011 0.554 0.039 0.032 0.002 0.011 0.027
72 N 0.066 0.037 0.227 0.058 0.012 0.029 0.045 0.058 0.022 0.023 0.032 0.048 0.012 0.017 0.022 0.185 0.057 0.004 0.015 0.03
73 N 0.038 0.04 0.399 0.073 0.008 0.03 0.043 0.057 0.028 0.02 0.028 0.047 0.01 0.016 0.018 0.061 0.043 0.004 0.014 0.024
74 V 0.049 0.023 0.016 0.017 0.015 0.019 0.022 0.022 0.011 0.161 0.152 0.027 0.148 0.039 0.014 0.029 0.038 0.006 0.02 0.173
75 V 0.056 0.019 0.014 0.015 0.016 0.014 0.02 0.021 0.007 0.167 0.162 0.023 0.03 0.034 0.014 0.027 0.041 0.005 0.018 0.296
76 F 0.03 0.017 0.015 0.015 0.009 0.009 0.017 0.022 0.015 0.056 0.1 0.017 0.022 0.461 0.009 0.022 0.022 0.015 0.078 0.048
77 G 0.179 0.022 0.025 0.024 0.082 0.018 0.026 0.241 0.011 0.038 0.094 0.031 0.016 0.021 0.019 0.052 0.034 0.005 0.013 0.048
78 F 0.041 0.028 0.166 0.04 0.009 0.02 0.031 0.04 0.023 0.037 0.061 0.033 0.016 0.199 0.015 0.069 0.036 0.011 0.088 0.037
79 Y 0.036 0.027 0.023 0.019 0.008 0.021 0.027 0.023 0.091 0.036 0.057 0.029 0.016 0.104 0.014 0.029 0.024 0.022 0.355 0.038
80 F 0.132 0.021 0.022 0.022 0.013 0.015 0.024 0.174 0.013 0.053 0.071 0.027 0.018 0.179 0.016 0.042 0.032 0.008 0.037 0.084
81 L 0.04 0.022 0.013 0.014 0.014 0.015 0.018 0.019 0.009 0.101 0.433 0.023 0.058 0.048 0.013 0.022 0.03 0.006 0.02 0.084
82 Y 0.036 0.025 0.026 0.017 0.008 0.019 0.025 0.023 0.041 0.038 0.06 0.028 0.016 0.113 0.014 0.028 0.025 0.024 0.393 0.041
83 L 0.046 0.019 0.014 0.015 0.014 0.013 0.018 0.021 0.01 0.139 0.195 0.021 0.031 0.145 0.013 0.025 0.034 0.008 0.034 0.189
84 V 0.057 0.018 0.014 0.016 0.016 0.014 0.019 0.021 0.007 0.188 0.121 0.022 0.029 0.041 0.014 0.027 0.041 0.005 0.019 0.309
85 F 0.038 0.018 0.014 0.015 0.012 0.012 0.017 0.021 0.011 0.117 0.198 0.019 0.03 0.247 0.011 0.023 0.028 0.01 0.048 0.111
86 P 0.068 0.028 0.031 0.033 0.011 0.022 0.037 0.042 0.013 0.024 0.034 0.041 0.011 0.014 0.352 0.144 0.047 0.003 0.013 0.031
87 A 0.213 0.031 0.036 0.035 0.028 0.025 0.04 0.084 0.015 0.031 0.043 0.043 0.014 0.018 0.025 0.195 0.057 0.005 0.015 0.047
88 T 0.07 0.028 0.032 0.029 0.015 0.022 0.032 0.037 0.013 0.06 0.076 0.035 0.019 0.079 0.021 0.104 0.196 0.006 0.024 0.101
89 L 0.039 0.021 0.013 0.014 0.014 0.014 0.017 0.019 0.009 0.134 0.412 0.022 0.042 0.047 0.013 0.021 0.03 0.006 0.019 0.094
90 F 0.033 0.026 0.163 0.037 0.009 0.018 0.028 0.036 0.023 0.04 0.067 0.03 0.017 0.246 0.013 0.038 0.031 0.012 0.095 0.038
91 Y 0.036 0.022 0.016 0.015 0.01 0.016 0.021 0.021 0.026 0.062 0.193 0.024 0.026 0.16 0.012 0.025 0.026 0.017 0.217 0.056
92 I 0.045 0.018 0.014 0.015 0.014 0.013 0.018 0.02 0.009 0.232 0.133 0.022 0.057 0.101 0.013 0.025 0.035 0.007 0.027 0.185
93 L 0.038 0.022 0.014 0.014 0.013 0.015 0.019 0.019 0.016 0.086 0.369 0.023 0.037 0.062 0.013 0.022 0.028 0.01 0.108 0.073
94 E 0.045 0.045 0.033 0.067 0.007 0.047 0.267 0.03 0.049 0.023 0.037 0.092 0.012 0.032 0.021 0.043 0.03 0.008 0.084 0.029
95 W 0.12 0.022 0.016 0.017 0.012 0.016 0.023 0.034 0.015 0.082 0.116 0.026 0.035 0.062 0.014 0.035 0.03 0.189 0.077 0.06
96 L 0.038 0.018 0.013 0.014 0.013 0.012 0.016 0.019 0.01 0.196 0.249 0.02 0.034 0.139 0.012 0.022 0.03 0.008 0.032 0.108
97 D 0.054 0.03 0.064 0.221 0.009 0.027 0.057 0.104 0.095 0.021 0.029 0.04 0.01 0.017 0.02 0.114 0.039 0.004 0.019 0.025
98 W 0.029 0.019 0.013 0.014 0.008 0.013 0.019 0.024 0.012 0.104 0.068 0.02 0.017 0.049 0.008 0.02 0.023 0.435 0.05 0.055
99 D 0.048 0.035 0.047 0.238 0.008 0.054 0.19 0.038 0.027 0.023 0.031 0.051 0.011 0.015 0.021 0.078 0.036 0.004 0.013 0.032
100 Y 0.035 0.024 0.019 0.016 0.008 0.019 0.024 0.022 0.04 0.038 0.059 0.027 0.016 0.113 0.013 0.027 0.024 0.024 0.41 0.04
101 V 0.095 0.02 0.015 0.016 0.017 0.015 0.022 0.026 0.008 0.126 0.145 0.024 0.028 0.031 0.015 0.033 0.041 0.005 0.018 0.301
102 L 0.038 0.021 0.012 0.013 0.014 0.014 0.017 0.018 0.009 0.1 0.46 0.022 0.043 0.047 0.012 0.021 0.029 0.006 0.019 0.083
103 P 0.049 0.022 0.02 0.027 0.009 0.018 0.031 0.031 0.011 0.022 0.031 0.036 0.009 0.011 0.562 0.038 0.031 0.002 0.011 0.027
104 W 0.031 0.02 0.015 0.015 0.007 0.014 0.02 0.088 0.013 0.025 0.043 0.021 0.013 0.048 0.008 0.022 0.02 0.498 0.053 0.026
105 G 0.064 0.02 0.031 0.027 0.01 0.016 0.022 0.513 0.011 0.026 0.074 0.028 0.012 0.018 0.016 0.042 0.026 0.005 0.01 0.028
106 K 0.049 0.075 0.035 0.036 0.008 0.136 0.067 0.036 0.02 0.023 0.038 0.236 0.014 0.013 0.084 0.046 0.034 0.004 0.015 0.029
107 L 0.043 0.032 0.02 0.022 0.012 0.091 0.036 0.024 0.014 0.131 0.214 0.038 0.095 0.035 0.015 0.031 0.039 0.006 0.019 0.083
108 N 0.043 0.03 0.243 0.048 0.01 0.023 0.033 0.042 0.019 0.084 0.058 0.037 0.016 0.021 0.075 0.047 0.04 0.004 0.015 0.112
109 D 0.034 0.024 0.083 0.289 0.007 0.021 0.055 0.036 0.018 0.03 0.046 0.033 0.012 0.142 0.016 0.039 0.029 0.007 0.05 0.029
110 W 0.026 0.019 0.013 0.013 0.007 0.013 0.019 0.026 0.013 0.026 0.045 0.019 0.013 0.052 0.007 0.019 0.019 0.565 0.058 0.026
111 A 0.177 0.03 0.073 0.087 0.013 0.027 0.079 0.06 0.016 0.035 0.084 0.042 0.016 0.02 0.022 0.11 0.044 0.005 0.015 0.045
112 S 0.124 0.038 0.035 0.043 0.013 0.048 0.118 0.054 0.016 0.033 0.064 0.066 0.015 0.019 0.023 0.137 0.09 0.005 0.015 0.043
113 L 0.046 0.019 0.014 0.015 0.014 0.014 0.019 0.02 0.009 0.152 0.215 0.022 0.058 0.085 0.013 0.025 0.034 0.006 0.025 0.194
114 S 0.126 0.034 0.044 0.04 0.015 0.028 0.044 0.058 0.016 0.027 0.038 0.045 0.014 0.018 0.025 0.304 0.067 0.004 0.015 0.038
115 K 0.05 0.07 0.055 0.063 0.009 0.103 0.093 0.036 0.025 0.03 0.081 0.108 0.016 0.017 0.079 0.074 0.037 0.005 0.016 0.034
116 E 0.048 0.036 0.03 0.048 0.009 0.037 0.199 0.087 0.021 0.033 0.084 0.064 0.016 0.034 0.019 0.044 0.064 0.008 0.079 0.038
117 A 0.24 0.025 0.023 0.024 0.017 0.02 0.03 0.049 0.011 0.083 0.107 0.034 0.02 0.024 0.022 0.063 0.107 0.005 0.016 0.077
118 L 0.042 0.019 0.014 0.014 0.013 0.013 0.018 0.019 0.012 0.162 0.231 0.021 0.032 0.094 0.012 0.023 0.032 0.008 0.067 0.152
119 L 0.035 0.019 0.013 0.014 0.012 0.012 0.017 0.02 0.01 0.109 0.294 0.02 0.037 0.151 0.011 0.021 0.026 0.067 0.037 0.074
120 S 0.118 0.043 0.038 0.041 0.011 0.127 0.094 0.046 0.065 0.025 0.039 0.056 0.015 0.017 0.022 0.14 0.045 0.005 0.019 0.035
121 Y 0.114 0.023 0.018 0.018 0.012 0.018 0.025 0.03 0.027 0.084 0.072 0.028 0.019 0.082 0.016 0.036 0.031 0.016 0.244 0.091
122 L 0.095 0.03 0.024 0.038 0.012 0.029 0.144 0.033 0.014 0.056 0.222 0.04 0.025 0.029 0.019 0.07 0.041 0.005 0.016 0.056
123 F 0.038 0.021 0.018 0.017 0.01 0.015 0.022 0.023 0.026 0.053 0.077 0.023 0.019 0.233 0.012 0.041 0.027 0.017 0.229 0.078
124 V 0.058 0.022 0.021 0.02 0.016 0.017 0.024 0.026 0.009 0.109 0.131 0.027 0.025 0.029 0.017 0.043 0.141 0.005 0.017 0.243
125 F 0.029 0.017 0.015 0.015 0.009 0.01 0.017 0.022 0.017 0.052 0.093 0.017 0.021 0.44 0.009 0.022 0.022 0.015 0.112 0.046
126 L 0.059 0.024 0.025 0.023 0.014 0.018 0.026 0.03 0.01 0.13 0.202 0.03 0.027 0.032 0.018 0.079 0.147 0.005 0.017 0.083
127 L 0.045 0.02 0.013 0.014 0.014 0.015 0.018 0.019 0.008 0.153 0.285 0.022 0.062 0.04 0.013 0.024 0.034 0.006 0.018 0.176
128 F 0.033 0.02 0.017 0.016 0.011 0.013 0.02 0.021 0.058 0.069 0.247 0.021 0.029 0.249 0.011 0.023 0.025 0.01 0.049 0.059
129 F 0.031 0.019 0.016 0.015 0.009 0.012 0.019 0.021 0.023 0.048 0.084 0.02 0.02 0.356 0.01 0.023 0.022 0.018 0.19 0.044
130 L 0.039 0.019 0.016 0.016 0.011 0.013 0.018 0.089 0.013 0.098 0.211 0.021 0.027 0.196 0.012 0.024 0.026 0.01 0.07 0.071
131 G 0.121 0.026 0.037 0.034 0.013 0.021 0.031 0.379 0.014 0.024 0.034 0.037 0.011 0.017 0.021 0.089 0.04 0.005 0.012 0.033
132 F 0.039 0.019 0.017 0.017 0.011 0.013 0.019 0.024 0.013 0.095 0.18 0.021 0.03 0.281 0.012 0.055 0.03 0.01 0.05 0.065
133 L 0.045 0.024 0.014 0.015 0.016 0.016 0.02 0.021 0.01 0.115 0.375 0.025 0.05 0.055 0.014 0.024 0.033 0.007 0.022 0.096
134 T 0.051 0.026 0.028 0.024 0.077 0.02 0.028 0.03 0.045 0.047 0.065 0.031 0.017 0.048 0.018 0.052 0.177 0.01 0.136 0.07
135 R 0.079 0.271 0.027 0.024 0.009 0.049 0.04 0.032 0.017 0.032 0.092 0.074 0.017 0.023 0.016 0.038 0.03 0.071 0.021 0.037
136 F 0.036 0.019 0.015 0.015 0.011 0.012 0.018 0.04 0.012 0.069 0.238 0.02 0.029 0.276 0.011 0.033 0.026 0.01 0.049 0.059
137 F 0.06 0.02 0.018 0.018 0.07 0.014 0.02 0.026 0.011 0.101 0.169 0.023 0.033 0.17 0.014 0.035 0.081 0.008 0.034 0.076
138 E 0.046 0.127 0.034 0.056 0.007 0.05 0.238 0.032 0.02 0.02 0.034 0.165 0.012 0.014 0.021 0.045 0.032 0.005 0.014 0.027
139 D 0.057 0.026 0.073 0.127 0.012 0.021 0.039 0.036 0.013 0.093 0.09 0.034 0.018 0.023 0.047 0.079 0.088 0.004 0.014 0.104
140 L 0.051 0.111 0.024 0.022 0.069 0.022 0.028 0.087 0.012 0.063 0.169 0.043 0.027 0.026 0.045 0.066 0.051 0.005 0.015 0.064
141 F 0.064 0.026 0.024 0.022 0.012 0.036 0.029 0.03 0.065 0.09 0.126 0.03 0.053 0.165 0.015 0.065 0.034 0.008 0.039 0.067
142 D 0.054 0.027 0.047 0.245 0.092 0.025 0.063 0.041 0.014 0.031 0.039 0.038 0.012 0.016 0.021 0.09 0.084 0.004 0.012 0.043
143 R 0.048 0.354 0.037 0.031 0.008 0.043 0.048 0.034 0.021 0.022 0.042 0.103 0.014 0.016 0.019 0.07 0.037 0.005 0.016 0.03
144 V 0.059 0.063 0.062 0.027 0.012 0.056 0.034 0.03 0.014 0.087 0.1 0.04 0.035 0.07 0.016 0.049 0.069 0.006 0.022 0.148
145 E 0.101 0.044 0.029 0.055 0.011 0.032 0.15 0.035 0.06 0.073 0.055 0.045 0.016 0.02 0.087 0.049 0.035 0.005 0.018 0.081
146 R 0.064 0.21 0.072 0.04 0.009 0.049 0.048 0.036 0.018 0.031 0.043 0.152 0.014 0.016 0.019 0.06 0.047 0.005 0.015 0.053
147 A 0.169 0.033 0.026 0.027 0.014 0.021 0.033 0.053 0.015 0.049 0.054 0.036 0.016 0.028 0.102 0.114 0.049 0.006 0.055 0.099
148 D 0.089 0.073 0.113 0.118 0.01 0.031 0.101 0.043 0.018 0.034 0.04 0.049 0.013 0.017 0.047 0.083 0.04 0.004 0.014 0.065
149 I 0.06 0.022 0.023 0.025 0.012 0.019 0.069 0.025 0.012 0.136 0.133 0.028 0.024 0.119 0.079 0.03 0.032 0.007 0.028 0.119
150 F 0.049 0.067 0.023 0.023 0.011 0.05 0.032 0.028 0.013 0.107 0.081 0.039 0.024 0.121 0.071 0.063 0.052 0.007 0.029 0.112
151 P 0.064 0.054 0.023 0.033 0.009 0.032 0.11 0.029 0.02 0.037 0.101 0.042 0.017 0.065 0.155 0.036 0.029 0.009 0.097 0.04
152 E 0.108 0.042 0.073 0.055 0.01 0.045 0.19 0.044 0.02 0.024 0.036 0.086 0.012 0.017 0.023 0.11 0.046 0.005 0.02 0.034
153 Y 0.038 0.022 0.017 0.016 0.01 0.017 0.022 0.02 0.035 0.117 0.086 0.025 0.02 0.086 0.013 0.026 0.028 0.018 0.289 0.096
154 W 0.03 0.023 0.015 0.015 0.008 0.015 0.023 0.03 0.015 0.03 0.053 0.023 0.015 0.061 0.008 0.023 0.023 0.492 0.068 0.03
155 Q 0.056 0.074 0.044 0.047 0.009 0.215 0.103 0.041 0.029 0.026 0.047 0.091 0.021 0.015 0.024 0.056 0.041 0.006 0.021 0.035
156 K 0.057 0.107 0.042 0.042 0.009 0.054 0.071 0.043 0.021 0.028 0.043 0.278 0.016 0.016 0.028 0.054 0.04 0.005 0.017 0.033
157 N 0.043 0.045 0.317 0.083 0.009 0.034 0.049 0.065 0.032 0.022 0.032 0.054 0.011 0.018 0.02 0.07 0.049 0.004 0.016 0.027
158 V 0.07 0.022 0.016 0.018 0.019 0.016 0.023 0.025 0.008 0.165 0.13 0.026 0.032 0.036 0.016 0.033 0.049 0.006 0.021 0.269
159 R 0.078 0.159 0.031 0.032 0.009 0.068 0.081 0.033 0.064 0.036 0.048 0.096 0.015 0.027 0.018 0.042 0.032 0.007 0.059 0.066
160 V 0.155 0.02 0.016 0.018 0.071 0.016 0.023 0.035 0.009 0.119 0.089 0.026 0.022 0.026 0.017 0.045 0.041 0.005 0.016 0.231
161 R 0.045 0.303 0.08 0.034 0.008 0.039 0.046 0.035 0.02 0.021 0.037 0.133 0.013 0.015 0.018 0.072 0.036 0.005 0.015 0.027
162 P 0.053 0.024 0.025 0.028 0.01 0.019 0.031 0.034 0.012 0.027 0.037 0.035 0.011 0.017 0.35 0.074 0.1 0.06 0.017 0.034
163 L 0.084 0.029 0.02 0.02 0.013 0.019 0.026 0.038 0.013 0.084 0.197 0.062 0.052 0.087 0.016 0.037 0.064 0.007 0.044 0.087
164 A 0.145 0.024 0.062 0.028 0.013 0.019 0.029 0.087 0.012 0.065 0.058 0.032 0.016 0.023 0.081 0.054 0.069 0.061 0.019 0.103
165 L 0.042 0.061 0.017 0.017 0.013 0.016 0.021 0.021 0.01 0.185 0.196 0.03 0.029 0.079 0.014 0.029 0.064 0.006 0.023 0.124
166 F 0.073 0.025 0.063 0.027 0.01 0.032 0.028 0.09 0.015 0.038 0.067 0.03 0.016 0.201 0.014 0.067 0.048 0.073 0.043 0.039
167 L 0.08 0.021 0.016 0.017 0.014 0.016 0.02 0.08 0.009 0.11 0.281 0.025 0.058 0.037 0.014 0.03 0.032 0.006 0.017 0.117
168 L 0.045 0.019 0.016 0.016 0.171 0.013 0.018 0.024 0.009 0.068 0.254 0.022 0.028 0.092 0.013 0.035 0.062 0.006 0.023 0.065
169 A 0.214 0.024 0.022 0.023 0.015 0.019 0.029 0.046 0.014 0.111 0.11 0.032 0.021 0.034 0.02 0.083 0.045 0.007 0.056 0.074
170 L 0.051 0.022 0.021 0.02 0.013 0.016 0.022 0.09 0.01 0.097 0.258 0.026 0.029 0.056 0.015 0.062 0.067 0.006 0.019 0.1
171 L 0.103 0.023 0.021 0.021 0.015 0.018 0.026 0.033 0.011 0.084 0.169 0.029 0.034 0.044 0.017 0.092 0.042 0.034 0.021 0.165
172 L 0.05 0.024 0.06 0.024 0.014 0.018 0.025 0.029 0.011 0.125 0.243 0.028 0.03 0.034 0.015 0.076 0.055 0.005 0.017 0.118
173 L 0.041 0.018 0.013 0.014 0.04 0.012 0.017 0.02 0.01 0.118 0.233 0.02 0.034 0.141 0.012 0.023 0.03 0.036 0.033 0.136
174 V 0.079 0.02 0.017 0.018 0.015 0.015 0.022 0.027 0.009 0.156 0.157 0.025 0.027 0.077 0.015 0.059 0.039 0.006 0.023 0.195
175 G 0.055 0.02 0.025 0.022 0.011 0.015 0.02 0.358 0.01 0.049 0.203 0.026 0.022 0.027 0.014 0.034 0.026 0.005 0.013 0.045
176 C 0.113 0.019 0.02 0.02 0.171 0.015 0.021 0.144 0.009 0.06 0.101 0.025 0.018 0.022 0.016 0.042 0.05 0.004 0.013 0.115
177 I 0.052 0.018 0.013 0.015 0.013 0.013 0.018 0.021 0.009 0.189 0.189 0.021 0.039 0.126 0.012 0.024 0.032 0.007 0.029 0.161
178 Y 0.033 0.021 0.015 0.014 0.009 0.015 0.02 0.021 0.022 0.083 0.15 0.022 0.023 0.116 0.011 0.023 0.025 0.127 0.193 0.057
179 F 0.029 0.016 0.014 0.014 0.009 0.009 0.016 0.022 0.014 0.054 0.097 0.016 0.022 0.48 0.009 0.022 0.022 0.014 0.075 0.047
180 L 0.038 0.019 0.013 0.014 0.013 0.013 0.017 0.019 0.01 0.175 0.283 0.021 0.06 0.111 0.012 0.022 0.029 0.007 0.027 0.096
181 Q 0.049 0.056 0.037 0.043 0.008 0.267 0.117 0.034 0.029 0.024 0.04 0.071 0.017 0.014 0.02 0.05 0.067 0.005 0.017 0.032
182 V 0.077 0.022 0.021 0.021 0.015 0.017 0.025 0.03 0.01 0.097 0.133 0.027 0.028 0.074 0.016 0.091 0.044 0.006 0.023 0.223
183 T 0.068 0.031 0.039 0.034 0.015 0.024 0.036 0.041 0.013 0.041 0.051 0.04 0.016 0.02 0.024 0.131 0.303 0.005 0.015 0.055
184 G 0.166 0.021 0.03 0.028 0.012 0.018 0.025 0.429 0.012 0.022 0.032 0.031 0.01 0.015 0.019 0.052 0.03 0.005 0.011 0.032
185 G 0.066 0.019 0.033 0.029 0.009 0.016 0.022 0.585 0.011 0.016 0.024 0.029 0.008 0.014 0.016 0.043 0.025 0.005 0.009 0.021
186 L 0.045 0.019 0.014 0.014 0.013 0.013 0.018 0.021 0.01 0.12 0.257 0.021 0.04 0.107 0.012 0.024 0.035 0.063 0.031 0.122
187 D 0.111 0.028 0.041 0.262 0.01 0.041 0.088 0.041 0.015 0.031 0.076 0.04 0.014 0.017 0.047 0.052 0.033 0.004 0.012 0.036
188 A 0.265 0.032 0.028 0.029 0.016 0.055 0.041 0.057 0.015 0.038 0.058 0.043 0.042 0.02 0.023 0.121 0.046 0.005 0.016 0.053
189 W 0.026 0.019 0.013 0.013 0.006 0.013 0.019 0.026 0.013 0.026 0.045 0.019 0.013 0.051 0.006 0.019 0.019 0.57 0.058 0.026
190 V 0.045 0.018 0.014 0.015 0.014 0.013 0.018 0.02 0.009 0.173 0.173 0.021 0.029 0.124 0.013 0.029 0.038 0.007 0.029 0.197
191 E 0.058 0.034 0.119 0.054 0.01 0.033 0.143 0.14 0.019 0.023 0.033 0.047 0.011 0.016 0.021 0.102 0.088 0.004 0.013 0.031
192 D 0.042 0.03 0.174 0.302 0.008 0.027 0.062 0.047 0.019 0.02 0.026 0.041 0.009 0.014 0.019 0.083 0.038 0.004 0.011 0.023
193 Y 0.034 0.024 0.018 0.016 0.008 0.018 0.024 0.021 0.04 0.037 0.058 0.026 0.016 0.111 0.013 0.026 0.024 0.024 0.422 0.04
194 S 0.089 0.037 0.045 0.041 0.014 0.059 0.049 0.054 0.017 0.025 0.036 0.049 0.014 0.017 0.025 0.31 0.066 0.004 0.015 0.035
195 E 0.063 0.042 0.071 0.099 0.009 0.04 0.153 0.034 0.02 0.04 0.046 0.102 0.014 0.026 0.019 0.044 0.034 0.006 0.055 0.082
196 T 0.096 0.03 0.035 0.031 0.015 0.023 0.033 0.04 0.012 0.044 0.055 0.038 0.017 0.02 0.024 0.078 0.33 0.005 0.015 0.06
197 Y 0.034 0.024 0.018 0.016 0.008 0.018 0.024 0.021 0.039 0.037 0.059 0.026 0.016 0.116 0.013 0.026 0.024 0.024 0.417 0.04
198 L 0.038 0.02 0.012 0.013 0.014 0.013 0.017 0.018 0.008 0.13 0.433 0.021 0.041 0.045 0.012 0.021 0.029 0.006 0.019 0.089
199 S 0.113 0.04 0.078 0.045 0.013 0.032 0.08 0.053 0.018 0.025 0.036 0.081 0.013 0.017 0.024 0.222 0.056 0.004 0.015 0.035
200 K 0.044 0.063 0.155 0.049 0.008 0.039 0.085 0.041 0.02 0.028 0.046 0.212 0.039 0.017 0.02 0.048 0.036 0.004 0.015 0.031
201 K 0.044 0.243 0.034 0.031 0.007 0.043 0.053 0.033 0.018 0.022 0.038 0.265 0.013 0.014 0.02 0.042 0.032 0.005 0.015 0.027
202 K 0.083 0.065 0.033 0.051 0.008 0.047 0.195 0.037 0.019 0.023 0.036 0.223 0.012 0.014 0.023 0.049 0.034 0.005 0.014 0.03
203 G 0.066 0.019 0.033 0.029 0.009 0.016 0.022 0.585 0.011 0.016 0.024 0.029 0.008 0.014 0.016 0.043 0.025 0.005 0.009 0.021
204 Y 0.035 0.027 0.025 0.02 0.009 0.021 0.029 0.024 0.157 0.045 0.139 0.029 0.021 0.077 0.014 0.028 0.024 0.015 0.219 0.043
205 G 0.066 0.019 0.033 0.029 0.009 0.016 0.022 0.585 0.011 0.016 0.024 0.029 0.008 0.014 0.016 0.043 0.025 0.005 0.009 0.021
206 L 0.044 0.02 0.013 0.014 0.014 0.014 0.018 0.019 0.008 0.11 0.363 0.022 0.037 0.042 0.013 0.023 0.032 0.006 0.018 0.171
207 L 0.039 0.02 0.012 0.013 0.014 0.013 0.017 0.018 0.008 0.128 0.42 0.021 0.04 0.045 0.012 0.021 0.03 0.006 0.019 0.103
208 N 0.036 0.038 0.421 0.07 0.008 0.029 0.042 0.055 0.027 0.019 0.027 0.046 0.009 0.015 0.017 0.059 0.042 0.004 0.013 0.023
209 F 0.036 0.017 0.014 0.015 0.011 0.011 0.017 0.02 0.013 0.148 0.108 0.018 0.024 0.284 0.011 0.023 0.028 0.011 0.069 0.122
210 F 0.036 0.017 0.013 0.014 0.012 0.011 0.016 0.019 0.011 0.153 0.218 0.019 0.03 0.22 0.011 0.021 0.028 0.009 0.041 0.099
211 L 0.06 0.021 0.016 0.017 0.014 0.015 0.02 0.023 0.009 0.144 0.322 0.025 0.035 0.039 0.014 0.032 0.08 0.006 0.018 0.091
212 I 0.042 0.017 0.015 0.017 0.014 0.013 0.017 0.019 0.008 0.325 0.161 0.022 0.031 0.036 0.014 0.027 0.066 0.005 0.017 0.135
213 M 0.065 0.025 0.02 0.02 0.013 0.021 0.025 0.028 0.015 0.072 0.107 0.03 0.126 0.042 0.015 0.04 0.099 0.064 0.063 0.11
214 W 0.044 0.02 0.018 0.018 0.011 0.015 0.02 0.135 0.011 0.058 0.15 0.023 0.048 0.082 0.012 0.036 0.028 0.159 0.033 0.079
215 G 0.15 0.028 0.037 0.034 0.014 0.023 0.035 0.217 0.014 0.025 0.035 0.039 0.012 0.017 0.022 0.194 0.05 0.004 0.013 0.036
216 N 0.037 0.037 0.343 0.062 0.008 0.028 0.041 0.051 0.068 0.019 0.028 0.044 0.01 0.016 0.072 0.055 0.039 0.004 0.017 0.023
217 F 0.071 0.018 0.015 0.015 0.012 0.011 0.018 0.025 0.012 0.098 0.135 0.02 0.024 0.301 0.012 0.027 0.028 0.011 0.052 0.095
218 L 0.045 0.022 0.017 0.017 0.014 0.016 0.021 0.022 0.009 0.12 0.314 0.025 0.038 0.039 0.015 0.033 0.097 0.006 0.018 0.114
219 A 0.32 0.025 0.021 0.024 0.018 0.02 0.032 0.057 0.012 0.057 0.062 0.035 0.017 0.021 0.023 0.072 0.043 0.005 0.015 0.122
220 F 0.029 0.016 0.014 0.014 0.009 0.009 0.016 0.022 0.014 0.054 0.097 0.016 0.022 0.48 0.009 0.022 0.022 0.014 0.075 0.047
221 L 0.062 0.019 0.014 0.015 0.012 0.014 0.019 0.024 0.01 0.133 0.2 0.022 0.027 0.042 0.012 0.026 0.035 0.175 0.03 0.111
222 L 0.037 0.02 0.013 0.013 0.013 0.013 0.017 0.019 0.01 0.094 0.381 0.02 0.037 0.133 0.011 0.021 0.027 0.008 0.03 0.084
223 G 0.066 0.019 0.033 0.029 0.009 0.016 0.022 0.585 0.011 0.016 0.024 0.029 0.008 0.014 0.016 0.043 0.025 0.005 0.009 0.021
224 F 0.037 0.019 0.014 0.014 0.011 0.013 0.018 0.021 0.014 0.078 0.195 0.021 0.053 0.231 0.011 0.024 0.027 0.011 0.083 0.102
225 Y 0.038 0.035 0.024 0.027 0.008 0.071 0.073 0.026 0.056 0.036 0.09 0.056 0.018 0.063 0.015 0.032 0.027 0.07 0.198 0.038
226 C 0.047 0.028 0.023 0.022 0.125 0.018 0.026 0.031 0.012 0.039 0.059 0.061 0.016 0.121 0.015 0.056 0.112 0.11 0.034 0.044
227 K 0.041 0.162 0.032 0.029 0.007 0.066 0.05 0.031 0.067 0.025 0.042 0.175 0.014 0.034 0.018 0.039 0.03 0.009 0.1 0.029
228 T 0.055 0.075 0.031 0.027 0.013 0.026 0.035 0.032 0.036 0.058 0.062 0.076 0.018 0.026 0.02 0.056 0.198 0.006 0.037 0.115
229 A 0.142 0.035 0.031 0.034 0.014 0.032 0.074 0.045 0.014 0.049 0.092 0.069 0.018 0.021 0.022 0.135 0.067 0.005 0.016 0.085
230 R 0.048 0.201 0.036 0.031 0.007 0.038 0.052 0.06 0.102 0.022 0.037 0.166 0.013 0.016 0.035 0.042 0.041 0.005 0.021 0.027
231 R 0.043 0.267 0.138 0.04 0.008 0.037 0.045 0.038 0.021 0.02 0.035 0.111 0.012 0.015 0.018 0.069 0.037 0.005 0.014 0.026
232 K 0.057 0.107 0.042 0.042 0.009 0.054 0.071 0.043 0.021 0.028 0.043 0.278 0.016 0.016 0.028 0.054 0.04 0.005 0.017 0.033
233 K 0.051 0.089 0.028 0.027 0.011 0.031 0.041 0.03 0.014 0.073 0.105 0.186 0.021 0.023 0.019 0.042 0.07 0.005 0.016 0.118
234 S 0.064 0.061 0.108 0.04 0.011 0.028 0.04 0.106 0.017 0.032 0.082 0.082 0.015 0.02 0.02 0.155 0.065 0.005 0.014 0.037
235 W 0.033 0.019 0.013 0.014 0.01 0.013 0.018 0.023 0.012 0.093 0.124 0.02 0.021 0.091 0.009 0.021 0.025 0.301 0.051 0.091
236 P 0.047 0.021 0.019 0.021 0.012 0.016 0.024 0.026 0.011 0.079 0.093 0.028 0.046 0.119 0.19 0.035 0.07 0.006 0.028 0.111
237 L 0.039 0.021 0.013 0.014 0.014 0.015 0.018 0.019 0.013 0.126 0.362 0.023 0.039 0.056 0.013 0.022 0.03 0.008 0.067 0.089
238 V 0.082 0.019 0.014 0.016 0.015 0.013 0.019 0.025 0.009 0.154 0.16 0.022 0.028 0.1 0.014 0.029 0.035 0.006 0.026 0.214
239 V 0.053 0.019 0.014 0.015 0.014 0.013 0.019 0.021 0.009 0.11 0.201 0.021 0.03 0.124 0.013 0.025 0.034 0.007 0.029 0.23
240 L 0.076 0.019 0.015 0.016 0.067 0.013 0.02 0.026 0.013 0.075 0.185 0.022 0.026 0.17 0.013 0.033 0.03 0.01 0.074 0.097
241 A 0.195 0.021 0.019 0.02 0.071 0.017 0.025 0.096 0.01 0.076 0.072 0.029 0.019 0.023 0.019 0.048 0.039 0.004 0.015 0.182
242 L 0.04 0.019 0.013 0.014 0.021 0.013 0.017 0.019 0.009 0.127 0.335 0.021 0.036 0.092 0.012 0.022 0.03 0.007 0.025 0.129
243 L 0.048 0.022 0.018 0.018 0.014 0.016 0.022 0.024 0.01 0.122 0.297 0.026 0.046 0.038 0.015 0.06 0.068 0.006 0.018 0.112
244 V 0.093 0.019 0.015 0.016 0.015 0.014 0.02 0.026 0.008 0.155 0.107 0.023 0.026 0.075 0.015 0.031 0.039 0.006 0.023 0.275
245 L 0.039 0.022 0.013 0.014 0.014 0.016 0.018 0.019 0.01 0.095 0.41 0.023 0.091 0.045 0.012 0.023 0.029 0.006 0.019 0.081
246 G 0.08 0.021 0.021 0.02 0.013 0.016 0.022 0.198 0.011 0.083 0.123 0.026 0.06 0.073 0.015 0.04 0.032 0.006 0.021 0.119
247 F 0.037 0.02 0.017 0.017 0.018 0.013 0.02 0.024 0.013 0.057 0.13 0.022 0.048 0.293 0.067 0.03 0.058 0.01 0.051 0.053
248 C 0.049 0.021 0.016 0.016 0.342 0.044 0.022 0.025 0.009 0.054 0.178 0.024 0.023 0.025 0.014 0.032 0.031 0.004 0.014 0.056
249 A 0.271 0.029 0.028 0.029 0.017 0.024 0.036 0.059 0.014 0.038 0.058 0.039 0.042 0.02 0.024 0.148 0.05 0.005 0.015 0.053
250 Y 0.034 0.023 0.018 0.016 0.008 0.017 0.022 0.021 0.034 0.042 0.07 0.025 0.03 0.168 0.013 0.026 0.024 0.021 0.345 0.043
251 L 0.043 0.019 0.013 0.015 0.014 0.014 0.018 0.019 0.009 0.186 0.23 0.022 0.058 0.083 0.012 0.023 0.033 0.006 0.024 0.16
252 Q 0.067 0.052 0.074 0.041 0.008 0.24 0.07 0.121 0.022 0.022 0.037 0.065 0.015 0.013 0.019 0.049 0.035 0.005 0.016 0.029
253 G 0.066 0.019 0.033 0.029 0.009 0.016 0.022 0.585 0.011 0.016 0.024 0.029 0.008 0.014 0.016 0.043 0.025 0.005 0.009 0.021
254 I 0.04 0.016 0.013 0.015 0.013 0.011 0.016 0.019 0.009 0.258 0.162 0.02 0.03 0.126 0.012 0.022 0.032 0.007 0.029 0.151
255 K 0.048 0.091 0.035 0.035 0.007 0.045 0.06 0.037 0.018 0.023 0.037 0.388 0.013 0.013 0.023 0.045 0.034 0.004 0.015 0.028
256 S 0.089 0.032 0.044 0.04 0.014 0.026 0.041 0.135 0.016 0.024 0.034 0.043 0.013 0.017 0.024 0.295 0.063 0.004 0.014 0.033
257 R 0.039 0.41 0.033 0.027 0.007 0.041 0.046 0.029 0.02 0.02 0.039 0.13 0.013 0.015 0.017 0.039 0.03 0.005 0.015 0.026
258 I 0.057 0.018 0.014 0.015 0.013 0.012 0.017 0.022 0.01 0.19 0.188 0.021 0.034 0.148 0.012 0.025 0.031 0.007 0.032 0.134
259 F 0.035 0.016 0.014 0.016 0.011 0.011 0.017 0.021 0.011 0.182 0.108 0.02 0.024 0.256 0.067 0.023 0.027 0.009 0.046 0.086
260 L 0.036 0.02 0.014 0.014 0.011 0.014 0.019 0.02 0.017 0.075 0.224 0.021 0.032 0.19 0.012 0.023 0.027 0.012 0.128 0.091
261 L 0.034 0.019 0.014 0.014 0.011 0.012 0.017 0.02 0.014 0.103 0.247 0.02 0.03 0.226 0.011 0.022 0.026 0.011 0.082 0.07
262 L 0.093 0.021 0.02 0.02 0.013 0.016 0.021 0.187 0.011 0.061 0.215 0.026 0.055 0.076 0.015 0.035 0.029 0.006 0.021 0.057
263 I 0.043 0.017 0.013 0.015 0.014 0.012 0.017 0.019 0.008 0.26 0.163 0.02 0.03 0.081 0.012 0.023 0.034 0.006 0.023 0.19
264 F 0.033 0.016 0.014 0.014 0.011 0.01 0.016 0.02 0.012 0.142 0.164 0.018 0.027 0.305 0.01 0.021 0.026 0.011 0.052 0.078
265 F 0.029 0.017 0.015 0.014 0.009 0.01 0.017 0.021 0.017 0.052 0.093 0.017 0.021 0.443 0.009 0.022 0.022 0.015 0.11 0.046
266 S 0.063 0.026 0.03 0.028 0.013 0.019 0.03 0.038 0.014 0.079 0.127 0.032 0.021 0.14 0.018 0.18 0.048 0.007 0.031 0.057
267 L 0.129 0.025 0.024 0.024 0.015 0.02 0.029 0.039 0.011 0.073 0.215 0.032 0.026 0.03 0.019 0.127 0.045 0.005 0.017 0.094
268 P 0.048 0.022 0.02 0.026 0.009 0.018 0.031 0.031 0.011 0.022 0.031 0.035 0.009 0.011 0.571 0.037 0.031 0.002 0.011 0.026
269 W 0.029 0.027 0.016 0.015 0.007 0.017 0.024 0.026 0.016 0.027 0.045 0.057 0.013 0.053 0.009 0.023 0.021 0.459 0.09 0.027
270 L 0.037 0.019 0.012 0.013 0.013 0.013 0.017 0.018 0.009 0.128 0.372 0.02 0.038 0.11 0.012 0.021 0.028 0.007 0.027 0.085
271 A 0.142 0.024 0.018 0.019 0.06 0.02 0.025 0.035 0.014 0.069 0.135 0.029 0.101 0.038 0.017 0.046 0.041 0.007 0.058 0.1
272 T 0.059 0.093 0.033 0.029 0.013 0.041 0.037 0.035 0.017 0.047 0.064 0.048 0.043 0.03 0.02 0.111 0.143 0.007 0.056 0.073
273 A 0.186 0.026 0.023 0.024 0.015 0.021 0.029 0.044 0.013 0.084 0.094 0.033 0.076 0.064 0.02 0.08 0.072 0.006 0.021 0.069
274 R 0.062 0.222 0.032 0.038 0.008 0.043 0.119 0.032 0.019 0.027 0.041 0.168 0.013 0.015 0.02 0.043 0.032 0.005 0.015 0.046
275 L 0.038 0.019 0.013 0.013 0.013 0.013 0.017 0.019 0.01 0.094 0.354 0.02 0.036 0.131 0.012 0.022 0.029 0.008 0.03 0.109
276 S 0.068 0.121 0.059 0.037 0.012 0.031 0.043 0.044 0.017 0.028 0.04 0.09 0.014 0.017 0.022 0.176 0.123 0.005 0.015 0.038
277 L 0.039 0.019 0.013 0.014 0.013 0.014 0.017 0.018 0.011 0.169 0.33 0.022 0.036 0.05 0.012 0.022 0.03 0.007 0.059 0.105
278 K 0.053 0.097 0.039 0.032 0.009 0.034 0.045 0.091 0.016 0.04 0.053 0.202 0.018 0.04 0.02 0.074 0.068 0.013 0.018 0.037
279 K 0.05 0.1 0.035 0.034 0.009 0.112 0.057 0.035 0.019 0.029 0.043 0.174 0.015 0.02 0.021 0.052 0.115 0.006 0.036 0.037
280 G 0.073 0.02 0.024 0.022 0.02 0.015 0.021 0.316 0.01 0.081 0.154 0.026 0.02 0.025 0.015 0.041 0.029 0.005 0.013 0.069
281 I 0.117 0.02 0.017 0.018 0.015 0.015 0.022 0.048 0.009 0.201 0.141 0.026 0.026 0.031 0.016 0.045 0.043 0.005 0.017 0.168
282 V 0.121 0.021 0.018 0.019 0.023 0.016 0.023 0.087 0.01 0.099 0.151 0.026 0.024 0.052 0.016 0.039 0.052 0.013 0.02 0.172
283 L 0.04 0.018 0.013 0.014 0.014 0.012 0.016 0.018 0.009 0.206 0.272 0.02 0.034 0.085 0.012 0.022 0.031 0.006 0.024 0.134
284 F 0.098 0.021 0.022 0.021 0.011 0.014 0.024 0.09 0.014 0.043 0.073 0.025 0.018 0.295 0.015 0.079 0.032 0.01 0.051 0.044
285 L 0.087 0.02 0.014 0.015 0.015 0.014 0.02 0.025 0.009 0.105 0.224 0.023 0.03 0.079 0.014 0.03 0.035 0.006 0.023 0.21
286 G 0.133 0.023 0.028 0.026 0.013 0.018 0.027 0.253 0.012 0.038 0.106 0.031 0.017 0.067 0.018 0.088 0.036 0.006 0.019 0.043
287 F 0.03 0.017 0.014 0.014 0.009 0.009 0.016 0.021 0.014 0.058 0.134 0.017 0.024 0.437 0.009 0.021 0.022 0.013 0.07 0.05
288 F 0.041 0.02 0.015 0.015 0.013 0.015 0.019 0.021 0.012 0.116 0.169 0.023 0.112 0.171 0.012 0.025 0.031 0.008 0.036 0.126
289 V 0.083 0.02 0.018 0.018 0.014 0.014 0.022 0.028 0.011 0.131 0.135 0.024 0.025 0.146 0.014 0.06 0.037 0.007 0.032 0.16
290 L 0.08 0.021 0.014 0.015 0.014 0.015 0.02 0.025 0.01 0.085 0.354 0.024 0.061 0.086 0.013 0.028 0.03 0.007 0.024 0.075
291 F 0.032 0.018 0.013 0.014 0.011 0.011 0.017 0.02 0.012 0.071 0.246 0.018 0.03 0.307 0.01 0.021 0.024 0.011 0.053 0.061
292 S 0.067 0.027 0.03 0.027 0.012 0.022 0.031 0.092 0.022 0.041 0.098 0.034 0.044 0.05 0.018 0.149 0.043 0.011 0.137 0.044
293 L 0.044 0.018 0.019 0.018 0.011 0.013 0.018 0.189 0.011 0.088 0.192 0.022 0.025 0.166 0.012 0.028 0.026 0.008 0.033 0.06
294 A 0.224 0.026 0.03 0.029 0.015 0.021 0.032 0.218 0.013 0.03 0.041 0.036 0.013 0.017 0.022 0.1 0.073 0.005 0.013 0.044
295 M 0.049 0.029 0.063 0.027 0.013 0.024 0.028 0.031 0.014 0.067 0.119 0.034 0.179 0.032 0.017 0.048 0.133 0.006 0.018 0.067
296 Y 0.035 0.022 0.016 0.015 0.01 0.016 0.021 0.02 0.027 0.058 0.186 0.024 0.024 0.127 0.012 0.024 0.025 0.017 0.261 0.058
297 V 0.044 0.018 0.014 0.015 0.013 0.012 0.018 0.02 0.01 0.143 0.166 0.02 0.032 0.169 0.012 0.024 0.032 0.008 0.035 0.197
298 R 0.038 0.445 0.033 0.026 0.007 0.041 0.044 0.028 0.02 0.02 0.039 0.102 0.013 0.015 0.016 0.038 0.03 0.005 0.015 0.026
299 S 0.084 0.033 0.043 0.039 0.015 0.027 0.041 0.05 0.015 0.031 0.041 0.044 0.014 0.018 0.025 0.261 0.157 0.005 0.015 0.043
300 N 0.04 0.038 0.225 0.121 0.007 0.039 0.191 0.043 0.024 0.019 0.028 0.052 0.01 0.014 0.019 0.052 0.036 0.004 0.013 0.024
301 G 0.072 0.02 0.033 0.029 0.009 0.016 0.022 0.576 0.011 0.016 0.024 0.029 0.008 0.014 0.016 0.044 0.025 0.005 0.009 0.021
302 F 0.029 0.017 0.015 0.014 0.009 0.01 0.017 0.021 0.017 0.052 0.093 0.017 0.021 0.443 0.009 0.022 0.022 0.015 0.11 0.046
303 Y 0.034 0.024 0.018 0.016 0.008 0.018 0.024 0.021 0.04 0.037 0.058 0.026 0.016 0.111 0.013 0.026 0.024 0.024 0.422 0.04
304 N 0.156 0.034 0.222 0.051 0.012 0.027 0.04 0.059 0.02 0.026 0.036 0.048 0.012 0.017 0.021 0.118 0.047 0.004 0.014 0.036
305 S 0.08 0.032 0.042 0.038 0.015 0.026 0.04 0.048 0.014 0.033 0.044 0.043 0.015 0.019 0.024 0.233 0.188 0.005 0.015 0.046
306 P 0.124 0.025 0.024 0.028 0.012 0.02 0.033 0.041 0.012 0.027 0.038 0.037 0.011 0.014 0.352 0.078 0.07 0.003 0.013 0.037
307 E 0.047 0.08 0.03 0.051 0.007 0.04 0.21 0.048 0.018 0.02 0.032 0.09 0.011 0.013 0.186 0.043 0.031 0.004 0.013 0.026
308 F 0.044 0.024 0.019 0.018 0.012 0.019 0.023 0.026 0.014 0.071 0.163 0.027 0.156 0.171 0.013 0.058 0.033 0.009 0.036 0.065
309 L 0.043 0.02 0.018 0.018 0.012 0.014 0.02 0.08 0.011 0.069 0.27 0.023 0.03 0.17 0.013 0.055 0.03 0.008 0.034 0.06
310 L 0.04 0.019 0.012 0.014 0.014 0.013 0.017 0.018 0.008 0.159 0.369 0.021 0.038 0.043 0.012 0.021 0.031 0.006 0.018 0.125
311 E 0.047 0.042 0.034 0.076 0.006 0.055 0.404 0.03 0.022 0.019 0.031 0.064 0.011 0.014 0.022 0.047 0.031 0.005 0.014 0.027
312 Y 0.037 0.025 0.018 0.016 0.01 0.02 0.024 0.022 0.032 0.051 0.091 0.028 0.098 0.09 0.013 0.028 0.027 0.019 0.301 0.051
313 L 0.034 0.019 0.013 0.014 0.011 0.012 0.017 0.02 0.012 0.075 0.269 0.019 0.044 0.263 0.011 0.022 0.025 0.01 0.047 0.064
314 L 0.041 0.02 0.013 0.014 0.014 0.014 0.018 0.019 0.009 0.158 0.339 0.022 0.063 0.042 0.012 0.022 0.031 0.006 0.019 0.125
315 T 0.067 0.03 0.09 0.039 0.013 0.024 0.035 0.154 0.015 0.031 0.04 0.039 0.013 0.018 0.022 0.134 0.179 0.005 0.014 0.041
316 Y 0.034 0.024 0.018 0.016 0.008 0.018 0.024 0.021 0.04 0.037 0.058 0.026 0.016 0.111 0.013 0.026 0.024 0.024 0.422 0.04
317 F 0.029 0.016 0.014 0.014 0.009 0.009 0.016 0.022 0.014 0.054 0.097 0.016 0.022 0.48 0.009 0.022 0.022 0.014 0.075 0.047
318 N 0.036 0.038 0.421 0.07 0.008 0.029 0.042 0.055 0.027 0.019 0.027 0.046 0.009 0.015 0.017 0.059 0.042 0.004 0.013 0.023
319 T 0.132 0.029 0.032 0.03 0.016 0.023 0.033 0.043 0.012 0.051 0.058 0.037 0.017 0.021 0.023 0.098 0.236 0.005 0.015 0.089
320 I 0.036 0.016 0.014 0.015 0.012 0.011 0.016 0.019 0.013 0.249 0.12 0.019 0.027 0.178 0.011 0.022 0.029 0.01 0.075 0.108
