#Seq2Logo.py -f /work3/idamei/ssn-clusterings/clustering/2205181126/clusters/0012_335/sequences.afa -o /work3/idamei/ssn-clusterings/clustering/2205181126/clusters/0012_335/sequences.logo
#Position Specific Frequency Matrix
A R N D C Q E G H I L K M F P S T W Y V
0 L 0.052 0.032 0.02 0.02 0.016 0.028 0.028 0.028 0.016 0.101 0.197 0.036 0.158 0.048 0.016 0.036 0.04 0.008 0.024 0.093
1 Q 0.056 0.074 0.044 0.047 0.009 0.212 0.103 0.041 0.029 0.027 0.047 0.092 0.021 0.015 0.024 0.056 0.041 0.006 0.021 0.035
2 A 0.288 0.031 0.026 0.03 0.022 0.026 0.041 0.079 0.015 0.043 0.06 0.045 0.018 0.022 0.03 0.085 0.05 0.005 0.018 0.069
3 D 0.041 0.03 0.069 0.395 0.008 0.03 0.092 0.047 0.019 0.022 0.028 0.045 0.009 0.015 0.022 0.052 0.036 0.004 0.011 0.024
4 R 0.045 0.343 0.039 0.031 0.008 0.049 0.052 0.033 0.023 0.023 0.047 0.121 0.016 0.017 0.019 0.045 0.035 0.006 0.017 0.031
5 R 0.045 0.343 0.039 0.031 0.008 0.049 0.052 0.033 0.023 0.023 0.047 0.121 0.016 0.017 0.019 0.045 0.035 0.006 0.017 0.031
6 K 0.057 0.107 0.042 0.042 0.009 0.054 0.071 0.043 0.021 0.028 0.043 0.276 0.016 0.016 0.028 0.054 0.04 0.005 0.017 0.033
7 T 0.073 0.036 0.044 0.038 0.018 0.028 0.04 0.044 0.014 0.053 0.065 0.046 0.02 0.024 0.028 0.093 0.244 0.006 0.018 0.071
8 F 0.034 0.019 0.017 0.017 0.011 0.011 0.019 0.025 0.017 0.064 0.115 0.019 0.025 0.385 0.011 0.025 0.025 0.017 0.089 0.055
9 G 0.079 0.023 0.039 0.034 0.011 0.019 0.026 0.508 0.014 0.019 0.028 0.034 0.009 0.016 0.019 0.051 0.03 0.005 0.011 0.024
10 K 0.057 0.107 0.042 0.042 0.009 0.054 0.071 0.043 0.021 0.028 0.043 0.276 0.016 0.016 0.028 0.054 0.04 0.005 0.017 0.033
11 L 0.051 0.032 0.02 0.02 0.016 0.028 0.028 0.028 0.016 0.099 0.194 0.036 0.173 0.047 0.016 0.036 0.04 0.008 0.024 0.091
12 R 0.045 0.343 0.039 0.031 0.008 0.049 0.052 0.033 0.023 0.023 0.047 0.121 0.016 0.017 0.019 0.045 0.035 0.006 0.017 0.031
13 I 0.047 0.018 0.015 0.018 0.016 0.013 0.018 0.021 0.009 0.269 0.168 0.024 0.037 0.044 0.015 0.025 0.04 0.006 0.021 0.177
14 T 0.064 0.112 0.035 0.03 0.015 0.03 0.038 0.036 0.015 0.073 0.076 0.058 0.021 0.025 0.022 0.065 0.15 0.006 0.018 0.113
15 I 0.046 0.019 0.014 0.017 0.016 0.014 0.018 0.02 0.009 0.24 0.22 0.024 0.039 0.046 0.014 0.024 0.038 0.006 0.021 0.154
16 R 0.05 0.23 0.04 0.036 0.008 0.05 0.061 0.037 0.022 0.025 0.044 0.204 0.015 0.016 0.023 0.048 0.037 0.005 0.017 0.031
17 I 0.046 0.017 0.014 0.017 0.016 0.013 0.017 0.02 0.009 0.282 0.165 0.023 0.036 0.044 0.014 0.025 0.039 0.006 0.02 0.174
18 N 0.042 0.042 0.284 0.136 0.009 0.033 0.056 0.061 0.029 0.022 0.03 0.052 0.011 0.017 0.02 0.066 0.046 0.004 0.015 0.026
19 N 0.061 0.052 0.189 0.062 0.011 0.035 0.051 0.058 0.027 0.026 0.038 0.091 0.013 0.026 0.023 0.104 0.054 0.006 0.038 0.033
20 L 0.045 0.023 0.015 0.016 0.016 0.016 0.02 0.021 0.01 0.155 0.316 0.025 0.055 0.051 0.014 0.025 0.035 0.007 0.022 0.114
21 F 0.033 0.019 0.017 0.017 0.01 0.01 0.019 0.025 0.017 0.062 0.113 0.019 0.025 0.396 0.01 0.025 0.025 0.017 0.087 0.054
22 F 0.032 0.02 0.016 0.016 0.01 0.012 0.02 0.026 0.016 0.054 0.097 0.02 0.023 0.312 0.01 0.024 0.024 0.137 0.082 0.048
23 V 0.068 0.022 0.019 0.02 0.018 0.017 0.024 0.027 0.009 0.171 0.127 0.028 0.031 0.035 0.017 0.048 0.05 0.005 0.02 0.242
24 C 0.127 0.022 0.021 0.022 0.334 0.017 0.025 0.046 0.011 0.042 0.061 0.029 0.016 0.02 0.02 0.067 0.043 0.004 0.014 0.058
25 L 0.044 0.022 0.014 0.016 0.016 0.015 0.019 0.021 0.01 0.156 0.33 0.025 0.046 0.051 0.014 0.024 0.034 0.007 0.022 0.115
26 S 0.156 0.037 0.046 0.043 0.018 0.031 0.049 0.068 0.018 0.033 0.046 0.051 0.016 0.021 0.029 0.195 0.073 0.005 0.017 0.048
27 F 0.037 0.018 0.016 0.017 0.012 0.011 0.018 0.024 0.015 0.117 0.126 0.02 0.028 0.308 0.011 0.025 0.029 0.014 0.071 0.084
28 L 0.061 0.03 0.027 0.026 0.015 0.025 0.031 0.036 0.017 0.072 0.135 0.036 0.097 0.128 0.018 0.082 0.046 0.009 0.038 0.069
29 G 0.077 0.023 0.039 0.033 0.011 0.019 0.025 0.517 0.013 0.019 0.028 0.033 0.009 0.016 0.019 0.051 0.029 0.005 0.011 0.024
30 I 0.046 0.017 0.014 0.017 0.016 0.013 0.017 0.02 0.009 0.282 0.165 0.023 0.036 0.044 0.014 0.025 0.039 0.006 0.02 0.174
31 V 0.063 0.021 0.016 0.018 0.018 0.015 0.022 0.023 0.008 0.192 0.138 0.025 0.032 0.037 0.016 0.03 0.046 0.006 0.02 0.253
32 L 0.045 0.021 0.014 0.016 0.016 0.015 0.019 0.021 0.009 0.198 0.275 0.024 0.043 0.049 0.014 0.024 0.036 0.006 0.021 0.134
33 S 0.1 0.035 0.05 0.044 0.016 0.029 0.045 0.178 0.018 0.027 0.038 0.048 0.014 0.019 0.027 0.186 0.068 0.005 0.016 0.037
34 N 0.073 0.04 0.189 0.064 0.013 0.032 0.048 0.102 0.025 0.025 0.035 0.052 0.013 0.019 0.024 0.135 0.06 0.005 0.016 0.032
35 S 0.108 0.04 0.053 0.048 0.017 0.033 0.052 0.065 0.019 0.029 0.041 0.053 0.015 0.021 0.029 0.231 0.081 0.005 0.017 0.041
36 Q 0.055 0.072 0.043 0.046 0.009 0.226 0.101 0.041 0.029 0.026 0.046 0.09 0.02 0.014 0.023 0.055 0.041 0.006 0.02 0.035
37 V 0.099 0.022 0.018 0.019 0.017 0.016 0.025 0.033 0.011 0.117 0.113 0.027 0.027 0.123 0.017 0.039 0.043 0.008 0.037 0.188
38 I 0.052 0.022 0.016 0.018 0.016 0.017 0.021 0.024 0.011 0.188 0.159 0.027 0.068 0.072 0.015 0.029 0.04 0.007 0.027 0.17
39 L 0.055 0.023 0.041 0.022 0.017 0.017 0.023 0.026 0.011 0.168 0.194 0.027 0.035 0.04 0.016 0.031 0.042 0.006 0.02 0.186
40 N 0.123 0.04 0.183 0.06 0.014 0.031 0.047 0.068 0.024 0.029 0.04 0.051 0.014 0.019 0.025 0.113 0.057 0.005 0.016 0.041
41 L 0.043 0.023 0.016 0.017 0.014 0.016 0.021 0.022 0.019 0.134 0.228 0.025 0.036 0.099 0.014 0.026 0.032 0.013 0.103 0.099
42 G 0.096 0.023 0.037 0.033 0.012 0.019 0.026 0.481 0.013 0.021 0.03 0.034 0.01 0.016 0.02 0.053 0.031 0.005 0.011 0.028
43 L 0.047 0.044 0.021 0.022 0.014 0.025 0.032 0.026 0.012 0.106 0.281 0.091 0.039 0.043 0.017 0.031 0.035 0.006 0.021 0.086
44 D 0.122 0.032 0.054 0.223 0.013 0.029 0.068 0.059 0.018 0.029 0.039 0.046 0.013 0.018 0.026 0.105 0.05 0.004 0.014 0.039
45 S 0.097 0.04 0.099 0.054 0.016 0.033 0.051 0.065 0.021 0.028 0.04 0.053 0.015 0.02 0.028 0.204 0.075 0.005 0.017 0.039
46 V 0.063 0.043 0.025 0.026 0.015 0.026 0.036 0.031 0.012 0.147 0.109 0.093 0.027 0.031 0.02 0.052 0.047 0.005 0.019 0.172
47 L 0.051 0.021 0.015 0.017 0.017 0.015 0.02 0.021 0.009 0.197 0.23 0.024 0.039 0.045 0.015 0.026 0.039 0.006 0.021 0.173
48 E 0.055 0.075 0.042 0.056 0.008 0.142 0.145 0.04 0.026 0.025 0.043 0.136 0.017 0.015 0.025 0.054 0.039 0.006 0.018 0.033
49 Y 0.043 0.029 0.021 0.019 0.011 0.023 0.028 0.025 0.038 0.057 0.099 0.032 0.057 0.109 0.015 0.032 0.031 0.023 0.252 0.057
50 L 0.049 0.022 0.014 0.016 0.016 0.015 0.02 0.021 0.009 0.164 0.287 0.025 0.043 0.048 0.014 0.026 0.037 0.006 0.021 0.145
51 S 0.122 0.039 0.051 0.047 0.018 0.032 0.051 0.066 0.019 0.03 0.043 0.053 0.016 0.021 0.029 0.221 0.079 0.005 0.017 0.043
52 Y 0.04 0.028 0.021 0.018 0.009 0.021 0.028 0.025 0.046 0.043 0.067 0.031 0.018 0.129 0.015 0.031 0.028 0.028 0.328 0.046
53 F 0.039 0.02 0.015 0.016 0.013 0.012 0.019 0.023 0.013 0.13 0.194 0.021 0.034 0.222 0.012 0.025 0.031 0.012 0.054 0.094
54 I 0.053 0.021 0.016 0.018 0.017 0.017 0.021 0.023 0.01 0.207 0.177 0.026 0.06 0.043 0.015 0.028 0.041 0.006 0.021 0.18
55 L 0.044 0.024 0.014 0.015 0.016 0.016 0.02 0.021 0.01 0.114 0.385 0.025 0.049 0.054 0.014 0.024 0.033 0.007 0.022 0.095
56 I 0.046 0.021 0.016 0.018 0.015 0.016 0.02 0.022 0.011 0.219 0.182 0.025 0.061 0.074 0.014 0.027 0.038 0.007 0.027 0.144
57 L 0.055 0.027 0.021 0.021 0.016 0.019 0.025 0.028 0.011 0.1 0.327 0.03 0.043 0.048 0.017 0.059 0.041 0.007 0.021 0.086
58 C 0.075 0.022 0.025 0.024 0.373 0.017 0.025 0.04 0.011 0.04 0.058 0.028 0.016 0.02 0.019 0.088 0.047 0.004 0.013 0.052
59 I 0.05 0.018 0.015 0.017 0.016 0.014 0.018 0.021 0.009 0.26 0.159 0.024 0.035 0.042 0.015 0.026 0.041 0.006 0.02 0.193
60 F 0.045 0.02 0.016 0.017 0.014 0.013 0.02 0.024 0.013 0.128 0.148 0.022 0.03 0.219 0.013 0.027 0.034 0.011 0.054 0.134
61 L 0.045 0.028 0.093 0.032 0.014 0.02 0.027 0.032 0.016 0.091 0.255 0.032 0.036 0.068 0.015 0.036 0.038 0.007 0.025 0.09
62 D 0.053 0.054 0.12 0.142 0.011 0.036 0.062 0.049 0.021 0.031 0.041 0.108 0.014 0.018 0.024 0.066 0.095 0.005 0.015 0.038
63 L 0.041 0.023 0.015 0.015 0.015 0.015 0.02 0.022 0.012 0.101 0.317 0.023 0.043 0.139 0.013 0.024 0.031 0.009 0.038 0.085
64 L 0.044 0.022 0.016 0.017 0.014 0.016 0.021 0.022 0.018 0.166 0.214 0.026 0.036 0.068 0.015 0.026 0.034 0.012 0.098 0.116
65 K 0.057 0.112 0.037 0.036 0.01 0.046 0.06 0.039 0.019 0.049 0.057 0.231 0.018 0.019 0.025 0.049 0.04 0.005 0.018 0.073
66 N 0.047 0.044 0.307 0.079 0.009 0.033 0.049 0.064 0.03 0.023 0.032 0.053 0.011 0.018 0.021 0.08 0.051 0.004 0.016 0.028
67 F 0.051 0.086 0.106 0.042 0.011 0.028 0.039 0.043 0.021 0.039 0.061 0.053 0.017 0.113 0.059 0.067 0.079 0.008 0.034 0.043
68 K 0.052 0.078 0.033 0.033 0.01 0.04 0.054 0.037 0.018 0.046 0.112 0.202 0.022 0.05 0.057 0.045 0.037 0.006 0.023 0.046
69 N 0.048 0.058 0.145 0.08 0.009 0.038 0.057 0.049 0.109 0.026 0.038 0.109 0.014 0.02 0.022 0.059 0.057 0.005 0.026 0.03
70 I 0.051 0.025 0.093 0.034 0.015 0.019 0.027 0.032 0.014 0.187 0.123 0.031 0.029 0.035 0.016 0.038 0.044 0.005 0.019 0.164
71 V 0.052 0.026 0.094 0.033 0.014 0.019 0.028 0.034 0.015 0.128 0.107 0.031 0.026 0.097 0.016 0.039 0.043 0.007 0.031 0.16
72 L 0.116 0.024 0.018 0.02 0.018 0.018 0.026 0.036 0.011 0.122 0.177 0.029 0.032 0.067 0.018 0.042 0.042 0.007 0.026 0.153
73 G 0.056 0.051 0.108 0.045 0.01 0.033 0.045 0.124 0.028 0.029 0.043 0.103 0.014 0.045 0.021 0.066 0.04 0.011 0.093 0.034
74 R 0.047 0.215 0.111 0.046 0.008 0.045 0.055 0.043 0.024 0.024 0.041 0.145 0.014 0.017 0.021 0.052 0.039 0.005 0.017 0.03
75 L 0.046 0.02 0.014 0.017 0.016 0.014 0.018 0.021 0.009 0.226 0.239 0.024 0.04 0.047 0.014 0.024 0.037 0.006 0.021 0.148
76 G 0.078 0.021 0.022 0.022 0.015 0.016 0.023 0.151 0.011 0.122 0.102 0.027 0.025 0.091 0.016 0.038 0.038 0.007 0.029 0.144
77 Y 0.038 0.025 0.02 0.018 0.009 0.019 0.025 0.025 0.039 0.048 0.079 0.028 0.02 0.196 0.014 0.029 0.027 0.025 0.268 0.048
78 L 0.039 0.021 0.015 0.016 0.013 0.013 0.019 0.023 0.013 0.088 0.249 0.022 0.037 0.225 0.012 0.024 0.029 0.012 0.055 0.074
79 L 0.047 0.02 0.018 0.019 0.015 0.014 0.021 0.025 0.012 0.179 0.182 0.025 0.034 0.132 0.014 0.039 0.038 0.009 0.037 0.12
80 L 0.048 0.024 0.016 0.017 0.056 0.018 0.021 0.023 0.011 0.146 0.255 0.027 0.074 0.047 0.015 0.028 0.036 0.007 0.021 0.11
81 I 0.046 0.019 0.014 0.017 0.016 0.014 0.018 0.02 0.009 0.24 0.22 0.024 0.039 0.046 0.014 0.024 0.038 0.006 0.021 0.154
82 I 0.077 0.028 0.034 0.033 0.017 0.023 0.035 0.043 0.014 0.156 0.103 0.038 0.026 0.032 0.022 0.128 0.06 0.005 0.019 0.108
83 F 0.036 0.02 0.016 0.016 0.012 0.012 0.019 0.024 0.015 0.075 0.181 0.02 0.031 0.31 0.011 0.025 0.027 0.014 0.071 0.064
84 L 0.041 0.023 0.015 0.015 0.015 0.015 0.02 0.022 0.012 0.101 0.317 0.023 0.043 0.139 0.013 0.024 0.031 0.009 0.038 0.085
85 F 0.033 0.019 0.017 0.017 0.01 0.01 0.019 0.025 0.017 0.062 0.113 0.019 0.025 0.396 0.01 0.025 0.025 0.017 0.087 0.054
86 C 0.061 0.024 0.027 0.025 0.135 0.019 0.026 0.033 0.011 0.127 0.098 0.031 0.024 0.029 0.02 0.056 0.129 0.005 0.017 0.101
87 I 0.046 0.019 0.014 0.017 0.016 0.014 0.018 0.02 0.009 0.24 0.22 0.024 0.039 0.046 0.014 0.024 0.038 0.006 0.021 0.154
88 G 0.077 0.023 0.039 0.033 0.011 0.019 0.025 0.517 0.013 0.019 0.028 0.033 0.009 0.016 0.019 0.051 0.029 0.005 0.011 0.024
89 I 0.046 0.017 0.014 0.017 0.016 0.013 0.017 0.02 0.009 0.282 0.165 0.023 0.036 0.044 0.014 0.025 0.039 0.006 0.02 0.174
90 C 0.048 0.026 0.094 0.032 0.21 0.019 0.027 0.039 0.019 0.035 0.053 0.03 0.015 0.038 0.015 0.042 0.035 0.13 0.053 0.041
91 L 0.047 0.036 0.021 0.023 0.014 0.069 0.04 0.026 0.015 0.092 0.3 0.041 0.042 0.044 0.016 0.032 0.035 0.007 0.022 0.08
92 Q 0.055 0.072 0.043 0.046 0.009 0.226 0.101 0.041 0.029 0.026 0.046 0.09 0.02 0.014 0.023 0.055 0.041 0.006 0.02 0.035
93 G 0.052 0.028 0.112 0.135 0.011 0.024 0.045 0.162 0.018 0.086 0.063 0.038 0.016 0.023 0.019 0.049 0.038 0.005 0.014 0.062
94 L 0.044 0.024 0.014 0.015 0.016 0.016 0.02 0.021 0.01 0.114 0.385 0.025 0.049 0.054 0.014 0.024 0.033 0.007 0.022 0.095
95 P 0.069 0.029 0.031 0.035 0.012 0.023 0.04 0.043 0.014 0.026 0.037 0.044 0.011 0.015 0.383 0.09 0.047 0.003 0.014 0.033
96 L 0.042 0.02 0.015 0.017 0.014 0.013 0.018 0.022 0.012 0.167 0.206 0.022 0.036 0.16 0.013 0.025 0.033 0.01 0.042 0.115
97 G 0.086 0.035 0.047 0.041 0.015 0.028 0.042 0.17 0.045 0.032 0.043 0.045 0.015 0.021 0.025 0.135 0.108 0.006 0.019 0.043
98 R 0.056 0.126 0.034 0.031 0.013 0.033 0.042 0.034 0.016 0.098 0.081 0.099 0.022 0.025 0.022 0.056 0.108 0.006 0.018 0.079
99 K 0.053 0.14 0.038 0.037 0.009 0.049 0.062 0.039 0.02 0.048 0.053 0.238 0.017 0.018 0.025 0.049 0.038 0.005 0.017 0.044
100 I 0.046 0.017 0.014 0.017 0.016 0.013 0.017 0.02 0.009 0.282 0.165 0.023 0.036 0.044 0.014 0.025 0.039 0.006 0.02 0.174
101 Y 0.04 0.028 0.021 0.018 0.009 0.021 0.028 0.025 0.046 0.043 0.067 0.031 0.018 0.129 0.015 0.031 0.028 0.028 0.328 0.046
102 L 0.044 0.024 0.014 0.015 0.016 0.016 0.02 0.021 0.01 0.114 0.385 0.025 0.049 0.054 0.014 0.024 0.033 0.007 0.022 0.095
103 S 0.108 0.04 0.053 0.048 0.017 0.033 0.052 0.065 0.019 0.029 0.041 0.053 0.015 0.021 0.029 0.231 0.081 0.005 0.017 0.041
104 F 0.037 0.018 0.016 0.017 0.012 0.011 0.018 0.024 0.015 0.117 0.126 0.02 0.028 0.308 0.011 0.025 0.029 0.014 0.071 0.084
105 S 0.108 0.04 0.053 0.048 0.017 0.033 0.052 0.065 0.019 0.029 0.041 0.053 0.015 0.021 0.029 0.231 0.081 0.005 0.017 0.041
106 L 0.051 0.032 0.02 0.02 0.016 0.028 0.028 0.028 0.016 0.099 0.194 0.036 0.173 0.047 0.016 0.036 0.04 0.008 0.024 0.091
107 L 0.047 0.024 0.016 0.017 0.016 0.018 0.021 0.022 0.011 0.166 0.264 0.027 0.076 0.049 0.015 0.027 0.037 0.007 0.022 0.12
108 I 0.046 0.017 0.014 0.017 0.016 0.013 0.017 0.02 0.009 0.282 0.165 0.023 0.036 0.044 0.014 0.025 0.039 0.006 0.02 0.174
109 I 0.043 0.018 0.015 0.017 0.015 0.012 0.018 0.021 0.011 0.227 0.152 0.022 0.033 0.132 0.013 0.025 0.036 0.009 0.037 0.144
110 S 0.156 0.037 0.046 0.043 0.018 0.031 0.049 0.068 0.018 0.033 0.046 0.051 0.016 0.021 0.029 0.195 0.073 0.005 0.017 0.048
111 V 0.086 0.029 0.034 0.032 0.018 0.023 0.035 0.082 0.013 0.095 0.084 0.038 0.023 0.027 0.022 0.117 0.06 0.005 0.018 0.159
112 L 0.05 0.023 0.015 0.016 0.017 0.016 0.021 0.022 0.009 0.126 0.321 0.025 0.044 0.049 0.015 0.026 0.037 0.007 0.022 0.141
113 A 0.19 0.033 0.031 0.032 0.019 0.028 0.04 0.062 0.016 0.053 0.088 0.044 0.056 0.028 0.026 0.109 0.055 0.006 0.019 0.067
114 T 0.072 0.035 0.043 0.037 0.018 0.027 0.039 0.043 0.014 0.053 0.064 0.045 0.019 0.023 0.027 0.091 0.258 0.006 0.018 0.07
115 L 0.046 0.026 0.015 0.016 0.016 0.019 0.022 0.023 0.011 0.11 0.337 0.028 0.08 0.052 0.014 0.027 0.035 0.007 0.022 0.094
116 P 0.07 0.03 0.032 0.035 0.013 0.024 0.04 0.044 0.014 0.029 0.039 0.044 0.012 0.016 0.344 0.094 0.065 0.003 0.014 0.037
117 I 0.047 0.021 0.028 0.115 0.014 0.017 0.036 0.027 0.011 0.207 0.128 0.029 0.029 0.036 0.017 0.032 0.039 0.005 0.018 0.145
118 G 0.081 0.051 0.045 0.041 0.013 0.033 0.047 0.169 0.017 0.03 0.042 0.106 0.015 0.019 0.026 0.118 0.087 0.005 0.016 0.039
119 L 0.044 0.022 0.014 0.016 0.016 0.015 0.019 0.021 0.01 0.156 0.33 0.025 0.046 0.051 0.014 0.024 0.034 0.007 0.022 0.115
120 I 0.043 0.018 0.015 0.017 0.015 0.012 0.018 0.021 0.011 0.227 0.152 0.022 0.033 0.132 0.013 0.025 0.036 0.009 0.037 0.144
121 K 0.06 0.073 0.117 0.083 0.01 0.043 0.063 0.052 0.023 0.026 0.038 0.17 0.014 0.017 0.025 0.086 0.048 0.005 0.016 0.032
122 D 0.046 0.035 0.15 0.237 0.01 0.03 0.068 0.051 0.022 0.027 0.035 0.047 0.011 0.017 0.022 0.064 0.077 0.004 0.014 0.032
123 L 0.048 0.02 0.015 0.017 0.015 0.014 0.02 0.023 0.011 0.167 0.182 0.023 0.034 0.131 0.014 0.027 0.037 0.009 0.037 0.156
124 D 0.074 0.054 0.073 0.138 0.012 0.037 0.066 0.055 0.02 0.026 0.037 0.11 0.014 0.018 0.026 0.13 0.057 0.005 0.016 0.034
125 D 0.043 0.033 0.063 0.353 0.007 0.035 0.126 0.044 0.02 0.022 0.029 0.049 0.01 0.015 0.023 0.052 0.035 0.004 0.012 0.025
126 L 0.039 0.021 0.015 0.016 0.013 0.013 0.019 0.023 0.013 0.089 0.252 0.022 0.037 0.221 0.012 0.024 0.029 0.012 0.054 0.075
127 R 0.047 0.292 0.039 0.033 0.008 0.049 0.056 0.035 0.022 0.024 0.045 0.161 0.015 0.017 0.021 0.046 0.036 0.006 0.017 0.031
128 R 0.047 0.292 0.039 0.033 0.008 0.049 0.056 0.035 0.022 0.024 0.045 0.161 0.015 0.017 0.021 0.046 0.036 0.006 0.017 0.031
129 I 0.048 0.018 0.015 0.017 0.016 0.013 0.018 0.021 0.009 0.272 0.162 0.023 0.036 0.043 0.015 0.025 0.04 0.006 0.02 0.183
130 G 0.133 0.034 0.045 0.041 0.016 0.028 0.043 0.18 0.017 0.029 0.041 0.047 0.014 0.02 0.027 0.162 0.063 0.005 0.016 0.041
131 Y 0.042 0.029 0.096 0.034 0.011 0.022 0.03 0.033 0.033 0.097 0.083 0.034 0.021 0.08 0.016 0.039 0.036 0.016 0.173 0.073
132 Y 0.048 0.033 0.034 0.028 0.011 0.026 0.036 0.032 0.115 0.042 0.062 0.037 0.018 0.097 0.019 0.048 0.085 0.016 0.165 0.047
133 L 0.045 0.022 0.014 0.016 0.016 0.015 0.019 0.021 0.01 0.17 0.312 0.024 0.045 0.05 0.014 0.024 0.035 0.007 0.021 0.121
134 L 0.04 0.022 0.015 0.016 0.014 0.014 0.02 0.022 0.012 0.097 0.294 0.023 0.041 0.168 0.013 0.024 0.03 0.01 0.044 0.081
135 F 0.036 0.028 0.046 0.025 0.009 0.021 0.03 0.031 0.087 0.039 0.067 0.03 0.018 0.153 0.013 0.032 0.027 0.138 0.132 0.038
136 A 0.232 0.031 0.032 0.033 0.019 0.026 0.04 0.143 0.015 0.036 0.051 0.044 0.016 0.02 0.028 0.105 0.052 0.005 0.016 0.056
137 L 0.051 0.022 0.015 0.016 0.017 0.015 0.02 0.022 0.009 0.168 0.266 0.025 0.041 0.047 0.015 0.026 0.038 0.006 0.021 0.161
138 F 0.037 0.02 0.016 0.016 0.012 0.012 0.019 0.024 0.014 0.079 0.2 0.021 0.033 0.286 0.012 0.025 0.028 0.014 0.066 0.067
139 L 0.045 0.021 0.014 0.016 0.016 0.015 0.019 0.021 0.009 0.198 0.275 0.024 0.043 0.049 0.014 0.024 0.036 0.006 0.021 0.134
140 S 0.099 0.038 0.051 0.045 0.017 0.031 0.048 0.06 0.018 0.035 0.047 0.051 0.016 0.021 0.029 0.196 0.125 0.005 0.017 0.048
141 T 0.075 0.033 0.035 0.032 0.017 0.027 0.036 0.041 0.015 0.078 0.102 0.041 0.059 0.031 0.023 0.102 0.122 0.006 0.02 0.106
142 I 0.041 0.018 0.015 0.017 0.014 0.012 0.018 0.022 0.012 0.19 0.143 0.021 0.032 0.19 0.013 0.025 0.033 0.01 0.048 0.124
143 L 0.044 0.024 0.014 0.015 0.016 0.016 0.02 0.021 0.01 0.114 0.385 0.025 0.049 0.054 0.014 0.024 0.033 0.007 0.022 0.095
144 G 0.085 0.027 0.042 0.037 0.012 0.022 0.032 0.404 0.015 0.021 0.031 0.038 0.011 0.017 0.021 0.096 0.042 0.005 0.012 0.028
145 L 0.043 0.023 0.016 0.017 0.014 0.016 0.021 0.022 0.019 0.146 0.209 0.026 0.035 0.07 0.014 0.026 0.033 0.047 0.101 0.104
146 L 0.054 0.025 0.016 0.017 0.016 0.019 0.023 0.024 0.011 0.122 0.226 0.027 0.072 0.074 0.015 0.03 0.039 0.007 0.027 0.154
147 F 0.041 0.029 0.095 0.034 0.011 0.021 0.029 0.035 0.022 0.06 0.109 0.033 0.058 0.192 0.015 0.039 0.035 0.012 0.074 0.056
148 G 0.064 0.098 0.06 0.039 0.009 0.048 0.046 0.28 0.019 0.022 0.035 0.099 0.012 0.016 0.021 0.052 0.034 0.005 0.014 0.028
149 V 0.115 0.028 0.096 0.037 0.016 0.022 0.032 0.047 0.016 0.127 0.096 0.036 0.024 0.029 0.02 0.052 0.046 0.005 0.018 0.137
150 N 0.069 0.044 0.115 0.052 0.013 0.063 0.055 0.053 0.022 0.032 0.045 0.056 0.016 0.019 0.065 0.111 0.107 0.005 0.017 0.043
151 L 0.05 0.03 0.018 0.019 0.016 0.025 0.026 0.026 0.014 0.103 0.242 0.033 0.142 0.049 0.015 0.033 0.038 0.008 0.023 0.092
152 F 0.043 0.021 0.016 0.016 0.013 0.014 0.021 0.025 0.013 0.088 0.147 0.022 0.028 0.165 0.012 0.026 0.032 0.133 0.055 0.111
153 T 0.072 0.035 0.043 0.037 0.018 0.027 0.039 0.043 0.014 0.053 0.064 0.045 0.019 0.023 0.027 0.091 0.258 0.006 0.018 0.07
154 L 0.061 0.022 0.021 0.021 0.016 0.016 0.022 0.146 0.01 0.134 0.174 0.027 0.031 0.036 0.016 0.034 0.038 0.006 0.018 0.152
155 A 0.301 0.031 0.025 0.029 0.021 0.025 0.04 0.077 0.015 0.043 0.059 0.044 0.017 0.021 0.029 0.084 0.049 0.005 0.017 0.068
156 V 0.069 0.022 0.016 0.018 0.019 0.016 0.023 0.024 0.008 0.162 0.128 0.026 0.031 0.035 0.016 0.032 0.049 0.005 0.02 0.28
157 E 0.054 0.049 0.04 0.089 0.007 0.064 0.307 0.034 0.025 0.022 0.036 0.074 0.013 0.016 0.025 0.054 0.036 0.005 0.016 0.031
158 G 0.077 0.023 0.039 0.033 0.011 0.019 0.025 0.517 0.013 0.019 0.028 0.033 0.009 0.016 0.019 0.051 0.029 0.005 0.011 0.024
159 I 0.058 0.019 0.021 0.021 0.015 0.015 0.02 0.145 0.01 0.196 0.125 0.026 0.029 0.035 0.016 0.032 0.038 0.006 0.018 0.154
160 G 0.066 0.022 0.033 0.029 0.011 0.017 0.024 0.394 0.014 0.03 0.049 0.03 0.013 0.111 0.017 0.044 0.028 0.008 0.03 0.032
161 F 0.087 0.028 0.033 0.031 0.014 0.021 0.034 0.046 0.017 0.047 0.078 0.035 0.02 0.208 0.02 0.116 0.05 0.011 0.052 0.05
162 T 0.073 0.036 0.043 0.038 0.018 0.028 0.039 0.043 0.014 0.053 0.065 0.045 0.02 0.024 0.028 0.093 0.246 0.006 0.018 0.071
163 S 0.105 0.036 0.055 0.136 0.015 0.031 0.06 0.061 0.018 0.028 0.039 0.05 0.014 0.019 0.027 0.176 0.067 0.005 0.016 0.039
164 Y 0.043 0.037 0.026 0.025 0.01 0.07 0.044 0.028 0.034 0.048 0.096 0.043 0.023 0.139 0.016 0.035 0.031 0.019 0.185 0.049
165 G 0.077 0.023 0.039 0.033 0.011 0.019 0.025 0.517 0.013 0.019 0.028 0.033 0.009 0.016 0.019 0.051 0.029 0.005 0.011 0.024
166 F 0.033 0.019 0.017 0.017 0.01 0.01 0.019 0.025 0.017 0.062 0.113 0.019 0.025 0.396 0.01 0.025 0.025 0.017 0.087 0.054
167 N 0.042 0.044 0.327 0.082 0.009 0.033 0.049 0.064 0.031 0.022 0.031 0.053 0.011 0.018 0.02 0.069 0.049 0.004 0.015 0.027
168 G 0.077 0.023 0.039 0.033 0.011 0.019 0.025 0.517 0.013 0.019 0.028 0.033 0.009 0.016 0.019 0.051 0.029 0.005 0.011 0.024
169 G 0.077 0.023 0.039 0.033 0.011 0.019 0.025 0.517 0.013 0.019 0.028 0.033 0.009 0.016 0.019 0.051 0.029 0.005 0.011 0.024
170 L 0.046 0.026 0.015 0.016 0.016 0.019 0.022 0.023 0.011 0.11 0.337 0.028 0.08 0.052 0.014 0.027 0.035 0.007 0.022 0.094
171 T 0.122 0.031 0.031 0.03 0.018 0.024 0.034 0.046 0.013 0.065 0.143 0.04 0.026 0.03 0.024 0.073 0.149 0.006 0.019 0.076
172 H 0.041 0.045 0.053 0.038 0.007 0.038 0.053 0.038 0.365 0.023 0.038 0.045 0.015 0.03 0.019 0.041 0.026 0.007 0.056 0.023
173 K 0.056 0.106 0.041 0.041 0.008 0.053 0.07 0.043 0.02 0.027 0.043 0.289 0.015 0.015 0.027 0.053 0.039 0.005 0.017 0.032
174 N 0.042 0.044 0.327 0.082 0.009 0.033 0.049 0.064 0.031 0.022 0.031 0.053 0.011 0.018 0.02 0.069 0.049 0.004 0.015 0.027
175 F 0.035 0.021 0.018 0.017 0.01 0.013 0.021 0.025 0.024 0.058 0.101 0.022 0.023 0.329 0.012 0.026 0.026 0.019 0.148 0.052
176 F 0.037 0.023 0.019 0.018 0.01 0.016 0.023 0.025 0.031 0.053 0.09 0.025 0.022 0.262 0.013 0.028 0.026 0.022 0.208 0.05
177 A 0.197 0.031 0.036 0.035 0.018 0.025 0.039 0.184 0.015 0.033 0.047 0.044 0.015 0.02 0.027 0.112 0.052 0.005 0.016 0.05
178 I 0.046 0.017 0.014 0.017 0.016 0.013 0.017 0.02 0.009 0.282 0.165 0.023 0.036 0.044 0.014 0.025 0.039 0.006 0.02 0.174
179 T 0.081 0.036 0.045 0.04 0.017 0.029 0.042 0.048 0.015 0.047 0.058 0.047 0.018 0.023 0.028 0.126 0.213 0.006 0.017 0.063
180 I 0.05 0.02 0.015 0.017 0.016 0.014 0.019 0.021 0.009 0.22 0.214 0.024 0.039 0.045 0.015 0.026 0.039 0.006 0.021 0.172
181 L 0.041 0.023 0.015 0.015 0.015 0.015 0.02 0.022 0.012 0.101 0.317 0.023 0.043 0.139 0.013 0.024 0.031 0.009 0.038 0.085
182 V 0.072 0.032 0.032 0.03 0.017 0.026 0.034 0.038 0.014 0.088 0.109 0.039 0.06 0.032 0.022 0.086 0.121 0.006 0.02 0.123
183 S 0.1 0.035 0.05 0.044 0.016 0.029 0.045 0.178 0.018 0.027 0.038 0.048 0.014 0.019 0.027 0.186 0.068 0.005 0.016 0.037
184 F 0.037 0.023 0.019 0.018 0.01 0.016 0.023 0.025 0.031 0.053 0.09 0.025 0.022 0.262 0.013 0.028 0.026 0.022 0.208 0.05
185 I 0.058 0.023 0.022 0.022 0.017 0.017 0.024 0.027 0.01 0.195 0.131 0.029 0.031 0.036 0.018 0.043 0.096 0.006 0.02 0.174
186 L 0.044 0.024 0.014 0.015 0.016 0.016 0.02 0.021 0.01 0.114 0.385 0.025 0.049 0.054 0.014 0.024 0.033 0.007 0.022 0.095
187 L 0.051 0.027 0.021 0.02 0.016 0.019 0.025 0.026 0.011 0.098 0.305 0.03 0.042 0.046 0.017 0.041 0.089 0.007 0.021 0.089
188 F 0.046 0.027 0.025 0.022 0.012 0.019 0.028 0.029 0.028 0.052 0.081 0.03 0.021 0.188 0.017 0.044 0.084 0.019 0.173 0.055
189 I 0.05 0.02 0.015 0.017 0.016 0.014 0.019 0.021 0.009 0.218 0.214 0.024 0.038 0.045 0.015 0.026 0.039 0.006 0.021 0.173
190 S 0.156 0.037 0.046 0.043 0.018 0.031 0.049 0.068 0.018 0.033 0.046 0.051 0.016 0.021 0.029 0.195 0.073 0.005 0.017 0.048
191 R 0.042 0.191 0.03 0.024 0.008 0.035 0.04 0.028 0.034 0.033 0.057 0.075 0.017 0.073 0.017 0.037 0.031 0.017 0.173 0.038
192 K 0.053 0.085 0.034 0.034 0.01 0.044 0.057 0.037 0.018 0.049 0.128 0.223 0.024 0.025 0.024 0.046 0.038 0.006 0.018 0.048
193 Y 0.038 0.027 0.022 0.019 0.009 0.02 0.027 0.026 0.061 0.046 0.077 0.029 0.02 0.189 0.014 0.03 0.027 0.023 0.248 0.046
194 G 0.061 0.025 0.04 0.096 0.01 0.021 0.037 0.31 0.022 0.025 0.038 0.035 0.012 0.044 0.018 0.046 0.03 0.011 0.09 0.029
195 A 0.117 0.05 0.035 0.035 0.016 0.032 0.046 0.05 0.015 0.066 0.068 0.103 0.02 0.023 0.025 0.101 0.069 0.005 0.018 0.105
196 K 0.051 0.107 0.036 0.034 0.009 0.044 0.058 0.037 0.027 0.031 0.049 0.21 0.016 0.044 0.024 0.046 0.036 0.011 0.095 0.036
197 H 0.046 0.052 0.038 0.032 0.01 0.034 0.046 0.034 0.167 0.09 0.073 0.1 0.021 0.037 0.02 0.039 0.033 0.008 0.057 0.065
198 R 0.11 0.123 0.065 0.101 0.011 0.082 0.067 0.051 0.022 0.028 0.045 0.075 0.016 0.017 0.023 0.06 0.041 0.005 0.017 0.039
199 I 0.07 0.028 0.031 0.03 0.017 0.022 0.032 0.037 0.012 0.153 0.106 0.036 0.026 0.032 0.021 0.094 0.105 0.006 0.019 0.122
200 D 0.057 0.032 0.064 0.317 0.01 0.03 0.08 0.051 0.019 0.024 0.031 0.046 0.011 0.016 0.024 0.096 0.046 0.004 0.013 0.028
201 L 0.065 0.115 0.085 0.041 0.013 0.032 0.043 0.046 0.02 0.048 0.127 0.062 0.023 0.028 0.021 0.106 0.052 0.006 0.018 0.05
202 F 0.039 0.021 0.017 0.017 0.012 0.014 0.021 0.023 0.022 0.116 0.134 0.023 0.028 0.217 0.013 0.026 0.03 0.016 0.126 0.085
203 V 0.057 0.021 0.015 0.017 0.017 0.015 0.021 0.022 0.009 0.18 0.202 0.025 0.037 0.042 0.015 0.028 0.042 0.006 0.021 0.207
204 L 0.044 0.022 0.014 0.016 0.016 0.015 0.019 0.021 0.01 0.156 0.33 0.025 0.046 0.051 0.014 0.024 0.034 0.007 0.022 0.115
205 W 0.045 0.023 0.021 0.02 0.01 0.016 0.022 0.15 0.013 0.048 0.129 0.026 0.022 0.047 0.012 0.03 0.027 0.253 0.042 0.045
206 L 0.04 0.022 0.015 0.016 0.014 0.014 0.02 0.022 0.012 0.097 0.297 0.023 0.041 0.164 0.013 0.024 0.03 0.01 0.043 0.082
207 E 0.051 0.044 0.047 0.168 0.007 0.055 0.253 0.037 0.024 0.022 0.034 0.067 0.012 0.016 0.025 0.054 0.036 0.005 0.015 0.029
208 L 0.059 0.027 0.024 0.023 0.016 0.02 0.028 0.032 0.013 0.088 0.276 0.032 0.039 0.074 0.018 0.076 0.044 0.007 0.026 0.078
209 F 0.037 0.018 0.016 0.017 0.012 0.011 0.018 0.024 0.015 0.117 0.126 0.02 0.028 0.308 0.011 0.025 0.029 0.014 0.071 0.084
210 L 0.044 0.024 0.014 0.015 0.016 0.016 0.02 0.021 0.01 0.114 0.385 0.025 0.049 0.054 0.014 0.024 0.033 0.007 0.022 0.095
211 I 0.046 0.019 0.014 0.017 0.016 0.014 0.018 0.02 0.009 0.24 0.22 0.024 0.039 0.046 0.014 0.024 0.038 0.006 0.021 0.154
212 L 0.048 0.022 0.015 0.016 0.016 0.015 0.02 0.022 0.011 0.117 0.275 0.024 0.04 0.106 0.014 0.026 0.036 0.008 0.032 0.134
213 I 0.047 0.019 0.014 0.017 0.016 0.014 0.018 0.021 0.009 0.231 0.218 0.024 0.039 0.046 0.014 0.025 0.038 0.006 0.021 0.162
214 S 0.108 0.04 0.053 0.048 0.017 0.033 0.052 0.065 0.019 0.029 0.041 0.053 0.015 0.021 0.029 0.231 0.081 0.005 0.017 0.041
215 N 0.042 0.044 0.327 0.082 0.009 0.033 0.049 0.064 0.031 0.022 0.031 0.053 0.011 0.018 0.02 0.069 0.049 0.004 0.015 0.027
216 T 0.09 0.037 0.048 0.043 0.017 0.03 0.045 0.054 0.016 0.041 0.053 0.049 0.017 0.022 0.028 0.161 0.169 0.005 0.017 0.056
217 R 0.044 0.355 0.038 0.031 0.008 0.048 0.052 0.032 0.023 0.023 0.046 0.118 0.015 0.017 0.019 0.044 0.034 0.006 0.017 0.031
218 T 0.081 0.036 0.045 0.04 0.017 0.029 0.042 0.048 0.015 0.047 0.058 0.047 0.018 0.023 0.028 0.126 0.213 0.006 0.017 0.063
219 V 0.067 0.021 0.016 0.018 0.019 0.016 0.023 0.024 0.008 0.171 0.131 0.026 0.031 0.036 0.016 0.032 0.048 0.005 0.02 0.272
220 Y 0.037 0.026 0.02 0.018 0.009 0.02 0.026 0.026 0.038 0.04 0.064 0.029 0.018 0.112 0.013 0.029 0.026 0.146 0.263 0.042
221 L 0.044 0.022 0.014 0.016 0.016 0.015 0.019 0.021 0.01 0.156 0.33 0.025 0.046 0.051 0.014 0.024 0.034 0.007 0.022 0.115
222 I 0.046 0.019 0.014 0.017 0.016 0.014 0.018 0.02 0.009 0.24 0.22 0.024 0.039 0.046 0.014 0.024 0.038 0.006 0.021 0.154
223 L 0.051 0.027 0.021 0.02 0.016 0.019 0.025 0.026 0.011 0.098 0.305 0.03 0.042 0.046 0.017 0.041 0.089 0.007 0.021 0.089
224 L 0.051 0.02 0.015 0.017 0.017 0.015 0.019 0.021 0.009 0.21 0.211 0.024 0.038 0.044 0.015 0.026 0.04 0.006 0.021 0.181
225 L 0.055 0.022 0.015 0.016 0.017 0.016 0.021 0.022 0.009 0.148 0.26 0.025 0.04 0.045 0.015 0.028 0.04 0.006 0.021 0.178
226 F 0.033 0.019 0.017 0.017 0.01 0.01 0.019 0.025 0.017 0.062 0.113 0.019 0.025 0.396 0.01 0.025 0.025 0.017 0.087 0.054
227 L 0.039 0.024 0.016 0.016 0.012 0.017 0.022 0.024 0.02 0.075 0.222 0.026 0.033 0.074 0.013 0.025 0.029 0.135 0.11 0.066
228 G 0.055 0.019 0.021 0.021 0.132 0.014 0.019 0.149 0.012 0.102 0.092 0.024 0.022 0.119 0.015 0.035 0.032 0.008 0.033 0.077
229 I 0.047 0.019 0.014 0.017 0.016 0.014 0.018 0.021 0.009 0.231 0.218 0.024 0.039 0.046 0.014 0.025 0.038 0.006 0.021 0.162
230 I 0.053 0.025 0.093 0.034 0.015 0.019 0.027 0.033 0.014 0.178 0.12 0.032 0.028 0.034 0.016 0.038 0.045 0.005 0.019 0.171
231 N 0.059 0.043 0.239 0.07 0.011 0.033 0.05 0.063 0.052 0.024 0.034 0.053 0.012 0.019 0.022 0.107 0.055 0.005 0.019 0.03
232 L 0.045 0.084 0.021 0.02 0.012 0.023 0.028 0.028 0.014 0.07 0.217 0.043 0.032 0.046 0.014 0.042 0.034 0.13 0.032 0.063
233 D 0.047 0.05 0.094 0.133 0.009 0.033 0.057 0.077 0.028 0.028 0.042 0.103 0.013 0.044 0.021 0.05 0.036 0.01 0.093 0.032
234 L 0.045 0.041 0.022 0.022 0.013 0.023 0.031 0.027 0.014 0.121 0.176 0.089 0.031 0.127 0.017 0.032 0.034 0.009 0.037 0.089
235 I 0.046 0.019 0.014 0.017 0.016 0.014 0.018 0.02 0.009 0.24 0.22 0.024 0.039 0.046 0.014 0.024 0.038 0.006 0.021 0.154
236 K 0.051 0.074 0.085 0.042 0.01 0.04 0.054 0.041 0.02 0.048 0.126 0.181 0.023 0.025 0.023 0.048 0.039 0.005 0.018 0.047
237 N 0.043 0.146 0.201 0.059 0.009 0.037 0.048 0.05 0.03 0.024 0.039 0.073 0.013 0.028 0.019 0.057 0.042 0.007 0.046 0.03
238 I 0.046 0.017 0.014 0.017 0.016 0.013 0.017 0.02 0.009 0.282 0.165 0.023 0.036 0.044 0.014 0.025 0.039 0.006 0.02 0.174
239 K 0.052 0.076 0.112 0.063 0.008 0.051 0.124 0.046 0.024 0.025 0.038 0.176 0.014 0.016 0.025 0.057 0.041 0.005 0.016 0.031
240 K 0.056 0.097 0.042 0.042 0.009 0.096 0.078 0.042 0.023 0.027 0.044 0.239 0.017 0.015 0.026 0.053 0.039 0.005 0.018 0.033
241 R 0.048 0.138 0.132 0.06 0.008 0.047 0.101 0.046 0.025 0.024 0.039 0.132 0.013 0.017 0.023 0.056 0.04 0.005 0.016 0.03
242 Q 0.052 0.066 0.046 0.044 0.008 0.179 0.089 0.04 0.113 0.025 0.044 0.079 0.019 0.018 0.022 0.052 0.037 0.006 0.029 0.032
243 R 0.04 0.272 0.032 0.027 0.008 0.04 0.044 0.032 0.021 0.025 0.047 0.094 0.015 0.028 0.016 0.039 0.031 0.129 0.03 0.03
244 L 0.06 0.025 0.025 0.025 0.015 0.019 0.028 0.034 0.013 0.134 0.155 0.032 0.03 0.096 0.052 0.078 0.046 0.007 0.03 0.096
245 V 0.063 0.026 0.022 0.022 0.018 0.019 0.026 0.028 0.01 0.123 0.176 0.03 0.033 0.037 0.018 0.045 0.097 0.006 0.02 0.181
246 L 0.051 0.023 0.015 0.016 0.017 0.016 0.021 0.022 0.009 0.138 0.302 0.025 0.043 0.048 0.015 0.026 0.037 0.006 0.021 0.149
247 I 0.052 0.043 0.026 0.027 0.014 0.025 0.034 0.03 0.013 0.159 0.112 0.093 0.027 0.062 0.02 0.044 0.077 0.007 0.025 0.11
248 F 0.096 0.028 0.028 0.026 0.015 0.021 0.031 0.04 0.022 0.069 0.08 0.035 0.021 0.113 0.021 0.058 0.106 0.013 0.107 0.07
249 T 0.064 0.028 0.03 0.028 0.017 0.021 0.031 0.033 0.011 0.126 0.098 0.036 0.025 0.029 0.062 0.061 0.15 0.005 0.018 0.128
250 I 0.108 0.029 0.031 0.031 0.017 0.023 0.034 0.046 0.014 0.117 0.089 0.038 0.023 0.031 0.023 0.099 0.092 0.041 0.022 0.093
251 V 0.057 0.023 0.017 0.018 0.017 0.018 0.022 0.024 0.01 0.174 0.173 0.027 0.069 0.042 0.016 0.031 0.043 0.006 0.021 0.192
252 L 0.093 0.022 0.017 0.019 0.017 0.016 0.023 0.031 0.01 0.152 0.189 0.027 0.034 0.07 0.017 0.036 0.04 0.007 0.026 0.153
253 I 0.053 0.022 0.02 0.021 0.016 0.016 0.023 0.026 0.011 0.159 0.126 0.026 0.029 0.126 0.016 0.038 0.074 0.008 0.037 0.153
254 S 0.086 0.031 0.037 0.035 0.136 0.025 0.037 0.05 0.015 0.047 0.104 0.04 0.021 0.026 0.023 0.149 0.062 0.005 0.017 0.054
255 L 0.109 0.024 0.017 0.019 0.017 0.018 0.024 0.035 0.011 0.138 0.248 0.029 0.038 0.043 0.018 0.039 0.039 0.006 0.02 0.108
256 L 0.062 0.024 0.021 0.022 0.017 0.018 0.025 0.029 0.011 0.168 0.19 0.029 0.035 0.04 0.017 0.061 0.047 0.006 0.02 0.159
257 F 0.089 0.023 0.02 0.021 0.014 0.016 0.025 0.036 0.015 0.083 0.148 0.027 0.028 0.216 0.016 0.05 0.036 0.011 0.053 0.072
258 L 0.07 0.022 0.015 0.017 0.017 0.016 0.021 0.026 0.01 0.17 0.244 0.026 0.039 0.045 0.016 0.031 0.039 0.006 0.021 0.149
259 I 0.048 0.03 0.099 0.037 0.013 0.023 0.032 0.036 0.024 0.116 0.089 0.036 0.022 0.055 0.018 0.049 0.078 0.011 0.095 0.087
260 L 0.041 0.022 0.017 0.017 0.013 0.015 0.021 0.023 0.02 0.125 0.183 0.024 0.032 0.156 0.014 0.026 0.031 0.014 0.114 0.092
261 F 0.033 0.019 0.017 0.017 0.01 0.01 0.019 0.025 0.017 0.062 0.113 0.019 0.025 0.396 0.01 0.025 0.025 0.017 0.087 0.054
262 F 0.035 0.021 0.018 0.017 0.01 0.013 0.021 0.025 0.024 0.058 0.101 0.022 0.023 0.329 0.012 0.026 0.026 0.019 0.148 0.052
263 G 0.058 0.133 0.039 0.048 0.009 0.046 0.113 0.157 0.021 0.023 0.038 0.129 0.013 0.016 0.023 0.05 0.035 0.005 0.015 0.029
264 F 0.042 0.031 0.028 0.023 0.011 0.024 0.032 0.029 0.111 0.057 0.103 0.033 0.058 0.151 0.015 0.033 0.03 0.015 0.124 0.053
265 L 0.044 0.022 0.016 0.017 0.014 0.016 0.021 0.022 0.018 0.166 0.214 0.026 0.036 0.068 0.015 0.026 0.034 0.012 0.098 0.116
266 I 0.055 0.023 0.024 0.024 0.016 0.018 0.024 0.028 0.01 0.208 0.133 0.03 0.031 0.037 0.019 0.046 0.109 0.006 0.019 0.141
267 L 0.055 0.035 0.13 0.046 0.014 0.026 0.037 0.044 0.018 0.058 0.133 0.043 0.024 0.029 0.021 0.067 0.132 0.006 0.018 0.062
268 N 0.049 0.042 0.187 0.06 0.011 0.033 0.047 0.052 0.11 0.03 0.041 0.049 0.014 0.022 0.021 0.068 0.095 0.006 0.026 0.036
269 S 0.108 0.04 0.053 0.048 0.017 0.033 0.052 0.065 0.019 0.029 0.041 0.053 0.015 0.021 0.029 0.231 0.081 0.005 0.017 0.041
270 D 0.05 0.033 0.056 0.265 0.008 0.036 0.133 0.122 0.019 0.021 0.03 0.05 0.01 0.015 0.022 0.052 0.034 0.004 0.012 0.026
271 S 0.108 0.04 0.053 0.048 0.017 0.033 0.052 0.065 0.019 0.029 0.041 0.053 0.015 0.021 0.029 0.231 0.081 0.005 0.017 0.041
272 Y 0.04 0.028 0.021 0.018 0.009 0.021 0.028 0.025 0.046 0.043 0.067 0.031 0.018 0.129 0.015 0.031 0.028 0.028 0.328 0.046
273 A 0.137 0.035 0.036 0.035 0.018 0.029 0.041 0.055 0.016 0.054 0.087 0.045 0.056 0.028 0.026 0.124 0.09 0.006 0.019 0.065
274 H 0.048 0.036 0.036 0.028 0.012 0.03 0.039 0.032 0.191 0.067 0.094 0.038 0.058 0.043 0.017 0.038 0.033 0.009 0.065 0.084
275 R 0.044 0.355 0.038 0.031 0.008 0.048 0.052 0.032 0.023 0.023 0.046 0.118 0.015 0.017 0.019 0.044 0.034 0.006 0.017 0.031
276 V 0.063 0.021 0.016 0.018 0.018 0.015 0.022 0.023 0.008 0.192 0.138 0.025 0.032 0.037 0.016 0.03 0.046 0.006 0.02 0.253
277 L 0.049 0.062 0.106 0.046 0.01 0.082 0.06 0.042 0.023 0.047 0.126 0.114 0.024 0.025 0.021 0.05 0.04 0.006 0.019 0.047
278 G 0.077 0.023 0.039 0.033 0.011 0.019 0.025 0.517 0.013 0.019 0.028 0.033 0.009 0.016 0.019 0.051 0.029 0.005 0.011 0.024
279 L 0.049 0.021 0.015 0.016 0.016 0.015 0.02 0.021 0.009 0.176 0.268 0.025 0.042 0.047 0.015 0.026 0.038 0.006 0.021 0.153
280 I 0.053 0.022 0.016 0.018 0.017 0.018 0.021 0.023 0.01 0.206 0.163 0.027 0.069 0.042 0.015 0.029 0.042 0.006 0.021 0.18
281 N 0.042 0.044 0.327 0.082 0.009 0.033 0.049 0.064 0.031 0.022 0.031 0.053 0.011 0.018 0.02 0.069 0.049 0.004 0.015 0.027
282 F 0.035 0.021 0.018 0.017 0.01 0.013 0.021 0.025 0.024 0.058 0.101 0.022 0.023 0.329 0.012 0.026 0.026 0.019 0.148 0.052
283 F 0.036 0.02 0.016 0.016 0.012 0.012 0.019 0.024 0.015 0.075 0.181 0.02 0.031 0.31 0.011 0.025 0.027 0.014 0.071 0.064
284 N 0.049 0.061 0.184 0.073 0.008 0.046 0.118 0.051 0.027 0.023 0.035 0.117 0.013 0.017 0.023 0.061 0.043 0.005 0.016 0.029
285 Y 0.044 0.047 0.026 0.024 0.009 0.029 0.038 0.029 0.04 0.039 0.061 0.095 0.018 0.1 0.018 0.036 0.03 0.022 0.25 0.043
286 Y 0.038 0.025 0.02 0.018 0.009 0.019 0.025 0.025 0.039 0.048 0.079 0.028 0.02 0.196 0.014 0.029 0.027 0.025 0.268 0.048
287 R 0.063 0.124 0.045 0.052 0.01 0.061 0.12 0.043 0.08 0.024 0.041 0.077 0.015 0.02 0.024 0.094 0.046 0.006 0.024 0.032
288 S 0.075 0.038 0.114 0.049 0.013 0.03 0.045 0.055 0.029 0.031 0.045 0.048 0.015 0.047 0.023 0.141 0.059 0.011 0.094 0.039
289 D 0.045 0.03 0.067 0.381 0.008 0.03 0.087 0.047 0.018 0.023 0.029 0.045 0.01 0.015 0.023 0.064 0.038 0.004 0.011 0.025
290 W 0.056 0.093 0.032 0.029 0.01 0.03 0.04 0.039 0.026 0.032 0.051 0.068 0.016 0.056 0.018 0.083 0.042 0.135 0.107 0.037
291 F 0.034 0.019 0.017 0.017 0.011 0.011 0.019 0.025 0.016 0.07 0.114 0.019 0.025 0.383 0.011 0.025 0.026 0.016 0.085 0.058
292 H 0.043 0.038 0.043 0.033 0.01 0.032 0.044 0.033 0.276 0.087 0.07 0.04 0.02 0.033 0.018 0.037 0.03 0.007 0.047 0.06
293 L 0.046 0.026 0.015 0.016 0.016 0.019 0.022 0.023 0.011 0.11 0.337 0.028 0.08 0.052 0.014 0.027 0.035 0.007 0.022 0.094
294 L 0.041 0.024 0.017 0.017 0.014 0.017 0.021 0.024 0.014 0.089 0.224 0.025 0.07 0.195 0.013 0.027 0.031 0.011 0.05 0.077
295 F 0.033 0.019 0.017 0.017 0.01 0.01 0.019 0.025 0.017 0.062 0.113 0.019 0.025 0.396 0.01 0.025 0.025 0.017 0.087 0.054
296 G 0.077 0.023 0.039 0.033 0.011 0.019 0.025 0.517 0.013 0.019 0.028 0.033 0.009 0.016 0.019 0.051 0.029 0.005 0.011 0.024
297 D 0.106 0.033 0.122 0.231 0.011 0.029 0.067 0.058 0.021 0.027 0.036 0.046 0.012 0.017 0.023 0.064 0.042 0.004 0.014 0.036
298 A 0.301 0.031 0.025 0.029 0.021 0.025 0.04 0.077 0.015 0.043 0.059 0.044 0.017 0.021 0.029 0.084 0.049 0.005 0.017 0.068
299 D 0.113 0.051 0.044 0.142 0.011 0.057 0.129 0.05 0.02 0.028 0.042 0.096 0.014 0.017 0.026 0.061 0.04 0.005 0.016 0.039
300 L 0.046 0.026 0.015 0.016 0.016 0.019 0.022 0.023 0.011 0.11 0.337 0.028 0.08 0.052 0.014 0.027 0.035 0.007 0.022 0.094
301 A 0.301 0.031 0.025 0.029 0.021 0.025 0.04 0.077 0.015 0.043 0.059 0.044 0.017 0.021 0.029 0.084 0.049 0.005 0.017 0.068
302 F 0.035 0.021 0.018 0.017 0.01 0.013 0.021 0.025 0.024 0.058 0.101 0.022 0.023 0.329 0.012 0.026 0.026 0.019 0.148 0.052
303 G 0.085 0.027 0.042 0.037 0.012 0.022 0.032 0.404 0.015 0.021 0.031 0.038 0.011 0.017 0.021 0.096 0.042 0.005 0.012 0.028
304 D 0.044 0.032 0.112 0.317 0.008 0.029 0.077 0.088 0.02 0.022 0.028 0.045 0.01 0.015 0.021 0.054 0.037 0.004 0.012 0.024
305 L 0.062 0.03 0.028 0.027 0.017 0.023 0.031 0.035 0.013 0.083 0.23 0.036 0.044 0.04 0.02 0.077 0.1 0.006 0.02 0.079
306 T 0.081 0.036 0.045 0.04 0.017 0.029 0.042 0.048 0.015 0.047 0.058 0.047 0.018 0.023 0.028 0.126 0.213 0.006 0.017 0.063
307 L 0.054 0.051 0.03 0.028 0.013 0.046 0.045 0.032 0.073 0.082 0.149 0.1 0.028 0.032 0.019 0.039 0.038 0.006 0.026 0.108
308 D 0.05 0.029 0.082 0.286 0.008 0.027 0.07 0.165 0.018 0.021 0.028 0.042 0.009 0.015 0.021 0.053 0.035 0.004 0.011 0.024
309 Y 0.04 0.028 0.021 0.018 0.009 0.021 0.028 0.025 0.046 0.043 0.067 0.031 0.018 0.129 0.015 0.031 0.028 0.028 0.328 0.046
310 G 0.188 0.028 0.033 0.032 0.017 0.023 0.035 0.224 0.014 0.036 0.049 0.04 0.015 0.02 0.025 0.073 0.075 0.005 0.015 0.053
311 H 0.046 0.041 0.033 0.03 0.01 0.075 0.05 0.031 0.112 0.093 0.079 0.047 0.023 0.054 0.018 0.038 0.033 0.012 0.106 0.069
312 N 0.046 0.137 0.183 0.059 0.008 0.042 0.055 0.051 0.026 0.024 0.038 0.128 0.013 0.017 0.022 0.058 0.043 0.005 0.016 0.029
313 V 0.058 0.02 0.015 0.017 0.017 0.015 0.02 0.022 0.008 0.222 0.147 0.024 0.034 0.039 0.015 0.029 0.044 0.006 0.02 0.227
314 R 0.044 0.355 0.038 0.031 0.008 0.048 0.052 0.032 0.023 0.023 0.046 0.118 0.015 0.017 0.019 0.044 0.034 0.006 0.017 0.031
315 S 0.092 0.118 0.05 0.044 0.015 0.036 0.052 0.057 0.02 0.028 0.042 0.07 0.015 0.02 0.027 0.185 0.069 0.005 0.017 0.039
316 V 0.069 0.022 0.016 0.018 0.019 0.016 0.023 0.024 0.008 0.162 0.128 0.026 0.031 0.035 0.016 0.032 0.049 0.005 0.02 0.28
317 L 0.049 0.024 0.019 0.019 0.016 0.017 0.022 0.024 0.01 0.16 0.258 0.028 0.04 0.045 0.016 0.035 0.072 0.006 0.021 0.117
318 G 0.077 0.023 0.039 0.033 0.011 0.019 0.025 0.517 0.013 0.019 0.028 0.033 0.009 0.016 0.019 0.051 0.029 0.005 0.011 0.024
319 W 0.03 0.022 0.015 0.015 0.007 0.015 0.022 0.03 0.015 0.03 0.052 0.022 0.015 0.06 0.007 0.022 0.022 0.5 0.067 0.03
