#Seq2Logo.py -f /work3/idamei/ssn-clusterings/2206011120/clusters/0010_172/sequences.afa -m 0.0001 -b 50 -o /work3/idamei/ssn-clusterings/2206011120/clusters/0010_172/sequences.logo
#Position Specific Frequency Matrix
A R N D C Q E G H I L K M F P S T W Y V
0 L 0.052 0.032 0.02 0.02 0.016 0.028 0.028 0.028 0.016 0.1 0.196 0.036 0.163 0.048 0.016 0.036 0.04 0.008 0.024 0.092
1 I 0.047 0.018 0.015 0.018 0.016 0.013 0.018 0.021 0.009 0.273 0.167 0.024 0.037 0.044 0.015 0.025 0.04 0.006 0.021 0.176
2 S 0.084 0.033 0.042 0.038 0.015 0.026 0.041 0.052 0.018 0.041 0.066 0.042 0.019 0.144 0.023 0.157 0.063 0.009 0.041 0.046
3 N 0.043 0.045 0.319 0.083 0.009 0.034 0.049 0.065 0.031 0.022 0.031 0.054 0.011 0.018 0.02 0.069 0.049 0.004 0.016 0.027
4 M 0.049 0.03 0.019 0.019 0.015 0.027 0.027 0.027 0.015 0.095 0.186 0.034 0.208 0.045 0.015 0.034 0.038 0.008 0.023 0.087
5 Y 0.04 0.028 0.022 0.019 0.009 0.022 0.028 0.025 0.046 0.043 0.068 0.031 0.019 0.13 0.015 0.031 0.028 0.028 0.323 0.046
6 Q 0.052 0.066 0.046 0.045 0.008 0.175 0.09 0.04 0.112 0.025 0.045 0.079 0.019 0.018 0.022 0.052 0.037 0.006 0.03 0.032
7 F 0.034 0.019 0.017 0.017 0.011 0.011 0.019 0.025 0.017 0.063 0.113 0.019 0.025 0.392 0.011 0.025 0.025 0.017 0.088 0.055
8 D 0.041 0.03 0.068 0.402 0.007 0.03 0.091 0.046 0.019 0.022 0.028 0.044 0.009 0.015 0.022 0.052 0.035 0.004 0.011 0.024
9 Y 0.04 0.028 0.022 0.019 0.009 0.022 0.028 0.025 0.046 0.043 0.068 0.031 0.019 0.13 0.015 0.031 0.028 0.028 0.323 0.046
10 I 0.047 0.018 0.015 0.018 0.016 0.013 0.018 0.02 0.009 0.277 0.167 0.023 0.036 0.044 0.015 0.025 0.039 0.006 0.02 0.175
11 Y 0.038 0.026 0.021 0.018 0.009 0.021 0.026 0.023 0.044 0.041 0.065 0.029 0.018 0.123 0.015 0.029 0.026 0.026 0.356 0.044
12 N 0.056 0.039 0.149 0.126 0.01 0.032 0.056 0.052 0.115 0.023 0.033 0.047 0.012 0.02 0.021 0.106 0.046 0.005 0.024 0.028
13 I 0.047 0.018 0.015 0.017 0.015 0.013 0.018 0.022 0.01 0.21 0.137 0.022 0.031 0.135 0.013 0.026 0.036 0.008 0.036 0.174
14 L 0.115 0.021 0.016 0.019 0.017 0.016 0.023 0.033 0.01 0.194 0.196 0.028 0.033 0.039 0.017 0.038 0.038 0.006 0.019 0.122
15 I 0.047 0.019 0.016 0.02 0.014 0.014 0.021 0.023 0.009 0.24 0.127 0.026 0.028 0.034 0.141 0.028 0.037 0.005 0.018 0.132
16 L 0.112 0.022 0.017 0.019 0.015 0.015 0.023 0.034 0.012 0.13 0.183 0.027 0.03 0.134 0.016 0.038 0.035 0.008 0.035 0.094
17 L 0.059 0.027 0.023 0.022 0.016 0.019 0.027 0.031 0.012 0.092 0.3 0.031 0.038 0.043 0.017 0.084 0.044 0.006 0.02 0.092
18 P 0.048 0.022 0.018 0.022 0.012 0.017 0.026 0.027 0.011 0.117 0.159 0.031 0.025 0.029 0.268 0.032 0.034 0.004 0.016 0.079
19 F 0.04 0.019 0.015 0.016 0.013 0.012 0.019 0.022 0.012 0.116 0.192 0.021 0.032 0.233 0.012 0.025 0.03 0.011 0.052 0.108
20 L 0.049 0.023 0.021 0.021 0.015 0.016 0.023 0.027 0.012 0.113 0.18 0.027 0.03 0.133 0.016 0.04 0.097 0.008 0.035 0.112
21 L 0.042 0.022 0.016 0.016 0.014 0.016 0.02 0.023 0.012 0.144 0.216 0.025 0.078 0.14 0.013 0.026 0.033 0.009 0.037 0.099
22 L 0.045 0.021 0.015 0.015 0.015 0.014 0.02 0.022 0.011 0.108 0.263 0.023 0.037 0.14 0.013 0.025 0.033 0.009 0.036 0.136
23 V 0.065 0.023 0.024 0.023 0.015 0.017 0.026 0.063 0.012 0.099 0.097 0.028 0.024 0.127 0.017 0.074 0.046 0.008 0.034 0.177
24 L 0.049 0.024 0.02 0.02 0.016 0.017 0.023 0.025 0.01 0.145 0.26 0.028 0.037 0.042 0.017 0.039 0.097 0.006 0.02 0.104
25 S 0.096 0.034 0.048 0.043 0.015 0.028 0.043 0.181 0.017 0.025 0.036 0.046 0.013 0.019 0.025 0.21 0.065 0.005 0.015 0.035
26 C 0.062 0.017 0.015 0.016 0.389 0.013 0.017 0.029 0.008 0.07 0.077 0.021 0.019 0.023 0.015 0.037 0.038 0.004 0.013 0.118
27 F 0.045 0.019 0.017 0.016 0.137 0.014 0.019 0.025 0.019 0.104 0.096 0.022 0.023 0.151 0.014 0.029 0.031 0.013 0.118 0.088
28 N 0.04 0.038 0.272 0.063 0.009 0.029 0.042 0.052 0.033 0.026 0.038 0.045 0.012 0.044 0.018 0.057 0.042 0.01 0.1 0.03
29 K 0.056 0.151 0.038 0.035 0.008 0.041 0.052 0.163 0.018 0.023 0.038 0.196 0.013 0.015 0.022 0.048 0.034 0.005 0.015 0.029
30 K 0.05 0.086 0.118 0.049 0.008 0.046 0.062 0.046 0.022 0.025 0.038 0.252 0.014 0.015 0.024 0.054 0.04 0.005 0.016 0.03
31 L 0.112 0.023 0.017 0.018 0.015 0.016 0.024 0.035 0.012 0.08 0.246 0.027 0.034 0.136 0.016 0.038 0.034 0.009 0.036 0.075
32 N 0.047 0.04 0.277 0.068 0.011 0.03 0.044 0.056 0.026 0.028 0.038 0.049 0.013 0.018 0.021 0.071 0.107 0.005 0.015 0.036
33 G 0.058 0.051 0.118 0.05 0.011 0.034 0.063 0.139 0.019 0.029 0.04 0.114 0.013 0.017 0.023 0.063 0.101 0.005 0.015 0.037
34 I 0.043 0.018 0.014 0.016 0.015 0.013 0.017 0.02 0.009 0.246 0.218 0.022 0.037 0.068 0.014 0.023 0.035 0.006 0.024 0.141
35 L 0.044 0.02 0.015 0.015 0.138 0.013 0.018 0.024 0.011 0.08 0.248 0.021 0.033 0.136 0.013 0.027 0.03 0.008 0.034 0.072
36 L 0.118 0.023 0.017 0.019 0.016 0.016 0.024 0.035 0.012 0.091 0.174 0.027 0.029 0.132 0.017 0.04 0.037 0.008 0.035 0.129
37 F 0.046 0.021 0.017 0.019 0.012 0.014 0.023 0.026 0.013 0.078 0.112 0.025 0.023 0.199 0.14 0.03 0.033 0.009 0.046 0.113
38 V 0.118 0.021 0.017 0.019 0.016 0.016 0.024 0.035 0.011 0.142 0.111 0.027 0.026 0.129 0.017 0.04 0.039 0.008 0.035 0.148
39 I 0.105 0.023 0.023 0.023 0.017 0.018 0.026 0.035 0.011 0.186 0.113 0.031 0.027 0.032 0.02 0.051 0.103 0.005 0.018 0.132
40 L 0.13 0.027 0.026 0.026 0.017 0.021 0.031 0.044 0.012 0.122 0.166 0.035 0.028 0.033 0.021 0.098 0.048 0.006 0.018 0.09
41 L 0.049 0.024 0.02 0.02 0.016 0.017 0.023 0.025 0.01 0.132 0.276 0.028 0.037 0.042 0.017 0.039 0.097 0.006 0.02 0.099
42 I 0.051 0.022 0.021 0.021 0.015 0.016 0.023 0.027 0.011 0.154 0.115 0.027 0.027 0.13 0.016 0.041 0.099 0.008 0.035 0.14
43 V 0.055 0.019 0.015 0.017 0.017 0.014 0.019 0.021 0.008 0.234 0.141 0.023 0.032 0.038 0.015 0.027 0.042 0.005 0.019 0.238
44 G 0.054 0.022 0.028 0.024 0.01 0.017 0.023 0.281 0.021 0.034 0.056 0.028 0.015 0.144 0.015 0.038 0.027 0.013 0.115 0.035
45 T 0.059 0.027 0.032 0.029 0.014 0.02 0.029 0.129 0.013 0.05 0.088 0.033 0.02 0.123 0.02 0.06 0.158 0.008 0.033 0.056
46 I 0.044 0.017 0.014 0.017 0.015 0.013 0.017 0.019 0.008 0.312 0.158 0.022 0.035 0.042 0.014 0.024 0.038 0.006 0.019 0.167
47 V 0.061 0.02 0.015 0.017 0.017 0.015 0.021 0.022 0.008 0.195 0.132 0.024 0.031 0.036 0.015 0.029 0.044 0.005 0.019 0.274
48 S 0.104 0.038 0.051 0.046 0.017 0.031 0.049 0.063 0.018 0.028 0.04 0.051 0.015 0.02 0.028 0.264 0.077 0.005 0.017 0.04
49 L 0.056 0.026 0.023 0.023 0.015 0.018 0.026 0.031 0.013 0.08 0.268 0.03 0.035 0.105 0.016 0.083 0.042 0.008 0.03 0.071
50 R 0.042 0.382 0.037 0.029 0.007 0.046 0.049 0.031 0.022 0.022 0.044 0.113 0.015 0.016 0.018 0.042 0.033 0.005 0.016 0.029
51 G 0.056 0.025 0.051 0.232 0.009 0.023 0.055 0.291 0.015 0.019 0.027 0.037 0.009 0.015 0.019 0.049 0.031 0.004 0.01 0.023
52 I 0.044 0.018 0.014 0.016 0.015 0.013 0.017 0.02 0.009 0.261 0.222 0.023 0.038 0.044 0.014 0.023 0.036 0.006 0.02 0.148
53 S 0.08 0.036 0.124 0.051 0.013 0.029 0.043 0.15 0.02 0.026 0.036 0.047 0.013 0.018 0.024 0.163 0.074 0.005 0.015 0.035
54 V 0.066 0.021 0.016 0.017 0.018 0.016 0.022 0.023 0.008 0.155 0.123 0.025 0.03 0.034 0.016 0.031 0.047 0.005 0.019 0.31
55 D 0.039 0.028 0.065 0.432 0.007 0.028 0.086 0.044 0.018 0.021 0.026 0.042 0.009 0.014 0.021 0.049 0.033 0.003 0.011 0.023
56 R 0.042 0.382 0.037 0.029 0.007 0.046 0.049 0.031 0.022 0.022 0.044 0.113 0.015 0.016 0.018 0.042 0.033 0.005 0.016 0.029
57 D 0.039 0.028 0.065 0.432 0.007 0.028 0.086 0.044 0.018 0.021 0.026 0.042 0.009 0.014 0.021 0.049 0.033 0.003 0.011 0.023
58 S 0.16 0.036 0.044 0.042 0.017 0.03 0.047 0.065 0.017 0.031 0.044 0.049 0.015 0.02 0.028 0.218 0.07 0.005 0.017 0.046
59 L 0.055 0.024 0.024 0.023 0.014 0.017 0.026 0.032 0.013 0.127 0.179 0.029 0.03 0.134 0.016 0.084 0.043 0.008 0.035 0.087
60 V 0.067 0.024 0.022 0.021 0.018 0.018 0.026 0.028 0.009 0.129 0.108 0.029 0.027 0.031 0.018 0.045 0.107 0.005 0.019 0.249
61 Y 0.038 0.026 0.021 0.018 0.009 0.021 0.026 0.023 0.044 0.041 0.065 0.029 0.018 0.123 0.015 0.029 0.026 0.026 0.356 0.044
62 F 0.034 0.023 0.023 0.02 0.009 0.016 0.025 0.026 0.088 0.051 0.092 0.023 0.022 0.329 0.012 0.027 0.024 0.015 0.095 0.046
63 T 0.086 0.036 0.046 0.041 0.017 0.029 0.043 0.052 0.016 0.039 0.05 0.047 0.017 0.021 0.027 0.176 0.183 0.005 0.017 0.053
64 V 0.066 0.021 0.016 0.017 0.018 0.016 0.022 0.023 0.008 0.155 0.123 0.025 0.03 0.034 0.016 0.031 0.047 0.005 0.019 0.31
65 F 0.033 0.02 0.017 0.016 0.01 0.013 0.02 0.024 0.023 0.055 0.097 0.021 0.022 0.347 0.011 0.025 0.025 0.019 0.152 0.05
66 N 0.049 0.037 0.276 0.067 0.009 0.028 0.041 0.181 0.025 0.02 0.029 0.046 0.01 0.017 0.019 0.061 0.042 0.004 0.014 0.025
67 D 0.084 0.044 0.043 0.147 0.01 0.093 0.139 0.042 0.044 0.033 0.043 0.059 0.015 0.017 0.023 0.053 0.037 0.005 0.018 0.05
68 L 0.047 0.021 0.014 0.015 0.016 0.015 0.019 0.021 0.009 0.168 0.294 0.024 0.041 0.046 0.014 0.025 0.036 0.006 0.02 0.151
69 K 0.062 0.115 0.035 0.034 0.012 0.048 0.049 0.039 0.017 0.097 0.071 0.125 0.02 0.023 0.022 0.096 0.047 0.005 0.017 0.067
70 N 0.047 0.058 0.197 0.07 0.008 0.044 0.124 0.049 0.026 0.022 0.034 0.123 0.012 0.016 0.022 0.059 0.041 0.005 0.015 0.028
71 I 0.049 0.019 0.014 0.016 0.016 0.014 0.019 0.021 0.008 0.222 0.213 0.023 0.037 0.042 0.014 0.025 0.038 0.006 0.02 0.184
72 N 0.042 0.044 0.331 0.081 0.009 0.033 0.048 0.064 0.031 0.022 0.031 0.053 0.011 0.018 0.02 0.068 0.048 0.004 0.015 0.026
73 G 0.071 0.029 0.046 0.136 0.011 0.025 0.049 0.171 0.016 0.023 0.032 0.042 0.011 0.016 0.116 0.115 0.046 0.004 0.013 0.029
74 L 0.037 0.02 0.015 0.015 0.013 0.013 0.018 0.022 0.013 0.084 0.259 0.021 0.035 0.237 0.012 0.023 0.028 0.011 0.052 0.071
75 G 0.049 0.032 0.116 0.097 0.009 0.029 0.077 0.165 0.027 0.025 0.038 0.042 0.012 0.043 0.019 0.049 0.034 0.01 0.099 0.03
76 E 0.052 0.05 0.039 0.08 0.007 0.086 0.306 0.034 0.025 0.021 0.036 0.073 0.013 0.015 0.024 0.052 0.035 0.005 0.016 0.03
77 L 0.045 0.02 0.014 0.016 0.015 0.014 0.018 0.02 0.009 0.201 0.282 0.023 0.04 0.046 0.014 0.024 0.035 0.006 0.02 0.138
78 L 0.055 0.025 0.023 0.023 0.014 0.018 0.027 0.033 0.013 0.119 0.165 0.03 0.028 0.043 0.016 0.083 0.042 0.135 0.03 0.081
79 I 0.118 0.039 0.023 0.025 0.015 0.038 0.036 0.038 0.013 0.173 0.104 0.087 0.025 0.03 0.02 0.045 0.04 0.005 0.018 0.107
80 Y 0.077 0.024 0.019 0.018 0.012 0.018 0.025 0.03 0.029 0.06 0.082 0.028 0.021 0.174 0.015 0.035 0.031 0.018 0.204 0.082
81 S 0.104 0.038 0.051 0.046 0.017 0.031 0.049 0.063 0.018 0.028 0.04 0.051 0.015 0.02 0.028 0.264 0.077 0.005 0.017 0.04
82 S 0.08 0.033 0.039 0.035 0.016 0.026 0.039 0.047 0.015 0.054 0.138 0.042 0.024 0.028 0.024 0.16 0.119 0.006 0.018 0.059
83 S 0.078 0.036 0.12 0.051 0.014 0.03 0.062 0.053 0.019 0.05 0.052 0.047 0.016 0.021 0.023 0.158 0.061 0.005 0.017 0.086
84 L 0.043 0.022 0.016 0.016 0.014 0.016 0.02 0.021 0.018 0.18 0.2 0.025 0.044 0.065 0.014 0.026 0.033 0.011 0.104 0.112
85 G 0.074 0.022 0.037 0.032 0.01 0.018 0.024 0.538 0.013 0.018 0.027 0.032 0.009 0.015 0.018 0.048 0.028 0.005 0.01 0.023
86 Q 0.053 0.069 0.042 0.044 0.008 0.259 0.097 0.039 0.028 0.025 0.044 0.086 0.019 0.014 0.022 0.053 0.039 0.006 0.019 0.033
87 E 0.052 0.047 0.038 0.085 0.007 0.061 0.336 0.033 0.024 0.021 0.035 0.071 0.012 0.016 0.024 0.052 0.035 0.005 0.016 0.03
88 I 0.052 0.02 0.016 0.02 0.015 0.015 0.022 0.024 0.009 0.201 0.118 0.027 0.027 0.032 0.141 0.03 0.039 0.005 0.018 0.168
89 G 0.074 0.022 0.037 0.032 0.01 0.018 0.024 0.538 0.013 0.018 0.027 0.032 0.009 0.015 0.018 0.048 0.028 0.005 0.01 0.023
90 F 0.032 0.018 0.016 0.016 0.01 0.01 0.018 0.024 0.016 0.06 0.108 0.018 0.024 0.422 0.01 0.024 0.024 0.016 0.084 0.052
91 L 0.049 0.022 0.014 0.016 0.016 0.016 0.02 0.021 0.009 0.153 0.278 0.025 0.054 0.045 0.014 0.026 0.037 0.006 0.021 0.158
92 L 0.052 0.023 0.021 0.021 0.014 0.016 0.024 0.029 0.012 0.132 0.202 0.027 0.032 0.136 0.015 0.069 0.04 0.008 0.035 0.09
93 L 0.039 0.021 0.014 0.015 0.014 0.014 0.019 0.021 0.012 0.094 0.316 0.022 0.04 0.167 0.012 0.023 0.029 0.01 0.041 0.079
94 M 0.05 0.034 0.024 0.035 0.013 0.035 0.104 0.028 0.017 0.076 0.148 0.043 0.159 0.038 0.017 0.039 0.037 0.007 0.021 0.073
95 K 0.054 0.101 0.039 0.039 0.008 0.05 0.067 0.041 0.02 0.026 0.041 0.319 0.015 0.015 0.026 0.05 0.037 0.005 0.016 0.031
96 L 0.046 0.024 0.021 0.02 0.014 0.016 0.023 0.026 0.012 0.095 0.232 0.027 0.033 0.136 0.016 0.039 0.094 0.009 0.036 0.08
97 F 0.181 0.024 0.02 0.022 0.015 0.017 0.028 0.049 0.015 0.05 0.082 0.03 0.02 0.221 0.019 0.052 0.036 0.011 0.05 0.058
98 S 0.084 0.039 0.07 0.046 0.014 0.033 0.049 0.056 0.112 0.026 0.038 0.049 0.014 0.022 0.025 0.196 0.062 0.005 0.026 0.034
99 L 0.057 0.024 0.024 0.023 0.014 0.017 0.026 0.032 0.013 0.117 0.177 0.029 0.03 0.133 0.016 0.084 0.043 0.008 0.035 0.096
100 L 0.045 0.018 0.015 0.016 0.138 0.012 0.017 0.024 0.01 0.131 0.185 0.021 0.03 0.134 0.013 0.027 0.032 0.008 0.034 0.091
101 G 0.074 0.022 0.037 0.032 0.01 0.018 0.024 0.538 0.013 0.018 0.027 0.032 0.009 0.015 0.018 0.048 0.028 0.005 0.01 0.023
102 L 0.112 0.023 0.017 0.018 0.015 0.016 0.024 0.035 0.012 0.08 0.246 0.027 0.034 0.136 0.016 0.038 0.034 0.009 0.036 0.075
103 D 0.071 0.036 0.113 0.173 0.012 0.03 0.06 0.057 0.02 0.025 0.034 0.048 0.012 0.017 0.024 0.16 0.058 0.004 0.014 0.032
104 F 0.033 0.02 0.017 0.016 0.01 0.013 0.02 0.024 0.023 0.055 0.097 0.021 0.022 0.347 0.011 0.025 0.025 0.019 0.152 0.05
105 F 0.035 0.022 0.018 0.017 0.009 0.015 0.022 0.024 0.03 0.05 0.086 0.024 0.021 0.272 0.012 0.027 0.025 0.021 0.22 0.048
106 E 0.068 0.038 0.036 0.058 0.012 0.042 0.186 0.038 0.019 0.056 0.058 0.055 0.017 0.021 0.023 0.1 0.048 0.005 0.017 0.102
107 F 0.032 0.018 0.016 0.016 0.01 0.01 0.018 0.024 0.016 0.06 0.108 0.018 0.024 0.422 0.01 0.024 0.024 0.016 0.084 0.052
108 R 0.042 0.382 0.037 0.029 0.007 0.046 0.049 0.031 0.022 0.022 0.044 0.113 0.015 0.016 0.018 0.042 0.033 0.005 0.016 0.029
109 F 0.117 0.022 0.023 0.023 0.013 0.015 0.025 0.165 0.015 0.045 0.075 0.027 0.018 0.22 0.016 0.044 0.031 0.011 0.049 0.048
110 V 0.092 0.019 0.016 0.018 0.141 0.015 0.021 0.03 0.009 0.152 0.108 0.025 0.026 0.03 0.017 0.037 0.041 0.005 0.017 0.18
111 F 0.032 0.018 0.016 0.016 0.01 0.01 0.018 0.024 0.016 0.06 0.108 0.018 0.024 0.422 0.01 0.024 0.024 0.016 0.084 0.052
112 N 0.046 0.045 0.197 0.082 0.008 0.046 0.191 0.047 0.027 0.021 0.032 0.061 0.011 0.016 0.022 0.059 0.041 0.005 0.015 0.027
113 L 0.041 0.023 0.016 0.016 0.014 0.016 0.021 0.023 0.013 0.09 0.26 0.025 0.08 0.166 0.013 0.026 0.031 0.01 0.041 0.078
114 L 0.048 0.022 0.014 0.015 0.016 0.015 0.02 0.021 0.009 0.12 0.339 0.024 0.043 0.047 0.014 0.025 0.035 0.006 0.021 0.146
115 C 0.065 0.024 0.028 0.025 0.265 0.019 0.026 0.036 0.01 0.046 0.061 0.031 0.017 0.021 0.021 0.063 0.162 0.005 0.014 0.06
116 L 0.043 0.023 0.014 0.014 0.015 0.015 0.019 0.02 0.009 0.112 0.393 0.024 0.046 0.05 0.014 0.023 0.032 0.007 0.021 0.104
117 F 0.037 0.02 0.017 0.017 0.011 0.013 0.02 0.023 0.021 0.118 0.11 0.022 0.025 0.252 0.012 0.025 0.028 0.016 0.136 0.079
118 S 0.142 0.031 0.036 0.034 0.016 0.024 0.039 0.056 0.017 0.039 0.061 0.04 0.018 0.12 0.024 0.158 0.056 0.008 0.033 0.049
119 L 0.043 0.02 0.014 0.016 0.015 0.014 0.018 0.02 0.009 0.211 0.285 0.023 0.041 0.047 0.014 0.023 0.035 0.006 0.02 0.129
120 F 0.034 0.02 0.015 0.015 0.011 0.012 0.019 0.024 0.014 0.064 0.169 0.02 0.027 0.238 0.01 0.023 0.025 0.14 0.063 0.056
121 F 0.051 0.025 0.026 0.024 0.011 0.018 0.028 0.033 0.024 0.047 0.08 0.029 0.02 0.247 0.016 0.085 0.038 0.016 0.135 0.047
122 F 0.038 0.017 0.015 0.016 0.013 0.011 0.017 0.022 0.012 0.186 0.133 0.02 0.029 0.232 0.012 0.024 0.031 0.011 0.052 0.109
123 I 0.044 0.017 0.014 0.017 0.015 0.013 0.017 0.019 0.008 0.3 0.174 0.022 0.035 0.042 0.014 0.024 0.037 0.006 0.02 0.162
124 F 0.043 0.059 0.028 0.028 0.009 0.03 0.042 0.032 0.018 0.043 0.074 0.168 0.019 0.218 0.018 0.037 0.031 0.01 0.05 0.041
125 E 0.05 0.144 0.038 0.06 0.007 0.054 0.197 0.034 0.023 0.022 0.039 0.144 0.013 0.016 0.023 0.049 0.035 0.005 0.016 0.03
126 Y 0.047 0.026 0.024 0.022 0.012 0.02 0.027 0.027 0.027 0.111 0.087 0.031 0.022 0.078 0.017 0.042 0.095 0.016 0.187 0.08
127 C 0.058 0.017 0.015 0.016 0.265 0.013 0.017 0.026 0.008 0.138 0.101 0.021 0.024 0.028 0.015 0.033 0.038 0.005 0.015 0.146
128 P 0.119 0.027 0.033 0.13 0.012 0.023 0.048 0.047 0.014 0.028 0.038 0.041 0.011 0.015 0.273 0.053 0.037 0.003 0.013 0.037
129 G 0.071 0.03 0.048 0.136 0.013 0.026 0.049 0.171 0.015 0.029 0.039 0.042 0.013 0.018 0.023 0.112 0.107 0.005 0.014 0.038
130 R 0.045 0.137 0.111 0.04 0.01 0.036 0.045 0.038 0.02 0.045 0.131 0.127 0.022 0.025 0.019 0.045 0.037 0.005 0.017 0.044
131 F 0.032 0.018 0.016 0.016 0.01 0.01 0.018 0.024 0.016 0.06 0.108 0.018 0.024 0.422 0.01 0.024 0.024 0.016 0.084 0.052
132 R 0.039 0.202 0.027 0.023 0.008 0.03 0.036 0.027 0.026 0.036 0.065 0.069 0.018 0.144 0.015 0.034 0.029 0.013 0.118 0.039
133 L 0.043 0.02 0.014 0.016 0.015 0.014 0.018 0.02 0.009 0.211 0.285 0.023 0.041 0.047 0.014 0.023 0.035 0.006 0.02 0.129
134 I 0.044 0.017 0.014 0.017 0.015 0.013 0.017 0.019 0.008 0.312 0.158 0.022 0.035 0.042 0.014 0.024 0.038 0.006 0.019 0.167
135 A 0.142 0.03 0.033 0.032 0.018 0.024 0.037 0.05 0.013 0.069 0.07 0.04 0.02 0.024 0.024 0.116 0.115 0.005 0.017 0.12
136 Y 0.038 0.023 0.018 0.016 0.011 0.017 0.022 0.023 0.028 0.063 0.162 0.025 0.027 0.18 0.013 0.026 0.027 0.019 0.204 0.058
137 L 0.037 0.02 0.015 0.015 0.013 0.013 0.018 0.022 0.013 0.084 0.259 0.021 0.035 0.237 0.012 0.023 0.028 0.011 0.052 0.071
138 I 0.051 0.021 0.021 0.021 0.016 0.016 0.022 0.025 0.009 0.247 0.134 0.027 0.031 0.037 0.017 0.04 0.1 0.006 0.019 0.142
139 Y 0.038 0.026 0.021 0.018 0.009 0.021 0.026 0.023 0.044 0.041 0.065 0.029 0.018 0.123 0.015 0.029 0.026 0.026 0.356 0.044
140 V 0.055 0.019 0.015 0.017 0.017 0.014 0.019 0.021 0.008 0.234 0.141 0.023 0.032 0.038 0.015 0.027 0.042 0.005 0.019 0.238
141 S 0.152 0.035 0.042 0.039 0.018 0.028 0.044 0.06 0.016 0.037 0.049 0.047 0.016 0.021 0.028 0.174 0.123 0.005 0.017 0.053
142 M 0.049 0.03 0.019 0.019 0.015 0.027 0.027 0.027 0.015 0.095 0.186 0.034 0.208 0.045 0.015 0.034 0.038 0.008 0.023 0.087
143 F 0.032 0.018 0.016 0.016 0.01 0.01 0.018 0.024 0.016 0.06 0.108 0.018 0.024 0.422 0.01 0.024 0.024 0.016 0.084 0.052
144 L 0.046 0.02 0.014 0.016 0.016 0.014 0.019 0.02 0.009 0.191 0.28 0.023 0.04 0.046 0.014 0.024 0.036 0.006 0.02 0.147
145 L 0.041 0.024 0.015 0.015 0.014 0.017 0.021 0.021 0.018 0.092 0.324 0.025 0.04 0.07 0.014 0.025 0.03 0.012 0.105 0.079
146 F 0.032 0.018 0.016 0.016 0.01 0.01 0.018 0.024 0.016 0.06 0.108 0.018 0.024 0.422 0.01 0.024 0.024 0.016 0.084 0.052
147 R 0.042 0.382 0.037 0.029 0.007 0.046 0.049 0.031 0.022 0.022 0.044 0.113 0.015 0.016 0.018 0.042 0.033 0.005 0.016 0.029
148 D 0.039 0.028 0.065 0.432 0.007 0.028 0.086 0.044 0.018 0.021 0.026 0.042 0.009 0.014 0.021 0.049 0.033 0.003 0.011 0.023
149 F 0.032 0.018 0.016 0.016 0.01 0.01 0.018 0.024 0.016 0.06 0.108 0.018 0.024 0.422 0.01 0.024 0.024 0.016 0.084 0.052
150 T 0.069 0.033 0.041 0.035 0.017 0.026 0.037 0.041 0.013 0.05 0.061 0.043 0.019 0.022 0.026 0.087 0.289 0.006 0.017 0.067
151 Q 0.053 0.069 0.042 0.044 0.008 0.259 0.097 0.039 0.028 0.025 0.044 0.086 0.019 0.014 0.022 0.053 0.039 0.006 0.019 0.033
152 I 0.044 0.017 0.014 0.017 0.015 0.013 0.017 0.019 0.008 0.312 0.158 0.022 0.035 0.042 0.014 0.024 0.038 0.006 0.019 0.167
153 R 0.042 0.382 0.037 0.029 0.007 0.046 0.049 0.031 0.022 0.022 0.044 0.113 0.015 0.016 0.018 0.042 0.033 0.005 0.016 0.029
154 F 0.036 0.021 0.016 0.016 0.011 0.014 0.02 0.023 0.021 0.067 0.173 0.022 0.028 0.255 0.012 0.025 0.026 0.016 0.136 0.06
155 S 0.084 0.031 0.04 0.036 0.141 0.025 0.038 0.049 0.014 0.037 0.05 0.041 0.016 0.02 0.024 0.163 0.12 0.005 0.015 0.05
156 F 0.034 0.019 0.015 0.016 0.011 0.011 0.018 0.023 0.014 0.072 0.184 0.019 0.03 0.329 0.011 0.024 0.026 0.014 0.068 0.062
157 A 0.214 0.032 0.036 0.036 0.018 0.027 0.042 0.108 0.016 0.034 0.047 0.045 0.015 0.02 0.027 0.154 0.058 0.005 0.016 0.051
158 C 0.072 0.021 0.024 0.023 0.389 0.016 0.024 0.039 0.01 0.039 0.056 0.027 0.015 0.019 0.019 0.095 0.045 0.004 0.013 0.05
159 L 0.053 0.02 0.014 0.015 0.14 0.014 0.019 0.024 0.009 0.104 0.251 0.023 0.035 0.039 0.014 0.029 0.036 0.006 0.018 0.136
160 L 0.046 0.027 0.016 0.017 0.015 0.021 0.023 0.023 0.012 0.102 0.298 0.029 0.127 0.049 0.014 0.028 0.035 0.007 0.022 0.089
161 A 0.217 0.034 0.038 0.037 0.018 0.028 0.044 0.068 0.016 0.034 0.048 0.047 0.016 0.02 0.028 0.172 0.062 0.005 0.017 0.052
162 L 0.114 0.025 0.016 0.018 0.017 0.017 0.024 0.034 0.011 0.092 0.322 0.028 0.039 0.044 0.017 0.037 0.035 0.006 0.02 0.084
163 N 0.042 0.03 0.185 0.048 0.012 0.022 0.032 0.04 0.019 0.167 0.094 0.037 0.023 0.029 0.016 0.045 0.042 0.005 0.017 0.096
164 S 0.104 0.038 0.051 0.046 0.017 0.031 0.049 0.063 0.018 0.028 0.04 0.051 0.015 0.02 0.028 0.264 0.077 0.005 0.017 0.04
165 I 0.044 0.017 0.014 0.017 0.015 0.013 0.017 0.019 0.008 0.312 0.158 0.022 0.035 0.042 0.014 0.024 0.038 0.006 0.019 0.167
166 Y 0.041 0.023 0.017 0.017 0.012 0.017 0.022 0.022 0.026 0.126 0.175 0.026 0.029 0.085 0.014 0.026 0.03 0.016 0.188 0.086
167 Y 0.046 0.064 0.03 0.028 0.008 0.036 0.047 0.032 0.032 0.034 0.053 0.174 0.016 0.069 0.02 0.04 0.032 0.016 0.186 0.037
168 R 0.041 0.203 0.027 0.023 0.01 0.032 0.036 0.028 0.019 0.05 0.095 0.07 0.065 0.125 0.015 0.036 0.032 0.009 0.035 0.049
169 L 0.042 0.022 0.013 0.015 0.015 0.015 0.019 0.02 0.009 0.147 0.364 0.024 0.045 0.05 0.013 0.023 0.033 0.006 0.021 0.105
170 K 0.051 0.072 0.042 0.105 0.008 0.052 0.17 0.038 0.021 0.023 0.037 0.191 0.013 0.015 0.025 0.051 0.036 0.005 0.015 0.029
171 N 0.041 0.038 0.27 0.062 0.01 0.028 0.04 0.051 0.025 0.043 0.125 0.044 0.02 0.026 0.018 0.055 0.043 0.005 0.016 0.042
172 K 0.047 0.157 0.118 0.046 0.008 0.045 0.057 0.044 0.023 0.024 0.039 0.201 0.014 0.016 0.022 0.052 0.039 0.005 0.016 0.029
173 N 0.043 0.034 0.188 0.051 0.009 0.026 0.038 0.045 0.029 0.027 0.04 0.043 0.012 0.042 0.144 0.051 0.038 0.009 0.1 0.031
174 K 0.066 0.05 0.038 0.035 0.013 0.032 0.045 0.042 0.024 0.036 0.052 0.111 0.016 0.045 0.024 0.108 0.108 0.01 0.102 0.045
175 K 0.048 0.152 0.032 0.03 0.01 0.04 0.05 0.033 0.018 0.046 0.134 0.194 0.023 0.024 0.021 0.041 0.035 0.005 0.018 0.045
176 S 0.104 0.038 0.051 0.046 0.017 0.031 0.049 0.063 0.018 0.028 0.04 0.051 0.015 0.02 0.028 0.264 0.077 0.005 0.017 0.04
177 I 0.043 0.018 0.014 0.016 0.014 0.013 0.018 0.021 0.01 0.23 0.178 0.022 0.034 0.114 0.013 0.024 0.035 0.008 0.032 0.145
178 L 0.12 0.024 0.017 0.019 0.017 0.017 0.024 0.034 0.01 0.116 0.234 0.028 0.034 0.039 0.018 0.039 0.04 0.006 0.019 0.144
179 L 0.038 0.022 0.016 0.016 0.012 0.015 0.021 0.022 0.02 0.077 0.23 0.023 0.032 0.185 0.013 0.025 0.028 0.015 0.124 0.067
180 F 0.034 0.019 0.015 0.016 0.011 0.011 0.018 0.023 0.014 0.072 0.184 0.019 0.03 0.329 0.011 0.024 0.026 0.014 0.068 0.062
181 I 0.04 0.02 0.016 0.017 0.013 0.015 0.02 0.022 0.018 0.167 0.146 0.024 0.044 0.153 0.013 0.026 0.032 0.012 0.099 0.104
182 F 0.117 0.021 0.018 0.019 0.016 0.015 0.024 0.035 0.012 0.126 0.108 0.026 0.026 0.153 0.017 0.04 0.038 0.009 0.039 0.141
183 G 0.145 0.028 0.037 0.034 0.014 0.023 0.034 0.303 0.014 0.026 0.037 0.039 0.012 0.018 0.023 0.11 0.045 0.005 0.013 0.038
184 V 0.055 0.02 0.015 0.016 0.017 0.015 0.02 0.022 0.008 0.183 0.204 0.024 0.035 0.04 0.015 0.027 0.041 0.006 0.02 0.22
185 L 0.042 0.023 0.014 0.015 0.015 0.016 0.02 0.02 0.01 0.108 0.397 0.025 0.057 0.051 0.014 0.024 0.032 0.007 0.021 0.091
186 F 0.049 0.019 0.016 0.016 0.014 0.013 0.02 0.024 0.012 0.108 0.115 0.021 0.027 0.228 0.013 0.027 0.035 0.011 0.052 0.181
187 H 0.04 0.043 0.05 0.036 0.007 0.036 0.05 0.036 0.392 0.022 0.036 0.043 0.014 0.029 0.018 0.04 0.025 0.007 0.054 0.022
188 N 0.04 0.042 0.356 0.078 0.008 0.032 0.047 0.062 0.03 0.021 0.03 0.051 0.011 0.017 0.019 0.066 0.047 0.004 0.015 0.025
189 S 0.152 0.035 0.042 0.039 0.018 0.028 0.044 0.06 0.016 0.037 0.049 0.047 0.016 0.021 0.028 0.174 0.123 0.005 0.017 0.053
190 I 0.074 0.027 0.032 0.031 0.016 0.022 0.033 0.041 0.013 0.17 0.099 0.037 0.025 0.031 0.021 0.144 0.057 0.005 0.018 0.103
191 L 0.042 0.023 0.013 0.014 0.015 0.015 0.019 0.02 0.01 0.109 0.411 0.024 0.047 0.052 0.013 0.023 0.032 0.007 0.021 0.091
192 I 0.044 0.017 0.014 0.017 0.015 0.013 0.017 0.019 0.008 0.312 0.158 0.022 0.035 0.042 0.014 0.024 0.038 0.006 0.019 0.167
193 I 0.05 0.018 0.014 0.017 0.016 0.013 0.018 0.02 0.008 0.273 0.15 0.023 0.033 0.04 0.014 0.025 0.04 0.005 0.019 0.203
194 L 0.112 0.022 0.017 0.019 0.015 0.015 0.023 0.034 0.012 0.13 0.183 0.027 0.03 0.134 0.016 0.038 0.035 0.008 0.035 0.094
195 P 0.059 0.024 0.026 0.03 0.01 0.019 0.032 0.16 0.012 0.023 0.032 0.037 0.01 0.013 0.396 0.043 0.033 0.003 0.012 0.028
196 I 0.05 0.018 0.014 0.017 0.016 0.013 0.018 0.02 0.008 0.273 0.15 0.023 0.033 0.04 0.014 0.025 0.04 0.005 0.019 0.203
197 L 0.042 0.023 0.013 0.014 0.015 0.015 0.019 0.02 0.01 0.109 0.411 0.024 0.047 0.052 0.013 0.023 0.032 0.007 0.021 0.091
198 L 0.048 0.022 0.014 0.015 0.016 0.015 0.02 0.021 0.009 0.12 0.339 0.024 0.043 0.047 0.014 0.025 0.035 0.006 0.021 0.146
199 V 0.075 0.02 0.016 0.017 0.141 0.015 0.021 0.028 0.009 0.108 0.175 0.024 0.03 0.034 0.016 0.034 0.04 0.005 0.018 0.176
200 L 0.119 0.022 0.017 0.019 0.017 0.017 0.024 0.034 0.01 0.164 0.189 0.028 0.032 0.037 0.018 0.039 0.04 0.006 0.019 0.149
201 K 0.048 0.139 0.118 0.047 0.008 0.045 0.058 0.044 0.023 0.024 0.039 0.213 0.014 0.016 0.023 0.053 0.039 0.005 0.016 0.029
202 F 0.039 0.017 0.016 0.016 0.136 0.01 0.017 0.026 0.014 0.055 0.096 0.018 0.022 0.321 0.011 0.028 0.027 0.013 0.066 0.052
203 I 0.055 0.021 0.016 0.018 0.017 0.016 0.021 0.023 0.009 0.215 0.155 0.026 0.052 0.041 0.015 0.029 0.043 0.006 0.021 0.204
204 G 0.068 0.033 0.149 0.053 0.011 0.026 0.037 0.292 0.021 0.021 0.031 0.043 0.011 0.017 0.02 0.08 0.043 0.005 0.013 0.027
205 E 0.05 0.033 0.027 0.053 0.012 0.038 0.163 0.027 0.017 0.153 0.101 0.049 0.024 0.03 0.02 0.039 0.038 0.006 0.018 0.102
206 K 0.049 0.079 0.065 0.14 0.008 0.044 0.07 0.043 0.02 0.025 0.036 0.233 0.013 0.015 0.024 0.051 0.037 0.005 0.015 0.029
207 F 0.041 0.116 0.026 0.023 0.01 0.024 0.031 0.029 0.017 0.063 0.085 0.064 0.021 0.221 0.015 0.038 0.061 0.011 0.05 0.054
208 L 0.043 0.02 0.014 0.016 0.015 0.014 0.018 0.02 0.009 0.211 0.285 0.023 0.041 0.047 0.014 0.023 0.035 0.006 0.02 0.129
209 Y 0.037 0.024 0.019 0.017 0.009 0.018 0.024 0.024 0.037 0.046 0.075 0.027 0.019 0.198 0.014 0.028 0.026 0.024 0.288 0.046
210 N 0.051 0.047 0.198 0.059 0.011 0.087 0.057 0.051 0.025 0.029 0.041 0.058 0.015 0.018 0.022 0.068 0.105 0.005 0.016 0.038
211 L 0.115 0.023 0.016 0.018 0.017 0.017 0.023 0.033 0.01 0.143 0.259 0.028 0.036 0.041 0.017 0.037 0.037 0.006 0.02 0.103
212 K 0.05 0.086 0.118 0.049 0.008 0.046 0.062 0.046 0.022 0.025 0.038 0.252 0.014 0.015 0.024 0.054 0.04 0.005 0.016 0.03
213 F 0.031 0.019 0.016 0.016 0.009 0.011 0.019 0.025 0.016 0.052 0.093 0.019 0.022 0.33 0.009 0.023 0.023 0.142 0.079 0.046
214 Y 0.118 0.026 0.02 0.02 0.014 0.02 0.028 0.036 0.027 0.07 0.077 0.031 0.02 0.075 0.018 0.043 0.037 0.016 0.187 0.116
215 L 0.051 0.021 0.015 0.016 0.015 0.014 0.02 0.023 0.01 0.12 0.191 0.023 0.033 0.135 0.014 0.027 0.037 0.008 0.036 0.191
216 S 0.078 0.032 0.04 0.036 0.015 0.025 0.039 0.047 0.016 0.045 0.081 0.041 0.019 0.098 0.023 0.16 0.117 0.007 0.029 0.052
217 I 0.135 0.026 0.026 0.027 0.017 0.021 0.031 0.045 0.012 0.144 0.096 0.035 0.024 0.029 0.021 0.099 0.052 0.005 0.018 0.136
218 I 0.044 0.018 0.014 0.016 0.015 0.013 0.017 0.02 0.009 0.261 0.222 0.023 0.038 0.044 0.014 0.023 0.036 0.006 0.02 0.148
219 G 0.069 0.025 0.03 0.028 0.014 0.019 0.028 0.162 0.014 0.065 0.074 0.031 0.019 0.123 0.018 0.092 0.044 0.008 0.032 0.106
220 G 0.054 0.019 0.021 0.02 0.013 0.014 0.02 0.151 0.011 0.136 0.104 0.024 0.024 0.128 0.014 0.032 0.034 0.008 0.033 0.138
221 A 0.23 0.025 0.021 0.023 0.143 0.02 0.03 0.057 0.012 0.055 0.066 0.034 0.018 0.022 0.023 0.064 0.044 0.005 0.016 0.093
222 L 0.098 0.023 0.019 0.019 0.014 0.018 0.024 0.063 0.019 0.124 0.171 0.029 0.028 0.059 0.017 0.037 0.034 0.011 0.103 0.089
223 L 0.039 0.022 0.014 0.015 0.014 0.014 0.019 0.021 0.011 0.097 0.335 0.022 0.041 0.144 0.013 0.023 0.03 0.009 0.037 0.081
224 L 0.039 0.022 0.014 0.015 0.014 0.014 0.019 0.021 0.011 0.097 0.335 0.022 0.041 0.144 0.013 0.023 0.03 0.009 0.037 0.081
225 F 0.055 0.036 0.031 0.031 0.011 0.078 0.046 0.037 0.019 0.043 0.075 0.043 0.021 0.219 0.018 0.091 0.041 0.011 0.051 0.044
226 K 0.048 0.06 0.026 0.027 0.012 0.032 0.042 0.03 0.014 0.118 0.163 0.171 0.028 0.031 0.02 0.037 0.036 0.006 0.018 0.08
227 L 0.046 0.02 0.015 0.016 0.015 0.013 0.019 0.022 0.01 0.159 0.2 0.022 0.034 0.137 0.013 0.025 0.035 0.008 0.036 0.155
228 D 0.043 0.05 0.131 0.245 0.008 0.035 0.071 0.048 0.021 0.022 0.031 0.114 0.011 0.015 0.022 0.054 0.038 0.004 0.013 0.026
229 P 0.046 0.021 0.018 0.023 0.011 0.015 0.026 0.028 0.012 0.105 0.084 0.03 0.02 0.122 0.267 0.033 0.032 0.007 0.032 0.069
230 F 0.11 0.02 0.017 0.019 0.014 0.014 0.023 0.035 0.014 0.118 0.107 0.025 0.025 0.226 0.015 0.038 0.033 0.011 0.051 0.084
231 N 0.051 0.034 0.192 0.052 0.011 0.027 0.036 0.172 0.022 0.039 0.068 0.042 0.06 0.024 0.018 0.053 0.04 0.005 0.016 0.04
232 V 0.064 0.027 0.026 0.025 0.015 0.022 0.03 0.033 0.02 0.107 0.1 0.033 0.046 0.055 0.018 0.088 0.047 0.011 0.103 0.13
233 L 0.042 0.023 0.013 0.014 0.015 0.015 0.019 0.02 0.01 0.109 0.411 0.024 0.047 0.052 0.013 0.023 0.032 0.007 0.021 0.091
234 I 0.059 0.022 0.023 0.024 0.016 0.017 0.025 0.03 0.011 0.241 0.129 0.029 0.03 0.036 0.017 0.084 0.048 0.005 0.019 0.135
235 N 0.063 0.039 0.201 0.06 0.013 0.03 0.045 0.057 0.023 0.03 0.04 0.049 0.014 0.019 0.023 0.121 0.115 0.005 0.016 0.039
236 L 0.054 0.028 0.027 0.025 0.015 0.02 0.028 0.031 0.012 0.073 0.198 0.033 0.03 0.083 0.019 0.055 0.159 0.007 0.027 0.074
237 G 0.06 0.028 0.037 0.032 0.009 0.023 0.033 0.286 0.107 0.02 0.031 0.036 0.01 0.018 0.144 0.044 0.029 0.005 0.022 0.024
238 F 0.036 0.021 0.016 0.016 0.011 0.014 0.02 0.023 0.021 0.067 0.173 0.022 0.028 0.255 0.012 0.025 0.026 0.016 0.136 0.06
239 L 0.044 0.025 0.015 0.015 0.015 0.018 0.021 0.022 0.011 0.105 0.355 0.026 0.087 0.05 0.014 0.026 0.033 0.007 0.021 0.09
240 P 0.054 0.024 0.022 0.029 0.01 0.02 0.034 0.034 0.012 0.024 0.034 0.039 0.01 0.012 0.522 0.041 0.034 0.002 0.012 0.029
241 H 0.056 0.042 0.051 0.039 0.01 0.035 0.05 0.043 0.298 0.023 0.037 0.045 0.015 0.027 0.021 0.096 0.038 0.007 0.045 0.026
242 Q 0.053 0.069 0.042 0.044 0.008 0.259 0.097 0.039 0.028 0.025 0.044 0.086 0.019 0.014 0.022 0.053 0.039 0.006 0.019 0.033
243 I 0.044 0.018 0.014 0.016 0.015 0.013 0.017 0.02 0.009 0.261 0.222 0.023 0.038 0.044 0.014 0.023 0.036 0.006 0.02 0.148
244 T 0.069 0.033 0.041 0.035 0.017 0.026 0.037 0.041 0.013 0.05 0.061 0.043 0.019 0.022 0.026 0.087 0.289 0.006 0.017 0.067
245 R 0.042 0.382 0.037 0.029 0.007 0.046 0.049 0.031 0.022 0.022 0.044 0.113 0.015 0.016 0.018 0.042 0.033 0.005 0.016 0.029
246 Y 0.038 0.026 0.021 0.018 0.009 0.021 0.026 0.023 0.044 0.041 0.065 0.029 0.018 0.123 0.015 0.029 0.026 0.026 0.356 0.044
247 I 0.047 0.03 0.021 0.024 0.014 0.074 0.037 0.024 0.013 0.24 0.13 0.038 0.031 0.035 0.016 0.031 0.038 0.006 0.019 0.133
248 G 0.065 0.027 0.117 0.043 0.01 0.021 0.03 0.419 0.017 0.019 0.027 0.037 0.009 0.016 0.018 0.053 0.033 0.005 0.011 0.024
249 Q 0.07 0.052 0.044 0.043 0.012 0.144 0.07 0.045 0.022 0.032 0.047 0.066 0.018 0.017 0.025 0.114 0.111 0.005 0.018 0.043
250 D 0.112 0.032 0.127 0.242 0.011 0.028 0.064 0.056 0.02 0.026 0.035 0.044 0.011 0.016 0.022 0.061 0.04 0.004 0.013 0.034
251 E 0.045 0.037 0.041 0.155 0.007 0.043 0.196 0.033 0.028 0.026 0.04 0.054 0.013 0.042 0.021 0.046 0.032 0.01 0.1 0.032
252 L 0.116 0.026 0.017 0.019 0.017 0.02 0.026 0.035 0.012 0.088 0.266 0.031 0.08 0.042 0.017 0.04 0.037 0.007 0.02 0.083
253 N 0.057 0.033 0.148 0.044 0.014 0.026 0.036 0.043 0.019 0.074 0.093 0.04 0.065 0.029 0.018 0.074 0.048 0.005 0.018 0.114
254 G 0.079 0.023 0.039 0.034 0.011 0.019 0.026 0.505 0.014 0.019 0.029 0.034 0.009 0.016 0.019 0.052 0.03 0.005 0.011 0.025
255 G 0.074 0.022 0.037 0.032 0.01 0.018 0.024 0.538 0.013 0.018 0.027 0.032 0.009 0.015 0.018 0.048 0.028 0.005 0.01 0.023
256 N 0.113 0.039 0.273 0.066 0.011 0.03 0.045 0.065 0.026 0.026 0.036 0.049 0.012 0.018 0.021 0.069 0.047 0.004 0.015 0.035
257 T 0.069 0.033 0.041 0.035 0.017 0.026 0.037 0.041 0.013 0.05 0.061 0.043 0.019 0.022 0.026 0.087 0.289 0.006 0.017 0.067
258 F 0.038 0.019 0.015 0.016 0.013 0.012 0.018 0.022 0.012 0.135 0.196 0.02 0.032 0.234 0.012 0.024 0.029 0.011 0.052 0.09
259 G 0.074 0.022 0.037 0.032 0.01 0.018 0.024 0.538 0.013 0.018 0.027 0.032 0.009 0.015 0.018 0.048 0.028 0.005 0.01 0.023
260 L 0.045 0.019 0.015 0.016 0.014 0.013 0.019 0.021 0.01 0.169 0.202 0.022 0.034 0.138 0.013 0.025 0.034 0.008 0.036 0.146
261 N 0.055 0.038 0.198 0.057 0.013 0.029 0.042 0.051 0.021 0.036 0.046 0.047 0.015 0.02 0.023 0.077 0.168 0.005 0.016 0.046
262 F 0.111 0.024 0.019 0.02 0.014 0.018 0.025 0.037 0.015 0.064 0.114 0.028 0.068 0.227 0.016 0.041 0.033 0.011 0.052 0.064
263 L 0.042 0.021 0.015 0.016 0.014 0.015 0.02 0.021 0.018 0.194 0.198 0.024 0.033 0.065 0.014 0.025 0.033 0.011 0.104 0.117
264 I 0.045 0.021 0.016 0.017 0.014 0.016 0.02 0.023 0.012 0.175 0.148 0.024 0.075 0.137 0.013 0.027 0.035 0.009 0.036 0.136
265 T 0.086 0.036 0.046 0.041 0.017 0.029 0.043 0.052 0.016 0.039 0.05 0.047 0.017 0.021 0.027 0.176 0.183 0.005 0.017 0.053
266 I 0.056 0.022 0.021 0.021 0.016 0.017 0.023 0.026 0.009 0.208 0.125 0.028 0.029 0.035 0.017 0.041 0.103 0.005 0.019 0.178
267 V 0.126 0.023 0.02 0.021 0.017 0.017 0.027 0.039 0.012 0.095 0.097 0.029 0.024 0.126 0.018 0.056 0.043 0.008 0.035 0.167
268 L 0.069 0.022 0.015 0.016 0.016 0.015 0.021 0.026 0.01 0.105 0.295 0.025 0.039 0.092 0.015 0.029 0.034 0.007 0.028 0.12
269 S 0.151 0.031 0.035 0.034 0.018 0.026 0.04 0.056 0.014 0.063 0.065 0.042 0.019 0.023 0.025 0.16 0.062 0.005 0.017 0.114
270 F 0.042 0.02 0.015 0.016 0.013 0.013 0.019 0.023 0.012 0.106 0.19 0.021 0.031 0.233 0.012 0.025 0.031 0.011 0.052 0.117
271 L 0.043 0.021 0.014 0.015 0.015 0.015 0.018 0.02 0.009 0.16 0.348 0.023 0.044 0.049 0.014 0.023 0.033 0.006 0.021 0.11
272 L 0.046 0.027 0.016 0.017 0.015 0.021 0.023 0.023 0.012 0.102 0.298 0.029 0.127 0.049 0.014 0.028 0.035 0.007 0.022 0.089
273 C 0.196 0.022 0.02 0.022 0.267 0.018 0.027 0.052 0.011 0.041 0.059 0.031 0.016 0.02 0.022 0.059 0.041 0.004 0.014 0.059
274 L 0.049 0.02 0.015 0.016 0.015 0.014 0.02 0.022 0.01 0.139 0.196 0.022 0.033 0.136 0.013 0.026 0.036 0.008 0.036 0.173
275 R 0.113 0.12 0.109 0.038 0.011 0.031 0.04 0.047 0.027 0.031 0.049 0.059 0.015 0.044 0.02 0.054 0.038 0.01 0.101 0.041
276 F 0.035 0.022 0.018 0.017 0.009 0.015 0.022 0.024 0.03 0.05 0.086 0.024 0.021 0.272 0.012 0.027 0.025 0.021 0.22 0.048
277 N 0.046 0.06 0.252 0.072 0.009 0.038 0.054 0.059 0.029 0.024 0.034 0.111 0.012 0.017 0.022 0.065 0.047 0.005 0.016 0.028
278 R 0.047 0.289 0.039 0.033 0.008 0.049 0.056 0.035 0.022 0.024 0.045 0.16 0.015 0.017 0.021 0.046 0.036 0.006 0.017 0.031
279 R 0.046 0.277 0.038 0.033 0.008 0.047 0.056 0.035 0.021 0.024 0.043 0.19 0.015 0.016 0.021 0.045 0.035 0.005 0.016 0.03
280 E 0.05 0.04 0.113 0.069 0.008 0.043 0.188 0.04 0.023 0.022 0.033 0.058 0.011 0.015 0.147 0.053 0.038 0.004 0.015 0.028
281 Y 0.042 0.065 0.04 0.128 0.008 0.032 0.053 0.034 0.075 0.03 0.046 0.094 0.014 0.057 0.019 0.04 0.03 0.013 0.147 0.033
282 Y 0.039 0.115 0.025 0.021 0.008 0.027 0.032 0.025 0.039 0.036 0.059 0.05 0.017 0.097 0.016 0.033 0.028 0.021 0.271 0.04
283 G 0.065 0.027 0.101 0.091 0.01 0.023 0.038 0.357 0.017 0.02 0.028 0.038 0.01 0.016 0.019 0.065 0.035 0.005 0.011 0.024
284 I 0.117 0.02 0.017 0.02 0.017 0.016 0.022 0.033 0.01 0.235 0.131 0.027 0.03 0.036 0.018 0.038 0.04 0.005 0.019 0.15
285 D 0.047 0.027 0.058 0.332 0.008 0.026 0.071 0.167 0.016 0.02 0.026 0.04 0.009 0.014 0.02 0.049 0.032 0.004 0.01 0.023
286 Y 0.038 0.026 0.021 0.018 0.009 0.021 0.026 0.023 0.044 0.041 0.065 0.029 0.018 0.123 0.015 0.029 0.026 0.026 0.356 0.044
287 K 0.054 0.101 0.039 0.039 0.008 0.05 0.067 0.041 0.02 0.026 0.041 0.319 0.015 0.015 0.026 0.05 0.037 0.005 0.016 0.031
288 L 0.042 0.022 0.015 0.016 0.014 0.016 0.02 0.021 0.018 0.143 0.261 0.025 0.036 0.067 0.014 0.025 0.032 0.011 0.104 0.098
289 L 0.042 0.023 0.013 0.014 0.015 0.015 0.019 0.02 0.01 0.109 0.411 0.024 0.047 0.052 0.013 0.023 0.032 0.007 0.021 0.091
290 Y 0.038 0.026 0.021 0.018 0.009 0.021 0.026 0.023 0.044 0.041 0.065 0.029 0.018 0.123 0.015 0.029 0.026 0.026 0.356 0.044
291 I 0.047 0.019 0.014 0.016 0.016 0.014 0.018 0.02 0.009 0.242 0.217 0.023 0.037 0.043 0.014 0.024 0.037 0.006 0.02 0.166
292 N 0.065 0.036 0.2 0.059 0.011 0.028 0.042 0.181 0.023 0.022 0.031 0.046 0.011 0.017 0.021 0.111 0.05 0.005 0.014 0.028
293 L 0.048 0.029 0.018 0.018 0.015 0.025 0.026 0.026 0.014 0.096 0.214 0.033 0.188 0.046 0.015 0.033 0.037 0.007 0.023 0.088
294 L 0.039 0.022 0.014 0.015 0.014 0.014 0.019 0.021 0.011 0.097 0.335 0.022 0.041 0.144 0.013 0.023 0.03 0.009 0.037 0.081
295 F 0.045 0.02 0.021 0.02 0.011 0.013 0.02 0.151 0.014 0.062 0.163 0.023 0.026 0.228 0.013 0.03 0.027 0.011 0.05 0.054
296 S 0.16 0.036 0.044 0.042 0.017 0.03 0.047 0.065 0.017 0.031 0.044 0.049 0.015 0.02 0.028 0.218 0.07 0.005 0.017 0.046
297 T 0.143 0.034 0.039 0.036 0.018 0.027 0.04 0.055 0.015 0.042 0.055 0.045 0.017 0.021 0.027 0.13 0.176 0.005 0.017 0.06
298 I 0.046 0.017 0.015 0.016 0.138 0.012 0.017 0.023 0.01 0.182 0.121 0.02 0.027 0.131 0.013 0.027 0.033 0.008 0.034 0.11
299 T 0.062 0.026 0.028 0.026 0.017 0.02 0.028 0.031 0.011 0.142 0.101 0.033 0.025 0.03 0.02 0.057 0.166 0.005 0.018 0.153
300 A 0.217 0.034 0.038 0.037 0.018 0.028 0.044 0.068 0.016 0.034 0.048 0.047 0.016 0.02 0.028 0.172 0.062 0.005 0.017 0.052
301 L 0.04 0.02 0.014 0.015 0.014 0.013 0.018 0.021 0.011 0.147 0.272 0.022 0.038 0.142 0.013 0.023 0.031 0.009 0.036 0.1
302 V 0.055 0.02 0.015 0.016 0.017 0.015 0.02 0.022 0.008 0.183 0.204 0.024 0.035 0.04 0.015 0.027 0.041 0.006 0.02 0.22
303 F 0.032 0.018 0.016 0.016 0.01 0.01 0.018 0.024 0.016 0.06 0.108 0.018 0.024 0.422 0.01 0.024 0.024 0.016 0.084 0.052
304 L 0.044 0.032 0.104 0.033 0.012 0.026 0.032 0.035 0.026 0.063 0.116 0.037 0.111 0.058 0.016 0.041 0.037 0.011 0.104 0.061
305 G 0.057 0.032 0.196 0.055 0.009 0.025 0.035 0.3 0.021 0.02 0.028 0.041 0.01 0.016 0.018 0.057 0.037 0.005 0.012 0.024
306 I 0.051 0.021 0.016 0.017 0.016 0.017 0.02 0.022 0.01 0.219 0.156 0.026 0.077 0.041 0.015 0.028 0.04 0.006 0.02 0.183
307 P 0.054 0.024 0.022 0.029 0.01 0.02 0.034 0.034 0.012 0.024 0.034 0.039 0.01 0.012 0.522 0.041 0.034 0.002 0.012 0.029
308 I 0.044 0.017 0.014 0.017 0.015 0.013 0.017 0.019 0.008 0.312 0.158 0.022 0.035 0.042 0.014 0.024 0.038 0.006 0.019 0.167
309 L 0.046 0.027 0.016 0.017 0.015 0.021 0.023 0.023 0.012 0.102 0.298 0.029 0.127 0.049 0.014 0.028 0.035 0.007 0.022 0.089
310 M 0.049 0.03 0.019 0.019 0.015 0.027 0.027 0.027 0.015 0.095 0.186 0.034 0.208 0.045 0.015 0.034 0.038 0.008 0.023 0.087
311 R 0.045 0.352 0.037 0.029 0.008 0.043 0.047 0.073 0.021 0.022 0.042 0.107 0.014 0.016 0.018 0.043 0.033 0.005 0.016 0.029
312 M 0.049 0.03 0.019 0.019 0.015 0.027 0.027 0.027 0.015 0.095 0.186 0.034 0.208 0.045 0.015 0.034 0.038 0.008 0.023 0.087
313 Q 0.053 0.069 0.042 0.044 0.008 0.259 0.097 0.039 0.028 0.025 0.044 0.086 0.019 0.014 0.022 0.053 0.039 0.006 0.019 0.033
314 L 0.042 0.023 0.013 0.014 0.015 0.015 0.019 0.02 0.01 0.109 0.411 0.024 0.047 0.052 0.013 0.023 0.032 0.007 0.021 0.091
315 L 0.042 0.023 0.013 0.014 0.015 0.015 0.019 0.02 0.01 0.109 0.411 0.024 0.047 0.052 0.013 0.023 0.032 0.007 0.021 0.091
316 C 0.059 0.016 0.015 0.015 0.471 0.011 0.016 0.03 0.008 0.044 0.065 0.019 0.016 0.053 0.015 0.037 0.034 0.005 0.018 0.054
317 F 0.034 0.019 0.015 0.016 0.011 0.011 0.018 0.023 0.014 0.072 0.184 0.019 0.03 0.329 0.011 0.024 0.026 0.014 0.068 0.062
318 T 0.069 0.033 0.041 0.035 0.017 0.026 0.037 0.041 0.013 0.05 0.061 0.043 0.019 0.022 0.026 0.087 0.289 0.006 0.017 0.067
319 A 0.21 0.029 0.034 0.033 0.017 0.024 0.037 0.187 0.015 0.032 0.045 0.042 0.014 0.019 0.025 0.118 0.05 0.005 0.015 0.048
320 I 0.041 0.017 0.014 0.017 0.014 0.012 0.017 0.021 0.01 0.249 0.146 0.021 0.032 0.137 0.013 0.024 0.034 0.008 0.036 0.138
