#Seq2Logo.py -f /work3/idamei/ssn-clusterings/clustering/2205111339/clusters/0010_64/sequences.afa -o /work3/idamei/ssn-clusterings/clustering/2205111339/clusters/0010_64/sequences.logo
#Position Specific Frequency Matrix
A R N D C Q E G H I L K M F P S T W Y V
0 L 0.051 0.031 0.02 0.02 0.016 0.027 0.027 0.027 0.016 0.097 0.191 0.035 0.185 0.047 0.016 0.035 0.039 0.008 0.023 0.09
1 G 0.066 0.036 0.04 0.062 0.009 0.041 0.163 0.274 0.02 0.02 0.032 0.054 0.011 0.016 0.022 0.053 0.033 0.005 0.014 0.028
2 N 0.047 0.038 0.17 0.051 0.012 0.031 0.039 0.046 0.024 0.061 0.114 0.045 0.088 0.033 0.018 0.053 0.045 0.006 0.02 0.059
3 L 0.048 0.028 0.017 0.018 0.016 0.022 0.024 0.025 0.013 0.107 0.287 0.031 0.107 0.051 0.015 0.03 0.037 0.008 0.023 0.094
4 G 0.059 0.026 0.054 0.217 0.009 0.024 0.058 0.279 0.016 0.021 0.028 0.039 0.009 0.015 0.021 0.051 0.032 0.005 0.011 0.024
5 V 0.07 0.022 0.016 0.018 0.019 0.016 0.023 0.025 0.008 0.165 0.13 0.026 0.032 0.036 0.016 0.033 0.049 0.006 0.021 0.269
6 L 0.039 0.022 0.015 0.016 0.013 0.013 0.02 0.023 0.013 0.089 0.246 0.022 0.037 0.222 0.012 0.025 0.029 0.012 0.055 0.075
7 L 0.051 0.025 0.018 0.018 0.015 0.019 0.024 0.026 0.014 0.107 0.152 0.028 0.09 0.144 0.014 0.032 0.038 0.01 0.041 0.134
8 D 0.068 0.038 0.096 0.141 0.012 0.036 0.098 0.052 0.021 0.029 0.039 0.053 0.013 0.018 0.025 0.118 0.086 0.005 0.015 0.037
9 L 0.085 0.023 0.017 0.018 0.016 0.016 0.023 0.031 0.012 0.097 0.235 0.026 0.035 0.126 0.016 0.034 0.036 0.009 0.036 0.11
10 L 0.042 0.023 0.014 0.015 0.015 0.015 0.019 0.021 0.011 0.105 0.356 0.024 0.045 0.1 0.013 0.024 0.031 0.008 0.03 0.088
11 Y 0.039 0.024 0.019 0.017 0.047 0.017 0.024 0.025 0.034 0.048 0.08 0.026 0.02 0.204 0.014 0.029 0.027 0.022 0.234 0.049
12 L 0.137 0.027 0.022 0.023 0.019 0.02 0.03 0.042 0.011 0.096 0.157 0.034 0.029 0.033 0.021 0.055 0.078 0.006 0.019 0.142
13 L 0.049 0.022 0.018 0.018 0.015 0.016 0.02 0.098 0.01 0.139 0.283 0.025 0.039 0.045 0.015 0.028 0.033 0.006 0.02 0.101
14 N 0.052 0.043 0.248 0.069 0.01 0.033 0.049 0.06 0.081 0.023 0.033 0.051 0.012 0.02 0.021 0.09 0.05 0.005 0.022 0.028
15 L 0.049 0.022 0.014 0.016 0.016 0.015 0.02 0.021 0.009 0.153 0.301 0.025 0.043 0.048 0.014 0.025 0.037 0.006 0.021 0.143
16 F 0.046 0.022 0.02 0.021 0.012 0.015 0.022 0.102 0.013 0.065 0.173 0.026 0.027 0.176 0.089 0.031 0.029 0.01 0.043 0.058
17 L 0.054 0.024 0.022 0.022 0.014 0.018 0.025 0.029 0.018 0.112 0.147 0.028 0.029 0.136 0.016 0.06 0.041 0.012 0.084 0.111
18 F 0.042 0.028 0.071 0.03 0.01 0.02 0.029 0.034 0.027 0.043 0.069 0.032 0.018 0.148 0.015 0.043 0.066 0.092 0.139 0.046
19 F 0.044 0.021 0.016 0.016 0.014 0.013 0.02 0.023 0.012 0.1 0.201 0.022 0.033 0.211 0.013 0.026 0.033 0.011 0.051 0.12
20 F 0.042 0.021 0.02 0.019 0.011 0.014 0.021 0.101 0.019 0.06 0.135 0.023 0.025 0.247 0.013 0.029 0.027 0.015 0.103 0.054
21 L 0.044 0.023 0.014 0.015 0.016 0.015 0.019 0.021 0.01 0.14 0.357 0.024 0.046 0.052 0.014 0.024 0.033 0.007 0.021 0.106
22 V 0.07 0.039 0.035 0.042 0.015 0.062 0.088 0.038 0.017 0.073 0.072 0.051 0.021 0.024 0.023 0.084 0.1 0.005 0.018 0.121
23 L 0.048 0.022 0.016 0.018 0.014 0.015 0.022 0.024 0.011 0.112 0.236 0.026 0.035 0.097 0.09 0.028 0.035 0.007 0.03 0.114
24 L 0.049 0.024 0.019 0.019 0.015 0.017 0.024 0.026 0.013 0.12 0.188 0.028 0.032 0.051 0.015 0.036 0.07 0.085 0.052 0.118
25 P 0.055 0.037 0.026 0.028 0.012 0.024 0.036 0.033 0.016 0.057 0.069 0.074 0.018 0.087 0.17 0.046 0.071 0.008 0.051 0.081
26 L 0.087 0.025 0.018 0.021 0.015 0.018 0.026 0.033 0.011 0.081 0.258 0.031 0.035 0.039 0.13 0.037 0.036 0.006 0.019 0.075
27 L 0.042 0.066 0.018 0.018 0.012 0.018 0.024 0.025 0.013 0.118 0.144 0.035 0.028 0.138 0.013 0.028 0.032 0.076 0.044 0.108
28 F 0.036 0.023 0.019 0.017 0.01 0.015 0.023 0.024 0.03 0.053 0.09 0.024 0.022 0.275 0.013 0.027 0.026 0.021 0.204 0.05
29 L 0.05 0.022 0.02 0.02 0.014 0.016 0.023 0.027 0.012 0.148 0.194 0.026 0.033 0.139 0.015 0.053 0.039 0.009 0.038 0.102
30 S 0.118 0.032 0.038 0.035 0.082 0.026 0.039 0.053 0.015 0.053 0.06 0.042 0.018 0.023 0.025 0.146 0.091 0.005 0.017 0.083
31 R 0.053 0.177 0.034 0.031 0.01 0.037 0.046 0.036 0.019 0.061 0.06 0.12 0.018 0.026 0.02 0.066 0.04 0.072 0.024 0.051
32 F 0.046 0.024 0.02 0.019 0.012 0.018 0.025 0.026 0.026 0.072 0.128 0.027 0.025 0.172 0.015 0.042 0.033 0.017 0.165 0.086
33 F 0.037 0.021 0.016 0.016 0.012 0.014 0.02 0.023 0.018 0.076 0.199 0.022 0.032 0.251 0.012 0.025 0.028 0.015 0.098 0.066
34 R 0.05 0.224 0.078 0.039 0.008 0.042 0.051 0.104 0.022 0.023 0.04 0.133 0.014 0.016 0.02 0.049 0.036 0.005 0.016 0.029
35 N 0.043 0.045 0.315 0.083 0.009 0.034 0.05 0.065 0.032 0.023 0.032 0.054 0.011 0.018 0.02 0.07 0.05 0.005 0.016 0.027
36 R 0.045 0.343 0.039 0.031 0.008 0.049 0.052 0.033 0.023 0.023 0.047 0.121 0.016 0.017 0.019 0.045 0.035 0.006 0.017 0.031
37 K 0.057 0.107 0.042 0.042 0.009 0.054 0.071 0.043 0.021 0.028 0.043 0.276 0.016 0.016 0.028 0.054 0.04 0.005 0.017 0.033
38 L 0.042 0.023 0.014 0.015 0.015 0.015 0.019 0.021 0.011 0.105 0.356 0.024 0.045 0.1 0.013 0.024 0.031 0.008 0.03 0.088
39 P 0.129 0.031 0.028 0.031 0.013 0.023 0.036 0.177 0.014 0.028 0.04 0.056 0.012 0.016 0.218 0.056 0.037 0.004 0.013 0.038
40 F 0.044 0.024 0.023 0.021 0.011 0.017 0.024 0.095 0.019 0.047 0.09 0.027 0.02 0.149 0.014 0.037 0.058 0.145 0.091 0.047
41 L 0.044 0.023 0.019 0.019 0.014 0.016 0.022 0.025 0.017 0.105 0.2 0.026 0.032 0.151 0.015 0.034 0.062 0.012 0.08 0.083
42 N 0.041 0.044 0.337 0.081 0.009 0.033 0.048 0.063 0.031 0.022 0.031 0.052 0.011 0.017 0.02 0.068 0.048 0.004 0.015 0.026
43 P 0.122 0.026 0.022 0.028 0.014 0.021 0.034 0.044 0.013 0.041 0.089 0.039 0.017 0.02 0.314 0.051 0.038 0.004 0.015 0.048
44 F 0.037 0.021 0.016 0.016 0.012 0.013 0.02 0.023 0.018 0.088 0.184 0.022 0.031 0.25 0.012 0.025 0.028 0.015 0.098 0.071
45 S 0.087 0.035 0.044 0.04 0.017 0.028 0.042 0.051 0.016 0.072 0.064 0.046 0.019 0.024 0.026 0.163 0.137 0.005 0.017 0.068
46 I 0.046 0.017 0.014 0.017 0.016 0.013 0.017 0.02 0.009 0.292 0.163 0.023 0.036 0.043 0.014 0.024 0.039 0.006 0.02 0.172
47 L 0.086 0.027 0.021 0.021 0.016 0.021 0.027 0.033 0.016 0.09 0.199 0.032 0.052 0.051 0.018 0.044 0.068 0.009 0.063 0.106
48 L 0.083 0.022 0.016 0.018 0.016 0.016 0.022 0.029 0.011 0.13 0.227 0.026 0.036 0.091 0.016 0.033 0.037 0.007 0.029 0.134
49 L 0.115 0.024 0.018 0.02 0.016 0.018 0.025 0.038 0.013 0.105 0.153 0.029 0.049 0.135 0.017 0.042 0.037 0.009 0.038 0.099
50 F 0.087 0.023 0.021 0.021 0.015 0.016 0.025 0.034 0.013 0.09 0.103 0.027 0.025 0.179 0.017 0.044 0.068 0.01 0.046 0.136
51 A 0.125 0.037 0.026 0.027 0.017 0.025 0.035 0.043 0.013 0.1 0.125 0.07 0.026 0.03 0.022 0.058 0.088 0.006 0.018 0.11
52 L 0.044 0.024 0.014 0.016 0.016 0.017 0.02 0.021 0.01 0.133 0.342 0.026 0.064 0.051 0.014 0.025 0.034 0.007 0.022 0.102
53 P 0.055 0.025 0.023 0.03 0.01 0.02 0.035 0.035 0.012 0.025 0.035 0.04 0.01 0.012 0.511 0.042 0.035 0.003 0.012 0.03
54 V 0.057 0.022 0.017 0.019 0.016 0.017 0.023 0.025 0.011 0.139 0.125 0.027 0.048 0.081 0.077 0.032 0.041 0.007 0.028 0.19
55 E 0.082 0.083 0.038 0.1 0.01 0.068 0.157 0.039 0.021 0.036 0.085 0.067 0.018 0.021 0.023 0.052 0.037 0.005 0.017 0.042
56 L 0.044 0.02 0.014 0.016 0.016 0.014 0.018 0.02 0.009 0.204 0.279 0.024 0.042 0.048 0.014 0.024 0.035 0.006 0.021 0.132
57 L 0.052 0.027 0.023 0.022 0.015 0.021 0.026 0.029 0.014 0.087 0.16 0.031 0.083 0.121 0.017 0.043 0.088 0.009 0.035 0.1
58 K 0.052 0.116 0.037 0.036 0.009 0.044 0.058 0.039 0.019 0.029 0.045 0.224 0.015 0.021 0.024 0.051 0.062 0.061 0.022 0.035
59 V 0.089 0.033 0.022 0.022 0.017 0.022 0.03 0.033 0.011 0.108 0.162 0.06 0.03 0.033 0.019 0.044 0.068 0.006 0.019 0.171
60 L 0.045 0.021 0.014 0.016 0.015 0.014 0.019 0.021 0.01 0.152 0.284 0.023 0.04 0.088 0.014 0.025 0.034 0.007 0.028 0.128
61 I 0.113 0.024 0.021 0.023 0.017 0.018 0.027 0.038 0.012 0.149 0.141 0.03 0.029 0.076 0.019 0.063 0.044 0.007 0.026 0.125
62 G 0.159 0.026 0.035 0.033 0.015 0.022 0.032 0.326 0.014 0.027 0.039 0.038 0.012 0.018 0.023 0.082 0.041 0.005 0.013 0.04
63 P 0.055 0.025 0.022 0.03 0.01 0.02 0.035 0.035 0.012 0.025 0.035 0.04 0.01 0.012 0.513 0.042 0.035 0.002 0.012 0.03
64 L 0.112 0.027 0.022 0.024 0.016 0.021 0.03 0.04 0.013 0.07 0.187 0.034 0.047 0.077 0.074 0.065 0.041 0.007 0.026 0.069
65 F 0.044 0.022 0.017 0.017 0.012 0.015 0.022 0.024 0.023 0.103 0.104 0.024 0.025 0.191 0.013 0.028 0.032 0.016 0.15 0.117
66 L 0.044 0.027 0.02 0.019 0.014 0.02 0.025 0.024 0.063 0.123 0.282 0.029 0.061 0.047 0.015 0.028 0.033 0.007 0.026 0.094
67 L 0.04 0.022 0.015 0.015 0.014 0.014 0.019 0.022 0.012 0.097 0.314 0.023 0.041 0.154 0.013 0.024 0.03 0.01 0.04 0.082
68 D 0.051 0.049 0.112 0.17 0.008 0.043 0.14 0.047 0.023 0.023 0.033 0.091 0.012 0.016 0.023 0.069 0.041 0.005 0.015 0.028
69 D 0.05 0.039 0.151 0.191 0.009 0.038 0.123 0.05 0.024 0.022 0.031 0.054 0.011 0.016 0.022 0.079 0.044 0.004 0.014 0.028
70 G 0.075 0.022 0.038 0.032 0.01 0.018 0.025 0.529 0.013 0.018 0.027 0.032 0.009 0.016 0.018 0.049 0.029 0.005 0.01 0.023
71 L 0.047 0.023 0.015 0.016 0.016 0.016 0.02 0.021 0.01 0.156 0.293 0.025 0.059 0.048 0.014 0.026 0.036 0.006 0.021 0.132
72 F 0.045 0.03 0.033 0.07 0.01 0.044 0.042 0.034 0.058 0.045 0.078 0.035 0.02 0.237 0.016 0.057 0.033 0.011 0.059 0.043
73 D 0.04 0.034 0.159 0.307 0.008 0.03 0.074 0.051 0.022 0.022 0.028 0.046 0.01 0.015 0.021 0.056 0.039 0.004 0.012 0.024
74 D 0.05 0.041 0.036 0.122 0.01 0.054 0.085 0.034 0.02 0.071 0.063 0.074 0.018 0.032 0.075 0.043 0.037 0.007 0.052 0.076
75 P 0.052 0.022 0.019 0.024 0.013 0.017 0.027 0.028 0.011 0.149 0.102 0.032 0.023 0.028 0.255 0.034 0.038 0.004 0.017 0.104
76 Y 0.045 0.027 0.024 0.021 0.01 0.021 0.027 0.083 0.034 0.039 0.06 0.031 0.017 0.095 0.016 0.038 0.054 0.076 0.24 0.043
77 Y 0.037 0.024 0.019 0.017 0.009 0.017 0.024 0.024 0.035 0.048 0.081 0.026 0.02 0.221 0.013 0.028 0.026 0.023 0.258 0.048
78 N 0.05 0.045 0.136 0.049 0.01 0.098 0.056 0.097 0.023 0.063 0.091 0.055 0.02 0.023 0.019 0.051 0.04 0.005 0.017 0.052
79 Y 0.041 0.029 0.023 0.033 0.01 0.027 0.09 0.026 0.03 0.07 0.079 0.036 0.02 0.155 0.016 0.033 0.03 0.017 0.178 0.057
80 A 0.287 0.029 0.023 0.027 0.02 0.024 0.037 0.069 0.014 0.049 0.095 0.041 0.02 0.024 0.027 0.075 0.046 0.005 0.017 0.069
81 L 0.044 0.019 0.014 0.016 0.016 0.014 0.018 0.02 0.009 0.236 0.241 0.023 0.039 0.046 0.014 0.024 0.036 0.006 0.02 0.144
82 L 0.083 0.025 0.022 0.022 0.015 0.018 0.025 0.088 0.012 0.078 0.248 0.03 0.034 0.081 0.017 0.058 0.038 0.007 0.026 0.072
83 L 0.052 0.023 0.016 0.018 0.016 0.019 0.022 0.023 0.011 0.179 0.189 0.027 0.088 0.043 0.015 0.029 0.04 0.006 0.021 0.163
84 E 0.082 0.044 0.107 0.057 0.011 0.061 0.112 0.048 0.062 0.031 0.044 0.057 0.015 0.02 0.023 0.066 0.092 0.005 0.021 0.041
85 N 0.048 0.037 0.207 0.1 0.011 0.028 0.046 0.051 0.023 0.042 0.113 0.045 0.019 0.025 0.019 0.076 0.046 0.005 0.016 0.042
86 V 0.053 0.02 0.015 0.016 0.016 0.014 0.02 0.022 0.009 0.168 0.193 0.024 0.035 0.082 0.014 0.027 0.039 0.007 0.027 0.196
87 E 0.052 0.044 0.039 0.046 0.009 0.082 0.115 0.037 0.102 0.032 0.055 0.055 0.018 0.107 0.02 0.066 0.037 0.008 0.041 0.035
88 L 0.047 0.025 0.024 0.064 0.013 0.018 0.031 0.029 0.013 0.077 0.247 0.029 0.034 0.085 0.015 0.051 0.036 0.063 0.032 0.068
89 L 0.052 0.024 0.023 0.022 0.015 0.017 0.023 0.082 0.011 0.124 0.198 0.028 0.032 0.079 0.017 0.041 0.086 0.007 0.026 0.092
90 L 0.082 0.022 0.016 0.018 0.017 0.016 0.022 0.028 0.009 0.161 0.217 0.026 0.036 0.041 0.016 0.033 0.04 0.006 0.02 0.175
91 A 0.143 0.071 0.035 0.074 0.069 0.051 0.049 0.051 0.016 0.038 0.053 0.054 0.016 0.019 0.024 0.068 0.093 0.005 0.016 0.053
92 F 0.044 0.022 0.019 0.018 0.013 0.015 0.022 0.025 0.017 0.08 0.166 0.024 0.029 0.214 0.014 0.033 0.057 0.013 0.085 0.09
93 L 0.051 0.023 0.024 0.022 0.013 0.016 0.023 0.137 0.016 0.086 0.151 0.027 0.026 0.128 0.016 0.037 0.057 0.011 0.068 0.069
94 L 0.091 0.025 0.023 0.023 0.016 0.019 0.027 0.089 0.012 0.134 0.143 0.031 0.046 0.034 0.018 0.061 0.044 0.006 0.019 0.138
95 L 0.087 0.026 0.025 0.024 0.016 0.02 0.027 0.09 0.012 0.098 0.216 0.032 0.032 0.037 0.019 0.065 0.066 0.006 0.019 0.082
96 L 0.084 0.063 0.027 0.025 0.069 0.021 0.029 0.091 0.013 0.078 0.11 0.04 0.022 0.069 0.019 0.051 0.088 0.007 0.024 0.07
97 L 0.04 0.02 0.015 0.016 0.014 0.013 0.019 0.022 0.012 0.136 0.25 0.022 0.037 0.17 0.013 0.024 0.031 0.01 0.042 0.096
98 L 0.045 0.024 0.014 0.015 0.016 0.016 0.02 0.021 0.01 0.115 0.375 0.025 0.05 0.055 0.014 0.024 0.033 0.007 0.022 0.096
99 L 0.073 0.022 0.016 0.017 0.014 0.015 0.023 0.03 0.012 0.084 0.159 0.025 0.028 0.126 0.014 0.032 0.033 0.121 0.045 0.112
100 F 0.041 0.02 0.016 0.017 0.013 0.013 0.02 0.023 0.016 0.128 0.15 0.022 0.029 0.216 0.013 0.026 0.031 0.013 0.085 0.11
101 K 0.052 0.092 0.066 0.035 0.011 0.035 0.045 0.037 0.021 0.054 0.095 0.134 0.021 0.035 0.021 0.049 0.064 0.008 0.054 0.073
102 L 0.075 0.022 0.016 0.017 0.016 0.015 0.021 0.027 0.01 0.145 0.246 0.025 0.037 0.085 0.015 0.031 0.036 0.007 0.027 0.125
103 L 0.08 0.025 0.023 0.023 0.015 0.018 0.026 0.035 0.014 0.092 0.161 0.029 0.028 0.16 0.017 0.063 0.064 0.009 0.041 0.076
104 N 0.055 0.123 0.142 0.052 0.009 0.06 0.054 0.103 0.024 0.023 0.037 0.096 0.013 0.017 0.021 0.077 0.044 0.005 0.016 0.03
105 K 0.116 0.065 0.074 0.085 0.012 0.039 0.06 0.054 0.019 0.029 0.042 0.162 0.014 0.017 0.026 0.082 0.045 0.005 0.016 0.039
106 L 0.045 0.069 0.028 0.066 0.011 0.048 0.042 0.028 0.026 0.064 0.138 0.046 0.025 0.062 0.017 0.035 0.033 0.013 0.127 0.078
107 R 0.058 0.117 0.071 0.038 0.011 0.034 0.046 0.041 0.059 0.042 0.051 0.088 0.016 0.021 0.076 0.073 0.068 0.005 0.021 0.064
108 L 0.041 0.022 0.016 0.016 0.013 0.015 0.021 0.023 0.02 0.084 0.198 0.024 0.031 0.186 0.013 0.026 0.03 0.014 0.114 0.091
109 L 0.076 0.032 0.034 0.032 0.017 0.024 0.036 0.043 0.015 0.072 0.212 0.039 0.032 0.037 0.022 0.126 0.057 0.006 0.02 0.068
110 I 0.051 0.045 0.029 0.032 0.012 0.118 0.06 0.031 0.019 0.152 0.106 0.057 0.028 0.029 0.019 0.04 0.04 0.006 0.02 0.105
111 G 0.085 0.076 0.033 0.037 0.012 0.032 0.071 0.095 0.016 0.032 0.046 0.08 0.014 0.022 0.077 0.058 0.088 0.061 0.021 0.042
112 R 0.053 0.181 0.069 0.036 0.01 0.033 0.042 0.093 0.02 0.027 0.047 0.073 0.014 0.06 0.074 0.067 0.039 0.006 0.023 0.032
113 F 0.035 0.021 0.017 0.016 0.011 0.013 0.02 0.024 0.022 0.062 0.132 0.022 0.026 0.307 0.012 0.026 0.026 0.018 0.136 0.056
114 L 0.044 0.102 0.056 0.026 0.013 0.024 0.03 0.028 0.015 0.081 0.217 0.047 0.032 0.078 0.015 0.034 0.035 0.007 0.027 0.089
115 E 0.057 0.035 0.075 0.098 0.011 0.034 0.114 0.04 0.023 0.043 0.049 0.048 0.015 0.032 0.083 0.072 0.043 0.007 0.056 0.065
116 R 0.043 0.12 0.026 0.024 0.01 0.03 0.036 0.028 0.024 0.076 0.091 0.084 0.041 0.1 0.017 0.035 0.033 0.012 0.108 0.062
117 L 0.045 0.037 0.024 0.037 0.011 0.03 0.101 0.027 0.016 0.089 0.161 0.07 0.027 0.127 0.017 0.035 0.033 0.008 0.035 0.069
118 R 0.051 0.093 0.079 0.039 0.011 0.035 0.046 0.04 0.07 0.038 0.063 0.09 0.039 0.023 0.091 0.053 0.07 0.005 0.022 0.043
119 R 0.045 0.345 0.039 0.031 0.008 0.048 0.052 0.033 0.023 0.023 0.047 0.12 0.016 0.017 0.019 0.045 0.035 0.006 0.017 0.031
120 S 0.11 0.04 0.054 0.049 0.018 0.033 0.052 0.066 0.019 0.03 0.042 0.054 0.016 0.021 0.03 0.22 0.082 0.005 0.018 0.042
121 L 0.051 0.022 0.02 0.021 0.013 0.016 0.024 0.089 0.012 0.072 0.155 0.028 0.026 0.125 0.138 0.033 0.032 0.008 0.034 0.084
122 R 0.054 0.154 0.11 0.088 0.009 0.037 0.053 0.1 0.022 0.023 0.037 0.098 0.013 0.017 0.021 0.074 0.042 0.005 0.015 0.029
123 L 0.043 0.02 0.015 0.016 0.013 0.013 0.019 0.023 0.012 0.144 0.16 0.022 0.031 0.149 0.012 0.025 0.033 0.081 0.046 0.123
124 K 0.081 0.085 0.065 0.035 0.012 0.033 0.044 0.042 0.018 0.047 0.1 0.107 0.038 0.024 0.076 0.054 0.065 0.005 0.017 0.052
125 L 0.077 0.023 0.018 0.019 0.016 0.017 0.023 0.029 0.01 0.159 0.245 0.028 0.037 0.042 0.017 0.037 0.063 0.006 0.02 0.113
126 P 0.058 0.12 0.071 0.041 0.01 0.058 0.053 0.042 0.02 0.028 0.042 0.095 0.014 0.016 0.132 0.076 0.068 0.005 0.016 0.035
127 P 0.081 0.119 0.029 0.029 0.011 0.033 0.044 0.038 0.02 0.043 0.054 0.113 0.016 0.03 0.131 0.046 0.037 0.007 0.052 0.066
128 K 0.091 0.068 0.038 0.037 0.012 0.062 0.058 0.046 0.019 0.039 0.062 0.165 0.036 0.02 0.025 0.079 0.07 0.005 0.018 0.047
129 K 0.05 0.132 0.109 0.088 0.008 0.04 0.057 0.099 0.022 0.023 0.037 0.148 0.013 0.016 0.022 0.053 0.038 0.005 0.015 0.028
130 L 0.046 0.027 0.017 0.017 0.015 0.021 0.024 0.025 0.014 0.097 0.251 0.029 0.126 0.089 0.014 0.03 0.035 0.008 0.03 0.086
131 R 0.073 0.215 0.028 0.025 0.011 0.033 0.038 0.033 0.018 0.09 0.079 0.076 0.021 0.067 0.018 0.041 0.035 0.007 0.025 0.068
132 L 0.044 0.118 0.026 0.024 0.011 0.03 0.038 0.028 0.019 0.059 0.172 0.107 0.027 0.084 0.017 0.035 0.032 0.009 0.062 0.055
133 A 0.123 0.035 0.027 0.027 0.071 0.024 0.035 0.044 0.013 0.073 0.108 0.065 0.023 0.027 0.022 0.076 0.072 0.005 0.017 0.113
134 A 0.218 0.041 0.035 0.036 0.018 0.03 0.046 0.068 0.016 0.036 0.05 0.075 0.016 0.02 0.028 0.134 0.057 0.005 0.017 0.054
135 L 0.046 0.023 0.022 0.062 0.067 0.019 0.029 0.028 0.017 0.094 0.109 0.028 0.059 0.089 0.015 0.032 0.034 0.065 0.067 0.094
136 L 0.049 0.021 0.015 0.016 0.015 0.014 0.02 0.022 0.01 0.137 0.217 0.023 0.035 0.125 0.014 0.026 0.036 0.008 0.035 0.16
137 F 0.032 0.018 0.016 0.016 0.01 0.01 0.018 0.024 0.016 0.061 0.11 0.018 0.024 0.41 0.01 0.024 0.024 0.016 0.085 0.053
138 L 0.038 0.021 0.016 0.016 0.012 0.014 0.02 0.023 0.017 0.081 0.234 0.022 0.034 0.22 0.012 0.025 0.028 0.013 0.086 0.07
139 A 0.143 0.025 0.025 0.025 0.016 0.019 0.029 0.101 0.014 0.078 0.113 0.033 0.023 0.113 0.02 0.071 0.041 0.008 0.032 0.07
140 L 0.049 0.024 0.015 0.016 0.07 0.018 0.021 0.023 0.011 0.105 0.285 0.026 0.074 0.046 0.015 0.029 0.036 0.007 0.021 0.11
141 F 0.042 0.022 0.021 0.02 0.011 0.015 0.024 0.029 0.023 0.053 0.092 0.025 0.022 0.304 0.013 0.051 0.031 0.017 0.135 0.05
142 L 0.056 0.021 0.018 0.018 0.07 0.015 0.02 0.08 0.01 0.103 0.197 0.024 0.031 0.078 0.015 0.031 0.036 0.007 0.026 0.144
143 L 0.048 0.02 0.015 0.016 0.016 0.014 0.019 0.021 0.01 0.179 0.227 0.023 0.037 0.085 0.014 0.026 0.037 0.007 0.028 0.159
144 F 0.119 0.025 0.026 0.026 0.124 0.019 0.029 0.046 0.014 0.045 0.072 0.031 0.019 0.15 0.02 0.091 0.044 0.009 0.039 0.053
145 F 0.032 0.018 0.016 0.016 0.01 0.01 0.018 0.024 0.016 0.061 0.11 0.018 0.024 0.41 0.01 0.024 0.024 0.016 0.085 0.053
146 V 0.049 0.02 0.016 0.017 0.015 0.014 0.02 0.023 0.014 0.15 0.154 0.024 0.031 0.132 0.014 0.027 0.036 0.01 0.071 0.164
147 L 0.074 0.023 0.015 0.017 0.016 0.016 0.021 0.026 0.01 0.145 0.309 0.026 0.042 0.047 0.015 0.03 0.035 0.006 0.021 0.107
148 L 0.052 0.027 0.023 0.022 0.016 0.019 0.026 0.028 0.011 0.091 0.287 0.031 0.038 0.043 0.018 0.045 0.113 0.006 0.02 0.084
149 A 0.16 0.033 0.034 0.033 0.018 0.028 0.04 0.057 0.016 0.051 0.081 0.044 0.056 0.026 0.025 0.128 0.081 0.006 0.018 0.063
150 S 0.112 0.082 0.041 0.037 0.015 0.032 0.046 0.052 0.067 0.048 0.056 0.056 0.018 0.023 0.024 0.131 0.057 0.006 0.023 0.076
151 L 0.086 0.07 0.035 0.03 0.013 0.028 0.039 0.042 0.096 0.067 0.096 0.047 0.021 0.032 0.02 0.086 0.043 0.062 0.032 0.057
152 G 0.083 0.036 0.045 0.051 0.013 0.035 0.104 0.158 0.018 0.027 0.039 0.051 0.014 0.018 0.025 0.144 0.08 0.005 0.015 0.037
153 F 0.043 0.02 0.022 0.02 0.01 0.013 0.021 0.136 0.019 0.049 0.087 0.023 0.02 0.291 0.012 0.031 0.026 0.015 0.097 0.045
154 G 0.075 0.022 0.038 0.032 0.01 0.018 0.025 0.529 0.013 0.018 0.027 0.032 0.009 0.016 0.018 0.049 0.029 0.005 0.01 0.023
155 F 0.052 0.02 0.02 0.02 0.013 0.014 0.021 0.135 0.012 0.105 0.133 0.024 0.026 0.158 0.014 0.031 0.033 0.009 0.04 0.118
156 L 0.05 0.024 0.017 0.024 0.015 0.02 0.053 0.023 0.011 0.153 0.245 0.029 0.037 0.042 0.015 0.029 0.037 0.006 0.02 0.148
157 N 0.044 0.046 0.237 0.063 0.01 0.031 0.045 0.053 0.025 0.032 0.073 0.076 0.015 0.02 0.074 0.058 0.043 0.004 0.016 0.034
158 W 0.029 0.022 0.015 0.015 0.007 0.015 0.022 0.029 0.015 0.029 0.051 0.022 0.015 0.058 0.007 0.022 0.022 0.512 0.066 0.029
159 L 0.044 0.02 0.014 0.016 0.016 0.014 0.018 0.02 0.009 0.215 0.267 0.023 0.041 0.047 0.014 0.024 0.036 0.006 0.021 0.136
160 L 0.08 0.034 0.023 0.023 0.014 0.022 0.031 0.035 0.014 0.072 0.194 0.061 0.048 0.12 0.018 0.06 0.039 0.008 0.034 0.068
161 N 0.055 0.039 0.217 0.148 0.01 0.031 0.057 0.059 0.025 0.023 0.032 0.05 0.011 0.017 0.022 0.104 0.051 0.004 0.015 0.029
162 P 0.058 0.027 0.027 0.031 0.012 0.021 0.035 0.036 0.013 0.031 0.041 0.041 0.012 0.015 0.405 0.053 0.088 0.003 0.013 0.038
163 R 0.043 0.37 0.037 0.03 0.007 0.047 0.05 0.032 0.022 0.022 0.045 0.116 0.015 0.017 0.019 0.043 0.034 0.006 0.017 0.03
164 E 0.088 0.039 0.036 0.056 0.013 0.042 0.164 0.04 0.019 0.042 0.064 0.055 0.035 0.022 0.025 0.066 0.117 0.006 0.017 0.053
165 G 0.129 0.024 0.035 0.032 0.013 0.02 0.028 0.428 0.013 0.023 0.034 0.035 0.011 0.017 0.02 0.057 0.033 0.005 0.012 0.033
166 Y 0.039 0.027 0.021 0.018 0.009 0.021 0.027 0.024 0.045 0.042 0.066 0.03 0.018 0.126 0.015 0.03 0.027 0.027 0.344 0.045
167 Q 0.054 0.071 0.042 0.045 0.008 0.245 0.099 0.04 0.028 0.025 0.045 0.088 0.02 0.014 0.023 0.054 0.04 0.006 0.02 0.034
168 L 0.038 0.021 0.016 0.016 0.012 0.014 0.02 0.023 0.017 0.081 0.234 0.022 0.034 0.22 0.012 0.025 0.028 0.013 0.086 0.07
169 H 0.04 0.036 0.038 0.028 0.008 0.03 0.04 0.031 0.231 0.031 0.05 0.038 0.016 0.072 0.017 0.036 0.026 0.016 0.184 0.032
170 R 0.043 0.37 0.037 0.03 0.007 0.047 0.05 0.032 0.022 0.022 0.045 0.116 0.015 0.017 0.019 0.043 0.034 0.006 0.017 0.03
171 V 0.093 0.065 0.026 0.025 0.017 0.024 0.032 0.037 0.013 0.113 0.103 0.043 0.043 0.03 0.02 0.069 0.073 0.006 0.019 0.15
172 G 0.075 0.022 0.038 0.032 0.01 0.018 0.025 0.529 0.013 0.018 0.027 0.032 0.009 0.016 0.018 0.049 0.029 0.005 0.01 0.023
173 A 0.23 0.035 0.061 0.035 0.018 0.049 0.045 0.064 0.017 0.051 0.06 0.047 0.018 0.021 0.025 0.071 0.047 0.005 0.017 0.084
174 G 0.075 0.022 0.038 0.032 0.01 0.018 0.025 0.529 0.013 0.018 0.027 0.032 0.009 0.016 0.018 0.049 0.029 0.005 0.01 0.023
175 Q 0.056 0.045 0.035 0.04 0.01 0.102 0.087 0.089 0.06 0.046 0.065 0.057 0.037 0.022 0.075 0.046 0.037 0.006 0.022 0.066
176 F 0.033 0.021 0.017 0.016 0.009 0.014 0.021 0.026 0.022 0.046 0.08 0.022 0.02 0.23 0.01 0.025 0.024 0.184 0.136 0.043
177 Y 0.038 0.026 0.02 0.018 0.009 0.02 0.026 0.025 0.042 0.041 0.064 0.029 0.018 0.118 0.014 0.029 0.026 0.081 0.313 0.043
178 A 0.29 0.029 0.024 0.027 0.021 0.024 0.037 0.07 0.014 0.055 0.065 0.041 0.018 0.022 0.027 0.076 0.048 0.005 0.017 0.092
179 L 0.041 0.023 0.016 0.016 0.014 0.016 0.021 0.023 0.013 0.091 0.256 0.025 0.072 0.171 0.013 0.026 0.031 0.01 0.043 0.078
180 A 0.195 0.032 0.036 0.035 0.073 0.026 0.041 0.065 0.015 0.036 0.05 0.044 0.016 0.02 0.027 0.152 0.06 0.005 0.016 0.053
181 I 0.051 0.028 0.017 0.019 0.015 0.018 0.024 0.023 0.01 0.217 0.167 0.055 0.033 0.039 0.016 0.029 0.04 0.006 0.02 0.174
182 S 0.08 0.032 0.037 0.034 0.017 0.025 0.038 0.045 0.014 0.066 0.135 0.041 0.025 0.029 0.023 0.14 0.109 0.006 0.018 0.087
183 F 0.04 0.021 0.017 0.017 0.066 0.014 0.02 0.026 0.015 0.067 0.122 0.022 0.061 0.286 0.012 0.028 0.029 0.013 0.063 0.061
184 L 0.043 0.022 0.014 0.015 0.014 0.015 0.02 0.022 0.011 0.122 0.272 0.023 0.038 0.09 0.013 0.024 0.033 0.064 0.033 0.112
185 S 0.176 0.036 0.043 0.041 0.018 0.029 0.047 0.068 0.017 0.033 0.046 0.049 0.016 0.02 0.029 0.194 0.069 0.005 0.017 0.049
186 L 0.06 0.025 0.021 0.02 0.017 0.018 0.025 0.027 0.01 0.119 0.203 0.029 0.034 0.038 0.018 0.042 0.093 0.006 0.02 0.178
187 S 0.145 0.034 0.042 0.039 0.017 0.028 0.044 0.062 0.017 0.035 0.052 0.046 0.017 0.064 0.027 0.187 0.066 0.006 0.024 0.047
188 F 0.043 0.023 0.021 0.019 0.011 0.016 0.024 0.026 0.025 0.064 0.092 0.026 0.022 0.231 0.014 0.034 0.056 0.017 0.157 0.079
189 G 0.066 0.024 0.03 0.027 0.014 0.019 0.027 0.198 0.013 0.085 0.109 0.031 0.022 0.07 0.018 0.066 0.065 0.007 0.024 0.088
190 L 0.051 0.022 0.019 0.02 0.015 0.017 0.023 0.026 0.011 0.178 0.198 0.027 0.052 0.084 0.015 0.05 0.04 0.007 0.028 0.116
191 F 0.074 0.023 0.026 0.065 0.012 0.018 0.031 0.087 0.021 0.077 0.114 0.029 0.023 0.135 0.016 0.038 0.032 0.013 0.104 0.063
192 L 0.11 0.027 0.021 0.022 0.017 0.021 0.028 0.037 0.013 0.085 0.177 0.032 0.065 0.079 0.019 0.047 0.065 0.007 0.027 0.101
193 L 0.042 0.023 0.051 0.023 0.013 0.015 0.022 0.027 0.014 0.111 0.205 0.025 0.033 0.165 0.013 0.03 0.034 0.009 0.042 0.103
194 S 0.11 0.04 0.054 0.049 0.017 0.033 0.052 0.066 0.019 0.03 0.042 0.054 0.016 0.021 0.03 0.222 0.082 0.005 0.017 0.042
195 F 0.078 0.035 0.028 0.028 0.011 0.069 0.044 0.038 0.025 0.043 0.072 0.043 0.02 0.172 0.018 0.064 0.037 0.014 0.113 0.047
196 V 0.093 0.034 0.026 0.026 0.017 0.023 0.033 0.037 0.012 0.115 0.126 0.063 0.027 0.031 0.021 0.068 0.073 0.005 0.019 0.151
197 R 0.055 0.167 0.037 0.034 0.009 0.04 0.05 0.092 0.018 0.027 0.043 0.153 0.014 0.016 0.077 0.052 0.062 0.005 0.016 0.034
198 K 0.063 0.095 0.075 0.042 0.011 0.037 0.05 0.099 0.019 0.03 0.044 0.14 0.015 0.018 0.024 0.082 0.095 0.005 0.016 0.039
199 N 0.062 0.04 0.139 0.051 0.012 0.052 0.048 0.05 0.021 0.037 0.079 0.051 0.018 0.022 0.077 0.101 0.076 0.005 0.017 0.043
200 L 0.053 0.087 0.029 0.026 0.013 0.025 0.032 0.085 0.017 0.102 0.114 0.061 0.024 0.04 0.019 0.047 0.087 0.008 0.054 0.078
201 S 0.094 0.114 0.073 0.041 0.012 0.056 0.051 0.051 0.021 0.028 0.044 0.066 0.015 0.023 0.022 0.118 0.051 0.061 0.022 0.037
202 L 0.074 0.021 0.015 0.017 0.016 0.015 0.021 0.026 0.01 0.187 0.256 0.026 0.039 0.045 0.016 0.03 0.037 0.006 0.02 0.124
203 L 0.043 0.021 0.017 0.017 0.067 0.015 0.021 0.023 0.022 0.138 0.139 0.024 0.028 0.11 0.014 0.028 0.032 0.014 0.134 0.094
204 L 0.08 0.034 0.022 0.022 0.015 0.023 0.03 0.033 0.013 0.103 0.165 0.061 0.047 0.038 0.018 0.042 0.064 0.062 0.025 0.104
205 L 0.065 0.066 0.031 0.028 0.014 0.024 0.033 0.091 0.014 0.066 0.139 0.043 0.025 0.072 0.019 0.087 0.07 0.007 0.025 0.082
206 L 0.05 0.024 0.022 0.021 0.014 0.017 0.024 0.029 0.013 0.117 0.166 0.028 0.029 0.124 0.015 0.056 0.063 0.064 0.039 0.085
207 L 0.081 0.022 0.016 0.019 0.016 0.016 0.023 0.029 0.01 0.167 0.181 0.028 0.032 0.037 0.071 0.034 0.04 0.005 0.019 0.154
208 F 0.047 0.02 0.016 0.018 0.014 0.014 0.021 0.024 0.012 0.137 0.149 0.024 0.029 0.161 0.069 0.028 0.035 0.009 0.041 0.135
209 Y 0.043 0.025 0.021 0.019 0.01 0.019 0.025 0.08 0.034 0.049 0.104 0.028 0.021 0.137 0.015 0.031 0.027 0.021 0.242 0.049
210 L 0.048 0.022 0.015 0.016 0.016 0.016 0.021 0.022 0.011 0.135 0.257 0.025 0.056 0.086 0.014 0.027 0.036 0.007 0.028 0.142
211 P 0.107 0.024 0.022 0.024 0.013 0.018 0.028 0.094 0.017 0.047 0.1 0.032 0.02 0.12 0.128 0.044 0.034 0.01 0.067 0.051
212 L 0.054 0.025 0.023 0.022 0.014 0.018 0.025 0.084 0.017 0.076 0.163 0.029 0.046 0.13 0.016 0.055 0.037 0.011 0.07 0.087
213 A 0.159 0.027 0.027 0.027 0.073 0.022 0.033 0.051 0.012 0.078 0.077 0.036 0.021 0.025 0.023 0.098 0.053 0.005 0.017 0.136
214 Y 0.037 0.025 0.02 0.017 0.009 0.019 0.025 0.025 0.038 0.043 0.069 0.028 0.018 0.15 0.014 0.028 0.026 0.08 0.284 0.044
215 L 0.039 0.026 0.018 0.019 0.012 0.039 0.028 0.024 0.015 0.079 0.231 0.029 0.034 0.207 0.013 0.027 0.03 0.011 0.05 0.068
216 L 0.038 0.021 0.015 0.015 0.013 0.013 0.019 0.022 0.013 0.089 0.271 0.022 0.037 0.212 0.012 0.024 0.029 0.011 0.05 0.075
217 G 0.075 0.022 0.038 0.032 0.01 0.018 0.025 0.529 0.013 0.018 0.027 0.032 0.009 0.016 0.018 0.049 0.029 0.005 0.01 0.023
218 S 0.106 0.039 0.052 0.047 0.017 0.032 0.05 0.064 0.018 0.029 0.04 0.052 0.015 0.02 0.029 0.25 0.079 0.005 0.017 0.04
219 K 0.055 0.103 0.04 0.04 0.008 0.051 0.068 0.042 0.02 0.027 0.042 0.306 0.015 0.015 0.027 0.051 0.038 0.005 0.017 0.032
220 G 0.065 0.028 0.042 0.082 0.009 0.026 0.068 0.365 0.056 0.019 0.029 0.039 0.01 0.017 0.019 0.049 0.03 0.005 0.016 0.024
221 I 0.046 0.027 0.057 0.027 0.013 0.021 0.027 0.029 0.024 0.132 0.107 0.032 0.043 0.066 0.017 0.039 0.062 0.013 0.127 0.092
222 L 0.049 0.025 0.017 0.018 0.016 0.02 0.023 0.024 0.012 0.152 0.223 0.029 0.108 0.046 0.015 0.029 0.038 0.007 0.022 0.131
223 L 0.046 0.023 0.014 0.015 0.016 0.016 0.02 0.021 0.01 0.116 0.369 0.024 0.046 0.051 0.014 0.024 0.034 0.007 0.021 0.115
224 L 0.076 0.04 0.103 0.095 0.011 0.058 0.112 0.044 0.021 0.044 0.118 0.052 0.021 0.025 0.021 0.053 0.039 0.005 0.017 0.047
225 F 0.071 0.022 0.018 0.018 0.013 0.015 0.023 0.029 0.021 0.092 0.102 0.025 0.024 0.221 0.014 0.033 0.032 0.015 0.121 0.093
226 L 0.118 0.027 0.027 0.026 0.071 0.021 0.031 0.044 0.013 0.06 0.139 0.035 0.025 0.071 0.021 0.078 0.094 0.007 0.025 0.067
227 V 0.085 0.02 0.016 0.018 0.017 0.015 0.022 0.028 0.009 0.208 0.134 0.026 0.031 0.036 0.017 0.034 0.043 0.005 0.019 0.215
228 F 0.05 0.025 0.025 0.022 0.066 0.018 0.027 0.031 0.025 0.048 0.077 0.029 0.02 0.186 0.016 0.06 0.06 0.016 0.148 0.051
229 F 0.111 0.024 0.025 0.025 0.014 0.018 0.027 0.149 0.014 0.052 0.107 0.03 0.021 0.153 0.018 0.05 0.059 0.009 0.039 0.055
230 L 0.071 0.022 0.016 0.017 0.015 0.015 0.021 0.027 0.012 0.113 0.271 0.025 0.038 0.127 0.015 0.03 0.033 0.009 0.035 0.089
231 I 0.088 0.023 0.022 0.023 0.017 0.018 0.026 0.033 0.01 0.183 0.119 0.031 0.028 0.034 0.019 0.056 0.083 0.005 0.019 0.162
232 V 0.08 0.02 0.016 0.018 0.016 0.015 0.022 0.028 0.011 0.171 0.126 0.025 0.029 0.119 0.015 0.033 0.039 0.008 0.034 0.175
233 L 0.046 0.024 0.015 0.015 0.016 0.017 0.021 0.022 0.01 0.115 0.346 0.026 0.062 0.05 0.014 0.026 0.035 0.007 0.021 0.115
234 W 0.039 0.024 0.019 0.018 0.009 0.017 0.025 0.032 0.014 0.038 0.089 0.025 0.018 0.053 0.01 0.047 0.029 0.399 0.055 0.037
235 F 0.038 0.019 0.015 0.016 0.013 0.012 0.018 0.023 0.013 0.125 0.186 0.021 0.032 0.249 0.012 0.024 0.029 0.012 0.057 0.088
236 R 0.05 0.189 0.033 0.029 0.01 0.036 0.044 0.033 0.025 0.038 0.088 0.101 0.019 0.045 0.019 0.062 0.037 0.01 0.09 0.041
237 R 0.047 0.191 0.109 0.086 0.008 0.039 0.053 0.096 0.022 0.022 0.037 0.105 0.013 0.016 0.02 0.051 0.037 0.005 0.015 0.028
238 F 0.076 0.023 0.021 0.021 0.013 0.015 0.025 0.035 0.015 0.062 0.091 0.026 0.022 0.243 0.015 0.056 0.035 0.068 0.061 0.077
239 R 0.048 0.213 0.042 0.078 0.008 0.047 0.062 0.037 0.021 0.024 0.041 0.192 0.014 0.016 0.022 0.047 0.036 0.005 0.016 0.03
240 G 0.048 0.033 0.135 0.044 0.01 0.025 0.035 0.15 0.066 0.035 0.079 0.039 0.017 0.046 0.017 0.047 0.035 0.01 0.092 0.037
241 F 0.07 0.031 0.019 0.02 0.013 0.018 0.026 0.031 0.014 0.072 0.193 0.055 0.03 0.204 0.015 0.033 0.031 0.011 0.049 0.065
242 G 0.052 0.118 0.032 0.029 0.01 0.032 0.04 0.141 0.023 0.057 0.058 0.11 0.017 0.043 0.019 0.041 0.033 0.01 0.088 0.048
243 K 0.083 0.09 0.031 0.03 0.012 0.033 0.044 0.04 0.017 0.071 0.104 0.133 0.022 0.068 0.021 0.067 0.041 0.007 0.025 0.061
244 I 0.06 0.024 0.025 0.024 0.07 0.018 0.026 0.032 0.011 0.143 0.105 0.03 0.026 0.073 0.018 0.066 0.095 0.007 0.025 0.121
245 L 0.045 0.019 0.015 0.016 0.068 0.013 0.018 0.023 0.011 0.134 0.182 0.021 0.032 0.164 0.013 0.027 0.033 0.009 0.041 0.115
246 L 0.076 0.023 0.018 0.019 0.015 0.016 0.022 0.083 0.011 0.108 0.261 0.026 0.036 0.084 0.015 0.033 0.033 0.007 0.027 0.086
247 L 0.074 0.024 0.016 0.018 0.015 0.018 0.023 0.028 0.014 0.136 0.248 0.028 0.054 0.054 0.016 0.032 0.035 0.009 0.057 0.101
248 L 0.088 0.024 0.021 0.021 0.017 0.018 0.025 0.087 0.01 0.102 0.191 0.03 0.031 0.036 0.018 0.043 0.066 0.006 0.019 0.147
249 P 0.091 0.025 0.026 0.027 0.015 0.02 0.03 0.092 0.011 0.092 0.077 0.035 0.02 0.024 0.13 0.053 0.092 0.005 0.016 0.117
250 P 0.086 0.027 0.024 0.027 0.014 0.022 0.033 0.038 0.013 0.054 0.136 0.037 0.04 0.027 0.239 0.065 0.041 0.005 0.017 0.056
251 L 0.05 0.021 0.015 0.018 0.016 0.015 0.021 0.023 0.009 0.175 0.219 0.026 0.036 0.041 0.07 0.028 0.038 0.006 0.02 0.157
252 L 0.097 0.028 0.028 0.027 0.017 0.022 0.032 0.04 0.013 0.108 0.133 0.036 0.045 0.033 0.021 0.091 0.076 0.006 0.019 0.129
253 F 0.043 0.02 0.02 0.02 0.012 0.013 0.022 0.028 0.015 0.11 0.114 0.023 0.026 0.285 0.013 0.049 0.034 0.013 0.063 0.077
254 L 0.113 0.024 0.021 0.024 0.015 0.019 0.028 0.093 0.011 0.092 0.144 0.033 0.025 0.029 0.129 0.044 0.038 0.005 0.017 0.096
255 L 0.045 0.024 0.014 0.015 0.016 0.016 0.02 0.021 0.01 0.115 0.375 0.025 0.05 0.055 0.014 0.024 0.033 0.007 0.022 0.096
256 F 0.034 0.019 0.017 0.017 0.011 0.011 0.019 0.025 0.017 0.063 0.114 0.019 0.025 0.387 0.011 0.025 0.025 0.017 0.089 0.055
257 A 0.29 0.031 0.026 0.03 0.022 0.026 0.04 0.078 0.015 0.043 0.059 0.045 0.018 0.022 0.03 0.085 0.05 0.005 0.018 0.069
258 Y 0.04 0.028 0.022 0.019 0.009 0.022 0.028 0.025 0.047 0.044 0.068 0.031 0.019 0.131 0.016 0.031 0.028 0.028 0.318 0.047
259 L 0.108 0.023 0.017 0.02 0.016 0.017 0.025 0.034 0.011 0.133 0.2 0.03 0.032 0.037 0.073 0.039 0.039 0.006 0.019 0.12
260 L 0.049 0.028 0.018 0.018 0.015 0.023 0.025 0.026 0.014 0.101 0.197 0.031 0.14 0.086 0.015 0.032 0.037 0.008 0.03 0.108
261 L 0.047 0.02 0.014 0.016 0.016 0.014 0.019 0.021 0.009 0.2 0.263 0.024 0.04 0.046 0.014 0.025 0.037 0.006 0.021 0.15
262 Y 0.089 0.028 0.026 0.025 0.015 0.022 0.031 0.038 0.024 0.088 0.114 0.034 0.024 0.063 0.019 0.083 0.045 0.013 0.127 0.093
263 N 0.048 0.04 0.274 0.069 0.01 0.03 0.045 0.058 0.027 0.032 0.072 0.049 0.015 0.022 0.02 0.082 0.049 0.005 0.016 0.035
264 L 0.04 0.022 0.015 0.016 0.014 0.015 0.02 0.023 0.013 0.093 0.28 0.023 0.056 0.171 0.013 0.025 0.03 0.01 0.043 0.079
265 F 0.071 0.029 0.035 0.033 0.014 0.022 0.035 0.045 0.018 0.046 0.077 0.036 0.02 0.207 0.02 0.126 0.053 0.011 0.053 0.048
266 L 0.057 0.051 0.036 0.036 0.013 0.122 0.066 0.036 0.02 0.055 0.135 0.063 0.027 0.027 0.022 0.057 0.092 0.006 0.02 0.059
267 A 0.25 0.033 0.032 0.034 0.02 0.027 0.043 0.075 0.016 0.039 0.054 0.046 0.017 0.021 0.029 0.12 0.057 0.005 0.017 0.061
268 Y 0.105 0.028 0.021 0.02 0.014 0.021 0.029 0.037 0.029 0.061 0.144 0.033 0.026 0.084 0.019 0.042 0.034 0.017 0.172 0.064
269 G 0.078 0.023 0.039 0.034 0.011 0.019 0.026 0.511 0.013 0.019 0.028 0.034 0.009 0.016 0.019 0.051 0.03 0.005 0.011 0.024
270 Y 0.041 0.028 0.022 0.019 0.009 0.022 0.028 0.025 0.047 0.044 0.069 0.031 0.019 0.131 0.016 0.031 0.028 0.028 0.316 0.047
271 N 0.043 0.045 0.315 0.083 0.009 0.034 0.05 0.065 0.032 0.023 0.032 0.054 0.011 0.018 0.02 0.07 0.05 0.005 0.016 0.027
272 S 0.11 0.04 0.054 0.049 0.018 0.033 0.053 0.066 0.019 0.03 0.042 0.054 0.016 0.021 0.03 0.218 0.082 0.005 0.018 0.042
273 G 0.064 0.029 0.107 0.043 0.01 0.023 0.033 0.371 0.058 0.019 0.029 0.038 0.01 0.017 0.018 0.052 0.032 0.005 0.016 0.024
274 G 0.096 0.071 0.041 0.084 0.013 0.032 0.078 0.102 0.017 0.029 0.041 0.055 0.013 0.018 0.079 0.101 0.072 0.005 0.015 0.039
275 L 0.082 0.027 0.023 0.023 0.015 0.02 0.028 0.035 0.014 0.075 0.196 0.031 0.048 0.121 0.018 0.064 0.065 0.009 0.034 0.072
276 D 0.044 0.031 0.092 0.297 0.008 0.029 0.072 0.1 0.059 0.021 0.028 0.043 0.01 0.016 0.021 0.051 0.034 0.004 0.016 0.024
277 L 0.043 0.022 0.015 0.016 0.015 0.015 0.019 0.021 0.013 0.166 0.283 0.024 0.04 0.057 0.014 0.024 0.034 0.009 0.057 0.113
278 E 0.072 0.05 0.041 0.056 0.012 0.066 0.146 0.044 0.021 0.04 0.049 0.088 0.016 0.019 0.025 0.116 0.052 0.005 0.017 0.064
279 E 0.064 0.115 0.045 0.092 0.01 0.064 0.118 0.097 0.021 0.023 0.038 0.072 0.014 0.017 0.023 0.094 0.044 0.005 0.016 0.031
280 I 0.05 0.019 0.014 0.017 0.016 0.014 0.018 0.021 0.008 0.247 0.18 0.023 0.036 0.042 0.014 0.026 0.04 0.006 0.02 0.19
281 L 0.105 0.023 0.017 0.019 0.016 0.016 0.024 0.034 0.012 0.111 0.202 0.027 0.032 0.122 0.016 0.038 0.036 0.008 0.034 0.109
282 S 0.105 0.034 0.039 0.042 0.015 0.03 0.07 0.104 0.016 0.042 0.085 0.046 0.019 0.023 0.025 0.126 0.104 0.005 0.017 0.052
283 Y 0.039 0.027 0.021 0.018 0.009 0.021 0.027 0.024 0.045 0.042 0.066 0.03 0.018 0.126 0.015 0.03 0.027 0.027 0.344 0.045
284 F 0.041 0.021 0.02 0.02 0.011 0.013 0.022 0.029 0.016 0.057 0.102 0.022 0.023 0.367 0.012 0.049 0.03 0.015 0.078 0.051
285 D 0.039 0.029 0.066 0.421 0.007 0.029 0.088 0.045 0.018 0.022 0.027 0.043 0.009 0.014 0.022 0.05 0.034 0.004 0.011 0.023
286 Y 0.039 0.027 0.021 0.018 0.009 0.021 0.027 0.024 0.045 0.042 0.066 0.03 0.018 0.126 0.015 0.03 0.027 0.027 0.344 0.045
287 Y 0.038 0.026 0.02 0.018 0.009 0.02 0.026 0.024 0.042 0.044 0.071 0.029 0.019 0.157 0.014 0.029 0.027 0.026 0.315 0.046
288 V 0.06 0.041 0.067 0.078 0.013 0.05 0.049 0.038 0.016 0.079 0.107 0.071 0.023 0.026 0.02 0.066 0.046 0.005 0.018 0.127
289 N 0.044 0.041 0.307 0.073 0.01 0.031 0.045 0.058 0.028 0.037 0.041 0.049 0.013 0.019 0.019 0.063 0.047 0.004 0.016 0.056
290 S 0.149 0.036 0.045 0.042 0.018 0.03 0.046 0.064 0.017 0.034 0.047 0.049 0.016 0.021 0.028 0.195 0.094 0.005 0.017 0.049
291 A 0.294 0.031 0.028 0.031 0.02 0.025 0.04 0.074 0.015 0.04 0.055 0.044 0.017 0.021 0.029 0.1 0.051 0.005 0.017 0.063
292 L 0.048 0.03 0.025 0.064 0.014 0.027 0.034 0.029 0.019 0.082 0.157 0.035 0.153 0.052 0.016 0.036 0.037 0.009 0.057 0.077
293 Y 0.037 0.024 0.019 0.017 0.009 0.017 0.024 0.024 0.035 0.048 0.081 0.026 0.02 0.221 0.013 0.028 0.026 0.023 0.258 0.048
294 Y 0.042 0.026 0.02 0.018 0.01 0.02 0.026 0.024 0.041 0.055 0.072 0.029 0.019 0.116 0.015 0.03 0.029 0.025 0.308 0.073
295 K 0.052 0.113 0.074 0.05 0.008 0.093 0.099 0.041 0.024 0.025 0.041 0.182 0.015 0.015 0.024 0.053 0.039 0.005 0.017 0.031
296 A 0.228 0.072 0.029 0.042 0.016 0.035 0.103 0.061 0.017 0.035 0.051 0.057 0.016 0.019 0.027 0.071 0.044 0.005 0.017 0.054
297 Y 0.038 0.026 0.02 0.018 0.009 0.02 0.026 0.024 0.042 0.044 0.071 0.029 0.019 0.157 0.014 0.029 0.027 0.026 0.315 0.046
298 L 0.041 0.032 0.034 0.111 0.011 0.046 0.048 0.031 0.059 0.058 0.168 0.038 0.026 0.085 0.017 0.035 0.031 0.009 0.066 0.053
299 N 0.082 0.046 0.171 0.06 0.011 0.035 0.077 0.054 0.023 0.035 0.077 0.078 0.017 0.022 0.022 0.081 0.047 0.005 0.016 0.04
300 G 0.067 0.025 0.075 0.081 0.01 0.021 0.034 0.423 0.015 0.019 0.028 0.036 0.009 0.016 0.019 0.051 0.031 0.005 0.011 0.024
301 G 0.06 0.044 0.037 0.047 0.01 0.103 0.115 0.199 0.02 0.032 0.076 0.059 0.018 0.019 0.021 0.049 0.034 0.006 0.016 0.036
302 L 0.047 0.022 0.017 0.018 0.016 0.016 0.02 0.023 0.01 0.188 0.256 0.026 0.039 0.045 0.015 0.031 0.062 0.006 0.02 0.124
303 D 0.052 0.031 0.096 0.192 0.009 0.027 0.059 0.047 0.018 0.023 0.032 0.044 0.01 0.015 0.186 0.073 0.042 0.003 0.013 0.028
304 L 0.041 0.023 0.015 0.015 0.014 0.016 0.02 0.021 0.014 0.098 0.33 0.024 0.042 0.1 0.013 0.024 0.031 0.01 0.064 0.083
305 F 0.035 0.021 0.018 0.017 0.01 0.014 0.021 0.024 0.026 0.055 0.095 0.022 0.022 0.316 0.012 0.026 0.025 0.02 0.172 0.05
306 Y 0.036 0.027 0.022 0.019 0.008 0.021 0.028 0.027 0.072 0.035 0.058 0.029 0.016 0.093 0.013 0.028 0.025 0.186 0.219 0.037
307 G 0.075 0.022 0.038 0.032 0.01 0.018 0.025 0.529 0.013 0.018 0.027 0.032 0.009 0.016 0.018 0.049 0.029 0.005 0.01 0.023
308 K 0.053 0.077 0.074 0.056 0.008 0.095 0.129 0.042 0.024 0.025 0.04 0.177 0.015 0.015 0.024 0.054 0.039 0.005 0.017 0.031
309 I 0.052 0.019 0.015 0.017 0.017 0.014 0.019 0.021 0.008 0.231 0.176 0.024 0.035 0.041 0.015 0.026 0.041 0.006 0.02 0.204
310 F 0.077 0.024 0.024 0.023 0.012 0.017 0.026 0.091 0.019 0.045 0.076 0.028 0.019 0.209 0.015 0.059 0.034 0.069 0.088 0.046
311 L 0.058 0.025 0.024 0.023 0.015 0.018 0.026 0.085 0.012 0.085 0.218 0.03 0.032 0.079 0.017 0.06 0.065 0.007 0.026 0.095
312 S 0.09 0.037 0.047 0.042 0.017 0.03 0.045 0.054 0.016 0.039 0.05 0.048 0.017 0.021 0.028 0.178 0.166 0.005 0.017 0.053
313 D 0.059 0.042 0.055 0.217 0.01 0.081 0.108 0.047 0.021 0.024 0.035 0.058 0.013 0.016 0.024 0.096 0.045 0.005 0.015 0.03
314 F 0.067 0.021 0.017 0.018 0.012 0.014 0.022 0.029 0.018 0.089 0.137 0.023 0.027 0.255 0.014 0.031 0.03 0.014 0.092 0.071
315 W 0.032 0.022 0.015 0.015 0.008 0.015 0.022 0.028 0.017 0.061 0.065 0.023 0.017 0.064 0.009 0.023 0.024 0.402 0.091 0.047
316 G 0.097 0.071 0.075 0.041 0.013 0.03 0.042 0.159 0.058 0.028 0.041 0.052 0.014 0.02 0.023 0.102 0.072 0.005 0.019 0.038
317 L 0.07 0.023 0.017 0.018 0.013 0.016 0.023 0.028 0.019 0.098 0.196 0.026 0.031 0.144 0.015 0.032 0.032 0.013 0.107 0.079
318 V 0.065 0.021 0.016 0.017 0.018 0.016 0.022 0.023 0.008 0.174 0.129 0.025 0.031 0.035 0.016 0.031 0.046 0.005 0.02 0.283
319 P 0.055 0.025 0.022 0.03 0.01 0.02 0.035 0.035 0.012 0.025 0.035 0.04 0.01 0.012 0.513 0.042 0.035 0.002 0.012 0.03
320 R 0.043 0.37 0.037 0.03 0.007 0.047 0.05 0.032 0.022 0.022 0.045 0.116 0.015 0.017 0.019 0.043 0.034 0.006 0.017 0.03
