#Seq2Logo.py -f /work3/idamei/ssn-clusterings/2206011120/clusters/0035_32/sequences.afa -m 0.0001 -b 50 -o /work3/idamei/ssn-clusterings/2206011120/clusters/0035_32/sequences.logo -p 640x1000 -l 30
#Position Specific Frequency Matrix
A R N D C Q E G H I L K M F P S T W Y V
0 L 0.053 0.032 0.02 0.02 0.016 0.028 0.028 0.028 0.016 0.101 0.199 0.036 0.152 0.049 0.016 0.036 0.041 0.008 0.024 0.093
1 G 0.079 0.023 0.039 0.034 0.011 0.019 0.026 0.505 0.014 0.019 0.029 0.034 0.009 0.016 0.019 0.052 0.03 0.005 0.011 0.025
2 S 0.111 0.041 0.055 0.049 0.018 0.034 0.053 0.067 0.019 0.03 0.042 0.055 0.016 0.021 0.03 0.212 0.083 0.005 0.018 0.042
3 Q 0.056 0.074 0.045 0.048 0.009 0.207 0.104 0.042 0.03 0.027 0.048 0.092 0.021 0.015 0.024 0.056 0.042 0.006 0.021 0.036
4 D 0.041 0.03 0.07 0.391 0.008 0.03 0.092 0.047 0.019 0.023 0.028 0.045 0.009 0.015 0.023 0.053 0.036 0.004 0.011 0.025
5 M 0.036 0.022 0.014 0.014 0.011 0.02 0.02 0.02 0.011 0.07 0.137 0.025 0.417 0.033 0.011 0.025 0.028 0.006 0.017 0.064
6 D 0.061 0.024 0.052 0.17 0.008 0.024 0.132 0.058 0.013 0.068 0.076 0.034 0.03 0.017 0.044 0.074 0.06 0.004 0.011 0.039
7 H 0.043 0.047 0.054 0.039 0.008 0.039 0.054 0.039 0.343 0.023 0.039 0.047 0.016 0.031 0.019 0.043 0.027 0.008 0.058 0.023
8 K 0.058 0.109 0.042 0.042 0.009 0.054 0.072 0.044 0.021 0.028 0.044 0.265 0.016 0.016 0.028 0.054 0.04 0.005 0.018 0.033
9 A 0.277 0.032 0.026 0.03 0.022 0.026 0.041 0.08 0.015 0.044 0.06 0.045 0.018 0.022 0.03 0.087 0.051 0.005 0.018 0.07
10 L 0.053 0.033 0.02 0.02 0.016 0.029 0.029 0.029 0.016 0.102 0.2 0.037 0.145 0.049 0.016 0.037 0.041 0.008 0.025 0.094
11 P 0.058 0.026 0.024 0.032 0.01 0.021 0.037 0.037 0.013 0.026 0.037 0.042 0.01 0.013 0.484 0.045 0.037 0.003 0.013 0.032
12 Q 0.057 0.075 0.045 0.048 0.009 0.2 0.105 0.042 0.03 0.027 0.048 0.093 0.021 0.015 0.024 0.057 0.042 0.006 0.021 0.036
13 A 0.277 0.032 0.026 0.03 0.022 0.026 0.041 0.08 0.015 0.044 0.06 0.045 0.018 0.022 0.03 0.087 0.051 0.005 0.018 0.07
14 L 0.045 0.025 0.014 0.015 0.016 0.016 0.021 0.022 0.01 0.117 0.364 0.026 0.05 0.056 0.014 0.025 0.034 0.007 0.023 0.098
15 A 0.277 0.032 0.026 0.03 0.022 0.026 0.041 0.08 0.015 0.044 0.06 0.045 0.018 0.022 0.03 0.087 0.051 0.005 0.018 0.07
16 L 0.045 0.025 0.014 0.015 0.016 0.016 0.021 0.022 0.01 0.117 0.364 0.026 0.05 0.056 0.014 0.025 0.034 0.007 0.023 0.098
17 F 0.034 0.019 0.017 0.017 0.011 0.011 0.019 0.026 0.017 0.065 0.116 0.019 0.026 0.376 0.011 0.026 0.026 0.017 0.09 0.056
18 L 0.045 0.025 0.014 0.015 0.016 0.016 0.021 0.022 0.01 0.117 0.364 0.026 0.05 0.056 0.014 0.025 0.034 0.007 0.023 0.098
19 I 0.048 0.018 0.015 0.018 0.016 0.014 0.018 0.021 0.009 0.258 0.171 0.024 0.037 0.045 0.015 0.025 0.041 0.006 0.021 0.18
20 V 0.071 0.022 0.017 0.018 0.02 0.017 0.024 0.025 0.008 0.168 0.133 0.027 0.032 0.036 0.017 0.033 0.05 0.006 0.021 0.256
21 L 0.053 0.033 0.02 0.02 0.016 0.029 0.029 0.029 0.016 0.102 0.2 0.037 0.145 0.049 0.016 0.037 0.041 0.008 0.025 0.094
22 I 0.048 0.018 0.015 0.018 0.016 0.014 0.018 0.021 0.009 0.258 0.171 0.024 0.037 0.045 0.015 0.025 0.041 0.006 0.021 0.18
23 I 0.048 0.018 0.015 0.018 0.016 0.014 0.018 0.021 0.009 0.258 0.171 0.024 0.037 0.045 0.015 0.025 0.041 0.006 0.021 0.18
24 A 0.277 0.032 0.026 0.03 0.022 0.026 0.041 0.08 0.015 0.044 0.06 0.045 0.018 0.022 0.03 0.087 0.051 0.005 0.018 0.07
25 T 0.074 0.036 0.044 0.038 0.018 0.028 0.04 0.044 0.014 0.054 0.066 0.046 0.02 0.024 0.028 0.094 0.233 0.006 0.018 0.072
26 L 0.045 0.025 0.014 0.015 0.016 0.016 0.021 0.022 0.01 0.117 0.364 0.026 0.05 0.056 0.014 0.025 0.034 0.007 0.023 0.098
27 I 0.048 0.018 0.015 0.018 0.016 0.014 0.018 0.021 0.009 0.258 0.171 0.024 0.037 0.045 0.015 0.025 0.041 0.006 0.021 0.18
28 Q 0.057 0.075 0.045 0.048 0.009 0.2 0.105 0.042 0.03 0.027 0.048 0.093 0.021 0.015 0.024 0.057 0.042 0.006 0.021 0.036
29 Q 0.057 0.075 0.045 0.048 0.009 0.2 0.105 0.042 0.03 0.027 0.048 0.093 0.021 0.015 0.024 0.057 0.042 0.006 0.021 0.036
30 H 0.043 0.047 0.054 0.039 0.008 0.039 0.054 0.039 0.343 0.023 0.039 0.047 0.016 0.031 0.019 0.043 0.027 0.008 0.058 0.023
31 L 0.045 0.025 0.014 0.015 0.016 0.016 0.021 0.022 0.01 0.117 0.364 0.026 0.05 0.056 0.014 0.025 0.034 0.007 0.023 0.098
32 I 0.048 0.018 0.015 0.018 0.016 0.014 0.018 0.021 0.009 0.258 0.171 0.024 0.037 0.045 0.015 0.025 0.041 0.006 0.021 0.18
33 S 0.112 0.041 0.055 0.05 0.018 0.034 0.053 0.067 0.02 0.03 0.043 0.055 0.016 0.021 0.03 0.206 0.083 0.005 0.018 0.043
34 G 0.08 0.023 0.04 0.034 0.011 0.019 0.026 0.501 0.014 0.019 0.029 0.034 0.01 0.016 0.019 0.052 0.03 0.005 0.011 0.025
35 S 0.112 0.041 0.055 0.05 0.018 0.034 0.053 0.067 0.02 0.03 0.043 0.055 0.016 0.021 0.03 0.206 0.083 0.005 0.018 0.043
36 P 0.058 0.026 0.024 0.032 0.01 0.021 0.037 0.037 0.013 0.026 0.037 0.042 0.01 0.013 0.484 0.045 0.037 0.003 0.013 0.032
37 V 0.071 0.022 0.017 0.018 0.02 0.017 0.024 0.025 0.008 0.168 0.133 0.027 0.032 0.036 0.017 0.033 0.05 0.006 0.021 0.256
38 T 0.074 0.036 0.044 0.038 0.018 0.028 0.04 0.044 0.014 0.054 0.066 0.046 0.02 0.024 0.028 0.094 0.233 0.006 0.018 0.072
39 E 0.041 0.022 0.024 0.094 0.009 0.022 0.144 0.057 0.011 0.109 0.092 0.031 0.016 0.021 0.047 0.053 0.051 0.037 0.014 0.103
40 A 0.283 0.031 0.026 0.03 0.022 0.026 0.041 0.079 0.015 0.044 0.06 0.045 0.018 0.022 0.03 0.086 0.05 0.005 0.018 0.069
41 A 0.283 0.031 0.026 0.03 0.022 0.026 0.041 0.079 0.015 0.044 0.06 0.045 0.018 0.022 0.03 0.086 0.05 0.005 0.018 0.069
42 L 0.037 0.022 0.024 0.112 0.01 0.019 0.066 0.024 0.012 0.118 0.158 0.028 0.05 0.116 0.014 0.032 0.061 0.006 0.025 0.065
43 D 0.043 0.029 0.044 0.234 0.01 0.029 0.105 0.034 0.016 0.084 0.114 0.041 0.02 0.025 0.019 0.041 0.034 0.005 0.015 0.059
44 I 0.035 0.018 0.044 0.017 0.01 0.013 0.018 0.021 0.015 0.153 0.138 0.021 0.021 0.126 0.011 0.047 0.027 0.061 0.117 0.089
45 L 0.06 0.017 0.014 0.015 0.011 0.013 0.018 0.021 0.009 0.185 0.193 0.021 0.042 0.087 0.043 0.045 0.05 0.006 0.034 0.116
46 E 0.056 0.024 0.067 0.083 0.008 0.024 0.174 0.054 0.013 0.034 0.145 0.033 0.032 0.07 0.045 0.051 0.027 0.005 0.019 0.035
47 K 0.038 0.108 0.049 0.028 0.006 0.034 0.045 0.043 0.015 0.019 0.03 0.401 0.011 0.013 0.017 0.036 0.027 0.046 0.014 0.022
48 L 0.056 0.016 0.013 0.014 0.037 0.011 0.016 0.02 0.008 0.158 0.238 0.019 0.041 0.124 0.011 0.057 0.027 0.006 0.022 0.106
49 I 0.056 0.015 0.011 0.012 0.011 0.01 0.015 0.044 0.007 0.212 0.202 0.017 0.024 0.086 0.011 0.021 0.027 0.005 0.019 0.194
50 A 0.25 0.023 0.065 0.027 0.039 0.019 0.029 0.098 0.012 0.026 0.037 0.032 0.028 0.015 0.018 0.191 0.04 0.004 0.012 0.036
51 I 0.033 0.014 0.01 0.012 0.011 0.01 0.013 0.015 0.006 0.323 0.224 0.017 0.027 0.059 0.01 0.018 0.026 0.005 0.017 0.15
52 F 0.057 0.016 0.016 0.016 0.036 0.011 0.017 0.129 0.01 0.099 0.11 0.019 0.034 0.231 0.011 0.06 0.025 0.007 0.03 0.067
53 F 0.031 0.015 0.012 0.012 0.009 0.01 0.014 0.044 0.011 0.153 0.189 0.017 0.04 0.225 0.009 0.019 0.023 0.008 0.075 0.083
54 S 0.137 0.026 0.034 0.031 0.012 0.021 0.034 0.073 0.012 0.022 0.031 0.035 0.011 0.014 0.02 0.37 0.07 0.004 0.012 0.032
55 L 0.123 0.018 0.015 0.015 0.039 0.013 0.019 0.026 0.008 0.096 0.283 0.021 0.023 0.081 0.016 0.075 0.029 0.005 0.018 0.078
56 G 0.106 0.019 0.019 0.018 0.011 0.015 0.02 0.193 0.009 0.047 0.177 0.024 0.088 0.039 0.014 0.07 0.048 0.005 0.014 0.064
57 I 0.032 0.013 0.011 0.012 0.037 0.01 0.013 0.015 0.007 0.353 0.147 0.016 0.058 0.099 0.01 0.018 0.026 0.005 0.02 0.098
58 L 0.031 0.016 0.01 0.011 0.011 0.01 0.014 0.015 0.008 0.076 0.447 0.017 0.03 0.129 0.009 0.017 0.023 0.006 0.023 0.097
59 L 0.059 0.016 0.017 0.016 0.036 0.012 0.017 0.207 0.009 0.066 0.236 0.02 0.019 0.055 0.038 0.027 0.042 0.005 0.036 0.065
60 A 0.292 0.031 0.026 0.03 0.022 0.026 0.04 0.078 0.015 0.043 0.059 0.044 0.017 0.022 0.03 0.085 0.05 0.005 0.017 0.069
61 I 0.058 0.026 0.084 0.025 0.009 0.108 0.031 0.079 0.014 0.131 0.06 0.032 0.033 0.048 0.013 0.05 0.048 0.005 0.058 0.088
62 A 0.398 0.021 0.019 0.021 0.013 0.017 0.026 0.101 0.01 0.03 0.062 0.029 0.013 0.039 0.019 0.087 0.034 0.004 0.014 0.043
63 L 0.048 0.017 0.012 0.012 0.008 0.012 0.016 0.018 0.015 0.084 0.227 0.018 0.021 0.075 0.009 0.02 0.021 0.144 0.174 0.049
64 L 0.116 0.016 0.013 0.014 0.069 0.012 0.016 0.053 0.008 0.137 0.22 0.019 0.039 0.061 0.012 0.029 0.027 0.005 0.016 0.12
65 L 0.12 0.019 0.015 0.016 0.065 0.032 0.021 0.026 0.009 0.082 0.19 0.023 0.021 0.05 0.013 0.065 0.03 0.005 0.037 0.164
66 R 0.055 0.279 0.026 0.024 0.006 0.031 0.038 0.08 0.014 0.018 0.03 0.235 0.01 0.013 0.015 0.034 0.025 0.031 0.013 0.022
67 R 0.057 0.272 0.045 0.023 0.008 0.027 0.033 0.026 0.013 0.058 0.085 0.122 0.014 0.016 0.015 0.06 0.057 0.004 0.012 0.054
68 V 0.067 0.025 0.018 0.017 0.036 0.017 0.023 0.025 0.081 0.091 0.083 0.082 0.033 0.057 0.012 0.026 0.025 0.034 0.106 0.14
69 V 0.123 0.019 0.019 0.018 0.065 0.015 0.021 0.028 0.032 0.099 0.062 0.024 0.016 0.064 0.014 0.072 0.107 0.005 0.039 0.158
70 G 0.048 0.093 0.028 0.025 0.007 0.056 0.029 0.429 0.012 0.015 0.024 0.095 0.008 0.011 0.014 0.049 0.026 0.004 0.009 0.019
71 S 0.078 0.023 0.029 0.026 0.012 0.018 0.028 0.062 0.011 0.054 0.046 0.03 0.013 0.063 0.017 0.237 0.154 0.004 0.016 0.078
72 W 0.021 0.015 0.01 0.01 0.005 0.01 0.015 0.021 0.01 0.022 0.038 0.015 0.011 0.064 0.005 0.016 0.016 0.626 0.047 0.021
73 L 0.076 0.017 0.013 0.014 0.012 0.012 0.016 0.02 0.007 0.161 0.305 0.02 0.026 0.053 0.012 0.044 0.047 0.005 0.016 0.126
74 N 0.134 0.023 0.19 0.031 0.01 0.017 0.026 0.037 0.014 0.051 0.047 0.028 0.013 0.133 0.014 0.061 0.087 0.005 0.022 0.057
75 P 0.059 0.018 0.016 0.021 0.007 0.014 0.025 0.026 0.009 0.018 0.025 0.028 0.007 0.009 0.627 0.031 0.025 0.002 0.009 0.022
76 A 0.303 0.02 0.02 0.021 0.012 0.016 0.025 0.175 0.01 0.031 0.038 0.028 0.013 0.014 0.071 0.082 0.032 0.004 0.011 0.073
77 S 0.076 0.019 0.022 0.02 0.171 0.015 0.022 0.057 0.009 0.051 0.051 0.025 0.014 0.017 0.015 0.175 0.057 0.003 0.012 0.17
78 L 0.034 0.015 0.01 0.011 0.011 0.01 0.014 0.015 0.006 0.243 0.32 0.017 0.029 0.033 0.01 0.018 0.026 0.004 0.015 0.159
79 F 0.024 0.014 0.012 0.012 0.007 0.008 0.014 0.017 0.013 0.06 0.086 0.014 0.017 0.458 0.008 0.018 0.018 0.065 0.096 0.04
80 S 0.099 0.022 0.049 0.027 0.09 0.018 0.027 0.144 0.011 0.042 0.039 0.03 0.011 0.017 0.017 0.246 0.06 0.004 0.011 0.034
81 L 0.036 0.017 0.013 0.013 0.038 0.012 0.016 0.018 0.008 0.08 0.418 0.019 0.062 0.056 0.011 0.055 0.026 0.005 0.017 0.079
82 F 0.107 0.015 0.013 0.013 0.009 0.009 0.016 0.05 0.011 0.042 0.102 0.017 0.017 0.427 0.01 0.025 0.021 0.009 0.048 0.04
83 W 0.021 0.016 0.01 0.01 0.005 0.01 0.016 0.021 0.01 0.021 0.036 0.016 0.01 0.042 0.005 0.016 0.016 0.652 0.047 0.021
84 F 0.047 0.014 0.013 0.013 0.008 0.009 0.015 0.02 0.011 0.046 0.096 0.015 0.018 0.487 0.009 0.038 0.021 0.01 0.053 0.058
85 L 0.086 0.016 0.013 0.013 0.037 0.011 0.016 0.074 0.008 0.101 0.212 0.019 0.039 0.128 0.011 0.025 0.026 0.006 0.022 0.139
86 F 0.027 0.016 0.013 0.012 0.007 0.011 0.016 0.017 0.019 0.044 0.107 0.017 0.017 0.307 0.009 0.019 0.019 0.014 0.252 0.057
87 T 0.048 0.023 0.027 0.024 0.012 0.018 0.025 0.028 0.009 0.078 0.052 0.029 0.015 0.018 0.018 0.058 0.427 0.004 0.012 0.073
88 F 0.116 0.015 0.014 0.014 0.01 0.01 0.017 0.025 0.011 0.065 0.092 0.018 0.017 0.37 0.011 0.044 0.024 0.009 0.043 0.076
89 F 0.032 0.013 0.011 0.012 0.036 0.009 0.013 0.016 0.008 0.175 0.132 0.015 0.021 0.256 0.009 0.019 0.024 0.007 0.033 0.157
90 P 0.039 0.018 0.016 0.021 0.007 0.014 0.025 0.025 0.009 0.018 0.025 0.028 0.007 0.009 0.653 0.03 0.025 0.002 0.009 0.021
91 L 0.03 0.017 0.01 0.01 0.011 0.011 0.014 0.015 0.007 0.079 0.572 0.017 0.034 0.037 0.01 0.017 0.023 0.005 0.015 0.066
92 V 0.079 0.015 0.011 0.012 0.012 0.011 0.016 0.019 0.007 0.123 0.184 0.018 0.023 0.096 0.011 0.023 0.029 0.005 0.02 0.284
93 V 0.121 0.016 0.014 0.014 0.038 0.012 0.017 0.077 0.008 0.14 0.098 0.02 0.036 0.093 0.012 0.028 0.029 0.005 0.019 0.205
94 L 0.176 0.019 0.014 0.015 0.012 0.015 0.019 0.081 0.009 0.058 0.219 0.023 0.105 0.049 0.013 0.033 0.028 0.005 0.016 0.091
95 F 0.027 0.015 0.013 0.014 0.007 0.01 0.017 0.02 0.012 0.033 0.057 0.018 0.014 0.327 0.142 0.022 0.038 0.116 0.065 0.032
96 N 0.061 0.025 0.132 0.06 0.008 0.023 0.11 0.086 0.017 0.022 0.032 0.033 0.01 0.047 0.015 0.11 0.069 0.033 0.08 0.027
97 V 0.161 0.017 0.013 0.015 0.013 0.013 0.019 0.053 0.007 0.119 0.078 0.021 0.036 0.022 0.013 0.031 0.033 0.004 0.013 0.319
98 P 0.039 0.019 0.018 0.035 0.007 0.016 0.046 0.038 0.032 0.017 0.025 0.029 0.007 0.01 0.573 0.031 0.024 0.002 0.01 0.021
99 V 0.046 0.016 0.014 0.015 0.012 0.012 0.017 0.02 0.007 0.211 0.089 0.02 0.021 0.048 0.012 0.076 0.034 0.004 0.016 0.311
100 N 0.036 0.029 0.365 0.095 0.007 0.023 0.056 0.041 0.019 0.018 0.025 0.036 0.009 0.016 0.015 0.091 0.063 0.004 0.032 0.022
101 P 0.077 0.017 0.015 0.019 0.008 0.014 0.023 0.025 0.009 0.048 0.079 0.026 0.011 0.015 0.466 0.03 0.026 0.029 0.012 0.051
102 L 0.07 0.018 0.036 0.039 0.009 0.013 0.019 0.049 0.011 0.048 0.251 0.021 0.037 0.074 0.011 0.026 0.042 0.114 0.066 0.045
103 A 0.362 0.021 0.022 0.023 0.013 0.018 0.027 0.154 0.01 0.026 0.035 0.03 0.011 0.014 0.019 0.122 0.036 0.004 0.011 0.041
104 I 0.059 0.016 0.014 0.015 0.012 0.012 0.017 0.019 0.007 0.269 0.116 0.02 0.056 0.027 0.012 0.028 0.105 0.004 0.014 0.178
105 L 0.137 0.018 0.014 0.015 0.012 0.013 0.018 0.079 0.008 0.088 0.283 0.021 0.04 0.05 0.013 0.046 0.028 0.005 0.016 0.097
106 Y 0.026 0.017 0.014 0.012 0.007 0.012 0.017 0.017 0.024 0.036 0.079 0.018 0.015 0.251 0.01 0.02 0.019 0.016 0.354 0.035
107 I 0.033 0.013 0.01 0.012 0.011 0.009 0.013 0.014 0.006 0.43 0.171 0.016 0.026 0.031 0.01 0.017 0.027 0.004 0.014 0.132
108 L 0.062 0.016 0.012 0.012 0.01 0.011 0.015 0.019 0.008 0.068 0.26 0.017 0.024 0.191 0.01 0.022 0.043 0.033 0.029 0.135
109 A 0.158 0.017 0.015 0.016 0.065 0.013 0.019 0.055 0.008 0.1 0.15 0.022 0.019 0.095 0.013 0.054 0.048 0.005 0.019 0.111
110 C 0.137 0.015 0.014 0.015 0.249 0.011 0.017 0.055 0.01 0.032 0.05 0.019 0.013 0.16 0.012 0.049 0.026 0.033 0.046 0.038
111 C 0.047 0.017 0.038 0.018 0.224 0.013 0.018 0.024 0.008 0.058 0.099 0.021 0.016 0.019 0.013 0.069 0.107 0.004 0.012 0.175
112 I 0.072 0.014 0.011 0.012 0.037 0.01 0.014 0.019 0.008 0.192 0.191 0.017 0.023 0.161 0.01 0.022 0.025 0.006 0.025 0.129
113 L 0.164 0.018 0.016 0.016 0.038 0.013 0.02 0.029 0.009 0.072 0.187 0.022 0.02 0.116 0.014 0.07 0.049 0.005 0.021 0.1
114 F 0.024 0.013 0.012 0.012 0.008 0.007 0.013 0.017 0.011 0.046 0.079 0.013 0.018 0.557 0.007 0.018 0.018 0.011 0.059 0.057
115 S 0.124 0.024 0.032 0.029 0.012 0.02 0.031 0.148 0.012 0.022 0.03 0.033 0.01 0.014 0.019 0.309 0.083 0.004 0.011 0.031
116 L 0.096 0.018 0.014 0.015 0.011 0.013 0.018 0.049 0.008 0.135 0.343 0.021 0.043 0.03 0.012 0.06 0.028 0.004 0.014 0.067
117 P 0.075 0.022 0.027 0.026 0.01 0.018 0.028 0.114 0.011 0.021 0.029 0.031 0.009 0.012 0.23 0.191 0.103 0.003 0.01 0.028
118 A 0.199 0.021 0.022 0.022 0.048 0.017 0.025 0.067 0.01 0.061 0.052 0.028 0.031 0.041 0.017 0.157 0.056 0.004 0.014 0.11
119 L 0.053 0.016 0.011 0.012 0.065 0.011 0.015 0.018 0.009 0.067 0.302 0.018 0.042 0.147 0.01 0.021 0.024 0.007 0.049 0.102
120 L 0.073 0.017 0.014 0.014 0.01 0.012 0.017 0.075 0.009 0.054 0.24 0.02 0.072 0.142 0.091 0.025 0.024 0.006 0.023 0.062
121 F 0.032 0.016 0.016 0.015 0.009 0.011 0.017 0.021 0.011 0.047 0.094 0.018 0.034 0.394 0.01 0.044 0.098 0.009 0.045 0.061
122 D 0.036 0.102 0.137 0.195 0.007 0.049 0.043 0.032 0.015 0.021 0.028 0.041 0.009 0.012 0.095 0.073 0.049 0.003 0.01 0.041
123 W 0.022 0.019 0.013 0.012 0.005 0.013 0.019 0.022 0.056 0.02 0.035 0.037 0.01 0.039 0.006 0.018 0.016 0.571 0.045 0.02
124 R 0.043 0.241 0.051 0.051 0.007 0.048 0.04 0.071 0.015 0.018 0.029 0.181 0.01 0.012 0.016 0.091 0.039 0.004 0.011 0.023
125 K 0.121 0.089 0.045 0.024 0.009 0.041 0.033 0.033 0.013 0.053 0.045 0.136 0.013 0.065 0.016 0.1 0.053 0.005 0.038 0.068
126 A 0.396 0.023 0.018 0.02 0.014 0.018 0.027 0.072 0.033 0.038 0.045 0.048 0.013 0.016 0.019 0.051 0.033 0.004 0.013 0.1
127 F 0.051 0.063 0.037 0.017 0.009 0.032 0.021 0.021 0.034 0.07 0.156 0.026 0.019 0.204 0.011 0.025 0.043 0.007 0.051 0.101
128 A 0.165 0.069 0.045 0.05 0.01 0.04 0.081 0.034 0.014 0.05 0.064 0.047 0.013 0.022 0.017 0.072 0.087 0.005 0.056 0.059
129 A 0.137 0.097 0.044 0.027 0.009 0.062 0.075 0.032 0.013 0.051 0.092 0.119 0.048 0.017 0.016 0.057 0.048 0.004 0.013 0.04
130 N 0.052 0.053 0.426 0.05 0.007 0.023 0.033 0.042 0.02 0.037 0.027 0.057 0.009 0.013 0.014 0.063 0.034 0.003 0.011 0.025
131 A 0.14 0.077 0.023 0.025 0.01 0.024 0.071 0.058 0.034 0.035 0.125 0.133 0.015 0.018 0.016 0.073 0.049 0.004 0.013 0.056
132 V 0.059 0.055 0.102 0.028 0.022 0.078 0.054 0.028 0.014 0.042 0.092 0.096 0.015 0.043 0.042 0.056 0.03 0.004 0.026 0.111
133 K 0.037 0.055 0.115 0.033 0.007 0.031 0.062 0.031 0.038 0.042 0.056 0.32 0.012 0.014 0.017 0.038 0.048 0.004 0.013 0.029
134 P 0.042 0.049 0.033 0.057 0.009 0.037 0.03 0.079 0.01 0.059 0.112 0.089 0.015 0.02 0.139 0.067 0.048 0.003 0.012 0.093
135 R 0.082 0.117 0.058 0.054 0.008 0.043 0.076 0.03 0.014 0.048 0.053 0.081 0.029 0.03 0.042 0.091 0.05 0.005 0.035 0.053
136 S 0.124 0.032 0.057 0.104 0.013 0.028 0.078 0.05 0.017 0.032 0.046 0.043 0.014 0.061 0.023 0.132 0.076 0.006 0.021 0.042
137 A 0.156 0.047 0.048 0.051 0.011 0.019 0.03 0.037 0.013 0.032 0.064 0.033 0.013 0.045 0.107 0.138 0.057 0.005 0.038 0.057
138 K 0.115 0.078 0.047 0.028 0.009 0.042 0.035 0.063 0.037 0.043 0.036 0.118 0.011 0.018 0.072 0.077 0.069 0.032 0.037 0.033
139 A 0.119 0.023 0.089 0.077 0.021 0.02 0.08 0.1 0.037 0.027 0.037 0.03 0.011 0.071 0.015 0.076 0.067 0.005 0.046 0.049
140 L 0.054 0.03 0.04 0.087 0.009 0.015 0.024 0.022 0.014 0.142 0.168 0.033 0.019 0.038 0.012 0.043 0.027 0.007 0.121 0.094
141 F 0.026 0.016 0.013 0.012 0.007 0.011 0.016 0.017 0.02 0.041 0.106 0.017 0.017 0.33 0.009 0.019 0.019 0.014 0.254 0.038
142 G 0.045 0.091 0.112 0.106 0.007 0.022 0.054 0.193 0.014 0.017 0.026 0.057 0.009 0.036 0.015 0.126 0.031 0.004 0.012 0.021
143 S 0.055 0.059 0.073 0.031 0.009 0.04 0.032 0.168 0.036 0.022 0.03 0.056 0.01 0.014 0.017 0.201 0.094 0.004 0.012 0.037
144 P 0.085 0.087 0.046 0.027 0.009 0.032 0.034 0.046 0.012 0.021 0.03 0.126 0.01 0.012 0.203 0.11 0.07 0.003 0.011 0.027
145 F 0.031 0.04 0.015 0.014 0.009 0.03 0.019 0.019 0.034 0.071 0.174 0.022 0.02 0.283 0.01 0.038 0.023 0.008 0.058 0.083
146 L 0.032 0.016 0.01 0.011 0.037 0.011 0.014 0.016 0.007 0.171 0.338 0.017 0.068 0.082 0.01 0.018 0.024 0.005 0.019 0.093
147 R 0.04 0.146 0.042 0.021 0.009 0.021 0.026 0.024 0.011 0.084 0.117 0.077 0.017 0.022 0.014 0.067 0.086 0.031 0.025 0.119
148 L 0.065 0.044 0.04 0.02 0.063 0.016 0.022 0.068 0.01 0.117 0.173 0.055 0.019 0.028 0.014 0.068 0.085 0.005 0.034 0.055
149 A 0.163 0.019 0.02 0.02 0.091 0.015 0.022 0.073 0.009 0.079 0.068 0.025 0.04 0.042 0.016 0.102 0.09 0.004 0.014 0.089
150 F 0.025 0.013 0.011 0.011 0.034 0.008 0.013 0.017 0.011 0.047 0.139 0.014 0.019 0.489 0.008 0.018 0.018 0.01 0.053 0.041
151 Y 0.09 0.019 0.015 0.014 0.009 0.014 0.019 0.022 0.043 0.044 0.118 0.021 0.017 0.127 0.011 0.025 0.022 0.013 0.28 0.077
152 L 0.052 0.032 0.02 0.02 0.016 0.028 0.028 0.028 0.016 0.1 0.197 0.036 0.161 0.048 0.016 0.036 0.04 0.008 0.024 0.092
153 L 0.067 0.018 0.019 0.018 0.038 0.014 0.02 0.064 0.009 0.076 0.166 0.023 0.019 0.093 0.013 0.127 0.052 0.005 0.019 0.141
154 L 0.086 0.018 0.016 0.016 0.026 0.014 0.019 0.078 0.009 0.126 0.161 0.022 0.089 0.095 0.012 0.08 0.029 0.005 0.019 0.078
155 S 0.096 0.027 0.024 0.024 0.05 0.109 0.034 0.058 0.012 0.053 0.088 0.034 0.015 0.064 0.016 0.144 0.072 0.004 0.017 0.059
156 L 0.062 0.018 0.018 0.017 0.011 0.014 0.019 0.06 0.008 0.116 0.212 0.022 0.022 0.06 0.013 0.067 0.124 0.005 0.016 0.115
157 I 0.059 0.016 0.015 0.015 0.011 0.012 0.017 0.021 0.008 0.2 0.196 0.02 0.023 0.107 0.012 0.085 0.03 0.005 0.021 0.127
158 A 0.179 0.021 0.023 0.022 0.039 0.017 0.026 0.037 0.01 0.068 0.053 0.028 0.015 0.018 0.017 0.177 0.078 0.004 0.012 0.157
159 I 0.048 0.015 0.011 0.012 0.012 0.011 0.014 0.016 0.006 0.269 0.218 0.018 0.026 0.03 0.011 0.021 0.047 0.004 0.014 0.196
160 L 0.074 0.015 0.011 0.012 0.011 0.011 0.015 0.019 0.008 0.156 0.237 0.018 0.033 0.124 0.011 0.022 0.026 0.006 0.022 0.169
161 C 0.084 0.016 0.017 0.017 0.275 0.012 0.018 0.054 0.009 0.034 0.054 0.02 0.045 0.124 0.013 0.094 0.048 0.005 0.02 0.039
162 L 0.037 0.019 0.039 0.017 0.011 0.015 0.019 0.02 0.032 0.164 0.209 0.022 0.09 0.031 0.012 0.044 0.07 0.005 0.037 0.107
163 L 0.072 0.016 0.012 0.013 0.014 0.011 0.015 0.046 0.008 0.152 0.264 0.018 0.024 0.142 0.011 0.023 0.043 0.006 0.023 0.085
164 L 0.084 0.017 0.013 0.014 0.011 0.03 0.018 0.047 0.009 0.18 0.191 0.021 0.039 0.077 0.011 0.024 0.026 0.02 0.04 0.126
165 N 0.055 0.024 0.222 0.177 0.007 0.02 0.038 0.142 0.061 0.017 0.024 0.031 0.008 0.036 0.014 0.058 0.028 0.004 0.014 0.02
166 L 0.035 0.017 0.012 0.012 0.011 0.013 0.016 0.017 0.008 0.095 0.393 0.019 0.079 0.034 0.01 0.037 0.026 0.032 0.016 0.119
167 L 0.102 0.045 0.032 0.021 0.01 0.017 0.025 0.056 0.034 0.058 0.134 0.047 0.016 0.094 0.014 0.129 0.032 0.033 0.043 0.06
168 I 0.117 0.019 0.015 0.017 0.011 0.048 0.024 0.025 0.009 0.238 0.183 0.024 0.023 0.026 0.013 0.063 0.03 0.004 0.014 0.097
169 Q 0.038 0.05 0.051 0.033 0.006 0.444 0.069 0.029 0.02 0.018 0.032 0.061 0.014 0.01 0.016 0.039 0.028 0.004 0.014 0.024
170 G 0.054 0.016 0.027 0.023 0.007 0.013 0.018 0.664 0.009 0.013 0.019 0.023 0.006 0.011 0.013 0.035 0.02 0.004 0.007 0.017
171 F 0.029 0.014 0.011 0.012 0.009 0.009 0.014 0.016 0.011 0.147 0.115 0.015 0.02 0.321 0.009 0.018 0.022 0.009 0.082 0.116
172 S 0.101 0.028 0.054 0.044 0.011 0.023 0.054 0.067 0.013 0.023 0.031 0.055 0.011 0.014 0.019 0.285 0.12 0.004 0.012 0.032
173 L 0.034 0.015 0.011 0.013 0.01 0.011 0.015 0.017 0.008 0.165 0.234 0.018 0.023 0.078 0.09 0.02 0.025 0.032 0.041 0.139
174 A 0.12 0.046 0.035 0.058 0.009 0.04 0.084 0.032 0.016 0.028 0.063 0.034 0.03 0.053 0.015 0.116 0.05 0.034 0.102 0.034
175 D 0.058 0.049 0.059 0.282 0.007 0.062 0.092 0.061 0.015 0.021 0.05 0.038 0.01 0.016 0.016 0.075 0.028 0.004 0.034 0.024
176 F 0.074 0.016 0.012 0.013 0.01 0.011 0.016 0.02 0.009 0.102 0.218 0.018 0.059 0.228 0.01 0.022 0.024 0.007 0.032 0.098
177 I 0.034 0.015 0.012 0.013 0.011 0.01 0.014 0.016 0.008 0.24 0.207 0.017 0.026 0.134 0.01 0.021 0.047 0.006 0.024 0.136
178 F 0.064 0.024 0.121 0.054 0.009 0.017 0.027 0.085 0.013 0.031 0.075 0.047 0.013 0.145 0.014 0.094 0.105 0.005 0.023 0.034
179 N 0.039 0.027 0.262 0.212 0.007 0.023 0.063 0.04 0.017 0.016 0.022 0.036 0.008 0.012 0.016 0.131 0.035 0.003 0.01 0.02
180 P 0.055 0.016 0.013 0.015 0.009 0.012 0.018 0.021 0.008 0.096 0.195 0.021 0.019 0.092 0.251 0.024 0.025 0.004 0.018 0.087
181 L 0.032 0.019 0.034 0.015 0.01 0.013 0.017 0.018 0.01 0.145 0.286 0.039 0.042 0.082 0.011 0.022 0.044 0.006 0.061 0.094
182 G 0.132 0.025 0.05 0.102 0.009 0.041 0.115 0.141 0.013 0.041 0.054 0.035 0.011 0.014 0.017 0.123 0.032 0.004 0.011 0.032
183 T 0.053 0.022 0.025 0.023 0.012 0.017 0.025 0.029 0.009 0.096 0.058 0.028 0.016 0.042 0.016 0.15 0.226 0.004 0.015 0.134
184 A 0.318 0.022 0.024 0.024 0.013 0.018 0.028 0.166 0.011 0.024 0.034 0.031 0.011 0.014 0.019 0.156 0.037 0.004 0.011 0.037
185 G 0.126 0.025 0.132 0.054 0.009 0.037 0.03 0.22 0.014 0.021 0.05 0.051 0.01 0.017 0.016 0.094 0.031 0.004 0.032 0.027
186 K 0.078 0.151 0.048 0.036 0.007 0.086 0.122 0.03 0.015 0.033 0.034 0.168 0.011 0.012 0.017 0.056 0.047 0.004 0.012 0.033
187 Y 0.028 0.018 0.014 0.013 0.007 0.014 0.018 0.017 0.026 0.056 0.082 0.021 0.049 0.121 0.01 0.021 0.02 0.016 0.407 0.04
188 A 0.254 0.019 0.015 0.016 0.013 0.015 0.021 0.034 0.009 0.088 0.214 0.025 0.071 0.025 0.015 0.039 0.048 0.004 0.014 0.061
189 S 0.107 0.023 0.112 0.101 0.01 0.02 0.052 0.116 0.013 0.033 0.057 0.031 0.012 0.015 0.016 0.146 0.036 0.003 0.011 0.086
190 L 0.093 0.096 0.043 0.091 0.009 0.022 0.032 0.027 0.012 0.042 0.165 0.112 0.101 0.022 0.014 0.032 0.027 0.004 0.013 0.042
191 R 0.031 0.529 0.026 0.021 0.006 0.032 0.035 0.022 0.016 0.02 0.034 0.08 0.011 0.012 0.013 0.03 0.024 0.004 0.012 0.041
192 Y 0.03 0.019 0.015 0.013 0.007 0.015 0.019 0.044 0.03 0.033 0.048 0.021 0.013 0.084 0.011 0.022 0.02 0.018 0.489 0.051
193 A 0.191 0.026 0.113 0.078 0.011 0.039 0.035 0.044 0.013 0.025 0.054 0.035 0.011 0.015 0.018 0.184 0.058 0.004 0.012 0.034
194 G 0.046 0.021 0.051 0.122 0.007 0.036 0.07 0.401 0.013 0.015 0.022 0.029 0.007 0.014 0.014 0.053 0.024 0.004 0.03 0.019
195 E 0.059 0.052 0.052 0.134 0.007 0.049 0.221 0.056 0.038 0.02 0.049 0.062 0.01 0.013 0.017 0.074 0.047 0.004 0.012 0.025
196 L 0.032 0.015 0.011 0.012 0.011 0.01 0.014 0.015 0.007 0.253 0.319 0.017 0.028 0.056 0.01 0.019 0.044 0.005 0.017 0.105
197 T 0.081 0.049 0.066 0.054 0.01 0.041 0.111 0.029 0.012 0.082 0.049 0.055 0.014 0.017 0.016 0.059 0.125 0.004 0.012 0.114
198 P 0.061 0.046 0.021 0.026 0.008 0.021 0.088 0.026 0.035 0.067 0.062 0.052 0.012 0.021 0.207 0.082 0.048 0.005 0.056 0.055
199 N 0.036 0.029 0.389 0.072 0.007 0.022 0.034 0.068 0.019 0.018 0.025 0.035 0.009 0.013 0.015 0.08 0.093 0.003 0.011 0.023
200 I 0.067 0.015 0.012 0.014 0.011 0.011 0.016 0.02 0.007 0.24 0.086 0.019 0.02 0.093 0.091 0.032 0.029 0.005 0.019 0.192
201 F 0.045 0.015 0.012 0.012 0.007 0.01 0.015 0.019 0.016 0.041 0.091 0.016 0.017 0.402 0.009 0.02 0.019 0.039 0.159 0.037
202 S 0.176 0.025 0.028 0.05 0.011 0.055 0.033 0.146 0.012 0.025 0.054 0.034 0.012 0.015 0.018 0.183 0.075 0.004 0.011 0.034
203 Q 0.04 0.113 0.029 0.03 0.006 0.282 0.057 0.028 0.017 0.019 0.032 0.135 0.013 0.011 0.043 0.056 0.048 0.004 0.013 0.025
204 L 0.093 0.016 0.012 0.013 0.011 0.012 0.016 0.021 0.007 0.211 0.256 0.019 0.025 0.031 0.011 0.024 0.045 0.058 0.017 0.104
205 G 0.157 0.021 0.03 0.05 0.011 0.018 0.028 0.279 0.011 0.019 0.027 0.03 0.009 0.013 0.017 0.201 0.037 0.004 0.01 0.028
206 L 0.036 0.018 0.078 0.019 0.011 0.013 0.018 0.021 0.009 0.123 0.239 0.021 0.023 0.073 0.012 0.028 0.084 0.005 0.018 0.153
207 L 0.077 0.019 0.014 0.015 0.011 0.049 0.021 0.02 0.008 0.136 0.222 0.022 0.024 0.073 0.012 0.026 0.047 0.005 0.018 0.183
208 L 0.057 0.017 0.016 0.015 0.034 0.012 0.017 0.075 0.009 0.054 0.29 0.02 0.023 0.145 0.012 0.062 0.063 0.006 0.023 0.049
209 N 0.088 0.029 0.197 0.038 0.013 0.058 0.035 0.041 0.015 0.026 0.033 0.037 0.011 0.014 0.017 0.169 0.115 0.004 0.012 0.049
210 Y 0.027 0.019 0.036 0.014 0.007 0.014 0.019 0.018 0.028 0.032 0.051 0.021 0.013 0.168 0.01 0.022 0.019 0.017 0.432 0.032
211 T 0.069 0.019 0.017 0.018 0.04 0.032 0.022 0.024 0.01 0.101 0.104 0.025 0.034 0.069 0.12 0.035 0.131 0.005 0.036 0.09
212 A 0.15 0.02 0.022 0.021 0.065 0.016 0.023 0.139 0.009 0.042 0.087 0.026 0.014 0.017 0.016 0.096 0.124 0.004 0.012 0.097
213 V 0.199 0.019 0.059 0.021 0.013 0.015 0.023 0.033 0.009 0.116 0.065 0.025 0.017 0.02 0.015 0.058 0.072 0.004 0.013 0.206
214 I 0.08 0.014 0.013 0.014 0.144 0.011 0.015 0.074 0.008 0.204 0.079 0.018 0.035 0.025 0.012 0.026 0.028 0.004 0.034 0.162
215 L 0.031 0.015 0.01 0.011 0.011 0.01 0.014 0.015 0.008 0.162 0.359 0.017 0.045 0.123 0.01 0.017 0.024 0.006 0.022 0.091
216 G 0.073 0.016 0.026 0.023 0.008 0.013 0.018 0.639 0.009 0.014 0.02 0.023 0.007 0.011 0.013 0.036 0.021 0.004 0.008 0.018
217 G 0.054 0.016 0.027 0.023 0.007 0.013 0.018 0.664 0.009 0.013 0.019 0.023 0.006 0.011 0.013 0.035 0.02 0.004 0.007 0.017
218 L 0.051 0.016 0.011 0.011 0.011 0.011 0.015 0.017 0.008 0.092 0.401 0.018 0.046 0.114 0.01 0.019 0.024 0.006 0.022 0.099
219 I 0.055 0.015 0.011 0.013 0.012 0.011 0.015 0.017 0.006 0.286 0.221 0.018 0.026 0.03 0.011 0.022 0.047 0.004 0.014 0.167
220 Y 0.029 0.017 0.014 0.013 0.008 0.012 0.017 0.018 0.039 0.085 0.152 0.019 0.036 0.187 0.01 0.029 0.022 0.038 0.191 0.066
221 G 0.148 0.02 0.046 0.026 0.01 0.017 0.044 0.3 0.012 0.024 0.031 0.028 0.01 0.016 0.042 0.094 0.048 0.004 0.032 0.047
222 S 0.126 0.023 0.081 0.029 0.037 0.018 0.028 0.185 0.035 0.021 0.031 0.03 0.01 0.037 0.017 0.189 0.056 0.004 0.014 0.029
223 K 0.06 0.126 0.026 0.049 0.034 0.081 0.059 0.054 0.014 0.045 0.041 0.161 0.029 0.017 0.016 0.07 0.029 0.004 0.034 0.05
224 I 0.048 0.018 0.015 0.018 0.016 0.013 0.018 0.021 0.009 0.264 0.17 0.024 0.037 0.045 0.015 0.025 0.04 0.006 0.021 0.178
225 R 0.042 0.147 0.049 0.051 0.007 0.081 0.041 0.036 0.014 0.019 0.029 0.145 0.01 0.011 0.123 0.101 0.05 0.003 0.011 0.026
226 N 0.093 0.057 0.145 0.086 0.008 0.023 0.047 0.126 0.015 0.023 0.054 0.079 0.011 0.018 0.016 0.081 0.052 0.004 0.035 0.028
227 G 0.082 0.106 0.074 0.027 0.009 0.022 0.032 0.109 0.039 0.06 0.066 0.072 0.013 0.03 0.047 0.061 0.094 0.004 0.014 0.038
228 R 0.089 0.131 0.05 0.026 0.008 0.024 0.055 0.102 0.015 0.052 0.071 0.095 0.014 0.081 0.015 0.057 0.028 0.006 0.045 0.036
229 R 0.039 0.247 0.05 0.029 0.007 0.04 0.079 0.096 0.015 0.02 0.054 0.139 0.011 0.013 0.015 0.057 0.047 0.004 0.012 0.025
230 R 0.038 0.295 0.029 0.026 0.006 0.034 0.042 0.056 0.015 0.018 0.031 0.252 0.011 0.012 0.016 0.053 0.027 0.004 0.012 0.023
231 L 0.109 0.07 0.039 0.018 0.009 0.017 0.023 0.056 0.011 0.1 0.125 0.07 0.017 0.064 0.012 0.03 0.028 0.121 0.023 0.059
232 L 0.058 0.118 0.02 0.019 0.009 0.021 0.027 0.05 0.011 0.098 0.2 0.13 0.019 0.025 0.014 0.047 0.045 0.005 0.035 0.05
233 I 0.035 0.017 0.012 0.012 0.011 0.012 0.016 0.016 0.009 0.24 0.201 0.038 0.024 0.046 0.011 0.02 0.027 0.006 0.058 0.19
234 L 0.052 0.016 0.011 0.012 0.011 0.011 0.015 0.017 0.008 0.152 0.31 0.018 0.027 0.123 0.01 0.021 0.044 0.006 0.022 0.115
235 L 0.075 0.015 0.011 0.012 0.038 0.011 0.015 0.019 0.007 0.13 0.261 0.018 0.025 0.099 0.011 0.022 0.027 0.005 0.02 0.179
236 L 0.074 0.016 0.014 0.014 0.037 0.012 0.016 0.074 0.009 0.092 0.22 0.019 0.055 0.166 0.011 0.025 0.043 0.006 0.025 0.074
237 S 0.167 0.025 0.03 0.028 0.039 0.02 0.031 0.043 0.011 0.026 0.035 0.033 0.012 0.015 0.02 0.281 0.131 0.004 0.012 0.037
238 F 0.025 0.014 0.012 0.012 0.008 0.009 0.014 0.017 0.011 0.068 0.126 0.014 0.053 0.466 0.008 0.018 0.019 0.01 0.051 0.046
239 L 0.132 0.016 0.012 0.013 0.012 0.012 0.016 0.023 0.008 0.157 0.283 0.02 0.025 0.075 0.012 0.026 0.027 0.005 0.018 0.109
240 P 0.04 0.018 0.017 0.022 0.007 0.015 0.025 0.026 0.009 0.018 0.025 0.029 0.007 0.009 0.627 0.048 0.026 0.002 0.009 0.022
241 S 0.199 0.024 0.028 0.027 0.013 0.02 0.031 0.044 0.011 0.047 0.038 0.033 0.012 0.015 0.046 0.292 0.046 0.004 0.012 0.057
242 L 0.08 0.017 0.014 0.015 0.038 0.012 0.017 0.048 0.007 0.141 0.199 0.02 0.022 0.049 0.012 0.046 0.067 0.004 0.015 0.175
243 L 0.031 0.016 0.01 0.011 0.011 0.011 0.014 0.015 0.008 0.093 0.412 0.017 0.046 0.126 0.01 0.018 0.023 0.006 0.023 0.099
244 V 0.097 0.019 0.017 0.016 0.011 0.015 0.021 0.049 0.101 0.135 0.113 0.022 0.036 0.03 0.012 0.027 0.027 0.005 0.061 0.186
245 M 0.056 0.021 0.014 0.014 0.011 0.017 0.019 0.02 0.01 0.069 0.198 0.024 0.309 0.032 0.012 0.026 0.046 0.005 0.016 0.081
246 L 0.034 0.016 0.011 0.012 0.011 0.011 0.015 0.016 0.007 0.157 0.326 0.018 0.044 0.088 0.01 0.02 0.044 0.005 0.019 0.136
247 L 0.039 0.018 0.016 0.016 0.012 0.013 0.018 0.02 0.008 0.123 0.242 0.021 0.04 0.051 0.013 0.032 0.16 0.005 0.016 0.139
248 Q 0.055 0.039 0.025 0.027 0.007 0.296 0.072 0.026 0.022 0.024 0.058 0.049 0.014 0.031 0.015 0.034 0.026 0.008 0.144 0.029
249 S 0.199 0.024 0.03 0.028 0.012 0.02 0.031 0.125 0.012 0.023 0.032 0.033 0.011 0.014 0.019 0.276 0.063 0.004 0.011 0.033
250 A 0.336 0.021 0.026 0.163 0.012 0.018 0.037 0.046 0.011 0.029 0.036 0.031 0.011 0.014 0.019 0.085 0.034 0.003 0.011 0.057
251 K 0.039 0.073 0.028 0.028 0.006 0.037 0.048 0.03 0.014 0.019 0.03 0.506 0.011 0.011 0.019 0.037 0.027 0.004 0.012 0.022
252 G 0.053 0.016 0.026 0.023 0.008 0.013 0.017 0.637 0.009 0.016 0.042 0.023 0.008 0.012 0.013 0.034 0.02 0.004 0.008 0.019
253 T 0.06 0.02 0.02 0.019 0.011 0.016 0.021 0.024 0.031 0.09 0.208 0.025 0.037 0.024 0.041 0.04 0.216 0.004 0.014 0.077
254 L 0.029 0.015 0.01 0.011 0.01 0.01 0.014 0.015 0.008 0.089 0.412 0.016 0.029 0.17 0.009 0.017 0.022 0.006 0.026 0.079
255 F 0.025 0.013 0.011 0.012 0.008 0.008 0.013 0.017 0.011 0.049 0.12 0.014 0.019 0.512 0.008 0.018 0.019 0.011 0.055 0.059
256 L 0.032 0.021 0.013 0.014 0.01 0.067 0.021 0.017 0.009 0.067 0.401 0.023 0.028 0.1 0.011 0.022 0.043 0.006 0.021 0.074
257 C 0.117 0.02 0.024 0.023 0.224 0.016 0.025 0.063 0.01 0.029 0.038 0.027 0.011 0.015 0.017 0.216 0.058 0.003 0.011 0.054
258 I 0.156 0.016 0.013 0.014 0.012 0.012 0.017 0.052 0.007 0.208 0.143 0.02 0.021 0.048 0.013 0.029 0.029 0.004 0.015 0.168
259 A 0.314 0.018 0.015 0.017 0.013 0.014 0.022 0.038 0.01 0.066 0.06 0.024 0.015 0.135 0.016 0.042 0.03 0.005 0.023 0.124
260 L 0.029 0.015 0.011 0.011 0.01 0.01 0.014 0.016 0.009 0.121 0.329 0.016 0.027 0.196 0.009 0.017 0.022 0.007 0.05 0.081
261 F 0.024 0.013 0.012 0.012 0.007 0.008 0.013 0.017 0.012 0.062 0.078 0.013 0.018 0.537 0.008 0.018 0.018 0.012 0.079 0.041
262 Y 0.027 0.017 0.012 0.012 0.008 0.012 0.016 0.017 0.018 0.098 0.152 0.018 0.018 0.117 0.009 0.019 0.02 0.119 0.241 0.05
263 G 0.124 0.018 0.027 0.024 0.009 0.015 0.022 0.472 0.01 0.017 0.024 0.026 0.008 0.012 0.015 0.11 0.028 0.004 0.009 0.023
264 G 0.17 0.018 0.025 0.023 0.036 0.015 0.021 0.431 0.01 0.018 0.027 0.026 0.008 0.012 0.015 0.078 0.027 0.004 0.009 0.026
265 I 0.057 0.017 0.014 0.014 0.011 0.013 0.017 0.019 0.053 0.253 0.096 0.02 0.064 0.028 0.011 0.024 0.047 0.031 0.018 0.194
266 L 0.03 0.017 0.032 0.013 0.011 0.011 0.014 0.016 0.008 0.128 0.472 0.018 0.031 0.058 0.01 0.018 0.024 0.005 0.017 0.07
267 V 0.061 0.015 0.012 0.013 0.012 0.011 0.016 0.018 0.006 0.199 0.152 0.018 0.023 0.027 0.011 0.024 0.05 0.004 0.014 0.313
268 T 0.11 0.069 0.026 0.025 0.117 0.021 0.048 0.033 0.034 0.027 0.038 0.054 0.012 0.018 0.017 0.127 0.151 0.004 0.034 0.036
269 R 0.034 0.388 0.049 0.025 0.006 0.033 0.039 0.026 0.016 0.017 0.031 0.184 0.01 0.012 0.015 0.051 0.026 0.004 0.012 0.022
270 I 0.035 0.014 0.011 0.012 0.011 0.011 0.014 0.016 0.007 0.31 0.206 0.018 0.043 0.03 0.011 0.02 0.046 0.004 0.014 0.166
271 Y 0.053 0.046 0.106 0.025 0.034 0.054 0.028 0.028 0.064 0.028 0.064 0.031 0.013 0.128 0.013 0.066 0.026 0.009 0.153 0.03
272 A 0.139 0.138 0.091 0.055 0.009 0.026 0.075 0.036 0.06 0.024 0.033 0.064 0.011 0.014 0.017 0.095 0.051 0.004 0.014 0.048
273 G 0.047 0.028 0.154 0.033 0.007 0.019 0.028 0.326 0.014 0.017 0.025 0.088 0.008 0.035 0.015 0.092 0.029 0.004 0.012 0.02
274 D 0.035 0.081 0.077 0.223 0.006 0.084 0.131 0.031 0.016 0.017 0.025 0.122 0.009 0.011 0.016 0.055 0.027 0.003 0.011 0.02
275 L 0.032 0.041 0.039 0.017 0.009 0.014 0.02 0.021 0.036 0.047 0.205 0.024 0.02 0.172 0.012 0.03 0.117 0.008 0.091 0.045
276 R 0.064 0.139 0.05 0.074 0.008 0.025 0.055 0.031 0.015 0.025 0.034 0.092 0.011 0.02 0.043 0.127 0.08 0.005 0.055 0.047
277 L 0.032 0.016 0.011 0.012 0.011 0.011 0.015 0.016 0.03 0.145 0.42 0.018 0.03 0.045 0.037 0.018 0.024 0.005 0.017 0.089
278 I 0.047 0.018 0.015 0.018 0.016 0.013 0.018 0.021 0.009 0.271 0.168 0.024 0.037 0.044 0.015 0.025 0.04 0.006 0.021 0.177
279 L 0.038 0.017 0.016 0.016 0.011 0.012 0.018 0.047 0.008 0.098 0.178 0.021 0.022 0.14 0.039 0.031 0.139 0.006 0.023 0.121
280 N 0.044 0.031 0.226 0.095 0.008 0.043 0.079 0.054 0.017 0.019 0.026 0.057 0.009 0.013 0.017 0.15 0.074 0.003 0.011 0.024
281 K 0.06 0.119 0.033 0.022 0.008 0.022 0.029 0.107 0.013 0.047 0.062 0.134 0.013 0.059 0.041 0.076 0.028 0.032 0.045 0.05
282 K 0.098 0.198 0.025 0.027 0.007 0.032 0.079 0.029 0.014 0.022 0.044 0.24 0.011 0.012 0.043 0.039 0.027 0.004 0.012 0.036
283 T 0.066 0.023 0.027 0.063 0.01 0.019 0.068 0.091 0.033 0.071 0.097 0.03 0.015 0.03 0.016 0.098 0.181 0.004 0.014 0.045
284 I 0.055 0.019 0.121 0.023 0.01 0.014 0.02 0.025 0.01 0.202 0.159 0.023 0.021 0.066 0.012 0.046 0.048 0.004 0.017 0.106
285 R 0.065 0.234 0.024 0.022 0.007 0.028 0.035 0.026 0.014 0.036 0.059 0.187 0.012 0.017 0.069 0.034 0.045 0.004 0.034 0.049
286 R 0.079 0.162 0.022 0.021 0.009 0.041 0.031 0.029 0.011 0.08 0.074 0.12 0.015 0.03 0.015 0.041 0.085 0.004 0.014 0.117
287 L 0.099 0.018 0.015 0.016 0.012 0.032 0.02 0.024 0.008 0.175 0.248 0.023 0.025 0.052 0.013 0.062 0.03 0.005 0.016 0.11
288 L 0.113 0.016 0.013 0.014 0.014 0.011 0.017 0.023 0.008 0.109 0.189 0.019 0.021 0.148 0.012 0.027 0.047 0.033 0.025 0.141
289 L 0.037 0.045 0.018 0.018 0.009 0.034 0.023 0.074 0.011 0.127 0.133 0.066 0.034 0.05 0.093 0.028 0.063 0.005 0.058 0.074
290 Y 0.08 0.019 0.018 0.017 0.065 0.015 0.02 0.079 0.015 0.073 0.115 0.023 0.032 0.04 0.013 0.099 0.028 0.062 0.143 0.044
291 G 0.083 0.016 0.018 0.017 0.01 0.012 0.017 0.236 0.008 0.105 0.121 0.021 0.017 0.067 0.013 0.031 0.063 0.005 0.016 0.123
292 L 0.057 0.016 0.013 0.014 0.011 0.012 0.016 0.046 0.008 0.184 0.222 0.019 0.023 0.074 0.038 0.041 0.046 0.005 0.018 0.137
293 V 0.06 0.016 0.013 0.013 0.038 0.012 0.016 0.019 0.007 0.143 0.215 0.019 0.024 0.05 0.012 0.042 0.049 0.004 0.016 0.231
294 L 0.079 0.017 0.013 0.013 0.038 0.012 0.017 0.021 0.007 0.1 0.321 0.02 0.026 0.052 0.012 0.043 0.047 0.005 0.016 0.141
295 L 0.034 0.015 0.011 0.012 0.037 0.01 0.014 0.016 0.007 0.163 0.233 0.017 0.024 0.141 0.01 0.021 0.044 0.006 0.024 0.16
296 P 0.039 0.016 0.015 0.018 0.008 0.012 0.02 0.075 0.009 0.041 0.087 0.023 0.013 0.085 0.358 0.027 0.025 0.004 0.017 0.106
297 L 0.034 0.015 0.011 0.012 0.011 0.011 0.014 0.016 0.007 0.231 0.299 0.017 0.027 0.078 0.01 0.036 0.026 0.005 0.018 0.12
298 L 0.058 0.016 0.012 0.012 0.012 0.012 0.016 0.018 0.007 0.14 0.273 0.019 0.043 0.03 0.011 0.023 0.047 0.004 0.014 0.233
299 I 0.137 0.017 0.015 0.016 0.012 0.013 0.019 0.026 0.008 0.234 0.126 0.022 0.037 0.048 0.014 0.051 0.086 0.004 0.015 0.098
300 V 0.143 0.016 0.013 0.014 0.012 0.012 0.017 0.025 0.008 0.151 0.103 0.02 0.037 0.13 0.012 0.028 0.029 0.005 0.023 0.204
301 S 0.129 0.027 0.034 0.032 0.012 0.022 0.035 0.046 0.013 0.022 0.031 0.036 0.011 0.014 0.02 0.398 0.071 0.004 0.012 0.032
302 F 0.023 0.013 0.011 0.012 0.007 0.007 0.013 0.017 0.011 0.045 0.099 0.013 0.018 0.557 0.007 0.017 0.018 0.011 0.059 0.039
303 L 0.033 0.016 0.01 0.011 0.011 0.012 0.014 0.015 0.007 0.134 0.436 0.018 0.064 0.035 0.01 0.018 0.025 0.005 0.015 0.111
304 S 0.239 0.025 0.029 0.028 0.013 0.021 0.032 0.048 0.012 0.024 0.034 0.034 0.011 0.015 0.02 0.296 0.066 0.004 0.012 0.036
305 R 0.031 0.551 0.027 0.021 0.005 0.033 0.036 0.023 0.016 0.016 0.032 0.082 0.011 0.012 0.013 0.031 0.024 0.004 0.012 0.021
306 G 0.051 0.017 0.025 0.023 0.008 0.014 0.029 0.518 0.01 0.037 0.03 0.023 0.009 0.06 0.013 0.052 0.041 0.004 0.013 0.025
307 L 0.035 0.017 0.013 0.014 0.011 0.013 0.016 0.044 0.03 0.21 0.267 0.02 0.084 0.031 0.011 0.038 0.027 0.005 0.016 0.098
308 G 0.065 0.024 0.031 0.141 0.008 0.037 0.035 0.19 0.016 0.02 0.029 0.049 0.009 0.028 0.015 0.123 0.03 0.007 0.119 0.024
309 D 0.064 0.031 0.095 0.14 0.008 0.057 0.101 0.1 0.014 0.02 0.028 0.078 0.01 0.012 0.017 0.079 0.105 0.003 0.011 0.026
310 L 0.085 0.022 0.044 0.048 0.01 0.036 0.047 0.138 0.01 0.063 0.153 0.028 0.017 0.02 0.042 0.072 0.068 0.004 0.012 0.083
311 D 0.071 0.024 0.057 0.164 0.009 0.021 0.059 0.129 0.012 0.025 0.031 0.033 0.01 0.014 0.046 0.137 0.095 0.003 0.011 0.048
312 D 0.047 0.025 0.045 0.293 0.008 0.025 0.091 0.147 0.014 0.02 0.027 0.037 0.009 0.013 0.018 0.077 0.067 0.004 0.01 0.025
313 T 0.101 0.022 0.023 0.023 0.011 0.037 0.027 0.089 0.012 0.056 0.051 0.029 0.032 0.072 0.078 0.099 0.13 0.005 0.04 0.065
314 E 0.084 0.025 0.028 0.084 0.009 0.025 0.166 0.114 0.013 0.046 0.057 0.036 0.012 0.015 0.044 0.128 0.045 0.004 0.011 0.054
315 E 0.038 0.051 0.031 0.168 0.007 0.083 0.189 0.068 0.015 0.027 0.075 0.042 0.012 0.038 0.015 0.052 0.027 0.004 0.013 0.046
316 L 0.059 0.022 0.017 0.017 0.011 0.034 0.022 0.022 0.009 0.187 0.189 0.044 0.058 0.027 0.013 0.032 0.125 0.004 0.014 0.095
317 I 0.037 0.039 0.014 0.014 0.011 0.031 0.018 0.044 0.009 0.224 0.163 0.023 0.022 0.064 0.011 0.039 0.028 0.005 0.038 0.166
318 D 0.079 0.029 0.056 0.256 0.007 0.044 0.128 0.035 0.048 0.018 0.025 0.057 0.009 0.012 0.017 0.112 0.031 0.003 0.012 0.023
319 K 0.041 0.135 0.069 0.027 0.007 0.062 0.036 0.108 0.036 0.044 0.057 0.15 0.012 0.015 0.015 0.071 0.048 0.004 0.013 0.048
320 L 0.031 0.016 0.01 0.011 0.011 0.011 0.014 0.015 0.007 0.157 0.456 0.017 0.031 0.058 0.01 0.017 0.024 0.005 0.017 0.084
