#Seq2Logo.py -f /work3/idamei/ssn-clusterings/clustering/2205110921/clusters/0005_85/sequences.afa -o /work3/idamei/ssn-clusterings/clustering/2205110921/clusters/0005_85/sequences.logo
#Position Specific Frequency Matrix
A R N D C Q E G H I L K M F P S T W Y V
0 L 0.051 0.031 0.02 0.02 0.016 0.028 0.028 0.028 0.016 0.098 0.193 0.035 0.177 0.047 0.016 0.035 0.039 0.008 0.024 0.091
1 K 0.053 0.093 0.099 0.049 0.009 0.049 0.065 0.047 0.022 0.026 0.04 0.244 0.014 0.016 0.026 0.056 0.041 0.005 0.017 0.031
2 I 0.047 0.018 0.015 0.018 0.016 0.013 0.018 0.021 0.009 0.271 0.168 0.024 0.037 0.044 0.015 0.025 0.04 0.006 0.021 0.177
3 N 0.043 0.045 0.317 0.083 0.009 0.034 0.049 0.065 0.032 0.022 0.032 0.054 0.011 0.018 0.02 0.07 0.049 0.004 0.016 0.027
4 I 0.047 0.018 0.015 0.018 0.016 0.013 0.018 0.021 0.009 0.271 0.168 0.024 0.037 0.044 0.015 0.025 0.04 0.006 0.021 0.177
5 S 0.11 0.04 0.054 0.049 0.018 0.033 0.052 0.066 0.019 0.03 0.042 0.054 0.016 0.021 0.03 0.22 0.082 0.005 0.018 0.042
6 L 0.045 0.024 0.014 0.015 0.016 0.016 0.02 0.021 0.01 0.115 0.375 0.025 0.05 0.055 0.014 0.024 0.033 0.007 0.022 0.096
7 I 0.047 0.018 0.015 0.018 0.016 0.013 0.018 0.021 0.009 0.271 0.168 0.024 0.037 0.044 0.015 0.025 0.04 0.006 0.021 0.177
8 K 0.057 0.107 0.042 0.042 0.009 0.054 0.071 0.043 0.021 0.028 0.043 0.278 0.016 0.016 0.028 0.054 0.04 0.005 0.017 0.033
9 K 0.057 0.107 0.042 0.042 0.009 0.054 0.071 0.043 0.021 0.028 0.043 0.278 0.016 0.016 0.028 0.054 0.04 0.005 0.017 0.033
10 L 0.059 0.032 0.089 0.037 0.016 0.024 0.034 0.039 0.015 0.08 0.135 0.038 0.026 0.031 0.021 0.061 0.13 0.006 0.018 0.109
11 I 0.067 0.025 0.028 0.027 0.112 0.02 0.028 0.036 0.012 0.139 0.1 0.033 0.025 0.03 0.02 0.083 0.091 0.005 0.017 0.103
12 I 0.069 0.029 0.033 0.031 0.017 0.023 0.033 0.038 0.013 0.141 0.1 0.038 0.025 0.031 0.022 0.093 0.136 0.006 0.018 0.105
13 Y 0.093 0.028 0.022 0.02 0.012 0.022 0.03 0.035 0.04 0.043 0.065 0.033 0.018 0.107 0.018 0.041 0.032 0.023 0.268 0.05
14 S 0.101 0.038 0.051 0.046 0.017 0.031 0.049 0.061 0.018 0.034 0.046 0.051 0.016 0.021 0.029 0.206 0.117 0.005 0.017 0.047
15 I 0.052 0.018 0.016 0.017 0.111 0.013 0.018 0.024 0.01 0.168 0.127 0.022 0.029 0.108 0.014 0.029 0.037 0.008 0.032 0.148
16 L 0.049 0.026 0.02 0.019 0.016 0.018 0.024 0.025 0.011 0.101 0.323 0.029 0.043 0.048 0.017 0.037 0.078 0.007 0.021 0.089
17 L 0.044 0.024 0.014 0.015 0.016 0.016 0.02 0.021 0.01 0.113 0.388 0.025 0.049 0.054 0.014 0.024 0.033 0.007 0.022 0.094
18 F 0.033 0.019 0.017 0.017 0.01 0.01 0.019 0.025 0.017 0.062 0.112 0.019 0.025 0.399 0.01 0.025 0.025 0.017 0.087 0.054
19 L 0.045 0.025 0.015 0.016 0.016 0.018 0.021 0.022 0.011 0.11 0.349 0.027 0.074 0.052 0.014 0.026 0.034 0.007 0.022 0.094
20 F 0.033 0.019 0.017 0.017 0.01 0.01 0.019 0.025 0.017 0.062 0.112 0.019 0.025 0.399 0.01 0.025 0.025 0.017 0.087 0.054
21 I 0.046 0.017 0.014 0.017 0.016 0.013 0.017 0.02 0.009 0.285 0.165 0.023 0.036 0.043 0.014 0.025 0.039 0.006 0.02 0.173
22 F 0.037 0.024 0.019 0.018 0.01 0.017 0.024 0.025 0.034 0.051 0.085 0.026 0.021 0.237 0.013 0.028 0.026 0.023 0.234 0.049
23 N 0.121 0.039 0.158 0.058 0.015 0.031 0.048 0.067 0.023 0.029 0.04 0.051 0.014 0.019 0.025 0.138 0.061 0.005 0.016 0.041
24 F 0.038 0.018 0.016 0.017 0.013 0.011 0.018 0.023 0.013 0.151 0.133 0.02 0.029 0.257 0.012 0.025 0.031 0.012 0.06 0.102
25 P 0.056 0.025 0.023 0.03 0.01 0.02 0.035 0.035 0.013 0.025 0.035 0.04 0.01 0.013 0.503 0.043 0.035 0.003 0.013 0.03
26 I 0.046 0.019 0.014 0.017 0.016 0.014 0.018 0.02 0.009 0.251 0.209 0.023 0.039 0.045 0.014 0.024 0.038 0.006 0.021 0.157
27 I 0.042 0.02 0.016 0.017 0.013 0.014 0.02 0.022 0.018 0.192 0.135 0.024 0.03 0.131 0.014 0.026 0.034 0.012 0.096 0.124
28 G 0.079 0.042 0.042 0.038 0.011 0.028 0.039 0.333 0.016 0.022 0.033 0.089 0.012 0.017 0.022 0.088 0.041 0.005 0.013 0.029
29 L 0.097 0.023 0.016 0.019 0.017 0.017 0.023 0.032 0.01 0.168 0.233 0.028 0.037 0.043 0.017 0.036 0.038 0.006 0.02 0.121
30 L 0.052 0.022 0.015 0.016 0.016 0.015 0.021 0.023 0.01 0.122 0.229 0.024 0.037 0.115 0.014 0.027 0.037 0.008 0.034 0.162
31 N 0.062 0.039 0.161 0.056 0.011 0.031 0.045 0.15 0.092 0.023 0.034 0.047 0.012 0.02 0.021 0.093 0.047 0.005 0.023 0.028
32 S 0.101 0.038 0.051 0.046 0.017 0.031 0.049 0.061 0.018 0.034 0.046 0.051 0.016 0.021 0.029 0.206 0.117 0.005 0.017 0.047
33 G 0.082 0.031 0.05 0.114 0.013 0.026 0.049 0.243 0.016 0.023 0.033 0.043 0.012 0.017 0.023 0.124 0.051 0.005 0.013 0.031
34 H 0.041 0.038 0.04 0.03 0.008 0.031 0.042 0.032 0.239 0.031 0.049 0.039 0.016 0.069 0.017 0.037 0.027 0.015 0.166 0.032
35 L 0.045 0.02 0.014 0.016 0.016 0.014 0.018 0.02 0.009 0.216 0.254 0.024 0.041 0.047 0.014 0.024 0.037 0.006 0.021 0.142
36 S 0.141 0.034 0.045 0.041 0.017 0.028 0.044 0.158 0.017 0.03 0.042 0.047 0.015 0.02 0.027 0.168 0.064 0.005 0.016 0.043
37 T 0.121 0.034 0.037 0.034 0.018 0.028 0.039 0.051 0.015 0.055 0.084 0.044 0.05 0.027 0.026 0.107 0.138 0.006 0.019 0.068
38 L 0.053 0.026 0.026 0.024 0.015 0.019 0.027 0.03 0.012 0.113 0.158 0.031 0.03 0.108 0.019 0.051 0.124 0.008 0.033 0.092
39 L 0.045 0.02 0.014 0.016 0.016 0.014 0.018 0.02 0.009 0.216 0.254 0.024 0.041 0.047 0.014 0.024 0.037 0.006 0.021 0.142
40 A 0.205 0.026 0.021 0.024 0.02 0.021 0.032 0.055 0.012 0.115 0.093 0.036 0.024 0.028 0.024 0.061 0.047 0.005 0.018 0.132
41 F 0.053 0.024 0.023 0.023 0.014 0.016 0.025 0.031 0.014 0.11 0.163 0.028 0.03 0.183 0.016 0.067 0.04 0.01 0.047 0.083
42 I 0.045 0.02 0.016 0.018 0.015 0.015 0.02 0.023 0.012 0.203 0.16 0.025 0.062 0.115 0.014 0.027 0.036 0.008 0.034 0.133
43 I 0.044 0.021 0.016 0.017 0.015 0.015 0.02 0.021 0.016 0.202 0.19 0.025 0.035 0.062 0.014 0.026 0.035 0.01 0.083 0.132
44 V 0.06 0.024 0.021 0.021 0.017 0.018 0.024 0.026 0.01 0.155 0.174 0.029 0.033 0.038 0.018 0.041 0.086 0.006 0.02 0.181
45 L 0.043 0.02 0.015 0.016 0.015 0.014 0.019 0.021 0.011 0.172 0.243 0.023 0.039 0.119 0.013 0.024 0.034 0.008 0.034 0.118
46 C 0.108 0.02 0.017 0.018 0.304 0.015 0.021 0.039 0.01 0.057 0.127 0.026 0.023 0.027 0.018 0.045 0.038 0.005 0.015 0.066
47 N 0.055 0.04 0.167 0.132 0.01 0.033 0.058 0.055 0.093 0.024 0.034 0.05 0.012 0.02 0.022 0.093 0.048 0.005 0.023 0.028
48 P 0.053 0.104 0.026 0.027 0.107 0.029 0.038 0.032 0.014 0.081 0.07 0.099 0.019 0.022 0.116 0.041 0.037 0.005 0.016 0.064
49 K 0.06 0.065 0.106 0.124 0.01 0.04 0.066 0.052 0.022 0.025 0.037 0.147 0.013 0.017 0.025 0.092 0.048 0.005 0.015 0.031
50 K 0.068 0.126 0.042 0.039 0.01 0.041 0.053 0.14 0.019 0.025 0.04 0.158 0.014 0.017 0.024 0.087 0.044 0.005 0.016 0.032
51 W 0.038 0.094 0.027 0.023 0.009 0.026 0.034 0.03 0.086 0.044 0.115 0.046 0.022 0.044 0.013 0.031 0.028 0.205 0.046 0.041
52 K 0.062 0.058 0.033 0.032 0.013 0.033 0.045 0.038 0.016 0.096 0.136 0.137 0.026 0.03 0.022 0.078 0.046 0.006 0.019 0.075
53 L 0.043 0.024 0.017 0.017 0.013 0.018 0.022 0.022 0.024 0.119 0.215 0.027 0.034 0.081 0.015 0.027 0.032 0.015 0.145 0.091
54 L 0.094 0.024 0.017 0.018 0.016 0.017 0.024 0.033 0.012 0.089 0.267 0.027 0.038 0.116 0.016 0.036 0.034 0.009 0.034 0.081
55 K 0.105 0.058 0.029 0.029 0.013 0.034 0.046 0.042 0.022 0.06 0.068 0.137 0.019 0.043 0.023 0.05 0.041 0.01 0.08 0.092
56 K 0.119 0.063 0.04 0.039 0.015 0.038 0.054 0.054 0.017 0.036 0.05 0.145 0.016 0.019 0.028 0.103 0.094 0.005 0.017 0.048
57 L 0.094 0.023 0.017 0.019 0.016 0.016 0.023 0.033 0.012 0.123 0.222 0.027 0.035 0.114 0.016 0.036 0.036 0.008 0.034 0.097
58 L 0.048 0.024 0.02 0.02 0.015 0.016 0.023 0.026 0.012 0.125 0.223 0.027 0.036 0.115 0.016 0.038 0.078 0.008 0.034 0.097
59 K 0.063 0.064 0.038 0.047 0.011 0.043 0.104 0.041 0.019 0.044 0.11 0.147 0.021 0.024 0.024 0.084 0.045 0.006 0.018 0.046
60 E 0.063 0.062 0.101 0.061 0.01 0.082 0.116 0.049 0.025 0.025 0.039 0.112 0.015 0.017 0.025 0.093 0.049 0.005 0.017 0.033
61 K 0.05 0.077 0.039 0.036 0.008 0.043 0.058 0.038 0.095 0.029 0.046 0.19 0.016 0.041 0.023 0.046 0.034 0.01 0.088 0.033
62 I 0.05 0.019 0.015 0.017 0.016 0.014 0.019 0.021 0.009 0.226 0.202 0.024 0.038 0.044 0.015 0.026 0.04 0.006 0.021 0.179
63 S 0.073 0.03 0.036 0.033 0.016 0.023 0.035 0.044 0.015 0.092 0.085 0.038 0.022 0.101 0.022 0.122 0.097 0.008 0.032 0.076
64 L 0.043 0.023 0.017 0.017 0.013 0.017 0.022 0.022 0.024 0.154 0.17 0.026 0.031 0.079 0.015 0.027 0.033 0.015 0.145 0.106
65 F 0.046 0.023 0.021 0.02 0.014 0.015 0.023 0.027 0.013 0.115 0.168 0.026 0.031 0.184 0.015 0.038 0.077 0.01 0.047 0.089
66 I 0.097 0.021 0.016 0.019 0.017 0.016 0.022 0.032 0.01 0.202 0.188 0.028 0.035 0.041 0.017 0.036 0.04 0.006 0.02 0.136
67 L 0.041 0.022 0.016 0.016 0.013 0.015 0.021 0.022 0.018 0.123 0.224 0.024 0.035 0.136 0.014 0.026 0.031 0.013 0.096 0.092
68 L 0.056 0.027 0.022 0.022 0.016 0.019 0.026 0.03 0.012 0.096 0.318 0.03 0.042 0.047 0.017 0.066 0.042 0.007 0.021 0.084
69 L 0.095 0.022 0.017 0.019 0.016 0.015 0.023 0.033 0.012 0.158 0.177 0.027 0.033 0.112 0.016 0.036 0.037 0.008 0.033 0.112
70 Y 0.04 0.027 0.02 0.018 0.01 0.02 0.026 0.024 0.039 0.057 0.131 0.029 0.024 0.113 0.015 0.029 0.029 0.023 0.269 0.055
71 L 0.05 0.021 0.015 0.016 0.016 0.015 0.019 0.021 0.009 0.192 0.246 0.024 0.04 0.046 0.015 0.026 0.038 0.006 0.021 0.164
72 L 0.092 0.023 0.017 0.018 0.015 0.016 0.023 0.034 0.013 0.079 0.212 0.026 0.033 0.185 0.016 0.036 0.033 0.01 0.047 0.073
73 L 0.04 0.019 0.015 0.017 0.014 0.013 0.018 0.022 0.012 0.162 0.188 0.022 0.034 0.188 0.013 0.025 0.032 0.01 0.047 0.11
74 I 0.046 0.017 0.014 0.017 0.016 0.013 0.017 0.02 0.009 0.285 0.165 0.023 0.036 0.043 0.014 0.025 0.039 0.006 0.02 0.173
75 I 0.076 0.03 0.035 0.033 0.017 0.024 0.035 0.043 0.014 0.136 0.095 0.039 0.024 0.03 0.023 0.122 0.1 0.006 0.018 0.1
76 F 0.037 0.024 0.019 0.018 0.01 0.017 0.024 0.025 0.034 0.051 0.085 0.026 0.021 0.237 0.013 0.028 0.026 0.023 0.234 0.049
77 G 0.095 0.033 0.047 0.042 0.015 0.027 0.041 0.247 0.017 0.025 0.036 0.045 0.013 0.019 0.025 0.161 0.06 0.005 0.015 0.034
78 L 0.049 0.023 0.016 0.017 0.015 0.017 0.021 0.024 0.012 0.144 0.197 0.026 0.064 0.116 0.014 0.028 0.037 0.009 0.035 0.139
79 L 0.094 0.023 0.017 0.019 0.016 0.016 0.023 0.033 0.012 0.123 0.222 0.027 0.035 0.114 0.016 0.036 0.036 0.008 0.034 0.097
80 I 0.07 0.031 0.093 0.042 0.015 0.025 0.037 0.047 0.017 0.13 0.088 0.041 0.023 0.029 0.021 0.118 0.057 0.005 0.018 0.091
81 T 0.118 0.034 0.039 0.035 0.018 0.027 0.039 0.049 0.014 0.05 0.063 0.044 0.019 0.023 0.027 0.089 0.219 0.006 0.017 0.069
82 I 0.07 0.028 0.031 0.03 0.015 0.023 0.033 0.039 0.02 0.134 0.096 0.037 0.024 0.051 0.02 0.11 0.053 0.01 0.081 0.095
83 L 0.043 0.02 0.015 0.016 0.015 0.014 0.019 0.021 0.011 0.172 0.243 0.023 0.039 0.119 0.013 0.024 0.034 0.008 0.034 0.118
84 N 0.056 0.034 0.148 0.049 0.013 0.026 0.037 0.047 0.02 0.094 0.131 0.041 0.024 0.031 0.019 0.084 0.05 0.005 0.018 0.072
85 G 0.058 0.038 0.039 0.034 0.009 0.065 0.046 0.228 0.094 0.026 0.041 0.046 0.014 0.041 0.019 0.045 0.03 0.01 0.086 0.03
86 S 0.09 0.045 0.049 0.045 0.016 0.071 0.059 0.056 0.02 0.033 0.047 0.059 0.017 0.02 0.027 0.17 0.109 0.005 0.018 0.045
87 Y 0.04 0.027 0.021 0.018 0.009 0.021 0.027 0.024 0.046 0.043 0.067 0.031 0.018 0.128 0.015 0.031 0.027 0.027 0.331 0.046
88 D 0.04 0.029 0.068 0.409 0.007 0.029 0.09 0.046 0.018 0.022 0.027 0.044 0.009 0.015 0.022 0.051 0.035 0.004 0.011 0.024
89 F 0.037 0.021 0.017 0.017 0.011 0.014 0.02 0.025 0.016 0.069 0.128 0.022 0.055 0.329 0.011 0.027 0.028 0.015 0.074 0.061
90 T 0.072 0.034 0.04 0.035 0.016 0.027 0.039 0.043 0.021 0.046 0.06 0.043 0.018 0.044 0.025 0.108 0.178 0.01 0.08 0.059
91 I 0.047 0.02 0.015 0.018 0.016 0.016 0.019 0.022 0.01 0.248 0.17 0.026 0.064 0.044 0.015 0.027 0.039 0.006 0.021 0.157
92 I 0.049 0.026 0.079 0.03 0.014 0.019 0.027 0.031 0.02 0.159 0.111 0.031 0.026 0.054 0.016 0.036 0.04 0.01 0.081 0.14
93 K 0.053 0.156 0.04 0.039 0.008 0.051 0.066 0.04 0.021 0.026 0.043 0.257 0.015 0.016 0.025 0.051 0.038 0.005 0.017 0.032
94 T 0.068 0.033 0.039 0.035 0.016 0.026 0.038 0.041 0.013 0.047 0.058 0.044 0.017 0.021 0.122 0.081 0.216 0.005 0.016 0.062
95 L 0.041 0.022 0.014 0.015 0.014 0.015 0.02 0.023 0.011 0.131 0.276 0.024 0.039 0.053 0.013 0.024 0.032 0.106 0.031 0.097
96 I 0.046 0.017 0.014 0.017 0.016 0.013 0.017 0.02 0.009 0.285 0.165 0.023 0.036 0.043 0.014 0.025 0.039 0.006 0.02 0.173
97 N 0.042 0.044 0.33 0.081 0.009 0.033 0.048 0.064 0.031 0.022 0.031 0.053 0.011 0.018 0.02 0.068 0.048 0.004 0.015 0.026
98 N 0.042 0.044 0.33 0.081 0.009 0.033 0.048 0.064 0.031 0.022 0.031 0.053 0.011 0.018 0.02 0.068 0.048 0.004 0.015 0.026
99 L 0.097 0.023 0.016 0.019 0.017 0.017 0.023 0.032 0.01 0.168 0.233 0.028 0.037 0.043 0.017 0.036 0.038 0.006 0.02 0.121
100 L 0.049 0.022 0.014 0.016 0.016 0.015 0.02 0.021 0.009 0.157 0.291 0.025 0.043 0.048 0.014 0.026 0.037 0.006 0.021 0.148
101 S 0.108 0.039 0.053 0.048 0.017 0.033 0.051 0.065 0.019 0.029 0.041 0.053 0.015 0.02 0.029 0.235 0.08 0.005 0.017 0.041
102 L 0.044 0.021 0.015 0.016 0.014 0.014 0.02 0.023 0.012 0.102 0.225 0.022 0.036 0.188 0.013 0.026 0.033 0.01 0.048 0.116
103 F 0.045 0.02 0.016 0.017 0.014 0.013 0.019 0.023 0.012 0.137 0.181 0.022 0.033 0.186 0.013 0.026 0.034 0.01 0.047 0.132
104 F 0.063 0.023 0.028 0.026 0.108 0.017 0.026 0.133 0.015 0.043 0.071 0.029 0.018 0.171 0.017 0.075 0.039 0.01 0.043 0.046
105 C 0.073 0.021 0.023 0.022 0.398 0.016 0.023 0.038 0.01 0.041 0.059 0.027 0.016 0.02 0.019 0.079 0.045 0.004 0.013 0.053
106 L 0.045 0.02 0.014 0.016 0.016 0.014 0.018 0.02 0.009 0.216 0.254 0.024 0.041 0.047 0.014 0.024 0.037 0.006 0.021 0.142
107 L 0.04 0.02 0.015 0.016 0.014 0.013 0.019 0.022 0.012 0.127 0.233 0.022 0.037 0.19 0.013 0.024 0.031 0.011 0.048 0.094
108 F 0.038 0.019 0.016 0.016 0.013 0.012 0.019 0.023 0.014 0.117 0.178 0.021 0.032 0.259 0.012 0.025 0.029 0.012 0.061 0.086
109 I 0.103 0.023 0.022 0.024 0.017 0.018 0.026 0.036 0.011 0.19 0.123 0.032 0.029 0.035 0.02 0.05 0.085 0.006 0.019 0.131
110 I 0.076 0.03 0.035 0.033 0.017 0.024 0.035 0.043 0.014 0.136 0.095 0.039 0.024 0.03 0.023 0.122 0.1 0.006 0.018 0.1
111 L 0.044 0.023 0.014 0.015 0.016 0.015 0.019 0.021 0.01 0.148 0.343 0.024 0.046 0.052 0.014 0.024 0.034 0.007 0.022 0.11
112 L 0.045 0.024 0.014 0.015 0.016 0.016 0.02 0.021 0.01 0.115 0.375 0.025 0.05 0.055 0.014 0.024 0.033 0.007 0.022 0.096
113 F 0.034 0.02 0.018 0.017 0.01 0.013 0.02 0.025 0.022 0.058 0.103 0.021 0.024 0.345 0.011 0.026 0.025 0.019 0.136 0.052
114 F 0.037 0.02 0.017 0.017 0.011 0.013 0.02 0.024 0.021 0.103 0.114 0.022 0.026 0.274 0.012 0.026 0.028 0.017 0.123 0.076
115 K 0.076 0.067 0.045 0.053 0.012 0.047 0.11 0.05 0.021 0.027 0.041 0.153 0.015 0.018 0.028 0.126 0.055 0.005 0.017 0.035
116 W 0.035 0.029 0.118 0.038 0.009 0.02 0.03 0.04 0.021 0.038 0.066 0.032 0.017 0.157 0.013 0.039 0.032 0.173 0.057 0.037
117 F 0.041 0.037 0.026 0.027 0.01 0.081 0.047 0.03 0.021 0.051 0.091 0.043 0.024 0.267 0.015 0.035 0.03 0.013 0.065 0.048
118 G 0.081 0.056 0.044 0.041 0.012 0.035 0.049 0.208 0.018 0.025 0.037 0.124 0.013 0.017 0.025 0.11 0.05 0.005 0.015 0.033
119 Y 0.068 0.047 0.04 0.038 0.012 0.092 0.06 0.044 0.031 0.033 0.052 0.058 0.018 0.055 0.023 0.105 0.05 0.013 0.121 0.041
120 K 0.057 0.065 0.098 0.057 0.009 0.044 0.105 0.141 0.022 0.023 0.036 0.149 0.013 0.016 0.024 0.056 0.038 0.005 0.015 0.029
121 P 0.061 0.037 0.04 0.11 0.012 0.065 0.059 0.041 0.017 0.078 0.063 0.05 0.018 0.021 0.118 0.082 0.046 0.005 0.016 0.061
122 A 0.114 0.101 0.042 0.036 0.014 0.034 0.047 0.051 0.087 0.034 0.049 0.061 0.016 0.022 0.025 0.099 0.09 0.006 0.025 0.046
123 L 0.048 0.02 0.015 0.017 0.015 0.014 0.019 0.022 0.01 0.181 0.191 0.023 0.035 0.115 0.014 0.026 0.037 0.008 0.034 0.156
124 E 0.056 0.04 0.045 0.142 0.008 0.048 0.209 0.134 0.021 0.021 0.033 0.06 0.011 0.016 0.023 0.053 0.034 0.005 0.014 0.028
125 K 0.056 0.105 0.041 0.041 0.008 0.052 0.069 0.042 0.02 0.027 0.042 0.292 0.015 0.015 0.027 0.052 0.039 0.005 0.017 0.032
126 F 0.037 0.027 0.026 0.021 0.009 0.02 0.029 0.027 0.098 0.046 0.079 0.029 0.02 0.217 0.014 0.03 0.026 0.019 0.179 0.044
127 F 0.037 0.021 0.016 0.016 0.013 0.013 0.019 0.023 0.014 0.083 0.222 0.021 0.034 0.261 0.012 0.024 0.028 0.013 0.061 0.07
128 S 0.078 0.031 0.036 0.033 0.016 0.024 0.037 0.044 0.015 0.067 0.077 0.039 0.021 0.1 0.022 0.124 0.099 0.008 0.032 0.098
129 I 0.057 0.024 0.024 0.024 0.015 0.019 0.026 0.03 0.018 0.186 0.12 0.031 0.028 0.056 0.018 0.068 0.045 0.01 0.082 0.121
130 I 0.051 0.018 0.015 0.017 0.016 0.014 0.018 0.021 0.009 0.261 0.157 0.024 0.035 0.042 0.015 0.026 0.041 0.006 0.02 0.195
131 L 0.044 0.024 0.014 0.015 0.016 0.016 0.02 0.021 0.01 0.113 0.388 0.025 0.049 0.054 0.014 0.024 0.033 0.007 0.022 0.094
132 L 0.047 0.021 0.015 0.017 0.016 0.017 0.02 0.022 0.01 0.213 0.215 0.026 0.067 0.046 0.015 0.027 0.038 0.006 0.021 0.141
133 L 0.05 0.021 0.015 0.016 0.016 0.015 0.019 0.021 0.009 0.192 0.246 0.024 0.04 0.046 0.015 0.026 0.038 0.006 0.021 0.164
134 Q 0.055 0.072 0.043 0.046 0.009 0.23 0.101 0.04 0.029 0.026 0.046 0.089 0.02 0.014 0.023 0.055 0.04 0.006 0.02 0.035
135 S 0.147 0.038 0.047 0.044 0.018 0.031 0.049 0.067 0.018 0.032 0.045 0.051 0.016 0.021 0.029 0.205 0.074 0.005 0.017 0.046
136 I 0.043 0.019 0.015 0.017 0.015 0.013 0.018 0.021 0.01 0.206 0.199 0.023 0.036 0.117 0.014 0.024 0.035 0.008 0.034 0.134
137 I 0.044 0.021 0.016 0.017 0.015 0.015 0.02 0.021 0.016 0.202 0.19 0.025 0.035 0.062 0.014 0.026 0.035 0.01 0.083 0.132
138 I 0.046 0.017 0.014 0.017 0.016 0.013 0.017 0.02 0.009 0.285 0.165 0.023 0.036 0.043 0.014 0.025 0.039 0.006 0.02 0.173
139 I 0.043 0.019 0.015 0.017 0.015 0.013 0.018 0.021 0.01 0.206 0.199 0.023 0.036 0.117 0.014 0.024 0.035 0.008 0.034 0.134
140 L 0.101 0.023 0.017 0.019 0.018 0.017 0.024 0.033 0.01 0.143 0.225 0.028 0.036 0.041 0.018 0.038 0.04 0.006 0.02 0.143
141 L 0.102 0.031 0.021 0.022 0.017 0.027 0.03 0.037 0.016 0.087 0.166 0.037 0.145 0.042 0.018 0.045 0.041 0.007 0.022 0.086
142 L 0.046 0.023 0.015 0.017 0.016 0.017 0.02 0.022 0.011 0.179 0.26 0.026 0.069 0.048 0.014 0.026 0.037 0.007 0.022 0.125
143 L 0.049 0.022 0.014 0.016 0.016 0.015 0.02 0.021 0.009 0.157 0.291 0.025 0.043 0.048 0.014 0.026 0.037 0.006 0.021 0.148
144 S 0.082 0.034 0.039 0.036 0.016 0.027 0.04 0.049 0.018 0.05 0.086 0.043 0.05 0.102 0.023 0.153 0.061 0.008 0.032 0.054
145 P 0.066 0.028 0.029 0.034 0.012 0.023 0.039 0.041 0.014 0.026 0.037 0.043 0.011 0.014 0.409 0.081 0.044 0.003 0.014 0.033
146 D 0.043 0.033 0.062 0.345 0.007 0.036 0.134 0.043 0.02 0.022 0.029 0.05 0.01 0.015 0.023 0.052 0.035 0.004 0.012 0.025
147 L 0.048 0.02 0.015 0.017 0.015 0.014 0.019 0.022 0.01 0.181 0.191 0.023 0.035 0.115 0.014 0.026 0.037 0.008 0.034 0.156
148 R 0.066 0.176 0.042 0.036 0.01 0.04 0.05 0.138 0.02 0.024 0.04 0.123 0.014 0.017 0.023 0.085 0.043 0.005 0.016 0.032
149 N 0.052 0.041 0.151 0.071 0.01 0.042 0.148 0.044 0.024 0.05 0.052 0.056 0.016 0.021 0.021 0.055 0.043 0.005 0.017 0.08
150 F 0.046 0.023 0.021 0.02 0.014 0.015 0.023 0.027 0.013 0.115 0.168 0.026 0.031 0.184 0.015 0.038 0.077 0.01 0.047 0.089
151 I 0.05 0.019 0.015 0.017 0.016 0.014 0.019 0.021 0.009 0.226 0.202 0.024 0.038 0.044 0.015 0.026 0.04 0.006 0.021 0.179
152 Q 0.055 0.072 0.043 0.046 0.009 0.23 0.101 0.04 0.029 0.026 0.046 0.089 0.02 0.014 0.023 0.055 0.04 0.006 0.02 0.035
153 S 0.147 0.038 0.047 0.044 0.018 0.031 0.049 0.067 0.018 0.032 0.045 0.051 0.016 0.021 0.029 0.205 0.074 0.005 0.017 0.046
154 N 0.041 0.033 0.143 0.043 0.01 0.025 0.034 0.04 0.033 0.049 0.117 0.038 0.021 0.069 0.017 0.044 0.037 0.014 0.143 0.048
155 I 0.05 0.019 0.015 0.017 0.016 0.014 0.019 0.021 0.009 0.226 0.202 0.024 0.038 0.044 0.015 0.026 0.04 0.006 0.021 0.179
156 R 0.044 0.358 0.038 0.03 0.008 0.047 0.051 0.032 0.023 0.023 0.046 0.118 0.015 0.017 0.019 0.044 0.034 0.006 0.017 0.03
157 T 0.079 0.036 0.045 0.039 0.017 0.028 0.041 0.047 0.015 0.048 0.059 0.046 0.019 0.023 0.027 0.12 0.225 0.006 0.017 0.064
158 D 0.102 0.057 0.043 0.123 0.011 0.08 0.122 0.048 0.021 0.028 0.042 0.109 0.015 0.016 0.025 0.059 0.04 0.005 0.016 0.038
159 D 0.099 0.037 0.048 0.205 0.01 0.042 0.168 0.047 0.02 0.026 0.037 0.056 0.012 0.017 0.025 0.059 0.038 0.005 0.014 0.035
160 E 0.054 0.049 0.04 0.088 0.007 0.063 0.31 0.034 0.025 0.022 0.036 0.074 0.013 0.016 0.025 0.054 0.036 0.005 0.016 0.031
161 L 0.045 0.02 0.014 0.016 0.016 0.014 0.018 0.02 0.009 0.216 0.254 0.024 0.041 0.047 0.014 0.024 0.037 0.006 0.021 0.142
162 D 0.046 0.103 0.051 0.205 0.007 0.047 0.17 0.038 0.022 0.022 0.035 0.071 0.012 0.016 0.023 0.051 0.035 0.005 0.014 0.028
163 R 0.043 0.292 0.035 0.028 0.008 0.042 0.047 0.031 0.027 0.027 0.05 0.1 0.016 0.039 0.018 0.041 0.033 0.01 0.08 0.033
164 L 0.051 0.031 0.02 0.02 0.016 0.028 0.028 0.028 0.016 0.098 0.193 0.035 0.177 0.047 0.016 0.035 0.039 0.008 0.024 0.091
165 A 0.265 0.032 0.031 0.033 0.02 0.027 0.042 0.074 0.015 0.04 0.055 0.046 0.017 0.021 0.029 0.114 0.055 0.005 0.017 0.062
166 G 0.119 0.029 0.033 0.031 0.017 0.023 0.033 0.141 0.013 0.065 0.068 0.038 0.019 0.024 0.024 0.07 0.13 0.006 0.017 0.103
167 Y 0.04 0.027 0.021 0.018 0.009 0.021 0.027 0.024 0.046 0.043 0.067 0.031 0.018 0.128 0.015 0.031 0.027 0.027 0.331 0.046
168 G 0.069 0.024 0.044 0.108 0.01 0.021 0.038 0.425 0.014 0.019 0.028 0.035 0.009 0.016 0.019 0.05 0.03 0.005 0.011 0.024
169 G 0.077 0.022 0.038 0.033 0.011 0.019 0.025 0.52 0.013 0.019 0.028 0.033 0.009 0.016 0.019 0.05 0.029 0.005 0.011 0.024
170 V 0.06 0.02 0.015 0.017 0.018 0.015 0.021 0.023 0.008 0.211 0.142 0.025 0.033 0.038 0.015 0.029 0.045 0.006 0.02 0.239
171 R 0.044 0.358 0.038 0.03 0.008 0.047 0.051 0.032 0.023 0.023 0.046 0.118 0.015 0.017 0.019 0.044 0.034 0.006 0.017 0.03
172 G 0.077 0.022 0.038 0.033 0.011 0.019 0.025 0.52 0.013 0.019 0.028 0.033 0.009 0.016 0.019 0.05 0.029 0.005 0.011 0.024
173 L 0.044 0.023 0.014 0.015 0.016 0.015 0.019 0.021 0.01 0.148 0.343 0.024 0.046 0.052 0.014 0.024 0.034 0.007 0.022 0.11
174 G 0.122 0.024 0.036 0.032 0.013 0.02 0.028 0.431 0.013 0.023 0.034 0.035 0.011 0.017 0.021 0.057 0.033 0.005 0.012 0.033
175 L 0.054 0.022 0.015 0.016 0.017 0.015 0.021 0.022 0.009 0.167 0.239 0.025 0.039 0.044 0.015 0.027 0.04 0.006 0.021 0.186
176 S 0.147 0.038 0.047 0.044 0.018 0.031 0.049 0.067 0.018 0.032 0.045 0.051 0.016 0.021 0.029 0.205 0.074 0.005 0.017 0.046
177 G 0.077 0.022 0.038 0.033 0.011 0.019 0.025 0.52 0.013 0.019 0.028 0.033 0.009 0.016 0.019 0.05 0.029 0.005 0.011 0.024
178 S 0.108 0.039 0.053 0.048 0.017 0.033 0.051 0.065 0.019 0.029 0.041 0.053 0.015 0.02 0.029 0.235 0.08 0.005 0.017 0.041
179 I 0.047 0.02 0.015 0.018 0.016 0.016 0.019 0.022 0.01 0.248 0.17 0.026 0.064 0.044 0.015 0.027 0.039 0.006 0.021 0.157
180 A 0.304 0.03 0.025 0.029 0.021 0.025 0.04 0.077 0.015 0.042 0.058 0.044 0.017 0.021 0.029 0.083 0.049 0.005 0.017 0.067
181 F 0.033 0.019 0.017 0.017 0.01 0.01 0.019 0.025 0.017 0.062 0.112 0.019 0.025 0.399 0.01 0.025 0.025 0.017 0.087 0.054
182 G 0.077 0.022 0.038 0.033 0.011 0.019 0.025 0.52 0.013 0.019 0.028 0.033 0.009 0.016 0.019 0.05 0.029 0.005 0.011 0.024
183 L 0.044 0.024 0.014 0.015 0.016 0.016 0.02 0.021 0.01 0.113 0.388 0.025 0.049 0.054 0.014 0.024 0.033 0.007 0.022 0.094
184 A 0.304 0.03 0.025 0.029 0.021 0.025 0.04 0.077 0.015 0.042 0.058 0.044 0.017 0.021 0.029 0.083 0.049 0.005 0.017 0.067
185 A 0.154 0.026 0.024 0.026 0.018 0.021 0.031 0.047 0.012 0.142 0.102 0.036 0.025 0.03 0.023 0.061 0.087 0.006 0.018 0.11
186 T 0.072 0.035 0.043 0.037 0.017 0.027 0.039 0.043 0.014 0.052 0.064 0.045 0.019 0.023 0.027 0.091 0.261 0.006 0.017 0.07
187 L 0.051 0.031 0.02 0.02 0.016 0.028 0.028 0.028 0.016 0.098 0.193 0.035 0.177 0.047 0.016 0.035 0.039 0.008 0.024 0.091
188 G 0.083 0.026 0.041 0.036 0.012 0.021 0.03 0.429 0.014 0.021 0.03 0.037 0.01 0.017 0.021 0.087 0.039 0.005 0.012 0.027
189 L 0.046 0.021 0.015 0.015 0.11 0.014 0.019 0.024 0.011 0.089 0.268 0.023 0.037 0.116 0.014 0.027 0.032 0.008 0.033 0.079
190 L 0.044 0.024 0.014 0.015 0.016 0.016 0.02 0.021 0.01 0.113 0.388 0.025 0.049 0.054 0.014 0.024 0.033 0.007 0.022 0.094
191 G 0.083 0.026 0.041 0.036 0.012 0.021 0.03 0.429 0.014 0.021 0.03 0.037 0.01 0.017 0.021 0.087 0.039 0.005 0.012 0.027
192 Y 0.039 0.025 0.019 0.017 0.011 0.018 0.024 0.024 0.033 0.061 0.14 0.027 0.026 0.167 0.014 0.028 0.028 0.021 0.22 0.057
193 I 0.044 0.018 0.015 0.017 0.015 0.013 0.018 0.021 0.01 0.241 0.154 0.022 0.034 0.114 0.014 0.025 0.036 0.008 0.034 0.149
194 L 0.054 0.027 0.024 0.023 0.014 0.019 0.027 0.031 0.02 0.072 0.199 0.03 0.031 0.131 0.017 0.068 0.04 0.013 0.096 0.066
195 L 0.049 0.025 0.021 0.021 0.015 0.019 0.024 0.027 0.013 0.122 0.184 0.029 0.061 0.113 0.016 0.04 0.079 0.009 0.034 0.096
196 Y 0.043 0.039 0.023 0.022 0.011 0.024 0.032 0.027 0.027 0.092 0.091 0.079 0.023 0.143 0.016 0.033 0.032 0.016 0.157 0.07
197 W 0.032 0.027 0.022 0.019 0.007 0.019 0.028 0.031 0.085 0.028 0.049 0.027 0.015 0.054 0.01 0.026 0.023 0.403 0.065 0.028
198 L 0.055 0.019 0.019 0.02 0.11 0.014 0.019 0.123 0.01 0.149 0.162 0.025 0.029 0.035 0.015 0.033 0.035 0.006 0.017 0.104
199 A 0.122 0.027 0.027 0.028 0.016 0.02 0.032 0.047 0.015 0.104 0.094 0.035 0.023 0.12 0.021 0.091 0.049 0.008 0.036 0.084
200 N 0.053 0.055 0.157 0.066 0.01 0.042 0.103 0.049 0.024 0.029 0.041 0.103 0.014 0.018 0.024 0.067 0.087 0.005 0.016 0.037
201 N 0.042 0.103 0.21 0.059 0.009 0.034 0.045 0.05 0.032 0.026 0.041 0.061 0.013 0.04 0.019 0.056 0.041 0.009 0.079 0.031
202 S 0.129 0.05 0.043 0.04 0.016 0.034 0.05 0.058 0.017 0.036 0.049 0.097 0.016 0.02 0.028 0.139 0.102 0.005 0.017 0.05
203 N 0.061 0.067 0.159 0.058 0.01 0.041 0.057 0.056 0.024 0.025 0.038 0.149 0.014 0.017 0.025 0.095 0.051 0.005 0.016 0.032
204 L 0.05 0.027 0.083 0.034 0.015 0.02 0.028 0.034 0.014 0.152 0.162 0.034 0.03 0.036 0.018 0.046 0.084 0.006 0.019 0.107
205 S 0.081 0.041 0.164 0.061 0.014 0.033 0.05 0.065 0.024 0.026 0.037 0.053 0.014 0.019 0.025 0.168 0.068 0.005 0.016 0.035
206 I 0.076 0.03 0.035 0.033 0.017 0.024 0.035 0.043 0.014 0.136 0.095 0.039 0.024 0.03 0.023 0.122 0.1 0.006 0.018 0.1
207 F 0.053 0.022 0.023 0.023 0.014 0.016 0.025 0.031 0.014 0.145 0.119 0.027 0.027 0.181 0.016 0.067 0.042 0.01 0.046 0.099
208 L 0.056 0.028 0.023 0.022 0.015 0.02 0.028 0.03 0.019 0.082 0.254 0.032 0.036 0.062 0.017 0.067 0.041 0.011 0.083 0.074
209 R 0.046 0.12 0.094 0.043 0.009 0.075 0.058 0.041 0.024 0.032 0.055 0.114 0.017 0.093 0.02 0.049 0.037 0.008 0.031 0.036
210 L 0.041 0.022 0.016 0.016 0.013 0.015 0.021 0.022 0.018 0.123 0.224 0.024 0.035 0.136 0.014 0.026 0.031 0.013 0.096 0.092
211 I 0.043 0.019 0.015 0.017 0.015 0.013 0.018 0.021 0.01 0.206 0.199 0.023 0.036 0.117 0.014 0.024 0.035 0.008 0.034 0.134
212 I 0.043 0.019 0.015 0.017 0.015 0.013 0.018 0.021 0.01 0.206 0.199 0.023 0.036 0.117 0.014 0.024 0.035 0.008 0.034 0.134
213 F 0.033 0.019 0.017 0.017 0.01 0.01 0.019 0.025 0.017 0.062 0.112 0.019 0.025 0.399 0.01 0.025 0.025 0.017 0.087 0.054
214 F 0.05 0.024 0.023 0.023 0.013 0.016 0.025 0.032 0.016 0.066 0.153 0.027 0.028 0.254 0.015 0.067 0.038 0.012 0.06 0.059
215 I 0.051 0.021 0.02 0.021 0.016 0.016 0.022 0.025 0.01 0.239 0.144 0.027 0.033 0.039 0.017 0.038 0.083 0.006 0.02 0.153
216 C 0.112 0.019 0.018 0.019 0.399 0.015 0.021 0.041 0.009 0.044 0.063 0.025 0.016 0.02 0.019 0.049 0.038 0.004 0.013 0.058
217 F 0.036 0.018 0.016 0.017 0.011 0.011 0.018 0.024 0.015 0.107 0.122 0.02 0.027 0.328 0.011 0.025 0.028 0.014 0.074 0.078
218 I 0.041 0.018 0.015 0.017 0.014 0.012 0.018 0.022 0.012 0.196 0.144 0.021 0.032 0.186 0.013 0.025 0.033 0.01 0.047 0.126
219 A 0.265 0.032 0.031 0.033 0.02 0.027 0.042 0.074 0.015 0.04 0.055 0.046 0.017 0.021 0.029 0.114 0.055 0.005 0.017 0.062
220 S 0.108 0.039 0.053 0.048 0.017 0.033 0.051 0.065 0.019 0.029 0.041 0.053 0.015 0.02 0.029 0.235 0.08 0.005 0.017 0.041
221 L 0.044 0.024 0.014 0.015 0.016 0.016 0.02 0.021 0.01 0.113 0.388 0.025 0.049 0.054 0.014 0.024 0.033 0.007 0.022 0.094
222 S 0.108 0.039 0.053 0.048 0.017 0.033 0.051 0.065 0.019 0.029 0.041 0.053 0.015 0.02 0.029 0.235 0.08 0.005 0.017 0.041
223 A 0.304 0.03 0.025 0.029 0.021 0.025 0.04 0.077 0.015 0.042 0.058 0.044 0.017 0.021 0.029 0.083 0.049 0.005 0.017 0.067
224 G 0.077 0.022 0.038 0.033 0.011 0.019 0.025 0.52 0.013 0.019 0.028 0.033 0.009 0.016 0.019 0.05 0.029 0.005 0.011 0.024
225 R 0.044 0.358 0.038 0.03 0.008 0.047 0.051 0.032 0.023 0.023 0.046 0.118 0.015 0.017 0.019 0.044 0.034 0.006 0.017 0.03
226 T 0.072 0.035 0.043 0.037 0.017 0.027 0.039 0.043 0.014 0.052 0.064 0.045 0.019 0.023 0.027 0.091 0.261 0.006 0.017 0.07
227 A 0.226 0.034 0.036 0.037 0.02 0.028 0.044 0.072 0.016 0.037 0.051 0.047 0.016 0.021 0.029 0.144 0.062 0.005 0.017 0.057
228 I 0.041 0.018 0.015 0.017 0.014 0.012 0.018 0.022 0.012 0.196 0.144 0.021 0.032 0.186 0.013 0.025 0.033 0.01 0.047 0.126
229 L 0.044 0.024 0.014 0.015 0.016 0.016 0.02 0.021 0.01 0.113 0.388 0.025 0.049 0.054 0.014 0.024 0.033 0.007 0.022 0.094
230 G 0.077 0.022 0.038 0.033 0.011 0.019 0.025 0.52 0.013 0.019 0.028 0.033 0.009 0.016 0.019 0.05 0.029 0.005 0.011 0.024
231 F 0.036 0.022 0.018 0.017 0.01 0.015 0.022 0.025 0.028 0.054 0.094 0.023 0.022 0.291 0.012 0.027 0.026 0.021 0.185 0.051
232 F 0.043 0.019 0.016 0.017 0.013 0.012 0.019 0.024 0.013 0.127 0.126 0.021 0.028 0.255 0.012 0.026 0.032 0.012 0.06 0.124
233 L 0.048 0.022 0.014 0.015 0.111 0.015 0.019 0.023 0.01 0.099 0.323 0.024 0.042 0.047 0.014 0.027 0.033 0.006 0.02 0.087
234 G 0.077 0.022 0.038 0.033 0.011 0.019 0.025 0.52 0.013 0.019 0.028 0.033 0.009 0.016 0.019 0.05 0.029 0.005 0.011 0.024
235 L 0.055 0.025 0.022 0.022 0.015 0.018 0.025 0.03 0.013 0.121 0.219 0.029 0.035 0.114 0.016 0.066 0.042 0.008 0.034 0.091
236 I 0.05 0.019 0.015 0.017 0.016 0.014 0.019 0.021 0.009 0.226 0.202 0.024 0.038 0.044 0.015 0.026 0.04 0.006 0.021 0.179
237 F 0.036 0.018 0.016 0.017 0.011 0.011 0.018 0.024 0.015 0.107 0.122 0.02 0.027 0.328 0.011 0.025 0.028 0.014 0.074 0.078
238 F 0.097 0.023 0.018 0.019 0.015 0.016 0.024 0.034 0.013 0.088 0.16 0.026 0.029 0.182 0.016 0.038 0.036 0.01 0.047 0.111
239 Y 0.046 0.026 0.023 0.021 0.012 0.019 0.026 0.027 0.026 0.063 0.14 0.03 0.026 0.146 0.016 0.04 0.075 0.017 0.158 0.062
240 L 0.058 0.028 0.025 0.026 0.014 0.021 0.031 0.035 0.015 0.066 0.154 0.034 0.055 0.107 0.115 0.072 0.043 0.008 0.032 0.062
241 Y 0.044 0.096 0.087 0.036 0.009 0.029 0.038 0.036 0.032 0.031 0.049 0.054 0.015 0.061 0.115 0.043 0.035 0.014 0.141 0.036
242 K 0.066 0.126 0.038 0.035 0.012 0.04 0.053 0.041 0.018 0.053 0.06 0.156 0.018 0.021 0.024 0.083 0.048 0.005 0.018 0.084
243 L 0.055 0.023 0.022 0.023 0.015 0.017 0.025 0.03 0.013 0.155 0.174 0.029 0.032 0.112 0.016 0.067 0.043 0.008 0.033 0.107
244 K 0.059 0.062 0.096 0.045 0.011 0.036 0.051 0.048 0.021 0.033 0.054 0.142 0.016 0.093 0.023 0.087 0.046 0.007 0.031 0.037
245 L 0.047 0.037 0.019 0.021 0.014 0.022 0.029 0.025 0.011 0.165 0.229 0.078 0.037 0.042 0.017 0.03 0.036 0.006 0.02 0.113
246 K 0.077 0.079 0.046 0.044 0.012 0.044 0.062 0.051 0.02 0.028 0.042 0.197 0.015 0.017 0.028 0.126 0.056 0.005 0.017 0.036
247 T 0.068 0.034 0.097 0.044 0.015 0.027 0.039 0.047 0.017 0.088 0.073 0.044 0.02 0.026 0.023 0.102 0.138 0.005 0.018 0.076
248 L 0.055 0.027 0.025 0.024 0.017 0.02 0.027 0.029 0.011 0.123 0.214 0.032 0.034 0.039 0.019 0.051 0.125 0.006 0.02 0.1
249 L 0.045 0.036 0.02 0.021 0.013 0.021 0.029 0.026 0.013 0.155 0.174 0.076 0.032 0.111 0.016 0.03 0.035 0.008 0.033 0.105
250 K 0.051 0.072 0.107 0.046 0.01 0.042 0.054 0.044 0.022 0.044 0.078 0.167 0.054 0.024 0.023 0.052 0.042 0.006 0.018 0.046
251 V 0.083 0.032 0.038 0.034 0.018 0.026 0.038 0.044 0.014 0.082 0.078 0.041 0.022 0.027 0.024 0.117 0.128 0.005 0.018 0.129
252 L 0.044 0.024 0.014 0.015 0.016 0.016 0.02 0.021 0.01 0.114 0.382 0.025 0.049 0.054 0.014 0.024 0.033 0.007 0.022 0.095
253 K 0.052 0.079 0.032 0.032 0.011 0.041 0.053 0.036 0.017 0.056 0.156 0.199 0.027 0.028 0.023 0.043 0.037 0.006 0.019 0.053
254 L 0.045 0.042 0.101 0.04 0.011 0.074 0.049 0.038 0.029 0.051 0.132 0.05 0.025 0.054 0.018 0.045 0.037 0.011 0.096 0.051
255 L 0.064 0.029 0.029 0.027 0.017 0.022 0.03 0.033 0.011 0.095 0.16 0.035 0.03 0.034 0.021 0.06 0.149 0.006 0.019 0.129
256 L 0.05 0.02 0.015 0.016 0.135 0.014 0.018 0.024 0.009 0.138 0.25 0.023 0.038 0.043 0.015 0.028 0.035 0.006 0.019 0.105
257 I 0.048 0.022 0.018 0.018 0.014 0.017 0.022 0.023 0.023 0.163 0.118 0.027 0.028 0.076 0.015 0.028 0.036 0.014 0.145 0.144
258 I 0.1 0.024 0.023 0.023 0.016 0.018 0.026 0.037 0.012 0.145 0.113 0.031 0.027 0.106 0.019 0.05 0.083 0.008 0.032 0.107
259 L 0.045 0.021 0.014 0.016 0.016 0.015 0.019 0.021 0.009 0.182 0.298 0.024 0.044 0.05 0.014 0.024 0.035 0.006 0.021 0.126
260 V 0.055 0.02 0.015 0.017 0.017 0.015 0.02 0.022 0.009 0.201 0.194 0.024 0.037 0.042 0.015 0.027 0.042 0.006 0.021 0.201
261 L 0.045 0.021 0.014 0.016 0.016 0.015 0.019 0.021 0.009 0.182 0.298 0.024 0.044 0.05 0.014 0.024 0.035 0.006 0.021 0.126
262 L 0.074 0.027 0.03 0.029 0.112 0.021 0.031 0.041 0.013 0.1 0.14 0.035 0.026 0.032 0.021 0.112 0.054 0.005 0.018 0.081
263 P 0.055 0.024 0.023 0.024 0.109 0.019 0.027 0.031 0.018 0.09 0.079 0.032 0.02 0.045 0.115 0.046 0.08 0.009 0.079 0.075
264 L 0.044 0.024 0.014 0.015 0.016 0.016 0.02 0.021 0.01 0.113 0.388 0.025 0.049 0.054 0.014 0.024 0.033 0.007 0.022 0.094
265 L 0.043 0.02 0.015 0.016 0.015 0.014 0.019 0.021 0.011 0.172 0.243 0.023 0.039 0.119 0.013 0.024 0.034 0.008 0.034 0.118
266 Y 0.042 0.024 0.019 0.018 0.012 0.019 0.024 0.024 0.027 0.106 0.121 0.028 0.055 0.149 0.014 0.029 0.032 0.017 0.159 0.082
267 I 0.045 0.019 0.016 0.018 0.015 0.015 0.019 0.021 0.016 0.237 0.145 0.025 0.033 0.06 0.015 0.026 0.037 0.01 0.082 0.148
268 V 0.07 0.022 0.016 0.018 0.019 0.016 0.023 0.025 0.008 0.165 0.13 0.026 0.032 0.036 0.016 0.033 0.049 0.006 0.021 0.269
269 F 0.034 0.019 0.017 0.017 0.011 0.011 0.019 0.025 0.017 0.063 0.114 0.019 0.025 0.387 0.011 0.025 0.025 0.017 0.089 0.055
270 I 0.047 0.018 0.015 0.018 0.016 0.013 0.018 0.021 0.009 0.271 0.168 0.024 0.037 0.044 0.015 0.025 0.04 0.006 0.021 0.177
271 Y 0.04 0.028 0.022 0.019 0.009 0.022 0.028 0.025 0.047 0.044 0.068 0.031 0.019 0.131 0.016 0.031 0.028 0.028 0.318 0.047
272 L 0.049 0.022 0.014 0.016 0.016 0.015 0.02 0.021 0.009 0.157 0.291 0.025 0.043 0.048 0.014 0.026 0.037 0.006 0.021 0.148
273 L 0.043 0.023 0.016 0.016 0.015 0.016 0.021 0.021 0.017 0.133 0.279 0.026 0.04 0.066 0.014 0.025 0.033 0.011 0.083 0.1
274 I 0.047 0.026 0.03 0.11 0.012 0.026 0.09 0.028 0.014 0.18 0.111 0.037 0.026 0.032 0.018 0.036 0.038 0.005 0.018 0.115
275 N 0.068 0.039 0.167 0.134 0.012 0.032 0.058 0.061 0.024 0.025 0.034 0.051 0.012 0.018 0.024 0.132 0.058 0.005 0.015 0.032
276 N 0.044 0.033 0.204 0.056 0.012 0.025 0.036 0.046 0.022 0.127 0.084 0.041 0.021 0.028 0.018 0.051 0.045 0.005 0.017 0.085
277 P 0.063 0.048 0.034 0.044 0.012 0.037 0.097 0.04 0.017 0.043 0.109 0.097 0.02 0.024 0.12 0.082 0.045 0.005 0.017 0.046
278 E 0.06 0.038 0.034 0.052 0.011 0.039 0.144 0.036 0.025 0.046 0.114 0.051 0.022 0.047 0.022 0.08 0.043 0.01 0.081 0.049
279 L 0.04 0.02 0.015 0.016 0.014 0.013 0.019 0.022 0.012 0.127 0.233 0.022 0.037 0.19 0.013 0.024 0.031 0.011 0.048 0.094
280 R 0.055 0.165 0.096 0.042 0.01 0.036 0.046 0.044 0.028 0.028 0.046 0.074 0.015 0.04 0.02 0.084 0.045 0.01 0.08 0.035
281 T 0.111 0.051 0.038 0.046 0.014 0.039 0.099 0.048 0.017 0.039 0.053 0.1 0.017 0.02 0.027 0.074 0.129 0.005 0.017 0.054
282 I 0.056 0.024 0.026 0.025 0.017 0.019 0.026 0.029 0.011 0.192 0.124 0.032 0.029 0.035 0.019 0.051 0.128 0.006 0.019 0.132
283 F 0.093 0.02 0.017 0.019 0.015 0.014 0.022 0.033 0.013 0.147 0.122 0.025 0.028 0.181 0.016 0.036 0.035 0.01 0.046 0.104
284 E 0.049 0.044 0.103 0.151 0.008 0.05 0.214 0.043 0.025 0.022 0.033 0.064 0.012 0.016 0.024 0.056 0.038 0.005 0.015 0.028
285 K 0.05 0.129 0.094 0.043 0.01 0.043 0.053 0.042 0.022 0.039 0.071 0.158 0.047 0.022 0.022 0.05 0.04 0.006 0.018 0.042
286 Y 0.04 0.027 0.021 0.018 0.009 0.021 0.027 0.024 0.046 0.043 0.067 0.031 0.018 0.128 0.015 0.031 0.027 0.027 0.331 0.046
287 S 0.095 0.035 0.045 0.042 0.017 0.029 0.045 0.056 0.017 0.08 0.066 0.047 0.02 0.025 0.026 0.193 0.072 0.005 0.018 0.068
288 A 0.147 0.094 0.034 0.103 0.015 0.029 0.048 0.05 0.016 0.049 0.115 0.055 0.021 0.026 0.023 0.057 0.04 0.005 0.017 0.057
289 Y 0.04 0.027 0.021 0.018 0.009 0.021 0.027 0.024 0.046 0.043 0.067 0.031 0.018 0.128 0.015 0.031 0.027 0.027 0.331 0.046
290 A 0.21 0.027 0.022 0.024 0.02 0.022 0.033 0.056 0.012 0.09 0.086 0.036 0.023 0.027 0.024 0.063 0.049 0.005 0.018 0.154
291 F 0.033 0.019 0.017 0.017 0.01 0.01 0.019 0.025 0.017 0.062 0.112 0.019 0.025 0.399 0.01 0.025 0.025 0.017 0.087 0.054
292 Q 0.055 0.072 0.043 0.046 0.009 0.23 0.101 0.04 0.029 0.026 0.046 0.089 0.02 0.014 0.023 0.055 0.04 0.006 0.02 0.035
293 P 0.066 0.028 0.029 0.034 0.012 0.023 0.039 0.041 0.014 0.026 0.037 0.043 0.011 0.014 0.409 0.081 0.044 0.003 0.014 0.033
294 I 0.046 0.017 0.014 0.017 0.016 0.013 0.017 0.02 0.009 0.285 0.165 0.023 0.036 0.043 0.014 0.025 0.039 0.006 0.02 0.173
295 L 0.044 0.026 0.018 0.018 0.013 0.02 0.024 0.023 0.025 0.116 0.176 0.029 0.06 0.08 0.015 0.029 0.033 0.015 0.146 0.09
296 N 0.045 0.056 0.217 0.065 0.008 0.038 0.053 0.054 0.096 0.023 0.034 0.099 0.013 0.02 0.021 0.06 0.042 0.005 0.024 0.027
297 F 0.036 0.022 0.018 0.017 0.01 0.015 0.022 0.025 0.028 0.054 0.094 0.023 0.022 0.291 0.012 0.027 0.026 0.021 0.185 0.051
298 L 0.042 0.021 0.015 0.016 0.015 0.014 0.019 0.022 0.011 0.137 0.288 0.023 0.041 0.121 0.013 0.024 0.032 0.009 0.035 0.102
299 D 0.046 0.04 0.109 0.215 0.008 0.044 0.17 0.045 0.024 0.022 0.032 0.058 0.011 0.016 0.023 0.056 0.038 0.004 0.014 0.027
300 T 0.059 0.035 0.04 0.033 0.014 0.028 0.039 0.038 0.091 0.044 0.059 0.042 0.018 0.046 0.023 0.069 0.167 0.01 0.088 0.055
301 G 0.083 0.026 0.041 0.036 0.012 0.021 0.03 0.429 0.014 0.021 0.03 0.037 0.01 0.017 0.021 0.087 0.039 0.005 0.012 0.027
302 S 0.108 0.039 0.053 0.048 0.017 0.033 0.051 0.065 0.019 0.029 0.041 0.053 0.015 0.02 0.029 0.235 0.08 0.005 0.017 0.041
303 F 0.035 0.02 0.016 0.016 0.011 0.011 0.019 0.024 0.015 0.072 0.167 0.02 0.03 0.33 0.011 0.025 0.026 0.015 0.074 0.062
304 S 0.087 0.059 0.049 0.046 0.014 0.076 0.065 0.056 0.021 0.028 0.042 0.108 0.016 0.018 0.027 0.163 0.064 0.005 0.018 0.038
305 V 0.069 0.021 0.016 0.017 0.019 0.016 0.023 0.024 0.008 0.161 0.128 0.026 0.031 0.035 0.016 0.032 0.048 0.005 0.02 0.283
306 S 0.101 0.038 0.051 0.046 0.017 0.031 0.049 0.061 0.018 0.034 0.046 0.051 0.016 0.021 0.029 0.206 0.117 0.005 0.017 0.047
307 S 0.108 0.039 0.053 0.048 0.017 0.033 0.051 0.065 0.019 0.029 0.041 0.053 0.015 0.02 0.029 0.235 0.08 0.005 0.017 0.041
308 L 0.055 0.028 0.025 0.024 0.017 0.02 0.027 0.03 0.011 0.089 0.258 0.033 0.037 0.041 0.019 0.051 0.124 0.006 0.02 0.084
309 E 0.052 0.059 0.098 0.077 0.008 0.055 0.21 0.042 0.025 0.023 0.036 0.113 0.013 0.016 0.025 0.057 0.039 0.005 0.016 0.03
310 K 0.077 0.079 0.046 0.044 0.012 0.044 0.062 0.051 0.02 0.028 0.042 0.197 0.015 0.017 0.028 0.126 0.056 0.005 0.017 0.036
311 L 0.044 0.024 0.014 0.015 0.016 0.016 0.02 0.021 0.01 0.113 0.388 0.025 0.049 0.054 0.014 0.024 0.033 0.007 0.022 0.094
312 E 0.065 0.056 0.044 0.063 0.01 0.124 0.175 0.043 0.025 0.025 0.041 0.076 0.016 0.016 0.025 0.091 0.047 0.005 0.018 0.034
313 N 0.075 0.038 0.161 0.058 0.013 0.03 0.045 0.156 0.023 0.024 0.034 0.049 0.012 0.018 0.023 0.131 0.057 0.005 0.015 0.032
314 L 0.051 0.031 0.02 0.02 0.016 0.028 0.028 0.028 0.016 0.098 0.193 0.035 0.177 0.047 0.016 0.035 0.039 0.008 0.024 0.091
315 Y 0.04 0.027 0.021 0.018 0.009 0.021 0.027 0.024 0.046 0.043 0.067 0.031 0.018 0.128 0.015 0.031 0.027 0.027 0.331 0.046
316 F 0.033 0.019 0.017 0.017 0.01 0.01 0.019 0.025 0.017 0.062 0.112 0.019 0.025 0.399 0.01 0.025 0.025 0.017 0.087 0.054
317 L 0.04 0.024 0.016 0.016 0.013 0.017 0.022 0.025 0.013 0.083 0.226 0.025 0.063 0.123 0.012 0.026 0.03 0.108 0.044 0.073
318 P 0.056 0.025 0.023 0.03 0.01 0.02 0.035 0.035 0.013 0.025 0.035 0.04 0.01 0.013 0.503 0.043 0.035 0.003 0.013 0.03
319 N 0.06 0.04 0.155 0.066 0.01 0.036 0.099 0.053 0.024 0.024 0.035 0.055 0.012 0.017 0.119 0.094 0.05 0.004 0.015 0.031
320 D 0.041 0.033 0.133 0.325 0.008 0.03 0.08 0.05 0.022 0.022 0.028 0.046 0.01 0.015 0.022 0.056 0.038 0.004 0.012 0.025
