#Seq2Logo.py -f /work3/idamei/ssn-clusterings/clustering/2205171701/clusters/0017_142/sequences.afa -o /work3/idamei/ssn-clusterings/clustering/2205171701/clusters/0017_142/sequences.logo
#Position Specific Frequency Matrix
A R N D C Q E G H I L K M F P S T W Y V
0 M 0.05 0.031 0.019 0.019 0.016 0.027 0.027 0.027 0.016 0.097 0.19 0.035 0.191 0.046 0.016 0.035 0.039 0.008 0.023 0.089
1 I 0.059 0.036 0.028 0.028 0.015 0.024 0.033 0.034 0.013 0.154 0.106 0.072 0.026 0.065 0.02 0.071 0.078 0.006 0.025 0.104
2 I 0.046 0.142 0.024 0.023 0.013 0.026 0.03 0.025 0.014 0.181 0.121 0.059 0.029 0.034 0.016 0.032 0.038 0.006 0.019 0.121
3 R 0.04 0.226 0.03 0.026 0.009 0.034 0.04 0.03 0.021 0.038 0.071 0.082 0.019 0.158 0.016 0.037 0.031 0.01 0.044 0.04
4 V 0.064 0.041 0.027 0.029 0.015 0.093 0.053 0.031 0.016 0.112 0.098 0.05 0.027 0.028 0.019 0.041 0.046 0.006 0.02 0.185
5 H 0.042 0.045 0.154 0.055 0.008 0.036 0.052 0.048 0.237 0.023 0.035 0.048 0.014 0.026 0.019 0.052 0.035 0.006 0.041 0.024
6 W 0.048 0.023 0.024 0.022 0.009 0.016 0.024 0.211 0.014 0.026 0.043 0.027 0.013 0.044 0.012 0.033 0.025 0.312 0.046 0.028
7 P 0.062 0.029 0.031 0.033 0.013 0.023 0.037 0.039 0.013 0.036 0.047 0.043 0.014 0.017 0.321 0.062 0.117 0.004 0.015 0.046
8 V 0.059 0.114 0.022 0.021 0.015 0.025 0.031 0.026 0.013 0.117 0.141 0.052 0.029 0.033 0.017 0.035 0.043 0.006 0.02 0.183
9 K 0.052 0.137 0.04 0.036 0.009 0.044 0.056 0.038 0.079 0.027 0.044 0.18 0.015 0.029 0.023 0.058 0.037 0.008 0.057 0.032
10 I 0.047 0.019 0.014 0.017 0.016 0.014 0.018 0.021 0.009 0.232 0.205 0.023 0.037 0.063 0.014 0.025 0.037 0.006 0.024 0.161
11 S 0.068 0.085 0.11 0.05 0.012 0.068 0.058 0.052 0.023 0.028 0.042 0.09 0.015 0.018 0.024 0.12 0.077 0.005 0.017 0.037
12 K 0.055 0.096 0.036 0.035 0.01 0.043 0.056 0.038 0.018 0.066 0.065 0.221 0.025 0.021 0.024 0.051 0.063 0.005 0.017 0.055
13 R 0.061 0.169 0.058 0.041 0.01 0.065 0.061 0.044 0.022 0.025 0.042 0.155 0.015 0.017 0.024 0.091 0.046 0.005 0.017 0.033
14 G 0.06 0.072 0.066 0.036 0.011 0.028 0.038 0.147 0.019 0.036 0.05 0.072 0.015 0.049 0.019 0.07 0.063 0.06 0.041 0.049
15 L 0.132 0.023 0.018 0.02 0.017 0.017 0.025 0.038 0.011 0.152 0.157 0.029 0.03 0.059 0.019 0.043 0.041 0.006 0.023 0.138
16 I 0.048 0.031 0.02 0.026 0.013 0.023 0.055 0.025 0.012 0.186 0.136 0.058 0.029 0.038 0.016 0.031 0.037 0.058 0.024 0.135
17 L 0.104 0.024 0.017 0.018 0.115 0.019 0.024 0.035 0.011 0.08 0.222 0.029 0.065 0.038 0.017 0.04 0.037 0.006 0.019 0.079
18 F 0.032 0.018 0.016 0.016 0.01 0.01 0.018 0.024 0.016 0.061 0.109 0.018 0.024 0.413 0.01 0.024 0.024 0.016 0.085 0.053
19 L 0.045 0.019 0.014 0.016 0.064 0.013 0.018 0.022 0.01 0.175 0.242 0.022 0.037 0.081 0.014 0.025 0.034 0.007 0.026 0.115
20 L 0.126 0.025 0.017 0.019 0.017 0.018 0.025 0.037 0.011 0.09 0.299 0.03 0.038 0.043 0.018 0.041 0.037 0.006 0.02 0.084
21 L 0.046 0.025 0.017 0.017 0.016 0.018 0.022 0.023 0.011 0.103 0.347 0.027 0.06 0.049 0.015 0.031 0.057 0.007 0.021 0.089
22 L 0.045 0.022 0.015 0.016 0.015 0.017 0.02 0.021 0.01 0.184 0.263 0.026 0.072 0.047 0.014 0.026 0.036 0.007 0.021 0.122
23 P 0.056 0.024 0.023 0.026 0.061 0.019 0.03 0.033 0.015 0.071 0.061 0.035 0.016 0.03 0.291 0.051 0.049 0.006 0.047 0.057
24 F 0.046 0.021 0.017 0.017 0.014 0.015 0.021 0.024 0.016 0.116 0.123 0.023 0.044 0.197 0.013 0.028 0.034 0.012 0.079 0.141
25 F 0.035 0.018 0.016 0.016 0.06 0.01 0.018 0.025 0.015 0.059 0.105 0.018 0.023 0.374 0.011 0.026 0.025 0.015 0.078 0.053
26 L 0.055 0.05 0.032 0.04 0.06 0.099 0.097 0.035 0.02 0.049 0.109 0.082 0.056 0.025 0.021 0.055 0.039 0.006 0.019 0.052
27 P 0.054 0.025 0.022 0.03 0.01 0.02 0.035 0.035 0.012 0.025 0.035 0.04 0.01 0.012 0.515 0.042 0.035 0.002 0.012 0.03
28 I 0.059 0.032 0.03 0.034 0.014 0.047 0.065 0.033 0.014 0.137 0.124 0.042 0.026 0.031 0.02 0.069 0.102 0.006 0.019 0.096
29 Y 0.082 0.027 0.026 0.024 0.061 0.021 0.031 0.038 0.03 0.041 0.064 0.033 0.018 0.112 0.019 0.08 0.04 0.017 0.188 0.048
30 L 0.047 0.021 0.015 0.016 0.015 0.015 0.02 0.022 0.011 0.147 0.218 0.024 0.052 0.118 0.014 0.026 0.035 0.008 0.034 0.141
31 D 0.06 0.047 0.052 0.198 0.01 0.037 0.095 0.046 0.019 0.029 0.053 0.1 0.014 0.018 0.024 0.1 0.046 0.005 0.014 0.033
32 Y 0.055 0.026 0.026 0.024 0.013 0.02 0.028 0.031 0.023 0.1 0.09 0.032 0.023 0.104 0.018 0.063 0.078 0.014 0.135 0.098
33 L 0.041 0.019 0.015 0.016 0.014 0.013 0.018 0.021 0.011 0.172 0.218 0.022 0.036 0.157 0.013 0.024 0.032 0.009 0.04 0.111
34 P 0.063 0.028 0.032 0.032 0.013 0.022 0.035 0.087 0.013 0.035 0.045 0.04 0.013 0.017 0.27 0.061 0.132 0.004 0.014 0.044
35 L 0.094 0.026 0.024 0.023 0.015 0.02 0.028 0.035 0.034 0.095 0.12 0.032 0.025 0.098 0.019 0.049 0.085 0.009 0.063 0.106
36 V 0.088 0.03 0.034 0.034 0.016 0.025 0.049 0.092 0.014 0.088 0.08 0.04 0.031 0.026 0.022 0.111 0.085 0.005 0.017 0.111
37 G 0.064 0.027 0.063 0.033 0.013 0.021 0.03 0.187 0.018 0.067 0.108 0.035 0.02 0.056 0.018 0.082 0.041 0.008 0.052 0.055
38 H 0.045 0.084 0.035 0.03 0.01 0.034 0.045 0.033 0.126 0.053 0.102 0.111 0.021 0.031 0.019 0.04 0.043 0.057 0.034 0.046
39 L 0.043 0.02 0.017 0.017 0.013 0.013 0.019 0.073 0.012 0.112 0.197 0.022 0.032 0.191 0.013 0.027 0.03 0.01 0.045 0.091
40 Y 0.039 0.028 0.053 0.024 0.009 0.022 0.029 0.028 0.043 0.04 0.062 0.032 0.017 0.114 0.015 0.034 0.029 0.025 0.314 0.043
41 R 0.051 0.183 0.132 0.049 0.009 0.061 0.056 0.046 0.025 0.023 0.039 0.106 0.014 0.017 0.021 0.073 0.043 0.005 0.016 0.03
42 L 0.044 0.021 0.02 0.057 0.014 0.016 0.026 0.049 0.011 0.15 0.244 0.025 0.036 0.08 0.014 0.028 0.033 0.007 0.026 0.101
43 L 0.092 0.024 0.02 0.021 0.016 0.018 0.025 0.083 0.012 0.086 0.227 0.029 0.041 0.076 0.017 0.048 0.037 0.007 0.026 0.095
44 K 0.062 0.084 0.035 0.033 0.013 0.055 0.049 0.038 0.017 0.058 0.084 0.105 0.054 0.025 0.022 0.073 0.091 0.006 0.019 0.078
45 Y 0.043 0.026 0.019 0.018 0.012 0.02 0.025 0.024 0.04 0.083 0.15 0.028 0.043 0.08 0.014 0.029 0.031 0.066 0.164 0.087
46 L 0.079 0.022 0.016 0.018 0.016 0.017 0.023 0.028 0.011 0.142 0.184 0.027 0.049 0.077 0.016 0.033 0.04 0.007 0.027 0.17
47 V 0.101 0.028 0.031 0.03 0.017 0.022 0.033 0.092 0.013 0.079 0.105 0.037 0.023 0.028 0.022 0.101 0.086 0.005 0.017 0.128
48 F 0.088 0.023 0.025 0.062 0.013 0.018 0.032 0.036 0.016 0.112 0.091 0.031 0.022 0.114 0.067 0.049 0.037 0.009 0.063 0.089
49 L 0.117 0.024 0.02 0.021 0.016 0.018 0.025 0.086 0.012 0.118 0.166 0.03 0.045 0.073 0.018 0.042 0.037 0.007 0.025 0.1
50 Y 0.047 0.025 0.021 0.02 0.012 0.018 0.026 0.028 0.026 0.064 0.125 0.028 0.024 0.131 0.015 0.05 0.034 0.067 0.165 0.077
51 I 0.051 0.019 0.015 0.017 0.016 0.014 0.019 0.021 0.008 0.23 0.186 0.024 0.036 0.041 0.015 0.026 0.04 0.006 0.02 0.197
52 L 0.101 0.026 0.026 0.026 0.065 0.02 0.029 0.04 0.013 0.105 0.135 0.033 0.029 0.069 0.02 0.085 0.064 0.007 0.024 0.083
53 L 0.048 0.019 0.017 0.018 0.063 0.013 0.019 0.073 0.011 0.144 0.186 0.023 0.031 0.114 0.014 0.028 0.033 0.008 0.031 0.107
54 R 0.064 0.108 0.037 0.038 0.036 0.035 0.071 0.089 0.022 0.03 0.046 0.085 0.015 0.034 0.022 0.09 0.066 0.008 0.065 0.039
55 F 0.066 0.024 0.018 0.018 0.012 0.017 0.024 0.028 0.026 0.061 0.145 0.026 0.026 0.187 0.015 0.032 0.029 0.017 0.17 0.059
56 I 0.048 0.018 0.015 0.017 0.016 0.013 0.018 0.021 0.009 0.23 0.173 0.023 0.034 0.079 0.014 0.025 0.038 0.007 0.026 0.176
57 K 0.052 0.081 0.062 0.034 0.011 0.031 0.042 0.037 0.021 0.077 0.087 0.111 0.021 0.073 0.02 0.064 0.052 0.008 0.057 0.061
58 K 0.058 0.073 0.067 0.038 0.012 0.045 0.049 0.041 0.018 0.048 0.117 0.127 0.022 0.025 0.023 0.075 0.09 0.005 0.018 0.051
59 K 0.054 0.159 0.039 0.037 0.008 0.066 0.062 0.088 0.021 0.024 0.041 0.211 0.015 0.015 0.023 0.049 0.036 0.005 0.016 0.03
60 K 0.051 0.165 0.039 0.038 0.008 0.08 0.068 0.039 0.022 0.025 0.043 0.227 0.016 0.015 0.024 0.049 0.037 0.005 0.017 0.031
61 R 0.107 0.124 0.064 0.035 0.013 0.033 0.043 0.047 0.019 0.04 0.067 0.086 0.034 0.061 0.022 0.074 0.054 0.007 0.024 0.048
62 P 0.048 0.023 0.018 0.023 0.012 0.017 0.027 0.028 0.012 0.082 0.165 0.031 0.025 0.067 0.264 0.033 0.033 0.005 0.023 0.065
63 S 0.09 0.041 0.052 0.043 0.015 0.031 0.048 0.056 0.018 0.031 0.047 0.068 0.016 0.058 0.051 0.2 0.067 0.006 0.023 0.04
64 L 0.064 0.038 0.024 0.024 0.014 0.023 0.032 0.032 0.013 0.132 0.16 0.083 0.029 0.091 0.018 0.055 0.039 0.007 0.029 0.091
65 I 0.078 0.027 0.021 0.023 0.014 0.039 0.032 0.032 0.013 0.131 0.115 0.033 0.026 0.072 0.041 0.046 0.04 0.057 0.03 0.129
66 T 0.066 0.032 0.033 0.033 0.016 0.036 0.051 0.036 0.013 0.092 0.08 0.042 0.022 0.026 0.047 0.073 0.162 0.005 0.018 0.118
67 L 0.06 0.024 0.05 0.024 0.013 0.017 0.024 0.08 0.013 0.106 0.176 0.028 0.028 0.041 0.014 0.034 0.034 0.107 0.028 0.097
68 L 0.071 0.023 0.015 0.017 0.016 0.016 0.021 0.026 0.01 0.139 0.294 0.026 0.048 0.065 0.015 0.03 0.035 0.007 0.024 0.103
69 L 0.108 0.024 0.02 0.022 0.017 0.018 0.026 0.036 0.012 0.129 0.178 0.03 0.031 0.074 0.018 0.059 0.043 0.007 0.026 0.124
70 L 0.101 0.021 0.016 0.019 0.016 0.016 0.022 0.032 0.011 0.173 0.18 0.027 0.032 0.076 0.017 0.036 0.038 0.007 0.026 0.135
71 L 0.064 0.02 0.02 0.02 0.063 0.015 0.021 0.078 0.012 0.125 0.148 0.025 0.028 0.129 0.015 0.043 0.035 0.008 0.034 0.097
72 L 0.051 0.027 0.021 0.02 0.014 0.022 0.025 0.1 0.019 0.079 0.179 0.031 0.095 0.058 0.015 0.033 0.034 0.011 0.085 0.081
73 E 0.05 0.05 0.068 0.071 0.008 0.092 0.223 0.037 0.028 0.024 0.04 0.069 0.014 0.027 0.023 0.052 0.036 0.007 0.05 0.032
74 L 0.116 0.026 0.026 0.026 0.016 0.02 0.03 0.092 0.013 0.09 0.142 0.034 0.026 0.069 0.02 0.084 0.045 0.007 0.024 0.094
75 W 0.033 0.021 0.014 0.015 0.01 0.014 0.021 0.026 0.013 0.082 0.12 0.022 0.023 0.055 0.009 0.022 0.026 0.362 0.052 0.059
76 I 0.053 0.022 0.02 0.02 0.016 0.016 0.022 0.025 0.01 0.192 0.184 0.027 0.034 0.039 0.017 0.038 0.086 0.006 0.02 0.153
77 L 0.047 0.024 0.017 0.017 0.015 0.016 0.021 0.023 0.01 0.104 0.311 0.026 0.041 0.084 0.015 0.031 0.057 0.007 0.027 0.107
78 L 0.048 0.022 0.018 0.019 0.015 0.015 0.021 0.025 0.011 0.15 0.235 0.025 0.036 0.118 0.015 0.047 0.037 0.008 0.033 0.102
79 L 0.102 0.027 0.025 0.025 0.016 0.02 0.03 0.04 0.013 0.098 0.179 0.033 0.029 0.073 0.019 0.091 0.047 0.007 0.026 0.1
80 T 0.07 0.034 0.042 0.036 0.017 0.026 0.038 0.042 0.013 0.051 0.062 0.043 0.019 0.023 0.026 0.089 0.279 0.006 0.017 0.068
81 I 0.103 0.021 0.016 0.019 0.017 0.016 0.022 0.032 0.01 0.197 0.156 0.027 0.031 0.056 0.017 0.036 0.04 0.006 0.023 0.155
82 L 0.048 0.045 0.021 0.021 0.038 0.041 0.031 0.026 0.016 0.129 0.204 0.037 0.033 0.047 0.016 0.035 0.059 0.008 0.052 0.093
83 G 0.063 0.045 0.132 0.05 0.011 0.052 0.048 0.148 0.025 0.025 0.038 0.075 0.013 0.028 0.021 0.094 0.046 0.007 0.048 0.031
84 G 0.051 0.052 0.134 0.05 0.009 0.045 0.05 0.144 0.113 0.022 0.034 0.099 0.013 0.019 0.02 0.053 0.036 0.005 0.025 0.026
85 G 0.072 0.024 0.068 0.037 0.01 0.02 0.027 0.484 0.015 0.018 0.027 0.034 0.009 0.016 0.018 0.051 0.03 0.005 0.011 0.024
86 D 0.044 0.038 0.067 0.117 0.01 0.072 0.084 0.035 0.025 0.063 0.09 0.049 0.02 0.043 0.019 0.043 0.035 0.009 0.083 0.052
87 I 0.052 0.023 0.02 0.021 0.016 0.017 0.023 0.025 0.01 0.198 0.164 0.028 0.049 0.039 0.017 0.039 0.087 0.006 0.02 0.146
88 D 0.079 0.044 0.076 0.159 0.011 0.054 0.077 0.048 0.023 0.029 0.041 0.076 0.014 0.027 0.023 0.076 0.054 0.007 0.048 0.036
89 T 0.085 0.067 0.066 0.041 0.013 0.031 0.066 0.092 0.02 0.039 0.067 0.051 0.017 0.032 0.022 0.073 0.111 0.008 0.049 0.049
90 A 0.267 0.033 0.027 0.04 0.018 0.032 0.096 0.067 0.016 0.037 0.053 0.049 0.016 0.02 0.028 0.076 0.045 0.005 0.017 0.059
91 L 0.048 0.021 0.017 0.018 0.015 0.015 0.02 0.023 0.01 0.181 0.215 0.025 0.036 0.08 0.015 0.031 0.06 0.007 0.026 0.137
92 L 0.048 0.037 0.024 0.024 0.012 0.044 0.036 0.031 0.016 0.072 0.161 0.062 0.044 0.078 0.016 0.053 0.036 0.109 0.035 0.062
93 N 0.055 0.049 0.193 0.059 0.011 0.054 0.052 0.053 0.024 0.034 0.073 0.078 0.017 0.021 0.021 0.089 0.06 0.005 0.017 0.038
94 L 0.07 0.022 0.016 0.017 0.015 0.015 0.021 0.027 0.012 0.093 0.252 0.024 0.036 0.156 0.014 0.03 0.033 0.009 0.04 0.098
95 L 0.045 0.023 0.017 0.023 0.015 0.019 0.049 0.022 0.011 0.187 0.246 0.029 0.046 0.044 0.015 0.027 0.035 0.006 0.02 0.12
96 R 0.058 0.143 0.065 0.035 0.012 0.036 0.044 0.04 0.019 0.047 0.106 0.09 0.054 0.027 0.02 0.085 0.045 0.006 0.018 0.05
97 L 0.042 0.019 0.014 0.016 0.014 0.013 0.018 0.021 0.01 0.187 0.235 0.022 0.037 0.12 0.013 0.024 0.033 0.008 0.033 0.119
98 V 0.063 0.026 0.028 0.026 0.04 0.021 0.028 0.082 0.014 0.097 0.095 0.033 0.039 0.053 0.019 0.061 0.112 0.007 0.037 0.118
99 G 0.086 0.026 0.029 0.027 0.039 0.02 0.028 0.135 0.019 0.09 0.074 0.033 0.019 0.045 0.02 0.061 0.085 0.01 0.082 0.072
100 L 0.064 0.022 0.019 0.02 0.015 0.016 0.023 0.027 0.011 0.152 0.171 0.028 0.031 0.074 0.066 0.036 0.061 0.007 0.025 0.133
101 V 0.138 0.022 0.018 0.02 0.116 0.017 0.025 0.04 0.011 0.097 0.092 0.028 0.023 0.065 0.019 0.047 0.042 0.006 0.024 0.149
102 L 0.081 0.026 0.02 0.02 0.065 0.02 0.026 0.033 0.012 0.086 0.226 0.03 0.066 0.059 0.017 0.056 0.04 0.007 0.023 0.088
103 L 0.049 0.022 0.015 0.016 0.016 0.016 0.02 0.022 0.01 0.157 0.277 0.025 0.056 0.046 0.014 0.026 0.037 0.006 0.021 0.149
104 V 0.049 0.019 0.015 0.017 0.015 0.013 0.019 0.023 0.011 0.16 0.157 0.022 0.031 0.152 0.013 0.027 0.037 0.009 0.039 0.172
105 D 0.041 0.032 0.091 0.355 0.007 0.032 0.107 0.045 0.02 0.021 0.028 0.047 0.009 0.015 0.022 0.052 0.035 0.004 0.012 0.024
106 L 0.045 0.02 0.015 0.016 0.015 0.014 0.019 0.021 0.013 0.18 0.215 0.024 0.036 0.09 0.014 0.025 0.035 0.009 0.059 0.135
107 S 0.11 0.04 0.054 0.049 0.018 0.033 0.053 0.066 0.019 0.03 0.042 0.054 0.016 0.021 0.03 0.218 0.082 0.005 0.018 0.042
108 V 0.07 0.022 0.017 0.018 0.019 0.017 0.023 0.025 0.008 0.165 0.131 0.026 0.032 0.036 0.017 0.033 0.05 0.006 0.021 0.267
109 Y 0.04 0.034 0.022 0.02 0.009 0.023 0.03 0.026 0.039 0.042 0.068 0.057 0.018 0.143 0.016 0.031 0.028 0.024 0.288 0.044
110 R 0.093 0.148 0.041 0.043 0.012 0.062 0.083 0.047 0.021 0.027 0.043 0.101 0.015 0.018 0.024 0.113 0.05 0.005 0.017 0.037
111 D 0.047 0.039 0.08 0.196 0.007 0.042 0.172 0.065 0.058 0.021 0.031 0.055 0.011 0.017 0.022 0.052 0.035 0.005 0.018 0.026
112 N 0.046 0.081 0.153 0.129 0.009 0.056 0.062 0.048 0.043 0.024 0.036 0.084 0.013 0.022 0.021 0.064 0.041 0.006 0.034 0.029
113 F 0.045 0.02 0.016 0.017 0.014 0.014 0.02 0.023 0.012 0.137 0.16 0.023 0.047 0.19 0.013 0.027 0.034 0.01 0.046 0.133
114 K 0.056 0.05 0.032 0.036 0.012 0.065 0.077 0.033 0.038 0.089 0.075 0.099 0.021 0.034 0.021 0.054 0.052 0.008 0.053 0.096
115 L 0.064 0.068 0.037 0.071 0.014 0.049 0.047 0.039 0.016 0.061 0.125 0.051 0.024 0.027 0.022 0.091 0.093 0.005 0.018 0.079
116 L 0.04 0.022 0.014 0.015 0.014 0.014 0.019 0.022 0.012 0.096 0.314 0.022 0.041 0.161 0.013 0.024 0.03 0.01 0.04 0.08
117 L 0.048 0.021 0.014 0.016 0.016 0.015 0.019 0.021 0.009 0.168 0.286 0.024 0.041 0.046 0.014 0.025 0.037 0.006 0.021 0.153
118 R 0.051 0.159 0.072 0.068 0.008 0.067 0.102 0.04 0.023 0.024 0.04 0.141 0.014 0.016 0.023 0.061 0.039 0.005 0.016 0.03
119 V 0.106 0.031 0.058 0.032 0.065 0.044 0.038 0.044 0.015 0.082 0.078 0.04 0.021 0.025 0.021 0.079 0.05 0.005 0.018 0.147
120 L 0.046 0.024 0.014 0.015 0.016 0.017 0.02 0.021 0.01 0.114 0.353 0.025 0.061 0.05 0.014 0.025 0.034 0.007 0.021 0.113
121 L 0.046 0.026 0.016 0.017 0.015 0.02 0.022 0.023 0.012 0.133 0.27 0.029 0.113 0.048 0.014 0.028 0.036 0.007 0.022 0.102
122 L 0.044 0.022 0.014 0.015 0.015 0.015 0.019 0.021 0.01 0.139 0.309 0.023 0.042 0.085 0.014 0.024 0.034 0.007 0.027 0.121
123 H 0.043 0.043 0.05 0.036 0.008 0.036 0.05 0.037 0.346 0.025 0.039 0.044 0.015 0.029 0.019 0.045 0.051 0.007 0.051 0.027
124 F 0.052 0.021 0.021 0.02 0.136 0.014 0.022 0.031 0.014 0.056 0.116 0.024 0.023 0.22 0.015 0.062 0.036 0.01 0.05 0.055
125 E 0.053 0.048 0.039 0.086 0.007 0.062 0.327 0.033 0.025 0.021 0.035 0.072 0.012 0.016 0.025 0.053 0.035 0.005 0.016 0.03
126 L 0.043 0.022 0.014 0.016 0.015 0.016 0.02 0.022 0.01 0.149 0.285 0.025 0.056 0.05 0.013 0.024 0.033 0.057 0.025 0.105
127 C 0.061 0.019 0.018 0.018 0.359 0.014 0.019 0.03 0.008 0.062 0.102 0.023 0.021 0.025 0.016 0.042 0.06 0.005 0.014 0.084
128 I 0.054 0.02 0.017 0.019 0.017 0.015 0.021 0.023 0.009 0.234 0.14 0.025 0.032 0.038 0.016 0.033 0.065 0.006 0.019 0.198
129 Y 0.039 0.027 0.021 0.018 0.009 0.021 0.027 0.024 0.045 0.042 0.066 0.03 0.018 0.125 0.015 0.03 0.027 0.027 0.347 0.045
130 I 0.054 0.021 0.021 0.021 0.016 0.016 0.022 0.075 0.01 0.193 0.165 0.027 0.031 0.037 0.016 0.037 0.073 0.006 0.019 0.141
131 N 0.041 0.043 0.346 0.08 0.009 0.032 0.047 0.062 0.03 0.022 0.03 0.052 0.011 0.017 0.019 0.067 0.047 0.004 0.015 0.026
132 L 0.095 0.023 0.017 0.018 0.015 0.016 0.023 0.032 0.013 0.082 0.245 0.026 0.034 0.154 0.016 0.035 0.033 0.009 0.04 0.075
133 L 0.045 0.021 0.016 0.017 0.014 0.014 0.019 0.048 0.011 0.117 0.23 0.023 0.035 0.155 0.013 0.026 0.032 0.009 0.039 0.116
134 T 0.079 0.035 0.044 0.039 0.017 0.028 0.041 0.047 0.014 0.045 0.057 0.046 0.018 0.022 0.027 0.13 0.229 0.005 0.017 0.061
135 L 0.05 0.022 0.014 0.016 0.016 0.015 0.02 0.021 0.009 0.153 0.283 0.024 0.04 0.045 0.014 0.026 0.037 0.006 0.021 0.166
136 L 0.043 0.022 0.014 0.016 0.015 0.015 0.019 0.021 0.01 0.153 0.302 0.024 0.05 0.086 0.013 0.024 0.033 0.007 0.027 0.107
137 L 0.046 0.02 0.015 0.016 0.015 0.014 0.019 0.022 0.01 0.167 0.216 0.023 0.036 0.118 0.013 0.025 0.035 0.008 0.033 0.149
138 F 0.152 0.032 0.022 0.024 0.015 0.022 0.032 0.047 0.016 0.053 0.089 0.059 0.038 0.18 0.02 0.051 0.036 0.01 0.045 0.059
139 P 0.059 0.026 0.025 0.031 0.011 0.021 0.036 0.038 0.013 0.025 0.035 0.041 0.01 0.013 0.467 0.063 0.039 0.003 0.013 0.031
140 N 0.045 0.043 0.211 0.116 0.008 0.042 0.149 0.05 0.027 0.021 0.032 0.058 0.011 0.016 0.021 0.06 0.042 0.005 0.015 0.027
141 G 0.066 0.114 0.037 0.032 0.01 0.027 0.033 0.382 0.016 0.02 0.032 0.067 0.011 0.016 0.019 0.048 0.03 0.005 0.012 0.025
142 F 0.038 0.02 0.015 0.016 0.013 0.013 0.019 0.022 0.013 0.105 0.232 0.021 0.035 0.232 0.012 0.024 0.029 0.011 0.053 0.08
143 F 0.037 0.021 0.017 0.017 0.011 0.014 0.021 0.023 0.023 0.084 0.131 0.023 0.026 0.254 0.012 0.026 0.027 0.017 0.151 0.066
144 S 0.095 0.038 0.051 0.045 0.016 0.032 0.049 0.059 0.054 0.03 0.042 0.05 0.015 0.021 0.027 0.216 0.093 0.005 0.021 0.041
145 R 0.043 0.338 0.035 0.028 0.008 0.043 0.047 0.03 0.021 0.05 0.056 0.106 0.017 0.019 0.018 0.041 0.034 0.006 0.017 0.044
146 S 0.079 0.032 0.036 0.039 0.015 0.028 0.066 0.044 0.016 0.084 0.076 0.042 0.021 0.064 0.022 0.143 0.058 0.006 0.024 0.105
147 N 0.052 0.035 0.202 0.055 0.012 0.026 0.038 0.048 0.021 0.087 0.068 0.042 0.018 0.024 0.019 0.067 0.071 0.005 0.017 0.093
148 S 0.082 0.036 0.061 0.086 0.014 0.032 0.077 0.052 0.018 0.061 0.054 0.049 0.017 0.022 0.025 0.17 0.063 0.005 0.016 0.063
149 A 0.271 0.028 0.025 0.028 0.019 0.023 0.036 0.115 0.013 0.051 0.061 0.04 0.017 0.022 0.026 0.073 0.046 0.005 0.016 0.085
150 Y 0.039 0.027 0.021 0.018 0.009 0.021 0.027 0.024 0.045 0.042 0.066 0.03 0.018 0.125 0.015 0.03 0.027 0.027 0.347 0.045
151 G 0.1 0.023 0.036 0.032 0.011 0.019 0.026 0.486 0.013 0.02 0.03 0.033 0.01 0.016 0.019 0.052 0.03 0.005 0.011 0.028
152 L 0.092 0.032 0.02 0.021 0.016 0.022 0.029 0.033 0.013 0.115 0.149 0.057 0.062 0.073 0.018 0.039 0.04 0.007 0.026 0.137
153 T 0.084 0.036 0.046 0.04 0.017 0.029 0.043 0.05 0.015 0.042 0.053 0.047 0.017 0.022 0.027 0.155 0.199 0.005 0.017 0.057
154 Q 0.052 0.055 0.035 0.039 0.01 0.128 0.079 0.036 0.025 0.033 0.053 0.087 0.018 0.066 0.071 0.05 0.06 0.008 0.057 0.039
155 E 0.055 0.045 0.039 0.081 0.007 0.057 0.297 0.083 0.024 0.021 0.034 0.068 0.012 0.016 0.024 0.052 0.035 0.005 0.015 0.029
156 W 0.03 0.022 0.015 0.015 0.007 0.015 0.022 0.028 0.018 0.03 0.052 0.023 0.015 0.065 0.008 0.023 0.022 0.466 0.093 0.031
157 F 0.033 0.018 0.016 0.016 0.01 0.01 0.018 0.024 0.016 0.063 0.124 0.018 0.025 0.395 0.01 0.024 0.025 0.016 0.082 0.055
158 L 0.043 0.023 0.014 0.015 0.016 0.016 0.019 0.02 0.01 0.11 0.402 0.024 0.047 0.052 0.014 0.023 0.032 0.007 0.021 0.092
159 G 0.075 0.022 0.037 0.032 0.01 0.018 0.024 0.531 0.013 0.018 0.027 0.032 0.009 0.016 0.018 0.049 0.028 0.005 0.01 0.023
160 A 0.155 0.031 0.033 0.032 0.017 0.025 0.038 0.055 0.015 0.058 0.063 0.041 0.019 0.027 0.024 0.134 0.057 0.056 0.022 0.099
161 D 0.043 0.133 0.056 0.219 0.008 0.034 0.065 0.038 0.055 0.035 0.043 0.063 0.013 0.019 0.02 0.045 0.035 0.005 0.018 0.053
162 N 0.069 0.042 0.255 0.066 0.01 0.032 0.047 0.058 0.099 0.024 0.034 0.049 0.012 0.02 0.02 0.063 0.043 0.005 0.023 0.029
163 Y 0.047 0.032 0.12 0.039 0.011 0.024 0.034 0.039 0.031 0.048 0.12 0.037 0.021 0.068 0.017 0.062 0.039 0.014 0.149 0.048
164 F 0.032 0.018 0.016 0.016 0.01 0.01 0.018 0.024 0.016 0.061 0.109 0.018 0.024 0.413 0.01 0.024 0.024 0.016 0.085 0.053
165 I 0.051 0.019 0.015 0.017 0.016 0.014 0.019 0.021 0.008 0.24 0.174 0.023 0.035 0.041 0.015 0.026 0.04 0.006 0.02 0.201
166 I 0.051 0.031 0.023 0.024 0.013 0.062 0.037 0.028 0.015 0.143 0.119 0.038 0.044 0.109 0.016 0.044 0.039 0.008 0.033 0.124
167 W 0.033 0.023 0.017 0.017 0.008 0.016 0.023 0.03 0.014 0.031 0.052 0.024 0.015 0.054 0.009 0.028 0.047 0.463 0.06 0.033
168 L 0.068 0.022 0.016 0.017 0.014 0.015 0.021 0.027 0.012 0.108 0.256 0.024 0.036 0.156 0.014 0.029 0.032 0.009 0.04 0.085
169 F 0.04 0.02 0.015 0.016 0.013 0.013 0.019 0.023 0.013 0.09 0.228 0.021 0.034 0.231 0.012 0.025 0.03 0.011 0.053 0.093
170 P 0.054 0.025 0.022 0.03 0.01 0.02 0.035 0.035 0.012 0.025 0.035 0.04 0.01 0.012 0.515 0.042 0.035 0.002 0.012 0.03
171 A 0.247 0.027 0.028 0.03 0.018 0.023 0.034 0.212 0.014 0.034 0.048 0.039 0.014 0.019 0.025 0.072 0.042 0.005 0.015 0.053
172 L 0.044 0.024 0.017 0.017 0.015 0.016 0.021 0.023 0.011 0.1 0.339 0.026 0.042 0.085 0.015 0.03 0.056 0.008 0.027 0.086
173 L 0.051 0.022 0.014 0.016 0.017 0.015 0.02 0.021 0.009 0.156 0.269 0.024 0.04 0.044 0.014 0.026 0.038 0.006 0.021 0.177
174 I 0.053 0.02 0.017 0.019 0.016 0.015 0.02 0.023 0.009 0.241 0.142 0.025 0.032 0.038 0.016 0.032 0.064 0.006 0.019 0.192
175 A 0.299 0.031 0.027 0.03 0.02 0.025 0.04 0.074 0.015 0.04 0.055 0.044 0.017 0.021 0.028 0.099 0.051 0.005 0.017 0.063
176 W 0.062 0.023 0.015 0.016 0.011 0.016 0.023 0.031 0.013 0.055 0.157 0.025 0.025 0.053 0.011 0.028 0.027 0.311 0.047 0.052
177 L 0.1 0.023 0.016 0.018 0.017 0.017 0.023 0.031 0.01 0.147 0.259 0.028 0.037 0.043 0.017 0.035 0.037 0.006 0.02 0.116
178 Y 0.038 0.026 0.02 0.018 0.009 0.02 0.026 0.024 0.042 0.044 0.07 0.029 0.019 0.154 0.014 0.029 0.027 0.026 0.321 0.045
179 K 0.074 0.141 0.064 0.036 0.01 0.039 0.049 0.04 0.022 0.056 0.057 0.152 0.017 0.03 0.022 0.049 0.038 0.007 0.05 0.049
180 E 0.074 0.037 0.063 0.049 0.01 0.045 0.124 0.039 0.041 0.036 0.058 0.049 0.017 0.108 0.02 0.052 0.059 0.01 0.065 0.043
181 L 0.043 0.031 0.019 0.019 0.012 0.021 0.027 0.024 0.024 0.113 0.183 0.055 0.03 0.076 0.016 0.029 0.032 0.014 0.151 0.082
182 T 0.061 0.035 0.083 0.039 0.013 0.025 0.037 0.092 0.017 0.042 0.06 0.053 0.017 0.099 0.021 0.083 0.136 0.007 0.03 0.049
183 G 0.058 0.14 0.039 0.035 0.009 0.038 0.048 0.186 0.036 0.024 0.039 0.151 0.013 0.017 0.022 0.05 0.045 0.005 0.017 0.03
184 K 0.065 0.09 0.072 0.066 0.011 0.04 0.082 0.046 0.02 0.038 0.047 0.134 0.015 0.019 0.024 0.101 0.049 0.005 0.016 0.059
185 K 0.061 0.065 0.101 0.049 0.011 0.05 0.07 0.047 0.021 0.053 0.051 0.155 0.016 0.019 0.024 0.092 0.048 0.005 0.017 0.046
186 F 0.048 0.071 0.043 0.028 0.012 0.026 0.035 0.032 0.019 0.086 0.113 0.08 0.024 0.115 0.018 0.051 0.06 0.01 0.064 0.067
187 R 0.044 0.346 0.037 0.031 0.008 0.047 0.052 0.032 0.022 0.023 0.044 0.134 0.015 0.016 0.019 0.044 0.034 0.005 0.017 0.03
188 G 0.137 0.024 0.025 0.025 0.113 0.018 0.027 0.144 0.013 0.039 0.057 0.031 0.016 0.063 0.02 0.055 0.06 0.057 0.026 0.05
189 Y 0.042 0.025 0.051 0.023 0.06 0.018 0.025 0.028 0.027 0.088 0.105 0.028 0.031 0.127 0.015 0.033 0.032 0.016 0.159 0.068
190 L 0.081 0.027 0.027 0.026 0.041 0.021 0.03 0.038 0.013 0.101 0.129 0.034 0.043 0.07 0.019 0.099 0.05 0.007 0.025 0.118
191 L 0.043 0.023 0.014 0.015 0.016 0.015 0.019 0.02 0.01 0.13 0.378 0.024 0.046 0.051 0.014 0.023 0.033 0.007 0.021 0.1
192 I 0.072 0.027 0.031 0.03 0.066 0.021 0.031 0.039 0.012 0.129 0.091 0.035 0.023 0.029 0.021 0.108 0.099 0.005 0.017 0.112
193 L 0.124 0.024 0.021 0.022 0.042 0.019 0.027 0.039 0.011 0.127 0.173 0.031 0.03 0.035 0.019 0.063 0.044 0.006 0.019 0.125
194 A 0.153 0.024 0.022 0.024 0.018 0.019 0.028 0.093 0.011 0.133 0.096 0.033 0.024 0.029 0.021 0.06 0.045 0.005 0.018 0.145
195 I 0.081 0.022 0.02 0.021 0.017 0.017 0.023 0.029 0.01 0.21 0.128 0.028 0.03 0.036 0.018 0.041 0.077 0.006 0.019 0.17
196 L 0.075 0.021 0.016 0.017 0.016 0.015 0.021 0.027 0.01 0.175 0.198 0.025 0.034 0.078 0.015 0.031 0.038 0.007 0.026 0.154
197 L 0.12 0.024 0.017 0.019 0.018 0.018 0.025 0.035 0.01 0.126 0.209 0.029 0.033 0.038 0.018 0.04 0.041 0.006 0.02 0.156
198 T 0.074 0.033 0.041 0.036 0.017 0.026 0.038 0.044 0.014 0.072 0.068 0.043 0.02 0.024 0.026 0.115 0.215 0.006 0.017 0.072
199 E 0.052 0.054 0.038 0.063 0.008 0.132 0.204 0.034 0.024 0.051 0.052 0.073 0.018 0.018 0.023 0.05 0.037 0.005 0.018 0.045
200 L 0.067 0.021 0.016 0.017 0.014 0.014 0.021 0.027 0.013 0.103 0.226 0.023 0.034 0.193 0.014 0.03 0.031 0.01 0.046 0.081
201 I 0.046 0.028 0.018 0.019 0.014 0.018 0.024 0.024 0.012 0.191 0.138 0.052 0.047 0.113 0.015 0.029 0.036 0.008 0.033 0.137
202 R 0.046 0.154 0.04 0.035 0.008 0.102 0.063 0.035 0.095 0.027 0.049 0.102 0.017 0.058 0.02 0.044 0.033 0.007 0.032 0.032
203 G 0.074 0.024 0.038 0.033 0.012 0.02 0.027 0.433 0.013 0.025 0.034 0.034 0.011 0.017 0.02 0.057 0.079 0.005 0.012 0.032
204 S 0.102 0.037 0.05 0.045 0.016 0.03 0.048 0.11 0.018 0.027 0.039 0.05 0.014 0.02 0.027 0.233 0.073 0.005 0.016 0.038
205 G 0.182 0.03 0.037 0.035 0.016 0.025 0.038 0.208 0.015 0.03 0.043 0.042 0.014 0.019 0.025 0.123 0.051 0.005 0.015 0.045
206 T 0.07 0.034 0.042 0.036 0.017 0.026 0.038 0.042 0.013 0.051 0.062 0.043 0.019 0.023 0.026 0.089 0.279 0.006 0.017 0.068
207 G 0.093 0.024 0.032 0.029 0.013 0.019 0.026 0.334 0.012 0.042 0.109 0.033 0.018 0.024 0.019 0.051 0.056 0.006 0.014 0.046
208 I 0.046 0.062 0.019 0.021 0.014 0.021 0.026 0.024 0.012 0.226 0.14 0.062 0.047 0.037 0.016 0.03 0.038 0.006 0.019 0.133
209 V 0.088 0.021 0.016 0.018 0.018 0.016 0.023 0.028 0.009 0.175 0.125 0.026 0.03 0.034 0.017 0.035 0.045 0.005 0.019 0.251
210 G 0.099 0.025 0.035 0.032 0.013 0.02 0.029 0.338 0.013 0.04 0.046 0.035 0.014 0.019 0.021 0.067 0.072 0.005 0.013 0.063
211 V 0.067 0.023 0.022 0.023 0.066 0.018 0.026 0.031 0.01 0.144 0.136 0.029 0.028 0.033 0.018 0.074 0.049 0.005 0.018 0.177
212 V 0.103 0.026 0.024 0.024 0.017 0.02 0.029 0.037 0.012 0.108 0.106 0.032 0.042 0.069 0.019 0.066 0.07 0.007 0.026 0.163
213 L 0.075 0.022 0.015 0.017 0.016 0.016 0.021 0.026 0.01 0.159 0.266 0.026 0.039 0.044 0.016 0.03 0.037 0.006 0.02 0.14
214 F 0.036 0.02 0.016 0.016 0.012 0.012 0.019 0.023 0.014 0.084 0.174 0.02 0.038 0.304 0.011 0.025 0.027 0.013 0.066 0.068
215 L 0.05 0.023 0.021 0.021 0.015 0.016 0.023 0.027 0.012 0.134 0.213 0.027 0.034 0.116 0.016 0.053 0.061 0.008 0.033 0.096
216 L 0.06 0.021 0.015 0.016 0.04 0.015 0.019 0.024 0.009 0.173 0.27 0.024 0.039 0.045 0.015 0.028 0.036 0.006 0.02 0.126
217 L 0.043 0.022 0.015 0.017 0.013 0.015 0.021 0.024 0.012 0.088 0.244 0.024 0.034 0.119 0.063 0.026 0.031 0.059 0.037 0.092
218 L 0.069 0.03 0.06 0.069 0.014 0.024 0.037 0.038 0.019 0.072 0.152 0.037 0.059 0.043 0.019 0.071 0.044 0.008 0.051 0.085
219 I 0.051 0.021 0.019 0.019 0.016 0.015 0.022 0.025 0.01 0.171 0.167 0.026 0.032 0.095 0.016 0.035 0.073 0.007 0.029 0.151
220 I 0.058 0.023 0.022 0.022 0.016 0.017 0.024 0.029 0.011 0.176 0.15 0.028 0.031 0.074 0.017 0.063 0.056 0.007 0.026 0.152
221 P 0.059 0.026 0.025 0.031 0.011 0.021 0.036 0.038 0.013 0.025 0.035 0.041 0.01 0.013 0.467 0.063 0.039 0.003 0.013 0.031
222 W 0.069 0.038 0.025 0.026 0.011 0.026 0.048 0.034 0.056 0.068 0.099 0.073 0.021 0.069 0.017 0.037 0.031 0.111 0.084 0.056
223 I 0.063 0.02 0.015 0.017 0.016 0.014 0.02 0.024 0.01 0.191 0.19 0.024 0.034 0.078 0.015 0.029 0.038 0.007 0.026 0.17
224 K 0.052 0.133 0.07 0.042 0.008 0.047 0.061 0.066 0.021 0.025 0.04 0.24 0.014 0.015 0.024 0.051 0.038 0.005 0.016 0.03
225 K 0.053 0.111 0.035 0.032 0.01 0.038 0.049 0.036 0.04 0.039 0.083 0.157 0.019 0.037 0.022 0.057 0.061 0.009 0.069 0.043
226 I 0.047 0.019 0.015 0.017 0.015 0.013 0.019 0.022 0.011 0.184 0.148 0.022 0.031 0.152 0.013 0.026 0.036 0.009 0.039 0.163
227 I 0.047 0.018 0.015 0.018 0.016 0.013 0.018 0.021 0.009 0.271 0.168 0.024 0.037 0.044 0.015 0.025 0.04 0.006 0.021 0.177
228 K 0.057 0.107 0.042 0.042 0.009 0.054 0.071 0.043 0.021 0.028 0.043 0.278 0.016 0.016 0.028 0.054 0.04 0.005 0.017 0.033
229 K 0.057 0.107 0.042 0.042 0.009 0.054 0.071 0.043 0.021 0.028 0.043 0.278 0.016 0.016 0.028 0.054 0.04 0.005 0.017 0.033
230 Y 0.04 0.028 0.022 0.019 0.009 0.022 0.028 0.025 0.047 0.044 0.068 0.031 0.019 0.131 0.016 0.031 0.028 0.028 0.318 0.047
231 L 0.039 0.021 0.015 0.016 0.013 0.014 0.019 0.023 0.013 0.108 0.24 0.023 0.052 0.195 0.012 0.025 0.03 0.011 0.047 0.084
232 T 0.066 0.101 0.04 0.035 0.014 0.03 0.041 0.041 0.015 0.04 0.054 0.058 0.017 0.02 0.074 0.091 0.185 0.005 0.016 0.054
233 P 0.054 0.025 0.022 0.03 0.01 0.02 0.035 0.035 0.012 0.025 0.035 0.04 0.01 0.012 0.515 0.042 0.035 0.002 0.012 0.03
234 I 0.075 0.032 0.024 0.023 0.014 0.022 0.03 0.032 0.019 0.124 0.101 0.058 0.032 0.088 0.018 0.044 0.072 0.011 0.091 0.089
235 R 0.044 0.207 0.061 0.032 0.01 0.036 0.042 0.032 0.019 0.087 0.102 0.101 0.022 0.025 0.018 0.04 0.036 0.006 0.018 0.064
236 S 0.087 0.03 0.04 0.036 0.04 0.025 0.037 0.147 0.015 0.067 0.059 0.041 0.017 0.023 0.023 0.157 0.059 0.005 0.016 0.076
237 L 0.077 0.022 0.016 0.018 0.016 0.016 0.022 0.028 0.011 0.125 0.18 0.026 0.048 0.114 0.015 0.033 0.038 0.008 0.033 0.151
238 L 0.081 0.021 0.017 0.019 0.041 0.016 0.023 0.029 0.01 0.175 0.179 0.027 0.033 0.038 0.017 0.044 0.042 0.006 0.019 0.164
239 I 0.052 0.019 0.017 0.018 0.016 0.014 0.019 0.072 0.009 0.226 0.164 0.024 0.033 0.039 0.015 0.028 0.038 0.006 0.019 0.173
240 A 0.156 0.03 0.034 0.033 0.018 0.024 0.037 0.104 0.014 0.059 0.063 0.041 0.018 0.023 0.025 0.121 0.078 0.005 0.017 0.101
241 V 0.097 0.028 0.028 0.027 0.042 0.022 0.032 0.041 0.012 0.087 0.132 0.035 0.034 0.031 0.021 0.097 0.075 0.006 0.018 0.134
242 I 0.082 0.023 0.022 0.023 0.016 0.017 0.026 0.033 0.012 0.154 0.113 0.029 0.027 0.109 0.018 0.06 0.066 0.008 0.032 0.132
243 L 0.077 0.022 0.015 0.017 0.017 0.016 0.021 0.026 0.009 0.163 0.238 0.026 0.037 0.042 0.016 0.031 0.039 0.006 0.02 0.161
244 W 0.053 0.032 0.026 0.026 0.012 0.063 0.039 0.082 0.016 0.079 0.106 0.039 0.023 0.072 0.016 0.056 0.037 0.108 0.034 0.08
245 L 0.057 0.021 0.015 0.016 0.015 0.014 0.02 0.024 0.011 0.138 0.236 0.023 0.036 0.137 0.014 0.027 0.034 0.009 0.037 0.117
246 L 0.082 0.025 0.022 0.022 0.065 0.018 0.026 0.034 0.012 0.084 0.216 0.03 0.032 0.075 0.018 0.061 0.063 0.007 0.025 0.086
247 I 0.049 0.018 0.014 0.017 0.016 0.013 0.018 0.02 0.008 0.273 0.153 0.023 0.034 0.041 0.014 0.025 0.04 0.006 0.02 0.195
248 V 0.065 0.021 0.016 0.017 0.018 0.015 0.022 0.023 0.008 0.172 0.128 0.025 0.031 0.035 0.016 0.031 0.046 0.005 0.02 0.287
249 F 0.046 0.02 0.016 0.017 0.014 0.014 0.02 0.023 0.014 0.158 0.139 0.023 0.03 0.16 0.013 0.026 0.035 0.011 0.072 0.151
250 L 0.07 0.026 0.052 0.025 0.014 0.018 0.026 0.034 0.015 0.073 0.198 0.029 0.038 0.151 0.016 0.041 0.058 0.009 0.039 0.068
251 R 0.053 0.208 0.101 0.043 0.009 0.059 0.052 0.092 0.023 0.023 0.04 0.085 0.014 0.017 0.02 0.07 0.041 0.005 0.016 0.03
252 N 0.079 0.042 0.157 0.055 0.012 0.032 0.071 0.05 0.021 0.081 0.062 0.073 0.017 0.022 0.021 0.075 0.046 0.005 0.017 0.061
253 V 0.093 0.023 0.023 0.059 0.015 0.018 0.031 0.034 0.015 0.096 0.096 0.029 0.024 0.115 0.017 0.039 0.039 0.009 0.064 0.162
254 D 0.054 0.041 0.082 0.212 0.009 0.041 0.149 0.046 0.021 0.023 0.032 0.067 0.011 0.016 0.023 0.083 0.043 0.004 0.014 0.028
255 F 0.037 0.02 0.016 0.017 0.012 0.013 0.02 0.023 0.02 0.11 0.14 0.022 0.028 0.245 0.012 0.025 0.028 0.015 0.118 0.078
256 L 0.041 0.022 0.014 0.015 0.014 0.014 0.019 0.021 0.011 0.12 0.32 0.023 0.042 0.124 0.013 0.024 0.031 0.009 0.034 0.092
257 A 0.149 0.103 0.032 0.046 0.014 0.04 0.126 0.048 0.019 0.042 0.054 0.065 0.016 0.02 0.024 0.069 0.043 0.005 0.017 0.07
258 P 0.056 0.024 0.024 0.03 0.01 0.02 0.034 0.084 0.012 0.024 0.034 0.039 0.01 0.013 0.466 0.043 0.034 0.003 0.012 0.029
259 I 0.044 0.019 0.014 0.016 0.016 0.014 0.018 0.02 0.009 0.245 0.233 0.023 0.039 0.045 0.014 0.024 0.036 0.006 0.02 0.146
260 V 0.059 0.02 0.015 0.017 0.017 0.015 0.021 0.022 0.008 0.189 0.161 0.024 0.033 0.038 0.015 0.029 0.043 0.006 0.02 0.247
261 E 0.06 0.037 0.077 0.051 0.013 0.045 0.124 0.037 0.018 0.072 0.099 0.049 0.022 0.026 0.02 0.066 0.045 0.005 0.018 0.118
262 G 0.067 0.032 0.082 0.041 0.01 0.053 0.038 0.393 0.018 0.02 0.03 0.043 0.011 0.016 0.019 0.052 0.033 0.005 0.012 0.025
263 L 0.068 0.044 0.02 0.021 0.016 0.02 0.026 0.028 0.011 0.152 0.171 0.046 0.031 0.036 0.017 0.038 0.064 0.006 0.019 0.167
264 L 0.043 0.023 0.014 0.015 0.016 0.016 0.019 0.02 0.01 0.11 0.402 0.024 0.047 0.052 0.014 0.023 0.032 0.007 0.021 0.092
265 G 0.069 0.034 0.038 0.042 0.01 0.028 0.077 0.403 0.015 0.019 0.03 0.066 0.01 0.015 0.02 0.05 0.03 0.005 0.012 0.025
266 K 0.057 0.094 0.039 0.039 0.008 0.048 0.063 0.09 0.019 0.026 0.04 0.281 0.014 0.015 0.026 0.051 0.037 0.005 0.016 0.031
267 D 0.041 0.038 0.105 0.333 0.007 0.031 0.079 0.047 0.02 0.022 0.029 0.071 0.01 0.015 0.022 0.053 0.036 0.004 0.012 0.024
268 L 0.047 0.026 0.016 0.017 0.015 0.021 0.023 0.024 0.012 0.122 0.271 0.029 0.121 0.048 0.015 0.029 0.036 0.007 0.022 0.098
269 T 0.07 0.034 0.042 0.036 0.017 0.026 0.038 0.042 0.013 0.051 0.062 0.043 0.019 0.023 0.026 0.089 0.279 0.006 0.017 0.068
270 F 0.034 0.019 0.016 0.016 0.011 0.012 0.019 0.025 0.016 0.064 0.117 0.02 0.042 0.377 0.011 0.025 0.026 0.015 0.079 0.056
271 T 0.077 0.035 0.044 0.038 0.017 0.027 0.04 0.046 0.014 0.046 0.058 0.045 0.018 0.022 0.027 0.122 0.239 0.006 0.017 0.062
272 G 0.067 0.034 0.164 0.054 0.011 0.026 0.039 0.25 0.021 0.022 0.031 0.044 0.011 0.017 0.021 0.097 0.046 0.005 0.013 0.028
273 R 0.043 0.373 0.037 0.03 0.007 0.046 0.05 0.031 0.022 0.022 0.044 0.115 0.015 0.017 0.019 0.043 0.033 0.006 0.017 0.03
274 L 0.054 0.027 0.025 0.023 0.016 0.02 0.026 0.029 0.011 0.106 0.242 0.032 0.035 0.039 0.019 0.05 0.131 0.006 0.019 0.09
275 T 0.081 0.031 0.062 0.038 0.013 0.026 0.061 0.09 0.019 0.047 0.091 0.04 0.02 0.073 0.021 0.059 0.108 0.009 0.056 0.054
276 I 0.045 0.017 0.014 0.017 0.016 0.013 0.017 0.02 0.008 0.302 0.161 0.023 0.035 0.042 0.014 0.024 0.038 0.006 0.02 0.169
277 W 0.029 0.022 0.015 0.015 0.007 0.015 0.022 0.029 0.015 0.029 0.051 0.022 0.015 0.058 0.007 0.022 0.022 0.514 0.065 0.029
278 D 0.05 0.049 0.057 0.271 0.008 0.055 0.081 0.045 0.019 0.024 0.033 0.101 0.012 0.015 0.023 0.071 0.04 0.004 0.013 0.028
279 N 0.041 0.043 0.346 0.08 0.009 0.032 0.047 0.062 0.03 0.022 0.03 0.052 0.011 0.017 0.019 0.067 0.047 0.004 0.015 0.026
280 A 0.321 0.03 0.024 0.028 0.021 0.024 0.039 0.075 0.014 0.041 0.057 0.043 0.017 0.021 0.028 0.081 0.048 0.005 0.017 0.066
281 I 0.049 0.02 0.015 0.017 0.016 0.015 0.019 0.021 0.009 0.214 0.205 0.025 0.053 0.043 0.014 0.026 0.039 0.006 0.02 0.172
282 N 0.06 0.085 0.133 0.05 0.011 0.036 0.05 0.05 0.04 0.041 0.046 0.107 0.015 0.02 0.023 0.097 0.072 0.005 0.018 0.041
283 A 0.161 0.031 0.029 0.032 0.065 0.028 0.064 0.048 0.087 0.059 0.065 0.04 0.018 0.024 0.022 0.056 0.041 0.005 0.024 0.099
284 I 0.046 0.018 0.015 0.018 0.016 0.014 0.018 0.021 0.009 0.28 0.168 0.024 0.035 0.042 0.015 0.027 0.05 0.006 0.02 0.16
285 S 0.093 0.076 0.036 0.035 0.014 0.052 0.047 0.045 0.017 0.087 0.07 0.079 0.02 0.023 0.023 0.104 0.085 0.005 0.018 0.07
286 L 0.108 0.041 0.062 0.045 0.013 0.034 0.097 0.045 0.036 0.068 0.108 0.072 0.021 0.026 0.022 0.072 0.043 0.005 0.019 0.061
287 N 0.047 0.066 0.225 0.066 0.009 0.04 0.056 0.055 0.027 0.024 0.035 0.145 0.012 0.017 0.022 0.062 0.044 0.005 0.016 0.028
288 P 0.054 0.025 0.022 0.028 0.011 0.02 0.033 0.033 0.012 0.04 0.093 0.038 0.017 0.02 0.417 0.04 0.035 0.003 0.014 0.041
289 L 0.045 0.021 0.016 0.018 0.013 0.015 0.021 0.023 0.014 0.147 0.173 0.025 0.031 0.123 0.064 0.027 0.034 0.01 0.065 0.117
290 F 0.05 0.048 0.024 0.024 0.013 0.041 0.034 0.03 0.015 0.101 0.128 0.05 0.027 0.165 0.016 0.053 0.038 0.009 0.042 0.093
291 G 0.075 0.022 0.037 0.032 0.01 0.018 0.024 0.531 0.013 0.018 0.027 0.032 0.009 0.016 0.018 0.049 0.028 0.005 0.01 0.023
292 Y 0.039 0.03 0.026 0.021 0.009 0.023 0.031 0.026 0.109 0.045 0.093 0.032 0.02 0.099 0.015 0.031 0.027 0.021 0.256 0.045
293 G 0.075 0.022 0.037 0.032 0.01 0.018 0.024 0.531 0.013 0.018 0.027 0.032 0.009 0.016 0.018 0.049 0.028 0.005 0.01 0.023
294 I 0.049 0.062 0.036 0.023 0.014 0.022 0.028 0.026 0.016 0.152 0.147 0.05 0.046 0.045 0.016 0.032 0.038 0.008 0.052 0.139
295 L 0.046 0.028 0.017 0.019 0.015 0.04 0.028 0.023 0.012 0.121 0.296 0.032 0.065 0.046 0.015 0.028 0.035 0.007 0.021 0.104
296 T 0.063 0.039 0.037 0.034 0.014 0.06 0.046 0.039 0.038 0.05 0.077 0.048 0.047 0.035 0.023 0.083 0.147 0.008 0.053 0.059
297 N 0.07 0.039 0.134 0.052 0.012 0.05 0.048 0.104 0.022 0.028 0.043 0.05 0.015 0.057 0.022 0.134 0.055 0.006 0.023 0.035
298 D 0.057 0.034 0.102 0.238 0.011 0.029 0.067 0.051 0.019 0.027 0.035 0.046 0.012 0.017 0.023 0.099 0.082 0.004 0.014 0.034
299 D 0.104 0.044 0.038 0.118 0.011 0.066 0.101 0.044 0.022 0.042 0.052 0.077 0.016 0.029 0.023 0.053 0.039 0.007 0.049 0.065
300 A 0.133 0.028 0.052 0.027 0.017 0.023 0.031 0.043 0.014 0.105 0.118 0.036 0.075 0.033 0.02 0.05 0.044 0.006 0.019 0.126
301 V 0.113 0.023 0.018 0.019 0.018 0.018 0.026 0.034 0.013 0.137 0.109 0.029 0.027 0.041 0.018 0.041 0.044 0.007 0.052 0.215
302 E 0.053 0.084 0.073 0.068 0.009 0.081 0.101 0.09 0.058 0.025 0.04 0.09 0.015 0.018 0.022 0.055 0.06 0.005 0.02 0.032
303 L 0.047 0.029 0.022 0.021 0.013 0.041 0.031 0.025 0.022 0.116 0.169 0.034 0.03 0.064 0.016 0.035 0.058 0.012 0.118 0.095
304 L 0.042 0.023 0.014 0.015 0.015 0.015 0.019 0.021 0.01 0.105 0.373 0.024 0.045 0.088 0.013 0.023 0.031 0.008 0.028 0.088
305 G 0.075 0.022 0.037 0.032 0.01 0.018 0.024 0.531 0.013 0.018 0.027 0.032 0.009 0.016 0.018 0.049 0.028 0.005 0.01 0.023
306 N 0.052 0.047 0.171 0.054 0.011 0.054 0.049 0.048 0.023 0.064 0.09 0.078 0.02 0.024 0.02 0.075 0.046 0.005 0.017 0.052
307 F 0.06 0.025 0.028 0.027 0.014 0.019 0.029 0.036 0.017 0.102 0.096 0.031 0.023 0.183 0.017 0.1 0.046 0.011 0.062 0.074
308 G 0.077 0.031 0.073 0.042 0.012 0.025 0.038 0.212 0.017 0.023 0.034 0.043 0.011 0.017 0.132 0.117 0.049 0.004 0.014 0.031
309 G 0.071 0.035 0.109 0.053 0.012 0.03 0.07 0.213 0.019 0.025 0.036 0.047 0.012 0.018 0.022 0.103 0.072 0.005 0.014 0.033
310 G 0.051 0.024 0.025 0.022 0.01 0.018 0.024 0.192 0.027 0.061 0.062 0.029 0.017 0.072 0.015 0.035 0.028 0.071 0.166 0.05
311 L 0.047 0.02 0.014 0.016 0.016 0.014 0.018 0.02 0.009 0.221 0.237 0.024 0.039 0.045 0.014 0.025 0.037 0.006 0.02 0.158
312 W 0.033 0.061 0.02 0.019 0.008 0.041 0.032 0.03 0.017 0.031 0.055 0.037 0.016 0.085 0.01 0.027 0.025 0.363 0.058 0.032
313 K 0.062 0.058 0.034 0.033 0.013 0.034 0.046 0.037 0.015 0.06 0.064 0.146 0.019 0.021 0.073 0.058 0.112 0.005 0.017 0.096
314 G 0.098 0.025 0.037 0.033 0.013 0.02 0.029 0.388 0.013 0.027 0.037 0.036 0.012 0.017 0.021 0.06 0.08 0.005 0.012 0.036
315 A 0.295 0.029 0.024 0.027 0.02 0.024 0.037 0.07 0.014 0.053 0.064 0.041 0.018 0.022 0.027 0.076 0.048 0.005 0.017 0.089
316 T 0.07 0.034 0.042 0.036 0.017 0.026 0.038 0.042 0.013 0.051 0.062 0.043 0.019 0.023 0.026 0.089 0.279 0.006 0.017 0.068
317 H 0.04 0.044 0.051 0.037 0.007 0.037 0.051 0.037 0.383 0.022 0.037 0.044 0.015 0.029 0.018 0.04 0.026 0.007 0.055 0.022
318 C 0.166 0.021 0.019 0.021 0.312 0.017 0.025 0.049 0.01 0.042 0.06 0.029 0.016 0.02 0.021 0.056 0.04 0.004 0.014 0.059
319 H 0.04 0.044 0.051 0.037 0.007 0.037 0.051 0.037 0.383 0.022 0.037 0.044 0.015 0.029 0.018 0.04 0.026 0.007 0.055 0.022
320 N 0.051 0.035 0.209 0.115 0.109 0.028 0.047 0.054 0.023 0.026 0.037 0.044 0.012 0.017 0.02 0.077 0.046 0.004 0.014 0.033
