#Seq2Logo.py -f /work3/idamei/ssn-clusterings/2206011120/clusters/0014_20/sequences.afa -m 0.0001 -b 50 -o /work3/idamei/ssn-clusterings/2206011120/clusters/0014_20/sequences.logo -p 640x1000 -l 30
#Position Specific Frequency Matrix
A R N D C Q E G H I L K M F P S T W Y V
0 M 0.045 0.028 0.017 0.017 0.014 0.024 0.024 0.024 0.014 0.087 0.17 0.031 0.276 0.042 0.014 0.031 0.035 0.007 0.021 0.08
1 I 0.043 0.076 0.065 0.027 0.011 0.022 0.03 0.029 0.014 0.191 0.094 0.083 0.023 0.077 0.016 0.048 0.035 0.006 0.023 0.089
2 L 0.052 0.032 0.02 0.02 0.016 0.028 0.028 0.028 0.016 0.1 0.196 0.036 0.165 0.048 0.016 0.036 0.04 0.008 0.024 0.092
3 K 0.057 0.107 0.041 0.041 0.009 0.053 0.07 0.043 0.021 0.027 0.043 0.282 0.015 0.015 0.027 0.053 0.04 0.005 0.017 0.033
4 L 0.038 0.031 0.079 0.027 0.01 0.02 0.028 0.028 0.02 0.126 0.128 0.07 0.023 0.103 0.015 0.032 0.031 0.01 0.11 0.071
5 Y 0.046 0.032 0.083 0.039 0.009 0.028 0.083 0.035 0.085 0.043 0.053 0.039 0.015 0.107 0.017 0.077 0.035 0.011 0.126 0.038
6 L 0.046 0.021 0.024 0.054 0.011 0.015 0.025 0.154 0.013 0.062 0.184 0.025 0.026 0.165 0.014 0.031 0.028 0.009 0.038 0.054
7 L 0.062 0.025 0.026 0.025 0.015 0.019 0.028 0.034 0.012 0.148 0.179 0.031 0.03 0.069 0.018 0.107 0.048 0.006 0.024 0.094
8 N 0.041 0.04 0.265 0.163 0.008 0.032 0.059 0.059 0.028 0.022 0.03 0.051 0.011 0.017 0.02 0.064 0.045 0.004 0.014 0.026
9 G 0.068 0.023 0.032 0.029 0.012 0.018 0.024 0.395 0.012 0.042 0.118 0.031 0.019 0.025 0.017 0.044 0.03 0.006 0.013 0.041
10 R 0.041 0.299 0.117 0.041 0.008 0.042 0.048 0.038 0.024 0.022 0.04 0.097 0.014 0.016 0.018 0.048 0.036 0.005 0.016 0.028
11 D 0.052 0.045 0.111 0.126 0.009 0.031 0.052 0.044 0.025 0.026 0.038 0.104 0.013 0.036 0.021 0.097 0.042 0.008 0.089 0.031
12 L 0.041 0.027 0.023 0.022 0.01 0.021 0.029 0.028 0.094 0.065 0.132 0.031 0.065 0.037 0.119 0.03 0.029 0.113 0.033 0.053
13 L 0.043 0.018 0.013 0.015 0.014 0.013 0.017 0.02 0.009 0.198 0.236 0.021 0.034 0.093 0.013 0.023 0.033 0.007 0.026 0.152
14 G 0.056 0.042 0.117 0.04 0.01 0.027 0.037 0.222 0.017 0.029 0.078 0.112 0.014 0.018 0.019 0.077 0.037 0.005 0.013 0.032
15 Y 0.042 0.024 0.063 0.024 0.01 0.018 0.025 0.029 0.023 0.082 0.116 0.028 0.021 0.156 0.014 0.062 0.033 0.013 0.162 0.057
16 F 0.081 0.02 0.018 0.019 0.013 0.014 0.022 0.029 0.011 0.128 0.093 0.025 0.022 0.175 0.076 0.036 0.067 0.008 0.036 0.107
17 L 0.038 0.018 0.014 0.015 0.072 0.013 0.017 0.021 0.011 0.137 0.193 0.02 0.056 0.183 0.012 0.024 0.029 0.009 0.037 0.082
18 G 0.079 0.023 0.039 0.034 0.011 0.019 0.026 0.505 0.014 0.019 0.029 0.034 0.009 0.016 0.019 0.052 0.03 0.005 0.011 0.025
19 V 0.057 0.02 0.018 0.018 0.015 0.015 0.022 0.025 0.009 0.179 0.155 0.025 0.029 0.033 0.015 0.063 0.042 0.005 0.018 0.237
20 F 0.043 0.019 0.02 0.02 0.011 0.013 0.021 0.086 0.013 0.056 0.08 0.023 0.019 0.27 0.074 0.033 0.062 0.01 0.048 0.08
21 L 0.04 0.019 0.014 0.015 0.013 0.013 0.018 0.02 0.01 0.183 0.204 0.021 0.059 0.136 0.012 0.023 0.031 0.008 0.031 0.13
22 F 0.05 0.02 0.021 0.021 0.073 0.015 0.022 0.029 0.012 0.122 0.131 0.025 0.024 0.177 0.014 0.091 0.037 0.008 0.036 0.072
23 L 0.039 0.019 0.013 0.014 0.013 0.013 0.017 0.019 0.01 0.124 0.307 0.021 0.035 0.139 0.012 0.022 0.029 0.008 0.032 0.115
24 F 0.04 0.02 0.018 0.018 0.011 0.014 0.02 0.025 0.013 0.095 0.145 0.022 0.053 0.278 0.012 0.057 0.031 0.011 0.051 0.065
25 I 0.041 0.016 0.013 0.015 0.013 0.011 0.016 0.019 0.009 0.269 0.13 0.02 0.029 0.133 0.012 0.023 0.033 0.007 0.031 0.159
26 Y 0.041 0.028 0.029 0.023 0.009 0.022 0.03 0.028 0.121 0.037 0.057 0.031 0.016 0.113 0.016 0.04 0.096 0.015 0.206 0.041
27 L 0.044 0.018 0.013 0.015 0.015 0.013 0.017 0.019 0.008 0.23 0.243 0.021 0.034 0.039 0.013 0.023 0.034 0.005 0.018 0.178
28 F 0.035 0.019 0.014 0.015 0.011 0.012 0.018 0.021 0.015 0.072 0.176 0.019 0.026 0.288 0.011 0.023 0.026 0.013 0.095 0.09
29 N 0.034 0.031 0.279 0.053 0.008 0.022 0.034 0.045 0.023 0.031 0.051 0.036 0.014 0.168 0.015 0.047 0.036 0.007 0.035 0.031
30 L 0.041 0.019 0.013 0.014 0.014 0.013 0.017 0.019 0.008 0.165 0.352 0.022 0.039 0.043 0.013 0.022 0.032 0.006 0.019 0.13
31 K 0.049 0.092 0.036 0.036 0.007 0.046 0.061 0.037 0.018 0.024 0.037 0.378 0.013 0.013 0.024 0.046 0.034 0.004 0.015 0.028
32 I 0.046 0.02 0.016 0.017 0.014 0.015 0.02 0.022 0.01 0.187 0.161 0.024 0.056 0.084 0.014 0.031 0.069 0.006 0.025 0.163
33 N 0.083 0.03 0.194 0.043 0.012 0.022 0.033 0.044 0.018 0.055 0.06 0.036 0.016 0.07 0.017 0.052 0.075 0.005 0.022 0.111
34 F 0.031 0.018 0.015 0.015 0.01 0.01 0.017 0.021 0.016 0.058 0.136 0.018 0.024 0.394 0.01 0.022 0.023 0.014 0.098 0.051
35 P 0.039 0.019 0.017 0.02 0.01 0.013 0.023 0.026 0.012 0.075 0.074 0.025 0.017 0.219 0.256 0.029 0.027 0.008 0.041 0.05
36 P 0.054 0.024 0.023 0.028 0.01 0.019 0.033 0.034 0.012 0.023 0.032 0.037 0.009 0.012 0.504 0.07 0.036 0.002 0.012 0.028
37 Y 0.037 0.022 0.017 0.016 0.01 0.017 0.022 0.021 0.03 0.058 0.114 0.025 0.021 0.136 0.013 0.026 0.026 0.019 0.287 0.082
38 Y 0.045 0.028 0.109 0.034 0.009 0.022 0.032 0.035 0.028 0.029 0.043 0.035 0.013 0.058 0.138 0.07 0.035 0.013 0.19 0.033
39 L 0.048 0.024 0.019 0.019 0.014 0.018 0.023 0.025 0.01 0.114 0.302 0.027 0.061 0.039 0.015 0.063 0.07 0.006 0.018 0.083
40 L 0.041 0.018 0.013 0.014 0.014 0.012 0.017 0.019 0.009 0.22 0.242 0.021 0.034 0.088 0.012 0.022 0.032 0.006 0.025 0.142
41 L 0.078 0.021 0.015 0.015 0.014 0.015 0.02 0.025 0.013 0.085 0.292 0.024 0.033 0.097 0.014 0.028 0.031 0.009 0.069 0.103
42 P 0.042 0.019 0.016 0.02 0.011 0.014 0.023 0.025 0.011 0.116 0.119 0.026 0.021 0.123 0.257 0.029 0.03 0.006 0.028 0.065
43 L 0.049 0.024 0.023 0.022 0.013 0.018 0.025 0.028 0.018 0.091 0.159 0.029 0.024 0.099 0.016 0.07 0.104 0.011 0.111 0.067
44 A 0.17 0.023 0.024 0.025 0.015 0.019 0.027 0.164 0.011 0.087 0.106 0.032 0.02 0.024 0.019 0.079 0.04 0.005 0.015 0.096
45 L 0.044 0.019 0.019 0.019 0.011 0.013 0.019 0.145 0.011 0.099 0.182 0.023 0.025 0.141 0.074 0.028 0.027 0.007 0.03 0.064
46 F 0.08 0.02 0.018 0.019 0.013 0.014 0.022 0.029 0.012 0.126 0.147 0.024 0.025 0.216 0.014 0.061 0.033 0.009 0.042 0.076
47 G 0.071 0.021 0.035 0.031 0.01 0.018 0.025 0.52 0.012 0.017 0.026 0.031 0.009 0.014 0.017 0.076 0.031 0.005 0.01 0.023
48 F 0.041 0.019 0.018 0.017 0.011 0.012 0.018 0.144 0.012 0.061 0.203 0.021 0.026 0.228 0.012 0.027 0.025 0.01 0.042 0.053
49 L 0.039 0.018 0.013 0.014 0.028 0.012 0.017 0.02 0.01 0.119 0.265 0.02 0.033 0.173 0.012 0.023 0.029 0.008 0.036 0.111
50 F 0.036 0.018 0.014 0.015 0.012 0.012 0.017 0.02 0.014 0.168 0.19 0.02 0.029 0.193 0.011 0.022 0.028 0.011 0.081 0.089
51 F 0.031 0.017 0.015 0.015 0.01 0.01 0.017 0.022 0.014 0.093 0.107 0.017 0.024 0.405 0.01 0.022 0.024 0.014 0.071 0.062
52 L 0.036 0.02 0.014 0.015 0.012 0.013 0.018 0.021 0.015 0.094 0.24 0.021 0.031 0.209 0.012 0.023 0.027 0.012 0.089 0.079
53 L 0.042 0.045 0.022 0.023 0.011 0.058 0.038 0.026 0.014 0.067 0.251 0.114 0.03 0.086 0.016 0.032 0.031 0.007 0.026 0.06
54 N 0.043 0.045 0.164 0.149 0.068 0.033 0.091 0.042 0.02 0.022 0.032 0.117 0.011 0.015 0.019 0.049 0.036 0.004 0.013 0.027
55 L 0.051 0.021 0.018 0.018 0.014 0.015 0.022 0.025 0.01 0.129 0.234 0.025 0.032 0.091 0.014 0.06 0.038 0.007 0.026 0.151
56 I 0.047 0.023 0.067 0.026 0.012 0.017 0.025 0.029 0.016 0.145 0.137 0.028 0.025 0.096 0.015 0.065 0.038 0.009 0.073 0.106
57 K 0.049 0.075 0.117 0.041 0.009 0.036 0.049 0.039 0.018 0.038 0.046 0.219 0.014 0.017 0.021 0.051 0.072 0.004 0.015 0.069
58 N 0.051 0.04 0.151 0.092 0.01 0.023 0.039 0.104 0.019 0.028 0.045 0.039 0.013 0.117 0.017 0.107 0.041 0.006 0.027 0.031
59 G 0.052 0.046 0.172 0.048 0.008 0.029 0.04 0.245 0.019 0.02 0.029 0.121 0.01 0.015 0.019 0.052 0.035 0.004 0.013 0.024
60 F 0.04 0.018 0.016 0.017 0.013 0.012 0.018 0.023 0.013 0.172 0.139 0.021 0.031 0.22 0.012 0.025 0.032 0.011 0.054 0.114
61 L 0.044 0.024 0.014 0.015 0.016 0.016 0.02 0.021 0.01 0.114 0.385 0.025 0.049 0.054 0.014 0.024 0.033 0.007 0.022 0.095
62 L 0.041 0.07 0.016 0.016 0.013 0.017 0.021 0.021 0.011 0.123 0.276 0.032 0.034 0.092 0.013 0.025 0.031 0.007 0.026 0.116
63 K 0.056 0.106 0.041 0.041 0.009 0.053 0.07 0.043 0.02 0.027 0.043 0.285 0.015 0.015 0.027 0.053 0.039 0.005 0.017 0.032
64 P 0.043 0.06 0.111 0.084 0.01 0.023 0.046 0.033 0.015 0.082 0.1 0.04 0.018 0.022 0.138 0.039 0.035 0.004 0.014 0.084
65 K 0.043 0.143 0.159 0.045 0.008 0.036 0.048 0.041 0.021 0.021 0.034 0.168 0.012 0.014 0.08 0.048 0.036 0.004 0.014 0.026
66 K 0.048 0.085 0.038 0.085 0.007 0.044 0.063 0.038 0.018 0.023 0.036 0.34 0.013 0.013 0.023 0.046 0.034 0.004 0.014 0.027
67 Y 0.034 0.022 0.02 0.017 0.009 0.016 0.023 0.022 0.073 0.078 0.079 0.024 0.019 0.214 0.012 0.026 0.024 0.017 0.216 0.053
68 L 0.042 0.022 0.018 0.018 0.012 0.015 0.022 0.024 0.018 0.098 0.209 0.024 0.028 0.152 0.013 0.057 0.031 0.012 0.119 0.068
69 L 0.048 0.021 0.016 0.016 0.015 0.014 0.02 0.023 0.012 0.112 0.209 0.023 0.035 0.163 0.013 0.027 0.035 0.01 0.043 0.144
70 N 0.052 0.029 0.113 0.036 0.011 0.022 0.032 0.039 0.022 0.071 0.06 0.035 0.017 0.091 0.018 0.106 0.076 0.01 0.11 0.051
71 F 0.041 0.026 0.064 0.026 0.009 0.05 0.03 0.089 0.022 0.049 0.069 0.031 0.018 0.19 0.014 0.033 0.029 0.012 0.124 0.074
72 L 0.042 0.02 0.017 0.017 0.012 0.013 0.02 0.024 0.011 0.137 0.223 0.022 0.03 0.183 0.013 0.055 0.032 0.009 0.038 0.081
73 F 0.039 0.017 0.014 0.015 0.012 0.011 0.017 0.021 0.011 0.148 0.142 0.019 0.027 0.242 0.011 0.023 0.03 0.01 0.046 0.145
74 L 0.04 0.019 0.015 0.016 0.012 0.013 0.017 0.081 0.01 0.141 0.262 0.021 0.032 0.136 0.012 0.024 0.028 0.008 0.031 0.084
75 I 0.043 0.016 0.013 0.015 0.014 0.012 0.016 0.018 0.008 0.316 0.176 0.021 0.032 0.038 0.013 0.022 0.035 0.005 0.018 0.169
76 S 0.11 0.04 0.054 0.049 0.018 0.033 0.052 0.066 0.019 0.03 0.042 0.054 0.016 0.021 0.03 0.22 0.082 0.005 0.018 0.042
77 L 0.043 0.02 0.017 0.017 0.013 0.014 0.02 0.023 0.011 0.142 0.263 0.023 0.032 0.136 0.013 0.055 0.033 0.008 0.031 0.085
78 L 0.08 0.019 0.016 0.017 0.013 0.014 0.019 0.086 0.01 0.192 0.195 0.023 0.029 0.084 0.014 0.03 0.032 0.006 0.023 0.098
79 L 0.051 0.028 0.024 0.023 0.012 0.052 0.032 0.03 0.014 0.063 0.207 0.033 0.055 0.131 0.016 0.093 0.038 0.008 0.031 0.058
80 L 0.047 0.021 0.019 0.019 0.013 0.015 0.021 0.07 0.01 0.138 0.256 0.025 0.031 0.086 0.014 0.059 0.043 0.006 0.024 0.083
81 L 0.067 0.021 0.015 0.016 0.013 0.015 0.02 0.025 0.012 0.108 0.197 0.023 0.084 0.184 0.013 0.028 0.03 0.009 0.038 0.084
82 F 0.036 0.017 0.014 0.015 0.011 0.011 0.017 0.021 0.011 0.164 0.104 0.019 0.024 0.185 0.01 0.022 0.028 0.132 0.046 0.113
83 L 0.062 0.023 0.023 0.021 0.072 0.017 0.024 0.092 0.014 0.052 0.183 0.028 0.023 0.042 0.015 0.087 0.036 0.069 0.064 0.051
84 L 0.126 0.023 0.022 0.022 0.014 0.017 0.025 0.097 0.012 0.091 0.187 0.029 0.025 0.079 0.017 0.078 0.037 0.006 0.023 0.068
85 I 0.043 0.017 0.013 0.015 0.014 0.012 0.017 0.019 0.009 0.253 0.167 0.02 0.031 0.098 0.012 0.023 0.034 0.006 0.026 0.172
86 S 0.095 0.035 0.047 0.042 0.015 0.029 0.045 0.057 0.017 0.026 0.036 0.047 0.014 0.018 0.026 0.328 0.071 0.004 0.015 0.036
87 F 0.041 0.022 0.019 0.018 0.011 0.016 0.023 0.026 0.02 0.056 0.13 0.025 0.05 0.236 0.013 0.058 0.03 0.014 0.141 0.052
88 L 0.041 0.02 0.013 0.014 0.014 0.015 0.018 0.019 0.009 0.17 0.321 0.023 0.065 0.043 0.013 0.023 0.032 0.006 0.019 0.124
89 I 0.043 0.019 0.015 0.015 0.013 0.014 0.019 0.02 0.014 0.185 0.15 0.023 0.056 0.096 0.013 0.025 0.033 0.009 0.079 0.16
90 N 0.037 0.039 0.411 0.072 0.008 0.029 0.043 0.056 0.027 0.019 0.027 0.046 0.01 0.016 0.017 0.06 0.043 0.004 0.014 0.023
91 Q 0.055 0.046 0.033 0.034 0.01 0.188 0.061 0.095 0.02 0.062 0.063 0.058 0.046 0.019 0.019 0.074 0.038 0.005 0.017 0.055
92 V 0.049 0.032 0.07 0.084 0.011 0.025 0.074 0.091 0.014 0.125 0.073 0.071 0.019 0.023 0.017 0.038 0.035 0.005 0.015 0.129
93 G 0.071 0.025 0.032 0.029 0.013 0.02 0.03 0.219 0.015 0.05 0.052 0.033 0.015 0.03 0.019 0.133 0.044 0.007 0.058 0.106
94 D 0.042 0.027 0.058 0.432 0.007 0.026 0.075 0.042 0.016 0.02 0.025 0.04 0.009 0.013 0.02 0.076 0.035 0.003 0.01 0.023
95 F 0.031 0.019 0.015 0.015 0.009 0.012 0.018 0.021 0.02 0.056 0.13 0.019 0.023 0.345 0.01 0.023 0.023 0.016 0.145 0.05
96 F 0.032 0.021 0.021 0.067 0.008 0.015 0.027 0.024 0.026 0.043 0.073 0.024 0.018 0.261 0.012 0.027 0.024 0.018 0.218 0.041
97 F 0.032 0.02 0.016 0.015 0.009 0.013 0.02 0.022 0.025 0.048 0.082 0.021 0.019 0.322 0.011 0.024 0.023 0.019 0.216 0.044
98 L 0.043 0.018 0.014 0.015 0.013 0.012 0.018 0.02 0.01 0.129 0.189 0.02 0.029 0.182 0.012 0.024 0.032 0.008 0.038 0.174
99 K 0.047 0.122 0.033 0.032 0.008 0.042 0.054 0.034 0.017 0.062 0.05 0.308 0.015 0.016 0.022 0.043 0.034 0.005 0.015 0.042
100 E 0.048 0.045 0.035 0.074 0.007 0.085 0.36 0.031 0.023 0.019 0.033 0.067 0.012 0.014 0.022 0.048 0.032 0.005 0.015 0.027
101 I 0.045 0.019 0.057 0.022 0.014 0.014 0.019 0.023 0.01 0.281 0.124 0.024 0.028 0.034 0.014 0.027 0.037 0.005 0.017 0.186
102 I 0.04 0.017 0.014 0.015 0.073 0.012 0.016 0.02 0.012 0.232 0.155 0.02 0.028 0.093 0.012 0.024 0.031 0.008 0.067 0.109
103 L 0.046 0.019 0.013 0.014 0.015 0.014 0.018 0.019 0.008 0.151 0.301 0.022 0.036 0.04 0.013 0.024 0.034 0.006 0.019 0.188
104 Y 0.039 0.022 0.018 0.017 0.011 0.016 0.022 0.022 0.024 0.091 0.162 0.025 0.025 0.119 0.014 0.03 0.062 0.015 0.2 0.065
105 S 0.116 0.035 0.083 0.048 0.014 0.031 0.082 0.055 0.018 0.025 0.036 0.048 0.013 0.017 0.024 0.238 0.06 0.004 0.015 0.036
106 L 0.041 0.018 0.013 0.014 0.014 0.012 0.017 0.019 0.009 0.22 0.242 0.021 0.034 0.088 0.012 0.022 0.032 0.006 0.025 0.142
107 F 0.043 0.019 0.016 0.017 0.013 0.013 0.019 0.022 0.01 0.148 0.147 0.022 0.027 0.18 0.013 0.03 0.067 0.008 0.037 0.148
108 S 0.06 0.027 0.03 0.027 0.012 0.02 0.031 0.037 0.021 0.042 0.092 0.033 0.019 0.155 0.018 0.159 0.045 0.012 0.119 0.044
109 F 0.035 0.019 0.015 0.015 0.01 0.012 0.019 0.021 0.019 0.066 0.132 0.02 0.024 0.296 0.011 0.024 0.025 0.015 0.138 0.086
110 F 0.029 0.016 0.015 0.015 0.009 0.009 0.016 0.022 0.015 0.055 0.098 0.016 0.022 0.471 0.009 0.022 0.022 0.015 0.077 0.047
111 S 0.121 0.033 0.041 0.037 0.015 0.027 0.042 0.054 0.019 0.028 0.04 0.044 0.014 0.029 0.024 0.266 0.062 0.007 0.059 0.039
112 A 0.317 0.026 0.024 0.026 0.018 0.022 0.034 0.061 0.013 0.073 0.06 0.037 0.017 0.021 0.024 0.096 0.045 0.005 0.015 0.067
113 L 0.035 0.02 0.015 0.015 0.011 0.013 0.018 0.02 0.018 0.101 0.216 0.021 0.029 0.202 0.012 0.023 0.026 0.013 0.125 0.069
114 F 0.077 0.02 0.019 0.019 0.011 0.013 0.022 0.03 0.014 0.054 0.127 0.023 0.023 0.324 0.013 0.061 0.03 0.011 0.057 0.051
115 I 0.045 0.017 0.013 0.015 0.015 0.012 0.017 0.019 0.008 0.29 0.173 0.021 0.032 0.037 0.013 0.023 0.036 0.005 0.018 0.193
116 K 0.051 0.055 0.07 0.033 0.011 0.031 0.042 0.034 0.015 0.091 0.067 0.185 0.018 0.021 0.02 0.045 0.072 0.005 0.016 0.121
117 Y 0.047 0.084 0.069 0.03 0.01 0.027 0.037 0.033 0.023 0.043 0.057 0.106 0.016 0.092 0.017 0.069 0.036 0.011 0.121 0.071
118 L 0.079 0.019 0.015 0.016 0.014 0.014 0.02 0.025 0.013 0.176 0.187 0.023 0.029 0.094 0.014 0.029 0.032 0.008 0.068 0.127
119 F 0.039 0.019 0.017 0.017 0.012 0.013 0.02 0.023 0.015 0.102 0.136 0.022 0.025 0.237 0.013 0.029 0.063 0.011 0.088 0.1
120 K 0.042 0.085 0.029 0.079 0.069 0.03 0.079 0.029 0.018 0.037 0.094 0.116 0.017 0.08 0.017 0.036 0.03 0.008 0.065 0.039
121 K 0.056 0.106 0.041 0.041 0.009 0.053 0.07 0.043 0.02 0.027 0.043 0.285 0.015 0.015 0.027 0.053 0.039 0.005 0.017 0.032
122 K 0.046 0.042 0.075 0.031 0.01 0.025 0.035 0.101 0.019 0.066 0.071 0.116 0.017 0.087 0.018 0.044 0.071 0.008 0.072 0.048
123 I 0.047 0.018 0.015 0.018 0.016 0.013 0.018 0.021 0.009 0.271 0.168 0.024 0.037 0.044 0.015 0.025 0.04 0.006 0.021 0.177
124 K 0.045 0.044 0.024 0.024 0.011 0.025 0.034 0.029 0.013 0.117 0.112 0.142 0.022 0.124 0.017 0.045 0.067 0.007 0.03 0.069
125 G 0.047 0.038 0.178 0.143 0.008 0.027 0.048 0.196 0.02 0.019 0.027 0.08 0.009 0.014 0.019 0.051 0.035 0.004 0.012 0.023
126 I 0.05 0.028 0.028 0.081 0.011 0.055 0.078 0.03 0.014 0.117 0.074 0.038 0.019 0.072 0.078 0.067 0.037 0.005 0.022 0.096
127 N 0.039 0.093 0.197 0.119 0.007 0.035 0.098 0.044 0.082 0.02 0.031 0.056 0.011 0.017 0.018 0.051 0.035 0.005 0.019 0.024
128 Y 0.035 0.026 0.079 0.089 0.008 0.02 0.034 0.03 0.032 0.035 0.056 0.03 0.015 0.136 0.014 0.034 0.028 0.017 0.244 0.037
129 D 0.041 0.087 0.144 0.166 0.009 0.027 0.049 0.04 0.018 0.035 0.093 0.049 0.016 0.02 0.018 0.051 0.078 0.004 0.014 0.038
130 F 0.035 0.02 0.016 0.016 0.01 0.015 0.02 0.022 0.021 0.099 0.106 0.022 0.057 0.242 0.012 0.025 0.027 0.015 0.154 0.066
131 D 0.041 0.043 0.127 0.205 0.007 0.038 0.164 0.04 0.021 0.02 0.029 0.096 0.01 0.014 0.02 0.049 0.034 0.004 0.013 0.024
132 N 0.04 0.082 0.159 0.091 0.008 0.028 0.043 0.039 0.022 0.029 0.044 0.082 0.013 0.077 0.018 0.049 0.069 0.008 0.065 0.033
133 L 0.046 0.018 0.013 0.015 0.015 0.013 0.018 0.019 0.008 0.204 0.24 0.022 0.034 0.039 0.013 0.024 0.035 0.005 0.018 0.202
134 V 0.05 0.02 0.019 0.019 0.074 0.015 0.021 0.025 0.009 0.146 0.138 0.024 0.026 0.079 0.015 0.038 0.104 0.006 0.023 0.15
135 F 0.042 0.042 0.024 0.024 0.01 0.056 0.037 0.028 0.018 0.05 0.14 0.108 0.022 0.146 0.016 0.037 0.064 0.01 0.076 0.049
136 F 0.038 0.023 0.06 0.022 0.011 0.016 0.022 0.026 0.018 0.066 0.104 0.025 0.077 0.236 0.012 0.029 0.03 0.012 0.088 0.087
137 F 0.057 0.02 0.02 0.02 0.013 0.015 0.022 0.028 0.012 0.159 0.141 0.025 0.026 0.179 0.014 0.083 0.037 0.008 0.037 0.084
138 V 0.065 0.024 0.027 0.025 0.014 0.018 0.027 0.094 0.012 0.1 0.118 0.03 0.022 0.076 0.017 0.128 0.045 0.006 0.023 0.128
139 L 0.042 0.025 0.019 0.02 0.012 0.049 0.027 0.023 0.015 0.164 0.179 0.03 0.028 0.092 0.014 0.031 0.066 0.008 0.068 0.089
140 A 0.21 0.025 0.024 0.025 0.017 0.02 0.031 0.048 0.011 0.072 0.07 0.034 0.019 0.023 0.022 0.087 0.08 0.005 0.016 0.16
141 V 0.052 0.019 0.014 0.015 0.015 0.014 0.019 0.021 0.008 0.15 0.147 0.022 0.028 0.036 0.013 0.026 0.038 0.067 0.022 0.276
142 V 0.151 0.024 0.026 0.025 0.016 0.02 0.03 0.103 0.011 0.076 0.07 0.033 0.019 0.023 0.02 0.108 0.047 0.005 0.016 0.179
143 F 0.044 0.02 0.019 0.019 0.012 0.014 0.02 0.085 0.012 0.098 0.1 0.023 0.05 0.226 0.013 0.033 0.064 0.009 0.043 0.097
144 Q 0.047 0.061 0.079 0.044 0.008 0.29 0.084 0.038 0.026 0.022 0.039 0.075 0.017 0.013 0.02 0.05 0.036 0.005 0.017 0.03
145 L 0.039 0.02 0.012 0.013 0.014 0.014 0.017 0.018 0.009 0.13 0.426 0.022 0.042 0.046 0.012 0.021 0.029 0.006 0.019 0.091
146 L 0.04 0.018 0.013 0.014 0.013 0.012 0.017 0.019 0.009 0.185 0.236 0.02 0.033 0.137 0.012 0.022 0.031 0.007 0.031 0.13
147 L 0.036 0.019 0.013 0.014 0.012 0.012 0.017 0.019 0.011 0.115 0.305 0.02 0.035 0.188 0.011 0.021 0.027 0.009 0.038 0.079
148 S 0.095 0.035 0.047 0.042 0.015 0.029 0.045 0.057 0.017 0.026 0.036 0.047 0.014 0.018 0.026 0.328 0.071 0.004 0.015 0.036
149 F 0.036 0.019 0.016 0.016 0.011 0.012 0.018 0.022 0.012 0.099 0.18 0.021 0.027 0.279 0.012 0.028 0.061 0.011 0.05 0.068
150 I 0.044 0.017 0.013 0.015 0.014 0.013 0.017 0.019 0.008 0.266 0.209 0.021 0.033 0.039 0.013 0.023 0.035 0.005 0.018 0.179
151 A 0.24 0.023 0.021 0.022 0.076 0.018 0.028 0.109 0.011 0.054 0.101 0.031 0.019 0.023 0.021 0.055 0.038 0.005 0.015 0.091
152 Y 0.035 0.027 0.106 0.028 0.008 0.02 0.027 0.029 0.034 0.035 0.056 0.03 0.015 0.131 0.014 0.034 0.028 0.019 0.286 0.037
153 L 0.042 0.02 0.014 0.015 0.014 0.015 0.018 0.02 0.01 0.187 0.212 0.023 0.087 0.088 0.013 0.024 0.033 0.007 0.025 0.133
154 N 0.061 0.031 0.158 0.043 0.012 0.024 0.036 0.045 0.021 0.057 0.054 0.039 0.016 0.031 0.019 0.138 0.05 0.007 0.059 0.1
155 P 0.092 0.024 0.023 0.028 0.011 0.02 0.033 0.038 0.012 0.024 0.034 0.037 0.01 0.013 0.444 0.074 0.037 0.003 0.012 0.031
156 S 0.074 0.029 0.041 0.084 0.014 0.024 0.041 0.105 0.014 0.041 0.046 0.039 0.015 0.019 0.022 0.176 0.12 0.005 0.014 0.075
157 F 0.035 0.017 0.013 0.014 0.012 0.011 0.016 0.02 0.011 0.163 0.203 0.019 0.03 0.233 0.011 0.022 0.027 0.01 0.044 0.088
158 F 0.03 0.017 0.014 0.014 0.01 0.01 0.016 0.022 0.014 0.06 0.139 0.017 0.024 0.424 0.009 0.022 0.023 0.014 0.07 0.051
159 N 0.043 0.035 0.292 0.159 0.008 0.028 0.051 0.053 0.024 0.02 0.027 0.045 0.01 0.015 0.019 0.086 0.043 0.004 0.013 0.024
160 L 0.091 0.021 0.016 0.017 0.014 0.015 0.021 0.027 0.01 0.147 0.221 0.025 0.03 0.084 0.015 0.034 0.06 0.006 0.024 0.121
161 L 0.043 0.019 0.015 0.016 0.014 0.013 0.018 0.021 0.009 0.187 0.233 0.022 0.032 0.087 0.013 0.027 0.059 0.006 0.025 0.14
162 F 0.031 0.017 0.014 0.014 0.01 0.01 0.016 0.021 0.013 0.095 0.144 0.017 0.025 0.376 0.01 0.022 0.024 0.013 0.064 0.063
163 S 0.113 0.034 0.043 0.087 0.013 0.059 0.05 0.112 0.017 0.025 0.036 0.046 0.013 0.016 0.023 0.205 0.054 0.004 0.014 0.035
164 I 0.039 0.016 0.013 0.015 0.013 0.011 0.016 0.018 0.008 0.306 0.175 0.02 0.032 0.087 0.012 0.022 0.032 0.006 0.024 0.133
165 F 0.04 0.017 0.014 0.015 0.012 0.011 0.017 0.02 0.011 0.173 0.116 0.019 0.026 0.229 0.011 0.023 0.031 0.009 0.044 0.16
166 D 0.052 0.036 0.161 0.197 0.009 0.061 0.06 0.049 0.021 0.021 0.03 0.047 0.011 0.015 0.02 0.121 0.045 0.004 0.013 0.027
167 I 0.045 0.111 0.02 0.019 0.013 0.02 0.025 0.023 0.011 0.202 0.143 0.041 0.027 0.031 0.015 0.032 0.069 0.005 0.017 0.131
168 A 0.279 0.031 0.026 0.03 0.022 0.026 0.041 0.079 0.015 0.044 0.06 0.045 0.018 0.022 0.03 0.086 0.051 0.005 0.018 0.07
169 I 0.048 0.018 0.015 0.018 0.016 0.014 0.018 0.021 0.009 0.26 0.17 0.024 0.037 0.045 0.015 0.025 0.04 0.006 0.021 0.179
170 D 0.056 0.031 0.052 0.249 0.009 0.032 0.113 0.128 0.018 0.021 0.029 0.046 0.01 0.015 0.022 0.087 0.039 0.004 0.012 0.026
171 G 0.05 0.027 0.161 0.092 0.008 0.022 0.035 0.282 0.02 0.02 0.029 0.036 0.01 0.025 0.017 0.048 0.032 0.006 0.055 0.024
172 L 0.083 0.021 0.014 0.015 0.014 0.015 0.02 0.026 0.01 0.122 0.271 0.024 0.033 0.042 0.014 0.029 0.032 0.074 0.024 0.117
173 D 0.046 0.03 0.048 0.292 0.008 0.032 0.14 0.039 0.017 0.02 0.028 0.045 0.009 0.014 0.081 0.076 0.035 0.004 0.011 0.025
174 K 0.065 0.049 0.036 0.04 0.011 0.035 0.091 0.116 0.016 0.034 0.094 0.134 0.017 0.02 0.022 0.119 0.043 0.005 0.015 0.038
175 D 0.041 0.034 0.091 0.292 0.008 0.062 0.106 0.04 0.019 0.023 0.031 0.047 0.011 0.014 0.02 0.051 0.068 0.004 0.012 0.027
176 K 0.09 0.048 0.03 0.029 0.013 0.029 0.04 0.037 0.014 0.081 0.073 0.148 0.046 0.022 0.021 0.055 0.132 0.005 0.016 0.071
177 L 0.085 0.021 0.017 0.018 0.015 0.015 0.021 0.026 0.009 0.157 0.223 0.025 0.031 0.035 0.016 0.035 0.07 0.005 0.018 0.157
178 D 0.085 0.03 0.033 0.132 0.011 0.058 0.085 0.036 0.015 0.11 0.107 0.041 0.02 0.024 0.019 0.072 0.038 0.005 0.015 0.065
179 G 0.052 0.039 0.109 0.056 0.009 0.03 0.079 0.16 0.068 0.022 0.033 0.078 0.011 0.027 0.019 0.077 0.035 0.007 0.061 0.027
180 F 0.032 0.018 0.014 0.014 0.011 0.011 0.017 0.021 0.013 0.07 0.22 0.018 0.029 0.33 0.01 0.022 0.024 0.012 0.057 0.059
181 N 0.089 0.036 0.287 0.06 0.011 0.028 0.042 0.058 0.023 0.023 0.032 0.046 0.011 0.016 0.02 0.121 0.049 0.004 0.014 0.03
182 E 0.045 0.043 0.08 0.118 0.007 0.079 0.286 0.035 0.022 0.02 0.031 0.062 0.011 0.014 0.021 0.049 0.033 0.005 0.014 0.026
183 G 0.127 0.029 0.026 0.03 0.012 0.056 0.073 0.157 0.017 0.078 0.06 0.039 0.017 0.03 0.019 0.045 0.034 0.007 0.059 0.087
184 R 0.038 0.435 0.033 0.027 0.007 0.042 0.045 0.028 0.02 0.02 0.04 0.104 0.013 0.015 0.017 0.038 0.03 0.005 0.015 0.027
185 L 0.042 0.025 0.016 0.016 0.013 0.02 0.022 0.022 0.015 0.085 0.255 0.028 0.17 0.051 0.013 0.027 0.032 0.009 0.064 0.076
186 V 0.056 0.018 0.014 0.015 0.016 0.014 0.019 0.021 0.007 0.193 0.12 0.022 0.028 0.032 0.014 0.027 0.041 0.005 0.018 0.321
187 G 0.103 0.021 0.032 0.029 0.01 0.017 0.023 0.521 0.012 0.019 0.027 0.03 0.009 0.014 0.017 0.047 0.028 0.005 0.01 0.025
188 I 0.047 0.018 0.013 0.015 0.015 0.013 0.017 0.019 0.008 0.235 0.204 0.021 0.033 0.038 0.013 0.024 0.036 0.005 0.018 0.209
189 G 0.063 0.019 0.032 0.027 0.009 0.015 0.021 0.516 0.012 0.021 0.033 0.028 0.01 0.065 0.015 0.042 0.025 0.006 0.017 0.024
190 A 0.274 0.039 0.069 0.034 0.015 0.059 0.045 0.059 0.016 0.032 0.046 0.081 0.015 0.017 0.024 0.066 0.041 0.005 0.015 0.049
191 S 0.155 0.031 0.038 0.037 0.015 0.026 0.041 0.057 0.015 0.028 0.039 0.044 0.013 0.017 0.085 0.239 0.06 0.004 0.015 0.04
192 F 0.029 0.016 0.015 0.015 0.009 0.009 0.016 0.022 0.015 0.055 0.098 0.016 0.022 0.471 0.009 0.022 0.022 0.015 0.077 0.047
193 F 0.029 0.016 0.015 0.015 0.009 0.009 0.016 0.022 0.015 0.055 0.098 0.016 0.022 0.471 0.009 0.022 0.022 0.015 0.077 0.047
194 G 0.139 0.021 0.031 0.028 0.011 0.018 0.025 0.464 0.012 0.021 0.03 0.031 0.01 0.015 0.018 0.051 0.029 0.005 0.011 0.029
195 S 0.106 0.03 0.037 0.034 0.015 0.024 0.038 0.05 0.015 0.038 0.092 0.04 0.018 0.072 0.022 0.238 0.058 0.006 0.022 0.045
196 G 0.103 0.021 0.032 0.029 0.01 0.017 0.023 0.521 0.012 0.019 0.027 0.03 0.009 0.014 0.017 0.047 0.028 0.005 0.01 0.025
197 I 0.047 0.016 0.013 0.015 0.015 0.012 0.017 0.019 0.007 0.295 0.134 0.021 0.03 0.036 0.013 0.024 0.037 0.005 0.018 0.225
198 I 0.042 0.018 0.013 0.015 0.014 0.013 0.017 0.018 0.008 0.255 0.247 0.021 0.035 0.04 0.013 0.022 0.033 0.005 0.018 0.153
199 N 0.037 0.037 0.372 0.117 0.008 0.029 0.047 0.054 0.026 0.019 0.027 0.046 0.009 0.015 0.018 0.058 0.041 0.004 0.013 0.023
200 C 0.078 0.025 0.032 0.03 0.255 0.021 0.031 0.044 0.012 0.031 0.045 0.034 0.014 0.018 0.02 0.198 0.053 0.004 0.013 0.042
201 F 0.033 0.017 0.014 0.015 0.011 0.01 0.016 0.021 0.012 0.13 0.149 0.018 0.026 0.328 0.01 0.022 0.025 0.012 0.057 0.075
202 F 0.122 0.023 0.024 0.023 0.014 0.017 0.026 0.037 0.012 0.086 0.079 0.029 0.02 0.16 0.018 0.053 0.138 0.008 0.034 0.075
203 L 0.038 0.021 0.012 0.013 0.014 0.014 0.017 0.018 0.009 0.099 0.462 0.022 0.043 0.047 0.012 0.021 0.029 0.006 0.019 0.083
204 I 0.047 0.017 0.013 0.015 0.015 0.013 0.017 0.019 0.008 0.265 0.169 0.021 0.031 0.037 0.013 0.024 0.036 0.005 0.018 0.217
205 L 0.041 0.021 0.012 0.013 0.014 0.014 0.018 0.019 0.009 0.104 0.423 0.022 0.041 0.045 0.012 0.022 0.03 0.006 0.019 0.115
206 L 0.038 0.019 0.013 0.014 0.013 0.013 0.017 0.019 0.009 0.185 0.316 0.021 0.037 0.091 0.012 0.021 0.03 0.007 0.025 0.102
207 A 0.317 0.028 0.024 0.027 0.018 0.023 0.035 0.062 0.013 0.041 0.063 0.038 0.044 0.021 0.024 0.097 0.045 0.005 0.016 0.059
208 S 0.099 0.025 0.028 0.027 0.013 0.02 0.03 0.101 0.017 0.043 0.055 0.033 0.016 0.084 0.018 0.133 0.043 0.07 0.071 0.075
209 L 0.037 0.027 0.032 0.021 0.01 0.05 0.03 0.024 0.067 0.088 0.161 0.03 0.025 0.146 0.013 0.028 0.027 0.011 0.111 0.06
210 L 0.039 0.017 0.013 0.014 0.014 0.012 0.016 0.019 0.009 0.239 0.244 0.02 0.034 0.089 0.012 0.022 0.031 0.006 0.025 0.124
211 V 0.057 0.086 0.071 0.032 0.011 0.028 0.037 0.095 0.015 0.062 0.06 0.117 0.017 0.02 0.018 0.072 0.041 0.005 0.015 0.141
212 F 0.051 0.083 0.03 0.027 0.01 0.024 0.033 0.1 0.019 0.035 0.057 0.082 0.016 0.141 0.017 0.075 0.072 0.01 0.079 0.039
213 E 0.061 0.037 0.083 0.056 0.01 0.037 0.17 0.042 0.023 0.026 0.05 0.051 0.013 0.029 0.022 0.14 0.046 0.007 0.064 0.033
214 K 0.058 0.115 0.037 0.036 0.024 0.041 0.054 0.04 0.018 0.024 0.038 0.264 0.013 0.015 0.023 0.107 0.042 0.005 0.015 0.03
215 I 0.076 0.028 0.033 0.032 0.016 0.022 0.034 0.042 0.014 0.162 0.101 0.038 0.025 0.031 0.021 0.135 0.059 0.005 0.018 0.106
216 K 0.095 0.048 0.077 0.05 0.011 0.062 0.049 0.09 0.021 0.026 0.039 0.119 0.013 0.026 0.021 0.111 0.042 0.007 0.059 0.034
217 K 0.057 0.064 0.036 0.035 0.01 0.036 0.05 0.039 0.016 0.029 0.041 0.228 0.014 0.015 0.084 0.084 0.108 0.004 0.015 0.036
218 R 0.045 0.157 0.081 0.034 0.01 0.034 0.054 0.033 0.018 0.051 0.107 0.137 0.019 0.022 0.018 0.041 0.035 0.005 0.016 0.082
219 K 0.043 0.058 0.134 0.041 0.009 0.033 0.045 0.039 0.023 0.036 0.097 0.177 0.017 0.034 0.019 0.045 0.035 0.008 0.07 0.037
220 K 0.048 0.094 0.076 0.032 0.01 0.03 0.039 0.034 0.02 0.077 0.105 0.127 0.019 0.034 0.018 0.073 0.038 0.007 0.065 0.052
221 I 0.043 0.031 0.062 0.024 0.012 0.021 0.027 0.027 0.017 0.132 0.106 0.066 0.078 0.079 0.015 0.032 0.034 0.009 0.077 0.108
222 I 0.039 0.026 0.016 0.017 0.012 0.017 0.022 0.021 0.013 0.198 0.173 0.061 0.028 0.047 0.013 0.025 0.031 0.069 0.066 0.105
223 L 0.036 0.022 0.019 0.066 0.011 0.016 0.026 0.022 0.017 0.072 0.283 0.024 0.031 0.105 0.013 0.025 0.027 0.011 0.112 0.063
224 L 0.04 0.018 0.013 0.014 0.013 0.012 0.017 0.019 0.009 0.185 0.236 0.02 0.033 0.137 0.012 0.022 0.031 0.007 0.031 0.13
225 F 0.082 0.021 0.017 0.018 0.014 0.015 0.022 0.028 0.012 0.111 0.108 0.025 0.058 0.178 0.014 0.035 0.059 0.008 0.037 0.138
226 L 0.09 0.021 0.018 0.019 0.075 0.016 0.023 0.03 0.01 0.113 0.188 0.026 0.027 0.033 0.016 0.064 0.039 0.036 0.019 0.14
227 Y 0.071 0.022 0.017 0.016 0.009 0.016 0.022 0.027 0.026 0.041 0.069 0.024 0.017 0.205 0.013 0.03 0.025 0.079 0.226 0.043
228 L 0.039 0.018 0.013 0.014 0.013 0.012 0.017 0.019 0.01 0.155 0.272 0.02 0.034 0.138 0.012 0.022 0.03 0.008 0.031 0.122
229 I 0.045 0.019 0.015 0.017 0.014 0.014 0.018 0.02 0.008 0.249 0.202 0.023 0.032 0.037 0.014 0.029 0.069 0.005 0.018 0.151
230 I 0.041 0.016 0.013 0.015 0.014 0.012 0.016 0.019 0.008 0.281 0.171 0.02 0.031 0.086 0.012 0.022 0.033 0.006 0.024 0.157
231 A 0.25 0.028 0.029 0.03 0.016 0.023 0.036 0.059 0.014 0.035 0.051 0.039 0.015 0.069 0.024 0.152 0.05 0.006 0.022 0.05
232 F 0.051 0.02 0.021 0.021 0.013 0.015 0.023 0.028 0.012 0.164 0.102 0.025 0.024 0.177 0.015 0.09 0.039 0.008 0.037 0.116
233 L 0.044 0.02 0.013 0.015 0.015 0.015 0.018 0.02 0.009 0.168 0.281 0.023 0.063 0.041 0.013 0.024 0.034 0.006 0.019 0.162
234 G 0.067 0.02 0.034 0.029 0.009 0.016 0.022 0.578 0.012 0.016 0.024 0.029 0.008 0.014 0.016 0.044 0.026 0.005 0.009 0.021
235 I 0.042 0.019 0.014 0.015 0.014 0.015 0.018 0.02 0.01 0.217 0.177 0.023 0.086 0.087 0.013 0.024 0.033 0.007 0.025 0.141
236 L 0.08 0.024 0.016 0.017 0.014 0.019 0.022 0.026 0.011 0.117 0.251 0.028 0.142 0.04 0.015 0.031 0.034 0.006 0.019 0.087
237 S 0.11 0.028 0.035 0.033 0.014 0.022 0.035 0.108 0.015 0.032 0.05 0.037 0.015 0.118 0.021 0.2 0.052 0.007 0.028 0.04
238 A 0.225 0.031 0.036 0.035 0.017 0.026 0.041 0.062 0.015 0.031 0.043 0.043 0.014 0.018 0.026 0.215 0.058 0.005 0.015 0.046
239 R 0.038 0.435 0.033 0.027 0.007 0.042 0.045 0.028 0.02 0.02 0.04 0.104 0.013 0.015 0.017 0.038 0.03 0.005 0.015 0.027
240 T 0.063 0.031 0.037 0.032 0.015 0.024 0.034 0.037 0.012 0.046 0.056 0.039 0.017 0.02 0.024 0.08 0.35 0.005 0.015 0.061
241 T 0.063 0.031 0.037 0.032 0.015 0.024 0.034 0.037 0.012 0.046 0.056 0.039 0.017 0.02 0.024 0.08 0.35 0.005 0.015 0.061
242 I 0.049 0.018 0.017 0.018 0.014 0.014 0.019 0.023 0.009 0.308 0.129 0.024 0.029 0.035 0.014 0.056 0.039 0.005 0.017 0.164
243 I 0.046 0.017 0.013 0.015 0.014 0.012 0.017 0.019 0.008 0.26 0.129 0.021 0.029 0.084 0.013 0.024 0.036 0.006 0.024 0.213
244 G 0.067 0.02 0.034 0.029 0.009 0.016 0.022 0.578 0.012 0.016 0.024 0.029 0.008 0.014 0.016 0.044 0.026 0.005 0.009 0.021
245 I 0.038 0.016 0.013 0.015 0.013 0.011 0.016 0.019 0.009 0.301 0.134 0.019 0.03 0.134 0.012 0.022 0.032 0.007 0.031 0.129
246 L 0.048 0.021 0.017 0.017 0.014 0.015 0.02 0.022 0.01 0.13 0.202 0.024 0.058 0.085 0.014 0.031 0.069 0.006 0.025 0.172
247 L 0.039 0.019 0.012 0.014 0.014 0.013 0.017 0.018 0.008 0.19 0.356 0.021 0.039 0.044 0.012 0.021 0.031 0.006 0.019 0.106
248 S 0.087 0.033 0.043 0.039 0.014 0.026 0.042 0.053 0.016 0.029 0.043 0.043 0.014 0.068 0.024 0.294 0.065 0.006 0.022 0.037
249 L 0.041 0.02 0.013 0.015 0.014 0.014 0.018 0.019 0.009 0.181 0.353 0.022 0.039 0.044 0.013 0.03 0.032 0.006 0.019 0.103
250 F 0.035 0.017 0.013 0.014 0.012 0.011 0.016 0.02 0.011 0.171 0.205 0.019 0.03 0.221 0.011 0.022 0.028 0.009 0.043 0.091
251 I 0.039 0.017 0.013 0.014 0.013 0.012 0.016 0.018 0.009 0.246 0.245 0.02 0.034 0.089 0.012 0.021 0.031 0.006 0.025 0.118
252 F 0.081 0.02 0.018 0.019 0.013 0.014 0.022 0.029 0.012 0.13 0.177 0.024 0.027 0.18 0.014 0.061 0.034 0.008 0.037 0.079
253 I 0.047 0.018 0.015 0.018 0.016 0.013 0.018 0.021 0.009 0.271 0.168 0.024 0.037 0.044 0.015 0.025 0.04 0.006 0.021 0.177
254 L 0.036 0.02 0.013 0.014 0.012 0.013 0.018 0.019 0.013 0.09 0.327 0.021 0.035 0.148 0.012 0.022 0.027 0.01 0.076 0.072
255 L 0.058 0.044 0.026 0.026 0.087 0.026 0.036 0.033 0.013 0.068 0.166 0.118 0.025 0.028 0.019 0.071 0.041 0.005 0.017 0.094
256 N 0.045 0.038 0.31 0.119 0.009 0.029 0.049 0.056 0.025 0.021 0.029 0.047 0.01 0.016 0.019 0.091 0.046 0.004 0.014 0.025
257 F 0.038 0.032 0.021 0.022 0.009 0.051 0.033 0.026 0.021 0.076 0.074 0.068 0.019 0.191 0.075 0.03 0.028 0.012 0.124 0.051
258 K 0.046 0.129 0.077 0.043 0.007 0.045 0.094 0.037 0.02 0.022 0.036 0.268 0.013 0.014 0.022 0.047 0.034 0.005 0.015 0.027
259 N 0.05 0.074 0.142 0.039 0.011 0.024 0.034 0.038 0.017 0.082 0.101 0.043 0.019 0.023 0.078 0.08 0.041 0.004 0.015 0.085
260 L 0.05 0.03 0.02 0.02 0.014 0.02 0.026 0.026 0.011 0.147 0.226 0.065 0.058 0.036 0.016 0.06 0.037 0.005 0.018 0.119
261 Y 0.045 0.04 0.067 0.029 0.01 0.025 0.034 0.032 0.021 0.077 0.107 0.107 0.02 0.094 0.017 0.066 0.035 0.01 0.111 0.053
262 K 0.047 0.119 0.03 0.03 0.01 0.038 0.048 0.032 0.016 0.081 0.112 0.22 0.021 0.023 0.021 0.04 0.035 0.005 0.017 0.056
263 L 0.052 0.031 0.023 0.022 0.013 0.02 0.028 0.028 0.015 0.074 0.159 0.066 0.025 0.088 0.017 0.067 0.072 0.008 0.068 0.124
264 L 0.038 0.017 0.013 0.014 0.013 0.012 0.017 0.02 0.01 0.179 0.206 0.02 0.031 0.184 0.012 0.022 0.029 0.008 0.038 0.118
265 L 0.043 0.036 0.019 0.019 0.012 0.021 0.028 0.024 0.015 0.107 0.199 0.101 0.028 0.091 0.015 0.028 0.031 0.008 0.068 0.11
266 L 0.085 0.023 0.021 0.02 0.013 0.017 0.024 0.091 0.015 0.063 0.235 0.027 0.027 0.091 0.015 0.064 0.033 0.009 0.067 0.06
267 V 0.053 0.021 0.02 0.02 0.074 0.015 0.022 0.027 0.011 0.102 0.13 0.025 0.024 0.127 0.015 0.065 0.072 0.007 0.03 0.141
268 F 0.042 0.019 0.017 0.017 0.012 0.013 0.02 0.024 0.012 0.134 0.183 0.022 0.028 0.218 0.013 0.056 0.032 0.009 0.042 0.086
269 L 0.042 0.019 0.015 0.017 0.072 0.014 0.02 0.023 0.013 0.124 0.165 0.024 0.024 0.088 0.135 0.027 0.03 0.008 0.066 0.073
270 L 0.043 0.019 0.014 0.015 0.014 0.014 0.018 0.02 0.008 0.193 0.305 0.022 0.037 0.042 0.013 0.03 0.033 0.006 0.018 0.137
271 V 0.071 0.022 0.017 0.018 0.019 0.017 0.024 0.025 0.008 0.166 0.132 0.026 0.032 0.036 0.017 0.033 0.05 0.006 0.021 0.262
272 P 0.057 0.026 0.024 0.031 0.01 0.021 0.037 0.037 0.013 0.026 0.037 0.042 0.01 0.013 0.488 0.044 0.037 0.003 0.013 0.031
273 V 0.071 0.022 0.017 0.018 0.019 0.017 0.024 0.025 0.008 0.166 0.132 0.026 0.032 0.036 0.017 0.033 0.05 0.006 0.021 0.262
274 L 0.039 0.019 0.012 0.014 0.014 0.013 0.017 0.018 0.008 0.189 0.346 0.021 0.039 0.056 0.012 0.021 0.03 0.006 0.02 0.105
275 L 0.083 0.021 0.018 0.019 0.013 0.015 0.022 0.029 0.011 0.113 0.175 0.025 0.027 0.167 0.015 0.062 0.035 0.008 0.035 0.106
276 A 0.29 0.031 0.026 0.03 0.022 0.026 0.04 0.078 0.015 0.043 0.059 0.045 0.018 0.022 0.03 0.085 0.05 0.005 0.018 0.069
277 L 0.043 0.02 0.016 0.016 0.014 0.014 0.019 0.021 0.009 0.154 0.267 0.023 0.033 0.088 0.013 0.029 0.067 0.007 0.025 0.124
278 F 0.071 0.029 0.035 0.033 0.014 0.022 0.036 0.046 0.018 0.046 0.078 0.036 0.02 0.205 0.02 0.125 0.053 0.011 0.053 0.048
279 L 0.057 0.024 0.024 0.024 0.014 0.018 0.027 0.031 0.011 0.103 0.2 0.031 0.027 0.031 0.078 0.098 0.076 0.005 0.017 0.103
280 L 0.038 0.018 0.013 0.014 0.013 0.012 0.016 0.019 0.009 0.204 0.239 0.02 0.033 0.137 0.012 0.022 0.03 0.008 0.031 0.112
281 L 0.038 0.021 0.058 0.022 0.012 0.014 0.021 0.025 0.012 0.132 0.214 0.025 0.028 0.132 0.073 0.028 0.03 0.007 0.03 0.078
282 F 0.034 0.018 0.015 0.015 0.01 0.011 0.018 0.021 0.016 0.067 0.136 0.019 0.024 0.335 0.011 0.023 0.025 0.014 0.101 0.086
283 Y 0.074 0.034 0.038 0.033 0.013 0.027 0.04 0.045 0.033 0.036 0.055 0.042 0.017 0.075 0.022 0.129 0.054 0.016 0.171 0.044
284 N 0.083 0.031 0.24 0.051 0.01 0.023 0.034 0.169 0.02 0.06 0.042 0.039 0.012 0.018 0.018 0.054 0.038 0.004 0.013 0.041
285 P 0.041 0.028 0.019 0.02 0.01 0.019 0.027 0.026 0.018 0.082 0.069 0.065 0.017 0.095 0.136 0.03 0.029 0.072 0.115 0.084
286 I 0.047 0.018 0.015 0.018 0.016 0.013 0.018 0.021 0.009 0.271 0.168 0.024 0.037 0.044 0.015 0.025 0.04 0.006 0.021 0.177
287 L 0.039 0.024 0.085 0.027 0.013 0.017 0.023 0.028 0.014 0.124 0.228 0.027 0.032 0.119 0.014 0.031 0.033 0.008 0.031 0.083
288 S 0.08 0.03 0.038 0.035 0.015 0.024 0.038 0.048 0.016 0.083 0.069 0.04 0.019 0.092 0.022 0.197 0.06 0.007 0.027 0.061
289 F 0.033 0.019 0.017 0.017 0.01 0.01 0.019 0.025 0.017 0.062 0.112 0.019 0.025 0.399 0.01 0.025 0.025 0.017 0.087 0.054
290 S 0.068 0.037 0.09 0.098 0.012 0.063 0.053 0.049 0.018 0.029 0.039 0.049 0.014 0.017 0.023 0.166 0.117 0.005 0.015 0.038
291 N 0.05 0.033 0.208 0.149 0.01 0.027 0.048 0.049 0.02 0.03 0.077 0.042 0.014 0.019 0.019 0.112 0.045 0.004 0.014 0.032
292 D 0.064 0.034 0.045 0.199 0.009 0.036 0.171 0.041 0.018 0.024 0.033 0.049 0.011 0.015 0.022 0.105 0.075 0.004 0.013 0.031
293 R 0.042 0.269 0.032 0.033 0.008 0.041 0.084 0.029 0.019 0.03 0.085 0.151 0.016 0.018 0.018 0.039 0.031 0.005 0.015 0.033
294 L 0.044 0.02 0.017 0.018 0.013 0.015 0.03 0.023 0.011 0.146 0.224 0.024 0.031 0.134 0.013 0.048 0.034 0.007 0.031 0.117
295 S 0.06 0.031 0.073 0.034 0.013 0.054 0.037 0.098 0.015 0.085 0.104 0.039 0.02 0.024 0.019 0.106 0.078 0.005 0.016 0.09
296 D 0.071 0.033 0.131 0.149 0.01 0.031 0.124 0.042 0.019 0.033 0.081 0.045 0.015 0.019 0.02 0.053 0.07 0.004 0.014 0.037
297 L 0.041 0.032 0.018 0.019 0.013 0.051 0.03 0.022 0.011 0.143 0.297 0.067 0.034 0.038 0.015 0.027 0.031 0.006 0.018 0.086
298 L 0.043 0.027 0.015 0.017 0.014 0.017 0.022 0.021 0.009 0.186 0.27 0.061 0.034 0.039 0.014 0.025 0.033 0.005 0.018 0.132
299 D 0.084 0.037 0.125 0.19 0.01 0.028 0.054 0.047 0.018 0.03 0.047 0.078 0.04 0.018 0.02 0.081 0.04 0.004 0.014 0.035
300 F 0.029 0.016 0.015 0.015 0.009 0.009 0.016 0.022 0.015 0.055 0.098 0.016 0.022 0.471 0.009 0.022 0.022 0.015 0.077 0.047
301 G 0.074 0.023 0.037 0.032 0.011 0.019 0.027 0.462 0.013 0.018 0.027 0.033 0.009 0.015 0.018 0.107 0.036 0.005 0.011 0.024
302 F 0.036 0.019 0.016 0.016 0.011 0.012 0.018 0.022 0.012 0.099 0.18 0.021 0.027 0.279 0.012 0.028 0.061 0.011 0.05 0.068
303 D 0.048 0.035 0.05 0.287 0.008 0.031 0.102 0.1 0.017 0.02 0.028 0.079 0.01 0.014 0.02 0.077 0.035 0.004 0.011 0.024
304 F 0.03 0.017 0.014 0.014 0.01 0.01 0.016 0.022 0.014 0.06 0.139 0.017 0.024 0.424 0.009 0.022 0.023 0.014 0.07 0.051
305 L 0.039 0.02 0.012 0.013 0.014 0.014 0.017 0.018 0.009 0.13 0.426 0.022 0.042 0.046 0.012 0.021 0.029 0.006 0.019 0.091
306 F 0.034 0.019 0.015 0.015 0.011 0.013 0.018 0.021 0.016 0.096 0.147 0.02 0.053 0.289 0.011 0.023 0.026 0.013 0.095 0.066
307 D 0.036 0.03 0.177 0.344 0.007 0.027 0.067 0.046 0.02 0.019 0.025 0.041 0.009 0.014 0.019 0.05 0.035 0.003 0.011 0.022
308 F 0.038 0.023 0.021 0.019 0.01 0.016 0.023 0.025 0.025 0.045 0.073 0.025 0.018 0.224 0.014 0.035 0.087 0.017 0.214 0.047
309 K 0.046 0.061 0.08 0.104 0.007 0.045 0.181 0.037 0.02 0.021 0.033 0.19 0.012 0.014 0.022 0.048 0.034 0.004 0.014 0.026
310 N 0.04 0.033 0.281 0.169 0.008 0.027 0.049 0.11 0.023 0.019 0.026 0.043 0.009 0.015 0.018 0.055 0.038 0.004 0.012 0.022
311 S 0.095 0.035 0.047 0.042 0.015 0.029 0.045 0.057 0.017 0.026 0.036 0.047 0.014 0.018 0.026 0.328 0.071 0.004 0.015 0.036
312 Q 0.047 0.061 0.079 0.044 0.008 0.29 0.084 0.038 0.026 0.022 0.039 0.075 0.017 0.013 0.02 0.05 0.036 0.005 0.017 0.03
313 A 0.388 0.027 0.022 0.026 0.019 0.022 0.035 0.067 0.013 0.037 0.051 0.038 0.015 0.019 0.026 0.073 0.043 0.005 0.015 0.059
314 S 0.16 0.033 0.041 0.038 0.016 0.027 0.043 0.059 0.016 0.028 0.039 0.045 0.014 0.018 0.026 0.271 0.065 0.005 0.015 0.041
315 N 0.057 0.043 0.124 0.099 0.009 0.065 0.091 0.105 0.02 0.021 0.032 0.086 0.012 0.015 0.021 0.112 0.043 0.004 0.014 0.027
316 S 0.095 0.035 0.047 0.042 0.015 0.029 0.045 0.057 0.017 0.026 0.036 0.047 0.014 0.018 0.026 0.328 0.071 0.004 0.015 0.036
317 T 0.123 0.025 0.024 0.023 0.014 0.019 0.027 0.037 0.013 0.056 0.122 0.031 0.049 0.126 0.019 0.054 0.138 0.007 0.03 0.062
318 G 0.072 0.029 0.07 0.042 0.011 0.026 0.073 0.3 0.016 0.02 0.029 0.04 0.01 0.015 0.02 0.14 0.043 0.005 0.012 0.027
319 E 0.057 0.039 0.037 0.096 0.01 0.036 0.16 0.096 0.016 0.037 0.043 0.083 0.013 0.017 0.021 0.079 0.072 0.005 0.014 0.069
320 L 0.038 0.021 0.012 0.013 0.014 0.014 0.017 0.018 0.009 0.099 0.462 0.022 0.043 0.047 0.012 0.021 0.029 0.006 0.019 0.083
