#Seq2Logo.py -f /work3/idamei/ssn-clusterings/clustering/2205181126/clusters/0084_9/sequences.afa -o /work3/idamei/ssn-clusterings/clustering/2205181126/clusters/0084_9/sequences.logo
#Position Specific Frequency Matrix
A R N D C Q E G H I L K M F P S T W Y V
0 L 0.051 0.032 0.02 0.02 0.016 0.028 0.028 0.028 0.016 0.099 0.194 0.036 0.173 0.047 0.016 0.036 0.04 0.008 0.024 0.091
1 D 0.058 0.107 0.044 0.118 0.012 0.032 0.053 0.041 0.044 0.045 0.118 0.059 0.022 0.027 0.021 0.084 0.044 0.006 0.02 0.046
2 R 0.107 0.112 0.1 0.055 0.012 0.04 0.105 0.05 0.022 0.038 0.05 0.069 0.015 0.019 0.023 0.06 0.043 0.005 0.017 0.057
3 P 0.055 0.025 0.035 0.114 0.011 0.021 0.042 0.146 0.014 0.043 0.112 0.036 0.019 0.023 0.167 0.042 0.033 0.004 0.014 0.042
4 R 0.044 0.221 0.034 0.063 0.01 0.037 0.046 0.031 0.019 0.05 0.145 0.083 0.025 0.028 0.018 0.039 0.034 0.006 0.018 0.049
5 V 0.07 0.022 0.017 0.018 0.019 0.017 0.023 0.025 0.008 0.165 0.13 0.026 0.032 0.036 0.017 0.033 0.049 0.006 0.021 0.269
6 C 0.065 0.016 0.016 0.016 0.484 0.012 0.016 0.033 0.008 0.045 0.065 0.02 0.016 0.02 0.016 0.041 0.037 0.004 0.012 0.057
7 Q 0.056 0.074 0.044 0.047 0.009 0.215 0.103 0.041 0.029 0.027 0.047 0.091 0.021 0.015 0.024 0.056 0.041 0.006 0.021 0.035
8 W 0.03 0.023 0.015 0.015 0.008 0.015 0.023 0.03 0.015 0.03 0.053 0.023 0.015 0.061 0.008 0.023 0.023 0.492 0.068 0.03
9 W 0.03 0.023 0.015 0.015 0.008 0.015 0.023 0.03 0.015 0.03 0.053 0.023 0.015 0.061 0.008 0.023 0.023 0.492 0.068 0.03
10 R 0.045 0.345 0.039 0.031 0.008 0.048 0.052 0.033 0.023 0.023 0.047 0.12 0.016 0.017 0.019 0.045 0.035 0.006 0.017 0.031
11 L 0.045 0.024 0.014 0.015 0.016 0.016 0.02 0.021 0.01 0.115 0.375 0.025 0.05 0.055 0.014 0.024 0.033 0.007 0.022 0.096
12 W 0.03 0.023 0.015 0.015 0.008 0.015 0.023 0.03 0.015 0.03 0.053 0.023 0.015 0.061 0.008 0.023 0.023 0.492 0.068 0.03
13 Q 0.056 0.074 0.044 0.047 0.009 0.215 0.103 0.041 0.029 0.027 0.047 0.091 0.021 0.015 0.024 0.056 0.041 0.006 0.021 0.035
14 C 0.065 0.016 0.016 0.016 0.484 0.012 0.016 0.033 0.008 0.045 0.065 0.02 0.016 0.02 0.016 0.041 0.037 0.004 0.012 0.057
15 S 0.11 0.04 0.054 0.049 0.018 0.033 0.052 0.066 0.019 0.03 0.042 0.054 0.016 0.021 0.03 0.22 0.082 0.005 0.018 0.042
16 R 0.045 0.345 0.039 0.031 0.008 0.048 0.052 0.033 0.023 0.023 0.047 0.12 0.016 0.017 0.019 0.045 0.035 0.006 0.017 0.031
17 S 0.11 0.04 0.054 0.049 0.018 0.033 0.052 0.066 0.019 0.03 0.042 0.054 0.016 0.021 0.03 0.22 0.082 0.005 0.018 0.042
18 R 0.045 0.345 0.039 0.031 0.008 0.048 0.052 0.033 0.023 0.023 0.047 0.12 0.016 0.017 0.019 0.045 0.035 0.006 0.017 0.031
19 S 0.11 0.04 0.054 0.049 0.018 0.033 0.052 0.066 0.019 0.03 0.042 0.054 0.016 0.021 0.03 0.22 0.082 0.005 0.018 0.042
20 A 0.29 0.031 0.026 0.03 0.022 0.026 0.04 0.078 0.015 0.043 0.059 0.045 0.018 0.022 0.03 0.085 0.05 0.005 0.018 0.069
21 S 0.11 0.04 0.054 0.049 0.018 0.033 0.052 0.066 0.019 0.03 0.042 0.054 0.016 0.021 0.03 0.22 0.082 0.005 0.018 0.042
22 S 0.11 0.04 0.054 0.049 0.018 0.033 0.052 0.066 0.019 0.03 0.042 0.054 0.016 0.021 0.03 0.22 0.082 0.005 0.018 0.042
23 A 0.29 0.031 0.026 0.03 0.022 0.026 0.04 0.078 0.015 0.043 0.059 0.045 0.018 0.022 0.03 0.085 0.05 0.005 0.018 0.069
24 A 0.29 0.031 0.026 0.03 0.022 0.026 0.04 0.078 0.015 0.043 0.059 0.045 0.018 0.022 0.03 0.085 0.05 0.005 0.018 0.069
25 R 0.045 0.345 0.039 0.031 0.008 0.048 0.052 0.033 0.023 0.023 0.047 0.12 0.016 0.017 0.019 0.045 0.035 0.006 0.017 0.031
26 G 0.078 0.023 0.039 0.034 0.011 0.019 0.026 0.51 0.014 0.019 0.028 0.034 0.009 0.016 0.019 0.051 0.03 0.005 0.011 0.024
27 L 0.045 0.024 0.014 0.015 0.016 0.016 0.02 0.021 0.01 0.115 0.375 0.025 0.05 0.055 0.014 0.024 0.033 0.007 0.022 0.096
28 R 0.045 0.345 0.039 0.031 0.008 0.048 0.052 0.033 0.023 0.023 0.047 0.12 0.016 0.017 0.019 0.045 0.035 0.006 0.017 0.031
29 R 0.05 0.21 0.041 0.039 0.008 0.132 0.077 0.037 0.026 0.025 0.047 0.106 0.018 0.016 0.021 0.05 0.038 0.006 0.019 0.033
30 L 0.042 0.026 0.018 0.017 0.013 0.019 0.024 0.023 0.028 0.079 0.222 0.028 0.034 0.093 0.015 0.028 0.031 0.018 0.171 0.071
31 G 0.059 0.025 0.03 0.026 0.01 0.02 0.027 0.268 0.03 0.031 0.048 0.032 0.014 0.073 0.017 0.041 0.029 0.017 0.165 0.035
32 P 0.051 0.186 0.031 0.031 0.009 0.034 0.044 0.034 0.018 0.025 0.041 0.081 0.013 0.015 0.257 0.044 0.035 0.004 0.015 0.031
33 L 0.046 0.021 0.014 0.016 0.016 0.015 0.019 0.021 0.009 0.194 0.272 0.024 0.043 0.049 0.014 0.025 0.037 0.006 0.021 0.136
34 G 0.067 0.024 0.031 0.032 0.011 0.02 0.031 0.274 0.013 0.022 0.032 0.037 0.01 0.015 0.257 0.048 0.033 0.004 0.012 0.028
35 R 0.077 0.193 0.046 0.04 0.013 0.041 0.052 0.05 0.021 0.026 0.044 0.087 0.016 0.019 0.025 0.133 0.058 0.005 0.017 0.036
36 C 0.06 0.033 0.028 0.053 0.246 0.038 0.157 0.034 0.017 0.033 0.051 0.048 0.015 0.018 0.021 0.048 0.037 0.005 0.014 0.044
37 G 0.078 0.023 0.039 0.034 0.011 0.019 0.026 0.511 0.013 0.019 0.028 0.034 0.009 0.016 0.019 0.051 0.03 0.005 0.011 0.024
38 R 0.051 0.227 0.04 0.036 0.008 0.051 0.061 0.038 0.022 0.025 0.045 0.2 0.015 0.016 0.023 0.049 0.037 0.005 0.017 0.032
39 G 0.221 0.028 0.03 0.031 0.018 0.023 0.035 0.223 0.014 0.035 0.049 0.041 0.015 0.02 0.026 0.073 0.043 0.005 0.015 0.054
40 W 0.03 0.023 0.015 0.015 0.008 0.015 0.023 0.03 0.015 0.03 0.053 0.023 0.015 0.061 0.008 0.023 0.023 0.492 0.068 0.03
41 A 0.293 0.031 0.025 0.03 0.022 0.025 0.04 0.078 0.015 0.043 0.059 0.044 0.017 0.022 0.03 0.085 0.05 0.005 0.017 0.069
42 T 0.073 0.035 0.043 0.037 0.018 0.028 0.039 0.043 0.014 0.053 0.065 0.045 0.02 0.024 0.028 0.093 0.248 0.006 0.018 0.071
43 R 0.045 0.346 0.039 0.031 0.008 0.048 0.052 0.033 0.023 0.023 0.046 0.12 0.015 0.017 0.019 0.045 0.035 0.006 0.017 0.031
44 G 0.061 0.184 0.039 0.032 0.009 0.034 0.039 0.272 0.018 0.021 0.037 0.077 0.012 0.017 0.019 0.048 0.032 0.006 0.014 0.028
45 G 0.185 0.027 0.032 0.032 0.016 0.022 0.033 0.295 0.014 0.031 0.044 0.039 0.013 0.019 0.024 0.068 0.04 0.005 0.014 0.046
46 L 0.051 0.066 0.028 0.028 0.012 0.035 0.045 0.032 0.015 0.071 0.21 0.152 0.032 0.035 0.021 0.039 0.036 0.006 0.02 0.064
47 T 0.073 0.035 0.043 0.037 0.018 0.028 0.039 0.043 0.014 0.053 0.065 0.045 0.02 0.024 0.028 0.093 0.248 0.006 0.018 0.071
48 S 0.11 0.04 0.054 0.049 0.018 0.033 0.052 0.066 0.019 0.03 0.042 0.054 0.016 0.021 0.03 0.22 0.082 0.005 0.018 0.042
49 A 0.29 0.031 0.026 0.03 0.022 0.026 0.04 0.078 0.015 0.043 0.059 0.045 0.018 0.022 0.03 0.085 0.05 0.005 0.018 0.069
50 E 0.055 0.05 0.04 0.09 0.007 0.065 0.296 0.035 0.026 0.022 0.037 0.076 0.013 0.017 0.026 0.055 0.037 0.006 0.017 0.031
51 V 0.07 0.022 0.017 0.018 0.019 0.017 0.023 0.025 0.008 0.165 0.13 0.026 0.032 0.036 0.017 0.033 0.049 0.006 0.021 0.269
52 E 0.055 0.05 0.04 0.09 0.007 0.065 0.296 0.035 0.026 0.022 0.037 0.076 0.013 0.017 0.026 0.055 0.037 0.006 0.017 0.031
53 G 0.078 0.023 0.039 0.034 0.011 0.019 0.026 0.51 0.014 0.019 0.028 0.034 0.009 0.016 0.019 0.051 0.03 0.005 0.011 0.024
54 R 0.045 0.345 0.039 0.031 0.008 0.048 0.052 0.033 0.023 0.023 0.047 0.12 0.016 0.017 0.019 0.045 0.035 0.006 0.017 0.031
55 V 0.07 0.022 0.017 0.018 0.019 0.017 0.023 0.025 0.008 0.165 0.13 0.026 0.032 0.036 0.017 0.033 0.049 0.006 0.021 0.269
56 C 0.065 0.016 0.016 0.016 0.484 0.012 0.016 0.033 0.008 0.045 0.065 0.02 0.016 0.02 0.016 0.041 0.037 0.004 0.012 0.057
57 F 0.034 0.019 0.017 0.017 0.011 0.011 0.019 0.025 0.017 0.063 0.114 0.019 0.025 0.387 0.011 0.025 0.025 0.017 0.089 0.055
58 A 0.29 0.031 0.026 0.03 0.022 0.026 0.04 0.078 0.015 0.043 0.059 0.045 0.018 0.022 0.03 0.085 0.05 0.005 0.018 0.069
59 K 0.057 0.107 0.042 0.042 0.009 0.054 0.071 0.043 0.021 0.028 0.043 0.278 0.016 0.016 0.028 0.054 0.04 0.005 0.017 0.033
60 T 0.073 0.036 0.043 0.038 0.018 0.028 0.039 0.043 0.014 0.053 0.065 0.045 0.02 0.024 0.028 0.093 0.246 0.006 0.018 0.071
61 A 0.29 0.031 0.026 0.03 0.022 0.026 0.04 0.078 0.015 0.043 0.059 0.045 0.018 0.022 0.03 0.085 0.05 0.005 0.018 0.069
62 A 0.29 0.031 0.026 0.03 0.022 0.026 0.04 0.078 0.015 0.043 0.059 0.045 0.018 0.022 0.03 0.085 0.05 0.005 0.018 0.069
63 A 0.125 0.046 0.032 0.032 0.125 0.03 0.042 0.052 0.015 0.042 0.077 0.095 0.019 0.022 0.025 0.096 0.05 0.005 0.016 0.053
64 G 0.066 0.026 0.034 0.029 0.049 0.021 0.028 0.257 0.021 0.034 0.048 0.034 0.014 0.044 0.02 0.055 0.082 0.01 0.085 0.042
65 G 0.075 0.058 0.037 0.046 0.013 0.034 0.098 0.15 0.017 0.055 0.058 0.052 0.017 0.022 0.022 0.088 0.048 0.005 0.016 0.089
66 R 0.105 0.183 0.039 0.032 0.011 0.038 0.047 0.081 0.099 0.027 0.046 0.078 0.015 0.021 0.021 0.053 0.036 0.006 0.026 0.037
67 R 0.061 0.135 0.037 0.045 0.012 0.041 0.103 0.038 0.02 0.045 0.121 0.072 0.022 0.026 0.022 0.085 0.045 0.006 0.018 0.048
68 E 0.108 0.055 0.038 0.047 0.012 0.043 0.11 0.046 0.099 0.035 0.07 0.106 0.018 0.023 0.024 0.055 0.037 0.006 0.026 0.043
69 M 0.04 0.025 0.015 0.015 0.012 0.021 0.022 0.022 0.012 0.077 0.157 0.028 0.349 0.037 0.012 0.028 0.031 0.006 0.019 0.071
70 L 0.042 0.017 0.013 0.014 0.011 0.012 0.017 0.023 0.01 0.161 0.183 0.019 0.03 0.125 0.011 0.024 0.051 0.097 0.035 0.105
71 P 0.088 0.024 0.02 0.023 0.011 0.017 0.027 0.033 0.01 0.05 0.054 0.031 0.024 0.017 0.361 0.051 0.066 0.003 0.02 0.071
72 Y 0.053 0.022 0.017 0.015 0.008 0.017 0.022 0.021 0.035 0.034 0.053 0.025 0.015 0.101 0.013 0.026 0.023 0.021 0.443 0.037
73 W 0.025 0.017 0.012 0.012 0.007 0.012 0.017 0.023 0.012 0.031 0.079 0.018 0.014 0.09 0.006 0.018 0.018 0.51 0.052 0.029
74 L 0.067 0.018 0.013 0.014 0.022 0.013 0.017 0.031 0.009 0.145 0.274 0.021 0.041 0.102 0.012 0.026 0.041 0.006 0.031 0.095
75 L 0.051 0.02 0.014 0.014 0.012 0.015 0.019 0.021 0.011 0.095 0.284 0.023 0.127 0.09 0.012 0.03 0.028 0.007 0.045 0.082
76 F 0.029 0.017 0.029 0.015 0.008 0.011 0.017 0.031 0.017 0.048 0.115 0.018 0.02 0.361 0.01 0.022 0.021 0.03 0.137 0.043
77 L 0.094 0.037 0.02 0.019 0.012 0.017 0.023 0.098 0.01 0.077 0.236 0.028 0.048 0.054 0.015 0.082 0.033 0.005 0.018 0.074
78 L 0.069 0.017 0.012 0.014 0.033 0.012 0.017 0.021 0.008 0.166 0.233 0.02 0.028 0.082 0.012 0.024 0.03 0.016 0.022 0.165
79 P 0.092 0.02 0.018 0.021 0.029 0.015 0.025 0.041 0.011 0.035 0.047 0.028 0.017 0.083 0.319 0.048 0.042 0.042 0.029 0.035
80 A 0.296 0.023 0.021 0.031 0.018 0.025 0.029 0.077 0.011 0.061 0.074 0.032 0.022 0.028 0.02 0.073 0.05 0.004 0.015 0.091
81 L 0.077 0.018 0.015 0.015 0.014 0.013 0.019 0.047 0.011 0.114 0.208 0.021 0.036 0.126 0.022 0.038 0.028 0.037 0.042 0.099
82 A 0.203 0.022 0.022 0.03 0.013 0.017 0.025 0.197 0.011 0.057 0.102 0.035 0.03 0.033 0.027 0.048 0.038 0.005 0.014 0.071
83 A 0.268 0.023 0.021 0.022 0.034 0.018 0.028 0.071 0.011 0.06 0.09 0.037 0.02 0.02 0.019 0.082 0.054 0.004 0.014 0.103
84 L 0.061 0.026 0.02 0.015 0.012 0.013 0.025 0.021 0.009 0.157 0.27 0.022 0.031 0.097 0.022 0.024 0.029 0.006 0.023 0.117
85 A 0.098 0.026 0.054 0.027 0.011 0.056 0.038 0.087 0.029 0.067 0.075 0.033 0.022 0.095 0.016 0.075 0.07 0.006 0.023 0.093
86 G 0.078 0.041 0.077 0.066 0.019 0.038 0.062 0.117 0.027 0.028 0.049 0.037 0.026 0.045 0.083 0.072 0.049 0.015 0.032 0.038
87 N 0.043 0.045 0.314 0.083 0.009 0.034 0.05 0.065 0.032 0.023 0.032 0.054 0.011 0.018 0.02 0.07 0.05 0.005 0.016 0.027
88 R 0.092 0.145 0.029 0.046 0.01 0.043 0.064 0.094 0.015 0.029 0.071 0.064 0.019 0.028 0.03 0.1 0.041 0.015 0.025 0.04
89 R 0.056 0.208 0.04 0.044 0.008 0.034 0.046 0.079 0.025 0.026 0.052 0.093 0.014 0.017 0.065 0.059 0.043 0.034 0.015 0.041
90 R 0.049 0.149 0.04 0.033 0.009 0.032 0.035 0.068 0.022 0.04 0.118 0.059 0.021 0.039 0.081 0.048 0.059 0.015 0.024 0.06
91 R 0.091 0.092 0.047 0.081 0.01 0.043 0.057 0.074 0.023 0.052 0.059 0.062 0.015 0.018 0.079 0.073 0.047 0.004 0.021 0.051
92 R 0.105 0.124 0.034 0.049 0.01 0.044 0.057 0.078 0.015 0.03 0.057 0.07 0.015 0.028 0.104 0.06 0.037 0.005 0.031 0.047
93 A 0.116 0.062 0.041 0.028 0.014 0.023 0.033 0.086 0.013 0.073 0.114 0.054 0.021 0.025 0.076 0.072 0.041 0.005 0.016 0.088
94 S 0.1 0.114 0.04 0.037 0.013 0.057 0.051 0.049 0.019 0.03 0.045 0.066 0.015 0.018 0.08 0.124 0.078 0.005 0.017 0.042
95 V 0.093 0.08 0.031 0.029 0.014 0.042 0.039 0.085 0.041 0.074 0.067 0.049 0.019 0.023 0.055 0.071 0.06 0.005 0.019 0.105
96 A 0.29 0.031 0.026 0.03 0.022 0.026 0.04 0.078 0.015 0.043 0.059 0.045 0.018 0.022 0.03 0.085 0.05 0.005 0.018 0.069
97 L 0.045 0.024 0.014 0.015 0.016 0.016 0.02 0.021 0.01 0.115 0.375 0.025 0.05 0.055 0.014 0.024 0.033 0.007 0.022 0.096
98 A 0.29 0.031 0.026 0.03 0.022 0.026 0.04 0.078 0.015 0.043 0.059 0.045 0.018 0.022 0.03 0.085 0.05 0.005 0.018 0.069
99 S 0.11 0.04 0.054 0.049 0.018 0.033 0.052 0.066 0.019 0.03 0.042 0.054 0.016 0.021 0.03 0.22 0.082 0.005 0.018 0.042
100 P 0.057 0.026 0.023 0.031 0.01 0.021 0.036 0.036 0.013 0.026 0.036 0.041 0.01 0.013 0.493 0.044 0.036 0.003 0.013 0.031
101 A 0.29 0.031 0.026 0.03 0.022 0.026 0.04 0.078 0.015 0.043 0.059 0.045 0.018 0.022 0.03 0.085 0.05 0.005 0.018 0.069
102 P 0.057 0.026 0.023 0.031 0.01 0.021 0.036 0.036 0.013 0.026 0.036 0.041 0.01 0.013 0.493 0.044 0.036 0.003 0.013 0.031
103 S 0.11 0.04 0.054 0.049 0.018 0.033 0.052 0.066 0.019 0.03 0.042 0.054 0.016 0.021 0.03 0.22 0.082 0.005 0.018 0.042
104 D 0.096 0.028 0.055 0.13 0.013 0.023 0.045 0.043 0.014 0.065 0.098 0.038 0.019 0.023 0.083 0.066 0.072 0.005 0.015 0.071
105 G 0.1 0.025 0.052 0.033 0.012 0.021 0.03 0.305 0.014 0.027 0.041 0.036 0.023 0.017 0.113 0.064 0.035 0.005 0.012 0.034
106 R 0.07 0.153 0.046 0.042 0.011 0.099 0.069 0.047 0.024 0.026 0.045 0.088 0.017 0.018 0.024 0.107 0.053 0.006 0.018 0.036
107 P 0.057 0.026 0.023 0.031 0.01 0.021 0.036 0.036 0.013 0.026 0.036 0.041 0.01 0.013 0.493 0.044 0.036 0.003 0.013 0.031
108 G 0.184 0.027 0.032 0.032 0.016 0.022 0.033 0.294 0.014 0.031 0.044 0.039 0.013 0.019 0.024 0.068 0.04 0.005 0.014 0.047
109 A 0.288 0.031 0.026 0.03 0.022 0.026 0.041 0.078 0.015 0.043 0.06 0.045 0.018 0.022 0.03 0.085 0.05 0.005 0.018 0.069
110 A 0.213 0.037 0.031 0.05 0.017 0.039 0.126 0.064 0.018 0.036 0.052 0.055 0.016 0.02 0.028 0.075 0.045 0.005 0.017 0.056
111 P 0.057 0.026 0.023 0.031 0.01 0.021 0.036 0.036 0.013 0.026 0.036 0.041 0.01 0.013 0.494 0.044 0.036 0.003 0.013 0.031
112 D 0.065 0.031 0.046 0.154 0.014 0.026 0.055 0.045 0.016 0.056 0.149 0.041 0.025 0.03 0.022 0.099 0.05 0.005 0.017 0.054
113 L 0.071 0.077 0.031 0.03 0.012 0.08 0.046 0.063 0.017 0.073 0.097 0.061 0.043 0.024 0.047 0.067 0.077 0.005 0.017 0.061
114 R 0.07 0.189 0.052 0.032 0.009 0.055 0.056 0.035 0.059 0.031 0.046 0.088 0.022 0.021 0.061 0.052 0.038 0.014 0.031 0.039
115 A 0.107 0.073 0.032 0.04 0.012 0.046 0.058 0.076 0.029 0.05 0.053 0.064 0.016 0.034 0.068 0.091 0.056 0.005 0.018 0.073
116 A 0.106 0.068 0.053 0.076 0.011 0.042 0.042 0.072 0.022 0.051 0.072 0.047 0.02 0.028 0.06 0.075 0.069 0.005 0.022 0.059
117 R 0.077 0.161 0.045 0.029 0.009 0.065 0.041 0.074 0.042 0.034 0.064 0.068 0.02 0.023 0.022 0.102 0.035 0.006 0.046 0.037
118 A 0.288 0.031 0.026 0.03 0.022 0.026 0.041 0.079 0.015 0.043 0.06 0.045 0.018 0.022 0.03 0.085 0.05 0.005 0.018 0.069
119 V 0.07 0.022 0.017 0.018 0.019 0.017 0.023 0.025 0.008 0.165 0.131 0.026 0.032 0.036 0.017 0.033 0.05 0.006 0.021 0.266
120 L 0.062 0.083 0.041 0.035 0.01 0.049 0.042 0.052 0.035 0.045 0.1 0.058 0.016 0.039 0.079 0.087 0.053 0.035 0.027 0.051
121 R 0.046 0.182 0.027 0.024 0.012 0.031 0.035 0.027 0.016 0.148 0.107 0.072 0.026 0.031 0.017 0.035 0.037 0.006 0.019 0.104
122 N 0.067 0.071 0.103 0.062 0.01 0.025 0.041 0.077 0.015 0.036 0.096 0.065 0.02 0.04 0.062 0.073 0.064 0.007 0.025 0.043
123 A 0.119 0.032 0.018 0.019 0.012 0.022 0.024 0.065 0.011 0.085 0.118 0.028 0.024 0.085 0.086 0.057 0.038 0.018 0.036 0.102
124 G 0.078 0.023 0.039 0.034 0.011 0.019 0.026 0.509 0.014 0.019 0.028 0.034 0.009 0.016 0.019 0.051 0.03 0.005 0.011 0.024
125 A 0.138 0.021 0.028 0.021 0.012 0.016 0.024 0.106 0.019 0.072 0.108 0.027 0.038 0.064 0.057 0.066 0.046 0.01 0.019 0.106
126 W 0.044 0.018 0.013 0.013 0.008 0.012 0.018 0.023 0.012 0.048 0.127 0.019 0.029 0.106 0.009 0.021 0.028 0.337 0.069 0.046
127 L 0.069 0.024 0.018 0.022 0.011 0.015 0.021 0.106 0.011 0.111 0.162 0.03 0.031 0.072 0.013 0.048 0.036 0.055 0.044 0.102
128 T 0.073 0.036 0.043 0.038 0.018 0.028 0.039 0.043 0.014 0.053 0.065 0.045 0.02 0.024 0.028 0.093 0.246 0.006 0.018 0.071
129 L 0.093 0.019 0.016 0.016 0.022 0.014 0.02 0.058 0.009 0.106 0.217 0.023 0.03 0.075 0.039 0.047 0.032 0.03 0.021 0.113
130 L 0.132 0.019 0.016 0.017 0.013 0.014 0.021 0.068 0.011 0.102 0.143 0.024 0.035 0.088 0.014 0.035 0.048 0.016 0.044 0.14
131 G 0.108 0.018 0.019 0.019 0.011 0.014 0.02 0.202 0.01 0.079 0.095 0.024 0.017 0.066 0.014 0.045 0.031 0.08 0.022 0.106
132 L 0.103 0.018 0.015 0.016 0.013 0.013 0.019 0.045 0.009 0.134 0.224 0.022 0.031 0.091 0.013 0.033 0.052 0.006 0.022 0.12
133 L 0.108 0.018 0.015 0.016 0.012 0.013 0.019 0.045 0.009 0.098 0.215 0.022 0.025 0.136 0.013 0.037 0.036 0.006 0.027 0.128
134 L 0.057 0.019 0.015 0.015 0.012 0.014 0.019 0.022 0.011 0.103 0.24 0.022 0.042 0.142 0.012 0.029 0.077 0.008 0.057 0.085
135 T 0.159 0.025 0.028 0.026 0.019 0.02 0.03 0.04 0.011 0.054 0.054 0.033 0.016 0.019 0.02 0.109 0.217 0.004 0.014 0.102
136 L 0.042 0.018 0.012 0.013 0.013 0.012 0.016 0.018 0.008 0.13 0.375 0.02 0.038 0.06 0.011 0.026 0.029 0.005 0.019 0.134
137 L 0.062 0.019 0.013 0.014 0.012 0.014 0.018 0.021 0.01 0.126 0.187 0.022 0.124 0.133 0.012 0.025 0.029 0.007 0.027 0.123
138 I 0.039 0.015 0.012 0.014 0.013 0.012 0.015 0.017 0.007 0.37 0.126 0.019 0.052 0.033 0.012 0.021 0.038 0.005 0.016 0.166
139 G 0.06 0.018 0.03 0.026 0.008 0.014 0.02 0.625 0.01 0.014 0.022 0.026 0.007 0.012 0.014 0.039 0.023 0.004 0.008 0.019
140 L 0.032 0.018 0.012 0.013 0.011 0.012 0.016 0.018 0.011 0.074 0.353 0.019 0.035 0.179 0.01 0.02 0.03 0.009 0.061 0.068
141 R 0.034 0.498 0.03 0.024 0.006 0.037 0.04 0.025 0.018 0.018 0.036 0.092 0.012 0.013 0.015 0.034 0.027 0.004 0.013 0.024
142 Y 0.03 0.022 0.021 0.02 0.007 0.017 0.029 0.021 0.119 0.042 0.061 0.024 0.016 0.197 0.011 0.024 0.021 0.025 0.249 0.042
143 E 0.041 0.098 0.046 0.061 0.006 0.155 0.245 0.029 0.028 0.018 0.032 0.073 0.012 0.013 0.018 0.041 0.029 0.014 0.015 0.025
144 V 0.053 0.017 0.013 0.014 0.015 0.012 0.018 0.019 0.006 0.146 0.102 0.02 0.024 0.028 0.013 0.025 0.037 0.004 0.016 0.42
145 G 0.06 0.018 0.03 0.026 0.008 0.014 0.02 0.625 0.01 0.014 0.022 0.026 0.007 0.012 0.014 0.039 0.023 0.004 0.008 0.019
146 G 0.132 0.019 0.028 0.025 0.01 0.016 0.022 0.494 0.011 0.019 0.027 0.028 0.009 0.013 0.026 0.05 0.033 0.004 0.009 0.026
147 D 0.031 0.023 0.053 0.538 0.006 0.023 0.07 0.036 0.014 0.017 0.021 0.034 0.007 0.011 0.017 0.04 0.027 0.003 0.009 0.019
148 W 0.023 0.017 0.012 0.012 0.006 0.012 0.017 0.023 0.012 0.023 0.041 0.017 0.012 0.047 0.006 0.017 0.017 0.602 0.059 0.023
149 F 0.047 0.022 0.055 0.068 0.009 0.022 0.036 0.142 0.022 0.054 0.071 0.033 0.015 0.166 0.032 0.047 0.033 0.017 0.058 0.05
150 N 0.131 0.037 0.198 0.043 0.011 0.024 0.042 0.048 0.017 0.025 0.034 0.039 0.011 0.015 0.067 0.119 0.086 0.004 0.013 0.037
151 Y 0.031 0.021 0.017 0.014 0.007 0.017 0.021 0.019 0.036 0.033 0.052 0.024 0.014 0.1 0.012 0.024 0.021 0.021 0.477 0.036
152 L 0.05 0.031 0.024 0.03 0.011 0.038 0.072 0.021 0.011 0.11 0.297 0.029 0.035 0.062 0.013 0.027 0.034 0.006 0.026 0.075
153 R 0.082 0.152 0.046 0.099 0.008 0.034 0.066 0.123 0.042 0.037 0.037 0.063 0.011 0.027 0.025 0.045 0.028 0.005 0.037 0.032
154 H 0.036 0.036 0.047 0.023 0.008 0.039 0.031 0.025 0.175 0.095 0.088 0.038 0.045 0.051 0.013 0.029 0.027 0.019 0.128 0.048
155 Y 0.032 0.019 0.014 0.014 0.009 0.013 0.018 0.019 0.028 0.064 0.163 0.02 0.027 0.191 0.011 0.022 0.023 0.023 0.213 0.076
156 E 0.04 0.039 0.073 0.147 0.007 0.033 0.189 0.04 0.032 0.039 0.049 0.055 0.012 0.043 0.017 0.058 0.03 0.006 0.048 0.043
157 R 0.066 0.114 0.044 0.091 0.009 0.064 0.068 0.047 0.024 0.04 0.076 0.052 0.047 0.031 0.016 0.065 0.05 0.015 0.038 0.044
158 A 0.155 0.039 0.019 0.02 0.023 0.021 0.025 0.033 0.01 0.139 0.088 0.03 0.041 0.025 0.017 0.06 0.077 0.005 0.022 0.151
159 A 0.143 0.059 0.028 0.045 0.012 0.061 0.037 0.087 0.014 0.05 0.076 0.048 0.017 0.028 0.018 0.12 0.054 0.005 0.037 0.062
160 G 0.052 0.058 0.06 0.055 0.009 0.027 0.042 0.141 0.033 0.034 0.078 0.033 0.017 0.086 0.014 0.05 0.042 0.027 0.092 0.048
161 S 0.11 0.04 0.054 0.049 0.018 0.033 0.052 0.066 0.019 0.03 0.042 0.054 0.016 0.021 0.03 0.22 0.082 0.005 0.018 0.042
162 L 0.083 0.052 0.021 0.023 0.011 0.055 0.057 0.037 0.014 0.075 0.169 0.044 0.051 0.039 0.015 0.058 0.052 0.016 0.047 0.079
163 D 0.041 0.03 0.069 0.4 0.007 0.03 0.091 0.046 0.019 0.022 0.028 0.045 0.009 0.015 0.022 0.052 0.035 0.004 0.011 0.024
164 S 0.059 0.045 0.055 0.098 0.01 0.023 0.045 0.092 0.014 0.023 0.032 0.039 0.011 0.023 0.11 0.177 0.098 0.004 0.013 0.03
165 L 0.032 0.018 0.012 0.013 0.01 0.012 0.016 0.018 0.011 0.075 0.311 0.025 0.034 0.2 0.01 0.02 0.024 0.028 0.064 0.066
166 G 0.09 0.043 0.027 0.068 0.01 0.052 0.059 0.095 0.022 0.048 0.077 0.05 0.025 0.023 0.048 0.078 0.048 0.053 0.032 0.052
167 E 0.069 0.043 0.046 0.166 0.007 0.076 0.199 0.039 0.026 0.02 0.03 0.061 0.01 0.015 0.028 0.069 0.035 0.014 0.021 0.026
168 A 0.195 0.021 0.018 0.019 0.015 0.016 0.024 0.036 0.01 0.107 0.117 0.027 0.026 0.026 0.017 0.069 0.056 0.005 0.022 0.174
169 L 0.042 0.018 0.013 0.014 0.012 0.012 0.017 0.022 0.008 0.135 0.315 0.02 0.038 0.084 0.031 0.027 0.031 0.006 0.021 0.135
170 E 0.055 0.05 0.04 0.09 0.007 0.065 0.296 0.035 0.026 0.022 0.037 0.076 0.013 0.017 0.026 0.055 0.037 0.006 0.017 0.031
171 S 0.11 0.04 0.054 0.049 0.018 0.033 0.052 0.066 0.019 0.03 0.042 0.054 0.016 0.021 0.03 0.22 0.082 0.005 0.018 0.042
172 T 0.07 0.052 0.031 0.054 0.011 0.028 0.07 0.09 0.013 0.039 0.117 0.057 0.03 0.029 0.018 0.091 0.127 0.014 0.015 0.045
173 G 0.078 0.023 0.039 0.034 0.011 0.019 0.026 0.511 0.013 0.019 0.028 0.034 0.009 0.016 0.019 0.051 0.03 0.005 0.011 0.024
174 G 0.063 0.051 0.034 0.035 0.01 0.031 0.044 0.198 0.016 0.024 0.036 0.12 0.012 0.015 0.181 0.049 0.035 0.004 0.014 0.029
175 G 0.055 0.083 0.026 0.025 0.01 0.065 0.042 0.131 0.02 0.053 0.092 0.056 0.046 0.054 0.016 0.069 0.061 0.006 0.047 0.044
176 G 0.067 0.051 0.036 0.052 0.01 0.029 0.055 0.243 0.013 0.03 0.036 0.063 0.016 0.024 0.03 0.11 0.077 0.005 0.02 0.034
177 D 0.032 0.024 0.051 0.508 0.006 0.025 0.095 0.035 0.015 0.017 0.022 0.036 0.007 0.012 0.017 0.04 0.027 0.003 0.009 0.019
178 P 0.045 0.021 0.019 0.024 0.008 0.022 0.029 0.028 0.01 0.028 0.031 0.032 0.009 0.011 0.561 0.047 0.029 0.002 0.01 0.033
179 G 0.151 0.019 0.027 0.025 0.01 0.016 0.022 0.476 0.011 0.021 0.036 0.028 0.009 0.014 0.016 0.048 0.027 0.004 0.01 0.03
180 Y 0.031 0.022 0.017 0.015 0.007 0.017 0.022 0.019 0.049 0.033 0.053 0.024 0.014 0.107 0.012 0.024 0.021 0.021 0.456 0.035
181 Y 0.106 0.052 0.034 0.024 0.015 0.087 0.035 0.077 0.019 0.051 0.058 0.045 0.045 0.046 0.016 0.061 0.035 0.018 0.111 0.067
182 L 0.07 0.019 0.014 0.015 0.012 0.013 0.018 0.041 0.009 0.089 0.327 0.021 0.031 0.103 0.012 0.032 0.047 0.006 0.023 0.096
183 L 0.036 0.017 0.011 0.012 0.013 0.012 0.015 0.017 0.008 0.152 0.394 0.019 0.034 0.053 0.011 0.019 0.028 0.005 0.018 0.124
184 N 0.043 0.033 0.423 0.06 0.011 0.026 0.044 0.048 0.023 0.022 0.028 0.041 0.009 0.014 0.016 0.064 0.045 0.004 0.012 0.036
185 W 0.039 0.02 0.013 0.013 0.007 0.013 0.025 0.034 0.012 0.033 0.053 0.019 0.014 0.077 0.007 0.02 0.019 0.492 0.06 0.029
186 L 0.068 0.018 0.013 0.014 0.017 0.013 0.017 0.031 0.008 0.177 0.274 0.021 0.045 0.058 0.012 0.03 0.029 0.02 0.019 0.115
187 S 0.149 0.024 0.028 0.027 0.023 0.02 0.03 0.09 0.012 0.06 0.055 0.033 0.026 0.019 0.019 0.199 0.047 0.004 0.014 0.121
188 A 0.208 0.025 0.045 0.042 0.012 0.043 0.034 0.094 0.03 0.045 0.073 0.033 0.015 0.041 0.018 0.07 0.039 0.012 0.05 0.069
189 Q 0.048 0.138 0.065 0.043 0.007 0.14 0.081 0.061 0.037 0.023 0.051 0.095 0.014 0.031 0.017 0.058 0.04 0.005 0.019 0.028
190 L 0.08 0.02 0.036 0.016 0.012 0.014 0.019 0.024 0.01 0.078 0.322 0.023 0.045 0.077 0.012 0.03 0.04 0.042 0.023 0.077
191 G 0.051 0.021 0.06 0.162 0.007 0.018 0.041 0.421 0.012 0.015 0.022 0.036 0.007 0.012 0.015 0.04 0.025 0.004 0.009 0.019
192 G 0.062 0.022 0.019 0.018 0.009 0.013 0.019 0.199 0.011 0.049 0.109 0.022 0.024 0.106 0.012 0.035 0.03 0.149 0.041 0.051
193 G 0.079 0.023 0.039 0.034 0.011 0.019 0.026 0.508 0.014 0.019 0.028 0.034 0.009 0.016 0.019 0.051 0.03 0.005 0.011 0.024
194 G 0.053 0.024 0.054 0.123 0.008 0.027 0.064 0.342 0.021 0.017 0.025 0.039 0.009 0.015 0.016 0.072 0.041 0.009 0.018 0.022
195 I 0.039 0.017 0.013 0.014 0.012 0.018 0.017 0.017 0.008 0.341 0.136 0.027 0.056 0.033 0.017 0.021 0.031 0.005 0.016 0.162
196 W 0.032 0.028 0.017 0.016 0.008 0.016 0.028 0.051 0.041 0.042 0.073 0.024 0.015 0.096 0.011 0.029 0.037 0.197 0.193 0.048
197 G 0.068 0.019 0.02 0.02 0.01 0.014 0.027 0.202 0.019 0.051 0.139 0.023 0.023 0.134 0.013 0.048 0.034 0.051 0.028 0.057
198 V 0.067 0.017 0.013 0.014 0.015 0.013 0.019 0.021 0.007 0.119 0.096 0.021 0.023 0.027 0.023 0.028 0.047 0.004 0.016 0.411
199 N 0.033 0.034 0.466 0.071 0.007 0.026 0.038 0.05 0.024 0.017 0.024 0.041 0.009 0.014 0.016 0.056 0.038 0.003 0.012 0.021
200 L 0.045 0.019 0.014 0.015 0.012 0.013 0.018 0.02 0.009 0.095 0.364 0.021 0.031 0.08 0.012 0.032 0.072 0.006 0.021 0.1
201 V 0.079 0.017 0.014 0.015 0.026 0.013 0.018 0.044 0.007 0.174 0.115 0.021 0.029 0.058 0.013 0.027 0.034 0.005 0.018 0.275
202 C 0.065 0.014 0.015 0.015 0.502 0.011 0.015 0.063 0.008 0.032 0.047 0.018 0.012 0.018 0.013 0.053 0.03 0.004 0.023 0.042
203 G 0.23 0.021 0.026 0.025 0.012 0.017 0.025 0.366 0.011 0.023 0.032 0.03 0.01 0.014 0.018 0.062 0.031 0.004 0.011 0.034
204 L 0.168 0.02 0.016 0.017 0.014 0.015 0.022 0.041 0.009 0.139 0.185 0.025 0.038 0.035 0.016 0.04 0.058 0.005 0.016 0.121
205 I 0.039 0.016 0.012 0.013 0.022 0.011 0.015 0.017 0.007 0.257 0.227 0.019 0.029 0.058 0.011 0.026 0.03 0.005 0.019 0.164
206 F 0.031 0.016 0.013 0.014 0.009 0.01 0.016 0.029 0.012 0.066 0.125 0.017 0.035 0.387 0.009 0.022 0.029 0.011 0.06 0.088
207 S 0.122 0.026 0.025 0.024 0.023 0.021 0.029 0.037 0.012 0.057 0.085 0.032 0.125 0.032 0.018 0.138 0.098 0.005 0.016 0.073
208 W 0.102 0.019 0.016 0.016 0.011 0.014 0.021 0.034 0.019 0.108 0.108 0.023 0.019 0.086 0.013 0.041 0.053 0.15 0.052 0.095
209 G 0.074 0.018 0.03 0.026 0.009 0.015 0.021 0.588 0.011 0.015 0.023 0.027 0.008 0.013 0.015 0.052 0.025 0.004 0.009 0.02
210 L 0.039 0.018 0.012 0.013 0.013 0.013 0.016 0.017 0.008 0.116 0.421 0.02 0.035 0.045 0.011 0.021 0.039 0.005 0.017 0.122
211 V 0.111 0.019 0.015 0.017 0.014 0.02 0.02 0.026 0.008 0.194 0.136 0.024 0.029 0.044 0.014 0.043 0.047 0.005 0.017 0.196
212 R 0.124 0.164 0.031 0.024 0.021 0.04 0.043 0.033 0.014 0.056 0.077 0.063 0.024 0.029 0.017 0.061 0.055 0.005 0.022 0.099
213 F 0.027 0.015 0.013 0.013 0.009 0.009 0.015 0.019 0.012 0.059 0.13 0.015 0.021 0.475 0.008 0.019 0.02 0.012 0.062 0.047
214 C 0.199 0.02 0.019 0.02 0.256 0.016 0.024 0.041 0.009 0.044 0.061 0.026 0.014 0.017 0.018 0.097 0.037 0.004 0.012 0.067
215 R 0.046 0.344 0.044 0.027 0.007 0.047 0.041 0.029 0.025 0.021 0.043 0.107 0.018 0.024 0.016 0.065 0.03 0.024 0.016 0.027
216 R 0.108 0.162 0.053 0.03 0.01 0.04 0.038 0.038 0.041 0.027 0.048 0.08 0.019 0.016 0.019 0.11 0.105 0.004 0.015 0.036
217 Q 0.041 0.046 0.028 0.031 0.008 0.286 0.075 0.028 0.019 0.038 0.156 0.056 0.028 0.019 0.016 0.037 0.03 0.005 0.016 0.039
218 P 0.044 0.02 0.019 0.032 0.008 0.016 0.028 0.028 0.01 0.021 0.029 0.032 0.008 0.012 0.574 0.035 0.04 0.002 0.018 0.025
219 R 0.055 0.195 0.12 0.039 0.008 0.04 0.041 0.031 0.019 0.037 0.116 0.06 0.022 0.055 0.014 0.036 0.029 0.008 0.033 0.042
220 P 0.051 0.02 0.019 0.024 0.008 0.016 0.028 0.029 0.01 0.02 0.028 0.032 0.008 0.01 0.583 0.046 0.029 0.002 0.01 0.024
221 W 0.052 0.019 0.013 0.013 0.007 0.013 0.019 0.026 0.012 0.026 0.05 0.025 0.012 0.059 0.007 0.023 0.019 0.53 0.049 0.027
222 L 0.035 0.019 0.011 0.012 0.013 0.013 0.016 0.017 0.008 0.096 0.48 0.02 0.047 0.041 0.011 0.019 0.027 0.005 0.017 0.094
223 A 0.325 0.024 0.023 0.024 0.015 0.019 0.03 0.099 0.011 0.045 0.048 0.033 0.014 0.017 0.021 0.1 0.054 0.004 0.013 0.08
224 L 0.043 0.019 0.02 0.014 0.012 0.013 0.017 0.019 0.009 0.128 0.327 0.021 0.066 0.086 0.011 0.028 0.028 0.006 0.029 0.103
225 L 0.148 0.021 0.017 0.018 0.017 0.016 0.022 0.04 0.009 0.087 0.219 0.026 0.026 0.028 0.016 0.045 0.082 0.005 0.015 0.143
226 V 0.066 0.017 0.013 0.014 0.024 0.013 0.018 0.02 0.015 0.163 0.112 0.021 0.03 0.028 0.013 0.026 0.036 0.004 0.016 0.351
227 A 0.433 0.024 0.021 0.024 0.016 0.02 0.032 0.059 0.012 0.032 0.045 0.035 0.013 0.017 0.023 0.086 0.04 0.004 0.013 0.051
228 V 0.049 0.017 0.013 0.014 0.014 0.013 0.017 0.019 0.007 0.185 0.113 0.02 0.037 0.037 0.013 0.025 0.048 0.005 0.017 0.339
229 P 0.044 0.02 0.018 0.024 0.008 0.016 0.028 0.028 0.01 0.02 0.028 0.032 0.008 0.01 0.612 0.034 0.028 0.002 0.01 0.024
230 Y 0.032 0.021 0.017 0.015 0.007 0.017 0.022 0.02 0.035 0.033 0.053 0.024 0.014 0.106 0.012 0.03 0.022 0.021 0.463 0.036
231 L 0.035 0.019 0.012 0.012 0.012 0.013 0.016 0.017 0.009 0.083 0.452 0.02 0.062 0.061 0.011 0.02 0.032 0.006 0.034 0.071
232 V 0.059 0.016 0.013 0.014 0.014 0.012 0.017 0.019 0.007 0.212 0.151 0.02 0.026 0.032 0.012 0.025 0.04 0.005 0.023 0.283
233 I 0.041 0.016 0.015 0.016 0.013 0.012 0.017 0.019 0.007 0.333 0.119 0.021 0.026 0.031 0.013 0.028 0.093 0.004 0.015 0.161
234 V 0.053 0.017 0.013 0.014 0.015 0.013 0.018 0.029 0.006 0.129 0.099 0.02 0.024 0.027 0.013 0.025 0.037 0.004 0.016 0.428
235 V 0.059 0.017 0.013 0.014 0.015 0.013 0.018 0.019 0.007 0.133 0.114 0.02 0.03 0.028 0.013 0.025 0.037 0.004 0.016 0.406
236 A 0.27 0.023 0.026 0.026 0.013 0.019 0.029 0.228 0.012 0.027 0.038 0.033 0.017 0.016 0.02 0.111 0.037 0.004 0.012 0.039
237 M 0.04 0.025 0.015 0.015 0.012 0.022 0.022 0.022 0.012 0.077 0.151 0.028 0.357 0.037 0.012 0.028 0.031 0.006 0.018 0.071
238 G 0.06 0.018 0.03 0.026 0.008 0.014 0.02 0.625 0.01 0.014 0.022 0.026 0.007 0.012 0.014 0.039 0.023 0.004 0.008 0.019
239 Y 0.031 0.021 0.017 0.014 0.007 0.016 0.021 0.019 0.035 0.034 0.054 0.024 0.014 0.114 0.012 0.024 0.021 0.021 0.464 0.036
240 T 0.071 0.028 0.035 0.031 0.014 0.022 0.033 0.039 0.012 0.035 0.045 0.037 0.014 0.018 0.022 0.167 0.312 0.004 0.014 0.048
241 R 0.034 0.496 0.03 0.024 0.006 0.037 0.04 0.025 0.018 0.018 0.036 0.092 0.012 0.013 0.015 0.034 0.027 0.004 0.013 0.024
242 Q 0.043 0.056 0.034 0.036 0.007 0.398 0.079 0.032 0.023 0.02 0.036 0.07 0.016 0.011 0.018 0.043 0.032 0.005 0.016 0.027
243 G 0.23 0.023 0.028 0.027 0.013 0.019 0.028 0.286 0.012 0.024 0.034 0.032 0.011 0.015 0.019 0.114 0.036 0.004 0.011 0.035
244 V 0.126 0.019 0.016 0.017 0.015 0.015 0.021 0.028 0.008 0.131 0.09 0.024 0.033 0.026 0.015 0.041 0.06 0.004 0.015 0.298
245 A 0.45 0.024 0.02 0.023 0.017 0.02 0.031 0.06 0.011 0.033 0.045 0.034 0.013 0.017 0.023 0.071 0.039 0.004 0.013 0.052
246 L 0.036 0.016 0.012 0.013 0.012 0.011 0.015 0.016 0.007 0.281 0.283 0.019 0.037 0.045 0.011 0.02 0.035 0.005 0.017 0.109
247 G 0.074 0.018 0.03 0.026 0.009 0.015 0.021 0.588 0.011 0.015 0.023 0.027 0.008 0.013 0.015 0.052 0.025 0.004 0.009 0.02
248 L 0.037 0.017 0.012 0.013 0.03 0.011 0.015 0.018 0.009 0.121 0.314 0.018 0.038 0.173 0.01 0.02 0.025 0.007 0.031 0.082
249 A 0.155 0.021 0.018 0.022 0.013 0.018 0.051 0.033 0.01 0.124 0.143 0.028 0.031 0.034 0.016 0.072 0.039 0.014 0.016 0.141
250 L 0.038 0.022 0.014 0.014 0.05 0.018 0.019 0.02 0.011 0.077 0.249 0.024 0.232 0.053 0.012 0.025 0.029 0.006 0.019 0.069
251 L 0.082 0.019 0.013 0.014 0.012 0.019 0.019 0.033 0.009 0.111 0.264 0.021 0.038 0.076 0.012 0.025 0.027 0.084 0.025 0.097
252 G 0.217 0.02 0.026 0.025 0.012 0.017 0.025 0.383 0.011 0.022 0.032 0.029 0.01 0.014 0.018 0.056 0.036 0.004 0.01 0.033
253 L 0.035 0.019 0.011 0.012 0.012 0.013 0.016 0.017 0.009 0.11 0.44 0.02 0.057 0.046 0.011 0.02 0.026 0.006 0.032 0.088
254 V 0.156 0.028 0.026 0.02 0.033 0.016 0.024 0.043 0.01 0.091 0.1 0.028 0.021 0.024 0.017 0.06 0.076 0.005 0.022 0.2
255 A 0.235 0.04 0.033 0.066 0.041 0.032 0.035 0.069 0.022 0.03 0.051 0.035 0.022 0.023 0.019 0.096 0.039 0.025 0.045 0.041
256 L 0.056 0.018 0.012 0.013 0.012 0.012 0.016 0.019 0.008 0.105 0.402 0.02 0.033 0.071 0.011 0.022 0.032 0.025 0.021 0.09
257 G 0.078 0.063 0.045 0.064 0.015 0.033 0.07 0.162 0.021 0.047 0.069 0.046 0.013 0.025 0.027 0.112 0.049 0.004 0.014 0.043
258 R 0.039 0.211 0.085 0.094 0.007 0.045 0.087 0.07 0.032 0.018 0.031 0.11 0.011 0.013 0.026 0.046 0.035 0.004 0.013 0.023
259 G 0.054 0.07 0.08 0.131 0.009 0.027 0.048 0.222 0.022 0.023 0.035 0.048 0.011 0.03 0.019 0.049 0.033 0.008 0.052 0.028
260 G 0.066 0.167 0.057 0.052 0.007 0.048 0.053 0.19 0.031 0.019 0.038 0.118 0.011 0.014 0.017 0.042 0.028 0.004 0.013 0.025
261 R 0.073 0.157 0.084 0.036 0.009 0.063 0.051 0.062 0.042 0.021 0.033 0.093 0.012 0.015 0.019 0.147 0.04 0.004 0.015 0.027
262 L 0.053 0.022 0.049 0.02 0.011 0.021 0.022 0.034 0.011 0.123 0.182 0.031 0.04 0.066 0.044 0.031 0.07 0.035 0.028 0.106
263 L 0.075 0.106 0.019 0.019 0.01 0.026 0.026 0.064 0.012 0.077 0.147 0.063 0.025 0.047 0.043 0.031 0.035 0.054 0.027 0.096
264 R 0.053 0.185 0.029 0.027 0.007 0.06 0.047 0.072 0.031 0.023 0.039 0.143 0.012 0.026 0.016 0.051 0.05 0.079 0.02 0.029
265 F 0.057 0.017 0.021 0.015 0.019 0.011 0.017 0.023 0.014 0.052 0.112 0.018 0.025 0.389 0.02 0.03 0.023 0.011 0.078 0.048
266 V 0.086 0.017 0.014 0.015 0.014 0.013 0.018 0.027 0.008 0.189 0.144 0.021 0.025 0.062 0.013 0.028 0.046 0.005 0.019 0.237
267 F 0.08 0.017 0.014 0.015 0.021 0.012 0.017 0.058 0.009 0.136 0.156 0.02 0.029 0.183 0.012 0.026 0.028 0.007 0.031 0.129
268 W 0.036 0.019 0.013 0.013 0.041 0.019 0.019 0.022 0.015 0.04 0.123 0.027 0.023 0.118 0.019 0.022 0.021 0.267 0.105 0.038
269 V 0.061 0.017 0.014 0.015 0.014 0.013 0.018 0.02 0.007 0.199 0.12 0.021 0.036 0.029 0.013 0.033 0.05 0.004 0.016 0.3
270 L 0.126 0.019 0.016 0.016 0.018 0.015 0.02 0.076 0.009 0.107 0.199 0.024 0.051 0.061 0.014 0.038 0.031 0.005 0.019 0.136
271 L 0.094 0.018 0.013 0.014 0.032 0.013 0.018 0.023 0.008 0.125 0.303 0.021 0.031 0.07 0.013 0.027 0.035 0.005 0.02 0.117
272 A 0.346 0.022 0.022 0.024 0.014 0.018 0.028 0.217 0.011 0.028 0.039 0.032 0.012 0.015 0.02 0.058 0.034 0.004 0.012 0.043
273 A 0.365 0.024 0.022 0.024 0.016 0.02 0.031 0.064 0.011 0.039 0.048 0.034 0.014 0.017 0.022 0.086 0.071 0.004 0.013 0.076
274 L 0.08 0.022 0.02 0.019 0.013 0.017 0.023 0.027 0.009 0.074 0.272 0.027 0.037 0.038 0.016 0.053 0.161 0.005 0.016 0.071
275 F 0.026 0.015 0.013 0.013 0.008 0.008 0.015 0.019 0.013 0.056 0.095 0.015 0.02 0.514 0.008 0.019 0.02 0.013 0.066 0.044
276 H 0.032 0.035 0.041 0.029 0.006 0.029 0.041 0.029 0.506 0.018 0.029 0.035 0.012 0.023 0.015 0.032 0.02 0.006 0.044 0.018
277 K 0.042 0.163 0.032 0.03 0.007 0.04 0.051 0.032 0.016 0.021 0.034 0.371 0.012 0.012 0.02 0.045 0.03 0.004 0.013 0.025
278 S 0.081 0.029 0.038 0.034 0.014 0.024 0.037 0.045 0.013 0.029 0.038 0.039 0.013 0.017 0.022 0.288 0.18 0.004 0.013 0.04
279 A 0.425 0.024 0.02 0.023 0.016 0.019 0.031 0.058 0.011 0.037 0.048 0.034 0.014 0.017 0.022 0.074 0.039 0.004 0.014 0.071
280 V 0.052 0.017 0.012 0.014 0.014 0.012 0.017 0.018 0.007 0.207 0.17 0.02 0.038 0.031 0.012 0.023 0.034 0.005 0.016 0.283
281 L 0.037 0.017 0.011 0.013 0.012 0.012 0.015 0.017 0.008 0.168 0.336 0.019 0.039 0.069 0.011 0.02 0.028 0.006 0.02 0.14
282 L 0.059 0.019 0.013 0.014 0.022 0.014 0.018 0.02 0.009 0.098 0.283 0.022 0.108 0.076 0.012 0.024 0.029 0.006 0.021 0.133
283 L 0.044 0.018 0.012 0.013 0.013 0.013 0.016 0.018 0.008 0.136 0.397 0.02 0.054 0.039 0.012 0.027 0.028 0.005 0.017 0.11
284 L 0.054 0.021 0.015 0.017 0.017 0.015 0.02 0.022 0.009 0.185 0.225 0.025 0.039 0.045 0.015 0.027 0.041 0.006 0.021 0.182
285 L 0.044 0.024 0.014 0.015 0.016 0.016 0.02 0.021 0.01 0.115 0.38 0.025 0.049 0.054 0.014 0.024 0.033 0.007 0.022 0.096
286 P 0.05 0.02 0.018 0.023 0.008 0.016 0.027 0.037 0.01 0.036 0.04 0.031 0.009 0.012 0.554 0.033 0.028 0.002 0.01 0.035
287 L 0.043 0.016 0.012 0.013 0.012 0.011 0.015 0.018 0.008 0.223 0.258 0.019 0.035 0.092 0.011 0.021 0.035 0.006 0.022 0.128
288 A 0.254 0.021 0.018 0.02 0.014 0.016 0.025 0.099 0.011 0.106 0.093 0.028 0.018 0.024 0.018 0.056 0.035 0.005 0.029 0.112
289 A 0.224 0.02 0.018 0.019 0.014 0.016 0.023 0.1 0.01 0.106 0.117 0.027 0.024 0.031 0.036 0.043 0.04 0.004 0.015 0.112
290 L 0.054 0.018 0.012 0.013 0.012 0.012 0.016 0.019 0.009 0.092 0.369 0.019 0.042 0.126 0.011 0.022 0.026 0.016 0.026 0.084
291 A 0.211 0.025 0.026 0.026 0.014 0.026 0.032 0.055 0.012 0.056 0.056 0.034 0.014 0.026 0.078 0.15 0.07 0.004 0.014 0.072
292 S 0.113 0.041 0.071 0.03 0.012 0.027 0.038 0.083 0.022 0.056 0.084 0.035 0.016 0.025 0.018 0.127 0.085 0.005 0.044 0.068
293 D 0.041 0.03 0.069 0.395 0.008 0.03 0.092 0.047 0.019 0.022 0.028 0.045 0.009 0.015 0.022 0.052 0.036 0.004 0.011 0.024
294 W 0.03 0.023 0.015 0.015 0.008 0.015 0.023 0.03 0.015 0.03 0.053 0.023 0.015 0.061 0.008 0.023 0.023 0.49 0.068 0.03
295 T 0.093 0.044 0.052 0.054 0.011 0.028 0.034 0.095 0.013 0.033 0.05 0.062 0.013 0.049 0.048 0.113 0.136 0.005 0.016 0.051
296 R 0.043 0.27 0.038 0.029 0.007 0.061 0.062 0.083 0.019 0.022 0.041 0.12 0.014 0.014 0.017 0.056 0.051 0.004 0.013 0.033
297 R 0.044 0.349 0.039 0.031 0.008 0.048 0.052 0.033 0.023 0.023 0.046 0.119 0.015 0.017 0.019 0.044 0.035 0.006 0.017 0.031
298 F 0.034 0.019 0.017 0.017 0.011 0.011 0.019 0.025 0.017 0.063 0.113 0.019 0.025 0.391 0.011 0.025 0.025 0.017 0.088 0.055
299 N 0.045 0.09 0.257 0.047 0.008 0.026 0.036 0.141 0.031 0.018 0.027 0.067 0.009 0.014 0.016 0.093 0.036 0.004 0.013 0.022
300 R 0.037 0.337 0.055 0.027 0.007 0.038 0.04 0.028 0.025 0.03 0.053 0.128 0.013 0.016 0.016 0.049 0.029 0.024 0.015 0.034
301 L 0.055 0.026 0.015 0.015 0.011 0.013 0.019 0.055 0.011 0.115 0.201 0.022 0.024 0.095 0.025 0.032 0.043 0.062 0.062 0.099
302 L 0.047 0.019 0.016 0.014 0.01 0.025 0.02 0.031 0.01 0.108 0.216 0.022 0.035 0.048 0.02 0.028 0.026 0.181 0.035 0.087
303 T 0.057 0.059 0.052 0.036 0.012 0.028 0.032 0.032 0.013 0.085 0.087 0.063 0.025 0.026 0.028 0.092 0.18 0.005 0.022 0.067
304 L 0.124 0.019 0.017 0.017 0.013 0.015 0.021 0.092 0.01 0.117 0.212 0.024 0.035 0.048 0.014 0.045 0.043 0.015 0.032 0.087
305 L 0.129 0.027 0.017 0.018 0.022 0.015 0.021 0.063 0.01 0.129 0.165 0.025 0.022 0.086 0.029 0.059 0.038 0.005 0.021 0.098
306 W 0.07 0.019 0.016 0.016 0.01 0.014 0.02 0.074 0.011 0.066 0.128 0.022 0.033 0.062 0.021 0.04 0.051 0.23 0.031 0.065
307 V 0.073 0.018 0.017 0.017 0.013 0.014 0.019 0.116 0.008 0.149 0.13 0.022 0.028 0.035 0.014 0.036 0.052 0.005 0.015 0.221
308 G 0.151 0.02 0.022 0.022 0.017 0.016 0.023 0.227 0.01 0.072 0.1 0.027 0.016 0.029 0.026 0.064 0.046 0.004 0.013 0.092
309 G 0.079 0.023 0.039 0.034 0.011 0.019 0.026 0.508 0.014 0.019 0.028 0.034 0.009 0.016 0.019 0.051 0.03 0.005 0.011 0.024
310 I 0.047 0.018 0.015 0.018 0.016 0.013 0.018 0.021 0.009 0.269 0.168 0.024 0.037 0.044 0.015 0.025 0.04 0.006 0.021 0.177
311 L 0.088 0.018 0.016 0.017 0.013 0.014 0.019 0.073 0.008 0.177 0.184 0.023 0.03 0.033 0.023 0.046 0.039 0.005 0.015 0.159
312 A 0.169 0.021 0.019 0.019 0.014 0.017 0.024 0.044 0.01 0.103 0.143 0.027 0.055 0.042 0.017 0.067 0.067 0.005 0.017 0.12
313 A 0.152 0.022 0.024 0.023 0.012 0.017 0.026 0.126 0.011 0.041 0.09 0.029 0.022 0.118 0.017 0.099 0.084 0.006 0.024 0.057
314 A 0.166 0.02 0.016 0.017 0.013 0.015 0.022 0.053 0.011 0.097 0.152 0.025 0.021 0.041 0.045 0.036 0.034 0.006 0.061 0.147
315 L 0.081 0.018 0.018 0.018 0.012 0.014 0.019 0.15 0.009 0.142 0.187 0.023 0.028 0.044 0.014 0.04 0.049 0.005 0.016 0.115
316 L 0.12 0.02 0.016 0.017 0.013 0.015 0.02 0.109 0.009 0.078 0.252 0.024 0.047 0.063 0.014 0.033 0.037 0.005 0.018 0.092
317 Y 0.06 0.02 0.017 0.016 0.008 0.015 0.02 0.09 0.024 0.036 0.071 0.023 0.02 0.154 0.012 0.027 0.022 0.064 0.265 0.037
318 F 0.06 0.031 0.038 0.037 0.009 0.041 0.034 0.045 0.018 0.051 0.099 0.035 0.025 0.139 0.013 0.038 0.041 0.039 0.137 0.068
319 L 0.11 0.021 0.016 0.016 0.013 0.027 0.022 0.027 0.01 0.079 0.278 0.025 0.033 0.077 0.014 0.043 0.045 0.006 0.028 0.112
320 F 0.039 0.017 0.013 0.014 0.01 0.011 0.016 0.02 0.011 0.078 0.216 0.018 0.044 0.292 0.01 0.028 0.03 0.019 0.044 0.071
