#Seq2Logo.py -f /work3/idamei/ssn-clusterings/clustering/2205171701/clusters/0016_201/sequences.afa -o /work3/idamei/ssn-clusterings/clustering/2205171701/clusters/0016_201/sequences.logo
#Position Specific Frequency Matrix
A R N D C Q E G H I L K M F P S T W Y V
0 L 0.051 0.031 0.02 0.02 0.016 0.027 0.027 0.027 0.016 0.098 0.192 0.035 0.181 0.047 0.016 0.035 0.039 0.008 0.024 0.09
1 D 0.041 0.03 0.069 0.395 0.008 0.03 0.092 0.047 0.019 0.023 0.028 0.045 0.009 0.015 0.023 0.052 0.036 0.004 0.011 0.024
2 S 0.11 0.04 0.054 0.049 0.018 0.033 0.053 0.067 0.019 0.03 0.042 0.054 0.016 0.021 0.03 0.216 0.082 0.005 0.018 0.042
3 L 0.045 0.024 0.014 0.015 0.016 0.016 0.02 0.021 0.01 0.116 0.373 0.025 0.05 0.055 0.014 0.024 0.034 0.007 0.022 0.097
4 V 0.07 0.022 0.017 0.018 0.019 0.017 0.023 0.025 0.008 0.165 0.131 0.026 0.032 0.036 0.017 0.033 0.05 0.006 0.021 0.266
5 L 0.045 0.024 0.014 0.015 0.016 0.016 0.02 0.021 0.01 0.116 0.373 0.025 0.05 0.055 0.014 0.024 0.034 0.007 0.022 0.097
6 K 0.057 0.108 0.042 0.042 0.009 0.054 0.071 0.043 0.021 0.028 0.043 0.275 0.016 0.016 0.028 0.054 0.04 0.005 0.017 0.033
7 S 0.11 0.04 0.054 0.049 0.018 0.033 0.053 0.067 0.019 0.03 0.042 0.054 0.016 0.021 0.03 0.216 0.082 0.005 0.018 0.042
8 R 0.045 0.342 0.039 0.031 0.008 0.049 0.053 0.033 0.023 0.023 0.047 0.121 0.016 0.017 0.019 0.045 0.035 0.006 0.017 0.031
9 R 0.045 0.342 0.039 0.031 0.008 0.049 0.053 0.033 0.023 0.023 0.047 0.121 0.016 0.017 0.019 0.045 0.035 0.006 0.017 0.031
10 F 0.034 0.019 0.017 0.017 0.011 0.011 0.019 0.026 0.017 0.064 0.115 0.019 0.026 0.384 0.011 0.026 0.026 0.017 0.089 0.055
11 N 0.043 0.045 0.314 0.083 0.009 0.034 0.05 0.065 0.032 0.023 0.032 0.054 0.011 0.018 0.02 0.07 0.05 0.005 0.016 0.027
12 V 0.07 0.022 0.017 0.018 0.019 0.017 0.023 0.025 0.008 0.165 0.131 0.026 0.032 0.036 0.017 0.033 0.05 0.006 0.021 0.266
13 T 0.073 0.036 0.044 0.038 0.018 0.028 0.04 0.044 0.014 0.054 0.065 0.046 0.02 0.024 0.028 0.093 0.243 0.006 0.018 0.071
14 N 0.043 0.045 0.314 0.083 0.009 0.034 0.05 0.065 0.032 0.023 0.032 0.054 0.011 0.018 0.02 0.07 0.05 0.005 0.016 0.027
15 R 0.045 0.342 0.039 0.031 0.008 0.049 0.053 0.033 0.023 0.023 0.047 0.121 0.016 0.017 0.019 0.045 0.035 0.006 0.017 0.031
16 S 0.11 0.04 0.054 0.049 0.018 0.033 0.053 0.067 0.019 0.03 0.042 0.054 0.016 0.021 0.03 0.216 0.082 0.005 0.018 0.042
17 C 0.065 0.016 0.016 0.016 0.481 0.012 0.016 0.033 0.008 0.045 0.065 0.02 0.016 0.02 0.016 0.041 0.037 0.004 0.012 0.057
18 L 0.045 0.024 0.014 0.015 0.016 0.016 0.02 0.021 0.01 0.116 0.373 0.025 0.05 0.055 0.014 0.024 0.034 0.007 0.022 0.097
19 F 0.034 0.019 0.017 0.017 0.011 0.011 0.019 0.026 0.017 0.064 0.115 0.019 0.026 0.384 0.011 0.026 0.026 0.017 0.089 0.055
20 E 0.055 0.05 0.041 0.091 0.007 0.065 0.293 0.035 0.026 0.022 0.037 0.076 0.013 0.017 0.026 0.055 0.037 0.006 0.017 0.031
21 N 0.043 0.045 0.314 0.083 0.009 0.034 0.05 0.065 0.032 0.023 0.032 0.054 0.011 0.018 0.02 0.07 0.05 0.005 0.016 0.027
22 E 0.055 0.05 0.041 0.091 0.007 0.065 0.293 0.035 0.026 0.022 0.037 0.076 0.013 0.017 0.026 0.055 0.037 0.006 0.017 0.031
23 L 0.048 0.08 0.029 0.087 0.011 0.023 0.039 0.031 0.015 0.076 0.139 0.045 0.024 0.091 0.098 0.036 0.033 0.007 0.028 0.062
24 F 0.095 0.033 0.027 0.027 0.094 0.055 0.04 0.04 0.021 0.045 0.068 0.041 0.019 0.101 0.02 0.054 0.074 0.011 0.081 0.054
25 S 0.11 0.04 0.054 0.049 0.018 0.033 0.052 0.066 0.019 0.03 0.042 0.054 0.016 0.021 0.03 0.22 0.082 0.005 0.018 0.042
26 H 0.042 0.046 0.053 0.038 0.008 0.038 0.053 0.038 0.355 0.023 0.038 0.046 0.015 0.03 0.019 0.042 0.027 0.008 0.057 0.023
27 N 0.043 0.045 0.317 0.083 0.009 0.034 0.049 0.065 0.032 0.022 0.032 0.054 0.011 0.018 0.02 0.07 0.049 0.004 0.016 0.027
28 S 0.11 0.04 0.054 0.049 0.018 0.033 0.052 0.066 0.019 0.03 0.042 0.054 0.016 0.021 0.03 0.22 0.082 0.005 0.018 0.042
29 N 0.043 0.045 0.317 0.083 0.009 0.034 0.049 0.065 0.032 0.022 0.032 0.054 0.011 0.018 0.02 0.07 0.049 0.004 0.016 0.027
30 Q 0.056 0.074 0.044 0.047 0.009 0.215 0.103 0.041 0.029 0.026 0.047 0.091 0.021 0.015 0.024 0.056 0.041 0.006 0.021 0.035
31 Q 0.056 0.074 0.044 0.047 0.009 0.215 0.103 0.041 0.029 0.026 0.047 0.091 0.021 0.015 0.024 0.056 0.041 0.006 0.021 0.035
32 L 0.052 0.032 0.02 0.02 0.016 0.028 0.028 0.028 0.016 0.1 0.197 0.036 0.161 0.048 0.016 0.036 0.04 0.008 0.024 0.092
33 F 0.034 0.019 0.017 0.017 0.011 0.011 0.019 0.025 0.017 0.063 0.114 0.019 0.025 0.387 0.011 0.025 0.025 0.017 0.089 0.055
34 I 0.047 0.018 0.015 0.018 0.016 0.013 0.018 0.021 0.009 0.271 0.168 0.024 0.037 0.044 0.015 0.025 0.04 0.006 0.021 0.177
35 P 0.057 0.026 0.023 0.031 0.01 0.021 0.036 0.036 0.013 0.026 0.036 0.041 0.01 0.013 0.494 0.044 0.036 0.003 0.013 0.031
36 I 0.047 0.018 0.015 0.018 0.016 0.013 0.018 0.021 0.009 0.271 0.168 0.024 0.037 0.044 0.015 0.025 0.04 0.006 0.021 0.177
37 R 0.045 0.345 0.039 0.031 0.008 0.048 0.052 0.033 0.023 0.023 0.047 0.12 0.016 0.017 0.019 0.045 0.035 0.006 0.017 0.031
38 H 0.042 0.046 0.053 0.038 0.008 0.038 0.053 0.038 0.355 0.023 0.038 0.046 0.015 0.03 0.019 0.042 0.027 0.008 0.057 0.023
39 F 0.034 0.019 0.017 0.017 0.011 0.011 0.019 0.025 0.017 0.063 0.114 0.019 0.025 0.387 0.011 0.025 0.025 0.017 0.089 0.055
40 F 0.034 0.019 0.017 0.017 0.011 0.011 0.019 0.025 0.017 0.063 0.114 0.019 0.025 0.387 0.011 0.025 0.025 0.017 0.089 0.055
41 N 0.043 0.045 0.317 0.083 0.009 0.034 0.049 0.065 0.032 0.022 0.032 0.054 0.011 0.018 0.02 0.07 0.049 0.004 0.016 0.027
42 S 0.11 0.04 0.054 0.049 0.018 0.033 0.052 0.066 0.019 0.03 0.042 0.054 0.016 0.021 0.03 0.22 0.082 0.005 0.018 0.042
43 S 0.11 0.04 0.054 0.049 0.018 0.033 0.052 0.066 0.019 0.03 0.042 0.054 0.016 0.021 0.03 0.22 0.082 0.005 0.018 0.042
44 K 0.064 0.067 0.092 0.052 0.011 0.042 0.078 0.049 0.021 0.03 0.043 0.154 0.015 0.018 0.026 0.092 0.085 0.005 0.017 0.039
45 K 0.064 0.066 0.092 0.049 0.011 0.072 0.063 0.049 0.022 0.03 0.044 0.138 0.016 0.018 0.025 0.093 0.085 0.005 0.017 0.039
46 Y 0.049 0.068 0.032 0.03 0.009 0.038 0.05 0.034 0.034 0.036 0.056 0.153 0.017 0.073 0.022 0.043 0.034 0.017 0.166 0.04
47 N 0.043 0.045 0.314 0.083 0.009 0.034 0.05 0.065 0.032 0.023 0.032 0.054 0.011 0.018 0.02 0.07 0.05 0.005 0.016 0.027
48 T 0.073 0.036 0.044 0.038 0.018 0.028 0.04 0.044 0.014 0.054 0.065 0.046 0.02 0.024 0.028 0.093 0.243 0.006 0.018 0.071
49 N 0.043 0.045 0.314 0.083 0.009 0.034 0.05 0.065 0.032 0.023 0.032 0.054 0.011 0.018 0.02 0.07 0.05 0.005 0.016 0.027
50 W 0.03 0.023 0.015 0.015 0.008 0.015 0.023 0.03 0.015 0.03 0.053 0.023 0.015 0.061 0.008 0.023 0.023 0.49 0.069 0.03
51 S 0.11 0.04 0.054 0.049 0.018 0.033 0.053 0.067 0.019 0.03 0.042 0.054 0.016 0.021 0.03 0.216 0.082 0.005 0.018 0.042
52 T 0.073 0.036 0.044 0.038 0.018 0.028 0.04 0.044 0.014 0.054 0.065 0.046 0.02 0.024 0.028 0.093 0.243 0.006 0.018 0.071
53 L 0.045 0.024 0.014 0.015 0.016 0.016 0.02 0.021 0.01 0.116 0.373 0.025 0.05 0.055 0.014 0.024 0.034 0.007 0.022 0.097
54 F 0.034 0.019 0.017 0.017 0.011 0.011 0.019 0.026 0.017 0.064 0.115 0.019 0.026 0.384 0.011 0.026 0.026 0.017 0.089 0.055
55 L 0.045 0.024 0.014 0.015 0.016 0.016 0.02 0.021 0.01 0.116 0.373 0.025 0.05 0.055 0.014 0.024 0.034 0.007 0.022 0.097
56 A 0.287 0.031 0.026 0.03 0.022 0.026 0.041 0.079 0.015 0.043 0.06 0.045 0.018 0.022 0.03 0.085 0.05 0.005 0.018 0.069
57 K 0.057 0.108 0.042 0.042 0.009 0.054 0.071 0.043 0.021 0.028 0.043 0.275 0.016 0.016 0.028 0.054 0.04 0.005 0.017 0.033
58 K 0.057 0.108 0.042 0.042 0.009 0.054 0.071 0.043 0.021 0.028 0.043 0.275 0.016 0.016 0.028 0.054 0.04 0.005 0.017 0.033
59 I 0.047 0.018 0.015 0.018 0.016 0.013 0.018 0.021 0.009 0.268 0.169 0.024 0.037 0.044 0.015 0.025 0.04 0.006 0.021 0.177
60 K 0.057 0.108 0.042 0.042 0.009 0.054 0.071 0.043 0.021 0.028 0.043 0.275 0.016 0.016 0.028 0.054 0.04 0.005 0.017 0.033
61 N 0.043 0.045 0.314 0.083 0.009 0.034 0.05 0.065 0.032 0.023 0.032 0.054 0.011 0.018 0.02 0.07 0.05 0.005 0.016 0.027
62 I 0.047 0.018 0.015 0.018 0.016 0.013 0.018 0.021 0.009 0.268 0.169 0.024 0.037 0.044 0.015 0.025 0.04 0.006 0.021 0.177
63 K 0.057 0.108 0.042 0.042 0.009 0.054 0.071 0.043 0.021 0.028 0.043 0.275 0.016 0.016 0.028 0.054 0.04 0.005 0.017 0.033
64 L 0.045 0.024 0.014 0.015 0.016 0.016 0.02 0.021 0.01 0.116 0.373 0.025 0.05 0.055 0.014 0.024 0.034 0.007 0.022 0.097
65 N 0.043 0.045 0.314 0.083 0.009 0.034 0.05 0.065 0.032 0.023 0.032 0.054 0.011 0.018 0.02 0.07 0.05 0.005 0.016 0.027
66 Q 0.056 0.074 0.044 0.047 0.009 0.211 0.103 0.041 0.03 0.027 0.047 0.092 0.021 0.015 0.024 0.056 0.041 0.006 0.021 0.035
67 Y 0.041 0.028 0.022 0.019 0.009 0.022 0.028 0.025 0.047 0.044 0.069 0.031 0.019 0.131 0.016 0.031 0.028 0.028 0.315 0.047
68 R 0.058 0.182 0.028 0.024 0.014 0.033 0.038 0.029 0.016 0.094 0.089 0.073 0.024 0.027 0.018 0.039 0.042 0.006 0.019 0.149
69 K 0.057 0.091 0.043 0.044 0.009 0.133 0.087 0.042 0.025 0.027 0.045 0.183 0.018 0.015 0.026 0.055 0.041 0.006 0.019 0.034
70 T 0.092 0.038 0.049 0.043 0.018 0.031 0.046 0.055 0.017 0.042 0.054 0.05 0.018 0.022 0.029 0.155 0.163 0.006 0.018 0.057
71 T 0.092 0.038 0.049 0.043 0.018 0.031 0.046 0.055 0.017 0.042 0.054 0.05 0.018 0.022 0.029 0.155 0.163 0.006 0.018 0.057
72 A 0.199 0.036 0.04 0.039 0.02 0.03 0.047 0.073 0.017 0.037 0.051 0.049 0.017 0.021 0.03 0.151 0.066 0.005 0.018 0.056
73 L 0.057 0.023 0.015 0.017 0.018 0.016 0.022 0.023 0.009 0.141 0.252 0.026 0.041 0.045 0.015 0.029 0.042 0.006 0.022 0.181
74 F 0.041 0.039 0.025 0.033 0.009 0.028 0.078 0.029 0.023 0.046 0.08 0.076 0.02 0.227 0.016 0.035 0.029 0.015 0.105 0.045
75 F 0.034 0.019 0.017 0.017 0.011 0.011 0.019 0.026 0.017 0.064 0.115 0.019 0.026 0.384 0.011 0.026 0.026 0.017 0.089 0.055
76 V 0.07 0.022 0.017 0.018 0.019 0.017 0.023 0.025 0.008 0.165 0.131 0.026 0.032 0.036 0.017 0.033 0.05 0.006 0.021 0.266
77 F 0.034 0.019 0.017 0.017 0.011 0.011 0.019 0.026 0.017 0.064 0.115 0.019 0.026 0.384 0.011 0.026 0.026 0.017 0.089 0.055
78 L 0.039 0.022 0.015 0.015 0.014 0.014 0.019 0.022 0.013 0.092 0.279 0.022 0.039 0.193 0.012 0.024 0.029 0.011 0.048 0.078
79 L 0.053 0.026 0.069 0.028 0.015 0.019 0.026 0.03 0.013 0.121 0.243 0.03 0.036 0.041 0.016 0.036 0.047 0.006 0.02 0.125
80 G 0.094 0.036 0.025 0.026 0.013 0.023 0.032 0.119 0.014 0.089 0.117 0.073 0.024 0.103 0.019 0.047 0.036 0.008 0.031 0.072
81 L 0.052 0.023 0.019 0.02 0.016 0.017 0.022 0.025 0.01 0.167 0.23 0.027 0.037 0.043 0.016 0.036 0.075 0.006 0.02 0.138
82 L 0.044 0.022 0.014 0.016 0.016 0.015 0.019 0.021 0.009 0.163 0.326 0.024 0.045 0.05 0.014 0.024 0.034 0.007 0.021 0.116
83 L 0.055 0.023 0.02 0.02 0.016 0.017 0.023 0.026 0.011 0.122 0.187 0.027 0.033 0.1 0.016 0.038 0.076 0.008 0.031 0.153
84 V 0.06 0.021 0.015 0.017 0.018 0.016 0.021 0.023 0.008 0.174 0.177 0.025 0.035 0.039 0.015 0.029 0.044 0.006 0.02 0.236
85 K 0.056 0.104 0.04 0.04 0.008 0.052 0.069 0.042 0.02 0.027 0.042 0.296 0.015 0.015 0.027 0.052 0.039 0.005 0.017 0.032
86 L 0.093 0.023 0.016 0.018 0.017 0.017 0.023 0.031 0.01 0.134 0.252 0.028 0.038 0.043 0.017 0.035 0.039 0.006 0.02 0.138
87 L 0.086 0.025 0.017 0.018 0.015 0.018 0.024 0.032 0.013 0.085 0.228 0.028 0.059 0.14 0.016 0.036 0.034 0.009 0.039 0.078
88 F 0.136 0.023 0.019 0.021 0.017 0.017 0.027 0.042 0.013 0.088 0.099 0.029 0.024 0.153 0.018 0.047 0.041 0.009 0.041 0.136
89 T 0.08 0.036 0.045 0.039 0.017 0.028 0.041 0.048 0.015 0.047 0.058 0.046 0.018 0.022 0.027 0.125 0.222 0.006 0.017 0.063
90 L 0.043 0.021 0.015 0.016 0.014 0.013 0.02 0.023 0.013 0.098 0.221 0.022 0.035 0.207 0.013 0.026 0.032 0.011 0.051 0.108
91 F 0.047 0.019 0.02 0.019 0.092 0.012 0.019 0.108 0.013 0.089 0.098 0.022 0.023 0.214 0.013 0.031 0.03 0.011 0.05 0.069
92 A 0.241 0.033 0.034 0.035 0.02 0.027 0.043 0.072 0.016 0.038 0.052 0.047 0.016 0.021 0.029 0.135 0.059 0.005 0.017 0.058
93 V 0.058 0.02 0.016 0.017 0.017 0.015 0.021 0.023 0.009 0.197 0.138 0.024 0.032 0.062 0.015 0.029 0.044 0.006 0.025 0.233
94 F 0.036 0.023 0.019 0.017 0.01 0.016 0.023 0.025 0.032 0.052 0.088 0.025 0.021 0.26 0.013 0.028 0.026 0.022 0.215 0.049
95 I 0.044 0.019 0.015 0.017 0.015 0.013 0.018 0.021 0.01 0.217 0.192 0.023 0.036 0.104 0.014 0.025 0.036 0.008 0.031 0.143
96 Y 0.04 0.027 0.021 0.018 0.009 0.021 0.027 0.024 0.046 0.043 0.067 0.03 0.018 0.128 0.015 0.03 0.027 0.027 0.334 0.046
97 A 0.186 0.038 0.068 0.039 0.016 0.06 0.049 0.143 0.019 0.032 0.047 0.051 0.015 0.019 0.025 0.079 0.045 0.005 0.016 0.048
98 K 0.051 0.119 0.053 0.04 0.009 0.08 0.064 0.04 0.051 0.025 0.041 0.149 0.015 0.016 0.104 0.05 0.037 0.005 0.02 0.031
99 L 0.045 0.024 0.014 0.015 0.016 0.016 0.02 0.021 0.01 0.116 0.373 0.025 0.05 0.055 0.014 0.024 0.034 0.007 0.022 0.097
100 F 0.046 0.02 0.016 0.017 0.014 0.013 0.02 0.024 0.013 0.103 0.163 0.022 0.031 0.221 0.013 0.027 0.034 0.011 0.054 0.138
101 S 0.129 0.034 0.044 0.04 0.017 0.028 0.043 0.139 0.016 0.033 0.045 0.046 0.015 0.02 0.027 0.157 0.097 0.005 0.016 0.047
102 P 0.057 0.037 0.033 0.035 0.01 0.068 0.05 0.118 0.058 0.024 0.037 0.05 0.013 0.016 0.263 0.046 0.034 0.004 0.019 0.029
103 L 0.038 0.021 0.015 0.016 0.013 0.013 0.019 0.023 0.013 0.087 0.251 0.022 0.037 0.228 0.012 0.024 0.029 0.012 0.054 0.074
104 G 0.084 0.083 0.082 0.038 0.012 0.026 0.034 0.228 0.017 0.067 0.057 0.05 0.016 0.021 0.019 0.054 0.037 0.005 0.015 0.055
105 D 0.04 0.029 0.067 0.412 0.007 0.029 0.089 0.045 0.018 0.022 0.027 0.044 0.009 0.015 0.022 0.051 0.035 0.004 0.011 0.024
106 A 0.221 0.034 0.036 0.036 0.019 0.028 0.043 0.07 0.016 0.039 0.053 0.047 0.017 0.021 0.029 0.136 0.077 0.005 0.017 0.059
107 E 0.058 0.043 0.11 0.134 0.009 0.046 0.175 0.048 0.024 0.023 0.034 0.061 0.012 0.017 0.024 0.087 0.046 0.005 0.015 0.03
108 R 0.044 0.21 0.038 0.031 0.008 0.042 0.05 0.033 0.084 0.027 0.047 0.12 0.016 0.037 0.02 0.042 0.032 0.009 0.076 0.032
109 Y 0.041 0.028 0.022 0.019 0.009 0.022 0.028 0.025 0.047 0.044 0.069 0.031 0.019 0.131 0.016 0.031 0.028 0.028 0.315 0.047
110 Y 0.04 0.027 0.021 0.018 0.009 0.021 0.027 0.024 0.046 0.043 0.067 0.03 0.018 0.128 0.015 0.03 0.027 0.027 0.334 0.046
111 L 0.043 0.024 0.014 0.015 0.016 0.016 0.02 0.021 0.01 0.113 0.391 0.025 0.048 0.053 0.014 0.024 0.033 0.007 0.022 0.094
112 S 0.074 0.042 0.146 0.057 0.013 0.033 0.05 0.06 0.081 0.026 0.037 0.051 0.014 0.021 0.024 0.149 0.06 0.005 0.023 0.033
113 A 0.201 0.034 0.037 0.036 0.019 0.028 0.043 0.067 0.016 0.039 0.053 0.047 0.017 0.021 0.029 0.136 0.095 0.005 0.017 0.059
114 S 0.077 0.036 0.04 0.047 0.014 0.033 0.087 0.046 0.017 0.042 0.051 0.05 0.016 0.02 0.106 0.122 0.112 0.005 0.016 0.061
115 L 0.043 0.021 0.015 0.016 0.014 0.014 0.019 0.022 0.012 0.13 0.23 0.023 0.039 0.166 0.013 0.025 0.033 0.01 0.043 0.113
116 A 0.14 0.058 0.037 0.036 0.016 0.036 0.05 0.055 0.016 0.041 0.056 0.123 0.018 0.02 0.028 0.077 0.112 0.005 0.018 0.057
117 P 0.083 0.033 0.039 0.04 0.014 0.027 0.044 0.051 0.016 0.028 0.039 0.048 0.013 0.017 0.262 0.132 0.059 0.004 0.015 0.036
118 W 0.03 0.023 0.015 0.015 0.008 0.015 0.023 0.03 0.015 0.03 0.053 0.023 0.015 0.061 0.008 0.023 0.023 0.492 0.068 0.03
119 N 0.052 0.037 0.17 0.143 0.011 0.03 0.055 0.052 0.022 0.032 0.041 0.048 0.013 0.019 0.023 0.074 0.118 0.005 0.015 0.04
120 F 0.048 0.023 0.02 0.02 0.014 0.015 0.023 0.027 0.013 0.089 0.171 0.025 0.03 0.196 0.015 0.037 0.071 0.011 0.049 0.104
121 W 0.03 0.023 0.015 0.015 0.008 0.015 0.023 0.03 0.015 0.03 0.053 0.023 0.015 0.061 0.008 0.023 0.023 0.49 0.069 0.03
122 S 0.11 0.04 0.054 0.049 0.018 0.033 0.053 0.067 0.019 0.03 0.042 0.054 0.016 0.021 0.03 0.216 0.082 0.005 0.018 0.042
123 T 0.073 0.036 0.044 0.038 0.018 0.028 0.04 0.044 0.014 0.054 0.065 0.046 0.02 0.024 0.028 0.093 0.243 0.006 0.018 0.071
124 G 0.108 0.031 0.084 0.103 0.014 0.026 0.046 0.133 0.017 0.049 0.052 0.042 0.015 0.021 0.022 0.09 0.049 0.005 0.015 0.078
125 L 0.053 0.034 0.136 0.109 0.012 0.026 0.046 0.046 0.02 0.053 0.152 0.042 0.024 0.029 0.02 0.079 0.046 0.005 0.017 0.051
126 F 0.041 0.02 0.017 0.019 0.012 0.013 0.021 0.025 0.013 0.113 0.157 0.024 0.029 0.201 0.094 0.028 0.031 0.01 0.049 0.082
127 F 0.045 0.023 0.021 0.022 0.012 0.016 0.025 0.029 0.014 0.063 0.137 0.027 0.025 0.216 0.096 0.039 0.068 0.011 0.052 0.059
128 D 0.042 0.045 0.148 0.168 0.009 0.031 0.06 0.048 0.023 0.029 0.045 0.085 0.013 0.08 0.02 0.053 0.038 0.006 0.026 0.031
129 R 0.044 0.361 0.038 0.03 0.008 0.047 0.051 0.032 0.023 0.023 0.045 0.117 0.015 0.017 0.019 0.044 0.034 0.006 0.017 0.03
130 T 0.071 0.035 0.042 0.037 0.017 0.027 0.038 0.042 0.013 0.052 0.064 0.044 0.019 0.023 0.027 0.09 0.265 0.006 0.017 0.069
131 L 0.09 0.091 0.027 0.026 0.013 0.062 0.044 0.037 0.023 0.057 0.133 0.057 0.05 0.047 0.019 0.045 0.037 0.01 0.072 0.06
132 F 0.033 0.019 0.016 0.016 0.01 0.01 0.019 0.025 0.016 0.063 0.116 0.019 0.025 0.396 0.01 0.025 0.025 0.016 0.086 0.054
133 T 0.149 0.031 0.032 0.031 0.019 0.024 0.036 0.051 0.013 0.067 0.072 0.041 0.02 0.024 0.026 0.078 0.157 0.006 0.018 0.105
134 D 0.043 0.081 0.045 0.217 0.01 0.027 0.059 0.035 0.016 0.111 0.076 0.049 0.019 0.024 0.019 0.041 0.036 0.005 0.015 0.074
135 N 0.086 0.034 0.177 0.051 0.012 0.026 0.038 0.052 0.027 0.073 0.063 0.042 0.017 0.041 0.02 0.057 0.043 0.009 0.07 0.061
136 I 0.054 0.021 0.016 0.018 0.017 0.015 0.021 0.023 0.009 0.205 0.184 0.025 0.035 0.041 0.015 0.03 0.052 0.006 0.02 0.192
137 F 0.035 0.021 0.018 0.017 0.01 0.014 0.021 0.025 0.026 0.055 0.097 0.023 0.023 0.31 0.012 0.027 0.026 0.02 0.169 0.051
138 A 0.135 0.029 0.031 0.03 0.014 0.023 0.035 0.132 0.02 0.033 0.05 0.038 0.015 0.044 0.021 0.092 0.044 0.092 0.077 0.044
139 G 0.056 0.021 0.023 0.022 0.013 0.015 0.022 0.19 0.013 0.078 0.143 0.026 0.025 0.136 0.015 0.034 0.032 0.009 0.036 0.093
140 L 0.043 0.024 0.014 0.015 0.016 0.016 0.02 0.021 0.01 0.113 0.391 0.025 0.048 0.053 0.014 0.024 0.033 0.007 0.022 0.094
141 K 0.051 0.158 0.036 0.034 0.01 0.045 0.056 0.036 0.019 0.055 0.068 0.199 0.033 0.021 0.023 0.046 0.038 0.006 0.018 0.049
142 Y 0.04 0.027 0.024 0.021 0.018 0.02 0.028 0.026 0.088 0.084 0.086 0.029 0.022 0.146 0.015 0.03 0.029 0.018 0.185 0.064
143 L 0.046 0.021 0.014 0.016 0.016 0.014 0.019 0.021 0.009 0.195 0.265 0.024 0.041 0.055 0.014 0.025 0.036 0.006 0.022 0.141
144 L 0.041 0.022 0.015 0.016 0.014 0.015 0.02 0.023 0.013 0.106 0.263 0.024 0.053 0.168 0.013 0.025 0.031 0.01 0.043 0.085
145 L 0.066 0.03 0.032 0.029 0.015 0.024 0.034 0.036 0.072 0.111 0.151 0.036 0.028 0.035 0.019 0.089 0.049 0.006 0.026 0.112
146 Y 0.048 0.029 0.035 0.107 0.01 0.024 0.043 0.034 0.037 0.036 0.055 0.036 0.016 0.091 0.018 0.059 0.035 0.02 0.227 0.04
147 N 0.05 0.076 0.144 0.117 0.009 0.071 0.069 0.05 0.025 0.024 0.037 0.117 0.014 0.016 0.023 0.067 0.043 0.005 0.016 0.029
148 L 0.045 0.019 0.014 0.016 0.016 0.014 0.018 0.02 0.009 0.229 0.235 0.023 0.04 0.052 0.014 0.024 0.037 0.006 0.022 0.146
149 L 0.049 0.031 0.019 0.02 0.015 0.052 0.034 0.025 0.013 0.106 0.289 0.036 0.041 0.044 0.016 0.03 0.036 0.006 0.021 0.116
150 V 0.068 0.024 0.021 0.021 0.018 0.018 0.026 0.027 0.009 0.143 0.116 0.029 0.029 0.033 0.018 0.043 0.088 0.005 0.02 0.245
151 H 0.041 0.044 0.146 0.052 0.008 0.036 0.051 0.046 0.257 0.022 0.035 0.047 0.014 0.026 0.019 0.05 0.033 0.006 0.042 0.024
152 L 0.053 0.022 0.018 0.019 0.015 0.016 0.021 0.105 0.01 0.139 0.25 0.026 0.037 0.043 0.015 0.029 0.035 0.006 0.019 0.124
153 F 0.043 0.02 0.018 0.018 0.012 0.012 0.021 0.027 0.015 0.078 0.115 0.022 0.026 0.316 0.012 0.037 0.032 0.014 0.071 0.093
154 V 0.057 0.019 0.015 0.017 0.017 0.015 0.02 0.022 0.008 0.225 0.145 0.024 0.033 0.039 0.015 0.028 0.044 0.006 0.02 0.23
155 S 0.141 0.038 0.048 0.045 0.018 0.031 0.049 0.067 0.018 0.031 0.044 0.051 0.016 0.021 0.029 0.213 0.075 0.005 0.017 0.045
156 L 0.053 0.022 0.02 0.02 0.094 0.016 0.021 0.108 0.012 0.097 0.156 0.026 0.052 0.096 0.015 0.033 0.034 0.008 0.029 0.087
157 L 0.087 0.023 0.016 0.018 0.016 0.016 0.022 0.031 0.011 0.131 0.235 0.026 0.036 0.104 0.016 0.034 0.036 0.008 0.031 0.103
158 F 0.047 0.026 0.074 0.031 0.013 0.018 0.027 0.034 0.017 0.07 0.093 0.03 0.023 0.214 0.016 0.044 0.073 0.011 0.052 0.091
159 G 0.08 0.025 0.037 0.033 0.013 0.02 0.029 0.363 0.013 0.044 0.046 0.035 0.014 0.02 0.02 0.079 0.041 0.005 0.013 0.07
160 F 0.048 0.02 0.02 0.019 0.092 0.014 0.02 0.108 0.015 0.064 0.139 0.023 0.025 0.19 0.014 0.032 0.029 0.011 0.061 0.058
161 V 0.105 0.025 0.023 0.024 0.017 0.019 0.029 0.039 0.012 0.124 0.105 0.031 0.026 0.093 0.019 0.073 0.048 0.007 0.03 0.151
162 F 0.039 0.02 0.015 0.016 0.013 0.013 0.019 0.023 0.013 0.117 0.213 0.021 0.035 0.226 0.012 0.024 0.03 0.012 0.054 0.087
163 F 0.034 0.019 0.017 0.017 0.011 0.011 0.019 0.025 0.017 0.063 0.114 0.019 0.025 0.387 0.011 0.025 0.025 0.017 0.089 0.055
164 F 0.034 0.019 0.017 0.017 0.011 0.011 0.019 0.025 0.017 0.063 0.114 0.019 0.025 0.387 0.011 0.025 0.025 0.017 0.089 0.055
165 W 0.037 0.021 0.016 0.016 0.01 0.014 0.021 0.027 0.016 0.061 0.082 0.022 0.02 0.156 0.01 0.025 0.027 0.259 0.078 0.08
166 F 0.049 0.025 0.024 0.022 0.027 0.018 0.027 0.031 0.028 0.048 0.081 0.029 0.02 0.22 0.016 0.063 0.035 0.018 0.168 0.048
167 V 0.064 0.021 0.016 0.017 0.018 0.016 0.022 0.023 0.008 0.181 0.138 0.025 0.032 0.037 0.016 0.031 0.046 0.005 0.02 0.264
168 F 0.039 0.02 0.015 0.016 0.013 0.013 0.019 0.023 0.013 0.117 0.213 0.021 0.035 0.226 0.012 0.024 0.03 0.012 0.054 0.087
169 K 0.052 0.19 0.04 0.037 0.008 0.051 0.063 0.039 0.021 0.026 0.043 0.236 0.015 0.016 0.024 0.049 0.037 0.005 0.017 0.031
170 D 0.059 0.047 0.071 0.144 0.01 0.038 0.105 0.046 0.02 0.024 0.035 0.092 0.012 0.016 0.105 0.083 0.044 0.004 0.014 0.03
171 E 0.065 0.04 0.038 0.061 0.012 0.044 0.175 0.039 0.02 0.045 0.087 0.057 0.019 0.023 0.024 0.086 0.082 0.006 0.017 0.059
172 Y 0.039 0.025 0.019 0.017 0.01 0.018 0.025 0.024 0.035 0.055 0.114 0.027 0.023 0.178 0.014 0.028 0.027 0.023 0.244 0.053
173 P 0.091 0.034 0.088 0.054 0.036 0.031 0.087 0.045 0.024 0.044 0.051 0.046 0.015 0.037 0.102 0.054 0.039 0.008 0.068 0.046
174 F 0.042 0.024 0.021 0.02 0.011 0.016 0.024 0.028 0.026 0.057 0.114 0.026 0.024 0.25 0.014 0.044 0.031 0.018 0.158 0.053
175 L 0.052 0.036 0.019 0.02 0.015 0.022 0.029 0.025 0.011 0.123 0.247 0.07 0.037 0.041 0.017 0.031 0.038 0.006 0.02 0.14
176 D 0.04 0.034 0.148 0.236 0.008 0.029 0.065 0.048 0.027 0.025 0.035 0.044 0.011 0.034 0.02 0.053 0.038 0.008 0.066 0.028
177 K 0.053 0.102 0.063 0.042 0.008 0.048 0.063 0.042 0.023 0.028 0.043 0.247 0.015 0.025 0.025 0.051 0.038 0.007 0.043 0.033
178 K 0.052 0.079 0.028 0.028 0.012 0.032 0.043 0.032 0.016 0.098 0.088 0.147 0.023 0.088 0.02 0.039 0.038 0.007 0.03 0.101
179 L 0.046 0.023 0.015 0.016 0.095 0.016 0.02 0.023 0.015 0.089 0.282 0.025 0.038 0.06 0.014 0.027 0.032 0.01 0.072 0.079
180 L 0.084 0.023 0.017 0.018 0.015 0.016 0.023 0.031 0.013 0.084 0.242 0.026 0.035 0.164 0.015 0.034 0.033 0.01 0.043 0.076
181 W 0.086 0.027 0.023 0.022 0.012 0.021 0.029 0.038 0.025 0.04 0.06 0.032 0.017 0.07 0.017 0.046 0.069 0.179 0.139 0.048
182 L 0.099 0.026 0.023 0.024 0.017 0.02 0.028 0.038 0.012 0.13 0.204 0.033 0.046 0.039 0.019 0.071 0.045 0.006 0.02 0.1
183 C 0.131 0.025 0.026 0.026 0.146 0.02 0.03 0.047 0.012 0.092 0.085 0.034 0.021 0.026 0.022 0.09 0.05 0.005 0.017 0.095
184 L 0.038 0.021 0.015 0.016 0.013 0.013 0.019 0.023 0.013 0.087 0.251 0.022 0.037 0.228 0.012 0.024 0.029 0.012 0.054 0.074
185 L 0.045 0.022 0.015 0.015 0.095 0.014 0.019 0.023 0.011 0.093 0.29 0.023 0.039 0.106 0.014 0.027 0.032 0.008 0.031 0.081
186 L 0.054 0.026 0.02 0.02 0.016 0.019 0.025 0.028 0.011 0.099 0.332 0.029 0.043 0.048 0.016 0.06 0.04 0.007 0.021 0.085
187 P 0.055 0.025 0.023 0.03 0.01 0.02 0.035 0.035 0.013 0.025 0.035 0.04 0.01 0.013 0.506 0.043 0.035 0.003 0.013 0.03
188 H 0.063 0.043 0.052 0.041 0.011 0.036 0.052 0.046 0.253 0.025 0.038 0.047 0.015 0.027 0.022 0.107 0.044 0.007 0.043 0.029
189 F 0.033 0.019 0.016 0.016 0.01 0.01 0.019 0.025 0.016 0.062 0.111 0.019 0.025 0.402 0.01 0.025 0.025 0.016 0.087 0.054
190 L 0.047 0.04 0.024 0.025 0.013 0.088 0.047 0.027 0.016 0.084 0.276 0.046 0.039 0.04 0.017 0.034 0.035 0.007 0.021 0.074
191 I 0.046 0.017 0.014 0.017 0.016 0.013 0.017 0.02 0.009 0.289 0.164 0.023 0.036 0.043 0.014 0.024 0.039 0.006 0.02 0.172
192 W 0.03 0.022 0.015 0.015 0.007 0.015 0.022 0.03 0.015 0.03 0.052 0.022 0.015 0.059 0.007 0.022 0.022 0.505 0.067 0.03
193 T 0.077 0.035 0.044 0.038 0.017 0.028 0.041 0.046 0.014 0.048 0.06 0.046 0.019 0.023 0.027 0.115 0.234 0.006 0.017 0.065
194 S 0.102 0.036 0.05 0.045 0.016 0.03 0.047 0.141 0.018 0.027 0.039 0.049 0.014 0.02 0.027 0.207 0.071 0.005 0.016 0.038
195 V 0.075 0.024 0.022 0.022 0.018 0.019 0.027 0.031 0.01 0.139 0.113 0.03 0.028 0.032 0.018 0.067 0.053 0.005 0.02 0.246
196 V 0.148 0.024 0.019 0.021 0.02 0.019 0.028 0.042 0.01 0.121 0.104 0.031 0.026 0.03 0.02 0.049 0.048 0.005 0.019 0.214
197 G 0.076 0.022 0.038 0.033 0.011 0.018 0.025 0.522 0.013 0.018 0.028 0.033 0.009 0.016 0.018 0.05 0.029 0.005 0.011 0.024
198 K 0.056 0.104 0.04 0.04 0.008 0.052 0.069 0.042 0.02 0.027 0.042 0.296 0.015 0.015 0.027 0.052 0.039 0.005 0.017 0.032
199 E 0.054 0.048 0.04 0.088 0.007 0.063 0.314 0.034 0.025 0.022 0.036 0.074 0.013 0.016 0.025 0.054 0.036 0.005 0.016 0.031
200 V 0.141 0.023 0.018 0.021 0.019 0.018 0.027 0.04 0.01 0.164 0.116 0.031 0.028 0.033 0.02 0.046 0.045 0.005 0.019 0.175
201 L 0.045 0.024 0.015 0.016 0.016 0.017 0.021 0.022 0.011 0.137 0.324 0.026 0.069 0.051 0.014 0.026 0.035 0.007 0.022 0.105
202 A 0.268 0.029 0.023 0.027 0.021 0.023 0.037 0.068 0.013 0.062 0.069 0.04 0.019 0.023 0.027 0.074 0.049 0.005 0.018 0.104
203 I 0.048 0.019 0.014 0.017 0.016 0.014 0.018 0.021 0.009 0.244 0.197 0.024 0.037 0.044 0.014 0.025 0.039 0.006 0.02 0.173
204 A 0.122 0.026 0.024 0.026 0.017 0.021 0.031 0.042 0.012 0.122 0.099 0.036 0.036 0.029 0.102 0.055 0.079 0.005 0.018 0.098
205 G 0.076 0.022 0.038 0.033 0.011 0.018 0.025 0.522 0.013 0.018 0.028 0.033 0.009 0.016 0.018 0.05 0.029 0.005 0.011 0.024
206 F 0.034 0.019 0.016 0.016 0.011 0.011 0.019 0.024 0.016 0.068 0.144 0.019 0.028 0.361 0.011 0.025 0.026 0.015 0.079 0.058
207 L 0.042 0.023 0.014 0.015 0.015 0.015 0.02 0.021 0.011 0.104 0.344 0.024 0.044 0.111 0.013 0.024 0.031 0.009 0.033 0.087
208 L 0.04 0.022 0.015 0.015 0.014 0.014 0.019 0.022 0.012 0.096 0.298 0.023 0.041 0.17 0.013 0.024 0.03 0.01 0.043 0.08
209 L 0.051 0.021 0.015 0.016 0.016 0.015 0.02 0.022 0.01 0.15 0.223 0.024 0.037 0.098 0.014 0.027 0.038 0.008 0.031 0.165
210 I 0.047 0.017 0.014 0.017 0.016 0.013 0.017 0.02 0.009 0.285 0.163 0.023 0.036 0.043 0.014 0.025 0.039 0.006 0.02 0.176
211 K 0.054 0.147 0.04 0.039 0.008 0.051 0.066 0.04 0.021 0.026 0.043 0.266 0.015 0.015 0.026 0.051 0.038 0.005 0.017 0.032
212 L 0.094 0.025 0.022 0.021 0.014 0.019 0.026 0.116 0.018 0.068 0.12 0.03 0.023 0.052 0.017 0.04 0.035 0.092 0.078 0.091
213 C 0.06 0.022 0.069 0.027 0.256 0.017 0.023 0.034 0.012 0.09 0.082 0.027 0.02 0.025 0.016 0.041 0.041 0.005 0.015 0.118
214 V 0.062 0.02 0.016 0.017 0.018 0.015 0.021 0.023 0.008 0.195 0.137 0.025 0.032 0.037 0.016 0.03 0.046 0.005 0.02 0.256
215 D 0.042 0.03 0.104 0.291 0.048 0.028 0.071 0.046 0.022 0.025 0.034 0.042 0.011 0.025 0.02 0.051 0.036 0.006 0.039 0.029
216 L 0.045 0.022 0.014 0.016 0.016 0.015 0.019 0.021 0.009 0.165 0.313 0.024 0.044 0.05 0.014 0.024 0.035 0.007 0.021 0.126
217 V 0.071 0.043 0.036 0.035 0.015 0.093 0.056 0.039 0.018 0.076 0.075 0.054 0.023 0.024 0.022 0.084 0.087 0.006 0.019 0.125
218 L 0.054 0.022 0.015 0.016 0.016 0.015 0.021 0.023 0.01 0.128 0.212 0.024 0.036 0.102 0.014 0.028 0.039 0.008 0.032 0.184
219 W 0.043 0.041 0.076 0.036 0.008 0.027 0.049 0.095 0.019 0.026 0.043 0.077 0.013 0.038 0.015 0.04 0.031 0.255 0.041 0.029
220 N 0.051 0.092 0.136 0.047 0.011 0.032 0.043 0.044 0.079 0.05 0.056 0.056 0.017 0.023 0.02 0.057 0.078 0.005 0.023 0.077
221 K 0.054 0.1 0.042 0.067 0.008 0.053 0.11 0.041 0.021 0.026 0.04 0.24 0.014 0.015 0.026 0.052 0.038 0.005 0.016 0.031
222 I 0.057 0.027 0.077 0.034 0.095 0.021 0.029 0.037 0.014 0.125 0.091 0.035 0.023 0.028 0.02 0.056 0.115 0.005 0.017 0.094
223 R 0.049 0.187 0.138 0.05 0.009 0.042 0.053 0.047 0.025 0.024 0.04 0.124 0.014 0.017 0.021 0.066 0.043 0.005 0.016 0.03
224 I 0.052 0.022 0.017 0.018 0.015 0.017 0.021 0.023 0.016 0.201 0.148 0.027 0.056 0.057 0.015 0.029 0.038 0.01 0.073 0.145
225 L 0.049 0.024 0.022 0.022 0.015 0.017 0.024 0.027 0.03 0.148 0.176 0.028 0.032 0.106 0.016 0.043 0.073 0.008 0.034 0.105
226 P 0.048 0.033 0.024 0.026 0.01 0.055 0.041 0.03 0.026 0.046 0.107 0.043 0.021 0.058 0.18 0.037 0.033 0.012 0.123 0.047
227 L 0.052 0.023 0.015 0.016 0.017 0.016 0.021 0.022 0.009 0.129 0.303 0.025 0.043 0.047 0.015 0.027 0.038 0.006 0.021 0.158
228 L 0.055 0.024 0.021 0.021 0.016 0.017 0.024 0.028 0.011 0.156 0.22 0.028 0.036 0.073 0.016 0.06 0.043 0.007 0.026 0.117
229 V 0.057 0.023 0.02 0.02 0.017 0.017 0.023 0.025 0.009 0.174 0.176 0.028 0.034 0.039 0.017 0.038 0.078 0.006 0.02 0.179
230 G 0.082 0.025 0.041 0.035 0.012 0.021 0.029 0.446 0.014 0.02 0.03 0.036 0.01 0.017 0.02 0.082 0.037 0.005 0.012 0.027
231 L 0.048 0.022 0.017 0.017 0.015 0.015 0.02 0.064 0.011 0.118 0.255 0.024 0.038 0.105 0.014 0.027 0.034 0.008 0.031 0.117
232 L 0.078 0.027 0.025 0.025 0.014 0.019 0.029 0.039 0.014 0.067 0.146 0.032 0.026 0.112 0.017 0.083 0.043 0.091 0.041 0.071
233 L 0.045 0.021 0.015 0.016 0.015 0.014 0.019 0.021 0.01 0.167 0.247 0.023 0.039 0.106 0.014 0.025 0.035 0.008 0.032 0.129
234 G 0.152 0.029 0.035 0.033 0.016 0.023 0.034 0.214 0.014 0.038 0.05 0.04 0.015 0.02 0.025 0.074 0.114 0.005 0.015 0.053
235 L 0.097 0.026 0.022 0.022 0.017 0.02 0.028 0.035 0.017 0.102 0.147 0.032 0.031 0.05 0.019 0.048 0.077 0.009 0.072 0.127
236 L 0.044 0.021 0.014 0.016 0.015 0.014 0.019 0.021 0.01 0.171 0.293 0.024 0.042 0.073 0.014 0.024 0.034 0.007 0.026 0.119
237 L 0.05 0.026 0.019 0.028 0.015 0.023 0.069 0.023 0.012 0.135 0.25 0.033 0.037 0.042 0.016 0.03 0.037 0.006 0.02 0.129
238 R 0.044 0.361 0.038 0.03 0.008 0.047 0.051 0.032 0.023 0.023 0.045 0.117 0.015 0.017 0.019 0.044 0.034 0.006 0.017 0.03
239 P 0.055 0.025 0.023 0.03 0.01 0.02 0.035 0.035 0.013 0.025 0.035 0.04 0.01 0.013 0.506 0.043 0.035 0.003 0.013 0.03
240 H 0.041 0.045 0.099 0.045 0.008 0.037 0.051 0.042 0.314 0.022 0.036 0.046 0.014 0.028 0.019 0.045 0.03 0.007 0.049 0.023
241 Y 0.038 0.026 0.02 0.018 0.009 0.019 0.026 0.024 0.041 0.046 0.074 0.028 0.019 0.173 0.014 0.029 0.027 0.026 0.293 0.047
242 G 0.147 0.027 0.03 0.029 0.016 0.022 0.031 0.21 0.013 0.048 0.104 0.037 0.02 0.025 0.023 0.063 0.075 0.006 0.016 0.057
243 L 0.045 0.021 0.014 0.016 0.016 0.014 0.019 0.021 0.009 0.196 0.276 0.024 0.042 0.048 0.014 0.024 0.036 0.006 0.021 0.137
244 A 0.274 0.032 0.03 0.032 0.02 0.026 0.041 0.074 0.015 0.04 0.055 0.045 0.017 0.021 0.029 0.109 0.054 0.005 0.017 0.063
245 Y 0.04 0.027 0.021 0.018 0.009 0.021 0.027 0.024 0.046 0.043 0.067 0.03 0.018 0.128 0.015 0.03 0.027 0.027 0.334 0.046
246 I 0.12 0.022 0.017 0.02 0.025 0.017 0.024 0.036 0.01 0.183 0.174 0.029 0.033 0.038 0.018 0.041 0.04 0.006 0.019 0.126
247 Y 0.042 0.024 0.02 0.018 0.09 0.018 0.024 0.026 0.034 0.046 0.074 0.027 0.019 0.155 0.015 0.031 0.028 0.022 0.239 0.049
248 L 0.043 0.024 0.014 0.015 0.016 0.016 0.02 0.021 0.01 0.113 0.391 0.025 0.048 0.053 0.014 0.024 0.033 0.007 0.022 0.094
249 F 0.093 0.025 0.022 0.022 0.016 0.017 0.026 0.036 0.013 0.082 0.144 0.029 0.028 0.156 0.018 0.046 0.074 0.009 0.042 0.104
250 G 0.117 0.029 0.034 0.033 0.016 0.023 0.035 0.13 0.014 0.089 0.096 0.039 0.022 0.033 0.023 0.117 0.053 0.006 0.018 0.073
251 L 0.08 0.03 0.034 0.032 0.017 0.024 0.036 0.043 0.014 0.108 0.134 0.039 0.027 0.032 0.022 0.133 0.06 0.006 0.019 0.113
252 S 0.1 0.035 0.044 0.04 0.017 0.028 0.043 0.053 0.016 0.057 0.061 0.046 0.019 0.023 0.027 0.157 0.136 0.005 0.018 0.077
253 L 0.039 0.021 0.016 0.016 0.012 0.015 0.02 0.024 0.018 0.126 0.155 0.023 0.029 0.139 0.012 0.025 0.03 0.095 0.095 0.089
254 L 0.05 0.02 0.015 0.016 0.016 0.015 0.019 0.021 0.009 0.199 0.235 0.024 0.039 0.045 0.015 0.026 0.039 0.006 0.021 0.17
255 L 0.049 0.02 0.014 0.016 0.016 0.014 0.019 0.021 0.009 0.209 0.233 0.024 0.039 0.045 0.014 0.025 0.038 0.006 0.021 0.165
256 A 0.181 0.039 0.094 0.04 0.016 0.027 0.041 0.063 0.024 0.036 0.052 0.045 0.016 0.038 0.025 0.086 0.048 0.009 0.07 0.051
257 I 0.047 0.018 0.015 0.018 0.016 0.013 0.018 0.021 0.009 0.268 0.169 0.024 0.037 0.044 0.015 0.025 0.04 0.006 0.021 0.177
258 K 0.046 0.129 0.046 0.032 0.01 0.037 0.047 0.035 0.019 0.046 0.112 0.154 0.022 0.086 0.02 0.042 0.035 0.007 0.029 0.045
259 I 0.062 0.039 0.03 0.029 0.015 0.025 0.036 0.036 0.014 0.122 0.119 0.077 0.026 0.062 0.021 0.076 0.082 0.007 0.024 0.099
260 K 0.051 0.137 0.089 0.046 0.008 0.048 0.063 0.044 0.022 0.025 0.041 0.225 0.014 0.016 0.024 0.053 0.04 0.005 0.017 0.031
261 I 0.052 0.039 0.026 0.034 0.013 0.029 0.078 0.029 0.015 0.139 0.108 0.078 0.026 0.073 0.019 0.04 0.056 0.007 0.026 0.113
262 Q 0.056 0.074 0.044 0.047 0.009 0.211 0.103 0.041 0.03 0.027 0.047 0.092 0.021 0.015 0.024 0.056 0.041 0.006 0.021 0.035
263 K 0.065 0.124 0.036 0.033 0.01 0.036 0.047 0.12 0.019 0.031 0.052 0.138 0.016 0.081 0.029 0.059 0.037 0.007 0.027 0.036
264 L 0.052 0.032 0.02 0.02 0.016 0.028 0.028 0.028 0.016 0.101 0.198 0.036 0.157 0.048 0.016 0.036 0.04 0.008 0.024 0.093
265 L 0.047 0.054 0.061 0.026 0.013 0.021 0.028 0.03 0.02 0.085 0.138 0.036 0.027 0.117 0.015 0.035 0.037 0.011 0.084 0.116
266 L 0.052 0.032 0.02 0.02 0.016 0.028 0.028 0.028 0.016 0.1 0.197 0.036 0.161 0.048 0.016 0.036 0.04 0.008 0.024 0.092
267 G 0.078 0.023 0.039 0.034 0.011 0.019 0.026 0.51 0.014 0.019 0.028 0.034 0.009 0.016 0.019 0.051 0.03 0.005 0.011 0.024
268 L 0.045 0.024 0.014 0.015 0.016 0.016 0.02 0.021 0.01 0.115 0.375 0.025 0.05 0.055 0.014 0.024 0.033 0.007 0.022 0.096
269 I 0.047 0.033 0.02 0.021 0.013 0.019 0.027 0.026 0.013 0.152 0.121 0.067 0.028 0.151 0.015 0.03 0.036 0.009 0.041 0.13
270 S 0.085 0.035 0.049 0.103 0.015 0.029 0.052 0.054 0.017 0.042 0.097 0.047 0.02 0.025 0.025 0.172 0.065 0.005 0.017 0.047
271 V 0.063 0.05 0.066 0.037 0.013 0.032 0.045 0.041 0.075 0.081 0.071 0.099 0.02 0.026 0.021 0.076 0.047 0.006 0.024 0.107
272 G 0.119 0.043 0.04 0.038 0.014 0.03 0.043 0.191 0.016 0.028 0.041 0.085 0.014 0.02 0.025 0.117 0.051 0.03 0.018 0.038
273 V 0.112 0.039 0.028 0.028 0.024 0.026 0.037 0.043 0.014 0.097 0.087 0.078 0.023 0.052 0.022 0.078 0.049 0.006 0.023 0.134
274 L 0.045 0.024 0.014 0.015 0.016 0.016 0.02 0.021 0.01 0.116 0.373 0.025 0.05 0.055 0.014 0.024 0.034 0.007 0.022 0.097
275 I 0.047 0.018 0.015 0.018 0.016 0.013 0.018 0.021 0.009 0.268 0.169 0.024 0.037 0.044 0.015 0.025 0.04 0.006 0.021 0.177
276 A 0.287 0.031 0.026 0.03 0.022 0.026 0.041 0.079 0.015 0.043 0.06 0.045 0.018 0.022 0.03 0.085 0.05 0.005 0.018 0.069
277 Y 0.067 0.033 0.083 0.038 0.013 0.026 0.038 0.044 0.028 0.054 0.062 0.041 0.018 0.058 0.021 0.106 0.052 0.012 0.123 0.081
278 F 0.045 0.023 0.069 0.027 0.093 0.016 0.023 0.031 0.015 0.09 0.143 0.026 0.026 0.156 0.014 0.035 0.035 0.009 0.04 0.084
279 K 0.057 0.108 0.042 0.042 0.009 0.054 0.071 0.043 0.021 0.028 0.043 0.275 0.016 0.016 0.028 0.054 0.04 0.005 0.017 0.033
280 F 0.072 0.03 0.036 0.033 0.014 0.022 0.036 0.046 0.018 0.047 0.078 0.037 0.021 0.203 0.02 0.121 0.054 0.011 0.053 0.049
281 L 0.046 0.023 0.015 0.016 0.015 0.015 0.02 0.023 0.011 0.107 0.321 0.024 0.043 0.116 0.014 0.026 0.036 0.009 0.033 0.088
282 L 0.104 0.025 0.022 0.023 0.018 0.019 0.028 0.037 0.011 0.135 0.163 0.031 0.031 0.036 0.019 0.063 0.051 0.006 0.02 0.16
283 L 0.043 0.024 0.014 0.015 0.016 0.016 0.02 0.021 0.01 0.116 0.387 0.025 0.048 0.053 0.014 0.024 0.033 0.007 0.022 0.095
284 L 0.064 0.026 0.024 0.023 0.015 0.02 0.027 0.033 0.014 0.11 0.169 0.031 0.055 0.118 0.017 0.067 0.053 0.009 0.035 0.09
285 L 0.062 0.023 0.02 0.02 0.013 0.016 0.023 0.109 0.017 0.098 0.165 0.027 0.028 0.113 0.015 0.033 0.033 0.011 0.082 0.091
286 L 0.048 0.022 0.014 0.016 0.016 0.015 0.019 0.022 0.01 0.16 0.313 0.025 0.046 0.056 0.014 0.025 0.035 0.007 0.022 0.115
287 G 0.092 0.029 0.035 0.033 0.095 0.024 0.034 0.167 0.015 0.042 0.073 0.038 0.042 0.024 0.022 0.113 0.051 0.005 0.016 0.049
288 I 0.063 0.026 0.03 0.028 0.015 0.02 0.028 0.13 0.012 0.134 0.096 0.034 0.027 0.03 0.02 0.056 0.127 0.006 0.017 0.102
289 L 0.044 0.026 0.018 0.018 0.014 0.02 0.023 0.025 0.019 0.104 0.191 0.028 0.089 0.12 0.014 0.029 0.034 0.012 0.085 0.086
290 L 0.052 0.024 0.021 0.021 0.014 0.018 0.023 0.108 0.013 0.111 0.195 0.028 0.056 0.101 0.015 0.041 0.035 0.008 0.03 0.085
291 L 0.116 0.024 0.018 0.02 0.017 0.017 0.025 0.037 0.012 0.104 0.173 0.029 0.03 0.116 0.018 0.042 0.042 0.008 0.034 0.116
292 L 0.046 0.021 0.015 0.016 0.015 0.014 0.02 0.022 0.01 0.141 0.262 0.024 0.039 0.107 0.014 0.025 0.035 0.008 0.032 0.132
293 C 0.139 0.023 0.018 0.02 0.178 0.017 0.025 0.043 0.011 0.08 0.142 0.029 0.025 0.03 0.02 0.049 0.04 0.005 0.017 0.087
294 L 0.046 0.023 0.014 0.015 0.016 0.016 0.02 0.021 0.01 0.134 0.346 0.025 0.046 0.051 0.014 0.024 0.035 0.007 0.021 0.118
295 S 0.11 0.04 0.054 0.049 0.018 0.033 0.053 0.067 0.019 0.03 0.042 0.054 0.016 0.021 0.03 0.216 0.082 0.005 0.018 0.042
296 F 0.088 0.024 0.024 0.024 0.013 0.017 0.028 0.04 0.017 0.053 0.09 0.029 0.022 0.275 0.017 0.073 0.038 0.013 0.063 0.053
297 L 0.048 0.022 0.016 0.016 0.095 0.016 0.02 0.023 0.015 0.124 0.227 0.025 0.035 0.057 0.015 0.028 0.034 0.01 0.072 0.103
298 L 0.062 0.029 0.03 0.028 0.016 0.021 0.031 0.036 0.014 0.07 0.177 0.035 0.029 0.096 0.02 0.082 0.117 0.008 0.03 0.07
299 L 0.056 0.037 0.026 0.037 0.012 0.063 0.099 0.029 0.022 0.091 0.13 0.047 0.026 0.047 0.019 0.039 0.037 0.009 0.072 0.102
300 P 0.056 0.037 0.067 0.094 0.009 0.062 0.076 0.129 0.019 0.023 0.034 0.052 0.012 0.015 0.183 0.051 0.036 0.004 0.014 0.029
301 L 0.046 0.022 0.015 0.016 0.015 0.015 0.02 0.022 0.011 0.12 0.281 0.024 0.043 0.114 0.014 0.026 0.034 0.008 0.033 0.122
302 W 0.035 0.025 0.018 0.017 0.008 0.018 0.025 0.027 0.03 0.036 0.059 0.026 0.017 0.093 0.011 0.026 0.025 0.266 0.2 0.038
303 G 0.075 0.033 0.044 0.107 0.013 0.032 0.092 0.133 0.017 0.047 0.05 0.047 0.015 0.02 0.023 0.108 0.05 0.005 0.015 0.074
304 D 0.083 0.034 0.048 0.185 0.011 0.035 0.114 0.048 0.018 0.026 0.036 0.051 0.012 0.016 0.105 0.085 0.044 0.004 0.014 0.033
305 Y 0.045 0.047 0.035 0.091 0.009 0.043 0.052 0.033 0.033 0.034 0.052 0.095 0.016 0.071 0.044 0.041 0.032 0.016 0.175 0.037
306 L 0.04 0.021 0.015 0.016 0.014 0.014 0.019 0.022 0.012 0.125 0.26 0.022 0.038 0.168 0.013 0.024 0.031 0.01 0.043 0.094
307 L 0.053 0.024 0.019 0.019 0.017 0.017 0.023 0.025 0.01 0.14 0.254 0.028 0.039 0.044 0.016 0.036 0.075 0.006 0.02 0.135
308 H 0.062 0.041 0.039 0.051 0.01 0.041 0.132 0.037 0.136 0.045 0.1 0.051 0.02 0.028 0.021 0.063 0.037 0.006 0.031 0.047
309 A 0.287 0.031 0.026 0.03 0.022 0.026 0.041 0.079 0.015 0.043 0.06 0.045 0.018 0.022 0.03 0.085 0.05 0.005 0.018 0.069
310 L 0.052 0.032 0.02 0.02 0.016 0.028 0.028 0.028 0.016 0.101 0.198 0.036 0.157 0.048 0.016 0.036 0.04 0.008 0.024 0.093
311 K 0.057 0.108 0.042 0.042 0.009 0.054 0.071 0.043 0.021 0.028 0.043 0.275 0.016 0.016 0.028 0.054 0.04 0.005 0.017 0.033
312 K 0.057 0.108 0.042 0.042 0.009 0.054 0.071 0.043 0.021 0.028 0.043 0.275 0.016 0.016 0.028 0.054 0.04 0.005 0.017 0.033
313 F 0.086 0.021 0.017 0.019 0.014 0.014 0.022 0.032 0.013 0.115 0.114 0.025 0.026 0.218 0.015 0.035 0.035 0.011 0.053 0.113
314 L 0.05 0.03 0.019 0.019 0.016 0.025 0.026 0.026 0.015 0.106 0.218 0.033 0.159 0.048 0.015 0.033 0.038 0.008 0.023 0.093
315 R 0.09 0.155 0.093 0.085 0.011 0.039 0.055 0.048 0.021 0.031 0.045 0.111 0.014 0.018 0.022 0.057 0.04 0.005 0.016 0.044
316 I 0.054 0.041 0.029 0.037 0.013 0.031 0.081 0.032 0.016 0.101 0.089 0.081 0.023 0.089 0.02 0.049 0.086 0.007 0.029 0.093
317 I 0.066 0.034 0.03 0.03 0.016 0.056 0.041 0.035 0.014 0.141 0.101 0.043 0.026 0.03 0.021 0.077 0.085 0.006 0.019 0.129
318 E 0.05 0.114 0.043 0.05 0.008 0.112 0.127 0.037 0.083 0.024 0.042 0.107 0.016 0.018 0.022 0.05 0.036 0.006 0.024 0.031
319 N 0.051 0.044 0.098 0.053 0.009 0.068 0.097 0.068 0.082 0.024 0.039 0.055 0.014 0.026 0.02 0.065 0.038 0.089 0.031 0.029
320 Y 0.053 0.037 0.03 0.028 0.01 0.059 0.043 0.034 0.038 0.037 0.059 0.044 0.018 0.091 0.019 0.069 0.038 0.02 0.229 0.043
