#Seq2Logo.py -f /work3/idamei/ssn-clusterings/clustering/2205161002/clusters/0048_41/sequences.afa -o /work3/idamei/ssn-clusterings/clustering/2205161002/clusters/0048_41/sequences.logo
#Position Specific Frequency Matrix
A R N D C Q E G H I L K M F P S T W Y V
0 M 0.046 0.028 0.018 0.018 0.014 0.025 0.025 0.025 0.014 0.089 0.174 0.032 0.257 0.043 0.014 0.032 0.036 0.007 0.021 0.082
1 G 0.079 0.023 0.039 0.034 0.011 0.019 0.026 0.508 0.014 0.019 0.028 0.034 0.009 0.016 0.019 0.052 0.03 0.005 0.011 0.024
2 K 0.051 0.079 0.073 0.036 0.029 0.036 0.049 0.057 0.018 0.054 0.05 0.218 0.015 0.021 0.021 0.056 0.048 0.005 0.029 0.052
3 I 0.059 0.051 0.033 0.022 0.014 0.028 0.025 0.027 0.011 0.217 0.145 0.033 0.028 0.049 0.015 0.05 0.038 0.006 0.02 0.13
4 A 0.287 0.031 0.026 0.03 0.022 0.026 0.041 0.079 0.015 0.043 0.06 0.045 0.018 0.022 0.03 0.085 0.05 0.005 0.018 0.069
5 D 0.041 0.03 0.069 0.395 0.008 0.03 0.092 0.047 0.019 0.023 0.028 0.045 0.009 0.015 0.023 0.052 0.036 0.004 0.011 0.024
6 G 0.079 0.023 0.039 0.034 0.011 0.019 0.026 0.508 0.014 0.019 0.028 0.034 0.009 0.016 0.019 0.052 0.03 0.005 0.011 0.024
7 L 0.045 0.024 0.014 0.015 0.016 0.016 0.02 0.021 0.01 0.116 0.373 0.025 0.05 0.055 0.014 0.024 0.034 0.007 0.022 0.097
8 I 0.047 0.018 0.015 0.018 0.016 0.013 0.018 0.021 0.009 0.268 0.169 0.024 0.037 0.044 0.015 0.025 0.04 0.006 0.021 0.178
9 S 0.11 0.04 0.054 0.049 0.018 0.033 0.053 0.067 0.019 0.03 0.042 0.054 0.016 0.021 0.03 0.216 0.082 0.005 0.018 0.042
10 R 0.045 0.342 0.039 0.031 0.008 0.049 0.053 0.033 0.023 0.023 0.047 0.121 0.016 0.017 0.019 0.045 0.035 0.006 0.017 0.031
11 V 0.07 0.022 0.017 0.018 0.019 0.017 0.023 0.025 0.008 0.165 0.131 0.026 0.032 0.036 0.017 0.033 0.05 0.006 0.021 0.266
12 Q 0.056 0.074 0.044 0.047 0.009 0.211 0.103 0.041 0.03 0.027 0.047 0.092 0.021 0.015 0.024 0.056 0.041 0.006 0.021 0.035
13 P 0.057 0.026 0.023 0.031 0.01 0.021 0.036 0.036 0.013 0.026 0.036 0.041 0.01 0.013 0.491 0.044 0.036 0.003 0.013 0.031
14 A 0.287 0.031 0.026 0.03 0.022 0.026 0.041 0.079 0.015 0.043 0.06 0.045 0.018 0.022 0.03 0.085 0.05 0.005 0.018 0.069
15 V 0.07 0.022 0.017 0.018 0.019 0.017 0.023 0.025 0.008 0.165 0.131 0.026 0.032 0.036 0.017 0.033 0.05 0.006 0.021 0.266
16 T 0.073 0.036 0.044 0.038 0.018 0.028 0.04 0.044 0.014 0.054 0.065 0.046 0.02 0.024 0.028 0.093 0.243 0.006 0.018 0.071
17 A 0.287 0.031 0.026 0.03 0.022 0.026 0.041 0.079 0.015 0.043 0.06 0.045 0.018 0.022 0.03 0.085 0.05 0.005 0.018 0.069
18 L 0.045 0.024 0.014 0.015 0.016 0.016 0.02 0.021 0.01 0.116 0.373 0.025 0.05 0.055 0.014 0.024 0.034 0.007 0.022 0.097
19 K 0.052 0.093 0.044 0.03 0.011 0.031 0.04 0.074 0.015 0.053 0.113 0.147 0.02 0.039 0.019 0.053 0.065 0.005 0.018 0.077
20 F 0.038 0.032 0.167 0.05 0.01 0.022 0.034 0.045 0.024 0.043 0.073 0.036 0.018 0.203 0.015 0.047 0.037 0.011 0.052 0.041
21 L 0.077 0.032 0.034 0.032 0.017 0.025 0.036 0.044 0.015 0.072 0.209 0.04 0.033 0.038 0.022 0.123 0.058 0.006 0.02 0.069
22 I 0.047 0.027 0.022 0.041 0.013 0.02 0.046 0.035 0.011 0.202 0.134 0.054 0.026 0.04 0.037 0.035 0.069 0.005 0.018 0.119
23 K 0.057 0.107 0.042 0.042 0.009 0.054 0.071 0.043 0.021 0.028 0.043 0.277 0.016 0.016 0.028 0.054 0.04 0.005 0.017 0.033
24 L 0.052 0.032 0.02 0.02 0.016 0.028 0.028 0.028 0.016 0.101 0.197 0.036 0.158 0.048 0.016 0.036 0.04 0.008 0.024 0.093
25 K 0.057 0.107 0.042 0.042 0.009 0.054 0.071 0.043 0.021 0.028 0.043 0.276 0.016 0.016 0.028 0.054 0.04 0.005 0.017 0.033
26 R 0.057 0.183 0.028 0.024 0.014 0.033 0.038 0.029 0.016 0.094 0.089 0.073 0.024 0.027 0.018 0.039 0.042 0.006 0.019 0.149
27 K 0.046 0.122 0.065 0.071 0.008 0.082 0.059 0.057 0.021 0.029 0.06 0.166 0.024 0.021 0.02 0.045 0.034 0.006 0.031 0.033
28 W 0.048 0.046 0.029 0.028 0.011 0.027 0.038 0.035 0.017 0.043 0.068 0.092 0.019 0.122 0.018 0.048 0.085 0.131 0.048 0.047
29 F 0.05 0.044 0.024 0.024 0.012 0.025 0.035 0.029 0.023 0.074 0.089 0.09 0.023 0.143 0.017 0.036 0.035 0.014 0.112 0.102
30 D 0.049 0.068 0.055 0.22 0.008 0.042 0.081 0.045 0.02 0.025 0.036 0.162 0.012 0.015 0.025 0.053 0.038 0.004 0.014 0.029
31 K 0.057 0.107 0.042 0.042 0.009 0.054 0.071 0.043 0.021 0.028 0.043 0.278 0.016 0.016 0.028 0.054 0.04 0.005 0.017 0.033
32 K 0.057 0.107 0.042 0.042 0.009 0.054 0.071 0.043 0.021 0.028 0.043 0.278 0.016 0.016 0.028 0.054 0.04 0.005 0.017 0.033
33 N 0.043 0.045 0.317 0.083 0.009 0.034 0.049 0.065 0.032 0.022 0.032 0.054 0.011 0.018 0.02 0.07 0.049 0.004 0.016 0.027
34 V 0.07 0.022 0.016 0.018 0.019 0.016 0.023 0.025 0.008 0.165 0.13 0.026 0.032 0.036 0.016 0.033 0.049 0.006 0.021 0.269
35 Q 0.056 0.074 0.044 0.047 0.009 0.215 0.103 0.041 0.029 0.026 0.047 0.091 0.021 0.015 0.024 0.056 0.041 0.006 0.021 0.035
36 L 0.06 0.025 0.028 0.026 0.015 0.019 0.026 0.149 0.011 0.115 0.16 0.032 0.029 0.034 0.019 0.048 0.088 0.006 0.018 0.092
37 R 0.056 0.24 0.039 0.032 0.009 0.038 0.043 0.193 0.02 0.022 0.04 0.091 0.013 0.017 0.019 0.047 0.033 0.006 0.015 0.029
38 L 0.062 0.027 0.025 0.023 0.018 0.02 0.027 0.03 0.011 0.111 0.191 0.032 0.033 0.038 0.019 0.05 0.111 0.006 0.02 0.146
39 D 0.047 0.057 0.043 0.126 0.009 0.078 0.071 0.039 0.021 0.035 0.058 0.109 0.018 0.109 0.021 0.046 0.035 0.008 0.034 0.037
40 K 0.05 0.124 0.048 0.033 0.01 0.056 0.048 0.035 0.034 0.055 0.078 0.144 0.027 0.022 0.02 0.065 0.06 0.027 0.02 0.046
41 I 0.047 0.018 0.015 0.018 0.016 0.013 0.018 0.021 0.009 0.268 0.169 0.024 0.037 0.044 0.015 0.025 0.04 0.006 0.021 0.178
42 L 0.047 0.035 0.055 0.039 0.012 0.022 0.043 0.029 0.015 0.142 0.16 0.059 0.026 0.038 0.037 0.05 0.048 0.007 0.046 0.092
43 S 0.064 0.062 0.093 0.043 0.012 0.033 0.058 0.046 0.018 0.042 0.048 0.114 0.023 0.024 0.043 0.138 0.077 0.005 0.016 0.041
44 L 0.045 0.024 0.014 0.015 0.016 0.016 0.02 0.021 0.01 0.116 0.373 0.025 0.05 0.055 0.014 0.024 0.034 0.007 0.022 0.097
45 R 0.045 0.342 0.039 0.031 0.008 0.049 0.053 0.033 0.023 0.023 0.047 0.121 0.016 0.017 0.019 0.045 0.035 0.006 0.017 0.031
46 Q 0.056 0.074 0.044 0.047 0.009 0.211 0.103 0.041 0.03 0.027 0.047 0.092 0.021 0.015 0.024 0.056 0.041 0.006 0.021 0.035
47 W 0.03 0.023 0.015 0.015 0.008 0.015 0.023 0.03 0.015 0.03 0.053 0.023 0.015 0.061 0.008 0.023 0.023 0.49 0.069 0.03
48 L 0.045 0.024 0.014 0.015 0.016 0.016 0.02 0.021 0.01 0.116 0.373 0.025 0.05 0.055 0.014 0.024 0.034 0.007 0.022 0.097
49 N 0.043 0.045 0.314 0.083 0.009 0.034 0.05 0.066 0.032 0.023 0.032 0.054 0.011 0.018 0.02 0.07 0.05 0.005 0.016 0.027
50 P 0.057 0.026 0.023 0.031 0.01 0.021 0.036 0.036 0.013 0.026 0.036 0.041 0.01 0.013 0.491 0.044 0.036 0.003 0.013 0.031
51 W 0.03 0.023 0.015 0.015 0.008 0.015 0.023 0.03 0.015 0.03 0.053 0.023 0.015 0.061 0.008 0.023 0.023 0.49 0.069 0.03
52 F 0.034 0.019 0.017 0.017 0.011 0.011 0.019 0.026 0.017 0.064 0.115 0.019 0.026 0.384 0.011 0.026 0.026 0.017 0.089 0.055
53 L 0.061 0.023 0.024 0.055 0.013 0.018 0.028 0.07 0.012 0.111 0.218 0.028 0.037 0.054 0.016 0.055 0.057 0.007 0.034 0.079
54 N 0.043 0.045 0.314 0.083 0.009 0.034 0.05 0.066 0.032 0.023 0.032 0.054 0.011 0.018 0.02 0.07 0.05 0.005 0.016 0.027
55 D 0.041 0.03 0.069 0.395 0.008 0.03 0.092 0.047 0.019 0.023 0.028 0.045 0.009 0.015 0.023 0.052 0.036 0.004 0.011 0.024
56 P 0.062 0.052 0.12 0.077 0.01 0.038 0.046 0.096 0.034 0.022 0.033 0.07 0.011 0.015 0.123 0.099 0.042 0.004 0.015 0.028
57 E 0.043 0.037 0.072 0.207 0.007 0.051 0.211 0.036 0.036 0.023 0.046 0.054 0.012 0.016 0.021 0.048 0.033 0.004 0.015 0.027
58 L 0.041 0.056 0.018 0.018 0.012 0.019 0.024 0.023 0.013 0.133 0.192 0.055 0.035 0.105 0.014 0.028 0.041 0.029 0.044 0.102
59 L 0.053 0.02 0.013 0.015 0.014 0.014 0.018 0.021 0.009 0.166 0.312 0.022 0.038 0.076 0.013 0.024 0.032 0.007 0.024 0.111
60 F 0.078 0.021 0.018 0.018 0.012 0.014 0.022 0.05 0.018 0.061 0.125 0.024 0.023 0.24 0.014 0.042 0.03 0.013 0.104 0.075
61 F 0.035 0.022 0.017 0.016 0.03 0.025 0.023 0.023 0.023 0.069 0.117 0.024 0.022 0.226 0.012 0.026 0.026 0.037 0.174 0.054
62 L 0.084 0.022 0.019 0.019 0.044 0.016 0.023 0.03 0.01 0.139 0.178 0.027 0.037 0.073 0.016 0.064 0.04 0.006 0.023 0.129
63 A 0.25 0.028 0.03 0.03 0.017 0.023 0.036 0.119 0.014 0.036 0.047 0.04 0.014 0.019 0.044 0.126 0.048 0.005 0.015 0.06
64 L 0.038 0.023 0.016 0.015 0.011 0.016 0.021 0.021 0.025 0.081 0.225 0.025 0.029 0.095 0.013 0.025 0.028 0.015 0.204 0.075
65 G 0.102 0.022 0.026 0.025 0.033 0.017 0.024 0.248 0.011 0.077 0.088 0.029 0.018 0.039 0.018 0.055 0.059 0.005 0.016 0.087
66 L 0.058 0.02 0.016 0.017 0.015 0.015 0.02 0.023 0.009 0.204 0.245 0.024 0.036 0.04 0.014 0.037 0.047 0.006 0.018 0.137
67 Y 0.033 0.021 0.017 0.016 0.009 0.015 0.021 0.022 0.029 0.047 0.089 0.023 0.02 0.238 0.012 0.025 0.024 0.04 0.253 0.045
68 L 0.039 0.02 0.013 0.014 0.014 0.014 0.017 0.019 0.009 0.147 0.38 0.022 0.041 0.062 0.012 0.022 0.03 0.006 0.022 0.097
69 L 0.075 0.021 0.02 0.02 0.014 0.016 0.023 0.069 0.011 0.119 0.149 0.026 0.034 0.112 0.015 0.054 0.051 0.007 0.029 0.134
70 I 0.096 0.037 0.02 0.02 0.014 0.017 0.025 0.032 0.013 0.128 0.102 0.03 0.042 0.128 0.016 0.056 0.048 0.008 0.045 0.121
71 S 0.109 0.031 0.078 0.039 0.014 0.025 0.038 0.13 0.016 0.033 0.069 0.041 0.015 0.02 0.023 0.171 0.085 0.005 0.015 0.042
72 L 0.042 0.019 0.013 0.015 0.014 0.014 0.018 0.019 0.009 0.2 0.261 0.022 0.053 0.073 0.013 0.023 0.033 0.006 0.023 0.13
73 L 0.041 0.021 0.014 0.014 0.014 0.015 0.018 0.04 0.009 0.105 0.384 0.023 0.048 0.049 0.013 0.023 0.03 0.026 0.021 0.092
74 S 0.083 0.052 0.117 0.058 0.013 0.039 0.047 0.072 0.019 0.038 0.042 0.06 0.018 0.018 0.023 0.183 0.061 0.005 0.015 0.039
75 T 0.073 0.044 0.06 0.033 0.015 0.024 0.034 0.039 0.013 0.075 0.066 0.04 0.018 0.038 0.022 0.085 0.217 0.005 0.018 0.081
76 S 0.085 0.034 0.044 0.039 0.016 0.027 0.042 0.051 0.015 0.034 0.045 0.045 0.015 0.019 0.025 0.224 0.173 0.005 0.016 0.047
77 F 0.032 0.017 0.015 0.015 0.01 0.01 0.017 0.022 0.014 0.064 0.136 0.018 0.025 0.403 0.01 0.023 0.024 0.014 0.07 0.063
78 Y 0.036 0.023 0.018 0.016 0.009 0.018 0.023 0.022 0.034 0.048 0.099 0.026 0.028 0.159 0.013 0.026 0.025 0.021 0.309 0.047
79 Y 0.128 0.026 0.024 0.023 0.013 0.02 0.029 0.058 0.024 0.059 0.064 0.032 0.018 0.076 0.019 0.081 0.038 0.013 0.174 0.079
80 K 0.068 0.106 0.035 0.052 0.009 0.094 0.076 0.077 0.019 0.037 0.045 0.164 0.015 0.032 0.021 0.056 0.035 0.005 0.018 0.036
81 Y 0.038 0.026 0.023 0.036 0.009 0.03 0.03 0.025 0.05 0.041 0.076 0.03 0.018 0.141 0.014 0.039 0.027 0.02 0.288 0.042
82 I 0.042 0.019 0.016 0.017 0.013 0.014 0.019 0.022 0.015 0.164 0.133 0.023 0.027 0.159 0.013 0.028 0.053 0.011 0.09 0.123
83 P 0.072 0.029 0.054 0.068 0.012 0.025 0.062 0.079 0.015 0.048 0.058 0.04 0.04 0.036 0.138 0.105 0.043 0.005 0.017 0.053
84 G 0.064 0.032 0.051 0.083 0.01 0.023 0.048 0.341 0.014 0.028 0.033 0.053 0.01 0.016 0.032 0.075 0.034 0.004 0.011 0.038
85 L 0.088 0.079 0.041 0.027 0.013 0.025 0.035 0.056 0.016 0.09 0.101 0.071 0.027 0.05 0.019 0.056 0.074 0.007 0.049 0.076
86 L 0.063 0.025 0.02 0.021 0.014 0.018 0.025 0.027 0.01 0.112 0.188 0.04 0.037 0.057 0.078 0.038 0.08 0.006 0.021 0.121
87 Y 0.042 0.025 0.037 0.022 0.03 0.019 0.026 0.048 0.074 0.051 0.073 0.028 0.027 0.157 0.014 0.042 0.029 0.015 0.17 0.071
88 K 0.05 0.072 0.076 0.036 0.01 0.044 0.047 0.038 0.05 0.056 0.058 0.16 0.034 0.031 0.02 0.066 0.059 0.006 0.041 0.045
89 L 0.116 0.023 0.021 0.021 0.014 0.017 0.025 0.074 0.013 0.119 0.153 0.029 0.025 0.047 0.017 0.059 0.047 0.047 0.049 0.083
90 I 0.106 0.021 0.018 0.019 0.015 0.016 0.022 0.07 0.011 0.155 0.143 0.026 0.031 0.067 0.016 0.037 0.047 0.007 0.036 0.139
91 L 0.047 0.063 0.037 0.025 0.032 0.044 0.033 0.028 0.014 0.125 0.168 0.074 0.052 0.042 0.016 0.045 0.052 0.006 0.019 0.08
92 L 0.075 0.021 0.016 0.017 0.014 0.015 0.021 0.045 0.013 0.144 0.189 0.025 0.042 0.082 0.014 0.03 0.033 0.008 0.066 0.129
93 L 0.097 0.022 0.02 0.02 0.015 0.016 0.024 0.038 0.011 0.13 0.183 0.027 0.028 0.081 0.017 0.05 0.077 0.006 0.024 0.115
94 C 0.106 0.024 0.028 0.027 0.231 0.019 0.029 0.043 0.012 0.051 0.06 0.032 0.016 0.02 0.02 0.14 0.06 0.004 0.014 0.063
95 L 0.049 0.019 0.014 0.015 0.015 0.014 0.018 0.02 0.008 0.188 0.221 0.022 0.034 0.044 0.013 0.025 0.037 0.005 0.019 0.22
96 L 0.063 0.022 0.02 0.02 0.034 0.016 0.022 0.087 0.012 0.092 0.217 0.026 0.031 0.102 0.015 0.06 0.034 0.008 0.04 0.079
97 L 0.053 0.021 0.013 0.014 0.034 0.015 0.019 0.021 0.009 0.117 0.366 0.023 0.048 0.053 0.013 0.025 0.031 0.006 0.02 0.097
98 L 0.041 0.021 0.013 0.014 0.014 0.014 0.018 0.019 0.009 0.136 0.385 0.023 0.052 0.046 0.013 0.022 0.031 0.006 0.019 0.104
99 L 0.06 0.021 0.016 0.017 0.014 0.015 0.021 0.025 0.01 0.135 0.183 0.024 0.046 0.115 0.014 0.043 0.037 0.007 0.03 0.167
100 L 0.059 0.019 0.016 0.017 0.033 0.014 0.019 0.042 0.009 0.161 0.192 0.023 0.03 0.086 0.014 0.029 0.047 0.006 0.025 0.158
101 K 0.059 0.123 0.085 0.038 0.009 0.035 0.057 0.076 0.05 0.029 0.043 0.14 0.014 0.04 0.019 0.054 0.035 0.007 0.047 0.041
102 E 0.048 0.043 0.062 0.079 0.007 0.055 0.356 0.033 0.023 0.019 0.032 0.065 0.011 0.015 0.022 0.05 0.033 0.005 0.015 0.027
103 L 0.045 0.019 0.014 0.015 0.032 0.013 0.018 0.022 0.011 0.152 0.239 0.022 0.033 0.109 0.013 0.029 0.032 0.029 0.043 0.11
104 L 0.047 0.039 0.033 0.021 0.013 0.019 0.025 0.026 0.013 0.149 0.173 0.041 0.053 0.078 0.015 0.05 0.047 0.007 0.042 0.11
105 I 0.047 0.018 0.015 0.018 0.016 0.013 0.018 0.021 0.009 0.269 0.168 0.024 0.037 0.044 0.015 0.025 0.04 0.006 0.021 0.177
106 K 0.078 0.04 0.072 0.06 0.052 0.029 0.066 0.054 0.043 0.04 0.065 0.088 0.016 0.053 0.02 0.074 0.067 0.006 0.022 0.058
107 G 0.079 0.023 0.039 0.034 0.011 0.019 0.026 0.508 0.014 0.019 0.028 0.034 0.009 0.016 0.019 0.052 0.03 0.005 0.011 0.024
108 G 0.074 0.078 0.083 0.037 0.03 0.046 0.054 0.11 0.017 0.037 0.088 0.049 0.017 0.057 0.019 0.084 0.05 0.006 0.02 0.046
109 P 0.057 0.026 0.023 0.031 0.01 0.021 0.036 0.036 0.013 0.026 0.036 0.041 0.01 0.013 0.492 0.044 0.036 0.003 0.013 0.031
110 K 0.051 0.126 0.049 0.04 0.008 0.05 0.087 0.055 0.02 0.029 0.043 0.195 0.014 0.035 0.021 0.063 0.036 0.006 0.031 0.041
111 F 0.051 0.03 0.029 0.02 0.01 0.02 0.027 0.046 0.023 0.055 0.125 0.061 0.038 0.16 0.014 0.031 0.028 0.014 0.156 0.061
112 T 0.058 0.036 0.106 0.104 0.012 0.028 0.057 0.072 0.017 0.047 0.059 0.064 0.015 0.019 0.021 0.1 0.113 0.005 0.014 0.054
113 L 0.067 0.099 0.023 0.022 0.012 0.023 0.03 0.03 0.016 0.087 0.145 0.064 0.024 0.108 0.016 0.051 0.044 0.008 0.059 0.073
114 K 0.057 0.108 0.042 0.042 0.009 0.054 0.071 0.043 0.021 0.028 0.043 0.275 0.016 0.016 0.028 0.054 0.04 0.005 0.017 0.033
115 R 0.048 0.221 0.049 0.037 0.008 0.057 0.073 0.064 0.02 0.022 0.038 0.181 0.013 0.015 0.02 0.054 0.034 0.005 0.015 0.028
116 T 0.109 0.039 0.043 0.062 0.013 0.048 0.062 0.063 0.03 0.035 0.046 0.073 0.015 0.02 0.023 0.09 0.136 0.024 0.018 0.05
117 L 0.047 0.021 0.016 0.016 0.012 0.024 0.021 0.042 0.012 0.092 0.2 0.024 0.028 0.148 0.012 0.026 0.029 0.067 0.051 0.11
118 I 0.059 0.021 0.018 0.02 0.013 0.016 0.034 0.045 0.011 0.143 0.135 0.026 0.034 0.109 0.034 0.041 0.045 0.026 0.03 0.139
119 G 0.118 0.028 0.041 0.031 0.014 0.022 0.044 0.131 0.013 0.084 0.086 0.047 0.018 0.024 0.039 0.096 0.052 0.024 0.017 0.07
120 L 0.083 0.021 0.017 0.018 0.033 0.015 0.021 0.066 0.01 0.128 0.245 0.025 0.031 0.067 0.015 0.041 0.034 0.006 0.022 0.104
121 L 0.137 0.023 0.018 0.02 0.018 0.017 0.024 0.055 0.012 0.089 0.181 0.028 0.043 0.098 0.036 0.042 0.045 0.007 0.027 0.082
122 V 0.056 0.019 0.018 0.018 0.014 0.014 0.02 0.075 0.01 0.152 0.141 0.024 0.027 0.109 0.014 0.033 0.057 0.007 0.028 0.165
123 L 0.074 0.02 0.018 0.018 0.095 0.014 0.02 0.055 0.01 0.12 0.159 0.024 0.026 0.105 0.015 0.04 0.055 0.007 0.027 0.098
124 G 0.105 0.022 0.024 0.023 0.034 0.018 0.025 0.154 0.011 0.108 0.113 0.029 0.033 0.034 0.018 0.069 0.044 0.005 0.016 0.115
125 L 0.073 0.022 0.018 0.019 0.015 0.016 0.022 0.046 0.01 0.141 0.213 0.026 0.042 0.06 0.015 0.047 0.054 0.006 0.021 0.134
126 L 0.067 0.022 0.015 0.016 0.015 0.016 0.02 0.024 0.01 0.138 0.25 0.025 0.084 0.071 0.014 0.028 0.034 0.007 0.023 0.121
127 L 0.044 0.024 0.014 0.015 0.016 0.016 0.02 0.021 0.01 0.115 0.376 0.025 0.05 0.055 0.014 0.024 0.033 0.007 0.022 0.096
128 F 0.055 0.023 0.022 0.021 0.08 0.017 0.025 0.03 0.02 0.074 0.092 0.028 0.029 0.132 0.016 0.075 0.055 0.012 0.126 0.069
129 G 0.104 0.021 0.02 0.02 0.014 0.016 0.022 0.13 0.012 0.102 0.121 0.026 0.036 0.102 0.016 0.037 0.034 0.007 0.04 0.12
130 L 0.043 0.021 0.028 0.018 0.014 0.015 0.019 0.021 0.01 0.187 0.256 0.024 0.043 0.043 0.014 0.027 0.044 0.006 0.032 0.134
131 I 0.087 0.021 0.019 0.02 0.015 0.016 0.023 0.029 0.01 0.18 0.123 0.027 0.035 0.063 0.016 0.055 0.061 0.006 0.022 0.171
132 L 0.074 0.025 0.038 0.025 0.012 0.019 0.027 0.109 0.033 0.071 0.119 0.031 0.029 0.062 0.036 0.058 0.055 0.01 0.101 0.066
133 R 0.077 0.193 0.046 0.04 0.013 0.041 0.052 0.05 0.021 0.026 0.044 0.087 0.016 0.019 0.025 0.132 0.058 0.005 0.017 0.036
134 I 0.047 0.018 0.015 0.018 0.016 0.013 0.018 0.021 0.009 0.268 0.169 0.024 0.037 0.044 0.015 0.025 0.04 0.006 0.021 0.178
135 T 0.073 0.036 0.044 0.038 0.018 0.028 0.04 0.044 0.014 0.054 0.065 0.046 0.02 0.024 0.028 0.093 0.243 0.006 0.018 0.071
136 Y 0.041 0.028 0.022 0.019 0.009 0.022 0.028 0.025 0.047 0.044 0.069 0.031 0.019 0.131 0.016 0.031 0.028 0.028 0.315 0.047
137 L 0.064 0.09 0.024 0.024 0.012 0.025 0.046 0.029 0.018 0.066 0.137 0.072 0.028 0.079 0.017 0.051 0.038 0.009 0.077 0.094
138 T 0.073 0.036 0.044 0.038 0.018 0.028 0.04 0.044 0.014 0.054 0.065 0.046 0.02 0.024 0.028 0.093 0.243 0.006 0.018 0.071
139 H 0.058 0.041 0.049 0.038 0.013 0.033 0.047 0.041 0.183 0.038 0.052 0.046 0.018 0.027 0.023 0.068 0.135 0.007 0.038 0.047
140 G 0.06 0.027 0.054 0.214 0.009 0.025 0.059 0.277 0.016 0.021 0.028 0.039 0.009 0.016 0.021 0.052 0.033 0.005 0.011 0.024
141 V 0.074 0.031 0.082 0.034 0.014 0.024 0.034 0.04 0.031 0.095 0.076 0.048 0.033 0.028 0.019 0.118 0.059 0.006 0.031 0.122
142 R 0.045 0.342 0.039 0.031 0.008 0.049 0.053 0.033 0.023 0.023 0.047 0.121 0.016 0.017 0.019 0.045 0.035 0.006 0.017 0.031
143 A 0.287 0.031 0.026 0.03 0.022 0.026 0.041 0.079 0.015 0.043 0.06 0.045 0.018 0.022 0.03 0.085 0.05 0.005 0.018 0.069
144 T 0.079 0.034 0.051 0.083 0.031 0.046 0.068 0.063 0.017 0.045 0.051 0.053 0.015 0.053 0.021 0.087 0.117 0.006 0.033 0.047
145 G 0.085 0.042 0.041 0.033 0.012 0.032 0.034 0.255 0.029 0.047 0.043 0.04 0.013 0.034 0.02 0.128 0.048 0.005 0.017 0.04
146 S 0.087 0.042 0.142 0.06 0.015 0.033 0.051 0.066 0.023 0.027 0.038 0.054 0.014 0.02 0.026 0.171 0.071 0.005 0.017 0.037
147 L 0.064 0.038 0.023 0.022 0.013 0.018 0.025 0.091 0.013 0.122 0.132 0.031 0.033 0.089 0.016 0.058 0.069 0.007 0.039 0.098
148 L 0.052 0.027 0.056 0.026 0.013 0.029 0.029 0.031 0.015 0.077 0.154 0.031 0.034 0.135 0.016 0.06 0.075 0.009 0.047 0.084
149 S 0.086 0.069 0.104 0.042 0.012 0.07 0.049 0.048 0.021 0.03 0.056 0.065 0.015 0.039 0.021 0.143 0.049 0.006 0.037 0.037
150 K 0.057 0.107 0.042 0.042 0.009 0.054 0.071 0.043 0.021 0.028 0.043 0.278 0.016 0.016 0.028 0.054 0.04 0.005 0.017 0.033
151 T 0.054 0.03 0.091 0.085 0.012 0.024 0.044 0.04 0.046 0.047 0.092 0.038 0.018 0.04 0.039 0.088 0.1 0.025 0.022 0.066
152 L 0.057 0.023 0.015 0.016 0.018 0.016 0.022 0.023 0.009 0.14 0.253 0.026 0.041 0.045 0.015 0.029 0.041 0.006 0.021 0.183
153 V 0.054 0.021 0.016 0.016 0.014 0.016 0.021 0.023 0.013 0.14 0.139 0.024 0.055 0.096 0.034 0.028 0.035 0.009 0.068 0.18
154 A 0.143 0.024 0.022 0.024 0.015 0.019 0.029 0.078 0.012 0.074 0.097 0.032 0.028 0.055 0.1 0.069 0.047 0.005 0.02 0.107
155 L 0.066 0.022 0.018 0.033 0.051 0.016 0.023 0.026 0.015 0.109 0.183 0.025 0.044 0.078 0.014 0.032 0.042 0.028 0.078 0.096
156 L 0.056 0.023 0.023 0.022 0.033 0.018 0.024 0.098 0.011 0.12 0.163 0.029 0.067 0.048 0.016 0.075 0.05 0.006 0.019 0.097
157 L 0.038 0.019 0.014 0.015 0.013 0.013 0.018 0.02 0.01 0.146 0.258 0.022 0.033 0.149 0.05 0.023 0.029 0.008 0.034 0.088
158 L 0.079 0.02 0.015 0.018 0.014 0.015 0.021 0.026 0.009 0.186 0.21 0.025 0.031 0.058 0.053 0.036 0.035 0.006 0.021 0.122
159 F 0.035 0.019 0.015 0.015 0.011 0.012 0.018 0.021 0.017 0.089 0.162 0.02 0.026 0.276 0.011 0.023 0.026 0.013 0.105 0.084
160 I 0.054 0.02 0.018 0.019 0.034 0.015 0.021 0.025 0.009 0.222 0.131 0.025 0.036 0.033 0.034 0.056 0.041 0.005 0.018 0.184
161 F 0.033 0.02 0.016 0.015 0.009 0.014 0.02 0.022 0.025 0.06 0.097 0.021 0.021 0.28 0.011 0.024 0.024 0.037 0.199 0.05
162 C 0.11 0.021 0.022 0.022 0.223 0.016 0.024 0.049 0.012 0.047 0.088 0.027 0.018 0.072 0.018 0.085 0.041 0.006 0.034 0.064
163 L 0.17 0.025 0.023 0.024 0.015 0.019 0.028 0.12 0.013 0.058 0.177 0.032 0.024 0.032 0.02 0.076 0.039 0.006 0.03 0.07
164 R 0.04 0.394 0.034 0.028 0.007 0.043 0.048 0.03 0.02 0.021 0.041 0.129 0.014 0.015 0.018 0.04 0.031 0.005 0.015 0.027
165 D 0.038 0.067 0.18 0.23 0.007 0.031 0.061 0.046 0.036 0.02 0.029 0.082 0.01 0.015 0.019 0.051 0.036 0.004 0.014 0.023
166 I 0.045 0.02 0.016 0.017 0.014 0.025 0.021 0.022 0.01 0.216 0.157 0.025 0.055 0.098 0.013 0.035 0.035 0.007 0.027 0.141
167 D 0.068 0.03 0.068 0.178 0.01 0.028 0.079 0.045 0.017 0.023 0.031 0.043 0.01 0.015 0.152 0.115 0.043 0.004 0.013 0.029
168 F 0.034 0.018 0.016 0.015 0.01 0.011 0.018 0.042 0.015 0.061 0.125 0.019 0.032 0.372 0.01 0.024 0.024 0.014 0.079 0.062
169 K 0.048 0.08 0.067 0.123 0.008 0.039 0.12 0.037 0.019 0.03 0.043 0.148 0.021 0.016 0.04 0.056 0.041 0.004 0.014 0.045
170 K 0.049 0.108 0.052 0.057 0.008 0.061 0.059 0.038 0.02 0.025 0.039 0.251 0.014 0.018 0.042 0.055 0.043 0.005 0.029 0.03
171 I 0.057 0.018 0.014 0.016 0.015 0.013 0.018 0.021 0.008 0.271 0.172 0.022 0.04 0.038 0.014 0.025 0.036 0.005 0.018 0.178
172 A 0.267 0.026 0.023 0.025 0.018 0.021 0.033 0.057 0.012 0.057 0.073 0.036 0.018 0.043 0.023 0.09 0.046 0.005 0.019 0.107
173 R 0.061 0.207 0.033 0.047 0.008 0.041 0.062 0.034 0.018 0.039 0.06 0.184 0.016 0.033 0.02 0.043 0.033 0.005 0.018 0.037
174 F 0.042 0.018 0.016 0.017 0.012 0.012 0.019 0.023 0.012 0.137 0.134 0.021 0.026 0.24 0.012 0.036 0.044 0.01 0.047 0.121
175 T 0.105 0.029 0.034 0.031 0.054 0.023 0.034 0.044 0.013 0.064 0.062 0.038 0.018 0.022 0.023 0.144 0.146 0.005 0.016 0.098
176 L 0.077 0.022 0.016 0.019 0.033 0.017 0.033 0.026 0.012 0.111 0.264 0.026 0.041 0.079 0.015 0.032 0.043 0.007 0.037 0.091
177 V 0.054 0.033 0.019 0.028 0.011 0.019 0.028 0.027 0.014 0.118 0.082 0.063 0.02 0.073 0.111 0.032 0.033 0.047 0.065 0.122
178 I 0.059 0.021 0.017 0.02 0.014 0.016 0.033 0.024 0.011 0.204 0.166 0.026 0.038 0.054 0.015 0.039 0.047 0.006 0.034 0.156
179 S 0.075 0.03 0.036 0.037 0.052 0.026 0.06 0.044 0.015 0.07 0.074 0.041 0.026 0.038 0.022 0.187 0.086 0.005 0.018 0.056
180 L 0.079 0.023 0.022 0.024 0.034 0.019 0.037 0.05 0.011 0.135 0.153 0.03 0.028 0.046 0.017 0.075 0.062 0.005 0.019 0.13
181 I 0.078 0.02 0.019 0.02 0.022 0.015 0.022 0.049 0.011 0.166 0.133 0.025 0.026 0.111 0.015 0.044 0.067 0.007 0.028 0.122
182 L 0.072 0.024 0.02 0.022 0.015 0.019 0.036 0.028 0.011 0.127 0.193 0.029 0.053 0.057 0.016 0.04 0.094 0.006 0.021 0.118
183 L 0.041 0.02 0.013 0.014 0.033 0.014 0.018 0.02 0.009 0.107 0.364 0.022 0.039 0.09 0.012 0.023 0.03 0.007 0.025 0.102
184 L 0.1 0.022 0.018 0.019 0.015 0.016 0.023 0.05 0.011 0.121 0.211 0.027 0.038 0.088 0.016 0.055 0.036 0.007 0.025 0.103
185 F 0.045 0.019 0.015 0.015 0.011 0.011 0.018 0.023 0.013 0.066 0.177 0.019 0.035 0.34 0.011 0.024 0.025 0.012 0.061 0.058
186 V 0.053 0.019 0.016 0.018 0.016 0.014 0.02 0.022 0.008 0.229 0.123 0.024 0.029 0.034 0.015 0.032 0.071 0.005 0.018 0.235
187 I 0.049 0.017 0.014 0.016 0.015 0.013 0.017 0.02 0.008 0.268 0.134 0.021 0.03 0.051 0.013 0.025 0.038 0.005 0.02 0.226
188 L 0.067 0.02 0.014 0.015 0.033 0.014 0.019 0.024 0.009 0.149 0.275 0.023 0.034 0.087 0.014 0.027 0.033 0.007 0.025 0.113
189 S 0.103 0.035 0.045 0.041 0.015 0.029 0.044 0.056 0.017 0.031 0.047 0.046 0.032 0.02 0.025 0.284 0.069 0.005 0.016 0.041
190 A 0.215 0.031 0.036 0.035 0.017 0.026 0.041 0.081 0.015 0.031 0.043 0.043 0.014 0.019 0.026 0.201 0.058 0.005 0.015 0.047
191 K 0.056 0.065 0.031 0.031 0.008 0.049 0.065 0.033 0.049 0.033 0.048 0.176 0.015 0.046 0.02 0.04 0.031 0.03 0.129 0.045
192 L 0.057 0.021 0.015 0.016 0.015 0.015 0.02 0.023 0.009 0.135 0.295 0.024 0.036 0.056 0.014 0.029 0.055 0.006 0.021 0.139
193 G 0.069 0.02 0.034 0.03 0.01 0.017 0.023 0.568 0.012 0.017 0.025 0.03 0.008 0.014 0.017 0.045 0.026 0.005 0.01 0.021
194 I 0.043 0.017 0.014 0.015 0.014 0.013 0.017 0.019 0.009 0.269 0.17 0.021 0.04 0.076 0.013 0.023 0.034 0.006 0.03 0.156
195 I 0.043 0.016 0.013 0.016 0.015 0.012 0.016 0.018 0.008 0.339 0.145 0.021 0.032 0.038 0.013 0.023 0.036 0.005 0.018 0.174
196 D 0.049 0.053 0.05 0.116 0.01 0.07 0.088 0.035 0.017 0.039 0.078 0.072 0.033 0.019 0.073 0.055 0.082 0.005 0.015 0.042
197 N 0.037 0.037 0.326 0.158 0.008 0.029 0.051 0.054 0.025 0.02 0.027 0.046 0.01 0.015 0.018 0.058 0.041 0.004 0.013 0.023
198 Y 0.051 0.024 0.019 0.017 0.01 0.019 0.025 0.024 0.037 0.05 0.066 0.027 0.018 0.103 0.014 0.029 0.027 0.022 0.344 0.076
199 V 0.071 0.025 0.02 0.022 0.016 0.019 0.038 0.028 0.01 0.147 0.122 0.04 0.026 0.03 0.017 0.063 0.054 0.005 0.018 0.23
200 E 0.059 0.047 0.04 0.047 0.01 0.036 0.178 0.049 0.019 0.059 0.073 0.048 0.051 0.059 0.018 0.044 0.034 0.007 0.043 0.078
201 D 0.055 0.026 0.043 0.208 0.013 0.023 0.057 0.036 0.013 0.093 0.079 0.035 0.02 0.025 0.019 0.042 0.042 0.005 0.016 0.147
202 L 0.059 0.028 0.051 0.045 0.012 0.022 0.054 0.03 0.031 0.114 0.124 0.044 0.023 0.056 0.017 0.049 0.067 0.008 0.061 0.102
203 S 0.086 0.091 0.05 0.053 0.012 0.04 0.068 0.044 0.018 0.043 0.061 0.064 0.016 0.039 0.021 0.139 0.068 0.012 0.032 0.043
204 D 0.057 0.033 0.056 0.218 0.013 0.029 0.065 0.045 0.016 0.038 0.047 0.045 0.014 0.019 0.025 0.072 0.141 0.005 0.014 0.048
205 G 0.111 0.045 0.065 0.104 0.012 0.028 0.075 0.123 0.016 0.028 0.044 0.045 0.013 0.017 0.048 0.106 0.064 0.004 0.014 0.037
206 G 0.064 0.029 0.048 0.049 0.012 0.023 0.044 0.249 0.013 0.044 0.066 0.047 0.015 0.019 0.025 0.066 0.125 0.005 0.013 0.044
207 R 0.042 0.38 0.034 0.027 0.008 0.04 0.044 0.048 0.019 0.026 0.044 0.098 0.014 0.016 0.017 0.041 0.042 0.005 0.015 0.04
208 N 0.043 0.045 0.317 0.083 0.009 0.034 0.049 0.065 0.031 0.022 0.031 0.054 0.011 0.018 0.02 0.07 0.049 0.004 0.016 0.027
209 V 0.051 0.053 0.049 0.026 0.013 0.021 0.039 0.028 0.015 0.123 0.111 0.036 0.023 0.038 0.036 0.048 0.075 0.007 0.058 0.151
210 R 0.04 0.408 0.033 0.027 0.007 0.042 0.045 0.029 0.02 0.025 0.044 0.103 0.014 0.016 0.017 0.039 0.031 0.005 0.015 0.039
211 H 0.055 0.04 0.041 0.045 0.008 0.063 0.145 0.033 0.171 0.025 0.041 0.049 0.014 0.049 0.019 0.046 0.031 0.009 0.085 0.03
212 Y 0.034 0.023 0.018 0.016 0.008 0.017 0.023 0.022 0.035 0.042 0.07 0.025 0.018 0.195 0.013 0.026 0.024 0.022 0.324 0.043
213 L 0.039 0.021 0.013 0.014 0.014 0.014 0.018 0.019 0.009 0.117 0.404 0.022 0.05 0.048 0.012 0.022 0.03 0.026 0.021 0.088
214 G 0.069 0.02 0.034 0.03 0.01 0.017 0.023 0.568 0.012 0.017 0.025 0.03 0.008 0.014 0.017 0.045 0.026 0.005 0.01 0.021
215 F 0.03 0.017 0.015 0.015 0.009 0.01 0.017 0.022 0.016 0.055 0.099 0.017 0.022 0.448 0.009 0.023 0.022 0.015 0.09 0.048
216 R 0.04 0.325 0.03 0.025 0.008 0.037 0.041 0.027 0.018 0.038 0.128 0.097 0.02 0.022 0.016 0.036 0.031 0.005 0.016 0.04
217 Y 0.035 0.024 0.019 0.016 0.008 0.019 0.024 0.022 0.04 0.039 0.062 0.027 0.017 0.128 0.014 0.027 0.025 0.024 0.387 0.041
218 A 0.224 0.031 0.035 0.035 0.017 0.026 0.041 0.062 0.015 0.032 0.044 0.043 0.014 0.018 0.045 0.192 0.058 0.005 0.015 0.048
219 L 0.039 0.021 0.013 0.013 0.014 0.014 0.018 0.019 0.009 0.102 0.45 0.022 0.044 0.048 0.013 0.021 0.029 0.006 0.02 0.085
220 F 0.033 0.021 0.03 0.018 0.009 0.014 0.021 0.023 0.027 0.048 0.086 0.023 0.02 0.288 0.012 0.026 0.024 0.019 0.214 0.045
221 P 0.066 0.023 0.024 0.028 0.01 0.019 0.031 0.111 0.012 0.025 0.047 0.036 0.011 0.014 0.411 0.055 0.034 0.003 0.012 0.03
222 S 0.157 0.031 0.036 0.036 0.015 0.025 0.04 0.075 0.015 0.028 0.039 0.043 0.013 0.017 0.12 0.195 0.056 0.004 0.014 0.041
223 T 0.155 0.029 0.032 0.03 0.035 0.032 0.035 0.104 0.013 0.049 0.054 0.039 0.016 0.02 0.023 0.079 0.178 0.005 0.015 0.058
224 I 0.044 0.019 0.015 0.016 0.014 0.014 0.019 0.02 0.026 0.206 0.175 0.023 0.039 0.074 0.013 0.025 0.034 0.007 0.051 0.164
225 L 0.045 0.023 0.016 0.017 0.014 0.018 0.021 0.041 0.011 0.122 0.261 0.026 0.117 0.047 0.014 0.029 0.044 0.006 0.02 0.107
226 F 0.054 0.022 0.019 0.019 0.031 0.015 0.022 0.046 0.013 0.065 0.186 0.024 0.04 0.2 0.014 0.043 0.062 0.01 0.054 0.061
227 N 0.038 0.039 0.359 0.068 0.008 0.029 0.043 0.054 0.056 0.024 0.031 0.046 0.011 0.017 0.018 0.059 0.042 0.004 0.017 0.035
228 I 0.043 0.016 0.013 0.016 0.015 0.012 0.016 0.019 0.008 0.329 0.146 0.021 0.04 0.038 0.013 0.023 0.037 0.005 0.018 0.17
229 T 0.061 0.026 0.029 0.027 0.034 0.02 0.029 0.033 0.011 0.131 0.084 0.033 0.022 0.026 0.02 0.076 0.2 0.005 0.016 0.117
230 A 0.199 0.025 0.025 0.025 0.035 0.02 0.03 0.097 0.012 0.067 0.106 0.034 0.02 0.055 0.021 0.089 0.052 0.006 0.02 0.062
231 L 0.042 0.021 0.014 0.015 0.014 0.015 0.019 0.02 0.009 0.136 0.37 0.023 0.048 0.045 0.013 0.029 0.038 0.006 0.019 0.103
232 Y 0.047 0.041 0.023 0.021 0.049 0.02 0.028 0.029 0.035 0.06 0.078 0.042 0.018 0.082 0.015 0.059 0.062 0.089 0.124 0.076
233 L 0.043 0.019 0.014 0.015 0.033 0.013 0.018 0.02 0.01 0.158 0.226 0.021 0.041 0.117 0.013 0.024 0.033 0.007 0.03 0.146
234 Y 0.035 0.024 0.032 0.018 0.008 0.018 0.024 0.023 0.036 0.04 0.069 0.026 0.017 0.154 0.013 0.028 0.025 0.041 0.327 0.041
235 L 0.054 0.025 0.029 0.018 0.014 0.016 0.022 0.024 0.012 0.106 0.318 0.037 0.035 0.074 0.014 0.037 0.032 0.007 0.037 0.089
236 K 0.06 0.148 0.036 0.034 0.008 0.051 0.065 0.055 0.035 0.024 0.04 0.217 0.014 0.022 0.021 0.054 0.034 0.006 0.044 0.03
237 K 0.049 0.167 0.049 0.035 0.008 0.067 0.055 0.112 0.019 0.022 0.037 0.207 0.013 0.014 0.021 0.045 0.033 0.005 0.015 0.027
238 D 0.06 0.06 0.086 0.154 0.008 0.044 0.14 0.06 0.027 0.022 0.032 0.108 0.011 0.015 0.022 0.068 0.037 0.004 0.014 0.027
239 K 0.07 0.092 0.071 0.039 0.009 0.048 0.053 0.067 0.048 0.025 0.038 0.209 0.014 0.016 0.022 0.07 0.055 0.005 0.018 0.032
240 I 0.049 0.018 0.014 0.016 0.052 0.013 0.018 0.021 0.009 0.227 0.166 0.022 0.047 0.067 0.013 0.025 0.035 0.006 0.022 0.16
241 K 0.058 0.072 0.064 0.068 0.01 0.038 0.05 0.061 0.019 0.032 0.067 0.159 0.015 0.019 0.032 0.101 0.074 0.005 0.018 0.037
242 W 0.041 0.02 0.015 0.015 0.01 0.015 0.02 0.023 0.018 0.113 0.132 0.023 0.023 0.085 0.031 0.024 0.027 0.167 0.128 0.068
243 R 0.073 0.105 0.025 0.024 0.011 0.033 0.036 0.032 0.031 0.067 0.091 0.091 0.019 0.077 0.062 0.042 0.033 0.027 0.053 0.07
244 E 0.076 0.078 0.046 0.063 0.009 0.057 0.163 0.055 0.02 0.029 0.058 0.057 0.023 0.024 0.02 0.063 0.046 0.045 0.032 0.036
245 L 0.054 0.021 0.015 0.016 0.013 0.014 0.02 0.023 0.011 0.125 0.262 0.023 0.033 0.09 0.013 0.035 0.032 0.046 0.042 0.112
246 L 0.08 0.021 0.017 0.018 0.014 0.015 0.021 0.053 0.011 0.134 0.216 0.025 0.03 0.106 0.015 0.042 0.044 0.007 0.028 0.104
247 L 0.07 0.019 0.015 0.016 0.027 0.014 0.019 0.044 0.01 0.149 0.207 0.023 0.039 0.114 0.014 0.029 0.033 0.007 0.029 0.122
248 L 0.039 0.021 0.013 0.014 0.032 0.014 0.018 0.02 0.01 0.092 0.393 0.022 0.04 0.05 0.012 0.022 0.029 0.046 0.036 0.078
249 L 0.072 0.023 0.023 0.022 0.032 0.017 0.024 0.126 0.012 0.063 0.203 0.027 0.026 0.086 0.016 0.065 0.047 0.026 0.025 0.068
250 L 0.076 0.021 0.017 0.017 0.034 0.015 0.021 0.065 0.009 0.114 0.249 0.025 0.032 0.053 0.015 0.04 0.035 0.006 0.02 0.136
251 L 0.129 0.024 0.022 0.023 0.036 0.019 0.027 0.045 0.011 0.121 0.154 0.031 0.034 0.03 0.019 0.092 0.044 0.005 0.017 0.116
252 N 0.058 0.035 0.293 0.075 0.01 0.027 0.041 0.052 0.023 0.039 0.042 0.043 0.013 0.018 0.018 0.067 0.055 0.004 0.014 0.072
253 Y 0.045 0.023 0.021 0.02 0.011 0.017 0.024 0.052 0.022 0.083 0.127 0.027 0.028 0.109 0.014 0.058 0.042 0.052 0.162 0.06
254 W 0.032 0.021 0.015 0.014 0.009 0.014 0.02 0.024 0.017 0.048 0.103 0.021 0.019 0.105 0.009 0.022 0.024 0.309 0.111 0.061
255 I 0.058 0.019 0.014 0.016 0.015 0.015 0.019 0.022 0.009 0.227 0.184 0.023 0.057 0.038 0.014 0.027 0.037 0.005 0.019 0.183
256 F 0.032 0.02 0.017 0.016 0.009 0.014 0.02 0.022 0.027 0.048 0.083 0.022 0.02 0.306 0.011 0.025 0.023 0.019 0.221 0.045
257 L 0.081 0.064 0.039 0.034 0.011 0.045 0.04 0.039 0.034 0.061 0.12 0.076 0.029 0.056 0.018 0.05 0.045 0.009 0.082 0.067
258 K 0.059 0.059 0.045 0.04 0.009 0.133 0.097 0.035 0.022 0.035 0.071 0.136 0.043 0.038 0.02 0.045 0.035 0.006 0.033 0.039
259 T 0.065 0.031 0.039 0.033 0.016 0.024 0.035 0.039 0.012 0.046 0.057 0.04 0.017 0.021 0.024 0.09 0.327 0.005 0.016 0.062
260 D 0.038 0.033 0.166 0.295 0.007 0.047 0.067 0.045 0.02 0.032 0.031 0.044 0.01 0.015 0.019 0.05 0.036 0.004 0.012 0.028
261 S 0.117 0.035 0.046 0.042 0.016 0.029 0.045 0.059 0.017 0.027 0.038 0.047 0.014 0.018 0.026 0.296 0.07 0.005 0.015 0.039
262 R 0.04 0.411 0.034 0.028 0.007 0.043 0.047 0.029 0.02 0.021 0.041 0.115 0.014 0.015 0.017 0.04 0.031 0.005 0.015 0.027
263 L 0.04 0.021 0.013 0.014 0.014 0.015 0.018 0.019 0.009 0.112 0.417 0.023 0.05 0.047 0.013 0.022 0.03 0.006 0.02 0.097
264 S 0.091 0.031 0.038 0.035 0.034 0.025 0.037 0.046 0.015 0.052 0.054 0.041 0.017 0.024 0.024 0.173 0.166 0.006 0.029 0.064
265 F 0.054 0.017 0.015 0.016 0.01 0.01 0.018 0.026 0.015 0.055 0.097 0.018 0.022 0.428 0.011 0.026 0.024 0.014 0.074 0.049
266 Y 0.045 0.02 0.017 0.017 0.05 0.015 0.02 0.08 0.019 0.125 0.127 0.023 0.024 0.102 0.013 0.028 0.03 0.012 0.132 0.103
267 L 0.058 0.027 0.033 0.025 0.015 0.021 0.028 0.033 0.012 0.073 0.236 0.032 0.054 0.05 0.018 0.107 0.075 0.006 0.02 0.076
268 S 0.135 0.031 0.038 0.035 0.035 0.025 0.039 0.072 0.015 0.044 0.049 0.041 0.015 0.035 0.024 0.197 0.099 0.005 0.017 0.049
269 L 0.06 0.021 0.016 0.02 0.065 0.017 0.045 0.023 0.009 0.16 0.209 0.026 0.035 0.035 0.015 0.032 0.036 0.005 0.018 0.153
270 L 0.07 0.02 0.014 0.015 0.034 0.014 0.019 0.024 0.009 0.156 0.264 0.023 0.043 0.055 0.014 0.028 0.034 0.006 0.021 0.138
271 L 0.059 0.024 0.017 0.018 0.015 0.018 0.022 0.025 0.011 0.103 0.271 0.027 0.083 0.053 0.015 0.041 0.056 0.006 0.021 0.115
272 L 0.041 0.02 0.013 0.015 0.014 0.014 0.017 0.019 0.009 0.203 0.31 0.022 0.055 0.044 0.013 0.022 0.032 0.006 0.019 0.113
273 L 0.082 0.02 0.015 0.017 0.053 0.015 0.02 0.036 0.009 0.152 0.209 0.024 0.031 0.051 0.015 0.036 0.037 0.006 0.02 0.153
274 L 0.089 0.02 0.016 0.017 0.103 0.014 0.02 0.029 0.01 0.12 0.206 0.024 0.029 0.08 0.015 0.042 0.035 0.006 0.023 0.103
275 G 0.112 0.027 0.063 0.031 0.053 0.021 0.03 0.112 0.014 0.055 0.067 0.034 0.042 0.056 0.019 0.092 0.063 0.026 0.021 0.062
276 L 0.072 0.02 0.016 0.017 0.014 0.015 0.02 0.064 0.01 0.13 0.21 0.024 0.038 0.09 0.014 0.031 0.04 0.026 0.027 0.122
277 L 0.056 0.02 0.017 0.017 0.052 0.014 0.02 0.043 0.01 0.149 0.198 0.023 0.032 0.089 0.014 0.039 0.045 0.006 0.025 0.132
278 L 0.041 0.021 0.015 0.015 0.032 0.016 0.02 0.022 0.014 0.111 0.224 0.023 0.072 0.11 0.013 0.025 0.031 0.029 0.07 0.098
279 K 0.048 0.109 0.049 0.037 0.008 0.072 0.061 0.037 0.034 0.036 0.042 0.279 0.015 0.015 0.022 0.046 0.035 0.005 0.017 0.033
280 L 0.039 0.049 0.032 0.02 0.011 0.02 0.026 0.025 0.02 0.097 0.166 0.053 0.025 0.074 0.014 0.029 0.04 0.07 0.127 0.066
281 F 0.04 0.071 0.021 0.02 0.01 0.02 0.027 0.025 0.016 0.081 0.115 0.067 0.031 0.215 0.014 0.038 0.03 0.011 0.07 0.078
282 P 0.062 0.03 0.037 0.031 0.01 0.039 0.049 0.034 0.014 0.029 0.038 0.052 0.011 0.017 0.389 0.043 0.044 0.004 0.026 0.042
283 K 0.057 0.069 0.057 0.091 0.009 0.046 0.07 0.061 0.034 0.025 0.037 0.16 0.013 0.019 0.029 0.099 0.059 0.005 0.029 0.031
284 I 0.042 0.049 0.016 0.017 0.013 0.015 0.02 0.022 0.012 0.18 0.178 0.028 0.03 0.122 0.013 0.035 0.033 0.008 0.044 0.123
285 L 0.043 0.035 0.031 0.02 0.013 0.017 0.023 0.024 0.011 0.121 0.245 0.043 0.04 0.096 0.034 0.037 0.033 0.007 0.027 0.1
286 E 0.065 0.046 0.032 0.064 0.03 0.043 0.173 0.054 0.017 0.055 0.066 0.089 0.016 0.035 0.021 0.063 0.043 0.005 0.017 0.065
287 K 0.049 0.127 0.077 0.037 0.009 0.038 0.049 0.057 0.018 0.057 0.053 0.21 0.015 0.018 0.021 0.06 0.043 0.005 0.015 0.042
288 L 0.051 0.049 0.037 0.025 0.032 0.023 0.031 0.031 0.014 0.098 0.14 0.08 0.049 0.077 0.016 0.067 0.038 0.026 0.026 0.09
289 P 0.057 0.026 0.023 0.031 0.01 0.021 0.036 0.036 0.013 0.026 0.036 0.041 0.01 0.013 0.491 0.044 0.036 0.003 0.013 0.031
290 C 0.065 0.016 0.016 0.016 0.481 0.012 0.016 0.033 0.008 0.045 0.065 0.02 0.016 0.02 0.016 0.041 0.037 0.004 0.012 0.057
291 R 0.045 0.342 0.039 0.031 0.008 0.049 0.053 0.033 0.023 0.023 0.047 0.121 0.016 0.017 0.019 0.045 0.035 0.006 0.017 0.031
292 K 0.057 0.108 0.042 0.042 0.009 0.054 0.071 0.043 0.021 0.028 0.043 0.275 0.016 0.016 0.028 0.054 0.04 0.005 0.017 0.033
293 K 0.057 0.108 0.042 0.042 0.009 0.054 0.071 0.043 0.021 0.028 0.043 0.275 0.016 0.016 0.028 0.054 0.04 0.005 0.017 0.033
294 R 0.045 0.342 0.039 0.031 0.008 0.049 0.053 0.033 0.023 0.023 0.047 0.121 0.016 0.017 0.019 0.045 0.035 0.006 0.017 0.031
295 K 0.057 0.108 0.042 0.042 0.009 0.054 0.071 0.043 0.021 0.028 0.043 0.275 0.016 0.016 0.028 0.054 0.04 0.005 0.017 0.033
296 R 0.045 0.342 0.039 0.031 0.008 0.049 0.053 0.033 0.023 0.023 0.047 0.121 0.016 0.017 0.019 0.045 0.035 0.006 0.017 0.031
297 R 0.049 0.183 0.047 0.034 0.008 0.047 0.058 0.099 0.019 0.039 0.044 0.146 0.014 0.018 0.039 0.049 0.034 0.005 0.022 0.044
298 Y 0.04 0.028 0.022 0.019 0.009 0.022 0.028 0.025 0.047 0.044 0.068 0.031 0.019 0.131 0.016 0.031 0.028 0.028 0.318 0.047
299 K 0.057 0.107 0.042 0.042 0.009 0.054 0.071 0.043 0.021 0.028 0.043 0.278 0.016 0.016 0.028 0.054 0.04 0.005 0.017 0.033
300 A 0.29 0.031 0.026 0.03 0.022 0.026 0.04 0.078 0.015 0.043 0.059 0.045 0.018 0.022 0.03 0.085 0.05 0.005 0.018 0.069
301 V 0.07 0.022 0.016 0.018 0.019 0.016 0.023 0.025 0.008 0.165 0.13 0.026 0.032 0.036 0.016 0.033 0.049 0.006 0.021 0.269
302 L 0.045 0.024 0.014 0.015 0.016 0.016 0.02 0.021 0.01 0.115 0.375 0.025 0.05 0.055 0.014 0.024 0.033 0.007 0.022 0.096
303 L 0.045 0.024 0.014 0.015 0.016 0.016 0.02 0.021 0.01 0.115 0.375 0.025 0.05 0.055 0.014 0.024 0.033 0.007 0.022 0.096
304 G 0.078 0.023 0.039 0.034 0.011 0.019 0.026 0.51 0.014 0.019 0.028 0.034 0.009 0.016 0.019 0.051 0.03 0.005 0.011 0.024
305 N 0.043 0.045 0.317 0.083 0.009 0.034 0.049 0.065 0.032 0.022 0.032 0.054 0.011 0.018 0.02 0.07 0.049 0.004 0.016 0.027
306 L 0.075 0.04 0.027 0.023 0.012 0.022 0.03 0.068 0.03 0.108 0.142 0.077 0.032 0.034 0.036 0.038 0.044 0.026 0.037 0.099
307 L 0.044 0.02 0.013 0.015 0.014 0.014 0.018 0.02 0.009 0.146 0.295 0.022 0.046 0.088 0.013 0.023 0.032 0.007 0.025 0.137
308 L 0.07 0.03 0.064 0.028 0.05 0.031 0.032 0.055 0.044 0.05 0.151 0.045 0.03 0.046 0.016 0.06 0.056 0.064 0.026 0.051
309 F 0.069 0.073 0.025 0.023 0.012 0.022 0.03 0.031 0.014 0.106 0.097 0.078 0.022 0.135 0.016 0.055 0.04 0.027 0.034 0.091
310 L 0.055 0.02 0.02 0.02 0.032 0.015 0.021 0.14 0.01 0.118 0.165 0.025 0.028 0.074 0.034 0.037 0.045 0.006 0.022 0.114
311 L 0.052 0.023 0.016 0.016 0.013 0.017 0.021 0.024 0.027 0.094 0.244 0.025 0.098 0.132 0.013 0.027 0.031 0.008 0.033 0.085
312 I 0.073 0.031 0.021 0.022 0.014 0.029 0.028 0.029 0.011 0.219 0.108 0.063 0.026 0.03 0.017 0.05 0.067 0.005 0.017 0.138
313 F 0.052 0.02 0.017 0.019 0.03 0.014 0.021 0.052 0.013 0.073 0.138 0.024 0.022 0.186 0.131 0.029 0.028 0.022 0.052 0.056
314 S 0.109 0.033 0.043 0.039 0.016 0.027 0.042 0.054 0.016 0.037 0.057 0.045 0.016 0.02 0.025 0.249 0.106 0.005 0.016 0.045
315 F 0.033 0.02 0.017 0.016 0.009 0.014 0.02 0.022 0.027 0.048 0.082 0.022 0.02 0.3 0.011 0.025 0.023 0.019 0.227 0.045
316 V 0.071 0.019 0.015 0.017 0.015 0.014 0.02 0.025 0.009 0.169 0.172 0.024 0.029 0.055 0.053 0.029 0.036 0.025 0.022 0.181
317 I 0.054 0.019 0.015 0.016 0.013 0.014 0.019 0.022 0.013 0.197 0.169 0.022 0.03 0.102 0.013 0.026 0.033 0.009 0.074 0.141
318 A 0.122 0.025 0.064 0.029 0.109 0.019 0.028 0.09 0.014 0.044 0.08 0.032 0.017 0.083 0.019 0.077 0.06 0.006 0.023 0.059
319 A 0.191 0.024 0.024 0.025 0.034 0.019 0.03 0.086 0.013 0.042 0.075 0.032 0.017 0.13 0.039 0.081 0.049 0.007 0.031 0.052
320 V 0.086 0.02 0.019 0.019 0.058 0.015 0.022 0.068 0.011 0.122 0.131 0.025 0.024 0.087 0.016 0.045 0.046 0.007 0.04 0.139
