#Seq2Logo.py -f /work3/idamei/ssn-clusterings/2206011120/clusters/0009_178/sequences.afa -m 0.0001 -b 50 -o /work3/idamei/ssn-clusterings/2206011120/clusters/0009_178/sequences.logo
#Position Specific Frequency Matrix
A R N D C Q E G H I L K M F P S T W Y V
0 M 0.047 0.029 0.018 0.018 0.015 0.026 0.026 0.026 0.015 0.091 0.179 0.033 0.237 0.044 0.015 0.033 0.037 0.007 0.022 0.084
1 K 0.051 0.055 0.092 0.037 0.012 0.032 0.043 0.037 0.017 0.065 0.127 0.148 0.023 0.026 0.02 0.045 0.052 0.005 0.017 0.098
2 I 0.044 0.035 0.022 0.022 0.011 0.021 0.029 0.027 0.019 0.15 0.1 0.083 0.024 0.125 0.016 0.041 0.034 0.011 0.097 0.087
3 D 0.05 0.115 0.107 0.121 0.01 0.035 0.056 0.044 0.02 0.027 0.039 0.113 0.013 0.017 0.022 0.068 0.09 0.005 0.015 0.035
4 E 0.055 0.05 0.04 0.09 0.007 0.064 0.296 0.035 0.026 0.022 0.037 0.076 0.013 0.017 0.026 0.055 0.037 0.006 0.017 0.031
5 I 0.045 0.034 0.018 0.02 0.014 0.02 0.027 0.023 0.011 0.217 0.185 0.082 0.042 0.038 0.016 0.028 0.036 0.006 0.019 0.12
6 V 0.07 0.022 0.016 0.018 0.019 0.016 0.023 0.025 0.008 0.165 0.13 0.026 0.032 0.036 0.016 0.033 0.049 0.006 0.021 0.269
7 K 0.057 0.107 0.042 0.042 0.009 0.054 0.071 0.043 0.021 0.028 0.043 0.278 0.016 0.016 0.028 0.054 0.04 0.005 0.017 0.033
8 V 0.07 0.022 0.016 0.018 0.019 0.016 0.023 0.025 0.008 0.165 0.13 0.026 0.032 0.036 0.016 0.033 0.049 0.006 0.021 0.269
9 L 0.042 0.026 0.018 0.017 0.012 0.019 0.024 0.023 0.028 0.078 0.227 0.028 0.033 0.091 0.015 0.027 0.03 0.017 0.177 0.07
10 K 0.056 0.105 0.041 0.041 0.008 0.052 0.069 0.042 0.02 0.027 0.042 0.292 0.015 0.015 0.027 0.052 0.039 0.005 0.017 0.032
11 T 0.055 0.046 0.097 0.042 0.012 0.032 0.044 0.042 0.083 0.035 0.047 0.093 0.015 0.02 0.023 0.067 0.175 0.005 0.022 0.045
12 K 0.047 0.128 0.041 0.113 0.007 0.046 0.114 0.037 0.02 0.023 0.036 0.208 0.013 0.014 0.023 0.047 0.034 0.005 0.015 0.028
13 L 0.05 0.037 0.023 0.022 0.013 0.023 0.031 0.027 0.017 0.079 0.191 0.081 0.028 0.048 0.018 0.039 0.08 0.009 0.078 0.108
14 I 0.048 0.022 0.018 0.027 0.014 0.02 0.074 0.022 0.01 0.253 0.127 0.03 0.029 0.035 0.015 0.028 0.037 0.005 0.018 0.168
15 N 0.043 0.046 0.21 0.064 0.008 0.079 0.106 0.047 0.092 0.021 0.033 0.057 0.012 0.018 0.02 0.055 0.038 0.005 0.021 0.026
16 G 0.061 0.037 0.028 0.027 0.012 0.024 0.033 0.12 0.018 0.061 0.119 0.083 0.021 0.041 0.019 0.078 0.04 0.009 0.077 0.093
17 L 0.042 0.019 0.014 0.015 0.1 0.013 0.017 0.022 0.01 0.125 0.269 0.021 0.034 0.108 0.013 0.025 0.031 0.007 0.029 0.087
18 I 0.041 0.019 0.014 0.016 0.014 0.014 0.018 0.021 0.011 0.211 0.195 0.023 0.068 0.109 0.013 0.024 0.033 0.008 0.03 0.117
19 L 0.047 0.032 0.021 0.022 0.012 0.019 0.026 0.112 0.012 0.147 0.151 0.076 0.026 0.1 0.015 0.031 0.031 0.007 0.027 0.085
20 L 0.038 0.019 0.014 0.015 0.013 0.013 0.018 0.02 0.011 0.128 0.276 0.021 0.036 0.179 0.012 0.023 0.029 0.009 0.04 0.087
21 L 0.047 0.048 0.03 0.04 0.01 0.158 0.113 0.03 0.02 0.05 0.171 0.061 0.026 0.026 0.019 0.041 0.034 0.006 0.019 0.05
22 L 0.042 0.023 0.015 0.016 0.014 0.017 0.02 0.022 0.012 0.131 0.246 0.025 0.103 0.112 0.013 0.026 0.032 0.008 0.031 0.092
23 I 0.102 0.021 0.02 0.021 0.016 0.017 0.024 0.032 0.01 0.208 0.115 0.028 0.027 0.032 0.018 0.043 0.086 0.005 0.018 0.157
24 W 0.039 0.021 0.015 0.015 0.097 0.015 0.02 0.024 0.016 0.058 0.18 0.022 0.025 0.058 0.011 0.025 0.027 0.187 0.093 0.054
25 C 0.108 0.021 0.022 0.022 0.187 0.016 0.025 0.039 0.012 0.09 0.078 0.028 0.019 0.093 0.018 0.081 0.041 0.006 0.026 0.069
26 L 0.042 0.023 0.014 0.015 0.015 0.017 0.02 0.02 0.01 0.103 0.39 0.025 0.077 0.049 0.013 0.024 0.031 0.007 0.021 0.087
27 F 0.033 0.019 0.016 0.015 0.01 0.012 0.019 0.022 0.019 0.063 0.152 0.02 0.026 0.323 0.011 0.024 0.025 0.016 0.121 0.055
28 E 0.065 0.043 0.039 0.052 0.01 0.081 0.156 0.041 0.025 0.026 0.041 0.058 0.015 0.033 0.023 0.127 0.046 0.008 0.077 0.035
29 E 0.057 0.037 0.036 0.065 0.008 0.045 0.248 0.206 0.02 0.019 0.031 0.056 0.011 0.015 0.021 0.049 0.031 0.005 0.013 0.026
30 L 0.043 0.023 0.017 0.026 0.013 0.021 0.074 0.021 0.011 0.207 0.226 0.03 0.034 0.039 0.015 0.027 0.034 0.006 0.019 0.114
31 I 0.102 0.022 0.02 0.021 0.016 0.017 0.024 0.032 0.01 0.169 0.162 0.029 0.029 0.034 0.018 0.043 0.085 0.005 0.018 0.145
32 Y 0.094 0.025 0.02 0.019 0.012 0.02 0.027 0.031 0.032 0.058 0.07 0.03 0.019 0.088 0.016 0.037 0.032 0.019 0.259 0.095
33 S 0.089 0.035 0.051 0.112 0.014 0.03 0.054 0.057 0.017 0.026 0.036 0.048 0.013 0.018 0.026 0.25 0.067 0.004 0.015 0.035
34 Y 0.038 0.021 0.017 0.016 0.011 0.016 0.021 0.021 0.026 0.142 0.099 0.024 0.024 0.147 0.013 0.026 0.029 0.017 0.21 0.083
35 Y 0.043 0.028 0.083 0.029 0.011 0.022 0.03 0.03 0.09 0.101 0.076 0.032 0.02 0.059 0.015 0.035 0.034 0.012 0.144 0.104
36 P 0.067 0.028 0.03 0.034 0.012 0.023 0.039 0.042 0.014 0.026 0.036 0.043 0.011 0.014 0.394 0.095 0.046 0.003 0.013 0.032
37 S 0.08 0.099 0.102 0.047 0.013 0.033 0.047 0.055 0.02 0.025 0.037 0.059 0.014 0.018 0.024 0.211 0.062 0.005 0.016 0.034
38 L 0.055 0.023 0.019 0.02 0.015 0.017 0.023 0.027 0.01 0.138 0.268 0.027 0.035 0.04 0.016 0.068 0.041 0.006 0.019 0.133
39 G 0.118 0.095 0.095 0.042 0.013 0.029 0.041 0.139 0.018 0.025 0.038 0.055 0.013 0.017 0.022 0.135 0.05 0.005 0.015 0.036
40 V 0.053 0.019 0.014 0.016 0.016 0.014 0.019 0.021 0.008 0.205 0.182 0.023 0.033 0.038 0.014 0.026 0.04 0.005 0.019 0.236
41 L 0.043 0.019 0.014 0.015 0.014 0.013 0.018 0.02 0.01 0.182 0.232 0.022 0.035 0.109 0.013 0.024 0.034 0.007 0.03 0.147
42 F 0.043 0.035 0.023 0.022 0.011 0.021 0.03 0.028 0.019 0.056 0.133 0.078 0.023 0.182 0.016 0.038 0.076 0.012 0.099 0.054
43 F 0.041 0.024 0.022 0.02 0.011 0.017 0.025 0.027 0.026 0.05 0.08 0.027 0.02 0.226 0.015 0.038 0.08 0.018 0.184 0.051
44 I 0.051 0.019 0.017 0.018 0.014 0.014 0.019 0.109 0.009 0.214 0.172 0.024 0.03 0.036 0.014 0.028 0.035 0.005 0.018 0.154
45 P 0.052 0.023 0.021 0.028 0.009 0.019 0.033 0.033 0.012 0.023 0.033 0.038 0.009 0.012 0.54 0.04 0.033 0.002 0.012 0.028
46 D 0.042 0.032 0.046 0.256 0.008 0.036 0.165 0.035 0.018 0.034 0.096 0.047 0.016 0.02 0.02 0.044 0.032 0.004 0.013 0.035
47 L 0.044 0.02 0.015 0.015 0.014 0.015 0.019 0.02 0.014 0.179 0.225 0.024 0.034 0.055 0.014 0.025 0.034 0.009 0.079 0.146
48 L 0.045 0.02 0.013 0.015 0.015 0.014 0.018 0.02 0.008 0.19 0.287 0.023 0.038 0.044 0.013 0.024 0.035 0.006 0.02 0.153
49 G 0.053 0.024 0.082 0.03 0.012 0.017 0.025 0.206 0.014 0.061 0.122 0.029 0.021 0.095 0.015 0.039 0.033 0.007 0.026 0.09
50 L 0.096 0.023 0.02 0.02 0.015 0.017 0.024 0.032 0.011 0.115 0.206 0.028 0.03 0.104 0.017 0.042 0.08 0.007 0.029 0.085
51 G 0.078 0.023 0.039 0.034 0.011 0.019 0.026 0.51 0.014 0.019 0.028 0.034 0.009 0.016 0.019 0.051 0.03 0.005 0.011 0.024
52 L 0.094 0.021 0.015 0.017 0.016 0.015 0.021 0.028 0.01 0.171 0.276 0.025 0.036 0.042 0.015 0.032 0.035 0.006 0.019 0.108
53 Y 0.091 0.025 0.018 0.018 0.013 0.019 0.025 0.031 0.023 0.062 0.149 0.028 0.059 0.132 0.015 0.035 0.031 0.014 0.15 0.061
54 I 0.094 0.019 0.015 0.018 0.016 0.014 0.02 0.028 0.009 0.249 0.183 0.025 0.032 0.038 0.016 0.032 0.037 0.005 0.019 0.132
55 I 0.096 0.02 0.016 0.017 0.015 0.014 0.021 0.029 0.01 0.171 0.169 0.025 0.03 0.104 0.015 0.033 0.036 0.007 0.029 0.143
56 L 0.043 0.02 0.014 0.015 0.1 0.015 0.019 0.022 0.014 0.122 0.262 0.023 0.033 0.054 0.014 0.026 0.031 0.009 0.078 0.086
57 A 0.183 0.027 0.022 0.023 0.016 0.022 0.032 0.05 0.023 0.061 0.071 0.036 0.019 0.058 0.022 0.056 0.041 0.012 0.126 0.098
58 L 0.041 0.023 0.015 0.015 0.014 0.016 0.02 0.022 0.012 0.094 0.311 0.024 0.077 0.126 0.013 0.025 0.031 0.009 0.033 0.081
59 A 0.198 0.025 0.02 0.022 0.019 0.02 0.03 0.049 0.011 0.098 0.089 0.033 0.023 0.027 0.022 0.056 0.047 0.005 0.018 0.188
60 D 0.043 0.05 0.055 0.235 0.007 0.036 0.072 0.041 0.112 0.022 0.032 0.112 0.012 0.018 0.022 0.047 0.032 0.005 0.023 0.025
61 G 0.067 0.065 0.04 0.037 0.01 0.036 0.048 0.278 0.017 0.023 0.036 0.158 0.012 0.016 0.023 0.052 0.035 0.005 0.014 0.028
62 I 0.061 0.037 0.03 0.029 0.013 0.024 0.035 0.037 0.014 0.135 0.087 0.084 0.022 0.096 0.019 0.116 0.047 0.007 0.028 0.08
63 F 0.038 0.019 0.019 0.018 0.009 0.013 0.02 0.112 0.019 0.048 0.084 0.021 0.02 0.317 0.012 0.028 0.024 0.015 0.119 0.044
64 I 0.047 0.018 0.015 0.018 0.016 0.013 0.018 0.021 0.009 0.271 0.168 0.024 0.037 0.044 0.015 0.025 0.04 0.006 0.021 0.177
65 F 0.034 0.019 0.017 0.017 0.011 0.011 0.019 0.025 0.017 0.063 0.114 0.019 0.025 0.387 0.011 0.025 0.025 0.017 0.089 0.055
66 F 0.034 0.019 0.017 0.017 0.011 0.011 0.019 0.025 0.017 0.063 0.114 0.019 0.025 0.387 0.011 0.025 0.025 0.017 0.089 0.055
67 K 0.057 0.107 0.042 0.042 0.009 0.054 0.071 0.043 0.021 0.028 0.043 0.278 0.016 0.016 0.028 0.054 0.04 0.005 0.017 0.033
68 R 0.054 0.171 0.096 0.049 0.009 0.043 0.102 0.042 0.022 0.022 0.037 0.122 0.013 0.016 0.022 0.089 0.042 0.005 0.015 0.03
69 R 0.099 0.227 0.03 0.028 0.011 0.036 0.044 0.037 0.017 0.046 0.056 0.123 0.017 0.019 0.02 0.046 0.037 0.005 0.016 0.085
70 G 0.065 0.026 0.093 0.039 0.011 0.021 0.029 0.386 0.015 0.023 0.032 0.035 0.01 0.016 0.019 0.056 0.078 0.005 0.012 0.03
71 K 0.099 0.072 0.032 0.032 0.01 0.038 0.052 0.042 0.017 0.033 0.052 0.239 0.016 0.086 0.023 0.049 0.035 0.007 0.027 0.039
72 I 0.043 0.083 0.019 0.018 0.012 0.019 0.024 0.023 0.017 0.157 0.105 0.037 0.025 0.115 0.014 0.028 0.033 0.01 0.089 0.13
73 G 0.11 0.102 0.032 0.03 0.012 0.03 0.04 0.129 0.015 0.039 0.105 0.099 0.019 0.022 0.021 0.088 0.041 0.005 0.016 0.045
74 C 0.065 0.016 0.016 0.016 0.484 0.012 0.016 0.032 0.008 0.045 0.065 0.02 0.016 0.02 0.016 0.041 0.037 0.004 0.012 0.057
75 L 0.049 0.034 0.022 0.022 0.013 0.021 0.029 0.027 0.012 0.121 0.151 0.078 0.027 0.1 0.017 0.038 0.081 0.007 0.028 0.121
76 K 0.047 0.122 0.029 0.029 0.01 0.036 0.046 0.031 0.016 0.09 0.124 0.197 0.022 0.025 0.02 0.039 0.034 0.005 0.017 0.061
77 R 0.042 0.159 0.146 0.051 0.009 0.037 0.094 0.038 0.022 0.073 0.055 0.068 0.016 0.02 0.018 0.047 0.037 0.005 0.016 0.049
78 G 0.047 0.098 0.035 0.099 0.008 0.028 0.045 0.12 0.016 0.027 0.045 0.097 0.013 0.085 0.105 0.041 0.03 0.006 0.024 0.03
79 G 0.044 0.093 0.097 0.106 0.008 0.029 0.045 0.124 0.089 0.023 0.037 0.05 0.012 0.035 0.018 0.044 0.031 0.008 0.08 0.027
80 L 0.054 0.087 0.024 0.023 0.013 0.023 0.029 0.029 0.018 0.113 0.141 0.042 0.025 0.046 0.017 0.072 0.041 0.009 0.078 0.115
81 S 0.079 0.033 0.04 0.046 0.012 0.031 0.093 0.133 0.017 0.024 0.034 0.047 0.012 0.016 0.11 0.168 0.053 0.004 0.014 0.032
82 L 0.052 0.023 0.028 0.104 0.013 0.018 0.033 0.13 0.011 0.081 0.203 0.029 0.028 0.033 0.016 0.034 0.034 0.005 0.016 0.109
83 L 0.048 0.038 0.02 0.021 0.013 0.023 0.03 0.026 0.013 0.087 0.174 0.086 0.067 0.115 0.016 0.032 0.035 0.008 0.032 0.116
84 L 0.042 0.021 0.013 0.015 0.015 0.014 0.018 0.02 0.009 0.15 0.368 0.023 0.044 0.049 0.013 0.023 0.032 0.006 0.02 0.104
85 L 0.044 0.02 0.019 0.02 0.011 0.014 0.021 0.113 0.012 0.095 0.133 0.025 0.022 0.102 0.1 0.029 0.028 0.095 0.034 0.063
86 A 0.159 0.024 0.027 0.027 0.015 0.019 0.03 0.133 0.013 0.086 0.071 0.033 0.019 0.093 0.02 0.09 0.042 0.007 0.026 0.066
87 L 0.053 0.02 0.015 0.016 0.102 0.016 0.02 0.023 0.009 0.146 0.177 0.024 0.065 0.036 0.014 0.029 0.038 0.005 0.018 0.176
88 F 0.033 0.019 0.016 0.015 0.01 0.012 0.019 0.022 0.019 0.063 0.152 0.02 0.026 0.323 0.011 0.024 0.025 0.016 0.121 0.055
89 V 0.105 0.021 0.016 0.018 0.017 0.016 0.022 0.029 0.009 0.155 0.166 0.026 0.03 0.034 0.016 0.035 0.041 0.005 0.019 0.219
90 L 0.099 0.021 0.019 0.02 0.015 0.016 0.022 0.117 0.01 0.157 0.208 0.027 0.03 0.036 0.016 0.036 0.034 0.006 0.017 0.097
91 Y 0.033 0.022 0.017 0.016 0.009 0.015 0.022 0.024 0.029 0.044 0.074 0.023 0.019 0.216 0.011 0.025 0.024 0.108 0.227 0.042
92 A 0.159 0.025 0.023 0.024 0.017 0.02 0.029 0.044 0.012 0.116 0.142 0.033 0.026 0.03 0.02 0.087 0.046 0.005 0.018 0.124
93 L 0.046 0.019 0.014 0.015 0.1 0.013 0.018 0.022 0.009 0.132 0.216 0.021 0.032 0.106 0.013 0.026 0.033 0.007 0.028 0.129
94 L 0.093 0.021 0.016 0.018 0.015 0.016 0.022 0.029 0.011 0.161 0.179 0.026 0.065 0.106 0.015 0.033 0.035 0.007 0.029 0.101
95 S 0.142 0.035 0.045 0.042 0.017 0.029 0.046 0.062 0.017 0.029 0.041 0.048 0.015 0.019 0.027 0.255 0.07 0.005 0.016 0.042
96 I 0.048 0.018 0.014 0.016 0.015 0.013 0.018 0.021 0.009 0.228 0.133 0.022 0.03 0.105 0.013 0.025 0.037 0.007 0.029 0.2
97 F 0.098 0.023 0.02 0.02 0.015 0.016 0.024 0.033 0.012 0.076 0.145 0.027 0.026 0.168 0.017 0.043 0.08 0.009 0.039 0.108
98 W 0.028 0.021 0.014 0.014 0.007 0.014 0.021 0.028 0.014 0.028 0.048 0.021 0.014 0.055 0.007 0.021 0.021 0.539 0.062 0.028
99 G 0.086 0.029 0.042 0.038 0.013 0.024 0.035 0.307 0.015 0.022 0.032 0.04 0.011 0.017 0.022 0.169 0.051 0.005 0.013 0.03
100 D 0.063 0.033 0.107 0.184 0.012 0.028 0.057 0.051 0.018 0.027 0.036 0.045 0.012 0.017 0.023 0.137 0.096 0.004 0.014 0.035
101 F 0.035 0.021 0.015 0.015 0.011 0.014 0.019 0.024 0.014 0.066 0.162 0.021 0.061 0.246 0.011 0.024 0.026 0.1 0.058 0.058
102 N 0.091 0.036 0.267 0.13 0.01 0.029 0.05 0.058 0.024 0.024 0.032 0.046 0.011 0.016 0.02 0.063 0.043 0.004 0.014 0.03
103 I 0.049 0.02 0.016 0.018 0.014 0.016 0.021 0.023 0.01 0.213 0.131 0.026 0.063 0.035 0.102 0.028 0.037 0.005 0.018 0.155
104 Y 0.091 0.024 0.019 0.019 0.011 0.019 0.026 0.03 0.032 0.089 0.076 0.029 0.02 0.089 0.016 0.036 0.031 0.019 0.259 0.066
105 G 0.057 0.038 0.093 0.048 0.01 0.072 0.098 0.128 0.021 0.028 0.045 0.05 0.014 0.087 0.02 0.087 0.04 0.007 0.026 0.033
106 I 0.045 0.019 0.018 0.019 0.014 0.014 0.02 0.023 0.01 0.243 0.129 0.024 0.029 0.104 0.015 0.033 0.08 0.007 0.029 0.126
107 V 0.061 0.022 0.02 0.021 0.015 0.016 0.024 0.028 0.011 0.145 0.108 0.027 0.026 0.1 0.016 0.071 0.045 0.007 0.029 0.209
108 A 0.111 0.046 0.031 0.031 0.014 0.071 0.048 0.043 0.016 0.059 0.079 0.095 0.055 0.024 0.022 0.088 0.046 0.005 0.018 0.097
109 R 0.052 0.283 0.038 0.04 0.008 0.044 0.1 0.035 0.021 0.022 0.04 0.092 0.014 0.016 0.02 0.084 0.039 0.005 0.016 0.03
110 L 0.042 0.02 0.018 0.017 0.012 0.013 0.019 0.11 0.012 0.075 0.255 0.022 0.032 0.175 0.013 0.027 0.027 0.009 0.039 0.064
111 R 0.041 0.341 0.032 0.026 0.008 0.039 0.043 0.028 0.019 0.035 0.107 0.095 0.019 0.021 0.017 0.037 0.032 0.005 0.017 0.038
112 Y 0.037 0.086 0.021 0.018 0.009 0.021 0.026 0.023 0.029 0.089 0.081 0.039 0.02 0.143 0.014 0.029 0.028 0.017 0.209 0.061
113 I 0.041 0.019 0.016 0.016 0.013 0.015 0.019 0.02 0.019 0.238 0.123 0.024 0.028 0.066 0.014 0.025 0.033 0.012 0.139 0.121
114 L 0.042 0.018 0.014 0.015 0.013 0.012 0.018 0.021 0.011 0.174 0.177 0.021 0.031 0.175 0.012 0.024 0.032 0.009 0.04 0.141
115 G 0.051 0.027 0.026 0.033 0.012 0.025 0.08 0.116 0.014 0.095 0.092 0.035 0.055 0.096 0.017 0.043 0.079 0.007 0.027 0.068
116 G 0.175 0.028 0.036 0.034 0.015 0.024 0.036 0.229 0.014 0.028 0.039 0.04 0.013 0.018 0.024 0.138 0.049 0.005 0.014 0.041
117 F 0.094 0.02 0.017 0.018 0.1 0.015 0.021 0.032 0.012 0.104 0.109 0.025 0.058 0.168 0.015 0.036 0.033 0.009 0.038 0.076
118 L 0.097 0.02 0.019 0.02 0.014 0.015 0.021 0.118 0.011 0.149 0.154 0.026 0.027 0.101 0.016 0.036 0.033 0.007 0.027 0.091
119 V 0.11 0.027 0.025 0.024 0.017 0.022 0.029 0.037 0.011 0.088 0.098 0.034 0.058 0.029 0.02 0.056 0.134 0.005 0.018 0.158
120 Y 0.038 0.025 0.019 0.017 0.01 0.019 0.024 0.023 0.033 0.051 0.089 0.027 0.055 0.16 0.013 0.028 0.027 0.021 0.27 0.051
121 F 0.034 0.02 0.016 0.016 0.01 0.014 0.02 0.023 0.023 0.093 0.089 0.022 0.021 0.203 0.011 0.024 0.026 0.104 0.167 0.062
122 V 0.102 0.023 0.016 0.018 0.016 0.018 0.023 0.03 0.01 0.145 0.176 0.028 0.065 0.036 0.016 0.036 0.04 0.006 0.019 0.178
123 A 0.163 0.028 0.028 0.028 0.016 0.023 0.034 0.048 0.018 0.057 0.064 0.037 0.018 0.039 0.023 0.098 0.092 0.008 0.077 0.101
124 N 0.044 0.096 0.149 0.044 0.01 0.03 0.04 0.04 0.085 0.078 0.058 0.052 0.017 0.023 0.018 0.052 0.083 0.005 0.022 0.054
125 E 0.067 0.037 0.094 0.057 0.012 0.037 0.147 0.044 0.02 0.044 0.048 0.051 0.015 0.019 0.022 0.129 0.051 0.005 0.016 0.082
126 Y 0.037 0.028 0.08 0.027 0.008 0.022 0.029 0.029 0.04 0.036 0.057 0.032 0.016 0.102 0.015 0.034 0.029 0.022 0.319 0.039
127 L 0.041 0.02 0.013 0.015 0.015 0.014 0.018 0.019 0.009 0.182 0.339 0.022 0.041 0.047 0.013 0.022 0.032 0.006 0.02 0.112
128 T 0.052 0.093 0.047 0.172 0.012 0.029 0.054 0.039 0.015 0.035 0.045 0.052 0.014 0.018 0.022 0.065 0.174 0.005 0.014 0.044
129 D 0.047 0.041 0.05 0.251 0.007 0.034 0.116 0.125 0.018 0.021 0.029 0.094 0.01 0.014 0.021 0.048 0.032 0.004 0.012 0.024
130 R 0.048 0.182 0.037 0.049 0.007 0.05 0.157 0.034 0.021 0.022 0.038 0.174 0.013 0.015 0.022 0.046 0.034 0.005 0.016 0.029
131 G 0.051 0.024 0.031 0.094 0.011 0.019 0.034 0.117 0.018 0.055 0.066 0.03 0.017 0.107 0.017 0.043 0.078 0.01 0.086 0.089
132 F 0.041 0.021 0.02 0.018 0.01 0.015 0.021 0.111 0.023 0.053 0.132 0.024 0.022 0.198 0.013 0.029 0.026 0.015 0.159 0.049
133 D 0.052 0.104 0.096 0.109 0.01 0.032 0.051 0.042 0.019 0.075 0.054 0.102 0.016 0.02 0.02 0.086 0.043 0.005 0.015 0.051
134 K 0.056 0.125 0.035 0.034 0.01 0.039 0.051 0.038 0.017 0.077 0.058 0.202 0.017 0.02 0.022 0.083 0.042 0.005 0.016 0.053
135 I 0.051 0.019 0.017 0.018 0.014 0.014 0.019 0.109 0.009 0.214 0.172 0.024 0.03 0.036 0.014 0.028 0.035 0.005 0.018 0.154
136 I 0.047 0.019 0.014 0.016 0.015 0.015 0.019 0.02 0.009 0.265 0.151 0.024 0.067 0.04 0.014 0.026 0.038 0.006 0.019 0.177
137 N 0.042 0.046 0.261 0.059 0.009 0.031 0.043 0.049 0.024 0.074 0.051 0.094 0.015 0.02 0.019 0.054 0.042 0.004 0.015 0.048
138 L 0.04 0.018 0.014 0.015 0.014 0.013 0.017 0.02 0.01 0.213 0.238 0.021 0.036 0.11 0.013 0.023 0.032 0.007 0.03 0.118
139 L 0.095 0.026 0.018 0.018 0.015 0.021 0.025 0.032 0.014 0.079 0.188 0.03 0.132 0.107 0.016 0.037 0.035 0.008 0.03 0.075
140 Y 0.051 0.023 0.02 0.019 0.099 0.018 0.024 0.026 0.02 0.07 0.132 0.027 0.023 0.06 0.016 0.038 0.079 0.012 0.138 0.104
141 F 0.095 0.021 0.02 0.021 0.014 0.015 0.023 0.032 0.012 0.146 0.104 0.027 0.024 0.168 0.016 0.042 0.08 0.009 0.038 0.091
142 A 0.212 0.028 0.025 0.027 0.018 0.023 0.034 0.054 0.013 0.064 0.083 0.038 0.055 0.026 0.023 0.098 0.049 0.005 0.017 0.108
143 Q 0.047 0.052 0.031 0.033 0.01 0.196 0.068 0.031 0.021 0.051 0.173 0.063 0.028 0.025 0.019 0.041 0.035 0.006 0.019 0.051
144 G 0.055 0.019 0.025 0.023 0.011 0.014 0.02 0.287 0.011 0.121 0.093 0.025 0.02 0.095 0.015 0.035 0.029 0.007 0.025 0.07
145 I 0.046 0.018 0.014 0.016 0.015 0.013 0.017 0.019 0.008 0.267 0.194 0.022 0.035 0.04 0.014 0.024 0.037 0.005 0.019 0.178
146 N 0.038 0.036 0.274 0.201 0.008 0.029 0.058 0.054 0.025 0.02 0.028 0.046 0.01 0.015 0.019 0.058 0.041 0.004 0.013 0.024
147 L 0.043 0.021 0.014 0.014 0.014 0.014 0.019 0.02 0.01 0.104 0.325 0.022 0.039 0.112 0.013 0.024 0.032 0.008 0.03 0.123
148 L 0.041 0.02 0.014 0.015 0.013 0.013 0.018 0.021 0.011 0.097 0.27 0.021 0.035 0.178 0.012 0.024 0.03 0.009 0.04 0.116
149 L 0.093 0.023 0.015 0.016 0.016 0.016 0.021 0.028 0.01 0.094 0.369 0.026 0.04 0.045 0.015 0.031 0.033 0.006 0.02 0.083
150 V 0.065 0.026 0.027 0.025 0.017 0.02 0.028 0.031 0.01 0.099 0.089 0.032 0.023 0.027 0.02 0.057 0.18 0.005 0.017 0.2
151 L 0.048 0.021 0.017 0.017 0.014 0.014 0.019 0.11 0.01 0.09 0.257 0.023 0.033 0.106 0.013 0.028 0.031 0.007 0.028 0.112
152 Y 0.038 0.034 0.027 0.024 0.008 0.065 0.039 0.027 0.097 0.037 0.061 0.038 0.018 0.14 0.015 0.033 0.027 0.017 0.215 0.038
153 Q 0.051 0.067 0.04 0.043 0.008 0.286 0.094 0.037 0.027 0.024 0.043 0.083 0.019 0.013 0.021 0.051 0.037 0.005 0.019 0.032
154 N 0.037 0.034 0.259 0.056 0.008 0.025 0.037 0.047 0.029 0.03 0.047 0.04 0.013 0.104 0.016 0.051 0.038 0.01 0.086 0.032
155 F 0.036 0.018 0.014 0.015 0.012 0.011 0.017 0.021 0.012 0.159 0.175 0.02 0.03 0.243 0.011 0.023 0.029 0.011 0.05 0.093
156 V 0.053 0.018 0.014 0.016 0.016 0.014 0.019 0.021 0.008 0.243 0.136 0.023 0.031 0.036 0.014 0.026 0.041 0.005 0.019 0.248
157 L 0.041 0.024 0.015 0.015 0.013 0.018 0.021 0.023 0.012 0.087 0.284 0.026 0.104 0.049 0.012 0.025 0.031 0.095 0.028 0.076
158 G 0.056 0.063 0.039 0.035 0.008 0.036 0.048 0.21 0.082 0.022 0.034 0.189 0.012 0.017 0.021 0.046 0.031 0.005 0.02 0.026
159 L 0.041 0.021 0.013 0.014 0.015 0.014 0.018 0.019 0.009 0.144 0.386 0.023 0.043 0.048 0.013 0.022 0.031 0.006 0.02 0.1
160 H 0.039 0.038 0.098 0.038 0.007 0.031 0.043 0.037 0.271 0.024 0.038 0.04 0.014 0.04 0.039 0.041 0.028 0.009 0.099 0.025
161 P 0.053 0.026 0.023 0.035 0.01 0.025 0.086 0.031 0.013 0.044 0.047 0.04 0.013 0.016 0.366 0.04 0.035 0.003 0.013 0.079
162 D 0.037 0.027 0.063 0.452 0.007 0.027 0.083 0.042 0.017 0.02 0.025 0.041 0.008 0.014 0.02 0.047 0.032 0.003 0.01 0.022
163 F 0.031 0.017 0.015 0.015 0.01 0.01 0.017 0.023 0.015 0.058 0.104 0.017 0.023 0.443 0.01 0.023 0.023 0.015 0.081 0.05
164 C 0.11 0.02 0.02 0.02 0.36 0.015 0.022 0.038 0.009 0.042 0.058 0.026 0.016 0.019 0.019 0.052 0.082 0.004 0.013 0.056
165 N 0.039 0.041 0.379 0.076 0.008 0.031 0.045 0.059 0.029 0.02 0.029 0.049 0.01 0.016 0.018 0.063 0.045 0.004 0.014 0.025
166 G 0.071 0.021 0.036 0.031 0.01 0.017 0.023 0.555 0.012 0.017 0.026 0.031 0.009 0.015 0.017 0.047 0.027 0.005 0.01 0.022
167 I 0.043 0.016 0.013 0.016 0.015 0.012 0.016 0.019 0.008 0.337 0.153 0.021 0.033 0.04 0.013 0.023 0.036 0.005 0.019 0.161
168 F 0.031 0.017 0.015 0.015 0.01 0.01 0.017 0.023 0.015 0.058 0.104 0.017 0.023 0.443 0.01 0.023 0.023 0.015 0.081 0.05
169 G 0.071 0.021 0.036 0.031 0.01 0.017 0.023 0.555 0.012 0.017 0.026 0.031 0.009 0.015 0.017 0.047 0.027 0.005 0.01 0.022
170 F 0.038 0.021 0.02 0.019 0.011 0.014 0.022 0.026 0.019 0.053 0.089 0.023 0.021 0.319 0.013 0.034 0.072 0.015 0.12 0.051
171 T 0.055 0.037 0.027 0.026 0.013 0.024 0.033 0.03 0.017 0.108 0.082 0.083 0.022 0.041 0.02 0.05 0.129 0.009 0.078 0.116
172 G 0.059 0.031 0.067 0.087 0.008 0.033 0.142 0.296 0.018 0.019 0.029 0.046 0.01 0.015 0.02 0.049 0.031 0.005 0.012 0.024
173 Y 0.037 0.025 0.02 0.017 0.008 0.02 0.025 0.023 0.042 0.04 0.062 0.028 0.017 0.119 0.014 0.028 0.025 0.025 0.38 0.042
174 N 0.149 0.031 0.15 0.115 0.012 0.025 0.045 0.143 0.019 0.026 0.036 0.042 0.012 0.017 0.021 0.063 0.04 0.004 0.013 0.036
175 N 0.049 0.04 0.324 0.07 0.009 0.031 0.045 0.059 0.027 0.022 0.03 0.049 0.011 0.017 0.02 0.101 0.05 0.004 0.015 0.027
176 A 0.26 0.026 0.027 0.028 0.016 0.021 0.032 0.232 0.013 0.032 0.045 0.037 0.013 0.018 0.024 0.067 0.039 0.005 0.014 0.049
177 A 0.203 0.025 0.019 0.022 0.018 0.02 0.029 0.047 0.012 0.116 0.102 0.033 0.058 0.029 0.021 0.053 0.042 0.005 0.018 0.128
178 Q 0.053 0.059 0.036 0.038 0.01 0.241 0.081 0.035 0.024 0.045 0.055 0.073 0.02 0.017 0.02 0.047 0.039 0.005 0.019 0.083
179 G 0.071 0.021 0.036 0.031 0.01 0.017 0.023 0.555 0.012 0.017 0.026 0.031 0.009 0.015 0.017 0.047 0.027 0.005 0.01 0.022
180 L 0.055 0.024 0.022 0.021 0.1 0.019 0.024 0.03 0.013 0.108 0.119 0.029 0.093 0.101 0.016 0.073 0.04 0.007 0.028 0.078
181 F 0.032 0.019 0.016 0.016 0.009 0.011 0.019 0.023 0.02 0.055 0.097 0.019 0.022 0.389 0.01 0.024 0.023 0.017 0.131 0.049
182 C 0.059 0.015 0.015 0.015 0.531 0.011 0.015 0.03 0.007 0.041 0.059 0.018 0.015 0.018 0.015 0.037 0.033 0.004 0.011 0.052
183 L 0.058 0.023 0.02 0.02 0.016 0.017 0.024 0.027 0.01 0.146 0.215 0.027 0.033 0.037 0.016 0.07 0.044 0.006 0.019 0.174
184 G 0.208 0.024 0.026 0.026 0.016 0.019 0.029 0.224 0.012 0.082 0.061 0.034 0.016 0.021 0.021 0.058 0.038 0.005 0.014 0.065
185 L 0.041 0.02 0.013 0.015 0.015 0.014 0.018 0.019 0.009 0.182 0.339 0.022 0.041 0.047 0.013 0.022 0.032 0.006 0.02 0.112
186 S 0.1 0.036 0.049 0.044 0.016 0.03 0.048 0.06 0.017 0.027 0.038 0.049 0.014 0.019 0.027 0.291 0.075 0.005 0.016 0.038
187 V 0.101 0.02 0.015 0.018 0.016 0.015 0.022 0.029 0.009 0.186 0.171 0.026 0.031 0.036 0.016 0.034 0.04 0.005 0.019 0.19
188 L 0.042 0.019 0.013 0.015 0.015 0.013 0.017 0.019 0.009 0.221 0.292 0.022 0.039 0.045 0.013 0.022 0.033 0.006 0.02 0.124
189 A 0.222 0.03 0.034 0.033 0.017 0.025 0.038 0.148 0.015 0.032 0.044 0.042 0.014 0.019 0.025 0.143 0.052 0.005 0.015 0.048
190 L 0.045 0.022 0.019 0.019 0.014 0.017 0.022 0.024 0.011 0.163 0.18 0.026 0.065 0.106 0.015 0.035 0.08 0.008 0.029 0.101
191 V 0.059 0.018 0.015 0.016 0.103 0.014 0.019 0.023 0.008 0.163 0.114 0.022 0.027 0.031 0.015 0.03 0.042 0.005 0.017 0.259
192 Y 0.041 0.026 0.079 0.026 0.095 0.02 0.027 0.03 0.034 0.037 0.056 0.03 0.016 0.085 0.015 0.036 0.03 0.018 0.257 0.041
193 Y 0.035 0.023 0.018 0.016 0.009 0.016 0.023 0.023 0.033 0.046 0.076 0.025 0.019 0.227 0.013 0.027 0.025 0.022 0.28 0.045
194 L 0.041 0.02 0.021 0.088 0.013 0.015 0.028 0.023 0.01 0.207 0.225 0.025 0.033 0.039 0.014 0.027 0.034 0.005 0.018 0.113
195 D 0.103 0.032 0.042 0.179 0.011 0.031 0.106 0.045 0.022 0.028 0.04 0.045 0.013 0.033 0.022 0.09 0.041 0.008 0.075 0.036
196 G 0.065 0.046 0.036 0.033 0.009 0.028 0.037 0.383 0.014 0.02 0.03 0.135 0.01 0.015 0.02 0.047 0.03 0.005 0.012 0.025
197 K 0.055 0.062 0.034 0.033 0.012 0.035 0.047 0.036 0.015 0.085 0.065 0.189 0.019 0.021 0.023 0.056 0.129 0.005 0.016 0.063
198 W 0.028 0.021 0.014 0.014 0.007 0.014 0.021 0.028 0.014 0.028 0.048 0.021 0.014 0.055 0.007 0.021 0.021 0.539 0.062 0.028
199 G 0.075 0.03 0.042 0.036 0.011 0.024 0.036 0.303 0.081 0.021 0.031 0.039 0.011 0.018 0.02 0.127 0.042 0.005 0.019 0.027
200 P 0.103 0.038 0.026 0.028 0.013 0.025 0.037 0.039 0.013 0.044 0.108 0.087 0.019 0.021 0.195 0.052 0.082 0.004 0.015 0.05
201 L 0.092 0.024 0.017 0.018 0.014 0.018 0.023 0.031 0.014 0.074 0.175 0.027 0.097 0.174 0.015 0.035 0.032 0.009 0.04 0.07
202 K 0.047 0.186 0.033 0.031 0.009 0.041 0.051 0.033 0.018 0.076 0.059 0.212 0.017 0.019 0.021 0.042 0.035 0.005 0.016 0.051
203 S 0.091 0.035 0.044 0.04 0.016 0.029 0.044 0.054 0.017 0.038 0.062 0.046 0.051 0.023 0.025 0.248 0.068 0.005 0.017 0.046
204 F 0.036 0.019 0.014 0.015 0.012 0.012 0.017 0.021 0.012 0.12 0.221 0.02 0.032 0.245 0.011 0.023 0.028 0.011 0.05 0.081
205 L 0.101 0.024 0.021 0.021 0.015 0.018 0.026 0.032 0.016 0.12 0.146 0.03 0.026 0.047 0.018 0.044 0.083 0.009 0.078 0.125
206 L 0.098 0.023 0.016 0.018 0.016 0.018 0.023 0.029 0.01 0.138 0.228 0.027 0.068 0.039 0.016 0.034 0.037 0.006 0.019 0.136
207 L 0.042 0.019 0.013 0.015 0.015 0.013 0.017 0.019 0.009 0.221 0.292 0.022 0.039 0.045 0.013 0.022 0.033 0.006 0.02 0.124
208 G 0.112 0.022 0.026 0.025 0.014 0.017 0.024 0.296 0.011 0.058 0.114 0.03 0.019 0.024 0.018 0.045 0.034 0.005 0.014 0.092
209 L 0.049 0.023 0.019 0.019 0.015 0.017 0.022 0.025 0.011 0.132 0.174 0.027 0.064 0.105 0.015 0.036 0.081 0.007 0.029 0.13
210 S 0.094 0.036 0.048 0.043 0.016 0.029 0.046 0.057 0.017 0.031 0.042 0.048 0.015 0.019 0.027 0.256 0.115 0.005 0.016 0.042
211 C 0.066 0.018 0.021 0.02 0.445 0.014 0.02 0.035 0.009 0.038 0.056 0.024 0.015 0.019 0.017 0.079 0.04 0.004 0.012 0.049
212 V 0.109 0.021 0.016 0.018 0.017 0.016 0.023 0.03 0.009 0.163 0.113 0.026 0.027 0.032 0.017 0.037 0.044 0.005 0.018 0.261
213 I 0.046 0.017 0.014 0.016 0.015 0.013 0.017 0.019 0.008 0.306 0.147 0.022 0.033 0.039 0.014 0.024 0.038 0.005 0.019 0.19
214 C 0.059 0.015 0.015 0.015 0.531 0.011 0.015 0.03 0.007 0.041 0.059 0.018 0.015 0.018 0.015 0.037 0.033 0.004 0.011 0.052
215 A 0.355 0.028 0.023 0.027 0.02 0.023 0.037 0.071 0.013 0.039 0.054 0.04 0.016 0.02 0.027 0.077 0.045 0.005 0.016 0.063
216 L 0.045 0.02 0.014 0.015 0.014 0.013 0.019 0.022 0.011 0.104 0.218 0.021 0.032 0.175 0.013 0.025 0.033 0.009 0.04 0.158
217 A 0.227 0.032 0.036 0.036 0.018 0.027 0.042 0.066 0.015 0.033 0.046 0.045 0.015 0.019 0.027 0.184 0.06 0.005 0.016 0.05
218 E 0.05 0.045 0.037 0.082 0.007 0.059 0.36 0.032 0.023 0.02 0.033 0.069 0.012 0.015 0.023 0.05 0.033 0.005 0.015 0.028
219 I 0.046 0.017 0.014 0.016 0.015 0.013 0.017 0.019 0.008 0.306 0.147 0.022 0.033 0.039 0.014 0.024 0.038 0.005 0.019 0.19
220 K 0.052 0.097 0.038 0.038 0.008 0.049 0.064 0.039 0.019 0.025 0.039 0.344 0.014 0.014 0.025 0.049 0.036 0.005 0.016 0.03
221 I 0.15 0.021 0.017 0.02 0.017 0.016 0.024 0.037 0.01 0.207 0.114 0.028 0.027 0.032 0.018 0.042 0.041 0.005 0.018 0.157
222 Y 0.035 0.023 0.018 0.016 0.009 0.016 0.023 0.023 0.033 0.046 0.076 0.025 0.019 0.227 0.013 0.027 0.025 0.022 0.28 0.045
223 F 0.034 0.021 0.018 0.016 0.009 0.015 0.021 0.023 0.029 0.049 0.083 0.023 0.02 0.281 0.012 0.026 0.024 0.02 0.23 0.046
224 V 0.057 0.019 0.014 0.016 0.017 0.014 0.019 0.021 0.008 0.212 0.13 0.023 0.03 0.035 0.014 0.028 0.042 0.005 0.019 0.277
225 L 0.045 0.021 0.013 0.015 0.015 0.014 0.018 0.02 0.009 0.151 0.333 0.023 0.04 0.045 0.013 0.024 0.034 0.006 0.02 0.141
226 F 0.036 0.019 0.014 0.015 0.012 0.012 0.017 0.021 0.012 0.12 0.221 0.02 0.032 0.245 0.011 0.023 0.028 0.011 0.05 0.081
227 I 0.098 0.02 0.015 0.018 0.016 0.015 0.021 0.028 0.009 0.218 0.177 0.025 0.032 0.037 0.016 0.033 0.038 0.005 0.019 0.161
228 L 0.053 0.021 0.022 0.021 0.014 0.016 0.022 0.113 0.011 0.119 0.149 0.026 0.026 0.1 0.016 0.038 0.079 0.007 0.027 0.12
229 L 0.062 0.023 0.023 0.022 0.101 0.017 0.024 0.118 0.01 0.074 0.184 0.028 0.026 0.031 0.017 0.075 0.04 0.005 0.016 0.104
230 I 0.096 0.02 0.016 0.017 0.015 0.014 0.021 0.029 0.01 0.171 0.169 0.025 0.03 0.104 0.015 0.033 0.036 0.007 0.029 0.143
231 I 0.047 0.019 0.014 0.016 0.015 0.013 0.018 0.021 0.009 0.189 0.18 0.022 0.032 0.106 0.013 0.025 0.036 0.007 0.029 0.188
232 L 0.098 0.022 0.018 0.019 0.015 0.016 0.022 0.117 0.01 0.118 0.255 0.027 0.032 0.037 0.016 0.035 0.033 0.006 0.018 0.085
233 I 0.096 0.019 0.016 0.018 0.015 0.014 0.021 0.029 0.01 0.21 0.122 0.024 0.028 0.103 0.015 0.033 0.037 0.007 0.029 0.155
234 L 0.042 0.018 0.014 0.015 0.013 0.012 0.018 0.021 0.011 0.174 0.177 0.021 0.031 0.175 0.012 0.024 0.032 0.009 0.04 0.141
235 L 0.098 0.023 0.016 0.018 0.016 0.018 0.023 0.029 0.01 0.138 0.228 0.027 0.068 0.039 0.016 0.034 0.037 0.006 0.019 0.136
236 L 0.038 0.019 0.014 0.015 0.013 0.013 0.018 0.02 0.011 0.128 0.276 0.021 0.036 0.179 0.012 0.023 0.029 0.009 0.04 0.087
237 R 0.045 0.183 0.041 0.104 0.007 0.083 0.067 0.036 0.021 0.023 0.039 0.172 0.014 0.014 0.021 0.046 0.034 0.005 0.015 0.028
238 K 0.051 0.109 0.029 0.027 0.095 0.03 0.039 0.119 0.016 0.031 0.052 0.144 0.015 0.087 0.018 0.041 0.031 0.006 0.025 0.035
239 N 0.055 0.037 0.152 0.047 0.012 0.029 0.041 0.046 0.086 0.038 0.061 0.044 0.051 0.024 0.02 0.095 0.09 0.005 0.022 0.043
240 S 0.073 0.044 0.101 0.056 0.012 0.078 0.107 0.052 0.022 0.024 0.037 0.058 0.014 0.017 0.024 0.173 0.057 0.005 0.016 0.033
241 P 0.059 0.089 0.029 0.028 0.013 0.024 0.034 0.035 0.014 0.055 0.066 0.046 0.018 0.091 0.106 0.085 0.087 0.006 0.027 0.091
242 K 0.112 0.063 0.033 0.033 0.013 0.036 0.05 0.045 0.016 0.049 0.055 0.191 0.017 0.019 0.024 0.091 0.046 0.005 0.016 0.088
243 L 0.045 0.043 0.026 0.041 0.01 0.036 0.141 0.027 0.021 0.052 0.172 0.093 0.024 0.044 0.019 0.037 0.032 0.009 0.078 0.051
244 R 0.043 0.238 0.033 0.029 0.008 0.04 0.048 0.032 0.019 0.029 0.052 0.172 0.016 0.086 0.019 0.04 0.032 0.007 0.027 0.032
245 K 0.043 0.108 0.025 0.025 0.01 0.029 0.038 0.028 0.015 0.134 0.088 0.143 0.022 0.094 0.017 0.034 0.033 0.007 0.028 0.077
246 R 0.044 0.302 0.036 0.031 0.007 0.046 0.053 0.033 0.02 0.022 0.041 0.187 0.014 0.015 0.02 0.043 0.033 0.005 0.016 0.029
247 I 0.042 0.021 0.074 0.026 0.014 0.016 0.021 0.026 0.012 0.246 0.179 0.026 0.032 0.038 0.014 0.029 0.037 0.005 0.018 0.126
248 I 0.104 0.022 0.021 0.023 0.016 0.017 0.025 0.034 0.01 0.236 0.117 0.029 0.027 0.033 0.018 0.077 0.044 0.005 0.018 0.124
249 A 0.167 0.041 0.033 0.032 0.016 0.028 0.042 0.054 0.015 0.044 0.109 0.091 0.02 0.024 0.024 0.134 0.051 0.005 0.017 0.053
250 I 0.049 0.02 0.022 0.021 0.013 0.015 0.021 0.112 0.011 0.189 0.108 0.026 0.025 0.1 0.015 0.037 0.079 0.007 0.027 0.103
251 I 0.151 0.021 0.02 0.022 0.016 0.017 0.024 0.126 0.011 0.185 0.099 0.029 0.023 0.029 0.019 0.045 0.038 0.005 0.016 0.105
252 A 0.205 0.024 0.019 0.021 0.018 0.019 0.029 0.046 0.011 0.087 0.139 0.032 0.025 0.029 0.021 0.052 0.043 0.005 0.018 0.158
253 G 0.06 0.021 0.022 0.021 0.014 0.017 0.022 0.2 0.01 0.127 0.103 0.027 0.057 0.03 0.015 0.035 0.036 0.005 0.016 0.16
254 L 0.05 0.02 0.017 0.018 0.014 0.014 0.019 0.109 0.009 0.175 0.219 0.024 0.032 0.038 0.014 0.028 0.034 0.006 0.018 0.142
255 V 0.12 0.027 0.027 0.027 0.017 0.021 0.032 0.043 0.012 0.083 0.133 0.035 0.024 0.029 0.021 0.123 0.052 0.005 0.018 0.149
256 L 0.049 0.021 0.018 0.018 0.015 0.016 0.021 0.023 0.009 0.18 0.225 0.026 0.034 0.039 0.015 0.034 0.082 0.006 0.019 0.149
257 L 0.044 0.021 0.013 0.014 0.015 0.015 0.019 0.02 0.009 0.122 0.368 0.023 0.042 0.046 0.013 0.023 0.033 0.006 0.02 0.132
258 L 0.036 0.02 0.014 0.015 0.012 0.012 0.018 0.021 0.012 0.081 0.268 0.02 0.034 0.246 0.011 0.023 0.027 0.011 0.05 0.069
259 Y 0.046 0.023 0.017 0.016 0.012 0.017 0.023 0.022 0.025 0.087 0.143 0.026 0.026 0.079 0.014 0.028 0.033 0.015 0.2 0.148
260 I 0.041 0.016 0.014 0.016 0.014 0.012 0.016 0.019 0.009 0.291 0.144 0.021 0.032 0.107 0.013 0.023 0.034 0.007 0.029 0.142
261 A 0.307 0.027 0.025 0.028 0.018 0.022 0.035 0.152 0.013 0.036 0.049 0.039 0.015 0.019 0.025 0.072 0.042 0.005 0.015 0.056
262 Y 0.036 0.024 0.019 0.017 0.009 0.018 0.024 0.023 0.038 0.043 0.069 0.027 0.018 0.173 0.013 0.027 0.025 0.024 0.33 0.044
263 K 0.045 0.112 0.086 0.035 0.01 0.033 0.042 0.034 0.017 0.128 0.076 0.148 0.02 0.023 0.019 0.041 0.037 0.005 0.016 0.072
264 I 0.042 0.018 0.013 0.015 0.015 0.013 0.017 0.019 0.008 0.26 0.246 0.022 0.037 0.043 0.013 0.023 0.034 0.006 0.019 0.136
265 L 0.041 0.02 0.013 0.015 0.015 0.014 0.018 0.019 0.009 0.182 0.339 0.022 0.041 0.047 0.013 0.022 0.032 0.006 0.02 0.112
266 E 0.107 0.034 0.03 0.045 0.013 0.035 0.142 0.04 0.017 0.05 0.128 0.047 0.056 0.027 0.021 0.087 0.042 0.006 0.017 0.055
267 I 0.048 0.092 0.023 0.023 0.013 0.066 0.037 0.025 0.014 0.16 0.115 0.049 0.061 0.031 0.016 0.033 0.037 0.006 0.019 0.133
268 V 0.053 0.018 0.014 0.016 0.016 0.014 0.019 0.021 0.008 0.243 0.136 0.023 0.031 0.036 0.014 0.026 0.041 0.005 0.019 0.248
269 L 0.036 0.02 0.014 0.015 0.012 0.012 0.018 0.021 0.012 0.081 0.268 0.02 0.034 0.246 0.011 0.023 0.027 0.011 0.05 0.069
270 P 0.052 0.023 0.021 0.028 0.009 0.019 0.033 0.033 0.012 0.023 0.033 0.038 0.009 0.012 0.54 0.04 0.033 0.002 0.012 0.028
271 E 0.044 0.042 0.096 0.125 0.007 0.08 0.161 0.038 0.027 0.024 0.038 0.056 0.013 0.032 0.02 0.048 0.034 0.008 0.076 0.03
272 N 0.039 0.041 0.379 0.076 0.008 0.031 0.045 0.059 0.029 0.02 0.029 0.049 0.01 0.016 0.018 0.063 0.045 0.004 0.014 0.025
273 L 0.048 0.021 0.014 0.015 0.016 0.015 0.019 0.02 0.009 0.12 0.328 0.023 0.04 0.044 0.014 0.025 0.035 0.006 0.02 0.17
274 Y 0.093 0.04 0.083 0.032 0.01 0.027 0.037 0.04 0.031 0.034 0.051 0.086 0.015 0.068 0.019 0.046 0.034 0.015 0.198 0.041
275 T 0.114 0.03 0.034 0.032 0.016 0.023 0.035 0.045 0.014 0.045 0.062 0.038 0.018 0.091 0.023 0.107 0.181 0.007 0.027 0.057
276 F 0.035 0.02 0.015 0.016 0.011 0.013 0.019 0.023 0.014 0.071 0.171 0.021 0.062 0.311 0.011 0.025 0.027 0.013 0.061 0.062
277 F 0.031 0.017 0.015 0.015 0.01 0.01 0.017 0.023 0.015 0.058 0.104 0.017 0.023 0.443 0.01 0.023 0.023 0.015 0.081 0.05
278 S 0.069 0.036 0.161 0.123 0.012 0.03 0.053 0.057 0.021 0.024 0.033 0.048 0.012 0.017 0.023 0.174 0.058 0.004 0.014 0.031
279 L 0.045 0.02 0.013 0.015 0.015 0.014 0.018 0.02 0.008 0.19 0.287 0.023 0.038 0.044 0.013 0.024 0.035 0.006 0.02 0.153
280 D 0.11 0.044 0.042 0.113 0.012 0.036 0.105 0.047 0.017 0.03 0.042 0.097 0.014 0.017 0.025 0.1 0.089 0.005 0.015 0.041
281 G 0.104 0.039 0.041 0.102 0.01 0.028 0.047 0.216 0.081 0.023 0.034 0.088 0.012 0.017 0.021 0.051 0.032 0.005 0.019 0.03
282 Y 0.09 0.026 0.02 0.019 0.01 0.02 0.027 0.031 0.038 0.04 0.061 0.03 0.017 0.102 0.016 0.037 0.029 0.022 0.319 0.046
283 L 0.042 0.022 0.014 0.015 0.015 0.016 0.019 0.02 0.01 0.141 0.343 0.024 0.075 0.047 0.013 0.024 0.032 0.006 0.02 0.099
284 R 0.102 0.154 0.036 0.099 0.012 0.031 0.047 0.042 0.017 0.039 0.106 0.062 0.019 0.022 0.02 0.086 0.041 0.005 0.016 0.044
285 Y 0.037 0.025 0.02 0.017 0.008 0.02 0.025 0.023 0.042 0.04 0.062 0.028 0.017 0.119 0.014 0.028 0.025 0.025 0.38 0.042
286 E 0.046 0.039 0.045 0.205 0.007 0.048 0.268 0.035 0.021 0.02 0.031 0.059 0.011 0.015 0.022 0.049 0.033 0.004 0.013 0.026
287 G 0.062 0.043 0.153 0.049 0.01 0.029 0.041 0.221 0.02 0.021 0.031 0.092 0.011 0.016 0.021 0.093 0.042 0.005 0.013 0.027
288 R 0.039 0.278 0.03 0.024 0.008 0.036 0.04 0.027 0.028 0.027 0.049 0.082 0.015 0.05 0.016 0.036 0.03 0.012 0.137 0.033
289 G 0.079 0.03 0.041 0.036 0.014 0.024 0.036 0.218 0.014 0.031 0.041 0.04 0.014 0.018 0.023 0.141 0.139 0.005 0.014 0.042
290 D 0.108 0.033 0.046 0.182 0.012 0.032 0.108 0.048 0.017 0.029 0.039 0.047 0.013 0.017 0.024 0.1 0.089 0.004 0.014 0.04
291 H 0.042 0.046 0.053 0.038 0.008 0.038 0.053 0.038 0.355 0.023 0.038 0.046 0.015 0.03 0.019 0.042 0.027 0.008 0.057 0.023
292 G 0.078 0.023 0.039 0.034 0.011 0.019 0.026 0.51 0.014 0.019 0.028 0.034 0.009 0.016 0.019 0.051 0.03 0.005 0.011 0.024
293 Y 0.043 0.022 0.021 0.019 0.01 0.016 0.022 0.111 0.027 0.088 0.078 0.026 0.019 0.142 0.014 0.03 0.027 0.017 0.208 0.06
294 V 0.07 0.022 0.016 0.018 0.019 0.016 0.023 0.025 0.008 0.165 0.13 0.026 0.032 0.036 0.016 0.033 0.049 0.006 0.021 0.269
295 G 0.078 0.023 0.039 0.034 0.011 0.019 0.026 0.51 0.014 0.019 0.028 0.034 0.009 0.016 0.019 0.051 0.03 0.005 0.011 0.024
296 G 0.078 0.023 0.039 0.034 0.011 0.019 0.026 0.51 0.014 0.019 0.028 0.034 0.009 0.016 0.019 0.051 0.03 0.005 0.011 0.024
297 G 0.078 0.023 0.039 0.034 0.011 0.019 0.026 0.51 0.014 0.019 0.028 0.034 0.009 0.016 0.019 0.051 0.03 0.005 0.011 0.024
298 A 0.303 0.028 0.022 0.026 0.019 0.024 0.035 0.064 0.014 0.048 0.075 0.039 0.053 0.024 0.025 0.07 0.044 0.005 0.017 0.066
299 G 0.071 0.021 0.036 0.031 0.01 0.017 0.023 0.555 0.012 0.017 0.026 0.031 0.009 0.015 0.017 0.047 0.027 0.005 0.01 0.022
300 R 0.041 0.405 0.035 0.028 0.007 0.044 0.048 0.03 0.021 0.021 0.042 0.109 0.014 0.016 0.018 0.041 0.032 0.005 0.016 0.028
301 L 0.053 0.027 0.026 0.024 0.015 0.02 0.027 0.029 0.011 0.077 0.246 0.032 0.032 0.036 0.019 0.053 0.173 0.006 0.018 0.076
302 N 0.039 0.041 0.379 0.076 0.008 0.031 0.045 0.059 0.029 0.02 0.029 0.049 0.01 0.016 0.018 0.063 0.045 0.004 0.014 0.025
303 T 0.12 0.03 0.034 0.032 0.017 0.024 0.036 0.045 0.013 0.06 0.065 0.04 0.019 0.023 0.024 0.108 0.185 0.005 0.017 0.105
304 I 0.041 0.016 0.014 0.016 0.014 0.012 0.016 0.019 0.009 0.291 0.144 0.021 0.032 0.107 0.013 0.023 0.034 0.007 0.029 0.142
305 P 0.068 0.035 0.034 0.036 0.011 0.067 0.048 0.043 0.016 0.025 0.036 0.049 0.013 0.014 0.282 0.125 0.048 0.004 0.014 0.032
306 F 0.034 0.021 0.018 0.016 0.009 0.015 0.021 0.023 0.029 0.049 0.083 0.023 0.02 0.281 0.012 0.026 0.024 0.02 0.23 0.046
307 I 0.049 0.018 0.014 0.016 0.016 0.013 0.018 0.02 0.008 0.236 0.188 0.022 0.034 0.039 0.014 0.025 0.038 0.005 0.019 0.207
308 Y 0.035 0.025 0.077 0.025 0.009 0.018 0.025 0.029 0.025 0.048 0.123 0.028 0.021 0.134 0.013 0.031 0.028 0.103 0.156 0.046
309 E 0.057 0.036 0.097 0.125 0.01 0.037 0.153 0.041 0.02 0.043 0.046 0.05 0.014 0.019 0.021 0.089 0.044 0.005 0.015 0.079
310 N 0.043 0.037 0.215 0.125 0.009 0.03 0.05 0.049 0.088 0.025 0.034 0.045 0.012 0.019 0.02 0.06 0.084 0.005 0.02 0.03
311 L 0.048 0.021 0.014 0.015 0.016 0.015 0.019 0.02 0.009 0.12 0.328 0.023 0.04 0.044 0.014 0.025 0.035 0.006 0.02 0.17
312 F 0.031 0.017 0.015 0.015 0.01 0.01 0.017 0.023 0.015 0.058 0.104 0.017 0.023 0.443 0.01 0.023 0.023 0.015 0.081 0.05
313 G 0.048 0.107 0.039 0.101 0.008 0.074 0.056 0.121 0.023 0.025 0.04 0.106 0.013 0.032 0.019 0.044 0.032 0.008 0.075 0.029
314 N 0.053 0.058 0.154 0.05 0.009 0.037 0.051 0.048 0.072 0.024 0.036 0.145 0.013 0.022 0.022 0.092 0.044 0.006 0.035 0.029
315 N 0.091 0.034 0.214 0.193 0.01 0.028 0.056 0.056 0.022 0.024 0.032 0.045 0.011 0.016 0.02 0.06 0.041 0.004 0.013 0.03
316 P 0.044 0.022 0.019 0.022 0.01 0.016 0.026 0.027 0.017 0.084 0.07 0.03 0.017 0.106 0.276 0.032 0.031 0.009 0.086 0.056
317 L 0.042 0.018 0.014 0.015 0.013 0.012 0.018 0.021 0.011 0.174 0.177 0.021 0.031 0.175 0.012 0.024 0.032 0.009 0.04 0.141
318 R 0.054 0.232 0.038 0.041 0.009 0.045 0.103 0.037 0.021 0.023 0.04 0.132 0.014 0.016 0.021 0.085 0.04 0.005 0.016 0.03
319 A 0.17 0.03 0.033 0.032 0.017 0.024 0.037 0.054 0.014 0.086 0.066 0.04 0.019 0.023 0.024 0.141 0.098 0.005 0.016 0.071
320 L 0.041 0.021 0.013 0.014 0.015 0.014 0.018 0.019 0.009 0.144 0.386 0.023 0.043 0.048 0.013 0.022 0.031 0.006 0.02 0.1
