#Seq2Logo.py -f /work3/idamei/ssn-clusterings/clustering/2205111339/clusters/0004_427/sequences.afa -o /work3/idamei/ssn-clusterings/clustering/2205111339/clusters/0004_427/sequences.logo
#Position Specific Frequency Matrix
A R N D C Q E G H I L K M F P S T W Y V
0 L 0.052 0.032 0.02 0.02 0.016 0.028 0.028 0.028 0.016 0.1 0.195 0.036 0.167 0.048 0.016 0.036 0.04 0.008 0.024 0.092
1 E 0.055 0.049 0.04 0.09 0.007 0.064 0.302 0.035 0.026 0.022 0.037 0.075 0.013 0.016 0.026 0.055 0.037 0.005 0.016 0.031
2 Y 0.04 0.028 0.022 0.019 0.009 0.022 0.028 0.025 0.046 0.043 0.068 0.031 0.019 0.13 0.015 0.031 0.028 0.028 0.323 0.046
3 L 0.039 0.021 0.015 0.016 0.013 0.013 0.019 0.023 0.013 0.089 0.247 0.022 0.037 0.223 0.012 0.025 0.029 0.012 0.055 0.075
4 L 0.077 0.032 0.034 0.032 0.017 0.025 0.036 0.043 0.015 0.072 0.211 0.039 0.032 0.038 0.022 0.125 0.057 0.006 0.02 0.069
5 I 0.047 0.018 0.015 0.018 0.016 0.013 0.018 0.02 0.009 0.276 0.167 0.023 0.037 0.044 0.015 0.025 0.04 0.006 0.02 0.175
6 L 0.044 0.024 0.014 0.015 0.016 0.016 0.02 0.021 0.01 0.115 0.38 0.025 0.049 0.054 0.014 0.024 0.033 0.007 0.022 0.095
7 F 0.034 0.019 0.017 0.017 0.011 0.011 0.019 0.025 0.017 0.063 0.113 0.019 0.025 0.391 0.011 0.025 0.025 0.017 0.088 0.055
8 F 0.04 0.02 0.016 0.017 0.013 0.013 0.019 0.023 0.013 0.129 0.193 0.022 0.034 0.22 0.012 0.025 0.031 0.012 0.055 0.095
9 V 0.069 0.022 0.016 0.018 0.019 0.016 0.023 0.025 0.008 0.163 0.129 0.026 0.031 0.035 0.016 0.033 0.049 0.005 0.02 0.274
10 I 0.047 0.018 0.015 0.018 0.016 0.013 0.018 0.02 0.009 0.276 0.167 0.023 0.037 0.044 0.015 0.025 0.04 0.006 0.02 0.175
11 L 0.059 0.023 0.021 0.02 0.015 0.017 0.022 0.145 0.01 0.103 0.229 0.027 0.035 0.04 0.016 0.033 0.036 0.006 0.019 0.122
12 F 0.107 0.021 0.019 0.02 0.133 0.015 0.024 0.04 0.014 0.053 0.088 0.026 0.021 0.206 0.017 0.044 0.034 0.011 0.051 0.058
13 S 0.156 0.038 0.047 0.044 0.018 0.031 0.049 0.069 0.018 0.033 0.046 0.051 0.016 0.021 0.029 0.19 0.073 0.005 0.017 0.048
14 V 0.053 0.023 0.018 0.018 0.014 0.016 0.023 0.025 0.02 0.108 0.11 0.025 0.027 0.148 0.015 0.03 0.038 0.014 0.113 0.162
15 L 0.048 0.028 0.017 0.018 0.016 0.022 0.024 0.025 0.013 0.107 0.288 0.03 0.108 0.051 0.015 0.03 0.037 0.007 0.023 0.094
16 D 0.075 0.035 0.061 0.225 0.012 0.031 0.071 0.056 0.019 0.026 0.035 0.049 0.012 0.018 0.026 0.139 0.058 0.004 0.014 0.033
17 I 0.047 0.018 0.015 0.018 0.016 0.013 0.018 0.02 0.009 0.276 0.167 0.023 0.037 0.044 0.015 0.025 0.04 0.006 0.02 0.175
18 F 0.035 0.021 0.018 0.017 0.01 0.013 0.021 0.025 0.024 0.058 0.102 0.022 0.024 0.326 0.012 0.027 0.026 0.02 0.147 0.053
19 V 0.071 0.029 0.03 0.028 0.018 0.022 0.031 0.034 0.011 0.109 0.097 0.036 0.026 0.03 0.022 0.063 0.149 0.006 0.019 0.171
20 E 0.055 0.05 0.04 0.09 0.007 0.064 0.298 0.035 0.026 0.022 0.037 0.075 0.013 0.017 0.026 0.055 0.037 0.005 0.017 0.031
21 D 0.041 0.03 0.069 0.399 0.007 0.03 0.091 0.046 0.019 0.022 0.028 0.045 0.009 0.015 0.022 0.052 0.035 0.004 0.011 0.024
22 N 0.05 0.076 0.18 0.062 0.009 0.043 0.06 0.054 0.026 0.025 0.037 0.167 0.013 0.017 0.024 0.061 0.044 0.005 0.016 0.03
23 K 0.057 0.106 0.041 0.041 0.009 0.053 0.07 0.043 0.021 0.027 0.043 0.283 0.015 0.015 0.027 0.053 0.039 0.005 0.017 0.033
24 R 0.054 0.21 0.04 0.035 0.01 0.044 0.053 0.038 0.02 0.032 0.05 0.142 0.016 0.018 0.023 0.058 0.09 0.006 0.017 0.041
25 R 0.044 0.35 0.039 0.031 0.008 0.048 0.052 0.033 0.023 0.023 0.046 0.119 0.015 0.017 0.019 0.044 0.035 0.006 0.017 0.031
26 N 0.042 0.045 0.322 0.082 0.009 0.033 0.049 0.065 0.031 0.022 0.031 0.053 0.011 0.018 0.02 0.069 0.049 0.004 0.016 0.027
27 L 0.17 0.027 0.02 0.022 0.019 0.021 0.03 0.049 0.012 0.079 0.22 0.035 0.033 0.038 0.022 0.054 0.041 0.006 0.02 0.082
28 I 0.048 0.021 0.016 0.018 0.016 0.017 0.02 0.022 0.011 0.232 0.174 0.027 0.069 0.045 0.015 0.028 0.04 0.006 0.021 0.154
29 Y 0.04 0.028 0.022 0.019 0.009 0.022 0.028 0.025 0.046 0.043 0.068 0.031 0.019 0.13 0.015 0.031 0.028 0.028 0.323 0.046
30 F 0.102 0.022 0.018 0.02 0.015 0.015 0.024 0.037 0.014 0.111 0.113 0.026 0.026 0.212 0.016 0.04 0.035 0.011 0.054 0.088
31 F 0.036 0.02 0.016 0.016 0.012 0.012 0.019 0.024 0.015 0.076 0.18 0.02 0.031 0.307 0.011 0.025 0.027 0.014 0.072 0.065
32 P 0.057 0.026 0.023 0.031 0.01 0.021 0.036 0.036 0.013 0.026 0.036 0.041 0.01 0.013 0.494 0.044 0.036 0.003 0.013 0.031
33 L 0.045 0.021 0.014 0.016 0.016 0.015 0.019 0.021 0.009 0.195 0.273 0.024 0.043 0.049 0.014 0.024 0.036 0.006 0.021 0.135
34 C 0.067 0.019 0.016 0.017 0.253 0.014 0.02 0.028 0.008 0.104 0.097 0.023 0.024 0.028 0.016 0.037 0.043 0.005 0.016 0.165
35 L 0.042 0.021 0.015 0.016 0.015 0.014 0.019 0.022 0.011 0.142 0.26 0.023 0.04 0.136 0.013 0.025 0.033 0.009 0.038 0.105
36 C 0.061 0.018 0.016 0.017 0.253 0.013 0.018 0.027 0.008 0.132 0.106 0.022 0.025 0.03 0.016 0.035 0.04 0.005 0.016 0.141
37 L 0.044 0.024 0.014 0.015 0.016 0.016 0.02 0.021 0.01 0.115 0.38 0.025 0.049 0.054 0.014 0.024 0.033 0.007 0.022 0.095
38 V 0.058 0.02 0.015 0.018 0.018 0.015 0.02 0.022 0.008 0.22 0.148 0.025 0.034 0.04 0.015 0.029 0.044 0.006 0.02 0.225
39 V 0.056 0.024 0.017 0.018 0.017 0.019 0.023 0.024 0.011 0.18 0.163 0.028 0.079 0.042 0.016 0.031 0.043 0.006 0.022 0.181
40 F 0.033 0.019 0.017 0.017 0.01 0.01 0.019 0.025 0.017 0.063 0.113 0.019 0.025 0.393 0.01 0.025 0.025 0.017 0.088 0.054
41 C 0.157 0.029 0.032 0.031 0.176 0.023 0.036 0.058 0.014 0.039 0.055 0.039 0.016 0.021 0.025 0.117 0.056 0.005 0.016 0.055
42 G 0.078 0.023 0.039 0.033 0.011 0.019 0.025 0.515 0.013 0.019 0.028 0.033 0.009 0.016 0.019 0.051 0.029 0.005 0.011 0.024
43 T 0.072 0.035 0.043 0.037 0.018 0.027 0.039 0.043 0.014 0.053 0.064 0.045 0.02 0.023 0.027 0.092 0.254 0.006 0.018 0.07
44 R 0.044 0.351 0.038 0.031 0.008 0.048 0.052 0.033 0.023 0.023 0.046 0.119 0.015 0.017 0.019 0.044 0.035 0.006 0.017 0.031
45 F 0.036 0.022 0.018 0.017 0.01 0.014 0.022 0.025 0.027 0.056 0.098 0.023 0.023 0.305 0.012 0.027 0.026 0.02 0.167 0.052
46 E 0.055 0.057 0.041 0.075 0.008 0.117 0.236 0.037 0.027 0.023 0.04 0.08 0.015 0.016 0.025 0.055 0.038 0.006 0.018 0.032
47 T 0.072 0.035 0.043 0.037 0.018 0.027 0.039 0.043 0.014 0.053 0.064 0.045 0.02 0.023 0.027 0.092 0.254 0.006 0.018 0.07
48 G 0.078 0.023 0.039 0.033 0.011 0.019 0.025 0.515 0.013 0.019 0.028 0.033 0.009 0.016 0.019 0.051 0.029 0.005 0.011 0.024
49 N 0.064 0.043 0.234 0.071 0.012 0.033 0.05 0.065 0.027 0.025 0.035 0.053 0.013 0.019 0.023 0.122 0.06 0.005 0.016 0.032
50 D 0.041 0.03 0.068 0.403 0.007 0.03 0.09 0.046 0.019 0.022 0.028 0.044 0.009 0.015 0.022 0.052 0.035 0.004 0.011 0.024
51 W 0.03 0.022 0.015 0.015 0.008 0.015 0.022 0.03 0.015 0.03 0.052 0.022 0.015 0.06 0.008 0.022 0.022 0.497 0.068 0.03
52 T 0.058 0.085 0.031 0.029 0.014 0.03 0.037 0.035 0.016 0.059 0.1 0.054 0.067 0.029 0.101 0.057 0.11 0.006 0.019 0.064
53 G 0.181 0.028 0.037 0.093 0.015 0.024 0.044 0.218 0.015 0.031 0.043 0.041 0.013 0.018 0.025 0.068 0.04 0.005 0.014 0.046
54 Y 0.04 0.028 0.022 0.019 0.009 0.022 0.028 0.025 0.046 0.043 0.068 0.031 0.019 0.13 0.015 0.031 0.028 0.028 0.325 0.046
55 V 0.066 0.043 0.034 0.034 0.015 0.089 0.055 0.036 0.017 0.081 0.08 0.054 0.024 0.024 0.022 0.06 0.115 0.006 0.019 0.127
56 D 0.068 0.047 0.055 0.166 0.011 0.095 0.081 0.051 0.022 0.026 0.039 0.063 0.015 0.017 0.025 0.112 0.052 0.005 0.016 0.033
57 T 0.071 0.031 0.034 0.031 0.018 0.024 0.034 0.037 0.012 0.09 0.086 0.039 0.023 0.027 0.024 0.072 0.186 0.006 0.019 0.139
58 F 0.033 0.019 0.017 0.017 0.01 0.01 0.019 0.025 0.017 0.063 0.113 0.019 0.025 0.393 0.01 0.025 0.025 0.017 0.088 0.054
59 N 0.044 0.05 0.191 0.182 0.008 0.035 0.066 0.055 0.025 0.023 0.032 0.089 0.011 0.016 0.022 0.061 0.043 0.004 0.014 0.027
60 A 0.209 0.036 0.123 0.047 0.017 0.028 0.043 0.074 0.02 0.036 0.05 0.048 0.015 0.02 0.026 0.08 0.05 0.005 0.017 0.055
61 D 0.047 0.151 0.05 0.16 0.008 0.1 0.081 0.04 0.024 0.024 0.04 0.085 0.015 0.016 0.022 0.05 0.037 0.005 0.016 0.03
62 I 0.054 0.019 0.015 0.018 0.017 0.014 0.019 0.022 0.009 0.24 0.154 0.024 0.035 0.041 0.015 0.027 0.043 0.006 0.02 0.209
63 G 0.081 0.029 0.038 0.037 0.013 0.024 0.038 0.205 0.015 0.025 0.035 0.043 0.012 0.017 0.182 0.107 0.049 0.004 0.014 0.032
64 P 0.079 0.033 0.04 0.039 0.015 0.027 0.042 0.048 0.015 0.036 0.047 0.046 0.015 0.019 0.185 0.121 0.124 0.005 0.016 0.047
65 F 0.041 0.13 0.023 0.021 0.011 0.024 0.03 0.026 0.016 0.094 0.144 0.054 0.028 0.153 0.015 0.031 0.032 0.01 0.042 0.073
66 E 0.134 0.052 0.083 0.06 0.012 0.044 0.134 0.055 0.022 0.03 0.044 0.096 0.014 0.018 0.026 0.067 0.043 0.005 0.017 0.043
67 G 0.081 0.045 0.045 0.043 0.012 0.091 0.06 0.207 0.02 0.025 0.039 0.059 0.015 0.017 0.024 0.111 0.05 0.005 0.016 0.033
68 L 0.045 0.022 0.014 0.016 0.016 0.015 0.019 0.021 0.01 0.169 0.31 0.024 0.045 0.051 0.014 0.024 0.035 0.007 0.022 0.122
69 F 0.046 0.019 0.016 0.016 0.171 0.012 0.018 0.027 0.013 0.065 0.142 0.02 0.026 0.212 0.013 0.03 0.03 0.011 0.052 0.062
70 D 0.041 0.037 0.196 0.243 0.008 0.031 0.07 0.055 0.025 0.022 0.029 0.049 0.01 0.016 0.021 0.06 0.042 0.004 0.013 0.025
71 G 0.06 0.034 0.18 0.058 0.01 0.026 0.037 0.289 0.022 0.021 0.03 0.044 0.01 0.017 0.019 0.06 0.039 0.005 0.013 0.026
72 P 0.074 0.032 0.036 0.037 0.014 0.025 0.041 0.045 0.015 0.033 0.045 0.045 0.014 0.018 0.262 0.101 0.101 0.004 0.015 0.044
73 E 0.053 0.035 0.028 0.054 0.011 0.039 0.161 0.03 0.019 0.068 0.079 0.049 0.021 0.115 0.02 0.042 0.037 0.008 0.035 0.097
74 L 0.064 0.113 0.033 0.03 0.014 0.034 0.04 0.039 0.019 0.063 0.12 0.061 0.09 0.034 0.02 0.085 0.049 0.007 0.021 0.064
75 L 0.039 0.022 0.015 0.016 0.013 0.013 0.02 0.023 0.013 0.089 0.246 0.022 0.037 0.222 0.012 0.025 0.029 0.012 0.055 0.075
76 V 0.072 0.03 0.04 0.094 0.016 0.025 0.044 0.041 0.014 0.081 0.076 0.04 0.021 0.026 0.023 0.088 0.12 0.005 0.017 0.126
77 S 0.087 0.035 0.039 0.045 0.016 0.033 0.084 0.047 0.016 0.073 0.07 0.048 0.02 0.025 0.024 0.134 0.063 0.005 0.018 0.118
78 G 0.089 0.033 0.043 0.039 0.015 0.027 0.039 0.209 0.017 0.038 0.063 0.044 0.039 0.024 0.024 0.137 0.057 0.006 0.016 0.044
79 R 0.044 0.351 0.038 0.031 0.008 0.048 0.052 0.033 0.023 0.023 0.046 0.119 0.015 0.017 0.019 0.044 0.035 0.006 0.017 0.031
80 L 0.052 0.032 0.02 0.02 0.016 0.028 0.028 0.028 0.016 0.099 0.195 0.036 0.169 0.048 0.016 0.036 0.04 0.008 0.024 0.091
81 E 0.055 0.049 0.04 0.089 0.007 0.064 0.303 0.035 0.026 0.022 0.036 0.075 0.013 0.016 0.026 0.055 0.036 0.005 0.016 0.031
82 P 0.062 0.033 0.029 0.032 0.013 0.054 0.043 0.036 0.015 0.111 0.082 0.045 0.022 0.025 0.18 0.07 0.045 0.005 0.017 0.081
83 G 0.078 0.023 0.039 0.033 0.011 0.019 0.025 0.515 0.013 0.019 0.028 0.033 0.009 0.016 0.019 0.051 0.029 0.005 0.011 0.024
84 Y 0.04 0.028 0.022 0.019 0.009 0.022 0.028 0.025 0.046 0.043 0.068 0.031 0.019 0.13 0.015 0.031 0.028 0.028 0.325 0.046
85 L 0.053 0.021 0.015 0.017 0.017 0.015 0.02 0.022 0.009 0.185 0.226 0.025 0.039 0.044 0.015 0.027 0.04 0.006 0.021 0.182
86 V 0.058 0.021 0.015 0.017 0.018 0.015 0.021 0.023 0.009 0.193 0.184 0.025 0.036 0.041 0.015 0.029 0.043 0.006 0.021 0.212
87 V 0.061 0.022 0.016 0.017 0.018 0.016 0.022 0.023 0.009 0.147 0.213 0.026 0.037 0.042 0.016 0.03 0.044 0.006 0.021 0.216
88 N 0.042 0.044 0.324 0.082 0.009 0.033 0.049 0.065 0.031 0.022 0.031 0.053 0.011 0.018 0.02 0.069 0.049 0.004 0.016 0.027
89 S 0.087 0.041 0.144 0.06 0.015 0.033 0.051 0.065 0.023 0.027 0.038 0.053 0.014 0.02 0.026 0.175 0.07 0.005 0.017 0.037
90 I 0.047 0.018 0.015 0.018 0.016 0.013 0.018 0.02 0.009 0.278 0.166 0.023 0.036 0.044 0.015 0.025 0.039 0.006 0.02 0.175
91 V 0.066 0.021 0.016 0.018 0.019 0.016 0.022 0.024 0.008 0.182 0.135 0.025 0.032 0.037 0.016 0.031 0.047 0.006 0.02 0.259
92 K 0.061 0.078 0.033 0.033 0.012 0.041 0.054 0.037 0.016 0.073 0.072 0.199 0.021 0.022 0.024 0.046 0.043 0.005 0.018 0.114
93 S 0.103 0.039 0.052 0.047 0.017 0.032 0.05 0.062 0.018 0.033 0.045 0.052 0.016 0.021 0.029 0.205 0.11 0.005 0.017 0.046
94 L 0.052 0.023 0.015 0.016 0.017 0.016 0.021 0.022 0.009 0.13 0.297 0.025 0.043 0.048 0.015 0.027 0.038 0.007 0.022 0.156
95 G 0.078 0.023 0.039 0.033 0.011 0.019 0.025 0.515 0.013 0.019 0.028 0.033 0.009 0.016 0.019 0.051 0.029 0.005 0.011 0.024
96 G 0.078 0.023 0.039 0.033 0.011 0.019 0.025 0.515 0.013 0.019 0.028 0.033 0.009 0.016 0.019 0.051 0.029 0.005 0.011 0.024
97 E 0.079 0.041 0.046 0.058 0.014 0.041 0.131 0.048 0.019 0.035 0.047 0.058 0.016 0.02 0.027 0.125 0.124 0.005 0.017 0.048
98 L 0.046 0.02 0.014 0.017 0.016 0.014 0.018 0.021 0.009 0.224 0.238 0.024 0.041 0.047 0.014 0.025 0.037 0.006 0.021 0.148
99 W 0.038 0.032 0.136 0.167 0.008 0.026 0.054 0.047 0.022 0.025 0.037 0.04 0.012 0.031 0.017 0.048 0.035 0.169 0.031 0.027
100 W 0.044 0.03 0.023 0.041 0.01 0.031 0.114 0.028 0.016 0.11 0.085 0.04 0.021 0.04 0.016 0.034 0.033 0.17 0.035 0.079
101 V 0.062 0.02 0.016 0.018 0.018 0.015 0.021 0.023 0.008 0.201 0.141 0.025 0.033 0.038 0.016 0.03 0.046 0.006 0.02 0.242
102 F 0.033 0.019 0.017 0.017 0.01 0.01 0.019 0.025 0.017 0.063 0.113 0.019 0.025 0.393 0.01 0.025 0.025 0.017 0.088 0.054
103 L 0.039 0.021 0.015 0.016 0.013 0.013 0.019 0.023 0.013 0.089 0.247 0.022 0.037 0.224 0.012 0.025 0.029 0.012 0.055 0.075
104 I 0.047 0.018 0.015 0.018 0.016 0.013 0.018 0.02 0.009 0.278 0.166 0.023 0.036 0.044 0.015 0.025 0.039 0.006 0.02 0.175
105 F 0.065 0.03 0.03 0.028 0.015 0.024 0.033 0.04 0.017 0.064 0.116 0.036 0.07 0.154 0.019 0.096 0.049 0.01 0.043 0.062
106 A 0.188 0.027 0.027 0.028 0.177 0.022 0.034 0.06 0.013 0.041 0.058 0.038 0.017 0.021 0.025 0.093 0.05 0.005 0.016 0.06
107 L 0.091 0.023 0.016 0.019 0.017 0.017 0.023 0.031 0.01 0.165 0.214 0.028 0.037 0.042 0.017 0.036 0.041 0.006 0.02 0.147
108 I 0.09 0.024 0.018 0.02 0.017 0.02 0.025 0.032 0.012 0.179 0.158 0.031 0.077 0.041 0.017 0.038 0.041 0.006 0.021 0.129
109 T 0.062 0.038 0.137 0.052 0.015 0.029 0.042 0.05 0.02 0.043 0.053 0.048 0.017 0.022 0.025 0.084 0.186 0.005 0.017 0.056
110 V 0.062 0.02 0.016 0.018 0.018 0.015 0.021 0.023 0.008 0.201 0.141 0.025 0.033 0.038 0.016 0.03 0.046 0.006 0.02 0.242
111 G 0.059 0.022 0.029 0.027 0.011 0.016 0.025 0.272 0.014 0.035 0.058 0.03 0.015 0.141 0.096 0.041 0.029 0.009 0.037 0.035
112 L 0.045 0.022 0.014 0.016 0.016 0.015 0.019 0.021 0.01 0.169 0.31 0.024 0.045 0.051 0.014 0.024 0.035 0.007 0.022 0.122
113 L 0.041 0.02 0.015 0.016 0.014 0.013 0.019 0.022 0.012 0.152 0.22 0.022 0.037 0.164 0.013 0.025 0.033 0.01 0.043 0.108
114 F 0.036 0.022 0.018 0.017 0.01 0.014 0.022 0.025 0.027 0.056 0.098 0.023 0.023 0.305 0.012 0.027 0.026 0.02 0.167 0.052
115 K 0.055 0.062 0.028 0.029 0.013 0.034 0.045 0.032 0.015 0.134 0.098 0.155 0.025 0.028 0.021 0.04 0.041 0.005 0.019 0.121
116 G 0.161 0.031 0.039 0.037 0.016 0.026 0.039 0.219 0.016 0.03 0.043 0.044 0.014 0.019 0.026 0.121 0.053 0.005 0.015 0.045
117 L 0.047 0.02 0.016 0.016 0.172 0.013 0.018 0.026 0.012 0.074 0.186 0.021 0.03 0.156 0.014 0.03 0.031 0.009 0.041 0.069
118 L 0.048 0.058 0.126 0.046 0.011 0.034 0.046 0.043 0.021 0.055 0.152 0.121 0.025 0.029 0.02 0.049 0.04 0.006 0.018 0.051
119 R 0.049 0.158 0.031 0.03 0.011 0.038 0.046 0.032 0.017 0.11 0.085 0.143 0.022 0.025 0.02 0.041 0.038 0.006 0.018 0.079
120 Y 0.04 0.028 0.022 0.019 0.009 0.022 0.028 0.025 0.046 0.043 0.068 0.031 0.019 0.13 0.015 0.031 0.028 0.028 0.325 0.046
121 T 0.084 0.037 0.047 0.041 0.018 0.029 0.043 0.051 0.015 0.045 0.057 0.048 0.018 0.023 0.028 0.137 0.196 0.006 0.018 0.061
122 P 0.049 0.023 0.021 0.026 0.01 0.017 0.03 0.032 0.014 0.038 0.062 0.034 0.015 0.14 0.336 0.037 0.032 0.007 0.038 0.039
123 F 0.036 0.022 0.018 0.017 0.01 0.014 0.022 0.025 0.027 0.056 0.098 0.023 0.023 0.305 0.012 0.027 0.026 0.02 0.167 0.052
124 C 0.062 0.02 0.017 0.017 0.252 0.015 0.02 0.028 0.014 0.084 0.086 0.024 0.022 0.043 0.016 0.036 0.039 0.008 0.067 0.128
125 F 0.059 0.026 0.029 0.027 0.013 0.018 0.03 0.039 0.017 0.052 0.089 0.03 0.022 0.269 0.017 0.093 0.044 0.013 0.064 0.05
126 L 0.057 0.022 0.015 0.017 0.018 0.016 0.021 0.023 0.009 0.166 0.219 0.025 0.038 0.043 0.015 0.028 0.042 0.006 0.021 0.199
127 A 0.297 0.031 0.025 0.029 0.021 0.025 0.04 0.078 0.015 0.043 0.059 0.044 0.017 0.021 0.029 0.084 0.049 0.005 0.017 0.068
128 L 0.046 0.02 0.014 0.017 0.016 0.014 0.018 0.021 0.009 0.224 0.238 0.024 0.041 0.047 0.014 0.025 0.037 0.006 0.021 0.148
129 L 0.044 0.024 0.014 0.015 0.016 0.016 0.02 0.021 0.01 0.114 0.382 0.025 0.049 0.054 0.014 0.024 0.033 0.007 0.022 0.095
130 L 0.044 0.024 0.014 0.015 0.016 0.016 0.02 0.021 0.01 0.114 0.382 0.025 0.049 0.054 0.014 0.024 0.033 0.007 0.022 0.095
131 Y 0.04 0.028 0.022 0.019 0.009 0.022 0.028 0.025 0.046 0.043 0.068 0.031 0.019 0.13 0.015 0.031 0.028 0.028 0.325 0.046
132 L 0.047 0.027 0.016 0.017 0.016 0.02 0.023 0.023 0.012 0.109 0.319 0.029 0.089 0.052 0.015 0.028 0.035 0.007 0.023 0.094
133 R 0.044 0.351 0.038 0.031 0.008 0.048 0.052 0.033 0.023 0.023 0.046 0.119 0.015 0.017 0.019 0.044 0.035 0.006 0.017 0.031
134 Y 0.038 0.025 0.02 0.018 0.01 0.018 0.025 0.025 0.036 0.05 0.083 0.027 0.021 0.217 0.014 0.029 0.027 0.024 0.246 0.049
135 G 0.125 0.03 0.041 0.038 0.015 0.025 0.037 0.292 0.015 0.026 0.038 0.042 0.013 0.018 0.024 0.115 0.05 0.005 0.014 0.037
136 Y 0.04 0.028 0.022 0.019 0.009 0.022 0.028 0.025 0.046 0.043 0.068 0.031 0.019 0.13 0.015 0.031 0.028 0.028 0.325 0.046
137 L 0.048 0.025 0.017 0.02 0.014 0.018 0.025 0.026 0.011 0.085 0.266 0.03 0.036 0.04 0.176 0.031 0.034 0.006 0.019 0.074
138 Q 0.055 0.073 0.044 0.047 0.009 0.222 0.102 0.041 0.029 0.026 0.047 0.09 0.02 0.015 0.023 0.055 0.041 0.006 0.02 0.035
139 L 0.138 0.03 0.027 0.027 0.018 0.023 0.033 0.047 0.013 0.07 0.168 0.038 0.029 0.033 0.024 0.067 0.112 0.006 0.019 0.078
140 N 0.042 0.04 0.239 0.189 0.008 0.032 0.063 0.058 0.027 0.022 0.03 0.05 0.01 0.017 0.021 0.063 0.044 0.004 0.014 0.026
141 F 0.04 0.023 0.018 0.018 0.012 0.016 0.022 0.026 0.016 0.075 0.14 0.024 0.073 0.278 0.012 0.029 0.03 0.014 0.067 0.067
142 L 0.052 0.032 0.02 0.02 0.016 0.028 0.028 0.028 0.016 0.099 0.195 0.036 0.169 0.048 0.016 0.036 0.04 0.008 0.024 0.091
143 F 0.033 0.019 0.017 0.017 0.01 0.01 0.019 0.025 0.017 0.063 0.113 0.019 0.025 0.393 0.01 0.025 0.025 0.017 0.088 0.054
144 V 0.061 0.022 0.016 0.017 0.018 0.016 0.022 0.023 0.009 0.147 0.213 0.026 0.037 0.042 0.016 0.03 0.044 0.006 0.021 0.216
145 R 0.044 0.351 0.038 0.031 0.008 0.048 0.052 0.033 0.023 0.023 0.046 0.119 0.015 0.017 0.019 0.044 0.035 0.006 0.017 0.031
146 Q 0.055 0.073 0.044 0.047 0.009 0.222 0.102 0.041 0.029 0.026 0.047 0.09 0.02 0.015 0.023 0.055 0.041 0.006 0.02 0.035
147 G 0.078 0.023 0.039 0.033 0.011 0.019 0.025 0.515 0.013 0.019 0.028 0.033 0.009 0.016 0.019 0.051 0.029 0.005 0.011 0.024
148 L 0.045 0.021 0.014 0.016 0.016 0.015 0.019 0.021 0.009 0.196 0.274 0.024 0.043 0.049 0.014 0.024 0.036 0.006 0.021 0.135
149 A 0.227 0.03 0.029 0.03 0.099 0.024 0.038 0.068 0.014 0.041 0.057 0.042 0.017 0.021 0.027 0.101 0.053 0.005 0.016 0.062
150 I 0.054 0.019 0.015 0.018 0.017 0.014 0.019 0.022 0.009 0.24 0.154 0.024 0.035 0.041 0.015 0.027 0.043 0.006 0.02 0.209
151 A 0.234 0.034 0.035 0.036 0.02 0.028 0.044 0.074 0.016 0.038 0.053 0.047 0.017 0.021 0.029 0.132 0.06 0.005 0.017 0.059
152 I 0.05 0.019 0.015 0.017 0.017 0.014 0.019 0.021 0.009 0.232 0.196 0.024 0.038 0.044 0.015 0.026 0.04 0.006 0.021 0.179
153 F 0.033 0.019 0.017 0.017 0.01 0.01 0.019 0.025 0.017 0.063 0.113 0.019 0.025 0.393 0.01 0.025 0.025 0.017 0.088 0.054
154 F 0.037 0.021 0.016 0.016 0.012 0.012 0.019 0.024 0.014 0.08 0.203 0.021 0.033 0.28 0.012 0.025 0.028 0.013 0.066 0.068
155 Y 0.042 0.024 0.019 0.018 0.011 0.019 0.024 0.023 0.034 0.122 0.101 0.028 0.024 0.101 0.015 0.029 0.032 0.02 0.223 0.089
156 A 0.203 0.035 0.039 0.039 0.019 0.029 0.046 0.072 0.017 0.036 0.05 0.049 0.016 0.021 0.029 0.156 0.065 0.005 0.017 0.055
157 L 0.045 0.022 0.014 0.016 0.016 0.015 0.019 0.021 0.01 0.169 0.31 0.024 0.045 0.051 0.014 0.024 0.035 0.007 0.022 0.122
158 K 0.054 0.147 0.041 0.039 0.008 0.052 0.067 0.041 0.021 0.027 0.043 0.258 0.015 0.016 0.026 0.052 0.039 0.005 0.017 0.032
159 Y 0.04 0.028 0.022 0.019 0.009 0.022 0.028 0.025 0.046 0.043 0.068 0.031 0.019 0.13 0.015 0.031 0.028 0.028 0.325 0.046
160 I 0.054 0.019 0.015 0.018 0.017 0.014 0.019 0.022 0.009 0.24 0.154 0.024 0.035 0.041 0.015 0.027 0.043 0.006 0.02 0.209
161 H 0.055 0.039 0.036 0.048 0.011 0.039 0.126 0.032 0.132 0.069 0.068 0.049 0.02 0.027 0.02 0.043 0.037 0.006 0.031 0.11
162 E 0.058 0.045 0.04 0.08 0.008 0.056 0.257 0.115 0.024 0.021 0.035 0.068 0.012 0.016 0.024 0.054 0.035 0.005 0.015 0.03
163 K 0.052 0.188 0.04 0.038 0.008 0.051 0.064 0.039 0.021 0.026 0.044 0.23 0.015 0.016 0.025 0.05 0.038 0.005 0.017 0.032
164 R 0.048 0.167 0.134 0.051 0.008 0.045 0.057 0.047 0.025 0.024 0.04 0.153 0.014 0.017 0.022 0.055 0.041 0.005 0.017 0.03
165 F 0.121 0.023 0.02 0.021 0.014 0.015 0.026 0.043 0.016 0.056 0.095 0.027 0.023 0.269 0.017 0.045 0.033 0.013 0.064 0.059
166 W 0.042 0.05 0.024 0.024 0.01 0.027 0.037 0.032 0.016 0.049 0.114 0.11 0.023 0.1 0.016 0.033 0.03 0.171 0.047 0.046
167 L 0.052 0.068 0.033 0.034 0.011 0.097 0.064 0.035 0.02 0.056 0.157 0.134 0.028 0.028 0.022 0.044 0.038 0.006 0.02 0.054
168 Y 0.04 0.028 0.022 0.019 0.009 0.022 0.028 0.025 0.046 0.043 0.068 0.031 0.019 0.13 0.015 0.031 0.028 0.028 0.325 0.046
169 F 0.043 0.018 0.016 0.017 0.092 0.012 0.018 0.025 0.013 0.132 0.123 0.021 0.027 0.214 0.013 0.028 0.032 0.011 0.053 0.095
170 I 0.134 0.023 0.018 0.022 0.018 0.018 0.026 0.04 0.011 0.181 0.124 0.031 0.029 0.035 0.02 0.046 0.044 0.006 0.019 0.156
171 L 0.052 0.019 0.015 0.016 0.174 0.014 0.018 0.025 0.009 0.146 0.204 0.023 0.034 0.039 0.015 0.03 0.036 0.006 0.018 0.109
172 I 0.045 0.027 0.118 0.039 0.014 0.02 0.028 0.035 0.016 0.193 0.121 0.033 0.028 0.035 0.016 0.04 0.043 0.005 0.019 0.126
173 L 0.054 0.026 0.024 0.023 0.017 0.019 0.026 0.028 0.011 0.148 0.204 0.031 0.035 0.04 0.019 0.047 0.109 0.006 0.02 0.113
174 L 0.046 0.02 0.014 0.017 0.016 0.014 0.018 0.021 0.009 0.224 0.238 0.024 0.041 0.047 0.014 0.025 0.037 0.006 0.021 0.148
175 A 0.22 0.026 0.022 0.025 0.177 0.021 0.032 0.062 0.012 0.043 0.061 0.036 0.017 0.021 0.025 0.07 0.045 0.005 0.016 0.064
176 C 0.06 0.018 0.016 0.017 0.175 0.014 0.019 0.026 0.008 0.162 0.12 0.023 0.028 0.033 0.016 0.033 0.042 0.005 0.018 0.169
177 L 0.039 0.021 0.015 0.016 0.013 0.013 0.019 0.023 0.013 0.089 0.247 0.022 0.037 0.224 0.012 0.025 0.029 0.012 0.055 0.075
178 F 0.033 0.019 0.017 0.017 0.01 0.01 0.019 0.025 0.017 0.063 0.113 0.019 0.025 0.393 0.01 0.025 0.025 0.017 0.088 0.054
179 H 0.042 0.045 0.053 0.038 0.008 0.038 0.053 0.038 0.361 0.023 0.038 0.045 0.015 0.03 0.019 0.042 0.026 0.008 0.057 0.023
180 K 0.071 0.054 0.036 0.036 0.014 0.033 0.047 0.043 0.016 0.112 0.083 0.121 0.022 0.027 0.024 0.102 0.053 0.005 0.018 0.083
181 S 0.109 0.04 0.054 0.048 0.017 0.033 0.052 0.066 0.019 0.029 0.041 0.054 0.016 0.021 0.029 0.228 0.081 0.005 0.017 0.041
182 L 0.144 0.031 0.029 0.029 0.018 0.024 0.035 0.051 0.014 0.066 0.164 0.039 0.028 0.033 0.024 0.089 0.083 0.006 0.019 0.073
183 L 0.051 0.024 0.017 0.017 0.015 0.018 0.024 0.023 0.021 0.107 0.193 0.027 0.033 0.073 0.015 0.029 0.037 0.013 0.122 0.139
184 V 0.058 0.02 0.015 0.018 0.018 0.015 0.02 0.022 0.008 0.221 0.148 0.025 0.034 0.04 0.015 0.029 0.044 0.006 0.02 0.226
185 L 0.052 0.023 0.015 0.016 0.017 0.016 0.021 0.022 0.009 0.13 0.297 0.025 0.043 0.048 0.015 0.027 0.038 0.007 0.022 0.156
186 F 0.039 0.024 0.017 0.017 0.012 0.016 0.022 0.024 0.024 0.073 0.188 0.025 0.031 0.192 0.013 0.027 0.029 0.017 0.145 0.065
187 P 0.056 0.026 0.023 0.031 0.01 0.02 0.036 0.036 0.013 0.026 0.036 0.041 0.01 0.013 0.499 0.043 0.036 0.003 0.013 0.031
188 L 0.045 0.022 0.014 0.016 0.016 0.015 0.019 0.021 0.01 0.169 0.31 0.024 0.045 0.051 0.014 0.024 0.035 0.007 0.022 0.122
189 Y 0.04 0.028 0.022 0.019 0.009 0.022 0.028 0.025 0.046 0.043 0.068 0.031 0.019 0.13 0.015 0.031 0.028 0.028 0.325 0.046
190 F 0.033 0.019 0.017 0.017 0.01 0.01 0.019 0.025 0.017 0.063 0.113 0.019 0.025 0.393 0.01 0.025 0.025 0.017 0.088 0.054
191 L 0.041 0.02 0.015 0.016 0.014 0.013 0.019 0.022 0.012 0.152 0.22 0.022 0.037 0.164 0.013 0.025 0.033 0.01 0.043 0.108
192 L 0.052 0.023 0.015 0.016 0.017 0.016 0.021 0.022 0.009 0.13 0.297 0.025 0.043 0.048 0.015 0.027 0.038 0.007 0.022 0.156
193 N 0.042 0.044 0.324 0.082 0.009 0.033 0.049 0.065 0.031 0.022 0.031 0.053 0.011 0.018 0.02 0.069 0.049 0.004 0.016 0.027
194 R 0.046 0.311 0.039 0.032 0.008 0.049 0.055 0.034 0.023 0.024 0.045 0.147 0.015 0.017 0.021 0.046 0.035 0.006 0.017 0.031
195 R 0.047 0.149 0.044 0.053 0.008 0.05 0.136 0.035 0.137 0.023 0.04 0.08 0.014 0.021 0.021 0.047 0.032 0.006 0.03 0.028
196 Y 0.038 0.025 0.02 0.018 0.01 0.018 0.025 0.025 0.036 0.05 0.083 0.027 0.021 0.217 0.014 0.029 0.027 0.024 0.246 0.049
197 S 0.091 0.062 0.049 0.046 0.014 0.04 0.058 0.058 0.02 0.029 0.042 0.131 0.015 0.019 0.029 0.169 0.067 0.005 0.017 0.038
198 L 0.053 0.035 0.127 0.045 0.014 0.026 0.036 0.043 0.018 0.063 0.159 0.041 0.027 0.032 0.02 0.062 0.112 0.006 0.018 0.064
199 R 0.07 0.166 0.044 0.04 0.011 0.045 0.058 0.047 0.021 0.027 0.043 0.153 0.015 0.018 0.025 0.108 0.052 0.005 0.017 0.035
200 F 0.05 0.025 0.025 0.023 0.015 0.017 0.026 0.03 0.013 0.104 0.15 0.029 0.029 0.155 0.017 0.047 0.105 0.01 0.042 0.087
201 L 0.045 0.022 0.014 0.016 0.016 0.015 0.019 0.021 0.01 0.169 0.31 0.024 0.045 0.051 0.014 0.024 0.035 0.007 0.022 0.122
202 I 0.045 0.02 0.015 0.017 0.014 0.014 0.02 0.024 0.011 0.176 0.122 0.023 0.028 0.048 0.013 0.025 0.035 0.17 0.036 0.143
203 G 0.071 0.026 0.036 0.032 0.014 0.021 0.029 0.275 0.013 0.073 0.063 0.036 0.017 0.023 0.021 0.06 0.106 0.006 0.015 0.065
204 L 0.045 0.022 0.015 0.016 0.015 0.014 0.02 0.023 0.012 0.105 0.25 0.023 0.038 0.164 0.013 0.026 0.033 0.01 0.044 0.112
205 V 0.139 0.028 0.021 0.022 0.019 0.023 0.03 0.043 0.013 0.102 0.128 0.035 0.073 0.035 0.021 0.051 0.046 0.006 0.021 0.145
206 L 0.055 0.021 0.019 0.019 0.016 0.016 0.021 0.104 0.01 0.161 0.209 0.026 0.035 0.041 0.015 0.03 0.037 0.006 0.019 0.14
207 I 0.055 0.024 0.024 0.024 0.017 0.018 0.025 0.028 0.011 0.176 0.168 0.031 0.033 0.039 0.019 0.047 0.11 0.006 0.02 0.127
208 S 0.109 0.04 0.054 0.048 0.017 0.033 0.052 0.066 0.019 0.029 0.041 0.054 0.016 0.021 0.029 0.228 0.081 0.005 0.017 0.041
209 L 0.053 0.021 0.015 0.017 0.017 0.015 0.02 0.022 0.009 0.185 0.226 0.025 0.039 0.044 0.015 0.027 0.04 0.006 0.021 0.182
210 L 0.05 0.02 0.015 0.017 0.017 0.015 0.019 0.021 0.009 0.204 0.232 0.024 0.04 0.046 0.015 0.026 0.039 0.006 0.021 0.165
211 L 0.044 0.024 0.014 0.015 0.016 0.016 0.02 0.021 0.01 0.114 0.382 0.025 0.049 0.054 0.014 0.024 0.033 0.007 0.022 0.095
212 G 0.088 0.028 0.044 0.038 0.013 0.023 0.034 0.365 0.015 0.022 0.033 0.04 0.011 0.018 0.022 0.11 0.047 0.005 0.013 0.03
213 F 0.04 0.023 0.018 0.018 0.012 0.016 0.022 0.026 0.016 0.075 0.14 0.024 0.073 0.278 0.012 0.029 0.03 0.014 0.067 0.067
214 V 0.083 0.032 0.038 0.034 0.018 0.026 0.038 0.044 0.014 0.082 0.078 0.041 0.022 0.027 0.024 0.117 0.128 0.005 0.018 0.129
215 P 0.047 0.089 0.176 0.056 0.009 0.032 0.045 0.05 0.024 0.023 0.035 0.06 0.012 0.016 0.179 0.056 0.042 0.004 0.015 0.029
216 W 0.036 0.021 0.015 0.016 0.01 0.014 0.021 0.027 0.013 0.113 0.09 0.023 0.022 0.055 0.01 0.023 0.028 0.334 0.052 0.078
217 V 0.056 0.024 0.017 0.018 0.017 0.019 0.023 0.024 0.011 0.18 0.163 0.028 0.079 0.042 0.016 0.031 0.043 0.006 0.022 0.181
218 G 0.061 0.049 0.087 0.061 0.009 0.042 0.129 0.201 0.022 0.022 0.034 0.092 0.012 0.016 0.023 0.055 0.037 0.005 0.014 0.028
219 Y 0.05 0.028 0.027 0.024 0.013 0.021 0.029 0.03 0.024 0.061 0.127 0.033 0.025 0.126 0.018 0.049 0.104 0.015 0.132 0.064
220 L 0.045 0.022 0.014 0.016 0.016 0.015 0.019 0.021 0.01 0.169 0.31 0.024 0.045 0.051 0.014 0.024 0.035 0.007 0.022 0.122
221 F 0.049 0.033 0.128 0.045 0.012 0.024 0.036 0.044 0.021 0.046 0.07 0.039 0.019 0.145 0.019 0.062 0.109 0.009 0.04 0.05
222 S 0.088 0.033 0.04 0.038 0.017 0.027 0.041 0.051 0.016 0.085 0.119 0.044 0.025 0.03 0.024 0.16 0.066 0.006 0.019 0.073
223 F 0.04 0.021 0.018 0.018 0.012 0.015 0.021 0.023 0.024 0.128 0.116 0.024 0.027 0.189 0.013 0.027 0.031 0.017 0.144 0.092
224 L 0.054 0.026 0.024 0.023 0.017 0.019 0.026 0.028 0.011 0.148 0.204 0.031 0.035 0.04 0.019 0.047 0.109 0.006 0.02 0.113
225 P 0.056 0.033 0.029 0.05 0.009 0.035 0.125 0.035 0.017 0.024 0.036 0.052 0.011 0.014 0.341 0.047 0.036 0.004 0.014 0.031
226 D 0.149 0.033 0.049 0.16 0.015 0.029 0.061 0.063 0.017 0.031 0.043 0.047 0.014 0.019 0.027 0.121 0.055 0.005 0.015 0.045
227 P 0.057 0.026 0.023 0.031 0.01 0.021 0.036 0.036 0.013 0.026 0.036 0.041 0.01 0.013 0.494 0.044 0.036 0.003 0.013 0.031
228 L 0.045 0.024 0.014 0.015 0.016 0.016 0.02 0.021 0.01 0.115 0.375 0.025 0.05 0.055 0.014 0.024 0.033 0.007 0.022 0.096
229 K 0.057 0.107 0.042 0.042 0.009 0.054 0.071 0.043 0.021 0.028 0.043 0.278 0.016 0.016 0.028 0.054 0.04 0.005 0.017 0.033
230 V 0.055 0.035 0.021 0.021 0.014 0.02 0.029 0.028 0.013 0.107 0.109 0.067 0.027 0.151 0.016 0.033 0.039 0.009 0.042 0.162
231 I 0.047 0.018 0.015 0.018 0.016 0.013 0.018 0.021 0.009 0.271 0.168 0.024 0.037 0.044 0.015 0.025 0.04 0.006 0.021 0.177
232 G 0.078 0.023 0.039 0.034 0.011 0.019 0.026 0.51 0.014 0.019 0.028 0.034 0.009 0.016 0.019 0.051 0.03 0.005 0.011 0.024
233 L 0.046 0.02 0.014 0.017 0.016 0.014 0.018 0.021 0.009 0.224 0.238 0.024 0.041 0.047 0.014 0.025 0.037 0.006 0.021 0.148
234 A 0.16 0.035 0.047 0.101 0.017 0.03 0.054 0.066 0.017 0.033 0.045 0.049 0.015 0.02 0.028 0.15 0.063 0.005 0.016 0.047
235 E 0.071 0.051 0.04 0.055 0.012 0.044 0.133 0.044 0.02 0.041 0.097 0.094 0.02 0.024 0.025 0.107 0.051 0.006 0.018 0.045
236 P 0.123 0.033 0.039 0.039 0.016 0.027 0.045 0.058 0.016 0.03 0.042 0.048 0.014 0.018 0.186 0.142 0.061 0.004 0.016 0.042
237 I 0.047 0.018 0.015 0.018 0.016 0.013 0.018 0.02 0.009 0.278 0.166 0.023 0.036 0.044 0.015 0.025 0.039 0.006 0.02 0.175
238 N 0.05 0.061 0.128 0.048 0.011 0.038 0.049 0.045 0.023 0.05 0.09 0.125 0.065 0.027 0.021 0.053 0.043 0.006 0.019 0.05
239 S 0.086 0.04 0.047 0.06 0.013 0.041 0.131 0.13 0.02 0.025 0.038 0.057 0.014 0.018 0.026 0.14 0.058 0.005 0.016 0.035
240 Y 0.04 0.028 0.022 0.019 0.009 0.022 0.028 0.025 0.046 0.043 0.068 0.031 0.019 0.13 0.015 0.031 0.028 0.028 0.325 0.046
241 L 0.066 0.029 0.027 0.026 0.016 0.022 0.031 0.036 0.013 0.086 0.268 0.035 0.038 0.043 0.019 0.092 0.049 0.006 0.02 0.077
242 F 0.055 0.056 0.082 0.041 0.011 0.032 0.046 0.044 0.021 0.039 0.064 0.119 0.018 0.143 0.021 0.075 0.043 0.009 0.04 0.04
243 G 0.06 0.034 0.046 0.036 0.009 0.028 0.039 0.275 0.185 0.021 0.033 0.04 0.012 0.023 0.019 0.047 0.028 0.006 0.034 0.024
244 D 0.048 0.04 0.055 0.244 0.007 0.047 0.195 0.041 0.022 0.022 0.032 0.06 0.011 0.016 0.024 0.054 0.036 0.005 0.014 0.028
245 V 0.071 0.029 0.03 0.028 0.018 0.022 0.031 0.034 0.011 0.109 0.097 0.036 0.026 0.03 0.022 0.063 0.149 0.006 0.019 0.171
246 W 0.03 0.023 0.015 0.015 0.008 0.015 0.023 0.03 0.015 0.03 0.053 0.023 0.015 0.06 0.008 0.023 0.023 0.494 0.068 0.03
247 G 0.193 0.03 0.035 0.034 0.017 0.024 0.037 0.221 0.015 0.033 0.046 0.042 0.014 0.019 0.026 0.097 0.048 0.005 0.015 0.049
248 G 0.065 0.025 0.049 0.157 0.01 0.022 0.047 0.359 0.015 0.02 0.028 0.037 0.009 0.016 0.02 0.051 0.031 0.005 0.011 0.024
249 L 0.053 0.045 0.028 0.029 0.014 0.093 0.053 0.032 0.02 0.075 0.145 0.054 0.119 0.037 0.018 0.042 0.04 0.007 0.023 0.073
250 G 0.086 0.033 0.045 0.04 0.015 0.026 0.039 0.208 0.015 0.034 0.045 0.044 0.015 0.02 0.025 0.123 0.122 0.005 0.015 0.045
251 G 0.14 0.135 0.034 0.031 0.013 0.031 0.039 0.208 0.017 0.028 0.044 0.065 0.014 0.018 0.022 0.06 0.038 0.005 0.015 0.041
252 G 0.07 0.053 0.04 0.037 0.011 0.032 0.043 0.279 0.016 0.027 0.039 0.119 0.013 0.017 0.023 0.058 0.07 0.005 0.014 0.035
253 L 0.042 0.019 0.015 0.017 0.014 0.013 0.018 0.022 0.012 0.179 0.184 0.022 0.035 0.162 0.013 0.025 0.034 0.01 0.043 0.122
254 S 0.087 0.041 0.144 0.06 0.015 0.033 0.051 0.065 0.023 0.027 0.038 0.053 0.014 0.02 0.026 0.175 0.07 0.005 0.017 0.037
255 I 0.048 0.02 0.016 0.019 0.015 0.015 0.021 0.023 0.01 0.209 0.18 0.027 0.034 0.04 0.095 0.028 0.038 0.005 0.019 0.138
256 A 0.198 0.032 0.037 0.036 0.018 0.027 0.042 0.146 0.016 0.034 0.048 0.045 0.015 0.02 0.028 0.126 0.057 0.005 0.016 0.052
257 L 0.047 0.024 0.016 0.017 0.016 0.019 0.022 0.023 0.012 0.164 0.248 0.028 0.085 0.049 0.015 0.028 0.037 0.007 0.022 0.121
258 I 0.054 0.019 0.015 0.018 0.017 0.014 0.019 0.022 0.009 0.24 0.154 0.024 0.035 0.041 0.015 0.027 0.043 0.006 0.02 0.209
259 E 0.055 0.049 0.04 0.089 0.007 0.064 0.303 0.035 0.026 0.022 0.036 0.075 0.013 0.016 0.026 0.055 0.036 0.005 0.016 0.031
260 K 0.056 0.106 0.041 0.041 0.009 0.053 0.07 0.043 0.02 0.027 0.043 0.285 0.015 0.015 0.027 0.053 0.039 0.005 0.017 0.032
261 V 0.05 0.019 0.016 0.017 0.015 0.013 0.02 0.023 0.011 0.168 0.136 0.023 0.031 0.157 0.014 0.027 0.038 0.009 0.043 0.169
262 L 0.047 0.02 0.019 0.019 0.013 0.014 0.02 0.105 0.012 0.136 0.161 0.024 0.03 0.157 0.014 0.029 0.032 0.01 0.042 0.096
263 V 0.061 0.022 0.016 0.017 0.018 0.016 0.022 0.023 0.009 0.147 0.213 0.026 0.037 0.042 0.016 0.03 0.044 0.006 0.021 0.216
264 L 0.045 0.022 0.014 0.016 0.016 0.015 0.019 0.021 0.01 0.169 0.31 0.024 0.045 0.051 0.014 0.024 0.035 0.007 0.022 0.122
265 L 0.051 0.022 0.015 0.016 0.016 0.015 0.021 0.023 0.01 0.122 0.253 0.024 0.039 0.104 0.014 0.027 0.037 0.008 0.032 0.149
266 L 0.045 0.021 0.015 0.016 0.015 0.014 0.02 0.023 0.012 0.133 0.214 0.023 0.036 0.162 0.013 0.026 0.034 0.01 0.043 0.125
267 C 0.132 0.022 0.019 0.021 0.174 0.016 0.025 0.045 0.013 0.05 0.079 0.028 0.02 0.145 0.019 0.05 0.037 0.009 0.039 0.06
268 L 0.066 0.029 0.027 0.026 0.016 0.022 0.031 0.036 0.013 0.086 0.268 0.035 0.038 0.043 0.019 0.092 0.049 0.006 0.02 0.077
269 C 0.055 0.048 0.024 0.025 0.171 0.027 0.035 0.032 0.013 0.089 0.127 0.11 0.025 0.028 0.019 0.039 0.037 0.005 0.017 0.075
270 Y 0.038 0.025 0.02 0.018 0.01 0.018 0.025 0.025 0.036 0.05 0.083 0.027 0.021 0.217 0.014 0.029 0.027 0.024 0.246 0.049
271 R 0.045 0.24 0.03 0.026 0.01 0.036 0.04 0.029 0.018 0.108 0.086 0.087 0.022 0.026 0.018 0.038 0.036 0.006 0.018 0.079
272 N 0.047 0.056 0.229 0.077 0.009 0.042 0.095 0.056 0.028 0.023 0.034 0.096 0.012 0.017 0.022 0.064 0.045 0.005 0.016 0.028
273 R 0.047 0.162 0.034 0.03 0.008 0.041 0.05 0.033 0.03 0.031 0.052 0.145 0.016 0.054 0.021 0.043 0.034 0.013 0.12 0.036
274 L 0.041 0.022 0.015 0.016 0.014 0.014 0.02 0.022 0.012 0.097 0.292 0.023 0.041 0.167 0.013 0.024 0.03 0.01 0.044 0.082
275 S 0.078 0.052 0.142 0.058 0.013 0.036 0.054 0.061 0.023 0.027 0.038 0.092 0.014 0.019 0.026 0.146 0.063 0.005 0.017 0.035
276 E 0.051 0.159 0.04 0.062 0.008 0.057 0.181 0.035 0.024 0.023 0.041 0.125 0.014 0.017 0.024 0.051 0.036 0.005 0.017 0.031
277 R 0.048 0.167 0.134 0.051 0.008 0.045 0.057 0.047 0.025 0.024 0.04 0.153 0.014 0.017 0.022 0.055 0.041 0.005 0.017 0.03
278 F 0.034 0.019 0.017 0.017 0.011 0.011 0.019 0.025 0.017 0.063 0.113 0.019 0.025 0.391 0.011 0.025 0.025 0.017 0.088 0.055
279 K 0.051 0.076 0.135 0.063 0.008 0.048 0.102 0.049 0.025 0.025 0.038 0.173 0.013 0.016 0.025 0.059 0.042 0.005 0.016 0.03
280 Y 0.063 0.032 0.032 0.028 0.012 0.025 0.036 0.038 0.037 0.039 0.059 0.038 0.018 0.093 0.02 0.096 0.046 0.02 0.222 0.045
281 F 0.033 0.019 0.017 0.017 0.01 0.01 0.019 0.025 0.017 0.063 0.113 0.019 0.025 0.393 0.01 0.025 0.025 0.017 0.088 0.054
282 N 0.064 0.043 0.234 0.071 0.012 0.033 0.05 0.065 0.027 0.025 0.035 0.053 0.013 0.019 0.023 0.122 0.06 0.005 0.016 0.032
283 L 0.046 0.02 0.014 0.017 0.016 0.014 0.018 0.021 0.009 0.224 0.238 0.024 0.041 0.047 0.014 0.025 0.037 0.006 0.021 0.148
284 F 0.033 0.019 0.017 0.017 0.01 0.01 0.019 0.025 0.017 0.063 0.113 0.019 0.025 0.393 0.01 0.025 0.025 0.017 0.088 0.054
285 L 0.041 0.022 0.015 0.016 0.014 0.014 0.02 0.022 0.012 0.097 0.292 0.023 0.041 0.167 0.013 0.024 0.03 0.01 0.044 0.082
286 N 0.042 0.044 0.324 0.082 0.009 0.033 0.049 0.065 0.031 0.022 0.031 0.053 0.011 0.018 0.02 0.069 0.049 0.004 0.016 0.027
287 L 0.045 0.022 0.014 0.016 0.016 0.015 0.019 0.021 0.01 0.169 0.31 0.024 0.045 0.051 0.014 0.024 0.035 0.007 0.022 0.122
288 G 0.05 0.023 0.026 0.023 0.01 0.017 0.024 0.188 0.025 0.042 0.07 0.028 0.018 0.18 0.015 0.036 0.027 0.017 0.141 0.042
289 V 0.057 0.021 0.016 0.017 0.016 0.014 0.022 0.025 0.011 0.13 0.124 0.023 0.029 0.155 0.014 0.03 0.041 0.009 0.043 0.202
290 L 0.045 0.022 0.014 0.016 0.016 0.015 0.019 0.021 0.01 0.169 0.31 0.024 0.045 0.051 0.014 0.024 0.035 0.007 0.022 0.122
291 S 0.172 0.037 0.044 0.042 0.019 0.03 0.048 0.07 0.018 0.034 0.047 0.05 0.016 0.021 0.029 0.18 0.071 0.005 0.017 0.05
292 L 0.041 0.02 0.015 0.016 0.014 0.013 0.019 0.022 0.012 0.152 0.22 0.022 0.037 0.164 0.013 0.025 0.033 0.01 0.043 0.108
293 L 0.047 0.022 0.015 0.017 0.016 0.017 0.02 0.022 0.01 0.194 0.243 0.026 0.063 0.048 0.015 0.026 0.037 0.007 0.022 0.134
294 C 0.113 0.029 0.033 0.031 0.175 0.023 0.034 0.049 0.013 0.044 0.06 0.038 0.017 0.022 0.024 0.096 0.118 0.005 0.016 0.06
295 Y 0.063 0.032 0.032 0.028 0.012 0.025 0.036 0.038 0.037 0.039 0.059 0.038 0.018 0.093 0.02 0.096 0.046 0.02 0.222 0.045
296 Y 0.041 0.027 0.019 0.017 0.011 0.02 0.025 0.023 0.034 0.067 0.172 0.029 0.029 0.104 0.015 0.029 0.03 0.021 0.224 0.063
297 S 0.088 0.032 0.041 0.038 0.017 0.026 0.04 0.051 0.016 0.112 0.083 0.043 0.023 0.028 0.024 0.16 0.067 0.005 0.018 0.086
298 F 0.037 0.021 0.016 0.016 0.012 0.012 0.019 0.024 0.014 0.08 0.203 0.021 0.033 0.28 0.012 0.025 0.028 0.013 0.066 0.068
299 F 0.044 0.023 0.017 0.018 0.014 0.017 0.021 0.024 0.014 0.147 0.158 0.026 0.077 0.161 0.014 0.029 0.035 0.01 0.044 0.107
300 E 0.051 0.055 0.136 0.073 0.008 0.107 0.151 0.047 0.029 0.023 0.038 0.073 0.015 0.016 0.023 0.06 0.042 0.005 0.017 0.031
301 Y 0.067 0.033 0.032 0.029 0.014 0.027 0.036 0.039 0.027 0.057 0.101 0.04 0.068 0.066 0.02 0.098 0.05 0.014 0.122 0.06
302 Y 0.04 0.028 0.022 0.019 0.009 0.022 0.028 0.025 0.046 0.043 0.068 0.031 0.019 0.13 0.015 0.031 0.028 0.028 0.325 0.046
303 V 0.062 0.02 0.016 0.018 0.018 0.015 0.021 0.023 0.008 0.201 0.141 0.025 0.033 0.038 0.016 0.03 0.046 0.006 0.02 0.242
304 F 0.037 0.021 0.016 0.016 0.012 0.012 0.019 0.024 0.014 0.08 0.203 0.021 0.033 0.28 0.012 0.025 0.028 0.013 0.066 0.068
305 Q 0.073 0.062 0.047 0.047 0.012 0.159 0.085 0.049 0.026 0.027 0.045 0.078 0.019 0.017 0.025 0.113 0.054 0.006 0.019 0.037
306 Q 0.055 0.065 0.042 0.061 0.008 0.17 0.169 0.039 0.028 0.025 0.043 0.085 0.018 0.015 0.024 0.055 0.039 0.006 0.019 0.034
307 R 0.044 0.351 0.038 0.031 0.008 0.048 0.052 0.033 0.023 0.023 0.046 0.119 0.015 0.017 0.019 0.044 0.035 0.006 0.017 0.031
308 L 0.047 0.027 0.016 0.017 0.016 0.02 0.023 0.023 0.012 0.109 0.319 0.029 0.089 0.052 0.015 0.028 0.035 0.007 0.023 0.094
309 V 0.069 0.022 0.016 0.018 0.019 0.016 0.023 0.024 0.008 0.163 0.129 0.026 0.031 0.035 0.016 0.033 0.049 0.005 0.02 0.276
310 I 0.042 0.018 0.015 0.017 0.014 0.012 0.018 0.022 0.011 0.206 0.149 0.022 0.033 0.16 0.013 0.025 0.035 0.009 0.043 0.135
311 I 0.047 0.018 0.015 0.018 0.016 0.013 0.018 0.02 0.009 0.278 0.166 0.023 0.036 0.044 0.015 0.025 0.039 0.006 0.02 0.175
312 F 0.033 0.019 0.017 0.017 0.01 0.01 0.019 0.025 0.017 0.063 0.113 0.019 0.025 0.393 0.01 0.025 0.025 0.017 0.088 0.054
313 N 0.047 0.054 0.23 0.07 0.009 0.096 0.067 0.057 0.03 0.024 0.036 0.066 0.014 0.017 0.021 0.064 0.046 0.005 0.017 0.029
314 L 0.053 0.021 0.015 0.017 0.017 0.015 0.02 0.022 0.009 0.185 0.226 0.025 0.039 0.044 0.015 0.027 0.04 0.006 0.021 0.182
315 A 0.203 0.035 0.039 0.039 0.019 0.029 0.046 0.072 0.017 0.036 0.05 0.049 0.016 0.021 0.029 0.156 0.065 0.005 0.017 0.055
316 G 0.1 0.03 0.032 0.029 0.014 0.024 0.033 0.121 0.025 0.042 0.059 0.038 0.017 0.057 0.022 0.063 0.107 0.013 0.119 0.054
317 I 0.047 0.018 0.015 0.018 0.016 0.013 0.018 0.02 0.009 0.278 0.166 0.023 0.036 0.044 0.015 0.025 0.039 0.006 0.02 0.175
318 I 0.057 0.019 0.023 0.023 0.014 0.015 0.02 0.185 0.01 0.192 0.12 0.027 0.027 0.035 0.016 0.033 0.036 0.006 0.017 0.125
319 L 0.045 0.022 0.014 0.016 0.016 0.015 0.019 0.021 0.01 0.169 0.31 0.024 0.045 0.051 0.014 0.024 0.035 0.007 0.022 0.122
320 I 0.041 0.019 0.015 0.017 0.013 0.014 0.019 0.024 0.011 0.195 0.128 0.023 0.029 0.049 0.012 0.024 0.034 0.17 0.036 0.127
