#Seq2Logo.py -f /work3/idamei/ssn-clusterings/2206011120/clusters/0015_73/sequences.afa -m 0.0001 -b 50 -o /work3/idamei/ssn-clusterings/2206011120/clusters/0015_73/sequences.logo
#Position Specific Frequency Matrix
A R N D C Q E G H I L K M F P S T W Y V
0 M 0.045 0.028 0.017 0.017 0.014 0.024 0.024 0.024 0.014 0.087 0.17 0.031 0.276 0.042 0.014 0.031 0.035 0.007 0.021 0.08
1 L 0.045 0.072 0.072 0.085 0.01 0.026 0.075 0.033 0.016 0.099 0.109 0.043 0.02 0.074 0.017 0.069 0.048 0.006 0.022 0.06
2 R 0.045 0.147 0.075 0.031 0.01 0.032 0.04 0.032 0.017 0.078 0.111 0.136 0.021 0.023 0.018 0.039 0.035 0.005 0.016 0.089
3 D 0.042 0.03 0.07 0.389 0.008 0.03 0.093 0.047 0.019 0.023 0.028 0.045 0.009 0.015 0.023 0.053 0.036 0.004 0.011 0.025
4 K 0.058 0.109 0.042 0.042 0.009 0.054 0.072 0.044 0.021 0.028 0.044 0.268 0.016 0.016 0.028 0.054 0.04 0.005 0.018 0.033
5 L 0.093 0.036 0.025 0.025 0.013 0.024 0.032 0.104 0.014 0.091 0.127 0.088 0.052 0.031 0.019 0.046 0.073 0.006 0.033 0.068
6 L 0.091 0.025 0.027 0.081 0.012 0.02 0.035 0.036 0.018 0.048 0.106 0.032 0.019 0.096 0.087 0.073 0.036 0.009 0.09 0.059
7 H 0.042 0.046 0.053 0.038 0.008 0.038 0.053 0.038 0.355 0.023 0.038 0.046 0.015 0.03 0.019 0.042 0.027 0.008 0.057 0.023
8 Q 0.056 0.074 0.044 0.047 0.009 0.215 0.103 0.041 0.029 0.026 0.047 0.091 0.021 0.015 0.024 0.056 0.041 0.006 0.021 0.035
9 D 0.041 0.03 0.069 0.397 0.008 0.03 0.091 0.047 0.019 0.022 0.028 0.045 0.009 0.015 0.022 0.052 0.035 0.004 0.011 0.024
10 F 0.034 0.019 0.017 0.017 0.011 0.011 0.019 0.025 0.017 0.063 0.114 0.019 0.025 0.387 0.011 0.025 0.025 0.017 0.089 0.055
11 S 0.11 0.04 0.054 0.049 0.018 0.033 0.052 0.066 0.019 0.03 0.042 0.054 0.016 0.021 0.03 0.22 0.082 0.005 0.018 0.042
12 R 0.045 0.345 0.039 0.031 0.008 0.048 0.052 0.033 0.023 0.023 0.047 0.12 0.016 0.017 0.019 0.045 0.035 0.006 0.017 0.031
13 R 0.045 0.345 0.039 0.031 0.008 0.048 0.052 0.033 0.023 0.023 0.047 0.12 0.016 0.017 0.019 0.045 0.035 0.006 0.017 0.031
14 R 0.045 0.345 0.039 0.031 0.008 0.048 0.052 0.033 0.023 0.023 0.047 0.12 0.016 0.017 0.019 0.045 0.035 0.006 0.017 0.031
15 Q 0.056 0.074 0.044 0.047 0.009 0.215 0.103 0.041 0.029 0.026 0.047 0.091 0.021 0.015 0.024 0.056 0.041 0.006 0.021 0.035
16 K 0.057 0.107 0.042 0.042 0.009 0.054 0.071 0.043 0.021 0.028 0.043 0.278 0.016 0.016 0.028 0.054 0.04 0.005 0.017 0.033
17 C 0.075 0.028 0.033 0.032 0.158 0.022 0.034 0.044 0.013 0.033 0.046 0.037 0.014 0.018 0.105 0.15 0.095 0.004 0.014 0.044
18 L 0.045 0.083 0.017 0.016 0.014 0.019 0.023 0.022 0.011 0.1 0.307 0.036 0.036 0.04 0.014 0.026 0.033 0.006 0.019 0.131
19 L 0.111 0.025 0.024 0.024 0.015 0.02 0.027 0.134 0.012 0.087 0.153 0.032 0.064 0.031 0.019 0.049 0.079 0.006 0.017 0.073
20 R 0.046 0.258 0.033 0.028 0.01 0.04 0.044 0.03 0.02 0.084 0.078 0.097 0.021 0.024 0.018 0.04 0.036 0.006 0.018 0.068
21 A 0.279 0.031 0.026 0.03 0.022 0.026 0.041 0.079 0.015 0.044 0.06 0.045 0.018 0.022 0.03 0.086 0.051 0.005 0.018 0.07
22 G 0.079 0.023 0.04 0.034 0.011 0.019 0.026 0.503 0.014 0.019 0.029 0.034 0.01 0.016 0.019 0.052 0.03 0.005 0.011 0.025
23 G 0.076 0.021 0.034 0.03 0.128 0.017 0.024 0.387 0.012 0.026 0.038 0.031 0.011 0.017 0.018 0.049 0.032 0.005 0.011 0.033
24 W 0.071 0.032 0.036 0.033 0.013 0.025 0.038 0.048 0.017 0.033 0.05 0.04 0.016 0.038 0.02 0.116 0.08 0.213 0.039 0.041
25 H 0.097 0.033 0.034 0.028 0.01 0.027 0.038 0.037 0.236 0.054 0.054 0.036 0.017 0.043 0.018 0.041 0.03 0.009 0.101 0.059
26 G 0.063 0.053 0.045 0.127 0.01 0.033 0.056 0.155 0.017 0.023 0.033 0.149 0.012 0.015 0.023 0.1 0.041 0.004 0.013 0.028
27 L 0.052 0.022 0.02 0.02 0.137 0.016 0.022 0.029 0.013 0.063 0.198 0.025 0.026 0.112 0.015 0.076 0.037 0.008 0.049 0.06
28 I 0.055 0.046 0.033 0.103 0.012 0.021 0.036 0.127 0.015 0.138 0.074 0.036 0.019 0.03 0.018 0.082 0.039 0.006 0.037 0.074
29 I 0.046 0.023 0.023 0.023 0.012 0.018 0.026 0.026 0.083 0.201 0.119 0.029 0.025 0.032 0.109 0.045 0.035 0.005 0.023 0.099
30 D 0.039 0.024 0.05 0.333 0.008 0.022 0.063 0.1 0.016 0.026 0.039 0.035 0.011 0.091 0.018 0.042 0.029 0.006 0.022 0.026
31 K 0.116 0.055 0.029 0.029 0.012 0.031 0.043 0.116 0.015 0.039 0.09 0.165 0.018 0.065 0.021 0.049 0.035 0.006 0.022 0.044
32 P 0.049 0.025 0.038 0.181 0.072 0.022 0.048 0.036 0.013 0.028 0.037 0.036 0.011 0.015 0.207 0.049 0.084 0.003 0.012 0.035
33 V 0.061 0.025 0.041 0.026 0.015 0.019 0.028 0.032 0.011 0.122 0.15 0.031 0.026 0.031 0.018 0.086 0.096 0.005 0.018 0.157
34 L 0.106 0.035 0.023 0.023 0.013 0.022 0.03 0.128 0.012 0.08 0.193 0.086 0.026 0.03 0.018 0.041 0.034 0.005 0.016 0.08
35 L 0.045 0.022 0.019 0.018 0.013 0.016 0.022 0.024 0.015 0.119 0.146 0.026 0.025 0.052 0.014 0.034 0.081 0.099 0.088 0.121
36 R 0.045 0.155 0.14 0.045 0.009 0.112 0.057 0.041 0.023 0.025 0.04 0.073 0.014 0.016 0.019 0.055 0.08 0.005 0.016 0.032
37 F 0.086 0.031 0.019 0.02 0.012 0.019 0.027 0.03 0.017 0.096 0.136 0.072 0.024 0.165 0.016 0.034 0.03 0.011 0.089 0.067
38 L 0.078 0.021 0.014 0.015 0.015 0.015 0.02 0.025 0.009 0.139 0.334 0.024 0.038 0.043 0.014 0.028 0.033 0.006 0.019 0.109
39 L 0.045 0.024 0.014 0.015 0.016 0.016 0.02 0.021 0.01 0.115 0.375 0.025 0.05 0.055 0.014 0.024 0.033 0.007 0.022 0.096
40 W 0.03 0.023 0.015 0.015 0.008 0.015 0.023 0.03 0.015 0.03 0.053 0.023 0.015 0.061 0.008 0.023 0.023 0.492 0.068 0.03
41 W 0.05 0.048 0.03 0.03 0.011 0.073 0.048 0.034 0.017 0.089 0.071 0.098 0.02 0.03 0.019 0.047 0.085 0.109 0.027 0.065
42 L 0.057 0.08 0.031 0.028 0.012 0.027 0.036 0.035 0.017 0.047 0.138 0.08 0.021 0.035 0.02 0.108 0.11 0.007 0.06 0.051
43 L 0.05 0.019 0.017 0.018 0.074 0.014 0.02 0.025 0.01 0.147 0.161 0.023 0.027 0.106 0.014 0.059 0.037 0.007 0.027 0.147
44 L 0.117 0.02 0.015 0.017 0.014 0.014 0.021 0.03 0.01 0.141 0.18 0.024 0.028 0.131 0.015 0.034 0.033 0.007 0.031 0.117
45 I 0.044 0.018 0.014 0.015 0.014 0.013 0.018 0.019 0.011 0.223 0.198 0.022 0.031 0.047 0.013 0.024 0.034 0.007 0.062 0.173
46 Y 0.103 0.025 0.024 0.023 0.012 0.02 0.029 0.036 0.025 0.08 0.066 0.032 0.018 0.063 0.018 0.1 0.04 0.013 0.192 0.079
47 L 0.047 0.02 0.014 0.015 0.015 0.015 0.019 0.02 0.009 0.162 0.243 0.023 0.07 0.039 0.013 0.025 0.035 0.006 0.019 0.191
48 F 0.04 0.018 0.014 0.015 0.013 0.012 0.017 0.02 0.01 0.153 0.179 0.02 0.029 0.199 0.012 0.023 0.031 0.009 0.04 0.149
49 G 0.068 0.022 0.033 0.029 0.011 0.018 0.025 0.437 0.012 0.028 0.08 0.031 0.013 0.019 0.017 0.076 0.032 0.005 0.011 0.031
50 L 0.046 0.026 0.021 0.02 0.079 0.053 0.03 0.024 0.063 0.144 0.181 0.031 0.028 0.033 0.015 0.03 0.033 0.005 0.022 0.117
51 L 0.092 0.022 0.018 0.02 0.015 0.016 0.023 0.03 0.01 0.176 0.206 0.027 0.031 0.035 0.016 0.066 0.04 0.005 0.018 0.133
52 F 0.05 0.022 0.023 0.022 0.013 0.016 0.024 0.028 0.012 0.099 0.129 0.027 0.024 0.177 0.016 0.069 0.105 0.008 0.037 0.101
53 I 0.042 0.018 0.014 0.015 0.013 0.013 0.018 0.02 0.013 0.183 0.153 0.021 0.028 0.142 0.012 0.024 0.032 0.009 0.075 0.157
54 W 0.116 0.021 0.016 0.017 0.073 0.015 0.022 0.033 0.014 0.055 0.109 0.025 0.02 0.091 0.014 0.035 0.03 0.132 0.076 0.084
55 L 0.056 0.023 0.022 0.021 0.014 0.018 0.024 0.088 0.01 0.114 0.175 0.028 0.054 0.032 0.016 0.067 0.073 0.005 0.017 0.14
56 A 0.2 0.073 0.027 0.026 0.015 0.024 0.035 0.047 0.061 0.046 0.137 0.043 0.021 0.025 0.021 0.082 0.039 0.005 0.02 0.054
57 Y 0.037 0.024 0.021 0.018 0.009 0.019 0.025 0.023 0.079 0.049 0.066 0.027 0.018 0.134 0.013 0.028 0.026 0.019 0.291 0.075
58 L 0.104 0.023 0.059 0.023 0.013 0.016 0.024 0.033 0.013 0.075 0.205 0.027 0.027 0.13 0.015 0.036 0.033 0.007 0.03 0.107
59 F 0.095 0.023 0.025 0.072 0.012 0.019 0.031 0.035 0.014 0.075 0.096 0.029 0.076 0.175 0.016 0.068 0.035 0.008 0.036 0.06
60 G 0.089 0.03 0.084 0.136 0.01 0.026 0.046 0.165 0.111 0.021 0.031 0.038 0.011 0.018 0.019 0.079 0.035 0.005 0.02 0.027
61 A 0.144 0.023 0.018 0.019 0.014 0.018 0.025 0.035 0.018 0.097 0.091 0.028 0.049 0.096 0.017 0.04 0.035 0.01 0.111 0.112
62 S 0.061 0.025 0.033 0.078 0.072 0.021 0.035 0.097 0.016 0.067 0.052 0.034 0.015 0.029 0.059 0.116 0.076 0.006 0.057 0.05
63 P 0.088 0.029 0.116 0.088 0.011 0.023 0.04 0.044 0.016 0.035 0.083 0.039 0.015 0.019 0.141 0.082 0.075 0.004 0.014 0.04
64 F 0.057 0.021 0.018 0.019 0.012 0.015 0.023 0.027 0.012 0.064 0.159 0.026 0.023 0.176 0.135 0.05 0.032 0.008 0.036 0.086
65 W 0.039 0.026 0.024 0.022 0.01 0.02 0.028 0.027 0.11 0.074 0.101 0.029 0.019 0.043 0.075 0.033 0.062 0.131 0.077 0.051
66 L 0.074 0.021 0.015 0.016 0.012 0.015 0.021 0.025 0.017 0.102 0.172 0.024 0.052 0.14 0.013 0.029 0.03 0.011 0.11 0.1
67 F 0.029 0.017 0.015 0.014 0.009 0.01 0.017 0.022 0.017 0.049 0.088 0.017 0.02 0.401 0.009 0.022 0.022 0.071 0.108 0.044
68 V 0.06 0.022 0.022 0.021 0.07 0.017 0.025 0.028 0.012 0.089 0.081 0.028 0.021 0.034 0.017 0.07 0.106 0.006 0.056 0.215
69 I 0.085 0.019 0.018 0.018 0.069 0.014 0.021 0.029 0.01 0.155 0.097 0.024 0.023 0.118 0.015 0.061 0.037 0.007 0.028 0.152
70 F 0.043 0.019 0.017 0.017 0.067 0.012 0.019 0.025 0.012 0.067 0.163 0.021 0.025 0.256 0.012 0.055 0.031 0.01 0.046 0.086
71 Y 0.037 0.019 0.015 0.015 0.065 0.014 0.019 0.021 0.022 0.144 0.091 0.022 0.021 0.153 0.012 0.025 0.027 0.014 0.19 0.075
72 I 0.077 0.019 0.019 0.019 0.013 0.014 0.021 0.027 0.011 0.182 0.102 0.024 0.024 0.165 0.015 0.038 0.096 0.008 0.034 0.092
73 L 0.084 0.02 0.016 0.017 0.07 0.015 0.02 0.026 0.008 0.158 0.173 0.024 0.027 0.032 0.015 0.035 0.068 0.005 0.017 0.169
74 L 0.051 0.025 0.024 0.023 0.014 0.02 0.026 0.028 0.055 0.132 0.168 0.03 0.052 0.032 0.016 0.067 0.102 0.005 0.02 0.11
75 F 0.038 0.019 0.016 0.016 0.012 0.013 0.019 0.022 0.014 0.109 0.183 0.022 0.027 0.207 0.012 0.028 0.06 0.011 0.079 0.093
76 L 0.08 0.019 0.014 0.016 0.069 0.014 0.019 0.025 0.009 0.145 0.182 0.023 0.054 0.078 0.014 0.03 0.034 0.006 0.023 0.145
77 L 0.054 0.021 0.022 0.021 0.068 0.016 0.024 0.029 0.011 0.126 0.137 0.026 0.024 0.104 0.016 0.092 0.071 0.006 0.026 0.105
78 N 0.113 0.027 0.141 0.036 0.011 0.02 0.031 0.044 0.019 0.04 0.095 0.033 0.017 0.134 0.017 0.075 0.037 0.008 0.056 0.044
79 L 0.045 0.029 0.019 0.021 0.012 0.019 0.027 0.026 0.011 0.094 0.156 0.063 0.049 0.031 0.126 0.034 0.064 0.061 0.02 0.094
80 P 0.048 0.022 0.02 0.026 0.009 0.018 0.031 0.031 0.011 0.022 0.031 0.035 0.009 0.011 0.571 0.037 0.031 0.002 0.011 0.026
81 K 0.052 0.179 0.036 0.032 0.009 0.038 0.048 0.036 0.017 0.027 0.041 0.198 0.014 0.015 0.021 0.079 0.102 0.005 0.015 0.035
82 Y 0.036 0.115 0.029 0.068 0.008 0.026 0.038 0.027 0.067 0.036 0.091 0.079 0.017 0.094 0.015 0.032 0.027 0.012 0.146 0.037
83 L 0.083 0.021 0.017 0.017 0.015 0.016 0.021 0.026 0.009 0.138 0.217 0.026 0.056 0.035 0.015 0.034 0.068 0.005 0.018 0.162
84 L 0.04 0.018 0.013 0.014 0.013 0.012 0.017 0.02 0.01 0.15 0.221 0.02 0.031 0.172 0.012 0.022 0.03 0.008 0.035 0.144
85 S 0.093 0.034 0.046 0.041 0.015 0.028 0.044 0.056 0.016 0.025 0.036 0.046 0.013 0.018 0.025 0.339 0.069 0.004 0.015 0.036
86 P 0.048 0.022 0.02 0.026 0.009 0.018 0.031 0.031 0.011 0.022 0.031 0.035 0.009 0.011 0.571 0.037 0.031 0.002 0.011 0.026
87 L 0.075 0.07 0.017 0.018 0.013 0.02 0.026 0.026 0.011 0.105 0.309 0.068 0.032 0.036 0.015 0.03 0.031 0.005 0.018 0.075
88 N 0.095 0.034 0.192 0.049 0.012 0.027 0.04 0.053 0.019 0.028 0.037 0.043 0.013 0.017 0.022 0.148 0.114 0.004 0.014 0.038
89 I 0.044 0.018 0.014 0.015 0.014 0.013 0.018 0.02 0.009 0.186 0.159 0.021 0.055 0.125 0.012 0.024 0.033 0.007 0.029 0.184
90 L 0.037 0.019 0.013 0.014 0.013 0.012 0.017 0.019 0.01 0.089 0.323 0.02 0.034 0.175 0.011 0.022 0.028 0.008 0.036 0.101
91 Y 0.033 0.021 0.017 0.015 0.008 0.016 0.021 0.021 0.032 0.042 0.07 0.023 0.018 0.222 0.012 0.025 0.023 0.021 0.318 0.042
92 A 0.226 0.022 0.021 0.023 0.015 0.018 0.027 0.156 0.011 0.083 0.102 0.031 0.019 0.023 0.02 0.052 0.037 0.005 0.015 0.094
93 Y 0.034 0.024 0.018 0.016 0.008 0.018 0.024 0.021 0.04 0.037 0.058 0.026 0.016 0.111 0.013 0.026 0.024 0.024 0.422 0.04
94 Y 0.034 0.025 0.021 0.018 0.008 0.02 0.026 0.022 0.081 0.035 0.055 0.028 0.016 0.102 0.014 0.027 0.024 0.022 0.385 0.038
95 G 0.061 0.02 0.029 0.025 0.01 0.016 0.021 0.471 0.011 0.032 0.113 0.027 0.015 0.02 0.015 0.039 0.026 0.005 0.011 0.033
96 L 0.11 0.021 0.014 0.016 0.015 0.015 0.02 0.028 0.009 0.114 0.354 0.025 0.036 0.04 0.015 0.031 0.032 0.006 0.018 0.084
97 W 0.026 0.019 0.013 0.013 0.007 0.012 0.019 0.025 0.013 0.031 0.055 0.019 0.015 0.137 0.007 0.02 0.02 0.459 0.061 0.03
98 F 0.031 0.019 0.016 0.015 0.009 0.013 0.019 0.021 0.024 0.047 0.081 0.02 0.019 0.333 0.011 0.023 0.022 0.018 0.214 0.044
99 L 0.048 0.018 0.017 0.017 0.013 0.013 0.018 0.132 0.009 0.171 0.173 0.022 0.027 0.077 0.013 0.027 0.031 0.006 0.022 0.146
100 L 0.081 0.019 0.014 0.015 0.015 0.014 0.019 0.024 0.008 0.161 0.255 0.023 0.033 0.037 0.014 0.028 0.035 0.005 0.018 0.183
101 A 0.298 0.026 0.024 0.027 0.016 0.022 0.035 0.058 0.013 0.033 0.045 0.038 0.013 0.017 0.134 0.092 0.043 0.004 0.014 0.05
102 P 0.048 0.021 0.018 0.024 0.01 0.017 0.028 0.028 0.01 0.041 0.083 0.032 0.014 0.016 0.459 0.035 0.032 0.003 0.012 0.067
103 L 0.039 0.025 0.016 0.017 0.012 0.047 0.025 0.022 0.012 0.109 0.291 0.028 0.085 0.041 0.013 0.025 0.03 0.062 0.023 0.077
104 F 0.034 0.017 0.016 0.015 0.01 0.011 0.017 0.077 0.013 0.059 0.164 0.018 0.024 0.347 0.01 0.024 0.023 0.012 0.057 0.051
105 A 0.332 0.025 0.024 0.026 0.016 0.021 0.032 0.17 0.012 0.032 0.045 0.036 0.013 0.017 0.023 0.066 0.039 0.005 0.014 0.051
106 E 0.058 0.048 0.038 0.054 0.009 0.101 0.197 0.037 0.02 0.024 0.037 0.093 0.014 0.015 0.022 0.108 0.073 0.005 0.015 0.032
107 R 0.044 0.325 0.034 0.028 0.008 0.037 0.043 0.085 0.018 0.022 0.039 0.117 0.013 0.015 0.018 0.043 0.063 0.005 0.014 0.029
108 Y 0.033 0.022 0.018 0.016 0.008 0.017 0.022 0.021 0.035 0.04 0.066 0.024 0.017 0.185 0.012 0.025 0.023 0.022 0.353 0.041
109 A 0.139 0.036 0.036 0.083 0.013 0.089 0.087 0.046 0.017 0.036 0.045 0.049 0.015 0.017 0.022 0.113 0.076 0.005 0.015 0.063
110 G 0.048 0.029 0.12 0.192 0.008 0.053 0.051 0.242 0.017 0.018 0.026 0.04 0.009 0.014 0.018 0.047 0.031 0.004 0.011 0.022
111 G 0.048 0.026 0.025 0.03 0.009 0.024 0.073 0.179 0.023 0.04 0.069 0.033 0.048 0.11 0.015 0.036 0.028 0.012 0.131 0.041
112 L 0.054 0.024 0.029 0.115 0.013 0.02 0.036 0.031 0.012 0.095 0.158 0.031 0.05 0.029 0.017 0.092 0.041 0.005 0.016 0.134
113 L 0.036 0.023 0.055 0.02 0.011 0.016 0.021 0.024 0.016 0.068 0.212 0.025 0.079 0.179 0.012 0.027 0.028 0.01 0.076 0.06
114 D 0.048 0.034 0.145 0.181 0.009 0.057 0.055 0.044 0.019 0.023 0.032 0.045 0.011 0.015 0.075 0.091 0.072 0.004 0.013 0.029
115 L 0.082 0.07 0.07 0.094 0.012 0.025 0.062 0.037 0.015 0.048 0.167 0.043 0.021 0.025 0.018 0.074 0.069 0.005 0.015 0.049
116 P 0.048 0.037 0.026 0.076 0.01 0.026 0.075 0.029 0.013 0.053 0.091 0.105 0.017 0.019 0.184 0.037 0.033 0.004 0.014 0.102
117 E 0.085 0.038 0.032 0.053 0.009 0.07 0.224 0.035 0.022 0.026 0.04 0.054 0.013 0.028 0.021 0.069 0.067 0.007 0.069 0.036
118 Y 0.039 0.024 0.019 0.022 0.009 0.021 0.06 0.022 0.031 0.08 0.069 0.029 0.018 0.086 0.014 0.028 0.027 0.018 0.3 0.083
119 D 0.064 0.076 0.119 0.133 0.01 0.058 0.052 0.044 0.018 0.026 0.037 0.051 0.013 0.016 0.021 0.104 0.106 0.004 0.014 0.034
120 L 0.042 0.02 0.013 0.014 0.014 0.014 0.018 0.019 0.011 0.128 0.325 0.022 0.035 0.049 0.013 0.023 0.031 0.007 0.059 0.144
121 A 0.246 0.03 0.034 0.033 0.017 0.025 0.039 0.061 0.014 0.031 0.043 0.042 0.014 0.018 0.025 0.205 0.056 0.004 0.015 0.047
122 F 0.071 0.02 0.016 0.016 0.012 0.015 0.02 0.025 0.017 0.122 0.138 0.023 0.05 0.184 0.013 0.028 0.028 0.012 0.116 0.074
123 L 0.15 0.021 0.016 0.018 0.042 0.016 0.023 0.062 0.01 0.09 0.189 0.026 0.025 0.033 0.016 0.039 0.034 0.062 0.02 0.109
124 L 0.04 0.023 0.014 0.015 0.014 0.018 0.02 0.02 0.011 0.093 0.349 0.025 0.141 0.044 0.013 0.025 0.031 0.006 0.02 0.08
125 L 0.15 0.021 0.016 0.017 0.015 0.016 0.023 0.034 0.01 0.085 0.223 0.026 0.028 0.078 0.016 0.038 0.035 0.006 0.023 0.141
126 F 0.043 0.023 0.023 0.021 0.01 0.017 0.025 0.028 0.022 0.044 0.071 0.027 0.018 0.231 0.015 0.066 0.095 0.014 0.161 0.046
127 T 0.064 0.026 0.03 0.027 0.015 0.02 0.029 0.089 0.011 0.077 0.068 0.033 0.019 0.023 0.02 0.086 0.202 0.005 0.015 0.142
128 T 0.059 0.029 0.11 0.037 0.014 0.023 0.033 0.058 0.014 0.056 0.058 0.037 0.017 0.021 0.02 0.089 0.193 0.005 0.015 0.113
129 F 0.032 0.019 0.015 0.014 0.01 0.012 0.018 0.021 0.018 0.061 0.176 0.019 0.025 0.305 0.011 0.022 0.024 0.014 0.131 0.053
130 G 0.062 0.022 0.029 0.026 0.012 0.017 0.024 0.307 0.011 0.077 0.093 0.029 0.017 0.022 0.017 0.07 0.066 0.005 0.013 0.081
131 I 0.051 0.019 0.016 0.017 0.015 0.014 0.02 0.022 0.008 0.217 0.188 0.024 0.03 0.035 0.014 0.055 0.039 0.005 0.017 0.194
132 G 0.067 0.021 0.03 0.027 0.121 0.017 0.024 0.311 0.011 0.03 0.077 0.029 0.014 0.018 0.017 0.098 0.036 0.004 0.011 0.035
133 L 0.082 0.02 0.014 0.016 0.015 0.015 0.02 0.024 0.011 0.131 0.21 0.024 0.03 0.043 0.014 0.029 0.035 0.007 0.058 0.201
134 L 0.045 0.018 0.014 0.014 0.068 0.013 0.018 0.02 0.011 0.151 0.177 0.021 0.028 0.087 0.013 0.025 0.033 0.008 0.063 0.174
135 A 0.188 0.024 0.023 0.023 0.014 0.018 0.028 0.098 0.012 0.046 0.1 0.031 0.019 0.113 0.019 0.055 0.099 0.007 0.027 0.055
136 L 0.039 0.02 0.013 0.014 0.014 0.014 0.017 0.018 0.009 0.182 0.342 0.022 0.063 0.043 0.012 0.022 0.031 0.006 0.019 0.102
137 K 0.043 0.047 0.069 0.03 0.009 0.028 0.038 0.032 0.022 0.071 0.062 0.145 0.017 0.09 0.018 0.042 0.067 0.01 0.11 0.05
138 F 0.075 0.019 0.02 0.068 0.012 0.014 0.026 0.028 0.012 0.099 0.132 0.023 0.024 0.226 0.013 0.031 0.03 0.009 0.043 0.097
139 G 0.096 0.026 0.044 0.029 0.01 0.019 0.027 0.4 0.013 0.024 0.037 0.055 0.011 0.065 0.017 0.046 0.028 0.006 0.018 0.029
140 E 0.047 0.045 0.033 0.066 0.007 0.05 0.315 0.03 0.02 0.059 0.045 0.095 0.014 0.017 0.021 0.045 0.032 0.005 0.015 0.041
141 T 0.074 0.036 0.044 0.038 0.018 0.028 0.04 0.044 0.014 0.054 0.066 0.046 0.02 0.024 0.028 0.094 0.235 0.006 0.018 0.072
142 L 0.045 0.025 0.014 0.015 0.016 0.016 0.021 0.022 0.01 0.117 0.366 0.026 0.05 0.056 0.014 0.025 0.034 0.007 0.023 0.098
143 F 0.038 0.111 0.039 0.059 0.009 0.055 0.073 0.027 0.017 0.045 0.067 0.047 0.018 0.202 0.014 0.033 0.029 0.008 0.039 0.07
144 I 0.079 0.023 0.021 0.021 0.012 0.018 0.026 0.03 0.058 0.142 0.089 0.028 0.047 0.07 0.033 0.061 0.034 0.064 0.068 0.075
145 G 0.159 0.058 0.028 0.027 0.012 0.032 0.032 0.262 0.013 0.06 0.047 0.073 0.014 0.017 0.019 0.05 0.033 0.005 0.013 0.046
146 K 0.084 0.112 0.036 0.037 0.009 0.039 0.086 0.039 0.09 0.023 0.037 0.19 0.013 0.017 0.021 0.075 0.035 0.005 0.02 0.03
147 R 0.084 0.171 0.032 0.03 0.01 0.034 0.044 0.037 0.017 0.029 0.047 0.161 0.015 0.062 0.02 0.076 0.068 0.006 0.021 0.036
148 K 0.057 0.107 0.042 0.042 0.009 0.054 0.071 0.043 0.021 0.028 0.043 0.278 0.016 0.016 0.028 0.054 0.04 0.005 0.017 0.033
149 I 0.049 0.033 0.022 0.023 0.012 0.055 0.032 0.092 0.012 0.174 0.139 0.073 0.026 0.029 0.016 0.032 0.034 0.005 0.017 0.124
150 Q 0.056 0.074 0.044 0.047 0.009 0.215 0.103 0.041 0.029 0.026 0.047 0.091 0.021 0.015 0.024 0.056 0.041 0.006 0.021 0.035
151 T 0.073 0.036 0.043 0.038 0.018 0.028 0.039 0.043 0.014 0.053 0.065 0.045 0.02 0.024 0.028 0.093 0.246 0.006 0.018 0.071
152 S 0.11 0.04 0.054 0.049 0.018 0.033 0.052 0.066 0.019 0.03 0.042 0.054 0.016 0.021 0.03 0.22 0.082 0.005 0.018 0.042
153 R 0.045 0.345 0.039 0.031 0.008 0.048 0.052 0.033 0.023 0.023 0.047 0.12 0.016 0.017 0.019 0.045 0.035 0.006 0.017 0.031
154 N 0.085 0.079 0.111 0.037 0.01 0.029 0.04 0.043 0.067 0.026 0.04 0.08 0.013 0.036 0.019 0.104 0.04 0.008 0.099 0.033
155 L 0.044 0.108 0.026 0.052 0.011 0.023 0.032 0.026 0.059 0.067 0.144 0.043 0.022 0.036 0.016 0.035 0.064 0.007 0.06 0.124
156 S 0.057 0.034 0.03 0.033 0.011 0.026 0.071 0.034 0.017 0.043 0.054 0.072 0.015 0.073 0.089 0.103 0.096 0.007 0.061 0.073
157 L 0.047 0.032 0.027 0.074 0.012 0.024 0.071 0.029 0.012 0.061 0.176 0.069 0.023 0.026 0.073 0.042 0.098 0.005 0.015 0.085
158 I 0.047 0.018 0.015 0.018 0.016 0.013 0.018 0.021 0.009 0.271 0.168 0.024 0.037 0.044 0.015 0.025 0.04 0.006 0.021 0.177
159 K 0.042 0.116 0.096 0.109 0.008 0.036 0.054 0.038 0.024 0.025 0.039 0.155 0.013 0.032 0.02 0.045 0.034 0.008 0.077 0.029
160 R 0.045 0.345 0.039 0.031 0.008 0.048 0.052 0.033 0.023 0.023 0.047 0.12 0.016 0.017 0.019 0.045 0.035 0.006 0.017 0.031
161 P 0.057 0.026 0.023 0.031 0.01 0.021 0.036 0.036 0.013 0.026 0.036 0.041 0.01 0.013 0.494 0.044 0.036 0.003 0.013 0.031
162 V 0.07 0.022 0.016 0.018 0.019 0.016 0.023 0.025 0.008 0.165 0.13 0.026 0.032 0.036 0.016 0.033 0.049 0.006 0.021 0.269
163 G 0.078 0.023 0.039 0.034 0.011 0.019 0.026 0.51 0.014 0.019 0.028 0.034 0.009 0.016 0.019 0.051 0.03 0.005 0.011 0.024
164 E 0.055 0.05 0.04 0.09 0.007 0.064 0.296 0.035 0.026 0.022 0.037 0.076 0.013 0.017 0.026 0.055 0.037 0.006 0.017 0.031
165 R 0.045 0.345 0.039 0.031 0.008 0.048 0.052 0.033 0.023 0.023 0.047 0.12 0.016 0.017 0.019 0.045 0.035 0.006 0.017 0.031
166 S 0.056 0.068 0.029 0.026 0.012 0.023 0.031 0.033 0.057 0.087 0.117 0.039 0.048 0.073 0.017 0.121 0.042 0.006 0.026 0.089
167 L 0.043 0.034 0.167 0.049 0.013 0.025 0.035 0.043 0.021 0.069 0.205 0.039 0.03 0.036 0.017 0.047 0.041 0.006 0.019 0.061
168 G 0.053 0.034 0.032 0.039 0.009 0.088 0.114 0.143 0.017 0.029 0.047 0.046 0.015 0.108 0.018 0.074 0.066 0.007 0.026 0.034
169 G 0.092 0.033 0.032 0.036 0.012 0.026 0.072 0.169 0.014 0.034 0.04 0.074 0.013 0.016 0.09 0.123 0.042 0.004 0.013 0.065
170 V 0.052 0.078 0.024 0.026 0.012 0.057 0.049 0.028 0.013 0.136 0.125 0.068 0.024 0.027 0.017 0.065 0.039 0.005 0.017 0.14
171 E 0.056 0.05 0.041 0.091 0.008 0.065 0.287 0.035 0.026 0.022 0.037 0.077 0.013 0.017 0.026 0.056 0.037 0.006 0.017 0.032
172 I 0.048 0.018 0.015 0.018 0.016 0.013 0.018 0.021 0.009 0.261 0.17 0.024 0.037 0.045 0.015 0.025 0.04 0.006 0.021 0.179
173 N 0.042 0.03 0.166 0.144 0.008 0.025 0.046 0.103 0.066 0.019 0.027 0.039 0.009 0.015 0.14 0.047 0.033 0.004 0.015 0.023
174 K 0.046 0.04 0.07 0.081 0.009 0.028 0.076 0.089 0.018 0.037 0.045 0.106 0.013 0.029 0.018 0.044 0.064 0.063 0.059 0.065
175 L 0.119 0.056 0.022 0.022 0.013 0.021 0.028 0.144 0.011 0.089 0.156 0.068 0.022 0.026 0.017 0.04 0.033 0.005 0.015 0.092
176 D 0.049 0.025 0.071 0.122 0.011 0.021 0.039 0.036 0.014 0.103 0.072 0.034 0.043 0.068 0.072 0.096 0.039 0.005 0.02 0.059
177 G 0.081 0.035 0.065 0.03 0.01 0.053 0.037 0.09 0.059 0.073 0.059 0.071 0.016 0.066 0.072 0.041 0.033 0.005 0.024 0.078
178 R 0.045 0.336 0.039 0.031 0.008 0.049 0.053 0.033 0.024 0.024 0.047 0.122 0.016 0.018 0.02 0.045 0.035 0.006 0.018 0.031
179 R 0.045 0.336 0.039 0.031 0.008 0.049 0.053 0.033 0.024 0.024 0.047 0.122 0.016 0.018 0.02 0.045 0.035 0.006 0.018 0.031
180 L 0.082 0.107 0.024 0.022 0.012 0.021 0.029 0.032 0.013 0.059 0.147 0.042 0.022 0.117 0.016 0.068 0.067 0.007 0.028 0.084
181 R 0.04 0.209 0.028 0.026 0.008 0.064 0.044 0.029 0.017 0.036 0.095 0.133 0.044 0.024 0.016 0.036 0.03 0.062 0.02 0.038
182 S 0.068 0.036 0.038 0.086 0.013 0.026 0.043 0.107 0.014 0.103 0.063 0.076 0.017 0.022 0.021 0.134 0.049 0.005 0.015 0.063
183 F 0.034 0.019 0.017 0.017 0.011 0.011 0.019 0.026 0.017 0.064 0.116 0.019 0.026 0.378 0.011 0.026 0.026 0.017 0.09 0.056
184 L 0.045 0.025 0.014 0.015 0.016 0.016 0.021 0.022 0.01 0.117 0.366 0.026 0.05 0.056 0.014 0.025 0.034 0.007 0.023 0.098
185 I 0.048 0.018 0.015 0.018 0.016 0.014 0.018 0.021 0.009 0.26 0.17 0.024 0.037 0.045 0.015 0.025 0.04 0.006 0.021 0.179
186 L 0.049 0.075 0.029 0.026 0.011 0.025 0.033 0.03 0.059 0.079 0.14 0.074 0.022 0.035 0.018 0.07 0.099 0.007 0.06 0.058
187 L 0.041 0.02 0.014 0.014 0.013 0.014 0.018 0.019 0.012 0.18 0.265 0.022 0.059 0.048 0.013 0.023 0.031 0.007 0.059 0.127
188 L 0.099 0.022 0.021 0.021 0.014 0.017 0.025 0.033 0.011 0.132 0.189 0.028 0.027 0.077 0.016 0.092 0.04 0.006 0.023 0.109
189 F 0.053 0.025 0.016 0.017 0.012 0.015 0.022 0.023 0.011 0.14 0.163 0.057 0.027 0.167 0.013 0.027 0.031 0.008 0.035 0.138
190 L 0.036 0.02 0.012 0.013 0.013 0.013 0.017 0.019 0.01 0.089 0.396 0.02 0.038 0.133 0.011 0.021 0.027 0.008 0.03 0.075
191 Y 0.043 0.024 0.021 0.019 0.011 0.018 0.025 0.026 0.026 0.05 0.142 0.028 0.021 0.117 0.015 0.061 0.063 0.015 0.225 0.05
192 L 0.112 0.021 0.016 0.017 0.014 0.015 0.022 0.031 0.012 0.073 0.194 0.025 0.053 0.168 0.015 0.044 0.032 0.008 0.035 0.094
193 I 0.044 0.017 0.013 0.015 0.014 0.012 0.017 0.019 0.008 0.239 0.172 0.02 0.03 0.081 0.013 0.023 0.034 0.006 0.023 0.2
194 G 0.094 0.031 0.046 0.041 0.014 0.026 0.039 0.289 0.016 0.024 0.035 0.044 0.012 0.018 0.024 0.137 0.056 0.005 0.014 0.033
195 S 0.147 0.03 0.037 0.034 0.07 0.025 0.038 0.053 0.014 0.031 0.042 0.041 0.014 0.018 0.024 0.229 0.089 0.004 0.014 0.044
196 S 0.11 0.04 0.054 0.049 0.018 0.033 0.052 0.066 0.019 0.03 0.042 0.054 0.016 0.021 0.03 0.22 0.082 0.005 0.018 0.042
197 L 0.045 0.024 0.014 0.015 0.016 0.016 0.02 0.021 0.01 0.115 0.375 0.025 0.05 0.055 0.014 0.024 0.033 0.007 0.022 0.096
198 R 0.045 0.345 0.039 0.031 0.008 0.048 0.052 0.033 0.023 0.023 0.047 0.12 0.016 0.017 0.019 0.045 0.035 0.006 0.017 0.031
199 L 0.045 0.024 0.014 0.015 0.016 0.016 0.02 0.021 0.01 0.115 0.375 0.025 0.05 0.055 0.014 0.024 0.033 0.007 0.022 0.096
200 C 0.065 0.016 0.016 0.016 0.484 0.012 0.016 0.032 0.008 0.045 0.065 0.02 0.016 0.02 0.016 0.041 0.037 0.004 0.012 0.057
201 C 0.065 0.016 0.016 0.016 0.484 0.012 0.016 0.032 0.008 0.045 0.065 0.02 0.016 0.02 0.016 0.041 0.037 0.004 0.012 0.057
202 V 0.07 0.022 0.016 0.018 0.019 0.016 0.023 0.025 0.008 0.165 0.13 0.026 0.032 0.036 0.016 0.033 0.049 0.006 0.021 0.269
203 K 0.057 0.107 0.042 0.042 0.009 0.054 0.071 0.043 0.021 0.028 0.043 0.278 0.016 0.016 0.028 0.054 0.04 0.005 0.017 0.033
204 E 0.055 0.05 0.04 0.09 0.007 0.064 0.296 0.035 0.026 0.022 0.037 0.076 0.013 0.017 0.026 0.055 0.037 0.006 0.017 0.031
205 L 0.045 0.024 0.014 0.015 0.016 0.016 0.02 0.021 0.01 0.115 0.375 0.025 0.05 0.055 0.014 0.024 0.033 0.007 0.022 0.096
206 S 0.11 0.04 0.054 0.049 0.018 0.033 0.052 0.066 0.019 0.03 0.042 0.054 0.016 0.021 0.03 0.22 0.082 0.005 0.018 0.042
207 T 0.073 0.036 0.043 0.038 0.018 0.028 0.039 0.043 0.014 0.053 0.065 0.045 0.02 0.024 0.028 0.093 0.246 0.006 0.018 0.071
208 S 0.11 0.04 0.054 0.049 0.018 0.033 0.052 0.066 0.019 0.03 0.042 0.054 0.016 0.021 0.03 0.22 0.082 0.005 0.018 0.042
209 S 0.11 0.04 0.054 0.049 0.018 0.033 0.052 0.066 0.019 0.03 0.042 0.054 0.016 0.021 0.03 0.22 0.082 0.005 0.018 0.042
210 F 0.034 0.019 0.017 0.017 0.011 0.011 0.019 0.025 0.017 0.063 0.114 0.019 0.025 0.387 0.011 0.025 0.025 0.017 0.089 0.055
211 I 0.047 0.018 0.015 0.018 0.016 0.013 0.018 0.021 0.009 0.271 0.168 0.024 0.037 0.044 0.015 0.025 0.04 0.006 0.021 0.177
212 S 0.11 0.04 0.054 0.049 0.018 0.033 0.052 0.066 0.019 0.03 0.042 0.054 0.016 0.021 0.03 0.22 0.082 0.005 0.018 0.042
213 Q 0.056 0.074 0.044 0.047 0.009 0.215 0.103 0.041 0.029 0.026 0.047 0.091 0.021 0.015 0.024 0.056 0.041 0.006 0.021 0.035
214 T 0.073 0.036 0.043 0.038 0.018 0.028 0.039 0.043 0.014 0.053 0.065 0.045 0.02 0.024 0.028 0.093 0.246 0.006 0.018 0.071
215 V 0.07 0.022 0.016 0.018 0.019 0.016 0.023 0.025 0.008 0.165 0.13 0.026 0.032 0.036 0.016 0.033 0.049 0.006 0.021 0.269
216 T 0.073 0.036 0.043 0.038 0.018 0.028 0.039 0.043 0.014 0.053 0.065 0.045 0.02 0.024 0.028 0.093 0.246 0.006 0.018 0.071
217 S 0.11 0.04 0.054 0.049 0.018 0.033 0.052 0.066 0.019 0.03 0.042 0.054 0.016 0.021 0.03 0.22 0.082 0.005 0.018 0.042
218 P 0.057 0.026 0.023 0.031 0.01 0.021 0.036 0.036 0.013 0.026 0.036 0.041 0.01 0.013 0.494 0.044 0.036 0.003 0.013 0.031
219 L 0.045 0.024 0.014 0.015 0.016 0.016 0.02 0.021 0.01 0.115 0.375 0.025 0.05 0.055 0.014 0.024 0.033 0.007 0.022 0.096
220 K 0.057 0.107 0.042 0.042 0.009 0.054 0.071 0.043 0.021 0.028 0.043 0.278 0.016 0.016 0.028 0.054 0.04 0.005 0.017 0.033
221 P 0.057 0.026 0.023 0.031 0.01 0.021 0.036 0.036 0.013 0.026 0.036 0.041 0.01 0.013 0.494 0.044 0.036 0.003 0.013 0.031
222 Y 0.04 0.028 0.022 0.019 0.009 0.022 0.028 0.025 0.047 0.044 0.068 0.031 0.019 0.131 0.016 0.031 0.028 0.028 0.318 0.047
223 R 0.045 0.345 0.039 0.031 0.008 0.048 0.052 0.033 0.023 0.023 0.047 0.12 0.016 0.017 0.019 0.045 0.035 0.006 0.017 0.031
224 L 0.045 0.024 0.014 0.015 0.016 0.016 0.02 0.021 0.01 0.115 0.375 0.025 0.05 0.055 0.014 0.024 0.033 0.007 0.022 0.096
225 V 0.07 0.022 0.016 0.018 0.019 0.016 0.023 0.025 0.008 0.165 0.13 0.026 0.032 0.036 0.016 0.033 0.049 0.006 0.021 0.269
226 D 0.041 0.03 0.069 0.397 0.008 0.03 0.091 0.047 0.019 0.022 0.028 0.045 0.009 0.015 0.022 0.052 0.035 0.004 0.011 0.024
227 S 0.11 0.04 0.054 0.049 0.018 0.033 0.052 0.066 0.019 0.03 0.042 0.054 0.016 0.021 0.03 0.22 0.082 0.005 0.018 0.042
228 W 0.03 0.023 0.015 0.015 0.008 0.015 0.023 0.03 0.015 0.03 0.053 0.023 0.015 0.061 0.008 0.023 0.023 0.492 0.068 0.03
229 S 0.11 0.04 0.054 0.049 0.018 0.033 0.052 0.066 0.019 0.03 0.042 0.054 0.016 0.021 0.03 0.22 0.082 0.005 0.018 0.042
230 Q 0.056 0.074 0.044 0.047 0.009 0.215 0.103 0.041 0.029 0.026 0.047 0.091 0.021 0.015 0.024 0.056 0.041 0.006 0.021 0.035
231 R 0.045 0.345 0.039 0.031 0.008 0.048 0.052 0.033 0.023 0.023 0.047 0.12 0.016 0.017 0.019 0.045 0.035 0.006 0.017 0.031
232 R 0.045 0.345 0.039 0.031 0.008 0.048 0.052 0.033 0.023 0.023 0.047 0.12 0.016 0.017 0.019 0.045 0.035 0.006 0.017 0.031
233 V 0.07 0.022 0.016 0.018 0.019 0.016 0.023 0.025 0.008 0.165 0.13 0.026 0.032 0.036 0.016 0.033 0.049 0.006 0.021 0.269
234 L 0.045 0.024 0.014 0.015 0.016 0.016 0.02 0.021 0.01 0.115 0.375 0.025 0.05 0.055 0.014 0.024 0.033 0.007 0.022 0.096
235 F 0.034 0.019 0.017 0.017 0.011 0.011 0.019 0.025 0.017 0.063 0.114 0.019 0.025 0.387 0.011 0.025 0.025 0.017 0.089 0.055
236 C 0.065 0.016 0.016 0.016 0.484 0.012 0.016 0.032 0.008 0.045 0.065 0.02 0.016 0.02 0.016 0.041 0.037 0.004 0.012 0.057
237 I 0.047 0.018 0.015 0.018 0.016 0.013 0.018 0.021 0.009 0.271 0.168 0.024 0.037 0.044 0.015 0.025 0.04 0.006 0.021 0.177
238 L 0.045 0.024 0.014 0.015 0.016 0.016 0.02 0.021 0.01 0.115 0.375 0.025 0.05 0.055 0.014 0.024 0.033 0.007 0.022 0.096
239 A 0.29 0.031 0.026 0.03 0.022 0.026 0.04 0.078 0.015 0.043 0.059 0.045 0.018 0.022 0.03 0.085 0.05 0.005 0.018 0.069
240 P 0.057 0.026 0.023 0.031 0.01 0.021 0.036 0.036 0.013 0.026 0.036 0.041 0.01 0.013 0.494 0.044 0.036 0.003 0.013 0.031
241 I 0.047 0.018 0.015 0.018 0.016 0.013 0.018 0.021 0.009 0.271 0.168 0.024 0.037 0.044 0.015 0.025 0.04 0.006 0.021 0.177
242 L 0.045 0.024 0.014 0.015 0.016 0.016 0.02 0.021 0.01 0.115 0.375 0.025 0.05 0.055 0.014 0.024 0.033 0.007 0.022 0.096
243 R 0.045 0.345 0.039 0.031 0.008 0.048 0.052 0.033 0.023 0.023 0.047 0.12 0.016 0.017 0.019 0.045 0.035 0.006 0.017 0.031
244 G 0.078 0.023 0.039 0.034 0.011 0.019 0.026 0.51 0.014 0.019 0.028 0.034 0.009 0.016 0.019 0.051 0.03 0.005 0.011 0.024
245 F 0.034 0.019 0.017 0.017 0.011 0.011 0.019 0.025 0.017 0.063 0.114 0.019 0.025 0.387 0.011 0.025 0.025 0.017 0.089 0.055
246 T 0.073 0.036 0.043 0.038 0.018 0.028 0.039 0.043 0.014 0.053 0.065 0.045 0.02 0.024 0.028 0.093 0.246 0.006 0.018 0.071
247 I 0.047 0.018 0.015 0.018 0.016 0.013 0.018 0.021 0.009 0.271 0.168 0.024 0.037 0.044 0.015 0.025 0.04 0.006 0.021 0.177
248 T 0.073 0.036 0.043 0.038 0.018 0.028 0.039 0.043 0.014 0.053 0.065 0.045 0.02 0.024 0.028 0.093 0.246 0.006 0.018 0.071
249 Q 0.056 0.074 0.044 0.047 0.009 0.215 0.103 0.041 0.029 0.026 0.047 0.091 0.021 0.015 0.024 0.056 0.041 0.006 0.021 0.035
250 Q 0.056 0.074 0.044 0.047 0.009 0.215 0.103 0.041 0.029 0.026 0.047 0.091 0.021 0.015 0.024 0.056 0.041 0.006 0.021 0.035
251 S 0.11 0.04 0.054 0.049 0.018 0.033 0.052 0.066 0.019 0.03 0.042 0.054 0.016 0.021 0.03 0.22 0.082 0.005 0.018 0.042
252 P 0.057 0.026 0.023 0.031 0.01 0.021 0.036 0.036 0.013 0.026 0.036 0.041 0.01 0.013 0.494 0.044 0.036 0.003 0.013 0.031
253 T 0.063 0.027 0.032 0.029 0.014 0.021 0.032 0.037 0.013 0.079 0.104 0.035 0.02 0.07 0.02 0.139 0.174 0.006 0.022 0.063
254 L 0.084 0.022 0.017 0.018 0.015 0.016 0.022 0.027 0.009 0.121 0.28 0.026 0.032 0.037 0.015 0.059 0.037 0.005 0.018 0.141
255 F 0.11 0.023 0.017 0.017 0.013 0.018 0.023 0.031 0.013 0.067 0.153 0.027 0.129 0.169 0.014 0.035 0.031 0.009 0.036 0.065
256 V 0.087 0.018 0.014 0.016 0.07 0.014 0.019 0.025 0.008 0.163 0.141 0.023 0.027 0.031 0.015 0.031 0.038 0.005 0.017 0.239
257 V 0.045 0.019 0.014 0.015 0.014 0.014 0.019 0.02 0.012 0.176 0.154 0.022 0.054 0.088 0.013 0.025 0.034 0.008 0.064 0.191
258 L 0.079 0.023 0.017 0.017 0.014 0.018 0.021 0.081 0.011 0.08 0.293 0.027 0.11 0.039 0.014 0.031 0.031 0.006 0.018 0.072
259 I 0.038 0.016 0.013 0.015 0.013 0.012 0.016 0.018 0.008 0.292 0.203 0.02 0.032 0.084 0.012 0.021 0.031 0.006 0.024 0.126
260 V 0.057 0.018 0.014 0.015 0.016 0.014 0.019 0.021 0.007 0.164 0.114 0.022 0.027 0.031 0.014 0.027 0.041 0.005 0.017 0.357
261 L 0.062 0.071 0.061 0.031 0.01 0.054 0.069 0.029 0.018 0.081 0.157 0.043 0.023 0.081 0.015 0.036 0.031 0.008 0.063 0.057
262 S 0.096 0.039 0.152 0.045 0.012 0.028 0.042 0.051 0.021 0.025 0.037 0.077 0.013 0.026 0.021 0.168 0.05 0.006 0.055 0.034
263 S 0.084 0.033 0.043 0.039 0.015 0.027 0.041 0.05 0.015 0.031 0.041 0.044 0.014 0.018 0.025 0.261 0.157 0.005 0.015 0.043
264 G 0.066 0.019 0.033 0.029 0.009 0.016 0.022 0.585 0.011 0.016 0.024 0.029 0.008 0.014 0.016 0.043 0.025 0.005 0.009 0.021
265 G 0.066 0.019 0.033 0.029 0.009 0.016 0.022 0.585 0.011 0.016 0.024 0.029 0.008 0.014 0.016 0.043 0.025 0.005 0.009 0.021
266 L 0.037 0.017 0.013 0.014 0.013 0.012 0.016 0.018 0.009 0.231 0.232 0.02 0.033 0.129 0.012 0.021 0.03 0.007 0.029 0.109
267 A 0.126 0.039 0.076 0.084 0.011 0.117 0.056 0.103 0.019 0.024 0.037 0.051 0.013 0.015 0.021 0.111 0.043 0.004 0.014 0.034
268 V 0.046 0.079 0.025 0.023 0.01 0.026 0.035 0.027 0.062 0.06 0.062 0.107 0.017 0.039 0.072 0.034 0.032 0.008 0.1 0.135
269 W 0.026 0.019 0.013 0.013 0.006 0.013 0.019 0.026 0.013 0.026 0.045 0.019 0.013 0.051 0.006 0.019 0.019 0.57 0.058 0.026
270 I 0.041 0.021 0.015 0.021 0.013 0.019 0.056 0.02 0.01 0.23 0.202 0.027 0.083 0.038 0.014 0.026 0.032 0.006 0.018 0.109
271 A 0.156 0.032 0.033 0.088 0.012 0.033 0.15 0.044 0.06 0.037 0.045 0.045 0.014 0.018 0.022 0.08 0.038 0.005 0.018 0.071
272 D 0.047 0.032 0.201 0.232 0.009 0.027 0.057 0.049 0.02 0.02 0.027 0.043 0.01 0.015 0.019 0.109 0.043 0.004 0.012 0.024
273 P 0.053 0.023 0.022 0.028 0.009 0.019 0.032 0.033 0.011 0.022 0.031 0.036 0.009 0.012 0.516 0.067 0.035 0.002 0.011 0.027
274 G 0.066 0.02 0.034 0.029 0.01 0.017 0.023 0.53 0.011 0.019 0.027 0.03 0.009 0.014 0.017 0.047 0.059 0.005 0.01 0.025
275 D 0.037 0.071 0.05 0.351 0.007 0.058 0.07 0.036 0.017 0.026 0.041 0.048 0.037 0.016 0.018 0.043 0.031 0.004 0.012 0.028
276 A 0.365 0.027 0.023 0.026 0.018 0.022 0.034 0.063 0.012 0.037 0.051 0.038 0.015 0.018 0.025 0.073 0.074 0.005 0.015 0.058
277 F 0.029 0.017 0.015 0.014 0.009 0.01 0.017 0.021 0.017 0.052 0.093 0.017 0.021 0.443 0.009 0.022 0.022 0.015 0.11 0.046
278 L 0.038 0.02 0.012 0.013 0.014 0.013 0.017 0.018 0.008 0.126 0.438 0.021 0.041 0.045 0.012 0.021 0.029 0.006 0.019 0.088
279 N 0.042 0.075 0.305 0.058 0.008 0.027 0.038 0.158 0.023 0.019 0.027 0.048 0.01 0.015 0.017 0.054 0.037 0.004 0.013 0.023
280 R 0.038 0.445 0.033 0.026 0.007 0.041 0.044 0.028 0.02 0.02 0.039 0.102 0.013 0.015 0.016 0.038 0.03 0.005 0.015 0.026
281 A 0.198 0.072 0.031 0.039 0.013 0.031 0.11 0.105 0.016 0.027 0.04 0.05 0.013 0.017 0.023 0.114 0.043 0.005 0.014 0.04
282 G 0.066 0.019 0.033 0.029 0.009 0.016 0.022 0.585 0.011 0.016 0.024 0.029 0.008 0.014 0.016 0.043 0.025 0.005 0.009 0.021
283 S 0.115 0.03 0.04 0.036 0.014 0.025 0.038 0.161 0.014 0.026 0.037 0.041 0.013 0.017 0.023 0.227 0.087 0.005 0.014 0.037
284 G 0.066 0.019 0.033 0.029 0.009 0.016 0.022 0.585 0.011 0.016 0.024 0.029 0.008 0.014 0.016 0.043 0.025 0.005 0.009 0.021
285 V 0.049 0.02 0.017 0.018 0.014 0.015 0.022 0.022 0.052 0.187 0.116 0.024 0.025 0.031 0.069 0.027 0.036 0.005 0.02 0.23
286 Y 0.033 0.021 0.017 0.015 0.008 0.016 0.021 0.021 0.032 0.042 0.07 0.023 0.018 0.222 0.012 0.025 0.023 0.021 0.318 0.042
287 V 0.058 0.021 0.018 0.018 0.014 0.016 0.023 0.024 0.014 0.108 0.092 0.025 0.023 0.045 0.015 0.059 0.041 0.008 0.098 0.278
288 I 0.044 0.016 0.013 0.015 0.014 0.012 0.016 0.018 0.007 0.305 0.169 0.021 0.031 0.037 0.013 0.022 0.035 0.005 0.018 0.189
289 L 0.041 0.02 0.014 0.015 0.013 0.014 0.017 0.075 0.009 0.118 0.393 0.022 0.038 0.042 0.012 0.023 0.029 0.006 0.018 0.082
290 S 0.076 0.03 0.036 0.033 0.014 0.023 0.036 0.045 0.015 0.043 0.129 0.038 0.02 0.07 0.021 0.243 0.056 0.006 0.022 0.046
291 H 0.039 0.035 0.038 0.029 0.009 0.029 0.039 0.031 0.321 0.036 0.092 0.036 0.044 0.029 0.016 0.038 0.058 0.006 0.039 0.036
292 F 0.031 0.019 0.018 0.016 0.009 0.013 0.02 0.023 0.058 0.053 0.097 0.02 0.047 0.391 0.01 0.024 0.023 0.013 0.067 0.047
293 S 0.087 0.032 0.043 0.039 0.014 0.026 0.042 0.053 0.016 0.028 0.042 0.043 0.014 0.064 0.024 0.307 0.065 0.005 0.021 0.037
294 S 0.114 0.031 0.039 0.036 0.015 0.025 0.039 0.052 0.015 0.031 0.045 0.041 0.015 0.064 0.023 0.254 0.091 0.005 0.021 0.041
295 I 0.047 0.022 0.017 0.018 0.014 0.017 0.021 0.024 0.011 0.172 0.164 0.026 0.106 0.081 0.014 0.056 0.036 0.006 0.024 0.123
296 L 0.149 0.021 0.016 0.019 0.014 0.016 0.023 0.034 0.01 0.128 0.161 0.027 0.025 0.074 0.072 0.039 0.034 0.006 0.022 0.109
297 L 0.073 0.021 0.014 0.015 0.013 0.015 0.019 0.024 0.013 0.081 0.35 0.023 0.035 0.093 0.013 0.026 0.029 0.008 0.064 0.072
298 A 0.364 0.025 0.021 0.024 0.073 0.021 0.032 0.062 0.012 0.037 0.051 0.036 0.015 0.018 0.024 0.068 0.041 0.004 0.014 0.057
299 A 0.197 0.025 0.023 0.024 0.016 0.02 0.03 0.046 0.011 0.067 0.143 0.033 0.022 0.026 0.02 0.106 0.045 0.005 0.016 0.123
300 L 0.077 0.019 0.014 0.015 0.069 0.013 0.018 0.024 0.009 0.114 0.281 0.022 0.032 0.082 0.013 0.028 0.031 0.006 0.023 0.109
301 V 0.096 0.024 0.025 0.025 0.07 0.019 0.027 0.036 0.01 0.126 0.079 0.031 0.02 0.025 0.019 0.104 0.109 0.005 0.015 0.136
302 G 0.066 0.019 0.033 0.029 0.009 0.016 0.022 0.585 0.011 0.016 0.024 0.029 0.008 0.014 0.016 0.043 0.025 0.005 0.009 0.021
303 Y 0.037 0.025 0.022 0.019 0.009 0.019 0.026 0.024 0.072 0.041 0.095 0.028 0.018 0.081 0.014 0.031 0.057 0.073 0.267 0.042
304 Y 0.035 0.026 0.062 0.024 0.008 0.02 0.027 0.026 0.102 0.068 0.063 0.029 0.017 0.117 0.014 0.03 0.026 0.016 0.244 0.046
305 A 0.227 0.023 0.022 0.023 0.126 0.019 0.028 0.048 0.011 0.073 0.061 0.032 0.017 0.02 0.021 0.061 0.103 0.004 0.014 0.066
306 Y 0.043 0.027 0.022 0.021 0.009 0.05 0.031 0.026 0.03 0.046 0.063 0.032 0.017 0.121 0.015 0.059 0.031 0.017 0.266 0.073
307 R 0.05 0.117 0.065 0.033 0.011 0.029 0.071 0.031 0.015 0.088 0.104 0.083 0.02 0.023 0.017 0.066 0.038 0.005 0.016 0.116
308 K 0.054 0.101 0.034 0.032 0.009 0.035 0.047 0.091 0.019 0.026 0.04 0.218 0.013 0.024 0.021 0.075 0.068 0.006 0.055 0.032
309 K 0.047 0.178 0.035 0.031 0.007 0.037 0.046 0.143 0.061 0.02 0.034 0.195 0.012 0.015 0.019 0.042 0.03 0.005 0.017 0.025
310 S 0.075 0.041 0.078 0.041 0.013 0.059 0.048 0.048 0.017 0.036 0.043 0.081 0.015 0.018 0.023 0.221 0.057 0.004 0.015 0.067
311 K 0.042 0.089 0.024 0.024 0.009 0.027 0.037 0.028 0.015 0.08 0.073 0.175 0.019 0.158 0.016 0.033 0.03 0.008 0.033 0.081
312 L 0.055 0.037 0.026 0.026 0.013 0.023 0.033 0.032 0.013 0.091 0.149 0.101 0.023 0.072 0.018 0.096 0.072 0.006 0.022 0.093
313 L 0.087 0.025 0.023 0.024 0.014 0.019 0.028 0.033 0.011 0.086 0.151 0.032 0.048 0.027 0.129 0.074 0.102 0.005 0.016 0.066
314 L 0.038 0.019 0.014 0.014 0.012 0.014 0.018 0.02 0.015 0.135 0.207 0.021 0.028 0.1 0.012 0.023 0.028 0.066 0.109 0.108
315 V 0.082 0.019 0.015 0.016 0.105 0.014 0.02 0.027 0.011 0.082 0.132 0.023 0.05 0.122 0.014 0.032 0.033 0.007 0.041 0.155
316 L 0.08 0.02 0.017 0.018 0.014 0.014 0.021 0.028 0.01 0.165 0.176 0.024 0.028 0.123 0.014 0.059 0.035 0.007 0.029 0.118
317 F 0.069 0.023 0.018 0.018 0.01 0.045 0.027 0.027 0.02 0.046 0.079 0.026 0.019 0.313 0.013 0.03 0.025 0.014 0.133 0.045
318 L 0.042 0.021 0.016 0.017 0.013 0.015 0.02 0.023 0.011 0.128 0.267 0.023 0.058 0.128 0.013 0.054 0.033 0.007 0.03 0.081
319 L 0.075 0.019 0.013 0.015 0.014 0.014 0.018 0.023 0.009 0.205 0.297 0.022 0.035 0.04 0.014 0.026 0.032 0.005 0.018 0.106
