#Seq2Logo.py -f /work3/idamei/ssn-clusterings/clustering/2205110921/clusters/0008_273/sequences.afa -o /work3/idamei/ssn-clusterings/clustering/2205110921/clusters/0008_273/sequences.logo
#Position Specific Frequency Matrix
A R N D C Q E G H I L K M F P S T W Y V
0 L 0.051 0.032 0.02 0.02 0.016 0.028 0.028 0.028 0.016 0.099 0.194 0.036 0.173 0.047 0.016 0.036 0.04 0.008 0.024 0.091
1 L 0.046 0.024 0.016 0.017 0.016 0.018 0.021 0.022 0.011 0.152 0.282 0.027 0.077 0.05 0.015 0.027 0.036 0.007 0.022 0.114
2 L 0.045 0.024 0.014 0.015 0.016 0.016 0.02 0.021 0.01 0.116 0.373 0.025 0.05 0.055 0.014 0.024 0.034 0.007 0.022 0.097
3 I 0.11 0.021 0.017 0.02 0.017 0.016 0.023 0.035 0.01 0.222 0.139 0.028 0.032 0.038 0.018 0.039 0.042 0.006 0.02 0.148
4 G 0.119 0.024 0.023 0.024 0.016 0.018 0.026 0.159 0.012 0.104 0.156 0.032 0.027 0.033 0.019 0.046 0.038 0.006 0.018 0.099
5 V 0.07 0.027 0.027 0.026 0.018 0.021 0.03 0.032 0.01 0.116 0.102 0.034 0.026 0.03 0.021 0.057 0.136 0.006 0.019 0.192
6 L 0.039 0.022 0.015 0.016 0.014 0.014 0.019 0.023 0.013 0.092 0.271 0.022 0.039 0.196 0.013 0.024 0.03 0.011 0.049 0.078
7 L 0.054 0.019 0.015 0.016 0.135 0.014 0.019 0.024 0.009 0.16 0.189 0.023 0.034 0.039 0.015 0.03 0.038 0.006 0.019 0.142
8 L 0.043 0.021 0.015 0.016 0.015 0.014 0.019 0.021 0.011 0.147 0.285 0.023 0.042 0.108 0.014 0.024 0.033 0.008 0.032 0.108
9 L 0.153 0.028 0.021 0.023 0.018 0.021 0.03 0.046 0.012 0.079 0.222 0.034 0.033 0.038 0.021 0.054 0.058 0.006 0.02 0.081
10 L 0.052 0.025 0.021 0.021 0.016 0.018 0.024 0.026 0.011 0.14 0.25 0.029 0.038 0.044 0.017 0.041 0.091 0.006 0.02 0.108
11 L 0.113 0.026 0.018 0.019 0.018 0.019 0.026 0.036 0.011 0.103 0.245 0.031 0.048 0.042 0.018 0.041 0.04 0.006 0.021 0.119
12 L 0.046 0.022 0.015 0.016 0.016 0.016 0.02 0.021 0.01 0.182 0.277 0.025 0.054 0.049 0.014 0.025 0.036 0.007 0.021 0.128
13 V 0.07 0.026 0.025 0.024 0.018 0.02 0.028 0.03 0.01 0.126 0.107 0.032 0.027 0.031 0.02 0.052 0.118 0.006 0.019 0.21
14 C 0.052 0.019 0.019 0.019 0.133 0.013 0.019 0.107 0.011 0.11 0.122 0.023 0.025 0.122 0.015 0.033 0.033 0.008 0.034 0.083
15 L 0.044 0.022 0.016 0.017 0.014 0.016 0.021 0.022 0.018 0.166 0.214 0.026 0.036 0.068 0.015 0.026 0.034 0.012 0.098 0.116
16 G 0.077 0.023 0.039 0.033 0.011 0.019 0.025 0.517 0.013 0.019 0.028 0.033 0.009 0.016 0.019 0.051 0.029 0.005 0.011 0.024
17 W 0.038 0.025 0.017 0.016 0.01 0.018 0.024 0.025 0.027 0.056 0.142 0.026 0.025 0.087 0.012 0.026 0.027 0.18 0.165 0.053
18 Y 0.044 0.047 0.026 0.024 0.009 0.029 0.038 0.029 0.04 0.039 0.061 0.095 0.018 0.1 0.018 0.036 0.03 0.022 0.25 0.043
19 I 0.047 0.021 0.019 0.019 0.014 0.016 0.022 0.023 0.018 0.203 0.132 0.027 0.03 0.063 0.016 0.032 0.055 0.011 0.097 0.133
20 S 0.108 0.04 0.053 0.048 0.017 0.033 0.052 0.065 0.019 0.029 0.041 0.053 0.015 0.021 0.029 0.231 0.081 0.005 0.017 0.041
21 K 0.05 0.149 0.043 0.039 0.008 0.092 0.07 0.039 0.081 0.025 0.044 0.156 0.016 0.018 0.023 0.049 0.036 0.006 0.024 0.031
22 D 0.04 0.029 0.068 0.406 0.007 0.029 0.09 0.046 0.018 0.022 0.028 0.044 0.009 0.015 0.022 0.051 0.035 0.004 0.011 0.024
23 I 0.052 0.02 0.015 0.018 0.017 0.015 0.02 0.022 0.009 0.237 0.159 0.025 0.046 0.042 0.015 0.027 0.042 0.006 0.021 0.194
24 F 0.033 0.019 0.017 0.017 0.01 0.01 0.019 0.025 0.017 0.062 0.113 0.019 0.025 0.396 0.01 0.025 0.025 0.017 0.087 0.054
25 A 0.22 0.034 0.037 0.037 0.02 0.028 0.045 0.072 0.016 0.037 0.051 0.048 0.017 0.021 0.029 0.145 0.062 0.005 0.017 0.057
26 P 0.056 0.025 0.023 0.031 0.01 0.02 0.036 0.036 0.013 0.025 0.036 0.041 0.01 0.013 0.501 0.043 0.036 0.003 0.013 0.031
27 F 0.037 0.023 0.019 0.018 0.01 0.016 0.023 0.025 0.031 0.053 0.09 0.025 0.022 0.262 0.013 0.028 0.026 0.022 0.208 0.05
28 V 0.069 0.022 0.016 0.018 0.019 0.016 0.023 0.024 0.008 0.162 0.128 0.026 0.031 0.035 0.016 0.032 0.049 0.005 0.02 0.28
29 A 0.173 0.024 0.02 0.023 0.019 0.019 0.029 0.049 0.012 0.162 0.112 0.034 0.027 0.032 0.022 0.054 0.044 0.006 0.019 0.121
30 V 0.1 0.03 0.035 0.032 0.018 0.024 0.036 0.085 0.013 0.08 0.076 0.039 0.021 0.026 0.024 0.103 0.107 0.005 0.018 0.129
31 P 0.065 0.028 0.028 0.033 0.011 0.022 0.038 0.041 0.014 0.026 0.037 0.043 0.011 0.014 0.422 0.075 0.043 0.003 0.013 0.032
32 G 0.06 0.023 0.026 0.024 0.013 0.017 0.023 0.269 0.012 0.066 0.206 0.029 0.029 0.035 0.016 0.037 0.031 0.006 0.016 0.059
33 V 0.079 0.026 0.026 0.025 0.018 0.02 0.03 0.035 0.011 0.129 0.107 0.033 0.027 0.032 0.02 0.082 0.057 0.005 0.02 0.22
34 W 0.03 0.022 0.015 0.015 0.007 0.015 0.022 0.03 0.015 0.03 0.052 0.022 0.015 0.06 0.007 0.022 0.022 0.5 0.067 0.03
35 A 0.179 0.029 0.026 0.028 0.017 0.023 0.036 0.059 0.015 0.043 0.081 0.038 0.019 0.033 0.023 0.088 0.046 0.129 0.03 0.056
36 F 0.04 0.018 0.016 0.017 0.013 0.012 0.018 0.023 0.013 0.172 0.139 0.021 0.031 0.22 0.012 0.025 0.032 0.011 0.054 0.114
37 A 0.179 0.025 0.02 0.023 0.019 0.02 0.03 0.05 0.011 0.132 0.103 0.034 0.025 0.03 0.022 0.056 0.047 0.005 0.019 0.147
38 L 0.046 0.02 0.014 0.017 0.016 0.014 0.018 0.021 0.009 0.226 0.239 0.024 0.04 0.047 0.014 0.024 0.037 0.006 0.021 0.148
39 L 0.039 0.021 0.015 0.016 0.013 0.013 0.019 0.023 0.013 0.088 0.249 0.022 0.037 0.225 0.012 0.024 0.029 0.012 0.055 0.074
40 I 0.051 0.017 0.015 0.017 0.135 0.013 0.017 0.023 0.008 0.222 0.14 0.022 0.031 0.038 0.015 0.028 0.038 0.005 0.018 0.145
41 Y 0.038 0.025 0.02 0.018 0.009 0.019 0.025 0.025 0.039 0.048 0.079 0.028 0.02 0.196 0.014 0.029 0.027 0.025 0.268 0.048
42 L 0.042 0.026 0.018 0.017 0.013 0.019 0.024 0.023 0.028 0.078 0.226 0.028 0.034 0.091 0.015 0.027 0.03 0.017 0.175 0.07
43 L 0.047 0.022 0.015 0.016 0.015 0.014 0.02 0.023 0.012 0.109 0.23 0.023 0.036 0.163 0.013 0.026 0.034 0.01 0.043 0.127
44 L 0.048 0.025 0.022 0.021 0.015 0.017 0.024 0.027 0.013 0.086 0.237 0.028 0.036 0.132 0.016 0.041 0.087 0.009 0.037 0.078
45 P 0.117 0.027 0.024 0.03 0.013 0.022 0.037 0.046 0.013 0.03 0.041 0.041 0.012 0.015 0.383 0.053 0.039 0.003 0.014 0.04
46 N 0.045 0.052 0.188 0.062 0.008 0.083 0.063 0.052 0.114 0.023 0.037 0.06 0.014 0.02 0.02 0.058 0.041 0.006 0.027 0.028
47 N 0.054 0.036 0.132 0.047 0.013 0.028 0.039 0.045 0.028 0.04 0.054 0.044 0.016 0.048 0.022 0.069 0.13 0.011 0.094 0.05
48 F 0.046 0.024 0.023 0.021 0.014 0.016 0.024 0.028 0.014 0.073 0.168 0.027 0.03 0.217 0.016 0.041 0.085 0.012 0.054 0.068
49 Y 0.038 0.025 0.02 0.018 0.009 0.019 0.025 0.025 0.039 0.048 0.079 0.028 0.02 0.196 0.014 0.029 0.027 0.025 0.268 0.048
50 P 0.056 0.045 0.027 0.033 0.01 0.028 0.044 0.037 0.015 0.026 0.037 0.103 0.011 0.013 0.383 0.046 0.037 0.003 0.014 0.031
51 I 0.048 0.018 0.015 0.017 0.016 0.013 0.018 0.021 0.009 0.272 0.162 0.023 0.036 0.043 0.015 0.025 0.04 0.006 0.02 0.183
52 G 0.061 0.049 0.108 0.045 0.09 0.03 0.042 0.165 0.019 0.029 0.041 0.101 0.013 0.018 0.021 0.057 0.057 0.005 0.014 0.036
53 N 0.048 0.044 0.14 0.065 0.008 0.041 0.113 0.086 0.139 0.022 0.034 0.054 0.013 0.021 0.021 0.054 0.036 0.006 0.029 0.026
54 D 0.046 0.049 0.113 0.137 0.01 0.032 0.056 0.043 0.02 0.088 0.067 0.102 0.018 0.023 0.021 0.049 0.04 0.005 0.016 0.064
55 F 0.033 0.019 0.017 0.017 0.01 0.01 0.019 0.025 0.017 0.062 0.113 0.019 0.025 0.396 0.01 0.025 0.025 0.017 0.087 0.054
56 P 0.117 0.027 0.024 0.03 0.013 0.022 0.037 0.046 0.013 0.03 0.041 0.041 0.012 0.015 0.383 0.053 0.039 0.003 0.014 0.04
57 F 0.048 0.021 0.021 0.02 0.012 0.014 0.021 0.147 0.014 0.069 0.182 0.024 0.029 0.187 0.014 0.031 0.029 0.011 0.046 0.06
58 C 0.115 0.027 0.096 0.036 0.135 0.021 0.031 0.049 0.016 0.088 0.077 0.035 0.02 0.025 0.02 0.055 0.044 0.005 0.016 0.09
59 L 0.041 0.023 0.015 0.015 0.015 0.015 0.02 0.022 0.012 0.101 0.317 0.023 0.043 0.139 0.013 0.024 0.031 0.009 0.038 0.085
60 L 0.109 0.032 0.034 0.032 0.018 0.025 0.036 0.047 0.014 0.062 0.14 0.041 0.026 0.03 0.025 0.097 0.137 0.006 0.019 0.071
61 I 0.056 0.02 0.015 0.017 0.017 0.015 0.02 0.022 0.009 0.218 0.168 0.024 0.035 0.041 0.015 0.028 0.043 0.006 0.02 0.211
62 W 0.03 0.022 0.015 0.015 0.007 0.015 0.022 0.03 0.015 0.03 0.052 0.022 0.015 0.06 0.007 0.022 0.022 0.5 0.067 0.03
63 L 0.051 0.021 0.015 0.017 0.017 0.015 0.02 0.022 0.009 0.196 0.229 0.024 0.039 0.045 0.015 0.026 0.039 0.006 0.021 0.174
64 L 0.056 0.023 0.02 0.02 0.017 0.017 0.023 0.025 0.01 0.172 0.194 0.028 0.035 0.041 0.017 0.038 0.076 0.006 0.02 0.163
65 G 0.085 0.027 0.042 0.037 0.012 0.022 0.032 0.404 0.015 0.021 0.031 0.038 0.011 0.017 0.021 0.096 0.042 0.005 0.012 0.028
66 F 0.034 0.019 0.017 0.017 0.01 0.011 0.019 0.025 0.019 0.061 0.109 0.02 0.024 0.374 0.011 0.026 0.025 0.018 0.108 0.054
67 F 0.058 0.024 0.026 0.025 0.014 0.017 0.028 0.035 0.016 0.071 0.097 0.029 0.024 0.242 0.016 0.078 0.043 0.012 0.059 0.089
68 L 0.053 0.022 0.015 0.016 0.017 0.016 0.021 0.022 0.009 0.158 0.263 0.025 0.041 0.046 0.015 0.027 0.039 0.006 0.021 0.17
69 S 0.13 0.034 0.043 0.04 0.017 0.028 0.043 0.139 0.017 0.037 0.071 0.046 0.018 0.023 0.026 0.159 0.063 0.005 0.017 0.047
70 S 0.108 0.04 0.053 0.048 0.017 0.033 0.052 0.065 0.019 0.029 0.041 0.053 0.015 0.021 0.029 0.231 0.081 0.005 0.017 0.041
71 L 0.046 0.024 0.017 0.017 0.014 0.018 0.022 0.023 0.019 0.141 0.213 0.027 0.047 0.068 0.015 0.027 0.035 0.012 0.098 0.118
72 V 0.102 0.023 0.017 0.019 0.019 0.017 0.025 0.032 0.01 0.144 0.163 0.028 0.032 0.037 0.018 0.039 0.045 0.006 0.02 0.205
73 C 0.126 0.025 0.027 0.026 0.215 0.02 0.028 0.086 0.011 0.044 0.06 0.033 0.017 0.021 0.022 0.065 0.094 0.005 0.015 0.06
74 D 0.06 0.035 0.048 0.167 0.01 0.034 0.101 0.044 0.027 0.029 0.042 0.048 0.014 0.045 0.023 0.092 0.045 0.01 0.093 0.035
75 C 0.051 0.042 0.027 0.027 0.13 0.072 0.046 0.032 0.028 0.039 0.063 0.063 0.019 0.086 0.018 0.041 0.034 0.013 0.126 0.045
76 R 0.107 0.108 0.025 0.024 0.013 0.027 0.034 0.039 0.024 0.079 0.08 0.054 0.021 0.082 0.019 0.046 0.036 0.012 0.101 0.07
77 T 0.11 0.033 0.038 0.034 0.018 0.026 0.038 0.047 0.013 0.06 0.069 0.043 0.02 0.024 0.027 0.085 0.205 0.006 0.018 0.087
78 A 0.128 0.036 0.04 0.037 0.015 0.03 0.045 0.055 0.103 0.032 0.046 0.046 0.015 0.022 0.105 0.104 0.066 0.005 0.026 0.044
79 P 0.067 0.032 0.055 0.037 0.013 0.026 0.039 0.043 0.017 0.044 0.076 0.044 0.052 0.024 0.222 0.09 0.049 0.005 0.017 0.048
80 A 0.243 0.032 0.03 0.031 0.02 0.026 0.04 0.069 0.014 0.045 0.06 0.044 0.018 0.022 0.029 0.086 0.101 0.005 0.017 0.068
81 S 0.108 0.04 0.053 0.048 0.017 0.033 0.052 0.065 0.019 0.029 0.041 0.053 0.015 0.021 0.029 0.231 0.081 0.005 0.017 0.041
82 K 0.055 0.07 0.038 0.052 0.009 0.094 0.131 0.038 0.023 0.031 0.054 0.144 0.029 0.018 0.064 0.052 0.039 0.005 0.018 0.037
83 A 0.131 0.03 0.036 0.131 0.014 0.03 0.091 0.048 0.016 0.094 0.074 0.044 0.019 0.024 0.023 0.056 0.041 0.005 0.016 0.077
84 A 0.204 0.035 0.039 0.039 0.019 0.029 0.046 0.071 0.017 0.036 0.05 0.049 0.016 0.021 0.029 0.158 0.065 0.005 0.017 0.055
85 V 0.063 0.048 0.027 0.029 0.054 0.074 0.05 0.032 0.015 0.096 0.088 0.085 0.025 0.025 0.02 0.042 0.044 0.005 0.019 0.159
86 E 0.052 0.054 0.032 0.046 0.011 0.086 0.12 0.033 0.02 0.096 0.101 0.097 0.024 0.026 0.021 0.044 0.038 0.006 0.019 0.073
87 L 0.051 0.133 0.023 0.021 0.014 0.026 0.031 0.026 0.014 0.124 0.171 0.056 0.031 0.035 0.016 0.033 0.038 0.006 0.02 0.133
88 V 0.058 0.048 0.03 0.039 0.013 0.083 0.095 0.032 0.019 0.078 0.102 0.074 0.059 0.028 0.02 0.044 0.042 0.006 0.02 0.109
89 P 0.056 0.025 0.023 0.031 0.01 0.02 0.036 0.036 0.013 0.025 0.036 0.041 0.01 0.013 0.501 0.043 0.036 0.003 0.013 0.031
90 N 0.042 0.044 0.327 0.082 0.009 0.033 0.049 0.064 0.031 0.022 0.031 0.053 0.011 0.018 0.02 0.069 0.049 0.004 0.015 0.027
91 K 0.054 0.135 0.039 0.038 0.009 0.079 0.068 0.039 0.022 0.032 0.056 0.206 0.029 0.018 0.024 0.05 0.039 0.006 0.018 0.037
92 R 0.049 0.132 0.083 0.039 0.01 0.038 0.048 0.04 0.021 0.042 0.074 0.122 0.042 0.054 0.021 0.051 0.057 0.007 0.024 0.046
93 V 0.061 0.02 0.016 0.018 0.018 0.015 0.021 0.023 0.008 0.202 0.141 0.025 0.033 0.038 0.016 0.03 0.046 0.006 0.02 0.244
94 L 0.045 0.021 0.014 0.016 0.016 0.015 0.019 0.021 0.009 0.198 0.275 0.024 0.043 0.049 0.014 0.024 0.036 0.006 0.021 0.134
95 Y 0.042 0.06 0.123 0.04 0.01 0.027 0.035 0.038 0.033 0.046 0.106 0.045 0.021 0.07 0.017 0.043 0.036 0.015 0.147 0.046
96 L 0.113 0.023 0.017 0.02 0.018 0.017 0.025 0.035 0.01 0.16 0.187 0.029 0.034 0.039 0.018 0.041 0.042 0.006 0.02 0.145
97 Y 0.04 0.028 0.021 0.018 0.009 0.021 0.028 0.025 0.046 0.043 0.067 0.031 0.018 0.129 0.015 0.031 0.028 0.028 0.328 0.046
98 V 0.074 0.029 0.031 0.029 0.017 0.022 0.033 0.037 0.012 0.095 0.091 0.036 0.024 0.059 0.022 0.085 0.122 0.006 0.024 0.151
99 L 0.056 0.024 0.022 0.022 0.017 0.018 0.024 0.027 0.01 0.163 0.189 0.029 0.034 0.04 0.018 0.042 0.094 0.006 0.02 0.146
100 L 0.051 0.021 0.015 0.016 0.017 0.015 0.02 0.022 0.009 0.182 0.248 0.025 0.04 0.046 0.015 0.026 0.039 0.006 0.021 0.167
101 T 0.071 0.031 0.034 0.03 0.018 0.024 0.034 0.037 0.012 0.089 0.086 0.038 0.023 0.027 0.024 0.072 0.188 0.006 0.018 0.14
102 C 0.069 0.022 0.025 0.025 0.214 0.018 0.025 0.036 0.011 0.12 0.092 0.029 0.023 0.028 0.019 0.083 0.048 0.005 0.016 0.092
103 I 0.052 0.02 0.017 0.019 0.017 0.015 0.02 0.023 0.009 0.243 0.151 0.025 0.034 0.04 0.016 0.031 0.059 0.006 0.02 0.183
104 L 0.095 0.028 0.029 0.028 0.057 0.022 0.033 0.042 0.013 0.086 0.152 0.036 0.028 0.033 0.021 0.102 0.054 0.006 0.019 0.118
105 I 0.053 0.022 0.016 0.018 0.017 0.018 0.021 0.023 0.01 0.206 0.163 0.027 0.069 0.042 0.015 0.029 0.042 0.006 0.021 0.18
106 P 0.056 0.025 0.023 0.031 0.01 0.02 0.036 0.036 0.013 0.025 0.036 0.041 0.01 0.013 0.501 0.043 0.036 0.003 0.013 0.031
107 L 0.051 0.02 0.015 0.017 0.017 0.015 0.019 0.021 0.009 0.21 0.211 0.024 0.038 0.044 0.015 0.026 0.04 0.006 0.021 0.181
108 V 0.062 0.025 0.018 0.018 0.017 0.02 0.025 0.025 0.013 0.136 0.14 0.029 0.066 0.046 0.016 0.033 0.045 0.008 0.047 0.213
109 C 0.071 0.022 0.025 0.024 0.254 0.017 0.025 0.037 0.011 0.1 0.084 0.029 0.021 0.026 0.019 0.084 0.048 0.005 0.015 0.082
110 G 0.105 0.022 0.025 0.025 0.016 0.018 0.025 0.196 0.011 0.124 0.092 0.031 0.023 0.029 0.019 0.045 0.04 0.005 0.017 0.133
111 G 0.069 0.031 0.028 0.027 0.016 0.021 0.03 0.152 0.011 0.107 0.088 0.052 0.023 0.027 0.019 0.048 0.077 0.005 0.017 0.151
112 I 0.054 0.025 0.023 0.023 0.016 0.02 0.025 0.028 0.012 0.179 0.147 0.032 0.066 0.039 0.018 0.044 0.094 0.006 0.02 0.127
113 I 0.048 0.018 0.015 0.017 0.016 0.013 0.018 0.021 0.009 0.272 0.162 0.023 0.036 0.043 0.015 0.025 0.04 0.006 0.02 0.183
114 W 0.038 0.039 0.024 0.022 0.009 0.024 0.033 0.03 0.053 0.038 0.063 0.07 0.018 0.123 0.014 0.032 0.027 0.178 0.126 0.038
115 Q 0.057 0.049 0.036 0.037 0.013 0.123 0.065 0.036 0.02 0.097 0.081 0.062 0.024 0.024 0.022 0.057 0.095 0.006 0.02 0.078
116 A 0.301 0.031 0.025 0.029 0.021 0.025 0.04 0.077 0.015 0.043 0.059 0.044 0.017 0.021 0.029 0.084 0.049 0.005 0.017 0.068
117 F 0.037 0.022 0.017 0.017 0.011 0.014 0.021 0.024 0.023 0.066 0.147 0.023 0.027 0.272 0.012 0.026 0.027 0.018 0.137 0.059
118 T 0.062 0.03 0.032 0.029 0.017 0.024 0.032 0.035 0.013 0.118 0.111 0.038 0.049 0.032 0.022 0.065 0.167 0.006 0.019 0.099
119 E 0.057 0.043 0.113 0.07 0.011 0.044 0.153 0.045 0.023 0.032 0.044 0.059 0.015 0.019 0.025 0.07 0.113 0.005 0.017 0.043
120 D 0.046 0.038 0.056 0.274 0.007 0.044 0.18 0.041 0.021 0.022 0.031 0.057 0.011 0.015 0.023 0.053 0.035 0.004 0.013 0.027
121 P 0.056 0.025 0.023 0.031 0.01 0.02 0.036 0.036 0.013 0.025 0.036 0.041 0.01 0.013 0.501 0.043 0.036 0.003 0.013 0.031
122 E 0.058 0.042 0.034 0.071 0.01 0.052 0.236 0.032 0.021 0.057 0.059 0.062 0.017 0.021 0.023 0.049 0.039 0.005 0.017 0.093
123 N 0.05 0.042 0.256 0.071 0.011 0.032 0.046 0.059 0.027 0.03 0.039 0.051 0.013 0.019 0.022 0.074 0.101 0.005 0.016 0.037
124 L 0.049 0.025 0.017 0.018 0.016 0.021 0.023 0.024 0.012 0.176 0.198 0.03 0.106 0.046 0.015 0.03 0.039 0.007 0.022 0.126
125 F 0.033 0.019 0.017 0.017 0.01 0.01 0.019 0.025 0.017 0.062 0.113 0.019 0.025 0.396 0.01 0.025 0.025 0.017 0.087 0.054
126 R 0.044 0.355 0.038 0.031 0.008 0.048 0.052 0.032 0.023 0.023 0.046 0.118 0.015 0.017 0.019 0.044 0.034 0.006 0.017 0.031
127 Y 0.04 0.028 0.021 0.018 0.009 0.021 0.028 0.025 0.046 0.043 0.067 0.031 0.018 0.129 0.015 0.031 0.028 0.028 0.328 0.046
128 L 0.048 0.028 0.017 0.017 0.016 0.022 0.024 0.024 0.013 0.106 0.289 0.03 0.111 0.051 0.015 0.03 0.036 0.007 0.023 0.093
129 R 0.044 0.355 0.038 0.031 0.008 0.048 0.052 0.032 0.023 0.023 0.046 0.118 0.015 0.017 0.019 0.044 0.034 0.006 0.017 0.031
130 I 0.055 0.021 0.016 0.018 0.017 0.017 0.021 0.023 0.01 0.211 0.158 0.026 0.057 0.041 0.015 0.029 0.042 0.006 0.021 0.195
131 L 0.05 0.03 0.018 0.019 0.016 0.025 0.026 0.026 0.014 0.103 0.242 0.033 0.142 0.049 0.015 0.033 0.038 0.008 0.023 0.092
132 N 0.053 0.043 0.281 0.076 0.01 0.033 0.049 0.064 0.029 0.023 0.033 0.053 0.012 0.018 0.021 0.096 0.054 0.005 0.016 0.029
133 T 0.072 0.035 0.043 0.037 0.018 0.027 0.039 0.043 0.014 0.053 0.064 0.045 0.019 0.023 0.027 0.091 0.258 0.006 0.018 0.07
134 G 0.077 0.023 0.039 0.033 0.011 0.019 0.025 0.517 0.013 0.019 0.028 0.033 0.009 0.016 0.019 0.051 0.029 0.005 0.011 0.024
135 V 0.061 0.039 0.03 0.03 0.015 0.073 0.047 0.033 0.016 0.1 0.106 0.048 0.05 0.03 0.021 0.053 0.097 0.006 0.02 0.126
136 D 0.046 0.03 0.067 0.376 0.008 0.03 0.087 0.048 0.018 0.023 0.029 0.045 0.01 0.015 0.023 0.066 0.039 0.004 0.012 0.025
137 E 0.055 0.043 0.036 0.074 0.008 0.053 0.239 0.035 0.022 0.023 0.036 0.066 0.012 0.015 0.144 0.052 0.036 0.005 0.015 0.031
138 S 0.076 0.041 0.145 0.093 0.013 0.035 0.075 0.061 0.023 0.026 0.036 0.054 0.013 0.019 0.025 0.147 0.063 0.005 0.016 0.034
139 I 0.046 0.017 0.014 0.017 0.016 0.013 0.017 0.02 0.009 0.282 0.165 0.023 0.036 0.044 0.014 0.025 0.039 0.006 0.02 0.174
140 E 0.055 0.055 0.041 0.078 0.008 0.104 0.256 0.036 0.026 0.023 0.039 0.078 0.015 0.016 0.025 0.055 0.037 0.006 0.017 0.032
141 P 0.115 0.03 0.022 0.025 0.016 0.025 0.033 0.042 0.015 0.066 0.12 0.039 0.093 0.032 0.14 0.05 0.041 0.006 0.019 0.07
142 P 0.056 0.025 0.023 0.031 0.01 0.02 0.036 0.036 0.013 0.025 0.036 0.041 0.01 0.013 0.501 0.043 0.036 0.003 0.013 0.031
143 D 0.112 0.061 0.046 0.16 0.011 0.038 0.069 0.052 0.018 0.029 0.042 0.146 0.014 0.017 0.026 0.06 0.04 0.005 0.015 0.038
144 F 0.034 0.019 0.017 0.017 0.011 0.011 0.019 0.025 0.017 0.063 0.114 0.019 0.025 0.387 0.011 0.025 0.025 0.017 0.089 0.055
145 L 0.046 0.026 0.015 0.016 0.016 0.019 0.022 0.023 0.011 0.11 0.337 0.028 0.08 0.052 0.014 0.027 0.035 0.007 0.022 0.094
146 G 0.072 0.043 0.039 0.035 0.01 0.027 0.036 0.399 0.015 0.021 0.032 0.097 0.011 0.016 0.021 0.051 0.032 0.005 0.012 0.026
147 I 0.052 0.018 0.015 0.017 0.017 0.014 0.019 0.021 0.009 0.252 0.156 0.024 0.035 0.041 0.015 0.027 0.042 0.006 0.02 0.2
148 L 0.044 0.022 0.014 0.016 0.016 0.015 0.019 0.021 0.01 0.156 0.33 0.025 0.046 0.051 0.014 0.024 0.034 0.007 0.022 0.115
149 L 0.062 0.032 0.105 0.042 0.015 0.025 0.036 0.045 0.017 0.107 0.129 0.04 0.025 0.031 0.021 0.093 0.069 0.005 0.018 0.082
150 Y 0.04 0.028 0.021 0.018 0.009 0.021 0.028 0.025 0.046 0.043 0.067 0.031 0.018 0.129 0.015 0.031 0.028 0.028 0.328 0.046
151 F 0.041 0.023 0.02 0.019 0.012 0.016 0.023 0.027 0.016 0.071 0.129 0.025 0.062 0.278 0.013 0.033 0.048 0.014 0.066 0.065
152 V 0.058 0.022 0.018 0.019 0.017 0.017 0.023 0.025 0.01 0.184 0.162 0.027 0.045 0.04 0.016 0.034 0.061 0.006 0.02 0.196
153 P 0.14 0.033 0.038 0.038 0.017 0.027 0.044 0.059 0.016 0.034 0.046 0.047 0.015 0.019 0.147 0.136 0.076 0.005 0.016 0.048
154 L 0.046 0.026 0.015 0.016 0.016 0.019 0.022 0.023 0.011 0.11 0.337 0.028 0.08 0.052 0.014 0.027 0.035 0.007 0.022 0.094
155 A 0.209 0.028 0.028 0.029 0.138 0.023 0.036 0.064 0.014 0.041 0.057 0.039 0.017 0.021 0.026 0.097 0.051 0.005 0.016 0.06
156 F 0.036 0.022 0.018 0.017 0.01 0.014 0.022 0.025 0.026 0.056 0.098 0.023 0.023 0.307 0.012 0.027 0.026 0.02 0.168 0.051
157 V 0.07 0.025 0.023 0.022 0.019 0.019 0.027 0.029 0.009 0.135 0.112 0.03 0.028 0.032 0.019 0.047 0.101 0.006 0.02 0.227
158 L 0.071 0.034 0.034 0.031 0.017 0.029 0.036 0.041 0.016 0.07 0.123 0.042 0.095 0.035 0.022 0.098 0.104 0.007 0.021 0.073
159 L 0.046 0.024 0.015 0.016 0.016 0.017 0.021 0.022 0.011 0.153 0.298 0.026 0.066 0.05 0.014 0.026 0.036 0.007 0.022 0.114
160 F 0.033 0.019 0.017 0.017 0.01 0.01 0.019 0.025 0.017 0.062 0.113 0.019 0.025 0.396 0.01 0.025 0.025 0.017 0.087 0.054
161 F 0.036 0.02 0.016 0.016 0.012 0.012 0.019 0.024 0.015 0.075 0.181 0.02 0.031 0.31 0.011 0.025 0.027 0.014 0.071 0.064
162 A 0.145 0.035 0.042 0.039 0.018 0.028 0.043 0.1 0.016 0.038 0.05 0.047 0.016 0.021 0.028 0.144 0.113 0.005 0.017 0.054
163 L 0.046 0.036 0.022 0.023 0.014 0.069 0.041 0.026 0.018 0.086 0.274 0.042 0.039 0.05 0.016 0.032 0.034 0.008 0.047 0.076
164 L 0.044 0.022 0.014 0.016 0.016 0.015 0.019 0.021 0.01 0.156 0.33 0.025 0.046 0.051 0.014 0.024 0.034 0.007 0.022 0.115
165 Y 0.04 0.028 0.021 0.018 0.009 0.021 0.028 0.025 0.046 0.043 0.067 0.031 0.018 0.129 0.015 0.031 0.028 0.028 0.328 0.046
166 F 0.045 0.019 0.016 0.017 0.014 0.013 0.019 0.024 0.013 0.142 0.13 0.022 0.029 0.218 0.013 0.027 0.034 0.011 0.054 0.141
167 K 0.056 0.106 0.041 0.041 0.008 0.053 0.07 0.043 0.02 0.027 0.043 0.289 0.015 0.015 0.027 0.053 0.039 0.005 0.017 0.032
168 K 0.074 0.063 0.118 0.054 0.012 0.039 0.057 0.057 0.022 0.027 0.039 0.132 0.014 0.018 0.026 0.131 0.059 0.005 0.017 0.035
169 K 0.06 0.088 0.041 0.04 0.011 0.046 0.062 0.043 0.019 0.034 0.048 0.228 0.016 0.017 0.027 0.062 0.094 0.005 0.017 0.042
170 W 0.043 0.027 0.024 0.021 0.01 0.02 0.028 0.032 0.022 0.039 0.059 0.03 0.017 0.068 0.014 0.042 0.082 0.258 0.12 0.044
171 L 0.048 0.022 0.015 0.017 0.016 0.017 0.02 0.022 0.01 0.185 0.24 0.026 0.063 0.047 0.015 0.027 0.038 0.007 0.021 0.143
172 L 0.056 0.06 0.032 0.031 0.013 0.034 0.045 0.035 0.015 0.076 0.144 0.14 0.026 0.029 0.023 0.053 0.092 0.006 0.019 0.069
173 G 0.056 0.02 0.023 0.023 0.014 0.015 0.021 0.187 0.011 0.148 0.108 0.026 0.025 0.092 0.015 0.034 0.034 0.007 0.028 0.113
174 I 0.051 0.023 0.022 0.022 0.014 0.017 0.024 0.029 0.011 0.152 0.109 0.029 0.026 0.042 0.016 0.041 0.09 0.129 0.031 0.121
175 L 0.051 0.02 0.015 0.017 0.017 0.015 0.019 0.021 0.009 0.21 0.211 0.024 0.038 0.044 0.015 0.026 0.04 0.006 0.021 0.181
176 I 0.052 0.019 0.015 0.017 0.017 0.014 0.019 0.021 0.009 0.238 0.174 0.024 0.036 0.042 0.015 0.027 0.041 0.006 0.02 0.194
177 F 0.039 0.02 0.015 0.016 0.013 0.012 0.019 0.023 0.013 0.13 0.194 0.021 0.034 0.222 0.012 0.025 0.031 0.012 0.054 0.094
178 L 0.046 0.024 0.016 0.017 0.016 0.018 0.021 0.022 0.011 0.152 0.282 0.027 0.077 0.05 0.015 0.027 0.036 0.007 0.022 0.114
179 N 0.042 0.044 0.327 0.082 0.009 0.033 0.049 0.064 0.031 0.022 0.031 0.053 0.011 0.018 0.02 0.069 0.049 0.004 0.015 0.027
180 L 0.055 0.022 0.015 0.016 0.017 0.016 0.021 0.022 0.009 0.148 0.26 0.025 0.04 0.045 0.015 0.028 0.04 0.006 0.021 0.178
181 L 0.048 0.028 0.017 0.017 0.016 0.022 0.024 0.024 0.013 0.106 0.289 0.03 0.111 0.051 0.015 0.03 0.036 0.007 0.023 0.093
182 L 0.05 0.026 0.021 0.021 0.016 0.018 0.024 0.027 0.011 0.108 0.264 0.029 0.038 0.074 0.017 0.041 0.089 0.007 0.026 0.092
183 A 0.301 0.031 0.025 0.029 0.021 0.025 0.04 0.077 0.015 0.043 0.059 0.044 0.017 0.021 0.029 0.084 0.049 0.005 0.017 0.068
184 I 0.054 0.024 0.023 0.022 0.015 0.018 0.025 0.028 0.012 0.134 0.123 0.029 0.04 0.126 0.017 0.044 0.092 0.009 0.037 0.129
185 V 0.063 0.021 0.016 0.018 0.018 0.015 0.022 0.023 0.008 0.192 0.138 0.025 0.032 0.037 0.016 0.03 0.046 0.006 0.02 0.253
186 T 0.081 0.036 0.045 0.04 0.017 0.029 0.042 0.048 0.015 0.047 0.058 0.047 0.018 0.023 0.028 0.126 0.213 0.006 0.017 0.063
187 L 0.051 0.032 0.02 0.02 0.016 0.028 0.028 0.028 0.016 0.099 0.194 0.036 0.173 0.047 0.016 0.036 0.04 0.008 0.024 0.091
188 A 0.236 0.034 0.035 0.036 0.02 0.028 0.044 0.073 0.016 0.038 0.053 0.047 0.017 0.021 0.029 0.133 0.06 0.005 0.017 0.059
189 K 0.056 0.106 0.041 0.041 0.008 0.053 0.07 0.043 0.02 0.027 0.043 0.289 0.015 0.015 0.027 0.053 0.039 0.005 0.017 0.032
190 T 0.063 0.031 0.033 0.03 0.017 0.023 0.032 0.035 0.012 0.087 0.153 0.038 0.028 0.033 0.023 0.069 0.183 0.006 0.019 0.085
191 T 0.089 0.037 0.112 0.048 0.016 0.029 0.042 0.053 0.018 0.049 0.057 0.047 0.017 0.022 0.025 0.103 0.141 0.005 0.017 0.072
192 F 0.036 0.019 0.017 0.017 0.011 0.011 0.019 0.025 0.016 0.071 0.114 0.019 0.026 0.366 0.011 0.026 0.027 0.016 0.082 0.073
193 L 0.044 0.024 0.014 0.015 0.016 0.016 0.02 0.021 0.01 0.114 0.385 0.025 0.049 0.054 0.014 0.024 0.033 0.007 0.022 0.095
194 S 0.092 0.031 0.042 0.038 0.135 0.025 0.038 0.132 0.015 0.031 0.045 0.042 0.015 0.02 0.024 0.153 0.061 0.005 0.015 0.042
195 V 0.058 0.02 0.015 0.017 0.017 0.015 0.02 0.022 0.008 0.222 0.147 0.024 0.034 0.039 0.015 0.029 0.044 0.006 0.02 0.227
196 L 0.045 0.024 0.017 0.018 0.015 0.019 0.022 0.025 0.014 0.137 0.182 0.027 0.091 0.134 0.014 0.029 0.035 0.009 0.039 0.103
197 F 0.036 0.02 0.016 0.016 0.012 0.012 0.019 0.024 0.015 0.075 0.181 0.02 0.031 0.31 0.011 0.025 0.027 0.014 0.071 0.064
198 S 0.099 0.038 0.051 0.045 0.017 0.031 0.048 0.06 0.018 0.035 0.047 0.051 0.016 0.021 0.029 0.196 0.125 0.005 0.017 0.048
199 S 0.092 0.036 0.043 0.04 0.017 0.029 0.044 0.054 0.017 0.05 0.127 0.046 0.024 0.029 0.025 0.18 0.069 0.006 0.018 0.055
200 L 0.045 0.025 0.015 0.016 0.016 0.018 0.021 0.022 0.011 0.111 0.353 0.027 0.07 0.053 0.014 0.026 0.034 0.007 0.022 0.094
201 Y 0.038 0.025 0.02 0.018 0.009 0.019 0.025 0.025 0.039 0.048 0.079 0.028 0.02 0.196 0.014 0.029 0.027 0.025 0.268 0.048
202 L 0.057 0.022 0.015 0.016 0.017 0.016 0.021 0.023 0.009 0.152 0.238 0.025 0.039 0.044 0.015 0.028 0.041 0.006 0.021 0.194
203 C 0.054 0.02 0.015 0.016 0.254 0.014 0.018 0.027 0.009 0.079 0.224 0.022 0.032 0.037 0.015 0.032 0.034 0.006 0.017 0.075
204 F 0.037 0.024 0.019 0.018 0.01 0.017 0.024 0.025 0.034 0.051 0.086 0.026 0.021 0.24 0.013 0.028 0.027 0.023 0.228 0.049
205 V 0.122 0.033 0.023 0.025 0.017 0.054 0.041 0.04 0.016 0.1 0.092 0.041 0.025 0.036 0.021 0.049 0.046 0.007 0.045 0.166
206 Q 0.056 0.079 0.04 0.042 0.049 0.151 0.084 0.041 0.024 0.028 0.047 0.15 0.018 0.015 0.024 0.053 0.04 0.005 0.019 0.036
207 K 0.056 0.14 0.04 0.049 0.008 0.048 0.117 0.117 0.021 0.023 0.039 0.15 0.014 0.016 0.023 0.051 0.036 0.005 0.016 0.03
208 I 0.049 0.056 0.027 0.027 0.012 0.031 0.041 0.03 0.02 0.136 0.098 0.135 0.025 0.046 0.02 0.037 0.037 0.009 0.07 0.094
209 I 0.046 0.017 0.014 0.017 0.016 0.013 0.017 0.02 0.009 0.282 0.165 0.023 0.036 0.044 0.014 0.025 0.039 0.006 0.02 0.174
210 K 0.055 0.126 0.041 0.04 0.008 0.052 0.068 0.042 0.021 0.027 0.043 0.275 0.015 0.015 0.027 0.052 0.039 0.005 0.017 0.032
211 I 0.05 0.019 0.015 0.017 0.016 0.014 0.019 0.021 0.009 0.248 0.178 0.024 0.036 0.043 0.015 0.026 0.04 0.006 0.02 0.185
212 R 0.047 0.292 0.039 0.033 0.008 0.049 0.056 0.035 0.022 0.024 0.045 0.161 0.015 0.017 0.021 0.046 0.036 0.006 0.017 0.031
213 H 0.041 0.045 0.053 0.038 0.007 0.038 0.053 0.038 0.365 0.023 0.038 0.045 0.015 0.03 0.019 0.041 0.026 0.007 0.056 0.023
214 L 0.043 0.022 0.016 0.017 0.015 0.016 0.02 0.023 0.012 0.14 0.23 0.025 0.06 0.136 0.014 0.026 0.034 0.009 0.038 0.104
215 I 0.115 0.025 0.024 0.025 0.017 0.019 0.029 0.041 0.012 0.146 0.109 0.033 0.026 0.062 0.021 0.056 0.095 0.007 0.024 0.111
216 Y 0.043 0.023 0.018 0.018 0.013 0.018 0.023 0.022 0.027 0.148 0.135 0.027 0.028 0.087 0.015 0.028 0.033 0.017 0.174 0.103
217 G 0.077 0.023 0.039 0.033 0.011 0.019 0.025 0.517 0.013 0.019 0.028 0.033 0.009 0.016 0.019 0.051 0.029 0.005 0.011 0.024
218 L 0.053 0.024 0.021 0.02 0.015 0.018 0.022 0.146 0.011 0.089 0.28 0.028 0.049 0.044 0.015 0.032 0.033 0.007 0.019 0.077
219 L 0.052 0.025 0.021 0.021 0.016 0.018 0.024 0.026 0.01 0.154 0.231 0.029 0.037 0.043 0.017 0.041 0.091 0.006 0.02 0.115
220 V 0.072 0.02 0.017 0.018 0.016 0.014 0.021 0.028 0.011 0.167 0.131 0.025 0.03 0.127 0.015 0.032 0.04 0.008 0.037 0.17
221 F 0.033 0.019 0.017 0.017 0.01 0.01 0.019 0.025 0.017 0.062 0.113 0.019 0.025 0.396 0.01 0.025 0.025 0.017 0.087 0.054
222 V 0.057 0.021 0.015 0.017 0.017 0.015 0.021 0.022 0.009 0.18 0.202 0.025 0.037 0.042 0.015 0.028 0.042 0.006 0.021 0.207
223 G 0.068 0.023 0.031 0.027 0.013 0.018 0.024 0.352 0.012 0.054 0.125 0.031 0.021 0.027 0.017 0.042 0.032 0.006 0.014 0.063
224 L 0.039 0.021 0.015 0.016 0.013 0.013 0.019 0.023 0.013 0.088 0.249 0.022 0.037 0.225 0.012 0.024 0.029 0.012 0.055 0.074
225 S 0.108 0.04 0.053 0.048 0.017 0.033 0.052 0.065 0.019 0.029 0.041 0.053 0.015 0.021 0.029 0.231 0.081 0.005 0.017 0.041
226 F 0.039 0.02 0.015 0.016 0.013 0.012 0.019 0.023 0.013 0.13 0.194 0.021 0.034 0.222 0.012 0.025 0.031 0.012 0.054 0.094
227 L 0.061 0.026 0.022 0.022 0.018 0.019 0.026 0.028 0.01 0.119 0.198 0.03 0.034 0.038 0.018 0.044 0.096 0.006 0.02 0.166
228 L 0.047 0.022 0.014 0.016 0.016 0.015 0.02 0.021 0.009 0.16 0.309 0.025 0.044 0.05 0.014 0.025 0.036 0.007 0.021 0.13
229 Q 0.055 0.072 0.043 0.046 0.009 0.226 0.101 0.041 0.029 0.026 0.046 0.09 0.02 0.014 0.023 0.055 0.041 0.006 0.02 0.035
230 S 0.083 0.038 0.091 0.047 0.016 0.032 0.045 0.056 0.02 0.045 0.078 0.049 0.054 0.027 0.024 0.155 0.065 0.006 0.019 0.051
231 L 0.07 0.022 0.015 0.017 0.017 0.016 0.021 0.026 0.01 0.158 0.26 0.026 0.04 0.045 0.016 0.031 0.038 0.006 0.021 0.143
232 R 0.044 0.355 0.038 0.031 0.008 0.048 0.052 0.032 0.023 0.023 0.046 0.118 0.015 0.017 0.019 0.044 0.034 0.006 0.017 0.031
233 A 0.231 0.034 0.035 0.035 0.019 0.028 0.044 0.071 0.045 0.038 0.052 0.046 0.017 0.022 0.028 0.117 0.055 0.005 0.021 0.057
234 G 0.127 0.025 0.028 0.057 0.016 0.02 0.033 0.163 0.012 0.085 0.077 0.034 0.02 0.025 0.021 0.051 0.043 0.005 0.016 0.141
235 G 0.09 0.031 0.044 0.039 0.014 0.025 0.038 0.25 0.016 0.032 0.064 0.043 0.016 0.021 0.024 0.139 0.055 0.005 0.015 0.039
236 N 0.043 0.045 0.317 0.083 0.009 0.034 0.049 0.065 0.032 0.022 0.032 0.054 0.011 0.018 0.02 0.07 0.049 0.004 0.016 0.027
237 N 0.043 0.045 0.317 0.083 0.009 0.034 0.049 0.065 0.032 0.022 0.032 0.054 0.011 0.018 0.02 0.07 0.049 0.004 0.016 0.027
238 A 0.29 0.031 0.026 0.03 0.022 0.026 0.04 0.078 0.015 0.043 0.059 0.045 0.018 0.022 0.03 0.085 0.05 0.005 0.018 0.069
239 D 0.063 0.04 0.053 0.185 0.01 0.044 0.171 0.046 0.021 0.024 0.035 0.059 0.012 0.017 0.025 0.098 0.047 0.005 0.015 0.031
240 D 0.063 0.046 0.053 0.174 0.01 0.085 0.119 0.048 0.022 0.025 0.037 0.063 0.014 0.016 0.025 0.098 0.048 0.005 0.016 0.032
241 D 0.041 0.03 0.069 0.395 0.008 0.03 0.092 0.047 0.019 0.022 0.028 0.045 0.009 0.015 0.022 0.052 0.036 0.004 0.011 0.024
242 E 0.055 0.05 0.041 0.091 0.007 0.065 0.294 0.035 0.026 0.022 0.037 0.076 0.013 0.017 0.026 0.055 0.037 0.006 0.017 0.031
243 V 0.07 0.022 0.017 0.018 0.019 0.017 0.023 0.025 0.008 0.165 0.131 0.026 0.032 0.036 0.017 0.033 0.05 0.006 0.021 0.266
244 V 0.07 0.022 0.017 0.018 0.019 0.017 0.023 0.025 0.008 0.165 0.131 0.026 0.032 0.036 0.017 0.033 0.05 0.006 0.021 0.266
245 A 0.288 0.031 0.026 0.03 0.022 0.026 0.041 0.079 0.015 0.043 0.06 0.045 0.018 0.022 0.03 0.085 0.05 0.005 0.018 0.069
246 L 0.052 0.025 0.019 0.019 0.015 0.019 0.024 0.026 0.013 0.104 0.178 0.028 0.067 0.131 0.015 0.035 0.055 0.009 0.038 0.128
247 D 0.047 0.039 0.054 0.248 0.007 0.047 0.198 0.04 0.022 0.022 0.032 0.059 0.011 0.016 0.024 0.053 0.036 0.005 0.014 0.027
248 T 0.113 0.031 0.035 0.034 0.018 0.025 0.037 0.049 0.014 0.102 0.083 0.041 0.022 0.027 0.025 0.108 0.124 0.006 0.018 0.088
249 T 0.117 0.031 0.056 0.034 0.016 0.023 0.035 0.049 0.016 0.05 0.072 0.039 0.02 0.116 0.023 0.071 0.13 0.008 0.035 0.062
250 D 0.041 0.037 0.197 0.244 0.008 0.031 0.069 0.055 0.025 0.022 0.029 0.049 0.01 0.016 0.021 0.06 0.042 0.004 0.013 0.025
251 F 0.033 0.019 0.017 0.017 0.01 0.01 0.019 0.025 0.017 0.062 0.113 0.019 0.025 0.396 0.01 0.025 0.025 0.017 0.087 0.054
252 L 0.041 0.023 0.015 0.015 0.015 0.015 0.02 0.022 0.012 0.101 0.317 0.023 0.043 0.139 0.013 0.024 0.031 0.009 0.038 0.085
253 A 0.189 0.03 0.03 0.031 0.019 0.024 0.037 0.06 0.014 0.099 0.081 0.041 0.022 0.027 0.026 0.106 0.055 0.005 0.018 0.088
254 L 0.048 0.027 0.018 0.018 0.016 0.02 0.023 0.024 0.012 0.105 0.31 0.029 0.077 0.05 0.016 0.032 0.053 0.007 0.022 0.092
255 Y 0.04 0.028 0.021 0.018 0.009 0.021 0.028 0.025 0.046 0.043 0.067 0.031 0.018 0.129 0.015 0.031 0.028 0.028 0.328 0.046
256 L 0.044 0.022 0.014 0.016 0.016 0.015 0.019 0.021 0.01 0.156 0.33 0.025 0.046 0.051 0.014 0.024 0.034 0.007 0.022 0.115
257 L 0.076 0.032 0.034 0.032 0.017 0.024 0.036 0.043 0.014 0.071 0.213 0.039 0.032 0.037 0.022 0.128 0.057 0.006 0.02 0.068
258 S 0.099 0.038 0.051 0.045 0.017 0.031 0.048 0.06 0.018 0.035 0.047 0.051 0.016 0.021 0.029 0.196 0.125 0.005 0.017 0.048
259 S 0.095 0.036 0.046 0.044 0.015 0.03 0.048 0.058 0.017 0.028 0.04 0.05 0.014 0.019 0.147 0.184 0.07 0.004 0.016 0.039
260 L 0.05 0.027 0.018 0.019 0.016 0.023 0.024 0.025 0.013 0.16 0.184 0.031 0.127 0.046 0.015 0.032 0.039 0.007 0.023 0.119
261 V 0.068 0.023 0.023 0.025 0.015 0.018 0.027 0.15 0.011 0.092 0.08 0.031 0.02 0.025 0.138 0.04 0.041 0.005 0.016 0.153
262 A 0.301 0.031 0.025 0.029 0.021 0.025 0.04 0.077 0.015 0.043 0.059 0.044 0.017 0.021 0.029 0.084 0.049 0.005 0.017 0.068
263 F 0.033 0.019 0.017 0.017 0.01 0.01 0.019 0.025 0.017 0.062 0.113 0.019 0.025 0.396 0.01 0.025 0.025 0.017 0.087 0.054
264 D 0.044 0.034 0.061 0.327 0.007 0.038 0.144 0.043 0.02 0.022 0.03 0.052 0.01 0.015 0.023 0.052 0.035 0.004 0.012 0.026
265 Y 0.04 0.032 0.029 0.023 0.009 0.026 0.034 0.028 0.126 0.038 0.06 0.034 0.018 0.104 0.016 0.033 0.027 0.023 0.26 0.04
266 F 0.037 0.028 0.027 0.022 0.009 0.02 0.029 0.028 0.111 0.048 0.083 0.028 0.021 0.238 0.014 0.031 0.026 0.017 0.14 0.044
267 A 0.301 0.031 0.025 0.029 0.021 0.025 0.04 0.077 0.015 0.043 0.059 0.044 0.017 0.021 0.029 0.084 0.049 0.005 0.017 0.068
268 L 0.074 0.022 0.016 0.018 0.017 0.016 0.022 0.027 0.009 0.166 0.217 0.026 0.037 0.042 0.016 0.032 0.041 0.006 0.021 0.174
269 P 0.117 0.027 0.024 0.03 0.013 0.022 0.037 0.046 0.013 0.03 0.041 0.041 0.012 0.015 0.383 0.053 0.039 0.003 0.014 0.04
270 C 0.057 0.019 0.024 0.052 0.251 0.014 0.024 0.112 0.012 0.043 0.067 0.024 0.017 0.113 0.016 0.039 0.032 0.007 0.031 0.048
271 S 0.103 0.037 0.051 0.046 0.016 0.03 0.047 0.141 0.018 0.027 0.039 0.05 0.014 0.02 0.027 0.201 0.072 0.005 0.016 0.038
272 S 0.172 0.037 0.044 0.042 0.019 0.03 0.048 0.069 0.017 0.034 0.047 0.05 0.016 0.021 0.029 0.182 0.07 0.005 0.017 0.05
273 V 0.055 0.025 0.023 0.023 0.015 0.019 0.028 0.027 0.068 0.156 0.11 0.031 0.027 0.033 0.097 0.033 0.04 0.005 0.025 0.16
274 L 0.043 0.037 0.105 0.041 0.011 0.042 0.042 0.038 0.106 0.084 0.122 0.042 0.024 0.062 0.017 0.042 0.036 0.007 0.034 0.065
275 F 0.038 0.021 0.017 0.019 0.011 0.014 0.022 0.027 0.014 0.085 0.093 0.024 0.022 0.189 0.092 0.027 0.028 0.133 0.059 0.064
276 G 0.077 0.023 0.039 0.033 0.011 0.019 0.025 0.517 0.013 0.019 0.028 0.033 0.009 0.016 0.019 0.051 0.029 0.005 0.011 0.024
277 E 0.053 0.043 0.033 0.066 0.01 0.052 0.214 0.032 0.022 0.047 0.089 0.061 0.066 0.027 0.022 0.048 0.037 0.006 0.019 0.051
278 N 0.042 0.043 0.187 0.058 0.008 0.034 0.049 0.05 0.171 0.024 0.037 0.048 0.013 0.032 0.019 0.054 0.038 0.008 0.059 0.027
279 T 0.072 0.035 0.043 0.037 0.018 0.027 0.039 0.043 0.014 0.053 0.064 0.045 0.019 0.023 0.027 0.091 0.258 0.006 0.018 0.07
280 F 0.033 0.019 0.017 0.017 0.01 0.01 0.019 0.025 0.017 0.062 0.113 0.019 0.025 0.396 0.01 0.025 0.025 0.017 0.087 0.054
281 R 0.044 0.355 0.038 0.031 0.008 0.048 0.052 0.032 0.023 0.023 0.046 0.118 0.015 0.017 0.019 0.044 0.034 0.006 0.017 0.031
282 L 0.042 0.021 0.015 0.016 0.015 0.014 0.019 0.022 0.011 0.143 0.262 0.023 0.04 0.137 0.013 0.024 0.033 0.009 0.038 0.104
283 L 0.041 0.02 0.015 0.016 0.014 0.013 0.019 0.022 0.012 0.153 0.221 0.022 0.037 0.164 0.013 0.025 0.032 0.01 0.043 0.108
284 Y 0.04 0.028 0.021 0.018 0.009 0.021 0.028 0.025 0.046 0.043 0.067 0.031 0.018 0.129 0.015 0.031 0.028 0.028 0.328 0.046
285 A 0.301 0.031 0.025 0.029 0.021 0.025 0.04 0.077 0.015 0.043 0.059 0.044 0.017 0.021 0.029 0.084 0.049 0.005 0.017 0.068
286 I 0.046 0.017 0.014 0.017 0.016 0.013 0.017 0.02 0.009 0.282 0.165 0.023 0.036 0.044 0.014 0.025 0.039 0.006 0.02 0.174
287 G 0.074 0.026 0.037 0.033 0.012 0.02 0.03 0.281 0.016 0.032 0.052 0.035 0.015 0.112 0.019 0.089 0.041 0.008 0.032 0.036
288 H 0.041 0.038 0.04 0.03 0.008 0.031 0.042 0.032 0.232 0.031 0.05 0.039 0.016 0.071 0.017 0.037 0.027 0.016 0.17 0.032
289 A 0.224 0.03 0.026 0.03 0.019 0.024 0.039 0.065 0.014 0.049 0.059 0.043 0.017 0.021 0.107 0.085 0.05 0.005 0.017 0.077
290 L 0.044 0.022 0.014 0.016 0.016 0.015 0.019 0.021 0.01 0.156 0.33 0.025 0.046 0.051 0.014 0.024 0.034 0.007 0.022 0.115
291 G 0.077 0.023 0.039 0.033 0.011 0.019 0.025 0.517 0.013 0.019 0.028 0.033 0.009 0.016 0.019 0.051 0.029 0.005 0.011 0.024
292 L 0.068 0.027 0.03 0.028 0.015 0.021 0.029 0.156 0.013 0.069 0.21 0.034 0.031 0.036 0.019 0.082 0.044 0.006 0.018 0.064
293 D 0.056 0.031 0.053 0.22 0.052 0.027 0.063 0.043 0.016 0.037 0.046 0.042 0.014 0.019 0.024 0.067 0.128 0.005 0.014 0.046
294 D 0.058 0.033 0.041 0.103 0.013 0.031 0.089 0.038 0.045 0.095 0.075 0.045 0.02 0.026 0.022 0.069 0.095 0.005 0.02 0.075
295 A 0.239 0.031 0.026 0.034 0.018 0.028 0.061 0.067 0.015 0.038 0.053 0.046 0.016 0.019 0.108 0.075 0.046 0.005 0.016 0.058
296 P 0.056 0.025 0.023 0.031 0.01 0.02 0.036 0.036 0.013 0.025 0.036 0.041 0.01 0.013 0.501 0.043 0.036 0.003 0.013 0.031
297 V 0.074 0.028 0.032 0.03 0.017 0.022 0.033 0.038 0.012 0.131 0.1 0.037 0.026 0.031 0.022 0.095 0.107 0.006 0.019 0.141
298 D 0.053 0.062 0.048 0.141 0.008 0.089 0.119 0.081 0.022 0.024 0.038 0.121 0.014 0.015 0.024 0.053 0.037 0.005 0.016 0.03
299 T 0.072 0.034 0.041 0.035 0.018 0.026 0.037 0.041 0.013 0.062 0.069 0.043 0.02 0.024 0.026 0.086 0.24 0.006 0.018 0.087
300 I 0.046 0.017 0.014 0.017 0.016 0.013 0.017 0.02 0.009 0.282 0.165 0.023 0.036 0.044 0.014 0.025 0.039 0.006 0.02 0.174
301 L 0.044 0.024 0.014 0.015 0.016 0.016 0.02 0.021 0.01 0.114 0.385 0.025 0.049 0.054 0.014 0.024 0.033 0.007 0.022 0.095
302 E 0.055 0.043 0.036 0.074 0.008 0.053 0.239 0.035 0.022 0.023 0.036 0.066 0.012 0.015 0.144 0.052 0.036 0.005 0.015 0.031
303 F 0.033 0.019 0.017 0.017 0.01 0.01 0.019 0.025 0.017 0.062 0.113 0.019 0.025 0.396 0.01 0.025 0.025 0.017 0.087 0.054
304 V 0.069 0.022 0.016 0.018 0.019 0.016 0.023 0.024 0.008 0.162 0.128 0.026 0.031 0.035 0.016 0.032 0.049 0.005 0.02 0.28
305 G 0.078 0.033 0.064 0.04 0.013 0.026 0.039 0.168 0.025 0.029 0.044 0.043 0.014 0.046 0.022 0.122 0.052 0.011 0.093 0.037
306 V 0.062 0.024 0.022 0.022 0.018 0.018 0.025 0.028 0.01 0.175 0.125 0.03 0.03 0.035 0.018 0.045 0.098 0.006 0.02 0.192
307 P 0.056 0.025 0.023 0.031 0.01 0.02 0.036 0.036 0.013 0.025 0.036 0.041 0.01 0.013 0.501 0.043 0.036 0.003 0.013 0.031
308 D 0.113 0.029 0.066 0.188 0.014 0.025 0.057 0.05 0.016 0.062 0.061 0.04 0.017 0.022 0.022 0.056 0.043 0.005 0.015 0.099
309 E 0.069 0.035 0.078 0.049 0.011 0.033 0.101 0.039 0.027 0.075 0.069 0.046 0.019 0.05 0.021 0.051 0.056 0.011 0.095 0.064
310 T 0.072 0.035 0.043 0.037 0.018 0.027 0.039 0.043 0.014 0.053 0.064 0.045 0.019 0.023 0.027 0.091 0.258 0.006 0.018 0.07
311 N 0.042 0.044 0.327 0.082 0.009 0.033 0.049 0.064 0.031 0.022 0.031 0.053 0.011 0.018 0.02 0.069 0.049 0.004 0.015 0.027
312 T 0.072 0.035 0.043 0.037 0.018 0.027 0.039 0.043 0.014 0.053 0.064 0.045 0.019 0.023 0.027 0.091 0.258 0.006 0.018 0.07
313 Y 0.04 0.028 0.021 0.018 0.009 0.021 0.028 0.025 0.046 0.043 0.067 0.031 0.018 0.129 0.015 0.031 0.028 0.028 0.328 0.046
314 T 0.072 0.035 0.043 0.037 0.018 0.027 0.039 0.043 0.014 0.053 0.064 0.045 0.019 0.023 0.027 0.091 0.258 0.006 0.018 0.07
315 C 0.056 0.029 0.146 0.044 0.172 0.022 0.031 0.044 0.018 0.064 0.066 0.035 0.018 0.023 0.018 0.05 0.044 0.005 0.016 0.1
316 L 0.046 0.027 0.016 0.017 0.016 0.02 0.022 0.023 0.012 0.109 0.321 0.028 0.09 0.052 0.015 0.028 0.035 0.007 0.023 0.094
317 Y 0.04 0.028 0.021 0.018 0.009 0.021 0.028 0.025 0.046 0.043 0.067 0.031 0.018 0.129 0.015 0.031 0.028 0.028 0.328 0.046
318 P 0.056 0.025 0.023 0.031 0.01 0.02 0.036 0.036 0.013 0.025 0.036 0.041 0.01 0.013 0.501 0.043 0.036 0.003 0.013 0.031
319 F 0.033 0.019 0.017 0.017 0.01 0.01 0.019 0.025 0.017 0.062 0.113 0.019 0.025 0.396 0.01 0.025 0.025 0.017 0.087 0.054
320 Y 0.04 0.028 0.021 0.018 0.009 0.021 0.028 0.025 0.046 0.043 0.067 0.031 0.018 0.129 0.015 0.031 0.028 0.028 0.328 0.046
