#Seq2Logo.py -f /work3/idamei/ssn-clusterings/clustering/2205110921/clusters/0008_135/sequences.afa -o /work3/idamei/ssn-clusterings/clustering/2205110921/clusters/0008_135/sequences.logo
#Position Specific Frequency Matrix
A R N D C Q E G H I L K M F P S T W Y V
0 L 0.051 0.031 0.02 0.02 0.016 0.028 0.028 0.028 0.016 0.098 0.193 0.035 0.177 0.047 0.016 0.035 0.039 0.008 0.024 0.091
1 K 0.054 0.096 0.042 0.041 0.008 0.069 0.071 0.042 0.056 0.026 0.042 0.247 0.016 0.017 0.026 0.052 0.038 0.005 0.021 0.031
2 E 0.051 0.089 0.101 0.056 0.01 0.042 0.101 0.043 0.092 0.029 0.043 0.078 0.015 0.021 0.023 0.06 0.082 0.006 0.024 0.036
3 R 0.045 0.345 0.039 0.031 0.008 0.048 0.052 0.033 0.023 0.023 0.047 0.12 0.016 0.017 0.019 0.045 0.035 0.006 0.017 0.031
4 E 0.055 0.05 0.04 0.09 0.007 0.064 0.296 0.035 0.026 0.022 0.037 0.076 0.013 0.017 0.026 0.055 0.037 0.006 0.017 0.031
5 S 0.11 0.04 0.054 0.049 0.018 0.033 0.052 0.066 0.019 0.03 0.042 0.054 0.016 0.021 0.03 0.22 0.082 0.005 0.018 0.042
6 R 0.045 0.345 0.039 0.031 0.008 0.048 0.052 0.033 0.023 0.023 0.047 0.12 0.016 0.017 0.019 0.045 0.035 0.006 0.017 0.031
7 L 0.052 0.032 0.02 0.02 0.016 0.028 0.028 0.028 0.016 0.1 0.197 0.036 0.161 0.048 0.016 0.036 0.04 0.008 0.024 0.092
8 Q 0.056 0.074 0.044 0.047 0.009 0.215 0.103 0.041 0.029 0.026 0.047 0.091 0.021 0.015 0.024 0.056 0.041 0.006 0.021 0.035
9 N 0.043 0.045 0.317 0.083 0.009 0.034 0.049 0.065 0.032 0.022 0.032 0.054 0.011 0.018 0.02 0.07 0.049 0.004 0.016 0.027
10 I 0.047 0.018 0.015 0.018 0.016 0.013 0.018 0.021 0.009 0.271 0.168 0.024 0.037 0.044 0.015 0.025 0.04 0.006 0.021 0.177
11 W 0.03 0.023 0.015 0.015 0.008 0.015 0.023 0.03 0.015 0.03 0.053 0.023 0.015 0.061 0.008 0.023 0.023 0.492 0.068 0.03
12 K 0.057 0.107 0.042 0.042 0.009 0.054 0.071 0.043 0.021 0.028 0.043 0.278 0.016 0.016 0.028 0.054 0.04 0.005 0.017 0.033
13 D 0.041 0.03 0.069 0.397 0.008 0.03 0.091 0.047 0.019 0.022 0.028 0.045 0.009 0.015 0.022 0.052 0.035 0.004 0.011 0.024
14 F 0.034 0.019 0.017 0.017 0.011 0.011 0.019 0.025 0.017 0.063 0.114 0.019 0.025 0.387 0.011 0.025 0.025 0.017 0.089 0.055
15 L 0.045 0.024 0.014 0.015 0.016 0.016 0.02 0.021 0.01 0.115 0.375 0.025 0.05 0.055 0.014 0.024 0.033 0.007 0.022 0.096
16 K 0.057 0.107 0.042 0.042 0.009 0.054 0.071 0.043 0.021 0.028 0.043 0.278 0.016 0.016 0.028 0.054 0.04 0.005 0.017 0.033
17 R 0.045 0.345 0.039 0.031 0.008 0.048 0.052 0.033 0.023 0.023 0.047 0.12 0.016 0.017 0.019 0.045 0.035 0.006 0.017 0.031
18 K 0.052 0.07 0.03 0.031 0.011 0.037 0.049 0.033 0.016 0.13 0.091 0.185 0.024 0.026 0.022 0.041 0.039 0.005 0.018 0.089
19 D 0.05 0.05 0.051 0.18 0.008 0.106 0.165 0.04 0.024 0.023 0.037 0.07 0.014 0.015 0.024 0.054 0.037 0.005 0.016 0.03
20 L 0.039 0.022 0.015 0.016 0.013 0.013 0.019 0.023 0.013 0.089 0.246 0.022 0.037 0.222 0.012 0.025 0.029 0.012 0.055 0.075
21 A 0.293 0.031 0.025 0.03 0.022 0.025 0.04 0.078 0.015 0.043 0.059 0.044 0.017 0.022 0.03 0.085 0.05 0.005 0.017 0.069
22 A 0.293 0.031 0.025 0.03 0.022 0.025 0.04 0.078 0.015 0.043 0.059 0.044 0.017 0.022 0.03 0.085 0.05 0.005 0.017 0.069
23 L 0.044 0.024 0.014 0.015 0.016 0.016 0.02 0.021 0.01 0.115 0.378 0.025 0.049 0.054 0.014 0.024 0.033 0.007 0.022 0.096
24 I 0.047 0.018 0.015 0.018 0.016 0.013 0.018 0.021 0.009 0.274 0.167 0.024 0.037 0.044 0.015 0.025 0.04 0.006 0.021 0.176
25 I 0.047 0.018 0.015 0.018 0.016 0.013 0.018 0.021 0.009 0.274 0.167 0.024 0.037 0.044 0.015 0.025 0.04 0.006 0.021 0.176
26 V 0.07 0.022 0.016 0.018 0.019 0.016 0.023 0.025 0.008 0.164 0.13 0.026 0.031 0.036 0.016 0.033 0.049 0.005 0.021 0.272
27 V 0.07 0.022 0.016 0.018 0.019 0.016 0.023 0.025 0.008 0.164 0.13 0.026 0.031 0.035 0.016 0.033 0.049 0.005 0.02 0.273
28 L 0.077 0.032 0.034 0.032 0.017 0.025 0.036 0.044 0.015 0.072 0.21 0.039 0.032 0.038 0.022 0.124 0.057 0.006 0.02 0.069
29 A 0.202 0.035 0.04 0.039 0.019 0.029 0.046 0.072 0.017 0.036 0.05 0.049 0.017 0.021 0.03 0.154 0.066 0.005 0.017 0.055
30 Y 0.046 0.03 0.021 0.019 0.013 0.025 0.028 0.026 0.031 0.072 0.132 0.033 0.092 0.089 0.016 0.033 0.034 0.018 0.173 0.069
31 I 0.047 0.018 0.015 0.018 0.016 0.013 0.018 0.021 0.009 0.274 0.167 0.024 0.037 0.044 0.015 0.025 0.04 0.006 0.021 0.176
32 F 0.034 0.019 0.017 0.017 0.011 0.011 0.019 0.025 0.017 0.063 0.114 0.019 0.025 0.389 0.011 0.025 0.025 0.017 0.088 0.055
33 N 0.043 0.045 0.32 0.083 0.009 0.034 0.049 0.065 0.031 0.022 0.031 0.054 0.011 0.018 0.02 0.069 0.049 0.004 0.016 0.027
34 S 0.109 0.04 0.054 0.049 0.017 0.033 0.052 0.066 0.019 0.03 0.042 0.054 0.016 0.021 0.03 0.223 0.082 0.005 0.017 0.042
35 L 0.044 0.024 0.014 0.015 0.016 0.016 0.02 0.021 0.01 0.115 0.378 0.025 0.049 0.054 0.014 0.024 0.033 0.007 0.022 0.096
36 G 0.078 0.023 0.039 0.034 0.011 0.019 0.025 0.512 0.013 0.019 0.028 0.034 0.009 0.016 0.019 0.051 0.03 0.005 0.011 0.024
37 L 0.052 0.032 0.02 0.02 0.016 0.028 0.028 0.028 0.016 0.1 0.196 0.036 0.164 0.048 0.016 0.036 0.04 0.008 0.024 0.092
38 Q 0.056 0.073 0.044 0.047 0.009 0.218 0.102 0.041 0.029 0.026 0.047 0.091 0.021 0.015 0.023 0.056 0.041 0.006 0.021 0.035
39 Q 0.056 0.073 0.044 0.047 0.009 0.218 0.102 0.041 0.029 0.026 0.047 0.091 0.021 0.015 0.023 0.056 0.041 0.006 0.021 0.035
40 G 0.078 0.023 0.039 0.034 0.011 0.019 0.025 0.512 0.013 0.019 0.028 0.034 0.009 0.016 0.019 0.051 0.03 0.005 0.011 0.024
41 G 0.078 0.023 0.039 0.034 0.011 0.019 0.025 0.512 0.013 0.019 0.028 0.034 0.009 0.016 0.019 0.051 0.03 0.005 0.011 0.024
42 L 0.052 0.032 0.02 0.02 0.016 0.028 0.028 0.028 0.016 0.1 0.196 0.036 0.164 0.048 0.016 0.036 0.04 0.008 0.024 0.092
43 E 0.055 0.049 0.04 0.09 0.007 0.064 0.299 0.035 0.026 0.022 0.037 0.075 0.013 0.017 0.026 0.055 0.037 0.005 0.017 0.031
44 I 0.047 0.018 0.015 0.018 0.016 0.013 0.018 0.021 0.009 0.274 0.167 0.024 0.037 0.044 0.015 0.025 0.04 0.006 0.021 0.176
45 A 0.293 0.031 0.025 0.03 0.022 0.025 0.04 0.078 0.015 0.043 0.059 0.044 0.017 0.022 0.03 0.085 0.05 0.005 0.017 0.069
46 T 0.073 0.035 0.043 0.037 0.018 0.027 0.039 0.043 0.014 0.053 0.065 0.045 0.02 0.024 0.027 0.092 0.25 0.006 0.018 0.071
47 H 0.042 0.046 0.053 0.038 0.008 0.038 0.053 0.038 0.358 0.023 0.038 0.046 0.015 0.03 0.019 0.042 0.027 0.008 0.057 0.023
48 Y 0.04 0.028 0.022 0.019 0.009 0.022 0.028 0.025 0.047 0.043 0.068 0.031 0.019 0.13 0.016 0.031 0.028 0.028 0.321 0.047
49 T 0.073 0.035 0.043 0.037 0.018 0.027 0.039 0.043 0.014 0.053 0.065 0.045 0.02 0.024 0.027 0.092 0.25 0.006 0.018 0.071
50 E 0.055 0.049 0.04 0.09 0.007 0.064 0.299 0.035 0.026 0.022 0.037 0.075 0.013 0.017 0.026 0.055 0.037 0.005 0.017 0.031
51 F 0.034 0.019 0.017 0.017 0.011 0.011 0.019 0.025 0.017 0.063 0.114 0.019 0.025 0.389 0.011 0.025 0.025 0.017 0.088 0.055
52 G 0.078 0.023 0.039 0.034 0.011 0.019 0.025 0.512 0.013 0.019 0.028 0.034 0.009 0.016 0.019 0.051 0.03 0.005 0.011 0.024
53 I 0.047 0.018 0.015 0.018 0.016 0.013 0.018 0.021 0.009 0.274 0.167 0.024 0.037 0.044 0.015 0.025 0.04 0.006 0.021 0.176
54 I 0.047 0.018 0.015 0.018 0.016 0.013 0.018 0.021 0.009 0.274 0.167 0.024 0.037 0.044 0.015 0.025 0.04 0.006 0.021 0.176
55 A 0.293 0.031 0.025 0.03 0.022 0.025 0.04 0.078 0.015 0.043 0.059 0.044 0.017 0.022 0.03 0.085 0.05 0.005 0.017 0.069
56 G 0.078 0.023 0.039 0.034 0.011 0.019 0.025 0.512 0.013 0.019 0.028 0.034 0.009 0.016 0.019 0.051 0.03 0.005 0.011 0.024
57 I 0.047 0.018 0.015 0.018 0.016 0.013 0.018 0.021 0.009 0.274 0.167 0.024 0.037 0.044 0.015 0.025 0.04 0.006 0.021 0.176
58 I 0.047 0.018 0.015 0.018 0.016 0.013 0.018 0.021 0.009 0.274 0.167 0.024 0.037 0.044 0.015 0.025 0.04 0.006 0.021 0.176
59 V 0.07 0.022 0.016 0.018 0.019 0.016 0.023 0.025 0.008 0.164 0.13 0.026 0.031 0.036 0.016 0.033 0.049 0.005 0.021 0.272
60 A 0.293 0.031 0.025 0.03 0.022 0.025 0.04 0.078 0.015 0.043 0.059 0.044 0.017 0.022 0.03 0.085 0.05 0.005 0.017 0.069
61 L 0.044 0.024 0.014 0.015 0.016 0.016 0.02 0.021 0.01 0.115 0.378 0.025 0.049 0.054 0.014 0.024 0.033 0.007 0.022 0.096
62 A 0.293 0.031 0.025 0.03 0.022 0.025 0.04 0.078 0.015 0.043 0.059 0.044 0.017 0.022 0.03 0.085 0.05 0.005 0.017 0.069
63 W 0.03 0.023 0.015 0.015 0.008 0.015 0.023 0.03 0.015 0.03 0.053 0.023 0.015 0.06 0.008 0.023 0.023 0.495 0.068 0.03
64 V 0.07 0.022 0.016 0.018 0.019 0.016 0.023 0.025 0.008 0.164 0.13 0.026 0.031 0.036 0.016 0.033 0.049 0.005 0.021 0.272
65 A 0.293 0.031 0.025 0.03 0.022 0.025 0.04 0.078 0.015 0.043 0.059 0.044 0.017 0.022 0.03 0.085 0.05 0.005 0.017 0.069
66 A 0.293 0.031 0.025 0.03 0.022 0.025 0.04 0.078 0.015 0.043 0.059 0.044 0.017 0.022 0.03 0.085 0.05 0.005 0.017 0.069
67 V 0.062 0.02 0.016 0.018 0.018 0.015 0.021 0.023 0.008 0.201 0.142 0.025 0.033 0.038 0.016 0.03 0.046 0.006 0.021 0.24
68 R 0.044 0.348 0.039 0.031 0.008 0.048 0.052 0.033 0.023 0.023 0.046 0.12 0.015 0.017 0.019 0.044 0.035 0.006 0.017 0.031
69 I 0.047 0.018 0.015 0.018 0.016 0.013 0.018 0.021 0.009 0.274 0.167 0.024 0.037 0.044 0.015 0.025 0.04 0.006 0.021 0.176
70 F 0.034 0.019 0.017 0.017 0.011 0.011 0.019 0.025 0.017 0.063 0.114 0.019 0.025 0.389 0.011 0.025 0.025 0.017 0.088 0.055
71 K 0.057 0.107 0.041 0.041 0.009 0.053 0.071 0.043 0.021 0.027 0.043 0.281 0.015 0.015 0.027 0.053 0.04 0.005 0.017 0.033
72 S 0.109 0.04 0.054 0.049 0.017 0.033 0.052 0.066 0.019 0.03 0.042 0.054 0.016 0.021 0.03 0.223 0.082 0.005 0.017 0.042
73 T 0.073 0.035 0.043 0.037 0.018 0.027 0.039 0.043 0.014 0.053 0.065 0.045 0.02 0.024 0.027 0.092 0.25 0.006 0.018 0.071
74 Q 0.056 0.073 0.044 0.047 0.009 0.218 0.102 0.041 0.029 0.026 0.047 0.091 0.021 0.015 0.023 0.056 0.041 0.006 0.021 0.035
75 Y 0.04 0.028 0.022 0.019 0.009 0.022 0.028 0.025 0.047 0.043 0.068 0.031 0.019 0.13 0.016 0.031 0.028 0.028 0.321 0.047
76 S 0.109 0.04 0.054 0.049 0.017 0.033 0.052 0.066 0.019 0.03 0.042 0.054 0.016 0.021 0.03 0.223 0.082 0.005 0.017 0.042
77 K 0.057 0.107 0.041 0.041 0.009 0.053 0.071 0.043 0.021 0.027 0.043 0.281 0.015 0.015 0.027 0.053 0.04 0.005 0.017 0.033
78 T 0.073 0.035 0.043 0.037 0.018 0.027 0.039 0.043 0.014 0.053 0.065 0.045 0.02 0.024 0.027 0.092 0.25 0.006 0.018 0.071
79 D 0.041 0.03 0.069 0.4 0.007 0.03 0.091 0.046 0.019 0.022 0.028 0.045 0.009 0.015 0.022 0.052 0.035 0.004 0.011 0.024
80 L 0.044 0.024 0.014 0.015 0.016 0.016 0.02 0.021 0.01 0.115 0.378 0.025 0.049 0.054 0.014 0.024 0.033 0.007 0.022 0.096
81 E 0.055 0.049 0.04 0.09 0.007 0.064 0.299 0.035 0.026 0.022 0.037 0.075 0.013 0.017 0.026 0.055 0.037 0.005 0.017 0.031
82 R 0.044 0.348 0.039 0.031 0.008 0.048 0.052 0.033 0.023 0.023 0.046 0.12 0.015 0.017 0.019 0.044 0.035 0.006 0.017 0.031
83 L 0.044 0.024 0.014 0.015 0.016 0.016 0.02 0.021 0.01 0.115 0.378 0.025 0.049 0.054 0.014 0.024 0.033 0.007 0.022 0.096
84 N 0.043 0.045 0.32 0.083 0.009 0.034 0.049 0.065 0.031 0.022 0.031 0.054 0.011 0.018 0.02 0.069 0.049 0.004 0.016 0.027
85 T 0.073 0.035 0.043 0.037 0.018 0.027 0.039 0.043 0.014 0.053 0.065 0.045 0.02 0.024 0.027 0.092 0.25 0.006 0.018 0.071
86 D 0.041 0.03 0.069 0.4 0.007 0.03 0.091 0.046 0.019 0.022 0.028 0.045 0.009 0.015 0.022 0.052 0.035 0.004 0.011 0.024
87 L 0.052 0.032 0.02 0.02 0.016 0.028 0.028 0.028 0.016 0.1 0.196 0.036 0.164 0.048 0.016 0.036 0.04 0.008 0.024 0.092
88 K 0.056 0.088 0.041 0.057 0.008 0.057 0.147 0.04 0.022 0.026 0.041 0.212 0.015 0.016 0.027 0.054 0.039 0.005 0.017 0.032
89 I 0.047 0.018 0.015 0.018 0.016 0.013 0.018 0.021 0.009 0.274 0.167 0.024 0.037 0.044 0.015 0.025 0.04 0.006 0.021 0.176
90 K 0.057 0.107 0.041 0.041 0.009 0.053 0.071 0.043 0.021 0.027 0.043 0.281 0.015 0.015 0.027 0.053 0.04 0.005 0.017 0.033
91 W 0.03 0.023 0.015 0.015 0.008 0.015 0.023 0.03 0.015 0.03 0.053 0.023 0.015 0.06 0.008 0.023 0.023 0.495 0.068 0.03
92 L 0.044 0.024 0.014 0.015 0.016 0.016 0.02 0.021 0.01 0.114 0.382 0.025 0.049 0.054 0.014 0.024 0.033 0.007 0.022 0.095
93 R 0.046 0.146 0.03 0.028 0.01 0.035 0.043 0.031 0.018 0.084 0.082 0.131 0.021 0.098 0.019 0.039 0.035 0.008 0.032 0.064
94 N 0.049 0.101 0.151 0.049 0.012 0.031 0.041 0.045 0.022 0.046 0.112 0.059 0.021 0.026 0.02 0.059 0.085 0.005 0.017 0.049
95 G 0.057 0.161 0.097 0.042 0.009 0.033 0.04 0.234 0.021 0.021 0.036 0.071 0.012 0.017 0.019 0.051 0.035 0.005 0.014 0.027
96 L 0.05 0.044 0.084 0.035 0.012 0.028 0.038 0.035 0.023 0.073 0.131 0.085 0.025 0.05 0.018 0.041 0.039 0.01 0.081 0.096
97 K 0.054 0.091 0.047 0.114 0.01 0.096 0.075 0.041 0.021 0.03 0.045 0.115 0.016 0.017 0.024 0.06 0.083 0.005 0.017 0.039
98 R 0.047 0.114 0.101 0.057 0.008 0.082 0.113 0.042 0.095 0.023 0.039 0.076 0.015 0.019 0.021 0.052 0.037 0.006 0.025 0.029
99 Y 0.055 0.044 0.03 0.028 0.01 0.029 0.04 0.037 0.029 0.034 0.054 0.086 0.016 0.07 0.019 0.074 0.039 0.113 0.153 0.039
100 V 0.054 0.021 0.017 0.018 0.016 0.016 0.022 0.023 0.016 0.187 0.13 0.026 0.03 0.057 0.015 0.029 0.04 0.01 0.082 0.192
101 K 0.057 0.107 0.042 0.042 0.009 0.054 0.071 0.043 0.021 0.028 0.043 0.276 0.016 0.016 0.028 0.054 0.04 0.005 0.017 0.033
102 D 0.114 0.037 0.106 0.122 0.013 0.031 0.056 0.061 0.055 0.028 0.039 0.048 0.014 0.02 0.025 0.115 0.053 0.005 0.019 0.038
103 D 0.047 0.033 0.115 0.269 0.01 0.03 0.071 0.049 0.02 0.028 0.035 0.046 0.012 0.017 0.023 0.063 0.083 0.004 0.013 0.034
104 G 0.05 0.022 0.023 0.023 0.011 0.017 0.025 0.125 0.019 0.087 0.081 0.029 0.02 0.12 0.112 0.035 0.031 0.012 0.092 0.065
105 R 0.049 0.107 0.096 0.042 0.105 0.072 0.054 0.041 0.092 0.027 0.045 0.065 0.015 0.02 0.019 0.05 0.037 0.005 0.024 0.034
106 A 0.113 0.028 0.028 0.027 0.111 0.022 0.032 0.048 0.014 0.044 0.069 0.036 0.032 0.031 0.021 0.089 0.068 0.105 0.027 0.055
107 G 0.068 0.055 0.039 0.036 0.01 0.032 0.043 0.329 0.016 0.022 0.034 0.137 0.012 0.016 0.022 0.051 0.033 0.005 0.013 0.027
108 E 0.051 0.045 0.045 0.153 0.007 0.056 0.266 0.037 0.024 0.022 0.034 0.068 0.012 0.016 0.025 0.054 0.036 0.005 0.015 0.029
109 L 0.056 0.026 0.035 0.102 0.013 0.021 0.038 0.13 0.013 0.098 0.134 0.034 0.024 0.03 0.019 0.048 0.079 0.005 0.016 0.077
110 L 0.044 0.024 0.014 0.015 0.016 0.016 0.02 0.021 0.01 0.113 0.388 0.025 0.049 0.054 0.014 0.024 0.033 0.007 0.022 0.094
111 F 0.087 0.021 0.018 0.019 0.013 0.013 0.023 0.035 0.016 0.058 0.101 0.024 0.023 0.323 0.014 0.037 0.03 0.014 0.073 0.057
112 F 0.037 0.021 0.016 0.016 0.013 0.013 0.019 0.023 0.014 0.083 0.222 0.021 0.034 0.261 0.012 0.024 0.028 0.013 0.061 0.07
113 V 0.112 0.028 0.028 0.027 0.018 0.022 0.031 0.041 0.012 0.119 0.096 0.036 0.025 0.029 0.023 0.064 0.132 0.006 0.018 0.133
114 G 0.077 0.022 0.038 0.033 0.011 0.019 0.025 0.52 0.013 0.019 0.028 0.033 0.009 0.016 0.019 0.05 0.029 0.005 0.011 0.024
115 F 0.036 0.022 0.018 0.017 0.01 0.015 0.022 0.025 0.028 0.054 0.094 0.023 0.022 0.291 0.012 0.027 0.026 0.021 0.185 0.051
116 I 0.149 0.023 0.019 0.022 0.018 0.018 0.026 0.043 0.011 0.188 0.122 0.031 0.029 0.034 0.02 0.048 0.043 0.006 0.019 0.131
117 L 0.046 0.023 0.015 0.017 0.016 0.017 0.02 0.022 0.011 0.179 0.26 0.026 0.069 0.048 0.014 0.026 0.037 0.007 0.022 0.125
118 Y 0.04 0.027 0.02 0.018 0.01 0.02 0.026 0.024 0.039 0.057 0.131 0.029 0.024 0.113 0.015 0.029 0.029 0.023 0.269 0.055
119 L 0.044 0.024 0.014 0.015 0.016 0.016 0.02 0.021 0.01 0.113 0.388 0.025 0.049 0.054 0.014 0.024 0.033 0.007 0.022 0.094
120 A 0.18 0.032 0.039 0.037 0.017 0.027 0.041 0.161 0.016 0.032 0.045 0.045 0.015 0.02 0.027 0.137 0.058 0.005 0.016 0.048
121 R 0.054 0.226 0.035 0.029 0.012 0.037 0.043 0.033 0.018 0.056 0.066 0.085 0.019 0.022 0.02 0.051 0.082 0.006 0.018 0.089
122 G 0.082 0.028 0.042 0.037 0.013 0.023 0.033 0.333 0.014 0.027 0.038 0.039 0.012 0.018 0.022 0.095 0.086 0.005 0.013 0.036
123 V 0.065 0.023 0.017 0.018 0.018 0.018 0.024 0.025 0.01 0.149 0.141 0.028 0.06 0.037 0.016 0.033 0.047 0.006 0.021 0.245
124 W 0.03 0.022 0.015 0.015 0.007 0.015 0.022 0.03 0.015 0.03 0.052 0.022 0.015 0.059 0.007 0.022 0.022 0.502 0.067 0.03
125 A 0.168 0.034 0.032 0.042 0.017 0.032 0.093 0.055 0.016 0.059 0.064 0.048 0.019 0.023 0.026 0.098 0.053 0.005 0.018 0.098
126 T 0.072 0.035 0.043 0.037 0.017 0.027 0.039 0.043 0.014 0.052 0.064 0.045 0.019 0.023 0.027 0.091 0.261 0.006 0.017 0.07
127 T 0.072 0.035 0.043 0.037 0.017 0.027 0.039 0.043 0.014 0.052 0.064 0.045 0.019 0.023 0.027 0.091 0.261 0.006 0.017 0.07
128 L 0.055 0.032 0.024 0.023 0.016 0.027 0.03 0.031 0.015 0.089 0.167 0.037 0.146 0.042 0.018 0.046 0.084 0.007 0.022 0.086
129 F 0.035 0.02 0.016 0.016 0.011 0.011 0.019 0.024 0.015 0.072 0.167 0.02 0.03 0.33 0.011 0.025 0.026 0.015 0.074 0.062
130 P 0.056 0.025 0.023 0.03 0.01 0.02 0.035 0.035 0.013 0.025 0.035 0.04 0.01 0.013 0.503 0.043 0.035 0.003 0.013 0.03
131 L 0.043 0.091 0.02 0.019 0.013 0.023 0.027 0.025 0.015 0.082 0.225 0.044 0.063 0.114 0.015 0.03 0.033 0.009 0.034 0.073
132 P 0.067 0.034 0.094 0.045 0.013 0.027 0.042 0.048 0.018 0.031 0.041 0.046 0.013 0.017 0.217 0.096 0.092 0.004 0.015 0.04
133 G 0.065 0.109 0.04 0.035 0.011 0.033 0.042 0.231 0.017 0.028 0.041 0.104 0.014 0.017 0.022 0.058 0.079 0.005 0.015 0.036
134 I 0.058 0.022 0.021 0.021 0.015 0.018 0.022 0.122 0.011 0.17 0.136 0.028 0.058 0.037 0.016 0.033 0.039 0.006 0.019 0.149
135 I 0.048 0.018 0.015 0.017 0.015 0.013 0.019 0.022 0.01 0.216 0.147 0.023 0.033 0.113 0.014 0.026 0.038 0.008 0.034 0.171
136 S 0.089 0.042 0.044 0.041 0.016 0.069 0.056 0.052 0.019 0.055 0.059 0.055 0.019 0.022 0.025 0.159 0.066 0.005 0.018 0.088
137 K 0.105 0.083 0.038 0.039 0.011 0.083 0.07 0.049 0.021 0.03 0.046 0.202 0.017 0.016 0.027 0.059 0.041 0.005 0.018 0.04
138 L 0.054 0.023 0.015 0.016 0.017 0.016 0.021 0.022 0.009 0.132 0.284 0.025 0.042 0.046 0.015 0.027 0.039 0.006 0.021 0.17
139 C 0.064 0.016 0.016 0.016 0.494 0.012 0.016 0.032 0.008 0.044 0.064 0.02 0.016 0.02 0.016 0.04 0.036 0.004 0.012 0.056
140 L 0.045 0.041 0.021 0.021 0.013 0.024 0.031 0.027 0.014 0.083 0.225 0.079 0.063 0.114 0.016 0.032 0.034 0.009 0.034 0.073
141 L 0.05 0.024 0.019 0.019 0.015 0.016 0.021 0.121 0.011 0.094 0.316 0.026 0.041 0.046 0.015 0.029 0.032 0.007 0.02 0.08
142 L 0.05 0.025 0.02 0.02 0.016 0.018 0.023 0.025 0.01 0.135 0.278 0.028 0.04 0.045 0.017 0.037 0.08 0.006 0.021 0.105
143 P 0.114 0.03 0.032 0.032 0.015 0.023 0.037 0.049 0.015 0.042 0.062 0.04 0.017 0.095 0.12 0.095 0.09 0.007 0.03 0.052
144 L 0.045 0.02 0.014 0.016 0.016 0.014 0.018 0.02 0.009 0.216 0.254 0.024 0.041 0.047 0.014 0.024 0.037 0.006 0.021 0.142
145 L 0.051 0.02 0.02 0.02 0.014 0.014 0.02 0.122 0.011 0.14 0.168 0.025 0.03 0.11 0.015 0.03 0.034 0.008 0.032 0.115
146 F 0.039 0.018 0.016 0.016 0.107 0.011 0.018 0.026 0.015 0.058 0.102 0.019 0.023 0.323 0.012 0.028 0.027 0.014 0.072 0.054
147 I 0.052 0.021 0.016 0.018 0.016 0.017 0.02 0.022 0.01 0.223 0.163 0.026 0.063 0.042 0.015 0.028 0.041 0.006 0.021 0.179
148 G 0.122 0.024 0.036 0.032 0.013 0.02 0.028 0.431 0.013 0.023 0.034 0.035 0.011 0.017 0.021 0.057 0.033 0.005 0.012 0.033
149 L 0.049 0.022 0.014 0.016 0.016 0.015 0.02 0.021 0.009 0.157 0.291 0.025 0.043 0.048 0.014 0.026 0.037 0.006 0.021 0.148
150 K 0.056 0.105 0.041 0.041 0.008 0.052 0.069 0.042 0.02 0.027 0.042 0.292 0.015 0.015 0.027 0.052 0.039 0.005 0.017 0.032
151 I 0.048 0.018 0.015 0.017 0.016 0.013 0.018 0.021 0.009 0.273 0.161 0.023 0.036 0.043 0.015 0.025 0.04 0.006 0.02 0.184
152 L 0.042 0.021 0.015 0.016 0.014 0.014 0.019 0.022 0.011 0.145 0.255 0.023 0.039 0.143 0.013 0.024 0.032 0.009 0.039 0.105
153 L 0.042 0.023 0.014 0.015 0.015 0.015 0.02 0.022 0.011 0.103 0.333 0.024 0.044 0.123 0.013 0.024 0.031 0.009 0.035 0.086
154 Y 0.04 0.027 0.021 0.018 0.009 0.021 0.027 0.024 0.046 0.043 0.067 0.031 0.018 0.128 0.015 0.031 0.027 0.027 0.331 0.046
155 D 0.048 0.028 0.062 0.334 0.008 0.027 0.077 0.14 0.017 0.021 0.028 0.042 0.009 0.015 0.021 0.051 0.034 0.004 0.011 0.024
156 K 0.06 0.142 0.04 0.036 0.01 0.039 0.05 0.135 0.018 0.029 0.045 0.144 0.015 0.017 0.023 0.057 0.08 0.005 0.016 0.038
157 Y 0.04 0.029 0.023 0.02 0.009 0.022 0.029 0.025 0.067 0.041 0.065 0.032 0.018 0.122 0.016 0.031 0.027 0.026 0.313 0.044
158 S 0.077 0.099 0.042 0.039 0.014 0.032 0.046 0.048 0.017 0.032 0.045 0.062 0.015 0.019 0.122 0.13 0.098 0.005 0.016 0.043
159 I 0.096 0.022 0.018 0.02 0.016 0.017 0.024 0.032 0.017 0.188 0.124 0.029 0.029 0.056 0.018 0.037 0.039 0.01 0.082 0.127
160 K 0.058 0.139 0.04 0.037 0.009 0.045 0.057 0.136 0.019 0.025 0.04 0.206 0.014 0.016 0.024 0.05 0.036 0.005 0.016 0.03
161 E 0.053 0.117 0.036 0.056 0.008 0.049 0.155 0.036 0.021 0.024 0.039 0.12 0.013 0.015 0.12 0.049 0.036 0.005 0.016 0.031
162 L 0.048 0.024 0.016 0.016 0.015 0.017 0.022 0.022 0.017 0.109 0.272 0.026 0.039 0.065 0.015 0.027 0.035 0.011 0.083 0.122
163 L 0.045 0.021 0.014 0.016 0.016 0.015 0.019 0.021 0.009 0.182 0.298 0.024 0.044 0.05 0.014 0.024 0.035 0.006 0.021 0.126
164 L 0.053 0.02 0.02 0.02 0.109 0.014 0.019 0.124 0.011 0.105 0.151 0.024 0.027 0.106 0.015 0.033 0.032 0.008 0.03 0.08
165 L 0.05 0.021 0.015 0.016 0.016 0.015 0.019 0.021 0.009 0.192 0.246 0.024 0.04 0.046 0.015 0.026 0.038 0.006 0.021 0.164
166 I 0.107 0.022 0.022 0.023 0.016 0.017 0.025 0.133 0.011 0.136 0.103 0.029 0.025 0.067 0.018 0.043 0.039 0.007 0.024 0.132
167 I 0.052 0.02 0.015 0.017 0.017 0.015 0.019 0.022 0.009 0.214 0.198 0.024 0.037 0.043 0.015 0.027 0.041 0.006 0.021 0.19
168 G 0.111 0.03 0.029 0.028 0.016 0.025 0.032 0.139 0.015 0.062 0.107 0.038 0.08 0.031 0.021 0.059 0.084 0.006 0.018 0.068
169 G 0.11 0.024 0.029 0.028 0.014 0.019 0.027 0.234 0.014 0.062 0.068 0.032 0.018 0.097 0.019 0.053 0.056 0.008 0.029 0.058
170 L 0.102 0.025 0.021 0.021 0.016 0.018 0.025 0.132 0.011 0.08 0.25 0.03 0.034 0.04 0.018 0.041 0.035 0.006 0.019 0.075
171 C 0.063 0.021 0.03 0.098 0.349 0.017 0.034 0.038 0.011 0.038 0.054 0.028 0.015 0.019 0.018 0.062 0.04 0.004 0.012 0.048
172 S 0.084 0.03 0.036 0.033 0.113 0.024 0.036 0.046 0.013 0.063 0.067 0.039 0.019 0.024 0.023 0.127 0.101 0.005 0.017 0.098
173 L 0.052 0.022 0.015 0.016 0.017 0.015 0.02 0.022 0.009 0.162 0.265 0.025 0.041 0.046 0.015 0.026 0.039 0.006 0.021 0.167
174 L 0.059 0.022 0.02 0.019 0.111 0.016 0.021 0.124 0.01 0.09 0.199 0.026 0.031 0.036 0.016 0.034 0.036 0.006 0.017 0.11
175 V 0.06 0.025 0.083 0.033 0.015 0.019 0.027 0.13 0.014 0.13 0.096 0.032 0.024 0.029 0.017 0.042 0.043 0.005 0.017 0.158
176 L 0.043 0.023 0.016 0.016 0.015 0.016 0.021 0.021 0.017 0.133 0.279 0.026 0.04 0.066 0.014 0.025 0.033 0.011 0.083 0.1
177 Y 0.04 0.027 0.02 0.018 0.01 0.02 0.026 0.024 0.039 0.057 0.131 0.029 0.024 0.113 0.015 0.029 0.029 0.023 0.269 0.055
178 A 0.107 0.1 0.094 0.041 0.013 0.032 0.044 0.052 0.027 0.032 0.049 0.06 0.015 0.041 0.022 0.092 0.048 0.01 0.08 0.042
179 S 0.087 0.039 0.106 0.052 0.016 0.032 0.048 0.06 0.02 0.032 0.044 0.051 0.015 0.02 0.027 0.173 0.11 0.005 0.017 0.044
180 G 0.056 0.099 0.044 0.034 0.009 0.032 0.041 0.229 0.157 0.021 0.035 0.055 0.013 0.022 0.019 0.045 0.029 0.006 0.03 0.025
181 Y 0.04 0.027 0.021 0.018 0.009 0.021 0.027 0.024 0.046 0.043 0.067 0.031 0.018 0.128 0.015 0.031 0.027 0.027 0.331 0.046
182 L 0.049 0.023 0.014 0.015 0.016 0.016 0.02 0.022 0.01 0.123 0.336 0.025 0.045 0.05 0.014 0.026 0.036 0.007 0.022 0.132
183 N 0.041 0.038 0.216 0.134 0.009 0.03 0.052 0.052 0.031 0.026 0.037 0.047 0.012 0.039 0.019 0.057 0.041 0.009 0.078 0.03
184 P 0.052 0.022 0.019 0.025 0.012 0.017 0.028 0.029 0.011 0.129 0.087 0.034 0.02 0.025 0.308 0.036 0.037 0.004 0.016 0.088
185 F 0.041 0.021 0.015 0.016 0.013 0.013 0.02 0.023 0.013 0.092 0.224 0.022 0.035 0.224 0.012 0.025 0.03 0.012 0.054 0.093
186 F 0.039 0.021 0.017 0.017 0.013 0.014 0.02 0.024 0.015 0.114 0.139 0.023 0.058 0.257 0.012 0.027 0.031 0.013 0.061 0.085
187 W 0.039 0.022 0.02 0.019 0.008 0.016 0.023 0.128 0.015 0.027 0.047 0.024 0.014 0.051 0.01 0.028 0.024 0.403 0.056 0.029
188 V 0.054 0.022 0.017 0.018 0.016 0.017 0.022 0.024 0.011 0.154 0.145 0.026 0.06 0.112 0.015 0.03 0.04 0.008 0.034 0.177
189 L 0.05 0.024 0.015 0.016 0.016 0.017 0.021 0.022 0.01 0.121 0.31 0.026 0.062 0.049 0.015 0.027 0.037 0.007 0.022 0.132
190 L 0.046 0.024 0.016 0.018 0.015 0.017 0.023 0.024 0.01 0.096 0.317 0.028 0.041 0.045 0.112 0.028 0.033 0.006 0.02 0.082
191 I 0.047 0.019 0.014 0.017 0.016 0.014 0.018 0.021 0.009 0.243 0.207 0.024 0.038 0.045 0.014 0.025 0.038 0.006 0.021 0.165
192 L 0.102 0.026 0.022 0.023 0.017 0.019 0.027 0.036 0.011 0.121 0.212 0.032 0.034 0.039 0.02 0.049 0.083 0.006 0.02 0.1
193 G 0.077 0.022 0.038 0.033 0.011 0.019 0.025 0.52 0.013 0.019 0.028 0.033 0.009 0.016 0.019 0.05 0.029 0.005 0.011 0.024
194 S 0.138 0.033 0.04 0.038 0.113 0.027 0.042 0.061 0.016 0.035 0.049 0.045 0.016 0.021 0.026 0.166 0.065 0.005 0.016 0.049
195 R 0.048 0.191 0.045 0.11 0.008 0.046 0.066 0.039 0.021 0.024 0.041 0.173 0.014 0.016 0.023 0.049 0.036 0.005 0.016 0.03
196 D 0.044 0.044 0.112 0.197 0.008 0.072 0.076 0.047 0.093 0.023 0.034 0.055 0.013 0.018 0.021 0.053 0.037 0.005 0.023 0.026
197 I 0.055 0.019 0.015 0.017 0.017 0.014 0.02 0.022 0.008 0.236 0.15 0.024 0.034 0.04 0.015 0.028 0.043 0.006 0.02 0.217
198 P 0.087 0.034 0.041 0.041 0.014 0.028 0.045 0.053 0.016 0.028 0.039 0.048 0.013 0.017 0.219 0.158 0.062 0.004 0.015 0.037
199 F 0.033 0.019 0.017 0.017 0.01 0.01 0.019 0.025 0.017 0.062 0.112 0.019 0.025 0.399 0.01 0.025 0.025 0.017 0.087 0.054
200 K 0.055 0.082 0.04 0.06 0.008 0.057 0.166 0.039 0.022 0.025 0.04 0.205 0.014 0.016 0.026 0.053 0.038 0.005 0.017 0.032
201 K 0.056 0.105 0.041 0.041 0.008 0.052 0.069 0.042 0.02 0.027 0.042 0.292 0.015 0.015 0.027 0.052 0.039 0.005 0.017 0.032
202 I 0.046 0.017 0.014 0.017 0.016 0.013 0.017 0.02 0.009 0.285 0.165 0.023 0.036 0.043 0.014 0.025 0.039 0.006 0.02 0.173
203 L 0.044 0.023 0.014 0.015 0.016 0.015 0.019 0.021 0.01 0.148 0.343 0.024 0.046 0.052 0.014 0.024 0.034 0.007 0.022 0.11
204 K 0.055 0.092 0.042 0.043 0.009 0.124 0.082 0.042 0.024 0.027 0.044 0.211 0.017 0.015 0.025 0.053 0.04 0.005 0.018 0.033
205 V 0.064 0.021 0.016 0.017 0.018 0.016 0.022 0.023 0.008 0.186 0.135 0.025 0.032 0.037 0.016 0.031 0.047 0.005 0.02 0.261
206 Y 0.04 0.027 0.021 0.018 0.009 0.021 0.027 0.024 0.046 0.043 0.067 0.031 0.018 0.128 0.015 0.031 0.027 0.027 0.331 0.046
207 L 0.044 0.024 0.014 0.015 0.016 0.016 0.02 0.021 0.01 0.113 0.388 0.025 0.049 0.054 0.014 0.024 0.033 0.007 0.022 0.094
208 L 0.051 0.024 0.016 0.017 0.016 0.018 0.021 0.023 0.01 0.154 0.252 0.027 0.068 0.047 0.015 0.028 0.038 0.007 0.022 0.147
209 I 0.046 0.017 0.014 0.017 0.016 0.013 0.017 0.02 0.009 0.285 0.165 0.023 0.036 0.043 0.014 0.025 0.039 0.006 0.02 0.173
210 A 0.163 0.028 0.025 0.026 0.019 0.022 0.033 0.049 0.012 0.092 0.087 0.037 0.023 0.027 0.024 0.064 0.091 0.005 0.018 0.154
211 G 0.074 0.023 0.035 0.031 0.012 0.019 0.026 0.374 0.013 0.073 0.056 0.033 0.015 0.022 0.019 0.064 0.036 0.005 0.013 0.055
212 A 0.18 0.032 0.039 0.037 0.017 0.027 0.041 0.161 0.016 0.032 0.045 0.045 0.015 0.02 0.027 0.137 0.058 0.005 0.016 0.048
213 I 0.051 0.018 0.015 0.017 0.016 0.014 0.018 0.021 0.009 0.261 0.157 0.024 0.035 0.042 0.015 0.026 0.041 0.006 0.02 0.195
214 V 0.061 0.024 0.018 0.018 0.113 0.02 0.023 0.027 0.011 0.113 0.141 0.028 0.086 0.037 0.016 0.035 0.042 0.006 0.02 0.161
215 F 0.05 0.023 0.021 0.02 0.015 0.016 0.024 0.027 0.013 0.09 0.161 0.026 0.03 0.182 0.016 0.039 0.078 0.01 0.047 0.111
216 L 0.044 0.024 0.014 0.015 0.016 0.016 0.02 0.021 0.01 0.113 0.388 0.025 0.049 0.054 0.014 0.024 0.033 0.007 0.022 0.094
217 A 0.304 0.03 0.025 0.029 0.021 0.025 0.04 0.077 0.015 0.042 0.058 0.044 0.017 0.021 0.029 0.083 0.049 0.005 0.017 0.067
218 F 0.035 0.02 0.016 0.016 0.011 0.011 0.019 0.024 0.015 0.072 0.167 0.02 0.03 0.33 0.011 0.025 0.026 0.015 0.074 0.062
219 A 0.204 0.025 0.021 0.024 0.115 0.02 0.03 0.056 0.012 0.091 0.081 0.035 0.021 0.025 0.024 0.063 0.044 0.005 0.017 0.086
220 A 0.219 0.031 0.033 0.034 0.018 0.025 0.039 0.163 0.015 0.035 0.049 0.043 0.015 0.02 0.027 0.107 0.051 0.005 0.016 0.053
221 S 0.147 0.038 0.047 0.044 0.018 0.031 0.049 0.067 0.018 0.032 0.045 0.051 0.016 0.021 0.029 0.205 0.074 0.005 0.017 0.046
222 L 0.048 0.027 0.017 0.018 0.016 0.022 0.024 0.024 0.013 0.117 0.269 0.03 0.116 0.05 0.015 0.03 0.037 0.007 0.023 0.098
223 L 0.049 0.026 0.02 0.019 0.016 0.018 0.024 0.025 0.011 0.101 0.323 0.029 0.043 0.048 0.017 0.037 0.078 0.007 0.021 0.089
224 G 0.077 0.022 0.038 0.033 0.011 0.019 0.025 0.52 0.013 0.019 0.028 0.033 0.009 0.016 0.019 0.05 0.029 0.005 0.011 0.024
225 V 0.062 0.02 0.016 0.017 0.018 0.015 0.021 0.023 0.008 0.199 0.139 0.025 0.033 0.038 0.016 0.03 0.046 0.006 0.02 0.25
226 I 0.046 0.017 0.014 0.017 0.016 0.013 0.017 0.02 0.009 0.285 0.165 0.023 0.036 0.043 0.014 0.025 0.039 0.006 0.02 0.173
227 E 0.053 0.042 0.039 0.109 0.008 0.051 0.233 0.036 0.022 0.022 0.035 0.064 0.012 0.015 0.121 0.052 0.036 0.005 0.015 0.03
228 N 0.042 0.044 0.33 0.081 0.009 0.033 0.048 0.064 0.031 0.022 0.031 0.053 0.011 0.018 0.02 0.068 0.048 0.004 0.015 0.026
229 L 0.043 0.025 0.015 0.016 0.015 0.017 0.021 0.022 0.017 0.099 0.324 0.026 0.043 0.069 0.014 0.025 0.032 0.011 0.084 0.085
230 K 0.054 0.074 0.036 0.038 0.01 0.116 0.072 0.037 0.021 0.078 0.068 0.157 0.021 0.021 0.023 0.048 0.04 0.006 0.019 0.061
231 Y 0.04 0.027 0.021 0.018 0.009 0.021 0.027 0.024 0.046 0.043 0.067 0.031 0.018 0.128 0.015 0.031 0.027 0.027 0.331 0.046
232 E 0.056 0.048 0.03 0.05 0.012 0.042 0.146 0.031 0.018 0.103 0.081 0.098 0.022 0.025 0.022 0.043 0.04 0.005 0.018 0.11
233 A 0.172 0.034 0.038 0.036 0.019 0.027 0.042 0.061 0.015 0.044 0.057 0.046 0.018 0.022 0.028 0.117 0.14 0.005 0.017 0.063
234 D 0.064 0.034 0.053 0.198 0.01 0.035 0.113 0.142 0.019 0.023 0.032 0.05 0.011 0.016 0.023 0.088 0.043 0.005 0.013 0.029
235 D 0.057 0.033 0.051 0.195 0.01 0.033 0.111 0.138 0.018 0.027 0.037 0.048 0.012 0.017 0.023 0.06 0.079 0.005 0.013 0.034
236 R 0.044 0.358 0.038 0.03 0.008 0.047 0.051 0.032 0.023 0.023 0.046 0.118 0.015 0.017 0.019 0.044 0.034 0.006 0.017 0.03
237 G 0.077 0.022 0.038 0.033 0.011 0.019 0.025 0.52 0.013 0.019 0.028 0.033 0.009 0.016 0.019 0.05 0.029 0.005 0.011 0.024
238 I 0.055 0.019 0.015 0.017 0.017 0.014 0.02 0.022 0.008 0.236 0.15 0.024 0.034 0.04 0.015 0.028 0.043 0.006 0.02 0.217
239 R 0.044 0.358 0.038 0.03 0.008 0.047 0.051 0.032 0.023 0.023 0.046 0.118 0.015 0.017 0.019 0.044 0.034 0.006 0.017 0.03
240 N 0.048 0.05 0.152 0.055 0.01 0.108 0.063 0.046 0.026 0.076 0.064 0.062 0.02 0.021 0.02 0.054 0.043 0.005 0.018 0.059
241 A 0.186 0.036 0.042 0.04 0.019 0.03 0.047 0.07 0.017 0.034 0.048 0.049 0.016 0.021 0.029 0.174 0.068 0.005 0.017 0.052
242 F 0.033 0.019 0.017 0.017 0.01 0.01 0.019 0.025 0.017 0.062 0.112 0.019 0.025 0.399 0.01 0.025 0.025 0.017 0.087 0.054
243 G 0.077 0.022 0.038 0.033 0.011 0.019 0.025 0.52 0.013 0.019 0.028 0.033 0.009 0.016 0.019 0.05 0.029 0.005 0.011 0.024
244 I 0.062 0.021 0.022 0.023 0.112 0.017 0.024 0.031 0.011 0.186 0.12 0.028 0.028 0.034 0.018 0.07 0.047 0.005 0.018 0.123
245 V 0.061 0.023 0.017 0.018 0.018 0.018 0.023 0.024 0.01 0.174 0.148 0.027 0.061 0.039 0.016 0.031 0.045 0.006 0.021 0.223
246 Y 0.04 0.027 0.021 0.018 0.009 0.021 0.027 0.024 0.046 0.043 0.067 0.031 0.018 0.128 0.015 0.031 0.027 0.027 0.331 0.046
247 P 0.065 0.028 0.029 0.03 0.015 0.022 0.034 0.036 0.012 0.063 0.065 0.039 0.018 0.021 0.215 0.06 0.128 0.004 0.016 0.097
248 T 0.072 0.035 0.043 0.037 0.017 0.027 0.039 0.043 0.014 0.052 0.064 0.045 0.019 0.023 0.027 0.091 0.261 0.006 0.017 0.07
249 D 0.04 0.029 0.068 0.409 0.007 0.029 0.09 0.046 0.018 0.022 0.027 0.044 0.009 0.015 0.022 0.051 0.035 0.004 0.011 0.024
250 F 0.039 0.018 0.016 0.016 0.107 0.011 0.018 0.026 0.015 0.058 0.102 0.019 0.023 0.323 0.012 0.028 0.027 0.014 0.072 0.054
251 G 0.213 0.027 0.03 0.031 0.017 0.022 0.034 0.254 0.014 0.033 0.046 0.039 0.014 0.019 0.025 0.07 0.041 0.005 0.015 0.05
252 A 0.186 0.036 0.042 0.04 0.019 0.03 0.047 0.07 0.017 0.034 0.048 0.049 0.016 0.021 0.029 0.174 0.068 0.005 0.017 0.052
253 H 0.041 0.045 0.052 0.037 0.007 0.037 0.052 0.037 0.368 0.022 0.037 0.045 0.015 0.03 0.019 0.041 0.026 0.007 0.056 0.022
254 I 0.055 0.019 0.015 0.017 0.017 0.014 0.02 0.022 0.008 0.236 0.15 0.024 0.034 0.04 0.015 0.028 0.043 0.006 0.02 0.217
255 F 0.033 0.019 0.017 0.017 0.01 0.01 0.019 0.025 0.017 0.062 0.112 0.019 0.025 0.399 0.01 0.025 0.025 0.017 0.087 0.054
256 F 0.036 0.022 0.018 0.017 0.01 0.015 0.022 0.025 0.028 0.054 0.094 0.023 0.022 0.291 0.012 0.027 0.026 0.021 0.185 0.051
257 L 0.043 0.023 0.015 0.017 0.014 0.017 0.021 0.024 0.012 0.145 0.215 0.026 0.064 0.05 0.013 0.026 0.034 0.106 0.031 0.104
258 L 0.101 0.026 0.02 0.022 0.017 0.02 0.026 0.035 0.012 0.142 0.184 0.032 0.061 0.04 0.019 0.045 0.062 0.006 0.02 0.109
259 L 0.046 0.024 0.014 0.015 0.016 0.016 0.02 0.021 0.01 0.118 0.362 0.025 0.047 0.052 0.014 0.025 0.034 0.007 0.022 0.113
260 V 0.078 0.03 0.034 0.031 0.018 0.024 0.035 0.04 0.012 0.091 0.085 0.039 0.023 0.027 0.023 0.096 0.14 0.005 0.018 0.149
261 F 0.09 0.021 0.018 0.019 0.014 0.014 0.023 0.034 0.015 0.103 0.112 0.025 0.026 0.252 0.015 0.037 0.033 0.012 0.06 0.08
262 F 0.041 0.02 0.017 0.017 0.107 0.013 0.02 0.026 0.021 0.055 0.093 0.021 0.022 0.269 0.012 0.029 0.028 0.016 0.121 0.053
263 Y 0.04 0.027 0.021 0.018 0.009 0.021 0.027 0.024 0.046 0.043 0.067 0.031 0.018 0.128 0.015 0.031 0.027 0.027 0.331 0.046
264 L 0.044 0.024 0.014 0.015 0.016 0.016 0.02 0.021 0.01 0.113 0.388 0.025 0.049 0.054 0.014 0.024 0.033 0.007 0.022 0.094
265 K 0.055 0.072 0.035 0.034 0.009 0.038 0.051 0.135 0.018 0.026 0.041 0.186 0.014 0.024 0.021 0.046 0.034 0.105 0.026 0.03
266 G 0.168 0.026 0.033 0.031 0.015 0.021 0.031 0.343 0.014 0.028 0.04 0.037 0.012 0.018 0.023 0.064 0.037 0.005 0.013 0.041
267 E 0.052 0.059 0.098 0.077 0.008 0.055 0.21 0.042 0.025 0.023 0.036 0.113 0.013 0.016 0.025 0.057 0.039 0.005 0.016 0.03
268 R 0.043 0.232 0.099 0.042 0.008 0.043 0.051 0.04 0.093 0.023 0.041 0.09 0.014 0.02 0.019 0.048 0.035 0.006 0.025 0.028
269 L 0.044 0.024 0.014 0.015 0.016 0.016 0.02 0.021 0.01 0.113 0.388 0.025 0.049 0.054 0.014 0.024 0.033 0.007 0.022 0.094
270 R 0.048 0.194 0.098 0.045 0.008 0.047 0.058 0.043 0.023 0.024 0.041 0.175 0.014 0.016 0.022 0.052 0.039 0.005 0.017 0.03
271 W 0.049 0.025 0.026 0.023 0.011 0.018 0.026 0.129 0.018 0.037 0.057 0.029 0.016 0.084 0.015 0.043 0.072 0.208 0.074 0.041
272 Y 0.044 0.026 0.022 0.02 0.011 0.02 0.027 0.026 0.065 0.068 0.085 0.029 0.022 0.154 0.015 0.031 0.031 0.019 0.193 0.093
273 H 0.041 0.044 0.05 0.036 0.008 0.036 0.051 0.037 0.346 0.024 0.039 0.044 0.015 0.036 0.018 0.04 0.026 0.009 0.075 0.024
274 Y 0.039 0.029 0.027 0.022 0.009 0.022 0.031 0.027 0.104 0.043 0.07 0.031 0.019 0.163 0.015 0.032 0.027 0.021 0.227 0.043
275 L 0.102 0.026 0.018 0.019 0.018 0.02 0.026 0.034 0.012 0.123 0.209 0.031 0.063 0.041 0.018 0.04 0.041 0.006 0.021 0.134
276 L 0.102 0.023 0.022 0.022 0.015 0.017 0.025 0.133 0.013 0.083 0.135 0.029 0.026 0.129 0.017 0.042 0.035 0.009 0.036 0.088
277 G 0.086 0.024 0.028 0.026 0.014 0.018 0.025 0.228 0.012 0.097 0.134 0.032 0.024 0.03 0.019 0.047 0.057 0.006 0.016 0.077
278 L 0.064 0.021 0.017 0.019 0.016 0.016 0.021 0.026 0.01 0.208 0.21 0.026 0.037 0.043 0.016 0.033 0.053 0.006 0.02 0.138
279 I 0.05 0.019 0.015 0.017 0.016 0.014 0.019 0.021 0.009 0.226 0.202 0.024 0.038 0.044 0.015 0.026 0.04 0.006 0.021 0.179
280 V 0.097 0.027 0.028 0.027 0.018 0.021 0.03 0.038 0.011 0.127 0.1 0.035 0.025 0.03 0.022 0.061 0.132 0.006 0.019 0.147
281 A 0.166 0.031 0.035 0.033 0.018 0.025 0.036 0.152 0.014 0.042 0.054 0.042 0.016 0.021 0.026 0.08 0.13 0.005 0.016 0.06
282 G 0.051 0.023 0.026 0.023 0.01 0.017 0.024 0.224 0.021 0.034 0.057 0.028 0.015 0.124 0.014 0.036 0.027 0.111 0.101 0.035
283 L 0.101 0.025 0.017 0.018 0.018 0.018 0.024 0.033 0.01 0.109 0.27 0.029 0.039 0.043 0.017 0.037 0.039 0.006 0.021 0.127
284 V 0.066 0.021 0.016 0.017 0.019 0.016 0.022 0.024 0.008 0.174 0.131 0.025 0.031 0.036 0.016 0.031 0.047 0.005 0.02 0.272
285 Y 0.04 0.027 0.021 0.018 0.009 0.021 0.027 0.024 0.046 0.043 0.067 0.031 0.018 0.128 0.015 0.031 0.027 0.027 0.331 0.046
286 H 0.042 0.135 0.042 0.032 0.008 0.037 0.047 0.033 0.2 0.027 0.046 0.064 0.016 0.046 0.018 0.04 0.029 0.011 0.099 0.03
287 F 0.034 0.02 0.018 0.017 0.01 0.013 0.02 0.025 0.022 0.058 0.103 0.021 0.024 0.345 0.011 0.026 0.025 0.019 0.136 0.052
288 C 0.064 0.016 0.016 0.016 0.494 0.012 0.016 0.032 0.008 0.044 0.064 0.02 0.016 0.02 0.016 0.04 0.036 0.004 0.012 0.056
289 N 0.042 0.107 0.272 0.071 0.009 0.036 0.049 0.058 0.029 0.022 0.034 0.066 0.012 0.018 0.02 0.063 0.046 0.005 0.016 0.027
290 A 0.211 0.032 0.032 0.032 0.02 0.026 0.039 0.063 0.014 0.046 0.06 0.044 0.018 0.022 0.028 0.086 0.134 0.005 0.017 0.068
291 R 0.044 0.358 0.038 0.03 0.008 0.047 0.051 0.032 0.023 0.023 0.046 0.118 0.015 0.017 0.019 0.044 0.034 0.006 0.017 0.03
292 L 0.049 0.022 0.014 0.016 0.016 0.015 0.02 0.021 0.009 0.157 0.291 0.025 0.043 0.048 0.014 0.026 0.037 0.006 0.021 0.148
293 D 0.04 0.029 0.068 0.409 0.007 0.029 0.09 0.046 0.018 0.022 0.027 0.044 0.009 0.015 0.022 0.051 0.035 0.004 0.011 0.024
294 C 0.129 0.028 0.033 0.031 0.209 0.023 0.035 0.054 0.014 0.038 0.054 0.038 0.016 0.02 0.024 0.127 0.056 0.005 0.015 0.052
295 G 0.058 0.019 0.024 0.024 0.014 0.015 0.02 0.22 0.01 0.179 0.11 0.027 0.025 0.032 0.016 0.035 0.035 0.006 0.016 0.113
296 S 0.099 0.035 0.046 0.042 0.112 0.028 0.044 0.058 0.017 0.032 0.046 0.046 0.016 0.02 0.026 0.196 0.071 0.005 0.016 0.044
297 I 0.048 0.023 0.017 0.018 0.016 0.019 0.021 0.023 0.011 0.211 0.176 0.028 0.092 0.045 0.015 0.029 0.039 0.007 0.022 0.14
298 L 0.049 0.022 0.014 0.016 0.016 0.015 0.02 0.021 0.009 0.157 0.291 0.025 0.043 0.048 0.014 0.026 0.037 0.006 0.021 0.148
299 L 0.047 0.027 0.016 0.017 0.016 0.021 0.023 0.024 0.012 0.107 0.31 0.029 0.1 0.051 0.015 0.028 0.035 0.007 0.023 0.093
300 T 0.097 0.03 0.033 0.031 0.018 0.023 0.033 0.041 0.012 0.105 0.087 0.039 0.023 0.028 0.024 0.073 0.174 0.006 0.018 0.104
301 V 0.124 0.029 0.031 0.03 0.019 0.023 0.035 0.047 0.013 0.089 0.084 0.038 0.023 0.027 0.024 0.095 0.097 0.005 0.018 0.149
302 L 0.098 0.026 0.018 0.02 0.017 0.021 0.026 0.034 0.012 0.129 0.219 0.031 0.078 0.043 0.018 0.039 0.039 0.007 0.021 0.104
303 L 0.044 0.023 0.014 0.015 0.016 0.015 0.019 0.021 0.01 0.148 0.343 0.024 0.046 0.052 0.014 0.024 0.034 0.007 0.022 0.11
304 F 0.033 0.019 0.017 0.017 0.01 0.01 0.019 0.025 0.017 0.062 0.112 0.019 0.025 0.399 0.01 0.025 0.025 0.017 0.087 0.054
305 G 0.075 0.022 0.034 0.03 0.012 0.018 0.025 0.421 0.012 0.047 0.048 0.032 0.014 0.02 0.018 0.047 0.033 0.005 0.013 0.076
306 I 0.051 0.024 0.05 0.026 0.015 0.018 0.024 0.029 0.012 0.199 0.184 0.029 0.034 0.041 0.016 0.05 0.043 0.006 0.02 0.13
307 G 0.07 0.027 0.097 0.043 0.01 0.021 0.03 0.429 0.017 0.019 0.028 0.037 0.01 0.016 0.019 0.054 0.033 0.005 0.012 0.024
308 N 0.047 0.046 0.211 0.064 0.009 0.07 0.056 0.054 0.027 0.023 0.035 0.058 0.013 0.016 0.117 0.061 0.044 0.004 0.016 0.029
309 F 0.063 0.023 0.018 0.018 0.012 0.016 0.023 0.03 0.021 0.06 0.141 0.025 0.026 0.17 0.013 0.031 0.029 0.113 0.112 0.057
310 I 0.048 0.019 0.014 0.017 0.016 0.014 0.018 0.021 0.009 0.238 0.206 0.024 0.038 0.045 0.014 0.025 0.039 0.006 0.021 0.168
311 T 0.068 0.034 0.041 0.035 0.015 0.027 0.04 0.042 0.084 0.088 0.074 0.042 0.021 0.028 0.023 0.097 0.134 0.006 0.026 0.075
312 R 0.047 0.121 0.039 0.035 0.008 0.078 0.06 0.035 0.097 0.028 0.048 0.115 0.017 0.041 0.021 0.045 0.033 0.01 0.088 0.033
313 S 0.069 0.046 0.046 0.112 0.012 0.031 0.056 0.049 0.019 0.034 0.053 0.092 0.016 0.094 0.024 0.12 0.052 0.007 0.03 0.038
314 P 0.062 0.102 0.034 0.034 0.012 0.069 0.051 0.039 0.018 0.078 0.067 0.065 0.019 0.022 0.118 0.08 0.046 0.005 0.017 0.062
315 K 0.049 0.071 0.04 0.037 0.008 0.079 0.064 0.037 0.097 0.029 0.047 0.15 0.017 0.041 0.022 0.046 0.034 0.01 0.088 0.033
316 C 0.063 0.043 0.039 0.106 0.109 0.029 0.05 0.042 0.016 0.063 0.071 0.088 0.032 0.023 0.022 0.082 0.046 0.005 0.016 0.057
317 P 0.066 0.049 0.036 0.048 0.011 0.038 0.1 0.043 0.018 0.026 0.038 0.1 0.013 0.015 0.218 0.086 0.045 0.004 0.015 0.033
318 R 0.051 0.18 0.098 0.044 0.01 0.041 0.052 0.043 0.022 0.029 0.046 0.125 0.015 0.018 0.022 0.06 0.083 0.005 0.017 0.038
319 D 0.041 0.03 0.069 0.4 0.007 0.03 0.091 0.046 0.019 0.022 0.028 0.045 0.009 0.015 0.022 0.052 0.035 0.004 0.011 0.024
320 S 0.109 0.04 0.054 0.049 0.017 0.033 0.052 0.066 0.019 0.03 0.042 0.054 0.016 0.021 0.03 0.223 0.082 0.005 0.017 0.042
