#Seq2Logo.py -f /work3/idamei/ssn-clusterings/clustering/2205171701/clusters/0015_27/sequences.afa -o /work3/idamei/ssn-clusterings/clustering/2205171701/clusters/0015_27/sequences.logo
#Position Specific Frequency Matrix
A R N D C Q E G H I L K M F P S T W Y V
0 L 0.051 0.032 0.02 0.02 0.016 0.028 0.028 0.028 0.016 0.099 0.194 0.036 0.172 0.048 0.016 0.036 0.04 0.008 0.024 0.091
1 K 0.082 0.066 0.046 0.041 0.011 0.041 0.058 0.049 0.125 0.027 0.042 0.14 0.015 0.022 0.025 0.093 0.046 0.006 0.029 0.034
2 V 0.06 0.02 0.016 0.018 0.018 0.015 0.021 0.023 0.008 0.208 0.143 0.025 0.033 0.038 0.016 0.029 0.045 0.006 0.02 0.238
3 R 0.043 0.234 0.149 0.05 0.008 0.042 0.051 0.045 0.026 0.023 0.04 0.094 0.014 0.017 0.019 0.054 0.04 0.005 0.017 0.029
4 K 0.057 0.107 0.041 0.041 0.009 0.053 0.071 0.043 0.021 0.028 0.043 0.279 0.015 0.015 0.028 0.053 0.04 0.005 0.017 0.033
5 L 0.044 0.024 0.014 0.015 0.016 0.016 0.02 0.021 0.01 0.115 0.376 0.025 0.05 0.055 0.014 0.024 0.033 0.007 0.022 0.096
6 S 0.11 0.04 0.054 0.049 0.017 0.033 0.052 0.066 0.019 0.03 0.042 0.054 0.016 0.021 0.03 0.221 0.082 0.005 0.017 0.042
7 L 0.044 0.024 0.014 0.015 0.016 0.016 0.02 0.021 0.01 0.114 0.383 0.025 0.049 0.054 0.014 0.024 0.033 0.007 0.022 0.095
8 D 0.049 0.044 0.038 0.143 0.012 0.03 0.054 0.035 0.015 0.106 0.096 0.093 0.043 0.028 0.02 0.042 0.039 0.005 0.017 0.091
9 G 0.064 0.035 0.143 0.127 0.011 0.028 0.051 0.182 0.021 0.023 0.032 0.046 0.011 0.017 0.022 0.093 0.047 0.005 0.014 0.028
10 I 0.046 0.019 0.014 0.017 0.016 0.014 0.018 0.02 0.009 0.236 0.224 0.024 0.04 0.046 0.014 0.024 0.038 0.006 0.021 0.153
11 L 0.053 0.033 0.021 0.022 0.015 0.058 0.037 0.026 0.013 0.109 0.248 0.038 0.038 0.041 0.016 0.032 0.039 0.006 0.021 0.132
12 D 0.04 0.029 0.068 0.406 0.007 0.029 0.09 0.046 0.018 0.022 0.028 0.044 0.009 0.015 0.022 0.051 0.035 0.004 0.011 0.024
13 Y 0.054 0.028 0.026 0.023 0.013 0.022 0.03 0.029 0.03 0.069 0.079 0.033 0.021 0.082 0.019 0.047 0.093 0.017 0.183 0.099
14 L 0.048 0.024 0.015 0.017 0.016 0.018 0.021 0.022 0.011 0.159 0.271 0.027 0.069 0.049 0.015 0.027 0.037 0.007 0.022 0.128
15 L 0.039 0.023 0.016 0.016 0.012 0.016 0.021 0.025 0.014 0.078 0.21 0.024 0.05 0.14 0.012 0.025 0.029 0.133 0.05 0.068
16 L 0.06 0.027 0.024 0.024 0.016 0.02 0.027 0.032 0.012 0.124 0.258 0.032 0.038 0.044 0.018 0.076 0.046 0.006 0.02 0.096
17 L 0.042 0.021 0.017 0.017 0.014 0.014 0.02 0.024 0.012 0.122 0.221 0.024 0.036 0.178 0.014 0.029 0.045 0.01 0.046 0.093
18 L 0.06 0.028 0.024 0.023 0.016 0.02 0.028 0.032 0.012 0.093 0.299 0.032 0.041 0.046 0.018 0.076 0.045 0.007 0.021 0.081
19 I 0.052 0.018 0.015 0.017 0.017 0.014 0.019 0.021 0.009 0.252 0.156 0.024 0.035 0.041 0.015 0.027 0.042 0.006 0.02 0.2
20 I 0.052 0.018 0.015 0.017 0.017 0.014 0.019 0.021 0.009 0.252 0.156 0.024 0.035 0.041 0.015 0.027 0.042 0.006 0.02 0.2
21 I 0.05 0.019 0.015 0.017 0.017 0.014 0.019 0.021 0.009 0.249 0.172 0.024 0.036 0.043 0.015 0.026 0.041 0.006 0.02 0.189
22 T 0.078 0.062 0.041 0.04 0.013 0.083 0.062 0.044 0.019 0.039 0.054 0.117 0.018 0.019 0.026 0.072 0.136 0.006 0.018 0.052
23 C 0.068 0.026 0.029 0.027 0.254 0.02 0.027 0.037 0.011 0.048 0.064 0.032 0.018 0.022 0.022 0.066 0.147 0.005 0.015 0.063
24 N 0.042 0.043 0.256 0.07 0.009 0.033 0.048 0.057 0.095 0.024 0.035 0.05 0.012 0.027 0.019 0.061 0.043 0.006 0.043 0.027
25 S 0.099 0.038 0.051 0.045 0.017 0.031 0.048 0.06 0.018 0.035 0.047 0.051 0.016 0.021 0.029 0.196 0.125 0.005 0.017 0.048
26 I 0.048 0.021 0.016 0.018 0.016 0.017 0.02 0.022 0.01 0.236 0.173 0.026 0.07 0.045 0.015 0.027 0.039 0.006 0.021 0.153
27 Y 0.04 0.028 0.021 0.018 0.009 0.021 0.028 0.025 0.046 0.043 0.067 0.031 0.018 0.129 0.015 0.031 0.028 0.028 0.328 0.046
28 L 0.073 0.03 0.032 0.029 0.017 0.023 0.033 0.038 0.013 0.089 0.155 0.037 0.029 0.033 0.022 0.095 0.105 0.006 0.019 0.121
29 V 0.056 0.032 0.102 0.039 0.014 0.025 0.035 0.039 0.025 0.07 0.073 0.039 0.02 0.051 0.02 0.056 0.096 0.011 0.095 0.106
30 T 0.071 0.049 0.038 0.036 0.015 0.031 0.044 0.043 0.015 0.098 0.078 0.103 0.022 0.026 0.025 0.1 0.104 0.005 0.018 0.079
31 G 0.079 0.039 0.043 0.04 0.012 0.074 0.051 0.285 0.019 0.023 0.036 0.052 0.014 0.017 0.022 0.097 0.045 0.005 0.015 0.031
32 G 0.06 0.031 0.041 0.136 0.011 0.032 0.111 0.156 0.016 0.056 0.055 0.044 0.016 0.021 0.021 0.047 0.037 0.005 0.015 0.09
33 P 0.063 0.033 0.033 0.046 0.011 0.032 0.103 0.04 0.018 0.035 0.056 0.047 0.016 0.111 0.142 0.089 0.044 0.007 0.033 0.039
34 N 0.059 0.04 0.235 0.164 0.009 0.032 0.059 0.061 0.027 0.024 0.032 0.05 0.011 0.017 0.021 0.065 0.045 0.004 0.014 0.029
35 K 0.064 0.078 0.04 0.039 0.009 0.042 0.055 0.2 0.018 0.024 0.038 0.201 0.013 0.016 0.024 0.052 0.036 0.005 0.015 0.03
36 L 0.044 0.024 0.014 0.015 0.016 0.016 0.02 0.021 0.01 0.114 0.385 0.025 0.049 0.054 0.014 0.024 0.033 0.007 0.022 0.095
37 G 0.054 0.032 0.159 0.051 0.012 0.024 0.034 0.165 0.02 0.088 0.066 0.04 0.017 0.024 0.019 0.055 0.055 0.005 0.016 0.066
38 L 0.047 0.043 0.024 0.026 0.011 0.025 0.036 0.031 0.015 0.057 0.144 0.093 0.025 0.119 0.138 0.036 0.033 0.008 0.035 0.053
39 I 0.041 0.021 0.016 0.017 0.012 0.016 0.021 0.024 0.02 0.159 0.113 0.025 0.026 0.069 0.013 0.026 0.032 0.135 0.109 0.106
40 L 0.114 0.025 0.017 0.019 0.018 0.018 0.026 0.036 0.011 0.108 0.239 0.03 0.037 0.041 0.018 0.041 0.041 0.006 0.02 0.134
41 P 0.104 0.027 0.026 0.028 0.016 0.021 0.032 0.041 0.012 0.108 0.085 0.037 0.022 0.026 0.142 0.058 0.095 0.005 0.017 0.099
42 L 0.048 0.022 0.015 0.016 0.016 0.015 0.02 0.023 0.011 0.116 0.27 0.024 0.04 0.113 0.014 0.026 0.035 0.008 0.034 0.133
43 L 0.056 0.023 0.015 0.016 0.017 0.016 0.021 0.023 0.009 0.138 0.257 0.025 0.04 0.045 0.015 0.028 0.041 0.006 0.021 0.187
44 L 0.056 0.021 0.015 0.017 0.017 0.015 0.02 0.022 0.009 0.187 0.204 0.025 0.037 0.042 0.015 0.028 0.042 0.006 0.021 0.2
45 T 0.065 0.027 0.029 0.027 0.017 0.021 0.03 0.033 0.011 0.137 0.106 0.035 0.027 0.031 0.021 0.06 0.151 0.006 0.019 0.148
46 I 0.06 0.023 0.022 0.022 0.017 0.018 0.025 0.027 0.01 0.187 0.129 0.029 0.03 0.036 0.018 0.044 0.097 0.006 0.02 0.181
47 A 0.238 0.032 0.032 0.033 0.02 0.027 0.042 0.071 0.015 0.047 0.059 0.045 0.018 0.022 0.028 0.117 0.057 0.005 0.017 0.074
48 L 0.057 0.033 0.026 0.024 0.017 0.028 0.031 0.032 0.016 0.089 0.164 0.038 0.126 0.042 0.019 0.05 0.092 0.007 0.023 0.087
49 L 0.044 0.024 0.014 0.015 0.016 0.016 0.02 0.021 0.01 0.115 0.376 0.025 0.05 0.055 0.014 0.024 0.033 0.007 0.022 0.096
50 V 0.063 0.026 0.022 0.022 0.018 0.019 0.026 0.028 0.01 0.123 0.176 0.03 0.033 0.037 0.018 0.045 0.097 0.006 0.02 0.181
51 L 0.043 0.022 0.015 0.016 0.014 0.014 0.02 0.023 0.012 0.101 0.251 0.023 0.038 0.18 0.013 0.025 0.032 0.01 0.046 0.103
52 L 0.043 0.024 0.014 0.015 0.016 0.016 0.02 0.021 0.01 0.11 0.368 0.025 0.047 0.075 0.014 0.024 0.032 0.008 0.026 0.092
53 E 0.051 0.074 0.112 0.075 0.008 0.053 0.182 0.043 0.026 0.023 0.037 0.114 0.013 0.017 0.024 0.057 0.04 0.005 0.016 0.03
54 L 0.05 0.023 0.015 0.016 0.017 0.016 0.021 0.022 0.009 0.126 0.321 0.025 0.044 0.049 0.015 0.026 0.037 0.007 0.022 0.141
55 L 0.047 0.021 0.014 0.016 0.016 0.015 0.019 0.021 0.009 0.19 0.273 0.024 0.042 0.048 0.014 0.025 0.037 0.006 0.021 0.141
56 S 0.078 0.113 0.04 0.036 0.015 0.032 0.043 0.046 0.017 0.085 0.072 0.062 0.02 0.025 0.023 0.133 0.059 0.005 0.018 0.077
57 G 0.082 0.03 0.04 0.037 0.014 0.024 0.037 0.168 0.017 0.035 0.056 0.04 0.016 0.113 0.022 0.135 0.054 0.008 0.033 0.04
58 R 0.054 0.212 0.04 0.035 0.01 0.044 0.053 0.038 0.02 0.031 0.05 0.143 0.016 0.018 0.023 0.058 0.091 0.006 0.017 0.041
59 L 0.045 0.022 0.014 0.016 0.016 0.015 0.019 0.021 0.009 0.177 0.302 0.024 0.044 0.05 0.014 0.024 0.035 0.007 0.021 0.125
60 S 0.092 0.041 0.122 0.057 0.015 0.033 0.051 0.065 0.022 0.027 0.039 0.053 0.014 0.02 0.027 0.191 0.073 0.005 0.017 0.038
61 L 0.045 0.026 0.017 0.018 0.014 0.02 0.023 0.023 0.02 0.124 0.217 0.029 0.07 0.069 0.015 0.029 0.034 0.012 0.099 0.097
62 K 0.051 0.078 0.131 0.055 0.009 0.09 0.071 0.049 0.026 0.025 0.04 0.165 0.015 0.016 0.024 0.058 0.042 0.005 0.017 0.031
63 Y 0.105 0.028 0.022 0.021 0.012 0.022 0.03 0.038 0.036 0.044 0.068 0.033 0.019 0.119 0.019 0.044 0.033 0.021 0.235 0.052
64 I 0.041 0.019 0.015 0.017 0.014 0.012 0.018 0.022 0.012 0.179 0.173 0.022 0.034 0.177 0.013 0.025 0.033 0.01 0.046 0.119
65 K 0.049 0.072 0.096 0.045 0.009 0.041 0.056 0.043 0.066 0.029 0.044 0.166 0.015 0.039 0.023 0.051 0.037 0.009 0.079 0.033
66 I 0.056 0.053 0.026 0.027 0.014 0.03 0.04 0.03 0.014 0.142 0.111 0.126 0.035 0.031 0.02 0.038 0.042 0.006 0.019 0.14
67 I 0.047 0.022 0.016 0.018 0.016 0.017 0.021 0.023 0.012 0.207 0.171 0.027 0.076 0.072 0.015 0.028 0.038 0.007 0.027 0.14
68 L 0.051 0.023 0.015 0.016 0.017 0.017 0.021 0.022 0.01 0.138 0.291 0.026 0.051 0.048 0.015 0.027 0.038 0.007 0.022 0.146
69 Y 0.041 0.028 0.022 0.019 0.009 0.022 0.028 0.025 0.047 0.044 0.069 0.031 0.019 0.131 0.016 0.031 0.028 0.028 0.315 0.047
70 L 0.07 0.031 0.032 0.03 0.017 0.024 0.034 0.039 0.014 0.089 0.165 0.038 0.047 0.035 0.022 0.095 0.103 0.006 0.02 0.091
71 L 0.056 0.108 0.026 0.024 0.015 0.026 0.032 0.029 0.013 0.102 0.162 0.052 0.03 0.034 0.018 0.044 0.08 0.006 0.019 0.125
72 G 0.075 0.025 0.031 0.029 0.016 0.02 0.029 0.157 0.012 0.123 0.091 0.034 0.023 0.029 0.02 0.085 0.049 0.005 0.017 0.13
73 L 0.05 0.023 0.015 0.016 0.017 0.016 0.021 0.022 0.009 0.126 0.321 0.025 0.044 0.049 0.015 0.026 0.037 0.007 0.022 0.141
74 L 0.044 0.022 0.016 0.017 0.014 0.016 0.021 0.022 0.018 0.18 0.196 0.026 0.035 0.067 0.015 0.026 0.035 0.012 0.098 0.122
75 F 0.037 0.023 0.019 0.018 0.01 0.016 0.023 0.025 0.031 0.053 0.09 0.025 0.022 0.262 0.013 0.028 0.026 0.022 0.208 0.05
76 L 0.044 0.02 0.017 0.018 0.015 0.014 0.02 0.023 0.011 0.171 0.201 0.024 0.036 0.133 0.014 0.029 0.048 0.009 0.037 0.118
77 L 0.112 0.024 0.018 0.02 0.017 0.017 0.025 0.037 0.012 0.095 0.171 0.028 0.031 0.127 0.017 0.041 0.039 0.009 0.037 0.124
78 I 0.115 0.024 0.018 0.021 0.018 0.019 0.026 0.037 0.011 0.165 0.137 0.031 0.056 0.037 0.019 0.043 0.044 0.006 0.02 0.152
79 I 0.088 0.021 0.019 0.021 0.106 0.016 0.023 0.033 0.01 0.177 0.121 0.027 0.028 0.034 0.018 0.049 0.044 0.005 0.018 0.144
80 L 0.052 0.023 0.021 0.022 0.016 0.017 0.023 0.026 0.01 0.182 0.195 0.029 0.035 0.041 0.018 0.041 0.092 0.006 0.02 0.128
81 L 0.049 0.024 0.022 0.022 0.015 0.017 0.024 0.027 0.012 0.128 0.182 0.028 0.032 0.129 0.017 0.041 0.089 0.009 0.037 0.098
82 N 0.041 0.031 0.171 0.049 0.011 0.022 0.033 0.043 0.022 0.097 0.085 0.037 0.021 0.119 0.016 0.047 0.04 0.008 0.035 0.07
83 L 0.052 0.021 0.015 0.017 0.017 0.015 0.02 0.022 0.009 0.181 0.236 0.025 0.039 0.045 0.015 0.027 0.04 0.006 0.021 0.177
84 L 0.052 0.025 0.024 0.023 0.015 0.018 0.025 0.03 0.013 0.115 0.175 0.029 0.031 0.128 0.017 0.052 0.091 0.009 0.037 0.092
85 L 0.05 0.027 0.093 0.033 0.015 0.02 0.027 0.032 0.014 0.145 0.177 0.032 0.032 0.038 0.016 0.037 0.042 0.006 0.02 0.144
86 S 0.074 0.035 0.111 0.048 0.015 0.028 0.042 0.052 0.019 0.092 0.071 0.045 0.02 0.026 0.023 0.13 0.073 0.005 0.018 0.073
87 G 0.122 0.024 0.03 0.028 0.013 0.018 0.027 0.284 0.014 0.036 0.057 0.032 0.015 0.112 0.019 0.052 0.033 0.008 0.032 0.042
88 A 0.121 0.033 0.106 0.044 0.014 0.025 0.04 0.058 0.02 0.039 0.061 0.042 0.017 0.114 0.022 0.102 0.051 0.008 0.034 0.047
89 N 0.069 0.053 0.109 0.047 0.013 0.034 0.048 0.049 0.02 0.06 0.061 0.105 0.018 0.022 0.023 0.096 0.054 0.005 0.018 0.095
90 L 0.051 0.02 0.015 0.017 0.017 0.015 0.019 0.021 0.009 0.21 0.211 0.024 0.038 0.044 0.015 0.026 0.04 0.006 0.021 0.181
91 S 0.099 0.038 0.051 0.045 0.017 0.031 0.048 0.06 0.018 0.035 0.047 0.051 0.016 0.021 0.029 0.196 0.125 0.005 0.017 0.048
92 P 0.066 0.032 0.032 0.045 0.013 0.032 0.102 0.038 0.016 0.106 0.078 0.047 0.02 0.025 0.112 0.087 0.048 0.005 0.017 0.078
93 N 0.05 0.037 0.178 0.054 0.013 0.027 0.039 0.048 0.021 0.053 0.128 0.044 0.023 0.028 0.02 0.063 0.097 0.005 0.018 0.054
94 N 0.063 0.038 0.109 0.059 0.012 0.036 0.106 0.046 0.021 0.089 0.068 0.051 0.019 0.025 0.022 0.095 0.051 0.005 0.017 0.068
95 L 0.042 0.02 0.015 0.016 0.015 0.013 0.019 0.022 0.011 0.174 0.221 0.023 0.037 0.135 0.013 0.025 0.034 0.009 0.038 0.119
96 L 0.064 0.029 0.029 0.027 0.017 0.022 0.03 0.033 0.011 0.095 0.16 0.035 0.03 0.034 0.021 0.06 0.149 0.006 0.019 0.129
97 Y 0.042 0.045 0.025 0.024 0.009 0.027 0.036 0.029 0.032 0.044 0.073 0.092 0.019 0.167 0.017 0.035 0.03 0.019 0.19 0.045
98 Y 0.04 0.03 0.025 0.021 0.009 0.023 0.031 0.026 0.086 0.04 0.064 0.033 0.018 0.117 0.016 0.032 0.027 0.025 0.294 0.043
99 F 0.033 0.019 0.017 0.017 0.01 0.01 0.019 0.025 0.017 0.062 0.113 0.019 0.025 0.396 0.01 0.025 0.025 0.017 0.087 0.054
100 I 0.055 0.02 0.015 0.017 0.017 0.015 0.02 0.022 0.009 0.216 0.179 0.024 0.036 0.042 0.015 0.027 0.042 0.006 0.021 0.204
101 L 0.052 0.022 0.015 0.017 0.017 0.017 0.021 0.022 0.01 0.176 0.228 0.026 0.056 0.045 0.015 0.028 0.04 0.006 0.021 0.165
102 L 0.111 0.023 0.018 0.02 0.016 0.017 0.025 0.037 0.013 0.092 0.154 0.028 0.029 0.148 0.017 0.041 0.038 0.009 0.041 0.122
103 P 0.056 0.025 0.023 0.031 0.01 0.02 0.036 0.036 0.013 0.025 0.036 0.041 0.01 0.013 0.501 0.043 0.036 0.003 0.013 0.031
104 L 0.044 0.022 0.014 0.016 0.016 0.015 0.019 0.021 0.01 0.156 0.33 0.025 0.046 0.051 0.014 0.024 0.034 0.007 0.022 0.115
105 F 0.042 0.025 0.018 0.018 0.013 0.019 0.023 0.026 0.016 0.081 0.153 0.027 0.099 0.222 0.013 0.03 0.032 0.012 0.056 0.073
106 L 0.043 0.025 0.016 0.017 0.015 0.018 0.022 0.024 0.013 0.097 0.269 0.026 0.074 0.138 0.014 0.027 0.033 0.01 0.039 0.084
107 L 0.048 0.023 0.016 0.017 0.016 0.018 0.021 0.023 0.011 0.187 0.225 0.027 0.073 0.047 0.015 0.028 0.038 0.007 0.022 0.14
108 L 0.045 0.021 0.014 0.016 0.016 0.015 0.019 0.021 0.009 0.198 0.275 0.024 0.043 0.049 0.014 0.024 0.036 0.006 0.021 0.134
109 L 0.05 0.028 0.093 0.032 0.015 0.02 0.028 0.033 0.015 0.103 0.232 0.032 0.035 0.04 0.016 0.037 0.041 0.006 0.02 0.124
110 L 0.067 0.044 0.034 0.034 0.014 0.079 0.052 0.04 0.02 0.063 0.119 0.054 0.095 0.033 0.021 0.089 0.05 0.007 0.021 0.065
111 L 0.044 0.025 0.018 0.018 0.013 0.019 0.024 0.025 0.022 0.113 0.154 0.028 0.073 0.133 0.014 0.03 0.033 0.014 0.111 0.089
112 Y 0.048 0.067 0.031 0.03 0.009 0.037 0.049 0.034 0.033 0.035 0.055 0.16 0.017 0.072 0.021 0.042 0.033 0.016 0.172 0.039
113 Y 0.047 0.031 0.097 0.034 0.011 0.024 0.032 0.035 0.033 0.064 0.078 0.036 0.029 0.078 0.017 0.041 0.038 0.016 0.173 0.088
114 F 0.039 0.03 0.108 0.131 0.009 0.024 0.046 0.04 0.028 0.037 0.06 0.037 0.016 0.139 0.017 0.044 0.034 0.013 0.11 0.038
115 K 0.055 0.085 0.106 0.045 0.011 0.038 0.052 0.043 0.02 0.059 0.061 0.153 0.018 0.021 0.022 0.051 0.044 0.005 0.017 0.093
116 N 0.048 0.046 0.187 0.119 0.008 0.041 0.118 0.081 0.026 0.022 0.032 0.071 0.011 0.017 0.022 0.061 0.042 0.005 0.015 0.028
117 E 0.056 0.061 0.035 0.046 0.012 0.071 0.113 0.034 0.019 0.095 0.078 0.06 0.022 0.025 0.022 0.056 0.093 0.006 0.018 0.077
118 L 0.043 0.021 0.015 0.016 0.015 0.014 0.019 0.022 0.011 0.146 0.279 0.023 0.041 0.115 0.013 0.024 0.033 0.009 0.034 0.107
119 A 0.127 0.03 0.033 0.032 0.017 0.023 0.037 0.051 0.015 0.053 0.07 0.04 0.019 0.092 0.054 0.097 0.102 0.007 0.03 0.072
120 N 0.106 0.037 0.187 0.15 0.012 0.03 0.057 0.063 0.024 0.027 0.037 0.049 0.012 0.018 0.023 0.068 0.045 0.004 0.015 0.036
121 L 0.039 0.021 0.015 0.016 0.013 0.013 0.019 0.023 0.013 0.088 0.249 0.022 0.037 0.225 0.012 0.024 0.029 0.012 0.055 0.074
122 L 0.044 0.022 0.014 0.016 0.016 0.015 0.019 0.021 0.01 0.156 0.33 0.025 0.046 0.051 0.014 0.024 0.034 0.007 0.022 0.115
123 A 0.124 0.116 0.095 0.068 0.014 0.034 0.051 0.059 0.021 0.029 0.044 0.067 0.015 0.019 0.025 0.106 0.052 0.005 0.016 0.041
124 K 0.056 0.065 0.033 0.033 0.013 0.036 0.048 0.036 0.015 0.111 0.085 0.16 0.023 0.026 0.023 0.051 0.08 0.005 0.018 0.084
125 F 0.033 0.019 0.017 0.017 0.01 0.01 0.019 0.025 0.017 0.062 0.113 0.019 0.025 0.396 0.01 0.025 0.025 0.017 0.087 0.054
126 V 0.069 0.022 0.016 0.018 0.019 0.016 0.023 0.024 0.008 0.162 0.128 0.026 0.031 0.035 0.016 0.032 0.049 0.005 0.02 0.28
127 R 0.047 0.215 0.111 0.046 0.008 0.045 0.055 0.043 0.024 0.024 0.041 0.145 0.014 0.017 0.021 0.052 0.039 0.005 0.017 0.03
128 I 0.052 0.018 0.015 0.017 0.017 0.014 0.019 0.021 0.009 0.252 0.156 0.024 0.035 0.041 0.015 0.027 0.042 0.006 0.02 0.2
129 V 0.058 0.02 0.015 0.017 0.017 0.015 0.02 0.022 0.008 0.222 0.147 0.024 0.034 0.039 0.015 0.029 0.044 0.006 0.02 0.227
130 L 0.047 0.022 0.015 0.016 0.015 0.015 0.02 0.023 0.011 0.113 0.253 0.024 0.038 0.135 0.014 0.026 0.035 0.009 0.038 0.131
131 I 0.046 0.019 0.014 0.017 0.016 0.014 0.018 0.02 0.009 0.24 0.22 0.024 0.039 0.046 0.014 0.024 0.038 0.006 0.021 0.154
132 L 0.041 0.023 0.015 0.015 0.015 0.015 0.02 0.022 0.012 0.101 0.317 0.023 0.043 0.139 0.013 0.024 0.031 0.009 0.038 0.085
133 A 0.301 0.031 0.025 0.029 0.021 0.025 0.04 0.077 0.015 0.043 0.059 0.044 0.017 0.021 0.029 0.084 0.049 0.005 0.017 0.068
134 I 0.052 0.02 0.015 0.017 0.017 0.015 0.02 0.022 0.009 0.219 0.185 0.025 0.045 0.043 0.015 0.027 0.041 0.006 0.021 0.185
135 I 0.054 0.019 0.02 0.02 0.038 0.014 0.02 0.122 0.011 0.14 0.113 0.024 0.026 0.123 0.015 0.032 0.035 0.008 0.035 0.128
136 S 0.108 0.04 0.053 0.048 0.017 0.033 0.052 0.065 0.019 0.029 0.041 0.053 0.015 0.021 0.029 0.231 0.081 0.005 0.017 0.041
137 L 0.044 0.024 0.014 0.015 0.016 0.016 0.02 0.021 0.01 0.114 0.385 0.025 0.049 0.054 0.014 0.024 0.033 0.007 0.022 0.095
138 L 0.042 0.021 0.015 0.016 0.015 0.014 0.019 0.022 0.011 0.143 0.262 0.023 0.04 0.137 0.013 0.024 0.033 0.009 0.038 0.104
139 F 0.033 0.019 0.017 0.017 0.01 0.01 0.019 0.025 0.017 0.062 0.113 0.019 0.025 0.396 0.01 0.025 0.025 0.017 0.087 0.054
140 W 0.03 0.022 0.015 0.015 0.007 0.015 0.022 0.03 0.015 0.03 0.052 0.022 0.015 0.06 0.007 0.022 0.022 0.5 0.067 0.03
141 L 0.056 0.022 0.02 0.02 0.135 0.016 0.022 0.028 0.01 0.13 0.174 0.027 0.031 0.036 0.017 0.041 0.078 0.006 0.018 0.112
142 F 0.037 0.018 0.016 0.017 0.012 0.011 0.018 0.024 0.015 0.117 0.126 0.02 0.028 0.308 0.011 0.025 0.029 0.014 0.071 0.084
143 G 0.077 0.023 0.039 0.033 0.011 0.019 0.025 0.517 0.013 0.019 0.028 0.033 0.009 0.016 0.019 0.051 0.029 0.005 0.011 0.024
144 S 0.099 0.038 0.051 0.045 0.017 0.031 0.048 0.06 0.018 0.035 0.047 0.051 0.016 0.021 0.029 0.196 0.125 0.005 0.017 0.048
145 V 0.058 0.021 0.015 0.017 0.018 0.016 0.021 0.023 0.009 0.172 0.199 0.025 0.037 0.041 0.015 0.029 0.043 0.006 0.021 0.214
146 L 0.041 0.023 0.015 0.015 0.015 0.015 0.02 0.022 0.012 0.101 0.317 0.023 0.043 0.139 0.013 0.024 0.031 0.009 0.038 0.085
147 N 0.045 0.06 0.187 0.061 0.008 0.039 0.055 0.052 0.112 0.024 0.036 0.11 0.013 0.02 0.021 0.058 0.041 0.005 0.026 0.027
148 V 0.058 0.02 0.015 0.017 0.017 0.015 0.02 0.022 0.008 0.222 0.147 0.024 0.034 0.039 0.015 0.029 0.044 0.006 0.02 0.227
149 I 0.056 0.019 0.015 0.017 0.017 0.014 0.02 0.022 0.008 0.229 0.149 0.024 0.034 0.04 0.015 0.028 0.043 0.006 0.02 0.22
150 H 0.062 0.059 0.05 0.041 0.01 0.04 0.057 0.046 0.192 0.025 0.04 0.108 0.015 0.024 0.024 0.092 0.043 0.006 0.037 0.03
151 P 0.056 0.025 0.023 0.031 0.01 0.02 0.036 0.036 0.013 0.025 0.036 0.041 0.01 0.013 0.501 0.043 0.036 0.003 0.013 0.031
152 T 0.072 0.035 0.043 0.037 0.018 0.027 0.039 0.043 0.014 0.053 0.064 0.045 0.019 0.023 0.027 0.091 0.258 0.006 0.018 0.07
153 N 0.065 0.037 0.181 0.057 0.013 0.029 0.043 0.055 0.022 0.059 0.058 0.046 0.017 0.023 0.021 0.1 0.057 0.005 0.017 0.094
154 Y 0.054 0.028 0.025 0.023 0.014 0.021 0.029 0.029 0.028 0.083 0.084 0.033 0.022 0.08 0.018 0.046 0.09 0.017 0.173 0.104
155 V 0.069 0.022 0.016 0.018 0.019 0.016 0.023 0.024 0.008 0.162 0.128 0.026 0.031 0.035 0.016 0.032 0.049 0.005 0.02 0.28
156 L 0.051 0.02 0.015 0.017 0.017 0.015 0.019 0.021 0.009 0.21 0.211 0.024 0.038 0.044 0.015 0.026 0.04 0.006 0.021 0.181
157 N 0.059 0.043 0.259 0.073 0.011 0.033 0.049 0.065 0.028 0.024 0.034 0.053 0.012 0.018 0.022 0.109 0.057 0.005 0.016 0.03
158 N 0.061 0.046 0.111 0.049 0.011 0.078 0.057 0.049 0.031 0.03 0.047 0.057 0.016 0.045 0.022 0.096 0.049 0.011 0.095 0.037
159 W 0.03 0.022 0.015 0.015 0.007 0.015 0.022 0.03 0.015 0.03 0.052 0.022 0.015 0.06 0.007 0.022 0.022 0.5 0.067 0.03
160 N 0.075 0.042 0.19 0.065 0.013 0.033 0.05 0.065 0.025 0.026 0.036 0.053 0.013 0.019 0.025 0.15 0.065 0.005 0.016 0.034
161 G 0.077 0.023 0.039 0.033 0.011 0.019 0.025 0.517 0.013 0.019 0.028 0.033 0.009 0.016 0.019 0.051 0.029 0.005 0.011 0.024
162 G 0.077 0.023 0.039 0.033 0.011 0.019 0.025 0.517 0.013 0.019 0.028 0.033 0.009 0.016 0.019 0.051 0.029 0.005 0.011 0.024
163 G 0.057 0.065 0.035 0.034 0.011 0.111 0.059 0.154 0.02 0.046 0.126 0.061 0.024 0.025 0.019 0.045 0.035 0.006 0.018 0.047
164 L 0.054 0.025 0.018 0.021 0.015 0.029 0.028 0.026 0.011 0.146 0.179 0.032 0.032 0.036 0.107 0.032 0.039 0.005 0.019 0.145
165 T 0.065 0.027 0.029 0.027 0.017 0.021 0.03 0.033 0.011 0.137 0.106 0.035 0.027 0.031 0.021 0.06 0.151 0.006 0.019 0.148
166 P 0.056 0.038 0.108 0.06 0.011 0.036 0.108 0.044 0.021 0.03 0.042 0.053 0.013 0.018 0.143 0.064 0.095 0.005 0.016 0.039
167 S 0.1 0.035 0.05 0.044 0.016 0.029 0.045 0.178 0.018 0.027 0.038 0.048 0.014 0.019 0.027 0.186 0.068 0.005 0.016 0.037
168 Y 0.04 0.028 0.021 0.018 0.009 0.021 0.028 0.025 0.046 0.043 0.067 0.031 0.018 0.129 0.015 0.031 0.028 0.028 0.328 0.046
169 Y 0.038 0.025 0.02 0.018 0.009 0.019 0.025 0.025 0.039 0.048 0.079 0.028 0.02 0.196 0.014 0.029 0.027 0.025 0.268 0.048
170 N 0.042 0.044 0.327 0.082 0.009 0.033 0.049 0.064 0.031 0.022 0.031 0.053 0.011 0.018 0.02 0.069 0.049 0.004 0.015 0.027
171 L 0.044 0.024 0.014 0.015 0.016 0.016 0.02 0.021 0.01 0.114 0.385 0.025 0.049 0.054 0.014 0.024 0.033 0.007 0.022 0.095
172 Y 0.04 0.032 0.029 0.023 0.009 0.026 0.034 0.028 0.126 0.038 0.06 0.034 0.018 0.104 0.016 0.033 0.027 0.023 0.26 0.04
173 F 0.033 0.019 0.017 0.017 0.01 0.01 0.019 0.025 0.017 0.062 0.113 0.019 0.025 0.396 0.01 0.025 0.025 0.017 0.087 0.054
174 E 0.054 0.049 0.04 0.089 0.007 0.064 0.307 0.034 0.025 0.022 0.036 0.074 0.013 0.016 0.025 0.054 0.036 0.005 0.016 0.031
175 T 0.129 0.034 0.038 0.035 0.018 0.027 0.039 0.051 0.014 0.05 0.063 0.045 0.019 0.023 0.028 0.089 0.206 0.006 0.017 0.069
176 Q 0.055 0.072 0.043 0.046 0.009 0.226 0.101 0.041 0.029 0.026 0.046 0.09 0.02 0.014 0.023 0.055 0.041 0.006 0.02 0.035
177 K 0.054 0.084 0.113 0.054 0.009 0.087 0.081 0.106 0.025 0.024 0.039 0.124 0.015 0.016 0.023 0.057 0.04 0.005 0.017 0.03
178 I 0.111 0.024 0.018 0.021 0.017 0.02 0.026 0.036 0.012 0.176 0.146 0.031 0.066 0.039 0.019 0.042 0.042 0.006 0.02 0.127
179 L 0.048 0.035 0.032 0.041 0.012 0.033 0.101 0.03 0.102 0.096 0.15 0.043 0.027 0.035 0.019 0.04 0.047 0.006 0.029 0.074
180 F 0.037 0.018 0.016 0.017 0.012 0.011 0.018 0.024 0.015 0.117 0.126 0.02 0.028 0.308 0.011 0.025 0.029 0.014 0.071 0.084
181 L 0.038 0.021 0.015 0.016 0.013 0.013 0.019 0.024 0.014 0.083 0.231 0.022 0.035 0.221 0.012 0.024 0.028 0.043 0.057 0.071
182 G 0.077 0.023 0.039 0.033 0.011 0.019 0.025 0.517 0.013 0.019 0.028 0.033 0.009 0.016 0.019 0.051 0.029 0.005 0.011 0.024
183 F 0.112 0.028 0.026 0.025 0.015 0.021 0.031 0.042 0.022 0.064 0.079 0.035 0.021 0.12 0.021 0.058 0.091 0.013 0.108 0.067
184 K 0.054 0.109 0.035 0.032 0.012 0.035 0.044 0.035 0.038 0.096 0.079 0.114 0.022 0.026 0.022 0.053 0.092 0.006 0.02 0.076
185 L 0.047 0.023 0.016 0.017 0.016 0.018 0.021 0.022 0.011 0.184 0.241 0.027 0.074 0.048 0.015 0.027 0.037 0.007 0.022 0.129
186 I 0.048 0.018 0.015 0.017 0.016 0.013 0.018 0.02 0.009 0.276 0.164 0.023 0.036 0.043 0.015 0.025 0.04 0.006 0.02 0.179
187 R 0.044 0.355 0.038 0.031 0.008 0.048 0.052 0.032 0.023 0.023 0.046 0.118 0.015 0.017 0.019 0.044 0.034 0.006 0.017 0.031
188 N 0.042 0.044 0.327 0.082 0.009 0.033 0.049 0.064 0.031 0.022 0.031 0.053 0.011 0.018 0.02 0.069 0.049 0.004 0.015 0.027
189 S 0.099 0.038 0.051 0.045 0.017 0.031 0.048 0.06 0.018 0.035 0.047 0.051 0.016 0.021 0.029 0.196 0.125 0.005 0.017 0.048
190 G 0.077 0.023 0.039 0.033 0.011 0.019 0.025 0.517 0.013 0.019 0.028 0.033 0.009 0.016 0.019 0.051 0.029 0.005 0.011 0.024
191 I 0.047 0.02 0.015 0.018 0.016 0.016 0.019 0.022 0.01 0.247 0.171 0.026 0.062 0.044 0.015 0.027 0.039 0.006 0.021 0.159
192 F 0.033 0.019 0.017 0.017 0.01 0.01 0.019 0.025 0.017 0.062 0.113 0.019 0.025 0.396 0.01 0.025 0.025 0.017 0.087 0.054
193 A 0.301 0.031 0.025 0.029 0.021 0.025 0.04 0.077 0.015 0.043 0.059 0.044 0.017 0.021 0.029 0.084 0.049 0.005 0.017 0.068
194 E 0.054 0.049 0.04 0.089 0.007 0.064 0.307 0.034 0.025 0.022 0.036 0.074 0.013 0.016 0.025 0.054 0.036 0.005 0.016 0.031
195 A 0.253 0.033 0.032 0.034 0.02 0.027 0.043 0.074 0.016 0.039 0.054 0.046 0.017 0.021 0.029 0.121 0.057 0.005 0.017 0.061
196 P 0.059 0.026 0.025 0.032 0.011 0.021 0.037 0.038 0.013 0.026 0.036 0.041 0.01 0.013 0.472 0.055 0.038 0.003 0.013 0.031
197 L 0.05 0.028 0.018 0.019 0.016 0.024 0.025 0.026 0.014 0.145 0.187 0.032 0.139 0.047 0.016 0.033 0.04 0.007 0.023 0.112
198 W 0.03 0.022 0.015 0.015 0.007 0.015 0.022 0.03 0.015 0.03 0.052 0.022 0.015 0.06 0.007 0.022 0.022 0.5 0.067 0.03
199 S 0.1 0.035 0.05 0.044 0.016 0.029 0.045 0.178 0.018 0.027 0.038 0.048 0.014 0.019 0.027 0.186 0.068 0.005 0.016 0.037
200 L 0.044 0.024 0.014 0.015 0.016 0.016 0.02 0.021 0.01 0.114 0.385 0.025 0.049 0.054 0.014 0.024 0.033 0.007 0.022 0.095
201 L 0.053 0.024 0.016 0.017 0.017 0.018 0.022 0.023 0.011 0.164 0.218 0.027 0.072 0.045 0.015 0.029 0.04 0.007 0.022 0.16
202 L 0.044 0.024 0.014 0.015 0.016 0.016 0.02 0.021 0.01 0.114 0.385 0.025 0.049 0.054 0.014 0.024 0.033 0.007 0.022 0.095
203 S 0.106 0.038 0.052 0.047 0.017 0.032 0.05 0.094 0.019 0.029 0.04 0.052 0.015 0.02 0.029 0.22 0.078 0.005 0.017 0.04
204 L 0.067 0.026 0.025 0.025 0.017 0.02 0.028 0.033 0.011 0.147 0.18 0.032 0.033 0.038 0.018 0.078 0.05 0.006 0.02 0.147
205 A 0.301 0.031 0.025 0.029 0.021 0.025 0.04 0.077 0.015 0.043 0.059 0.044 0.017 0.021 0.029 0.084 0.049 0.005 0.017 0.068
206 L 0.042 0.025 0.016 0.016 0.014 0.017 0.022 0.022 0.019 0.093 0.288 0.026 0.04 0.094 0.014 0.026 0.031 0.013 0.103 0.08
207 I 0.052 0.018 0.015 0.017 0.017 0.014 0.019 0.021 0.009 0.252 0.156 0.024 0.035 0.041 0.015 0.027 0.042 0.006 0.02 0.2
208 F 0.04 0.018 0.016 0.017 0.013 0.012 0.018 0.023 0.013 0.172 0.139 0.021 0.031 0.22 0.012 0.025 0.032 0.011 0.054 0.114
209 Q 0.051 0.062 0.05 0.136 0.008 0.177 0.099 0.042 0.026 0.025 0.042 0.078 0.018 0.015 0.023 0.054 0.039 0.005 0.018 0.032
210 E 0.054 0.038 0.035 0.058 0.011 0.042 0.168 0.034 0.02 0.043 0.079 0.053 0.019 0.092 0.022 0.056 0.089 0.008 0.03 0.049
211 L 0.044 0.024 0.014 0.015 0.016 0.016 0.02 0.021 0.01 0.114 0.385 0.025 0.049 0.054 0.014 0.024 0.033 0.007 0.022 0.095
212 L 0.041 0.026 0.024 0.022 0.012 0.019 0.027 0.026 0.1 0.12 0.175 0.028 0.031 0.131 0.014 0.029 0.031 0.009 0.047 0.086
213 L 0.044 0.022 0.014 0.016 0.016 0.015 0.019 0.021 0.01 0.156 0.33 0.025 0.046 0.051 0.014 0.024 0.034 0.007 0.022 0.115
214 K 0.056 0.091 0.041 0.053 0.008 0.055 0.129 0.041 0.022 0.026 0.041 0.235 0.015 0.016 0.027 0.053 0.038 0.005 0.017 0.032
215 N 0.048 0.055 0.112 0.046 0.009 0.035 0.049 0.045 0.108 0.032 0.051 0.104 0.016 0.091 0.02 0.06 0.038 0.008 0.04 0.033
216 S 0.072 0.033 0.047 0.129 0.012 0.027 0.054 0.052 0.018 0.028 0.041 0.043 0.014 0.029 0.022 0.134 0.055 0.128 0.028 0.034
217 K 0.057 0.107 0.041 0.041 0.009 0.053 0.071 0.043 0.021 0.028 0.043 0.279 0.015 0.015 0.028 0.053 0.04 0.005 0.017 0.033
218 N 0.051 0.035 0.178 0.055 0.013 0.027 0.038 0.048 0.021 0.095 0.073 0.044 0.019 0.026 0.02 0.063 0.099 0.005 0.017 0.074
219 R 0.056 0.13 0.054 0.036 0.01 0.036 0.048 0.041 0.02 0.035 0.06 0.12 0.017 0.112 0.021 0.078 0.043 0.008 0.035 0.039
220 R 0.055 0.128 0.034 0.031 0.012 0.035 0.044 0.035 0.016 0.096 0.079 0.119 0.022 0.025 0.022 0.053 0.093 0.006 0.018 0.077
221 L 0.048 0.108 0.028 0.025 0.013 0.025 0.032 0.03 0.016 0.063 0.152 0.052 0.027 0.123 0.018 0.046 0.087 0.009 0.036 0.062
222 W 0.058 0.031 0.101 0.039 0.013 0.023 0.034 0.043 0.018 0.063 0.068 0.036 0.019 0.057 0.017 0.076 0.047 0.129 0.034 0.095
223 L 0.05 0.024 0.02 0.02 0.016 0.017 0.023 0.025 0.01 0.152 0.255 0.028 0.039 0.045 0.017 0.038 0.08 0.006 0.021 0.114
224 L 0.044 0.022 0.014 0.016 0.016 0.015 0.019 0.021 0.01 0.156 0.33 0.025 0.046 0.051 0.014 0.024 0.034 0.007 0.022 0.115
225 I 0.056 0.026 0.024 0.024 0.016 0.021 0.026 0.029 0.012 0.177 0.146 0.032 0.066 0.039 0.018 0.053 0.083 0.006 0.02 0.125
226 L 0.044 0.022 0.014 0.016 0.016 0.015 0.019 0.021 0.01 0.156 0.33 0.025 0.046 0.051 0.014 0.024 0.034 0.007 0.022 0.115
227 T 0.072 0.035 0.043 0.037 0.018 0.027 0.039 0.043 0.014 0.053 0.064 0.045 0.019 0.023 0.027 0.091 0.258 0.006 0.018 0.07
228 I 0.048 0.021 0.016 0.018 0.016 0.017 0.02 0.022 0.011 0.226 0.186 0.026 0.071 0.045 0.015 0.027 0.039 0.006 0.021 0.148
229 L 0.044 0.025 0.016 0.016 0.015 0.018 0.022 0.023 0.012 0.104 0.303 0.027 0.077 0.095 0.014 0.027 0.034 0.008 0.031 0.089
230 T 0.081 0.036 0.045 0.04 0.017 0.029 0.042 0.048 0.015 0.047 0.058 0.047 0.018 0.023 0.028 0.126 0.213 0.006 0.017 0.063
231 T 0.074 0.035 0.043 0.038 0.018 0.028 0.04 0.044 0.014 0.051 0.063 0.045 0.019 0.023 0.027 0.1 0.247 0.006 0.018 0.068
232 V 0.122 0.026 0.025 0.025 0.018 0.02 0.03 0.041 0.011 0.135 0.104 0.034 0.026 0.031 0.022 0.058 0.099 0.006 0.019 0.148
233 S 0.108 0.04 0.053 0.048 0.017 0.033 0.052 0.065 0.019 0.029 0.041 0.053 0.015 0.021 0.029 0.231 0.081 0.005 0.017 0.041
234 T 0.072 0.035 0.043 0.037 0.018 0.027 0.039 0.043 0.014 0.053 0.064 0.045 0.019 0.023 0.027 0.091 0.258 0.006 0.018 0.07
235 T 0.086 0.035 0.042 0.036 0.018 0.027 0.039 0.045 0.014 0.052 0.064 0.045 0.019 0.023 0.027 0.091 0.245 0.006 0.018 0.07
236 G 0.077 0.023 0.039 0.033 0.011 0.019 0.025 0.517 0.013 0.019 0.028 0.033 0.009 0.016 0.019 0.051 0.029 0.005 0.011 0.024
237 I 0.049 0.019 0.015 0.017 0.015 0.013 0.019 0.022 0.011 0.197 0.143 0.023 0.032 0.13 0.014 0.027 0.038 0.008 0.037 0.171
238 F 0.042 0.022 0.02 0.019 0.012 0.015 0.023 0.027 0.023 0.097 0.107 0.025 0.025 0.24 0.014 0.039 0.032 0.017 0.131 0.074
239 I 0.052 0.018 0.015 0.017 0.017 0.014 0.019 0.021 0.009 0.252 0.156 0.024 0.035 0.041 0.015 0.027 0.042 0.006 0.02 0.2
240 I 0.085 0.02 0.016 0.019 0.018 0.016 0.022 0.029 0.009 0.214 0.14 0.027 0.032 0.038 0.017 0.034 0.043 0.006 0.02 0.194
241 G 0.077 0.023 0.039 0.033 0.011 0.019 0.025 0.517 0.013 0.019 0.028 0.033 0.009 0.016 0.019 0.051 0.029 0.005 0.011 0.024
242 L 0.052 0.026 0.019 0.019 0.016 0.018 0.024 0.027 0.011 0.103 0.342 0.028 0.045 0.05 0.016 0.05 0.039 0.007 0.021 0.088
243 L 0.109 0.024 0.017 0.019 0.017 0.018 0.024 0.035 0.011 0.138 0.248 0.029 0.038 0.043 0.018 0.039 0.039 0.006 0.02 0.108
244 L 0.042 0.021 0.015 0.016 0.015 0.014 0.019 0.022 0.011 0.143 0.262 0.023 0.04 0.137 0.013 0.024 0.033 0.009 0.038 0.104
245 L 0.045 0.021 0.014 0.016 0.016 0.015 0.019 0.021 0.009 0.198 0.275 0.024 0.043 0.049 0.014 0.024 0.036 0.006 0.021 0.134
246 Y 0.04 0.028 0.021 0.018 0.009 0.021 0.028 0.025 0.046 0.043 0.067 0.031 0.018 0.129 0.015 0.031 0.028 0.028 0.328 0.046
247 K 0.056 0.147 0.034 0.032 0.011 0.042 0.053 0.035 0.018 0.06 0.065 0.18 0.019 0.021 0.022 0.045 0.04 0.005 0.018 0.094
248 V 0.057 0.021 0.015 0.017 0.017 0.015 0.021 0.022 0.009 0.18 0.202 0.025 0.037 0.042 0.015 0.028 0.042 0.006 0.021 0.207
249 L 0.061 0.023 0.017 0.018 0.015 0.017 0.022 0.027 0.013 0.139 0.19 0.026 0.06 0.132 0.015 0.031 0.036 0.009 0.038 0.114
250 N 0.068 0.038 0.111 0.047 0.015 0.03 0.042 0.05 0.02 0.051 0.083 0.047 0.055 0.027 0.023 0.107 0.107 0.006 0.018 0.057
251 L 0.055 0.06 0.053 0.038 0.012 0.081 0.058 0.038 0.019 0.053 0.132 0.113 0.025 0.026 0.022 0.054 0.08 0.006 0.019 0.055
252 K 0.069 0.091 0.044 0.041 0.012 0.042 0.057 0.046 0.019 0.034 0.048 0.173 0.016 0.018 0.027 0.095 0.101 0.005 0.017 0.043
253 R 0.063 0.194 0.044 0.038 0.01 0.045 0.056 0.044 0.043 0.026 0.043 0.14 0.015 0.018 0.024 0.093 0.047 0.006 0.02 0.033
254 G 0.079 0.035 0.04 0.037 0.013 0.026 0.04 0.168 0.016 0.026 0.04 0.056 0.013 0.026 0.052 0.124 0.052 0.098 0.025 0.034
255 L 0.049 0.024 0.016 0.017 0.014 0.018 0.023 0.026 0.012 0.113 0.175 0.027 0.059 0.049 0.013 0.028 0.036 0.138 0.034 0.131
256 F 0.064 0.045 0.028 0.027 0.012 0.025 0.037 0.036 0.016 0.054 0.1 0.093 0.023 0.186 0.019 0.048 0.074 0.01 0.048 0.055
257 K 0.053 0.168 0.04 0.038 0.008 0.051 0.065 0.04 0.021 0.026 0.043 0.246 0.015 0.016 0.025 0.051 0.038 0.005 0.017 0.032
258 Y 0.042 0.027 0.021 0.019 0.035 0.021 0.027 0.025 0.055 0.059 0.145 0.03 0.026 0.099 0.015 0.03 0.029 0.02 0.219 0.057
259 V 0.057 0.021 0.015 0.017 0.017 0.015 0.021 0.022 0.009 0.18 0.202 0.025 0.037 0.042 0.015 0.028 0.042 0.006 0.021 0.207
260 S 0.076 0.037 0.112 0.048 0.015 0.029 0.043 0.054 0.02 0.049 0.125 0.046 0.023 0.028 0.023 0.139 0.061 0.005 0.018 0.051
261 L 0.059 0.028 0.024 0.023 0.016 0.02 0.028 0.032 0.013 0.089 0.282 0.032 0.039 0.067 0.018 0.076 0.044 0.007 0.025 0.079
262 L 0.051 0.023 0.02 0.023 0.015 0.017 0.025 0.027 0.011 0.147 0.175 0.031 0.031 0.036 0.138 0.037 0.064 0.005 0.018 0.105
263 V 0.085 0.027 0.029 0.028 0.017 0.021 0.032 0.04 0.014 0.095 0.093 0.035 0.024 0.102 0.02 0.091 0.078 0.008 0.032 0.129
264 I 0.053 0.022 0.022 0.022 0.016 0.017 0.023 0.026 0.01 0.224 0.14 0.029 0.032 0.038 0.018 0.041 0.094 0.006 0.02 0.148
265 P 0.051 0.025 0.019 0.023 0.013 0.018 0.028 0.029 0.011 0.073 0.194 0.033 0.028 0.032 0.258 0.034 0.035 0.005 0.017 0.074
266 V 0.131 0.026 0.027 0.027 0.018 0.021 0.032 0.075 0.012 0.121 0.095 0.035 0.024 0.029 0.022 0.082 0.052 0.005 0.018 0.146
267 L 0.052 0.023 0.016 0.017 0.017 0.016 0.021 0.023 0.009 0.156 0.261 0.026 0.04 0.046 0.015 0.03 0.049 0.006 0.021 0.156
268 I 0.054 0.019 0.02 0.021 0.015 0.014 0.019 0.145 0.01 0.216 0.131 0.026 0.03 0.037 0.016 0.031 0.037 0.006 0.018 0.137
269 F 0.043 0.022 0.017 0.017 0.107 0.015 0.021 0.026 0.022 0.063 0.14 0.024 0.026 0.177 0.014 0.03 0.029 0.016 0.132 0.06
270 C 0.136 0.03 0.034 0.033 0.137 0.024 0.037 0.054 0.014 0.042 0.057 0.04 0.017 0.021 0.025 0.112 0.106 0.005 0.016 0.059
271 L 0.041 0.022 0.015 0.015 0.014 0.014 0.02 0.022 0.012 0.098 0.3 0.023 0.041 0.161 0.013 0.024 0.03 0.01 0.042 0.082
272 L 0.066 0.027 0.024 0.024 0.017 0.02 0.029 0.033 0.012 0.105 0.235 0.032 0.036 0.041 0.018 0.078 0.049 0.006 0.02 0.128
273 L 0.05 0.055 0.028 0.03 0.012 0.077 0.052 0.031 0.017 0.112 0.16 0.107 0.03 0.032 0.02 0.039 0.038 0.006 0.02 0.084
274 L 0.056 0.023 0.015 0.016 0.017 0.016 0.021 0.023 0.009 0.138 0.257 0.025 0.04 0.045 0.015 0.028 0.041 0.006 0.021 0.187
275 W 0.033 0.023 0.015 0.015 0.01 0.015 0.022 0.028 0.014 0.051 0.135 0.023 0.023 0.058 0.009 0.023 0.025 0.377 0.056 0.046
276 G 0.119 0.032 0.043 0.136 0.012 0.032 0.099 0.169 0.017 0.028 0.039 0.047 0.013 0.018 0.024 0.062 0.051 0.005 0.014 0.039
277 E 0.051 0.048 0.112 0.087 0.008 0.056 0.242 0.042 0.027 0.022 0.035 0.069 0.012 0.017 0.024 0.058 0.039 0.005 0.016 0.03
278 K 0.056 0.106 0.041 0.041 0.008 0.053 0.07 0.043 0.02 0.027 0.043 0.289 0.015 0.015 0.027 0.053 0.039 0.005 0.017 0.032
279 S 0.108 0.04 0.053 0.048 0.017 0.033 0.052 0.065 0.019 0.029 0.041 0.053 0.015 0.021 0.029 0.231 0.081 0.005 0.017 0.041
280 D 0.053 0.033 0.054 0.234 0.008 0.035 0.128 0.161 0.019 0.021 0.03 0.049 0.01 0.015 0.022 0.052 0.034 0.005 0.012 0.026
281 T 0.088 0.037 0.047 0.042 0.017 0.03 0.044 0.053 0.016 0.042 0.054 0.048 0.018 0.022 0.028 0.153 0.18 0.006 0.017 0.057
282 G 0.123 0.023 0.024 0.024 0.017 0.018 0.026 0.16 0.011 0.126 0.095 0.032 0.023 0.029 0.02 0.048 0.042 0.005 0.017 0.136
283 S 0.108 0.04 0.053 0.048 0.017 0.033 0.052 0.065 0.019 0.029 0.041 0.053 0.015 0.021 0.029 0.231 0.081 0.005 0.017 0.041
284 A 0.301 0.031 0.025 0.029 0.021 0.025 0.04 0.077 0.015 0.043 0.059 0.044 0.017 0.021 0.029 0.084 0.049 0.005 0.017 0.068
285 S 0.083 0.04 0.119 0.054 0.015 0.031 0.048 0.059 0.021 0.033 0.044 0.051 0.015 0.021 0.026 0.156 0.117 0.005 0.017 0.045
286 I 0.046 0.019 0.014 0.017 0.016 0.014 0.018 0.02 0.009 0.24 0.22 0.024 0.039 0.046 0.014 0.024 0.038 0.006 0.021 0.154
287 R 0.044 0.355 0.038 0.031 0.008 0.048 0.052 0.032 0.023 0.023 0.046 0.118 0.015 0.017 0.019 0.044 0.034 0.006 0.017 0.031
288 F 0.044 0.022 0.018 0.017 0.012 0.015 0.022 0.025 0.022 0.083 0.105 0.023 0.025 0.239 0.013 0.028 0.032 0.017 0.131 0.109
289 D 0.04 0.029 0.068 0.406 0.007 0.029 0.09 0.046 0.018 0.022 0.028 0.044 0.009 0.015 0.022 0.051 0.035 0.004 0.011 0.024
290 D 0.04 0.029 0.068 0.406 0.007 0.029 0.09 0.046 0.018 0.022 0.028 0.044 0.009 0.015 0.022 0.051 0.035 0.004 0.011 0.024
291 Y 0.04 0.028 0.021 0.018 0.009 0.021 0.028 0.025 0.046 0.043 0.067 0.031 0.018 0.129 0.015 0.031 0.028 0.028 0.328 0.046
292 V 0.055 0.048 0.1 0.039 0.013 0.029 0.04 0.038 0.017 0.105 0.103 0.098 0.024 0.028 0.02 0.045 0.044 0.005 0.018 0.13
293 A 0.237 0.027 0.023 0.026 0.02 0.022 0.034 0.063 0.013 0.102 0.085 0.039 0.022 0.027 0.026 0.069 0.047 0.005 0.018 0.094
294 G 0.077 0.023 0.039 0.033 0.011 0.019 0.025 0.517 0.013 0.019 0.028 0.033 0.009 0.016 0.019 0.051 0.029 0.005 0.011 0.024
295 F 0.033 0.019 0.017 0.017 0.01 0.01 0.019 0.025 0.017 0.062 0.113 0.019 0.025 0.396 0.01 0.025 0.025 0.017 0.087 0.054
296 L 0.044 0.022 0.014 0.016 0.016 0.015 0.019 0.021 0.01 0.156 0.33 0.025 0.046 0.051 0.014 0.024 0.034 0.007 0.022 0.115
297 A 0.243 0.028 0.023 0.026 0.021 0.023 0.036 0.064 0.013 0.072 0.076 0.039 0.021 0.025 0.026 0.071 0.049 0.005 0.018 0.121
298 W 0.03 0.022 0.015 0.015 0.007 0.015 0.022 0.03 0.015 0.03 0.052 0.022 0.015 0.06 0.007 0.022 0.022 0.5 0.067 0.03
299 K 0.054 0.128 0.041 0.041 0.008 0.095 0.075 0.041 0.023 0.026 0.044 0.218 0.017 0.015 0.025 0.052 0.039 0.005 0.018 0.033
300 A 0.101 0.051 0.077 0.097 0.012 0.039 0.1 0.051 0.02 0.033 0.045 0.1 0.015 0.018 0.026 0.068 0.082 0.005 0.016 0.044
301 S 0.079 0.042 0.104 0.052 0.013 0.034 0.051 0.058 0.108 0.026 0.038 0.051 0.015 0.022 0.025 0.153 0.061 0.006 0.027 0.034
302 L 0.043 0.022 0.017 0.02 0.012 0.015 0.023 0.026 0.013 0.083 0.182 0.026 0.029 0.171 0.134 0.029 0.031 0.009 0.044 0.068
303 I 0.039 0.019 0.015 0.017 0.012 0.013 0.019 0.024 0.012 0.164 0.124 0.022 0.028 0.136 0.012 0.024 0.031 0.132 0.049 0.108
304 F 0.036 0.019 0.016 0.016 0.011 0.012 0.019 0.025 0.014 0.109 0.111 0.021 0.025 0.224 0.011 0.024 0.028 0.135 0.066 0.078
305 G 0.077 0.023 0.039 0.033 0.011 0.019 0.025 0.517 0.013 0.019 0.028 0.033 0.009 0.016 0.019 0.051 0.029 0.005 0.011 0.024
306 S 0.075 0.037 0.043 0.037 0.014 0.03 0.044 0.047 0.103 0.049 0.126 0.044 0.024 0.031 0.023 0.132 0.055 0.006 0.028 0.05
307 G 0.077 0.023 0.039 0.033 0.011 0.019 0.025 0.517 0.013 0.019 0.028 0.033 0.009 0.016 0.019 0.051 0.029 0.005 0.011 0.024
308 L 0.044 0.022 0.014 0.016 0.016 0.015 0.019 0.021 0.01 0.156 0.33 0.025 0.046 0.051 0.014 0.024 0.034 0.007 0.022 0.115
309 S 0.082 0.038 0.116 0.051 0.015 0.03 0.046 0.057 0.02 0.047 0.052 0.049 0.017 0.022 0.025 0.148 0.091 0.005 0.017 0.071
310 D 0.059 0.034 0.116 0.138 0.012 0.028 0.053 0.049 0.02 0.047 0.121 0.044 0.021 0.027 0.021 0.094 0.049 0.005 0.016 0.047
311 G 0.077 0.023 0.039 0.033 0.011 0.019 0.025 0.517 0.013 0.019 0.028 0.033 0.009 0.016 0.019 0.051 0.029 0.005 0.011 0.024
312 L 0.045 0.021 0.014 0.016 0.016 0.015 0.019 0.021 0.009 0.198 0.275 0.024 0.043 0.049 0.014 0.024 0.036 0.006 0.021 0.134
313 R 0.047 0.21 0.033 0.029 0.01 0.041 0.048 0.032 0.019 0.047 0.13 0.138 0.024 0.026 0.02 0.041 0.035 0.006 0.018 0.047
314 A 0.266 0.031 0.028 0.03 0.021 0.026 0.04 0.072 0.014 0.044 0.059 0.044 0.018 0.022 0.029 0.085 0.08 0.005 0.017 0.068
315 I 0.046 0.017 0.014 0.017 0.016 0.013 0.017 0.02 0.009 0.282 0.165 0.023 0.036 0.044 0.014 0.025 0.039 0.006 0.02 0.174
316 E 0.055 0.055 0.041 0.078 0.008 0.104 0.256 0.036 0.026 0.023 0.039 0.078 0.015 0.016 0.025 0.055 0.037 0.006 0.017 0.032
317 S 0.107 0.047 0.049 0.047 0.015 0.081 0.063 0.06 0.021 0.029 0.044 0.062 0.017 0.019 0.028 0.178 0.069 0.005 0.018 0.041
318 H 0.041 0.041 0.113 0.044 0.008 0.032 0.045 0.041 0.202 0.028 0.043 0.044 0.015 0.052 0.018 0.046 0.032 0.012 0.114 0.029
319 L 0.05 0.028 0.018 0.019 0.016 0.024 0.025 0.026 0.014 0.145 0.187 0.032 0.139 0.047 0.016 0.033 0.04 0.007 0.023 0.112
