#Seq2Logo.py -f /work3/idamei/ssn-clusterings/clustering/2205111253/clusters/0017_7/sequences.afa -o /work3/idamei/ssn-clusterings/clustering/2205111253/clusters/0017_7/sequences.logo
#Position Specific Frequency Matrix
A R N D C Q E G H I L K M F P S T W Y V
0 L 0.052 0.032 0.02 0.02 0.016 0.028 0.028 0.028 0.016 0.099 0.195 0.036 0.169 0.048 0.016 0.036 0.04 0.008 0.024 0.091
1 K 0.074 0.084 0.045 0.044 0.011 0.046 0.064 0.05 0.02 0.028 0.042 0.208 0.015 0.017 0.028 0.111 0.053 0.005 0.017 0.035
2 I 0.047 0.019 0.015 0.017 0.016 0.014 0.018 0.021 0.009 0.24 0.206 0.024 0.039 0.045 0.015 0.025 0.039 0.006 0.021 0.165
3 T 0.068 0.043 0.034 0.032 0.016 0.028 0.039 0.037 0.013 0.085 0.082 0.079 0.023 0.026 0.024 0.067 0.155 0.006 0.018 0.124
4 I 0.048 0.019 0.015 0.017 0.016 0.013 0.019 0.022 0.01 0.209 0.169 0.023 0.035 0.101 0.014 0.026 0.038 0.008 0.032 0.165
5 K 0.054 0.144 0.041 0.04 0.008 0.066 0.07 0.041 0.022 0.027 0.044 0.241 0.016 0.016 0.026 0.052 0.039 0.005 0.017 0.032
6 R 0.049 0.189 0.034 0.032 0.01 0.042 0.051 0.034 0.019 0.081 0.072 0.158 0.02 0.022 0.021 0.043 0.037 0.006 0.018 0.063
7 L 0.046 0.079 0.025 0.024 0.011 0.029 0.037 0.028 0.026 0.088 0.129 0.095 0.026 0.065 0.018 0.035 0.034 0.013 0.121 0.071
8 S 0.094 0.05 0.05 0.045 0.016 0.035 0.053 0.058 0.018 0.033 0.046 0.091 0.016 0.02 0.029 0.176 0.103 0.005 0.017 0.045
9 L 0.046 0.024 0.014 0.015 0.016 0.016 0.02 0.021 0.01 0.118 0.361 0.025 0.048 0.053 0.014 0.025 0.034 0.007 0.022 0.11
10 P 0.1 0.026 0.026 0.031 0.012 0.021 0.035 0.123 0.013 0.027 0.038 0.04 0.011 0.015 0.34 0.051 0.037 0.003 0.013 0.036
11 E 0.055 0.049 0.04 0.089 0.007 0.064 0.303 0.035 0.026 0.022 0.036 0.075 0.013 0.016 0.026 0.055 0.036 0.005 0.016 0.031
12 L 0.05 0.022 0.019 0.02 0.016 0.016 0.022 0.024 0.01 0.191 0.215 0.027 0.037 0.044 0.017 0.036 0.073 0.006 0.02 0.133
13 L 0.044 0.024 0.014 0.015 0.016 0.016 0.02 0.021 0.01 0.114 0.382 0.025 0.049 0.054 0.014 0.024 0.033 0.007 0.022 0.095
14 G 0.161 0.031 0.039 0.037 0.016 0.026 0.039 0.219 0.016 0.03 0.043 0.044 0.014 0.019 0.026 0.121 0.053 0.005 0.015 0.045
15 L 0.044 0.023 0.014 0.015 0.016 0.016 0.02 0.021 0.01 0.142 0.346 0.025 0.047 0.052 0.014 0.024 0.034 0.007 0.022 0.109
16 F 0.111 0.025 0.022 0.023 0.017 0.018 0.028 0.04 0.014 0.089 0.099 0.03 0.024 0.15 0.019 0.059 0.049 0.009 0.042 0.131
17 A 0.266 0.032 0.03 0.033 0.021 0.027 0.042 0.076 0.015 0.041 0.056 0.046 0.017 0.021 0.029 0.108 0.055 0.005 0.017 0.064
18 L 0.044 0.024 0.014 0.015 0.016 0.016 0.02 0.021 0.01 0.114 0.382 0.025 0.049 0.054 0.014 0.024 0.033 0.007 0.022 0.095
19 A 0.182 0.027 0.028 0.029 0.018 0.022 0.033 0.174 0.013 0.077 0.069 0.038 0.019 0.024 0.024 0.067 0.06 0.005 0.016 0.075
20 L 0.046 0.02 0.015 0.017 0.016 0.015 0.019 0.021 0.01 0.214 0.24 0.025 0.048 0.047 0.014 0.025 0.037 0.006 0.021 0.144
21 F 0.033 0.019 0.017 0.017 0.01 0.01 0.019 0.025 0.017 0.063 0.113 0.019 0.025 0.393 0.01 0.025 0.025 0.017 0.088 0.054
22 L 0.044 0.024 0.014 0.015 0.016 0.016 0.02 0.021 0.01 0.114 0.382 0.025 0.049 0.054 0.014 0.024 0.033 0.007 0.022 0.095
23 L 0.048 0.023 0.018 0.018 0.015 0.016 0.022 0.025 0.011 0.12 0.249 0.026 0.038 0.114 0.015 0.033 0.058 0.009 0.034 0.108
24 V 0.051 0.02 0.016 0.017 0.015 0.014 0.021 0.024 0.012 0.152 0.136 0.023 0.038 0.157 0.014 0.029 0.038 0.009 0.043 0.169
25 S 0.109 0.04 0.054 0.048 0.017 0.033 0.052 0.066 0.019 0.029 0.041 0.054 0.016 0.021 0.029 0.228 0.081 0.005 0.017 0.041
26 L 0.045 0.022 0.014 0.016 0.016 0.015 0.019 0.021 0.01 0.169 0.31 0.024 0.045 0.051 0.014 0.024 0.035 0.007 0.022 0.122
27 L 0.044 0.023 0.014 0.016 0.016 0.015 0.02 0.021 0.01 0.139 0.331 0.024 0.046 0.071 0.014 0.024 0.034 0.007 0.025 0.106
28 N 0.053 0.04 0.207 0.157 0.01 0.033 0.067 0.059 0.026 0.023 0.032 0.052 0.011 0.017 0.022 0.091 0.05 0.004 0.015 0.029
29 V 0.074 0.026 0.025 0.024 0.018 0.02 0.028 0.032 0.01 0.136 0.11 0.032 0.028 0.032 0.02 0.053 0.116 0.006 0.019 0.191
30 T 0.086 0.037 0.047 0.042 0.018 0.029 0.044 0.052 0.016 0.044 0.056 0.048 0.018 0.022 0.028 0.145 0.187 0.006 0.018 0.059
31 F 0.036 0.02 0.016 0.016 0.012 0.012 0.019 0.024 0.015 0.074 0.173 0.02 0.03 0.318 0.011 0.025 0.027 0.015 0.073 0.064
32 Y 0.04 0.028 0.022 0.019 0.009 0.022 0.028 0.025 0.046 0.043 0.068 0.031 0.019 0.13 0.015 0.031 0.028 0.028 0.325 0.046
33 A 0.246 0.029 0.023 0.027 0.021 0.023 0.036 0.066 0.013 0.073 0.075 0.04 0.021 0.025 0.026 0.072 0.049 0.005 0.018 0.112
34 R 0.05 0.197 0.041 0.04 0.008 0.145 0.08 0.037 0.026 0.025 0.046 0.103 0.018 0.016 0.021 0.05 0.038 0.006 0.019 0.033
35 Y 0.039 0.027 0.022 0.019 0.009 0.021 0.027 0.025 0.052 0.045 0.072 0.03 0.019 0.156 0.015 0.031 0.027 0.026 0.291 0.046
36 L 0.045 0.02 0.014 0.017 0.016 0.014 0.018 0.021 0.009 0.222 0.231 0.024 0.04 0.057 0.014 0.025 0.037 0.007 0.023 0.147
37 P 0.091 0.035 0.043 0.043 0.015 0.029 0.047 0.056 0.017 0.028 0.04 0.049 0.014 0.018 0.186 0.166 0.066 0.004 0.016 0.038
38 G 0.064 0.062 0.033 0.032 0.011 0.026 0.035 0.248 0.015 0.051 0.049 0.076 0.014 0.018 0.126 0.046 0.034 0.005 0.014 0.044
39 A 0.104 0.04 0.031 0.033 0.016 0.03 0.053 0.044 0.016 0.094 0.103 0.068 0.054 0.03 0.023 0.082 0.066 0.006 0.019 0.087
40 V 0.062 0.021 0.015 0.017 0.017 0.015 0.021 0.024 0.009 0.187 0.196 0.025 0.037 0.042 0.016 0.03 0.042 0.006 0.021 0.196
41 Y 0.042 0.029 0.024 0.02 0.009 0.023 0.03 0.027 0.063 0.042 0.065 0.032 0.018 0.121 0.016 0.037 0.029 0.026 0.301 0.045
42 K 0.047 0.08 0.113 0.045 0.009 0.037 0.05 0.043 0.027 0.032 0.052 0.14 0.016 0.077 0.021 0.05 0.038 0.01 0.076 0.036
43 L 0.104 0.023 0.018 0.02 0.017 0.017 0.024 0.035 0.011 0.14 0.162 0.028 0.031 0.097 0.017 0.039 0.04 0.008 0.031 0.138
44 A 0.203 0.029 0.022 0.025 0.02 0.024 0.034 0.057 0.014 0.074 0.125 0.039 0.048 0.031 0.024 0.064 0.046 0.006 0.019 0.098
45 I 0.052 0.021 0.019 0.021 0.016 0.016 0.022 0.024 0.01 0.216 0.171 0.027 0.035 0.041 0.017 0.036 0.075 0.006 0.02 0.154
46 F 0.119 0.023 0.019 0.02 0.016 0.017 0.025 0.04 0.013 0.104 0.151 0.029 0.029 0.155 0.018 0.043 0.037 0.01 0.042 0.092
47 L 0.054 0.024 0.024 0.023 0.015 0.017 0.024 0.081 0.012 0.13 0.182 0.029 0.032 0.078 0.017 0.042 0.083 0.007 0.027 0.099
48 S 0.081 0.031 0.036 0.034 0.017 0.024 0.037 0.046 0.015 0.122 0.121 0.04 0.026 0.032 0.023 0.137 0.062 0.006 0.019 0.092
49 L 0.053 0.021 0.015 0.017 0.017 0.015 0.02 0.022 0.009 0.194 0.214 0.025 0.038 0.044 0.015 0.027 0.041 0.006 0.021 0.187
50 L 0.049 0.022 0.016 0.017 0.027 0.015 0.021 0.025 0.013 0.104 0.228 0.024 0.051 0.173 0.014 0.028 0.032 0.01 0.046 0.085
51 L 0.042 0.023 0.015 0.015 0.015 0.015 0.02 0.022 0.011 0.109 0.323 0.024 0.044 0.12 0.013 0.024 0.032 0.009 0.035 0.09
52 L 0.045 0.023 0.015 0.016 0.016 0.017 0.02 0.022 0.01 0.149 0.313 0.026 0.06 0.051 0.014 0.026 0.035 0.007 0.022 0.113
53 I 0.049 0.02 0.016 0.018 0.015 0.014 0.02 0.023 0.011 0.181 0.175 0.024 0.034 0.121 0.014 0.032 0.038 0.008 0.036 0.15
54 L 0.055 0.022 0.017 0.018 0.017 0.016 0.021 0.023 0.009 0.168 0.226 0.026 0.038 0.044 0.016 0.031 0.052 0.006 0.021 0.174
55 K 0.056 0.106 0.041 0.041 0.009 0.053 0.07 0.043 0.02 0.027 0.043 0.285 0.015 0.015 0.027 0.053 0.039 0.005 0.017 0.032
56 E 0.055 0.049 0.04 0.089 0.007 0.064 0.303 0.035 0.026 0.022 0.036 0.075 0.013 0.016 0.026 0.055 0.036 0.005 0.016 0.031
57 L 0.053 0.026 0.022 0.022 0.015 0.018 0.026 0.03 0.013 0.084 0.242 0.029 0.04 0.123 0.016 0.06 0.045 0.022 0.037 0.075
58 I 0.046 0.02 0.016 0.017 0.015 0.014 0.02 0.022 0.014 0.193 0.147 0.024 0.032 0.121 0.014 0.026 0.036 0.01 0.067 0.146
59 S 0.08 0.063 0.094 0.052 0.013 0.04 0.057 0.058 0.022 0.028 0.04 0.131 0.015 0.018 0.027 0.143 0.062 0.005 0.017 0.036
60 G 0.054 0.127 0.134 0.056 0.009 0.038 0.073 0.152 0.024 0.022 0.036 0.076 0.012 0.017 0.021 0.06 0.04 0.005 0.015 0.028
61 K 0.073 0.08 0.054 0.055 0.011 0.045 0.064 0.051 0.02 0.028 0.042 0.195 0.015 0.017 0.028 0.112 0.053 0.005 0.017 0.035
62 F 0.039 0.028 0.086 0.032 0.01 0.02 0.029 0.033 0.03 0.051 0.101 0.031 0.022 0.186 0.015 0.037 0.032 0.017 0.152 0.049
63 D 0.056 0.036 0.136 0.235 0.01 0.031 0.07 0.056 0.022 0.024 0.032 0.049 0.011 0.017 0.023 0.096 0.049 0.004 0.014 0.029
64 F 0.039 0.022 0.018 0.017 0.012 0.015 0.022 0.024 0.024 0.098 0.137 0.024 0.027 0.209 0.013 0.027 0.029 0.018 0.148 0.076
65 R 0.05 0.197 0.04 0.048 0.008 0.081 0.119 0.036 0.024 0.024 0.043 0.132 0.016 0.016 0.023 0.05 0.037 0.006 0.018 0.032
66 S 0.108 0.05 0.09 0.049 0.015 0.035 0.058 0.059 0.02 0.033 0.046 0.09 0.016 0.02 0.027 0.125 0.092 0.005 0.017 0.046
67 L 0.091 0.024 0.016 0.018 0.017 0.017 0.024 0.031 0.01 0.129 0.262 0.028 0.039 0.044 0.017 0.036 0.039 0.006 0.021 0.13
68 I 0.05 0.02 0.015 0.017 0.017 0.014 0.019 0.021 0.009 0.223 0.208 0.024 0.038 0.045 0.015 0.026 0.04 0.006 0.021 0.174
69 G 0.097 0.03 0.045 0.04 0.014 0.025 0.037 0.316 0.016 0.024 0.034 0.042 0.012 0.018 0.023 0.125 0.052 0.005 0.014 0.033
70 L 0.044 0.024 0.014 0.015 0.016 0.016 0.02 0.021 0.01 0.114 0.382 0.025 0.049 0.054 0.014 0.024 0.033 0.007 0.022 0.095
71 L 0.042 0.022 0.015 0.016 0.04 0.014 0.019 0.023 0.012 0.102 0.263 0.023 0.039 0.165 0.013 0.025 0.031 0.01 0.043 0.084
72 G 0.113 0.025 0.033 0.031 0.014 0.02 0.029 0.308 0.013 0.059 0.057 0.035 0.016 0.022 0.021 0.063 0.045 0.005 0.014 0.077
73 V 0.071 0.025 0.027 0.026 0.017 0.019 0.027 0.085 0.011 0.142 0.106 0.032 0.026 0.032 0.02 0.052 0.107 0.006 0.018 0.151
74 L 0.085 0.024 0.022 0.023 0.016 0.018 0.027 0.035 0.012 0.138 0.157 0.03 0.031 0.087 0.018 0.062 0.051 0.007 0.029 0.126
75 L 0.05 0.025 0.022 0.021 0.015 0.018 0.024 0.027 0.013 0.116 0.202 0.029 0.049 0.111 0.017 0.041 0.082 0.009 0.034 0.095
76 L 0.054 0.022 0.015 0.017 0.017 0.016 0.021 0.022 0.009 0.163 0.243 0.025 0.044 0.045 0.015 0.028 0.04 0.006 0.021 0.176
77 Y 0.043 0.026 0.021 0.018 0.062 0.021 0.026 0.025 0.042 0.043 0.067 0.03 0.018 0.117 0.016 0.032 0.029 0.025 0.29 0.047
78 F 0.081 0.023 0.017 0.018 0.014 0.015 0.023 0.032 0.014 0.083 0.195 0.025 0.032 0.208 0.015 0.035 0.032 0.011 0.052 0.074
79 L 0.046 0.02 0.014 0.016 0.016 0.014 0.019 0.021 0.009 0.207 0.255 0.024 0.042 0.048 0.014 0.025 0.037 0.006 0.021 0.145
80 V 0.058 0.02 0.015 0.018 0.018 0.015 0.02 0.022 0.008 0.221 0.148 0.025 0.034 0.04 0.015 0.029 0.044 0.006 0.02 0.226
81 G 0.078 0.023 0.039 0.033 0.011 0.019 0.025 0.515 0.013 0.019 0.028 0.033 0.009 0.016 0.019 0.051 0.029 0.005 0.011 0.024
82 S 0.087 0.072 0.048 0.047 0.014 0.039 0.068 0.054 0.019 0.031 0.044 0.109 0.016 0.019 0.028 0.154 0.086 0.005 0.017 0.042
83 V 0.064 0.024 0.017 0.018 0.018 0.019 0.024 0.025 0.01 0.158 0.147 0.028 0.062 0.039 0.016 0.033 0.046 0.006 0.021 0.227
84 T 0.075 0.035 0.06 0.041 0.017 0.028 0.04 0.073 0.015 0.047 0.058 0.046 0.018 0.022 0.027 0.103 0.211 0.006 0.017 0.062
85 G 0.099 0.032 0.074 0.043 0.014 0.026 0.038 0.237 0.017 0.029 0.04 0.043 0.013 0.019 0.024 0.107 0.084 0.005 0.015 0.04
86 F 0.038 0.022 0.018 0.017 0.011 0.015 0.022 0.024 0.025 0.075 0.138 0.024 0.027 0.239 0.013 0.027 0.028 0.018 0.154 0.064
87 L 0.094 0.033 0.057 0.035 0.017 0.025 0.037 0.047 0.015 0.064 0.161 0.041 0.027 0.032 0.023 0.1 0.097 0.006 0.019 0.068
88 S 0.101 0.038 0.05 0.045 0.016 0.032 0.049 0.061 0.022 0.031 0.044 0.051 0.016 0.033 0.028 0.206 0.075 0.008 0.051 0.042
89 F 0.051 0.033 0.096 0.046 0.012 0.027 0.064 0.041 0.02 0.046 0.07 0.041 0.019 0.145 0.02 0.06 0.108 0.009 0.04 0.051
90 L 0.046 0.021 0.015 0.017 0.016 0.015 0.02 0.022 0.011 0.182 0.221 0.025 0.053 0.085 0.014 0.026 0.037 0.008 0.029 0.136
91 A 0.187 0.027 0.022 0.026 0.019 0.022 0.033 0.054 0.012 0.097 0.086 0.037 0.022 0.027 0.064 0.065 0.048 0.005 0.018 0.128
92 L 0.049 0.021 0.015 0.017 0.016 0.015 0.019 0.021 0.009 0.198 0.24 0.025 0.044 0.046 0.015 0.026 0.038 0.006 0.021 0.158
93 G 0.091 0.031 0.045 0.04 0.014 0.025 0.038 0.302 0.016 0.024 0.035 0.043 0.012 0.018 0.024 0.131 0.059 0.005 0.014 0.033
94 L 0.045 0.02 0.014 0.017 0.016 0.014 0.018 0.021 0.01 0.207 0.241 0.024 0.04 0.067 0.014 0.025 0.036 0.007 0.025 0.139
95 L 0.058 0.025 0.023 0.023 0.016 0.018 0.026 0.031 0.013 0.129 0.215 0.03 0.035 0.091 0.017 0.07 0.044 0.008 0.03 0.098
96 F 0.037 0.021 0.016 0.016 0.012 0.012 0.019 0.024 0.014 0.08 0.203 0.021 0.033 0.28 0.012 0.025 0.028 0.013 0.066 0.068
97 I 0.047 0.018 0.015 0.018 0.016 0.013 0.018 0.021 0.009 0.275 0.165 0.023 0.036 0.044 0.015 0.025 0.04 0.006 0.02 0.178
98 Y 0.038 0.025 0.02 0.018 0.01 0.018 0.025 0.025 0.036 0.05 0.083 0.027 0.021 0.217 0.014 0.029 0.027 0.024 0.246 0.049
99 G 0.13 0.034 0.043 0.04 0.017 0.028 0.042 0.151 0.016 0.038 0.048 0.046 0.016 0.021 0.026 0.151 0.074 0.005 0.016 0.057
100 L 0.044 0.024 0.014 0.015 0.016 0.016 0.02 0.021 0.01 0.114 0.382 0.025 0.049 0.054 0.014 0.024 0.033 0.007 0.022 0.095
101 R 0.044 0.351 0.038 0.031 0.008 0.048 0.052 0.033 0.023 0.023 0.046 0.119 0.015 0.017 0.019 0.044 0.035 0.006 0.017 0.031
102 D 0.041 0.031 0.097 0.368 0.008 0.03 0.086 0.048 0.02 0.022 0.028 0.045 0.009 0.015 0.022 0.054 0.037 0.004 0.012 0.024
103 I 0.048 0.019 0.015 0.017 0.016 0.014 0.018 0.021 0.009 0.25 0.187 0.024 0.037 0.044 0.015 0.025 0.039 0.006 0.021 0.175
104 P 0.077 0.031 0.035 0.038 0.013 0.025 0.042 0.047 0.015 0.027 0.038 0.046 0.012 0.016 0.316 0.115 0.053 0.004 0.015 0.035
105 F 0.033 0.019 0.017 0.017 0.01 0.01 0.019 0.025 0.017 0.063 0.113 0.019 0.025 0.393 0.01 0.025 0.025 0.017 0.088 0.054
106 K 0.077 0.072 0.046 0.043 0.013 0.042 0.059 0.05 0.019 0.032 0.046 0.168 0.016 0.018 0.028 0.118 0.089 0.005 0.017 0.042
107 K 0.057 0.057 0.055 0.077 0.01 0.035 0.054 0.042 0.029 0.032 0.049 0.122 0.016 0.054 0.023 0.075 0.042 0.012 0.119 0.037
108 V 0.069 0.022 0.016 0.018 0.019 0.016 0.023 0.024 0.008 0.163 0.129 0.026 0.031 0.035 0.016 0.033 0.049 0.005 0.02 0.276
109 A 0.241 0.029 0.024 0.027 0.021 0.024 0.037 0.065 0.013 0.069 0.074 0.04 0.02 0.024 0.027 0.077 0.05 0.005 0.018 0.114
110 K 0.052 0.186 0.04 0.038 0.008 0.061 0.066 0.039 0.022 0.026 0.044 0.219 0.016 0.016 0.024 0.05 0.038 0.005 0.017 0.032
111 V 0.065 0.026 0.026 0.025 0.018 0.02 0.028 0.031 0.01 0.146 0.112 0.033 0.028 0.033 0.02 0.054 0.127 0.006 0.019 0.174
112 S 0.161 0.037 0.046 0.043 0.018 0.031 0.049 0.069 0.018 0.033 0.046 0.051 0.016 0.021 0.029 0.188 0.072 0.005 0.017 0.049
113 L 0.039 0.021 0.015 0.016 0.013 0.013 0.019 0.023 0.013 0.093 0.241 0.022 0.037 0.223 0.012 0.025 0.029 0.012 0.055 0.077
114 I 0.07 0.023 0.018 0.019 0.015 0.018 0.024 0.027 0.022 0.158 0.117 0.028 0.028 0.069 0.016 0.033 0.038 0.013 0.122 0.143
115 I 0.055 0.019 0.015 0.018 0.017 0.014 0.02 0.022 0.008 0.233 0.152 0.024 0.034 0.04 0.015 0.028 0.043 0.006 0.02 0.214
116 S 0.109 0.04 0.054 0.048 0.017 0.033 0.052 0.066 0.019 0.029 0.041 0.054 0.016 0.021 0.029 0.228 0.081 0.005 0.017 0.041
117 V 0.057 0.022 0.016 0.017 0.017 0.016 0.021 0.023 0.009 0.18 0.194 0.026 0.048 0.042 0.015 0.029 0.042 0.006 0.021 0.197
118 L 0.108 0.025 0.023 0.023 0.081 0.018 0.027 0.055 0.014 0.062 0.144 0.03 0.026 0.131 0.019 0.063 0.04 0.009 0.037 0.065
119 L 0.054 0.027 0.021 0.021 0.017 0.021 0.025 0.027 0.012 0.137 0.202 0.031 0.076 0.043 0.017 0.04 0.075 0.007 0.021 0.126
120 L 0.044 0.024 0.014 0.015 0.016 0.016 0.02 0.021 0.01 0.114 0.382 0.025 0.049 0.054 0.014 0.024 0.033 0.007 0.022 0.095
121 L 0.045 0.022 0.017 0.018 0.015 0.015 0.021 0.025 0.012 0.123 0.252 0.025 0.038 0.145 0.014 0.036 0.035 0.009 0.04 0.094
122 F 0.037 0.021 0.016 0.016 0.012 0.012 0.019 0.024 0.014 0.081 0.21 0.021 0.034 0.271 0.012 0.025 0.028 0.013 0.064 0.069
123 V 0.069 0.022 0.016 0.018 0.019 0.016 0.023 0.024 0.008 0.163 0.129 0.026 0.031 0.035 0.016 0.033 0.049 0.005 0.02 0.276
124 I 0.053 0.019 0.015 0.018 0.017 0.014 0.019 0.022 0.009 0.246 0.156 0.024 0.035 0.041 0.015 0.027 0.042 0.006 0.02 0.203
125 L 0.06 0.022 0.016 0.017 0.016 0.016 0.021 0.025 0.01 0.171 0.264 0.026 0.041 0.057 0.015 0.03 0.042 0.007 0.023 0.123
126 S 0.109 0.04 0.054 0.048 0.017 0.033 0.052 0.066 0.019 0.029 0.041 0.054 0.016 0.021 0.029 0.228 0.081 0.005 0.017 0.041
127 S 0.172 0.037 0.044 0.042 0.019 0.03 0.048 0.07 0.018 0.034 0.047 0.05 0.016 0.021 0.029 0.18 0.071 0.005 0.017 0.05
128 K 0.055 0.103 0.049 0.051 0.008 0.082 0.113 0.041 0.023 0.026 0.042 0.202 0.016 0.016 0.026 0.054 0.039 0.005 0.018 0.032
129 L 0.045 0.021 0.014 0.016 0.016 0.015 0.019 0.021 0.01 0.187 0.281 0.025 0.047 0.049 0.014 0.025 0.036 0.007 0.021 0.131
130 G 0.078 0.023 0.039 0.033 0.011 0.019 0.025 0.515 0.013 0.019 0.028 0.033 0.009 0.016 0.019 0.051 0.029 0.005 0.011 0.024
131 L 0.047 0.022 0.016 0.017 0.015 0.016 0.021 0.023 0.016 0.15 0.198 0.025 0.035 0.098 0.014 0.027 0.036 0.011 0.079 0.135
132 I 0.047 0.018 0.015 0.018 0.016 0.013 0.018 0.02 0.009 0.278 0.166 0.023 0.036 0.044 0.015 0.025 0.039 0.006 0.02 0.175
133 P 0.068 0.029 0.031 0.034 0.013 0.023 0.038 0.041 0.014 0.051 0.052 0.042 0.015 0.018 0.302 0.084 0.075 0.004 0.015 0.05
134 N 0.042 0.04 0.239 0.189 0.008 0.032 0.063 0.058 0.027 0.022 0.03 0.05 0.01 0.017 0.021 0.063 0.044 0.004 0.014 0.026
135 Y 0.04 0.028 0.022 0.019 0.009 0.022 0.028 0.025 0.046 0.043 0.068 0.031 0.019 0.13 0.015 0.031 0.028 0.028 0.325 0.046
136 V 0.057 0.021 0.015 0.017 0.017 0.015 0.021 0.022 0.009 0.187 0.197 0.025 0.037 0.042 0.015 0.028 0.042 0.006 0.021 0.205
137 E 0.055 0.049 0.04 0.089 0.007 0.064 0.303 0.035 0.026 0.022 0.036 0.075 0.013 0.016 0.026 0.055 0.036 0.005 0.016 0.031
138 F 0.047 0.019 0.016 0.017 0.015 0.013 0.019 0.023 0.012 0.169 0.137 0.022 0.031 0.178 0.013 0.027 0.036 0.01 0.047 0.151
139 S 0.1 0.038 0.049 0.045 0.016 0.031 0.049 0.062 0.019 0.029 0.043 0.05 0.015 0.025 0.027 0.205 0.075 0.06 0.023 0.04
140 G 0.094 0.03 0.033 0.041 0.013 0.028 0.077 0.201 0.016 0.04 0.094 0.043 0.018 0.023 0.075 0.07 0.04 0.005 0.015 0.045
141 G 0.088 0.03 0.039 0.036 0.015 0.024 0.035 0.212 0.014 0.036 0.047 0.041 0.015 0.02 0.066 0.081 0.133 0.005 0.015 0.049
142 R 0.044 0.351 0.038 0.031 0.008 0.048 0.052 0.033 0.023 0.023 0.046 0.119 0.015 0.017 0.019 0.044 0.035 0.006 0.017 0.031
143 V 0.066 0.021 0.016 0.018 0.019 0.016 0.022 0.024 0.008 0.182 0.135 0.025 0.032 0.037 0.016 0.031 0.047 0.006 0.02 0.259
144 R 0.044 0.351 0.038 0.031 0.008 0.048 0.052 0.033 0.023 0.023 0.046 0.119 0.015 0.017 0.019 0.044 0.035 0.006 0.017 0.031
145 H 0.06 0.043 0.082 0.044 0.01 0.036 0.051 0.046 0.248 0.026 0.04 0.047 0.015 0.027 0.021 0.074 0.05 0.007 0.043 0.03
146 Y 0.039 0.026 0.021 0.018 0.009 0.02 0.026 0.025 0.041 0.046 0.075 0.029 0.02 0.173 0.015 0.03 0.027 0.026 0.285 0.048
147 L 0.044 0.024 0.014 0.015 0.016 0.016 0.02 0.021 0.01 0.114 0.382 0.025 0.049 0.054 0.014 0.024 0.033 0.007 0.022 0.095
148 G 0.078 0.023 0.039 0.033 0.011 0.019 0.025 0.515 0.013 0.019 0.028 0.033 0.009 0.016 0.019 0.051 0.029 0.005 0.011 0.024
149 F 0.033 0.019 0.017 0.017 0.01 0.01 0.019 0.025 0.017 0.063 0.113 0.019 0.025 0.393 0.01 0.025 0.025 0.017 0.088 0.054
150 R 0.044 0.351 0.038 0.031 0.008 0.048 0.052 0.033 0.023 0.023 0.046 0.119 0.015 0.017 0.019 0.044 0.035 0.006 0.017 0.031
151 Y 0.04 0.028 0.022 0.019 0.009 0.022 0.028 0.025 0.046 0.043 0.068 0.031 0.019 0.13 0.015 0.031 0.028 0.028 0.325 0.046
152 S 0.172 0.037 0.044 0.042 0.019 0.03 0.048 0.07 0.018 0.034 0.047 0.05 0.016 0.021 0.029 0.18 0.071 0.005 0.017 0.05
153 L 0.044 0.024 0.014 0.015 0.016 0.016 0.02 0.021 0.01 0.114 0.382 0.025 0.049 0.054 0.014 0.024 0.033 0.007 0.022 0.095
154 F 0.035 0.02 0.017 0.017 0.011 0.012 0.019 0.025 0.017 0.069 0.148 0.02 0.028 0.331 0.011 0.025 0.026 0.016 0.092 0.06
155 P 0.056 0.026 0.023 0.031 0.01 0.02 0.036 0.036 0.013 0.026 0.036 0.041 0.01 0.013 0.499 0.043 0.036 0.003 0.013 0.031
156 S 0.109 0.04 0.054 0.048 0.017 0.033 0.052 0.066 0.019 0.029 0.041 0.054 0.016 0.021 0.029 0.228 0.081 0.005 0.017 0.041
157 T 0.078 0.03 0.034 0.031 0.017 0.023 0.033 0.039 0.012 0.115 0.092 0.039 0.024 0.029 0.024 0.073 0.183 0.006 0.018 0.099
158 L 0.049 0.021 0.015 0.016 0.017 0.015 0.02 0.021 0.009 0.186 0.256 0.025 0.041 0.047 0.015 0.026 0.038 0.006 0.021 0.156
159 L 0.049 0.029 0.018 0.018 0.016 0.024 0.025 0.026 0.014 0.104 0.252 0.032 0.132 0.05 0.015 0.032 0.038 0.008 0.023 0.093
160 L 0.048 0.028 0.017 0.018 0.016 0.023 0.024 0.025 0.013 0.106 0.278 0.031 0.116 0.051 0.015 0.031 0.037 0.008 0.023 0.093
161 N 0.042 0.044 0.324 0.082 0.009 0.033 0.049 0.065 0.031 0.022 0.031 0.053 0.011 0.018 0.02 0.069 0.049 0.004 0.016 0.027
162 I 0.05 0.019 0.016 0.018 0.016 0.014 0.019 0.022 0.009 0.256 0.158 0.024 0.035 0.042 0.015 0.028 0.047 0.006 0.02 0.186
163 I 0.057 0.019 0.015 0.018 0.017 0.015 0.02 0.022 0.008 0.227 0.15 0.024 0.034 0.04 0.015 0.028 0.044 0.006 0.02 0.22
164 A 0.292 0.031 0.026 0.03 0.021 0.026 0.04 0.077 0.015 0.042 0.058 0.044 0.017 0.021 0.029 0.088 0.05 0.005 0.017 0.067
165 I 0.062 0.025 0.027 0.026 0.017 0.019 0.027 0.032 0.011 0.193 0.126 0.033 0.03 0.036 0.02 0.072 0.088 0.006 0.019 0.132
166 S 0.091 0.035 0.043 0.039 0.018 0.028 0.042 0.051 0.015 0.065 0.067 0.045 0.02 0.025 0.026 0.15 0.117 0.005 0.018 0.101
167 F 0.036 0.02 0.016 0.016 0.012 0.012 0.019 0.024 0.015 0.077 0.188 0.021 0.032 0.299 0.011 0.025 0.027 0.014 0.07 0.066
168 F 0.036 0.022 0.018 0.017 0.01 0.014 0.022 0.025 0.027 0.056 0.098 0.023 0.023 0.305 0.012 0.027 0.026 0.02 0.167 0.052
169 L 0.044 0.024 0.014 0.015 0.016 0.016 0.02 0.021 0.01 0.119 0.376 0.025 0.049 0.054 0.014 0.024 0.033 0.007 0.022 0.097
170 K 0.136 0.079 0.044 0.038 0.013 0.043 0.06 0.055 0.019 0.032 0.048 0.198 0.016 0.017 0.028 0.064 0.043 0.005 0.017 0.044
171 Q 0.054 0.121 0.043 0.044 0.009 0.184 0.092 0.04 0.028 0.026 0.046 0.106 0.019 0.015 0.023 0.053 0.04 0.006 0.02 0.034
172 D 0.046 0.043 0.127 0.149 0.008 0.043 0.144 0.046 0.082 0.022 0.033 0.057 0.012 0.019 0.022 0.056 0.038 0.005 0.022 0.027
173 K 0.056 0.093 0.097 0.048 0.011 0.071 0.063 0.046 0.023 0.031 0.046 0.14 0.016 0.018 0.025 0.064 0.089 0.005 0.017 0.04
174 I 0.083 0.021 0.016 0.019 0.018 0.016 0.022 0.028 0.009 0.207 0.14 0.027 0.032 0.038 0.017 0.034 0.044 0.006 0.02 0.202
175 S 0.088 0.069 0.048 0.044 0.014 0.06 0.057 0.055 0.033 0.029 0.045 0.062 0.016 0.029 0.026 0.167 0.066 0.007 0.044 0.04
176 Y 0.04 0.028 0.022 0.019 0.009 0.022 0.028 0.025 0.046 0.043 0.068 0.031 0.019 0.13 0.015 0.031 0.028 0.028 0.325 0.046
177 W 0.047 0.062 0.031 0.032 0.008 0.074 0.057 0.037 0.02 0.028 0.046 0.127 0.016 0.03 0.072 0.042 0.034 0.169 0.034 0.032
178 R 0.048 0.259 0.04 0.036 0.008 0.106 0.068 0.035 0.025 0.024 0.046 0.109 0.017 0.016 0.021 0.048 0.037 0.006 0.018 0.032
179 L 0.039 0.024 0.014 0.015 0.013 0.016 0.021 0.024 0.012 0.086 0.272 0.024 0.038 0.056 0.012 0.024 0.03 0.17 0.037 0.073
180 L 0.038 0.021 0.015 0.016 0.013 0.013 0.019 0.023 0.014 0.087 0.24 0.022 0.036 0.233 0.012 0.025 0.029 0.012 0.057 0.074
181 L 0.044 0.02 0.015 0.016 0.014 0.013 0.019 0.023 0.012 0.138 0.209 0.023 0.036 0.172 0.013 0.026 0.033 0.01 0.045 0.118
182 L 0.044 0.024 0.014 0.015 0.016 0.016 0.02 0.021 0.01 0.114 0.382 0.025 0.049 0.054 0.014 0.024 0.033 0.007 0.022 0.095
183 F 0.1 0.024 0.022 0.022 0.015 0.017 0.027 0.039 0.015 0.064 0.139 0.029 0.027 0.213 0.017 0.053 0.048 0.011 0.053 0.064
184 L 0.048 0.024 0.015 0.016 0.016 0.016 0.02 0.022 0.01 0.121 0.332 0.025 0.045 0.06 0.014 0.026 0.035 0.007 0.024 0.124
185 S 0.092 0.033 0.04 0.037 0.031 0.027 0.041 0.051 0.015 0.069 0.099 0.043 0.023 0.028 0.024 0.156 0.067 0.005 0.018 0.1
186 T 0.096 0.033 0.039 0.036 0.018 0.026 0.039 0.048 0.014 0.072 0.073 0.043 0.021 0.025 0.025 0.122 0.134 0.005 0.018 0.112
187 I 0.049 0.024 0.021 0.02 0.013 0.02 0.024 0.078 0.022 0.138 0.127 0.03 0.057 0.068 0.016 0.032 0.035 0.013 0.113 0.1
188 W 0.032 0.024 0.017 0.016 0.008 0.017 0.024 0.029 0.022 0.033 0.056 0.024 0.016 0.075 0.009 0.024 0.024 0.393 0.125 0.034
189 L 0.052 0.021 0.015 0.017 0.017 0.015 0.02 0.022 0.009 0.182 0.24 0.025 0.04 0.045 0.015 0.027 0.04 0.006 0.021 0.172
190 Y 0.038 0.025 0.02 0.018 0.01 0.018 0.025 0.025 0.036 0.05 0.083 0.027 0.021 0.217 0.014 0.029 0.027 0.024 0.246 0.049
191 L 0.05 0.027 0.028 0.086 0.013 0.022 0.05 0.068 0.018 0.081 0.187 0.033 0.03 0.052 0.017 0.035 0.035 0.009 0.069 0.091
192 E 0.055 0.064 0.042 0.062 0.008 0.165 0.175 0.039 0.028 0.025 0.043 0.085 0.018 0.015 0.024 0.055 0.039 0.006 0.019 0.034
193 T 0.072 0.035 0.043 0.037 0.018 0.027 0.039 0.043 0.014 0.053 0.064 0.045 0.02 0.023 0.027 0.092 0.254 0.006 0.018 0.07
194 D 0.041 0.03 0.068 0.403 0.007 0.03 0.09 0.046 0.019 0.022 0.028 0.044 0.009 0.015 0.022 0.052 0.035 0.004 0.011 0.024
195 S 0.109 0.04 0.054 0.048 0.017 0.033 0.052 0.066 0.019 0.029 0.041 0.054 0.016 0.021 0.029 0.228 0.081 0.005 0.017 0.041
196 R 0.044 0.351 0.038 0.031 0.008 0.048 0.052 0.033 0.023 0.023 0.046 0.119 0.015 0.017 0.019 0.044 0.035 0.006 0.017 0.031
197 L 0.044 0.024 0.014 0.015 0.016 0.016 0.02 0.021 0.01 0.114 0.382 0.025 0.049 0.054 0.014 0.024 0.033 0.007 0.022 0.095
198 T 0.097 0.035 0.041 0.036 0.018 0.027 0.039 0.047 0.014 0.052 0.064 0.045 0.019 0.023 0.028 0.091 0.231 0.006 0.018 0.07
199 F 0.033 0.019 0.017 0.017 0.01 0.01 0.019 0.025 0.017 0.063 0.113 0.019 0.025 0.393 0.01 0.025 0.025 0.017 0.088 0.054
200 I 0.044 0.021 0.017 0.018 0.014 0.016 0.021 0.022 0.021 0.2 0.133 0.026 0.03 0.072 0.015 0.027 0.036 0.013 0.122 0.132
201 S 0.096 0.041 0.106 0.055 0.016 0.033 0.051 0.065 0.021 0.028 0.039 0.054 0.015 0.02 0.028 0.197 0.075 0.005 0.017 0.039
202 S 0.109 0.04 0.054 0.048 0.017 0.033 0.052 0.066 0.019 0.029 0.041 0.054 0.016 0.021 0.029 0.228 0.081 0.005 0.017 0.041
203 C 0.067 0.021 0.02 0.02 0.279 0.016 0.022 0.033 0.01 0.074 0.125 0.026 0.024 0.028 0.017 0.057 0.043 0.005 0.016 0.098
204 L 0.047 0.022 0.014 0.016 0.016 0.015 0.02 0.021 0.01 0.156 0.306 0.025 0.044 0.05 0.014 0.025 0.036 0.007 0.022 0.133
205 L 0.043 0.023 0.014 0.015 0.015 0.015 0.02 0.022 0.011 0.109 0.352 0.024 0.046 0.092 0.014 0.024 0.032 0.008 0.029 0.091
206 L 0.044 0.024 0.014 0.015 0.016 0.016 0.02 0.021 0.01 0.114 0.382 0.025 0.049 0.054 0.014 0.024 0.033 0.007 0.022 0.095
207 L 0.098 0.027 0.027 0.027 0.016 0.021 0.029 0.119 0.013 0.093 0.174 0.034 0.029 0.035 0.02 0.073 0.05 0.006 0.018 0.089
208 V 0.111 0.021 0.018 0.02 0.122 0.016 0.024 0.037 0.011 0.118 0.103 0.027 0.025 0.07 0.018 0.044 0.042 0.006 0.025 0.14
209 N 0.052 0.044 0.286 0.078 0.01 0.033 0.049 0.065 0.029 0.023 0.033 0.053 0.012 0.018 0.021 0.091 0.053 0.005 0.016 0.029
210 L 0.044 0.024 0.014 0.015 0.016 0.016 0.02 0.021 0.01 0.128 0.364 0.025 0.048 0.053 0.014 0.024 0.034 0.007 0.022 0.102
211 L 0.105 0.023 0.017 0.019 0.018 0.017 0.024 0.034 0.01 0.152 0.208 0.029 0.036 0.041 0.018 0.039 0.041 0.006 0.02 0.142
212 V 0.057 0.024 0.018 0.019 0.017 0.02 0.023 0.025 0.011 0.174 0.161 0.029 0.078 0.042 0.016 0.033 0.049 0.006 0.021 0.178
213 K 0.056 0.113 0.041 0.041 0.008 0.053 0.07 0.042 0.021 0.027 0.043 0.281 0.015 0.015 0.027 0.053 0.039 0.005 0.017 0.032
214 W 0.035 0.023 0.015 0.015 0.01 0.015 0.022 0.027 0.013 0.058 0.162 0.023 0.026 0.058 0.01 0.023 0.026 0.334 0.052 0.052
215 F 0.048 0.024 0.022 0.021 0.013 0.017 0.025 0.028 0.024 0.118 0.106 0.028 0.025 0.157 0.015 0.049 0.037 0.016 0.138 0.087
216 P 0.056 0.026 0.023 0.031 0.01 0.02 0.036 0.036 0.013 0.026 0.036 0.041 0.01 0.013 0.499 0.043 0.036 0.003 0.013 0.031
217 S 0.08 0.042 0.074 0.091 0.014 0.035 0.075 0.054 0.019 0.032 0.044 0.065 0.015 0.02 0.027 0.141 0.106 0.005 0.016 0.043
218 I 0.051 0.02 0.015 0.017 0.017 0.014 0.019 0.022 0.009 0.21 0.204 0.024 0.038 0.054 0.015 0.026 0.04 0.006 0.023 0.176
219 L 0.042 0.021 0.015 0.016 0.015 0.014 0.019 0.022 0.011 0.156 0.243 0.023 0.039 0.135 0.013 0.025 0.033 0.009 0.038 0.112
220 E 0.072 0.055 0.044 0.067 0.011 0.052 0.18 0.046 0.022 0.026 0.04 0.103 0.014 0.018 0.027 0.108 0.057 0.005 0.017 0.036
221 K 0.067 0.08 0.059 0.044 0.012 0.044 0.061 0.048 0.02 0.032 0.046 0.194 0.016 0.018 0.027 0.089 0.083 0.005 0.017 0.04
222 L 0.055 0.024 0.022 0.022 0.015 0.017 0.025 0.03 0.013 0.108 0.191 0.028 0.033 0.149 0.016 0.059 0.041 0.009 0.041 0.103
223 G 0.073 0.082 0.039 0.034 0.011 0.027 0.036 0.253 0.022 0.026 0.041 0.052 0.013 0.036 0.021 0.086 0.041 0.009 0.066 0.033
224 L 0.046 0.082 0.056 0.028 0.013 0.025 0.031 0.03 0.037 0.103 0.196 0.046 0.032 0.046 0.016 0.04 0.037 0.008 0.047 0.081
225 L 0.057 0.023 0.015 0.017 0.017 0.016 0.021 0.024 0.01 0.157 0.265 0.026 0.049 0.047 0.015 0.028 0.038 0.006 0.021 0.147
226 L 0.041 0.022 0.015 0.016 0.014 0.014 0.02 0.022 0.012 0.097 0.292 0.023 0.041 0.167 0.013 0.024 0.03 0.01 0.044 0.082
227 K 0.059 0.099 0.057 0.044 0.009 0.051 0.068 0.045 0.021 0.027 0.042 0.259 0.015 0.016 0.027 0.064 0.042 0.005 0.017 0.033
228 L 0.081 0.027 0.027 0.026 0.017 0.02 0.03 0.037 0.013 0.113 0.159 0.034 0.03 0.075 0.02 0.075 0.08 0.007 0.027 0.101
229 F 0.033 0.019 0.017 0.017 0.01 0.01 0.019 0.025 0.017 0.063 0.113 0.019 0.025 0.393 0.01 0.025 0.025 0.017 0.088 0.054
230 K 0.065 0.097 0.043 0.04 0.011 0.045 0.06 0.045 0.019 0.033 0.048 0.197 0.016 0.018 0.027 0.081 0.091 0.005 0.017 0.042
231 L 0.041 0.022 0.016 0.017 0.014 0.014 0.02 0.023 0.013 0.091 0.265 0.024 0.038 0.174 0.04 0.026 0.03 0.01 0.045 0.077
232 T 0.072 0.035 0.043 0.037 0.018 0.027 0.039 0.043 0.014 0.053 0.064 0.045 0.02 0.023 0.027 0.092 0.254 0.006 0.018 0.07
233 Y 0.038 0.025 0.02 0.018 0.01 0.018 0.025 0.025 0.036 0.05 0.083 0.027 0.021 0.217 0.014 0.029 0.027 0.024 0.246 0.049
234 L 0.042 0.019 0.015 0.017 0.014 0.013 0.018 0.022 0.012 0.179 0.184 0.022 0.035 0.162 0.013 0.025 0.034 0.01 0.043 0.122
235 V 0.065 0.021 0.017 0.018 0.018 0.016 0.023 0.025 0.009 0.179 0.133 0.026 0.032 0.047 0.016 0.036 0.047 0.006 0.022 0.244
236 N 0.042 0.044 0.324 0.082 0.009 0.033 0.049 0.065 0.031 0.022 0.031 0.053 0.011 0.018 0.02 0.069 0.049 0.004 0.016 0.027
237 A 0.297 0.031 0.025 0.029 0.021 0.025 0.04 0.078 0.015 0.043 0.059 0.044 0.017 0.021 0.029 0.084 0.049 0.005 0.017 0.068
238 Y 0.046 0.022 0.018 0.017 0.065 0.016 0.022 0.025 0.025 0.103 0.116 0.026 0.025 0.132 0.015 0.03 0.033 0.016 0.149 0.098
239 L 0.053 0.022 0.015 0.016 0.016 0.015 0.02 0.024 0.011 0.141 0.258 0.024 0.04 0.106 0.014 0.027 0.035 0.008 0.032 0.123
240 S 0.109 0.04 0.054 0.048 0.017 0.033 0.052 0.066 0.019 0.029 0.041 0.054 0.016 0.021 0.029 0.228 0.081 0.005 0.017 0.041
241 Y 0.038 0.025 0.02 0.018 0.01 0.018 0.025 0.025 0.036 0.05 0.083 0.027 0.021 0.217 0.014 0.029 0.027 0.024 0.246 0.049
242 W 0.039 0.023 0.015 0.015 0.011 0.015 0.022 0.028 0.013 0.066 0.12 0.023 0.023 0.055 0.01 0.024 0.029 0.334 0.052 0.082
243 I 0.052 0.019 0.015 0.017 0.017 0.014 0.019 0.022 0.009 0.239 0.161 0.024 0.035 0.052 0.015 0.027 0.041 0.006 0.022 0.195
244 A 0.19 0.035 0.04 0.039 0.019 0.029 0.045 0.069 0.017 0.04 0.052 0.048 0.017 0.021 0.029 0.155 0.071 0.005 0.017 0.061
245 K 0.053 0.12 0.033 0.032 0.011 0.045 0.053 0.035 0.018 0.068 0.079 0.172 0.021 0.053 0.022 0.044 0.038 0.006 0.024 0.075
246 N 0.054 0.035 0.119 0.044 0.014 0.028 0.037 0.043 0.019 0.078 0.106 0.043 0.068 0.032 0.02 0.061 0.102 0.006 0.019 0.073
247 Y 0.04 0.028 0.022 0.019 0.009 0.022 0.028 0.025 0.046 0.043 0.068 0.031 0.019 0.13 0.015 0.031 0.028 0.028 0.325 0.046
248 L 0.044 0.024 0.014 0.015 0.016 0.016 0.02 0.021 0.01 0.114 0.382 0.025 0.049 0.054 0.014 0.024 0.033 0.007 0.022 0.095
249 N 0.066 0.08 0.147 0.057 0.011 0.065 0.057 0.095 0.025 0.025 0.038 0.065 0.014 0.018 0.023 0.107 0.053 0.005 0.017 0.032
250 F 0.07 0.031 0.037 0.033 0.015 0.023 0.036 0.043 0.016 0.051 0.082 0.038 0.021 0.147 0.022 0.109 0.119 0.009 0.041 0.057
251 S 0.099 0.04 0.075 0.05 0.017 0.032 0.05 0.063 0.019 0.031 0.043 0.053 0.016 0.021 0.028 0.199 0.098 0.005 0.017 0.043
252 N 0.053 0.044 0.241 0.07 0.01 0.034 0.05 0.061 0.075 0.024 0.034 0.052 0.012 0.02 0.021 0.092 0.051 0.005 0.022 0.029
253 A 0.132 0.032 0.034 0.035 0.017 0.026 0.041 0.054 0.016 0.054 0.06 0.044 0.018 0.025 0.118 0.122 0.058 0.005 0.025 0.085
254 F 0.04 0.021 0.017 0.017 0.012 0.014 0.021 0.025 0.021 0.076 0.136 0.023 0.027 0.264 0.013 0.027 0.029 0.017 0.119 0.082
255 L 0.049 0.023 0.015 0.016 0.017 0.016 0.02 0.022 0.009 0.15 0.304 0.025 0.044 0.049 0.015 0.026 0.037 0.007 0.022 0.139
256 N 0.042 0.044 0.324 0.082 0.009 0.033 0.049 0.065 0.031 0.022 0.031 0.053 0.011 0.018 0.02 0.069 0.049 0.004 0.016 0.027
257 D 0.05 0.043 0.084 0.164 0.008 0.059 0.11 0.058 0.098 0.023 0.035 0.056 0.013 0.019 0.022 0.062 0.038 0.005 0.024 0.027
258 L 0.038 0.021 0.015 0.016 0.013 0.013 0.019 0.023 0.014 0.087 0.24 0.022 0.036 0.233 0.012 0.025 0.029 0.012 0.057 0.074
259 F 0.062 0.027 0.028 0.027 0.014 0.019 0.03 0.038 0.016 0.066 0.164 0.032 0.029 0.175 0.018 0.092 0.046 0.01 0.046 0.061
260 F 0.043 0.041 0.029 0.026 0.01 0.026 0.036 0.03 0.097 0.082 0.093 0.072 0.023 0.138 0.017 0.034 0.031 0.013 0.096 0.064
261 K 0.054 0.082 0.089 0.052 0.009 0.107 0.09 0.045 0.025 0.026 0.042 0.17 0.016 0.016 0.025 0.057 0.041 0.005 0.018 0.032
262 L 0.081 0.022 0.016 0.018 0.018 0.016 0.022 0.028 0.009 0.177 0.19 0.027 0.035 0.041 0.017 0.034 0.042 0.006 0.02 0.179
263 N 0.042 0.041 0.26 0.163 0.009 0.032 0.059 0.06 0.028 0.022 0.03 0.051 0.011 0.017 0.021 0.065 0.045 0.004 0.014 0.026
264 Q 0.051 0.078 0.04 0.04 0.009 0.164 0.083 0.037 0.059 0.029 0.049 0.078 0.019 0.035 0.021 0.05 0.037 0.01 0.074 0.036
265 F 0.047 0.023 0.018 0.018 0.013 0.016 0.022 0.028 0.016 0.077 0.132 0.025 0.061 0.276 0.013 0.031 0.036 0.014 0.066 0.068
266 L 0.044 0.024 0.014 0.015 0.016 0.016 0.02 0.021 0.01 0.114 0.382 0.025 0.049 0.054 0.014 0.024 0.033 0.007 0.022 0.095
267 G 0.078 0.023 0.039 0.033 0.011 0.019 0.025 0.515 0.013 0.019 0.028 0.033 0.009 0.016 0.019 0.051 0.029 0.005 0.011 0.024
268 G 0.072 0.024 0.057 0.067 0.01 0.02 0.032 0.451 0.015 0.019 0.028 0.035 0.009 0.016 0.019 0.052 0.031 0.005 0.011 0.024
269 R 0.044 0.351 0.038 0.031 0.008 0.048 0.052 0.033 0.023 0.023 0.046 0.119 0.015 0.017 0.019 0.044 0.035 0.006 0.017 0.031
270 I 0.046 0.018 0.015 0.017 0.016 0.013 0.018 0.02 0.009 0.265 0.184 0.024 0.037 0.045 0.015 0.025 0.039 0.006 0.021 0.168
271 Y 0.04 0.027 0.021 0.018 0.009 0.021 0.027 0.025 0.045 0.044 0.07 0.03 0.019 0.144 0.015 0.031 0.028 0.027 0.311 0.047
272 L 0.042 0.026 0.017 0.017 0.013 0.019 0.023 0.023 0.026 0.083 0.242 0.028 0.036 0.088 0.015 0.027 0.031 0.016 0.157 0.073
273 A 0.215 0.034 0.036 0.036 0.02 0.028 0.044 0.07 0.016 0.04 0.057 0.047 0.021 0.022 0.029 0.131 0.071 0.005 0.018 0.06
274 N 0.042 0.044 0.324 0.082 0.009 0.033 0.049 0.065 0.031 0.022 0.031 0.053 0.011 0.018 0.02 0.069 0.049 0.004 0.016 0.027
275 R 0.048 0.27 0.039 0.034 0.008 0.05 0.058 0.036 0.022 0.024 0.045 0.174 0.015 0.017 0.022 0.047 0.036 0.006 0.017 0.031
276 S 0.109 0.04 0.054 0.048 0.017 0.033 0.052 0.066 0.019 0.029 0.041 0.054 0.016 0.021 0.029 0.228 0.081 0.005 0.017 0.041
277 L 0.044 0.024 0.014 0.015 0.016 0.016 0.02 0.021 0.01 0.114 0.382 0.025 0.049 0.054 0.014 0.024 0.033 0.007 0.022 0.095
278 N 0.067 0.046 0.179 0.068 0.012 0.057 0.077 0.06 0.026 0.025 0.037 0.059 0.014 0.018 0.024 0.119 0.058 0.005 0.017 0.033
279 L 0.045 0.022 0.014 0.016 0.016 0.015 0.019 0.021 0.01 0.169 0.31 0.024 0.045 0.051 0.014 0.024 0.035 0.007 0.022 0.122
280 Y 0.04 0.027 0.021 0.018 0.009 0.021 0.027 0.025 0.044 0.045 0.072 0.03 0.019 0.151 0.015 0.03 0.028 0.027 0.305 0.047
281 G 0.078 0.023 0.039 0.033 0.011 0.019 0.025 0.515 0.013 0.019 0.028 0.033 0.009 0.016 0.019 0.051 0.029 0.005 0.011 0.024
282 Y 0.038 0.025 0.02 0.018 0.01 0.019 0.025 0.025 0.038 0.049 0.08 0.028 0.02 0.203 0.014 0.029 0.027 0.025 0.259 0.049
283 G 0.063 0.039 0.134 0.051 0.01 0.027 0.038 0.312 0.02 0.021 0.031 0.068 0.011 0.017 0.02 0.057 0.037 0.005 0.013 0.026
284 L 0.044 0.024 0.015 0.016 0.015 0.016 0.02 0.022 0.011 0.125 0.307 0.025 0.058 0.09 0.014 0.026 0.034 0.008 0.029 0.099
285 F 0.038 0.021 0.016 0.016 0.013 0.013 0.019 0.023 0.014 0.084 0.225 0.021 0.035 0.252 0.012 0.025 0.028 0.013 0.06 0.071
286 G 0.077 0.032 0.039 0.033 0.011 0.02 0.026 0.502 0.014 0.019 0.029 0.036 0.009 0.016 0.019 0.051 0.03 0.005 0.011 0.024
287 Q 0.053 0.145 0.042 0.042 0.008 0.165 0.087 0.039 0.027 0.026 0.046 0.114 0.019 0.015 0.023 0.052 0.039 0.006 0.019 0.034
288 K 0.063 0.114 0.039 0.039 0.009 0.07 0.066 0.042 0.021 0.027 0.043 0.193 0.015 0.015 0.091 0.057 0.04 0.005 0.017 0.034
289 I 0.054 0.019 0.015 0.018 0.017 0.014 0.019 0.022 0.009 0.24 0.154 0.024 0.035 0.041 0.015 0.027 0.043 0.006 0.02 0.209
290 N 0.101 0.039 0.135 0.122 0.011 0.037 0.109 0.056 0.025 0.028 0.04 0.053 0.013 0.024 0.023 0.064 0.043 0.006 0.033 0.038
291 W 0.03 0.022 0.015 0.015 0.008 0.015 0.022 0.03 0.015 0.03 0.052 0.022 0.015 0.06 0.008 0.022 0.022 0.497 0.068 0.03
292 I 0.052 0.026 0.094 0.035 0.015 0.02 0.028 0.034 0.016 0.17 0.116 0.033 0.028 0.037 0.017 0.041 0.055 0.006 0.027 0.151
293 G 0.078 0.023 0.039 0.033 0.011 0.019 0.025 0.515 0.013 0.019 0.028 0.033 0.009 0.016 0.019 0.051 0.029 0.005 0.011 0.024
294 N 0.042 0.044 0.324 0.082 0.009 0.033 0.049 0.065 0.031 0.022 0.031 0.053 0.011 0.018 0.02 0.069 0.049 0.004 0.016 0.027
295 G 0.108 0.024 0.037 0.033 0.012 0.02 0.027 0.454 0.014 0.022 0.032 0.035 0.01 0.017 0.02 0.055 0.032 0.005 0.012 0.03
296 L 0.044 0.024 0.014 0.015 0.016 0.016 0.02 0.021 0.01 0.114 0.382 0.025 0.049 0.054 0.014 0.024 0.033 0.007 0.022 0.095
297 D 0.059 0.036 0.115 0.17 0.012 0.03 0.06 0.051 0.02 0.033 0.042 0.048 0.014 0.019 0.024 0.088 0.116 0.005 0.015 0.042
298 I 0.08 0.022 0.018 0.02 0.017 0.017 0.023 0.029 0.01 0.204 0.147 0.029 0.047 0.039 0.017 0.037 0.054 0.006 0.02 0.162
299 E 0.051 0.055 0.136 0.073 0.008 0.107 0.151 0.047 0.029 0.023 0.038 0.073 0.015 0.016 0.023 0.06 0.042 0.005 0.017 0.031
300 G 0.078 0.023 0.039 0.033 0.011 0.019 0.025 0.515 0.013 0.019 0.028 0.033 0.009 0.016 0.019 0.051 0.029 0.005 0.011 0.024
301 E 0.059 0.048 0.033 0.051 0.012 0.101 0.143 0.033 0.021 0.074 0.072 0.064 0.022 0.022 0.022 0.047 0.042 0.006 0.019 0.111
302 R 0.047 0.297 0.039 0.033 0.008 0.049 0.056 0.035 0.022 0.024 0.045 0.156 0.015 0.017 0.021 0.046 0.036 0.006 0.017 0.031
303 G 0.075 0.034 0.118 0.048 0.014 0.027 0.04 0.131 0.019 0.062 0.058 0.044 0.017 0.023 0.022 0.11 0.056 0.005 0.016 0.081
304 L 0.052 0.029 0.028 0.034 0.014 0.022 0.031 0.03 0.023 0.069 0.17 0.034 0.029 0.066 0.019 0.049 0.105 0.013 0.113 0.07
305 D 0.07 0.05 0.052 0.131 0.011 0.099 0.105 0.05 0.023 0.026 0.04 0.066 0.015 0.017 0.025 0.112 0.052 0.005 0.017 0.034
306 T 0.116 0.039 0.038 0.053 0.015 0.039 0.127 0.048 0.018 0.04 0.054 0.055 0.017 0.021 0.027 0.078 0.136 0.006 0.017 0.057
307 Y 0.041 0.028 0.022 0.019 0.009 0.022 0.028 0.025 0.047 0.044 0.069 0.031 0.019 0.131 0.016 0.031 0.028 0.028 0.316 0.047
308 Y 0.04 0.028 0.022 0.019 0.009 0.022 0.028 0.025 0.046 0.043 0.068 0.031 0.019 0.13 0.015 0.031 0.028 0.028 0.325 0.046
309 L 0.044 0.024 0.014 0.015 0.016 0.016 0.02 0.021 0.01 0.114 0.381 0.025 0.049 0.054 0.014 0.024 0.033 0.007 0.022 0.095
310 Y 0.04 0.028 0.022 0.019 0.009 0.022 0.028 0.025 0.046 0.043 0.068 0.031 0.019 0.13 0.015 0.031 0.028 0.028 0.325 0.046
311 V 0.069 0.022 0.016 0.018 0.019 0.016 0.023 0.024 0.008 0.163 0.129 0.026 0.031 0.035 0.016 0.033 0.049 0.005 0.02 0.276
312 D 0.041 0.03 0.068 0.403 0.007 0.03 0.09 0.046 0.019 0.022 0.028 0.044 0.009 0.015 0.022 0.052 0.035 0.004 0.011 0.024
313 N 0.042 0.044 0.324 0.082 0.009 0.033 0.049 0.065 0.031 0.022 0.031 0.053 0.011 0.018 0.02 0.069 0.049 0.004 0.016 0.027
314 L 0.044 0.024 0.014 0.015 0.016 0.016 0.02 0.021 0.01 0.114 0.382 0.025 0.049 0.054 0.014 0.024 0.033 0.007 0.022 0.095
315 Y 0.04 0.028 0.022 0.019 0.009 0.022 0.028 0.025 0.046 0.043 0.068 0.031 0.019 0.13 0.015 0.031 0.028 0.028 0.325 0.046
316 I 0.05 0.019 0.015 0.018 0.016 0.014 0.019 0.021 0.009 0.252 0.163 0.024 0.043 0.043 0.015 0.026 0.041 0.006 0.021 0.184
317 Q 0.055 0.073 0.044 0.047 0.009 0.222 0.102 0.041 0.029 0.026 0.047 0.09 0.02 0.015 0.023 0.055 0.041 0.006 0.02 0.035
318 I 0.049 0.018 0.015 0.018 0.016 0.013 0.018 0.021 0.009 0.269 0.163 0.024 0.036 0.043 0.015 0.025 0.04 0.006 0.02 0.183
319 L 0.046 0.024 0.015 0.016 0.016 0.017 0.021 0.022 0.01 0.112 0.372 0.026 0.048 0.053 0.014 0.03 0.034 0.007 0.022 0.094
