#Seq2Logo.py -f /work3/idamei/ssn-clusterings/clustering/2205111339/clusters/0014_73/sequences.afa -o /work3/idamei/ssn-clusterings/clustering/2205111339/clusters/0014_73/sequences.logo
#Position Specific Frequency Matrix
A R N D C Q E G H I L K M F P S T W Y V
0 M 0.05 0.031 0.019 0.019 0.015 0.027 0.027 0.027 0.015 0.097 0.189 0.035 0.193 0.046 0.015 0.035 0.039 0.008 0.023 0.089
1 F 0.118 0.026 0.024 0.024 0.015 0.019 0.029 0.042 0.014 0.057 0.118 0.032 0.023 0.122 0.019 0.055 0.09 0.068 0.04 0.063
2 P 0.058 0.025 0.022 0.024 0.014 0.019 0.028 0.031 0.011 0.105 0.165 0.033 0.027 0.032 0.183 0.057 0.042 0.005 0.018 0.101
3 F 0.039 0.022 0.017 0.017 0.012 0.015 0.021 0.023 0.023 0.095 0.17 0.024 0.029 0.188 0.013 0.026 0.029 0.016 0.146 0.074
4 Y 0.044 0.037 0.028 0.038 0.009 0.057 0.105 0.028 0.038 0.035 0.057 0.047 0.017 0.087 0.018 0.039 0.031 0.019 0.225 0.04
5 L 0.066 0.021 0.016 0.017 0.073 0.015 0.021 0.027 0.014 0.131 0.155 0.025 0.03 0.092 0.015 0.032 0.037 0.009 0.065 0.139
6 L 0.061 0.024 0.022 0.023 0.017 0.018 0.025 0.029 0.01 0.166 0.174 0.03 0.032 0.038 0.018 0.06 0.072 0.006 0.02 0.157
7 F 0.033 0.019 0.016 0.016 0.01 0.011 0.019 0.025 0.017 0.061 0.109 0.019 0.024 0.398 0.01 0.025 0.025 0.017 0.093 0.053
8 I 0.087 0.022 0.022 0.023 0.017 0.017 0.025 0.033 0.011 0.214 0.129 0.03 0.03 0.036 0.018 0.061 0.059 0.006 0.019 0.141
9 L 0.042 0.019 0.015 0.016 0.014 0.013 0.018 0.021 0.012 0.183 0.201 0.022 0.035 0.139 0.013 0.024 0.033 0.009 0.049 0.118
10 L 0.043 0.023 0.014 0.015 0.016 0.015 0.019 0.021 0.01 0.139 0.361 0.024 0.046 0.051 0.014 0.024 0.033 0.007 0.021 0.105
11 A 0.127 0.031 0.034 0.032 0.017 0.024 0.037 0.051 0.015 0.062 0.105 0.04 0.022 0.057 0.024 0.124 0.082 0.006 0.023 0.086
12 L 0.112 0.025 0.021 0.022 0.015 0.019 0.027 0.096 0.012 0.069 0.195 0.032 0.035 0.067 0.077 0.043 0.036 0.007 0.024 0.067
13 L 0.085 0.024 0.021 0.021 0.073 0.018 0.024 0.091 0.011 0.077 0.236 0.029 0.033 0.049 0.017 0.047 0.045 0.006 0.02 0.073
14 A 0.162 0.029 0.031 0.031 0.095 0.023 0.036 0.055 0.014 0.07 0.067 0.039 0.019 0.023 0.025 0.11 0.079 0.005 0.017 0.071
15 F 0.04 0.019 0.016 0.016 0.07 0.012 0.018 0.024 0.013 0.096 0.162 0.02 0.029 0.254 0.012 0.026 0.029 0.012 0.058 0.075
16 L 0.086 0.021 0.017 0.018 0.111 0.015 0.021 0.032 0.011 0.099 0.176 0.025 0.029 0.124 0.016 0.036 0.035 0.008 0.034 0.087
17 T 0.073 0.036 0.043 0.038 0.018 0.028 0.039 0.043 0.014 0.053 0.065 0.045 0.02 0.024 0.028 0.093 0.246 0.006 0.018 0.071
18 E 0.052 0.049 0.043 0.128 0.009 0.113 0.165 0.037 0.023 0.039 0.048 0.067 0.016 0.017 0.022 0.05 0.038 0.005 0.017 0.061
19 L 0.086 0.03 0.031 0.029 0.017 0.023 0.033 0.04 0.013 0.084 0.149 0.037 0.027 0.032 0.022 0.1 0.104 0.006 0.019 0.119
20 L 0.05 0.031 0.096 0.036 0.013 0.033 0.034 0.037 0.017 0.106 0.167 0.037 0.028 0.077 0.017 0.062 0.042 0.007 0.026 0.083
21 G 0.096 0.08 0.074 0.041 0.013 0.032 0.044 0.106 0.018 0.032 0.045 0.083 0.015 0.019 0.043 0.094 0.099 0.005 0.016 0.044
22 L 0.05 0.043 0.059 0.029 0.013 0.026 0.035 0.031 0.018 0.126 0.128 0.093 0.026 0.042 0.018 0.037 0.039 0.008 0.056 0.122
23 K 0.051 0.068 0.107 0.059 0.008 0.046 0.118 0.044 0.023 0.024 0.037 0.162 0.013 0.015 0.081 0.054 0.039 0.005 0.016 0.03
24 N 0.043 0.045 0.315 0.083 0.009 0.034 0.05 0.065 0.032 0.023 0.032 0.054 0.011 0.018 0.02 0.07 0.05 0.005 0.016 0.027
25 R 0.054 0.101 0.07 0.036 0.011 0.041 0.046 0.038 0.066 0.046 0.068 0.085 0.018 0.041 0.02 0.066 0.041 0.009 0.078 0.066
26 L 0.052 0.087 0.062 0.038 0.012 0.055 0.074 0.033 0.018 0.094 0.112 0.076 0.024 0.027 0.019 0.042 0.04 0.005 0.018 0.112
27 Q 0.053 0.047 0.036 0.035 0.01 0.121 0.062 0.036 0.065 0.062 0.066 0.058 0.021 0.076 0.02 0.065 0.039 0.009 0.067 0.052
28 K 0.048 0.128 0.033 0.03 0.009 0.036 0.046 0.034 0.025 0.036 0.058 0.141 0.017 0.085 0.02 0.046 0.059 0.011 0.097 0.041
29 L 0.062 0.083 0.035 0.033 0.014 0.039 0.044 0.038 0.016 0.076 0.119 0.098 0.024 0.027 0.022 0.084 0.096 0.006 0.018 0.067
30 F 0.072 0.019 0.017 0.018 0.014 0.013 0.02 0.047 0.012 0.157 0.138 0.024 0.029 0.183 0.014 0.031 0.033 0.01 0.045 0.103
31 L 0.044 0.026 0.051 0.023 0.015 0.018 0.023 0.026 0.012 0.12 0.309 0.028 0.058 0.047 0.015 0.03 0.035 0.007 0.021 0.093
32 L 0.041 0.022 0.015 0.016 0.014 0.015 0.02 0.022 0.016 0.112 0.27 0.024 0.038 0.129 0.013 0.025 0.031 0.011 0.081 0.087
33 L 0.051 0.021 0.02 0.02 0.05 0.015 0.021 0.082 0.013 0.101 0.163 0.025 0.028 0.143 0.015 0.042 0.035 0.009 0.049 0.098
34 L 0.048 0.023 0.02 0.019 0.014 0.016 0.022 0.053 0.013 0.097 0.186 0.026 0.043 0.163 0.015 0.034 0.059 0.01 0.042 0.1
35 L 0.054 0.02 0.017 0.017 0.07 0.014 0.021 0.025 0.01 0.127 0.161 0.024 0.03 0.12 0.014 0.037 0.039 0.008 0.034 0.158
36 G 0.077 0.022 0.022 0.021 0.012 0.016 0.023 0.142 0.017 0.076 0.112 0.027 0.022 0.128 0.015 0.036 0.03 0.067 0.073 0.062
37 L 0.06 0.022 0.019 0.02 0.016 0.016 0.023 0.027 0.011 0.164 0.2 0.027 0.034 0.082 0.016 0.052 0.041 0.007 0.027 0.136
38 L 0.101 0.024 0.02 0.021 0.044 0.019 0.026 0.035 0.012 0.114 0.159 0.03 0.047 0.077 0.018 0.045 0.065 0.007 0.026 0.112
39 L 0.044 0.024 0.014 0.015 0.016 0.017 0.02 0.021 0.01 0.109 0.376 0.025 0.064 0.052 0.014 0.025 0.033 0.007 0.022 0.092
40 A 0.157 0.029 0.029 0.03 0.018 0.023 0.035 0.051 0.013 0.094 0.081 0.039 0.022 0.026 0.024 0.102 0.079 0.005 0.018 0.123
41 L 0.057 0.023 0.021 0.021 0.015 0.017 0.023 0.082 0.011 0.139 0.235 0.028 0.035 0.041 0.016 0.052 0.04 0.006 0.019 0.119
42 L 0.039 0.02 0.015 0.016 0.013 0.013 0.018 0.022 0.012 0.131 0.218 0.021 0.035 0.209 0.012 0.024 0.03 0.011 0.049 0.092
43 A 0.317 0.03 0.025 0.029 0.021 0.025 0.039 0.075 0.014 0.042 0.057 0.043 0.017 0.021 0.029 0.082 0.048 0.005 0.017 0.066
44 G 0.075 0.022 0.038 0.032 0.01 0.018 0.025 0.529 0.013 0.018 0.027 0.032 0.009 0.016 0.018 0.049 0.029 0.005 0.01 0.023
45 L 0.042 0.021 0.015 0.015 0.068 0.013 0.019 0.023 0.012 0.087 0.266 0.022 0.036 0.168 0.013 0.025 0.03 0.01 0.042 0.075
46 R 0.043 0.37 0.037 0.03 0.007 0.047 0.05 0.032 0.022 0.022 0.045 0.116 0.015 0.017 0.019 0.043 0.034 0.006 0.017 0.03
47 Y 0.047 0.022 0.018 0.017 0.085 0.017 0.023 0.024 0.027 0.112 0.093 0.026 0.023 0.081 0.015 0.03 0.033 0.016 0.187 0.102
48 D 0.055 0.037 0.101 0.194 0.01 0.052 0.066 0.049 0.021 0.028 0.042 0.049 0.014 0.06 0.022 0.095 0.046 0.006 0.022 0.032
49 P 0.052 0.022 0.019 0.024 0.013 0.017 0.027 0.028 0.011 0.149 0.102 0.032 0.024 0.029 0.254 0.034 0.038 0.004 0.017 0.104
50 G 0.06 0.026 0.054 0.216 0.009 0.024 0.058 0.279 0.016 0.021 0.028 0.039 0.009 0.016 0.021 0.052 0.033 0.005 0.011 0.024
51 N 0.094 0.041 0.141 0.052 0.013 0.053 0.05 0.057 0.023 0.033 0.058 0.051 0.016 0.049 0.023 0.123 0.055 0.006 0.022 0.041
52 P 0.128 0.028 0.06 0.035 0.013 0.022 0.036 0.104 0.015 0.028 0.04 0.041 0.012 0.016 0.269 0.057 0.039 0.004 0.014 0.039
53 D 0.039 0.029 0.066 0.421 0.007 0.029 0.088 0.045 0.018 0.022 0.027 0.043 0.009 0.014 0.022 0.05 0.034 0.004 0.011 0.023
54 Y 0.036 0.025 0.019 0.017 0.009 0.018 0.025 0.025 0.035 0.041 0.067 0.027 0.018 0.142 0.013 0.028 0.026 0.134 0.253 0.042
55 E 0.058 0.048 0.06 0.114 0.008 0.051 0.222 0.059 0.023 0.022 0.035 0.082 0.012 0.016 0.024 0.075 0.041 0.005 0.015 0.03
56 N 0.085 0.042 0.176 0.069 0.011 0.038 0.109 0.058 0.025 0.025 0.036 0.056 0.013 0.018 0.024 0.109 0.052 0.005 0.016 0.034
57 Y 0.039 0.027 0.021 0.018 0.009 0.021 0.027 0.024 0.045 0.042 0.066 0.03 0.018 0.126 0.015 0.03 0.027 0.027 0.344 0.045
58 Y 0.055 0.029 0.028 0.027 0.012 0.023 0.041 0.033 0.027 0.051 0.104 0.035 0.022 0.13 0.018 0.076 0.065 0.016 0.156 0.053
59 D 0.05 0.086 0.043 0.127 0.01 0.083 0.097 0.038 0.02 0.036 0.081 0.092 0.018 0.02 0.022 0.052 0.062 0.005 0.017 0.041
60 Y 0.078 0.025 0.022 0.022 0.013 0.019 0.027 0.033 0.025 0.114 0.094 0.03 0.023 0.116 0.017 0.058 0.038 0.015 0.148 0.083
61 F 0.034 0.02 0.017 0.017 0.01 0.013 0.02 0.024 0.023 0.057 0.1 0.021 0.023 0.347 0.011 0.026 0.025 0.019 0.143 0.051
62 K 0.077 0.051 0.098 0.046 0.011 0.035 0.074 0.043 0.021 0.088 0.069 0.111 0.019 0.031 0.021 0.051 0.04 0.007 0.041 0.066
63 L 0.044 0.032 0.119 0.126 0.011 0.026 0.052 0.053 0.018 0.06 0.17 0.039 0.043 0.032 0.018 0.044 0.038 0.005 0.017 0.055
64 L 0.05 0.022 0.015 0.017 0.016 0.016 0.021 0.023 0.009 0.154 0.245 0.026 0.037 0.042 0.07 0.027 0.037 0.006 0.02 0.148
65 S 0.094 0.033 0.071 0.039 0.015 0.026 0.039 0.05 0.016 0.052 0.059 0.042 0.018 0.027 0.023 0.124 0.106 0.061 0.023 0.081
66 K 0.082 0.071 0.134 0.075 0.01 0.041 0.06 0.053 0.022 0.027 0.039 0.176 0.014 0.016 0.024 0.06 0.042 0.005 0.016 0.034
67 G 0.067 0.035 0.074 0.05 0.011 0.024 0.035 0.33 0.016 0.037 0.042 0.068 0.013 0.018 0.019 0.05 0.035 0.005 0.013 0.059
68 G 0.08 0.027 0.072 0.038 0.013 0.022 0.032 0.227 0.015 0.091 0.065 0.037 0.018 0.024 0.02 0.088 0.045 0.005 0.015 0.066
69 D 0.047 0.024 0.037 0.169 0.011 0.02 0.046 0.094 0.014 0.072 0.144 0.032 0.024 0.076 0.017 0.038 0.033 0.006 0.024 0.073
70 N 0.043 0.045 0.314 0.083 0.009 0.034 0.05 0.065 0.032 0.023 0.032 0.054 0.011 0.018 0.02 0.07 0.05 0.005 0.016 0.027
71 Y 0.042 0.028 0.022 0.03 0.01 0.025 0.072 0.025 0.031 0.083 0.086 0.035 0.021 0.141 0.016 0.033 0.03 0.018 0.186 0.066
72 S 0.171 0.037 0.044 0.042 0.019 0.03 0.048 0.07 0.018 0.034 0.047 0.051 0.016 0.021 0.03 0.178 0.071 0.005 0.017 0.051
73 S 0.109 0.04 0.054 0.049 0.017 0.033 0.052 0.066 0.019 0.029 0.042 0.054 0.016 0.021 0.029 0.226 0.081 0.005 0.017 0.042
74 R 0.05 0.2 0.039 0.06 0.008 0.056 0.177 0.034 0.024 0.023 0.041 0.097 0.014 0.017 0.022 0.05 0.036 0.006 0.017 0.031
75 R 0.062 0.103 0.037 0.035 0.011 0.065 0.053 0.093 0.02 0.039 0.058 0.1 0.018 0.081 0.021 0.076 0.042 0.007 0.029 0.05
76 E 0.056 0.059 0.064 0.102 0.01 0.08 0.119 0.042 0.022 0.03 0.044 0.109 0.015 0.017 0.025 0.062 0.083 0.005 0.017 0.039
77 I 0.051 0.022 0.02 0.021 0.016 0.016 0.022 0.025 0.01 0.203 0.189 0.028 0.035 0.042 0.017 0.038 0.082 0.006 0.02 0.137
78 N 0.107 0.041 0.212 0.065 0.013 0.031 0.047 0.067 0.025 0.028 0.039 0.051 0.013 0.019 0.024 0.104 0.055 0.005 0.016 0.038
79 I 0.076 0.03 0.023 0.033 0.013 0.048 0.08 0.031 0.015 0.162 0.111 0.04 0.031 0.074 0.018 0.039 0.037 0.007 0.026 0.105
80 V 0.12 0.023 0.02 0.021 0.017 0.017 0.026 0.091 0.011 0.106 0.098 0.029 0.024 0.071 0.018 0.044 0.043 0.006 0.025 0.188
81 A 0.185 0.032 0.032 0.038 0.017 0.029 0.07 0.058 0.016 0.071 0.065 0.045 0.019 0.023 0.026 0.116 0.054 0.005 0.017 0.079
82 P 0.085 0.027 0.049 0.033 0.012 0.021 0.035 0.043 0.016 0.035 0.054 0.038 0.015 0.103 0.239 0.075 0.041 0.006 0.03 0.04
83 D 0.042 0.033 0.06 0.346 0.007 0.036 0.14 0.042 0.019 0.021 0.029 0.05 0.01 0.015 0.022 0.051 0.034 0.004 0.012 0.025
84 P 0.054 0.041 0.025 0.029 0.011 0.026 0.039 0.033 0.013 0.078 0.062 0.095 0.016 0.019 0.294 0.041 0.037 0.004 0.015 0.068
85 G 0.128 0.024 0.032 0.03 0.014 0.019 0.028 0.372 0.013 0.039 0.045 0.034 0.013 0.019 0.02 0.055 0.035 0.005 0.013 0.063
86 F 0.034 0.02 0.017 0.017 0.01 0.013 0.02 0.024 0.023 0.057 0.1 0.021 0.023 0.347 0.011 0.026 0.025 0.019 0.143 0.051
87 A 0.145 0.031 0.096 0.038 0.016 0.025 0.037 0.054 0.017 0.083 0.083 0.041 0.038 0.027 0.022 0.08 0.049 0.005 0.018 0.094
88 L 0.073 0.024 0.017 0.018 0.014 0.018 0.024 0.028 0.02 0.105 0.226 0.028 0.033 0.069 0.016 0.032 0.034 0.012 0.116 0.092
89 L 0.043 0.021 0.018 0.018 0.014 0.014 0.02 0.024 0.012 0.14 0.199 0.024 0.033 0.166 0.014 0.031 0.058 0.01 0.042 0.098
90 N 0.047 0.032 0.162 0.045 0.066 0.025 0.033 0.042 0.023 0.06 0.107 0.038 0.039 0.039 0.017 0.047 0.041 0.008 0.053 0.076
91 L 0.044 0.036 0.02 0.02 0.011 0.022 0.03 0.027 0.02 0.09 0.131 0.072 0.025 0.061 0.015 0.03 0.032 0.123 0.102 0.089
92 L 0.056 0.019 0.017 0.018 0.069 0.014 0.019 0.08 0.01 0.156 0.178 0.024 0.031 0.086 0.015 0.03 0.034 0.007 0.027 0.109
93 L 0.049 0.02 0.014 0.016 0.07 0.014 0.019 0.022 0.009 0.171 0.252 0.023 0.038 0.044 0.014 0.026 0.036 0.006 0.02 0.137
94 S 0.095 0.074 0.049 0.043 0.015 0.032 0.048 0.112 0.018 0.027 0.039 0.057 0.014 0.019 0.026 0.205 0.068 0.005 0.016 0.037
95 L 0.04 0.07 0.021 0.02 0.011 0.022 0.029 0.027 0.018 0.07 0.134 0.065 0.025 0.112 0.014 0.03 0.03 0.122 0.077 0.065
96 F 0.04 0.02 0.015 0.016 0.013 0.012 0.019 0.023 0.013 0.109 0.182 0.021 0.031 0.248 0.012 0.025 0.03 0.012 0.057 0.102
97 S 0.077 0.034 0.041 0.036 0.015 0.027 0.04 0.047 0.019 0.039 0.053 0.043 0.017 0.037 0.024 0.141 0.14 0.064 0.059 0.05
98 D 0.054 0.051 0.097 0.115 0.011 0.033 0.056 0.045 0.019 0.031 0.042 0.11 0.014 0.017 0.078 0.063 0.105 0.005 0.015 0.039
99 N 0.064 0.041 0.151 0.141 0.011 0.055 0.063 0.057 0.023 0.024 0.035 0.054 0.013 0.017 0.023 0.123 0.054 0.005 0.015 0.031
100 P 0.06 0.025 0.024 0.03 0.011 0.02 0.035 0.036 0.012 0.04 0.045 0.039 0.013 0.015 0.422 0.056 0.039 0.003 0.014 0.06
101 I 0.08 0.02 0.016 0.018 0.017 0.015 0.021 0.027 0.009 0.218 0.168 0.026 0.034 0.039 0.016 0.032 0.041 0.006 0.02 0.178
102 I 0.049 0.022 0.019 0.02 0.014 0.016 0.023 0.026 0.015 0.177 0.154 0.027 0.03 0.066 0.015 0.049 0.038 0.065 0.063 0.112
103 L 0.077 0.026 0.017 0.018 0.016 0.02 0.024 0.03 0.013 0.098 0.229 0.029 0.088 0.085 0.016 0.035 0.037 0.008 0.028 0.107
104 F 0.034 0.019 0.016 0.016 0.011 0.011 0.018 0.024 0.016 0.067 0.142 0.019 0.027 0.371 0.011 0.024 0.025 0.015 0.078 0.057
105 L 0.053 0.022 0.015 0.016 0.071 0.016 0.02 0.023 0.009 0.136 0.236 0.025 0.054 0.042 0.015 0.029 0.038 0.006 0.02 0.153
106 I 0.051 0.021 0.019 0.02 0.015 0.015 0.023 0.026 0.011 0.157 0.117 0.026 0.027 0.117 0.07 0.035 0.063 0.008 0.033 0.145
107 L 0.046 0.021 0.016 0.017 0.014 0.014 0.02 0.023 0.012 0.145 0.166 0.023 0.049 0.165 0.013 0.027 0.035 0.009 0.042 0.142
108 A 0.243 0.031 0.032 0.033 0.019 0.026 0.04 0.123 0.015 0.036 0.05 0.044 0.016 0.02 0.027 0.116 0.053 0.005 0.016 0.056
109 L 0.053 0.022 0.022 0.022 0.014 0.017 0.023 0.083 0.013 0.141 0.151 0.028 0.047 0.12 0.015 0.053 0.038 0.008 0.034 0.096
110 L 0.057 0.026 0.024 0.023 0.016 0.019 0.026 0.029 0.011 0.137 0.203 0.031 0.033 0.038 0.018 0.055 0.105 0.006 0.019 0.123
111 S 0.134 0.033 0.044 0.041 0.016 0.028 0.043 0.169 0.017 0.028 0.04 0.046 0.014 0.019 0.026 0.177 0.063 0.005 0.015 0.041
112 V 0.067 0.022 0.017 0.018 0.018 0.016 0.023 0.025 0.008 0.152 0.122 0.026 0.03 0.034 0.016 0.035 0.06 0.005 0.02 0.284
113 G 0.102 0.027 0.034 0.031 0.014 0.021 0.031 0.262 0.014 0.044 0.116 0.036 0.02 0.025 0.021 0.092 0.043 0.006 0.015 0.047
114 L 0.043 0.021 0.014 0.016 0.015 0.014 0.019 0.021 0.01 0.169 0.296 0.023 0.042 0.079 0.014 0.024 0.034 0.007 0.026 0.115
115 N 0.041 0.043 0.343 0.08 0.009 0.032 0.047 0.063 0.03 0.022 0.03 0.052 0.011 0.017 0.019 0.067 0.047 0.004 0.015 0.026
116 L 0.076 0.021 0.016 0.017 0.016 0.015 0.021 0.027 0.01 0.166 0.219 0.025 0.036 0.083 0.015 0.031 0.037 0.007 0.027 0.134
117 L 0.061 0.046 0.049 0.036 0.012 0.031 0.057 0.039 0.02 0.056 0.1 0.097 0.021 0.079 0.021 0.086 0.045 0.009 0.061 0.073
118 C 0.078 0.024 0.03 0.028 0.287 0.019 0.028 0.097 0.012 0.035 0.051 0.032 0.015 0.019 0.02 0.111 0.049 0.004 0.013 0.046
119 F 0.037 0.022 0.018 0.017 0.01 0.015 0.022 0.024 0.028 0.079 0.096 0.024 0.023 0.243 0.013 0.027 0.027 0.02 0.193 0.062
120 K 0.052 0.126 0.073 0.043 0.008 0.049 0.064 0.043 0.021 0.026 0.041 0.256 0.014 0.015 0.025 0.052 0.039 0.005 0.016 0.031
121 K 0.052 0.121 0.043 0.082 0.008 0.07 0.072 0.041 0.021 0.025 0.041 0.231 0.015 0.015 0.025 0.051 0.037 0.005 0.016 0.031
122 Y 0.039 0.027 0.021 0.018 0.009 0.021 0.027 0.024 0.045 0.042 0.066 0.03 0.018 0.126 0.015 0.03 0.027 0.027 0.344 0.045
123 S 0.083 0.031 0.037 0.035 0.017 0.025 0.038 0.045 0.014 0.092 0.078 0.041 0.022 0.026 0.024 0.141 0.111 0.005 0.018 0.118
124 P 0.055 0.051 0.028 0.033 0.009 0.03 0.046 0.037 0.015 0.025 0.037 0.128 0.012 0.013 0.351 0.045 0.036 0.003 0.014 0.03
125 K 0.056 0.09 0.043 0.044 0.009 0.135 0.087 0.042 0.025 0.027 0.045 0.185 0.018 0.015 0.026 0.055 0.04 0.006 0.019 0.034
126 Y 0.038 0.025 0.02 0.018 0.009 0.019 0.025 0.024 0.04 0.045 0.073 0.028 0.019 0.173 0.014 0.029 0.027 0.025 0.301 0.046
127 F 0.039 0.019 0.016 0.016 0.012 0.012 0.019 0.023 0.014 0.104 0.149 0.02 0.029 0.288 0.012 0.025 0.029 0.013 0.064 0.097
128 F 0.038 0.021 0.016 0.016 0.013 0.014 0.02 0.023 0.014 0.082 0.215 0.022 0.051 0.251 0.012 0.025 0.029 0.012 0.057 0.07
129 L 0.051 0.021 0.018 0.019 0.016 0.015 0.021 0.024 0.01 0.172 0.19 0.025 0.034 0.082 0.015 0.033 0.064 0.007 0.027 0.157
130 C 0.162 0.028 0.031 0.03 0.18 0.023 0.035 0.057 0.013 0.038 0.053 0.038 0.016 0.02 0.024 0.124 0.054 0.005 0.015 0.054
131 I 0.053 0.02 0.015 0.017 0.017 0.015 0.02 0.022 0.009 0.23 0.152 0.025 0.051 0.04 0.015 0.028 0.041 0.006 0.02 0.203
132 L 0.044 0.024 0.014 0.015 0.016 0.017 0.02 0.021 0.01 0.109 0.376 0.025 0.064 0.052 0.014 0.025 0.033 0.007 0.022 0.092
133 F 0.042 0.02 0.016 0.016 0.066 0.013 0.02 0.025 0.017 0.073 0.134 0.021 0.026 0.254 0.012 0.027 0.029 0.014 0.092 0.084
134 Y 0.039 0.027 0.021 0.018 0.009 0.021 0.027 0.024 0.045 0.042 0.066 0.03 0.018 0.126 0.015 0.03 0.027 0.027 0.344 0.045
135 F 0.038 0.02 0.016 0.016 0.012 0.013 0.02 0.024 0.018 0.075 0.139 0.021 0.027 0.297 0.012 0.026 0.028 0.015 0.1 0.084
136 V 0.072 0.023 0.02 0.02 0.018 0.018 0.026 0.028 0.009 0.144 0.116 0.028 0.029 0.033 0.017 0.056 0.051 0.005 0.019 0.268
137 H 0.04 0.044 0.051 0.037 0.007 0.037 0.051 0.037 0.38 0.022 0.037 0.044 0.015 0.029 0.018 0.04 0.026 0.007 0.055 0.022
138 T 0.068 0.034 0.073 0.04 0.016 0.027 0.038 0.044 0.015 0.052 0.094 0.043 0.021 0.025 0.025 0.097 0.201 0.006 0.017 0.063
139 Y 0.038 0.026 0.02 0.018 0.009 0.02 0.026 0.024 0.042 0.044 0.071 0.029 0.019 0.157 0.014 0.029 0.027 0.026 0.315 0.046
140 V 0.085 0.022 0.016 0.018 0.017 0.016 0.022 0.028 0.009 0.166 0.187 0.026 0.034 0.039 0.016 0.034 0.042 0.006 0.02 0.198
141 L 0.139 0.026 0.021 0.022 0.017 0.02 0.027 0.096 0.012 0.076 0.221 0.033 0.049 0.037 0.019 0.047 0.038 0.006 0.019 0.076
142 R 0.047 0.281 0.038 0.033 0.008 0.048 0.056 0.035 0.022 0.024 0.044 0.179 0.015 0.016 0.021 0.046 0.035 0.005 0.017 0.03
143 E 0.053 0.048 0.039 0.087 0.007 0.062 0.324 0.034 0.025 0.021 0.035 0.073 0.012 0.016 0.025 0.053 0.035 0.005 0.016 0.03
144 L 0.048 0.029 0.018 0.018 0.015 0.024 0.026 0.025 0.018 0.093 0.214 0.032 0.147 0.056 0.015 0.032 0.036 0.01 0.059 0.085
145 L 0.06 0.027 0.023 0.023 0.015 0.022 0.027 0.085 0.013 0.132 0.141 0.033 0.1 0.038 0.017 0.058 0.043 0.006 0.02 0.117
146 Q 0.082 0.061 0.037 0.04 0.011 0.195 0.083 0.041 0.025 0.037 0.086 0.076 0.023 0.019 0.022 0.053 0.04 0.006 0.02 0.044
147 I 0.048 0.017 0.014 0.017 0.016 0.013 0.018 0.02 0.008 0.283 0.157 0.023 0.035 0.042 0.014 0.025 0.039 0.006 0.02 0.184
148 R 0.043 0.37 0.037 0.03 0.007 0.047 0.05 0.032 0.022 0.022 0.045 0.116 0.015 0.017 0.019 0.043 0.034 0.006 0.017 0.03
149 A 0.253 0.029 0.027 0.03 0.019 0.024 0.038 0.093 0.014 0.052 0.061 0.041 0.018 0.022 0.027 0.093 0.05 0.005 0.017 0.087
150 G 0.075 0.022 0.038 0.032 0.01 0.018 0.025 0.529 0.013 0.018 0.027 0.032 0.009 0.016 0.018 0.049 0.029 0.005 0.01 0.023
151 L 0.049 0.024 0.015 0.016 0.016 0.017 0.021 0.022 0.01 0.12 0.315 0.026 0.06 0.048 0.014 0.026 0.036 0.007 0.021 0.138
152 A 0.27 0.032 0.031 0.033 0.02 0.026 0.041 0.073 0.015 0.039 0.053 0.045 0.016 0.021 0.029 0.119 0.055 0.005 0.017 0.06
153 C 0.129 0.024 0.026 0.026 0.288 0.019 0.029 0.048 0.012 0.039 0.056 0.032 0.016 0.02 0.021 0.095 0.048 0.004 0.014 0.054
154 A 0.291 0.029 0.026 0.029 0.02 0.024 0.037 0.126 0.014 0.039 0.054 0.042 0.016 0.02 0.027 0.078 0.046 0.005 0.016 0.061
155 I 0.045 0.018 0.014 0.016 0.016 0.013 0.018 0.02 0.009 0.257 0.214 0.023 0.038 0.045 0.014 0.024 0.037 0.006 0.02 0.153
156 C 0.062 0.016 0.016 0.016 0.504 0.012 0.016 0.031 0.008 0.043 0.062 0.02 0.016 0.02 0.016 0.039 0.035 0.004 0.012 0.055
157 L 0.042 0.023 0.014 0.015 0.015 0.015 0.019 0.021 0.01 0.105 0.367 0.024 0.045 0.092 0.013 0.023 0.031 0.008 0.029 0.088
158 Y 0.039 0.026 0.02 0.017 0.01 0.019 0.025 0.024 0.038 0.052 0.108 0.028 0.022 0.149 0.014 0.029 0.027 0.024 0.279 0.051
159 S 0.129 0.038 0.049 0.045 0.017 0.031 0.049 0.065 0.018 0.03 0.042 0.051 0.015 0.02 0.029 0.231 0.075 0.005 0.017 0.043
160 L 0.047 0.02 0.014 0.016 0.016 0.014 0.019 0.021 0.009 0.196 0.262 0.024 0.04 0.046 0.014 0.025 0.037 0.006 0.021 0.153
161 R 0.051 0.304 0.039 0.033 0.009 0.045 0.052 0.036 0.022 0.024 0.044 0.13 0.015 0.017 0.021 0.067 0.039 0.005 0.017 0.031
162 Y 0.039 0.026 0.021 0.018 0.009 0.02 0.026 0.024 0.043 0.043 0.068 0.029 0.018 0.142 0.015 0.03 0.027 0.026 0.33 0.045
163 I 0.05 0.019 0.014 0.017 0.016 0.014 0.019 0.021 0.009 0.226 0.206 0.024 0.037 0.043 0.014 0.026 0.039 0.006 0.02 0.181
164 E 0.067 0.037 0.027 0.044 0.012 0.057 0.132 0.031 0.021 0.068 0.106 0.049 0.023 0.058 0.02 0.043 0.037 0.009 0.058 0.102
165 E 0.052 0.089 0.09 0.067 0.009 0.074 0.126 0.041 0.027 0.026 0.041 0.095 0.015 0.028 0.022 0.066 0.04 0.008 0.053 0.032
166 K 0.053 0.14 0.037 0.041 0.063 0.058 0.089 0.037 0.02 0.027 0.044 0.197 0.015 0.016 0.023 0.049 0.037 0.005 0.016 0.034
167 K 0.059 0.137 0.038 0.037 0.064 0.065 0.06 0.041 0.02 0.028 0.045 0.183 0.016 0.016 0.024 0.071 0.042 0.005 0.016 0.035
168 L 0.043 0.022 0.017 0.018 0.013 0.016 0.022 0.023 0.018 0.136 0.182 0.026 0.031 0.101 0.069 0.027 0.032 0.012 0.099 0.093
169 W 0.046 0.05 0.026 0.025 0.009 0.028 0.038 0.087 0.018 0.04 0.098 0.119 0.019 0.043 0.016 0.036 0.03 0.176 0.057 0.04
170 R 0.05 0.176 0.037 0.034 0.009 0.064 0.056 0.036 0.048 0.056 0.057 0.138 0.018 0.024 0.021 0.055 0.038 0.006 0.032 0.047
171 F 0.035 0.02 0.018 0.017 0.01 0.012 0.02 0.025 0.019 0.058 0.103 0.021 0.023 0.368 0.011 0.031 0.026 0.017 0.112 0.052
172 L 0.104 0.022 0.016 0.019 0.016 0.016 0.023 0.033 0.011 0.152 0.217 0.028 0.034 0.052 0.017 0.037 0.037 0.034 0.024 0.108
173 L 0.073 0.023 0.016 0.017 0.033 0.016 0.022 0.029 0.012 0.108 0.236 0.026 0.053 0.112 0.015 0.032 0.034 0.022 0.034 0.087
174 L 0.058 0.023 0.025 0.024 0.07 0.018 0.024 0.085 0.011 0.124 0.128 0.03 0.026 0.052 0.018 0.048 0.104 0.006 0.021 0.106
175 I 0.046 0.021 0.015 0.016 0.014 0.016 0.02 0.023 0.011 0.177 0.171 0.024 0.05 0.046 0.013 0.026 0.036 0.104 0.029 0.142
176 L 0.081 0.024 0.019 0.02 0.017 0.018 0.024 0.03 0.01 0.141 0.228 0.029 0.035 0.04 0.018 0.041 0.073 0.006 0.02 0.126
177 L 0.047 0.021 0.014 0.016 0.07 0.014 0.019 0.022 0.01 0.134 0.26 0.023 0.038 0.085 0.014 0.026 0.034 0.007 0.027 0.12
178 A 0.317 0.03 0.025 0.029 0.021 0.025 0.039 0.075 0.014 0.042 0.057 0.043 0.017 0.021 0.029 0.082 0.048 0.005 0.017 0.066
179 L 0.096 0.029 0.028 0.027 0.017 0.024 0.032 0.04 0.013 0.104 0.125 0.037 0.062 0.033 0.021 0.091 0.076 0.006 0.019 0.117
180 S 0.118 0.034 0.043 0.039 0.071 0.028 0.043 0.057 0.016 0.036 0.049 0.046 0.016 0.021 0.027 0.178 0.107 0.005 0.016 0.05
181 F 0.04 0.018 0.015 0.017 0.013 0.012 0.018 0.022 0.012 0.193 0.138 0.021 0.031 0.206 0.012 0.024 0.032 0.01 0.049 0.118
182 H 0.04 0.044 0.051 0.037 0.007 0.037 0.051 0.037 0.38 0.022 0.037 0.044 0.015 0.029 0.018 0.04 0.026 0.007 0.055 0.022
183 L 0.042 0.024 0.015 0.016 0.015 0.017 0.02 0.022 0.012 0.1 0.316 0.025 0.068 0.111 0.013 0.025 0.032 0.009 0.032 0.085
184 G 0.13 0.03 0.04 0.037 0.015 0.025 0.037 0.236 0.015 0.03 0.041 0.042 0.014 0.019 0.024 0.127 0.076 0.005 0.014 0.042
185 A 0.28 0.03 0.027 0.03 0.02 0.025 0.039 0.071 0.014 0.047 0.059 0.043 0.017 0.021 0.028 0.098 0.051 0.005 0.017 0.076
186 I 0.049 0.019 0.014 0.017 0.016 0.014 0.018 0.021 0.009 0.248 0.191 0.023 0.036 0.043 0.014 0.025 0.039 0.006 0.02 0.18
187 I 0.066 0.02 0.017 0.019 0.017 0.016 0.022 0.025 0.009 0.212 0.135 0.026 0.031 0.037 0.016 0.034 0.06 0.005 0.019 0.211
188 F 0.032 0.019 0.016 0.016 0.01 0.011 0.019 0.025 0.016 0.057 0.103 0.019 0.023 0.371 0.01 0.024 0.024 0.071 0.083 0.05
189 L 0.065 0.022 0.02 0.02 0.069 0.016 0.023 0.031 0.013 0.086 0.183 0.026 0.03 0.162 0.015 0.054 0.037 0.009 0.041 0.08
190 L 0.049 0.02 0.016 0.018 0.069 0.015 0.02 0.051 0.01 0.151 0.222 0.025 0.034 0.039 0.07 0.029 0.035 0.006 0.018 0.103
191 A 0.157 0.029 0.027 0.028 0.019 0.024 0.035 0.05 0.013 0.084 0.091 0.038 0.041 0.028 0.023 0.097 0.054 0.005 0.019 0.14
192 Y 0.04 0.025 0.021 0.018 0.009 0.019 0.026 0.052 0.038 0.042 0.068 0.028 0.018 0.148 0.014 0.03 0.026 0.051 0.281 0.044
193 P 0.043 0.022 0.019 0.022 0.01 0.015 0.026 0.029 0.014 0.057 0.089 0.029 0.019 0.154 0.234 0.032 0.03 0.064 0.044 0.049
194 L 0.076 0.021 0.016 0.017 0.016 0.015 0.021 0.028 0.011 0.145 0.215 0.025 0.035 0.103 0.015 0.032 0.037 0.008 0.031 0.134
195 G 0.087 0.025 0.027 0.025 0.049 0.02 0.028 0.146 0.025 0.064 0.064 0.032 0.017 0.063 0.018 0.06 0.036 0.014 0.143 0.057
196 R 0.046 0.163 0.093 0.042 0.008 0.085 0.059 0.039 0.028 0.026 0.045 0.106 0.016 0.032 0.02 0.049 0.037 0.008 0.066 0.032
197 L 0.072 0.043 0.018 0.018 0.032 0.018 0.024 0.029 0.017 0.079 0.241 0.032 0.034 0.098 0.016 0.033 0.032 0.011 0.081 0.072
198 L 0.052 0.032 0.02 0.02 0.016 0.028 0.028 0.028 0.016 0.1 0.197 0.036 0.161 0.048 0.016 0.036 0.04 0.008 0.024 0.092
199 K 0.057 0.107 0.042 0.042 0.009 0.054 0.071 0.043 0.021 0.028 0.043 0.278 0.016 0.016 0.028 0.054 0.04 0.005 0.017 0.033
200 N 0.048 0.065 0.186 0.065 0.008 0.06 0.089 0.051 0.026 0.024 0.036 0.139 0.013 0.016 0.023 0.059 0.042 0.005 0.016 0.029
201 L 0.039 0.03 0.018 0.019 0.011 0.018 0.026 0.026 0.014 0.09 0.156 0.054 0.027 0.139 0.041 0.028 0.029 0.121 0.047 0.068
202 S 0.092 0.077 0.08 0.047 0.014 0.033 0.048 0.093 0.02 0.027 0.04 0.067 0.014 0.019 0.026 0.175 0.07 0.005 0.016 0.037
203 V 0.067 0.047 0.066 0.037 0.014 0.03 0.043 0.042 0.016 0.065 0.085 0.098 0.026 0.024 0.077 0.089 0.05 0.005 0.017 0.102
204 K 0.057 0.147 0.038 0.036 0.01 0.045 0.058 0.04 0.02 0.034 0.059 0.205 0.035 0.019 0.024 0.07 0.042 0.005 0.017 0.038
205 K 0.067 0.061 0.034 0.033 0.067 0.034 0.047 0.039 0.015 0.067 0.064 0.155 0.019 0.021 0.024 0.059 0.111 0.005 0.017 0.062
206 L 0.045 0.022 0.015 0.016 0.015 0.016 0.02 0.022 0.01 0.147 0.254 0.025 0.055 0.048 0.014 0.026 0.035 0.063 0.026 0.125
207 L 0.079 0.061 0.025 0.024 0.013 0.032 0.034 0.089 0.015 0.082 0.129 0.072 0.06 0.035 0.018 0.041 0.036 0.062 0.024 0.069
208 L 0.042 0.04 0.019 0.019 0.011 0.02 0.027 0.026 0.019 0.089 0.12 0.058 0.024 0.112 0.014 0.029 0.031 0.11 0.098 0.088
209 L 0.104 0.022 0.019 0.02 0.015 0.016 0.024 0.035 0.012 0.142 0.144 0.028 0.033 0.133 0.017 0.041 0.049 0.008 0.036 0.101
210 L 0.047 0.021 0.014 0.016 0.016 0.015 0.019 0.021 0.009 0.174 0.288 0.024 0.041 0.047 0.014 0.025 0.036 0.006 0.021 0.146
211 L 0.105 0.023 0.017 0.019 0.016 0.016 0.024 0.034 0.011 0.12 0.209 0.027 0.033 0.102 0.017 0.038 0.037 0.008 0.031 0.114
212 L 0.087 0.022 0.019 0.019 0.069 0.016 0.022 0.086 0.011 0.109 0.193 0.026 0.03 0.078 0.016 0.037 0.035 0.007 0.025 0.092
213 C 0.138 0.029 0.034 0.032 0.18 0.024 0.036 0.055 0.014 0.036 0.051 0.039 0.016 0.02 0.024 0.142 0.057 0.005 0.015 0.051
214 L 0.044 0.022 0.015 0.016 0.014 0.015 0.02 0.023 0.012 0.122 0.239 0.024 0.054 0.148 0.013 0.026 0.033 0.009 0.039 0.112
215 I 0.128 0.021 0.018 0.02 0.099 0.017 0.024 0.038 0.01 0.152 0.118 0.028 0.026 0.031 0.019 0.044 0.042 0.005 0.018 0.143
216 I 0.051 0.018 0.015 0.017 0.07 0.013 0.018 0.022 0.008 0.247 0.144 0.023 0.032 0.039 0.015 0.027 0.039 0.005 0.019 0.178
217 G 0.112 0.028 0.041 0.037 0.014 0.023 0.035 0.323 0.015 0.024 0.035 0.04 0.012 0.018 0.023 0.12 0.047 0.005 0.013 0.034
218 L 0.065 0.029 0.027 0.026 0.016 0.023 0.031 0.034 0.016 0.085 0.163 0.035 0.052 0.046 0.019 0.085 0.073 0.008 0.056 0.11
219 I 0.056 0.019 0.015 0.017 0.07 0.013 0.019 0.024 0.009 0.197 0.163 0.023 0.032 0.08 0.014 0.028 0.037 0.007 0.026 0.15
220 F 0.04 0.023 0.018 0.017 0.038 0.017 0.022 0.025 0.024 0.063 0.113 0.025 0.06 0.229 0.013 0.029 0.029 0.017 0.139 0.059
221 P 0.06 0.026 0.026 0.032 0.011 0.021 0.037 0.038 0.013 0.025 0.035 0.041 0.01 0.013 0.459 0.065 0.04 0.003 0.013 0.031
222 L 0.073 0.024 0.016 0.017 0.016 0.017 0.022 0.028 0.012 0.096 0.306 0.027 0.058 0.088 0.015 0.031 0.034 0.008 0.028 0.085
223 G 0.075 0.022 0.038 0.032 0.01 0.018 0.025 0.529 0.013 0.018 0.027 0.032 0.009 0.016 0.018 0.049 0.029 0.005 0.01 0.023
224 A 0.145 0.131 0.036 0.036 0.013 0.096 0.061 0.052 0.021 0.03 0.049 0.076 0.017 0.018 0.024 0.082 0.045 0.005 0.018 0.044
225 F 0.05 0.02 0.016 0.016 0.015 0.014 0.02 0.023 0.011 0.113 0.165 0.022 0.031 0.184 0.013 0.027 0.036 0.01 0.046 0.168
226 L 0.043 0.02 0.014 0.016 0.015 0.014 0.019 0.021 0.011 0.155 0.254 0.023 0.038 0.128 0.013 0.024 0.033 0.009 0.035 0.117
227 K 0.059 0.089 0.075 0.045 0.009 0.047 0.064 0.046 0.021 0.026 0.04 0.249 0.014 0.016 0.026 0.075 0.044 0.005 0.016 0.032
228 S 0.135 0.035 0.073 0.042 0.017 0.028 0.043 0.059 0.017 0.042 0.085 0.046 0.019 0.024 0.026 0.149 0.085 0.005 0.017 0.053
229 L 0.043 0.024 0.015 0.016 0.015 0.017 0.021 0.022 0.015 0.099 0.323 0.026 0.059 0.08 0.014 0.025 0.032 0.01 0.061 0.085
230 V 0.07 0.022 0.016 0.018 0.019 0.016 0.023 0.025 0.008 0.165 0.13 0.026 0.032 0.036 0.016 0.033 0.049 0.006 0.021 0.269
231 P 0.082 0.025 0.022 0.028 0.012 0.02 0.034 0.038 0.012 0.036 0.078 0.038 0.015 0.018 0.404 0.045 0.036 0.003 0.014 0.041
232 F 0.051 0.034 0.103 0.083 0.01 0.048 0.047 0.069 0.024 0.041 0.059 0.042 0.017 0.117 0.018 0.067 0.04 0.01 0.067 0.051
233 L 0.051 0.024 0.017 0.018 0.015 0.019 0.023 0.024 0.02 0.129 0.162 0.028 0.052 0.067 0.015 0.03 0.037 0.012 0.111 0.146
234 G 0.093 0.033 0.083 0.143 0.011 0.031 0.086 0.173 0.019 0.024 0.034 0.046 0.011 0.017 0.023 0.081 0.042 0.005 0.013 0.032
235 I 0.081 0.025 0.027 0.073 0.014 0.022 0.063 0.088 0.013 0.128 0.094 0.034 0.023 0.071 0.018 0.041 0.037 0.006 0.024 0.118
236 L 0.046 0.027 0.059 0.07 0.014 0.02 0.032 0.03 0.013 0.105 0.253 0.031 0.035 0.04 0.017 0.039 0.062 0.006 0.019 0.083
237 S 0.087 0.039 0.083 0.127 0.012 0.037 0.112 0.055 0.021 0.026 0.037 0.054 0.013 0.018 0.025 0.143 0.056 0.005 0.015 0.035
238 R 0.043 0.37 0.037 0.03 0.007 0.047 0.05 0.032 0.022 0.022 0.045 0.116 0.015 0.017 0.019 0.043 0.034 0.006 0.017 0.03
239 L 0.049 0.021 0.014 0.016 0.016 0.015 0.019 0.021 0.009 0.184 0.259 0.024 0.04 0.045 0.014 0.025 0.038 0.006 0.021 0.164
240 Q 0.09 0.05 0.078 0.089 0.011 0.125 0.073 0.078 0.023 0.027 0.041 0.065 0.016 0.016 0.024 0.09 0.047 0.005 0.017 0.036
241 Y 0.109 0.031 0.098 0.038 0.013 0.025 0.035 0.102 0.028 0.036 0.051 0.039 0.015 0.055 0.021 0.058 0.064 0.012 0.125 0.046
242 Y 0.039 0.027 0.021 0.018 0.009 0.021 0.027 0.024 0.045 0.042 0.066 0.03 0.018 0.126 0.015 0.03 0.027 0.027 0.344 0.045
243 A 0.155 0.029 0.03 0.031 0.018 0.023 0.036 0.053 0.014 0.121 0.087 0.039 0.023 0.028 0.024 0.117 0.055 0.005 0.018 0.093
244 A 0.297 0.031 0.025 0.029 0.021 0.025 0.04 0.078 0.015 0.043 0.059 0.044 0.017 0.021 0.029 0.084 0.049 0.005 0.017 0.068
245 Y 0.04 0.028 0.022 0.019 0.009 0.022 0.028 0.025 0.046 0.043 0.068 0.031 0.019 0.13 0.015 0.031 0.028 0.028 0.324 0.046
246 G 0.06 0.04 0.139 0.049 0.01 0.028 0.04 0.212 0.02 0.023 0.034 0.07 0.012 0.021 0.019 0.075 0.041 0.061 0.019 0.028
247 D 0.037 0.029 0.091 0.254 0.007 0.025 0.064 0.043 0.019 0.024 0.034 0.038 0.011 0.027 0.017 0.045 0.033 0.148 0.027 0.026
248 D 0.071 0.036 0.048 0.129 0.014 0.033 0.084 0.047 0.018 0.039 0.058 0.049 0.034 0.022 0.025 0.124 0.103 0.005 0.016 0.047
249 G 0.062 0.033 0.032 0.041 0.012 0.052 0.094 0.152 0.016 0.114 0.077 0.046 0.02 0.025 0.02 0.064 0.04 0.005 0.016 0.077
250 Y 0.042 0.025 0.022 0.02 0.009 0.018 0.025 0.087 0.035 0.043 0.071 0.028 0.018 0.171 0.014 0.031 0.027 0.022 0.246 0.044
251 G 0.12 0.033 0.136 0.047 0.014 0.026 0.038 0.165 0.019 0.041 0.047 0.043 0.014 0.02 0.022 0.083 0.047 0.005 0.015 0.066
252 Q 0.088 0.043 0.072 0.083 0.013 0.091 0.061 0.064 0.02 0.049 0.067 0.055 0.037 0.022 0.022 0.075 0.046 0.005 0.018 0.071
253 S 0.123 0.045 0.043 0.049 0.015 0.037 0.095 0.056 0.018 0.032 0.045 0.081 0.015 0.019 0.027 0.149 0.084 0.005 0.017 0.045
254 L 0.057 0.028 0.059 0.029 0.015 0.021 0.029 0.035 0.014 0.104 0.252 0.033 0.035 0.04 0.018 0.079 0.045 0.006 0.02 0.082
255 G 0.075 0.022 0.038 0.032 0.01 0.018 0.025 0.529 0.013 0.018 0.027 0.032 0.009 0.016 0.018 0.049 0.029 0.005 0.01 0.023
256 I 0.054 0.019 0.015 0.017 0.017 0.014 0.019 0.021 0.008 0.221 0.173 0.024 0.035 0.04 0.015 0.027 0.041 0.006 0.02 0.213
257 F 0.035 0.02 0.015 0.016 0.011 0.012 0.019 0.024 0.014 0.071 0.184 0.02 0.03 0.272 0.011 0.024 0.026 0.069 0.065 0.061
258 T 0.079 0.037 0.079 0.045 0.016 0.029 0.043 0.051 0.017 0.04 0.052 0.047 0.017 0.021 0.026 0.14 0.185 0.005 0.017 0.054
259 N 0.041 0.043 0.343 0.08 0.009 0.032 0.047 0.063 0.03 0.022 0.03 0.052 0.011 0.017 0.019 0.067 0.047 0.004 0.015 0.026
260 P 0.052 0.023 0.018 0.021 0.014 0.017 0.026 0.027 0.011 0.106 0.135 0.03 0.043 0.073 0.18 0.033 0.037 0.006 0.025 0.121
261 T 0.063 0.032 0.1 0.039 0.016 0.024 0.035 0.04 0.015 0.08 0.076 0.039 0.021 0.025 0.021 0.065 0.149 0.005 0.018 0.135
262 V 0.109 0.024 0.023 0.024 0.018 0.019 0.027 0.036 0.011 0.159 0.11 0.032 0.027 0.032 0.02 0.052 0.095 0.005 0.019 0.159
263 L 0.044 0.02 0.014 0.016 0.016 0.014 0.018 0.02 0.009 0.205 0.28 0.024 0.042 0.048 0.014 0.024 0.035 0.006 0.021 0.131
264 K 0.055 0.103 0.04 0.04 0.008 0.051 0.068 0.042 0.02 0.027 0.042 0.306 0.015 0.015 0.027 0.051 0.038 0.005 0.017 0.032
265 Q 0.063 0.051 0.039 0.05 0.064 0.129 0.126 0.094 0.022 0.026 0.042 0.067 0.016 0.016 0.022 0.073 0.041 0.005 0.017 0.035
266 L 0.043 0.023 0.014 0.015 0.016 0.015 0.019 0.02 0.01 0.132 0.373 0.024 0.046 0.051 0.014 0.023 0.033 0.007 0.021 0.101
267 L 0.064 0.022 0.016 0.017 0.016 0.016 0.021 0.025 0.011 0.163 0.198 0.026 0.052 0.083 0.015 0.03 0.038 0.007 0.028 0.153
268 I 0.046 0.019 0.015 0.017 0.015 0.013 0.019 0.022 0.01 0.199 0.17 0.022 0.033 0.124 0.014 0.025 0.036 0.008 0.035 0.159
269 I 0.073 0.021 0.02 0.021 0.07 0.016 0.023 0.057 0.01 0.158 0.113 0.026 0.027 0.074 0.016 0.049 0.042 0.006 0.025 0.154
270 L 0.118 0.025 0.025 0.025 0.016 0.019 0.029 0.096 0.013 0.104 0.121 0.033 0.025 0.072 0.02 0.069 0.056 0.007 0.025 0.103
271 V 0.087 0.022 0.018 0.02 0.017 0.017 0.023 0.084 0.01 0.143 0.174 0.027 0.031 0.036 0.017 0.036 0.04 0.006 0.019 0.174
272 C 0.063 0.022 0.022 0.021 0.232 0.017 0.023 0.087 0.011 0.06 0.145 0.027 0.042 0.029 0.017 0.06 0.039 0.005 0.016 0.062
273 L 0.042 0.024 0.015 0.015 0.014 0.017 0.021 0.021 0.018 0.096 0.325 0.026 0.041 0.069 0.014 0.025 0.031 0.011 0.093 0.082
274 L 0.081 0.044 0.03 0.029 0.012 0.028 0.039 0.039 0.057 0.074 0.108 0.093 0.023 0.097 0.02 0.064 0.039 0.009 0.051 0.062
275 Y 0.037 0.024 0.019 0.017 0.009 0.017 0.024 0.024 0.035 0.048 0.081 0.026 0.02 0.221 0.013 0.028 0.026 0.023 0.258 0.048
276 Y 0.043 0.106 0.031 0.025 0.009 0.029 0.037 0.031 0.091 0.032 0.053 0.052 0.016 0.072 0.016 0.046 0.031 0.072 0.174 0.036
277 D 0.052 0.084 0.062 0.232 0.009 0.035 0.098 0.044 0.019 0.026 0.036 0.058 0.012 0.017 0.023 0.076 0.066 0.004 0.014 0.032
278 R 0.084 0.148 0.034 0.036 0.012 0.037 0.074 0.039 0.019 0.047 0.058 0.089 0.018 0.024 0.022 0.058 0.091 0.006 0.029 0.073
279 L 0.043 0.023 0.014 0.015 0.016 0.016 0.02 0.021 0.01 0.131 0.361 0.025 0.054 0.051 0.014 0.024 0.033 0.007 0.021 0.101
280 K 0.065 0.06 0.042 0.078 0.065 0.051 0.118 0.044 0.019 0.027 0.041 0.138 0.014 0.017 0.025 0.095 0.046 0.005 0.016 0.035
281 K 0.052 0.119 0.061 0.052 0.008 0.092 0.119 0.04 0.024 0.025 0.041 0.168 0.015 0.015 0.024 0.052 0.038 0.005 0.017 0.031
282 K 0.057 0.093 0.066 0.034 0.067 0.031 0.04 0.037 0.016 0.068 0.07 0.097 0.024 0.023 0.021 0.054 0.092 0.005 0.017 0.088
283 V 0.067 0.029 0.026 0.027 0.016 0.044 0.035 0.033 0.013 0.162 0.11 0.037 0.027 0.032 0.019 0.08 0.051 0.005 0.019 0.168
284 P 0.059 0.04 0.028 0.032 0.01 0.027 0.041 0.038 0.018 0.027 0.04 0.084 0.012 0.026 0.323 0.065 0.039 0.006 0.05 0.033
285 Y 0.074 0.036 0.026 0.023 0.065 0.025 0.034 0.034 0.071 0.039 0.06 0.062 0.017 0.087 0.018 0.04 0.031 0.017 0.195 0.045
286 F 0.034 0.02 0.017 0.017 0.01 0.013 0.02 0.024 0.023 0.057 0.1 0.021 0.023 0.347 0.011 0.026 0.025 0.019 0.143 0.051
287 R 0.057 0.142 0.105 0.043 0.011 0.036 0.046 0.044 0.021 0.049 0.086 0.094 0.019 0.023 0.021 0.088 0.046 0.005 0.017 0.046
288 V 0.086 0.022 0.018 0.02 0.017 0.017 0.024 0.03 0.01 0.163 0.121 0.028 0.034 0.055 0.045 0.038 0.051 0.006 0.023 0.194
289 L 0.064 0.029 0.027 0.026 0.016 0.022 0.03 0.035 0.013 0.09 0.259 0.034 0.044 0.041 0.019 0.1 0.048 0.006 0.02 0.078
290 F 0.04 0.021 0.016 0.016 0.013 0.013 0.02 0.023 0.016 0.105 0.187 0.022 0.031 0.217 0.012 0.025 0.03 0.013 0.085 0.093
291 N 0.05 0.034 0.133 0.044 0.012 0.026 0.036 0.042 0.025 0.055 0.094 0.04 0.02 0.048 0.02 0.059 0.108 0.01 0.09 0.055
292 L 0.122 0.029 0.029 0.029 0.017 0.023 0.034 0.046 0.013 0.075 0.148 0.038 0.025 0.03 0.077 0.096 0.074 0.005 0.018 0.071
293 Y 0.039 0.027 0.021 0.018 0.009 0.021 0.027 0.024 0.045 0.042 0.066 0.03 0.018 0.126 0.015 0.03 0.027 0.027 0.344 0.045
294 V 0.064 0.022 0.019 0.02 0.017 0.017 0.024 0.027 0.009 0.17 0.154 0.027 0.032 0.037 0.017 0.053 0.047 0.006 0.02 0.218
295 L 0.053 0.021 0.015 0.016 0.015 0.014 0.02 0.024 0.012 0.108 0.226 0.023 0.035 0.167 0.013 0.027 0.034 0.01 0.042 0.126
296 S 0.099 0.035 0.049 0.044 0.015 0.029 0.045 0.167 0.017 0.026 0.037 0.048 0.014 0.019 0.026 0.205 0.068 0.005 0.015 0.037
297 L 0.058 0.023 0.018 0.018 0.017 0.017 0.023 0.024 0.009 0.148 0.204 0.027 0.035 0.039 0.016 0.035 0.067 0.006 0.02 0.197
298 C 0.059 0.017 0.015 0.016 0.341 0.013 0.017 0.028 0.008 0.092 0.118 0.021 0.023 0.027 0.015 0.035 0.037 0.005 0.015 0.099
299 W 0.029 0.022 0.015 0.015 0.007 0.015 0.022 0.029 0.015 0.029 0.051 0.022 0.015 0.058 0.007 0.022 0.022 0.512 0.066 0.029
300 L 0.043 0.024 0.015 0.015 0.015 0.017 0.021 0.021 0.014 0.102 0.351 0.026 0.052 0.06 0.014 0.025 0.032 0.009 0.057 0.087
301 L 0.049 0.024 0.017 0.018 0.016 0.02 0.022 0.023 0.012 0.178 0.198 0.028 0.106 0.045 0.015 0.029 0.038 0.007 0.021 0.135
302 L 0.052 0.021 0.015 0.016 0.071 0.015 0.019 0.022 0.009 0.151 0.247 0.024 0.037 0.042 0.015 0.027 0.038 0.006 0.02 0.156
303 W 0.03 0.021 0.015 0.015 0.008 0.013 0.021 0.028 0.015 0.04 0.071 0.021 0.018 0.176 0.008 0.023 0.023 0.347 0.072 0.037
304 N 0.041 0.043 0.343 0.08 0.009 0.032 0.047 0.063 0.03 0.022 0.03 0.052 0.011 0.017 0.019 0.067 0.047 0.004 0.015 0.026
305 D 0.039 0.029 0.066 0.421 0.007 0.029 0.088 0.045 0.018 0.022 0.027 0.043 0.009 0.014 0.022 0.05 0.034 0.004 0.011 0.023
306 F 0.032 0.018 0.016 0.016 0.01 0.01 0.018 0.024 0.016 0.061 0.11 0.018 0.024 0.41 0.01 0.024 0.024 0.016 0.085 0.053
307 A 0.157 0.031 0.033 0.038 0.016 0.028 0.069 0.108 0.015 0.045 0.053 0.045 0.016 0.02 0.079 0.102 0.05 0.005 0.016 0.073
308 I 0.045 0.017 0.014 0.017 0.016 0.013 0.017 0.02 0.008 0.299 0.161 0.023 0.035 0.042 0.014 0.024 0.038 0.006 0.02 0.17
309 V 0.053 0.02 0.016 0.017 0.016 0.015 0.02 0.023 0.01 0.193 0.144 0.025 0.05 0.08 0.015 0.028 0.041 0.007 0.027 0.2
310 G 0.213 0.028 0.032 0.032 0.017 0.023 0.035 0.225 0.014 0.032 0.045 0.04 0.014 0.019 0.025 0.09 0.045 0.005 0.015 0.049
311 A 0.203 0.03 0.034 0.034 0.017 0.024 0.038 0.199 0.015 0.032 0.045 0.042 0.014 0.019 0.026 0.11 0.049 0.005 0.015 0.049
312 R 0.043 0.37 0.037 0.03 0.007 0.047 0.05 0.032 0.022 0.022 0.045 0.116 0.015 0.017 0.019 0.043 0.034 0.006 0.017 0.03
313 I 0.046 0.023 0.016 0.018 0.015 0.018 0.021 0.023 0.012 0.194 0.167 0.027 0.095 0.085 0.014 0.028 0.037 0.008 0.028 0.125
314 A 0.27 0.032 0.031 0.033 0.02 0.026 0.041 0.073 0.015 0.039 0.053 0.045 0.016 0.021 0.029 0.119 0.055 0.005 0.017 0.06
315 T 0.063 0.035 0.089 0.041 0.015 0.027 0.038 0.071 0.016 0.05 0.069 0.043 0.036 0.024 0.024 0.077 0.197 0.006 0.017 0.061
316 F 0.037 0.019 0.016 0.017 0.011 0.012 0.019 0.024 0.018 0.104 0.114 0.021 0.026 0.297 0.012 0.025 0.028 0.015 0.1 0.085
317 L 0.038 0.021 0.016 0.016 0.012 0.014 0.02 0.023 0.017 0.081 0.234 0.022 0.034 0.22 0.012 0.025 0.028 0.013 0.086 0.07
318 S 0.092 0.035 0.043 0.04 0.017 0.028 0.044 0.054 0.017 0.047 0.12 0.046 0.022 0.027 0.025 0.2 0.068 0.005 0.018 0.052
319 I 0.061 0.021 0.019 0.02 0.071 0.016 0.022 0.027 0.009 0.194 0.125 0.026 0.029 0.035 0.016 0.053 0.046 0.005 0.019 0.185
320 G 0.071 0.027 0.035 0.031 0.015 0.021 0.03 0.2 0.012 0.064 0.065 0.036 0.018 0.023 0.021 0.063 0.143 0.005 0.015 0.104
