#Seq2Logo.py -f /work3/idamei/ssn-clusterings/clustering/2205110921/clusters/0073_87/sequences.afa -o /work3/idamei/ssn-clusterings/clustering/2205110921/clusters/0073_87/sequences.logo
#Position Specific Frequency Matrix
A R N D C Q E G H I L K M F P S T W Y V
0 M 0.046 0.028 0.018 0.018 0.014 0.025 0.025 0.025 0.014 0.088 0.172 0.032 0.267 0.042 0.014 0.032 0.035 0.007 0.021 0.081
1 L 0.043 0.025 0.019 0.02 0.012 0.028 0.037 0.024 0.024 0.096 0.212 0.028 0.046 0.118 0.014 0.047 0.032 0.01 0.084 0.08
2 A 0.287 0.031 0.026 0.03 0.022 0.026 0.041 0.079 0.015 0.043 0.06 0.045 0.018 0.022 0.03 0.085 0.05 0.005 0.018 0.069
3 S 0.11 0.04 0.054 0.049 0.018 0.033 0.053 0.067 0.019 0.03 0.042 0.054 0.016 0.021 0.03 0.217 0.082 0.005 0.018 0.042
4 A 0.287 0.031 0.026 0.03 0.022 0.026 0.041 0.079 0.015 0.043 0.06 0.045 0.018 0.022 0.03 0.085 0.05 0.005 0.018 0.069
5 Y 0.044 0.023 0.021 0.048 0.009 0.018 0.027 0.024 0.031 0.063 0.083 0.026 0.019 0.139 0.014 0.029 0.026 0.039 0.268 0.05
6 I 0.047 0.018 0.015 0.018 0.016 0.013 0.018 0.021 0.009 0.271 0.168 0.024 0.037 0.044 0.015 0.025 0.04 0.006 0.021 0.177
7 L 0.057 0.019 0.015 0.016 0.014 0.014 0.019 0.023 0.009 0.187 0.208 0.023 0.04 0.086 0.014 0.035 0.035 0.006 0.025 0.154
8 L 0.071 0.024 0.019 0.019 0.014 0.027 0.025 0.028 0.011 0.114 0.257 0.028 0.041 0.085 0.015 0.055 0.046 0.007 0.025 0.091
9 I 0.043 0.017 0.013 0.015 0.014 0.012 0.016 0.019 0.008 0.289 0.19 0.021 0.033 0.046 0.013 0.023 0.035 0.005 0.019 0.168
10 W 0.068 0.026 0.028 0.026 0.011 0.02 0.031 0.046 0.015 0.027 0.042 0.032 0.013 0.037 0.015 0.147 0.042 0.303 0.039 0.032
11 L 0.064 0.019 0.015 0.016 0.031 0.013 0.018 0.062 0.01 0.146 0.219 0.022 0.034 0.131 0.013 0.028 0.03 0.008 0.03 0.09
12 I 0.082 0.02 0.016 0.018 0.014 0.015 0.02 0.027 0.01 0.185 0.178 0.024 0.039 0.1 0.015 0.033 0.056 0.007 0.027 0.114
13 V 0.066 0.022 0.021 0.021 0.025 0.017 0.024 0.027 0.009 0.138 0.099 0.028 0.025 0.029 0.017 0.052 0.119 0.005 0.017 0.239
14 L 0.043 0.02 0.014 0.014 0.014 0.014 0.018 0.039 0.009 0.1 0.342 0.022 0.037 0.088 0.013 0.024 0.032 0.007 0.025 0.125
15 I 0.07 0.019 0.017 0.018 0.014 0.014 0.02 0.048 0.009 0.186 0.168 0.024 0.031 0.081 0.014 0.037 0.045 0.006 0.024 0.155
16 L 0.081 0.02 0.015 0.017 0.014 0.014 0.02 0.03 0.01 0.156 0.222 0.024 0.031 0.089 0.014 0.031 0.047 0.007 0.025 0.131
17 S 0.095 0.034 0.047 0.042 0.015 0.029 0.045 0.076 0.017 0.026 0.036 0.047 0.014 0.018 0.026 0.31 0.07 0.005 0.015 0.036
18 F 0.054 0.021 0.021 0.021 0.013 0.015 0.022 0.065 0.014 0.131 0.093 0.025 0.022 0.163 0.015 0.054 0.074 0.009 0.061 0.107
19 L 0.039 0.033 0.017 0.017 0.029 0.017 0.023 0.025 0.018 0.097 0.154 0.049 0.033 0.147 0.013 0.028 0.028 0.05 0.114 0.07
20 L 0.038 0.021 0.013 0.014 0.014 0.014 0.018 0.019 0.01 0.104 0.394 0.022 0.047 0.097 0.012 0.022 0.029 0.007 0.026 0.082
21 F 0.03 0.017 0.015 0.015 0.009 0.009 0.017 0.022 0.015 0.057 0.112 0.017 0.023 0.45 0.009 0.022 0.022 0.014 0.075 0.049
22 K 0.048 0.152 0.036 0.034 0.007 0.062 0.058 0.054 0.037 0.023 0.038 0.262 0.014 0.017 0.022 0.046 0.033 0.005 0.025 0.028
23 K 0.052 0.094 0.05 0.035 0.009 0.052 0.053 0.037 0.02 0.05 0.051 0.233 0.024 0.024 0.022 0.072 0.038 0.006 0.042 0.04
24 A 0.236 0.026 0.024 0.026 0.018 0.021 0.033 0.052 0.012 0.069 0.068 0.035 0.019 0.022 0.022 0.103 0.048 0.005 0.016 0.146
25 A 0.224 0.03 0.034 0.034 0.017 0.025 0.04 0.069 0.015 0.043 0.047 0.042 0.015 0.019 0.025 0.193 0.057 0.005 0.015 0.051
26 G 0.068 0.02 0.034 0.029 0.009 0.016 0.022 0.573 0.012 0.016 0.025 0.029 0.008 0.014 0.016 0.045 0.026 0.005 0.009 0.021
27 S 0.089 0.033 0.043 0.038 0.015 0.027 0.041 0.068 0.015 0.033 0.043 0.044 0.015 0.019 0.025 0.223 0.164 0.005 0.015 0.045
28 L 0.041 0.023 0.014 0.015 0.014 0.018 0.02 0.021 0.011 0.104 0.342 0.025 0.126 0.045 0.013 0.025 0.031 0.006 0.02 0.085
29 S 0.127 0.037 0.055 0.041 0.015 0.038 0.046 0.058 0.017 0.027 0.038 0.057 0.014 0.018 0.025 0.264 0.065 0.005 0.015 0.039
30 L 0.04 0.02 0.013 0.015 0.013 0.014 0.018 0.02 0.009 0.15 0.316 0.022 0.036 0.064 0.056 0.023 0.03 0.016 0.022 0.101
31 L 0.049 0.056 0.056 0.027 0.012 0.022 0.03 0.031 0.015 0.059 0.17 0.055 0.024 0.068 0.035 0.061 0.106 0.007 0.046 0.07
32 K 0.057 0.12 0.059 0.039 0.008 0.061 0.069 0.038 0.019 0.024 0.038 0.274 0.014 0.014 0.023 0.049 0.045 0.005 0.015 0.03
33 P 0.044 0.021 0.016 0.02 0.011 0.016 0.024 0.025 0.01 0.095 0.198 0.029 0.028 0.028 0.289 0.03 0.031 0.004 0.015 0.064
34 N 0.037 0.039 0.395 0.071 0.008 0.029 0.043 0.056 0.041 0.02 0.028 0.047 0.01 0.016 0.018 0.06 0.042 0.004 0.015 0.023
35 L 0.043 0.025 0.015 0.016 0.014 0.02 0.022 0.022 0.012 0.096 0.26 0.028 0.196 0.043 0.013 0.027 0.033 0.007 0.02 0.089
36 I 0.043 0.022 0.034 0.019 0.013 0.017 0.022 0.022 0.059 0.201 0.174 0.025 0.051 0.036 0.021 0.027 0.034 0.005 0.021 0.153
37 S 0.091 0.034 0.056 0.042 0.015 0.028 0.044 0.055 0.016 0.027 0.048 0.045 0.014 0.019 0.025 0.315 0.07 0.004 0.015 0.037
38 I 0.036 0.019 0.014 0.015 0.011 0.013 0.018 0.021 0.015 0.165 0.136 0.021 0.026 0.092 0.011 0.022 0.028 0.137 0.101 0.099
39 I 0.057 0.019 0.028 0.019 0.014 0.015 0.02 0.024 0.009 0.244 0.142 0.025 0.043 0.034 0.015 0.039 0.06 0.005 0.017 0.171
40 F 0.03 0.018 0.015 0.015 0.009 0.011 0.018 0.022 0.02 0.051 0.089 0.018 0.021 0.4 0.01 0.023 0.022 0.016 0.147 0.046
41 Y 0.035 0.023 0.019 0.016 0.008 0.018 0.023 0.038 0.037 0.036 0.056 0.026 0.015 0.104 0.013 0.027 0.024 0.07 0.375 0.038
42 Y 0.036 0.023 0.018 0.016 0.009 0.026 0.024 0.022 0.032 0.057 0.079 0.026 0.019 0.134 0.013 0.026 0.026 0.036 0.31 0.068
43 S 0.07 0.036 0.085 0.07 0.012 0.05 0.068 0.048 0.037 0.027 0.037 0.047 0.013 0.02 0.053 0.202 0.054 0.005 0.027 0.041
44 L 0.036 0.02 0.013 0.013 0.013 0.013 0.017 0.019 0.01 0.096 0.369 0.02 0.037 0.149 0.011 0.021 0.027 0.008 0.033 0.076
45 L 0.041 0.019 0.013 0.014 0.014 0.013 0.018 0.02 0.009 0.146 0.301 0.021 0.035 0.092 0.012 0.024 0.04 0.007 0.025 0.135
46 L 0.063 0.019 0.013 0.015 0.014 0.013 0.018 0.021 0.008 0.198 0.254 0.022 0.034 0.051 0.013 0.025 0.034 0.006 0.02 0.159
47 S 0.068 0.039 0.037 0.037 0.012 0.104 0.061 0.042 0.019 0.035 0.066 0.05 0.039 0.048 0.021 0.176 0.068 0.006 0.031 0.041
48 S 0.084 0.032 0.052 0.039 0.049 0.026 0.041 0.051 0.016 0.031 0.041 0.043 0.014 0.021 0.024 0.267 0.089 0.005 0.026 0.048
49 F 0.042 0.018 0.015 0.015 0.01 0.012 0.018 0.023 0.018 0.055 0.109 0.019 0.022 0.348 0.011 0.024 0.024 0.031 0.13 0.057
50 I 0.04 0.016 0.013 0.015 0.014 0.012 0.016 0.018 0.008 0.321 0.187 0.02 0.033 0.051 0.012 0.021 0.033 0.005 0.019 0.145
51 G 0.124 0.022 0.032 0.029 0.011 0.018 0.025 0.463 0.012 0.02 0.029 0.031 0.01 0.015 0.018 0.065 0.031 0.005 0.011 0.028
52 S 0.143 0.031 0.038 0.035 0.015 0.025 0.039 0.069 0.014 0.036 0.044 0.042 0.014 0.019 0.044 0.225 0.087 0.004 0.015 0.061
53 L 0.042 0.02 0.036 0.017 0.014 0.014 0.018 0.021 0.009 0.181 0.292 0.023 0.035 0.04 0.013 0.024 0.033 0.005 0.018 0.145
54 L 0.037 0.019 0.013 0.014 0.013 0.013 0.017 0.019 0.01 0.122 0.355 0.021 0.041 0.127 0.012 0.021 0.028 0.008 0.03 0.083
55 I 0.057 0.017 0.013 0.015 0.015 0.013 0.017 0.02 0.007 0.287 0.13 0.021 0.029 0.035 0.013 0.025 0.037 0.005 0.018 0.224
56 V 0.12 0.02 0.015 0.017 0.016 0.015 0.022 0.035 0.008 0.165 0.115 0.025 0.026 0.03 0.016 0.035 0.04 0.005 0.017 0.257
57 L 0.039 0.025 0.084 0.025 0.012 0.018 0.024 0.026 0.023 0.079 0.271 0.028 0.042 0.062 0.014 0.031 0.041 0.009 0.083 0.066
58 N 0.057 0.063 0.153 0.088 0.008 0.038 0.061 0.153 0.045 0.02 0.031 0.087 0.011 0.018 0.019 0.057 0.034 0.005 0.026 0.025
59 I 0.043 0.031 0.016 0.018 0.013 0.015 0.03 0.021 0.009 0.23 0.14 0.029 0.033 0.049 0.013 0.027 0.048 0.053 0.023 0.158
60 D 0.046 0.026 0.057 0.46 0.007 0.026 0.086 0.04 0.016 0.02 0.025 0.039 0.008 0.013 0.019 0.045 0.031 0.003 0.01 0.022
61 N 0.041 0.044 0.154 0.11 0.007 0.058 0.106 0.073 0.119 0.02 0.031 0.049 0.011 0.017 0.018 0.049 0.042 0.005 0.021 0.024
62 H 0.041 0.037 0.051 0.033 0.008 0.031 0.052 0.033 0.304 0.024 0.038 0.048 0.014 0.049 0.017 0.061 0.028 0.009 0.096 0.025
63 Y 0.035 0.025 0.019 0.017 0.008 0.027 0.026 0.022 0.039 0.037 0.059 0.028 0.016 0.119 0.013 0.027 0.024 0.023 0.396 0.04
64 N 0.043 0.045 0.314 0.083 0.009 0.034 0.05 0.065 0.032 0.023 0.032 0.054 0.011 0.018 0.02 0.07 0.05 0.005 0.016 0.027
65 D 0.041 0.03 0.069 0.395 0.008 0.03 0.092 0.047 0.019 0.022 0.028 0.045 0.009 0.015 0.022 0.052 0.036 0.004 0.011 0.024
66 L 0.048 0.036 0.02 0.019 0.014 0.021 0.024 0.041 0.012 0.128 0.193 0.031 0.152 0.037 0.015 0.055 0.045 0.006 0.019 0.084
67 I 0.052 0.017 0.014 0.016 0.014 0.013 0.017 0.02 0.008 0.294 0.192 0.022 0.032 0.038 0.013 0.025 0.045 0.005 0.018 0.146
68 N 0.063 0.064 0.159 0.123 0.009 0.038 0.067 0.061 0.026 0.025 0.046 0.067 0.012 0.016 0.02 0.085 0.067 0.004 0.014 0.031
69 K 0.044 0.186 0.043 0.031 0.008 0.047 0.049 0.032 0.02 0.033 0.087 0.207 0.024 0.019 0.02 0.043 0.051 0.005 0.016 0.036
70 Q 0.056 0.074 0.044 0.047 0.009 0.215 0.103 0.041 0.029 0.026 0.047 0.091 0.021 0.015 0.024 0.056 0.041 0.006 0.021 0.035
71 L 0.041 0.02 0.014 0.027 0.014 0.014 0.019 0.019 0.009 0.171 0.33 0.022 0.046 0.042 0.013 0.023 0.031 0.006 0.018 0.123
72 Y 0.067 0.043 0.043 0.065 0.011 0.033 0.048 0.058 0.057 0.061 0.07 0.051 0.024 0.049 0.018 0.069 0.074 0.008 0.081 0.068
73 G 0.06 0.19 0.038 0.032 0.009 0.033 0.038 0.276 0.018 0.021 0.037 0.076 0.012 0.016 0.019 0.047 0.032 0.005 0.014 0.027
74 D 0.049 0.028 0.081 0.149 0.008 0.023 0.054 0.067 0.086 0.029 0.045 0.035 0.013 0.111 0.032 0.049 0.039 0.008 0.064 0.03
75 P 0.057 0.042 0.03 0.037 0.01 0.084 0.059 0.038 0.018 0.026 0.04 0.058 0.014 0.014 0.335 0.048 0.038 0.004 0.016 0.033
76 E 0.045 0.037 0.052 0.191 0.007 0.071 0.191 0.035 0.02 0.022 0.033 0.053 0.011 0.03 0.052 0.058 0.033 0.005 0.027 0.027
77 E 0.056 0.05 0.061 0.115 0.009 0.056 0.169 0.046 0.02 0.027 0.046 0.062 0.013 0.021 0.021 0.107 0.045 0.005 0.036 0.035
78 S 0.075 0.027 0.031 0.027 0.013 0.021 0.031 0.037 0.019 0.076 0.072 0.033 0.033 0.081 0.018 0.136 0.072 0.01 0.106 0.082
79 R 0.039 0.42 0.033 0.027 0.007 0.042 0.046 0.029 0.02 0.02 0.04 0.119 0.013 0.015 0.017 0.039 0.03 0.005 0.015 0.027
80 L 0.054 0.036 0.031 0.025 0.012 0.04 0.055 0.026 0.021 0.131 0.151 0.052 0.026 0.08 0.015 0.039 0.033 0.013 0.05 0.111
81 I 0.041 0.028 0.031 0.022 0.011 0.025 0.036 0.023 0.03 0.181 0.121 0.059 0.027 0.056 0.015 0.03 0.045 0.01 0.11 0.098
82 G 0.104 0.021 0.032 0.028 0.011 0.017 0.024 0.491 0.012 0.023 0.031 0.03 0.01 0.015 0.017 0.048 0.037 0.005 0.01 0.036
83 F 0.029 0.018 0.014 0.014 0.008 0.012 0.018 0.023 0.017 0.042 0.073 0.019 0.018 0.272 0.009 0.021 0.021 0.221 0.113 0.038
84 L 0.065 0.021 0.016 0.016 0.012 0.015 0.021 0.034 0.015 0.089 0.207 0.024 0.042 0.107 0.013 0.029 0.038 0.073 0.083 0.082
85 A 0.171 0.024 0.022 0.023 0.031 0.019 0.028 0.042 0.012 0.078 0.124 0.031 0.021 0.056 0.019 0.086 0.05 0.038 0.033 0.092
86 V 0.05 0.017 0.013 0.015 0.015 0.013 0.018 0.019 0.007 0.249 0.136 0.021 0.03 0.034 0.013 0.025 0.038 0.005 0.018 0.263
87 C 0.056 0.028 0.023 0.023 0.191 0.062 0.032 0.047 0.013 0.057 0.103 0.034 0.078 0.025 0.017 0.075 0.047 0.005 0.015 0.068
88 Y 0.046 0.022 0.018 0.016 0.01 0.016 0.022 0.023 0.028 0.071 0.094 0.025 0.027 0.162 0.013 0.035 0.027 0.034 0.258 0.053
89 V 0.067 0.022 0.022 0.021 0.046 0.017 0.024 0.028 0.009 0.142 0.106 0.028 0.031 0.028 0.017 0.059 0.122 0.005 0.016 0.189
90 M 0.044 0.027 0.017 0.017 0.014 0.023 0.023 0.024 0.013 0.087 0.183 0.03 0.261 0.054 0.014 0.03 0.034 0.007 0.022 0.078
91 I 0.045 0.018 0.013 0.015 0.014 0.013 0.017 0.019 0.008 0.228 0.213 0.021 0.033 0.053 0.013 0.023 0.035 0.006 0.02 0.195
92 L 0.116 0.022 0.018 0.019 0.015 0.017 0.023 0.04 0.012 0.083 0.186 0.027 0.061 0.126 0.015 0.052 0.035 0.007 0.03 0.097
93 L 0.042 0.021 0.015 0.015 0.012 0.015 0.019 0.022 0.012 0.08 0.233 0.022 0.096 0.202 0.012 0.025 0.028 0.009 0.04 0.081
94 P 0.05 0.022 0.021 0.027 0.009 0.018 0.031 0.032 0.011 0.022 0.031 0.036 0.009 0.011 0.552 0.046 0.032 0.002 0.011 0.027
95 L 0.05 0.019 0.013 0.014 0.045 0.013 0.017 0.021 0.009 0.147 0.327 0.022 0.037 0.066 0.013 0.024 0.035 0.006 0.021 0.099
96 G 0.091 0.026 0.034 0.031 0.013 0.021 0.03 0.243 0.012 0.046 0.046 0.035 0.014 0.019 0.02 0.112 0.123 0.005 0.013 0.066
97 M 0.055 0.028 0.018 0.018 0.014 0.031 0.026 0.025 0.013 0.092 0.173 0.032 0.232 0.039 0.014 0.033 0.044 0.007 0.02 0.087
98 L 0.042 0.022 0.015 0.016 0.012 0.015 0.021 0.022 0.014 0.103 0.211 0.033 0.031 0.104 0.013 0.033 0.031 0.057 0.081 0.127
99 L 0.048 0.019 0.014 0.015 0.014 0.014 0.018 0.021 0.009 0.158 0.255 0.022 0.041 0.091 0.013 0.025 0.041 0.007 0.025 0.151
100 V 0.149 0.023 0.02 0.021 0.032 0.018 0.026 0.037 0.01 0.108 0.094 0.029 0.03 0.039 0.018 0.061 0.069 0.005 0.018 0.193
101 S 0.073 0.043 0.091 0.04 0.012 0.037 0.043 0.079 0.017 0.036 0.056 0.101 0.022 0.019 0.022 0.161 0.073 0.005 0.015 0.056
102 K 0.046 0.127 0.027 0.026 0.025 0.038 0.038 0.038 0.017 0.068 0.107 0.132 0.027 0.066 0.017 0.057 0.042 0.007 0.044 0.05
103 L 0.039 0.019 0.013 0.014 0.044 0.012 0.017 0.02 0.009 0.142 0.299 0.02 0.034 0.105 0.012 0.022 0.029 0.023 0.028 0.1
104 L 0.073 0.022 0.019 0.019 0.042 0.016 0.023 0.029 0.025 0.065 0.152 0.025 0.038 0.137 0.014 0.05 0.059 0.056 0.046 0.088
105 G 0.058 0.055 0.071 0.034 0.009 0.026 0.034 0.309 0.027 0.024 0.055 0.106 0.012 0.017 0.018 0.059 0.041 0.005 0.013 0.028
106 K 0.05 0.114 0.114 0.055 0.008 0.048 0.092 0.045 0.024 0.024 0.039 0.186 0.014 0.016 0.024 0.055 0.04 0.005 0.016 0.03
107 R 0.044 0.351 0.038 0.031 0.008 0.048 0.052 0.033 0.023 0.023 0.046 0.119 0.015 0.017 0.019 0.044 0.035 0.006 0.017 0.031
108 F 0.047 0.029 0.02 0.019 0.01 0.017 0.025 0.058 0.027 0.06 0.091 0.073 0.02 0.279 0.013 0.029 0.026 0.027 0.063 0.065
109 N 0.045 0.072 0.146 0.107 0.008 0.039 0.071 0.042 0.046 0.032 0.036 0.135 0.012 0.019 0.02 0.072 0.038 0.005 0.027 0.03
110 A 0.182 0.03 0.061 0.032 0.015 0.024 0.036 0.061 0.014 0.04 0.065 0.048 0.034 0.02 0.086 0.117 0.055 0.004 0.015 0.061
111 N 0.056 0.081 0.116 0.044 0.014 0.03 0.04 0.043 0.019 0.062 0.08 0.054 0.04 0.026 0.021 0.062 0.105 0.006 0.018 0.085
112 K 0.052 0.09 0.048 0.069 0.008 0.061 0.114 0.053 0.031 0.028 0.05 0.169 0.014 0.016 0.024 0.074 0.039 0.005 0.016 0.04
113 K 0.059 0.085 0.041 0.039 0.01 0.044 0.068 0.08 0.018 0.068 0.088 0.16 0.018 0.02 0.019 0.05 0.044 0.005 0.015 0.069
114 E 0.066 0.035 0.028 0.052 0.009 0.047 0.239 0.03 0.019 0.052 0.112 0.049 0.018 0.039 0.019 0.049 0.033 0.006 0.034 0.062
115 F 0.032 0.018 0.015 0.015 0.01 0.011 0.017 0.021 0.015 0.068 0.152 0.019 0.028 0.33 0.01 0.023 0.028 0.045 0.088 0.055
116 N 0.053 0.054 0.119 0.106 0.009 0.04 0.099 0.038 0.045 0.041 0.081 0.067 0.015 0.034 0.019 0.059 0.052 0.005 0.024 0.038
117 S 0.081 0.065 0.082 0.055 0.035 0.055 0.077 0.059 0.022 0.036 0.083 0.065 0.016 0.02 0.02 0.101 0.06 0.005 0.015 0.049
118 Y 0.034 0.023 0.018 0.016 0.008 0.018 0.023 0.021 0.038 0.039 0.062 0.026 0.016 0.143 0.013 0.026 0.024 0.023 0.388 0.041
119 L 0.063 0.045 0.017 0.017 0.045 0.017 0.022 0.025 0.01 0.106 0.253 0.029 0.035 0.037 0.014 0.036 0.059 0.053 0.021 0.096
120 K 0.07 0.098 0.083 0.046 0.009 0.081 0.11 0.04 0.03 0.024 0.037 0.15 0.013 0.015 0.021 0.067 0.055 0.005 0.016 0.031
121 K 0.085 0.115 0.035 0.035 0.01 0.051 0.063 0.041 0.017 0.035 0.041 0.221 0.014 0.015 0.023 0.101 0.041 0.005 0.015 0.036
122 P 0.049 0.054 0.028 0.048 0.008 0.03 0.088 0.049 0.014 0.022 0.032 0.111 0.01 0.012 0.32 0.049 0.033 0.003 0.012 0.027
123 I 0.048 0.018 0.013 0.015 0.015 0.013 0.018 0.019 0.008 0.23 0.182 0.022 0.031 0.036 0.029 0.024 0.036 0.005 0.018 0.222
124 E 0.055 0.065 0.055 0.079 0.01 0.068 0.111 0.034 0.018 0.06 0.064 0.09 0.017 0.022 0.02 0.067 0.055 0.005 0.027 0.08
125 L 0.061 0.04 0.055 0.046 0.012 0.025 0.064 0.034 0.039 0.065 0.104 0.04 0.018 0.032 0.101 0.077 0.083 0.005 0.029 0.069
126 L 0.052 0.028 0.037 0.047 0.043 0.024 0.081 0.046 0.014 0.085 0.126 0.044 0.028 0.047 0.049 0.071 0.063 0.006 0.029 0.08
127 F 0.075 0.026 0.031 0.023 0.012 0.019 0.04 0.063 0.015 0.085 0.14 0.047 0.03 0.144 0.015 0.036 0.045 0.009 0.065 0.078
128 S 0.068 0.052 0.063 0.079 0.012 0.031 0.056 0.081 0.029 0.046 0.042 0.089 0.014 0.018 0.022 0.157 0.081 0.005 0.015 0.041
129 K 0.071 0.056 0.079 0.063 0.01 0.033 0.093 0.062 0.02 0.03 0.052 0.111 0.013 0.029 0.07 0.08 0.043 0.006 0.039 0.041
130 K 0.048 0.082 0.142 0.047 0.009 0.046 0.051 0.044 0.041 0.026 0.039 0.149 0.014 0.029 0.021 0.066 0.049 0.007 0.061 0.031
131 G 0.067 0.048 0.042 0.04 0.01 0.116 0.064 0.275 0.021 0.023 0.038 0.063 0.015 0.015 0.021 0.054 0.036 0.006 0.016 0.03
132 H 0.05 0.077 0.048 0.04 0.008 0.046 0.062 0.041 0.187 0.025 0.041 0.161 0.015 0.023 0.023 0.048 0.033 0.006 0.037 0.028
133 D 0.047 0.053 0.064 0.259 0.008 0.037 0.092 0.085 0.017 0.021 0.029 0.088 0.01 0.014 0.02 0.072 0.044 0.004 0.012 0.025
134 S 0.073 0.086 0.104 0.042 0.011 0.031 0.044 0.045 0.025 0.04 0.061 0.118 0.015 0.021 0.021 0.137 0.051 0.005 0.027 0.042
135 R 0.045 0.343 0.039 0.031 0.008 0.049 0.052 0.033 0.023 0.023 0.047 0.121 0.016 0.017 0.019 0.045 0.035 0.006 0.017 0.031
136 V 0.07 0.022 0.017 0.018 0.019 0.017 0.023 0.025 0.008 0.165 0.131 0.026 0.032 0.036 0.017 0.033 0.05 0.006 0.021 0.267
137 Y 0.082 0.028 0.038 0.097 0.011 0.04 0.078 0.033 0.02 0.079 0.085 0.036 0.033 0.067 0.017 0.047 0.033 0.009 0.099 0.069
138 L 0.04 0.019 0.015 0.015 0.013 0.013 0.018 0.021 0.011 0.138 0.191 0.021 0.051 0.18 0.012 0.025 0.039 0.009 0.048 0.122
139 F 0.042 0.139 0.024 0.023 0.008 0.036 0.035 0.027 0.02 0.038 0.075 0.105 0.018 0.197 0.015 0.033 0.032 0.011 0.085 0.039
140 L 0.043 0.054 0.02 0.019 0.011 0.019 0.025 0.04 0.018 0.1 0.161 0.045 0.024 0.098 0.014 0.045 0.04 0.028 0.11 0.086
141 L 0.073 0.022 0.018 0.02 0.029 0.025 0.025 0.028 0.011 0.116 0.168 0.028 0.032 0.074 0.094 0.043 0.052 0.008 0.033 0.103
142 L 0.036 0.019 0.014 0.014 0.012 0.013 0.018 0.02 0.013 0.11 0.246 0.021 0.045 0.198 0.011 0.022 0.027 0.01 0.073 0.078
143 L 0.065 0.025 0.024 0.022 0.028 0.027 0.028 0.052 0.019 0.072 0.132 0.031 0.022 0.05 0.017 0.079 0.069 0.026 0.12 0.092
144 L 0.102 0.02 0.019 0.019 0.06 0.015 0.021 0.112 0.01 0.11 0.147 0.025 0.027 0.092 0.015 0.037 0.044 0.006 0.024 0.097
145 L 0.038 0.02 0.013 0.013 0.029 0.013 0.017 0.019 0.01 0.095 0.377 0.021 0.045 0.113 0.012 0.022 0.028 0.007 0.028 0.081
146 S 0.106 0.032 0.041 0.037 0.023 0.026 0.04 0.052 0.015 0.033 0.054 0.043 0.015 0.019 0.024 0.247 0.128 0.005 0.015 0.044
147 L 0.091 0.021 0.018 0.018 0.013 0.015 0.021 0.078 0.011 0.102 0.198 0.025 0.039 0.134 0.015 0.042 0.041 0.007 0.03 0.082
148 I 0.043 0.017 0.013 0.015 0.014 0.012 0.016 0.018 0.008 0.275 0.21 0.021 0.034 0.039 0.013 0.022 0.034 0.005 0.018 0.173
149 S 0.102 0.029 0.038 0.035 0.112 0.024 0.037 0.097 0.014 0.028 0.039 0.039 0.013 0.017 0.023 0.24 0.058 0.004 0.014 0.038
150 L 0.046 0.02 0.016 0.016 0.029 0.014 0.019 0.038 0.009 0.142 0.208 0.023 0.047 0.084 0.014 0.029 0.06 0.006 0.024 0.154
151 L 0.077 0.021 0.017 0.018 0.013 0.015 0.021 0.074 0.011 0.107 0.26 0.025 0.046 0.1 0.014 0.042 0.031 0.007 0.026 0.076
152 A 0.225 0.03 0.034 0.033 0.017 0.025 0.039 0.06 0.014 0.034 0.045 0.042 0.015 0.019 0.025 0.201 0.065 0.005 0.015 0.056
153 V 0.053 0.018 0.015 0.016 0.031 0.014 0.019 0.021 0.008 0.199 0.118 0.022 0.035 0.035 0.014 0.028 0.048 0.005 0.029 0.274
154 L 0.143 0.021 0.017 0.018 0.031 0.016 0.023 0.049 0.01 0.121 0.196 0.027 0.028 0.045 0.017 0.039 0.045 0.005 0.018 0.131
155 Y 0.035 0.024 0.019 0.016 0.008 0.019 0.024 0.021 0.04 0.037 0.059 0.027 0.016 0.114 0.013 0.027 0.024 0.024 0.415 0.04
156 T 0.062 0.029 0.034 0.03 0.015 0.023 0.032 0.035 0.012 0.064 0.079 0.037 0.032 0.023 0.022 0.084 0.282 0.005 0.016 0.086
157 F 0.035 0.019 0.014 0.015 0.011 0.012 0.018 0.02 0.014 0.112 0.189 0.02 0.047 0.244 0.011 0.023 0.027 0.011 0.073 0.085
158 L 0.059 0.024 0.017 0.017 0.012 0.017 0.022 0.025 0.023 0.102 0.2 0.035 0.041 0.103 0.013 0.04 0.03 0.049 0.102 0.069
159 K 0.064 0.047 0.037 0.03 0.034 0.038 0.042 0.036 0.055 0.054 0.07 0.135 0.035 0.03 0.02 0.091 0.057 0.007 0.059 0.059
160 L 0.051 0.021 0.018 0.019 0.014 0.016 0.021 0.024 0.009 0.183 0.232 0.026 0.039 0.036 0.015 0.042 0.094 0.005 0.018 0.117
161 G 0.055 0.04 0.051 0.126 0.008 0.035 0.065 0.209 0.032 0.021 0.031 0.078 0.01 0.027 0.068 0.062 0.034 0.004 0.015 0.026
162 T 0.074 0.054 0.048 0.051 0.011 0.049 0.094 0.037 0.035 0.036 0.051 0.096 0.022 0.047 0.036 0.069 0.099 0.006 0.031 0.053
163 I 0.041 0.018 0.036 0.018 0.013 0.013 0.018 0.021 0.012 0.28 0.135 0.022 0.028 0.055 0.013 0.025 0.034 0.007 0.053 0.156
164 P 0.049 0.022 0.02 0.027 0.009 0.018 0.031 0.047 0.011 0.022 0.031 0.035 0.009 0.011 0.551 0.038 0.031 0.002 0.011 0.026
165 L 0.04 0.019 0.014 0.015 0.013 0.021 0.019 0.019 0.009 0.207 0.253 0.022 0.037 0.09 0.012 0.023 0.031 0.006 0.025 0.124
166 L 0.04 0.023 0.015 0.016 0.013 0.023 0.021 0.021 0.012 0.109 0.26 0.033 0.043 0.132 0.012 0.024 0.03 0.008 0.053 0.113
167 E 0.084 0.08 0.04 0.067 0.009 0.042 0.191 0.069 0.019 0.024 0.039 0.114 0.02 0.016 0.022 0.078 0.037 0.005 0.014 0.032
168 L 0.083 0.022 0.015 0.016 0.014 0.016 0.021 0.026 0.011 0.103 0.279 0.025 0.061 0.066 0.014 0.038 0.033 0.007 0.033 0.115
169 L 0.041 0.018 0.013 0.014 0.012 0.012 0.017 0.02 0.01 0.158 0.247 0.02 0.032 0.179 0.012 0.022 0.029 0.008 0.037 0.1
170 K 0.056 0.106 0.045 0.033 0.011 0.049 0.045 0.037 0.016 0.048 0.091 0.137 0.018 0.033 0.021 0.107 0.081 0.005 0.017 0.045
171 G 0.066 0.022 0.045 0.03 0.01 0.017 0.024 0.483 0.013 0.023 0.04 0.03 0.01 0.016 0.032 0.06 0.029 0.005 0.01 0.034
172 S 0.124 0.035 0.117 0.047 0.013 0.026 0.043 0.09 0.02 0.033 0.054 0.051 0.014 0.031 0.021 0.137 0.074 0.005 0.016 0.049
173 S 0.078 0.031 0.056 0.141 0.012 0.027 0.059 0.084 0.016 0.03 0.042 0.042 0.013 0.019 0.023 0.174 0.097 0.004 0.014 0.039
174 A 0.164 0.032 0.035 0.051 0.015 0.028 0.068 0.096 0.016 0.035 0.05 0.045 0.015 0.045 0.058 0.11 0.064 0.006 0.02 0.048
175 A 0.179 0.027 0.021 0.024 0.02 0.021 0.032 0.052 0.012 0.104 0.095 0.035 0.025 0.029 0.023 0.059 0.05 0.005 0.019 0.168
176 L 0.086 0.034 0.059 0.038 0.013 0.028 0.078 0.04 0.024 0.066 0.117 0.055 0.023 0.044 0.02 0.1 0.073 0.006 0.026 0.067
177 D 0.065 0.034 0.133 0.179 0.009 0.032 0.122 0.043 0.02 0.026 0.045 0.055 0.012 0.025 0.02 0.077 0.038 0.005 0.025 0.034
178 L 0.051 0.021 0.014 0.015 0.014 0.014 0.019 0.022 0.01 0.102 0.36 0.023 0.044 0.08 0.029 0.032 0.031 0.007 0.023 0.091
179 A 0.257 0.037 0.027 0.044 0.015 0.022 0.034 0.144 0.013 0.044 0.062 0.038 0.022 0.019 0.022 0.087 0.041 0.005 0.014 0.052
180 E 0.062 0.058 0.031 0.04 0.01 0.089 0.12 0.08 0.017 0.062 0.066 0.109 0.019 0.019 0.02 0.067 0.037 0.005 0.015 0.075
181 L 0.05 0.022 0.016 0.016 0.013 0.025 0.021 0.053 0.012 0.089 0.323 0.025 0.058 0.083 0.013 0.026 0.029 0.008 0.046 0.073
182 R 0.038 0.44 0.033 0.026 0.007 0.041 0.045 0.028 0.02 0.02 0.04 0.103 0.013 0.015 0.017 0.038 0.03 0.005 0.015 0.026
183 I 0.054 0.023 0.018 0.023 0.013 0.051 0.047 0.039 0.011 0.277 0.115 0.031 0.027 0.032 0.015 0.03 0.044 0.005 0.017 0.13
184 E 0.061 0.035 0.062 0.147 0.009 0.039 0.202 0.041 0.018 0.038 0.043 0.05 0.023 0.017 0.021 0.082 0.05 0.004 0.014 0.044
185 A 0.272 0.026 0.023 0.025 0.017 0.021 0.032 0.054 0.012 0.06 0.085 0.035 0.019 0.022 0.022 0.091 0.045 0.005 0.016 0.121
186 S 0.099 0.038 0.04 0.05 0.013 0.036 0.043 0.142 0.015 0.026 0.036 0.081 0.013 0.017 0.023 0.195 0.079 0.005 0.014 0.035
187 R 0.047 0.312 0.034 0.029 0.008 0.038 0.053 0.046 0.068 0.026 0.046 0.092 0.022 0.024 0.017 0.047 0.031 0.005 0.02 0.038
188 G 0.051 0.033 0.14 0.061 0.008 0.046 0.103 0.261 0.044 0.018 0.028 0.044 0.01 0.015 0.018 0.049 0.032 0.005 0.014 0.023
189 F 0.029 0.016 0.014 0.015 0.009 0.009 0.016 0.022 0.015 0.065 0.098 0.017 0.022 0.451 0.009 0.022 0.022 0.014 0.084 0.05
190 G 0.095 0.044 0.037 0.05 0.011 0.067 0.066 0.164 0.021 0.026 0.037 0.084 0.013 0.016 0.022 0.11 0.084 0.005 0.014 0.035
191 G 0.067 0.02 0.033 0.029 0.009 0.016 0.022 0.581 0.012 0.016 0.024 0.029 0.008 0.014 0.016 0.044 0.025 0.005 0.009 0.021
192 A 0.187 0.025 0.02 0.024 0.019 0.02 0.03 0.052 0.012 0.148 0.106 0.035 0.026 0.031 0.023 0.058 0.045 0.006 0.019 0.115
193 N 0.045 0.034 0.308 0.074 0.009 0.026 0.04 0.066 0.026 0.062 0.041 0.044 0.012 0.018 0.017 0.077 0.042 0.004 0.014 0.039
194 V 0.052 0.026 0.043 0.029 0.013 0.038 0.069 0.026 0.012 0.126 0.092 0.033 0.03 0.053 0.024 0.037 0.065 0.005 0.023 0.205
195 Y 0.037 0.022 0.017 0.016 0.01 0.025 0.023 0.021 0.025 0.09 0.155 0.025 0.024 0.114 0.013 0.025 0.027 0.032 0.225 0.076
196 I 0.043 0.017 0.013 0.015 0.014 0.012 0.017 0.019 0.008 0.261 0.153 0.02 0.03 0.09 0.012 0.023 0.034 0.006 0.025 0.187
197 R 0.041 0.331 0.033 0.028 0.007 0.041 0.047 0.03 0.019 0.034 0.044 0.166 0.014 0.016 0.018 0.039 0.031 0.005 0.015 0.04
198 N 0.036 0.038 0.416 0.071 0.008 0.029 0.042 0.056 0.027 0.019 0.027 0.046 0.01 0.015 0.017 0.06 0.042 0.004 0.013 0.023
199 I 0.043 0.016 0.013 0.015 0.03 0.012 0.016 0.019 0.008 0.313 0.144 0.02 0.031 0.049 0.013 0.023 0.035 0.005 0.019 0.177
200 F 0.031 0.017 0.014 0.014 0.01 0.01 0.017 0.021 0.014 0.061 0.148 0.017 0.032 0.407 0.01 0.022 0.023 0.013 0.067 0.053
201 G 0.26 0.024 0.027 0.027 0.015 0.02 0.029 0.277 0.012 0.028 0.04 0.034 0.012 0.017 0.022 0.061 0.036 0.005 0.013 0.043
202 L 0.043 0.019 0.014 0.015 0.014 0.013 0.018 0.019 0.009 0.204 0.28 0.022 0.035 0.043 0.013 0.031 0.033 0.006 0.03 0.139
203 G 0.164 0.028 0.035 0.029 0.014 0.042 0.034 0.185 0.013 0.045 0.063 0.037 0.023 0.032 0.021 0.068 0.098 0.005 0.016 0.05
204 L 0.038 0.021 0.012 0.013 0.014 0.014 0.018 0.019 0.009 0.101 0.434 0.022 0.055 0.059 0.012 0.021 0.029 0.006 0.021 0.082
205 T 0.078 0.028 0.032 0.029 0.015 0.022 0.032 0.036 0.012 0.06 0.076 0.037 0.033 0.022 0.053 0.069 0.274 0.005 0.016 0.072
206 P 0.049 0.022 0.02 0.026 0.009 0.018 0.031 0.031 0.011 0.022 0.031 0.035 0.009 0.011 0.567 0.038 0.031 0.002 0.011 0.026
207 I 0.043 0.017 0.013 0.015 0.014 0.013 0.017 0.019 0.008 0.264 0.207 0.021 0.033 0.051 0.013 0.024 0.043 0.006 0.02 0.159
208 L 0.039 0.021 0.012 0.013 0.014 0.014 0.017 0.018 0.009 0.108 0.446 0.022 0.042 0.046 0.012 0.021 0.029 0.006 0.019 0.093
209 S 0.107 0.033 0.043 0.039 0.031 0.027 0.042 0.055 0.016 0.028 0.039 0.044 0.014 0.018 0.025 0.288 0.092 0.004 0.015 0.04
210 Y 0.036 0.022 0.016 0.015 0.011 0.016 0.021 0.021 0.023 0.084 0.182 0.024 0.055 0.134 0.012 0.025 0.027 0.015 0.198 0.064
211 I 0.046 0.016 0.014 0.016 0.014 0.012 0.017 0.019 0.008 0.313 0.133 0.021 0.03 0.036 0.013 0.025 0.045 0.005 0.018 0.199
212 A 0.284 0.026 0.023 0.025 0.016 0.02 0.032 0.056 0.013 0.038 0.055 0.035 0.016 0.073 0.022 0.08 0.067 0.038 0.024 0.054
213 Y 0.033 0.021 0.017 0.015 0.009 0.015 0.021 0.021 0.029 0.047 0.096 0.022 0.02 0.244 0.012 0.024 0.023 0.019 0.267 0.045
214 A 0.154 0.022 0.022 0.022 0.054 0.017 0.025 0.109 0.01 0.117 0.085 0.029 0.02 0.037 0.018 0.069 0.048 0.005 0.017 0.119
215 Y 0.034 0.024 0.019 0.016 0.008 0.018 0.024 0.021 0.039 0.038 0.06 0.026 0.016 0.122 0.013 0.027 0.024 0.024 0.407 0.04
216 Y 0.115 0.031 0.025 0.024 0.011 0.022 0.031 0.068 0.023 0.037 0.065 0.061 0.018 0.079 0.018 0.072 0.055 0.044 0.159 0.044
217 V 0.051 0.089 0.034 0.024 0.011 0.026 0.04 0.027 0.017 0.104 0.11 0.102 0.029 0.049 0.016 0.035 0.048 0.008 0.068 0.113
218 K 0.054 0.09 0.036 0.026 0.011 0.044 0.04 0.03 0.016 0.064 0.142 0.147 0.066 0.035 0.018 0.038 0.042 0.006 0.029 0.067
219 T 0.059 0.054 0.047 0.046 0.013 0.025 0.046 0.037 0.016 0.039 0.051 0.043 0.016 0.04 0.022 0.098 0.238 0.007 0.051 0.05
220 K 0.047 0.15 0.062 0.049 0.008 0.049 0.057 0.047 0.028 0.023 0.038 0.245 0.013 0.027 0.021 0.053 0.034 0.005 0.017 0.028
221 S 0.074 0.045 0.036 0.062 0.011 0.061 0.096 0.051 0.021 0.042 0.078 0.095 0.016 0.022 0.022 0.128 0.066 0.005 0.027 0.042
222 L 0.044 0.104 0.046 0.026 0.01 0.027 0.035 0.029 0.016 0.069 0.151 0.12 0.029 0.036 0.043 0.036 0.045 0.035 0.038 0.061
223 K 0.045 0.129 0.041 0.03 0.009 0.036 0.052 0.047 0.031 0.05 0.063 0.152 0.016 0.069 0.034 0.048 0.05 0.007 0.052 0.04
224 W 0.032 0.024 0.052 0.166 0.007 0.019 0.041 0.033 0.027 0.025 0.04 0.029 0.019 0.035 0.012 0.039 0.026 0.309 0.038 0.026
225 L 0.041 0.109 0.025 0.023 0.009 0.028 0.034 0.048 0.028 0.057 0.132 0.119 0.021 0.1 0.015 0.04 0.029 0.055 0.041 0.046
226 L 0.046 0.019 0.014 0.015 0.013 0.014 0.019 0.021 0.011 0.173 0.227 0.022 0.039 0.096 0.013 0.032 0.033 0.008 0.048 0.135
227 L 0.045 0.02 0.013 0.014 0.011 0.014 0.019 0.023 0.011 0.076 0.255 0.021 0.036 0.071 0.011 0.023 0.026 0.198 0.036 0.079
228 F 0.031 0.017 0.015 0.015 0.025 0.01 0.017 0.022 0.014 0.053 0.095 0.017 0.021 0.445 0.01 0.024 0.032 0.014 0.077 0.047
229 L 0.056 0.033 0.017 0.017 0.013 0.016 0.021 0.04 0.014 0.135 0.219 0.026 0.034 0.091 0.014 0.048 0.033 0.008 0.069 0.097
230 L 0.065 0.02 0.016 0.017 0.026 0.015 0.02 0.03 0.01 0.158 0.178 0.024 0.038 0.074 0.021 0.037 0.056 0.006 0.034 0.152
231 L 0.046 0.024 0.018 0.018 0.045 0.018 0.022 0.024 0.011 0.082 0.291 0.027 0.101 0.039 0.015 0.042 0.078 0.006 0.018 0.075
232 F 0.033 0.018 0.015 0.015 0.01 0.011 0.017 0.022 0.013 0.065 0.163 0.018 0.033 0.363 0.01 0.024 0.033 0.012 0.061 0.064
233 V 0.081 0.019 0.019 0.019 0.016 0.014 0.021 0.112 0.011 0.121 0.121 0.024 0.027 0.124 0.03 0.041 0.033 0.007 0.028 0.132
234 A 0.132 0.022 0.023 0.022 0.087 0.017 0.025 0.132 0.012 0.056 0.128 0.029 0.027 0.078 0.017 0.076 0.036 0.006 0.022 0.054
235 S 0.171 0.032 0.039 0.036 0.016 0.026 0.041 0.073 0.015 0.029 0.041 0.043 0.014 0.018 0.025 0.24 0.079 0.005 0.015 0.043
236 I 0.043 0.017 0.013 0.015 0.014 0.012 0.017 0.019 0.009 0.22 0.185 0.02 0.031 0.1 0.012 0.023 0.033 0.006 0.026 0.183
237 L 0.049 0.02 0.015 0.016 0.013 0.014 0.019 0.023 0.011 0.088 0.285 0.022 0.04 0.178 0.012 0.041 0.03 0.009 0.037 0.079
238 I 0.062 0.018 0.014 0.016 0.014 0.014 0.018 0.022 0.009 0.285 0.153 0.023 0.062 0.05 0.013 0.026 0.034 0.006 0.02 0.143
239 L 0.058 0.033 0.072 0.031 0.012 0.056 0.037 0.035 0.016 0.07 0.164 0.048 0.031 0.032 0.018 0.098 0.054 0.006 0.04 0.09
240 T 0.059 0.026 0.028 0.025 0.015 0.02 0.028 0.031 0.011 0.107 0.098 0.032 0.029 0.029 0.019 0.074 0.196 0.006 0.028 0.139
241 Y 0.034 0.023 0.018 0.016 0.008 0.018 0.023 0.021 0.038 0.039 0.062 0.026 0.016 0.143 0.013 0.026 0.024 0.023 0.388 0.041
242 D 0.038 0.03 0.175 0.323 0.007 0.027 0.064 0.045 0.019 0.02 0.026 0.041 0.009 0.014 0.019 0.059 0.045 0.003 0.011 0.023
243 L 0.037 0.021 0.013 0.014 0.013 0.014 0.018 0.019 0.011 0.097 0.375 0.022 0.052 0.099 0.012 0.022 0.028 0.008 0.048 0.078
244 A 0.219 0.038 0.031 0.039 0.014 0.089 0.099 0.053 0.017 0.029 0.043 0.051 0.015 0.017 0.024 0.113 0.045 0.005 0.015 0.044
245 K 0.049 0.092 0.035 0.035 0.007 0.046 0.061 0.037 0.018 0.024 0.037 0.383 0.013 0.013 0.024 0.046 0.034 0.004 0.015 0.028
246 S 0.203 0.03 0.036 0.035 0.016 0.025 0.039 0.105 0.015 0.029 0.04 0.042 0.014 0.018 0.025 0.212 0.056 0.005 0.014 0.043
247 P 0.048 0.034 0.02 0.026 0.009 0.018 0.031 0.031 0.011 0.022 0.031 0.037 0.009 0.011 0.551 0.038 0.031 0.002 0.011 0.026
248 I 0.043 0.018 0.014 0.015 0.014 0.013 0.017 0.02 0.009 0.231 0.177 0.021 0.045 0.087 0.013 0.025 0.043 0.006 0.025 0.164
249 F 0.09 0.019 0.015 0.016 0.013 0.013 0.02 0.027 0.011 0.111 0.182 0.022 0.027 0.19 0.013 0.03 0.031 0.008 0.038 0.124
250 F 0.034 0.031 0.016 0.016 0.01 0.013 0.019 0.023 0.014 0.066 0.115 0.022 0.059 0.338 0.011 0.025 0.034 0.028 0.059 0.067
251 Y 0.033 0.022 0.018 0.016 0.008 0.016 0.022 0.021 0.034 0.041 0.067 0.024 0.017 0.195 0.012 0.026 0.023 0.022 0.339 0.042
252 L 0.052 0.019 0.014 0.015 0.013 0.014 0.018 0.022 0.01 0.143 0.244 0.022 0.048 0.127 0.013 0.026 0.04 0.007 0.03 0.123
253 L 0.072 0.02 0.015 0.016 0.014 0.015 0.02 0.025 0.009 0.172 0.29 0.024 0.04 0.052 0.014 0.044 0.034 0.006 0.02 0.097
254 G 0.069 0.025 0.027 0.025 0.012 0.021 0.026 0.252 0.013 0.05 0.092 0.032 0.134 0.027 0.016 0.072 0.035 0.006 0.015 0.05
255 F 0.032 0.017 0.014 0.014 0.01 0.01 0.017 0.021 0.014 0.072 0.151 0.018 0.025 0.379 0.01 0.022 0.024 0.013 0.074 0.064
256 L 0.041 0.018 0.013 0.014 0.014 0.013 0.017 0.019 0.009 0.204 0.269 0.021 0.043 0.071 0.012 0.022 0.032 0.006 0.022 0.139
257 L 0.033 0.018 0.013 0.014 0.011 0.011 0.017 0.02 0.012 0.076 0.28 0.019 0.032 0.264 0.011 0.021 0.025 0.01 0.048 0.064
258 L 0.052 0.021 0.016 0.016 0.014 0.015 0.02 0.023 0.011 0.106 0.278 0.024 0.04 0.091 0.014 0.036 0.053 0.007 0.036 0.129
259 R 0.063 0.112 0.106 0.038 0.009 0.044 0.062 0.041 0.021 0.032 0.078 0.11 0.018 0.04 0.018 0.062 0.035 0.023 0.052 0.036
260 V 0.048 0.018 0.014 0.015 0.015 0.014 0.018 0.02 0.009 0.214 0.154 0.022 0.045 0.05 0.013 0.026 0.041 0.006 0.031 0.226
261 Y 0.042 0.022 0.017 0.016 0.01 0.017 0.022 0.023 0.026 0.07 0.157 0.025 0.023 0.105 0.013 0.038 0.027 0.064 0.228 0.055
262 I 0.055 0.019 0.015 0.018 0.014 0.015 0.029 0.022 0.009 0.24 0.176 0.024 0.046 0.037 0.014 0.031 0.041 0.022 0.019 0.156
263 G 0.057 0.05 0.089 0.057 0.009 0.037 0.049 0.31 0.016 0.021 0.03 0.103 0.01 0.014 0.018 0.055 0.032 0.004 0.012 0.029
264 G 0.064 0.062 0.035 0.055 0.009 0.031 0.039 0.237 0.02 0.055 0.055 0.139 0.014 0.017 0.019 0.045 0.041 0.005 0.013 0.043
265 L 0.046 0.022 0.019 0.019 0.014 0.015 0.021 0.051 0.01 0.138 0.246 0.025 0.035 0.082 0.015 0.034 0.081 0.007 0.025 0.097
266 K 0.058 0.127 0.068 0.038 0.009 0.037 0.067 0.101 0.018 0.025 0.038 0.178 0.013 0.015 0.021 0.073 0.061 0.005 0.014 0.036
267 L 0.041 0.019 0.013 0.014 0.014 0.013 0.017 0.019 0.009 0.182 0.275 0.021 0.042 0.083 0.012 0.022 0.032 0.006 0.024 0.142
268 N 0.058 0.049 0.192 0.058 0.011 0.035 0.045 0.05 0.02 0.025 0.035 0.087 0.012 0.016 0.021 0.138 0.095 0.004 0.014 0.033
269 K 0.064 0.059 0.022 0.022 0.01 0.025 0.033 0.03 0.016 0.086 0.082 0.13 0.018 0.062 0.036 0.034 0.03 0.114 0.062 0.066
270 K 0.052 0.144 0.032 0.03 0.009 0.046 0.048 0.055 0.017 0.036 0.06 0.215 0.02 0.056 0.02 0.05 0.043 0.008 0.02 0.039
271 R 0.055 0.137 0.027 0.025 0.01 0.029 0.037 0.045 0.027 0.059 0.105 0.124 0.027 0.027 0.017 0.039 0.059 0.038 0.031 0.082
272 L 0.042 0.019 0.013 0.014 0.014 0.013 0.017 0.019 0.009 0.187 0.266 0.021 0.043 0.079 0.012 0.023 0.032 0.006 0.023 0.147
273 L 0.083 0.022 0.025 0.021 0.014 0.016 0.024 0.031 0.011 0.115 0.172 0.027 0.026 0.121 0.016 0.075 0.051 0.007 0.03 0.113
274 L 0.065 0.026 0.018 0.019 0.021 0.017 0.024 0.044 0.012 0.133 0.168 0.056 0.026 0.084 0.015 0.04 0.043 0.007 0.052 0.13
275 L 0.04 0.02 0.017 0.016 0.013 0.015 0.02 0.037 0.018 0.12 0.191 0.023 0.031 0.12 0.013 0.034 0.038 0.027 0.126 0.082
276 G 0.095 0.02 0.025 0.024 0.012 0.016 0.023 0.268 0.011 0.076 0.078 0.027 0.017 0.073 0.016 0.057 0.034 0.006 0.02 0.1
277 L 0.089 0.022 0.023 0.022 0.037 0.017 0.024 0.131 0.011 0.115 0.145 0.028 0.025 0.053 0.017 0.071 0.058 0.006 0.019 0.089
278 L 0.11 0.021 0.019 0.02 0.016 0.016 0.022 0.102 0.01 0.124 0.172 0.027 0.033 0.056 0.016 0.043 0.053 0.006 0.02 0.115
279 G 0.106 0.022 0.026 0.024 0.013 0.017 0.025 0.226 0.011 0.085 0.117 0.029 0.02 0.024 0.017 0.067 0.054 0.005 0.014 0.097
280 L 0.087 0.021 0.017 0.018 0.014 0.015 0.022 0.032 0.01 0.127 0.184 0.025 0.035 0.109 0.015 0.054 0.041 0.007 0.027 0.141
281 V 0.097 0.023 0.024 0.023 0.03 0.018 0.026 0.074 0.011 0.127 0.105 0.029 0.023 0.052 0.018 0.101 0.052 0.005 0.019 0.143
282 L 0.05 0.021 0.017 0.017 0.013 0.015 0.02 0.101 0.012 0.104 0.288 0.024 0.031 0.057 0.013 0.035 0.03 0.007 0.053 0.092
283 L 0.04 0.019 0.012 0.014 0.014 0.013 0.017 0.018 0.008 0.205 0.324 0.021 0.037 0.042 0.012 0.021 0.031 0.006 0.018 0.126
284 V 0.05 0.018 0.014 0.016 0.015 0.013 0.018 0.036 0.008 0.214 0.167 0.022 0.03 0.035 0.014 0.027 0.046 0.005 0.017 0.235
285 L 0.091 0.02 0.018 0.019 0.045 0.015 0.021 0.087 0.009 0.124 0.164 0.025 0.026 0.056 0.015 0.041 0.049 0.006 0.019 0.151
286 L 0.082 0.024 0.017 0.018 0.013 0.019 0.023 0.028 0.014 0.082 0.178 0.028 0.15 0.115 0.014 0.041 0.033 0.008 0.04 0.071
287 Y 0.034 0.023 0.018 0.016 0.008 0.018 0.023 0.021 0.038 0.038 0.061 0.026 0.016 0.133 0.013 0.026 0.024 0.023 0.397 0.04
288 V 0.052 0.023 0.019 0.019 0.014 0.017 0.023 0.025 0.012 0.168 0.138 0.036 0.031 0.052 0.015 0.056 0.065 0.007 0.053 0.175
289 F 0.071 0.022 0.018 0.018 0.013 0.019 0.022 0.061 0.012 0.08 0.171 0.03 0.033 0.19 0.014 0.04 0.041 0.009 0.038 0.098
290 I 0.049 0.018 0.015 0.016 0.014 0.013 0.018 0.037 0.009 0.232 0.18 0.022 0.03 0.074 0.013 0.028 0.056 0.006 0.022 0.148
291 Q 0.056 0.056 0.031 0.031 0.01 0.147 0.054 0.091 0.019 0.041 0.084 0.054 0.062 0.069 0.018 0.057 0.046 0.006 0.024 0.044
292 G 0.059 0.038 0.079 0.073 0.009 0.025 0.033 0.397 0.014 0.02 0.039 0.05 0.01 0.015 0.017 0.053 0.03 0.004 0.011 0.024
293 V 0.08 0.027 0.032 0.024 0.014 0.029 0.039 0.046 0.013 0.098 0.09 0.046 0.029 0.033 0.033 0.05 0.049 0.006 0.052 0.212
294 T 0.073 0.061 0.082 0.054 0.011 0.044 0.053 0.072 0.018 0.036 0.05 0.095 0.022 0.031 0.021 0.066 0.136 0.005 0.017 0.052
295 G 0.057 0.035 0.101 0.128 0.01 0.033 0.101 0.139 0.02 0.038 0.044 0.048 0.013 0.019 0.021 0.057 0.061 0.005 0.014 0.056
296 D 0.085 0.028 0.085 0.158 0.013 0.024 0.051 0.046 0.017 0.11 0.08 0.039 0.02 0.026 0.021 0.051 0.041 0.005 0.016 0.083
297 D 0.064 0.032 0.117 0.166 0.009 0.029 0.068 0.16 0.017 0.022 0.03 0.051 0.01 0.015 0.02 0.09 0.057 0.004 0.012 0.028
298 V 0.062 0.02 0.016 0.018 0.018 0.015 0.021 0.023 0.008 0.202 0.141 0.025 0.033 0.038 0.016 0.03 0.046 0.006 0.02 0.244
299 L 0.054 0.022 0.018 0.02 0.013 0.017 0.033 0.025 0.011 0.138 0.228 0.027 0.03 0.071 0.048 0.062 0.036 0.006 0.034 0.106
300 S 0.11 0.04 0.054 0.049 0.018 0.033 0.053 0.066 0.019 0.03 0.042 0.054 0.016 0.021 0.03 0.218 0.082 0.005 0.018 0.042
301 D 0.09 0.032 0.055 0.113 0.011 0.028 0.086 0.093 0.028 0.032 0.069 0.052 0.014 0.032 0.021 0.099 0.084 0.005 0.016 0.039
302 E 0.055 0.05 0.041 0.091 0.007 0.065 0.293 0.035 0.026 0.022 0.037 0.076 0.013 0.017 0.026 0.055 0.037 0.006 0.017 0.031
303 L 0.064 0.047 0.044 0.073 0.011 0.069 0.075 0.067 0.041 0.057 0.092 0.054 0.022 0.041 0.019 0.083 0.054 0.013 0.02 0.054
304 L 0.045 0.024 0.014 0.015 0.016 0.016 0.02 0.021 0.01 0.116 0.373 0.025 0.05 0.055 0.014 0.024 0.034 0.007 0.022 0.097
305 F 0.034 0.019 0.014 0.014 0.011 0.012 0.017 0.02 0.014 0.088 0.226 0.019 0.036 0.265 0.011 0.022 0.025 0.012 0.077 0.065
306 L 0.04 0.021 0.028 0.018 0.012 0.014 0.02 0.039 0.011 0.076 0.299 0.023 0.039 0.156 0.013 0.043 0.039 0.008 0.033 0.066
307 S 0.082 0.035 0.11 0.064 0.012 0.044 0.045 0.099 0.031 0.025 0.046 0.045 0.013 0.018 0.022 0.202 0.054 0.004 0.015 0.033
308 Y 0.036 0.023 0.018 0.016 0.009 0.018 0.023 0.021 0.034 0.084 0.081 0.026 0.019 0.097 0.029 0.026 0.026 0.02 0.34 0.056
309 N 0.043 0.051 0.343 0.064 0.008 0.029 0.042 0.054 0.025 0.021 0.031 0.057 0.011 0.029 0.018 0.086 0.044 0.004 0.016 0.025
310 S 0.074 0.058 0.041 0.038 0.013 0.047 0.055 0.061 0.017 0.029 0.041 0.083 0.014 0.025 0.023 0.197 0.118 0.005 0.022 0.039
311 G 0.077 0.02 0.033 0.029 0.01 0.017 0.023 0.552 0.012 0.017 0.025 0.03 0.008 0.014 0.017 0.053 0.027 0.005 0.01 0.022
312 P 0.055 0.02 0.017 0.022 0.011 0.016 0.025 0.027 0.01 0.148 0.086 0.03 0.026 0.022 0.33 0.032 0.032 0.003 0.014 0.073
313 I 0.055 0.019 0.019 0.019 0.014 0.015 0.02 0.087 0.009 0.208 0.161 0.025 0.027 0.032 0.03 0.047 0.054 0.005 0.016 0.137
314 G 0.075 0.02 0.032 0.028 0.01 0.016 0.022 0.55 0.011 0.027 0.028 0.029 0.009 0.015 0.016 0.044 0.026 0.005 0.01 0.026
315 R 0.038 0.44 0.033 0.026 0.007 0.041 0.045 0.028 0.02 0.02 0.04 0.103 0.013 0.015 0.017 0.038 0.03 0.005 0.015 0.026
316 L 0.043 0.018 0.013 0.015 0.014 0.013 0.017 0.019 0.008 0.223 0.252 0.022 0.05 0.04 0.013 0.023 0.033 0.005 0.018 0.16
317 L 0.05 0.018 0.014 0.016 0.014 0.013 0.018 0.02 0.009 0.234 0.256 0.022 0.034 0.052 0.013 0.026 0.05 0.006 0.02 0.114
318 L 0.036 0.02 0.013 0.013 0.013 0.013 0.017 0.019 0.01 0.106 0.378 0.021 0.038 0.127 0.012 0.021 0.028 0.008 0.03 0.079
319 S 0.138 0.031 0.039 0.036 0.015 0.025 0.039 0.116 0.015 0.029 0.04 0.042 0.014 0.018 0.024 0.219 0.101 0.005 0.014 0.042
320 Q 0.049 0.062 0.038 0.04 0.008 0.32 0.087 0.036 0.025 0.023 0.04 0.077 0.017 0.013 0.02 0.056 0.036 0.005 0.018 0.03
