#Seq2Logo.py -f /work3/idamei/ssn-clusterings/clustering/2205171701/clusters/0014_133/sequences.afa -o /work3/idamei/ssn-clusterings/clustering/2205171701/clusters/0014_133/sequences.logo
#Position Specific Frequency Matrix
A R N D C Q E G H I L K M F P S T W Y V
0 M 0.05 0.031 0.019 0.019 0.015 0.027 0.027 0.027 0.015 0.097 0.189 0.035 0.193 0.046 0.015 0.035 0.039 0.008 0.023 0.089
1 I 0.048 0.072 0.059 0.03 0.012 0.025 0.033 0.032 0.015 0.158 0.105 0.077 0.025 0.073 0.017 0.047 0.039 0.007 0.026 0.099
2 L 0.052 0.032 0.02 0.02 0.016 0.028 0.028 0.028 0.016 0.1 0.197 0.036 0.162 0.048 0.016 0.036 0.04 0.008 0.024 0.092
3 K 0.057 0.107 0.041 0.041 0.009 0.053 0.071 0.043 0.021 0.028 0.043 0.279 0.015 0.015 0.028 0.053 0.04 0.005 0.017 0.033
4 L 0.043 0.035 0.07 0.03 0.011 0.023 0.031 0.031 0.022 0.112 0.128 0.064 0.025 0.101 0.016 0.035 0.035 0.012 0.098 0.079
5 Y 0.05 0.035 0.077 0.043 0.01 0.031 0.077 0.038 0.078 0.043 0.059 0.043 0.017 0.103 0.019 0.07 0.038 0.012 0.113 0.042
6 L 0.048 0.022 0.025 0.053 0.012 0.016 0.027 0.149 0.014 0.065 0.176 0.026 0.028 0.156 0.015 0.033 0.029 0.009 0.04 0.057
7 L 0.065 0.026 0.027 0.027 0.016 0.02 0.029 0.036 0.013 0.138 0.175 0.033 0.031 0.068 0.019 0.094 0.05 0.007 0.025 0.1
8 N 0.042 0.041 0.257 0.162 0.009 0.033 0.06 0.06 0.028 0.022 0.03 0.051 0.011 0.017 0.021 0.065 0.046 0.004 0.015 0.026
9 G 0.07 0.023 0.033 0.029 0.012 0.018 0.024 0.39 0.013 0.043 0.116 0.031 0.019 0.026 0.018 0.044 0.03 0.006 0.014 0.042
10 R 0.043 0.278 0.111 0.043 0.008 0.044 0.051 0.04 0.025 0.023 0.042 0.102 0.014 0.017 0.019 0.05 0.038 0.005 0.017 0.03
11 D 0.057 0.049 0.103 0.12 0.01 0.033 0.057 0.048 0.027 0.028 0.041 0.095 0.014 0.039 0.022 0.089 0.046 0.009 0.079 0.034
12 L 0.044 0.029 0.025 0.023 0.011 0.023 0.031 0.03 0.085 0.066 0.13 0.033 0.054 0.04 0.113 0.033 0.031 0.106 0.036 0.057
13 L 0.047 0.02 0.015 0.016 0.016 0.014 0.019 0.021 0.01 0.181 0.227 0.023 0.038 0.09 0.014 0.025 0.036 0.007 0.029 0.151
14 G 0.063 0.047 0.105 0.044 0.011 0.03 0.042 0.209 0.019 0.032 0.074 0.099 0.016 0.02 0.021 0.073 0.041 0.005 0.015 0.035
15 F 0.046 0.027 0.058 0.027 0.012 0.02 0.028 0.032 0.026 0.079 0.117 0.031 0.024 0.148 0.016 0.056 0.036 0.015 0.142 0.063
16 F 0.078 0.022 0.02 0.022 0.014 0.016 0.025 0.032 0.013 0.117 0.104 0.028 0.024 0.156 0.071 0.041 0.062 0.009 0.04 0.107
17 L 0.043 0.02 0.015 0.016 0.068 0.014 0.019 0.024 0.012 0.127 0.189 0.023 0.05 0.165 0.013 0.027 0.032 0.009 0.042 0.092
18 G 0.078 0.023 0.039 0.034 0.011 0.019 0.026 0.509 0.014 0.019 0.028 0.034 0.009 0.016 0.019 0.051 0.03 0.005 0.011 0.024
19 V 0.064 0.023 0.02 0.021 0.017 0.017 0.024 0.027 0.01 0.171 0.158 0.028 0.032 0.037 0.017 0.056 0.047 0.006 0.02 0.207
20 F 0.048 0.021 0.022 0.022 0.012 0.015 0.023 0.083 0.014 0.062 0.089 0.026 0.021 0.238 0.069 0.037 0.056 0.011 0.054 0.076
21 L 0.045 0.021 0.015 0.017 0.015 0.015 0.02 0.022 0.011 0.166 0.202 0.024 0.053 0.126 0.013 0.026 0.035 0.008 0.035 0.132
22 F 0.056 0.023 0.023 0.023 0.068 0.016 0.025 0.032 0.013 0.11 0.133 0.028 0.026 0.159 0.016 0.076 0.042 0.009 0.04 0.081
23 L 0.044 0.021 0.015 0.016 0.015 0.014 0.019 0.022 0.011 0.126 0.278 0.023 0.039 0.129 0.013 0.025 0.033 0.009 0.035 0.115
24 F 0.045 0.022 0.02 0.02 0.013 0.015 0.023 0.028 0.015 0.093 0.149 0.025 0.046 0.246 0.014 0.05 0.034 0.012 0.056 0.073
25 I 0.046 0.018 0.015 0.017 0.015 0.013 0.018 0.021 0.01 0.227 0.145 0.022 0.032 0.123 0.013 0.025 0.036 0.008 0.034 0.162
26 Y 0.045 0.031 0.032 0.026 0.011 0.025 0.034 0.031 0.109 0.042 0.064 0.035 0.018 0.113 0.018 0.045 0.082 0.017 0.178 0.046
27 L 0.049 0.02 0.014 0.016 0.016 0.014 0.019 0.021 0.009 0.205 0.233 0.024 0.038 0.044 0.014 0.026 0.038 0.006 0.02 0.172
28 F 0.039 0.021 0.016 0.016 0.012 0.013 0.02 0.023 0.017 0.081 0.171 0.022 0.03 0.258 0.012 0.026 0.029 0.014 0.093 0.088
29 N 0.038 0.035 0.234 0.059 0.009 0.025 0.038 0.05 0.026 0.035 0.057 0.041 0.015 0.148 0.016 0.053 0.04 0.008 0.039 0.035
30 L 0.046 0.022 0.014 0.015 0.016 0.015 0.019 0.021 0.009 0.158 0.316 0.024 0.043 0.048 0.014 0.024 0.035 0.006 0.021 0.132
31 K 0.055 0.103 0.04 0.04 0.008 0.051 0.068 0.042 0.02 0.027 0.042 0.306 0.015 0.015 0.027 0.051 0.038 0.005 0.017 0.032
32 I 0.052 0.022 0.018 0.019 0.016 0.017 0.022 0.025 0.011 0.17 0.166 0.027 0.05 0.081 0.016 0.034 0.064 0.007 0.027 0.156
33 N 0.08 0.033 0.165 0.048 0.013 0.025 0.037 0.049 0.02 0.062 0.067 0.04 0.018 0.066 0.019 0.059 0.07 0.006 0.024 0.098
34 F 0.034 0.02 0.016 0.016 0.011 0.012 0.019 0.024 0.018 0.065 0.138 0.02 0.026 0.347 0.011 0.025 0.025 0.016 0.1 0.057
35 P 0.044 0.021 0.019 0.022 0.011 0.015 0.025 0.029 0.014 0.071 0.082 0.028 0.019 0.193 0.234 0.032 0.031 0.009 0.046 0.056
36 P 0.06 0.026 0.026 0.032 0.011 0.021 0.037 0.038 0.013 0.025 0.035 0.041 0.01 0.013 0.459 0.065 0.04 0.003 0.013 0.031
37 Y 0.042 0.025 0.019 0.017 0.011 0.019 0.025 0.024 0.034 0.065 0.114 0.028 0.023 0.139 0.014 0.029 0.03 0.021 0.243 0.079
38 Y 0.05 0.031 0.096 0.038 0.01 0.024 0.036 0.039 0.031 0.032 0.048 0.039 0.014 0.065 0.128 0.065 0.039 0.014 0.161 0.037
39 L 0.054 0.026 0.022 0.021 0.016 0.02 0.025 0.028 0.012 0.114 0.272 0.031 0.056 0.044 0.017 0.057 0.066 0.006 0.02 0.092
40 L 0.045 0.02 0.014 0.016 0.015 0.014 0.019 0.021 0.01 0.194 0.231 0.023 0.038 0.086 0.014 0.025 0.036 0.007 0.028 0.145
41 L 0.074 0.024 0.016 0.017 0.015 0.017 0.023 0.028 0.015 0.095 0.262 0.026 0.036 0.095 0.015 0.032 0.034 0.01 0.064 0.103
42 P 0.046 0.021 0.018 0.022 0.012 0.016 0.025 0.028 0.012 0.103 0.12 0.029 0.023 0.112 0.235 0.032 0.033 0.007 0.031 0.073
43 L 0.054 0.027 0.026 0.024 0.014 0.02 0.028 0.031 0.02 0.089 0.152 0.032 0.027 0.097 0.018 0.065 0.09 0.012 0.099 0.075
44 G 0.152 0.026 0.027 0.027 0.017 0.021 0.031 0.157 0.013 0.084 0.106 0.035 0.022 0.027 0.022 0.075 0.044 0.005 0.017 0.094
45 L 0.049 0.021 0.021 0.021 0.012 0.015 0.022 0.136 0.012 0.094 0.171 0.026 0.027 0.128 0.069 0.032 0.031 0.008 0.034 0.071
46 F 0.077 0.022 0.02 0.021 0.014 0.016 0.024 0.033 0.014 0.115 0.148 0.027 0.028 0.192 0.016 0.056 0.037 0.01 0.047 0.084
47 G 0.079 0.024 0.039 0.034 0.011 0.02 0.027 0.477 0.014 0.019 0.029 0.035 0.01 0.016 0.019 0.072 0.034 0.005 0.011 0.025
48 F 0.045 0.021 0.02 0.019 0.012 0.014 0.02 0.135 0.013 0.068 0.188 0.023 0.029 0.203 0.013 0.03 0.028 0.011 0.047 0.06
49 L 0.043 0.021 0.015 0.016 0.028 0.014 0.019 0.022 0.011 0.12 0.245 0.022 0.036 0.158 0.013 0.025 0.032 0.009 0.04 0.111
50 L 0.04 0.02 0.015 0.016 0.013 0.013 0.019 0.022 0.015 0.149 0.187 0.022 0.033 0.177 0.013 0.025 0.031 0.012 0.078 0.1
51 F 0.034 0.018 0.016 0.016 0.011 0.011 0.018 0.024 0.015 0.09 0.117 0.019 0.026 0.361 0.011 0.025 0.026 0.015 0.078 0.068
52 L 0.04 0.022 0.016 0.016 0.013 0.014 0.02 0.023 0.017 0.097 0.224 0.023 0.034 0.193 0.013 0.025 0.03 0.013 0.085 0.083
53 L 0.046 0.049 0.024 0.025 0.012 0.052 0.042 0.029 0.016 0.073 0.228 0.101 0.033 0.083 0.018 0.035 0.034 0.007 0.028 0.065
54 N 0.047 0.051 0.144 0.14 0.063 0.037 0.088 0.047 0.022 0.025 0.036 0.105 0.012 0.016 0.022 0.055 0.04 0.004 0.014 0.03
55 L 0.056 0.023 0.019 0.02 0.016 0.017 0.024 0.027 0.011 0.13 0.219 0.027 0.035 0.087 0.016 0.054 0.042 0.007 0.028 0.141
56 L 0.052 0.026 0.061 0.028 0.014 0.019 0.027 0.032 0.018 0.131 0.138 0.031 0.027 0.093 0.016 0.059 0.042 0.01 0.068 0.108
57 K 0.055 0.08 0.105 0.046 0.01 0.04 0.055 0.044 0.02 0.043 0.051 0.184 0.016 0.019 0.024 0.057 0.068 0.005 0.017 0.064
58 N 0.057 0.042 0.133 0.09 0.011 0.026 0.044 0.103 0.021 0.032 0.05 0.043 0.014 0.105 0.019 0.094 0.045 0.007 0.03 0.035
59 G 0.058 0.05 0.152 0.052 0.009 0.032 0.044 0.232 0.021 0.022 0.032 0.107 0.011 0.016 0.021 0.057 0.038 0.005 0.014 0.027
60 F 0.04 0.018 0.016 0.017 0.013 0.012 0.018 0.023 0.013 0.168 0.141 0.021 0.031 0.217 0.013 0.025 0.032 0.011 0.054 0.115
61 L 0.044 0.024 0.014 0.015 0.016 0.016 0.02 0.021 0.01 0.115 0.378 0.025 0.049 0.054 0.014 0.024 0.033 0.007 0.022 0.096
62 L 0.045 0.065 0.017 0.017 0.014 0.019 0.023 0.023 0.012 0.123 0.254 0.035 0.037 0.089 0.014 0.027 0.034 0.008 0.029 0.115
63 K 0.057 0.107 0.041 0.041 0.009 0.053 0.071 0.043 0.021 0.028 0.043 0.28 0.015 0.015 0.028 0.053 0.04 0.005 0.017 0.033
64 P 0.048 0.057 0.098 0.081 0.011 0.025 0.048 0.037 0.017 0.078 0.098 0.045 0.02 0.024 0.128 0.044 0.039 0.005 0.016 0.08
65 K 0.048 0.134 0.138 0.05 0.008 0.041 0.054 0.046 0.023 0.024 0.038 0.149 0.013 0.016 0.076 0.054 0.04 0.005 0.016 0.029
66 K 0.053 0.095 0.043 0.082 0.008 0.049 0.07 0.042 0.02 0.026 0.04 0.277 0.014 0.015 0.026 0.051 0.038 0.005 0.016 0.031
67 F 0.038 0.025 0.022 0.019 0.01 0.018 0.026 0.025 0.069 0.075 0.088 0.027 0.022 0.201 0.014 0.029 0.027 0.019 0.19 0.059
68 L 0.047 0.024 0.02 0.02 0.013 0.017 0.024 0.027 0.02 0.096 0.195 0.027 0.031 0.144 0.015 0.05 0.035 0.013 0.107 0.076
69 L 0.049 0.022 0.016 0.017 0.015 0.014 0.021 0.024 0.012 0.114 0.207 0.023 0.035 0.16 0.014 0.027 0.036 0.01 0.044 0.141
70 N 0.058 0.032 0.1 0.04 0.012 0.024 0.036 0.043 0.025 0.066 0.067 0.039 0.018 0.089 0.02 0.092 0.072 0.011 0.097 0.057
71 F 0.046 0.03 0.059 0.029 0.01 0.043 0.034 0.086 0.024 0.054 0.077 0.035 0.02 0.174 0.015 0.037 0.032 0.014 0.112 0.07
72 L 0.047 0.022 0.019 0.019 0.014 0.015 0.022 0.026 0.013 0.127 0.21 0.025 0.034 0.166 0.014 0.049 0.036 0.01 0.042 0.091
73 F 0.044 0.019 0.015 0.016 0.014 0.012 0.019 0.023 0.012 0.14 0.149 0.021 0.03 0.215 0.013 0.026 0.033 0.011 0.051 0.136
74 L 0.045 0.021 0.017 0.017 0.014 0.014 0.019 0.078 0.011 0.131 0.241 0.024 0.035 0.126 0.013 0.027 0.031 0.008 0.034 0.093
75 I 0.047 0.018 0.014 0.017 0.016 0.013 0.018 0.02 0.009 0.262 0.184 0.023 0.036 0.043 0.014 0.025 0.039 0.006 0.02 0.175
76 S 0.11 0.04 0.054 0.049 0.018 0.033 0.052 0.066 0.019 0.03 0.042 0.054 0.016 0.021 0.03 0.22 0.082 0.005 0.018 0.042
77 L 0.048 0.023 0.019 0.019 0.015 0.016 0.022 0.026 0.012 0.132 0.242 0.026 0.036 0.126 0.015 0.049 0.037 0.008 0.035 0.095
78 L 0.077 0.021 0.018 0.019 0.015 0.015 0.021 0.083 0.011 0.166 0.189 0.026 0.032 0.081 0.016 0.033 0.035 0.007 0.026 0.11
79 L 0.057 0.032 0.027 0.026 0.014 0.045 0.036 0.034 0.016 0.07 0.193 0.037 0.048 0.12 0.017 0.079 0.042 0.008 0.035 0.065
80 L 0.053 0.023 0.021 0.021 0.015 0.017 0.023 0.069 0.012 0.129 0.234 0.028 0.035 0.083 0.016 0.053 0.044 0.007 0.027 0.093
81 L 0.065 0.023 0.017 0.018 0.014 0.017 0.022 0.028 0.013 0.108 0.194 0.026 0.068 0.166 0.014 0.031 0.033 0.01 0.043 0.091
82 F 0.04 0.019 0.015 0.016 0.012 0.013 0.019 0.024 0.012 0.144 0.116 0.021 0.027 0.168 0.011 0.025 0.031 0.122 0.052 0.114
83 L 0.067 0.026 0.025 0.024 0.068 0.019 0.027 0.089 0.016 0.058 0.166 0.031 0.026 0.046 0.017 0.074 0.04 0.064 0.059 0.057
84 L 0.115 0.025 0.024 0.025 0.016 0.019 0.028 0.096 0.013 0.089 0.174 0.032 0.028 0.076 0.019 0.071 0.042 0.007 0.025 0.076
85 I 0.048 0.019 0.015 0.017 0.015 0.013 0.019 0.021 0.01 0.218 0.174 0.023 0.034 0.093 0.014 0.025 0.037 0.007 0.029 0.17
86 S 0.106 0.039 0.052 0.047 0.017 0.032 0.05 0.064 0.018 0.029 0.04 0.052 0.015 0.02 0.029 0.25 0.079 0.005 0.017 0.04
87 F 0.045 0.025 0.021 0.02 0.012 0.018 0.025 0.029 0.023 0.062 0.132 0.027 0.043 0.216 0.014 0.052 0.034 0.016 0.128 0.058
88 L 0.046 0.022 0.015 0.016 0.016 0.016 0.02 0.021 0.01 0.16 0.294 0.025 0.059 0.048 0.014 0.025 0.036 0.007 0.021 0.128
89 I 0.048 0.021 0.016 0.017 0.015 0.016 0.021 0.023 0.015 0.167 0.157 0.025 0.049 0.094 0.014 0.028 0.037 0.01 0.073 0.152
90 N 0.041 0.043 0.343 0.08 0.009 0.032 0.047 0.063 0.03 0.022 0.03 0.052 0.011 0.017 0.019 0.067 0.047 0.004 0.015 0.026
91 Q 0.061 0.051 0.037 0.038 0.011 0.146 0.068 0.093 0.022 0.059 0.071 0.065 0.039 0.021 0.021 0.07 0.043 0.006 0.019 0.058
92 V 0.054 0.036 0.065 0.081 0.012 0.028 0.07 0.089 0.015 0.114 0.082 0.067 0.021 0.026 0.019 0.042 0.039 0.005 0.016 0.119
93 G 0.08 0.028 0.036 0.032 0.014 0.023 0.033 0.206 0.017 0.055 0.058 0.037 0.017 0.033 0.021 0.11 0.049 0.008 0.052 0.092
94 D 0.047 0.03 0.065 0.379 0.008 0.029 0.084 0.047 0.018 0.022 0.028 0.044 0.01 0.015 0.022 0.072 0.039 0.004 0.011 0.025
95 F 0.035 0.021 0.017 0.016 0.011 0.013 0.02 0.024 0.022 0.062 0.132 0.022 0.026 0.307 0.012 0.026 0.026 0.018 0.136 0.056
96 F 0.036 0.023 0.024 0.062 0.009 0.017 0.03 0.026 0.029 0.048 0.081 0.026 0.02 0.24 0.014 0.03 0.027 0.02 0.192 0.046
97 F 0.035 0.022 0.018 0.017 0.01 0.015 0.022 0.024 0.028 0.053 0.091 0.023 0.022 0.292 0.012 0.027 0.025 0.021 0.193 0.05
98 L 0.048 0.02 0.015 0.016 0.015 0.014 0.02 0.023 0.011 0.131 0.185 0.022 0.033 0.165 0.013 0.027 0.035 0.009 0.042 0.156
99 K 0.052 0.123 0.037 0.036 0.009 0.047 0.06 0.038 0.019 0.056 0.055 0.253 0.017 0.018 0.024 0.047 0.038 0.005 0.017 0.047
100 E 0.053 0.05 0.039 0.082 0.007 0.082 0.299 0.034 0.025 0.022 0.036 0.074 0.013 0.016 0.025 0.053 0.036 0.005 0.016 0.031
101 I 0.05 0.021 0.051 0.024 0.015 0.016 0.022 0.025 0.011 0.237 0.139 0.026 0.032 0.038 0.015 0.031 0.041 0.005 0.019 0.182
102 I 0.045 0.019 0.015 0.017 0.068 0.014 0.018 0.022 0.013 0.195 0.161 0.023 0.031 0.091 0.014 0.026 0.034 0.009 0.062 0.122
103 L 0.051 0.022 0.014 0.016 0.017 0.015 0.02 0.021 0.009 0.153 0.275 0.024 0.04 0.045 0.014 0.026 0.038 0.006 0.021 0.171
104 Y 0.043 0.025 0.02 0.019 0.012 0.018 0.024 0.025 0.026 0.089 0.155 0.028 0.027 0.12 0.015 0.034 0.057 0.017 0.171 0.073
105 S 0.116 0.039 0.08 0.053 0.015 0.035 0.079 0.062 0.02 0.028 0.041 0.053 0.015 0.019 0.027 0.189 0.067 0.005 0.017 0.04
106 L 0.045 0.02 0.014 0.016 0.015 0.014 0.019 0.021 0.01 0.194 0.231 0.023 0.038 0.086 0.014 0.025 0.036 0.007 0.028 0.145
107 F 0.048 0.021 0.018 0.019 0.015 0.014 0.021 0.025 0.012 0.14 0.152 0.024 0.03 0.162 0.015 0.033 0.061 0.009 0.042 0.139
108 F 0.067 0.03 0.033 0.03 0.013 0.023 0.035 0.041 0.023 0.046 0.093 0.036 0.021 0.144 0.02 0.126 0.05 0.013 0.107 0.049
109 F 0.039 0.021 0.017 0.017 0.011 0.014 0.021 0.024 0.021 0.073 0.134 0.022 0.026 0.266 0.012 0.026 0.028 0.016 0.128 0.083
110 F 0.032 0.018 0.016 0.016 0.01 0.01 0.018 0.024 0.016 0.061 0.11 0.018 0.024 0.41 0.01 0.024 0.024 0.016 0.085 0.053
111 S 0.122 0.036 0.046 0.042 0.016 0.03 0.047 0.061 0.021 0.031 0.045 0.049 0.016 0.032 0.027 0.207 0.07 0.007 0.053 0.044
112 A 0.264 0.029 0.026 0.029 0.02 0.024 0.038 0.068 0.014 0.069 0.067 0.042 0.019 0.023 0.027 0.094 0.05 0.005 0.017 0.075
113 L 0.039 0.022 0.016 0.016 0.012 0.015 0.02 0.022 0.02 0.1 0.202 0.023 0.032 0.187 0.013 0.025 0.029 0.014 0.114 0.077
114 F 0.073 0.022 0.021 0.021 0.013 0.015 0.024 0.034 0.016 0.061 0.128 0.025 0.025 0.284 0.015 0.056 0.034 0.013 0.063 0.057
115 I 0.05 0.019 0.014 0.017 0.016 0.014 0.018 0.021 0.008 0.247 0.18 0.023 0.036 0.042 0.014 0.026 0.04 0.006 0.02 0.19
116 K 0.057 0.061 0.066 0.036 0.012 0.034 0.047 0.038 0.016 0.088 0.075 0.155 0.021 0.023 0.022 0.05 0.068 0.005 0.018 0.109
117 Y 0.053 0.081 0.065 0.033 0.011 0.03 0.041 0.037 0.026 0.048 0.063 0.096 0.018 0.09 0.019 0.064 0.04 0.012 0.106 0.067
118 L 0.075 0.022 0.016 0.018 0.015 0.016 0.022 0.028 0.014 0.158 0.182 0.026 0.032 0.092 0.015 0.032 0.036 0.009 0.063 0.128
119 F 0.044 0.022 0.019 0.019 0.013 0.015 0.022 0.025 0.017 0.101 0.139 0.024 0.028 0.213 0.014 0.033 0.058 0.013 0.085 0.098
120 K 0.047 0.082 0.032 0.076 0.064 0.033 0.075 0.033 0.02 0.042 0.092 0.104 0.019 0.076 0.019 0.041 0.033 0.009 0.06 0.043
121 K 0.057 0.107 0.041 0.041 0.009 0.053 0.071 0.043 0.021 0.028 0.043 0.28 0.015 0.015 0.028 0.053 0.04 0.005 0.017 0.033
122 K 0.052 0.046 0.069 0.035 0.011 0.028 0.039 0.098 0.021 0.062 0.075 0.101 0.019 0.083 0.02 0.048 0.064 0.009 0.066 0.054
123 I 0.047 0.018 0.015 0.018 0.016 0.013 0.018 0.021 0.009 0.271 0.168 0.024 0.037 0.044 0.015 0.025 0.04 0.006 0.021 0.177
124 K 0.05 0.049 0.027 0.027 0.012 0.027 0.038 0.032 0.015 0.105 0.115 0.119 0.025 0.113 0.019 0.047 0.062 0.008 0.033 0.076
125 G 0.052 0.042 0.158 0.136 0.009 0.03 0.053 0.187 0.022 0.021 0.03 0.076 0.01 0.016 0.021 0.057 0.038 0.005 0.013 0.025
126 I 0.055 0.032 0.031 0.077 0.012 0.049 0.074 0.034 0.016 0.104 0.082 0.043 0.021 0.067 0.074 0.061 0.041 0.006 0.025 0.094
127 N 0.043 0.088 0.174 0.116 0.008 0.039 0.093 0.048 0.076 0.022 0.034 0.062 0.012 0.018 0.02 0.056 0.039 0.005 0.021 0.026
128 Y 0.039 0.028 0.072 0.084 0.009 0.022 0.038 0.033 0.035 0.039 0.062 0.033 0.017 0.135 0.016 0.038 0.031 0.019 0.211 0.04
129 D 0.045 0.081 0.129 0.154 0.01 0.03 0.054 0.044 0.02 0.039 0.088 0.054 0.017 0.022 0.02 0.056 0.072 0.005 0.015 0.042
130 F 0.039 0.022 0.018 0.017 0.011 0.016 0.022 0.024 0.023 0.094 0.117 0.025 0.048 0.224 0.013 0.028 0.029 0.017 0.14 0.073
131 D 0.046 0.048 0.116 0.19 0.008 0.043 0.148 0.045 0.023 0.022 0.032 0.091 0.011 0.016 0.023 0.055 0.038 0.004 0.014 0.027
132 N 0.045 0.079 0.139 0.089 0.009 0.031 0.048 0.044 0.025 0.032 0.049 0.079 0.015 0.073 0.02 0.054 0.064 0.008 0.06 0.037
133 L 0.052 0.02 0.015 0.016 0.017 0.015 0.02 0.021 0.009 0.189 0.229 0.024 0.038 0.043 0.015 0.026 0.039 0.006 0.02 0.186
134 L 0.056 0.022 0.021 0.021 0.07 0.016 0.023 0.027 0.01 0.137 0.141 0.027 0.029 0.076 0.017 0.042 0.09 0.007 0.026 0.141
135 F 0.047 0.047 0.027 0.027 0.011 0.049 0.042 0.031 0.02 0.056 0.134 0.095 0.025 0.134 0.018 0.041 0.059 0.011 0.072 0.055
136 F 0.042 0.025 0.054 0.024 0.012 0.018 0.025 0.029 0.02 0.073 0.115 0.028 0.06 0.212 0.014 0.033 0.033 0.013 0.085 0.084
137 F 0.06 0.023 0.022 0.023 0.014 0.016 0.025 0.032 0.013 0.139 0.144 0.028 0.029 0.161 0.016 0.07 0.041 0.009 0.041 0.094
138 L 0.072 0.026 0.03 0.028 0.015 0.02 0.031 0.092 0.013 0.099 0.119 0.034 0.025 0.072 0.019 0.104 0.051 0.007 0.025 0.117
139 L 0.046 0.028 0.021 0.022 0.014 0.041 0.03 0.026 0.016 0.144 0.174 0.033 0.031 0.09 0.016 0.035 0.061 0.009 0.063 0.099
140 A 0.183 0.028 0.027 0.028 0.019 0.023 0.035 0.053 0.012 0.08 0.079 0.038 0.021 0.025 0.024 0.085 0.077 0.005 0.018 0.14
141 V 0.058 0.021 0.015 0.017 0.017 0.015 0.021 0.024 0.009 0.154 0.152 0.024 0.031 0.04 0.014 0.029 0.042 0.062 0.025 0.23
142 V 0.139 0.027 0.029 0.028 0.018 0.022 0.033 0.102 0.012 0.085 0.078 0.036 0.021 0.026 0.022 0.095 0.052 0.005 0.017 0.152
143 F 0.049 0.022 0.022 0.021 0.013 0.016 0.022 0.082 0.014 0.096 0.112 0.026 0.043 0.2 0.015 0.036 0.058 0.011 0.048 0.095
144 Q 0.052 0.068 0.076 0.049 0.008 0.221 0.093 0.042 0.028 0.025 0.044 0.084 0.019 0.014 0.022 0.055 0.04 0.006 0.019 0.033
145 L 0.043 0.023 0.014 0.015 0.016 0.015 0.019 0.02 0.01 0.132 0.373 0.024 0.046 0.051 0.014 0.023 0.033 0.007 0.021 0.101
146 L 0.044 0.02 0.015 0.016 0.015 0.013 0.019 0.021 0.011 0.168 0.225 0.023 0.036 0.127 0.013 0.025 0.034 0.008 0.035 0.132
147 L 0.04 0.021 0.015 0.015 0.014 0.013 0.019 0.022 0.012 0.115 0.276 0.022 0.039 0.171 0.013 0.024 0.03 0.01 0.043 0.088
148 S 0.106 0.039 0.052 0.047 0.017 0.032 0.05 0.064 0.018 0.029 0.04 0.052 0.015 0.02 0.029 0.25 0.079 0.005 0.017 0.04
149 F 0.04 0.021 0.018 0.018 0.013 0.013 0.021 0.025 0.014 0.097 0.175 0.023 0.03 0.247 0.013 0.031 0.056 0.012 0.056 0.076
150 I 0.049 0.019 0.014 0.017 0.016 0.014 0.019 0.021 0.009 0.23 0.207 0.024 0.037 0.043 0.014 0.025 0.039 0.006 0.02 0.177
151 A 0.204 0.026 0.023 0.025 0.072 0.02 0.031 0.109 0.012 0.06 0.1 0.035 0.021 0.025 0.023 0.061 0.043 0.005 0.016 0.089
152 Y 0.039 0.03 0.092 0.032 0.009 0.022 0.031 0.033 0.038 0.04 0.063 0.034 0.017 0.133 0.015 0.038 0.031 0.021 0.242 0.042
153 L 0.047 0.022 0.016 0.017 0.015 0.017 0.021 0.023 0.011 0.17 0.211 0.026 0.071 0.086 0.014 0.027 0.036 0.008 0.028 0.136
154 N 0.068 0.035 0.138 0.048 0.014 0.027 0.04 0.05 0.023 0.06 0.06 0.043 0.018 0.034 0.021 0.116 0.055 0.007 0.053 0.09
155 P 0.089 0.027 0.026 0.032 0.012 0.022 0.037 0.043 0.013 0.027 0.038 0.041 0.011 0.014 0.405 0.07 0.041 0.003 0.013 0.035
156 S 0.083 0.033 0.046 0.081 0.015 0.027 0.046 0.104 0.015 0.046 0.052 0.044 0.016 0.021 0.025 0.145 0.108 0.005 0.016 0.071
157 F 0.039 0.019 0.015 0.016 0.013 0.012 0.018 0.022 0.012 0.146 0.198 0.021 0.034 0.209 0.012 0.024 0.031 0.011 0.049 0.099
158 F 0.034 0.019 0.016 0.016 0.011 0.011 0.018 0.024 0.016 0.067 0.142 0.019 0.027 0.371 0.011 0.024 0.025 0.015 0.078 0.057
159 N 0.048 0.039 0.249 0.152 0.009 0.032 0.057 0.059 0.026 0.022 0.031 0.05 0.011 0.017 0.021 0.084 0.048 0.004 0.014 0.027
160 L 0.085 0.023 0.018 0.019 0.016 0.017 0.023 0.031 0.011 0.138 0.208 0.028 0.034 0.081 0.017 0.038 0.057 0.007 0.027 0.122
161 L 0.048 0.021 0.017 0.018 0.016 0.015 0.02 0.023 0.01 0.17 0.222 0.025 0.036 0.084 0.015 0.03 0.056 0.007 0.027 0.14
162 F 0.035 0.019 0.016 0.016 0.011 0.011 0.018 0.023 0.015 0.093 0.148 0.019 0.028 0.33 0.011 0.024 0.027 0.014 0.071 0.07
163 S 0.113 0.038 0.048 0.085 0.015 0.053 0.056 0.112 0.018 0.028 0.04 0.052 0.014 0.018 0.026 0.165 0.06 0.005 0.016 0.039
164 I 0.044 0.018 0.014 0.017 0.015 0.013 0.017 0.02 0.009 0.252 0.182 0.022 0.036 0.085 0.014 0.024 0.036 0.007 0.027 0.148
165 F 0.045 0.019 0.016 0.017 0.014 0.012 0.019 0.023 0.012 0.158 0.129 0.021 0.029 0.204 0.013 0.026 0.034 0.01 0.049 0.15
166 D 0.058 0.04 0.145 0.181 0.01 0.055 0.067 0.054 0.023 0.024 0.033 0.053 0.012 0.017 0.023 0.106 0.05 0.004 0.015 0.03
167 I 0.05 0.099 0.022 0.022 0.014 0.022 0.028 0.025 0.012 0.173 0.147 0.046 0.03 0.035 0.017 0.036 0.064 0.006 0.019 0.133
168 A 0.287 0.031 0.026 0.03 0.022 0.026 0.041 0.079 0.015 0.043 0.06 0.045 0.018 0.022 0.03 0.085 0.05 0.005 0.018 0.069
169 I 0.047 0.018 0.015 0.018 0.016 0.013 0.018 0.021 0.009 0.268 0.169 0.024 0.037 0.044 0.015 0.025 0.04 0.006 0.021 0.177
170 D 0.06 0.033 0.056 0.233 0.009 0.034 0.109 0.126 0.019 0.023 0.031 0.049 0.011 0.016 0.023 0.082 0.042 0.004 0.013 0.028
171 G 0.056 0.03 0.141 0.09 0.009 0.024 0.04 0.264 0.023 0.022 0.032 0.04 0.011 0.028 0.019 0.053 0.035 0.007 0.049 0.027
172 L 0.079 0.023 0.016 0.017 0.016 0.016 0.022 0.029 0.011 0.121 0.248 0.026 0.036 0.046 0.015 0.032 0.036 0.069 0.026 0.116
173 D 0.052 0.034 0.054 0.261 0.009 0.036 0.13 0.043 0.019 0.023 0.031 0.05 0.011 0.015 0.078 0.072 0.039 0.004 0.013 0.027
174 K 0.071 0.054 0.039 0.044 0.012 0.038 0.086 0.113 0.018 0.037 0.089 0.12 0.019 0.022 0.024 0.103 0.047 0.005 0.017 0.042
175 D 0.046 0.038 0.089 0.261 0.009 0.057 0.105 0.045 0.021 0.025 0.034 0.052 0.012 0.016 0.022 0.057 0.063 0.004 0.014 0.031
176 K 0.087 0.054 0.033 0.032 0.014 0.033 0.044 0.041 0.015 0.077 0.082 0.127 0.039 0.025 0.024 0.061 0.112 0.006 0.018 0.076
177 L 0.082 0.023 0.019 0.02 0.017 0.017 0.024 0.03 0.01 0.149 0.21 0.028 0.034 0.039 0.017 0.039 0.066 0.006 0.02 0.15
178 D 0.082 0.034 0.037 0.122 0.013 0.051 0.082 0.04 0.016 0.097 0.106 0.046 0.022 0.026 0.021 0.068 0.042 0.005 0.017 0.072
179 G 0.058 0.043 0.1 0.06 0.01 0.034 0.075 0.153 0.063 0.024 0.037 0.075 0.013 0.03 0.021 0.073 0.039 0.008 0.055 0.03
180 F 0.036 0.02 0.015 0.016 0.012 0.012 0.019 0.023 0.014 0.078 0.206 0.02 0.032 0.291 0.011 0.024 0.027 0.013 0.064 0.066
181 N 0.086 0.041 0.243 0.067 0.012 0.031 0.047 0.064 0.026 0.025 0.035 0.051 0.012 0.018 0.022 0.109 0.055 0.005 0.016 0.034
182 E 0.05 0.048 0.076 0.118 0.007 0.075 0.242 0.039 0.025 0.022 0.035 0.069 0.013 0.016 0.024 0.054 0.037 0.005 0.016 0.029
183 G 0.116 0.032 0.029 0.034 0.013 0.049 0.068 0.15 0.019 0.074 0.067 0.043 0.019 0.034 0.021 0.051 0.038 0.008 0.053 0.084
184 R 0.043 0.37 0.037 0.03 0.007 0.047 0.05 0.032 0.022 0.022 0.045 0.116 0.015 0.017 0.019 0.043 0.034 0.006 0.017 0.03
185 L 0.046 0.028 0.018 0.018 0.015 0.023 0.024 0.024 0.017 0.095 0.246 0.031 0.125 0.057 0.015 0.03 0.035 0.01 0.058 0.085
186 V 0.062 0.02 0.015 0.017 0.018 0.015 0.021 0.023 0.008 0.19 0.133 0.025 0.031 0.036 0.015 0.03 0.045 0.005 0.02 0.269
187 G 0.102 0.023 0.036 0.032 0.012 0.019 0.026 0.479 0.013 0.021 0.031 0.034 0.01 0.016 0.019 0.053 0.031 0.005 0.011 0.028
188 I 0.052 0.02 0.015 0.017 0.017 0.014 0.019 0.021 0.009 0.21 0.202 0.024 0.036 0.042 0.015 0.026 0.04 0.006 0.02 0.195
189 G 0.071 0.022 0.035 0.031 0.01 0.017 0.024 0.473 0.013 0.023 0.036 0.031 0.011 0.059 0.017 0.047 0.028 0.006 0.019 0.027
190 A 0.228 0.044 0.064 0.037 0.017 0.053 0.05 0.066 0.018 0.036 0.051 0.078 0.016 0.019 0.027 0.074 0.046 0.005 0.017 0.054
191 S 0.147 0.035 0.043 0.041 0.017 0.029 0.046 0.063 0.017 0.031 0.043 0.049 0.015 0.019 0.082 0.189 0.067 0.005 0.016 0.045
192 F 0.032 0.018 0.016 0.016 0.01 0.01 0.018 0.024 0.016 0.061 0.11 0.018 0.024 0.41 0.01 0.024 0.024 0.016 0.085 0.053
193 F 0.032 0.018 0.016 0.016 0.01 0.01 0.018 0.024 0.016 0.061 0.11 0.018 0.024 0.41 0.01 0.024 0.024 0.016 0.085 0.053
194 G 0.129 0.024 0.035 0.032 0.013 0.02 0.028 0.428 0.013 0.023 0.034 0.035 0.011 0.017 0.02 0.057 0.033 0.005 0.012 0.033
195 S 0.108 0.034 0.041 0.038 0.016 0.027 0.042 0.056 0.017 0.042 0.089 0.044 0.02 0.067 0.025 0.186 0.065 0.006 0.025 0.05
196 G 0.102 0.023 0.036 0.032 0.012 0.019 0.026 0.479 0.013 0.021 0.031 0.034 0.01 0.016 0.019 0.053 0.031 0.005 0.011 0.028
197 I 0.053 0.018 0.015 0.017 0.017 0.014 0.019 0.021 0.008 0.252 0.149 0.023 0.034 0.04 0.015 0.027 0.041 0.006 0.02 0.212
198 L 0.047 0.02 0.014 0.016 0.016 0.014 0.018 0.02 0.009 0.221 0.237 0.024 0.039 0.045 0.014 0.025 0.037 0.006 0.02 0.158
199 N 0.041 0.042 0.312 0.118 0.008 0.032 0.052 0.061 0.029 0.022 0.03 0.051 0.011 0.017 0.02 0.065 0.046 0.004 0.015 0.026
200 C 0.086 0.028 0.036 0.033 0.233 0.023 0.035 0.049 0.014 0.035 0.05 0.038 0.015 0.02 0.023 0.156 0.059 0.005 0.015 0.047
201 F 0.036 0.019 0.015 0.016 0.012 0.011 0.018 0.023 0.014 0.119 0.153 0.02 0.029 0.289 0.011 0.024 0.028 0.013 0.064 0.083
202 F 0.111 0.026 0.026 0.026 0.016 0.019 0.029 0.041 0.014 0.083 0.089 0.033 0.022 0.143 0.02 0.059 0.116 0.009 0.038 0.081
203 L 0.043 0.023 0.014 0.015 0.016 0.016 0.019 0.02 0.01 0.111 0.4 0.024 0.048 0.053 0.014 0.023 0.032 0.007 0.021 0.092
204 I 0.052 0.019 0.015 0.017 0.017 0.014 0.019 0.021 0.008 0.231 0.176 0.024 0.035 0.041 0.015 0.026 0.041 0.006 0.02 0.204
205 L 0.046 0.023 0.014 0.015 0.016 0.016 0.02 0.021 0.01 0.116 0.369 0.024 0.046 0.051 0.014 0.024 0.034 0.007 0.021 0.115
206 L 0.042 0.021 0.014 0.016 0.015 0.014 0.018 0.021 0.01 0.168 0.288 0.023 0.041 0.089 0.013 0.024 0.033 0.007 0.028 0.114
207 A 0.264 0.031 0.027 0.03 0.02 0.026 0.039 0.069 0.015 0.046 0.07 0.043 0.036 0.024 0.027 0.095 0.05 0.005 0.018 0.066
208 S 0.098 0.028 0.032 0.03 0.014 0.022 0.034 0.1 0.018 0.048 0.062 0.036 0.018 0.081 0.02 0.11 0.048 0.065 0.066 0.07
209 L 0.041 0.03 0.032 0.024 0.011 0.043 0.034 0.027 0.062 0.085 0.154 0.034 0.028 0.137 0.015 0.031 0.031 0.013 0.102 0.067
210 L 0.044 0.019 0.014 0.016 0.015 0.014 0.018 0.021 0.01 0.206 0.234 0.023 0.038 0.087 0.014 0.024 0.035 0.007 0.028 0.135
211 V 0.064 0.083 0.066 0.036 0.013 0.031 0.042 0.093 0.016 0.069 0.067 0.104 0.019 0.022 0.021 0.067 0.045 0.005 0.017 0.119
212 F 0.057 0.079 0.033 0.03 0.011 0.027 0.037 0.097 0.021 0.039 0.063 0.077 0.018 0.129 0.019 0.07 0.066 0.011 0.074 0.043
213 E 0.068 0.041 0.078 0.062 0.011 0.041 0.148 0.046 0.025 0.029 0.052 0.056 0.015 0.032 0.024 0.118 0.051 0.008 0.057 0.037
214 K 0.065 0.116 0.042 0.04 0.024 0.045 0.061 0.045 0.02 0.027 0.042 0.22 0.015 0.016 0.026 0.094 0.047 0.005 0.017 0.034
215 I 0.078 0.029 0.034 0.033 0.017 0.023 0.035 0.043 0.014 0.153 0.104 0.039 0.026 0.032 0.022 0.126 0.06 0.006 0.019 0.108
216 K 0.093 0.053 0.073 0.053 0.012 0.057 0.054 0.091 0.023 0.029 0.043 0.107 0.015 0.029 0.024 0.098 0.047 0.007 0.053 0.038
217 K 0.064 0.072 0.04 0.039 0.011 0.04 0.056 0.043 0.017 0.032 0.045 0.19 0.015 0.017 0.081 0.081 0.095 0.005 0.016 0.04
218 R 0.05 0.145 0.075 0.038 0.011 0.038 0.056 0.036 0.019 0.056 0.103 0.126 0.021 0.024 0.02 0.045 0.039 0.005 0.018 0.076
219 K 0.047 0.064 0.119 0.045 0.01 0.037 0.05 0.042 0.025 0.04 0.093 0.152 0.019 0.037 0.021 0.049 0.039 0.008 0.063 0.041
220 K 0.053 0.091 0.07 0.036 0.011 0.033 0.044 0.038 0.022 0.072 0.103 0.113 0.021 0.038 0.02 0.067 0.042 0.008 0.058 0.058
221 I 0.047 0.034 0.056 0.027 0.013 0.024 0.03 0.03 0.019 0.122 0.118 0.061 0.061 0.079 0.016 0.036 0.038 0.01 0.07 0.108
222 L 0.044 0.03 0.018 0.019 0.013 0.019 0.025 0.024 0.015 0.17 0.171 0.055 0.031 0.052 0.015 0.028 0.034 0.064 0.061 0.113
223 L 0.04 0.024 0.021 0.061 0.013 0.018 0.029 0.024 0.019 0.08 0.252 0.027 0.034 0.104 0.014 0.028 0.03 0.012 0.099 0.07
224 L 0.044 0.02 0.015 0.016 0.015 0.013 0.019 0.021 0.011 0.168 0.225 0.023 0.036 0.127 0.013 0.025 0.034 0.008 0.035 0.132
225 F 0.079 0.023 0.019 0.02 0.015 0.017 0.024 0.031 0.013 0.111 0.12 0.027 0.049 0.16 0.016 0.039 0.057 0.009 0.042 0.128
226 L 0.087 0.024 0.02 0.021 0.071 0.018 0.025 0.034 0.011 0.113 0.177 0.029 0.03 0.037 0.017 0.059 0.043 0.034 0.021 0.13
227 Y 0.067 0.024 0.019 0.018 0.01 0.017 0.025 0.03 0.029 0.046 0.077 0.027 0.019 0.194 0.014 0.033 0.028 0.075 0.198 0.048
228 L 0.044 0.021 0.015 0.016 0.015 0.014 0.019 0.022 0.011 0.147 0.252 0.023 0.038 0.128 0.013 0.025 0.033 0.008 0.035 0.124
229 I 0.05 0.021 0.017 0.019 0.016 0.015 0.02 0.023 0.009 0.214 0.199 0.026 0.036 0.042 0.016 0.032 0.064 0.006 0.02 0.156
230 I 0.046 0.018 0.015 0.017 0.015 0.013 0.018 0.021 0.009 0.236 0.178 0.023 0.035 0.084 0.014 0.025 0.037 0.007 0.027 0.162
231 A 0.215 0.031 0.033 0.033 0.018 0.025 0.04 0.066 0.016 0.039 0.057 0.043 0.017 0.064 0.027 0.131 0.056 0.006 0.024 0.056
232 F 0.057 0.023 0.023 0.023 0.014 0.017 0.025 0.032 0.013 0.144 0.113 0.028 0.027 0.159 0.016 0.075 0.044 0.009 0.041 0.116
233 L 0.05 0.022 0.015 0.016 0.016 0.016 0.02 0.022 0.01 0.162 0.262 0.025 0.057 0.046 0.014 0.027 0.038 0.006 0.021 0.155
234 G 0.075 0.022 0.038 0.032 0.01 0.018 0.025 0.529 0.013 0.018 0.027 0.032 0.009 0.016 0.018 0.049 0.029 0.005 0.01 0.023
235 I 0.047 0.021 0.016 0.017 0.015 0.016 0.02 0.022 0.011 0.191 0.184 0.025 0.07 0.084 0.014 0.027 0.037 0.007 0.028 0.144
236 L 0.077 0.027 0.017 0.019 0.016 0.021 0.025 0.029 0.013 0.118 0.242 0.031 0.107 0.045 0.016 0.035 0.037 0.007 0.022 0.097
237 S 0.11 0.031 0.039 0.037 0.015 0.025 0.039 0.108 0.017 0.036 0.056 0.041 0.017 0.106 0.023 0.159 0.058 0.008 0.031 0.044
238 A 0.2 0.035 0.04 0.039 0.019 0.029 0.045 0.069 0.017 0.034 0.048 0.048 0.016 0.02 0.029 0.175 0.065 0.005 0.017 0.052
239 R 0.043 0.37 0.037 0.03 0.007 0.047 0.05 0.032 0.022 0.022 0.045 0.116 0.015 0.017 0.019 0.043 0.034 0.006 0.017 0.03
240 T 0.07 0.034 0.042 0.036 0.017 0.027 0.038 0.042 0.013 0.051 0.063 0.044 0.019 0.023 0.027 0.089 0.275 0.006 0.017 0.068
241 T 0.07 0.034 0.042 0.036 0.017 0.027 0.038 0.042 0.013 0.051 0.063 0.044 0.019 0.023 0.027 0.089 0.275 0.006 0.017 0.068
242 I 0.054 0.02 0.019 0.02 0.016 0.015 0.021 0.025 0.01 0.253 0.144 0.026 0.033 0.039 0.016 0.05 0.044 0.006 0.019 0.17
243 I 0.051 0.019 0.015 0.017 0.016 0.014 0.019 0.022 0.009 0.226 0.144 0.023 0.032 0.081 0.014 0.027 0.04 0.007 0.027 0.199
244 G 0.075 0.022 0.038 0.032 0.01 0.018 0.025 0.529 0.013 0.018 0.027 0.032 0.009 0.016 0.018 0.049 0.029 0.005 0.01 0.023
245 I 0.042 0.017 0.015 0.017 0.014 0.012 0.017 0.021 0.01 0.246 0.15 0.022 0.033 0.124 0.013 0.024 0.035 0.008 0.034 0.144
246 L 0.053 0.023 0.018 0.019 0.016 0.017 0.023 0.025 0.011 0.133 0.196 0.027 0.051 0.082 0.016 0.035 0.064 0.007 0.028 0.156
247 L 0.044 0.021 0.014 0.015 0.016 0.015 0.019 0.02 0.009 0.174 0.32 0.024 0.044 0.049 0.014 0.024 0.034 0.006 0.021 0.118
248 S 0.098 0.036 0.048 0.044 0.016 0.03 0.047 0.059 0.018 0.032 0.048 0.048 0.016 0.063 0.027 0.225 0.073 0.006 0.024 0.042
249 L 0.045 0.022 0.015 0.016 0.016 0.015 0.02 0.021 0.01 0.166 0.317 0.025 0.043 0.049 0.014 0.03 0.035 0.006 0.021 0.115
250 L 0.039 0.019 0.015 0.016 0.013 0.012 0.018 0.022 0.012 0.153 0.199 0.021 0.034 0.198 0.012 0.024 0.031 0.01 0.048 0.102
251 L 0.043 0.019 0.014 0.016 0.015 0.013 0.018 0.021 0.01 0.21 0.235 0.023 0.038 0.087 0.014 0.024 0.035 0.007 0.028 0.131
252 L 0.077 0.023 0.02 0.021 0.014 0.016 0.024 0.033 0.013 0.119 0.172 0.027 0.03 0.163 0.016 0.056 0.038 0.009 0.041 0.088
253 I 0.047 0.018 0.015 0.018 0.016 0.013 0.018 0.021 0.009 0.271 0.168 0.024 0.037 0.044 0.015 0.025 0.04 0.006 0.021 0.177
254 L 0.04 0.022 0.015 0.015 0.014 0.015 0.02 0.022 0.015 0.097 0.291 0.024 0.039 0.14 0.013 0.024 0.03 0.011 0.071 0.081
255 L 0.062 0.048 0.028 0.027 0.083 0.028 0.038 0.035 0.014 0.073 0.157 0.106 0.027 0.03 0.02 0.066 0.044 0.005 0.018 0.091
256 N 0.049 0.041 0.269 0.118 0.01 0.032 0.053 0.061 0.027 0.023 0.031 0.051 0.011 0.017 0.021 0.088 0.05 0.004 0.015 0.028
257 F 0.043 0.036 0.023 0.024 0.01 0.045 0.036 0.029 0.023 0.071 0.083 0.063 0.021 0.174 0.071 0.034 0.031 0.013 0.113 0.057
258 K 0.051 0.127 0.073 0.048 0.008 0.05 0.092 0.042 0.022 0.025 0.04 0.225 0.014 0.016 0.024 0.052 0.038 0.005 0.016 0.031
259 N 0.055 0.069 0.124 0.043 0.012 0.027 0.038 0.043 0.019 0.079 0.1 0.048 0.021 0.026 0.074 0.073 0.046 0.005 0.017 0.082
260 L 0.055 0.033 0.022 0.022 0.015 0.022 0.029 0.029 0.012 0.138 0.213 0.06 0.052 0.04 0.017 0.054 0.042 0.006 0.02 0.119
261 L 0.051 0.044 0.062 0.032 0.011 0.028 0.038 0.036 0.024 0.073 0.106 0.093 0.022 0.092 0.019 0.061 0.039 0.011 0.098 0.059
262 K 0.051 0.117 0.033 0.032 0.01 0.041 0.052 0.034 0.017 0.076 0.11 0.193 0.023 0.025 0.022 0.043 0.037 0.006 0.018 0.061
263 L 0.058 0.034 0.026 0.025 0.014 0.023 0.032 0.032 0.016 0.083 0.152 0.061 0.028 0.085 0.018 0.062 0.067 0.009 0.062 0.113
264 L 0.042 0.019 0.015 0.016 0.014 0.013 0.018 0.022 0.011 0.161 0.201 0.022 0.034 0.167 0.013 0.025 0.033 0.009 0.042 0.122
265 L 0.048 0.04 0.021 0.021 0.013 0.023 0.031 0.026 0.016 0.106 0.186 0.087 0.031 0.088 0.017 0.032 0.035 0.009 0.063 0.106
266 Y 0.042 0.027 0.019 0.018 0.012 0.02 0.025 0.024 0.035 0.068 0.171 0.029 0.029 0.106 0.015 0.029 0.03 0.021 0.219 0.063
267 F 0.046 0.02 0.017 0.017 0.013 0.013 0.02 0.025 0.014 0.097 0.12 0.021 0.028 0.269 0.013 0.028 0.033 0.013 0.066 0.126
268 F 0.037 0.021 0.016 0.016 0.012 0.012 0.019 0.024 0.015 0.081 0.201 0.021 0.034 0.276 0.012 0.025 0.028 0.014 0.067 0.069
269 L 0.083 0.025 0.022 0.022 0.015 0.018 0.025 0.088 0.012 0.089 0.235 0.03 0.033 0.081 0.017 0.058 0.038 0.007 0.026 0.076
270 V 0.06 0.023 0.022 0.022 0.07 0.017 0.025 0.03 0.011 0.13 0.138 0.028 0.028 0.075 0.017 0.06 0.069 0.007 0.026 0.142
271 L 0.051 0.022 0.019 0.02 0.014 0.015 0.023 0.027 0.012 0.136 0.167 0.025 0.031 0.159 0.015 0.052 0.039 0.009 0.041 0.122
272 P 0.048 0.022 0.018 0.021 0.07 0.016 0.025 0.028 0.015 0.092 0.116 0.029 0.022 0.083 0.19 0.033 0.033 0.008 0.062 0.069
273 L 0.05 0.022 0.015 0.017 0.016 0.015 0.02 0.022 0.009 0.161 0.284 0.025 0.041 0.046 0.015 0.032 0.038 0.006 0.021 0.145
274 L 0.043 0.021 0.014 0.015 0.015 0.014 0.019 0.02 0.009 0.172 0.312 0.024 0.043 0.059 0.014 0.024 0.034 0.007 0.023 0.117
275 L 0.08 0.023 0.02 0.021 0.015 0.016 0.025 0.033 0.013 0.11 0.17 0.027 0.03 0.151 0.016 0.056 0.039 0.009 0.04 0.105
276 A 0.29 0.031 0.026 0.03 0.022 0.026 0.04 0.078 0.015 0.043 0.059 0.045 0.018 0.022 0.03 0.085 0.05 0.005 0.018 0.069
277 L 0.048 0.022 0.017 0.018 0.015 0.016 0.021 0.023 0.01 0.146 0.247 0.026 0.037 0.085 0.015 0.032 0.061 0.007 0.028 0.125
278 F 0.072 0.03 0.035 0.033 0.014 0.022 0.036 0.046 0.018 0.046 0.078 0.037 0.021 0.204 0.02 0.123 0.054 0.011 0.053 0.048
279 L 0.064 0.027 0.027 0.026 0.016 0.021 0.03 0.034 0.012 0.103 0.185 0.034 0.03 0.034 0.074 0.084 0.072 0.006 0.019 0.103
280 L 0.042 0.02 0.014 0.016 0.014 0.013 0.018 0.021 0.011 0.18 0.228 0.022 0.037 0.127 0.013 0.024 0.033 0.008 0.035 0.122
281 L 0.042 0.023 0.052 0.024 0.013 0.016 0.023 0.027 0.013 0.122 0.201 0.027 0.031 0.121 0.069 0.031 0.034 0.008 0.034 0.087
282 F 0.038 0.02 0.016 0.016 0.012 0.013 0.02 0.024 0.018 0.075 0.139 0.021 0.027 0.297 0.012 0.026 0.028 0.015 0.1 0.084
283 Y 0.075 0.034 0.038 0.034 0.013 0.027 0.04 0.045 0.033 0.037 0.055 0.043 0.017 0.076 0.023 0.126 0.055 0.017 0.168 0.044
284 N 0.08 0.034 0.203 0.057 0.011 0.026 0.038 0.163 0.022 0.054 0.047 0.043 0.014 0.02 0.02 0.06 0.042 0.005 0.015 0.046
285 P 0.046 0.032 0.021 0.022 0.011 0.021 0.03 0.028 0.02 0.079 0.077 0.059 0.019 0.093 0.126 0.033 0.033 0.067 0.102 0.081
286 I 0.047 0.018 0.015 0.018 0.016 0.013 0.018 0.021 0.009 0.271 0.168 0.024 0.037 0.044 0.015 0.025 0.04 0.006 0.021 0.177
287 L 0.042 0.025 0.078 0.029 0.013 0.018 0.025 0.03 0.015 0.119 0.217 0.029 0.034 0.114 0.014 0.033 0.036 0.008 0.033 0.088
288 S 0.085 0.032 0.04 0.038 0.016 0.026 0.04 0.051 0.017 0.078 0.073 0.042 0.02 0.088 0.023 0.166 0.064 0.007 0.029 0.065
289 F 0.034 0.019 0.017 0.017 0.011 0.011 0.019 0.025 0.017 0.063 0.114 0.019 0.025 0.39 0.011 0.025 0.025 0.017 0.088 0.055
290 S 0.075 0.041 0.087 0.095 0.014 0.057 0.058 0.054 0.02 0.032 0.043 0.054 0.015 0.019 0.025 0.141 0.107 0.005 0.016 0.042
291 N 0.055 0.037 0.18 0.141 0.011 0.03 0.054 0.054 0.023 0.033 0.073 0.047 0.015 0.021 0.021 0.099 0.05 0.005 0.015 0.036
292 D 0.068 0.038 0.051 0.183 0.011 0.04 0.152 0.045 0.02 0.027 0.037 0.055 0.013 0.017 0.025 0.095 0.07 0.005 0.015 0.035
293 R 0.047 0.236 0.035 0.037 0.009 0.046 0.081 0.033 0.021 0.033 0.082 0.143 0.018 0.02 0.021 0.044 0.035 0.006 0.017 0.037
294 L 0.049 0.023 0.018 0.02 0.015 0.016 0.03 0.026 0.012 0.138 0.212 0.026 0.034 0.124 0.015 0.044 0.037 0.008 0.035 0.118
295 L 0.067 0.034 0.068 0.037 0.014 0.048 0.041 0.096 0.016 0.082 0.104 0.044 0.022 0.027 0.021 0.093 0.074 0.005 0.017 0.088
296 D 0.07 0.037 0.117 0.141 0.011 0.035 0.113 0.046 0.021 0.036 0.078 0.05 0.016 0.021 0.022 0.059 0.065 0.005 0.015 0.042
297 L 0.046 0.036 0.02 0.021 0.014 0.044 0.033 0.025 0.013 0.134 0.267 0.062 0.038 0.042 0.016 0.03 0.035 0.006 0.02 0.096
298 L 0.048 0.03 0.017 0.019 0.015 0.019 0.024 0.023 0.01 0.17 0.25 0.055 0.038 0.043 0.015 0.028 0.037 0.006 0.02 0.134
299 D 0.081 0.042 0.113 0.173 0.011 0.032 0.06 0.052 0.02 0.033 0.052 0.074 0.032 0.02 0.023 0.078 0.045 0.005 0.015 0.039
300 F 0.032 0.018 0.016 0.016 0.01 0.01 0.018 0.024 0.016 0.061 0.11 0.018 0.024 0.41 0.01 0.024 0.024 0.016 0.085 0.053
301 G 0.082 0.026 0.041 0.036 0.012 0.021 0.03 0.426 0.014 0.02 0.03 0.037 0.01 0.017 0.02 0.094 0.04 0.005 0.012 0.027
302 F 0.04 0.021 0.018 0.018 0.013 0.013 0.021 0.025 0.014 0.097 0.175 0.023 0.03 0.247 0.013 0.031 0.056 0.012 0.056 0.076
303 D 0.054 0.039 0.056 0.257 0.009 0.034 0.101 0.099 0.018 0.022 0.031 0.075 0.011 0.015 0.023 0.073 0.039 0.004 0.013 0.027
304 F 0.034 0.019 0.016 0.016 0.011 0.011 0.018 0.024 0.016 0.067 0.142 0.019 0.027 0.371 0.011 0.024 0.025 0.015 0.078 0.057
305 L 0.043 0.023 0.014 0.015 0.016 0.015 0.019 0.02 0.01 0.132 0.373 0.024 0.046 0.051 0.014 0.023 0.033 0.007 0.021 0.101
306 F 0.038 0.021 0.017 0.017 0.012 0.014 0.02 0.024 0.018 0.095 0.152 0.023 0.046 0.258 0.012 0.026 0.029 0.014 0.093 0.073
307 D 0.04 0.034 0.159 0.307 0.008 0.03 0.074 0.051 0.022 0.022 0.028 0.046 0.01 0.015 0.021 0.056 0.039 0.004 0.012 0.024
308 F 0.043 0.025 0.023 0.021 0.011 0.018 0.026 0.028 0.028 0.051 0.081 0.028 0.02 0.209 0.016 0.039 0.074 0.019 0.187 0.052
309 K 0.051 0.068 0.076 0.104 0.008 0.051 0.16 0.041 0.023 0.024 0.036 0.164 0.013 0.015 0.025 0.054 0.038 0.005 0.016 0.029
310 N 0.044 0.037 0.24 0.16 0.008 0.03 0.055 0.11 0.025 0.021 0.029 0.047 0.01 0.016 0.02 0.061 0.042 0.004 0.013 0.025
311 S 0.106 0.039 0.052 0.047 0.017 0.032 0.05 0.064 0.018 0.029 0.04 0.052 0.015 0.02 0.029 0.25 0.079 0.005 0.017 0.04
312 Q 0.052 0.068 0.076 0.049 0.008 0.221 0.093 0.042 0.028 0.025 0.044 0.084 0.019 0.014 0.022 0.055 0.04 0.006 0.019 0.033
313 A 0.317 0.03 0.025 0.029 0.021 0.025 0.039 0.075 0.014 0.042 0.057 0.043 0.017 0.021 0.029 0.082 0.048 0.005 0.017 0.066
314 S 0.153 0.037 0.046 0.043 0.018 0.03 0.048 0.066 0.018 0.031 0.044 0.05 0.015 0.02 0.029 0.213 0.072 0.005 0.017 0.046
315 N 0.063 0.048 0.113 0.098 0.01 0.059 0.089 0.105 0.022 0.024 0.035 0.083 0.013 0.017 0.023 0.099 0.048 0.005 0.015 0.031
316 S 0.106 0.039 0.052 0.047 0.017 0.032 0.05 0.064 0.018 0.029 0.04 0.052 0.015 0.02 0.029 0.25 0.079 0.005 0.017 0.04
317 L 0.111 0.028 0.027 0.026 0.016 0.021 0.031 0.041 0.014 0.063 0.123 0.035 0.042 0.114 0.021 0.06 0.116 0.008 0.033 0.069
318 G 0.08 0.032 0.068 0.047 0.012 0.029 0.068 0.28 0.018 0.022 0.033 0.045 0.012 0.017 0.022 0.118 0.048 0.005 0.014 0.03
319 E 0.064 0.043 0.041 0.095 0.011 0.04 0.14 0.094 0.018 0.041 0.048 0.08 0.015 0.019 0.024 0.076 0.068 0.005 0.015 0.064
320 L 0.043 0.023 0.014 0.015 0.016 0.016 0.019 0.02 0.01 0.111 0.4 0.024 0.048 0.053 0.014 0.023 0.032 0.007 0.021 0.092
