#Seq2Logo.py -f /work3/idamei/ssn-clusterings/clustering/2205111253/clusters/0013_195/sequences.afa -o /work3/idamei/ssn-clusterings/clustering/2205111253/clusters/0013_195/sequences.logo
#Position Specific Frequency Matrix
A R N D C Q E G H I L K M F P S T W Y V
0 L 0.052 0.032 0.02 0.02 0.016 0.028 0.028 0.028 0.016 0.1 0.196 0.036 0.166 0.048 0.016 0.036 0.04 0.008 0.024 0.092
1 G 0.086 0.032 0.041 0.037 0.015 0.026 0.039 0.161 0.016 0.042 0.098 0.042 0.02 0.028 0.023 0.135 0.058 0.034 0.02 0.047
2 F 0.041 0.022 0.022 0.021 0.012 0.014 0.023 0.029 0.016 0.061 0.105 0.024 0.024 0.319 0.014 0.038 0.067 0.015 0.075 0.058
3 L 0.045 0.024 0.014 0.015 0.016 0.016 0.02 0.021 0.01 0.116 0.373 0.025 0.05 0.055 0.014 0.024 0.034 0.007 0.022 0.097
4 L 0.046 0.022 0.014 0.016 0.016 0.015 0.019 0.021 0.01 0.167 0.305 0.025 0.045 0.051 0.014 0.025 0.036 0.007 0.022 0.123
5 V 0.058 0.021 0.017 0.018 0.016 0.015 0.022 0.025 0.011 0.131 0.125 0.024 0.03 0.152 0.015 0.031 0.042 0.009 0.043 0.196
6 L 0.052 0.022 0.015 0.016 0.171 0.015 0.019 0.025 0.009 0.092 0.271 0.024 0.039 0.043 0.015 0.03 0.035 0.006 0.019 0.083
7 F 0.034 0.019 0.017 0.017 0.011 0.011 0.019 0.025 0.017 0.064 0.115 0.019 0.025 0.385 0.011 0.025 0.025 0.017 0.089 0.055
8 L 0.062 0.023 0.016 0.017 0.018 0.016 0.022 0.024 0.009 0.149 0.212 0.026 0.038 0.042 0.016 0.03 0.044 0.006 0.021 0.21
9 L 0.045 0.024 0.014 0.015 0.016 0.016 0.02 0.021 0.01 0.116 0.373 0.025 0.05 0.055 0.014 0.024 0.034 0.007 0.022 0.097
10 F 0.038 0.019 0.016 0.017 0.013 0.012 0.019 0.024 0.014 0.132 0.133 0.021 0.029 0.271 0.012 0.025 0.03 0.013 0.066 0.096
11 I 0.049 0.023 0.017 0.019 0.016 0.018 0.021 0.023 0.011 0.213 0.178 0.028 0.077 0.046 0.015 0.029 0.04 0.007 0.022 0.149
12 A 0.288 0.031 0.026 0.03 0.022 0.026 0.041 0.079 0.015 0.043 0.06 0.045 0.018 0.022 0.03 0.085 0.05 0.005 0.018 0.069
13 L 0.041 0.023 0.015 0.016 0.014 0.014 0.02 0.023 0.012 0.098 0.287 0.023 0.042 0.165 0.013 0.025 0.031 0.01 0.045 0.083
14 Y 0.046 0.026 0.02 0.019 0.012 0.02 0.026 0.025 0.037 0.083 0.087 0.03 0.022 0.108 0.016 0.031 0.033 0.022 0.242 0.094
15 Y 0.047 0.029 0.049 0.027 0.01 0.022 0.029 0.109 0.04 0.038 0.059 0.034 0.017 0.103 0.017 0.038 0.03 0.022 0.24 0.041
16 G 0.073 0.076 0.039 0.033 0.01 0.024 0.03 0.429 0.015 0.02 0.031 0.048 0.01 0.016 0.019 0.05 0.031 0.005 0.012 0.025
17 R 0.046 0.278 0.042 0.063 0.008 0.048 0.059 0.036 0.023 0.024 0.045 0.14 0.015 0.017 0.021 0.047 0.036 0.006 0.017 0.031
18 I 0.047 0.027 0.018 0.02 0.014 0.018 0.024 0.023 0.016 0.211 0.141 0.046 0.032 0.056 0.016 0.028 0.038 0.01 0.07 0.143
19 Q 0.053 0.064 0.087 0.051 0.009 0.166 0.087 0.044 0.028 0.046 0.055 0.08 0.02 0.018 0.022 0.056 0.043 0.006 0.02 0.046
20 H 0.043 0.12 0.05 0.037 0.008 0.041 0.053 0.037 0.271 0.023 0.04 0.065 0.015 0.027 0.019 0.043 0.029 0.007 0.047 0.025
21 A 0.226 0.03 0.025 0.027 0.019 0.025 0.037 0.065 0.023 0.043 0.062 0.041 0.018 0.049 0.026 0.072 0.045 0.011 0.092 0.063
22 G 0.079 0.023 0.039 0.034 0.011 0.019 0.026 0.509 0.014 0.019 0.028 0.034 0.009 0.016 0.019 0.051 0.03 0.005 0.011 0.024
23 V 0.064 0.021 0.016 0.018 0.019 0.016 0.022 0.024 0.008 0.191 0.14 0.026 0.033 0.038 0.016 0.031 0.047 0.006 0.021 0.244
24 H 0.043 0.035 0.038 0.029 0.01 0.029 0.04 0.031 0.211 0.089 0.076 0.037 0.021 0.053 0.017 0.036 0.03 0.011 0.097 0.066
25 Y 0.049 0.03 0.027 0.023 0.011 0.023 0.031 0.03 0.038 0.046 0.068 0.035 0.019 0.104 0.019 0.047 0.083 0.022 0.243 0.053
26 Y 0.052 0.028 0.024 0.022 0.013 0.021 0.029 0.029 0.032 0.067 0.146 0.032 0.027 0.092 0.017 0.053 0.037 0.019 0.188 0.072
27 V 0.067 0.021 0.016 0.018 0.081 0.016 0.022 0.026 0.009 0.142 0.121 0.025 0.029 0.057 0.016 0.033 0.046 0.006 0.024 0.226
28 F 0.038 0.02 0.016 0.017 0.012 0.012 0.019 0.024 0.015 0.078 0.161 0.02 0.03 0.31 0.012 0.026 0.028 0.014 0.073 0.075
29 L 0.043 0.022 0.015 0.016 0.015 0.015 0.02 0.022 0.013 0.13 0.276 0.024 0.041 0.116 0.014 0.025 0.033 0.01 0.051 0.1
30 L 0.055 0.022 0.016 0.017 0.014 0.014 0.021 0.026 0.013 0.089 0.251 0.024 0.038 0.191 0.014 0.028 0.031 0.011 0.049 0.077
31 F 0.034 0.019 0.017 0.017 0.011 0.011 0.019 0.025 0.017 0.063 0.114 0.019 0.025 0.39 0.011 0.025 0.025 0.017 0.088 0.055
32 Y 0.041 0.028 0.021 0.018 0.01 0.021 0.027 0.025 0.044 0.048 0.086 0.031 0.02 0.126 0.015 0.031 0.028 0.027 0.304 0.049
33 S 0.091 0.032 0.038 0.035 0.046 0.026 0.039 0.048 0.014 0.079 0.075 0.041 0.021 0.026 0.024 0.138 0.077 0.005 0.018 0.126
34 I 0.061 0.021 0.019 0.02 0.017 0.016 0.022 0.052 0.009 0.204 0.138 0.027 0.032 0.038 0.016 0.04 0.045 0.006 0.02 0.198
35 C 0.076 0.017 0.017 0.017 0.435 0.013 0.018 0.034 0.009 0.048 0.082 0.022 0.018 0.022 0.017 0.042 0.037 0.004 0.013 0.059
36 H 0.043 0.042 0.048 0.035 0.008 0.035 0.049 0.036 0.303 0.038 0.047 0.043 0.016 0.036 0.045 0.04 0.028 0.008 0.067 0.033
37 F 0.037 0.022 0.018 0.017 0.011 0.015 0.022 0.025 0.026 0.071 0.116 0.024 0.025 0.266 0.013 0.027 0.027 0.019 0.159 0.061
38 F 0.066 0.03 0.031 0.029 0.014 0.023 0.034 0.041 0.017 0.06 0.107 0.036 0.057 0.167 0.019 0.103 0.05 0.01 0.046 0.059
39 Y 0.041 0.027 0.021 0.018 0.029 0.021 0.027 0.025 0.043 0.044 0.07 0.03 0.019 0.136 0.015 0.031 0.028 0.026 0.301 0.047
40 F 0.034 0.019 0.017 0.017 0.011 0.011 0.019 0.025 0.017 0.063 0.113 0.019 0.025 0.392 0.011 0.025 0.025 0.017 0.088 0.055
41 L 0.041 0.02 0.015 0.016 0.014 0.013 0.019 0.022 0.012 0.136 0.227 0.022 0.037 0.178 0.013 0.025 0.032 0.01 0.046 0.1
42 S 0.094 0.038 0.061 0.046 0.017 0.031 0.048 0.058 0.018 0.037 0.049 0.051 0.017 0.022 0.028 0.175 0.137 0.005 0.017 0.051
43 K 0.057 0.106 0.041 0.041 0.009 0.053 0.07 0.043 0.021 0.027 0.043 0.284 0.015 0.015 0.027 0.053 0.039 0.005 0.017 0.033
44 D 0.046 0.037 0.058 0.285 0.007 0.043 0.17 0.042 0.021 0.022 0.031 0.056 0.011 0.015 0.023 0.053 0.036 0.004 0.013 0.027
45 G 0.064 0.025 0.032 0.028 0.01 0.02 0.026 0.331 0.026 0.028 0.043 0.032 0.013 0.059 0.018 0.043 0.029 0.014 0.128 0.032
46 F 0.038 0.021 0.016 0.016 0.013 0.013 0.019 0.023 0.014 0.091 0.216 0.021 0.035 0.251 0.012 0.025 0.029 0.013 0.061 0.075
47 L 0.042 0.025 0.017 0.016 0.014 0.018 0.023 0.022 0.022 0.089 0.265 0.027 0.038 0.093 0.014 0.026 0.031 0.014 0.125 0.077
48 D 0.067 0.039 0.055 0.134 0.011 0.034 0.071 0.05 0.12 0.026 0.038 0.049 0.014 0.026 0.024 0.114 0.05 0.006 0.04 0.031
49 I 0.05 0.029 0.024 0.045 0.013 0.032 0.124 0.026 0.015 0.181 0.118 0.043 0.028 0.034 0.019 0.036 0.038 0.006 0.019 0.121
50 E 0.058 0.043 0.124 0.068 0.012 0.041 0.13 0.047 0.023 0.034 0.045 0.057 0.015 0.02 0.025 0.073 0.121 0.005 0.017 0.045
51 L 0.044 0.024 0.014 0.015 0.016 0.016 0.02 0.021 0.01 0.114 0.381 0.025 0.049 0.054 0.014 0.024 0.033 0.007 0.022 0.095
52 D 0.043 0.029 0.122 0.165 0.011 0.025 0.051 0.042 0.019 0.118 0.081 0.039 0.02 0.027 0.019 0.047 0.041 0.005 0.016 0.082
53 K 0.069 0.062 0.064 0.136 0.011 0.04 0.068 0.052 0.02 0.027 0.038 0.138 0.014 0.017 0.026 0.111 0.053 0.005 0.016 0.033
54 D 0.06 0.028 0.045 0.17 0.013 0.024 0.054 0.041 0.015 0.12 0.083 0.039 0.021 0.027 0.021 0.085 0.048 0.005 0.016 0.085
55 E 0.055 0.049 0.04 0.089 0.007 0.064 0.302 0.035 0.026 0.022 0.036 0.075 0.013 0.016 0.026 0.055 0.036 0.005 0.016 0.031
56 G 0.061 0.022 0.023 0.022 0.013 0.017 0.024 0.189 0.012 0.076 0.073 0.027 0.019 0.036 0.015 0.036 0.035 0.149 0.031 0.12
57 D 0.046 0.038 0.042 0.168 0.011 0.072 0.067 0.035 0.018 0.058 0.165 0.049 0.027 0.03 0.019 0.042 0.036 0.005 0.018 0.054
58 A 0.14 0.029 0.031 0.031 0.018 0.023 0.036 0.052 0.014 0.126 0.093 0.04 0.024 0.03 0.024 0.109 0.056 0.005 0.019 0.099
59 F 0.034 0.019 0.017 0.017 0.01 0.011 0.019 0.025 0.018 0.062 0.111 0.019 0.025 0.381 0.011 0.025 0.025 0.017 0.098 0.054
60 L 0.146 0.026 0.019 0.021 0.016 0.02 0.029 0.047 0.013 0.064 0.165 0.032 0.027 0.042 0.019 0.049 0.037 0.129 0.032 0.068
61 K 0.056 0.085 0.043 0.045 0.009 0.158 0.09 0.042 0.026 0.027 0.045 0.163 0.019 0.015 0.025 0.055 0.04 0.006 0.019 0.034
62 T 0.088 0.037 0.047 0.042 0.018 0.03 0.044 0.053 0.016 0.043 0.055 0.049 0.018 0.022 0.028 0.148 0.181 0.006 0.018 0.058
63 I 0.066 0.025 0.026 0.025 0.037 0.019 0.028 0.032 0.011 0.161 0.116 0.032 0.028 0.034 0.02 0.067 0.091 0.006 0.019 0.157
64 I 0.047 0.018 0.015 0.017 0.016 0.013 0.018 0.02 0.009 0.27 0.175 0.023 0.037 0.044 0.015 0.025 0.039 0.006 0.02 0.172
65 L 0.055 0.028 0.025 0.023 0.017 0.02 0.027 0.029 0.011 0.091 0.262 0.033 0.038 0.043 0.019 0.05 0.115 0.007 0.02 0.086
66 L 0.04 0.022 0.015 0.016 0.014 0.014 0.02 0.023 0.013 0.095 0.28 0.023 0.04 0.181 0.013 0.025 0.03 0.011 0.047 0.08
67 I 0.046 0.019 0.014 0.017 0.016 0.014 0.018 0.021 0.009 0.23 0.229 0.024 0.04 0.047 0.014 0.025 0.038 0.006 0.021 0.152
68 L 0.061 0.024 0.017 0.018 0.018 0.018 0.024 0.025 0.01 0.137 0.208 0.028 0.051 0.042 0.016 0.038 0.044 0.006 0.021 0.193
69 I 0.056 0.024 0.025 0.025 0.017 0.018 0.025 0.029 0.011 0.195 0.129 0.031 0.03 0.036 0.019 0.05 0.119 0.006 0.019 0.136
70 V 0.062 0.02 0.016 0.018 0.018 0.015 0.021 0.023 0.008 0.201 0.141 0.025 0.033 0.038 0.016 0.03 0.046 0.006 0.02 0.242
71 I 0.054 0.019 0.015 0.018 0.017 0.015 0.02 0.022 0.01 0.231 0.15 0.024 0.034 0.044 0.015 0.028 0.042 0.007 0.032 0.204
72 T 0.072 0.035 0.043 0.037 0.018 0.027 0.039 0.043 0.014 0.053 0.064 0.045 0.02 0.023 0.027 0.092 0.254 0.006 0.018 0.07
73 Y 0.04 0.028 0.022 0.019 0.009 0.022 0.028 0.025 0.046 0.043 0.068 0.031 0.019 0.13 0.015 0.031 0.028 0.028 0.325 0.046
74 R 0.044 0.242 0.03 0.025 0.01 0.037 0.041 0.029 0.019 0.053 0.158 0.088 0.027 0.03 0.017 0.037 0.034 0.006 0.019 0.052
75 L 0.05 0.026 0.024 0.022 0.015 0.018 0.025 0.029 0.013 0.081 0.189 0.029 0.032 0.157 0.017 0.045 0.096 0.01 0.043 0.081
76 L 0.078 0.026 0.019 0.019 0.017 0.018 0.025 0.03 0.011 0.105 0.282 0.029 0.04 0.045 0.017 0.039 0.061 0.007 0.021 0.11
77 S 0.097 0.038 0.05 0.045 0.017 0.031 0.048 0.058 0.017 0.037 0.049 0.051 0.017 0.022 0.029 0.182 0.139 0.005 0.017 0.051
78 F 0.068 0.026 0.027 0.026 0.016 0.019 0.03 0.037 0.014 0.088 0.107 0.032 0.025 0.151 0.018 0.088 0.05 0.009 0.042 0.126
79 I 0.056 0.024 0.025 0.025 0.017 0.018 0.025 0.029 0.011 0.195 0.129 0.031 0.03 0.036 0.019 0.05 0.119 0.006 0.019 0.136
80 D 0.041 0.023 0.045 0.148 0.011 0.019 0.043 0.032 0.015 0.12 0.099 0.03 0.023 0.137 0.016 0.035 0.034 0.008 0.037 0.083
81 K 0.056 0.106 0.041 0.041 0.009 0.053 0.07 0.043 0.02 0.027 0.043 0.285 0.015 0.015 0.027 0.053 0.039 0.005 0.017 0.032
82 I 0.05 0.047 0.023 0.025 0.014 0.026 0.035 0.028 0.013 0.195 0.125 0.111 0.029 0.034 0.019 0.034 0.039 0.006 0.019 0.127
83 R 0.056 0.233 0.039 0.032 0.009 0.038 0.044 0.194 0.02 0.022 0.04 0.097 0.013 0.017 0.019 0.047 0.033 0.006 0.015 0.029
84 P 0.073 0.04 0.039 0.054 0.012 0.039 0.122 0.046 0.019 0.026 0.038 0.064 0.013 0.017 0.185 0.109 0.051 0.004 0.016 0.034
85 P 0.06 0.032 0.033 0.033 0.01 0.026 0.042 0.038 0.129 0.025 0.037 0.042 0.012 0.019 0.321 0.044 0.033 0.004 0.028 0.029
86 L 0.048 0.039 0.026 0.041 0.013 0.085 0.049 0.028 0.016 0.13 0.193 0.047 0.034 0.036 0.018 0.036 0.038 0.006 0.021 0.096
87 L 0.049 0.049 0.023 0.025 0.014 0.027 0.036 0.028 0.013 0.14 0.197 0.111 0.034 0.038 0.019 0.034 0.037 0.006 0.02 0.101
88 N 0.06 0.043 0.254 0.073 0.011 0.033 0.05 0.065 0.028 0.024 0.034 0.053 0.012 0.019 0.022 0.11 0.057 0.005 0.016 0.031
89 G 0.062 0.031 0.138 0.047 0.013 0.024 0.035 0.151 0.019 0.082 0.068 0.039 0.018 0.024 0.019 0.064 0.046 0.005 0.016 0.099
90 L 0.073 0.029 0.028 0.027 0.017 0.022 0.032 0.037 0.012 0.1 0.193 0.035 0.033 0.037 0.02 0.094 0.054 0.006 0.02 0.131
91 I 0.05 0.05 0.024 0.026 0.013 0.028 0.037 0.029 0.013 0.185 0.121 0.12 0.029 0.033 0.019 0.035 0.039 0.006 0.019 0.122
92 F 0.041 0.023 0.034 0.149 0.011 0.02 0.053 0.031 0.015 0.112 0.098 0.031 0.023 0.149 0.016 0.035 0.033 0.009 0.04 0.079
93 F 0.034 0.019 0.017 0.017 0.011 0.011 0.019 0.026 0.017 0.064 0.115 0.019 0.026 0.384 0.011 0.026 0.026 0.017 0.089 0.055
94 S 0.11 0.04 0.054 0.049 0.018 0.033 0.053 0.067 0.019 0.03 0.042 0.054 0.016 0.021 0.03 0.216 0.082 0.005 0.018 0.042
95 Y 0.041 0.028 0.022 0.019 0.009 0.022 0.028 0.025 0.047 0.044 0.069 0.031 0.019 0.131 0.016 0.031 0.028 0.028 0.315 0.047
96 K 0.057 0.108 0.042 0.042 0.009 0.054 0.071 0.043 0.021 0.028 0.043 0.275 0.016 0.016 0.028 0.054 0.04 0.005 0.017 0.033
97 G 0.059 0.058 0.134 0.052 0.009 0.035 0.048 0.207 0.022 0.023 0.034 0.124 0.012 0.016 0.022 0.058 0.039 0.005 0.014 0.028
98 S 0.112 0.037 0.041 0.039 0.017 0.028 0.044 0.057 0.017 0.044 0.089 0.054 0.021 0.066 0.026 0.16 0.065 0.007 0.026 0.052
99 G 0.066 0.022 0.031 0.03 0.012 0.019 0.033 0.332 0.012 0.105 0.074 0.032 0.018 0.025 0.018 0.042 0.033 0.006 0.014 0.075
100 C 0.049 0.028 0.027 0.022 0.169 0.022 0.029 0.03 0.104 0.039 0.06 0.031 0.017 0.071 0.016 0.036 0.03 0.015 0.161 0.044
101 V 0.052 0.13 0.023 0.022 0.014 0.026 0.031 0.026 0.013 0.153 0.123 0.056 0.028 0.033 0.017 0.034 0.04 0.006 0.019 0.154
102 L 0.044 0.021 0.016 0.017 0.015 0.014 0.02 0.023 0.011 0.155 0.238 0.024 0.038 0.125 0.014 0.027 0.042 0.009 0.036 0.112
103 L 0.041 0.022 0.015 0.016 0.014 0.014 0.02 0.022 0.012 0.097 0.292 0.023 0.041 0.167 0.013 0.024 0.03 0.01 0.044 0.082
104 L 0.041 0.022 0.015 0.016 0.014 0.014 0.02 0.022 0.012 0.097 0.292 0.023 0.041 0.167 0.013 0.024 0.03 0.01 0.044 0.082
105 L 0.045 0.026 0.016 0.017 0.015 0.019 0.022 0.024 0.013 0.102 0.287 0.027 0.081 0.102 0.014 0.028 0.034 0.009 0.032 0.088
106 L 0.044 0.024 0.014 0.015 0.016 0.016 0.02 0.021 0.01 0.114 0.382 0.025 0.049 0.054 0.014 0.024 0.033 0.007 0.022 0.095
107 Y 0.04 0.028 0.022 0.019 0.009 0.022 0.028 0.025 0.046 0.043 0.068 0.031 0.019 0.13 0.015 0.031 0.028 0.028 0.325 0.046
108 C 0.086 0.022 0.024 0.023 0.172 0.016 0.025 0.092 0.013 0.046 0.073 0.028 0.018 0.144 0.017 0.062 0.038 0.009 0.038 0.052
109 L 0.048 0.022 0.014 0.016 0.034 0.015 0.02 0.022 0.009 0.154 0.294 0.025 0.043 0.048 0.014 0.026 0.036 0.006 0.021 0.132
110 G 0.078 0.023 0.039 0.033 0.011 0.019 0.025 0.515 0.013 0.019 0.028 0.033 0.009 0.016 0.019 0.051 0.029 0.005 0.011 0.024
111 V 0.069 0.022 0.016 0.018 0.019 0.016 0.023 0.024 0.008 0.163 0.129 0.026 0.031 0.035 0.016 0.033 0.049 0.005 0.02 0.276
112 L 0.053 0.021 0.015 0.017 0.017 0.015 0.02 0.022 0.009 0.191 0.218 0.025 0.038 0.044 0.015 0.027 0.041 0.006 0.021 0.185
113 L 0.064 0.027 0.026 0.026 0.016 0.021 0.029 0.034 0.012 0.143 0.202 0.033 0.039 0.041 0.019 0.085 0.05 0.006 0.02 0.106
114 Y 0.04 0.028 0.022 0.019 0.009 0.022 0.028 0.025 0.046 0.043 0.068 0.031 0.019 0.13 0.015 0.031 0.028 0.028 0.325 0.046
115 V 0.062 0.025 0.025 0.024 0.017 0.019 0.026 0.029 0.01 0.169 0.121 0.031 0.029 0.035 0.019 0.049 0.114 0.006 0.019 0.17
116 L 0.046 0.027 0.016 0.017 0.016 0.02 0.023 0.023 0.013 0.107 0.308 0.029 0.088 0.055 0.015 0.028 0.035 0.008 0.034 0.092
117 Q 0.058 0.083 0.043 0.045 0.009 0.159 0.089 0.042 0.026 0.027 0.045 0.154 0.019 0.015 0.025 0.061 0.042 0.006 0.019 0.034
118 N 0.042 0.044 0.324 0.082 0.009 0.033 0.049 0.065 0.031 0.022 0.031 0.053 0.011 0.018 0.02 0.069 0.049 0.004 0.016 0.027
119 G 0.078 0.023 0.039 0.033 0.011 0.019 0.025 0.515 0.013 0.019 0.028 0.033 0.009 0.016 0.019 0.051 0.029 0.005 0.011 0.024
120 I 0.047 0.018 0.015 0.018 0.016 0.013 0.018 0.02 0.009 0.278 0.166 0.023 0.036 0.044 0.015 0.025 0.039 0.006 0.02 0.175
121 A 0.234 0.034 0.035 0.036 0.02 0.028 0.044 0.074 0.016 0.038 0.053 0.047 0.017 0.021 0.029 0.132 0.06 0.005 0.017 0.059
122 L 0.04 0.022 0.015 0.016 0.014 0.014 0.02 0.023 0.012 0.095 0.282 0.023 0.04 0.18 0.013 0.024 0.03 0.011 0.046 0.08
123 G 0.078 0.023 0.039 0.033 0.011 0.019 0.025 0.515 0.013 0.019 0.028 0.033 0.009 0.016 0.019 0.051 0.029 0.005 0.011 0.024
124 L 0.128 0.026 0.018 0.02 0.018 0.019 0.027 0.04 0.012 0.09 0.274 0.031 0.039 0.043 0.019 0.044 0.039 0.006 0.02 0.086
125 S 0.086 0.036 0.058 0.167 0.014 0.032 0.065 0.059 0.019 0.027 0.037 0.05 0.013 0.019 0.027 0.169 0.066 0.005 0.015 0.036
126 Y 0.04 0.028 0.022 0.019 0.009 0.022 0.028 0.025 0.046 0.043 0.068 0.031 0.019 0.13 0.015 0.031 0.028 0.028 0.325 0.046
127 N 0.042 0.044 0.324 0.082 0.009 0.033 0.049 0.065 0.031 0.022 0.031 0.053 0.011 0.018 0.02 0.069 0.049 0.004 0.016 0.027
128 D 0.066 0.037 0.057 0.215 0.011 0.038 0.125 0.05 0.02 0.025 0.034 0.054 0.012 0.017 0.025 0.111 0.051 0.005 0.014 0.031
129 R 0.044 0.351 0.038 0.031 0.008 0.048 0.052 0.033 0.023 0.023 0.046 0.119 0.015 0.017 0.019 0.044 0.035 0.006 0.017 0.031
130 L 0.045 0.022 0.014 0.016 0.016 0.015 0.019 0.021 0.01 0.169 0.31 0.024 0.045 0.051 0.014 0.024 0.035 0.007 0.022 0.122
131 T 0.084 0.037 0.046 0.043 0.017 0.031 0.053 0.05 0.016 0.044 0.056 0.049 0.018 0.022 0.028 0.136 0.188 0.006 0.017 0.059
132 A 0.217 0.056 0.031 0.033 0.017 0.035 0.05 0.066 0.017 0.038 0.053 0.124 0.017 0.019 0.029 0.074 0.046 0.005 0.017 0.056
133 N 0.042 0.044 0.324 0.082 0.009 0.033 0.049 0.065 0.031 0.022 0.031 0.053 0.011 0.018 0.02 0.069 0.049 0.004 0.016 0.027
134 T 0.147 0.034 0.037 0.035 0.019 0.027 0.039 0.054 0.014 0.049 0.063 0.045 0.019 0.023 0.028 0.089 0.186 0.006 0.018 0.07
135 G 0.078 0.023 0.039 0.033 0.011 0.019 0.025 0.515 0.013 0.019 0.028 0.033 0.009 0.016 0.019 0.051 0.029 0.005 0.011 0.024
136 G 0.078 0.023 0.039 0.033 0.011 0.019 0.025 0.515 0.013 0.019 0.028 0.033 0.009 0.016 0.019 0.051 0.029 0.005 0.011 0.024
137 G 0.078 0.023 0.039 0.033 0.011 0.019 0.025 0.515 0.013 0.019 0.028 0.033 0.009 0.016 0.019 0.051 0.029 0.005 0.011 0.024
138 L 0.044 0.023 0.014 0.015 0.016 0.016 0.02 0.021 0.01 0.132 0.358 0.025 0.048 0.053 0.014 0.024 0.034 0.007 0.022 0.104
139 S 0.172 0.037 0.044 0.042 0.019 0.03 0.048 0.07 0.018 0.034 0.047 0.05 0.016 0.021 0.029 0.18 0.071 0.005 0.017 0.05
140 I 0.047 0.018 0.015 0.018 0.016 0.013 0.018 0.02 0.009 0.278 0.166 0.023 0.036 0.044 0.015 0.025 0.039 0.006 0.02 0.175
141 I 0.047 0.018 0.015 0.018 0.016 0.014 0.018 0.021 0.009 0.272 0.167 0.024 0.041 0.044 0.015 0.025 0.039 0.006 0.021 0.172
142 L 0.044 0.024 0.014 0.015 0.016 0.016 0.02 0.021 0.01 0.114 0.382 0.025 0.049 0.054 0.014 0.024 0.033 0.007 0.022 0.095
143 L 0.052 0.032 0.02 0.02 0.016 0.028 0.028 0.028 0.016 0.099 0.195 0.036 0.169 0.048 0.016 0.036 0.04 0.008 0.024 0.091
144 Y 0.04 0.028 0.022 0.019 0.009 0.022 0.028 0.025 0.046 0.043 0.068 0.031 0.019 0.13 0.015 0.031 0.028 0.028 0.325 0.046
145 A 0.213 0.035 0.038 0.038 0.02 0.029 0.045 0.072 0.017 0.037 0.051 0.048 0.017 0.021 0.029 0.148 0.064 0.005 0.017 0.056
146 Y 0.04 0.028 0.022 0.019 0.009 0.022 0.028 0.025 0.046 0.043 0.068 0.031 0.019 0.13 0.015 0.031 0.028 0.028 0.325 0.046
147 I 0.054 0.019 0.015 0.018 0.017 0.014 0.019 0.022 0.009 0.24 0.154 0.024 0.035 0.041 0.015 0.027 0.043 0.006 0.02 0.209
148 P 0.056 0.026 0.023 0.031 0.01 0.02 0.036 0.036 0.013 0.026 0.036 0.041 0.01 0.013 0.499 0.043 0.036 0.003 0.013 0.031
149 A 0.22 0.026 0.022 0.025 0.177 0.021 0.032 0.062 0.012 0.043 0.061 0.036 0.017 0.021 0.025 0.07 0.045 0.005 0.016 0.064
150 L 0.047 0.024 0.016 0.017 0.016 0.019 0.022 0.023 0.012 0.164 0.248 0.028 0.085 0.049 0.015 0.028 0.037 0.007 0.022 0.121
151 L 0.046 0.02 0.014 0.017 0.016 0.014 0.018 0.021 0.009 0.224 0.238 0.024 0.041 0.047 0.014 0.025 0.037 0.006 0.021 0.148
152 L 0.052 0.023 0.015 0.016 0.017 0.016 0.021 0.022 0.009 0.13 0.297 0.025 0.043 0.048 0.015 0.027 0.038 0.007 0.022 0.156
153 L 0.129 0.024 0.018 0.021 0.018 0.018 0.026 0.04 0.013 0.136 0.199 0.031 0.034 0.043 0.019 0.045 0.04 0.007 0.031 0.108
154 Y 0.04 0.028 0.022 0.019 0.009 0.022 0.028 0.025 0.046 0.043 0.068 0.031 0.019 0.13 0.015 0.031 0.028 0.028 0.325 0.046
155 I 0.067 0.025 0.028 0.028 0.016 0.02 0.029 0.035 0.012 0.195 0.125 0.033 0.029 0.036 0.02 0.092 0.053 0.006 0.019 0.13
156 S 0.081 0.033 0.071 0.042 0.016 0.026 0.04 0.05 0.017 0.112 0.082 0.043 0.022 0.028 0.023 0.142 0.064 0.005 0.018 0.084
157 F 0.047 0.052 0.026 0.026 0.012 0.03 0.039 0.032 0.018 0.063 0.117 0.113 0.07 0.152 0.018 0.038 0.035 0.01 0.043 0.059
158 P 0.052 0.032 0.123 0.048 0.01 0.025 0.04 0.045 0.019 0.024 0.034 0.045 0.01 0.014 0.339 0.052 0.04 0.003 0.014 0.029
159 S 0.089 0.04 0.112 0.054 0.016 0.032 0.049 0.062 0.021 0.031 0.043 0.052 0.015 0.02 0.027 0.172 0.1 0.005 0.017 0.042
160 K 0.052 0.197 0.04 0.037 0.008 0.051 0.063 0.039 0.021 0.026 0.044 0.224 0.015 0.016 0.024 0.05 0.038 0.005 0.017 0.032
161 K 0.072 0.055 0.037 0.036 0.014 0.034 0.047 0.044 0.016 0.103 0.08 0.122 0.022 0.026 0.024 0.104 0.061 0.005 0.018 0.079
162 G 0.075 0.035 0.138 0.054 0.012 0.028 0.042 0.214 0.021 0.024 0.034 0.046 0.012 0.018 0.023 0.111 0.06 0.005 0.015 0.032
163 L 0.044 0.024 0.014 0.015 0.016 0.016 0.02 0.021 0.01 0.112 0.372 0.025 0.048 0.067 0.014 0.024 0.033 0.007 0.025 0.094
164 I 0.042 0.018 0.015 0.017 0.014 0.012 0.018 0.022 0.011 0.206 0.149 0.022 0.033 0.16 0.013 0.025 0.035 0.009 0.043 0.135
165 L 0.054 0.022 0.016 0.017 0.017 0.016 0.021 0.023 0.009 0.177 0.222 0.026 0.038 0.044 0.015 0.03 0.048 0.006 0.021 0.178
166 C 0.081 0.025 0.03 0.028 0.314 0.02 0.029 0.045 0.012 0.039 0.056 0.032 0.016 0.02 0.021 0.11 0.053 0.004 0.014 0.051
167 L 0.041 0.022 0.015 0.016 0.014 0.014 0.02 0.023 0.012 0.099 0.283 0.023 0.04 0.166 0.013 0.025 0.031 0.01 0.044 0.088
168 L 0.052 0.019 0.015 0.016 0.174 0.014 0.018 0.025 0.009 0.152 0.196 0.023 0.033 0.039 0.015 0.03 0.036 0.006 0.018 0.112
169 L 0.041 0.022 0.015 0.016 0.014 0.014 0.02 0.022 0.012 0.097 0.292 0.023 0.041 0.167 0.013 0.024 0.03 0.01 0.044 0.082
170 C 0.093 0.031 0.041 0.037 0.174 0.025 0.039 0.071 0.015 0.034 0.049 0.042 0.016 0.02 0.025 0.159 0.064 0.005 0.015 0.046
171 V 0.063 0.025 0.025 0.025 0.017 0.019 0.027 0.047 0.01 0.159 0.116 0.032 0.028 0.033 0.019 0.05 0.113 0.006 0.019 0.164
172 L 0.05 0.021 0.016 0.016 0.033 0.014 0.021 0.024 0.011 0.113 0.206 0.023 0.035 0.147 0.014 0.028 0.036 0.009 0.041 0.142
173 C 0.053 0.017 0.016 0.016 0.312 0.011 0.017 0.03 0.011 0.051 0.082 0.02 0.019 0.158 0.014 0.035 0.032 0.009 0.04 0.056
174 G 0.078 0.023 0.039 0.033 0.011 0.019 0.025 0.515 0.013 0.019 0.028 0.033 0.009 0.016 0.019 0.051 0.029 0.005 0.011 0.024
175 L 0.048 0.023 0.015 0.017 0.016 0.016 0.02 0.022 0.01 0.154 0.294 0.026 0.043 0.049 0.015 0.028 0.044 0.007 0.021 0.132
176 L 0.046 0.02 0.014 0.017 0.016 0.014 0.018 0.021 0.009 0.224 0.238 0.024 0.041 0.047 0.014 0.025 0.037 0.006 0.021 0.148
177 Y 0.04 0.028 0.022 0.019 0.009 0.022 0.028 0.025 0.046 0.043 0.068 0.031 0.019 0.13 0.015 0.031 0.028 0.028 0.325 0.046
178 Y 0.04 0.028 0.022 0.019 0.009 0.022 0.028 0.025 0.046 0.043 0.068 0.031 0.019 0.13 0.015 0.031 0.028 0.028 0.325 0.046
179 I 0.053 0.019 0.015 0.018 0.017 0.014 0.019 0.022 0.009 0.244 0.155 0.024 0.035 0.041 0.015 0.027 0.042 0.006 0.02 0.205
180 V 0.062 0.02 0.016 0.018 0.018 0.015 0.021 0.023 0.008 0.201 0.141 0.025 0.033 0.038 0.016 0.03 0.046 0.006 0.02 0.242
181 I 0.047 0.018 0.015 0.018 0.016 0.013 0.018 0.02 0.009 0.278 0.166 0.023 0.036 0.044 0.015 0.025 0.039 0.006 0.02 0.175
182 G 0.078 0.023 0.039 0.033 0.011 0.019 0.025 0.515 0.013 0.019 0.028 0.033 0.009 0.016 0.019 0.051 0.029 0.005 0.011 0.024
183 G 0.078 0.023 0.039 0.033 0.011 0.019 0.025 0.515 0.013 0.019 0.028 0.033 0.009 0.016 0.019 0.051 0.029 0.005 0.011 0.024
184 S 0.109 0.04 0.054 0.048 0.017 0.033 0.052 0.066 0.019 0.029 0.041 0.054 0.016 0.021 0.029 0.228 0.081 0.005 0.017 0.041
185 R 0.044 0.351 0.038 0.031 0.008 0.048 0.052 0.033 0.023 0.023 0.046 0.119 0.015 0.017 0.019 0.044 0.035 0.006 0.017 0.031
186 N 0.042 0.044 0.324 0.082 0.009 0.033 0.049 0.065 0.031 0.022 0.031 0.053 0.011 0.018 0.02 0.069 0.049 0.004 0.016 0.027
187 V 0.061 0.022 0.016 0.017 0.018 0.016 0.022 0.023 0.009 0.147 0.213 0.026 0.037 0.042 0.016 0.03 0.044 0.006 0.021 0.216
188 L 0.044 0.024 0.014 0.015 0.016 0.016 0.02 0.021 0.01 0.114 0.382 0.025 0.049 0.054 0.014 0.024 0.033 0.007 0.022 0.095
189 A 0.224 0.028 0.03 0.031 0.018 0.023 0.035 0.223 0.014 0.035 0.049 0.04 0.015 0.02 0.026 0.073 0.043 0.005 0.015 0.053
190 A 0.297 0.031 0.025 0.029 0.021 0.025 0.04 0.078 0.015 0.043 0.059 0.044 0.017 0.021 0.029 0.084 0.049 0.005 0.017 0.068
191 G 0.078 0.023 0.039 0.033 0.011 0.019 0.025 0.515 0.013 0.019 0.028 0.033 0.009 0.016 0.019 0.051 0.029 0.005 0.011 0.024
192 V 0.063 0.02 0.016 0.018 0.018 0.015 0.021 0.023 0.008 0.197 0.14 0.025 0.033 0.038 0.016 0.03 0.046 0.006 0.02 0.246
193 F 0.033 0.019 0.017 0.017 0.01 0.01 0.019 0.025 0.017 0.063 0.113 0.019 0.025 0.393 0.01 0.025 0.025 0.017 0.088 0.054
194 S 0.096 0.034 0.041 0.038 0.018 0.027 0.042 0.052 0.015 0.074 0.071 0.044 0.021 0.026 0.025 0.163 0.07 0.005 0.018 0.12
195 L 0.044 0.024 0.014 0.015 0.016 0.016 0.02 0.021 0.01 0.114 0.382 0.025 0.049 0.054 0.014 0.024 0.033 0.007 0.022 0.095
196 I 0.053 0.019 0.015 0.018 0.017 0.014 0.019 0.021 0.009 0.248 0.157 0.024 0.035 0.042 0.015 0.027 0.042 0.006 0.02 0.201
197 Y 0.04 0.027 0.021 0.018 0.009 0.021 0.027 0.025 0.045 0.044 0.069 0.03 0.019 0.139 0.015 0.031 0.028 0.027 0.316 0.047
198 L 0.047 0.027 0.016 0.017 0.016 0.02 0.023 0.023 0.012 0.109 0.319 0.029 0.089 0.052 0.015 0.028 0.035 0.007 0.023 0.094
199 A 0.273 0.03 0.027 0.03 0.02 0.025 0.038 0.126 0.015 0.04 0.055 0.043 0.016 0.021 0.028 0.08 0.047 0.005 0.017 0.063
200 L 0.053 0.023 0.015 0.016 0.017 0.016 0.021 0.022 0.009 0.137 0.289 0.025 0.043 0.048 0.015 0.027 0.039 0.006 0.021 0.158
201 L 0.044 0.023 0.017 0.017 0.014 0.017 0.022 0.022 0.022 0.145 0.205 0.026 0.035 0.076 0.015 0.027 0.033 0.014 0.122 0.105
202 F 0.043 0.04 0.028 0.027 0.009 0.085 0.05 0.03 0.032 0.043 0.074 0.047 0.021 0.169 0.017 0.037 0.031 0.017 0.153 0.045
203 K 0.056 0.106 0.041 0.041 0.009 0.053 0.07 0.043 0.02 0.027 0.043 0.285 0.015 0.015 0.027 0.053 0.039 0.005 0.017 0.032
204 H 0.042 0.045 0.143 0.053 0.008 0.036 0.052 0.047 0.251 0.023 0.036 0.048 0.014 0.026 0.019 0.051 0.034 0.007 0.043 0.024
205 I 0.047 0.018 0.015 0.018 0.016 0.013 0.018 0.02 0.009 0.278 0.166 0.023 0.036 0.044 0.015 0.025 0.039 0.006 0.02 0.175
206 N 0.076 0.04 0.14 0.056 0.015 0.031 0.047 0.059 0.021 0.034 0.045 0.051 0.015 0.021 0.026 0.135 0.122 0.005 0.017 0.045
207 K 0.053 0.077 0.032 0.033 0.011 0.04 0.053 0.035 0.017 0.111 0.084 0.198 0.022 0.025 0.023 0.044 0.039 0.005 0.018 0.08
208 K 0.056 0.106 0.041 0.041 0.009 0.053 0.07 0.043 0.02 0.027 0.043 0.285 0.015 0.015 0.027 0.053 0.039 0.005 0.017 0.032
209 K 0.049 0.068 0.035 0.036 0.009 0.103 0.067 0.037 0.023 0.037 0.065 0.134 0.02 0.127 0.021 0.046 0.036 0.009 0.039 0.04
210 L 0.052 0.023 0.015 0.016 0.017 0.016 0.021 0.022 0.009 0.13 0.297 0.025 0.043 0.048 0.015 0.027 0.038 0.007 0.022 0.156
211 F 0.116 0.022 0.018 0.021 0.016 0.016 0.025 0.039 0.013 0.131 0.125 0.028 0.027 0.154 0.018 0.042 0.037 0.009 0.042 0.1
212 L 0.053 0.023 0.015 0.016 0.017 0.016 0.021 0.022 0.009 0.132 0.288 0.025 0.043 0.047 0.015 0.027 0.039 0.006 0.021 0.162
213 I 0.13 0.022 0.018 0.021 0.018 0.017 0.025 0.039 0.011 0.2 0.13 0.03 0.03 0.036 0.02 0.045 0.043 0.006 0.019 0.139
214 L 0.069 0.028 0.029 0.028 0.017 0.021 0.031 0.037 0.013 0.131 0.192 0.035 0.033 0.039 0.02 0.1 0.053 0.006 0.02 0.099
215 G 0.148 0.025 0.027 0.027 0.017 0.02 0.03 0.206 0.012 0.075 0.072 0.034 0.019 0.024 0.021 0.056 0.043 0.005 0.016 0.123
216 V 0.06 0.019 0.017 0.018 0.157 0.014 0.02 0.026 0.008 0.162 0.12 0.024 0.028 0.033 0.016 0.034 0.05 0.005 0.018 0.17
217 G 0.078 0.023 0.039 0.033 0.011 0.019 0.025 0.515 0.013 0.019 0.028 0.033 0.009 0.016 0.019 0.051 0.029 0.005 0.011 0.024
218 V 0.061 0.022 0.016 0.017 0.018 0.016 0.022 0.023 0.009 0.147 0.213 0.026 0.037 0.042 0.016 0.03 0.044 0.006 0.021 0.216
219 V 0.054 0.023 0.017 0.018 0.016 0.017 0.023 0.025 0.012 0.117 0.148 0.026 0.061 0.145 0.014 0.031 0.039 0.009 0.041 0.163
220 T 0.093 0.037 0.046 0.041 0.018 0.029 0.043 0.052 0.015 0.045 0.057 0.048 0.018 0.022 0.028 0.137 0.189 0.006 0.018 0.061
221 L 0.044 0.024 0.014 0.015 0.016 0.016 0.02 0.021 0.01 0.114 0.382 0.025 0.049 0.054 0.014 0.024 0.033 0.007 0.022 0.095
222 L 0.05 0.027 0.018 0.019 0.016 0.022 0.024 0.025 0.013 0.166 0.184 0.031 0.12 0.046 0.015 0.032 0.04 0.007 0.023 0.122
223 L 0.056 0.022 0.022 0.022 0.014 0.016 0.021 0.186 0.011 0.131 0.2 0.027 0.032 0.038 0.016 0.033 0.034 0.006 0.018 0.095
224 L 0.047 0.027 0.016 0.017 0.016 0.02 0.023 0.023 0.012 0.109 0.319 0.029 0.089 0.052 0.015 0.028 0.035 0.007 0.023 0.094
225 E 0.055 0.049 0.04 0.089 0.007 0.064 0.303 0.035 0.026 0.022 0.036 0.075 0.013 0.016 0.026 0.055 0.036 0.005 0.016 0.031
226 L 0.045 0.022 0.014 0.016 0.016 0.015 0.019 0.021 0.01 0.169 0.31 0.024 0.045 0.051 0.014 0.024 0.035 0.007 0.022 0.122
227 Y 0.04 0.028 0.022 0.019 0.009 0.022 0.028 0.025 0.046 0.043 0.068 0.031 0.019 0.13 0.015 0.031 0.028 0.028 0.325 0.046
228 R 0.044 0.351 0.038 0.031 0.008 0.048 0.052 0.033 0.023 0.023 0.046 0.119 0.015 0.017 0.019 0.044 0.035 0.006 0.017 0.031
229 Y 0.04 0.028 0.022 0.019 0.009 0.022 0.028 0.025 0.046 0.043 0.068 0.031 0.019 0.13 0.015 0.031 0.028 0.028 0.325 0.046
230 A 0.158 0.031 0.032 0.032 0.019 0.025 0.038 0.056 0.014 0.078 0.076 0.041 0.021 0.026 0.025 0.115 0.06 0.005 0.018 0.129
231 N 0.042 0.044 0.324 0.082 0.009 0.033 0.049 0.065 0.031 0.022 0.031 0.053 0.011 0.018 0.02 0.069 0.049 0.004 0.016 0.027
232 N 0.044 0.039 0.229 0.188 0.009 0.032 0.063 0.058 0.027 0.023 0.03 0.05 0.011 0.017 0.021 0.069 0.045 0.004 0.014 0.026
233 I 0.042 0.018 0.015 0.017 0.014 0.012 0.018 0.022 0.011 0.206 0.149 0.022 0.033 0.16 0.013 0.025 0.035 0.009 0.043 0.135
234 S 0.097 0.038 0.05 0.045 0.017 0.031 0.048 0.058 0.017 0.037 0.049 0.051 0.017 0.022 0.029 0.182 0.139 0.005 0.017 0.051
235 D 0.044 0.034 0.062 0.334 0.007 0.037 0.138 0.044 0.02 0.022 0.03 0.051 0.01 0.015 0.023 0.052 0.035 0.004 0.012 0.026
236 A 0.221 0.028 0.022 0.025 0.021 0.022 0.034 0.06 0.012 0.083 0.082 0.038 0.022 0.026 0.025 0.067 0.049 0.005 0.018 0.137
237 L 0.045 0.022 0.014 0.016 0.016 0.015 0.019 0.021 0.01 0.169 0.31 0.024 0.045 0.051 0.014 0.024 0.035 0.007 0.022 0.122
238 D 0.044 0.034 0.143 0.295 0.008 0.031 0.077 0.052 0.022 0.022 0.029 0.047 0.01 0.016 0.022 0.063 0.041 0.004 0.013 0.025
239 F 0.033 0.019 0.017 0.017 0.01 0.01 0.019 0.025 0.017 0.063 0.113 0.019 0.025 0.393 0.01 0.025 0.025 0.017 0.088 0.054
240 I 0.042 0.018 0.015 0.017 0.014 0.012 0.018 0.022 0.011 0.2 0.156 0.022 0.033 0.161 0.013 0.025 0.034 0.01 0.043 0.132
241 L 0.068 0.031 0.029 0.028 0.016 0.025 0.033 0.038 0.015 0.088 0.205 0.038 0.073 0.041 0.02 0.095 0.051 0.007 0.021 0.079
242 N 0.064 0.043 0.234 0.071 0.012 0.033 0.05 0.065 0.027 0.025 0.035 0.053 0.013 0.019 0.023 0.122 0.06 0.005 0.016 0.032
243 G 0.07 0.032 0.039 0.052 0.01 0.034 0.118 0.355 0.017 0.02 0.031 0.047 0.01 0.016 0.021 0.052 0.032 0.005 0.013 0.026
244 G 0.078 0.023 0.039 0.033 0.011 0.019 0.025 0.515 0.013 0.019 0.028 0.033 0.009 0.016 0.019 0.051 0.029 0.005 0.011 0.024
245 I 0.054 0.023 0.017 0.019 0.016 0.018 0.022 0.042 0.011 0.19 0.161 0.028 0.074 0.042 0.016 0.031 0.041 0.006 0.021 0.167
246 K 0.056 0.081 0.042 0.05 0.008 0.148 0.114 0.041 0.026 0.026 0.044 0.154 0.018 0.015 0.025 0.054 0.04 0.006 0.019 0.034
247 V 0.082 0.028 0.029 0.028 0.018 0.022 0.033 0.038 0.012 0.118 0.1 0.035 0.026 0.03 0.021 0.098 0.06 0.005 0.019 0.198
248 L 0.046 0.02 0.014 0.017 0.016 0.014 0.018 0.021 0.009 0.217 0.246 0.024 0.041 0.048 0.014 0.024 0.037 0.006 0.021 0.145
249 L 0.066 0.029 0.027 0.026 0.016 0.022 0.031 0.036 0.013 0.086 0.268 0.035 0.038 0.043 0.019 0.092 0.049 0.006 0.02 0.077
250 F 0.033 0.019 0.017 0.017 0.01 0.01 0.019 0.025 0.017 0.063 0.113 0.019 0.025 0.393 0.01 0.025 0.025 0.017 0.088 0.054
251 A 0.205 0.026 0.022 0.026 0.019 0.021 0.033 0.057 0.013 0.122 0.095 0.037 0.024 0.029 0.024 0.065 0.054 0.006 0.018 0.104
252 F 0.033 0.019 0.017 0.017 0.01 0.01 0.019 0.025 0.017 0.063 0.113 0.019 0.025 0.393 0.01 0.025 0.025 0.017 0.088 0.054
253 E 0.055 0.049 0.04 0.089 0.007 0.064 0.303 0.035 0.026 0.022 0.036 0.075 0.013 0.016 0.026 0.055 0.036 0.005 0.016 0.031
254 S 0.109 0.04 0.054 0.048 0.017 0.033 0.052 0.066 0.019 0.029 0.041 0.054 0.016 0.021 0.029 0.228 0.081 0.005 0.017 0.041
255 F 0.033 0.019 0.017 0.017 0.01 0.01 0.019 0.025 0.017 0.063 0.113 0.019 0.025 0.393 0.01 0.025 0.025 0.017 0.088 0.054
256 S 0.109 0.04 0.054 0.048 0.017 0.033 0.052 0.066 0.019 0.029 0.041 0.054 0.016 0.021 0.029 0.228 0.081 0.005 0.017 0.041
257 P 0.056 0.026 0.023 0.031 0.01 0.02 0.036 0.036 0.013 0.026 0.036 0.041 0.01 0.013 0.499 0.043 0.036 0.003 0.013 0.031
258 L 0.051 0.031 0.02 0.02 0.016 0.027 0.027 0.027 0.015 0.113 0.193 0.035 0.159 0.047 0.016 0.035 0.04 0.008 0.024 0.098
259 H 0.039 0.037 0.041 0.031 0.009 0.029 0.042 0.034 0.247 0.036 0.063 0.037 0.018 0.151 0.016 0.036 0.026 0.011 0.067 0.033
260 A 0.234 0.034 0.035 0.036 0.02 0.028 0.044 0.074 0.016 0.038 0.053 0.047 0.017 0.021 0.029 0.132 0.06 0.005 0.017 0.059
261 V 0.069 0.022 0.016 0.018 0.019 0.016 0.023 0.024 0.008 0.163 0.129 0.026 0.031 0.035 0.016 0.033 0.049 0.005 0.02 0.276
262 L 0.046 0.02 0.014 0.017 0.016 0.014 0.018 0.021 0.009 0.224 0.238 0.024 0.041 0.047 0.014 0.025 0.037 0.006 0.021 0.148
263 N 0.042 0.044 0.324 0.082 0.009 0.033 0.049 0.065 0.031 0.022 0.031 0.053 0.011 0.018 0.02 0.069 0.049 0.004 0.016 0.027
264 I 0.047 0.018 0.015 0.018 0.016 0.013 0.018 0.02 0.009 0.278 0.166 0.023 0.036 0.044 0.015 0.025 0.039 0.006 0.02 0.175
265 N 0.064 0.043 0.234 0.071 0.012 0.033 0.05 0.065 0.027 0.025 0.035 0.053 0.013 0.019 0.023 0.122 0.06 0.005 0.016 0.032
266 D 0.046 0.036 0.059 0.297 0.008 0.04 0.152 0.043 0.02 0.023 0.032 0.053 0.011 0.016 0.023 0.054 0.044 0.004 0.013 0.028
267 A 0.297 0.031 0.025 0.029 0.021 0.025 0.04 0.078 0.015 0.043 0.059 0.044 0.017 0.021 0.029 0.084 0.049 0.005 0.017 0.068
268 L 0.045 0.022 0.014 0.016 0.016 0.015 0.019 0.021 0.01 0.169 0.31 0.024 0.045 0.051 0.014 0.024 0.035 0.007 0.022 0.122
269 D 0.055 0.056 0.046 0.144 0.011 0.036 0.063 0.041 0.017 0.044 0.063 0.123 0.032 0.021 0.024 0.059 0.086 0.005 0.016 0.054
270 K 0.051 0.092 0.146 0.056 0.009 0.046 0.062 0.05 0.025 0.025 0.039 0.193 0.014 0.016 0.024 0.059 0.043 0.005 0.017 0.03
271 N 0.043 0.137 0.199 0.061 0.008 0.045 0.052 0.051 0.065 0.023 0.037 0.073 0.013 0.019 0.02 0.058 0.042 0.005 0.021 0.028
272 F 0.04 0.025 0.019 0.018 0.012 0.024 0.025 0.024 0.025 0.07 0.175 0.027 0.03 0.191 0.014 0.028 0.029 0.017 0.145 0.063
273 I 0.042 0.018 0.015 0.017 0.014 0.012 0.018 0.022 0.012 0.198 0.147 0.022 0.032 0.173 0.013 0.025 0.034 0.01 0.045 0.13
274 E 0.055 0.049 0.04 0.089 0.007 0.064 0.303 0.035 0.026 0.022 0.036 0.075 0.013 0.016 0.026 0.055 0.036 0.005 0.016 0.031
275 P 0.053 0.023 0.02 0.026 0.012 0.018 0.029 0.03 0.011 0.119 0.084 0.034 0.02 0.024 0.319 0.037 0.037 0.004 0.016 0.084
276 Q 0.055 0.073 0.044 0.047 0.009 0.222 0.102 0.041 0.029 0.026 0.047 0.09 0.02 0.015 0.023 0.055 0.041 0.006 0.02 0.035
277 Y 0.053 0.026 0.027 0.023 0.01 0.021 0.027 0.188 0.035 0.035 0.055 0.032 0.015 0.092 0.017 0.038 0.028 0.02 0.22 0.039
278 L 0.129 0.024 0.018 0.021 0.018 0.018 0.026 0.04 0.011 0.143 0.192 0.031 0.033 0.052 0.019 0.044 0.04 0.006 0.022 0.111
279 K 0.086 0.06 0.045 0.042 0.015 0.037 0.053 0.051 0.018 0.037 0.05 0.128 0.017 0.02 0.028 0.119 0.124 0.005 0.017 0.049
280 T 0.072 0.035 0.043 0.037 0.018 0.027 0.039 0.043 0.014 0.053 0.064 0.045 0.02 0.023 0.027 0.092 0.254 0.006 0.018 0.07
281 F 0.033 0.019 0.017 0.017 0.01 0.01 0.019 0.025 0.017 0.063 0.113 0.019 0.025 0.393 0.01 0.025 0.025 0.017 0.088 0.054
282 L 0.041 0.022 0.015 0.016 0.014 0.014 0.02 0.022 0.012 0.097 0.292 0.023 0.041 0.167 0.013 0.024 0.03 0.01 0.044 0.082
283 N 0.042 0.044 0.324 0.082 0.009 0.033 0.049 0.065 0.031 0.022 0.031 0.053 0.011 0.018 0.02 0.069 0.049 0.004 0.016 0.027
284 E 0.055 0.049 0.04 0.089 0.007 0.064 0.303 0.035 0.026 0.022 0.036 0.075 0.013 0.016 0.026 0.055 0.036 0.005 0.016 0.031
285 F 0.033 0.019 0.017 0.017 0.01 0.01 0.019 0.025 0.017 0.063 0.113 0.019 0.025 0.393 0.01 0.025 0.025 0.017 0.088 0.054
286 G 0.098 0.034 0.049 0.043 0.015 0.028 0.043 0.215 0.017 0.026 0.037 0.047 0.013 0.019 0.026 0.169 0.064 0.005 0.015 0.036
287 I 0.047 0.018 0.015 0.018 0.016 0.013 0.018 0.02 0.009 0.278 0.166 0.023 0.036 0.044 0.015 0.025 0.039 0.006 0.02 0.175
288 L 0.047 0.02 0.014 0.017 0.016 0.014 0.019 0.021 0.009 0.219 0.237 0.024 0.04 0.047 0.014 0.025 0.038 0.006 0.021 0.152
289 I 0.047 0.018 0.015 0.018 0.016 0.013 0.018 0.02 0.009 0.278 0.166 0.023 0.036 0.044 0.015 0.025 0.039 0.006 0.02 0.175
290 P 0.056 0.026 0.023 0.031 0.01 0.02 0.036 0.036 0.013 0.026 0.036 0.041 0.01 0.013 0.499 0.043 0.036 0.003 0.013 0.031
291 R 0.044 0.351 0.038 0.031 0.008 0.048 0.052 0.033 0.023 0.023 0.046 0.119 0.015 0.017 0.019 0.044 0.035 0.006 0.017 0.031
292 F 0.033 0.019 0.017 0.017 0.01 0.01 0.019 0.025 0.017 0.063 0.113 0.019 0.025 0.393 0.01 0.025 0.025 0.017 0.088 0.054
293 L 0.044 0.024 0.014 0.015 0.016 0.016 0.02 0.021 0.01 0.114 0.382 0.025 0.049 0.054 0.014 0.024 0.033 0.007 0.022 0.095
294 W 0.03 0.022 0.015 0.015 0.008 0.015 0.022 0.03 0.015 0.03 0.052 0.022 0.015 0.06 0.008 0.022 0.022 0.497 0.068 0.03
295 E 0.055 0.041 0.034 0.07 0.008 0.049 0.214 0.035 0.021 0.023 0.036 0.063 0.012 0.015 0.183 0.051 0.036 0.004 0.015 0.031
296 D 0.053 0.028 0.058 0.266 0.009 0.026 0.067 0.202 0.029 0.021 0.028 0.041 0.009 0.016 0.021 0.051 0.033 0.004 0.013 0.024
297 K 0.056 0.106 0.041 0.041 0.009 0.053 0.07 0.043 0.02 0.027 0.043 0.285 0.015 0.015 0.027 0.053 0.039 0.005 0.017 0.032
298 P 0.056 0.026 0.023 0.031 0.01 0.02 0.036 0.036 0.013 0.026 0.036 0.041 0.01 0.013 0.499 0.043 0.036 0.003 0.013 0.031
299 L 0.046 0.02 0.014 0.017 0.016 0.014 0.018 0.021 0.009 0.224 0.238 0.024 0.041 0.047 0.014 0.025 0.037 0.006 0.021 0.148
300 N 0.042 0.044 0.324 0.082 0.009 0.033 0.049 0.065 0.031 0.022 0.031 0.053 0.011 0.018 0.02 0.069 0.049 0.004 0.016 0.027
301 V 0.069 0.022 0.016 0.018 0.019 0.016 0.023 0.024 0.008 0.163 0.129 0.026 0.031 0.035 0.016 0.033 0.049 0.005 0.02 0.276
302 F 0.039 0.023 0.018 0.017 0.012 0.016 0.022 0.024 0.025 0.071 0.178 0.025 0.03 0.205 0.013 0.027 0.028 0.018 0.147 0.064
303 N 0.042 0.044 0.324 0.082 0.009 0.033 0.049 0.065 0.031 0.022 0.031 0.053 0.011 0.018 0.02 0.069 0.049 0.004 0.016 0.027
304 N 0.042 0.044 0.324 0.082 0.009 0.033 0.049 0.065 0.031 0.022 0.031 0.053 0.011 0.018 0.02 0.069 0.049 0.004 0.016 0.027
305 G 0.078 0.023 0.039 0.033 0.011 0.019 0.025 0.515 0.013 0.019 0.028 0.033 0.009 0.016 0.019 0.051 0.029 0.005 0.011 0.024
306 Y 0.04 0.028 0.022 0.019 0.009 0.022 0.028 0.025 0.046 0.043 0.068 0.031 0.019 0.13 0.015 0.031 0.028 0.028 0.325 0.046
307 F 0.033 0.019 0.017 0.017 0.01 0.01 0.019 0.025 0.017 0.063 0.113 0.019 0.025 0.393 0.01 0.025 0.025 0.017 0.088 0.054
308 Y 0.04 0.028 0.022 0.019 0.009 0.022 0.028 0.025 0.046 0.043 0.068 0.031 0.019 0.13 0.015 0.031 0.028 0.028 0.325 0.046
309 T 0.072 0.035 0.043 0.037 0.018 0.027 0.039 0.043 0.014 0.053 0.064 0.045 0.02 0.023 0.027 0.092 0.254 0.006 0.018 0.07
310 A 0.168 0.035 0.04 0.038 0.019 0.028 0.044 0.063 0.016 0.041 0.055 0.047 0.017 0.022 0.029 0.134 0.121 0.005 0.017 0.06
311 E 0.055 0.049 0.04 0.089 0.007 0.064 0.303 0.035 0.026 0.022 0.036 0.075 0.013 0.016 0.026 0.055 0.036 0.005 0.016 0.031
312 I 0.057 0.019 0.015 0.018 0.017 0.015 0.02 0.022 0.008 0.227 0.15 0.024 0.034 0.04 0.015 0.028 0.044 0.006 0.02 0.22
313 L 0.044 0.024 0.014 0.015 0.016 0.016 0.02 0.021 0.01 0.114 0.382 0.025 0.049 0.054 0.014 0.024 0.033 0.007 0.022 0.095
314 G 0.08 0.056 0.044 0.04 0.012 0.034 0.048 0.224 0.017 0.025 0.037 0.123 0.013 0.017 0.025 0.104 0.048 0.005 0.015 0.032
315 L 0.045 0.022 0.014 0.016 0.016 0.015 0.019 0.021 0.01 0.169 0.31 0.024 0.045 0.051 0.014 0.024 0.035 0.007 0.022 0.122
316 D 0.041 0.03 0.067 0.392 0.007 0.031 0.098 0.046 0.019 0.022 0.028 0.045 0.009 0.015 0.022 0.052 0.035 0.004 0.011 0.024
317 T 0.072 0.035 0.043 0.037 0.018 0.027 0.039 0.043 0.014 0.053 0.064 0.045 0.02 0.023 0.027 0.092 0.254 0.006 0.018 0.07
318 N 0.042 0.044 0.324 0.082 0.009 0.033 0.049 0.065 0.031 0.022 0.031 0.053 0.011 0.018 0.02 0.069 0.049 0.004 0.016 0.027
319 L 0.044 0.024 0.014 0.015 0.016 0.016 0.02 0.021 0.01 0.114 0.382 0.025 0.049 0.054 0.014 0.024 0.033 0.007 0.022 0.095
