#Seq2Logo.py -f /work3/idamei/ssn-clusterings/clustering/2205171701/clusters/0043_2/sequences.afa -o /work3/idamei/ssn-clusterings/clustering/2205171701/clusters/0043_2/sequences.logo
#Position Specific Frequency Matrix
A R N D C Q E G H I L K M F P S T W Y V
0 M 0.049 0.03 0.019 0.019 0.015 0.026 0.026 0.026 0.015 0.093 0.183 0.034 0.219 0.045 0.015 0.034 0.037 0.007 0.022 0.086
1 I 0.049 0.038 0.068 0.057 0.012 0.025 0.037 0.033 0.014 0.15 0.123 0.087 0.024 0.029 0.05 0.052 0.039 0.005 0.017 0.089
2 S 0.085 0.028 0.053 0.033 0.014 0.022 0.034 0.044 0.015 0.097 0.097 0.037 0.021 0.057 0.056 0.119 0.05 0.043 0.025 0.07
3 G 0.115 0.047 0.089 0.047 0.014 0.033 0.048 0.138 0.02 0.028 0.041 0.087 0.014 0.019 0.026 0.118 0.055 0.005 0.016 0.039
4 D 0.041 0.03 0.069 0.394 0.008 0.03 0.092 0.047 0.019 0.023 0.028 0.045 0.009 0.015 0.023 0.052 0.036 0.004 0.011 0.024
5 T 0.092 0.038 0.049 0.043 0.018 0.031 0.046 0.055 0.017 0.042 0.054 0.05 0.018 0.022 0.029 0.155 0.163 0.006 0.018 0.057
6 G 0.062 0.029 0.031 0.028 0.013 0.022 0.031 0.116 0.02 0.048 0.106 0.035 0.021 0.051 0.019 0.074 0.074 0.091 0.076 0.051
7 L 0.089 0.022 0.017 0.019 0.017 0.016 0.023 0.032 0.011 0.156 0.169 0.027 0.033 0.098 0.017 0.036 0.039 0.008 0.032 0.141
8 D 0.141 0.03 0.043 0.155 0.016 0.027 0.056 0.056 0.016 0.054 0.058 0.043 0.017 0.021 0.025 0.088 0.05 0.005 0.016 0.083
9 I 0.068 0.024 0.045 0.052 0.014 0.019 0.029 0.032 0.015 0.136 0.111 0.03 0.05 0.091 0.016 0.051 0.039 0.008 0.05 0.118
10 F 0.109 0.027 0.031 0.03 0.015 0.021 0.033 0.084 0.015 0.05 0.07 0.035 0.019 0.146 0.02 0.116 0.066 0.008 0.037 0.069
11 V 0.071 0.021 0.016 0.017 0.016 0.015 0.021 0.025 0.012 0.171 0.164 0.025 0.031 0.072 0.015 0.03 0.039 0.008 0.048 0.184
12 I 0.05 0.019 0.016 0.017 0.015 0.014 0.019 0.056 0.01 0.191 0.151 0.024 0.043 0.09 0.014 0.028 0.037 0.007 0.027 0.171
13 L 0.057 0.022 0.017 0.017 0.014 0.016 0.022 0.025 0.015 0.112 0.172 0.025 0.046 0.151 0.014 0.031 0.041 0.011 0.068 0.125
14 L 0.083 0.023 0.018 0.019 0.015 0.017 0.024 0.031 0.012 0.087 0.22 0.027 0.044 0.137 0.015 0.047 0.036 0.008 0.035 0.102
15 S 0.154 0.032 0.04 0.038 0.058 0.027 0.042 0.102 0.016 0.032 0.044 0.045 0.015 0.019 0.026 0.181 0.062 0.005 0.016 0.046
16 L 0.101 0.023 0.019 0.019 0.015 0.016 0.023 0.096 0.012 0.077 0.224 0.027 0.031 0.111 0.016 0.037 0.033 0.008 0.03 0.084
17 L 0.045 0.024 0.014 0.015 0.016 0.016 0.02 0.021 0.01 0.116 0.372 0.025 0.05 0.055 0.014 0.024 0.034 0.007 0.022 0.097
18 L 0.045 0.024 0.014 0.015 0.016 0.016 0.02 0.021 0.01 0.116 0.372 0.025 0.05 0.055 0.014 0.024 0.034 0.007 0.022 0.097
19 L 0.086 0.025 0.018 0.019 0.015 0.018 0.024 0.031 0.012 0.089 0.251 0.028 0.059 0.093 0.016 0.049 0.037 0.008 0.028 0.093
20 L 0.103 0.022 0.017 0.019 0.015 0.016 0.023 0.032 0.011 0.132 0.166 0.027 0.029 0.106 0.05 0.037 0.036 0.007 0.03 0.121
21 T 0.055 0.027 0.048 0.028 0.013 0.02 0.029 0.035 0.016 0.083 0.098 0.032 0.022 0.088 0.018 0.074 0.104 0.073 0.053 0.085
22 L 0.068 0.021 0.017 0.018 0.078 0.016 0.022 0.028 0.011 0.132 0.189 0.025 0.042 0.086 0.015 0.046 0.037 0.007 0.026 0.115
23 A 0.163 0.024 0.025 0.025 0.046 0.019 0.029 0.143 0.015 0.056 0.066 0.032 0.017 0.105 0.02 0.068 0.038 0.008 0.043 0.057
24 L 0.127 0.026 0.024 0.024 0.016 0.02 0.029 0.072 0.012 0.085 0.217 0.033 0.03 0.035 0.02 0.074 0.057 0.006 0.018 0.076
25 Y 0.037 0.026 0.02 0.017 0.009 0.02 0.026 0.023 0.042 0.042 0.066 0.028 0.018 0.141 0.014 0.029 0.026 0.025 0.348 0.044
26 L 0.092 0.023 0.017 0.018 0.048 0.017 0.023 0.03 0.012 0.113 0.216 0.027 0.032 0.044 0.016 0.036 0.047 0.007 0.041 0.142
27 L 0.038 0.024 0.019 0.018 0.012 0.017 0.023 0.024 0.063 0.089 0.213 0.026 0.043 0.147 0.013 0.026 0.028 0.043 0.065 0.069
28 V 0.053 0.022 0.018 0.018 0.014 0.017 0.023 0.025 0.018 0.14 0.126 0.026 0.027 0.082 0.015 0.042 0.039 0.011 0.11 0.173
29 S 0.084 0.03 0.035 0.033 0.048 0.024 0.037 0.045 0.016 0.069 0.068 0.039 0.019 0.03 0.022 0.168 0.061 0.006 0.039 0.128
30 R 0.042 0.217 0.032 0.028 0.008 0.052 0.048 0.032 0.019 0.045 0.054 0.132 0.016 0.048 0.018 0.039 0.032 0.071 0.027 0.039
31 R 0.047 0.196 0.036 0.032 0.008 0.043 0.053 0.034 0.045 0.04 0.049 0.192 0.016 0.024 0.021 0.043 0.034 0.007 0.04 0.04
32 E 0.054 0.034 0.04 0.15 0.042 0.037 0.162 0.035 0.041 0.047 0.051 0.048 0.015 0.02 0.021 0.059 0.038 0.005 0.017 0.084
33 G 0.062 0.11 0.037 0.033 0.009 0.031 0.039 0.322 0.016 0.02 0.033 0.121 0.011 0.015 0.02 0.047 0.031 0.005 0.013 0.026
34 S 0.097 0.041 0.049 0.044 0.016 0.032 0.049 0.059 0.018 0.029 0.04 0.067 0.015 0.019 0.027 0.249 0.088 0.005 0.016 0.04
35 W 0.058 0.023 0.018 0.018 0.011 0.016 0.023 0.028 0.02 0.086 0.102 0.026 0.022 0.111 0.013 0.032 0.046 0.143 0.124 0.079
36 L 0.051 0.02 0.014 0.016 0.016 0.014 0.019 0.021 0.009 0.185 0.205 0.023 0.035 0.065 0.014 0.026 0.038 0.006 0.024 0.2
37 N 0.04 0.042 0.345 0.075 0.008 0.032 0.046 0.059 0.052 0.021 0.03 0.05 0.011 0.017 0.019 0.063 0.045 0.004 0.017 0.025
38 I 0.116 0.021 0.017 0.019 0.014 0.016 0.024 0.036 0.011 0.14 0.097 0.027 0.023 0.063 0.016 0.038 0.036 0.137 0.033 0.117
39 L 0.097 0.023 0.016 0.018 0.015 0.017 0.023 0.031 0.011 0.127 0.233 0.027 0.057 0.09 0.016 0.035 0.035 0.007 0.028 0.094
40 T 0.07 0.032 0.038 0.033 0.017 0.025 0.036 0.04 0.012 0.061 0.067 0.04 0.019 0.023 0.025 0.091 0.254 0.005 0.017 0.096
41 P 0.052 0.022 0.021 0.027 0.011 0.018 0.03 0.063 0.011 0.079 0.056 0.035 0.014 0.018 0.4 0.038 0.034 0.003 0.013 0.054
42 L 0.106 0.026 0.024 0.024 0.015 0.02 0.029 0.038 0.017 0.064 0.123 0.032 0.035 0.116 0.019 0.063 0.086 0.01 0.074 0.078
43 F 0.067 0.024 0.022 0.021 0.014 0.017 0.025 0.03 0.014 0.105 0.136 0.028 0.026 0.137 0.017 0.044 0.099 0.009 0.056 0.108
44 L 0.066 0.02 0.019 0.019 0.014 0.014 0.02 0.122 0.011 0.134 0.18 0.025 0.029 0.11 0.015 0.032 0.032 0.008 0.03 0.101
45 L 0.048 0.024 0.019 0.019 0.015 0.017 0.023 0.025 0.011 0.118 0.232 0.027 0.057 0.09 0.016 0.037 0.083 0.007 0.028 0.104
46 K 0.065 0.053 0.059 0.039 0.012 0.062 0.051 0.106 0.018 0.05 0.057 0.118 0.029 0.02 0.023 0.095 0.076 0.005 0.016 0.047
47 L 0.053 0.021 0.015 0.016 0.047 0.015 0.02 0.022 0.009 0.146 0.199 0.024 0.045 0.063 0.014 0.028 0.038 0.006 0.023 0.194
48 P 0.094 0.024 0.024 0.028 0.012 0.019 0.031 0.133 0.012 0.041 0.046 0.036 0.013 0.016 0.306 0.046 0.036 0.004 0.013 0.068
49 A 0.146 0.036 0.028 0.029 0.015 0.053 0.041 0.077 0.014 0.098 0.075 0.06 0.021 0.024 0.022 0.06 0.089 0.005 0.017 0.091
50 L 0.042 0.08 0.026 0.036 0.009 0.033 0.109 0.027 0.024 0.047 0.124 0.066 0.022 0.1 0.017 0.036 0.03 0.012 0.112 0.047
51 F 0.035 0.022 0.018 0.017 0.009 0.016 0.022 0.023 0.031 0.049 0.082 0.024 0.02 0.256 0.012 0.027 0.025 0.022 0.242 0.047
52 V 0.071 0.02 0.015 0.017 0.017 0.015 0.021 0.024 0.009 0.178 0.201 0.025 0.034 0.039 0.015 0.03 0.04 0.006 0.019 0.206
53 L 0.036 0.02 0.014 0.015 0.012 0.012 0.018 0.022 0.013 0.083 0.263 0.021 0.035 0.24 0.012 0.023 0.027 0.011 0.052 0.07
54 E 0.052 0.042 0.033 0.062 0.008 0.073 0.217 0.034 0.021 0.022 0.035 0.062 0.012 0.014 0.181 0.048 0.035 0.004 0.015 0.029
55 P 0.051 0.022 0.022 0.024 0.013 0.017 0.026 0.091 0.012 0.078 0.097 0.031 0.031 0.099 0.207 0.038 0.048 0.006 0.027 0.059
56 L 0.08 0.021 0.016 0.017 0.015 0.015 0.021 0.028 0.011 0.143 0.177 0.025 0.042 0.137 0.015 0.032 0.035 0.008 0.035 0.126
57 Y 0.084 0.027 0.046 0.026 0.011 0.021 0.029 0.099 0.032 0.037 0.057 0.033 0.016 0.101 0.017 0.055 0.033 0.017 0.217 0.042
58 L 0.047 0.026 0.025 0.05 0.013 0.021 0.048 0.027 0.018 0.1 0.166 0.032 0.027 0.076 0.017 0.04 0.082 0.01 0.087 0.09
59 Y 0.079 0.032 0.045 0.025 0.011 0.023 0.031 0.066 0.05 0.047 0.106 0.051 0.032 0.065 0.017 0.04 0.032 0.046 0.153 0.049
60 L 0.06 0.025 0.018 0.017 0.014 0.019 0.024 0.026 0.039 0.085 0.278 0.027 0.059 0.079 0.015 0.029 0.031 0.01 0.07 0.075
61 F 0.05 0.052 0.091 0.039 0.011 0.025 0.053 0.037 0.042 0.079 0.075 0.041 0.019 0.125 0.017 0.07 0.056 0.008 0.035 0.072
62 G 0.057 0.027 0.055 0.057 0.012 0.022 0.044 0.196 0.038 0.059 0.125 0.034 0.033 0.027 0.017 0.043 0.05 0.005 0.018 0.079
63 F 0.047 0.026 0.07 0.081 0.012 0.02 0.036 0.036 0.016 0.07 0.099 0.033 0.032 0.126 0.08 0.055 0.053 0.007 0.032 0.069
64 P 0.074 0.039 0.04 0.141 0.01 0.055 0.094 0.042 0.017 0.032 0.041 0.05 0.013 0.016 0.149 0.076 0.042 0.005 0.014 0.049
65 G 0.06 0.034 0.178 0.058 0.01 0.026 0.037 0.288 0.022 0.021 0.03 0.044 0.01 0.017 0.02 0.06 0.04 0.005 0.013 0.026
66 G 0.089 0.027 0.036 0.027 0.011 0.021 0.033 0.167 0.025 0.038 0.075 0.036 0.017 0.084 0.018 0.056 0.033 0.014 0.15 0.043
67 S 0.083 0.057 0.048 0.091 0.014 0.03 0.051 0.053 0.019 0.027 0.039 0.051 0.014 0.024 0.057 0.202 0.062 0.006 0.037 0.036
68 T 0.059 0.033 0.059 0.067 0.012 0.029 0.078 0.04 0.04 0.044 0.057 0.043 0.016 0.071 0.053 0.085 0.12 0.006 0.026 0.061
69 F 0.047 0.025 0.044 0.024 0.011 0.018 0.027 0.031 0.024 0.068 0.098 0.029 0.021 0.161 0.015 0.064 0.036 0.047 0.146 0.064
70 A 0.231 0.032 0.034 0.037 0.017 0.028 0.06 0.096 0.016 0.034 0.047 0.045 0.015 0.019 0.027 0.136 0.054 0.005 0.016 0.051
71 Y 0.041 0.048 0.02 0.018 0.042 0.022 0.026 0.025 0.033 0.051 0.087 0.034 0.055 0.114 0.015 0.031 0.029 0.019 0.239 0.052
72 L 0.087 0.026 0.021 0.022 0.046 0.033 0.029 0.034 0.013 0.076 0.182 0.031 0.029 0.084 0.017 0.053 0.054 0.04 0.029 0.096
73 Y 0.039 0.026 0.019 0.019 0.01 0.033 0.027 0.024 0.029 0.099 0.095 0.029 0.034 0.153 0.014 0.029 0.029 0.018 0.204 0.07
74 V 0.077 0.021 0.019 0.02 0.079 0.016 0.023 0.03 0.01 0.141 0.125 0.027 0.027 0.056 0.017 0.051 0.058 0.006 0.022 0.177
75 Y 0.038 0.028 0.063 0.025 0.009 0.021 0.028 0.028 0.04 0.042 0.082 0.031 0.018 0.104 0.015 0.033 0.029 0.022 0.3 0.044
76 A 0.165 0.027 0.024 0.025 0.017 0.021 0.03 0.078 0.012 0.081 0.154 0.035 0.025 0.03 0.022 0.07 0.074 0.005 0.017 0.089
77 C 0.095 0.025 0.025 0.024 0.143 0.019 0.027 0.037 0.011 0.064 0.131 0.032 0.023 0.027 0.02 0.058 0.135 0.005 0.016 0.083
78 Y 0.055 0.029 0.028 0.028 0.012 0.024 0.05 0.033 0.029 0.049 0.122 0.036 0.022 0.076 0.018 0.091 0.04 0.016 0.192 0.05
79 A 0.16 0.026 0.025 0.026 0.016 0.02 0.031 0.047 0.014 0.078 0.08 0.034 0.021 0.125 0.021 0.072 0.089 0.008 0.033 0.075
80 L 0.107 0.023 0.019 0.02 0.08 0.018 0.024 0.034 0.01 0.105 0.18 0.029 0.041 0.034 0.018 0.044 0.064 0.006 0.018 0.127
81 G 0.103 0.037 0.037 0.045 0.012 0.061 0.102 0.141 0.02 0.026 0.04 0.052 0.014 0.023 0.055 0.108 0.045 0.006 0.037 0.036
82 F 0.046 0.024 0.043 0.024 0.011 0.017 0.026 0.03 0.022 0.073 0.106 0.028 0.023 0.203 0.015 0.059 0.035 0.014 0.129 0.072
83 L 0.122 0.024 0.019 0.02 0.048 0.018 0.026 0.037 0.011 0.082 0.222 0.029 0.031 0.038 0.018 0.054 0.04 0.038 0.021 0.103
84 A 0.153 0.027 0.026 0.027 0.017 0.022 0.032 0.047 0.013 0.072 0.083 0.035 0.033 0.076 0.021 0.094 0.064 0.007 0.026 0.123
85 F 0.076 0.021 0.018 0.019 0.012 0.014 0.022 0.062 0.014 0.061 0.149 0.024 0.025 0.255 0.046 0.033 0.029 0.011 0.054 0.057
86 A 0.168 0.025 0.023 0.024 0.018 0.02 0.03 0.046 0.012 0.11 0.09 0.033 0.023 0.052 0.021 0.078 0.047 0.006 0.022 0.152
87 L 0.064 0.021 0.015 0.016 0.015 0.015 0.02 0.024 0.012 0.164 0.24 0.024 0.035 0.072 0.014 0.028 0.035 0.008 0.045 0.133
88 G 0.137 0.024 0.029 0.028 0.014 0.019 0.028 0.267 0.012 0.052 0.057 0.033 0.016 0.046 0.02 0.064 0.038 0.006 0.018 0.091
89 Y 0.057 0.025 0.019 0.017 0.011 0.019 0.025 0.026 0.033 0.054 0.132 0.028 0.023 0.121 0.015 0.031 0.028 0.02 0.261 0.054
90 L 0.068 0.095 0.027 0.024 0.014 0.025 0.032 0.033 0.015 0.063 0.166 0.047 0.05 0.082 0.018 0.059 0.085 0.007 0.026 0.064
91 F 0.057 0.093 0.023 0.02 0.01 0.022 0.029 0.029 0.047 0.051 0.094 0.042 0.021 0.153 0.015 0.033 0.029 0.046 0.125 0.062
92 V 0.067 0.026 0.027 0.027 0.016 0.02 0.03 0.034 0.011 0.112 0.106 0.034 0.024 0.028 0.083 0.09 0.092 0.005 0.017 0.149
93 K 0.083 0.095 0.035 0.04 0.011 0.088 0.09 0.04 0.02 0.038 0.086 0.123 0.02 0.02 0.023 0.055 0.065 0.005 0.018 0.046
94 K 0.089 0.086 0.04 0.037 0.011 0.083 0.058 0.044 0.061 0.029 0.044 0.091 0.016 0.018 0.079 0.079 0.069 0.005 0.021 0.039
95 L 0.045 0.024 0.014 0.015 0.016 0.016 0.02 0.021 0.01 0.116 0.372 0.025 0.05 0.055 0.014 0.024 0.034 0.007 0.022 0.097
96 K 0.069 0.14 0.033 0.032 0.01 0.037 0.047 0.037 0.017 0.033 0.067 0.146 0.016 0.018 0.117 0.051 0.068 0.005 0.016 0.04
97 K 0.057 0.107 0.042 0.042 0.009 0.054 0.071 0.043 0.021 0.028 0.043 0.278 0.016 0.016 0.028 0.054 0.04 0.005 0.017 0.033
98 T 0.073 0.036 0.043 0.038 0.018 0.028 0.039 0.043 0.014 0.053 0.065 0.045 0.02 0.024 0.028 0.093 0.246 0.006 0.018 0.071
99 P 0.074 0.033 0.073 0.064 0.011 0.025 0.046 0.042 0.016 0.039 0.066 0.059 0.015 0.018 0.244 0.062 0.04 0.004 0.014 0.055
100 L 0.049 0.058 0.02 0.021 0.014 0.021 0.027 0.025 0.012 0.142 0.184 0.057 0.031 0.068 0.016 0.034 0.057 0.007 0.024 0.132
101 L 0.053 0.104 0.034 0.068 0.011 0.031 0.045 0.034 0.017 0.055 0.116 0.1 0.021 0.03 0.065 0.06 0.039 0.006 0.036 0.072
102 L 0.072 0.03 0.103 0.037 0.014 0.023 0.032 0.041 0.016 0.106 0.147 0.037 0.037 0.031 0.052 0.078 0.045 0.005 0.018 0.076
103 R 0.047 0.205 0.034 0.034 0.008 0.039 0.067 0.033 0.044 0.025 0.041 0.107 0.013 0.016 0.155 0.043 0.033 0.005 0.018 0.034
104 F 0.034 0.019 0.017 0.017 0.011 0.011 0.019 0.026 0.017 0.064 0.115 0.019 0.026 0.384 0.011 0.026 0.026 0.017 0.089 0.055
105 I 0.047 0.018 0.015 0.018 0.016 0.013 0.018 0.021 0.009 0.267 0.169 0.024 0.037 0.044 0.015 0.025 0.04 0.006 0.021 0.178
106 N 0.043 0.045 0.314 0.084 0.009 0.034 0.05 0.066 0.032 0.023 0.032 0.054 0.011 0.018 0.02 0.07 0.05 0.005 0.016 0.027
107 L 0.066 0.03 0.027 0.026 0.017 0.022 0.031 0.036 0.013 0.087 0.264 0.035 0.038 0.043 0.019 0.09 0.05 0.006 0.021 0.078
108 I 0.047 0.018 0.015 0.018 0.016 0.013 0.018 0.021 0.009 0.267 0.169 0.024 0.037 0.044 0.015 0.025 0.04 0.006 0.021 0.178
109 P 0.114 0.027 0.032 0.081 0.014 0.022 0.041 0.076 0.013 0.045 0.05 0.039 0.014 0.018 0.181 0.076 0.063 0.004 0.014 0.075
110 V 0.07 0.022 0.017 0.018 0.019 0.017 0.023 0.025 0.008 0.165 0.131 0.026 0.032 0.036 0.017 0.033 0.05 0.006 0.021 0.265
111 R 0.065 0.123 0.046 0.082 0.045 0.027 0.041 0.036 0.016 0.046 0.081 0.06 0.018 0.075 0.052 0.045 0.052 0.006 0.024 0.061
112 G 0.079 0.023 0.039 0.034 0.011 0.019 0.026 0.508 0.014 0.019 0.028 0.034 0.009 0.016 0.019 0.052 0.03 0.005 0.011 0.024
113 R 0.087 0.102 0.072 0.034 0.012 0.029 0.039 0.073 0.041 0.045 0.076 0.069 0.018 0.048 0.052 0.052 0.064 0.006 0.023 0.061
114 I 0.066 0.053 0.026 0.031 0.011 0.027 0.069 0.067 0.044 0.093 0.074 0.052 0.019 0.068 0.05 0.04 0.034 0.01 0.088 0.078
115 I 0.047 0.018 0.015 0.018 0.016 0.013 0.018 0.021 0.009 0.267 0.169 0.024 0.037 0.044 0.015 0.025 0.04 0.006 0.021 0.178
116 S 0.085 0.067 0.094 0.044 0.013 0.031 0.044 0.112 0.018 0.036 0.045 0.084 0.015 0.019 0.023 0.113 0.081 0.005 0.015 0.055
117 L 0.049 0.058 0.051 0.058 0.011 0.041 0.044 0.033 0.024 0.056 0.127 0.056 0.023 0.053 0.018 0.055 0.054 0.011 0.109 0.068
118 P 0.059 0.058 0.079 0.069 0.011 0.044 0.065 0.076 0.02 0.034 0.043 0.051 0.014 0.017 0.148 0.08 0.062 0.004 0.015 0.051
119 N 0.046 0.088 0.149 0.131 0.009 0.035 0.074 0.078 0.022 0.03 0.038 0.094 0.012 0.017 0.02 0.052 0.039 0.004 0.014 0.045
120 F 0.045 0.024 0.021 0.019 0.012 0.017 0.025 0.025 0.044 0.073 0.126 0.027 0.024 0.154 0.046 0.032 0.047 0.013 0.123 0.102
121 L 0.072 0.053 0.026 0.024 0.014 0.022 0.03 0.098 0.013 0.067 0.19 0.054 0.027 0.034 0.018 0.056 0.069 0.038 0.02 0.076
122 I 0.049 0.028 0.025 0.024 0.012 0.02 0.029 0.061 0.039 0.113 0.106 0.048 0.023 0.108 0.08 0.05 0.051 0.008 0.053 0.074
123 L 0.066 0.023 0.02 0.02 0.014 0.016 0.024 0.061 0.012 0.073 0.202 0.027 0.029 0.111 0.047 0.041 0.059 0.04 0.033 0.08
124 A 0.16 0.033 0.037 0.036 0.015 0.027 0.043 0.057 0.063 0.03 0.043 0.044 0.014 0.019 0.12 0.14 0.052 0.005 0.02 0.043
125 W 0.035 0.021 0.014 0.015 0.011 0.014 0.02 0.024 0.012 0.095 0.176 0.022 0.027 0.076 0.01 0.022 0.027 0.268 0.046 0.068
126 L 0.084 0.022 0.016 0.017 0.016 0.016 0.021 0.028 0.01 0.157 0.217 0.026 0.046 0.065 0.015 0.032 0.037 0.006 0.024 0.146
127 L 0.046 0.021 0.017 0.017 0.045 0.014 0.02 0.025 0.012 0.089 0.238 0.023 0.033 0.163 0.013 0.041 0.034 0.009 0.039 0.101
128 L 0.046 0.024 0.018 0.018 0.015 0.017 0.022 0.024 0.01 0.093 0.332 0.027 0.04 0.069 0.015 0.035 0.081 0.007 0.024 0.083
129 V 0.076 0.022 0.022 0.021 0.015 0.016 0.023 0.126 0.011 0.102 0.137 0.027 0.026 0.096 0.016 0.049 0.038 0.007 0.028 0.143
130 L 0.08 0.021 0.015 0.017 0.015 0.015 0.021 0.027 0.011 0.136 0.227 0.024 0.034 0.115 0.015 0.031 0.035 0.008 0.031 0.122
131 A 0.243 0.028 0.03 0.031 0.017 0.023 0.036 0.189 0.014 0.033 0.046 0.04 0.014 0.019 0.025 0.096 0.046 0.005 0.015 0.05
132 F 0.045 0.019 0.016 0.017 0.075 0.013 0.019 0.057 0.012 0.099 0.094 0.021 0.022 0.16 0.012 0.028 0.031 0.106 0.046 0.11
133 L 0.097 0.023 0.016 0.017 0.015 0.016 0.023 0.031 0.013 0.093 0.234 0.026 0.033 0.121 0.016 0.034 0.034 0.009 0.053 0.096
134 L 0.066 0.023 0.017 0.018 0.015 0.016 0.022 0.027 0.011 0.104 0.264 0.026 0.047 0.1 0.015 0.044 0.036 0.008 0.029 0.111
135 Y 0.037 0.024 0.019 0.017 0.009 0.018 0.024 0.023 0.035 0.048 0.082 0.026 0.032 0.194 0.013 0.028 0.026 0.022 0.273 0.048
136 L 0.086 0.024 0.017 0.019 0.016 0.018 0.024 0.03 0.011 0.112 0.281 0.028 0.048 0.042 0.016 0.047 0.038 0.006 0.02 0.116
137 P 0.053 0.024 0.022 0.029 0.01 0.019 0.034 0.034 0.012 0.024 0.034 0.038 0.01 0.012 0.529 0.041 0.034 0.002 0.012 0.029
138 I 0.05 0.018 0.014 0.016 0.016 0.013 0.018 0.02 0.008 0.256 0.162 0.023 0.033 0.039 0.014 0.026 0.039 0.005 0.019 0.208
139 L 0.042 0.024 0.014 0.015 0.015 0.017 0.02 0.021 0.011 0.102 0.355 0.025 0.077 0.073 0.013 0.025 0.032 0.007 0.025 0.086
140 L 0.044 0.071 0.019 0.019 0.013 0.02 0.025 0.023 0.014 0.172 0.174 0.053 0.038 0.067 0.015 0.028 0.034 0.008 0.045 0.117
141 E 0.069 0.048 0.037 0.075 0.008 0.084 0.295 0.036 0.024 0.022 0.037 0.07 0.013 0.016 0.024 0.053 0.036 0.005 0.016 0.032
142 F 0.032 0.018 0.016 0.016 0.01 0.011 0.018 0.024 0.017 0.058 0.104 0.018 0.023 0.41 0.01 0.024 0.024 0.016 0.1 0.051
143 R 0.066 0.221 0.038 0.032 0.009 0.04 0.049 0.038 0.091 0.024 0.041 0.114 0.014 0.018 0.052 0.059 0.035 0.005 0.023 0.03
144 E 0.122 0.041 0.037 0.099 0.011 0.081 0.149 0.076 0.022 0.027 0.042 0.057 0.014 0.023 0.023 0.056 0.037 0.006 0.037 0.038
145 Y 0.038 0.026 0.022 0.044 0.009 0.02 0.029 0.024 0.036 0.048 0.094 0.029 0.032 0.125 0.015 0.03 0.027 0.022 0.283 0.048
146 L 0.044 0.021 0.013 0.015 0.015 0.014 0.018 0.02 0.009 0.176 0.319 0.023 0.042 0.047 0.013 0.023 0.034 0.006 0.02 0.127
147 L 0.083 0.025 0.042 0.024 0.014 0.018 0.025 0.065 0.013 0.075 0.24 0.03 0.031 0.087 0.017 0.042 0.066 0.007 0.026 0.07
148 D 0.056 0.036 0.05 0.203 0.01 0.039 0.153 0.042 0.019 0.029 0.043 0.052 0.025 0.018 0.023 0.092 0.058 0.005 0.014 0.035
149 P 0.053 0.024 0.022 0.029 0.01 0.019 0.034 0.034 0.012 0.024 0.034 0.038 0.01 0.012 0.529 0.041 0.034 0.002 0.012 0.029
150 R 0.041 0.391 0.036 0.029 0.007 0.045 0.049 0.031 0.022 0.022 0.043 0.112 0.014 0.016 0.018 0.041 0.032 0.005 0.016 0.029
151 R 0.065 0.197 0.033 0.036 0.009 0.068 0.087 0.033 0.022 0.051 0.056 0.096 0.017 0.025 0.02 0.044 0.035 0.007 0.039 0.059
152 I 0.044 0.016 0.014 0.016 0.015 0.012 0.016 0.019 0.008 0.322 0.156 0.022 0.034 0.041 0.014 0.023 0.037 0.005 0.019 0.164
153 Y 0.038 0.026 0.02 0.017 0.009 0.02 0.026 0.023 0.043 0.041 0.064 0.029 0.017 0.122 0.015 0.029 0.026 0.026 0.365 0.043
154 E 0.07 0.046 0.036 0.07 0.009 0.052 0.269 0.035 0.021 0.029 0.062 0.08 0.015 0.018 0.024 0.053 0.052 0.005 0.016 0.037
155 L 0.063 0.064 0.047 0.028 0.012 0.057 0.041 0.033 0.04 0.066 0.215 0.079 0.042 0.034 0.018 0.039 0.035 0.006 0.021 0.061
156 T 0.068 0.033 0.04 0.035 0.017 0.026 0.037 0.04 0.013 0.05 0.061 0.042 0.018 0.022 0.026 0.086 0.299 0.005 0.017 0.066
157 R 0.041 0.391 0.036 0.029 0.007 0.045 0.049 0.031 0.022 0.022 0.043 0.112 0.014 0.016 0.018 0.041 0.032 0.005 0.016 0.029
158 T 0.072 0.055 0.039 0.034 0.016 0.027 0.038 0.042 0.014 0.057 0.063 0.046 0.019 0.023 0.024 0.112 0.209 0.005 0.017 0.09
159 G 0.073 0.021 0.036 0.031 0.01 0.018 0.024 0.544 0.013 0.018 0.026 0.031 0.009 0.015 0.018 0.048 0.028 0.005 0.01 0.023
160 Y 0.036 0.023 0.019 0.017 0.009 0.017 0.023 0.023 0.035 0.046 0.077 0.025 0.019 0.218 0.013 0.027 0.025 0.023 0.277 0.046
161 G 0.073 0.021 0.036 0.031 0.01 0.018 0.024 0.544 0.013 0.018 0.026 0.031 0.009 0.015 0.018 0.048 0.028 0.005 0.01 0.023
162 L 0.047 0.022 0.018 0.018 0.014 0.016 0.021 0.054 0.034 0.165 0.217 0.025 0.045 0.065 0.014 0.027 0.034 0.007 0.025 0.13
163 Y 0.058 0.036 0.074 0.037 0.011 0.055 0.043 0.041 0.026 0.033 0.05 0.044 0.016 0.072 0.051 0.101 0.06 0.043 0.111 0.039
164 F 0.042 0.023 0.022 0.021 0.012 0.015 0.024 0.028 0.018 0.057 0.109 0.026 0.023 0.266 0.015 0.04 0.093 0.014 0.098 0.056
165 F 0.034 0.021 0.017 0.016 0.01 0.014 0.021 0.023 0.026 0.055 0.11 0.022 0.023 0.291 0.012 0.026 0.025 0.019 0.185 0.051
166 G 0.068 0.024 0.031 0.029 0.013 0.019 0.027 0.288 0.012 0.051 0.093 0.032 0.018 0.023 0.05 0.061 0.068 0.005 0.014 0.075
167 S 0.1 0.037 0.05 0.045 0.016 0.031 0.048 0.06 0.018 0.029 0.04 0.05 0.015 0.02 0.028 0.263 0.09 0.005 0.016 0.041
168 A 0.159 0.03 0.033 0.032 0.017 0.024 0.037 0.053 0.014 0.077 0.087 0.041 0.02 0.025 0.025 0.131 0.101 0.005 0.017 0.071
169 L 0.052 0.027 0.023 0.021 0.016 0.02 0.025 0.027 0.011 0.09 0.259 0.031 0.058 0.04 0.017 0.044 0.117 0.006 0.02 0.096
170 L 0.077 0.022 0.015 0.016 0.014 0.015 0.021 0.028 0.012 0.087 0.259 0.024 0.034 0.163 0.014 0.03 0.032 0.009 0.039 0.089
171 A 0.14 0.031 0.054 0.035 0.048 0.025 0.037 0.052 0.014 0.05 0.078 0.041 0.019 0.023 0.024 0.12 0.115 0.005 0.016 0.073
172 F 0.064 0.034 0.089 0.035 0.011 0.052 0.039 0.039 0.026 0.042 0.083 0.04 0.019 0.123 0.018 0.059 0.053 0.012 0.116 0.045
173 L 0.048 0.02 0.014 0.015 0.11 0.014 0.018 0.022 0.009 0.128 0.282 0.023 0.037 0.041 0.014 0.027 0.034 0.006 0.019 0.12
174 A 0.289 0.028 0.026 0.028 0.019 0.023 0.036 0.099 0.014 0.039 0.056 0.04 0.016 0.045 0.026 0.086 0.046 0.006 0.02 0.059
175 F 0.047 0.021 0.019 0.019 0.013 0.015 0.022 0.057 0.018 0.118 0.139 0.025 0.026 0.151 0.014 0.042 0.034 0.012 0.099 0.107
176 I 0.084 0.02 0.017 0.019 0.016 0.015 0.021 0.028 0.01 0.232 0.13 0.026 0.03 0.061 0.016 0.035 0.055 0.006 0.023 0.158
177 L 0.051 0.022 0.018 0.018 0.046 0.015 0.021 0.024 0.01 0.115 0.222 0.025 0.033 0.088 0.015 0.034 0.068 0.007 0.027 0.142
178 F 0.096 0.023 0.02 0.02 0.013 0.016 0.025 0.034 0.019 0.086 0.11 0.027 0.023 0.198 0.016 0.051 0.034 0.013 0.107 0.068
179 L 0.041 0.026 0.017 0.021 0.013 0.033 0.044 0.023 0.013 0.084 0.279 0.029 0.048 0.14 0.014 0.027 0.03 0.009 0.036 0.072
180 F 0.036 0.02 0.016 0.016 0.011 0.014 0.02 0.023 0.018 0.08 0.133 0.022 0.049 0.295 0.012 0.025 0.027 0.015 0.103 0.064
181 T 0.072 0.081 0.062 0.039 0.046 0.044 0.045 0.046 0.017 0.036 0.049 0.055 0.016 0.019 0.024 0.133 0.146 0.005 0.016 0.048
182 K 0.079 0.077 0.058 0.041 0.011 0.037 0.068 0.044 0.023 0.031 0.045 0.138 0.015 0.03 0.024 0.096 0.077 0.007 0.058 0.04
183 R 0.053 0.146 0.041 0.064 0.009 0.07 0.078 0.039 0.046 0.025 0.041 0.137 0.015 0.023 0.022 0.074 0.039 0.006 0.04 0.031
184 K 0.056 0.117 0.037 0.036 0.009 0.056 0.058 0.04 0.019 0.026 0.041 0.213 0.014 0.018 0.055 0.075 0.04 0.038 0.019 0.032
185 G 0.06 0.052 0.097 0.039 0.011 0.024 0.034 0.201 0.02 0.028 0.043 0.042 0.013 0.052 0.019 0.078 0.07 0.04 0.043 0.034
186 R 0.074 0.12 0.031 0.028 0.012 0.03 0.039 0.073 0.045 0.072 0.069 0.094 0.019 0.054 0.019 0.045 0.055 0.006 0.025 0.09
187 L 0.044 0.025 0.016 0.017 0.045 0.016 0.023 0.024 0.011 0.11 0.192 0.042 0.029 0.09 0.046 0.027 0.032 0.072 0.032 0.106
188 L 0.074 0.031 0.047 0.029 0.014 0.022 0.032 0.068 0.014 0.076 0.152 0.052 0.024 0.052 0.083 0.07 0.057 0.006 0.021 0.077
189 S 0.094 0.079 0.042 0.07 0.052 0.034 0.052 0.05 0.017 0.031 0.044 0.119 0.015 0.018 0.025 0.126 0.072 0.005 0.016 0.041
190 L 0.07 0.023 0.02 0.02 0.015 0.016 0.023 0.03 0.012 0.127 0.154 0.027 0.028 0.109 0.016 0.039 0.076 0.051 0.035 0.109
191 F 0.108 0.024 0.023 0.024 0.015 0.018 0.027 0.08 0.013 0.103 0.118 0.03 0.024 0.128 0.018 0.069 0.042 0.008 0.034 0.095
192 F 0.059 0.019 0.016 0.017 0.013 0.012 0.02 0.026 0.013 0.108 0.134 0.021 0.027 0.258 0.013 0.028 0.032 0.011 0.055 0.118
193 Y 0.048 0.022 0.019 0.018 0.013 0.017 0.023 0.025 0.021 0.122 0.099 0.026 0.024 0.113 0.014 0.042 0.036 0.046 0.138 0.134
194 L 0.091 0.024 0.019 0.02 0.016 0.017 0.024 0.063 0.01 0.1 0.25 0.028 0.034 0.038 0.017 0.05 0.039 0.006 0.019 0.136
195 L 0.106 0.022 0.019 0.02 0.016 0.017 0.024 0.034 0.011 0.124 0.162 0.028 0.029 0.099 0.017 0.052 0.04 0.007 0.029 0.144
196 L 0.105 0.027 0.084 0.031 0.078 0.021 0.029 0.042 0.014 0.081 0.16 0.034 0.037 0.031 0.018 0.06 0.042 0.005 0.017 0.084
197 L 0.129 0.025 0.022 0.022 0.046 0.019 0.028 0.04 0.012 0.095 0.152 0.031 0.038 0.057 0.019 0.071 0.044 0.006 0.022 0.12
198 L 0.123 0.023 0.02 0.022 0.016 0.018 0.026 0.069 0.011 0.117 0.151 0.03 0.027 0.056 0.05 0.045 0.054 0.006 0.022 0.115
199 L 0.04 0.022 0.036 0.019 0.014 0.015 0.02 0.024 0.012 0.093 0.298 0.024 0.037 0.143 0.013 0.026 0.031 0.009 0.036 0.09
200 I 0.107 0.024 0.021 0.022 0.016 0.018 0.026 0.035 0.011 0.165 0.165 0.03 0.03 0.035 0.019 0.058 0.074 0.006 0.018 0.121
201 Y 0.044 0.025 0.021 0.019 0.011 0.019 0.025 0.026 0.027 0.06 0.145 0.028 0.037 0.147 0.015 0.046 0.048 0.017 0.183 0.057
202 L 0.042 0.024 0.018 0.021 0.012 0.018 0.041 0.025 0.012 0.089 0.246 0.027 0.032 0.095 0.013 0.04 0.032 0.105 0.036 0.071
203 H 0.043 0.057 0.047 0.036 0.007 0.039 0.054 0.037 0.305 0.022 0.037 0.114 0.014 0.025 0.02 0.042 0.028 0.007 0.044 0.024
204 G 0.073 0.021 0.036 0.031 0.01 0.018 0.024 0.544 0.013 0.018 0.026 0.031 0.009 0.015 0.018 0.048 0.028 0.005 0.01 0.023
205 S 0.105 0.036 0.085 0.046 0.016 0.029 0.045 0.058 0.018 0.037 0.045 0.048 0.015 0.02 0.026 0.209 0.083 0.005 0.016 0.058
206 K 0.053 0.1 0.039 0.039 0.008 0.05 0.066 0.04 0.019 0.026 0.04 0.328 0.014 0.014 0.026 0.05 0.037 0.005 0.016 0.031
207 G 0.077 0.023 0.038 0.033 0.011 0.019 0.027 0.484 0.013 0.019 0.028 0.034 0.009 0.016 0.019 0.076 0.034 0.005 0.011 0.025
208 Q 0.052 0.056 0.036 0.042 0.009 0.194 0.095 0.036 0.023 0.043 0.048 0.071 0.018 0.015 0.116 0.048 0.037 0.005 0.018 0.04
209 L 0.045 0.02 0.014 0.016 0.014 0.013 0.019 0.021 0.01 0.146 0.217 0.022 0.034 0.14 0.013 0.025 0.034 0.008 0.036 0.152
210 L 0.043 0.02 0.015 0.016 0.014 0.014 0.019 0.021 0.011 0.14 0.24 0.023 0.047 0.14 0.013 0.025 0.033 0.009 0.036 0.123
211 T 0.066 0.033 0.056 0.035 0.015 0.039 0.039 0.04 0.016 0.073 0.069 0.042 0.02 0.03 0.023 0.091 0.174 0.007 0.039 0.095
212 L 0.043 0.022 0.018 0.042 0.013 0.016 0.024 0.022 0.016 0.132 0.222 0.025 0.033 0.082 0.014 0.027 0.033 0.01 0.088 0.117
213 L 0.156 0.023 0.018 0.02 0.017 0.017 0.026 0.04 0.011 0.122 0.157 0.029 0.028 0.082 0.019 0.045 0.039 0.007 0.026 0.118
214 L 0.052 0.024 0.02 0.02 0.014 0.017 0.023 0.059 0.011 0.112 0.238 0.027 0.045 0.066 0.015 0.057 0.037 0.039 0.026 0.096
215 I 0.06 0.022 0.059 0.025 0.015 0.016 0.023 0.028 0.012 0.202 0.159 0.027 0.03 0.061 0.015 0.035 0.039 0.006 0.023 0.144
216 W 0.038 0.022 0.016 0.016 0.011 0.015 0.021 0.024 0.02 0.068 0.142 0.023 0.025 0.138 0.012 0.025 0.028 0.144 0.129 0.084
217 L 0.083 0.021 0.016 0.018 0.015 0.016 0.022 0.028 0.011 0.15 0.164 0.026 0.054 0.112 0.015 0.033 0.037 0.008 0.031 0.141
218 L 0.063 0.021 0.015 0.016 0.016 0.015 0.02 0.023 0.009 0.189 0.26 0.025 0.049 0.044 0.015 0.028 0.036 0.006 0.02 0.131
219 Y 0.059 0.026 0.023 0.02 0.01 0.019 0.027 0.03 0.054 0.042 0.07 0.029 0.018 0.176 0.015 0.046 0.029 0.051 0.212 0.044
220 R 0.067 0.132 0.031 0.036 0.042 0.064 0.084 0.066 0.018 0.051 0.076 0.098 0.018 0.045 0.02 0.044 0.034 0.006 0.02 0.046
221 V 0.062 0.068 0.021 0.021 0.016 0.02 0.027 0.027 0.01 0.144 0.107 0.038 0.027 0.031 0.017 0.049 0.061 0.005 0.018 0.231
222 Y 0.039 0.025 0.02 0.017 0.041 0.02 0.025 0.024 0.041 0.041 0.064 0.028 0.017 0.115 0.015 0.03 0.027 0.025 0.343 0.044
223 V 0.058 0.021 0.016 0.017 0.017 0.015 0.021 0.023 0.009 0.156 0.158 0.025 0.031 0.061 0.015 0.032 0.057 0.006 0.023 0.239
224 L 0.05 0.103 0.035 0.067 0.01 0.051 0.119 0.064 0.042 0.043 0.132 0.06 0.021 0.025 0.019 0.055 0.035 0.006 0.019 0.044
225 G 0.055 0.124 0.099 0.065 0.009 0.03 0.041 0.231 0.019 0.022 0.034 0.075 0.011 0.016 0.019 0.052 0.05 0.005 0.013 0.028
226 R 0.044 0.208 0.031 0.029 0.009 0.038 0.046 0.031 0.019 0.052 0.081 0.156 0.019 0.071 0.019 0.039 0.033 0.007 0.025 0.044
227 K 0.05 0.134 0.034 0.033 0.009 0.052 0.052 0.035 0.018 0.063 0.056 0.175 0.017 0.018 0.085 0.046 0.052 0.005 0.016 0.049
228 I 0.045 0.02 0.016 0.017 0.014 0.015 0.02 0.022 0.016 0.177 0.144 0.024 0.041 0.104 0.014 0.026 0.035 0.011 0.092 0.147
229 R 0.087 0.14 0.043 0.063 0.012 0.036 0.052 0.08 0.019 0.025 0.04 0.111 0.014 0.017 0.024 0.134 0.05 0.005 0.015 0.034
230 L 0.082 0.021 0.017 0.018 0.015 0.015 0.021 0.06 0.011 0.144 0.188 0.025 0.031 0.11 0.015 0.033 0.035 0.008 0.03 0.123
231 L 0.056 0.04 0.028 0.027 0.013 0.025 0.035 0.066 0.014 0.06 0.135 0.087 0.035 0.081 0.019 0.07 0.071 0.04 0.029 0.071
232 R 0.088 0.132 0.031 0.033 0.011 0.034 0.063 0.039 0.017 0.036 0.05 0.112 0.015 0.042 0.117 0.061 0.038 0.005 0.02 0.054
233 A 0.187 0.029 0.029 0.029 0.017 0.023 0.035 0.055 0.015 0.045 0.084 0.038 0.019 0.099 0.023 0.114 0.064 0.007 0.029 0.057
234 L 0.094 0.025 0.023 0.023 0.016 0.019 0.027 0.036 0.012 0.112 0.16 0.031 0.04 0.084 0.018 0.079 0.044 0.007 0.027 0.124
235 I 0.086 0.048 0.018 0.02 0.015 0.019 0.026 0.029 0.01 0.194 0.137 0.05 0.029 0.034 0.017 0.035 0.04 0.005 0.019 0.169
236 L 0.073 0.026 0.046 0.026 0.047 0.02 0.028 0.069 0.02 0.073 0.102 0.031 0.034 0.1 0.017 0.068 0.039 0.011 0.095 0.076
237 G 0.079 0.023 0.039 0.034 0.011 0.019 0.026 0.508 0.014 0.019 0.028 0.034 0.009 0.016 0.019 0.052 0.03 0.005 0.011 0.024
238 S 0.11 0.04 0.054 0.049 0.018 0.033 0.053 0.067 0.019 0.03 0.042 0.054 0.016 0.021 0.03 0.216 0.082 0.005 0.018 0.042
239 A 0.143 0.024 0.023 0.024 0.016 0.018 0.028 0.075 0.013 0.102 0.125 0.032 0.024 0.103 0.019 0.074 0.041 0.007 0.029 0.078
240 A 0.17 0.026 0.026 0.027 0.017 0.021 0.031 0.144 0.012 0.074 0.108 0.035 0.021 0.026 0.022 0.081 0.044 0.005 0.016 0.095
241 G 0.097 0.022 0.023 0.023 0.015 0.017 0.024 0.161 0.011 0.137 0.112 0.029 0.024 0.029 0.018 0.054 0.04 0.005 0.016 0.142
242 I 0.069 0.02 0.017 0.018 0.015 0.015 0.021 0.057 0.01 0.186 0.164 0.025 0.043 0.062 0.015 0.031 0.038 0.006 0.023 0.167
243 G 0.161 0.028 0.034 0.033 0.016 0.023 0.035 0.181 0.014 0.039 0.05 0.039 0.015 0.045 0.023 0.126 0.05 0.006 0.019 0.061
244 A 0.148 0.025 0.024 0.024 0.017 0.019 0.028 0.106 0.011 0.079 0.099 0.032 0.022 0.054 0.02 0.054 0.073 0.006 0.021 0.137
245 L 0.067 0.022 0.016 0.017 0.015 0.016 0.021 0.057 0.01 0.129 0.249 0.025 0.047 0.065 0.015 0.03 0.035 0.007 0.023 0.134
246 A 0.29 0.031 0.026 0.03 0.022 0.026 0.04 0.078 0.015 0.043 0.059 0.045 0.018 0.022 0.03 0.085 0.05 0.005 0.018 0.069
247 L 0.073 0.021 0.016 0.017 0.05 0.015 0.021 0.06 0.009 0.136 0.21 0.025 0.032 0.037 0.015 0.032 0.038 0.006 0.018 0.168
248 L 0.114 0.025 0.025 0.024 0.017 0.019 0.028 0.071 0.011 0.122 0.132 0.032 0.026 0.03 0.02 0.054 0.109 0.005 0.017 0.119
249 G 0.128 0.025 0.027 0.026 0.014 0.02 0.029 0.169 0.017 0.048 0.082 0.033 0.018 0.086 0.019 0.064 0.053 0.009 0.067 0.066
250 L 0.072 0.025 0.021 0.021 0.015 0.018 0.025 0.031 0.012 0.102 0.219 0.029 0.044 0.087 0.017 0.063 0.056 0.007 0.027 0.109
251 F 0.053 0.019 0.016 0.017 0.011 0.011 0.019 0.027 0.015 0.064 0.104 0.02 0.024 0.379 0.011 0.028 0.026 0.014 0.074 0.069
252 A 0.214 0.025 0.022 0.024 0.018 0.02 0.031 0.052 0.012 0.082 0.081 0.034 0.021 0.075 0.022 0.06 0.059 0.006 0.025 0.117
253 V 0.07 0.022 0.017 0.018 0.019 0.017 0.023 0.025 0.008 0.165 0.131 0.026 0.032 0.036 0.017 0.033 0.05 0.006 0.021 0.265
254 L 0.079 0.024 0.017 0.017 0.014 0.017 0.023 0.029 0.016 0.083 0.222 0.027 0.055 0.125 0.015 0.033 0.033 0.011 0.075 0.087
255 T 0.06 0.032 0.098 0.04 0.013 0.024 0.036 0.075 0.017 0.041 0.058 0.039 0.017 0.097 0.021 0.092 0.155 0.007 0.028 0.049
256 I 0.047 0.018 0.015 0.018 0.016 0.013 0.018 0.021 0.009 0.271 0.168 0.024 0.037 0.044 0.015 0.025 0.04 0.006 0.021 0.177
257 F 0.092 0.027 0.027 0.025 0.014 0.021 0.031 0.04 0.019 0.053 0.092 0.033 0.056 0.165 0.018 0.096 0.043 0.011 0.082 0.055
258 R 0.079 0.148 0.055 0.037 0.012 0.034 0.06 0.071 0.017 0.045 0.054 0.082 0.016 0.02 0.021 0.069 0.084 0.005 0.016 0.074
259 G 0.072 0.022 0.035 0.031 0.012 0.018 0.024 0.433 0.013 0.062 0.051 0.032 0.014 0.021 0.018 0.046 0.031 0.005 0.012 0.049
260 E 0.051 0.05 0.048 0.157 0.008 0.095 0.2 0.039 0.025 0.023 0.037 0.071 0.014 0.016 0.024 0.054 0.037 0.005 0.016 0.03
261 I 0.084 0.03 0.028 0.1 0.013 0.036 0.042 0.036 0.013 0.127 0.126 0.053 0.024 0.028 0.05 0.04 0.038 0.005 0.017 0.11
262 F 0.047 0.023 0.036 0.116 0.01 0.018 0.039 0.151 0.017 0.042 0.071 0.029 0.017 0.2 0.016 0.039 0.029 0.011 0.05 0.04
263 G 0.079 0.037 0.063 0.116 0.01 0.028 0.064 0.266 0.016 0.022 0.031 0.076 0.011 0.015 0.021 0.066 0.036 0.005 0.012 0.028
264 D 0.052 0.033 0.15 0.2 0.01 0.028 0.057 0.081 0.02 0.032 0.037 0.044 0.012 0.017 0.021 0.083 0.06 0.004 0.013 0.047
265 I 0.066 0.022 0.018 0.024 0.014 0.018 0.043 0.027 0.011 0.16 0.159 0.031 0.027 0.032 0.144 0.033 0.036 0.005 0.017 0.111
266 I 0.084 0.02 0.016 0.018 0.015 0.015 0.021 0.028 0.011 0.167 0.144 0.025 0.041 0.11 0.015 0.033 0.038 0.007 0.031 0.16
267 E 0.068 0.037 0.033 0.101 0.011 0.053 0.176 0.033 0.018 0.055 0.118 0.051 0.021 0.024 0.021 0.045 0.036 0.005 0.017 0.078
268 L 0.12 0.031 0.033 0.075 0.017 0.025 0.041 0.047 0.014 0.064 0.152 0.039 0.044 0.032 0.023 0.078 0.072 0.006 0.018 0.069
269 L 0.045 0.024 0.014 0.015 0.016 0.016 0.02 0.021 0.01 0.115 0.375 0.025 0.05 0.055 0.014 0.024 0.033 0.007 0.022 0.096
270 L 0.144 0.025 0.019 0.021 0.018 0.019 0.027 0.042 0.011 0.114 0.203 0.032 0.033 0.038 0.02 0.047 0.042 0.006 0.02 0.118
271 L 0.052 0.079 0.103 0.047 0.012 0.057 0.078 0.038 0.021 0.069 0.104 0.058 0.023 0.026 0.019 0.047 0.042 0.005 0.018 0.101
272 T 0.089 0.035 0.079 0.04 0.015 0.041 0.042 0.079 0.016 0.049 0.055 0.045 0.017 0.021 0.023 0.119 0.131 0.005 0.016 0.081
273 I 0.048 0.022 0.016 0.017 0.015 0.017 0.021 0.022 0.011 0.189 0.171 0.026 0.091 0.066 0.014 0.028 0.038 0.007 0.024 0.157
274 A 0.203 0.033 0.037 0.036 0.018 0.027 0.042 0.064 0.016 0.037 0.055 0.045 0.028 0.021 0.027 0.174 0.061 0.005 0.017 0.053
275 G 0.063 0.06 0.061 0.072 0.01 0.035 0.1 0.168 0.044 0.023 0.035 0.068 0.012 0.024 0.021 0.09 0.04 0.006 0.039 0.029
276 Y 0.038 0.026 0.02 0.017 0.009 0.02 0.026 0.023 0.043 0.041 0.064 0.029 0.017 0.122 0.015 0.029 0.026 0.026 0.365 0.043
277 S 0.191 0.034 0.04 0.039 0.018 0.028 0.045 0.066 0.016 0.032 0.045 0.047 0.015 0.02 0.028 0.201 0.065 0.005 0.016 0.048
278 D 0.038 0.028 0.064 0.439 0.007 0.028 0.085 0.043 0.017 0.021 0.026 0.042 0.009 0.014 0.021 0.049 0.033 0.003 0.01 0.023
279 Y 0.044 0.027 0.023 0.02 0.01 0.021 0.028 0.027 0.04 0.04 0.062 0.031 0.017 0.109 0.016 0.048 0.046 0.023 0.322 0.045
280 T 0.059 0.033 0.137 0.045 0.014 0.026 0.037 0.043 0.017 0.06 0.062 0.041 0.018 0.022 0.022 0.069 0.173 0.005 0.016 0.101
281 R 0.041 0.391 0.036 0.029 0.007 0.045 0.049 0.031 0.022 0.022 0.043 0.112 0.014 0.016 0.018 0.041 0.032 0.005 0.016 0.029
282 N 0.041 0.041 0.344 0.075 0.009 0.031 0.045 0.059 0.028 0.023 0.031 0.05 0.011 0.017 0.019 0.066 0.062 0.004 0.015 0.028
283 A 0.221 0.027 0.028 0.029 0.016 0.022 0.034 0.154 0.014 0.037 0.054 0.038 0.016 0.07 0.024 0.091 0.044 0.006 0.023 0.052
284 A 0.163 0.03 0.044 0.027 0.017 0.025 0.033 0.048 0.015 0.072 0.109 0.037 0.094 0.031 0.021 0.067 0.045 0.006 0.019 0.1
285 L 0.044 0.029 0.017 0.017 0.015 0.019 0.023 0.023 0.011 0.098 0.358 0.044 0.053 0.046 0.015 0.029 0.049 0.006 0.02 0.084
286 V 0.058 0.02 0.015 0.016 0.017 0.015 0.02 0.022 0.008 0.166 0.182 0.024 0.033 0.038 0.015 0.028 0.042 0.005 0.019 0.257
287 I 0.066 0.018 0.015 0.017 0.016 0.014 0.019 0.023 0.009 0.259 0.16 0.024 0.033 0.039 0.015 0.028 0.039 0.005 0.019 0.183
288 D 0.045 0.035 0.059 0.343 0.008 0.06 0.1 0.043 0.02 0.022 0.03 0.049 0.011 0.014 0.022 0.063 0.036 0.004 0.012 0.025
289 D 0.07 0.033 0.076 0.22 0.012 0.03 0.064 0.054 0.018 0.024 0.033 0.047 0.012 0.017 0.024 0.162 0.055 0.004 0.014 0.031
290 P 0.056 0.047 0.038 0.084 0.009 0.079 0.061 0.1 0.018 0.024 0.037 0.084 0.013 0.014 0.204 0.049 0.036 0.004 0.015 0.03
291 D 0.054 0.082 0.106 0.12 0.01 0.046 0.055 0.077 0.068 0.026 0.037 0.056 0.013 0.018 0.021 0.083 0.073 0.005 0.019 0.032
292 F 0.061 0.051 0.025 0.024 0.011 0.049 0.034 0.094 0.042 0.049 0.113 0.038 0.022 0.183 0.015 0.036 0.029 0.011 0.065 0.047
293 P 0.075 0.054 0.036 0.089 0.01 0.043 0.083 0.135 0.016 0.023 0.034 0.05 0.011 0.015 0.18 0.062 0.036 0.004 0.013 0.03
294 P 0.053 0.07 0.026 0.025 0.012 0.022 0.03 0.063 0.015 0.069 0.11 0.041 0.021 0.082 0.113 0.055 0.068 0.008 0.046 0.072
295 Y 0.044 0.041 0.028 0.03 0.009 0.101 0.068 0.029 0.035 0.038 0.063 0.049 0.03 0.076 0.017 0.038 0.031 0.017 0.214 0.042
296 Y 0.043 0.023 0.022 0.02 0.009 0.017 0.024 0.121 0.031 0.041 0.067 0.027 0.017 0.179 0.014 0.031 0.026 0.02 0.228 0.041
297 G 0.073 0.021 0.036 0.031 0.01 0.018 0.024 0.544 0.013 0.018 0.026 0.031 0.009 0.015 0.018 0.048 0.028 0.005 0.01 0.023
298 R 0.045 0.25 0.035 0.031 0.008 0.071 0.055 0.032 0.021 0.033 0.075 0.138 0.03 0.019 0.019 0.043 0.034 0.006 0.017 0.037
299 L 0.042 0.021 0.013 0.015 0.015 0.015 0.018 0.02 0.009 0.148 0.37 0.023 0.044 0.049 0.013 0.023 0.032 0.006 0.02 0.104
300 T 0.064 0.03 0.032 0.029 0.016 0.023 0.032 0.036 0.013 0.067 0.139 0.037 0.037 0.055 0.021 0.087 0.172 0.006 0.022 0.083
301 L 0.064 0.024 0.018 0.018 0.014 0.018 0.024 0.028 0.013 0.085 0.162 0.027 0.086 0.138 0.014 0.035 0.05 0.041 0.039 0.101
302 E 0.051 0.046 0.038 0.084 0.007 0.06 0.346 0.033 0.024 0.021 0.034 0.07 0.012 0.015 0.024 0.051 0.034 0.005 0.015 0.029
303 N 0.08 0.037 0.141 0.074 0.012 0.043 0.046 0.115 0.021 0.033 0.053 0.047 0.038 0.021 0.021 0.11 0.049 0.005 0.016 0.039
304 E 0.047 0.042 0.116 0.065 0.009 0.056 0.175 0.038 0.046 0.04 0.087 0.056 0.018 0.022 0.02 0.049 0.037 0.005 0.019 0.054
305 V 0.045 0.02 0.015 0.016 0.013 0.014 0.02 0.023 0.011 0.112 0.144 0.022 0.028 0.139 0.012 0.026 0.033 0.106 0.044 0.158
306 Y 0.039 0.023 0.018 0.017 0.011 0.017 0.023 0.023 0.029 0.09 0.109 0.025 0.023 0.159 0.014 0.027 0.029 0.019 0.226 0.08
307 S 0.134 0.031 0.038 0.037 0.015 0.026 0.041 0.119 0.015 0.028 0.039 0.044 0.013 0.018 0.12 0.166 0.057 0.004 0.015 0.04
308 R 0.045 0.272 0.034 0.03 0.008 0.043 0.05 0.032 0.02 0.033 0.075 0.156 0.029 0.02 0.019 0.042 0.034 0.005 0.017 0.037
309 I 0.05 0.019 0.016 0.017 0.016 0.014 0.019 0.022 0.008 0.236 0.174 0.024 0.034 0.039 0.015 0.029 0.055 0.006 0.019 0.188
310 P 0.053 0.024 0.022 0.029 0.01 0.019 0.034 0.034 0.012 0.024 0.034 0.038 0.01 0.012 0.529 0.041 0.034 0.002 0.012 0.029
311 R 0.041 0.391 0.036 0.029 0.007 0.045 0.049 0.031 0.022 0.022 0.043 0.112 0.014 0.016 0.018 0.041 0.032 0.005 0.016 0.029
312 A 0.266 0.026 0.022 0.025 0.019 0.021 0.034 0.06 0.013 0.057 0.07 0.036 0.019 0.073 0.024 0.066 0.043 0.006 0.025 0.094
313 L 0.041 0.019 0.014 0.015 0.014 0.013 0.018 0.02 0.01 0.194 0.266 0.022 0.038 0.094 0.013 0.023 0.033 0.007 0.028 0.117
314 W 0.038 0.025 0.017 0.016 0.011 0.019 0.024 0.025 0.022 0.059 0.121 0.027 0.082 0.092 0.012 0.027 0.028 0.175 0.125 0.055
315 P 0.053 0.024 0.022 0.029 0.01 0.019 0.034 0.034 0.013 0.024 0.034 0.038 0.01 0.012 0.527 0.041 0.034 0.002 0.012 0.029
316 D 0.048 0.033 0.114 0.268 0.008 0.032 0.103 0.079 0.02 0.021 0.029 0.047 0.01 0.015 0.021 0.071 0.039 0.004 0.012 0.025
317 K 0.053 0.1 0.039 0.039 0.008 0.05 0.066 0.04 0.019 0.026 0.04 0.328 0.014 0.014 0.026 0.05 0.037 0.005 0.016 0.031
318 P 0.053 0.024 0.022 0.029 0.01 0.019 0.034 0.034 0.012 0.024 0.034 0.038 0.01 0.012 0.529 0.041 0.034 0.002 0.012 0.029
319 K 0.054 0.073 0.035 0.044 0.011 0.04 0.065 0.036 0.017 0.047 0.095 0.219 0.02 0.021 0.023 0.05 0.069 0.005 0.017 0.06
320 D 0.064 0.032 0.13 0.246 0.01 0.028 0.062 0.048 0.019 0.035 0.045 0.043 0.024 0.018 0.02 0.067 0.041 0.004 0.013 0.049
