#Seq2Logo.py -f /work3/idamei/ssn-clusterings/clustering/2205111339/clusters/0011_523/sequences.afa -o /work3/idamei/ssn-clusterings/clustering/2205111339/clusters/0011_523/sequences.logo
#Position Specific Frequency Matrix
A R N D C Q E G H I L K M F P S T W Y V
0 L 0.051 0.031 0.019 0.019 0.016 0.027 0.027 0.027 0.016 0.097 0.191 0.035 0.187 0.047 0.016 0.035 0.039 0.008 0.023 0.089
1 N 0.069 0.041 0.204 0.064 0.013 0.032 0.048 0.062 0.025 0.027 0.037 0.052 0.013 0.019 0.024 0.14 0.075 0.005 0.016 0.035
2 N 0.055 0.038 0.218 0.062 0.012 0.029 0.043 0.055 0.024 0.063 0.054 0.047 0.016 0.022 0.021 0.088 0.08 0.005 0.016 0.053
3 Y 0.114 0.03 0.023 0.03 0.013 0.026 0.068 0.039 0.028 0.048 0.103 0.038 0.021 0.069 0.019 0.046 0.034 0.048 0.15 0.054
4 D 0.05 0.037 0.047 0.21 0.009 0.043 0.187 0.037 0.02 0.04 0.044 0.055 0.014 0.018 0.022 0.049 0.037 0.005 0.015 0.062
5 F 0.033 0.018 0.016 0.016 0.01 0.01 0.018 0.025 0.016 0.061 0.111 0.018 0.025 0.406 0.01 0.025 0.025 0.016 0.086 0.053
6 L 0.043 0.022 0.017 0.017 0.013 0.015 0.021 0.023 0.021 0.11 0.165 0.024 0.03 0.163 0.014 0.027 0.032 0.014 0.123 0.107
7 E 0.057 0.037 0.04 0.112 0.009 0.043 0.191 0.101 0.02 0.058 0.051 0.056 0.015 0.02 0.022 0.061 0.038 0.005 0.015 0.048
8 N 0.043 0.045 0.315 0.083 0.009 0.034 0.05 0.065 0.032 0.023 0.032 0.054 0.011 0.018 0.02 0.07 0.05 0.005 0.016 0.027
9 L 0.051 0.029 0.023 0.028 0.014 0.025 0.065 0.025 0.06 0.1 0.228 0.034 0.034 0.04 0.016 0.032 0.036 0.006 0.025 0.128
10 L 0.086 0.023 0.016 0.018 0.017 0.017 0.023 0.029 0.01 0.139 0.247 0.027 0.038 0.042 0.016 0.034 0.039 0.006 0.02 0.153
11 L 0.043 0.025 0.06 0.026 0.013 0.019 0.025 0.029 0.018 0.124 0.173 0.029 0.029 0.054 0.015 0.035 0.05 0.076 0.068 0.088
12 D 0.048 0.036 0.129 0.207 0.009 0.033 0.099 0.048 0.022 0.023 0.031 0.05 0.011 0.016 0.087 0.067 0.041 0.004 0.013 0.027
13 N 0.041 0.044 0.3 0.075 0.009 0.033 0.048 0.06 0.076 0.022 0.031 0.051 0.011 0.019 0.019 0.064 0.045 0.005 0.021 0.026
14 I 0.041 0.022 0.058 0.025 0.013 0.016 0.023 0.028 0.013 0.187 0.115 0.027 0.027 0.044 0.013 0.029 0.035 0.14 0.032 0.114
15 N 0.054 0.041 0.155 0.058 0.011 0.047 0.081 0.047 0.023 0.045 0.104 0.051 0.041 0.026 0.02 0.078 0.047 0.005 0.018 0.047
16 L 0.119 0.026 0.019 0.021 0.017 0.019 0.027 0.038 0.011 0.1 0.266 0.031 0.037 0.042 0.019 0.054 0.04 0.006 0.02 0.088
17 F 0.039 0.024 0.018 0.017 0.011 0.018 0.023 0.024 0.027 0.065 0.142 0.026 0.047 0.199 0.013 0.028 0.029 0.018 0.17 0.06
18 F 0.043 0.021 0.019 0.019 0.012 0.014 0.02 0.09 0.017 0.106 0.142 0.024 0.027 0.197 0.013 0.028 0.029 0.013 0.088 0.077
19 L 0.091 0.025 0.024 0.024 0.015 0.019 0.027 0.102 0.015 0.092 0.163 0.031 0.028 0.09 0.018 0.065 0.04 0.009 0.048 0.075
20 C 0.092 0.021 0.019 0.02 0.21 0.016 0.022 0.035 0.01 0.118 0.132 0.026 0.025 0.03 0.018 0.053 0.041 0.005 0.016 0.092
21 L 0.04 0.02 0.015 0.016 0.014 0.013 0.019 0.022 0.012 0.144 0.238 0.022 0.037 0.168 0.013 0.024 0.031 0.01 0.043 0.101
22 L 0.06 0.023 0.02 0.021 0.017 0.017 0.024 0.027 0.01 0.165 0.196 0.028 0.035 0.04 0.017 0.056 0.045 0.006 0.02 0.173
23 F 0.044 0.019 0.017 0.017 0.11 0.013 0.019 0.058 0.013 0.068 0.171 0.021 0.028 0.209 0.013 0.029 0.029 0.011 0.049 0.062
24 S 0.093 0.034 0.042 0.039 0.017 0.028 0.043 0.053 0.016 0.057 0.099 0.045 0.022 0.027 0.025 0.187 0.069 0.005 0.018 0.081
25 F 0.054 0.021 0.024 0.023 0.077 0.015 0.023 0.097 0.014 0.08 0.091 0.026 0.022 0.203 0.015 0.059 0.036 0.01 0.048 0.064
26 I 0.051 0.019 0.015 0.017 0.048 0.014 0.019 0.022 0.01 0.186 0.17 0.023 0.033 0.089 0.014 0.027 0.038 0.007 0.028 0.169
27 L 0.043 0.02 0.015 0.016 0.079 0.013 0.018 0.023 0.011 0.126 0.228 0.022 0.035 0.141 0.013 0.026 0.032 0.009 0.037 0.093
28 Y 0.04 0.032 0.029 0.023 0.009 0.025 0.034 0.028 0.133 0.037 0.059 0.034 0.017 0.101 0.016 0.033 0.027 0.022 0.264 0.039
29 Y 0.044 0.024 0.022 0.02 0.01 0.018 0.024 0.09 0.032 0.075 0.08 0.028 0.02 0.138 0.015 0.031 0.029 0.02 0.219 0.06
30 L 0.043 0.021 0.015 0.016 0.014 0.014 0.019 0.022 0.012 0.126 0.233 0.022 0.036 0.167 0.013 0.025 0.033 0.01 0.043 0.117
31 L 0.081 0.021 0.016 0.018 0.049 0.016 0.021 0.028 0.01 0.171 0.235 0.026 0.037 0.042 0.016 0.033 0.037 0.006 0.02 0.118
32 F 0.033 0.018 0.016 0.016 0.01 0.01 0.018 0.025 0.016 0.061 0.111 0.018 0.025 0.406 0.01 0.025 0.025 0.016 0.086 0.053
33 R 0.05 0.226 0.039 0.035 0.008 0.05 0.06 0.037 0.021 0.025 0.043 0.215 0.015 0.016 0.023 0.048 0.036 0.005 0.017 0.031
34 K 0.058 0.107 0.099 0.046 0.01 0.04 0.055 0.047 0.021 0.025 0.039 0.159 0.014 0.016 0.089 0.078 0.045 0.005 0.016 0.031
35 L 0.05 0.03 0.02 0.02 0.013 0.046 0.033 0.026 0.021 0.087 0.129 0.034 0.036 0.061 0.015 0.032 0.036 0.074 0.106 0.128
36 L 0.049 0.022 0.017 0.017 0.074 0.016 0.022 0.025 0.018 0.11 0.132 0.025 0.026 0.062 0.014 0.029 0.035 0.074 0.105 0.128
37 H 0.047 0.049 0.035 0.03 0.01 0.031 0.043 0.033 0.11 0.069 0.07 0.101 0.02 0.086 0.02 0.044 0.061 0.01 0.076 0.056
38 S 0.098 0.036 0.049 0.044 0.016 0.03 0.046 0.119 0.017 0.03 0.042 0.049 0.015 0.02 0.027 0.202 0.097 0.005 0.016 0.042
39 I 0.048 0.022 0.016 0.017 0.015 0.017 0.021 0.024 0.011 0.166 0.142 0.025 0.066 0.084 0.014 0.028 0.037 0.063 0.033 0.151
40 L 0.041 0.021 0.014 0.016 0.014 0.014 0.019 0.021 0.011 0.142 0.282 0.023 0.04 0.13 0.013 0.024 0.032 0.009 0.035 0.101
41 D 0.039 0.029 0.066 0.421 0.007 0.029 0.088 0.045 0.018 0.022 0.027 0.043 0.009 0.014 0.022 0.05 0.034 0.004 0.011 0.023
42 P 0.055 0.025 0.022 0.03 0.01 0.02 0.035 0.035 0.012 0.025 0.035 0.04 0.01 0.012 0.513 0.042 0.035 0.002 0.012 0.03
43 L 0.07 0.023 0.017 0.018 0.013 0.016 0.023 0.028 0.019 0.098 0.196 0.026 0.031 0.144 0.015 0.032 0.032 0.013 0.107 0.079
44 F 0.047 0.022 0.02 0.019 0.013 0.014 0.023 0.028 0.014 0.079 0.168 0.024 0.029 0.246 0.014 0.05 0.035 0.012 0.056 0.087
45 L 0.037 0.022 0.014 0.015 0.012 0.014 0.02 0.024 0.012 0.099 0.225 0.023 0.033 0.093 0.011 0.023 0.029 0.176 0.043 0.076
46 S 0.141 0.034 0.039 0.038 0.017 0.028 0.044 0.059 0.017 0.039 0.06 0.047 0.035 0.022 0.081 0.166 0.063 0.005 0.017 0.05
47 L 0.078 0.021 0.016 0.018 0.016 0.015 0.021 0.028 0.01 0.171 0.189 0.025 0.034 0.081 0.016 0.032 0.038 0.007 0.027 0.156
48 L 0.052 0.02 0.015 0.016 0.017 0.015 0.02 0.021 0.009 0.189 0.229 0.024 0.038 0.043 0.015 0.026 0.039 0.006 0.02 0.186
49 G 0.122 0.026 0.03 0.029 0.014 0.02 0.031 0.209 0.014 0.04 0.087 0.035 0.018 0.065 0.075 0.072 0.039 0.006 0.022 0.046
50 S 0.098 0.039 0.084 0.051 0.016 0.032 0.05 0.064 0.02 0.028 0.039 0.052 0.015 0.02 0.028 0.23 0.075 0.005 0.017 0.039
51 L 0.114 0.022 0.017 0.019 0.126 0.016 0.023 0.036 0.01 0.112 0.161 0.027 0.029 0.033 0.018 0.042 0.04 0.005 0.018 0.132
52 F 0.038 0.019 0.017 0.017 0.066 0.012 0.019 0.025 0.015 0.063 0.113 0.02 0.042 0.327 0.011 0.027 0.027 0.014 0.07 0.057
53 G 0.076 0.022 0.034 0.03 0.121 0.018 0.025 0.367 0.012 0.025 0.037 0.032 0.011 0.017 0.019 0.069 0.036 0.005 0.011 0.032
54 F 0.071 0.02 0.017 0.018 0.067 0.013 0.021 0.031 0.014 0.068 0.1 0.022 0.023 0.282 0.013 0.033 0.031 0.012 0.062 0.082
55 A 0.165 0.031 0.036 0.035 0.018 0.026 0.039 0.112 0.015 0.049 0.056 0.043 0.017 0.022 0.026 0.129 0.081 0.005 0.016 0.079
56 V 0.056 0.023 0.032 0.152 0.014 0.02 0.044 0.03 0.011 0.128 0.097 0.031 0.024 0.029 0.018 0.037 0.042 0.005 0.017 0.192
57 V 0.067 0.021 0.016 0.017 0.018 0.016 0.022 0.024 0.008 0.158 0.125 0.025 0.03 0.034 0.016 0.032 0.047 0.005 0.02 0.297
58 L 0.085 0.025 0.021 0.021 0.016 0.019 0.027 0.033 0.015 0.114 0.201 0.031 0.041 0.049 0.018 0.058 0.042 0.008 0.056 0.121
59 F 0.036 0.019 0.015 0.016 0.012 0.012 0.018 0.023 0.014 0.099 0.18 0.02 0.031 0.29 0.011 0.024 0.028 0.013 0.064 0.075
60 L 0.044 0.024 0.014 0.015 0.016 0.017 0.02 0.021 0.01 0.109 0.376 0.025 0.064 0.052 0.014 0.025 0.033 0.007 0.022 0.092
61 F 0.037 0.032 0.024 0.022 0.009 0.02 0.029 0.028 0.063 0.049 0.084 0.056 0.021 0.261 0.014 0.03 0.027 0.016 0.132 0.045
62 L 0.07 0.021 0.016 0.017 0.014 0.014 0.021 0.028 0.012 0.128 0.212 0.024 0.034 0.166 0.014 0.03 0.033 0.01 0.042 0.094
63 T 0.097 0.029 0.032 0.03 0.072 0.023 0.033 0.042 0.012 0.065 0.104 0.038 0.022 0.026 0.023 0.087 0.149 0.005 0.017 0.092
64 N 0.061 0.045 0.18 0.101 0.01 0.032 0.052 0.11 0.023 0.023 0.033 0.077 0.012 0.017 0.022 0.102 0.05 0.005 0.015 0.029
65 A 0.123 0.051 0.1 0.049 0.013 0.058 0.082 0.052 0.021 0.038 0.083 0.095 0.018 0.021 0.023 0.061 0.042 0.005 0.017 0.047
66 I 0.049 0.02 0.018 0.019 0.016 0.016 0.02 0.023 0.01 0.249 0.154 0.026 0.051 0.041 0.016 0.032 0.065 0.006 0.02 0.15
67 S 0.08 0.046 0.047 0.084 0.014 0.055 0.058 0.052 0.019 0.057 0.053 0.08 0.017 0.021 0.025 0.159 0.06 0.005 0.017 0.051
68 F 0.052 0.027 0.065 0.075 0.012 0.021 0.037 0.037 0.016 0.076 0.108 0.035 0.022 0.111 0.073 0.066 0.066 0.007 0.032 0.062
69 Y 0.041 0.033 0.022 0.02 0.01 0.022 0.029 0.025 0.035 0.071 0.079 0.059 0.02 0.136 0.016 0.031 0.029 0.021 0.243 0.058
70 Y 0.043 0.027 0.022 0.019 0.011 0.02 0.026 0.025 0.034 0.058 0.14 0.03 0.025 0.098 0.016 0.035 0.056 0.02 0.236 0.058
71 F 0.034 0.02 0.016 0.016 0.011 0.012 0.019 0.024 0.019 0.064 0.137 0.02 0.026 0.339 0.011 0.025 0.026 0.016 0.107 0.056
72 L 0.066 0.026 0.027 0.026 0.016 0.02 0.029 0.036 0.013 0.125 0.164 0.033 0.03 0.077 0.019 0.1 0.05 0.007 0.026 0.111
73 S 0.098 0.039 0.084 0.051 0.016 0.032 0.05 0.064 0.02 0.028 0.039 0.052 0.015 0.02 0.028 0.23 0.075 0.005 0.017 0.039
74 Y 0.038 0.026 0.02 0.018 0.009 0.02 0.026 0.024 0.042 0.044 0.071 0.029 0.019 0.157 0.014 0.029 0.027 0.026 0.315 0.046
75 L 0.048 0.024 0.051 0.023 0.069 0.017 0.022 0.027 0.011 0.12 0.264 0.027 0.037 0.042 0.015 0.031 0.037 0.006 0.019 0.112
76 L 0.063 0.024 0.019 0.019 0.016 0.017 0.023 0.054 0.01 0.116 0.296 0.028 0.039 0.044 0.016 0.035 0.061 0.006 0.02 0.093
77 T 0.07 0.034 0.042 0.036 0.017 0.027 0.038 0.042 0.013 0.051 0.063 0.044 0.019 0.023 0.027 0.089 0.275 0.006 0.017 0.068
78 Q 0.054 0.071 0.042 0.045 0.008 0.245 0.099 0.04 0.028 0.025 0.045 0.088 0.02 0.014 0.023 0.054 0.04 0.006 0.02 0.034
79 F 0.049 0.02 0.02 0.02 0.013 0.014 0.021 0.081 0.013 0.124 0.142 0.024 0.028 0.182 0.014 0.04 0.034 0.01 0.044 0.106
80 A 0.164 0.029 0.033 0.032 0.072 0.024 0.037 0.111 0.014 0.048 0.056 0.04 0.017 0.021 0.025 0.124 0.055 0.005 0.016 0.077
81 F 0.032 0.018 0.016 0.016 0.01 0.01 0.018 0.024 0.016 0.061 0.11 0.018 0.024 0.41 0.01 0.024 0.024 0.016 0.085 0.053
82 L 0.05 0.022 0.021 0.02 0.013 0.016 0.023 0.081 0.015 0.119 0.129 0.027 0.026 0.089 0.015 0.035 0.059 0.065 0.067 0.105
83 L 0.087 0.023 0.02 0.021 0.124 0.017 0.024 0.034 0.011 0.1 0.158 0.028 0.028 0.075 0.017 0.06 0.041 0.007 0.025 0.102
84 G 0.071 0.022 0.035 0.031 0.01 0.017 0.024 0.473 0.013 0.023 0.036 0.031 0.011 0.059 0.017 0.047 0.028 0.006 0.019 0.027
85 L 0.04 0.023 0.016 0.016 0.013 0.016 0.021 0.024 0.014 0.086 0.224 0.024 0.07 0.21 0.013 0.026 0.03 0.011 0.05 0.074
86 L 0.042 0.061 0.018 0.018 0.013 0.019 0.024 0.023 0.019 0.104 0.212 0.035 0.033 0.103 0.014 0.028 0.032 0.012 0.099 0.091
87 L 0.06 0.027 0.027 0.026 0.015 0.021 0.029 0.034 0.017 0.113 0.137 0.033 0.045 0.087 0.018 0.083 0.07 0.009 0.063 0.085
88 F 0.076 0.021 0.021 0.021 0.013 0.014 0.022 0.141 0.014 0.081 0.124 0.025 0.024 0.199 0.015 0.036 0.03 0.01 0.047 0.065
89 S 0.068 0.051 0.09 0.044 0.012 0.034 0.047 0.076 0.023 0.035 0.058 0.103 0.034 0.033 0.023 0.116 0.052 0.008 0.053 0.041
90 K 0.054 0.105 0.034 0.033 0.01 0.039 0.05 0.09 0.017 0.086 0.067 0.191 0.019 0.021 0.022 0.044 0.037 0.005 0.017 0.061
91 F 0.073 0.077 0.065 0.039 0.011 0.032 0.07 0.039 0.059 0.064 0.07 0.077 0.019 0.109 0.019 0.045 0.035 0.008 0.036 0.053
92 K 0.059 0.094 0.071 0.046 0.01 0.04 0.08 0.096 0.02 0.055 0.052 0.141 0.016 0.019 0.023 0.071 0.042 0.005 0.016 0.046
93 K 0.05 0.052 0.063 0.035 0.011 0.03 0.042 0.037 0.017 0.072 0.103 0.124 0.021 0.067 0.075 0.047 0.063 0.006 0.025 0.059
94 I 0.065 0.077 0.027 0.026 0.013 0.026 0.034 0.033 0.019 0.105 0.089 0.075 0.023 0.087 0.019 0.047 0.079 0.01 0.067 0.08
95 G 0.078 0.023 0.039 0.034 0.011 0.019 0.026 0.51 0.014 0.019 0.028 0.034 0.009 0.016 0.019 0.051 0.03 0.005 0.011 0.024
96 N 0.055 0.091 0.12 0.044 0.011 0.032 0.044 0.045 0.021 0.049 0.061 0.088 0.017 0.076 0.02 0.076 0.046 0.007 0.027 0.072
97 L 0.044 0.021 0.018 0.018 0.015 0.015 0.02 0.023 0.011 0.156 0.218 0.025 0.035 0.125 0.014 0.031 0.059 0.008 0.035 0.107
98 L 0.045 0.024 0.014 0.015 0.016 0.016 0.02 0.021 0.01 0.115 0.375 0.025 0.05 0.055 0.014 0.024 0.033 0.007 0.022 0.096
99 L 0.062 0.081 0.031 0.03 0.013 0.03 0.04 0.036 0.015 0.119 0.119 0.103 0.025 0.029 0.021 0.083 0.047 0.005 0.018 0.093
100 N 0.062 0.081 0.141 0.051 0.011 0.034 0.046 0.105 0.022 0.032 0.053 0.083 0.033 0.021 0.022 0.098 0.049 0.005 0.016 0.037
101 P 0.057 0.076 0.036 0.083 0.01 0.033 0.08 0.039 0.017 0.024 0.036 0.083 0.012 0.015 0.241 0.068 0.04 0.004 0.014 0.03
102 V 0.052 0.082 0.023 0.024 0.013 0.025 0.034 0.029 0.014 0.107 0.093 0.078 0.023 0.08 0.087 0.036 0.038 0.007 0.027 0.129
103 I 0.072 0.026 0.033 0.11 0.012 0.022 0.041 0.034 0.061 0.121 0.085 0.033 0.021 0.051 0.018 0.039 0.034 0.01 0.093 0.082
104 K 0.074 0.084 0.045 0.044 0.011 0.046 0.064 0.051 0.02 0.028 0.042 0.207 0.015 0.017 0.028 0.111 0.053 0.005 0.017 0.036
105 K 0.053 0.077 0.032 0.033 0.011 0.04 0.053 0.035 0.017 0.11 0.084 0.197 0.022 0.025 0.023 0.044 0.039 0.005 0.018 0.08
106 N 0.066 0.034 0.13 0.05 0.014 0.027 0.04 0.05 0.02 0.109 0.08 0.044 0.021 0.027 0.021 0.107 0.057 0.005 0.018 0.081
107 Y 0.04 0.028 0.022 0.019 0.009 0.022 0.028 0.025 0.046 0.043 0.068 0.031 0.019 0.13 0.015 0.031 0.028 0.028 0.323 0.046
108 I 0.056 0.058 0.064 0.034 0.013 0.027 0.037 0.036 0.015 0.15 0.096 0.084 0.024 0.029 0.02 0.067 0.07 0.005 0.018 0.097
109 L 0.049 0.034 0.023 0.029 0.013 0.024 0.06 0.028 0.014 0.1 0.161 0.062 0.028 0.117 0.017 0.038 0.061 0.008 0.034 0.099
110 G 0.078 0.023 0.039 0.034 0.011 0.019 0.026 0.509 0.014 0.019 0.028 0.034 0.009 0.016 0.019 0.051 0.03 0.005 0.011 0.024
111 D 0.049 0.043 0.154 0.223 0.009 0.033 0.068 0.053 0.022 0.023 0.031 0.076 0.011 0.016 0.022 0.078 0.044 0.004 0.014 0.027
112 L 0.049 0.077 0.062 0.043 0.012 0.035 0.099 0.032 0.018 0.088 0.141 0.079 0.025 0.029 0.019 0.041 0.038 0.006 0.018 0.089
113 N 0.065 0.043 0.233 0.071 0.012 0.033 0.05 0.065 0.027 0.025 0.035 0.054 0.013 0.019 0.023 0.121 0.06 0.005 0.016 0.032
114 A 0.124 0.034 0.102 0.044 0.015 0.027 0.041 0.056 0.018 0.046 0.053 0.045 0.016 0.021 0.079 0.107 0.078 0.005 0.016 0.073
115 T 0.073 0.036 0.043 0.038 0.018 0.028 0.039 0.043 0.014 0.053 0.065 0.045 0.02 0.024 0.028 0.093 0.246 0.006 0.018 0.071
116 F 0.045 0.086 0.046 0.032 0.009 0.054 0.047 0.034 0.024 0.036 0.06 0.107 0.017 0.121 0.073 0.041 0.033 0.011 0.086 0.038
117 F 0.039 0.034 0.091 0.033 0.011 0.021 0.03 0.034 0.018 0.08 0.122 0.059 0.024 0.199 0.015 0.037 0.033 0.01 0.048 0.062
118 L 0.051 0.029 0.057 0.033 0.014 0.025 0.059 0.03 0.014 0.109 0.2 0.036 0.049 0.037 0.017 0.041 0.064 0.006 0.019 0.106
119 K 0.045 0.085 0.063 0.034 0.01 0.054 0.046 0.034 0.022 0.092 0.078 0.107 0.021 0.078 0.019 0.041 0.036 0.009 0.062 0.066
120 A 0.144 0.024 0.022 0.023 0.126 0.019 0.028 0.044 0.015 0.085 0.079 0.032 0.021 0.036 0.021 0.055 0.067 0.007 0.053 0.099
121 F 0.039 0.021 0.052 0.024 0.012 0.014 0.022 0.028 0.016 0.094 0.108 0.023 0.025 0.284 0.012 0.03 0.031 0.013 0.063 0.09
122 F 0.037 0.023 0.018 0.017 0.01 0.016 0.022 0.024 0.028 0.058 0.122 0.024 0.024 0.244 0.013 0.027 0.026 0.02 0.193 0.054
123 F 0.041 0.019 0.015 0.016 0.013 0.012 0.018 0.022 0.012 0.165 0.163 0.021 0.032 0.207 0.012 0.025 0.032 0.01 0.049 0.116
124 F 0.083 0.022 0.021 0.021 0.015 0.016 0.025 0.033 0.013 0.13 0.111 0.027 0.026 0.158 0.016 0.057 0.041 0.009 0.041 0.133
125 S 0.118 0.033 0.041 0.038 0.017 0.027 0.042 0.056 0.016 0.074 0.065 0.045 0.019 0.024 0.026 0.182 0.067 0.005 0.017 0.086
126 F 0.089 0.024 0.021 0.022 0.015 0.017 0.025 0.035 0.013 0.103 0.15 0.029 0.028 0.158 0.017 0.045 0.073 0.009 0.041 0.085
127 I 0.042 0.018 0.015 0.017 0.014 0.012 0.018 0.022 0.011 0.191 0.169 0.022 0.033 0.166 0.013 0.025 0.033 0.009 0.042 0.129
128 L 0.059 0.024 0.022 0.022 0.017 0.018 0.025 0.028 0.01 0.168 0.182 0.029 0.033 0.038 0.017 0.058 0.07 0.006 0.02 0.155
129 Y 0.041 0.025 0.029 0.107 0.01 0.02 0.038 0.029 0.028 0.055 0.074 0.03 0.019 0.154 0.015 0.033 0.03 0.017 0.176 0.07
130 L 0.077 0.021 0.016 0.017 0.016 0.015 0.022 0.028 0.011 0.134 0.196 0.025 0.033 0.123 0.015 0.032 0.037 0.008 0.035 0.139
131 G 0.052 0.02 0.023 0.021 0.012 0.014 0.021 0.191 0.013 0.087 0.137 0.025 0.025 0.157 0.014 0.033 0.03 0.009 0.039 0.076
132 C 0.072 0.029 0.067 0.036 0.124 0.023 0.034 0.044 0.015 0.094 0.074 0.037 0.02 0.025 0.021 0.115 0.078 0.005 0.016 0.074
133 Q 0.054 0.064 0.076 0.048 0.009 0.197 0.086 0.042 0.027 0.028 0.046 0.079 0.019 0.015 0.023 0.059 0.067 0.006 0.019 0.037
134 L 0.051 0.024 0.021 0.021 0.07 0.018 0.023 0.027 0.011 0.125 0.179 0.028 0.049 0.079 0.017 0.041 0.088 0.007 0.026 0.095
135 L 0.109 0.025 0.022 0.022 0.016 0.019 0.027 0.036 0.015 0.13 0.164 0.032 0.029 0.046 0.019 0.048 0.077 0.008 0.055 0.099
136 I 0.057 0.026 0.023 0.024 0.015 0.041 0.03 0.082 0.012 0.179 0.115 0.034 0.028 0.032 0.017 0.039 0.066 0.006 0.018 0.155
137 Y 0.039 0.027 0.02 0.018 0.01 0.02 0.026 0.024 0.041 0.05 0.103 0.029 0.021 0.118 0.015 0.029 0.028 0.025 0.308 0.05
138 K 0.082 0.05 0.026 0.026 0.013 0.029 0.04 0.035 0.021 0.091 0.081 0.121 0.022 0.048 0.02 0.043 0.039 0.01 0.09 0.113
139 L 0.076 0.027 0.056 0.027 0.015 0.02 0.027 0.035 0.014 0.1 0.201 0.032 0.049 0.08 0.017 0.043 0.063 0.007 0.027 0.083
140 K 0.049 0.097 0.029 0.028 0.011 0.036 0.045 0.032 0.016 0.083 0.151 0.161 0.044 0.03 0.02 0.039 0.036 0.006 0.019 0.067
141 G 0.075 0.022 0.038 0.032 0.01 0.018 0.025 0.529 0.013 0.018 0.027 0.032 0.009 0.016 0.018 0.049 0.029 0.005 0.01 0.023
142 I 0.045 0.017 0.014 0.017 0.016 0.013 0.017 0.02 0.008 0.299 0.161 0.023 0.035 0.042 0.014 0.024 0.038 0.006 0.02 0.17
143 P 0.055 0.025 0.022 0.03 0.01 0.02 0.035 0.035 0.012 0.025 0.035 0.04 0.01 0.012 0.513 0.042 0.035 0.002 0.012 0.03
144 L 0.043 0.022 0.014 0.015 0.016 0.015 0.019 0.02 0.009 0.153 0.347 0.024 0.045 0.05 0.014 0.024 0.033 0.007 0.021 0.11
145 F 0.036 0.02 0.015 0.016 0.012 0.012 0.019 0.023 0.014 0.078 0.206 0.02 0.032 0.291 0.011 0.024 0.027 0.013 0.064 0.066
146 L 0.078 0.029 0.019 0.02 0.015 0.025 0.027 0.031 0.018 0.086 0.184 0.034 0.138 0.053 0.017 0.038 0.038 0.009 0.058 0.082
147 E 0.085 0.047 0.045 0.145 0.01 0.046 0.181 0.045 0.021 0.025 0.037 0.086 0.013 0.016 0.025 0.077 0.042 0.005 0.015 0.034
148 S 0.106 0.039 0.052 0.047 0.017 0.032 0.05 0.064 0.018 0.029 0.04 0.052 0.015 0.02 0.029 0.25 0.079 0.005 0.017 0.04
149 R 0.042 0.332 0.035 0.028 0.008 0.044 0.048 0.031 0.025 0.025 0.047 0.106 0.015 0.029 0.018 0.041 0.033 0.008 0.053 0.031
150 L 0.043 0.023 0.014 0.015 0.016 0.016 0.019 0.02 0.01 0.111 0.4 0.024 0.048 0.053 0.014 0.023 0.032 0.007 0.021 0.092
151 D 0.053 0.04 0.083 0.193 0.008 0.044 0.184 0.044 0.022 0.022 0.033 0.058 0.011 0.016 0.024 0.076 0.041 0.005 0.014 0.029
152 T 0.086 0.029 0.029 0.027 0.016 0.023 0.031 0.037 0.016 0.088 0.125 0.037 0.043 0.042 0.021 0.061 0.143 0.008 0.055 0.082
153 F 0.079 0.026 0.025 0.024 0.013 0.019 0.028 0.037 0.019 0.056 0.095 0.031 0.04 0.209 0.017 0.065 0.063 0.013 0.084 0.058
154 A 0.215 0.031 0.032 0.032 0.019 0.025 0.04 0.063 0.014 0.053 0.062 0.043 0.018 0.022 0.027 0.114 0.08 0.005 0.017 0.086
155 G 0.06 0.031 0.083 0.175 0.009 0.03 0.084 0.209 0.018 0.021 0.03 0.045 0.01 0.016 0.021 0.074 0.039 0.005 0.012 0.026
156 G 0.156 0.025 0.033 0.031 0.014 0.02 0.029 0.378 0.013 0.026 0.037 0.036 0.012 0.017 0.022 0.06 0.035 0.005 0.013 0.038
157 K 0.057 0.107 0.042 0.042 0.009 0.054 0.071 0.043 0.021 0.028 0.043 0.276 0.016 0.016 0.028 0.054 0.04 0.005 0.017 0.033
158 G 0.081 0.028 0.042 0.036 0.013 0.023 0.033 0.317 0.014 0.028 0.038 0.039 0.013 0.018 0.022 0.103 0.095 0.005 0.013 0.037
159 G 0.075 0.022 0.038 0.032 0.01 0.018 0.025 0.529 0.013 0.018 0.027 0.032 0.009 0.016 0.018 0.049 0.029 0.005 0.01 0.023
160 A 0.114 0.031 0.029 0.033 0.014 0.028 0.065 0.043 0.023 0.047 0.076 0.041 0.037 0.09 0.021 0.075 0.067 0.012 0.098 0.056
161 G 0.075 0.022 0.038 0.032 0.01 0.018 0.025 0.529 0.013 0.018 0.027 0.032 0.009 0.016 0.018 0.049 0.029 0.005 0.01 0.023
162 I 0.052 0.02 0.015 0.017 0.017 0.014 0.019 0.021 0.009 0.21 0.202 0.024 0.036 0.042 0.015 0.026 0.04 0.006 0.02 0.195
163 L 0.039 0.022 0.015 0.015 0.014 0.014 0.019 0.022 0.012 0.094 0.303 0.022 0.04 0.172 0.012 0.024 0.03 0.01 0.043 0.079
164 G 0.076 0.029 0.04 0.035 0.014 0.023 0.034 0.207 0.015 0.036 0.051 0.039 0.015 0.063 0.022 0.104 0.122 0.007 0.022 0.045
165 R 0.043 0.37 0.037 0.03 0.007 0.047 0.05 0.032 0.022 0.022 0.045 0.116 0.015 0.017 0.019 0.043 0.034 0.006 0.017 0.03
166 F 0.04 0.019 0.015 0.016 0.013 0.012 0.019 0.023 0.013 0.13 0.155 0.021 0.03 0.247 0.012 0.025 0.031 0.012 0.056 0.11
167 L 0.097 0.03 0.033 0.031 0.017 0.024 0.034 0.043 0.013 0.086 0.143 0.039 0.026 0.031 0.023 0.102 0.126 0.006 0.018 0.078
168 D 0.055 0.032 0.053 0.254 0.011 0.031 0.097 0.043 0.017 0.041 0.044 0.045 0.014 0.018 0.023 0.075 0.067 0.004 0.014 0.061
169 V 0.058 0.02 0.015 0.017 0.017 0.015 0.021 0.022 0.008 0.192 0.166 0.024 0.034 0.039 0.015 0.029 0.043 0.006 0.02 0.239
170 S 0.074 0.03 0.036 0.032 0.069 0.023 0.034 0.098 0.014 0.043 0.087 0.038 0.019 0.028 0.022 0.118 0.101 0.062 0.022 0.051
171 G 0.075 0.107 0.041 0.037 0.013 0.03 0.042 0.154 0.017 0.027 0.04 0.059 0.014 0.018 0.078 0.118 0.075 0.005 0.015 0.036
172 I 0.115 0.023 0.02 0.022 0.072 0.018 0.025 0.037 0.01 0.155 0.108 0.03 0.026 0.031 0.019 0.047 0.068 0.005 0.018 0.151
173 F 0.04 0.019 0.016 0.016 0.013 0.012 0.019 0.023 0.013 0.109 0.154 0.02 0.03 0.272 0.012 0.025 0.03 0.012 0.061 0.103
174 A 0.149 0.027 0.027 0.026 0.072 0.021 0.031 0.102 0.012 0.062 0.101 0.035 0.021 0.026 0.022 0.063 0.093 0.005 0.016 0.089
175 L 0.044 0.021 0.015 0.016 0.015 0.014 0.019 0.022 0.011 0.126 0.278 0.023 0.039 0.129 0.013 0.025 0.033 0.009 0.035 0.115
176 Y 0.04 0.025 0.019 0.018 0.01 0.019 0.025 0.023 0.037 0.078 0.114 0.029 0.023 0.108 0.015 0.029 0.029 0.022 0.272 0.064
177 F 0.088 0.027 0.026 0.025 0.069 0.02 0.029 0.039 0.018 0.057 0.119 0.032 0.041 0.125 0.018 0.084 0.043 0.01 0.069 0.059
178 F 0.082 0.023 0.023 0.023 0.014 0.016 0.025 0.09 0.014 0.067 0.121 0.028 0.024 0.198 0.016 0.059 0.037 0.01 0.047 0.081
179 F 0.036 0.02 0.015 0.016 0.012 0.012 0.019 0.023 0.014 0.078 0.206 0.02 0.032 0.291 0.011 0.024 0.027 0.013 0.064 0.066
180 Y 0.043 0.029 0.029 0.072 0.064 0.025 0.066 0.029 0.066 0.045 0.096 0.035 0.02 0.102 0.017 0.036 0.03 0.014 0.137 0.046
181 F 0.049 0.035 0.059 0.029 0.012 0.023 0.032 0.032 0.022 0.069 0.082 0.061 0.021 0.133 0.017 0.042 0.062 0.012 0.105 0.102
182 I 0.047 0.021 0.015 0.017 0.014 0.015 0.02 0.024 0.01 0.185 0.132 0.024 0.047 0.045 0.013 0.026 0.037 0.118 0.03 0.158
183 I 0.047 0.018 0.015 0.018 0.016 0.013 0.018 0.021 0.009 0.273 0.167 0.024 0.037 0.044 0.015 0.025 0.04 0.006 0.021 0.176
184 N 0.052 0.038 0.126 0.063 0.011 0.037 0.124 0.041 0.022 0.088 0.072 0.051 0.019 0.025 0.02 0.051 0.043 0.005 0.017 0.094
185 K 0.079 0.1 0.075 0.09 0.009 0.066 0.095 0.046 0.022 0.026 0.04 0.148 0.014 0.016 0.024 0.056 0.039 0.005 0.016 0.034
186 K 0.051 0.069 0.031 0.037 0.011 0.04 0.08 0.033 0.017 0.096 0.107 0.186 0.023 0.025 0.022 0.042 0.037 0.005 0.018 0.069
187 D 0.043 0.052 0.151 0.18 0.008 0.036 0.066 0.049 0.063 0.023 0.032 0.104 0.012 0.017 0.022 0.055 0.039 0.005 0.018 0.026
188 K 0.052 0.069 0.065 0.036 0.011 0.037 0.05 0.037 0.017 0.08 0.103 0.184 0.022 0.025 0.022 0.045 0.04 0.005 0.018 0.083
189 F 0.059 0.029 0.028 0.028 0.013 0.043 0.037 0.035 0.016 0.083 0.086 0.037 0.022 0.153 0.073 0.081 0.043 0.009 0.04 0.086
190 A 0.183 0.033 0.034 0.033 0.02 0.026 0.04 0.061 0.014 0.048 0.062 0.045 0.019 0.023 0.029 0.088 0.15 0.006 0.018 0.07
191 R 0.048 0.214 0.033 0.031 0.009 0.041 0.049 0.033 0.019 0.058 0.058 0.141 0.017 0.019 0.082 0.043 0.036 0.005 0.017 0.048
192 L 0.043 0.027 0.096 0.032 0.013 0.02 0.027 0.032 0.019 0.126 0.205 0.032 0.032 0.051 0.015 0.036 0.037 0.008 0.059 0.09
193 F 0.059 0.026 0.028 0.027 0.014 0.019 0.029 0.036 0.015 0.087 0.129 0.031 0.026 0.172 0.018 0.088 0.072 0.01 0.044 0.072
194 R 0.081 0.17 0.04 0.094 0.009 0.046 0.124 0.041 0.021 0.025 0.041 0.11 0.014 0.017 0.023 0.052 0.037 0.005 0.016 0.034
195 L 0.061 0.079 0.03 0.029 0.014 0.027 0.037 0.035 0.015 0.115 0.161 0.077 0.028 0.033 0.02 0.085 0.046 0.006 0.019 0.084
196 P 0.059 0.027 0.027 0.028 0.012 0.021 0.033 0.036 0.021 0.064 0.065 0.036 0.017 0.087 0.183 0.082 0.042 0.01 0.096 0.054
197 L 0.083 0.064 0.028 0.029 0.013 0.035 0.046 0.038 0.015 0.06 0.177 0.166 0.028 0.03 0.022 0.045 0.037 0.006 0.019 0.059
198 F 0.037 0.03 0.019 0.019 0.01 0.018 0.026 0.027 0.019 0.08 0.095 0.056 0.023 0.234 0.013 0.028 0.028 0.077 0.098 0.061
199 Y 0.04 0.028 0.022 0.019 0.009 0.022 0.028 0.025 0.047 0.044 0.068 0.031 0.019 0.131 0.016 0.031 0.028 0.028 0.318 0.047
200 T 0.073 0.036 0.043 0.038 0.018 0.028 0.039 0.043 0.014 0.053 0.065 0.045 0.02 0.024 0.028 0.093 0.246 0.006 0.018 0.071
201 L 0.045 0.019 0.015 0.016 0.075 0.013 0.019 0.024 0.012 0.113 0.185 0.021 0.031 0.179 0.013 0.027 0.032 0.01 0.044 0.108
202 Y 0.054 0.024 0.024 0.022 0.013 0.018 0.026 0.084 0.023 0.11 0.091 0.029 0.023 0.105 0.016 0.055 0.037 0.014 0.134 0.099
203 L 0.043 0.022 0.015 0.016 0.015 0.015 0.019 0.021 0.011 0.166 0.265 0.024 0.057 0.088 0.014 0.025 0.034 0.008 0.028 0.113
204 L 0.048 0.019 0.014 0.016 0.07 0.014 0.018 0.022 0.009 0.189 0.21 0.023 0.035 0.062 0.014 0.026 0.036 0.006 0.023 0.143
205 F 0.041 0.022 0.019 0.018 0.011 0.015 0.021 0.079 0.021 0.063 0.155 0.024 0.026 0.224 0.013 0.028 0.027 0.015 0.12 0.057
206 L 0.051 0.027 0.024 0.022 0.013 0.02 0.028 0.029 0.06 0.097 0.156 0.03 0.028 0.099 0.016 0.053 0.037 0.012 0.103 0.095
207 F 0.041 0.018 0.016 0.017 0.013 0.012 0.018 0.023 0.013 0.151 0.129 0.021 0.029 0.246 0.012 0.025 0.032 0.012 0.056 0.119
208 I 0.08 0.021 0.016 0.018 0.017 0.015 0.021 0.027 0.009 0.197 0.195 0.026 0.035 0.041 0.016 0.032 0.04 0.006 0.02 0.169
209 T 0.073 0.03 0.034 0.031 0.018 0.024 0.034 0.038 0.012 0.084 0.081 0.038 0.022 0.026 0.023 0.088 0.178 0.005 0.018 0.141
210 L 0.054 0.025 0.022 0.022 0.069 0.018 0.025 0.03 0.015 0.095 0.189 0.029 0.03 0.089 0.017 0.059 0.064 0.009 0.062 0.079
211 L 0.045 0.02 0.015 0.016 0.014 0.013 0.019 0.022 0.011 0.147 0.189 0.022 0.033 0.166 0.013 0.026 0.034 0.009 0.042 0.142
212 L 0.073 0.024 0.015 0.016 0.016 0.017 0.022 0.027 0.01 0.103 0.361 0.026 0.044 0.049 0.015 0.03 0.034 0.007 0.021 0.09
213 S 0.095 0.037 0.083 0.049 0.015 0.03 0.047 0.115 0.019 0.027 0.038 0.05 0.014 0.019 0.026 0.207 0.07 0.005 0.016 0.037
214 G 0.075 0.022 0.038 0.032 0.01 0.018 0.025 0.529 0.013 0.018 0.027 0.032 0.009 0.016 0.018 0.049 0.029 0.005 0.01 0.023
215 S 0.102 0.037 0.05 0.045 0.016 0.03 0.048 0.115 0.018 0.027 0.039 0.05 0.014 0.02 0.027 0.228 0.073 0.005 0.016 0.038
216 K 0.053 0.133 0.04 0.039 0.008 0.051 0.066 0.04 0.02 0.026 0.042 0.285 0.015 0.015 0.026 0.05 0.038 0.005 0.017 0.031
217 S 0.122 0.034 0.046 0.042 0.016 0.028 0.043 0.168 0.017 0.028 0.039 0.047 0.014 0.019 0.026 0.187 0.064 0.005 0.015 0.039
218 S 0.114 0.034 0.076 0.044 0.016 0.028 0.043 0.112 0.018 0.042 0.049 0.046 0.016 0.021 0.025 0.164 0.063 0.005 0.016 0.068
219 F 0.046 0.019 0.016 0.017 0.014 0.012 0.02 0.024 0.013 0.12 0.121 0.021 0.028 0.244 0.013 0.027 0.034 0.011 0.056 0.147
220 L 0.039 0.022 0.014 0.015 0.013 0.015 0.02 0.023 0.012 0.087 0.29 0.023 0.038 0.094 0.012 0.023 0.029 0.12 0.038 0.074
221 I 0.083 0.025 0.059 0.03 0.014 0.019 0.028 0.093 0.014 0.131 0.128 0.032 0.026 0.074 0.018 0.063 0.042 0.007 0.025 0.09
222 I 0.05 0.021 0.018 0.019 0.015 0.015 0.021 0.024 0.011 0.166 0.157 0.025 0.031 0.121 0.015 0.033 0.063 0.008 0.034 0.152
223 G 0.141 0.023 0.024 0.024 0.015 0.017 0.027 0.153 0.014 0.056 0.076 0.03 0.019 0.151 0.019 0.05 0.036 0.009 0.039 0.078
224 T 0.06 0.029 0.03 0.027 0.014 0.023 0.032 0.035 0.021 0.065 0.087 0.036 0.04 0.092 0.02 0.074 0.119 0.012 0.098 0.086
225 V 0.088 0.027 0.059 0.029 0.017 0.021 0.03 0.037 0.013 0.117 0.128 0.034 0.027 0.031 0.02 0.052 0.095 0.005 0.019 0.154
226 F 0.036 0.021 0.018 0.017 0.01 0.014 0.021 0.024 0.025 0.081 0.101 0.023 0.023 0.275 0.012 0.026 0.027 0.019 0.164 0.063
227 F 0.031 0.019 0.016 0.016 0.009 0.012 0.019 0.026 0.016 0.05 0.09 0.019 0.021 0.293 0.009 0.024 0.024 0.181 0.079 0.045
228 C 0.058 0.018 0.016 0.016 0.394 0.013 0.017 0.029 0.012 0.05 0.1 0.021 0.019 0.035 0.015 0.036 0.034 0.007 0.05 0.058
229 Y 0.038 0.027 0.023 0.02 0.009 0.02 0.028 0.025 0.076 0.044 0.072 0.029 0.019 0.178 0.014 0.03 0.026 0.022 0.254 0.044
230 V 0.059 0.024 0.02 0.02 0.016 0.019 0.025 0.027 0.014 0.15 0.155 0.029 0.048 0.048 0.017 0.053 0.044 0.008 0.056 0.166
231 V 0.079 0.023 0.018 0.019 0.014 0.017 0.024 0.03 0.019 0.102 0.107 0.027 0.034 0.138 0.016 0.035 0.037 0.013 0.106 0.142
232 L 0.078 0.023 0.021 0.021 0.014 0.017 0.025 0.032 0.016 0.138 0.141 0.028 0.028 0.13 0.017 0.056 0.039 0.01 0.07 0.095
233 N 0.057 0.034 0.169 0.051 0.066 0.026 0.038 0.05 0.021 0.04 0.086 0.041 0.018 0.066 0.019 0.095 0.049 0.006 0.024 0.043
234 R 0.094 0.161 0.04 0.036 0.012 0.039 0.05 0.101 0.019 0.026 0.042 0.126 0.015 0.017 0.024 0.096 0.046 0.005 0.016 0.036
235 N 0.049 0.037 0.103 0.089 0.012 0.053 0.078 0.039 0.02 0.095 0.083 0.048 0.038 0.026 0.02 0.051 0.066 0.005 0.017 0.071
236 K 0.053 0.058 0.106 0.045 0.011 0.036 0.049 0.043 0.059 0.061 0.057 0.131 0.017 0.022 0.023 0.059 0.092 0.005 0.021 0.053
237 P 0.055 0.045 0.066 0.036 0.011 0.029 0.04 0.093 0.019 0.061 0.057 0.097 0.016 0.032 0.103 0.052 0.076 0.007 0.052 0.053
238 G 0.063 0.066 0.028 0.026 0.014 0.022 0.028 0.154 0.013 0.119 0.123 0.041 0.025 0.03 0.018 0.062 0.041 0.006 0.017 0.106
239 S 0.11 0.04 0.054 0.049 0.018 0.033 0.053 0.066 0.019 0.03 0.042 0.054 0.016 0.021 0.03 0.218 0.082 0.005 0.018 0.042
240 D 0.048 0.036 0.072 0.128 0.012 0.025 0.047 0.036 0.016 0.073 0.111 0.067 0.022 0.074 0.018 0.041 0.038 0.006 0.025 0.105
241 L 0.048 0.04 0.029 0.026 0.012 0.027 0.036 0.03 0.074 0.084 0.119 0.071 0.024 0.06 0.019 0.042 0.065 0.012 0.115 0.069
242 S 0.081 0.04 0.048 0.09 0.012 0.041 0.139 0.091 0.02 0.025 0.037 0.057 0.013 0.018 0.026 0.145 0.057 0.005 0.016 0.035
243 L 0.099 0.044 0.024 0.025 0.014 0.029 0.037 0.038 0.021 0.065 0.15 0.085 0.055 0.053 0.02 0.045 0.038 0.011 0.082 0.066
244 Y 0.038 0.025 0.02 0.018 0.01 0.018 0.025 0.025 0.036 0.05 0.083 0.027 0.021 0.217 0.014 0.029 0.027 0.024 0.245 0.049
245 L 0.054 0.039 0.069 0.033 0.014 0.025 0.035 0.036 0.015 0.113 0.191 0.071 0.031 0.036 0.019 0.065 0.044 0.006 0.019 0.084
246 L 0.057 0.084 0.07 0.042 0.073 0.035 0.075 0.039 0.019 0.047 0.105 0.084 0.04 0.026 0.02 0.07 0.043 0.005 0.017 0.049
247 L 0.047 0.047 0.027 0.033 0.011 0.054 0.073 0.029 0.02 0.101 0.118 0.099 0.025 0.082 0.019 0.037 0.035 0.009 0.062 0.073
248 L 0.041 0.021 0.014 0.015 0.014 0.014 0.019 0.022 0.011 0.138 0.276 0.023 0.039 0.091 0.013 0.023 0.031 0.064 0.033 0.098
249 K 0.065 0.14 0.042 0.039 0.011 0.043 0.057 0.044 0.019 0.029 0.044 0.178 0.015 0.017 0.025 0.098 0.073 0.005 0.017 0.037
250 R 0.051 0.174 0.073 0.041 0.009 0.066 0.06 0.04 0.022 0.027 0.044 0.161 0.015 0.017 0.023 0.055 0.064 0.005 0.017 0.035
251 H 0.041 0.041 0.068 0.033 0.009 0.029 0.04 0.034 0.145 0.062 0.065 0.066 0.018 0.092 0.017 0.039 0.031 0.012 0.11 0.048
252 E 0.051 0.08 0.033 0.042 0.011 0.083 0.112 0.032 0.024 0.046 0.103 0.063 0.04 0.036 0.02 0.048 0.062 0.008 0.055 0.05
253 K 0.047 0.066 0.029 0.029 0.01 0.034 0.046 0.033 0.017 0.074 0.11 0.179 0.023 0.11 0.02 0.039 0.034 0.008 0.033 0.058
254 K 0.051 0.067 0.03 0.029 0.011 0.036 0.047 0.033 0.02 0.056 0.101 0.181 0.022 0.078 0.021 0.041 0.036 0.009 0.062 0.072
255 I 0.047 0.018 0.017 0.018 0.014 0.013 0.018 0.077 0.01 0.22 0.167 0.023 0.033 0.082 0.014 0.027 0.035 0.007 0.026 0.132
256 L 0.047 0.02 0.014 0.016 0.016 0.014 0.019 0.021 0.009 0.2 0.263 0.024 0.04 0.046 0.014 0.025 0.037 0.006 0.021 0.15
257 L 0.057 0.022 0.02 0.022 0.014 0.017 0.024 0.088 0.01 0.113 0.163 0.029 0.028 0.032 0.139 0.034 0.037 0.005 0.017 0.128
258 I 0.052 0.019 0.018 0.019 0.014 0.014 0.02 0.085 0.011 0.168 0.123 0.024 0.028 0.129 0.014 0.029 0.036 0.008 0.035 0.154
259 G 0.142 0.03 0.039 0.036 0.016 0.024 0.036 0.238 0.015 0.031 0.043 0.042 0.014 0.019 0.025 0.112 0.077 0.005 0.015 0.044
260 L 0.041 0.021 0.014 0.016 0.014 0.014 0.019 0.021 0.011 0.142 0.282 0.023 0.04 0.13 0.013 0.024 0.032 0.009 0.035 0.101
261 V 0.048 0.019 0.015 0.017 0.015 0.013 0.019 0.023 0.011 0.152 0.159 0.022 0.031 0.164 0.013 0.027 0.036 0.009 0.042 0.165
262 F 0.071 0.021 0.019 0.019 0.013 0.014 0.022 0.085 0.014 0.065 0.159 0.024 0.027 0.244 0.014 0.033 0.029 0.012 0.055 0.06
263 A 0.177 0.025 0.022 0.024 0.018 0.02 0.03 0.102 0.011 0.086 0.115 0.034 0.024 0.028 0.022 0.055 0.044 0.005 0.018 0.141
264 L 0.054 0.026 0.023 0.022 0.015 0.018 0.026 0.031 0.013 0.082 0.255 0.029 0.035 0.125 0.016 0.074 0.041 0.009 0.035 0.072
265 L 0.077 0.021 0.018 0.019 0.069 0.015 0.021 0.085 0.012 0.095 0.192 0.025 0.03 0.12 0.015 0.035 0.033 0.008 0.033 0.077
266 I 0.053 0.021 0.018 0.019 0.016 0.017 0.022 0.024 0.01 0.218 0.146 0.027 0.05 0.039 0.016 0.034 0.067 0.006 0.02 0.178
267 I 0.047 0.018 0.014 0.017 0.016 0.013 0.018 0.02 0.009 0.262 0.184 0.023 0.036 0.043 0.014 0.025 0.039 0.006 0.02 0.175
268 L 0.089 0.028 0.028 0.027 0.015 0.022 0.032 0.04 0.021 0.078 0.111 0.035 0.023 0.093 0.02 0.089 0.07 0.011 0.098 0.069
269 V 0.06 0.021 0.02 0.021 0.016 0.016 0.022 0.08 0.009 0.186 0.121 0.027 0.029 0.034 0.017 0.037 0.067 0.005 0.018 0.192
270 N 0.043 0.045 0.317 0.083 0.009 0.034 0.049 0.065 0.032 0.022 0.032 0.054 0.011 0.018 0.02 0.07 0.049 0.004 0.016 0.027
271 I 0.047 0.018 0.015 0.018 0.016 0.013 0.018 0.021 0.009 0.271 0.168 0.024 0.037 0.044 0.015 0.025 0.04 0.006 0.021 0.177
272 L 0.045 0.024 0.014 0.015 0.016 0.016 0.02 0.021 0.01 0.115 0.375 0.025 0.05 0.055 0.014 0.024 0.033 0.007 0.022 0.096
273 Q 0.062 0.096 0.042 0.041 0.011 0.129 0.071 0.042 0.022 0.031 0.048 0.101 0.018 0.017 0.024 0.082 0.096 0.006 0.018 0.042
274 S 0.064 0.033 0.103 0.043 0.013 0.025 0.038 0.048 0.019 0.046 0.096 0.04 0.02 0.11 0.021 0.116 0.076 0.008 0.032 0.049
275 S 0.069 0.101 0.097 0.045 0.013 0.032 0.045 0.05 0.02 0.043 0.109 0.06 0.021 0.026 0.022 0.121 0.055 0.005 0.018 0.047
276 K 0.052 0.062 0.028 0.03 0.012 0.033 0.044 0.032 0.015 0.15 0.105 0.152 0.026 0.03 0.021 0.039 0.04 0.006 0.019 0.104
277 D 0.041 0.038 0.061 0.219 0.008 0.034 0.072 0.042 0.188 0.023 0.033 0.045 0.012 0.023 0.021 0.047 0.031 0.006 0.034 0.024
278 T 0.073 0.036 0.044 0.038 0.018 0.028 0.039 0.044 0.014 0.053 0.065 0.046 0.02 0.024 0.028 0.093 0.245 0.006 0.018 0.071
279 D 0.048 0.04 0.055 0.244 0.007 0.047 0.195 0.041 0.022 0.022 0.032 0.06 0.011 0.016 0.024 0.054 0.036 0.005 0.014 0.028
280 D 0.057 0.038 0.111 0.207 0.01 0.038 0.118 0.051 0.022 0.023 0.033 0.054 0.011 0.017 0.024 0.092 0.047 0.004 0.014 0.029
281 I 0.049 0.044 0.033 0.091 0.011 0.06 0.089 0.032 0.017 0.138 0.092 0.082 0.023 0.027 0.02 0.041 0.038 0.005 0.018 0.091
282 G 0.069 0.03 0.035 0.043 0.013 0.03 0.094 0.2 0.015 0.07 0.06 0.043 0.017 0.022 0.021 0.072 0.066 0.005 0.015 0.078
283 D 0.055 0.037 0.154 0.205 0.01 0.033 0.079 0.054 0.023 0.023 0.031 0.05 0.011 0.017 0.023 0.1 0.049 0.004 0.014 0.028
284 L 0.077 0.068 0.025 0.026 0.013 0.046 0.037 0.035 0.016 0.057 0.14 0.046 0.025 0.113 0.073 0.045 0.061 0.008 0.033 0.058
285 L 0.097 0.027 0.03 0.029 0.016 0.021 0.031 0.095 0.012 0.115 0.119 0.035 0.025 0.03 0.021 0.091 0.074 0.006 0.018 0.108
286 N 0.061 0.042 0.16 0.055 0.012 0.053 0.049 0.079 0.022 0.033 0.044 0.052 0.015 0.019 0.023 0.092 0.125 0.005 0.016 0.042
287 P 0.103 0.03 0.034 0.036 0.013 0.024 0.039 0.104 0.015 0.027 0.038 0.043 0.012 0.016 0.243 0.117 0.05 0.004 0.014 0.037
288 L 0.048 0.02 0.015 0.016 0.016 0.014 0.019 0.021 0.01 0.179 0.227 0.023 0.037 0.085 0.014 0.026 0.037 0.007 0.028 0.159
289 L 0.051 0.025 0.021 0.027 0.014 0.021 0.056 0.027 0.013 0.149 0.208 0.032 0.033 0.081 0.016 0.052 0.039 0.007 0.027 0.101
290 F 0.091 0.03 0.03 0.034 0.014 0.026 0.063 0.096 0.016 0.052 0.112 0.039 0.04 0.112 0.02 0.088 0.043 0.008 0.032 0.054
291 L 0.042 0.023 0.014 0.015 0.015 0.015 0.019 0.021 0.01 0.105 0.367 0.024 0.045 0.092 0.013 0.023 0.031 0.008 0.029 0.088
292 G 0.09 0.022 0.023 0.023 0.015 0.017 0.024 0.197 0.011 0.104 0.15 0.029 0.026 0.032 0.017 0.04 0.037 0.006 0.017 0.121
293 L 0.078 0.032 0.023 0.029 0.013 0.049 0.066 0.032 0.019 0.074 0.159 0.04 0.046 0.086 0.018 0.04 0.036 0.01 0.063 0.089
294 R 0.043 0.37 0.037 0.03 0.007 0.047 0.05 0.032 0.022 0.022 0.045 0.116 0.015 0.017 0.019 0.043 0.034 0.006 0.017 0.03
295 F 0.036 0.019 0.015 0.016 0.012 0.011 0.018 0.023 0.014 0.119 0.153 0.02 0.029 0.289 0.011 0.024 0.028 0.013 0.064 0.083
296 V 0.06 0.02 0.015 0.017 0.017 0.015 0.021 0.023 0.008 0.184 0.164 0.024 0.033 0.038 0.015 0.029 0.044 0.006 0.02 0.246
297 G 0.084 0.031 0.038 0.031 0.011 0.025 0.037 0.151 0.137 0.033 0.054 0.036 0.016 0.109 0.019 0.067 0.034 0.008 0.043 0.036
298 S 0.075 0.032 0.038 0.034 0.013 0.026 0.039 0.046 0.027 0.037 0.057 0.041 0.017 0.099 0.022 0.152 0.055 0.014 0.134 0.043
299 G 0.075 0.022 0.038 0.032 0.01 0.018 0.025 0.529 0.013 0.018 0.027 0.032 0.009 0.016 0.018 0.049 0.029 0.005 0.01 0.023
300 D 0.039 0.029 0.066 0.421 0.007 0.029 0.088 0.045 0.018 0.022 0.027 0.043 0.009 0.014 0.022 0.05 0.034 0.004 0.011 0.023
301 V 0.06 0.021 0.018 0.019 0.017 0.016 0.022 0.024 0.009 0.193 0.13 0.026 0.031 0.036 0.016 0.035 0.07 0.005 0.02 0.229
302 Y 0.039 0.027 0.021 0.018 0.009 0.021 0.027 0.024 0.045 0.042 0.066 0.03 0.018 0.126 0.015 0.03 0.027 0.027 0.344 0.045
303 W 0.03 0.022 0.015 0.015 0.007 0.015 0.022 0.029 0.018 0.031 0.053 0.023 0.015 0.066 0.008 0.023 0.022 0.458 0.097 0.031
304 Y 0.044 0.039 0.029 0.026 0.009 0.073 0.046 0.029 0.075 0.042 0.072 0.045 0.037 0.081 0.017 0.037 0.031 0.018 0.204 0.045
305 A 0.262 0.031 0.028 0.03 0.02 0.025 0.039 0.068 0.014 0.044 0.058 0.043 0.017 0.021 0.028 0.083 0.099 0.005 0.017 0.067
306 Y 0.039 0.027 0.021 0.018 0.009 0.021 0.027 0.024 0.045 0.042 0.066 0.03 0.018 0.126 0.015 0.03 0.027 0.027 0.344 0.045
307 P 0.055 0.025 0.022 0.03 0.01 0.02 0.035 0.035 0.012 0.025 0.035 0.04 0.01 0.012 0.513 0.042 0.035 0.002 0.012 0.03
308 N 0.041 0.042 0.312 0.118 0.008 0.032 0.052 0.061 0.029 0.022 0.03 0.051 0.011 0.017 0.02 0.065 0.046 0.004 0.015 0.026
309 N 0.079 0.034 0.178 0.139 0.01 0.028 0.05 0.164 0.022 0.023 0.032 0.045 0.011 0.017 0.021 0.061 0.04 0.004 0.013 0.029
310 L 0.051 0.023 0.017 0.017 0.015 0.018 0.023 0.023 0.018 0.128 0.168 0.026 0.049 0.081 0.015 0.029 0.037 0.011 0.096 0.156
311 I 0.043 0.021 0.016 0.017 0.013 0.016 0.021 0.021 0.021 0.192 0.156 0.025 0.031 0.071 0.014 0.026 0.034 0.013 0.128 0.12
312 L 0.054 0.036 0.03 0.051 0.011 0.039 0.159 0.032 0.021 0.054 0.161 0.049 0.025 0.041 0.02 0.062 0.038 0.008 0.054 0.054
313 Q 0.055 0.086 0.058 0.082 0.011 0.102 0.066 0.039 0.021 0.045 0.055 0.079 0.018 0.019 0.022 0.058 0.092 0.005 0.017 0.069
314 I 0.046 0.02 0.015 0.017 0.015 0.015 0.019 0.021 0.013 0.213 0.2 0.024 0.036 0.053 0.014 0.025 0.037 0.008 0.056 0.153
315 K 0.057 0.107 0.042 0.042 0.009 0.054 0.071 0.043 0.021 0.028 0.043 0.278 0.016 0.016 0.028 0.054 0.04 0.005 0.017 0.033
316 P 0.046 0.029 0.078 0.209 0.009 0.025 0.06 0.042 0.017 0.023 0.031 0.043 0.01 0.014 0.24 0.049 0.036 0.003 0.012 0.027
317 G 0.056 0.03 0.077 0.123 0.01 0.025 0.046 0.15 0.06 0.055 0.049 0.039 0.014 0.033 0.019 0.068 0.038 0.007 0.055 0.044
318 S 0.074 0.051 0.097 0.077 0.012 0.061 0.09 0.054 0.022 0.026 0.038 0.086 0.014 0.018 0.025 0.143 0.057 0.005 0.016 0.034
319 N 0.053 0.085 0.141 0.053 0.009 0.092 0.061 0.048 0.045 0.024 0.038 0.067 0.014 0.017 0.076 0.077 0.045 0.005 0.019 0.03
320 P 0.06 0.025 0.028 0.029 0.011 0.019 0.031 0.146 0.014 0.028 0.044 0.035 0.012 0.063 0.237 0.063 0.036 0.062 0.026 0.032
