#Seq2Logo.py -f /work3/idamei/ssn-clusterings/2206011120/clusters/0012_135/sequences.afa -m 0.0001 -b 50 -o /work3/idamei/ssn-clusterings/2206011120/clusters/0012_135/sequences.logo
#Position Specific Frequency Matrix
A R N D C Q E G H I L K M F P S T W Y V
0 M 0.047 0.029 0.018 0.018 0.015 0.026 0.026 0.026 0.015 0.091 0.179 0.033 0.237 0.044 0.015 0.033 0.037 0.007 0.022 0.084
1 E 0.069 0.047 0.037 0.051 0.012 0.04 0.15 0.041 0.018 0.045 0.05 0.101 0.016 0.019 0.024 0.127 0.05 0.005 0.016 0.083
2 K 0.06 0.048 0.039 0.038 0.012 0.034 0.066 0.04 0.095 0.04 0.094 0.102 0.019 0.024 0.022 0.098 0.096 0.006 0.024 0.044
3 E 0.062 0.13 0.041 0.061 0.009 0.049 0.197 0.039 0.022 0.023 0.038 0.076 0.013 0.017 0.023 0.104 0.044 0.005 0.016 0.032
4 F 0.042 0.028 0.09 0.135 0.009 0.022 0.044 0.038 0.026 0.036 0.057 0.035 0.015 0.146 0.017 0.059 0.035 0.012 0.118 0.037
5 N 0.041 0.043 0.249 0.065 0.008 0.034 0.048 0.054 0.148 0.022 0.032 0.049 0.012 0.021 0.019 0.058 0.04 0.005 0.028 0.024
6 F 0.046 0.026 0.096 0.076 0.012 0.019 0.033 0.035 0.017 0.079 0.087 0.03 0.021 0.156 0.015 0.039 0.038 0.008 0.039 0.128
7 L 0.097 0.029 0.053 0.028 0.014 0.022 0.031 0.038 0.021 0.058 0.147 0.035 0.024 0.053 0.02 0.053 0.1 0.011 0.104 0.063
8 D 0.043 0.045 0.045 0.232 0.009 0.03 0.064 0.037 0.016 0.044 0.128 0.109 0.019 0.023 0.02 0.042 0.034 0.005 0.014 0.041
9 K 0.055 0.068 0.153 0.051 0.009 0.04 0.055 0.049 0.022 0.024 0.036 0.196 0.013 0.016 0.023 0.094 0.045 0.005 0.015 0.029
10 N 0.065 0.054 0.155 0.052 0.011 0.035 0.05 0.082 0.021 0.024 0.035 0.13 0.013 0.017 0.023 0.134 0.051 0.005 0.015 0.03
11 V 0.054 0.018 0.014 0.016 0.016 0.014 0.019 0.021 0.008 0.233 0.134 0.023 0.031 0.036 0.014 0.027 0.041 0.005 0.019 0.258
12 S 0.068 0.035 0.152 0.049 0.013 0.027 0.041 0.052 0.02 0.038 0.1 0.044 0.018 0.023 0.036 0.163 0.056 0.005 0.016 0.042
13 F 0.055 0.044 0.031 0.029 0.011 0.025 0.038 0.038 0.017 0.043 0.074 0.101 0.019 0.219 0.019 0.091 0.041 0.01 0.05 0.044
14 I 0.048 0.021 0.018 0.019 0.015 0.015 0.021 0.024 0.01 0.173 0.17 0.025 0.03 0.104 0.015 0.034 0.081 0.007 0.029 0.143
15 G 0.075 0.025 0.038 0.034 0.012 0.021 0.029 0.386 0.013 0.024 0.033 0.036 0.011 0.017 0.02 0.094 0.083 0.005 0.012 0.032
16 L 0.047 0.037 0.024 0.023 0.012 0.024 0.031 0.028 0.018 0.105 0.136 0.081 0.06 0.07 0.017 0.04 0.08 0.01 0.082 0.076
17 L 0.04 0.019 0.013 0.015 0.014 0.013 0.017 0.02 0.01 0.174 0.284 0.022 0.038 0.112 0.013 0.022 0.031 0.008 0.03 0.106
18 W 0.028 0.021 0.014 0.014 0.007 0.014 0.021 0.028 0.014 0.028 0.048 0.021 0.014 0.055 0.007 0.021 0.021 0.539 0.062 0.028
19 L 0.093 0.023 0.015 0.016 0.016 0.016 0.021 0.028 0.01 0.094 0.369 0.026 0.04 0.045 0.015 0.031 0.033 0.006 0.02 0.083
20 L 0.038 0.022 0.016 0.015 0.012 0.015 0.02 0.021 0.021 0.101 0.223 0.024 0.031 0.137 0.013 0.024 0.028 0.014 0.15 0.074
21 F 0.079 0.023 0.028 0.027 0.099 0.018 0.027 0.126 0.014 0.039 0.062 0.03 0.016 0.159 0.018 0.107 0.041 0.008 0.036 0.043
22 S 0.086 0.029 0.038 0.035 0.187 0.024 0.037 0.05 0.014 0.032 0.045 0.039 0.014 0.019 0.023 0.206 0.061 0.004 0.014 0.043
23 G 0.066 0.024 0.093 0.038 0.01 0.019 0.027 0.472 0.015 0.018 0.026 0.034 0.009 0.015 0.017 0.049 0.03 0.005 0.011 0.022
24 L 0.043 0.02 0.014 0.015 0.014 0.013 0.018 0.02 0.01 0.143 0.279 0.022 0.037 0.111 0.013 0.024 0.033 0.008 0.03 0.135
25 Y 0.036 0.024 0.019 0.017 0.009 0.018 0.024 0.023 0.038 0.043 0.069 0.027 0.018 0.173 0.013 0.027 0.025 0.024 0.33 0.044
26 L 0.039 0.02 0.013 0.014 0.014 0.013 0.018 0.02 0.01 0.136 0.331 0.022 0.039 0.114 0.012 0.022 0.03 0.008 0.03 0.093
27 T 0.066 0.032 0.039 0.034 0.016 0.025 0.036 0.039 0.013 0.048 0.059 0.041 0.018 0.022 0.025 0.084 0.315 0.005 0.016 0.065
28 Q 0.051 0.096 0.039 0.04 0.008 0.193 0.081 0.038 0.024 0.024 0.042 0.171 0.017 0.014 0.022 0.05 0.037 0.005 0.018 0.031
29 L 0.046 0.019 0.013 0.015 0.015 0.013 0.018 0.02 0.008 0.229 0.24 0.022 0.037 0.042 0.013 0.024 0.036 0.006 0.019 0.165
30 T 0.066 0.032 0.039 0.034 0.016 0.025 0.036 0.039 0.013 0.048 0.059 0.041 0.018 0.022 0.025 0.084 0.315 0.005 0.016 0.065
31 P 0.106 0.033 0.028 0.031 0.012 0.065 0.044 0.044 0.016 0.027 0.041 0.045 0.014 0.022 0.194 0.087 0.041 0.093 0.023 0.036
32 F 0.036 0.018 0.014 0.015 0.012 0.011 0.017 0.021 0.012 0.159 0.175 0.02 0.03 0.243 0.011 0.023 0.029 0.011 0.05 0.093
33 S 0.1 0.036 0.049 0.044 0.016 0.03 0.048 0.06 0.017 0.027 0.038 0.049 0.014 0.019 0.027 0.291 0.075 0.005 0.016 0.038
34 P 0.052 0.023 0.021 0.028 0.009 0.019 0.033 0.033 0.012 0.023 0.033 0.038 0.009 0.012 0.54 0.04 0.033 0.002 0.012 0.028
35 V 0.06 0.019 0.015 0.016 0.017 0.015 0.02 0.022 0.008 0.181 0.124 0.023 0.03 0.034 0.015 0.029 0.043 0.005 0.019 0.306
36 Y 0.037 0.025 0.02 0.017 0.008 0.02 0.025 0.023 0.042 0.04 0.062 0.028 0.017 0.119 0.014 0.028 0.025 0.025 0.38 0.042
37 L 0.038 0.02 0.014 0.015 0.013 0.013 0.018 0.02 0.011 0.131 0.294 0.021 0.037 0.157 0.012 0.022 0.029 0.009 0.037 0.089
38 A 0.205 0.023 0.022 0.024 0.017 0.019 0.028 0.134 0.011 0.124 0.08 0.033 0.02 0.025 0.021 0.054 0.04 0.005 0.016 0.098
39 F 0.031 0.017 0.015 0.015 0.01 0.01 0.017 0.023 0.015 0.058 0.104 0.017 0.023 0.443 0.01 0.023 0.023 0.015 0.081 0.05
40 I 0.044 0.018 0.014 0.016 0.014 0.013 0.018 0.02 0.009 0.221 0.185 0.021 0.033 0.108 0.013 0.024 0.034 0.007 0.029 0.159
41 L 0.039 0.02 0.013 0.014 0.014 0.013 0.018 0.02 0.01 0.136 0.331 0.022 0.039 0.114 0.012 0.022 0.03 0.008 0.03 0.093
42 L 0.067 0.022 0.018 0.019 0.015 0.016 0.023 0.028 0.011 0.131 0.214 0.026 0.032 0.106 0.015 0.057 0.038 0.007 0.029 0.128
43 F 0.05 0.023 0.023 0.022 0.099 0.017 0.024 0.03 0.013 0.058 0.108 0.028 0.045 0.165 0.016 0.047 0.124 0.009 0.038 0.061
44 L 0.056 0.024 0.023 0.022 0.014 0.018 0.024 0.116 0.011 0.102 0.254 0.029 0.043 0.037 0.016 0.072 0.038 0.006 0.018 0.076
45 L 0.041 0.036 0.019 0.019 0.011 0.022 0.028 0.024 0.022 0.07 0.243 0.078 0.031 0.067 0.015 0.029 0.03 0.013 0.139 0.063
46 I 0.075 0.024 0.024 0.024 0.016 0.019 0.027 0.033 0.011 0.161 0.155 0.031 0.028 0.033 0.018 0.081 0.09 0.005 0.018 0.126
47 F 0.093 0.019 0.016 0.018 0.014 0.013 0.021 0.03 0.012 0.132 0.109 0.023 0.025 0.214 0.014 0.033 0.033 0.01 0.046 0.124
48 L 0.04 0.022 0.014 0.015 0.014 0.015 0.019 0.02 0.015 0.133 0.324 0.024 0.038 0.06 0.013 0.023 0.031 0.009 0.08 0.092
49 G 0.109 0.026 0.085 0.033 0.1 0.02 0.029 0.129 0.014 0.053 0.058 0.034 0.016 0.021 0.02 0.056 0.085 0.005 0.014 0.093
50 A 0.106 0.031 0.087 0.036 0.014 0.024 0.035 0.046 0.017 0.047 0.077 0.038 0.053 0.094 0.02 0.095 0.09 0.007 0.027 0.054
51 L 0.051 0.022 0.016 0.018 0.015 0.017 0.022 0.023 0.01 0.148 0.173 0.027 0.064 0.035 0.102 0.029 0.037 0.005 0.018 0.167
52 Q 0.059 0.04 0.053 0.036 0.012 0.109 0.052 0.039 0.019 0.082 0.069 0.05 0.02 0.091 0.019 0.109 0.046 0.007 0.028 0.058
53 N 0.044 0.046 0.261 0.059 0.095 0.03 0.043 0.051 0.023 0.025 0.035 0.093 0.012 0.016 0.019 0.057 0.041 0.004 0.014 0.03
54 R 0.096 0.209 0.091 0.038 0.01 0.038 0.047 0.072 0.02 0.025 0.041 0.122 0.013 0.016 0.021 0.052 0.037 0.005 0.015 0.033
55 K 0.052 0.115 0.091 0.038 0.011 0.035 0.046 0.038 0.018 0.048 0.055 0.152 0.017 0.019 0.021 0.053 0.085 0.005 0.016 0.085
56 F 0.04 0.018 0.015 0.016 0.012 0.012 0.018 0.022 0.013 0.162 0.114 0.021 0.026 0.179 0.012 0.024 0.031 0.069 0.064 0.132
57 K 0.049 0.048 0.043 0.066 0.01 0.071 0.051 0.034 0.021 0.083 0.064 0.11 0.019 0.037 0.02 0.048 0.081 0.008 0.077 0.059
58 I 0.107 0.023 0.021 0.022 0.016 0.018 0.026 0.035 0.011 0.166 0.158 0.03 0.028 0.034 0.018 0.078 0.045 0.005 0.018 0.141
59 D 0.063 0.033 0.107 0.184 0.012 0.028 0.057 0.051 0.018 0.027 0.036 0.045 0.012 0.017 0.023 0.137 0.096 0.004 0.014 0.035
60 L 0.048 0.047 0.023 0.023 0.011 0.026 0.035 0.028 0.018 0.072 0.133 0.13 0.024 0.089 0.017 0.034 0.034 0.01 0.085 0.112
61 F 0.046 0.02 0.019 0.018 0.012 0.014 0.02 0.111 0.017 0.071 0.141 0.023 0.024 0.184 0.013 0.029 0.029 0.012 0.098 0.098
62 S 0.07 0.032 0.034 0.039 0.014 0.029 0.089 0.039 0.015 0.063 0.12 0.042 0.022 0.026 0.022 0.128 0.095 0.005 0.017 0.099
63 L 0.04 0.019 0.013 0.015 0.014 0.013 0.017 0.02 0.01 0.174 0.284 0.022 0.038 0.112 0.013 0.022 0.031 0.008 0.03 0.106
64 L 0.094 0.022 0.015 0.017 0.016 0.015 0.021 0.028 0.01 0.153 0.291 0.026 0.037 0.042 0.015 0.032 0.035 0.006 0.019 0.108
65 C 0.059 0.023 0.024 0.023 0.186 0.017 0.025 0.034 0.012 0.053 0.125 0.028 0.022 0.095 0.017 0.082 0.085 0.007 0.026 0.057
66 L 0.053 0.019 0.017 0.018 0.1 0.014 0.019 0.111 0.009 0.126 0.203 0.023 0.029 0.034 0.014 0.03 0.034 0.005 0.016 0.124
67 L 0.044 0.02 0.015 0.018 0.014 0.014 0.02 0.022 0.009 0.199 0.223 0.025 0.033 0.038 0.101 0.027 0.041 0.005 0.018 0.111
68 L 0.045 0.023 0.019 0.019 0.014 0.017 0.022 0.024 0.011 0.124 0.227 0.026 0.067 0.108 0.015 0.035 0.079 0.008 0.03 0.089
69 S 0.075 0.029 0.034 0.032 0.016 0.023 0.034 0.041 0.013 0.107 0.096 0.038 0.022 0.027 0.022 0.153 0.101 0.005 0.017 0.115
70 L 0.045 0.021 0.013 0.015 0.015 0.014 0.018 0.02 0.009 0.151 0.333 0.023 0.04 0.045 0.013 0.024 0.034 0.006 0.02 0.141
71 L 0.043 0.023 0.016 0.016 0.013 0.017 0.021 0.022 0.016 0.091 0.221 0.025 0.066 0.123 0.013 0.026 0.032 0.011 0.09 0.114
72 S 0.082 0.039 0.042 0.039 0.014 0.07 0.05 0.05 0.018 0.04 0.105 0.05 0.02 0.023 0.024 0.206 0.061 0.005 0.017 0.045
73 L 0.049 0.023 0.021 0.02 0.1 0.016 0.022 0.027 0.011 0.084 0.196 0.026 0.028 0.102 0.016 0.042 0.109 0.007 0.028 0.073
74 F 0.034 0.018 0.016 0.016 0.01 0.012 0.018 0.022 0.019 0.101 0.105 0.02 0.024 0.322 0.011 0.024 0.026 0.015 0.12 0.067
75 L 0.047 0.029 0.021 0.021 0.013 0.06 0.032 0.112 0.013 0.077 0.3 0.034 0.035 0.038 0.015 0.031 0.031 0.006 0.018 0.067
76 F 0.086 0.02 0.016 0.017 0.012 0.013 0.021 0.03 0.014 0.062 0.15 0.022 0.026 0.307 0.013 0.032 0.028 0.012 0.06 0.058
77 L 0.037 0.02 0.014 0.015 0.013 0.012 0.018 0.021 0.011 0.112 0.273 0.021 0.035 0.201 0.012 0.023 0.028 0.01 0.044 0.081
78 N 0.039 0.038 0.318 0.065 0.009 0.028 0.04 0.053 0.025 0.035 0.096 0.045 0.016 0.022 0.017 0.056 0.042 0.004 0.015 0.035
79 S 0.185 0.034 0.041 0.039 0.017 0.028 0.044 0.064 0.016 0.031 0.043 0.046 0.015 0.019 0.027 0.22 0.065 0.005 0.016 0.046
80 P 0.056 0.034 0.039 0.112 0.009 0.045 0.103 0.039 0.061 0.023 0.033 0.048 0.011 0.016 0.195 0.085 0.039 0.004 0.018 0.028
81 F 0.042 0.019 0.016 0.017 0.012 0.013 0.021 0.024 0.012 0.091 0.152 0.023 0.026 0.215 0.1 0.027 0.03 0.009 0.045 0.106
82 N 0.054 0.033 0.206 0.054 0.01 0.026 0.039 0.136 0.021 0.021 0.03 0.043 0.01 0.015 0.135 0.081 0.043 0.004 0.013 0.026
83 L 0.043 0.087 0.019 0.018 0.013 0.023 0.025 0.023 0.013 0.125 0.236 0.04 0.102 0.041 0.014 0.029 0.034 0.006 0.02 0.089
84 V 0.088 0.021 0.016 0.017 0.018 0.016 0.022 0.027 0.008 0.14 0.113 0.025 0.028 0.031 0.016 0.034 0.045 0.005 0.018 0.313
85 I 0.06 0.023 0.024 0.024 0.016 0.018 0.025 0.03 0.01 0.206 0.112 0.03 0.027 0.032 0.018 0.079 0.09 0.005 0.018 0.153
86 N 0.039 0.041 0.379 0.076 0.008 0.031 0.045 0.059 0.029 0.02 0.029 0.049 0.01 0.016 0.018 0.063 0.045 0.004 0.014 0.025
87 L 0.043 0.019 0.014 0.015 0.014 0.013 0.018 0.02 0.01 0.182 0.232 0.022 0.035 0.109 0.013 0.024 0.034 0.007 0.03 0.147
88 I 0.042 0.016 0.014 0.016 0.071 0.012 0.016 0.021 0.009 0.245 0.15 0.021 0.03 0.105 0.013 0.024 0.033 0.007 0.028 0.126
89 I 0.047 0.018 0.014 0.016 0.015 0.014 0.018 0.02 0.009 0.279 0.15 0.023 0.055 0.039 0.014 0.025 0.038 0.006 0.019 0.181
90 T 0.07 0.028 0.033 0.03 0.102 0.022 0.032 0.038 0.012 0.06 0.066 0.036 0.019 0.022 0.022 0.102 0.183 0.005 0.016 0.103
91 L 0.04 0.022 0.014 0.015 0.014 0.015 0.019 0.02 0.015 0.133 0.324 0.024 0.038 0.06 0.013 0.023 0.031 0.009 0.08 0.092
92 L 0.04 0.021 0.014 0.015 0.014 0.015 0.019 0.021 0.011 0.133 0.289 0.023 0.071 0.113 0.013 0.024 0.031 0.008 0.03 0.093
93 S 0.1 0.036 0.049 0.044 0.016 0.03 0.048 0.06 0.017 0.027 0.038 0.049 0.014 0.019 0.027 0.291 0.075 0.005 0.016 0.038
94 P 0.101 0.023 0.02 0.026 0.012 0.018 0.031 0.037 0.011 0.078 0.056 0.035 0.014 0.018 0.366 0.043 0.036 0.003 0.014 0.056
95 I 0.045 0.019 0.015 0.016 0.014 0.014 0.019 0.021 0.01 0.218 0.143 0.023 0.065 0.107 0.013 0.026 0.036 0.007 0.03 0.159
96 I 0.042 0.017 0.013 0.016 0.015 0.013 0.016 0.019 0.008 0.299 0.199 0.022 0.035 0.042 0.013 0.023 0.035 0.006 0.019 0.148
97 V 0.061 0.023 0.023 0.022 0.017 0.018 0.025 0.028 0.009 0.147 0.104 0.029 0.026 0.03 0.018 0.047 0.133 0.005 0.018 0.216
98 Y 0.05 0.024 0.03 0.093 0.097 0.02 0.036 0.033 0.024 0.037 0.058 0.03 0.016 0.122 0.017 0.076 0.036 0.013 0.146 0.041
99 L 0.045 0.046 0.086 0.035 0.01 0.069 0.046 0.036 0.024 0.044 0.115 0.092 0.021 0.086 0.018 0.054 0.036 0.01 0.085 0.044
100 Y 0.046 0.027 0.026 0.022 0.098 0.021 0.028 0.028 0.088 0.049 0.118 0.03 0.021 0.059 0.016 0.04 0.076 0.012 0.143 0.052
101 F 0.036 0.018 0.016 0.016 0.096 0.012 0.018 0.024 0.019 0.052 0.089 0.019 0.021 0.318 0.011 0.026 0.025 0.015 0.119 0.049
102 R 0.042 0.232 0.15 0.046 0.008 0.04 0.049 0.041 0.023 0.022 0.037 0.128 0.013 0.016 0.019 0.05 0.037 0.005 0.015 0.027
103 N 0.046 0.063 0.145 0.044 0.008 0.029 0.041 0.099 0.024 0.025 0.037 0.094 0.012 0.032 0.105 0.048 0.035 0.008 0.075 0.029
104 R 0.044 0.233 0.093 0.047 0.007 0.045 0.102 0.037 0.022 0.022 0.038 0.132 0.013 0.015 0.02 0.047 0.035 0.005 0.015 0.028
105 Y 0.055 0.027 0.027 0.024 0.012 0.021 0.03 0.032 0.03 0.086 0.071 0.033 0.019 0.078 0.018 0.1 0.041 0.016 0.219 0.061
106 I 0.044 0.017 0.014 0.016 0.014 0.012 0.017 0.02 0.009 0.259 0.139 0.021 0.031 0.106 0.013 0.024 0.035 0.007 0.029 0.171
107 N 0.062 0.046 0.153 0.051 0.011 0.032 0.046 0.051 0.02 0.028 0.038 0.096 0.013 0.017 0.066 0.119 0.095 0.004 0.015 0.036
108 K 0.115 0.052 0.035 0.034 0.013 0.032 0.046 0.049 0.017 0.034 0.052 0.141 0.016 0.088 0.023 0.13 0.048 0.007 0.027 0.041
109 R 0.052 0.15 0.045 0.105 0.009 0.052 0.059 0.04 0.085 0.023 0.037 0.114 0.013 0.018 0.021 0.085 0.039 0.005 0.021 0.028
110 L 0.053 0.028 0.085 0.033 0.013 0.02 0.03 0.037 0.015 0.099 0.136 0.034 0.024 0.098 0.018 0.084 0.087 0.007 0.028 0.071
111 L 0.043 0.02 0.014 0.015 0.014 0.013 0.018 0.02 0.01 0.143 0.279 0.022 0.037 0.111 0.013 0.024 0.033 0.008 0.03 0.135
112 L 0.047 0.033 0.017 0.019 0.014 0.02 0.026 0.023 0.01 0.138 0.268 0.076 0.035 0.039 0.015 0.028 0.035 0.006 0.019 0.131
113 L 0.041 0.041 0.14 0.039 0.01 0.027 0.036 0.037 0.023 0.053 0.171 0.086 0.024 0.044 0.017 0.041 0.035 0.009 0.077 0.049
114 I 0.053 0.022 0.021 0.021 0.013 0.016 0.024 0.028 0.016 0.158 0.105 0.027 0.025 0.116 0.015 0.07 0.04 0.01 0.089 0.131
115 F 0.042 0.02 0.021 0.02 0.011 0.013 0.022 0.029 0.016 0.053 0.093 0.023 0.022 0.372 0.013 0.068 0.032 0.014 0.07 0.048
116 L 0.039 0.02 0.013 0.014 0.014 0.013 0.018 0.02 0.01 0.136 0.331 0.022 0.039 0.114 0.012 0.022 0.03 0.008 0.03 0.093
117 L 0.047 0.022 0.022 0.021 0.012 0.015 0.022 0.113 0.012 0.065 0.193 0.025 0.027 0.17 0.015 0.037 0.075 0.009 0.038 0.06
118 Y 0.037 0.025 0.019 0.016 0.01 0.019 0.024 0.022 0.037 0.051 0.124 0.027 0.022 0.107 0.014 0.027 0.026 0.022 0.32 0.05
119 A 0.159 0.026 0.027 0.026 0.015 0.02 0.03 0.133 0.014 0.048 0.118 0.034 0.02 0.094 0.02 0.09 0.041 0.007 0.026 0.054
120 F 0.054 0.022 0.021 0.02 0.014 0.015 0.024 0.029 0.013 0.086 0.116 0.025 0.025 0.213 0.014 0.07 0.039 0.01 0.046 0.145
121 L 0.043 0.019 0.014 0.015 0.014 0.013 0.018 0.02 0.01 0.182 0.232 0.022 0.035 0.109 0.013 0.024 0.034 0.007 0.03 0.147
122 F 0.031 0.017 0.015 0.015 0.01 0.01 0.017 0.023 0.015 0.058 0.104 0.017 0.023 0.443 0.01 0.023 0.023 0.015 0.081 0.05
123 I 0.055 0.024 0.081 0.031 0.014 0.019 0.027 0.033 0.013 0.201 0.107 0.031 0.026 0.031 0.017 0.075 0.045 0.005 0.018 0.147
124 L 0.038 0.018 0.014 0.015 0.013 0.012 0.017 0.02 0.011 0.167 0.23 0.021 0.034 0.178 0.012 0.023 0.03 0.009 0.04 0.099
125 D 0.039 0.03 0.058 0.39 0.007 0.032 0.129 0.041 0.018 0.02 0.027 0.045 0.009 0.014 0.021 0.048 0.032 0.004 0.011 0.023
126 G 0.118 0.022 0.034 0.03 0.011 0.018 0.026 0.474 0.012 0.021 0.03 0.032 0.01 0.016 0.019 0.052 0.03 0.005 0.011 0.029
127 I 0.049 0.019 0.018 0.018 0.014 0.013 0.019 0.109 0.01 0.167 0.164 0.023 0.029 0.103 0.014 0.028 0.033 0.007 0.028 0.136
128 W 0.029 0.021 0.015 0.014 0.007 0.015 0.021 0.027 0.019 0.03 0.051 0.022 0.014 0.066 0.008 0.022 0.021 0.453 0.115 0.03
129 R 0.041 0.405 0.035 0.028 0.007 0.044 0.048 0.03 0.021 0.021 0.042 0.109 0.014 0.016 0.018 0.041 0.032 0.005 0.016 0.028
130 L 0.041 0.021 0.014 0.015 0.014 0.015 0.019 0.02 0.014 0.171 0.277 0.023 0.037 0.058 0.013 0.023 0.031 0.009 0.08 0.104
131 S 0.065 0.035 0.031 0.029 0.099 0.052 0.04 0.038 0.02 0.044 0.112 0.056 0.02 0.04 0.02 0.12 0.046 0.008 0.077 0.048
132 H 0.038 0.041 0.214 0.055 0.008 0.033 0.047 0.047 0.221 0.021 0.032 0.045 0.012 0.022 0.018 0.051 0.035 0.006 0.033 0.023
133 P 0.052 0.023 0.021 0.028 0.009 0.019 0.033 0.033 0.012 0.023 0.033 0.038 0.009 0.012 0.54 0.04 0.033 0.002 0.012 0.028
134 N 0.041 0.032 0.141 0.047 0.009 0.029 0.086 0.036 0.029 0.08 0.061 0.041 0.017 0.054 0.017 0.043 0.035 0.012 0.137 0.054
135 L 0.044 0.022 0.014 0.015 0.014 0.016 0.02 0.02 0.014 0.101 0.318 0.024 0.038 0.058 0.013 0.024 0.032 0.009 0.08 0.121
136 D 0.078 0.034 0.048 0.261 0.008 0.039 0.186 0.041 0.019 0.022 0.032 0.052 0.011 0.015 0.022 0.052 0.034 0.004 0.013 0.029
137 I 0.048 0.018 0.015 0.018 0.016 0.013 0.018 0.021 0.009 0.261 0.17 0.024 0.037 0.045 0.015 0.025 0.04 0.006 0.021 0.179
138 N 0.039 0.039 0.308 0.136 0.008 0.03 0.051 0.055 0.048 0.02 0.028 0.047 0.01 0.017 0.019 0.059 0.042 0.004 0.016 0.024
139 V 0.054 0.033 0.018 0.019 0.015 0.02 0.027 0.024 0.01 0.153 0.163 0.077 0.03 0.034 0.016 0.031 0.04 0.005 0.018 0.214
140 D 0.042 0.031 0.046 0.256 0.008 0.035 0.164 0.035 0.018 0.073 0.049 0.047 0.014 0.019 0.02 0.044 0.033 0.004 0.013 0.047
141 K 0.1 0.137 0.035 0.034 0.01 0.044 0.057 0.043 0.018 0.027 0.042 0.254 0.014 0.015 0.024 0.052 0.037 0.005 0.016 0.035
142 L 0.04 0.022 0.013 0.014 0.015 0.015 0.018 0.019 0.009 0.105 0.432 0.023 0.045 0.05 0.013 0.022 0.03 0.006 0.02 0.087
143 E 0.057 0.036 0.097 0.125 0.01 0.037 0.153 0.041 0.02 0.043 0.046 0.05 0.014 0.019 0.021 0.089 0.044 0.005 0.015 0.079
144 E 0.065 0.042 0.098 0.068 0.01 0.044 0.204 0.046 0.022 0.022 0.034 0.059 0.012 0.017 0.024 0.133 0.049 0.005 0.015 0.031
145 L 0.041 0.022 0.013 0.014 0.015 0.015 0.019 0.02 0.009 0.105 0.425 0.023 0.05 0.05 0.013 0.022 0.031 0.006 0.02 0.087
146 G 0.066 0.022 0.04 0.101 0.009 0.019 0.033 0.469 0.013 0.018 0.026 0.032 0.009 0.015 0.018 0.047 0.028 0.005 0.01 0.022
147 I 0.049 0.018 0.014 0.016 0.016 0.013 0.018 0.02 0.008 0.236 0.188 0.022 0.034 0.039 0.014 0.025 0.038 0.005 0.019 0.207
148 G 0.071 0.021 0.036 0.031 0.01 0.017 0.023 0.555 0.012 0.017 0.026 0.031 0.009 0.015 0.017 0.047 0.027 0.005 0.01 0.022
149 F 0.033 0.02 0.017 0.016 0.009 0.013 0.02 0.023 0.024 0.052 0.09 0.021 0.021 0.335 0.011 0.025 0.024 0.019 0.18 0.047
150 Q 0.049 0.052 0.032 0.034 0.01 0.197 0.069 0.032 0.022 0.087 0.084 0.064 0.058 0.023 0.019 0.043 0.037 0.006 0.019 0.062
151 I 0.046 0.017 0.014 0.016 0.015 0.013 0.017 0.019 0.008 0.306 0.147 0.022 0.033 0.039 0.014 0.024 0.038 0.005 0.019 0.19
152 Y 0.037 0.025 0.02 0.017 0.008 0.02 0.025 0.023 0.042 0.04 0.062 0.028 0.017 0.119 0.014 0.028 0.025 0.025 0.38 0.042
153 K 0.052 0.097 0.038 0.038 0.008 0.049 0.064 0.039 0.019 0.025 0.039 0.344 0.014 0.014 0.025 0.049 0.036 0.005 0.016 0.03
154 V 0.051 0.022 0.02 0.019 0.014 0.016 0.023 0.025 0.016 0.13 0.102 0.026 0.025 0.115 0.015 0.036 0.082 0.01 0.089 0.165
155 N 0.039 0.041 0.379 0.076 0.008 0.031 0.045 0.059 0.029 0.02 0.029 0.049 0.01 0.016 0.018 0.063 0.045 0.004 0.014 0.025
156 S 0.1 0.036 0.049 0.044 0.016 0.03 0.048 0.06 0.017 0.027 0.038 0.049 0.014 0.019 0.027 0.291 0.075 0.005 0.016 0.038
157 L 0.043 0.019 0.014 0.015 0.014 0.013 0.018 0.02 0.01 0.179 0.214 0.021 0.034 0.131 0.013 0.024 0.033 0.008 0.033 0.145
158 M 0.047 0.029 0.018 0.018 0.015 0.026 0.026 0.026 0.015 0.091 0.179 0.033 0.237 0.044 0.015 0.033 0.037 0.007 0.022 0.084
159 Y 0.037 0.025 0.02 0.017 0.008 0.02 0.025 0.023 0.042 0.04 0.062 0.028 0.017 0.119 0.014 0.028 0.025 0.025 0.38 0.042
160 L 0.089 0.089 0.026 0.025 0.014 0.024 0.031 0.036 0.013 0.105 0.191 0.045 0.028 0.032 0.018 0.091 0.043 0.006 0.018 0.076
161 D 0.037 0.027 0.063 0.452 0.007 0.027 0.083 0.042 0.017 0.02 0.025 0.041 0.008 0.014 0.02 0.047 0.032 0.003 0.01 0.022
162 S 0.1 0.036 0.049 0.044 0.016 0.03 0.048 0.06 0.017 0.027 0.038 0.049 0.014 0.019 0.027 0.291 0.075 0.005 0.016 0.038
163 N 0.039 0.041 0.379 0.076 0.008 0.031 0.045 0.059 0.029 0.02 0.029 0.049 0.01 0.016 0.018 0.063 0.045 0.004 0.014 0.025
164 F 0.031 0.017 0.015 0.015 0.01 0.01 0.017 0.023 0.015 0.058 0.104 0.017 0.023 0.443 0.01 0.023 0.023 0.015 0.081 0.05
165 V 0.06 0.02 0.015 0.016 0.017 0.015 0.021 0.022 0.008 0.142 0.171 0.024 0.031 0.035 0.015 0.029 0.042 0.005 0.019 0.294
166 G 0.071 0.021 0.036 0.031 0.01 0.017 0.023 0.555 0.012 0.017 0.026 0.031 0.009 0.015 0.017 0.047 0.027 0.005 0.01 0.022
167 L 0.045 0.021 0.013 0.015 0.015 0.014 0.018 0.02 0.009 0.151 0.333 0.023 0.04 0.045 0.013 0.024 0.034 0.006 0.02 0.141
168 E 0.048 0.055 0.04 0.055 0.007 0.168 0.175 0.035 0.09 0.022 0.038 0.071 0.016 0.016 0.021 0.048 0.034 0.006 0.023 0.029
169 A 0.198 0.026 0.079 0.031 0.016 0.021 0.031 0.052 0.014 0.135 0.083 0.036 0.021 0.026 0.021 0.057 0.042 0.005 0.017 0.089
170 L 0.104 0.022 0.016 0.017 0.017 0.016 0.023 0.03 0.009 0.116 0.212 0.026 0.032 0.036 0.016 0.035 0.04 0.005 0.019 0.207
171 F 0.044 0.02 0.021 0.02 0.012 0.013 0.022 0.029 0.014 0.099 0.101 0.023 0.023 0.305 0.013 0.068 0.034 0.012 0.06 0.066
172 I 0.046 0.02 0.019 0.019 0.014 0.016 0.021 0.023 0.014 0.24 0.122 0.026 0.028 0.05 0.015 0.034 0.081 0.009 0.078 0.125
173 L 0.039 0.021 0.013 0.014 0.014 0.014 0.018 0.02 0.01 0.097 0.378 0.022 0.041 0.115 0.012 0.022 0.029 0.008 0.03 0.081
174 S 0.088 0.032 0.042 0.038 0.102 0.026 0.04 0.052 0.015 0.033 0.045 0.043 0.015 0.019 0.025 0.214 0.108 0.005 0.015 0.045
175 S 0.078 0.027 0.032 0.03 0.102 0.021 0.032 0.042 0.013 0.101 0.074 0.035 0.02 0.025 0.021 0.16 0.056 0.005 0.016 0.11
176 F 0.035 0.019 0.015 0.015 0.011 0.013 0.019 0.022 0.018 0.109 0.16 0.021 0.027 0.256 0.012 0.024 0.027 0.014 0.11 0.073
177 L 0.045 0.021 0.013 0.015 0.015 0.014 0.018 0.02 0.009 0.151 0.333 0.023 0.04 0.045 0.013 0.024 0.034 0.006 0.02 0.141
178 Y 0.033 0.022 0.017 0.016 0.009 0.015 0.022 0.024 0.029 0.044 0.074 0.023 0.019 0.216 0.011 0.025 0.024 0.108 0.227 0.042
179 L 0.05 0.022 0.02 0.02 0.014 0.016 0.023 0.027 0.011 0.163 0.223 0.027 0.044 0.085 0.015 0.068 0.039 0.007 0.026 0.099
180 F 0.042 0.019 0.015 0.016 0.099 0.014 0.018 0.023 0.012 0.115 0.172 0.022 0.063 0.173 0.012 0.027 0.03 0.009 0.039 0.081
181 K 0.047 0.234 0.037 0.033 0.007 0.047 0.057 0.035 0.02 0.023 0.041 0.24 0.014 0.015 0.022 0.045 0.034 0.005 0.016 0.029
182 D 0.041 0.031 0.095 0.159 0.008 0.029 0.1 0.052 0.024 0.03 0.047 0.041 0.013 0.104 0.018 0.05 0.033 0.01 0.085 0.032
183 F 0.043 0.037 0.127 0.063 0.009 0.036 0.124 0.041 0.024 0.036 0.06 0.049 0.016 0.142 0.019 0.05 0.037 0.009 0.04 0.037
184 D 0.042 0.037 0.195 0.242 0.008 0.032 0.07 0.056 0.025 0.022 0.03 0.049 0.01 0.016 0.021 0.061 0.042 0.004 0.013 0.025
185 L 0.06 0.048 0.028 0.028 0.013 0.028 0.039 0.033 0.013 0.101 0.135 0.134 0.025 0.028 0.02 0.078 0.044 0.005 0.018 0.123
186 R 0.044 0.203 0.033 0.03 0.008 0.04 0.05 0.033 0.019 0.029 0.051 0.198 0.016 0.086 0.02 0.041 0.032 0.007 0.027 0.033
187 L 0.107 0.048 0.026 0.026 0.016 0.022 0.031 0.039 0.012 0.093 0.189 0.038 0.028 0.032 0.02 0.088 0.088 0.006 0.018 0.076
188 S 0.071 0.04 0.035 0.033 0.015 0.027 0.04 0.041 0.014 0.097 0.071 0.089 0.02 0.024 0.023 0.131 0.112 0.005 0.017 0.096
189 G 0.065 0.046 0.036 0.033 0.009 0.028 0.037 0.383 0.014 0.02 0.03 0.135 0.01 0.015 0.02 0.047 0.03 0.005 0.012 0.025
190 L 0.046 0.101 0.026 0.024 0.012 0.028 0.035 0.028 0.019 0.057 0.178 0.095 0.026 0.045 0.018 0.041 0.078 0.009 0.078 0.057
191 L 0.055 0.032 0.112 0.039 0.012 0.024 0.035 0.041 0.025 0.049 0.138 0.038 0.022 0.052 0.019 0.097 0.045 0.01 0.104 0.049
192 R 0.042 0.224 0.032 0.028 0.008 0.037 0.045 0.031 0.02 0.032 0.058 0.142 0.017 0.119 0.018 0.039 0.031 0.008 0.033 0.035
193 I 0.05 0.019 0.014 0.016 0.016 0.014 0.018 0.02 0.008 0.227 0.197 0.023 0.034 0.04 0.014 0.025 0.038 0.005 0.019 0.203
194 I 0.043 0.09 0.023 0.023 0.011 0.026 0.034 0.027 0.014 0.154 0.099 0.117 0.024 0.11 0.016 0.032 0.033 0.007 0.03 0.086
195 Y 0.053 0.042 0.029 0.027 0.01 0.028 0.038 0.034 0.033 0.034 0.053 0.095 0.016 0.078 0.019 0.084 0.038 0.017 0.232 0.039
196 L 0.038 0.027 0.13 0.036 0.011 0.019 0.028 0.035 0.018 0.063 0.184 0.031 0.027 0.165 0.014 0.037 0.034 0.009 0.04 0.056
197 L 0.051 0.025 0.024 0.023 0.015 0.018 0.025 0.028 0.011 0.125 0.204 0.03 0.031 0.063 0.018 0.047 0.143 0.006 0.022 0.091
198 I 0.049 0.018 0.014 0.016 0.016 0.013 0.018 0.02 0.008 0.236 0.188 0.022 0.034 0.039 0.014 0.025 0.038 0.005 0.019 0.207
199 L 0.043 0.019 0.014 0.015 0.014 0.013 0.018 0.02 0.01 0.182 0.232 0.022 0.035 0.109 0.013 0.024 0.034 0.007 0.03 0.147
200 F 0.051 0.023 0.021 0.02 0.099 0.017 0.023 0.03 0.013 0.063 0.153 0.026 0.06 0.169 0.015 0.071 0.037 0.009 0.038 0.06
201 L 0.096 0.022 0.015 0.016 0.102 0.016 0.021 0.03 0.01 0.083 0.307 0.025 0.035 0.04 0.016 0.034 0.033 0.006 0.018 0.077
202 L 0.045 0.023 0.019 0.018 0.012 0.017 0.021 0.111 0.017 0.069 0.206 0.026 0.063 0.12 0.014 0.029 0.029 0.011 0.089 0.062
203 L 0.041 0.019 0.014 0.015 0.013 0.013 0.018 0.021 0.011 0.135 0.224 0.021 0.033 0.176 0.012 0.024 0.031 0.009 0.04 0.128
204 L 0.047 0.019 0.014 0.015 0.015 0.014 0.018 0.02 0.008 0.193 0.243 0.023 0.036 0.053 0.014 0.025 0.036 0.006 0.021 0.18
205 G 0.165 0.026 0.03 0.029 0.015 0.021 0.031 0.222 0.013 0.041 0.105 0.036 0.018 0.023 0.021 0.093 0.042 0.005 0.015 0.049
206 I 0.049 0.018 0.014 0.016 0.016 0.013 0.018 0.02 0.008 0.236 0.188 0.022 0.034 0.039 0.014 0.025 0.038 0.005 0.019 0.207
207 L 0.055 0.02 0.018 0.017 0.101 0.015 0.019 0.111 0.009 0.092 0.215 0.024 0.029 0.034 0.015 0.031 0.034 0.005 0.017 0.139
208 L 0.04 0.022 0.013 0.014 0.015 0.015 0.018 0.019 0.009 0.105 0.432 0.023 0.045 0.05 0.013 0.022 0.03 0.006 0.02 0.087
209 T 0.066 0.032 0.039 0.034 0.016 0.025 0.036 0.039 0.013 0.048 0.059 0.041 0.018 0.022 0.025 0.084 0.315 0.005 0.016 0.065
210 F 0.031 0.017 0.015 0.015 0.01 0.01 0.017 0.023 0.015 0.058 0.104 0.017 0.023 0.443 0.01 0.023 0.023 0.015 0.081 0.05
211 S 0.1 0.036 0.049 0.044 0.016 0.03 0.048 0.06 0.017 0.027 0.038 0.049 0.014 0.019 0.027 0.291 0.075 0.005 0.016 0.038
212 R 0.041 0.405 0.035 0.028 0.007 0.044 0.048 0.03 0.021 0.021 0.042 0.109 0.014 0.016 0.018 0.041 0.032 0.005 0.016 0.028
213 A 0.27 0.031 0.032 0.033 0.018 0.026 0.04 0.068 0.015 0.035 0.049 0.043 0.015 0.019 0.027 0.148 0.055 0.005 0.016 0.054
214 A 0.312 0.03 0.028 0.03 0.019 0.024 0.039 0.069 0.014 0.037 0.051 0.042 0.016 0.02 0.027 0.113 0.05 0.005 0.016 0.058
215 I 0.041 0.019 0.014 0.016 0.014 0.014 0.018 0.021 0.011 0.211 0.195 0.023 0.068 0.109 0.013 0.024 0.033 0.008 0.03 0.117
216 I 0.044 0.018 0.014 0.016 0.014 0.013 0.018 0.02 0.009 0.221 0.185 0.021 0.033 0.108 0.013 0.024 0.034 0.007 0.029 0.159
217 G 0.175 0.028 0.036 0.034 0.015 0.024 0.036 0.229 0.014 0.028 0.039 0.04 0.013 0.018 0.024 0.138 0.049 0.005 0.014 0.041
218 L 0.103 0.027 0.023 0.023 0.015 0.021 0.029 0.037 0.014 0.069 0.164 0.033 0.095 0.103 0.018 0.08 0.041 0.008 0.029 0.068
219 L 0.038 0.018 0.014 0.015 0.013 0.012 0.017 0.02 0.011 0.167 0.23 0.021 0.034 0.178 0.012 0.023 0.03 0.009 0.04 0.099
220 I 0.04 0.017 0.014 0.016 0.014 0.012 0.017 0.02 0.009 0.252 0.191 0.021 0.034 0.109 0.013 0.023 0.033 0.007 0.029 0.13
221 C 0.056 0.022 0.021 0.02 0.186 0.017 0.023 0.031 0.012 0.06 0.145 0.027 0.058 0.099 0.016 0.074 0.039 0.007 0.027 0.06
222 F 0.036 0.018 0.014 0.015 0.012 0.011 0.017 0.021 0.012 0.159 0.175 0.02 0.03 0.243 0.011 0.023 0.029 0.011 0.05 0.093
223 V 0.049 0.02 0.015 0.016 0.014 0.014 0.02 0.022 0.015 0.158 0.114 0.023 0.027 0.117 0.014 0.027 0.036 0.01 0.089 0.2
224 V 0.048 0.019 0.015 0.016 0.014 0.013 0.019 0.022 0.011 0.109 0.148 0.021 0.028 0.194 0.013 0.026 0.035 0.009 0.043 0.197
225 Y 0.043 0.027 0.081 0.029 0.011 0.02 0.028 0.032 0.026 0.05 0.125 0.031 0.022 0.151 0.015 0.061 0.034 0.014 0.152 0.048
226 F 0.04 0.019 0.015 0.016 0.012 0.013 0.019 0.021 0.016 0.135 0.164 0.022 0.029 0.188 0.012 0.024 0.03 0.012 0.1 0.111
227 L 0.06 0.027 0.026 0.025 0.014 0.021 0.029 0.035 0.014 0.069 0.204 0.032 0.063 0.104 0.017 0.114 0.045 0.008 0.029 0.064
228 L 0.047 0.097 0.028 0.026 0.012 0.069 0.041 0.029 0.021 0.055 0.136 0.053 0.058 0.044 0.018 0.043 0.079 0.009 0.079 0.056
229 G 0.062 0.056 0.092 0.039 0.011 0.026 0.036 0.214 0.016 0.074 0.052 0.074 0.015 0.02 0.019 0.086 0.041 0.005 0.014 0.049
230 N 0.055 0.049 0.249 0.062 0.01 0.034 0.049 0.056 0.025 0.023 0.033 0.098 0.012 0.017 0.021 0.111 0.05 0.004 0.015 0.028
231 K 0.048 0.135 0.033 0.033 0.009 0.042 0.054 0.034 0.017 0.076 0.059 0.251 0.017 0.019 0.022 0.043 0.035 0.005 0.016 0.051
232 R 0.042 0.207 0.088 0.035 0.009 0.036 0.043 0.034 0.02 0.038 0.108 0.119 0.019 0.045 0.018 0.042 0.034 0.006 0.02 0.039
233 L 0.041 0.148 0.021 0.019 0.012 0.024 0.027 0.023 0.013 0.154 0.209 0.051 0.031 0.035 0.015 0.028 0.033 0.006 0.018 0.092
234 K 0.05 0.123 0.029 0.029 0.01 0.037 0.047 0.032 0.016 0.058 0.118 0.198 0.022 0.023 0.02 0.04 0.036 0.005 0.017 0.09
235 L 0.08 0.022 0.016 0.017 0.101 0.016 0.021 0.028 0.01 0.084 0.307 0.025 0.035 0.04 0.015 0.034 0.048 0.006 0.018 0.077
236 F 0.094 0.02 0.016 0.017 0.014 0.014 0.022 0.03 0.012 0.083 0.154 0.024 0.027 0.216 0.014 0.033 0.033 0.01 0.046 0.122
237 S 0.072 0.027 0.032 0.03 0.1 0.021 0.032 0.042 0.014 0.047 0.118 0.034 0.021 0.095 0.02 0.159 0.052 0.007 0.027 0.051
238 F 0.035 0.019 0.015 0.015 0.011 0.013 0.019 0.022 0.018 0.109 0.16 0.021 0.027 0.256 0.012 0.024 0.027 0.014 0.11 0.073
239 L 0.041 0.02 0.014 0.016 0.014 0.015 0.019 0.021 0.011 0.172 0.242 0.023 0.07 0.111 0.013 0.024 0.032 0.008 0.03 0.105
240 L 0.044 0.022 0.018 0.018 0.014 0.015 0.021 0.023 0.011 0.126 0.269 0.025 0.035 0.109 0.014 0.033 0.078 0.008 0.029 0.09
241 L 0.077 0.026 0.025 0.024 0.016 0.02 0.028 0.034 0.011 0.124 0.156 0.032 0.05 0.033 0.019 0.083 0.09 0.006 0.018 0.127
242 P 0.05 0.022 0.02 0.026 0.01 0.018 0.03 0.031 0.011 0.076 0.053 0.035 0.013 0.016 0.452 0.037 0.033 0.003 0.013 0.05
243 L 0.099 0.022 0.016 0.017 0.016 0.015 0.022 0.03 0.01 0.101 0.21 0.025 0.031 0.104 0.015 0.034 0.036 0.007 0.029 0.16
244 L 0.037 0.02 0.014 0.014 0.013 0.013 0.018 0.021 0.011 0.089 0.323 0.021 0.038 0.181 0.012 0.022 0.028 0.009 0.04 0.075
245 L 0.048 0.022 0.02 0.02 0.013 0.015 0.022 0.027 0.012 0.115 0.21 0.025 0.031 0.174 0.014 0.067 0.036 0.009 0.039 0.079
246 L 0.043 0.019 0.014 0.016 0.014 0.013 0.018 0.021 0.011 0.162 0.177 0.021 0.037 0.175 0.012 0.024 0.033 0.009 0.04 0.143
247 L 0.105 0.024 0.021 0.022 0.015 0.018 0.027 0.037 0.012 0.114 0.141 0.03 0.025 0.036 0.017 0.077 0.042 0.094 0.025 0.119
248 V 0.053 0.019 0.018 0.018 0.014 0.014 0.019 0.11 0.009 0.179 0.139 0.024 0.028 0.068 0.014 0.029 0.036 0.006 0.023 0.18
249 I 0.101 0.023 0.022 0.023 0.014 0.018 0.027 0.036 0.017 0.14 0.094 0.03 0.023 0.113 0.017 0.077 0.04 0.01 0.088 0.086
250 L 0.052 0.027 0.025 0.033 0.011 0.025 0.083 0.032 0.014 0.09 0.123 0.037 0.021 0.032 0.104 0.074 0.038 0.094 0.024 0.062
251 F 0.044 0.092 0.026 0.04 0.01 0.033 0.137 0.027 0.018 0.054 0.073 0.051 0.019 0.161 0.016 0.036 0.032 0.008 0.038 0.087
252 I 0.045 0.018 0.014 0.016 0.014 0.012 0.018 0.021 0.01 0.192 0.127 0.021 0.029 0.172 0.013 0.025 0.034 0.009 0.039 0.172
253 L 0.051 0.03 0.085 0.041 0.012 0.027 0.085 0.035 0.019 0.094 0.129 0.039 0.023 0.079 0.018 0.079 0.041 0.007 0.044 0.064
254 S 0.065 0.054 0.044 0.048 0.01 0.081 0.11 0.044 0.086 0.024 0.038 0.106 0.014 0.018 0.024 0.128 0.047 0.005 0.022 0.031
255 K 0.105 0.066 0.028 0.028 0.014 0.029 0.039 0.038 0.013 0.104 0.077 0.123 0.021 0.024 0.021 0.051 0.085 0.005 0.017 0.114
256 F 0.033 0.019 0.016 0.015 0.01 0.012 0.019 0.022 0.019 0.063 0.152 0.02 0.026 0.323 0.011 0.024 0.025 0.016 0.121 0.055
257 S 0.12 0.041 0.04 0.046 0.014 0.076 0.104 0.05 0.019 0.031 0.044 0.055 0.015 0.018 0.025 0.141 0.097 0.005 0.016 0.044
258 N 0.049 0.038 0.271 0.133 0.009 0.03 0.052 0.057 0.025 0.022 0.03 0.048 0.011 0.016 0.02 0.099 0.048 0.004 0.014 0.026
259 D 0.037 0.027 0.063 0.452 0.007 0.027 0.083 0.042 0.017 0.02 0.025 0.041 0.008 0.014 0.02 0.047 0.032 0.003 0.01 0.022
260 I 0.046 0.017 0.014 0.016 0.015 0.013 0.017 0.019 0.008 0.306 0.147 0.022 0.033 0.039 0.014 0.024 0.038 0.005 0.019 0.19
261 S 0.1 0.036 0.049 0.044 0.016 0.03 0.048 0.06 0.017 0.027 0.038 0.049 0.014 0.019 0.027 0.291 0.075 0.005 0.016 0.038
262 F 0.031 0.017 0.015 0.015 0.01 0.01 0.017 0.023 0.015 0.058 0.104 0.017 0.023 0.443 0.01 0.023 0.023 0.015 0.081 0.05
263 N 0.094 0.097 0.144 0.05 0.011 0.034 0.092 0.045 0.021 0.038 0.103 0.057 0.018 0.022 0.02 0.053 0.038 0.005 0.016 0.043
264 S 0.1 0.036 0.049 0.044 0.016 0.03 0.048 0.06 0.017 0.027 0.038 0.049 0.014 0.019 0.027 0.291 0.075 0.005 0.016 0.038
265 K 0.052 0.097 0.038 0.038 0.008 0.049 0.064 0.039 0.019 0.025 0.039 0.344 0.014 0.014 0.025 0.049 0.036 0.005 0.016 0.03
266 F 0.031 0.017 0.015 0.015 0.01 0.01 0.017 0.023 0.015 0.058 0.104 0.017 0.023 0.443 0.01 0.023 0.023 0.015 0.081 0.05
267 H 0.041 0.036 0.061 0.088 0.008 0.034 0.099 0.034 0.216 0.073 0.053 0.043 0.016 0.025 0.018 0.04 0.03 0.006 0.034 0.046
268 L 0.042 0.019 0.013 0.015 0.015 0.013 0.017 0.019 0.009 0.221 0.292 0.022 0.039 0.045 0.013 0.022 0.033 0.006 0.019 0.124
269 I 0.039 0.016 0.014 0.016 0.013 0.011 0.016 0.02 0.01 0.244 0.136 0.02 0.03 0.174 0.012 0.023 0.032 0.009 0.039 0.124
270 D 0.049 0.155 0.051 0.243 0.008 0.033 0.065 0.041 0.018 0.022 0.033 0.065 0.011 0.015 0.021 0.086 0.039 0.004 0.013 0.027
271 L 0.049 0.026 0.021 0.02 0.013 0.019 0.026 0.027 0.022 0.07 0.243 0.029 0.031 0.068 0.016 0.069 0.036 0.012 0.139 0.064
272 A 0.16 0.029 0.031 0.03 0.016 0.022 0.034 0.05 0.014 0.045 0.063 0.038 0.018 0.091 0.023 0.095 0.15 0.007 0.027 0.059
273 L 0.038 0.021 0.016 0.016 0.012 0.015 0.02 0.021 0.021 0.114 0.208 0.024 0.03 0.137 0.013 0.024 0.028 0.014 0.15 0.078
274 D 0.051 0.032 0.101 0.187 0.01 0.031 0.106 0.042 0.019 0.074 0.051 0.045 0.014 0.02 0.02 0.087 0.042 0.004 0.014 0.049
275 Y 0.04 0.04 0.028 0.023 0.008 0.027 0.036 0.027 0.1 0.034 0.054 0.083 0.016 0.086 0.017 0.033 0.027 0.019 0.265 0.037
276 I 0.042 0.018 0.013 0.015 0.015 0.013 0.017 0.019 0.008 0.26 0.246 0.022 0.037 0.043 0.013 0.023 0.034 0.006 0.019 0.136
277 L 0.063 0.041 0.031 0.029 0.013 0.028 0.038 0.038 0.02 0.052 0.131 0.088 0.057 0.044 0.02 0.119 0.046 0.009 0.078 0.053
278 T 0.06 0.046 0.081 0.064 0.012 0.032 0.048 0.044 0.083 0.032 0.043 0.094 0.015 0.02 0.023 0.101 0.134 0.005 0.022 0.04
279 S 0.11 0.04 0.054 0.049 0.018 0.033 0.052 0.066 0.019 0.03 0.042 0.054 0.016 0.021 0.03 0.22 0.082 0.005 0.018 0.042
280 D 0.041 0.03 0.069 0.397 0.008 0.03 0.091 0.047 0.019 0.022 0.028 0.045 0.009 0.015 0.022 0.052 0.035 0.004 0.011 0.024
281 A 0.161 0.03 0.07 0.036 0.015 0.024 0.037 0.054 0.016 0.039 0.057 0.04 0.016 0.09 0.023 0.115 0.093 0.007 0.027 0.051
282 D 0.069 0.033 0.091 0.206 0.012 0.029 0.061 0.053 0.019 0.024 0.032 0.046 0.012 0.017 0.023 0.171 0.055 0.004 0.014 0.03
283 L 0.042 0.02 0.014 0.015 0.014 0.013 0.018 0.02 0.01 0.154 0.281 0.022 0.037 0.111 0.013 0.023 0.032 0.008 0.03 0.125
284 Y 0.043 0.026 0.026 0.051 0.011 0.022 0.065 0.027 0.024 0.09 0.078 0.033 0.02 0.126 0.016 0.039 0.076 0.014 0.148 0.064
285 N 0.054 0.039 0.154 0.118 0.011 0.071 0.056 0.047 0.021 0.04 0.05 0.05 0.027 0.019 0.02 0.091 0.046 0.005 0.016 0.065
286 I 0.05 0.017 0.014 0.016 0.016 0.013 0.018 0.02 0.008 0.275 0.141 0.022 0.032 0.038 0.014 0.025 0.039 0.005 0.019 0.219
287 L 0.037 0.02 0.014 0.014 0.013 0.013 0.018 0.021 0.011 0.089 0.323 0.021 0.038 0.181 0.012 0.022 0.028 0.009 0.04 0.075
288 L 0.037 0.02 0.014 0.014 0.013 0.013 0.018 0.021 0.011 0.089 0.323 0.021 0.038 0.181 0.012 0.022 0.028 0.009 0.04 0.075
289 G 0.071 0.021 0.036 0.031 0.01 0.017 0.023 0.555 0.012 0.017 0.026 0.031 0.009 0.015 0.017 0.047 0.027 0.005 0.01 0.022
290 V 0.059 0.021 0.016 0.016 0.016 0.016 0.022 0.022 0.013 0.131 0.109 0.024 0.027 0.047 0.015 0.03 0.042 0.008 0.079 0.287
291 G 0.071 0.021 0.036 0.031 0.01 0.017 0.023 0.555 0.012 0.017 0.026 0.031 0.009 0.015 0.017 0.047 0.027 0.005 0.01 0.022
292 L 0.043 0.021 0.014 0.017 0.014 0.015 0.02 0.022 0.009 0.13 0.319 0.025 0.037 0.042 0.101 0.025 0.032 0.006 0.019 0.09
293 G 0.071 0.021 0.036 0.031 0.01 0.017 0.023 0.555 0.012 0.017 0.026 0.031 0.009 0.015 0.017 0.047 0.027 0.005 0.01 0.022
294 N 0.039 0.041 0.379 0.076 0.008 0.031 0.045 0.059 0.029 0.02 0.029 0.049 0.01 0.016 0.018 0.063 0.045 0.004 0.014 0.025
295 A 0.27 0.031 0.032 0.033 0.018 0.026 0.04 0.068 0.015 0.035 0.049 0.043 0.015 0.019 0.027 0.148 0.055 0.005 0.016 0.054
296 V 0.053 0.018 0.014 0.016 0.016 0.014 0.019 0.021 0.008 0.243 0.136 0.023 0.031 0.036 0.014 0.026 0.041 0.005 0.019 0.248
297 D 0.039 0.035 0.219 0.243 0.007 0.031 0.079 0.05 0.023 0.02 0.027 0.046 0.01 0.015 0.02 0.056 0.039 0.004 0.012 0.024
298 V 0.104 0.022 0.017 0.018 0.016 0.017 0.024 0.03 0.014 0.144 0.104 0.027 0.025 0.046 0.017 0.036 0.04 0.008 0.078 0.212
299 I 0.042 0.017 0.013 0.016 0.015 0.013 0.016 0.019 0.008 0.299 0.199 0.022 0.035 0.042 0.013 0.023 0.035 0.006 0.019 0.148
300 G 0.071 0.021 0.036 0.031 0.01 0.017 0.023 0.555 0.012 0.017 0.026 0.031 0.009 0.015 0.017 0.047 0.027 0.005 0.01 0.022
301 I 0.046 0.025 0.017 0.018 0.015 0.021 0.022 0.023 0.012 0.173 0.17 0.029 0.169 0.043 0.014 0.029 0.036 0.007 0.021 0.11
302 G 0.071 0.021 0.036 0.031 0.01 0.017 0.023 0.555 0.012 0.017 0.026 0.031 0.009 0.015 0.017 0.047 0.027 0.005 0.01 0.022
303 A 0.355 0.028 0.023 0.027 0.02 0.023 0.037 0.071 0.013 0.039 0.054 0.04 0.016 0.02 0.027 0.077 0.045 0.005 0.016 0.063
304 H 0.038 0.042 0.049 0.035 0.007 0.035 0.049 0.035 0.414 0.021 0.035 0.042 0.014 0.028 0.017 0.038 0.024 0.007 0.052 0.021
305 N 0.049 0.04 0.324 0.07 0.009 0.031 0.045 0.059 0.027 0.022 0.03 0.049 0.011 0.017 0.02 0.101 0.05 0.004 0.015 0.027
306 L 0.039 0.021 0.013 0.014 0.014 0.014 0.018 0.02 0.01 0.097 0.378 0.022 0.041 0.115 0.012 0.022 0.029 0.008 0.03 0.081
307 L 0.093 0.021 0.016 0.018 0.015 0.016 0.022 0.029 0.011 0.161 0.179 0.026 0.065 0.106 0.015 0.033 0.035 0.007 0.029 0.101
308 L 0.048 0.021 0.014 0.015 0.016 0.015 0.019 0.02 0.009 0.12 0.328 0.023 0.04 0.044 0.014 0.025 0.035 0.006 0.02 0.17
309 T 0.072 0.033 0.041 0.036 0.016 0.026 0.038 0.043 0.013 0.045 0.056 0.043 0.017 0.021 0.025 0.119 0.275 0.005 0.016 0.06
310 L 0.038 0.018 0.014 0.015 0.013 0.012 0.017 0.02 0.011 0.167 0.23 0.021 0.034 0.178 0.012 0.023 0.03 0.009 0.04 0.099
311 L 0.047 0.02 0.014 0.015 0.015 0.014 0.019 0.021 0.009 0.151 0.226 0.022 0.034 0.108 0.013 0.025 0.035 0.007 0.03 0.176
312 I 0.046 0.018 0.014 0.016 0.015 0.013 0.017 0.019 0.008 0.267 0.194 0.022 0.035 0.04 0.014 0.024 0.037 0.005 0.019 0.178
313 E 0.05 0.045 0.037 0.082 0.007 0.059 0.36 0.032 0.023 0.02 0.033 0.069 0.012 0.015 0.023 0.05 0.033 0.005 0.015 0.028
314 T 0.064 0.031 0.033 0.03 0.016 0.024 0.033 0.037 0.013 0.061 0.138 0.038 0.058 0.03 0.022 0.1 0.181 0.006 0.018 0.067
315 G 0.071 0.021 0.036 0.031 0.01 0.017 0.023 0.555 0.012 0.017 0.026 0.031 0.009 0.015 0.017 0.047 0.027 0.005 0.01 0.022
316 L 0.042 0.022 0.015 0.016 0.014 0.016 0.02 0.022 0.011 0.134 0.243 0.025 0.092 0.111 0.013 0.026 0.033 0.008 0.03 0.106
317 I 0.04 0.017 0.014 0.016 0.014 0.012 0.017 0.02 0.009 0.252 0.191 0.021 0.034 0.109 0.013 0.023 0.033 0.007 0.029 0.13
318 G 0.064 0.02 0.032 0.028 0.01 0.016 0.022 0.466 0.013 0.024 0.039 0.028 0.011 0.086 0.016 0.043 0.026 0.007 0.022 0.027
319 L 0.037 0.02 0.014 0.014 0.013 0.013 0.018 0.021 0.011 0.089 0.323 0.021 0.038 0.181 0.012 0.022 0.028 0.009 0.04 0.075
320 F 0.051 0.023 0.023 0.022 0.014 0.016 0.024 0.028 0.011 0.12 0.109 0.027 0.025 0.145 0.017 0.045 0.127 0.008 0.035 0.13
321 L 0.044 0.021 0.013 0.014 0.101 0.014 0.018 0.021 0.009 0.094 0.37 0.022 0.04 0.045 0.013 0.025 0.031 0.006 0.019 0.081
