#Seq2Logo.py -f /work3/idamei/ssn-clusterings/2206011120/clusters/0005_184/sequences.afa -m 0.0001 -b 50 -o /work3/idamei/ssn-clusterings/2206011120/clusters/0005_184/sequences.logo -p 640x1000 -l 30
#Position Specific Frequency Matrix
A R N D C Q E G H I L K M F P S T W Y V
0 M 0.049 0.03 0.019 0.019 0.015 0.027 0.027 0.027 0.015 0.095 0.186 0.034 0.208 0.045 0.015 0.034 0.038 0.008 0.023 0.087
1 F 0.055 0.029 0.109 0.039 0.013 0.021 0.033 0.042 0.018 0.105 0.084 0.036 0.021 0.125 0.018 0.094 0.046 0.008 0.034 0.071
2 K 0.055 0.104 0.04 0.04 0.008 0.052 0.069 0.042 0.02 0.027 0.042 0.299 0.015 0.015 0.027 0.052 0.039 0.005 0.017 0.032
3 L 0.047 0.05 0.022 0.023 0.013 0.028 0.036 0.028 0.013 0.083 0.28 0.118 0.037 0.04 0.018 0.033 0.034 0.006 0.02 0.072
4 I 0.067 0.029 0.028 0.028 0.016 0.024 0.031 0.037 0.014 0.141 0.13 0.036 0.081 0.036 0.019 0.103 0.052 0.006 0.02 0.1
5 L 0.05 0.041 0.02 0.021 0.138 0.023 0.03 0.028 0.012 0.071 0.231 0.096 0.031 0.034 0.017 0.034 0.034 0.006 0.017 0.067
6 N 0.113 0.039 0.273 0.066 0.011 0.03 0.045 0.065 0.026 0.026 0.036 0.049 0.012 0.018 0.021 0.069 0.047 0.004 0.015 0.035
7 L 0.046 0.114 0.027 0.024 0.012 0.024 0.031 0.029 0.015 0.06 0.156 0.05 0.026 0.128 0.017 0.044 0.094 0.008 0.035 0.06
8 K 0.058 0.084 0.04 0.038 0.01 0.044 0.059 0.041 0.018 0.032 0.046 0.25 0.016 0.017 0.026 0.06 0.1 0.005 0.016 0.04
9 L 0.061 0.045 0.029 0.029 0.014 0.027 0.038 0.036 0.014 0.119 0.162 0.104 0.028 0.032 0.02 0.09 0.046 0.006 0.018 0.082
10 N 0.04 0.039 0.283 0.167 0.008 0.031 0.057 0.057 0.027 0.021 0.029 0.049 0.01 0.016 0.02 0.062 0.043 0.004 0.014 0.025
11 D 0.073 0.034 0.06 0.231 0.012 0.031 0.07 0.055 0.018 0.025 0.034 0.048 0.012 0.017 0.025 0.147 0.057 0.004 0.014 0.032
12 I 0.041 0.017 0.014 0.017 0.014 0.012 0.017 0.021 0.01 0.249 0.146 0.021 0.032 0.137 0.013 0.024 0.034 0.008 0.036 0.138
13 L 0.049 0.024 0.02 0.02 0.016 0.017 0.023 0.025 0.01 0.145 0.26 0.028 0.037 0.042 0.017 0.039 0.097 0.006 0.02 0.104
14 F 0.039 0.045 0.03 0.027 0.009 0.027 0.038 0.031 0.111 0.042 0.073 0.1 0.019 0.222 0.016 0.035 0.028 0.011 0.059 0.039
15 W 0.046 0.025 0.017 0.017 0.012 0.019 0.024 0.025 0.02 0.08 0.106 0.027 0.067 0.065 0.013 0.029 0.033 0.14 0.116 0.118
16 L 0.051 0.019 0.02 0.02 0.014 0.015 0.019 0.149 0.01 0.188 0.189 0.025 0.031 0.038 0.015 0.03 0.034 0.006 0.018 0.112
17 L 0.049 0.024 0.02 0.02 0.016 0.017 0.023 0.025 0.01 0.145 0.26 0.028 0.037 0.042 0.017 0.039 0.097 0.006 0.02 0.104
18 L 0.115 0.023 0.016 0.018 0.017 0.017 0.023 0.033 0.01 0.143 0.259 0.028 0.036 0.041 0.017 0.037 0.037 0.006 0.02 0.103
19 L 0.051 0.019 0.02 0.02 0.014 0.015 0.019 0.149 0.01 0.188 0.189 0.025 0.031 0.038 0.015 0.03 0.034 0.006 0.018 0.112
20 L 0.042 0.023 0.013 0.014 0.015 0.015 0.019 0.02 0.01 0.109 0.411 0.024 0.047 0.052 0.013 0.023 0.032 0.007 0.021 0.091
21 V 0.055 0.02 0.015 0.016 0.017 0.015 0.02 0.022 0.008 0.183 0.204 0.024 0.035 0.04 0.015 0.027 0.041 0.006 0.02 0.22
22 L 0.049 0.021 0.014 0.016 0.016 0.015 0.019 0.021 0.009 0.171 0.276 0.024 0.04 0.045 0.014 0.025 0.037 0.006 0.02 0.165
23 F 0.042 0.021 0.017 0.017 0.012 0.014 0.021 0.024 0.021 0.079 0.101 0.022 0.024 0.25 0.013 0.027 0.03 0.016 0.136 0.115
24 M 0.054 0.031 0.024 0.023 0.016 0.026 0.029 0.03 0.015 0.084 0.155 0.036 0.161 0.04 0.018 0.047 0.101 0.007 0.021 0.082
25 P 0.054 0.024 0.022 0.029 0.01 0.02 0.034 0.034 0.012 0.024 0.034 0.039 0.01 0.012 0.522 0.041 0.034 0.002 0.012 0.029
26 L 0.053 0.027 0.028 0.025 0.015 0.019 0.028 0.031 0.013 0.067 0.16 0.032 0.027 0.129 0.019 0.055 0.158 0.008 0.035 0.069
27 H 0.04 0.043 0.05 0.036 0.007 0.036 0.05 0.036 0.392 0.022 0.036 0.043 0.014 0.029 0.018 0.04 0.025 0.007 0.054 0.022
28 F 0.044 0.113 0.027 0.024 0.011 0.023 0.031 0.03 0.017 0.048 0.08 0.048 0.02 0.22 0.016 0.044 0.092 0.011 0.05 0.05
29 Y 0.042 0.027 0.018 0.017 0.012 0.021 0.025 0.023 0.028 0.071 0.181 0.029 0.073 0.086 0.015 0.029 0.031 0.017 0.189 0.067
30 I 0.049 0.019 0.014 0.016 0.016 0.014 0.019 0.021 0.008 0.222 0.213 0.023 0.037 0.042 0.014 0.025 0.038 0.006 0.02 0.184
31 F 0.039 0.017 0.016 0.016 0.136 0.01 0.017 0.026 0.014 0.055 0.096 0.018 0.022 0.321 0.011 0.028 0.027 0.013 0.066 0.052
32 D 0.045 0.038 0.052 0.258 0.007 0.045 0.211 0.038 0.021 0.021 0.031 0.057 0.01 0.015 0.023 0.051 0.034 0.004 0.013 0.026
33 L 0.186 0.026 0.019 0.021 0.018 0.02 0.029 0.047 0.012 0.075 0.233 0.033 0.032 0.036 0.021 0.052 0.039 0.006 0.019 0.078
34 L 0.045 0.021 0.015 0.015 0.015 0.014 0.02 0.022 0.011 0.108 0.263 0.023 0.037 0.14 0.013 0.025 0.033 0.009 0.036 0.136
35 L 0.049 0.024 0.02 0.02 0.016 0.017 0.023 0.025 0.01 0.145 0.26 0.028 0.037 0.042 0.017 0.039 0.097 0.006 0.02 0.104
36 P 0.054 0.044 0.026 0.032 0.009 0.027 0.042 0.036 0.014 0.025 0.036 0.109 0.011 0.013 0.398 0.044 0.035 0.003 0.013 0.03
37 G 0.059 0.026 0.054 0.218 0.009 0.024 0.058 0.281 0.016 0.02 0.028 0.039 0.009 0.015 0.02 0.051 0.032 0.005 0.011 0.024
38 W 0.058 0.028 0.031 0.028 0.013 0.02 0.031 0.039 0.015 0.042 0.065 0.033 0.018 0.13 0.018 0.099 0.103 0.137 0.045 0.047
39 K 0.066 0.085 0.042 0.041 0.01 0.046 0.062 0.046 0.019 0.027 0.04 0.252 0.015 0.016 0.027 0.104 0.047 0.005 0.016 0.033
40 L 0.042 0.022 0.015 0.016 0.014 0.016 0.02 0.021 0.018 0.143 0.261 0.025 0.036 0.067 0.014 0.025 0.032 0.011 0.104 0.098
41 D 0.039 0.028 0.065 0.432 0.007 0.028 0.086 0.044 0.018 0.021 0.026 0.042 0.009 0.014 0.021 0.049 0.033 0.003 0.011 0.023
42 N 0.04 0.042 0.356 0.078 0.008 0.032 0.047 0.062 0.03 0.021 0.03 0.051 0.011 0.017 0.019 0.066 0.047 0.004 0.015 0.025
43 L 0.043 0.02 0.014 0.016 0.015 0.014 0.018 0.02 0.009 0.211 0.285 0.023 0.041 0.047 0.014 0.023 0.035 0.006 0.02 0.129
44 W 0.038 0.021 0.015 0.015 0.01 0.015 0.022 0.027 0.013 0.06 0.068 0.022 0.018 0.051 0.009 0.024 0.028 0.392 0.053 0.099
45 R 0.042 0.382 0.037 0.029 0.007 0.046 0.049 0.031 0.022 0.022 0.044 0.113 0.015 0.016 0.018 0.042 0.033 0.005 0.016 0.029
46 D 0.042 0.033 0.058 0.345 0.007 0.036 0.149 0.041 0.019 0.021 0.028 0.05 0.01 0.014 0.022 0.05 0.034 0.004 0.012 0.025
47 L 0.047 0.023 0.016 0.017 0.015 0.017 0.021 0.023 0.012 0.105 0.207 0.025 0.077 0.138 0.014 0.028 0.035 0.009 0.037 0.135
48 L 0.049 0.021 0.014 0.016 0.016 0.015 0.019 0.021 0.009 0.171 0.276 0.024 0.04 0.045 0.014 0.025 0.037 0.006 0.02 0.165
49 L 0.043 0.02 0.014 0.016 0.015 0.014 0.018 0.02 0.009 0.211 0.285 0.023 0.041 0.047 0.014 0.023 0.035 0.006 0.02 0.129
50 I 0.05 0.018 0.014 0.017 0.016 0.013 0.018 0.02 0.008 0.273 0.15 0.023 0.033 0.04 0.014 0.025 0.04 0.005 0.019 0.203
51 L 0.115 0.023 0.016 0.018 0.017 0.017 0.023 0.033 0.01 0.143 0.259 0.028 0.036 0.041 0.017 0.037 0.037 0.006 0.02 0.103
52 G 0.074 0.028 0.034 0.031 0.014 0.022 0.031 0.206 0.014 0.052 0.157 0.036 0.024 0.029 0.02 0.11 0.046 0.006 0.016 0.052
53 I 0.113 0.02 0.017 0.019 0.015 0.015 0.022 0.034 0.012 0.181 0.12 0.026 0.027 0.131 0.016 0.038 0.037 0.008 0.035 0.113
54 L 0.054 0.022 0.014 0.016 0.017 0.015 0.021 0.022 0.009 0.132 0.267 0.024 0.038 0.043 0.014 0.027 0.039 0.006 0.02 0.201
55 L 0.12 0.021 0.017 0.019 0.141 0.016 0.022 0.036 0.01 0.126 0.172 0.027 0.028 0.033 0.018 0.041 0.038 0.005 0.017 0.094
56 I 0.121 0.021 0.017 0.02 0.017 0.016 0.023 0.034 0.01 0.205 0.124 0.028 0.029 0.034 0.018 0.04 0.042 0.005 0.019 0.177
57 L 0.043 0.021 0.014 0.015 0.015 0.015 0.018 0.02 0.009 0.16 0.348 0.023 0.044 0.049 0.014 0.023 0.033 0.006 0.021 0.11
58 F 0.112 0.042 0.024 0.025 0.012 0.024 0.035 0.041 0.016 0.047 0.078 0.099 0.02 0.22 0.019 0.045 0.033 0.01 0.05 0.05
59 F 0.038 0.017 0.015 0.016 0.013 0.011 0.017 0.022 0.012 0.186 0.133 0.02 0.029 0.232 0.012 0.024 0.031 0.011 0.052 0.109
60 N 0.044 0.142 0.197 0.056 0.008 0.04 0.052 0.049 0.025 0.023 0.036 0.134 0.013 0.016 0.021 0.056 0.041 0.005 0.016 0.028
61 K 0.122 0.07 0.035 0.048 0.011 0.046 0.127 0.047 0.019 0.028 0.043 0.188 0.014 0.016 0.026 0.058 0.039 0.005 0.016 0.039
62 G 0.078 0.023 0.039 0.033 0.011 0.019 0.025 0.515 0.013 0.019 0.028 0.033 0.009 0.016 0.019 0.051 0.029 0.005 0.011 0.024
63 K 0.059 0.073 0.039 0.039 0.009 0.094 0.064 0.165 0.02 0.024 0.038 0.189 0.014 0.015 0.023 0.051 0.035 0.005 0.016 0.03
64 I 0.044 0.017 0.014 0.017 0.015 0.013 0.017 0.019 0.008 0.312 0.158 0.022 0.035 0.042 0.014 0.024 0.038 0.006 0.019 0.167
65 K 0.046 0.064 0.041 0.132 0.008 0.037 0.062 0.037 0.025 0.029 0.043 0.177 0.014 0.042 0.022 0.045 0.034 0.01 0.1 0.032
66 L 0.04 0.019 0.014 0.016 0.013 0.014 0.018 0.022 0.01 0.19 0.194 0.022 0.033 0.048 0.012 0.023 0.032 0.135 0.031 0.113
67 G 0.06 0.024 0.04 0.131 0.009 0.021 0.042 0.288 0.014 0.02 0.028 0.036 0.009 0.014 0.145 0.047 0.031 0.004 0.011 0.025
68 R 0.062 0.138 0.036 0.033 0.012 0.038 0.048 0.04 0.019 0.043 0.077 0.129 0.063 0.024 0.022 0.098 0.046 0.006 0.018 0.047
69 L 0.057 0.03 0.032 0.028 0.014 0.024 0.034 0.035 0.107 0.118 0.161 0.035 0.028 0.035 0.018 0.088 0.043 0.006 0.028 0.08
70 G 0.076 0.026 0.037 0.035 0.012 0.022 0.033 0.293 0.014 0.022 0.032 0.038 0.011 0.016 0.146 0.101 0.042 0.004 0.012 0.029
71 L 0.047 0.021 0.02 0.019 0.012 0.015 0.02 0.151 0.011 0.117 0.161 0.025 0.026 0.041 0.013 0.029 0.03 0.135 0.029 0.077
72 P 0.06 0.03 0.111 0.043 0.013 0.024 0.037 0.044 0.017 0.096 0.065 0.041 0.017 0.023 0.146 0.099 0.049 0.004 0.016 0.065
73 I 0.044 0.018 0.014 0.016 0.015 0.013 0.017 0.02 0.009 0.261 0.222 0.023 0.038 0.044 0.014 0.023 0.036 0.006 0.02 0.148
74 I 0.059 0.022 0.023 0.024 0.016 0.017 0.025 0.03 0.011 0.241 0.129 0.029 0.03 0.036 0.017 0.084 0.048 0.005 0.019 0.135
75 V 0.06 0.021 0.015 0.016 0.017 0.015 0.021 0.022 0.008 0.144 0.195 0.024 0.034 0.038 0.015 0.029 0.043 0.006 0.02 0.255
76 N 0.076 0.042 0.189 0.065 0.013 0.033 0.05 0.065 0.025 0.026 0.036 0.053 0.013 0.019 0.025 0.148 0.065 0.005 0.016 0.034
77 L 0.045 0.021 0.014 0.016 0.016 0.015 0.019 0.021 0.009 0.196 0.274 0.024 0.043 0.049 0.014 0.024 0.036 0.006 0.021 0.135
78 L 0.171 0.027 0.02 0.022 0.019 0.021 0.03 0.049 0.012 0.079 0.22 0.035 0.033 0.038 0.022 0.054 0.041 0.006 0.02 0.082
79 A 0.283 0.031 0.026 0.03 0.022 0.026 0.041 0.079 0.015 0.044 0.06 0.045 0.018 0.022 0.03 0.086 0.05 0.005 0.018 0.069
80 L 0.044 0.024 0.017 0.018 0.014 0.019 0.022 0.024 0.014 0.14 0.159 0.027 0.119 0.139 0.014 0.029 0.034 0.009 0.037 0.098
81 G 0.061 0.021 0.026 0.024 0.011 0.016 0.023 0.282 0.012 0.055 0.057 0.027 0.015 0.03 0.015 0.037 0.031 0.134 0.026 0.096
82 L 0.123 0.023 0.022 0.023 0.015 0.017 0.025 0.163 0.011 0.12 0.163 0.03 0.027 0.032 0.018 0.044 0.036 0.006 0.017 0.086
83 V 0.061 0.02 0.015 0.017 0.017 0.015 0.021 0.022 0.008 0.195 0.132 0.024 0.031 0.036 0.015 0.029 0.044 0.005 0.019 0.274
84 G 0.134 0.025 0.029 0.028 0.14 0.02 0.029 0.171 0.012 0.038 0.051 0.034 0.015 0.019 0.022 0.064 0.1 0.005 0.014 0.052
85 G 0.064 0.022 0.029 0.026 0.012 0.017 0.023 0.362 0.012 0.049 0.153 0.029 0.022 0.028 0.017 0.04 0.029 0.006 0.014 0.046
86 I 0.05 0.018 0.014 0.017 0.016 0.013 0.018 0.02 0.008 0.273 0.15 0.023 0.033 0.04 0.014 0.025 0.04 0.005 0.019 0.203
87 Y 0.039 0.031 0.028 0.022 0.008 0.024 0.032 0.027 0.131 0.036 0.057 0.033 0.017 0.1 0.016 0.032 0.026 0.022 0.281 0.038
88 L 0.136 0.031 0.032 0.031 0.017 0.024 0.036 0.049 0.014 0.057 0.142 0.04 0.024 0.029 0.024 0.114 0.111 0.006 0.018 0.066
89 F 0.115 0.041 0.023 0.025 0.013 0.024 0.035 0.04 0.014 0.11 0.091 0.1 0.022 0.125 0.019 0.045 0.037 0.008 0.034 0.079
90 F 0.042 0.019 0.015 0.015 0.137 0.012 0.018 0.025 0.012 0.068 0.172 0.02 0.028 0.228 0.012 0.027 0.028 0.011 0.05 0.062
91 S 0.086 0.032 0.04 0.036 0.017 0.026 0.04 0.047 0.014 0.065 0.066 0.042 0.02 0.024 0.024 0.162 0.123 0.005 0.017 0.114
92 D 0.039 0.035 0.134 0.244 0.007 0.031 0.067 0.046 0.114 0.021 0.03 0.045 0.011 0.018 0.02 0.051 0.035 0.005 0.022 0.023
93 R 0.044 0.219 0.118 0.045 0.008 0.096 0.061 0.041 0.025 0.023 0.04 0.091 0.015 0.016 0.019 0.051 0.038 0.005 0.017 0.029
94 L 0.041 0.023 0.018 0.019 0.011 0.016 0.024 0.025 0.02 0.059 0.154 0.028 0.025 0.152 0.14 0.029 0.029 0.013 0.118 0.054
95 P 0.12 0.023 0.019 0.022 0.015 0.017 0.028 0.039 0.012 0.07 0.08 0.031 0.02 0.122 0.144 0.044 0.038 0.007 0.033 0.114
96 G 0.06 0.026 0.028 0.028 0.013 0.02 0.029 0.158 0.012 0.05 0.133 0.034 0.021 0.025 0.145 0.05 0.096 0.005 0.015 0.052
97 A 0.193 0.027 0.026 0.027 0.018 0.022 0.033 0.052 0.012 0.111 0.083 0.037 0.022 0.026 0.024 0.068 0.105 0.005 0.017 0.091
98 L 0.114 0.025 0.016 0.018 0.017 0.017 0.024 0.034 0.011 0.092 0.322 0.028 0.039 0.044 0.017 0.037 0.035 0.006 0.02 0.084
99 N 0.04 0.042 0.356 0.078 0.008 0.032 0.047 0.062 0.03 0.021 0.03 0.051 0.011 0.017 0.019 0.066 0.047 0.004 0.015 0.025
100 L 0.043 0.02 0.014 0.016 0.015 0.014 0.018 0.02 0.009 0.211 0.285 0.023 0.041 0.047 0.014 0.023 0.035 0.006 0.02 0.129
101 L 0.112 0.023 0.017 0.018 0.015 0.016 0.024 0.035 0.012 0.08 0.246 0.027 0.034 0.136 0.016 0.038 0.034 0.009 0.036 0.075
102 R 0.042 0.382 0.037 0.029 0.007 0.046 0.049 0.031 0.022 0.022 0.044 0.113 0.015 0.016 0.018 0.042 0.033 0.005 0.016 0.029
103 T 0.063 0.029 0.034 0.031 0.016 0.023 0.032 0.036 0.012 0.116 0.086 0.038 0.023 0.027 0.023 0.071 0.226 0.006 0.017 0.092
104 Y 0.038 0.026 0.021 0.018 0.009 0.021 0.026 0.023 0.044 0.041 0.065 0.029 0.018 0.123 0.015 0.029 0.026 0.026 0.356 0.044
105 L 0.057 0.03 0.029 0.026 0.016 0.023 0.03 0.032 0.013 0.076 0.18 0.036 0.073 0.035 0.02 0.058 0.162 0.006 0.019 0.078
106 I 0.048 0.021 0.016 0.017 0.015 0.016 0.021 0.023 0.012 0.156 0.144 0.025 0.074 0.136 0.014 0.028 0.037 0.009 0.036 0.154
107 P 0.054 0.024 0.022 0.029 0.01 0.02 0.034 0.034 0.012 0.024 0.034 0.039 0.01 0.012 0.522 0.041 0.034 0.002 0.012 0.029
108 C 0.127 0.027 0.025 0.024 0.141 0.022 0.029 0.043 0.012 0.057 0.091 0.035 0.065 0.027 0.021 0.06 0.102 0.006 0.017 0.068
109 L 0.048 0.022 0.014 0.015 0.016 0.015 0.02 0.021 0.009 0.12 0.339 0.024 0.043 0.047 0.014 0.025 0.035 0.006 0.021 0.146
110 I 0.116 0.02 0.016 0.02 0.017 0.015 0.022 0.033 0.01 0.244 0.133 0.027 0.03 0.036 0.017 0.038 0.04 0.005 0.019 0.141
111 Y 0.037 0.024 0.019 0.017 0.009 0.018 0.024 0.024 0.037 0.046 0.075 0.027 0.019 0.198 0.014 0.028 0.026 0.024 0.288 0.046
112 F 0.033 0.02 0.017 0.016 0.01 0.013 0.02 0.024 0.023 0.055 0.097 0.021 0.022 0.347 0.011 0.025 0.025 0.019 0.152 0.05
113 I 0.05 0.018 0.014 0.017 0.016 0.013 0.018 0.02 0.008 0.273 0.15 0.023 0.033 0.04 0.014 0.025 0.04 0.005 0.019 0.203
114 V 0.136 0.026 0.026 0.027 0.018 0.021 0.032 0.045 0.012 0.134 0.094 0.035 0.024 0.029 0.021 0.1 0.052 0.005 0.018 0.145
115 K 0.049 0.059 0.027 0.028 0.012 0.032 0.042 0.03 0.014 0.169 0.1 0.171 0.025 0.028 0.02 0.037 0.038 0.005 0.018 0.099
116 N 0.056 0.041 0.279 0.07 0.01 0.032 0.047 0.062 0.027 0.023 0.032 0.051 0.012 0.018 0.021 0.115 0.054 0.004 0.015 0.029
117 I 0.054 0.017 0.015 0.016 0.14 0.013 0.018 0.023 0.008 0.205 0.125 0.022 0.029 0.034 0.015 0.029 0.039 0.005 0.017 0.174
118 D 0.044 0.138 0.124 0.145 0.008 0.039 0.062 0.044 0.022 0.023 0.035 0.131 0.012 0.016 0.021 0.052 0.038 0.005 0.015 0.027
119 F 0.04 0.04 0.021 0.021 0.011 0.021 0.03 0.027 0.015 0.064 0.167 0.095 0.027 0.227 0.015 0.03 0.029 0.011 0.051 0.056
120 D 0.056 0.119 0.054 0.235 0.01 0.033 0.068 0.045 0.019 0.023 0.034 0.062 0.012 0.016 0.022 0.101 0.044 0.004 0.014 0.029
121 D 0.047 0.14 0.045 0.146 0.007 0.046 0.135 0.037 0.021 0.022 0.036 0.136 0.013 0.015 0.022 0.048 0.035 0.005 0.015 0.028
122 K 0.053 0.08 0.04 0.052 0.008 0.105 0.142 0.038 0.023 0.024 0.04 0.199 0.015 0.015 0.025 0.051 0.037 0.005 0.017 0.031
123 R 0.042 0.221 0.032 0.028 0.008 0.038 0.046 0.032 0.02 0.032 0.059 0.141 0.017 0.117 0.018 0.04 0.032 0.008 0.033 0.035
124 L 0.039 0.021 0.016 0.016 0.012 0.015 0.02 0.022 0.019 0.131 0.185 0.023 0.031 0.16 0.013 0.025 0.03 0.014 0.12 0.088
125 L 0.067 0.028 0.03 0.028 0.014 0.023 0.03 0.162 0.014 0.062 0.166 0.035 0.07 0.033 0.019 0.092 0.044 0.006 0.018 0.06
126 L 0.043 0.025 0.099 0.032 0.014 0.018 0.025 0.03 0.014 0.189 0.189 0.03 0.032 0.038 0.015 0.034 0.038 0.006 0.019 0.112
127 L 0.043 0.021 0.014 0.015 0.015 0.015 0.018 0.02 0.009 0.16 0.348 0.023 0.044 0.049 0.014 0.023 0.033 0.006 0.021 0.11
128 F 0.045 0.052 0.112 0.055 0.008 0.038 0.117 0.04 0.022 0.032 0.053 0.115 0.015 0.117 0.02 0.048 0.036 0.008 0.033 0.034
129 K 0.051 0.163 0.039 0.038 0.008 0.101 0.07 0.038 0.022 0.025 0.042 0.209 0.016 0.015 0.023 0.049 0.037 0.005 0.017 0.031
130 F 0.119 0.024 0.024 0.024 0.016 0.018 0.028 0.04 0.013 0.116 0.096 0.031 0.023 0.127 0.019 0.054 0.099 0.008 0.034 0.088
131 L 0.039 0.027 0.023 0.02 0.012 0.019 0.027 0.025 0.107 0.075 0.241 0.027 0.033 0.138 0.014 0.027 0.028 0.009 0.045 0.064
132 V 0.069 0.024 0.027 0.025 0.016 0.019 0.026 0.156 0.01 0.095 0.083 0.031 0.022 0.026 0.019 0.049 0.103 0.005 0.016 0.178
133 Y 0.047 0.023 0.018 0.017 0.013 0.017 0.023 0.022 0.026 0.137 0.103 0.026 0.025 0.081 0.015 0.028 0.034 0.016 0.188 0.141
134 T 0.064 0.034 0.034 0.043 0.015 0.032 0.108 0.035 0.015 0.069 0.07 0.045 0.02 0.024 0.023 0.065 0.165 0.005 0.017 0.118
135 A 0.184 0.025 0.019 0.022 0.017 0.018 0.028 0.048 0.013 0.063 0.158 0.031 0.026 0.128 0.02 0.052 0.037 0.008 0.034 0.068
136 A 0.197 0.024 0.02 0.022 0.143 0.019 0.028 0.05 0.011 0.07 0.074 0.032 0.02 0.023 0.022 0.057 0.044 0.005 0.016 0.123
137 I 0.044 0.017 0.014 0.017 0.015 0.013 0.017 0.019 0.008 0.312 0.158 0.022 0.035 0.042 0.014 0.024 0.038 0.006 0.019 0.167
138 L 0.049 0.021 0.014 0.016 0.016 0.015 0.019 0.021 0.009 0.171 0.276 0.024 0.04 0.045 0.014 0.025 0.037 0.006 0.02 0.165
139 A 0.266 0.027 0.027 0.029 0.018 0.023 0.035 0.19 0.014 0.035 0.049 0.039 0.015 0.019 0.025 0.072 0.042 0.005 0.015 0.054
140 L 0.043 0.02 0.014 0.016 0.015 0.014 0.018 0.02 0.009 0.211 0.285 0.023 0.041 0.047 0.014 0.023 0.035 0.006 0.02 0.129
141 Y 0.034 0.023 0.018 0.016 0.009 0.016 0.023 0.025 0.03 0.043 0.072 0.025 0.018 0.181 0.012 0.026 0.025 0.147 0.215 0.042
142 G 0.074 0.022 0.037 0.032 0.01 0.018 0.024 0.538 0.013 0.018 0.027 0.032 0.009 0.015 0.018 0.048 0.028 0.005 0.01 0.023
143 L 0.044 0.024 0.017 0.018 0.014 0.019 0.022 0.024 0.014 0.14 0.159 0.027 0.119 0.139 0.014 0.029 0.034 0.009 0.037 0.098
144 F 0.043 0.02 0.015 0.016 0.013 0.013 0.019 0.023 0.012 0.096 0.187 0.021 0.031 0.232 0.012 0.025 0.032 0.011 0.052 0.126
145 Q 0.053 0.069 0.042 0.044 0.008 0.259 0.097 0.039 0.028 0.025 0.044 0.086 0.019 0.014 0.022 0.053 0.039 0.006 0.019 0.033
146 A 0.33 0.029 0.024 0.028 0.02 0.024 0.038 0.074 0.014 0.041 0.056 0.042 0.017 0.02 0.028 0.08 0.047 0.005 0.017 0.065
147 F 0.031 0.019 0.016 0.016 0.009 0.011 0.019 0.025 0.016 0.052 0.093 0.019 0.022 0.33 0.009 0.023 0.023 0.142 0.079 0.046
148 V 0.055 0.019 0.015 0.017 0.017 0.014 0.019 0.021 0.008 0.234 0.141 0.023 0.032 0.038 0.015 0.027 0.042 0.005 0.019 0.238
149 L 0.042 0.023 0.013 0.014 0.015 0.015 0.019 0.02 0.01 0.109 0.411 0.024 0.047 0.052 0.013 0.023 0.032 0.007 0.021 0.091
150 G 0.069 0.041 0.037 0.034 0.01 0.026 0.035 0.414 0.014 0.02 0.03 0.104 0.01 0.015 0.02 0.049 0.03 0.005 0.012 0.025
151 D 0.046 0.032 0.048 0.244 0.008 0.034 0.136 0.039 0.018 0.022 0.03 0.049 0.01 0.014 0.147 0.048 0.034 0.004 0.012 0.026
152 D 0.051 0.037 0.052 0.235 0.008 0.083 0.073 0.166 0.019 0.021 0.031 0.051 0.011 0.014 0.021 0.05 0.033 0.004 0.013 0.026
153 F 0.032 0.018 0.016 0.016 0.01 0.01 0.018 0.024 0.016 0.06 0.108 0.018 0.024 0.422 0.01 0.024 0.024 0.016 0.084 0.052
154 L 0.042 0.023 0.013 0.014 0.015 0.015 0.019 0.02 0.01 0.109 0.411 0.024 0.047 0.052 0.013 0.023 0.032 0.007 0.021 0.091
155 I 0.05 0.018 0.014 0.017 0.016 0.013 0.018 0.02 0.008 0.273 0.15 0.023 0.033 0.04 0.014 0.025 0.04 0.005 0.019 0.203
156 K 0.117 0.063 0.029 0.03 0.011 0.035 0.048 0.046 0.017 0.03 0.047 0.175 0.015 0.027 0.022 0.051 0.036 0.134 0.028 0.039
157 L 0.043 0.02 0.014 0.016 0.015 0.014 0.018 0.02 0.009 0.211 0.285 0.023 0.041 0.047 0.014 0.023 0.035 0.006 0.02 0.129
158 G 0.074 0.022 0.037 0.032 0.01 0.018 0.024 0.538 0.013 0.018 0.027 0.032 0.009 0.015 0.018 0.048 0.028 0.005 0.01 0.023
159 Y 0.038 0.026 0.021 0.018 0.009 0.021 0.026 0.023 0.044 0.041 0.065 0.029 0.018 0.123 0.015 0.029 0.026 0.026 0.356 0.044
160 P 0.05 0.119 0.03 0.043 0.008 0.036 0.113 0.033 0.018 0.023 0.037 0.066 0.012 0.014 0.272 0.044 0.034 0.004 0.014 0.029
161 S 0.152 0.035 0.042 0.039 0.018 0.028 0.044 0.06 0.016 0.037 0.049 0.047 0.016 0.021 0.028 0.174 0.123 0.005 0.017 0.053
162 N 0.046 0.05 0.198 0.072 0.008 0.096 0.132 0.049 0.028 0.022 0.035 0.065 0.013 0.016 0.021 0.059 0.042 0.005 0.016 0.028
163 D 0.041 0.03 0.069 0.397 0.008 0.03 0.091 0.047 0.019 0.022 0.028 0.045 0.009 0.015 0.022 0.052 0.035 0.004 0.011 0.024
164 G 0.065 0.027 0.117 0.043 0.01 0.021 0.03 0.419 0.017 0.019 0.027 0.037 0.009 0.016 0.018 0.053 0.033 0.005 0.011 0.024
165 G 0.055 0.045 0.118 0.06 0.008 0.092 0.126 0.168 0.024 0.021 0.034 0.06 0.013 0.015 0.021 0.055 0.037 0.005 0.015 0.028
166 F 0.051 0.025 0.023 0.021 0.013 0.018 0.026 0.028 0.02 0.077 0.089 0.029 0.022 0.15 0.017 0.043 0.097 0.013 0.119 0.118
167 L 0.042 0.023 0.013 0.014 0.015 0.015 0.019 0.02 0.01 0.109 0.411 0.024 0.047 0.052 0.013 0.023 0.032 0.007 0.021 0.091
168 A 0.117 0.043 0.024 0.025 0.013 0.027 0.037 0.039 0.021 0.105 0.08 0.103 0.021 0.05 0.021 0.046 0.037 0.01 0.102 0.077
169 S 0.104 0.038 0.051 0.046 0.017 0.031 0.049 0.063 0.018 0.028 0.04 0.051 0.015 0.02 0.028 0.264 0.077 0.005 0.017 0.04
170 T 0.054 0.038 0.122 0.046 0.012 0.03 0.043 0.045 0.112 0.036 0.047 0.045 0.016 0.023 0.022 0.07 0.163 0.006 0.026 0.045
171 S 0.16 0.036 0.044 0.042 0.017 0.03 0.047 0.065 0.017 0.031 0.044 0.049 0.015 0.02 0.028 0.218 0.07 0.005 0.017 0.046
172 F 0.033 0.02 0.017 0.016 0.01 0.013 0.02 0.024 0.023 0.055 0.097 0.021 0.022 0.347 0.011 0.025 0.025 0.019 0.152 0.05
173 Y 0.037 0.024 0.019 0.017 0.009 0.018 0.024 0.024 0.037 0.046 0.075 0.027 0.019 0.198 0.014 0.028 0.026 0.024 0.288 0.046
174 I 0.044 0.017 0.014 0.017 0.015 0.013 0.017 0.019 0.008 0.312 0.158 0.022 0.035 0.042 0.014 0.024 0.038 0.006 0.019 0.167
175 S 0.096 0.034 0.048 0.043 0.015 0.028 0.043 0.181 0.017 0.025 0.036 0.046 0.013 0.019 0.025 0.21 0.065 0.005 0.015 0.035
176 H 0.048 0.038 0.047 0.035 0.008 0.031 0.044 0.161 0.297 0.021 0.034 0.04 0.013 0.025 0.018 0.042 0.026 0.007 0.043 0.022
177 F 0.032 0.018 0.016 0.016 0.01 0.01 0.018 0.024 0.016 0.06 0.108 0.018 0.024 0.422 0.01 0.024 0.024 0.016 0.084 0.052
178 F 0.033 0.02 0.017 0.016 0.01 0.013 0.02 0.024 0.023 0.055 0.097 0.021 0.022 0.347 0.011 0.025 0.025 0.019 0.152 0.05
179 G 0.074 0.022 0.037 0.032 0.01 0.018 0.024 0.538 0.013 0.018 0.027 0.032 0.009 0.015 0.018 0.048 0.028 0.005 0.01 0.023
180 R 0.046 0.131 0.034 0.044 0.008 0.097 0.127 0.032 0.03 0.027 0.047 0.075 0.016 0.042 0.02 0.044 0.033 0.011 0.102 0.034
181 Q 0.053 0.069 0.042 0.044 0.008 0.259 0.097 0.039 0.028 0.025 0.044 0.086 0.019 0.014 0.022 0.053 0.039 0.006 0.019 0.033
182 R 0.057 0.296 0.04 0.033 0.01 0.042 0.049 0.039 0.021 0.023 0.043 0.098 0.015 0.017 0.021 0.098 0.044 0.005 0.016 0.032
183 V 0.075 0.025 0.024 0.024 0.018 0.02 0.029 0.033 0.01 0.123 0.102 0.031 0.026 0.03 0.019 0.089 0.054 0.005 0.019 0.243
184 T 0.068 0.03 0.035 0.031 0.017 0.023 0.033 0.037 0.012 0.077 0.077 0.038 0.021 0.025 0.023 0.073 0.229 0.005 0.017 0.128
185 G 0.089 0.03 0.044 0.039 0.013 0.025 0.037 0.3 0.015 0.023 0.033 0.041 0.012 0.017 0.023 0.156 0.053 0.005 0.013 0.031
186 T 0.069 0.033 0.041 0.035 0.017 0.026 0.037 0.041 0.013 0.05 0.061 0.043 0.019 0.022 0.026 0.087 0.289 0.006 0.017 0.067
187 F 0.032 0.018 0.016 0.016 0.01 0.01 0.018 0.024 0.016 0.06 0.108 0.018 0.024 0.422 0.01 0.024 0.024 0.016 0.084 0.052
188 V 0.142 0.027 0.027 0.027 0.018 0.022 0.033 0.046 0.012 0.095 0.085 0.036 0.023 0.027 0.022 0.102 0.054 0.005 0.018 0.181
189 A 0.217 0.034 0.038 0.037 0.018 0.028 0.044 0.068 0.016 0.034 0.048 0.047 0.016 0.02 0.028 0.172 0.062 0.005 0.017 0.052
190 P 0.054 0.024 0.022 0.029 0.01 0.02 0.034 0.034 0.012 0.024 0.034 0.039 0.01 0.012 0.522 0.041 0.034 0.002 0.012 0.029
191 N 0.04 0.042 0.356 0.078 0.008 0.032 0.047 0.062 0.03 0.021 0.03 0.051 0.011 0.017 0.019 0.066 0.047 0.004 0.015 0.025
192 L 0.043 0.025 0.099 0.032 0.014 0.018 0.025 0.03 0.014 0.189 0.189 0.03 0.032 0.038 0.015 0.034 0.038 0.006 0.019 0.112
193 C 0.126 0.023 0.018 0.019 0.265 0.018 0.024 0.04 0.011 0.055 0.091 0.029 0.064 0.026 0.018 0.048 0.039 0.005 0.016 0.065
194 G 0.074 0.022 0.037 0.032 0.01 0.018 0.024 0.538 0.013 0.018 0.027 0.032 0.009 0.015 0.018 0.048 0.028 0.005 0.01 0.023
195 L 0.121 0.022 0.017 0.019 0.017 0.017 0.024 0.034 0.01 0.154 0.187 0.028 0.032 0.037 0.018 0.039 0.041 0.006 0.019 0.158
196 Y 0.047 0.023 0.018 0.017 0.013 0.017 0.023 0.022 0.026 0.137 0.103 0.026 0.025 0.081 0.015 0.028 0.034 0.016 0.188 0.141
197 F 0.036 0.021 0.017 0.017 0.011 0.014 0.02 0.025 0.016 0.069 0.127 0.022 0.07 0.328 0.011 0.026 0.027 0.014 0.069 0.061
198 G 0.202 0.025 0.031 0.03 0.015 0.021 0.031 0.306 0.013 0.029 0.041 0.037 0.013 0.018 0.023 0.064 0.038 0.005 0.013 0.044
199 I 0.052 0.024 0.017 0.018 0.016 0.02 0.023 0.024 0.012 0.164 0.163 0.029 0.12 0.042 0.015 0.031 0.04 0.006 0.021 0.163
200 V 0.142 0.027 0.027 0.027 0.018 0.022 0.033 0.046 0.012 0.095 0.085 0.036 0.023 0.027 0.022 0.102 0.054 0.005 0.018 0.181
201 L 0.052 0.023 0.021 0.02 0.014 0.018 0.022 0.151 0.011 0.133 0.195 0.028 0.075 0.039 0.015 0.032 0.034 0.006 0.018 0.092
202 L 0.048 0.018 0.014 0.016 0.14 0.013 0.017 0.022 0.008 0.194 0.197 0.022 0.033 0.039 0.014 0.027 0.035 0.005 0.018 0.119
203 V 0.123 0.024 0.018 0.02 0.017 0.02 0.026 0.036 0.011 0.151 0.131 0.031 0.072 0.035 0.018 0.042 0.042 0.006 0.02 0.157
204 L 0.042 0.023 0.013 0.014 0.015 0.015 0.019 0.02 0.01 0.109 0.411 0.024 0.047 0.052 0.013 0.023 0.032 0.007 0.021 0.091
205 L 0.041 0.019 0.014 0.016 0.014 0.013 0.018 0.021 0.011 0.198 0.209 0.022 0.035 0.139 0.013 0.024 0.033 0.008 0.036 0.119
206 F 0.051 0.025 0.026 0.024 0.011 0.018 0.028 0.033 0.024 0.047 0.08 0.029 0.02 0.247 0.016 0.085 0.038 0.016 0.135 0.047
207 R 0.065 0.118 0.036 0.032 0.014 0.029 0.038 0.038 0.015 0.103 0.076 0.057 0.021 0.025 0.022 0.104 0.109 0.005 0.017 0.076
208 D 0.042 0.041 0.034 0.126 0.01 0.025 0.047 0.032 0.015 0.105 0.083 0.1 0.021 0.123 0.018 0.037 0.033 0.007 0.033 0.068
209 H 0.042 0.046 0.054 0.039 0.008 0.039 0.054 0.039 0.348 0.023 0.039 0.046 0.015 0.031 0.019 0.042 0.027 0.008 0.058 0.023
210 L 0.053 0.032 0.02 0.02 0.016 0.028 0.028 0.028 0.016 0.101 0.199 0.036 0.152 0.049 0.016 0.036 0.041 0.008 0.024 0.093
211 D 0.043 0.135 0.051 0.233 0.007 0.038 0.072 0.04 0.019 0.023 0.034 0.129 0.012 0.015 0.022 0.048 0.034 0.004 0.013 0.027
212 D 0.05 0.038 0.125 0.158 0.01 0.037 0.127 0.045 0.021 0.028 0.038 0.052 0.013 0.017 0.023 0.064 0.101 0.005 0.014 0.036
213 W 0.041 0.033 0.023 0.023 0.01 0.077 0.04 0.028 0.024 0.102 0.079 0.04 0.022 0.059 0.014 0.032 0.031 0.14 0.115 0.068
214 K 0.054 0.101 0.039 0.039 0.008 0.05 0.067 0.041 0.02 0.026 0.041 0.319 0.015 0.015 0.026 0.05 0.037 0.005 0.016 0.031
215 P 0.057 0.026 0.023 0.031 0.01 0.021 0.036 0.036 0.013 0.026 0.036 0.041 0.01 0.013 0.494 0.044 0.036 0.003 0.013 0.031
216 A 0.128 0.034 0.113 0.043 0.014 0.027 0.04 0.055 0.026 0.033 0.047 0.043 0.015 0.045 0.022 0.11 0.049 0.01 0.101 0.043
217 G 0.046 0.117 0.111 0.038 0.008 0.027 0.035 0.165 0.02 0.022 0.038 0.054 0.012 0.026 0.016 0.044 0.032 0.134 0.026 0.027
218 R 0.063 0.206 0.035 0.03 0.012 0.035 0.043 0.037 0.017 0.057 0.063 0.076 0.018 0.022 0.02 0.095 0.047 0.005 0.017 0.102
219 L 0.048 0.022 0.016 0.016 0.014 0.016 0.021 0.022 0.017 0.154 0.189 0.025 0.032 0.063 0.014 0.027 0.036 0.011 0.104 0.153
220 V 0.126 0.023 0.017 0.019 0.018 0.018 0.025 0.035 0.01 0.115 0.178 0.029 0.031 0.035 0.018 0.041 0.043 0.006 0.019 0.194
221 L 0.039 0.023 0.014 0.014 0.013 0.015 0.02 0.022 0.011 0.089 0.321 0.023 0.039 0.053 0.012 0.023 0.029 0.135 0.032 0.075
222 G 0.078 0.023 0.039 0.034 0.011 0.019 0.026 0.51 0.014 0.019 0.028 0.034 0.009 0.016 0.019 0.051 0.03 0.005 0.011 0.024
223 F 0.117 0.022 0.023 0.023 0.013 0.015 0.025 0.165 0.015 0.045 0.075 0.027 0.018 0.22 0.016 0.044 0.031 0.011 0.049 0.048
224 F 0.057 0.026 0.025 0.024 0.014 0.02 0.028 0.033 0.014 0.124 0.123 0.031 0.07 0.132 0.017 0.086 0.044 0.008 0.036 0.086
225 L 0.046 0.025 0.016 0.017 0.015 0.02 0.022 0.023 0.012 0.153 0.235 0.029 0.124 0.046 0.014 0.029 0.036 0.007 0.021 0.108
226 L 0.049 0.021 0.014 0.016 0.016 0.015 0.019 0.021 0.009 0.171 0.276 0.024 0.04 0.045 0.014 0.025 0.037 0.006 0.02 0.165
227 V 0.118 0.021 0.017 0.019 0.016 0.016 0.024 0.035 0.011 0.142 0.111 0.027 0.026 0.129 0.017 0.04 0.039 0.008 0.035 0.148
228 G 0.202 0.025 0.031 0.03 0.015 0.021 0.031 0.306 0.013 0.029 0.041 0.037 0.013 0.018 0.023 0.064 0.038 0.005 0.013 0.044
229 L 0.041 0.024 0.015 0.016 0.014 0.017 0.021 0.023 0.013 0.093 0.279 0.025 0.081 0.143 0.013 0.026 0.031 0.009 0.037 0.08
230 A 0.194 0.027 0.021 0.023 0.019 0.023 0.031 0.049 0.013 0.083 0.105 0.036 0.068 0.03 0.022 0.056 0.045 0.006 0.019 0.132
231 G 0.129 0.027 0.029 0.027 0.016 0.021 0.03 0.168 0.012 0.054 0.139 0.035 0.023 0.027 0.021 0.06 0.099 0.006 0.016 0.061
232 T 0.069 0.033 0.041 0.035 0.017 0.026 0.037 0.041 0.013 0.05 0.061 0.043 0.019 0.022 0.026 0.087 0.289 0.006 0.017 0.067
233 F 0.032 0.018 0.016 0.016 0.01 0.01 0.018 0.024 0.016 0.06 0.108 0.018 0.024 0.422 0.01 0.024 0.024 0.016 0.084 0.052
234 S 0.104 0.038 0.051 0.046 0.017 0.031 0.049 0.063 0.018 0.028 0.04 0.051 0.015 0.02 0.028 0.264 0.077 0.005 0.017 0.04
235 R 0.042 0.382 0.037 0.029 0.007 0.046 0.049 0.031 0.022 0.022 0.044 0.113 0.015 0.016 0.018 0.042 0.033 0.005 0.016 0.029
236 S 0.104 0.038 0.051 0.046 0.017 0.031 0.049 0.063 0.018 0.028 0.04 0.051 0.015 0.02 0.028 0.264 0.077 0.005 0.017 0.04
237 A 0.274 0.031 0.031 0.033 0.019 0.026 0.041 0.071 0.015 0.038 0.052 0.044 0.016 0.02 0.028 0.126 0.055 0.005 0.017 0.059
238 L 0.046 0.025 0.016 0.017 0.015 0.02 0.022 0.023 0.012 0.153 0.235 0.029 0.124 0.046 0.014 0.029 0.036 0.007 0.021 0.108
239 L 0.049 0.021 0.014 0.016 0.016 0.015 0.019 0.021 0.009 0.171 0.276 0.024 0.04 0.045 0.014 0.025 0.037 0.006 0.02 0.165
240 G 0.081 0.026 0.04 0.035 0.012 0.021 0.03 0.419 0.014 0.02 0.03 0.037 0.01 0.016 0.02 0.102 0.04 0.005 0.012 0.027
241 F 0.05 0.026 0.028 0.026 0.013 0.018 0.028 0.032 0.014 0.055 0.085 0.03 0.021 0.222 0.018 0.056 0.157 0.011 0.05 0.059
242 G 0.128 0.024 0.023 0.023 0.016 0.018 0.026 0.164 0.011 0.081 0.154 0.031 0.025 0.03 0.019 0.046 0.038 0.006 0.017 0.122
243 G 0.058 0.019 0.021 0.02 0.138 0.014 0.02 0.154 0.011 0.069 0.08 0.023 0.02 0.122 0.015 0.035 0.033 0.008 0.031 0.11
244 A 0.21 0.029 0.034 0.033 0.017 0.024 0.038 0.187 0.015 0.032 0.045 0.042 0.014 0.019 0.025 0.118 0.05 0.005 0.015 0.048
245 L 0.051 0.023 0.015 0.016 0.017 0.016 0.021 0.022 0.009 0.128 0.305 0.025 0.042 0.047 0.015 0.026 0.038 0.006 0.021 0.159
246 L 0.052 0.021 0.015 0.016 0.017 0.015 0.02 0.022 0.009 0.188 0.228 0.024 0.038 0.044 0.015 0.027 0.04 0.006 0.021 0.185
247 C 0.066 0.016 0.016 0.016 0.478 0.012 0.016 0.033 0.008 0.045 0.066 0.021 0.016 0.021 0.016 0.041 0.037 0.004 0.012 0.057
248 G 0.079 0.023 0.039 0.034 0.011 0.019 0.026 0.505 0.014 0.019 0.029 0.034 0.009 0.016 0.019 0.052 0.03 0.005 0.011 0.025
249 I 0.048 0.018 0.015 0.018 0.016 0.013 0.018 0.021 0.009 0.264 0.17 0.024 0.037 0.045 0.015 0.025 0.04 0.006 0.021 0.178
250 I 0.048 0.018 0.015 0.018 0.016 0.013 0.018 0.021 0.009 0.264 0.17 0.024 0.037 0.045 0.015 0.025 0.04 0.006 0.021 0.178
251 Y 0.041 0.028 0.022 0.019 0.009 0.022 0.028 0.025 0.047 0.044 0.069 0.032 0.019 0.132 0.016 0.032 0.028 0.028 0.311 0.047
252 N 0.043 0.045 0.31 0.084 0.009 0.034 0.05 0.066 0.032 0.023 0.032 0.054 0.011 0.018 0.02 0.07 0.05 0.005 0.016 0.027
253 I 0.048 0.02 0.016 0.017 0.014 0.015 0.02 0.021 0.017 0.205 0.126 0.025 0.029 0.06 0.015 0.027 0.037 0.011 0.104 0.172
254 V 0.059 0.018 0.015 0.016 0.141 0.014 0.019 0.024 0.008 0.166 0.116 0.023 0.027 0.032 0.015 0.031 0.041 0.005 0.017 0.21
255 F 0.031 0.019 0.016 0.016 0.009 0.011 0.019 0.025 0.016 0.052 0.093 0.019 0.022 0.33 0.009 0.023 0.023 0.142 0.079 0.046
256 F 0.036 0.021 0.016 0.016 0.011 0.014 0.02 0.023 0.021 0.067 0.173 0.022 0.028 0.255 0.012 0.025 0.026 0.016 0.136 0.06
257 F 0.043 0.036 0.024 0.024 0.011 0.079 0.042 0.028 0.026 0.055 0.101 0.042 0.067 0.151 0.016 0.035 0.032 0.014 0.121 0.054
258 R 0.042 0.382 0.037 0.029 0.007 0.046 0.049 0.031 0.022 0.022 0.044 0.113 0.015 0.016 0.018 0.042 0.033 0.005 0.016 0.029
259 N 0.047 0.072 0.197 0.059 0.008 0.041 0.057 0.051 0.025 0.024 0.035 0.185 0.013 0.016 0.023 0.058 0.042 0.005 0.016 0.028
260 S 0.076 0.048 0.039 0.037 0.014 0.031 0.046 0.046 0.016 0.099 0.07 0.111 0.02 0.024 0.024 0.151 0.057 0.005 0.017 0.069
261 L 0.061 0.029 0.03 0.028 0.014 0.022 0.032 0.038 0.014 0.054 0.14 0.035 0.024 0.038 0.019 0.099 0.105 0.135 0.03 0.056
262 G 0.067 0.064 0.04 0.037 0.01 0.036 0.048 0.279 0.017 0.023 0.035 0.159 0.012 0.016 0.023 0.052 0.034 0.005 0.014 0.028
263 L 0.045 0.021 0.014 0.016 0.016 0.015 0.019 0.021 0.009 0.196 0.274 0.024 0.043 0.049 0.014 0.024 0.036 0.006 0.021 0.135
264 N 0.043 0.045 0.31 0.084 0.009 0.034 0.05 0.066 0.032 0.023 0.032 0.054 0.011 0.018 0.02 0.07 0.05 0.005 0.016 0.027
265 K 0.058 0.108 0.042 0.042 0.009 0.054 0.072 0.044 0.021 0.028 0.044 0.271 0.016 0.016 0.028 0.054 0.04 0.005 0.017 0.033
266 F 0.034 0.019 0.017 0.017 0.011 0.011 0.019 0.026 0.017 0.064 0.115 0.019 0.026 0.381 0.011 0.026 0.026 0.017 0.09 0.056
267 S 0.111 0.041 0.055 0.049 0.018 0.034 0.053 0.067 0.019 0.03 0.042 0.055 0.016 0.021 0.03 0.212 0.083 0.005 0.018 0.042
268 K 0.058 0.108 0.042 0.042 0.009 0.054 0.072 0.044 0.021 0.028 0.044 0.271 0.016 0.016 0.028 0.054 0.04 0.005 0.017 0.033
269 W 0.031 0.023 0.015 0.015 0.008 0.015 0.023 0.031 0.015 0.031 0.054 0.023 0.015 0.061 0.008 0.023 0.023 0.487 0.069 0.031
270 L 0.043 0.04 0.021 0.022 0.012 0.022 0.03 0.026 0.013 0.127 0.179 0.096 0.03 0.132 0.016 0.03 0.033 0.008 0.035 0.085
271 K 0.063 0.066 0.036 0.035 0.012 0.037 0.051 0.041 0.017 0.047 0.133 0.178 0.023 0.025 0.023 0.097 0.046 0.005 0.018 0.048
272 G 0.06 0.045 0.033 0.03 0.013 0.027 0.037 0.16 0.014 0.051 0.135 0.104 0.022 0.026 0.021 0.052 0.097 0.006 0.016 0.053
273 R 0.07 0.119 0.036 0.032 0.015 0.03 0.039 0.039 0.015 0.064 0.067 0.058 0.019 0.023 0.022 0.106 0.112 0.005 0.017 0.112
274 K 0.066 0.085 0.042 0.041 0.01 0.046 0.062 0.046 0.019 0.027 0.04 0.252 0.015 0.016 0.027 0.104 0.047 0.005 0.016 0.033
275 L 0.052 0.044 0.027 0.026 0.014 0.026 0.035 0.03 0.013 0.124 0.168 0.102 0.029 0.033 0.02 0.046 0.099 0.006 0.018 0.089
276 T 0.07 0.037 0.122 0.049 0.015 0.029 0.043 0.051 0.018 0.037 0.048 0.047 0.016 0.02 0.025 0.126 0.176 0.005 0.016 0.05
277 I 0.049 0.019 0.014 0.016 0.016 0.014 0.019 0.021 0.008 0.222 0.213 0.023 0.037 0.042 0.014 0.025 0.038 0.006 0.02 0.184
278 L 0.045 0.025 0.014 0.015 0.016 0.016 0.02 0.022 0.01 0.117 0.369 0.026 0.05 0.055 0.014 0.025 0.034 0.007 0.023 0.097
279 Q 0.056 0.074 0.045 0.048 0.009 0.207 0.104 0.042 0.03 0.027 0.048 0.092 0.021 0.015 0.024 0.056 0.042 0.006 0.021 0.036
280 A 0.283 0.031 0.026 0.03 0.022 0.026 0.041 0.079 0.015 0.044 0.06 0.045 0.018 0.022 0.03 0.086 0.05 0.005 0.018 0.069
281 I 0.048 0.018 0.015 0.018 0.016 0.013 0.018 0.021 0.009 0.264 0.17 0.024 0.037 0.045 0.015 0.025 0.04 0.006 0.021 0.178
282 N 0.043 0.045 0.31 0.084 0.009 0.034 0.05 0.066 0.032 0.023 0.032 0.054 0.011 0.018 0.02 0.07 0.05 0.005 0.016 0.027
283 S 0.111 0.041 0.055 0.049 0.018 0.034 0.053 0.067 0.019 0.03 0.042 0.055 0.016 0.021 0.03 0.212 0.083 0.005 0.018 0.042
284 D 0.041 0.03 0.07 0.391 0.008 0.03 0.092 0.047 0.019 0.023 0.028 0.045 0.009 0.015 0.023 0.053 0.036 0.004 0.011 0.025
285 G 0.079 0.023 0.039 0.034 0.011 0.019 0.026 0.505 0.014 0.019 0.029 0.034 0.009 0.016 0.019 0.052 0.03 0.005 0.011 0.025
286 K 0.05 0.154 0.033 0.032 0.01 0.043 0.052 0.035 0.019 0.042 0.078 0.196 0.063 0.023 0.021 0.044 0.036 0.006 0.018 0.045
287 L 0.069 0.027 0.03 0.028 0.14 0.021 0.03 0.039 0.012 0.057 0.143 0.034 0.024 0.028 0.021 0.103 0.108 0.005 0.016 0.063
288 L 0.045 0.112 0.02 0.019 0.012 0.023 0.028 0.026 0.013 0.079 0.157 0.046 0.026 0.04 0.014 0.029 0.033 0.135 0.03 0.115
289 L 0.048 0.022 0.016 0.016 0.014 0.016 0.021 0.022 0.017 0.154 0.189 0.025 0.032 0.063 0.014 0.027 0.036 0.011 0.104 0.153
290 I 0.04 0.018 0.014 0.016 0.013 0.013 0.018 0.022 0.01 0.241 0.131 0.022 0.03 0.046 0.012 0.023 0.034 0.134 0.031 0.132
291 F 0.044 0.018 0.015 0.016 0.013 0.012 0.019 0.023 0.012 0.147 0.124 0.021 0.028 0.23 0.012 0.026 0.033 0.011 0.052 0.145
292 P 0.133 0.027 0.028 0.03 0.015 0.022 0.035 0.048 0.013 0.101 0.072 0.039 0.019 0.023 0.148 0.102 0.049 0.005 0.016 0.075
293 L 0.115 0.023 0.016 0.018 0.017 0.017 0.023 0.033 0.01 0.143 0.259 0.028 0.036 0.041 0.017 0.037 0.037 0.006 0.02 0.103
294 I 0.121 0.021 0.017 0.02 0.017 0.016 0.023 0.034 0.01 0.205 0.124 0.028 0.029 0.034 0.018 0.04 0.042 0.005 0.019 0.177
295 A 0.19 0.024 0.02 0.022 0.017 0.018 0.029 0.049 0.013 0.074 0.086 0.032 0.022 0.124 0.02 0.054 0.041 0.008 0.034 0.123
296 V 0.062 0.021 0.02 0.02 0.015 0.016 0.022 0.151 0.009 0.109 0.171 0.026 0.029 0.034 0.016 0.033 0.038 0.006 0.018 0.184
297 I 0.122 0.024 0.023 0.024 0.017 0.019 0.027 0.038 0.011 0.179 0.109 0.032 0.026 0.032 0.02 0.054 0.103 0.005 0.018 0.116
298 F 0.049 0.019 0.016 0.016 0.014 0.013 0.02 0.024 0.012 0.108 0.115 0.021 0.027 0.228 0.013 0.028 0.035 0.011 0.052 0.181
299 L 0.039 0.022 0.014 0.015 0.014 0.014 0.019 0.021 0.011 0.097 0.335 0.022 0.041 0.144 0.013 0.023 0.03 0.009 0.037 0.081
300 S 0.111 0.041 0.055 0.049 0.018 0.034 0.053 0.067 0.019 0.03 0.042 0.055 0.016 0.021 0.03 0.212 0.083 0.005 0.018 0.042
301 V 0.062 0.021 0.02 0.02 0.015 0.016 0.022 0.151 0.009 0.109 0.171 0.026 0.029 0.034 0.016 0.033 0.038 0.006 0.018 0.184
302 I 0.049 0.019 0.014 0.016 0.016 0.014 0.019 0.021 0.008 0.222 0.213 0.023 0.037 0.042 0.014 0.025 0.038 0.006 0.02 0.184
303 D 0.037 0.029 0.125 0.239 0.008 0.025 0.059 0.043 0.02 0.031 0.048 0.038 0.013 0.117 0.018 0.047 0.034 0.007 0.03 0.031
304 Y 0.038 0.022 0.018 0.017 0.011 0.016 0.022 0.023 0.028 0.114 0.099 0.025 0.023 0.178 0.013 0.027 0.029 0.019 0.204 0.077
305 L 0.05 0.024 0.015 0.016 0.016 0.018 0.022 0.022 0.01 0.117 0.283 0.027 0.083 0.046 0.014 0.028 0.037 0.007 0.021 0.145
306 L 0.042 0.025 0.016 0.016 0.013 0.017 0.022 0.022 0.021 0.088 0.288 0.026 0.038 0.077 0.014 0.026 0.03 0.014 0.129 0.077
307 P 0.042 0.113 0.022 0.022 0.01 0.024 0.031 0.028 0.015 0.046 0.135 0.049 0.021 0.034 0.14 0.032 0.03 0.134 0.028 0.044
308 D 0.046 0.051 0.052 0.247 0.007 0.042 0.144 0.04 0.02 0.022 0.032 0.119 0.011 0.015 0.023 0.05 0.035 0.004 0.013 0.027
309 G 0.073 0.031 0.12 0.047 0.011 0.025 0.036 0.3 0.018 0.021 0.031 0.041 0.011 0.017 0.021 0.107 0.045 0.005 0.013 0.028
310 L 0.048 0.022 0.014 0.015 0.016 0.015 0.02 0.021 0.009 0.12 0.339 0.024 0.043 0.047 0.014 0.025 0.035 0.006 0.021 0.146
311 F 0.038 0.017 0.015 0.016 0.013 0.011 0.017 0.022 0.012 0.186 0.133 0.02 0.029 0.232 0.012 0.024 0.031 0.011 0.052 0.109
312 L 0.047 0.023 0.021 0.021 0.014 0.016 0.023 0.026 0.012 0.133 0.185 0.027 0.031 0.134 0.016 0.039 0.096 0.008 0.035 0.094
313 R 0.041 0.209 0.123 0.142 0.008 0.038 0.058 0.042 0.023 0.022 0.036 0.08 0.012 0.016 0.019 0.05 0.036 0.005 0.015 0.027
314 M 0.049 0.03 0.019 0.019 0.015 0.027 0.027 0.027 0.015 0.095 0.186 0.034 0.208 0.045 0.015 0.034 0.038 0.008 0.023 0.087
315 L 0.045 0.035 0.02 0.022 0.014 0.076 0.039 0.025 0.014 0.088 0.319 0.039 0.04 0.042 0.016 0.03 0.033 0.006 0.021 0.076
316 L 0.041 0.042 0.022 0.022 0.011 0.024 0.033 0.027 0.022 0.059 0.156 0.098 0.026 0.153 0.016 0.032 0.03 0.013 0.119 0.054
317 S 0.104 0.038 0.051 0.046 0.017 0.031 0.049 0.063 0.018 0.028 0.04 0.051 0.015 0.02 0.028 0.264 0.077 0.005 0.017 0.04
318 S 0.095 0.037 0.049 0.043 0.017 0.03 0.046 0.057 0.017 0.034 0.045 0.049 0.016 0.02 0.028 0.22 0.13 0.005 0.017 0.046
319 Y 0.044 0.023 0.018 0.017 0.011 0.017 0.023 0.024 0.028 0.074 0.09 0.025 0.022 0.176 0.014 0.028 0.031 0.018 0.204 0.113
320 L 0.057 0.027 0.025 0.024 0.014 0.021 0.028 0.033 0.015 0.073 0.186 0.032 0.073 0.135 0.017 0.086 0.043 0.009 0.036 0.067
