#Seq2Logo.py -f /work3/idamei/ssn-clusterings/clustering/2205111339/clusters/0191_19/sequences.afa -o /work3/idamei/ssn-clusterings/clustering/2205111339/clusters/0191_19/sequences.logo
#Position Specific Frequency Matrix
A R N D C Q E G H I L K M F P S T W Y V
0 L 0.051 0.031 0.02 0.02 0.016 0.027 0.027 0.027 0.016 0.098 0.191 0.035 0.184 0.047 0.016 0.035 0.039 0.008 0.023 0.09
1 G 0.099 0.078 0.039 0.088 0.013 0.028 0.044 0.153 0.029 0.039 0.091 0.051 0.018 0.023 0.021 0.078 0.041 0.005 0.017 0.044
2 A 0.097 0.085 0.082 0.048 0.012 0.036 0.084 0.084 0.055 0.044 0.05 0.059 0.016 0.021 0.022 0.083 0.045 0.005 0.02 0.052
3 L 0.053 0.025 0.031 0.096 0.012 0.02 0.038 0.123 0.013 0.057 0.164 0.034 0.025 0.03 0.132 0.039 0.033 0.005 0.016 0.053
4 R 0.089 0.15 0.028 0.042 0.012 0.03 0.04 0.039 0.017 0.046 0.113 0.065 0.022 0.033 0.018 0.044 0.035 0.099 0.027 0.05
5 F 0.107 0.101 0.024 0.023 0.015 0.025 0.033 0.039 0.015 0.075 0.104 0.05 0.024 0.113 0.019 0.045 0.039 0.008 0.035 0.106
6 Y 0.04 0.028 0.022 0.019 0.009 0.022 0.028 0.025 0.047 0.044 0.068 0.031 0.019 0.131 0.016 0.031 0.028 0.028 0.318 0.047
7 G 0.129 0.023 0.03 0.028 0.132 0.019 0.027 0.284 0.012 0.031 0.045 0.033 0.013 0.018 0.021 0.057 0.036 0.005 0.013 0.043
8 P 0.129 0.042 0.037 0.039 0.014 0.075 0.058 0.055 0.019 0.031 0.046 0.057 0.016 0.017 0.145 0.102 0.052 0.005 0.017 0.044
9 G 0.051 0.023 0.023 0.021 0.011 0.017 0.023 0.188 0.013 0.055 0.153 0.027 0.025 0.044 0.013 0.033 0.028 0.169 0.034 0.05
10 P 0.065 0.029 0.031 0.032 0.012 0.023 0.037 0.044 0.016 0.028 0.043 0.039 0.014 0.031 0.178 0.097 0.047 0.168 0.033 0.034
11 S 0.088 0.143 0.049 0.043 0.014 0.038 0.052 0.055 0.02 0.027 0.043 0.076 0.016 0.02 0.026 0.164 0.066 0.005 0.017 0.038
12 E 0.051 0.041 0.032 0.065 0.01 0.048 0.207 0.03 0.02 0.053 0.151 0.058 0.025 0.029 0.022 0.045 0.035 0.006 0.018 0.053
13 G 0.062 0.023 0.031 0.027 0.01 0.018 0.024 0.352 0.014 0.023 0.036 0.03 0.011 0.031 0.015 0.042 0.027 0.169 0.03 0.026
14 R 0.047 0.156 0.134 0.053 0.008 0.1 0.068 0.046 0.028 0.024 0.041 0.088 0.016 0.017 0.021 0.056 0.042 0.005 0.018 0.031
15 C 0.143 0.023 0.019 0.021 0.176 0.018 0.027 0.045 0.01 0.084 0.084 0.03 0.022 0.026 0.021 0.053 0.045 0.005 0.017 0.133
16 S 0.171 0.037 0.044 0.042 0.019 0.03 0.048 0.07 0.018 0.034 0.047 0.051 0.016 0.021 0.03 0.178 0.071 0.005 0.017 0.051
17 R 0.055 0.134 0.032 0.029 0.014 0.03 0.036 0.032 0.015 0.117 0.093 0.063 0.024 0.028 0.02 0.054 0.108 0.006 0.018 0.092
18 R 0.074 0.137 0.036 0.032 0.015 0.033 0.042 0.041 0.017 0.072 0.072 0.066 0.021 0.025 0.022 0.1 0.055 0.005 0.018 0.115
19 R 0.044 0.349 0.039 0.031 0.008 0.048 0.052 0.033 0.023 0.023 0.046 0.12 0.015 0.017 0.019 0.044 0.035 0.006 0.017 0.031
20 G 0.081 0.037 0.044 0.057 0.012 0.039 0.126 0.205 0.019 0.023 0.035 0.054 0.013 0.018 0.025 0.11 0.049 0.005 0.015 0.032
21 L 0.128 0.026 0.018 0.02 0.018 0.019 0.027 0.04 0.012 0.091 0.272 0.032 0.039 0.043 0.019 0.044 0.039 0.006 0.021 0.087
22 A 0.159 0.035 0.041 0.038 0.019 0.029 0.044 0.062 0.016 0.042 0.055 0.048 0.018 0.022 0.029 0.134 0.127 0.005 0.017 0.06
23 R 0.077 0.193 0.046 0.04 0.013 0.041 0.052 0.05 0.021 0.026 0.044 0.087 0.016 0.019 0.025 0.133 0.058 0.005 0.017 0.036
24 A 0.173 0.04 0.033 0.06 0.014 0.045 0.169 0.057 0.02 0.033 0.048 0.06 0.015 0.019 0.028 0.07 0.043 0.005 0.017 0.05
25 A 0.171 0.032 0.023 0.025 0.019 0.027 0.034 0.053 0.015 0.072 0.128 0.04 0.089 0.035 0.023 0.06 0.045 0.007 0.021 0.081
26 R 0.045 0.346 0.039 0.031 0.008 0.048 0.052 0.033 0.023 0.023 0.046 0.12 0.015 0.017 0.019 0.045 0.035 0.006 0.017 0.031
27 G 0.068 0.065 0.04 0.038 0.01 0.036 0.048 0.277 0.017 0.023 0.036 0.156 0.012 0.016 0.023 0.052 0.035 0.005 0.014 0.029
28 P 0.051 0.025 0.019 0.023 0.013 0.018 0.028 0.029 0.011 0.071 0.206 0.033 0.03 0.034 0.254 0.034 0.035 0.005 0.018 0.064
29 R 0.051 0.226 0.04 0.036 0.008 0.051 0.061 0.038 0.022 0.025 0.045 0.199 0.015 0.016 0.023 0.049 0.037 0.005 0.017 0.032
30 Y 0.048 0.051 0.033 0.033 0.009 0.119 0.065 0.033 0.038 0.035 0.058 0.061 0.02 0.073 0.02 0.044 0.035 0.017 0.169 0.041
31 L 0.05 0.049 0.029 0.031 0.012 0.116 0.061 0.031 0.02 0.071 0.212 0.058 0.035 0.035 0.019 0.04 0.037 0.006 0.021 0.066
32 P 0.049 0.027 0.023 0.025 0.01 0.021 0.032 0.031 0.03 0.035 0.052 0.036 0.014 0.072 0.255 0.038 0.032 0.015 0.166 0.039
33 R 0.044 0.195 0.178 0.057 0.008 0.041 0.051 0.049 0.027 0.023 0.039 0.087 0.013 0.018 0.02 0.057 0.042 0.005 0.017 0.029
34 A 0.169 0.024 0.02 0.024 0.019 0.019 0.029 0.049 0.012 0.157 0.114 0.034 0.027 0.033 0.022 0.055 0.045 0.006 0.019 0.123
35 G 0.078 0.023 0.039 0.034 0.011 0.019 0.026 0.511 0.013 0.019 0.028 0.034 0.009 0.016 0.019 0.051 0.03 0.005 0.011 0.024
36 R 0.045 0.346 0.039 0.031 0.008 0.048 0.052 0.033 0.023 0.023 0.046 0.12 0.015 0.017 0.019 0.045 0.035 0.006 0.017 0.031
37 C 0.065 0.016 0.016 0.016 0.484 0.012 0.016 0.032 0.008 0.045 0.065 0.02 0.016 0.02 0.016 0.041 0.037 0.004 0.012 0.057
38 G 0.094 0.031 0.047 0.041 0.014 0.026 0.039 0.288 0.016 0.024 0.035 0.044 0.013 0.019 0.024 0.136 0.056 0.005 0.014 0.033
39 K 0.083 0.074 0.048 0.045 0.013 0.043 0.062 0.055 0.02 0.029 0.043 0.166 0.016 0.018 0.029 0.137 0.061 0.005 0.017 0.037
40 Q 0.056 0.074 0.044 0.047 0.009 0.211 0.103 0.041 0.03 0.027 0.047 0.092 0.021 0.015 0.024 0.056 0.041 0.006 0.021 0.035
41 G 0.06 0.034 0.046 0.036 0.009 0.029 0.039 0.274 0.185 0.021 0.033 0.04 0.012 0.023 0.019 0.047 0.028 0.006 0.034 0.024
42 W 0.037 0.023 0.015 0.015 0.012 0.016 0.021 0.026 0.013 0.073 0.214 0.024 0.032 0.058 0.011 0.023 0.028 0.25 0.045 0.063
43 G 0.184 0.027 0.032 0.032 0.016 0.022 0.033 0.294 0.014 0.031 0.044 0.039 0.013 0.019 0.024 0.068 0.04 0.005 0.014 0.047
44 P 0.065 0.031 0.033 0.034 0.014 0.024 0.038 0.04 0.013 0.04 0.051 0.043 0.015 0.018 0.261 0.068 0.142 0.004 0.015 0.051
45 R 0.043 0.196 0.046 0.035 0.008 0.043 0.053 0.036 0.189 0.023 0.042 0.083 0.015 0.024 0.019 0.043 0.031 0.007 0.037 0.027
46 G 0.078 0.023 0.039 0.034 0.011 0.019 0.026 0.511 0.013 0.019 0.028 0.034 0.009 0.016 0.019 0.051 0.03 0.005 0.011 0.024
47 A 0.291 0.031 0.026 0.03 0.022 0.026 0.04 0.078 0.015 0.043 0.059 0.044 0.017 0.022 0.03 0.085 0.05 0.005 0.017 0.069
48 G 0.068 0.065 0.04 0.038 0.01 0.036 0.048 0.277 0.017 0.023 0.036 0.156 0.012 0.016 0.023 0.052 0.035 0.005 0.014 0.029
49 T 0.091 0.038 0.049 0.043 0.018 0.03 0.046 0.055 0.016 0.041 0.053 0.05 0.018 0.022 0.029 0.157 0.165 0.006 0.018 0.056
50 G 0.094 0.031 0.047 0.041 0.014 0.026 0.039 0.288 0.016 0.024 0.035 0.044 0.013 0.019 0.024 0.136 0.056 0.005 0.014 0.033
51 A 0.182 0.033 0.034 0.034 0.02 0.027 0.04 0.061 0.014 0.048 0.062 0.045 0.019 0.023 0.029 0.089 0.148 0.006 0.018 0.07
52 E 0.055 0.05 0.04 0.09 0.007 0.064 0.297 0.035 0.026 0.022 0.037 0.075 0.013 0.017 0.026 0.055 0.037 0.005 0.017 0.031
53 V 0.07 0.022 0.016 0.018 0.019 0.016 0.023 0.025 0.008 0.165 0.13 0.026 0.032 0.036 0.016 0.033 0.049 0.005 0.021 0.269
54 E 0.055 0.05 0.04 0.09 0.007 0.064 0.297 0.035 0.026 0.022 0.037 0.075 0.013 0.017 0.026 0.055 0.037 0.005 0.017 0.031
55 G 0.078 0.023 0.039 0.034 0.011 0.019 0.026 0.51 0.013 0.019 0.028 0.034 0.009 0.016 0.019 0.051 0.03 0.005 0.011 0.024
56 R 0.045 0.345 0.039 0.031 0.008 0.048 0.052 0.033 0.023 0.023 0.046 0.12 0.015 0.017 0.019 0.045 0.035 0.006 0.017 0.031
57 V 0.07 0.022 0.016 0.018 0.019 0.016 0.023 0.025 0.008 0.165 0.13 0.026 0.032 0.036 0.016 0.033 0.049 0.005 0.021 0.269
58 C 0.065 0.016 0.016 0.016 0.484 0.012 0.016 0.032 0.008 0.045 0.065 0.02 0.016 0.02 0.016 0.041 0.037 0.004 0.012 0.057
59 F 0.034 0.019 0.017 0.017 0.011 0.011 0.019 0.025 0.017 0.063 0.114 0.019 0.025 0.387 0.011 0.025 0.025 0.017 0.089 0.055
60 A 0.29 0.031 0.026 0.03 0.022 0.026 0.04 0.078 0.015 0.043 0.059 0.044 0.017 0.022 0.03 0.085 0.05 0.005 0.017 0.069
61 K 0.057 0.107 0.041 0.041 0.009 0.053 0.071 0.043 0.021 0.028 0.043 0.278 0.015 0.015 0.028 0.053 0.04 0.005 0.017 0.033
62 T 0.073 0.035 0.043 0.037 0.018 0.028 0.039 0.043 0.014 0.053 0.065 0.045 0.02 0.024 0.028 0.093 0.247 0.006 0.018 0.071
63 A 0.29 0.031 0.026 0.03 0.022 0.026 0.04 0.078 0.015 0.043 0.059 0.044 0.017 0.022 0.03 0.085 0.05 0.005 0.017 0.069
64 A 0.29 0.031 0.026 0.03 0.022 0.026 0.04 0.078 0.015 0.043 0.059 0.044 0.017 0.022 0.03 0.085 0.05 0.005 0.017 0.069
65 C 0.055 0.049 0.024 0.024 0.17 0.027 0.036 0.032 0.013 0.062 0.162 0.109 0.027 0.03 0.019 0.039 0.036 0.005 0.017 0.062
66 G 0.065 0.026 0.032 0.03 0.034 0.021 0.03 0.217 0.019 0.032 0.046 0.036 0.014 0.039 0.111 0.053 0.073 0.009 0.072 0.04
67 G 0.07 0.109 0.038 0.043 0.012 0.037 0.089 0.13 0.018 0.05 0.056 0.064 0.017 0.021 0.022 0.08 0.046 0.005 0.016 0.078
68 G 0.097 0.135 0.038 0.032 0.011 0.032 0.04 0.216 0.074 0.024 0.04 0.064 0.013 0.019 0.02 0.052 0.033 0.006 0.021 0.033
69 S 0.095 0.101 0.038 0.043 0.014 0.037 0.086 0.046 0.018 0.043 0.1 0.063 0.021 0.025 0.024 0.111 0.063 0.006 0.018 0.05
70 R 0.089 0.094 0.037 0.067 0.012 0.038 0.089 0.04 0.07 0.05 0.068 0.093 0.018 0.023 0.022 0.05 0.038 0.006 0.023 0.075
71 M 0.032 0.019 0.012 0.012 0.01 0.017 0.017 0.017 0.01 0.061 0.127 0.022 0.484 0.029 0.01 0.022 0.024 0.005 0.015 0.056
72 L 0.052 0.032 0.02 0.02 0.016 0.028 0.028 0.028 0.016 0.1 0.197 0.036 0.161 0.048 0.016 0.036 0.04 0.008 0.024 0.092
73 L 0.072 0.015 0.021 0.013 0.009 0.011 0.019 0.027 0.008 0.158 0.204 0.017 0.021 0.097 0.01 0.028 0.055 0.09 0.033 0.092
74 P 0.076 0.017 0.014 0.016 0.009 0.012 0.019 0.023 0.008 0.138 0.076 0.022 0.027 0.037 0.295 0.039 0.05 0.003 0.021 0.098
75 Y 0.038 0.017 0.014 0.012 0.006 0.014 0.018 0.017 0.028 0.027 0.042 0.02 0.012 0.082 0.01 0.024 0.018 0.022 0.55 0.029
76 A 0.288 0.031 0.026 0.03 0.022 0.026 0.041 0.079 0.015 0.043 0.06 0.045 0.018 0.022 0.03 0.085 0.05 0.005 0.018 0.069
77 A 0.288 0.031 0.026 0.03 0.022 0.026 0.041 0.079 0.015 0.043 0.06 0.045 0.018 0.022 0.03 0.085 0.05 0.005 0.018 0.069
78 W 0.025 0.014 0.01 0.01 0.006 0.013 0.014 0.018 0.01 0.047 0.071 0.015 0.012 0.09 0.006 0.019 0.016 0.527 0.048 0.029
79 L 0.061 0.015 0.012 0.012 0.026 0.01 0.014 0.031 0.008 0.145 0.279 0.017 0.027 0.104 0.01 0.037 0.044 0.005 0.038 0.105
80 L 0.038 0.015 0.01 0.011 0.01 0.011 0.014 0.015 0.008 0.134 0.328 0.017 0.13 0.084 0.009 0.022 0.023 0.005 0.03 0.085
81 F 0.026 0.014 0.02 0.011 0.006 0.009 0.013 0.022 0.013 0.036 0.1 0.014 0.015 0.39 0.007 0.017 0.017 0.118 0.119 0.033
82 L 0.126 0.026 0.015 0.015 0.011 0.013 0.018 0.094 0.008 0.083 0.224 0.021 0.052 0.082 0.012 0.065 0.044 0.005 0.016 0.073
83 L 0.054 0.014 0.011 0.012 0.02 0.01 0.014 0.019 0.008 0.16 0.214 0.016 0.033 0.137 0.01 0.028 0.036 0.017 0.048 0.14
84 P 0.093 0.016 0.014 0.017 0.019 0.012 0.02 0.029 0.008 0.084 0.06 0.022 0.015 0.077 0.34 0.042 0.042 0.027 0.02 0.042
85 A 0.322 0.018 0.016 0.017 0.026 0.016 0.022 0.058 0.008 0.073 0.074 0.024 0.021 0.029 0.015 0.082 0.044 0.004 0.012 0.118
86 F 0.034 0.019 0.017 0.017 0.011 0.011 0.019 0.025 0.017 0.063 0.114 0.019 0.025 0.387 0.011 0.025 0.025 0.017 0.089 0.055
87 L 0.044 0.024 0.014 0.015 0.016 0.016 0.02 0.021 0.01 0.115 0.376 0.025 0.05 0.055 0.014 0.024 0.033 0.007 0.022 0.096
88 S 0.11 0.04 0.054 0.049 0.017 0.033 0.052 0.066 0.019 0.03 0.042 0.054 0.016 0.021 0.03 0.22 0.082 0.005 0.017 0.042
89 L 0.064 0.014 0.011 0.012 0.024 0.01 0.014 0.041 0.008 0.126 0.247 0.017 0.031 0.128 0.015 0.032 0.027 0.027 0.034 0.117
90 A 0.204 0.017 0.021 0.022 0.023 0.013 0.02 0.169 0.009 0.052 0.105 0.031 0.052 0.07 0.032 0.044 0.033 0.004 0.019 0.059
91 A 0.303 0.019 0.056 0.021 0.033 0.015 0.023 0.052 0.009 0.049 0.07 0.026 0.018 0.031 0.016 0.108 0.05 0.004 0.012 0.085
92 L 0.045 0.014 0.01 0.011 0.01 0.01 0.013 0.015 0.007 0.159 0.336 0.016 0.035 0.122 0.015 0.018 0.026 0.005 0.02 0.117
93 L 0.096 0.029 0.049 0.02 0.009 0.047 0.037 0.082 0.024 0.08 0.126 0.025 0.023 0.08 0.018 0.073 0.069 0.004 0.016 0.091
94 P 0.065 0.033 0.07 0.053 0.013 0.034 0.119 0.087 0.019 0.03 0.043 0.039 0.019 0.053 0.12 0.084 0.051 0.009 0.027 0.032
95 D 0.041 0.03 0.069 0.399 0.007 0.03 0.091 0.046 0.019 0.022 0.028 0.045 0.009 0.015 0.022 0.052 0.035 0.004 0.011 0.024
96 R 0.077 0.135 0.043 0.036 0.008 0.05 0.041 0.064 0.012 0.039 0.063 0.053 0.015 0.036 0.078 0.096 0.046 0.02 0.023 0.063
97 R 0.067 0.162 0.046 0.036 0.007 0.043 0.041 0.073 0.018 0.029 0.04 0.112 0.011 0.02 0.094 0.069 0.033 0.025 0.034 0.04
98 P 0.057 0.026 0.023 0.031 0.01 0.021 0.036 0.036 0.013 0.026 0.036 0.041 0.01 0.013 0.491 0.044 0.036 0.003 0.013 0.031
99 R 0.077 0.192 0.047 0.04 0.013 0.041 0.052 0.05 0.021 0.027 0.044 0.087 0.016 0.019 0.025 0.132 0.059 0.006 0.017 0.037
100 L 0.045 0.024 0.014 0.015 0.016 0.016 0.02 0.021 0.01 0.116 0.373 0.025 0.05 0.055 0.014 0.024 0.034 0.007 0.022 0.097
101 R 0.071 0.178 0.05 0.037 0.007 0.03 0.035 0.069 0.021 0.032 0.101 0.093 0.018 0.045 0.038 0.046 0.043 0.01 0.025 0.052
102 D 0.09 0.084 0.054 0.125 0.008 0.045 0.081 0.062 0.024 0.031 0.041 0.061 0.012 0.019 0.08 0.073 0.049 0.004 0.017 0.037
103 A 0.287 0.031 0.026 0.03 0.022 0.026 0.041 0.079 0.015 0.043 0.06 0.045 0.018 0.022 0.03 0.085 0.05 0.005 0.018 0.069
104 A 0.287 0.031 0.026 0.03 0.022 0.026 0.041 0.079 0.015 0.043 0.06 0.045 0.018 0.022 0.03 0.085 0.05 0.005 0.018 0.069
105 A 0.287 0.031 0.026 0.03 0.022 0.026 0.041 0.079 0.015 0.043 0.06 0.045 0.018 0.022 0.03 0.085 0.05 0.005 0.018 0.069
106 D 0.041 0.03 0.069 0.395 0.008 0.03 0.092 0.047 0.019 0.022 0.028 0.045 0.009 0.015 0.022 0.052 0.036 0.004 0.011 0.024
107 G 0.079 0.023 0.039 0.034 0.011 0.019 0.026 0.508 0.014 0.019 0.028 0.034 0.009 0.016 0.019 0.052 0.03 0.005 0.011 0.024
108 R 0.045 0.342 0.039 0.031 0.008 0.049 0.053 0.033 0.023 0.023 0.047 0.121 0.016 0.017 0.019 0.045 0.035 0.006 0.017 0.031
109 P 0.057 0.026 0.023 0.031 0.01 0.021 0.036 0.036 0.013 0.026 0.036 0.041 0.01 0.013 0.491 0.044 0.036 0.003 0.013 0.031
110 A 0.287 0.031 0.026 0.03 0.022 0.026 0.041 0.079 0.015 0.043 0.06 0.045 0.018 0.022 0.03 0.085 0.05 0.005 0.018 0.069
111 A 0.287 0.031 0.026 0.03 0.022 0.026 0.041 0.079 0.015 0.043 0.06 0.045 0.018 0.022 0.03 0.085 0.05 0.005 0.018 0.069
112 E 0.055 0.05 0.041 0.091 0.007 0.065 0.293 0.035 0.026 0.022 0.037 0.076 0.013 0.017 0.026 0.055 0.037 0.006 0.017 0.031
113 P 0.057 0.026 0.023 0.031 0.01 0.021 0.036 0.036 0.013 0.026 0.036 0.041 0.01 0.013 0.491 0.044 0.036 0.003 0.013 0.031
114 S 0.11 0.04 0.054 0.049 0.018 0.033 0.053 0.067 0.019 0.03 0.042 0.054 0.016 0.021 0.03 0.216 0.082 0.005 0.018 0.042
115 P 0.057 0.026 0.023 0.031 0.01 0.021 0.036 0.036 0.013 0.026 0.036 0.041 0.01 0.013 0.493 0.044 0.036 0.003 0.013 0.031
116 P 0.079 0.105 0.047 0.055 0.009 0.04 0.064 0.073 0.023 0.04 0.059 0.06 0.02 0.035 0.119 0.065 0.033 0.005 0.023 0.047
117 G 0.124 0.054 0.05 0.043 0.012 0.035 0.042 0.128 0.036 0.053 0.067 0.05 0.017 0.02 0.046 0.08 0.037 0.016 0.016 0.076
118 P 0.087 0.061 0.032 0.031 0.013 0.046 0.04 0.062 0.031 0.053 0.061 0.047 0.025 0.022 0.118 0.104 0.056 0.026 0.019 0.067
119 R 0.094 0.102 0.029 0.031 0.013 0.051 0.055 0.044 0.016 0.071 0.088 0.055 0.02 0.043 0.045 0.07 0.066 0.006 0.02 0.082
120 G 0.15 0.025 0.034 0.032 0.014 0.021 0.03 0.368 0.014 0.027 0.038 0.037 0.012 0.018 0.022 0.062 0.036 0.005 0.013 0.039
121 L 0.046 0.02 0.014 0.017 0.016 0.014 0.018 0.021 0.009 0.222 0.238 0.024 0.041 0.047 0.014 0.025 0.037 0.006 0.021 0.149
122 A 0.288 0.031 0.026 0.03 0.022 0.026 0.041 0.078 0.015 0.043 0.06 0.045 0.018 0.022 0.03 0.085 0.05 0.005 0.018 0.069
123 S 0.11 0.04 0.054 0.049 0.018 0.033 0.053 0.066 0.019 0.03 0.042 0.054 0.016 0.021 0.03 0.218 0.082 0.005 0.018 0.042
124 P 0.057 0.026 0.023 0.031 0.01 0.021 0.036 0.036 0.013 0.026 0.036 0.041 0.01 0.013 0.492 0.044 0.036 0.003 0.013 0.031
125 R 0.128 0.244 0.034 0.03 0.012 0.04 0.048 0.048 0.02 0.03 0.05 0.094 0.016 0.019 0.023 0.058 0.04 0.006 0.017 0.043
126 P 0.116 0.027 0.024 0.03 0.013 0.022 0.037 0.046 0.013 0.03 0.042 0.042 0.012 0.015 0.381 0.054 0.039 0.003 0.014 0.04
127 K 0.057 0.107 0.041 0.041 0.009 0.053 0.07 0.043 0.021 0.027 0.043 0.282 0.015 0.015 0.027 0.053 0.04 0.005 0.017 0.033
128 G 0.088 0.028 0.044 0.038 0.013 0.023 0.034 0.364 0.015 0.022 0.033 0.04 0.011 0.018 0.022 0.109 0.047 0.005 0.013 0.03
129 L 0.092 0.041 0.039 0.078 0.013 0.024 0.06 0.057 0.014 0.071 0.126 0.039 0.021 0.041 0.058 0.069 0.068 0.005 0.018 0.068
130 G 0.078 0.023 0.039 0.034 0.011 0.019 0.026 0.51 0.013 0.019 0.028 0.034 0.009 0.016 0.019 0.051 0.03 0.005 0.011 0.024
131 G 0.078 0.023 0.039 0.034 0.011 0.019 0.025 0.513 0.013 0.019 0.028 0.034 0.009 0.016 0.019 0.051 0.03 0.005 0.011 0.024
132 Q 0.061 0.06 0.044 0.044 0.012 0.155 0.081 0.042 0.024 0.035 0.053 0.075 0.02 0.018 0.025 0.068 0.111 0.006 0.02 0.047
133 P 0.153 0.032 0.034 0.036 0.016 0.026 0.043 0.06 0.016 0.033 0.046 0.046 0.014 0.018 0.185 0.118 0.056 0.004 0.016 0.047
134 P 0.048 0.14 0.128 0.048 0.009 0.034 0.046 0.045 0.022 0.024 0.038 0.071 0.012 0.016 0.179 0.052 0.04 0.004 0.015 0.029
135 A 0.29 0.031 0.026 0.03 0.022 0.026 0.04 0.078 0.015 0.043 0.059 0.044 0.017 0.022 0.03 0.085 0.05 0.005 0.017 0.069
136 G 0.113 0.072 0.071 0.05 0.011 0.034 0.037 0.192 0.016 0.029 0.056 0.047 0.022 0.018 0.079 0.061 0.036 0.005 0.014 0.037
137 S 0.11 0.04 0.054 0.049 0.018 0.033 0.053 0.067 0.019 0.03 0.042 0.054 0.016 0.021 0.03 0.217 0.082 0.005 0.018 0.042
138 P 0.057 0.026 0.023 0.031 0.01 0.021 0.036 0.036 0.013 0.026 0.036 0.041 0.01 0.013 0.492 0.044 0.036 0.003 0.013 0.031
139 G 0.079 0.023 0.039 0.034 0.011 0.019 0.026 0.508 0.014 0.019 0.028 0.034 0.009 0.016 0.019 0.051 0.03 0.005 0.011 0.024
140 A 0.287 0.031 0.026 0.03 0.022 0.026 0.041 0.079 0.015 0.043 0.06 0.045 0.018 0.022 0.03 0.085 0.05 0.005 0.018 0.069
141 P 0.057 0.026 0.023 0.031 0.01 0.021 0.036 0.036 0.013 0.026 0.036 0.041 0.01 0.013 0.492 0.044 0.036 0.003 0.013 0.031
142 L 0.045 0.024 0.014 0.015 0.016 0.016 0.02 0.021 0.01 0.116 0.373 0.025 0.05 0.055 0.014 0.024 0.034 0.007 0.022 0.097
143 Q 0.056 0.074 0.044 0.047 0.009 0.212 0.103 0.041 0.03 0.027 0.047 0.092 0.021 0.015 0.024 0.056 0.041 0.006 0.021 0.035
144 L 0.064 0.083 0.028 0.027 0.012 0.05 0.037 0.051 0.017 0.068 0.123 0.047 0.045 0.033 0.055 0.074 0.075 0.007 0.047 0.058
145 I 0.047 0.018 0.015 0.018 0.016 0.013 0.018 0.021 0.009 0.268 0.169 0.024 0.037 0.044 0.015 0.025 0.04 0.006 0.021 0.177
146 R 0.067 0.167 0.076 0.046 0.009 0.049 0.045 0.037 0.056 0.027 0.042 0.09 0.014 0.035 0.057 0.053 0.042 0.014 0.043 0.032
147 R 0.081 0.128 0.046 0.038 0.008 0.05 0.045 0.065 0.028 0.034 0.039 0.087 0.011 0.021 0.103 0.07 0.058 0.01 0.022 0.056
148 G 0.078 0.023 0.039 0.034 0.011 0.019 0.026 0.51 0.013 0.019 0.028 0.034 0.009 0.016 0.019 0.051 0.03 0.005 0.011 0.024
149 V 0.09 0.031 0.035 0.033 0.018 0.025 0.038 0.045 0.014 0.097 0.086 0.04 0.024 0.028 0.023 0.128 0.065 0.005 0.019 0.157
150 R 0.084 0.106 0.066 0.054 0.008 0.055 0.046 0.056 0.022 0.05 0.072 0.055 0.016 0.037 0.049 0.064 0.047 0.004 0.037 0.072
151 R 0.064 0.146 0.034 0.03 0.008 0.056 0.04 0.067 0.033 0.075 0.107 0.045 0.025 0.033 0.026 0.079 0.03 0.01 0.036 0.058
152 S 0.063 0.089 0.058 0.027 0.008 0.053 0.032 0.073 0.028 0.053 0.094 0.064 0.013 0.043 0.057 0.102 0.048 0.031 0.019 0.046
153 K 0.059 0.087 0.11 0.049 0.007 0.033 0.038 0.071 0.017 0.025 0.069 0.124 0.015 0.026 0.042 0.085 0.064 0.011 0.031 0.037
154 L 0.088 0.027 0.013 0.019 0.009 0.015 0.021 0.065 0.009 0.128 0.135 0.023 0.022 0.117 0.073 0.04 0.026 0.037 0.042 0.093
155 L 0.138 0.021 0.02 0.016 0.015 0.017 0.019 0.07 0.013 0.089 0.142 0.021 0.035 0.083 0.047 0.073 0.051 0.013 0.032 0.087
156 W 0.041 0.015 0.01 0.011 0.007 0.014 0.014 0.023 0.01 0.039 0.156 0.018 0.03 0.141 0.012 0.017 0.023 0.309 0.075 0.037
157 L 0.056 0.024 0.018 0.016 0.01 0.015 0.016 0.076 0.009 0.133 0.152 0.03 0.03 0.098 0.01 0.039 0.031 0.076 0.047 0.117
158 L 0.091 0.015 0.012 0.013 0.012 0.011 0.015 0.061 0.007 0.113 0.244 0.018 0.031 0.118 0.024 0.044 0.028 0.018 0.019 0.106
159 F 0.113 0.015 0.017 0.013 0.011 0.011 0.016 0.053 0.008 0.092 0.145 0.018 0.026 0.18 0.011 0.031 0.061 0.011 0.038 0.131
160 G 0.119 0.015 0.02 0.015 0.03 0.011 0.016 0.184 0.008 0.075 0.105 0.019 0.028 0.089 0.011 0.05 0.039 0.056 0.018 0.092
161 L 0.096 0.014 0.011 0.012 0.02 0.01 0.014 0.04 0.007 0.148 0.252 0.017 0.025 0.108 0.01 0.033 0.041 0.005 0.018 0.118
162 L 0.108 0.014 0.012 0.013 0.009 0.01 0.015 0.052 0.012 0.098 0.197 0.017 0.026 0.195 0.01 0.038 0.037 0.006 0.024 0.106
163 L 0.041 0.015 0.011 0.011 0.009 0.01 0.014 0.021 0.009 0.106 0.32 0.016 0.037 0.132 0.009 0.02 0.056 0.011 0.068 0.084
164 T 0.158 0.018 0.023 0.018 0.019 0.014 0.021 0.033 0.008 0.096 0.056 0.023 0.014 0.064 0.014 0.088 0.19 0.004 0.019 0.12
165 L 0.05 0.014 0.01 0.011 0.01 0.01 0.013 0.02 0.006 0.13 0.396 0.016 0.032 0.076 0.009 0.025 0.026 0.004 0.016 0.124
166 F 0.053 0.014 0.011 0.011 0.014 0.01 0.014 0.017 0.008 0.129 0.17 0.016 0.116 0.208 0.009 0.023 0.022 0.006 0.031 0.117
167 I 0.042 0.012 0.01 0.011 0.01 0.009 0.012 0.019 0.006 0.449 0.095 0.016 0.036 0.025 0.01 0.022 0.039 0.004 0.012 0.162
168 G 0.047 0.014 0.024 0.02 0.007 0.011 0.016 0.698 0.008 0.012 0.017 0.02 0.006 0.01 0.011 0.031 0.022 0.003 0.007 0.015
169 L 0.03 0.014 0.01 0.01 0.009 0.009 0.013 0.025 0.009 0.059 0.379 0.015 0.026 0.217 0.008 0.017 0.031 0.012 0.056 0.052
170 R 0.027 0.603 0.024 0.019 0.005 0.029 0.032 0.02 0.014 0.014 0.028 0.073 0.009 0.011 0.012 0.027 0.021 0.004 0.011 0.019
171 Y 0.024 0.018 0.026 0.031 0.006 0.018 0.034 0.018 0.143 0.031 0.051 0.02 0.012 0.223 0.009 0.02 0.017 0.042 0.228 0.03
172 E 0.033 0.073 0.039 0.048 0.005 0.167 0.33 0.023 0.034 0.014 0.025 0.08 0.009 0.01 0.015 0.033 0.023 0.009 0.012 0.019
173 V 0.041 0.013 0.015 0.012 0.011 0.01 0.014 0.015 0.005 0.156 0.08 0.016 0.021 0.022 0.01 0.021 0.049 0.003 0.012 0.473
174 G 0.047 0.014 0.024 0.02 0.007 0.011 0.016 0.703 0.008 0.011 0.017 0.02 0.006 0.01 0.011 0.031 0.018 0.003 0.007 0.015
175 G 0.139 0.015 0.021 0.02 0.018 0.012 0.017 0.516 0.008 0.018 0.024 0.022 0.007 0.016 0.023 0.039 0.033 0.003 0.008 0.039
176 D 0.025 0.018 0.042 0.634 0.005 0.018 0.055 0.028 0.011 0.014 0.017 0.027 0.006 0.009 0.014 0.032 0.021 0.002 0.007 0.015
177 W 0.019 0.023 0.009 0.009 0.005 0.01 0.014 0.018 0.01 0.018 0.032 0.015 0.009 0.037 0.005 0.014 0.014 0.672 0.049 0.019
178 G 0.04 0.024 0.052 0.103 0.007 0.025 0.044 0.166 0.021 0.045 0.058 0.027 0.011 0.154 0.021 0.042 0.034 0.022 0.07 0.035
179 N 0.122 0.046 0.235 0.043 0.008 0.025 0.037 0.045 0.014 0.02 0.031 0.032 0.009 0.012 0.043 0.14 0.092 0.008 0.01 0.028
180 Y 0.025 0.017 0.013 0.016 0.006 0.013 0.017 0.015 0.028 0.026 0.041 0.019 0.011 0.079 0.009 0.019 0.017 0.017 0.582 0.028
181 L 0.056 0.022 0.017 0.025 0.009 0.036 0.06 0.017 0.008 0.13 0.341 0.03 0.031 0.047 0.01 0.028 0.034 0.004 0.023 0.07
182 R 0.085 0.15 0.057 0.089 0.007 0.031 0.071 0.09 0.032 0.048 0.052 0.059 0.01 0.041 0.022 0.041 0.032 0.004 0.043 0.035
183 I 0.029 0.031 0.056 0.017 0.007 0.031 0.021 0.024 0.129 0.147 0.097 0.031 0.088 0.063 0.01 0.022 0.026 0.012 0.104 0.054
184 Y 0.03 0.015 0.012 0.011 0.007 0.014 0.015 0.015 0.025 0.062 0.18 0.016 0.021 0.195 0.009 0.018 0.023 0.016 0.24 0.076
185 E 0.044 0.047 0.067 0.174 0.006 0.042 0.179 0.039 0.024 0.028 0.044 0.057 0.009 0.035 0.019 0.058 0.032 0.004 0.058 0.035
186 R 0.078 0.098 0.048 0.078 0.007 0.056 0.074 0.044 0.024 0.04 0.086 0.049 0.034 0.039 0.018 0.077 0.041 0.01 0.063 0.035
187 A 0.166 0.026 0.017 0.015 0.016 0.016 0.024 0.028 0.013 0.144 0.099 0.022 0.038 0.064 0.018 0.056 0.062 0.004 0.037 0.135
188 A 0.232 0.034 0.035 0.036 0.02 0.028 0.044 0.074 0.016 0.039 0.053 0.048 0.017 0.021 0.03 0.131 0.06 0.005 0.017 0.06
189 A 0.111 0.1 0.031 0.046 0.008 0.058 0.047 0.086 0.018 0.045 0.07 0.089 0.013 0.023 0.014 0.105 0.041 0.004 0.042 0.05
190 G 0.044 0.048 0.051 0.06 0.007 0.037 0.046 0.164 0.036 0.023 0.059 0.035 0.012 0.07 0.017 0.062 0.051 0.043 0.101 0.034
191 T 0.073 0.036 0.044 0.038 0.018 0.028 0.039 0.044 0.014 0.053 0.065 0.046 0.02 0.024 0.028 0.093 0.245 0.006 0.018 0.071
192 L 0.082 0.046 0.026 0.04 0.009 0.053 0.057 0.054 0.01 0.067 0.177 0.037 0.048 0.036 0.012 0.061 0.06 0.01 0.033 0.082
193 L 0.052 0.032 0.02 0.02 0.016 0.028 0.028 0.028 0.016 0.1 0.197 0.036 0.161 0.048 0.016 0.036 0.04 0.008 0.024 0.092
194 L 0.044 0.024 0.014 0.015 0.016 0.016 0.02 0.021 0.01 0.115 0.376 0.025 0.05 0.055 0.014 0.024 0.033 0.007 0.022 0.096
195 I 0.047 0.018 0.015 0.018 0.016 0.013 0.018 0.021 0.009 0.271 0.168 0.024 0.037 0.044 0.015 0.025 0.04 0.006 0.021 0.177
196 R 0.045 0.345 0.039 0.031 0.008 0.048 0.052 0.033 0.023 0.023 0.046 0.12 0.015 0.017 0.019 0.045 0.035 0.006 0.017 0.031
197 L 0.052 0.032 0.02 0.02 0.016 0.028 0.028 0.028 0.016 0.1 0.197 0.036 0.161 0.048 0.016 0.036 0.04 0.008 0.024 0.092
198 N 0.056 0.033 0.168 0.05 0.014 0.025 0.036 0.045 0.02 0.093 0.08 0.04 0.021 0.027 0.018 0.051 0.049 0.005 0.018 0.15
199 S 0.05 0.038 0.062 0.098 0.008 0.022 0.051 0.083 0.011 0.019 0.026 0.039 0.009 0.016 0.121 0.201 0.097 0.003 0.014 0.032
200 G 0.078 0.023 0.039 0.034 0.011 0.019 0.025 0.513 0.013 0.019 0.028 0.034 0.009 0.016 0.019 0.051 0.03 0.005 0.011 0.024
201 L 0.034 0.019 0.015 0.011 0.008 0.009 0.013 0.021 0.009 0.078 0.277 0.019 0.024 0.257 0.008 0.025 0.023 0.038 0.047 0.064
202 S 0.084 0.04 0.03 0.061 0.008 0.043 0.054 0.078 0.016 0.047 0.088 0.064 0.02 0.052 0.04 0.096 0.052 0.038 0.038 0.051
203 G 0.084 0.022 0.028 0.026 0.012 0.017 0.025 0.277 0.013 0.076 0.063 0.03 0.017 0.031 0.017 0.043 0.032 0.104 0.025 0.06
204 D 0.069 0.033 0.052 0.182 0.013 0.028 0.061 0.049 0.017 0.044 0.103 0.045 0.02 0.025 0.024 0.114 0.054 0.005 0.016 0.046
205 Y 0.04 0.028 0.022 0.019 0.009 0.022 0.028 0.025 0.047 0.044 0.068 0.031 0.019 0.131 0.016 0.031 0.028 0.028 0.318 0.047
206 L 0.044 0.024 0.014 0.015 0.016 0.016 0.02 0.021 0.01 0.115 0.376 0.025 0.05 0.055 0.014 0.024 0.033 0.007 0.022 0.096
207 L 0.044 0.024 0.014 0.015 0.016 0.016 0.02 0.021 0.01 0.115 0.376 0.025 0.05 0.055 0.014 0.024 0.033 0.007 0.022 0.096
208 E 0.054 0.04 0.045 0.164 0.006 0.079 0.206 0.039 0.021 0.024 0.033 0.053 0.009 0.029 0.044 0.07 0.027 0.004 0.027 0.026
209 N 0.043 0.045 0.317 0.083 0.009 0.034 0.049 0.065 0.031 0.022 0.031 0.054 0.011 0.018 0.02 0.07 0.049 0.004 0.016 0.027
210 G 0.078 0.023 0.039 0.034 0.011 0.019 0.026 0.51 0.013 0.019 0.028 0.034 0.009 0.016 0.019 0.051 0.03 0.005 0.011 0.024
211 E 0.055 0.05 0.04 0.09 0.007 0.064 0.297 0.035 0.026 0.022 0.037 0.075 0.013 0.017 0.026 0.055 0.037 0.005 0.017 0.031
212 G 0.078 0.023 0.039 0.034 0.011 0.019 0.026 0.51 0.013 0.019 0.028 0.034 0.009 0.016 0.019 0.051 0.03 0.005 0.011 0.024
213 L 0.044 0.024 0.014 0.015 0.016 0.016 0.02 0.021 0.01 0.115 0.376 0.025 0.05 0.055 0.014 0.024 0.033 0.007 0.022 0.096
214 G 0.074 0.022 0.028 0.026 0.015 0.018 0.024 0.269 0.011 0.091 0.079 0.03 0.02 0.026 0.018 0.042 0.039 0.005 0.016 0.148
215 A 0.24 0.018 0.02 0.018 0.011 0.015 0.044 0.033 0.009 0.094 0.089 0.023 0.026 0.038 0.019 0.079 0.045 0.009 0.022 0.15
216 L 0.044 0.024 0.014 0.015 0.016 0.016 0.02 0.021 0.01 0.114 0.382 0.025 0.049 0.054 0.014 0.024 0.033 0.007 0.022 0.095
217 V 0.144 0.025 0.019 0.022 0.02 0.019 0.029 0.042 0.01 0.124 0.106 0.032 0.027 0.031 0.021 0.05 0.049 0.005 0.019 0.205
218 S 0.11 0.04 0.054 0.049 0.017 0.033 0.052 0.066 0.019 0.03 0.042 0.054 0.016 0.021 0.03 0.22 0.082 0.005 0.017 0.042
219 D 0.041 0.03 0.069 0.397 0.007 0.03 0.091 0.047 0.019 0.022 0.028 0.045 0.009 0.015 0.022 0.052 0.035 0.004 0.011 0.024
220 P 0.057 0.026 0.023 0.031 0.01 0.021 0.036 0.036 0.013 0.026 0.036 0.041 0.01 0.013 0.494 0.044 0.036 0.003 0.013 0.031
221 G 0.078 0.023 0.039 0.034 0.011 0.019 0.026 0.51 0.013 0.019 0.028 0.034 0.009 0.016 0.019 0.051 0.03 0.005 0.011 0.024
222 Y 0.04 0.028 0.022 0.019 0.009 0.022 0.028 0.025 0.047 0.044 0.068 0.031 0.019 0.131 0.016 0.031 0.028 0.028 0.318 0.047
223 R 0.045 0.345 0.039 0.031 0.008 0.048 0.052 0.033 0.023 0.023 0.046 0.12 0.015 0.017 0.019 0.045 0.035 0.006 0.017 0.031
224 L 0.044 0.024 0.014 0.015 0.016 0.016 0.02 0.021 0.01 0.115 0.376 0.025 0.05 0.055 0.014 0.024 0.033 0.007 0.022 0.096
225 L 0.044 0.024 0.014 0.015 0.016 0.016 0.02 0.021 0.01 0.115 0.376 0.025 0.05 0.055 0.014 0.024 0.033 0.007 0.022 0.096
226 N 0.043 0.045 0.317 0.083 0.009 0.034 0.049 0.065 0.031 0.022 0.031 0.054 0.011 0.018 0.02 0.07 0.049 0.004 0.016 0.027
227 R 0.045 0.345 0.039 0.031 0.008 0.048 0.052 0.033 0.023 0.023 0.046 0.12 0.015 0.017 0.019 0.045 0.035 0.006 0.017 0.031
228 L 0.044 0.024 0.014 0.015 0.016 0.016 0.02 0.021 0.01 0.115 0.376 0.025 0.05 0.055 0.014 0.024 0.033 0.007 0.022 0.096
229 Y 0.04 0.028 0.022 0.019 0.009 0.022 0.028 0.025 0.047 0.044 0.068 0.031 0.019 0.131 0.016 0.031 0.028 0.028 0.318 0.047
230 Y 0.04 0.028 0.022 0.019 0.009 0.022 0.028 0.025 0.047 0.044 0.068 0.031 0.019 0.131 0.016 0.031 0.028 0.028 0.318 0.047
231 N 0.043 0.045 0.317 0.083 0.009 0.034 0.049 0.065 0.031 0.022 0.031 0.054 0.011 0.018 0.02 0.07 0.049 0.004 0.016 0.027
232 L 0.044 0.024 0.014 0.015 0.016 0.016 0.02 0.021 0.01 0.115 0.376 0.025 0.05 0.055 0.014 0.024 0.033 0.007 0.022 0.096
233 I 0.047 0.018 0.015 0.018 0.016 0.013 0.018 0.021 0.009 0.271 0.168 0.024 0.037 0.044 0.015 0.025 0.04 0.006 0.021 0.177
234 E 0.055 0.05 0.04 0.09 0.007 0.064 0.297 0.035 0.026 0.022 0.037 0.075 0.013 0.017 0.026 0.055 0.037 0.005 0.017 0.031
235 A 0.29 0.031 0.026 0.03 0.022 0.026 0.04 0.078 0.015 0.043 0.059 0.044 0.017 0.022 0.03 0.085 0.05 0.005 0.017 0.069
236 P 0.057 0.026 0.023 0.031 0.01 0.021 0.036 0.036 0.013 0.026 0.036 0.041 0.01 0.013 0.494 0.044 0.036 0.003 0.013 0.031
237 T 0.073 0.035 0.043 0.037 0.018 0.028 0.039 0.043 0.014 0.053 0.065 0.045 0.02 0.024 0.028 0.093 0.247 0.006 0.018 0.071
238 V 0.06 0.024 0.034 0.145 0.015 0.021 0.046 0.032 0.012 0.117 0.096 0.032 0.024 0.029 0.018 0.039 0.045 0.005 0.017 0.19
239 A 0.114 0.043 0.038 0.047 0.015 0.07 0.101 0.049 0.019 0.046 0.056 0.058 0.018 0.021 0.026 0.097 0.089 0.005 0.018 0.07
240 L 0.048 0.015 0.012 0.012 0.01 0.016 0.015 0.027 0.009 0.139 0.302 0.017 0.051 0.082 0.025 0.047 0.027 0.02 0.017 0.108
241 N 0.043 0.045 0.315 0.083 0.009 0.034 0.05 0.065 0.032 0.023 0.032 0.054 0.011 0.018 0.02 0.07 0.05 0.005 0.016 0.027
242 L 0.104 0.031 0.033 0.032 0.017 0.024 0.037 0.047 0.014 0.074 0.167 0.04 0.029 0.033 0.023 0.123 0.058 0.006 0.019 0.089
243 L 0.078 0.044 0.035 0.035 0.008 0.038 0.056 0.076 0.015 0.046 0.131 0.052 0.032 0.062 0.019 0.082 0.111 0.02 0.019 0.041
244 G 0.066 0.036 0.039 0.061 0.009 0.041 0.164 0.275 0.019 0.02 0.032 0.054 0.011 0.016 0.022 0.053 0.033 0.005 0.014 0.028
245 G 0.067 0.044 0.035 0.035 0.01 0.028 0.039 0.278 0.015 0.023 0.034 0.099 0.011 0.015 0.141 0.049 0.033 0.005 0.013 0.028
246 L 0.05 0.066 0.024 0.02 0.008 0.053 0.04 0.094 0.023 0.064 0.097 0.051 0.048 0.078 0.012 0.09 0.067 0.01 0.055 0.049
247 G 0.058 0.046 0.04 0.05 0.008 0.025 0.042 0.216 0.01 0.034 0.039 0.063 0.013 0.023 0.031 0.118 0.127 0.004 0.017 0.037
248 D 0.03 0.02 0.039 0.555 0.005 0.021 0.122 0.027 0.012 0.014 0.018 0.03 0.006 0.009 0.014 0.032 0.022 0.002 0.007 0.015
249 P 0.034 0.016 0.014 0.018 0.007 0.016 0.021 0.021 0.009 0.039 0.046 0.024 0.012 0.022 0.564 0.033 0.03 0.003 0.031 0.04
250 G 0.168 0.015 0.025 0.02 0.008 0.013 0.018 0.495 0.008 0.019 0.046 0.022 0.012 0.012 0.013 0.045 0.022 0.003 0.008 0.029
251 Y 0.024 0.017 0.013 0.011 0.006 0.013 0.017 0.015 0.034 0.027 0.044 0.018 0.012 0.124 0.009 0.019 0.017 0.016 0.536 0.029
252 G 0.097 0.055 0.038 0.021 0.01 0.07 0.042 0.172 0.03 0.041 0.04 0.04 0.034 0.037 0.013 0.067 0.036 0.016 0.088 0.053
253 L 0.094 0.015 0.011 0.012 0.01 0.01 0.014 0.029 0.007 0.088 0.343 0.017 0.031 0.115 0.01 0.029 0.038 0.018 0.019 0.09
254 L 0.029 0.014 0.009 0.01 0.01 0.009 0.012 0.013 0.006 0.163 0.429 0.015 0.026 0.06 0.009 0.016 0.03 0.004 0.015 0.119
255 N 0.033 0.031 0.466 0.045 0.009 0.024 0.046 0.037 0.036 0.019 0.032 0.032 0.012 0.012 0.013 0.061 0.051 0.003 0.011 0.028
256 W 0.031 0.028 0.011 0.011 0.006 0.015 0.02 0.034 0.011 0.04 0.057 0.029 0.012 0.065 0.007 0.024 0.018 0.464 0.089 0.027
257 L 0.057 0.014 0.01 0.011 0.012 0.01 0.013 0.021 0.007 0.194 0.296 0.016 0.045 0.08 0.009 0.03 0.029 0.012 0.019 0.114
258 S 0.179 0.019 0.022 0.021 0.016 0.016 0.024 0.096 0.009 0.047 0.043 0.026 0.033 0.031 0.015 0.23 0.045 0.003 0.012 0.111
259 G 0.079 0.023 0.039 0.034 0.011 0.019 0.026 0.508 0.014 0.019 0.028 0.034 0.009 0.016 0.019 0.051 0.03 0.005 0.011 0.024
260 R 0.045 0.343 0.039 0.031 0.008 0.049 0.052 0.033 0.023 0.023 0.047 0.121 0.016 0.017 0.019 0.045 0.035 0.006 0.017 0.031
261 L 0.045 0.024 0.014 0.015 0.016 0.016 0.02 0.021 0.01 0.116 0.373 0.025 0.05 0.055 0.014 0.024 0.034 0.007 0.022 0.097
262 D 0.041 0.03 0.069 0.395 0.008 0.03 0.092 0.047 0.019 0.022 0.028 0.045 0.009 0.015 0.022 0.052 0.036 0.004 0.011 0.024
263 H 0.042 0.046 0.054 0.038 0.008 0.038 0.054 0.038 0.353 0.023 0.038 0.046 0.015 0.031 0.019 0.042 0.027 0.008 0.057 0.023
264 Y 0.041 0.028 0.022 0.019 0.009 0.022 0.028 0.025 0.047 0.044 0.069 0.031 0.019 0.131 0.016 0.031 0.028 0.028 0.316 0.047
265 W 0.03 0.023 0.015 0.015 0.008 0.015 0.023 0.03 0.015 0.03 0.053 0.023 0.015 0.061 0.008 0.023 0.023 0.491 0.068 0.03
266 N 0.043 0.045 0.315 0.083 0.009 0.034 0.05 0.065 0.032 0.023 0.032 0.054 0.011 0.018 0.02 0.07 0.05 0.005 0.016 0.027
267 D 0.041 0.03 0.069 0.395 0.008 0.03 0.092 0.047 0.019 0.022 0.028 0.045 0.009 0.015 0.022 0.052 0.036 0.004 0.011 0.024
268 G 0.079 0.023 0.039 0.034 0.011 0.019 0.026 0.508 0.014 0.019 0.028 0.034 0.009 0.016 0.019 0.051 0.03 0.005 0.011 0.024
269 R 0.045 0.343 0.039 0.031 0.008 0.049 0.052 0.033 0.023 0.023 0.047 0.121 0.016 0.017 0.019 0.045 0.035 0.006 0.017 0.031
270 S 0.11 0.04 0.054 0.049 0.018 0.033 0.053 0.067 0.019 0.03 0.042 0.054 0.016 0.021 0.03 0.217 0.082 0.005 0.018 0.042
271 L 0.045 0.024 0.014 0.015 0.016 0.016 0.02 0.021 0.01 0.116 0.373 0.025 0.05 0.055 0.014 0.024 0.034 0.007 0.022 0.097
272 S 0.11 0.04 0.054 0.049 0.018 0.033 0.053 0.067 0.019 0.03 0.042 0.054 0.016 0.021 0.03 0.217 0.082 0.005 0.018 0.042
273 I 0.047 0.018 0.015 0.018 0.016 0.013 0.018 0.021 0.009 0.269 0.168 0.024 0.037 0.044 0.015 0.025 0.04 0.006 0.021 0.177
274 I 0.047 0.018 0.015 0.018 0.016 0.013 0.018 0.021 0.009 0.269 0.168 0.024 0.037 0.044 0.015 0.025 0.04 0.006 0.021 0.177
275 G 0.079 0.023 0.039 0.034 0.011 0.019 0.026 0.508 0.014 0.019 0.028 0.034 0.009 0.016 0.019 0.051 0.03 0.005 0.011 0.024
276 Y 0.041 0.028 0.022 0.019 0.009 0.022 0.028 0.025 0.047 0.044 0.069 0.031 0.019 0.131 0.016 0.031 0.028 0.028 0.316 0.047
277 D 0.041 0.03 0.069 0.395 0.008 0.03 0.092 0.047 0.019 0.022 0.028 0.045 0.009 0.015 0.022 0.052 0.036 0.004 0.011 0.024
278 G 0.079 0.023 0.039 0.034 0.011 0.019 0.026 0.508 0.014 0.019 0.028 0.034 0.009 0.016 0.019 0.051 0.03 0.005 0.011 0.024
279 Y 0.041 0.028 0.022 0.019 0.009 0.022 0.028 0.025 0.047 0.044 0.069 0.031 0.019 0.131 0.016 0.031 0.028 0.028 0.316 0.047
280 A 0.288 0.031 0.026 0.03 0.022 0.026 0.041 0.079 0.015 0.043 0.06 0.045 0.018 0.022 0.03 0.085 0.05 0.005 0.018 0.069
281 A 0.201 0.032 0.058 0.031 0.014 0.052 0.035 0.07 0.038 0.043 0.074 0.032 0.012 0.039 0.014 0.086 0.039 0.013 0.056 0.06
282 Q 0.052 0.125 0.061 0.044 0.006 0.153 0.065 0.046 0.056 0.034 0.053 0.098 0.011 0.032 0.013 0.047 0.042 0.004 0.024 0.031
283 L 0.065 0.016 0.038 0.014 0.009 0.015 0.016 0.02 0.009 0.07 0.311 0.019 0.039 0.104 0.01 0.054 0.043 0.04 0.041 0.066
284 F 0.034 0.019 0.017 0.017 0.011 0.011 0.019 0.025 0.017 0.064 0.115 0.019 0.025 0.385 0.011 0.025 0.025 0.017 0.089 0.055
285 G 0.039 0.017 0.073 0.148 0.006 0.029 0.031 0.425 0.01 0.018 0.025 0.028 0.007 0.034 0.019 0.037 0.023 0.003 0.009 0.017
286 G 0.049 0.022 0.036 0.015 0.007 0.023 0.016 0.155 0.01 0.048 0.138 0.019 0.029 0.13 0.009 0.025 0.035 0.129 0.059 0.045
287 K 0.073 0.07 0.04 0.096 0.009 0.055 0.097 0.142 0.019 0.023 0.036 0.154 0.013 0.015 0.023 0.051 0.035 0.005 0.014 0.03
288 A 0.29 0.031 0.026 0.03 0.022 0.026 0.04 0.078 0.015 0.043 0.059 0.044 0.017 0.022 0.03 0.085 0.05 0.005 0.017 0.069
289 E 0.055 0.05 0.04 0.09 0.007 0.064 0.297 0.035 0.026 0.022 0.037 0.075 0.013 0.017 0.026 0.055 0.037 0.005 0.017 0.031
290 G 0.042 0.019 0.043 0.153 0.006 0.03 0.077 0.365 0.015 0.014 0.02 0.035 0.007 0.015 0.013 0.069 0.04 0.006 0.013 0.017
291 I 0.032 0.013 0.011 0.012 0.01 0.018 0.014 0.014 0.006 0.393 0.118 0.021 0.061 0.026 0.012 0.022 0.045 0.004 0.017 0.152
292 Y 0.035 0.02 0.013 0.012 0.007 0.013 0.021 0.038 0.045 0.065 0.082 0.018 0.015 0.088 0.009 0.026 0.026 0.162 0.25 0.055
293 F 0.052 0.015 0.015 0.015 0.008 0.015 0.02 0.182 0.013 0.046 0.16 0.018 0.022 0.2 0.012 0.043 0.049 0.035 0.025 0.055
294 V 0.052 0.014 0.011 0.012 0.011 0.011 0.015 0.016 0.005 0.109 0.084 0.017 0.022 0.021 0.026 0.026 0.059 0.003 0.012 0.473
295 N 0.027 0.027 0.554 0.053 0.006 0.02 0.03 0.039 0.023 0.015 0.021 0.032 0.011 0.011 0.012 0.044 0.045 0.003 0.01 0.017
296 L 0.058 0.015 0.012 0.012 0.015 0.011 0.015 0.039 0.007 0.083 0.357 0.018 0.03 0.098 0.01 0.041 0.074 0.005 0.017 0.082
297 V 0.072 0.013 0.011 0.012 0.041 0.01 0.014 0.029 0.006 0.216 0.118 0.016 0.026 0.067 0.011 0.029 0.028 0.004 0.015 0.263
298 C 0.063 0.012 0.013 0.013 0.529 0.009 0.013 0.063 0.006 0.027 0.037 0.016 0.01 0.013 0.011 0.077 0.025 0.003 0.015 0.045
299 G 0.292 0.017 0.02 0.02 0.015 0.014 0.021 0.347 0.009 0.019 0.027 0.024 0.008 0.012 0.015 0.075 0.026 0.003 0.009 0.028
300 L 0.172 0.015 0.013 0.014 0.011 0.012 0.017 0.05 0.007 0.141 0.186 0.02 0.028 0.057 0.012 0.04 0.059 0.004 0.014 0.128
301 I 0.03 0.012 0.009 0.01 0.02 0.009 0.012 0.013 0.006 0.321 0.226 0.015 0.027 0.076 0.009 0.02 0.023 0.004 0.016 0.142
302 F 0.025 0.013 0.01 0.011 0.008 0.008 0.012 0.02 0.01 0.06 0.122 0.013 0.041 0.44 0.007 0.017 0.023 0.009 0.056 0.095
303 S 0.121 0.018 0.018 0.018 0.034 0.015 0.02 0.048 0.009 0.088 0.073 0.023 0.107 0.043 0.013 0.131 0.091 0.004 0.022 0.103
304 W 0.087 0.015 0.013 0.013 0.014 0.011 0.017 0.032 0.014 0.108 0.126 0.018 0.023 0.093 0.01 0.064 0.046 0.129 0.074 0.091
305 G 0.074 0.014 0.026 0.02 0.054 0.012 0.016 0.559 0.008 0.015 0.022 0.02 0.007 0.034 0.012 0.049 0.026 0.003 0.009 0.019
306 L 0.03 0.014 0.01 0.01 0.01 0.01 0.013 0.014 0.006 0.106 0.479 0.016 0.029 0.059 0.009 0.017 0.041 0.004 0.015 0.11
307 V 0.1 0.015 0.012 0.013 0.02 0.019 0.016 0.035 0.009 0.164 0.141 0.018 0.028 0.071 0.011 0.039 0.04 0.005 0.066 0.177
308 R 0.106 0.204 0.03 0.019 0.013 0.038 0.033 0.024 0.011 0.056 0.073 0.093 0.02 0.046 0.013 0.051 0.043 0.004 0.031 0.094
309 F 0.023 0.012 0.011 0.011 0.012 0.008 0.012 0.016 0.01 0.05 0.139 0.013 0.017 0.495 0.007 0.028 0.021 0.009 0.06 0.045
310 C 0.189 0.016 0.02 0.016 0.312 0.012 0.019 0.031 0.008 0.032 0.045 0.021 0.011 0.023 0.014 0.133 0.03 0.003 0.01 0.055
311 R 0.043 0.339 0.041 0.025 0.006 0.05 0.039 0.027 0.017 0.033 0.087 0.097 0.019 0.028 0.012 0.052 0.023 0.014 0.013 0.034
312 R 0.1 0.162 0.06 0.043 0.008 0.054 0.037 0.034 0.036 0.026 0.04 0.108 0.014 0.013 0.015 0.096 0.104 0.003 0.012 0.037
313 Q 0.031 0.032 0.02 0.022 0.007 0.292 0.058 0.021 0.013 0.04 0.185 0.043 0.033 0.061 0.012 0.028 0.043 0.01 0.016 0.034
314 P 0.043 0.04 0.03 0.026 0.006 0.024 0.039 0.024 0.01 0.017 0.024 0.078 0.007 0.01 0.494 0.044 0.039 0.002 0.022 0.02
315 R 0.052 0.196 0.131 0.034 0.006 0.037 0.048 0.03 0.029 0.033 0.095 0.057 0.019 0.054 0.012 0.05 0.024 0.015 0.047 0.031
316 P 0.038 0.025 0.015 0.018 0.007 0.013 0.021 0.022 0.009 0.027 0.031 0.025 0.008 0.031 0.576 0.039 0.026 0.003 0.036 0.03
317 W 0.04 0.019 0.01 0.01 0.005 0.01 0.014 0.019 0.01 0.022 0.062 0.019 0.011 0.053 0.006 0.016 0.015 0.582 0.051 0.026
318 L 0.033 0.019 0.009 0.01 0.01 0.01 0.013 0.014 0.006 0.087 0.521 0.016 0.039 0.04 0.014 0.016 0.025 0.004 0.014 0.1
319 A 0.329 0.018 0.018 0.018 0.042 0.014 0.022 0.125 0.008 0.037 0.045 0.025 0.011 0.013 0.052 0.083 0.052 0.003 0.01 0.073
320 L 0.045 0.015 0.014 0.011 0.01 0.01 0.013 0.015 0.007 0.132 0.386 0.016 0.061 0.085 0.009 0.021 0.026 0.01 0.022 0.093
321 L 0.164 0.016 0.014 0.014 0.028 0.012 0.017 0.03 0.007 0.07 0.262 0.02 0.024 0.046 0.012 0.051 0.082 0.004 0.014 0.113
