#Seq2Logo.py -f /work3/idamei/ssn-clusterings/2206011120/clusters/0011_188/sequences.afa -m 0.0001 -b 50 -o /work3/idamei/ssn-clusterings/2206011120/clusters/0011_188/sequences.logo -p 640x1000 -l 30
#Position Specific Frequency Matrix
A R N D C Q E G H I L K M F P S T W Y V
0 M 0.049 0.03 0.019 0.019 0.015 0.027 0.027 0.027 0.015 0.095 0.186 0.034 0.208 0.045 0.015 0.034 0.038 0.008 0.023 0.087
1 Y 0.04 0.025 0.018 0.017 0.011 0.019 0.024 0.022 0.033 0.064 0.18 0.028 0.027 0.1 0.014 0.027 0.028 0.02 0.243 0.06
2 L 0.043 0.02 0.014 0.015 0.015 0.014 0.018 0.02 0.009 0.198 0.298 0.023 0.042 0.047 0.014 0.023 0.034 0.006 0.02 0.125
3 L 0.039 0.021 0.014 0.015 0.014 0.014 0.019 0.021 0.012 0.093 0.309 0.022 0.039 0.174 0.012 0.023 0.029 0.01 0.042 0.078
4 K 0.076 0.058 0.044 0.04 0.014 0.036 0.051 0.048 0.017 0.035 0.047 0.137 0.016 0.019 0.027 0.133 0.134 0.005 0.017 0.046
5 N 0.04 0.038 0.257 0.196 0.008 0.031 0.06 0.056 0.026 0.021 0.029 0.048 0.01 0.016 0.02 0.06 0.042 0.004 0.013 0.025
6 N 0.062 0.041 0.253 0.068 0.011 0.032 0.048 0.062 0.026 0.024 0.033 0.051 0.012 0.018 0.022 0.131 0.057 0.004 0.015 0.03
7 L 0.045 0.028 0.127 0.037 0.013 0.02 0.028 0.034 0.016 0.13 0.195 0.033 0.03 0.036 0.016 0.038 0.04 0.005 0.018 0.11
8 I 0.044 0.019 0.014 0.016 0.015 0.014 0.018 0.02 0.009 0.243 0.242 0.023 0.039 0.045 0.014 0.023 0.036 0.006 0.02 0.142
9 L 0.043 0.021 0.014 0.015 0.015 0.014 0.018 0.02 0.009 0.176 0.326 0.023 0.043 0.048 0.014 0.023 0.034 0.006 0.021 0.116
10 L 0.042 0.023 0.013 0.014 0.015 0.015 0.019 0.02 0.01 0.109 0.409 0.024 0.047 0.052 0.013 0.023 0.032 0.007 0.021 0.091
11 F 0.037 0.018 0.015 0.016 0.012 0.011 0.018 0.023 0.013 0.135 0.123 0.02 0.027 0.293 0.011 0.024 0.029 0.013 0.063 0.098
12 F 0.056 0.025 0.028 0.026 0.012 0.017 0.029 0.037 0.017 0.049 0.085 0.029 0.021 0.286 0.016 0.103 0.042 0.012 0.062 0.048
13 L 0.04 0.019 0.014 0.016 0.014 0.013 0.018 0.021 0.011 0.16 0.225 0.021 0.035 0.171 0.012 0.024 0.031 0.009 0.042 0.103
14 L 0.043 0.021 0.014 0.015 0.015 0.014 0.018 0.02 0.009 0.176 0.326 0.023 0.043 0.048 0.014 0.023 0.034 0.006 0.021 0.116
15 H 0.039 0.038 0.041 0.03 0.008 0.031 0.043 0.032 0.274 0.028 0.046 0.039 0.016 0.061 0.017 0.036 0.026 0.014 0.154 0.029
16 I 0.05 0.02 0.02 0.021 0.016 0.016 0.021 0.024 0.009 0.252 0.137 0.027 0.031 0.038 0.017 0.038 0.093 0.006 0.019 0.145
17 A 0.145 0.022 0.019 0.02 0.072 0.017 0.026 0.041 0.012 0.084 0.091 0.028 0.023 0.113 0.019 0.047 0.041 0.007 0.032 0.142
18 L 0.05 0.022 0.014 0.015 0.016 0.015 0.02 0.021 0.009 0.125 0.314 0.024 0.041 0.046 0.014 0.026 0.037 0.006 0.021 0.163
19 V 0.064 0.02 0.015 0.017 0.018 0.015 0.021 0.023 0.008 0.173 0.127 0.024 0.03 0.035 0.015 0.03 0.046 0.005 0.019 0.292
20 F 0.032 0.018 0.016 0.016 0.01 0.01 0.018 0.024 0.016 0.06 0.108 0.018 0.024 0.42 0.01 0.024 0.024 0.016 0.084 0.052
21 I 0.045 0.021 0.016 0.017 0.015 0.017 0.02 0.022 0.011 0.211 0.162 0.026 0.091 0.085 0.014 0.027 0.036 0.007 0.028 0.128
22 G 0.082 0.031 0.043 0.038 0.015 0.025 0.037 0.213 0.015 0.032 0.043 0.042 0.014 0.019 0.024 0.133 0.131 0.005 0.015 0.043
23 F 0.137 0.026 0.02 0.021 0.015 0.02 0.028 0.042 0.015 0.065 0.117 0.031 0.082 0.162 0.018 0.046 0.036 0.01 0.041 0.068
24 L 0.134 0.023 0.018 0.019 0.015 0.017 0.025 0.039 0.013 0.07 0.191 0.028 0.029 0.164 0.017 0.042 0.034 0.009 0.041 0.069
25 G 0.062 0.02 0.022 0.022 0.015 0.015 0.021 0.193 0.01 0.161 0.103 0.026 0.025 0.03 0.016 0.034 0.038 0.005 0.016 0.166
26 A 0.166 0.029 0.03 0.03 0.018 0.024 0.037 0.053 0.013 0.075 0.073 0.039 0.02 0.025 0.024 0.124 0.057 0.005 0.018 0.138
27 Y 0.044 0.051 0.027 0.025 0.009 0.031 0.04 0.029 0.036 0.036 0.057 0.125 0.017 0.087 0.019 0.037 0.03 0.019 0.242 0.04
28 L 0.051 0.146 0.03 0.026 0.013 0.029 0.035 0.031 0.015 0.061 0.172 0.06 0.027 0.03 0.019 0.051 0.117 0.006 0.018 0.063
29 N 0.052 0.036 0.248 0.063 0.009 0.027 0.039 0.22 0.024 0.02 0.029 0.045 0.01 0.016 0.019 0.06 0.041 0.005 0.013 0.025
30 S 0.104 0.038 0.051 0.046 0.017 0.031 0.05 0.063 0.018 0.028 0.04 0.051 0.015 0.02 0.028 0.262 0.078 0.005 0.017 0.04
31 K 0.066 0.175 0.038 0.036 0.009 0.048 0.061 0.04 0.02 0.026 0.043 0.245 0.015 0.015 0.024 0.05 0.037 0.005 0.016 0.032
32 G 0.063 0.141 0.037 0.031 0.009 0.027 0.033 0.368 0.016 0.019 0.033 0.059 0.011 0.016 0.018 0.046 0.03 0.005 0.012 0.025
33 L 0.045 0.022 0.021 0.02 0.014 0.015 0.022 0.026 0.012 0.124 0.176 0.026 0.03 0.166 0.015 0.038 0.087 0.009 0.041 0.09
34 D 0.039 0.028 0.065 0.43 0.007 0.028 0.086 0.044 0.018 0.021 0.026 0.042 0.009 0.014 0.021 0.049 0.034 0.004 0.011 0.023
35 R 0.062 0.154 0.147 0.051 0.011 0.036 0.049 0.052 0.023 0.024 0.038 0.072 0.013 0.018 0.022 0.123 0.052 0.005 0.016 0.032
36 V 0.055 0.02 0.016 0.017 0.015 0.014 0.021 0.024 0.011 0.124 0.118 0.022 0.028 0.162 0.014 0.029 0.039 0.009 0.041 0.223
37 G 0.08 0.027 0.041 0.035 0.012 0.022 0.031 0.376 0.014 0.024 0.034 0.037 0.011 0.017 0.021 0.1 0.068 0.005 0.012 0.032
38 V 0.066 0.02 0.018 0.018 0.127 0.015 0.021 0.082 0.008 0.115 0.099 0.024 0.024 0.028 0.016 0.035 0.042 0.005 0.017 0.22
39 L 0.042 0.021 0.014 0.015 0.015 0.014 0.018 0.02 0.01 0.173 0.309 0.023 0.042 0.069 0.013 0.023 0.033 0.007 0.024 0.114
40 I 0.052 0.02 0.015 0.017 0.016 0.015 0.02 0.022 0.009 0.235 0.15 0.024 0.052 0.04 0.015 0.027 0.041 0.006 0.02 0.205
41 V 0.074 0.023 0.021 0.022 0.017 0.018 0.025 0.029 0.009 0.167 0.115 0.029 0.028 0.033 0.018 0.05 0.086 0.005 0.019 0.212
42 G 0.126 0.022 0.023 0.023 0.015 0.017 0.026 0.165 0.013 0.068 0.078 0.029 0.02 0.123 0.018 0.046 0.036 0.008 0.032 0.112
43 L 0.043 0.021 0.014 0.015 0.015 0.015 0.018 0.02 0.009 0.16 0.348 0.023 0.044 0.049 0.014 0.023 0.033 0.006 0.021 0.11
44 L 0.058 0.025 0.025 0.023 0.14 0.019 0.026 0.031 0.011 0.068 0.178 0.031 0.027 0.031 0.019 0.054 0.14 0.006 0.017 0.072
45 Y 0.037 0.024 0.019 0.017 0.009 0.018 0.024 0.024 0.037 0.046 0.075 0.027 0.019 0.198 0.014 0.028 0.026 0.024 0.288 0.046
46 V 0.066 0.021 0.015 0.017 0.017 0.015 0.021 0.024 0.009 0.178 0.201 0.025 0.035 0.04 0.015 0.029 0.041 0.006 0.02 0.209
47 L 0.05 0.022 0.014 0.016 0.016 0.015 0.02 0.021 0.009 0.156 0.275 0.024 0.047 0.044 0.014 0.026 0.037 0.006 0.02 0.167
48 L 0.043 0.02 0.014 0.016 0.015 0.014 0.018 0.02 0.009 0.211 0.285 0.023 0.041 0.047 0.014 0.023 0.035 0.006 0.02 0.129
49 N 0.048 0.031 0.185 0.048 0.013 0.023 0.033 0.041 0.019 0.127 0.085 0.037 0.021 0.027 0.017 0.047 0.044 0.005 0.017 0.132
50 F 0.042 0.021 0.017 0.017 0.012 0.014 0.021 0.024 0.021 0.079 0.101 0.022 0.024 0.25 0.013 0.027 0.03 0.016 0.136 0.115
51 S 0.133 0.035 0.044 0.04 0.017 0.029 0.044 0.059 0.016 0.036 0.048 0.047 0.016 0.02 0.028 0.189 0.125 0.005 0.017 0.051
52 R 0.042 0.382 0.037 0.029 0.007 0.046 0.049 0.031 0.022 0.022 0.044 0.113 0.015 0.016 0.018 0.042 0.033 0.005 0.016 0.029
53 T 0.065 0.042 0.041 0.038 0.015 0.084 0.052 0.04 0.017 0.044 0.057 0.054 0.019 0.02 0.025 0.079 0.227 0.006 0.017 0.059
54 G 0.074 0.022 0.037 0.032 0.01 0.018 0.024 0.538 0.013 0.018 0.027 0.032 0.009 0.015 0.018 0.048 0.028 0.005 0.01 0.023
55 L 0.041 0.024 0.015 0.015 0.014 0.017 0.021 0.021 0.018 0.092 0.324 0.025 0.04 0.07 0.014 0.025 0.03 0.012 0.105 0.079
56 G 0.074 0.022 0.037 0.032 0.01 0.018 0.024 0.538 0.013 0.018 0.027 0.032 0.009 0.015 0.018 0.048 0.028 0.005 0.01 0.023
57 V 0.066 0.021 0.016 0.017 0.018 0.016 0.022 0.023 0.008 0.155 0.123 0.025 0.03 0.034 0.016 0.031 0.047 0.005 0.019 0.31
58 D 0.039 0.028 0.065 0.432 0.007 0.028 0.086 0.044 0.018 0.021 0.026 0.042 0.009 0.014 0.021 0.049 0.033 0.003 0.011 0.023
59 E 0.052 0.047 0.038 0.085 0.007 0.061 0.336 0.033 0.024 0.021 0.035 0.071 0.012 0.016 0.024 0.052 0.035 0.005 0.016 0.03
60 P 0.079 0.031 0.037 0.038 0.013 0.025 0.042 0.048 0.015 0.026 0.037 0.045 0.012 0.016 0.275 0.153 0.056 0.004 0.014 0.034
61 T 0.068 0.03 0.035 0.031 0.017 0.023 0.033 0.037 0.012 0.077 0.077 0.038 0.021 0.025 0.023 0.073 0.229 0.005 0.017 0.128
62 Y 0.038 0.026 0.021 0.018 0.009 0.021 0.026 0.023 0.044 0.041 0.065 0.029 0.018 0.123 0.015 0.029 0.026 0.026 0.356 0.044
63 L 0.042 0.113 0.019 0.018 0.013 0.023 0.027 0.023 0.013 0.087 0.319 0.046 0.039 0.043 0.015 0.028 0.032 0.006 0.02 0.075
64 E 0.052 0.047 0.038 0.085 0.007 0.061 0.336 0.033 0.024 0.021 0.035 0.071 0.012 0.016 0.024 0.052 0.035 0.005 0.016 0.03
65 A 0.208 0.032 0.035 0.034 0.019 0.026 0.041 0.063 0.015 0.04 0.053 0.044 0.017 0.021 0.028 0.128 0.115 0.005 0.017 0.059
66 Y 0.038 0.026 0.021 0.018 0.009 0.021 0.026 0.023 0.044 0.041 0.065 0.029 0.018 0.123 0.015 0.029 0.026 0.026 0.356 0.044
67 K 0.048 0.159 0.041 0.037 0.008 0.064 0.062 0.037 0.083 0.024 0.041 0.202 0.015 0.017 0.022 0.047 0.034 0.005 0.023 0.029
68 D 0.044 0.032 0.049 0.14 0.01 0.032 0.118 0.032 0.022 0.048 0.133 0.043 0.021 0.043 0.019 0.042 0.043 0.009 0.073 0.047
69 Y 0.037 0.024 0.019 0.017 0.009 0.018 0.024 0.024 0.037 0.046 0.075 0.027 0.019 0.198 0.014 0.028 0.026 0.024 0.288 0.046
70 L 0.047 0.021 0.014 0.015 0.016 0.015 0.019 0.02 0.009 0.167 0.3 0.024 0.041 0.046 0.014 0.024 0.036 0.006 0.02 0.146
71 I 0.047 0.018 0.015 0.018 0.016 0.013 0.018 0.02 0.009 0.278 0.166 0.023 0.036 0.044 0.015 0.025 0.039 0.006 0.02 0.175
72 S 0.075 0.045 0.052 0.142 0.012 0.079 0.069 0.052 0.02 0.026 0.037 0.067 0.014 0.017 0.025 0.157 0.057 0.005 0.016 0.034
73 T 0.078 0.033 0.043 0.037 0.016 0.026 0.038 0.129 0.014 0.039 0.05 0.043 0.016 0.021 0.025 0.125 0.193 0.005 0.016 0.053
74 G 0.081 0.026 0.04 0.035 0.012 0.021 0.03 0.419 0.014 0.02 0.03 0.037 0.01 0.016 0.02 0.102 0.04 0.005 0.012 0.027
75 T 0.072 0.033 0.039 0.075 0.015 0.031 0.09 0.041 0.015 0.064 0.064 0.045 0.019 0.023 0.023 0.108 0.112 0.005 0.017 0.111
76 L 0.094 0.026 0.019 0.019 0.016 0.02 0.025 0.032 0.011 0.092 0.273 0.03 0.066 0.042 0.017 0.04 0.057 0.006 0.02 0.093
77 H 0.042 0.04 0.051 0.147 0.007 0.04 0.131 0.037 0.206 0.021 0.033 0.05 0.012 0.022 0.02 0.045 0.03 0.006 0.034 0.024
78 F 0.032 0.018 0.016 0.016 0.01 0.01 0.018 0.024 0.016 0.06 0.108 0.018 0.024 0.422 0.01 0.024 0.024 0.016 0.084 0.052
79 E 0.052 0.047 0.038 0.085 0.007 0.061 0.336 0.033 0.024 0.021 0.035 0.071 0.012 0.016 0.024 0.052 0.035 0.005 0.016 0.03
80 Y 0.038 0.026 0.021 0.018 0.009 0.021 0.026 0.023 0.044 0.041 0.065 0.029 0.018 0.123 0.015 0.029 0.026 0.026 0.356 0.044
81 S 0.096 0.034 0.048 0.043 0.015 0.028 0.043 0.181 0.017 0.025 0.036 0.046 0.013 0.019 0.025 0.21 0.065 0.005 0.015 0.035
82 F 0.035 0.018 0.016 0.016 0.011 0.01 0.018 0.024 0.015 0.068 0.109 0.018 0.024 0.389 0.01 0.025 0.026 0.015 0.078 0.073
83 N 0.053 0.044 0.329 0.075 0.009 0.032 0.047 0.061 0.029 0.022 0.031 0.062 0.011 0.017 0.02 0.066 0.046 0.004 0.015 0.027
84 F 0.052 0.023 0.024 0.024 0.013 0.016 0.026 0.033 0.015 0.094 0.099 0.027 0.023 0.258 0.015 0.084 0.04 0.011 0.056 0.068
85 L 0.044 0.023 0.015 0.016 0.015 0.017 0.02 0.022 0.011 0.156 0.291 0.026 0.084 0.048 0.014 0.026 0.035 0.007 0.021 0.109
86 F 0.035 0.022 0.018 0.017 0.009 0.015 0.022 0.024 0.03 0.05 0.086 0.024 0.021 0.272 0.012 0.027 0.025 0.021 0.22 0.048
87 Y 0.036 0.025 0.019 0.017 0.009 0.019 0.025 0.024 0.036 0.041 0.076 0.028 0.018 0.107 0.013 0.027 0.026 0.129 0.282 0.043
88 L 0.054 0.02 0.018 0.018 0.18 0.014 0.019 0.11 0.009 0.071 0.23 0.024 0.03 0.035 0.015 0.032 0.032 0.005 0.016 0.067
89 L 0.042 0.021 0.014 0.015 0.014 0.014 0.019 0.021 0.011 0.117 0.29 0.022 0.039 0.142 0.013 0.024 0.031 0.009 0.036 0.106
90 S 0.077 0.116 0.045 0.041 0.012 0.04 0.055 0.05 0.019 0.026 0.041 0.151 0.015 0.017 0.026 0.156 0.057 0.005 0.016 0.035
91 L 0.044 0.021 0.014 0.015 0.015 0.014 0.018 0.02 0.009 0.17 0.325 0.023 0.043 0.048 0.014 0.023 0.034 0.006 0.021 0.122
92 L 0.112 0.023 0.017 0.018 0.016 0.017 0.024 0.034 0.012 0.092 0.261 0.027 0.035 0.105 0.017 0.037 0.034 0.008 0.03 0.081
93 D 0.065 0.03 0.055 0.236 0.01 0.027 0.063 0.152 0.017 0.022 0.03 0.043 0.011 0.016 0.022 0.112 0.045 0.004 0.012 0.028
94 V 0.059 0.019 0.015 0.017 0.017 0.015 0.02 0.022 0.008 0.208 0.135 0.024 0.031 0.036 0.015 0.029 0.044 0.005 0.019 0.262
95 S 0.08 0.045 0.072 0.047 0.014 0.087 0.059 0.053 0.021 0.03 0.044 0.058 0.016 0.018 0.025 0.165 0.1 0.005 0.017 0.041
96 P 0.053 0.03 0.026 0.043 0.009 0.03 0.11 0.034 0.015 0.023 0.034 0.047 0.01 0.013 0.398 0.044 0.034 0.003 0.013 0.029
97 D 0.069 0.037 0.049 0.189 0.009 0.042 0.18 0.064 0.02 0.023 0.033 0.055 0.012 0.016 0.024 0.087 0.042 0.005 0.014 0.03
98 F 0.054 0.031 0.111 0.04 0.011 0.023 0.035 0.043 0.027 0.038 0.06 0.037 0.017 0.145 0.018 0.096 0.044 0.013 0.118 0.04
99 F 0.032 0.018 0.016 0.016 0.01 0.01 0.018 0.024 0.016 0.06 0.108 0.018 0.024 0.422 0.01 0.024 0.024 0.016 0.084 0.052
100 N 0.04 0.042 0.356 0.078 0.008 0.032 0.047 0.062 0.03 0.021 0.03 0.051 0.011 0.017 0.019 0.066 0.047 0.004 0.015 0.025
101 T 0.058 0.053 0.119 0.047 0.013 0.034 0.047 0.046 0.019 0.037 0.048 0.114 0.016 0.019 0.024 0.073 0.166 0.005 0.016 0.048
102 T 0.055 0.026 0.028 0.026 0.015 0.019 0.028 0.032 0.013 0.103 0.097 0.032 0.031 0.127 0.019 0.056 0.16 0.008 0.034 0.091
103 I 0.041 0.02 0.016 0.017 0.013 0.014 0.02 0.021 0.019 0.185 0.148 0.023 0.03 0.126 0.013 0.025 0.032 0.013 0.115 0.111
104 S 0.081 0.029 0.035 0.034 0.139 0.023 0.037 0.047 0.014 0.031 0.044 0.04 0.014 0.018 0.148 0.152 0.056 0.004 0.014 0.04
105 L 0.061 0.034 0.114 0.043 0.014 0.026 0.037 0.044 0.017 0.054 0.137 0.041 0.023 0.028 0.021 0.095 0.129 0.005 0.017 0.058
106 L 0.042 0.022 0.013 0.015 0.015 0.015 0.019 0.02 0.009 0.151 0.358 0.024 0.044 0.05 0.013 0.023 0.033 0.006 0.021 0.107
107 F 0.037 0.02 0.017 0.017 0.011 0.013 0.02 0.023 0.021 0.118 0.11 0.022 0.025 0.252 0.012 0.025 0.028 0.016 0.136 0.079
108 L 0.049 0.021 0.014 0.016 0.016 0.015 0.019 0.021 0.009 0.171 0.276 0.024 0.04 0.045 0.014 0.025 0.037 0.006 0.02 0.165
109 L 0.071 0.024 0.019 0.02 0.016 0.017 0.023 0.028 0.01 0.144 0.26 0.028 0.037 0.042 0.017 0.039 0.077 0.006 0.02 0.104
110 F 0.087 0.021 0.017 0.018 0.014 0.014 0.022 0.031 0.013 0.077 0.176 0.024 0.029 0.23 0.014 0.034 0.032 0.011 0.052 0.085
111 L 0.079 0.03 0.033 0.031 0.017 0.023 0.035 0.042 0.013 0.08 0.153 0.038 0.027 0.031 0.021 0.146 0.058 0.005 0.018 0.12
112 L 0.051 0.025 0.023 0.022 0.014 0.019 0.026 0.028 0.019 0.126 0.172 0.03 0.029 0.06 0.017 0.056 0.079 0.011 0.103 0.09
113 L 0.045 0.022 0.016 0.016 0.013 0.016 0.021 0.023 0.019 0.093 0.189 0.024 0.031 0.142 0.014 0.027 0.032 0.013 0.118 0.126
114 L 0.1 0.026 0.019 0.02 0.017 0.021 0.026 0.033 0.012 0.101 0.194 0.031 0.075 0.038 0.018 0.043 0.061 0.006 0.02 0.138
115 V 0.06 0.02 0.015 0.017 0.017 0.015 0.02 0.022 0.008 0.201 0.133 0.024 0.031 0.036 0.015 0.029 0.044 0.005 0.019 0.268
116 G 0.061 0.029 0.059 0.033 0.014 0.022 0.03 0.162 0.013 0.054 0.137 0.036 0.023 0.027 0.02 0.06 0.139 0.006 0.016 0.058
117 K 0.053 0.152 0.034 0.032 0.01 0.041 0.052 0.035 0.017 0.06 0.061 0.195 0.018 0.02 0.022 0.046 0.048 0.005 0.017 0.084
118 C 0.085 0.022 0.022 0.022 0.14 0.017 0.025 0.036 0.012 0.072 0.084 0.027 0.021 0.124 0.017 0.074 0.043 0.007 0.033 0.116
119 V 0.061 0.02 0.015 0.017 0.017 0.015 0.021 0.022 0.008 0.195 0.132 0.024 0.031 0.036 0.015 0.029 0.044 0.005 0.019 0.274
120 D 0.046 0.051 0.052 0.247 0.007 0.042 0.144 0.04 0.02 0.022 0.032 0.119 0.011 0.015 0.023 0.05 0.035 0.004 0.013 0.027
121 S 0.1 0.054 0.097 0.048 0.013 0.036 0.052 0.058 0.02 0.027 0.04 0.117 0.014 0.018 0.026 0.162 0.06 0.005 0.016 0.037
122 P 0.054 0.024 0.022 0.029 0.01 0.02 0.034 0.034 0.012 0.024 0.034 0.039 0.01 0.012 0.522 0.041 0.034 0.002 0.012 0.029
123 Y 0.037 0.024 0.019 0.017 0.009 0.018 0.024 0.024 0.037 0.046 0.075 0.027 0.019 0.198 0.014 0.028 0.026 0.024 0.288 0.046
124 K 0.051 0.163 0.039 0.038 0.008 0.101 0.07 0.038 0.022 0.025 0.042 0.209 0.016 0.015 0.023 0.049 0.037 0.005 0.017 0.031
125 T 0.086 0.036 0.046 0.041 0.017 0.029 0.043 0.052 0.016 0.039 0.05 0.047 0.017 0.021 0.027 0.176 0.183 0.005 0.017 0.053
126 L 0.04 0.02 0.014 0.015 0.014 0.013 0.018 0.021 0.011 0.147 0.272 0.022 0.038 0.142 0.013 0.023 0.031 0.009 0.036 0.1
127 C 0.066 0.018 0.021 0.02 0.264 0.014 0.019 0.156 0.009 0.064 0.068 0.024 0.017 0.022 0.016 0.039 0.036 0.005 0.013 0.11
128 L 0.046 0.022 0.014 0.015 0.016 0.015 0.019 0.021 0.009 0.134 0.342 0.024 0.043 0.048 0.014 0.024 0.035 0.006 0.021 0.134
129 I 0.049 0.019 0.014 0.016 0.016 0.014 0.019 0.021 0.008 0.222 0.213 0.023 0.037 0.042 0.014 0.025 0.038 0.006 0.02 0.184
130 F 0.034 0.019 0.015 0.016 0.011 0.011 0.018 0.023 0.014 0.072 0.184 0.019 0.03 0.329 0.011 0.024 0.026 0.014 0.068 0.062
131 F 0.041 0.022 0.022 0.021 0.012 0.014 0.023 0.028 0.015 0.057 0.096 0.024 0.023 0.322 0.014 0.04 0.09 0.013 0.067 0.056
132 L 0.043 0.022 0.014 0.015 0.015 0.016 0.019 0.021 0.01 0.142 0.35 0.024 0.058 0.049 0.014 0.024 0.033 0.007 0.021 0.103
133 F 0.032 0.018 0.016 0.016 0.01 0.01 0.018 0.024 0.016 0.06 0.108 0.018 0.024 0.422 0.01 0.024 0.024 0.016 0.084 0.052
134 F 0.068 0.028 0.033 0.031 0.013 0.021 0.034 0.043 0.017 0.044 0.074 0.034 0.019 0.221 0.019 0.144 0.051 0.01 0.05 0.046
135 S 0.104 0.038 0.051 0.046 0.017 0.031 0.049 0.063 0.018 0.028 0.04 0.051 0.015 0.02 0.028 0.264 0.077 0.005 0.017 0.04
136 V 0.054 0.023 0.021 0.021 0.015 0.016 0.024 0.027 0.011 0.148 0.138 0.027 0.029 0.099 0.017 0.041 0.1 0.007 0.03 0.152
137 T 0.069 0.031 0.037 0.033 0.015 0.024 0.036 0.042 0.016 0.046 0.066 0.039 0.019 0.109 0.023 0.116 0.17 0.008 0.045 0.056
138 L 0.042 0.023 0.013 0.014 0.015 0.015 0.019 0.02 0.01 0.109 0.411 0.024 0.047 0.052 0.013 0.023 0.032 0.007 0.021 0.091
139 D 0.039 0.028 0.065 0.432 0.007 0.028 0.086 0.044 0.018 0.021 0.026 0.042 0.009 0.014 0.021 0.049 0.033 0.003 0.011 0.023
140 F 0.032 0.018 0.016 0.016 0.01 0.01 0.018 0.024 0.016 0.06 0.108 0.018 0.024 0.422 0.01 0.024 0.024 0.016 0.084 0.052
141 I 0.065 0.023 0.024 0.024 0.016 0.018 0.026 0.031 0.011 0.202 0.12 0.03 0.029 0.034 0.018 0.086 0.05 0.005 0.019 0.171
142 F 0.032 0.018 0.016 0.016 0.01 0.01 0.018 0.024 0.016 0.06 0.108 0.018 0.024 0.422 0.01 0.024 0.024 0.016 0.084 0.052
143 N 0.04 0.042 0.356 0.078 0.008 0.032 0.047 0.062 0.03 0.021 0.03 0.051 0.011 0.017 0.019 0.066 0.047 0.004 0.015 0.025
144 A 0.33 0.029 0.024 0.028 0.02 0.024 0.038 0.074 0.014 0.041 0.056 0.042 0.017 0.02 0.028 0.08 0.047 0.005 0.017 0.065
145 Y 0.038 0.026 0.021 0.018 0.009 0.021 0.026 0.023 0.044 0.041 0.065 0.029 0.018 0.123 0.015 0.029 0.026 0.026 0.356 0.044
146 R 0.042 0.382 0.037 0.029 0.007 0.046 0.049 0.031 0.022 0.022 0.044 0.113 0.015 0.016 0.018 0.042 0.033 0.005 0.016 0.029
147 Q 0.053 0.069 0.042 0.044 0.008 0.259 0.097 0.039 0.028 0.025 0.044 0.086 0.019 0.014 0.022 0.053 0.039 0.006 0.019 0.033
148 G 0.074 0.022 0.037 0.032 0.01 0.018 0.024 0.538 0.013 0.018 0.027 0.032 0.009 0.015 0.018 0.048 0.028 0.005 0.01 0.023
149 L 0.043 0.02 0.014 0.016 0.015 0.014 0.018 0.02 0.009 0.211 0.285 0.023 0.041 0.047 0.014 0.023 0.035 0.006 0.02 0.129
150 A 0.274 0.031 0.031 0.033 0.019 0.026 0.041 0.071 0.015 0.038 0.052 0.044 0.016 0.02 0.028 0.126 0.055 0.005 0.017 0.059
151 F 0.04 0.019 0.016 0.016 0.012 0.011 0.019 0.024 0.014 0.084 0.112 0.02 0.025 0.325 0.011 0.026 0.03 0.013 0.068 0.116
152 L 0.045 0.022 0.014 0.015 0.014 0.015 0.02 0.023 0.01 0.1 0.249 0.023 0.034 0.049 0.012 0.025 0.033 0.135 0.031 0.13
153 F 0.032 0.018 0.016 0.016 0.01 0.01 0.018 0.024 0.016 0.06 0.108 0.018 0.024 0.422 0.01 0.024 0.024 0.016 0.084 0.052
154 V 0.061 0.02 0.015 0.017 0.017 0.015 0.021 0.022 0.008 0.195 0.132 0.024 0.031 0.036 0.015 0.029 0.044 0.005 0.019 0.274
155 L 0.112 0.023 0.017 0.018 0.015 0.016 0.024 0.035 0.012 0.08 0.246 0.027 0.034 0.136 0.016 0.038 0.034 0.009 0.036 0.075
156 L 0.059 0.028 0.024 0.023 0.016 0.022 0.029 0.032 0.013 0.085 0.262 0.033 0.079 0.042 0.018 0.086 0.045 0.006 0.02 0.077
157 S 0.141 0.036 0.047 0.043 0.017 0.03 0.048 0.064 0.017 0.03 0.042 0.05 0.015 0.02 0.028 0.233 0.072 0.005 0.017 0.044
158 L 0.043 0.021 0.014 0.015 0.015 0.015 0.018 0.02 0.009 0.16 0.348 0.023 0.044 0.049 0.014 0.023 0.033 0.006 0.021 0.11
159 L 0.057 0.031 0.03 0.04 0.012 0.029 0.106 0.035 0.017 0.054 0.148 0.041 0.024 0.127 0.019 0.091 0.042 0.008 0.034 0.053
160 S 0.144 0.033 0.037 0.034 0.016 0.027 0.041 0.056 0.024 0.034 0.05 0.043 0.016 0.046 0.025 0.159 0.057 0.01 0.101 0.047
161 F 0.036 0.025 0.023 0.02 0.01 0.017 0.026 0.026 0.085 0.053 0.11 0.026 0.023 0.251 0.013 0.028 0.025 0.016 0.142 0.048
162 L 0.056 0.032 0.11 0.039 0.012 0.025 0.035 0.042 0.025 0.05 0.136 0.039 0.022 0.053 0.019 0.096 0.045 0.011 0.102 0.05
163 K 0.085 0.077 0.04 0.041 0.011 0.097 0.069 0.047 0.021 0.027 0.043 0.193 0.016 0.016 0.026 0.089 0.045 0.005 0.017 0.036
164 G 0.055 0.034 0.196 0.06 0.009 0.028 0.061 0.258 0.022 0.02 0.029 0.045 0.01 0.016 0.019 0.057 0.038 0.005 0.013 0.025
165 R 0.046 0.212 0.171 0.051 0.009 0.039 0.048 0.046 0.025 0.022 0.038 0.082 0.013 0.017 0.019 0.07 0.042 0.005 0.016 0.029
166 K 0.051 0.171 0.039 0.037 0.008 0.049 0.062 0.038 0.02 0.025 0.042 0.268 0.015 0.015 0.024 0.048 0.036 0.005 0.016 0.031
167 K 0.053 0.071 0.035 0.034 0.01 0.038 0.052 0.039 0.017 0.033 0.047 0.2 0.016 0.024 0.023 0.055 0.098 0.091 0.024 0.04
168 L 0.045 0.063 0.02 0.021 0.013 0.022 0.028 0.024 0.012 0.19 0.192 0.08 0.033 0.038 0.016 0.029 0.036 0.006 0.019 0.114
169 G 0.135 0.027 0.032 0.03 0.014 0.021 0.032 0.175 0.015 0.037 0.057 0.036 0.016 0.119 0.021 0.104 0.044 0.008 0.032 0.045
170 L 0.075 0.022 0.016 0.017 0.017 0.016 0.022 0.026 0.01 0.16 0.214 0.026 0.05 0.04 0.016 0.031 0.04 0.006 0.02 0.177
171 L 0.044 0.019 0.015 0.016 0.014 0.013 0.018 0.021 0.01 0.172 0.203 0.022 0.034 0.138 0.013 0.025 0.034 0.008 0.036 0.143
172 L 0.04 0.024 0.017 0.017 0.012 0.018 0.022 0.024 0.021 0.076 0.192 0.026 0.074 0.161 0.013 0.028 0.03 0.014 0.121 0.068
173 F 0.04 0.018 0.016 0.016 0.095 0.012 0.018 0.025 0.013 0.102 0.115 0.02 0.04 0.26 0.012 0.027 0.029 0.012 0.056 0.074
174 L 0.115 0.021 0.017 0.019 0.016 0.016 0.023 0.034 0.011 0.155 0.163 0.027 0.03 0.101 0.017 0.038 0.037 0.007 0.03 0.121
175 I 0.048 0.017 0.014 0.017 0.016 0.013 0.018 0.02 0.008 0.286 0.152 0.023 0.034 0.04 0.014 0.025 0.039 0.006 0.019 0.191
176 G 0.138 0.024 0.034 0.031 0.013 0.019 0.028 0.422 0.013 0.024 0.034 0.034 0.011 0.017 0.02 0.056 0.033 0.005 0.012 0.033
177 L 0.043 0.021 0.014 0.015 0.015 0.015 0.018 0.02 0.009 0.16 0.348 0.023 0.044 0.049 0.014 0.023 0.033 0.006 0.021 0.11
178 G 0.074 0.022 0.037 0.032 0.01 0.018 0.024 0.538 0.013 0.018 0.027 0.032 0.009 0.015 0.018 0.048 0.028 0.005 0.01 0.023
179 F 0.032 0.018 0.016 0.016 0.01 0.01 0.018 0.024 0.016 0.06 0.108 0.018 0.024 0.422 0.01 0.024 0.024 0.016 0.084 0.052
180 H 0.04 0.043 0.05 0.036 0.007 0.036 0.05 0.036 0.392 0.022 0.036 0.043 0.014 0.029 0.018 0.04 0.025 0.007 0.054 0.022
181 W 0.029 0.021 0.014 0.014 0.007 0.014 0.021 0.029 0.014 0.029 0.05 0.021 0.014 0.057 0.007 0.021 0.021 0.521 0.064 0.029
182 S 0.104 0.038 0.051 0.046 0.017 0.031 0.049 0.063 0.018 0.028 0.04 0.051 0.015 0.02 0.028 0.264 0.077 0.005 0.017 0.04
183 A 0.217 0.034 0.038 0.037 0.018 0.028 0.044 0.068 0.016 0.034 0.048 0.047 0.016 0.02 0.028 0.172 0.062 0.005 0.017 0.052
184 I 0.121 0.021 0.017 0.02 0.017 0.016 0.023 0.034 0.01 0.205 0.124 0.028 0.029 0.034 0.018 0.04 0.042 0.005 0.019 0.177
185 I 0.053 0.018 0.015 0.017 0.016 0.014 0.019 0.021 0.008 0.247 0.144 0.023 0.033 0.038 0.015 0.027 0.041 0.005 0.019 0.227
186 V 0.061 0.02 0.015 0.017 0.017 0.015 0.021 0.022 0.008 0.195 0.132 0.024 0.031 0.036 0.015 0.029 0.044 0.005 0.019 0.274
187 L 0.117 0.024 0.018 0.022 0.015 0.018 0.027 0.037 0.011 0.088 0.207 0.032 0.029 0.033 0.144 0.042 0.037 0.005 0.018 0.075
188 L 0.053 0.026 0.022 0.021 0.014 0.02 0.026 0.03 0.014 0.084 0.218 0.03 0.076 0.121 0.016 0.066 0.04 0.008 0.034 0.082
189 A 0.188 0.028 0.02 0.022 0.018 0.023 0.03 0.049 0.013 0.071 0.177 0.035 0.072 0.034 0.021 0.054 0.041 0.006 0.019 0.077
190 L 0.048 0.022 0.014 0.015 0.016 0.015 0.02 0.021 0.009 0.12 0.339 0.024 0.043 0.047 0.014 0.025 0.035 0.006 0.021 0.146
191 L 0.039 0.022 0.014 0.015 0.014 0.014 0.019 0.021 0.011 0.097 0.335 0.022 0.041 0.144 0.013 0.023 0.03 0.009 0.037 0.081
192 L 0.115 0.025 0.017 0.019 0.017 0.019 0.025 0.035 0.011 0.106 0.264 0.03 0.065 0.042 0.017 0.039 0.037 0.006 0.02 0.09
193 R 0.046 0.204 0.033 0.027 0.01 0.032 0.038 0.032 0.018 0.039 0.064 0.072 0.018 0.119 0.018 0.049 0.095 0.008 0.033 0.044
194 R 0.045 0.312 0.037 0.032 0.008 0.047 0.054 0.033 0.021 0.023 0.043 0.165 0.015 0.016 0.02 0.044 0.034 0.005 0.016 0.03
195 F 0.034 0.019 0.015 0.016 0.011 0.011 0.018 0.023 0.014 0.072 0.184 0.019 0.03 0.329 0.011 0.024 0.026 0.014 0.068 0.062
196 L 0.043 0.02 0.014 0.016 0.015 0.014 0.018 0.02 0.009 0.211 0.285 0.023 0.041 0.047 0.014 0.023 0.035 0.006 0.02 0.129
197 S 0.091 0.034 0.044 0.042 0.015 0.028 0.046 0.055 0.017 0.027 0.038 0.048 0.014 0.018 0.152 0.208 0.067 0.004 0.015 0.037
198 L 0.056 0.043 0.025 0.025 0.014 0.026 0.035 0.03 0.012 0.098 0.178 0.101 0.029 0.033 0.019 0.043 0.08 0.006 0.019 0.13
199 R 0.042 0.297 0.116 0.042 0.008 0.042 0.049 0.039 0.024 0.022 0.04 0.098 0.014 0.017 0.018 0.048 0.036 0.005 0.016 0.028
200 L 0.051 0.025 0.021 0.02 0.016 0.018 0.024 0.047 0.01 0.092 0.295 0.029 0.037 0.042 0.017 0.04 0.096 0.006 0.019 0.091
201 A 0.259 0.026 0.022 0.025 0.019 0.021 0.033 0.06 0.013 0.109 0.082 0.037 0.021 0.026 0.024 0.066 0.045 0.005 0.017 0.09
202 I 0.053 0.039 0.021 0.022 0.014 0.023 0.031 0.026 0.011 0.195 0.119 0.097 0.028 0.033 0.017 0.032 0.04 0.005 0.019 0.175
203 R 0.044 0.13 0.027 0.025 0.01 0.031 0.038 0.029 0.019 0.103 0.084 0.119 0.021 0.099 0.017 0.035 0.033 0.009 0.057 0.069
204 L 0.05 0.02 0.017 0.018 0.098 0.014 0.019 0.024 0.009 0.194 0.196 0.024 0.033 0.039 0.015 0.039 0.048 0.006 0.018 0.119
205 N 0.041 0.038 0.27 0.062 0.01 0.028 0.04 0.051 0.025 0.043 0.125 0.044 0.02 0.026 0.018 0.055 0.043 0.005 0.016 0.042
206 V 0.062 0.023 0.022 0.021 0.017 0.018 0.025 0.027 0.009 0.162 0.115 0.029 0.028 0.033 0.018 0.044 0.105 0.005 0.019 0.22
207 L 0.049 0.02 0.02 0.02 0.013 0.014 0.019 0.15 0.011 0.135 0.178 0.024 0.029 0.117 0.014 0.03 0.031 0.008 0.031 0.088
208 L 0.049 0.021 0.014 0.016 0.016 0.015 0.019 0.021 0.009 0.171 0.276 0.024 0.04 0.045 0.014 0.025 0.037 0.006 0.02 0.165
209 L 0.043 0.019 0.014 0.016 0.015 0.014 0.018 0.021 0.01 0.204 0.213 0.023 0.043 0.107 0.013 0.024 0.034 0.008 0.031 0.131
210 G 0.054 0.019 0.021 0.02 0.013 0.014 0.02 0.151 0.011 0.136 0.104 0.024 0.024 0.128 0.014 0.032 0.034 0.008 0.033 0.138
211 L 0.043 0.023 0.013 0.014 0.015 0.015 0.019 0.02 0.009 0.111 0.399 0.024 0.046 0.051 0.013 0.023 0.032 0.007 0.021 0.1
212 T 0.067 0.033 0.039 0.034 0.017 0.025 0.036 0.039 0.013 0.063 0.071 0.042 0.027 0.024 0.025 0.083 0.268 0.006 0.017 0.072
213 L 0.049 0.021 0.014 0.016 0.016 0.015 0.019 0.021 0.009 0.171 0.276 0.024 0.04 0.045 0.014 0.025 0.037 0.006 0.02 0.165
214 V 0.06 0.02 0.015 0.017 0.017 0.015 0.02 0.022 0.008 0.201 0.133 0.024 0.031 0.036 0.015 0.029 0.044 0.005 0.019 0.268
215 A 0.266 0.027 0.027 0.029 0.018 0.023 0.035 0.19 0.014 0.035 0.049 0.039 0.015 0.019 0.025 0.072 0.042 0.005 0.015 0.054
216 A 0.199 0.029 0.029 0.03 0.017 0.022 0.036 0.059 0.015 0.042 0.065 0.038 0.018 0.121 0.024 0.112 0.049 0.008 0.033 0.055
217 I 0.047 0.02 0.016 0.017 0.015 0.015 0.02 0.023 0.011 0.18 0.143 0.024 0.06 0.136 0.013 0.027 0.036 0.008 0.036 0.155
218 V 0.052 0.022 0.017 0.018 0.015 0.016 0.022 0.024 0.012 0.126 0.129 0.025 0.058 0.149 0.014 0.031 0.048 0.009 0.039 0.176
219 P 0.054 0.024 0.022 0.029 0.01 0.02 0.034 0.034 0.012 0.024 0.034 0.039 0.01 0.012 0.522 0.041 0.034 0.002 0.012 0.029
220 L 0.042 0.023 0.013 0.014 0.015 0.015 0.019 0.02 0.01 0.109 0.411 0.024 0.047 0.052 0.013 0.023 0.032 0.007 0.021 0.091
221 H 0.052 0.052 0.044 0.036 0.008 0.035 0.048 0.163 0.204 0.022 0.035 0.109 0.013 0.022 0.02 0.045 0.029 0.006 0.034 0.024
222 I 0.048 0.017 0.014 0.017 0.016 0.013 0.018 0.02 0.008 0.286 0.152 0.023 0.034 0.04 0.014 0.025 0.039 0.006 0.019 0.191
223 L 0.043 0.02 0.014 0.016 0.015 0.014 0.018 0.02 0.009 0.211 0.285 0.023 0.041 0.047 0.014 0.023 0.035 0.006 0.02 0.129
224 P 0.063 0.028 0.042 0.035 0.011 0.022 0.038 0.041 0.014 0.025 0.035 0.042 0.011 0.014 0.398 0.089 0.044 0.003 0.013 0.031
225 F 0.063 0.03 0.032 0.029 0.015 0.023 0.033 0.038 0.016 0.058 0.099 0.036 0.066 0.127 0.02 0.102 0.107 0.008 0.035 0.061
226 L 0.043 0.02 0.014 0.016 0.015 0.014 0.018 0.02 0.009 0.211 0.285 0.023 0.041 0.047 0.014 0.023 0.035 0.006 0.02 0.129
227 S 0.104 0.05 0.04 0.038 0.015 0.033 0.048 0.052 0.016 0.05 0.055 0.113 0.017 0.021 0.025 0.157 0.06 0.005 0.017 0.085
228 T 0.077 0.034 0.042 0.037 0.017 0.027 0.039 0.045 0.014 0.056 0.06 0.044 0.018 0.023 0.026 0.129 0.226 0.005 0.017 0.064
229 I 0.052 0.02 0.015 0.017 0.016 0.016 0.02 0.022 0.009 0.23 0.153 0.025 0.062 0.04 0.015 0.028 0.04 0.006 0.02 0.195
230 L 0.044 0.022 0.014 0.016 0.015 0.016 0.02 0.021 0.01 0.174 0.289 0.025 0.07 0.047 0.014 0.025 0.035 0.006 0.021 0.115
231 Q 0.098 0.048 0.032 0.033 0.013 0.14 0.063 0.04 0.02 0.051 0.139 0.06 0.026 0.025 0.021 0.053 0.059 0.006 0.019 0.056
232 L 0.058 0.029 0.026 0.024 0.014 0.023 0.03 0.033 0.022 0.068 0.175 0.035 0.072 0.06 0.018 0.088 0.043 0.011 0.104 0.065
233 L 0.07 0.025 0.027 0.025 0.015 0.019 0.026 0.157 0.011 0.071 0.201 0.031 0.028 0.033 0.018 0.048 0.096 0.006 0.017 0.076
234 A 0.134 0.028 0.029 0.031 0.016 0.022 0.035 0.048 0.013 0.104 0.074 0.039 0.02 0.024 0.107 0.106 0.07 0.005 0.017 0.078
235 F 0.047 0.019 0.02 0.02 0.012 0.013 0.019 0.151 0.012 0.121 0.151 0.023 0.027 0.163 0.013 0.03 0.03 0.009 0.039 0.08
236 G 0.068 0.051 0.121 0.049 0.011 0.033 0.047 0.176 0.02 0.023 0.034 0.113 0.012 0.017 0.023 0.107 0.047 0.005 0.014 0.03
237 S 0.104 0.038 0.051 0.046 0.017 0.031 0.049 0.063 0.018 0.028 0.04 0.051 0.015 0.02 0.028 0.264 0.077 0.005 0.017 0.04
238 P 0.061 0.034 0.029 0.033 0.011 0.061 0.046 0.038 0.015 0.041 0.058 0.047 0.015 0.017 0.314 0.079 0.042 0.004 0.015 0.04
239 Y 0.038 0.026 0.021 0.018 0.009 0.021 0.026 0.023 0.044 0.041 0.065 0.029 0.018 0.123 0.015 0.029 0.026 0.026 0.356 0.044
240 V 0.078 0.021 0.015 0.017 0.017 0.016 0.022 0.026 0.009 0.16 0.195 0.025 0.034 0.038 0.016 0.032 0.041 0.006 0.02 0.211
241 D 0.059 0.04 0.043 0.134 0.012 0.083 0.063 0.041 0.018 0.046 0.13 0.051 0.022 0.025 0.021 0.097 0.045 0.005 0.017 0.047
242 K 0.051 0.171 0.039 0.037 0.008 0.049 0.062 0.038 0.02 0.025 0.042 0.268 0.015 0.015 0.024 0.048 0.036 0.005 0.016 0.031
243 I 0.119 0.02 0.017 0.02 0.017 0.016 0.023 0.034 0.01 0.218 0.127 0.028 0.029 0.035 0.018 0.039 0.041 0.005 0.019 0.165
244 I 0.051 0.021 0.021 0.021 0.016 0.016 0.022 0.025 0.009 0.247 0.134 0.027 0.031 0.037 0.017 0.04 0.1 0.006 0.019 0.142
245 F 0.036 0.03 0.109 0.037 0.009 0.022 0.033 0.036 0.113 0.041 0.07 0.032 0.018 0.222 0.014 0.038 0.03 0.011 0.059 0.038
246 Y 0.038 0.026 0.021 0.018 0.009 0.021 0.026 0.023 0.044 0.041 0.065 0.029 0.018 0.123 0.015 0.029 0.026 0.026 0.356 0.044
247 L 0.042 0.023 0.013 0.014 0.015 0.015 0.019 0.02 0.01 0.109 0.411 0.024 0.047 0.052 0.013 0.023 0.032 0.007 0.021 0.091
248 T 0.054 0.034 0.126 0.145 0.012 0.028 0.052 0.047 0.018 0.036 0.045 0.045 0.014 0.019 0.023 0.072 0.165 0.005 0.015 0.046
249 S 0.084 0.034 0.044 0.039 0.017 0.028 0.042 0.05 0.015 0.061 0.059 0.045 0.018 0.023 0.026 0.17 0.162 0.005 0.017 0.062
250 S 0.076 0.029 0.034 0.035 0.015 0.024 0.037 0.045 0.014 0.098 0.068 0.041 0.019 0.023 0.148 0.148 0.057 0.004 0.016 0.069
251 E 0.048 0.05 0.037 0.114 0.009 0.041 0.147 0.033 0.018 0.095 0.066 0.116 0.018 0.022 0.022 0.044 0.036 0.005 0.016 0.063
252 A 0.217 0.034 0.038 0.037 0.018 0.028 0.044 0.068 0.016 0.034 0.048 0.047 0.016 0.02 0.028 0.172 0.062 0.005 0.017 0.052
253 S 0.087 0.035 0.043 0.039 0.015 0.029 0.044 0.053 0.025 0.031 0.046 0.046 0.016 0.046 0.025 0.205 0.065 0.01 0.101 0.041
254 F 0.035 0.018 0.015 0.016 0.011 0.011 0.018 0.023 0.014 0.123 0.12 0.019 0.027 0.327 0.011 0.024 0.027 0.013 0.068 0.081
255 Y 0.038 0.026 0.021 0.018 0.009 0.021 0.026 0.023 0.044 0.041 0.065 0.029 0.018 0.123 0.015 0.029 0.026 0.026 0.356 0.044
256 D 0.049 0.028 0.056 0.303 0.008 0.028 0.092 0.167 0.017 0.02 0.027 0.042 0.009 0.014 0.021 0.049 0.032 0.004 0.011 0.023
257 L 0.042 0.023 0.013 0.014 0.015 0.015 0.019 0.02 0.01 0.109 0.411 0.024 0.047 0.052 0.013 0.023 0.032 0.007 0.021 0.091
258 N 0.04 0.042 0.356 0.078 0.008 0.032 0.047 0.062 0.03 0.021 0.03 0.051 0.011 0.017 0.019 0.066 0.047 0.004 0.015 0.025
259 F 0.036 0.021 0.017 0.017 0.011 0.014 0.02 0.025 0.016 0.069 0.127 0.022 0.07 0.328 0.011 0.026 0.027 0.014 0.069 0.061
260 L 0.037 0.02 0.015 0.015 0.013 0.013 0.018 0.022 0.013 0.084 0.259 0.021 0.035 0.237 0.012 0.023 0.028 0.011 0.052 0.071
261 G 0.074 0.022 0.037 0.032 0.01 0.018 0.024 0.538 0.013 0.018 0.027 0.032 0.009 0.015 0.018 0.048 0.028 0.005 0.01 0.023
262 R 0.042 0.382 0.037 0.029 0.007 0.046 0.049 0.031 0.022 0.022 0.044 0.113 0.015 0.016 0.018 0.042 0.033 0.005 0.016 0.029
263 L 0.116 0.026 0.017 0.019 0.017 0.02 0.026 0.035 0.012 0.088 0.266 0.031 0.08 0.042 0.017 0.04 0.037 0.007 0.02 0.083
264 P 0.054 0.024 0.022 0.029 0.01 0.02 0.034 0.034 0.012 0.024 0.034 0.039 0.01 0.012 0.522 0.041 0.034 0.002 0.012 0.029
265 L 0.042 0.023 0.013 0.014 0.015 0.015 0.019 0.02 0.01 0.109 0.411 0.024 0.047 0.052 0.013 0.023 0.032 0.007 0.021 0.091
266 I 0.044 0.018 0.014 0.016 0.015 0.013 0.017 0.02 0.009 0.261 0.222 0.023 0.038 0.044 0.014 0.023 0.036 0.006 0.02 0.148
267 I 0.052 0.025 0.022 0.022 0.016 0.02 0.024 0.027 0.011 0.184 0.151 0.03 0.075 0.038 0.017 0.042 0.1 0.006 0.02 0.119
268 T 0.054 0.034 0.115 0.042 0.013 0.026 0.037 0.042 0.025 0.041 0.054 0.041 0.016 0.046 0.021 0.068 0.163 0.01 0.101 0.051
269 A 0.174 0.025 0.022 0.024 0.018 0.02 0.03 0.047 0.011 0.136 0.097 0.033 0.024 0.029 0.021 0.069 0.047 0.005 0.018 0.15
270 L 0.043 0.021 0.014 0.015 0.015 0.015 0.018 0.02 0.009 0.16 0.348 0.023 0.044 0.049 0.014 0.023 0.033 0.006 0.021 0.11
271 L 0.121 0.026 0.023 0.024 0.017 0.02 0.028 0.039 0.011 0.128 0.172 0.033 0.029 0.034 0.02 0.054 0.101 0.006 0.018 0.097
272 L 0.056 0.029 0.025 0.023 0.016 0.022 0.028 0.03 0.013 0.084 0.236 0.033 0.077 0.04 0.018 0.062 0.101 0.006 0.02 0.08
273 L 0.05 0.025 0.021 0.02 0.016 0.018 0.024 0.026 0.011 0.127 0.263 0.029 0.051 0.042 0.017 0.04 0.097 0.006 0.02 0.097
274 I 0.084 0.025 0.028 0.027 0.016 0.02 0.029 0.037 0.012 0.177 0.106 0.034 0.026 0.031 0.02 0.084 0.108 0.005 0.018 0.112
275 L 0.043 0.024 0.017 0.017 0.014 0.019 0.022 0.022 0.019 0.139 0.205 0.027 0.077 0.066 0.014 0.028 0.033 0.012 0.105 0.097
276 L 0.047 0.019 0.014 0.015 0.14 0.014 0.018 0.023 0.009 0.143 0.26 0.022 0.036 0.041 0.014 0.027 0.034 0.006 0.018 0.1
277 Y 0.089 0.116 0.026 0.023 0.011 0.027 0.034 0.035 0.031 0.037 0.06 0.053 0.017 0.088 0.018 0.043 0.042 0.016 0.189 0.045
278 I 0.044 0.017 0.014 0.017 0.015 0.013 0.017 0.02 0.009 0.293 0.167 0.022 0.035 0.058 0.014 0.024 0.037 0.006 0.022 0.159
279 Y 0.037 0.024 0.019 0.017 0.009 0.018 0.024 0.024 0.037 0.046 0.075 0.027 0.019 0.198 0.014 0.028 0.026 0.024 0.288 0.046
280 R 0.041 0.293 0.033 0.026 0.008 0.039 0.044 0.029 0.028 0.027 0.049 0.092 0.015 0.043 0.017 0.039 0.031 0.011 0.101 0.033
281 R 0.045 0.324 0.037 0.031 0.008 0.047 0.053 0.033 0.021 0.023 0.043 0.156 0.015 0.016 0.02 0.044 0.034 0.005 0.016 0.03
282 G 0.054 0.023 0.022 0.02 0.013 0.017 0.023 0.151 0.02 0.076 0.129 0.027 0.024 0.074 0.015 0.033 0.033 0.012 0.118 0.113
283 I 0.071 0.019 0.015 0.017 0.016 0.014 0.02 0.025 0.009 0.23 0.186 0.025 0.034 0.04 0.015 0.029 0.039 0.006 0.019 0.169
284 P 0.047 0.03 0.116 0.142 0.009 0.025 0.05 0.043 0.018 0.023 0.031 0.043 0.01 0.014 0.271 0.049 0.037 0.003 0.012 0.027
285 V 0.049 0.07 0.023 0.023 0.012 0.025 0.034 0.028 0.014 0.114 0.098 0.104 0.024 0.126 0.017 0.034 0.036 0.008 0.034 0.128
286 F 0.097 0.024 0.021 0.021 0.014 0.018 0.027 0.035 0.021 0.071 0.098 0.029 0.023 0.15 0.017 0.056 0.038 0.013 0.119 0.107
287 Y 0.04 0.035 0.025 0.024 0.009 0.078 0.042 0.027 0.033 0.042 0.07 0.041 0.02 0.171 0.015 0.034 0.029 0.019 0.204 0.043
288 Y 0.04 0.022 0.018 0.017 0.011 0.016 0.022 0.023 0.028 0.101 0.096 0.025 0.023 0.177 0.013 0.027 0.029 0.019 0.204 0.089
289 K 0.057 0.076 0.04 0.04 0.01 0.097 0.067 0.04 0.02 0.032 0.047 0.192 0.017 0.016 0.025 0.06 0.101 0.005 0.017 0.041
290 L 0.039 0.022 0.014 0.015 0.014 0.014 0.019 0.021 0.011 0.097 0.335 0.022 0.041 0.144 0.013 0.023 0.03 0.009 0.037 0.081
291 L 0.064 0.025 0.023 0.023 0.016 0.019 0.027 0.031 0.011 0.151 0.183 0.03 0.032 0.037 0.018 0.085 0.048 0.006 0.019 0.152
292 I 0.052 0.021 0.021 0.021 0.016 0.016 0.022 0.025 0.009 0.234 0.131 0.028 0.03 0.036 0.017 0.04 0.101 0.006 0.019 0.154
293 L 0.115 0.022 0.016 0.019 0.017 0.017 0.023 0.033 0.01 0.16 0.238 0.028 0.035 0.04 0.017 0.037 0.037 0.006 0.019 0.11
294 L 0.05 0.024 0.015 0.016 0.016 0.018 0.022 0.023 0.01 0.117 0.283 0.027 0.083 0.046 0.014 0.028 0.037 0.007 0.021 0.145
295 L 0.052 0.024 0.021 0.02 0.014 0.019 0.022 0.151 0.012 0.083 0.259 0.028 0.078 0.041 0.015 0.032 0.032 0.007 0.019 0.073
296 L 0.064 0.026 0.025 0.024 0.016 0.02 0.028 0.074 0.012 0.089 0.238 0.031 0.033 0.038 0.018 0.087 0.045 0.006 0.019 0.109
297 Y 0.038 0.026 0.021 0.018 0.009 0.021 0.026 0.023 0.044 0.041 0.065 0.029 0.018 0.123 0.015 0.029 0.026 0.026 0.356 0.044
298 C 0.072 0.021 0.024 0.023 0.389 0.016 0.024 0.039 0.01 0.039 0.056 0.027 0.015 0.019 0.019 0.095 0.045 0.004 0.013 0.05
299 L 0.052 0.021 0.014 0.016 0.016 0.015 0.02 0.021 0.009 0.145 0.27 0.024 0.039 0.043 0.014 0.026 0.038 0.006 0.02 0.189
300 L 0.045 0.02 0.014 0.016 0.016 0.014 0.018 0.02 0.009 0.197 0.282 0.023 0.04 0.046 0.014 0.024 0.035 0.006 0.02 0.141
301 L 0.037 0.02 0.015 0.015 0.013 0.013 0.018 0.022 0.013 0.084 0.259 0.021 0.035 0.237 0.012 0.023 0.028 0.011 0.052 0.071
302 L 0.044 0.025 0.015 0.015 0.015 0.018 0.021 0.022 0.011 0.105 0.355 0.026 0.087 0.05 0.014 0.026 0.033 0.007 0.021 0.09
303 E 0.052 0.047 0.038 0.085 0.007 0.061 0.336 0.033 0.024 0.021 0.035 0.071 0.012 0.016 0.024 0.052 0.035 0.005 0.016 0.03
304 M 0.049 0.03 0.019 0.019 0.015 0.027 0.027 0.027 0.015 0.095 0.186 0.034 0.208 0.045 0.015 0.034 0.038 0.008 0.023 0.087
305 S 0.104 0.038 0.051 0.046 0.017 0.031 0.049 0.063 0.018 0.028 0.04 0.051 0.015 0.02 0.028 0.264 0.077 0.005 0.017 0.04
306 Y 0.037 0.024 0.019 0.017 0.009 0.018 0.024 0.024 0.037 0.046 0.075 0.027 0.019 0.198 0.014 0.028 0.026 0.024 0.288 0.046
307 S 0.104 0.038 0.051 0.046 0.017 0.031 0.049 0.063 0.018 0.028 0.04 0.051 0.015 0.02 0.028 0.264 0.077 0.005 0.017 0.04
308 F 0.032 0.018 0.016 0.016 0.01 0.01 0.018 0.024 0.016 0.06 0.108 0.018 0.024 0.422 0.01 0.024 0.024 0.016 0.084 0.052
309 R 0.042 0.382 0.037 0.029 0.007 0.046 0.049 0.031 0.022 0.022 0.044 0.113 0.015 0.016 0.018 0.042 0.033 0.005 0.016 0.029
310 N 0.04 0.042 0.356 0.078 0.008 0.032 0.047 0.062 0.03 0.021 0.03 0.051 0.011 0.017 0.019 0.066 0.047 0.004 0.015 0.025
311 Y 0.038 0.026 0.02 0.017 0.009 0.02 0.026 0.024 0.042 0.043 0.068 0.028 0.018 0.148 0.014 0.029 0.026 0.026 0.334 0.045
312 Y 0.038 0.027 0.035 0.02 0.009 0.021 0.027 0.025 0.043 0.04 0.063 0.03 0.017 0.119 0.015 0.031 0.027 0.025 0.342 0.043
313 W 0.029 0.021 0.014 0.014 0.007 0.014 0.021 0.029 0.014 0.029 0.05 0.021 0.014 0.057 0.007 0.021 0.021 0.521 0.064 0.029
314 V 0.055 0.02 0.015 0.016 0.017 0.015 0.02 0.022 0.008 0.183 0.204 0.024 0.035 0.04 0.015 0.027 0.041 0.006 0.02 0.22
315 L 0.039 0.022 0.014 0.015 0.014 0.014 0.019 0.021 0.011 0.097 0.335 0.022 0.041 0.144 0.013 0.023 0.03 0.009 0.037 0.081
316 P 0.054 0.024 0.022 0.029 0.01 0.02 0.034 0.034 0.012 0.024 0.034 0.039 0.01 0.012 0.522 0.041 0.034 0.002 0.012 0.029
317 L 0.047 0.023 0.016 0.017 0.015 0.017 0.021 0.023 0.012 0.105 0.207 0.025 0.077 0.138 0.014 0.028 0.035 0.009 0.037 0.135
318 L 0.047 0.026 0.022 0.021 0.014 0.019 0.025 0.026 0.02 0.073 0.212 0.03 0.031 0.093 0.017 0.041 0.094 0.012 0.109 0.07
319 P 0.054 0.024 0.022 0.029 0.01 0.02 0.034 0.034 0.012 0.024 0.034 0.039 0.01 0.012 0.522 0.041 0.034 0.002 0.012 0.029
320 F 0.034 0.019 0.015 0.016 0.011 0.011 0.018 0.023 0.014 0.072 0.184 0.019 0.03 0.329 0.011 0.024 0.026 0.014 0.068 0.062
