#Seq2Logo.py -f /work3/idamei/ssn-clusterings/clustering/2205181126/clusters/0005_241/sequences.afa -o /work3/idamei/ssn-clusterings/clustering/2205181126/clusters/0005_241/sequences.logo
#Position Specific Frequency Matrix
A R N D C Q E G H I L K M F P S T W Y V
0 L 0.052 0.032 0.02 0.02 0.016 0.028 0.028 0.028 0.016 0.099 0.194 0.036 0.171 0.048 0.016 0.036 0.04 0.008 0.024 0.091
1 I 0.047 0.033 0.107 0.04 0.013 0.049 0.038 0.036 0.018 0.17 0.11 0.041 0.027 0.032 0.017 0.042 0.042 0.005 0.019 0.112
2 L 0.054 0.046 0.032 0.032 0.013 0.101 0.057 0.033 0.018 0.067 0.184 0.055 0.032 0.032 0.02 0.05 0.08 0.006 0.021 0.066
3 L 0.043 0.026 0.036 0.17 0.013 0.021 0.048 0.031 0.013 0.077 0.24 0.033 0.033 0.038 0.017 0.035 0.034 0.006 0.018 0.067
4 S 0.11 0.04 0.054 0.049 0.018 0.033 0.052 0.066 0.019 0.03 0.042 0.054 0.016 0.021 0.03 0.22 0.082 0.005 0.018 0.042
5 I 0.047 0.018 0.015 0.018 0.016 0.013 0.018 0.021 0.009 0.271 0.168 0.024 0.037 0.044 0.015 0.025 0.04 0.006 0.021 0.177
6 D 0.041 0.03 0.069 0.397 0.008 0.03 0.091 0.047 0.019 0.022 0.028 0.045 0.009 0.015 0.022 0.052 0.035 0.004 0.011 0.024
7 Y 0.125 0.029 0.023 0.022 0.013 0.023 0.032 0.042 0.036 0.043 0.065 0.035 0.018 0.094 0.02 0.049 0.035 0.02 0.22 0.054
8 N 0.047 0.038 0.221 0.065 0.009 0.029 0.045 0.055 0.025 0.023 0.033 0.049 0.011 0.016 0.179 0.061 0.045 0.004 0.015 0.028
9 A 0.29 0.031 0.026 0.03 0.022 0.026 0.04 0.078 0.015 0.043 0.059 0.045 0.018 0.022 0.03 0.085 0.05 0.005 0.018 0.069
10 A 0.29 0.031 0.026 0.03 0.022 0.026 0.04 0.078 0.015 0.043 0.059 0.045 0.018 0.022 0.03 0.085 0.05 0.005 0.018 0.069
11 G 0.078 0.023 0.039 0.034 0.011 0.019 0.026 0.51 0.014 0.019 0.028 0.034 0.009 0.016 0.019 0.051 0.03 0.005 0.011 0.024
12 K 0.056 0.095 0.042 0.043 0.009 0.108 0.081 0.042 0.023 0.027 0.044 0.218 0.017 0.015 0.026 0.054 0.04 0.005 0.018 0.033
13 G 0.099 0.034 0.049 0.044 0.015 0.028 0.043 0.215 0.017 0.026 0.037 0.047 0.014 0.019 0.026 0.166 0.064 0.005 0.015 0.036
14 L 0.043 0.031 0.027 0.023 0.013 0.023 0.031 0.027 0.126 0.084 0.265 0.032 0.038 0.046 0.016 0.03 0.031 0.007 0.034 0.071
15 I 0.053 0.017 0.015 0.017 0.173 0.013 0.017 0.024 0.009 0.198 0.133 0.022 0.03 0.036 0.015 0.03 0.039 0.005 0.018 0.136
16 R 0.127 0.242 0.034 0.03 0.012 0.041 0.048 0.048 0.02 0.03 0.051 0.094 0.016 0.019 0.023 0.058 0.04 0.006 0.017 0.043
17 N 0.043 0.146 0.226 0.065 0.009 0.038 0.05 0.054 0.029 0.023 0.036 0.076 0.013 0.018 0.02 0.061 0.044 0.005 0.016 0.028
18 F 0.041 0.021 0.019 0.021 0.01 0.014 0.025 0.029 0.015 0.051 0.088 0.026 0.02 0.264 0.172 0.031 0.029 0.012 0.063 0.047
19 G 0.064 0.079 0.04 0.039 0.009 0.042 0.055 0.2 0.018 0.025 0.038 0.199 0.013 0.016 0.025 0.053 0.036 0.005 0.015 0.03
20 G 0.078 0.023 0.039 0.033 0.011 0.019 0.025 0.515 0.013 0.019 0.028 0.033 0.009 0.016 0.019 0.051 0.029 0.005 0.011 0.024
21 N 0.044 0.031 0.149 0.121 0.011 0.025 0.045 0.043 0.02 0.125 0.085 0.04 0.021 0.028 0.018 0.048 0.042 0.005 0.017 0.085
22 I 0.054 0.019 0.015 0.018 0.017 0.014 0.019 0.022 0.009 0.238 0.155 0.024 0.035 0.041 0.015 0.027 0.043 0.006 0.02 0.208
23 W 0.048 0.029 0.026 0.023 0.012 0.022 0.029 0.032 0.024 0.05 0.08 0.033 0.04 0.067 0.017 0.046 0.093 0.153 0.121 0.055
24 K 0.057 0.107 0.042 0.042 0.009 0.054 0.071 0.043 0.021 0.028 0.043 0.278 0.016 0.016 0.028 0.054 0.04 0.005 0.017 0.033
25 L 0.046 0.095 0.027 0.026 0.011 0.033 0.041 0.03 0.025 0.056 0.148 0.115 0.026 0.059 0.019 0.037 0.033 0.012 0.107 0.054
26 L 0.081 0.023 0.016 0.018 0.017 0.017 0.022 0.029 0.01 0.151 0.275 0.027 0.041 0.046 0.016 0.033 0.037 0.006 0.021 0.114
27 G 0.06 0.023 0.023 0.021 0.014 0.018 0.023 0.164 0.016 0.09 0.164 0.028 0.028 0.049 0.016 0.035 0.036 0.009 0.062 0.12
28 Y 0.04 0.028 0.022 0.018 0.009 0.022 0.028 0.025 0.046 0.043 0.068 0.031 0.018 0.129 0.015 0.031 0.028 0.028 0.326 0.046
29 L 0.042 0.024 0.014 0.015 0.015 0.016 0.02 0.022 0.011 0.102 0.336 0.025 0.044 0.055 0.013 0.024 0.031 0.077 0.029 0.086
30 G 0.078 0.023 0.039 0.034 0.011 0.019 0.026 0.51 0.014 0.019 0.028 0.034 0.009 0.016 0.019 0.051 0.03 0.005 0.011 0.024
31 L 0.045 0.024 0.018 0.02 0.013 0.017 0.025 0.027 0.013 0.077 0.206 0.029 0.049 0.128 0.135 0.03 0.032 0.008 0.036 0.068
32 L 0.115 0.026 0.018 0.02 0.018 0.02 0.027 0.037 0.011 0.106 0.215 0.031 0.052 0.04 0.019 0.042 0.042 0.006 0.021 0.134
33 L 0.044 0.024 0.014 0.015 0.016 0.016 0.02 0.021 0.01 0.114 0.385 0.025 0.049 0.054 0.014 0.024 0.033 0.007 0.022 0.095
34 L 0.044 0.022 0.014 0.016 0.016 0.015 0.019 0.021 0.01 0.156 0.33 0.025 0.046 0.051 0.014 0.024 0.034 0.007 0.022 0.115
35 G 0.065 0.023 0.023 0.024 0.014 0.018 0.026 0.15 0.011 0.086 0.112 0.031 0.023 0.027 0.138 0.039 0.039 0.005 0.016 0.13
36 L 0.052 0.025 0.016 0.017 0.017 0.019 0.023 0.023 0.011 0.122 0.273 0.028 0.075 0.048 0.015 0.029 0.039 0.007 0.022 0.14
37 N 0.114 0.038 0.18 0.057 0.014 0.03 0.044 0.062 0.023 0.035 0.046 0.049 0.015 0.02 0.024 0.078 0.101 0.005 0.016 0.048
38 F 0.092 0.028 0.028 0.027 0.014 0.021 0.032 0.041 0.023 0.059 0.079 0.034 0.021 0.143 0.019 0.086 0.046 0.014 0.113 0.079
39 L 0.044 0.024 0.014 0.015 0.016 0.016 0.02 0.021 0.01 0.114 0.385 0.025 0.049 0.054 0.014 0.024 0.033 0.007 0.022 0.095
40 L 0.064 0.032 0.027 0.026 0.016 0.026 0.032 0.035 0.015 0.085 0.203 0.037 0.103 0.042 0.019 0.082 0.048 0.007 0.022 0.08
41 A 0.134 0.025 0.019 0.021 0.014 0.018 0.028 0.045 0.015 0.053 0.111 0.03 0.023 0.129 0.017 0.046 0.034 0.132 0.048 0.058
42 T 0.073 0.036 0.043 0.038 0.018 0.028 0.039 0.043 0.014 0.053 0.065 0.045 0.02 0.024 0.028 0.093 0.246 0.006 0.018 0.071
43 T 0.073 0.036 0.043 0.038 0.018 0.028 0.039 0.043 0.014 0.053 0.065 0.045 0.02 0.024 0.028 0.093 0.246 0.006 0.018 0.071
44 T 0.064 0.112 0.035 0.03 0.015 0.03 0.038 0.036 0.015 0.073 0.076 0.058 0.021 0.025 0.022 0.065 0.15 0.006 0.018 0.113
45 A 0.119 0.039 0.026 0.028 0.016 0.074 0.048 0.042 0.017 0.082 0.107 0.049 0.06 0.03 0.021 0.052 0.045 0.006 0.02 0.118
46 P 0.059 0.03 0.026 0.042 0.012 0.03 0.1 0.033 0.015 0.059 0.059 0.045 0.016 0.019 0.261 0.043 0.039 0.004 0.016 0.093
47 W 0.03 0.022 0.015 0.015 0.007 0.015 0.022 0.03 0.015 0.03 0.052 0.022 0.015 0.06 0.007 0.022 0.022 0.5 0.067 0.03
48 G 0.077 0.023 0.039 0.033 0.011 0.019 0.025 0.517 0.013 0.019 0.028 0.033 0.009 0.016 0.019 0.051 0.029 0.005 0.011 0.024
49 S 0.095 0.048 0.051 0.048 0.015 0.081 0.064 0.059 0.021 0.028 0.043 0.062 0.017 0.019 0.028 0.187 0.071 0.005 0.018 0.04
50 A 0.173 0.024 0.02 0.023 0.019 0.019 0.029 0.049 0.012 0.162 0.112 0.034 0.027 0.032 0.022 0.054 0.044 0.006 0.019 0.121
51 Y 0.036 0.024 0.019 0.017 0.009 0.017 0.024 0.026 0.031 0.045 0.075 0.026 0.019 0.178 0.012 0.027 0.026 0.143 0.203 0.044
52 L 0.108 0.026 0.017 0.019 0.017 0.018 0.025 0.035 0.011 0.096 0.303 0.03 0.041 0.046 0.018 0.039 0.037 0.007 0.021 0.088
53 V 0.07 0.022 0.016 0.018 0.019 0.016 0.023 0.025 0.008 0.165 0.13 0.026 0.032 0.036 0.016 0.033 0.049 0.006 0.021 0.269
54 S 0.092 0.041 0.122 0.057 0.015 0.033 0.051 0.065 0.022 0.027 0.039 0.053 0.014 0.02 0.027 0.191 0.073 0.005 0.017 0.038
55 L 0.109 0.024 0.017 0.019 0.017 0.018 0.024 0.035 0.011 0.138 0.248 0.029 0.038 0.043 0.018 0.039 0.039 0.006 0.02 0.108
56 I 0.046 0.019 0.014 0.017 0.016 0.014 0.018 0.02 0.009 0.24 0.22 0.024 0.039 0.046 0.014 0.024 0.038 0.006 0.021 0.154
57 I 0.052 0.018 0.015 0.017 0.017 0.014 0.019 0.021 0.009 0.252 0.156 0.024 0.035 0.041 0.015 0.027 0.042 0.006 0.02 0.2
58 L 0.083 0.023 0.016 0.018 0.017 0.017 0.023 0.029 0.01 0.138 0.252 0.027 0.039 0.044 0.017 0.034 0.04 0.006 0.021 0.148
59 L 0.041 0.022 0.014 0.016 0.014 0.015 0.02 0.023 0.011 0.135 0.247 0.024 0.037 0.053 0.012 0.024 0.032 0.13 0.033 0.098
60 T 0.065 0.032 0.036 0.031 0.017 0.024 0.034 0.037 0.013 0.068 0.144 0.04 0.027 0.031 0.024 0.074 0.201 0.006 0.019 0.076
61 Y 0.038 0.025 0.02 0.018 0.009 0.019 0.025 0.025 0.039 0.048 0.079 0.028 0.02 0.196 0.014 0.029 0.027 0.025 0.268 0.048
62 L 0.051 0.024 0.015 0.016 0.017 0.018 0.022 0.023 0.01 0.124 0.297 0.026 0.06 0.048 0.015 0.028 0.038 0.007 0.022 0.141
63 L 0.057 0.11 0.026 0.024 0.015 0.03 0.034 0.03 0.015 0.09 0.124 0.055 0.079 0.034 0.018 0.044 0.068 0.006 0.02 0.12
64 F 0.038 0.028 0.096 0.034 0.01 0.02 0.03 0.035 0.031 0.045 0.075 0.032 0.019 0.201 0.015 0.038 0.032 0.018 0.16 0.044
65 R 0.046 0.274 0.034 0.028 0.01 0.043 0.046 0.031 0.021 0.042 0.083 0.098 0.055 0.025 0.018 0.042 0.036 0.006 0.019 0.046
66 P 0.056 0.025 0.023 0.031 0.01 0.02 0.036 0.036 0.013 0.025 0.036 0.041 0.01 0.013 0.501 0.043 0.036 0.003 0.013 0.031
67 R 0.142 0.198 0.034 0.032 0.013 0.062 0.053 0.05 0.021 0.031 0.051 0.087 0.017 0.018 0.023 0.06 0.041 0.006 0.018 0.045
68 F 0.045 0.049 0.109 0.047 0.009 0.1 0.061 0.042 0.068 0.034 0.058 0.057 0.019 0.113 0.019 0.049 0.037 0.008 0.04 0.036
69 V 0.057 0.021 0.015 0.017 0.017 0.015 0.021 0.022 0.009 0.18 0.202 0.025 0.037 0.042 0.015 0.028 0.042 0.006 0.021 0.207
70 L 0.041 0.023 0.015 0.015 0.015 0.015 0.02 0.022 0.012 0.101 0.317 0.023 0.043 0.139 0.013 0.024 0.031 0.009 0.038 0.085
71 H 0.041 0.045 0.053 0.038 0.007 0.038 0.053 0.038 0.365 0.023 0.038 0.045 0.015 0.03 0.019 0.041 0.026 0.007 0.056 0.023
72 P 0.056 0.025 0.023 0.031 0.01 0.02 0.036 0.036 0.013 0.025 0.036 0.041 0.01 0.013 0.501 0.043 0.036 0.003 0.013 0.031
73 N 0.042 0.044 0.327 0.082 0.009 0.033 0.049 0.064 0.031 0.022 0.031 0.053 0.011 0.018 0.02 0.069 0.049 0.004 0.015 0.027
74 N 0.042 0.044 0.327 0.082 0.009 0.033 0.049 0.064 0.031 0.022 0.031 0.053 0.011 0.018 0.02 0.069 0.049 0.004 0.015 0.027
75 L 0.051 0.032 0.02 0.02 0.016 0.028 0.028 0.028 0.016 0.099 0.194 0.036 0.173 0.047 0.016 0.036 0.04 0.008 0.024 0.091
76 V 0.057 0.021 0.015 0.017 0.017 0.015 0.021 0.022 0.009 0.18 0.202 0.025 0.037 0.042 0.015 0.028 0.042 0.006 0.021 0.207
77 F 0.033 0.019 0.017 0.017 0.01 0.01 0.019 0.025 0.017 0.062 0.113 0.019 0.025 0.396 0.01 0.025 0.025 0.017 0.087 0.054
78 A 0.186 0.025 0.026 0.027 0.136 0.02 0.03 0.176 0.013 0.037 0.052 0.035 0.015 0.02 0.023 0.065 0.041 0.005 0.014 0.054
79 F 0.035 0.021 0.018 0.017 0.01 0.013 0.021 0.025 0.024 0.058 0.101 0.022 0.023 0.329 0.012 0.026 0.026 0.019 0.148 0.052
80 Y 0.04 0.032 0.029 0.023 0.009 0.026 0.034 0.028 0.126 0.038 0.06 0.034 0.018 0.104 0.016 0.033 0.027 0.023 0.26 0.04
81 G 0.131 0.024 0.03 0.028 0.015 0.02 0.028 0.284 0.012 0.06 0.061 0.034 0.017 0.022 0.021 0.054 0.039 0.005 0.015 0.099
82 L 0.045 0.025 0.015 0.016 0.016 0.017 0.021 0.022 0.011 0.112 0.361 0.026 0.064 0.053 0.014 0.025 0.034 0.007 0.022 0.094
83 Y 0.04 0.028 0.021 0.018 0.009 0.021 0.028 0.025 0.046 0.043 0.067 0.031 0.018 0.129 0.015 0.031 0.028 0.028 0.328 0.046
84 V 0.063 0.021 0.016 0.018 0.018 0.015 0.022 0.023 0.008 0.192 0.138 0.025 0.032 0.037 0.016 0.03 0.046 0.006 0.02 0.253
85 V 0.066 0.021 0.016 0.018 0.019 0.016 0.022 0.024 0.008 0.177 0.133 0.025 0.032 0.036 0.016 0.031 0.047 0.005 0.02 0.267
86 L 0.051 0.022 0.015 0.016 0.017 0.015 0.02 0.022 0.009 0.168 0.266 0.025 0.041 0.047 0.015 0.026 0.038 0.006 0.021 0.161
87 S 0.095 0.036 0.046 0.044 0.015 0.03 0.048 0.058 0.017 0.028 0.04 0.05 0.014 0.019 0.147 0.184 0.07 0.004 0.016 0.039
88 S 0.108 0.04 0.053 0.048 0.017 0.033 0.052 0.065 0.019 0.029 0.041 0.053 0.015 0.021 0.029 0.231 0.081 0.005 0.017 0.041
89 T 0.071 0.032 0.039 0.035 0.016 0.024 0.037 0.044 0.016 0.049 0.071 0.04 0.02 0.116 0.024 0.11 0.155 0.008 0.035 0.059
90 L 0.044 0.022 0.014 0.016 0.016 0.015 0.019 0.021 0.01 0.156 0.33 0.025 0.046 0.051 0.014 0.024 0.034 0.007 0.022 0.115
91 N 0.042 0.04 0.251 0.066 0.009 0.03 0.043 0.054 0.035 0.027 0.04 0.048 0.013 0.046 0.019 0.059 0.043 0.01 0.094 0.031
92 L 0.04 0.022 0.015 0.016 0.014 0.014 0.019 0.022 0.012 0.094 0.283 0.023 0.04 0.182 0.013 0.024 0.03 0.011 0.047 0.08
93 V 0.058 0.02 0.015 0.017 0.017 0.015 0.02 0.022 0.008 0.222 0.147 0.024 0.034 0.039 0.015 0.029 0.044 0.006 0.02 0.227
94 L 0.043 0.025 0.016 0.016 0.014 0.017 0.022 0.022 0.019 0.096 0.305 0.026 0.041 0.073 0.014 0.026 0.032 0.012 0.098 0.083
95 Y 0.048 0.055 0.035 0.044 0.008 0.042 0.111 0.033 0.074 0.031 0.05 0.108 0.016 0.06 0.021 0.043 0.032 0.014 0.138 0.036
96 L 0.072 0.026 0.018 0.018 0.013 0.02 0.026 0.032 0.022 0.064 0.158 0.029 0.044 0.069 0.015 0.034 0.032 0.135 0.109 0.063
97 I 0.043 0.018 0.015 0.017 0.015 0.012 0.018 0.021 0.011 0.227 0.152 0.022 0.033 0.132 0.013 0.025 0.036 0.009 0.037 0.144
98 D 0.05 0.03 0.059 0.267 0.008 0.028 0.069 0.163 0.06 0.021 0.029 0.042 0.01 0.017 0.021 0.05 0.032 0.005 0.017 0.024
99 W 0.034 0.021 0.015 0.016 0.01 0.015 0.021 0.027 0.013 0.093 0.081 0.023 0.02 0.056 0.009 0.023 0.027 0.376 0.055 0.066
100 D 0.061 0.037 0.057 0.237 0.01 0.039 0.135 0.048 0.02 0.024 0.033 0.054 0.012 0.017 0.025 0.097 0.047 0.004 0.014 0.03
101 Y 0.04 0.028 0.021 0.018 0.009 0.021 0.028 0.025 0.046 0.043 0.067 0.031 0.018 0.129 0.015 0.031 0.028 0.028 0.328 0.046
102 V 0.127 0.024 0.018 0.02 0.02 0.018 0.027 0.038 0.01 0.132 0.111 0.03 0.028 0.032 0.02 0.045 0.049 0.005 0.02 0.227
103 L 0.044 0.024 0.014 0.015 0.016 0.016 0.02 0.021 0.01 0.114 0.385 0.025 0.049 0.054 0.014 0.024 0.033 0.007 0.022 0.095
104 P 0.056 0.025 0.023 0.031 0.01 0.02 0.036 0.036 0.013 0.025 0.036 0.041 0.01 0.013 0.501 0.043 0.036 0.003 0.013 0.031
105 W 0.042 0.022 0.021 0.02 0.008 0.016 0.023 0.152 0.015 0.027 0.046 0.025 0.014 0.049 0.01 0.029 0.024 0.376 0.053 0.028
106 G 0.069 0.023 0.032 0.029 0.012 0.018 0.024 0.393 0.012 0.042 0.117 0.031 0.019 0.025 0.017 0.044 0.03 0.006 0.013 0.042
107 Q 0.055 0.061 0.038 0.042 0.009 0.175 0.085 0.039 0.025 0.026 0.044 0.078 0.018 0.014 0.143 0.052 0.039 0.005 0.018 0.034
108 Q 0.053 0.058 0.035 0.037 0.011 0.156 0.076 0.035 0.024 0.053 0.127 0.07 0.05 0.027 0.021 0.047 0.039 0.006 0.021 0.054
109 V 0.06 0.022 0.017 0.021 0.016 0.017 0.025 0.026 0.009 0.158 0.114 0.029 0.027 0.032 0.137 0.033 0.043 0.005 0.018 0.191
110 F 0.036 0.023 0.03 0.114 0.01 0.017 0.038 0.03 0.021 0.05 0.086 0.027 0.02 0.267 0.014 0.032 0.028 0.015 0.098 0.046
111 W 0.03 0.022 0.015 0.015 0.007 0.015 0.022 0.03 0.015 0.03 0.052 0.022 0.015 0.06 0.007 0.022 0.022 0.5 0.067 0.03
112 D 0.045 0.037 0.112 0.148 0.01 0.036 0.116 0.041 0.021 0.045 0.12 0.049 0.02 0.026 0.02 0.05 0.038 0.005 0.016 0.044
113 E 0.071 0.043 0.041 0.051 0.014 0.061 0.114 0.043 0.019 0.043 0.089 0.057 0.021 0.024 0.025 0.104 0.103 0.006 0.018 0.052
114 L 0.044 0.022 0.016 0.018 0.015 0.016 0.021 0.023 0.013 0.16 0.187 0.025 0.069 0.134 0.014 0.027 0.035 0.009 0.038 0.113
115 S 0.156 0.037 0.046 0.043 0.018 0.031 0.049 0.068 0.018 0.033 0.046 0.051 0.016 0.021 0.029 0.195 0.073 0.005 0.017 0.048
116 P 0.052 0.096 0.029 0.031 0.011 0.035 0.046 0.034 0.016 0.048 0.127 0.139 0.022 0.025 0.141 0.042 0.036 0.005 0.017 0.047
117 L 0.051 0.038 0.027 0.025 0.013 0.025 0.034 0.03 0.026 0.061 0.143 0.065 0.026 0.07 0.019 0.047 0.088 0.014 0.135 0.062
118 L 0.059 0.028 0.028 0.027 0.017 0.021 0.029 0.032 0.011 0.125 0.17 0.034 0.031 0.036 0.021 0.058 0.147 0.006 0.019 0.102
119 L 0.043 0.025 0.016 0.016 0.014 0.017 0.022 0.022 0.019 0.096 0.305 0.026 0.041 0.073 0.014 0.026 0.032 0.012 0.098 0.083
120 F 0.039 0.02 0.015 0.016 0.013 0.012 0.019 0.023 0.013 0.13 0.194 0.021 0.034 0.222 0.012 0.025 0.031 0.012 0.054 0.094
121 Q 0.055 0.067 0.043 0.057 0.008 0.186 0.153 0.039 0.028 0.025 0.044 0.086 0.018 0.015 0.024 0.055 0.04 0.006 0.019 0.034
122 A 0.179 0.025 0.02 0.023 0.019 0.02 0.03 0.05 0.011 0.132 0.103 0.034 0.025 0.03 0.022 0.056 0.047 0.005 0.019 0.147
123 E 0.052 0.043 0.033 0.07 0.009 0.052 0.235 0.031 0.022 0.045 0.123 0.062 0.022 0.026 0.023 0.047 0.035 0.006 0.018 0.047
124 F 0.043 0.021 0.021 0.021 0.011 0.013 0.023 0.03 0.017 0.058 0.104 0.023 0.024 0.349 0.013 0.051 0.032 0.015 0.079 0.053
125 T 0.071 0.032 0.036 0.032 0.018 0.024 0.035 0.038 0.012 0.08 0.08 0.04 0.022 0.026 0.024 0.077 0.205 0.006 0.018 0.122
126 F 0.035 0.021 0.018 0.017 0.01 0.013 0.021 0.025 0.024 0.058 0.101 0.022 0.023 0.329 0.012 0.026 0.026 0.019 0.148 0.052
127 L 0.044 0.022 0.014 0.016 0.016 0.015 0.019 0.021 0.01 0.156 0.33 0.025 0.046 0.051 0.014 0.024 0.034 0.007 0.022 0.115
128 V 0.061 0.02 0.016 0.018 0.018 0.015 0.021 0.023 0.008 0.207 0.142 0.025 0.033 0.038 0.016 0.029 0.045 0.006 0.02 0.24
129 L 0.044 0.024 0.014 0.015 0.016 0.016 0.02 0.021 0.01 0.114 0.385 0.025 0.049 0.054 0.014 0.024 0.033 0.007 0.022 0.095
130 Y 0.038 0.025 0.02 0.018 0.009 0.019 0.025 0.025 0.039 0.048 0.079 0.028 0.02 0.196 0.014 0.029 0.027 0.025 0.268 0.048
131 F 0.047 0.021 0.021 0.02 0.012 0.014 0.021 0.147 0.014 0.064 0.159 0.024 0.027 0.215 0.013 0.031 0.028 0.011 0.052 0.057
132 G 0.117 0.03 0.042 0.038 0.014 0.025 0.037 0.293 0.016 0.026 0.037 0.042 0.013 0.018 0.024 0.123 0.051 0.005 0.014 0.036
133 F 0.036 0.02 0.016 0.016 0.012 0.012 0.019 0.024 0.015 0.075 0.181 0.02 0.031 0.31 0.011 0.025 0.027 0.014 0.071 0.064
134 Y 0.057 0.033 0.033 0.028 0.011 0.026 0.037 0.036 0.079 0.037 0.057 0.038 0.017 0.089 0.019 0.082 0.041 0.019 0.216 0.042
135 L 0.047 0.069 0.021 0.021 0.131 0.045 0.034 0.03 0.015 0.053 0.137 0.043 0.024 0.037 0.015 0.034 0.032 0.129 0.03 0.053
136 F 0.033 0.019 0.017 0.017 0.01 0.01 0.019 0.025 0.017 0.062 0.113 0.019 0.025 0.396 0.01 0.025 0.025 0.017 0.087 0.054
137 T 0.099 0.03 0.034 0.031 0.136 0.023 0.033 0.044 0.012 0.049 0.063 0.038 0.018 0.022 0.025 0.078 0.176 0.005 0.016 0.066
138 R 0.049 0.261 0.039 0.034 0.008 0.05 0.058 0.036 0.022 0.025 0.045 0.182 0.015 0.016 0.022 0.047 0.036 0.005 0.017 0.031
139 D 0.046 0.032 0.121 0.23 0.01 0.028 0.065 0.047 0.02 0.04 0.042 0.044 0.012 0.018 0.081 0.052 0.04 0.004 0.014 0.057
140 R 0.066 0.11 0.035 0.032 0.014 0.029 0.039 0.039 0.016 0.093 0.076 0.059 0.02 0.025 0.082 0.092 0.075 0.005 0.017 0.074
141 K 0.086 0.056 0.036 0.033 0.012 0.058 0.054 0.041 0.104 0.062 0.065 0.107 0.02 0.025 0.022 0.049 0.04 0.006 0.028 0.096
142 A 0.126 0.043 0.036 0.036 0.014 0.076 0.055 0.052 0.027 0.035 0.053 0.054 0.018 0.046 0.024 0.1 0.05 0.011 0.096 0.047
143 P 0.051 0.05 0.102 0.043 0.011 0.032 0.044 0.042 0.019 0.066 0.072 0.103 0.035 0.023 0.141 0.049 0.041 0.005 0.017 0.056
144 A 0.29 0.031 0.026 0.03 0.022 0.026 0.04 0.078 0.015 0.043 0.059 0.045 0.018 0.022 0.03 0.085 0.05 0.005 0.018 0.069
145 R 0.051 0.268 0.033 0.027 0.011 0.04 0.045 0.031 0.019 0.058 0.067 0.096 0.019 0.022 0.019 0.041 0.038 0.006 0.018 0.092
146 A 0.151 0.029 0.025 0.028 0.017 0.023 0.035 0.051 0.013 0.054 0.132 0.04 0.023 0.027 0.143 0.077 0.046 0.005 0.017 0.062
147 V 0.121 0.107 0.024 0.024 0.017 0.026 0.034 0.04 0.013 0.097 0.09 0.053 0.024 0.027 0.02 0.048 0.045 0.005 0.019 0.164
148 P 0.048 0.031 0.027 0.046 0.009 0.032 0.119 0.032 0.018 0.037 0.062 0.045 0.016 0.141 0.178 0.041 0.032 0.008 0.039 0.039
149 P 0.07 0.139 0.038 0.037 0.012 0.034 0.047 0.045 0.018 0.026 0.041 0.071 0.014 0.017 0.182 0.105 0.051 0.004 0.016 0.034
150 P 0.054 0.072 0.029 0.045 0.009 0.035 0.105 0.035 0.017 0.024 0.037 0.059 0.011 0.014 0.322 0.046 0.036 0.004 0.014 0.031
151 E 0.089 0.058 0.112 0.063 0.011 0.045 0.118 0.053 0.023 0.027 0.04 0.116 0.014 0.018 0.025 0.083 0.047 0.005 0.017 0.036
152 I 0.05 0.021 0.017 0.018 0.015 0.016 0.021 0.022 0.018 0.192 0.132 0.026 0.031 0.063 0.015 0.028 0.039 0.011 0.097 0.168
153 E 0.055 0.055 0.037 0.046 0.011 0.043 0.113 0.035 0.105 0.058 0.061 0.108 0.019 0.024 0.022 0.045 0.038 0.006 0.028 0.091
154 V 0.066 0.021 0.016 0.018 0.019 0.016 0.022 0.024 0.008 0.177 0.133 0.025 0.032 0.036 0.016 0.031 0.047 0.005 0.02 0.267
155 K 0.064 0.105 0.115 0.052 0.011 0.042 0.058 0.052 0.023 0.026 0.04 0.15 0.014 0.017 0.025 0.1 0.051 0.005 0.017 0.033
156 P 0.064 0.03 0.033 0.034 0.014 0.024 0.037 0.039 0.013 0.039 0.05 0.043 0.015 0.018 0.264 0.067 0.147 0.004 0.015 0.05
157 L 0.116 0.027 0.025 0.025 0.017 0.02 0.03 0.042 0.013 0.074 0.123 0.033 0.025 0.121 0.021 0.057 0.093 0.008 0.036 0.095
158 V 0.057 0.025 0.022 0.022 0.015 0.018 0.026 0.03 0.011 0.117 0.098 0.029 0.025 0.039 0.017 0.044 0.093 0.129 0.031 0.152
159 L 0.057 0.109 0.028 0.025 0.015 0.027 0.033 0.03 0.014 0.088 0.156 0.053 0.029 0.032 0.019 0.048 0.093 0.006 0.019 0.119
160 G 0.053 0.036 0.106 0.043 0.01 0.048 0.042 0.163 0.02 0.027 0.042 0.044 0.014 0.028 0.018 0.054 0.062 0.129 0.028 0.033
161 G 0.121 0.027 0.025 0.025 0.016 0.022 0.029 0.161 0.013 0.075 0.134 0.034 0.06 0.032 0.02 0.05 0.04 0.006 0.018 0.092
162 L 0.051 0.027 0.021 0.02 0.016 0.019 0.025 0.026 0.011 0.098 0.305 0.03 0.042 0.046 0.017 0.041 0.089 0.007 0.021 0.089
163 A 0.124 0.029 0.029 0.028 0.016 0.023 0.034 0.047 0.022 0.099 0.083 0.038 0.022 0.054 0.022 0.093 0.049 0.011 0.096 0.082
164 G 0.066 0.025 0.028 0.026 0.016 0.019 0.026 0.151 0.011 0.108 0.124 0.032 0.026 0.031 0.019 0.05 0.093 0.006 0.017 0.127
165 V 0.087 0.023 0.017 0.018 0.017 0.017 0.024 0.031 0.01 0.119 0.174 0.027 0.032 0.041 0.016 0.035 0.042 0.068 0.026 0.176
166 L 0.071 0.036 0.111 0.047 0.015 0.028 0.041 0.051 0.019 0.052 0.127 0.045 0.023 0.029 0.023 0.121 0.083 0.006 0.018 0.055
167 V 0.058 0.02 0.016 0.017 0.076 0.015 0.021 0.025 0.009 0.161 0.12 0.024 0.029 0.038 0.015 0.03 0.041 0.067 0.025 0.194
168 V 0.098 0.023 0.017 0.019 0.019 0.017 0.025 0.031 0.009 0.147 0.12 0.028 0.029 0.033 0.018 0.039 0.049 0.005 0.02 0.253
169 L 0.044 0.024 0.014 0.015 0.016 0.016 0.02 0.021 0.01 0.114 0.385 0.025 0.049 0.054 0.014 0.024 0.033 0.007 0.022 0.095
170 V 0.092 0.025 0.02 0.021 0.018 0.019 0.026 0.032 0.01 0.121 0.176 0.03 0.032 0.037 0.019 0.044 0.071 0.006 0.02 0.181
171 L 0.041 0.02 0.015 0.016 0.014 0.013 0.019 0.022 0.012 0.137 0.228 0.022 0.037 0.18 0.013 0.025 0.032 0.01 0.046 0.099
172 W 0.034 0.022 0.015 0.015 0.01 0.014 0.021 0.026 0.014 0.059 0.15 0.022 0.026 0.142 0.01 0.023 0.026 0.256 0.061 0.052
173 F 0.033 0.019 0.017 0.017 0.01 0.01 0.019 0.025 0.017 0.062 0.113 0.019 0.025 0.396 0.01 0.025 0.025 0.017 0.087 0.054
174 L 0.047 0.023 0.016 0.017 0.016 0.017 0.021 0.022 0.011 0.194 0.227 0.027 0.074 0.047 0.015 0.027 0.038 0.007 0.022 0.133
175 E 0.059 0.057 0.042 0.055 0.011 0.136 0.137 0.04 0.024 0.032 0.048 0.075 0.018 0.017 0.025 0.064 0.094 0.006 0.019 0.043
176 S 0.109 0.031 0.036 0.034 0.016 0.024 0.038 0.052 0.016 0.056 0.072 0.04 0.02 0.116 0.023 0.136 0.059 0.008 0.035 0.078
177 T 0.081 0.036 0.045 0.04 0.017 0.029 0.042 0.048 0.015 0.047 0.058 0.047 0.018 0.023 0.028 0.126 0.213 0.006 0.017 0.063
178 A 0.245 0.029 0.029 0.03 0.019 0.024 0.036 0.187 0.014 0.037 0.051 0.041 0.015 0.02 0.027 0.075 0.044 0.005 0.016 0.057
179 G 0.077 0.023 0.039 0.033 0.011 0.019 0.025 0.517 0.013 0.019 0.028 0.033 0.009 0.016 0.019 0.051 0.029 0.005 0.011 0.024
180 L 0.04 0.021 0.015 0.016 0.013 0.014 0.02 0.024 0.012 0.128 0.213 0.023 0.034 0.096 0.012 0.024 0.031 0.131 0.041 0.093
181 L 0.11 0.033 0.035 0.122 0.014 0.048 0.055 0.046 0.016 0.051 0.128 0.045 0.023 0.026 0.082 0.052 0.039 0.005 0.017 0.055
182 A 0.238 0.031 0.024 0.027 0.02 0.026 0.037 0.065 0.015 0.057 0.092 0.042 0.056 0.028 0.026 0.072 0.047 0.006 0.019 0.074
183 W 0.03 0.022 0.015 0.015 0.007 0.015 0.022 0.03 0.015 0.03 0.052 0.022 0.015 0.06 0.007 0.022 0.022 0.5 0.067 0.03
184 I 0.052 0.019 0.015 0.017 0.017 0.014 0.019 0.021 0.009 0.231 0.184 0.024 0.037 0.043 0.015 0.026 0.041 0.006 0.021 0.191
185 N 0.056 0.042 0.149 0.067 0.012 0.039 0.11 0.049 0.023 0.033 0.045 0.055 0.015 0.019 0.024 0.074 0.124 0.005 0.016 0.044
186 D 0.041 0.033 0.133 0.325 0.008 0.03 0.08 0.05 0.022 0.022 0.028 0.046 0.01 0.015 0.022 0.056 0.038 0.004 0.012 0.025
187 Y 0.04 0.028 0.021 0.018 0.009 0.021 0.028 0.025 0.046 0.043 0.067 0.031 0.018 0.129 0.015 0.031 0.028 0.028 0.328 0.046
188 S 0.095 0.048 0.051 0.048 0.015 0.081 0.064 0.059 0.021 0.028 0.043 0.062 0.017 0.019 0.028 0.187 0.071 0.005 0.018 0.04
189 V 0.087 0.045 0.025 0.025 0.014 0.028 0.038 0.036 0.021 0.084 0.083 0.095 0.022 0.052 0.02 0.043 0.041 0.011 0.096 0.133
190 T 0.129 0.034 0.038 0.035 0.018 0.027 0.039 0.051 0.014 0.05 0.063 0.045 0.019 0.023 0.028 0.089 0.206 0.006 0.017 0.069
191 Y 0.04 0.028 0.021 0.018 0.009 0.021 0.028 0.025 0.046 0.043 0.067 0.031 0.018 0.129 0.015 0.031 0.028 0.028 0.328 0.046
192 L 0.044 0.022 0.014 0.016 0.016 0.015 0.019 0.021 0.01 0.156 0.33 0.025 0.046 0.051 0.014 0.024 0.034 0.007 0.022 0.115
193 S 0.156 0.037 0.046 0.043 0.018 0.031 0.049 0.068 0.018 0.033 0.046 0.051 0.016 0.021 0.029 0.195 0.073 0.005 0.017 0.048
194 E 0.051 0.058 0.107 0.058 0.01 0.044 0.113 0.042 0.023 0.043 0.076 0.113 0.053 0.024 0.022 0.053 0.041 0.006 0.018 0.045
195 R 0.044 0.355 0.038 0.031 0.008 0.048 0.052 0.032 0.023 0.023 0.046 0.118 0.015 0.017 0.019 0.044 0.034 0.006 0.017 0.031
196 E 0.054 0.049 0.04 0.089 0.007 0.064 0.307 0.034 0.025 0.022 0.036 0.074 0.013 0.016 0.025 0.054 0.036 0.005 0.016 0.031
197 G 0.077 0.023 0.039 0.033 0.011 0.019 0.025 0.517 0.013 0.019 0.028 0.033 0.009 0.016 0.019 0.051 0.029 0.005 0.011 0.024
198 H 0.042 0.04 0.043 0.032 0.01 0.032 0.044 0.033 0.276 0.045 0.124 0.04 0.024 0.036 0.018 0.037 0.028 0.007 0.048 0.041
199 G 0.077 0.023 0.039 0.033 0.011 0.019 0.025 0.517 0.013 0.019 0.028 0.033 0.009 0.016 0.019 0.051 0.029 0.005 0.011 0.024
200 L 0.05 0.023 0.015 0.016 0.017 0.016 0.021 0.022 0.009 0.126 0.321 0.025 0.044 0.049 0.015 0.026 0.037 0.007 0.022 0.141
201 L 0.044 0.022 0.014 0.016 0.016 0.015 0.019 0.021 0.01 0.156 0.33 0.025 0.046 0.051 0.014 0.024 0.034 0.007 0.022 0.115
202 N 0.042 0.044 0.327 0.082 0.009 0.033 0.049 0.064 0.031 0.022 0.031 0.053 0.011 0.018 0.02 0.069 0.049 0.004 0.015 0.027
203 V 0.052 0.019 0.016 0.017 0.016 0.014 0.02 0.023 0.01 0.182 0.138 0.023 0.032 0.129 0.014 0.028 0.039 0.008 0.037 0.184
204 I 0.046 0.018 0.015 0.017 0.015 0.013 0.018 0.022 0.011 0.212 0.148 0.022 0.033 0.131 0.014 0.026 0.037 0.008 0.037 0.157
205 I 0.088 0.026 0.026 0.026 0.017 0.02 0.028 0.036 0.011 0.166 0.114 0.034 0.028 0.033 0.021 0.057 0.122 0.006 0.019 0.122
206 I 0.053 0.022 0.022 0.022 0.016 0.017 0.023 0.026 0.01 0.224 0.14 0.029 0.032 0.038 0.018 0.041 0.094 0.006 0.02 0.148
207 T 0.092 0.031 0.032 0.029 0.016 0.024 0.034 0.04 0.021 0.063 0.072 0.039 0.02 0.051 0.023 0.068 0.148 0.011 0.095 0.09
208 L 0.047 0.022 0.015 0.016 0.015 0.015 0.02 0.023 0.011 0.113 0.253 0.024 0.038 0.135 0.014 0.026 0.035 0.009 0.038 0.131
209 G 0.085 0.027 0.042 0.037 0.012 0.022 0.032 0.404 0.015 0.021 0.031 0.038 0.011 0.017 0.021 0.096 0.042 0.005 0.012 0.028
210 N 0.046 0.04 0.251 0.069 0.009 0.03 0.045 0.057 0.026 0.023 0.032 0.05 0.011 0.016 0.14 0.062 0.045 0.004 0.015 0.028
211 L 0.115 0.023 0.017 0.02 0.018 0.018 0.025 0.036 0.01 0.15 0.184 0.029 0.033 0.038 0.018 0.041 0.042 0.006 0.02 0.154
212 L 0.064 0.029 0.029 0.027 0.017 0.022 0.03 0.033 0.011 0.095 0.16 0.035 0.03 0.034 0.021 0.06 0.149 0.006 0.019 0.129
213 A 0.185 0.026 0.021 0.023 0.02 0.021 0.031 0.051 0.011 0.102 0.093 0.035 0.024 0.028 0.023 0.058 0.049 0.005 0.019 0.174
214 F 0.033 0.019 0.017 0.017 0.01 0.01 0.019 0.025 0.017 0.062 0.113 0.019 0.025 0.396 0.01 0.025 0.025 0.017 0.087 0.054
215 L 0.044 0.022 0.014 0.016 0.016 0.015 0.019 0.021 0.01 0.156 0.33 0.025 0.046 0.051 0.014 0.024 0.034 0.007 0.022 0.115
216 L 0.041 0.023 0.015 0.015 0.015 0.015 0.02 0.022 0.012 0.101 0.317 0.023 0.043 0.139 0.013 0.024 0.031 0.009 0.038 0.085
217 G 0.077 0.023 0.039 0.033 0.011 0.019 0.025 0.517 0.013 0.019 0.028 0.033 0.009 0.016 0.019 0.051 0.029 0.005 0.011 0.024
218 L 0.049 0.026 0.016 0.017 0.016 0.019 0.022 0.023 0.011 0.116 0.305 0.028 0.078 0.05 0.015 0.028 0.037 0.007 0.022 0.117
219 W 0.049 0.058 0.035 0.048 0.008 0.111 0.129 0.037 0.024 0.026 0.045 0.094 0.016 0.026 0.02 0.046 0.035 0.129 0.031 0.032
220 T 0.074 0.031 0.037 0.033 0.136 0.024 0.035 0.043 0.013 0.047 0.061 0.04 0.018 0.022 0.025 0.096 0.18 0.005 0.016 0.063
221 H 0.048 0.063 0.04 0.036 0.008 0.085 0.063 0.036 0.115 0.03 0.049 0.114 0.017 0.047 0.021 0.045 0.033 0.012 0.105 0.034
222 R 0.053 0.133 0.04 0.034 0.011 0.039 0.05 0.037 0.066 0.034 0.051 0.122 0.017 0.034 0.023 0.056 0.09 0.009 0.061 0.042
223 A 0.195 0.031 0.03 0.031 0.02 0.025 0.039 0.061 0.014 0.069 0.072 0.042 0.02 0.025 0.026 0.108 0.057 0.005 0.018 0.114
224 R 0.045 0.324 0.039 0.032 0.008 0.048 0.054 0.034 0.023 0.023 0.045 0.14 0.015 0.017 0.02 0.045 0.035 0.006 0.017 0.031
225 N 0.051 0.121 0.221 0.065 0.01 0.037 0.05 0.056 0.027 0.023 0.036 0.069 0.013 0.018 0.021 0.083 0.049 0.005 0.016 0.029
226 K 0.06 0.088 0.041 0.04 0.011 0.046 0.062 0.043 0.019 0.034 0.048 0.228 0.016 0.017 0.027 0.062 0.094 0.005 0.017 0.042
227 L 0.045 0.065 0.021 0.02 0.013 0.02 0.026 0.027 0.013 0.116 0.164 0.038 0.029 0.044 0.015 0.035 0.06 0.13 0.032 0.087
228 L 0.05 0.023 0.017 0.02 0.013 0.017 0.025 0.028 0.011 0.083 0.15 0.028 0.026 0.04 0.135 0.03 0.035 0.129 0.031 0.109
229 P 0.048 0.023 0.019 0.023 0.012 0.018 0.027 0.027 0.02 0.126 0.092 0.032 0.022 0.053 0.197 0.033 0.035 0.01 0.094 0.088
230 L 0.045 0.02 0.015 0.017 0.015 0.014 0.019 0.022 0.011 0.17 0.202 0.023 0.036 0.133 0.014 0.026 0.035 0.009 0.038 0.137
231 L 0.06 0.022 0.015 0.017 0.018 0.016 0.022 0.023 0.009 0.144 0.225 0.025 0.038 0.042 0.015 0.029 0.043 0.006 0.021 0.21
232 L 0.114 0.025 0.017 0.019 0.018 0.018 0.026 0.036 0.011 0.108 0.239 0.03 0.037 0.041 0.018 0.041 0.041 0.006 0.02 0.134
233 A 0.241 0.027 0.023 0.026 0.139 0.022 0.034 0.066 0.013 0.043 0.06 0.038 0.017 0.021 0.026 0.073 0.046 0.005 0.016 0.065
234 L 0.051 0.022 0.015 0.016 0.017 0.015 0.02 0.022 0.009 0.168 0.266 0.025 0.041 0.047 0.015 0.026 0.038 0.006 0.021 0.161
235 L 0.044 0.022 0.014 0.016 0.016 0.015 0.019 0.021 0.01 0.156 0.33 0.025 0.046 0.051 0.014 0.024 0.034 0.007 0.022 0.115
236 V 0.115 0.023 0.018 0.02 0.017 0.017 0.025 0.037 0.012 0.122 0.112 0.028 0.027 0.123 0.018 0.042 0.042 0.008 0.036 0.157
237 L 0.048 0.028 0.017 0.017 0.016 0.022 0.024 0.024 0.013 0.106 0.289 0.03 0.111 0.051 0.015 0.03 0.036 0.007 0.023 0.093
238 L 0.055 0.026 0.022 0.022 0.015 0.021 0.024 0.148 0.013 0.105 0.197 0.031 0.084 0.041 0.016 0.035 0.035 0.007 0.02 0.086
239 L 0.051 0.026 0.024 0.025 0.014 0.018 0.028 0.031 0.013 0.064 0.149 0.032 0.026 0.121 0.138 0.046 0.088 0.008 0.035 0.062
240 L 0.047 0.036 0.021 0.023 0.014 0.069 0.04 0.026 0.015 0.092 0.3 0.041 0.042 0.044 0.016 0.032 0.035 0.007 0.022 0.08
241 S 0.156 0.037 0.046 0.043 0.018 0.031 0.049 0.068 0.018 0.033 0.046 0.051 0.016 0.021 0.029 0.195 0.073 0.005 0.017 0.048
242 Y 0.041 0.027 0.021 0.018 0.01 0.021 0.026 0.025 0.039 0.052 0.089 0.03 0.039 0.152 0.015 0.031 0.029 0.024 0.26 0.053
243 I 0.044 0.021 0.016 0.018 0.015 0.016 0.02 0.023 0.012 0.181 0.159 0.025 0.068 0.133 0.014 0.027 0.036 0.009 0.038 0.123
244 G 0.091 0.041 0.11 0.048 0.011 0.075 0.052 0.23 0.022 0.024 0.037 0.054 0.013 0.017 0.021 0.06 0.039 0.005 0.015 0.033
245 G 0.077 0.023 0.039 0.033 0.011 0.019 0.025 0.517 0.013 0.019 0.028 0.033 0.009 0.016 0.019 0.051 0.029 0.005 0.011 0.024
246 L 0.042 0.019 0.015 0.017 0.015 0.013 0.018 0.022 0.011 0.185 0.207 0.023 0.037 0.134 0.013 0.025 0.034 0.009 0.038 0.124
247 K 0.056 0.106 0.041 0.041 0.008 0.053 0.07 0.043 0.02 0.027 0.043 0.289 0.015 0.015 0.027 0.053 0.039 0.005 0.017 0.032
248 G 0.097 0.033 0.048 0.043 0.015 0.027 0.042 0.235 0.017 0.025 0.036 0.046 0.013 0.019 0.025 0.164 0.061 0.005 0.015 0.035
249 R 0.047 0.292 0.039 0.033 0.008 0.049 0.056 0.035 0.022 0.024 0.045 0.161 0.015 0.017 0.021 0.046 0.036 0.006 0.017 0.031
250 F 0.069 0.022 0.017 0.018 0.013 0.014 0.022 0.031 0.015 0.073 0.174 0.023 0.03 0.264 0.014 0.032 0.03 0.013 0.062 0.066
251 I 0.046 0.017 0.014 0.017 0.016 0.013 0.017 0.02 0.009 0.282 0.165 0.023 0.036 0.044 0.014 0.025 0.039 0.006 0.02 0.174
252 F 0.042 0.019 0.017 0.017 0.013 0.012 0.02 0.025 0.015 0.087 0.116 0.02 0.027 0.306 0.012 0.027 0.031 0.014 0.071 0.111
253 L 0.044 0.024 0.014 0.015 0.016 0.016 0.02 0.021 0.01 0.114 0.385 0.025 0.049 0.054 0.014 0.024 0.033 0.007 0.022 0.095
254 L 0.043 0.025 0.016 0.017 0.015 0.018 0.022 0.024 0.013 0.097 0.269 0.026 0.074 0.138 0.014 0.027 0.033 0.01 0.039 0.084
255 L 0.054 0.021 0.015 0.017 0.017 0.015 0.02 0.022 0.009 0.195 0.206 0.025 0.037 0.043 0.015 0.027 0.041 0.006 0.021 0.194
256 L 0.045 0.02 0.014 0.017 0.016 0.014 0.018 0.021 0.009 0.219 0.248 0.024 0.041 0.047 0.014 0.024 0.037 0.006 0.021 0.144
257 F 0.035 0.021 0.018 0.017 0.01 0.013 0.021 0.025 0.024 0.058 0.101 0.022 0.023 0.329 0.012 0.026 0.026 0.019 0.148 0.052
258 L 0.041 0.02 0.015 0.016 0.014 0.013 0.019 0.022 0.012 0.137 0.228 0.022 0.037 0.18 0.013 0.025 0.032 0.01 0.046 0.099
259 S 0.156 0.037 0.046 0.043 0.018 0.031 0.049 0.068 0.018 0.033 0.046 0.051 0.016 0.021 0.029 0.195 0.073 0.005 0.017 0.048
260 P 0.056 0.025 0.023 0.031 0.01 0.02 0.036 0.036 0.013 0.025 0.036 0.041 0.01 0.013 0.501 0.043 0.036 0.003 0.013 0.031
261 W 0.032 0.024 0.017 0.016 0.008 0.017 0.024 0.029 0.023 0.033 0.056 0.024 0.016 0.077 0.009 0.024 0.024 0.382 0.132 0.034
262 L 0.041 0.02 0.015 0.016 0.014 0.013 0.019 0.022 0.012 0.137 0.228 0.022 0.037 0.18 0.013 0.025 0.032 0.01 0.046 0.099
263 L 0.049 0.031 0.02 0.019 0.014 0.026 0.028 0.027 0.023 0.085 0.162 0.034 0.134 0.068 0.016 0.034 0.037 0.013 0.1 0.08
264 R 0.054 0.159 0.035 0.031 0.012 0.06 0.049 0.035 0.02 0.05 0.087 0.076 0.056 0.026 0.021 0.055 0.092 0.006 0.019 0.056
265 L 0.064 0.03 0.027 0.026 0.016 0.025 0.031 0.035 0.015 0.127 0.149 0.037 0.099 0.04 0.019 0.082 0.05 0.007 0.021 0.099
266 K 0.088 0.072 0.036 0.049 0.011 0.047 0.119 0.043 0.019 0.045 0.054 0.172 0.017 0.019 0.026 0.054 0.041 0.005 0.017 0.067
267 L 0.039 0.021 0.015 0.016 0.013 0.013 0.019 0.023 0.013 0.088 0.249 0.022 0.037 0.225 0.012 0.024 0.029 0.012 0.055 0.074
268 R 0.067 0.196 0.043 0.037 0.013 0.039 0.048 0.043 0.02 0.032 0.049 0.084 0.016 0.02 0.024 0.103 0.102 0.006 0.017 0.043
269 L 0.043 0.024 0.016 0.016 0.014 0.017 0.022 0.022 0.019 0.117 0.278 0.026 0.04 0.071 0.014 0.026 0.032 0.012 0.098 0.092
270 K 0.06 0.116 0.04 0.038 0.009 0.044 0.056 0.16 0.019 0.025 0.039 0.204 0.014 0.016 0.024 0.051 0.036 0.005 0.015 0.03
271 T 0.064 0.052 0.04 0.036 0.014 0.033 0.045 0.04 0.019 0.045 0.059 0.104 0.018 0.035 0.026 0.074 0.174 0.008 0.056 0.058
272 L 0.048 0.022 0.014 0.016 0.016 0.015 0.02 0.021 0.009 0.162 0.298 0.025 0.043 0.049 0.014 0.025 0.036 0.007 0.021 0.138
273 L 0.115 0.023 0.017 0.02 0.018 0.018 0.025 0.036 0.01 0.15 0.184 0.029 0.033 0.038 0.018 0.041 0.042 0.006 0.02 0.154
274 G 0.12 0.026 0.027 0.026 0.016 0.02 0.028 0.162 0.012 0.086 0.146 0.034 0.026 0.031 0.021 0.054 0.065 0.006 0.017 0.077
275 L 0.042 0.019 0.015 0.017 0.015 0.013 0.018 0.022 0.011 0.185 0.207 0.023 0.037 0.134 0.013 0.025 0.034 0.009 0.038 0.124
276 G 0.173 0.032 0.039 0.037 0.017 0.026 0.041 0.183 0.016 0.032 0.044 0.045 0.015 0.02 0.027 0.131 0.056 0.005 0.016 0.047
277 V 0.093 0.022 0.017 0.019 0.018 0.017 0.025 0.031 0.01 0.135 0.118 0.027 0.029 0.079 0.017 0.038 0.046 0.007 0.028 0.225
278 A 0.13 0.03 0.032 0.031 0.016 0.023 0.037 0.053 0.016 0.051 0.106 0.039 0.022 0.119 0.023 0.117 0.053 0.008 0.035 0.058
279 F 0.033 0.019 0.017 0.017 0.01 0.01 0.019 0.025 0.017 0.062 0.113 0.019 0.025 0.396 0.01 0.025 0.025 0.017 0.087 0.054
280 F 0.036 0.02 0.016 0.016 0.012 0.012 0.019 0.024 0.015 0.075 0.181 0.02 0.031 0.31 0.011 0.025 0.027 0.014 0.071 0.064
281 V 0.07 0.025 0.025 0.025 0.017 0.019 0.028 0.033 0.011 0.174 0.12 0.032 0.029 0.035 0.019 0.079 0.053 0.005 0.02 0.18
282 L 0.041 0.023 0.015 0.015 0.015 0.015 0.02 0.022 0.012 0.101 0.317 0.023 0.043 0.139 0.013 0.024 0.031 0.009 0.038 0.085
283 L 0.044 0.024 0.014 0.015 0.016 0.016 0.02 0.021 0.01 0.114 0.385 0.025 0.049 0.054 0.014 0.024 0.033 0.007 0.022 0.095
284 Y 0.049 0.026 0.026 0.022 0.01 0.021 0.027 0.148 0.038 0.037 0.058 0.031 0.016 0.101 0.016 0.036 0.028 0.022 0.249 0.04
285 L 0.041 0.023 0.015 0.015 0.015 0.015 0.02 0.022 0.012 0.101 0.317 0.023 0.043 0.139 0.013 0.024 0.031 0.009 0.038 0.085
286 G 0.132 0.028 0.036 0.033 0.015 0.022 0.032 0.289 0.014 0.033 0.045 0.039 0.014 0.019 0.023 0.069 0.091 0.005 0.014 0.046
287 T 0.064 0.037 0.114 0.048 0.015 0.029 0.041 0.048 0.018 0.045 0.056 0.047 0.017 0.022 0.025 0.086 0.205 0.005 0.017 0.059
288 L 0.043 0.025 0.016 0.016 0.014 0.017 0.022 0.022 0.019 0.096 0.305 0.026 0.041 0.073 0.014 0.026 0.032 0.012 0.098 0.083
289 L 0.051 0.021 0.015 0.017 0.017 0.015 0.02 0.022 0.009 0.189 0.238 0.024 0.04 0.045 0.015 0.026 0.039 0.006 0.021 0.171
290 R 0.044 0.355 0.038 0.031 0.008 0.048 0.052 0.032 0.023 0.023 0.046 0.118 0.015 0.017 0.019 0.044 0.034 0.006 0.017 0.031
291 T 0.081 0.036 0.045 0.04 0.017 0.029 0.042 0.048 0.015 0.047 0.058 0.047 0.018 0.023 0.028 0.126 0.213 0.006 0.017 0.063
292 E 0.051 0.044 0.047 0.168 0.007 0.055 0.253 0.037 0.024 0.022 0.034 0.067 0.012 0.016 0.025 0.054 0.036 0.005 0.015 0.029
293 G 0.077 0.023 0.039 0.033 0.011 0.019 0.025 0.517 0.013 0.019 0.028 0.033 0.009 0.016 0.019 0.051 0.029 0.005 0.011 0.024
294 F 0.035 0.021 0.018 0.017 0.01 0.013 0.021 0.025 0.024 0.058 0.101 0.022 0.023 0.329 0.012 0.026 0.026 0.019 0.148 0.052
295 Y 0.04 0.028 0.021 0.018 0.009 0.021 0.028 0.025 0.046 0.043 0.067 0.031 0.018 0.129 0.015 0.031 0.028 0.028 0.328 0.046
296 A 0.236 0.034 0.101 0.042 0.018 0.027 0.042 0.074 0.019 0.037 0.052 0.046 0.016 0.02 0.027 0.08 0.049 0.005 0.017 0.057
297 S 0.108 0.04 0.053 0.048 0.017 0.033 0.052 0.065 0.019 0.029 0.041 0.053 0.015 0.021 0.029 0.231 0.081 0.005 0.017 0.041
298 A 0.195 0.034 0.037 0.036 0.019 0.028 0.043 0.066 0.015 0.042 0.056 0.046 0.017 0.022 0.029 0.123 0.109 0.005 0.017 0.062
299 P 0.056 0.045 0.027 0.033 0.01 0.028 0.044 0.037 0.015 0.026 0.037 0.103 0.011 0.013 0.383 0.046 0.037 0.003 0.014 0.031
300 F 0.052 0.024 0.026 0.025 0.012 0.016 0.027 0.035 0.017 0.054 0.095 0.027 0.023 0.302 0.015 0.077 0.039 0.014 0.07 0.051
301 F 0.052 0.024 0.026 0.025 0.012 0.016 0.027 0.035 0.017 0.054 0.095 0.027 0.023 0.302 0.015 0.077 0.039 0.014 0.07 0.051
302 L 0.045 0.021 0.014 0.016 0.016 0.015 0.019 0.021 0.009 0.198 0.275 0.024 0.043 0.049 0.014 0.024 0.036 0.006 0.021 0.134
303 E 0.054 0.049 0.04 0.089 0.007 0.064 0.307 0.034 0.025 0.022 0.036 0.074 0.013 0.016 0.025 0.054 0.036 0.005 0.016 0.031
304 L 0.049 0.031 0.02 0.019 0.014 0.026 0.028 0.027 0.023 0.085 0.162 0.034 0.134 0.068 0.016 0.034 0.037 0.013 0.1 0.08
305 L 0.045 0.025 0.015 0.016 0.016 0.017 0.021 0.022 0.011 0.112 0.361 0.026 0.064 0.053 0.014 0.025 0.034 0.007 0.022 0.094
306 I 0.053 0.022 0.016 0.018 0.017 0.018 0.021 0.023 0.01 0.206 0.163 0.027 0.069 0.042 0.015 0.029 0.042 0.006 0.021 0.18
307 G 0.067 0.031 0.112 0.046 0.012 0.024 0.034 0.285 0.018 0.028 0.038 0.041 0.012 0.018 0.021 0.065 0.091 0.005 0.014 0.036
308 Y 0.04 0.028 0.021 0.018 0.009 0.021 0.028 0.025 0.046 0.043 0.067 0.031 0.018 0.129 0.015 0.031 0.028 0.028 0.328 0.046
309 F 0.033 0.019 0.017 0.017 0.01 0.01 0.019 0.025 0.017 0.062 0.113 0.019 0.025 0.396 0.01 0.025 0.025 0.017 0.087 0.054
310 N 0.042 0.044 0.327 0.082 0.009 0.033 0.049 0.064 0.031 0.022 0.031 0.053 0.011 0.018 0.02 0.069 0.049 0.004 0.015 0.027
311 A 0.195 0.031 0.03 0.031 0.02 0.025 0.039 0.061 0.014 0.069 0.072 0.042 0.02 0.025 0.026 0.108 0.057 0.005 0.018 0.114
312 F 0.035 0.021 0.018 0.017 0.01 0.013 0.021 0.025 0.024 0.058 0.101 0.022 0.023 0.329 0.012 0.026 0.026 0.019 0.148 0.052
313 Q 0.051 0.061 0.038 0.039 0.009 0.175 0.083 0.037 0.033 0.03 0.052 0.075 0.02 0.043 0.021 0.049 0.037 0.011 0.097 0.038
314 L 0.044 0.024 0.014 0.015 0.016 0.016 0.02 0.021 0.01 0.114 0.385 0.025 0.049 0.054 0.014 0.024 0.033 0.007 0.022 0.095
315 H 0.045 0.052 0.05 0.04 0.008 0.085 0.065 0.038 0.281 0.023 0.04 0.056 0.016 0.026 0.02 0.045 0.03 0.007 0.047 0.026
316 D 0.04 0.029 0.068 0.406 0.007 0.029 0.09 0.046 0.018 0.022 0.028 0.044 0.009 0.015 0.022 0.051 0.035 0.004 0.011 0.024
317 W 0.056 0.047 0.031 0.03 0.01 0.029 0.042 0.042 0.017 0.029 0.047 0.097 0.015 0.039 0.018 0.082 0.041 0.253 0.042 0.033
318 V 0.061 0.02 0.016 0.018 0.018 0.015 0.021 0.023 0.008 0.207 0.142 0.025 0.033 0.038 0.016 0.029 0.045 0.006 0.02 0.24
319 V 0.063 0.022 0.016 0.017 0.018 0.016 0.022 0.023 0.009 0.15 0.192 0.026 0.036 0.04 0.016 0.03 0.045 0.006 0.021 0.233
