#Seq2Logo.py -f /work3/idamei/ssn-clusterings/clustering/2205111339/clusters/0008_460/sequences.afa -o /work3/idamei/ssn-clusterings/clustering/2205111339/clusters/0008_460/sequences.logo
#Position Specific Frequency Matrix
A R N D C Q E G H I L K M F P S T W Y V
0 L 0.052 0.032 0.02 0.02 0.016 0.028 0.028 0.028 0.016 0.1 0.195 0.036 0.168 0.048 0.016 0.036 0.04 0.008 0.024 0.092
1 G 0.116 0.035 0.039 0.051 0.013 0.035 0.112 0.219 0.018 0.026 0.038 0.051 0.013 0.018 0.025 0.089 0.044 0.005 0.015 0.037
2 L 0.046 0.024 0.015 0.017 0.016 0.017 0.021 0.022 0.011 0.158 0.287 0.027 0.067 0.05 0.015 0.026 0.036 0.007 0.022 0.117
3 Y 0.04 0.028 0.022 0.019 0.009 0.022 0.028 0.025 0.046 0.043 0.068 0.031 0.019 0.13 0.015 0.031 0.028 0.028 0.324 0.046
4 I 0.055 0.019 0.015 0.018 0.017 0.014 0.02 0.022 0.009 0.237 0.153 0.024 0.035 0.041 0.015 0.028 0.043 0.006 0.02 0.211
5 L 0.135 0.023 0.018 0.021 0.018 0.018 0.026 0.041 0.011 0.165 0.166 0.031 0.032 0.038 0.02 0.046 0.042 0.006 0.02 0.123
6 I 0.076 0.031 0.037 0.034 0.017 0.024 0.036 0.043 0.014 0.125 0.093 0.04 0.024 0.03 0.024 0.116 0.115 0.006 0.019 0.097
7 L 0.046 0.026 0.019 0.019 0.014 0.021 0.025 0.025 0.025 0.13 0.141 0.031 0.077 0.076 0.015 0.031 0.035 0.014 0.13 0.099
8 L 0.05 0.026 0.023 0.022 0.016 0.018 0.025 0.028 0.012 0.088 0.243 0.03 0.036 0.106 0.017 0.044 0.095 0.008 0.033 0.081
9 C 0.05 0.019 0.015 0.016 0.184 0.013 0.018 0.026 0.01 0.109 0.182 0.022 0.031 0.101 0.014 0.03 0.034 0.007 0.03 0.088
10 L 0.062 0.036 0.136 0.049 0.014 0.027 0.039 0.049 0.02 0.057 0.159 0.043 0.026 0.032 0.021 0.098 0.053 0.006 0.018 0.055
11 L 0.067 0.03 0.028 0.027 0.017 0.022 0.031 0.037 0.013 0.084 0.26 0.035 0.037 0.042 0.02 0.097 0.05 0.006 0.02 0.076
12 F 0.042 0.021 0.019 0.022 0.01 0.014 0.025 0.029 0.015 0.05 0.086 0.027 0.02 0.257 0.185 0.032 0.029 0.012 0.061 0.046
13 L 0.054 0.021 0.015 0.017 0.017 0.015 0.02 0.022 0.009 0.19 0.214 0.025 0.038 0.044 0.015 0.027 0.041 0.006 0.021 0.188
14 C 0.093 0.031 0.04 0.037 0.186 0.025 0.039 0.054 0.015 0.035 0.05 0.042 0.016 0.021 0.025 0.16 0.065 0.005 0.015 0.047
15 F 0.038 0.018 0.016 0.017 0.012 0.011 0.018 0.023 0.014 0.14 0.132 0.02 0.029 0.268 0.012 0.025 0.03 0.013 0.064 0.098
16 L 0.057 0.023 0.019 0.019 0.016 0.017 0.022 0.11 0.01 0.111 0.246 0.027 0.037 0.042 0.016 0.031 0.037 0.006 0.02 0.134
17 G 0.071 0.026 0.034 0.031 0.015 0.021 0.03 0.174 0.013 0.119 0.086 0.036 0.022 0.028 0.021 0.08 0.082 0.006 0.017 0.089
18 L 0.051 0.032 0.12 0.04 0.014 0.025 0.032 0.038 0.019 0.114 0.125 0.038 0.071 0.035 0.017 0.044 0.044 0.006 0.02 0.115
19 I 0.045 0.027 0.027 0.024 0.013 0.021 0.029 0.026 0.126 0.193 0.123 0.031 0.029 0.039 0.016 0.03 0.035 0.006 0.033 0.124
20 T 0.07 0.029 0.034 0.03 0.175 0.022 0.031 0.039 0.012 0.05 0.064 0.037 0.018 0.022 0.024 0.075 0.181 0.005 0.016 0.066
21 R 0.047 0.286 0.039 0.033 0.008 0.049 0.057 0.035 0.022 0.024 0.045 0.163 0.015 0.017 0.021 0.047 0.036 0.006 0.017 0.031
22 D 0.074 0.035 0.055 0.163 0.014 0.03 0.06 0.052 0.017 0.035 0.045 0.048 0.015 0.02 0.026 0.124 0.123 0.005 0.015 0.045
23 K 0.048 0.146 0.049 0.159 0.008 0.044 0.072 0.041 0.021 0.024 0.039 0.161 0.013 0.016 0.023 0.05 0.037 0.005 0.015 0.029
24 I 0.054 0.089 0.023 0.024 0.014 0.027 0.034 0.027 0.013 0.152 0.13 0.084 0.029 0.033 0.018 0.035 0.041 0.006 0.019 0.149
25 L 0.088 0.022 0.016 0.019 0.017 0.016 0.022 0.03 0.01 0.184 0.22 0.027 0.037 0.043 0.017 0.034 0.039 0.006 0.02 0.131
26 K 0.055 0.071 0.045 0.041 0.01 0.09 0.069 0.041 0.101 0.03 0.046 0.137 0.017 0.02 0.024 0.057 0.072 0.006 0.027 0.037
27 K 0.053 0.081 0.034 0.034 0.01 0.044 0.056 0.037 0.024 0.042 0.072 0.201 0.041 0.04 0.023 0.046 0.037 0.009 0.069 0.045
28 L 0.044 0.023 0.019 0.019 0.013 0.017 0.023 0.024 0.023 0.122 0.154 0.027 0.03 0.131 0.015 0.031 0.046 0.015 0.133 0.092
29 L 0.047 0.02 0.016 0.016 0.172 0.013 0.018 0.026 0.012 0.074 0.186 0.021 0.03 0.156 0.014 0.03 0.031 0.009 0.041 0.069
30 K 0.055 0.077 0.032 0.033 0.011 0.04 0.053 0.036 0.017 0.103 0.081 0.198 0.022 0.024 0.023 0.044 0.04 0.005 0.018 0.087
31 F 0.05 0.02 0.024 0.022 0.011 0.014 0.021 0.188 0.014 0.084 0.094 0.024 0.022 0.209 0.014 0.034 0.029 0.011 0.051 0.064
32 L 0.044 0.023 0.014 0.016 0.016 0.015 0.02 0.021 0.01 0.138 0.328 0.024 0.045 0.075 0.014 0.024 0.034 0.007 0.026 0.106
33 L 0.045 0.022 0.014 0.016 0.016 0.015 0.019 0.021 0.01 0.169 0.31 0.024 0.045 0.051 0.014 0.024 0.035 0.007 0.022 0.122
34 V 0.058 0.02 0.015 0.018 0.018 0.015 0.02 0.022 0.008 0.221 0.148 0.025 0.034 0.04 0.015 0.029 0.044 0.006 0.02 0.226
35 I 0.054 0.02 0.015 0.017 0.017 0.015 0.02 0.022 0.009 0.212 0.19 0.024 0.037 0.043 0.015 0.027 0.042 0.006 0.021 0.195
36 G 0.065 0.025 0.032 0.029 0.015 0.02 0.027 0.193 0.012 0.117 0.086 0.034 0.022 0.028 0.02 0.056 0.108 0.006 0.016 0.09
37 L 0.051 0.021 0.015 0.015 0.174 0.015 0.019 0.025 0.009 0.091 0.276 0.023 0.038 0.043 0.015 0.029 0.034 0.006 0.019 0.082
38 S 0.109 0.04 0.054 0.048 0.017 0.033 0.052 0.066 0.019 0.029 0.041 0.054 0.016 0.021 0.029 0.228 0.081 0.005 0.017 0.041
39 L 0.046 0.02 0.014 0.017 0.016 0.014 0.018 0.021 0.009 0.224 0.238 0.024 0.041 0.047 0.014 0.025 0.037 0.006 0.021 0.148
40 L 0.047 0.027 0.016 0.017 0.016 0.02 0.023 0.023 0.012 0.109 0.319 0.029 0.089 0.052 0.015 0.028 0.035 0.007 0.023 0.094
41 P 0.056 0.026 0.023 0.031 0.01 0.02 0.036 0.036 0.013 0.026 0.036 0.041 0.01 0.013 0.499 0.043 0.036 0.003 0.013 0.031
42 G 0.148 0.025 0.027 0.027 0.017 0.02 0.03 0.206 0.012 0.075 0.072 0.034 0.019 0.024 0.021 0.056 0.043 0.005 0.016 0.123
43 L 0.041 0.02 0.015 0.016 0.014 0.013 0.019 0.022 0.012 0.152 0.22 0.022 0.037 0.164 0.013 0.025 0.033 0.01 0.043 0.108
44 R 0.048 0.27 0.039 0.034 0.008 0.05 0.058 0.036 0.022 0.024 0.045 0.174 0.015 0.017 0.022 0.047 0.036 0.006 0.017 0.031
45 D 0.063 0.033 0.063 0.285 0.011 0.031 0.078 0.053 0.019 0.025 0.032 0.047 0.011 0.017 0.025 0.11 0.05 0.004 0.013 0.03
46 K 0.053 0.065 0.033 0.035 0.011 0.096 0.063 0.035 0.019 0.111 0.085 0.133 0.024 0.025 0.022 0.044 0.04 0.006 0.019 0.081
47 T 0.074 0.034 0.039 0.035 0.015 0.027 0.04 0.044 0.026 0.042 0.058 0.043 0.018 0.058 0.024 0.117 0.121 0.013 0.12 0.053
48 V 0.069 0.022 0.016 0.018 0.019 0.016 0.023 0.024 0.008 0.163 0.129 0.026 0.031 0.035 0.016 0.033 0.049 0.005 0.02 0.276
49 G 0.078 0.023 0.039 0.033 0.011 0.019 0.025 0.515 0.013 0.019 0.028 0.033 0.009 0.016 0.019 0.051 0.029 0.005 0.011 0.024
50 T 0.072 0.035 0.043 0.037 0.018 0.027 0.039 0.043 0.014 0.053 0.064 0.045 0.02 0.023 0.027 0.092 0.254 0.006 0.018 0.07
51 D 0.041 0.03 0.068 0.403 0.007 0.03 0.09 0.046 0.019 0.022 0.028 0.044 0.009 0.015 0.022 0.052 0.035 0.004 0.011 0.024
52 S 0.097 0.038 0.05 0.045 0.017 0.031 0.048 0.058 0.017 0.037 0.049 0.051 0.017 0.022 0.029 0.182 0.139 0.005 0.017 0.051
53 L 0.068 0.037 0.032 0.031 0.015 0.056 0.044 0.039 0.016 0.071 0.212 0.045 0.033 0.036 0.021 0.097 0.05 0.006 0.02 0.067
54 L 0.052 0.032 0.02 0.02 0.016 0.028 0.028 0.028 0.016 0.099 0.195 0.036 0.169 0.048 0.016 0.036 0.04 0.008 0.024 0.091
55 Y 0.04 0.028 0.022 0.019 0.009 0.022 0.028 0.025 0.046 0.043 0.068 0.031 0.019 0.13 0.015 0.031 0.028 0.028 0.325 0.046
56 V 0.145 0.025 0.019 0.022 0.02 0.019 0.029 0.042 0.01 0.123 0.106 0.032 0.027 0.031 0.021 0.05 0.049 0.005 0.019 0.207
57 G 0.053 0.032 0.144 0.173 0.009 0.027 0.055 0.209 0.021 0.021 0.029 0.044 0.01 0.016 0.02 0.057 0.038 0.004 0.012 0.025
58 F 0.033 0.019 0.017 0.017 0.01 0.01 0.019 0.025 0.017 0.063 0.113 0.019 0.025 0.393 0.01 0.025 0.025 0.017 0.088 0.054
59 F 0.037 0.021 0.016 0.016 0.012 0.012 0.019 0.024 0.014 0.08 0.203 0.021 0.033 0.28 0.012 0.025 0.028 0.013 0.066 0.068
60 S 0.096 0.034 0.041 0.038 0.018 0.027 0.042 0.052 0.015 0.074 0.071 0.044 0.021 0.026 0.025 0.163 0.07 0.005 0.018 0.12
61 W 0.05 0.031 0.02 0.021 0.013 0.05 0.035 0.028 0.014 0.088 0.132 0.035 0.027 0.043 0.014 0.032 0.036 0.17 0.036 0.124
62 D 0.041 0.04 0.148 0.174 0.008 0.034 0.064 0.05 0.137 0.022 0.032 0.048 0.012 0.021 0.02 0.054 0.037 0.005 0.028 0.024
63 R 0.05 0.152 0.034 0.032 0.011 0.099 0.06 0.034 0.023 0.05 0.096 0.082 0.068 0.027 0.019 0.045 0.038 0.007 0.02 0.052
64 T 0.091 0.037 0.048 0.043 0.017 0.03 0.045 0.054 0.016 0.041 0.053 0.049 0.018 0.022 0.028 0.16 0.168 0.005 0.017 0.056
65 Y 0.037 0.026 0.019 0.017 0.009 0.019 0.026 0.026 0.036 0.039 0.063 0.028 0.017 0.106 0.013 0.028 0.026 0.184 0.239 0.041
66 A 0.143 0.038 0.042 0.037 0.015 0.031 0.046 0.057 0.131 0.036 0.05 0.046 0.017 0.025 0.026 0.095 0.081 0.006 0.031 0.049
67 D 0.045 0.036 0.059 0.299 0.007 0.041 0.161 0.042 0.021 0.022 0.031 0.054 0.01 0.015 0.023 0.053 0.036 0.004 0.013 0.026
68 W 0.03 0.022 0.015 0.015 0.008 0.015 0.022 0.03 0.015 0.03 0.052 0.022 0.015 0.06 0.008 0.022 0.022 0.497 0.068 0.03
69 L 0.045 0.022 0.014 0.016 0.016 0.015 0.019 0.021 0.01 0.169 0.31 0.024 0.045 0.051 0.014 0.024 0.035 0.007 0.022 0.122
70 H 0.073 0.036 0.041 0.035 0.015 0.029 0.043 0.043 0.13 0.072 0.069 0.042 0.021 0.029 0.022 0.101 0.052 0.006 0.031 0.113
71 N 0.064 0.037 0.133 0.05 0.012 0.029 0.043 0.052 0.032 0.032 0.047 0.046 0.015 0.056 0.022 0.109 0.053 0.012 0.119 0.038
72 G 0.078 0.023 0.039 0.033 0.011 0.019 0.025 0.515 0.013 0.019 0.028 0.033 0.009 0.016 0.019 0.051 0.029 0.005 0.011 0.024
73 I 0.047 0.018 0.015 0.018 0.016 0.013 0.018 0.021 0.009 0.273 0.167 0.024 0.037 0.044 0.015 0.025 0.04 0.006 0.021 0.176
74 A 0.292 0.031 0.026 0.03 0.022 0.026 0.04 0.078 0.015 0.043 0.059 0.044 0.017 0.022 0.03 0.085 0.05 0.005 0.017 0.069
75 T 0.064 0.029 0.033 0.031 0.017 0.023 0.032 0.035 0.012 0.128 0.098 0.038 0.025 0.03 0.023 0.069 0.182 0.006 0.019 0.105
76 E 0.055 0.049 0.04 0.089 0.007 0.064 0.303 0.035 0.026 0.022 0.036 0.075 0.013 0.016 0.026 0.055 0.036 0.005 0.016 0.031
77 P 0.052 0.025 0.02 0.025 0.012 0.019 0.031 0.031 0.012 0.055 0.151 0.036 0.023 0.027 0.337 0.037 0.035 0.004 0.016 0.052
78 G 0.114 0.024 0.036 0.033 0.012 0.02 0.028 0.442 0.014 0.023 0.033 0.035 0.011 0.017 0.02 0.056 0.033 0.005 0.012 0.031
79 F 0.033 0.019 0.017 0.017 0.01 0.01 0.019 0.025 0.017 0.063 0.113 0.019 0.025 0.393 0.01 0.025 0.025 0.017 0.088 0.054
80 V 0.069 0.022 0.016 0.018 0.019 0.016 0.023 0.024 0.008 0.163 0.129 0.026 0.031 0.035 0.016 0.033 0.049 0.005 0.02 0.276
81 F 0.071 0.029 0.035 0.033 0.014 0.022 0.035 0.045 0.018 0.046 0.077 0.036 0.02 0.207 0.02 0.126 0.053 0.011 0.053 0.048
82 L 0.074 0.028 0.028 0.027 0.017 0.022 0.032 0.037 0.012 0.102 0.184 0.035 0.032 0.037 0.02 0.095 0.054 0.006 0.02 0.138
83 I 0.046 0.019 0.014 0.017 0.016 0.014 0.018 0.021 0.009 0.251 0.202 0.024 0.039 0.045 0.014 0.025 0.038 0.006 0.021 0.162
84 K 0.056 0.106 0.041 0.041 0.009 0.053 0.07 0.043 0.02 0.027 0.043 0.285 0.015 0.015 0.027 0.053 0.039 0.005 0.017 0.032
85 L 0.052 0.027 0.024 0.023 0.016 0.019 0.026 0.029 0.012 0.085 0.231 0.031 0.035 0.1 0.018 0.047 0.105 0.008 0.032 0.08
86 F 0.04 0.022 0.018 0.017 0.012 0.016 0.022 0.024 0.024 0.101 0.152 0.025 0.029 0.19 0.013 0.027 0.03 0.017 0.145 0.079
87 Q 0.051 0.064 0.047 0.044 0.008 0.161 0.086 0.04 0.14 0.025 0.044 0.075 0.019 0.02 0.022 0.051 0.036 0.006 0.033 0.031
88 F 0.047 0.023 0.023 0.022 0.012 0.015 0.024 0.032 0.017 0.061 0.119 0.025 0.025 0.308 0.014 0.059 0.035 0.014 0.072 0.055
89 L 0.045 0.02 0.015 0.017 0.016 0.014 0.018 0.021 0.01 0.209 0.235 0.024 0.04 0.071 0.014 0.025 0.036 0.007 0.025 0.14
90 G 0.078 0.023 0.039 0.033 0.011 0.019 0.025 0.515 0.013 0.019 0.028 0.033 0.009 0.016 0.019 0.051 0.029 0.005 0.011 0.024
91 I 0.126 0.023 0.019 0.021 0.016 0.017 0.026 0.041 0.013 0.131 0.131 0.029 0.028 0.13 0.018 0.045 0.039 0.009 0.037 0.102
92 D 0.056 0.038 0.05 0.177 0.011 0.04 0.144 0.041 0.019 0.032 0.043 0.055 0.014 0.018 0.025 0.066 0.108 0.005 0.015 0.042
93 N 0.064 0.043 0.234 0.071 0.012 0.033 0.05 0.065 0.027 0.025 0.035 0.053 0.013 0.019 0.023 0.122 0.06 0.005 0.016 0.032
94 Y 0.04 0.028 0.022 0.019 0.009 0.022 0.028 0.025 0.046 0.043 0.068 0.031 0.019 0.13 0.015 0.031 0.028 0.028 0.325 0.046
95 F 0.121 0.023 0.02 0.021 0.014 0.015 0.026 0.043 0.016 0.056 0.095 0.027 0.023 0.269 0.017 0.045 0.033 0.013 0.064 0.059
96 Y 0.038 0.025 0.02 0.018 0.01 0.018 0.025 0.025 0.036 0.05 0.083 0.027 0.021 0.217 0.014 0.029 0.027 0.024 0.246 0.049
97 F 0.037 0.023 0.019 0.018 0.01 0.016 0.023 0.025 0.031 0.053 0.09 0.025 0.022 0.261 0.013 0.028 0.026 0.022 0.206 0.05
98 F 0.037 0.021 0.016 0.016 0.012 0.012 0.019 0.024 0.014 0.08 0.203 0.021 0.033 0.28 0.012 0.025 0.028 0.013 0.066 0.068
99 L 0.041 0.022 0.015 0.016 0.014 0.014 0.02 0.022 0.012 0.097 0.292 0.023 0.041 0.167 0.013 0.024 0.03 0.01 0.044 0.082
100 F 0.063 0.021 0.023 0.022 0.011 0.014 0.022 0.159 0.016 0.05 0.087 0.024 0.02 0.268 0.014 0.036 0.028 0.013 0.063 0.047
101 F 0.045 0.02 0.017 0.017 0.013 0.012 0.02 0.025 0.014 0.096 0.118 0.021 0.027 0.274 0.012 0.028 0.033 0.013 0.065 0.128
102 S 0.172 0.037 0.044 0.042 0.019 0.03 0.048 0.07 0.018 0.034 0.047 0.05 0.016 0.021 0.029 0.18 0.071 0.005 0.017 0.05
103 L 0.045 0.021 0.014 0.016 0.016 0.015 0.019 0.021 0.009 0.196 0.274 0.024 0.043 0.049 0.014 0.024 0.036 0.006 0.021 0.135
104 L 0.045 0.021 0.014 0.016 0.016 0.015 0.019 0.021 0.009 0.196 0.274 0.024 0.043 0.049 0.014 0.024 0.036 0.006 0.021 0.135
105 F 0.036 0.022 0.018 0.017 0.01 0.014 0.022 0.025 0.027 0.056 0.098 0.023 0.023 0.305 0.012 0.027 0.026 0.02 0.167 0.052
106 N 0.042 0.044 0.324 0.082 0.009 0.033 0.049 0.065 0.031 0.022 0.031 0.053 0.011 0.018 0.02 0.069 0.049 0.004 0.016 0.027
107 Y 0.052 0.03 0.027 0.023 0.011 0.023 0.032 0.031 0.042 0.041 0.063 0.035 0.018 0.111 0.018 0.064 0.037 0.024 0.273 0.045
108 L 0.044 0.024 0.014 0.015 0.016 0.016 0.02 0.021 0.01 0.114 0.382 0.025 0.049 0.054 0.014 0.024 0.033 0.007 0.022 0.095
109 V 0.056 0.024 0.017 0.018 0.017 0.019 0.023 0.024 0.011 0.18 0.163 0.028 0.079 0.042 0.016 0.031 0.043 0.006 0.022 0.181
110 I 0.054 0.019 0.015 0.018 0.017 0.014 0.019 0.022 0.009 0.24 0.154 0.024 0.035 0.041 0.015 0.027 0.043 0.006 0.02 0.209
111 S 0.086 0.039 0.095 0.05 0.016 0.031 0.047 0.058 0.019 0.036 0.047 0.051 0.016 0.021 0.027 0.156 0.133 0.005 0.017 0.049
112 G 0.118 0.031 0.04 0.036 0.016 0.025 0.037 0.21 0.015 0.036 0.048 0.042 0.015 0.02 0.025 0.099 0.116 0.005 0.015 0.05
113 I 0.047 0.018 0.015 0.018 0.016 0.013 0.018 0.02 0.009 0.278 0.166 0.023 0.036 0.044 0.015 0.025 0.039 0.006 0.02 0.175
114 F 0.033 0.019 0.017 0.017 0.01 0.01 0.019 0.025 0.017 0.063 0.113 0.019 0.025 0.393 0.01 0.025 0.025 0.017 0.088 0.054
115 K 0.065 0.095 0.043 0.042 0.01 0.05 0.067 0.047 0.02 0.028 0.043 0.247 0.015 0.016 0.028 0.082 0.046 0.005 0.017 0.034
116 L 0.044 0.024 0.014 0.015 0.016 0.016 0.02 0.021 0.01 0.114 0.382 0.025 0.049 0.054 0.014 0.024 0.033 0.007 0.022 0.095
117 S 0.109 0.04 0.054 0.048 0.017 0.033 0.052 0.066 0.019 0.029 0.041 0.054 0.016 0.021 0.029 0.228 0.081 0.005 0.017 0.041
118 P 0.061 0.051 0.027 0.03 0.013 0.03 0.043 0.034 0.014 0.072 0.069 0.117 0.019 0.021 0.181 0.043 0.041 0.004 0.017 0.113
119 N 0.042 0.044 0.324 0.082 0.009 0.033 0.049 0.065 0.031 0.022 0.031 0.053 0.011 0.018 0.02 0.069 0.049 0.004 0.016 0.027
120 P 0.053 0.023 0.02 0.026 0.012 0.018 0.03 0.031 0.011 0.11 0.079 0.035 0.019 0.023 0.337 0.037 0.037 0.004 0.015 0.079
121 L 0.048 0.025 0.017 0.02 0.014 0.018 0.025 0.026 0.011 0.085 0.266 0.03 0.036 0.04 0.176 0.031 0.034 0.006 0.019 0.074
122 L 0.046 0.02 0.014 0.017 0.016 0.014 0.018 0.021 0.009 0.224 0.238 0.024 0.041 0.047 0.014 0.025 0.037 0.006 0.021 0.148
123 S 0.109 0.04 0.054 0.048 0.017 0.033 0.052 0.066 0.019 0.029 0.041 0.054 0.016 0.021 0.029 0.228 0.081 0.005 0.017 0.041
124 V 0.056 0.02 0.015 0.017 0.017 0.015 0.02 0.022 0.009 0.201 0.186 0.025 0.036 0.042 0.015 0.028 0.042 0.006 0.021 0.206
125 L 0.043 0.021 0.015 0.016 0.015 0.014 0.019 0.022 0.011 0.16 0.265 0.023 0.041 0.107 0.014 0.024 0.034 0.008 0.032 0.115
126 T 0.08 0.031 0.037 0.034 0.017 0.025 0.037 0.044 0.014 0.101 0.085 0.041 0.023 0.028 0.024 0.116 0.126 0.006 0.018 0.112
127 F 0.039 0.024 0.017 0.017 0.012 0.016 0.022 0.024 0.024 0.073 0.188 0.025 0.031 0.192 0.013 0.027 0.029 0.017 0.145 0.065
128 L 0.045 0.022 0.014 0.016 0.016 0.015 0.019 0.021 0.01 0.169 0.31 0.024 0.045 0.051 0.014 0.024 0.035 0.007 0.022 0.122
129 T 0.084 0.037 0.047 0.041 0.018 0.029 0.043 0.051 0.015 0.045 0.057 0.048 0.018 0.023 0.028 0.137 0.196 0.006 0.018 0.061
130 F 0.04 0.021 0.018 0.018 0.012 0.015 0.021 0.023 0.024 0.128 0.116 0.024 0.027 0.189 0.013 0.027 0.031 0.017 0.144 0.092
131 S 0.109 0.04 0.054 0.048 0.017 0.033 0.052 0.066 0.019 0.029 0.041 0.054 0.016 0.021 0.029 0.228 0.081 0.005 0.017 0.041
132 T 0.147 0.034 0.037 0.035 0.019 0.027 0.039 0.054 0.014 0.049 0.063 0.045 0.019 0.023 0.028 0.089 0.186 0.006 0.018 0.07
133 L 0.046 0.022 0.014 0.016 0.016 0.015 0.02 0.021 0.01 0.161 0.307 0.025 0.045 0.05 0.014 0.025 0.036 0.007 0.022 0.129
134 Y 0.038 0.025 0.02 0.018 0.01 0.018 0.025 0.025 0.036 0.05 0.083 0.027 0.021 0.217 0.014 0.029 0.027 0.024 0.246 0.049
135 F 0.038 0.018 0.016 0.017 0.012 0.011 0.018 0.024 0.014 0.135 0.131 0.02 0.029 0.277 0.012 0.025 0.03 0.013 0.065 0.095
136 F 0.034 0.019 0.017 0.017 0.01 0.011 0.019 0.025 0.019 0.061 0.11 0.02 0.025 0.375 0.011 0.026 0.025 0.017 0.104 0.054
137 H 0.042 0.045 0.143 0.053 0.008 0.036 0.052 0.047 0.251 0.023 0.036 0.048 0.014 0.026 0.019 0.051 0.034 0.007 0.043 0.024
138 F 0.033 0.019 0.017 0.017 0.01 0.01 0.019 0.025 0.017 0.063 0.113 0.019 0.025 0.393 0.01 0.025 0.025 0.017 0.088 0.054
139 N 0.042 0.044 0.324 0.082 0.009 0.033 0.049 0.065 0.031 0.022 0.031 0.053 0.011 0.018 0.02 0.069 0.049 0.004 0.016 0.027
140 V 0.069 0.022 0.016 0.018 0.019 0.016 0.023 0.024 0.008 0.163 0.129 0.026 0.031 0.035 0.016 0.033 0.049 0.005 0.02 0.276
141 L 0.047 0.021 0.016 0.018 0.016 0.015 0.02 0.022 0.009 0.209 0.231 0.025 0.04 0.046 0.015 0.029 0.052 0.006 0.021 0.141
142 R 0.044 0.351 0.038 0.031 0.008 0.048 0.052 0.033 0.023 0.023 0.046 0.119 0.015 0.017 0.019 0.044 0.035 0.006 0.017 0.031
143 Q 0.136 0.059 0.038 0.041 0.013 0.157 0.081 0.053 0.024 0.032 0.051 0.075 0.019 0.017 0.025 0.065 0.044 0.006 0.019 0.046
144 S 0.109 0.04 0.054 0.048 0.017 0.033 0.052 0.066 0.019 0.029 0.041 0.054 0.016 0.021 0.029 0.228 0.081 0.005 0.017 0.041
145 L 0.047 0.027 0.016 0.017 0.016 0.02 0.023 0.023 0.012 0.109 0.319 0.029 0.089 0.052 0.015 0.028 0.035 0.007 0.023 0.094
146 A 0.297 0.031 0.025 0.029 0.021 0.025 0.04 0.078 0.015 0.043 0.059 0.044 0.017 0.021 0.029 0.084 0.049 0.005 0.017 0.068
147 L 0.052 0.023 0.015 0.016 0.017 0.016 0.021 0.022 0.009 0.13 0.297 0.025 0.043 0.048 0.015 0.027 0.038 0.007 0.022 0.156
148 A 0.297 0.031 0.025 0.029 0.021 0.025 0.04 0.078 0.015 0.043 0.059 0.044 0.017 0.021 0.029 0.084 0.049 0.005 0.017 0.068
149 F 0.044 0.019 0.016 0.017 0.013 0.012 0.02 0.025 0.014 0.104 0.121 0.021 0.028 0.274 0.012 0.027 0.032 0.013 0.065 0.122
150 F 0.045 0.02 0.017 0.017 0.013 0.012 0.02 0.025 0.014 0.096 0.118 0.021 0.027 0.274 0.012 0.028 0.033 0.013 0.065 0.128
151 L 0.053 0.022 0.015 0.016 0.017 0.016 0.021 0.022 0.009 0.158 0.262 0.025 0.041 0.046 0.015 0.027 0.039 0.006 0.021 0.169
152 Y 0.039 0.026 0.021 0.018 0.009 0.02 0.026 0.025 0.041 0.046 0.075 0.029 0.02 0.173 0.015 0.03 0.027 0.026 0.285 0.048
153 S 0.109 0.04 0.054 0.048 0.017 0.033 0.052 0.066 0.019 0.029 0.041 0.054 0.016 0.021 0.029 0.228 0.081 0.005 0.017 0.041
154 L 0.051 0.023 0.015 0.016 0.017 0.016 0.021 0.022 0.009 0.138 0.3 0.025 0.044 0.048 0.015 0.026 0.038 0.007 0.022 0.149
155 P 0.054 0.088 0.029 0.033 0.01 0.059 0.05 0.036 0.017 0.025 0.039 0.062 0.013 0.014 0.339 0.046 0.036 0.004 0.015 0.031
156 F 0.036 0.022 0.019 0.017 0.01 0.015 0.022 0.025 0.028 0.056 0.096 0.023 0.023 0.296 0.012 0.027 0.026 0.021 0.175 0.051
157 L 0.047 0.024 0.016 0.017 0.016 0.019 0.022 0.023 0.012 0.164 0.248 0.028 0.085 0.049 0.015 0.028 0.037 0.007 0.022 0.121
158 F 0.037 0.021 0.016 0.016 0.012 0.012 0.019 0.024 0.014 0.08 0.203 0.021 0.033 0.28 0.012 0.025 0.028 0.013 0.066 0.068
159 N 0.051 0.044 0.182 0.077 0.01 0.043 0.132 0.051 0.026 0.027 0.038 0.059 0.013 0.018 0.023 0.068 0.079 0.005 0.016 0.035
160 K 0.093 0.155 0.038 0.04 0.01 0.048 0.076 0.045 0.021 0.028 0.046 0.187 0.016 0.017 0.025 0.056 0.04 0.005 0.017 0.038
161 K 0.052 0.137 0.088 0.046 0.008 0.049 0.064 0.045 0.023 0.026 0.041 0.219 0.015 0.016 0.025 0.054 0.04 0.005 0.017 0.031
162 Y 0.04 0.028 0.022 0.019 0.009 0.022 0.028 0.025 0.046 0.043 0.068 0.031 0.019 0.13 0.015 0.031 0.028 0.028 0.325 0.046
163 L 0.047 0.052 0.026 0.025 0.011 0.03 0.039 0.029 0.025 0.089 0.128 0.113 0.026 0.065 0.019 0.036 0.034 0.013 0.121 0.071
164 K 0.056 0.106 0.041 0.041 0.009 0.053 0.07 0.043 0.02 0.027 0.043 0.285 0.015 0.015 0.027 0.053 0.039 0.005 0.017 0.032
165 C 0.132 0.022 0.019 0.021 0.174 0.016 0.025 0.045 0.013 0.05 0.079 0.028 0.02 0.145 0.019 0.05 0.037 0.009 0.039 0.06
166 Y 0.04 0.028 0.022 0.019 0.009 0.022 0.028 0.025 0.046 0.043 0.068 0.031 0.019 0.13 0.015 0.031 0.028 0.028 0.325 0.046
167 L 0.051 0.024 0.016 0.017 0.017 0.018 0.022 0.023 0.01 0.143 0.271 0.027 0.064 0.048 0.015 0.028 0.038 0.007 0.022 0.141
168 I 0.051 0.019 0.015 0.017 0.016 0.014 0.019 0.022 0.01 0.208 0.146 0.023 0.033 0.099 0.014 0.027 0.04 0.008 0.032 0.185
169 I 0.054 0.019 0.015 0.018 0.017 0.014 0.019 0.022 0.009 0.24 0.154 0.024 0.035 0.041 0.015 0.027 0.043 0.006 0.02 0.209
170 A 0.214 0.026 0.022 0.025 0.02 0.021 0.033 0.058 0.013 0.121 0.095 0.037 0.024 0.029 0.024 0.064 0.046 0.006 0.018 0.104
171 I 0.048 0.019 0.015 0.017 0.016 0.014 0.018 0.021 0.009 0.243 0.2 0.024 0.038 0.045 0.015 0.025 0.039 0.006 0.021 0.168
172 G 0.161 0.031 0.039 0.037 0.016 0.026 0.039 0.219 0.016 0.03 0.043 0.044 0.014 0.019 0.026 0.121 0.053 0.005 0.015 0.045
173 V 0.082 0.028 0.029 0.028 0.018 0.022 0.033 0.038 0.012 0.118 0.1 0.035 0.026 0.03 0.021 0.098 0.06 0.005 0.019 0.198
174 L 0.041 0.022 0.015 0.016 0.014 0.014 0.02 0.022 0.012 0.097 0.292 0.023 0.041 0.167 0.013 0.024 0.03 0.01 0.044 0.082
175 F 0.036 0.019 0.017 0.017 0.011 0.011 0.019 0.025 0.016 0.069 0.114 0.019 0.026 0.369 0.011 0.026 0.027 0.016 0.083 0.069
176 H 0.042 0.045 0.053 0.038 0.008 0.038 0.053 0.038 0.361 0.023 0.038 0.045 0.015 0.03 0.019 0.042 0.026 0.008 0.057 0.023
177 Y 0.042 0.025 0.019 0.018 0.011 0.019 0.024 0.023 0.034 0.111 0.115 0.028 0.025 0.102 0.015 0.029 0.031 0.021 0.223 0.084
178 S 0.109 0.04 0.054 0.048 0.017 0.033 0.052 0.066 0.019 0.029 0.041 0.054 0.016 0.021 0.029 0.228 0.081 0.005 0.017 0.041
179 A 0.224 0.028 0.03 0.031 0.018 0.023 0.035 0.223 0.014 0.035 0.049 0.04 0.015 0.02 0.026 0.073 0.043 0.005 0.015 0.053
180 L 0.044 0.023 0.014 0.015 0.016 0.016 0.02 0.021 0.01 0.142 0.346 0.025 0.047 0.052 0.014 0.024 0.034 0.007 0.022 0.109
181 L 0.052 0.02 0.015 0.016 0.174 0.014 0.018 0.025 0.009 0.135 0.218 0.023 0.035 0.04 0.015 0.03 0.036 0.006 0.018 0.104
182 L 0.05 0.026 0.025 0.023 0.015 0.018 0.026 0.03 0.013 0.077 0.186 0.03 0.031 0.157 0.017 0.047 0.104 0.01 0.043 0.073
183 L 0.05 0.024 0.015 0.016 0.017 0.016 0.021 0.022 0.01 0.126 0.323 0.025 0.045 0.05 0.015 0.026 0.037 0.007 0.022 0.137
184 F 0.057 0.025 0.027 0.026 0.015 0.018 0.027 0.033 0.014 0.127 0.111 0.03 0.026 0.153 0.018 0.07 0.077 0.009 0.042 0.095
185 F 0.038 0.018 0.016 0.017 0.012 0.011 0.018 0.024 0.014 0.135 0.131 0.02 0.029 0.277 0.012 0.025 0.03 0.013 0.065 0.095
186 P 0.056 0.026 0.023 0.031 0.01 0.02 0.036 0.036 0.013 0.026 0.036 0.041 0.01 0.013 0.499 0.043 0.036 0.003 0.013 0.031
187 L 0.044 0.02 0.015 0.017 0.015 0.014 0.019 0.021 0.01 0.188 0.229 0.023 0.039 0.105 0.014 0.025 0.035 0.008 0.032 0.128
188 L 0.129 0.024 0.018 0.021 0.018 0.018 0.026 0.04 0.011 0.145 0.202 0.031 0.034 0.04 0.019 0.044 0.041 0.006 0.02 0.113
189 Y 0.043 0.028 0.02 0.018 0.011 0.022 0.026 0.025 0.035 0.064 0.141 0.031 0.049 0.103 0.015 0.031 0.031 0.021 0.224 0.062
190 K 0.074 0.084 0.045 0.044 0.011 0.046 0.064 0.05 0.02 0.028 0.042 0.208 0.015 0.017 0.028 0.111 0.053 0.005 0.017 0.035
191 L 0.043 0.031 0.12 0.039 0.011 0.023 0.032 0.037 0.029 0.087 0.124 0.036 0.024 0.065 0.017 0.041 0.038 0.013 0.12 0.069
192 L 0.045 0.021 0.014 0.016 0.016 0.015 0.019 0.021 0.009 0.18 0.296 0.024 0.044 0.05 0.014 0.024 0.036 0.007 0.021 0.127
193 R 0.047 0.146 0.092 0.121 0.008 0.048 0.142 0.041 0.024 0.022 0.037 0.081 0.013 0.017 0.022 0.053 0.038 0.005 0.016 0.029
194 K 0.063 0.136 0.043 0.041 0.01 0.049 0.064 0.045 0.021 0.027 0.043 0.219 0.015 0.017 0.026 0.081 0.045 0.005 0.017 0.034
195 R 0.05 0.229 0.04 0.036 0.008 0.05 0.061 0.038 0.022 0.025 0.044 0.202 0.015 0.016 0.023 0.049 0.037 0.005 0.017 0.032
196 P 0.049 0.023 0.021 0.026 0.01 0.017 0.03 0.032 0.014 0.038 0.062 0.034 0.015 0.14 0.336 0.037 0.032 0.007 0.038 0.039
197 L 0.054 0.051 0.024 0.024 0.014 0.028 0.037 0.029 0.013 0.097 0.21 0.112 0.034 0.037 0.019 0.036 0.039 0.006 0.02 0.117
198 L 0.045 0.022 0.015 0.016 0.015 0.014 0.02 0.023 0.012 0.105 0.25 0.023 0.038 0.164 0.013 0.026 0.033 0.01 0.044 0.112
199 L 0.062 0.027 0.024 0.023 0.018 0.02 0.027 0.03 0.011 0.11 0.192 0.032 0.033 0.038 0.019 0.049 0.112 0.006 0.02 0.147
200 T 0.062 0.033 0.036 0.031 0.015 0.025 0.035 0.037 0.025 0.05 0.066 0.04 0.019 0.059 0.023 0.071 0.179 0.013 0.12 0.062
201 I 0.088 0.021 0.017 0.019 0.016 0.015 0.023 0.032 0.012 0.151 0.142 0.026 0.03 0.132 0.016 0.036 0.038 0.009 0.038 0.137
202 G 0.067 0.024 0.029 0.028 0.014 0.019 0.026 0.193 0.012 0.123 0.135 0.032 0.026 0.032 0.018 0.067 0.042 0.006 0.017 0.089
203 S 0.097 0.038 0.05 0.045 0.017 0.031 0.048 0.058 0.017 0.037 0.049 0.051 0.017 0.022 0.029 0.182 0.139 0.005 0.017 0.051
204 L 0.052 0.02 0.015 0.017 0.016 0.014 0.02 0.023 0.01 0.177 0.181 0.024 0.035 0.101 0.014 0.027 0.039 0.008 0.032 0.175
205 I 0.13 0.022 0.018 0.021 0.018 0.017 0.025 0.039 0.011 0.2 0.13 0.03 0.03 0.036 0.02 0.045 0.043 0.006 0.019 0.139
206 L 0.045 0.021 0.015 0.016 0.015 0.014 0.02 0.023 0.012 0.133 0.214 0.023 0.036 0.162 0.013 0.026 0.034 0.01 0.043 0.125
207 L 0.047 0.024 0.016 0.017 0.016 0.019 0.022 0.023 0.012 0.164 0.248 0.028 0.085 0.049 0.015 0.028 0.037 0.007 0.022 0.121
208 G 0.059 0.023 0.025 0.023 0.012 0.018 0.024 0.187 0.023 0.094 0.081 0.03 0.021 0.062 0.017 0.037 0.034 0.013 0.119 0.099
209 C 0.146 0.024 0.022 0.023 0.176 0.019 0.028 0.047 0.011 0.074 0.078 0.032 0.021 0.025 0.021 0.065 0.047 0.005 0.016 0.118
210 Y 0.038 0.025 0.02 0.018 0.01 0.018 0.025 0.025 0.036 0.05 0.083 0.027 0.021 0.217 0.014 0.029 0.027 0.024 0.246 0.049
211 S 0.097 0.038 0.05 0.045 0.017 0.031 0.048 0.058 0.017 0.037 0.049 0.051 0.017 0.022 0.029 0.182 0.139 0.005 0.017 0.051
212 K 0.047 0.065 0.03 0.03 0.009 0.035 0.047 0.034 0.026 0.04 0.067 0.152 0.019 0.137 0.02 0.041 0.033 0.014 0.111 0.042
213 A 0.175 0.029 0.025 0.026 0.019 0.023 0.033 0.053 0.013 0.068 0.167 0.038 0.028 0.033 0.024 0.065 0.078 0.006 0.019 0.078
214 S 0.097 0.038 0.05 0.045 0.017 0.031 0.048 0.058 0.017 0.037 0.049 0.051 0.017 0.022 0.029 0.182 0.139 0.005 0.017 0.051
215 N 0.074 0.04 0.14 0.056 0.015 0.031 0.047 0.058 0.021 0.035 0.046 0.051 0.015 0.021 0.026 0.129 0.128 0.005 0.017 0.046
216 L 0.058 0.039 0.025 0.027 0.015 0.085 0.049 0.029 0.016 0.104 0.169 0.047 0.032 0.033 0.018 0.038 0.042 0.006 0.021 0.148
217 L 0.046 0.02 0.014 0.017 0.016 0.014 0.018 0.021 0.009 0.224 0.238 0.024 0.041 0.047 0.014 0.025 0.037 0.006 0.021 0.148
218 L 0.042 0.025 0.017 0.016 0.013 0.018 0.022 0.023 0.023 0.087 0.259 0.027 0.037 0.102 0.014 0.026 0.031 0.015 0.127 0.076
219 G 0.081 0.028 0.036 0.033 0.015 0.023 0.033 0.201 0.014 0.062 0.108 0.037 0.022 0.027 0.021 0.102 0.051 0.006 0.016 0.084
220 F 0.037 0.021 0.016 0.016 0.012 0.012 0.019 0.024 0.014 0.08 0.203 0.021 0.033 0.28 0.012 0.025 0.028 0.013 0.066 0.068
221 L 0.044 0.024 0.014 0.015 0.016 0.016 0.02 0.021 0.01 0.114 0.382 0.025 0.049 0.054 0.014 0.024 0.033 0.007 0.022 0.095
222 G 0.161 0.031 0.039 0.037 0.016 0.026 0.039 0.219 0.016 0.03 0.043 0.044 0.014 0.019 0.026 0.121 0.053 0.005 0.015 0.045
223 N 0.064 0.043 0.234 0.071 0.012 0.033 0.05 0.065 0.027 0.025 0.035 0.053 0.013 0.019 0.023 0.122 0.06 0.005 0.016 0.032
224 L 0.125 0.024 0.019 0.021 0.016 0.017 0.026 0.041 0.014 0.084 0.17 0.029 0.03 0.155 0.018 0.045 0.036 0.01 0.042 0.078
225 T 0.064 0.029 0.033 0.031 0.017 0.023 0.032 0.035 0.012 0.128 0.098 0.038 0.025 0.03 0.023 0.069 0.182 0.006 0.019 0.105
226 G 0.078 0.023 0.039 0.033 0.011 0.019 0.025 0.515 0.013 0.019 0.028 0.033 0.009 0.016 0.019 0.051 0.029 0.005 0.011 0.024
227 A 0.222 0.032 0.031 0.032 0.02 0.026 0.04 0.066 0.014 0.046 0.061 0.044 0.018 0.022 0.029 0.087 0.118 0.006 0.017 0.069
228 T 0.116 0.034 0.042 0.037 0.018 0.027 0.04 0.084 0.015 0.045 0.057 0.045 0.018 0.022 0.027 0.11 0.176 0.006 0.017 0.062
229 R 0.048 0.27 0.039 0.034 0.008 0.05 0.058 0.036 0.022 0.024 0.045 0.174 0.015 0.017 0.022 0.047 0.036 0.006 0.017 0.031
230 Y 0.04 0.028 0.022 0.019 0.009 0.022 0.028 0.025 0.046 0.043 0.068 0.031 0.019 0.13 0.015 0.031 0.028 0.028 0.325 0.046
231 S 0.087 0.041 0.144 0.06 0.015 0.033 0.051 0.065 0.023 0.027 0.038 0.053 0.014 0.02 0.026 0.175 0.07 0.005 0.017 0.037
232 N 0.064 0.043 0.234 0.071 0.012 0.033 0.05 0.065 0.027 0.025 0.035 0.053 0.013 0.019 0.023 0.122 0.06 0.005 0.016 0.032
233 Y 0.04 0.028 0.022 0.019 0.009 0.022 0.028 0.025 0.046 0.043 0.068 0.031 0.019 0.13 0.015 0.031 0.028 0.028 0.325 0.046
234 A 0.151 0.029 0.031 0.032 0.018 0.024 0.037 0.055 0.014 0.117 0.089 0.04 0.023 0.029 0.024 0.112 0.057 0.005 0.018 0.095
235 G 0.123 0.028 0.045 0.156 0.013 0.025 0.052 0.211 0.015 0.029 0.039 0.041 0.012 0.018 0.023 0.063 0.052 0.005 0.013 0.039
236 L 0.048 0.032 0.023 0.04 0.013 0.032 0.114 0.026 0.015 0.083 0.267 0.042 0.037 0.042 0.018 0.034 0.034 0.007 0.02 0.074
237 S 0.097 0.038 0.05 0.045 0.017 0.031 0.048 0.058 0.017 0.037 0.049 0.051 0.017 0.022 0.029 0.182 0.139 0.005 0.017 0.051
238 A 0.131 0.041 0.13 0.067 0.013 0.041 0.131 0.059 0.024 0.029 0.042 0.057 0.014 0.019 0.025 0.069 0.045 0.005 0.016 0.042
239 G 0.079 0.023 0.039 0.034 0.011 0.019 0.026 0.508 0.014 0.019 0.028 0.034 0.009 0.016 0.019 0.052 0.03 0.005 0.011 0.024
240 D 0.041 0.03 0.069 0.395 0.008 0.03 0.092 0.047 0.019 0.022 0.028 0.045 0.009 0.015 0.022 0.052 0.036 0.004 0.011 0.024
241 S 0.084 0.031 0.038 0.036 0.017 0.025 0.038 0.048 0.015 0.129 0.091 0.042 0.024 0.03 0.023 0.146 0.065 0.005 0.019 0.095
242 G 0.071 0.033 0.136 0.052 0.011 0.026 0.038 0.29 0.02 0.022 0.031 0.043 0.011 0.017 0.021 0.086 0.045 0.005 0.013 0.028
243 G 0.071 0.024 0.044 0.095 0.01 0.021 0.036 0.437 0.014 0.019 0.028 0.035 0.009 0.016 0.019 0.051 0.03 0.005 0.011 0.024
244 G 0.079 0.039 0.042 0.037 0.011 0.027 0.037 0.361 0.015 0.022 0.033 0.079 0.011 0.017 0.022 0.081 0.04 0.005 0.013 0.028
245 F 0.087 0.051 0.026 0.027 0.013 0.028 0.04 0.039 0.017 0.056 0.125 0.113 0.025 0.149 0.02 0.044 0.035 0.009 0.042 0.056
246 F 0.045 0.019 0.02 0.02 0.012 0.013 0.019 0.105 0.013 0.127 0.117 0.023 0.026 0.214 0.013 0.029 0.031 0.011 0.053 0.09
247 C 0.138 0.036 0.023 0.025 0.174 0.023 0.033 0.047 0.012 0.08 0.076 0.073 0.02 0.024 0.022 0.054 0.042 0.005 0.016 0.076
248 L 0.046 0.02 0.014 0.017 0.016 0.014 0.018 0.021 0.009 0.224 0.238 0.024 0.041 0.047 0.014 0.025 0.037 0.006 0.021 0.148
249 F 0.037 0.026 0.07 0.028 0.01 0.018 0.027 0.032 0.029 0.049 0.084 0.029 0.021 0.243 0.014 0.034 0.03 0.018 0.155 0.047
250 V 0.07 0.022 0.017 0.018 0.019 0.017 0.023 0.025 0.008 0.165 0.131 0.026 0.032 0.036 0.017 0.033 0.05 0.006 0.021 0.266
251 F 0.036 0.027 0.119 0.039 0.01 0.018 0.029 0.038 0.022 0.049 0.086 0.03 0.02 0.268 0.014 0.04 0.033 0.013 0.064 0.045
252 I 0.046 0.019 0.014 0.017 0.016 0.014 0.018 0.021 0.009 0.251 0.202 0.024 0.039 0.045 0.014 0.025 0.038 0.006 0.021 0.162
253 N 0.043 0.045 0.314 0.083 0.009 0.034 0.05 0.065 0.032 0.023 0.032 0.054 0.011 0.018 0.02 0.07 0.05 0.005 0.016 0.027
254 L 0.048 0.024 0.014 0.015 0.017 0.016 0.021 0.022 0.01 0.122 0.34 0.025 0.046 0.051 0.014 0.025 0.036 0.007 0.022 0.125
255 V 0.139 0.026 0.02 0.022 0.019 0.021 0.029 0.042 0.012 0.132 0.123 0.033 0.05 0.034 0.02 0.049 0.046 0.006 0.02 0.159
256 L 0.044 0.024 0.014 0.015 0.016 0.016 0.02 0.021 0.01 0.114 0.381 0.025 0.049 0.054 0.014 0.024 0.033 0.007 0.022 0.095
257 I 0.047 0.018 0.015 0.018 0.016 0.013 0.018 0.021 0.009 0.271 0.168 0.024 0.037 0.044 0.015 0.025 0.04 0.006 0.021 0.177
258 V 0.07 0.022 0.016 0.018 0.019 0.016 0.023 0.025 0.008 0.165 0.13 0.026 0.032 0.036 0.016 0.033 0.049 0.006 0.021 0.269
259 L 0.042 0.023 0.015 0.015 0.015 0.015 0.02 0.022 0.011 0.106 0.337 0.024 0.045 0.111 0.013 0.024 0.032 0.009 0.033 0.088
260 F 0.072 0.031 0.038 0.034 0.015 0.024 0.037 0.045 0.016 0.048 0.073 0.039 0.02 0.146 0.022 0.115 0.12 0.009 0.041 0.055
261 I 0.049 0.02 0.016 0.018 0.016 0.016 0.02 0.022 0.01 0.241 0.169 0.026 0.058 0.044 0.015 0.027 0.04 0.006 0.021 0.168
262 F 0.038 0.018 0.016 0.017 0.012 0.011 0.018 0.024 0.014 0.135 0.131 0.02 0.029 0.277 0.012 0.025 0.03 0.013 0.065 0.095
263 A 0.155 0.03 0.031 0.032 0.019 0.024 0.037 0.055 0.014 0.098 0.083 0.041 0.022 0.027 0.025 0.113 0.058 0.005 0.018 0.112
264 L 0.106 0.03 0.03 0.029 0.016 0.022 0.034 0.046 0.015 0.065 0.17 0.037 0.029 0.094 0.021 0.102 0.051 0.008 0.031 0.066
265 I 0.044 0.019 0.015 0.017 0.015 0.013 0.018 0.021 0.01 0.215 0.193 0.023 0.037 0.104 0.014 0.025 0.036 0.008 0.032 0.142
266 N 0.042 0.093 0.226 0.063 0.009 0.034 0.046 0.053 0.032 0.026 0.04 0.061 0.013 0.036 0.019 0.059 0.043 0.009 0.067 0.031
267 R 0.05 0.226 0.032 0.027 0.089 0.039 0.043 0.032 0.019 0.04 0.074 0.1 0.041 0.023 0.019 0.043 0.036 0.006 0.017 0.045
268 K 0.053 0.152 0.041 0.041 0.008 0.108 0.076 0.04 0.024 0.026 0.045 0.181 0.017 0.016 0.024 0.052 0.039 0.006 0.018 0.033
269 L 0.06 0.021 0.015 0.017 0.015 0.014 0.02 0.025 0.011 0.172 0.222 0.025 0.038 0.104 0.015 0.029 0.036 0.008 0.032 0.121
270 R 0.042 0.169 0.03 0.027 0.009 0.034 0.042 0.032 0.02 0.04 0.072 0.112 0.019 0.167 0.017 0.038 0.032 0.01 0.046 0.041
271 R 0.049 0.164 0.034 0.052 0.009 0.047 0.145 0.031 0.021 0.073 0.066 0.082 0.019 0.022 0.021 0.045 0.036 0.006 0.018 0.06
272 D 0.049 0.046 0.14 0.172 0.01 0.033 0.062 0.048 0.021 0.047 0.048 0.084 0.015 0.019 0.021 0.054 0.043 0.004 0.015 0.068
273 D 0.052 0.055 0.071 0.2 0.008 0.036 0.07 0.124 0.019 0.023 0.033 0.123 0.011 0.015 0.023 0.053 0.036 0.004 0.013 0.027
274 L 0.066 0.029 0.027 0.026 0.016 0.022 0.031 0.036 0.013 0.086 0.268 0.035 0.038 0.043 0.019 0.092 0.049 0.006 0.02 0.077
275 Q 0.056 0.074 0.044 0.047 0.009 0.212 0.103 0.041 0.029 0.027 0.047 0.091 0.021 0.015 0.024 0.056 0.041 0.006 0.021 0.035
276 F 0.039 0.034 0.089 0.099 0.009 0.027 0.047 0.039 0.134 0.036 0.06 0.038 0.017 0.146 0.017 0.042 0.031 0.009 0.053 0.034
277 L 0.097 0.028 0.023 0.023 0.017 0.02 0.029 0.038 0.012 0.088 0.271 0.033 0.038 0.043 0.019 0.068 0.044 0.006 0.02 0.082
278 F 0.034 0.019 0.017 0.017 0.011 0.011 0.019 0.025 0.016 0.066 0.131 0.019 0.027 0.37 0.011 0.025 0.026 0.016 0.084 0.057
279 F 0.044 0.018 0.017 0.017 0.17 0.011 0.018 0.027 0.014 0.057 0.097 0.019 0.022 0.269 0.012 0.03 0.029 0.013 0.063 0.055
280 L 0.049 0.022 0.016 0.016 0.015 0.014 0.021 0.024 0.012 0.113 0.208 0.023 0.035 0.161 0.014 0.027 0.036 0.01 0.043 0.142
281 Y 0.04 0.028 0.022 0.019 0.009 0.022 0.028 0.025 0.046 0.043 0.068 0.031 0.019 0.13 0.015 0.031 0.028 0.028 0.325 0.046
282 L 0.041 0.023 0.015 0.015 0.015 0.015 0.02 0.022 0.012 0.101 0.31 0.023 0.043 0.145 0.013 0.024 0.031 0.01 0.04 0.084
283 F 0.038 0.018 0.016 0.017 0.012 0.011 0.018 0.024 0.014 0.135 0.131 0.02 0.029 0.277 0.012 0.025 0.03 0.013 0.065 0.095
284 C 0.048 0.017 0.016 0.017 0.172 0.012 0.017 0.026 0.011 0.128 0.115 0.021 0.026 0.152 0.014 0.03 0.034 0.009 0.04 0.095
285 V 0.064 0.03 0.026 0.025 0.018 0.024 0.03 0.032 0.013 0.105 0.129 0.036 0.073 0.036 0.02 0.053 0.114 0.006 0.021 0.146
286 S 0.082 0.033 0.036 0.034 0.095 0.028 0.038 0.047 0.016 0.055 0.096 0.042 0.067 0.03 0.023 0.132 0.06 0.006 0.019 0.061
287 V 0.145 0.025 0.019 0.022 0.02 0.019 0.029 0.042 0.01 0.123 0.106 0.032 0.027 0.031 0.021 0.05 0.049 0.005 0.019 0.207
288 L 0.049 0.022 0.016 0.016 0.015 0.014 0.021 0.024 0.012 0.113 0.208 0.023 0.035 0.161 0.014 0.027 0.036 0.01 0.043 0.142
289 T 0.064 0.029 0.033 0.031 0.017 0.023 0.032 0.035 0.012 0.128 0.098 0.038 0.025 0.03 0.023 0.069 0.182 0.006 0.019 0.105
290 W 0.037 0.032 0.12 0.039 0.009 0.023 0.033 0.04 0.031 0.032 0.05 0.036 0.015 0.069 0.014 0.041 0.033 0.177 0.136 0.034
291 F 0.033 0.019 0.017 0.017 0.01 0.01 0.019 0.025 0.017 0.063 0.113 0.019 0.025 0.393 0.01 0.025 0.025 0.017 0.088 0.054
292 C 0.064 0.016 0.016 0.016 0.489 0.012 0.016 0.032 0.008 0.044 0.064 0.02 0.016 0.02 0.016 0.04 0.036 0.004 0.012 0.056
293 I 0.054 0.019 0.015 0.018 0.017 0.014 0.019 0.022 0.009 0.24 0.154 0.024 0.035 0.041 0.015 0.027 0.043 0.006 0.02 0.209
294 S 0.088 0.033 0.041 0.038 0.017 0.027 0.041 0.051 0.016 0.1 0.085 0.044 0.031 0.029 0.025 0.161 0.067 0.006 0.019 0.08
295 F 0.033 0.019 0.017 0.017 0.01 0.01 0.019 0.025 0.017 0.063 0.113 0.019 0.025 0.393 0.01 0.025 0.025 0.017 0.088 0.054
296 L 0.044 0.024 0.014 0.015 0.016 0.016 0.02 0.021 0.01 0.114 0.382 0.025 0.049 0.054 0.014 0.024 0.033 0.007 0.022 0.095
297 G 0.078 0.023 0.039 0.033 0.011 0.019 0.025 0.515 0.013 0.019 0.028 0.033 0.009 0.016 0.019 0.051 0.029 0.005 0.011 0.024
298 L 0.044 0.024 0.014 0.015 0.016 0.016 0.02 0.021 0.01 0.114 0.382 0.025 0.049 0.054 0.014 0.024 0.033 0.007 0.022 0.095
299 R 0.048 0.27 0.039 0.034 0.008 0.05 0.058 0.036 0.022 0.024 0.045 0.174 0.015 0.017 0.022 0.047 0.036 0.006 0.017 0.031
300 Y 0.04 0.028 0.022 0.019 0.009 0.022 0.028 0.025 0.046 0.043 0.068 0.031 0.019 0.13 0.015 0.031 0.028 0.028 0.325 0.046
301 E 0.055 0.049 0.04 0.089 0.007 0.064 0.303 0.035 0.026 0.022 0.036 0.075 0.013 0.016 0.026 0.055 0.036 0.005 0.016 0.031
302 G 0.078 0.023 0.039 0.033 0.011 0.019 0.025 0.515 0.013 0.019 0.028 0.033 0.009 0.016 0.019 0.051 0.029 0.005 0.011 0.024
303 P 0.137 0.027 0.024 0.03 0.014 0.022 0.037 0.05 0.013 0.031 0.043 0.042 0.013 0.016 0.342 0.057 0.04 0.003 0.014 0.043
304 G 0.078 0.023 0.039 0.033 0.011 0.019 0.025 0.515 0.013 0.019 0.028 0.033 0.009 0.016 0.019 0.051 0.029 0.005 0.011 0.024
305 R 0.044 0.351 0.038 0.031 0.008 0.048 0.052 0.033 0.023 0.023 0.046 0.119 0.015 0.017 0.019 0.044 0.035 0.006 0.017 0.031
306 I 0.054 0.019 0.015 0.018 0.017 0.014 0.019 0.022 0.009 0.24 0.154 0.024 0.035 0.041 0.015 0.027 0.043 0.006 0.02 0.209
307 L 0.053 0.021 0.015 0.017 0.017 0.015 0.02 0.022 0.009 0.185 0.226 0.025 0.039 0.044 0.015 0.027 0.04 0.006 0.021 0.182
308 N 0.051 0.037 0.221 0.061 0.012 0.028 0.04 0.051 0.023 0.069 0.064 0.044 0.018 0.024 0.019 0.057 0.049 0.005 0.017 0.11
309 Y 0.04 0.028 0.022 0.019 0.009 0.022 0.028 0.025 0.046 0.043 0.068 0.031 0.019 0.13 0.015 0.031 0.028 0.028 0.325 0.046
310 F 0.033 0.019 0.017 0.017 0.01 0.01 0.019 0.025 0.017 0.063 0.113 0.019 0.025 0.393 0.01 0.025 0.025 0.017 0.088 0.054
311 Y 0.094 0.03 0.028 0.025 0.013 0.024 0.034 0.04 0.036 0.041 0.062 0.037 0.018 0.093 0.02 0.073 0.04 0.02 0.222 0.049
312 V 0.051 0.021 0.017 0.018 0.015 0.015 0.021 0.023 0.016 0.165 0.129 0.025 0.03 0.113 0.015 0.028 0.038 0.011 0.082 0.167
313 G 0.161 0.031 0.039 0.037 0.016 0.026 0.039 0.219 0.016 0.03 0.043 0.044 0.014 0.019 0.026 0.121 0.053 0.005 0.015 0.045
314 S 0.086 0.036 0.058 0.167 0.014 0.032 0.065 0.059 0.019 0.027 0.037 0.05 0.013 0.019 0.027 0.169 0.066 0.005 0.015 0.036
315 I 0.047 0.018 0.015 0.018 0.016 0.013 0.018 0.02 0.009 0.278 0.166 0.023 0.036 0.044 0.015 0.025 0.039 0.006 0.02 0.175
316 F 0.033 0.019 0.017 0.017 0.01 0.01 0.019 0.025 0.017 0.063 0.113 0.019 0.025 0.393 0.01 0.025 0.025 0.017 0.088 0.054
317 I 0.054 0.019 0.015 0.018 0.017 0.014 0.019 0.022 0.009 0.24 0.154 0.024 0.035 0.041 0.015 0.027 0.043 0.006 0.02 0.209
318 F 0.037 0.023 0.018 0.017 0.011 0.015 0.022 0.024 0.025 0.065 0.143 0.024 0.027 0.249 0.013 0.027 0.027 0.019 0.156 0.059
319 P 0.074 0.03 0.033 0.037 0.013 0.025 0.041 0.046 0.015 0.027 0.038 0.045 0.012 0.015 0.342 0.105 0.051 0.003 0.014 0.034
320 I 0.053 0.027 0.026 0.024 0.014 0.021 0.028 0.029 0.023 0.125 0.1 0.033 0.025 0.066 0.019 0.049 0.107 0.013 0.121 0.097
