#Seq2Logo.py -f /work3/idamei/ssn-clusterings/2206011120/clusters/0029_91/sequences.afa -m 0.0001 -b 50 -o /work3/idamei/ssn-clusterings/2206011120/clusters/0029_91/sequences.logo
#Position Specific Frequency Matrix
A R N D C Q E G H I L K M F P S T W Y V
0 M 0.039 0.024 0.015 0.015 0.012 0.021 0.021 0.021 0.012 0.075 0.147 0.027 0.371 0.036 0.012 0.027 0.03 0.006 0.018 0.069
1 L 0.047 0.087 0.051 0.03 0.01 0.032 0.08 0.063 0.015 0.085 0.124 0.064 0.018 0.026 0.021 0.1 0.034 0.005 0.041 0.07
2 L 0.076 0.029 0.055 0.031 0.011 0.023 0.087 0.031 0.012 0.102 0.147 0.061 0.02 0.024 0.017 0.088 0.082 0.004 0.014 0.084
3 Y 0.04 0.028 0.022 0.019 0.009 0.022 0.028 0.025 0.047 0.044 0.068 0.031 0.019 0.131 0.016 0.031 0.028 0.028 0.318 0.047
4 N 0.043 0.045 0.317 0.083 0.009 0.034 0.049 0.065 0.032 0.022 0.032 0.054 0.011 0.018 0.02 0.07 0.049 0.004 0.016 0.027
5 R 0.045 0.345 0.039 0.031 0.008 0.048 0.052 0.033 0.023 0.023 0.047 0.12 0.016 0.017 0.019 0.045 0.035 0.006 0.017 0.031
6 K 0.057 0.107 0.042 0.042 0.009 0.054 0.071 0.043 0.021 0.028 0.043 0.278 0.016 0.016 0.028 0.054 0.04 0.005 0.017 0.033
7 L 0.045 0.024 0.014 0.015 0.016 0.016 0.02 0.021 0.01 0.115 0.375 0.025 0.05 0.055 0.014 0.024 0.033 0.007 0.022 0.096
8 L 0.052 0.032 0.02 0.02 0.016 0.028 0.028 0.028 0.016 0.1 0.197 0.036 0.161 0.048 0.016 0.036 0.04 0.008 0.024 0.092
9 L 0.045 0.024 0.014 0.015 0.016 0.016 0.02 0.021 0.01 0.115 0.375 0.025 0.05 0.055 0.014 0.024 0.033 0.007 0.022 0.096
10 E 0.055 0.05 0.04 0.09 0.007 0.064 0.296 0.035 0.026 0.022 0.037 0.076 0.013 0.017 0.026 0.055 0.037 0.006 0.017 0.031
11 I 0.047 0.018 0.015 0.018 0.016 0.013 0.018 0.021 0.009 0.271 0.168 0.024 0.037 0.044 0.015 0.025 0.04 0.006 0.021 0.177
12 S 0.11 0.04 0.054 0.049 0.018 0.033 0.052 0.066 0.019 0.03 0.042 0.054 0.016 0.021 0.03 0.22 0.082 0.005 0.018 0.042
13 I 0.047 0.018 0.015 0.018 0.016 0.013 0.018 0.021 0.009 0.271 0.168 0.024 0.037 0.044 0.015 0.025 0.04 0.006 0.021 0.177
14 L 0.045 0.024 0.014 0.015 0.016 0.016 0.02 0.021 0.01 0.115 0.375 0.025 0.05 0.055 0.014 0.024 0.033 0.007 0.022 0.096
15 K 0.06 0.105 0.081 0.028 0.049 0.027 0.036 0.031 0.05 0.031 0.102 0.152 0.015 0.024 0.057 0.037 0.029 0.005 0.047 0.034
16 L 0.05 0.037 0.105 0.039 0.011 0.029 0.071 0.037 0.058 0.043 0.129 0.072 0.045 0.024 0.018 0.093 0.07 0.005 0.019 0.044
17 L 0.046 0.037 0.024 0.024 0.012 0.056 0.037 0.028 0.014 0.06 0.201 0.075 0.027 0.082 0.083 0.038 0.068 0.006 0.025 0.057
18 Y 0.04 0.027 0.021 0.018 0.009 0.021 0.027 0.024 0.046 0.043 0.067 0.031 0.018 0.128 0.015 0.031 0.027 0.027 0.331 0.046
19 S 0.063 0.03 0.037 0.091 0.012 0.028 0.081 0.105 0.015 0.075 0.068 0.041 0.045 0.023 0.021 0.111 0.08 0.005 0.015 0.056
20 G 0.067 0.031 0.038 0.034 0.011 0.026 0.038 0.127 0.085 0.026 0.039 0.04 0.013 0.036 0.106 0.119 0.044 0.008 0.08 0.032
21 L 0.06 0.086 0.027 0.025 0.098 0.022 0.029 0.118 0.013 0.053 0.169 0.043 0.024 0.028 0.017 0.075 0.038 0.005 0.016 0.053
22 L 0.054 0.097 0.028 0.027 0.012 0.024 0.034 0.034 0.015 0.048 0.127 0.049 0.022 0.105 0.119 0.079 0.04 0.007 0.03 0.048
23 G 0.089 0.03 0.044 0.039 0.013 0.025 0.037 0.3 0.015 0.023 0.033 0.041 0.012 0.017 0.023 0.156 0.053 0.005 0.013 0.031
24 G 0.063 0.029 0.046 0.134 0.013 0.025 0.046 0.166 0.014 0.035 0.044 0.04 0.014 0.019 0.023 0.068 0.16 0.005 0.014 0.045
25 L 0.05 0.039 0.107 0.038 0.013 0.08 0.046 0.036 0.019 0.078 0.152 0.046 0.027 0.029 0.018 0.043 0.041 0.005 0.019 0.115
26 S 0.075 0.036 0.12 0.05 0.013 0.028 0.045 0.055 0.02 0.025 0.036 0.048 0.012 0.017 0.149 0.159 0.059 0.004 0.015 0.033
27 A 0.177 0.1 0.034 0.033 0.015 0.029 0.04 0.156 0.016 0.03 0.044 0.056 0.014 0.018 0.024 0.103 0.046 0.005 0.015 0.044
28 P 0.068 0.035 0.115 0.048 0.013 0.028 0.043 0.051 0.019 0.031 0.042 0.047 0.014 0.018 0.147 0.113 0.11 0.004 0.015 0.041
29 L 0.051 0.029 0.026 0.023 0.014 0.021 0.029 0.029 0.023 0.069 0.173 0.033 0.029 0.068 0.019 0.048 0.108 0.013 0.124 0.07
30 G 0.139 0.024 0.027 0.026 0.014 0.018 0.028 0.208 0.015 0.041 0.066 0.032 0.017 0.146 0.019 0.053 0.034 0.009 0.038 0.048
31 P 0.05 0.047 0.039 0.049 0.008 0.091 0.128 0.036 0.112 0.023 0.038 0.061 0.014 0.018 0.145 0.047 0.034 0.005 0.026 0.029
32 P 0.106 0.049 0.096 0.052 0.011 0.037 0.105 0.049 0.02 0.027 0.039 0.105 0.013 0.016 0.124 0.058 0.04 0.004 0.015 0.036
33 E 0.054 0.035 0.03 0.05 0.011 0.036 0.153 0.032 0.017 0.045 0.115 0.049 0.02 0.023 0.122 0.051 0.085 0.005 0.016 0.049
34 G 0.17 0.026 0.037 0.111 0.014 0.022 0.042 0.254 0.014 0.028 0.038 0.038 0.012 0.017 0.022 0.061 0.037 0.005 0.013 0.04
35 I 0.06 0.023 0.021 0.022 0.016 0.017 0.025 0.029 0.01 0.184 0.178 0.029 0.032 0.038 0.017 0.073 0.046 0.006 0.019 0.155
36 R 0.053 0.178 0.106 0.044 0.009 0.038 0.049 0.044 0.097 0.023 0.038 0.074 0.014 0.02 0.02 0.091 0.043 0.005 0.024 0.029
37 R 0.045 0.182 0.028 0.026 0.011 0.034 0.04 0.028 0.016 0.099 0.14 0.119 0.025 0.028 0.018 0.036 0.034 0.006 0.018 0.069
38 G 0.11 0.023 0.026 0.025 0.015 0.018 0.027 0.124 0.013 0.104 0.083 0.031 0.021 0.094 0.018 0.08 0.042 0.007 0.027 0.111
39 P 0.067 0.027 0.029 0.03 0.013 0.021 0.034 0.039 0.014 0.052 0.062 0.036 0.017 0.088 0.191 0.116 0.048 0.006 0.026 0.085
40 A 0.148 0.048 0.032 0.032 0.014 0.031 0.043 0.123 0.016 0.038 0.061 0.126 0.046 0.021 0.023 0.089 0.043 0.005 0.016 0.047
41 R 0.088 0.142 0.024 0.024 0.012 0.028 0.035 0.032 0.014 0.127 0.131 0.096 0.024 0.028 0.018 0.039 0.035 0.005 0.017 0.079
42 R 0.069 0.132 0.114 0.042 0.008 0.035 0.082 0.039 0.065 0.021 0.034 0.128 0.012 0.015 0.077 0.046 0.033 0.004 0.017 0.027
43 R 0.07 0.144 0.094 0.086 0.009 0.026 0.038 0.074 0.015 0.028 0.066 0.075 0.013 0.016 0.018 0.07 0.108 0.004 0.013 0.034
44 L 0.035 0.017 0.011 0.012 0.012 0.011 0.015 0.017 0.008 0.131 0.35 0.018 0.032 0.123 0.011 0.02 0.027 0.006 0.025 0.117
45 G 0.078 0.023 0.039 0.034 0.011 0.019 0.026 0.51 0.014 0.019 0.028 0.034 0.009 0.016 0.019 0.051 0.03 0.005 0.011 0.024
46 G 0.078 0.023 0.039 0.034 0.011 0.019 0.026 0.51 0.014 0.019 0.028 0.034 0.009 0.016 0.019 0.051 0.03 0.005 0.011 0.024
47 F 0.107 0.018 0.018 0.018 0.01 0.013 0.019 0.181 0.011 0.043 0.144 0.022 0.018 0.187 0.013 0.032 0.024 0.046 0.033 0.043
48 L 0.073 0.066 0.024 0.029 0.01 0.06 0.088 0.067 0.015 0.071 0.117 0.066 0.018 0.026 0.016 0.075 0.033 0.006 0.044 0.095
49 L 0.039 0.064 0.019 0.017 0.01 0.021 0.022 0.064 0.017 0.072 0.195 0.03 0.021 0.07 0.013 0.049 0.05 0.046 0.132 0.051
50 P 0.103 0.02 0.019 0.021 0.047 0.016 0.025 0.031 0.01 0.049 0.106 0.028 0.016 0.042 0.232 0.078 0.034 0.004 0.015 0.104
51 G 0.068 0.019 0.024 0.022 0.011 0.014 0.021 0.245 0.011 0.102 0.06 0.025 0.015 0.112 0.014 0.082 0.054 0.006 0.022 0.073
52 G 0.109 0.024 0.022 0.021 0.01 0.06 0.028 0.161 0.016 0.04 0.151 0.03 0.018 0.064 0.015 0.056 0.028 0.008 0.096 0.042
53 L 0.034 0.017 0.012 0.013 0.012 0.012 0.016 0.017 0.008 0.182 0.307 0.02 0.066 0.094 0.011 0.022 0.044 0.006 0.022 0.084
54 L 0.032 0.018 0.011 0.012 0.011 0.012 0.015 0.016 0.01 0.1 0.432 0.019 0.033 0.1 0.01 0.019 0.024 0.007 0.049 0.07
55 L 0.031 0.016 0.011 0.012 0.01 0.01 0.014 0.017 0.009 0.133 0.287 0.017 0.028 0.237 0.01 0.019 0.023 0.008 0.036 0.07
56 F 0.034 0.015 0.013 0.013 0.01 0.01 0.015 0.053 0.01 0.082 0.161 0.017 0.023 0.318 0.01 0.021 0.024 0.009 0.044 0.118
57 L 0.042 0.02 0.017 0.017 0.011 0.015 0.019 0.09 0.01 0.086 0.286 0.023 0.085 0.083 0.012 0.067 0.029 0.006 0.02 0.061
58 M 0.101 0.025 0.024 0.023 0.013 0.021 0.028 0.034 0.012 0.075 0.097 0.032 0.195 0.027 0.016 0.157 0.041 0.005 0.016 0.059
59 L 0.035 0.018 0.011 0.012 0.012 0.012 0.015 0.016 0.008 0.149 0.411 0.019 0.061 0.038 0.011 0.019 0.027 0.005 0.016 0.103
60 F 0.07 0.017 0.015 0.015 0.012 0.012 0.018 0.023 0.01 0.076 0.108 0.02 0.021 0.226 0.012 0.03 0.074 0.008 0.035 0.2
61 L 0.084 0.017 0.013 0.014 0.012 0.012 0.017 0.022 0.009 0.077 0.209 0.019 0.025 0.201 0.011 0.025 0.028 0.007 0.032 0.166
62 P 0.042 0.019 0.017 0.023 0.008 0.015 0.027 0.027 0.01 0.019 0.027 0.031 0.008 0.01 0.622 0.033 0.027 0.002 0.01 0.023
63 T 0.075 0.024 0.026 0.024 0.013 0.018 0.026 0.03 0.011 0.076 0.061 0.03 0.017 0.024 0.018 0.056 0.303 0.005 0.04 0.123
64 S 0.128 0.028 0.053 0.028 0.013 0.021 0.031 0.039 0.012 0.068 0.053 0.056 0.015 0.019 0.019 0.152 0.132 0.004 0.014 0.115
65 Y 0.054 0.018 0.014 0.013 0.009 0.013 0.018 0.02 0.02 0.072 0.172 0.02 0.021 0.2 0.011 0.023 0.023 0.013 0.215 0.051
66 Q 0.047 0.043 0.056 0.032 0.009 0.218 0.054 0.032 0.017 0.055 0.05 0.074 0.035 0.016 0.017 0.084 0.08 0.004 0.015 0.061
67 P 0.07 0.024 0.024 0.027 0.01 0.041 0.054 0.099 0.012 0.056 0.083 0.033 0.054 0.048 0.151 0.118 0.035 0.004 0.016 0.041
68 I 0.086 0.023 0.016 0.017 0.012 0.079 0.027 0.023 0.01 0.194 0.187 0.028 0.025 0.057 0.013 0.028 0.03 0.005 0.018 0.123
69 K 0.042 0.128 0.031 0.03 0.006 0.04 0.051 0.031 0.016 0.02 0.033 0.42 0.012 0.012 0.02 0.039 0.029 0.004 0.013 0.024
70 G 0.139 0.019 0.019 0.019 0.012 0.015 0.021 0.165 0.01 0.095 0.147 0.025 0.058 0.053 0.015 0.037 0.051 0.005 0.016 0.08
71 V 0.092 0.017 0.015 0.016 0.012 0.012 0.019 0.092 0.008 0.122 0.08 0.021 0.019 0.11 0.047 0.029 0.031 0.005 0.022 0.229
72 L 0.057 0.017 0.012 0.013 0.012 0.011 0.016 0.019 0.009 0.118 0.337 0.019 0.03 0.149 0.011 0.021 0.025 0.007 0.027 0.092
73 L 0.058 0.018 0.011 0.012 0.012 0.012 0.016 0.018 0.008 0.124 0.461 0.02 0.035 0.039 0.011 0.021 0.026 0.005 0.016 0.077
74 A 0.161 0.019 0.017 0.018 0.013 0.015 0.021 0.099 0.009 0.159 0.148 0.025 0.04 0.055 0.015 0.06 0.032 0.005 0.017 0.072
75 L 0.086 0.018 0.013 0.014 0.013 0.013 0.018 0.022 0.008 0.149 0.308 0.021 0.029 0.033 0.013 0.027 0.052 0.005 0.016 0.143
76 V 0.138 0.018 0.015 0.016 0.013 0.014 0.02 0.027 0.008 0.16 0.158 0.023 0.023 0.027 0.048 0.034 0.055 0.004 0.015 0.183
77 L 0.089 0.019 0.015 0.015 0.046 0.014 0.019 0.024 0.008 0.116 0.304 0.022 0.028 0.032 0.013 0.05 0.053 0.005 0.015 0.114
78 L 0.114 0.019 0.017 0.017 0.012 0.014 0.02 0.095 0.009 0.062 0.236 0.023 0.023 0.092 0.014 0.054 0.052 0.006 0.021 0.098
79 V 0.073 0.02 0.019 0.021 0.04 0.016 0.046 0.06 0.01 0.109 0.123 0.025 0.02 0.082 0.014 0.096 0.035 0.005 0.02 0.166
80 A 0.162 0.019 0.017 0.018 0.047 0.015 0.022 0.031 0.008 0.128 0.149 0.025 0.021 0.025 0.016 0.041 0.1 0.004 0.014 0.135
81 L 0.042 0.017 0.014 0.015 0.046 0.013 0.017 0.053 0.008 0.148 0.252 0.02 0.046 0.06 0.012 0.044 0.03 0.005 0.018 0.142
82 I 0.039 0.018 0.041 0.018 0.012 0.013 0.018 0.021 0.009 0.202 0.191 0.022 0.045 0.088 0.012 0.047 0.053 0.005 0.021 0.125
83 G 0.072 0.076 0.025 0.022 0.01 0.019 0.026 0.132 0.013 0.036 0.123 0.034 0.016 0.084 0.015 0.118 0.055 0.04 0.047 0.038
84 I 0.047 0.018 0.015 0.018 0.016 0.013 0.018 0.021 0.009 0.271 0.168 0.024 0.037 0.044 0.015 0.025 0.04 0.006 0.021 0.177
85 L 0.077 0.027 0.021 0.02 0.052 0.017 0.023 0.063 0.011 0.079 0.134 0.027 0.065 0.093 0.015 0.106 0.061 0.006 0.021 0.081
86 L 0.066 0.02 0.015 0.015 0.057 0.014 0.019 0.025 0.014 0.068 0.215 0.022 0.048 0.189 0.013 0.028 0.028 0.01 0.07 0.063
87 A 0.135 0.075 0.058 0.028 0.012 0.027 0.036 0.041 0.018 0.072 0.103 0.101 0.042 0.032 0.019 0.047 0.036 0.007 0.052 0.059
88 K 0.058 0.109 0.042 0.042 0.009 0.054 0.072 0.044 0.021 0.028 0.044 0.266 0.016 0.016 0.028 0.054 0.04 0.005 0.018 0.033
89 K 0.058 0.109 0.042 0.042 0.009 0.054 0.072 0.044 0.021 0.028 0.044 0.266 0.016 0.016 0.028 0.054 0.04 0.005 0.018 0.033
90 R 0.037 0.22 0.027 0.052 0.008 0.049 0.037 0.059 0.042 0.055 0.122 0.101 0.017 0.019 0.015 0.034 0.049 0.004 0.015 0.038
91 G 0.071 0.071 0.054 0.029 0.008 0.027 0.036 0.201 0.014 0.028 0.04 0.2 0.011 0.043 0.017 0.064 0.03 0.004 0.015 0.039
92 K 0.09 0.1 0.026 0.025 0.009 0.05 0.04 0.065 0.041 0.036 0.068 0.205 0.014 0.016 0.051 0.038 0.03 0.004 0.015 0.077
93 L 0.059 0.016 0.013 0.014 0.011 0.012 0.016 0.054 0.01 0.172 0.185 0.019 0.024 0.093 0.011 0.023 0.026 0.075 0.051 0.116
94 A 0.118 0.092 0.028 0.057 0.01 0.025 0.06 0.069 0.042 0.026 0.062 0.077 0.012 0.02 0.085 0.102 0.033 0.005 0.04 0.036
95 L 0.037 0.016 0.011 0.012 0.012 0.011 0.015 0.016 0.007 0.198 0.299 0.018 0.03 0.063 0.011 0.02 0.029 0.005 0.019 0.169
96 N 0.086 0.062 0.186 0.068 0.008 0.027 0.04 0.074 0.129 0.019 0.029 0.086 0.01 0.015 0.017 0.065 0.032 0.004 0.019 0.024
97 R 0.039 0.252 0.026 0.024 0.007 0.03 0.037 0.027 0.014 0.047 0.066 0.152 0.013 0.015 0.117 0.048 0.036 0.004 0.013 0.033
98 E 0.043 0.057 0.056 0.095 0.008 0.056 0.136 0.03 0.035 0.032 0.065 0.043 0.013 0.021 0.051 0.063 0.098 0.005 0.04 0.055
99 V 0.072 0.019 0.017 0.017 0.013 0.015 0.02 0.058 0.008 0.125 0.16 0.023 0.043 0.027 0.014 0.053 0.079 0.004 0.015 0.219
100 L 0.058 0.018 0.013 0.016 0.011 0.013 0.041 0.02 0.009 0.08 0.31 0.021 0.028 0.162 0.011 0.023 0.026 0.007 0.028 0.104
101 L 0.057 0.045 0.013 0.013 0.017 0.014 0.018 0.02 0.011 0.114 0.264 0.023 0.046 0.123 0.011 0.023 0.026 0.024 0.052 0.087
102 L 0.097 0.017 0.013 0.014 0.011 0.012 0.018 0.024 0.009 0.11 0.175 0.02 0.022 0.119 0.011 0.025 0.026 0.143 0.032 0.103
103 I 0.068 0.019 0.02 0.019 0.011 0.014 0.021 0.061 0.01 0.136 0.07 0.024 0.018 0.084 0.014 0.075 0.099 0.108 0.026 0.104
104 L 0.035 0.017 0.013 0.013 0.011 0.012 0.016 0.051 0.008 0.12 0.375 0.019 0.031 0.093 0.011 0.022 0.048 0.006 0.021 0.075
105 F 0.108 0.018 0.017 0.017 0.011 0.012 0.019 0.062 0.011 0.069 0.114 0.021 0.019 0.283 0.013 0.052 0.049 0.008 0.04 0.057
106 Y 0.034 0.019 0.016 0.015 0.009 0.014 0.019 0.02 0.018 0.073 0.123 0.021 0.039 0.167 0.011 0.027 0.069 0.046 0.187 0.072
107 S 0.08 0.026 0.053 0.029 0.012 0.042 0.032 0.036 0.012 0.106 0.06 0.034 0.035 0.02 0.052 0.167 0.109 0.004 0.014 0.077
108 C 0.116 0.019 0.019 0.018 0.146 0.014 0.021 0.063 0.009 0.05 0.134 0.024 0.018 0.068 0.015 0.078 0.076 0.005 0.017 0.091
109 V 0.042 0.017 0.014 0.015 0.012 0.013 0.018 0.019 0.01 0.16 0.184 0.021 0.024 0.064 0.012 0.045 0.053 0.007 0.069 0.201
110 G 0.059 0.018 0.029 0.025 0.008 0.014 0.02 0.609 0.01 0.014 0.021 0.026 0.007 0.012 0.014 0.058 0.024 0.004 0.008 0.019
111 L 0.085 0.018 0.014 0.015 0.012 0.013 0.018 0.056 0.008 0.115 0.329 0.021 0.029 0.061 0.013 0.028 0.05 0.005 0.018 0.092
112 F 0.085 0.018 0.015 0.016 0.011 0.013 0.019 0.053 0.01 0.062 0.179 0.021 0.042 0.228 0.012 0.048 0.028 0.008 0.035 0.099
113 W 0.029 0.019 0.015 0.015 0.007 0.034 0.02 0.09 0.015 0.029 0.051 0.021 0.013 0.184 0.009 0.022 0.019 0.283 0.097 0.029
114 S 0.081 0.022 0.025 0.023 0.013 0.018 0.026 0.032 0.01 0.121 0.094 0.029 0.038 0.023 0.017 0.178 0.086 0.004 0.014 0.145
115 L 0.035 0.017 0.012 0.013 0.011 0.011 0.015 0.017 0.008 0.122 0.312 0.018 0.029 0.148 0.011 0.022 0.047 0.007 0.027 0.118
116 Y 0.035 0.047 0.019 0.017 0.008 0.017 0.023 0.021 0.049 0.061 0.079 0.027 0.016 0.06 0.012 0.03 0.089 0.078 0.249 0.064
117 G 0.102 0.017 0.028 0.024 0.009 0.014 0.02 0.578 0.01 0.016 0.023 0.026 0.008 0.012 0.015 0.04 0.023 0.004 0.008 0.021
118 L 0.13 0.023 0.021 0.027 0.012 0.021 0.096 0.032 0.012 0.054 0.154 0.031 0.019 0.054 0.016 0.097 0.042 0.006 0.042 0.111
119 L 0.063 0.042 0.013 0.013 0.011 0.013 0.017 0.02 0.009 0.156 0.199 0.022 0.025 0.114 0.011 0.023 0.027 0.039 0.029 0.154
120 T 0.073 0.036 0.043 0.038 0.018 0.028 0.039 0.043 0.014 0.053 0.065 0.045 0.02 0.024 0.028 0.093 0.246 0.006 0.018 0.071
121 N 0.059 0.111 0.198 0.039 0.008 0.068 0.061 0.034 0.019 0.032 0.076 0.069 0.014 0.02 0.015 0.04 0.031 0.005 0.039 0.063
122 G 0.097 0.021 0.084 0.085 0.009 0.017 0.028 0.416 0.012 0.017 0.024 0.029 0.008 0.013 0.016 0.062 0.028 0.004 0.009 0.022
123 N 0.153 0.03 0.298 0.048 0.01 0.024 0.058 0.049 0.019 0.022 0.03 0.038 0.01 0.014 0.018 0.074 0.059 0.004 0.012 0.03
124 V 0.07 0.022 0.016 0.018 0.019 0.016 0.023 0.025 0.008 0.165 0.13 0.026 0.032 0.036 0.016 0.033 0.049 0.006 0.021 0.269
125 I 0.047 0.018 0.015 0.018 0.016 0.013 0.018 0.021 0.009 0.271 0.168 0.024 0.037 0.044 0.015 0.025 0.04 0.006 0.021 0.177
126 P 0.067 0.02 0.018 0.023 0.008 0.016 0.027 0.029 0.01 0.021 0.037 0.031 0.009 0.011 0.553 0.054 0.029 0.002 0.01 0.026
127 G 0.056 0.017 0.028 0.024 0.008 0.014 0.019 0.607 0.011 0.015 0.022 0.025 0.007 0.016 0.014 0.037 0.022 0.005 0.034 0.019
128 A 0.431 0.022 0.018 0.021 0.015 0.018 0.028 0.053 0.012 0.055 0.048 0.031 0.014 0.021 0.021 0.058 0.035 0.005 0.039 0.054
129 L 0.039 0.018 0.014 0.014 0.012 0.013 0.018 0.019 0.01 0.119 0.303 0.021 0.047 0.064 0.012 0.044 0.051 0.006 0.044 0.132
130 R 0.065 0.288 0.028 0.025 0.008 0.05 0.038 0.031 0.015 0.021 0.036 0.087 0.012 0.041 0.081 0.096 0.032 0.004 0.015 0.027
131 V 0.052 0.021 0.017 0.017 0.013 0.036 0.023 0.023 0.008 0.097 0.109 0.025 0.041 0.025 0.014 0.07 0.059 0.004 0.015 0.331
132 L 0.076 0.023 0.024 0.022 0.012 0.018 0.025 0.063 0.01 0.075 0.208 0.028 0.041 0.026 0.016 0.156 0.082 0.004 0.014 0.076
133 T 0.057 0.026 0.032 0.028 0.013 0.021 0.03 0.034 0.011 0.039 0.071 0.034 0.015 0.018 0.02 0.122 0.363 0.004 0.013 0.05
134 V 0.051 0.016 0.012 0.013 0.014 0.012 0.017 0.018 0.006 0.139 0.097 0.019 0.023 0.027 0.012 0.024 0.036 0.004 0.015 0.445
135 Y 0.033 0.023 0.042 0.017 0.009 0.019 0.022 0.021 0.05 0.049 0.108 0.025 0.15 0.063 0.012 0.026 0.025 0.013 0.246 0.047
136 V 0.063 0.017 0.013 0.014 0.012 0.012 0.017 0.02 0.008 0.147 0.187 0.019 0.025 0.112 0.012 0.025 0.052 0.006 0.023 0.218
137 V 0.041 0.016 0.011 0.012 0.012 0.011 0.016 0.017 0.007 0.144 0.242 0.018 0.028 0.087 0.011 0.021 0.03 0.005 0.021 0.25
138 W 0.025 0.018 0.013 0.012 0.006 0.013 0.018 0.021 0.021 0.026 0.044 0.019 0.012 0.066 0.008 0.019 0.018 0.372 0.239 0.027
139 P 0.042 0.019 0.017 0.023 0.008 0.015 0.027 0.027 0.009 0.019 0.027 0.03 0.008 0.009 0.628 0.032 0.027 0.002 0.009 0.023
140 L 0.108 0.017 0.013 0.014 0.012 0.013 0.017 0.024 0.008 0.196 0.23 0.021 0.025 0.033 0.012 0.027 0.039 0.07 0.019 0.102
141 L 0.04 0.016 0.011 0.012 0.013 0.011 0.015 0.017 0.007 0.156 0.287 0.018 0.029 0.061 0.011 0.02 0.029 0.005 0.018 0.223
142 F 0.026 0.016 0.014 0.013 0.007 0.01 0.016 0.019 0.019 0.042 0.073 0.017 0.017 0.406 0.009 0.02 0.019 0.015 0.202 0.039
143 L 0.04 0.018 0.016 0.015 0.075 0.013 0.017 0.085 0.008 0.063 0.287 0.021 0.044 0.056 0.045 0.028 0.07 0.005 0.017 0.077
144 L 0.058 0.015 0.012 0.013 0.044 0.011 0.015 0.019 0.008 0.197 0.238 0.018 0.027 0.114 0.011 0.022 0.027 0.006 0.023 0.123
145 L 0.031 0.017 0.011 0.012 0.01 0.011 0.015 0.017 0.01 0.072 0.347 0.017 0.029 0.203 0.01 0.019 0.023 0.008 0.057 0.08
146 I 0.131 0.02 0.02 0.021 0.013 0.015 0.023 0.038 0.01 0.159 0.075 0.026 0.019 0.078 0.016 0.117 0.065 0.005 0.019 0.131
147 V 0.094 0.019 0.02 0.02 0.012 0.015 0.021 0.125 0.01 0.109 0.095 0.025 0.037 0.078 0.015 0.076 0.076 0.005 0.019 0.131
148 E 0.055 0.05 0.04 0.09 0.007 0.064 0.296 0.035 0.026 0.022 0.037 0.076 0.013 0.017 0.026 0.055 0.037 0.006 0.017 0.031
149 G 0.071 0.021 0.022 0.021 0.042 0.036 0.024 0.189 0.013 0.04 0.165 0.027 0.018 0.057 0.014 0.092 0.03 0.006 0.066 0.044
150 Y 0.064 0.019 0.017 0.016 0.01 0.015 0.02 0.056 0.017 0.075 0.136 0.023 0.019 0.077 0.013 0.067 0.029 0.043 0.172 0.112
151 S 0.049 0.076 0.057 0.032 0.009 0.104 0.045 0.034 0.096 0.048 0.039 0.113 0.013 0.016 0.017 0.138 0.037 0.004 0.018 0.053
152 N 0.041 0.06 0.156 0.094 0.007 0.047 0.064 0.1 0.071 0.019 0.029 0.085 0.01 0.042 0.016 0.081 0.031 0.004 0.017 0.022
153 L 0.042 0.037 0.058 0.072 0.01 0.028 0.094 0.029 0.017 0.122 0.134 0.092 0.022 0.034 0.017 0.036 0.033 0.006 0.049 0.068
154 K 0.038 0.116 0.107 0.052 0.007 0.072 0.111 0.074 0.018 0.021 0.034 0.117 0.011 0.045 0.016 0.04 0.05 0.005 0.041 0.025
155 I 0.042 0.022 0.024 0.08 0.011 0.018 0.029 0.025 0.069 0.15 0.144 0.027 0.06 0.06 0.014 0.048 0.032 0.006 0.023 0.116
156 L 0.061 0.021 0.042 0.019 0.011 0.036 0.022 0.024 0.012 0.161 0.203 0.025 0.043 0.088 0.013 0.064 0.034 0.006 0.046 0.071
157 E 0.039 0.108 0.038 0.095 0.007 0.037 0.155 0.026 0.096 0.089 0.046 0.068 0.013 0.045 0.015 0.033 0.026 0.005 0.02 0.04
158 G 0.078 0.023 0.039 0.034 0.011 0.019 0.026 0.51 0.014 0.019 0.028 0.034 0.009 0.016 0.019 0.051 0.03 0.005 0.011 0.024
159 R 0.045 0.345 0.039 0.031 0.008 0.048 0.052 0.033 0.023 0.023 0.047 0.12 0.016 0.017 0.019 0.045 0.035 0.006 0.017 0.031
160 S 0.097 0.109 0.078 0.032 0.01 0.026 0.057 0.101 0.014 0.032 0.038 0.089 0.012 0.015 0.018 0.123 0.059 0.004 0.012 0.075
161 L 0.034 0.017 0.011 0.012 0.012 0.012 0.015 0.016 0.008 0.143 0.386 0.019 0.07 0.065 0.011 0.019 0.026 0.005 0.019 0.099
162 F 0.038 0.052 0.022 0.035 0.008 0.043 0.091 0.056 0.042 0.083 0.107 0.056 0.017 0.112 0.014 0.049 0.027 0.007 0.074 0.066
163 K 0.04 0.209 0.054 0.029 0.007 0.035 0.044 0.062 0.016 0.02 0.032 0.28 0.011 0.012 0.018 0.039 0.05 0.004 0.012 0.025
164 L 0.09 0.019 0.016 0.016 0.013 0.014 0.02 0.025 0.008 0.098 0.199 0.022 0.024 0.083 0.014 0.051 0.075 0.005 0.02 0.188
165 L 0.034 0.018 0.012 0.013 0.043 0.013 0.016 0.018 0.01 0.091 0.235 0.019 0.13 0.17 0.01 0.022 0.025 0.007 0.029 0.084
166 I 0.039 0.049 0.015 0.016 0.011 0.016 0.021 0.019 0.009 0.197 0.138 0.07 0.026 0.082 0.012 0.025 0.051 0.005 0.02 0.177
167 L 0.062 0.017 0.014 0.014 0.011 0.013 0.018 0.021 0.014 0.145 0.154 0.02 0.022 0.135 0.012 0.026 0.055 0.009 0.126 0.112
168 G 0.167 0.022 0.028 0.026 0.044 0.018 0.027 0.201 0.011 0.048 0.039 0.031 0.012 0.016 0.018 0.148 0.087 0.004 0.012 0.041
169 A 0.171 0.023 0.024 0.023 0.013 0.018 0.027 0.097 0.01 0.065 0.125 0.03 0.017 0.021 0.018 0.126 0.103 0.004 0.013 0.073
170 L 0.06 0.017 0.013 0.013 0.011 0.012 0.017 0.053 0.009 0.094 0.24 0.019 0.047 0.095 0.011 0.023 0.027 0.071 0.025 0.144
171 L 0.108 0.019 0.015 0.016 0.012 0.014 0.02 0.026 0.009 0.105 0.262 0.022 0.032 0.112 0.013 0.069 0.031 0.006 0.023 0.085
172 I 0.082 0.015 0.012 0.013 0.012 0.011 0.015 0.02 0.007 0.301 0.223 0.019 0.028 0.032 0.012 0.023 0.029 0.005 0.015 0.123
173 S 0.079 0.022 0.025 0.026 0.044 0.018 0.049 0.139 0.01 0.087 0.078 0.029 0.016 0.019 0.016 0.139 0.081 0.004 0.013 0.105
174 L 0.084 0.016 0.012 0.013 0.013 0.012 0.016 0.021 0.007 0.205 0.235 0.02 0.027 0.059 0.012 0.024 0.03 0.005 0.018 0.172
175 Y 0.037 0.02 0.017 0.016 0.01 0.015 0.02 0.021 0.044 0.118 0.124 0.022 0.039 0.105 0.012 0.046 0.049 0.011 0.174 0.101
176 S 0.098 0.028 0.056 0.085 0.042 0.083 0.04 0.102 0.014 0.049 0.064 0.037 0.013 0.016 0.018 0.143 0.059 0.004 0.012 0.038
177 L 0.034 0.016 0.013 0.013 0.011 0.011 0.015 0.018 0.009 0.151 0.306 0.018 0.028 0.171 0.01 0.04 0.026 0.007 0.029 0.073
178 L 0.097 0.022 0.022 0.022 0.012 0.017 0.025 0.064 0.012 0.092 0.162 0.027 0.039 0.056 0.016 0.154 0.038 0.006 0.042 0.076
179 F 0.054 0.017 0.014 0.014 0.009 0.012 0.018 0.02 0.021 0.07 0.071 0.019 0.017 0.248 0.011 0.023 0.023 0.014 0.237 0.088
180 I 0.039 0.016 0.012 0.013 0.012 0.012 0.016 0.017 0.007 0.249 0.225 0.019 0.047 0.033 0.012 0.023 0.051 0.005 0.016 0.177
181 L 0.044 0.018 0.015 0.015 0.011 0.013 0.017 0.084 0.011 0.084 0.282 0.021 0.067 0.118 0.011 0.025 0.046 0.007 0.048 0.063
182 S 0.098 0.025 0.029 0.053 0.01 0.021 0.032 0.089 0.071 0.031 0.044 0.031 0.032 0.034 0.017 0.165 0.037 0.008 0.118 0.055
183 S 0.121 0.029 0.052 0.03 0.011 0.043 0.055 0.134 0.014 0.029 0.048 0.057 0.051 0.072 0.017 0.142 0.037 0.005 0.018 0.035
184 Y 0.055 0.025 0.019 0.018 0.014 0.019 0.026 0.025 0.027 0.104 0.099 0.029 0.025 0.083 0.016 0.032 0.039 0.017 0.17 0.159
185 L 0.04 0.022 0.018 0.018 0.011 0.015 0.021 0.023 0.014 0.114 0.169 0.046 0.022 0.121 0.013 0.069 0.073 0.008 0.099 0.084
186 G 0.06 0.017 0.025 0.022 0.008 0.013 0.018 0.51 0.01 0.023 0.055 0.023 0.01 0.045 0.013 0.035 0.022 0.037 0.018 0.034
187 L 0.034 0.016 0.012 0.013 0.01 0.011 0.016 0.051 0.01 0.107 0.218 0.018 0.024 0.12 0.01 0.02 0.024 0.11 0.054 0.121
188 L 0.063 0.02 0.022 0.077 0.01 0.016 0.049 0.089 0.037 0.115 0.16 0.025 0.02 0.052 0.054 0.044 0.028 0.005 0.017 0.097
189 P 0.046 0.02 0.022 0.025 0.008 0.017 0.048 0.188 0.012 0.02 0.03 0.029 0.009 0.044 0.337 0.054 0.026 0.004 0.038 0.023
190 L 0.057 0.023 0.015 0.016 0.018 0.016 0.022 0.023 0.009 0.14 0.254 0.026 0.04 0.045 0.015 0.029 0.041 0.006 0.021 0.184
191 G 0.116 0.028 0.104 0.09 0.01 0.063 0.062 0.135 0.015 0.049 0.037 0.037 0.012 0.015 0.017 0.104 0.035 0.004 0.012 0.056
192 F 0.092 0.022 0.021 0.021 0.011 0.02 0.025 0.064 0.016 0.04 0.078 0.027 0.015 0.119 0.07 0.095 0.054 0.042 0.102 0.065
193 L 0.039 0.018 0.014 0.015 0.011 0.013 0.018 0.019 0.009 0.137 0.275 0.021 0.026 0.064 0.08 0.043 0.029 0.006 0.045 0.12
194 Y 0.094 0.023 0.023 0.021 0.011 0.018 0.025 0.102 0.022 0.047 0.06 0.028 0.016 0.112 0.016 0.074 0.033 0.013 0.179 0.083
195 E 0.07 0.032 0.039 0.15 0.009 0.034 0.171 0.099 0.066 0.026 0.034 0.045 0.011 0.016 0.02 0.078 0.034 0.004 0.016 0.046
196 Y 0.035 0.019 0.016 0.015 0.009 0.014 0.019 0.036 0.019 0.069 0.185 0.022 0.021 0.137 0.044 0.044 0.035 0.012 0.201 0.049
197 L 0.081 0.018 0.013 0.014 0.012 0.013 0.017 0.021 0.009 0.175 0.224 0.021 0.102 0.087 0.012 0.025 0.028 0.006 0.021 0.101
198 T 0.093 0.081 0.032 0.031 0.012 0.099 0.047 0.038 0.016 0.039 0.093 0.091 0.018 0.019 0.02 0.086 0.114 0.005 0.016 0.051
199 G 0.177 0.024 0.074 0.032 0.012 0.02 0.029 0.296 0.013 0.026 0.036 0.034 0.011 0.016 0.02 0.057 0.071 0.004 0.012 0.037
200 L 0.038 0.025 0.021 0.064 0.009 0.025 0.163 0.022 0.012 0.057 0.224 0.034 0.043 0.025 0.09 0.03 0.027 0.004 0.014 0.072
201 Y 0.032 0.045 0.041 0.017 0.009 0.015 0.02 0.02 0.045 0.115 0.168 0.025 0.021 0.106 0.011 0.023 0.024 0.01 0.174 0.078
202 D 0.052 0.024 0.108 0.2 0.008 0.021 0.064 0.115 0.015 0.023 0.037 0.032 0.029 0.07 0.048 0.079 0.03 0.004 0.016 0.026
203 L 0.043 0.024 0.014 0.015 0.016 0.016 0.02 0.021 0.01 0.112 0.392 0.025 0.048 0.053 0.014 0.024 0.033 0.007 0.022 0.094
204 L 0.037 0.029 0.028 0.139 0.008 0.105 0.089 0.058 0.041 0.042 0.169 0.037 0.018 0.049 0.014 0.032 0.026 0.005 0.017 0.059
205 G 0.092 0.052 0.029 0.084 0.009 0.023 0.075 0.224 0.039 0.028 0.087 0.057 0.032 0.017 0.016 0.061 0.028 0.004 0.013 0.031
206 A 0.228 0.036 0.025 0.027 0.012 0.188 0.048 0.041 0.015 0.035 0.045 0.046 0.015 0.015 0.019 0.069 0.035 0.004 0.014 0.083
207 V 0.096 0.046 0.071 0.024 0.011 0.017 0.023 0.191 0.01 0.062 0.056 0.029 0.015 0.019 0.015 0.056 0.033 0.004 0.012 0.21
208 V 0.039 0.015 0.012 0.013 0.012 0.011 0.015 0.017 0.007 0.232 0.151 0.018 0.025 0.113 0.011 0.021 0.03 0.006 0.023 0.232
209 D 0.041 0.03 0.069 0.397 0.008 0.03 0.091 0.047 0.019 0.022 0.028 0.045 0.009 0.015 0.022 0.052 0.035 0.004 0.011 0.024
210 G 0.067 0.02 0.06 0.222 0.008 0.018 0.038 0.29 0.012 0.022 0.026 0.029 0.008 0.012 0.048 0.039 0.026 0.003 0.009 0.043
211 F 0.041 0.026 0.076 0.082 0.008 0.039 0.033 0.031 0.021 0.053 0.053 0.052 0.014 0.192 0.014 0.113 0.032 0.008 0.076 0.036
212 Y 0.112 0.048 0.048 0.023 0.009 0.018 0.025 0.16 0.022 0.026 0.039 0.031 0.012 0.048 0.015 0.077 0.029 0.011 0.216 0.032
213 S 0.065 0.055 0.039 0.176 0.009 0.048 0.117 0.075 0.015 0.02 0.028 0.043 0.01 0.013 0.019 0.185 0.039 0.004 0.011 0.029
214 G 0.05 0.047 0.108 0.059 0.008 0.018 0.026 0.445 0.013 0.016 0.023 0.031 0.008 0.012 0.015 0.041 0.047 0.004 0.009 0.02
215 Y 0.036 0.022 0.021 0.018 0.008 0.017 0.023 0.023 0.075 0.058 0.062 0.024 0.034 0.165 0.013 0.068 0.048 0.013 0.232 0.041
216 L 0.036 0.019 0.015 0.015 0.011 0.034 0.02 0.019 0.009 0.171 0.215 0.023 0.064 0.113 0.012 0.026 0.071 0.006 0.023 0.098
217 E 0.108 0.042 0.024 0.037 0.009 0.053 0.178 0.03 0.014 0.054 0.118 0.154 0.016 0.018 0.018 0.039 0.029 0.004 0.013 0.041
218 F 0.052 0.017 0.014 0.013 0.009 0.011 0.017 0.021 0.018 0.047 0.077 0.018 0.036 0.347 0.01 0.023 0.022 0.013 0.171 0.063
219 T 0.094 0.129 0.055 0.056 0.011 0.024 0.034 0.035 0.013 0.034 0.043 0.045 0.013 0.016 0.018 0.093 0.209 0.004 0.013 0.062
220 L 0.034 0.018 0.013 0.013 0.011 0.013 0.017 0.017 0.035 0.123 0.377 0.02 0.069 0.064 0.011 0.02 0.026 0.006 0.02 0.093
221 P 0.037 0.021 0.068 0.024 0.007 0.017 0.026 0.026 0.02 0.025 0.036 0.029 0.01 0.042 0.304 0.033 0.047 0.009 0.19 0.028
222 N 0.053 0.031 0.28 0.049 0.01 0.024 0.037 0.047 0.019 0.02 0.028 0.039 0.01 0.014 0.018 0.21 0.068 0.004 0.012 0.026
223 V 0.065 0.016 0.013 0.014 0.013 0.012 0.017 0.019 0.007 0.213 0.193 0.02 0.026 0.03 0.012 0.025 0.053 0.004 0.015 0.232
224 S 0.092 0.027 0.037 0.06 0.012 0.022 0.036 0.108 0.013 0.024 0.033 0.036 0.011 0.015 0.02 0.289 0.114 0.004 0.012 0.033
225 S 0.097 0.029 0.037 0.034 0.013 0.023 0.036 0.046 0.013 0.026 0.035 0.038 0.012 0.016 0.022 0.341 0.13 0.004 0.013 0.036
226 L 0.036 0.018 0.011 0.012 0.012 0.012 0.016 0.016 0.007 0.09 0.45 0.019 0.053 0.038 0.011 0.019 0.027 0.005 0.016 0.132
227 I 0.035 0.016 0.011 0.013 0.012 0.012 0.015 0.016 0.007 0.285 0.256 0.019 0.067 0.035 0.011 0.019 0.028 0.005 0.016 0.122
228 F 0.025 0.015 0.013 0.013 0.008 0.009 0.015 0.019 0.015 0.045 0.08 0.015 0.018 0.502 0.008 0.019 0.019 0.013 0.111 0.04
229 L 0.035 0.017 0.012 0.013 0.011 0.012 0.015 0.081 0.008 0.095 0.44 0.019 0.032 0.064 0.011 0.02 0.024 0.005 0.018 0.067
230 I 0.037 0.015 0.011 0.013 0.012 0.01 0.014 0.016 0.007 0.288 0.179 0.018 0.027 0.087 0.011 0.02 0.029 0.005 0.021 0.181
231 P 0.044 0.02 0.019 0.024 0.008 0.016 0.027 0.028 0.01 0.02 0.028 0.031 0.008 0.01 0.564 0.055 0.05 0.002 0.01 0.025
232 F 0.026 0.016 0.013 0.013 0.008 0.01 0.015 0.018 0.017 0.046 0.101 0.016 0.019 0.427 0.009 0.02 0.019 0.014 0.154 0.041
233 L 0.063 0.017 0.015 0.015 0.076 0.012 0.018 0.023 0.009 0.108 0.178 0.02 0.038 0.138 0.012 0.047 0.051 0.006 0.025 0.129
234 L 0.034 0.016 0.011 0.012 0.012 0.011 0.014 0.016 0.008 0.241 0.265 0.018 0.048 0.098 0.01 0.019 0.027 0.006 0.022 0.112
235 A 0.172 0.023 0.026 0.025 0.109 0.019 0.029 0.041 0.038 0.038 0.045 0.031 0.013 0.017 0.019 0.167 0.085 0.004 0.014 0.085
236 Y 0.108 0.049 0.018 0.018 0.01 0.018 0.024 0.059 0.017 0.068 0.135 0.051 0.037 0.071 0.014 0.052 0.028 0.009 0.144 0.07
237 L 0.06 0.016 0.012 0.013 0.012 0.012 0.016 0.018 0.009 0.214 0.24 0.019 0.027 0.063 0.011 0.022 0.028 0.006 0.043 0.159
238 L 0.034 0.017 0.012 0.013 0.043 0.012 0.016 0.018 0.01 0.13 0.265 0.019 0.084 0.119 0.011 0.021 0.026 0.007 0.049 0.095
239 L 0.067 0.019 0.018 0.017 0.076 0.014 0.02 0.025 0.01 0.083 0.166 0.023 0.021 0.084 0.014 0.055 0.117 0.006 0.045 0.12
240 W 0.033 0.131 0.121 0.029 0.007 0.036 0.035 0.036 0.016 0.021 0.035 0.064 0.011 0.051 0.044 0.052 0.027 0.201 0.027 0.024
241 D 0.041 0.03 0.069 0.397 0.008 0.03 0.091 0.047 0.019 0.022 0.028 0.045 0.009 0.015 0.022 0.052 0.035 0.004 0.011 0.024
242 P 0.06 0.14 0.05 0.058 0.007 0.029 0.084 0.029 0.016 0.023 0.058 0.137 0.012 0.018 0.145 0.036 0.028 0.004 0.037 0.027
243 K 0.096 0.069 0.077 0.031 0.009 0.048 0.039 0.069 0.015 0.035 0.038 0.175 0.012 0.046 0.05 0.102 0.034 0.004 0.016 0.035
244 D 0.042 0.03 0.07 0.387 0.008 0.03 0.093 0.047 0.019 0.023 0.028 0.046 0.009 0.015 0.023 0.053 0.036 0.004 0.011 0.025
245 R 0.045 0.334 0.039 0.032 0.008 0.049 0.053 0.033 0.024 0.024 0.047 0.122 0.016 0.018 0.02 0.045 0.035 0.006 0.018 0.032
246 K 0.056 0.072 0.115 0.049 0.011 0.041 0.056 0.047 0.021 0.032 0.044 0.174 0.015 0.018 0.025 0.065 0.098 0.005 0.017 0.04
247 S 0.05 0.027 0.085 0.1 0.009 0.026 0.112 0.071 0.016 0.046 0.036 0.038 0.011 0.02 0.088 0.127 0.06 0.005 0.04 0.033
248 F 0.034 0.019 0.017 0.017 0.011 0.011 0.019 0.025 0.017 0.063 0.114 0.019 0.025 0.387 0.011 0.025 0.025 0.017 0.089 0.055
249 Y 0.04 0.028 0.022 0.019 0.009 0.022 0.028 0.025 0.047 0.044 0.068 0.031 0.019 0.131 0.016 0.031 0.028 0.028 0.318 0.047
250 L 0.05 0.044 0.027 0.026 0.013 0.027 0.036 0.029 0.062 0.102 0.163 0.107 0.027 0.031 0.018 0.04 0.069 0.006 0.022 0.102
251 L 0.038 0.033 0.022 0.053 0.008 0.023 0.078 0.025 0.013 0.042 0.164 0.121 0.017 0.053 0.111 0.05 0.027 0.038 0.043 0.038
252 L 0.054 0.034 0.028 0.028 0.012 0.075 0.041 0.033 0.019 0.076 0.112 0.042 0.044 0.077 0.071 0.087 0.04 0.008 0.061 0.059
253 P 0.051 0.078 0.029 0.029 0.008 0.028 0.039 0.13 0.017 0.023 0.036 0.13 0.011 0.022 0.214 0.041 0.031 0.006 0.048 0.028
254 I 0.041 0.054 0.016 0.016 0.012 0.015 0.02 0.021 0.011 0.18 0.142 0.028 0.027 0.114 0.012 0.025 0.032 0.057 0.033 0.143
255 R 0.056 0.148 0.137 0.05 0.01 0.037 0.077 0.046 0.022 0.022 0.035 0.094 0.012 0.016 0.021 0.121 0.046 0.005 0.015 0.029
256 R 0.045 0.298 0.035 0.03 0.008 0.042 0.049 0.032 0.019 0.024 0.042 0.17 0.014 0.015 0.02 0.045 0.06 0.005 0.015 0.031
257 W 0.031 0.023 0.015 0.015 0.008 0.015 0.023 0.031 0.015 0.031 0.054 0.023 0.015 0.062 0.008 0.023 0.023 0.484 0.069 0.031
258 V 0.055 0.027 0.022 0.048 0.011 0.018 0.028 0.027 0.037 0.081 0.11 0.075 0.018 0.053 0.014 0.073 0.071 0.07 0.022 0.14
259 G 0.062 0.019 0.022 0.079 0.009 0.015 0.026 0.117 0.039 0.065 0.084 0.024 0.034 0.111 0.012 0.049 0.026 0.072 0.052 0.083
260 L 0.033 0.018 0.012 0.013 0.011 0.012 0.016 0.017 0.011 0.118 0.392 0.019 0.031 0.071 0.011 0.021 0.047 0.007 0.069 0.071
261 W 0.067 0.021 0.016 0.016 0.01 0.015 0.022 0.029 0.018 0.045 0.062 0.023 0.017 0.101 0.011 0.028 0.026 0.283 0.121 0.068
262 L 0.037 0.017 0.015 0.015 0.011 0.012 0.017 0.019 0.009 0.159 0.216 0.02 0.032 0.146 0.012 0.027 0.095 0.006 0.026 0.107
263 L 0.069 0.019 0.017 0.017 0.012 0.014 0.02 0.088 0.008 0.077 0.287 0.023 0.026 0.029 0.013 0.069 0.05 0.005 0.015 0.142
264 L 0.034 0.019 0.039 0.016 0.011 0.013 0.017 0.02 0.01 0.07 0.342 0.02 0.028 0.143 0.011 0.025 0.069 0.006 0.026 0.08
265 L 0.061 0.016 0.013 0.014 0.012 0.012 0.016 0.084 0.008 0.18 0.268 0.019 0.027 0.059 0.012 0.023 0.027 0.005 0.017 0.127
266 L 0.045 0.024 0.014 0.015 0.016 0.016 0.02 0.021 0.01 0.115 0.375 0.025 0.05 0.055 0.014 0.024 0.033 0.007 0.022 0.096
267 L 0.088 0.019 0.017 0.017 0.012 0.014 0.019 0.121 0.009 0.082 0.284 0.023 0.025 0.056 0.013 0.05 0.05 0.005 0.017 0.079
268 G 0.048 0.02 0.021 0.02 0.011 0.015 0.02 0.218 0.01 0.092 0.19 0.025 0.077 0.026 0.014 0.071 0.051 0.005 0.013 0.055
269 L 0.039 0.015 0.011 0.012 0.044 0.011 0.015 0.017 0.007 0.189 0.224 0.018 0.027 0.086 0.011 0.021 0.029 0.005 0.02 0.198
270 V 0.135 0.018 0.014 0.016 0.045 0.013 0.019 0.027 0.008 0.157 0.174 0.022 0.023 0.027 0.014 0.051 0.033 0.004 0.014 0.182
271 L 0.11 0.019 0.014 0.015 0.013 0.014 0.019 0.025 0.008 0.12 0.277 0.022 0.046 0.031 0.013 0.048 0.032 0.005 0.015 0.154
272 V 0.139 0.019 0.018 0.018 0.013 0.015 0.021 0.061 0.008 0.153 0.102 0.024 0.02 0.024 0.015 0.057 0.078 0.004 0.014 0.196
273 L 0.035 0.016 0.011 0.012 0.012 0.011 0.015 0.017 0.008 0.184 0.26 0.018 0.05 0.116 0.01 0.02 0.027 0.006 0.024 0.147
274 L 0.036 0.018 0.013 0.013 0.011 0.012 0.016 0.082 0.008 0.078 0.39 0.019 0.049 0.09 0.011 0.021 0.025 0.006 0.021 0.083
275 S 0.072 0.028 0.037 0.033 0.013 0.023 0.036 0.043 0.013 0.027 0.036 0.038 0.012 0.016 0.021 0.313 0.182 0.004 0.013 0.038
276 G 0.102 0.017 0.028 0.024 0.009 0.014 0.02 0.578 0.01 0.016 0.023 0.026 0.008 0.012 0.015 0.04 0.023 0.004 0.008 0.021
277 R 0.033 0.518 0.029 0.023 0.006 0.036 0.038 0.024 0.017 0.017 0.034 0.088 0.011 0.013 0.014 0.033 0.026 0.004 0.013 0.023
278 R 0.033 0.518 0.029 0.023 0.006 0.036 0.038 0.024 0.017 0.017 0.034 0.088 0.011 0.013 0.014 0.033 0.026 0.004 0.013 0.023
279 A 0.386 0.021 0.017 0.02 0.015 0.018 0.027 0.049 0.01 0.084 0.06 0.03 0.034 0.019 0.02 0.054 0.036 0.004 0.013 0.082
280 L 0.054 0.017 0.012 0.012 0.011 0.011 0.016 0.019 0.01 0.087 0.304 0.018 0.046 0.226 0.01 0.021 0.024 0.008 0.034 0.061
281 L 0.031 0.018 0.013 0.013 0.01 0.033 0.018 0.019 0.01 0.142 0.209 0.02 0.062 0.144 0.01 0.02 0.024 0.105 0.032 0.067
282 L 0.036 0.017 0.011 0.012 0.012 0.012 0.015 0.016 0.007 0.11 0.401 0.018 0.032 0.064 0.011 0.019 0.027 0.005 0.019 0.155
283 V 0.078 0.022 0.048 0.024 0.013 0.017 0.026 0.031 0.01 0.069 0.112 0.028 0.019 0.022 0.016 0.121 0.126 0.004 0.014 0.199
284 V 0.088 0.018 0.016 0.016 0.012 0.014 0.02 0.025 0.009 0.113 0.111 0.022 0.053 0.138 0.013 0.034 0.096 0.006 0.026 0.17
285 A 0.197 0.019 0.015 0.016 0.013 0.014 0.021 0.033 0.01 0.066 0.147 0.023 0.039 0.167 0.014 0.036 0.029 0.007 0.028 0.108
286 L 0.061 0.018 0.012 0.013 0.012 0.012 0.016 0.02 0.008 0.096 0.383 0.02 0.03 0.099 0.011 0.024 0.048 0.006 0.022 0.089
287 S 0.109 0.024 0.031 0.028 0.012 0.02 0.029 0.168 0.011 0.052 0.041 0.033 0.013 0.016 0.019 0.207 0.108 0.004 0.012 0.061
288 P 0.041 0.018 0.015 0.019 0.009 0.014 0.023 0.023 0.009 0.044 0.142 0.027 0.015 0.018 0.433 0.028 0.027 0.003 0.012 0.079
289 F 0.057 0.015 0.012 0.013 0.011 0.011 0.016 0.02 0.009 0.177 0.172 0.018 0.024 0.194 0.043 0.022 0.026 0.007 0.031 0.122
290 L 0.033 0.016 0.011 0.012 0.011 0.011 0.015 0.017 0.009 0.193 0.244 0.017 0.046 0.171 0.01 0.019 0.025 0.007 0.029 0.105
291 A 0.203 0.019 0.016 0.018 0.014 0.015 0.022 0.033 0.009 0.126 0.122 0.025 0.02 0.051 0.016 0.041 0.076 0.005 0.017 0.152
292 L 0.034 0.017 0.012 0.012 0.01 0.011 0.016 0.017 0.012 0.133 0.229 0.018 0.025 0.13 0.01 0.02 0.025 0.041 0.098 0.129
293 F 0.059 0.017 0.015 0.016 0.037 0.012 0.018 0.023 0.01 0.093 0.106 0.021 0.038 0.238 0.076 0.034 0.069 0.007 0.035 0.075
294 L 0.057 0.018 0.013 0.016 0.011 0.014 0.041 0.02 0.011 0.109 0.254 0.021 0.038 0.144 0.044 0.023 0.025 0.007 0.051 0.084
295 L 0.067 0.053 0.025 0.025 0.01 0.063 0.055 0.06 0.041 0.044 0.128 0.036 0.037 0.053 0.016 0.072 0.103 0.006 0.044 0.065
296 L 0.052 0.032 0.02 0.02 0.016 0.028 0.028 0.028 0.016 0.1 0.197 0.036 0.161 0.048 0.016 0.036 0.04 0.008 0.024 0.092
297 F 0.034 0.019 0.017 0.017 0.011 0.011 0.019 0.025 0.017 0.063 0.114 0.019 0.025 0.387 0.011 0.025 0.025 0.017 0.089 0.055
298 F 0.034 0.019 0.017 0.017 0.011 0.011 0.019 0.025 0.017 0.063 0.114 0.019 0.025 0.387 0.011 0.025 0.025 0.017 0.089 0.055
299 K 0.057 0.107 0.042 0.042 0.009 0.054 0.071 0.043 0.021 0.028 0.043 0.278 0.016 0.016 0.028 0.054 0.04 0.005 0.017 0.033
300 L 0.037 0.03 0.019 0.02 0.041 0.081 0.031 0.024 0.014 0.042 0.142 0.076 0.056 0.089 0.045 0.048 0.027 0.088 0.05 0.041
301 F 0.083 0.07 0.018 0.044 0.009 0.015 0.022 0.084 0.014 0.066 0.159 0.028 0.019 0.17 0.012 0.028 0.024 0.008 0.078 0.047
302 L 0.139 0.047 0.022 0.022 0.012 0.017 0.025 0.067 0.011 0.064 0.154 0.03 0.019 0.106 0.016 0.137 0.036 0.006 0.022 0.049
303 S 0.11 0.04 0.054 0.049 0.018 0.033 0.052 0.066 0.019 0.03 0.042 0.054 0.016 0.021 0.03 0.22 0.082 0.005 0.018 0.042
304 G 0.078 0.023 0.039 0.034 0.011 0.019 0.026 0.51 0.014 0.019 0.028 0.034 0.009 0.016 0.019 0.051 0.03 0.005 0.011 0.024
305 P 0.088 0.054 0.075 0.057 0.009 0.043 0.058 0.065 0.016 0.032 0.086 0.06 0.013 0.024 0.107 0.078 0.031 0.005 0.063 0.033
306 K 0.057 0.107 0.042 0.042 0.009 0.054 0.071 0.043 0.021 0.028 0.043 0.278 0.016 0.016 0.028 0.054 0.04 0.005 0.017 0.033
307 K 0.042 0.098 0.078 0.057 0.008 0.027 0.043 0.047 0.042 0.031 0.066 0.175 0.013 0.072 0.016 0.079 0.031 0.005 0.02 0.051
308 R 0.044 0.347 0.039 0.031 0.008 0.048 0.052 0.033 0.023 0.023 0.046 0.12 0.015 0.017 0.019 0.044 0.035 0.006 0.017 0.031
309 L 0.043 0.067 0.05 0.053 0.009 0.024 0.034 0.056 0.013 0.061 0.172 0.147 0.019 0.049 0.016 0.093 0.032 0.005 0.016 0.043
310 N 0.041 0.08 0.099 0.029 0.009 0.065 0.035 0.036 0.042 0.079 0.079 0.085 0.035 0.047 0.047 0.075 0.032 0.005 0.018 0.064
311 R 0.063 0.189 0.024 0.022 0.008 0.044 0.032 0.121 0.014 0.032 0.07 0.073 0.014 0.075 0.047 0.033 0.026 0.039 0.021 0.053
312 K 0.039 0.117 0.05 0.052 0.008 0.026 0.035 0.059 0.013 0.082 0.12 0.175 0.017 0.02 0.015 0.034 0.05 0.01 0.013 0.066
313 R 0.045 0.334 0.039 0.032 0.008 0.049 0.053 0.033 0.024 0.024 0.047 0.122 0.016 0.018 0.02 0.045 0.035 0.006 0.018 0.032
314 A 0.177 0.153 0.019 0.02 0.011 0.022 0.028 0.033 0.011 0.107 0.084 0.066 0.017 0.019 0.048 0.039 0.031 0.004 0.013 0.097
315 G 0.08 0.023 0.04 0.034 0.011 0.019 0.026 0.502 0.014 0.019 0.029 0.034 0.01 0.016 0.019 0.052 0.03 0.005 0.011 0.025
316 L 0.038 0.017 0.04 0.017 0.011 0.012 0.018 0.022 0.01 0.167 0.187 0.021 0.027 0.167 0.011 0.064 0.03 0.007 0.028 0.106
317 S 0.071 0.08 0.024 0.022 0.043 0.022 0.029 0.062 0.013 0.061 0.116 0.08 0.055 0.044 0.016 0.116 0.056 0.005 0.041 0.046
318 R 0.044 0.221 0.053 0.028 0.008 0.031 0.039 0.031 0.015 0.028 0.062 0.168 0.013 0.015 0.049 0.096 0.033 0.004 0.013 0.05
319 L 0.044 0.05 0.045 0.021 0.011 0.017 0.024 0.025 0.038 0.104 0.167 0.051 0.021 0.081 0.013 0.088 0.033 0.005 0.021 0.139
320 V 0.058 0.024 0.023 0.022 0.012 0.018 0.026 0.068 0.01 0.104 0.14 0.051 0.02 0.024 0.049 0.13 0.061 0.004 0.014 0.143
