#Seq2Logo.py -f /work3/idamei/ssn-clusterings/clustering/2205111339/clusters/0009_332/sequences.afa -o /work3/idamei/ssn-clusterings/clustering/2205111339/clusters/0009_332/sequences.logo
#Position Specific Frequency Matrix
A R N D C Q E G H I L K M F P S T W Y V
0 L 0.05 0.031 0.019 0.019 0.016 0.027 0.027 0.027 0.016 0.097 0.19 0.035 0.189 0.047 0.016 0.035 0.039 0.008 0.023 0.089
1 L 0.052 0.037 0.064 0.032 0.013 0.024 0.033 0.035 0.016 0.117 0.142 0.066 0.047 0.081 0.018 0.062 0.042 0.007 0.027 0.084
2 L 0.052 0.096 0.052 0.029 0.013 0.029 0.038 0.032 0.015 0.079 0.174 0.09 0.029 0.032 0.019 0.042 0.057 0.006 0.019 0.098
3 I 0.057 0.026 0.075 0.033 0.014 0.02 0.029 0.036 0.015 0.142 0.106 0.032 0.026 0.094 0.017 0.069 0.046 0.007 0.03 0.125
4 N 0.043 0.045 0.317 0.083 0.009 0.034 0.049 0.065 0.032 0.022 0.032 0.054 0.011 0.018 0.02 0.07 0.049 0.004 0.016 0.027
5 I 0.047 0.018 0.015 0.018 0.016 0.013 0.018 0.021 0.009 0.271 0.168 0.024 0.037 0.044 0.015 0.025 0.04 0.006 0.021 0.177
6 S 0.11 0.04 0.054 0.049 0.018 0.033 0.052 0.066 0.019 0.03 0.042 0.054 0.016 0.021 0.03 0.22 0.082 0.005 0.018 0.042
7 K 0.05 0.118 0.031 0.031 0.011 0.038 0.049 0.033 0.017 0.114 0.083 0.176 0.022 0.025 0.021 0.041 0.038 0.005 0.018 0.078
8 Y 0.044 0.051 0.103 0.04 0.009 0.032 0.043 0.039 0.036 0.034 0.052 0.101 0.016 0.073 0.019 0.046 0.036 0.016 0.173 0.038
9 D 0.041 0.03 0.069 0.397 0.008 0.03 0.091 0.047 0.019 0.022 0.028 0.045 0.009 0.015 0.022 0.052 0.035 0.004 0.011 0.024
10 A 0.17 0.026 0.02 0.022 0.017 0.019 0.03 0.05 0.014 0.065 0.154 0.033 0.027 0.123 0.021 0.054 0.039 0.009 0.036 0.071
11 L 0.044 0.024 0.014 0.015 0.016 0.016 0.02 0.021 0.01 0.115 0.379 0.025 0.049 0.054 0.014 0.024 0.033 0.007 0.022 0.096
12 V 0.058 0.02 0.016 0.018 0.018 0.015 0.02 0.023 0.008 0.219 0.148 0.025 0.034 0.04 0.016 0.029 0.044 0.006 0.02 0.224
13 I 0.043 0.022 0.017 0.017 0.014 0.016 0.021 0.022 0.021 0.178 0.169 0.026 0.032 0.073 0.015 0.026 0.034 0.013 0.126 0.117
14 F 0.037 0.021 0.016 0.016 0.011 0.014 0.021 0.024 0.019 0.1 0.149 0.023 0.028 0.182 0.012 0.025 0.028 0.096 0.103 0.075
15 L 0.051 0.02 0.015 0.017 0.016 0.014 0.02 0.022 0.01 0.179 0.181 0.023 0.034 0.102 0.014 0.027 0.038 0.008 0.031 0.178
16 L 0.055 0.024 0.022 0.021 0.015 0.017 0.025 0.03 0.013 0.09 0.196 0.027 0.032 0.161 0.016 0.062 0.04 0.01 0.042 0.104
17 L 0.061 0.046 0.033 0.033 0.014 0.098 0.056 0.038 0.02 0.062 0.118 0.056 0.101 0.032 0.02 0.076 0.046 0.007 0.021 0.063
18 L 0.05 0.022 0.019 0.019 0.095 0.016 0.022 0.027 0.011 0.112 0.198 0.026 0.032 0.099 0.016 0.038 0.072 0.008 0.03 0.09
19 L 0.046 0.021 0.015 0.016 0.015 0.014 0.019 0.022 0.01 0.163 0.249 0.023 0.039 0.098 0.014 0.025 0.035 0.008 0.03 0.138
20 I 0.052 0.024 0.066 0.03 0.014 0.018 0.027 0.033 0.014 0.183 0.119 0.031 0.028 0.088 0.017 0.062 0.044 0.007 0.028 0.115
21 C 0.071 0.026 0.031 0.028 0.154 0.021 0.029 0.108 0.012 0.05 0.102 0.034 0.02 0.025 0.021 0.082 0.107 0.005 0.015 0.058
22 I 0.05 0.021 0.015 0.017 0.05 0.016 0.02 0.023 0.01 0.185 0.184 0.025 0.056 0.068 0.014 0.028 0.038 0.007 0.025 0.149
23 L 0.051 0.024 0.02 0.02 0.015 0.017 0.024 0.027 0.012 0.119 0.27 0.027 0.038 0.097 0.016 0.055 0.039 0.008 0.03 0.091
24 S 0.102 0.037 0.05 0.045 0.016 0.03 0.047 0.13 0.018 0.027 0.039 0.05 0.014 0.02 0.027 0.215 0.072 0.005 0.016 0.038
25 F 0.081 0.022 0.018 0.019 0.048 0.015 0.022 0.067 0.013 0.069 0.175 0.025 0.029 0.194 0.015 0.035 0.031 0.01 0.047 0.065
26 L 0.09 0.027 0.021 0.021 0.017 0.019 0.027 0.035 0.012 0.09 0.295 0.031 0.039 0.044 0.018 0.063 0.041 0.006 0.02 0.082
27 L 0.052 0.023 0.02 0.021 0.015 0.016 0.023 0.027 0.012 0.157 0.22 0.027 0.036 0.095 0.016 0.055 0.04 0.008 0.03 0.108
28 F 0.047 0.024 0.022 0.022 0.011 0.018 0.026 0.098 0.024 0.05 0.087 0.029 0.041 0.163 0.085 0.034 0.03 0.015 0.128 0.049
29 L 0.044 0.039 0.066 0.029 0.012 0.025 0.033 0.031 0.024 0.067 0.198 0.069 0.03 0.064 0.017 0.036 0.034 0.012 0.11 0.061
30 L 0.053 0.021 0.015 0.016 0.016 0.015 0.02 0.022 0.01 0.161 0.198 0.024 0.035 0.087 0.014 0.027 0.039 0.007 0.029 0.19
31 V 0.051 0.027 0.069 0.029 0.014 0.02 0.028 0.031 0.025 0.119 0.099 0.032 0.025 0.065 0.016 0.037 0.04 0.013 0.121 0.141
32 L 0.063 0.028 0.028 0.034 0.014 0.025 0.065 0.095 0.014 0.067 0.146 0.037 0.025 0.077 0.049 0.075 0.042 0.007 0.026 0.083
33 G 0.058 0.039 0.037 0.08 0.01 0.051 0.047 0.219 0.02 0.058 0.053 0.073 0.016 0.032 0.019 0.045 0.033 0.008 0.055 0.047
34 D 0.049 0.03 0.087 0.229 0.01 0.027 0.062 0.044 0.022 0.059 0.051 0.041 0.014 0.033 0.021 0.071 0.041 0.007 0.055 0.047
35 L 0.042 0.02 0.015 0.017 0.014 0.014 0.019 0.021 0.014 0.189 0.202 0.024 0.035 0.101 0.014 0.025 0.034 0.01 0.069 0.121
36 Y 0.088 0.037 0.032 0.076 0.013 0.026 0.043 0.04 0.022 0.082 0.073 0.069 0.02 0.05 0.021 0.068 0.043 0.01 0.098 0.09
37 L 0.039 0.022 0.016 0.016 0.013 0.014 0.02 0.022 0.017 0.084 0.248 0.023 0.035 0.195 0.013 0.025 0.029 0.013 0.086 0.072
38 S 0.089 0.034 0.045 0.04 0.015 0.027 0.042 0.114 0.017 0.034 0.05 0.045 0.016 0.068 0.025 0.174 0.09 0.007 0.025 0.043
39 V 0.055 0.02 0.015 0.017 0.017 0.015 0.02 0.022 0.009 0.201 0.194 0.024 0.037 0.042 0.015 0.027 0.042 0.006 0.021 0.201
40 F 0.037 0.02 0.017 0.017 0.011 0.014 0.02 0.023 0.022 0.115 0.112 0.022 0.026 0.246 0.012 0.026 0.029 0.016 0.133 0.081
41 L 0.068 0.028 0.032 0.03 0.014 0.021 0.032 0.101 0.015 0.056 0.145 0.034 0.025 0.125 0.019 0.111 0.048 0.008 0.034 0.055
42 L 0.048 0.028 0.018 0.019 0.015 0.044 0.03 0.023 0.012 0.13 0.29 0.032 0.041 0.044 0.015 0.028 0.036 0.006 0.021 0.12
43 I 0.05 0.018 0.015 0.017 0.016 0.013 0.018 0.021 0.008 0.27 0.155 0.023 0.035 0.041 0.015 0.026 0.04 0.006 0.02 0.194
44 L 0.051 0.022 0.02 0.02 0.075 0.015 0.022 0.028 0.012 0.115 0.195 0.025 0.032 0.131 0.015 0.054 0.038 0.008 0.036 0.086
45 N 0.045 0.041 0.299 0.072 0.01 0.03 0.045 0.058 0.028 0.039 0.042 0.049 0.013 0.02 0.019 0.063 0.048 0.004 0.016 0.06
46 L 0.039 0.024 0.016 0.016 0.012 0.016 0.022 0.023 0.02 0.078 0.235 0.025 0.033 0.116 0.013 0.025 0.029 0.076 0.115 0.068
47 V 0.057 0.023 0.02 0.02 0.015 0.016 0.024 0.028 0.012 0.115 0.146 0.026 0.029 0.152 0.015 0.055 0.042 0.009 0.04 0.154
48 L 0.044 0.019 0.014 0.016 0.015 0.014 0.018 0.02 0.009 0.223 0.232 0.023 0.039 0.069 0.014 0.024 0.036 0.007 0.025 0.139
49 S 0.122 0.034 0.043 0.04 0.078 0.028 0.043 0.059 0.016 0.035 0.048 0.046 0.016 0.021 0.027 0.18 0.094 0.005 0.016 0.049
50 F 0.033 0.019 0.017 0.017 0.01 0.012 0.019 0.024 0.02 0.059 0.105 0.02 0.024 0.372 0.011 0.025 0.025 0.018 0.118 0.052
51 L 0.04 0.021 0.016 0.016 0.013 0.015 0.02 0.022 0.018 0.132 0.204 0.024 0.033 0.153 0.013 0.025 0.031 0.013 0.097 0.093
52 L 0.048 0.022 0.015 0.016 0.016 0.016 0.02 0.022 0.01 0.185 0.249 0.025 0.059 0.046 0.014 0.026 0.037 0.006 0.021 0.147
53 V 0.061 0.023 0.019 0.019 0.078 0.017 0.023 0.026 0.009 0.119 0.178 0.027 0.032 0.036 0.017 0.038 0.07 0.006 0.019 0.185
54 N 0.051 0.038 0.206 0.059 0.011 0.029 0.042 0.054 0.026 0.029 0.041 0.046 0.013 0.03 0.02 0.084 0.075 0.069 0.042 0.035
55 K 0.049 0.119 0.071 0.044 0.01 0.042 0.082 0.037 0.02 0.067 0.074 0.139 0.038 0.023 0.021 0.047 0.038 0.006 0.018 0.055
56 N 0.05 0.038 0.186 0.061 0.01 0.032 0.076 0.05 0.028 0.03 0.047 0.048 0.014 0.08 0.02 0.078 0.045 0.009 0.065 0.034
57 S 0.105 0.044 0.077 0.043 0.015 0.031 0.046 0.054 0.018 0.042 0.089 0.078 0.019 0.024 0.025 0.132 0.085 0.005 0.017 0.051
58 P 0.049 0.024 0.018 0.023 0.013 0.018 0.028 0.028 0.011 0.069 0.213 0.032 0.029 0.033 0.26 0.033 0.034 0.005 0.017 0.062
59 D 0.057 0.038 0.112 0.207 0.01 0.037 0.118 0.051 0.022 0.023 0.033 0.054 0.011 0.017 0.024 0.092 0.047 0.004 0.014 0.029
60 K 0.064 0.067 0.042 0.046 0.012 0.043 0.092 0.042 0.018 0.035 0.049 0.158 0.016 0.018 0.027 0.079 0.123 0.005 0.017 0.046
61 N 0.046 0.046 0.186 0.054 0.01 0.031 0.044 0.048 0.031 0.031 0.045 0.077 0.014 0.045 0.02 0.059 0.069 0.01 0.097 0.037
62 L 0.043 0.064 0.017 0.018 0.014 0.018 0.023 0.022 0.014 0.162 0.226 0.035 0.036 0.071 0.014 0.027 0.034 0.008 0.044 0.109
63 F 0.046 0.019 0.015 0.017 0.014 0.013 0.019 0.023 0.011 0.151 0.163 0.022 0.032 0.179 0.013 0.026 0.035 0.01 0.045 0.148
64 N 0.058 0.064 0.154 0.056 0.011 0.039 0.055 0.053 0.023 0.028 0.04 0.145 0.014 0.018 0.024 0.087 0.076 0.005 0.016 0.035
65 L 0.081 0.024 0.016 0.019 0.016 0.017 0.024 0.03 0.01 0.098 0.275 0.029 0.037 0.042 0.078 0.034 0.037 0.006 0.02 0.107
66 S 0.08 0.049 0.045 0.044 0.013 0.109 0.067 0.051 0.021 0.027 0.042 0.064 0.016 0.017 0.087 0.149 0.059 0.005 0.017 0.037
67 T 0.069 0.03 0.035 0.032 0.016 0.023 0.034 0.04 0.014 0.096 0.09 0.038 0.032 0.076 0.022 0.105 0.135 0.007 0.027 0.08
68 I 0.048 0.019 0.015 0.017 0.015 0.013 0.019 0.022 0.01 0.18 0.169 0.022 0.033 0.133 0.014 0.026 0.037 0.008 0.037 0.162
69 F 0.036 0.022 0.018 0.017 0.01 0.015 0.022 0.024 0.026 0.06 0.13 0.024 0.025 0.258 0.012 0.027 0.026 0.019 0.173 0.055
70 L 0.043 0.023 0.014 0.015 0.016 0.016 0.02 0.021 0.01 0.111 0.397 0.024 0.048 0.053 0.014 0.023 0.032 0.007 0.022 0.093
71 L 0.057 0.024 0.019 0.02 0.017 0.017 0.024 0.027 0.01 0.136 0.255 0.028 0.038 0.043 0.016 0.053 0.043 0.006 0.02 0.146
72 G 0.076 0.022 0.038 0.033 0.01 0.018 0.025 0.527 0.013 0.018 0.027 0.033 0.009 0.016 0.018 0.05 0.029 0.005 0.01 0.023
73 F 0.033 0.019 0.017 0.017 0.01 0.012 0.019 0.024 0.02 0.059 0.105 0.02 0.024 0.372 0.011 0.025 0.025 0.018 0.118 0.052
74 G 0.095 0.029 0.039 0.035 0.015 0.024 0.035 0.23 0.014 0.039 0.084 0.04 0.018 0.023 0.023 0.115 0.077 0.005 0.015 0.046
75 L 0.047 0.023 0.018 0.018 0.015 0.016 0.022 0.025 0.012 0.097 0.249 0.025 0.036 0.136 0.015 0.033 0.062 0.009 0.037 0.105
76 F 0.037 0.02 0.015 0.016 0.012 0.012 0.019 0.023 0.014 0.08 0.218 0.021 0.033 0.275 0.012 0.024 0.027 0.013 0.062 0.068
77 I 0.044 0.017 0.014 0.017 0.015 0.013 0.017 0.02 0.009 0.266 0.156 0.022 0.034 0.088 0.014 0.024 0.037 0.007 0.028 0.156
78 L 0.052 0.021 0.019 0.018 0.105 0.015 0.02 0.118 0.011 0.075 0.229 0.024 0.032 0.084 0.015 0.031 0.031 0.007 0.026 0.068
79 G 0.076 0.022 0.038 0.033 0.01 0.018 0.025 0.527 0.013 0.018 0.027 0.033 0.009 0.016 0.018 0.05 0.029 0.005 0.01 0.023
80 R 0.043 0.367 0.037 0.03 0.008 0.047 0.051 0.032 0.023 0.023 0.045 0.116 0.015 0.017 0.019 0.043 0.034 0.006 0.017 0.03
81 F 0.038 0.02 0.017 0.017 0.011 0.013 0.02 0.024 0.018 0.074 0.125 0.021 0.026 0.304 0.012 0.026 0.028 0.016 0.105 0.085
82 F 0.045 0.019 0.016 0.017 0.014 0.013 0.019 0.023 0.012 0.147 0.145 0.022 0.03 0.201 0.013 0.026 0.034 0.01 0.049 0.145
83 A 0.258 0.03 0.03 0.031 0.019 0.025 0.039 0.131 0.015 0.037 0.052 0.043 0.016 0.02 0.027 0.099 0.05 0.005 0.016 0.058
84 N 0.045 0.046 0.144 0.047 0.01 0.054 0.047 0.044 0.022 0.046 0.058 0.077 0.017 0.073 0.018 0.048 0.039 0.069 0.032 0.065
85 L 0.042 0.019 0.015 0.016 0.014 0.013 0.018 0.021 0.011 0.191 0.208 0.022 0.036 0.136 0.013 0.024 0.033 0.009 0.037 0.122
86 L 0.04 0.022 0.015 0.015 0.014 0.014 0.019 0.022 0.012 0.096 0.307 0.023 0.041 0.164 0.013 0.024 0.03 0.01 0.042 0.081
87 L 0.045 0.024 0.014 0.015 0.016 0.016 0.02 0.021 0.01 0.115 0.375 0.025 0.05 0.055 0.014 0.024 0.033 0.007 0.022 0.096
88 L 0.045 0.024 0.014 0.015 0.016 0.016 0.02 0.021 0.01 0.115 0.375 0.025 0.05 0.055 0.014 0.024 0.033 0.007 0.022 0.096
89 D 0.04 0.032 0.111 0.265 0.008 0.028 0.069 0.045 0.026 0.026 0.036 0.043 0.011 0.038 0.02 0.05 0.036 0.009 0.076 0.029
90 P 0.06 0.032 0.105 0.044 0.012 0.024 0.039 0.048 0.02 0.035 0.055 0.041 0.015 0.112 0.14 0.092 0.048 0.007 0.033 0.038
91 S 0.11 0.04 0.054 0.049 0.018 0.033 0.052 0.066 0.019 0.03 0.042 0.054 0.016 0.021 0.03 0.22 0.082 0.005 0.018 0.042
92 I 0.047 0.018 0.015 0.018 0.016 0.013 0.018 0.021 0.009 0.271 0.168 0.024 0.037 0.044 0.015 0.025 0.04 0.006 0.021 0.177
93 S 0.1 0.035 0.05 0.044 0.016 0.029 0.045 0.178 0.018 0.027 0.038 0.048 0.014 0.019 0.027 0.186 0.068 0.005 0.016 0.037
94 G 0.062 0.03 0.11 0.042 0.011 0.024 0.033 0.227 0.022 0.035 0.081 0.039 0.016 0.035 0.019 0.073 0.04 0.008 0.055 0.038
95 L 0.05 0.021 0.016 0.017 0.015 0.015 0.021 0.022 0.014 0.157 0.176 0.024 0.033 0.098 0.014 0.027 0.037 0.01 0.069 0.164
96 E 0.049 0.078 0.062 0.152 0.008 0.042 0.157 0.069 0.021 0.022 0.034 0.063 0.011 0.015 0.083 0.051 0.035 0.004 0.014 0.028
97 D 0.058 0.044 0.045 0.144 0.011 0.039 0.124 0.041 0.018 0.038 0.083 0.082 0.018 0.021 0.024 0.077 0.07 0.005 0.016 0.043
98 L 0.049 0.022 0.019 0.02 0.015 0.016 0.023 0.025 0.01 0.185 0.192 0.028 0.033 0.039 0.078 0.034 0.066 0.006 0.019 0.121
99 F 0.034 0.021 0.018 0.017 0.01 0.013 0.021 0.024 0.024 0.056 0.099 0.021 0.023 0.337 0.011 0.026 0.025 0.019 0.15 0.051
100 C 0.063 0.016 0.016 0.016 0.501 0.012 0.016 0.031 0.008 0.043 0.063 0.02 0.016 0.02 0.016 0.039 0.035 0.004 0.012 0.055
101 L 0.048 0.025 0.023 0.022 0.014 0.019 0.025 0.028 0.017 0.096 0.145 0.03 0.047 0.141 0.017 0.043 0.091 0.011 0.076 0.08
102 D 0.045 0.045 0.091 0.246 0.008 0.041 0.139 0.044 0.022 0.022 0.031 0.084 0.011 0.015 0.023 0.053 0.037 0.004 0.013 0.027
103 F 0.033 0.018 0.016 0.016 0.01 0.01 0.018 0.025 0.016 0.061 0.11 0.018 0.025 0.408 0.01 0.025 0.025 0.016 0.086 0.053
104 G 0.054 0.019 0.024 0.023 0.012 0.014 0.02 0.211 0.012 0.133 0.099 0.025 0.023 0.124 0.015 0.034 0.031 0.008 0.033 0.086
105 F 0.035 0.022 0.018 0.017 0.01 0.014 0.022 0.024 0.027 0.054 0.094 0.023 0.022 0.302 0.012 0.027 0.025 0.02 0.181 0.05
106 A 0.094 0.041 0.074 0.084 0.011 0.029 0.047 0.046 0.067 0.035 0.054 0.072 0.016 0.082 0.021 0.054 0.051 0.009 0.07 0.042
107 Y 0.039 0.027 0.021 0.018 0.009 0.021 0.027 0.024 0.045 0.042 0.066 0.03 0.018 0.126 0.015 0.03 0.027 0.027 0.341 0.045
108 C 0.063 0.016 0.016 0.016 0.501 0.012 0.016 0.031 0.008 0.043 0.063 0.02 0.016 0.02 0.016 0.039 0.035 0.004 0.012 0.055
109 L 0.06 0.028 0.024 0.023 0.016 0.021 0.028 0.032 0.013 0.089 0.282 0.033 0.057 0.044 0.018 0.081 0.045 0.007 0.021 0.079
110 S 0.077 0.037 0.108 0.122 0.014 0.031 0.056 0.058 0.02 0.029 0.039 0.049 0.014 0.019 0.025 0.156 0.089 0.005 0.015 0.038
111 D 0.064 0.038 0.047 0.139 0.01 0.058 0.094 0.105 0.023 0.026 0.039 0.052 0.013 0.03 0.023 0.098 0.045 0.008 0.055 0.033
112 D 0.046 0.032 0.114 0.137 0.01 0.026 0.049 0.042 0.022 0.04 0.084 0.041 0.017 0.035 0.081 0.053 0.066 0.007 0.056 0.042
113 E 0.058 0.05 0.045 0.113 0.009 0.099 0.202 0.04 0.024 0.023 0.038 0.07 0.014 0.016 0.024 0.077 0.042 0.005 0.016 0.032
114 I 0.085 0.042 0.025 0.027 0.015 0.026 0.035 0.035 0.013 0.166 0.107 0.098 0.026 0.031 0.021 0.046 0.069 0.005 0.018 0.11
115 L 0.04 0.024 0.056 0.024 0.013 0.016 0.023 0.027 0.018 0.125 0.179 0.027 0.031 0.144 0.014 0.03 0.033 0.011 0.076 0.088
116 F 0.043 0.094 0.088 0.038 0.009 0.033 0.045 0.038 0.024 0.036 0.06 0.127 0.017 0.128 0.019 0.044 0.035 0.011 0.074 0.037
117 L 0.054 0.027 0.022 0.021 0.016 0.019 0.026 0.029 0.011 0.094 0.31 0.03 0.04 0.045 0.017 0.06 0.068 0.006 0.02 0.083
118 N 0.041 0.027 0.137 0.041 0.012 0.02 0.029 0.037 0.019 0.134 0.1 0.033 0.024 0.124 0.015 0.04 0.038 0.008 0.035 0.087
119 L 0.043 0.022 0.018 0.018 0.014 0.015 0.021 0.025 0.013 0.108 0.218 0.024 0.034 0.181 0.014 0.032 0.06 0.01 0.045 0.085
120 L 0.042 0.022 0.015 0.016 0.014 0.015 0.02 0.021 0.015 0.143 0.261 0.024 0.038 0.104 0.014 0.025 0.032 0.01 0.069 0.101
121 L 0.044 0.021 0.014 0.016 0.016 0.015 0.019 0.02 0.009 0.181 0.309 0.024 0.043 0.049 0.014 0.024 0.035 0.006 0.021 0.122
122 N 0.041 0.041 0.264 0.067 0.009 0.032 0.046 0.055 0.076 0.024 0.036 0.048 0.012 0.033 0.019 0.059 0.042 0.008 0.061 0.028
123 L 0.062 0.026 0.024 0.023 0.077 0.019 0.027 0.033 0.012 0.105 0.237 0.031 0.034 0.039 0.018 0.081 0.045 0.006 0.019 0.085
124 S 0.095 0.032 0.038 0.036 0.017 0.025 0.038 0.048 0.014 0.102 0.078 0.042 0.021 0.027 0.025 0.141 0.115 0.005 0.018 0.082
125 L 0.043 0.023 0.014 0.015 0.016 0.016 0.02 0.021 0.01 0.111 0.397 0.024 0.048 0.053 0.014 0.023 0.032 0.007 0.022 0.093
126 L 0.052 0.02 0.015 0.017 0.017 0.015 0.019 0.021 0.009 0.207 0.209 0.024 0.037 0.043 0.015 0.026 0.04 0.006 0.02 0.19
127 S 0.114 0.033 0.04 0.037 0.016 0.026 0.041 0.056 0.017 0.038 0.06 0.043 0.018 0.117 0.024 0.17 0.062 0.008 0.034 0.047
128 F 0.033 0.018 0.016 0.016 0.01 0.01 0.018 0.025 0.016 0.061 0.11 0.018 0.025 0.408 0.01 0.025 0.025 0.016 0.086 0.053
129 S 0.08 0.029 0.034 0.032 0.077 0.023 0.035 0.044 0.014 0.091 0.114 0.038 0.024 0.029 0.022 0.138 0.059 0.005 0.018 0.097
130 L 0.044 0.024 0.016 0.016 0.015 0.018 0.022 0.023 0.014 0.123 0.277 0.027 0.078 0.077 0.014 0.027 0.034 0.009 0.046 0.096
131 G 0.103 0.023 0.034 0.032 0.012 0.019 0.028 0.409 0.013 0.022 0.032 0.035 0.01 0.016 0.081 0.053 0.032 0.005 0.011 0.03
132 F 0.035 0.022 0.018 0.017 0.01 0.014 0.022 0.024 0.027 0.054 0.094 0.023 0.022 0.302 0.012 0.027 0.025 0.02 0.181 0.05
133 L 0.046 0.023 0.014 0.015 0.016 0.016 0.02 0.021 0.01 0.117 0.363 0.025 0.046 0.051 0.014 0.025 0.034 0.007 0.021 0.118
134 L 0.056 0.029 0.066 0.032 0.013 0.021 0.031 0.038 0.021 0.058 0.149 0.034 0.026 0.138 0.017 0.086 0.043 0.011 0.076 0.056
135 N 0.05 0.062 0.149 0.052 0.01 0.037 0.051 0.047 0.022 0.039 0.085 0.142 0.018 0.022 0.022 0.059 0.07 0.005 0.017 0.042
136 S 0.072 0.038 0.033 0.033 0.014 0.026 0.039 0.042 0.015 0.082 0.075 0.071 0.02 0.072 0.083 0.114 0.053 0.006 0.026 0.088
137 K 0.06 0.058 0.112 0.053 0.011 0.039 0.084 0.046 0.021 0.05 0.054 0.128 0.017 0.02 0.023 0.076 0.047 0.005 0.017 0.08
138 R 0.047 0.123 0.105 0.039 0.011 0.032 0.04 0.037 0.019 0.082 0.092 0.089 0.021 0.049 0.018 0.044 0.039 0.006 0.022 0.085
139 K 0.06 0.067 0.073 0.04 0.012 0.038 0.051 0.042 0.018 0.076 0.066 0.17 0.019 0.022 0.023 0.072 0.046 0.005 0.017 0.082
140 S 0.078 0.093 0.045 0.047 0.013 0.041 0.086 0.049 0.019 0.029 0.043 0.109 0.015 0.019 0.026 0.141 0.085 0.005 0.017 0.04
141 N 0.051 0.088 0.177 0.128 0.009 0.036 0.059 0.053 0.024 0.023 0.034 0.09 0.012 0.017 0.022 0.082 0.046 0.005 0.015 0.029
142 L 0.054 0.028 0.043 0.033 0.014 0.024 0.063 0.031 0.017 0.103 0.165 0.035 0.029 0.087 0.017 0.059 0.041 0.008 0.047 0.101
143 N 0.061 0.049 0.134 0.061 0.01 0.039 0.1 0.05 0.027 0.027 0.04 0.085 0.014 0.031 0.023 0.103 0.05 0.008 0.057 0.034
144 Y 0.103 0.026 0.021 0.021 0.013 0.02 0.029 0.038 0.031 0.048 0.077 0.031 0.02 0.168 0.018 0.043 0.032 0.019 0.189 0.054
145 D 0.041 0.03 0.069 0.397 0.008 0.03 0.091 0.047 0.019 0.022 0.028 0.045 0.009 0.015 0.022 0.052 0.035 0.004 0.011 0.024
146 L 0.06 0.028 0.024 0.023 0.016 0.02 0.028 0.032 0.012 0.093 0.297 0.032 0.041 0.046 0.018 0.075 0.045 0.007 0.021 0.082
147 D 0.044 0.035 0.061 0.325 0.007 0.038 0.144 0.043 0.02 0.022 0.03 0.052 0.01 0.015 0.023 0.052 0.035 0.004 0.012 0.026
148 R 0.047 0.213 0.11 0.046 0.008 0.046 0.056 0.043 0.025 0.024 0.042 0.144 0.014 0.017 0.021 0.053 0.039 0.005 0.017 0.03
149 L 0.048 0.043 0.076 0.043 0.012 0.032 0.081 0.034 0.017 0.112 0.157 0.082 0.028 0.032 0.019 0.041 0.038 0.006 0.019 0.081
150 D 0.047 0.058 0.123 0.174 0.008 0.041 0.101 0.047 0.023 0.023 0.034 0.13 0.012 0.016 0.023 0.055 0.039 0.004 0.014 0.028
151 I 0.088 0.028 0.102 0.038 0.015 0.022 0.032 0.044 0.016 0.145 0.096 0.037 0.024 0.03 0.019 0.071 0.048 0.005 0.018 0.121
152 V 0.06 0.082 0.074 0.036 0.082 0.056 0.044 0.039 0.018 0.085 0.074 0.054 0.02 0.024 0.019 0.072 0.046 0.005 0.017 0.093
153 Y 0.044 0.024 0.039 0.021 0.072 0.017 0.024 0.028 0.028 0.06 0.082 0.027 0.021 0.165 0.014 0.032 0.031 0.017 0.175 0.078
154 L 0.04 0.02 0.016 0.017 0.013 0.014 0.019 0.022 0.016 0.156 0.178 0.023 0.032 0.169 0.013 0.025 0.032 0.012 0.081 0.104
155 S 0.083 0.041 0.123 0.06 0.014 0.036 0.084 0.06 0.022 0.026 0.037 0.055 0.014 0.019 0.026 0.177 0.066 0.005 0.016 0.036
156 K 0.05 0.091 0.071 0.039 0.01 0.039 0.052 0.038 0.019 0.093 0.071 0.19 0.02 0.022 0.022 0.046 0.039 0.005 0.017 0.066
157 N 0.062 0.047 0.114 0.047 0.012 0.056 0.05 0.108 0.021 0.038 0.05 0.081 0.016 0.043 0.022 0.082 0.074 0.006 0.021 0.053
158 K 0.053 0.072 0.031 0.031 0.011 0.037 0.05 0.035 0.017 0.081 0.076 0.197 0.021 0.07 0.022 0.042 0.038 0.007 0.026 0.084
159 L 0.047 0.047 0.024 0.026 0.012 0.051 0.041 0.029 0.015 0.119 0.17 0.101 0.03 0.08 0.018 0.035 0.035 0.007 0.028 0.085
160 L 0.059 0.034 0.024 0.025 0.074 0.023 0.032 0.033 0.016 0.08 0.131 0.065 0.024 0.041 0.08 0.061 0.041 0.008 0.058 0.09
161 L 0.077 0.022 0.016 0.018 0.016 0.016 0.022 0.029 0.011 0.164 0.205 0.027 0.054 0.089 0.016 0.033 0.036 0.008 0.029 0.113
162 L 0.044 0.021 0.015 0.016 0.015 0.015 0.02 0.021 0.014 0.179 0.248 0.025 0.039 0.059 0.014 0.025 0.034 0.009 0.066 0.12
163 L 0.041 0.022 0.016 0.016 0.013 0.016 0.021 0.022 0.019 0.134 0.22 0.025 0.034 0.113 0.014 0.025 0.032 0.013 0.109 0.095
164 L 0.096 0.027 0.026 0.025 0.017 0.021 0.03 0.038 0.012 0.105 0.165 0.034 0.029 0.034 0.02 0.073 0.089 0.006 0.019 0.134
165 L 0.044 0.021 0.015 0.016 0.015 0.014 0.019 0.022 0.011 0.131 0.28 0.023 0.04 0.116 0.013 0.025 0.034 0.008 0.033 0.12
166 G 0.094 0.032 0.031 0.03 0.014 0.048 0.038 0.163 0.016 0.05 0.112 0.041 0.041 0.074 0.02 0.071 0.04 0.007 0.026 0.053
167 F 0.04 0.021 0.016 0.016 0.012 0.014 0.02 0.023 0.017 0.084 0.178 0.022 0.03 0.237 0.012 0.026 0.03 0.014 0.093 0.092
168 L 0.047 0.022 0.015 0.017 0.015 0.015 0.021 0.023 0.011 0.123 0.252 0.026 0.037 0.089 0.076 0.027 0.034 0.007 0.028 0.115
169 S 0.107 0.03 0.033 0.032 0.017 0.024 0.036 0.047 0.014 0.093 0.116 0.04 0.024 0.029 0.023 0.124 0.085 0.005 0.018 0.102
170 G 0.062 0.021 0.029 0.026 0.012 0.016 0.022 0.337 0.012 0.07 0.101 0.029 0.019 0.073 0.016 0.04 0.03 0.007 0.022 0.054
171 V 0.063 0.022 0.023 0.022 0.015 0.017 0.024 0.121 0.011 0.101 0.097 0.028 0.024 0.099 0.017 0.041 0.068 0.007 0.03 0.17
172 Y 0.039 0.025 0.02 0.018 0.01 0.019 0.025 0.024 0.037 0.076 0.084 0.028 0.021 0.151 0.014 0.029 0.028 0.023 0.269 0.062
173 L 0.065 0.029 0.028 0.026 0.016 0.022 0.031 0.035 0.017 0.081 0.191 0.035 0.03 0.048 0.02 0.089 0.075 0.009 0.06 0.096
174 I 0.065 0.024 0.024 0.025 0.016 0.018 0.027 0.033 0.012 0.165 0.116 0.03 0.028 0.081 0.018 0.082 0.049 0.007 0.027 0.154
175 Y 0.037 0.024 0.019 0.017 0.009 0.017 0.024 0.024 0.034 0.049 0.083 0.026 0.02 0.232 0.013 0.028 0.026 0.023 0.245 0.048
176 N 0.047 0.031 0.147 0.093 0.01 0.024 0.041 0.104 0.024 0.046 0.056 0.038 0.015 0.081 0.017 0.049 0.038 0.009 0.064 0.065
177 G 0.066 0.079 0.076 0.041 0.013 0.055 0.046 0.104 0.018 0.047 0.055 0.057 0.017 0.021 0.022 0.084 0.103 0.005 0.017 0.073
178 F 0.037 0.021 0.016 0.016 0.012 0.014 0.02 0.024 0.017 0.097 0.175 0.022 0.03 0.195 0.012 0.025 0.028 0.076 0.091 0.074
179 E 0.055 0.058 0.036 0.054 0.009 0.071 0.155 0.096 0.021 0.034 0.082 0.121 0.018 0.02 0.023 0.049 0.036 0.005 0.017 0.038
180 A 0.129 0.052 0.074 0.041 0.014 0.034 0.049 0.056 0.023 0.032 0.047 0.11 0.015 0.032 0.025 0.107 0.051 0.008 0.057 0.044
181 I 0.051 0.018 0.015 0.017 0.016 0.014 0.018 0.021 0.008 0.261 0.153 0.023 0.034 0.041 0.015 0.026 0.041 0.006 0.02 0.201
182 A 0.12 0.036 0.029 0.036 0.014 0.054 0.077 0.045 0.021 0.047 0.101 0.047 0.021 0.085 0.022 0.075 0.042 0.01 0.067 0.054
183 L 0.048 0.043 0.021 0.022 0.014 0.025 0.032 0.027 0.013 0.135 0.223 0.095 0.054 0.04 0.017 0.032 0.036 0.006 0.02 0.097
184 A 0.283 0.029 0.024 0.027 0.021 0.024 0.037 0.069 0.014 0.056 0.066 0.041 0.019 0.023 0.027 0.076 0.048 0.005 0.017 0.095
185 I 0.052 0.021 0.019 0.02 0.016 0.016 0.022 0.026 0.01 0.216 0.206 0.027 0.036 0.042 0.016 0.052 0.042 0.006 0.02 0.135
186 S 0.085 0.039 0.123 0.054 0.015 0.032 0.048 0.061 0.021 0.03 0.041 0.051 0.015 0.02 0.026 0.182 0.095 0.005 0.017 0.04
187 S 0.089 0.046 0.047 0.05 0.014 0.037 0.083 0.115 0.019 0.026 0.038 0.084 0.014 0.018 0.027 0.173 0.062 0.005 0.016 0.036
188 G 0.076 0.022 0.038 0.033 0.01 0.018 0.025 0.527 0.013 0.018 0.027 0.033 0.009 0.016 0.018 0.05 0.029 0.005 0.01 0.023
189 Y 0.039 0.027 0.021 0.018 0.009 0.021 0.027 0.024 0.045 0.042 0.066 0.03 0.018 0.126 0.015 0.03 0.027 0.027 0.341 0.045
190 L 0.047 0.027 0.017 0.017 0.016 0.021 0.023 0.024 0.013 0.104 0.293 0.03 0.118 0.05 0.015 0.029 0.036 0.007 0.022 0.091
191 A 0.288 0.031 0.028 0.031 0.02 0.026 0.041 0.074 0.015 0.04 0.055 0.044 0.017 0.021 0.029 0.103 0.052 0.005 0.017 0.063
192 L 0.043 0.023 0.014 0.015 0.016 0.016 0.02 0.021 0.01 0.111 0.397 0.024 0.048 0.053 0.014 0.023 0.032 0.007 0.022 0.093
193 Y 0.038 0.026 0.02 0.018 0.009 0.02 0.026 0.024 0.042 0.045 0.072 0.029 0.019 0.162 0.014 0.029 0.027 0.026 0.309 0.046
194 A 0.124 0.036 0.039 0.094 0.013 0.035 0.115 0.049 0.022 0.034 0.048 0.05 0.015 0.032 0.025 0.086 0.072 0.008 0.056 0.046
195 G 0.111 0.028 0.039 0.035 0.014 0.023 0.033 0.323 0.014 0.027 0.038 0.039 0.012 0.018 0.023 0.096 0.071 0.005 0.013 0.038
196 Q 0.054 0.071 0.043 0.046 0.009 0.241 0.099 0.04 0.028 0.026 0.046 0.088 0.02 0.014 0.023 0.054 0.04 0.006 0.02 0.034
197 A 0.197 0.029 0.029 0.03 0.018 0.023 0.036 0.119 0.013 0.06 0.065 0.04 0.018 0.023 0.025 0.09 0.064 0.005 0.017 0.101
198 E 0.05 0.043 0.046 0.17 0.007 0.054 0.262 0.037 0.023 0.021 0.033 0.066 0.012 0.016 0.024 0.053 0.035 0.005 0.015 0.029
199 V 0.077 0.032 0.039 0.087 0.015 0.029 0.079 0.043 0.015 0.076 0.07 0.044 0.02 0.024 0.023 0.117 0.056 0.005 0.017 0.132
200 Y 0.039 0.027 0.021 0.018 0.009 0.021 0.027 0.024 0.045 0.042 0.066 0.03 0.018 0.126 0.015 0.03 0.027 0.027 0.341 0.045
201 E 0.067 0.051 0.043 0.067 0.01 0.099 0.198 0.043 0.024 0.024 0.039 0.072 0.015 0.017 0.025 0.102 0.048 0.005 0.017 0.034
202 A 0.171 0.034 0.038 0.036 0.019 0.027 0.042 0.06 0.015 0.042 0.055 0.046 0.017 0.021 0.028 0.126 0.14 0.005 0.017 0.061
203 P 0.055 0.025 0.023 0.03 0.01 0.02 0.035 0.035 0.012 0.025 0.035 0.04 0.01 0.012 0.511 0.042 0.035 0.003 0.012 0.03
204 V 0.051 0.019 0.015 0.017 0.015 0.013 0.019 0.023 0.01 0.186 0.136 0.023 0.031 0.131 0.014 0.027 0.038 0.008 0.036 0.187
205 D 0.119 0.03 0.076 0.132 0.014 0.025 0.049 0.052 0.017 0.05 0.06 0.04 0.017 0.069 0.022 0.079 0.046 0.006 0.024 0.074
206 L 0.044 0.067 0.017 0.017 0.015 0.021 0.024 0.023 0.012 0.122 0.298 0.037 0.06 0.046 0.015 0.027 0.034 0.007 0.021 0.094
207 L 0.047 0.021 0.015 0.017 0.015 0.015 0.02 0.022 0.011 0.178 0.213 0.024 0.056 0.09 0.014 0.026 0.036 0.008 0.029 0.142
208 L 0.059 0.023 0.019 0.02 0.017 0.017 0.024 0.027 0.01 0.151 0.224 0.028 0.036 0.041 0.016 0.054 0.044 0.006 0.02 0.164
209 N 0.063 0.037 0.151 0.052 0.013 0.029 0.042 0.053 0.022 0.04 0.066 0.045 0.037 0.071 0.021 0.115 0.068 0.007 0.026 0.045
210 S 0.11 0.031 0.034 0.032 0.018 0.024 0.037 0.047 0.014 0.076 0.111 0.04 0.024 0.028 0.023 0.125 0.086 0.005 0.018 0.117
211 L 0.053 0.024 0.02 0.02 0.045 0.017 0.024 0.029 0.013 0.085 0.182 0.027 0.05 0.154 0.015 0.055 0.039 0.009 0.04 0.096
212 F 0.105 0.021 0.018 0.02 0.014 0.014 0.023 0.037 0.015 0.086 0.104 0.025 0.024 0.265 0.015 0.039 0.032 0.012 0.06 0.071
213 L 0.052 0.028 0.099 0.035 0.015 0.021 0.029 0.035 0.015 0.116 0.166 0.034 0.029 0.034 0.017 0.045 0.071 0.006 0.019 0.133
214 A 0.196 0.027 0.028 0.028 0.079 0.022 0.034 0.119 0.013 0.052 0.061 0.038 0.017 0.022 0.024 0.087 0.048 0.005 0.016 0.085
215 G 0.069 0.027 0.031 0.029 0.075 0.021 0.03 0.099 0.017 0.089 0.093 0.035 0.021 0.039 0.02 0.094 0.074 0.008 0.057 0.072
216 L 0.048 0.022 0.015 0.016 0.016 0.015 0.02 0.022 0.01 0.117 0.293 0.024 0.041 0.093 0.014 0.026 0.035 0.008 0.029 0.138
217 A 0.288 0.031 0.028 0.031 0.02 0.026 0.041 0.074 0.015 0.04 0.055 0.044 0.017 0.021 0.029 0.103 0.052 0.005 0.017 0.063
218 L 0.05 0.023 0.018 0.018 0.016 0.016 0.021 0.023 0.01 0.167 0.248 0.026 0.038 0.044 0.016 0.033 0.066 0.006 0.02 0.139
219 L 0.05 0.022 0.017 0.018 0.015 0.016 0.02 0.084 0.01 0.129 0.287 0.025 0.039 0.045 0.015 0.028 0.035 0.006 0.02 0.119
220 F 0.072 0.024 0.019 0.018 0.012 0.017 0.024 0.03 0.026 0.058 0.123 0.027 0.024 0.209 0.015 0.034 0.029 0.018 0.165 0.057
221 S 0.122 0.036 0.114 0.048 0.016 0.028 0.043 0.06 0.019 0.047 0.053 0.047 0.017 0.022 0.025 0.134 0.074 0.005 0.017 0.075
222 L 0.043 0.024 0.056 0.024 0.013 0.017 0.024 0.028 0.018 0.108 0.175 0.027 0.03 0.143 0.014 0.031 0.034 0.011 0.076 0.103
223 K 0.052 0.104 0.081 0.096 0.009 0.044 0.094 0.043 0.021 0.027 0.041 0.154 0.014 0.017 0.024 0.057 0.067 0.005 0.016 0.034
224 K 0.059 0.073 0.062 0.079 0.009 0.049 0.129 0.044 0.022 0.025 0.038 0.182 0.014 0.016 0.026 0.077 0.043 0.005 0.016 0.032
225 K 0.056 0.071 0.114 0.048 0.01 0.041 0.056 0.048 0.026 0.028 0.042 0.175 0.014 0.03 0.024 0.077 0.044 0.008 0.057 0.033
226 L 0.077 0.031 0.067 0.08 0.013 0.047 0.043 0.039 0.017 0.109 0.124 0.039 0.025 0.077 0.018 0.044 0.038 0.007 0.026 0.08
227 N 0.048 0.057 0.228 0.065 0.01 0.037 0.052 0.055 0.026 0.027 0.037 0.114 0.013 0.017 0.022 0.066 0.073 0.005 0.016 0.033
228 L 0.057 0.05 0.03 0.031 0.012 0.055 0.047 0.035 0.016 0.104 0.116 0.107 0.024 0.027 0.082 0.065 0.042 0.005 0.018 0.075
229 R 0.057 0.185 0.028 0.024 0.013 0.032 0.038 0.029 0.016 0.093 0.088 0.073 0.023 0.026 0.018 0.039 0.042 0.006 0.019 0.152
230 N 0.043 0.045 0.317 0.083 0.009 0.034 0.049 0.065 0.032 0.022 0.032 0.054 0.011 0.018 0.02 0.07 0.049 0.004 0.016 0.027
231 L 0.048 0.052 0.024 0.025 0.012 0.028 0.038 0.029 0.014 0.088 0.196 0.128 0.031 0.081 0.018 0.035 0.035 0.007 0.028 0.082
232 L 0.05 0.024 0.02 0.02 0.014 0.017 0.024 0.027 0.018 0.128 0.196 0.028 0.032 0.104 0.016 0.053 0.038 0.011 0.088 0.092
233 F 0.039 0.02 0.017 0.017 0.012 0.013 0.02 0.024 0.018 0.1 0.113 0.021 0.026 0.28 0.012 0.026 0.029 0.015 0.101 0.097
234 Y 0.047 0.075 0.026 0.024 0.011 0.025 0.032 0.089 0.024 0.099 0.082 0.073 0.021 0.082 0.017 0.035 0.032 0.013 0.122 0.071
235 L 0.055 0.022 0.02 0.02 0.015 0.016 0.023 0.028 0.012 0.147 0.154 0.026 0.031 0.13 0.015 0.054 0.042 0.008 0.036 0.146
236 L 0.08 0.024 0.016 0.018 0.016 0.018 0.023 0.028 0.011 0.138 0.268 0.028 0.058 0.045 0.016 0.033 0.037 0.006 0.021 0.116
237 L 0.04 0.022 0.015 0.016 0.014 0.015 0.02 0.023 0.013 0.114 0.234 0.023 0.055 0.184 0.013 0.025 0.031 0.01 0.046 0.087
238 G 0.067 0.027 0.034 0.03 0.012 0.02 0.031 0.162 0.02 0.038 0.062 0.034 0.017 0.153 0.019 0.101 0.043 0.011 0.077 0.041
239 L 0.044 0.021 0.015 0.016 0.015 0.015 0.019 0.021 0.014 0.195 0.238 0.024 0.038 0.057 0.014 0.025 0.035 0.009 0.061 0.126
240 F 0.034 0.021 0.018 0.017 0.01 0.013 0.021 0.024 0.024 0.056 0.099 0.021 0.023 0.337 0.011 0.026 0.025 0.019 0.15 0.051
241 L 0.044 0.021 0.014 0.016 0.016 0.015 0.019 0.02 0.009 0.181 0.309 0.024 0.043 0.049 0.014 0.024 0.035 0.006 0.021 0.122
242 L 0.075 0.023 0.016 0.017 0.015 0.016 0.022 0.029 0.012 0.112 0.24 0.026 0.045 0.136 0.015 0.032 0.034 0.009 0.037 0.089
243 N 0.059 0.043 0.13 0.047 0.011 0.03 0.042 0.108 0.024 0.037 0.084 0.075 0.017 0.035 0.021 0.087 0.046 0.008 0.057 0.04
244 L 0.044 0.03 0.019 0.02 0.014 0.046 0.031 0.024 0.018 0.087 0.268 0.034 0.057 0.079 0.015 0.03 0.033 0.01 0.065 0.077
245 L 0.076 0.024 0.017 0.018 0.015 0.018 0.023 0.029 0.016 0.109 0.222 0.028 0.053 0.1 0.016 0.033 0.034 0.01 0.069 0.088
246 L 0.052 0.029 0.019 0.02 0.015 0.046 0.031 0.025 0.013 0.133 0.217 0.034 0.065 0.041 0.016 0.032 0.039 0.006 0.021 0.145
247 G 0.105 0.037 0.036 0.034 0.013 0.026 0.036 0.26 0.015 0.036 0.082 0.07 0.017 0.022 0.022 0.088 0.042 0.005 0.015 0.042
248 I 0.054 0.019 0.015 0.017 0.017 0.014 0.019 0.021 0.008 0.244 0.149 0.024 0.034 0.04 0.015 0.027 0.042 0.006 0.02 0.217
249 L 0.047 0.024 0.018 0.018 0.014 0.017 0.021 0.085 0.012 0.092 0.289 0.026 0.058 0.092 0.014 0.028 0.032 0.008 0.028 0.079
250 T 0.079 0.035 0.045 0.039 0.017 0.028 0.041 0.047 0.015 0.046 0.057 0.046 0.018 0.022 0.027 0.129 0.224 0.006 0.017 0.062
251 G 0.076 0.022 0.038 0.033 0.01 0.018 0.025 0.527 0.013 0.018 0.027 0.033 0.009 0.016 0.018 0.05 0.029 0.005 0.01 0.023
252 A 0.21 0.034 0.039 0.038 0.019 0.028 0.045 0.07 0.016 0.035 0.049 0.048 0.016 0.021 0.029 0.164 0.064 0.005 0.017 0.053
253 R 0.043 0.367 0.037 0.03 0.008 0.047 0.051 0.032 0.023 0.023 0.045 0.116 0.015 0.017 0.019 0.043 0.034 0.006 0.017 0.03
254 A 0.206 0.032 0.037 0.036 0.018 0.027 0.042 0.128 0.016 0.034 0.047 0.045 0.015 0.02 0.027 0.14 0.057 0.005 0.016 0.051
255 G 0.069 0.033 0.079 0.041 0.012 0.026 0.038 0.168 0.063 0.031 0.047 0.041 0.015 0.069 0.021 0.102 0.073 0.007 0.029 0.037
256 F 0.068 0.02 0.017 0.018 0.012 0.012 0.021 0.031 0.016 0.059 0.104 0.021 0.024 0.359 0.013 0.032 0.028 0.015 0.077 0.055
257 I 0.046 0.019 0.015 0.017 0.015 0.013 0.018 0.021 0.01 0.226 0.18 0.023 0.035 0.089 0.014 0.025 0.037 0.007 0.028 0.162
258 A 0.137 0.034 0.077 0.042 0.016 0.027 0.041 0.119 0.017 0.035 0.047 0.045 0.015 0.02 0.026 0.119 0.109 0.005 0.016 0.05
259 A 0.229 0.029 0.031 0.032 0.018 0.024 0.037 0.187 0.015 0.034 0.048 0.042 0.015 0.019 0.026 0.095 0.047 0.005 0.015 0.052
260 L 0.048 0.023 0.015 0.016 0.016 0.016 0.02 0.022 0.01 0.162 0.278 0.025 0.06 0.047 0.014 0.026 0.037 0.006 0.021 0.137
261 L 0.046 0.019 0.015 0.016 0.015 0.014 0.019 0.021 0.01 0.203 0.21 0.023 0.037 0.09 0.014 0.025 0.036 0.007 0.029 0.152
262 L 0.045 0.021 0.015 0.017 0.015 0.015 0.02 0.023 0.012 0.149 0.207 0.024 0.054 0.136 0.013 0.026 0.035 0.009 0.037 0.127
263 L 0.044 0.024 0.014 0.016 0.016 0.017 0.02 0.021 0.01 0.133 0.342 0.026 0.064 0.051 0.014 0.025 0.034 0.007 0.022 0.102
264 L 0.052 0.022 0.018 0.019 0.015 0.016 0.021 0.085 0.01 0.173 0.203 0.026 0.054 0.041 0.015 0.029 0.037 0.006 0.02 0.138
265 W 0.031 0.023 0.015 0.015 0.008 0.015 0.023 0.029 0.018 0.031 0.053 0.023 0.015 0.067 0.008 0.023 0.023 0.449 0.1 0.031
266 L 0.04 0.024 0.018 0.017 0.012 0.018 0.023 0.024 0.025 0.071 0.175 0.026 0.049 0.168 0.014 0.028 0.029 0.017 0.158 0.065
267 L 0.043 0.022 0.016 0.017 0.014 0.016 0.02 0.022 0.015 0.164 0.206 0.025 0.054 0.102 0.014 0.026 0.034 0.01 0.069 0.111
268 L 0.042 0.023 0.019 0.019 0.013 0.016 0.022 0.025 0.017 0.088 0.192 0.025 0.031 0.191 0.014 0.033 0.059 0.013 0.085 0.074
269 G 0.059 0.096 0.037 0.033 0.009 0.035 0.045 0.22 0.021 0.025 0.04 0.144 0.013 0.029 0.021 0.047 0.033 0.008 0.055 0.03
270 D 0.047 0.043 0.091 0.239 0.009 0.036 0.103 0.045 0.02 0.026 0.035 0.081 0.012 0.016 0.023 0.058 0.066 0.004 0.014 0.031
271 K 0.052 0.192 0.036 0.033 0.009 0.045 0.056 0.036 0.019 0.042 0.053 0.198 0.017 0.018 0.022 0.046 0.038 0.005 0.017 0.064
272 R 0.057 0.185 0.04 0.036 0.01 0.043 0.054 0.07 0.02 0.028 0.045 0.168 0.015 0.017 0.023 0.065 0.068 0.005 0.016 0.036
273 I 0.049 0.019 0.015 0.017 0.016 0.014 0.019 0.022 0.01 0.198 0.191 0.023 0.035 0.088 0.014 0.026 0.038 0.007 0.028 0.172
274 G 0.076 0.044 0.119 0.051 0.012 0.031 0.046 0.177 0.02 0.024 0.035 0.079 0.013 0.018 0.024 0.128 0.054 0.005 0.015 0.032
275 F 0.047 0.031 0.02 0.021 0.012 0.018 0.028 0.028 0.014 0.077 0.096 0.058 0.023 0.216 0.076 0.032 0.033 0.01 0.052 0.108
276 K 0.051 0.054 0.029 0.028 0.012 0.031 0.042 0.031 0.059 0.12 0.126 0.131 0.026 0.031 0.02 0.037 0.037 0.006 0.023 0.106
277 K 0.045 0.103 0.077 0.04 0.008 0.04 0.053 0.04 0.11 0.029 0.048 0.148 0.016 0.068 0.021 0.046 0.034 0.007 0.035 0.031
278 Y 0.042 0.025 0.058 0.025 0.011 0.019 0.026 0.027 0.03 0.135 0.098 0.03 0.024 0.081 0.015 0.033 0.034 0.016 0.18 0.09
279 L 0.059 0.025 0.022 0.022 0.016 0.019 0.026 0.029 0.011 0.147 0.224 0.03 0.045 0.042 0.017 0.067 0.045 0.006 0.02 0.127
280 L 0.096 0.024 0.017 0.019 0.016 0.017 0.024 0.033 0.012 0.116 0.19 0.028 0.052 0.109 0.016 0.037 0.037 0.008 0.033 0.115
281 L 0.05 0.023 0.02 0.02 0.013 0.017 0.022 0.121 0.017 0.115 0.207 0.027 0.032 0.059 0.015 0.031 0.032 0.01 0.081 0.086
282 L 0.044 0.022 0.018 0.018 0.014 0.015 0.021 0.024 0.012 0.137 0.225 0.025 0.035 0.135 0.015 0.032 0.062 0.009 0.037 0.099
283 L 0.094 0.027 0.028 0.028 0.015 0.021 0.03 0.101 0.012 0.085 0.147 0.035 0.025 0.03 0.082 0.073 0.071 0.005 0.017 0.073
284 L 0.065 0.025 0.027 0.026 0.076 0.019 0.027 0.096 0.012 0.09 0.173 0.031 0.028 0.057 0.018 0.085 0.044 0.006 0.022 0.074
285 L 0.051 0.02 0.018 0.018 0.136 0.014 0.019 0.087 0.01 0.1 0.202 0.023 0.031 0.083 0.014 0.031 0.032 0.007 0.026 0.08
286 L 0.05 0.02 0.019 0.02 0.013 0.015 0.022 0.087 0.012 0.128 0.141 0.026 0.027 0.127 0.076 0.031 0.034 0.008 0.034 0.111
287 L 0.049 0.024 0.019 0.019 0.015 0.016 0.023 0.026 0.012 0.096 0.248 0.026 0.036 0.135 0.015 0.043 0.05 0.009 0.037 0.103
288 L 0.058 0.024 0.022 0.023 0.016 0.018 0.025 0.029 0.011 0.157 0.203 0.03 0.034 0.04 0.018 0.061 0.072 0.006 0.02 0.133
289 V 0.119 0.023 0.018 0.02 0.017 0.017 0.025 0.036 0.011 0.129 0.145 0.028 0.029 0.081 0.018 0.041 0.042 0.007 0.028 0.166
290 L 0.06 0.026 0.028 0.026 0.013 0.019 0.029 0.096 0.018 0.058 0.149 0.032 0.025 0.138 0.017 0.084 0.041 0.011 0.075 0.055
291 L 0.087 0.026 0.024 0.024 0.014 0.019 0.027 0.098 0.014 0.066 0.166 0.031 0.047 0.128 0.017 0.064 0.039 0.009 0.035 0.064
292 L 0.059 0.025 0.022 0.021 0.017 0.018 0.025 0.027 0.01 0.137 0.182 0.029 0.033 0.037 0.018 0.043 0.099 0.006 0.02 0.172
293 N 0.041 0.042 0.306 0.122 0.009 0.032 0.053 0.061 0.029 0.022 0.03 0.051 0.011 0.017 0.02 0.065 0.046 0.004 0.015 0.026
294 Y 0.092 0.038 0.03 0.029 0.013 0.026 0.038 0.043 0.023 0.067 0.066 0.069 0.019 0.054 0.021 0.092 0.045 0.074 0.104 0.059
295 L 0.044 0.02 0.014 0.016 0.016 0.014 0.018 0.02 0.009 0.204 0.279 0.024 0.042 0.048 0.014 0.024 0.035 0.006 0.021 0.132
296 A 0.288 0.031 0.028 0.031 0.02 0.026 0.041 0.074 0.015 0.04 0.055 0.044 0.017 0.021 0.029 0.103 0.052 0.005 0.017 0.063
297 S 0.122 0.04 0.046 0.043 0.016 0.056 0.052 0.12 0.019 0.029 0.042 0.053 0.015 0.019 0.027 0.177 0.064 0.005 0.016 0.041
298 L 0.04 0.021 0.015 0.016 0.014 0.014 0.019 0.022 0.011 0.14 0.245 0.022 0.037 0.139 0.013 0.024 0.031 0.04 0.04 0.098
299 S 0.106 0.039 0.052 0.047 0.017 0.032 0.051 0.064 0.019 0.029 0.04 0.052 0.015 0.02 0.029 0.246 0.079 0.005 0.017 0.04
300 G 0.076 0.022 0.038 0.033 0.01 0.018 0.025 0.527 0.013 0.018 0.027 0.033 0.009 0.016 0.018 0.05 0.029 0.005 0.01 0.023
301 A 0.314 0.03 0.025 0.029 0.021 0.025 0.039 0.076 0.014 0.042 0.057 0.043 0.017 0.021 0.029 0.082 0.048 0.005 0.017 0.066
302 R 0.043 0.367 0.037 0.03 0.008 0.047 0.051 0.032 0.023 0.023 0.045 0.116 0.015 0.017 0.019 0.043 0.034 0.006 0.017 0.03
303 A 0.158 0.029 0.027 0.035 0.016 0.027 0.069 0.11 0.014 0.057 0.061 0.042 0.017 0.021 0.085 0.061 0.056 0.005 0.016 0.095
304 F 0.115 0.025 0.022 0.022 0.015 0.018 0.027 0.039 0.017 0.094 0.094 0.031 0.023 0.135 0.019 0.049 0.066 0.011 0.075 0.102
305 N 0.097 0.038 0.12 0.103 0.013 0.034 0.085 0.056 0.021 0.03 0.041 0.051 0.014 0.019 0.025 0.113 0.08 0.005 0.016 0.04
306 N 0.078 0.038 0.119 0.109 0.011 0.037 0.118 0.112 0.022 0.024 0.034 0.053 0.012 0.017 0.023 0.094 0.047 0.005 0.015 0.032
307 G 0.073 0.03 0.08 0.088 0.012 0.025 0.042 0.23 0.017 0.039 0.043 0.04 0.013 0.019 0.021 0.099 0.047 0.005 0.014 0.062
308 S 0.11 0.04 0.054 0.049 0.018 0.033 0.053 0.066 0.019 0.03 0.042 0.054 0.016 0.021 0.03 0.218 0.082 0.005 0.018 0.042
309 G 0.072 0.046 0.042 0.058 0.011 0.042 0.148 0.166 0.02 0.023 0.036 0.086 0.013 0.017 0.024 0.1 0.045 0.005 0.015 0.031
310 G 0.07 0.031 0.072 0.037 0.014 0.024 0.034 0.135 0.016 0.078 0.115 0.039 0.042 0.029 0.02 0.105 0.05 0.006 0.017 0.064
311 G 0.059 0.026 0.054 0.217 0.009 0.024 0.058 0.279 0.016 0.021 0.028 0.039 0.009 0.015 0.021 0.051 0.032 0.005 0.011 0.024
312 F 0.046 0.021 0.021 0.02 0.012 0.014 0.023 0.029 0.016 0.069 0.104 0.023 0.024 0.313 0.013 0.053 0.034 0.014 0.069 0.082
313 L 0.04 0.025 0.017 0.016 0.012 0.018 0.023 0.023 0.024 0.075 0.23 0.026 0.033 0.081 0.013 0.026 0.029 0.077 0.147 0.067
314 E 0.09 0.05 0.043 0.105 0.011 0.056 0.135 0.045 0.045 0.03 0.043 0.092 0.015 0.018 0.025 0.061 0.071 0.005 0.019 0.04
315 K 0.062 0.082 0.042 0.04 0.012 0.044 0.06 0.043 0.018 0.036 0.05 0.205 0.017 0.018 0.027 0.066 0.111 0.005 0.017 0.045
316 A 0.098 0.042 0.032 0.032 0.014 0.053 0.046 0.044 0.017 0.083 0.078 0.076 0.022 0.072 0.022 0.095 0.049 0.007 0.027 0.091
317 V 0.055 0.019 0.015 0.017 0.016 0.014 0.02 0.022 0.009 0.198 0.138 0.023 0.032 0.084 0.015 0.028 0.041 0.007 0.028 0.217
318 S 0.08 0.037 0.04 0.049 0.015 0.036 0.111 0.046 0.018 0.054 0.094 0.051 0.021 0.025 0.024 0.143 0.059 0.005 0.018 0.076
319 E 0.046 0.039 0.075 0.11 0.008 0.043 0.183 0.036 0.026 0.029 0.047 0.054 0.014 0.079 0.021 0.048 0.034 0.009 0.065 0.034
320 I 0.054 0.023 0.021 0.022 0.016 0.017 0.023 0.026 0.01 0.195 0.162 0.029 0.032 0.038 0.017 0.041 0.097 0.006 0.019 0.151
