#Seq2Logo.py -f /work3/idamei/ssn-clusterings/clustering/2205181304/clusters/0005_2/sequences.afa -o /work3/idamei/ssn-clusterings/clustering/2205181304/clusters/0005_2/sequences.logo
#Position Specific Frequency Matrix
A R N D C Q E G H I L K M F P S T W Y V
0 L 0.051 0.032 0.02 0.02 0.016 0.028 0.028 0.028 0.016 0.099 0.194 0.036 0.173 0.047 0.016 0.036 0.04 0.008 0.024 0.091
1 S 0.147 0.036 0.044 0.041 0.018 0.029 0.045 0.063 0.017 0.038 0.051 0.049 0.017 0.021 0.029 0.159 0.117 0.005 0.017 0.055
2 L 0.05 0.023 0.017 0.017 0.015 0.017 0.022 0.023 0.018 0.15 0.187 0.026 0.034 0.065 0.015 0.028 0.037 0.011 0.098 0.149
3 L 0.052 0.025 0.016 0.017 0.017 0.019 0.023 0.023 0.011 0.122 0.273 0.028 0.075 0.048 0.015 0.029 0.039 0.007 0.022 0.14
4 L 0.043 0.036 0.024 0.024 0.011 0.069 0.042 0.028 0.025 0.061 0.153 0.041 0.028 0.148 0.016 0.034 0.032 0.014 0.114 0.057
5 I 0.107 0.021 0.018 0.02 0.016 0.015 0.023 0.036 0.012 0.167 0.125 0.027 0.029 0.126 0.017 0.04 0.038 0.008 0.036 0.118
6 G 0.076 0.029 0.037 0.034 0.015 0.023 0.033 0.161 0.014 0.096 0.075 0.039 0.02 0.026 0.022 0.099 0.102 0.006 0.016 0.077
7 T 0.073 0.036 0.043 0.038 0.018 0.028 0.039 0.043 0.014 0.053 0.065 0.045 0.02 0.024 0.028 0.093 0.246 0.006 0.018 0.071
8 L 0.109 0.022 0.017 0.02 0.017 0.017 0.024 0.035 0.01 0.18 0.194 0.029 0.035 0.041 0.018 0.039 0.04 0.006 0.02 0.128
9 I 0.13 0.022 0.018 0.021 0.018 0.017 0.025 0.039 0.011 0.2 0.13 0.03 0.03 0.036 0.02 0.045 0.043 0.006 0.019 0.139
10 L 0.041 0.022 0.015 0.016 0.014 0.014 0.02 0.022 0.012 0.097 0.292 0.023 0.041 0.167 0.013 0.024 0.03 0.01 0.044 0.082
11 C 0.051 0.019 0.016 0.016 0.252 0.013 0.018 0.028 0.011 0.066 0.156 0.021 0.027 0.122 0.014 0.032 0.033 0.008 0.033 0.065
12 G 0.066 0.025 0.031 0.029 0.014 0.019 0.028 0.157 0.014 0.098 0.087 0.032 0.022 0.119 0.018 0.083 0.044 0.008 0.034 0.073
13 I 0.046 0.019 0.014 0.017 0.016 0.014 0.018 0.02 0.009 0.24 0.22 0.024 0.039 0.046 0.014 0.024 0.038 0.006 0.021 0.154
14 L 0.112 0.024 0.018 0.02 0.017 0.017 0.025 0.037 0.012 0.095 0.171 0.028 0.031 0.127 0.017 0.041 0.039 0.009 0.037 0.124
15 A 0.204 0.035 0.039 0.039 0.019 0.029 0.046 0.071 0.017 0.036 0.05 0.049 0.016 0.021 0.029 0.158 0.065 0.005 0.017 0.055
16 V 0.063 0.022 0.016 0.017 0.018 0.016 0.022 0.023 0.009 0.15 0.192 0.026 0.036 0.04 0.016 0.03 0.045 0.006 0.021 0.233
17 V 0.069 0.022 0.016 0.018 0.019 0.016 0.023 0.024 0.008 0.162 0.128 0.026 0.031 0.035 0.016 0.032 0.049 0.005 0.02 0.28
18 G 0.141 0.029 0.039 0.036 0.015 0.024 0.035 0.294 0.015 0.027 0.039 0.041 0.013 0.018 0.024 0.104 0.047 0.005 0.014 0.039
19 Y 0.05 0.027 0.02 0.019 0.013 0.022 0.026 0.025 0.029 0.087 0.114 0.031 0.06 0.085 0.016 0.032 0.036 0.017 0.175 0.116
20 R 0.045 0.124 0.028 0.026 0.011 0.031 0.039 0.03 0.017 0.099 0.092 0.112 0.023 0.118 0.018 0.037 0.034 0.008 0.035 0.073
21 V 0.061 0.045 0.029 0.028 0.015 0.027 0.037 0.032 0.013 0.131 0.1 0.096 0.026 0.029 0.021 0.05 0.096 0.006 0.019 0.139
22 E 0.054 0.049 0.04 0.089 0.007 0.064 0.307 0.034 0.025 0.022 0.036 0.074 0.013 0.016 0.025 0.054 0.036 0.005 0.016 0.031
23 K 0.053 0.168 0.04 0.038 0.008 0.051 0.065 0.04 0.021 0.026 0.043 0.246 0.015 0.016 0.025 0.051 0.038 0.005 0.017 0.032
24 N 0.07 0.056 0.116 0.052 0.013 0.036 0.052 0.054 0.021 0.033 0.045 0.11 0.015 0.019 0.026 0.111 0.107 0.005 0.017 0.043
25 L 0.052 0.032 0.02 0.02 0.016 0.028 0.028 0.028 0.016 0.1 0.197 0.036 0.161 0.048 0.016 0.036 0.04 0.008 0.024 0.092
26 I 0.048 0.02 0.015 0.017 0.015 0.014 0.02 0.024 0.01 0.189 0.128 0.024 0.03 0.045 0.013 0.026 0.037 0.129 0.032 0.164
27 I 0.043 0.018 0.015 0.017 0.015 0.012 0.018 0.021 0.011 0.227 0.152 0.022 0.033 0.132 0.013 0.025 0.036 0.009 0.037 0.144
28 N 0.042 0.044 0.327 0.082 0.009 0.033 0.049 0.064 0.031 0.022 0.031 0.053 0.011 0.018 0.02 0.069 0.049 0.004 0.015 0.027
29 P 0.056 0.025 0.023 0.031 0.01 0.02 0.036 0.036 0.013 0.025 0.036 0.041 0.01 0.013 0.501 0.043 0.036 0.003 0.013 0.031
30 L 0.051 0.022 0.015 0.016 0.017 0.015 0.02 0.022 0.009 0.168 0.266 0.025 0.041 0.047 0.015 0.026 0.038 0.006 0.021 0.161
31 T 0.081 0.036 0.045 0.04 0.017 0.029 0.042 0.048 0.015 0.047 0.058 0.047 0.018 0.023 0.028 0.126 0.213 0.006 0.017 0.063
32 L 0.051 0.02 0.015 0.017 0.017 0.015 0.019 0.021 0.009 0.21 0.211 0.024 0.038 0.044 0.015 0.026 0.04 0.006 0.021 0.181
33 F 0.033 0.019 0.017 0.017 0.01 0.01 0.019 0.025 0.017 0.062 0.113 0.019 0.025 0.396 0.01 0.025 0.025 0.017 0.087 0.054
34 C 0.086 0.028 0.035 0.032 0.254 0.022 0.034 0.049 0.013 0.037 0.053 0.037 0.016 0.02 0.023 0.136 0.058 0.005 0.015 0.049
35 G 0.12 0.023 0.024 0.024 0.015 0.018 0.027 0.161 0.013 0.071 0.082 0.03 0.021 0.117 0.019 0.048 0.038 0.008 0.034 0.106
36 L 0.053 0.03 0.021 0.034 0.015 0.028 0.092 0.025 0.013 0.103 0.234 0.037 0.035 0.04 0.017 0.034 0.038 0.006 0.02 0.125
37 W 0.03 0.022 0.015 0.015 0.007 0.015 0.022 0.03 0.015 0.03 0.052 0.022 0.015 0.06 0.007 0.022 0.022 0.5 0.067 0.03
38 G 0.134 0.031 0.034 0.033 0.016 0.026 0.036 0.172 0.016 0.047 0.08 0.041 0.054 0.026 0.023 0.1 0.05 0.006 0.017 0.056
39 V 0.121 0.023 0.018 0.02 0.019 0.018 0.026 0.037 0.01 0.162 0.12 0.03 0.029 0.034 0.019 0.043 0.046 0.005 0.02 0.2
40 V 0.058 0.02 0.015 0.017 0.017 0.015 0.02 0.022 0.008 0.222 0.147 0.024 0.034 0.039 0.015 0.029 0.044 0.006 0.02 0.227
41 L 0.051 0.022 0.015 0.016 0.017 0.015 0.02 0.022 0.009 0.168 0.266 0.025 0.041 0.047 0.015 0.026 0.038 0.006 0.021 0.161
42 L 0.039 0.021 0.015 0.016 0.013 0.013 0.019 0.023 0.013 0.088 0.249 0.022 0.037 0.225 0.012 0.024 0.029 0.012 0.055 0.074
43 F 0.036 0.02 0.016 0.016 0.012 0.012 0.019 0.024 0.015 0.075 0.181 0.02 0.031 0.31 0.011 0.025 0.027 0.014 0.071 0.064
44 S 0.108 0.04 0.053 0.048 0.017 0.033 0.052 0.065 0.019 0.029 0.041 0.053 0.015 0.021 0.029 0.231 0.081 0.005 0.017 0.041
45 S 0.147 0.036 0.044 0.041 0.018 0.029 0.045 0.063 0.017 0.038 0.051 0.049 0.017 0.021 0.029 0.159 0.117 0.005 0.017 0.055
46 L 0.052 0.034 0.101 0.038 0.015 0.026 0.034 0.039 0.018 0.072 0.168 0.04 0.063 0.036 0.019 0.055 0.095 0.006 0.02 0.071
47 G 0.126 0.034 0.037 0.047 0.014 0.034 0.103 0.168 0.017 0.034 0.047 0.049 0.015 0.019 0.025 0.07 0.093 0.005 0.015 0.048
48 F 0.044 0.034 0.029 0.053 0.009 0.037 0.159 0.03 0.021 0.043 0.075 0.047 0.019 0.203 0.018 0.04 0.031 0.011 0.052 0.043
49 Y 0.052 0.041 0.032 0.03 0.011 0.074 0.049 0.033 0.034 0.041 0.061 0.049 0.019 0.074 0.02 0.052 0.088 0.017 0.173 0.049
50 T 0.061 0.133 0.041 0.036 0.013 0.039 0.05 0.04 0.018 0.039 0.054 0.124 0.017 0.02 0.025 0.07 0.147 0.006 0.017 0.051
51 L 0.046 0.026 0.015 0.016 0.016 0.019 0.022 0.023 0.011 0.11 0.337 0.028 0.08 0.052 0.014 0.027 0.035 0.007 0.022 0.094
52 D 0.044 0.044 0.046 0.127 0.008 0.079 0.068 0.037 0.114 0.028 0.045 0.052 0.016 0.047 0.02 0.045 0.032 0.011 0.104 0.032
53 V 0.055 0.106 0.023 0.021 0.014 0.025 0.031 0.026 0.021 0.098 0.093 0.05 0.024 0.054 0.017 0.035 0.04 0.011 0.096 0.159
54 P 0.119 0.024 0.022 0.027 0.133 0.02 0.032 0.045 0.012 0.034 0.048 0.036 0.013 0.017 0.262 0.053 0.039 0.004 0.014 0.046
55 D 0.126 0.043 0.047 0.133 0.014 0.078 0.071 0.057 0.02 0.03 0.043 0.058 0.016 0.018 0.026 0.105 0.051 0.005 0.016 0.042
56 D 0.039 0.03 0.12 0.228 0.009 0.026 0.062 0.045 0.021 0.032 0.05 0.04 0.014 0.111 0.019 0.049 0.036 0.007 0.031 0.032
57 E 0.068 0.047 0.043 0.079 0.01 0.056 0.243 0.042 0.024 0.024 0.038 0.069 0.013 0.017 0.026 0.099 0.047 0.005 0.017 0.033
58 T 0.066 0.031 0.036 0.032 0.017 0.024 0.033 0.037 0.012 0.11 0.089 0.039 0.024 0.028 0.024 0.075 0.203 0.006 0.018 0.096
59 Y 0.042 0.029 0.096 0.034 0.011 0.022 0.03 0.033 0.033 0.097 0.083 0.034 0.021 0.08 0.016 0.039 0.036 0.016 0.173 0.073
60 L 0.051 0.032 0.028 0.039 0.013 0.029 0.096 0.031 0.016 0.063 0.149 0.041 0.027 0.122 0.019 0.049 0.088 0.009 0.036 0.062
61 W 0.1 0.026 0.019 0.019 0.011 0.019 0.028 0.04 0.023 0.036 0.058 0.03 0.016 0.067 0.015 0.04 0.03 0.258 0.12 0.043
62 I 0.043 0.018 0.015 0.017 0.015 0.012 0.018 0.021 0.011 0.227 0.152 0.022 0.033 0.132 0.013 0.025 0.036 0.009 0.037 0.144
63 L 0.042 0.019 0.015 0.017 0.015 0.013 0.018 0.022 0.011 0.185 0.207 0.023 0.037 0.134 0.013 0.025 0.034 0.009 0.038 0.124
64 L 0.115 0.023 0.017 0.02 0.018 0.018 0.025 0.036 0.01 0.15 0.184 0.029 0.033 0.038 0.018 0.041 0.042 0.006 0.02 0.154
65 G 0.077 0.023 0.039 0.033 0.011 0.019 0.025 0.517 0.013 0.019 0.028 0.033 0.009 0.016 0.019 0.051 0.029 0.005 0.011 0.024
66 V 0.064 0.024 0.022 0.022 0.018 0.018 0.026 0.028 0.01 0.165 0.122 0.03 0.029 0.034 0.019 0.045 0.099 0.006 0.02 0.201
67 L 0.051 0.02 0.015 0.017 0.017 0.015 0.019 0.021 0.009 0.21 0.211 0.024 0.038 0.044 0.015 0.026 0.04 0.006 0.021 0.181
68 F 0.119 0.027 0.028 0.028 0.015 0.02 0.032 0.048 0.017 0.049 0.081 0.034 0.021 0.208 0.02 0.091 0.045 0.011 0.052 0.054
69 F 0.035 0.021 0.018 0.017 0.01 0.013 0.021 0.025 0.024 0.058 0.101 0.022 0.023 0.329 0.012 0.026 0.026 0.019 0.148 0.052
70 V 0.064 0.024 0.022 0.022 0.018 0.018 0.026 0.028 0.01 0.165 0.122 0.03 0.029 0.034 0.019 0.045 0.099 0.006 0.02 0.201
71 L 0.047 0.022 0.015 0.016 0.015 0.015 0.02 0.023 0.011 0.113 0.253 0.024 0.038 0.135 0.014 0.026 0.035 0.009 0.038 0.131
72 G 0.077 0.023 0.039 0.033 0.011 0.019 0.025 0.517 0.013 0.019 0.028 0.033 0.009 0.016 0.019 0.051 0.029 0.005 0.011 0.024
73 Y 0.038 0.025 0.02 0.018 0.009 0.019 0.025 0.025 0.039 0.048 0.079 0.028 0.02 0.196 0.014 0.029 0.027 0.025 0.268 0.048
74 Y 0.04 0.023 0.019 0.018 0.011 0.017 0.023 0.024 0.029 0.108 0.103 0.026 0.025 0.174 0.014 0.028 0.03 0.019 0.191 0.08
75 F 0.033 0.019 0.017 0.017 0.01 0.01 0.019 0.025 0.017 0.062 0.113 0.019 0.025 0.396 0.01 0.025 0.025 0.017 0.087 0.054
76 N 0.049 0.067 0.185 0.063 0.009 0.086 0.067 0.053 0.028 0.024 0.038 0.121 0.014 0.016 0.023 0.061 0.044 0.005 0.017 0.03
77 K 0.066 0.151 0.043 0.04 0.01 0.046 0.061 0.046 0.021 0.027 0.043 0.187 0.015 0.017 0.026 0.095 0.048 0.005 0.017 0.034
78 L 0.127 0.05 0.033 0.033 0.016 0.032 0.045 0.052 0.016 0.053 0.132 0.103 0.024 0.028 0.025 0.098 0.05 0.006 0.018 0.059
79 F 0.036 0.02 0.016 0.016 0.012 0.012 0.019 0.024 0.015 0.075 0.181 0.02 0.031 0.31 0.011 0.025 0.027 0.014 0.071 0.064
80 F 0.037 0.021 0.016 0.016 0.012 0.012 0.019 0.024 0.014 0.08 0.203 0.021 0.033 0.28 0.012 0.025 0.028 0.013 0.066 0.068
81 R 0.045 0.345 0.039 0.031 0.008 0.048 0.052 0.033 0.023 0.023 0.047 0.12 0.016 0.017 0.019 0.045 0.035 0.006 0.017 0.031
82 S 0.087 0.041 0.144 0.06 0.015 0.033 0.051 0.065 0.023 0.027 0.038 0.053 0.014 0.02 0.026 0.175 0.07 0.005 0.017 0.037
83 K 0.054 0.083 0.034 0.035 0.01 0.043 0.057 0.037 0.017 0.091 0.073 0.222 0.021 0.022 0.024 0.046 0.039 0.005 0.018 0.068
84 I 0.046 0.024 0.018 0.018 0.014 0.019 0.023 0.023 0.02 0.176 0.148 0.028 0.066 0.066 0.015 0.029 0.036 0.012 0.098 0.121
85 R 0.063 0.136 0.115 0.05 0.011 0.042 0.055 0.051 0.023 0.025 0.04 0.128 0.014 0.018 0.024 0.099 0.051 0.005 0.017 0.033
86 F 0.033 0.019 0.017 0.017 0.01 0.01 0.019 0.025 0.017 0.062 0.113 0.019 0.025 0.396 0.01 0.025 0.025 0.017 0.087 0.054
87 S 0.083 0.034 0.041 0.037 0.017 0.027 0.04 0.049 0.015 0.056 0.133 0.044 0.025 0.03 0.025 0.145 0.113 0.006 0.018 0.062
88 F 0.045 0.021 0.016 0.016 0.014 0.013 0.02 0.024 0.013 0.1 0.185 0.022 0.033 0.22 0.013 0.027 0.033 0.011 0.054 0.121
89 G 0.069 0.046 0.035 0.032 0.014 0.029 0.039 0.157 0.014 0.065 0.066 0.098 0.019 0.022 0.022 0.057 0.094 0.005 0.016 0.101
90 G 0.058 0.069 0.112 0.049 0.009 0.039 0.053 0.167 0.021 0.024 0.036 0.166 0.013 0.016 0.023 0.056 0.039 0.005 0.015 0.029
91 K 0.046 0.07 0.037 0.034 0.008 0.04 0.054 0.038 0.105 0.027 0.044 0.161 0.015 0.03 0.02 0.042 0.032 0.129 0.039 0.029
92 T 0.061 0.118 0.041 0.048 0.013 0.041 0.109 0.038 0.019 0.037 0.053 0.071 0.017 0.02 0.025 0.07 0.146 0.006 0.017 0.05
93 N 0.05 0.035 0.109 0.043 0.012 0.028 0.039 0.041 0.104 0.095 0.075 0.042 0.02 0.029 0.02 0.057 0.093 0.006 0.027 0.073
94 L 0.052 0.025 0.019 0.02 0.014 0.019 0.027 0.026 0.019 0.086 0.154 0.031 0.027 0.058 0.137 0.033 0.036 0.011 0.096 0.113
95 S 0.097 0.038 0.05 0.045 0.017 0.031 0.048 0.058 0.017 0.037 0.049 0.051 0.017 0.022 0.029 0.182 0.139 0.005 0.017 0.051
96 C 0.062 0.102 0.027 0.024 0.25 0.023 0.027 0.153 0.013 0.032 0.05 0.048 0.014 0.018 0.017 0.044 0.034 0.005 0.013 0.042
97 K 0.049 0.071 0.119 0.142 0.008 0.042 0.07 0.049 0.023 0.025 0.036 0.169 0.013 0.016 0.024 0.056 0.04 0.005 0.015 0.029
98 E 0.052 0.068 0.113 0.065 0.008 0.094 0.132 0.045 0.026 0.024 0.039 0.127 0.015 0.016 0.024 0.058 0.041 0.005 0.017 0.031
99 V 0.063 0.021 0.016 0.018 0.018 0.015 0.022 0.023 0.008 0.192 0.138 0.025 0.032 0.037 0.016 0.03 0.046 0.006 0.02 0.253
100 A 0.174 0.04 0.033 0.06 0.014 0.045 0.17 0.056 0.02 0.032 0.048 0.06 0.015 0.019 0.028 0.07 0.043 0.005 0.017 0.05
101 Y 0.04 0.028 0.022 0.019 0.009 0.022 0.028 0.025 0.047 0.044 0.068 0.031 0.019 0.131 0.016 0.031 0.028 0.028 0.318 0.047
102 K 0.057 0.107 0.042 0.042 0.009 0.054 0.071 0.043 0.021 0.028 0.043 0.278 0.016 0.016 0.028 0.054 0.04 0.005 0.017 0.033
103 A 0.129 0.03 0.029 0.028 0.017 0.024 0.036 0.048 0.022 0.069 0.074 0.038 0.021 0.051 0.023 0.095 0.052 0.011 0.096 0.109
104 I 0.053 0.022 0.022 0.022 0.016 0.017 0.023 0.026 0.01 0.224 0.14 0.029 0.032 0.038 0.018 0.041 0.094 0.006 0.02 0.148
105 P 0.056 0.025 0.023 0.031 0.01 0.02 0.036 0.036 0.013 0.025 0.036 0.041 0.01 0.013 0.501 0.043 0.036 0.003 0.013 0.031
106 R 0.044 0.355 0.038 0.031 0.008 0.048 0.052 0.032 0.023 0.023 0.046 0.118 0.015 0.017 0.019 0.044 0.034 0.006 0.017 0.031
107 Y 0.04 0.028 0.021 0.018 0.009 0.021 0.028 0.025 0.046 0.043 0.067 0.031 0.018 0.129 0.015 0.031 0.028 0.028 0.328 0.046
108 R 0.066 0.143 0.044 0.042 0.011 0.09 0.069 0.045 0.023 0.026 0.044 0.138 0.017 0.017 0.025 0.096 0.049 0.005 0.018 0.035
109 L 0.051 0.027 0.021 0.02 0.016 0.019 0.025 0.026 0.011 0.098 0.305 0.03 0.042 0.046 0.017 0.041 0.089 0.007 0.021 0.089
110 L 0.044 0.024 0.014 0.015 0.016 0.016 0.02 0.021 0.01 0.114 0.385 0.025 0.049 0.054 0.014 0.024 0.033 0.007 0.022 0.095
111 Y 0.041 0.031 0.096 0.033 0.011 0.023 0.031 0.034 0.033 0.055 0.138 0.035 0.024 0.082 0.016 0.039 0.034 0.017 0.173 0.053
112 F 0.052 0.023 0.023 0.022 0.014 0.016 0.025 0.029 0.014 0.085 0.104 0.027 0.025 0.213 0.016 0.043 0.089 0.011 0.053 0.115
113 L 0.041 0.023 0.015 0.015 0.015 0.015 0.02 0.022 0.012 0.101 0.317 0.023 0.043 0.139 0.013 0.024 0.031 0.009 0.038 0.085
114 G 0.132 0.029 0.033 0.031 0.016 0.023 0.034 0.17 0.014 0.051 0.128 0.039 0.023 0.028 0.023 0.097 0.048 0.006 0.017 0.057
115 A 0.128 0.028 0.028 0.028 0.017 0.021 0.033 0.048 0.015 0.074 0.085 0.035 0.022 0.118 0.021 0.093 0.051 0.008 0.036 0.111
116 I 0.052 0.018 0.015 0.017 0.017 0.014 0.019 0.021 0.009 0.252 0.156 0.024 0.035 0.041 0.015 0.027 0.042 0.006 0.02 0.2
117 C 0.064 0.016 0.016 0.016 0.491 0.012 0.016 0.032 0.008 0.044 0.064 0.02 0.016 0.02 0.016 0.04 0.036 0.004 0.012 0.056
118 L 0.047 0.023 0.016 0.017 0.016 0.017 0.021 0.022 0.011 0.194 0.227 0.027 0.074 0.047 0.015 0.027 0.038 0.007 0.022 0.133
119 L 0.048 0.02 0.015 0.017 0.015 0.014 0.02 0.023 0.011 0.155 0.198 0.023 0.035 0.132 0.014 0.027 0.036 0.009 0.038 0.151
120 F 0.038 0.021 0.017 0.017 0.012 0.014 0.021 0.024 0.022 0.112 0.114 0.023 0.026 0.241 0.013 0.026 0.029 0.017 0.131 0.082
121 F 0.121 0.029 0.029 0.028 0.015 0.022 0.034 0.048 0.024 0.044 0.07 0.037 0.019 0.142 0.021 0.093 0.046 0.014 0.112 0.052
122 L 0.109 0.024 0.017 0.019 0.017 0.018 0.024 0.035 0.011 0.138 0.248 0.029 0.038 0.043 0.018 0.039 0.039 0.006 0.02 0.108
123 F 0.045 0.095 0.03 0.028 0.009 0.034 0.044 0.032 0.026 0.039 0.067 0.135 0.018 0.139 0.019 0.039 0.032 0.014 0.112 0.041
124 D 0.058 0.036 0.129 0.236 0.01 0.031 0.07 0.055 0.022 0.024 0.032 0.049 0.011 0.017 0.023 0.101 0.05 0.004 0.014 0.029
125 L 0.047 0.022 0.015 0.016 0.015 0.015 0.02 0.023 0.011 0.113 0.253 0.024 0.038 0.135 0.014 0.026 0.035 0.009 0.038 0.131
126 L 0.042 0.019 0.015 0.017 0.015 0.013 0.018 0.022 0.011 0.185 0.207 0.023 0.037 0.134 0.013 0.025 0.034 0.009 0.038 0.124
127 N 0.04 0.033 0.171 0.049 0.011 0.023 0.034 0.044 0.022 0.055 0.14 0.037 0.024 0.121 0.016 0.047 0.039 0.008 0.035 0.051
128 V 0.063 0.026 0.022 0.022 0.018 0.019 0.026 0.028 0.01 0.123 0.176 0.03 0.033 0.037 0.018 0.045 0.097 0.006 0.02 0.181
129 V 0.061 0.024 0.023 0.022 0.016 0.018 0.026 0.029 0.012 0.11 0.108 0.029 0.027 0.122 0.018 0.045 0.095 0.008 0.036 0.171
130 R 0.06 0.193 0.036 0.031 0.012 0.036 0.044 0.038 0.019 0.047 0.129 0.079 0.024 0.027 0.02 0.086 0.046 0.006 0.018 0.049
131 R 0.049 0.136 0.113 0.051 0.008 0.133 0.076 0.044 0.028 0.024 0.042 0.088 0.017 0.016 0.021 0.056 0.041 0.005 0.018 0.032
132 G 0.139 0.029 0.033 0.032 0.017 0.023 0.035 0.171 0.014 0.063 0.064 0.039 0.018 0.023 0.023 0.1 0.052 0.005 0.016 0.103
133 G 0.077 0.023 0.039 0.033 0.011 0.019 0.025 0.517 0.013 0.019 0.028 0.033 0.009 0.016 0.019 0.051 0.029 0.005 0.011 0.024
134 T 0.074 0.033 0.038 0.034 0.017 0.026 0.037 0.043 0.014 0.062 0.139 0.042 0.026 0.03 0.024 0.11 0.157 0.006 0.019 0.069
135 L 0.039 0.021 0.015 0.016 0.013 0.013 0.019 0.023 0.013 0.088 0.249 0.022 0.037 0.225 0.012 0.024 0.029 0.012 0.055 0.074
136 N 0.045 0.051 0.256 0.073 0.009 0.081 0.062 0.058 0.031 0.023 0.035 0.062 0.013 0.017 0.021 0.065 0.047 0.005 0.017 0.029
137 L 0.044 0.024 0.014 0.015 0.016 0.016 0.02 0.021 0.01 0.114 0.385 0.025 0.049 0.054 0.014 0.024 0.033 0.007 0.022 0.095
138 G 0.069 0.106 0.038 0.033 0.01 0.026 0.032 0.396 0.016 0.02 0.032 0.055 0.011 0.016 0.019 0.049 0.031 0.005 0.012 0.026
139 T 0.063 0.03 0.031 0.027 0.016 0.023 0.032 0.034 0.02 0.078 0.081 0.036 0.022 0.053 0.022 0.061 0.148 0.011 0.096 0.116
140 L 0.047 0.023 0.016 0.017 0.016 0.017 0.021 0.022 0.011 0.194 0.227 0.027 0.074 0.047 0.015 0.027 0.038 0.007 0.022 0.133
141 Q 0.055 0.072 0.043 0.046 0.009 0.226 0.101 0.041 0.029 0.026 0.046 0.09 0.02 0.014 0.023 0.055 0.041 0.006 0.02 0.035
142 A 0.175 0.122 0.033 0.034 0.015 0.081 0.058 0.057 0.02 0.034 0.052 0.074 0.018 0.019 0.025 0.067 0.043 0.006 0.018 0.05
143 L 0.047 0.028 0.019 0.019 0.015 0.023 0.025 0.027 0.016 0.09 0.174 0.031 0.136 0.135 0.015 0.033 0.036 0.01 0.04 0.082
144 L 0.044 0.024 0.014 0.015 0.016 0.016 0.02 0.021 0.01 0.114 0.385 0.025 0.049 0.054 0.014 0.024 0.033 0.007 0.022 0.095
145 Q 0.052 0.143 0.042 0.042 0.008 0.182 0.089 0.039 0.027 0.025 0.046 0.097 0.019 0.015 0.022 0.052 0.039 0.006 0.02 0.034
146 G 0.084 0.031 0.04 0.036 0.015 0.025 0.037 0.167 0.015 0.048 0.124 0.041 0.022 0.028 0.023 0.134 0.056 0.006 0.017 0.05
147 G 0.085 0.027 0.042 0.037 0.012 0.022 0.032 0.404 0.015 0.021 0.031 0.038 0.011 0.017 0.021 0.096 0.042 0.005 0.012 0.028
148 E 0.055 0.041 0.048 0.155 0.01 0.046 0.186 0.039 0.021 0.03 0.041 0.059 0.013 0.018 0.025 0.063 0.091 0.005 0.015 0.039
149 Y 0.043 0.024 0.018 0.017 0.013 0.018 0.023 0.023 0.028 0.12 0.171 0.027 0.03 0.089 0.015 0.028 0.032 0.017 0.175 0.09
150 V 0.07 0.028 0.03 0.027 0.018 0.022 0.031 0.034 0.011 0.107 0.096 0.035 0.025 0.029 0.022 0.062 0.153 0.006 0.019 0.175
151 I 0.077 0.028 0.034 0.033 0.017 0.023 0.035 0.043 0.014 0.156 0.103 0.038 0.026 0.032 0.022 0.128 0.06 0.005 0.019 0.108
152 N 0.052 0.046 0.178 0.057 0.011 0.077 0.055 0.048 0.025 0.058 0.059 0.055 0.018 0.021 0.02 0.056 0.047 0.005 0.018 0.092
153 D 0.059 0.117 0.122 0.142 0.01 0.036 0.06 0.052 0.023 0.024 0.036 0.067 0.013 0.018 0.023 0.099 0.05 0.005 0.015 0.031
154 N 0.075 0.042 0.19 0.065 0.013 0.033 0.05 0.065 0.025 0.026 0.036 0.053 0.013 0.019 0.025 0.15 0.065 0.005 0.016 0.034
155 S 0.156 0.037 0.046 0.043 0.018 0.031 0.049 0.068 0.018 0.033 0.046 0.051 0.016 0.021 0.029 0.195 0.073 0.005 0.017 0.048
156 I 0.046 0.017 0.014 0.017 0.016 0.013 0.017 0.02 0.009 0.282 0.165 0.023 0.036 0.044 0.014 0.025 0.039 0.006 0.02 0.174
157 E 0.056 0.034 0.028 0.053 0.012 0.039 0.164 0.028 0.017 0.122 0.092 0.049 0.023 0.028 0.02 0.041 0.04 0.006 0.018 0.129
158 N 0.075 0.042 0.19 0.065 0.013 0.033 0.05 0.065 0.025 0.026 0.036 0.053 0.013 0.019 0.025 0.15 0.065 0.005 0.016 0.034
159 A 0.234 0.028 0.023 0.026 0.019 0.022 0.035 0.064 0.015 0.048 0.072 0.038 0.019 0.115 0.025 0.069 0.043 0.008 0.035 0.064
160 L 0.051 0.02 0.015 0.017 0.017 0.015 0.019 0.021 0.009 0.21 0.211 0.024 0.038 0.044 0.015 0.026 0.04 0.006 0.021 0.181
161 A 0.121 0.033 0.106 0.044 0.014 0.025 0.04 0.058 0.02 0.039 0.061 0.042 0.017 0.114 0.022 0.102 0.051 0.008 0.034 0.047
162 L 0.044 0.022 0.014 0.016 0.016 0.015 0.019 0.021 0.01 0.156 0.33 0.025 0.046 0.051 0.014 0.024 0.034 0.007 0.022 0.115
163 L 0.041 0.023 0.015 0.015 0.015 0.015 0.02 0.022 0.012 0.101 0.317 0.023 0.043 0.139 0.013 0.024 0.031 0.009 0.038 0.085
164 L 0.048 0.02 0.015 0.017 0.015 0.014 0.02 0.023 0.011 0.155 0.198 0.023 0.035 0.132 0.014 0.027 0.036 0.009 0.038 0.151
165 I 0.052 0.018 0.015 0.017 0.017 0.014 0.019 0.021 0.009 0.252 0.156 0.024 0.035 0.041 0.015 0.027 0.042 0.006 0.02 0.2
166 E 0.072 0.049 0.045 0.055 0.013 0.087 0.125 0.046 0.022 0.032 0.047 0.066 0.017 0.019 0.026 0.108 0.104 0.006 0.018 0.044
167 P 0.056 0.025 0.023 0.031 0.01 0.02 0.036 0.036 0.013 0.025 0.036 0.041 0.01 0.013 0.501 0.043 0.036 0.003 0.013 0.031
168 L 0.051 0.02 0.015 0.017 0.017 0.015 0.019 0.021 0.009 0.21 0.211 0.024 0.038 0.044 0.015 0.026 0.04 0.006 0.021 0.181
169 A 0.131 0.115 0.04 0.036 0.016 0.033 0.045 0.054 0.018 0.037 0.052 0.065 0.017 0.021 0.026 0.113 0.105 0.005 0.017 0.052
170 F 0.033 0.019 0.017 0.017 0.01 0.01 0.019 0.025 0.017 0.062 0.113 0.019 0.025 0.396 0.01 0.025 0.025 0.017 0.087 0.054
171 A 0.195 0.031 0.03 0.031 0.02 0.025 0.039 0.061 0.014 0.069 0.072 0.042 0.02 0.025 0.026 0.108 0.057 0.005 0.018 0.114
172 L 0.109 0.024 0.017 0.019 0.017 0.018 0.024 0.035 0.011 0.138 0.248 0.029 0.038 0.043 0.018 0.039 0.039 0.006 0.02 0.108
173 P 0.056 0.025 0.023 0.031 0.01 0.02 0.036 0.036 0.013 0.025 0.036 0.041 0.01 0.013 0.501 0.043 0.036 0.003 0.013 0.031
174 A 0.301 0.031 0.025 0.029 0.021 0.025 0.04 0.077 0.015 0.043 0.059 0.044 0.017 0.021 0.029 0.084 0.049 0.005 0.017 0.068
175 I 0.046 0.017 0.014 0.017 0.016 0.013 0.017 0.02 0.009 0.282 0.165 0.023 0.036 0.044 0.014 0.025 0.039 0.006 0.02 0.174
176 T 0.064 0.026 0.029 0.027 0.136 0.02 0.028 0.034 0.011 0.108 0.089 0.033 0.023 0.028 0.021 0.062 0.148 0.005 0.017 0.093
177 A 0.301 0.031 0.025 0.029 0.021 0.025 0.04 0.077 0.015 0.043 0.059 0.044 0.017 0.021 0.029 0.084 0.049 0.005 0.017 0.068
178 V 0.137 0.028 0.028 0.028 0.019 0.023 0.034 0.048 0.012 0.099 0.089 0.037 0.024 0.028 0.023 0.095 0.057 0.005 0.019 0.167
179 D 0.04 0.029 0.068 0.406 0.007 0.029 0.09 0.046 0.018 0.022 0.028 0.044 0.009 0.015 0.022 0.051 0.035 0.004 0.011 0.024
180 F 0.037 0.018 0.016 0.017 0.012 0.011 0.018 0.024 0.015 0.117 0.126 0.02 0.028 0.308 0.011 0.025 0.029 0.014 0.071 0.084
181 W 0.031 0.021 0.015 0.015 0.008 0.014 0.021 0.029 0.015 0.038 0.067 0.021 0.017 0.144 0.008 0.023 0.023 0.379 0.072 0.036
182 F 0.035 0.021 0.018 0.017 0.01 0.013 0.021 0.025 0.024 0.058 0.101 0.022 0.023 0.329 0.012 0.026 0.026 0.019 0.148 0.052
183 G 0.077 0.023 0.039 0.033 0.011 0.019 0.025 0.517 0.013 0.019 0.028 0.033 0.009 0.016 0.019 0.051 0.029 0.005 0.011 0.024
184 K 0.053 0.154 0.04 0.05 0.008 0.054 0.124 0.038 0.022 0.025 0.042 0.193 0.015 0.016 0.025 0.051 0.037 0.005 0.017 0.032
185 R 0.047 0.292 0.039 0.033 0.008 0.049 0.056 0.035 0.022 0.024 0.045 0.161 0.015 0.017 0.021 0.046 0.036 0.006 0.017 0.031
186 D 0.041 0.037 0.197 0.244 0.008 0.031 0.069 0.055 0.025 0.022 0.029 0.049 0.01 0.016 0.021 0.06 0.042 0.004 0.013 0.025
187 K 0.053 0.168 0.04 0.038 0.008 0.051 0.065 0.04 0.021 0.026 0.043 0.246 0.015 0.016 0.025 0.051 0.038 0.005 0.017 0.032
188 K 0.057 0.15 0.041 0.037 0.011 0.045 0.057 0.04 0.019 0.032 0.049 0.185 0.016 0.018 0.025 0.06 0.093 0.005 0.017 0.041
189 L 0.06 0.028 0.024 0.023 0.016 0.02 0.028 0.032 0.012 0.093 0.299 0.032 0.041 0.046 0.018 0.076 0.045 0.007 0.021 0.081
190 L 0.045 0.021 0.014 0.016 0.016 0.015 0.019 0.021 0.009 0.198 0.275 0.024 0.043 0.049 0.014 0.024 0.036 0.006 0.021 0.134
191 I 0.058 0.023 0.022 0.022 0.017 0.017 0.024 0.027 0.01 0.195 0.131 0.029 0.031 0.036 0.018 0.043 0.096 0.006 0.02 0.174
192 L 0.042 0.019 0.015 0.017 0.015 0.013 0.018 0.022 0.011 0.185 0.207 0.023 0.037 0.134 0.013 0.025 0.034 0.009 0.038 0.124
193 T 0.072 0.035 0.043 0.037 0.018 0.027 0.039 0.043 0.014 0.053 0.064 0.045 0.019 0.023 0.027 0.091 0.258 0.006 0.018 0.07
194 F 0.051 0.02 0.016 0.017 0.015 0.013 0.021 0.025 0.012 0.112 0.12 0.022 0.028 0.216 0.013 0.029 0.037 0.011 0.054 0.167
195 L 0.05 0.02 0.015 0.016 0.135 0.014 0.018 0.024 0.009 0.138 0.25 0.023 0.038 0.043 0.015 0.028 0.035 0.006 0.019 0.105
196 L 0.048 0.028 0.017 0.017 0.016 0.022 0.024 0.024 0.013 0.106 0.289 0.03 0.111 0.051 0.015 0.03 0.036 0.007 0.023 0.093
197 L 0.045 0.021 0.014 0.016 0.016 0.015 0.019 0.021 0.009 0.198 0.275 0.024 0.043 0.049 0.014 0.024 0.036 0.006 0.021 0.134
198 L 0.05 0.023 0.015 0.016 0.017 0.016 0.021 0.022 0.009 0.126 0.321 0.025 0.044 0.049 0.015 0.026 0.037 0.007 0.022 0.141
199 L 0.048 0.02 0.015 0.017 0.015 0.014 0.02 0.023 0.011 0.155 0.198 0.023 0.035 0.132 0.014 0.027 0.036 0.009 0.038 0.151
200 N 0.046 0.137 0.183 0.059 0.008 0.042 0.055 0.051 0.026 0.024 0.038 0.128 0.013 0.017 0.022 0.058 0.043 0.005 0.016 0.029
201 L 0.114 0.031 0.021 0.022 0.017 0.027 0.031 0.04 0.016 0.085 0.16 0.038 0.134 0.041 0.019 0.048 0.042 0.007 0.022 0.085
202 L 0.046 0.026 0.015 0.016 0.016 0.019 0.022 0.023 0.011 0.11 0.337 0.028 0.08 0.052 0.014 0.027 0.035 0.007 0.022 0.094
203 S 0.099 0.038 0.051 0.045 0.017 0.031 0.048 0.06 0.018 0.035 0.047 0.051 0.016 0.021 0.029 0.196 0.125 0.005 0.017 0.048
204 T 0.081 0.036 0.045 0.04 0.017 0.029 0.042 0.048 0.015 0.047 0.058 0.047 0.018 0.023 0.028 0.126 0.213 0.006 0.017 0.063
205 A 0.301 0.031 0.025 0.029 0.021 0.025 0.04 0.077 0.015 0.043 0.059 0.044 0.017 0.021 0.029 0.084 0.049 0.005 0.017 0.068
206 N 0.042 0.044 0.327 0.082 0.009 0.033 0.049 0.064 0.031 0.022 0.031 0.053 0.011 0.018 0.02 0.069 0.049 0.004 0.015 0.027
207 R 0.044 0.355 0.038 0.031 0.008 0.048 0.052 0.032 0.023 0.023 0.046 0.118 0.015 0.017 0.019 0.044 0.034 0.006 0.017 0.031
208 T 0.09 0.037 0.048 0.043 0.017 0.03 0.045 0.054 0.016 0.041 0.053 0.049 0.017 0.022 0.028 0.161 0.169 0.005 0.017 0.056
209 G 0.13 0.031 0.037 0.034 0.017 0.025 0.036 0.17 0.014 0.042 0.054 0.042 0.016 0.021 0.026 0.079 0.148 0.006 0.016 0.058
210 F 0.033 0.019 0.017 0.017 0.01 0.01 0.019 0.025 0.017 0.062 0.113 0.019 0.025 0.396 0.01 0.025 0.025 0.017 0.087 0.054
211 L 0.046 0.024 0.016 0.017 0.016 0.018 0.021 0.022 0.011 0.152 0.282 0.027 0.077 0.05 0.015 0.027 0.036 0.007 0.022 0.114
212 L 0.046 0.024 0.016 0.017 0.016 0.018 0.021 0.022 0.011 0.152 0.282 0.027 0.077 0.05 0.015 0.027 0.036 0.007 0.022 0.114
213 L 0.039 0.021 0.015 0.016 0.013 0.013 0.019 0.023 0.013 0.088 0.249 0.022 0.037 0.225 0.012 0.024 0.029 0.012 0.055 0.074
214 F 0.037 0.018 0.016 0.017 0.012 0.011 0.018 0.024 0.015 0.117 0.126 0.02 0.028 0.308 0.011 0.025 0.029 0.014 0.071 0.084
215 I 0.046 0.017 0.014 0.017 0.016 0.013 0.017 0.02 0.009 0.282 0.165 0.023 0.036 0.044 0.014 0.025 0.039 0.006 0.02 0.174
216 F 0.034 0.022 0.017 0.017 0.009 0.014 0.022 0.026 0.024 0.049 0.086 0.023 0.021 0.245 0.011 0.026 0.025 0.14 0.143 0.046
217 L 0.045 0.021 0.014 0.016 0.016 0.015 0.019 0.021 0.009 0.198 0.275 0.024 0.043 0.049 0.014 0.024 0.036 0.006 0.021 0.134
218 L 0.051 0.02 0.015 0.017 0.017 0.015 0.019 0.021 0.009 0.21 0.211 0.024 0.038 0.044 0.015 0.026 0.04 0.006 0.021 0.181
219 I 0.046 0.019 0.014 0.017 0.016 0.014 0.018 0.02 0.009 0.24 0.22 0.024 0.039 0.046 0.014 0.024 0.038 0.006 0.021 0.154
220 V 0.137 0.028 0.028 0.028 0.019 0.023 0.034 0.048 0.012 0.099 0.089 0.037 0.024 0.028 0.023 0.095 0.057 0.005 0.019 0.167
221 G 0.189 0.027 0.032 0.031 0.016 0.022 0.033 0.297 0.014 0.031 0.043 0.039 0.013 0.019 0.024 0.067 0.039 0.005 0.014 0.046
222 L 0.048 0.043 0.03 0.042 0.01 0.082 0.114 0.03 0.028 0.051 0.134 0.055 0.025 0.053 0.019 0.041 0.034 0.011 0.097 0.052
223 I 0.046 0.017 0.014 0.017 0.016 0.013 0.017 0.02 0.009 0.282 0.165 0.023 0.036 0.044 0.014 0.025 0.039 0.006 0.02 0.174
224 F 0.107 0.046 0.026 0.026 0.012 0.027 0.039 0.042 0.024 0.044 0.07 0.096 0.019 0.14 0.021 0.048 0.035 0.014 0.112 0.05
225 L 0.045 0.021 0.014 0.016 0.016 0.015 0.019 0.021 0.009 0.198 0.275 0.024 0.043 0.049 0.014 0.024 0.036 0.006 0.021 0.134
226 R 0.046 0.133 0.107 0.043 0.009 0.039 0.049 0.041 0.03 0.029 0.047 0.123 0.015 0.045 0.02 0.049 0.037 0.011 0.094 0.034
227 E 0.048 0.061 0.115 0.062 0.008 0.047 0.119 0.045 0.11 0.023 0.037 0.115 0.014 0.02 0.023 0.054 0.038 0.006 0.026 0.028
228 N 0.059 0.121 0.186 0.061 0.011 0.037 0.05 0.057 0.026 0.024 0.037 0.069 0.013 0.018 0.022 0.103 0.053 0.005 0.016 0.031
229 R 0.055 0.209 0.039 0.034 0.009 0.042 0.05 0.156 0.02 0.023 0.041 0.14 0.014 0.016 0.021 0.048 0.034 0.005 0.015 0.029
230 K 0.069 0.089 0.044 0.043 0.011 0.048 0.065 0.048 0.02 0.028 0.042 0.23 0.015 0.017 0.028 0.097 0.05 0.005 0.017 0.035
231 L 0.063 0.048 0.031 0.03 0.014 0.029 0.04 0.037 0.015 0.071 0.213 0.098 0.032 0.036 0.021 0.083 0.046 0.006 0.02 0.066
232 L 0.064 0.047 0.031 0.03 0.014 0.029 0.04 0.037 0.014 0.113 0.158 0.098 0.029 0.033 0.021 0.083 0.048 0.006 0.019 0.086
233 F 0.046 0.054 0.106 0.057 0.009 0.04 0.111 0.042 0.023 0.033 0.056 0.109 0.016 0.111 0.021 0.05 0.037 0.008 0.034 0.036
234 K 0.05 0.068 0.037 0.034 0.01 0.039 0.052 0.036 0.103 0.09 0.072 0.161 0.02 0.026 0.022 0.043 0.036 0.006 0.028 0.065
235 N 0.046 0.039 0.177 0.068 0.01 0.036 0.105 0.046 0.024 0.087 0.066 0.051 0.018 0.024 0.02 0.054 0.043 0.005 0.017 0.065
236 N 0.046 0.049 0.101 0.04 0.011 0.03 0.041 0.038 0.027 0.094 0.077 0.099 0.02 0.051 0.019 0.044 0.039 0.011 0.095 0.07
237 T 0.073 0.036 0.043 0.038 0.018 0.028 0.039 0.043 0.014 0.053 0.065 0.045 0.02 0.024 0.028 0.093 0.246 0.006 0.018 0.071
238 L 0.045 0.024 0.014 0.015 0.016 0.016 0.02 0.021 0.01 0.115 0.375 0.025 0.05 0.055 0.014 0.024 0.033 0.007 0.022 0.096
239 I 0.047 0.018 0.015 0.018 0.016 0.013 0.018 0.021 0.009 0.271 0.168 0.024 0.037 0.044 0.015 0.025 0.04 0.006 0.021 0.177
240 R 0.045 0.345 0.039 0.031 0.008 0.048 0.052 0.033 0.023 0.023 0.047 0.12 0.016 0.017 0.019 0.045 0.035 0.006 0.017 0.031
241 T 0.073 0.036 0.043 0.038 0.018 0.028 0.039 0.043 0.014 0.053 0.065 0.045 0.02 0.024 0.028 0.093 0.246 0.006 0.018 0.071
242 K 0.057 0.107 0.042 0.042 0.009 0.054 0.071 0.043 0.021 0.028 0.043 0.278 0.016 0.016 0.028 0.054 0.04 0.005 0.017 0.033
243 H 0.059 0.121 0.049 0.038 0.01 0.039 0.052 0.043 0.193 0.024 0.041 0.065 0.015 0.024 0.022 0.09 0.042 0.006 0.037 0.029
244 K 0.047 0.063 0.028 0.028 0.011 0.033 0.045 0.033 0.017 0.058 0.146 0.155 0.026 0.12 0.02 0.039 0.034 0.008 0.036 0.053
245 L 0.06 0.111 0.03 0.027 0.014 0.028 0.036 0.035 0.015 0.07 0.214 0.055 0.032 0.036 0.019 0.081 0.045 0.006 0.02 0.065
246 R 0.066 0.143 0.044 0.042 0.011 0.09 0.069 0.045 0.023 0.026 0.044 0.138 0.017 0.017 0.025 0.096 0.049 0.005 0.018 0.035
247 R 0.047 0.215 0.111 0.046 0.008 0.045 0.055 0.043 0.024 0.024 0.041 0.145 0.014 0.017 0.021 0.052 0.039 0.005 0.017 0.03
248 Y 0.043 0.023 0.018 0.018 0.013 0.017 0.023 0.022 0.027 0.162 0.116 0.027 0.027 0.086 0.015 0.028 0.033 0.017 0.174 0.11
249 K 0.056 0.106 0.041 0.041 0.008 0.053 0.07 0.043 0.02 0.027 0.043 0.289 0.015 0.015 0.027 0.053 0.039 0.005 0.017 0.032
250 L 0.046 0.128 0.029 0.026 0.01 0.034 0.042 0.03 0.025 0.052 0.135 0.116 0.024 0.054 0.019 0.038 0.033 0.011 0.096 0.051
251 R 0.066 0.193 0.037 0.032 0.013 0.036 0.044 0.039 0.018 0.059 0.065 0.079 0.019 0.023 0.021 0.088 0.05 0.005 0.018 0.096
252 L 0.051 0.02 0.015 0.017 0.017 0.015 0.019 0.021 0.009 0.21 0.211 0.024 0.038 0.044 0.015 0.026 0.04 0.006 0.021 0.181
253 L 0.043 0.107 0.022 0.02 0.012 0.025 0.029 0.027 0.016 0.075 0.184 0.049 0.066 0.129 0.015 0.032 0.033 0.009 0.038 0.068
254 G 0.12 0.023 0.024 0.024 0.015 0.018 0.027 0.161 0.013 0.071 0.082 0.03 0.021 0.117 0.019 0.048 0.038 0.008 0.034 0.106
255 L 0.109 0.022 0.017 0.02 0.017 0.017 0.024 0.035 0.01 0.18 0.194 0.029 0.035 0.041 0.018 0.039 0.04 0.006 0.02 0.128
256 V 0.131 0.027 0.027 0.028 0.018 0.022 0.033 0.047 0.013 0.129 0.098 0.037 0.025 0.03 0.022 0.093 0.054 0.005 0.019 0.141
257 I 0.046 0.019 0.014 0.017 0.016 0.014 0.018 0.02 0.009 0.24 0.22 0.024 0.039 0.046 0.014 0.024 0.038 0.006 0.021 0.154
258 I 0.043 0.018 0.015 0.017 0.015 0.012 0.018 0.021 0.011 0.227 0.152 0.022 0.033 0.132 0.013 0.025 0.036 0.009 0.037 0.144
259 A 0.181 0.027 0.026 0.027 0.017 0.021 0.031 0.173 0.013 0.054 0.132 0.036 0.023 0.028 0.023 0.06 0.04 0.006 0.017 0.064
260 I 0.062 0.023 0.024 0.025 0.016 0.018 0.026 0.032 0.011 0.219 0.134 0.031 0.031 0.038 0.018 0.076 0.05 0.006 0.02 0.141
261 L 0.048 0.02 0.015 0.017 0.015 0.014 0.02 0.023 0.011 0.155 0.198 0.023 0.035 0.132 0.014 0.027 0.036 0.009 0.038 0.151
262 A 0.243 0.028 0.023 0.026 0.021 0.023 0.036 0.064 0.013 0.072 0.076 0.039 0.021 0.025 0.026 0.071 0.049 0.005 0.018 0.121
263 F 0.033 0.019 0.017 0.017 0.01 0.01 0.019 0.025 0.017 0.062 0.113 0.019 0.025 0.396 0.01 0.025 0.025 0.017 0.087 0.054
264 L 0.106 0.023 0.018 0.02 0.016 0.016 0.024 0.036 0.012 0.125 0.18 0.028 0.032 0.129 0.017 0.039 0.037 0.009 0.037 0.098
265 I 0.043 0.018 0.015 0.017 0.015 0.012 0.018 0.021 0.011 0.227 0.152 0.022 0.033 0.132 0.013 0.025 0.036 0.009 0.037 0.144
266 L 0.055 0.031 0.024 0.023 0.016 0.025 0.029 0.03 0.014 0.091 0.209 0.035 0.104 0.043 0.018 0.047 0.092 0.007 0.022 0.087
267 T 0.072 0.035 0.043 0.037 0.018 0.027 0.039 0.043 0.014 0.053 0.064 0.045 0.019 0.023 0.027 0.091 0.258 0.006 0.018 0.07
268 L 0.048 0.026 0.017 0.018 0.016 0.021 0.023 0.024 0.013 0.148 0.234 0.03 0.108 0.048 0.015 0.03 0.038 0.007 0.022 0.113
269 S 0.156 0.037 0.046 0.043 0.018 0.031 0.049 0.068 0.018 0.033 0.046 0.051 0.016 0.021 0.029 0.195 0.073 0.005 0.017 0.048
270 R 0.044 0.355 0.038 0.031 0.008 0.048 0.052 0.032 0.023 0.023 0.046 0.118 0.015 0.017 0.019 0.044 0.034 0.006 0.017 0.031
271 G 0.077 0.023 0.039 0.033 0.011 0.019 0.025 0.517 0.013 0.019 0.028 0.033 0.009 0.016 0.019 0.051 0.029 0.005 0.011 0.024
272 V 0.089 0.031 0.035 0.033 0.018 0.024 0.037 0.045 0.013 0.096 0.085 0.04 0.023 0.028 0.023 0.132 0.065 0.005 0.019 0.16
273 D 0.078 0.039 0.054 0.148 0.012 0.04 0.125 0.053 0.02 0.026 0.037 0.056 0.013 0.018 0.027 0.142 0.058 0.005 0.015 0.034
274 L 0.051 0.022 0.015 0.016 0.017 0.015 0.02 0.022 0.009 0.168 0.266 0.025 0.041 0.047 0.015 0.026 0.038 0.006 0.021 0.161
275 I 0.047 0.018 0.015 0.018 0.016 0.013 0.018 0.021 0.009 0.271 0.168 0.024 0.037 0.044 0.015 0.025 0.04 0.006 0.021 0.177
276 F 0.054 0.026 0.027 0.025 0.012 0.019 0.029 0.035 0.025 0.049 0.083 0.03 0.021 0.235 0.016 0.078 0.04 0.017 0.13 0.049
277 R 0.048 0.191 0.034 0.029 0.011 0.033 0.04 0.033 0.019 0.04 0.067 0.075 0.019 0.113 0.019 0.051 0.088 0.008 0.035 0.046
278 N 0.045 0.051 0.256 0.073 0.009 0.081 0.062 0.058 0.031 0.023 0.035 0.062 0.013 0.017 0.021 0.065 0.047 0.005 0.017 0.029
279 I 0.046 0.019 0.014 0.017 0.016 0.014 0.018 0.02 0.009 0.24 0.22 0.024 0.039 0.046 0.014 0.024 0.038 0.006 0.021 0.154
280 Y 0.048 0.029 0.027 0.023 0.011 0.023 0.03 0.029 0.038 0.045 0.067 0.034 0.019 0.102 0.018 0.046 0.085 0.022 0.25 0.052
281 L 0.047 0.036 0.021 0.023 0.014 0.069 0.04 0.026 0.015 0.092 0.3 0.041 0.042 0.044 0.016 0.032 0.035 0.007 0.022 0.08
282 N 0.042 0.04 0.251 0.066 0.009 0.03 0.043 0.054 0.035 0.027 0.04 0.048 0.013 0.046 0.019 0.059 0.043 0.01 0.094 0.031
283 L 0.039 0.021 0.015 0.016 0.013 0.013 0.019 0.023 0.013 0.088 0.249 0.022 0.037 0.225 0.012 0.024 0.029 0.012 0.055 0.074
284 A 0.253 0.033 0.032 0.034 0.02 0.027 0.043 0.074 0.016 0.039 0.054 0.046 0.017 0.021 0.029 0.121 0.057 0.005 0.017 0.061
285 I 0.048 0.021 0.016 0.018 0.016 0.017 0.02 0.022 0.01 0.236 0.173 0.026 0.07 0.045 0.015 0.027 0.039 0.006 0.021 0.153
286 P 0.056 0.025 0.023 0.031 0.01 0.02 0.036 0.036 0.013 0.025 0.036 0.041 0.01 0.013 0.501 0.043 0.036 0.003 0.013 0.031
287 P 0.056 0.025 0.023 0.031 0.01 0.02 0.036 0.036 0.013 0.025 0.036 0.041 0.01 0.013 0.501 0.043 0.036 0.003 0.013 0.031
288 R 0.047 0.284 0.04 0.035 0.008 0.092 0.064 0.034 0.024 0.024 0.046 0.111 0.017 0.016 0.02 0.047 0.036 0.006 0.018 0.032
289 L 0.051 0.032 0.02 0.02 0.016 0.028 0.028 0.028 0.016 0.099 0.194 0.036 0.173 0.047 0.016 0.036 0.04 0.008 0.024 0.091
290 F 0.033 0.019 0.017 0.017 0.01 0.01 0.019 0.025 0.017 0.062 0.113 0.019 0.025 0.396 0.01 0.025 0.025 0.017 0.087 0.054
291 E 0.054 0.049 0.04 0.089 0.007 0.064 0.307 0.034 0.025 0.022 0.036 0.074 0.013 0.016 0.025 0.054 0.036 0.005 0.016 0.031
292 I 0.046 0.017 0.014 0.017 0.016 0.013 0.017 0.02 0.009 0.282 0.165 0.023 0.036 0.044 0.014 0.025 0.039 0.006 0.02 0.174
293 W 0.03 0.022 0.015 0.015 0.007 0.015 0.022 0.03 0.015 0.03 0.052 0.022 0.015 0.06 0.007 0.022 0.022 0.5 0.067 0.03
294 A 0.191 0.052 0.036 0.037 0.017 0.034 0.05 0.066 0.017 0.035 0.05 0.107 0.016 0.02 0.029 0.113 0.055 0.005 0.017 0.052
295 E 0.051 0.058 0.047 0.156 0.008 0.052 0.193 0.039 0.022 0.023 0.036 0.12 0.012 0.016 0.025 0.053 0.037 0.005 0.015 0.029
296 K 0.06 0.074 0.041 0.052 0.01 0.049 0.121 0.041 0.02 0.032 0.046 0.174 0.016 0.018 0.027 0.063 0.093 0.005 0.017 0.041
297 V 0.063 0.021 0.016 0.018 0.018 0.015 0.022 0.023 0.008 0.192 0.138 0.025 0.032 0.037 0.016 0.03 0.046 0.006 0.02 0.253
298 D 0.048 0.049 0.12 0.156 0.008 0.088 0.137 0.046 0.026 0.023 0.035 0.065 0.013 0.016 0.023 0.057 0.04 0.005 0.016 0.029
299 D 0.055 0.051 0.041 0.138 0.011 0.04 0.122 0.037 0.018 0.058 0.059 0.108 0.017 0.02 0.023 0.048 0.04 0.005 0.016 0.092
300 L 0.069 0.039 0.032 0.032 0.015 0.073 0.049 0.038 0.016 0.083 0.15 0.048 0.029 0.031 0.021 0.086 0.051 0.006 0.02 0.113
301 E 0.051 0.054 0.113 0.077 0.008 0.097 0.191 0.043 0.028 0.023 0.037 0.073 0.014 0.016 0.023 0.058 0.04 0.005 0.017 0.031
302 L 0.051 0.02 0.015 0.017 0.017 0.015 0.019 0.021 0.009 0.21 0.211 0.024 0.038 0.044 0.015 0.026 0.04 0.006 0.021 0.181
303 Y 0.039 0.03 0.028 0.023 0.009 0.023 0.032 0.028 0.118 0.043 0.071 0.031 0.019 0.171 0.015 0.032 0.027 0.02 0.2 0.042
304 G 0.077 0.023 0.039 0.033 0.011 0.019 0.025 0.517 0.013 0.019 0.028 0.033 0.009 0.016 0.019 0.051 0.029 0.005 0.011 0.024
305 Y 0.04 0.028 0.021 0.018 0.009 0.021 0.028 0.025 0.046 0.043 0.067 0.031 0.018 0.129 0.015 0.031 0.028 0.028 0.328 0.046
306 G 0.077 0.023 0.039 0.033 0.011 0.019 0.025 0.517 0.013 0.019 0.028 0.033 0.009 0.016 0.019 0.051 0.029 0.005 0.011 0.024
307 V 0.07 0.032 0.031 0.043 0.015 0.031 0.1 0.036 0.015 0.124 0.093 0.044 0.024 0.029 0.021 0.086 0.051 0.005 0.019 0.131
308 A 0.243 0.032 0.03 0.031 0.02 0.026 0.04 0.069 0.014 0.045 0.06 0.044 0.018 0.022 0.029 0.086 0.101 0.005 0.017 0.068
309 S 0.108 0.04 0.053 0.048 0.017 0.033 0.052 0.065 0.019 0.029 0.041 0.053 0.015 0.021 0.029 0.231 0.081 0.005 0.017 0.041
310 L 0.044 0.024 0.014 0.015 0.016 0.016 0.02 0.021 0.01 0.114 0.385 0.025 0.049 0.054 0.014 0.024 0.033 0.007 0.022 0.095
311 L 0.048 0.028 0.017 0.017 0.016 0.022 0.024 0.024 0.013 0.106 0.289 0.03 0.111 0.051 0.015 0.03 0.036 0.007 0.023 0.093
312 G 0.077 0.023 0.039 0.033 0.011 0.019 0.025 0.517 0.013 0.019 0.028 0.033 0.009 0.016 0.019 0.051 0.029 0.005 0.011 0.024
313 F 0.042 0.019 0.017 0.017 0.013 0.012 0.02 0.025 0.015 0.087 0.116 0.02 0.027 0.306 0.012 0.027 0.031 0.014 0.071 0.111
314 L 0.047 0.019 0.015 0.016 0.133 0.013 0.018 0.025 0.011 0.125 0.182 0.022 0.032 0.128 0.014 0.028 0.033 0.008 0.035 0.095
315 Y 0.039 0.024 0.018 0.017 0.011 0.017 0.023 0.024 0.03 0.066 0.158 0.026 0.028 0.177 0.014 0.028 0.028 0.02 0.191 0.06
316 P 0.053 0.025 0.021 0.027 0.012 0.019 0.032 0.032 0.012 0.047 0.123 0.037 0.02 0.023 0.379 0.038 0.035 0.004 0.015 0.047
317 I 0.046 0.019 0.014 0.017 0.016 0.014 0.018 0.02 0.009 0.24 0.22 0.024 0.039 0.046 0.014 0.024 0.038 0.006 0.021 0.154
318 F 0.047 0.04 0.023 0.023 0.13 0.021 0.031 0.031 0.015 0.049 0.083 0.087 0.02 0.207 0.016 0.036 0.031 0.011 0.051 0.049
319 Y 0.04 0.028 0.021 0.018 0.009 0.021 0.028 0.025 0.046 0.043 0.067 0.031 0.018 0.129 0.015 0.031 0.028 0.028 0.328 0.046
