#Seq2Logo.py -f /work3/idamei/ssn-clusterings/2206011120/clusters/0030_112/sequences.afa -m 0.0001 -b 50 -o /work3/idamei/ssn-clusterings/2206011120/clusters/0030_112/sequences.logo -p 640x1000 -l 30
#Position Specific Frequency Matrix
A R N D C Q E G H I L K M F P S T W Y V
0 M 0.04 0.025 0.015 0.015 0.012 0.022 0.022 0.022 0.012 0.077 0.151 0.028 0.354 0.037 0.012 0.028 0.031 0.006 0.019 0.071
1 T 0.063 0.034 0.032 0.029 0.017 0.028 0.034 0.036 0.015 0.077 0.131 0.041 0.089 0.036 0.022 0.065 0.142 0.007 0.021 0.082
2 L 0.052 0.032 0.02 0.02 0.016 0.028 0.028 0.028 0.016 0.101 0.197 0.036 0.158 0.048 0.016 0.036 0.04 0.008 0.024 0.093
3 K 0.04 0.176 0.083 0.032 0.007 0.046 0.045 0.032 0.017 0.026 0.055 0.239 0.033 0.015 0.018 0.041 0.046 0.004 0.014 0.03
4 E 0.056 0.05 0.041 0.091 0.007 0.065 0.289 0.035 0.026 0.022 0.037 0.076 0.013 0.017 0.026 0.056 0.037 0.006 0.017 0.032
5 I 0.048 0.018 0.015 0.018 0.016 0.013 0.018 0.021 0.009 0.264 0.17 0.024 0.037 0.045 0.015 0.025 0.04 0.006 0.021 0.178
6 I 0.048 0.018 0.015 0.018 0.016 0.013 0.018 0.021 0.009 0.264 0.17 0.024 0.037 0.045 0.015 0.025 0.04 0.006 0.021 0.178
7 S 0.111 0.041 0.055 0.049 0.018 0.034 0.053 0.067 0.019 0.03 0.042 0.055 0.016 0.021 0.03 0.212 0.083 0.005 0.018 0.042
8 E 0.056 0.05 0.041 0.091 0.007 0.065 0.289 0.035 0.026 0.022 0.037 0.076 0.013 0.017 0.026 0.056 0.037 0.006 0.017 0.032
9 I 0.048 0.018 0.015 0.018 0.016 0.013 0.018 0.021 0.009 0.264 0.17 0.024 0.037 0.045 0.015 0.025 0.04 0.006 0.021 0.178
10 K 0.058 0.108 0.042 0.042 0.009 0.054 0.072 0.044 0.021 0.028 0.044 0.271 0.016 0.016 0.028 0.054 0.04 0.005 0.017 0.033
11 R 0.045 0.338 0.039 0.031 0.008 0.049 0.053 0.033 0.024 0.024 0.047 0.121 0.016 0.018 0.02 0.045 0.035 0.006 0.018 0.031
12 G 0.079 0.023 0.039 0.034 0.011 0.019 0.026 0.505 0.014 0.019 0.029 0.034 0.009 0.016 0.019 0.052 0.03 0.005 0.011 0.025
13 I 0.048 0.018 0.015 0.018 0.016 0.013 0.018 0.021 0.009 0.264 0.17 0.024 0.037 0.045 0.015 0.025 0.04 0.006 0.021 0.178
14 I 0.048 0.018 0.015 0.018 0.016 0.013 0.018 0.021 0.009 0.264 0.17 0.024 0.037 0.045 0.015 0.025 0.04 0.006 0.021 0.178
15 V 0.071 0.022 0.017 0.018 0.019 0.017 0.024 0.025 0.008 0.166 0.132 0.026 0.032 0.036 0.017 0.033 0.05 0.006 0.021 0.262
16 T 0.074 0.036 0.044 0.038 0.018 0.028 0.04 0.044 0.014 0.054 0.066 0.046 0.02 0.024 0.028 0.094 0.239 0.006 0.018 0.072
17 K 0.057 0.107 0.041 0.041 0.009 0.053 0.071 0.043 0.021 0.027 0.043 0.281 0.015 0.015 0.027 0.053 0.04 0.005 0.017 0.033
18 L 0.053 0.023 0.015 0.016 0.017 0.016 0.021 0.022 0.009 0.131 0.295 0.025 0.043 0.048 0.015 0.027 0.039 0.007 0.022 0.154
19 V 0.07 0.022 0.016 0.018 0.019 0.016 0.023 0.025 0.008 0.164 0.13 0.026 0.031 0.036 0.016 0.033 0.049 0.005 0.021 0.272
20 K 0.057 0.107 0.041 0.041 0.009 0.053 0.071 0.043 0.021 0.027 0.043 0.281 0.015 0.015 0.027 0.053 0.04 0.005 0.017 0.033
21 G 0.078 0.023 0.039 0.034 0.011 0.019 0.025 0.512 0.013 0.019 0.028 0.034 0.009 0.016 0.019 0.051 0.03 0.005 0.011 0.024
22 T 0.073 0.035 0.043 0.037 0.018 0.027 0.039 0.043 0.014 0.053 0.065 0.045 0.02 0.024 0.027 0.092 0.25 0.006 0.018 0.071
23 L 0.052 0.032 0.02 0.02 0.016 0.028 0.028 0.028 0.016 0.1 0.196 0.036 0.164 0.048 0.016 0.036 0.04 0.008 0.024 0.092
24 I 0.039 0.019 0.031 0.017 0.012 0.014 0.018 0.02 0.01 0.241 0.156 0.031 0.045 0.066 0.012 0.026 0.053 0.006 0.047 0.138
25 N 0.051 0.064 0.237 0.047 0.009 0.049 0.041 0.045 0.019 0.026 0.033 0.069 0.011 0.015 0.018 0.153 0.044 0.004 0.013 0.05
26 R 0.045 0.345 0.039 0.031 0.008 0.048 0.052 0.033 0.023 0.023 0.047 0.12 0.016 0.017 0.019 0.045 0.035 0.006 0.017 0.031
27 K 0.041 0.12 0.028 0.028 0.007 0.035 0.046 0.029 0.015 0.052 0.072 0.326 0.015 0.046 0.018 0.036 0.029 0.005 0.017 0.036
28 S 0.052 0.059 0.057 0.064 0.01 0.026 0.086 0.034 0.017 0.052 0.098 0.064 0.016 0.028 0.018 0.145 0.062 0.006 0.06 0.045
29 I 0.045 0.019 0.014 0.017 0.016 0.014 0.018 0.02 0.009 0.255 0.209 0.023 0.038 0.045 0.014 0.024 0.037 0.006 0.02 0.156
30 L 0.05 0.022 0.024 0.022 0.012 0.016 0.023 0.1 0.011 0.054 0.163 0.027 0.04 0.116 0.015 0.1 0.103 0.006 0.024 0.072
31 P 0.058 0.018 0.014 0.016 0.047 0.013 0.02 0.023 0.01 0.108 0.15 0.023 0.021 0.059 0.18 0.027 0.029 0.005 0.045 0.133
32 L 0.038 0.075 0.014 0.014 0.047 0.015 0.019 0.019 0.009 0.091 0.262 0.028 0.027 0.078 0.011 0.023 0.028 0.042 0.023 0.139
33 S 0.087 0.026 0.033 0.031 0.048 0.021 0.032 0.113 0.012 0.053 0.069 0.035 0.014 0.018 0.02 0.256 0.072 0.004 0.013 0.042
34 F 0.037 0.017 0.014 0.015 0.046 0.012 0.017 0.021 0.012 0.099 0.179 0.019 0.044 0.23 0.011 0.044 0.027 0.009 0.064 0.083
35 I 0.071 0.017 0.016 0.017 0.072 0.013 0.019 0.025 0.009 0.182 0.116 0.022 0.022 0.087 0.013 0.07 0.035 0.005 0.021 0.167
36 L 0.108 0.02 0.017 0.017 0.013 0.015 0.02 0.098 0.009 0.093 0.212 0.024 0.064 0.059 0.014 0.034 0.053 0.005 0.018 0.105
37 L 0.068 0.024 0.026 0.024 0.013 0.018 0.027 0.033 0.011 0.076 0.167 0.03 0.021 0.055 0.017 0.148 0.137 0.005 0.018 0.08
38 F 0.051 0.019 0.041 0.017 0.046 0.014 0.018 0.023 0.012 0.104 0.152 0.021 0.102 0.211 0.011 0.026 0.027 0.008 0.035 0.063
39 L 0.035 0.017 0.013 0.014 0.012 0.012 0.016 0.018 0.008 0.203 0.304 0.019 0.031 0.096 0.011 0.022 0.05 0.006 0.023 0.091
40 L 0.067 0.02 0.097 0.024 0.047 0.015 0.022 0.028 0.011 0.151 0.153 0.025 0.022 0.057 0.014 0.053 0.034 0.005 0.018 0.137
41 P 0.044 0.02 0.018 0.024 0.008 0.016 0.028 0.028 0.01 0.02 0.028 0.032 0.008 0.01 0.61 0.034 0.028 0.002 0.01 0.024
42 I 0.036 0.016 0.011 0.013 0.012 0.011 0.015 0.016 0.007 0.285 0.254 0.018 0.031 0.066 0.011 0.019 0.029 0.005 0.019 0.124
43 L 0.116 0.018 0.016 0.016 0.013 0.014 0.02 0.098 0.009 0.115 0.167 0.023 0.043 0.064 0.014 0.032 0.031 0.005 0.019 0.166
44 G 0.11 0.02 0.03 0.027 0.01 0.016 0.024 0.487 0.011 0.018 0.026 0.029 0.009 0.013 0.017 0.086 0.03 0.004 0.01 0.024
45 L 0.089 0.018 0.014 0.015 0.012 0.013 0.018 0.059 0.011 0.118 0.18 0.021 0.024 0.124 0.013 0.028 0.029 0.007 0.052 0.155
46 L 0.035 0.016 0.011 0.013 0.012 0.011 0.015 0.017 0.008 0.239 0.266 0.018 0.031 0.102 0.011 0.019 0.028 0.006 0.023 0.119
47 L 0.065 0.02 0.017 0.017 0.047 0.015 0.02 0.06 0.014 0.098 0.18 0.023 0.042 0.092 0.013 0.051 0.052 0.009 0.103 0.061
48 S 0.122 0.028 0.036 0.033 0.014 0.023 0.035 0.082 0.013 0.032 0.039 0.038 0.013 0.017 0.022 0.276 0.099 0.004 0.013 0.061
49 F 0.031 0.015 0.012 0.013 0.01 0.01 0.015 0.018 0.01 0.133 0.191 0.017 0.025 0.302 0.01 0.02 0.024 0.009 0.044 0.09
50 F 0.056 0.045 0.014 0.014 0.046 0.012 0.017 0.022 0.011 0.057 0.211 0.022 0.024 0.288 0.011 0.024 0.023 0.009 0.043 0.052
51 S 0.104 0.038 0.032 0.03 0.012 0.047 0.039 0.076 0.014 0.04 0.095 0.111 0.016 0.018 0.02 0.183 0.067 0.004 0.014 0.041
52 L 0.038 0.016 0.012 0.013 0.012 0.012 0.016 0.017 0.009 0.23 0.234 0.019 0.029 0.069 0.011 0.02 0.029 0.006 0.047 0.16
53 N 0.041 0.06 0.247 0.107 0.032 0.027 0.042 0.042 0.019 0.022 0.03 0.094 0.01 0.014 0.017 0.071 0.082 0.004 0.012 0.027
54 K 0.045 0.199 0.032 0.059 0.007 0.037 0.05 0.031 0.016 0.02 0.033 0.29 0.011 0.012 0.047 0.039 0.029 0.004 0.013 0.025
55 N 0.041 0.041 0.281 0.147 0.008 0.032 0.056 0.06 0.028 0.022 0.03 0.051 0.011 0.017 0.02 0.064 0.045 0.004 0.014 0.026
56 K 0.045 0.088 0.059 0.038 0.007 0.059 0.099 0.069 0.046 0.02 0.031 0.257 0.011 0.013 0.019 0.063 0.031 0.004 0.015 0.024
57 N 0.042 0.032 0.32 0.052 0.008 0.024 0.035 0.139 0.049 0.019 0.026 0.043 0.009 0.015 0.016 0.072 0.059 0.004 0.014 0.023
58 A 0.118 0.088 0.051 0.028 0.011 0.026 0.057 0.035 0.015 0.063 0.092 0.081 0.076 0.027 0.017 0.082 0.035 0.006 0.042 0.049
59 K 0.04 0.1 0.177 0.041 0.007 0.034 0.046 0.073 0.018 0.019 0.03 0.256 0.011 0.013 0.018 0.045 0.032 0.004 0.013 0.023
60 R 0.042 0.38 0.037 0.029 0.007 0.046 0.049 0.031 0.022 0.022 0.044 0.114 0.015 0.016 0.018 0.042 0.033 0.005 0.016 0.029
61 A 0.094 0.044 0.034 0.021 0.011 0.018 0.024 0.074 0.015 0.081 0.09 0.03 0.037 0.066 0.014 0.086 0.033 0.08 0.077 0.072
62 L 0.049 0.02 0.018 0.019 0.048 0.015 0.022 0.025 0.009 0.136 0.157 0.025 0.042 0.026 0.121 0.085 0.036 0.004 0.014 0.129
63 I 0.034 0.016 0.04 0.016 0.011 0.011 0.016 0.019 0.011 0.219 0.152 0.019 0.025 0.176 0.011 0.022 0.027 0.008 0.058 0.107
64 I 0.061 0.017 0.014 0.015 0.012 0.012 0.017 0.021 0.009 0.191 0.182 0.02 0.046 0.149 0.012 0.026 0.051 0.007 0.028 0.11
65 L 0.064 0.02 0.069 0.021 0.012 0.015 0.021 0.025 0.01 0.151 0.259 0.025 0.027 0.031 0.049 0.04 0.043 0.005 0.015 0.097
66 I 0.037 0.017 0.012 0.013 0.013 0.012 0.015 0.017 0.008 0.281 0.248 0.02 0.07 0.037 0.011 0.02 0.029 0.005 0.017 0.119
67 S 0.122 0.028 0.035 0.032 0.049 0.023 0.035 0.048 0.013 0.027 0.039 0.037 0.013 0.047 0.021 0.295 0.077 0.005 0.017 0.037
68 L 0.036 0.018 0.012 0.013 0.012 0.012 0.016 0.017 0.008 0.153 0.343 0.02 0.062 0.088 0.011 0.02 0.027 0.006 0.022 0.104
69 F 0.033 0.016 0.014 0.014 0.01 0.01 0.016 0.021 0.012 0.079 0.127 0.017 0.022 0.394 0.01 0.043 0.024 0.011 0.054 0.074
70 V 0.074 0.023 0.048 0.022 0.012 0.018 0.025 0.029 0.018 0.066 0.065 0.028 0.017 0.044 0.016 0.08 0.082 0.009 0.144 0.182
71 F 0.077 0.016 0.014 0.014 0.009 0.01 0.017 0.024 0.013 0.047 0.083 0.017 0.019 0.467 0.01 0.025 0.022 0.012 0.062 0.044
72 F 0.083 0.015 0.014 0.014 0.081 0.01 0.016 0.025 0.011 0.097 0.084 0.018 0.019 0.316 0.011 0.027 0.025 0.009 0.045 0.079
73 I 0.035 0.016 0.012 0.013 0.012 0.011 0.015 0.017 0.01 0.258 0.189 0.019 0.047 0.119 0.011 0.02 0.028 0.007 0.052 0.109
74 L 0.072 0.022 0.021 0.02 0.013 0.017 0.023 0.027 0.01 0.071 0.198 0.027 0.044 0.058 0.016 0.062 0.149 0.005 0.019 0.128
75 I 0.085 0.017 0.014 0.015 0.012 0.013 0.018 0.023 0.01 0.211 0.198 0.021 0.032 0.095 0.013 0.028 0.052 0.007 0.049 0.087
76 K 0.037 0.185 0.054 0.027 0.007 0.031 0.039 0.028 0.018 0.025 0.042 0.196 0.013 0.085 0.016 0.037 0.051 0.007 0.075 0.029
77 I 0.064 0.017 0.015 0.015 0.013 0.013 0.018 0.021 0.009 0.249 0.176 0.022 0.026 0.035 0.013 0.029 0.077 0.006 0.043 0.14
78 P 0.042 0.02 0.018 0.023 0.008 0.016 0.027 0.027 0.011 0.02 0.029 0.031 0.008 0.015 0.581 0.033 0.027 0.003 0.038 0.024
79 P 0.043 0.02 0.018 0.023 0.008 0.016 0.027 0.027 0.01 0.02 0.027 0.031 0.008 0.01 0.616 0.033 0.027 0.002 0.01 0.023
80 Y 0.03 0.019 0.014 0.013 0.008 0.013 0.018 0.019 0.022 0.049 0.171 0.02 0.021 0.185 0.01 0.021 0.021 0.05 0.25 0.045
81 Q 0.049 0.045 0.033 0.033 0.007 0.291 0.062 0.173 0.019 0.019 0.032 0.057 0.013 0.012 0.017 0.063 0.031 0.004 0.014 0.025
82 D 0.031 0.023 0.052 0.543 0.006 0.023 0.069 0.035 0.014 0.017 0.021 0.034 0.007 0.011 0.017 0.04 0.027 0.003 0.008 0.018
83 L 0.043 0.021 0.016 0.016 0.012 0.015 0.02 0.022 0.009 0.075 0.417 0.023 0.052 0.037 0.013 0.088 0.032 0.005 0.016 0.065
84 Y 0.03 0.02 0.016 0.014 0.007 0.016 0.02 0.019 0.033 0.035 0.056 0.023 0.015 0.15 0.011 0.023 0.021 0.02 0.434 0.036
85 R 0.034 0.475 0.029 0.023 0.006 0.035 0.038 0.025 0.017 0.019 0.038 0.087 0.012 0.038 0.014 0.038 0.027 0.005 0.016 0.024
86 R 0.034 0.504 0.029 0.023 0.006 0.037 0.04 0.025 0.018 0.018 0.035 0.091 0.012 0.013 0.015 0.034 0.026 0.004 0.013 0.023
87 Y 0.029 0.019 0.016 0.014 0.007 0.014 0.019 0.019 0.029 0.037 0.061 0.021 0.016 0.217 0.011 0.022 0.021 0.019 0.371 0.037
88 L 0.037 0.018 0.015 0.015 0.012 0.013 0.017 0.055 0.009 0.114 0.339 0.021 0.029 0.065 0.012 0.026 0.072 0.041 0.021 0.07
89 E 0.041 0.033 0.036 0.196 0.007 0.077 0.226 0.03 0.017 0.028 0.061 0.046 0.012 0.015 0.018 0.06 0.03 0.004 0.012 0.051
90 T 0.06 0.031 0.069 0.035 0.015 0.024 0.034 0.038 0.013 0.043 0.053 0.039 0.016 0.02 0.023 0.077 0.333 0.005 0.015 0.057
91 Y 0.032 0.021 0.016 0.015 0.008 0.016 0.021 0.019 0.032 0.084 0.066 0.023 0.017 0.12 0.012 0.024 0.023 0.019 0.383 0.05
92 L 0.043 0.025 0.02 0.019 0.011 0.04 0.027 0.025 0.031 0.059 0.234 0.029 0.064 0.077 0.014 0.081 0.032 0.009 0.105 0.054
93 I 0.079 0.024 0.024 0.027 0.012 0.042 0.055 0.068 0.012 0.16 0.098 0.033 0.02 0.023 0.053 0.12 0.039 0.004 0.014 0.092
94 Y 0.03 0.021 0.016 0.014 0.007 0.016 0.021 0.019 0.034 0.034 0.054 0.023 0.014 0.125 0.012 0.023 0.021 0.021 0.459 0.036
95 N 0.097 0.032 0.244 0.046 0.01 0.046 0.037 0.082 0.018 0.023 0.031 0.04 0.011 0.015 0.018 0.118 0.087 0.004 0.012 0.03
96 S 0.08 0.058 0.038 0.079 0.01 0.07 0.08 0.038 0.015 0.027 0.035 0.045 0.012 0.014 0.125 0.165 0.041 0.004 0.013 0.053
97 N 0.07 0.033 0.165 0.069 0.009 0.09 0.043 0.075 0.047 0.034 0.052 0.041 0.013 0.046 0.017 0.108 0.037 0.005 0.018 0.031
98 T 0.056 0.027 0.038 0.029 0.013 0.021 0.03 0.033 0.012 0.039 0.048 0.034 0.015 0.022 0.021 0.088 0.384 0.005 0.036 0.051
99 T 0.053 0.044 0.088 0.042 0.011 0.025 0.06 0.037 0.058 0.03 0.04 0.039 0.013 0.017 0.02 0.117 0.246 0.004 0.016 0.04
100 L 0.035 0.018 0.013 0.013 0.011 0.013 0.017 0.017 0.016 0.141 0.23 0.02 0.026 0.09 0.011 0.021 0.026 0.01 0.157 0.115
101 S 0.08 0.027 0.024 0.023 0.012 0.02 0.028 0.033 0.013 0.087 0.113 0.054 0.038 0.031 0.016 0.14 0.084 0.077 0.046 0.054
102 D 0.043 0.031 0.042 0.267 0.007 0.074 0.156 0.069 0.016 0.018 0.027 0.044 0.01 0.012 0.018 0.085 0.043 0.004 0.011 0.023
103 A 0.288 0.02 0.016 0.019 0.015 0.016 0.024 0.042 0.01 0.1 0.069 0.027 0.018 0.081 0.018 0.047 0.035 0.005 0.02 0.13
104 I 0.06 0.016 0.012 0.013 0.012 0.012 0.016 0.019 0.008 0.265 0.244 0.02 0.056 0.059 0.012 0.022 0.029 0.005 0.019 0.101
105 S 0.057 0.083 0.041 0.093 0.01 0.025 0.063 0.09 0.015 0.024 0.034 0.043 0.011 0.02 0.019 0.171 0.121 0.005 0.04 0.032
106 G 0.067 0.023 0.084 0.046 0.009 0.04 0.028 0.439 0.013 0.019 0.026 0.031 0.009 0.013 0.015 0.063 0.028 0.004 0.01 0.033
107 H 0.036 0.07 0.037 0.031 0.006 0.032 0.067 0.065 0.336 0.018 0.029 0.113 0.011 0.019 0.016 0.034 0.023 0.005 0.032 0.019
108 V 0.048 0.018 0.042 0.019 0.013 0.014 0.021 0.023 0.008 0.133 0.082 0.024 0.02 0.023 0.12 0.03 0.058 0.004 0.014 0.287
109 D 0.031 0.023 0.052 0.543 0.006 0.023 0.069 0.035 0.014 0.017 0.021 0.034 0.007 0.011 0.017 0.04 0.027 0.003 0.008 0.018
110 I 0.038 0.015 0.012 0.013 0.012 0.011 0.015 0.017 0.009 0.273 0.109 0.018 0.025 0.124 0.011 0.021 0.029 0.007 0.052 0.189
111 L 0.035 0.018 0.013 0.013 0.012 0.012 0.016 0.018 0.009 0.101 0.372 0.019 0.032 0.126 0.011 0.022 0.049 0.007 0.025 0.092
112 F 0.03 0.017 0.013 0.013 0.009 0.012 0.016 0.019 0.014 0.059 0.193 0.018 0.064 0.309 0.01 0.021 0.022 0.011 0.099 0.052
113 Y 0.03 0.021 0.016 0.014 0.007 0.016 0.021 0.019 0.034 0.032 0.051 0.023 0.014 0.096 0.011 0.023 0.021 0.056 0.458 0.035
114 L 0.067 0.017 0.013 0.014 0.013 0.013 0.017 0.021 0.008 0.155 0.214 0.021 0.027 0.071 0.013 0.027 0.054 0.005 0.02 0.211
115 N 0.041 0.025 0.184 0.035 0.033 0.019 0.027 0.068 0.044 0.079 0.111 0.03 0.037 0.032 0.014 0.056 0.061 0.004 0.016 0.081
116 A 0.204 0.024 0.026 0.026 0.014 0.019 0.029 0.114 0.011 0.08 0.077 0.032 0.015 0.019 0.019 0.155 0.065 0.004 0.013 0.053
117 L 0.032 0.017 0.012 0.012 0.01 0.012 0.016 0.019 0.011 0.066 0.256 0.018 0.025 0.126 0.009 0.019 0.024 0.151 0.066 0.097
118 F 0.088 0.017 0.015 0.016 0.019 0.012 0.018 0.025 0.01 0.146 0.115 0.02 0.022 0.207 0.012 0.049 0.03 0.007 0.033 0.14
119 F 0.053 0.015 0.013 0.013 0.009 0.009 0.015 0.021 0.012 0.096 0.115 0.016 0.021 0.417 0.009 0.022 0.022 0.011 0.055 0.055
120 K 0.038 0.081 0.026 0.025 0.007 0.074 0.043 0.027 0.021 0.027 0.044 0.234 0.014 0.094 0.017 0.034 0.027 0.009 0.13 0.029
121 K 0.04 0.07 0.082 0.032 0.007 0.033 0.044 0.032 0.018 0.027 0.064 0.297 0.013 0.024 0.018 0.04 0.053 0.006 0.069 0.03
122 L 0.035 0.021 0.095 0.024 0.011 0.016 0.046 0.023 0.011 0.132 0.3 0.025 0.028 0.047 0.012 0.026 0.029 0.005 0.017 0.096
123 G 0.043 0.026 0.167 0.118 0.007 0.021 0.035 0.275 0.046 0.017 0.025 0.044 0.008 0.018 0.015 0.042 0.028 0.005 0.039 0.02
124 I 0.036 0.014 0.011 0.013 0.012 0.01 0.014 0.016 0.007 0.367 0.179 0.018 0.029 0.054 0.011 0.019 0.029 0.005 0.018 0.137
125 P 0.059 0.02 0.025 0.048 0.008 0.016 0.03 0.029 0.01 0.02 0.028 0.032 0.008 0.01 0.558 0.035 0.028 0.002 0.01 0.024
126 F 0.026 0.015 0.013 0.013 0.008 0.009 0.015 0.019 0.015 0.046 0.082 0.015 0.019 0.484 0.008 0.02 0.019 0.014 0.116 0.041
127 F 0.029 0.018 0.015 0.014 0.008 0.013 0.019 0.02 0.024 0.039 0.066 0.02 0.016 0.284 0.046 0.022 0.021 0.016 0.274 0.037
128 F 0.031 0.016 0.013 0.013 0.01 0.011 0.015 0.018 0.013 0.17 0.133 0.018 0.023 0.226 0.01 0.02 0.024 0.046 0.097 0.094
129 I 0.06 0.016 0.012 0.014 0.012 0.012 0.016 0.019 0.008 0.314 0.17 0.02 0.067 0.063 0.012 0.023 0.029 0.005 0.019 0.109
130 P 0.048 0.021 0.02 0.025 0.008 0.017 0.029 0.03 0.01 0.02 0.028 0.032 0.008 0.01 0.546 0.077 0.032 0.002 0.01 0.024
131 A 0.414 0.023 0.019 0.021 0.016 0.019 0.029 0.055 0.011 0.044 0.051 0.032 0.015 0.018 0.021 0.06 0.038 0.004 0.014 0.098
132 L 0.06 0.018 0.014 0.014 0.012 0.013 0.017 0.021 0.009 0.133 0.255 0.02 0.057 0.147 0.012 0.025 0.05 0.007 0.028 0.088
133 Y 0.035 0.023 0.017 0.018 0.008 0.04 0.05 0.02 0.026 0.049 0.091 0.027 0.037 0.099 0.012 0.026 0.025 0.015 0.294 0.087
134 G 0.14 0.024 0.03 0.028 0.012 0.019 0.03 0.218 0.012 0.034 0.039 0.033 0.012 0.016 0.019 0.194 0.043 0.004 0.012 0.08
135 A 0.249 0.023 0.025 0.025 0.013 0.018 0.029 0.117 0.012 0.031 0.046 0.031 0.013 0.107 0.019 0.135 0.038 0.006 0.022 0.042
136 L 0.042 0.018 0.041 0.017 0.012 0.013 0.018 0.021 0.009 0.152 0.246 0.021 0.028 0.062 0.012 0.045 0.032 0.005 0.019 0.186
137 S 0.075 0.027 0.03 0.027 0.013 0.022 0.031 0.037 0.013 0.048 0.074 0.034 0.117 0.023 0.019 0.204 0.115 0.005 0.015 0.072
138 V 0.048 0.017 0.015 0.015 0.084 0.012 0.018 0.021 0.007 0.157 0.091 0.02 0.022 0.056 0.013 0.03 0.08 0.005 0.018 0.274
139 Y 0.031 0.021 0.017 0.015 0.007 0.016 0.021 0.02 0.031 0.032 0.05 0.024 0.014 0.088 0.012 0.026 0.045 0.09 0.405 0.035
140 L 0.035 0.019 0.069 0.019 0.081 0.013 0.019 0.023 0.012 0.058 0.252 0.021 0.024 0.153 0.011 0.027 0.049 0.008 0.054 0.053
141 F 0.04 0.019 0.018 0.017 0.01 0.014 0.02 0.057 0.07 0.129 0.132 0.022 0.021 0.152 0.012 0.046 0.028 0.008 0.058 0.128
142 L 0.062 0.02 0.014 0.014 0.012 0.015 0.019 0.021 0.01 0.097 0.374 0.022 0.071 0.041 0.012 0.045 0.029 0.006 0.044 0.07
143 A 0.157 0.033 0.087 0.032 0.012 0.024 0.035 0.045 0.014 0.054 0.049 0.085 0.034 0.018 0.02 0.149 0.089 0.004 0.014 0.045
144 A 0.222 0.026 0.031 0.029 0.014 0.022 0.033 0.085 0.012 0.029 0.039 0.036 0.013 0.016 0.022 0.196 0.115 0.004 0.013 0.043
145 L 0.103 0.018 0.014 0.015 0.012 0.013 0.019 0.025 0.011 0.113 0.212 0.022 0.025 0.124 0.013 0.03 0.052 0.007 0.052 0.119
146 L 0.045 0.025 0.014 0.015 0.016 0.016 0.02 0.022 0.01 0.117 0.369 0.026 0.05 0.055 0.014 0.025 0.034 0.007 0.023 0.097
147 R 0.046 0.145 0.109 0.032 0.009 0.027 0.035 0.069 0.015 0.032 0.119 0.096 0.016 0.019 0.017 0.104 0.058 0.004 0.013 0.035
148 S 0.051 0.03 0.138 0.096 0.01 0.022 0.037 0.038 0.015 0.066 0.078 0.059 0.015 0.019 0.017 0.149 0.065 0.004 0.013 0.078
149 V 0.093 0.018 0.016 0.017 0.012 0.014 0.019 0.131 0.009 0.138 0.114 0.022 0.061 0.086 0.013 0.03 0.03 0.006 0.02 0.152
150 L 0.041 0.019 0.017 0.017 0.012 0.014 0.019 0.022 0.009 0.162 0.177 0.023 0.044 0.062 0.013 0.051 0.1 0.077 0.023 0.097
151 S 0.11 0.04 0.054 0.049 0.018 0.033 0.052 0.066 0.019 0.03 0.042 0.054 0.016 0.021 0.03 0.22 0.082 0.005 0.018 0.042
152 N 0.043 0.045 0.317 0.083 0.009 0.034 0.049 0.065 0.032 0.022 0.032 0.054 0.011 0.018 0.02 0.07 0.049 0.004 0.016 0.027
153 V 0.07 0.022 0.016 0.018 0.019 0.016 0.023 0.025 0.008 0.165 0.13 0.026 0.032 0.036 0.016 0.033 0.049 0.006 0.021 0.269
154 L 0.041 0.087 0.095 0.04 0.009 0.048 0.084 0.03 0.017 0.059 0.128 0.067 0.017 0.055 0.015 0.078 0.037 0.006 0.045 0.042
155 K 0.043 0.098 0.043 0.078 0.008 0.029 0.078 0.067 0.016 0.099 0.05 0.144 0.014 0.022 0.017 0.069 0.032 0.005 0.042 0.046
156 D 0.064 0.062 0.07 0.123 0.008 0.026 0.081 0.068 0.015 0.052 0.071 0.106 0.014 0.077 0.016 0.059 0.03 0.005 0.019 0.036
157 K 0.04 0.039 0.1 0.102 0.008 0.041 0.108 0.032 0.019 0.029 0.051 0.115 0.012 0.025 0.055 0.052 0.048 0.006 0.071 0.049
158 D 0.051 0.029 0.033 0.142 0.077 0.022 0.041 0.033 0.015 0.074 0.055 0.067 0.015 0.029 0.046 0.083 0.044 0.006 0.059 0.079
159 G 0.067 0.036 0.04 0.062 0.009 0.042 0.16 0.272 0.02 0.021 0.033 0.055 0.011 0.016 0.022 0.053 0.033 0.005 0.014 0.028
160 R 0.059 0.116 0.109 0.045 0.011 0.034 0.045 0.047 0.03 0.029 0.047 0.064 0.015 0.046 0.021 0.093 0.048 0.011 0.094 0.036
161 E 0.082 0.044 0.047 0.069 0.012 0.048 0.178 0.05 0.022 0.026 0.039 0.064 0.014 0.019 0.027 0.141 0.059 0.005 0.017 0.036
162 N 0.054 0.04 0.182 0.072 0.009 0.037 0.107 0.17 0.025 0.021 0.032 0.054 0.011 0.017 0.021 0.061 0.041 0.005 0.015 0.027
163 R 0.049 0.2 0.039 0.06 0.008 0.056 0.178 0.034 0.024 0.022 0.041 0.097 0.014 0.017 0.022 0.049 0.035 0.006 0.017 0.031
164 E 0.054 0.029 0.069 0.09 0.054 0.029 0.131 0.093 0.017 0.026 0.04 0.041 0.012 0.066 0.019 0.105 0.054 0.006 0.033 0.032
165 I 0.044 0.051 0.023 0.051 0.011 0.018 0.027 0.026 0.015 0.105 0.094 0.035 0.038 0.039 0.015 0.077 0.092 0.044 0.105 0.09
166 S 0.06 0.042 0.079 0.069 0.01 0.029 0.068 0.077 0.015 0.022 0.031 0.137 0.011 0.014 0.02 0.204 0.067 0.004 0.012 0.028
167 G 0.049 0.06 0.072 0.095 0.008 0.046 0.044 0.175 0.015 0.027 0.033 0.087 0.011 0.016 0.052 0.083 0.044 0.004 0.025 0.054
168 K 0.044 0.103 0.035 0.057 0.008 0.049 0.041 0.083 0.019 0.024 0.038 0.154 0.012 0.059 0.017 0.08 0.042 0.008 0.099 0.028
169 N 0.04 0.122 0.134 0.036 0.008 0.05 0.063 0.067 0.017 0.053 0.044 0.12 0.013 0.046 0.016 0.041 0.054 0.005 0.016 0.057
170 E 0.055 0.05 0.04 0.09 0.007 0.064 0.296 0.035 0.026 0.022 0.037 0.076 0.013 0.017 0.026 0.055 0.037 0.006 0.017 0.031
171 I 0.047 0.018 0.015 0.018 0.016 0.013 0.018 0.021 0.009 0.271 0.168 0.024 0.037 0.044 0.015 0.025 0.04 0.006 0.021 0.177
172 N 0.043 0.045 0.317 0.083 0.009 0.034 0.049 0.065 0.032 0.022 0.032 0.054 0.011 0.018 0.02 0.07 0.049 0.004 0.016 0.027
173 F 0.039 0.029 0.033 0.023 0.009 0.019 0.051 0.025 0.014 0.064 0.122 0.088 0.019 0.171 0.049 0.052 0.052 0.008 0.057 0.076
174 K 0.102 0.065 0.056 0.024 0.011 0.023 0.031 0.03 0.012 0.13 0.119 0.146 0.02 0.022 0.016 0.036 0.032 0.004 0.014 0.106
175 L 0.035 0.017 0.013 0.014 0.011 0.012 0.016 0.019 0.009 0.159 0.308 0.019 0.029 0.114 0.011 0.042 0.027 0.042 0.026 0.077
176 A 0.147 0.021 0.021 0.021 0.013 0.017 0.025 0.069 0.01 0.1 0.143 0.028 0.02 0.024 0.052 0.084 0.082 0.004 0.014 0.106
177 F 0.034 0.019 0.018 0.016 0.009 0.014 0.02 0.021 0.074 0.094 0.102 0.021 0.019 0.25 0.011 0.045 0.025 0.011 0.123 0.074
178 L 0.035 0.016 0.012 0.013 0.011 0.01 0.015 0.017 0.009 0.174 0.224 0.017 0.027 0.187 0.01 0.02 0.027 0.007 0.032 0.136
179 L 0.065 0.018 0.016 0.016 0.047 0.013 0.019 0.024 0.009 0.134 0.212 0.022 0.025 0.119 0.013 0.051 0.076 0.006 0.024 0.089
180 L 0.072 0.02 0.019 0.019 0.012 0.015 0.022 0.062 0.012 0.124 0.153 0.024 0.022 0.066 0.014 0.093 0.035 0.007 0.073 0.138
181 F 0.031 0.015 0.012 0.013 0.01 0.009 0.015 0.018 0.011 0.104 0.144 0.016 0.023 0.364 0.009 0.02 0.023 0.01 0.05 0.103
182 S 0.067 0.025 0.031 0.028 0.083 0.02 0.031 0.039 0.012 0.037 0.124 0.033 0.017 0.051 0.018 0.273 0.049 0.005 0.017 0.041
183 F 0.12 0.018 0.016 0.016 0.011 0.013 0.019 0.028 0.011 0.074 0.134 0.022 0.045 0.266 0.013 0.033 0.057 0.009 0.04 0.056
184 I 0.037 0.015 0.012 0.013 0.012 0.011 0.015 0.017 0.008 0.257 0.186 0.018 0.027 0.122 0.011 0.02 0.029 0.006 0.025 0.162
185 N 0.033 0.029 0.301 0.2 0.007 0.024 0.046 0.043 0.019 0.017 0.024 0.038 0.008 0.012 0.086 0.047 0.033 0.003 0.011 0.02
186 I 0.04 0.015 0.013 0.014 0.013 0.011 0.016 0.018 0.007 0.303 0.137 0.019 0.026 0.061 0.012 0.023 0.054 0.005 0.019 0.194
187 I 0.039 0.016 0.011 0.013 0.013 0.011 0.015 0.016 0.007 0.266 0.238 0.019 0.03 0.034 0.011 0.02 0.03 0.005 0.016 0.189
188 N 0.094 0.028 0.13 0.032 0.011 0.064 0.032 0.106 0.015 0.068 0.087 0.035 0.056 0.021 0.016 0.062 0.034 0.004 0.014 0.091
189 I 0.037 0.017 0.014 0.015 0.011 0.013 0.017 0.054 0.01 0.2 0.198 0.02 0.045 0.067 0.011 0.024 0.051 0.042 0.048 0.105
190 A 0.369 0.023 0.021 0.023 0.016 0.019 0.03 0.053 0.011 0.052 0.051 0.033 0.014 0.018 0.021 0.1 0.04 0.004 0.014 0.087
191 L 0.064 0.021 0.018 0.018 0.013 0.015 0.021 0.032 0.009 0.07 0.383 0.025 0.03 0.034 0.014 0.093 0.056 0.005 0.016 0.063
192 G 0.058 0.02 0.03 0.026 0.009 0.016 0.022 0.489 0.01 0.02 0.028 0.028 0.009 0.014 0.016 0.046 0.118 0.004 0.009 0.027
193 L 0.036 0.017 0.011 0.012 0.013 0.012 0.015 0.016 0.007 0.177 0.382 0.019 0.034 0.038 0.011 0.019 0.028 0.005 0.016 0.131
194 R 0.034 0.504 0.029 0.023 0.006 0.037 0.04 0.025 0.018 0.018 0.035 0.091 0.012 0.013 0.015 0.034 0.026 0.004 0.013 0.023
195 F 0.028 0.017 0.014 0.013 0.008 0.011 0.017 0.02 0.017 0.046 0.082 0.018 0.058 0.342 0.009 0.021 0.021 0.084 0.133 0.042
196 G 0.056 0.018 0.028 0.024 0.008 0.014 0.019 0.557 0.012 0.02 0.053 0.025 0.009 0.019 0.014 0.037 0.023 0.005 0.037 0.023
197 L 0.083 0.019 0.014 0.015 0.011 0.013 0.019 0.024 0.011 0.079 0.187 0.021 0.063 0.182 0.012 0.028 0.049 0.079 0.035 0.058
198 A 0.36 0.025 0.024 0.026 0.015 0.02 0.032 0.091 0.012 0.03 0.041 0.035 0.013 0.016 0.022 0.134 0.042 0.004 0.013 0.046
199 V 0.07 0.018 0.014 0.015 0.014 0.014 0.018 0.021 0.008 0.182 0.13 0.022 0.065 0.029 0.013 0.028 0.057 0.005 0.016 0.26
200 A 0.254 0.024 0.025 0.026 0.015 0.02 0.031 0.048 0.011 0.062 0.052 0.033 0.015 0.018 0.021 0.159 0.068 0.004 0.014 0.101
201 L 0.032 0.018 0.012 0.012 0.011 0.012 0.016 0.018 0.01 0.073 0.35 0.019 0.07 0.157 0.01 0.02 0.024 0.043 0.031 0.062
202 A 0.162 0.021 0.016 0.017 0.013 0.017 0.022 0.032 0.011 0.101 0.121 0.026 0.121 0.117 0.015 0.038 0.054 0.006 0.025 0.066
203 V 0.047 0.018 0.015 0.015 0.013 0.013 0.018 0.02 0.008 0.162 0.125 0.021 0.044 0.058 0.013 0.029 0.08 0.005 0.019 0.277
204 Y 0.057 0.171 0.024 0.021 0.008 0.026 0.032 0.026 0.025 0.026 0.043 0.096 0.013 0.054 0.015 0.058 0.027 0.012 0.234 0.031
205 G 0.156 0.02 0.028 0.025 0.01 0.016 0.023 0.461 0.011 0.019 0.028 0.028 0.009 0.013 0.017 0.067 0.028 0.004 0.01 0.027
206 V 0.072 0.017 0.014 0.015 0.013 0.013 0.019 0.022 0.009 0.193 0.122 0.022 0.024 0.033 0.013 0.048 0.035 0.005 0.043 0.268
207 V 0.054 0.021 0.023 0.022 0.013 0.016 0.023 0.063 0.009 0.144 0.076 0.027 0.019 0.053 0.016 0.103 0.13 0.005 0.017 0.166
208 C 0.053 0.025 0.026 0.053 0.152 0.019 0.029 0.031 0.012 0.054 0.111 0.053 0.017 0.025 0.017 0.125 0.106 0.005 0.04 0.047
209 Y 0.032 0.019 0.014 0.013 0.016 0.014 0.018 0.018 0.024 0.074 0.198 0.021 0.022 0.108 0.011 0.022 0.023 0.015 0.284 0.053
210 Y 0.039 0.02 0.017 0.016 0.045 0.015 0.02 0.022 0.021 0.079 0.159 0.023 0.02 0.105 0.012 0.068 0.028 0.013 0.226 0.052
211 F 0.037 0.02 0.05 0.02 0.011 0.013 0.02 0.024 0.015 0.148 0.135 0.022 0.025 0.2 0.012 0.026 0.03 0.01 0.075 0.106
212 S 0.05 0.062 0.081 0.035 0.01 0.027 0.084 0.033 0.016 0.061 0.101 0.088 0.016 0.024 0.017 0.124 0.061 0.005 0.041 0.065
213 G 0.044 0.142 0.044 0.092 0.007 0.094 0.093 0.229 0.016 0.017 0.028 0.054 0.01 0.012 0.016 0.039 0.026 0.004 0.011 0.022
214 K 0.065 0.071 0.042 0.039 0.013 0.04 0.055 0.043 0.017 0.04 0.054 0.164 0.017 0.019 0.027 0.073 0.145 0.006 0.017 0.052
215 K 0.071 0.132 0.086 0.066 0.008 0.034 0.071 0.038 0.017 0.02 0.032 0.195 0.011 0.013 0.019 0.107 0.036 0.004 0.013 0.026
216 K 0.044 0.09 0.03 0.029 0.008 0.036 0.048 0.032 0.015 0.029 0.065 0.361 0.014 0.03 0.019 0.06 0.031 0.004 0.015 0.041
217 W 0.037 0.023 0.015 0.015 0.012 0.016 0.021 0.026 0.013 0.072 0.216 0.024 0.032 0.057 0.011 0.023 0.028 0.251 0.045 0.063
218 K 0.066 0.069 0.023 0.023 0.01 0.024 0.033 0.063 0.012 0.056 0.109 0.178 0.018 0.095 0.016 0.036 0.064 0.006 0.022 0.077
219 K 0.04 0.159 0.026 0.025 0.008 0.03 0.038 0.027 0.014 0.056 0.094 0.216 0.016 0.048 0.017 0.037 0.075 0.005 0.017 0.049
220 G 0.111 0.021 0.03 0.027 0.046 0.017 0.026 0.32 0.012 0.022 0.033 0.03 0.01 0.045 0.017 0.149 0.036 0.005 0.014 0.029
221 I 0.087 0.045 0.015 0.016 0.029 0.014 0.019 0.059 0.012 0.182 0.136 0.025 0.022 0.095 0.013 0.028 0.028 0.007 0.068 0.102
222 L 0.09 0.018 0.015 0.016 0.013 0.013 0.019 0.041 0.008 0.162 0.197 0.022 0.025 0.059 0.049 0.03 0.054 0.005 0.018 0.148
223 F 0.083 0.021 0.014 0.015 0.011 0.013 0.019 0.024 0.012 0.072 0.208 0.045 0.024 0.228 0.012 0.026 0.025 0.009 0.063 0.077
224 L 0.039 0.018 0.014 0.014 0.047 0.014 0.017 0.02 0.009 0.138 0.268 0.021 0.088 0.094 0.012 0.044 0.029 0.006 0.022 0.086
225 L 0.049 0.016 0.012 0.013 0.054 0.011 0.015 0.026 0.008 0.206 0.255 0.018 0.028 0.093 0.011 0.022 0.028 0.006 0.022 0.109
226 L 0.063 0.018 0.014 0.014 0.012 0.013 0.018 0.021 0.009 0.142 0.323 0.021 0.038 0.083 0.012 0.045 0.029 0.006 0.021 0.099
227 A 0.271 0.027 0.03 0.029 0.015 0.022 0.035 0.054 0.013 0.029 0.039 0.037 0.013 0.016 0.022 0.217 0.072 0.004 0.013 0.043
228 L 0.117 0.017 0.014 0.015 0.154 0.013 0.018 0.027 0.008 0.128 0.172 0.022 0.042 0.027 0.014 0.033 0.046 0.004 0.014 0.114
229 L 0.043 0.02 0.018 0.017 0.047 0.015 0.02 0.023 0.01 0.087 0.276 0.023 0.056 0.091 0.013 0.072 0.077 0.006 0.022 0.064
230 M 0.043 0.02 0.016 0.016 0.083 0.016 0.019 0.022 0.01 0.114 0.133 0.024 0.152 0.059 0.013 0.032 0.089 0.005 0.019 0.115
231 H 0.032 0.035 0.04 0.029 0.006 0.029 0.04 0.029 0.511 0.017 0.029 0.035 0.012 0.023 0.014 0.032 0.02 0.006 0.043 0.017
232 F 0.057 0.016 0.015 0.015 0.009 0.01 0.017 0.023 0.012 0.074 0.084 0.018 0.019 0.415 0.01 0.045 0.025 0.011 0.055 0.071
233 S 0.106 0.03 0.04 0.036 0.013 0.025 0.039 0.051 0.014 0.023 0.033 0.041 0.012 0.016 0.023 0.389 0.061 0.004 0.013 0.033
234 M 0.04 0.024 0.016 0.016 0.012 0.021 0.022 0.022 0.012 0.074 0.143 0.028 0.344 0.035 0.013 0.03 0.054 0.006 0.018 0.069
235 L 0.086 0.018 0.013 0.014 0.012 0.013 0.017 0.022 0.01 0.142 0.297 0.021 0.039 0.068 0.012 0.025 0.028 0.006 0.047 0.11
236 L 0.033 0.017 0.013 0.013 0.01 0.012 0.016 0.053 0.012 0.131 0.267 0.019 0.027 0.161 0.011 0.021 0.024 0.009 0.083 0.069
237 V 0.042 0.016 0.013 0.015 0.012 0.012 0.018 0.019 0.007 0.213 0.121 0.021 0.023 0.057 0.118 0.024 0.031 0.004 0.018 0.216
238 V 0.043 0.016 0.013 0.014 0.013 0.012 0.016 0.018 0.008 0.181 0.19 0.019 0.027 0.091 0.012 0.033 0.032 0.005 0.022 0.236
239 L 0.114 0.018 0.014 0.016 0.082 0.013 0.019 0.027 0.009 0.103 0.13 0.022 0.04 0.114 0.084 0.031 0.029 0.006 0.023 0.105
240 V 0.164 0.019 0.019 0.019 0.119 0.015 0.023 0.07 0.009 0.085 0.065 0.025 0.017 0.02 0.016 0.082 0.037 0.004 0.013 0.178
241 F 0.033 0.016 0.013 0.014 0.011 0.011 0.015 0.018 0.01 0.155 0.198 0.018 0.026 0.241 0.01 0.022 0.048 0.008 0.037 0.095
242 I 0.035 0.014 0.012 0.013 0.011 0.01 0.014 0.017 0.008 0.272 0.148 0.017 0.026 0.169 0.01 0.02 0.028 0.007 0.03 0.138
243 A 0.241 0.021 0.021 0.021 0.049 0.017 0.025 0.13 0.01 0.077 0.091 0.029 0.016 0.02 0.018 0.07 0.058 0.004 0.013 0.07
244 S 0.144 0.03 0.089 0.038 0.013 0.024 0.038 0.052 0.015 0.024 0.033 0.04 0.012 0.016 0.022 0.306 0.055 0.004 0.013 0.034
245 R 0.043 0.163 0.057 0.026 0.044 0.027 0.033 0.036 0.014 0.058 0.096 0.12 0.046 0.05 0.015 0.077 0.032 0.005 0.017 0.042
246 F 0.028 0.016 0.013 0.013 0.009 0.01 0.015 0.019 0.015 0.057 0.123 0.016 0.021 0.419 0.009 0.02 0.021 0.013 0.11 0.057
247 I 0.041 0.016 0.012 0.013 0.03 0.012 0.016 0.017 0.011 0.237 0.127 0.019 0.024 0.056 0.012 0.022 0.031 0.007 0.086 0.211
248 K 0.043 0.15 0.058 0.032 0.007 0.042 0.05 0.033 0.017 0.02 0.033 0.336 0.012 0.012 0.02 0.062 0.032 0.004 0.013 0.025
249 L 0.037 0.017 0.011 0.013 0.013 0.012 0.015 0.017 0.007 0.227 0.304 0.019 0.052 0.036 0.011 0.02 0.029 0.005 0.016 0.14
250 N 0.044 0.042 0.298 0.053 0.008 0.029 0.066 0.045 0.021 0.019 0.027 0.115 0.01 0.014 0.018 0.113 0.04 0.004 0.012 0.023
251 K 0.042 0.171 0.041 0.029 0.007 0.036 0.046 0.031 0.016 0.021 0.034 0.293 0.012 0.015 0.018 0.053 0.053 0.04 0.015 0.026
252 K 0.041 0.051 0.024 0.024 0.009 0.027 0.037 0.027 0.013 0.086 0.137 0.249 0.019 0.081 0.017 0.053 0.03 0.005 0.02 0.049
253 K 0.055 0.104 0.04 0.04 0.008 0.052 0.069 0.042 0.02 0.027 0.042 0.297 0.015 0.015 0.027 0.052 0.039 0.005 0.017 0.032
254 L 0.041 0.03 0.048 0.024 0.01 0.085 0.033 0.027 0.016 0.108 0.145 0.057 0.021 0.106 0.014 0.073 0.036 0.007 0.064 0.056
255 L 0.046 0.018 0.017 0.017 0.083 0.013 0.019 0.023 0.009 0.116 0.158 0.022 0.023 0.087 0.014 0.054 0.102 0.005 0.021 0.155
256 I 0.039 0.016 0.013 0.015 0.011 0.012 0.018 0.02 0.008 0.167 0.143 0.021 0.022 0.106 0.153 0.024 0.029 0.005 0.023 0.154
257 I 0.038 0.017 0.013 0.015 0.011 0.013 0.018 0.02 0.009 0.155 0.143 0.021 0.042 0.088 0.146 0.024 0.028 0.041 0.023 0.135
258 L 0.06 0.017 0.014 0.014 0.046 0.012 0.017 0.056 0.012 0.063 0.257 0.019 0.025 0.178 0.011 0.024 0.025 0.008 0.071 0.072
259 S 0.085 0.022 0.026 0.025 0.118 0.018 0.027 0.037 0.011 0.072 0.082 0.029 0.016 0.08 0.017 0.207 0.044 0.005 0.019 0.06
260 I 0.038 0.015 0.012 0.013 0.012 0.011 0.015 0.017 0.007 0.292 0.188 0.019 0.028 0.063 0.011 0.021 0.038 0.005 0.019 0.175
261 L 0.036 0.016 0.012 0.013 0.012 0.012 0.015 0.017 0.008 0.184 0.264 0.019 0.049 0.118 0.011 0.02 0.028 0.006 0.025 0.136
262 F 0.096 0.021 0.022 0.021 0.011 0.016 0.024 0.068 0.012 0.042 0.092 0.026 0.037 0.233 0.015 0.121 0.057 0.008 0.036 0.043
263 Y 0.057 0.018 0.014 0.014 0.044 0.013 0.018 0.021 0.02 0.069 0.145 0.021 0.02 0.149 0.011 0.024 0.023 0.049 0.219 0.05
264 L 0.061 0.017 0.012 0.014 0.012 0.012 0.017 0.02 0.009 0.12 0.248 0.02 0.027 0.145 0.047 0.023 0.028 0.006 0.027 0.135
265 L 0.062 0.019 0.015 0.015 0.012 0.013 0.019 0.023 0.01 0.089 0.287 0.021 0.047 0.152 0.012 0.048 0.051 0.007 0.028 0.069
266 S 0.078 0.027 0.038 0.034 0.012 0.023 0.035 0.186 0.014 0.021 0.029 0.037 0.011 0.015 0.021 0.322 0.053 0.004 0.012 0.029
267 S 0.089 0.038 0.061 0.034 0.012 0.026 0.038 0.043 0.014 0.05 0.04 0.111 0.013 0.016 0.021 0.23 0.106 0.004 0.013 0.04
268 T 0.072 0.021 0.02 0.019 0.012 0.015 0.022 0.026 0.013 0.08 0.122 0.025 0.02 0.123 0.015 0.045 0.16 0.008 0.079 0.102
269 L 0.089 0.017 0.012 0.014 0.013 0.013 0.017 0.022 0.007 0.199 0.244 0.021 0.028 0.033 0.013 0.026 0.031 0.005 0.016 0.181
270 L 0.037 0.017 0.011 0.012 0.012 0.012 0.015 0.017 0.008 0.155 0.355 0.019 0.032 0.067 0.011 0.02 0.028 0.005 0.019 0.148
271 P 0.041 0.105 0.02 0.023 0.008 0.019 0.029 0.027 0.011 0.022 0.034 0.041 0.01 0.042 0.439 0.035 0.05 0.003 0.014 0.026
272 F 0.041 0.019 0.018 0.017 0.01 0.013 0.02 0.024 0.014 0.1 0.156 0.022 0.022 0.216 0.012 0.089 0.03 0.009 0.089 0.079
273 I 0.04 0.015 0.012 0.013 0.013 0.011 0.015 0.017 0.007 0.289 0.19 0.019 0.035 0.033 0.011 0.021 0.031 0.005 0.016 0.206
274 L 0.058 0.018 0.012 0.012 0.012 0.012 0.016 0.019 0.008 0.094 0.431 0.019 0.034 0.098 0.011 0.021 0.026 0.006 0.023 0.07
275 S 0.056 0.028 0.139 0.068 0.01 0.022 0.036 0.076 0.015 0.026 0.059 0.036 0.012 0.016 0.089 0.175 0.089 0.004 0.012 0.032
276 K 0.053 0.076 0.039 0.031 0.009 0.053 0.044 0.071 0.073 0.045 0.037 0.188 0.013 0.016 0.019 0.142 0.037 0.004 0.017 0.032
277 F 0.035 0.015 0.013 0.014 0.011 0.01 0.015 0.056 0.009 0.185 0.152 0.018 0.024 0.22 0.01 0.021 0.026 0.008 0.035 0.123
278 N 0.067 0.03 0.194 0.043 0.01 0.048 0.036 0.148 0.017 0.05 0.036 0.039 0.012 0.016 0.018 0.127 0.057 0.004 0.013 0.035
279 F 0.031 0.017 0.013 0.013 0.01 0.01 0.016 0.019 0.011 0.063 0.255 0.018 0.026 0.297 0.049 0.02 0.023 0.009 0.044 0.054
280 G 0.047 0.018 0.023 0.02 0.009 0.014 0.019 0.378 0.011 0.031 0.076 0.023 0.053 0.082 0.012 0.031 0.023 0.077 0.022 0.031
281 G 0.053 0.02 0.053 0.026 0.009 0.016 0.022 0.381 0.032 0.074 0.042 0.026 0.012 0.023 0.014 0.057 0.027 0.005 0.049 0.059
282 L 0.039 0.016 0.011 0.013 0.013 0.012 0.015 0.017 0.007 0.201 0.3 0.019 0.031 0.045 0.011 0.02 0.029 0.005 0.017 0.178
283 G 0.11 0.025 0.137 0.037 0.01 0.02 0.03 0.289 0.015 0.019 0.027 0.034 0.009 0.014 0.017 0.128 0.037 0.004 0.011 0.026
284 D 0.065 0.059 0.091 0.216 0.007 0.073 0.133 0.071 0.017 0.018 0.027 0.047 0.01 0.013 0.018 0.065 0.031 0.004 0.011 0.024
285 Y 0.031 0.022 0.018 0.015 0.007 0.017 0.022 0.019 0.063 0.032 0.051 0.024 0.014 0.095 0.012 0.024 0.021 0.02 0.457 0.034
286 A 0.266 0.02 0.018 0.02 0.014 0.016 0.025 0.042 0.011 0.075 0.066 0.027 0.017 0.111 0.018 0.067 0.035 0.006 0.023 0.123
287 L 0.045 0.028 0.02 0.02 0.012 0.041 0.027 0.025 0.011 0.131 0.225 0.054 0.086 0.032 0.015 0.073 0.058 0.005 0.017 0.074
288 A 0.152 0.024 0.082 0.061 0.012 0.02 0.037 0.147 0.013 0.037 0.041 0.033 0.012 0.016 0.018 0.11 0.084 0.004 0.012 0.083
289 G 0.058 0.017 0.029 0.025 0.008 0.014 0.019 0.593 0.01 0.04 0.028 0.025 0.008 0.014 0.014 0.038 0.023 0.004 0.009 0.025
290 Y 0.031 0.021 0.017 0.014 0.007 0.017 0.021 0.019 0.035 0.033 0.052 0.024 0.014 0.099 0.012 0.024 0.021 0.021 0.483 0.035
291 V 0.072 0.016 0.014 0.015 0.014 0.012 0.017 0.056 0.007 0.208 0.099 0.02 0.023 0.027 0.013 0.026 0.034 0.004 0.015 0.306
292 D 0.037 0.029 0.122 0.317 0.006 0.029 0.155 0.037 0.017 0.017 0.024 0.041 0.008 0.012 0.018 0.064 0.031 0.003 0.01 0.021
293 G 0.055 0.024 0.112 0.064 0.009 0.02 0.03 0.284 0.015 0.021 0.029 0.032 0.01 0.019 0.017 0.109 0.08 0.005 0.038 0.026
294 S 0.102 0.035 0.033 0.121 0.01 0.026 0.067 0.073 0.013 0.037 0.046 0.108 0.033 0.017 0.019 0.127 0.038 0.004 0.013 0.08
295 G 0.084 0.032 0.044 0.039 0.015 0.026 0.038 0.21 0.015 0.033 0.044 0.043 0.014 0.02 0.025 0.128 0.126 0.005 0.015 0.044
296 F 0.028 0.019 0.042 0.019 0.008 0.014 0.044 0.022 0.017 0.04 0.114 0.021 0.017 0.224 0.01 0.023 0.021 0.154 0.125 0.038
297 A 0.315 0.025 0.025 0.026 0.015 0.02 0.031 0.088 0.012 0.032 0.069 0.034 0.014 0.017 0.021 0.149 0.042 0.004 0.013 0.046
298 N 0.088 0.059 0.243 0.081 0.008 0.028 0.113 0.077 0.019 0.02 0.029 0.044 0.01 0.014 0.017 0.051 0.057 0.004 0.012 0.027
299 L 0.113 0.027 0.047 0.026 0.011 0.085 0.057 0.03 0.013 0.116 0.121 0.034 0.02 0.083 0.015 0.038 0.054 0.005 0.021 0.083
300 G 0.077 0.051 0.056 0.089 0.01 0.02 0.034 0.141 0.012 0.033 0.037 0.035 0.011 0.015 0.123 0.106 0.059 0.004 0.011 0.076
301 D 0.047 0.025 0.116 0.155 0.009 0.021 0.039 0.142 0.014 0.024 0.031 0.034 0.01 0.014 0.053 0.072 0.148 0.004 0.011 0.03
302 N 0.053 0.034 0.275 0.141 0.008 0.027 0.069 0.044 0.02 0.019 0.026 0.064 0.009 0.014 0.017 0.092 0.049 0.003 0.012 0.024
303 L 0.054 0.022 0.023 0.021 0.012 0.016 0.023 0.098 0.01 0.076 0.218 0.027 0.023 0.045 0.016 0.083 0.148 0.005 0.022 0.058
304 N 0.035 0.034 0.405 0.057 0.007 0.026 0.038 0.047 0.081 0.017 0.025 0.04 0.009 0.015 0.016 0.071 0.037 0.004 0.016 0.021
305 T 0.126 0.031 0.03 0.035 0.012 0.027 0.109 0.072 0.013 0.031 0.041 0.063 0.013 0.016 0.021 0.081 0.22 0.004 0.013 0.043
306 L 0.034 0.024 0.014 0.015 0.011 0.037 0.022 0.019 0.01 0.113 0.286 0.048 0.08 0.123 0.012 0.023 0.026 0.007 0.026 0.069
307 I 0.05 0.015 0.014 0.015 0.011 0.011 0.015 0.09 0.008 0.289 0.156 0.019 0.035 0.085 0.012 0.023 0.028 0.005 0.02 0.099
308 V 0.071 0.018 0.013 0.014 0.014 0.013 0.018 0.021 0.007 0.11 0.169 0.021 0.045 0.059 0.013 0.026 0.034 0.005 0.019 0.312
309 T 0.099 0.028 0.027 0.025 0.012 0.064 0.034 0.035 0.016 0.038 0.082 0.035 0.036 0.079 0.018 0.117 0.129 0.007 0.075 0.045
310 L 0.087 0.018 0.016 0.016 0.011 0.013 0.019 0.061 0.011 0.135 0.157 0.022 0.026 0.138 0.012 0.049 0.028 0.043 0.055 0.081
311 Y 0.035 0.018 0.014 0.013 0.01 0.013 0.018 0.018 0.019 0.133 0.126 0.02 0.021 0.09 0.011 0.022 0.026 0.048 0.213 0.13
312 R 0.046 0.18 0.03 0.027 0.008 0.052 0.04 0.087 0.018 0.023 0.036 0.15 0.012 0.024 0.017 0.086 0.055 0.006 0.068 0.033
313 Y 0.034 0.078 0.073 0.021 0.008 0.018 0.024 0.024 0.023 0.042 0.055 0.032 0.015 0.114 0.012 0.03 0.049 0.048 0.215 0.082
314 L 0.069 0.02 0.019 0.018 0.012 0.015 0.02 0.096 0.009 0.093 0.182 0.024 0.042 0.087 0.014 0.046 0.1 0.006 0.021 0.108
315 L 0.059 0.018 0.013 0.014 0.011 0.013 0.018 0.021 0.012 0.111 0.241 0.021 0.046 0.13 0.047 0.024 0.026 0.008 0.08 0.088
316 L 0.092 0.024 0.021 0.02 0.011 0.06 0.028 0.099 0.012 0.051 0.153 0.029 0.04 0.134 0.014 0.056 0.053 0.006 0.026 0.07
317 L 0.116 0.02 0.018 0.018 0.012 0.015 0.021 0.064 0.01 0.081 0.2 0.024 0.023 0.117 0.015 0.057 0.077 0.006 0.024 0.081
318 Y 0.043 0.023 0.018 0.018 0.013 0.017 0.023 0.023 0.027 0.161 0.117 0.027 0.027 0.087 0.015 0.028 0.034 0.017 0.172 0.111
319 F 0.033 0.019 0.017 0.017 0.01 0.01 0.019 0.025 0.017 0.063 0.113 0.019 0.025 0.393 0.01 0.025 0.025 0.017 0.088 0.054
320 F 0.081 0.019 0.018 0.018 0.012 0.014 0.02 0.061 0.01 0.089 0.141 0.023 0.021 0.147 0.014 0.054 0.077 0.007 0.032 0.142
