#Seq2Logo.py -f /work3/idamei/ssn-clusterings/clustering/2205161002/clusters/0015_197/sequences.afa -o /work3/idamei/ssn-clusterings/clustering/2205161002/clusters/0015_197/sequences.logo
#Position Specific Frequency Matrix
A R N D C Q E G H I L K M F P S T W Y V
0 M 0.049 0.03 0.019 0.019 0.015 0.027 0.027 0.027 0.015 0.095 0.187 0.034 0.204 0.046 0.015 0.034 0.038 0.008 0.023 0.088
1 R 0.045 0.345 0.039 0.031 0.008 0.048 0.052 0.033 0.023 0.023 0.047 0.12 0.016 0.017 0.019 0.045 0.035 0.006 0.017 0.031
2 S 0.11 0.04 0.054 0.049 0.018 0.033 0.052 0.066 0.019 0.03 0.042 0.054 0.016 0.021 0.03 0.22 0.082 0.005 0.018 0.042
3 P 0.057 0.026 0.023 0.031 0.01 0.021 0.036 0.036 0.013 0.026 0.036 0.041 0.01 0.013 0.494 0.044 0.036 0.003 0.013 0.031
4 T 0.073 0.036 0.043 0.038 0.018 0.028 0.039 0.043 0.014 0.053 0.065 0.045 0.02 0.024 0.028 0.093 0.246 0.006 0.018 0.071
5 G 0.078 0.023 0.039 0.034 0.011 0.019 0.026 0.51 0.014 0.019 0.028 0.034 0.009 0.016 0.019 0.051 0.03 0.005 0.011 0.024
6 Q 0.056 0.074 0.044 0.047 0.009 0.215 0.103 0.041 0.029 0.026 0.047 0.091 0.021 0.015 0.024 0.056 0.041 0.006 0.021 0.035
7 L 0.045 0.024 0.014 0.015 0.016 0.016 0.02 0.021 0.01 0.115 0.375 0.025 0.05 0.055 0.014 0.024 0.033 0.007 0.022 0.096
8 F 0.034 0.019 0.017 0.017 0.011 0.011 0.019 0.025 0.017 0.063 0.114 0.019 0.025 0.387 0.011 0.025 0.025 0.017 0.089 0.055
9 L 0.045 0.024 0.014 0.015 0.016 0.016 0.02 0.021 0.01 0.115 0.375 0.025 0.05 0.055 0.014 0.024 0.033 0.007 0.022 0.096
10 P 0.057 0.026 0.023 0.031 0.01 0.021 0.036 0.036 0.013 0.026 0.036 0.041 0.01 0.013 0.494 0.044 0.036 0.003 0.013 0.031
11 R 0.045 0.345 0.039 0.031 0.008 0.048 0.052 0.033 0.023 0.023 0.047 0.12 0.016 0.017 0.019 0.045 0.035 0.006 0.017 0.031
12 Y 0.04 0.028 0.022 0.019 0.009 0.022 0.028 0.025 0.047 0.044 0.068 0.031 0.019 0.131 0.016 0.031 0.028 0.028 0.318 0.047
13 D 0.041 0.03 0.069 0.397 0.008 0.03 0.091 0.047 0.019 0.022 0.028 0.045 0.009 0.015 0.022 0.052 0.035 0.004 0.011 0.024
14 Q 0.056 0.074 0.044 0.047 0.009 0.215 0.103 0.041 0.029 0.026 0.047 0.091 0.021 0.015 0.024 0.056 0.041 0.006 0.021 0.035
15 P 0.057 0.026 0.023 0.031 0.01 0.021 0.036 0.036 0.013 0.026 0.036 0.041 0.01 0.013 0.494 0.044 0.036 0.003 0.013 0.031
16 L 0.045 0.024 0.014 0.015 0.016 0.016 0.02 0.021 0.01 0.115 0.375 0.025 0.05 0.055 0.014 0.024 0.033 0.007 0.022 0.096
17 I 0.047 0.018 0.015 0.018 0.016 0.013 0.018 0.021 0.009 0.271 0.168 0.024 0.037 0.044 0.015 0.025 0.04 0.006 0.021 0.177
18 A 0.29 0.031 0.026 0.03 0.022 0.026 0.04 0.078 0.015 0.043 0.059 0.045 0.018 0.022 0.03 0.085 0.05 0.005 0.018 0.069
19 C 0.065 0.016 0.016 0.016 0.484 0.012 0.016 0.032 0.008 0.045 0.065 0.02 0.016 0.02 0.016 0.041 0.037 0.004 0.012 0.057
20 T 0.073 0.036 0.043 0.038 0.018 0.028 0.039 0.043 0.014 0.053 0.065 0.045 0.02 0.024 0.028 0.093 0.246 0.006 0.018 0.071
21 L 0.045 0.024 0.014 0.015 0.016 0.016 0.02 0.021 0.01 0.115 0.375 0.025 0.05 0.055 0.014 0.024 0.033 0.007 0.022 0.096
22 D 0.041 0.03 0.069 0.397 0.008 0.03 0.091 0.047 0.019 0.022 0.028 0.045 0.009 0.015 0.022 0.052 0.035 0.004 0.011 0.024
23 T 0.073 0.036 0.043 0.038 0.018 0.028 0.039 0.043 0.014 0.053 0.065 0.045 0.02 0.024 0.028 0.093 0.246 0.006 0.018 0.071
24 L 0.052 0.032 0.02 0.02 0.016 0.028 0.028 0.028 0.016 0.1 0.197 0.036 0.161 0.048 0.016 0.036 0.04 0.008 0.024 0.092
25 G 0.078 0.023 0.039 0.034 0.011 0.019 0.026 0.51 0.014 0.019 0.028 0.034 0.009 0.016 0.019 0.051 0.03 0.005 0.011 0.024
26 E 0.055 0.05 0.04 0.09 0.007 0.064 0.296 0.035 0.026 0.022 0.037 0.076 0.013 0.017 0.026 0.055 0.037 0.006 0.017 0.031
27 K 0.057 0.107 0.042 0.042 0.009 0.054 0.071 0.043 0.021 0.028 0.043 0.278 0.016 0.016 0.028 0.054 0.04 0.005 0.017 0.033
28 L 0.052 0.032 0.02 0.02 0.016 0.028 0.028 0.028 0.016 0.1 0.197 0.036 0.161 0.048 0.016 0.036 0.04 0.008 0.024 0.092
29 A 0.103 0.072 0.092 0.041 0.012 0.031 0.044 0.05 0.055 0.031 0.045 0.075 0.015 0.029 0.068 0.077 0.064 0.007 0.05 0.041
30 V 0.095 0.028 0.03 0.029 0.017 0.022 0.033 0.041 0.012 0.115 0.116 0.037 0.025 0.03 0.022 0.106 0.095 0.005 0.018 0.123
31 L 0.092 0.034 0.028 0.029 0.016 0.024 0.035 0.041 0.013 0.092 0.134 0.061 0.025 0.029 0.066 0.098 0.05 0.005 0.018 0.11
32 L 0.053 0.032 0.06 0.034 0.012 0.024 0.048 0.034 0.019 0.086 0.112 0.05 0.023 0.081 0.073 0.061 0.041 0.009 0.061 0.087
33 N 0.065 0.035 0.139 0.049 0.014 0.027 0.04 0.049 0.019 0.076 0.065 0.044 0.018 0.024 0.022 0.104 0.105 0.005 0.017 0.085
34 P 0.09 0.047 0.035 0.035 0.014 0.032 0.045 0.046 0.016 0.039 0.06 0.102 0.035 0.021 0.134 0.1 0.081 0.005 0.016 0.047
35 V 0.07 0.022 0.016 0.018 0.019 0.016 0.023 0.025 0.008 0.165 0.13 0.026 0.032 0.036 0.016 0.033 0.049 0.006 0.021 0.269
36 E 0.055 0.05 0.04 0.09 0.007 0.064 0.296 0.035 0.026 0.022 0.037 0.076 0.013 0.017 0.026 0.055 0.037 0.006 0.017 0.031
37 D 0.041 0.03 0.069 0.397 0.008 0.03 0.091 0.047 0.019 0.022 0.028 0.045 0.009 0.015 0.022 0.052 0.035 0.004 0.011 0.024
38 V 0.07 0.022 0.016 0.018 0.019 0.016 0.023 0.025 0.008 0.165 0.13 0.026 0.032 0.036 0.016 0.033 0.049 0.006 0.021 0.269
39 H 0.042 0.046 0.053 0.038 0.008 0.038 0.053 0.038 0.355 0.023 0.038 0.046 0.015 0.03 0.019 0.042 0.027 0.008 0.057 0.023
40 S 0.11 0.04 0.054 0.049 0.018 0.033 0.052 0.066 0.019 0.03 0.042 0.054 0.016 0.021 0.03 0.22 0.082 0.005 0.018 0.042
41 V 0.07 0.022 0.016 0.018 0.019 0.016 0.023 0.025 0.008 0.165 0.13 0.026 0.032 0.036 0.016 0.033 0.049 0.006 0.021 0.269
42 T 0.073 0.036 0.043 0.038 0.018 0.028 0.039 0.043 0.014 0.053 0.065 0.045 0.02 0.024 0.028 0.093 0.246 0.006 0.018 0.071
43 S 0.11 0.04 0.054 0.049 0.018 0.033 0.052 0.066 0.019 0.03 0.042 0.054 0.016 0.021 0.03 0.22 0.082 0.005 0.018 0.042
44 P 0.057 0.026 0.023 0.031 0.01 0.021 0.036 0.036 0.013 0.026 0.036 0.041 0.01 0.013 0.494 0.044 0.036 0.003 0.013 0.031
45 P 0.057 0.026 0.023 0.031 0.01 0.021 0.036 0.036 0.013 0.026 0.036 0.041 0.01 0.013 0.494 0.044 0.036 0.003 0.013 0.031
46 V 0.07 0.022 0.016 0.018 0.019 0.016 0.023 0.025 0.008 0.165 0.13 0.026 0.032 0.036 0.016 0.033 0.049 0.006 0.021 0.269
47 S 0.11 0.04 0.054 0.049 0.018 0.033 0.052 0.066 0.019 0.03 0.042 0.054 0.016 0.021 0.03 0.22 0.082 0.005 0.018 0.042
48 D 0.041 0.03 0.069 0.397 0.008 0.03 0.091 0.047 0.019 0.022 0.028 0.045 0.009 0.015 0.022 0.052 0.035 0.004 0.011 0.024
49 E 0.055 0.05 0.04 0.09 0.007 0.064 0.296 0.035 0.026 0.022 0.037 0.076 0.013 0.017 0.026 0.055 0.037 0.006 0.017 0.031
50 D 0.041 0.03 0.069 0.397 0.008 0.03 0.091 0.047 0.019 0.022 0.028 0.045 0.009 0.015 0.022 0.052 0.035 0.004 0.011 0.024
51 A 0.29 0.031 0.026 0.03 0.022 0.026 0.04 0.078 0.015 0.043 0.059 0.045 0.018 0.022 0.03 0.085 0.05 0.005 0.018 0.069
52 H 0.042 0.046 0.053 0.038 0.008 0.038 0.053 0.038 0.355 0.023 0.038 0.046 0.015 0.03 0.019 0.042 0.027 0.008 0.057 0.023
53 R 0.068 0.133 0.037 0.035 0.012 0.062 0.051 0.042 0.019 0.045 0.054 0.07 0.017 0.019 0.092 0.101 0.05 0.005 0.017 0.071
54 A 0.174 0.069 0.034 0.036 0.015 0.04 0.056 0.061 0.018 0.035 0.051 0.162 0.016 0.019 0.029 0.069 0.045 0.005 0.017 0.051
55 R 0.045 0.343 0.039 0.031 0.008 0.049 0.052 0.033 0.023 0.023 0.047 0.121 0.016 0.017 0.019 0.045 0.035 0.006 0.017 0.031
56 I 0.047 0.018 0.015 0.018 0.016 0.013 0.018 0.021 0.009 0.268 0.169 0.024 0.037 0.044 0.015 0.025 0.04 0.006 0.021 0.177
57 A 0.287 0.031 0.026 0.03 0.022 0.026 0.041 0.079 0.015 0.043 0.06 0.045 0.018 0.022 0.03 0.085 0.05 0.005 0.018 0.069
58 S 0.11 0.04 0.054 0.049 0.018 0.033 0.053 0.067 0.019 0.03 0.042 0.054 0.016 0.021 0.03 0.217 0.082 0.005 0.018 0.042
59 S 0.11 0.04 0.054 0.049 0.018 0.033 0.053 0.067 0.019 0.03 0.042 0.054 0.016 0.021 0.03 0.217 0.082 0.005 0.018 0.042
60 L 0.108 0.032 0.027 0.042 0.014 0.032 0.113 0.087 0.015 0.071 0.129 0.044 0.024 0.028 0.021 0.049 0.04 0.006 0.018 0.101
61 F 0.104 0.025 0.028 0.026 0.014 0.019 0.028 0.138 0.016 0.046 0.072 0.032 0.019 0.159 0.019 0.055 0.078 0.01 0.056 0.053
62 S 0.11 0.04 0.054 0.049 0.018 0.033 0.053 0.067 0.019 0.03 0.042 0.054 0.016 0.021 0.03 0.217 0.082 0.005 0.018 0.042
63 P 0.057 0.026 0.023 0.031 0.01 0.021 0.036 0.036 0.013 0.026 0.036 0.041 0.01 0.013 0.492 0.044 0.036 0.003 0.013 0.031
64 C 0.065 0.016 0.016 0.016 0.482 0.012 0.016 0.033 0.008 0.045 0.065 0.02 0.016 0.02 0.016 0.041 0.037 0.004 0.012 0.057
65 F 0.034 0.019 0.017 0.017 0.011 0.011 0.019 0.025 0.017 0.064 0.115 0.019 0.025 0.385 0.011 0.025 0.025 0.017 0.089 0.055
66 N 0.126 0.04 0.221 0.065 0.013 0.031 0.046 0.069 0.026 0.029 0.041 0.051 0.013 0.019 0.023 0.075 0.049 0.005 0.016 0.041
67 V 0.07 0.022 0.017 0.018 0.019 0.017 0.023 0.025 0.008 0.165 0.131 0.026 0.032 0.036 0.017 0.033 0.05 0.006 0.021 0.266
68 S 0.101 0.036 0.04 0.09 0.013 0.056 0.055 0.05 0.018 0.033 0.051 0.048 0.016 0.073 0.093 0.106 0.049 0.006 0.026 0.041
69 P 0.088 0.141 0.033 0.033 0.01 0.064 0.054 0.042 0.019 0.027 0.044 0.106 0.015 0.016 0.162 0.051 0.038 0.005 0.016 0.036
70 G 0.099 0.066 0.068 0.039 0.012 0.029 0.041 0.157 0.017 0.026 0.038 0.077 0.012 0.016 0.132 0.076 0.042 0.004 0.014 0.034
71 G 0.06 0.031 0.029 0.026 0.013 0.021 0.028 0.23 0.012 0.08 0.151 0.058 0.024 0.029 0.018 0.043 0.057 0.006 0.016 0.069
72 D 0.075 0.029 0.05 0.266 0.011 0.027 0.066 0.045 0.016 0.04 0.085 0.041 0.033 0.022 0.021 0.069 0.04 0.005 0.014 0.042
73 L 0.104 0.024 0.022 0.024 0.016 0.018 0.027 0.082 0.011 0.124 0.173 0.032 0.028 0.034 0.064 0.059 0.041 0.005 0.018 0.094
74 Y 0.041 0.028 0.022 0.019 0.009 0.022 0.028 0.025 0.047 0.044 0.069 0.031 0.019 0.131 0.016 0.031 0.028 0.028 0.315 0.047
75 L 0.077 0.022 0.021 0.021 0.06 0.016 0.024 0.031 0.011 0.129 0.132 0.027 0.027 0.102 0.017 0.043 0.081 0.007 0.03 0.121
76 P 0.06 0.027 0.028 0.031 0.011 0.022 0.035 0.082 0.046 0.036 0.043 0.039 0.012 0.017 0.337 0.061 0.038 0.004 0.017 0.054
77 L 0.071 0.02 0.016 0.018 0.014 0.014 0.02 0.028 0.012 0.149 0.186 0.024 0.032 0.165 0.014 0.03 0.033 0.009 0.042 0.102
78 L 0.043 0.022 0.014 0.015 0.015 0.014 0.019 0.021 0.011 0.105 0.326 0.023 0.041 0.117 0.013 0.024 0.032 0.008 0.033 0.104
79 L 0.043 0.023 0.015 0.016 0.014 0.016 0.02 0.022 0.011 0.116 0.301 0.024 0.055 0.116 0.013 0.03 0.033 0.008 0.033 0.09
80 L 0.042 0.023 0.015 0.016 0.014 0.016 0.021 0.022 0.017 0.094 0.271 0.024 0.037 0.122 0.013 0.025 0.031 0.012 0.091 0.096
81 A 0.182 0.026 0.026 0.027 0.017 0.021 0.032 0.126 0.013 0.081 0.102 0.036 0.022 0.026 0.023 0.077 0.045 0.005 0.017 0.093
82 L 0.088 0.022 0.022 0.021 0.015 0.017 0.023 0.156 0.011 0.087 0.167 0.028 0.027 0.068 0.017 0.038 0.036 0.007 0.023 0.126
83 L 0.045 0.024 0.014 0.015 0.016 0.016 0.02 0.021 0.01 0.115 0.375 0.025 0.05 0.055 0.014 0.024 0.033 0.007 0.022 0.096
84 F 0.075 0.021 0.022 0.021 0.012 0.014 0.022 0.142 0.015 0.055 0.118 0.025 0.023 0.24 0.014 0.036 0.029 0.012 0.054 0.052
85 L 0.05 0.021 0.015 0.016 0.016 0.015 0.02 0.022 0.01 0.142 0.249 0.024 0.038 0.085 0.014 0.026 0.037 0.007 0.028 0.165
86 A 0.148 0.023 0.021 0.023 0.017 0.018 0.026 0.097 0.011 0.142 0.132 0.031 0.027 0.032 0.02 0.048 0.041 0.006 0.018 0.118
87 L 0.079 0.029 0.022 0.022 0.014 0.019 0.027 0.121 0.012 0.101 0.171 0.053 0.028 0.068 0.017 0.037 0.036 0.007 0.024 0.113
88 I 0.051 0.052 0.019 0.02 0.015 0.017 0.023 0.023 0.01 0.23 0.134 0.033 0.031 0.037 0.016 0.033 0.061 0.006 0.019 0.171
89 L 0.051 0.023 0.017 0.018 0.016 0.017 0.021 0.023 0.01 0.165 0.236 0.026 0.052 0.043 0.015 0.032 0.06 0.006 0.02 0.149
90 L 0.083 0.024 0.021 0.022 0.017 0.018 0.026 0.032 0.011 0.114 0.182 0.03 0.031 0.071 0.018 0.058 0.064 0.007 0.025 0.147
91 A 0.151 0.031 0.035 0.034 0.017 0.025 0.038 0.145 0.015 0.048 0.063 0.042 0.033 0.023 0.024 0.13 0.054 0.005 0.016 0.072
92 T 0.063 0.034 0.032 0.029 0.017 0.028 0.034 0.036 0.015 0.077 0.131 0.041 0.091 0.036 0.022 0.064 0.144 0.007 0.021 0.082
93 A 0.16 0.027 0.026 0.027 0.018 0.021 0.032 0.093 0.012 0.09 0.106 0.036 0.023 0.027 0.022 0.075 0.068 0.005 0.017 0.115
94 A 0.107 0.07 0.064 0.047 0.013 0.055 0.099 0.047 0.022 0.033 0.048 0.059 0.016 0.028 0.024 0.081 0.087 0.007 0.047 0.045
95 L 0.051 0.023 0.021 0.021 0.014 0.017 0.024 0.027 0.015 0.121 0.179 0.027 0.031 0.124 0.016 0.052 0.059 0.01 0.063 0.106
96 G 0.064 0.026 0.036 0.072 0.01 0.024 0.061 0.297 0.014 0.021 0.03 0.039 0.01 0.015 0.155 0.052 0.032 0.004 0.012 0.026
97 G 0.075 0.031 0.043 0.072 0.013 0.026 0.043 0.136 0.018 0.031 0.043 0.042 0.014 0.028 0.069 0.126 0.098 0.007 0.045 0.04
98 L 0.105 0.027 0.023 0.029 0.015 0.023 0.055 0.037 0.013 0.121 0.147 0.036 0.031 0.032 0.065 0.062 0.048 0.005 0.018 0.107
99 A 0.166 0.026 0.025 0.066 0.017 0.02 0.036 0.048 0.013 0.07 0.143 0.034 0.025 0.072 0.021 0.053 0.04 0.007 0.025 0.091
100 H 0.044 0.032 0.034 0.028 0.012 0.026 0.036 0.029 0.182 0.147 0.103 0.035 0.026 0.037 0.017 0.033 0.033 0.007 0.039 0.1
101 L 0.054 0.034 0.027 0.027 0.013 0.073 0.04 0.152 0.015 0.107 0.159 0.042 0.033 0.031 0.017 0.038 0.035 0.006 0.018 0.077
102 L 0.05 0.022 0.014 0.015 0.016 0.015 0.02 0.021 0.009 0.144 0.296 0.024 0.041 0.046 0.014 0.026 0.037 0.006 0.021 0.163
103 A 0.145 0.028 0.027 0.028 0.018 0.022 0.033 0.048 0.013 0.091 0.141 0.037 0.026 0.03 0.022 0.095 0.073 0.006 0.018 0.1
104 A 0.147 0.027 0.024 0.025 0.016 0.021 0.031 0.046 0.017 0.069 0.116 0.034 0.024 0.089 0.021 0.074 0.044 0.009 0.067 0.098
105 L 0.054 0.023 0.018 0.018 0.016 0.016 0.022 0.024 0.01 0.135 0.203 0.026 0.034 0.077 0.016 0.035 0.069 0.007 0.026 0.172
106 L 0.045 0.024 0.014 0.015 0.016 0.016 0.02 0.021 0.01 0.116 0.373 0.025 0.05 0.055 0.014 0.024 0.034 0.007 0.022 0.097
107 F 0.123 0.025 0.023 0.023 0.014 0.018 0.027 0.09 0.017 0.055 0.107 0.031 0.022 0.153 0.018 0.049 0.058 0.011 0.07 0.064
108 G 0.148 0.026 0.031 0.03 0.016 0.021 0.032 0.197 0.013 0.072 0.064 0.037 0.018 0.023 0.022 0.079 0.067 0.005 0.015 0.085
109 L 0.072 0.022 0.018 0.019 0.015 0.015 0.022 0.029 0.012 0.114 0.189 0.026 0.031 0.142 0.015 0.036 0.057 0.009 0.037 0.119
110 L 0.126 0.026 0.02 0.021 0.017 0.02 0.027 0.083 0.012 0.084 0.211 0.032 0.062 0.037 0.018 0.044 0.038 0.006 0.019 0.097
111 L 0.038 0.02 0.015 0.016 0.013 0.012 0.018 0.022 0.012 0.123 0.226 0.021 0.034 0.217 0.012 0.024 0.029 0.011 0.05 0.087
112 A 0.132 0.021 0.018 0.02 0.115 0.016 0.024 0.04 0.011 0.11 0.095 0.027 0.023 0.105 0.018 0.045 0.038 0.007 0.03 0.105
113 T 0.1 0.031 0.037 0.034 0.017 0.025 0.037 0.092 0.014 0.056 0.089 0.041 0.02 0.025 0.024 0.12 0.139 0.005 0.017 0.08
114 L 0.054 0.023 0.018 0.018 0.016 0.016 0.022 0.025 0.01 0.15 0.258 0.026 0.038 0.043 0.015 0.047 0.041 0.006 0.02 0.154
115 V 0.081 0.022 0.017 0.018 0.017 0.016 0.023 0.027 0.009 0.167 0.174 0.027 0.032 0.037 0.016 0.035 0.053 0.006 0.019 0.203
116 V 0.09 0.025 0.024 0.024 0.018 0.019 0.028 0.034 0.01 0.143 0.105 0.032 0.026 0.031 0.02 0.065 0.091 0.005 0.019 0.191
117 P 0.079 0.028 0.023 0.025 0.013 0.04 0.034 0.078 0.016 0.066 0.123 0.037 0.022 0.035 0.155 0.041 0.036 0.007 0.047 0.095
118 L 0.066 0.022 0.015 0.016 0.014 0.014 0.02 0.026 0.012 0.108 0.271 0.024 0.037 0.148 0.014 0.029 0.032 0.009 0.038 0.085
119 N 0.054 0.037 0.229 0.066 0.01 0.028 0.041 0.215 0.025 0.021 0.03 0.047 0.01 0.017 0.02 0.063 0.042 0.005 0.014 0.026
120 Y 0.051 0.03 0.029 0.025 0.012 0.023 0.031 0.031 0.035 0.046 0.067 0.036 0.019 0.094 0.019 0.051 0.103 0.02 0.222 0.054
121 L 0.099 0.028 0.053 0.032 0.014 0.024 0.057 0.038 0.02 0.104 0.111 0.037 0.023 0.047 0.019 0.048 0.061 0.009 0.079 0.098
122 S 0.103 0.04 0.045 0.041 0.014 0.053 0.052 0.054 0.092 0.028 0.041 0.051 0.015 0.02 0.075 0.154 0.056 0.005 0.024 0.037
123 V 0.087 0.095 0.027 0.025 0.015 0.025 0.033 0.035 0.013 0.125 0.094 0.049 0.024 0.028 0.02 0.065 0.069 0.005 0.018 0.148
124 L 0.111 0.036 0.061 0.032 0.014 0.024 0.035 0.045 0.017 0.055 0.133 0.065 0.028 0.114 0.02 0.07 0.041 0.008 0.033 0.057
125 A 0.133 0.028 0.054 0.03 0.016 0.022 0.031 0.091 0.014 0.092 0.115 0.036 0.039 0.029 0.02 0.069 0.045 0.005 0.018 0.113
126 G 0.088 0.066 0.038 0.077 0.012 0.052 0.093 0.099 0.018 0.063 0.057 0.055 0.017 0.021 0.022 0.087 0.045 0.005 0.016 0.071
127 R 0.055 0.128 0.099 0.083 0.01 0.038 0.076 0.089 0.029 0.025 0.038 0.089 0.013 0.017 0.022 0.073 0.063 0.005 0.016 0.032
128 R 0.082 0.139 0.073 0.044 0.01 0.038 0.072 0.135 0.02 0.024 0.039 0.108 0.013 0.017 0.022 0.072 0.04 0.005 0.015 0.032
129 A 0.125 0.074 0.034 0.067 0.012 0.031 0.047 0.091 0.049 0.036 0.075 0.096 0.017 0.021 0.068 0.054 0.037 0.005 0.019 0.043
130 D 0.12 0.032 0.049 0.257 0.011 0.033 0.118 0.05 0.018 0.027 0.036 0.048 0.012 0.016 0.024 0.059 0.038 0.004 0.013 0.036
131 L 0.077 0.028 0.08 0.031 0.015 0.021 0.029 0.037 0.015 0.119 0.182 0.034 0.045 0.036 0.018 0.06 0.043 0.006 0.019 0.105
132 S 0.141 0.036 0.045 0.042 0.017 0.03 0.047 0.063 0.017 0.033 0.045 0.049 0.016 0.02 0.028 0.212 0.091 0.005 0.017 0.047
133 F 0.049 0.02 0.02 0.02 0.012 0.014 0.021 0.117 0.013 0.071 0.117 0.024 0.023 0.205 0.059 0.031 0.031 0.01 0.047 0.095
134 F 0.034 0.019 0.017 0.016 0.01 0.012 0.019 0.024 0.02 0.079 0.105 0.021 0.024 0.331 0.011 0.025 0.026 0.017 0.127 0.061
135 L 0.094 0.024 0.016 0.017 0.017 0.017 0.023 0.03 0.01 0.106 0.302 0.027 0.039 0.044 0.016 0.034 0.037 0.006 0.02 0.123
136 L 0.14 0.024 0.017 0.02 0.017 0.018 0.025 0.038 0.011 0.124 0.226 0.03 0.033 0.038 0.019 0.043 0.039 0.006 0.019 0.113
137 L 0.073 0.021 0.016 0.017 0.016 0.015 0.021 0.026 0.01 0.144 0.192 0.024 0.033 0.103 0.015 0.031 0.038 0.007 0.03 0.167
138 P 0.055 0.024 0.022 0.028 0.01 0.019 0.033 0.033 0.012 0.035 0.042 0.038 0.011 0.014 0.478 0.041 0.035 0.003 0.013 0.053
139 T 0.063 0.027 0.029 0.027 0.017 0.021 0.029 0.033 0.011 0.119 0.144 0.034 0.028 0.032 0.02 0.071 0.145 0.006 0.018 0.126
140 V 0.051 0.023 0.019 0.019 0.015 0.018 0.023 0.024 0.042 0.178 0.137 0.027 0.059 0.07 0.015 0.029 0.039 0.007 0.028 0.179
141 L 0.044 0.022 0.015 0.017 0.015 0.017 0.02 0.022 0.011 0.185 0.224 0.025 0.079 0.077 0.014 0.026 0.035 0.007 0.026 0.119
142 S 0.104 0.038 0.051 0.046 0.017 0.031 0.05 0.063 0.018 0.028 0.04 0.051 0.015 0.02 0.028 0.261 0.078 0.005 0.017 0.04
143 A 0.265 0.028 0.025 0.028 0.061 0.023 0.036 0.065 0.013 0.05 0.061 0.04 0.017 0.021 0.026 0.088 0.049 0.005 0.016 0.082
144 F 0.051 0.026 0.027 0.025 0.013 0.018 0.027 0.033 0.015 0.056 0.107 0.03 0.023 0.193 0.017 0.065 0.116 0.053 0.049 0.057
145 Q 0.053 0.07 0.042 0.045 0.008 0.256 0.098 0.039 0.028 0.025 0.045 0.086 0.02 0.014 0.022 0.053 0.039 0.006 0.02 0.033
146 N 0.04 0.043 0.353 0.079 0.009 0.032 0.047 0.062 0.03 0.021 0.03 0.051 0.011 0.017 0.019 0.066 0.047 0.004 0.015 0.026
147 L 0.055 0.021 0.015 0.016 0.017 0.015 0.02 0.022 0.008 0.166 0.224 0.024 0.036 0.041 0.015 0.027 0.04 0.006 0.02 0.212
148 Y 0.041 0.026 0.02 0.018 0.01 0.02 0.026 0.024 0.041 0.051 0.07 0.029 0.019 0.116 0.015 0.03 0.028 0.025 0.326 0.066
149 L 0.042 0.023 0.013 0.014 0.015 0.015 0.019 0.02 0.01 0.109 0.408 0.024 0.047 0.052 0.013 0.023 0.032 0.007 0.021 0.091
150 G 0.071 0.026 0.034 0.03 0.013 0.02 0.028 0.287 0.013 0.045 0.127 0.034 0.02 0.026 0.019 0.081 0.059 0.006 0.015 0.047
151 L 0.05 0.023 0.018 0.019 0.013 0.016 0.023 0.026 0.014 0.093 0.217 0.027 0.031 0.109 0.099 0.032 0.047 0.009 0.057 0.075
152 V 0.082 0.021 0.02 0.02 0.015 0.016 0.023 0.113 0.011 0.104 0.123 0.026 0.026 0.095 0.016 0.036 0.039 0.007 0.029 0.179
153 A 0.287 0.03 0.028 0.03 0.02 0.025 0.039 0.071 0.014 0.041 0.055 0.043 0.017 0.021 0.028 0.096 0.07 0.005 0.017 0.063
154 G 0.049 0.031 0.093 0.134 0.008 0.028 0.072 0.135 0.049 0.022 0.032 0.042 0.011 0.02 0.102 0.048 0.033 0.047 0.02 0.025
155 D 0.066 0.095 0.046 0.137 0.009 0.054 0.084 0.041 0.084 0.026 0.04 0.06 0.014 0.027 0.021 0.066 0.042 0.007 0.05 0.032
156 L 0.071 0.023 0.016 0.017 0.016 0.017 0.022 0.026 0.01 0.143 0.262 0.027 0.059 0.044 0.015 0.031 0.037 0.006 0.02 0.137
157 D 0.081 0.035 0.098 0.146 0.012 0.031 0.078 0.05 0.019 0.029 0.039 0.048 0.013 0.017 0.065 0.096 0.086 0.004 0.014 0.038
158 P 0.091 0.036 0.047 0.075 0.013 0.048 0.073 0.089 0.017 0.03 0.041 0.049 0.014 0.017 0.107 0.106 0.087 0.005 0.015 0.04
159 A 0.109 0.027 0.032 0.062 0.015 0.021 0.036 0.076 0.014 0.075 0.1 0.035 0.021 0.091 0.02 0.102 0.047 0.007 0.028 0.081
160 A 0.145 0.065 0.06 0.039 0.055 0.049 0.068 0.051 0.049 0.035 0.05 0.053 0.016 0.02 0.024 0.066 0.081 0.005 0.019 0.049
161 L 0.044 0.023 0.014 0.015 0.015 0.016 0.02 0.021 0.01 0.125 0.32 0.024 0.056 0.08 0.014 0.025 0.033 0.007 0.026 0.112
162 Q 0.052 0.095 0.042 0.043 0.008 0.234 0.093 0.038 0.035 0.025 0.044 0.088 0.019 0.014 0.022 0.052 0.038 0.006 0.02 0.033
163 V 0.098 0.023 0.017 0.019 0.016 0.017 0.024 0.032 0.012 0.104 0.137 0.027 0.042 0.13 0.016 0.037 0.039 0.008 0.036 0.167
164 L 0.072 0.023 0.016 0.017 0.016 0.016 0.022 0.026 0.01 0.127 0.243 0.026 0.05 0.074 0.015 0.031 0.037 0.007 0.026 0.146
165 L 0.047 0.021 0.014 0.016 0.016 0.014 0.019 0.021 0.009 0.184 0.278 0.024 0.04 0.046 0.014 0.025 0.036 0.006 0.02 0.153
166 I 0.061 0.024 0.023 0.023 0.016 0.019 0.026 0.03 0.011 0.197 0.127 0.03 0.043 0.036 0.018 0.071 0.067 0.006 0.019 0.154
167 L 0.05 0.023 0.019 0.019 0.015 0.017 0.023 0.025 0.013 0.131 0.208 0.027 0.033 0.079 0.016 0.036 0.076 0.009 0.053 0.129
168 N 0.048 0.041 0.251 0.065 0.009 0.031 0.046 0.097 0.087 0.022 0.031 0.048 0.011 0.019 0.02 0.076 0.044 0.005 0.021 0.026
169 F 0.036 0.019 0.015 0.016 0.011 0.012 0.019 0.024 0.014 0.104 0.108 0.02 0.025 0.264 0.011 0.024 0.028 0.097 0.065 0.089
170 L 0.117 0.023 0.017 0.019 0.017 0.018 0.024 0.034 0.011 0.149 0.211 0.029 0.048 0.039 0.018 0.039 0.039 0.006 0.02 0.123
171 F 0.038 0.021 0.021 0.051 0.011 0.015 0.026 0.024 0.021 0.118 0.128 0.025 0.026 0.187 0.013 0.027 0.03 0.014 0.124 0.08
172 V 0.05 0.019 0.016 0.017 0.015 0.013 0.02 0.023 0.011 0.168 0.136 0.023 0.031 0.157 0.014 0.027 0.038 0.009 0.043 0.169
173 A 0.191 0.034 0.038 0.037 0.018 0.028 0.043 0.064 0.016 0.037 0.05 0.046 0.016 0.021 0.028 0.157 0.1 0.005 0.017 0.055
174 L 0.078 0.021 0.019 0.02 0.015 0.016 0.022 0.112 0.01 0.132 0.16 0.026 0.029 0.066 0.016 0.035 0.037 0.006 0.023 0.155
175 L 0.103 0.024 0.022 0.023 0.017 0.018 0.026 0.076 0.011 0.125 0.147 0.031 0.028 0.033 0.019 0.048 0.081 0.006 0.018 0.144
176 L 0.049 0.024 0.018 0.018 0.016 0.017 0.022 0.024 0.01 0.12 0.306 0.027 0.04 0.045 0.016 0.035 0.076 0.006 0.02 0.112
177 L 0.045 0.021 0.016 0.016 0.055 0.015 0.02 0.023 0.017 0.088 0.2 0.023 0.031 0.15 0.013 0.027 0.032 0.012 0.091 0.106
178 L 0.094 0.024 0.018 0.019 0.016 0.017 0.024 0.032 0.011 0.094 0.266 0.028 0.036 0.073 0.017 0.039 0.056 0.007 0.025 0.104
179 V 0.062 0.022 0.023 0.022 0.015 0.017 0.023 0.152 0.01 0.129 0.129 0.028 0.041 0.032 0.017 0.039 0.059 0.006 0.017 0.157
180 L 0.044 0.021 0.014 0.015 0.015 0.014 0.019 0.021 0.01 0.142 0.318 0.023 0.042 0.079 0.013 0.024 0.033 0.007 0.026 0.119
181 L 0.12 0.026 0.023 0.024 0.015 0.02 0.029 0.04 0.016 0.096 0.121 0.032 0.039 0.104 0.019 0.065 0.061 0.009 0.057 0.083
182 L 0.094 0.024 0.022 0.022 0.016 0.019 0.026 0.076 0.011 0.111 0.194 0.03 0.031 0.036 0.018 0.064 0.043 0.006 0.019 0.136
183 I 0.063 0.07 0.081 0.034 0.054 0.026 0.035 0.038 0.016 0.09 0.073 0.066 0.02 0.027 0.019 0.051 0.085 0.048 0.021 0.086
184 A 0.29 0.031 0.026 0.03 0.022 0.026 0.04 0.078 0.015 0.043 0.059 0.045 0.018 0.022 0.03 0.085 0.05 0.005 0.018 0.069
185 G 0.078 0.023 0.039 0.034 0.011 0.019 0.026 0.51 0.014 0.019 0.028 0.034 0.009 0.016 0.019 0.051 0.03 0.005 0.011 0.024
186 R 0.049 0.214 0.069 0.072 0.009 0.04 0.052 0.083 0.02 0.025 0.041 0.115 0.014 0.017 0.021 0.051 0.057 0.005 0.015 0.032
187 P 0.052 0.031 0.028 0.062 0.011 0.021 0.036 0.078 0.014 0.053 0.092 0.058 0.019 0.093 0.154 0.042 0.056 0.006 0.027 0.067
188 P 0.059 0.101 0.033 0.032 0.011 0.049 0.044 0.082 0.017 0.042 0.055 0.08 0.016 0.054 0.111 0.066 0.061 0.006 0.022 0.061
189 K 0.099 0.084 0.063 0.039 0.012 0.035 0.049 0.089 0.018 0.029 0.043 0.14 0.014 0.017 0.066 0.076 0.068 0.005 0.016 0.039
190 F 0.069 0.028 0.031 0.029 0.014 0.022 0.032 0.101 0.015 0.06 0.085 0.035 0.04 0.121 0.05 0.1 0.047 0.008 0.034 0.079
191 D 0.054 0.036 0.081 0.136 0.01 0.035 0.105 0.11 0.059 0.028 0.038 0.049 0.013 0.019 0.022 0.06 0.088 0.005 0.019 0.035
192 N 0.054 0.037 0.229 0.066 0.01 0.028 0.041 0.215 0.025 0.021 0.03 0.047 0.01 0.017 0.02 0.063 0.042 0.005 0.014 0.026
193 P 0.092 0.084 0.035 0.042 0.011 0.061 0.086 0.044 0.03 0.027 0.041 0.078 0.014 0.016 0.162 0.076 0.042 0.005 0.017 0.036
194 A 0.18 0.145 0.031 0.039 0.014 0.038 0.09 0.054 0.019 0.032 0.05 0.073 0.016 0.019 0.025 0.064 0.041 0.005 0.017 0.048
195 V 0.053 0.078 0.022 0.022 0.014 0.052 0.037 0.028 0.014 0.095 0.131 0.047 0.027 0.035 0.016 0.034 0.039 0.078 0.026 0.152
196 P 0.051 0.186 0.031 0.031 0.009 0.035 0.044 0.035 0.018 0.025 0.041 0.081 0.013 0.015 0.257 0.044 0.036 0.004 0.015 0.031
197 D 0.041 0.03 0.069 0.398 0.007 0.03 0.091 0.047 0.019 0.022 0.028 0.045 0.009 0.015 0.022 0.052 0.035 0.004 0.011 0.024
198 P 0.051 0.025 0.019 0.023 0.013 0.018 0.028 0.029 0.011 0.071 0.206 0.033 0.03 0.034 0.254 0.034 0.035 0.005 0.018 0.064
199 A 0.18 0.026 0.021 0.024 0.02 0.021 0.032 0.051 0.011 0.104 0.095 0.035 0.025 0.029 0.023 0.059 0.05 0.005 0.019 0.169
200 A 0.2 0.036 0.04 0.039 0.02 0.029 0.046 0.072 0.017 0.036 0.051 0.049 0.017 0.021 0.03 0.153 0.066 0.005 0.017 0.055
201 D 0.043 0.188 0.054 0.215 0.008 0.039 0.072 0.04 0.021 0.023 0.037 0.082 0.012 0.016 0.021 0.048 0.035 0.005 0.014 0.028
202 P 0.083 0.033 0.039 0.04 0.014 0.027 0.044 0.051 0.016 0.028 0.039 0.048 0.013 0.017 0.262 0.132 0.059 0.004 0.015 0.036
203 R 0.045 0.346 0.039 0.031 0.008 0.048 0.052 0.033 0.023 0.023 0.046 0.12 0.015 0.017 0.019 0.045 0.035 0.006 0.017 0.031
204 R 0.045 0.345 0.039 0.031 0.008 0.048 0.052 0.033 0.023 0.023 0.047 0.12 0.016 0.017 0.019 0.045 0.035 0.006 0.017 0.031
205 R 0.045 0.345 0.039 0.031 0.008 0.048 0.052 0.033 0.023 0.023 0.047 0.12 0.016 0.017 0.019 0.045 0.035 0.006 0.017 0.031
206 H 0.042 0.046 0.053 0.038 0.008 0.038 0.053 0.038 0.355 0.023 0.038 0.046 0.015 0.03 0.019 0.042 0.027 0.008 0.057 0.023
207 A 0.29 0.031 0.026 0.03 0.022 0.026 0.04 0.078 0.015 0.043 0.059 0.045 0.018 0.022 0.03 0.085 0.05 0.005 0.018 0.069
208 G 0.078 0.023 0.039 0.034 0.011 0.019 0.026 0.51 0.014 0.019 0.028 0.034 0.009 0.016 0.019 0.051 0.03 0.005 0.011 0.024
209 R 0.057 0.132 0.044 0.09 0.011 0.062 0.056 0.108 0.019 0.031 0.045 0.069 0.015 0.018 0.022 0.06 0.102 0.005 0.016 0.04
210 K 0.083 0.111 0.035 0.034 0.012 0.072 0.054 0.082 0.018 0.048 0.056 0.127 0.018 0.019 0.022 0.066 0.042 0.005 0.017 0.08
211 L 0.071 0.035 0.023 0.031 0.014 0.028 0.079 0.03 0.014 0.077 0.257 0.059 0.034 0.038 0.019 0.04 0.055 0.006 0.019 0.072
212 L 0.092 0.03 0.02 0.021 0.013 0.02 0.029 0.034 0.018 0.085 0.136 0.052 0.025 0.111 0.059 0.038 0.035 0.011 0.085 0.087
213 R 0.052 0.187 0.062 0.037 0.01 0.074 0.054 0.038 0.021 0.048 0.051 0.096 0.016 0.018 0.062 0.068 0.041 0.005 0.017 0.042
214 W 0.066 0.096 0.026 0.025 0.012 0.028 0.036 0.034 0.015 0.074 0.07 0.09 0.019 0.032 0.018 0.046 0.057 0.134 0.029 0.093
215 L 0.084 0.027 0.027 0.026 0.016 0.021 0.029 0.077 0.014 0.077 0.154 0.034 0.026 0.039 0.02 0.068 0.102 0.007 0.046 0.105
216 L 0.099 0.055 0.023 0.022 0.016 0.021 0.029 0.035 0.012 0.088 0.165 0.037 0.028 0.065 0.019 0.047 0.08 0.007 0.024 0.128
217 L 0.099 0.023 0.02 0.02 0.015 0.017 0.024 0.076 0.012 0.091 0.164 0.028 0.027 0.1 0.017 0.041 0.05 0.05 0.033 0.092
218 V 0.074 0.026 0.026 0.025 0.078 0.02 0.029 0.046 0.015 0.082 0.091 0.032 0.037 0.068 0.018 0.09 0.048 0.008 0.051 0.136
219 L 0.069 0.021 0.016 0.018 0.015 0.015 0.02 0.067 0.01 0.163 0.264 0.026 0.037 0.043 0.015 0.03 0.035 0.006 0.019 0.109
220 A 0.183 0.025 0.019 0.022 0.018 0.019 0.029 0.047 0.012 0.098 0.14 0.032 0.026 0.063 0.021 0.052 0.042 0.006 0.024 0.122
221 V 0.059 0.023 0.019 0.024 0.016 0.019 0.049 0.07 0.01 0.149 0.138 0.029 0.029 0.042 0.016 0.033 0.041 0.006 0.02 0.208
222 L 0.047 0.022 0.014 0.016 0.016 0.016 0.02 0.021 0.009 0.166 0.28 0.025 0.054 0.046 0.014 0.025 0.036 0.006 0.021 0.146
223 L 0.08 0.022 0.018 0.019 0.017 0.017 0.023 0.028 0.01 0.158 0.215 0.027 0.035 0.04 0.017 0.036 0.059 0.006 0.02 0.155
224 L 0.078 0.023 0.02 0.021 0.015 0.017 0.024 0.073 0.011 0.109 0.174 0.027 0.03 0.099 0.016 0.052 0.04 0.007 0.029 0.133
225 Y 0.041 0.036 0.025 0.024 0.009 0.077 0.042 0.027 0.033 0.046 0.096 0.041 0.022 0.14 0.016 0.034 0.03 0.018 0.197 0.047
226 G 0.107 0.03 0.042 0.038 0.014 0.025 0.037 0.259 0.015 0.027 0.038 0.042 0.013 0.018 0.024 0.143 0.072 0.005 0.014 0.037
227 A 0.166 0.025 0.021 0.023 0.017 0.019 0.029 0.046 0.012 0.092 0.114 0.032 0.024 0.094 0.02 0.054 0.061 0.007 0.029 0.114
228 L 0.141 0.023 0.018 0.02 0.017 0.017 0.025 0.039 0.011 0.14 0.156 0.029 0.029 0.066 0.019 0.044 0.04 0.006 0.024 0.134
229 L 0.059 0.028 0.028 0.026 0.016 0.021 0.028 0.074 0.012 0.075 0.23 0.033 0.032 0.036 0.019 0.067 0.12 0.006 0.018 0.073
230 L 0.057 0.024 0.02 0.02 0.015 0.018 0.024 0.069 0.011 0.117 0.192 0.028 0.06 0.07 0.016 0.049 0.04 0.007 0.025 0.138
231 L 0.1 0.022 0.018 0.019 0.016 0.016 0.023 0.073 0.01 0.118 0.177 0.027 0.03 0.067 0.017 0.038 0.039 0.007 0.024 0.156
232 L 0.044 0.021 0.014 0.015 0.015 0.014 0.019 0.022 0.011 0.105 0.286 0.023 0.038 0.141 0.013 0.025 0.032 0.009 0.037 0.117
233 F 0.041 0.024 0.023 0.021 0.011 0.017 0.026 0.028 0.052 0.054 0.096 0.026 0.036 0.273 0.013 0.047 0.03 0.015 0.116 0.05
234 G 0.062 0.089 0.061 0.037 0.01 0.045 0.041 0.206 0.017 0.022 0.034 0.055 0.012 0.015 0.145 0.065 0.037 0.004 0.013 0.028
235 A 0.169 0.031 0.058 0.034 0.016 0.024 0.037 0.096 0.039 0.04 0.056 0.04 0.016 0.054 0.034 0.07 0.102 0.006 0.024 0.054
236 N 0.062 0.039 0.122 0.09 0.011 0.035 0.097 0.05 0.052 0.026 0.036 0.052 0.013 0.018 0.065 0.109 0.069 0.005 0.018 0.033
237 P 0.05 0.022 0.021 0.023 0.012 0.017 0.026 0.07 0.012 0.094 0.131 0.03 0.023 0.093 0.183 0.037 0.053 0.006 0.027 0.069
238 V 0.115 0.025 0.024 0.025 0.017 0.02 0.029 0.039 0.011 0.131 0.094 0.034 0.024 0.028 0.063 0.056 0.108 0.005 0.018 0.134
239 A 0.211 0.031 0.035 0.035 0.017 0.026 0.04 0.147 0.015 0.033 0.046 0.044 0.015 0.019 0.026 0.135 0.054 0.005 0.016 0.05
240 A 0.214 0.029 0.025 0.026 0.017 0.024 0.035 0.056 0.019 0.05 0.097 0.039 0.035 0.042 0.024 0.078 0.044 0.009 0.074 0.064
241 L 0.061 0.022 0.015 0.016 0.015 0.015 0.02 0.024 0.011 0.122 0.286 0.024 0.039 0.109 0.014 0.028 0.033 0.008 0.031 0.109
242 A 0.25 0.031 0.032 0.033 0.019 0.026 0.04 0.11 0.015 0.036 0.05 0.044 0.016 0.02 0.027 0.123 0.053 0.005 0.016 0.055
243 S 0.101 0.038 0.05 0.045 0.017 0.031 0.049 0.061 0.018 0.03 0.042 0.051 0.015 0.02 0.028 0.246 0.095 0.005 0.017 0.042
244 L 0.095 0.025 0.022 0.022 0.015 0.018 0.027 0.036 0.013 0.089 0.176 0.03 0.043 0.132 0.018 0.059 0.058 0.009 0.035 0.077
245 R 0.042 0.379 0.037 0.029 0.007 0.046 0.05 0.031 0.022 0.022 0.044 0.114 0.015 0.016 0.018 0.042 0.033 0.005 0.016 0.029
246 N 0.04 0.043 0.353 0.079 0.009 0.032 0.047 0.062 0.03 0.021 0.03 0.051 0.011 0.017 0.019 0.066 0.047 0.004 0.015 0.026
247 L 0.045 0.02 0.014 0.016 0.016 0.014 0.018 0.02 0.009 0.213 0.26 0.023 0.04 0.045 0.014 0.024 0.036 0.006 0.02 0.147
248 L 0.104 0.026 0.022 0.022 0.017 0.02 0.028 0.036 0.011 0.113 0.18 0.032 0.045 0.036 0.019 0.061 0.064 0.006 0.019 0.141
249 A 0.201 0.031 0.033 0.032 0.018 0.025 0.038 0.101 0.014 0.041 0.054 0.042 0.017 0.021 0.027 0.095 0.128 0.005 0.016 0.06
250 P 0.054 0.024 0.022 0.028 0.052 0.019 0.033 0.034 0.012 0.026 0.037 0.037 0.01 0.013 0.478 0.041 0.034 0.003 0.012 0.031
251 L 0.043 0.025 0.016 0.017 0.014 0.019 0.022 0.024 0.013 0.105 0.215 0.027 0.105 0.11 0.013 0.028 0.033 0.051 0.036 0.084
252 L 0.042 0.023 0.013 0.015 0.015 0.015 0.019 0.02 0.009 0.126 0.387 0.024 0.046 0.051 0.013 0.023 0.032 0.007 0.021 0.098
253 F 0.035 0.018 0.015 0.016 0.011 0.011 0.018 0.023 0.014 0.122 0.121 0.019 0.027 0.325 0.011 0.024 0.027 0.013 0.068 0.081
254 L 0.043 0.023 0.02 0.019 0.013 0.016 0.022 0.025 0.015 0.077 0.222 0.026 0.032 0.175 0.015 0.035 0.071 0.011 0.069 0.07
255 L 0.046 0.024 0.017 0.017 0.056 0.016 0.021 0.023 0.013 0.093 0.322 0.026 0.04 0.053 0.015 0.03 0.053 0.008 0.048 0.082
256 L 0.047 0.02 0.015 0.016 0.015 0.014 0.02 0.022 0.013 0.174 0.175 0.023 0.032 0.111 0.014 0.026 0.036 0.009 0.058 0.16
257 G 0.079 0.024 0.039 0.034 0.011 0.02 0.028 0.457 0.014 0.02 0.029 0.035 0.01 0.016 0.02 0.084 0.036 0.005 0.011 0.026
258 L 0.043 0.021 0.015 0.016 0.014 0.014 0.019 0.021 0.013 0.149 0.244 0.023 0.036 0.115 0.013 0.025 0.033 0.01 0.059 0.118
259 L 0.066 0.028 0.023 0.02 0.012 0.021 0.029 0.029 0.085 0.07 0.179 0.031 0.028 0.068 0.016 0.033 0.031 0.013 0.137 0.08
260 A 0.224 0.03 0.029 0.03 0.018 0.024 0.037 0.103 0.014 0.051 0.068 0.041 0.032 0.023 0.025 0.1 0.05 0.005 0.017 0.079
261 S 0.116 0.031 0.062 0.038 0.015 0.025 0.039 0.053 0.017 0.06 0.065 0.041 0.018 0.088 0.023 0.141 0.075 0.007 0.028 0.058
262 R 0.086 0.164 0.036 0.033 0.053 0.038 0.048 0.042 0.018 0.033 0.049 0.133 0.016 0.018 0.023 0.075 0.067 0.005 0.016 0.046
263 R 0.049 0.126 0.084 0.037 0.01 0.049 0.045 0.038 0.02 0.062 0.063 0.082 0.018 0.057 0.018 0.06 0.04 0.049 0.027 0.067
264 V 0.146 0.024 0.02 0.022 0.018 0.019 0.027 0.041 0.011 0.143 0.129 0.031 0.027 0.032 0.02 0.05 0.063 0.005 0.018 0.154
265 D 0.056 0.076 0.077 0.137 0.093 0.032 0.055 0.044 0.049 0.027 0.039 0.083 0.013 0.018 0.021 0.083 0.042 0.005 0.017 0.033
266 L 0.073 0.025 0.023 0.021 0.015 0.018 0.026 0.041 0.035 0.086 0.192 0.029 0.03 0.1 0.017 0.042 0.076 0.008 0.032 0.109
267 R 0.07 0.105 0.07 0.105 0.01 0.054 0.059 0.086 0.051 0.027 0.039 0.104 0.014 0.017 0.022 0.068 0.039 0.005 0.018 0.036
268 R 0.074 0.129 0.058 0.033 0.012 0.033 0.043 0.038 0.02 0.049 0.085 0.103 0.019 0.031 0.021 0.053 0.079 0.007 0.045 0.068
269 Y 0.037 0.053 0.02 0.018 0.01 0.02 0.026 0.024 0.032 0.05 0.103 0.033 0.022 0.183 0.014 0.029 0.027 0.021 0.23 0.049
270 L 0.044 0.023 0.017 0.017 0.013 0.017 0.021 0.064 0.018 0.101 0.27 0.026 0.036 0.066 0.014 0.027 0.031 0.011 0.103 0.08
271 K 0.073 0.174 0.035 0.033 0.009 0.041 0.051 0.08 0.019 0.028 0.048 0.177 0.015 0.05 0.022 0.048 0.035 0.006 0.022 0.034
272 Y 0.066 0.026 0.02 0.019 0.011 0.02 0.026 0.071 0.028 0.054 0.127 0.03 0.037 0.082 0.015 0.034 0.03 0.059 0.19 0.054
273 L 0.049 0.022 0.015 0.016 0.016 0.016 0.02 0.021 0.009 0.17 0.256 0.025 0.053 0.044 0.014 0.026 0.038 0.006 0.02 0.164
274 T 0.073 0.036 0.044 0.038 0.018 0.028 0.04 0.044 0.014 0.054 0.065 0.046 0.02 0.024 0.028 0.093 0.244 0.006 0.018 0.071
275 V 0.088 0.024 0.024 0.024 0.099 0.018 0.028 0.037 0.012 0.081 0.086 0.03 0.022 0.091 0.019 0.078 0.066 0.007 0.028 0.138
276 V 0.097 0.056 0.05 0.027 0.014 0.023 0.031 0.039 0.018 0.083 0.087 0.04 0.036 0.071 0.018 0.06 0.041 0.051 0.055 0.102
277 L 0.045 0.022 0.016 0.017 0.015 0.015 0.02 0.022 0.009 0.171 0.296 0.025 0.041 0.046 0.015 0.029 0.055 0.006 0.02 0.115
278 G 0.14 0.026 0.034 0.032 0.014 0.021 0.031 0.298 0.014 0.05 0.047 0.037 0.014 0.02 0.022 0.09 0.042 0.005 0.014 0.048
279 I 0.072 0.022 0.019 0.02 0.014 0.017 0.024 0.031 0.014 0.131 0.125 0.027 0.026 0.079 0.015 0.05 0.038 0.094 0.06 0.122
280 V 0.079 0.021 0.017 0.018 0.057 0.015 0.022 0.029 0.011 0.114 0.139 0.025 0.042 0.131 0.015 0.034 0.037 0.008 0.035 0.149
281 V 0.111 0.024 0.022 0.023 0.018 0.019 0.028 0.036 0.01 0.13 0.103 0.031 0.026 0.03 0.02 0.063 0.069 0.005 0.019 0.213
282 I 0.052 0.019 0.014 0.016 0.016 0.014 0.019 0.021 0.008 0.222 0.188 0.023 0.035 0.041 0.014 0.026 0.04 0.006 0.02 0.204
283 L 0.127 0.026 0.023 0.024 0.017 0.02 0.029 0.042 0.012 0.102 0.166 0.033 0.028 0.066 0.02 0.078 0.045 0.006 0.024 0.112
284 F 0.035 0.018 0.016 0.016 0.011 0.011 0.018 0.024 0.015 0.068 0.11 0.019 0.025 0.387 0.011 0.025 0.026 0.015 0.079 0.073
285 G 0.095 0.022 0.036 0.032 0.011 0.018 0.025 0.497 0.013 0.02 0.029 0.033 0.01 0.016 0.019 0.051 0.03 0.005 0.011 0.027
286 F 0.041 0.019 0.015 0.016 0.013 0.012 0.019 0.023 0.013 0.122 0.144 0.02 0.029 0.261 0.012 0.025 0.031 0.012 0.057 0.117
287 L 0.045 0.021 0.016 0.016 0.014 0.015 0.02 0.022 0.016 0.148 0.191 0.024 0.032 0.12 0.014 0.026 0.034 0.011 0.086 0.132
288 E 0.052 0.047 0.038 0.085 0.007 0.061 0.333 0.033 0.024 0.021 0.035 0.072 0.012 0.016 0.024 0.052 0.035 0.005 0.016 0.03
289 Y 0.069 0.115 0.026 0.023 0.011 0.027 0.034 0.033 0.026 0.046 0.113 0.052 0.021 0.062 0.017 0.054 0.035 0.055 0.134 0.048
290 F 0.043 0.025 0.075 0.029 0.012 0.017 0.026 0.033 0.019 0.078 0.14 0.029 0.025 0.201 0.014 0.051 0.035 0.012 0.074 0.062
291 L 0.047 0.025 0.02 0.02 0.014 0.018 0.024 0.025 0.02 0.134 0.186 0.029 0.032 0.067 0.016 0.035 0.066 0.012 0.11 0.099
292 G 0.085 0.029 0.034 0.062 0.014 0.04 0.039 0.162 0.013 0.065 0.089 0.039 0.02 0.024 0.02 0.055 0.094 0.005 0.016 0.094
293 P 0.052 0.035 0.079 0.038 0.01 0.024 0.038 0.039 0.016 0.033 0.068 0.063 0.014 0.017 0.312 0.049 0.057 0.004 0.014 0.037
294 D 0.056 0.044 0.078 0.198 0.009 0.068 0.071 0.088 0.028 0.023 0.033 0.074 0.012 0.016 0.022 0.086 0.043 0.004 0.015 0.028
295 F 0.04 0.019 0.015 0.016 0.013 0.012 0.019 0.023 0.013 0.105 0.165 0.02 0.03 0.262 0.012 0.025 0.03 0.012 0.058 0.111
296 W 0.029 0.022 0.014 0.014 0.007 0.014 0.022 0.029 0.014 0.029 0.05 0.022 0.014 0.057 0.007 0.022 0.022 0.519 0.065 0.029
297 E 0.05 0.04 0.031 0.051 0.011 0.083 0.12 0.031 0.021 0.082 0.093 0.054 0.021 0.032 0.062 0.045 0.056 0.007 0.046 0.063
298 A 0.121 0.087 0.033 0.062 0.013 0.027 0.041 0.046 0.019 0.037 0.055 0.05 0.016 0.064 0.021 0.078 0.076 0.051 0.054 0.047
299 L 0.112 0.023 0.017 0.019 0.016 0.016 0.023 0.034 0.012 0.117 0.229 0.027 0.034 0.104 0.017 0.038 0.035 0.008 0.03 0.091
300 N 0.052 0.035 0.241 0.07 0.009 0.027 0.04 0.219 0.024 0.02 0.029 0.045 0.01 0.016 0.019 0.06 0.04 0.005 0.013 0.025
301 L 0.043 0.02 0.014 0.016 0.015 0.014 0.018 0.02 0.009 0.209 0.284 0.023 0.041 0.047 0.014 0.023 0.035 0.006 0.02 0.129
302 R 0.083 0.103 0.039 0.045 0.011 0.057 0.099 0.043 0.05 0.028 0.043 0.087 0.015 0.018 0.065 0.089 0.063 0.005 0.019 0.037
303 E 0.074 0.076 0.042 0.091 0.01 0.039 0.1 0.051 0.08 0.032 0.052 0.098 0.03 0.021 0.022 0.057 0.056 0.006 0.022 0.039
304 L 0.042 0.023 0.013 0.014 0.015 0.015 0.019 0.02 0.01 0.109 0.408 0.024 0.047 0.052 0.013 0.023 0.032 0.007 0.021 0.091
305 W 0.029 0.022 0.014 0.014 0.007 0.014 0.022 0.029 0.014 0.029 0.05 0.022 0.014 0.057 0.007 0.022 0.022 0.519 0.065 0.029
306 E 0.104 0.039 0.069 0.126 0.011 0.042 0.172 0.049 0.021 0.026 0.037 0.057 0.013 0.017 0.025 0.092 0.045 0.005 0.015 0.036
307 L 0.094 0.058 0.054 0.032 0.013 0.033 0.045 0.041 0.016 0.056 0.165 0.151 0.025 0.028 0.022 0.048 0.038 0.006 0.018 0.056
308 K 0.054 0.102 0.039 0.039 0.008 0.051 0.067 0.041 0.02 0.026 0.041 0.316 0.015 0.015 0.026 0.051 0.038 0.005 0.016 0.031
309 G 0.074 0.022 0.037 0.032 0.01 0.018 0.024 0.536 0.013 0.018 0.027 0.032 0.009 0.015 0.018 0.049 0.028 0.005 0.01 0.023
310 L 0.044 0.02 0.014 0.016 0.015 0.015 0.018 0.02 0.009 0.225 0.244 0.024 0.053 0.046 0.014 0.024 0.036 0.006 0.02 0.135
311 P 0.129 0.058 0.03 0.036 0.013 0.027 0.061 0.13 0.015 0.027 0.04 0.049 0.012 0.016 0.189 0.072 0.04 0.004 0.014 0.038
312 L 0.051 0.025 0.073 0.028 0.015 0.018 0.025 0.03 0.012 0.151 0.183 0.03 0.031 0.037 0.016 0.038 0.061 0.006 0.019 0.151
313 N 0.1 0.043 0.112 0.048 0.013 0.05 0.07 0.049 0.02 0.06 0.083 0.071 0.019 0.023 0.022 0.076 0.065 0.005 0.017 0.056
314 A 0.146 0.041 0.069 0.088 0.013 0.072 0.088 0.054 0.02 0.03 0.044 0.056 0.015 0.017 0.079 0.064 0.042 0.005 0.016 0.043
315 G 0.077 0.058 0.086 0.073 0.011 0.027 0.061 0.165 0.017 0.048 0.055 0.045 0.015 0.053 0.019 0.049 0.037 0.006 0.02 0.078
316 T 0.065 0.087 0.035 0.031 0.014 0.027 0.036 0.08 0.015 0.068 0.065 0.05 0.018 0.026 0.021 0.09 0.125 0.048 0.021 0.078
317 G 0.067 0.022 0.03 0.028 0.012 0.017 0.024 0.365 0.012 0.045 0.099 0.031 0.017 0.023 0.059 0.042 0.031 0.005 0.013 0.059
318 L 0.047 0.022 0.014 0.015 0.016 0.015 0.019 0.021 0.009 0.15 0.319 0.024 0.042 0.047 0.014 0.025 0.035 0.006 0.021 0.14
319 P 0.054 0.024 0.022 0.029 0.01 0.02 0.034 0.034 0.012 0.024 0.034 0.039 0.01 0.012 0.52 0.042 0.034 0.002 0.012 0.029
320 G 0.092 0.062 0.035 0.033 0.012 0.026 0.036 0.25 0.015 0.031 0.066 0.066 0.015 0.019 0.063 0.084 0.04 0.005 0.014 0.037
