#Seq2Logo.py -f /work3/idamei/ssn-clusterings/2206011120/clusters/0024_55/sequences.afa -m 0.0001 -b 50 -o /work3/idamei/ssn-clusterings/2206011120/clusters/0024_55/sequences.logo
#Position Specific Frequency Matrix
A R N D C Q E G H I L K M F P S T W Y V
0 M 0.048 0.029 0.018 0.018 0.015 0.026 0.026 0.026 0.015 0.092 0.181 0.033 0.23 0.044 0.015 0.033 0.037 0.007 0.022 0.085
1 L 0.041 0.019 0.014 0.015 0.014 0.013 0.018 0.021 0.011 0.14 0.229 0.021 0.034 0.17 0.012 0.024 0.031 0.009 0.039 0.123
2 S 0.112 0.041 0.055 0.05 0.018 0.034 0.053 0.067 0.02 0.03 0.043 0.055 0.016 0.021 0.03 0.206 0.083 0.005 0.018 0.043
3 I 0.048 0.018 0.015 0.018 0.016 0.014 0.018 0.021 0.009 0.258 0.171 0.024 0.037 0.045 0.015 0.025 0.041 0.006 0.021 0.18
4 V 0.071 0.022 0.017 0.018 0.02 0.017 0.024 0.025 0.008 0.168 0.133 0.027 0.032 0.036 0.017 0.033 0.05 0.006 0.021 0.256
5 L 0.038 0.02 0.014 0.015 0.013 0.013 0.018 0.021 0.011 0.129 0.267 0.021 0.036 0.184 0.012 0.023 0.029 0.009 0.042 0.088
6 L 0.045 0.022 0.013 0.014 0.015 0.015 0.019 0.02 0.009 0.114 0.371 0.023 0.043 0.047 0.013 0.024 0.033 0.006 0.02 0.131
7 F 0.033 0.019 0.017 0.017 0.01 0.01 0.019 0.025 0.017 0.063 0.113 0.019 0.025 0.394 0.01 0.025 0.025 0.017 0.088 0.054
8 L 0.038 0.019 0.014 0.015 0.013 0.013 0.018 0.021 0.011 0.135 0.259 0.021 0.035 0.184 0.012 0.023 0.029 0.009 0.041 0.09
9 L 0.041 0.021 0.014 0.015 0.014 0.014 0.018 0.021 0.01 0.137 0.3 0.023 0.05 0.115 0.013 0.023 0.031 0.008 0.031 0.101
10 F 0.073 0.027 0.029 0.027 0.013 0.02 0.03 0.037 0.02 0.054 0.072 0.033 0.019 0.16 0.019 0.09 0.112 0.012 0.098 0.055
11 F 0.045 0.017 0.015 0.016 0.112 0.011 0.017 0.024 0.011 0.119 0.107 0.02 0.025 0.216 0.012 0.027 0.031 0.01 0.046 0.119
12 L 0.085 0.022 0.017 0.018 0.03 0.016 0.022 0.088 0.01 0.099 0.261 0.026 0.033 0.038 0.016 0.034 0.035 0.006 0.018 0.125
13 F 0.04 0.021 0.015 0.016 0.013 0.014 0.02 0.023 0.013 0.085 0.185 0.022 0.065 0.243 0.012 0.026 0.03 0.011 0.051 0.097
14 F 0.033 0.018 0.015 0.015 0.011 0.011 0.018 0.023 0.014 0.067 0.161 0.018 0.027 0.37 0.01 0.023 0.025 0.014 0.071 0.057
15 L 0.042 0.023 0.014 0.015 0.015 0.017 0.02 0.021 0.01 0.108 0.379 0.025 0.078 0.049 0.013 0.024 0.032 0.007 0.021 0.089
16 L 0.047 0.02 0.014 0.015 0.014 0.013 0.019 0.022 0.011 0.094 0.265 0.022 0.035 0.183 0.012 0.025 0.03 0.009 0.041 0.107
17 F 0.033 0.018 0.015 0.015 0.011 0.011 0.018 0.023 0.014 0.067 0.161 0.018 0.027 0.37 0.01 0.023 0.025 0.014 0.071 0.057
18 P 0.052 0.024 0.021 0.028 0.009 0.019 0.033 0.033 0.012 0.024 0.033 0.038 0.009 0.012 0.535 0.04 0.033 0.002 0.012 0.028
19 V 0.052 0.018 0.015 0.016 0.015 0.013 0.019 0.022 0.009 0.193 0.128 0.022 0.03 0.106 0.014 0.027 0.039 0.007 0.03 0.227
20 L 0.049 0.021 0.019 0.02 0.013 0.015 0.021 0.115 0.01 0.142 0.209 0.027 0.029 0.035 0.105 0.03 0.032 0.005 0.017 0.088
21 T 0.07 0.032 0.036 0.032 0.015 0.026 0.036 0.041 0.02 0.048 0.074 0.041 0.054 0.042 0.022 0.132 0.135 0.009 0.08 0.056
22 L 0.097 0.023 0.019 0.02 0.015 0.017 0.024 0.032 0.011 0.108 0.215 0.028 0.031 0.107 0.017 0.041 0.073 0.008 0.03 0.084
23 P 0.057 0.022 0.021 0.024 0.014 0.017 0.027 0.03 0.011 0.155 0.093 0.031 0.022 0.035 0.183 0.065 0.042 0.004 0.017 0.13
24 L 0.047 0.023 0.02 0.021 0.014 0.016 0.024 0.026 0.011 0.117 0.2 0.028 0.029 0.081 0.106 0.037 0.08 0.006 0.025 0.089
25 S 0.087 0.032 0.042 0.038 0.015 0.026 0.039 0.14 0.015 0.037 0.093 0.043 0.018 0.023 0.023 0.205 0.06 0.005 0.016 0.043
26 L 0.05 0.02 0.018 0.018 0.014 0.015 0.02 0.103 0.01 0.134 0.155 0.024 0.061 0.097 0.014 0.029 0.033 0.007 0.026 0.153
27 V 0.054 0.019 0.017 0.017 0.015 0.014 0.019 0.101 0.009 0.155 0.171 0.023 0.032 0.044 0.014 0.029 0.036 0.005 0.019 0.207
28 G 0.107 0.022 0.028 0.026 0.012 0.017 0.025 0.35 0.012 0.033 0.092 0.031 0.015 0.02 0.083 0.045 0.03 0.005 0.012 0.037
29 L 0.045 0.021 0.014 0.016 0.015 0.016 0.019 0.02 0.01 0.197 0.223 0.024 0.093 0.041 0.013 0.025 0.035 0.006 0.019 0.148
30 V 0.053 0.02 0.014 0.015 0.016 0.015 0.02 0.021 0.008 0.127 0.245 0.023 0.039 0.038 0.014 0.026 0.038 0.005 0.019 0.247
31 L 0.038 0.025 0.108 0.029 0.011 0.018 0.026 0.03 0.022 0.093 0.168 0.029 0.025 0.107 0.014 0.037 0.032 0.011 0.115 0.063
32 D 0.04 0.084 0.095 0.262 0.007 0.067 0.071 0.041 0.02 0.021 0.031 0.094 0.011 0.014 0.02 0.048 0.034 0.004 0.013 0.024
33 R 0.042 0.21 0.08 0.035 0.008 0.039 0.049 0.035 0.02 0.026 0.044 0.185 0.014 0.062 0.019 0.043 0.033 0.006 0.022 0.03
34 K 0.046 0.211 0.036 0.033 0.007 0.045 0.056 0.035 0.019 0.023 0.039 0.273 0.014 0.014 0.022 0.044 0.033 0.005 0.015 0.028
35 Y 0.08 0.071 0.068 0.025 0.011 0.022 0.029 0.033 0.026 0.046 0.123 0.039 0.02 0.097 0.016 0.038 0.031 0.013 0.166 0.048
36 S 0.156 0.03 0.033 0.032 0.016 0.024 0.037 0.052 0.018 0.046 0.054 0.04 0.016 0.033 0.023 0.18 0.055 0.007 0.065 0.084
37 K 0.049 0.109 0.03 0.03 0.01 0.038 0.049 0.032 0.016 0.082 0.062 0.246 0.018 0.019 0.021 0.041 0.04 0.005 0.016 0.087
38 L 0.046 0.022 0.02 0.02 0.014 0.016 0.022 0.024 0.013 0.18 0.193 0.027 0.03 0.045 0.016 0.038 0.11 0.008 0.059 0.101
39 Y 0.035 0.023 0.018 0.016 0.009 0.017 0.023 0.022 0.034 0.049 0.115 0.025 0.021 0.151 0.013 0.026 0.025 0.021 0.311 0.048
40 L 0.042 0.021 0.013 0.014 0.015 0.014 0.018 0.019 0.009 0.107 0.408 0.022 0.042 0.046 0.013 0.022 0.031 0.006 0.019 0.119
41 L 0.045 0.02 0.014 0.015 0.025 0.014 0.019 0.021 0.01 0.14 0.244 0.022 0.058 0.093 0.013 0.025 0.033 0.007 0.026 0.157
42 L 0.035 0.019 0.014 0.014 0.012 0.012 0.017 0.02 0.012 0.08 0.291 0.02 0.034 0.238 0.011 0.022 0.026 0.01 0.046 0.068
43 F 0.071 0.018 0.015 0.016 0.013 0.012 0.019 0.026 0.012 0.141 0.109 0.021 0.025 0.247 0.013 0.028 0.031 0.01 0.048 0.126
44 C 0.068 0.021 0.022 0.022 0.223 0.016 0.024 0.033 0.009 0.076 0.074 0.027 0.019 0.023 0.017 0.099 0.046 0.004 0.015 0.163
45 L 0.044 0.02 0.013 0.014 0.014 0.014 0.018 0.02 0.009 0.135 0.302 0.022 0.036 0.083 0.013 0.023 0.033 0.007 0.025 0.157
46 S 0.116 0.029 0.037 0.034 0.014 0.023 0.036 0.183 0.014 0.04 0.045 0.039 0.014 0.019 0.022 0.185 0.054 0.005 0.014 0.076
47 I 0.041 0.016 0.013 0.016 0.014 0.012 0.016 0.018 0.008 0.361 0.147 0.021 0.032 0.039 0.013 0.022 0.035 0.005 0.018 0.155
48 S 0.096 0.035 0.047 0.043 0.015 0.029 0.046 0.058 0.017 0.026 0.037 0.047 0.014 0.018 0.026 0.316 0.072 0.005 0.015 0.037
49 L 0.045 0.019 0.013 0.015 0.015 0.014 0.018 0.019 0.009 0.198 0.246 0.023 0.062 0.04 0.013 0.024 0.034 0.006 0.019 0.169
50 I 0.046 0.018 0.015 0.018 0.013 0.014 0.02 0.021 0.008 0.221 0.149 0.024 0.027 0.032 0.135 0.026 0.035 0.005 0.016 0.157
51 A 0.204 0.026 0.024 0.025 0.016 0.021 0.03 0.047 0.012 0.117 0.084 0.035 0.048 0.026 0.021 0.086 0.077 0.005 0.016 0.08
52 L 0.037 0.02 0.012 0.013 0.013 0.013 0.017 0.019 0.009 0.095 0.421 0.021 0.04 0.094 0.012 0.021 0.028 0.007 0.026 0.079
53 R 0.038 0.435 0.033 0.027 0.007 0.042 0.045 0.028 0.02 0.02 0.04 0.104 0.013 0.015 0.017 0.038 0.03 0.005 0.015 0.027
54 Y 0.034 0.023 0.018 0.016 0.008 0.018 0.023 0.022 0.037 0.039 0.063 0.026 0.017 0.153 0.013 0.026 0.024 0.023 0.375 0.041
55 I 0.046 0.019 0.017 0.018 0.013 0.014 0.02 0.023 0.012 0.266 0.158 0.024 0.029 0.045 0.014 0.056 0.037 0.007 0.061 0.119
56 P 0.049 0.023 0.021 0.026 0.01 0.018 0.03 0.03 0.011 0.033 0.082 0.034 0.014 0.016 0.442 0.041 0.066 0.003 0.012 0.037
57 H 0.074 0.029 0.04 0.075 0.009 0.024 0.038 0.033 0.166 0.031 0.049 0.033 0.015 0.1 0.016 0.037 0.027 0.012 0.158 0.034
58 P 0.046 0.021 0.02 0.023 0.009 0.016 0.026 0.088 0.015 0.035 0.089 0.03 0.015 0.078 0.319 0.034 0.028 0.007 0.064 0.036
59 L 0.054 0.026 0.027 0.024 0.014 0.02 0.026 0.09 0.011 0.064 0.2 0.032 0.041 0.03 0.018 0.053 0.184 0.006 0.016 0.065
60 D 0.035 0.026 0.059 0.481 0.006 0.026 0.079 0.04 0.016 0.019 0.024 0.039 0.008 0.013 0.019 0.045 0.031 0.003 0.01 0.021
61 D 0.035 0.026 0.059 0.481 0.006 0.026 0.079 0.04 0.016 0.019 0.024 0.039 0.008 0.013 0.019 0.045 0.031 0.003 0.01 0.021
62 G 0.109 0.024 0.035 0.032 0.012 0.02 0.029 0.405 0.013 0.021 0.03 0.034 0.01 0.015 0.019 0.11 0.038 0.005 0.011 0.029
63 A 0.29 0.029 0.03 0.031 0.017 0.024 0.038 0.064 0.014 0.033 0.046 0.041 0.015 0.018 0.026 0.158 0.052 0.005 0.015 0.052
64 F 0.032 0.066 0.018 0.016 0.008 0.017 0.023 0.023 0.025 0.041 0.071 0.03 0.018 0.237 0.011 0.025 0.023 0.078 0.196 0.04
65 H 0.036 0.039 0.046 0.033 0.007 0.033 0.046 0.033 0.444 0.02 0.033 0.039 0.013 0.026 0.016 0.036 0.023 0.007 0.049 0.02
66 F 0.032 0.02 0.017 0.015 0.009 0.014 0.02 0.022 0.027 0.046 0.079 0.021 0.019 0.299 0.011 0.024 0.023 0.019 0.238 0.044
67 R 0.043 0.181 0.031 0.028 0.008 0.066 0.047 0.031 0.021 0.03 0.05 0.136 0.016 0.077 0.018 0.043 0.066 0.008 0.066 0.035
68 A 0.355 0.028 0.025 0.027 0.018 0.023 0.036 0.066 0.013 0.036 0.05 0.039 0.015 0.019 0.026 0.102 0.046 0.005 0.015 0.057
69 A 0.241 0.027 0.024 0.025 0.017 0.022 0.032 0.051 0.012 0.06 0.073 0.036 0.046 0.023 0.022 0.064 0.106 0.005 0.016 0.098
70 Y 0.054 0.038 0.031 0.029 0.01 0.057 0.04 0.035 0.025 0.034 0.053 0.076 0.016 0.099 0.019 0.107 0.069 0.012 0.154 0.04
71 L 0.07 0.07 0.02 0.024 0.012 0.024 0.066 0.026 0.019 0.071 0.158 0.039 0.033 0.048 0.016 0.034 0.036 0.009 0.105 0.119
72 F 0.033 0.019 0.015 0.014 0.011 0.013 0.018 0.021 0.017 0.066 0.212 0.02 0.028 0.264 0.011 0.023 0.025 0.014 0.12 0.058
73 S 0.104 0.037 0.037 0.035 0.014 0.091 0.048 0.045 0.016 0.061 0.053 0.049 0.017 0.019 0.023 0.15 0.126 0.005 0.016 0.054
74 N 0.048 0.076 0.118 0.036 0.01 0.026 0.035 0.098 0.018 0.041 0.102 0.079 0.045 0.072 0.017 0.073 0.037 0.006 0.022 0.041
75 Y 0.034 0.021 0.017 0.016 0.009 0.016 0.021 0.021 0.031 0.079 0.078 0.024 0.019 0.189 0.012 0.025 0.025 0.02 0.289 0.054
76 D 0.04 0.03 0.174 0.289 0.007 0.026 0.064 0.105 0.019 0.019 0.025 0.04 0.009 0.014 0.018 0.05 0.034 0.004 0.011 0.022
77 N 0.068 0.036 0.213 0.056 0.012 0.029 0.044 0.057 0.021 0.023 0.032 0.047 0.012 0.017 0.022 0.205 0.058 0.004 0.014 0.03
78 I 0.04 0.016 0.014 0.015 0.013 0.011 0.016 0.02 0.01 0.232 0.125 0.019 0.028 0.181 0.012 0.023 0.031 0.008 0.037 0.15
79 F 0.043 0.019 0.018 0.018 0.012 0.014 0.021 0.025 0.015 0.131 0.099 0.023 0.023 0.231 0.013 0.057 0.033 0.011 0.087 0.108
80 D 0.046 0.034 0.05 0.298 0.008 0.065 0.138 0.039 0.019 0.021 0.029 0.049 0.01 0.015 0.021 0.077 0.036 0.004 0.017 0.025
81 W 0.035 0.021 0.014 0.014 0.011 0.015 0.019 0.023 0.012 0.097 0.183 0.022 0.081 0.094 0.01 0.023 0.027 0.193 0.039 0.067
82 F 0.032 0.019 0.015 0.015 0.01 0.013 0.018 0.022 0.016 0.088 0.101 0.02 0.05 0.289 0.01 0.023 0.025 0.075 0.099 0.059
83 K 0.053 0.077 0.04 0.091 0.008 0.096 0.102 0.058 0.019 0.022 0.035 0.186 0.013 0.014 0.022 0.077 0.037 0.005 0.015 0.028
84 D 0.116 0.025 0.073 0.129 0.01 0.02 0.039 0.102 0.018 0.03 0.045 0.032 0.013 0.081 0.017 0.045 0.031 0.069 0.069 0.035
85 L 0.039 0.021 0.014 0.015 0.013 0.015 0.019 0.021 0.012 0.086 0.237 0.022 0.086 0.186 0.012 0.024 0.029 0.009 0.039 0.102
86 A 0.117 0.034 0.024 0.025 0.013 0.026 0.045 0.037 0.017 0.088 0.098 0.072 0.104 0.038 0.019 0.069 0.039 0.008 0.061 0.067
87 S 0.067 0.033 0.125 0.145 0.012 0.028 0.051 0.052 0.018 0.026 0.047 0.044 0.013 0.017 0.022 0.197 0.054 0.004 0.014 0.032
88 G 0.057 0.084 0.076 0.035 0.008 0.027 0.036 0.339 0.016 0.019 0.029 0.117 0.01 0.014 0.018 0.046 0.03 0.005 0.012 0.023
89 N 0.044 0.029 0.117 0.086 0.01 0.023 0.038 0.038 0.064 0.037 0.091 0.035 0.017 0.081 0.016 0.075 0.07 0.061 0.03 0.038
90 L 0.078 0.033 0.035 0.033 0.017 0.025 0.037 0.044 0.015 0.074 0.204 0.04 0.033 0.038 0.022 0.116 0.059 0.006 0.02 0.07
91 R 0.04 0.11 0.109 0.034 0.009 0.057 0.038 0.033 0.018 0.107 0.068 0.051 0.018 0.071 0.076 0.039 0.038 0.006 0.022 0.059
92 I 0.05 0.019 0.017 0.019 0.013 0.014 0.021 0.084 0.009 0.165 0.133 0.025 0.024 0.029 0.136 0.029 0.034 0.004 0.016 0.158
93 T 0.074 0.036 0.044 0.038 0.018 0.028 0.04 0.044 0.014 0.054 0.066 0.046 0.02 0.024 0.028 0.094 0.236 0.006 0.018 0.072
94 G 0.056 0.023 0.028 0.026 0.011 0.019 0.037 0.271 0.015 0.043 0.132 0.03 0.018 0.034 0.017 0.044 0.087 0.007 0.058 0.045
95 R 0.047 0.264 0.068 0.044 0.008 0.042 0.122 0.034 0.021 0.025 0.038 0.083 0.013 0.016 0.019 0.074 0.036 0.005 0.015 0.029
96 Y 0.035 0.024 0.019 0.016 0.008 0.019 0.024 0.021 0.04 0.038 0.059 0.027 0.016 0.113 0.013 0.027 0.024 0.024 0.412 0.04
97 D 0.043 0.026 0.093 0.335 0.007 0.024 0.062 0.161 0.016 0.019 0.025 0.037 0.008 0.013 0.018 0.047 0.031 0.004 0.01 0.021
98 Y 0.035 0.024 0.019 0.016 0.008 0.019 0.024 0.021 0.04 0.038 0.059 0.027 0.016 0.113 0.013 0.027 0.024 0.024 0.412 0.04
99 G 0.055 0.036 0.031 0.028 0.009 0.056 0.037 0.214 0.024 0.026 0.04 0.075 0.013 0.047 0.018 0.071 0.032 0.011 0.146 0.031
100 N 0.059 0.038 0.206 0.063 0.01 0.035 0.121 0.051 0.023 0.021 0.031 0.051 0.011 0.016 0.021 0.146 0.05 0.004 0.014 0.028
101 Y 0.042 0.021 0.016 0.016 0.011 0.016 0.021 0.021 0.025 0.132 0.09 0.024 0.022 0.085 0.013 0.026 0.031 0.015 0.231 0.141
102 P 0.049 0.022 0.02 0.027 0.009 0.018 0.031 0.031 0.011 0.022 0.031 0.036 0.009 0.011 0.563 0.038 0.031 0.002 0.011 0.027
103 L 0.044 0.019 0.013 0.014 0.015 0.013 0.017 0.019 0.008 0.194 0.278 0.022 0.036 0.04 0.013 0.023 0.034 0.005 0.018 0.175
104 F 0.03 0.017 0.015 0.015 0.009 0.01 0.017 0.022 0.018 0.053 0.094 0.018 0.021 0.427 0.01 0.023 0.022 0.016 0.118 0.047
105 T 0.136 0.027 0.033 0.03 0.015 0.022 0.032 0.164 0.012 0.037 0.048 0.037 0.015 0.019 0.023 0.071 0.21 0.005 0.014 0.052
106 L 0.049 0.023 0.021 0.02 0.012 0.016 0.024 0.028 0.015 0.096 0.206 0.027 0.027 0.141 0.015 0.09 0.037 0.01 0.075 0.068
107 L 0.038 0.019 0.013 0.014 0.013 0.013 0.017 0.019 0.009 0.185 0.316 0.021 0.037 0.091 0.012 0.021 0.03 0.007 0.025 0.102
108 L 0.041 0.024 0.015 0.015 0.014 0.019 0.02 0.021 0.011 0.094 0.332 0.026 0.147 0.045 0.013 0.025 0.031 0.006 0.02 0.081
109 Y 0.035 0.024 0.019 0.016 0.008 0.019 0.024 0.021 0.04 0.038 0.059 0.027 0.016 0.113 0.013 0.027 0.024 0.024 0.412 0.04
110 L 0.038 0.023 0.013 0.014 0.013 0.013 0.017 0.019 0.009 0.183 0.297 0.022 0.036 0.107 0.012 0.022 0.03 0.007 0.027 0.1
111 F 0.041 0.018 0.015 0.015 0.012 0.012 0.019 0.021 0.02 0.116 0.103 0.02 0.024 0.237 0.012 0.025 0.03 0.011 0.088 0.161
112 S 0.076 0.163 0.042 0.037 0.012 0.033 0.045 0.048 0.018 0.024 0.038 0.065 0.014 0.017 0.023 0.232 0.061 0.005 0.015 0.033
113 N 0.046 0.042 0.2 0.1 0.008 0.061 0.049 0.166 0.021 0.02 0.029 0.086 0.01 0.014 0.018 0.052 0.036 0.004 0.013 0.024
114 T 0.067 0.031 0.039 0.034 0.015 0.024 0.035 0.04 0.012 0.043 0.054 0.04 0.017 0.02 0.024 0.11 0.316 0.005 0.015 0.058
115 G 0.046 0.027 0.032 0.026 0.008 0.022 0.03 0.211 0.162 0.026 0.043 0.031 0.013 0.091 0.015 0.035 0.024 0.011 0.12 0.028
116 H 0.047 0.032 0.077 0.033 0.011 0.026 0.036 0.034 0.157 0.075 0.068 0.037 0.045 0.026 0.018 0.051 0.137 0.006 0.027 0.055
117 Y 0.036 0.023 0.018 0.016 0.029 0.018 0.023 0.021 0.036 0.044 0.104 0.026 0.019 0.102 0.013 0.027 0.025 0.021 0.353 0.045
118 S 0.095 0.035 0.047 0.042 0.015 0.029 0.045 0.057 0.017 0.026 0.036 0.047 0.014 0.018 0.026 0.328 0.071 0.004 0.015 0.036
119 L 0.038 0.021 0.012 0.013 0.014 0.014 0.017 0.018 0.009 0.099 0.462 0.022 0.043 0.047 0.012 0.021 0.029 0.006 0.019 0.083
120 L 0.049 0.02 0.017 0.018 0.014 0.015 0.02 0.023 0.009 0.208 0.234 0.024 0.033 0.038 0.014 0.056 0.038 0.005 0.018 0.148
121 S 0.095 0.035 0.047 0.042 0.015 0.029 0.045 0.057 0.017 0.026 0.036 0.047 0.014 0.018 0.026 0.328 0.071 0.004 0.015 0.036
122 F 0.033 0.017 0.015 0.015 0.01 0.01 0.017 0.022 0.014 0.064 0.1 0.017 0.022 0.422 0.01 0.023 0.024 0.013 0.07 0.083
123 I 0.05 0.019 0.019 0.019 0.015 0.015 0.02 0.023 0.008 0.248 0.118 0.025 0.027 0.033 0.015 0.036 0.106 0.005 0.017 0.18
124 V 0.068 0.024 0.025 0.024 0.015 0.018 0.028 0.033 0.011 0.093 0.085 0.03 0.022 0.075 0.017 0.127 0.05 0.006 0.023 0.223
125 C 0.169 0.021 0.02 0.021 0.256 0.016 0.025 0.043 0.01 0.074 0.062 0.028 0.016 0.02 0.019 0.079 0.04 0.004 0.013 0.063
126 F 0.037 0.017 0.014 0.015 0.012 0.012 0.017 0.021 0.012 0.139 0.129 0.019 0.044 0.279 0.011 0.023 0.028 0.01 0.051 0.11
127 I 0.047 0.019 0.016 0.017 0.015 0.014 0.019 0.021 0.008 0.221 0.198 0.023 0.031 0.036 0.014 0.029 0.07 0.005 0.018 0.178
128 T 0.062 0.025 0.027 0.025 0.016 0.02 0.028 0.03 0.01 0.089 0.081 0.032 0.022 0.025 0.02 0.057 0.214 0.005 0.016 0.198
129 Y 0.035 0.024 0.019 0.016 0.008 0.019 0.024 0.021 0.04 0.038 0.059 0.027 0.016 0.113 0.013 0.027 0.024 0.024 0.412 0.04
130 F 0.031 0.019 0.016 0.015 0.009 0.012 0.019 0.022 0.023 0.049 0.085 0.02 0.02 0.352 0.011 0.024 0.023 0.018 0.188 0.045
131 L 0.061 0.024 0.024 0.023 0.135 0.018 0.026 0.033 0.011 0.061 0.23 0.029 0.027 0.031 0.017 0.126 0.043 0.005 0.016 0.06
132 F 0.034 0.021 0.016 0.015 0.01 0.015 0.02 0.022 0.022 0.057 0.134 0.022 0.051 0.257 0.011 0.024 0.025 0.016 0.176 0.053
133 G 0.06 0.024 0.029 0.026 0.013 0.018 0.025 0.213 0.011 0.082 0.143 0.031 0.021 0.026 0.018 0.076 0.104 0.005 0.014 0.06
134 Y 0.053 0.033 0.026 0.024 0.01 0.024 0.032 0.031 0.029 0.045 0.057 0.07 0.016 0.072 0.017 0.096 0.038 0.015 0.236 0.075
135 V 0.054 0.021 0.02 0.022 0.014 0.017 0.025 0.026 0.009 0.145 0.089 0.029 0.022 0.026 0.138 0.04 0.107 0.004 0.016 0.177
136 V 0.07 0.022 0.016 0.018 0.019 0.016 0.023 0.025 0.008 0.165 0.13 0.026 0.032 0.036 0.016 0.033 0.049 0.006 0.021 0.269
137 V 0.07 0.022 0.016 0.018 0.019 0.016 0.023 0.025 0.008 0.165 0.13 0.026 0.032 0.036 0.016 0.033 0.049 0.006 0.021 0.269
138 V 0.07 0.022 0.016 0.018 0.019 0.016 0.023 0.025 0.008 0.165 0.13 0.026 0.032 0.036 0.016 0.033 0.049 0.006 0.021 0.269
139 V 0.07 0.022 0.016 0.018 0.019 0.016 0.023 0.025 0.008 0.165 0.13 0.026 0.032 0.036 0.016 0.033 0.049 0.006 0.021 0.269
140 V 0.051 0.018 0.013 0.015 0.015 0.013 0.018 0.02 0.007 0.214 0.162 0.022 0.03 0.035 0.013 0.025 0.038 0.005 0.018 0.265
141 V 0.053 0.019 0.014 0.015 0.015 0.014 0.02 0.021 0.011 0.151 0.149 0.023 0.028 0.043 0.014 0.027 0.038 0.007 0.062 0.277
142 D 0.036 0.028 0.07 0.431 0.007 0.028 0.105 0.04 0.017 0.019 0.025 0.041 0.008 0.013 0.019 0.046 0.031 0.003 0.01 0.022
143 L 0.042 0.019 0.013 0.014 0.014 0.013 0.017 0.019 0.008 0.191 0.317 0.021 0.037 0.042 0.013 0.022 0.032 0.006 0.019 0.142
144 F 0.033 0.02 0.017 0.016 0.009 0.013 0.02 0.022 0.025 0.047 0.081 0.021 0.019 0.317 0.011 0.03 0.024 0.018 0.212 0.044
145 K 0.045 0.077 0.117 0.042 0.008 0.121 0.06 0.039 0.021 0.031 0.083 0.166 0.017 0.017 0.02 0.047 0.036 0.005 0.016 0.034
146 K 0.058 0.072 0.041 0.086 0.009 0.041 0.102 0.041 0.018 0.023 0.035 0.221 0.013 0.015 0.023 0.112 0.042 0.004 0.014 0.029
147 Y 0.056 0.031 0.115 0.037 0.011 0.024 0.035 0.041 0.026 0.036 0.084 0.037 0.016 0.053 0.018 0.134 0.044 0.011 0.152 0.039
148 G 0.055 0.174 0.037 0.033 0.008 0.039 0.048 0.187 0.018 0.022 0.037 0.169 0.013 0.015 0.021 0.046 0.033 0.005 0.014 0.028
149 K 0.041 0.054 0.153 0.044 0.008 0.034 0.046 0.04 0.114 0.064 0.046 0.154 0.014 0.02 0.019 0.045 0.034 0.005 0.022 0.04
150 L 0.045 0.018 0.014 0.015 0.073 0.013 0.018 0.021 0.013 0.17 0.185 0.021 0.028 0.109 0.013 0.028 0.031 0.009 0.07 0.106
151 S 0.067 0.032 0.124 0.043 0.012 0.025 0.039 0.048 0.017 0.033 0.083 0.041 0.016 0.037 0.081 0.187 0.053 0.005 0.017 0.038
152 K 0.048 0.086 0.077 0.04 0.007 0.044 0.059 0.039 0.019 0.023 0.036 0.341 0.013 0.014 0.023 0.048 0.035 0.004 0.015 0.028
153 L 0.075 0.067 0.017 0.017 0.012 0.018 0.023 0.026 0.015 0.07 0.239 0.033 0.028 0.087 0.013 0.029 0.028 0.07 0.072 0.061
154 L 0.067 0.025 0.023 0.022 0.014 0.019 0.026 0.031 0.014 0.075 0.239 0.03 0.029 0.043 0.017 0.094 0.067 0.007 0.061 0.097
155 F 0.033 0.02 0.016 0.015 0.009 0.014 0.02 0.021 0.025 0.052 0.121 0.022 0.022 0.265 0.011 0.024 0.024 0.018 0.219 0.048
156 L 0.077 0.02 0.016 0.017 0.014 0.014 0.019 0.085 0.009 0.174 0.262 0.024 0.032 0.037 0.014 0.03 0.036 0.005 0.017 0.097
157 L 0.046 0.021 0.015 0.016 0.015 0.015 0.019 0.021 0.009 0.134 0.309 0.024 0.036 0.04 0.014 0.028 0.064 0.006 0.018 0.152
158 G 0.09 0.022 0.026 0.025 0.014 0.017 0.025 0.215 0.01 0.101 0.071 0.029 0.018 0.023 0.017 0.081 0.04 0.005 0.014 0.157
159 L 0.034 0.019 0.013 0.014 0.012 0.012 0.017 0.02 0.012 0.078 0.287 0.019 0.033 0.251 0.011 0.021 0.025 0.01 0.047 0.066
160 L 0.039 0.018 0.012 0.014 0.014 0.013 0.016 0.018 0.008 0.22 0.321 0.021 0.038 0.043 0.012 0.021 0.031 0.006 0.019 0.114
161 A 0.204 0.028 0.029 0.029 0.017 0.022 0.034 0.05 0.012 0.076 0.062 0.038 0.017 0.021 0.024 0.098 0.151 0.005 0.015 0.068
162 V 0.05 0.018 0.014 0.016 0.015 0.014 0.018 0.02 0.008 0.238 0.133 0.022 0.057 0.035 0.013 0.026 0.038 0.005 0.018 0.241
163 L 0.039 0.018 0.013 0.014 0.013 0.012 0.017 0.019 0.01 0.163 0.273 0.02 0.034 0.138 0.012 0.022 0.03 0.008 0.031 0.114
164 L 0.07 0.02 0.017 0.017 0.067 0.014 0.02 0.026 0.01 0.109 0.178 0.023 0.027 0.13 0.014 0.034 0.067 0.007 0.03 0.118
165 L 0.089 0.024 0.021 0.021 0.014 0.017 0.025 0.033 0.011 0.096 0.252 0.028 0.03 0.084 0.016 0.095 0.039 0.006 0.024 0.072
166 N 0.042 0.032 0.279 0.053 0.01 0.024 0.035 0.044 0.021 0.086 0.059 0.038 0.016 0.021 0.016 0.049 0.042 0.004 0.015 0.115
167 N 0.037 0.039 0.411 0.072 0.008 0.029 0.043 0.056 0.027 0.019 0.027 0.046 0.01 0.016 0.017 0.06 0.043 0.004 0.014 0.023
168 Y 0.038 0.022 0.017 0.016 0.01 0.016 0.022 0.021 0.03 0.088 0.079 0.025 0.02 0.135 0.013 0.026 0.027 0.019 0.287 0.09
169 R 0.038 0.435 0.033 0.027 0.007 0.042 0.045 0.028 0.02 0.02 0.04 0.104 0.013 0.015 0.017 0.038 0.03 0.005 0.015 0.027
170 Y 0.074 0.024 0.019 0.017 0.009 0.019 0.025 0.027 0.036 0.038 0.06 0.028 0.016 0.116 0.015 0.032 0.026 0.022 0.355 0.043
171 T 0.066 0.031 0.038 0.033 0.015 0.024 0.035 0.04 0.012 0.044 0.054 0.04 0.017 0.02 0.024 0.107 0.319 0.005 0.015 0.058
172 T 0.099 0.03 0.036 0.032 0.016 0.024 0.034 0.041 0.012 0.045 0.056 0.039 0.017 0.02 0.024 0.079 0.316 0.005 0.015 0.061
173 S 0.095 0.035 0.047 0.042 0.015 0.029 0.045 0.057 0.017 0.026 0.036 0.047 0.014 0.018 0.026 0.328 0.071 0.004 0.015 0.036
174 G 0.067 0.02 0.034 0.029 0.009 0.016 0.022 0.578 0.012 0.016 0.024 0.029 0.008 0.014 0.016 0.044 0.026 0.005 0.009 0.021
175 M 0.045 0.028 0.017 0.017 0.014 0.024 0.024 0.024 0.014 0.087 0.17 0.031 0.276 0.042 0.014 0.031 0.035 0.007 0.021 0.08
176 R 0.038 0.435 0.033 0.027 0.007 0.042 0.045 0.028 0.02 0.02 0.04 0.104 0.013 0.015 0.017 0.038 0.03 0.005 0.015 0.027
177 Y 0.033 0.022 0.017 0.016 0.008 0.016 0.022 0.022 0.032 0.043 0.072 0.023 0.018 0.232 0.012 0.025 0.023 0.021 0.3 0.043
178 C 0.094 0.019 0.019 0.018 0.375 0.015 0.021 0.034 0.025 0.042 0.066 0.024 0.043 0.021 0.016 0.061 0.036 0.004 0.014 0.052
179 L 0.079 0.024 0.015 0.016 0.014 0.018 0.022 0.026 0.011 0.088 0.319 0.027 0.118 0.042 0.014 0.03 0.032 0.006 0.019 0.079
180 A 0.23 0.024 0.022 0.024 0.017 0.02 0.03 0.049 0.011 0.122 0.077 0.034 0.02 0.024 0.021 0.085 0.055 0.005 0.016 0.112
181 V 0.055 0.02 0.015 0.016 0.015 0.016 0.02 0.042 0.009 0.153 0.126 0.024 0.082 0.033 0.014 0.029 0.039 0.005 0.018 0.266
182 S 0.2 0.032 0.038 0.036 0.016 0.026 0.041 0.061 0.015 0.03 0.042 0.044 0.014 0.018 0.026 0.236 0.061 0.005 0.015 0.044
183 L 0.039 0.019 0.012 0.014 0.014 0.013 0.016 0.018 0.008 0.215 0.327 0.021 0.038 0.043 0.012 0.021 0.031 0.006 0.019 0.112
184 L 0.044 0.021 0.016 0.017 0.014 0.016 0.02 0.022 0.01 0.192 0.234 0.025 0.085 0.039 0.014 0.03 0.068 0.006 0.019 0.109
185 V 0.047 0.022 0.016 0.016 0.014 0.018 0.021 0.023 0.012 0.098 0.135 0.025 0.137 0.133 0.013 0.028 0.034 0.008 0.032 0.169
186 L 0.044 0.024 0.018 0.018 0.012 0.018 0.023 0.024 0.019 0.07 0.251 0.027 0.057 0.092 0.014 0.058 0.032 0.011 0.125 0.064
187 L 0.041 0.02 0.013 0.014 0.014 0.014 0.017 0.019 0.008 0.138 0.384 0.022 0.04 0.044 0.013 0.022 0.031 0.006 0.019 0.123
188 F 0.035 0.019 0.014 0.015 0.012 0.013 0.018 0.021 0.012 0.108 0.229 0.02 0.061 0.234 0.011 0.023 0.027 0.01 0.045 0.074
189 Y 0.034 0.023 0.018 0.016 0.008 0.018 0.023 0.022 0.037 0.039 0.063 0.026 0.017 0.153 0.013 0.026 0.024 0.023 0.375 0.041
190 L 0.044 0.052 0.024 0.025 0.011 0.028 0.037 0.029 0.014 0.088 0.182 0.18 0.025 0.077 0.018 0.044 0.033 0.006 0.023 0.061
191 D 0.041 0.033 0.049 0.302 0.006 0.039 0.219 0.036 0.019 0.019 0.028 0.05 0.009 0.013 0.021 0.046 0.031 0.004 0.012 0.024
192 S 0.109 0.03 0.077 0.038 0.014 0.024 0.037 0.049 0.015 0.103 0.061 0.04 0.017 0.022 0.022 0.202 0.056 0.005 0.016 0.063
193 K 0.046 0.117 0.092 0.057 0.007 0.073 0.06 0.039 0.02 0.022 0.036 0.252 0.013 0.014 0.022 0.048 0.035 0.004 0.015 0.027
194 N 0.042 0.126 0.16 0.041 0.008 0.029 0.037 0.098 0.021 0.061 0.049 0.084 0.014 0.042 0.017 0.044 0.034 0.006 0.046 0.041
195 G 0.056 0.029 0.123 0.05 0.008 0.028 0.11 0.327 0.018 0.018 0.027 0.041 0.009 0.014 0.018 0.049 0.035 0.004 0.011 0.023
196 F 0.033 0.027 0.018 0.017 0.009 0.016 0.023 0.023 0.022 0.047 0.081 0.059 0.019 0.328 0.012 0.026 0.024 0.016 0.157 0.043
197 K 0.071 0.05 0.078 0.039 0.011 0.032 0.05 0.103 0.016 0.03 0.041 0.147 0.013 0.016 0.022 0.09 0.132 0.005 0.014 0.039
198 K 0.058 0.109 0.042 0.042 0.009 0.054 0.072 0.044 0.021 0.028 0.044 0.265 0.016 0.016 0.028 0.054 0.04 0.005 0.018 0.033
199 I 0.048 0.018 0.015 0.018 0.016 0.014 0.018 0.021 0.009 0.258 0.171 0.024 0.037 0.045 0.015 0.025 0.041 0.006 0.021 0.18
200 G 0.08 0.023 0.04 0.034 0.011 0.019 0.026 0.501 0.014 0.019 0.029 0.034 0.01 0.016 0.019 0.052 0.03 0.005 0.011 0.025
201 N 0.052 0.05 0.119 0.09 0.01 0.06 0.049 0.041 0.018 0.076 0.074 0.082 0.017 0.02 0.019 0.099 0.043 0.004 0.015 0.06
202 D 0.038 0.033 0.115 0.133 0.009 0.023 0.042 0.035 0.02 0.073 0.095 0.071 0.017 0.082 0.023 0.039 0.032 0.008 0.065 0.048
203 K 0.043 0.066 0.028 0.028 0.008 0.034 0.046 0.032 0.016 0.066 0.057 0.254 0.016 0.072 0.019 0.037 0.031 0.075 0.027 0.044
204 F 0.05 0.025 0.026 0.024 0.012 0.018 0.027 0.032 0.014 0.052 0.086 0.029 0.051 0.223 0.016 0.085 0.124 0.009 0.043 0.054
205 L 0.048 0.022 0.019 0.019 0.014 0.017 0.022 0.025 0.01 0.169 0.245 0.027 0.063 0.038 0.015 0.062 0.064 0.006 0.018 0.097
206 L 0.037 0.019 0.014 0.016 0.012 0.013 0.018 0.021 0.012 0.136 0.221 0.022 0.029 0.169 0.073 0.023 0.028 0.009 0.05 0.08
207 L 0.034 0.02 0.014 0.014 0.011 0.014 0.019 0.021 0.016 0.065 0.242 0.021 0.028 0.13 0.011 0.022 0.025 0.134 0.103 0.057
208 Y 0.035 0.024 0.019 0.016 0.008 0.019 0.024 0.021 0.04 0.038 0.059 0.027 0.016 0.113 0.013 0.027 0.024 0.024 0.412 0.04
209 L 0.038 0.021 0.013 0.014 0.013 0.014 0.018 0.019 0.009 0.094 0.416 0.022 0.04 0.094 0.012 0.025 0.029 0.007 0.026 0.078
210 I 0.043 0.017 0.013 0.015 0.014 0.012 0.016 0.018 0.008 0.305 0.172 0.021 0.037 0.038 0.013 0.023 0.035 0.005 0.018 0.176
211 P 0.049 0.022 0.02 0.027 0.009 0.018 0.031 0.031 0.011 0.022 0.031 0.036 0.009 0.011 0.563 0.038 0.031 0.002 0.011 0.027
212 L 0.045 0.018 0.013 0.015 0.014 0.013 0.018 0.02 0.009 0.174 0.231 0.021 0.033 0.087 0.013 0.024 0.034 0.006 0.025 0.19
213 L 0.05 0.021 0.02 0.019 0.019 0.015 0.021 0.16 0.01 0.072 0.31 0.025 0.031 0.044 0.014 0.05 0.031 0.006 0.017 0.063
214 I 0.043 0.016 0.013 0.015 0.014 0.012 0.016 0.018 0.008 0.346 0.141 0.021 0.031 0.037 0.013 0.022 0.035 0.005 0.018 0.176
215 H 0.036 0.039 0.046 0.033 0.007 0.033 0.046 0.033 0.444 0.02 0.033 0.039 0.013 0.026 0.016 0.036 0.023 0.007 0.049 0.02
216 P 0.105 0.032 0.033 0.034 0.013 0.056 0.043 0.046 0.015 0.028 0.052 0.045 0.014 0.016 0.204 0.16 0.049 0.004 0.014 0.037
217 A 0.252 0.03 0.033 0.033 0.017 0.025 0.039 0.072 0.014 0.032 0.044 0.042 0.014 0.018 0.025 0.186 0.055 0.005 0.015 0.048
218 V 0.157 0.025 0.025 0.025 0.016 0.02 0.03 0.043 0.011 0.11 0.079 0.033 0.021 0.025 0.02 0.109 0.065 0.005 0.016 0.165
219 L 0.043 0.018 0.013 0.015 0.014 0.013 0.017 0.019 0.008 0.238 0.251 0.021 0.035 0.04 0.013 0.022 0.034 0.005 0.018 0.164
220 Y 0.038 0.02 0.015 0.015 0.011 0.015 0.02 0.02 0.022 0.163 0.177 0.024 0.027 0.073 0.013 0.024 0.029 0.014 0.193 0.087
221 F 0.031 0.019 0.016 0.015 0.009 0.012 0.019 0.022 0.023 0.049 0.085 0.02 0.02 0.352 0.011 0.024 0.023 0.018 0.188 0.045
222 I 0.049 0.018 0.016 0.017 0.015 0.014 0.019 0.022 0.009 0.218 0.118 0.023 0.027 0.082 0.014 0.031 0.071 0.006 0.024 0.208
223 L 0.145 0.021 0.017 0.019 0.075 0.016 0.022 0.089 0.01 0.097 0.219 0.027 0.027 0.031 0.017 0.04 0.034 0.005 0.016 0.074
224 L 0.04 0.02 0.013 0.014 0.014 0.014 0.018 0.019 0.009 0.163 0.36 0.022 0.048 0.044 0.013 0.024 0.042 0.006 0.019 0.099
225 R 0.038 0.435 0.033 0.027 0.007 0.042 0.045 0.028 0.02 0.02 0.04 0.104 0.013 0.015 0.017 0.038 0.03 0.005 0.015 0.027
226 L 0.037 0.018 0.013 0.014 0.012 0.012 0.017 0.02 0.011 0.116 0.237 0.019 0.031 0.22 0.011 0.022 0.028 0.009 0.043 0.108
227 L 0.122 0.022 0.019 0.02 0.014 0.016 0.024 0.035 0.012 0.113 0.165 0.027 0.039 0.13 0.016 0.068 0.037 0.007 0.03 0.083
228 F 0.032 0.02 0.016 0.015 0.009 0.014 0.02 0.022 0.026 0.047 0.08 0.021 0.019 0.308 0.011 0.024 0.023 0.019 0.23 0.044
229 P 0.051 0.022 0.022 0.026 0.01 0.017 0.029 0.031 0.012 0.065 0.053 0.033 0.014 0.072 0.374 0.066 0.035 0.004 0.02 0.044
230 L 0.035 0.018 0.014 0.015 0.011 0.013 0.018 0.02 0.014 0.164 0.179 0.02 0.028 0.147 0.011 0.022 0.028 0.072 0.084 0.087
231 L 0.039 0.019 0.012 0.014 0.014 0.013 0.017 0.018 0.009 0.185 0.342 0.021 0.038 0.065 0.012 0.021 0.03 0.006 0.022 0.103
232 K 0.047 0.099 0.077 0.039 0.007 0.044 0.058 0.039 0.019 0.023 0.036 0.331 0.013 0.014 0.023 0.047 0.035 0.004 0.015 0.028
233 K 0.048 0.072 0.08 0.089 0.008 0.039 0.058 0.04 0.018 0.025 0.037 0.266 0.013 0.014 0.023 0.051 0.07 0.004 0.014 0.031
234 I 0.07 0.023 0.067 0.077 0.013 0.019 0.031 0.033 0.012 0.169 0.095 0.03 0.036 0.028 0.017 0.067 0.041 0.005 0.016 0.15
235 T 0.053 0.132 0.085 0.037 0.011 0.032 0.042 0.039 0.017 0.032 0.045 0.111 0.014 0.017 0.021 0.072 0.176 0.005 0.015 0.042
236 I 0.043 0.018 0.013 0.015 0.013 0.013 0.017 0.02 0.009 0.205 0.19 0.021 0.03 0.064 0.012 0.023 0.033 0.068 0.026 0.169
237 Y 0.074 0.022 0.019 0.018 0.012 0.017 0.023 0.088 0.02 0.062 0.124 0.026 0.049 0.127 0.014 0.036 0.034 0.012 0.136 0.087
238 K 0.051 0.063 0.074 0.036 0.01 0.035 0.047 0.037 0.016 0.101 0.06 0.225 0.017 0.02 0.021 0.073 0.039 0.005 0.015 0.056
239 S 0.074 0.045 0.04 0.037 0.013 0.03 0.044 0.047 0.016 0.031 0.046 0.116 0.015 0.068 0.023 0.204 0.088 0.006 0.022 0.038
240 L 0.038 0.019 0.013 0.014 0.013 0.013 0.017 0.019 0.009 0.171 0.329 0.021 0.037 0.092 0.012 0.021 0.03 0.007 0.025 0.102
241 L 0.045 0.02 0.017 0.018 0.013 0.014 0.02 0.084 0.01 0.088 0.245 0.024 0.034 0.094 0.074 0.029 0.042 0.006 0.025 0.099
242 V 0.049 0.019 0.014 0.015 0.015 0.015 0.019 0.02 0.008 0.186 0.205 0.023 0.06 0.038 0.013 0.025 0.036 0.005 0.018 0.217
243 L 0.04 0.02 0.013 0.014 0.014 0.014 0.017 0.019 0.009 0.189 0.324 0.022 0.065 0.044 0.013 0.022 0.031 0.006 0.019 0.106
244 L 0.037 0.019 0.013 0.014 0.013 0.013 0.017 0.019 0.01 0.12 0.348 0.02 0.037 0.138 0.012 0.021 0.028 0.008 0.031 0.083
245 S 0.11 0.029 0.036 0.033 0.014 0.024 0.035 0.147 0.014 0.036 0.055 0.039 0.043 0.02 0.022 0.159 0.117 0.005 0.015 0.046
246 F 0.033 0.018 0.015 0.016 0.01 0.012 0.019 0.022 0.016 0.054 0.127 0.02 0.022 0.333 0.072 0.024 0.024 0.013 0.1 0.048
247 P 0.048 0.021 0.019 0.025 0.009 0.017 0.029 0.03 0.011 0.061 0.044 0.034 0.011 0.014 0.502 0.036 0.032 0.003 0.012 0.041
248 I 0.047 0.017 0.013 0.015 0.015 0.013 0.017 0.019 0.008 0.254 0.18 0.022 0.032 0.037 0.023 0.024 0.036 0.005 0.018 0.207
249 L 0.043 0.019 0.013 0.014 0.014 0.014 0.018 0.019 0.009 0.156 0.294 0.022 0.045 0.065 0.013 0.023 0.033 0.006 0.022 0.157
250 I 0.09 0.02 0.019 0.02 0.014 0.015 0.022 0.03 0.011 0.208 0.111 0.025 0.025 0.124 0.015 0.064 0.049 0.007 0.029 0.101
251 N 0.043 0.037 0.148 0.039 0.01 0.041 0.04 0.096 0.02 0.074 0.118 0.074 0.019 0.034 0.016 0.041 0.034 0.007 0.059 0.05
252 L 0.049 0.019 0.015 0.016 0.014 0.014 0.019 0.081 0.008 0.135 0.261 0.023 0.033 0.037 0.013 0.026 0.034 0.005 0.017 0.179
253 L 0.051 0.023 0.02 0.019 0.014 0.016 0.023 0.026 0.01 0.09 0.251 0.026 0.031 0.084 0.015 0.063 0.071 0.006 0.024 0.135
254 P 0.047 0.022 0.02 0.026 0.009 0.018 0.03 0.03 0.014 0.024 0.034 0.035 0.01 0.022 0.502 0.037 0.03 0.005 0.056 0.028
255 L 0.049 0.066 0.021 0.068 0.072 0.018 0.028 0.025 0.011 0.132 0.145 0.037 0.024 0.032 0.014 0.03 0.032 0.06 0.02 0.117
256 L 0.042 0.018 0.013 0.014 0.014 0.012 0.017 0.02 0.009 0.171 0.235 0.021 0.033 0.12 0.012 0.023 0.032 0.007 0.029 0.158
257 L 0.045 0.024 0.014 0.015 0.016 0.016 0.02 0.021 0.01 0.115 0.375 0.025 0.05 0.055 0.014 0.024 0.033 0.007 0.022 0.096
258 A 0.209 0.034 0.075 0.09 0.013 0.061 0.087 0.055 0.018 0.029 0.041 0.047 0.013 0.016 0.023 0.085 0.042 0.004 0.015 0.042
259 D 0.043 0.094 0.092 0.182 0.009 0.036 0.106 0.038 0.02 0.035 0.058 0.057 0.047 0.02 0.019 0.047 0.036 0.005 0.015 0.041
260 L 0.04 0.039 0.019 0.019 0.011 0.019 0.027 0.026 0.03 0.064 0.161 0.067 0.027 0.092 0.013 0.029 0.041 0.152 0.038 0.087
261 L 0.052 0.022 0.022 0.021 0.015 0.017 0.023 0.026 0.009 0.148 0.164 0.027 0.027 0.045 0.017 0.043 0.144 0.005 0.019 0.153
262 G 0.054 0.027 0.162 0.093 0.008 0.022 0.035 0.344 0.017 0.018 0.025 0.036 0.009 0.014 0.017 0.05 0.032 0.004 0.011 0.022
263 L 0.044 0.025 0.064 0.026 0.012 0.019 0.026 0.029 0.06 0.147 0.172 0.029 0.026 0.035 0.014 0.061 0.036 0.06 0.025 0.089
264 A 0.17 0.038 0.053 0.041 0.013 0.031 0.097 0.116 0.016 0.028 0.04 0.081 0.013 0.017 0.03 0.09 0.067 0.005 0.014 0.041
265 Y 0.036 0.023 0.017 0.016 0.009 0.017 0.022 0.021 0.031 0.082 0.086 0.025 0.047 0.141 0.013 0.026 0.026 0.019 0.283 0.058
266 L 0.039 0.019 0.015 0.016 0.012 0.012 0.017 0.082 0.011 0.106 0.257 0.021 0.031 0.184 0.012 0.024 0.027 0.009 0.037 0.072
267 E 0.056 0.046 0.039 0.094 0.01 0.089 0.133 0.038 0.034 0.031 0.082 0.09 0.016 0.019 0.021 0.106 0.041 0.005 0.017 0.035
268 F 0.052 0.032 0.026 0.025 0.012 0.022 0.03 0.033 0.015 0.051 0.092 0.068 0.075 0.207 0.016 0.103 0.042 0.009 0.041 0.05
269 L 0.036 0.018 0.014 0.015 0.012 0.012 0.017 0.02 0.014 0.18 0.192 0.02 0.03 0.177 0.012 0.022 0.028 0.01 0.079 0.093
270 I 0.09 0.02 0.018 0.019 0.015 0.016 0.022 0.029 0.009 0.209 0.149 0.026 0.028 0.033 0.016 0.063 0.041 0.005 0.017 0.175
271 R 0.085 0.169 0.079 0.095 0.009 0.038 0.125 0.041 0.02 0.022 0.036 0.068 0.012 0.015 0.02 0.08 0.038 0.005 0.014 0.03
272 K 0.049 0.092 0.036 0.036 0.007 0.046 0.061 0.037 0.018 0.024 0.037 0.378 0.013 0.013 0.024 0.046 0.034 0.004 0.015 0.028
273 I 0.038 0.017 0.013 0.015 0.013 0.012 0.016 0.019 0.009 0.241 0.205 0.02 0.032 0.136 0.012 0.021 0.03 0.007 0.031 0.114
274 D 0.046 0.032 0.062 0.23 0.008 0.035 0.167 0.037 0.018 0.029 0.077 0.047 0.014 0.018 0.02 0.075 0.036 0.004 0.013 0.032
275 I 0.108 0.023 0.023 0.023 0.016 0.018 0.026 0.034 0.01 0.168 0.095 0.03 0.024 0.028 0.018 0.079 0.089 0.005 0.017 0.168
276 Y 0.035 0.024 0.019 0.016 0.008 0.019 0.024 0.021 0.04 0.038 0.059 0.027 0.016 0.113 0.013 0.027 0.024 0.024 0.412 0.04
277 S 0.064 0.043 0.038 0.041 0.012 0.128 0.094 0.04 0.019 0.034 0.087 0.056 0.018 0.019 0.022 0.142 0.081 0.005 0.016 0.041
278 D 0.058 0.039 0.066 0.186 0.01 0.029 0.056 0.044 0.016 0.061 0.044 0.096 0.013 0.018 0.021 0.138 0.046 0.004 0.013 0.042
279 N 0.044 0.035 0.285 0.058 0.01 0.027 0.039 0.049 0.022 0.026 0.034 0.044 0.011 0.016 0.079 0.062 0.11 0.004 0.014 0.032
280 D 0.091 0.03 0.046 0.239 0.01 0.03 0.115 0.043 0.016 0.027 0.035 0.044 0.011 0.016 0.022 0.083 0.09 0.004 0.013 0.035
281 A 0.176 0.032 0.075 0.042 0.014 0.028 0.078 0.054 0.016 0.049 0.047 0.044 0.015 0.019 0.023 0.148 0.071 0.005 0.015 0.05
282 Y 0.034 0.022 0.018 0.016 0.008 0.017 0.022 0.022 0.035 0.041 0.068 0.025 0.017 0.192 0.012 0.026 0.024 0.022 0.337 0.042
283 A 0.27 0.025 0.022 0.025 0.017 0.02 0.031 0.054 0.012 0.114 0.073 0.035 0.019 0.023 0.022 0.085 0.044 0.005 0.016 0.089
284 E 0.049 0.042 0.05 0.107 0.008 0.071 0.236 0.033 0.02 0.034 0.041 0.074 0.013 0.016 0.021 0.057 0.041 0.005 0.015 0.066
285 L 0.036 0.02 0.013 0.014 0.012 0.013 0.018 0.019 0.013 0.083 0.341 0.021 0.035 0.143 0.012 0.022 0.027 0.01 0.075 0.071
286 F 0.029 0.017 0.015 0.015 0.009 0.009 0.017 0.022 0.016 0.054 0.097 0.017 0.022 0.458 0.009 0.022 0.022 0.015 0.089 0.047
287 N 0.045 0.063 0.202 0.049 0.009 0.03 0.041 0.044 0.068 0.062 0.046 0.082 0.014 0.02 0.019 0.067 0.074 0.005 0.019 0.043
288 T 0.046 0.027 0.068 0.029 0.012 0.019 0.028 0.033 0.014 0.048 0.106 0.035 0.02 0.127 0.017 0.051 0.167 0.069 0.034 0.052
289 T 0.071 0.077 0.04 0.035 0.014 0.027 0.039 0.043 0.014 0.036 0.048 0.049 0.015 0.019 0.024 0.158 0.222 0.005 0.015 0.049
290 L 0.038 0.023 0.027 0.12 0.011 0.018 0.034 0.025 0.058 0.133 0.246 0.027 0.029 0.035 0.014 0.028 0.03 0.005 0.02 0.078
291 L 0.048 0.033 0.025 0.023 0.012 0.023 0.03 0.028 0.018 0.057 0.151 0.069 0.051 0.056 0.018 0.046 0.136 0.01 0.106 0.059
292 L 0.121 0.023 0.017 0.018 0.015 0.018 0.023 0.032 0.013 0.099 0.151 0.027 0.078 0.086 0.016 0.037 0.036 0.008 0.046 0.138
293 R 0.078 0.262 0.073 0.031 0.008 0.036 0.043 0.036 0.022 0.024 0.042 0.112 0.013 0.026 0.018 0.044 0.033 0.007 0.059 0.032
294 L 0.046 0.022 0.014 0.015 0.015 0.017 0.02 0.021 0.01 0.135 0.251 0.025 0.116 0.041 0.013 0.026 0.034 0.006 0.019 0.153
295 Y 0.035 0.025 0.033 0.018 0.008 0.019 0.025 0.023 0.04 0.037 0.058 0.028 0.016 0.109 0.014 0.028 0.025 0.023 0.397 0.04
296 V 0.086 0.02 0.015 0.016 0.015 0.015 0.02 0.025 0.009 0.184 0.18 0.024 0.057 0.035 0.015 0.03 0.037 0.005 0.018 0.192
297 G 0.07 0.023 0.036 0.031 0.011 0.018 0.026 0.46 0.012 0.021 0.029 0.032 0.01 0.015 0.018 0.08 0.067 0.005 0.011 0.027
298 L 0.088 0.022 0.019 0.02 0.015 0.017 0.023 0.029 0.009 0.148 0.177 0.027 0.028 0.032 0.017 0.042 0.106 0.005 0.017 0.157
299 L 0.041 0.019 0.013 0.014 0.013 0.012 0.017 0.02 0.01 0.127 0.248 0.02 0.032 0.16 0.012 0.023 0.031 0.008 0.035 0.145
300 L 0.041 0.019 0.013 0.014 0.014 0.013 0.017 0.019 0.008 0.165 0.352 0.022 0.039 0.043 0.013 0.022 0.032 0.006 0.019 0.13
301 S 0.067 0.027 0.03 0.028 0.044 0.023 0.031 0.098 0.014 0.084 0.093 0.035 0.103 0.028 0.019 0.147 0.047 0.005 0.016 0.063
302 I 0.042 0.017 0.014 0.015 0.013 0.012 0.017 0.02 0.01 0.194 0.139 0.02 0.028 0.173 0.012 0.023 0.032 0.008 0.036 0.174
303 L 0.078 0.02 0.013 0.015 0.014 0.014 0.019 0.024 0.009 0.153 0.346 0.023 0.037 0.042 0.014 0.027 0.032 0.006 0.018 0.096
304 F 0.032 0.021 0.017 0.015 0.009 0.015 0.021 0.022 0.029 0.045 0.077 0.022 0.019 0.272 0.012 0.025 0.023 0.02 0.263 0.043
305 I 0.042 0.018 0.013 0.015 0.014 0.013 0.016 0.018 0.008 0.255 0.251 0.021 0.035 0.041 0.013 0.022 0.033 0.005 0.018 0.15
306 I 0.043 0.025 0.016 0.017 0.013 0.016 0.022 0.022 0.01 0.185 0.147 0.06 0.028 0.131 0.013 0.026 0.033 0.007 0.031 0.157
307 L 0.041 0.027 0.02 0.02 0.012 0.054 0.029 0.024 0.016 0.099 0.192 0.031 0.055 0.116 0.014 0.033 0.065 0.009 0.072 0.071
308 Y 0.034 0.023 0.018 0.016 0.008 0.018 0.023 0.022 0.037 0.039 0.063 0.026 0.017 0.153 0.013 0.026 0.024 0.023 0.375 0.041
309 L 0.036 0.025 0.021 0.018 0.011 0.018 0.024 0.022 0.11 0.069 0.272 0.026 0.03 0.107 0.013 0.025 0.026 0.009 0.077 0.059
310 I 0.051 0.025 0.11 0.034 0.012 0.019 0.028 0.089 0.015 0.131 0.077 0.032 0.019 0.074 0.016 0.073 0.074 0.006 0.022 0.092
311 L 0.042 0.025 0.084 0.027 0.013 0.021 0.025 0.029 0.013 0.095 0.244 0.029 0.029 0.083 0.015 0.042 0.079 0.006 0.024 0.074
312 G 0.061 0.029 0.025 0.024 0.012 0.019 0.027 0.157 0.012 0.096 0.115 0.065 0.021 0.075 0.016 0.066 0.036 0.006 0.022 0.117
313 R 0.042 0.236 0.065 0.033 0.007 0.039 0.048 0.033 0.022 0.023 0.04 0.181 0.013 0.025 0.019 0.045 0.032 0.007 0.059 0.029
314 F 0.051 0.033 0.07 0.031 0.011 0.022 0.032 0.036 0.016 0.075 0.071 0.069 0.018 0.171 0.017 0.1 0.078 0.008 0.036 0.054
315 V 0.045 0.075 0.022 0.022 0.012 0.08 0.036 0.024 0.024 0.137 0.128 0.043 0.025 0.038 0.015 0.031 0.034 0.007 0.062 0.139
316 K 0.05 0.106 0.036 0.081 0.009 0.037 0.053 0.035 0.016 0.039 0.047 0.22 0.015 0.016 0.021 0.048 0.081 0.005 0.015 0.07
317 N 0.045 0.037 0.199 0.049 0.009 0.026 0.049 0.143 0.02 0.038 0.042 0.076 0.013 0.067 0.017 0.051 0.058 0.005 0.02 0.034
318 E 0.047 0.034 0.071 0.052 0.01 0.036 0.191 0.031 0.041 0.087 0.081 0.046 0.018 0.022 0.019 0.047 0.058 0.005 0.017 0.087
319 D 0.042 0.118 0.114 0.206 0.007 0.036 0.066 0.043 0.021 0.022 0.033 0.115 0.011 0.015 0.021 0.05 0.036 0.004 0.013 0.026
320 D 0.042 0.04 0.049 0.277 0.009 0.029 0.067 0.038 0.016 0.083 0.055 0.096 0.015 0.019 0.02 0.043 0.034 0.004 0.013 0.052
