#Seq2Logo.py -f /work3/idamei/ssn-clusterings/2206011120/clusters/0034_82/sequences.afa -m 0.0001 -b 50 -o /work3/idamei/ssn-clusterings/2206011120/clusters/0034_82/sequences.logo
#Position Specific Frequency Matrix
A R N D C Q E G H I L K M F P S T W Y V
0 L 0.052 0.032 0.02 0.02 0.016 0.028 0.028 0.028 0.016 0.1 0.197 0.036 0.161 0.048 0.016 0.036 0.04 0.008 0.024 0.092
1 A 0.29 0.031 0.026 0.03 0.022 0.026 0.04 0.078 0.015 0.043 0.059 0.045 0.018 0.022 0.03 0.085 0.05 0.005 0.018 0.069
2 R 0.045 0.345 0.039 0.031 0.008 0.048 0.052 0.033 0.023 0.023 0.047 0.12 0.016 0.017 0.019 0.045 0.035 0.006 0.017 0.031
3 S 0.11 0.04 0.054 0.049 0.018 0.033 0.052 0.066 0.019 0.03 0.042 0.054 0.016 0.021 0.03 0.22 0.082 0.005 0.018 0.042
4 I 0.047 0.018 0.015 0.018 0.016 0.013 0.018 0.021 0.009 0.271 0.168 0.024 0.037 0.044 0.015 0.025 0.04 0.006 0.021 0.177
5 K 0.057 0.107 0.042 0.042 0.009 0.054 0.071 0.043 0.021 0.028 0.043 0.278 0.016 0.016 0.028 0.054 0.04 0.005 0.017 0.033
6 E 0.055 0.05 0.04 0.09 0.007 0.064 0.296 0.035 0.026 0.022 0.037 0.076 0.013 0.017 0.026 0.055 0.037 0.006 0.017 0.031
7 F 0.034 0.019 0.017 0.017 0.011 0.011 0.019 0.025 0.017 0.063 0.114 0.019 0.025 0.387 0.011 0.025 0.025 0.017 0.089 0.055
8 N 0.043 0.045 0.317 0.083 0.009 0.034 0.049 0.065 0.032 0.022 0.032 0.054 0.011 0.018 0.02 0.07 0.049 0.004 0.016 0.027
9 F 0.034 0.019 0.017 0.017 0.011 0.011 0.019 0.025 0.017 0.063 0.114 0.019 0.025 0.387 0.011 0.025 0.025 0.017 0.089 0.055
10 S 0.11 0.04 0.054 0.049 0.018 0.033 0.052 0.066 0.019 0.03 0.042 0.054 0.016 0.021 0.03 0.22 0.082 0.005 0.018 0.042
11 A 0.29 0.031 0.026 0.03 0.022 0.026 0.04 0.078 0.015 0.043 0.059 0.045 0.018 0.022 0.03 0.085 0.05 0.005 0.018 0.069
12 I 0.047 0.018 0.015 0.018 0.016 0.013 0.018 0.021 0.009 0.271 0.168 0.024 0.037 0.044 0.015 0.025 0.04 0.006 0.021 0.177
13 I 0.047 0.018 0.015 0.018 0.016 0.013 0.018 0.021 0.009 0.271 0.168 0.024 0.037 0.044 0.015 0.025 0.04 0.006 0.021 0.177
14 Y 0.04 0.028 0.022 0.019 0.009 0.022 0.028 0.025 0.047 0.044 0.068 0.031 0.019 0.131 0.016 0.031 0.028 0.028 0.318 0.047
15 L 0.045 0.024 0.014 0.015 0.016 0.016 0.02 0.021 0.01 0.115 0.375 0.025 0.05 0.055 0.014 0.024 0.033 0.007 0.022 0.096
16 L 0.045 0.024 0.014 0.015 0.016 0.016 0.02 0.021 0.01 0.115 0.375 0.025 0.05 0.055 0.014 0.024 0.033 0.007 0.022 0.096
17 R 0.045 0.345 0.039 0.031 0.008 0.048 0.052 0.033 0.023 0.023 0.047 0.12 0.016 0.017 0.019 0.045 0.035 0.006 0.017 0.031
18 K 0.057 0.107 0.042 0.042 0.009 0.054 0.071 0.043 0.021 0.028 0.043 0.278 0.016 0.016 0.028 0.054 0.04 0.005 0.017 0.033
19 F 0.034 0.019 0.017 0.017 0.011 0.011 0.019 0.025 0.017 0.063 0.114 0.019 0.025 0.387 0.011 0.025 0.025 0.017 0.089 0.055
20 R 0.045 0.345 0.039 0.031 0.008 0.048 0.052 0.033 0.023 0.023 0.047 0.12 0.016 0.017 0.019 0.045 0.035 0.006 0.017 0.031
21 P 0.057 0.026 0.023 0.031 0.01 0.021 0.036 0.036 0.013 0.026 0.036 0.041 0.01 0.013 0.494 0.044 0.036 0.003 0.013 0.031
22 S 0.11 0.04 0.054 0.049 0.018 0.033 0.052 0.066 0.019 0.03 0.042 0.054 0.016 0.021 0.03 0.22 0.082 0.005 0.018 0.042
23 F 0.034 0.019 0.017 0.017 0.011 0.011 0.019 0.025 0.017 0.063 0.114 0.019 0.025 0.387 0.011 0.025 0.025 0.017 0.089 0.055
24 I 0.047 0.018 0.015 0.018 0.016 0.013 0.018 0.021 0.009 0.271 0.168 0.024 0.037 0.044 0.015 0.025 0.04 0.006 0.021 0.177
25 I 0.047 0.018 0.015 0.018 0.016 0.013 0.018 0.021 0.009 0.271 0.168 0.024 0.037 0.044 0.015 0.025 0.04 0.006 0.021 0.177
26 H 0.042 0.046 0.053 0.038 0.008 0.038 0.053 0.038 0.355 0.023 0.038 0.046 0.015 0.03 0.019 0.042 0.027 0.008 0.057 0.023
27 A 0.29 0.031 0.026 0.03 0.022 0.026 0.04 0.078 0.015 0.043 0.059 0.045 0.018 0.022 0.03 0.085 0.05 0.005 0.018 0.069
28 P 0.057 0.026 0.023 0.031 0.01 0.021 0.036 0.036 0.013 0.026 0.036 0.041 0.01 0.013 0.494 0.044 0.036 0.003 0.013 0.031
29 Y 0.04 0.028 0.022 0.019 0.009 0.022 0.028 0.025 0.047 0.044 0.068 0.031 0.019 0.131 0.016 0.031 0.028 0.028 0.318 0.047
30 F 0.034 0.019 0.017 0.017 0.011 0.011 0.019 0.025 0.017 0.063 0.114 0.019 0.025 0.387 0.011 0.025 0.025 0.017 0.089 0.055
31 I 0.047 0.018 0.015 0.018 0.016 0.013 0.018 0.021 0.009 0.271 0.168 0.024 0.037 0.044 0.015 0.025 0.04 0.006 0.021 0.177
32 K 0.057 0.107 0.042 0.042 0.009 0.054 0.071 0.043 0.021 0.028 0.043 0.278 0.016 0.016 0.028 0.054 0.04 0.005 0.017 0.033
33 K 0.057 0.107 0.042 0.042 0.009 0.054 0.071 0.043 0.021 0.028 0.043 0.278 0.016 0.016 0.028 0.054 0.04 0.005 0.017 0.033
34 I 0.047 0.018 0.015 0.018 0.016 0.013 0.018 0.021 0.009 0.271 0.168 0.024 0.037 0.044 0.015 0.025 0.04 0.006 0.021 0.177
35 L 0.052 0.032 0.02 0.02 0.016 0.028 0.028 0.028 0.016 0.1 0.197 0.036 0.161 0.048 0.016 0.036 0.04 0.008 0.024 0.092
36 E 0.055 0.05 0.04 0.09 0.007 0.064 0.296 0.035 0.026 0.022 0.037 0.076 0.013 0.017 0.026 0.055 0.037 0.006 0.017 0.031
37 K 0.057 0.107 0.042 0.042 0.009 0.054 0.071 0.043 0.021 0.028 0.043 0.278 0.016 0.016 0.028 0.054 0.04 0.005 0.017 0.033
38 N 0.043 0.045 0.317 0.083 0.009 0.034 0.049 0.065 0.032 0.022 0.032 0.054 0.011 0.018 0.02 0.07 0.049 0.004 0.016 0.027
39 M 0.037 0.023 0.014 0.014 0.011 0.02 0.02 0.02 0.011 0.071 0.139 0.025 0.409 0.034 0.011 0.025 0.028 0.006 0.017 0.065
40 S 0.056 0.029 0.119 0.074 0.01 0.042 0.039 0.07 0.064 0.021 0.029 0.037 0.011 0.015 0.018 0.232 0.089 0.004 0.014 0.027
41 D 0.047 0.047 0.03 0.181 0.007 0.023 0.103 0.028 0.02 0.024 0.035 0.035 0.011 0.051 0.045 0.062 0.047 0.009 0.169 0.027
42 L 0.042 0.022 0.067 0.053 0.01 0.019 0.082 0.084 0.011 0.104 0.139 0.028 0.018 0.048 0.014 0.056 0.067 0.004 0.015 0.115
43 E 0.06 0.031 0.036 0.212 0.006 0.055 0.295 0.031 0.016 0.017 0.026 0.046 0.009 0.012 0.018 0.064 0.029 0.004 0.011 0.023
44 I 0.047 0.018 0.015 0.018 0.016 0.013 0.018 0.021 0.009 0.271 0.168 0.024 0.037 0.044 0.015 0.025 0.04 0.006 0.021 0.177
45 I 0.047 0.018 0.015 0.018 0.016 0.013 0.018 0.021 0.009 0.271 0.168 0.024 0.037 0.044 0.015 0.025 0.04 0.006 0.021 0.177
46 K 0.057 0.107 0.042 0.042 0.009 0.054 0.071 0.043 0.021 0.028 0.043 0.278 0.016 0.016 0.028 0.054 0.04 0.005 0.017 0.033
47 V 0.07 0.022 0.016 0.018 0.019 0.016 0.023 0.025 0.008 0.165 0.13 0.026 0.032 0.036 0.016 0.033 0.049 0.006 0.021 0.269
48 R 0.045 0.345 0.039 0.031 0.008 0.048 0.052 0.033 0.023 0.023 0.047 0.12 0.016 0.017 0.019 0.045 0.035 0.006 0.017 0.031
49 D 0.041 0.03 0.069 0.397 0.008 0.03 0.091 0.047 0.019 0.022 0.028 0.045 0.009 0.015 0.022 0.052 0.035 0.004 0.011 0.024
50 Y 0.04 0.028 0.022 0.019 0.009 0.022 0.028 0.025 0.047 0.044 0.068 0.031 0.019 0.131 0.016 0.031 0.028 0.028 0.318 0.047
51 L 0.045 0.024 0.014 0.015 0.016 0.016 0.02 0.021 0.01 0.115 0.375 0.025 0.05 0.055 0.014 0.024 0.033 0.007 0.022 0.096
52 F 0.024 0.014 0.012 0.012 0.008 0.008 0.014 0.018 0.012 0.046 0.082 0.014 0.018 0.559 0.008 0.018 0.018 0.012 0.064 0.04
53 F 0.027 0.015 0.012 0.012 0.009 0.009 0.014 0.017 0.012 0.076 0.215 0.016 0.023 0.365 0.009 0.018 0.02 0.01 0.069 0.052
54 D 0.057 0.035 0.065 0.14 0.008 0.064 0.081 0.032 0.031 0.053 0.063 0.099 0.013 0.017 0.017 0.093 0.033 0.004 0.021 0.073
55 L 0.033 0.015 0.011 0.012 0.011 0.01 0.015 0.017 0.01 0.159 0.205 0.017 0.025 0.197 0.01 0.019 0.025 0.008 0.054 0.147
56 A 0.225 0.02 0.019 0.019 0.012 0.016 0.024 0.037 0.014 0.098 0.093 0.027 0.017 0.082 0.016 0.096 0.033 0.007 0.088 0.056
57 F 0.03 0.016 0.013 0.012 0.009 0.01 0.016 0.018 0.016 0.056 0.121 0.017 0.019 0.332 0.009 0.02 0.022 0.012 0.151 0.103
58 S 0.084 0.029 0.115 0.054 0.009 0.026 0.121 0.098 0.04 0.022 0.052 0.039 0.011 0.015 0.018 0.183 0.039 0.004 0.013 0.028
59 N 0.031 0.031 0.256 0.119 0.006 0.025 0.06 0.036 0.101 0.019 0.027 0.056 0.009 0.025 0.015 0.04 0.029 0.006 0.086 0.021
60 W 0.03 0.016 0.011 0.012 0.009 0.011 0.015 0.018 0.009 0.177 0.189 0.017 0.022 0.087 0.009 0.027 0.023 0.214 0.031 0.072
61 D 0.065 0.026 0.028 0.127 0.009 0.039 0.048 0.06 0.026 0.039 0.101 0.053 0.014 0.024 0.089 0.102 0.038 0.005 0.059 0.047
62 L 0.037 0.027 0.042 0.028 0.009 0.042 0.117 0.022 0.015 0.055 0.185 0.052 0.02 0.059 0.014 0.031 0.067 0.007 0.087 0.084
63 F 0.028 0.015 0.012 0.012 0.009 0.01 0.015 0.018 0.014 0.074 0.164 0.016 0.026 0.345 0.009 0.019 0.021 0.011 0.113 0.069
64 L 0.036 0.017 0.012 0.013 0.011 0.011 0.015 0.046 0.008 0.143 0.351 0.019 0.029 0.075 0.011 0.021 0.046 0.005 0.019 0.111
65 L 0.101 0.018 0.016 0.016 0.011 0.014 0.019 0.061 0.012 0.119 0.169 0.023 0.021 0.092 0.028 0.036 0.072 0.007 0.089 0.074
66 L 0.037 0.017 0.014 0.014 0.098 0.012 0.017 0.02 0.011 0.145 0.166 0.019 0.039 0.075 0.011 0.05 0.027 0.066 0.079 0.083
67 S 0.071 0.023 0.047 0.024 0.012 0.019 0.026 0.061 0.012 0.075 0.107 0.029 0.115 0.049 0.016 0.144 0.097 0.005 0.016 0.052
68 L 0.078 0.017 0.013 0.014 0.026 0.012 0.017 0.022 0.009 0.136 0.199 0.019 0.041 0.161 0.012 0.026 0.053 0.006 0.027 0.113
69 L 0.099 0.017 0.013 0.014 0.011 0.012 0.017 0.023 0.008 0.128 0.24 0.02 0.024 0.121 0.051 0.027 0.037 0.006 0.023 0.108
70 L 0.038 0.016 0.015 0.015 0.069 0.012 0.017 0.02 0.009 0.148 0.16 0.019 0.044 0.157 0.011 0.044 0.066 0.006 0.026 0.106
71 I 0.063 0.017 0.017 0.017 0.069 0.013 0.019 0.053 0.009 0.131 0.112 0.022 0.037 0.125 0.042 0.062 0.065 0.006 0.023 0.1
72 L 0.101 0.017 0.014 0.015 0.011 0.012 0.018 0.09 0.009 0.125 0.15 0.021 0.038 0.147 0.041 0.028 0.026 0.006 0.025 0.106
73 L 0.072 0.017 0.014 0.015 0.012 0.012 0.017 0.021 0.008 0.177 0.207 0.02 0.025 0.079 0.012 0.044 0.05 0.005 0.019 0.172
74 L 0.04 0.016 0.011 0.011 0.157 0.011 0.014 0.018 0.007 0.067 0.389 0.017 0.028 0.074 0.011 0.021 0.024 0.005 0.018 0.06
75 Y 0.031 0.02 0.017 0.015 0.007 0.015 0.02 0.02 0.051 0.035 0.054 0.022 0.014 0.159 0.011 0.042 0.022 0.046 0.353 0.047
76 L 0.031 0.017 0.013 0.013 0.01 0.012 0.016 0.017 0.011 0.103 0.299 0.019 0.05 0.169 0.01 0.021 0.043 0.008 0.074 0.063
77 S 0.106 0.024 0.028 0.027 0.012 0.019 0.03 0.038 0.012 0.035 0.101 0.032 0.015 0.069 0.048 0.225 0.116 0.005 0.018 0.041
78 V 0.048 0.018 0.016 0.016 0.013 0.013 0.019 0.021 0.007 0.165 0.124 0.022 0.022 0.026 0.013 0.058 0.095 0.004 0.014 0.285
79 R 0.033 0.379 0.096 0.028 0.006 0.032 0.037 0.027 0.042 0.039 0.036 0.102 0.011 0.014 0.014 0.034 0.027 0.004 0.014 0.027
80 K 0.038 0.192 0.073 0.029 0.007 0.032 0.041 0.03 0.017 0.022 0.046 0.252 0.012 0.042 0.017 0.054 0.029 0.005 0.038 0.025
81 L 0.059 0.034 0.018 0.018 0.01 0.018 0.024 0.023 0.035 0.089 0.183 0.098 0.039 0.112 0.013 0.046 0.038 0.006 0.024 0.112
82 S 0.111 0.041 0.055 0.05 0.018 0.034 0.053 0.067 0.019 0.03 0.042 0.055 0.016 0.021 0.03 0.209 0.083 0.005 0.018 0.042
83 A 0.205 0.022 0.022 0.022 0.013 0.017 0.027 0.059 0.01 0.066 0.097 0.029 0.016 0.02 0.047 0.137 0.064 0.004 0.013 0.108
84 I 0.083 0.018 0.016 0.017 0.013 0.014 0.02 0.025 0.008 0.199 0.141 0.023 0.024 0.049 0.048 0.05 0.056 0.005 0.017 0.173
85 G 0.143 0.023 0.09 0.026 0.01 0.017 0.025 0.236 0.013 0.053 0.064 0.048 0.013 0.02 0.015 0.059 0.03 0.005 0.034 0.076
86 G 0.072 0.024 0.072 0.028 0.008 0.018 0.024 0.453 0.013 0.016 0.024 0.069 0.008 0.016 0.015 0.057 0.026 0.005 0.032 0.021
87 I 0.033 0.016 0.012 0.012 0.01 0.012 0.015 0.016 0.013 0.219 0.198 0.018 0.025 0.08 0.011 0.019 0.026 0.009 0.133 0.124
88 L 0.032 0.016 0.012 0.012 0.011 0.011 0.014 0.017 0.008 0.175 0.303 0.017 0.032 0.157 0.01 0.02 0.044 0.006 0.026 0.076
89 D 0.029 0.022 0.071 0.546 0.005 0.021 0.064 0.034 0.014 0.016 0.02 0.032 0.007 0.011 0.016 0.038 0.026 0.003 0.008 0.017
90 P 0.041 0.018 0.017 0.022 0.007 0.015 0.026 0.026 0.009 0.018 0.026 0.03 0.007 0.009 0.638 0.031 0.026 0.002 0.009 0.022
91 F 0.051 0.015 0.012 0.013 0.01 0.01 0.014 0.018 0.009 0.195 0.204 0.017 0.042 0.22 0.01 0.02 0.024 0.007 0.032 0.076
92 H 0.035 0.029 0.033 0.025 0.008 0.024 0.033 0.026 0.369 0.032 0.042 0.031 0.031 0.025 0.014 0.034 0.082 0.006 0.055 0.067
93 F 0.026 0.015 0.012 0.012 0.008 0.009 0.015 0.018 0.014 0.069 0.144 0.016 0.02 0.4 0.009 0.019 0.02 0.012 0.117 0.047
94 Y 0.079 0.02 0.02 0.018 0.01 0.016 0.022 0.026 0.02 0.069 0.057 0.025 0.015 0.125 0.014 0.054 0.126 0.012 0.228 0.047
95 F 0.026 0.016 0.012 0.012 0.008 0.011 0.016 0.018 0.016 0.061 0.129 0.017 0.018 0.213 0.008 0.018 0.019 0.186 0.154 0.041
96 T 0.074 0.024 0.027 0.025 0.013 0.018 0.027 0.031 0.009 0.051 0.054 0.03 0.015 0.018 0.018 0.087 0.332 0.004 0.013 0.128
97 F 0.049 0.015 0.013 0.013 0.008 0.009 0.015 0.02 0.013 0.05 0.078 0.016 0.018 0.444 0.009 0.021 0.021 0.012 0.098 0.08
98 T 0.073 0.023 0.029 0.026 0.012 0.018 0.026 0.146 0.01 0.036 0.043 0.03 0.013 0.016 0.018 0.059 0.348 0.004 0.012 0.058
99 F 0.028 0.017 0.014 0.013 0.008 0.011 0.016 0.018 0.017 0.046 0.117 0.018 0.036 0.335 0.01 0.022 0.04 0.013 0.179 0.042
100 G 0.102 0.02 0.03 0.027 0.01 0.017 0.024 0.438 0.011 0.017 0.025 0.029 0.008 0.013 0.016 0.145 0.032 0.004 0.009 0.024
101 T 0.054 0.024 0.029 0.026 0.013 0.019 0.027 0.031 0.01 0.074 0.054 0.031 0.015 0.018 0.019 0.111 0.337 0.004 0.013 0.092
102 S 0.181 0.031 0.097 0.033 0.012 0.023 0.035 0.047 0.014 0.025 0.034 0.077 0.011 0.015 0.02 0.21 0.083 0.004 0.012 0.035
103 Y 0.029 0.02 0.016 0.013 0.007 0.016 0.02 0.018 0.033 0.031 0.049 0.022 0.013 0.093 0.011 0.022 0.02 0.02 0.513 0.033
104 A 0.219 0.023 0.028 0.027 0.012 0.019 0.029 0.217 0.011 0.022 0.032 0.032 0.01 0.014 0.019 0.195 0.04 0.004 0.011 0.033
105 V 0.043 0.014 0.011 0.013 0.013 0.011 0.015 0.016 0.006 0.28 0.105 0.018 0.024 0.028 0.011 0.021 0.032 0.004 0.015 0.32
106 V 0.044 0.015 0.011 0.013 0.013 0.011 0.015 0.017 0.006 0.246 0.103 0.018 0.024 0.028 0.011 0.022 0.033 0.004 0.015 0.353
107 I 0.11 0.016 0.014 0.015 0.012 0.012 0.017 0.024 0.009 0.218 0.149 0.02 0.04 0.11 0.012 0.045 0.029 0.005 0.022 0.119
108 G 0.081 0.016 0.016 0.016 0.011 0.012 0.017 0.167 0.009 0.154 0.16 0.021 0.026 0.099 0.012 0.029 0.045 0.005 0.02 0.083
109 L 0.032 0.018 0.011 0.011 0.012 0.012 0.015 0.016 0.008 0.081 0.511 0.019 0.073 0.039 0.01 0.018 0.024 0.005 0.016 0.068
110 Y 0.028 0.042 0.015 0.013 0.035 0.014 0.019 0.019 0.036 0.031 0.052 0.023 0.014 0.159 0.01 0.022 0.02 0.102 0.313 0.032
111 I 0.058 0.016 0.021 0.015 0.011 0.012 0.016 0.049 0.008 0.251 0.181 0.02 0.042 0.067 0.011 0.041 0.029 0.02 0.019 0.114
112 L 0.057 0.026 0.106 0.053 0.023 0.039 0.051 0.057 0.087 0.039 0.189 0.037 0.018 0.05 0.014 0.051 0.027 0.005 0.035 0.038
113 G 0.049 0.019 0.083 0.113 0.007 0.017 0.038 0.476 0.012 0.014 0.021 0.028 0.007 0.012 0.014 0.038 0.023 0.004 0.008 0.018
114 Y 0.053 0.026 0.019 0.019 0.008 0.047 0.046 0.022 0.077 0.038 0.138 0.048 0.017 0.081 0.013 0.026 0.023 0.012 0.249 0.038
115 I 0.059 0.014 0.012 0.014 0.012 0.011 0.015 0.019 0.007 0.365 0.128 0.019 0.025 0.029 0.012 0.04 0.031 0.004 0.015 0.168
116 S 0.063 0.025 0.033 0.064 0.01 0.022 0.07 0.095 0.013 0.025 0.031 0.036 0.011 0.014 0.105 0.257 0.064 0.003 0.011 0.048
117 D 0.06 0.024 0.143 0.145 0.009 0.02 0.036 0.063 0.038 0.052 0.058 0.031 0.012 0.024 0.016 0.067 0.12 0.033 0.015 0.036
118 Y 0.03 0.022 0.022 0.081 0.007 0.018 0.048 0.021 0.095 0.035 0.114 0.025 0.016 0.104 0.012 0.025 0.021 0.012 0.258 0.034
119 L 0.035 0.022 0.016 0.015 0.01 0.015 0.02 0.019 0.037 0.086 0.323 0.043 0.026 0.043 0.012 0.027 0.084 0.007 0.1 0.059
120 F 0.034 0.016 0.015 0.015 0.024 0.011 0.017 0.021 0.01 0.11 0.126 0.018 0.038 0.309 0.01 0.06 0.046 0.008 0.04 0.07
121 L 0.079 0.019 0.018 0.018 0.011 0.015 0.021 0.055 0.013 0.08 0.154 0.023 0.037 0.11 0.013 0.102 0.031 0.022 0.091 0.088
122 L 0.035 0.018 0.013 0.013 0.011 0.014 0.016 0.017 0.01 0.167 0.263 0.02 0.114 0.05 0.011 0.022 0.047 0.006 0.051 0.101
123 V 0.039 0.015 0.012 0.013 0.012 0.011 0.016 0.018 0.007 0.196 0.19 0.018 0.025 0.104 0.011 0.039 0.03 0.005 0.022 0.216
124 F 0.058 0.017 0.016 0.015 0.01 0.012 0.018 0.051 0.01 0.069 0.179 0.02 0.026 0.256 0.011 0.062 0.04 0.008 0.035 0.088
125 L 0.072 0.019 0.02 0.019 0.011 0.014 0.021 0.069 0.009 0.129 0.148 0.024 0.02 0.098 0.014 0.116 0.073 0.005 0.02 0.098
126 Y 0.036 0.022 0.087 0.022 0.036 0.017 0.023 0.026 0.027 0.028 0.043 0.026 0.012 0.089 0.013 0.084 0.027 0.014 0.337 0.031
127 G 0.19 0.019 0.042 0.021 0.068 0.015 0.022 0.221 0.01 0.039 0.083 0.025 0.013 0.019 0.015 0.058 0.028 0.062 0.014 0.037
128 L 0.047 0.016 0.011 0.012 0.011 0.011 0.015 0.024 0.008 0.169 0.24 0.018 0.043 0.105 0.011 0.02 0.027 0.005 0.021 0.185
129 L 0.103 0.018 0.015 0.016 0.012 0.014 0.019 0.025 0.008 0.107 0.27 0.022 0.025 0.053 0.013 0.067 0.061 0.005 0.017 0.131
130 F 0.028 0.016 0.012 0.012 0.009 0.01 0.014 0.017 0.01 0.079 0.232 0.016 0.077 0.314 0.009 0.019 0.021 0.009 0.04 0.055
131 L 0.075 0.016 0.012 0.012 0.011 0.012 0.016 0.019 0.01 0.155 0.277 0.019 0.026 0.063 0.011 0.022 0.026 0.035 0.064 0.118
132 L 0.047 0.016 0.014 0.014 0.04 0.012 0.016 0.048 0.008 0.147 0.234 0.019 0.029 0.084 0.011 0.053 0.029 0.005 0.019 0.154
133 S 0.093 0.023 0.028 0.026 0.026 0.018 0.029 0.066 0.011 0.04 0.045 0.03 0.013 0.06 0.046 0.264 0.045 0.004 0.016 0.114
134 L 0.029 0.016 0.012 0.012 0.009 0.011 0.015 0.017 0.013 0.114 0.228 0.017 0.041 0.198 0.009 0.019 0.022 0.039 0.122 0.059
135 R 0.04 0.169 0.07 0.026 0.008 0.043 0.032 0.043 0.033 0.045 0.041 0.066 0.012 0.052 0.014 0.107 0.036 0.035 0.086 0.041
136 L 0.097 0.064 0.015 0.015 0.039 0.014 0.019 0.024 0.01 0.155 0.172 0.026 0.025 0.098 0.012 0.045 0.027 0.035 0.044 0.065
137 F 0.081 0.019 0.021 0.02 0.01 0.014 0.022 0.094 0.011 0.042 0.08 0.023 0.016 0.243 0.013 0.143 0.032 0.007 0.033 0.077
138 S 0.061 0.072 0.027 0.024 0.01 0.04 0.031 0.039 0.041 0.05 0.088 0.036 0.015 0.049 0.016 0.2 0.037 0.008 0.123 0.037
139 R 0.066 0.2 0.053 0.026 0.009 0.027 0.034 0.03 0.042 0.078 0.054 0.091 0.034 0.018 0.016 0.079 0.055 0.004 0.015 0.066
140 T 0.062 0.105 0.045 0.022 0.01 0.019 0.025 0.083 0.018 0.097 0.08 0.056 0.033 0.059 0.014 0.055 0.108 0.005 0.034 0.069
141 R 0.048 0.162 0.03 0.027 0.008 0.049 0.039 0.064 0.055 0.023 0.064 0.124 0.013 0.015 0.071 0.127 0.034 0.004 0.015 0.027
142 K 0.042 0.066 0.054 0.025 0.008 0.023 0.031 0.134 0.015 0.031 0.093 0.17 0.013 0.026 0.044 0.06 0.028 0.006 0.081 0.05
143 S 0.066 0.046 0.047 0.048 0.01 0.046 0.029 0.058 0.014 0.078 0.054 0.031 0.015 0.099 0.015 0.114 0.073 0.006 0.065 0.087
144 P 0.049 0.087 0.089 0.026 0.008 0.024 0.028 0.051 0.013 0.045 0.06 0.063 0.012 0.043 0.157 0.071 0.049 0.076 0.018 0.031
145 L 0.045 0.017 0.016 0.015 0.011 0.013 0.018 0.035 0.033 0.148 0.22 0.02 0.028 0.14 0.011 0.069 0.028 0.006 0.025 0.103
146 L 0.06 0.068 0.088 0.048 0.01 0.017 0.025 0.027 0.024 0.079 0.14 0.03 0.018 0.079 0.013 0.069 0.051 0.005 0.025 0.124
147 K 0.04 0.084 0.069 0.026 0.008 0.024 0.031 0.142 0.015 0.047 0.084 0.173 0.013 0.048 0.015 0.056 0.027 0.006 0.06 0.032
148 A 0.125 0.055 0.046 0.072 0.009 0.021 0.033 0.031 0.038 0.046 0.096 0.114 0.015 0.05 0.016 0.038 0.061 0.013 0.062 0.06
149 V 0.063 0.018 0.016 0.017 0.011 0.013 0.02 0.023 0.011 0.129 0.094 0.022 0.019 0.091 0.07 0.055 0.083 0.006 0.065 0.175
150 K 0.06 0.046 0.039 0.106 0.011 0.033 0.076 0.04 0.016 0.1 0.066 0.114 0.018 0.022 0.022 0.1 0.046 0.005 0.016 0.064
151 F 0.035 0.074 0.086 0.023 0.037 0.028 0.026 0.032 0.015 0.081 0.058 0.092 0.015 0.128 0.012 0.033 0.027 0.007 0.091 0.1
152 S 0.067 0.073 0.068 0.025 0.01 0.02 0.028 0.087 0.012 0.073 0.095 0.075 0.024 0.02 0.015 0.114 0.054 0.033 0.014 0.093
153 C 0.066 0.017 0.017 0.017 0.477 0.012 0.017 0.033 0.008 0.045 0.066 0.021 0.017 0.021 0.017 0.041 0.037 0.004 0.012 0.058
154 F 0.073 0.016 0.013 0.014 0.01 0.011 0.016 0.05 0.011 0.092 0.211 0.018 0.022 0.247 0.011 0.025 0.043 0.008 0.056 0.055
155 L 0.032 0.018 0.036 0.015 0.01 0.012 0.017 0.018 0.035 0.119 0.273 0.019 0.025 0.135 0.011 0.022 0.044 0.007 0.071 0.081
156 V 0.069 0.018 0.019 0.019 0.041 0.014 0.021 0.054 0.008 0.149 0.094 0.024 0.019 0.035 0.014 0.09 0.114 0.004 0.014 0.18
157 P 0.04 0.022 0.018 0.023 0.065 0.017 0.057 0.024 0.011 0.067 0.064 0.059 0.012 0.043 0.328 0.048 0.027 0.004 0.036 0.037
158 K 0.064 0.127 0.069 0.08 0.007 0.029 0.068 0.038 0.022 0.041 0.034 0.174 0.011 0.018 0.045 0.065 0.029 0.005 0.047 0.029
159 G 0.05 0.056 0.143 0.032 0.008 0.022 0.03 0.211 0.015 0.044 0.057 0.112 0.011 0.018 0.015 0.058 0.049 0.005 0.035 0.03
160 N 0.04 0.09 0.168 0.064 0.008 0.027 0.069 0.034 0.016 0.046 0.059 0.111 0.012 0.015 0.016 0.082 0.095 0.004 0.012 0.033
161 G 0.05 0.052 0.029 0.029 0.007 0.022 0.07 0.371 0.037 0.016 0.025 0.095 0.009 0.016 0.015 0.073 0.026 0.005 0.034 0.02
162 R 0.038 0.212 0.086 0.028 0.007 0.027 0.034 0.029 0.085 0.048 0.04 0.075 0.012 0.022 0.047 0.068 0.03 0.005 0.055 0.052
163 F 0.102 0.042 0.018 0.018 0.01 0.015 0.022 0.048 0.037 0.117 0.089 0.026 0.023 0.123 0.013 0.068 0.049 0.007 0.08 0.093
164 E 0.057 0.021 0.017 0.029 0.009 0.022 0.171 0.021 0.012 0.129 0.091 0.029 0.018 0.124 0.013 0.028 0.026 0.006 0.045 0.132
165 F 0.032 0.016 0.014 0.013 0.009 0.01 0.016 0.019 0.012 0.057 0.098 0.017 0.019 0.352 0.01 0.023 0.062 0.01 0.089 0.122
166 K 0.076 0.081 0.044 0.022 0.008 0.041 0.031 0.028 0.018 0.047 0.047 0.137 0.013 0.108 0.014 0.05 0.026 0.04 0.134 0.034
167 L 0.062 0.018 0.016 0.016 0.011 0.013 0.019 0.023 0.009 0.174 0.189 0.022 0.04 0.108 0.012 0.099 0.032 0.005 0.021 0.109
168 L 0.083 0.018 0.015 0.016 0.012 0.013 0.019 0.024 0.008 0.159 0.235 0.022 0.042 0.053 0.013 0.082 0.032 0.005 0.017 0.133
169 L 0.032 0.015 0.011 0.012 0.011 0.01 0.014 0.016 0.008 0.187 0.308 0.017 0.028 0.108 0.01 0.018 0.025 0.035 0.023 0.115
170 I 0.075 0.015 0.012 0.013 0.039 0.011 0.015 0.049 0.009 0.185 0.16 0.018 0.04 0.175 0.011 0.023 0.025 0.006 0.027 0.091
171 L 0.065 0.017 0.014 0.014 0.012 0.013 0.017 0.02 0.008 0.156 0.268 0.02 0.044 0.051 0.012 0.044 0.056 0.005 0.017 0.149
172 Y 0.029 0.02 0.015 0.013 0.007 0.015 0.019 0.018 0.03 0.034 0.075 0.022 0.032 0.085 0.011 0.022 0.02 0.047 0.452 0.035
173 L 0.059 0.016 0.014 0.014 0.068 0.012 0.016 0.021 0.008 0.175 0.196 0.019 0.023 0.101 0.012 0.049 0.055 0.005 0.02 0.116
174 L 0.112 0.017 0.015 0.015 0.04 0.013 0.018 0.032 0.008 0.192 0.238 0.022 0.03 0.041 0.013 0.068 0.03 0.004 0.015 0.076
175 L 0.032 0.017 0.01 0.011 0.04 0.011 0.014 0.016 0.007 0.114 0.456 0.018 0.049 0.061 0.01 0.018 0.024 0.005 0.017 0.07
176 A 0.171 0.022 0.021 0.02 0.013 0.017 0.025 0.034 0.012 0.049 0.145 0.028 0.036 0.028 0.016 0.098 0.113 0.006 0.06 0.089
177 L 0.132 0.019 0.017 0.017 0.012 0.014 0.021 0.028 0.009 0.111 0.212 0.024 0.022 0.051 0.014 0.088 0.056 0.005 0.016 0.131
178 F 0.031 0.015 0.012 0.013 0.01 0.01 0.015 0.017 0.011 0.166 0.151 0.017 0.022 0.231 0.038 0.019 0.024 0.008 0.078 0.114
179 L 0.037 0.018 0.015 0.015 0.011 0.013 0.017 0.018 0.012 0.179 0.189 0.021 0.023 0.04 0.012 0.028 0.107 0.007 0.106 0.131
180 I 0.035 0.014 0.011 0.012 0.012 0.01 0.014 0.015 0.007 0.35 0.154 0.017 0.048 0.055 0.01 0.019 0.028 0.005 0.017 0.167
181 S 0.082 0.029 0.024 0.023 0.01 0.02 0.029 0.031 0.041 0.071 0.07 0.091 0.015 0.06 0.016 0.137 0.063 0.015 0.132 0.042
182 S 0.049 0.038 0.091 0.031 0.009 0.043 0.036 0.034 0.014 0.033 0.085 0.142 0.014 0.066 0.017 0.166 0.057 0.005 0.017 0.052
183 V 0.042 0.029 0.017 0.018 0.011 0.018 0.024 0.021 0.008 0.21 0.082 0.127 0.02 0.023 0.014 0.028 0.07 0.004 0.014 0.22
184 G 0.059 0.018 0.029 0.026 0.008 0.015 0.021 0.544 0.01 0.015 0.022 0.026 0.007 0.012 0.015 0.111 0.028 0.004 0.008 0.019
185 F 0.037 0.014 0.012 0.012 0.008 0.008 0.014 0.018 0.011 0.071 0.147 0.015 0.021 0.447 0.008 0.019 0.02 0.01 0.052 0.057
186 G 0.099 0.021 0.031 0.069 0.01 0.018 0.035 0.349 0.011 0.018 0.026 0.03 0.009 0.013 0.017 0.153 0.053 0.004 0.01 0.025
187 I 0.103 0.017 0.015 0.016 0.012 0.012 0.018 0.053 0.008 0.197 0.169 0.021 0.022 0.076 0.013 0.059 0.03 0.005 0.018 0.137
188 F 0.033 0.016 0.022 0.016 0.009 0.011 0.017 0.022 0.012 0.044 0.115 0.018 0.018 0.42 0.01 0.074 0.044 0.01 0.049 0.041
189 A 0.257 0.022 0.022 0.022 0.014 0.018 0.027 0.041 0.01 0.05 0.072 0.03 0.015 0.018 0.019 0.107 0.136 0.004 0.013 0.101
190 E 0.06 0.034 0.03 0.102 0.006 0.076 0.36 0.028 0.017 0.02 0.051 0.049 0.011 0.013 0.018 0.057 0.028 0.004 0.012 0.025
191 T 0.053 0.027 0.056 0.031 0.013 0.022 0.053 0.033 0.011 0.064 0.053 0.035 0.015 0.019 0.02 0.077 0.325 0.004 0.014 0.076
192 N 0.039 0.031 0.432 0.054 0.007 0.024 0.035 0.046 0.021 0.017 0.024 0.038 0.008 0.013 0.015 0.122 0.039 0.003 0.011 0.021
193 R 0.031 0.539 0.027 0.022 0.005 0.034 0.037 0.023 0.016 0.016 0.033 0.085 0.011 0.012 0.014 0.031 0.025 0.004 0.012 0.022
194 F 0.024 0.014 0.012 0.012 0.007 0.008 0.014 0.018 0.013 0.044 0.079 0.014 0.018 0.547 0.008 0.018 0.018 0.012 0.083 0.038
195 E 0.037 0.033 0.033 0.179 0.005 0.058 0.385 0.027 0.017 0.016 0.025 0.049 0.009 0.011 0.018 0.038 0.026 0.004 0.011 0.021
196 Q 0.162 0.033 0.075 0.154 0.009 0.175 0.053 0.038 0.016 0.025 0.034 0.043 0.012 0.013 0.017 0.045 0.031 0.004 0.012 0.05
197 N 0.096 0.03 0.429 0.052 0.008 0.023 0.034 0.047 0.02 0.018 0.025 0.037 0.009 0.013 0.015 0.069 0.036 0.003 0.011 0.024
198 R 0.058 0.338 0.028 0.025 0.006 0.034 0.041 0.028 0.015 0.018 0.032 0.216 0.011 0.012 0.016 0.054 0.028 0.004 0.012 0.024
199 G 0.055 0.016 0.028 0.024 0.008 0.013 0.018 0.655 0.01 0.013 0.02 0.024 0.007 0.011 0.013 0.036 0.021 0.004 0.008 0.017
200 L 0.029 0.015 0.011 0.012 0.01 0.01 0.014 0.016 0.011 0.137 0.234 0.017 0.042 0.234 0.009 0.018 0.022 0.009 0.078 0.069
201 G 0.055 0.016 0.028 0.024 0.008 0.013 0.018 0.655 0.01 0.013 0.02 0.024 0.007 0.011 0.013 0.036 0.021 0.004 0.008 0.017
202 P 0.206 0.02 0.02 0.022 0.011 0.016 0.026 0.123 0.01 0.032 0.048 0.029 0.011 0.014 0.217 0.079 0.032 0.003 0.011 0.071
203 F 0.051 0.015 0.012 0.012 0.01 0.01 0.015 0.018 0.012 0.167 0.18 0.017 0.023 0.222 0.01 0.02 0.023 0.009 0.088 0.087
204 V 0.067 0.015 0.012 0.013 0.013 0.012 0.016 0.019 0.006 0.179 0.094 0.019 0.022 0.026 0.012 0.024 0.034 0.004 0.014 0.4
205 R 0.032 0.518 0.027 0.022 0.006 0.034 0.037 0.023 0.016 0.017 0.033 0.103 0.011 0.012 0.014 0.032 0.025 0.004 0.012 0.022
206 I 0.039 0.014 0.011 0.012 0.012 0.01 0.014 0.016 0.007 0.269 0.124 0.017 0.024 0.078 0.011 0.02 0.03 0.005 0.019 0.268
207 L 0.152 0.019 0.014 0.015 0.012 0.015 0.02 0.027 0.01 0.064 0.312 0.023 0.06 0.033 0.014 0.041 0.048 0.005 0.038 0.078
208 D 0.03 0.023 0.067 0.482 0.005 0.025 0.123 0.032 0.014 0.016 0.021 0.035 0.007 0.011 0.016 0.038 0.026 0.003 0.009 0.018
209 A 0.168 0.018 0.017 0.017 0.012 0.014 0.02 0.151 0.009 0.071 0.149 0.023 0.036 0.072 0.014 0.036 0.048 0.005 0.017 0.102
210 L 0.057 0.016 0.012 0.013 0.04 0.011 0.016 0.019 0.008 0.146 0.258 0.018 0.025 0.128 0.011 0.04 0.027 0.006 0.023 0.126
211 R 0.043 0.305 0.051 0.026 0.008 0.027 0.033 0.087 0.015 0.019 0.032 0.061 0.011 0.014 0.015 0.111 0.071 0.033 0.013 0.025
212 L 0.035 0.017 0.013 0.015 0.01 0.013 0.018 0.019 0.009 0.099 0.29 0.021 0.042 0.056 0.154 0.023 0.045 0.005 0.039 0.078
213 F 0.051 0.016 0.015 0.015 0.009 0.011 0.017 0.021 0.012 0.065 0.091 0.018 0.047 0.367 0.01 0.027 0.082 0.01 0.067 0.047
214 I 0.037 0.015 0.011 0.012 0.012 0.011 0.014 0.015 0.006 0.27 0.247 0.017 0.028 0.032 0.011 0.019 0.028 0.004 0.015 0.197
215 I 0.102 0.016 0.013 0.014 0.013 0.012 0.017 0.022 0.007 0.235 0.14 0.02 0.023 0.039 0.013 0.027 0.051 0.004 0.015 0.218
216 A 0.261 0.02 0.023 0.023 0.069 0.017 0.025 0.175 0.01 0.03 0.038 0.029 0.011 0.015 0.018 0.108 0.054 0.004 0.011 0.058
217 Y 0.039 0.019 0.017 0.015 0.015 0.015 0.02 0.021 0.025 0.074 0.077 0.022 0.015 0.094 0.012 0.065 0.025 0.044 0.345 0.042
218 L 0.061 0.018 0.016 0.016 0.011 0.014 0.019 0.023 0.009 0.151 0.272 0.022 0.052 0.079 0.012 0.099 0.031 0.005 0.019 0.069
219 S 0.176 0.024 0.027 0.025 0.013 0.019 0.029 0.04 0.012 0.054 0.046 0.031 0.014 0.045 0.019 0.19 0.13 0.005 0.038 0.064
220 I 0.056 0.015 0.011 0.012 0.012 0.011 0.014 0.017 0.007 0.299 0.237 0.018 0.027 0.032 0.011 0.02 0.028 0.004 0.015 0.155
221 Y 0.059 0.024 0.064 0.021 0.038 0.018 0.024 0.026 0.039 0.082 0.104 0.047 0.068 0.037 0.013 0.06 0.068 0.036 0.108 0.063
222 I 0.08 0.016 0.014 0.015 0.068 0.012 0.017 0.022 0.01 0.174 0.155 0.02 0.021 0.082 0.012 0.045 0.048 0.006 0.064 0.118
223 Y 0.082 0.021 0.017 0.016 0.038 0.015 0.021 0.052 0.04 0.098 0.062 0.044 0.016 0.05 0.013 0.047 0.028 0.009 0.176 0.154
224 K 0.058 0.143 0.094 0.04 0.007 0.053 0.146 0.031 0.017 0.033 0.037 0.148 0.012 0.039 0.017 0.039 0.029 0.004 0.015 0.038
225 R 0.061 0.169 0.049 0.025 0.008 0.063 0.035 0.043 0.064 0.028 0.105 0.068 0.015 0.024 0.015 0.098 0.03 0.006 0.061 0.031
226 K 0.038 0.115 0.046 0.023 0.008 0.024 0.032 0.027 0.014 0.069 0.048 0.149 0.014 0.05 0.014 0.069 0.039 0.11 0.045 0.067
227 R 0.039 0.206 0.026 0.047 0.007 0.044 0.033 0.167 0.013 0.029 0.093 0.12 0.013 0.028 0.014 0.032 0.025 0.004 0.013 0.048
228 R 0.075 0.137 0.068 0.06 0.01 0.031 0.059 0.068 0.014 0.036 0.134 0.048 0.017 0.02 0.017 0.083 0.067 0.004 0.014 0.039
229 L 0.05 0.032 0.048 0.026 0.01 0.022 0.029 0.138 0.031 0.061 0.14 0.069 0.02 0.045 0.016 0.067 0.033 0.009 0.106 0.048
230 G 0.058 0.14 0.08 0.036 0.009 0.029 0.037 0.262 0.017 0.019 0.031 0.084 0.011 0.015 0.018 0.078 0.035 0.005 0.013 0.025
231 R 0.044 0.195 0.178 0.057 0.008 0.041 0.051 0.049 0.027 0.023 0.039 0.087 0.013 0.018 0.02 0.057 0.042 0.005 0.017 0.029
232 R 0.045 0.133 0.024 0.021 0.01 0.024 0.029 0.108 0.017 0.097 0.127 0.06 0.022 0.04 0.015 0.032 0.03 0.008 0.075 0.082
233 G 0.055 0.068 0.135 0.039 0.01 0.024 0.033 0.181 0.016 0.044 0.044 0.042 0.026 0.018 0.018 0.093 0.101 0.004 0.013 0.038
234 L 0.032 0.021 0.013 0.014 0.01 0.013 0.018 0.019 0.014 0.105 0.211 0.045 0.045 0.169 0.011 0.021 0.024 0.045 0.1 0.071
235 K 0.068 0.137 0.028 0.026 0.008 0.031 0.041 0.066 0.014 0.037 0.061 0.256 0.014 0.015 0.018 0.04 0.065 0.004 0.013 0.057
236 R 0.038 0.226 0.038 0.025 0.007 0.049 0.038 0.027 0.016 0.022 0.037 0.177 0.012 0.042 0.016 0.056 0.087 0.02 0.039 0.028
237 L 0.052 0.044 0.038 0.017 0.009 0.015 0.02 0.036 0.014 0.11 0.134 0.045 0.019 0.088 0.012 0.026 0.045 0.054 0.113 0.111
238 L 0.074 0.018 0.039 0.018 0.041 0.013 0.019 0.032 0.009 0.16 0.217 0.022 0.024 0.055 0.013 0.077 0.032 0.005 0.017 0.114
239 L 0.038 0.078 0.019 0.018 0.009 0.02 0.025 0.11 0.013 0.06 0.24 0.115 0.039 0.032 0.013 0.027 0.031 0.006 0.061 0.046
240 F 0.034 0.019 0.017 0.017 0.011 0.011 0.019 0.025 0.017 0.063 0.114 0.019 0.025 0.387 0.011 0.025 0.025 0.017 0.089 0.055
241 Q 0.056 0.074 0.044 0.047 0.009 0.215 0.103 0.041 0.029 0.026 0.047 0.091 0.021 0.015 0.024 0.056 0.041 0.006 0.021 0.035
242 Y 0.08 0.018 0.036 0.016 0.01 0.013 0.018 0.037 0.015 0.129 0.132 0.021 0.055 0.128 0.011 0.026 0.025 0.009 0.137 0.084
243 F 0.127 0.017 0.015 0.016 0.011 0.012 0.019 0.049 0.01 0.093 0.13 0.021 0.037 0.23 0.012 0.062 0.028 0.007 0.032 0.073
244 L 0.036 0.016 0.014 0.015 0.01 0.011 0.016 0.062 0.009 0.151 0.21 0.019 0.023 0.174 0.039 0.049 0.026 0.006 0.027 0.088
245 L 0.115 0.017 0.012 0.013 0.011 0.012 0.017 0.023 0.011 0.099 0.314 0.02 0.026 0.111 0.012 0.025 0.025 0.007 0.067 0.062
246 L 0.087 0.017 0.013 0.014 0.011 0.012 0.016 0.05 0.008 0.161 0.273 0.02 0.034 0.079 0.012 0.026 0.046 0.005 0.019 0.096
247 L 0.094 0.018 0.016 0.016 0.012 0.013 0.019 0.061 0.009 0.107 0.233 0.022 0.023 0.082 0.013 0.079 0.041 0.005 0.019 0.117
248 F 0.03 0.014 0.013 0.038 0.009 0.01 0.016 0.017 0.009 0.138 0.152 0.016 0.022 0.299 0.009 0.019 0.023 0.008 0.038 0.118
249 I 0.083 0.017 0.015 0.016 0.04 0.014 0.019 0.024 0.009 0.23 0.136 0.022 0.075 0.052 0.013 0.082 0.032 0.005 0.016 0.1
250 I 0.038 0.014 0.012 0.013 0.04 0.01 0.014 0.045 0.007 0.253 0.15 0.017 0.024 0.09 0.01 0.02 0.028 0.005 0.02 0.192
251 F 0.033 0.015 0.012 0.012 0.01 0.01 0.015 0.017 0.012 0.148 0.135 0.017 0.022 0.222 0.01 0.02 0.025 0.009 0.1 0.159
252 S 0.16 0.027 0.141 0.036 0.011 0.021 0.033 0.061 0.015 0.023 0.033 0.035 0.011 0.039 0.019 0.241 0.045 0.004 0.014 0.032
253 S 0.247 0.025 0.028 0.028 0.013 0.021 0.032 0.048 0.012 0.028 0.04 0.034 0.03 0.016 0.02 0.254 0.066 0.004 0.013 0.04
254 L 0.063 0.017 0.012 0.013 0.011 0.012 0.016 0.019 0.009 0.167 0.188 0.019 0.111 0.179 0.01 0.022 0.025 0.007 0.028 0.072
255 L 0.042 0.017 0.013 0.014 0.012 0.012 0.017 0.019 0.007 0.142 0.26 0.02 0.026 0.055 0.012 0.059 0.031 0.005 0.017 0.222
256 N 0.047 0.029 0.298 0.046 0.009 0.022 0.033 0.072 0.018 0.04 0.03 0.036 0.01 0.014 0.016 0.176 0.061 0.003 0.012 0.028
257 G 0.055 0.016 0.028 0.024 0.008 0.013 0.018 0.655 0.01 0.013 0.02 0.024 0.007 0.011 0.013 0.036 0.021 0.004 0.008 0.017
258 A 0.471 0.022 0.019 0.022 0.015 0.018 0.029 0.055 0.011 0.03 0.041 0.032 0.012 0.015 0.021 0.087 0.037 0.004 0.012 0.047
259 K 0.04 0.075 0.029 0.029 0.006 0.038 0.05 0.03 0.015 0.019 0.03 0.492 0.011 0.011 0.019 0.038 0.028 0.004 0.012 0.023
260 F 0.138 0.017 0.015 0.016 0.01 0.012 0.019 0.028 0.011 0.1 0.079 0.02 0.017 0.311 0.012 0.067 0.027 0.008 0.039 0.052
261 A 0.3 0.024 0.028 0.102 0.013 0.021 0.057 0.048 0.012 0.025 0.035 0.034 0.011 0.014 0.02 0.162 0.039 0.004 0.012 0.038
262 L 0.035 0.016 0.011 0.012 0.012 0.011 0.015 0.016 0.007 0.141 0.342 0.018 0.047 0.07 0.01 0.019 0.027 0.005 0.019 0.168
263 L 0.033 0.016 0.01 0.011 0.012 0.011 0.014 0.015 0.007 0.14 0.457 0.018 0.033 0.036 0.01 0.018 0.025 0.005 0.015 0.113
264 E 0.033 0.027 0.022 0.041 0.006 0.048 0.284 0.022 0.016 0.029 0.07 0.038 0.014 0.215 0.014 0.03 0.023 0.007 0.03 0.03
265 S 0.132 0.024 0.026 0.024 0.01 0.038 0.03 0.064 0.064 0.059 0.044 0.031 0.013 0.056 0.016 0.167 0.036 0.007 0.109 0.049
266 L 0.056 0.015 0.011 0.012 0.012 0.011 0.015 0.017 0.007 0.224 0.253 0.018 0.036 0.081 0.011 0.02 0.027 0.005 0.019 0.151
267 Y 0.031 0.018 0.013 0.012 0.037 0.013 0.017 0.017 0.019 0.072 0.182 0.019 0.056 0.13 0.01 0.021 0.022 0.012 0.228 0.07
268 A 0.237 0.022 0.023 0.023 0.013 0.018 0.027 0.069 0.01 0.042 0.049 0.029 0.014 0.042 0.018 0.106 0.135 0.004 0.015 0.104
269 V 0.133 0.019 0.019 0.019 0.041 0.015 0.023 0.031 0.01 0.136 0.071 0.025 0.035 0.025 0.015 0.126 0.037 0.005 0.036 0.177
270 L 0.035 0.016 0.014 0.014 0.01 0.011 0.016 0.019 0.011 0.153 0.233 0.019 0.024 0.165 0.011 0.058 0.026 0.008 0.072 0.086
271 L 0.048 0.016 0.013 0.014 0.012 0.012 0.016 0.019 0.008 0.135 0.197 0.019 0.041 0.127 0.011 0.025 0.067 0.006 0.023 0.191
272 A 0.253 0.021 0.023 0.023 0.07 0.017 0.026 0.099 0.01 0.052 0.044 0.029 0.013 0.016 0.018 0.129 0.077 0.004 0.012 0.065
273 L 0.035 0.015 0.011 0.012 0.011 0.01 0.014 0.044 0.007 0.236 0.257 0.017 0.027 0.081 0.01 0.019 0.026 0.005 0.019 0.142
274 S 0.103 0.052 0.023 0.022 0.01 0.02 0.029 0.039 0.015 0.071 0.073 0.093 0.015 0.103 0.016 0.145 0.034 0.007 0.089 0.043
275 I 0.079 0.015 0.012 0.013 0.04 0.011 0.015 0.02 0.007 0.263 0.163 0.019 0.042 0.053 0.011 0.023 0.029 0.005 0.016 0.165
276 Y 0.077 0.02 0.018 0.016 0.009 0.029 0.022 0.052 0.051 0.062 0.08 0.023 0.016 0.153 0.012 0.045 0.025 0.011 0.199 0.08
277 S 0.072 0.097 0.041 0.044 0.042 0.035 0.096 0.044 0.017 0.03 0.044 0.059 0.015 0.018 0.024 0.15 0.112 0.005 0.015 0.041
278 G 0.068 0.045 0.074 0.077 0.008 0.037 0.03 0.317 0.037 0.022 0.029 0.032 0.009 0.038 0.014 0.074 0.027 0.004 0.013 0.043
279 I 0.037 0.05 0.042 0.02 0.008 0.016 0.023 0.067 0.038 0.108 0.052 0.027 0.014 0.081 0.098 0.073 0.027 0.084 0.091 0.044
280 K 0.038 0.191 0.072 0.031 0.007 0.034 0.063 0.029 0.015 0.023 0.034 0.277 0.011 0.012 0.017 0.038 0.048 0.004 0.012 0.045
281 F 0.056 0.016 0.013 0.014 0.01 0.011 0.018 0.02 0.009 0.079 0.168 0.02 0.02 0.185 0.154 0.024 0.025 0.006 0.028 0.126
282 K 0.04 0.193 0.028 0.027 0.007 0.035 0.044 0.029 0.015 0.023 0.034 0.342 0.011 0.012 0.018 0.054 0.029 0.004 0.012 0.044
283 L 0.035 0.015 0.011 0.012 0.011 0.01 0.014 0.016 0.007 0.203 0.268 0.017 0.027 0.106 0.01 0.019 0.026 0.005 0.021 0.166
284 S 0.054 0.109 0.081 0.031 0.009 0.024 0.033 0.1 0.026 0.02 0.03 0.063 0.01 0.013 0.074 0.187 0.091 0.004 0.012 0.027
285 L 0.057 0.019 0.014 0.015 0.011 0.013 0.018 0.03 0.009 0.156 0.187 0.041 0.04 0.138 0.04 0.042 0.027 0.006 0.024 0.114
286 K 0.083 0.06 0.022 0.022 0.01 0.023 0.031 0.064 0.011 0.097 0.086 0.175 0.016 0.026 0.016 0.055 0.079 0.033 0.015 0.077
287 K 0.039 0.069 0.048 0.026 0.008 0.046 0.037 0.028 0.028 0.03 0.042 0.221 0.013 0.073 0.016 0.05 0.094 0.006 0.075 0.051
288 L 0.127 0.019 0.014 0.015 0.012 0.014 0.019 0.053 0.008 0.158 0.207 0.042 0.041 0.064 0.013 0.029 0.028 0.005 0.017 0.115
289 V 0.094 0.017 0.015 0.016 0.012 0.013 0.018 0.066 0.008 0.152 0.148 0.021 0.048 0.057 0.013 0.035 0.069 0.005 0.017 0.177
290 L 0.05 0.024 0.015 0.016 0.011 0.015 0.021 0.063 0.008 0.137 0.187 0.084 0.04 0.05 0.041 0.025 0.028 0.004 0.016 0.166
291 I 0.102 0.016 0.014 0.015 0.012 0.012 0.017 0.051 0.008 0.225 0.168 0.02 0.023 0.052 0.012 0.045 0.03 0.005 0.016 0.157
292 L 0.039 0.022 0.016 0.016 0.013 0.013 0.02 0.023 0.013 0.089 0.245 0.022 0.037 0.221 0.012 0.025 0.029 0.012 0.055 0.075
293 F 0.072 0.03 0.035 0.033 0.014 0.022 0.036 0.046 0.018 0.046 0.078 0.036 0.021 0.204 0.02 0.123 0.054 0.011 0.053 0.048
294 Y 0.044 0.023 0.018 0.018 0.013 0.018 0.023 0.023 0.028 0.158 0.118 0.027 0.028 0.087 0.015 0.028 0.034 0.017 0.17 0.112
295 F 0.06 0.016 0.017 0.016 0.01 0.012 0.017 0.137 0.01 0.127 0.132 0.02 0.037 0.179 0.011 0.058 0.026 0.006 0.027 0.082
296 L 0.114 0.02 0.019 0.019 0.012 0.015 0.022 0.058 0.009 0.083 0.202 0.025 0.021 0.049 0.015 0.104 0.08 0.005 0.016 0.113
297 L 0.113 0.017 0.013 0.014 0.012 0.013 0.018 0.031 0.008 0.135 0.24 0.021 0.025 0.053 0.013 0.046 0.03 0.005 0.017 0.178
298 G 0.166 0.021 0.024 0.023 0.012 0.017 0.025 0.179 0.01 0.046 0.069 0.028 0.014 0.018 0.017 0.145 0.037 0.004 0.012 0.137
299 V 0.072 0.024 0.024 0.024 0.017 0.019 0.028 0.032 0.01 0.135 0.103 0.03 0.026 0.03 0.018 0.092 0.052 0.005 0.018 0.24
300 A 0.155 0.024 0.021 0.023 0.017 0.019 0.029 0.042 0.011 0.137 0.093 0.032 0.023 0.028 0.063 0.066 0.045 0.005 0.017 0.149
301 L 0.043 0.025 0.015 0.016 0.015 0.019 0.021 0.022 0.011 0.102 0.343 0.027 0.106 0.048 0.014 0.026 0.033 0.007 0.021 0.088
302 L 0.036 0.016 0.012 0.013 0.011 0.011 0.015 0.045 0.007 0.136 0.334 0.018 0.028 0.081 0.011 0.021 0.046 0.005 0.019 0.133
303 A 0.155 0.018 0.018 0.018 0.04 0.014 0.021 0.059 0.009 0.132 0.111 0.024 0.018 0.084 0.015 0.084 0.052 0.005 0.019 0.104
304 F 0.025 0.014 0.012 0.012 0.008 0.008 0.014 0.018 0.014 0.063 0.079 0.014 0.018 0.501 0.008 0.018 0.019 0.012 0.102 0.042
305 A 0.298 0.02 0.019 0.02 0.014 0.017 0.025 0.042 0.009 0.09 0.058 0.028 0.016 0.019 0.018 0.101 0.037 0.004 0.013 0.152
306 L 0.035 0.017 0.012 0.012 0.011 0.012 0.015 0.045 0.008 0.088 0.35 0.019 0.081 0.083 0.01 0.02 0.025 0.005 0.02 0.13
307 L 0.034 0.016 0.012 0.013 0.01 0.011 0.016 0.018 0.011 0.123 0.233 0.018 0.024 0.16 0.01 0.038 0.025 0.037 0.073 0.119
308 A 0.19 0.019 0.016 0.017 0.013 0.015 0.021 0.074 0.009 0.108 0.118 0.024 0.054 0.023 0.015 0.054 0.033 0.004 0.014 0.181
309 L 0.042 0.017 0.011 0.011 0.011 0.012 0.015 0.016 0.008 0.089 0.5 0.019 0.033 0.04 0.011 0.019 0.034 0.006 0.038 0.067
310 S 0.09 0.025 0.072 0.028 0.01 0.039 0.031 0.05 0.039 0.029 0.044 0.032 0.022 0.098 0.016 0.162 0.106 0.006 0.067 0.035
311 F 0.052 0.053 0.015 0.015 0.008 0.016 0.021 0.02 0.015 0.158 0.084 0.081 0.018 0.182 0.012 0.024 0.024 0.009 0.134 0.059
312 N 0.083 0.029 0.399 0.05 0.008 0.022 0.033 0.045 0.019 0.022 0.05 0.036 0.01 0.014 0.015 0.068 0.055 0.003 0.012 0.026
313 L 0.038 0.018 0.016 0.015 0.011 0.013 0.018 0.021 0.009 0.099 0.314 0.02 0.026 0.154 0.011 0.096 0.029 0.006 0.026 0.059
314 E 0.048 0.112 0.03 0.088 0.007 0.05 0.181 0.029 0.015 0.021 0.053 0.172 0.011 0.013 0.018 0.08 0.03 0.004 0.012 0.025
315 N 0.1 0.057 0.149 0.034 0.009 0.047 0.035 0.087 0.015 0.046 0.062 0.099 0.03 0.016 0.016 0.112 0.035 0.004 0.012 0.034
316 N 0.088 0.028 0.182 0.037 0.01 0.022 0.052 0.038 0.015 0.066 0.094 0.054 0.014 0.018 0.016 0.152 0.039 0.004 0.013 0.059
317 G 0.047 0.023 0.212 0.039 0.007 0.018 0.026 0.41 0.015 0.015 0.022 0.03 0.007 0.012 0.014 0.043 0.027 0.004 0.009 0.019
318 V 0.037 0.017 0.014 0.04 0.01 0.013 0.029 0.032 0.012 0.184 0.129 0.02 0.039 0.064 0.011 0.022 0.027 0.007 0.108 0.185
319 D 0.043 0.029 0.094 0.301 0.008 0.029 0.127 0.038 0.017 0.025 0.03 0.041 0.01 0.014 0.019 0.082 0.035 0.003 0.011 0.046
320 A 0.118 0.029 0.028 0.093 0.01 0.024 0.082 0.068 0.041 0.038 0.083 0.057 0.072 0.049 0.017 0.063 0.064 0.005 0.018 0.042
