#Seq2Logo.py -f /work3/idamei/ssn-clusterings/clustering/2205111253/clusters/0009_43/sequences.afa -o /work3/idamei/ssn-clusterings/clustering/2205111253/clusters/0009_43/sequences.logo
#Position Specific Frequency Matrix
A R N D C Q E G H I L K M F P S T W Y V
0 L 0.05 0.031 0.019 0.019 0.016 0.027 0.027 0.027 0.016 0.097 0.19 0.035 0.189 0.047 0.016 0.035 0.039 0.008 0.023 0.089
1 R 0.045 0.327 0.038 0.032 0.008 0.048 0.053 0.033 0.022 0.023 0.045 0.143 0.015 0.017 0.02 0.045 0.035 0.006 0.017 0.03
2 L 0.058 0.036 0.049 0.03 0.015 0.025 0.033 0.035 0.015 0.077 0.216 0.054 0.054 0.038 0.019 0.071 0.075 0.006 0.02 0.073
3 L 0.045 0.022 0.016 0.018 0.014 0.015 0.022 0.024 0.012 0.092 0.223 0.025 0.033 0.145 0.084 0.028 0.033 0.009 0.039 0.101
4 F 0.046 0.025 0.024 0.022 0.011 0.018 0.027 0.03 0.029 0.049 0.082 0.028 0.021 0.231 0.015 0.058 0.034 0.019 0.184 0.048
5 L 0.044 0.023 0.014 0.015 0.016 0.015 0.019 0.021 0.01 0.138 0.361 0.024 0.046 0.052 0.014 0.024 0.033 0.007 0.021 0.105
6 N 0.041 0.044 0.337 0.081 0.009 0.033 0.048 0.063 0.031 0.022 0.031 0.052 0.011 0.017 0.02 0.068 0.048 0.004 0.015 0.026
7 P 0.063 0.027 0.027 0.033 0.011 0.022 0.037 0.039 0.013 0.026 0.036 0.042 0.011 0.014 0.44 0.071 0.041 0.003 0.013 0.032
8 F 0.034 0.019 0.016 0.016 0.011 0.011 0.019 0.024 0.015 0.069 0.151 0.019 0.028 0.355 0.011 0.025 0.026 0.015 0.077 0.059
9 Y 0.038 0.026 0.02 0.018 0.009 0.02 0.026 0.025 0.041 0.04 0.064 0.029 0.018 0.117 0.014 0.029 0.026 0.096 0.299 0.043
10 L 0.048 0.026 0.017 0.018 0.016 0.022 0.023 0.024 0.013 0.155 0.212 0.03 0.123 0.047 0.015 0.03 0.038 0.007 0.022 0.114
11 F 0.037 0.018 0.016 0.016 0.08 0.011 0.018 0.026 0.015 0.059 0.104 0.019 0.023 0.35 0.011 0.027 0.026 0.015 0.076 0.054
12 A 0.152 0.032 0.037 0.035 0.017 0.026 0.039 0.127 0.015 0.043 0.094 0.043 0.02 0.025 0.025 0.138 0.057 0.005 0.017 0.053
13 L 0.06 0.026 0.026 0.026 0.014 0.02 0.029 0.034 0.018 0.123 0.14 0.032 0.028 0.102 0.018 0.087 0.046 0.01 0.074 0.088
14 A 0.218 0.031 0.031 0.033 0.02 0.026 0.04 0.065 0.015 0.055 0.063 0.043 0.018 0.023 0.027 0.121 0.057 0.005 0.017 0.091
15 F 0.033 0.018 0.016 0.016 0.01 0.01 0.018 0.025 0.016 0.062 0.111 0.018 0.025 0.405 0.01 0.025 0.025 0.016 0.086 0.053
16 L 0.058 0.024 0.023 0.023 0.015 0.018 0.024 0.099 0.011 0.138 0.225 0.029 0.034 0.04 0.017 0.059 0.04 0.006 0.019 0.098
17 F 0.099 0.026 0.028 0.027 0.015 0.019 0.031 0.043 0.016 0.063 0.085 0.033 0.022 0.187 0.019 0.096 0.047 0.01 0.047 0.086
18 A 0.209 0.027 0.027 0.028 0.018 0.022 0.033 0.197 0.013 0.052 0.059 0.038 0.017 0.021 0.024 0.066 0.043 0.005 0.016 0.086
19 I 0.084 0.022 0.016 0.019 0.016 0.017 0.022 0.029 0.011 0.203 0.185 0.028 0.056 0.042 0.016 0.034 0.039 0.006 0.02 0.134
20 F 0.056 0.022 0.023 0.022 0.014 0.016 0.023 0.098 0.012 0.115 0.104 0.027 0.025 0.137 0.016 0.04 0.069 0.009 0.037 0.136
21 L 0.044 0.024 0.014 0.015 0.016 0.017 0.02 0.021 0.01 0.111 0.379 0.025 0.058 0.053 0.014 0.024 0.033 0.007 0.022 0.093
22 F 0.037 0.023 0.019 0.017 0.01 0.017 0.023 0.024 0.033 0.051 0.086 0.025 0.021 0.246 0.013 0.028 0.026 0.023 0.23 0.049
23 K 0.078 0.055 0.04 0.038 0.011 0.091 0.062 0.078 0.076 0.029 0.046 0.092 0.017 0.034 0.023 0.077 0.041 0.009 0.069 0.036
24 L 0.044 0.025 0.015 0.015 0.016 0.017 0.021 0.022 0.011 0.11 0.365 0.026 0.068 0.052 0.014 0.025 0.033 0.007 0.022 0.093
25 K 0.061 0.069 0.083 0.046 0.01 0.067 0.06 0.15 0.021 0.024 0.038 0.159 0.014 0.016 0.024 0.068 0.041 0.005 0.016 0.03
26 L 0.044 0.023 0.014 0.015 0.016 0.015 0.019 0.021 0.01 0.138 0.361 0.024 0.046 0.052 0.014 0.024 0.033 0.007 0.021 0.105
27 S 0.107 0.039 0.053 0.047 0.017 0.032 0.051 0.064 0.019 0.029 0.041 0.053 0.015 0.02 0.029 0.243 0.08 0.005 0.017 0.041
28 D 0.062 0.031 0.053 0.206 0.01 0.031 0.098 0.183 0.018 0.022 0.03 0.046 0.01 0.016 0.022 0.078 0.039 0.005 0.012 0.027
29 L 0.043 0.024 0.014 0.015 0.016 0.016 0.02 0.021 0.01 0.112 0.394 0.025 0.048 0.053 0.014 0.024 0.032 0.007 0.022 0.093
30 Y 0.038 0.026 0.02 0.018 0.009 0.02 0.026 0.024 0.041 0.045 0.073 0.029 0.019 0.167 0.014 0.029 0.027 0.026 0.302 0.046
31 L 0.07 0.039 0.029 0.028 0.016 0.026 0.036 0.037 0.013 0.09 0.166 0.072 0.029 0.033 0.021 0.093 0.051 0.006 0.019 0.126
32 N 0.053 0.046 0.162 0.051 0.012 0.031 0.043 0.048 0.021 0.049 0.137 0.08 0.023 0.028 0.02 0.078 0.047 0.005 0.018 0.048
33 L 0.062 0.027 0.035 0.083 0.014 0.021 0.038 0.106 0.014 0.065 0.113 0.034 0.022 0.081 0.019 0.073 0.074 0.007 0.026 0.085
34 D 0.051 0.031 0.136 0.21 0.009 0.027 0.059 0.187 0.02 0.021 0.028 0.043 0.01 0.016 0.02 0.055 0.037 0.004 0.012 0.024
35 G 0.066 0.035 0.035 0.033 0.013 0.058 0.043 0.119 0.021 0.076 0.068 0.045 0.02 0.041 0.021 0.081 0.08 0.009 0.07 0.064
36 G 0.135 0.036 0.039 0.05 0.014 0.035 0.105 0.173 0.018 0.028 0.041 0.051 0.014 0.019 0.026 0.104 0.049 0.005 0.015 0.041
37 A 0.174 0.027 0.027 0.027 0.018 0.022 0.032 0.12 0.012 0.074 0.074 0.037 0.02 0.024 0.023 0.064 0.077 0.005 0.017 0.125
38 L 0.094 0.025 0.024 0.024 0.017 0.019 0.027 0.035 0.011 0.143 0.147 0.032 0.029 0.034 0.02 0.052 0.106 0.006 0.019 0.133
39 E 0.064 0.055 0.043 0.057 0.011 0.128 0.146 0.042 0.024 0.029 0.045 0.073 0.017 0.017 0.025 0.086 0.077 0.006 0.018 0.039
40 L 0.053 0.023 0.021 0.021 0.015 0.018 0.024 0.028 0.012 0.168 0.175 0.028 0.054 0.093 0.016 0.057 0.042 0.008 0.03 0.113
41 L 0.102 0.029 0.029 0.028 0.018 0.022 0.032 0.041 0.012 0.105 0.13 0.037 0.026 0.031 0.022 0.084 0.112 0.006 0.019 0.114
42 V 0.055 0.02 0.015 0.017 0.017 0.015 0.02 0.022 0.008 0.21 0.18 0.024 0.035 0.041 0.015 0.027 0.042 0.006 0.02 0.211
43 L 0.044 0.021 0.015 0.016 0.015 0.014 0.019 0.022 0.011 0.131 0.28 0.023 0.04 0.116 0.013 0.025 0.034 0.008 0.033 0.12
44 L 0.088 0.028 0.062 0.03 0.015 0.021 0.03 0.04 0.015 0.102 0.139 0.034 0.046 0.08 0.018 0.067 0.045 0.007 0.027 0.104
45 L 0.049 0.023 0.016 0.017 0.016 0.018 0.021 0.022 0.011 0.183 0.223 0.027 0.076 0.045 0.015 0.028 0.038 0.006 0.021 0.146
46 L 0.061 0.023 0.019 0.02 0.017 0.017 0.024 0.027 0.01 0.165 0.192 0.028 0.034 0.039 0.017 0.055 0.045 0.006 0.02 0.181
47 L 0.044 0.021 0.015 0.016 0.015 0.014 0.019 0.022 0.011 0.139 0.247 0.023 0.038 0.137 0.013 0.025 0.033 0.009 0.037 0.123
48 F 0.072 0.021 0.016 0.018 0.014 0.014 0.021 0.029 0.013 0.101 0.182 0.024 0.031 0.225 0.014 0.031 0.031 0.011 0.053 0.079
49 S 0.088 0.031 0.041 0.038 0.076 0.025 0.039 0.113 0.016 0.033 0.05 0.041 0.016 0.068 0.023 0.168 0.061 0.006 0.024 0.042
50 L 0.041 0.021 0.014 0.015 0.014 0.014 0.019 0.021 0.011 0.122 0.296 0.023 0.041 0.14 0.013 0.024 0.031 0.009 0.037 0.093
51 L 0.049 0.02 0.015 0.017 0.016 0.015 0.019 0.021 0.009 0.212 0.216 0.024 0.047 0.044 0.014 0.026 0.039 0.006 0.021 0.169
52 L 0.075 0.021 0.016 0.017 0.015 0.015 0.021 0.028 0.012 0.136 0.224 0.025 0.035 0.135 0.015 0.031 0.034 0.009 0.037 0.099
53 G 0.076 0.022 0.038 0.033 0.01 0.018 0.025 0.527 0.013 0.018 0.027 0.033 0.009 0.016 0.018 0.05 0.029 0.005 0.01 0.023
54 F 0.034 0.021 0.015 0.016 0.011 0.013 0.02 0.025 0.014 0.066 0.167 0.021 0.028 0.232 0.01 0.024 0.026 0.137 0.065 0.057
55 L 0.043 0.02 0.015 0.016 0.014 0.013 0.019 0.022 0.012 0.145 0.197 0.022 0.034 0.181 0.013 0.025 0.033 0.01 0.045 0.123
56 Y 0.041 0.024 0.019 0.018 0.01 0.018 0.024 0.024 0.033 0.062 0.085 0.027 0.021 0.185 0.014 0.029 0.029 0.022 0.237 0.078
57 S 0.069 0.097 0.119 0.052 0.012 0.039 0.054 0.054 0.022 0.026 0.039 0.123 0.014 0.018 0.025 0.128 0.055 0.005 0.016 0.033
58 L 0.06 0.08 0.069 0.035 0.013 0.028 0.038 0.099 0.016 0.086 0.109 0.079 0.022 0.027 0.019 0.067 0.043 0.005 0.017 0.089
59 K 0.052 0.122 0.037 0.037 0.009 0.07 0.064 0.038 0.02 0.06 0.058 0.217 0.018 0.019 0.024 0.047 0.038 0.005 0.018 0.049
60 L 0.04 0.022 0.014 0.015 0.014 0.014 0.019 0.022 0.011 0.099 0.325 0.023 0.042 0.142 0.013 0.024 0.03 0.009 0.038 0.083
61 K 0.058 0.078 0.037 0.037 0.07 0.066 0.06 0.101 0.019 0.028 0.043 0.207 0.015 0.016 0.024 0.05 0.037 0.005 0.016 0.034
62 K 0.055 0.171 0.039 0.036 0.009 0.044 0.055 0.099 0.019 0.026 0.042 0.194 0.014 0.016 0.023 0.051 0.05 0.005 0.016 0.032
63 Y 0.04 0.061 0.024 0.022 0.009 0.026 0.035 0.029 0.032 0.039 0.064 0.084 0.018 0.125 0.016 0.033 0.029 0.081 0.194 0.041
64 L 0.045 0.02 0.016 0.017 0.015 0.015 0.02 0.023 0.011 0.172 0.178 0.024 0.053 0.135 0.014 0.026 0.035 0.009 0.037 0.137
65 K 0.088 0.072 0.054 0.043 0.013 0.037 0.08 0.043 0.018 0.067 0.063 0.114 0.018 0.022 0.024 0.062 0.098 0.005 0.017 0.062
66 R 0.067 0.117 0.115 0.091 0.011 0.032 0.048 0.046 0.02 0.062 0.056 0.062 0.016 0.021 0.021 0.069 0.071 0.005 0.016 0.054
67 S 0.084 0.035 0.085 0.094 0.075 0.029 0.051 0.057 0.019 0.029 0.04 0.047 0.014 0.019 0.025 0.174 0.064 0.005 0.015 0.038
68 E 0.054 0.044 0.071 0.05 0.012 0.036 0.109 0.037 0.018 0.087 0.089 0.079 0.021 0.025 0.022 0.057 0.097 0.005 0.017 0.07
69 P 0.053 0.037 0.064 0.038 0.01 0.026 0.041 0.039 0.016 0.025 0.035 0.074 0.011 0.013 0.389 0.047 0.037 0.003 0.013 0.03
70 G 0.055 0.04 0.085 0.167 0.009 0.033 0.09 0.196 0.019 0.021 0.03 0.077 0.01 0.015 0.021 0.053 0.035 0.005 0.013 0.026
71 N 0.046 0.036 0.198 0.18 0.008 0.031 0.075 0.114 0.024 0.021 0.029 0.048 0.01 0.016 0.02 0.059 0.04 0.004 0.013 0.025
72 S 0.085 0.077 0.044 0.039 0.015 0.032 0.046 0.051 0.042 0.045 0.053 0.055 0.017 0.029 0.024 0.168 0.063 0.007 0.04 0.07
73 T 0.084 0.034 0.044 0.039 0.016 0.027 0.041 0.114 0.018 0.038 0.05 0.045 0.016 0.028 0.026 0.142 0.145 0.007 0.038 0.05
74 K 0.05 0.085 0.057 0.063 0.008 0.044 0.063 0.042 0.02 0.026 0.041 0.236 0.014 0.021 0.023 0.049 0.037 0.068 0.022 0.031
75 F 0.049 0.032 0.024 0.025 0.011 0.02 0.031 0.032 0.016 0.078 0.09 0.061 0.022 0.215 0.078 0.058 0.036 0.01 0.051 0.061
76 N 0.041 0.037 0.259 0.064 0.01 0.028 0.04 0.053 0.026 0.064 0.075 0.045 0.017 0.047 0.018 0.057 0.044 0.005 0.021 0.05
77 V 0.059 0.02 0.015 0.017 0.017 0.015 0.021 0.022 0.008 0.187 0.169 0.025 0.034 0.039 0.015 0.029 0.043 0.006 0.02 0.238
78 F 0.054 0.022 0.018 0.018 0.011 0.015 0.023 0.029 0.018 0.078 0.09 0.024 0.022 0.191 0.013 0.032 0.043 0.138 0.096 0.063
79 L 0.081 0.024 0.018 0.02 0.015 0.018 0.025 0.031 0.012 0.113 0.184 0.029 0.05 0.084 0.078 0.036 0.037 0.007 0.028 0.111
80 V 0.057 0.026 0.097 0.033 0.015 0.019 0.028 0.034 0.015 0.112 0.1 0.031 0.025 0.077 0.016 0.04 0.045 0.006 0.027 0.197
81 S 0.104 0.029 0.031 0.03 0.076 0.023 0.034 0.046 0.018 0.054 0.068 0.037 0.019 0.084 0.021 0.118 0.053 0.009 0.066 0.079
82 L 0.058 0.028 0.027 0.025 0.016 0.022 0.029 0.033 0.014 0.089 0.18 0.034 0.059 0.084 0.019 0.07 0.099 0.008 0.028 0.079
83 F 0.068 0.02 0.017 0.018 0.012 0.012 0.021 0.031 0.016 0.059 0.104 0.021 0.024 0.359 0.013 0.032 0.028 0.015 0.077 0.055
84 I 0.05 0.021 0.016 0.018 0.016 0.017 0.02 0.022 0.01 0.229 0.165 0.026 0.073 0.043 0.015 0.028 0.04 0.006 0.021 0.166
85 I 0.05 0.02 0.015 0.017 0.016 0.014 0.019 0.021 0.009 0.215 0.212 0.024 0.037 0.043 0.015 0.026 0.039 0.006 0.02 0.182
86 L 0.084 0.025 0.017 0.018 0.077 0.019 0.024 0.031 0.012 0.093 0.209 0.028 0.072 0.063 0.016 0.037 0.038 0.007 0.024 0.107
87 G 0.079 0.024 0.04 0.034 0.011 0.02 0.028 0.469 0.014 0.02 0.029 0.035 0.01 0.016 0.02 0.074 0.035 0.005 0.011 0.026
88 A 0.123 0.026 0.026 0.026 0.016 0.02 0.03 0.044 0.014 0.093 0.091 0.033 0.023 0.122 0.02 0.076 0.073 0.008 0.035 0.102
89 L 0.099 0.023 0.019 0.02 0.016 0.017 0.023 0.094 0.011 0.133 0.228 0.029 0.034 0.04 0.017 0.038 0.036 0.006 0.019 0.099
90 L 0.079 0.023 0.015 0.017 0.016 0.016 0.022 0.028 0.01 0.14 0.293 0.027 0.041 0.046 0.016 0.031 0.036 0.006 0.021 0.117
91 E 0.05 0.043 0.046 0.17 0.007 0.054 0.262 0.037 0.023 0.021 0.033 0.066 0.012 0.016 0.024 0.053 0.035 0.005 0.015 0.029
92 V 0.058 0.018 0.015 0.017 0.138 0.014 0.019 0.024 0.008 0.181 0.124 0.023 0.029 0.034 0.015 0.031 0.041 0.005 0.018 0.188
93 L 0.059 0.023 0.017 0.017 0.013 0.016 0.023 0.027 0.02 0.102 0.151 0.026 0.028 0.111 0.014 0.03 0.032 0.075 0.114 0.101
94 A 0.186 0.029 0.032 0.078 0.016 0.024 0.044 0.059 0.015 0.038 0.055 0.041 0.016 0.067 0.086 0.087 0.046 0.006 0.024 0.052
95 S 0.184 0.035 0.042 0.04 0.018 0.029 0.046 0.068 0.017 0.034 0.047 0.049 0.016 0.02 0.029 0.185 0.068 0.005 0.017 0.05
96 G 0.07 0.022 0.035 0.031 0.01 0.017 0.024 0.464 0.013 0.024 0.038 0.031 0.011 0.065 0.017 0.046 0.028 0.007 0.02 0.027
97 G 0.14 0.038 0.032 0.033 0.014 0.076 0.048 0.17 0.017 0.041 0.09 0.049 0.02 0.022 0.023 0.06 0.053 0.006 0.017 0.051
98 V 0.057 0.019 0.015 0.017 0.017 0.014 0.02 0.022 0.008 0.227 0.144 0.024 0.033 0.039 0.015 0.028 0.043 0.006 0.02 0.232
99 P 0.055 0.025 0.023 0.03 0.01 0.02 0.035 0.035 0.012 0.025 0.035 0.04 0.01 0.012 0.511 0.042 0.035 0.003 0.012 0.03
100 L 0.043 0.02 0.014 0.016 0.015 0.014 0.018 0.021 0.01 0.174 0.273 0.023 0.04 0.093 0.013 0.024 0.034 0.008 0.029 0.117
101 L 0.045 0.022 0.015 0.016 0.015 0.016 0.02 0.022 0.011 0.164 0.245 0.025 0.058 0.092 0.014 0.026 0.035 0.008 0.029 0.124
102 S 0.066 0.043 0.053 0.034 0.014 0.031 0.041 0.042 0.022 0.055 0.099 0.074 0.08 0.043 0.021 0.104 0.05 0.009 0.06 0.057
103 V 0.059 0.02 0.015 0.017 0.017 0.015 0.02 0.022 0.008 0.21 0.14 0.024 0.032 0.038 0.015 0.029 0.044 0.005 0.02 0.248
104 L 0.04 0.022 0.015 0.016 0.013 0.015 0.02 0.022 0.016 0.113 0.254 0.023 0.037 0.149 0.013 0.025 0.03 0.012 0.077 0.087
105 R 0.087 0.165 0.037 0.04 0.011 0.065 0.086 0.042 0.025 0.028 0.047 0.079 0.016 0.031 0.022 0.074 0.041 0.008 0.058 0.038
106 G 0.076 0.022 0.038 0.033 0.01 0.018 0.025 0.527 0.013 0.018 0.027 0.033 0.009 0.016 0.018 0.05 0.029 0.005 0.01 0.023
107 D 0.063 0.035 0.079 0.121 0.012 0.033 0.1 0.044 0.019 0.052 0.091 0.048 0.019 0.024 0.022 0.096 0.049 0.005 0.016 0.072
108 I 0.099 0.027 0.029 0.028 0.017 0.021 0.031 0.041 0.012 0.147 0.119 0.036 0.027 0.032 0.021 0.096 0.079 0.006 0.019 0.115
109 Y 0.039 0.027 0.021 0.018 0.009 0.021 0.027 0.024 0.045 0.042 0.066 0.03 0.018 0.126 0.015 0.03 0.027 0.027 0.341 0.045
110 E 0.071 0.044 0.115 0.084 0.01 0.064 0.122 0.048 0.027 0.027 0.041 0.058 0.014 0.031 0.023 0.08 0.044 0.008 0.057 0.035
111 Y 0.039 0.027 0.021 0.018 0.009 0.021 0.027 0.024 0.045 0.042 0.066 0.03 0.018 0.126 0.015 0.03 0.027 0.027 0.341 0.045
112 R 0.046 0.261 0.076 0.039 0.008 0.046 0.055 0.038 0.023 0.023 0.042 0.155 0.014 0.016 0.021 0.048 0.037 0.005 0.017 0.03
113 D 0.051 0.035 0.058 0.289 0.008 0.038 0.142 0.045 0.02 0.022 0.031 0.052 0.011 0.016 0.023 0.076 0.04 0.004 0.013 0.027
114 F 0.033 0.018 0.016 0.016 0.01 0.01 0.018 0.025 0.016 0.061 0.11 0.018 0.025 0.408 0.01 0.025 0.025 0.016 0.086 0.053
115 G 0.076 0.022 0.038 0.033 0.01 0.018 0.025 0.527 0.013 0.018 0.027 0.033 0.009 0.016 0.018 0.05 0.029 0.005 0.01 0.023
116 I 0.045 0.019 0.014 0.016 0.016 0.014 0.018 0.02 0.009 0.25 0.221 0.023 0.039 0.045 0.014 0.024 0.037 0.006 0.02 0.151
117 A 0.249 0.048 0.029 0.032 0.018 0.031 0.046 0.067 0.016 0.038 0.053 0.108 0.016 0.019 0.028 0.075 0.046 0.005 0.017 0.058
118 T 0.084 0.036 0.046 0.04 0.017 0.029 0.043 0.05 0.015 0.043 0.054 0.047 0.018 0.022 0.027 0.148 0.2 0.005 0.017 0.058
119 F 0.033 0.018 0.016 0.016 0.01 0.01 0.018 0.025 0.016 0.061 0.11 0.018 0.025 0.408 0.01 0.025 0.025 0.016 0.086 0.053
120 H 0.041 0.044 0.052 0.037 0.007 0.037 0.052 0.037 0.377 0.022 0.037 0.044 0.015 0.029 0.018 0.041 0.026 0.007 0.055 0.022
121 V 0.068 0.021 0.016 0.017 0.019 0.016 0.023 0.024 0.008 0.159 0.126 0.025 0.031 0.034 0.016 0.032 0.048 0.005 0.02 0.294
122 F 0.034 0.018 0.016 0.016 0.011 0.011 0.018 0.024 0.015 0.091 0.117 0.019 0.026 0.362 0.011 0.024 0.026 0.015 0.078 0.068
123 F 0.036 0.021 0.017 0.017 0.011 0.014 0.021 0.024 0.023 0.063 0.135 0.022 0.026 0.293 0.012 0.026 0.026 0.018 0.142 0.056
124 L 0.045 0.025 0.015 0.016 0.016 0.019 0.021 0.022 0.011 0.108 0.345 0.027 0.083 0.051 0.014 0.026 0.034 0.007 0.022 0.092
125 S 0.128 0.036 0.047 0.043 0.017 0.029 0.046 0.123 0.017 0.029 0.041 0.049 0.015 0.02 0.027 0.201 0.069 0.005 0.016 0.042
126 Y 0.039 0.027 0.021 0.018 0.009 0.021 0.027 0.024 0.045 0.042 0.066 0.03 0.018 0.126 0.015 0.03 0.027 0.027 0.341 0.045
127 V 0.057 0.021 0.016 0.017 0.017 0.016 0.021 0.023 0.009 0.203 0.148 0.026 0.052 0.039 0.015 0.029 0.043 0.006 0.02 0.222
128 S 0.106 0.039 0.052 0.047 0.017 0.032 0.051 0.064 0.019 0.029 0.04 0.052 0.015 0.02 0.029 0.246 0.079 0.005 0.017 0.04
129 A 0.314 0.03 0.025 0.029 0.021 0.025 0.039 0.076 0.014 0.042 0.057 0.043 0.017 0.021 0.029 0.082 0.048 0.005 0.017 0.066
130 S 0.089 0.034 0.043 0.039 0.016 0.027 0.043 0.054 0.017 0.043 0.094 0.045 0.02 0.073 0.025 0.191 0.067 0.007 0.026 0.049
131 A 0.314 0.03 0.025 0.029 0.021 0.025 0.039 0.076 0.014 0.042 0.057 0.043 0.017 0.021 0.029 0.082 0.048 0.005 0.017 0.066
132 I 0.048 0.018 0.014 0.017 0.016 0.013 0.018 0.02 0.008 0.279 0.158 0.023 0.035 0.042 0.014 0.025 0.04 0.006 0.02 0.186
133 V 0.057 0.019 0.015 0.017 0.017 0.014 0.02 0.022 0.008 0.227 0.144 0.024 0.033 0.039 0.015 0.028 0.043 0.006 0.02 0.232
134 G 0.087 0.028 0.043 0.038 0.013 0.023 0.034 0.353 0.015 0.022 0.032 0.04 0.011 0.017 0.022 0.123 0.048 0.005 0.013 0.03
135 F 0.033 0.019 0.017 0.017 0.01 0.012 0.019 0.024 0.02 0.059 0.105 0.02 0.024 0.372 0.011 0.025 0.025 0.018 0.118 0.052
136 E 0.053 0.048 0.039 0.087 0.007 0.062 0.32 0.034 0.025 0.021 0.036 0.073 0.012 0.016 0.025 0.053 0.036 0.005 0.016 0.03
137 R 0.043 0.327 0.075 0.036 0.008 0.045 0.05 0.036 0.024 0.022 0.043 0.108 0.014 0.017 0.019 0.046 0.035 0.005 0.017 0.029
138 Y 0.038 0.025 0.02 0.018 0.009 0.018 0.025 0.024 0.038 0.047 0.077 0.027 0.02 0.197 0.014 0.029 0.026 0.024 0.277 0.047
139 L 0.046 0.021 0.014 0.016 0.016 0.015 0.019 0.021 0.01 0.16 0.286 0.024 0.041 0.07 0.014 0.025 0.035 0.007 0.025 0.135
140 L 0.049 0.033 0.02 0.021 0.014 0.021 0.028 0.026 0.016 0.145 0.215 0.061 0.034 0.052 0.017 0.042 0.037 0.009 0.06 0.1
141 F 0.038 0.021 0.02 0.019 0.011 0.014 0.022 0.027 0.02 0.058 0.099 0.023 0.023 0.324 0.013 0.033 0.056 0.016 0.109 0.054
142 G 0.062 0.145 0.038 0.033 0.009 0.033 0.041 0.281 0.017 0.021 0.036 0.109 0.012 0.016 0.02 0.048 0.032 0.005 0.014 0.027
143 G 0.063 0.078 0.096 0.05 0.012 0.034 0.075 0.106 0.02 0.035 0.065 0.056 0.016 0.021 0.023 0.086 0.101 0.005 0.016 0.043
144 K 0.052 0.126 0.036 0.036 0.009 0.047 0.06 0.038 0.019 0.037 0.086 0.244 0.019 0.02 0.024 0.047 0.037 0.005 0.017 0.039
145 R 0.054 0.26 0.04 0.035 0.009 0.046 0.055 0.038 0.021 0.024 0.044 0.155 0.015 0.017 0.022 0.071 0.041 0.005 0.017 0.032
146 N 0.039 0.037 0.259 0.064 0.009 0.027 0.04 0.053 0.027 0.032 0.05 0.044 0.014 0.115 0.017 0.057 0.042 0.007 0.033 0.033
147 L 0.043 0.023 0.014 0.015 0.016 0.016 0.02 0.021 0.01 0.111 0.397 0.024 0.048 0.053 0.014 0.023 0.032 0.007 0.022 0.093
148 L 0.044 0.021 0.015 0.016 0.015 0.014 0.019 0.022 0.011 0.128 0.262 0.023 0.038 0.138 0.013 0.025 0.033 0.009 0.037 0.118
149 L 0.051 0.022 0.019 0.021 0.014 0.016 0.023 0.087 0.011 0.124 0.201 0.029 0.03 0.036 0.139 0.032 0.034 0.005 0.017 0.088
150 T 0.081 0.031 0.036 0.032 0.017 0.024 0.035 0.041 0.013 0.059 0.072 0.039 0.02 0.072 0.024 0.077 0.213 0.007 0.026 0.081
151 I 0.046 0.02 0.016 0.017 0.015 0.015 0.019 0.023 0.011 0.184 0.163 0.024 0.052 0.134 0.014 0.027 0.036 0.009 0.037 0.142
152 L 0.047 0.024 0.017 0.018 0.016 0.017 0.022 0.023 0.01 0.127 0.326 0.027 0.043 0.048 0.015 0.032 0.063 0.007 0.021 0.1
153 G 0.073 0.022 0.036 0.032 0.01 0.018 0.026 0.465 0.013 0.019 0.028 0.033 0.009 0.015 0.08 0.049 0.029 0.005 0.011 0.024
154 V 0.062 0.021 0.015 0.017 0.018 0.015 0.021 0.023 0.008 0.182 0.15 0.025 0.033 0.037 0.015 0.03 0.045 0.005 0.02 0.258
155 L 0.076 0.023 0.015 0.017 0.016 0.016 0.022 0.028 0.011 0.12 0.289 0.026 0.04 0.092 0.015 0.031 0.034 0.008 0.029 0.094
156 F 0.039 0.019 0.016 0.017 0.012 0.011 0.019 0.024 0.014 0.103 0.119 0.02 0.027 0.315 0.011 0.025 0.029 0.014 0.069 0.098
157 T 0.088 0.037 0.047 0.042 0.017 0.029 0.044 0.053 0.016 0.04 0.052 0.048 0.017 0.022 0.028 0.168 0.176 0.005 0.017 0.055
158 I 0.052 0.019 0.015 0.017 0.017 0.014 0.019 0.021 0.008 0.23 0.18 0.024 0.036 0.041 0.015 0.026 0.041 0.006 0.02 0.199
159 L 0.083 0.022 0.016 0.018 0.017 0.016 0.022 0.028 0.01 0.158 0.21 0.026 0.035 0.064 0.016 0.033 0.039 0.007 0.024 0.157
160 I 0.046 0.017 0.014 0.017 0.016 0.013 0.017 0.02 0.009 0.296 0.162 0.023 0.036 0.043 0.014 0.024 0.038 0.006 0.02 0.171
161 V 0.065 0.021 0.016 0.017 0.018 0.016 0.022 0.023 0.008 0.176 0.13 0.025 0.031 0.036 0.016 0.031 0.047 0.005 0.02 0.278
162 N 0.049 0.043 0.304 0.076 0.01 0.032 0.048 0.063 0.029 0.023 0.032 0.052 0.011 0.018 0.021 0.09 0.052 0.004 0.015 0.028
163 R 0.043 0.367 0.037 0.03 0.008 0.047 0.051 0.032 0.023 0.023 0.045 0.116 0.015 0.017 0.019 0.043 0.034 0.006 0.017 0.03
164 A 0.254 0.028 0.028 0.03 0.018 0.023 0.036 0.188 0.014 0.036 0.05 0.04 0.015 0.02 0.026 0.074 0.043 0.005 0.015 0.056
165 A 0.301 0.031 0.026 0.03 0.021 0.025 0.04 0.075 0.015 0.041 0.056 0.044 0.017 0.021 0.029 0.092 0.05 0.005 0.017 0.065
166 L 0.052 0.03 0.022 0.021 0.016 0.026 0.028 0.028 0.015 0.093 0.2 0.035 0.15 0.044 0.017 0.04 0.067 0.007 0.022 0.087
167 L 0.044 0.024 0.014 0.015 0.016 0.017 0.02 0.021 0.01 0.11 0.371 0.026 0.066 0.052 0.014 0.025 0.033 0.007 0.022 0.092
168 L 0.049 0.029 0.018 0.018 0.016 0.024 0.025 0.026 0.014 0.101 0.242 0.032 0.154 0.048 0.015 0.032 0.037 0.008 0.023 0.09
169 I 0.045 0.018 0.014 0.017 0.016 0.013 0.017 0.02 0.009 0.273 0.192 0.023 0.037 0.044 0.014 0.024 0.038 0.006 0.02 0.161
170 L 0.049 0.02 0.014 0.016 0.016 0.014 0.019 0.021 0.009 0.201 0.243 0.024 0.039 0.045 0.014 0.025 0.038 0.006 0.021 0.165
171 L 0.049 0.022 0.015 0.016 0.016 0.015 0.02 0.022 0.01 0.151 0.236 0.024 0.047 0.09 0.014 0.027 0.037 0.007 0.029 0.152
172 P 0.055 0.025 0.023 0.03 0.01 0.02 0.035 0.035 0.012 0.025 0.035 0.04 0.01 0.012 0.511 0.042 0.035 0.003 0.012 0.03
173 C 0.06 0.02 0.017 0.017 0.38 0.016 0.019 0.03 0.01 0.057 0.095 0.023 0.059 0.026 0.016 0.038 0.036 0.005 0.015 0.064
174 F 0.103 0.021 0.018 0.019 0.013 0.014 0.024 0.037 0.016 0.056 0.097 0.025 0.023 0.311 0.015 0.039 0.03 0.014 0.069 0.056
175 L 0.039 0.022 0.016 0.016 0.013 0.014 0.02 0.022 0.017 0.084 0.248 0.023 0.035 0.195 0.013 0.025 0.029 0.013 0.086 0.072
176 L 0.047 0.023 0.015 0.016 0.016 0.017 0.021 0.022 0.01 0.139 0.308 0.026 0.062 0.049 0.014 0.026 0.036 0.007 0.021 0.127
177 Y 0.039 0.027 0.021 0.018 0.009 0.021 0.027 0.024 0.045 0.042 0.066 0.03 0.018 0.126 0.015 0.03 0.027 0.027 0.341 0.045
178 L 0.043 0.023 0.014 0.015 0.016 0.015 0.019 0.02 0.01 0.135 0.367 0.024 0.046 0.052 0.014 0.024 0.033 0.007 0.021 0.103
179 S 0.085 0.037 0.083 0.046 0.015 0.03 0.046 0.056 0.023 0.032 0.045 0.048 0.015 0.033 0.026 0.177 0.093 0.008 0.057 0.043
180 H 0.051 0.042 0.042 0.034 0.01 0.057 0.05 0.037 0.201 0.037 0.087 0.046 0.02 0.041 0.019 0.065 0.035 0.009 0.078 0.038
181 N 0.052 0.088 0.188 0.057 0.01 0.035 0.048 0.051 0.024 0.035 0.081 0.088 0.017 0.022 0.021 0.079 0.047 0.005 0.017 0.037
182 N 0.087 0.049 0.168 0.054 0.012 0.033 0.047 0.055 0.022 0.06 0.054 0.094 0.016 0.021 0.022 0.083 0.049 0.005 0.016 0.052
183 K 0.07 0.082 0.075 0.044 0.01 0.069 0.065 0.045 0.021 0.035 0.047 0.211 0.016 0.017 0.025 0.055 0.041 0.005 0.017 0.05
184 G 0.094 0.031 0.046 0.041 0.014 0.026 0.039 0.289 0.016 0.024 0.035 0.044 0.012 0.018 0.024 0.137 0.056 0.005 0.014 0.033
185 K 0.057 0.107 0.041 0.041 0.009 0.053 0.07 0.043 0.021 0.027 0.043 0.282 0.015 0.015 0.027 0.053 0.04 0.005 0.017 0.033
186 K 0.057 0.107 0.041 0.041 0.009 0.053 0.07 0.043 0.021 0.027 0.043 0.282 0.015 0.015 0.027 0.053 0.04 0.005 0.017 0.033
187 R 0.059 0.192 0.041 0.034 0.013 0.038 0.046 0.038 0.018 0.038 0.056 0.082 0.018 0.02 0.023 0.068 0.142 0.006 0.018 0.051
188 G 0.06 0.034 0.18 0.058 0.01 0.026 0.037 0.289 0.022 0.021 0.03 0.044 0.01 0.017 0.019 0.06 0.039 0.005 0.013 0.026
189 G 0.067 0.065 0.04 0.037 0.01 0.036 0.048 0.278 0.017 0.023 0.036 0.158 0.012 0.016 0.023 0.052 0.035 0.005 0.014 0.028
190 L 0.057 0.044 0.025 0.026 0.014 0.026 0.036 0.032 0.013 0.109 0.2 0.097 0.032 0.036 0.019 0.06 0.042 0.006 0.019 0.106
191 K 0.054 0.136 0.04 0.039 0.008 0.051 0.066 0.04 0.02 0.026 0.042 0.279 0.015 0.015 0.026 0.051 0.038 0.005 0.017 0.031
192 S 0.119 0.044 0.044 0.042 0.015 0.032 0.049 0.059 0.017 0.03 0.042 0.081 0.015 0.019 0.089 0.176 0.065 0.005 0.016 0.041
193 L 0.048 0.055 0.064 0.033 0.012 0.031 0.041 0.034 0.016 0.091 0.188 0.132 0.029 0.033 0.019 0.04 0.037 0.006 0.019 0.071
194 N 0.043 0.045 0.317 0.083 0.009 0.034 0.049 0.065 0.032 0.022 0.032 0.054 0.011 0.018 0.02 0.07 0.049 0.004 0.016 0.027
195 V 0.07 0.022 0.016 0.018 0.019 0.016 0.023 0.025 0.008 0.165 0.13 0.026 0.032 0.036 0.016 0.033 0.049 0.006 0.021 0.269
196 N 0.043 0.045 0.317 0.083 0.009 0.034 0.049 0.065 0.032 0.022 0.032 0.054 0.011 0.018 0.02 0.07 0.049 0.004 0.016 0.027
197 A 0.29 0.031 0.026 0.03 0.022 0.026 0.04 0.078 0.015 0.043 0.059 0.045 0.018 0.022 0.03 0.085 0.05 0.005 0.018 0.069
198 K 0.057 0.107 0.042 0.042 0.009 0.054 0.071 0.043 0.021 0.028 0.043 0.278 0.016 0.016 0.028 0.054 0.04 0.005 0.017 0.033
199 V 0.084 0.022 0.017 0.018 0.016 0.017 0.023 0.029 0.014 0.152 0.152 0.027 0.03 0.072 0.016 0.034 0.04 0.009 0.064 0.163
200 I 0.059 0.023 0.022 0.022 0.016 0.018 0.025 0.028 0.014 0.181 0.12 0.029 0.029 0.047 0.017 0.059 0.059 0.008 0.059 0.163
201 I 0.055 0.019 0.018 0.019 0.016 0.014 0.019 0.084 0.009 0.227 0.136 0.025 0.031 0.037 0.015 0.029 0.04 0.006 0.019 0.183
202 L 0.053 0.023 0.021 0.02 0.076 0.017 0.022 0.088 0.01 0.107 0.238 0.027 0.034 0.039 0.016 0.037 0.063 0.006 0.018 0.086
203 L 0.068 0.027 0.027 0.026 0.077 0.02 0.029 0.036 0.012 0.104 0.161 0.033 0.028 0.033 0.02 0.091 0.077 0.006 0.018 0.107
204 L 0.063 0.022 0.015 0.016 0.076 0.015 0.02 0.026 0.011 0.095 0.281 0.024 0.038 0.09 0.015 0.03 0.034 0.007 0.028 0.094
205 F 0.058 0.02 0.016 0.017 0.013 0.013 0.021 0.027 0.014 0.085 0.146 0.022 0.028 0.269 0.013 0.029 0.031 0.012 0.061 0.104
206 L 0.042 0.022 0.014 0.015 0.015 0.015 0.019 0.021 0.01 0.128 0.332 0.023 0.043 0.096 0.013 0.024 0.032 0.008 0.029 0.098
207 I 0.057 0.02 0.022 0.023 0.075 0.015 0.022 0.091 0.011 0.167 0.111 0.027 0.026 0.079 0.016 0.057 0.04 0.007 0.026 0.107
208 L 0.06 0.022 0.023 0.022 0.015 0.017 0.024 0.09 0.011 0.141 0.144 0.028 0.029 0.081 0.016 0.057 0.042 0.007 0.027 0.142
209 I 0.048 0.018 0.014 0.017 0.016 0.013 0.018 0.02 0.008 0.279 0.158 0.023 0.035 0.042 0.014 0.025 0.04 0.006 0.02 0.186
210 I 0.053 0.019 0.015 0.017 0.017 0.014 0.019 0.021 0.008 0.221 0.178 0.024 0.035 0.041 0.015 0.027 0.041 0.006 0.02 0.207
211 A 0.194 0.03 0.031 0.031 0.018 0.024 0.036 0.119 0.014 0.047 0.095 0.041 0.02 0.024 0.025 0.092 0.076 0.005 0.017 0.061
212 F 0.033 0.018 0.016 0.016 0.01 0.01 0.018 0.025 0.016 0.061 0.11 0.018 0.025 0.408 0.01 0.025 0.025 0.016 0.086 0.053
213 G 0.076 0.022 0.038 0.033 0.01 0.018 0.025 0.527 0.013 0.018 0.027 0.033 0.009 0.016 0.018 0.05 0.029 0.005 0.01 0.023
214 Y 0.039 0.027 0.021 0.018 0.009 0.021 0.027 0.024 0.045 0.042 0.066 0.03 0.018 0.126 0.015 0.03 0.027 0.027 0.341 0.045
215 I 0.046 0.019 0.014 0.017 0.016 0.014 0.018 0.02 0.009 0.241 0.219 0.023 0.038 0.045 0.014 0.024 0.037 0.006 0.02 0.159
216 G 0.076 0.022 0.038 0.033 0.01 0.018 0.025 0.527 0.013 0.018 0.027 0.033 0.009 0.016 0.018 0.05 0.029 0.005 0.01 0.023
217 D 0.04 0.029 0.067 0.418 0.007 0.029 0.088 0.045 0.018 0.022 0.027 0.043 0.009 0.014 0.022 0.05 0.034 0.004 0.011 0.023
218 K 0.061 0.095 0.042 0.041 0.009 0.049 0.066 0.045 0.02 0.027 0.042 0.271 0.015 0.016 0.027 0.076 0.043 0.005 0.017 0.033
219 R 0.043 0.367 0.037 0.03 0.008 0.047 0.051 0.032 0.023 0.023 0.045 0.116 0.015 0.017 0.019 0.043 0.034 0.006 0.017 0.03
220 L 0.05 0.031 0.019 0.019 0.016 0.027 0.027 0.027 0.016 0.097 0.19 0.035 0.189 0.047 0.016 0.035 0.039 0.008 0.023 0.089
221 I 0.084 0.085 0.025 0.026 0.014 0.029 0.038 0.034 0.014 0.145 0.1 0.107 0.025 0.029 0.02 0.042 0.04 0.005 0.018 0.121
222 S 0.132 0.038 0.049 0.045 0.017 0.031 0.049 0.066 0.018 0.03 0.043 0.051 0.015 0.02 0.029 0.226 0.075 0.005 0.017 0.044
223 S 0.106 0.039 0.052 0.047 0.017 0.032 0.051 0.064 0.019 0.029 0.04 0.052 0.015 0.02 0.029 0.246 0.079 0.005 0.017 0.04
224 G 0.076 0.022 0.038 0.033 0.01 0.018 0.025 0.527 0.013 0.018 0.027 0.033 0.009 0.016 0.018 0.05 0.029 0.005 0.01 0.023
225 Y 0.039 0.027 0.021 0.018 0.009 0.021 0.027 0.024 0.045 0.042 0.066 0.03 0.018 0.126 0.015 0.03 0.027 0.027 0.341 0.045
226 T 0.108 0.044 0.042 0.039 0.016 0.031 0.045 0.052 0.016 0.041 0.054 0.078 0.017 0.021 0.027 0.123 0.167 0.005 0.017 0.057
227 D 0.049 0.03 0.065 0.362 0.009 0.029 0.083 0.048 0.018 0.023 0.029 0.045 0.01 0.015 0.023 0.078 0.041 0.004 0.012 0.026
228 D 0.047 0.04 0.051 0.232 0.007 0.048 0.219 0.039 0.022 0.021 0.032 0.06 0.011 0.015 0.023 0.052 0.035 0.005 0.014 0.027
229 K 0.09 0.108 0.038 0.036 0.011 0.04 0.053 0.105 0.018 0.03 0.045 0.181 0.015 0.017 0.025 0.059 0.067 0.005 0.016 0.039
230 P 0.152 0.027 0.023 0.029 0.014 0.022 0.037 0.05 0.013 0.031 0.043 0.041 0.013 0.016 0.33 0.057 0.04 0.004 0.014 0.044
231 I 0.045 0.019 0.014 0.016 0.016 0.014 0.018 0.02 0.009 0.25 0.221 0.023 0.039 0.045 0.014 0.024 0.037 0.006 0.02 0.151
232 F 0.037 0.022 0.017 0.017 0.011 0.014 0.021 0.024 0.019 0.07 0.151 0.023 0.047 0.283 0.012 0.026 0.028 0.015 0.102 0.062
233 R 0.055 0.172 0.079 0.049 0.009 0.094 0.096 0.042 0.025 0.024 0.042 0.088 0.015 0.017 0.022 0.076 0.043 0.005 0.017 0.032
234 I 0.051 0.019 0.015 0.017 0.016 0.014 0.019 0.021 0.009 0.238 0.182 0.024 0.036 0.042 0.015 0.026 0.04 0.006 0.02 0.192
235 A 0.198 0.03 0.034 0.033 0.017 0.024 0.037 0.183 0.014 0.035 0.048 0.042 0.015 0.02 0.026 0.095 0.075 0.005 0.015 0.053
236 K 0.055 0.095 0.041 0.041 0.008 0.099 0.076 0.041 0.022 0.026 0.043 0.249 0.016 0.015 0.026 0.052 0.039 0.005 0.018 0.032
237 I 0.115 0.021 0.017 0.02 0.017 0.016 0.023 0.034 0.01 0.215 0.131 0.028 0.03 0.036 0.018 0.04 0.042 0.006 0.019 0.16
238 D 0.04 0.031 0.101 0.376 0.007 0.029 0.083 0.047 0.02 0.022 0.027 0.044 0.009 0.015 0.021 0.053 0.036 0.004 0.011 0.024
239 N 0.064 0.042 0.238 0.07 0.012 0.033 0.049 0.064 0.027 0.024 0.034 0.053 0.012 0.019 0.023 0.124 0.059 0.005 0.016 0.031
240 P 0.057 0.026 0.03 0.078 0.012 0.021 0.04 0.036 0.013 0.045 0.049 0.039 0.014 0.017 0.327 0.048 0.066 0.003 0.014 0.067
241 V 0.057 0.019 0.015 0.017 0.017 0.014 0.02 0.022 0.008 0.227 0.144 0.024 0.033 0.039 0.015 0.028 0.043 0.006 0.02 0.232
242 L 0.043 0.025 0.017 0.017 0.014 0.019 0.022 0.024 0.014 0.094 0.248 0.027 0.095 0.139 0.014 0.028 0.033 0.01 0.038 0.082
243 D 0.045 0.045 0.085 0.196 0.008 0.04 0.131 0.041 0.025 0.025 0.036 0.083 0.012 0.029 0.022 0.051 0.036 0.007 0.055 0.029
244 N 0.043 0.045 0.317 0.083 0.009 0.034 0.049 0.065 0.032 0.022 0.032 0.054 0.011 0.018 0.02 0.07 0.049 0.004 0.016 0.027
245 S 0.11 0.031 0.037 0.057 0.016 0.026 0.042 0.049 0.019 0.064 0.066 0.041 0.019 0.037 0.023 0.133 0.058 0.008 0.058 0.107
246 L 0.044 0.024 0.014 0.015 0.016 0.017 0.02 0.021 0.01 0.121 0.356 0.026 0.065 0.051 0.014 0.025 0.033 0.007 0.022 0.097
247 P 0.055 0.025 0.023 0.03 0.01 0.02 0.035 0.035 0.012 0.025 0.035 0.04 0.01 0.012 0.511 0.042 0.035 0.003 0.012 0.03
248 S 0.102 0.038 0.051 0.046 0.017 0.031 0.049 0.061 0.018 0.032 0.043 0.051 0.016 0.021 0.028 0.227 0.103 0.005 0.017 0.044
249 G 0.076 0.022 0.038 0.033 0.01 0.018 0.025 0.527 0.013 0.018 0.027 0.033 0.009 0.016 0.018 0.05 0.029 0.005 0.01 0.023
250 F 0.033 0.018 0.016 0.016 0.01 0.01 0.018 0.025 0.016 0.061 0.11 0.018 0.025 0.408 0.01 0.025 0.025 0.016 0.086 0.053
251 T 0.066 0.029 0.036 0.032 0.015 0.022 0.033 0.101 0.015 0.047 0.068 0.037 0.019 0.118 0.022 0.088 0.156 0.008 0.033 0.056
252 W 0.029 0.022 0.015 0.015 0.007 0.015 0.022 0.029 0.015 0.029 0.051 0.022 0.015 0.059 0.007 0.022 0.022 0.51 0.066 0.029
253 F 0.041 0.019 0.016 0.017 0.012 0.012 0.019 0.024 0.014 0.086 0.114 0.02 0.026 0.314 0.012 0.026 0.03 0.014 0.069 0.113
254 Y 0.039 0.027 0.021 0.018 0.009 0.021 0.027 0.024 0.045 0.042 0.066 0.03 0.018 0.126 0.015 0.03 0.027 0.027 0.341 0.045
255 L 0.054 0.022 0.018 0.019 0.017 0.016 0.022 0.024 0.009 0.185 0.199 0.026 0.035 0.041 0.016 0.034 0.068 0.006 0.02 0.169
256 Y 0.039 0.027 0.021 0.018 0.009 0.021 0.027 0.024 0.045 0.042 0.066 0.03 0.018 0.126 0.015 0.03 0.027 0.027 0.341 0.045
257 A 0.184 0.027 0.024 0.026 0.018 0.022 0.032 0.051 0.013 0.113 0.101 0.037 0.043 0.03 0.023 0.063 0.073 0.006 0.018 0.096
258 S 0.106 0.039 0.052 0.047 0.017 0.032 0.051 0.064 0.019 0.029 0.04 0.052 0.015 0.02 0.029 0.246 0.079 0.005 0.017 0.04
259 S 0.106 0.039 0.052 0.047 0.017 0.032 0.051 0.064 0.019 0.029 0.04 0.052 0.015 0.02 0.029 0.246 0.079 0.005 0.017 0.04
260 P 0.055 0.025 0.023 0.03 0.01 0.02 0.035 0.035 0.012 0.025 0.035 0.04 0.01 0.012 0.511 0.042 0.035 0.003 0.012 0.03
261 Y 0.04 0.026 0.02 0.018 0.01 0.02 0.026 0.024 0.041 0.074 0.078 0.029 0.02 0.116 0.015 0.029 0.028 0.024 0.301 0.061
262 A 0.314 0.03 0.025 0.029 0.021 0.025 0.039 0.076 0.014 0.042 0.057 0.043 0.017 0.021 0.029 0.082 0.048 0.005 0.017 0.066
263 N 0.041 0.043 0.34 0.08 0.009 0.033 0.048 0.063 0.03 0.022 0.03 0.052 0.011 0.017 0.02 0.067 0.048 0.004 0.015 0.026
264 L 0.043 0.023 0.014 0.015 0.016 0.016 0.02 0.021 0.01 0.111 0.397 0.024 0.048 0.053 0.014 0.023 0.032 0.007 0.022 0.093
265 L 0.083 0.023 0.016 0.017 0.017 0.017 0.022 0.028 0.01 0.138 0.257 0.027 0.038 0.043 0.016 0.033 0.039 0.006 0.02 0.15
266 N 0.058 0.039 0.151 0.057 0.011 0.033 0.077 0.05 0.03 0.029 0.043 0.049 0.014 0.045 0.021 0.101 0.049 0.01 0.097 0.035
267 Q 0.056 0.065 0.039 0.042 0.01 0.213 0.09 0.038 0.026 0.042 0.056 0.08 0.021 0.017 0.022 0.051 0.041 0.006 0.02 0.067
268 E 0.052 0.046 0.043 0.128 0.007 0.058 0.291 0.035 0.024 0.021 0.034 0.069 0.012 0.016 0.025 0.053 0.035 0.005 0.015 0.029
269 R 0.055 0.178 0.038 0.04 0.009 0.045 0.086 0.038 0.025 0.027 0.045 0.139 0.015 0.03 0.022 0.07 0.04 0.008 0.057 0.034
270 N 0.052 0.039 0.227 0.063 0.011 0.03 0.044 0.056 0.027 0.03 0.043 0.048 0.014 0.05 0.021 0.087 0.077 0.007 0.04 0.036
271 P 0.068 0.031 0.129 0.094 0.01 0.025 0.045 0.109 0.019 0.024 0.033 0.043 0.01 0.015 0.204 0.055 0.039 0.004 0.013 0.029
272 N 0.048 0.103 0.152 0.06 0.008 0.069 0.094 0.047 0.026 0.024 0.038 0.13 0.014 0.016 0.022 0.057 0.041 0.005 0.016 0.029
273 Y 0.043 0.071 0.026 0.022 0.01 0.026 0.032 0.027 0.079 0.052 0.067 0.042 0.019 0.089 0.016 0.033 0.03 0.019 0.225 0.071
274 D 0.053 0.027 0.073 0.252 0.009 0.025 0.062 0.227 0.017 0.02 0.027 0.04 0.009 0.015 0.02 0.051 0.033 0.004 0.011 0.024
275 K 0.049 0.195 0.041 0.036 0.008 0.048 0.06 0.037 0.066 0.025 0.042 0.2 0.015 0.017 0.023 0.047 0.035 0.006 0.022 0.03
276 G 0.076 0.022 0.038 0.033 0.01 0.018 0.025 0.527 0.013 0.018 0.027 0.033 0.009 0.016 0.018 0.05 0.029 0.005 0.01 0.023
277 D 0.08 0.034 0.089 0.238 0.01 0.033 0.1 0.049 0.019 0.028 0.037 0.048 0.012 0.017 0.023 0.062 0.068 0.004 0.014 0.036
278 I 0.052 0.02 0.015 0.017 0.017 0.014 0.019 0.021 0.009 0.218 0.195 0.024 0.036 0.042 0.015 0.026 0.04 0.006 0.02 0.195
279 G 0.062 0.039 0.038 0.083 0.013 0.029 0.06 0.13 0.015 0.049 0.128 0.072 0.022 0.026 0.021 0.073 0.069 0.005 0.016 0.05
280 D 0.041 0.031 0.063 0.376 0.007 0.033 0.117 0.044 0.019 0.022 0.028 0.047 0.009 0.015 0.022 0.051 0.034 0.004 0.011 0.024
281 F 0.033 0.018 0.016 0.016 0.01 0.01 0.018 0.025 0.016 0.061 0.11 0.018 0.025 0.408 0.01 0.025 0.025 0.016 0.086 0.053
282 L 0.043 0.02 0.014 0.016 0.015 0.014 0.018 0.021 0.01 0.197 0.244 0.023 0.039 0.092 0.014 0.024 0.034 0.007 0.029 0.127
283 N 0.068 0.039 0.225 0.063 0.011 0.03 0.045 0.058 0.024 0.028 0.037 0.049 0.012 0.018 0.083 0.079 0.076 0.004 0.015 0.035
284 V 0.073 0.025 0.027 0.027 0.016 0.019 0.028 0.096 0.011 0.143 0.101 0.032 0.025 0.031 0.019 0.086 0.051 0.005 0.018 0.166
285 A 0.21 0.034 0.039 0.038 0.019 0.028 0.045 0.07 0.016 0.035 0.049 0.048 0.016 0.021 0.029 0.164 0.064 0.005 0.017 0.053
286 I 0.047 0.017 0.014 0.017 0.016 0.013 0.017 0.02 0.008 0.287 0.16 0.023 0.035 0.042 0.014 0.025 0.039 0.006 0.02 0.178
287 L 0.043 0.023 0.014 0.015 0.016 0.015 0.019 0.02 0.01 0.135 0.367 0.024 0.046 0.052 0.014 0.024 0.033 0.007 0.021 0.103
288 P 0.055 0.025 0.023 0.03 0.01 0.02 0.035 0.035 0.012 0.025 0.035 0.04 0.01 0.012 0.511 0.042 0.035 0.003 0.012 0.03
289 D 0.04 0.029 0.067 0.418 0.007 0.029 0.088 0.045 0.018 0.022 0.027 0.043 0.009 0.014 0.022 0.05 0.034 0.004 0.011 0.023
290 F 0.033 0.018 0.016 0.016 0.01 0.01 0.018 0.025 0.016 0.061 0.11 0.018 0.025 0.408 0.01 0.025 0.025 0.016 0.086 0.053
291 I 0.046 0.017 0.014 0.017 0.016 0.013 0.017 0.02 0.009 0.296 0.162 0.023 0.036 0.043 0.014 0.024 0.038 0.006 0.02 0.171
292 S 0.106 0.039 0.052 0.047 0.017 0.032 0.051 0.064 0.019 0.029 0.04 0.052 0.015 0.02 0.029 0.246 0.079 0.005 0.017 0.04
293 K 0.055 0.103 0.04 0.04 0.008 0.052 0.068 0.042 0.02 0.027 0.042 0.303 0.015 0.015 0.027 0.052 0.038 0.005 0.017 0.032
294 R 0.042 0.282 0.033 0.027 0.008 0.04 0.045 0.03 0.028 0.027 0.05 0.095 0.016 0.044 0.018 0.04 0.032 0.011 0.098 0.034
295 I 0.052 0.021 0.021 0.022 0.016 0.016 0.022 0.025 0.01 0.235 0.137 0.028 0.031 0.038 0.017 0.041 0.097 0.006 0.019 0.145
296 D 0.082 0.03 0.06 0.323 0.01 0.029 0.077 0.051 0.018 0.025 0.033 0.044 0.011 0.016 0.023 0.079 0.042 0.004 0.012 0.031
297 D 0.055 0.034 0.047 0.192 0.009 0.035 0.128 0.042 0.018 0.023 0.033 0.051 0.011 0.015 0.146 0.074 0.04 0.004 0.013 0.029
298 N 0.051 0.035 0.148 0.048 0.012 0.026 0.038 0.045 0.024 0.04 0.057 0.042 0.017 0.082 0.02 0.066 0.126 0.009 0.065 0.048
299 V 0.065 0.022 0.019 0.02 0.018 0.017 0.024 0.026 0.009 0.163 0.123 0.027 0.03 0.034 0.017 0.038 0.075 0.005 0.02 0.25
300 R 0.044 0.215 0.039 0.079 0.008 0.041 0.056 0.035 0.021 0.028 0.05 0.141 0.015 0.065 0.02 0.044 0.034 0.007 0.025 0.032
301 S 0.072 0.035 0.081 0.096 0.013 0.031 0.081 0.109 0.018 0.042 0.047 0.047 0.015 0.02 0.023 0.114 0.066 0.005 0.015 0.067
302 R 0.048 0.268 0.038 0.034 0.008 0.049 0.057 0.036 0.022 0.024 0.044 0.186 0.015 0.016 0.022 0.046 0.035 0.005 0.017 0.031
303 F 0.034 0.021 0.018 0.017 0.01 0.013 0.021 0.024 0.024 0.056 0.099 0.021 0.023 0.337 0.011 0.026 0.025 0.019 0.15 0.051
304 P 0.058 0.04 0.11 0.054 0.01 0.058 0.084 0.046 0.021 0.024 0.036 0.055 0.012 0.015 0.206 0.077 0.044 0.004 0.015 0.031
305 V 0.055 0.022 0.02 0.021 0.015 0.016 0.024 0.027 0.011 0.121 0.107 0.027 0.026 0.125 0.077 0.038 0.067 0.008 0.035 0.157
306 L 0.056 0.08 0.066 0.033 0.013 0.028 0.037 0.036 0.016 0.097 0.155 0.077 0.027 0.032 0.019 0.064 0.044 0.006 0.019 0.097
307 L 0.045 0.076 0.02 0.02 0.014 0.024 0.03 0.025 0.013 0.09 0.308 0.071 0.04 0.044 0.016 0.029 0.033 0.006 0.02 0.077
308 I 0.046 0.017 0.014 0.017 0.016 0.013 0.017 0.02 0.009 0.296 0.162 0.023 0.036 0.043 0.014 0.024 0.038 0.006 0.02 0.171
309 T 0.099 0.037 0.037 0.034 0.017 0.052 0.044 0.044 0.015 0.06 0.068 0.047 0.02 0.023 0.025 0.077 0.187 0.006 0.018 0.092
310 P 0.049 0.031 0.075 0.14 0.009 0.029 0.086 0.041 0.018 0.023 0.032 0.046 0.01 0.014 0.266 0.049 0.036 0.003 0.013 0.028
311 E 0.053 0.051 0.04 0.082 0.007 0.085 0.293 0.035 0.025 0.022 0.037 0.075 0.013 0.016 0.025 0.053 0.036 0.005 0.017 0.031
312 L 0.043 0.023 0.014 0.015 0.016 0.016 0.02 0.021 0.01 0.111 0.397 0.024 0.048 0.053 0.014 0.023 0.032 0.007 0.022 0.093
313 T 0.065 0.04 0.079 0.043 0.015 0.054 0.047 0.044 0.017 0.045 0.057 0.05 0.018 0.021 0.025 0.082 0.215 0.006 0.017 0.059
314 V 0.129 0.023 0.018 0.02 0.019 0.018 0.027 0.037 0.01 0.13 0.109 0.03 0.027 0.031 0.019 0.044 0.048 0.005 0.019 0.237
315 T 0.111 0.033 0.042 0.038 0.017 0.027 0.04 0.112 0.015 0.04 0.052 0.044 0.017 0.021 0.026 0.123 0.165 0.005 0.016 0.056
316 T 0.071 0.034 0.042 0.036 0.017 0.027 0.038 0.042 0.013 0.051 0.063 0.044 0.019 0.023 0.027 0.09 0.272 0.006 0.017 0.069
317 G 0.076 0.022 0.038 0.033 0.01 0.018 0.025 0.527 0.013 0.018 0.027 0.033 0.009 0.016 0.018 0.05 0.029 0.005 0.01 0.023
318 F 0.033 0.018 0.016 0.016 0.01 0.01 0.018 0.025 0.016 0.061 0.11 0.018 0.025 0.408 0.01 0.025 0.025 0.016 0.086 0.053
319 G 0.082 0.025 0.039 0.034 0.073 0.021 0.03 0.349 0.014 0.024 0.035 0.036 0.011 0.017 0.021 0.097 0.042 0.005 0.012 0.032
320 W 0.034 0.066 0.019 0.018 0.008 0.02 0.026 0.028 0.023 0.036 0.062 0.035 0.017 0.114 0.011 0.027 0.025 0.264 0.131 0.036
