#Seq2Logo.py -f /work3/idamei/ssn-clusterings/clustering/2205171701/clusters/0014_178/sequences.afa -o /work3/idamei/ssn-clusterings/clustering/2205171701/clusters/0014_178/sequences.logo
#Position Specific Frequency Matrix
A R N D C Q E G H I L K M F P S T W Y V
0 L 0.052 0.032 0.02 0.02 0.016 0.028 0.028 0.028 0.016 0.101 0.198 0.036 0.157 0.048 0.016 0.036 0.04 0.008 0.024 0.093
1 L 0.051 0.032 0.02 0.02 0.016 0.028 0.028 0.028 0.016 0.099 0.194 0.036 0.173 0.047 0.016 0.036 0.04 0.008 0.024 0.091
2 K 0.068 0.068 0.039 0.038 0.013 0.039 0.053 0.044 0.017 0.079 0.067 0.165 0.02 0.023 0.025 0.094 0.062 0.005 0.018 0.064
3 L 0.046 0.021 0.014 0.017 0.016 0.015 0.019 0.021 0.009 0.203 0.261 0.024 0.042 0.049 0.014 0.025 0.037 0.006 0.021 0.14
4 K 0.069 0.089 0.044 0.043 0.011 0.048 0.065 0.048 0.02 0.028 0.042 0.23 0.015 0.017 0.028 0.097 0.05 0.005 0.017 0.035
5 V 0.054 0.129 0.023 0.022 0.014 0.026 0.031 0.026 0.013 0.154 0.115 0.056 0.028 0.032 0.017 0.034 0.041 0.006 0.019 0.159
6 N 0.04 0.036 0.218 0.061 0.01 0.026 0.039 0.052 0.027 0.036 0.059 0.042 0.016 0.142 0.017 0.055 0.041 0.009 0.04 0.036
7 L 0.077 0.032 0.034 0.032 0.017 0.025 0.036 0.044 0.015 0.072 0.209 0.04 0.033 0.038 0.022 0.123 0.058 0.006 0.02 0.069
8 L 0.052 0.118 0.082 0.051 0.011 0.04 0.107 0.038 0.021 0.046 0.125 0.068 0.022 0.027 0.02 0.061 0.041 0.006 0.018 0.047
9 K 0.072 0.065 0.038 0.04 0.013 0.039 0.067 0.043 0.017 0.061 0.063 0.152 0.019 0.022 0.025 0.092 0.052 0.005 0.018 0.096
10 I 0.047 0.018 0.015 0.018 0.016 0.013 0.018 0.021 0.009 0.269 0.168 0.024 0.037 0.044 0.015 0.025 0.04 0.006 0.021 0.177
11 I 0.046 0.019 0.014 0.017 0.016 0.014 0.018 0.02 0.009 0.24 0.22 0.024 0.039 0.046 0.014 0.024 0.038 0.006 0.021 0.154
12 L 0.042 0.026 0.018 0.017 0.013 0.019 0.024 0.023 0.028 0.078 0.226 0.028 0.034 0.091 0.015 0.027 0.03 0.017 0.175 0.07
13 L 0.044 0.022 0.016 0.017 0.014 0.016 0.021 0.022 0.018 0.18 0.196 0.026 0.035 0.067 0.015 0.026 0.035 0.012 0.098 0.122
14 L 0.046 0.025 0.018 0.018 0.015 0.02 0.023 0.025 0.014 0.136 0.166 0.028 0.102 0.134 0.014 0.03 0.036 0.01 0.039 0.103
15 L 0.047 0.019 0.015 0.016 0.133 0.013 0.018 0.025 0.011 0.125 0.182 0.022 0.032 0.128 0.014 0.028 0.033 0.008 0.035 0.095
16 G 0.081 0.022 0.023 0.022 0.015 0.016 0.024 0.152 0.012 0.091 0.093 0.027 0.023 0.119 0.016 0.039 0.038 0.008 0.034 0.142
17 L 0.043 0.025 0.016 0.017 0.015 0.018 0.022 0.024 0.013 0.097 0.269 0.026 0.074 0.138 0.014 0.027 0.033 0.01 0.039 0.084
18 L 0.05 0.023 0.015 0.016 0.017 0.016 0.021 0.022 0.009 0.126 0.321 0.025 0.044 0.049 0.015 0.026 0.037 0.007 0.022 0.141
19 A 0.215 0.035 0.038 0.038 0.019 0.029 0.045 0.072 0.017 0.037 0.051 0.048 0.016 0.021 0.029 0.149 0.063 0.005 0.017 0.056
20 F 0.037 0.023 0.019 0.018 0.01 0.016 0.023 0.025 0.031 0.053 0.09 0.025 0.022 0.262 0.013 0.028 0.026 0.022 0.208 0.05
21 F 0.033 0.019 0.017 0.017 0.01 0.01 0.019 0.025 0.017 0.062 0.113 0.019 0.025 0.396 0.01 0.025 0.025 0.017 0.087 0.054
22 E 0.073 0.035 0.028 0.051 0.011 0.038 0.145 0.035 0.017 0.047 0.125 0.051 0.021 0.025 0.142 0.046 0.036 0.005 0.017 0.05
23 P 0.056 0.025 0.023 0.031 0.01 0.02 0.036 0.036 0.013 0.025 0.036 0.041 0.01 0.013 0.501 0.043 0.036 0.003 0.013 0.031
24 P 0.062 0.034 0.106 0.045 0.011 0.027 0.041 0.047 0.027 0.03 0.044 0.044 0.014 0.045 0.141 0.094 0.048 0.01 0.093 0.036
25 F 0.057 0.026 0.026 0.025 0.013 0.019 0.029 0.034 0.023 0.104 0.097 0.032 0.024 0.147 0.017 0.078 0.043 0.014 0.113 0.079
26 L 0.042 0.021 0.015 0.016 0.015 0.014 0.019 0.022 0.011 0.143 0.262 0.023 0.04 0.137 0.013 0.024 0.033 0.009 0.038 0.104
27 E 0.056 0.05 0.113 0.064 0.011 0.088 0.124 0.046 0.025 0.031 0.044 0.066 0.016 0.018 0.024 0.067 0.096 0.005 0.017 0.041
28 F 0.047 0.021 0.017 0.018 0.014 0.015 0.022 0.024 0.02 0.137 0.118 0.025 0.028 0.151 0.014 0.028 0.035 0.014 0.114 0.138
29 L 0.055 0.105 0.026 0.023 0.013 0.024 0.029 0.121 0.014 0.079 0.151 0.05 0.027 0.062 0.016 0.036 0.035 0.007 0.024 0.103
30 P 0.082 0.032 0.038 0.039 0.014 0.027 0.044 0.05 0.016 0.027 0.038 0.047 0.013 0.017 0.265 0.137 0.058 0.004 0.015 0.036
31 W 0.041 0.031 0.096 0.034 0.01 0.024 0.032 0.037 0.027 0.048 0.086 0.035 0.054 0.063 0.015 0.039 0.035 0.135 0.109 0.048
32 G 0.125 0.025 0.029 0.028 0.015 0.02 0.028 0.283 0.013 0.048 0.125 0.034 0.021 0.027 0.02 0.052 0.035 0.006 0.015 0.053
33 A 0.185 0.031 0.04 0.125 0.017 0.027 0.052 0.062 0.015 0.04 0.052 0.044 0.016 0.02 0.027 0.077 0.092 0.005 0.016 0.057
34 L 0.047 0.023 0.02 0.02 0.015 0.017 0.023 0.026 0.012 0.141 0.18 0.027 0.044 0.131 0.016 0.037 0.071 0.009 0.037 0.104
35 L 0.047 0.022 0.015 0.016 0.015 0.015 0.02 0.023 0.011 0.113 0.253 0.024 0.038 0.135 0.014 0.026 0.035 0.009 0.038 0.131
36 G 0.123 0.029 0.047 0.158 0.013 0.026 0.054 0.173 0.016 0.029 0.04 0.042 0.013 0.018 0.024 0.078 0.059 0.005 0.014 0.04
37 L 0.055 0.084 0.042 0.124 0.013 0.029 0.05 0.038 0.016 0.053 0.13 0.053 0.023 0.028 0.021 0.068 0.094 0.005 0.017 0.056
38 L 0.09 0.022 0.016 0.019 0.017 0.016 0.022 0.03 0.01 0.19 0.199 0.027 0.036 0.042 0.017 0.035 0.04 0.006 0.02 0.145
39 F 0.055 0.025 0.025 0.024 0.014 0.017 0.027 0.034 0.016 0.067 0.163 0.029 0.029 0.217 0.016 0.076 0.041 0.011 0.054 0.061
40 L 0.054 0.026 0.022 0.021 0.015 0.019 0.026 0.029 0.012 0.09 0.157 0.029 0.029 0.043 0.016 0.043 0.09 0.13 0.032 0.119
41 L 0.049 0.023 0.015 0.016 0.016 0.016 0.02 0.022 0.01 0.161 0.278 0.026 0.054 0.048 0.015 0.026 0.037 0.007 0.021 0.14
42 I 0.05 0.02 0.015 0.017 0.017 0.014 0.019 0.021 0.009 0.216 0.213 0.024 0.038 0.045 0.015 0.026 0.039 0.006 0.021 0.175
43 R 0.046 0.306 0.039 0.033 0.008 0.049 0.055 0.034 0.022 0.024 0.045 0.152 0.015 0.017 0.021 0.046 0.035 0.006 0.017 0.031
44 L 0.048 0.02 0.015 0.017 0.015 0.014 0.02 0.023 0.011 0.155 0.198 0.023 0.035 0.132 0.014 0.027 0.036 0.009 0.038 0.151
45 L 0.041 0.023 0.015 0.015 0.015 0.015 0.02 0.022 0.012 0.101 0.317 0.023 0.043 0.139 0.013 0.024 0.031 0.009 0.038 0.085
46 L 0.051 0.02 0.015 0.017 0.017 0.015 0.019 0.021 0.009 0.21 0.211 0.024 0.038 0.044 0.015 0.026 0.04 0.006 0.021 0.181
47 T 0.09 0.037 0.048 0.043 0.017 0.03 0.045 0.054 0.016 0.041 0.053 0.049 0.017 0.022 0.028 0.161 0.169 0.005 0.017 0.056
48 I 0.044 0.021 0.016 0.018 0.014 0.016 0.02 0.023 0.013 0.175 0.158 0.025 0.067 0.142 0.014 0.027 0.035 0.009 0.04 0.12
49 F 0.038 0.021 0.022 0.06 0.011 0.015 0.028 0.026 0.019 0.11 0.11 0.024 0.025 0.228 0.013 0.029 0.03 0.014 0.096 0.08
50 Y 0.04 0.029 0.023 0.019 0.009 0.022 0.029 0.025 0.064 0.042 0.066 0.032 0.018 0.123 0.016 0.031 0.028 0.026 0.313 0.045
51 I 0.063 0.023 0.024 0.025 0.016 0.018 0.026 0.032 0.011 0.212 0.132 0.031 0.031 0.037 0.018 0.077 0.05 0.006 0.02 0.147
52 P 0.053 0.026 0.024 0.027 0.011 0.02 0.032 0.034 0.022 0.036 0.057 0.036 0.015 0.106 0.259 0.053 0.036 0.011 0.104 0.039
53 K 0.056 0.106 0.041 0.041 0.008 0.053 0.07 0.043 0.02 0.027 0.043 0.289 0.015 0.015 0.027 0.053 0.039 0.005 0.017 0.032
54 V 0.072 0.028 0.027 0.025 0.016 0.022 0.031 0.035 0.02 0.099 0.091 0.034 0.024 0.055 0.019 0.082 0.051 0.011 0.096 0.162
55 L 0.039 0.021 0.015 0.016 0.013 0.013 0.019 0.023 0.013 0.09 0.256 0.022 0.038 0.215 0.012 0.024 0.029 0.012 0.053 0.076
56 L 0.045 0.023 0.019 0.019 0.013 0.017 0.023 0.025 0.02 0.125 0.186 0.027 0.032 0.125 0.015 0.038 0.034 0.013 0.109 0.093
57 Y 0.062 0.039 0.033 0.033 0.013 0.073 0.05 0.038 0.026 0.095 0.08 0.049 0.023 0.052 0.021 0.085 0.047 0.011 0.096 0.074
58 Y 0.052 0.038 0.037 0.044 0.01 0.037 0.105 0.034 0.095 0.036 0.053 0.048 0.017 0.055 0.022 0.054 0.087 0.013 0.12 0.044
59 K 0.056 0.106 0.041 0.041 0.008 0.053 0.07 0.043 0.02 0.027 0.043 0.289 0.015 0.015 0.027 0.053 0.039 0.005 0.017 0.032
60 I 0.054 0.02 0.015 0.017 0.017 0.014 0.02 0.022 0.009 0.223 0.178 0.024 0.036 0.042 0.015 0.027 0.042 0.006 0.021 0.2
61 N 0.052 0.043 0.116 0.061 0.01 0.04 0.112 0.045 0.109 0.03 0.042 0.054 0.015 0.022 0.023 0.064 0.092 0.006 0.026 0.037
62 L 0.045 0.041 0.022 0.022 0.013 0.023 0.031 0.027 0.014 0.121 0.176 0.089 0.031 0.127 0.017 0.032 0.034 0.009 0.037 0.089
63 L 0.049 0.023 0.016 0.017 0.016 0.018 0.021 0.023 0.011 0.17 0.243 0.027 0.074 0.047 0.015 0.028 0.038 0.007 0.022 0.136
64 D 0.04 0.029 0.068 0.406 0.007 0.029 0.09 0.046 0.018 0.022 0.028 0.044 0.009 0.015 0.022 0.051 0.035 0.004 0.011 0.024
65 L 0.047 0.021 0.014 0.016 0.016 0.015 0.019 0.021 0.009 0.188 0.272 0.024 0.042 0.048 0.014 0.025 0.037 0.006 0.021 0.143
66 L 0.039 0.022 0.015 0.016 0.014 0.014 0.019 0.023 0.013 0.092 0.271 0.022 0.039 0.196 0.013 0.024 0.03 0.011 0.049 0.078
67 I 0.056 0.019 0.015 0.017 0.017 0.014 0.02 0.022 0.008 0.232 0.15 0.024 0.034 0.04 0.015 0.028 0.043 0.006 0.02 0.218
68 F 0.048 0.022 0.017 0.017 0.014 0.015 0.022 0.025 0.014 0.102 0.131 0.024 0.052 0.218 0.013 0.029 0.035 0.011 0.054 0.136
69 L 0.051 0.022 0.015 0.015 0.135 0.015 0.019 0.024 0.009 0.1 0.283 0.024 0.039 0.044 0.015 0.029 0.035 0.006 0.019 0.101
70 F 0.033 0.019 0.017 0.017 0.01 0.01 0.019 0.025 0.017 0.062 0.113 0.019 0.025 0.396 0.01 0.025 0.025 0.017 0.087 0.054
71 L 0.044 0.024 0.014 0.015 0.016 0.016 0.02 0.021 0.01 0.114 0.385 0.025 0.049 0.054 0.014 0.024 0.033 0.007 0.022 0.095
72 F 0.069 0.022 0.019 0.02 0.015 0.015 0.023 0.03 0.013 0.103 0.112 0.025 0.026 0.214 0.015 0.037 0.054 0.011 0.053 0.123
73 S 0.09 0.034 0.044 0.04 0.016 0.027 0.043 0.055 0.018 0.038 0.059 0.045 0.018 0.114 0.025 0.18 0.067 0.008 0.035 0.045
74 Q 0.055 0.072 0.043 0.046 0.009 0.226 0.101 0.041 0.029 0.026 0.046 0.09 0.02 0.014 0.023 0.055 0.041 0.006 0.02 0.035
75 A 0.166 0.025 0.02 0.023 0.019 0.019 0.029 0.047 0.011 0.139 0.107 0.033 0.026 0.031 0.022 0.053 0.047 0.005 0.019 0.159
76 L 0.042 0.021 0.015 0.016 0.015 0.014 0.019 0.022 0.011 0.143 0.262 0.023 0.04 0.137 0.013 0.024 0.033 0.009 0.038 0.104
77 A 0.192 0.035 0.039 0.038 0.019 0.028 0.045 0.068 0.016 0.043 0.054 0.048 0.017 0.022 0.029 0.155 0.065 0.005 0.017 0.066
78 A 0.192 0.035 0.04 0.039 0.019 0.029 0.045 0.096 0.017 0.035 0.048 0.048 0.016 0.021 0.029 0.156 0.064 0.005 0.017 0.052
79 I 0.047 0.032 0.022 0.025 0.013 0.066 0.039 0.027 0.015 0.169 0.123 0.039 0.03 0.104 0.016 0.033 0.037 0.008 0.033 0.122
80 Q 0.12 0.049 0.032 0.035 0.014 0.124 0.066 0.046 0.02 0.064 0.07 0.062 0.022 0.021 0.023 0.057 0.045 0.006 0.02 0.104
81 T 0.074 0.038 0.116 0.051 0.015 0.03 0.044 0.054 0.019 0.039 0.05 0.049 0.016 0.021 0.026 0.121 0.161 0.005 0.017 0.052
82 D 0.052 0.064 0.048 0.146 0.008 0.093 0.142 0.041 0.023 0.024 0.038 0.124 0.014 0.015 0.024 0.053 0.038 0.005 0.016 0.03
83 T 0.072 0.035 0.043 0.037 0.018 0.027 0.039 0.043 0.014 0.053 0.064 0.045 0.019 0.023 0.027 0.091 0.258 0.006 0.018 0.07
84 L 0.049 0.025 0.022 0.021 0.015 0.017 0.024 0.028 0.013 0.084 0.2 0.028 0.033 0.159 0.016 0.042 0.087 0.01 0.043 0.085
85 Y 0.048 0.03 0.044 0.027 0.011 0.024 0.032 0.031 0.037 0.044 0.065 0.035 0.018 0.096 0.019 0.048 0.086 0.021 0.233 0.051
86 L 0.042 0.02 0.015 0.016 0.015 0.014 0.019 0.022 0.011 0.157 0.244 0.023 0.039 0.136 0.013 0.024 0.033 0.009 0.038 0.111
87 G 0.067 0.031 0.112 0.046 0.012 0.024 0.034 0.285 0.018 0.028 0.038 0.041 0.012 0.018 0.021 0.065 0.091 0.005 0.014 0.036
88 Y 0.038 0.025 0.02 0.018 0.009 0.019 0.025 0.025 0.039 0.048 0.079 0.028 0.02 0.196 0.014 0.029 0.027 0.025 0.268 0.048
89 L 0.058 0.021 0.021 0.021 0.015 0.016 0.021 0.146 0.01 0.151 0.179 0.027 0.032 0.038 0.016 0.032 0.037 0.006 0.018 0.137
90 G 0.077 0.027 0.036 0.032 0.014 0.021 0.03 0.28 0.014 0.045 0.12 0.036 0.021 0.027 0.02 0.089 0.043 0.006 0.015 0.046
91 G 0.093 0.031 0.046 0.041 0.014 0.026 0.038 0.291 0.016 0.024 0.035 0.043 0.012 0.018 0.024 0.141 0.055 0.005 0.014 0.033
92 Q 0.053 0.059 0.036 0.039 0.01 0.173 0.08 0.036 0.024 0.09 0.076 0.073 0.024 0.022 0.021 0.047 0.04 0.006 0.02 0.07
93 F 0.039 0.02 0.015 0.016 0.013 0.013 0.019 0.023 0.013 0.116 0.212 0.022 0.035 0.223 0.012 0.025 0.03 0.012 0.054 0.088
94 L 0.048 0.03 0.1 0.038 0.013 0.022 0.032 0.038 0.018 0.063 0.148 0.035 0.026 0.123 0.018 0.052 0.091 0.008 0.036 0.061
95 L 0.106 0.026 0.019 0.02 0.015 0.019 0.027 0.036 0.02 0.075 0.209 0.031 0.032 0.083 0.018 0.041 0.035 0.012 0.101 0.074
96 L 0.039 0.021 0.015 0.016 0.013 0.013 0.019 0.023 0.013 0.088 0.249 0.022 0.037 0.225 0.012 0.024 0.029 0.012 0.055 0.074
97 G 0.077 0.023 0.039 0.033 0.011 0.019 0.025 0.517 0.013 0.019 0.028 0.033 0.009 0.016 0.019 0.051 0.029 0.005 0.011 0.024
98 L 0.105 0.024 0.017 0.019 0.016 0.017 0.025 0.036 0.013 0.083 0.235 0.028 0.035 0.131 0.017 0.039 0.035 0.009 0.037 0.078
99 Y 0.04 0.028 0.021 0.018 0.009 0.021 0.028 0.025 0.046 0.043 0.067 0.031 0.018 0.129 0.015 0.031 0.028 0.028 0.328 0.046
100 C 0.113 0.028 0.029 0.029 0.136 0.022 0.033 0.048 0.013 0.056 0.136 0.036 0.024 0.029 0.022 0.107 0.052 0.005 0.017 0.063
101 F 0.033 0.019 0.017 0.017 0.01 0.01 0.019 0.025 0.017 0.062 0.113 0.019 0.025 0.396 0.01 0.025 0.025 0.017 0.087 0.054
102 L 0.044 0.024 0.014 0.015 0.016 0.016 0.02 0.021 0.01 0.114 0.385 0.025 0.049 0.054 0.014 0.024 0.033 0.007 0.022 0.095
103 K 0.056 0.106 0.041 0.041 0.008 0.053 0.07 0.043 0.02 0.027 0.043 0.289 0.015 0.015 0.027 0.053 0.039 0.005 0.017 0.032
104 F 0.04 0.028 0.024 0.021 0.011 0.02 0.028 0.026 0.092 0.062 0.152 0.029 0.027 0.158 0.014 0.03 0.028 0.016 0.139 0.056
105 N 0.041 0.043 0.226 0.062 0.009 0.029 0.043 0.053 0.027 0.033 0.052 0.064 0.015 0.112 0.018 0.056 0.042 0.008 0.034 0.034
106 L 0.041 0.023 0.015 0.015 0.015 0.015 0.02 0.022 0.012 0.101 0.317 0.023 0.043 0.139 0.013 0.024 0.031 0.009 0.038 0.085
107 L 0.047 0.036 0.021 0.023 0.014 0.069 0.04 0.026 0.015 0.092 0.3 0.041 0.042 0.044 0.016 0.032 0.035 0.007 0.022 0.08
108 R 0.056 0.13 0.035 0.032 0.012 0.036 0.046 0.037 0.018 0.049 0.117 0.12 0.023 0.046 0.022 0.065 0.076 0.006 0.022 0.052
109 G 0.054 0.042 0.119 0.142 0.009 0.077 0.066 0.167 0.023 0.022 0.033 0.055 0.012 0.016 0.021 0.056 0.038 0.005 0.014 0.027
110 P 0.068 0.031 0.105 0.044 0.132 0.025 0.038 0.049 0.018 0.03 0.043 0.042 0.013 0.018 0.142 0.096 0.05 0.004 0.014 0.039
111 K 0.053 0.065 0.034 0.051 0.01 0.046 0.136 0.034 0.019 0.089 0.071 0.151 0.02 0.023 0.023 0.046 0.038 0.005 0.018 0.067
112 T 0.076 0.05 0.038 0.036 0.016 0.032 0.046 0.044 0.015 0.068 0.069 0.103 0.02 0.024 0.025 0.102 0.107 0.005 0.018 0.106
113 L 0.055 0.025 0.022 0.022 0.016 0.017 0.025 0.028 0.012 0.098 0.172 0.029 0.031 0.127 0.017 0.043 0.091 0.009 0.037 0.125
114 I 0.046 0.019 0.014 0.017 0.016 0.014 0.018 0.02 0.009 0.24 0.22 0.024 0.039 0.046 0.014 0.024 0.038 0.006 0.021 0.154
115 K 0.059 0.091 0.041 0.043 0.01 0.049 0.078 0.042 0.02 0.031 0.046 0.236 0.016 0.017 0.027 0.059 0.075 0.005 0.017 0.039
116 G 0.087 0.038 0.046 0.055 0.013 0.037 0.109 0.171 0.019 0.025 0.037 0.054 0.013 0.018 0.026 0.142 0.057 0.005 0.015 0.034
117 L 0.109 0.022 0.017 0.02 0.017 0.017 0.024 0.035 0.01 0.18 0.194 0.029 0.035 0.041 0.018 0.039 0.04 0.006 0.02 0.128
118 F 0.036 0.02 0.016 0.016 0.012 0.012 0.019 0.024 0.015 0.075 0.181 0.02 0.031 0.31 0.011 0.025 0.027 0.014 0.071 0.064
119 L 0.061 0.035 0.104 0.041 0.014 0.027 0.037 0.045 0.019 0.066 0.163 0.042 0.062 0.035 0.02 0.09 0.05 0.006 0.02 0.063
120 L 0.05 0.028 0.023 0.021 0.015 0.02 0.027 0.027 0.02 0.081 0.225 0.031 0.034 0.065 0.018 0.042 0.088 0.012 0.097 0.076
121 F 0.036 0.02 0.016 0.016 0.012 0.012 0.019 0.024 0.015 0.075 0.181 0.02 0.031 0.31 0.011 0.025 0.027 0.014 0.071 0.064
122 L 0.061 0.025 0.024 0.025 0.016 0.019 0.027 0.032 0.012 0.177 0.189 0.031 0.034 0.04 0.018 0.076 0.048 0.006 0.02 0.121
123 I 0.048 0.021 0.017 0.018 0.016 0.015 0.02 0.022 0.009 0.221 0.212 0.025 0.038 0.044 0.015 0.03 0.056 0.006 0.02 0.146
124 F 0.035 0.021 0.018 0.017 0.01 0.013 0.021 0.025 0.024 0.058 0.101 0.022 0.023 0.329 0.012 0.026 0.026 0.019 0.148 0.052
125 L 0.047 0.023 0.016 0.017 0.016 0.017 0.021 0.022 0.011 0.194 0.227 0.027 0.074 0.047 0.015 0.027 0.038 0.007 0.022 0.133
126 L 0.05 0.02 0.015 0.016 0.135 0.014 0.018 0.024 0.009 0.138 0.25 0.023 0.038 0.043 0.015 0.028 0.035 0.006 0.019 0.105
127 V 0.052 0.022 0.018 0.018 0.014 0.016 0.023 0.024 0.02 0.111 0.11 0.025 0.027 0.149 0.015 0.03 0.037 0.014 0.114 0.162
128 Q 0.055 0.072 0.043 0.046 0.009 0.226 0.101 0.041 0.029 0.026 0.046 0.09 0.02 0.014 0.023 0.055 0.041 0.006 0.02 0.035
129 V 0.085 0.022 0.017 0.018 0.019 0.016 0.023 0.028 0.009 0.172 0.129 0.027 0.031 0.035 0.017 0.035 0.047 0.005 0.02 0.244
130 L 0.106 0.023 0.018 0.02 0.016 0.016 0.024 0.036 0.012 0.125 0.18 0.028 0.032 0.129 0.017 0.039 0.037 0.009 0.037 0.098
131 T 0.081 0.036 0.045 0.04 0.017 0.029 0.042 0.048 0.015 0.047 0.058 0.047 0.018 0.023 0.028 0.126 0.213 0.006 0.017 0.063
132 Q 0.055 0.072 0.043 0.046 0.009 0.226 0.101 0.041 0.029 0.026 0.046 0.09 0.02 0.014 0.023 0.055 0.041 0.006 0.02 0.035
133 L 0.044 0.028 0.024 0.021 0.014 0.021 0.027 0.025 0.098 0.133 0.243 0.03 0.037 0.045 0.015 0.028 0.033 0.007 0.03 0.097
134 L 0.042 0.104 0.021 0.02 0.013 0.022 0.027 0.025 0.015 0.12 0.177 0.046 0.031 0.128 0.015 0.029 0.033 0.009 0.037 0.088
135 F 0.035 0.021 0.018 0.017 0.01 0.013 0.021 0.025 0.024 0.058 0.101 0.022 0.023 0.329 0.012 0.026 0.026 0.019 0.148 0.052
136 P 0.054 0.043 0.025 0.03 0.011 0.027 0.04 0.034 0.014 0.09 0.07 0.098 0.018 0.021 0.261 0.041 0.037 0.004 0.016 0.067
137 T 0.076 0.042 0.039 0.037 0.016 0.076 0.054 0.043 0.017 0.068 0.07 0.053 0.022 0.023 0.024 0.103 0.107 0.006 0.019 0.106
138 G 0.077 0.023 0.039 0.033 0.011 0.019 0.025 0.517 0.013 0.019 0.028 0.033 0.009 0.016 0.019 0.051 0.029 0.005 0.011 0.024
139 F 0.033 0.019 0.017 0.017 0.01 0.01 0.019 0.025 0.017 0.062 0.113 0.019 0.025 0.396 0.01 0.025 0.025 0.017 0.087 0.054
140 D 0.04 0.029 0.068 0.406 0.007 0.029 0.09 0.046 0.018 0.022 0.028 0.044 0.009 0.015 0.022 0.051 0.035 0.004 0.011 0.024
141 L 0.077 0.03 0.034 0.032 0.017 0.024 0.035 0.043 0.014 0.113 0.158 0.039 0.029 0.035 0.022 0.128 0.058 0.006 0.019 0.088
142 L 0.054 0.039 0.029 0.028 0.015 0.071 0.045 0.031 0.016 0.077 0.22 0.046 0.034 0.036 0.02 0.049 0.091 0.006 0.02 0.074
143 N 0.042 0.044 0.188 0.059 0.008 0.035 0.049 0.05 0.18 0.023 0.036 0.048 0.013 0.029 0.019 0.054 0.038 0.007 0.051 0.026
144 P 0.115 0.025 0.021 0.027 0.014 0.02 0.032 0.042 0.012 0.094 0.074 0.037 0.018 0.023 0.261 0.049 0.04 0.004 0.016 0.076
145 Y 0.05 0.027 0.025 0.023 0.013 0.021 0.028 0.028 0.029 0.105 0.091 0.032 0.023 0.081 0.018 0.044 0.088 0.017 0.173 0.084
146 G 0.077 0.023 0.039 0.033 0.011 0.019 0.025 0.517 0.013 0.019 0.028 0.033 0.009 0.016 0.019 0.051 0.029 0.005 0.011 0.024
147 D 0.04 0.029 0.068 0.406 0.007 0.029 0.09 0.046 0.018 0.022 0.028 0.044 0.009 0.015 0.022 0.051 0.035 0.004 0.011 0.024
148 A 0.156 0.038 0.112 0.05 0.016 0.03 0.047 0.069 0.021 0.032 0.044 0.05 0.015 0.02 0.027 0.142 0.062 0.005 0.017 0.046
149 R 0.044 0.355 0.038 0.031 0.008 0.048 0.052 0.032 0.023 0.023 0.046 0.118 0.015 0.017 0.019 0.044 0.034 0.006 0.017 0.031
150 E 0.113 0.038 0.03 0.055 0.013 0.042 0.168 0.042 0.019 0.05 0.129 0.054 0.023 0.027 0.024 0.054 0.039 0.006 0.018 0.056
151 Y 0.04 0.028 0.021 0.018 0.009 0.021 0.028 0.025 0.046 0.043 0.067 0.031 0.018 0.129 0.015 0.031 0.028 0.028 0.328 0.046
152 F 0.033 0.019 0.017 0.017 0.01 0.01 0.019 0.025 0.017 0.062 0.113 0.019 0.025 0.396 0.01 0.025 0.025 0.017 0.087 0.054
153 L 0.044 0.024 0.014 0.015 0.016 0.016 0.02 0.021 0.01 0.114 0.385 0.025 0.049 0.054 0.014 0.024 0.033 0.007 0.022 0.095
154 G 0.077 0.023 0.039 0.033 0.011 0.019 0.025 0.517 0.013 0.019 0.028 0.033 0.009 0.016 0.019 0.051 0.029 0.005 0.011 0.024
155 R 0.044 0.355 0.038 0.031 0.008 0.048 0.052 0.032 0.023 0.023 0.046 0.118 0.015 0.017 0.019 0.044 0.034 0.006 0.017 0.031
156 K 0.056 0.106 0.041 0.041 0.008 0.053 0.07 0.043 0.02 0.027 0.043 0.289 0.015 0.015 0.027 0.053 0.039 0.005 0.017 0.032
157 N 0.042 0.044 0.327 0.082 0.009 0.033 0.049 0.064 0.031 0.022 0.031 0.053 0.011 0.018 0.02 0.069 0.049 0.004 0.015 0.027
158 A 0.237 0.027 0.023 0.026 0.02 0.022 0.034 0.063 0.013 0.102 0.085 0.039 0.022 0.027 0.026 0.069 0.047 0.005 0.018 0.094
159 L 0.117 0.03 0.025 0.025 0.018 0.024 0.032 0.042 0.013 0.077 0.175 0.037 0.065 0.037 0.022 0.059 0.095 0.007 0.02 0.081
160 T 0.072 0.035 0.043 0.037 0.018 0.027 0.039 0.043 0.014 0.053 0.064 0.045 0.019 0.023 0.027 0.091 0.258 0.006 0.018 0.07
161 P 0.056 0.025 0.023 0.031 0.01 0.02 0.036 0.036 0.013 0.025 0.036 0.041 0.01 0.013 0.501 0.043 0.036 0.003 0.013 0.031
162 Y 0.04 0.028 0.021 0.018 0.009 0.021 0.028 0.025 0.046 0.043 0.067 0.031 0.018 0.129 0.015 0.031 0.028 0.028 0.328 0.046
163 L 0.044 0.022 0.014 0.016 0.016 0.015 0.019 0.021 0.01 0.156 0.33 0.025 0.046 0.051 0.014 0.024 0.034 0.007 0.022 0.115
164 L 0.051 0.02 0.015 0.017 0.017 0.015 0.019 0.021 0.009 0.21 0.211 0.024 0.038 0.044 0.015 0.026 0.04 0.006 0.021 0.181
165 L 0.047 0.023 0.017 0.017 0.014 0.016 0.022 0.024 0.02 0.095 0.173 0.025 0.031 0.153 0.014 0.028 0.034 0.014 0.114 0.119
166 G 0.058 0.027 0.029 0.026 0.013 0.021 0.028 0.151 0.021 0.057 0.136 0.033 0.024 0.056 0.019 0.049 0.087 0.011 0.095 0.059
167 L 0.052 0.032 0.02 0.02 0.016 0.028 0.028 0.028 0.016 0.101 0.198 0.036 0.157 0.048 0.016 0.036 0.04 0.008 0.024 0.093
168 T 0.073 0.036 0.044 0.038 0.018 0.028 0.04 0.044 0.014 0.054 0.065 0.046 0.02 0.024 0.028 0.093 0.243 0.006 0.018 0.071
169 L 0.046 0.026 0.015 0.016 0.016 0.019 0.022 0.023 0.011 0.11 0.337 0.028 0.08 0.052 0.014 0.027 0.035 0.007 0.022 0.094
170 G 0.068 0.026 0.033 0.03 0.014 0.02 0.027 0.275 0.013 0.051 0.126 0.034 0.022 0.027 0.02 0.054 0.087 0.006 0.015 0.053
171 C 0.085 0.031 0.04 0.036 0.135 0.025 0.037 0.102 0.014 0.038 0.051 0.041 0.016 0.021 0.024 0.128 0.108 0.005 0.015 0.05
172 F 0.037 0.023 0.019 0.018 0.01 0.016 0.023 0.025 0.031 0.053 0.09 0.025 0.022 0.262 0.013 0.028 0.026 0.022 0.208 0.05
173 Y 0.04 0.028 0.021 0.018 0.009 0.021 0.028 0.025 0.046 0.043 0.067 0.031 0.018 0.129 0.015 0.031 0.028 0.028 0.328 0.046
174 L 0.043 0.025 0.016 0.016 0.014 0.017 0.022 0.022 0.019 0.096 0.305 0.026 0.041 0.073 0.014 0.026 0.032 0.012 0.098 0.083
175 L 0.046 0.03 0.02 0.033 0.014 0.028 0.092 0.024 0.014 0.091 0.298 0.037 0.04 0.045 0.017 0.032 0.034 0.007 0.021 0.079
176 N 0.05 0.037 0.178 0.054 0.013 0.027 0.039 0.048 0.021 0.053 0.128 0.044 0.023 0.028 0.02 0.063 0.097 0.005 0.018 0.054
177 K 0.049 0.075 0.115 0.05 0.008 0.044 0.06 0.047 0.109 0.025 0.038 0.169 0.014 0.02 0.023 0.054 0.038 0.006 0.027 0.028
178 K 0.052 0.078 0.048 0.134 0.008 0.09 0.083 0.043 0.022 0.026 0.04 0.178 0.015 0.015 0.025 0.053 0.038 0.005 0.016 0.031
179 L 0.05 0.028 0.018 0.019 0.016 0.024 0.025 0.026 0.014 0.145 0.187 0.032 0.139 0.047 0.016 0.033 0.04 0.007 0.023 0.112
180 N 0.066 0.041 0.119 0.051 0.013 0.033 0.048 0.052 0.107 0.032 0.044 0.049 0.015 0.023 0.024 0.108 0.103 0.006 0.027 0.04
181 K 0.053 0.154 0.04 0.05 0.008 0.054 0.124 0.038 0.022 0.025 0.042 0.193 0.015 0.016 0.025 0.051 0.037 0.005 0.017 0.032
182 F 0.039 0.102 0.022 0.02 0.011 0.02 0.027 0.026 0.016 0.107 0.109 0.045 0.025 0.213 0.014 0.03 0.031 0.011 0.053 0.078
183 L 0.046 0.02 0.014 0.017 0.016 0.014 0.018 0.021 0.009 0.226 0.238 0.024 0.04 0.047 0.014 0.024 0.037 0.006 0.021 0.148
184 S 0.092 0.041 0.122 0.057 0.015 0.033 0.051 0.065 0.022 0.027 0.039 0.053 0.014 0.02 0.027 0.191 0.073 0.005 0.017 0.038
185 L 0.041 0.022 0.017 0.017 0.013 0.015 0.021 0.023 0.02 0.125 0.183 0.024 0.032 0.156 0.014 0.026 0.031 0.014 0.114 0.092
186 K 0.066 0.151 0.043 0.04 0.01 0.046 0.061 0.046 0.021 0.027 0.043 0.187 0.015 0.017 0.026 0.095 0.048 0.005 0.017 0.034
187 E 0.055 0.055 0.041 0.078 0.008 0.104 0.256 0.036 0.026 0.023 0.039 0.078 0.015 0.016 0.025 0.055 0.037 0.006 0.017 0.032
188 L 0.051 0.02 0.015 0.017 0.017 0.015 0.019 0.021 0.009 0.21 0.211 0.024 0.038 0.044 0.015 0.026 0.04 0.006 0.021 0.181
189 I 0.053 0.022 0.022 0.022 0.016 0.017 0.023 0.026 0.01 0.21 0.158 0.029 0.033 0.039 0.018 0.041 0.093 0.006 0.02 0.141
190 F 0.036 0.02 0.016 0.016 0.012 0.012 0.019 0.024 0.015 0.075 0.181 0.02 0.031 0.31 0.011 0.025 0.027 0.014 0.071 0.064
191 L 0.044 0.022 0.014 0.016 0.016 0.015 0.019 0.021 0.01 0.156 0.33 0.025 0.046 0.051 0.014 0.024 0.034 0.007 0.022 0.115
192 L 0.06 0.025 0.027 0.026 0.015 0.019 0.025 0.15 0.011 0.117 0.161 0.032 0.028 0.034 0.019 0.048 0.09 0.006 0.018 0.091
193 L 0.04 0.022 0.015 0.016 0.014 0.014 0.02 0.022 0.012 0.097 0.294 0.023 0.041 0.168 0.013 0.024 0.03 0.01 0.044 0.081
194 G 0.086 0.026 0.031 0.029 0.014 0.019 0.029 0.146 0.015 0.047 0.072 0.033 0.019 0.146 0.02 0.059 0.106 0.009 0.039 0.054
195 G 0.073 0.027 0.034 0.03 0.014 0.021 0.029 0.251 0.013 0.053 0.15 0.035 0.024 0.03 0.019 0.082 0.042 0.006 0.016 0.051
196 L 0.04 0.02 0.015 0.016 0.014 0.013 0.019 0.022 0.012 0.134 0.216 0.022 0.036 0.194 0.013 0.025 0.031 0.011 0.049 0.098
197 L 0.048 0.023 0.014 0.016 0.016 0.016 0.02 0.021 0.01 0.136 0.324 0.025 0.045 0.05 0.014 0.025 0.036 0.007 0.022 0.132
198 S 0.147 0.036 0.044 0.041 0.018 0.029 0.045 0.063 0.017 0.038 0.051 0.049 0.017 0.021 0.029 0.159 0.117 0.005 0.017 0.055
199 L 0.042 0.021 0.015 0.016 0.015 0.014 0.019 0.022 0.011 0.143 0.262 0.023 0.04 0.137 0.013 0.024 0.033 0.009 0.038 0.104
200 L 0.039 0.021 0.015 0.016 0.013 0.013 0.019 0.023 0.013 0.088 0.249 0.022 0.037 0.225 0.012 0.024 0.029 0.012 0.055 0.074
201 T 0.09 0.037 0.048 0.043 0.017 0.03 0.045 0.054 0.016 0.041 0.053 0.049 0.017 0.022 0.028 0.161 0.169 0.005 0.017 0.056
202 Q 0.065 0.057 0.117 0.056 0.011 0.13 0.076 0.053 0.027 0.026 0.041 0.072 0.017 0.017 0.024 0.103 0.053 0.005 0.018 0.034
203 S 0.108 0.04 0.053 0.048 0.017 0.033 0.052 0.065 0.019 0.029 0.041 0.053 0.015 0.021 0.029 0.231 0.081 0.005 0.017 0.041
204 S 0.156 0.037 0.046 0.043 0.018 0.031 0.049 0.068 0.018 0.033 0.046 0.051 0.016 0.021 0.029 0.195 0.073 0.005 0.017 0.048
205 T 0.072 0.035 0.043 0.037 0.018 0.027 0.039 0.043 0.014 0.053 0.064 0.045 0.019 0.023 0.027 0.091 0.258 0.006 0.018 0.07
206 A 0.186 0.033 0.034 0.033 0.019 0.026 0.039 0.06 0.014 0.048 0.061 0.044 0.018 0.022 0.028 0.088 0.153 0.006 0.017 0.069
207 L 0.045 0.021 0.014 0.016 0.016 0.015 0.019 0.021 0.009 0.198 0.275 0.024 0.043 0.049 0.014 0.024 0.036 0.006 0.021 0.134
208 L 0.046 0.024 0.016 0.017 0.016 0.018 0.021 0.022 0.011 0.152 0.282 0.027 0.077 0.05 0.015 0.027 0.036 0.007 0.022 0.114
209 C 0.066 0.021 0.023 0.021 0.373 0.016 0.022 0.035 0.009 0.046 0.064 0.026 0.017 0.021 0.019 0.053 0.091 0.004 0.013 0.06
210 F 0.054 0.026 0.027 0.025 0.012 0.019 0.029 0.035 0.025 0.049 0.083 0.03 0.021 0.235 0.016 0.078 0.04 0.017 0.13 0.049
211 I 0.116 0.022 0.021 0.023 0.017 0.017 0.025 0.104 0.011 0.175 0.117 0.03 0.027 0.033 0.019 0.044 0.041 0.006 0.018 0.135
212 L 0.067 0.03 0.031 0.029 0.017 0.023 0.033 0.038 0.013 0.076 0.211 0.037 0.032 0.047 0.021 0.093 0.101 0.006 0.021 0.074
213 F 0.033 0.019 0.017 0.017 0.01 0.01 0.019 0.025 0.017 0.062 0.113 0.019 0.025 0.396 0.01 0.025 0.025 0.017 0.087 0.054
214 L 0.051 0.02 0.015 0.017 0.017 0.015 0.019 0.021 0.009 0.21 0.211 0.024 0.038 0.044 0.015 0.026 0.04 0.006 0.021 0.181
215 F 0.036 0.02 0.016 0.016 0.012 0.012 0.019 0.024 0.015 0.075 0.181 0.02 0.031 0.31 0.011 0.025 0.027 0.014 0.071 0.064
216 L 0.043 0.02 0.015 0.017 0.015 0.014 0.019 0.022 0.011 0.175 0.209 0.023 0.044 0.134 0.013 0.025 0.034 0.009 0.038 0.12
217 R 0.044 0.354 0.038 0.031 0.008 0.048 0.052 0.032 0.023 0.023 0.046 0.118 0.015 0.017 0.019 0.044 0.034 0.006 0.017 0.031
218 F 0.037 0.021 0.016 0.016 0.012 0.013 0.02 0.024 0.015 0.078 0.189 0.022 0.042 0.281 0.012 0.026 0.028 0.014 0.066 0.067
219 L 0.038 0.022 0.015 0.016 0.012 0.015 0.02 0.024 0.013 0.08 0.228 0.023 0.038 0.141 0.012 0.024 0.028 0.133 0.05 0.068
220 G 0.075 0.025 0.038 0.033 0.052 0.02 0.028 0.358 0.013 0.029 0.04 0.035 0.012 0.018 0.021 0.06 0.087 0.005 0.012 0.038
221 L 0.057 0.027 0.024 0.024 0.015 0.019 0.028 0.033 0.014 0.08 0.231 0.03 0.035 0.131 0.017 0.076 0.043 0.009 0.037 0.071
222 R 0.064 0.193 0.043 0.038 0.01 0.046 0.058 0.044 0.021 0.026 0.044 0.159 0.015 0.017 0.024 0.094 0.048 0.005 0.017 0.034
223 E 0.051 0.058 0.047 0.156 0.008 0.052 0.193 0.039 0.022 0.023 0.036 0.12 0.012 0.016 0.025 0.053 0.037 0.005 0.015 0.029
224 V 0.056 0.111 0.099 0.037 0.014 0.028 0.037 0.036 0.018 0.092 0.083 0.056 0.022 0.026 0.018 0.044 0.045 0.005 0.018 0.154
225 L 0.051 0.02 0.015 0.017 0.017 0.015 0.019 0.021 0.009 0.21 0.211 0.024 0.038 0.044 0.015 0.026 0.04 0.006 0.021 0.181
226 G 0.085 0.03 0.04 0.037 0.015 0.024 0.036 0.167 0.015 0.09 0.069 0.041 0.019 0.025 0.023 0.135 0.058 0.005 0.016 0.07
227 N 0.049 0.061 0.184 0.073 0.008 0.046 0.118 0.051 0.027 0.023 0.035 0.117 0.013 0.017 0.023 0.061 0.043 0.005 0.016 0.029
228 L 0.109 0.05 0.035 0.035 0.015 0.032 0.046 0.049 0.016 0.049 0.113 0.104 0.022 0.026 0.052 0.1 0.068 0.005 0.018 0.056
229 Y 0.04 0.028 0.021 0.018 0.009 0.021 0.028 0.025 0.046 0.043 0.067 0.031 0.018 0.129 0.015 0.031 0.028 0.028 0.328 0.046
230 L 0.066 0.032 0.045 0.127 0.015 0.026 0.05 0.044 0.015 0.054 0.129 0.042 0.023 0.028 0.023 0.1 0.102 0.005 0.017 0.057
231 L 0.05 0.065 0.027 0.028 0.012 0.034 0.045 0.032 0.015 0.07 0.214 0.157 0.032 0.035 0.021 0.038 0.036 0.006 0.02 0.064
232 I 0.054 0.04 0.022 0.023 0.015 0.024 0.032 0.027 0.011 0.188 0.125 0.09 0.03 0.034 0.018 0.034 0.042 0.006 0.019 0.165
233 R 0.073 0.113 0.038 0.033 0.015 0.031 0.041 0.041 0.016 0.067 0.07 0.061 0.02 0.024 0.023 0.1 0.105 0.006 0.018 0.105
234 L 0.116 0.026 0.019 0.02 0.018 0.02 0.027 0.037 0.012 0.114 0.19 0.032 0.06 0.039 0.019 0.043 0.043 0.006 0.021 0.138
235 L 0.103 0.027 0.025 0.025 0.017 0.02 0.029 0.038 0.012 0.123 0.169 0.034 0.031 0.036 0.021 0.056 0.106 0.006 0.019 0.102
236 L 0.073 0.026 0.025 0.025 0.017 0.02 0.028 0.034 0.012 0.143 0.178 0.032 0.033 0.038 0.019 0.08 0.05 0.006 0.02 0.142
237 Y 0.042 0.025 0.02 0.018 0.011 0.019 0.025 0.023 0.037 0.103 0.092 0.029 0.023 0.108 0.015 0.029 0.03 0.022 0.251 0.078
238 L 0.112 0.025 0.017 0.019 0.018 0.018 0.025 0.036 0.011 0.118 0.242 0.03 0.037 0.042 0.018 0.04 0.04 0.006 0.02 0.125
239 V 0.055 0.021 0.018 0.018 0.12 0.016 0.021 0.039 0.018 0.132 0.105 0.025 0.025 0.057 0.016 0.032 0.038 0.011 0.095 0.138
240 F 0.036 0.02 0.016 0.016 0.012 0.012 0.019 0.024 0.015 0.075 0.181 0.02 0.031 0.31 0.011 0.025 0.027 0.014 0.071 0.064
241 S 0.092 0.036 0.043 0.04 0.017 0.029 0.044 0.054 0.017 0.05 0.127 0.046 0.024 0.029 0.025 0.18 0.069 0.006 0.018 0.055
242 L 0.063 0.026 0.025 0.024 0.015 0.019 0.028 0.034 0.014 0.089 0.152 0.03 0.029 0.145 0.017 0.078 0.046 0.009 0.04 0.115
243 L 0.131 0.032 0.034 0.032 0.018 0.025 0.038 0.052 0.014 0.06 0.137 0.042 0.025 0.03 0.025 0.108 0.105 0.006 0.018 0.068
244 I 0.043 0.018 0.015 0.017 0.015 0.012 0.018 0.021 0.011 0.227 0.152 0.022 0.033 0.132 0.013 0.025 0.036 0.009 0.037 0.144
245 L 0.044 0.022 0.014 0.016 0.016 0.015 0.019 0.021 0.01 0.156 0.33 0.025 0.046 0.051 0.014 0.024 0.034 0.007 0.022 0.115
246 F 0.071 0.029 0.035 0.032 0.014 0.022 0.035 0.045 0.018 0.046 0.077 0.036 0.02 0.208 0.02 0.128 0.053 0.011 0.052 0.048
247 S 0.11 0.04 0.054 0.049 0.018 0.033 0.053 0.067 0.019 0.03 0.042 0.054 0.016 0.021 0.03 0.216 0.082 0.005 0.018 0.042
248 T 0.073 0.036 0.044 0.038 0.018 0.028 0.04 0.044 0.014 0.054 0.065 0.046 0.02 0.024 0.028 0.093 0.243 0.006 0.018 0.071
249 G 0.079 0.023 0.039 0.034 0.011 0.019 0.026 0.508 0.014 0.019 0.028 0.034 0.009 0.016 0.019 0.052 0.03 0.005 0.011 0.024
250 S 0.11 0.04 0.054 0.049 0.018 0.033 0.053 0.067 0.019 0.03 0.042 0.054 0.016 0.021 0.03 0.216 0.082 0.005 0.018 0.042
251 S 0.126 0.035 0.042 0.039 0.018 0.028 0.043 0.057 0.016 0.051 0.067 0.046 0.019 0.024 0.027 0.149 0.116 0.005 0.018 0.074
252 E 0.052 0.06 0.113 0.066 0.008 0.137 0.14 0.045 0.029 0.024 0.04 0.077 0.016 0.016 0.023 0.058 0.042 0.005 0.018 0.032
253 S 0.092 0.041 0.122 0.057 0.015 0.033 0.051 0.065 0.022 0.027 0.039 0.053 0.014 0.02 0.027 0.191 0.073 0.005 0.017 0.038
254 P 0.076 0.03 0.034 0.033 0.016 0.024 0.037 0.042 0.013 0.067 0.067 0.041 0.019 0.023 0.143 0.1 0.106 0.005 0.017 0.105
255 L 0.049 0.02 0.015 0.017 0.016 0.014 0.02 0.022 0.01 0.173 0.202 0.024 0.036 0.103 0.014 0.026 0.038 0.008 0.032 0.161
256 F 0.045 0.021 0.016 0.016 0.014 0.013 0.02 0.024 0.013 0.1 0.185 0.022 0.033 0.22 0.013 0.027 0.033 0.011 0.054 0.121
257 S 0.079 0.135 0.046 0.042 0.013 0.041 0.056 0.051 0.02 0.027 0.043 0.128 0.015 0.018 0.026 0.14 0.059 0.005 0.017 0.036
258 I 0.059 0.045 0.028 0.028 0.015 0.027 0.037 0.032 0.013 0.141 0.103 0.095 0.026 0.03 0.021 0.05 0.095 0.006 0.019 0.13
259 I 0.043 0.019 0.015 0.017 0.015 0.013 0.018 0.022 0.011 0.199 0.189 0.022 0.036 0.133 0.013 0.025 0.035 0.009 0.037 0.131
260 T 0.076 0.035 0.04 0.035 0.017 0.029 0.039 0.045 0.015 0.058 0.091 0.045 0.057 0.029 0.025 0.112 0.159 0.006 0.019 0.068
261 G 0.136 0.026 0.036 0.033 0.014 0.021 0.031 0.37 0.014 0.025 0.037 0.038 0.012 0.018 0.022 0.074 0.039 0.005 0.013 0.036
262 I 0.046 0.019 0.014 0.017 0.016 0.014 0.018 0.02 0.009 0.235 0.226 0.024 0.04 0.046 0.014 0.024 0.037 0.006 0.021 0.152
263 F 0.036 0.02 0.016 0.016 0.012 0.012 0.019 0.024 0.015 0.075 0.181 0.02 0.031 0.31 0.011 0.025 0.027 0.014 0.071 0.064
264 G 0.065 0.031 0.109 0.045 0.012 0.024 0.036 0.168 0.02 0.033 0.053 0.04 0.015 0.113 0.02 0.094 0.046 0.008 0.033 0.037
265 K 0.058 0.147 0.04 0.036 0.009 0.043 0.054 0.159 0.019 0.024 0.04 0.182 0.014 0.016 0.023 0.05 0.035 0.005 0.015 0.03
266 D 0.045 0.052 0.126 0.234 0.008 0.036 0.075 0.05 0.022 0.023 0.032 0.108 0.011 0.016 0.023 0.056 0.039 0.004 0.014 0.027
267 V 0.133 0.028 0.027 0.028 0.019 0.022 0.033 0.047 0.013 0.119 0.095 0.037 0.025 0.029 0.022 0.094 0.055 0.005 0.019 0.15
268 T 0.081 0.036 0.045 0.04 0.017 0.029 0.042 0.048 0.015 0.047 0.058 0.047 0.018 0.023 0.028 0.126 0.213 0.006 0.017 0.063
269 F 0.033 0.019 0.017 0.017 0.01 0.01 0.019 0.025 0.017 0.062 0.113 0.019 0.025 0.396 0.01 0.025 0.025 0.017 0.087 0.054
270 S 0.108 0.04 0.053 0.048 0.017 0.033 0.052 0.065 0.019 0.029 0.041 0.053 0.015 0.021 0.029 0.231 0.081 0.005 0.017 0.041
271 G 0.077 0.023 0.039 0.033 0.011 0.019 0.025 0.517 0.013 0.019 0.028 0.033 0.009 0.016 0.019 0.051 0.029 0.005 0.011 0.024
272 R 0.044 0.355 0.038 0.031 0.008 0.048 0.052 0.032 0.023 0.023 0.046 0.118 0.015 0.017 0.019 0.044 0.034 0.006 0.017 0.031
273 L 0.052 0.025 0.021 0.021 0.016 0.018 0.024 0.026 0.011 0.14 0.25 0.029 0.038 0.044 0.017 0.041 0.091 0.006 0.02 0.108
274 E 0.065 0.051 0.116 0.066 0.011 0.089 0.127 0.051 0.026 0.025 0.039 0.068 0.015 0.017 0.024 0.102 0.052 0.005 0.017 0.033
275 I 0.046 0.017 0.014 0.017 0.016 0.013 0.017 0.02 0.009 0.282 0.165 0.023 0.036 0.044 0.014 0.025 0.039 0.006 0.02 0.174
276 W 0.03 0.022 0.015 0.015 0.007 0.015 0.022 0.03 0.015 0.03 0.052 0.022 0.015 0.06 0.007 0.022 0.022 0.5 0.067 0.03
277 D 0.065 0.053 0.052 0.137 0.01 0.129 0.086 0.048 0.024 0.026 0.04 0.069 0.016 0.016 0.024 0.098 0.049 0.005 0.017 0.034
278 L 0.047 0.036 0.021 0.023 0.014 0.069 0.04 0.026 0.015 0.092 0.3 0.041 0.042 0.044 0.016 0.032 0.035 0.007 0.022 0.08
279 A 0.301 0.031 0.025 0.029 0.021 0.025 0.04 0.077 0.015 0.043 0.059 0.044 0.017 0.021 0.029 0.084 0.049 0.005 0.017 0.068
280 I 0.046 0.017 0.014 0.017 0.016 0.013 0.017 0.02 0.009 0.282 0.165 0.023 0.036 0.044 0.014 0.025 0.039 0.006 0.02 0.174
281 R 0.087 0.191 0.028 0.026 0.013 0.034 0.04 0.037 0.018 0.055 0.145 0.076 0.037 0.03 0.019 0.045 0.037 0.006 0.019 0.058
282 Y 0.041 0.023 0.018 0.018 0.012 0.017 0.023 0.023 0.029 0.108 0.125 0.026 0.026 0.146 0.014 0.028 0.031 0.019 0.185 0.086
283 F 0.033 0.019 0.017 0.017 0.01 0.01 0.019 0.025 0.017 0.062 0.113 0.019 0.025 0.396 0.01 0.025 0.025 0.017 0.087 0.054
284 K 0.056 0.089 0.041 0.053 0.008 0.07 0.132 0.04 0.022 0.026 0.041 0.219 0.015 0.015 0.026 0.053 0.039 0.005 0.017 0.032
285 E 0.059 0.066 0.042 0.066 0.009 0.085 0.192 0.04 0.024 0.024 0.04 0.129 0.015 0.016 0.026 0.069 0.041 0.005 0.017 0.033
286 N 0.042 0.044 0.327 0.082 0.009 0.033 0.049 0.064 0.031 0.022 0.031 0.053 0.011 0.018 0.02 0.069 0.049 0.004 0.015 0.027
287 F 0.042 0.022 0.018 0.02 0.012 0.014 0.023 0.027 0.014 0.066 0.161 0.026 0.027 0.215 0.134 0.029 0.03 0.011 0.052 0.058
288 W 0.038 0.022 0.015 0.018 0.012 0.016 0.028 0.025 0.012 0.114 0.163 0.025 0.029 0.053 0.011 0.024 0.03 0.239 0.043 0.082
289 F 0.032 0.02 0.016 0.016 0.01 0.012 0.02 0.026 0.016 0.054 0.097 0.02 0.023 0.312 0.01 0.024 0.024 0.137 0.082 0.048
290 G 0.077 0.023 0.039 0.033 0.011 0.019 0.025 0.517 0.013 0.019 0.028 0.033 0.009 0.016 0.019 0.051 0.029 0.005 0.011 0.024
291 A 0.107 0.1 0.103 0.041 0.012 0.032 0.043 0.05 0.029 0.033 0.051 0.071 0.015 0.046 0.021 0.057 0.04 0.011 0.094 0.043
292 G 0.077 0.023 0.039 0.033 0.011 0.019 0.025 0.517 0.013 0.019 0.028 0.033 0.009 0.016 0.019 0.051 0.029 0.005 0.011 0.024
293 L 0.044 0.024 0.014 0.015 0.016 0.016 0.02 0.021 0.01 0.118 0.379 0.025 0.049 0.054 0.014 0.024 0.033 0.007 0.022 0.097
294 N 0.066 0.038 0.191 0.173 0.01 0.032 0.067 0.057 0.024 0.026 0.035 0.049 0.012 0.018 0.022 0.066 0.062 0.004 0.014 0.033
295 L 0.05 0.021 0.015 0.016 0.017 0.015 0.02 0.021 0.009 0.174 0.268 0.025 0.042 0.047 0.015 0.026 0.038 0.006 0.021 0.155
296 N 0.066 0.04 0.173 0.08 0.013 0.031 0.049 0.058 0.023 0.032 0.042 0.051 0.014 0.02 0.024 0.114 0.108 0.005 0.016 0.041
297 F 0.033 0.019 0.017 0.017 0.01 0.01 0.019 0.025 0.017 0.062 0.113 0.019 0.025 0.396 0.01 0.025 0.025 0.017 0.087 0.054
298 V 0.06 0.03 0.101 0.039 0.015 0.023 0.033 0.04 0.016 0.128 0.095 0.037 0.024 0.03 0.02 0.066 0.084 0.005 0.018 0.135
299 P 0.117 0.027 0.024 0.03 0.013 0.022 0.037 0.046 0.013 0.03 0.041 0.041 0.012 0.015 0.383 0.053 0.039 0.003 0.014 0.04
300 W 0.03 0.022 0.015 0.015 0.007 0.015 0.022 0.03 0.015 0.03 0.052 0.022 0.015 0.06 0.007 0.022 0.022 0.5 0.067 0.03
301 T 0.072 0.035 0.043 0.037 0.018 0.027 0.039 0.043 0.014 0.053 0.064 0.045 0.019 0.023 0.027 0.091 0.258 0.006 0.018 0.07
302 N 0.042 0.044 0.327 0.082 0.009 0.033 0.049 0.064 0.031 0.022 0.031 0.053 0.011 0.018 0.02 0.069 0.049 0.004 0.015 0.027
303 G 0.085 0.027 0.042 0.037 0.012 0.022 0.032 0.404 0.015 0.021 0.031 0.038 0.011 0.017 0.021 0.096 0.042 0.005 0.012 0.028
304 L 0.113 0.023 0.017 0.02 0.018 0.017 0.025 0.035 0.01 0.16 0.187 0.029 0.034 0.039 0.018 0.041 0.042 0.006 0.02 0.145
305 I 0.056 0.019 0.015 0.017 0.017 0.014 0.02 0.022 0.008 0.232 0.15 0.024 0.034 0.04 0.015 0.028 0.043 0.006 0.02 0.218
306 V 0.069 0.022 0.016 0.018 0.019 0.016 0.023 0.024 0.008 0.162 0.128 0.026 0.031 0.035 0.016 0.032 0.049 0.005 0.02 0.28
307 N 0.042 0.04 0.251 0.066 0.009 0.03 0.043 0.054 0.035 0.027 0.04 0.048 0.013 0.046 0.019 0.059 0.043 0.01 0.094 0.031
308 T 0.09 0.037 0.048 0.043 0.017 0.03 0.045 0.054 0.016 0.041 0.053 0.049 0.017 0.022 0.028 0.161 0.169 0.005 0.017 0.056
309 A 0.301 0.031 0.025 0.029 0.021 0.025 0.04 0.077 0.015 0.043 0.059 0.044 0.017 0.021 0.029 0.084 0.049 0.005 0.017 0.068
310 H 0.041 0.045 0.053 0.038 0.007 0.038 0.053 0.038 0.365 0.023 0.038 0.045 0.015 0.03 0.019 0.041 0.026 0.007 0.056 0.023
311 N 0.042 0.044 0.327 0.082 0.009 0.033 0.049 0.064 0.031 0.022 0.031 0.053 0.011 0.018 0.02 0.069 0.049 0.004 0.015 0.027
312 Y 0.055 0.031 0.032 0.028 0.013 0.023 0.032 0.034 0.027 0.049 0.07 0.037 0.019 0.098 0.021 0.061 0.142 0.016 0.153 0.059
313 L 0.044 0.024 0.014 0.015 0.016 0.016 0.02 0.021 0.01 0.114 0.385 0.025 0.049 0.054 0.014 0.024 0.033 0.007 0.022 0.095
314 L 0.041 0.023 0.015 0.015 0.015 0.015 0.02 0.022 0.012 0.101 0.317 0.023 0.043 0.139 0.013 0.024 0.031 0.009 0.038 0.085
315 D 0.04 0.029 0.068 0.406 0.007 0.029 0.09 0.046 0.018 0.022 0.028 0.044 0.009 0.015 0.022 0.051 0.035 0.004 0.011 0.024
316 L 0.045 0.021 0.014 0.016 0.016 0.015 0.019 0.021 0.009 0.198 0.275 0.024 0.043 0.049 0.014 0.024 0.036 0.006 0.021 0.134
317 L 0.108 0.026 0.017 0.019 0.017 0.018 0.025 0.035 0.011 0.096 0.303 0.03 0.041 0.046 0.018 0.039 0.037 0.007 0.021 0.088
318 A 0.301 0.031 0.025 0.029 0.021 0.025 0.04 0.077 0.015 0.043 0.059 0.044 0.017 0.021 0.029 0.084 0.049 0.005 0.017 0.068
319 R 0.044 0.355 0.038 0.031 0.008 0.048 0.052 0.032 0.023 0.023 0.046 0.118 0.015 0.017 0.019 0.044 0.034 0.006 0.017 0.031
320 F 0.045 0.025 0.024 0.022 0.012 0.017 0.026 0.029 0.023 0.055 0.089 0.028 0.022 0.236 0.016 0.043 0.084 0.017 0.13 0.056
