#Seq2Logo.py -f /work3/idamei/ssn-clusterings/2206011120/clusters/0012_182/sequences.afa -m 0.0001 -b 50 -o /work3/idamei/ssn-clusterings/2206011120/clusters/0012_182/sequences.logo -p 640x1000 -l 30
#Position Specific Frequency Matrix
A R N D C Q E G H I L K M F P S T W Y V
0 M 0.049 0.03 0.019 0.019 0.015 0.026 0.026 0.026 0.015 0.093 0.183 0.034 0.219 0.045 0.015 0.034 0.037 0.007 0.022 0.086
1 I 0.048 0.018 0.015 0.018 0.016 0.014 0.018 0.021 0.009 0.26 0.17 0.024 0.037 0.045 0.015 0.025 0.04 0.006 0.021 0.179
2 N 0.043 0.046 0.306 0.084 0.009 0.034 0.05 0.066 0.032 0.023 0.032 0.055 0.011 0.018 0.021 0.071 0.05 0.005 0.016 0.027
3 N 0.043 0.046 0.306 0.084 0.009 0.034 0.05 0.066 0.032 0.023 0.032 0.055 0.011 0.018 0.021 0.071 0.05 0.005 0.016 0.027
4 G 0.079 0.023 0.04 0.034 0.011 0.019 0.026 0.503 0.014 0.019 0.029 0.034 0.01 0.016 0.019 0.052 0.03 0.005 0.011 0.025
5 W 0.031 0.023 0.015 0.015 0.008 0.015 0.023 0.031 0.015 0.031 0.054 0.023 0.015 0.062 0.008 0.023 0.023 0.485 0.069 0.031
6 F 0.034 0.019 0.017 0.017 0.011 0.011 0.019 0.026 0.017 0.064 0.116 0.019 0.026 0.378 0.011 0.026 0.026 0.017 0.09 0.056
7 F 0.034 0.019 0.017 0.017 0.011 0.011 0.019 0.026 0.017 0.064 0.116 0.019 0.026 0.378 0.011 0.026 0.026 0.017 0.09 0.056
8 N 0.043 0.046 0.306 0.084 0.009 0.034 0.05 0.066 0.032 0.023 0.032 0.055 0.011 0.018 0.021 0.071 0.05 0.005 0.016 0.027
9 L 0.053 0.033 0.02 0.02 0.016 0.029 0.029 0.029 0.016 0.102 0.2 0.037 0.148 0.049 0.016 0.037 0.041 0.008 0.024 0.094
10 R 0.054 0.113 0.1 0.042 0.01 0.037 0.049 0.044 0.091 0.028 0.056 0.108 0.015 0.025 0.021 0.088 0.042 0.006 0.039 0.032
11 T 0.053 0.041 0.054 0.107 0.012 0.028 0.047 0.037 0.032 0.092 0.068 0.09 0.019 0.023 0.021 0.056 0.12 0.005 0.018 0.077
12 L 0.092 0.033 0.049 0.044 0.014 0.031 0.1 0.042 0.016 0.078 0.136 0.045 0.024 0.029 0.022 0.095 0.06 0.005 0.018 0.067
13 G 0.06 0.031 0.057 0.033 0.013 0.022 0.029 0.223 0.014 0.121 0.086 0.056 0.021 0.028 0.018 0.043 0.037 0.005 0.016 0.086
14 T 0.074 0.036 0.044 0.038 0.018 0.028 0.04 0.044 0.014 0.054 0.066 0.046 0.02 0.024 0.028 0.094 0.235 0.006 0.018 0.072
15 A 0.279 0.031 0.026 0.03 0.022 0.026 0.041 0.079 0.015 0.044 0.06 0.045 0.018 0.022 0.03 0.086 0.051 0.005 0.018 0.07
16 V 0.071 0.022 0.017 0.018 0.019 0.017 0.024 0.025 0.008 0.167 0.132 0.026 0.032 0.036 0.017 0.033 0.05 0.006 0.021 0.258
17 Y 0.041 0.028 0.022 0.019 0.009 0.022 0.028 0.025 0.047 0.044 0.07 0.032 0.019 0.133 0.016 0.032 0.028 0.028 0.307 0.047
18 Q 0.057 0.075 0.045 0.048 0.009 0.203 0.104 0.042 0.03 0.027 0.048 0.093 0.021 0.015 0.024 0.057 0.042 0.006 0.021 0.036
19 A 0.279 0.031 0.026 0.03 0.022 0.026 0.041 0.079 0.015 0.044 0.06 0.045 0.018 0.022 0.03 0.086 0.051 0.005 0.018 0.07
20 K 0.066 0.072 0.043 0.04 0.013 0.041 0.056 0.044 0.017 0.041 0.055 0.158 0.018 0.02 0.028 0.074 0.139 0.006 0.018 0.052
21 L 0.052 0.031 0.027 0.037 0.011 0.03 0.097 0.031 0.024 0.048 0.127 0.042 0.021 0.054 0.102 0.061 0.037 0.011 0.11 0.048
22 L 0.042 0.031 0.164 0.043 0.012 0.023 0.031 0.039 0.019 0.081 0.226 0.036 0.03 0.036 0.016 0.042 0.039 0.006 0.018 0.066
23 N 0.055 0.038 0.222 0.067 0.01 0.029 0.042 0.213 0.026 0.021 0.031 0.047 0.011 0.017 0.02 0.064 0.043 0.005 0.014 0.026
24 K 0.058 0.082 0.037 0.037 0.011 0.043 0.057 0.04 0.018 0.047 0.102 0.195 0.022 0.024 0.025 0.055 0.073 0.006 0.018 0.05
25 K 0.058 0.108 0.042 0.042 0.009 0.054 0.072 0.044 0.021 0.028 0.044 0.271 0.016 0.016 0.028 0.054 0.04 0.005 0.017 0.033
26 I 0.061 0.104 0.029 0.028 0.014 0.025 0.033 0.034 0.014 0.156 0.114 0.051 0.026 0.031 0.019 0.094 0.047 0.005 0.018 0.097
27 W 0.043 0.047 0.03 0.06 0.008 0.035 0.106 0.032 0.026 0.03 0.048 0.101 0.015 0.055 0.018 0.039 0.03 0.125 0.12 0.033
28 K 0.102 0.071 0.125 0.047 0.01 0.04 0.055 0.052 0.021 0.027 0.04 0.2 0.014 0.016 0.024 0.059 0.041 0.005 0.016 0.035
29 L 0.041 0.027 0.109 0.032 0.013 0.019 0.026 0.031 0.015 0.123 0.265 0.031 0.034 0.04 0.015 0.034 0.036 0.006 0.019 0.086
30 I 0.046 0.018 0.014 0.016 0.015 0.013 0.018 0.021 0.009 0.236 0.139 0.022 0.031 0.11 0.013 0.025 0.037 0.007 0.031 0.179
31 F 0.053 0.02 0.016 0.016 0.012 0.013 0.02 0.025 0.015 0.081 0.147 0.021 0.027 0.273 0.012 0.028 0.03 0.013 0.072 0.105
32 L 0.04 0.02 0.014 0.015 0.014 0.013 0.018 0.02 0.01 0.157 0.29 0.022 0.039 0.117 0.013 0.023 0.031 0.008 0.032 0.103
33 L 0.04 0.022 0.015 0.016 0.013 0.015 0.02 0.022 0.013 0.099 0.237 0.023 0.068 0.186 0.012 0.025 0.03 0.01 0.043 0.089
34 G 0.078 0.026 0.037 0.033 0.013 0.021 0.031 0.263 0.014 0.086 0.061 0.036 0.017 0.023 0.02 0.114 0.047 0.005 0.014 0.061
35 S 0.111 0.041 0.055 0.049 0.018 0.034 0.053 0.067 0.019 0.03 0.042 0.055 0.016 0.021 0.03 0.212 0.083 0.005 0.018 0.042
36 L 0.045 0.025 0.014 0.015 0.016 0.016 0.02 0.022 0.01 0.117 0.369 0.026 0.05 0.055 0.014 0.025 0.034 0.007 0.023 0.097
37 L 0.045 0.025 0.014 0.015 0.016 0.016 0.02 0.022 0.01 0.117 0.369 0.026 0.05 0.055 0.014 0.025 0.034 0.007 0.023 0.097
38 L 0.112 0.022 0.021 0.022 0.015 0.017 0.024 0.147 0.012 0.113 0.157 0.029 0.027 0.075 0.017 0.042 0.035 0.007 0.024 0.083
39 L 0.072 0.022 0.015 0.016 0.016 0.015 0.02 0.025 0.01 0.144 0.283 0.025 0.038 0.061 0.015 0.029 0.035 0.006 0.023 0.13
40 S 0.112 0.041 0.055 0.05 0.018 0.034 0.053 0.067 0.019 0.03 0.043 0.055 0.016 0.021 0.03 0.208 0.083 0.005 0.018 0.043
41 P 0.082 0.028 0.03 0.033 0.059 0.022 0.037 0.044 0.014 0.027 0.039 0.041 0.012 0.015 0.3 0.117 0.048 0.003 0.013 0.036
42 L 0.044 0.021 0.014 0.015 0.037 0.014 0.019 0.022 0.01 0.102 0.278 0.022 0.037 0.132 0.013 0.025 0.032 0.008 0.034 0.121
43 L 0.056 0.024 0.021 0.02 0.015 0.018 0.025 0.028 0.011 0.097 0.267 0.028 0.035 0.076 0.016 0.07 0.041 0.007 0.025 0.119
44 F 0.055 0.025 0.026 0.025 0.013 0.017 0.028 0.035 0.016 0.056 0.127 0.029 0.024 0.247 0.016 0.103 0.041 0.011 0.053 0.053
45 L 0.048 0.022 0.017 0.018 0.015 0.016 0.021 0.023 0.01 0.178 0.289 0.025 0.039 0.044 0.015 0.046 0.037 0.006 0.02 0.112
46 P 0.05 0.025 0.02 0.025 0.011 0.021 0.03 0.03 0.013 0.046 0.082 0.036 0.085 0.022 0.365 0.038 0.034 0.004 0.015 0.047
47 F 0.031 0.017 0.015 0.015 0.01 0.01 0.017 0.023 0.015 0.058 0.104 0.017 0.023 0.443 0.01 0.023 0.023 0.015 0.081 0.05
48 S 0.1 0.036 0.049 0.044 0.016 0.03 0.048 0.06 0.017 0.027 0.038 0.049 0.014 0.019 0.027 0.291 0.075 0.005 0.016 0.038
49 P 0.052 0.023 0.021 0.028 0.009 0.019 0.033 0.033 0.012 0.023 0.033 0.038 0.009 0.012 0.54 0.04 0.033 0.002 0.012 0.028
50 L 0.044 0.02 0.014 0.016 0.015 0.015 0.019 0.02 0.009 0.211 0.249 0.024 0.071 0.044 0.013 0.024 0.035 0.006 0.02 0.131
51 L 0.072 0.02 0.014 0.016 0.016 0.015 0.02 0.024 0.009 0.186 0.242 0.024 0.035 0.04 0.015 0.029 0.037 0.006 0.019 0.161
52 S 0.094 0.036 0.048 0.043 0.016 0.029 0.046 0.057 0.017 0.031 0.042 0.048 0.015 0.019 0.027 0.256 0.115 0.005 0.016 0.042
53 F 0.032 0.019 0.016 0.016 0.009 0.011 0.019 0.023 0.02 0.055 0.097 0.019 0.022 0.389 0.01 0.024 0.023 0.017 0.131 0.049
54 L 0.069 0.021 0.017 0.018 0.014 0.015 0.021 0.048 0.011 0.123 0.266 0.025 0.034 0.108 0.014 0.039 0.033 0.007 0.029 0.087
55 L 0.048 0.022 0.02 0.02 0.013 0.015 0.022 0.027 0.012 0.115 0.21 0.025 0.031 0.174 0.014 0.067 0.036 0.009 0.039 0.079
56 S 0.153 0.035 0.044 0.041 0.017 0.029 0.045 0.063 0.017 0.03 0.041 0.047 0.015 0.019 0.027 0.246 0.068 0.005 0.016 0.043
57 I 0.044 0.017 0.014 0.016 0.014 0.012 0.017 0.02 0.009 0.259 0.139 0.021 0.031 0.106 0.013 0.024 0.035 0.007 0.029 0.171
58 F 0.058 0.024 0.026 0.025 0.014 0.018 0.027 0.034 0.013 0.114 0.147 0.03 0.026 0.152 0.017 0.112 0.044 0.008 0.036 0.075
59 L 0.054 0.026 0.023 0.022 0.015 0.019 0.026 0.028 0.012 0.087 0.159 0.03 0.062 0.085 0.017 0.046 0.128 0.007 0.026 0.126
60 L 0.04 0.022 0.013 0.014 0.015 0.015 0.018 0.019 0.009 0.105 0.432 0.023 0.045 0.05 0.013 0.022 0.03 0.006 0.02 0.087
61 L 0.045 0.021 0.013 0.015 0.015 0.014 0.018 0.02 0.009 0.151 0.333 0.023 0.04 0.045 0.013 0.024 0.034 0.006 0.02 0.141
62 L 0.042 0.021 0.018 0.018 0.013 0.014 0.02 0.024 0.012 0.116 0.2 0.024 0.03 0.191 0.014 0.033 0.076 0.009 0.042 0.082
63 F 0.046 0.024 0.022 0.021 0.011 0.017 0.025 0.03 0.02 0.055 0.098 0.027 0.056 0.252 0.014 0.07 0.034 0.014 0.11 0.052
64 S 0.09 0.037 0.104 0.05 0.015 0.03 0.047 0.06 0.019 0.026 0.037 0.049 0.014 0.019 0.026 0.253 0.07 0.005 0.016 0.036
65 K 0.058 0.068 0.08 0.042 0.009 0.038 0.054 0.044 0.019 0.025 0.037 0.207 0.013 0.015 0.11 0.089 0.043 0.004 0.015 0.03
66 L 0.043 0.032 0.022 0.025 0.011 0.023 0.055 0.025 0.054 0.067 0.134 0.056 0.024 0.122 0.015 0.031 0.031 0.012 0.122 0.096
67 L 0.054 0.029 0.084 0.033 0.014 0.022 0.031 0.036 0.014 0.068 0.237 0.035 0.03 0.034 0.018 0.084 0.088 0.006 0.018 0.065
68 S 0.108 0.04 0.053 0.048 0.017 0.033 0.052 0.065 0.019 0.029 0.041 0.053 0.015 0.021 0.029 0.231 0.081 0.005 0.017 0.041
69 K 0.056 0.106 0.041 0.041 0.008 0.053 0.07 0.043 0.02 0.027 0.043 0.289 0.015 0.015 0.027 0.053 0.039 0.005 0.017 0.032
70 I 0.046 0.036 0.084 0.042 0.01 0.07 0.093 0.032 0.023 0.095 0.072 0.045 0.02 0.056 0.017 0.041 0.036 0.009 0.08 0.092
71 R 0.045 0.162 0.125 0.096 0.008 0.076 0.056 0.106 0.022 0.021 0.035 0.071 0.012 0.015 0.019 0.05 0.035 0.005 0.014 0.026
72 Y 0.044 0.036 0.021 0.02 0.011 0.023 0.03 0.025 0.027 0.066 0.129 0.079 0.023 0.076 0.016 0.031 0.031 0.015 0.199 0.097
73 L 0.042 0.028 0.078 0.036 0.012 0.024 0.08 0.029 0.015 0.121 0.202 0.035 0.037 0.069 0.015 0.034 0.034 0.006 0.023 0.079
74 R 0.04 0.344 0.093 0.036 0.007 0.042 0.047 0.035 0.022 0.021 0.04 0.099 0.013 0.016 0.018 0.044 0.034 0.005 0.016 0.028
75 V 0.052 0.026 0.018 0.022 0.014 0.05 0.043 0.024 0.011 0.181 0.111 0.032 0.027 0.034 0.015 0.03 0.039 0.05 0.022 0.201
76 L 0.05 0.02 0.018 0.018 0.079 0.014 0.019 0.089 0.009 0.16 0.225 0.024 0.032 0.037 0.014 0.038 0.034 0.005 0.017 0.097
77 L 0.038 0.022 0.014 0.015 0.013 0.015 0.019 0.021 0.016 0.086 0.316 0.023 0.037 0.127 0.013 0.023 0.028 0.011 0.09 0.074
78 T 0.073 0.029 0.034 0.032 0.016 0.023 0.034 0.04 0.013 0.106 0.078 0.038 0.021 0.026 0.022 0.134 0.143 0.005 0.017 0.117
79 L 0.045 0.02 0.013 0.015 0.015 0.014 0.018 0.02 0.009 0.161 0.322 0.023 0.04 0.045 0.013 0.024 0.034 0.006 0.02 0.144
80 L 0.043 0.019 0.014 0.015 0.014 0.013 0.018 0.02 0.01 0.182 0.232 0.022 0.035 0.109 0.013 0.024 0.034 0.007 0.03 0.147
81 G 0.162 0.022 0.025 0.024 0.101 0.018 0.026 0.217 0.011 0.058 0.058 0.031 0.016 0.02 0.02 0.052 0.037 0.005 0.014 0.085
82 F 0.082 0.02 0.017 0.018 0.014 0.014 0.022 0.03 0.013 0.117 0.109 0.024 0.033 0.22 0.014 0.042 0.034 0.01 0.047 0.118
83 F 0.036 0.021 0.016 0.016 0.011 0.014 0.02 0.022 0.022 0.106 0.153 0.023 0.026 0.202 0.012 0.025 0.027 0.016 0.16 0.072
84 S 0.1 0.036 0.049 0.044 0.016 0.03 0.048 0.06 0.017 0.027 0.038 0.049 0.014 0.019 0.027 0.291 0.075 0.005 0.016 0.038
85 L 0.042 0.022 0.013 0.014 0.015 0.015 0.018 0.019 0.009 0.116 0.408 0.023 0.044 0.049 0.013 0.022 0.031 0.006 0.02 0.101
86 L 0.047 0.024 0.018 0.018 0.015 0.018 0.022 0.024 0.01 0.134 0.268 0.027 0.07 0.042 0.015 0.035 0.08 0.006 0.02 0.106
87 F 0.041 0.02 0.015 0.016 0.012 0.013 0.019 0.022 0.016 0.124 0.162 0.022 0.028 0.188 0.012 0.025 0.031 0.012 0.1 0.121
88 I 0.043 0.016 0.013 0.016 0.015 0.012 0.016 0.019 0.008 0.337 0.153 0.021 0.033 0.04 0.013 0.023 0.036 0.005 0.019 0.161
89 F 0.041 0.02 0.017 0.016 0.012 0.014 0.021 0.022 0.022 0.106 0.099 0.023 0.024 0.199 0.013 0.026 0.03 0.015 0.16 0.121
90 A 0.265 0.028 0.03 0.031 0.017 0.023 0.036 0.15 0.014 0.034 0.047 0.04 0.014 0.019 0.025 0.108 0.047 0.005 0.015 0.052
91 S 0.1 0.036 0.049 0.044 0.016 0.03 0.048 0.06 0.017 0.027 0.038 0.049 0.014 0.019 0.027 0.291 0.075 0.005 0.016 0.038
92 R 0.041 0.405 0.035 0.028 0.007 0.044 0.048 0.03 0.021 0.021 0.042 0.109 0.014 0.016 0.018 0.041 0.032 0.005 0.016 0.028
93 L 0.113 0.031 0.073 0.037 0.015 0.025 0.049 0.047 0.016 0.054 0.171 0.04 0.024 0.029 0.021 0.127 0.05 0.005 0.017 0.057
94 Y 0.036 0.024 0.019 0.017 0.009 0.018 0.024 0.023 0.038 0.043 0.069 0.027 0.018 0.173 0.013 0.027 0.025 0.024 0.33 0.044
95 I 0.049 0.037 0.026 0.034 0.012 0.028 0.085 0.028 0.013 0.184 0.098 0.086 0.024 0.029 0.019 0.042 0.082 0.005 0.017 0.101
96 D 0.045 0.031 0.093 0.273 0.007 0.031 0.115 0.128 0.019 0.02 0.027 0.045 0.009 0.014 0.02 0.05 0.033 0.004 0.011 0.023
97 E 0.048 0.042 0.041 0.144 0.007 0.053 0.314 0.034 0.022 0.02 0.032 0.064 0.011 0.015 0.023 0.05 0.033 0.005 0.014 0.027
98 L 0.039 0.021 0.013 0.014 0.014 0.014 0.018 0.02 0.01 0.107 0.366 0.022 0.041 0.115 0.012 0.022 0.029 0.008 0.03 0.084
99 E 0.114 0.041 0.035 0.088 0.011 0.081 0.184 0.042 0.02 0.051 0.049 0.058 0.015 0.018 0.023 0.063 0.038 0.005 0.016 0.047
100 H 0.098 0.037 0.039 0.032 0.011 0.031 0.043 0.041 0.247 0.036 0.062 0.041 0.051 0.028 0.019 0.065 0.034 0.006 0.038 0.04
101 D 0.037 0.027 0.063 0.452 0.007 0.027 0.083 0.042 0.017 0.02 0.025 0.041 0.008 0.014 0.02 0.047 0.032 0.003 0.01 0.022
102 L 0.04 0.022 0.013 0.014 0.015 0.015 0.018 0.019 0.009 0.105 0.432 0.023 0.045 0.05 0.013 0.022 0.03 0.006 0.02 0.087
103 S 0.093 0.036 0.047 0.042 0.016 0.029 0.045 0.056 0.016 0.031 0.042 0.048 0.015 0.02 0.027 0.248 0.125 0.005 0.016 0.044
104 H 0.094 0.077 0.03 0.026 0.012 0.026 0.035 0.035 0.146 0.092 0.126 0.043 0.023 0.03 0.018 0.042 0.044 0.006 0.029 0.065
105 Y 0.037 0.025 0.02 0.017 0.008 0.02 0.025 0.023 0.042 0.04 0.062 0.028 0.017 0.119 0.014 0.028 0.025 0.025 0.38 0.042
106 Y 0.035 0.023 0.019 0.017 0.009 0.017 0.023 0.023 0.035 0.045 0.074 0.025 0.019 0.213 0.013 0.027 0.025 0.023 0.293 0.045
107 L 0.05 0.03 0.09 0.103 0.011 0.024 0.04 0.038 0.021 0.061 0.127 0.037 0.047 0.043 0.018 0.08 0.041 0.008 0.077 0.053
108 V 0.107 0.027 0.024 0.032 0.015 0.025 0.082 0.034 0.012 0.124 0.089 0.037 0.023 0.027 0.02 0.049 0.087 0.005 0.017 0.164
109 Y 0.036 0.024 0.019 0.017 0.009 0.018 0.024 0.023 0.038 0.043 0.069 0.027 0.018 0.173 0.013 0.027 0.025 0.024 0.33 0.044
110 K 0.062 0.059 0.089 0.039 0.011 0.075 0.053 0.04 0.019 0.045 0.109 0.147 0.02 0.022 0.021 0.05 0.061 0.005 0.017 0.056
111 L 0.097 0.045 0.084 0.036 0.012 0.069 0.046 0.041 0.017 0.092 0.125 0.093 0.023 0.026 0.02 0.047 0.038 0.005 0.017 0.066
112 L 0.041 0.02 0.014 0.016 0.014 0.015 0.019 0.021 0.011 0.182 0.23 0.023 0.069 0.111 0.013 0.024 0.032 0.008 0.03 0.108
113 G 0.076 0.031 0.034 0.038 0.012 0.028 0.086 0.124 0.02 0.042 0.052 0.041 0.016 0.036 0.021 0.084 0.108 0.008 0.076 0.067
114 K 0.054 0.115 0.045 0.106 0.009 0.038 0.058 0.041 0.084 0.024 0.037 0.142 0.013 0.018 0.022 0.087 0.051 0.005 0.021 0.03
115 G 0.064 0.034 0.033 0.03 0.01 0.023 0.03 0.38 0.013 0.041 0.052 0.083 0.039 0.019 0.018 0.044 0.03 0.005 0.013 0.037
116 D 0.04 0.03 0.095 0.175 0.008 0.035 0.052 0.038 0.026 0.027 0.039 0.04 0.012 0.044 0.105 0.043 0.033 0.01 0.119 0.03
117 L 0.039 0.02 0.016 0.016 0.012 0.015 0.02 0.021 0.02 0.148 0.175 0.023 0.029 0.132 0.013 0.025 0.03 0.013 0.135 0.1
118 S 0.057 0.035 0.111 0.105 0.01 0.032 0.112 0.046 0.021 0.028 0.045 0.047 0.014 0.088 0.021 0.118 0.046 0.006 0.025 0.033
119 E 0.046 0.042 0.098 0.141 0.007 0.058 0.251 0.038 0.023 0.02 0.032 0.061 0.011 0.015 0.022 0.052 0.035 0.005 0.014 0.027
120 V 0.071 0.022 0.017 0.018 0.019 0.017 0.024 0.025 0.008 0.167 0.132 0.026 0.032 0.036 0.017 0.033 0.05 0.006 0.021 0.258
121 I 0.048 0.018 0.015 0.018 0.016 0.014 0.018 0.021 0.009 0.26 0.17 0.024 0.037 0.045 0.015 0.025 0.04 0.006 0.021 0.179
122 F 0.034 0.019 0.017 0.017 0.011 0.011 0.019 0.026 0.017 0.064 0.116 0.019 0.026 0.378 0.011 0.026 0.026 0.017 0.09 0.056
123 G 0.181 0.027 0.033 0.032 0.016 0.022 0.033 0.292 0.014 0.031 0.044 0.039 0.014 0.019 0.025 0.069 0.04 0.005 0.014 0.047
124 L 0.037 0.02 0.015 0.015 0.012 0.014 0.019 0.021 0.017 0.107 0.226 0.022 0.032 0.191 0.012 0.024 0.028 0.012 0.1 0.077
125 F 0.037 0.023 0.016 0.017 0.012 0.014 0.02 0.023 0.013 0.095 0.213 0.034 0.031 0.243 0.012 0.026 0.039 0.011 0.05 0.071
126 G 0.052 0.083 0.024 0.023 0.012 0.02 0.024 0.199 0.012 0.139 0.139 0.039 0.024 0.029 0.015 0.034 0.031 0.005 0.016 0.08
127 F 0.031 0.017 0.015 0.015 0.01 0.01 0.017 0.023 0.015 0.058 0.104 0.017 0.023 0.443 0.01 0.023 0.023 0.015 0.081 0.05
128 G 0.087 0.023 0.037 0.032 0.011 0.019 0.027 0.473 0.013 0.019 0.028 0.033 0.01 0.015 0.019 0.078 0.034 0.005 0.011 0.026
129 G 0.069 0.04 0.097 0.092 0.01 0.027 0.044 0.216 0.017 0.026 0.035 0.089 0.012 0.016 0.021 0.057 0.081 0.005 0.013 0.033
130 G 0.071 0.021 0.036 0.031 0.01 0.017 0.023 0.555 0.012 0.017 0.026 0.031 0.009 0.015 0.017 0.047 0.027 0.005 0.01 0.022
131 L 0.046 0.02 0.013 0.015 0.015 0.014 0.018 0.02 0.008 0.192 0.274 0.023 0.038 0.043 0.013 0.024 0.035 0.006 0.019 0.163
132 E 0.05 0.045 0.037 0.082 0.007 0.059 0.36 0.032 0.023 0.02 0.033 0.069 0.012 0.015 0.023 0.05 0.033 0.005 0.015 0.028
133 I 0.049 0.018 0.018 0.018 0.014 0.013 0.019 0.109 0.01 0.177 0.153 0.023 0.028 0.103 0.014 0.028 0.033 0.007 0.028 0.139
134 G 0.071 0.021 0.036 0.031 0.01 0.017 0.023 0.555 0.012 0.017 0.026 0.031 0.009 0.015 0.017 0.047 0.027 0.005 0.01 0.022
135 W 0.034 0.021 0.015 0.015 0.01 0.015 0.02 0.024 0.017 0.094 0.132 0.022 0.023 0.062 0.01 0.023 0.026 0.275 0.101 0.062
136 P 0.052 0.026 0.026 0.026 0.012 0.021 0.031 0.03 0.078 0.101 0.072 0.034 0.019 0.024 0.192 0.042 0.081 0.005 0.022 0.106
137 L 0.058 0.023 0.02 0.02 0.016 0.017 0.024 0.027 0.01 0.146 0.215 0.027 0.033 0.037 0.016 0.07 0.044 0.006 0.019 0.174
138 L 0.041 0.021 0.013 0.014 0.015 0.014 0.018 0.019 0.009 0.134 0.397 0.023 0.044 0.049 0.013 0.022 0.031 0.006 0.02 0.097
139 Y 0.037 0.025 0.02 0.017 0.008 0.02 0.025 0.023 0.042 0.04 0.062 0.028 0.017 0.119 0.014 0.028 0.025 0.025 0.38 0.042
140 G 0.05 0.099 0.029 0.027 0.011 0.027 0.034 0.118 0.015 0.046 0.117 0.094 0.02 0.093 0.018 0.044 0.077 0.007 0.026 0.047
141 L 0.09 0.025 0.021 0.021 0.015 0.018 0.026 0.033 0.012 0.081 0.268 0.03 0.042 0.073 0.017 0.075 0.04 0.007 0.024 0.083
142 V 0.049 0.021 0.016 0.016 0.014 0.016 0.021 0.021 0.019 0.168 0.11 0.025 0.026 0.064 0.014 0.027 0.036 0.012 0.139 0.187
143 S 0.133 0.032 0.039 0.037 0.016 0.026 0.041 0.055 0.015 0.081 0.06 0.043 0.018 0.023 0.025 0.211 0.063 0.005 0.016 0.063
144 F 0.091 0.034 0.021 0.021 0.012 0.021 0.03 0.033 0.019 0.093 0.086 0.078 0.021 0.18 0.016 0.037 0.032 0.012 0.099 0.066
145 F 0.039 0.017 0.014 0.015 0.056 0.011 0.017 0.022 0.011 0.157 0.171 0.02 0.03 0.208 0.012 0.024 0.03 0.01 0.044 0.093
146 F 0.039 0.022 0.033 0.02 0.012 0.014 0.021 0.025 0.014 0.071 0.205 0.024 0.029 0.241 0.013 0.032 0.063 0.011 0.05 0.063
147 P 0.084 0.026 0.033 0.101 0.011 0.022 0.043 0.064 0.014 0.03 0.038 0.039 0.011 0.015 0.281 0.086 0.041 0.003 0.013 0.044
148 N 0.061 0.048 0.199 0.075 0.011 0.033 0.051 0.056 0.023 0.023 0.033 0.098 0.012 0.017 0.022 0.136 0.053 0.004 0.015 0.03
149 L 0.041 0.02 0.013 0.015 0.015 0.014 0.017 0.019 0.009 0.202 0.316 0.022 0.04 0.046 0.013 0.022 0.033 0.006 0.02 0.118
150 T 0.069 0.039 0.041 0.04 0.015 0.031 0.067 0.042 0.015 0.041 0.052 0.07 0.016 0.02 0.025 0.113 0.228 0.005 0.016 0.054
151 P 0.153 0.025 0.022 0.028 0.013 0.02 0.034 0.046 0.012 0.029 0.04 0.039 0.012 0.014 0.369 0.052 0.037 0.003 0.013 0.04
152 I 0.043 0.017 0.014 0.016 0.014 0.012 0.017 0.02 0.009 0.275 0.142 0.021 0.031 0.107 0.013 0.023 0.035 0.007 0.029 0.157
153 D 0.052 0.033 0.051 0.244 0.009 0.068 0.066 0.17 0.017 0.022 0.03 0.046 0.011 0.014 0.02 0.059 0.045 0.004 0.012 0.026
154 L 0.041 0.021 0.013 0.014 0.015 0.014 0.018 0.019 0.009 0.153 0.374 0.023 0.043 0.048 0.013 0.022 0.032 0.006 0.02 0.103
155 A 0.27 0.031 0.032 0.033 0.018 0.026 0.04 0.068 0.015 0.035 0.049 0.043 0.015 0.019 0.027 0.148 0.055 0.005 0.016 0.054
156 I 0.044 0.018 0.014 0.016 0.014 0.013 0.018 0.02 0.009 0.221 0.185 0.021 0.033 0.108 0.013 0.024 0.034 0.007 0.029 0.159
157 I 0.043 0.018 0.015 0.016 0.099 0.013 0.018 0.022 0.015 0.192 0.114 0.021 0.026 0.117 0.013 0.026 0.032 0.01 0.088 0.104
158 N 0.039 0.041 0.324 0.069 0.008 0.031 0.046 0.055 0.093 0.021 0.03 0.048 0.011 0.018 0.018 0.059 0.041 0.005 0.021 0.024
159 A 0.114 0.041 0.03 0.03 0.015 0.028 0.039 0.043 0.014 0.063 0.081 0.089 0.055 0.025 0.022 0.094 0.092 0.005 0.017 0.102
160 L 0.064 0.029 0.086 0.035 0.014 0.022 0.033 0.04 0.015 0.111 0.135 0.036 0.024 0.029 0.019 0.12 0.051 0.005 0.017 0.114
161 I 0.041 0.017 0.014 0.016 0.014 0.012 0.017 0.02 0.009 0.244 0.19 0.021 0.033 0.109 0.013 0.023 0.033 0.007 0.029 0.137
162 C 0.059 0.017 0.018 0.017 0.445 0.013 0.017 0.03 0.008 0.054 0.063 0.021 0.016 0.02 0.016 0.042 0.069 0.004 0.012 0.058
163 C 0.062 0.022 0.023 0.022 0.186 0.016 0.023 0.119 0.01 0.066 0.163 0.027 0.023 0.028 0.017 0.076 0.038 0.005 0.015 0.059
164 I 0.138 0.023 0.021 0.022 0.016 0.017 0.026 0.038 0.011 0.171 0.103 0.03 0.025 0.064 0.019 0.049 0.085 0.006 0.023 0.114
165 L 0.051 0.021 0.021 0.02 0.013 0.015 0.02 0.198 0.01 0.114 0.25 0.025 0.031 0.036 0.014 0.03 0.03 0.006 0.017 0.078
166 L 0.04 0.019 0.014 0.014 0.099 0.012 0.017 0.022 0.011 0.078 0.261 0.02 0.033 0.175 0.012 0.025 0.028 0.009 0.039 0.069
167 L 0.04 0.021 0.015 0.016 0.013 0.016 0.02 0.02 0.02 0.161 0.216 0.024 0.032 0.07 0.013 0.024 0.031 0.012 0.14 0.097
168 I 0.059 0.021 0.02 0.021 0.016 0.016 0.023 0.027 0.01 0.211 0.12 0.027 0.028 0.051 0.016 0.07 0.045 0.006 0.021 0.194
169 W 0.028 0.02 0.014 0.014 0.007 0.013 0.02 0.027 0.014 0.033 0.057 0.02 0.015 0.12 0.007 0.021 0.021 0.451 0.065 0.031
170 L 0.042 0.021 0.015 0.016 0.014 0.016 0.02 0.02 0.015 0.179 0.234 0.025 0.06 0.057 0.014 0.025 0.032 0.009 0.08 0.107
171 E 0.046 0.039 0.045 0.062 0.008 0.046 0.249 0.03 0.025 0.034 0.088 0.055 0.017 0.037 0.02 0.044 0.032 0.009 0.076 0.038
172 K 0.048 0.052 0.07 0.032 0.011 0.03 0.04 0.033 0.02 0.1 0.074 0.147 0.02 0.039 0.019 0.04 0.037 0.008 0.077 0.104
173 Y 0.036 0.025 0.02 0.017 0.009 0.019 0.025 0.023 0.053 0.042 0.068 0.027 0.018 0.169 0.014 0.028 0.025 0.023 0.316 0.043
174 G 0.109 0.021 0.026 0.025 0.013 0.017 0.024 0.296 0.011 0.089 0.119 0.029 0.02 0.026 0.017 0.044 0.032 0.005 0.014 0.063
175 F 0.038 0.029 0.021 0.02 0.01 0.06 0.033 0.025 0.025 0.054 0.135 0.033 0.024 0.198 0.014 0.029 0.027 0.016 0.16 0.051
176 K 0.107 0.111 0.033 0.032 0.012 0.034 0.046 0.043 0.033 0.071 0.059 0.139 0.017 0.021 0.022 0.088 0.043 0.005 0.018 0.065
177 N 0.043 0.04 0.141 0.04 0.01 0.026 0.036 0.038 0.024 0.052 0.064 0.085 0.017 0.107 0.017 0.043 0.037 0.01 0.087 0.084
178 V 0.049 0.023 0.025 0.097 0.013 0.021 0.072 0.026 0.012 0.128 0.096 0.031 0.023 0.097 0.016 0.033 0.036 0.007 0.027 0.168
179 E 0.054 0.049 0.04 0.089 0.007 0.064 0.307 0.034 0.025 0.022 0.036 0.074 0.013 0.016 0.025 0.054 0.036 0.005 0.016 0.031
180 P 0.045 0.03 0.027 0.034 0.009 0.028 0.087 0.029 0.087 0.036 0.089 0.04 0.017 0.042 0.191 0.037 0.03 0.009 0.097 0.037
181 K 0.05 0.06 0.034 0.041 0.095 0.08 0.106 0.035 0.068 0.029 0.058 0.149 0.016 0.018 0.021 0.045 0.034 0.005 0.02 0.035
182 K 0.055 0.078 0.11 0.046 0.009 0.043 0.058 0.046 0.021 0.024 0.037 0.246 0.013 0.015 0.024 0.082 0.043 0.005 0.015 0.03
183 D 0.039 0.034 0.111 0.177 0.008 0.058 0.057 0.039 0.029 0.027 0.041 0.044 0.013 0.049 0.018 0.045 0.033 0.011 0.135 0.031
184 K 0.051 0.131 0.035 0.035 0.009 0.082 0.06 0.036 0.019 0.063 0.054 0.209 0.017 0.018 0.022 0.055 0.037 0.005 0.017 0.047
185 G 0.123 0.025 0.036 0.032 0.012 0.02 0.03 0.392 0.013 0.022 0.032 0.035 0.011 0.016 0.02 0.092 0.038 0.005 0.012 0.032
186 I 0.096 0.019 0.015 0.018 0.016 0.015 0.02 0.028 0.009 0.233 0.18 0.025 0.032 0.038 0.016 0.032 0.037 0.005 0.019 0.147
187 C 0.104 0.018 0.016 0.017 0.188 0.014 0.02 0.032 0.009 0.157 0.099 0.024 0.024 0.028 0.016 0.038 0.038 0.005 0.016 0.137
188 A 0.16 0.025 0.024 0.025 0.103 0.021 0.03 0.046 0.012 0.096 0.089 0.034 0.055 0.027 0.021 0.09 0.045 0.005 0.017 0.077
189 A 0.355 0.028 0.023 0.027 0.02 0.023 0.037 0.071 0.013 0.039 0.054 0.04 0.016 0.02 0.027 0.077 0.045 0.005 0.016 0.063
190 L 0.036 0.02 0.014 0.015 0.012 0.012 0.018 0.021 0.012 0.081 0.268 0.02 0.034 0.246 0.011 0.023 0.027 0.011 0.05 0.069
191 I 0.044 0.017 0.014 0.016 0.014 0.012 0.017 0.02 0.009 0.259 0.139 0.021 0.031 0.106 0.013 0.024 0.035 0.007 0.029 0.171
192 L 0.038 0.018 0.014 0.015 0.013 0.012 0.017 0.02 0.011 0.167 0.23 0.021 0.034 0.178 0.012 0.023 0.03 0.009 0.04 0.099
193 L 0.046 0.024 0.018 0.018 0.015 0.018 0.022 0.024 0.01 0.132 0.281 0.027 0.071 0.042 0.015 0.034 0.08 0.006 0.02 0.095
194 F 0.031 0.017 0.015 0.015 0.01 0.01 0.017 0.023 0.015 0.058 0.104 0.017 0.023 0.443 0.01 0.023 0.023 0.015 0.081 0.05
195 L 0.093 0.021 0.016 0.017 0.014 0.014 0.022 0.03 0.012 0.086 0.207 0.024 0.03 0.173 0.015 0.033 0.033 0.009 0.039 0.112
196 S 0.132 0.035 0.046 0.042 0.016 0.029 0.046 0.062 0.017 0.029 0.04 0.048 0.014 0.019 0.027 0.264 0.071 0.005 0.016 0.041
197 V 0.05 0.019 0.015 0.016 0.015 0.013 0.019 0.022 0.01 0.142 0.118 0.021 0.027 0.17 0.013 0.027 0.037 0.008 0.039 0.218
198 Q 0.058 0.047 0.036 0.035 0.012 0.154 0.062 0.036 0.019 0.053 0.061 0.059 0.02 0.019 0.022 0.058 0.131 0.005 0.018 0.093
199 T 0.069 0.032 0.038 0.033 0.016 0.026 0.036 0.041 0.014 0.052 0.076 0.041 0.054 0.025 0.024 0.11 0.229 0.006 0.017 0.063
200 F 0.047 0.024 0.021 0.021 0.012 0.017 0.025 0.029 0.018 0.074 0.154 0.027 0.052 0.199 0.014 0.069 0.035 0.012 0.087 0.062
201 G 0.071 0.021 0.036 0.031 0.01 0.017 0.023 0.555 0.012 0.017 0.026 0.031 0.009 0.015 0.017 0.047 0.027 0.005 0.01 0.022
202 Y 0.036 0.024 0.019 0.017 0.009 0.018 0.024 0.023 0.038 0.043 0.069 0.027 0.018 0.173 0.013 0.027 0.025 0.024 0.33 0.044
203 L 0.04 0.022 0.013 0.014 0.015 0.015 0.018 0.019 0.009 0.105 0.432 0.023 0.045 0.05 0.013 0.022 0.03 0.006 0.02 0.087
204 Q 0.051 0.063 0.04 0.049 0.008 0.248 0.138 0.037 0.026 0.023 0.041 0.081 0.018 0.014 0.022 0.051 0.037 0.005 0.018 0.031
205 R 0.041 0.405 0.035 0.028 0.007 0.044 0.048 0.03 0.021 0.021 0.042 0.109 0.014 0.016 0.018 0.041 0.032 0.005 0.016 0.028
206 Q 0.051 0.067 0.04 0.043 0.008 0.286 0.094 0.037 0.027 0.024 0.043 0.083 0.019 0.013 0.021 0.051 0.037 0.005 0.019 0.032
207 A 0.355 0.028 0.023 0.027 0.02 0.023 0.037 0.071 0.013 0.039 0.054 0.04 0.016 0.02 0.027 0.077 0.045 0.005 0.016 0.063
208 L 0.045 0.02 0.013 0.015 0.015 0.014 0.018 0.02 0.008 0.19 0.287 0.023 0.038 0.044 0.013 0.024 0.035 0.006 0.02 0.153
209 S 0.185 0.034 0.041 0.039 0.017 0.028 0.044 0.064 0.016 0.031 0.043 0.046 0.015 0.019 0.027 0.22 0.065 0.005 0.016 0.046
210 T 0.062 0.03 0.035 0.031 0.016 0.023 0.033 0.036 0.012 0.097 0.075 0.038 0.02 0.025 0.023 0.074 0.269 0.005 0.017 0.081
211 V 0.055 0.019 0.014 0.016 0.016 0.014 0.02 0.021 0.008 0.181 0.178 0.023 0.032 0.037 0.014 0.027 0.041 0.005 0.019 0.258
212 F 0.035 0.017 0.015 0.016 0.011 0.01 0.017 0.022 0.013 0.151 0.12 0.019 0.027 0.308 0.011 0.023 0.027 0.012 0.06 0.087
213 L 0.041 0.02 0.013 0.015 0.015 0.014 0.018 0.019 0.009 0.182 0.339 0.022 0.041 0.047 0.013 0.022 0.032 0.006 0.02 0.112
214 L 0.042 0.023 0.014 0.015 0.015 0.017 0.02 0.02 0.01 0.103 0.39 0.025 0.077 0.049 0.013 0.024 0.031 0.007 0.021 0.087
215 F 0.032 0.019 0.016 0.016 0.009 0.011 0.019 0.023 0.02 0.055 0.097 0.019 0.022 0.389 0.01 0.024 0.023 0.017 0.131 0.049
216 A 0.293 0.029 0.024 0.026 0.019 0.024 0.035 0.063 0.014 0.047 0.074 0.04 0.053 0.024 0.025 0.079 0.045 0.005 0.017 0.065
217 I 0.042 0.018 0.013 0.015 0.015 0.013 0.017 0.019 0.008 0.26 0.246 0.022 0.037 0.043 0.013 0.023 0.034 0.006 0.019 0.136
218 S 0.086 0.035 0.041 0.046 0.015 0.032 0.095 0.049 0.017 0.046 0.051 0.048 0.016 0.021 0.024 0.207 0.063 0.005 0.016 0.086
219 T 0.077 0.038 0.051 0.036 0.014 0.07 0.046 0.042 0.017 0.046 0.071 0.048 0.054 0.023 0.023 0.103 0.16 0.006 0.017 0.056
220 K 0.056 0.078 0.096 0.045 0.009 0.042 0.058 0.045 0.02 0.026 0.038 0.245 0.014 0.015 0.024 0.083 0.054 0.005 0.016 0.031
221 R 0.049 0.175 0.041 0.102 0.008 0.038 0.055 0.123 0.018 0.022 0.036 0.163 0.012 0.015 0.02 0.045 0.032 0.005 0.014 0.027
222 K 0.054 0.057 0.033 0.033 0.01 0.074 0.052 0.037 0.023 0.033 0.054 0.144 0.017 0.104 0.02 0.082 0.039 0.01 0.088 0.037
223 K 0.087 0.188 0.035 0.033 0.009 0.043 0.054 0.04 0.019 0.027 0.043 0.215 0.014 0.016 0.023 0.051 0.047 0.005 0.016 0.035
224 S 0.071 0.046 0.097 0.044 0.012 0.032 0.046 0.05 0.024 0.028 0.041 0.095 0.014 0.034 0.023 0.169 0.055 0.008 0.076 0.035
225 L 0.045 0.025 0.014 0.015 0.016 0.016 0.021 0.022 0.01 0.117 0.366 0.026 0.05 0.056 0.014 0.025 0.034 0.007 0.023 0.098
226 F 0.033 0.018 0.015 0.015 0.011 0.011 0.017 0.022 0.014 0.067 0.172 0.018 0.028 0.361 0.01 0.023 0.025 0.014 0.068 0.058
227 L 0.043 0.026 0.017 0.016 0.014 0.019 0.023 0.023 0.022 0.088 0.266 0.027 0.049 0.078 0.014 0.027 0.031 0.014 0.126 0.077
228 L 0.045 0.02 0.014 0.015 0.015 0.014 0.018 0.02 0.009 0.149 0.293 0.022 0.038 0.077 0.013 0.024 0.034 0.007 0.025 0.148
229 F 0.034 0.02 0.016 0.016 0.01 0.013 0.02 0.022 0.022 0.06 0.146 0.021 0.025 0.283 0.012 0.024 0.025 0.017 0.158 0.054
230 L 0.089 0.027 0.026 0.024 0.014 0.02 0.029 0.035 0.018 0.056 0.128 0.032 0.023 0.112 0.019 0.062 0.127 0.01 0.088 0.061
231 L 0.054 0.024 0.022 0.022 0.015 0.018 0.025 0.028 0.011 0.162 0.227 0.029 0.033 0.038 0.017 0.075 0.075 0.006 0.019 0.101
232 L 0.041 0.02 0.013 0.014 0.015 0.014 0.018 0.019 0.009 0.173 0.351 0.023 0.042 0.047 0.013 0.022 0.032 0.006 0.02 0.109
233 A 0.312 0.03 0.028 0.03 0.019 0.024 0.039 0.069 0.014 0.037 0.051 0.042 0.016 0.02 0.027 0.113 0.05 0.005 0.016 0.058
234 T 0.061 0.027 0.031 0.028 0.102 0.021 0.029 0.034 0.011 0.095 0.075 0.034 0.02 0.024 0.021 0.066 0.222 0.005 0.016 0.078
235 F 0.051 0.022 0.02 0.02 0.014 0.015 0.023 0.028 0.012 0.122 0.158 0.025 0.028 0.171 0.015 0.069 0.039 0.009 0.039 0.12
236 F 0.031 0.017 0.015 0.015 0.01 0.01 0.017 0.023 0.015 0.058 0.104 0.017 0.023 0.443 0.01 0.023 0.023 0.015 0.081 0.05
237 H 0.038 0.042 0.049 0.035 0.007 0.035 0.049 0.035 0.414 0.021 0.035 0.042 0.014 0.028 0.017 0.038 0.024 0.007 0.052 0.021
238 L 0.051 0.023 0.019 0.019 0.015 0.017 0.023 0.026 0.01 0.131 0.32 0.027 0.038 0.043 0.015 0.067 0.039 0.006 0.019 0.091
239 T 0.066 0.032 0.039 0.034 0.016 0.025 0.036 0.039 0.013 0.048 0.059 0.041 0.018 0.022 0.025 0.084 0.315 0.005 0.016 0.065
240 S 0.185 0.034 0.041 0.039 0.017 0.028 0.044 0.064 0.016 0.031 0.043 0.046 0.015 0.019 0.027 0.22 0.065 0.005 0.016 0.046
241 L 0.041 0.021 0.013 0.014 0.015 0.014 0.018 0.019 0.009 0.144 0.386 0.023 0.043 0.048 0.013 0.022 0.031 0.006 0.02 0.1
242 P 0.054 0.023 0.02 0.026 0.011 0.018 0.031 0.031 0.011 0.044 0.047 0.035 0.013 0.015 0.452 0.038 0.035 0.003 0.013 0.079
243 L 0.04 0.02 0.013 0.015 0.014 0.013 0.018 0.02 0.01 0.165 0.296 0.022 0.038 0.112 0.012 0.022 0.031 0.008 0.03 0.103
244 G 0.058 0.018 0.021 0.021 0.1 0.014 0.019 0.2 0.009 0.15 0.089 0.024 0.021 0.027 0.015 0.034 0.034 0.005 0.014 0.125
245 I 0.098 0.019 0.015 0.018 0.016 0.015 0.021 0.028 0.009 0.227 0.165 0.025 0.031 0.037 0.016 0.033 0.038 0.005 0.018 0.164
246 L 0.041 0.019 0.013 0.015 0.014 0.013 0.017 0.019 0.009 0.198 0.288 0.022 0.038 0.078 0.013 0.022 0.032 0.007 0.025 0.115
247 Y 0.034 0.023 0.018 0.016 0.008 0.017 0.023 0.024 0.033 0.041 0.067 0.025 0.017 0.162 0.012 0.026 0.024 0.109 0.277 0.041
248 K 0.046 0.123 0.029 0.028 0.01 0.037 0.046 0.031 0.016 0.051 0.171 0.198 0.024 0.026 0.02 0.038 0.033 0.005 0.017 0.049
249 F 0.037 0.022 0.017 0.016 0.011 0.015 0.021 0.023 0.023 0.063 0.17 0.023 0.026 0.219 0.013 0.027 0.038 0.016 0.163 0.057
250 T 0.073 0.036 0.043 0.038 0.018 0.028 0.039 0.043 0.014 0.053 0.065 0.045 0.02 0.024 0.028 0.093 0.246 0.006 0.018 0.071
251 L 0.044 0.021 0.013 0.014 0.015 0.015 0.019 0.02 0.009 0.122 0.368 0.023 0.042 0.046 0.013 0.023 0.033 0.006 0.02 0.132
252 L 0.105 0.114 0.029 0.027 0.013 0.029 0.038 0.039 0.015 0.092 0.127 0.088 0.023 0.026 0.02 0.083 0.042 0.005 0.017 0.068
253 R 0.055 0.212 0.109 0.044 0.009 0.04 0.05 0.044 0.022 0.023 0.039 0.109 0.014 0.017 0.021 0.096 0.045 0.005 0.016 0.03
254 R 0.045 0.177 0.031 0.028 0.009 0.037 0.046 0.031 0.02 0.059 0.06 0.172 0.017 0.062 0.019 0.039 0.033 0.008 0.052 0.056
255 Y 0.043 0.068 0.036 0.104 0.008 0.033 0.052 0.034 0.029 0.031 0.048 0.131 0.015 0.058 0.02 0.041 0.032 0.037 0.146 0.034
256 F 0.042 0.023 0.022 0.02 0.012 0.016 0.024 0.025 0.048 0.116 0.138 0.026 0.026 0.178 0.014 0.035 0.076 0.011 0.072 0.077
257 S 0.068 0.037 0.101 0.045 0.013 0.029 0.043 0.049 0.084 0.032 0.043 0.045 0.015 0.021 0.023 0.142 0.141 0.005 0.022 0.042
258 Q 0.048 0.062 0.031 0.031 0.011 0.111 0.053 0.032 0.018 0.086 0.074 0.088 0.021 0.091 0.019 0.046 0.081 0.007 0.028 0.061
259 I 0.057 0.038 0.085 0.034 0.013 0.025 0.035 0.036 0.015 0.149 0.088 0.085 0.022 0.027 0.019 0.08 0.045 0.005 0.017 0.125
260 K 0.062 0.117 0.037 0.034 0.011 0.036 0.049 0.04 0.017 0.077 0.058 0.165 0.017 0.02 0.022 0.114 0.047 0.005 0.016 0.054
261 L 0.043 0.025 0.015 0.016 0.015 0.019 0.021 0.022 0.011 0.102 0.343 0.027 0.106 0.048 0.014 0.026 0.033 0.007 0.021 0.087
262 L 0.042 0.161 0.027 0.023 0.011 0.029 0.034 0.026 0.062 0.065 0.228 0.06 0.031 0.035 0.016 0.032 0.031 0.006 0.023 0.059
263 H 0.044 0.031 0.033 0.026 0.011 0.024 0.035 0.03 0.203 0.064 0.075 0.032 0.021 0.129 0.015 0.033 0.03 0.009 0.053 0.102
264 I 0.039 0.018 0.015 0.016 0.013 0.012 0.017 0.021 0.011 0.207 0.137 0.021 0.039 0.198 0.012 0.024 0.032 0.01 0.044 0.115
265 L 0.043 0.022 0.014 0.015 0.015 0.015 0.019 0.021 0.009 0.121 0.393 0.024 0.043 0.048 0.014 0.033 0.033 0.006 0.02 0.091
266 I 0.056 0.047 0.028 0.028 0.013 0.028 0.038 0.033 0.013 0.171 0.097 0.134 0.032 0.028 0.02 0.076 0.043 0.005 0.017 0.093
267 L 0.055 0.022 0.02 0.02 0.015 0.016 0.023 0.027 0.011 0.134 0.187 0.026 0.03 0.104 0.015 0.069 0.041 0.007 0.029 0.147
268 F 0.033 0.017 0.015 0.015 0.01 0.01 0.017 0.022 0.014 0.104 0.112 0.018 0.025 0.376 0.01 0.023 0.025 0.014 0.07 0.068
269 I 0.049 0.018 0.015 0.016 0.015 0.013 0.018 0.042 0.008 0.238 0.185 0.023 0.033 0.039 0.014 0.025 0.037 0.005 0.019 0.186
270 L 0.093 0.021 0.015 0.017 0.015 0.015 0.021 0.028 0.01 0.179 0.251 0.025 0.035 0.058 0.015 0.032 0.035 0.006 0.021 0.109
271 T 0.128 0.031 0.032 0.03 0.019 0.024 0.035 0.047 0.012 0.077 0.079 0.04 0.022 0.026 0.025 0.075 0.153 0.006 0.018 0.122
272 L 0.046 0.021 0.015 0.016 0.015 0.015 0.02 0.022 0.01 0.141 0.265 0.024 0.044 0.093 0.014 0.035 0.035 0.007 0.027 0.134
273 L 0.045 0.02 0.013 0.015 0.015 0.014 0.018 0.02 0.008 0.19 0.287 0.023 0.038 0.044 0.013 0.024 0.035 0.006 0.02 0.153
274 L 0.052 0.023 0.019 0.02 0.015 0.016 0.023 0.026 0.01 0.15 0.27 0.027 0.035 0.058 0.015 0.067 0.039 0.006 0.022 0.106
275 I 0.042 0.017 0.014 0.016 0.013 0.012 0.017 0.021 0.01 0.213 0.131 0.02 0.029 0.173 0.012 0.024 0.033 0.009 0.039 0.153
276 R 0.042 0.353 0.036 0.03 0.007 0.045 0.05 0.031 0.021 0.022 0.042 0.148 0.014 0.016 0.019 0.042 0.032 0.005 0.016 0.028
277 L 0.044 0.021 0.014 0.015 0.014 0.015 0.02 0.02 0.014 0.14 0.272 0.024 0.036 0.057 0.014 0.025 0.033 0.009 0.08 0.133
278 F 0.099 0.028 0.084 0.032 0.012 0.021 0.032 0.043 0.022 0.04 0.065 0.034 0.017 0.177 0.018 0.084 0.039 0.012 0.098 0.045
279 F 0.033 0.019 0.016 0.015 0.01 0.012 0.019 0.022 0.019 0.063 0.152 0.02 0.026 0.323 0.011 0.024 0.025 0.016 0.121 0.055
280 Y 0.046 0.033 0.027 0.026 0.01 0.064 0.039 0.03 0.029 0.037 0.055 0.041 0.016 0.081 0.105 0.043 0.077 0.014 0.185 0.042
281 G 0.06 0.034 0.033 0.033 0.012 0.067 0.055 0.101 0.021 0.04 0.056 0.043 0.017 0.088 0.02 0.088 0.085 0.01 0.084 0.054
282 L 0.043 0.019 0.013 0.015 0.015 0.014 0.018 0.019 0.009 0.205 0.29 0.022 0.039 0.044 0.013 0.023 0.034 0.006 0.019 0.139
283 L 0.097 0.021 0.015 0.017 0.016 0.015 0.021 0.028 0.009 0.179 0.224 0.026 0.034 0.039 0.016 0.033 0.037 0.006 0.019 0.149
284 E 0.056 0.045 0.078 0.055 0.01 0.081 0.155 0.039 0.021 0.036 0.102 0.069 0.019 0.021 0.021 0.087 0.042 0.005 0.017 0.04
285 L 0.039 0.031 0.079 0.03 0.011 0.061 0.035 0.03 0.019 0.061 0.189 0.036 0.027 0.156 0.014 0.034 0.032 0.009 0.052 0.055
286 L 0.098 0.024 0.016 0.017 0.016 0.018 0.023 0.03 0.011 0.099 0.275 0.028 0.069 0.041 0.016 0.034 0.036 0.006 0.02 0.124
287 I 0.055 0.022 0.021 0.021 0.015 0.017 0.024 0.028 0.012 0.167 0.124 0.028 0.062 0.103 0.015 0.07 0.042 0.007 0.029 0.138
288 G 0.065 0.026 0.031 0.036 0.012 0.024 0.07 0.208 0.014 0.079 0.055 0.038 0.015 0.02 0.106 0.082 0.039 0.005 0.014 0.063
289 L 0.066 0.026 0.028 0.027 0.015 0.02 0.03 0.037 0.013 0.083 0.148 0.033 0.025 0.113 0.018 0.13 0.049 0.007 0.03 0.101
290 G 0.062 0.035 0.032 0.029 0.01 0.023 0.03 0.343 0.013 0.082 0.054 0.091 0.015 0.02 0.018 0.042 0.031 0.005 0.013 0.052
291 D 0.102 0.032 0.038 0.124 0.013 0.031 0.109 0.044 0.016 0.043 0.117 0.045 0.019 0.024 0.022 0.097 0.057 0.005 0.016 0.048
292 I 0.058 0.021 0.025 0.025 0.013 0.016 0.024 0.135 0.012 0.154 0.095 0.028 0.023 0.111 0.016 0.081 0.04 0.007 0.029 0.087
293 L 0.104 0.021 0.015 0.018 0.016 0.015 0.021 0.03 0.01 0.195 0.23 0.026 0.034 0.04 0.016 0.034 0.036 0.006 0.019 0.116
294 P 0.046 0.022 0.019 0.024 0.01 0.017 0.028 0.029 0.012 0.043 0.111 0.032 0.018 0.09 0.363 0.034 0.031 0.005 0.025 0.042
295 G 0.065 0.021 0.028 0.025 0.012 0.016 0.022 0.377 0.011 0.054 0.109 0.028 0.018 0.024 0.016 0.04 0.031 0.005 0.013 0.085
296 I 0.05 0.022 0.019 0.019 0.015 0.017 0.022 0.024 0.01 0.186 0.184 0.027 0.066 0.038 0.016 0.035 0.083 0.006 0.019 0.141
297 N 0.046 0.038 0.155 0.056 0.008 0.034 0.095 0.129 0.153 0.02 0.031 0.047 0.011 0.02 0.019 0.05 0.033 0.005 0.026 0.024
298 K 0.052 0.097 0.038 0.038 0.008 0.049 0.064 0.039 0.019 0.025 0.039 0.344 0.014 0.014 0.025 0.049 0.036 0.005 0.016 0.03
299 L 0.039 0.021 0.013 0.014 0.014 0.014 0.018 0.02 0.01 0.097 0.378 0.022 0.041 0.115 0.012 0.022 0.029 0.008 0.03 0.081
300 N 0.039 0.035 0.203 0.049 0.009 0.027 0.038 0.042 0.092 0.038 0.103 0.04 0.018 0.041 0.017 0.046 0.036 0.009 0.082 0.037
301 F 0.036 0.029 0.021 0.021 0.009 0.06 0.033 0.025 0.027 0.045 0.078 0.032 0.02 0.25 0.013 0.03 0.026 0.017 0.183 0.044
302 Y 0.035 0.023 0.018 0.016 0.009 0.016 0.023 0.023 0.033 0.046 0.076 0.025 0.019 0.227 0.013 0.027 0.025 0.022 0.28 0.045
303 L 0.113 0.027 0.027 0.027 0.016 0.021 0.031 0.042 0.012 0.107 0.191 0.034 0.028 0.033 0.02 0.121 0.049 0.005 0.018 0.079
304 I 0.047 0.027 0.021 0.034 0.013 0.027 0.099 0.024 0.014 0.186 0.148 0.037 0.062 0.037 0.017 0.033 0.037 0.006 0.019 0.113
305 T 0.066 0.033 0.039 0.033 0.016 0.026 0.036 0.039 0.017 0.05 0.062 0.042 0.019 0.035 0.025 0.081 0.25 0.008 0.059 0.065
306 E 0.107 0.036 0.03 0.058 0.01 0.042 0.225 0.038 0.02 0.032 0.052 0.053 0.015 0.101 0.021 0.05 0.034 0.007 0.029 0.04
307 I 0.049 0.024 0.08 0.029 0.014 0.018 0.026 0.031 0.013 0.16 0.115 0.03 0.025 0.082 0.016 0.05 0.074 0.006 0.025 0.133
308 E 0.058 0.036 0.1 0.128 0.009 0.037 0.153 0.13 0.02 0.021 0.031 0.051 0.011 0.016 0.022 0.091 0.041 0.005 0.013 0.027
309 F 0.034 0.018 0.016 0.018 0.01 0.011 0.02 0.025 0.015 0.052 0.092 0.021 0.021 0.371 0.098 0.026 0.025 0.013 0.069 0.046
310 S 0.082 0.047 0.102 0.049 0.013 0.033 0.05 0.057 0.02 0.026 0.037 0.098 0.014 0.018 0.025 0.213 0.063 0.005 0.016 0.034
311 I 0.043 0.017 0.014 0.016 0.014 0.012 0.017 0.02 0.009 0.258 0.152 0.021 0.032 0.107 0.013 0.024 0.035 0.007 0.029 0.161
312 T 0.112 0.028 0.03 0.028 0.016 0.022 0.032 0.041 0.012 0.101 0.133 0.036 0.024 0.029 0.022 0.097 0.136 0.005 0.017 0.08
313 S 0.1 0.036 0.049 0.044 0.016 0.03 0.048 0.06 0.017 0.027 0.038 0.049 0.014 0.019 0.027 0.291 0.075 0.005 0.016 0.038
314 Y 0.097 0.1 0.025 0.024 0.011 0.028 0.037 0.035 0.024 0.052 0.063 0.096 0.018 0.053 0.019 0.042 0.035 0.012 0.138 0.09
315 R 0.042 0.353 0.036 0.03 0.007 0.045 0.05 0.031 0.021 0.022 0.042 0.148 0.014 0.016 0.019 0.042 0.032 0.005 0.016 0.028
316 F 0.033 0.022 0.064 0.041 0.009 0.015 0.025 0.028 0.022 0.048 0.084 0.024 0.02 0.318 0.012 0.03 0.027 0.015 0.119 0.044
317 L 0.146 0.025 0.017 0.019 0.016 0.019 0.026 0.038 0.012 0.081 0.264 0.03 0.067 0.039 0.018 0.042 0.036 0.006 0.019 0.079
318 I 0.05 0.017 0.014 0.016 0.016 0.013 0.018 0.02 0.008 0.275 0.141 0.022 0.032 0.038 0.014 0.025 0.039 0.005 0.019 0.219
319 L 0.04 0.022 0.013 0.014 0.015 0.015 0.018 0.019 0.009 0.105 0.432 0.023 0.045 0.05 0.013 0.022 0.03 0.006 0.02 0.087
320 L 0.048 0.023 0.075 0.025 0.015 0.017 0.023 0.027 0.012 0.144 0.214 0.027 0.032 0.037 0.015 0.032 0.039 0.005 0.019 0.172
