#Seq2Logo.py -f /work3/idamei/ssn-clusterings/clustering/2205181126/clusters/0005_395/sequences.afa -o /work3/idamei/ssn-clusterings/clustering/2205181126/clusters/0005_395/sequences.logo
#Position Specific Frequency Matrix
A R N D C Q E G H I L K M F P S T W Y V
0 L 0.051 0.032 0.02 0.02 0.016 0.028 0.028 0.028 0.016 0.099 0.194 0.036 0.173 0.047 0.016 0.036 0.04 0.008 0.024 0.091
1 L 0.044 0.022 0.014 0.016 0.016 0.015 0.019 0.021 0.01 0.156 0.33 0.025 0.046 0.051 0.014 0.024 0.034 0.007 0.022 0.115
2 L 0.043 0.024 0.018 0.017 0.012 0.017 0.023 0.024 0.025 0.08 0.166 0.026 0.029 0.165 0.014 0.028 0.031 0.017 0.153 0.089
3 L 0.048 0.02 0.015 0.017 0.016 0.015 0.019 0.021 0.009 0.204 0.243 0.024 0.04 0.046 0.015 0.025 0.038 0.006 0.021 0.158
4 L 0.044 0.024 0.014 0.015 0.016 0.016 0.02 0.021 0.01 0.114 0.385 0.025 0.049 0.054 0.014 0.024 0.033 0.007 0.022 0.095
5 L 0.041 0.023 0.014 0.015 0.014 0.015 0.02 0.023 0.011 0.097 0.309 0.024 0.042 0.097 0.013 0.024 0.031 0.07 0.036 0.082
6 L 0.049 0.024 0.022 0.022 0.015 0.017 0.024 0.027 0.012 0.128 0.182 0.028 0.032 0.129 0.017 0.041 0.089 0.009 0.037 0.098
7 L 0.063 0.025 0.022 0.022 0.077 0.018 0.025 0.029 0.01 0.108 0.168 0.03 0.031 0.035 0.018 0.046 0.095 0.006 0.019 0.153
8 L 0.059 0.028 0.023 0.022 0.017 0.022 0.027 0.029 0.012 0.107 0.193 0.033 0.068 0.04 0.018 0.046 0.095 0.007 0.021 0.134
9 I 0.046 0.017 0.014 0.017 0.016 0.013 0.017 0.02 0.009 0.282 0.165 0.023 0.036 0.044 0.014 0.025 0.039 0.006 0.02 0.174
10 L 0.051 0.022 0.015 0.016 0.017 0.015 0.02 0.022 0.009 0.168 0.266 0.025 0.041 0.047 0.015 0.026 0.038 0.006 0.021 0.161
11 L 0.042 0.022 0.015 0.016 0.015 0.014 0.019 0.022 0.011 0.122 0.289 0.023 0.041 0.138 0.013 0.024 0.032 0.009 0.038 0.095
12 L 0.046 0.021 0.015 0.016 0.133 0.014 0.019 0.025 0.011 0.083 0.237 0.022 0.035 0.131 0.014 0.028 0.032 0.009 0.036 0.075
13 L 0.056 0.022 0.016 0.016 0.136 0.017 0.021 0.025 0.01 0.107 0.217 0.025 0.052 0.04 0.015 0.032 0.038 0.006 0.019 0.131
14 L 0.058 0.025 0.019 0.02 0.017 0.018 0.025 0.027 0.011 0.115 0.278 0.029 0.04 0.045 0.016 0.052 0.043 0.006 0.021 0.134
15 A 0.176 0.036 0.041 0.04 0.019 0.029 0.046 0.067 0.017 0.037 0.051 0.049 0.017 0.021 0.029 0.159 0.091 0.005 0.017 0.055
16 Y 0.038 0.025 0.02 0.018 0.009 0.019 0.025 0.025 0.039 0.048 0.079 0.028 0.02 0.196 0.014 0.029 0.027 0.025 0.268 0.048
17 L 0.044 0.105 0.021 0.02 0.013 0.024 0.028 0.024 0.017 0.124 0.206 0.049 0.034 0.051 0.016 0.03 0.034 0.009 0.059 0.092
18 L 0.051 0.022 0.015 0.016 0.017 0.015 0.02 0.022 0.009 0.168 0.266 0.025 0.041 0.047 0.015 0.026 0.038 0.006 0.021 0.161
19 N 0.059 0.033 0.142 0.049 0.072 0.025 0.038 0.051 0.022 0.037 0.058 0.04 0.016 0.113 0.019 0.095 0.049 0.008 0.033 0.041
20 G 0.052 0.043 0.154 0.146 0.009 0.031 0.056 0.17 0.022 0.022 0.031 0.075 0.011 0.016 0.021 0.058 0.039 0.005 0.013 0.026
21 R 0.05 0.23 0.04 0.036 0.008 0.05 0.061 0.037 0.022 0.025 0.044 0.204 0.015 0.016 0.023 0.048 0.037 0.005 0.017 0.031
22 D 0.04 0.029 0.068 0.406 0.007 0.029 0.09 0.046 0.018 0.022 0.028 0.044 0.009 0.015 0.022 0.051 0.035 0.004 0.011 0.024
23 L 0.045 0.02 0.014 0.017 0.016 0.014 0.018 0.021 0.009 0.219 0.248 0.024 0.041 0.047 0.014 0.024 0.037 0.006 0.021 0.144
24 L 0.046 0.024 0.016 0.017 0.016 0.018 0.021 0.022 0.011 0.152 0.282 0.027 0.077 0.05 0.015 0.027 0.036 0.007 0.022 0.114
25 A 0.191 0.037 0.036 0.049 0.017 0.037 0.11 0.064 0.018 0.034 0.049 0.054 0.016 0.02 0.028 0.113 0.054 0.005 0.017 0.052
26 P 0.056 0.025 0.023 0.031 0.01 0.02 0.036 0.036 0.013 0.025 0.036 0.041 0.01 0.013 0.501 0.043 0.036 0.003 0.013 0.031
27 S 0.108 0.04 0.053 0.048 0.017 0.033 0.052 0.065 0.019 0.029 0.041 0.053 0.015 0.021 0.029 0.231 0.081 0.005 0.017 0.041
28 V 0.069 0.022 0.016 0.018 0.019 0.016 0.023 0.024 0.008 0.162 0.128 0.026 0.031 0.035 0.016 0.032 0.049 0.005 0.02 0.28
29 L 0.045 0.021 0.014 0.016 0.016 0.015 0.019 0.021 0.009 0.198 0.275 0.024 0.043 0.049 0.014 0.024 0.036 0.006 0.021 0.134
30 V 0.126 0.022 0.018 0.02 0.138 0.017 0.025 0.039 0.01 0.103 0.095 0.029 0.024 0.028 0.019 0.047 0.046 0.005 0.017 0.171
31 C 0.07 0.019 0.021 0.02 0.432 0.015 0.021 0.036 0.009 0.042 0.061 0.024 0.016 0.02 0.018 0.064 0.042 0.004 0.013 0.054
32 I 0.053 0.024 0.022 0.023 0.016 0.018 0.024 0.027 0.011 0.202 0.144 0.03 0.049 0.039 0.018 0.043 0.094 0.006 0.02 0.138
33 V 0.069 0.029 0.027 0.026 0.017 0.024 0.031 0.035 0.014 0.12 0.136 0.036 0.081 0.037 0.019 0.082 0.052 0.006 0.021 0.136
34 F 0.037 0.023 0.019 0.018 0.01 0.016 0.023 0.025 0.031 0.053 0.09 0.025 0.022 0.262 0.013 0.028 0.026 0.022 0.208 0.05
35 I 0.049 0.018 0.015 0.017 0.016 0.013 0.018 0.021 0.009 0.267 0.161 0.024 0.036 0.042 0.015 0.026 0.04 0.006 0.02 0.187
36 I 0.046 0.017 0.014 0.017 0.016 0.013 0.017 0.02 0.009 0.282 0.165 0.023 0.036 0.044 0.014 0.025 0.039 0.006 0.02 0.174
37 C 0.092 0.031 0.039 0.036 0.195 0.025 0.038 0.053 0.015 0.035 0.05 0.041 0.016 0.02 0.024 0.16 0.064 0.005 0.015 0.047
38 I 0.046 0.018 0.015 0.017 0.015 0.013 0.018 0.022 0.011 0.212 0.148 0.022 0.033 0.131 0.014 0.026 0.037 0.008 0.037 0.157
39 L 0.053 0.029 0.023 0.022 0.016 0.022 0.027 0.028 0.012 0.095 0.257 0.033 0.073 0.045 0.018 0.044 0.091 0.007 0.021 0.088
40 F 0.041 0.018 0.017 0.017 0.131 0.011 0.018 0.027 0.014 0.058 0.1 0.019 0.023 0.302 0.012 0.029 0.028 0.013 0.069 0.055
41 A 0.272 0.031 0.027 0.03 0.021 0.025 0.04 0.073 0.014 0.044 0.059 0.044 0.018 0.022 0.029 0.085 0.075 0.005 0.017 0.068
42 V 0.061 0.024 0.023 0.022 0.016 0.018 0.026 0.029 0.012 0.11 0.108 0.029 0.027 0.122 0.018 0.045 0.095 0.008 0.036 0.171
43 L 0.05 0.023 0.017 0.017 0.015 0.017 0.022 0.023 0.018 0.15 0.187 0.026 0.034 0.065 0.015 0.028 0.037 0.011 0.098 0.149
44 N 0.042 0.044 0.327 0.082 0.009 0.033 0.049 0.064 0.031 0.022 0.031 0.053 0.011 0.018 0.02 0.069 0.049 0.004 0.015 0.027
45 I 0.047 0.024 0.018 0.021 0.015 0.04 0.028 0.023 0.011 0.25 0.151 0.032 0.034 0.04 0.016 0.028 0.039 0.006 0.02 0.157
46 D 0.048 0.067 0.054 0.224 0.008 0.041 0.08 0.044 0.019 0.025 0.035 0.166 0.012 0.015 0.025 0.052 0.037 0.004 0.014 0.028
47 N 0.057 0.034 0.139 0.046 0.012 0.026 0.037 0.044 0.028 0.063 0.066 0.041 0.018 0.05 0.019 0.07 0.047 0.011 0.095 0.097
48 W 0.03 0.022 0.015 0.015 0.007 0.015 0.022 0.03 0.015 0.03 0.052 0.022 0.015 0.06 0.007 0.022 0.022 0.5 0.067 0.03
49 G 0.068 0.024 0.046 0.126 0.01 0.021 0.041 0.399 0.015 0.019 0.028 0.036 0.009 0.016 0.019 0.051 0.031 0.005 0.011 0.024
50 I 0.046 0.017 0.014 0.017 0.016 0.013 0.017 0.02 0.009 0.282 0.165 0.023 0.036 0.044 0.014 0.025 0.039 0.006 0.02 0.174
51 D 0.043 0.039 0.194 0.204 0.008 0.036 0.096 0.054 0.026 0.022 0.03 0.052 0.011 0.016 0.021 0.06 0.042 0.004 0.014 0.026
52 Y 0.041 0.027 0.02 0.018 0.011 0.02 0.026 0.024 0.037 0.061 0.147 0.029 0.026 0.11 0.015 0.029 0.029 0.022 0.251 0.058
53 A 0.136 0.05 0.043 0.043 0.015 0.103 0.067 0.059 0.022 0.031 0.048 0.065 0.018 0.018 0.027 0.128 0.058 0.005 0.018 0.045
54 F 0.06 0.034 0.113 0.092 0.012 0.026 0.046 0.05 0.021 0.038 0.058 0.042 0.016 0.113 0.021 0.099 0.075 0.008 0.034 0.042
55 K 0.053 0.09 0.112 0.051 0.009 0.048 0.064 0.048 0.023 0.026 0.04 0.23 0.014 0.016 0.025 0.057 0.042 0.005 0.017 0.031
56 T 0.101 0.034 0.041 0.036 0.018 0.027 0.039 0.047 0.014 0.051 0.063 0.045 0.019 0.023 0.027 0.09 0.232 0.006 0.018 0.07
57 F 0.035 0.021 0.018 0.017 0.01 0.013 0.021 0.025 0.024 0.058 0.101 0.022 0.023 0.329 0.012 0.026 0.026 0.019 0.148 0.052
58 W 0.046 0.023 0.02 0.019 0.071 0.017 0.022 0.089 0.015 0.056 0.101 0.026 0.056 0.13 0.013 0.032 0.03 0.132 0.047 0.054
59 I 0.049 0.018 0.015 0.017 0.016 0.013 0.018 0.021 0.009 0.267 0.161 0.024 0.036 0.042 0.015 0.026 0.04 0.006 0.02 0.187
60 L 0.048 0.026 0.017 0.018 0.016 0.021 0.023 0.024 0.013 0.148 0.234 0.03 0.108 0.048 0.015 0.03 0.038 0.007 0.022 0.113
61 F 0.049 0.023 0.023 0.022 0.014 0.016 0.024 0.029 0.014 0.1 0.109 0.027 0.026 0.214 0.016 0.042 0.088 0.011 0.053 0.101
62 L 0.054 0.024 0.018 0.019 0.017 0.017 0.023 0.024 0.01 0.139 0.253 0.027 0.039 0.044 0.016 0.035 0.066 0.006 0.021 0.148
63 G 0.102 0.025 0.035 0.031 0.013 0.021 0.027 0.401 0.014 0.032 0.052 0.035 0.031 0.021 0.02 0.053 0.033 0.006 0.013 0.038
64 L 0.052 0.023 0.021 0.022 0.016 0.017 0.023 0.026 0.01 0.182 0.195 0.029 0.035 0.041 0.018 0.041 0.092 0.006 0.02 0.128
65 L 0.051 0.021 0.015 0.017 0.017 0.015 0.02 0.022 0.009 0.189 0.238 0.024 0.04 0.045 0.015 0.026 0.039 0.006 0.021 0.171
66 S 0.117 0.033 0.04 0.038 0.017 0.027 0.042 0.056 0.016 0.094 0.074 0.045 0.021 0.026 0.026 0.161 0.066 0.005 0.018 0.078
67 F 0.033 0.019 0.017 0.017 0.01 0.01 0.019 0.025 0.017 0.062 0.113 0.019 0.025 0.396 0.01 0.025 0.025 0.017 0.087 0.054
68 I 0.055 0.019 0.015 0.017 0.017 0.014 0.02 0.022 0.008 0.237 0.152 0.024 0.034 0.04 0.015 0.028 0.043 0.006 0.02 0.214
69 I 0.062 0.024 0.024 0.025 0.016 0.018 0.026 0.032 0.011 0.198 0.162 0.031 0.033 0.039 0.018 0.076 0.049 0.006 0.02 0.131
70 P 0.058 0.026 0.026 0.029 0.013 0.02 0.032 0.034 0.012 0.096 0.075 0.037 0.019 0.023 0.261 0.051 0.092 0.004 0.016 0.076
71 G 0.076 0.032 0.114 0.049 0.012 0.026 0.038 0.291 0.019 0.022 0.032 0.043 0.011 0.018 0.022 0.1 0.047 0.005 0.013 0.029
72 I 0.047 0.021 0.016 0.017 0.015 0.016 0.021 0.022 0.018 0.186 0.164 0.026 0.033 0.065 0.015 0.027 0.037 0.011 0.097 0.145
73 I 0.041 0.019 0.015 0.017 0.014 0.012 0.018 0.022 0.012 0.179 0.173 0.022 0.034 0.177 0.013 0.025 0.033 0.01 0.046 0.119
74 I 0.042 0.02 0.017 0.017 0.013 0.015 0.02 0.023 0.02 0.167 0.128 0.024 0.029 0.153 0.014 0.026 0.033 0.014 0.114 0.112
75 T 0.057 0.038 0.147 0.051 0.013 0.029 0.041 0.049 0.024 0.04 0.052 0.046 0.016 0.034 0.023 0.075 0.151 0.008 0.056 0.051
76 Y 0.049 0.024 0.018 0.018 0.013 0.018 0.024 0.023 0.027 0.132 0.107 0.028 0.026 0.084 0.015 0.03 0.036 0.017 0.174 0.136
77 A 0.169 0.024 0.02 0.024 0.019 0.019 0.029 0.049 0.012 0.157 0.114 0.034 0.027 0.033 0.022 0.055 0.045 0.006 0.019 0.123
78 C 0.051 0.077 0.099 0.038 0.131 0.027 0.036 0.039 0.017 0.093 0.076 0.075 0.02 0.024 0.018 0.045 0.04 0.005 0.016 0.072
79 K 0.054 0.08 0.075 0.046 0.009 0.09 0.071 0.044 0.023 0.026 0.041 0.179 0.015 0.015 0.084 0.054 0.04 0.005 0.017 0.032
80 I 0.047 0.018 0.015 0.018 0.016 0.013 0.018 0.021 0.009 0.269 0.168 0.024 0.037 0.044 0.015 0.025 0.04 0.006 0.021 0.177
81 S 0.083 0.038 0.091 0.142 0.014 0.032 0.061 0.06 0.02 0.027 0.037 0.051 0.013 0.019 0.026 0.166 0.065 0.005 0.015 0.035
82 L 0.045 0.024 0.014 0.015 0.016 0.016 0.02 0.021 0.01 0.116 0.374 0.025 0.05 0.055 0.014 0.024 0.033 0.007 0.022 0.096
83 R 0.045 0.343 0.039 0.031 0.008 0.049 0.052 0.033 0.023 0.023 0.047 0.121 0.016 0.017 0.019 0.045 0.035 0.006 0.017 0.031
84 K 0.057 0.107 0.042 0.042 0.009 0.054 0.071 0.043 0.021 0.028 0.043 0.276 0.016 0.016 0.028 0.054 0.04 0.005 0.017 0.033
85 K 0.061 0.076 0.038 0.036 0.01 0.041 0.053 0.159 0.018 0.034 0.058 0.193 0.033 0.019 0.024 0.05 0.037 0.006 0.016 0.038
86 I 0.086 0.027 0.025 0.024 0.016 0.021 0.029 0.035 0.02 0.12 0.098 0.033 0.025 0.056 0.02 0.051 0.093 0.011 0.096 0.116
87 G 0.057 0.044 0.183 0.058 0.009 0.03 0.043 0.231 0.023 0.021 0.031 0.075 0.011 0.017 0.02 0.06 0.04 0.005 0.014 0.026
88 K 0.074 0.07 0.042 0.041 0.013 0.04 0.056 0.048 0.018 0.06 0.057 0.167 0.018 0.021 0.026 0.116 0.055 0.005 0.018 0.053
89 K 0.053 0.086 0.113 0.052 0.009 0.07 0.068 0.048 0.024 0.026 0.04 0.205 0.015 0.016 0.025 0.057 0.042 0.005 0.017 0.031
90 Y 0.042 0.134 0.027 0.023 0.009 0.031 0.036 0.027 0.039 0.037 0.061 0.061 0.018 0.093 0.017 0.036 0.03 0.021 0.219 0.041
91 Q 0.051 0.064 0.136 0.059 0.009 0.156 0.085 0.049 0.03 0.025 0.042 0.079 0.017 0.016 0.022 0.06 0.044 0.005 0.019 0.032
92 F 0.044 0.026 0.028 0.069 0.01 0.019 0.035 0.034 0.024 0.04 0.067 0.03 0.018 0.151 0.015 0.055 0.033 0.137 0.124 0.041
93 N 0.043 0.051 0.146 0.096 0.009 0.032 0.052 0.047 0.023 0.033 0.054 0.102 0.015 0.111 0.02 0.052 0.039 0.008 0.033 0.035
94 N 0.065 0.047 0.114 0.051 0.012 0.079 0.059 0.051 0.027 0.031 0.046 0.058 0.016 0.032 0.023 0.104 0.078 0.008 0.056 0.04
95 D 0.055 0.042 0.12 0.161 0.009 0.044 0.156 0.049 0.024 0.023 0.033 0.059 0.012 0.017 0.024 0.079 0.045 0.005 0.015 0.029
96 L 0.06 0.028 0.024 0.023 0.016 0.02 0.028 0.032 0.012 0.093 0.299 0.032 0.041 0.046 0.018 0.076 0.045 0.007 0.021 0.081
97 K 0.055 0.152 0.04 0.044 0.009 0.05 0.091 0.039 0.021 0.029 0.045 0.189 0.015 0.017 0.025 0.056 0.065 0.005 0.017 0.036
98 L 0.083 0.023 0.016 0.018 0.017 0.017 0.023 0.029 0.01 0.138 0.252 0.027 0.039 0.044 0.017 0.034 0.04 0.006 0.021 0.148
99 I 0.045 0.02 0.016 0.018 0.014 0.015 0.02 0.021 0.018 0.222 0.141 0.025 0.032 0.065 0.015 0.026 0.036 0.011 0.097 0.142
100 I 0.048 0.031 0.098 0.043 0.012 0.027 0.065 0.035 0.026 0.11 0.087 0.039 0.022 0.054 0.018 0.042 0.039 0.011 0.095 0.1
101 L 0.049 0.021 0.017 0.02 0.073 0.015 0.023 0.026 0.011 0.119 0.169 0.027 0.029 0.08 0.136 0.031 0.035 0.006 0.026 0.089
102 D 0.061 0.043 0.058 0.227 0.01 0.079 0.083 0.049 0.021 0.025 0.036 0.058 0.014 0.016 0.024 0.097 0.048 0.005 0.015 0.031
103 K 0.047 0.141 0.071 0.038 0.008 0.041 0.052 0.038 0.029 0.029 0.048 0.152 0.016 0.044 0.021 0.047 0.036 0.011 0.095 0.035
104 F 0.049 0.054 0.03 0.028 0.009 0.03 0.041 0.093 0.025 0.039 0.064 0.125 0.018 0.139 0.019 0.04 0.031 0.014 0.112 0.04
105 L 0.048 0.041 0.021 0.023 0.014 0.024 0.031 0.026 0.012 0.176 0.19 0.09 0.034 0.039 0.018 0.031 0.038 0.006 0.02 0.119
106 L 0.046 0.024 0.016 0.017 0.016 0.018 0.021 0.022 0.011 0.152 0.282 0.027 0.077 0.05 0.015 0.027 0.036 0.007 0.022 0.114
107 I 0.042 0.02 0.017 0.017 0.013 0.015 0.02 0.023 0.02 0.167 0.128 0.024 0.029 0.153 0.014 0.026 0.033 0.014 0.114 0.112
108 L 0.046 0.02 0.018 0.019 0.014 0.014 0.019 0.084 0.012 0.152 0.19 0.024 0.033 0.131 0.014 0.028 0.033 0.009 0.036 0.106
109 F 0.05 0.019 0.016 0.017 0.133 0.012 0.019 0.027 0.012 0.083 0.104 0.021 0.024 0.212 0.013 0.031 0.034 0.011 0.052 0.111
110 L 0.108 0.026 0.017 0.019 0.017 0.018 0.025 0.035 0.011 0.096 0.303 0.03 0.041 0.046 0.018 0.039 0.037 0.007 0.021 0.088
111 V 0.059 0.023 0.017 0.018 0.017 0.018 0.023 0.024 0.01 0.176 0.154 0.028 0.068 0.04 0.016 0.031 0.044 0.006 0.021 0.206
112 I 0.046 0.018 0.015 0.017 0.015 0.013 0.018 0.022 0.011 0.212 0.148 0.022 0.033 0.131 0.014 0.026 0.037 0.008 0.037 0.157
113 D 0.044 0.04 0.062 0.316 0.008 0.079 0.093 0.045 0.021 0.023 0.032 0.056 0.012 0.015 0.022 0.052 0.036 0.004 0.013 0.027
114 I 0.046 0.019 0.014 0.017 0.016 0.014 0.018 0.02 0.009 0.24 0.22 0.024 0.039 0.046 0.014 0.024 0.038 0.006 0.021 0.154
115 L 0.053 0.02 0.02 0.021 0.015 0.015 0.02 0.145 0.01 0.174 0.186 0.026 0.033 0.039 0.015 0.031 0.035 0.006 0.018 0.117
116 I 0.058 0.023 0.022 0.022 0.017 0.017 0.024 0.027 0.01 0.195 0.131 0.029 0.031 0.036 0.018 0.043 0.096 0.006 0.02 0.174
117 T 0.134 0.034 0.04 0.036 0.018 0.027 0.041 0.054 0.015 0.047 0.06 0.046 0.018 0.022 0.028 0.107 0.183 0.006 0.017 0.066
118 F 0.071 0.021 0.017 0.018 0.014 0.014 0.022 0.03 0.014 0.1 0.18 0.024 0.031 0.22 0.014 0.032 0.032 0.011 0.054 0.081
119 F 0.035 0.021 0.018 0.017 0.01 0.013 0.021 0.025 0.024 0.058 0.101 0.022 0.023 0.329 0.012 0.026 0.026 0.019 0.148 0.052
120 Y 0.04 0.028 0.021 0.018 0.009 0.021 0.028 0.025 0.046 0.043 0.067 0.031 0.018 0.129 0.015 0.031 0.028 0.028 0.328 0.046
121 F 0.103 0.021 0.018 0.02 0.015 0.015 0.024 0.037 0.014 0.112 0.112 0.026 0.026 0.214 0.016 0.04 0.035 0.011 0.053 0.088
122 K 0.055 0.137 0.041 0.04 0.008 0.052 0.067 0.041 0.021 0.027 0.043 0.267 0.015 0.016 0.026 0.052 0.039 0.005 0.017 0.032
123 E 0.064 0.042 0.05 0.158 0.01 0.047 0.189 0.045 0.022 0.024 0.035 0.062 0.013 0.017 0.026 0.098 0.047 0.005 0.015 0.032
124 V 0.069 0.022 0.016 0.018 0.019 0.016 0.023 0.024 0.008 0.162 0.128 0.026 0.031 0.035 0.016 0.032 0.049 0.005 0.02 0.28
125 Y 0.041 0.111 0.064 0.029 0.009 0.029 0.036 0.031 0.038 0.035 0.058 0.055 0.017 0.087 0.017 0.039 0.032 0.019 0.211 0.04
126 R 0.06 0.276 0.042 0.035 0.01 0.044 0.052 0.041 0.022 0.025 0.045 0.102 0.015 0.018 0.022 0.091 0.046 0.006 0.017 0.033
127 I 0.046 0.019 0.014 0.017 0.016 0.014 0.018 0.02 0.009 0.24 0.22 0.024 0.039 0.046 0.014 0.024 0.038 0.006 0.021 0.154
128 S 0.156 0.037 0.046 0.043 0.018 0.031 0.049 0.068 0.018 0.033 0.046 0.051 0.016 0.021 0.029 0.195 0.073 0.005 0.017 0.048
129 L 0.053 0.021 0.02 0.02 0.015 0.016 0.02 0.145 0.01 0.153 0.213 0.026 0.034 0.041 0.015 0.031 0.034 0.006 0.019 0.107
130 L 0.048 0.034 0.022 0.024 0.014 0.067 0.039 0.026 0.014 0.155 0.218 0.041 0.037 0.04 0.016 0.032 0.037 0.006 0.021 0.11
131 G 0.124 0.026 0.031 0.029 0.013 0.021 0.029 0.284 0.022 0.031 0.045 0.035 0.014 0.046 0.02 0.054 0.034 0.011 0.092 0.04
132 G 0.077 0.023 0.039 0.033 0.011 0.019 0.025 0.517 0.013 0.019 0.028 0.033 0.009 0.016 0.019 0.051 0.029 0.005 0.011 0.024
133 N 0.059 0.043 0.259 0.073 0.011 0.033 0.049 0.065 0.028 0.024 0.034 0.053 0.012 0.018 0.022 0.109 0.057 0.005 0.016 0.03
134 N 0.041 0.032 0.147 0.14 0.009 0.025 0.05 0.046 0.022 0.033 0.051 0.041 0.014 0.111 0.078 0.05 0.038 0.007 0.032 0.033
135 L 0.046 0.032 0.094 0.034 0.014 0.025 0.03 0.034 0.017 0.085 0.225 0.036 0.086 0.042 0.016 0.039 0.039 0.007 0.021 0.076
136 G 0.068 0.024 0.046 0.126 0.01 0.021 0.041 0.399 0.015 0.019 0.028 0.036 0.009 0.016 0.019 0.051 0.031 0.005 0.011 0.024
137 I 0.044 0.021 0.017 0.018 0.013 0.015 0.021 0.023 0.02 0.152 0.123 0.024 0.028 0.152 0.014 0.027 0.034 0.014 0.114 0.125
138 A 0.188 0.031 0.029 0.03 0.019 0.025 0.038 0.06 0.015 0.057 0.136 0.041 0.025 0.029 0.025 0.106 0.053 0.006 0.018 0.068
139 G 0.085 0.027 0.042 0.037 0.012 0.022 0.032 0.404 0.015 0.021 0.031 0.038 0.011 0.017 0.021 0.096 0.042 0.005 0.012 0.028
140 L 0.051 0.032 0.02 0.02 0.016 0.028 0.028 0.028 0.016 0.099 0.194 0.036 0.173 0.047 0.016 0.036 0.04 0.008 0.024 0.091
141 L 0.109 0.028 0.02 0.021 0.016 0.023 0.028 0.039 0.016 0.076 0.14 0.033 0.097 0.128 0.018 0.045 0.038 0.009 0.038 0.076
142 G 0.091 0.034 0.047 0.042 0.016 0.028 0.042 0.173 0.016 0.032 0.044 0.046 0.015 0.02 0.026 0.151 0.112 0.005 0.016 0.044
143 Y 0.047 0.026 0.02 0.018 0.012 0.02 0.026 0.024 0.037 0.073 0.083 0.029 0.022 0.105 0.016 0.031 0.033 0.022 0.251 0.104
144 Y 0.04 0.028 0.021 0.018 0.009 0.021 0.028 0.025 0.046 0.043 0.067 0.031 0.018 0.129 0.015 0.031 0.028 0.028 0.328 0.046
145 R 0.044 0.355 0.038 0.031 0.008 0.048 0.052 0.032 0.023 0.023 0.046 0.118 0.015 0.017 0.019 0.044 0.034 0.006 0.017 0.031
146 G 0.062 0.025 0.029 0.026 0.013 0.021 0.025 0.272 0.015 0.054 0.101 0.032 0.073 0.075 0.017 0.042 0.033 0.008 0.025 0.053
147 Y 0.04 0.032 0.098 0.034 0.009 0.024 0.033 0.034 0.042 0.038 0.058 0.036 0.017 0.101 0.017 0.04 0.033 0.022 0.25 0.041
148 T 0.071 0.032 0.036 0.032 0.018 0.024 0.035 0.038 0.012 0.08 0.08 0.04 0.022 0.026 0.024 0.077 0.205 0.006 0.018 0.122
149 A 0.253 0.033 0.032 0.034 0.02 0.027 0.043 0.074 0.016 0.039 0.054 0.046 0.017 0.021 0.029 0.121 0.057 0.005 0.017 0.061
150 Y 0.058 0.035 0.106 0.042 0.011 0.027 0.039 0.045 0.035 0.034 0.052 0.042 0.016 0.074 0.02 0.09 0.046 0.016 0.172 0.04
151 N 0.067 0.038 0.186 0.061 0.011 0.029 0.044 0.178 0.024 0.023 0.033 0.048 0.012 0.018 0.022 0.105 0.052 0.005 0.015 0.03
152 A 0.131 0.037 0.112 0.049 0.016 0.03 0.045 0.062 0.02 0.037 0.049 0.049 0.016 0.021 0.026 0.119 0.109 0.005 0.017 0.051
153 D 0.042 0.032 0.119 0.227 0.01 0.027 0.062 0.044 0.019 0.045 0.118 0.042 0.02 0.025 0.02 0.049 0.038 0.005 0.015 0.042
154 A 0.301 0.031 0.025 0.029 0.021 0.025 0.04 0.077 0.015 0.043 0.059 0.044 0.017 0.021 0.029 0.084 0.049 0.005 0.017 0.068
155 E 0.055 0.049 0.04 0.089 0.007 0.064 0.305 0.035 0.025 0.022 0.036 0.075 0.013 0.016 0.025 0.055 0.036 0.005 0.016 0.031
156 G 0.071 0.045 0.04 0.036 0.011 0.028 0.038 0.339 0.015 0.025 0.036 0.099 0.012 0.017 0.022 0.056 0.06 0.005 0.013 0.032
157 L 0.051 0.022 0.015 0.016 0.017 0.015 0.02 0.022 0.009 0.168 0.266 0.025 0.041 0.047 0.015 0.026 0.038 0.006 0.021 0.161
158 S 0.095 0.036 0.046 0.044 0.015 0.03 0.048 0.058 0.017 0.028 0.04 0.05 0.014 0.019 0.147 0.184 0.07 0.004 0.016 0.039
159 G 0.13 0.031 0.037 0.034 0.017 0.025 0.036 0.17 0.014 0.042 0.054 0.042 0.016 0.021 0.026 0.079 0.148 0.006 0.016 0.058
160 L 0.052 0.025 0.021 0.021 0.016 0.018 0.024 0.026 0.011 0.14 0.25 0.029 0.038 0.044 0.017 0.041 0.091 0.006 0.02 0.108
161 L 0.11 0.028 0.018 0.02 0.017 0.021 0.027 0.037 0.013 0.092 0.255 0.032 0.072 0.044 0.018 0.042 0.039 0.007 0.021 0.087
162 N 0.05 0.042 0.256 0.071 0.011 0.032 0.046 0.059 0.027 0.03 0.039 0.051 0.013 0.019 0.022 0.074 0.101 0.005 0.016 0.037
163 Q 0.055 0.067 0.043 0.057 0.008 0.186 0.153 0.039 0.028 0.025 0.044 0.086 0.018 0.015 0.024 0.055 0.04 0.006 0.019 0.034
164 F 0.036 0.02 0.017 0.017 0.011 0.013 0.02 0.025 0.017 0.067 0.123 0.021 0.044 0.352 0.011 0.026 0.027 0.016 0.08 0.059
165 L 0.056 0.023 0.015 0.016 0.017 0.016 0.021 0.023 0.009 0.138 0.257 0.025 0.04 0.045 0.015 0.028 0.041 0.006 0.021 0.187
166 K 0.056 0.106 0.041 0.041 0.008 0.053 0.07 0.043 0.02 0.027 0.043 0.289 0.015 0.015 0.027 0.053 0.039 0.005 0.017 0.032
167 L 0.044 0.024 0.014 0.015 0.016 0.016 0.02 0.021 0.01 0.114 0.385 0.025 0.049 0.054 0.014 0.024 0.033 0.007 0.022 0.095
168 G 0.089 0.029 0.04 0.036 0.134 0.024 0.036 0.17 0.015 0.03 0.044 0.04 0.014 0.019 0.023 0.138 0.057 0.005 0.014 0.041
169 R 0.05 0.197 0.112 0.045 0.01 0.039 0.048 0.043 0.023 0.03 0.047 0.084 0.015 0.019 0.021 0.062 0.094 0.005 0.017 0.039
170 A 0.195 0.031 0.03 0.031 0.02 0.025 0.039 0.061 0.014 0.069 0.072 0.042 0.02 0.025 0.026 0.108 0.057 0.005 0.018 0.114
171 L 0.046 0.021 0.015 0.016 0.133 0.014 0.019 0.025 0.011 0.083 0.237 0.022 0.035 0.131 0.014 0.028 0.032 0.009 0.036 0.075
172 G 0.133 0.025 0.035 0.032 0.013 0.02 0.029 0.407 0.014 0.025 0.036 0.036 0.011 0.017 0.021 0.059 0.034 0.005 0.012 0.035
173 F 0.033 0.019 0.017 0.017 0.01 0.01 0.019 0.025 0.017 0.062 0.113 0.019 0.025 0.396 0.01 0.025 0.025 0.017 0.087 0.054
174 V 0.069 0.023 0.02 0.02 0.019 0.018 0.025 0.027 0.009 0.148 0.12 0.028 0.03 0.034 0.018 0.04 0.075 0.005 0.02 0.253
175 S 0.138 0.032 0.037 0.036 0.017 0.025 0.04 0.058 0.017 0.041 0.063 0.042 0.018 0.115 0.025 0.143 0.059 0.008 0.035 0.051
176 L 0.045 0.021 0.014 0.016 0.016 0.015 0.019 0.021 0.009 0.198 0.275 0.024 0.043 0.049 0.014 0.024 0.036 0.006 0.021 0.134
177 F 0.037 0.023 0.019 0.018 0.01 0.016 0.023 0.025 0.031 0.053 0.09 0.025 0.022 0.262 0.013 0.028 0.026 0.022 0.208 0.05
178 I 0.052 0.018 0.015 0.017 0.017 0.014 0.019 0.021 0.009 0.252 0.156 0.024 0.035 0.041 0.015 0.027 0.042 0.006 0.02 0.2
179 F 0.037 0.021 0.016 0.016 0.013 0.013 0.019 0.024 0.014 0.082 0.215 0.021 0.034 0.268 0.012 0.025 0.028 0.013 0.063 0.069
180 I 0.063 0.027 0.026 0.026 0.016 0.022 0.029 0.033 0.013 0.173 0.142 0.034 0.065 0.039 0.019 0.079 0.05 0.006 0.02 0.12
181 Y 0.04 0.032 0.098 0.034 0.009 0.024 0.033 0.034 0.042 0.038 0.058 0.036 0.017 0.101 0.017 0.04 0.033 0.022 0.25 0.041
182 N 0.042 0.044 0.327 0.082 0.009 0.033 0.049 0.064 0.031 0.022 0.031 0.053 0.011 0.018 0.02 0.069 0.049 0.004 0.015 0.027
183 S 0.076 0.035 0.112 0.049 0.015 0.028 0.042 0.054 0.019 0.091 0.07 0.046 0.02 0.026 0.023 0.139 0.062 0.005 0.018 0.071
184 L 0.05 0.047 0.029 0.031 0.012 0.12 0.06 0.031 0.019 0.112 0.161 0.057 0.031 0.032 0.019 0.04 0.038 0.006 0.021 0.085
185 I 0.048 0.025 0.021 0.035 0.014 0.026 0.09 0.024 0.013 0.217 0.133 0.036 0.03 0.037 0.017 0.032 0.038 0.006 0.019 0.138
186 K 0.052 0.087 0.048 0.132 0.008 0.047 0.075 0.043 0.02 0.026 0.039 0.228 0.014 0.015 0.026 0.052 0.038 0.005 0.016 0.03
187 R 0.062 0.245 0.042 0.036 0.01 0.045 0.054 0.042 0.022 0.025 0.044 0.123 0.015 0.018 0.023 0.092 0.047 0.005 0.017 0.033
188 D 0.041 0.037 0.197 0.244 0.008 0.031 0.069 0.055 0.025 0.022 0.029 0.049 0.01 0.016 0.021 0.06 0.042 0.004 0.013 0.025
189 F 0.043 0.034 0.023 0.025 0.011 0.067 0.04 0.029 0.019 0.085 0.113 0.039 0.044 0.213 0.015 0.034 0.033 0.011 0.054 0.069
190 K 0.056 0.106 0.041 0.041 0.008 0.053 0.07 0.043 0.02 0.027 0.043 0.289 0.015 0.015 0.027 0.053 0.039 0.005 0.017 0.032
191 R 0.044 0.355 0.038 0.031 0.008 0.048 0.052 0.032 0.023 0.023 0.046 0.118 0.015 0.017 0.019 0.044 0.034 0.006 0.017 0.031
192 D 0.041 0.033 0.133 0.325 0.008 0.03 0.08 0.05 0.022 0.022 0.028 0.046 0.01 0.015 0.022 0.056 0.038 0.004 0.012 0.025
193 G 0.053 0.117 0.03 0.027 0.011 0.03 0.036 0.151 0.02 0.048 0.128 0.084 0.023 0.04 0.018 0.04 0.032 0.009 0.056 0.047
194 L 0.042 0.023 0.016 0.016 0.013 0.017 0.022 0.023 0.019 0.128 0.209 0.026 0.034 0.071 0.014 0.026 0.032 0.073 0.104 0.094
195 L 0.043 0.029 0.092 0.032 0.014 0.02 0.027 0.032 0.015 0.091 0.296 0.032 0.039 0.045 0.015 0.035 0.037 0.006 0.02 0.078
196 I 0.045 0.02 0.016 0.018 0.014 0.015 0.02 0.021 0.018 0.222 0.141 0.025 0.032 0.065 0.015 0.026 0.036 0.011 0.097 0.142
197 I 0.049 0.019 0.017 0.021 0.015 0.015 0.022 0.024 0.01 0.218 0.133 0.028 0.03 0.036 0.136 0.029 0.038 0.005 0.018 0.138
198 F 0.039 0.02 0.018 0.02 0.01 0.013 0.023 0.028 0.016 0.053 0.093 0.024 0.021 0.3 0.133 0.03 0.028 0.013 0.069 0.048
199 V 0.061 0.02 0.016 0.018 0.018 0.015 0.021 0.023 0.008 0.207 0.142 0.025 0.033 0.038 0.016 0.029 0.045 0.006 0.02 0.24
200 L 0.048 0.021 0.014 0.016 0.016 0.015 0.019 0.021 0.009 0.183 0.27 0.024 0.042 0.048 0.014 0.025 0.037 0.006 0.021 0.148
201 L 0.044 0.022 0.014 0.016 0.016 0.015 0.019 0.021 0.01 0.156 0.33 0.025 0.046 0.051 0.014 0.024 0.034 0.007 0.022 0.115
202 T 0.092 0.033 0.035 0.031 0.016 0.026 0.036 0.042 0.022 0.049 0.064 0.041 0.019 0.049 0.024 0.075 0.174 0.011 0.095 0.064
203 A 0.127 0.03 0.028 0.029 0.018 0.025 0.034 0.048 0.015 0.113 0.115 0.039 0.06 0.033 0.022 0.094 0.052 0.006 0.02 0.094
204 L 0.109 0.022 0.017 0.02 0.017 0.017 0.024 0.035 0.01 0.18 0.194 0.029 0.035 0.041 0.018 0.039 0.04 0.006 0.02 0.128
205 Q 0.055 0.072 0.043 0.046 0.009 0.226 0.101 0.041 0.029 0.026 0.046 0.09 0.02 0.014 0.023 0.055 0.041 0.006 0.02 0.035
206 N 0.056 0.036 0.178 0.055 0.014 0.027 0.04 0.049 0.021 0.065 0.064 0.044 0.018 0.023 0.021 0.065 0.101 0.005 0.017 0.101
207 I 0.052 0.018 0.015 0.017 0.017 0.014 0.019 0.021 0.009 0.252 0.156 0.024 0.035 0.041 0.015 0.027 0.042 0.006 0.02 0.2
208 L 0.045 0.021 0.014 0.016 0.016 0.015 0.019 0.021 0.009 0.198 0.275 0.024 0.043 0.049 0.014 0.024 0.036 0.006 0.021 0.134
209 G 0.076 0.026 0.04 0.034 0.012 0.021 0.029 0.399 0.013 0.027 0.037 0.036 0.012 0.018 0.021 0.061 0.086 0.005 0.012 0.035
210 G 0.077 0.023 0.039 0.033 0.011 0.019 0.025 0.517 0.013 0.019 0.028 0.033 0.009 0.016 0.019 0.051 0.029 0.005 0.011 0.024
211 G 0.077 0.023 0.039 0.033 0.011 0.019 0.025 0.517 0.013 0.019 0.028 0.033 0.009 0.016 0.019 0.051 0.029 0.005 0.011 0.024
212 R 0.044 0.355 0.038 0.031 0.008 0.048 0.052 0.032 0.023 0.023 0.046 0.118 0.015 0.017 0.019 0.044 0.034 0.006 0.017 0.031
213 G 0.066 0.022 0.033 0.029 0.011 0.017 0.024 0.394 0.014 0.03 0.049 0.03 0.013 0.111 0.017 0.044 0.028 0.008 0.03 0.032
214 L 0.049 0.033 0.101 0.038 0.013 0.024 0.034 0.038 0.025 0.058 0.137 0.038 0.024 0.056 0.019 0.054 0.092 0.011 0.096 0.059
215 L 0.047 0.023 0.016 0.017 0.016 0.017 0.021 0.022 0.011 0.194 0.227 0.027 0.074 0.047 0.015 0.027 0.038 0.007 0.022 0.133
216 L 0.044 0.024 0.014 0.015 0.016 0.016 0.02 0.021 0.01 0.114 0.385 0.025 0.049 0.054 0.014 0.024 0.033 0.007 0.022 0.095
217 W 0.098 0.024 0.018 0.019 0.011 0.018 0.027 0.042 0.015 0.033 0.054 0.028 0.016 0.05 0.013 0.038 0.029 0.376 0.055 0.039
218 L 0.044 0.024 0.014 0.015 0.016 0.016 0.02 0.021 0.01 0.114 0.385 0.025 0.049 0.054 0.014 0.024 0.033 0.007 0.022 0.095
219 V 0.112 0.022 0.018 0.02 0.017 0.016 0.025 0.037 0.012 0.137 0.116 0.028 0.027 0.124 0.018 0.041 0.041 0.008 0.036 0.144
220 C 0.084 0.026 0.036 0.032 0.193 0.021 0.032 0.166 0.013 0.032 0.046 0.036 0.014 0.019 0.022 0.114 0.051 0.005 0.014 0.042
221 T 0.076 0.034 0.042 0.037 0.017 0.026 0.04 0.046 0.015 0.048 0.064 0.044 0.019 0.069 0.026 0.118 0.184 0.007 0.026 0.061
222 A 0.197 0.031 0.036 0.035 0.018 0.025 0.039 0.184 0.015 0.033 0.047 0.044 0.015 0.02 0.027 0.112 0.052 0.005 0.016 0.05
223 F 0.033 0.019 0.017 0.017 0.01 0.01 0.019 0.025 0.017 0.062 0.113 0.019 0.025 0.396 0.01 0.025 0.025 0.017 0.087 0.054
224 V 0.071 0.028 0.029 0.028 0.017 0.022 0.031 0.036 0.013 0.137 0.116 0.036 0.045 0.034 0.02 0.088 0.079 0.006 0.02 0.144
225 I 0.116 0.025 0.024 0.025 0.018 0.02 0.028 0.04 0.011 0.165 0.113 0.034 0.027 0.033 0.021 0.056 0.096 0.006 0.019 0.121
226 S 0.106 0.034 0.039 0.036 0.016 0.028 0.041 0.051 0.024 0.04 0.056 0.044 0.017 0.048 0.025 0.128 0.108 0.011 0.095 0.053
227 Y 0.04 0.032 0.098 0.034 0.009 0.024 0.033 0.034 0.042 0.038 0.058 0.036 0.017 0.101 0.017 0.04 0.033 0.022 0.25 0.041
228 I 0.052 0.018 0.015 0.017 0.017 0.014 0.019 0.021 0.009 0.252 0.156 0.024 0.035 0.041 0.015 0.027 0.042 0.006 0.02 0.2
229 L 0.059 0.024 0.022 0.021 0.136 0.017 0.024 0.03 0.01 0.108 0.165 0.029 0.03 0.034 0.018 0.046 0.093 0.006 0.018 0.112
230 N 0.049 0.032 0.136 0.043 0.012 0.024 0.034 0.043 0.019 0.063 0.065 0.038 0.018 0.033 0.017 0.051 0.068 0.129 0.03 0.096
231 L 0.049 0.035 0.028 0.024 0.014 0.03 0.034 0.03 0.103 0.08 0.155 0.038 0.134 0.043 0.017 0.037 0.036 0.008 0.032 0.074
232 R 0.111 0.211 0.036 0.033 0.011 0.043 0.053 0.046 0.02 0.029 0.048 0.142 0.016 0.018 0.024 0.056 0.039 0.005 0.017 0.04
233 K 0.056 0.106 0.041 0.041 0.008 0.053 0.07 0.043 0.02 0.027 0.043 0.289 0.015 0.015 0.027 0.053 0.039 0.005 0.017 0.032
234 Y 0.05 0.115 0.106 0.041 0.01 0.032 0.042 0.042 0.033 0.031 0.05 0.061 0.015 0.06 0.019 0.069 0.041 0.014 0.133 0.037
235 G 0.06 0.035 0.12 0.147 0.01 0.032 0.086 0.169 0.021 0.022 0.031 0.049 0.011 0.017 0.022 0.078 0.043 0.005 0.013 0.028
236 W 0.03 0.022 0.015 0.015 0.007 0.015 0.022 0.03 0.015 0.03 0.052 0.022 0.015 0.06 0.007 0.022 0.022 0.5 0.067 0.03
237 K 0.053 0.09 0.112 0.051 0.009 0.048 0.064 0.048 0.023 0.026 0.04 0.23 0.014 0.016 0.025 0.057 0.042 0.005 0.017 0.031
238 G 0.055 0.132 0.111 0.047 0.009 0.038 0.049 0.164 0.022 0.023 0.037 0.123 0.013 0.017 0.021 0.054 0.038 0.005 0.015 0.028
239 N 0.053 0.085 0.109 0.047 0.01 0.08 0.057 0.045 0.032 0.029 0.047 0.065 0.016 0.045 0.021 0.073 0.044 0.011 0.095 0.036
240 I 0.046 0.018 0.014 0.017 0.016 0.013 0.018 0.02 0.009 0.261 0.193 0.023 0.038 0.045 0.014 0.025 0.038 0.006 0.021 0.164
241 N 0.086 0.057 0.184 0.061 0.011 0.037 0.053 0.061 0.025 0.027 0.039 0.111 0.013 0.018 0.024 0.087 0.05 0.005 0.016 0.035
242 F 0.055 0.024 0.025 0.025 0.014 0.017 0.027 0.034 0.015 0.109 0.108 0.028 0.025 0.214 0.016 0.077 0.043 0.011 0.053 0.081
243 K 0.053 0.09 0.112 0.051 0.009 0.048 0.064 0.048 0.023 0.026 0.04 0.23 0.014 0.016 0.025 0.057 0.042 0.005 0.017 0.031
244 Y 0.038 0.025 0.02 0.018 0.009 0.019 0.025 0.025 0.039 0.048 0.079 0.028 0.02 0.196 0.014 0.029 0.027 0.025 0.268 0.048
245 I 0.046 0.019 0.014 0.017 0.016 0.014 0.018 0.02 0.009 0.24 0.22 0.024 0.039 0.046 0.014 0.024 0.038 0.006 0.021 0.154
246 K 0.05 0.084 0.035 0.035 0.009 0.042 0.057 0.038 0.019 0.036 0.06 0.221 0.018 0.11 0.023 0.046 0.036 0.008 0.035 0.038
247 K 0.05 0.064 0.041 0.126 0.01 0.037 0.062 0.038 0.017 0.09 0.07 0.161 0.019 0.022 0.023 0.045 0.038 0.005 0.016 0.066
248 G 0.133 0.025 0.035 0.032 0.013 0.02 0.029 0.407 0.014 0.025 0.036 0.036 0.011 0.017 0.021 0.059 0.034 0.005 0.012 0.035
249 L 0.077 0.022 0.016 0.018 0.017 0.016 0.021 0.028 0.01 0.189 0.234 0.026 0.039 0.045 0.016 0.032 0.038 0.006 0.021 0.131
250 L 0.049 0.052 0.024 0.026 0.013 0.029 0.038 0.029 0.013 0.144 0.174 0.123 0.032 0.036 0.019 0.035 0.038 0.006 0.019 0.101
251 I 0.078 0.02 0.016 0.019 0.017 0.015 0.021 0.027 0.01 0.231 0.179 0.026 0.035 0.042 0.016 0.032 0.04 0.006 0.02 0.151
252 L 0.042 0.024 0.015 0.016 0.015 0.016 0.021 0.023 0.012 0.099 0.293 0.025 0.058 0.139 0.013 0.026 0.032 0.01 0.039 0.084
253 I 0.078 0.021 0.016 0.018 0.017 0.015 0.021 0.028 0.01 0.21 0.207 0.026 0.037 0.043 0.016 0.032 0.039 0.006 0.02 0.141
254 V 0.083 0.021 0.017 0.019 0.016 0.015 0.023 0.03 0.011 0.152 0.125 0.026 0.029 0.126 0.016 0.035 0.04 0.008 0.037 0.17
255 V 0.057 0.021 0.015 0.017 0.017 0.015 0.021 0.022 0.009 0.18 0.202 0.025 0.037 0.042 0.015 0.028 0.042 0.006 0.021 0.207
256 L 0.039 0.021 0.015 0.016 0.013 0.013 0.019 0.023 0.013 0.088 0.249 0.022 0.037 0.225 0.012 0.024 0.029 0.012 0.055 0.074
257 L 0.051 0.021 0.016 0.017 0.016 0.014 0.02 0.023 0.011 0.14 0.193 0.023 0.035 0.131 0.014 0.027 0.038 0.009 0.038 0.164
258 G 0.097 0.022 0.031 0.029 0.013 0.018 0.025 0.338 0.012 0.087 0.066 0.032 0.017 0.024 0.019 0.048 0.034 0.005 0.014 0.067
259 F 0.033 0.019 0.017 0.017 0.01 0.01 0.019 0.025 0.017 0.062 0.113 0.019 0.025 0.396 0.01 0.025 0.025 0.017 0.087 0.054
260 Y 0.04 0.028 0.021 0.018 0.009 0.021 0.028 0.025 0.046 0.043 0.067 0.031 0.018 0.129 0.015 0.031 0.028 0.028 0.328 0.046
261 F 0.039 0.02 0.015 0.016 0.013 0.012 0.019 0.023 0.013 0.13 0.194 0.021 0.034 0.222 0.012 0.025 0.031 0.012 0.054 0.094
262 L 0.044 0.024 0.014 0.015 0.016 0.016 0.02 0.021 0.01 0.114 0.385 0.025 0.049 0.054 0.014 0.024 0.033 0.007 0.022 0.095
263 K 0.056 0.106 0.041 0.041 0.008 0.053 0.07 0.043 0.02 0.027 0.043 0.289 0.015 0.015 0.027 0.053 0.039 0.005 0.017 0.032
264 Y 0.048 0.034 0.103 0.039 0.011 0.026 0.036 0.039 0.034 0.04 0.058 0.04 0.017 0.075 0.019 0.055 0.09 0.016 0.172 0.047
265 F 0.042 0.021 0.016 0.016 0.014 0.013 0.02 0.023 0.013 0.094 0.217 0.022 0.035 0.223 0.012 0.026 0.031 0.012 0.055 0.098
266 V 0.058 0.02 0.015 0.017 0.017 0.015 0.02 0.022 0.008 0.222 0.147 0.024 0.034 0.039 0.015 0.029 0.044 0.006 0.02 0.227
267 R 0.052 0.272 0.038 0.031 0.008 0.04 0.045 0.154 0.021 0.022 0.041 0.097 0.014 0.017 0.019 0.046 0.033 0.006 0.016 0.029
268 I 0.051 0.103 0.021 0.021 0.015 0.023 0.027 0.024 0.012 0.187 0.126 0.048 0.03 0.035 0.016 0.031 0.04 0.006 0.02 0.165
269 G 0.065 0.025 0.034 0.03 0.012 0.019 0.027 0.276 0.014 0.038 0.058 0.032 0.016 0.113 0.019 0.054 0.085 0.008 0.032 0.043
270 N 0.059 0.043 0.259 0.073 0.011 0.033 0.049 0.065 0.028 0.024 0.034 0.053 0.012 0.018 0.022 0.109 0.057 0.005 0.016 0.03
271 T 0.077 0.054 0.045 0.041 0.015 0.035 0.05 0.048 0.017 0.04 0.053 0.108 0.017 0.021 0.028 0.117 0.159 0.005 0.017 0.053
272 V 0.07 0.025 0.023 0.022 0.019 0.019 0.027 0.029 0.009 0.135 0.112 0.03 0.028 0.032 0.019 0.047 0.101 0.006 0.02 0.227
273 D 0.041 0.037 0.197 0.244 0.008 0.031 0.069 0.055 0.025 0.022 0.029 0.049 0.01 0.016 0.021 0.06 0.042 0.004 0.013 0.025
274 S 0.109 0.04 0.053 0.048 0.017 0.033 0.052 0.065 0.019 0.029 0.041 0.053 0.016 0.021 0.029 0.23 0.081 0.005 0.017 0.041
275 F 0.04 0.018 0.016 0.017 0.013 0.012 0.018 0.023 0.013 0.172 0.139 0.021 0.031 0.22 0.012 0.025 0.032 0.011 0.054 0.114
276 L 0.051 0.02 0.015 0.017 0.017 0.015 0.019 0.021 0.009 0.21 0.211 0.024 0.038 0.044 0.015 0.026 0.04 0.006 0.021 0.181
277 D 0.048 0.031 0.062 0.314 0.01 0.029 0.077 0.045 0.017 0.03 0.037 0.044 0.012 0.017 0.023 0.061 0.091 0.004 0.013 0.035
278 Y 0.04 0.028 0.021 0.018 0.009 0.021 0.028 0.025 0.046 0.043 0.067 0.031 0.018 0.129 0.015 0.031 0.028 0.028 0.328 0.046
279 I 0.046 0.017 0.014 0.017 0.016 0.013 0.017 0.02 0.009 0.282 0.165 0.023 0.036 0.044 0.014 0.025 0.039 0.006 0.02 0.174
280 G 0.091 0.034 0.047 0.042 0.016 0.028 0.042 0.173 0.016 0.032 0.044 0.046 0.015 0.02 0.026 0.151 0.112 0.005 0.016 0.044
281 Y 0.122 0.031 0.03 0.029 0.014 0.025 0.037 0.048 0.031 0.039 0.059 0.04 0.017 0.075 0.022 0.094 0.046 0.016 0.173 0.05
282 Y 0.04 0.028 0.021 0.018 0.009 0.021 0.028 0.025 0.046 0.043 0.067 0.031 0.018 0.129 0.015 0.031 0.028 0.028 0.328 0.046
283 A 0.243 0.028 0.023 0.026 0.021 0.023 0.036 0.064 0.013 0.072 0.076 0.039 0.021 0.025 0.026 0.071 0.049 0.005 0.018 0.121
284 G 0.077 0.023 0.039 0.033 0.011 0.019 0.025 0.517 0.013 0.019 0.028 0.033 0.009 0.016 0.019 0.051 0.029 0.005 0.011 0.024
285 G 0.077 0.023 0.039 0.033 0.011 0.019 0.025 0.517 0.013 0.019 0.028 0.033 0.009 0.016 0.019 0.051 0.029 0.005 0.011 0.024
286 S 0.108 0.04 0.053 0.048 0.017 0.033 0.052 0.065 0.019 0.029 0.041 0.053 0.015 0.021 0.029 0.231 0.081 0.005 0.017 0.041
287 I 0.049 0.018 0.015 0.017 0.016 0.013 0.018 0.021 0.009 0.267 0.161 0.024 0.036 0.042 0.015 0.026 0.04 0.006 0.02 0.187
288 Q 0.055 0.067 0.043 0.057 0.008 0.186 0.153 0.039 0.028 0.025 0.044 0.086 0.018 0.015 0.024 0.055 0.04 0.006 0.019 0.034
289 L 0.043 0.034 0.17 0.048 0.012 0.025 0.034 0.043 0.02 0.068 0.208 0.039 0.03 0.036 0.017 0.046 0.041 0.006 0.019 0.061
290 F 0.033 0.019 0.017 0.017 0.01 0.01 0.019 0.025 0.017 0.062 0.113 0.019 0.025 0.396 0.01 0.025 0.025 0.017 0.087 0.054
291 N 0.042 0.041 0.262 0.163 0.008 0.032 0.059 0.06 0.028 0.022 0.03 0.051 0.011 0.017 0.02 0.064 0.045 0.004 0.014 0.026
292 L 0.046 0.026 0.015 0.016 0.016 0.019 0.022 0.023 0.011 0.11 0.337 0.028 0.08 0.052 0.014 0.027 0.035 0.007 0.022 0.094
293 Y 0.04 0.028 0.021 0.018 0.009 0.021 0.028 0.025 0.046 0.043 0.067 0.031 0.018 0.129 0.015 0.031 0.028 0.028 0.328 0.046
294 I 0.052 0.019 0.015 0.017 0.017 0.014 0.019 0.021 0.009 0.231 0.184 0.024 0.037 0.043 0.015 0.026 0.041 0.006 0.021 0.191
295 K 0.051 0.077 0.116 0.098 0.008 0.067 0.071 0.048 0.024 0.025 0.038 0.174 0.014 0.016 0.024 0.057 0.041 0.005 0.016 0.03
296 D 0.05 0.029 0.081 0.176 0.009 0.025 0.053 0.161 0.026 0.026 0.038 0.039 0.012 0.044 0.019 0.048 0.033 0.01 0.091 0.03
297 P 0.056 0.025 0.023 0.031 0.01 0.02 0.036 0.036 0.013 0.025 0.036 0.041 0.01 0.013 0.501 0.043 0.036 0.003 0.013 0.031
298 P 0.051 0.021 0.019 0.024 0.013 0.017 0.027 0.028 0.011 0.154 0.101 0.032 0.023 0.028 0.258 0.034 0.037 0.004 0.017 0.102
299 L 0.103 0.033 0.036 0.033 0.018 0.026 0.037 0.047 0.014 0.061 0.138 0.042 0.026 0.03 0.025 0.109 0.131 0.006 0.019 0.069
300 P 0.061 0.048 0.044 0.13 0.01 0.032 0.058 0.104 0.017 0.025 0.035 0.104 0.012 0.015 0.144 0.072 0.041 0.004 0.014 0.03
301 S 0.108 0.04 0.053 0.048 0.017 0.033 0.052 0.065 0.019 0.029 0.041 0.053 0.015 0.021 0.029 0.231 0.081 0.005 0.017 0.041
302 K 0.068 0.12 0.044 0.041 0.011 0.047 0.063 0.047 0.02 0.027 0.043 0.209 0.015 0.017 0.027 0.096 0.049 0.005 0.017 0.034
303 L 0.054 0.039 0.029 0.028 0.015 0.07 0.045 0.031 0.016 0.077 0.219 0.046 0.035 0.037 0.02 0.049 0.09 0.006 0.021 0.074
304 L 0.045 0.021 0.014 0.016 0.016 0.015 0.019 0.021 0.009 0.198 0.275 0.024 0.043 0.049 0.014 0.024 0.036 0.006 0.021 0.134
305 W 0.04 0.022 0.015 0.016 0.01 0.015 0.023 0.028 0.013 0.063 0.071 0.023 0.019 0.054 0.01 0.025 0.029 0.376 0.055 0.092
306 G 0.077 0.023 0.039 0.033 0.011 0.019 0.025 0.517 0.013 0.019 0.028 0.033 0.009 0.016 0.019 0.051 0.029 0.005 0.011 0.024
307 Q 0.055 0.081 0.043 0.045 0.009 0.183 0.093 0.041 0.027 0.026 0.045 0.14 0.019 0.015 0.024 0.054 0.04 0.006 0.019 0.034
308 E 0.054 0.049 0.04 0.089 0.007 0.064 0.307 0.034 0.025 0.022 0.036 0.074 0.013 0.016 0.025 0.054 0.036 0.005 0.016 0.031
309 T 0.086 0.037 0.047 0.041 0.017 0.029 0.044 0.051 0.016 0.044 0.056 0.048 0.018 0.022 0.028 0.144 0.191 0.006 0.017 0.059
310 F 0.036 0.02 0.016 0.016 0.012 0.012 0.019 0.024 0.015 0.075 0.181 0.02 0.031 0.31 0.011 0.025 0.027 0.014 0.071 0.064
311 L 0.053 0.028 0.019 0.019 0.015 0.023 0.026 0.026 0.021 0.101 0.146 0.032 0.099 0.065 0.016 0.034 0.039 0.012 0.099 0.127
312 G 0.085 0.027 0.042 0.037 0.012 0.022 0.032 0.404 0.015 0.021 0.031 0.038 0.011 0.017 0.021 0.096 0.042 0.005 0.012 0.028
313 I 0.049 0.018 0.015 0.017 0.016 0.013 0.018 0.021 0.009 0.267 0.161 0.024 0.036 0.042 0.015 0.026 0.04 0.006 0.02 0.187
314 Y 0.04 0.032 0.098 0.034 0.009 0.024 0.033 0.034 0.042 0.038 0.058 0.036 0.017 0.101 0.017 0.04 0.033 0.022 0.25 0.041
315 D 0.075 0.038 0.125 0.146 0.013 0.032 0.06 0.06 0.022 0.026 0.035 0.051 0.013 0.018 0.025 0.146 0.061 0.005 0.015 0.033
316 T 0.062 0.031 0.036 0.032 0.016 0.023 0.034 0.038 0.014 0.055 0.076 0.038 0.021 0.117 0.023 0.075 0.199 0.009 0.035 0.066
317 L 0.044 0.024 0.014 0.015 0.016 0.016 0.02 0.021 0.01 0.114 0.385 0.025 0.049 0.054 0.014 0.024 0.033 0.007 0.022 0.095
318 D 0.045 0.119 0.054 0.228 0.008 0.063 0.109 0.04 0.022 0.023 0.036 0.072 0.013 0.015 0.022 0.05 0.036 0.005 0.014 0.028
319 K 0.056 0.106 0.041 0.041 0.008 0.053 0.07 0.043 0.02 0.027 0.043 0.289 0.015 0.015 0.027 0.053 0.039 0.005 0.017 0.032
