#Seq2Logo.py -f /work3/idamei/ssn-clusterings/clustering/2205111239/clusters/0011_120/sequences.afa -o /work3/idamei/ssn-clusterings/clustering/2205111239/clusters/0011_120/sequences.logo
#Position Specific Frequency Matrix
A R N D C Q E G H I L K M F P S T W Y V
0 L 0.05 0.031 0.019 0.019 0.016 0.027 0.027 0.027 0.016 0.097 0.19 0.035 0.189 0.047 0.016 0.035 0.039 0.008 0.023 0.089
1 K 0.067 0.073 0.043 0.054 0.01 0.049 0.127 0.045 0.021 0.026 0.04 0.183 0.014 0.017 0.027 0.101 0.048 0.005 0.017 0.034
2 L 0.043 0.077 0.061 0.029 0.012 0.025 0.033 0.031 0.016 0.114 0.161 0.073 0.028 0.037 0.016 0.035 0.035 0.069 0.025 0.081
3 Y 0.06 0.044 0.06 0.042 0.011 0.034 0.076 0.041 0.032 0.033 0.05 0.077 0.016 0.063 0.022 0.093 0.044 0.014 0.152 0.039
4 L 0.054 0.044 0.026 0.025 0.013 0.026 0.036 0.03 0.018 0.08 0.121 0.097 0.025 0.089 0.019 0.042 0.066 0.01 0.067 0.114
5 K 0.076 0.059 0.039 0.039 0.013 0.036 0.052 0.047 0.017 0.044 0.051 0.141 0.016 0.019 0.087 0.121 0.054 0.005 0.017 0.068
6 K 0.057 0.107 0.042 0.042 0.009 0.054 0.071 0.043 0.021 0.028 0.043 0.276 0.016 0.016 0.028 0.054 0.04 0.005 0.017 0.033
7 Q 0.056 0.074 0.044 0.047 0.009 0.213 0.103 0.041 0.029 0.027 0.047 0.091 0.021 0.015 0.024 0.056 0.041 0.006 0.021 0.035
8 T 0.073 0.036 0.044 0.038 0.018 0.028 0.039 0.044 0.014 0.053 0.065 0.046 0.02 0.024 0.028 0.093 0.245 0.006 0.018 0.071
9 K 0.057 0.107 0.042 0.042 0.009 0.054 0.071 0.043 0.021 0.028 0.043 0.276 0.016 0.016 0.028 0.054 0.04 0.005 0.017 0.033
10 V 0.054 0.024 0.068 0.028 0.016 0.018 0.025 0.029 0.012 0.165 0.165 0.029 0.032 0.037 0.016 0.035 0.043 0.006 0.02 0.179
11 K 0.057 0.107 0.042 0.042 0.009 0.054 0.071 0.043 0.021 0.028 0.043 0.276 0.016 0.016 0.028 0.054 0.04 0.005 0.017 0.033
12 C 0.087 0.028 0.035 0.032 0.252 0.023 0.034 0.049 0.014 0.037 0.053 0.037 0.016 0.021 0.023 0.132 0.059 0.005 0.015 0.049
13 G 0.069 0.092 0.095 0.046 0.011 0.033 0.046 0.131 0.079 0.024 0.037 0.059 0.013 0.02 0.022 0.113 0.05 0.005 0.022 0.031
14 P 0.055 0.064 0.032 0.033 0.011 0.052 0.048 0.036 0.022 0.033 0.048 0.092 0.015 0.034 0.184 0.052 0.073 0.008 0.069 0.04
15 R 0.054 0.201 0.04 0.035 0.01 0.045 0.055 0.038 0.02 0.03 0.048 0.167 0.016 0.018 0.024 0.056 0.081 0.005 0.017 0.039
16 L 0.06 0.091 0.035 0.039 0.013 0.036 0.081 0.036 0.017 0.058 0.106 0.091 0.022 0.025 0.023 0.065 0.105 0.006 0.018 0.076
17 L 0.047 0.025 0.017 0.017 0.014 0.018 0.023 0.023 0.024 0.095 0.208 0.027 0.033 0.08 0.015 0.028 0.034 0.015 0.145 0.113
18 G 0.054 0.072 0.138 0.05 0.009 0.031 0.042 0.206 0.098 0.021 0.033 0.052 0.012 0.02 0.019 0.054 0.036 0.006 0.023 0.025
19 L 0.058 0.023 0.02 0.021 0.016 0.017 0.024 0.028 0.011 0.132 0.194 0.028 0.033 0.092 0.016 0.058 0.043 0.007 0.03 0.148
20 F 0.039 0.037 0.026 0.023 0.009 0.023 0.033 0.029 0.076 0.045 0.078 0.066 0.02 0.216 0.015 0.032 0.028 0.017 0.144 0.044
21 V 0.106 0.027 0.027 0.028 0.086 0.021 0.032 0.042 0.012 0.073 0.073 0.036 0.02 0.024 0.092 0.08 0.08 0.005 0.017 0.12
22 L 0.051 0.02 0.015 0.017 0.017 0.015 0.019 0.021 0.009 0.203 0.218 0.024 0.038 0.043 0.015 0.026 0.04 0.006 0.02 0.183
23 I 0.048 0.018 0.018 0.019 0.014 0.013 0.018 0.093 0.01 0.22 0.136 0.024 0.03 0.091 0.014 0.028 0.035 0.007 0.028 0.134
24 V 0.061 0.025 0.024 0.023 0.08 0.019 0.027 0.031 0.017 0.117 0.095 0.031 0.024 0.05 0.019 0.057 0.086 0.01 0.081 0.125
25 I 0.125 0.021 0.018 0.021 0.018 0.017 0.024 0.037 0.01 0.202 0.128 0.029 0.03 0.035 0.019 0.042 0.043 0.006 0.019 0.159
26 L 0.065 0.026 0.018 0.018 0.015 0.02 0.025 0.028 0.016 0.091 0.27 0.03 0.059 0.058 0.016 0.035 0.051 0.01 0.066 0.082
27 V 0.101 0.026 0.023 0.024 0.018 0.021 0.029 0.037 0.012 0.141 0.121 0.033 0.05 0.034 0.019 0.068 0.05 0.006 0.02 0.171
28 L 0.047 0.023 0.014 0.015 0.016 0.016 0.02 0.021 0.01 0.119 0.356 0.025 0.046 0.05 0.014 0.025 0.035 0.007 0.021 0.122
29 F 0.081 0.022 0.019 0.022 0.013 0.016 0.026 0.034 0.014 0.081 0.089 0.029 0.021 0.186 0.156 0.038 0.033 0.009 0.046 0.066
30 L 0.059 0.023 0.022 0.022 0.016 0.017 0.025 0.03 0.012 0.125 0.151 0.028 0.03 0.124 0.016 0.061 0.054 0.008 0.035 0.143
31 A 0.174 0.04 0.033 0.06 0.014 0.045 0.17 0.056 0.02 0.032 0.048 0.06 0.015 0.019 0.028 0.07 0.043 0.005 0.017 0.05
32 L 0.095 0.031 0.024 0.025 0.016 0.041 0.035 0.037 0.014 0.088 0.214 0.038 0.04 0.037 0.019 0.068 0.045 0.006 0.02 0.104
33 L 0.045 0.019 0.015 0.016 0.015 0.014 0.018 0.021 0.01 0.198 0.219 0.023 0.037 0.097 0.014 0.025 0.036 0.008 0.03 0.141
34 L 0.039 0.022 0.017 0.017 0.012 0.015 0.021 0.023 0.022 0.103 0.186 0.024 0.031 0.173 0.013 0.026 0.03 0.015 0.13 0.079
35 F 0.08 0.022 0.018 0.018 0.014 0.016 0.023 0.031 0.018 0.077 0.14 0.026 0.027 0.207 0.015 0.035 0.033 0.013 0.094 0.094
36 E 0.055 0.042 0.043 0.127 0.008 0.051 0.243 0.106 0.022 0.021 0.033 0.063 0.012 0.016 0.024 0.053 0.035 0.005 0.015 0.028
37 N 0.05 0.076 0.179 0.062 0.009 0.044 0.06 0.054 0.026 0.025 0.037 0.166 0.013 0.017 0.024 0.062 0.045 0.005 0.017 0.03
38 N 0.058 0.04 0.18 0.06 0.013 0.031 0.044 0.054 0.023 0.038 0.048 0.05 0.015 0.021 0.024 0.081 0.148 0.005 0.017 0.049
39 L 0.045 0.024 0.014 0.015 0.016 0.016 0.02 0.021 0.01 0.115 0.375 0.025 0.05 0.055 0.014 0.024 0.033 0.007 0.022 0.096
40 V 0.058 0.029 0.024 0.03 0.014 0.027 0.067 0.098 0.019 0.085 0.109 0.037 0.067 0.046 0.017 0.038 0.038 0.009 0.064 0.123
41 V 0.054 0.074 0.021 0.021 0.015 0.023 0.03 0.026 0.012 0.154 0.148 0.071 0.03 0.034 0.017 0.033 0.041 0.006 0.019 0.172
42 G 0.101 0.026 0.032 0.033 0.012 0.021 0.034 0.228 0.014 0.025 0.036 0.039 0.011 0.016 0.206 0.076 0.04 0.004 0.013 0.033
43 G 0.048 0.024 0.062 0.028 0.011 0.017 0.025 0.154 0.019 0.079 0.116 0.029 0.022 0.136 0.015 0.037 0.031 0.011 0.074 0.061
44 L 0.051 0.107 0.023 0.022 0.013 0.023 0.028 0.087 0.013 0.13 0.17 0.048 0.03 0.034 0.016 0.033 0.036 0.006 0.018 0.113
45 G 0.109 0.045 0.042 0.039 0.014 0.056 0.05 0.173 0.018 0.029 0.042 0.081 0.015 0.018 0.025 0.115 0.069 0.005 0.016 0.04
46 Y 0.039 0.027 0.021 0.018 0.009 0.021 0.027 0.024 0.045 0.042 0.066 0.03 0.018 0.126 0.015 0.03 0.027 0.027 0.341 0.045
47 T 0.119 0.028 0.028 0.027 0.016 0.021 0.031 0.043 0.014 0.059 0.115 0.035 0.023 0.122 0.021 0.063 0.124 0.008 0.035 0.067
48 D 0.04 0.029 0.067 0.418 0.007 0.029 0.088 0.045 0.018 0.022 0.027 0.043 0.009 0.014 0.022 0.05 0.034 0.004 0.011 0.023
49 E 0.053 0.048 0.039 0.087 0.007 0.062 0.32 0.034 0.025 0.021 0.036 0.073 0.012 0.016 0.025 0.053 0.036 0.005 0.016 0.03
50 I 0.055 0.021 0.021 0.021 0.016 0.016 0.022 0.087 0.01 0.19 0.158 0.027 0.031 0.037 0.016 0.036 0.067 0.006 0.019 0.145
51 L 0.05 0.023 0.018 0.018 0.016 0.016 0.022 0.023 0.01 0.156 0.262 0.027 0.039 0.044 0.016 0.033 0.066 0.006 0.02 0.134
52 G 0.163 0.026 0.031 0.029 0.077 0.021 0.031 0.235 0.013 0.034 0.047 0.036 0.014 0.019 0.023 0.065 0.067 0.005 0.014 0.049
53 L 0.05 0.021 0.014 0.016 0.016 0.015 0.019 0.021 0.009 0.192 0.241 0.024 0.039 0.044 0.014 0.026 0.038 0.006 0.021 0.172
54 L 0.058 0.022 0.018 0.019 0.078 0.016 0.022 0.026 0.009 0.136 0.182 0.026 0.032 0.037 0.016 0.037 0.069 0.006 0.019 0.17
55 C 0.075 0.024 0.028 0.027 0.258 0.019 0.028 0.071 0.012 0.046 0.095 0.031 0.019 0.024 0.02 0.103 0.048 0.005 0.015 0.053
56 L 0.086 0.027 0.022 0.022 0.016 0.021 0.027 0.035 0.014 0.106 0.193 0.032 0.071 0.086 0.018 0.062 0.042 0.008 0.029 0.087
57 F 0.047 0.022 0.02 0.02 0.013 0.016 0.022 0.088 0.013 0.095 0.143 0.026 0.046 0.159 0.076 0.031 0.032 0.009 0.04 0.081
58 Y 0.048 0.027 0.024 0.022 0.011 0.021 0.029 0.029 0.037 0.072 0.075 0.032 0.02 0.103 0.017 0.056 0.035 0.022 0.26 0.06
59 L 0.05 0.023 0.016 0.017 0.016 0.018 0.022 0.023 0.011 0.136 0.212 0.026 0.074 0.09 0.014 0.029 0.038 0.008 0.029 0.147
60 L 0.081 0.022 0.017 0.019 0.016 0.016 0.022 0.029 0.011 0.161 0.193 0.026 0.034 0.086 0.016 0.035 0.047 0.007 0.028 0.135
61 L 0.046 0.025 0.018 0.017 0.013 0.019 0.024 0.023 0.025 0.096 0.185 0.028 0.045 0.081 0.015 0.029 0.033 0.015 0.158 0.104
62 L 0.055 0.027 0.025 0.023 0.013 0.021 0.027 0.102 0.018 0.063 0.167 0.032 0.049 0.053 0.016 0.061 0.037 0.081 0.071 0.059
63 L 0.113 0.025 0.02 0.021 0.016 0.018 0.026 0.037 0.012 0.103 0.205 0.031 0.032 0.084 0.019 0.047 0.066 0.007 0.028 0.088
64 L 0.045 0.024 0.014 0.015 0.016 0.016 0.02 0.021 0.01 0.115 0.375 0.025 0.05 0.055 0.014 0.024 0.033 0.007 0.022 0.096
65 S 0.11 0.04 0.054 0.049 0.018 0.033 0.052 0.066 0.019 0.03 0.042 0.054 0.016 0.021 0.03 0.22 0.082 0.005 0.018 0.042
66 L 0.04 0.022 0.016 0.016 0.013 0.015 0.021 0.022 0.02 0.112 0.203 0.024 0.033 0.158 0.013 0.026 0.03 0.014 0.117 0.084
67 K 0.084 0.16 0.038 0.036 0.01 0.047 0.06 0.043 0.02 0.028 0.044 0.223 0.015 0.016 0.025 0.053 0.038 0.005 0.017 0.036
68 R 0.061 0.207 0.04 0.034 0.01 0.038 0.046 0.161 0.019 0.023 0.04 0.111 0.014 0.017 0.021 0.071 0.039 0.005 0.015 0.03
69 C 0.065 0.016 0.016 0.016 0.484 0.012 0.016 0.032 0.008 0.045 0.065 0.02 0.016 0.02 0.016 0.041 0.037 0.004 0.012 0.057
70 T 0.073 0.036 0.043 0.038 0.018 0.028 0.039 0.043 0.014 0.053 0.065 0.045 0.02 0.024 0.028 0.093 0.246 0.006 0.018 0.071
71 R 0.05 0.164 0.074 0.038 0.008 0.04 0.049 0.099 0.024 0.026 0.043 0.141 0.014 0.03 0.021 0.048 0.035 0.008 0.056 0.031
72 L 0.047 0.02 0.014 0.016 0.016 0.014 0.019 0.021 0.009 0.21 0.246 0.024 0.04 0.045 0.014 0.025 0.037 0.006 0.021 0.157
73 D 0.055 0.057 0.047 0.14 0.01 0.065 0.101 0.041 0.02 0.031 0.043 0.118 0.015 0.017 0.025 0.061 0.096 0.005 0.016 0.039
74 G 0.075 0.09 0.077 0.041 0.01 0.033 0.045 0.228 0.019 0.023 0.036 0.115 0.012 0.016 0.022 0.069 0.039 0.005 0.014 0.03
75 E 0.074 0.043 0.035 0.045 0.073 0.037 0.11 0.041 0.021 0.037 0.064 0.079 0.017 0.033 0.023 0.085 0.072 0.008 0.057 0.046
76 D 0.04 0.027 0.054 0.318 0.009 0.026 0.072 0.039 0.02 0.058 0.049 0.039 0.013 0.032 0.02 0.045 0.034 0.007 0.053 0.045
77 L 0.048 0.091 0.027 0.027 0.012 0.056 0.045 0.03 0.016 0.114 0.161 0.113 0.029 0.032 0.019 0.037 0.036 0.006 0.019 0.082
78 I 0.112 0.035 0.061 0.031 0.014 0.023 0.033 0.043 0.015 0.135 0.098 0.066 0.024 0.076 0.02 0.048 0.04 0.007 0.026 0.095
79 I 0.063 0.025 0.027 0.027 0.016 0.02 0.028 0.034 0.012 0.175 0.149 0.033 0.03 0.036 0.019 0.088 0.077 0.006 0.019 0.116
80 L 0.052 0.022 0.018 0.019 0.016 0.016 0.022 0.024 0.01 0.156 0.193 0.026 0.034 0.086 0.016 0.034 0.067 0.007 0.028 0.155
81 L 0.046 0.021 0.015 0.016 0.015 0.015 0.02 0.022 0.014 0.174 0.21 0.024 0.035 0.086 0.014 0.026 0.035 0.01 0.066 0.138
82 L 0.044 0.02 0.015 0.016 0.015 0.014 0.019 0.022 0.011 0.151 0.233 0.023 0.037 0.137 0.013 0.025 0.034 0.009 0.037 0.128
83 L 0.045 0.023 0.018 0.018 0.015 0.016 0.021 0.024 0.011 0.121 0.29 0.026 0.04 0.092 0.015 0.032 0.062 0.008 0.029 0.095
84 L 0.085 0.023 0.02 0.02 0.077 0.017 0.024 0.032 0.011 0.109 0.172 0.028 0.03 0.082 0.017 0.042 0.066 0.007 0.027 0.112
85 L 0.128 0.025 0.021 0.022 0.018 0.019 0.027 0.039 0.011 0.134 0.175 0.032 0.031 0.036 0.02 0.05 0.07 0.006 0.019 0.118
86 V 0.062 0.022 0.019 0.019 0.078 0.016 0.023 0.026 0.009 0.142 0.149 0.026 0.03 0.035 0.017 0.038 0.071 0.005 0.019 0.195
87 A 0.153 0.025 0.025 0.026 0.017 0.02 0.029 0.107 0.012 0.135 0.094 0.034 0.023 0.029 0.022 0.057 0.07 0.005 0.017 0.1
88 A 0.139 0.023 0.018 0.02 0.078 0.017 0.026 0.041 0.011 0.104 0.132 0.029 0.026 0.078 0.019 0.047 0.04 0.007 0.026 0.118
89 L 0.04 0.02 0.015 0.016 0.013 0.013 0.019 0.022 0.012 0.158 0.194 0.022 0.033 0.138 0.012 0.024 0.031 0.072 0.043 0.104
90 G 0.075 0.024 0.038 0.033 0.011 0.019 0.026 0.466 0.013 0.022 0.032 0.034 0.01 0.017 0.019 0.055 0.059 0.005 0.011 0.029
91 L 0.048 0.021 0.015 0.016 0.015 0.014 0.02 0.022 0.011 0.136 0.217 0.023 0.035 0.135 0.014 0.026 0.036 0.009 0.037 0.151
92 L 0.116 0.022 0.017 0.02 0.017 0.017 0.024 0.035 0.01 0.171 0.179 0.029 0.033 0.038 0.018 0.04 0.041 0.006 0.019 0.149
93 G 0.091 0.03 0.045 0.04 0.014 0.025 0.038 0.295 0.016 0.023 0.034 0.042 0.012 0.018 0.023 0.148 0.054 0.005 0.014 0.032
94 N 0.045 0.042 0.303 0.075 0.01 0.032 0.047 0.06 0.028 0.025 0.034 0.051 0.012 0.018 0.02 0.07 0.076 0.005 0.015 0.031
95 L 0.104 0.024 0.018 0.019 0.016 0.018 0.025 0.033 0.019 0.131 0.139 0.03 0.028 0.059 0.018 0.039 0.039 0.011 0.1 0.131
96 L 0.084 0.025 0.02 0.021 0.016 0.019 0.026 0.031 0.015 0.137 0.162 0.03 0.043 0.049 0.018 0.042 0.068 0.009 0.06 0.125
97 S 0.082 0.038 0.12 0.052 0.014 0.031 0.047 0.059 0.025 0.029 0.041 0.049 0.014 0.033 0.025 0.175 0.065 0.008 0.057 0.037
98 K 0.063 0.144 0.04 0.037 0.01 0.041 0.053 0.143 0.019 0.024 0.039 0.168 0.014 0.016 0.023 0.073 0.04 0.005 0.015 0.031
99 L 0.056 0.022 0.015 0.016 0.017 0.015 0.021 0.022 0.009 0.158 0.232 0.025 0.038 0.042 0.015 0.028 0.041 0.006 0.021 0.203
100 A 0.119 0.035 0.068 0.036 0.016 0.05 0.042 0.047 0.016 0.103 0.08 0.045 0.022 0.026 0.023 0.064 0.101 0.005 0.018 0.084
101 G 0.058 0.072 0.034 0.03 0.012 0.027 0.036 0.095 0.063 0.049 0.058 0.047 0.017 0.035 0.081 0.052 0.093 0.008 0.061 0.073
102 D 0.098 0.034 0.09 0.188 0.013 0.03 0.062 0.057 0.019 0.028 0.037 0.047 0.013 0.018 0.025 0.123 0.063 0.004 0.014 0.037
103 W 0.036 0.033 0.019 0.018 0.009 0.02 0.028 0.029 0.018 0.052 0.08 0.058 0.019 0.06 0.012 0.027 0.026 0.323 0.088 0.044
104 F 0.033 0.019 0.017 0.017 0.01 0.012 0.019 0.024 0.02 0.059 0.105 0.02 0.024 0.372 0.011 0.025 0.025 0.018 0.118 0.052
105 P 0.139 0.031 0.034 0.036 0.015 0.026 0.042 0.056 0.015 0.031 0.043 0.045 0.014 0.017 0.209 0.129 0.055 0.004 0.015 0.043
106 V 0.092 0.021 0.016 0.019 0.018 0.016 0.023 0.029 0.009 0.187 0.129 0.027 0.03 0.035 0.017 0.036 0.045 0.005 0.02 0.227
107 C 0.118 0.023 0.018 0.02 0.138 0.018 0.025 0.039 0.012 0.075 0.133 0.029 0.045 0.078 0.018 0.045 0.039 0.007 0.026 0.096
108 V 0.06 0.021 0.015 0.017 0.018 0.015 0.021 0.023 0.008 0.179 0.167 0.025 0.034 0.038 0.015 0.029 0.044 0.006 0.02 0.245
109 D 0.04 0.029 0.067 0.418 0.007 0.029 0.088 0.045 0.018 0.022 0.027 0.043 0.009 0.014 0.022 0.05 0.034 0.004 0.011 0.023
110 L 0.121 0.026 0.021 0.022 0.078 0.02 0.028 0.04 0.012 0.082 0.169 0.032 0.048 0.034 0.02 0.051 0.069 0.006 0.019 0.103
111 V 0.056 0.021 0.015 0.017 0.017 0.015 0.02 0.022 0.009 0.181 0.203 0.024 0.036 0.041 0.015 0.028 0.042 0.006 0.02 0.213
112 C 0.077 0.025 0.031 0.028 0.198 0.02 0.029 0.102 0.012 0.052 0.061 0.033 0.017 0.022 0.021 0.098 0.077 0.005 0.015 0.079
113 L 0.048 0.034 0.024 0.042 0.012 0.035 0.133 0.026 0.016 0.076 0.235 0.044 0.052 0.038 0.018 0.036 0.034 0.006 0.02 0.069
114 L 0.068 0.03 0.032 0.029 0.016 0.023 0.033 0.038 0.017 0.073 0.149 0.037 0.027 0.044 0.021 0.098 0.105 0.008 0.059 0.093
115 K 0.055 0.103 0.04 0.04 0.008 0.052 0.068 0.042 0.02 0.027 0.042 0.303 0.015 0.015 0.027 0.052 0.038 0.005 0.017 0.032
116 I 0.045 0.019 0.015 0.017 0.015 0.013 0.018 0.022 0.011 0.197 0.174 0.022 0.034 0.134 0.013 0.025 0.035 0.008 0.037 0.147
117 F 0.038 0.02 0.015 0.016 0.013 0.013 0.019 0.022 0.013 0.109 0.224 0.021 0.035 0.229 0.012 0.024 0.029 0.011 0.053 0.083
118 L 0.046 0.022 0.016 0.016 0.014 0.016 0.021 0.025 0.012 0.118 0.152 0.024 0.048 0.092 0.013 0.027 0.034 0.133 0.04 0.131
119 P 0.095 0.024 0.025 0.026 0.136 0.019 0.028 0.1 0.011 0.051 0.059 0.033 0.016 0.02 0.143 0.052 0.067 0.004 0.014 0.078
120 F 0.042 0.021 0.017 0.018 0.012 0.014 0.022 0.025 0.017 0.088 0.114 0.024 0.025 0.231 0.075 0.028 0.031 0.013 0.092 0.091
121 I 0.041 0.018 0.015 0.017 0.014 0.012 0.018 0.022 0.011 0.208 0.143 0.021 0.031 0.18 0.013 0.024 0.033 0.01 0.045 0.127
122 A 0.139 0.023 0.023 0.024 0.016 0.018 0.027 0.134 0.012 0.101 0.089 0.031 0.022 0.074 0.019 0.049 0.04 0.007 0.025 0.127
123 F 0.065 0.025 0.02 0.019 0.014 0.018 0.025 0.029 0.021 0.084 0.107 0.028 0.044 0.151 0.016 0.037 0.05 0.014 0.117 0.118
124 K 0.051 0.084 0.035 0.035 0.008 0.044 0.058 0.037 0.026 0.031 0.048 0.234 0.016 0.043 0.024 0.046 0.036 0.011 0.098 0.035
125 Y 0.05 0.039 0.031 0.029 0.011 0.076 0.047 0.033 0.029 0.043 0.066 0.047 0.02 0.108 0.019 0.05 0.091 0.015 0.148 0.049
126 L 0.045 0.023 0.017 0.017 0.014 0.017 0.022 0.023 0.02 0.138 0.16 0.026 0.05 0.11 0.014 0.028 0.034 0.013 0.109 0.12
127 L 0.147 0.024 0.019 0.021 0.017 0.018 0.027 0.042 0.012 0.108 0.17 0.031 0.03 0.082 0.019 0.047 0.04 0.007 0.027 0.113
128 K 0.094 0.052 0.075 0.041 0.013 0.033 0.047 0.049 0.022 0.036 0.05 0.109 0.016 0.033 0.025 0.089 0.103 0.008 0.057 0.047
129 E 0.099 0.045 0.04 0.049 0.013 0.052 0.117 0.047 0.064 0.044 0.052 0.07 0.017 0.021 0.024 0.101 0.049 0.005 0.022 0.07
130 D 0.048 0.034 0.087 0.205 0.009 0.032 0.095 0.062 0.064 0.04 0.044 0.046 0.013 0.02 0.021 0.051 0.046 0.005 0.019 0.06
131 E 0.054 0.065 0.074 0.06 0.009 0.049 0.155 0.039 0.022 0.041 0.049 0.15 0.015 0.018 0.024 0.052 0.04 0.005 0.017 0.063
132 K 0.096 0.05 0.04 0.082 0.013 0.034 0.052 0.048 0.021 0.039 0.063 0.108 0.037 0.035 0.024 0.099 0.048 0.008 0.057 0.046
133 K 0.091 0.067 0.037 0.045 0.011 0.069 0.104 0.044 0.02 0.036 0.062 0.151 0.037 0.02 0.025 0.07 0.043 0.006 0.018 0.044
134 D 0.08 0.088 0.041 0.135 0.01 0.063 0.097 0.042 0.02 0.037 0.084 0.092 0.018 0.021 0.022 0.051 0.037 0.005 0.016 0.042
135 I 0.053 0.023 0.017 0.018 0.016 0.019 0.022 0.024 0.011 0.187 0.164 0.028 0.092 0.042 0.015 0.03 0.041 0.006 0.021 0.171
136 L 0.067 0.026 0.025 0.025 0.017 0.021 0.028 0.033 0.012 0.147 0.155 0.032 0.05 0.037 0.018 0.083 0.05 0.006 0.02 0.149
137 R 0.078 0.211 0.076 0.038 0.009 0.042 0.051 0.043 0.066 0.025 0.043 0.113 0.015 0.019 0.021 0.052 0.037 0.006 0.021 0.033
138 Y 0.076 0.027 0.059 0.027 0.013 0.02 0.028 0.034 0.026 0.112 0.126 0.032 0.025 0.069 0.017 0.039 0.036 0.014 0.14 0.083
139 L 0.044 0.024 0.014 0.015 0.016 0.017 0.02 0.021 0.01 0.11 0.371 0.026 0.066 0.052 0.014 0.025 0.033 0.007 0.022 0.092
140 R 0.115 0.123 0.03 0.028 0.013 0.032 0.042 0.043 0.02 0.045 0.097 0.09 0.02 0.037 0.022 0.056 0.067 0.008 0.058 0.054
141 P 0.054 0.034 0.024 0.03 0.01 0.023 0.037 0.034 0.013 0.059 0.052 0.071 0.014 0.017 0.388 0.041 0.036 0.003 0.014 0.048
142 L 0.045 0.023 0.017 0.02 0.013 0.016 0.024 0.026 0.013 0.099 0.18 0.028 0.049 0.129 0.137 0.03 0.033 0.008 0.035 0.077
143 A 0.236 0.033 0.035 0.036 0.019 0.027 0.043 0.071 0.016 0.037 0.051 0.046 0.016 0.021 0.029 0.144 0.06 0.005 0.017 0.057
144 K 0.055 0.103 0.04 0.04 0.008 0.052 0.068 0.042 0.02 0.027 0.042 0.303 0.015 0.015 0.027 0.052 0.038 0.005 0.017 0.032
145 L 0.075 0.023 0.016 0.017 0.015 0.016 0.022 0.029 0.011 0.101 0.275 0.026 0.038 0.093 0.015 0.031 0.033 0.05 0.033 0.084
146 F 0.036 0.021 0.016 0.016 0.011 0.013 0.02 0.023 0.018 0.071 0.176 0.021 0.03 0.284 0.012 0.025 0.027 0.015 0.102 0.062
147 L 0.083 0.023 0.019 0.02 0.077 0.017 0.023 0.031 0.01 0.133 0.212 0.028 0.033 0.038 0.018 0.041 0.066 0.006 0.019 0.101
148 W 0.08 0.024 0.018 0.018 0.014 0.018 0.025 0.032 0.016 0.107 0.104 0.028 0.044 0.053 0.015 0.035 0.036 0.134 0.072 0.127
149 L 0.064 0.028 0.026 0.025 0.017 0.021 0.029 0.032 0.011 0.098 0.201 0.033 0.032 0.037 0.019 0.07 0.102 0.006 0.019 0.13
150 G 0.168 0.027 0.032 0.031 0.016 0.022 0.033 0.237 0.014 0.046 0.053 0.038 0.015 0.021 0.023 0.084 0.045 0.005 0.015 0.075
151 L 0.125 0.027 0.026 0.026 0.016 0.021 0.03 0.105 0.014 0.07 0.126 0.034 0.044 0.077 0.02 0.072 0.043 0.007 0.026 0.091
152 I 0.079 0.02 0.016 0.018 0.015 0.014 0.021 0.029 0.011 0.167 0.15 0.025 0.031 0.131 0.015 0.033 0.037 0.008 0.036 0.142
153 F 0.036 0.018 0.016 0.016 0.072 0.01 0.018 0.025 0.015 0.059 0.104 0.019 0.023 0.359 0.011 0.026 0.026 0.015 0.077 0.053
154 G 0.199 0.028 0.033 0.032 0.016 0.023 0.035 0.243 0.014 0.031 0.044 0.04 0.014 0.019 0.025 0.09 0.045 0.005 0.014 0.047
155 L 0.057 0.023 0.018 0.019 0.017 0.017 0.023 0.024 0.009 0.162 0.193 0.027 0.034 0.039 0.016 0.035 0.07 0.006 0.02 0.19
156 I 0.085 0.02 0.016 0.019 0.017 0.015 0.021 0.028 0.009 0.23 0.14 0.026 0.032 0.038 0.016 0.033 0.042 0.006 0.02 0.188
157 S 0.106 0.039 0.052 0.047 0.017 0.032 0.051 0.064 0.019 0.029 0.04 0.052 0.015 0.02 0.029 0.246 0.079 0.005 0.017 0.04
158 Q 0.052 0.058 0.035 0.038 0.01 0.185 0.079 0.035 0.024 0.07 0.104 0.072 0.025 0.023 0.021 0.046 0.039 0.006 0.02 0.059
159 F 0.037 0.019 0.016 0.016 0.011 0.011 0.019 0.024 0.015 0.073 0.112 0.019 0.025 0.361 0.011 0.025 0.027 0.015 0.078 0.083
160 V 0.096 0.024 0.02 0.021 0.018 0.018 0.026 0.032 0.01 0.125 0.143 0.03 0.03 0.034 0.019 0.044 0.074 0.006 0.019 0.212
161 D 0.04 0.034 0.163 0.241 0.008 0.029 0.065 0.049 0.026 0.024 0.033 0.045 0.011 0.03 0.02 0.054 0.038 0.007 0.054 0.027
162 I 0.045 0.018 0.014 0.017 0.016 0.013 0.017 0.02 0.009 0.273 0.192 0.023 0.037 0.044 0.014 0.024 0.038 0.006 0.02 0.161
163 G 0.076 0.022 0.038 0.033 0.01 0.018 0.025 0.527 0.013 0.018 0.027 0.033 0.009 0.016 0.018 0.05 0.029 0.005 0.01 0.023
164 L 0.05 0.031 0.019 0.019 0.016 0.027 0.027 0.027 0.016 0.097 0.19 0.035 0.189 0.047 0.016 0.035 0.039 0.008 0.023 0.089
165 T 0.076 0.033 0.043 0.037 0.016 0.026 0.038 0.105 0.014 0.044 0.056 0.044 0.017 0.022 0.026 0.104 0.217 0.006 0.016 0.059
166 G 0.08 0.03 0.031 0.044 0.011 0.03 0.111 0.219 0.017 0.038 0.089 0.042 0.018 0.07 0.02 0.047 0.032 0.007 0.023 0.041
167 P 0.057 0.026 0.023 0.031 0.01 0.021 0.036 0.036 0.013 0.026 0.036 0.041 0.01 0.013 0.494 0.044 0.036 0.003 0.013 0.031
168 Q 0.056 0.074 0.044 0.047 0.009 0.215 0.103 0.041 0.029 0.026 0.047 0.091 0.021 0.015 0.024 0.056 0.041 0.006 0.021 0.035
169 G 0.057 0.033 0.126 0.045 0.012 0.027 0.034 0.202 0.02 0.047 0.085 0.041 0.062 0.027 0.018 0.052 0.04 0.006 0.017 0.048
170 D 0.056 0.036 0.083 0.149 0.009 0.036 0.121 0.104 0.024 0.025 0.036 0.05 0.012 0.03 0.022 0.075 0.04 0.007 0.055 0.03
171 E 0.056 0.09 0.036 0.059 0.01 0.049 0.183 0.034 0.02 0.043 0.052 0.097 0.016 0.019 0.023 0.054 0.067 0.005 0.017 0.068
172 R 0.043 0.367 0.037 0.03 0.008 0.047 0.051 0.032 0.023 0.023 0.045 0.116 0.015 0.017 0.019 0.043 0.034 0.006 0.017 0.03
173 Y 0.039 0.029 0.061 0.026 0.009 0.023 0.03 0.029 0.043 0.04 0.062 0.033 0.017 0.113 0.016 0.035 0.03 0.024 0.3 0.043
174 G 0.076 0.022 0.038 0.033 0.01 0.018 0.025 0.527 0.013 0.018 0.027 0.033 0.009 0.016 0.018 0.05 0.029 0.005 0.01 0.023
175 I 0.045 0.019 0.014 0.016 0.016 0.014 0.018 0.02 0.009 0.25 0.221 0.023 0.039 0.045 0.014 0.024 0.037 0.006 0.02 0.151
176 K 0.086 0.11 0.036 0.034 0.011 0.041 0.055 0.042 0.063 0.044 0.054 0.18 0.017 0.02 0.024 0.051 0.039 0.005 0.022 0.067
177 P 0.135 0.032 0.034 0.041 0.014 0.029 0.074 0.114 0.016 0.029 0.041 0.047 0.013 0.017 0.147 0.106 0.049 0.005 0.015 0.041
178 F 0.036 0.023 0.019 0.017 0.01 0.016 0.023 0.024 0.031 0.052 0.088 0.024 0.021 0.267 0.013 0.027 0.026 0.022 0.213 0.049
179 N 0.055 0.052 0.111 0.045 0.011 0.032 0.046 0.046 0.024 0.035 0.053 0.107 0.016 0.08 0.022 0.079 0.072 0.009 0.066 0.04
180 F 0.033 0.018 0.016 0.016 0.01 0.01 0.018 0.025 0.016 0.061 0.11 0.018 0.025 0.408 0.01 0.025 0.025 0.016 0.086 0.053
181 I 0.044 0.019 0.015 0.017 0.015 0.013 0.018 0.021 0.011 0.203 0.176 0.022 0.034 0.135 0.013 0.025 0.035 0.008 0.037 0.142
182 F 0.037 0.019 0.016 0.016 0.011 0.011 0.019 0.024 0.015 0.073 0.112 0.019 0.025 0.361 0.011 0.025 0.027 0.015 0.078 0.083
183 G 0.065 0.025 0.038 0.081 0.011 0.021 0.037 0.283 0.014 0.025 0.034 0.037 0.011 0.016 0.143 0.053 0.061 0.004 0.012 0.031
184 F 0.075 0.032 0.103 0.037 0.012 0.025 0.035 0.043 0.064 0.053 0.095 0.037 0.06 0.124 0.017 0.047 0.037 0.009 0.04 0.053
185 S 0.099 0.045 0.076 0.05 0.074 0.085 0.09 0.051 0.021 0.03 0.045 0.059 0.016 0.018 0.024 0.105 0.051 0.005 0.017 0.041
186 G 0.052 0.027 0.033 0.027 0.01 0.021 0.029 0.215 0.104 0.042 0.097 0.031 0.019 0.122 0.016 0.038 0.027 0.009 0.042 0.039
187 G 0.078 0.023 0.039 0.034 0.011 0.019 0.026 0.509 0.014 0.019 0.028 0.034 0.009 0.016 0.019 0.051 0.03 0.005 0.011 0.024
188 G 0.078 0.023 0.039 0.034 0.011 0.019 0.026 0.509 0.014 0.019 0.028 0.034 0.009 0.016 0.019 0.051 0.03 0.005 0.011 0.024
189 S 0.11 0.04 0.054 0.049 0.018 0.033 0.053 0.066 0.019 0.03 0.042 0.054 0.016 0.021 0.03 0.218 0.082 0.005 0.018 0.042
190 R 0.047 0.169 0.034 0.032 0.01 0.112 0.061 0.032 0.021 0.069 0.104 0.082 0.024 0.024 0.019 0.042 0.036 0.006 0.019 0.057
191 F 0.037 0.023 0.018 0.017 0.01 0.016 0.023 0.024 0.03 0.058 0.124 0.025 0.024 0.223 0.013 0.027 0.027 0.021 0.205 0.054
192 G 0.097 0.025 0.029 0.028 0.015 0.019 0.028 0.223 0.012 0.08 0.142 0.033 0.024 0.03 0.019 0.069 0.04 0.006 0.016 0.067
193 A 0.144 0.026 0.021 0.022 0.015 0.02 0.029 0.042 0.024 0.105 0.087 0.033 0.022 0.066 0.02 0.048 0.038 0.014 0.139 0.085
194 V 0.059 0.022 0.018 0.019 0.017 0.016 0.023 0.025 0.009 0.174 0.161 0.027 0.033 0.037 0.017 0.036 0.072 0.006 0.02 0.21
195 V 0.128 0.026 0.023 0.024 0.017 0.02 0.03 0.041 0.016 0.116 0.095 0.033 0.024 0.042 0.02 0.07 0.048 0.008 0.059 0.159
196 L 0.147 0.027 0.019 0.021 0.018 0.022 0.028 0.043 0.013 0.105 0.188 0.034 0.07 0.038 0.02 0.048 0.041 0.006 0.02 0.092
197 C 0.065 0.021 0.02 0.02 0.199 0.016 0.022 0.031 0.01 0.11 0.13 0.026 0.026 0.03 0.017 0.059 0.044 0.005 0.017 0.132
198 A 0.252 0.027 0.023 0.026 0.081 0.022 0.034 0.064 0.013 0.057 0.067 0.038 0.018 0.022 0.025 0.07 0.047 0.005 0.017 0.093
199 L 0.044 0.021 0.014 0.016 0.015 0.014 0.019 0.021 0.01 0.143 0.3 0.023 0.042 0.094 0.014 0.024 0.033 0.008 0.029 0.115
200 L 0.179 0.027 0.019 0.022 0.018 0.02 0.029 0.048 0.012 0.077 0.227 0.034 0.032 0.037 0.021 0.053 0.04 0.006 0.019 0.08
201 I 0.057 0.021 0.018 0.02 0.017 0.016 0.022 0.024 0.009 0.214 0.136 0.026 0.032 0.037 0.016 0.035 0.071 0.006 0.02 0.204
202 L 0.047 0.02 0.014 0.016 0.016 0.014 0.019 0.021 0.009 0.21 0.246 0.024 0.04 0.045 0.014 0.025 0.037 0.006 0.021 0.157
203 L 0.097 0.029 0.026 0.025 0.017 0.022 0.031 0.04 0.013 0.086 0.206 0.035 0.051 0.038 0.02 0.089 0.049 0.006 0.02 0.101
204 F 0.063 0.029 0.029 0.027 0.015 0.022 0.031 0.038 0.016 0.066 0.148 0.034 0.051 0.156 0.018 0.096 0.047 0.01 0.042 0.063
205 T 0.073 0.036 0.044 0.038 0.018 0.028 0.039 0.044 0.014 0.053 0.065 0.046 0.02 0.024 0.028 0.093 0.245 0.006 0.018 0.071
206 N 0.059 0.048 0.152 0.053 0.012 0.033 0.047 0.051 0.021 0.054 0.053 0.089 0.016 0.021 0.023 0.089 0.105 0.005 0.017 0.052
207 K 0.061 0.075 0.041 0.059 0.009 0.053 0.161 0.042 0.022 0.025 0.039 0.185 0.014 0.016 0.026 0.077 0.042 0.005 0.016 0.032
208 L 0.049 0.095 0.032 0.03 0.011 0.063 0.049 0.032 0.069 0.084 0.102 0.092 0.067 0.03 0.019 0.041 0.036 0.006 0.025 0.067
209 D 0.101 0.031 0.045 0.142 0.015 0.026 0.052 0.048 0.015 0.054 0.058 0.042 0.017 0.022 0.024 0.091 0.112 0.005 0.016 0.083
210 K 0.053 0.103 0.051 0.044 0.01 0.069 0.093 0.037 0.02 0.067 0.062 0.123 0.019 0.021 0.023 0.054 0.071 0.005 0.018 0.057
211 K 0.093 0.103 0.036 0.034 0.013 0.037 0.049 0.044 0.02 0.037 0.053 0.138 0.017 0.029 0.025 0.064 0.104 0.007 0.048 0.048
212 K 0.054 0.063 0.101 0.051 0.01 0.041 0.086 0.044 0.025 0.03 0.044 0.145 0.015 0.031 0.024 0.065 0.069 0.008 0.057 0.037
213 L 0.041 0.124 0.075 0.086 0.01 0.028 0.042 0.034 0.019 0.054 0.149 0.057 0.024 0.082 0.017 0.04 0.034 0.007 0.027 0.05
214 R 0.042 0.153 0.025 0.022 0.01 0.029 0.034 0.026 0.028 0.075 0.112 0.061 0.023 0.066 0.016 0.033 0.032 0.014 0.139 0.061
215 F 0.039 0.108 0.022 0.02 0.011 0.023 0.028 0.026 0.017 0.062 0.131 0.046 0.052 0.22 0.014 0.031 0.03 0.011 0.053 0.057
216 Y 0.041 0.027 0.021 0.02 0.009 0.021 0.028 0.025 0.041 0.04 0.062 0.031 0.017 0.112 0.077 0.032 0.028 0.024 0.3 0.043
217 Y 0.049 0.035 0.03 0.046 0.01 0.036 0.137 0.029 0.029 0.067 0.066 0.047 0.018 0.062 0.02 0.046 0.062 0.014 0.138 0.058
218 L 0.115 0.024 0.02 0.022 0.017 0.018 0.026 0.037 0.011 0.156 0.182 0.031 0.032 0.037 0.019 0.047 0.069 0.006 0.019 0.112
219 L 0.08 0.022 0.015 0.017 0.077 0.016 0.021 0.029 0.01 0.14 0.254 0.026 0.037 0.042 0.016 0.033 0.036 0.006 0.019 0.104
220 A 0.19 0.029 0.027 0.028 0.018 0.023 0.034 0.115 0.013 0.062 0.079 0.039 0.039 0.025 0.024 0.067 0.073 0.006 0.017 0.093
221 C 0.054 0.019 0.015 0.016 0.198 0.014 0.018 0.025 0.008 0.138 0.179 0.022 0.031 0.036 0.015 0.031 0.037 0.005 0.017 0.123
222 V 0.049 0.02 0.015 0.017 0.015 0.014 0.02 0.022 0.01 0.168 0.166 0.023 0.033 0.132 0.014 0.027 0.037 0.008 0.037 0.173
223 G 0.1 0.038 0.113 0.047 0.074 0.053 0.047 0.116 0.02 0.029 0.042 0.049 0.014 0.018 0.023 0.107 0.051 0.005 0.015 0.039
224 L 0.047 0.031 0.02 0.021 0.015 0.048 0.032 0.025 0.014 0.118 0.246 0.036 0.096 0.044 0.016 0.032 0.036 0.007 0.022 0.094
225 I 0.045 0.019 0.014 0.016 0.016 0.014 0.018 0.02 0.009 0.25 0.221 0.023 0.039 0.045 0.014 0.024 0.037 0.006 0.02 0.151
226 L 0.051 0.027 0.02 0.02 0.015 0.02 0.025 0.027 0.016 0.091 0.285 0.03 0.058 0.057 0.016 0.054 0.038 0.009 0.061 0.08
227 T 0.159 0.031 0.032 0.031 0.018 0.024 0.036 0.052 0.013 0.078 0.073 0.041 0.02 0.025 0.026 0.079 0.159 0.006 0.017 0.081
228 T 0.067 0.033 0.038 0.034 0.017 0.025 0.036 0.039 0.013 0.059 0.105 0.041 0.023 0.027 0.025 0.081 0.242 0.006 0.018 0.072
229 K 0.055 0.103 0.04 0.04 0.008 0.052 0.068 0.042 0.02 0.027 0.042 0.303 0.015 0.015 0.027 0.052 0.038 0.005 0.017 0.032
230 G 0.087 0.028 0.043 0.038 0.013 0.023 0.034 0.353 0.015 0.022 0.032 0.04 0.011 0.017 0.022 0.123 0.048 0.005 0.013 0.03
231 P 0.072 0.027 0.027 0.029 0.015 0.021 0.034 0.038 0.012 0.076 0.07 0.037 0.019 0.023 0.205 0.089 0.051 0.004 0.016 0.131
232 P 0.136 0.029 0.029 0.031 0.017 0.023 0.037 0.05 0.013 0.064 0.065 0.04 0.018 0.022 0.146 0.101 0.053 0.005 0.017 0.108
233 L 0.042 0.022 0.017 0.017 0.013 0.017 0.021 0.022 0.023 0.155 0.185 0.026 0.032 0.077 0.014 0.026 0.033 0.014 0.141 0.104
234 L 0.054 0.022 0.015 0.017 0.017 0.016 0.021 0.022 0.009 0.174 0.211 0.026 0.056 0.043 0.015 0.028 0.04 0.006 0.021 0.187
235 F 0.042 0.02 0.016 0.016 0.012 0.013 0.02 0.025 0.013 0.107 0.106 0.022 0.025 0.181 0.011 0.026 0.031 0.136 0.056 0.122
236 S 0.112 0.032 0.038 0.036 0.017 0.026 0.04 0.052 0.015 0.077 0.105 0.043 0.023 0.028 0.025 0.151 0.088 0.005 0.018 0.07
237 V 0.094 0.021 0.019 0.021 0.017 0.017 0.024 0.092 0.01 0.161 0.114 0.028 0.027 0.032 0.017 0.038 0.043 0.005 0.018 0.201
238 L 0.058 0.025 0.024 0.024 0.076 0.02 0.026 0.032 0.013 0.121 0.123 0.031 0.065 0.081 0.018 0.065 0.071 0.007 0.027 0.092
239 F 0.038 0.021 0.018 0.017 0.011 0.015 0.021 0.023 0.025 0.113 0.107 0.024 0.025 0.211 0.013 0.027 0.029 0.018 0.165 0.08
240 L 0.047 0.02 0.015 0.016 0.015 0.014 0.019 0.021 0.01 0.198 0.208 0.023 0.036 0.089 0.014 0.025 0.037 0.007 0.029 0.157
241 F 0.047 0.019 0.018 0.019 0.013 0.013 0.019 0.085 0.012 0.156 0.121 0.023 0.027 0.175 0.013 0.028 0.033 0.01 0.043 0.124
242 L 0.044 0.024 0.014 0.016 0.016 0.017 0.02 0.021 0.01 0.133 0.342 0.026 0.064 0.051 0.014 0.025 0.034 0.007 0.022 0.102
243 L 0.085 0.036 0.024 0.024 0.015 0.023 0.032 0.036 0.014 0.076 0.23 0.064 0.033 0.084 0.019 0.062 0.04 0.007 0.028 0.07
244 I 0.049 0.03 0.019 0.02 0.014 0.019 0.025 0.024 0.014 0.213 0.131 0.059 0.03 0.049 0.016 0.029 0.038 0.008 0.06 0.153
245 Y 0.042 0.028 0.02 0.018 0.011 0.022 0.026 0.024 0.033 0.065 0.138 0.031 0.065 0.097 0.015 0.03 0.031 0.02 0.222 0.062
246 F 0.033 0.021 0.016 0.016 0.009 0.014 0.021 0.026 0.019 0.05 0.101 0.022 0.021 0.219 0.01 0.024 0.024 0.202 0.106 0.046
247 K 0.052 0.145 0.034 0.033 0.01 0.066 0.057 0.035 0.023 0.044 0.057 0.16 0.018 0.032 0.021 0.045 0.037 0.008 0.058 0.066
248 K 0.05 0.155 0.041 0.043 0.008 0.05 0.093 0.038 0.066 0.024 0.041 0.195 0.015 0.017 0.023 0.048 0.035 0.005 0.021 0.03
249 D 0.041 0.03 0.069 0.397 0.008 0.03 0.091 0.047 0.019 0.022 0.028 0.045 0.009 0.015 0.022 0.052 0.035 0.004 0.011 0.024
250 R 0.051 0.17 0.083 0.089 0.009 0.04 0.057 0.043 0.066 0.024 0.039 0.105 0.014 0.018 0.021 0.073 0.041 0.005 0.021 0.029
251 A 0.124 0.078 0.041 0.095 0.013 0.039 0.118 0.05 0.019 0.031 0.045 0.061 0.015 0.019 0.025 0.088 0.073 0.005 0.016 0.044
252 T 0.073 0.036 0.044 0.038 0.018 0.028 0.039 0.044 0.014 0.053 0.065 0.046 0.02 0.024 0.028 0.093 0.245 0.006 0.018 0.071
253 S 0.11 0.04 0.054 0.049 0.018 0.033 0.053 0.066 0.019 0.03 0.042 0.054 0.016 0.021 0.03 0.218 0.082 0.005 0.018 0.042
254 Y 0.041 0.028 0.022 0.019 0.009 0.022 0.028 0.025 0.047 0.044 0.069 0.031 0.019 0.131 0.016 0.031 0.028 0.028 0.316 0.047
255 K 0.055 0.092 0.04 0.047 0.008 0.077 0.104 0.041 0.022 0.026 0.041 0.247 0.015 0.015 0.026 0.052 0.038 0.005 0.017 0.032
256 L 0.043 0.02 0.014 0.016 0.015 0.014 0.018 0.021 0.01 0.174 0.273 0.023 0.04 0.093 0.013 0.024 0.034 0.008 0.029 0.117
257 K 0.06 0.07 0.083 0.093 0.01 0.041 0.062 0.048 0.02 0.029 0.041 0.175 0.014 0.017 0.025 0.083 0.073 0.005 0.016 0.036
258 L 0.057 0.034 0.026 0.026 0.015 0.023 0.032 0.031 0.012 0.127 0.131 0.066 0.027 0.031 0.081 0.047 0.097 0.005 0.018 0.116
259 W 0.047 0.111 0.026 0.024 0.01 0.026 0.034 0.034 0.016 0.037 0.089 0.052 0.018 0.037 0.077 0.058 0.035 0.194 0.035 0.039
260 T 0.057 0.042 0.109 0.043 0.014 0.029 0.04 0.042 0.017 0.062 0.102 0.073 0.022 0.026 0.022 0.064 0.129 0.005 0.018 0.085
261 I 0.047 0.02 0.015 0.017 0.015 0.015 0.019 0.021 0.013 0.224 0.175 0.024 0.034 0.053 0.014 0.026 0.037 0.008 0.06 0.161
262 V 0.121 0.023 0.017 0.02 0.018 0.017 0.025 0.035 0.01 0.158 0.152 0.029 0.031 0.035 0.018 0.041 0.044 0.006 0.019 0.181
263 F 0.046 0.019 0.015 0.017 0.014 0.013 0.019 0.023 0.011 0.151 0.163 0.022 0.032 0.179 0.013 0.026 0.035 0.01 0.045 0.148
264 L 0.049 0.023 0.018 0.018 0.015 0.017 0.021 0.084 0.011 0.144 0.266 0.026 0.058 0.045 0.015 0.028 0.034 0.006 0.02 0.103
265 A 0.216 0.03 0.03 0.031 0.018 0.024 0.037 0.123 0.014 0.045 0.093 0.041 0.02 0.024 0.026 0.098 0.049 0.005 0.017 0.06
266 V 0.091 0.023 0.016 0.018 0.018 0.017 0.024 0.029 0.009 0.141 0.187 0.027 0.033 0.038 0.017 0.036 0.043 0.006 0.02 0.207
267 G 0.09 0.022 0.022 0.022 0.015 0.016 0.024 0.155 0.011 0.108 0.129 0.028 0.026 0.078 0.017 0.04 0.037 0.007 0.026 0.127
268 G 0.098 0.021 0.025 0.024 0.076 0.017 0.024 0.219 0.011 0.094 0.077 0.029 0.02 0.025 0.018 0.045 0.038 0.005 0.015 0.119
269 L 0.047 0.02 0.014 0.016 0.016 0.014 0.019 0.021 0.009 0.21 0.246 0.024 0.04 0.045 0.014 0.025 0.037 0.006 0.021 0.157
270 L 0.115 0.023 0.02 0.021 0.016 0.018 0.024 0.097 0.011 0.128 0.207 0.03 0.032 0.038 0.018 0.042 0.037 0.006 0.019 0.097
271 L 0.116 0.023 0.017 0.019 0.017 0.017 0.025 0.036 0.011 0.123 0.179 0.028 0.031 0.083 0.018 0.04 0.04 0.007 0.028 0.141
272 G 0.087 0.028 0.043 0.038 0.013 0.023 0.034 0.353 0.015 0.022 0.032 0.04 0.011 0.017 0.022 0.123 0.048 0.005 0.013 0.03
273 T 0.101 0.079 0.04 0.037 0.014 0.055 0.047 0.108 0.017 0.036 0.051 0.058 0.017 0.02 0.025 0.093 0.131 0.005 0.017 0.05
274 F 0.04 0.021 0.017 0.017 0.012 0.014 0.021 0.025 0.019 0.076 0.117 0.023 0.045 0.281 0.012 0.027 0.03 0.015 0.102 0.087
275 Q 0.054 0.071 0.043 0.046 0.009 0.241 0.099 0.04 0.028 0.026 0.046 0.088 0.02 0.014 0.023 0.054 0.04 0.006 0.02 0.034
276 I 0.046 0.017 0.014 0.017 0.016 0.013 0.017 0.02 0.009 0.296 0.162 0.023 0.036 0.043 0.014 0.024 0.038 0.006 0.02 0.171
277 N 0.051 0.053 0.154 0.063 0.009 0.114 0.1 0.048 0.027 0.027 0.041 0.067 0.015 0.017 0.022 0.063 0.071 0.005 0.017 0.035
278 T 0.068 0.037 0.118 0.049 0.015 0.029 0.042 0.05 0.018 0.041 0.052 0.047 0.016 0.021 0.025 0.104 0.192 0.005 0.017 0.054
279 Y 0.039 0.027 0.021 0.018 0.009 0.021 0.027 0.024 0.045 0.042 0.066 0.03 0.018 0.126 0.015 0.03 0.027 0.027 0.341 0.045
280 L 0.041 0.021 0.014 0.015 0.014 0.014 0.019 0.021 0.011 0.122 0.296 0.023 0.041 0.14 0.013 0.024 0.031 0.009 0.037 0.093
281 L 0.047 0.12 0.024 0.023 0.013 0.03 0.035 0.028 0.016 0.098 0.183 0.085 0.069 0.036 0.017 0.035 0.036 0.006 0.02 0.078
282 D 0.04 0.036 0.203 0.249 0.008 0.031 0.068 0.054 0.024 0.022 0.029 0.048 0.01 0.016 0.021 0.059 0.041 0.004 0.013 0.025
283 L 0.082 0.081 0.032 0.082 0.012 0.033 0.079 0.037 0.02 0.056 0.099 0.082 0.021 0.037 0.021 0.046 0.037 0.008 0.057 0.077
284 E 0.057 0.044 0.12 0.11 0.01 0.065 0.127 0.048 0.024 0.027 0.038 0.06 0.014 0.017 0.024 0.085 0.074 0.005 0.016 0.035
285 A 0.21 0.034 0.039 0.038 0.019 0.028 0.045 0.07 0.016 0.035 0.049 0.048 0.016 0.021 0.029 0.164 0.064 0.005 0.017 0.053
286 P 0.055 0.025 0.023 0.03 0.01 0.02 0.035 0.035 0.012 0.025 0.035 0.04 0.01 0.012 0.511 0.042 0.035 0.003 0.012 0.03
287 R 0.043 0.367 0.037 0.03 0.008 0.047 0.051 0.032 0.023 0.023 0.045 0.116 0.015 0.017 0.019 0.043 0.034 0.006 0.017 0.03
288 L 0.081 0.07 0.022 0.021 0.014 0.025 0.03 0.032 0.022 0.077 0.142 0.042 0.066 0.059 0.017 0.039 0.037 0.012 0.1 0.094
289 L 0.057 0.026 0.025 0.023 0.017 0.019 0.027 0.029 0.011 0.118 0.208 0.032 0.033 0.038 0.019 0.049 0.125 0.006 0.02 0.119
290 L 0.039 0.022 0.015 0.015 0.014 0.014 0.019 0.022 0.012 0.093 0.289 0.022 0.039 0.186 0.012 0.024 0.029 0.01 0.046 0.078
291 F 0.039 0.019 0.015 0.016 0.013 0.012 0.018 0.022 0.013 0.155 0.166 0.021 0.032 0.226 0.012 0.024 0.031 0.011 0.053 0.102
292 R 0.046 0.136 0.072 0.043 0.008 0.042 0.083 0.036 0.029 0.028 0.046 0.128 0.015 0.044 0.021 0.046 0.035 0.011 0.097 0.034
293 Y 0.039 0.027 0.021 0.018 0.009 0.021 0.027 0.024 0.045 0.042 0.066 0.03 0.018 0.126 0.015 0.03 0.027 0.027 0.341 0.045
294 G 0.079 0.024 0.04 0.034 0.011 0.02 0.028 0.469 0.014 0.02 0.029 0.035 0.01 0.016 0.02 0.074 0.035 0.005 0.011 0.026
295 L 0.05 0.021 0.021 0.02 0.013 0.016 0.021 0.148 0.016 0.119 0.169 0.026 0.028 0.095 0.015 0.031 0.031 0.01 0.066 0.084
296 K 0.055 0.075 0.034 0.04 0.01 0.044 0.088 0.036 0.018 0.076 0.067 0.204 0.019 0.021 0.024 0.046 0.039 0.005 0.017 0.082
297 T 0.071 0.034 0.042 0.036 0.017 0.027 0.038 0.042 0.013 0.051 0.063 0.044 0.019 0.023 0.027 0.09 0.272 0.006 0.017 0.069
298 A 0.314 0.03 0.025 0.029 0.021 0.025 0.039 0.076 0.014 0.042 0.057 0.043 0.017 0.021 0.029 0.082 0.048 0.005 0.017 0.066
299 N 0.043 0.085 0.224 0.061 0.009 0.058 0.051 0.051 0.027 0.034 0.08 0.061 0.017 0.021 0.019 0.057 0.043 0.005 0.017 0.036
300 R 0.086 0.162 0.037 0.046 0.012 0.043 0.113 0.04 0.02 0.032 0.049 0.078 0.016 0.019 0.024 0.062 0.096 0.006 0.017 0.044
301 Y 0.038 0.026 0.02 0.018 0.009 0.02 0.026 0.024 0.042 0.045 0.072 0.029 0.019 0.162 0.014 0.029 0.027 0.026 0.309 0.046
302 F 0.033 0.018 0.016 0.016 0.01 0.01 0.018 0.025 0.016 0.061 0.11 0.018 0.025 0.408 0.01 0.025 0.025 0.016 0.086 0.053
303 P 0.055 0.025 0.023 0.03 0.01 0.02 0.035 0.035 0.012 0.025 0.035 0.04 0.01 0.012 0.511 0.042 0.035 0.003 0.012 0.03
304 F 0.037 0.021 0.015 0.016 0.013 0.013 0.019 0.023 0.013 0.084 0.242 0.021 0.035 0.245 0.012 0.024 0.028 0.012 0.056 0.071
305 G 0.076 0.022 0.038 0.033 0.01 0.018 0.025 0.527 0.013 0.018 0.027 0.033 0.009 0.016 0.018 0.05 0.029 0.005 0.01 0.023
306 S 0.158 0.037 0.045 0.043 0.018 0.03 0.048 0.067 0.017 0.032 0.045 0.05 0.016 0.02 0.029 0.205 0.071 0.005 0.017 0.047
307 G 0.076 0.022 0.038 0.033 0.01 0.018 0.025 0.527 0.013 0.018 0.027 0.033 0.009 0.016 0.018 0.05 0.029 0.005 0.01 0.023
308 F 0.033 0.018 0.016 0.016 0.01 0.01 0.018 0.025 0.016 0.061 0.11 0.018 0.025 0.408 0.01 0.025 0.025 0.016 0.086 0.053
309 A 0.262 0.032 0.032 0.033 0.02 0.027 0.042 0.073 0.015 0.038 0.053 0.045 0.016 0.021 0.029 0.123 0.056 0.005 0.017 0.06
310 T 0.071 0.034 0.042 0.036 0.017 0.027 0.038 0.042 0.013 0.051 0.063 0.044 0.019 0.023 0.027 0.09 0.272 0.006 0.017 0.069
311 Y 0.038 0.025 0.02 0.018 0.009 0.018 0.025 0.024 0.038 0.047 0.077 0.027 0.02 0.197 0.014 0.029 0.026 0.024 0.277 0.047
312 G 0.074 0.021 0.035 0.03 0.072 0.017 0.024 0.465 0.012 0.021 0.032 0.031 0.01 0.016 0.018 0.048 0.03 0.005 0.011 0.027
313 S 0.106 0.039 0.052 0.047 0.017 0.032 0.051 0.064 0.019 0.029 0.04 0.052 0.015 0.02 0.029 0.246 0.079 0.005 0.017 0.04
314 D 0.042 0.028 0.061 0.369 0.008 0.028 0.082 0.044 0.017 0.022 0.028 0.043 0.009 0.014 0.083 0.049 0.034 0.003 0.011 0.024
315 L 0.054 0.045 0.028 0.029 0.013 0.106 0.054 0.031 0.019 0.078 0.128 0.054 0.106 0.033 0.018 0.042 0.04 0.007 0.022 0.094
316 A 0.314 0.03 0.025 0.029 0.021 0.025 0.039 0.076 0.014 0.042 0.057 0.043 0.017 0.021 0.029 0.082 0.048 0.005 0.017 0.066
317 A 0.282 0.039 0.027 0.03 0.019 0.028 0.043 0.071 0.015 0.04 0.055 0.075 0.017 0.02 0.028 0.078 0.047 0.005 0.017 0.062
318 R 0.057 0.217 0.037 0.033 0.01 0.042 0.052 0.037 0.02 0.041 0.054 0.143 0.017 0.019 0.022 0.069 0.042 0.005 0.017 0.065
319 N 0.041 0.039 0.26 0.065 0.009 0.03 0.043 0.053 0.034 0.027 0.039 0.047 0.013 0.045 0.018 0.058 0.043 0.01 0.097 0.031
320 Y 0.039 0.027 0.021 0.018 0.009 0.021 0.027 0.024 0.045 0.042 0.066 0.03 0.018 0.126 0.015 0.03 0.027 0.027 0.341 0.045
