#Seq2Logo.py -f /work3/idamei/ssn-clusterings/clustering/2205181126/clusters/0045_17/sequences.afa -o /work3/idamei/ssn-clusterings/clustering/2205181126/clusters/0045_17/sequences.logo
#Position Specific Frequency Matrix
A R N D C Q E G H I L K M F P S T W Y V
0 M 0.047 0.029 0.018 0.018 0.014 0.025 0.025 0.025 0.014 0.09 0.177 0.032 0.246 0.043 0.014 0.032 0.036 0.007 0.022 0.083
1 L 0.048 0.026 0.041 0.026 0.013 0.021 0.044 0.028 0.028 0.094 0.209 0.031 0.041 0.08 0.016 0.058 0.037 0.009 0.065 0.085
2 L 0.166 0.028 0.02 0.023 0.019 0.021 0.03 0.05 0.013 0.08 0.216 0.035 0.034 0.038 0.022 0.055 0.042 0.006 0.02 0.083
3 S 0.11 0.04 0.054 0.049 0.018 0.033 0.053 0.067 0.019 0.03 0.042 0.054 0.016 0.021 0.03 0.216 0.082 0.005 0.018 0.042
4 A 0.287 0.031 0.026 0.03 0.022 0.026 0.041 0.079 0.015 0.043 0.06 0.045 0.018 0.022 0.03 0.085 0.05 0.005 0.018 0.069
5 Y 0.042 0.028 0.039 0.039 0.009 0.02 0.029 0.027 0.031 0.063 0.073 0.043 0.019 0.161 0.014 0.031 0.028 0.019 0.236 0.051
6 L 0.061 0.021 0.016 0.017 0.015 0.015 0.02 0.024 0.011 0.155 0.228 0.024 0.033 0.089 0.014 0.039 0.036 0.007 0.034 0.142
7 L 0.06 0.024 0.018 0.019 0.014 0.028 0.025 0.027 0.012 0.112 0.233 0.027 0.042 0.125 0.014 0.047 0.035 0.008 0.032 0.099
8 I 0.043 0.017 0.013 0.015 0.015 0.013 0.017 0.019 0.008 0.274 0.208 0.022 0.035 0.051 0.013 0.023 0.035 0.006 0.02 0.154
9 S 0.087 0.029 0.034 0.032 0.013 0.023 0.036 0.053 0.015 0.039 0.048 0.037 0.015 0.03 0.02 0.18 0.054 0.162 0.029 0.064
10 L 0.055 0.019 0.015 0.016 0.014 0.013 0.018 0.047 0.01 0.166 0.243 0.022 0.034 0.121 0.013 0.026 0.031 0.008 0.03 0.099
11 I 0.074 0.02 0.017 0.018 0.014 0.014 0.02 0.027 0.01 0.194 0.179 0.024 0.032 0.105 0.015 0.042 0.04 0.007 0.028 0.12
12 V 0.063 0.024 0.023 0.023 0.029 0.018 0.026 0.029 0.009 0.132 0.098 0.029 0.025 0.029 0.018 0.058 0.129 0.005 0.017 0.216
13 L 0.042 0.021 0.014 0.014 0.014 0.014 0.019 0.02 0.01 0.103 0.363 0.023 0.04 0.085 0.013 0.024 0.036 0.007 0.026 0.112
14 I 0.088 0.02 0.016 0.018 0.015 0.015 0.021 0.028 0.011 0.177 0.168 0.024 0.036 0.115 0.015 0.037 0.035 0.007 0.03 0.124
15 L 0.078 0.021 0.016 0.018 0.015 0.015 0.021 0.026 0.01 0.162 0.219 0.025 0.032 0.067 0.015 0.034 0.058 0.006 0.023 0.139
16 S 0.099 0.036 0.049 0.044 0.016 0.03 0.047 0.06 0.017 0.027 0.038 0.049 0.014 0.019 0.027 0.3 0.074 0.005 0.016 0.038
17 F 0.058 0.022 0.023 0.022 0.013 0.016 0.024 0.078 0.015 0.121 0.107 0.027 0.023 0.145 0.016 0.06 0.068 0.01 0.067 0.088
18 F 0.04 0.037 0.019 0.018 0.01 0.018 0.025 0.027 0.02 0.089 0.128 0.055 0.034 0.18 0.013 0.032 0.029 0.038 0.125 0.063
19 L 0.039 0.021 0.013 0.014 0.014 0.014 0.018 0.02 0.01 0.109 0.377 0.022 0.049 0.095 0.012 0.022 0.03 0.007 0.027 0.085
20 F 0.03 0.017 0.015 0.015 0.01 0.01 0.017 0.023 0.015 0.057 0.103 0.017 0.023 0.45 0.01 0.023 0.023 0.015 0.08 0.049
21 K 0.049 0.127 0.036 0.034 0.008 0.06 0.058 0.06 0.031 0.025 0.041 0.249 0.014 0.023 0.022 0.045 0.034 0.007 0.048 0.03
22 K 0.05 0.101 0.033 0.032 0.009 0.051 0.053 0.035 0.02 0.057 0.057 0.235 0.026 0.027 0.022 0.054 0.036 0.007 0.049 0.045
23 A 0.237 0.026 0.022 0.025 0.018 0.021 0.032 0.053 0.012 0.078 0.074 0.035 0.02 0.024 0.023 0.08 0.047 0.005 0.017 0.153
24 A 0.206 0.032 0.036 0.035 0.017 0.026 0.041 0.062 0.015 0.046 0.049 0.044 0.016 0.02 0.026 0.195 0.06 0.005 0.016 0.053
25 G 0.07 0.021 0.035 0.03 0.01 0.017 0.023 0.561 0.012 0.017 0.025 0.03 0.008 0.015 0.017 0.046 0.027 0.005 0.01 0.022
26 S 0.091 0.034 0.044 0.039 0.016 0.028 0.042 0.051 0.015 0.036 0.047 0.045 0.016 0.02 0.026 0.206 0.177 0.005 0.016 0.049
27 L 0.042 0.024 0.015 0.015 0.014 0.018 0.02 0.021 0.011 0.108 0.337 0.026 0.118 0.046 0.013 0.025 0.032 0.007 0.02 0.087
28 S 0.145 0.038 0.071 0.042 0.015 0.04 0.047 0.059 0.018 0.028 0.04 0.061 0.014 0.018 0.025 0.216 0.062 0.005 0.016 0.041
29 L 0.042 0.02 0.014 0.016 0.013 0.014 0.02 0.021 0.009 0.159 0.263 0.024 0.033 0.057 0.091 0.025 0.032 0.019 0.022 0.106
30 L 0.048 0.066 0.065 0.03 0.012 0.036 0.035 0.033 0.018 0.051 0.131 0.064 0.022 0.074 0.04 0.057 0.097 0.008 0.054 0.059
31 K 0.059 0.131 0.066 0.041 0.008 0.066 0.073 0.039 0.02 0.024 0.039 0.249 0.014 0.014 0.023 0.049 0.036 0.005 0.016 0.03
32 L 0.044 0.021 0.016 0.019 0.013 0.016 0.023 0.024 0.01 0.116 0.244 0.028 0.034 0.034 0.203 0.028 0.032 0.005 0.017 0.077
33 N 0.038 0.04 0.378 0.072 0.008 0.03 0.044 0.057 0.045 0.02 0.028 0.048 0.01 0.016 0.018 0.061 0.043 0.004 0.016 0.024
34 L 0.045 0.026 0.016 0.017 0.014 0.022 0.023 0.023 0.013 0.102 0.234 0.029 0.201 0.044 0.014 0.029 0.034 0.007 0.021 0.085
35 I 0.047 0.021 0.029 0.019 0.014 0.016 0.021 0.022 0.025 0.216 0.166 0.025 0.056 0.037 0.024 0.027 0.037 0.005 0.02 0.175
36 S 0.095 0.036 0.061 0.044 0.015 0.029 0.046 0.059 0.017 0.026 0.037 0.048 0.014 0.018 0.026 0.3 0.071 0.005 0.015 0.037
37 W 0.035 0.02 0.015 0.015 0.01 0.015 0.02 0.022 0.02 0.111 0.114 0.023 0.023 0.098 0.011 0.023 0.027 0.173 0.147 0.077
38 I 0.06 0.02 0.029 0.019 0.015 0.015 0.02 0.024 0.01 0.232 0.165 0.025 0.047 0.037 0.015 0.038 0.038 0.005 0.018 0.166
39 F 0.031 0.019 0.016 0.015 0.009 0.012 0.019 0.022 0.021 0.052 0.092 0.019 0.021 0.382 0.01 0.024 0.023 0.017 0.149 0.047
40 Y 0.035 0.024 0.019 0.016 0.008 0.019 0.024 0.023 0.038 0.037 0.059 0.027 0.016 0.109 0.013 0.027 0.024 0.083 0.359 0.04
41 Y 0.038 0.024 0.018 0.017 0.01 0.027 0.025 0.022 0.028 0.069 0.116 0.027 0.022 0.136 0.013 0.027 0.027 0.038 0.238 0.079
42 S 0.065 0.038 0.099 0.082 0.011 0.058 0.078 0.048 0.045 0.024 0.035 0.05 0.013 0.021 0.064 0.152 0.05 0.005 0.032 0.031
43 L 0.037 0.02 0.013 0.014 0.013 0.013 0.018 0.02 0.01 0.101 0.355 0.021 0.038 0.144 0.012 0.022 0.028 0.008 0.033 0.079
44 L 0.045 0.019 0.014 0.015 0.015 0.014 0.018 0.02 0.009 0.181 0.253 0.022 0.035 0.069 0.013 0.026 0.045 0.006 0.023 0.158
45 L 0.056 0.02 0.014 0.015 0.015 0.014 0.019 0.021 0.009 0.171 0.275 0.023 0.044 0.057 0.013 0.025 0.034 0.006 0.021 0.147
46 Q 0.059 0.044 0.036 0.036 0.011 0.13 0.068 0.038 0.036 0.038 0.075 0.054 0.044 0.057 0.02 0.112 0.054 0.007 0.037 0.043
47 S 0.084 0.033 0.056 0.056 0.041 0.027 0.043 0.052 0.017 0.034 0.043 0.044 0.015 0.023 0.024 0.231 0.094 0.005 0.029 0.051
48 F 0.045 0.019 0.016 0.015 0.01 0.012 0.019 0.024 0.018 0.057 0.106 0.02 0.022 0.353 0.011 0.025 0.025 0.035 0.11 0.06
49 I 0.041 0.017 0.013 0.015 0.014 0.012 0.016 0.019 0.008 0.28 0.212 0.021 0.035 0.056 0.013 0.022 0.034 0.006 0.021 0.144
50 G 0.139 0.023 0.033 0.03 0.012 0.019 0.027 0.418 0.013 0.022 0.032 0.033 0.01 0.016 0.02 0.072 0.034 0.005 0.011 0.031
51 S 0.169 0.03 0.036 0.034 0.016 0.025 0.039 0.075 0.014 0.039 0.047 0.042 0.015 0.019 0.057 0.186 0.068 0.005 0.015 0.067
52 L 0.049 0.021 0.044 0.021 0.014 0.016 0.022 0.025 0.01 0.196 0.204 0.026 0.032 0.037 0.015 0.048 0.039 0.005 0.018 0.159
53 L 0.038 0.02 0.013 0.014 0.013 0.013 0.017 0.02 0.01 0.13 0.325 0.021 0.042 0.133 0.012 0.022 0.029 0.008 0.032 0.088
54 I 0.063 0.018 0.014 0.016 0.016 0.013 0.019 0.022 0.008 0.246 0.13 0.023 0.03 0.035 0.014 0.027 0.039 0.005 0.018 0.244
55 V 0.091 0.02 0.015 0.017 0.016 0.015 0.021 0.027 0.01 0.178 0.126 0.024 0.028 0.052 0.015 0.032 0.04 0.006 0.034 0.234
56 L 0.039 0.027 0.101 0.029 0.011 0.019 0.026 0.029 0.028 0.075 0.229 0.03 0.028 0.068 0.014 0.034 0.043 0.01 0.098 0.062
57 G 0.064 0.067 0.117 0.063 0.009 0.039 0.049 0.203 0.05 0.021 0.033 0.081 0.011 0.02 0.019 0.059 0.034 0.005 0.03 0.026
58 I 0.044 0.036 0.016 0.017 0.013 0.016 0.021 0.022 0.01 0.185 0.169 0.034 0.035 0.054 0.013 0.028 0.05 0.066 0.025 0.144
59 D 0.05 0.042 0.057 0.404 0.007 0.028 0.087 0.041 0.017 0.022 0.028 0.043 0.009 0.014 0.02 0.048 0.043 0.004 0.011 0.025
60 N 0.043 0.039 0.158 0.128 0.008 0.043 0.089 0.082 0.106 0.021 0.031 0.058 0.011 0.017 0.019 0.051 0.045 0.005 0.021 0.025
61 H 0.038 0.04 0.055 0.035 0.007 0.033 0.057 0.033 0.327 0.023 0.038 0.052 0.014 0.039 0.017 0.037 0.025 0.009 0.098 0.024
62 Y 0.036 0.026 0.02 0.017 0.008 0.03 0.027 0.023 0.04 0.039 0.061 0.029 0.017 0.125 0.014 0.028 0.025 0.024 0.371 0.041
63 N 0.043 0.045 0.314 0.083 0.009 0.034 0.05 0.066 0.032 0.023 0.032 0.054 0.011 0.018 0.02 0.07 0.05 0.005 0.016 0.027
64 D 0.057 0.033 0.056 0.217 0.013 0.029 0.066 0.045 0.016 0.038 0.047 0.045 0.015 0.019 0.025 0.073 0.14 0.005 0.015 0.048
65 L 0.062 0.04 0.02 0.02 0.014 0.021 0.025 0.048 0.012 0.108 0.222 0.033 0.115 0.038 0.016 0.061 0.038 0.006 0.019 0.081
66 I 0.044 0.017 0.013 0.015 0.015 0.013 0.017 0.019 0.008 0.283 0.2 0.022 0.034 0.04 0.013 0.023 0.037 0.005 0.018 0.164
67 N 0.051 0.078 0.135 0.129 0.009 0.042 0.077 0.064 0.02 0.026 0.049 0.065 0.013 0.017 0.02 0.091 0.063 0.004 0.014 0.032
68 K 0.047 0.166 0.05 0.051 0.008 0.052 0.056 0.036 0.019 0.027 0.045 0.225 0.023 0.016 0.022 0.048 0.056 0.005 0.015 0.033
69 Q 0.056 0.074 0.044 0.047 0.009 0.211 0.103 0.041 0.03 0.027 0.047 0.092 0.021 0.015 0.024 0.056 0.041 0.006 0.021 0.035
70 L 0.043 0.019 0.013 0.015 0.015 0.014 0.018 0.019 0.009 0.205 0.284 0.022 0.046 0.043 0.013 0.023 0.034 0.006 0.019 0.142
71 Y 0.071 0.033 0.045 0.054 0.011 0.036 0.062 0.074 0.051 0.044 0.067 0.05 0.017 0.055 0.019 0.058 0.089 0.009 0.091 0.065
72 D 0.042 0.046 0.099 0.143 0.008 0.026 0.047 0.06 0.089 0.028 0.044 0.04 0.013 0.085 0.017 0.054 0.044 0.008 0.074 0.031
73 G 0.062 0.033 0.032 0.034 0.01 0.065 0.043 0.235 0.016 0.022 0.034 0.046 0.011 0.014 0.218 0.047 0.033 0.004 0.013 0.028
74 E 0.059 0.038 0.041 0.159 0.008 0.076 0.164 0.037 0.036 0.024 0.036 0.053 0.012 0.035 0.06 0.061 0.034 0.005 0.032 0.029
75 E 0.064 0.04 0.07 0.133 0.01 0.054 0.153 0.044 0.02 0.024 0.041 0.065 0.013 0.016 0.023 0.127 0.051 0.004 0.014 0.031
76 S 0.082 0.028 0.031 0.028 0.014 0.023 0.033 0.039 0.019 0.081 0.07 0.036 0.027 0.045 0.02 0.129 0.101 0.009 0.101 0.082
77 R 0.04 0.366 0.033 0.027 0.008 0.041 0.045 0.029 0.019 0.046 0.049 0.119 0.015 0.017 0.017 0.039 0.032 0.005 0.016 0.037
78 L 0.046 0.036 0.036 0.056 0.012 0.037 0.044 0.026 0.013 0.131 0.157 0.044 0.026 0.087 0.015 0.036 0.034 0.013 0.026 0.124
79 I 0.042 0.035 0.035 0.023 0.011 0.022 0.03 0.026 0.035 0.156 0.109 0.088 0.023 0.061 0.016 0.032 0.043 0.01 0.118 0.084
80 G 0.113 0.023 0.033 0.029 0.012 0.018 0.026 0.414 0.012 0.028 0.036 0.032 0.011 0.016 0.019 0.053 0.064 0.005 0.011 0.044
81 W 0.03 0.02 0.015 0.015 0.008 0.014 0.02 0.024 0.02 0.038 0.066 0.021 0.017 0.187 0.009 0.022 0.022 0.275 0.14 0.037
82 L 0.071 0.022 0.016 0.016 0.013 0.016 0.021 0.033 0.016 0.081 0.229 0.025 0.046 0.104 0.014 0.029 0.03 0.05 0.085 0.083
83 A 0.192 0.026 0.024 0.025 0.036 0.021 0.031 0.049 0.014 0.074 0.082 0.034 0.028 0.03 0.021 0.099 0.045 0.046 0.034 0.09
84 V 0.052 0.018 0.014 0.016 0.016 0.013 0.018 0.02 0.008 0.234 0.142 0.022 0.031 0.035 0.014 0.026 0.04 0.005 0.018 0.258
85 C 0.066 0.031 0.024 0.024 0.137 0.072 0.036 0.052 0.014 0.058 0.118 0.038 0.09 0.027 0.017 0.056 0.048 0.005 0.017 0.069
86 Y 0.047 0.023 0.018 0.017 0.009 0.017 0.023 0.024 0.034 0.052 0.069 0.026 0.018 0.158 0.013 0.028 0.025 0.041 0.309 0.047
87 V 0.06 0.024 0.025 0.023 0.055 0.019 0.026 0.029 0.01 0.116 0.105 0.03 0.032 0.028 0.018 0.059 0.149 0.005 0.017 0.17
88 M 0.07 0.028 0.018 0.018 0.015 0.024 0.025 0.028 0.014 0.086 0.185 0.032 0.223 0.041 0.015 0.034 0.036 0.007 0.021 0.08
89 I 0.046 0.018 0.013 0.015 0.015 0.013 0.017 0.019 0.008 0.23 0.21 0.022 0.034 0.055 0.013 0.024 0.036 0.006 0.021 0.185
90 A 0.138 0.024 0.02 0.021 0.016 0.018 0.026 0.048 0.013 0.077 0.123 0.029 0.06 0.137 0.017 0.061 0.038 0.008 0.033 0.094
91 L 0.045 0.021 0.015 0.015 0.013 0.015 0.02 0.023 0.012 0.084 0.235 0.023 0.082 0.195 0.012 0.026 0.029 0.01 0.041 0.086
92 P 0.05 0.023 0.021 0.027 0.009 0.018 0.032 0.032 0.011 0.023 0.032 0.037 0.009 0.011 0.552 0.039 0.032 0.002 0.011 0.027
93 L 0.047 0.02 0.013 0.014 0.034 0.014 0.018 0.02 0.009 0.164 0.323 0.022 0.038 0.059 0.013 0.024 0.032 0.006 0.021 0.11
94 G 0.098 0.026 0.035 0.032 0.013 0.021 0.03 0.298 0.013 0.042 0.043 0.035 0.013 0.018 0.02 0.108 0.084 0.005 0.013 0.051
95 M 0.059 0.029 0.018 0.019 0.014 0.034 0.027 0.026 0.014 0.097 0.172 0.033 0.215 0.04 0.015 0.033 0.036 0.007 0.021 0.092
96 L 0.044 0.025 0.017 0.017 0.013 0.017 0.023 0.023 0.017 0.099 0.225 0.037 0.03 0.058 0.014 0.036 0.032 0.05 0.106 0.119
97 L 0.043 0.02 0.014 0.015 0.014 0.014 0.018 0.02 0.009 0.158 0.27 0.022 0.044 0.091 0.013 0.024 0.033 0.007 0.026 0.147
98 A 0.17 0.024 0.022 0.023 0.036 0.019 0.028 0.043 0.011 0.104 0.09 0.032 0.022 0.042 0.02 0.071 0.076 0.005 0.019 0.143
99 S 0.076 0.045 0.103 0.042 0.012 0.04 0.044 0.086 0.018 0.039 0.062 0.102 0.024 0.02 0.022 0.127 0.059 0.005 0.015 0.06
100 L 0.046 0.104 0.026 0.025 0.03 0.037 0.037 0.029 0.017 0.08 0.126 0.11 0.031 0.08 0.017 0.054 0.034 0.008 0.052 0.058
101 L 0.041 0.019 0.013 0.014 0.053 0.013 0.017 0.02 0.01 0.143 0.274 0.021 0.035 0.119 0.012 0.023 0.03 0.007 0.03 0.106
102 F 0.058 0.022 0.019 0.018 0.049 0.015 0.022 0.028 0.029 0.071 0.13 0.024 0.031 0.172 0.014 0.042 0.052 0.07 0.057 0.075
103 L 0.045 0.024 0.014 0.015 0.016 0.016 0.02 0.021 0.01 0.115 0.376 0.025 0.05 0.055 0.014 0.024 0.033 0.007 0.022 0.096
104 G 0.057 0.066 0.062 0.036 0.009 0.031 0.042 0.235 0.031 0.025 0.048 0.158 0.013 0.016 0.02 0.057 0.044 0.005 0.015 0.029
105 F 0.053 0.05 0.05 0.027 0.01 0.023 0.044 0.05 0.018 0.058 0.072 0.091 0.018 0.19 0.015 0.035 0.03 0.03 0.069 0.066
106 K 0.053 0.157 0.041 0.036 0.008 0.044 0.055 0.107 0.07 0.024 0.04 0.171 0.014 0.018 0.022 0.048 0.034 0.006 0.022 0.029
107 L 0.057 0.023 0.015 0.016 0.018 0.016 0.022 0.023 0.009 0.14 0.253 0.026 0.041 0.045 0.015 0.029 0.041 0.006 0.021 0.183
108 K 0.049 0.07 0.121 0.11 0.009 0.037 0.073 0.044 0.036 0.035 0.038 0.159 0.013 0.016 0.021 0.078 0.04 0.004 0.016 0.032
109 A 0.166 0.029 0.07 0.033 0.015 0.024 0.035 0.051 0.015 0.062 0.082 0.039 0.04 0.024 0.044 0.116 0.049 0.005 0.016 0.084
110 N 0.058 0.035 0.128 0.046 0.015 0.028 0.038 0.045 0.019 0.069 0.086 0.043 0.043 0.028 0.021 0.065 0.115 0.006 0.018 0.094
111 K 0.053 0.127 0.037 0.055 0.009 0.06 0.091 0.056 0.034 0.03 0.055 0.171 0.015 0.017 0.021 0.069 0.037 0.005 0.017 0.043
112 K 0.063 0.084 0.045 0.036 0.01 0.049 0.071 0.075 0.023 0.058 0.092 0.166 0.018 0.021 0.021 0.055 0.047 0.005 0.016 0.047
113 E 0.074 0.035 0.028 0.046 0.011 0.055 0.174 0.032 0.019 0.06 0.119 0.048 0.021 0.045 0.02 0.061 0.036 0.007 0.04 0.071
114 F 0.033 0.019 0.016 0.015 0.01 0.012 0.019 0.022 0.017 0.069 0.139 0.02 0.028 0.299 0.011 0.024 0.03 0.054 0.106 0.056
115 N 0.044 0.048 0.118 0.105 0.009 0.033 0.116 0.038 0.052 0.045 0.092 0.058 0.017 0.039 0.019 0.06 0.036 0.006 0.027 0.039
116 S 0.082 0.073 0.088 0.062 0.041 0.049 0.068 0.05 0.018 0.038 0.08 0.056 0.017 0.02 0.021 0.099 0.065 0.005 0.015 0.053
117 Y 0.035 0.024 0.019 0.016 0.008 0.018 0.024 0.022 0.038 0.041 0.065 0.026 0.017 0.154 0.013 0.027 0.025 0.024 0.361 0.042
118 L 0.072 0.051 0.019 0.019 0.054 0.018 0.023 0.027 0.01 0.114 0.24 0.032 0.032 0.035 0.016 0.041 0.068 0.005 0.018 0.107
119 K 0.063 0.111 0.064 0.042 0.009 0.088 0.084 0.04 0.036 0.025 0.04 0.162 0.014 0.016 0.022 0.069 0.06 0.005 0.017 0.033
120 K 0.07 0.131 0.038 0.038 0.01 0.057 0.069 0.042 0.019 0.024 0.039 0.215 0.014 0.015 0.023 0.102 0.043 0.005 0.016 0.032
121 P 0.051 0.059 0.043 0.047 0.008 0.032 0.087 0.035 0.016 0.023 0.034 0.122 0.011 0.013 0.287 0.053 0.035 0.003 0.013 0.028
122 I 0.048 0.018 0.013 0.015 0.015 0.013 0.018 0.02 0.008 0.238 0.191 0.022 0.033 0.038 0.013 0.024 0.037 0.005 0.018 0.211
123 E 0.054 0.059 0.06 0.058 0.011 0.075 0.106 0.035 0.018 0.064 0.071 0.09 0.018 0.02 0.02 0.069 0.062 0.005 0.016 0.089
124 P 0.067 0.027 0.042 0.047 0.013 0.023 0.046 0.036 0.029 0.073 0.113 0.036 0.02 0.028 0.131 0.083 0.083 0.005 0.031 0.067
125 L 0.054 0.026 0.025 0.034 0.052 0.022 0.065 0.03 0.014 0.099 0.15 0.033 0.033 0.056 0.037 0.076 0.068 0.006 0.034 0.085
126 L 0.077 0.025 0.035 0.038 0.013 0.018 0.027 0.054 0.015 0.095 0.16 0.04 0.034 0.122 0.016 0.04 0.045 0.009 0.058 0.079
127 S 0.073 0.054 0.054 0.057 0.012 0.03 0.056 0.119 0.016 0.052 0.046 0.083 0.014 0.019 0.023 0.155 0.074 0.005 0.015 0.044
128 K 0.075 0.062 0.076 0.058 0.01 0.033 0.077 0.069 0.021 0.032 0.043 0.12 0.014 0.033 0.063 0.069 0.044 0.006 0.046 0.048
129 N 0.052 0.084 0.147 0.064 0.009 0.045 0.05 0.045 0.04 0.025 0.037 0.118 0.013 0.024 0.021 0.092 0.052 0.006 0.047 0.03
130 D 0.046 0.037 0.066 0.281 0.008 0.034 0.121 0.084 0.018 0.021 0.029 0.076 0.01 0.014 0.021 0.06 0.034 0.004 0.012 0.024
131 S 0.073 0.092 0.097 0.043 0.012 0.031 0.044 0.045 0.019 0.045 0.067 0.098 0.016 0.023 0.021 0.131 0.061 0.005 0.03 0.047
132 Y 0.091 0.027 0.04 0.077 0.011 0.031 0.062 0.035 0.023 0.082 0.068 0.035 0.018 0.082 0.017 0.05 0.034 0.011 0.133 0.073
133 L 0.043 0.02 0.015 0.018 0.014 0.015 0.031 0.021 0.01 0.163 0.209 0.023 0.049 0.12 0.013 0.025 0.033 0.007 0.03 0.142
134 R 0.04 0.165 0.028 0.026 0.008 0.046 0.042 0.029 0.02 0.034 0.06 0.127 0.017 0.154 0.017 0.037 0.04 0.009 0.062 0.037
135 L 0.045 0.048 0.021 0.02 0.012 0.019 0.026 0.045 0.019 0.114 0.155 0.049 0.025 0.095 0.015 0.048 0.033 0.011 0.115 0.087
136 L 0.069 0.024 0.021 0.022 0.013 0.027 0.027 0.03 0.012 0.108 0.148 0.031 0.024 0.074 0.115 0.049 0.068 0.008 0.037 0.092
137 L 0.04 0.021 0.015 0.015 0.013 0.014 0.019 0.021 0.011 0.119 0.284 0.022 0.052 0.136 0.013 0.025 0.041 0.008 0.033 0.099
138 L 0.057 0.026 0.022 0.021 0.032 0.029 0.027 0.028 0.021 0.077 0.155 0.03 0.024 0.061 0.016 0.062 0.051 0.032 0.145 0.083
139 L 0.111 0.021 0.019 0.019 0.054 0.016 0.023 0.052 0.01 0.121 0.168 0.027 0.027 0.079 0.017 0.041 0.064 0.006 0.024 0.102
140 L 0.039 0.02 0.013 0.014 0.033 0.013 0.018 0.02 0.01 0.108 0.346 0.021 0.038 0.114 0.012 0.023 0.029 0.008 0.029 0.092
141 S 0.097 0.033 0.043 0.039 0.045 0.027 0.042 0.053 0.015 0.033 0.057 0.044 0.016 0.02 0.025 0.247 0.102 0.005 0.015 0.044
142 L 0.079 0.02 0.017 0.018 0.013 0.014 0.02 0.078 0.011 0.123 0.192 0.024 0.037 0.145 0.014 0.031 0.031 0.008 0.033 0.093
143 I 0.044 0.017 0.013 0.015 0.015 0.013 0.017 0.019 0.008 0.286 0.192 0.021 0.034 0.04 0.013 0.023 0.035 0.005 0.018 0.171
144 S 0.096 0.029 0.037 0.034 0.159 0.024 0.036 0.07 0.014 0.03 0.043 0.039 0.014 0.018 0.023 0.217 0.059 0.004 0.014 0.041
145 L 0.047 0.02 0.016 0.017 0.034 0.014 0.019 0.042 0.01 0.156 0.188 0.023 0.038 0.096 0.014 0.03 0.056 0.007 0.026 0.148
146 L 0.075 0.021 0.016 0.017 0.014 0.015 0.021 0.047 0.011 0.117 0.25 0.024 0.04 0.125 0.014 0.039 0.032 0.008 0.031 0.082
147 A 0.194 0.031 0.036 0.035 0.017 0.025 0.04 0.059 0.015 0.037 0.049 0.042 0.015 0.036 0.025 0.193 0.069 0.005 0.018 0.059
148 V 0.056 0.019 0.016 0.017 0.035 0.015 0.02 0.023 0.009 0.185 0.119 0.024 0.036 0.036 0.015 0.038 0.041 0.006 0.032 0.258
149 L 0.103 0.021 0.016 0.018 0.035 0.016 0.022 0.03 0.01 0.132 0.218 0.026 0.034 0.051 0.016 0.044 0.037 0.006 0.02 0.147
150 Y 0.036 0.025 0.019 0.016 0.008 0.019 0.025 0.022 0.04 0.041 0.075 0.027 0.018 0.113 0.014 0.027 0.025 0.024 0.382 0.043
151 T 0.062 0.029 0.032 0.029 0.016 0.023 0.032 0.035 0.012 0.074 0.096 0.037 0.054 0.027 0.021 0.082 0.223 0.005 0.017 0.095
152 F 0.035 0.019 0.015 0.015 0.011 0.013 0.018 0.022 0.015 0.088 0.171 0.02 0.05 0.287 0.011 0.024 0.026 0.013 0.081 0.066
153 L 0.053 0.025 0.018 0.018 0.012 0.017 0.023 0.025 0.024 0.117 0.191 0.037 0.036 0.114 0.014 0.042 0.032 0.03 0.093 0.076
154 K 0.073 0.051 0.033 0.031 0.042 0.041 0.044 0.039 0.017 0.059 0.073 0.145 0.026 0.026 0.022 0.104 0.065 0.006 0.037 0.066
155 L 0.047 0.021 0.017 0.018 0.015 0.016 0.021 0.023 0.009 0.189 0.233 0.026 0.05 0.039 0.015 0.04 0.068 0.006 0.019 0.127
156 G 0.058 0.032 0.049 0.115 0.009 0.035 0.055 0.293 0.038 0.021 0.029 0.061 0.01 0.015 0.048 0.055 0.031 0.004 0.013 0.028
157 K 0.052 0.072 0.055 0.057 0.01 0.045 0.094 0.036 0.037 0.033 0.051 0.096 0.024 0.058 0.021 0.074 0.089 0.007 0.05 0.039
158 I 0.043 0.019 0.042 0.02 0.014 0.014 0.02 0.022 0.013 0.254 0.142 0.024 0.029 0.045 0.014 0.027 0.035 0.007 0.06 0.155
159 P 0.051 0.023 0.021 0.028 0.009 0.018 0.032 0.052 0.011 0.023 0.032 0.036 0.009 0.012 0.532 0.039 0.032 0.002 0.011 0.027
160 L 0.04 0.02 0.014 0.016 0.013 0.023 0.02 0.02 0.01 0.188 0.234 0.023 0.038 0.118 0.013 0.024 0.031 0.007 0.03 0.116
161 L 0.042 0.025 0.016 0.016 0.013 0.026 0.023 0.021 0.012 0.122 0.271 0.037 0.047 0.098 0.013 0.025 0.031 0.008 0.041 0.113
162 E 0.074 0.092 0.044 0.097 0.009 0.043 0.162 0.058 0.019 0.025 0.041 0.127 0.021 0.016 0.022 0.063 0.036 0.005 0.015 0.032
163 L 0.057 0.022 0.016 0.016 0.014 0.016 0.021 0.024 0.012 0.11 0.271 0.025 0.068 0.075 0.014 0.037 0.034 0.007 0.038 0.121
164 L 0.038 0.018 0.014 0.015 0.013 0.012 0.017 0.02 0.011 0.144 0.232 0.02 0.032 0.198 0.012 0.022 0.029 0.009 0.041 0.102
165 K 0.062 0.121 0.051 0.036 0.011 0.054 0.05 0.041 0.018 0.031 0.058 0.128 0.016 0.034 0.022 0.122 0.082 0.005 0.018 0.039
166 G 0.067 0.023 0.047 0.031 0.01 0.019 0.026 0.43 0.028 0.026 0.046 0.032 0.011 0.017 0.037 0.064 0.031 0.005 0.012 0.038
167 A 0.124 0.049 0.114 0.05 0.013 0.027 0.046 0.061 0.02 0.037 0.06 0.056 0.015 0.036 0.022 0.115 0.078 0.005 0.018 0.054
168 S 0.081 0.034 0.047 0.153 0.012 0.029 0.065 0.072 0.016 0.028 0.038 0.056 0.013 0.023 0.023 0.163 0.092 0.005 0.015 0.036
169 A 0.161 0.03 0.031 0.039 0.015 0.025 0.056 0.085 0.015 0.04 0.074 0.042 0.017 0.047 0.09 0.094 0.062 0.006 0.02 0.052
170 A 0.18 0.026 0.021 0.024 0.02 0.021 0.032 0.051 0.011 0.104 0.095 0.035 0.025 0.029 0.023 0.059 0.05 0.005 0.019 0.169
171 L 0.068 0.035 0.065 0.041 0.012 0.029 0.088 0.039 0.036 0.069 0.12 0.056 0.022 0.046 0.02 0.101 0.058 0.006 0.021 0.068
172 D 0.071 0.051 0.112 0.139 0.009 0.035 0.13 0.043 0.021 0.029 0.052 0.061 0.013 0.029 0.021 0.074 0.039 0.005 0.029 0.038
173 L 0.055 0.022 0.016 0.016 0.014 0.015 0.02 0.024 0.01 0.104 0.307 0.024 0.044 0.104 0.014 0.037 0.043 0.007 0.028 0.095
174 A 0.24 0.041 0.026 0.042 0.016 0.022 0.034 0.139 0.013 0.051 0.073 0.039 0.034 0.022 0.022 0.07 0.04 0.005 0.015 0.057
175 K 0.066 0.062 0.032 0.038 0.011 0.063 0.096 0.094 0.016 0.069 0.07 0.118 0.018 0.02 0.02 0.064 0.048 0.005 0.016 0.075
176 L 0.052 0.026 0.016 0.017 0.013 0.027 0.024 0.023 0.014 0.092 0.299 0.038 0.056 0.094 0.014 0.027 0.03 0.008 0.054 0.075
177 R 0.039 0.42 0.034 0.027 0.007 0.043 0.046 0.029 0.021 0.021 0.041 0.106 0.014 0.015 0.017 0.039 0.031 0.005 0.015 0.027
178 I 0.058 0.026 0.021 0.026 0.013 0.06 0.056 0.045 0.012 0.236 0.111 0.035 0.027 0.031 0.016 0.034 0.047 0.005 0.017 0.125
179 E 0.064 0.035 0.066 0.142 0.009 0.039 0.182 0.039 0.02 0.042 0.046 0.05 0.022 0.021 0.021 0.081 0.039 0.005 0.028 0.048
180 A 0.218 0.026 0.023 0.024 0.017 0.02 0.031 0.05 0.012 0.079 0.112 0.034 0.022 0.026 0.022 0.087 0.046 0.005 0.017 0.129
181 S 0.105 0.034 0.043 0.054 0.014 0.027 0.042 0.13 0.015 0.029 0.039 0.055 0.013 0.018 0.024 0.2 0.099 0.005 0.014 0.039
182 R 0.047 0.319 0.06 0.03 0.008 0.039 0.044 0.032 0.035 0.029 0.05 0.1 0.024 0.026 0.017 0.041 0.032 0.005 0.018 0.042
183 G 0.065 0.033 0.136 0.052 0.009 0.04 0.099 0.248 0.05 0.019 0.03 0.045 0.01 0.016 0.019 0.051 0.033 0.005 0.015 0.025
184 F 0.03 0.018 0.029 0.017 0.009 0.01 0.018 0.024 0.015 0.06 0.099 0.018 0.022 0.433 0.01 0.024 0.024 0.014 0.075 0.05
185 G 0.1 0.049 0.037 0.054 0.011 0.075 0.074 0.124 0.017 0.027 0.041 0.081 0.014 0.032 0.042 0.099 0.065 0.005 0.017 0.037
186 G 0.068 0.02 0.034 0.029 0.01 0.017 0.022 0.546 0.012 0.029 0.03 0.029 0.009 0.015 0.017 0.045 0.027 0.005 0.01 0.026
187 N 0.04 0.036 0.321 0.079 0.009 0.027 0.042 0.052 0.024 0.064 0.044 0.044 0.013 0.019 0.018 0.065 0.043 0.004 0.014 0.041
188 A 0.287 0.031 0.026 0.03 0.022 0.026 0.041 0.079 0.015 0.043 0.06 0.045 0.018 0.022 0.03 0.085 0.05 0.005 0.018 0.069
189 V 0.052 0.028 0.034 0.029 0.013 0.052 0.069 0.026 0.013 0.129 0.096 0.036 0.032 0.059 0.046 0.034 0.038 0.006 0.022 0.189
190 Y 0.037 0.023 0.017 0.016 0.01 0.017 0.022 0.022 0.03 0.075 0.118 0.025 0.022 0.128 0.013 0.026 0.026 0.039 0.268 0.067
191 I 0.045 0.017 0.014 0.015 0.014 0.012 0.017 0.02 0.009 0.238 0.149 0.021 0.03 0.103 0.013 0.024 0.035 0.007 0.028 0.188
192 R 0.043 0.3 0.033 0.029 0.008 0.042 0.049 0.031 0.019 0.039 0.047 0.171 0.015 0.016 0.019 0.041 0.033 0.005 0.016 0.045
193 N 0.038 0.04 0.395 0.074 0.008 0.03 0.044 0.058 0.028 0.02 0.028 0.048 0.01 0.016 0.018 0.062 0.044 0.004 0.014 0.024
194 I 0.045 0.016 0.013 0.016 0.034 0.012 0.016 0.019 0.008 0.292 0.15 0.021 0.031 0.053 0.013 0.024 0.036 0.006 0.02 0.175
195 F 0.032 0.017 0.015 0.015 0.01 0.01 0.017 0.022 0.014 0.074 0.154 0.018 0.026 0.381 0.01 0.022 0.024 0.013 0.068 0.058
196 A 0.254 0.025 0.027 0.027 0.016 0.02 0.031 0.242 0.012 0.035 0.045 0.035 0.013 0.018 0.022 0.063 0.038 0.005 0.014 0.058
197 L 0.045 0.021 0.015 0.016 0.014 0.015 0.019 0.021 0.01 0.165 0.295 0.024 0.045 0.045 0.014 0.034 0.034 0.007 0.033 0.129
198 G 0.153 0.029 0.044 0.031 0.014 0.042 0.035 0.164 0.014 0.048 0.065 0.039 0.016 0.036 0.021 0.072 0.102 0.005 0.017 0.052
199 L 0.039 0.021 0.013 0.014 0.014 0.015 0.018 0.02 0.01 0.101 0.383 0.022 0.057 0.093 0.012 0.022 0.029 0.007 0.026 0.082
200 T 0.061 0.03 0.034 0.03 0.015 0.023 0.033 0.036 0.012 0.063 0.083 0.038 0.036 0.024 0.042 0.072 0.278 0.005 0.016 0.067
201 P 0.05 0.023 0.021 0.027 0.009 0.018 0.032 0.032 0.011 0.023 0.032 0.037 0.009 0.011 0.552 0.039 0.032 0.002 0.011 0.027
202 I 0.045 0.018 0.014 0.016 0.015 0.013 0.018 0.02 0.008 0.255 0.194 0.022 0.033 0.055 0.013 0.025 0.046 0.006 0.021 0.165
203 L 0.04 0.021 0.013 0.014 0.014 0.014 0.018 0.019 0.009 0.113 0.424 0.022 0.043 0.047 0.013 0.022 0.03 0.006 0.02 0.098
204 S 0.112 0.034 0.044 0.04 0.035 0.028 0.043 0.056 0.016 0.03 0.041 0.045 0.014 0.019 0.026 0.257 0.098 0.005 0.015 0.042
205 Y 0.036 0.023 0.017 0.016 0.01 0.017 0.022 0.021 0.03 0.065 0.145 0.025 0.023 0.147 0.013 0.026 0.026 0.019 0.265 0.055
206 I 0.047 0.017 0.014 0.016 0.015 0.013 0.017 0.02 0.008 0.289 0.136 0.022 0.031 0.052 0.014 0.026 0.048 0.006 0.02 0.189
207 A 0.25 0.026 0.025 0.026 0.016 0.021 0.033 0.057 0.014 0.039 0.058 0.036 0.016 0.087 0.022 0.093 0.053 0.047 0.028 0.054
208 Y 0.034 0.022 0.018 0.016 0.009 0.016 0.022 0.022 0.031 0.048 0.101 0.024 0.02 0.212 0.012 0.026 0.024 0.02 0.274 0.047
209 A 0.154 0.023 0.025 0.025 0.064 0.018 0.027 0.132 0.011 0.085 0.079 0.031 0.019 0.039 0.02 0.078 0.052 0.005 0.017 0.095
210 Y 0.036 0.024 0.019 0.016 0.008 0.019 0.024 0.022 0.04 0.039 0.062 0.027 0.017 0.128 0.014 0.027 0.025 0.024 0.385 0.042
211 Y 0.098 0.031 0.025 0.023 0.011 0.023 0.032 0.036 0.027 0.038 0.068 0.056 0.017 0.069 0.018 0.069 0.056 0.055 0.202 0.045
212 K 0.056 0.111 0.026 0.026 0.01 0.031 0.048 0.03 0.018 0.088 0.087 0.145 0.028 0.05 0.018 0.037 0.034 0.008 0.061 0.087
213 L 0.057 0.084 0.051 0.026 0.031 0.033 0.036 0.031 0.016 0.071 0.163 0.106 0.067 0.033 0.017 0.037 0.034 0.006 0.032 0.07
214 T 0.061 0.031 0.05 0.051 0.014 0.025 0.049 0.039 0.017 0.041 0.054 0.04 0.016 0.047 0.022 0.096 0.225 0.008 0.06 0.053
215 K 0.048 0.133 0.067 0.055 0.008 0.052 0.065 0.038 0.031 0.024 0.04 0.23 0.014 0.031 0.022 0.056 0.036 0.005 0.018 0.029
216 S 0.081 0.045 0.039 0.043 0.012 0.048 0.096 0.054 0.028 0.042 0.058 0.095 0.016 0.023 0.023 0.155 0.066 0.006 0.031 0.042
217 R 0.057 0.138 0.041 0.028 0.01 0.031 0.04 0.032 0.017 0.064 0.117 0.133 0.02 0.04 0.038 0.04 0.049 0.023 0.033 0.051
218 R 0.046 0.126 0.043 0.031 0.009 0.035 0.051 0.051 0.033 0.057 0.072 0.104 0.017 0.088 0.038 0.051 0.055 0.007 0.04 0.045
219 W 0.035 0.026 0.064 0.205 0.007 0.022 0.049 0.036 0.031 0.025 0.04 0.032 0.02 0.032 0.014 0.046 0.029 0.227 0.033 0.027
220 L 0.041 0.086 0.024 0.023 0.03 0.027 0.035 0.027 0.031 0.065 0.155 0.128 0.023 0.103 0.016 0.032 0.03 0.028 0.044 0.053
221 L 0.052 0.02 0.014 0.015 0.014 0.015 0.019 0.022 0.011 0.174 0.243 0.023 0.042 0.104 0.013 0.025 0.032 0.008 0.041 0.115
222 L 0.036 0.021 0.013 0.014 0.011 0.014 0.019 0.022 0.011 0.077 0.239 0.021 0.038 0.079 0.01 0.022 0.027 0.209 0.039 0.077
223 F 0.032 0.017 0.016 0.016 0.029 0.01 0.017 0.023 0.015 0.055 0.098 0.018 0.022 0.425 0.01 0.025 0.034 0.014 0.074 0.049
224 L 0.044 0.036 0.017 0.017 0.013 0.016 0.021 0.022 0.015 0.139 0.242 0.027 0.039 0.075 0.014 0.04 0.033 0.009 0.078 0.102
225 I 0.069 0.02 0.017 0.018 0.029 0.015 0.021 0.041 0.011 0.159 0.159 0.025 0.036 0.084 0.015 0.034 0.062 0.007 0.038 0.138
226 L 0.047 0.025 0.018 0.018 0.054 0.019 0.023 0.025 0.011 0.085 0.268 0.028 0.122 0.041 0.015 0.042 0.056 0.006 0.019 0.078
227 F 0.033 0.018 0.015 0.015 0.011 0.011 0.017 0.022 0.014 0.068 0.163 0.019 0.035 0.357 0.01 0.023 0.025 0.013 0.064 0.067
228 V 0.061 0.019 0.017 0.017 0.013 0.013 0.019 0.087 0.01 0.136 0.142 0.023 0.031 0.143 0.013 0.029 0.033 0.008 0.033 0.151
229 L 0.129 0.023 0.022 0.022 0.067 0.018 0.026 0.079 0.012 0.055 0.151 0.029 0.031 0.113 0.018 0.076 0.038 0.007 0.028 0.058
230 S 0.126 0.033 0.043 0.04 0.016 0.028 0.043 0.077 0.016 0.03 0.041 0.045 0.014 0.019 0.026 0.246 0.096 0.005 0.015 0.042
231 I 0.045 0.018 0.014 0.015 0.014 0.013 0.018 0.02 0.009 0.195 0.186 0.021 0.032 0.116 0.013 0.024 0.034 0.007 0.03 0.178
232 L 0.054 0.021 0.017 0.017 0.033 0.015 0.02 0.025 0.012 0.078 0.275 0.023 0.041 0.165 0.013 0.046 0.032 0.009 0.036 0.068
233 I 0.068 0.018 0.014 0.017 0.015 0.014 0.018 0.023 0.009 0.277 0.138 0.023 0.047 0.053 0.014 0.028 0.036 0.006 0.02 0.162
234 L 0.055 0.034 0.051 0.027 0.014 0.023 0.031 0.032 0.014 0.085 0.196 0.068 0.036 0.035 0.018 0.081 0.058 0.006 0.032 0.106
235 T 0.065 0.029 0.033 0.03 0.016 0.022 0.032 0.036 0.013 0.075 0.07 0.037 0.02 0.027 0.022 0.089 0.233 0.006 0.03 0.116
236 Y 0.035 0.024 0.019 0.016 0.008 0.018 0.024 0.022 0.038 0.041 0.065 0.026 0.017 0.154 0.013 0.027 0.025 0.024 0.361 0.042
237 D 0.04 0.033 0.208 0.26 0.008 0.028 0.061 0.049 0.021 0.021 0.028 0.044 0.01 0.015 0.019 0.064 0.05 0.004 0.012 0.025
238 L 0.039 0.022 0.014 0.014 0.013 0.015 0.019 0.02 0.015 0.098 0.333 0.023 0.054 0.088 0.013 0.023 0.029 0.01 0.08 0.078
239 A 0.215 0.037 0.033 0.04 0.015 0.071 0.097 0.056 0.017 0.031 0.045 0.051 0.015 0.017 0.025 0.12 0.048 0.005 0.016 0.046
240 K 0.05 0.095 0.037 0.037 0.008 0.047 0.063 0.038 0.018 0.024 0.038 0.361 0.014 0.014 0.024 0.047 0.035 0.005 0.015 0.029
241 S 0.178 0.033 0.04 0.038 0.016 0.027 0.042 0.081 0.016 0.029 0.041 0.045 0.014 0.019 0.026 0.23 0.062 0.005 0.015 0.044
242 P 0.05 0.038 0.021 0.027 0.009 0.019 0.033 0.032 0.012 0.023 0.032 0.039 0.009 0.012 0.532 0.039 0.032 0.002 0.012 0.027
243 L 0.044 0.019 0.014 0.015 0.014 0.013 0.018 0.02 0.009 0.196 0.204 0.022 0.049 0.102 0.013 0.024 0.034 0.007 0.028 0.155
244 L 0.115 0.021 0.016 0.017 0.015 0.015 0.022 0.031 0.011 0.116 0.176 0.025 0.028 0.139 0.015 0.035 0.034 0.008 0.033 0.129
245 F 0.038 0.035 0.018 0.017 0.011 0.015 0.021 0.024 0.014 0.071 0.122 0.025 0.066 0.27 0.012 0.03 0.05 0.031 0.054 0.075
246 Y 0.034 0.022 0.018 0.016 0.009 0.016 0.022 0.022 0.034 0.044 0.073 0.024 0.018 0.217 0.012 0.026 0.024 0.022 0.302 0.044
247 L 0.048 0.02 0.014 0.015 0.014 0.014 0.018 0.021 0.009 0.16 0.261 0.022 0.048 0.088 0.013 0.024 0.033 0.007 0.026 0.146
248 L 0.056 0.021 0.016 0.017 0.014 0.015 0.02 0.024 0.01 0.16 0.271 0.024 0.042 0.088 0.014 0.045 0.034 0.007 0.025 0.097
249 G 0.078 0.024 0.032 0.028 0.012 0.02 0.027 0.332 0.013 0.047 0.066 0.033 0.066 0.022 0.018 0.082 0.036 0.005 0.014 0.044
250 F 0.031 0.017 0.015 0.015 0.01 0.01 0.017 0.022 0.015 0.07 0.127 0.018 0.024 0.399 0.01 0.023 0.024 0.014 0.084 0.055
251 L 0.043 0.019 0.013 0.015 0.014 0.013 0.018 0.02 0.009 0.191 0.254 0.022 0.044 0.079 0.013 0.023 0.033 0.007 0.024 0.146
252 F 0.033 0.018 0.014 0.014 0.011 0.011 0.017 0.021 0.013 0.071 0.212 0.019 0.029 0.326 0.01 0.022 0.025 0.012 0.06 0.06
253 L 0.049 0.02 0.014 0.015 0.014 0.014 0.019 0.022 0.011 0.124 0.263 0.023 0.042 0.106 0.013 0.026 0.038 0.008 0.042 0.136
254 N 0.043 0.103 0.125 0.043 0.008 0.045 0.07 0.038 0.024 0.029 0.058 0.123 0.019 0.046 0.018 0.051 0.035 0.028 0.062 0.033
255 V 0.053 0.018 0.015 0.016 0.016 0.014 0.019 0.021 0.009 0.225 0.126 0.023 0.029 0.038 0.014 0.027 0.045 0.006 0.032 0.256
256 L 0.047 0.022 0.017 0.017 0.012 0.016 0.022 0.024 0.021 0.096 0.187 0.025 0.027 0.091 0.014 0.041 0.031 0.053 0.158 0.078
257 I 0.048 0.02 0.018 0.02 0.014 0.016 0.033 0.043 0.01 0.228 0.157 0.026 0.038 0.036 0.015 0.041 0.047 0.026 0.019 0.144
258 G 0.057 0.06 0.083 0.064 0.009 0.04 0.056 0.217 0.017 0.026 0.048 0.119 0.013 0.016 0.02 0.066 0.036 0.005 0.013 0.034
259 G 0.061 0.055 0.044 0.065 0.009 0.027 0.039 0.332 0.015 0.021 0.031 0.116 0.01 0.015 0.019 0.053 0.045 0.005 0.012 0.026
260 L 0.046 0.024 0.02 0.019 0.015 0.017 0.023 0.025 0.011 0.088 0.29 0.027 0.037 0.098 0.016 0.038 0.089 0.008 0.029 0.079
261 G 0.065 0.091 0.065 0.04 0.01 0.035 0.07 0.143 0.017 0.026 0.038 0.139 0.013 0.016 0.022 0.082 0.072 0.005 0.014 0.037
262 I 0.044 0.018 0.013 0.015 0.014 0.013 0.017 0.019 0.009 0.227 0.208 0.021 0.033 0.081 0.013 0.023 0.034 0.006 0.025 0.165
263 N 0.064 0.055 0.159 0.059 0.011 0.038 0.049 0.052 0.021 0.025 0.035 0.107 0.013 0.017 0.023 0.151 0.07 0.004 0.015 0.032
264 K 0.054 0.085 0.026 0.026 0.009 0.03 0.04 0.031 0.017 0.09 0.068 0.168 0.018 0.064 0.031 0.036 0.032 0.068 0.054 0.056
265 K 0.056 0.126 0.034 0.033 0.009 0.05 0.053 0.059 0.018 0.037 0.061 0.24 0.023 0.018 0.022 0.054 0.039 0.012 0.016 0.041
266 K 0.064 0.073 0.042 0.029 0.012 0.029 0.038 0.053 0.031 0.066 0.092 0.122 0.028 0.028 0.019 0.054 0.069 0.026 0.033 0.093
267 L 0.042 0.019 0.013 0.015 0.014 0.013 0.018 0.02 0.009 0.161 0.279 0.021 0.036 0.104 0.012 0.023 0.032 0.007 0.028 0.134
268 L 0.061 0.021 0.019 0.02 0.014 0.015 0.022 0.027 0.011 0.153 0.163 0.025 0.028 0.117 0.015 0.068 0.039 0.007 0.034 0.139
269 L 0.048 0.031 0.02 0.021 0.022 0.019 0.026 0.045 0.014 0.14 0.154 0.074 0.026 0.095 0.015 0.041 0.044 0.008 0.06 0.095
270 L 0.045 0.021 0.019 0.018 0.013 0.016 0.022 0.063 0.02 0.123 0.141 0.025 0.025 0.106 0.014 0.039 0.042 0.012 0.14 0.095
271 G 0.081 0.022 0.025 0.024 0.013 0.016 0.024 0.189 0.012 0.08 0.092 0.028 0.02 0.104 0.017 0.061 0.057 0.007 0.026 0.102
272 I 0.079 0.021 0.022 0.022 0.043 0.016 0.023 0.116 0.011 0.147 0.123 0.027 0.024 0.061 0.016 0.064 0.052 0.006 0.02 0.105
273 L 0.099 0.022 0.022 0.022 0.014 0.017 0.024 0.111 0.011 0.119 0.162 0.028 0.034 0.063 0.017 0.053 0.058 0.006 0.021 0.098
274 G 0.09 0.023 0.025 0.024 0.014 0.018 0.025 0.159 0.011 0.1 0.14 0.03 0.023 0.044 0.018 0.07 0.06 0.006 0.018 0.103
275 L 0.069 0.021 0.018 0.019 0.014 0.016 0.022 0.036 0.011 0.134 0.206 0.025 0.038 0.115 0.015 0.052 0.048 0.007 0.029 0.105
276 V 0.098 0.022 0.022 0.022 0.034 0.017 0.025 0.103 0.011 0.118 0.112 0.028 0.023 0.075 0.017 0.072 0.043 0.006 0.023 0.129
277 L 0.06 0.021 0.016 0.017 0.014 0.015 0.02 0.063 0.009 0.123 0.291 0.024 0.035 0.055 0.014 0.037 0.034 0.006 0.02 0.123
278 L 0.042 0.019 0.013 0.015 0.014 0.013 0.017 0.019 0.008 0.217 0.298 0.022 0.038 0.043 0.013 0.022 0.033 0.006 0.019 0.13
279 V 0.052 0.019 0.015 0.017 0.015 0.014 0.019 0.041 0.008 0.209 0.161 0.023 0.03 0.035 0.014 0.028 0.049 0.005 0.018 0.226
280 L 0.084 0.02 0.016 0.017 0.054 0.015 0.02 0.057 0.009 0.141 0.188 0.024 0.029 0.065 0.015 0.033 0.04 0.006 0.022 0.145
281 L 0.091 0.024 0.018 0.019 0.014 0.019 0.024 0.031 0.015 0.08 0.157 0.028 0.111 0.149 0.015 0.045 0.034 0.009 0.049 0.07
282 Y 0.036 0.024 0.019 0.016 0.008 0.019 0.024 0.022 0.04 0.039 0.062 0.027 0.017 0.128 0.014 0.027 0.025 0.024 0.385 0.042
283 L 0.049 0.023 0.018 0.019 0.014 0.017 0.023 0.024 0.012 0.178 0.18 0.037 0.035 0.058 0.015 0.048 0.048 0.007 0.048 0.145
284 F 0.067 0.03 0.022 0.022 0.012 0.024 0.027 0.096 0.013 0.074 0.142 0.06 0.033 0.16 0.015 0.045 0.033 0.008 0.036 0.08
285 I 0.05 0.019 0.016 0.017 0.014 0.013 0.019 0.022 0.009 0.219 0.173 0.023 0.031 0.1 0.014 0.029 0.061 0.007 0.027 0.138
286 G 0.061 0.048 0.03 0.029 0.011 0.086 0.04 0.217 0.016 0.04 0.082 0.045 0.062 0.055 0.017 0.048 0.043 0.006 0.02 0.043
287 G 0.055 0.045 0.077 0.068 0.009 0.039 0.037 0.269 0.02 0.025 0.05 0.046 0.012 0.032 0.017 0.054 0.032 0.008 0.073 0.029
288 V 0.073 0.034 0.065 0.031 0.013 0.034 0.046 0.054 0.016 0.087 0.085 0.065 0.029 0.032 0.018 0.056 0.052 0.006 0.045 0.16
289 T 0.076 0.056 0.089 0.078 0.011 0.038 0.069 0.042 0.019 0.038 0.053 0.081 0.024 0.051 0.021 0.075 0.101 0.005 0.02 0.053
290 G 0.063 0.032 0.131 0.048 0.013 0.025 0.035 0.205 0.018 0.05 0.052 0.041 0.015 0.021 0.02 0.061 0.077 0.005 0.015 0.075
291 D 0.086 0.028 0.086 0.159 0.013 0.024 0.051 0.046 0.017 0.111 0.08 0.039 0.02 0.026 0.02 0.051 0.041 0.005 0.016 0.082
292 D 0.052 0.035 0.138 0.157 0.01 0.034 0.071 0.109 0.019 0.036 0.036 0.056 0.012 0.017 0.02 0.084 0.064 0.004 0.013 0.034
293 I 0.047 0.018 0.015 0.018 0.016 0.013 0.018 0.021 0.009 0.272 0.168 0.024 0.037 0.044 0.015 0.025 0.04 0.006 0.021 0.176
294 L 0.056 0.023 0.018 0.021 0.014 0.017 0.037 0.025 0.012 0.122 0.23 0.027 0.031 0.075 0.037 0.05 0.036 0.007 0.039 0.123
295 S 0.075 0.029 0.035 0.033 0.015 0.023 0.035 0.045 0.016 0.099 0.091 0.038 0.023 0.118 0.021 0.123 0.057 0.008 0.036 0.079
296 D 0.085 0.03 0.045 0.118 0.012 0.028 0.092 0.092 0.015 0.037 0.082 0.042 0.016 0.038 0.021 0.085 0.097 0.005 0.017 0.044
297 E 0.055 0.05 0.041 0.091 0.007 0.065 0.293 0.035 0.026 0.022 0.037 0.076 0.013 0.017 0.026 0.055 0.037 0.006 0.017 0.031
298 L 0.063 0.049 0.046 0.065 0.011 0.037 0.064 0.075 0.046 0.066 0.107 0.064 0.024 0.049 0.018 0.072 0.046 0.016 0.023 0.061
299 L 0.044 0.024 0.014 0.015 0.016 0.016 0.02 0.021 0.01 0.115 0.376 0.025 0.05 0.055 0.014 0.024 0.033 0.007 0.022 0.096
300 L 0.036 0.019 0.015 0.015 0.012 0.012 0.018 0.042 0.013 0.085 0.245 0.02 0.031 0.238 0.011 0.023 0.026 0.011 0.061 0.067
301 L 0.042 0.022 0.032 0.019 0.013 0.015 0.021 0.045 0.012 0.087 0.274 0.024 0.033 0.158 0.013 0.046 0.032 0.008 0.035 0.069
302 S 0.08 0.036 0.098 0.076 0.012 0.048 0.048 0.111 0.05 0.026 0.05 0.046 0.014 0.019 0.022 0.159 0.05 0.005 0.017 0.033
303 Y 0.038 0.022 0.017 0.017 0.01 0.017 0.022 0.021 0.029 0.13 0.099 0.026 0.022 0.088 0.033 0.026 0.028 0.018 0.261 0.075
304 N 0.041 0.053 0.293 0.06 0.008 0.029 0.041 0.051 0.027 0.025 0.037 0.058 0.012 0.056 0.018 0.069 0.042 0.006 0.047 0.028
305 S 0.078 0.039 0.056 0.042 0.014 0.04 0.057 0.068 0.017 0.03 0.042 0.07 0.015 0.028 0.024 0.194 0.117 0.005 0.024 0.041
306 G 0.082 0.021 0.035 0.03 0.01 0.017 0.024 0.529 0.012 0.018 0.027 0.031 0.009 0.015 0.017 0.056 0.029 0.005 0.01 0.024
307 P 0.058 0.02 0.017 0.021 0.012 0.016 0.024 0.027 0.01 0.176 0.105 0.029 0.03 0.027 0.253 0.032 0.034 0.004 0.015 0.09
308 L 0.053 0.021 0.021 0.021 0.014 0.016 0.022 0.105 0.01 0.17 0.174 0.027 0.028 0.033 0.035 0.052 0.058 0.005 0.017 0.118
309 G 0.079 0.02 0.033 0.029 0.01 0.017 0.023 0.528 0.012 0.03 0.031 0.03 0.009 0.015 0.017 0.046 0.027 0.005 0.01 0.028
310 R 0.039 0.42 0.034 0.027 0.007 0.043 0.046 0.029 0.021 0.021 0.041 0.106 0.014 0.015 0.017 0.039 0.031 0.005 0.015 0.027
311 I 0.046 0.019 0.014 0.015 0.015 0.014 0.018 0.02 0.008 0.231 0.217 0.022 0.05 0.04 0.013 0.024 0.036 0.006 0.019 0.174
312 L 0.054 0.02 0.015 0.016 0.014 0.014 0.019 0.022 0.009 0.195 0.256 0.023 0.035 0.072 0.014 0.028 0.054 0.006 0.023 0.109
313 L 0.037 0.02 0.013 0.014 0.013 0.013 0.018 0.02 0.011 0.108 0.334 0.021 0.037 0.141 0.012 0.022 0.028 0.009 0.047 0.081
314 S 0.13 0.032 0.041 0.038 0.015 0.026 0.04 0.133 0.015 0.029 0.04 0.043 0.014 0.018 0.025 0.21 0.09 0.005 0.015 0.041
315 Q 0.051 0.064 0.039 0.042 0.008 0.295 0.089 0.037 0.026 0.024 0.042 0.079 0.018 0.013 0.021 0.059 0.038 0.005 0.018 0.031
316 I 0.126 0.022 0.021 0.023 0.016 0.017 0.025 0.056 0.01 0.198 0.115 0.03 0.025 0.03 0.018 0.078 0.043 0.005 0.017 0.124
317 A 0.218 0.029 0.031 0.031 0.017 0.024 0.037 0.077 0.014 0.049 0.057 0.04 0.025 0.037 0.024 0.14 0.072 0.005 0.018 0.056
318 G 0.076 0.023 0.031 0.03 0.01 0.018 0.028 0.332 0.012 0.022 0.031 0.034 0.01 0.014 0.177 0.057 0.053 0.004 0.011 0.028
319 L 0.05 0.024 0.024 0.022 0.014 0.017 0.025 0.028 0.011 0.084 0.189 0.029 0.028 0.111 0.017 0.047 0.152 0.007 0.029 0.092
320 F 0.033 0.021 0.017 0.016 0.009 0.015 0.021 0.022 0.029 0.047 0.08 0.022 0.019 0.28 0.012 0.025 0.024 0.02 0.243 0.045
