#Seq2Logo.py -f /work3/idamei/ssn-clusterings/2206011120/clusters/0027_57/sequences.afa -m 0.0001 -b 50 -o /work3/idamei/ssn-clusterings/2206011120/clusters/0027_57/sequences.logo
#Position Specific Frequency Matrix
A R N D C Q E G H I L K M F P S T W Y V
0 M 0.047 0.029 0.018 0.018 0.014 0.025 0.025 0.025 0.014 0.09 0.176 0.032 0.247 0.043 0.014 0.032 0.036 0.007 0.022 0.083
1 Y 0.096 0.026 0.02 0.019 0.01 0.02 0.027 0.031 0.037 0.039 0.06 0.03 0.017 0.099 0.016 0.037 0.029 0.021 0.321 0.045
2 L 0.041 0.019 0.013 0.015 0.015 0.013 0.017 0.019 0.009 0.208 0.316 0.022 0.04 0.045 0.013 0.022 0.032 0.006 0.019 0.117
3 L 0.124 0.032 0.034 0.031 0.014 0.025 0.038 0.046 0.088 0.048 0.145 0.039 0.022 0.028 0.021 0.137 0.048 0.006 0.023 0.052
4 A 0.188 0.026 0.023 0.024 0.017 0.02 0.03 0.046 0.011 0.072 0.136 0.034 0.024 0.027 0.022 0.059 0.1 0.005 0.017 0.118
5 R 0.044 0.298 0.036 0.031 0.007 0.045 0.053 0.033 0.02 0.022 0.041 0.197 0.014 0.015 0.02 0.043 0.033 0.005 0.016 0.028
6 V 0.056 0.019 0.014 0.016 0.016 0.014 0.019 0.021 0.008 0.193 0.155 0.023 0.031 0.035 0.014 0.027 0.041 0.005 0.019 0.274
7 D 0.042 0.028 0.058 0.382 0.008 0.026 0.073 0.041 0.016 0.025 0.031 0.04 0.01 0.015 0.021 0.053 0.085 0.004 0.011 0.029
8 G 0.08 0.023 0.04 0.034 0.011 0.019 0.026 0.501 0.014 0.019 0.029 0.034 0.01 0.017 0.019 0.052 0.03 0.006 0.011 0.025
9 G 0.08 0.023 0.04 0.034 0.011 0.019 0.026 0.501 0.014 0.019 0.029 0.034 0.01 0.017 0.019 0.052 0.03 0.006 0.011 0.025
10 R 0.046 0.213 0.033 0.03 0.008 0.043 0.051 0.033 0.019 0.033 0.061 0.206 0.05 0.019 0.02 0.042 0.034 0.005 0.016 0.037
11 S 0.132 0.032 0.042 0.038 0.015 0.026 0.041 0.137 0.015 0.029 0.04 0.044 0.014 0.018 0.025 0.211 0.081 0.005 0.015 0.041
12 V 0.051 0.032 0.021 0.021 0.013 0.02 0.028 0.027 0.011 0.142 0.094 0.076 0.023 0.033 0.016 0.036 0.073 0.088 0.024 0.17
13 L 0.038 0.02 0.013 0.014 0.013 0.013 0.017 0.02 0.01 0.13 0.318 0.021 0.038 0.14 0.012 0.022 0.029 0.008 0.033 0.089
14 L 0.049 0.024 0.02 0.019 0.013 0.02 0.023 0.106 0.015 0.074 0.275 0.027 0.032 0.051 0.015 0.048 0.032 0.009 0.075 0.072
15 N 0.052 0.038 0.283 0.063 0.01 0.029 0.043 0.055 0.024 0.025 0.034 0.047 0.012 0.017 0.02 0.102 0.092 0.004 0.015 0.032
16 A 0.24 0.027 0.025 0.026 0.017 0.021 0.033 0.055 0.013 0.046 0.063 0.036 0.017 0.087 0.023 0.068 0.103 0.007 0.026 0.067
17 L 0.096 0.021 0.015 0.017 0.015 0.015 0.022 0.029 0.01 0.104 0.212 0.025 0.031 0.1 0.015 0.033 0.036 0.007 0.028 0.169
18 L 0.041 0.023 0.014 0.015 0.014 0.016 0.02 0.02 0.013 0.093 0.383 0.024 0.04 0.057 0.013 0.03 0.03 0.009 0.067 0.079
19 L 0.036 0.021 0.015 0.015 0.012 0.014 0.019 0.021 0.016 0.078 0.275 0.022 0.033 0.188 0.012 0.023 0.027 0.012 0.096 0.067
20 F 0.03 0.017 0.015 0.015 0.009 0.009 0.017 0.023 0.015 0.057 0.102 0.017 0.023 0.452 0.009 0.023 0.023 0.015 0.079 0.049
21 A 0.169 0.025 0.023 0.024 0.017 0.02 0.029 0.044 0.012 0.126 0.146 0.033 0.025 0.03 0.02 0.086 0.05 0.005 0.017 0.099
22 Y 0.034 0.022 0.018 0.016 0.009 0.016 0.022 0.022 0.033 0.045 0.075 0.024 0.019 0.231 0.012 0.026 0.024 0.022 0.284 0.044
23 F 0.032 0.019 0.016 0.016 0.009 0.013 0.019 0.023 0.023 0.051 0.09 0.02 0.021 0.349 0.011 0.024 0.023 0.018 0.175 0.047
24 L 0.059 0.024 0.021 0.021 0.021 0.018 0.025 0.029 0.011 0.097 0.232 0.029 0.048 0.047 0.016 0.084 0.043 0.006 0.02 0.148
25 L 0.154 0.025 0.02 0.021 0.017 0.019 0.027 0.039 0.011 0.098 0.189 0.031 0.028 0.032 0.019 0.05 0.083 0.005 0.018 0.114
26 L 0.048 0.022 0.017 0.018 0.015 0.016 0.021 0.023 0.009 0.148 0.267 0.025 0.035 0.04 0.015 0.033 0.082 0.006 0.019 0.142
27 V 0.106 0.021 0.016 0.017 0.017 0.016 0.023 0.029 0.009 0.124 0.148 0.026 0.028 0.032 0.016 0.036 0.045 0.005 0.018 0.266
28 W 0.031 0.02 0.014 0.014 0.008 0.014 0.02 0.025 0.017 0.078 0.065 0.022 0.017 0.062 0.009 0.022 0.023 0.383 0.105 0.049
29 V 0.063 0.024 0.02 0.02 0.016 0.018 0.025 0.028 0.01 0.114 0.162 0.028 0.057 0.034 0.016 0.071 0.045 0.005 0.019 0.225
30 N 0.038 0.038 0.28 0.059 0.008 0.029 0.042 0.049 0.091 0.023 0.034 0.044 0.012 0.033 0.017 0.053 0.038 0.008 0.078 0.026
31 N 0.038 0.04 0.389 0.074 0.008 0.03 0.044 0.058 0.028 0.02 0.028 0.048 0.01 0.016 0.018 0.062 0.044 0.004 0.014 0.024
32 N 0.062 0.033 0.159 0.046 0.012 0.026 0.039 0.048 0.023 0.045 0.05 0.041 0.015 0.035 0.02 0.134 0.051 0.008 0.073 0.081
33 Y 0.046 0.027 0.024 0.021 0.009 0.021 0.028 0.028 0.038 0.037 0.058 0.031 0.016 0.102 0.016 0.07 0.032 0.022 0.333 0.041
34 L 0.044 0.019 0.013 0.015 0.015 0.013 0.018 0.019 0.008 0.21 0.272 0.022 0.037 0.042 0.013 0.023 0.034 0.006 0.019 0.156
35 Y 0.036 0.025 0.019 0.017 0.008 0.019 0.025 0.022 0.041 0.04 0.063 0.028 0.017 0.128 0.014 0.028 0.025 0.025 0.38 0.042
36 L 0.043 0.093 0.035 0.094 0.01 0.071 0.051 0.031 0.092 0.069 0.108 0.052 0.026 0.035 0.017 0.04 0.032 0.006 0.024 0.07
37 L 0.04 0.022 0.013 0.014 0.014 0.014 0.018 0.019 0.009 0.103 0.442 0.023 0.044 0.049 0.013 0.022 0.03 0.006 0.02 0.086
38 Y 0.036 0.027 0.024 0.019 0.008 0.022 0.029 0.024 0.1 0.036 0.057 0.03 0.016 0.103 0.014 0.029 0.025 0.022 0.338 0.038
39 D 0.049 0.034 0.104 0.252 0.008 0.034 0.131 0.05 0.02 0.021 0.029 0.048 0.01 0.015 0.021 0.089 0.04 0.004 0.013 0.026
40 Y 0.036 0.025 0.019 0.017 0.008 0.019 0.025 0.022 0.042 0.039 0.061 0.028 0.017 0.117 0.014 0.028 0.025 0.025 0.39 0.042
41 M 0.047 0.039 0.021 0.021 0.013 0.029 0.031 0.027 0.015 0.08 0.155 0.082 0.213 0.039 0.016 0.035 0.036 0.007 0.021 0.074
42 G 0.07 0.02 0.035 0.03 0.01 0.017 0.023 0.562 0.012 0.017 0.025 0.03 0.008 0.014 0.017 0.046 0.027 0.005 0.01 0.022
43 A 0.315 0.029 0.028 0.03 0.019 0.024 0.038 0.068 0.014 0.036 0.05 0.041 0.015 0.019 0.027 0.118 0.05 0.005 0.016 0.057
44 A 0.296 0.031 0.027 0.036 0.017 0.029 0.089 0.063 0.015 0.035 0.049 0.045 0.015 0.019 0.026 0.089 0.045 0.005 0.016 0.054
45 E 0.054 0.059 0.034 0.045 0.01 0.126 0.132 0.034 0.02 0.046 0.053 0.13 0.018 0.017 0.021 0.053 0.038 0.005 0.017 0.087
46 K 0.049 0.144 0.037 0.036 0.008 0.086 0.065 0.037 0.02 0.024 0.04 0.272 0.015 0.014 0.023 0.047 0.035 0.005 0.016 0.029
47 P 0.057 0.029 0.03 0.048 0.012 0.026 0.085 0.034 0.014 0.078 0.057 0.041 0.016 0.019 0.203 0.075 0.102 0.004 0.014 0.056
48 L 0.051 0.019 0.014 0.015 0.015 0.014 0.018 0.021 0.008 0.208 0.213 0.023 0.04 0.05 0.014 0.025 0.036 0.006 0.02 0.19
49 D 0.051 0.031 0.11 0.267 0.01 0.027 0.063 0.047 0.018 0.025 0.033 0.043 0.011 0.016 0.021 0.094 0.085 0.004 0.012 0.031
50 F 0.047 0.019 0.021 0.02 0.011 0.013 0.019 0.188 0.012 0.081 0.136 0.023 0.023 0.191 0.013 0.03 0.028 0.009 0.039 0.078
51 G 0.057 0.024 0.025 0.031 0.012 0.022 0.075 0.224 0.012 0.069 0.162 0.032 0.023 0.028 0.016 0.036 0.032 0.005 0.015 0.101
52 L 0.043 0.037 0.025 0.025 0.012 0.095 0.043 0.026 0.073 0.068 0.253 0.042 0.047 0.04 0.016 0.032 0.031 0.006 0.025 0.061
53 R 0.045 0.334 0.039 0.032 0.008 0.049 0.053 0.033 0.024 0.024 0.047 0.122 0.016 0.018 0.02 0.045 0.035 0.006 0.018 0.032
54 L 0.048 0.022 0.019 0.018 0.014 0.017 0.023 0.023 0.018 0.134 0.154 0.026 0.027 0.061 0.015 0.034 0.075 0.011 0.118 0.143
55 P 0.119 0.023 0.018 0.022 0.015 0.019 0.027 0.035 0.011 0.111 0.094 0.031 0.055 0.027 0.158 0.041 0.039 0.005 0.016 0.134
56 Y 0.044 0.025 0.023 0.02 0.01 0.019 0.027 0.028 0.034 0.04 0.064 0.029 0.017 0.151 0.015 0.066 0.032 0.021 0.293 0.042
57 L 0.041 0.02 0.013 0.014 0.088 0.014 0.018 0.022 0.009 0.083 0.331 0.022 0.036 0.045 0.012 0.024 0.029 0.083 0.024 0.072
58 L 0.138 0.024 0.017 0.019 0.016 0.019 0.025 0.036 0.012 0.115 0.209 0.03 0.084 0.047 0.017 0.041 0.036 0.006 0.02 0.09
59 L 0.05 0.02 0.014 0.015 0.014 0.013 0.019 0.022 0.01 0.11 0.224 0.022 0.032 0.142 0.013 0.025 0.034 0.008 0.034 0.179
60 L 0.037 0.02 0.013 0.014 0.013 0.013 0.018 0.02 0.011 0.09 0.345 0.021 0.038 0.164 0.012 0.022 0.028 0.009 0.037 0.075
61 A 0.328 0.029 0.026 0.029 0.019 0.024 0.038 0.068 0.014 0.037 0.051 0.041 0.015 0.019 0.027 0.108 0.049 0.005 0.016 0.058
62 L 0.048 0.02 0.015 0.017 0.014 0.015 0.02 0.022 0.009 0.138 0.246 0.024 0.033 0.046 0.09 0.026 0.035 0.005 0.019 0.158
63 L 0.069 0.019 0.016 0.018 0.014 0.014 0.019 0.087 0.009 0.195 0.216 0.024 0.032 0.037 0.015 0.029 0.034 0.005 0.018 0.128
64 C 0.071 0.021 0.027 0.025 0.314 0.017 0.025 0.114 0.011 0.033 0.047 0.028 0.014 0.018 0.018 0.114 0.043 0.004 0.012 0.043
65 A 0.325 0.029 0.027 0.029 0.019 0.024 0.038 0.068 0.014 0.037 0.051 0.041 0.015 0.019 0.027 0.111 0.049 0.005 0.016 0.058
66 L 0.041 0.022 0.017 0.017 0.013 0.014 0.02 0.023 0.011 0.081 0.279 0.023 0.034 0.17 0.013 0.031 0.07 0.009 0.038 0.074
67 L 0.039 0.02 0.013 0.014 0.014 0.013 0.018 0.019 0.01 0.132 0.352 0.022 0.04 0.105 0.012 0.022 0.03 0.007 0.028 0.091
68 C 0.106 0.019 0.019 0.019 0.385 0.015 0.021 0.037 0.009 0.041 0.057 0.025 0.015 0.019 0.018 0.049 0.077 0.004 0.012 0.054
69 G 0.061 0.023 0.081 0.034 0.01 0.019 0.027 0.332 0.014 0.038 0.041 0.033 0.012 0.017 0.093 0.045 0.033 0.004 0.012 0.073
70 G 0.088 0.039 0.034 0.032 0.011 0.024 0.035 0.261 0.014 0.024 0.034 0.082 0.011 0.015 0.109 0.08 0.057 0.004 0.012 0.032
71 R 0.125 0.18 0.031 0.034 0.013 0.032 0.05 0.042 0.016 0.039 0.102 0.066 0.019 0.022 0.021 0.081 0.06 0.005 0.016 0.048
72 I 0.046 0.019 0.014 0.016 0.015 0.015 0.018 0.02 0.009 0.246 0.19 0.023 0.065 0.04 0.013 0.025 0.036 0.006 0.019 0.166
73 R 0.05 0.196 0.035 0.044 0.008 0.042 0.14 0.033 0.024 0.024 0.041 0.076 0.014 0.03 0.02 0.079 0.037 0.008 0.069 0.031
74 R 0.045 0.274 0.036 0.032 0.007 0.045 0.054 0.034 0.02 0.023 0.04 0.213 0.014 0.015 0.021 0.046 0.033 0.005 0.015 0.028
75 P 0.051 0.023 0.021 0.028 0.009 0.018 0.032 0.032 0.012 0.023 0.032 0.037 0.009 0.012 0.548 0.039 0.032 0.002 0.012 0.028
76 G 0.07 0.02 0.035 0.03 0.01 0.017 0.023 0.563 0.012 0.017 0.025 0.03 0.008 0.014 0.017 0.046 0.027 0.005 0.01 0.022
77 D 0.037 0.027 0.062 0.462 0.007 0.027 0.082 0.042 0.017 0.02 0.025 0.04 0.008 0.013 0.02 0.047 0.032 0.003 0.01 0.022
78 L 0.04 0.021 0.014 0.014 0.014 0.015 0.019 0.019 0.014 0.129 0.346 0.023 0.039 0.057 0.013 0.023 0.03 0.009 0.073 0.09
79 L 0.049 0.021 0.014 0.015 0.016 0.015 0.019 0.02 0.008 0.122 0.303 0.023 0.037 0.042 0.014 0.025 0.036 0.006 0.019 0.198
80 V 0.059 0.02 0.014 0.016 0.017 0.015 0.02 0.022 0.008 0.141 0.163 0.023 0.031 0.034 0.014 0.028 0.042 0.005 0.019 0.31
81 A 0.185 0.028 0.028 0.028 0.016 0.021 0.033 0.049 0.013 0.052 0.064 0.036 0.018 0.082 0.023 0.07 0.159 0.006 0.025 0.063
82 L 0.039 0.019 0.013 0.014 0.014 0.013 0.017 0.019 0.01 0.165 0.299 0.021 0.037 0.118 0.012 0.022 0.03 0.008 0.03 0.1
83 L 0.039 0.022 0.014 0.014 0.014 0.015 0.019 0.02 0.011 0.094 0.352 0.023 0.07 0.11 0.012 0.023 0.03 0.008 0.029 0.08
84 V 0.05 0.021 0.019 0.018 0.014 0.015 0.022 0.025 0.015 0.098 0.097 0.025 0.024 0.153 0.015 0.035 0.076 0.011 0.087 0.181
85 L 0.05 0.02 0.014 0.015 0.016 0.014 0.019 0.02 0.008 0.156 0.258 0.023 0.041 0.04 0.014 0.025 0.037 0.006 0.019 0.205
86 V 0.101 0.02 0.018 0.019 0.016 0.015 0.022 0.105 0.009 0.169 0.104 0.026 0.025 0.03 0.016 0.036 0.039 0.005 0.017 0.207
87 L 0.047 0.02 0.013 0.015 0.015 0.014 0.018 0.02 0.008 0.156 0.301 0.023 0.038 0.042 0.013 0.024 0.035 0.006 0.019 0.172
88 V 0.081 0.02 0.015 0.017 0.017 0.015 0.021 0.025 0.008 0.168 0.117 0.024 0.028 0.032 0.015 0.032 0.043 0.005 0.018 0.3
89 P 0.051 0.023 0.021 0.028 0.009 0.018 0.032 0.032 0.012 0.023 0.032 0.037 0.009 0.012 0.548 0.039 0.032 0.002 0.012 0.028
90 H 0.05 0.039 0.046 0.035 0.009 0.032 0.046 0.038 0.307 0.025 0.038 0.042 0.014 0.025 0.019 0.082 0.074 0.006 0.041 0.029
91 A 0.214 0.027 0.027 0.028 0.018 0.022 0.034 0.054 0.012 0.067 0.067 0.037 0.019 0.023 0.023 0.118 0.051 0.005 0.016 0.137
92 L 0.043 0.021 0.013 0.014 0.015 0.014 0.018 0.019 0.009 0.144 0.354 0.022 0.04 0.045 0.013 0.023 0.033 0.006 0.019 0.133
93 V 0.06 0.019 0.015 0.016 0.017 0.014 0.02 0.022 0.007 0.176 0.121 0.023 0.029 0.033 0.015 0.028 0.043 0.005 0.018 0.32
94 L 0.04 0.022 0.013 0.014 0.014 0.014 0.018 0.019 0.009 0.103 0.442 0.023 0.044 0.049 0.013 0.022 0.03 0.006 0.02 0.086
95 N 0.042 0.044 0.286 0.07 0.008 0.072 0.098 0.051 0.027 0.021 0.031 0.056 0.011 0.016 0.019 0.059 0.044 0.004 0.015 0.026
96 G 0.112 0.021 0.033 0.03 0.011 0.018 0.025 0.492 0.012 0.02 0.029 0.031 0.009 0.015 0.018 0.05 0.029 0.005 0.01 0.027
97 A 0.32 0.026 0.022 0.025 0.019 0.022 0.034 0.068 0.012 0.054 0.062 0.037 0.017 0.021 0.025 0.069 0.044 0.005 0.016 0.102
98 N 0.055 0.039 0.292 0.065 0.01 0.03 0.045 0.058 0.025 0.022 0.031 0.048 0.011 0.017 0.02 0.131 0.052 0.004 0.014 0.028
99 R 0.095 0.159 0.037 0.035 0.01 0.142 0.063 0.042 0.021 0.028 0.044 0.078 0.016 0.016 0.021 0.086 0.042 0.005 0.017 0.043
100 Y 0.034 0.022 0.018 0.016 0.009 0.016 0.022 0.022 0.033 0.045 0.074 0.024 0.019 0.226 0.012 0.026 0.024 0.022 0.289 0.044
101 S 0.144 0.032 0.038 0.035 0.015 0.026 0.041 0.055 0.019 0.032 0.046 0.043 0.015 0.033 0.025 0.2 0.078 0.008 0.069 0.045
102 P 0.052 0.025 0.076 0.035 0.009 0.02 0.033 0.112 0.014 0.022 0.031 0.038 0.009 0.013 0.396 0.043 0.033 0.003 0.012 0.026
103 D 0.046 0.036 0.045 0.23 0.008 0.072 0.153 0.035 0.018 0.039 0.043 0.051 0.014 0.016 0.02 0.048 0.035 0.004 0.014 0.071
104 A 0.276 0.026 0.027 0.087 0.017 0.022 0.04 0.059 0.013 0.051 0.058 0.037 0.016 0.02 0.024 0.065 0.043 0.005 0.015 0.097
105 Q 0.053 0.036 0.037 0.092 0.011 0.092 0.055 0.04 0.017 0.055 0.077 0.045 0.051 0.084 0.018 0.076 0.04 0.006 0.026 0.086
106 P 0.049 0.026 0.022 0.033 0.01 0.023 0.079 0.03 0.013 0.034 0.091 0.039 0.015 0.017 0.396 0.038 0.032 0.003 0.013 0.036
107 W 0.031 0.021 0.016 0.015 0.008 0.014 0.021 0.024 0.022 0.04 0.071 0.022 0.017 0.186 0.01 0.023 0.022 0.24 0.16 0.038
108 G 0.148 0.027 0.033 0.032 0.015 0.022 0.033 0.2 0.013 0.073 0.054 0.037 0.015 0.021 0.022 0.134 0.047 0.005 0.014 0.056
109 G 0.061 0.024 0.034 0.028 0.01 0.019 0.026 0.409 0.07 0.03 0.086 0.031 0.014 0.021 0.016 0.041 0.027 0.005 0.017 0.031
110 V 0.057 0.019 0.014 0.016 0.016 0.014 0.02 0.021 0.008 0.171 0.16 0.023 0.031 0.035 0.014 0.027 0.041 0.005 0.019 0.289
111 P 0.064 0.025 0.032 0.089 0.088 0.021 0.038 0.037 0.012 0.047 0.052 0.035 0.015 0.018 0.155 0.086 0.085 0.004 0.014 0.083
112 T 0.074 0.036 0.044 0.038 0.018 0.028 0.04 0.044 0.014 0.054 0.066 0.046 0.02 0.024 0.028 0.094 0.232 0.006 0.018 0.072
113 L 0.045 0.025 0.014 0.015 0.017 0.017 0.021 0.022 0.01 0.118 0.364 0.026 0.051 0.056 0.014 0.025 0.034 0.007 0.023 0.098
114 V 0.071 0.022 0.017 0.018 0.02 0.017 0.024 0.025 0.008 0.168 0.133 0.027 0.032 0.036 0.017 0.034 0.05 0.006 0.021 0.255
115 L 0.085 0.022 0.015 0.016 0.014 0.015 0.02 0.027 0.011 0.086 0.33 0.024 0.037 0.112 0.014 0.03 0.031 0.008 0.029 0.076
116 A 0.201 0.028 0.03 0.03 0.016 0.023 0.035 0.13 0.014 0.041 0.1 0.038 0.018 0.023 0.023 0.129 0.048 0.005 0.015 0.052
117 V 0.057 0.02 0.018 0.018 0.016 0.015 0.022 0.023 0.008 0.187 0.117 0.025 0.028 0.032 0.016 0.035 0.082 0.005 0.018 0.256
118 L 0.135 0.024 0.02 0.02 0.015 0.019 0.025 0.112 0.011 0.078 0.192 0.03 0.059 0.033 0.018 0.042 0.036 0.006 0.017 0.11
119 F 0.044 0.021 0.018 0.018 0.013 0.015 0.021 0.024 0.012 0.119 0.132 0.024 0.053 0.197 0.014 0.033 0.073 0.009 0.042 0.116
120 G 0.112 0.021 0.033 0.03 0.011 0.018 0.025 0.492 0.012 0.02 0.029 0.031 0.009 0.015 0.018 0.05 0.029 0.005 0.01 0.027
121 L 0.049 0.021 0.015 0.016 0.015 0.016 0.02 0.022 0.009 0.177 0.225 0.024 0.065 0.04 0.014 0.032 0.037 0.006 0.019 0.177
122 L 0.102 0.024 0.02 0.021 0.016 0.018 0.026 0.033 0.01 0.095 0.232 0.029 0.031 0.035 0.017 0.075 0.043 0.005 0.018 0.15
123 I 0.041 0.017 0.014 0.016 0.014 0.012 0.017 0.019 0.009 0.268 0.179 0.021 0.033 0.099 0.013 0.023 0.036 0.007 0.027 0.137
124 I 0.042 0.017 0.014 0.015 0.014 0.012 0.017 0.02 0.009 0.248 0.181 0.021 0.032 0.099 0.013 0.023 0.034 0.007 0.027 0.155
125 G 0.097 0.029 0.09 0.041 0.012 0.024 0.035 0.276 0.016 0.022 0.032 0.04 0.011 0.017 0.021 0.142 0.047 0.005 0.013 0.03
126 L 0.06 0.023 0.024 0.023 0.09 0.018 0.026 0.032 0.011 0.132 0.189 0.029 0.028 0.033 0.017 0.106 0.05 0.005 0.017 0.087
127 V 0.154 0.021 0.017 0.019 0.016 0.016 0.025 0.037 0.011 0.115 0.104 0.027 0.024 0.099 0.018 0.043 0.04 0.007 0.028 0.18
128 N 0.038 0.038 0.343 0.13 0.008 0.03 0.049 0.056 0.026 0.02 0.028 0.047 0.01 0.016 0.018 0.06 0.042 0.004 0.013 0.024
129 K 0.094 0.078 0.085 0.041 0.009 0.042 0.057 0.046 0.019 0.026 0.039 0.266 0.014 0.015 0.024 0.054 0.038 0.005 0.015 0.033
130 L 0.041 0.018 0.013 0.015 0.014 0.013 0.017 0.019 0.009 0.233 0.253 0.021 0.036 0.072 0.013 0.022 0.033 0.006 0.023 0.128
131 R 0.047 0.269 0.036 0.031 0.008 0.042 0.05 0.033 0.019 0.026 0.043 0.169 0.014 0.016 0.02 0.048 0.075 0.005 0.016 0.033
132 F 0.041 0.023 0.073 0.028 0.01 0.015 0.025 0.033 0.017 0.047 0.082 0.026 0.02 0.328 0.013 0.068 0.033 0.012 0.061 0.044
133 R 0.038 0.146 0.084 0.032 0.008 0.032 0.04 0.032 0.127 0.027 0.048 0.057 0.014 0.05 0.016 0.039 0.029 0.011 0.139 0.03
134 P 0.051 0.073 0.027 0.035 0.009 0.027 0.081 0.107 0.019 0.024 0.037 0.048 0.011 0.028 0.24 0.049 0.032 0.007 0.067 0.029
135 L 0.052 0.039 0.029 0.077 0.012 0.024 0.039 0.045 0.013 0.057 0.201 0.079 0.025 0.029 0.094 0.072 0.037 0.005 0.016 0.055
136 G 0.112 0.032 0.041 0.033 0.012 0.067 0.047 0.221 0.015 0.037 0.104 0.042 0.018 0.021 0.02 0.076 0.038 0.005 0.015 0.043
137 A 0.146 0.031 0.142 0.138 0.013 0.025 0.048 0.055 0.018 0.063 0.051 0.041 0.014 0.02 0.021 0.06 0.041 0.004 0.014 0.053
138 L 0.052 0.116 0.021 0.026 0.141 0.022 0.027 0.036 0.012 0.063 0.212 0.045 0.028 0.031 0.015 0.034 0.037 0.005 0.016 0.061
139 G 0.06 0.043 0.037 0.038 0.009 0.155 0.067 0.285 0.019 0.02 0.034 0.057 0.013 0.014 0.019 0.051 0.032 0.005 0.014 0.027
140 S 0.067 0.14 0.042 0.047 0.012 0.07 0.051 0.043 0.018 0.029 0.043 0.067 0.015 0.017 0.023 0.145 0.11 0.005 0.016 0.039
141 E 0.051 0.04 0.036 0.103 0.009 0.031 0.131 0.109 0.021 0.028 0.045 0.047 0.013 0.092 0.019 0.072 0.034 0.009 0.076 0.032
142 S 0.07 0.043 0.139 0.049 0.011 0.03 0.044 0.14 0.02 0.023 0.033 0.089 0.012 0.017 0.022 0.158 0.052 0.005 0.014 0.03
143 Q 0.051 0.041 0.029 0.03 0.011 0.137 0.053 0.045 0.018 0.086 0.122 0.05 0.024 0.085 0.018 0.068 0.038 0.007 0.027 0.06
144 G 0.065 0.028 0.138 0.045 0.01 0.022 0.032 0.347 0.017 0.019 0.028 0.038 0.01 0.016 0.019 0.087 0.038 0.005 0.012 0.025
145 R 0.091 0.22 0.034 0.037 0.009 0.043 0.088 0.043 0.019 0.024 0.041 0.163 0.014 0.015 0.021 0.048 0.034 0.005 0.015 0.033
146 R 0.05 0.254 0.063 0.035 0.008 0.04 0.049 0.038 0.049 0.022 0.039 0.131 0.014 0.017 0.02 0.08 0.038 0.005 0.018 0.029
147 I 0.044 0.02 0.016 0.016 0.088 0.016 0.02 0.023 0.015 0.147 0.122 0.024 0.08 0.107 0.013 0.028 0.032 0.01 0.08 0.1
148 L 0.044 0.022 0.014 0.015 0.015 0.016 0.019 0.02 0.01 0.107 0.358 0.024 0.071 0.046 0.013 0.024 0.033 0.006 0.02 0.123
149 V 0.076 0.024 0.021 0.02 0.014 0.018 0.026 0.028 0.069 0.097 0.163 0.028 0.027 0.073 0.016 0.036 0.056 0.006 0.029 0.172
150 L 0.043 0.019 0.013 0.015 0.027 0.014 0.018 0.02 0.009 0.203 0.273 0.023 0.053 0.043 0.013 0.024 0.034 0.006 0.019 0.133
151 L 0.043 0.021 0.013 0.014 0.015 0.014 0.018 0.019 0.009 0.144 0.354 0.022 0.04 0.045 0.013 0.023 0.033 0.006 0.019 0.133
152 S 0.13 0.03 0.038 0.035 0.016 0.025 0.038 0.127 0.014 0.044 0.049 0.041 0.015 0.02 0.023 0.193 0.058 0.005 0.015 0.083
153 V 0.145 0.022 0.017 0.019 0.023 0.017 0.025 0.035 0.009 0.108 0.152 0.028 0.027 0.031 0.018 0.041 0.041 0.011 0.018 0.214
154 L 0.088 0.022 0.014 0.016 0.015 0.015 0.021 0.027 0.01 0.116 0.312 0.025 0.036 0.071 0.015 0.03 0.033 0.007 0.023 0.105
155 N 0.038 0.04 0.39 0.074 0.008 0.03 0.044 0.058 0.028 0.02 0.028 0.048 0.01 0.016 0.018 0.062 0.044 0.004 0.014 0.024
156 L 0.046 0.019 0.014 0.016 0.015 0.014 0.018 0.02 0.008 0.229 0.237 0.023 0.035 0.041 0.014 0.03 0.039 0.006 0.019 0.158
157 L 0.1 0.022 0.016 0.017 0.016 0.016 0.022 0.029 0.01 0.136 0.226 0.026 0.048 0.047 0.016 0.036 0.037 0.006 0.02 0.155
158 V 0.149 0.022 0.017 0.019 0.018 0.017 0.025 0.036 0.009 0.116 0.098 0.028 0.025 0.028 0.018 0.043 0.044 0.005 0.018 0.266
159 L 0.04 0.021 0.013 0.014 0.014 0.014 0.018 0.019 0.009 0.138 0.401 0.022 0.043 0.048 0.013 0.022 0.031 0.006 0.02 0.096
160 V 0.112 0.021 0.016 0.018 0.017 0.016 0.023 0.03 0.009 0.149 0.155 0.026 0.029 0.033 0.016 0.036 0.044 0.005 0.018 0.227
161 F 0.034 0.019 0.015 0.015 0.011 0.012 0.018 0.022 0.017 0.067 0.193 0.02 0.028 0.289 0.011 0.023 0.025 0.014 0.107 0.059
162 I 0.046 0.018 0.014 0.016 0.015 0.014 0.018 0.02 0.009 0.283 0.149 0.023 0.063 0.039 0.014 0.025 0.037 0.005 0.019 0.174
163 F 0.043 0.019 0.014 0.015 0.019 0.012 0.018 0.021 0.011 0.102 0.196 0.02 0.03 0.208 0.012 0.025 0.031 0.009 0.044 0.15
164 L 0.087 0.021 0.016 0.017 0.013 0.015 0.021 0.028 0.016 0.108 0.2 0.024 0.029 0.151 0.014 0.031 0.031 0.011 0.087 0.08
165 K 0.049 0.084 0.035 0.035 0.008 0.044 0.065 0.036 0.022 0.027 0.042 0.302 0.014 0.029 0.023 0.045 0.034 0.008 0.069 0.031
166 S 0.093 0.035 0.047 0.042 0.016 0.029 0.045 0.056 0.016 0.03 0.04 0.047 0.015 0.019 0.026 0.272 0.11 0.005 0.016 0.041
167 A 0.277 0.033 0.025 0.028 0.017 0.063 0.043 0.06 0.015 0.042 0.066 0.045 0.044 0.021 0.024 0.072 0.043 0.005 0.017 0.059
168 G 0.086 0.03 0.046 0.038 0.013 0.024 0.037 0.265 0.015 0.023 0.032 0.041 0.012 0.017 0.022 0.196 0.054 0.005 0.013 0.031
169 Y 0.035 0.024 0.019 0.017 0.008 0.018 0.024 0.022 0.039 0.041 0.066 0.027 0.017 0.157 0.013 0.027 0.025 0.024 0.354 0.043
170 F 0.03 0.017 0.015 0.015 0.009 0.009 0.017 0.023 0.015 0.057 0.102 0.017 0.023 0.453 0.009 0.023 0.023 0.015 0.079 0.049
171 S 0.098 0.036 0.048 0.044 0.016 0.03 0.047 0.059 0.017 0.027 0.037 0.048 0.014 0.019 0.027 0.303 0.073 0.005 0.016 0.037
172 F 0.034 0.019 0.014 0.014 0.012 0.012 0.017 0.021 0.013 0.076 0.243 0.019 0.032 0.281 0.011 0.022 0.026 0.017 0.054 0.064
173 D 0.046 0.029 0.083 0.375 0.008 0.027 0.074 0.045 0.018 0.021 0.027 0.042 0.009 0.014 0.021 0.084 0.038 0.004 0.011 0.024
174 F 0.031 0.018 0.016 0.015 0.009 0.011 0.018 0.023 0.019 0.054 0.096 0.019 0.022 0.401 0.01 0.023 0.023 0.017 0.127 0.048
175 S 0.16 0.032 0.043 0.099 0.015 0.027 0.049 0.059 0.016 0.029 0.04 0.045 0.014 0.022 0.025 0.204 0.059 0.005 0.015 0.042
176 G 0.071 0.027 0.037 0.04 0.01 0.025 0.084 0.402 0.015 0.019 0.028 0.039 0.01 0.015 0.019 0.083 0.034 0.005 0.011 0.025
177 Q 0.046 0.056 0.038 0.037 0.008 0.221 0.076 0.034 0.085 0.025 0.044 0.068 0.017 0.03 0.019 0.045 0.033 0.008 0.076 0.031
178 Y 0.036 0.027 0.023 0.019 0.008 0.022 0.028 0.024 0.096 0.036 0.057 0.03 0.016 0.104 0.014 0.029 0.025 0.022 0.342 0.039
179 A 0.176 0.023 0.017 0.02 0.017 0.017 0.026 0.04 0.01 0.125 0.149 0.029 0.026 0.035 0.019 0.046 0.041 0.005 0.018 0.161
180 R 0.04 0.415 0.035 0.028 0.007 0.043 0.047 0.029 0.021 0.021 0.042 0.107 0.014 0.016 0.017 0.04 0.031 0.005 0.016 0.028
181 R 0.04 0.415 0.035 0.028 0.007 0.043 0.047 0.029 0.021 0.021 0.042 0.107 0.014 0.016 0.017 0.04 0.031 0.005 0.016 0.028
182 A 0.26 0.026 0.021 0.024 0.018 0.02 0.031 0.055 0.012 0.092 0.122 0.035 0.022 0.026 0.023 0.071 0.043 0.005 0.017 0.078
183 L 0.044 0.02 0.013 0.014 0.015 0.014 0.018 0.019 0.009 0.148 0.344 0.022 0.04 0.045 0.013 0.023 0.033 0.006 0.019 0.14
184 A 0.328 0.029 0.026 0.029 0.019 0.024 0.038 0.068 0.014 0.037 0.051 0.041 0.015 0.019 0.027 0.108 0.049 0.005 0.016 0.058
185 R 0.041 0.37 0.035 0.029 0.007 0.044 0.049 0.031 0.02 0.021 0.041 0.143 0.014 0.015 0.018 0.041 0.032 0.005 0.016 0.028
186 D 0.046 0.035 0.048 0.245 0.008 0.039 0.193 0.037 0.019 0.024 0.033 0.051 0.011 0.015 0.022 0.053 0.074 0.004 0.013 0.03
187 V 0.071 0.021 0.019 0.02 0.016 0.016 0.024 0.028 0.009 0.184 0.113 0.027 0.027 0.032 0.016 0.068 0.046 0.005 0.018 0.24
188 F 0.03 0.017 0.015 0.015 0.009 0.009 0.017 0.023 0.015 0.057 0.102 0.017 0.023 0.453 0.009 0.023 0.023 0.015 0.079 0.049
189 A 0.192 0.039 0.031 0.034 0.014 0.102 0.053 0.054 0.017 0.03 0.045 0.052 0.015 0.016 0.099 0.096 0.045 0.005 0.016 0.045
190 A 0.28 0.028 0.026 0.029 0.017 0.023 0.037 0.063 0.014 0.035 0.048 0.041 0.014 0.018 0.101 0.103 0.05 0.004 0.015 0.053
191 G 0.07 0.02 0.035 0.03 0.01 0.017 0.023 0.563 0.012 0.017 0.025 0.03 0.008 0.014 0.017 0.046 0.027 0.005 0.01 0.022
192 S 0.086 0.044 0.045 0.041 0.015 0.031 0.047 0.053 0.017 0.029 0.041 0.091 0.015 0.018 0.026 0.233 0.107 0.005 0.016 0.04
193 P 0.135 0.024 0.022 0.024 0.014 0.019 0.028 0.115 0.012 0.067 0.121 0.033 0.03 0.024 0.17 0.048 0.035 0.005 0.015 0.061
194 N 0.093 0.031 0.127 0.09 0.01 0.029 0.102 0.125 0.018 0.069 0.049 0.043 0.014 0.019 0.02 0.054 0.037 0.005 0.014 0.049
195 G 0.164 0.026 0.034 0.032 0.014 0.021 0.032 0.309 0.013 0.025 0.036 0.037 0.012 0.017 0.022 0.11 0.042 0.005 0.013 0.037
196 Y 0.036 0.025 0.019 0.017 0.008 0.019 0.025 0.022 0.042 0.039 0.061 0.028 0.017 0.117 0.014 0.028 0.025 0.025 0.391 0.042
197 L 0.04 0.022 0.015 0.015 0.013 0.016 0.02 0.02 0.018 0.115 0.291 0.024 0.035 0.067 0.013 0.024 0.029 0.012 0.126 0.088
198 A 0.192 0.027 0.029 0.029 0.092 0.022 0.034 0.054 0.013 0.05 0.058 0.037 0.017 0.021 0.023 0.137 0.052 0.005 0.015 0.093
199 S 0.098 0.036 0.048 0.044 0.016 0.03 0.047 0.059 0.017 0.027 0.037 0.048 0.014 0.019 0.027 0.303 0.073 0.005 0.016 0.037
200 I 0.042 0.017 0.013 0.016 0.014 0.013 0.016 0.019 0.008 0.331 0.152 0.022 0.048 0.04 0.013 0.023 0.036 0.005 0.019 0.152
201 G 0.061 0.021 0.03 0.026 0.01 0.017 0.022 0.409 0.013 0.033 0.058 0.029 0.045 0.081 0.015 0.041 0.027 0.007 0.021 0.034
202 T 0.062 0.03 0.035 0.031 0.016 0.023 0.033 0.036 0.012 0.056 0.113 0.038 0.021 0.025 0.023 0.074 0.285 0.005 0.016 0.067
203 Q 0.05 0.066 0.039 0.042 0.008 0.299 0.092 0.037 0.026 0.024 0.042 0.081 0.018 0.013 0.021 0.05 0.037 0.005 0.018 0.032
204 A 0.282 0.026 0.026 0.028 0.017 0.021 0.032 0.211 0.013 0.032 0.045 0.037 0.014 0.018 0.024 0.067 0.039 0.005 0.014 0.05
205 F 0.035 0.02 0.015 0.015 0.012 0.013 0.018 0.022 0.013 0.075 0.213 0.021 0.062 0.275 0.011 0.024 0.027 0.011 0.053 0.065
206 F 0.03 0.017 0.015 0.015 0.009 0.009 0.017 0.023 0.015 0.057 0.102 0.017 0.023 0.453 0.009 0.023 0.023 0.015 0.079 0.049
207 P 0.051 0.023 0.021 0.028 0.009 0.018 0.032 0.032 0.012 0.023 0.032 0.037 0.009 0.012 0.548 0.039 0.032 0.002 0.012 0.028
208 V 0.06 0.019 0.015 0.016 0.017 0.014 0.02 0.022 0.007 0.176 0.121 0.023 0.029 0.033 0.015 0.028 0.043 0.005 0.018 0.32
209 L 0.039 0.02 0.013 0.014 0.014 0.013 0.018 0.019 0.01 0.132 0.352 0.022 0.04 0.105 0.012 0.022 0.03 0.007 0.028 0.091
210 F 0.035 0.017 0.015 0.015 0.011 0.01 0.018 0.023 0.014 0.07 0.104 0.018 0.023 0.392 0.01 0.024 0.026 0.014 0.071 0.092
211 A 0.28 0.025 0.023 0.026 0.018 0.021 0.032 0.133 0.012 0.051 0.058 0.036 0.016 0.02 0.023 0.065 0.042 0.005 0.015 0.097
212 W 0.029 0.02 0.015 0.014 0.007 0.014 0.02 0.026 0.018 0.033 0.057 0.021 0.015 0.12 0.008 0.022 0.021 0.396 0.111 0.032
213 G 0.074 0.023 0.037 0.032 0.01 0.019 0.026 0.491 0.013 0.018 0.027 0.033 0.009 0.015 0.018 0.083 0.033 0.005 0.01 0.024
214 V 0.057 0.02 0.015 0.016 0.016 0.016 0.021 0.022 0.008 0.168 0.13 0.024 0.061 0.035 0.014 0.029 0.042 0.005 0.019 0.282
215 Y 0.042 0.03 0.022 0.02 0.01 0.059 0.034 0.024 0.035 0.052 0.066 0.035 0.019 0.09 0.015 0.031 0.029 0.019 0.284 0.084
216 R 0.044 0.205 0.033 0.037 0.007 0.043 0.095 0.032 0.023 0.024 0.042 0.169 0.014 0.029 0.02 0.042 0.032 0.008 0.069 0.03
217 K 0.046 0.229 0.036 0.033 0.007 0.046 0.056 0.035 0.019 0.023 0.04 0.252 0.014 0.015 0.022 0.044 0.034 0.005 0.015 0.029
218 K 0.061 0.063 0.092 0.055 0.01 0.101 0.064 0.046 0.021 0.024 0.037 0.156 0.014 0.015 0.023 0.117 0.047 0.005 0.016 0.031
219 R 0.039 0.208 0.055 0.029 0.007 0.035 0.043 0.033 0.019 0.023 0.041 0.135 0.013 0.026 0.016 0.038 0.03 0.154 0.028 0.028
220 F 0.106 0.081 0.021 0.021 0.012 0.019 0.027 0.035 0.015 0.048 0.086 0.037 0.02 0.254 0.015 0.041 0.051 0.01 0.05 0.05
221 Y 0.035 0.022 0.017 0.016 0.01 0.016 0.022 0.022 0.029 0.053 0.128 0.024 0.022 0.206 0.012 0.025 0.025 0.019 0.246 0.05
222 L 0.046 0.021 0.017 0.017 0.015 0.015 0.02 0.023 0.01 0.132 0.252 0.024 0.034 0.089 0.014 0.032 0.075 0.007 0.026 0.131
223 V 0.056 0.021 0.015 0.016 0.014 0.016 0.021 0.024 0.014 0.104 0.144 0.024 0.029 0.049 0.014 0.028 0.039 0.085 0.078 0.209
224 L 0.043 0.021 0.013 0.014 0.015 0.014 0.018 0.019 0.009 0.144 0.354 0.022 0.04 0.045 0.013 0.023 0.033 0.006 0.019 0.133
225 G 0.074 0.023 0.037 0.032 0.01 0.019 0.026 0.491 0.013 0.018 0.027 0.033 0.009 0.015 0.018 0.083 0.033 0.005 0.01 0.024
226 I 0.056 0.021 0.019 0.019 0.015 0.016 0.022 0.025 0.009 0.206 0.169 0.026 0.031 0.036 0.015 0.064 0.043 0.005 0.018 0.186
227 L 0.121 0.022 0.016 0.018 0.016 0.016 0.023 0.032 0.009 0.121 0.204 0.026 0.031 0.045 0.017 0.037 0.039 0.006 0.02 0.182
228 N 0.047 0.039 0.341 0.07 0.009 0.03 0.044 0.058 0.027 0.021 0.029 0.048 0.011 0.016 0.019 0.097 0.048 0.004 0.014 0.026
229 V 0.18 0.022 0.018 0.02 0.018 0.018 0.026 0.041 0.01 0.133 0.096 0.03 0.024 0.028 0.019 0.047 0.043 0.005 0.017 0.206
230 L 0.04 0.021 0.014 0.015 0.014 0.015 0.019 0.02 0.01 0.132 0.327 0.023 0.072 0.085 0.013 0.023 0.031 0.007 0.026 0.092
231 V 0.058 0.019 0.014 0.016 0.017 0.014 0.02 0.021 0.007 0.192 0.124 0.023 0.029 0.034 0.014 0.028 0.042 0.005 0.018 0.305
232 L 0.043 0.021 0.013 0.014 0.015 0.015 0.018 0.019 0.009 0.109 0.396 0.023 0.042 0.046 0.013 0.023 0.032 0.006 0.02 0.123
233 W 0.027 0.02 0.014 0.014 0.007 0.014 0.02 0.027 0.014 0.027 0.047 0.02 0.014 0.054 0.007 0.02 0.02 0.547 0.061 0.027
234 G 0.07 0.02 0.035 0.03 0.01 0.017 0.023 0.563 0.012 0.017 0.025 0.03 0.008 0.014 0.017 0.046 0.027 0.005 0.01 0.022
235 A 0.366 0.028 0.023 0.027 0.019 0.023 0.036 0.07 0.013 0.039 0.053 0.04 0.016 0.019 0.027 0.076 0.045 0.005 0.016 0.061
236 F 0.04 0.02 0.02 0.019 0.01 0.012 0.021 0.028 0.015 0.052 0.093 0.021 0.021 0.391 0.012 0.063 0.03 0.014 0.07 0.047
237 G 0.07 0.02 0.035 0.03 0.01 0.017 0.023 0.563 0.012 0.017 0.025 0.03 0.008 0.014 0.017 0.046 0.027 0.005 0.01 0.022
238 Q 0.05 0.063 0.039 0.048 0.008 0.264 0.132 0.036 0.026 0.023 0.041 0.079 0.017 0.013 0.021 0.05 0.036 0.005 0.018 0.031
239 K 0.049 0.141 0.037 0.036 0.008 0.047 0.061 0.037 0.019 0.024 0.039 0.32 0.014 0.014 0.024 0.047 0.035 0.005 0.015 0.029
240 Y 0.036 0.025 0.019 0.017 0.008 0.019 0.025 0.022 0.042 0.039 0.061 0.028 0.017 0.117 0.014 0.028 0.025 0.025 0.391 0.042
241 P 0.053 0.024 0.023 0.029 0.01 0.019 0.033 0.033 0.012 0.027 0.036 0.037 0.01 0.013 0.473 0.045 0.074 0.003 0.012 0.033
242 F 0.04 0.018 0.015 0.015 0.012 0.011 0.018 0.022 0.013 0.085 0.107 0.019 0.024 0.328 0.011 0.025 0.029 0.012 0.061 0.135
243 V 0.057 0.02 0.015 0.016 0.016 0.016 0.021 0.022 0.008 0.174 0.131 0.024 0.061 0.035 0.014 0.029 0.041 0.005 0.019 0.277
244 V 0.056 0.02 0.014 0.015 0.016 0.015 0.02 0.021 0.008 0.134 0.21 0.023 0.033 0.037 0.014 0.027 0.04 0.005 0.019 0.273
245 L 0.086 0.023 0.015 0.016 0.014 0.016 0.021 0.028 0.011 0.091 0.293 0.026 0.066 0.101 0.014 0.031 0.032 0.007 0.028 0.078
246 F 0.07 0.019 0.015 0.016 0.018 0.012 0.019 0.026 0.012 0.109 0.177 0.021 0.028 0.253 0.013 0.028 0.029 0.011 0.05 0.075
247 L 0.038 0.021 0.013 0.014 0.014 0.014 0.018 0.02 0.01 0.096 0.394 0.022 0.041 0.107 0.012 0.022 0.029 0.008 0.028 0.081
248 I 0.044 0.017 0.013 0.015 0.015 0.013 0.017 0.019 0.008 0.29 0.188 0.022 0.034 0.04 0.013 0.023 0.036 0.005 0.019 0.17
249 Y 0.04 0.024 0.019 0.017 0.01 0.019 0.024 0.022 0.037 0.054 0.069 0.027 0.018 0.105 0.014 0.028 0.028 0.022 0.338 0.085
250 L 0.051 0.02 0.02 0.019 0.012 0.014 0.02 0.171 0.012 0.069 0.179 0.023 0.026 0.162 0.013 0.03 0.029 0.008 0.035 0.088
251 L 0.041 0.019 0.013 0.015 0.014 0.013 0.017 0.019 0.009 0.208 0.317 0.022 0.039 0.045 0.013 0.022 0.032 0.006 0.019 0.117
252 L 0.045 0.026 0.017 0.017 0.014 0.022 0.023 0.023 0.013 0.129 0.21 0.029 0.19 0.043 0.014 0.029 0.035 0.007 0.021 0.094
253 L 0.06 0.028 0.021 0.021 0.014 0.056 0.032 0.027 0.012 0.088 0.188 0.033 0.031 0.093 0.016 0.037 0.07 0.007 0.027 0.139
254 Y 0.034 0.023 0.018 0.016 0.008 0.017 0.023 0.023 0.034 0.04 0.065 0.025 0.017 0.156 0.012 0.026 0.024 0.098 0.299 0.041
255 F 0.033 0.023 0.021 0.018 0.009 0.016 0.024 0.024 0.081 0.046 0.081 0.023 0.02 0.296 0.012 0.026 0.024 0.017 0.164 0.043
256 R 0.041 0.37 0.035 0.029 0.007 0.044 0.049 0.031 0.02 0.021 0.041 0.143 0.014 0.015 0.018 0.041 0.032 0.005 0.016 0.028
257 R 0.043 0.274 0.034 0.029 0.007 0.042 0.049 0.031 0.023 0.024 0.043 0.171 0.014 0.027 0.019 0.041 0.032 0.007 0.06 0.03
258 F 0.041 0.023 0.07 0.024 0.009 0.015 0.023 0.029 0.024 0.046 0.08 0.025 0.019 0.292 0.012 0.031 0.027 0.016 0.15 0.044
259 N 0.043 0.046 0.305 0.085 0.009 0.034 0.05 0.066 0.032 0.023 0.032 0.055 0.011 0.018 0.021 0.071 0.05 0.005 0.016 0.027
260 G 0.07 0.02 0.035 0.03 0.01 0.017 0.023 0.563 0.012 0.017 0.025 0.03 0.008 0.014 0.017 0.046 0.027 0.005 0.01 0.022
261 K 0.057 0.07 0.036 0.035 0.009 0.099 0.055 0.113 0.029 0.028 0.046 0.125 0.016 0.078 0.02 0.083 0.038 0.006 0.025 0.033
262 G 0.08 0.023 0.04 0.034 0.011 0.019 0.026 0.502 0.014 0.019 0.029 0.034 0.01 0.016 0.019 0.052 0.03 0.005 0.011 0.025
263 V 0.062 0.02 0.015 0.016 0.017 0.015 0.021 0.022 0.007 0.149 0.117 0.023 0.028 0.032 0.015 0.029 0.044 0.005 0.018 0.345
264 R 0.048 0.204 0.086 0.038 0.008 0.039 0.048 0.113 0.02 0.021 0.036 0.163 0.013 0.015 0.02 0.049 0.034 0.005 0.014 0.027
265 L 0.055 0.022 0.019 0.019 0.015 0.016 0.023 0.026 0.01 0.113 0.201 0.026 0.03 0.095 0.015 0.065 0.041 0.007 0.027 0.174
266 S 0.084 0.033 0.092 0.044 0.014 0.027 0.042 0.053 0.017 0.072 0.052 0.044 0.016 0.021 0.023 0.227 0.063 0.005 0.016 0.053
267 W 0.028 0.021 0.014 0.014 0.007 0.014 0.021 0.026 0.018 0.03 0.053 0.021 0.014 0.063 0.008 0.021 0.021 0.467 0.108 0.03
268 L 0.046 0.02 0.013 0.015 0.015 0.014 0.018 0.02 0.008 0.154 0.311 0.023 0.038 0.043 0.013 0.024 0.034 0.006 0.019 0.164
269 L 0.046 0.02 0.013 0.015 0.015 0.014 0.018 0.02 0.008 0.156 0.312 0.023 0.038 0.043 0.013 0.024 0.034 0.006 0.019 0.162
270 L 0.07 0.019 0.017 0.017 0.142 0.013 0.019 0.086 0.01 0.103 0.191 0.023 0.027 0.082 0.014 0.032 0.031 0.006 0.023 0.074
271 G 0.2 0.024 0.027 0.027 0.015 0.019 0.029 0.262 0.012 0.045 0.051 0.033 0.015 0.019 0.021 0.057 0.04 0.005 0.014 0.086
272 L 0.109 0.023 0.019 0.02 0.014 0.017 0.023 0.145 0.01 0.073 0.271 0.027 0.031 0.035 0.016 0.037 0.032 0.006 0.017 0.074
273 L 0.042 0.018 0.013 0.015 0.015 0.013 0.017 0.019 0.008 0.239 0.274 0.022 0.038 0.043 0.013 0.022 0.033 0.006 0.019 0.131
274 G 0.066 0.026 0.032 0.028 0.013 0.021 0.027 0.271 0.013 0.044 0.072 0.034 0.07 0.023 0.019 0.054 0.118 0.006 0.014 0.049
275 L 0.089 0.021 0.015 0.016 0.015 0.015 0.021 0.027 0.01 0.129 0.25 0.024 0.033 0.099 0.015 0.031 0.034 0.007 0.027 0.125
276 L 0.04 0.022 0.013 0.014 0.014 0.014 0.018 0.019 0.009 0.103 0.442 0.023 0.044 0.049 0.013 0.022 0.03 0.006 0.02 0.086
277 L 0.045 0.022 0.014 0.014 0.09 0.015 0.019 0.021 0.009 0.095 0.331 0.023 0.069 0.043 0.013 0.026 0.032 0.006 0.019 0.096
278 L 0.128 0.024 0.02 0.02 0.015 0.018 0.025 0.036 0.012 0.075 0.218 0.029 0.036 0.094 0.018 0.045 0.076 0.007 0.027 0.078
279 G 0.07 0.02 0.035 0.03 0.01 0.017 0.023 0.563 0.012 0.017 0.025 0.03 0.008 0.014 0.017 0.046 0.027 0.005 0.01 0.022
280 A 0.226 0.023 0.019 0.022 0.017 0.018 0.028 0.048 0.012 0.104 0.084 0.031 0.021 0.076 0.02 0.054 0.041 0.006 0.024 0.124
281 L 0.088 0.021 0.014 0.016 0.015 0.015 0.02 0.026 0.009 0.135 0.319 0.025 0.037 0.042 0.015 0.03 0.034 0.006 0.019 0.112
282 E 0.049 0.044 0.036 0.081 0.007 0.058 0.372 0.031 0.023 0.02 0.033 0.067 0.012 0.015 0.023 0.049 0.033 0.005 0.015 0.028
283 H 0.038 0.041 0.039 0.091 0.007 0.032 0.048 0.033 0.191 0.028 0.046 0.081 0.015 0.089 0.017 0.037 0.027 0.01 0.1 0.029
284 E 0.047 0.039 0.031 0.062 0.008 0.048 0.273 0.029 0.024 0.032 0.057 0.057 0.046 0.033 0.02 0.044 0.032 0.008 0.07 0.038
285 V 0.061 0.02 0.014 0.016 0.016 0.014 0.02 0.022 0.008 0.161 0.208 0.023 0.033 0.037 0.014 0.027 0.039 0.005 0.019 0.242
286 F 0.034 0.019 0.015 0.015 0.011 0.012 0.018 0.022 0.014 0.07 0.178 0.02 0.054 0.324 0.011 0.024 0.026 0.012 0.061 0.06
287 G 0.065 0.021 0.039 0.092 0.009 0.018 0.031 0.488 0.013 0.017 0.025 0.032 0.008 0.014 0.017 0.046 0.027 0.005 0.01 0.022
288 Y 0.045 0.027 0.024 0.021 0.009 0.021 0.028 0.028 0.038 0.037 0.058 0.031 0.016 0.103 0.016 0.067 0.032 0.022 0.337 0.041
289 S 0.09 0.033 0.043 0.04 0.015 0.027 0.042 0.053 0.016 0.073 0.053 0.044 0.017 0.022 0.025 0.263 0.068 0.005 0.016 0.055
290 Y 0.035 0.023 0.018 0.016 0.009 0.017 0.023 0.022 0.035 0.043 0.071 0.025 0.018 0.199 0.013 0.027 0.024 0.023 0.315 0.044
291 L 0.04 0.02 0.013 0.014 0.014 0.014 0.017 0.019 0.009 0.179 0.352 0.022 0.041 0.046 0.013 0.022 0.032 0.006 0.019 0.108
292 N 0.038 0.04 0.39 0.074 0.008 0.03 0.044 0.058 0.028 0.02 0.028 0.048 0.01 0.016 0.018 0.062 0.044 0.004 0.014 0.024
293 D 0.037 0.027 0.062 0.462 0.007 0.027 0.082 0.042 0.017 0.02 0.025 0.04 0.008 0.013 0.02 0.047 0.032 0.003 0.01 0.022
294 Y 0.036 0.027 0.023 0.019 0.008 0.022 0.028 0.024 0.096 0.036 0.057 0.03 0.016 0.104 0.014 0.029 0.025 0.022 0.342 0.039
295 F 0.034 0.019 0.014 0.014 0.012 0.012 0.017 0.021 0.013 0.076 0.247 0.019 0.032 0.281 0.011 0.022 0.026 0.011 0.054 0.065
296 L 0.043 0.021 0.013 0.014 0.015 0.014 0.018 0.019 0.009 0.144 0.354 0.022 0.04 0.045 0.013 0.023 0.033 0.006 0.019 0.133
297 R 0.04 0.415 0.035 0.028 0.007 0.043 0.047 0.029 0.021 0.021 0.042 0.107 0.014 0.016 0.017 0.04 0.031 0.005 0.016 0.028
298 R 0.04 0.415 0.035 0.028 0.007 0.043 0.047 0.029 0.021 0.021 0.042 0.107 0.014 0.016 0.017 0.04 0.031 0.005 0.016 0.028
299 A 0.276 0.025 0.02 0.023 0.018 0.02 0.031 0.056 0.012 0.098 0.076 0.035 0.02 0.024 0.023 0.062 0.043 0.005 0.016 0.116
300 F 0.032 0.019 0.016 0.016 0.009 0.012 0.019 0.023 0.022 0.052 0.091 0.02 0.021 0.365 0.011 0.024 0.023 0.018 0.161 0.047
301 I 0.1 0.023 0.022 0.022 0.016 0.018 0.025 0.032 0.01 0.173 0.102 0.03 0.025 0.03 0.019 0.049 0.122 0.005 0.017 0.16
302 V 0.063 0.02 0.015 0.016 0.017 0.015 0.021 0.022 0.007 0.147 0.116 0.023 0.028 0.032 0.015 0.029 0.044 0.005 0.018 0.347
303 P 0.051 0.023 0.021 0.028 0.009 0.018 0.032 0.032 0.012 0.023 0.032 0.037 0.009 0.012 0.548 0.039 0.032 0.002 0.012 0.028
304 S 0.152 0.034 0.043 0.04 0.016 0.028 0.045 0.061 0.016 0.029 0.041 0.047 0.014 0.019 0.027 0.258 0.067 0.005 0.016 0.042
305 T 0.062 0.029 0.035 0.031 0.016 0.023 0.032 0.036 0.012 0.091 0.071 0.038 0.02 0.024 0.023 0.074 0.286 0.005 0.016 0.077
306 L 0.041 0.022 0.013 0.014 0.014 0.015 0.019 0.02 0.009 0.137 0.369 0.024 0.067 0.047 0.013 0.023 0.031 0.006 0.02 0.096
307 L 0.04 0.024 0.067 0.022 0.014 0.017 0.022 0.025 0.012 0.091 0.383 0.026 0.039 0.044 0.013 0.027 0.032 0.006 0.019 0.077
308 G 0.065 0.021 0.039 0.092 0.009 0.018 0.031 0.488 0.013 0.017 0.025 0.032 0.008 0.014 0.017 0.046 0.027 0.005 0.01 0.022
309 A 0.359 0.028 0.023 0.027 0.019 0.023 0.036 0.082 0.013 0.038 0.052 0.04 0.015 0.019 0.026 0.075 0.044 0.005 0.015 0.06
310 A 0.189 0.024 0.019 0.021 0.017 0.019 0.028 0.043 0.015 0.085 0.081 0.031 0.021 0.039 0.02 0.049 0.042 0.008 0.07 0.181
311 D 0.041 0.03 0.051 0.285 0.008 0.033 0.155 0.036 0.017 0.067 0.045 0.045 0.013 0.018 0.02 0.044 0.033 0.004 0.013 0.043
312 L 0.094 0.044 0.08 0.037 0.012 0.137 0.056 0.04 0.02 0.047 0.147 0.054 0.024 0.024 0.019 0.049 0.044 0.005 0.018 0.05
313 F 0.031 0.018 0.016 0.015 0.009 0.011 0.018 0.023 0.019 0.054 0.096 0.019 0.022 0.405 0.01 0.023 0.023 0.017 0.124 0.048
314 V 0.103 0.023 0.02 0.02 0.016 0.018 0.026 0.031 0.013 0.104 0.092 0.029 0.024 0.039 0.018 0.043 0.082 0.007 0.062 0.229
315 S 0.074 0.041 0.042 0.088 0.013 0.035 0.049 0.052 0.016 0.073 0.053 0.088 0.016 0.02 0.023 0.182 0.058 0.005 0.015 0.055
316 Q 0.059 0.044 0.04 0.098 0.011 0.137 0.068 0.04 0.019 0.039 0.101 0.056 0.02 0.021 0.021 0.111 0.045 0.005 0.017 0.047
317 F 0.034 0.019 0.016 0.016 0.01 0.013 0.019 0.022 0.021 0.094 0.099 0.021 0.028 0.292 0.011 0.024 0.025 0.016 0.154 0.063
318 G 0.07 0.02 0.035 0.03 0.01 0.017 0.023 0.563 0.012 0.017 0.025 0.03 0.008 0.014 0.017 0.046 0.027 0.005 0.01 0.022
319 F 0.054 0.026 0.078 0.033 0.011 0.019 0.037 0.037 0.017 0.077 0.077 0.032 0.019 0.207 0.027 0.101 0.041 0.009 0.043 0.055
320 N 0.038 0.04 0.39 0.074 0.008 0.03 0.044 0.058 0.028 0.02 0.028 0.048 0.01 0.016 0.018 0.062 0.044 0.004 0.014 0.024
