#Seq2Logo.py -f /work3/idamei/ssn-clusterings/2206011120/clusters/0011_90/sequences.afa -m 0.0001 -b 50 -o /work3/idamei/ssn-clusterings/2206011120/clusters/0011_90/sequences.logo
#Position Specific Frequency Matrix
A R N D C Q E G H I L K M F P S T W Y V
0 M 0.047 0.029 0.018 0.018 0.014 0.025 0.025 0.025 0.014 0.09 0.176 0.032 0.251 0.043 0.014 0.032 0.036 0.007 0.022 0.082
1 R 0.047 0.158 0.09 0.099 0.008 0.037 0.053 0.114 0.019 0.021 0.034 0.149 0.012 0.015 0.02 0.047 0.034 0.005 0.014 0.026
2 A 0.136 0.105 0.032 0.031 0.014 0.032 0.043 0.046 0.016 0.041 0.067 0.103 0.053 0.022 0.023 0.096 0.068 0.005 0.017 0.05
3 D 0.047 0.035 0.093 0.111 0.009 0.071 0.077 0.08 0.023 0.045 0.051 0.045 0.015 0.035 0.018 0.044 0.035 0.008 0.077 0.081
4 R 0.072 0.179 0.065 0.07 0.009 0.038 0.052 0.039 0.019 0.034 0.046 0.166 0.014 0.017 0.021 0.047 0.036 0.005 0.015 0.057
5 R 0.042 0.157 0.086 0.041 0.01 0.033 0.09 0.031 0.018 0.129 0.074 0.062 0.019 0.024 0.017 0.04 0.035 0.005 0.016 0.071
6 K 0.069 0.053 0.035 0.035 0.014 0.032 0.045 0.042 0.016 0.118 0.081 0.127 0.022 0.026 0.023 0.108 0.052 0.005 0.018 0.081
7 D 0.126 0.03 0.054 0.279 0.012 0.028 0.074 0.057 0.017 0.029 0.038 0.044 0.012 0.017 0.025 0.063 0.04 0.004 0.013 0.039
8 A 0.297 0.031 0.025 0.029 0.021 0.025 0.04 0.078 0.015 0.043 0.059 0.044 0.017 0.021 0.029 0.084 0.049 0.005 0.017 0.068
9 G 0.057 0.045 0.141 0.053 0.009 0.098 0.057 0.21 0.024 0.022 0.034 0.057 0.013 0.016 0.02 0.057 0.039 0.005 0.015 0.028
10 R 0.143 0.145 0.035 0.031 0.015 0.033 0.042 0.05 0.017 0.038 0.055 0.067 0.017 0.02 0.025 0.071 0.119 0.005 0.017 0.055
11 G 0.085 0.028 0.042 0.037 0.013 0.023 0.033 0.374 0.015 0.022 0.032 0.039 0.011 0.017 0.022 0.116 0.045 0.005 0.013 0.029
12 F 0.043 0.025 0.022 0.029 0.012 0.021 0.079 0.026 0.014 0.105 0.148 0.031 0.025 0.171 0.015 0.037 0.078 0.009 0.038 0.073
13 G 0.112 0.023 0.028 0.027 0.013 0.018 0.027 0.215 0.013 0.084 0.066 0.031 0.017 0.093 0.018 0.086 0.038 0.007 0.025 0.059
14 K 0.102 0.113 0.031 0.03 0.012 0.033 0.044 0.039 0.015 0.084 0.064 0.152 0.018 0.021 0.022 0.053 0.084 0.005 0.016 0.062
15 S 0.075 0.037 0.042 0.051 0.013 0.036 0.136 0.045 0.017 0.031 0.042 0.052 0.014 0.018 0.025 0.168 0.134 0.005 0.015 0.042
16 L 0.093 0.022 0.019 0.019 0.013 0.016 0.023 0.145 0.011 0.065 0.166 0.026 0.024 0.036 0.015 0.035 0.031 0.121 0.026 0.093
17 L 0.07 0.02 0.014 0.016 0.016 0.015 0.02 0.023 0.009 0.164 0.259 0.024 0.035 0.04 0.014 0.028 0.036 0.006 0.019 0.174
18 L 0.042 0.018 0.014 0.015 0.014 0.013 0.017 0.02 0.01 0.187 0.218 0.021 0.033 0.13 0.012 0.023 0.032 0.008 0.032 0.141
19 V 0.109 0.023 0.023 0.023 0.129 0.018 0.027 0.038 0.01 0.076 0.124 0.03 0.023 0.027 0.019 0.095 0.046 0.005 0.016 0.139
20 L 0.086 0.019 0.015 0.017 0.014 0.014 0.02 0.027 0.01 0.193 0.213 0.024 0.032 0.098 0.014 0.03 0.033 0.007 0.027 0.108
21 I 0.091 0.018 0.015 0.017 0.015 0.014 0.02 0.027 0.01 0.22 0.122 0.024 0.028 0.094 0.015 0.032 0.037 0.007 0.027 0.169
22 L 0.055 0.023 0.021 0.02 0.015 0.018 0.023 0.101 0.01 0.093 0.197 0.028 0.06 0.034 0.016 0.038 0.077 0.006 0.018 0.148
23 I 0.051 0.022 0.021 0.021 0.015 0.016 0.022 0.025 0.009 0.199 0.161 0.027 0.029 0.034 0.017 0.041 0.119 0.005 0.018 0.148
24 L 0.05 0.019 0.014 0.015 0.016 0.014 0.019 0.02 0.008 0.192 0.219 0.022 0.034 0.039 0.014 0.025 0.038 0.005 0.019 0.218
25 L 0.082 0.021 0.015 0.016 0.013 0.014 0.02 0.028 0.012 0.074 0.241 0.023 0.031 0.218 0.013 0.03 0.029 0.01 0.045 0.067
26 F 0.035 0.019 0.015 0.015 0.011 0.013 0.018 0.021 0.016 0.109 0.2 0.021 0.029 0.23 0.012 0.023 0.027 0.013 0.098 0.074
27 F 0.032 0.018 0.015 0.015 0.01 0.01 0.017 0.022 0.014 0.063 0.151 0.018 0.026 0.395 0.01 0.023 0.024 0.014 0.071 0.054
28 Q 0.05 0.066 0.039 0.042 0.008 0.299 0.092 0.037 0.026 0.024 0.042 0.081 0.018 0.013 0.021 0.05 0.037 0.005 0.018 0.032
29 N 0.046 0.038 0.29 0.063 0.01 0.029 0.042 0.053 0.024 0.028 0.037 0.046 0.012 0.018 0.02 0.068 0.125 0.004 0.015 0.035
30 L 0.053 0.025 0.023 0.022 0.013 0.019 0.027 0.033 0.013 0.059 0.214 0.029 0.027 0.042 0.015 0.102 0.039 0.16 0.03 0.055
31 L 0.04 0.022 0.013 0.014 0.014 0.014 0.018 0.019 0.009 0.103 0.442 0.023 0.044 0.049 0.013 0.022 0.03 0.006 0.02 0.086
32 E 0.046 0.037 0.027 0.047 0.01 0.073 0.18 0.027 0.017 0.091 0.168 0.05 0.025 0.028 0.018 0.038 0.033 0.005 0.017 0.064
33 N 0.065 0.044 0.142 0.049 0.012 0.031 0.045 0.05 0.019 0.03 0.041 0.09 0.014 0.018 0.023 0.135 0.132 0.005 0.015 0.04
34 Y 0.046 0.028 0.02 0.02 0.012 0.057 0.032 0.024 0.025 0.112 0.087 0.033 0.023 0.067 0.015 0.031 0.034 0.014 0.178 0.144
35 F 0.044 0.023 0.073 0.028 0.011 0.016 0.025 0.032 0.016 0.11 0.092 0.027 0.022 0.24 0.014 0.068 0.036 0.01 0.048 0.067
36 A 0.104 0.031 0.055 0.039 0.013 0.028 0.083 0.042 0.017 0.047 0.054 0.042 0.016 0.026 0.097 0.089 0.084 0.006 0.042 0.085
37 L 0.046 0.036 0.023 0.024 0.011 0.078 0.04 0.028 0.019 0.059 0.12 0.061 0.022 0.098 0.092 0.034 0.032 0.009 0.079 0.088
38 F 0.152 0.022 0.019 0.02 0.013 0.016 0.026 0.041 0.014 0.045 0.074 0.027 0.018 0.21 0.016 0.046 0.052 0.087 0.049 0.051
39 G 0.075 0.036 0.092 0.044 0.012 0.065 0.046 0.2 0.019 0.022 0.033 0.048 0.012 0.016 0.022 0.159 0.051 0.005 0.014 0.03
40 Y 0.036 0.027 0.072 0.025 0.008 0.021 0.028 0.027 0.04 0.036 0.056 0.031 0.016 0.102 0.015 0.033 0.028 0.022 0.337 0.039
41 L 0.043 0.02 0.014 0.016 0.014 0.014 0.018 0.021 0.01 0.189 0.205 0.023 0.064 0.1 0.013 0.025 0.034 0.007 0.028 0.143
42 D 0.037 0.027 0.062 0.462 0.007 0.027 0.082 0.042 0.017 0.02 0.025 0.04 0.008 0.013 0.02 0.047 0.032 0.003 0.01 0.022
43 E 0.049 0.044 0.036 0.081 0.007 0.058 0.372 0.031 0.023 0.02 0.033 0.067 0.012 0.015 0.023 0.049 0.033 0.005 0.015 0.028
44 L 0.09 0.02 0.018 0.019 0.014 0.015 0.021 0.104 0.011 0.145 0.195 0.025 0.029 0.095 0.015 0.033 0.032 0.007 0.026 0.089
45 V 0.052 0.019 0.014 0.016 0.016 0.014 0.019 0.02 0.008 0.213 0.175 0.022 0.032 0.037 0.014 0.026 0.039 0.005 0.019 0.242
46 A 0.328 0.029 0.026 0.029 0.019 0.024 0.038 0.068 0.014 0.037 0.051 0.041 0.015 0.019 0.027 0.108 0.049 0.005 0.016 0.058
47 L 0.138 0.022 0.016 0.018 0.016 0.016 0.023 0.034 0.01 0.147 0.199 0.027 0.03 0.035 0.017 0.039 0.038 0.005 0.018 0.15
48 L 0.044 0.021 0.017 0.017 0.015 0.015 0.02 0.022 0.009 0.165 0.304 0.025 0.037 0.042 0.015 0.031 0.074 0.006 0.019 0.103
49 F 0.088 0.021 0.021 0.021 0.012 0.014 0.024 0.035 0.015 0.05 0.086 0.025 0.02 0.329 0.014 0.07 0.033 0.012 0.061 0.049
50 L 0.042 0.019 0.013 0.014 0.089 0.013 0.017 0.021 0.009 0.126 0.321 0.021 0.037 0.072 0.013 0.024 0.031 0.006 0.023 0.089
51 L 0.053 0.023 0.024 0.022 0.013 0.018 0.023 0.178 0.011 0.104 0.188 0.028 0.058 0.033 0.016 0.039 0.073 0.006 0.016 0.074
52 Y 0.041 0.026 0.022 0.019 0.01 0.02 0.027 0.023 0.087 0.061 0.12 0.028 0.022 0.082 0.014 0.029 0.028 0.017 0.236 0.089
53 F 0.034 0.022 0.018 0.016 0.009 0.015 0.022 0.022 0.03 0.047 0.079 0.023 0.019 0.261 0.012 0.026 0.024 0.021 0.257 0.045
54 F 0.041 0.019 0.015 0.015 0.013 0.012 0.019 0.022 0.012 0.092 0.19 0.02 0.03 0.242 0.012 0.025 0.03 0.011 0.05 0.131
55 L 0.039 0.022 0.018 0.017 0.013 0.016 0.021 0.022 0.069 0.155 0.252 0.024 0.034 0.101 0.013 0.024 0.03 0.007 0.032 0.092
56 D 0.052 0.177 0.05 0.199 0.009 0.035 0.063 0.041 0.019 0.022 0.035 0.071 0.012 0.016 0.021 0.092 0.041 0.004 0.014 0.028
57 L 0.047 0.022 0.014 0.015 0.016 0.015 0.019 0.021 0.009 0.118 0.346 0.024 0.042 0.046 0.014 0.024 0.035 0.006 0.02 0.148
58 V 0.057 0.096 0.019 0.019 0.015 0.021 0.026 0.024 0.01 0.121 0.135 0.041 0.028 0.031 0.016 0.032 0.041 0.005 0.019 0.244
59 L 0.085 0.024 0.017 0.018 0.015 0.019 0.024 0.029 0.019 0.092 0.181 0.028 0.053 0.059 0.016 0.034 0.036 0.011 0.107 0.132
60 S 0.082 0.033 0.099 0.044 0.101 0.027 0.041 0.054 0.017 0.028 0.04 0.044 0.014 0.018 0.023 0.216 0.062 0.004 0.015 0.038
61 G 0.076 0.056 0.084 0.038 0.01 0.032 0.044 0.192 0.017 0.028 0.063 0.172 0.014 0.017 0.021 0.049 0.034 0.005 0.014 0.033
62 G 0.06 0.113 0.085 0.04 0.011 0.03 0.061 0.114 0.017 0.043 0.049 0.055 0.015 0.019 0.02 0.087 0.083 0.005 0.015 0.078
63 I 0.09 0.02 0.022 0.081 0.014 0.016 0.029 0.03 0.01 0.229 0.113 0.027 0.026 0.032 0.016 0.034 0.037 0.005 0.017 0.152
64 R 0.055 0.194 0.032 0.028 0.01 0.031 0.039 0.036 0.017 0.035 0.098 0.066 0.018 0.027 0.018 0.11 0.041 0.083 0.023 0.039
65 K 0.098 0.054 0.03 0.03 0.012 0.031 0.042 0.114 0.015 0.078 0.066 0.171 0.033 0.021 0.021 0.049 0.056 0.005 0.016 0.057
66 R 0.052 0.161 0.041 0.102 0.008 0.042 0.103 0.038 0.019 0.022 0.036 0.154 0.013 0.015 0.022 0.082 0.039 0.005 0.015 0.029
67 D 0.042 0.041 0.042 0.201 0.007 0.038 0.173 0.035 0.019 0.026 0.041 0.092 0.012 0.077 0.02 0.044 0.031 0.006 0.022 0.029
68 L 0.072 0.079 0.022 0.022 0.013 0.02 0.027 0.031 0.013 0.107 0.186 0.039 0.028 0.093 0.016 0.069 0.038 0.007 0.027 0.093
69 L 0.05 0.089 0.027 0.025 0.012 0.026 0.032 0.104 0.013 0.094 0.152 0.086 0.04 0.028 0.018 0.041 0.074 0.005 0.017 0.067
70 L 0.039 0.019 0.013 0.015 0.014 0.013 0.017 0.019 0.009 0.184 0.289 0.021 0.037 0.103 0.012 0.022 0.031 0.007 0.028 0.106
71 V 0.101 0.021 0.018 0.019 0.128 0.016 0.022 0.032 0.009 0.123 0.141 0.026 0.025 0.03 0.017 0.055 0.041 0.005 0.016 0.156
72 V 0.048 0.018 0.014 0.015 0.089 0.013 0.018 0.022 0.009 0.17 0.162 0.021 0.029 0.095 0.013 0.026 0.035 0.006 0.026 0.171
73 L 0.041 0.021 0.014 0.016 0.013 0.015 0.02 0.021 0.012 0.122 0.315 0.025 0.036 0.047 0.089 0.025 0.031 0.007 0.045 0.085
74 A 0.192 0.025 0.022 0.024 0.017 0.02 0.03 0.047 0.012 0.106 0.129 0.033 0.024 0.028 0.021 0.086 0.045 0.005 0.017 0.116
75 L 0.068 0.02 0.015 0.016 0.015 0.015 0.02 0.024 0.01 0.153 0.214 0.024 0.048 0.098 0.014 0.028 0.035 0.007 0.028 0.15
76 I 0.048 0.021 0.017 0.018 0.014 0.016 0.021 0.024 0.01 0.163 0.159 0.025 0.044 0.039 0.014 0.033 0.076 0.083 0.025 0.151
77 I 0.1 0.022 0.021 0.021 0.091 0.017 0.024 0.032 0.009 0.153 0.096 0.028 0.024 0.028 0.018 0.046 0.101 0.005 0.016 0.149
78 I 0.092 0.022 0.019 0.02 0.015 0.017 0.023 0.03 0.01 0.225 0.127 0.028 0.059 0.034 0.017 0.04 0.079 0.005 0.018 0.12
79 L 0.137 0.022 0.016 0.018 0.016 0.017 0.023 0.034 0.01 0.126 0.243 0.027 0.032 0.037 0.017 0.038 0.037 0.006 0.018 0.127
80 A 0.143 0.023 0.021 0.023 0.015 0.018 0.027 0.041 0.011 0.139 0.087 0.03 0.022 0.032 0.018 0.079 0.043 0.082 0.023 0.121
81 G 0.069 0.022 0.035 0.031 0.011 0.018 0.025 0.488 0.012 0.021 0.03 0.032 0.01 0.015 0.018 0.051 0.069 0.005 0.011 0.028
82 L 0.039 0.02 0.013 0.014 0.014 0.013 0.018 0.019 0.01 0.132 0.352 0.022 0.04 0.105 0.012 0.022 0.03 0.007 0.028 0.091
83 L 0.046 0.022 0.02 0.02 0.012 0.017 0.023 0.026 0.02 0.137 0.143 0.027 0.026 0.119 0.015 0.064 0.035 0.012 0.133 0.082
84 G 0.082 0.021 0.027 0.025 0.087 0.016 0.024 0.225 0.013 0.034 0.056 0.028 0.015 0.141 0.016 0.077 0.034 0.008 0.031 0.039
85 N 0.038 0.04 0.39 0.074 0.008 0.03 0.044 0.058 0.028 0.02 0.028 0.048 0.01 0.016 0.018 0.062 0.044 0.004 0.014 0.024
86 F 0.083 0.024 0.019 0.018 0.012 0.018 0.025 0.031 0.047 0.056 0.136 0.027 0.055 0.139 0.014 0.033 0.029 0.088 0.093 0.055
87 I 0.043 0.089 0.025 0.023 0.011 0.025 0.033 0.027 0.071 0.134 0.083 0.084 0.021 0.032 0.015 0.031 0.032 0.083 0.028 0.11
88 F 0.041 0.023 0.073 0.028 0.01 0.015 0.025 0.033 0.017 0.047 0.082 0.026 0.02 0.328 0.013 0.068 0.033 0.012 0.061 0.044
89 G 0.056 0.029 0.138 0.043 0.009 0.023 0.032 0.343 0.076 0.018 0.027 0.037 0.01 0.017 0.017 0.049 0.031 0.005 0.017 0.022
90 I 0.049 0.017 0.016 0.018 0.014 0.013 0.018 0.097 0.008 0.273 0.127 0.023 0.029 0.035 0.014 0.027 0.035 0.005 0.017 0.165
91 Q 0.05 0.066 0.039 0.042 0.008 0.299 0.092 0.037 0.026 0.024 0.042 0.081 0.018 0.013 0.021 0.05 0.037 0.005 0.018 0.032
92 T 0.059 0.035 0.093 0.112 0.011 0.033 0.116 0.081 0.018 0.029 0.038 0.048 0.013 0.017 0.022 0.096 0.124 0.005 0.014 0.038
93 S 0.095 0.032 0.086 0.039 0.014 0.026 0.039 0.049 0.021 0.045 0.052 0.041 0.016 0.034 0.022 0.174 0.056 0.008 0.069 0.082
94 L 0.038 0.029 0.071 0.026 0.01 0.02 0.027 0.029 0.019 0.092 0.115 0.051 0.054 0.108 0.013 0.032 0.031 0.087 0.086 0.063
95 L 0.076 0.025 0.022 0.022 0.014 0.019 0.026 0.033 0.013 0.109 0.199 0.03 0.06 0.096 0.016 0.088 0.041 0.007 0.027 0.078
96 A 0.273 0.026 0.021 0.024 0.017 0.021 0.032 0.056 0.017 0.083 0.068 0.035 0.018 0.036 0.023 0.061 0.04 0.008 0.07 0.072
97 I 0.042 0.017 0.013 0.015 0.014 0.012 0.016 0.018 0.008 0.314 0.192 0.021 0.034 0.041 0.013 0.022 0.035 0.005 0.019 0.148
98 V 0.082 0.024 0.024 0.023 0.015 0.019 0.027 0.032 0.015 0.136 0.092 0.031 0.023 0.041 0.018 0.078 0.084 0.008 0.071 0.158
99 E 0.053 0.032 0.028 0.047 0.011 0.035 0.173 0.03 0.016 0.109 0.146 0.045 0.023 0.028 0.019 0.074 0.039 0.005 0.017 0.07
100 D 0.037 0.027 0.062 0.462 0.007 0.027 0.082 0.042 0.017 0.02 0.025 0.04 0.008 0.013 0.02 0.047 0.032 0.003 0.01 0.022
101 I 0.047 0.018 0.013 0.015 0.015 0.013 0.018 0.02 0.008 0.239 0.203 0.022 0.034 0.039 0.013 0.024 0.037 0.005 0.019 0.196
102 L 0.048 0.019 0.014 0.015 0.015 0.013 0.019 0.021 0.009 0.15 0.212 0.022 0.033 0.098 0.013 0.025 0.036 0.007 0.028 0.203
103 S 0.094 0.034 0.046 0.042 0.015 0.028 0.043 0.131 0.016 0.025 0.036 0.046 0.013 0.018 0.025 0.267 0.067 0.005 0.015 0.035
104 H 0.043 0.03 0.08 0.032 0.012 0.023 0.032 0.032 0.13 0.13 0.128 0.034 0.024 0.031 0.017 0.041 0.074 0.006 0.027 0.076
105 F 0.031 0.018 0.016 0.015 0.009 0.011 0.018 0.023 0.019 0.054 0.096 0.019 0.022 0.405 0.01 0.023 0.023 0.017 0.124 0.048
106 K 0.049 0.141 0.037 0.036 0.008 0.047 0.061 0.037 0.019 0.024 0.039 0.32 0.014 0.014 0.024 0.047 0.035 0.005 0.015 0.029
107 F 0.031 0.018 0.016 0.015 0.009 0.011 0.018 0.023 0.019 0.054 0.096 0.019 0.022 0.405 0.01 0.023 0.023 0.017 0.124 0.048
108 L 0.112 0.022 0.015 0.017 0.016 0.016 0.022 0.03 0.01 0.128 0.294 0.026 0.035 0.04 0.016 0.034 0.035 0.006 0.019 0.11
109 F 0.055 0.019 0.015 0.015 0.01 0.012 0.019 0.026 0.014 0.058 0.139 0.02 0.024 0.307 0.011 0.026 0.025 0.089 0.064 0.052
110 L 0.052 0.022 0.018 0.018 0.016 0.016 0.022 0.023 0.009 0.145 0.21 0.026 0.048 0.037 0.015 0.034 0.079 0.006 0.019 0.186
111 Y 0.035 0.023 0.019 0.016 0.009 0.017 0.023 0.022 0.036 0.043 0.07 0.026 0.018 0.189 0.013 0.027 0.025 0.023 0.324 0.043
112 L 0.04 0.021 0.013 0.014 0.014 0.014 0.018 0.019 0.009 0.138 0.401 0.022 0.043 0.047 0.013 0.022 0.031 0.006 0.02 0.096
113 G 0.07 0.02 0.035 0.03 0.01 0.017 0.023 0.563 0.012 0.017 0.025 0.03 0.008 0.014 0.017 0.046 0.027 0.005 0.01 0.022
114 L 0.094 0.023 0.015 0.017 0.016 0.017 0.022 0.028 0.01 0.104 0.256 0.027 0.065 0.039 0.015 0.033 0.037 0.006 0.019 0.157
115 K 0.066 0.065 0.041 0.039 0.011 0.075 0.059 0.044 0.018 0.028 0.042 0.184 0.015 0.016 0.025 0.126 0.088 0.005 0.016 0.037
116 S 0.118 0.047 0.04 0.039 0.014 0.069 0.052 0.052 0.017 0.031 0.043 0.095 0.015 0.018 0.025 0.167 0.095 0.005 0.016 0.043
117 Y 0.082 0.079 0.021 0.019 0.01 0.02 0.027 0.03 0.027 0.041 0.069 0.038 0.018 0.184 0.015 0.035 0.028 0.016 0.195 0.045
118 L 0.089 0.023 0.016 0.017 0.089 0.017 0.022 0.029 0.015 0.074 0.239 0.027 0.061 0.049 0.015 0.034 0.033 0.009 0.071 0.071
119 R 0.057 0.144 0.087 0.045 0.01 0.036 0.09 0.041 0.024 0.025 0.04 0.065 0.013 0.031 0.02 0.118 0.044 0.008 0.069 0.032
120 K 0.046 0.05 0.085 0.103 0.009 0.035 0.096 0.036 0.022 0.042 0.049 0.131 0.015 0.032 0.02 0.044 0.036 0.007 0.068 0.074
121 R 0.058 0.151 0.087 0.038 0.011 0.034 0.045 0.042 0.019 0.035 0.095 0.105 0.018 0.021 0.02 0.117 0.045 0.005 0.016 0.038
122 T 0.072 0.035 0.043 0.037 0.017 0.027 0.039 0.043 0.014 0.052 0.064 0.045 0.019 0.023 0.027 0.091 0.261 0.006 0.017 0.07
123 G 0.051 0.082 0.036 0.029 0.008 0.025 0.033 0.258 0.131 0.024 0.041 0.042 0.013 0.081 0.016 0.039 0.026 0.007 0.032 0.026
124 N 0.043 0.045 0.31 0.084 0.009 0.034 0.05 0.066 0.032 0.023 0.032 0.054 0.011 0.018 0.02 0.07 0.05 0.005 0.016 0.027
125 R 0.045 0.338 0.039 0.031 0.008 0.049 0.053 0.033 0.024 0.024 0.047 0.121 0.016 0.018 0.02 0.045 0.035 0.006 0.018 0.031
126 I 0.048 0.018 0.015 0.018 0.016 0.013 0.018 0.021 0.009 0.264 0.17 0.024 0.037 0.045 0.015 0.025 0.04 0.006 0.021 0.178
127 V 0.052 0.03 0.017 0.018 0.088 0.019 0.025 0.026 0.01 0.091 0.134 0.069 0.024 0.033 0.015 0.031 0.036 0.082 0.023 0.176
128 D 0.041 0.089 0.142 0.171 0.008 0.034 0.099 0.041 0.021 0.03 0.051 0.055 0.045 0.019 0.019 0.048 0.036 0.005 0.014 0.033
129 Y 0.051 0.025 0.023 0.021 0.013 0.02 0.026 0.027 0.02 0.108 0.097 0.03 0.054 0.056 0.017 0.044 0.117 0.011 0.125 0.114
130 K 0.099 0.079 0.041 0.103 0.01 0.039 0.101 0.044 0.047 0.025 0.038 0.14 0.013 0.016 0.023 0.087 0.04 0.005 0.017 0.033
131 R 0.053 0.16 0.034 0.038 0.009 0.041 0.094 0.035 0.018 0.034 0.096 0.152 0.018 0.02 0.021 0.079 0.038 0.005 0.016 0.038
132 I 0.113 0.019 0.015 0.018 0.016 0.014 0.021 0.03 0.009 0.268 0.127 0.025 0.029 0.035 0.016 0.034 0.038 0.005 0.018 0.151
133 L 0.085 0.021 0.015 0.016 0.014 0.014 0.02 0.027 0.01 0.14 0.275 0.024 0.035 0.1 0.014 0.03 0.032 0.007 0.027 0.093
134 K 0.045 0.166 0.029 0.028 0.009 0.037 0.046 0.03 0.016 0.046 0.155 0.189 0.023 0.024 0.019 0.038 0.033 0.005 0.017 0.045
135 L 0.043 0.076 0.02 0.019 0.011 0.018 0.023 0.099 0.016 0.133 0.139 0.035 0.025 0.104 0.014 0.029 0.029 0.01 0.079 0.077
136 V 0.056 0.021 0.016 0.019 0.014 0.016 0.024 0.025 0.009 0.105 0.139 0.027 0.025 0.028 0.167 0.031 0.039 0.004 0.017 0.219
137 V 0.052 0.021 0.019 0.018 0.088 0.016 0.021 0.101 0.015 0.077 0.094 0.025 0.053 0.101 0.014 0.032 0.033 0.009 0.078 0.134
138 L 0.044 0.033 0.022 0.022 0.012 0.02 0.029 0.028 0.013 0.059 0.174 0.073 0.025 0.15 0.092 0.037 0.071 0.008 0.034 0.056
139 L 0.043 0.018 0.014 0.015 0.014 0.013 0.017 0.02 0.009 0.208 0.222 0.021 0.034 0.1 0.013 0.023 0.033 0.007 0.028 0.149
140 A 0.146 0.024 0.022 0.022 0.016 0.018 0.028 0.041 0.012 0.08 0.132 0.031 0.024 0.089 0.019 0.08 0.043 0.007 0.026 0.141
141 K 0.05 0.076 0.084 0.039 0.084 0.04 0.054 0.04 0.018 0.026 0.04 0.263 0.013 0.015 0.022 0.048 0.036 0.004 0.015 0.032
142 I 0.052 0.018 0.018 0.02 0.014 0.014 0.02 0.099 0.009 0.212 0.108 0.025 0.025 0.03 0.09 0.03 0.036 0.005 0.016 0.16
143 Y 0.036 0.025 0.019 0.017 0.008 0.019 0.025 0.022 0.042 0.039 0.061 0.028 0.017 0.117 0.014 0.028 0.025 0.025 0.391 0.042
144 L 0.043 0.021 0.013 0.014 0.015 0.015 0.018 0.019 0.009 0.109 0.396 0.023 0.042 0.046 0.013 0.023 0.032 0.006 0.02 0.123
145 L 0.077 0.023 0.021 0.021 0.015 0.017 0.024 0.03 0.01 0.16 0.199 0.028 0.03 0.035 0.017 0.071 0.062 0.005 0.018 0.133
146 V 0.054 0.018 0.014 0.016 0.015 0.013 0.019 0.021 0.009 0.177 0.121 0.022 0.028 0.094 0.014 0.027 0.039 0.006 0.027 0.264
147 L 0.043 0.021 0.013 0.014 0.015 0.015 0.018 0.019 0.009 0.109 0.396 0.023 0.042 0.046 0.013 0.023 0.032 0.006 0.02 0.123
148 F 0.046 0.02 0.02 0.019 0.012 0.013 0.022 0.027 0.013 0.107 0.102 0.023 0.024 0.271 0.013 0.064 0.035 0.011 0.053 0.106
149 V 0.051 0.02 0.019 0.019 0.014 0.015 0.021 0.062 0.01 0.148 0.153 0.025 0.028 0.093 0.015 0.035 0.076 0.007 0.026 0.163
150 F 0.032 0.018 0.015 0.015 0.01 0.01 0.017 0.022 0.014 0.063 0.151 0.018 0.026 0.395 0.01 0.023 0.024 0.014 0.071 0.054
151 G 0.196 0.025 0.03 0.029 0.015 0.021 0.03 0.277 0.013 0.031 0.042 0.036 0.013 0.017 0.022 0.064 0.077 0.005 0.013 0.045
152 V 0.099 0.02 0.019 0.019 0.015 0.015 0.022 0.106 0.01 0.129 0.097 0.025 0.023 0.089 0.016 0.036 0.037 0.006 0.025 0.19
153 L 0.087 0.022 0.014 0.016 0.015 0.015 0.02 0.026 0.009 0.129 0.345 0.025 0.039 0.043 0.015 0.03 0.033 0.006 0.019 0.093
154 N 0.038 0.04 0.39 0.074 0.008 0.03 0.044 0.058 0.028 0.02 0.028 0.048 0.01 0.016 0.018 0.062 0.044 0.004 0.014 0.024
155 L 0.04 0.02 0.013 0.014 0.014 0.014 0.017 0.019 0.009 0.173 0.359 0.022 0.041 0.046 0.013 0.022 0.031 0.006 0.019 0.106
156 F 0.046 0.018 0.015 0.015 0.013 0.012 0.019 0.022 0.011 0.102 0.109 0.02 0.025 0.242 0.012 0.026 0.033 0.01 0.049 0.198
157 T 0.092 0.029 0.033 0.031 0.016 0.023 0.034 0.042 0.012 0.098 0.073 0.037 0.02 0.024 0.022 0.129 0.152 0.005 0.017 0.11
158 D 0.044 0.029 0.146 0.227 0.008 0.025 0.055 0.119 0.019 0.02 0.027 0.04 0.009 0.014 0.094 0.05 0.035 0.004 0.011 0.023
159 I 0.041 0.018 0.013 0.015 0.014 0.013 0.017 0.019 0.008 0.261 0.254 0.022 0.037 0.043 0.013 0.022 0.033 0.006 0.019 0.132
160 G 0.062 0.027 0.037 0.038 0.009 0.025 0.076 0.411 0.072 0.018 0.028 0.037 0.01 0.016 0.018 0.045 0.027 0.005 0.016 0.022
161 M 0.047 0.029 0.018 0.018 0.014 0.025 0.025 0.025 0.014 0.09 0.176 0.032 0.251 0.043 0.014 0.032 0.036 0.007 0.022 0.082
162 D 0.054 0.032 0.046 0.155 0.01 0.028 0.052 0.041 0.109 0.026 0.038 0.04 0.013 0.04 0.02 0.114 0.04 0.009 0.102 0.03
163 A 0.193 0.033 0.03 0.03 0.014 0.062 0.042 0.127 0.02 0.032 0.046 0.044 0.015 0.032 0.023 0.094 0.042 0.008 0.069 0.045
164 E 0.055 0.038 0.036 0.066 0.007 0.046 0.272 0.183 0.02 0.019 0.031 0.057 0.011 0.015 0.021 0.048 0.031 0.005 0.013 0.026
165 I 0.046 0.022 0.019 0.019 0.013 0.017 0.023 0.023 0.021 0.166 0.1 0.027 0.024 0.063 0.015 0.034 0.075 0.012 0.151 0.13
166 R 0.04 0.415 0.035 0.028 0.007 0.043 0.047 0.029 0.021 0.021 0.042 0.107 0.014 0.016 0.017 0.04 0.031 0.005 0.016 0.028
167 Y 0.036 0.025 0.019 0.017 0.008 0.019 0.025 0.022 0.042 0.039 0.061 0.028 0.017 0.117 0.014 0.028 0.025 0.025 0.391 0.042
168 G 0.07 0.02 0.035 0.03 0.01 0.017 0.023 0.563 0.012 0.017 0.025 0.03 0.008 0.014 0.017 0.046 0.027 0.005 0.01 0.022
169 L 0.038 0.021 0.013 0.014 0.014 0.014 0.018 0.02 0.01 0.096 0.394 0.022 0.041 0.107 0.012 0.022 0.029 0.008 0.028 0.081
170 R 0.043 0.314 0.033 0.029 0.007 0.04 0.047 0.031 0.019 0.022 0.04 0.133 0.013 0.015 0.094 0.041 0.032 0.005 0.015 0.028
171 N 0.057 0.033 0.133 0.041 0.013 0.026 0.035 0.042 0.018 0.056 0.084 0.04 0.082 0.026 0.019 0.09 0.107 0.005 0.017 0.074
172 F 0.033 0.02 0.017 0.016 0.009 0.014 0.02 0.022 0.026 0.049 0.084 0.022 0.02 0.309 0.011 0.025 0.024 0.019 0.213 0.046
173 S 0.175 0.033 0.041 0.039 0.017 0.028 0.044 0.062 0.016 0.03 0.042 0.046 0.014 0.019 0.027 0.238 0.065 0.005 0.016 0.044
174 F 0.03 0.017 0.015 0.015 0.009 0.009 0.017 0.023 0.015 0.057 0.102 0.017 0.023 0.453 0.009 0.023 0.023 0.015 0.079 0.049
175 I 0.051 0.017 0.014 0.016 0.016 0.013 0.018 0.02 0.008 0.262 0.136 0.022 0.031 0.036 0.014 0.025 0.039 0.005 0.018 0.239
176 F 0.033 0.02 0.017 0.016 0.009 0.014 0.02 0.022 0.026 0.049 0.084 0.022 0.02 0.309 0.011 0.025 0.024 0.019 0.213 0.046
177 G 0.07 0.02 0.035 0.03 0.01 0.017 0.023 0.563 0.012 0.017 0.025 0.03 0.008 0.014 0.017 0.046 0.027 0.005 0.01 0.022
178 T 0.065 0.032 0.039 0.033 0.016 0.025 0.035 0.039 0.012 0.048 0.058 0.041 0.018 0.021 0.025 0.083 0.327 0.005 0.016 0.063
179 P 0.051 0.023 0.021 0.028 0.009 0.018 0.032 0.032 0.012 0.023 0.032 0.037 0.009 0.012 0.548 0.039 0.032 0.002 0.012 0.028
180 G 0.07 0.02 0.035 0.03 0.01 0.017 0.023 0.563 0.012 0.017 0.025 0.03 0.008 0.014 0.017 0.046 0.027 0.005 0.01 0.022
181 H 0.041 0.035 0.032 0.027 0.01 0.063 0.041 0.028 0.189 0.127 0.127 0.038 0.024 0.032 0.016 0.033 0.03 0.006 0.033 0.071
182 V 0.053 0.02 0.014 0.015 0.016 0.014 0.019 0.021 0.008 0.163 0.214 0.023 0.033 0.038 0.014 0.026 0.039 0.005 0.019 0.245
183 I 0.07 0.02 0.019 0.02 0.015 0.015 0.021 0.026 0.009 0.262 0.123 0.027 0.028 0.034 0.017 0.039 0.099 0.005 0.018 0.131
184 N 0.038 0.04 0.39 0.074 0.008 0.03 0.044 0.058 0.028 0.02 0.028 0.048 0.01 0.016 0.018 0.062 0.044 0.004 0.014 0.024
185 Q 0.053 0.05 0.035 0.036 0.011 0.18 0.065 0.035 0.02 0.042 0.104 0.061 0.022 0.021 0.021 0.055 0.119 0.005 0.018 0.048
186 M 0.059 0.028 0.023 0.022 0.015 0.023 0.028 0.03 0.013 0.09 0.135 0.033 0.152 0.036 0.017 0.074 0.064 0.006 0.02 0.131
187 T 0.055 0.027 0.028 0.025 0.015 0.02 0.028 0.03 0.011 0.107 0.181 0.033 0.027 0.032 0.02 0.057 0.201 0.006 0.017 0.083
188 Y 0.036 0.023 0.018 0.016 0.009 0.017 0.023 0.022 0.033 0.086 0.08 0.025 0.02 0.154 0.013 0.026 0.026 0.021 0.293 0.059
189 A 0.144 0.023 0.021 0.023 0.016 0.018 0.027 0.04 0.012 0.144 0.095 0.03 0.023 0.089 0.019 0.079 0.043 0.006 0.026 0.125
190 L 0.041 0.018 0.013 0.015 0.014 0.013 0.017 0.019 0.008 0.244 0.275 0.022 0.038 0.043 0.013 0.022 0.033 0.006 0.019 0.127
191 L 0.049 0.022 0.017 0.018 0.015 0.017 0.021 0.023 0.01 0.171 0.226 0.026 0.081 0.04 0.014 0.045 0.038 0.006 0.019 0.14
192 L 0.038 0.021 0.013 0.014 0.014 0.014 0.018 0.02 0.01 0.096 0.394 0.022 0.041 0.107 0.012 0.022 0.029 0.008 0.028 0.081
193 L 0.039 0.022 0.014 0.014 0.014 0.015 0.019 0.019 0.014 0.094 0.388 0.023 0.04 0.059 0.013 0.023 0.029 0.009 0.073 0.08
194 L 0.054 0.035 0.03 0.035 0.012 0.066 0.087 0.032 0.02 0.052 0.159 0.044 0.024 0.04 0.019 0.08 0.079 0.008 0.071 0.053
195 L 0.148 0.026 0.026 0.026 0.015 0.021 0.03 0.119 0.012 0.056 0.167 0.034 0.039 0.029 0.02 0.086 0.061 0.005 0.016 0.061
196 E 0.042 0.038 0.09 0.118 0.007 0.04 0.188 0.036 0.083 0.023 0.035 0.051 0.012 0.031 0.02 0.046 0.032 0.008 0.073 0.027
197 A 0.198 0.029 0.03 0.03 0.139 0.023 0.036 0.062 0.014 0.039 0.055 0.04 0.016 0.02 0.026 0.112 0.053 0.005 0.016 0.057
198 R 0.138 0.16 0.032 0.038 0.011 0.041 0.095 0.044 0.018 0.027 0.043 0.153 0.014 0.016 0.023 0.054 0.036 0.005 0.015 0.038
199 L 0.044 0.032 0.023 0.04 0.011 0.05 0.149 0.025 0.015 0.103 0.226 0.043 0.029 0.033 0.017 0.034 0.032 0.006 0.018 0.072
200 H 0.037 0.035 0.031 0.025 0.009 0.026 0.035 0.028 0.195 0.042 0.108 0.055 0.02 0.109 0.015 0.032 0.026 0.012 0.121 0.039
201 N 0.041 0.029 0.125 0.043 0.01 0.025 0.078 0.034 0.018 0.085 0.117 0.037 0.02 0.086 0.092 0.04 0.034 0.006 0.025 0.057
202 G 0.066 0.027 0.035 0.037 0.01 0.025 0.076 0.338 0.019 0.022 0.033 0.038 0.011 0.03 0.019 0.081 0.034 0.008 0.066 0.028
203 K 0.048 0.187 0.036 0.034 0.007 0.046 0.058 0.036 0.019 0.024 0.039 0.285 0.014 0.014 0.023 0.045 0.034 0.005 0.015 0.029
204 K 0.053 0.134 0.139 0.046 0.009 0.037 0.049 0.083 0.021 0.022 0.035 0.147 0.012 0.016 0.021 0.087 0.042 0.005 0.015 0.028
205 N 0.042 0.034 0.283 0.058 0.01 0.025 0.037 0.047 0.022 0.085 0.058 0.041 0.016 0.022 0.017 0.052 0.043 0.004 0.015 0.089
206 L 0.047 0.063 0.076 0.03 0.012 0.024 0.033 0.032 0.015 0.083 0.126 0.082 0.023 0.087 0.017 0.043 0.077 0.006 0.026 0.099
207 L 0.049 0.021 0.02 0.02 0.014 0.015 0.02 0.099 0.01 0.171 0.223 0.026 0.031 0.037 0.015 0.034 0.074 0.006 0.017 0.099
208 W 0.031 0.023 0.02 0.017 0.008 0.016 0.024 0.026 0.077 0.038 0.067 0.023 0.017 0.202 0.01 0.025 0.022 0.205 0.113 0.036
209 L 0.043 0.026 0.02 0.033 0.012 0.026 0.118 0.022 0.013 0.15 0.242 0.035 0.032 0.036 0.016 0.03 0.032 0.006 0.018 0.09
210 V 0.08 0.021 0.02 0.02 0.015 0.016 0.023 0.105 0.01 0.093 0.138 0.026 0.025 0.09 0.016 0.053 0.039 0.007 0.026 0.178
211 L 0.043 0.024 0.015 0.016 0.014 0.019 0.021 0.022 0.011 0.115 0.307 0.027 0.132 0.046 0.013 0.026 0.033 0.007 0.02 0.09
212 A 0.179 0.029 0.032 0.031 0.017 0.024 0.036 0.053 0.013 0.081 0.064 0.04 0.018 0.022 0.024 0.135 0.112 0.005 0.016 0.069
213 L 0.047 0.022 0.02 0.026 0.087 0.019 0.068 0.1 0.012 0.098 0.179 0.028 0.026 0.091 0.015 0.031 0.03 0.007 0.025 0.068
214 L 0.154 0.022 0.017 0.019 0.015 0.016 0.024 0.038 0.012 0.088 0.21 0.027 0.029 0.124 0.017 0.041 0.034 0.008 0.031 0.074
215 V 0.055 0.021 0.017 0.018 0.016 0.016 0.022 0.023 0.008 0.152 0.183 0.025 0.031 0.035 0.015 0.034 0.08 0.005 0.018 0.224
216 L 0.043 0.024 0.015 0.016 0.014 0.019 0.021 0.022 0.011 0.132 0.286 0.027 0.131 0.045 0.013 0.026 0.033 0.007 0.02 0.095
217 L 0.047 0.019 0.013 0.015 0.015 0.013 0.018 0.02 0.008 0.221 0.224 0.022 0.035 0.04 0.013 0.024 0.036 0.005 0.019 0.191
218 S 0.106 0.026 0.026 0.025 0.09 0.021 0.03 0.041 0.014 0.053 0.11 0.033 0.068 0.088 0.019 0.114 0.045 0.007 0.026 0.058
219 T 0.064 0.028 0.032 0.028 0.016 0.022 0.031 0.034 0.011 0.076 0.075 0.036 0.021 0.024 0.022 0.068 0.246 0.005 0.017 0.144
220 L 0.04 0.02 0.013 0.014 0.014 0.014 0.017 0.019 0.009 0.173 0.359 0.022 0.041 0.046 0.013 0.022 0.031 0.006 0.019 0.106
221 K 0.049 0.141 0.037 0.036 0.008 0.047 0.061 0.037 0.019 0.024 0.039 0.32 0.014 0.014 0.024 0.047 0.035 0.005 0.015 0.029
222 T 0.079 0.033 0.043 0.038 0.016 0.027 0.04 0.048 0.014 0.039 0.049 0.044 0.016 0.02 0.025 0.177 0.218 0.005 0.016 0.052
223 R 0.04 0.415 0.035 0.028 0.007 0.043 0.047 0.029 0.021 0.021 0.042 0.107 0.014 0.016 0.017 0.04 0.031 0.005 0.016 0.028
224 A 0.247 0.029 0.032 0.032 0.017 0.024 0.037 0.137 0.014 0.032 0.045 0.041 0.014 0.018 0.025 0.137 0.05 0.005 0.015 0.049
225 F 0.036 0.018 0.014 0.015 0.012 0.012 0.017 0.02 0.011 0.153 0.213 0.02 0.032 0.219 0.011 0.022 0.028 0.01 0.045 0.091
226 I 0.048 0.019 0.017 0.018 0.015 0.014 0.02 0.022 0.009 0.242 0.174 0.024 0.032 0.037 0.015 0.032 0.078 0.005 0.018 0.161
227 L 0.04 0.022 0.013 0.014 0.014 0.014 0.018 0.019 0.009 0.103 0.442 0.023 0.044 0.049 0.013 0.022 0.03 0.006 0.02 0.086
228 A 0.188 0.026 0.022 0.023 0.017 0.021 0.029 0.045 0.012 0.107 0.094 0.034 0.054 0.028 0.021 0.056 0.082 0.005 0.017 0.119
229 V 0.116 0.021 0.016 0.018 0.016 0.016 0.023 0.032 0.011 0.129 0.156 0.026 0.044 0.094 0.016 0.036 0.037 0.007 0.027 0.16
230 I 0.074 0.021 0.018 0.019 0.016 0.016 0.022 0.026 0.009 0.191 0.162 0.026 0.03 0.035 0.016 0.037 0.079 0.005 0.018 0.181
231 F 0.081 0.021 0.017 0.017 0.011 0.014 0.022 0.029 0.022 0.07 0.087 0.024 0.021 0.265 0.013 0.032 0.027 0.016 0.155 0.057
232 L 0.064 0.02 0.014 0.015 0.014 0.014 0.019 0.024 0.011 0.091 0.271 0.022 0.034 0.16 0.013 0.027 0.031 0.009 0.036 0.111
233 A 0.172 0.026 0.026 0.026 0.015 0.021 0.031 0.121 0.017 0.054 0.085 0.034 0.018 0.036 0.021 0.087 0.042 0.008 0.069 0.092
234 L 0.04 0.021 0.013 0.014 0.014 0.014 0.018 0.019 0.009 0.138 0.401 0.022 0.043 0.047 0.013 0.022 0.031 0.006 0.02 0.096
235 Y 0.042 0.033 0.02 0.019 0.011 0.021 0.028 0.024 0.025 0.064 0.126 0.072 0.023 0.128 0.015 0.029 0.03 0.015 0.187 0.091
236 Y 0.039 0.026 0.02 0.025 0.009 0.023 0.073 0.024 0.03 0.064 0.065 0.032 0.017 0.082 0.014 0.03 0.028 0.094 0.237 0.068
237 F 0.099 0.025 0.025 0.025 0.013 0.018 0.028 0.039 0.015 0.052 0.125 0.03 0.022 0.209 0.017 0.11 0.041 0.009 0.044 0.053
238 F 0.038 0.02 0.018 0.018 0.012 0.013 0.02 0.024 0.013 0.104 0.151 0.022 0.026 0.274 0.013 0.031 0.069 0.011 0.053 0.072
239 V 0.096 0.035 0.022 0.029 0.014 0.026 0.078 0.032 0.012 0.118 0.136 0.079 0.025 0.029 0.018 0.039 0.038 0.005 0.017 0.151
240 I 0.044 0.018 0.016 0.017 0.013 0.013 0.018 0.097 0.009 0.22 0.159 0.022 0.028 0.039 0.013 0.025 0.031 0.083 0.023 0.109
241 R 0.049 0.163 0.036 0.046 0.008 0.046 0.143 0.034 0.02 0.025 0.041 0.157 0.014 0.016 0.022 0.051 0.075 0.005 0.015 0.033
242 N 0.047 0.055 0.16 0.047 0.01 0.033 0.046 0.043 0.02 0.073 0.054 0.153 0.016 0.019 0.021 0.054 0.08 0.005 0.015 0.051
243 K 0.045 0.168 0.083 0.037 0.008 0.039 0.049 0.036 0.019 0.069 0.054 0.193 0.016 0.018 0.02 0.044 0.035 0.005 0.016 0.046
244 R 0.051 0.128 0.086 0.039 0.01 0.071 0.051 0.039 0.049 0.069 0.054 0.105 0.017 0.02 0.02 0.081 0.041 0.005 0.019 0.047
245 R 0.056 0.198 0.044 0.095 0.009 0.036 0.052 0.04 0.077 0.022 0.037 0.071 0.013 0.018 0.02 0.116 0.042 0.005 0.02 0.029
246 L 0.043 0.022 0.015 0.016 0.014 0.018 0.02 0.021 0.011 0.169 0.264 0.026 0.115 0.044 0.013 0.026 0.034 0.006 0.02 0.105
247 G 0.051 0.155 0.032 0.029 0.009 0.033 0.04 0.183 0.016 0.029 0.069 0.144 0.015 0.048 0.018 0.041 0.03 0.006 0.019 0.032
248 L 0.043 0.033 0.021 0.02 0.013 0.02 0.027 0.025 0.014 0.073 0.254 0.072 0.031 0.102 0.016 0.035 0.072 0.009 0.054 0.066
249 R 0.044 0.207 0.032 0.042 0.008 0.044 0.138 0.03 0.019 0.033 0.096 0.119 0.018 0.02 0.019 0.041 0.032 0.005 0.016 0.036
250 V 0.063 0.023 0.023 0.023 0.015 0.019 0.026 0.068 0.011 0.161 0.111 0.03 0.057 0.032 0.017 0.088 0.045 0.005 0.018 0.166
251 L 0.078 0.023 0.023 0.023 0.014 0.018 0.026 0.108 0.011 0.099 0.197 0.03 0.026 0.031 0.093 0.072 0.038 0.005 0.016 0.07
252 V 0.053 0.021 0.022 0.022 0.013 0.016 0.023 0.102 0.011 0.109 0.109 0.027 0.022 0.087 0.091 0.038 0.075 0.006 0.025 0.126
253 V 0.055 0.02 0.018 0.018 0.015 0.016 0.02 0.099 0.009 0.178 0.121 0.025 0.058 0.033 0.015 0.03 0.038 0.005 0.018 0.209
254 G 0.167 0.023 0.023 0.023 0.015 0.018 0.026 0.193 0.011 0.076 0.14 0.031 0.022 0.027 0.019 0.049 0.036 0.005 0.015 0.083
255 L 0.092 0.02 0.017 0.019 0.014 0.015 0.02 0.104 0.01 0.187 0.202 0.025 0.03 0.036 0.015 0.033 0.034 0.005 0.017 0.104
256 L 0.137 0.022 0.016 0.018 0.016 0.017 0.023 0.034 0.01 0.126 0.243 0.027 0.032 0.037 0.017 0.038 0.037 0.006 0.018 0.127
257 G 0.145 0.022 0.022 0.023 0.015 0.017 0.025 0.189 0.011 0.101 0.124 0.03 0.022 0.027 0.018 0.045 0.036 0.005 0.015 0.108
258 V 0.147 0.023 0.022 0.022 0.015 0.018 0.026 0.152 0.015 0.073 0.071 0.03 0.019 0.037 0.018 0.046 0.038 0.008 0.069 0.152
259 L 0.044 0.02 0.014 0.015 0.014 0.013 0.018 0.02 0.009 0.141 0.282 0.022 0.036 0.102 0.013 0.024 0.033 0.007 0.028 0.147
260 L 0.047 0.019 0.013 0.015 0.015 0.014 0.018 0.02 0.008 0.186 0.266 0.022 0.036 0.041 0.013 0.024 0.036 0.006 0.019 0.181
261 G 0.07 0.02 0.035 0.03 0.01 0.017 0.023 0.563 0.012 0.017 0.025 0.03 0.008 0.014 0.017 0.046 0.027 0.005 0.01 0.022
262 Y 0.036 0.023 0.018 0.016 0.009 0.017 0.023 0.022 0.033 0.086 0.08 0.025 0.02 0.154 0.013 0.026 0.026 0.021 0.293 0.059
263 S 0.078 0.033 0.039 0.044 0.012 0.03 0.089 0.048 0.016 0.025 0.035 0.048 0.012 0.016 0.175 0.192 0.056 0.004 0.014 0.033
264 Q 0.05 0.066 0.039 0.042 0.008 0.299 0.092 0.037 0.026 0.024 0.042 0.081 0.018 0.013 0.021 0.05 0.037 0.005 0.018 0.032
265 F 0.031 0.019 0.016 0.015 0.009 0.012 0.019 0.023 0.021 0.053 0.093 0.019 0.021 0.381 0.01 0.024 0.023 0.017 0.146 0.048
266 E 0.05 0.064 0.037 0.06 0.007 0.106 0.224 0.035 0.022 0.022 0.036 0.153 0.014 0.014 0.023 0.049 0.034 0.005 0.016 0.029
267 Y 0.043 0.04 0.082 0.033 0.009 0.028 0.038 0.034 0.087 0.033 0.049 0.081 0.015 0.061 0.018 0.045 0.072 0.014 0.181 0.037
268 Y 0.036 0.025 0.019 0.017 0.008 0.019 0.025 0.022 0.042 0.039 0.061 0.028 0.017 0.117 0.014 0.028 0.025 0.025 0.391 0.042
269 F 0.03 0.017 0.015 0.015 0.009 0.009 0.017 0.023 0.015 0.057 0.102 0.017 0.023 0.453 0.009 0.023 0.023 0.015 0.079 0.049
270 L 0.093 0.021 0.015 0.016 0.016 0.015 0.021 0.027 0.009 0.142 0.252 0.025 0.034 0.038 0.015 0.032 0.037 0.006 0.019 0.167
271 A 0.148 0.034 0.136 0.045 0.015 0.026 0.04 0.056 0.018 0.034 0.045 0.044 0.014 0.019 0.024 0.106 0.129 0.005 0.015 0.048
272 D 0.057 0.029 0.048 0.224 0.009 0.029 0.101 0.191 0.016 0.02 0.028 0.042 0.01 0.015 0.02 0.083 0.036 0.004 0.011 0.025
273 V 0.068 0.021 0.016 0.017 0.019 0.016 0.023 0.024 0.008 0.16 0.127 0.025 0.031 0.035 0.016 0.032 0.048 0.005 0.02 0.29
274 T 0.127 0.051 0.037 0.035 0.016 0.033 0.046 0.051 0.015 0.043 0.057 0.108 0.018 0.021 0.027 0.079 0.156 0.005 0.017 0.059
275 A 0.189 0.026 0.02 0.023 0.02 0.02 0.031 0.05 0.011 0.101 0.092 0.034 0.024 0.028 0.022 0.057 0.048 0.005 0.018 0.178
276 N 0.041 0.044 0.337 0.081 0.009 0.033 0.048 0.063 0.031 0.022 0.031 0.052 0.011 0.017 0.02 0.068 0.048 0.004 0.015 0.026
277 R 0.113 0.207 0.036 0.034 0.011 0.089 0.06 0.045 0.022 0.028 0.048 0.091 0.017 0.017 0.022 0.056 0.039 0.006 0.018 0.04
278 G 0.057 0.025 0.052 0.228 0.009 0.023 0.056 0.288 0.015 0.02 0.027 0.038 0.009 0.015 0.02 0.049 0.031 0.004 0.011 0.023
279 G 0.098 0.026 0.036 0.09 0.012 0.021 0.037 0.191 0.043 0.033 0.048 0.034 0.014 0.08 0.019 0.054 0.094 0.006 0.025 0.04
280 A 0.261 0.029 0.029 0.03 0.018 0.024 0.037 0.06 0.013 0.04 0.053 0.041 0.016 0.02 0.026 0.094 0.127 0.005 0.016 0.06
281 P 0.051 0.023 0.021 0.028 0.009 0.018 0.032 0.032 0.012 0.023 0.032 0.037 0.009 0.012 0.548 0.039 0.032 0.002 0.012 0.028
282 R 0.04 0.415 0.035 0.028 0.007 0.043 0.047 0.029 0.021 0.021 0.042 0.107 0.014 0.016 0.017 0.04 0.031 0.005 0.016 0.028
283 L 0.091 0.098 0.029 0.03 0.011 0.142 0.056 0.035 0.019 0.048 0.158 0.062 0.025 0.025 0.019 0.044 0.035 0.005 0.018 0.051
284 L 0.046 0.082 0.022 0.02 0.014 0.025 0.028 0.026 0.013 0.078 0.216 0.041 0.125 0.038 0.016 0.038 0.075 0.006 0.019 0.073
285 F 0.032 0.018 0.015 0.015 0.01 0.01 0.017 0.022 0.014 0.063 0.151 0.018 0.026 0.395 0.01 0.023 0.024 0.014 0.071 0.054
286 V 0.05 0.02 0.014 0.015 0.014 0.014 0.02 0.022 0.01 0.111 0.151 0.022 0.028 0.098 0.013 0.026 0.036 0.084 0.033 0.222
287 N 0.121 0.049 0.137 0.05 0.011 0.071 0.076 0.053 0.021 0.026 0.039 0.096 0.014 0.016 0.023 0.095 0.045 0.005 0.015 0.036
288 G 0.064 0.023 0.033 0.029 0.01 0.018 0.025 0.411 0.016 0.024 0.035 0.031 0.011 0.03 0.018 0.049 0.069 0.008 0.065 0.031
289 G 0.239 0.025 0.028 0.028 0.015 0.02 0.03 0.281 0.013 0.029 0.041 0.036 0.013 0.017 0.022 0.063 0.037 0.005 0.013 0.044
290 V 0.095 0.021 0.016 0.017 0.016 0.017 0.022 0.028 0.01 0.175 0.172 0.026 0.062 0.036 0.016 0.033 0.039 0.006 0.019 0.177
291 K 0.047 0.122 0.034 0.034 0.009 0.114 0.063 0.034 0.02 0.035 0.098 0.194 0.019 0.019 0.021 0.044 0.034 0.005 0.017 0.038
292 L 0.044 0.022 0.016 0.017 0.015 0.016 0.02 0.022 0.009 0.13 0.346 0.025 0.039 0.044 0.014 0.031 0.073 0.006 0.019 0.093
293 V 0.048 0.02 0.015 0.016 0.014 0.014 0.02 0.022 0.011 0.142 0.126 0.022 0.059 0.155 0.013 0.027 0.036 0.008 0.036 0.197
294 R 0.044 0.22 0.038 0.033 0.007 0.08 0.058 0.034 0.079 0.022 0.04 0.165 0.014 0.016 0.02 0.043 0.032 0.005 0.021 0.028
295 E 0.05 0.096 0.036 0.066 0.008 0.051 0.277 0.032 0.021 0.024 0.038 0.069 0.013 0.016 0.022 0.053 0.075 0.005 0.015 0.033
296 Y 0.036 0.025 0.025 0.08 0.008 0.02 0.033 0.025 0.038 0.036 0.056 0.03 0.015 0.102 0.015 0.031 0.026 0.022 0.336 0.039
297 F 0.032 0.017 0.015 0.015 0.01 0.01 0.017 0.022 0.014 0.098 0.109 0.018 0.024 0.394 0.01 0.023 0.025 0.014 0.071 0.065
298 P 0.051 0.023 0.021 0.028 0.009 0.018 0.032 0.032 0.012 0.023 0.032 0.037 0.009 0.012 0.548 0.039 0.032 0.002 0.012 0.028
299 F 0.032 0.019 0.015 0.015 0.01 0.012 0.019 0.023 0.018 0.056 0.137 0.02 0.024 0.29 0.01 0.023 0.024 0.091 0.113 0.05
300 G 0.07 0.02 0.035 0.03 0.01 0.017 0.023 0.563 0.012 0.017 0.025 0.03 0.008 0.014 0.017 0.046 0.027 0.005 0.01 0.022
301 T 0.075 0.033 0.041 0.036 0.016 0.026 0.038 0.045 0.014 0.042 0.052 0.043 0.017 0.02 0.025 0.146 0.255 0.005 0.016 0.056
302 G 0.07 0.02 0.035 0.03 0.01 0.017 0.023 0.563 0.012 0.017 0.025 0.03 0.008 0.014 0.017 0.046 0.027 0.005 0.01 0.022
303 F 0.03 0.017 0.015 0.015 0.009 0.009 0.017 0.023 0.015 0.057 0.102 0.017 0.023 0.453 0.009 0.023 0.023 0.015 0.079 0.049
304 G 0.239 0.025 0.028 0.028 0.015 0.02 0.03 0.281 0.013 0.029 0.041 0.036 0.013 0.017 0.022 0.063 0.037 0.005 0.013 0.044
305 T 0.065 0.032 0.039 0.033 0.016 0.025 0.035 0.039 0.012 0.048 0.058 0.041 0.018 0.021 0.025 0.083 0.327 0.005 0.016 0.063
306 F 0.033 0.02 0.017 0.016 0.009 0.014 0.02 0.022 0.026 0.049 0.084 0.022 0.02 0.309 0.011 0.025 0.024 0.019 0.213 0.046
307 G 0.07 0.02 0.035 0.03 0.01 0.017 0.023 0.563 0.012 0.017 0.025 0.03 0.008 0.014 0.017 0.046 0.027 0.005 0.01 0.022
308 S 0.098 0.036 0.048 0.044 0.016 0.03 0.047 0.059 0.017 0.027 0.037 0.048 0.014 0.019 0.027 0.303 0.073 0.005 0.016 0.037
309 S 0.081 0.033 0.052 0.163 0.013 0.029 0.057 0.054 0.017 0.025 0.034 0.046 0.012 0.017 0.025 0.23 0.061 0.004 0.014 0.033
310 A 0.198 0.029 0.03 0.03 0.017 0.023 0.035 0.054 0.013 0.082 0.065 0.039 0.018 0.022 0.024 0.118 0.11 0.005 0.016 0.07
311 A 0.366 0.028 0.023 0.027 0.019 0.023 0.036 0.07 0.013 0.039 0.053 0.04 0.016 0.019 0.027 0.076 0.045 0.005 0.016 0.061
312 A 0.324 0.027 0.025 0.027 0.018 0.022 0.034 0.14 0.013 0.035 0.049 0.038 0.015 0.019 0.025 0.072 0.042 0.005 0.015 0.056
313 K 0.056 0.059 0.042 0.098 0.01 0.073 0.061 0.04 0.017 0.031 0.043 0.159 0.015 0.016 0.024 0.076 0.121 0.005 0.015 0.039
314 Y 0.036 0.032 0.131 0.037 0.008 0.024 0.034 0.035 0.116 0.032 0.052 0.035 0.015 0.117 0.015 0.039 0.03 0.014 0.166 0.033
315 Y 0.036 0.025 0.019 0.017 0.008 0.019 0.025 0.022 0.042 0.039 0.061 0.028 0.017 0.117 0.014 0.028 0.025 0.025 0.391 0.042
316 S 0.098 0.036 0.048 0.044 0.016 0.03 0.047 0.059 0.017 0.027 0.037 0.048 0.014 0.019 0.027 0.303 0.073 0.005 0.016 0.037
317 P 0.052 0.039 0.028 0.032 0.01 0.119 0.053 0.034 0.017 0.035 0.095 0.052 0.018 0.018 0.246 0.059 0.036 0.004 0.015 0.038
318 L 0.043 0.023 0.016 0.016 0.015 0.016 0.02 0.022 0.009 0.095 0.388 0.025 0.04 0.045 0.014 0.03 0.072 0.006 0.019 0.083
319 Y 0.036 0.025 0.019 0.017 0.008 0.019 0.025 0.022 0.042 0.039 0.061 0.028 0.017 0.117 0.014 0.028 0.025 0.025 0.391 0.042
320 Y 0.04 0.026 0.072 0.025 0.01 0.02 0.027 0.027 0.035 0.052 0.064 0.03 0.017 0.09 0.015 0.033 0.03 0.019 0.284 0.083
