#Seq2Logo.py -f /work3/idamei/ssn-clusterings/clustering/2205181126/clusters/0013_306/sequences.afa -o /work3/idamei/ssn-clusterings/clustering/2205181126/clusters/0013_306/sequences.logo
#Position Specific Frequency Matrix
A R N D C Q E G H I L K M F P S T W Y V
0 L 0.05 0.031 0.019 0.019 0.016 0.027 0.027 0.027 0.016 0.097 0.19 0.035 0.189 0.047 0.016 0.035 0.039 0.008 0.023 0.089
1 V 0.088 0.048 0.093 0.043 0.013 0.049 0.063 0.044 0.018 0.077 0.071 0.093 0.02 0.023 0.021 0.052 0.044 0.005 0.018 0.117
2 N 0.043 0.045 0.317 0.083 0.009 0.034 0.049 0.065 0.032 0.022 0.032 0.054 0.011 0.018 0.02 0.07 0.049 0.004 0.016 0.027
3 K 0.057 0.107 0.042 0.042 0.009 0.054 0.071 0.043 0.021 0.028 0.043 0.278 0.016 0.016 0.028 0.054 0.04 0.005 0.017 0.033
4 F 0.034 0.019 0.017 0.017 0.011 0.011 0.019 0.025 0.017 0.063 0.114 0.019 0.025 0.387 0.011 0.025 0.025 0.017 0.089 0.055
5 K 0.054 0.072 0.037 0.039 0.01 0.118 0.073 0.037 0.022 0.082 0.072 0.139 0.022 0.021 0.023 0.048 0.04 0.006 0.019 0.066
6 L 0.046 0.02 0.015 0.016 0.014 0.013 0.019 0.023 0.012 0.131 0.187 0.022 0.033 0.18 0.013 0.026 0.034 0.01 0.045 0.14
7 L 0.049 0.112 0.026 0.025 0.013 0.028 0.035 0.029 0.016 0.124 0.154 0.082 0.028 0.037 0.018 0.045 0.052 0.007 0.032 0.088
8 N 0.043 0.045 0.317 0.083 0.009 0.034 0.049 0.065 0.032 0.022 0.032 0.054 0.011 0.018 0.02 0.07 0.049 0.004 0.016 0.027
9 L 0.052 0.032 0.02 0.02 0.016 0.028 0.028 0.028 0.016 0.1 0.197 0.036 0.161 0.048 0.016 0.036 0.04 0.008 0.024 0.092
10 L 0.045 0.024 0.014 0.015 0.016 0.016 0.02 0.021 0.01 0.115 0.375 0.025 0.05 0.055 0.014 0.024 0.033 0.007 0.022 0.096
11 K 0.057 0.107 0.042 0.042 0.009 0.054 0.071 0.043 0.021 0.028 0.043 0.278 0.016 0.016 0.028 0.054 0.04 0.005 0.017 0.033
12 N 0.043 0.045 0.317 0.083 0.009 0.034 0.049 0.065 0.032 0.022 0.032 0.054 0.011 0.018 0.02 0.07 0.049 0.004 0.016 0.027
13 T 0.073 0.036 0.043 0.038 0.018 0.028 0.039 0.043 0.014 0.053 0.065 0.045 0.02 0.024 0.028 0.093 0.246 0.006 0.018 0.071
14 F 0.034 0.019 0.017 0.017 0.011 0.011 0.019 0.025 0.017 0.063 0.114 0.019 0.025 0.387 0.011 0.025 0.025 0.017 0.089 0.055
15 K 0.057 0.107 0.042 0.042 0.009 0.054 0.071 0.043 0.021 0.028 0.043 0.278 0.016 0.016 0.028 0.054 0.04 0.005 0.017 0.033
16 V 0.056 0.024 0.056 0.025 0.016 0.017 0.024 0.027 0.011 0.155 0.176 0.028 0.033 0.038 0.016 0.033 0.043 0.006 0.02 0.198
17 K 0.056 0.11 0.135 0.052 0.009 0.043 0.057 0.05 0.023 0.025 0.038 0.17 0.014 0.017 0.024 0.08 0.046 0.005 0.016 0.031
18 K 0.053 0.164 0.038 0.036 0.009 0.048 0.061 0.038 0.02 0.034 0.048 0.239 0.016 0.017 0.024 0.048 0.038 0.005 0.017 0.048
19 T 0.073 0.036 0.043 0.038 0.018 0.028 0.039 0.043 0.014 0.053 0.065 0.045 0.02 0.024 0.028 0.093 0.246 0.006 0.018 0.071
20 S 0.11 0.04 0.054 0.049 0.018 0.033 0.052 0.066 0.019 0.03 0.042 0.054 0.016 0.021 0.03 0.22 0.082 0.005 0.018 0.042
21 F 0.034 0.019 0.017 0.017 0.011 0.011 0.019 0.025 0.017 0.063 0.114 0.019 0.025 0.387 0.011 0.025 0.025 0.017 0.089 0.055
22 K 0.057 0.107 0.042 0.042 0.009 0.054 0.071 0.043 0.021 0.028 0.043 0.278 0.016 0.016 0.028 0.054 0.04 0.005 0.017 0.033
23 L 0.045 0.024 0.014 0.015 0.016 0.016 0.02 0.021 0.01 0.115 0.375 0.025 0.05 0.055 0.014 0.024 0.033 0.007 0.022 0.096
24 E 0.053 0.052 0.089 0.101 0.009 0.041 0.154 0.101 0.021 0.033 0.079 0.056 0.016 0.021 0.021 0.059 0.038 0.005 0.015 0.036
25 T 0.061 0.034 0.071 0.036 0.014 0.024 0.036 0.041 0.018 0.059 0.084 0.049 0.021 0.095 0.021 0.081 0.12 0.009 0.049 0.079
26 L 0.052 0.024 0.02 0.02 0.016 0.017 0.023 0.026 0.01 0.139 0.273 0.028 0.039 0.044 0.016 0.046 0.067 0.006 0.02 0.111
27 L 0.048 0.022 0.016 0.016 0.015 0.015 0.02 0.043 0.011 0.14 0.25 0.025 0.037 0.05 0.014 0.026 0.035 0.049 0.038 0.131
28 F 0.042 0.021 0.021 0.02 0.011 0.014 0.023 0.029 0.018 0.056 0.099 0.023 0.023 0.342 0.013 0.053 0.032 0.016 0.093 0.051
29 L 0.042 0.024 0.015 0.016 0.015 0.016 0.02 0.022 0.011 0.102 0.329 0.025 0.062 0.104 0.013 0.025 0.032 0.008 0.031 0.087
30 L 0.052 0.022 0.018 0.018 0.015 0.015 0.022 0.025 0.011 0.146 0.198 0.025 0.034 0.11 0.015 0.038 0.048 0.008 0.032 0.149
31 L 0.046 0.021 0.014 0.016 0.016 0.014 0.019 0.021 0.009 0.18 0.273 0.024 0.041 0.062 0.014 0.025 0.036 0.007 0.023 0.14
32 S 0.113 0.037 0.048 0.043 0.017 0.03 0.047 0.06 0.017 0.038 0.048 0.05 0.016 0.021 0.028 0.207 0.1 0.005 0.017 0.056
33 L 0.051 0.023 0.018 0.018 0.016 0.017 0.022 0.024 0.01 0.134 0.263 0.027 0.039 0.059 0.016 0.033 0.066 0.007 0.023 0.136
34 P 0.056 0.025 0.024 0.028 0.013 0.019 0.031 0.033 0.012 0.096 0.086 0.036 0.019 0.039 0.265 0.055 0.068 0.005 0.018 0.071
35 L 0.114 0.024 0.019 0.021 0.016 0.017 0.026 0.037 0.012 0.1 0.16 0.029 0.029 0.128 0.018 0.044 0.052 0.008 0.036 0.111
36 A 0.211 0.029 0.027 0.029 0.019 0.024 0.036 0.06 0.014 0.086 0.076 0.04 0.021 0.025 0.025 0.099 0.053 0.005 0.018 0.103
37 L 0.048 0.021 0.014 0.016 0.046 0.015 0.019 0.022 0.009 0.157 0.271 0.024 0.04 0.061 0.014 0.026 0.036 0.007 0.023 0.133
38 L 0.044 0.019 0.015 0.016 0.015 0.013 0.018 0.021 0.01 0.202 0.21 0.023 0.036 0.106 0.014 0.025 0.035 0.008 0.031 0.139
39 V 0.068 0.021 0.016 0.017 0.019 0.016 0.023 0.024 0.008 0.159 0.126 0.025 0.031 0.034 0.016 0.032 0.048 0.005 0.02 0.294
40 G 0.076 0.022 0.038 0.033 0.01 0.018 0.025 0.527 0.013 0.018 0.027 0.033 0.009 0.016 0.018 0.05 0.029 0.005 0.01 0.023
41 N 0.048 0.032 0.146 0.077 0.011 0.025 0.039 0.105 0.021 0.047 0.106 0.039 0.039 0.074 0.018 0.056 0.04 0.007 0.025 0.046
42 R 0.043 0.367 0.037 0.03 0.008 0.047 0.051 0.032 0.023 0.023 0.045 0.116 0.015 0.017 0.019 0.043 0.034 0.006 0.017 0.03
43 G 0.076 0.022 0.038 0.033 0.01 0.018 0.025 0.527 0.013 0.018 0.027 0.033 0.009 0.016 0.018 0.05 0.029 0.005 0.01 0.023
44 G 0.122 0.029 0.091 0.12 0.012 0.024 0.045 0.236 0.017 0.025 0.035 0.041 0.011 0.017 0.022 0.061 0.038 0.005 0.013 0.035
45 T 0.071 0.034 0.042 0.036 0.017 0.027 0.038 0.042 0.013 0.051 0.063 0.044 0.019 0.023 0.027 0.09 0.272 0.006 0.017 0.069
46 P 0.055 0.117 0.109 0.045 0.01 0.031 0.044 0.045 0.02 0.024 0.037 0.064 0.012 0.016 0.205 0.074 0.043 0.004 0.015 0.03
47 D 0.04 0.029 0.067 0.418 0.007 0.029 0.088 0.045 0.018 0.022 0.027 0.043 0.009 0.014 0.022 0.05 0.034 0.004 0.011 0.023
48 T 0.071 0.034 0.042 0.036 0.017 0.027 0.038 0.042 0.013 0.051 0.063 0.044 0.019 0.023 0.027 0.09 0.272 0.006 0.017 0.069
49 Q 0.056 0.061 0.04 0.045 0.01 0.188 0.1 0.039 0.025 0.05 0.057 0.077 0.021 0.033 0.022 0.062 0.041 0.006 0.022 0.046
50 V 0.057 0.022 0.023 0.068 0.016 0.017 0.03 0.026 0.01 0.181 0.122 0.028 0.029 0.034 0.017 0.035 0.057 0.005 0.019 0.205
51 Y 0.039 0.027 0.021 0.018 0.009 0.021 0.027 0.024 0.045 0.042 0.066 0.03 0.018 0.126 0.015 0.03 0.027 0.027 0.341 0.045
52 Y 0.039 0.026 0.02 0.018 0.009 0.02 0.026 0.024 0.041 0.047 0.084 0.029 0.02 0.147 0.015 0.029 0.027 0.025 0.306 0.048
53 D 0.051 0.035 0.143 0.249 0.009 0.03 0.069 0.053 0.022 0.024 0.031 0.047 0.011 0.016 0.022 0.086 0.055 0.004 0.013 0.029
54 V 0.068 0.021 0.016 0.017 0.019 0.016 0.023 0.024 0.008 0.159 0.126 0.025 0.031 0.034 0.016 0.032 0.048 0.005 0.02 0.294
55 F 0.034 0.019 0.016 0.016 0.011 0.011 0.019 0.024 0.016 0.068 0.146 0.019 0.027 0.363 0.011 0.024 0.026 0.015 0.078 0.058
56 K 0.115 0.141 0.032 0.032 0.012 0.039 0.051 0.045 0.018 0.04 0.091 0.156 0.02 0.022 0.024 0.054 0.039 0.005 0.017 0.048
57 N 0.085 0.034 0.139 0.046 0.011 0.027 0.039 0.081 0.031 0.032 0.047 0.042 0.014 0.054 0.02 0.078 0.044 0.012 0.124 0.039
58 I 0.047 0.017 0.014 0.017 0.016 0.013 0.017 0.02 0.008 0.287 0.16 0.023 0.035 0.042 0.014 0.025 0.039 0.006 0.02 0.178
59 D 0.048 0.048 0.125 0.191 0.008 0.046 0.067 0.109 0.022 0.022 0.032 0.096 0.011 0.015 0.022 0.055 0.038 0.004 0.014 0.026
60 S 0.064 0.049 0.088 0.096 0.012 0.06 0.076 0.048 0.021 0.045 0.049 0.085 0.016 0.019 0.024 0.098 0.077 0.005 0.016 0.053
61 L 0.041 0.023 0.016 0.016 0.013 0.016 0.021 0.022 0.018 0.09 0.286 0.025 0.038 0.12 0.013 0.025 0.03 0.012 0.097 0.077
62 D 0.046 0.029 0.084 0.23 0.008 0.026 0.063 0.044 0.018 0.023 0.03 0.043 0.01 0.014 0.205 0.05 0.036 0.003 0.012 0.026
63 L 0.044 0.022 0.014 0.015 0.016 0.015 0.019 0.02 0.009 0.158 0.338 0.024 0.045 0.05 0.014 0.024 0.034 0.007 0.021 0.112
64 L 0.045 0.024 0.018 0.018 0.015 0.016 0.022 0.024 0.011 0.094 0.305 0.026 0.04 0.094 0.015 0.032 0.061 0.029 0.031 0.082
65 N 0.049 0.042 0.293 0.09 0.01 0.032 0.05 0.062 0.028 0.023 0.032 0.052 0.011 0.018 0.021 0.089 0.051 0.004 0.015 0.028
66 P 0.055 0.025 0.023 0.03 0.01 0.02 0.035 0.035 0.012 0.025 0.035 0.04 0.01 0.012 0.511 0.042 0.035 0.003 0.012 0.03
67 F 0.062 0.031 0.022 0.023 0.014 0.028 0.03 0.03 0.013 0.125 0.125 0.052 0.027 0.126 0.017 0.04 0.066 0.008 0.036 0.125
68 K 0.06 0.056 0.039 0.086 0.011 0.045 0.077 0.06 0.017 0.053 0.094 0.13 0.02 0.023 0.023 0.07 0.043 0.005 0.017 0.072
69 F 0.033 0.018 0.016 0.016 0.01 0.01 0.018 0.025 0.016 0.061 0.11 0.018 0.025 0.408 0.01 0.025 0.025 0.016 0.086 0.053
70 Y 0.039 0.027 0.021 0.018 0.009 0.021 0.027 0.024 0.045 0.042 0.066 0.03 0.018 0.126 0.015 0.03 0.027 0.027 0.341 0.045
71 L 0.102 0.043 0.029 0.03 0.015 0.061 0.046 0.041 0.016 0.099 0.131 0.076 0.026 0.029 0.021 0.071 0.045 0.006 0.019 0.094
72 E 0.051 0.051 0.035 0.05 0.009 0.132 0.144 0.034 0.024 0.039 0.06 0.067 0.019 0.09 0.021 0.047 0.036 0.008 0.031 0.053
73 T 0.079 0.035 0.045 0.039 0.017 0.028 0.041 0.047 0.015 0.046 0.057 0.046 0.018 0.022 0.027 0.129 0.224 0.006 0.017 0.062
74 G 0.076 0.022 0.038 0.033 0.01 0.018 0.025 0.527 0.013 0.018 0.027 0.033 0.009 0.016 0.018 0.05 0.029 0.005 0.01 0.023
75 L 0.05 0.031 0.019 0.019 0.016 0.027 0.027 0.027 0.016 0.097 0.19 0.035 0.189 0.047 0.016 0.035 0.039 0.008 0.023 0.089
76 E 0.053 0.048 0.039 0.087 0.007 0.062 0.32 0.034 0.025 0.021 0.036 0.073 0.012 0.016 0.025 0.053 0.036 0.005 0.016 0.03
77 I 0.051 0.018 0.015 0.017 0.016 0.014 0.018 0.021 0.008 0.261 0.153 0.023 0.034 0.041 0.015 0.026 0.041 0.006 0.02 0.201
78 G 0.076 0.022 0.038 0.033 0.01 0.018 0.025 0.527 0.013 0.018 0.027 0.033 0.009 0.016 0.018 0.05 0.029 0.005 0.01 0.023
79 F 0.033 0.018 0.016 0.016 0.01 0.01 0.018 0.025 0.016 0.061 0.11 0.018 0.025 0.408 0.01 0.025 0.025 0.016 0.086 0.053
80 G 0.076 0.022 0.038 0.033 0.01 0.018 0.025 0.527 0.013 0.018 0.027 0.033 0.009 0.016 0.018 0.05 0.029 0.005 0.01 0.023
81 W 0.031 0.021 0.015 0.015 0.008 0.014 0.021 0.028 0.014 0.063 0.065 0.022 0.017 0.057 0.008 0.022 0.024 0.447 0.06 0.047
82 Y 0.038 0.026 0.02 0.018 0.009 0.02 0.026 0.024 0.042 0.045 0.072 0.029 0.019 0.162 0.014 0.029 0.027 0.026 0.309 0.046
83 S 0.153 0.034 0.041 0.039 0.078 0.028 0.043 0.063 0.016 0.034 0.048 0.046 0.016 0.02 0.027 0.179 0.066 0.005 0.016 0.049
84 W 0.034 0.023 0.017 0.016 0.009 0.016 0.023 0.026 0.025 0.046 0.091 0.024 0.02 0.161 0.011 0.025 0.025 0.204 0.159 0.044
85 L 0.078 0.022 0.016 0.017 0.016 0.015 0.022 0.029 0.011 0.13 0.228 0.025 0.035 0.111 0.015 0.032 0.036 0.008 0.033 0.12
86 I 0.048 0.018 0.014 0.017 0.016 0.013 0.018 0.02 0.009 0.263 0.177 0.023 0.036 0.043 0.014 0.025 0.039 0.006 0.02 0.18
87 G 0.074 0.036 0.13 0.051 0.012 0.029 0.043 0.136 0.024 0.027 0.039 0.046 0.013 0.032 0.023 0.134 0.055 0.008 0.056 0.034
88 L 0.044 0.025 0.021 0.02 0.013 0.018 0.025 0.025 0.06 0.106 0.232 0.027 0.034 0.113 0.015 0.036 0.032 0.01 0.063 0.081
89 F 0.036 0.019 0.016 0.016 0.012 0.011 0.018 0.023 0.015 0.097 0.153 0.02 0.029 0.318 0.011 0.024 0.027 0.014 0.07 0.073
90 T 0.072 0.034 0.042 0.037 0.017 0.027 0.039 0.043 0.014 0.051 0.062 0.044 0.019 0.023 0.027 0.096 0.264 0.006 0.017 0.067
91 S 0.084 0.042 0.13 0.056 0.014 0.041 0.052 0.062 0.037 0.026 0.038 0.053 0.014 0.02 0.026 0.181 0.067 0.005 0.018 0.036
92 S 0.106 0.039 0.052 0.047 0.017 0.032 0.051 0.064 0.019 0.029 0.04 0.052 0.015 0.02 0.029 0.246 0.079 0.005 0.017 0.04
93 S 0.068 0.063 0.119 0.051 0.012 0.033 0.049 0.053 0.066 0.025 0.037 0.069 0.013 0.019 0.085 0.125 0.054 0.005 0.021 0.032
94 F 0.046 0.019 0.016 0.017 0.014 0.012 0.019 0.023 0.012 0.139 0.126 0.021 0.029 0.223 0.013 0.027 0.034 0.011 0.053 0.148
95 V 0.057 0.021 0.015 0.016 0.017 0.015 0.021 0.022 0.009 0.172 0.206 0.025 0.036 0.041 0.015 0.028 0.042 0.006 0.02 0.216
96 L 0.043 0.024 0.015 0.015 0.015 0.017 0.02 0.022 0.011 0.108 0.359 0.025 0.065 0.067 0.014 0.025 0.033 0.007 0.024 0.091
97 F 0.033 0.018 0.016 0.016 0.01 0.01 0.018 0.025 0.016 0.061 0.11 0.018 0.025 0.408 0.01 0.025 0.025 0.016 0.086 0.053
98 T 0.089 0.032 0.038 0.035 0.016 0.025 0.038 0.047 0.016 0.046 0.066 0.041 0.019 0.11 0.024 0.126 0.137 0.008 0.033 0.056
99 L 0.048 0.02 0.015 0.016 0.016 0.014 0.019 0.021 0.009 0.202 0.209 0.023 0.037 0.074 0.014 0.026 0.038 0.007 0.026 0.167
100 F 0.033 0.018 0.016 0.016 0.01 0.01 0.018 0.025 0.016 0.061 0.11 0.018 0.025 0.408 0.01 0.025 0.025 0.016 0.086 0.053
101 S 0.106 0.039 0.052 0.047 0.017 0.032 0.051 0.064 0.019 0.029 0.04 0.052 0.015 0.02 0.029 0.246 0.079 0.005 0.017 0.04
102 F 0.037 0.019 0.015 0.016 0.012 0.012 0.018 0.023 0.014 0.103 0.188 0.02 0.032 0.273 0.012 0.024 0.028 0.013 0.061 0.078
103 L 0.043 0.022 0.014 0.015 0.015 0.015 0.019 0.021 0.01 0.148 0.336 0.024 0.044 0.066 0.014 0.024 0.033 0.007 0.024 0.107
104 N 0.049 0.041 0.265 0.069 0.011 0.031 0.045 0.058 0.026 0.029 0.039 0.05 0.013 0.019 0.021 0.073 0.104 0.005 0.016 0.037
105 F 0.033 0.018 0.016 0.016 0.01 0.01 0.018 0.025 0.016 0.061 0.11 0.018 0.025 0.408 0.01 0.025 0.025 0.016 0.086 0.053
106 Y 0.047 0.024 0.019 0.018 0.012 0.019 0.024 0.023 0.03 0.106 0.107 0.028 0.025 0.09 0.015 0.03 0.034 0.018 0.207 0.125
107 F 0.037 0.018 0.016 0.017 0.012 0.011 0.018 0.024 0.014 0.111 0.121 0.02 0.027 0.316 0.011 0.025 0.029 0.014 0.069 0.09
108 I 0.045 0.018 0.014 0.017 0.016 0.013 0.017 0.02 0.009 0.273 0.192 0.023 0.037 0.044 0.014 0.024 0.038 0.006 0.02 0.161
109 Y 0.038 0.026 0.02 0.018 0.009 0.019 0.026 0.024 0.04 0.045 0.074 0.028 0.019 0.173 0.014 0.029 0.027 0.025 0.298 0.046
110 K 0.054 0.093 0.037 0.037 0.009 0.047 0.062 0.039 0.019 0.037 0.086 0.268 0.019 0.02 0.025 0.048 0.038 0.005 0.017 0.039
111 T 0.077 0.033 0.039 0.035 0.017 0.026 0.038 0.044 0.014 0.08 0.073 0.042 0.021 0.025 0.025 0.117 0.181 0.005 0.018 0.091
112 A 0.166 0.032 0.037 0.036 0.079 0.026 0.041 0.061 0.015 0.038 0.052 0.044 0.016 0.021 0.027 0.146 0.088 0.005 0.016 0.054
113 R 0.052 0.18 0.04 0.044 0.009 0.072 0.104 0.036 0.022 0.027 0.045 0.135 0.016 0.017 0.023 0.054 0.066 0.005 0.017 0.036
114 L 0.073 0.047 0.025 0.032 0.013 0.032 0.072 0.033 0.016 0.076 0.187 0.102 0.029 0.037 0.02 0.04 0.037 0.007 0.032 0.091
115 L 0.044 0.022 0.014 0.016 0.016 0.016 0.019 0.021 0.01 0.16 0.32 0.025 0.053 0.05 0.014 0.024 0.034 0.007 0.021 0.114
116 G 0.055 0.06 0.104 0.094 0.01 0.033 0.06 0.166 0.019 0.041 0.043 0.099 0.013 0.018 0.021 0.055 0.052 0.005 0.014 0.038
117 V 0.058 0.021 0.017 0.019 0.017 0.016 0.022 0.024 0.009 0.199 0.169 0.026 0.034 0.039 0.016 0.041 0.044 0.006 0.02 0.204
118 K 0.049 0.059 0.122 0.05 0.009 0.037 0.066 0.044 0.022 0.03 0.047 0.136 0.014 0.065 0.083 0.053 0.049 0.006 0.024 0.034
119 Y 0.042 0.027 0.023 0.021 0.01 0.02 0.028 0.027 0.057 0.063 0.076 0.03 0.02 0.139 0.036 0.039 0.03 0.021 0.237 0.054
120 L 0.044 0.021 0.017 0.018 0.013 0.015 0.022 0.024 0.015 0.131 0.175 0.025 0.03 0.127 0.076 0.028 0.033 0.01 0.073 0.103
121 F 0.041 0.024 0.02 0.019 0.01 0.017 0.025 0.026 0.03 0.052 0.1 0.027 0.022 0.212 0.034 0.037 0.029 0.02 0.203 0.05
122 V 0.074 0.025 0.025 0.024 0.058 0.02 0.029 0.033 0.01 0.114 0.099 0.032 0.025 0.029 0.019 0.075 0.08 0.005 0.018 0.203
123 L 0.076 0.023 0.016 0.017 0.015 0.016 0.022 0.029 0.012 0.092 0.253 0.026 0.046 0.136 0.015 0.032 0.034 0.009 0.037 0.092
124 L 0.052 0.023 0.017 0.018 0.016 0.016 0.022 0.025 0.011 0.112 0.271 0.026 0.039 0.091 0.015 0.04 0.038 0.008 0.029 0.135
125 L 0.047 0.02 0.015 0.016 0.015 0.014 0.02 0.022 0.011 0.145 0.213 0.023 0.035 0.135 0.013 0.026 0.035 0.009 0.037 0.148
126 Y 0.039 0.027 0.021 0.018 0.009 0.021 0.027 0.024 0.045 0.042 0.066 0.03 0.018 0.126 0.015 0.03 0.027 0.027 0.341 0.045
127 L 0.051 0.021 0.014 0.016 0.016 0.015 0.02 0.021 0.009 0.164 0.269 0.024 0.04 0.045 0.014 0.026 0.038 0.006 0.021 0.168
128 S 0.093 0.035 0.045 0.043 0.015 0.029 0.047 0.057 0.017 0.028 0.039 0.049 0.014 0.018 0.149 0.195 0.068 0.004 0.016 0.038
129 S 0.105 0.039 0.052 0.047 0.017 0.032 0.05 0.063 0.018 0.03 0.041 0.052 0.015 0.02 0.029 0.24 0.087 0.005 0.017 0.042
130 G 0.177 0.031 0.038 0.037 0.017 0.026 0.04 0.184 0.016 0.031 0.044 0.044 0.014 0.019 0.026 0.136 0.055 0.005 0.015 0.046
131 Y 0.039 0.027 0.021 0.018 0.009 0.021 0.027 0.024 0.045 0.042 0.066 0.03 0.018 0.126 0.015 0.03 0.027 0.027 0.341 0.045
132 F 0.033 0.018 0.016 0.016 0.01 0.01 0.018 0.025 0.016 0.061 0.11 0.018 0.025 0.408 0.01 0.025 0.025 0.016 0.086 0.053
133 F 0.035 0.019 0.016 0.016 0.011 0.011 0.019 0.024 0.015 0.071 0.164 0.019 0.029 0.341 0.011 0.024 0.026 0.015 0.074 0.061
134 L 0.047 0.027 0.017 0.017 0.016 0.021 0.023 0.024 0.013 0.104 0.293 0.03 0.118 0.05 0.015 0.029 0.036 0.007 0.022 0.091
135 Q 0.054 0.071 0.043 0.046 0.009 0.241 0.099 0.04 0.028 0.026 0.046 0.088 0.02 0.014 0.023 0.054 0.04 0.006 0.02 0.034
136 Q 0.054 0.071 0.043 0.046 0.009 0.241 0.099 0.04 0.028 0.026 0.046 0.088 0.02 0.014 0.023 0.054 0.04 0.006 0.02 0.034
137 F 0.034 0.019 0.016 0.016 0.011 0.011 0.019 0.024 0.016 0.068 0.146 0.019 0.027 0.363 0.011 0.024 0.026 0.015 0.078 0.058
138 L 0.051 0.031 0.02 0.02 0.016 0.027 0.028 0.028 0.015 0.095 0.185 0.035 0.182 0.046 0.016 0.037 0.049 0.008 0.023 0.088
139 Q 0.054 0.071 0.043 0.046 0.009 0.241 0.099 0.04 0.028 0.026 0.046 0.088 0.02 0.014 0.023 0.054 0.04 0.006 0.02 0.034
140 L 0.049 0.026 0.017 0.019 0.016 0.022 0.023 0.024 0.013 0.171 0.18 0.03 0.131 0.045 0.015 0.031 0.039 0.007 0.022 0.12
141 R 0.043 0.367 0.037 0.03 0.008 0.047 0.051 0.032 0.023 0.023 0.045 0.116 0.015 0.017 0.019 0.043 0.034 0.006 0.017 0.03
142 Q 0.054 0.071 0.043 0.046 0.009 0.241 0.099 0.04 0.028 0.026 0.046 0.088 0.02 0.014 0.023 0.054 0.04 0.006 0.02 0.034
143 G 0.076 0.022 0.038 0.033 0.01 0.018 0.025 0.527 0.013 0.018 0.027 0.033 0.009 0.016 0.018 0.05 0.029 0.005 0.01 0.023
144 L 0.042 0.023 0.014 0.015 0.015 0.015 0.019 0.021 0.01 0.119 0.358 0.024 0.045 0.082 0.013 0.024 0.032 0.008 0.027 0.094
145 A 0.305 0.03 0.026 0.029 0.021 0.025 0.04 0.075 0.014 0.041 0.057 0.043 0.017 0.021 0.029 0.089 0.05 0.005 0.017 0.065
146 I 0.053 0.021 0.02 0.021 0.016 0.016 0.022 0.025 0.009 0.233 0.139 0.027 0.032 0.038 0.017 0.037 0.083 0.006 0.019 0.167
147 S 0.114 0.031 0.037 0.037 0.076 0.026 0.041 0.054 0.015 0.031 0.044 0.044 0.014 0.018 0.148 0.149 0.059 0.004 0.015 0.043
148 I 0.045 0.02 0.015 0.017 0.016 0.015 0.019 0.021 0.01 0.225 0.224 0.025 0.058 0.046 0.014 0.025 0.037 0.006 0.021 0.141
149 A 0.188 0.027 0.023 0.025 0.019 0.021 0.032 0.052 0.012 0.104 0.088 0.036 0.023 0.027 0.023 0.063 0.075 0.005 0.018 0.137
150 L 0.042 0.02 0.015 0.016 0.014 0.013 0.019 0.021 0.011 0.162 0.236 0.022 0.037 0.137 0.013 0.024 0.033 0.009 0.037 0.117
151 F 0.037 0.024 0.019 0.017 0.01 0.017 0.023 0.024 0.032 0.054 0.103 0.025 0.022 0.227 0.013 0.028 0.026 0.022 0.225 0.051
152 A 0.226 0.03 0.029 0.03 0.08 0.024 0.038 0.064 0.014 0.042 0.057 0.041 0.017 0.021 0.027 0.098 0.078 0.005 0.016 0.062
153 I 0.085 0.022 0.02 0.021 0.037 0.017 0.024 0.031 0.011 0.153 0.139 0.028 0.029 0.081 0.017 0.042 0.068 0.007 0.027 0.142
154 V 0.105 0.023 0.019 0.021 0.018 0.018 0.026 0.033 0.01 0.153 0.115 0.029 0.028 0.033 0.019 0.044 0.065 0.005 0.019 0.217
155 R 0.045 0.111 0.026 0.022 0.071 0.026 0.032 0.029 0.064 0.061 0.088 0.049 0.02 0.059 0.015 0.034 0.032 0.072 0.071 0.072
156 F 0.074 0.023 0.018 0.018 0.013 0.017 0.023 0.03 0.018 0.096 0.15 0.026 0.048 0.189 0.015 0.034 0.032 0.013 0.085 0.078
157 L 0.045 0.022 0.016 0.017 0.015 0.015 0.02 0.022 0.01 0.176 0.251 0.025 0.045 0.076 0.015 0.028 0.049 0.007 0.026 0.119
158 K 0.054 0.109 0.05 0.04 0.009 0.06 0.074 0.059 0.024 0.03 0.05 0.17 0.022 0.031 0.023 0.056 0.038 0.008 0.057 0.035
159 K 0.058 0.103 0.036 0.05 0.075 0.037 0.051 0.04 0.018 0.033 0.054 0.156 0.016 0.069 0.022 0.071 0.041 0.006 0.025 0.038
160 G 0.054 0.134 0.09 0.06 0.009 0.038 0.061 0.164 0.021 0.022 0.036 0.126 0.012 0.016 0.021 0.052 0.036 0.005 0.015 0.028
161 V 0.051 0.077 0.094 0.06 0.012 0.031 0.074 0.037 0.019 0.064 0.07 0.061 0.019 0.07 0.019 0.049 0.059 0.006 0.026 0.101
162 K 0.05 0.152 0.044 0.038 0.008 0.048 0.061 0.039 0.106 0.025 0.042 0.183 0.015 0.02 0.023 0.048 0.035 0.006 0.027 0.03
163 F 0.037 0.019 0.016 0.017 0.012 0.011 0.019 0.024 0.015 0.116 0.127 0.02 0.028 0.304 0.012 0.025 0.029 0.014 0.071 0.085
164 S 0.065 0.041 0.078 0.088 0.013 0.029 0.048 0.046 0.019 0.071 0.099 0.074 0.021 0.03 0.022 0.11 0.051 0.006 0.03 0.058
165 L 0.044 0.023 0.018 0.018 0.014 0.016 0.022 0.024 0.012 0.114 0.245 0.026 0.043 0.136 0.015 0.033 0.061 0.009 0.037 0.09
166 L 0.081 0.053 0.023 0.025 0.013 0.037 0.038 0.036 0.015 0.062 0.12 0.076 0.023 0.062 0.08 0.041 0.036 0.069 0.03 0.08
167 F 0.076 0.03 0.026 0.027 0.013 0.045 0.038 0.037 0.016 0.057 0.078 0.038 0.02 0.165 0.1 0.065 0.04 0.009 0.043 0.076
168 L 0.048 0.022 0.015 0.016 0.015 0.015 0.02 0.023 0.011 0.121 0.218 0.024 0.035 0.092 0.013 0.026 0.035 0.07 0.035 0.148
169 L 0.048 0.024 0.016 0.017 0.056 0.016 0.021 0.024 0.01 0.099 0.335 0.026 0.042 0.063 0.015 0.039 0.035 0.007 0.023 0.085
170 L 0.045 0.022 0.014 0.015 0.016 0.015 0.019 0.021 0.009 0.138 0.345 0.024 0.045 0.05 0.014 0.024 0.034 0.007 0.021 0.119
171 L 0.056 0.026 0.023 0.022 0.016 0.018 0.026 0.03 0.012 0.093 0.241 0.03 0.035 0.087 0.017 0.061 0.069 0.007 0.028 0.103
172 L 0.083 0.023 0.016 0.017 0.017 0.017 0.023 0.028 0.01 0.13 0.267 0.027 0.039 0.043 0.016 0.033 0.039 0.006 0.02 0.146
173 L 0.063 0.024 0.016 0.017 0.017 0.017 0.022 0.025 0.01 0.128 0.268 0.027 0.059 0.045 0.015 0.03 0.039 0.006 0.021 0.153
174 S 0.167 0.034 0.042 0.04 0.017 0.028 0.044 0.126 0.017 0.031 0.044 0.047 0.015 0.02 0.027 0.17 0.063 0.005 0.016 0.046
175 F 0.047 0.019 0.016 0.017 0.075 0.012 0.019 0.024 0.012 0.115 0.127 0.021 0.027 0.205 0.013 0.028 0.034 0.01 0.049 0.13
176 S 0.08 0.032 0.038 0.035 0.015 0.025 0.039 0.049 0.017 0.047 0.102 0.04 0.022 0.121 0.022 0.163 0.06 0.008 0.035 0.05
177 F 0.038 0.02 0.015 0.016 0.013 0.013 0.019 0.022 0.013 0.109 0.224 0.021 0.035 0.229 0.012 0.024 0.029 0.011 0.053 0.083
178 H 0.041 0.044 0.052 0.037 0.007 0.037 0.052 0.037 0.377 0.022 0.037 0.044 0.015 0.029 0.018 0.041 0.026 0.007 0.055 0.022
179 Q 0.054 0.071 0.043 0.046 0.009 0.241 0.099 0.04 0.028 0.026 0.046 0.088 0.02 0.014 0.023 0.054 0.04 0.006 0.02 0.034
180 S 0.102 0.034 0.042 0.038 0.017 0.028 0.042 0.052 0.015 0.061 0.062 0.045 0.019 0.023 0.026 0.159 0.129 0.005 0.017 0.082
181 A 0.21 0.031 0.032 0.032 0.019 0.025 0.039 0.063 0.014 0.055 0.063 0.043 0.019 0.023 0.027 0.111 0.083 0.005 0.017 0.09
182 L 0.049 0.022 0.017 0.017 0.015 0.015 0.02 0.085 0.011 0.1 0.281 0.025 0.038 0.09 0.014 0.028 0.033 0.008 0.028 0.104
183 L 0.046 0.021 0.017 0.019 0.013 0.015 0.023 0.025 0.012 0.11 0.187 0.026 0.03 0.13 0.117 0.029 0.034 0.008 0.035 0.105
184 L 0.049 0.021 0.015 0.016 0.016 0.014 0.02 0.022 0.01 0.157 0.233 0.024 0.037 0.09 0.014 0.026 0.037 0.007 0.029 0.163
185 I 0.048 0.021 0.018 0.019 0.015 0.015 0.021 0.024 0.011 0.164 0.161 0.025 0.032 0.132 0.015 0.033 0.065 0.008 0.036 0.137
186 L 0.125 0.025 0.022 0.023 0.038 0.019 0.028 0.041 0.011 0.136 0.144 0.032 0.028 0.033 0.02 0.068 0.047 0.006 0.019 0.135
187 F 0.039 0.019 0.016 0.017 0.012 0.011 0.019 0.024 0.014 0.103 0.119 0.02 0.027 0.315 0.011 0.025 0.029 0.014 0.069 0.098
188 G 0.098 0.024 0.027 0.026 0.136 0.019 0.027 0.162 0.016 0.066 0.063 0.032 0.017 0.035 0.019 0.07 0.04 0.008 0.055 0.06
189 V 0.09 0.022 0.019 0.02 0.017 0.016 0.023 0.092 0.01 0.158 0.149 0.028 0.03 0.035 0.017 0.037 0.041 0.006 0.019 0.173
190 L 0.043 0.022 0.017 0.018 0.014 0.015 0.021 0.024 0.012 0.137 0.208 0.025 0.054 0.151 0.014 0.03 0.047 0.009 0.04 0.099
191 F 0.041 0.022 0.021 0.02 0.011 0.014 0.023 0.028 0.019 0.06 0.121 0.024 0.025 0.295 0.013 0.043 0.044 0.016 0.104 0.056
192 Y 0.066 0.03 0.031 0.028 0.013 0.024 0.034 0.068 0.03 0.051 0.063 0.037 0.018 0.075 0.02 0.099 0.046 0.016 0.179 0.073
193 F 0.039 0.019 0.015 0.016 0.013 0.012 0.018 0.022 0.013 0.141 0.191 0.021 0.033 0.22 0.012 0.024 0.03 0.011 0.052 0.097
194 L 0.075 0.022 0.016 0.018 0.015 0.016 0.022 0.029 0.012 0.114 0.224 0.025 0.044 0.15 0.015 0.032 0.033 0.009 0.04 0.089
195 R 0.043 0.165 0.073 0.082 0.009 0.035 0.049 0.036 0.02 0.042 0.111 0.099 0.02 0.048 0.019 0.043 0.035 0.006 0.021 0.042
196 T 0.073 0.036 0.043 0.038 0.018 0.028 0.039 0.043 0.014 0.053 0.065 0.045 0.02 0.024 0.028 0.093 0.246 0.006 0.018 0.071
197 K 0.075 0.105 0.103 0.065 0.01 0.038 0.068 0.11 0.021 0.025 0.038 0.113 0.013 0.017 0.023 0.08 0.044 0.005 0.015 0.032
198 T 0.057 0.041 0.056 0.033 0.014 0.026 0.037 0.036 0.015 0.091 0.085 0.08 0.022 0.092 0.02 0.061 0.1 0.007 0.03 0.097
199 L 0.051 0.034 0.03 0.075 0.012 0.023 0.04 0.034 0.015 0.071 0.125 0.065 0.023 0.122 0.079 0.061 0.038 0.008 0.034 0.059
200 L 0.047 0.052 0.026 0.046 0.012 0.029 0.069 0.029 0.019 0.064 0.185 0.071 0.028 0.093 0.018 0.043 0.034 0.01 0.067 0.059
201 F 0.037 0.085 0.02 0.019 0.011 0.019 0.025 0.025 0.016 0.076 0.14 0.038 0.033 0.252 0.013 0.028 0.029 0.012 0.058 0.063
202 S 0.094 0.044 0.046 0.042 0.076 0.032 0.048 0.057 0.017 0.03 0.043 0.079 0.015 0.019 0.027 0.196 0.069 0.005 0.016 0.041
203 L 0.051 0.066 0.023 0.023 0.012 0.021 0.027 0.089 0.017 0.102 0.133 0.04 0.025 0.058 0.078 0.036 0.043 0.009 0.06 0.087
204 K 0.053 0.053 0.065 0.096 0.011 0.059 0.069 0.07 0.019 0.073 0.061 0.112 0.018 0.021 0.022 0.053 0.067 0.005 0.016 0.058
205 R 0.043 0.166 0.05 0.083 0.008 0.038 0.073 0.034 0.024 0.03 0.052 0.101 0.015 0.079 0.019 0.043 0.033 0.009 0.065 0.034
206 F 0.036 0.025 0.025 0.022 0.01 0.017 0.027 0.027 0.105 0.081 0.098 0.025 0.023 0.267 0.013 0.029 0.027 0.013 0.07 0.06
207 I 0.047 0.018 0.015 0.018 0.016 0.013 0.018 0.021 0.009 0.271 0.168 0.024 0.037 0.044 0.015 0.025 0.04 0.006 0.021 0.177
208 K 0.054 0.11 0.072 0.038 0.01 0.036 0.048 0.041 0.02 0.064 0.064 0.138 0.018 0.069 0.021 0.07 0.042 0.007 0.026 0.052
209 P 0.057 0.026 0.023 0.031 0.01 0.021 0.036 0.036 0.013 0.026 0.036 0.041 0.01 0.013 0.494 0.044 0.036 0.003 0.013 0.031
210 I 0.047 0.018 0.015 0.018 0.016 0.013 0.018 0.021 0.009 0.271 0.168 0.024 0.037 0.044 0.015 0.025 0.04 0.006 0.021 0.177
211 L 0.041 0.065 0.019 0.018 0.012 0.019 0.025 0.025 0.017 0.116 0.139 0.036 0.034 0.099 0.013 0.028 0.032 0.094 0.076 0.094
212 L 0.088 0.025 0.024 0.024 0.036 0.019 0.027 0.037 0.013 0.103 0.161 0.031 0.029 0.104 0.019 0.068 0.07 0.008 0.031 0.084
213 N 0.064 0.034 0.146 0.048 0.074 0.026 0.038 0.049 0.019 0.055 0.095 0.041 0.02 0.025 0.02 0.099 0.052 0.005 0.017 0.075
214 L 0.046 0.023 0.018 0.018 0.014 0.016 0.022 0.026 0.012 0.107 0.164 0.025 0.029 0.091 0.014 0.033 0.062 0.133 0.04 0.108
215 L 0.063 0.025 0.026 0.025 0.015 0.018 0.027 0.093 0.012 0.104 0.13 0.03 0.026 0.094 0.018 0.065 0.071 0.007 0.029 0.122
216 L 0.074 0.022 0.02 0.02 0.015 0.017 0.023 0.061 0.012 0.129 0.133 0.027 0.047 0.129 0.016 0.043 0.038 0.008 0.036 0.128
217 F 0.08 0.024 0.021 0.021 0.014 0.017 0.025 0.035 0.014 0.071 0.19 0.028 0.03 0.193 0.016 0.059 0.037 0.01 0.047 0.066
218 I 0.049 0.019 0.015 0.017 0.015 0.014 0.019 0.022 0.01 0.171 0.167 0.023 0.033 0.133 0.014 0.027 0.037 0.008 0.037 0.17
219 V 0.069 0.024 0.022 0.022 0.018 0.019 0.027 0.03 0.01 0.149 0.12 0.03 0.038 0.034 0.018 0.061 0.064 0.006 0.02 0.22
220 F 0.035 0.02 0.016 0.016 0.012 0.012 0.019 0.024 0.015 0.074 0.182 0.02 0.03 0.319 0.011 0.024 0.026 0.014 0.07 0.063
221 I 0.057 0.021 0.018 0.02 0.017 0.016 0.022 0.024 0.009 0.214 0.136 0.026 0.032 0.037 0.016 0.035 0.071 0.006 0.02 0.204
222 L 0.05 0.021 0.015 0.016 0.016 0.014 0.02 0.022 0.01 0.159 0.222 0.024 0.037 0.089 0.014 0.027 0.038 0.007 0.029 0.171
223 L 0.047 0.02 0.015 0.016 0.015 0.014 0.019 0.022 0.011 0.143 0.201 0.023 0.034 0.15 0.013 0.026 0.035 0.009 0.04 0.146
224 F 0.077 0.022 0.022 0.022 0.012 0.015 0.025 0.036 0.016 0.055 0.095 0.026 0.022 0.311 0.015 0.059 0.034 0.014 0.069 0.053
225 K 0.055 0.103 0.04 0.04 0.008 0.052 0.068 0.042 0.02 0.027 0.042 0.303 0.015 0.015 0.027 0.052 0.038 0.005 0.017 0.032
226 F 0.036 0.019 0.016 0.017 0.011 0.012 0.019 0.025 0.016 0.07 0.116 0.02 0.035 0.362 0.011 0.026 0.027 0.015 0.078 0.07
227 F 0.054 0.02 0.016 0.017 0.014 0.013 0.02 0.025 0.012 0.118 0.183 0.022 0.032 0.202 0.013 0.028 0.033 0.011 0.049 0.118
228 L 0.042 0.022 0.014 0.015 0.015 0.015 0.019 0.021 0.01 0.128 0.332 0.023 0.043 0.096 0.013 0.024 0.032 0.008 0.029 0.098
229 L 0.051 0.023 0.018 0.018 0.016 0.017 0.022 0.024 0.01 0.142 0.294 0.027 0.041 0.046 0.015 0.041 0.048 0.006 0.021 0.12
230 D 0.056 0.078 0.145 0.179 0.01 0.033 0.062 0.053 0.023 0.023 0.033 0.057 0.012 0.017 0.022 0.1 0.049 0.004 0.014 0.029
231 F 0.041 0.02 0.015 0.016 0.013 0.013 0.019 0.023 0.013 0.112 0.195 0.021 0.033 0.227 0.012 0.025 0.031 0.011 0.053 0.106
232 L 0.046 0.023 0.014 0.015 0.016 0.016 0.02 0.021 0.01 0.117 0.363 0.025 0.046 0.051 0.014 0.025 0.034 0.007 0.021 0.118
233 I 0.05 0.018 0.016 0.018 0.016 0.014 0.019 0.021 0.009 0.263 0.152 0.024 0.034 0.041 0.015 0.028 0.05 0.006 0.02 0.187
234 G 0.063 0.031 0.12 0.061 0.01 0.024 0.037 0.27 0.023 0.023 0.034 0.04 0.011 0.03 0.019 0.072 0.039 0.008 0.054 0.029
235 L 0.087 0.027 0.022 0.022 0.016 0.021 0.028 0.035 0.013 0.103 0.209 0.032 0.072 0.064 0.018 0.062 0.042 0.007 0.025 0.095
236 S 0.097 0.036 0.048 0.043 0.016 0.029 0.047 0.059 0.018 0.033 0.049 0.048 0.016 0.069 0.026 0.219 0.072 0.006 0.026 0.042
237 G 0.092 0.034 0.061 0.046 0.013 0.029 0.064 0.174 0.018 0.025 0.036 0.047 0.013 0.018 0.085 0.138 0.054 0.005 0.015 0.034
238 R 0.043 0.367 0.037 0.03 0.008 0.047 0.051 0.032 0.023 0.023 0.045 0.116 0.015 0.017 0.019 0.043 0.034 0.006 0.017 0.03
239 L 0.049 0.023 0.014 0.015 0.016 0.016 0.02 0.021 0.009 0.123 0.329 0.025 0.044 0.048 0.014 0.026 0.036 0.006 0.021 0.143
240 Q 0.054 0.065 0.042 0.056 0.008 0.197 0.155 0.038 0.028 0.025 0.043 0.084 0.018 0.015 0.023 0.054 0.039 0.006 0.019 0.033
241 S 0.108 0.039 0.046 0.09 0.015 0.057 0.068 0.053 0.018 0.038 0.049 0.053 0.016 0.02 0.026 0.134 0.094 0.005 0.017 0.056
242 Y 0.039 0.027 0.021 0.018 0.009 0.021 0.027 0.024 0.045 0.042 0.066 0.03 0.018 0.126 0.015 0.03 0.027 0.027 0.341 0.045
243 A 0.21 0.034 0.039 0.038 0.019 0.028 0.045 0.07 0.016 0.035 0.049 0.048 0.016 0.021 0.029 0.164 0.064 0.005 0.017 0.053
244 N 0.063 0.05 0.134 0.101 0.011 0.06 0.061 0.054 0.023 0.027 0.04 0.085 0.014 0.033 0.023 0.112 0.052 0.005 0.019 0.033
245 S 0.092 0.035 0.045 0.041 0.017 0.029 0.044 0.054 0.016 0.051 0.057 0.047 0.018 0.023 0.027 0.18 0.123 0.005 0.017 0.079
246 D 0.112 0.034 0.047 0.139 0.013 0.032 0.088 0.114 0.018 0.028 0.039 0.048 0.013 0.018 0.025 0.115 0.059 0.005 0.014 0.038
247 N 0.062 0.047 0.156 0.069 0.01 0.066 0.123 0.053 0.026 0.024 0.036 0.062 0.013 0.017 0.024 0.107 0.052 0.005 0.016 0.032
248 Y 0.038 0.026 0.02 0.018 0.009 0.02 0.026 0.024 0.042 0.045 0.072 0.029 0.019 0.162 0.014 0.029 0.027 0.026 0.309 0.046
249 S 0.133 0.038 0.118 0.052 0.016 0.031 0.048 0.066 0.021 0.03 0.041 0.05 0.014 0.02 0.026 0.167 0.065 0.005 0.016 0.042
250 E 0.096 0.04 0.039 0.066 0.011 0.046 0.202 0.125 0.021 0.024 0.038 0.06 0.013 0.017 0.025 0.08 0.041 0.005 0.015 0.035
251 E 0.096 0.04 0.07 0.124 0.011 0.042 0.156 0.051 0.021 0.026 0.038 0.057 0.013 0.018 0.025 0.106 0.049 0.005 0.015 0.036
252 I 0.049 0.018 0.014 0.017 0.016 0.014 0.018 0.021 0.009 0.254 0.181 0.023 0.036 0.042 0.014 0.025 0.039 0.006 0.02 0.183
253 G 0.113 0.027 0.04 0.036 0.013 0.023 0.033 0.355 0.015 0.024 0.034 0.039 0.012 0.017 0.022 0.103 0.044 0.005 0.013 0.033
254 L 0.046 0.022 0.015 0.016 0.015 0.016 0.02 0.021 0.014 0.155 0.263 0.025 0.039 0.057 0.014 0.026 0.035 0.009 0.061 0.131
255 F 0.039 0.019 0.016 0.016 0.012 0.012 0.019 0.024 0.014 0.105 0.131 0.02 0.028 0.301 0.012 0.025 0.03 0.013 0.067 0.1
256 S 0.074 0.122 0.121 0.051 0.013 0.036 0.05 0.056 0.023 0.025 0.039 0.068 0.014 0.019 0.024 0.151 0.06 0.005 0.016 0.034
257 L 0.044 0.024 0.015 0.017 0.015 0.016 0.021 0.022 0.01 0.101 0.351 0.026 0.043 0.048 0.076 0.026 0.033 0.006 0.02 0.085
258 P 0.055 0.031 0.025 0.032 0.01 0.048 0.043 0.036 0.014 0.025 0.036 0.046 0.011 0.013 0.45 0.044 0.036 0.003 0.013 0.03
259 N 0.046 0.039 0.259 0.065 0.011 0.03 0.042 0.054 0.026 0.048 0.062 0.047 0.036 0.023 0.019 0.059 0.047 0.005 0.017 0.067
260 I 0.045 0.018 0.014 0.017 0.016 0.013 0.017 0.02 0.009 0.273 0.192 0.023 0.037 0.044 0.014 0.024 0.038 0.006 0.02 0.161
261 R 0.049 0.235 0.039 0.035 0.008 0.049 0.059 0.037 0.021 0.025 0.043 0.209 0.015 0.016 0.023 0.047 0.036 0.005 0.017 0.031
262 T 0.128 0.032 0.034 0.032 0.018 0.025 0.036 0.048 0.013 0.057 0.103 0.041 0.022 0.026 0.026 0.079 0.186 0.006 0.018 0.071
263 F 0.042 0.02 0.016 0.017 0.074 0.014 0.019 0.025 0.013 0.099 0.157 0.022 0.048 0.224 0.013 0.028 0.03 0.011 0.052 0.078
264 L 0.044 0.021 0.014 0.015 0.045 0.014 0.019 0.022 0.011 0.123 0.281 0.023 0.039 0.115 0.013 0.025 0.032 0.008 0.033 0.101
265 I 0.058 0.024 0.025 0.024 0.017 0.018 0.026 0.029 0.01 0.187 0.12 0.031 0.029 0.034 0.019 0.05 0.127 0.006 0.019 0.148
266 L 0.045 0.021 0.015 0.016 0.015 0.015 0.02 0.022 0.014 0.149 0.227 0.024 0.036 0.102 0.014 0.026 0.034 0.01 0.069 0.127
267 L 0.064 0.026 0.02 0.02 0.076 0.021 0.025 0.031 0.013 0.081 0.198 0.03 0.09 0.087 0.016 0.051 0.039 0.008 0.028 0.076
268 F 0.043 0.019 0.016 0.017 0.013 0.012 0.019 0.024 0.013 0.115 0.121 0.021 0.027 0.269 0.012 0.026 0.032 0.012 0.061 0.128
269 L 0.079 0.022 0.016 0.018 0.016 0.015 0.022 0.028 0.011 0.148 0.226 0.026 0.036 0.088 0.016 0.032 0.037 0.007 0.028 0.129
270 L 0.053 0.025 0.024 0.023 0.015 0.018 0.025 0.09 0.012 0.079 0.231 0.03 0.033 0.085 0.017 0.043 0.091 0.008 0.027 0.073
271 L 0.04 0.021 0.016 0.017 0.013 0.015 0.021 0.022 0.02 0.128 0.184 0.024 0.032 0.157 0.013 0.026 0.031 0.014 0.117 0.09
272 F 0.04 0.019 0.016 0.016 0.073 0.012 0.018 0.024 0.013 0.097 0.159 0.02 0.029 0.254 0.012 0.026 0.029 0.012 0.058 0.075
273 A 0.136 0.032 0.032 0.031 0.017 0.026 0.037 0.052 0.015 0.072 0.125 0.041 0.054 0.031 0.023 0.124 0.055 0.006 0.019 0.071
274 N 0.072 0.046 0.157 0.057 0.012 0.033 0.049 0.119 0.023 0.025 0.035 0.081 0.013 0.018 0.024 0.13 0.056 0.005 0.015 0.032
275 E 0.05 0.126 0.074 0.061 0.008 0.047 0.16 0.058 0.023 0.022 0.037 0.085 0.013 0.016 0.083 0.051 0.036 0.005 0.015 0.029
276 R 0.083 0.158 0.088 0.042 0.011 0.04 0.052 0.046 0.021 0.03 0.045 0.138 0.015 0.018 0.023 0.06 0.069 0.005 0.017 0.039
277 L 0.046 0.023 0.016 0.017 0.016 0.016 0.021 0.022 0.01 0.164 0.285 0.026 0.054 0.047 0.015 0.029 0.05 0.006 0.021 0.115
278 R 0.041 0.119 0.066 0.031 0.009 0.055 0.043 0.033 0.027 0.04 0.093 0.06 0.02 0.054 0.016 0.039 0.033 0.074 0.105 0.042
279 E 0.056 0.105 0.038 0.047 0.01 0.091 0.115 0.038 0.022 0.04 0.055 0.092 0.018 0.066 0.022 0.071 0.041 0.007 0.026 0.041
280 N 0.044 0.079 0.231 0.112 0.008 0.036 0.056 0.055 0.026 0.023 0.033 0.098 0.012 0.017 0.021 0.061 0.043 0.004 0.015 0.027
281 K 0.062 0.057 0.063 0.076 0.012 0.038 0.086 0.041 0.018 0.059 0.06 0.131 0.018 0.021 0.023 0.072 0.046 0.005 0.017 0.097
282 L 0.08 0.025 0.02 0.024 0.075 0.02 0.048 0.033 0.013 0.071 0.196 0.03 0.03 0.129 0.017 0.045 0.035 0.008 0.035 0.068
283 F 0.036 0.022 0.018 0.017 0.01 0.015 0.022 0.024 0.026 0.06 0.13 0.024 0.025 0.258 0.012 0.027 0.026 0.019 0.173 0.055
284 R 0.061 0.209 0.032 0.028 0.011 0.038 0.045 0.033 0.018 0.053 0.1 0.118 0.021 0.024 0.02 0.044 0.047 0.006 0.018 0.074
285 L 0.044 0.022 0.016 0.016 0.014 0.015 0.02 0.022 0.015 0.114 0.219 0.024 0.034 0.147 0.013 0.026 0.033 0.011 0.077 0.117
286 F 0.038 0.019 0.016 0.016 0.012 0.012 0.019 0.024 0.014 0.08 0.148 0.02 0.028 0.317 0.011 0.025 0.028 0.014 0.07 0.088
287 L 0.043 0.022 0.018 0.018 0.014 0.015 0.021 0.025 0.013 0.108 0.218 0.024 0.034 0.181 0.014 0.032 0.06 0.01 0.045 0.085
288 F 0.04 0.022 0.019 0.018 0.012 0.015 0.022 0.025 0.022 0.068 0.133 0.024 0.026 0.246 0.013 0.03 0.043 0.016 0.133 0.072
289 L 0.044 0.024 0.014 0.016 0.016 0.017 0.02 0.021 0.01 0.133 0.342 0.026 0.064 0.051 0.014 0.025 0.034 0.007 0.022 0.102
290 F 0.048 0.031 0.023 0.03 0.073 0.05 0.068 0.029 0.017 0.088 0.113 0.039 0.064 0.125 0.016 0.036 0.034 0.009 0.036 0.072
291 F 0.08 0.023 0.021 0.021 0.014 0.016 0.025 0.033 0.014 0.089 0.102 0.027 0.024 0.218 0.016 0.043 0.073 0.011 0.052 0.097
292 L 0.053 0.023 0.021 0.021 0.016 0.017 0.023 0.026 0.01 0.177 0.193 0.029 0.034 0.04 0.017 0.041 0.096 0.006 0.02 0.136
293 A 0.229 0.029 0.031 0.032 0.018 0.024 0.037 0.187 0.015 0.034 0.048 0.042 0.015 0.019 0.026 0.095 0.047 0.005 0.015 0.052
294 L 0.045 0.023 0.014 0.015 0.015 0.015 0.02 0.021 0.01 0.111 0.327 0.024 0.043 0.095 0.014 0.025 0.033 0.008 0.029 0.113
295 A 0.262 0.032 0.032 0.033 0.02 0.027 0.042 0.073 0.015 0.038 0.053 0.045 0.016 0.021 0.029 0.123 0.056 0.005 0.017 0.06
296 I 0.082 0.022 0.02 0.021 0.016 0.016 0.023 0.031 0.012 0.158 0.119 0.027 0.028 0.128 0.017 0.041 0.067 0.008 0.036 0.131
297 R 0.043 0.367 0.037 0.03 0.008 0.047 0.051 0.032 0.023 0.023 0.045 0.116 0.015 0.017 0.019 0.043 0.034 0.006 0.017 0.03
298 I 0.051 0.018 0.015 0.017 0.016 0.014 0.018 0.021 0.008 0.261 0.153 0.023 0.034 0.041 0.015 0.026 0.041 0.006 0.02 0.201
299 G 0.076 0.022 0.038 0.033 0.01 0.018 0.025 0.527 0.013 0.018 0.027 0.033 0.009 0.016 0.018 0.05 0.029 0.005 0.01 0.023
300 F 0.033 0.018 0.016 0.016 0.01 0.01 0.018 0.025 0.016 0.061 0.11 0.018 0.025 0.408 0.01 0.025 0.025 0.016 0.086 0.053
301 S 0.132 0.038 0.049 0.045 0.017 0.031 0.049 0.066 0.018 0.03 0.043 0.051 0.015 0.02 0.029 0.226 0.075 0.005 0.017 0.044
302 D 0.045 0.037 0.055 0.28 0.007 0.043 0.185 0.04 0.021 0.022 0.031 0.056 0.01 0.015 0.023 0.052 0.035 0.004 0.013 0.026
303 F 0.035 0.02 0.017 0.017 0.011 0.012 0.019 0.025 0.016 0.066 0.12 0.02 0.045 0.363 0.011 0.026 0.026 0.015 0.078 0.058
304 A 0.305 0.03 0.026 0.029 0.021 0.025 0.04 0.075 0.014 0.041 0.057 0.043 0.017 0.021 0.029 0.089 0.05 0.005 0.017 0.065
305 I 0.046 0.017 0.014 0.017 0.016 0.013 0.017 0.02 0.009 0.296 0.162 0.023 0.036 0.043 0.014 0.024 0.038 0.006 0.02 0.171
306 L 0.048 0.028 0.017 0.018 0.016 0.023 0.024 0.025 0.013 0.102 0.268 0.031 0.136 0.049 0.015 0.031 0.036 0.007 0.023 0.091
307 S 0.106 0.039 0.052 0.047 0.017 0.032 0.051 0.064 0.019 0.029 0.04 0.052 0.015 0.02 0.029 0.246 0.079 0.005 0.017 0.04
308 G 0.076 0.022 0.038 0.033 0.01 0.018 0.025 0.527 0.013 0.018 0.027 0.033 0.009 0.016 0.018 0.05 0.029 0.005 0.01 0.023
309 R 0.043 0.367 0.037 0.03 0.008 0.047 0.051 0.032 0.023 0.023 0.045 0.116 0.015 0.017 0.019 0.043 0.034 0.006 0.017 0.03
310 L 0.04 0.022 0.014 0.015 0.014 0.014 0.019 0.022 0.011 0.099 0.325 0.023 0.042 0.142 0.013 0.024 0.03 0.009 0.038 0.083
311 S 0.158 0.037 0.045 0.043 0.018 0.03 0.048 0.067 0.017 0.032 0.045 0.05 0.016 0.02 0.029 0.205 0.071 0.005 0.017 0.047
312 T 0.071 0.034 0.042 0.036 0.017 0.027 0.038 0.042 0.013 0.051 0.063 0.044 0.019 0.023 0.027 0.09 0.272 0.006 0.017 0.069
313 A 0.283 0.029 0.024 0.027 0.021 0.024 0.037 0.069 0.014 0.056 0.066 0.041 0.019 0.023 0.027 0.076 0.048 0.005 0.017 0.095
314 F 0.033 0.018 0.016 0.016 0.01 0.01 0.018 0.025 0.016 0.061 0.11 0.018 0.025 0.408 0.01 0.025 0.025 0.016 0.086 0.053
315 S 0.104 0.038 0.052 0.047 0.017 0.032 0.05 0.063 0.018 0.03 0.042 0.052 0.015 0.02 0.029 0.236 0.091 0.005 0.017 0.042
316 Y 0.038 0.028 0.024 0.02 0.009 0.021 0.028 0.026 0.081 0.043 0.071 0.03 0.019 0.167 0.015 0.03 0.026 0.023 0.257 0.044
317 V 0.152 0.027 0.026 0.026 0.019 0.022 0.033 0.048 0.012 0.098 0.088 0.036 0.023 0.028 0.022 0.088 0.054 0.005 0.018 0.175
318 E 0.053 0.048 0.039 0.087 0.007 0.062 0.32 0.034 0.025 0.021 0.036 0.073 0.012 0.016 0.025 0.053 0.036 0.005 0.016 0.03
319 I 0.048 0.018 0.014 0.017 0.016 0.013 0.018 0.02 0.008 0.279 0.158 0.023 0.035 0.042 0.014 0.025 0.04 0.006 0.02 0.186
320 F 0.033 0.019 0.017 0.016 0.01 0.011 0.019 0.025 0.018 0.06 0.108 0.019 0.024 0.39 0.011 0.025 0.025 0.017 0.102 0.053
