#Seq2Logo.py -f /work3/idamei/ssn-clusterings/clustering/2205111253/clusters/0010_121/sequences.afa -o /work3/idamei/ssn-clusterings/clustering/2205111253/clusters/0010_121/sequences.logo
#Position Specific Frequency Matrix
A R N D C Q E G H I L K M F P S T W Y V
0 L 0.052 0.032 0.02 0.02 0.016 0.028 0.028 0.028 0.016 0.101 0.198 0.036 0.157 0.048 0.016 0.036 0.04 0.008 0.024 0.093
1 G 0.079 0.023 0.039 0.034 0.011 0.019 0.026 0.508 0.014 0.019 0.028 0.034 0.009 0.016 0.019 0.052 0.03 0.005 0.011 0.024
2 S 0.11 0.04 0.054 0.049 0.018 0.033 0.053 0.067 0.019 0.03 0.042 0.054 0.016 0.021 0.03 0.217 0.082 0.005 0.018 0.042
3 Q 0.056 0.074 0.044 0.047 0.009 0.211 0.103 0.041 0.03 0.027 0.047 0.092 0.021 0.015 0.024 0.056 0.041 0.006 0.021 0.035
4 D 0.041 0.03 0.069 0.395 0.008 0.03 0.092 0.047 0.019 0.022 0.028 0.045 0.009 0.015 0.022 0.052 0.036 0.004 0.011 0.024
5 L 0.051 0.032 0.02 0.02 0.016 0.028 0.028 0.028 0.016 0.099 0.194 0.036 0.173 0.047 0.016 0.036 0.04 0.008 0.024 0.091
6 D 0.052 0.028 0.049 0.216 0.01 0.026 0.058 0.159 0.017 0.04 0.069 0.039 0.05 0.023 0.02 0.047 0.035 0.005 0.014 0.041
7 E 0.045 0.033 0.029 0.075 0.01 0.036 0.148 0.031 0.018 0.089 0.072 0.046 0.019 0.034 0.018 0.039 0.033 0.129 0.03 0.066
8 F 0.038 0.018 0.016 0.017 0.012 0.011 0.018 0.023 0.014 0.135 0.13 0.02 0.029 0.278 0.012 0.025 0.03 0.013 0.065 0.094
9 F 0.037 0.019 0.016 0.017 0.012 0.012 0.019 0.024 0.014 0.116 0.129 0.02 0.028 0.26 0.011 0.025 0.029 0.065 0.066 0.083
10 L 0.052 0.028 0.024 0.022 0.015 0.022 0.027 0.029 0.016 0.103 0.19 0.033 0.067 0.064 0.018 0.045 0.091 0.009 0.056 0.089
11 L 0.043 0.025 0.017 0.017 0.014 0.018 0.022 0.024 0.015 0.09 0.235 0.027 0.071 0.151 0.031 0.028 0.032 0.011 0.052 0.078
12 K 0.056 0.106 0.041 0.041 0.008 0.053 0.07 0.043 0.02 0.027 0.043 0.289 0.015 0.015 0.027 0.053 0.039 0.005 0.017 0.032
13 I 0.068 0.025 0.025 0.025 0.017 0.019 0.028 0.033 0.011 0.159 0.145 0.031 0.031 0.049 0.018 0.078 0.051 0.006 0.022 0.158
14 I 0.055 0.019 0.015 0.017 0.017 0.014 0.02 0.022 0.008 0.235 0.151 0.024 0.034 0.04 0.015 0.028 0.043 0.006 0.02 0.216
15 N 0.126 0.039 0.173 0.059 0.014 0.031 0.047 0.068 0.023 0.029 0.041 0.051 0.014 0.019 0.025 0.119 0.058 0.005 0.016 0.041
16 L 0.044 0.021 0.014 0.016 0.016 0.014 0.019 0.021 0.01 0.182 0.271 0.024 0.042 0.074 0.014 0.024 0.035 0.007 0.026 0.126
17 G 0.066 0.025 0.031 0.029 0.014 0.019 0.028 0.157 0.014 0.098 0.087 0.032 0.022 0.119 0.018 0.083 0.044 0.008 0.034 0.073
18 L 0.05 0.022 0.021 0.02 0.013 0.015 0.021 0.146 0.012 0.083 0.22 0.025 0.033 0.13 0.014 0.031 0.03 0.009 0.035 0.07
19 S 0.177 0.036 0.043 0.041 0.019 0.03 0.047 0.07 0.017 0.034 0.047 0.05 0.016 0.021 0.029 0.179 0.069 0.005 0.017 0.051
20 A 0.188 0.029 0.025 0.027 0.018 0.022 0.034 0.057 0.014 0.06 0.141 0.038 0.025 0.056 0.041 0.079 0.046 0.006 0.023 0.069
21 L 0.123 0.029 0.027 0.027 0.017 0.022 0.033 0.047 0.014 0.067 0.178 0.036 0.029 0.086 0.021 0.091 0.048 0.007 0.029 0.069
22 L 0.039 0.021 0.015 0.016 0.013 0.013 0.019 0.023 0.013 0.088 0.249 0.022 0.037 0.225 0.012 0.024 0.029 0.012 0.055 0.074
23 L 0.041 0.022 0.015 0.015 0.014 0.014 0.02 0.022 0.012 0.099 0.307 0.023 0.042 0.152 0.013 0.024 0.031 0.01 0.041 0.083
24 L 0.051 0.023 0.02 0.02 0.014 0.016 0.021 0.145 0.011 0.086 0.276 0.027 0.037 0.069 0.015 0.031 0.031 0.007 0.024 0.074
25 G 0.061 0.023 0.022 0.022 0.015 0.019 0.023 0.147 0.011 0.14 0.129 0.029 0.062 0.036 0.016 0.036 0.039 0.006 0.019 0.142
26 A 0.301 0.031 0.025 0.029 0.021 0.025 0.04 0.077 0.015 0.043 0.059 0.044 0.017 0.021 0.029 0.084 0.049 0.005 0.017 0.068
27 W 0.037 0.022 0.016 0.016 0.01 0.016 0.022 0.026 0.021 0.096 0.084 0.025 0.021 0.073 0.011 0.025 0.028 0.258 0.121 0.07
28 L 0.116 0.027 0.021 0.022 0.085 0.021 0.028 0.058 0.013 0.082 0.177 0.033 0.064 0.036 0.019 0.052 0.041 0.006 0.019 0.08
29 A 0.193 0.029 0.03 0.031 0.138 0.024 0.037 0.063 0.014 0.04 0.056 0.04 0.017 0.021 0.026 0.11 0.054 0.005 0.016 0.058
30 K 0.054 0.15 0.04 0.039 0.008 0.052 0.066 0.041 0.021 0.026 0.043 0.258 0.015 0.016 0.026 0.051 0.038 0.005 0.017 0.032
31 R 0.047 0.215 0.111 0.046 0.008 0.045 0.055 0.043 0.024 0.024 0.041 0.145 0.014 0.017 0.021 0.052 0.039 0.005 0.017 0.03
32 I 0.067 0.019 0.017 0.018 0.136 0.014 0.02 0.044 0.009 0.17 0.121 0.024 0.028 0.033 0.016 0.034 0.041 0.005 0.018 0.166
33 F 0.054 0.02 0.016 0.017 0.015 0.014 0.021 0.025 0.012 0.119 0.122 0.023 0.029 0.19 0.014 0.029 0.039 0.01 0.049 0.183
34 G 0.083 0.026 0.041 0.036 0.012 0.021 0.03 0.42 0.014 0.022 0.032 0.037 0.011 0.017 0.021 0.084 0.047 0.005 0.012 0.029
35 G 0.081 0.026 0.031 0.029 0.016 0.021 0.031 0.158 0.012 0.093 0.081 0.034 0.022 0.027 0.02 0.087 0.052 0.005 0.017 0.156
36 W 0.03 0.022 0.015 0.015 0.007 0.015 0.022 0.03 0.015 0.03 0.052 0.022 0.015 0.06 0.007 0.022 0.022 0.5 0.067 0.03
37 L 0.047 0.023 0.016 0.017 0.016 0.016 0.02 0.022 0.01 0.153 0.318 0.026 0.045 0.05 0.015 0.032 0.036 0.007 0.021 0.113
38 N 0.042 0.044 0.327 0.082 0.009 0.033 0.049 0.064 0.031 0.022 0.031 0.053 0.011 0.018 0.02 0.069 0.049 0.004 0.015 0.027
39 P 0.117 0.027 0.024 0.03 0.013 0.022 0.037 0.046 0.013 0.03 0.041 0.041 0.012 0.015 0.383 0.053 0.039 0.003 0.014 0.04
40 G 0.128 0.024 0.024 0.024 0.017 0.019 0.028 0.161 0.011 0.094 0.088 0.032 0.027 0.027 0.02 0.05 0.044 0.005 0.017 0.156
41 S 0.108 0.04 0.053 0.048 0.017 0.033 0.052 0.065 0.019 0.029 0.041 0.053 0.015 0.021 0.029 0.231 0.081 0.005 0.017 0.041
42 I 0.046 0.017 0.014 0.017 0.016 0.013 0.017 0.02 0.009 0.282 0.165 0.023 0.036 0.044 0.014 0.025 0.039 0.006 0.02 0.174
43 F 0.034 0.019 0.017 0.017 0.011 0.011 0.019 0.025 0.016 0.064 0.122 0.019 0.026 0.384 0.011 0.025 0.025 0.016 0.085 0.056
44 S 0.084 0.039 0.118 0.053 0.015 0.031 0.047 0.06 0.021 0.035 0.066 0.05 0.017 0.036 0.025 0.169 0.067 0.005 0.02 0.042
45 L 0.044 0.024 0.014 0.015 0.016 0.016 0.02 0.021 0.01 0.114 0.385 0.025 0.049 0.054 0.014 0.024 0.033 0.007 0.022 0.095
46 F 0.034 0.019 0.016 0.016 0.011 0.011 0.019 0.025 0.016 0.068 0.142 0.019 0.028 0.359 0.011 0.025 0.026 0.016 0.08 0.059
47 W 0.03 0.022 0.015 0.015 0.007 0.015 0.022 0.03 0.015 0.03 0.052 0.022 0.015 0.06 0.007 0.022 0.022 0.5 0.067 0.03
48 F 0.052 0.024 0.026 0.025 0.012 0.016 0.027 0.035 0.017 0.054 0.095 0.027 0.023 0.302 0.015 0.077 0.039 0.014 0.07 0.051
49 F 0.103 0.023 0.018 0.019 0.015 0.016 0.024 0.037 0.014 0.072 0.177 0.027 0.03 0.205 0.016 0.039 0.033 0.011 0.051 0.069
50 Y 0.038 0.025 0.02 0.018 0.009 0.019 0.025 0.025 0.039 0.048 0.079 0.028 0.02 0.196 0.014 0.029 0.027 0.025 0.268 0.048
51 T 0.072 0.035 0.043 0.037 0.018 0.027 0.039 0.043 0.014 0.053 0.064 0.045 0.019 0.023 0.027 0.091 0.258 0.006 0.018 0.07
52 A 0.201 0.026 0.022 0.024 0.018 0.02 0.032 0.057 0.014 0.065 0.082 0.035 0.021 0.117 0.023 0.062 0.043 0.008 0.035 0.095
53 F 0.036 0.02 0.016 0.016 0.012 0.012 0.019 0.024 0.015 0.077 0.19 0.02 0.032 0.298 0.011 0.025 0.027 0.014 0.069 0.066
54 P 0.056 0.025 0.023 0.031 0.01 0.02 0.036 0.036 0.013 0.025 0.036 0.041 0.01 0.013 0.501 0.043 0.036 0.003 0.013 0.031
55 L 0.044 0.024 0.014 0.015 0.016 0.016 0.02 0.021 0.01 0.114 0.385 0.025 0.049 0.054 0.014 0.024 0.033 0.007 0.022 0.095
56 F 0.046 0.021 0.016 0.017 0.014 0.013 0.02 0.024 0.013 0.102 0.175 0.022 0.032 0.22 0.013 0.027 0.033 0.011 0.054 0.127
57 L 0.062 0.022 0.016 0.017 0.016 0.015 0.022 0.026 0.011 0.121 0.186 0.024 0.034 0.13 0.015 0.03 0.039 0.009 0.037 0.17
58 A 0.301 0.031 0.025 0.029 0.021 0.025 0.04 0.077 0.015 0.043 0.059 0.044 0.017 0.021 0.029 0.084 0.049 0.005 0.017 0.068
59 F 0.034 0.022 0.017 0.017 0.009 0.014 0.022 0.026 0.024 0.049 0.086 0.023 0.021 0.245 0.011 0.026 0.025 0.14 0.143 0.046
60 E 0.047 0.039 0.042 0.151 0.008 0.045 0.183 0.035 0.029 0.027 0.042 0.056 0.013 0.044 0.022 0.048 0.034 0.011 0.093 0.033
61 A 0.234 0.028 0.023 0.026 0.021 0.023 0.035 0.062 0.013 0.077 0.078 0.039 0.021 0.025 0.026 0.069 0.049 0.005 0.018 0.128
62 P 0.056 0.025 0.023 0.031 0.01 0.02 0.036 0.036 0.013 0.025 0.036 0.041 0.01 0.013 0.501 0.043 0.036 0.003 0.013 0.031
63 V 0.058 0.02 0.015 0.017 0.017 0.015 0.02 0.022 0.008 0.222 0.147 0.024 0.034 0.039 0.015 0.029 0.044 0.006 0.02 0.227
64 N 0.049 0.044 0.298 0.078 0.01 0.033 0.049 0.064 0.03 0.023 0.032 0.053 0.012 0.018 0.021 0.086 0.052 0.005 0.016 0.028
65 P 0.053 0.025 0.021 0.027 0.012 0.019 0.032 0.032 0.012 0.047 0.123 0.037 0.02 0.023 0.379 0.038 0.035 0.004 0.015 0.047
66 L 0.051 0.023 0.021 0.02 0.014 0.016 0.021 0.146 0.012 0.083 0.257 0.026 0.036 0.093 0.015 0.031 0.031 0.008 0.028 0.071
67 A 0.292 0.03 0.025 0.029 0.021 0.025 0.039 0.075 0.014 0.047 0.061 0.043 0.018 0.022 0.029 0.082 0.049 0.005 0.017 0.075
68 I 0.052 0.018 0.015 0.017 0.017 0.014 0.019 0.021 0.009 0.252 0.156 0.024 0.035 0.041 0.015 0.027 0.042 0.006 0.02 0.2
69 A 0.17 0.026 0.02 0.023 0.017 0.019 0.03 0.05 0.014 0.067 0.144 0.033 0.026 0.122 0.021 0.054 0.04 0.009 0.036 0.078
70 Y 0.04 0.028 0.021 0.018 0.009 0.021 0.028 0.025 0.046 0.043 0.067 0.031 0.018 0.129 0.015 0.031 0.028 0.028 0.328 0.046
71 I 0.047 0.018 0.015 0.017 0.016 0.013 0.018 0.02 0.009 0.278 0.164 0.023 0.036 0.043 0.015 0.025 0.04 0.006 0.02 0.178
72 L 0.056 0.023 0.015 0.016 0.017 0.016 0.021 0.023 0.009 0.138 0.257 0.025 0.04 0.045 0.015 0.028 0.041 0.006 0.021 0.187
73 L 0.113 0.024 0.02 0.022 0.017 0.018 0.026 0.038 0.012 0.148 0.191 0.031 0.033 0.052 0.019 0.054 0.042 0.006 0.022 0.111
74 F 0.033 0.019 0.017 0.017 0.01 0.01 0.019 0.025 0.017 0.062 0.113 0.019 0.025 0.396 0.01 0.025 0.025 0.017 0.087 0.054
75 C 0.059 0.023 0.094 0.033 0.371 0.017 0.024 0.04 0.014 0.039 0.056 0.028 0.015 0.019 0.017 0.047 0.039 0.004 0.013 0.049
76 V 0.114 0.022 0.018 0.02 0.017 0.017 0.025 0.037 0.011 0.143 0.126 0.028 0.028 0.099 0.018 0.042 0.042 0.008 0.032 0.153
77 F 0.071 0.022 0.018 0.019 0.014 0.015 0.023 0.031 0.014 0.083 0.174 0.025 0.03 0.218 0.015 0.039 0.034 0.011 0.054 0.089
78 F 0.033 0.019 0.017 0.017 0.01 0.01 0.019 0.025 0.017 0.062 0.113 0.019 0.025 0.396 0.01 0.025 0.025 0.017 0.087 0.054
79 S 0.156 0.037 0.046 0.043 0.018 0.031 0.049 0.068 0.018 0.033 0.046 0.051 0.016 0.021 0.029 0.195 0.073 0.005 0.017 0.048
80 L 0.068 0.027 0.03 0.028 0.015 0.021 0.029 0.156 0.013 0.069 0.21 0.034 0.031 0.036 0.019 0.082 0.044 0.006 0.018 0.064
81 S 0.095 0.036 0.046 0.044 0.015 0.03 0.048 0.058 0.017 0.028 0.04 0.05 0.014 0.019 0.147 0.184 0.07 0.004 0.016 0.039
82 A 0.126 0.028 0.024 0.025 0.069 0.023 0.031 0.061 0.013 0.084 0.107 0.035 0.059 0.031 0.021 0.069 0.048 0.006 0.019 0.121
83 F 0.045 0.021 0.016 0.016 0.014 0.014 0.02 0.024 0.014 0.101 0.193 0.023 0.033 0.198 0.013 0.027 0.033 0.011 0.061 0.122
84 F 0.04 0.02 0.016 0.017 0.012 0.012 0.02 0.025 0.015 0.084 0.135 0.02 0.028 0.307 0.012 0.026 0.03 0.014 0.071 0.097
85 F 0.033 0.019 0.017 0.017 0.01 0.01 0.019 0.025 0.017 0.062 0.113 0.019 0.025 0.396 0.01 0.025 0.025 0.017 0.087 0.054
86 P 0.046 0.113 0.114 0.137 0.009 0.033 0.056 0.045 0.021 0.023 0.035 0.064 0.011 0.016 0.141 0.052 0.038 0.004 0.014 0.028
87 W 0.03 0.022 0.015 0.015 0.007 0.015 0.022 0.03 0.015 0.03 0.052 0.022 0.015 0.06 0.007 0.022 0.022 0.5 0.067 0.03
88 R 0.061 0.153 0.046 0.128 0.009 0.04 0.062 0.093 0.02 0.024 0.039 0.128 0.013 0.016 0.023 0.057 0.037 0.005 0.015 0.03
89 R 0.116 0.131 0.032 0.031 0.014 0.037 0.048 0.045 0.017 0.059 0.065 0.129 0.019 0.021 0.024 0.056 0.05 0.005 0.018 0.082
90 A 0.245 0.029 0.029 0.03 0.019 0.024 0.036 0.187 0.014 0.037 0.051 0.041 0.015 0.02 0.027 0.075 0.044 0.005 0.016 0.057
91 L 0.04 0.105 0.021 0.02 0.012 0.022 0.027 0.025 0.016 0.071 0.193 0.046 0.031 0.179 0.014 0.029 0.03 0.01 0.047 0.063
92 E 0.087 0.044 0.035 0.048 0.013 0.083 0.118 0.041 0.02 0.091 0.074 0.059 0.021 0.024 0.023 0.076 0.046 0.006 0.019 0.073
93 R 0.124 0.183 0.038 0.034 0.014 0.037 0.048 0.051 0.019 0.033 0.06 0.08 0.017 0.02 0.024 0.1 0.05 0.006 0.017 0.045
94 N 0.042 0.044 0.327 0.082 0.009 0.033 0.049 0.064 0.031 0.022 0.031 0.053 0.011 0.018 0.02 0.069 0.049 0.004 0.015 0.027
95 A 0.178 0.054 0.033 0.047 0.015 0.042 0.114 0.058 0.019 0.034 0.049 0.113 0.016 0.019 0.028 0.069 0.043 0.005 0.017 0.05
96 N 0.05 0.058 0.225 0.067 0.01 0.037 0.053 0.057 0.027 0.027 0.047 0.111 0.014 0.019 0.022 0.075 0.048 0.005 0.016 0.032
97 K 0.056 0.106 0.041 0.041 0.008 0.053 0.07 0.043 0.02 0.027 0.043 0.289 0.015 0.015 0.027 0.053 0.039 0.005 0.017 0.032
98 L 0.052 0.106 0.022 0.022 0.014 0.024 0.031 0.027 0.013 0.089 0.176 0.051 0.03 0.046 0.085 0.034 0.037 0.006 0.021 0.114
99 S 0.091 0.036 0.074 0.061 0.014 0.03 0.057 0.056 0.019 0.027 0.039 0.05 0.013 0.018 0.146 0.149 0.062 0.004 0.016 0.037
100 A 0.239 0.029 0.025 0.03 0.018 0.024 0.039 0.067 0.014 0.038 0.053 0.043 0.015 0.019 0.147 0.074 0.046 0.005 0.016 0.058
101 A 0.124 0.039 0.113 0.062 0.013 0.032 0.057 0.076 0.107 0.029 0.042 0.048 0.014 0.022 0.024 0.082 0.045 0.006 0.026 0.039
102 Y 0.107 0.031 0.029 0.026 0.046 0.025 0.035 0.042 0.113 0.039 0.061 0.036 0.018 0.089 0.019 0.047 0.033 0.015 0.143 0.047
103 Y 0.105 0.028 0.022 0.021 0.012 0.022 0.031 0.038 0.038 0.043 0.065 0.034 0.018 0.102 0.019 0.044 0.033 0.022 0.25 0.051
104 F 0.033 0.019 0.017 0.017 0.01 0.01 0.019 0.025 0.017 0.062 0.113 0.019 0.025 0.396 0.01 0.025 0.025 0.017 0.087 0.054
105 D 0.051 0.111 0.081 0.184 0.008 0.032 0.06 0.162 0.02 0.021 0.033 0.061 0.011 0.016 0.02 0.051 0.035 0.005 0.013 0.026
106 R 0.066 0.178 0.04 0.036 0.011 0.042 0.053 0.042 0.02 0.041 0.053 0.135 0.017 0.019 0.023 0.092 0.049 0.005 0.017 0.06
107 P 0.066 0.111 0.034 0.035 0.011 0.03 0.044 0.042 0.017 0.026 0.04 0.063 0.013 0.016 0.263 0.09 0.047 0.004 0.015 0.033
108 L 0.047 0.036 0.021 0.023 0.014 0.069 0.04 0.026 0.015 0.092 0.3 0.041 0.042 0.044 0.016 0.032 0.035 0.007 0.022 0.08
109 L 0.043 0.022 0.016 0.017 0.014 0.016 0.021 0.023 0.013 0.138 0.211 0.025 0.066 0.148 0.014 0.027 0.034 0.01 0.041 0.102
110 V 0.07 0.025 0.023 0.022 0.019 0.019 0.027 0.029 0.009 0.135 0.112 0.03 0.028 0.032 0.019 0.047 0.101 0.006 0.02 0.227
111 L 0.064 0.023 0.016 0.017 0.016 0.016 0.021 0.043 0.01 0.145 0.284 0.026 0.041 0.06 0.015 0.029 0.035 0.007 0.023 0.109
112 A 0.236 0.028 0.028 0.03 0.019 0.023 0.036 0.185 0.014 0.041 0.053 0.041 0.016 0.02 0.026 0.074 0.044 0.005 0.016 0.064
113 L 0.039 0.021 0.015 0.016 0.013 0.013 0.019 0.023 0.013 0.088 0.249 0.022 0.037 0.225 0.012 0.024 0.029 0.012 0.055 0.074
114 Y 0.038 0.025 0.02 0.018 0.009 0.019 0.025 0.025 0.039 0.048 0.079 0.028 0.02 0.196 0.014 0.029 0.027 0.025 0.268 0.048
115 S 0.085 0.031 0.039 0.036 0.017 0.025 0.037 0.114 0.014 0.067 0.067 0.041 0.019 0.024 0.024 0.121 0.11 0.005 0.017 0.106
116 V 0.097 0.026 0.026 0.026 0.069 0.02 0.03 0.04 0.012 0.131 0.104 0.034 0.03 0.031 0.02 0.087 0.053 0.005 0.018 0.14
117 S 0.125 0.032 0.04 0.037 0.136 0.026 0.041 0.059 0.016 0.035 0.049 0.044 0.016 0.021 0.026 0.162 0.065 0.005 0.016 0.049
118 T 0.065 0.029 0.034 0.03 0.016 0.022 0.03 0.138 0.012 0.069 0.14 0.037 0.025 0.03 0.022 0.063 0.145 0.006 0.017 0.07
119 F 0.037 0.02 0.016 0.016 0.012 0.012 0.019 0.024 0.014 0.099 0.186 0.021 0.032 0.273 0.012 0.025 0.029 0.013 0.064 0.077
120 S 0.177 0.036 0.043 0.041 0.019 0.03 0.047 0.07 0.017 0.034 0.047 0.05 0.016 0.021 0.029 0.179 0.069 0.005 0.017 0.051
121 I 0.083 0.024 0.023 0.024 0.017 0.018 0.026 0.033 0.01 0.182 0.123 0.031 0.029 0.035 0.019 0.049 0.096 0.006 0.019 0.152
122 L 0.047 0.021 0.015 0.016 0.015 0.014 0.02 0.023 0.011 0.129 0.219 0.023 0.036 0.146 0.014 0.026 0.035 0.009 0.04 0.138
123 F 0.049 0.024 0.018 0.018 0.133 0.019 0.022 0.028 0.014 0.075 0.138 0.027 0.091 0.14 0.014 0.034 0.035 0.009 0.039 0.072
124 L 0.049 0.025 0.029 0.021 0.016 0.019 0.023 0.026 0.012 0.164 0.214 0.029 0.071 0.044 0.016 0.034 0.054 0.007 0.021 0.125
125 F 0.04 0.02 0.015 0.016 0.03 0.013 0.019 0.023 0.013 0.129 0.192 0.021 0.033 0.209 0.013 0.025 0.031 0.011 0.052 0.094
126 L 0.044 0.033 0.022 0.024 0.012 0.066 0.04 0.028 0.017 0.114 0.132 0.039 0.028 0.127 0.015 0.032 0.034 0.062 0.042 0.089
127 G 0.077 0.023 0.039 0.033 0.011 0.019 0.025 0.517 0.013 0.019 0.028 0.033 0.009 0.016 0.019 0.051 0.029 0.005 0.011 0.024
128 L 0.056 0.029 0.019 0.019 0.017 0.025 0.027 0.027 0.014 0.115 0.178 0.033 0.138 0.044 0.016 0.035 0.042 0.007 0.023 0.138
129 L 0.108 0.108 0.023 0.022 0.015 0.026 0.033 0.038 0.014 0.073 0.218 0.053 0.033 0.037 0.019 0.044 0.037 0.006 0.02 0.072
130 L 0.049 0.047 0.029 0.032 0.012 0.115 0.068 0.031 0.019 0.07 0.215 0.057 0.034 0.034 0.019 0.039 0.037 0.006 0.021 0.065
131 Q 0.055 0.072 0.043 0.046 0.009 0.226 0.101 0.041 0.029 0.026 0.046 0.09 0.02 0.014 0.023 0.055 0.041 0.006 0.02 0.035
132 G 0.077 0.023 0.039 0.033 0.011 0.019 0.025 0.517 0.013 0.019 0.028 0.033 0.009 0.016 0.019 0.051 0.029 0.005 0.011 0.024
133 F 0.041 0.018 0.016 0.017 0.013 0.012 0.018 0.023 0.013 0.168 0.138 0.021 0.03 0.219 0.013 0.025 0.032 0.011 0.054 0.118
134 S 0.095 0.042 0.05 0.058 0.015 0.04 0.115 0.058 0.021 0.027 0.04 0.059 0.015 0.02 0.028 0.187 0.07 0.005 0.017 0.039
135 I 0.043 0.018 0.015 0.017 0.015 0.013 0.018 0.022 0.011 0.209 0.176 0.022 0.035 0.133 0.013 0.025 0.035 0.009 0.037 0.136
136 A 0.132 0.036 0.043 0.085 0.016 0.034 0.086 0.056 0.017 0.037 0.049 0.051 0.016 0.02 0.027 0.115 0.106 0.005 0.017 0.052
137 D 0.046 0.042 0.042 0.156 0.011 0.09 0.07 0.036 0.019 0.054 0.153 0.053 0.026 0.028 0.02 0.044 0.036 0.005 0.018 0.051
138 L 0.046 0.027 0.016 0.017 0.016 0.02 0.023 0.023 0.012 0.109 0.321 0.028 0.09 0.052 0.015 0.028 0.035 0.007 0.023 0.094
139 L 0.046 0.022 0.014 0.016 0.016 0.015 0.019 0.021 0.009 0.172 0.299 0.024 0.044 0.05 0.014 0.025 0.036 0.007 0.021 0.13
140 G 0.079 0.031 0.078 0.146 0.012 0.026 0.052 0.168 0.017 0.031 0.04 0.043 0.013 0.018 0.023 0.072 0.093 0.005 0.014 0.039
141 N 0.059 0.042 0.24 0.097 0.011 0.033 0.052 0.063 0.027 0.024 0.033 0.053 0.012 0.018 0.022 0.108 0.056 0.005 0.016 0.03
142 P 0.054 0.023 0.021 0.027 0.012 0.019 0.031 0.032 0.012 0.09 0.068 0.036 0.017 0.02 0.379 0.039 0.037 0.003 0.015 0.066
143 I 0.048 0.02 0.015 0.017 0.016 0.014 0.019 0.021 0.009 0.227 0.216 0.024 0.039 0.045 0.015 0.025 0.039 0.006 0.021 0.166
144 G 0.108 0.037 0.043 0.053 0.014 0.036 0.108 0.172 0.019 0.026 0.039 0.053 0.013 0.018 0.026 0.126 0.053 0.005 0.015 0.037
145 I 0.053 0.023 0.022 0.022 0.015 0.016 0.024 0.028 0.012 0.153 0.122 0.028 0.029 0.125 0.017 0.043 0.092 0.008 0.036 0.133
146 G 0.189 0.027 0.032 0.031 0.016 0.022 0.033 0.297 0.014 0.031 0.043 0.039 0.013 0.019 0.024 0.067 0.039 0.005 0.014 0.046
147 G 0.085 0.023 0.038 0.033 0.011 0.019 0.026 0.502 0.013 0.019 0.029 0.034 0.01 0.016 0.019 0.052 0.03 0.005 0.011 0.026
148 R 0.052 0.114 0.108 0.056 0.012 0.031 0.042 0.041 0.019 0.077 0.069 0.061 0.019 0.024 0.021 0.059 0.095 0.005 0.017 0.077
149 Y 0.04 0.028 0.021 0.018 0.009 0.021 0.028 0.025 0.046 0.043 0.067 0.031 0.018 0.129 0.015 0.031 0.028 0.028 0.328 0.046
150 A 0.301 0.031 0.025 0.029 0.021 0.025 0.04 0.077 0.015 0.043 0.059 0.044 0.017 0.021 0.029 0.084 0.049 0.005 0.017 0.068
151 G 0.141 0.029 0.039 0.036 0.015 0.024 0.035 0.294 0.015 0.027 0.039 0.041 0.013 0.018 0.024 0.104 0.047 0.005 0.014 0.039
152 K 0.114 0.066 0.03 0.032 0.014 0.037 0.05 0.046 0.016 0.053 0.132 0.162 0.024 0.026 0.024 0.053 0.04 0.006 0.018 0.057
153 R 0.044 0.355 0.038 0.031 0.008 0.048 0.052 0.032 0.023 0.023 0.046 0.118 0.015 0.017 0.019 0.044 0.034 0.006 0.017 0.031
154 Y 0.04 0.028 0.021 0.018 0.009 0.021 0.028 0.025 0.046 0.043 0.067 0.031 0.018 0.129 0.015 0.031 0.028 0.028 0.328 0.046
155 A 0.218 0.034 0.037 0.037 0.02 0.028 0.045 0.072 0.016 0.037 0.051 0.048 0.016 0.021 0.029 0.147 0.063 0.005 0.017 0.056
156 G 0.076 0.032 0.114 0.049 0.012 0.026 0.038 0.291 0.019 0.022 0.032 0.043 0.011 0.018 0.022 0.1 0.047 0.005 0.013 0.029
157 E 0.116 0.044 0.036 0.074 0.011 0.054 0.24 0.045 0.023 0.027 0.042 0.067 0.014 0.018 0.026 0.062 0.039 0.005 0.017 0.04
158 L 0.045 0.021 0.014 0.016 0.016 0.015 0.019 0.021 0.009 0.198 0.275 0.024 0.043 0.049 0.014 0.024 0.036 0.006 0.021 0.134
159 V 0.078 0.029 0.032 0.03 0.018 0.023 0.034 0.039 0.012 0.11 0.093 0.037 0.025 0.029 0.022 0.096 0.108 0.005 0.019 0.16
160 L 0.075 0.037 0.038 0.049 0.014 0.035 0.106 0.044 0.018 0.048 0.125 0.051 0.023 0.027 0.058 0.122 0.054 0.005 0.018 0.051
161 N 0.072 0.042 0.2 0.066 0.013 0.033 0.05 0.064 0.025 0.026 0.037 0.053 0.013 0.019 0.024 0.139 0.07 0.005 0.016 0.034
162 V 0.054 0.02 0.016 0.017 0.016 0.014 0.02 0.023 0.01 0.171 0.135 0.023 0.031 0.128 0.014 0.028 0.04 0.008 0.037 0.193
163 F 0.037 0.024 0.019 0.018 0.01 0.017 0.024 0.025 0.033 0.053 0.097 0.026 0.022 0.231 0.013 0.028 0.027 0.023 0.223 0.051
164 S 0.122 0.039 0.051 0.047 0.018 0.032 0.051 0.066 0.019 0.03 0.043 0.053 0.016 0.021 0.029 0.221 0.079 0.005 0.017 0.043
165 R 0.053 0.151 0.042 0.041 0.008 0.138 0.081 0.039 0.025 0.026 0.045 0.147 0.018 0.015 0.023 0.052 0.039 0.006 0.019 0.033
166 L 0.111 0.024 0.017 0.019 0.018 0.017 0.024 0.035 0.011 0.147 0.222 0.029 0.036 0.041 0.018 0.04 0.04 0.006 0.02 0.124
167 G 0.085 0.027 0.042 0.037 0.012 0.022 0.032 0.404 0.015 0.021 0.031 0.038 0.011 0.017 0.021 0.096 0.042 0.005 0.012 0.028
168 L 0.044 0.022 0.014 0.016 0.016 0.015 0.019 0.021 0.01 0.156 0.33 0.025 0.046 0.051 0.014 0.024 0.034 0.007 0.022 0.115
169 L 0.049 0.048 0.029 0.031 0.012 0.121 0.061 0.031 0.019 0.07 0.216 0.057 0.035 0.034 0.019 0.04 0.037 0.006 0.021 0.065
170 L 0.053 0.02 0.021 0.02 0.115 0.014 0.02 0.149 0.012 0.06 0.149 0.024 0.025 0.135 0.015 0.034 0.03 0.009 0.036 0.057
171 S 0.09 0.04 0.12 0.055 0.032 0.032 0.05 0.064 0.022 0.028 0.04 0.052 0.014 0.02 0.026 0.184 0.071 0.005 0.017 0.038
172 Y 0.038 0.025 0.02 0.018 0.009 0.019 0.025 0.025 0.039 0.048 0.079 0.028 0.02 0.196 0.014 0.029 0.027 0.025 0.268 0.048
173 L 0.049 0.021 0.016 0.017 0.15 0.015 0.02 0.025 0.017 0.121 0.17 0.024 0.03 0.058 0.015 0.03 0.034 0.01 0.084 0.093
174 T 0.088 0.033 0.038 0.035 0.018 0.026 0.038 0.045 0.014 0.074 0.074 0.042 0.021 0.026 0.025 0.111 0.154 0.006 0.018 0.115
175 I 0.107 0.021 0.017 0.02 0.018 0.017 0.024 0.034 0.01 0.196 0.132 0.028 0.031 0.036 0.018 0.04 0.044 0.006 0.02 0.181
176 V 0.063 0.021 0.016 0.018 0.018 0.015 0.022 0.023 0.008 0.192 0.138 0.025 0.032 0.037 0.016 0.03 0.046 0.006 0.02 0.253
177 L 0.043 0.025 0.016 0.017 0.015 0.018 0.022 0.024 0.013 0.099 0.279 0.026 0.075 0.126 0.014 0.027 0.033 0.009 0.036 0.085
178 G 0.077 0.023 0.039 0.033 0.011 0.019 0.025 0.517 0.013 0.019 0.028 0.033 0.009 0.016 0.019 0.051 0.029 0.005 0.011 0.024
179 G 0.077 0.023 0.039 0.033 0.011 0.019 0.025 0.517 0.013 0.019 0.028 0.033 0.009 0.016 0.019 0.051 0.029 0.005 0.011 0.024
180 L 0.041 0.023 0.015 0.015 0.015 0.015 0.02 0.022 0.012 0.101 0.317 0.023 0.043 0.139 0.013 0.024 0.031 0.009 0.038 0.085
181 L 0.116 0.024 0.018 0.02 0.018 0.018 0.026 0.036 0.01 0.136 0.189 0.03 0.033 0.038 0.019 0.042 0.043 0.006 0.02 0.159
182 Y 0.037 0.026 0.02 0.018 0.009 0.02 0.026 0.026 0.038 0.04 0.064 0.029 0.018 0.112 0.013 0.029 0.026 0.146 0.263 0.042
183 G 0.077 0.023 0.039 0.033 0.011 0.019 0.025 0.517 0.013 0.019 0.028 0.033 0.009 0.016 0.019 0.051 0.029 0.005 0.011 0.024
184 G 0.176 0.032 0.039 0.037 0.017 0.026 0.04 0.183 0.016 0.032 0.045 0.045 0.015 0.02 0.027 0.128 0.055 0.005 0.016 0.047
185 R 0.061 0.192 0.036 0.032 0.012 0.035 0.043 0.038 0.018 0.089 0.075 0.078 0.021 0.025 0.02 0.086 0.047 0.006 0.018 0.069
186 R 0.056 0.193 0.047 0.127 0.01 0.038 0.058 0.075 0.02 0.028 0.042 0.081 0.014 0.018 0.021 0.073 0.041 0.005 0.015 0.039
187 G 0.087 0.043 0.046 0.133 0.012 0.03 0.078 0.165 0.016 0.031 0.042 0.047 0.013 0.018 0.024 0.065 0.091 0.005 0.014 0.041
188 N 0.096 0.051 0.181 0.06 0.013 0.032 0.054 0.059 0.023 0.033 0.045 0.052 0.014 0.02 0.024 0.076 0.1 0.005 0.016 0.045
189 R 0.051 0.232 0.039 0.035 0.008 0.048 0.058 0.06 0.021 0.025 0.044 0.187 0.015 0.016 0.023 0.048 0.036 0.005 0.017 0.031
190 G 0.056 0.134 0.031 0.027 0.012 0.028 0.033 0.169 0.016 0.052 0.153 0.06 0.025 0.029 0.018 0.048 0.035 0.006 0.017 0.051
191 R 0.045 0.25 0.111 0.044 0.008 0.045 0.053 0.041 0.025 0.023 0.042 0.12 0.014 0.017 0.02 0.051 0.038 0.005 0.017 0.03
192 G 0.064 0.127 0.035 0.031 0.01 0.034 0.043 0.157 0.018 0.041 0.065 0.117 0.017 0.06 0.02 0.047 0.042 0.007 0.023 0.042
193 K 0.07 0.082 0.04 0.039 0.009 0.043 0.058 0.162 0.018 0.026 0.039 0.216 0.014 0.016 0.025 0.053 0.037 0.005 0.015 0.031
194 L 0.051 0.021 0.015 0.016 0.017 0.015 0.02 0.022 0.009 0.174 0.258 0.025 0.041 0.046 0.015 0.026 0.039 0.006 0.021 0.164
195 L 0.045 0.021 0.014 0.016 0.016 0.015 0.019 0.021 0.009 0.198 0.275 0.024 0.043 0.049 0.014 0.024 0.036 0.006 0.021 0.134
196 V 0.056 0.019 0.016 0.017 0.135 0.014 0.019 0.025 0.009 0.148 0.138 0.023 0.029 0.073 0.015 0.031 0.039 0.006 0.026 0.16
197 L 0.106 0.023 0.018 0.02 0.016 0.016 0.024 0.036 0.012 0.125 0.18 0.028 0.032 0.129 0.017 0.039 0.037 0.009 0.037 0.098
198 A 0.173 0.036 0.042 0.04 0.019 0.029 0.046 0.067 0.017 0.037 0.05 0.049 0.017 0.021 0.029 0.164 0.088 0.005 0.017 0.054
199 F 0.033 0.019 0.017 0.017 0.01 0.01 0.019 0.025 0.017 0.062 0.113 0.019 0.025 0.396 0.01 0.025 0.025 0.017 0.087 0.054
200 L 0.109 0.026 0.017 0.019 0.017 0.018 0.025 0.035 0.011 0.098 0.294 0.03 0.04 0.045 0.018 0.039 0.038 0.007 0.021 0.095
201 P 0.056 0.025 0.023 0.031 0.01 0.02 0.036 0.036 0.013 0.025 0.036 0.041 0.01 0.013 0.501 0.043 0.036 0.003 0.013 0.031
202 A 0.147 0.033 0.037 0.036 0.019 0.027 0.042 0.058 0.015 0.066 0.067 0.044 0.02 0.024 0.026 0.145 0.065 0.005 0.018 0.108
203 L 0.06 0.028 0.024 0.023 0.016 0.02 0.028 0.032 0.012 0.093 0.299 0.032 0.041 0.046 0.018 0.076 0.045 0.007 0.021 0.081
204 L 0.044 0.024 0.014 0.015 0.016 0.016 0.02 0.021 0.01 0.114 0.385 0.025 0.049 0.054 0.014 0.024 0.033 0.007 0.022 0.095
205 V 0.121 0.024 0.018 0.02 0.019 0.018 0.026 0.037 0.01 0.12 0.175 0.03 0.032 0.036 0.019 0.043 0.045 0.006 0.02 0.18
206 L 0.056 0.029 0.019 0.019 0.017 0.025 0.027 0.027 0.014 0.115 0.178 0.033 0.138 0.044 0.016 0.035 0.042 0.007 0.023 0.138
207 F 0.042 0.022 0.017 0.017 0.014 0.016 0.021 0.024 0.014 0.132 0.175 0.025 0.067 0.184 0.013 0.027 0.033 0.011 0.048 0.098
208 L 0.051 0.027 0.021 0.02 0.016 0.019 0.025 0.026 0.011 0.098 0.305 0.03 0.042 0.046 0.017 0.041 0.089 0.007 0.021 0.089
209 Q 0.055 0.072 0.043 0.046 0.009 0.226 0.101 0.041 0.029 0.026 0.046 0.09 0.02 0.014 0.023 0.055 0.041 0.006 0.02 0.035
210 S 0.108 0.04 0.053 0.048 0.017 0.033 0.052 0.065 0.019 0.029 0.041 0.053 0.015 0.021 0.029 0.231 0.081 0.005 0.017 0.041
211 A 0.301 0.031 0.025 0.029 0.021 0.025 0.04 0.077 0.015 0.043 0.059 0.044 0.017 0.021 0.029 0.084 0.049 0.005 0.017 0.068
212 K 0.056 0.106 0.041 0.041 0.008 0.053 0.07 0.043 0.02 0.027 0.043 0.289 0.015 0.015 0.027 0.053 0.039 0.005 0.017 0.032
213 G 0.077 0.023 0.039 0.033 0.011 0.019 0.025 0.517 0.013 0.019 0.028 0.033 0.009 0.016 0.019 0.051 0.029 0.005 0.011 0.024
214 L 0.047 0.024 0.016 0.019 0.015 0.017 0.024 0.025 0.011 0.092 0.297 0.029 0.039 0.044 0.136 0.029 0.034 0.006 0.02 0.079
215 F 0.034 0.019 0.017 0.017 0.011 0.011 0.019 0.025 0.016 0.064 0.122 0.019 0.026 0.384 0.011 0.025 0.025 0.016 0.085 0.056
216 F 0.036 0.02 0.016 0.016 0.012 0.012 0.019 0.024 0.015 0.075 0.181 0.02 0.031 0.31 0.011 0.025 0.027 0.014 0.071 0.064
217 L 0.039 0.021 0.015 0.016 0.013 0.013 0.019 0.023 0.013 0.088 0.249 0.022 0.037 0.225 0.012 0.024 0.029 0.012 0.055 0.074
218 S 0.156 0.037 0.046 0.043 0.018 0.031 0.049 0.068 0.018 0.033 0.046 0.051 0.016 0.021 0.029 0.195 0.073 0.005 0.017 0.048
219 V 0.064 0.021 0.016 0.018 0.018 0.016 0.022 0.023 0.008 0.188 0.136 0.025 0.032 0.037 0.016 0.031 0.047 0.006 0.02 0.257
220 F 0.1 0.022 0.019 0.02 0.013 0.014 0.024 0.038 0.016 0.057 0.099 0.025 0.023 0.302 0.015 0.04 0.031 0.014 0.07 0.058
221 L 0.044 0.024 0.014 0.015 0.016 0.016 0.02 0.021 0.01 0.114 0.385 0.025 0.049 0.054 0.014 0.024 0.033 0.007 0.022 0.095
222 F 0.033 0.019 0.017 0.017 0.01 0.01 0.019 0.025 0.017 0.062 0.113 0.019 0.025 0.396 0.01 0.025 0.025 0.017 0.087 0.054
223 L 0.044 0.022 0.014 0.016 0.015 0.015 0.019 0.021 0.01 0.152 0.292 0.024 0.043 0.087 0.014 0.025 0.034 0.008 0.029 0.117
224 G 0.133 0.025 0.035 0.032 0.013 0.02 0.029 0.407 0.014 0.025 0.036 0.036 0.011 0.017 0.021 0.059 0.034 0.005 0.012 0.035
225 G 0.134 0.025 0.036 0.033 0.014 0.021 0.03 0.391 0.014 0.025 0.036 0.037 0.011 0.017 0.022 0.065 0.036 0.005 0.013 0.036
226 V 0.118 0.024 0.018 0.021 0.018 0.019 0.026 0.037 0.011 0.158 0.138 0.031 0.045 0.036 0.019 0.043 0.045 0.006 0.02 0.17
227 L 0.044 0.024 0.014 0.015 0.016 0.016 0.02 0.021 0.01 0.114 0.385 0.025 0.049 0.054 0.014 0.024 0.033 0.007 0.022 0.095
228 V 0.063 0.021 0.016 0.018 0.018 0.015 0.022 0.023 0.008 0.192 0.138 0.025 0.032 0.037 0.016 0.03 0.046 0.006 0.02 0.253
229 T 0.083 0.031 0.037 0.033 0.136 0.024 0.035 0.045 0.013 0.047 0.061 0.04 0.018 0.022 0.025 0.098 0.17 0.005 0.016 0.062
230 R 0.047 0.292 0.039 0.033 0.008 0.049 0.056 0.035 0.022 0.024 0.045 0.161 0.015 0.017 0.021 0.046 0.036 0.006 0.017 0.031
231 I 0.054 0.019 0.015 0.017 0.017 0.014 0.019 0.022 0.009 0.237 0.161 0.024 0.035 0.041 0.015 0.027 0.042 0.006 0.02 0.205
232 Y 0.04 0.028 0.021 0.018 0.009 0.021 0.028 0.025 0.046 0.043 0.067 0.031 0.018 0.129 0.015 0.031 0.028 0.028 0.328 0.046
233 D 0.045 0.119 0.118 0.152 0.008 0.043 0.124 0.044 0.024 0.022 0.035 0.073 0.012 0.016 0.022 0.055 0.039 0.005 0.015 0.028
234 K 0.061 0.085 0.04 0.039 0.009 0.044 0.059 0.161 0.019 0.025 0.039 0.225 0.014 0.015 0.025 0.052 0.037 0.005 0.015 0.03
235 K 0.052 0.076 0.112 0.063 0.008 0.051 0.124 0.046 0.024 0.025 0.038 0.176 0.014 0.016 0.025 0.057 0.041 0.005 0.016 0.031
236 F 0.037 0.023 0.019 0.018 0.01 0.016 0.023 0.025 0.031 0.053 0.09 0.025 0.022 0.262 0.013 0.028 0.026 0.022 0.208 0.05
237 S 0.082 0.035 0.043 0.038 0.015 0.029 0.042 0.049 0.024 0.038 0.054 0.046 0.017 0.048 0.025 0.146 0.112 0.011 0.095 0.05
238 L 0.044 0.024 0.014 0.015 0.016 0.016 0.02 0.021 0.01 0.114 0.385 0.025 0.049 0.054 0.014 0.024 0.033 0.007 0.022 0.095
239 F 0.042 0.019 0.016 0.017 0.014 0.013 0.019 0.023 0.013 0.141 0.152 0.022 0.036 0.22 0.013 0.026 0.033 0.011 0.054 0.117
240 N 0.045 0.037 0.213 0.181 0.009 0.03 0.059 0.107 0.025 0.022 0.03 0.048 0.01 0.017 0.02 0.061 0.042 0.004 0.014 0.025
241 G 0.059 0.106 0.033 0.029 0.01 0.025 0.031 0.273 0.02 0.029 0.049 0.052 0.014 0.083 0.017 0.043 0.03 0.009 0.057 0.032
242 A 0.189 0.063 0.033 0.035 0.016 0.037 0.053 0.062 0.017 0.035 0.051 0.149 0.016 0.019 0.028 0.076 0.046 0.005 0.017 0.052
243 E 0.075 0.038 0.047 0.092 0.013 0.037 0.114 0.098 0.019 0.031 0.043 0.053 0.014 0.019 0.026 0.113 0.103 0.005 0.016 0.042
244 I 0.108 0.021 0.018 0.02 0.016 0.016 0.023 0.035 0.012 0.177 0.137 0.028 0.03 0.101 0.017 0.039 0.039 0.008 0.032 0.123
245 R 0.047 0.292 0.039 0.033 0.008 0.049 0.056 0.035 0.022 0.024 0.045 0.161 0.015 0.017 0.021 0.046 0.036 0.006 0.017 0.031
246 I 0.062 0.047 0.033 0.032 0.014 0.029 0.04 0.055 0.015 0.101 0.086 0.098 0.022 0.066 0.022 0.071 0.096 0.007 0.025 0.08
247 L 0.06 0.028 0.024 0.023 0.016 0.02 0.028 0.032 0.012 0.093 0.299 0.032 0.041 0.046 0.018 0.076 0.045 0.007 0.021 0.081
248 A 0.179 0.026 0.021 0.024 0.036 0.021 0.031 0.051 0.012 0.082 0.115 0.035 0.025 0.055 0.022 0.059 0.053 0.006 0.023 0.122
249 L 0.058 0.059 0.035 0.035 0.013 0.081 0.058 0.037 0.018 0.057 0.125 0.112 0.025 0.026 0.023 0.056 0.093 0.006 0.019 0.065
250 Y 0.103 0.027 0.021 0.02 0.029 0.02 0.029 0.039 0.029 0.04 0.061 0.032 0.017 0.081 0.017 0.042 0.032 0.139 0.174 0.048
251 G 0.069 0.021 0.033 0.029 0.012 0.017 0.023 0.393 0.012 0.084 0.062 0.031 0.016 0.023 0.018 0.044 0.032 0.005 0.013 0.061
252 L 0.052 0.022 0.015 0.016 0.017 0.015 0.02 0.022 0.009 0.17 0.257 0.025 0.041 0.046 0.015 0.027 0.039 0.006 0.021 0.167
253 L 0.112 0.024 0.018 0.02 0.017 0.017 0.025 0.037 0.012 0.095 0.171 0.028 0.031 0.127 0.017 0.041 0.039 0.009 0.037 0.124
254 V 0.131 0.022 0.019 0.021 0.137 0.017 0.025 0.041 0.01 0.111 0.096 0.029 0.024 0.028 0.02 0.048 0.045 0.005 0.017 0.152
255 L 0.04 0.022 0.015 0.016 0.014 0.014 0.019 0.022 0.012 0.095 0.288 0.023 0.04 0.176 0.013 0.024 0.03 0.01 0.045 0.08
256 P 0.059 0.024 0.021 0.027 0.012 0.019 0.032 0.033 0.012 0.06 0.059 0.037 0.015 0.018 0.38 0.041 0.039 0.003 0.015 0.093
257 L 0.052 0.02 0.015 0.017 0.017 0.015 0.02 0.022 0.009 0.2 0.217 0.024 0.038 0.044 0.015 0.027 0.04 0.006 0.021 0.182
258 L 0.06 0.022 0.015 0.017 0.018 0.016 0.022 0.023 0.009 0.145 0.22 0.025 0.037 0.042 0.015 0.029 0.043 0.006 0.021 0.214
259 I 0.048 0.021 0.016 0.018 0.016 0.017 0.02 0.022 0.011 0.23 0.18 0.026 0.071 0.045 0.015 0.027 0.039 0.006 0.021 0.15
260 A 0.138 0.026 0.02 0.022 0.017 0.021 0.028 0.043 0.013 0.123 0.127 0.033 0.062 0.074 0.02 0.049 0.042 0.007 0.027 0.106
261 S 0.099 0.038 0.051 0.045 0.017 0.031 0.048 0.06 0.018 0.035 0.047 0.051 0.016 0.021 0.029 0.196 0.125 0.005 0.017 0.048
262 F 0.033 0.019 0.017 0.017 0.01 0.01 0.019 0.025 0.017 0.062 0.113 0.019 0.025 0.396 0.01 0.025 0.025 0.017 0.087 0.054
263 L 0.045 0.022 0.014 0.016 0.016 0.015 0.019 0.021 0.01 0.157 0.321 0.025 0.045 0.051 0.014 0.024 0.035 0.007 0.021 0.121
264 S 0.156 0.037 0.046 0.043 0.018 0.031 0.049 0.068 0.018 0.033 0.046 0.051 0.016 0.021 0.029 0.195 0.073 0.005 0.017 0.048
265 R 0.044 0.355 0.038 0.031 0.008 0.048 0.052 0.032 0.023 0.023 0.046 0.118 0.015 0.017 0.019 0.044 0.034 0.006 0.017 0.031
266 G 0.077 0.023 0.039 0.033 0.011 0.019 0.025 0.517 0.013 0.019 0.028 0.033 0.009 0.016 0.019 0.051 0.029 0.005 0.011 0.024
267 I 0.054 0.022 0.016 0.018 0.017 0.018 0.022 0.023 0.01 0.202 0.162 0.027 0.069 0.042 0.015 0.03 0.042 0.006 0.021 0.184
268 Y 0.057 0.031 0.041 0.123 0.011 0.026 0.049 0.04 0.032 0.034 0.051 0.04 0.015 0.073 0.021 0.086 0.043 0.016 0.171 0.039
269 Q 0.065 0.056 0.113 0.052 0.011 0.115 0.069 0.048 0.025 0.032 0.047 0.075 0.017 0.018 0.024 0.068 0.097 0.005 0.018 0.043
270 L 0.112 0.038 0.024 0.026 0.016 0.071 0.045 0.04 0.016 0.076 0.209 0.046 0.033 0.035 0.02 0.047 0.039 0.006 0.02 0.08
271 G 0.07 0.033 0.12 0.116 0.011 0.028 0.049 0.207 0.02 0.023 0.032 0.045 0.011 0.017 0.022 0.1 0.048 0.005 0.014 0.029
272 D 0.063 0.033 0.063 0.287 0.011 0.031 0.077 0.052 0.019 0.024 0.032 0.047 0.011 0.017 0.024 0.111 0.05 0.004 0.013 0.03
273 P 0.085 0.034 0.041 0.04 0.015 0.028 0.044 0.051 0.016 0.037 0.047 0.047 0.015 0.019 0.163 0.146 0.098 0.005 0.016 0.052
274 G 0.109 0.031 0.03 0.042 0.014 0.031 0.098 0.16 0.015 0.066 0.065 0.044 0.018 0.023 0.022 0.054 0.048 0.005 0.016 0.108
275 L 0.063 0.035 0.031 0.044 0.014 0.034 0.11 0.036 0.017 0.066 0.199 0.046 0.03 0.035 0.021 0.085 0.046 0.006 0.019 0.063
276 I 0.048 0.019 0.015 0.018 0.016 0.015 0.019 0.021 0.009 0.258 0.167 0.025 0.051 0.044 0.015 0.026 0.04 0.006 0.021 0.169
277 I 0.043 0.018 0.015 0.017 0.015 0.013 0.018 0.022 0.011 0.209 0.176 0.022 0.035 0.133 0.013 0.025 0.035 0.009 0.037 0.136
278 D 0.06 0.039 0.115 0.142 0.011 0.033 0.061 0.053 0.108 0.024 0.035 0.049 0.013 0.021 0.023 0.104 0.049 0.005 0.025 0.029
279 R 0.063 0.214 0.043 0.038 0.01 0.045 0.056 0.043 0.021 0.026 0.044 0.145 0.015 0.018 0.024 0.093 0.047 0.005 0.017 0.034
280 L 0.044 0.022 0.014 0.016 0.016 0.015 0.019 0.021 0.01 0.156 0.33 0.025 0.046 0.051 0.014 0.024 0.034 0.007 0.022 0.115
281 R 0.043 0.201 0.034 0.031 0.008 0.084 0.057 0.034 0.022 0.025 0.048 0.087 0.016 0.027 0.017 0.041 0.033 0.129 0.03 0.031
282 Y 0.041 0.027 0.031 0.114 0.01 0.022 0.041 0.029 0.029 0.056 0.138 0.032 0.024 0.091 0.017 0.034 0.031 0.016 0.164 0.053
283 Y 0.04 0.028 0.021 0.018 0.009 0.021 0.028 0.025 0.046 0.043 0.067 0.031 0.018 0.129 0.015 0.031 0.028 0.028 0.328 0.046
284 L 0.041 0.023 0.015 0.015 0.015 0.015 0.02 0.022 0.012 0.101 0.317 0.023 0.043 0.139 0.013 0.024 0.031 0.009 0.038 0.085
285 L 0.058 0.024 0.022 0.022 0.017 0.018 0.025 0.027 0.01 0.153 0.186 0.03 0.034 0.039 0.018 0.043 0.095 0.006 0.02 0.155
286 S 0.099 0.038 0.051 0.045 0.017 0.031 0.048 0.077 0.018 0.034 0.046 0.051 0.016 0.021 0.028 0.195 0.117 0.005 0.017 0.047
287 Y 0.04 0.028 0.021 0.018 0.009 0.021 0.028 0.025 0.046 0.043 0.067 0.031 0.018 0.129 0.015 0.031 0.028 0.028 0.328 0.046
288 S 0.108 0.04 0.053 0.048 0.017 0.033 0.052 0.065 0.019 0.029 0.041 0.053 0.015 0.021 0.029 0.231 0.081 0.005 0.017 0.041
289 S 0.108 0.04 0.053 0.048 0.017 0.033 0.052 0.065 0.019 0.029 0.041 0.053 0.015 0.021 0.029 0.231 0.081 0.005 0.017 0.041
290 G 0.073 0.022 0.027 0.025 0.015 0.017 0.024 0.271 0.011 0.09 0.078 0.029 0.02 0.026 0.017 0.041 0.039 0.005 0.015 0.152
291 H 0.041 0.045 0.053 0.038 0.007 0.038 0.053 0.038 0.365 0.023 0.038 0.045 0.015 0.03 0.019 0.041 0.026 0.007 0.056 0.023
292 L 0.044 0.024 0.014 0.015 0.016 0.016 0.02 0.021 0.01 0.114 0.385 0.025 0.049 0.054 0.014 0.024 0.033 0.007 0.022 0.095
293 P 0.048 0.027 0.022 0.024 0.01 0.021 0.032 0.03 0.029 0.034 0.052 0.036 0.014 0.071 0.258 0.037 0.032 0.015 0.17 0.038
294 A 0.301 0.031 0.025 0.029 0.021 0.025 0.04 0.077 0.015 0.043 0.059 0.044 0.017 0.021 0.029 0.084 0.049 0.005 0.017 0.068
295 F 0.033 0.019 0.017 0.017 0.01 0.01 0.019 0.025 0.017 0.062 0.113 0.019 0.025 0.396 0.01 0.025 0.025 0.017 0.087 0.054
296 S 0.156 0.037 0.046 0.043 0.018 0.031 0.049 0.068 0.018 0.033 0.046 0.051 0.016 0.021 0.029 0.195 0.073 0.005 0.017 0.048
297 D 0.04 0.029 0.068 0.406 0.007 0.029 0.09 0.046 0.018 0.022 0.028 0.044 0.009 0.015 0.022 0.051 0.035 0.004 0.011 0.024
298 W 0.03 0.022 0.015 0.015 0.007 0.015 0.022 0.03 0.015 0.03 0.052 0.022 0.015 0.06 0.007 0.022 0.022 0.5 0.067 0.03
299 F 0.033 0.019 0.017 0.017 0.01 0.01 0.019 0.025 0.017 0.062 0.113 0.019 0.025 0.396 0.01 0.025 0.025 0.017 0.087 0.054
300 S 0.108 0.04 0.053 0.048 0.017 0.033 0.052 0.065 0.019 0.029 0.041 0.053 0.015 0.021 0.029 0.231 0.081 0.005 0.017 0.041
301 D 0.044 0.034 0.049 0.23 0.008 0.036 0.129 0.038 0.027 0.027 0.04 0.048 0.012 0.044 0.021 0.047 0.033 0.01 0.092 0.031
302 R 0.044 0.355 0.038 0.031 0.008 0.048 0.052 0.032 0.023 0.023 0.046 0.118 0.015 0.017 0.019 0.044 0.034 0.006 0.017 0.031
303 Y 0.04 0.028 0.021 0.018 0.009 0.021 0.028 0.025 0.046 0.043 0.067 0.031 0.018 0.129 0.015 0.031 0.028 0.028 0.328 0.046
304 F 0.044 0.024 0.023 0.021 0.013 0.015 0.024 0.029 0.015 0.067 0.139 0.026 0.027 0.254 0.015 0.041 0.084 0.013 0.061 0.064
305 G 0.06 0.027 0.054 0.22 0.009 0.025 0.059 0.265 0.016 0.021 0.028 0.039 0.009 0.015 0.021 0.057 0.034 0.004 0.011 0.025
306 Y 0.047 0.038 0.031 0.054 0.008 0.043 0.167 0.03 0.036 0.032 0.052 0.053 0.016 0.073 0.02 0.043 0.032 0.017 0.172 0.038
307 S 0.108 0.04 0.053 0.048 0.017 0.033 0.052 0.065 0.019 0.029 0.041 0.053 0.015 0.021 0.029 0.231 0.081 0.005 0.017 0.041
308 L 0.06 0.028 0.024 0.023 0.016 0.02 0.028 0.032 0.012 0.093 0.299 0.032 0.041 0.046 0.018 0.076 0.045 0.007 0.021 0.081
309 L 0.054 0.027 0.017 0.018 0.017 0.022 0.025 0.025 0.012 0.118 0.225 0.03 0.107 0.046 0.015 0.032 0.04 0.007 0.022 0.139
310 G 0.072 0.034 0.073 0.135 0.011 0.029 0.055 0.17 0.055 0.024 0.033 0.045 0.012 0.019 0.023 0.109 0.048 0.005 0.018 0.03
311 Y 0.04 0.028 0.021 0.018 0.009 0.021 0.028 0.025 0.046 0.043 0.067 0.031 0.018 0.129 0.015 0.031 0.028 0.028 0.328 0.046
312 R 0.078 0.161 0.046 0.041 0.013 0.041 0.054 0.05 0.021 0.027 0.043 0.11 0.015 0.019 0.025 0.139 0.058 0.005 0.017 0.036
313 D 0.048 0.131 0.049 0.132 0.008 0.126 0.084 0.04 0.037 0.024 0.041 0.084 0.016 0.016 0.022 0.051 0.037 0.005 0.018 0.031
314 D 0.053 0.035 0.044 0.184 0.01 0.04 0.158 0.036 0.019 0.057 0.056 0.051 0.016 0.02 0.022 0.048 0.039 0.005 0.015 0.091
315 D 0.067 0.032 0.046 0.13 0.013 0.027 0.061 0.047 0.018 0.038 0.058 0.042 0.017 0.113 0.022 0.113 0.073 0.008 0.033 0.043
316 L 0.115 0.027 0.021 0.022 0.017 0.02 0.028 0.04 0.012 0.085 0.257 0.032 0.037 0.054 0.019 0.061 0.042 0.007 0.023 0.081
317 T 0.077 0.034 0.04 0.038 0.016 0.027 0.041 0.047 0.015 0.04 0.051 0.046 0.016 0.02 0.146 0.114 0.158 0.005 0.016 0.053
318 L 0.058 0.028 0.021 0.022 0.013 0.023 0.029 0.03 0.022 0.066 0.138 0.035 0.075 0.059 0.137 0.037 0.035 0.011 0.097 0.064
319 G 0.077 0.023 0.039 0.033 0.011 0.019 0.025 0.517 0.013 0.019 0.028 0.033 0.009 0.016 0.019 0.051 0.029 0.005 0.011 0.024
