#Seq2Logo.py -f /work3/idamei/ssn-clusterings/clustering/2205171701/clusters/0055_92/sequences.afa -o /work3/idamei/ssn-clusterings/clustering/2205171701/clusters/0055_92/sequences.logo
#Position Specific Frequency Matrix
A R N D C Q E G H I L K M F P S T W Y V
0 L 0.052 0.032 0.02 0.02 0.016 0.028 0.028 0.028 0.016 0.1 0.197 0.036 0.161 0.048 0.016 0.036 0.04 0.008 0.024 0.092
1 M 0.046 0.028 0.018 0.018 0.014 0.025 0.025 0.025 0.014 0.088 0.173 0.032 0.26 0.042 0.014 0.032 0.035 0.007 0.021 0.081
2 G 0.078 0.023 0.039 0.034 0.011 0.019 0.026 0.51 0.014 0.019 0.028 0.034 0.009 0.016 0.019 0.051 0.03 0.005 0.011 0.024
3 K 0.051 0.079 0.073 0.036 0.029 0.036 0.048 0.057 0.018 0.055 0.05 0.22 0.015 0.021 0.021 0.056 0.048 0.005 0.029 0.052
4 I 0.059 0.051 0.033 0.022 0.014 0.028 0.025 0.026 0.011 0.219 0.143 0.033 0.028 0.049 0.015 0.05 0.038 0.006 0.02 0.131
5 A 0.287 0.031 0.026 0.03 0.022 0.026 0.041 0.079 0.015 0.043 0.06 0.045 0.018 0.022 0.03 0.085 0.05 0.005 0.018 0.069
6 D 0.041 0.03 0.069 0.395 0.008 0.03 0.092 0.047 0.019 0.022 0.028 0.045 0.009 0.015 0.022 0.052 0.036 0.004 0.011 0.024
7 G 0.079 0.023 0.039 0.034 0.011 0.019 0.026 0.508 0.014 0.019 0.028 0.034 0.009 0.016 0.019 0.052 0.03 0.005 0.011 0.024
8 L 0.045 0.024 0.014 0.015 0.016 0.016 0.02 0.021 0.01 0.116 0.373 0.025 0.05 0.055 0.014 0.024 0.034 0.007 0.022 0.097
9 I 0.047 0.018 0.015 0.018 0.016 0.013 0.018 0.021 0.009 0.268 0.169 0.024 0.037 0.044 0.015 0.025 0.04 0.006 0.021 0.177
10 S 0.11 0.04 0.054 0.049 0.018 0.033 0.053 0.067 0.019 0.03 0.042 0.054 0.016 0.021 0.03 0.217 0.082 0.005 0.018 0.042
11 R 0.045 0.342 0.039 0.031 0.008 0.049 0.053 0.033 0.023 0.023 0.047 0.121 0.016 0.017 0.019 0.045 0.035 0.006 0.017 0.031
12 V 0.07 0.022 0.017 0.018 0.019 0.017 0.023 0.025 0.008 0.165 0.131 0.026 0.032 0.036 0.017 0.033 0.05 0.006 0.021 0.266
13 Q 0.056 0.074 0.044 0.047 0.009 0.211 0.103 0.041 0.03 0.027 0.047 0.092 0.021 0.015 0.024 0.056 0.041 0.006 0.021 0.035
14 P 0.057 0.026 0.023 0.031 0.01 0.021 0.036 0.036 0.013 0.026 0.036 0.041 0.01 0.013 0.491 0.044 0.036 0.003 0.013 0.031
15 A 0.287 0.031 0.026 0.03 0.022 0.026 0.041 0.079 0.015 0.043 0.06 0.045 0.018 0.022 0.03 0.085 0.05 0.005 0.018 0.069
16 V 0.07 0.022 0.017 0.018 0.019 0.017 0.023 0.025 0.008 0.165 0.131 0.026 0.032 0.036 0.017 0.033 0.05 0.006 0.021 0.266
17 T 0.073 0.036 0.044 0.038 0.018 0.028 0.04 0.044 0.014 0.054 0.065 0.046 0.02 0.024 0.028 0.093 0.243 0.006 0.018 0.071
18 A 0.287 0.031 0.026 0.03 0.022 0.026 0.041 0.079 0.015 0.043 0.06 0.045 0.018 0.022 0.03 0.085 0.05 0.005 0.018 0.069
19 L 0.045 0.024 0.014 0.015 0.016 0.016 0.02 0.021 0.01 0.116 0.373 0.025 0.05 0.055 0.014 0.024 0.034 0.007 0.022 0.097
20 K 0.057 0.107 0.041 0.041 0.009 0.053 0.071 0.043 0.021 0.028 0.043 0.279 0.015 0.015 0.028 0.053 0.04 0.005 0.017 0.033
21 F 0.045 0.063 0.029 0.029 0.01 0.032 0.045 0.034 0.019 0.045 0.079 0.149 0.02 0.201 0.019 0.039 0.033 0.011 0.053 0.044
22 K 0.053 0.104 0.044 0.029 0.011 0.03 0.039 0.074 0.015 0.053 0.113 0.125 0.02 0.04 0.019 0.063 0.066 0.005 0.018 0.077
23 N 0.043 0.045 0.314 0.083 0.009 0.034 0.05 0.066 0.032 0.023 0.032 0.054 0.011 0.018 0.02 0.07 0.05 0.005 0.016 0.027
24 L 0.045 0.024 0.014 0.015 0.016 0.016 0.02 0.021 0.01 0.116 0.373 0.025 0.05 0.055 0.014 0.024 0.034 0.007 0.022 0.097
25 I 0.048 0.024 0.022 0.041 0.013 0.019 0.046 0.036 0.011 0.205 0.134 0.042 0.026 0.04 0.037 0.045 0.07 0.005 0.018 0.118
26 R 0.051 0.226 0.04 0.036 0.008 0.051 0.062 0.038 0.022 0.025 0.045 0.199 0.016 0.016 0.024 0.049 0.037 0.006 0.017 0.032
27 T 0.063 0.034 0.032 0.029 0.017 0.028 0.034 0.036 0.015 0.077 0.131 0.041 0.089 0.036 0.022 0.065 0.143 0.007 0.021 0.082
28 K 0.064 0.065 0.029 0.03 0.014 0.035 0.047 0.034 0.014 0.096 0.087 0.151 0.024 0.026 0.022 0.043 0.045 0.005 0.019 0.15
29 L 0.057 0.023 0.015 0.017 0.018 0.016 0.022 0.023 0.009 0.14 0.252 0.026 0.041 0.045 0.015 0.029 0.041 0.006 0.021 0.182
30 K 0.046 0.095 0.065 0.071 0.008 0.093 0.06 0.058 0.021 0.04 0.058 0.176 0.016 0.02 0.02 0.045 0.034 0.006 0.031 0.036
31 F 0.034 0.019 0.017 0.017 0.011 0.011 0.019 0.026 0.017 0.064 0.115 0.019 0.026 0.384 0.011 0.026 0.026 0.017 0.089 0.055
32 F 0.034 0.019 0.017 0.017 0.011 0.011 0.019 0.026 0.017 0.064 0.115 0.019 0.026 0.384 0.011 0.026 0.026 0.017 0.089 0.055
33 D 0.041 0.03 0.069 0.395 0.008 0.03 0.092 0.047 0.019 0.023 0.028 0.045 0.009 0.015 0.023 0.052 0.036 0.004 0.011 0.024
34 K 0.057 0.108 0.042 0.042 0.009 0.054 0.071 0.043 0.021 0.028 0.043 0.275 0.016 0.016 0.028 0.054 0.04 0.005 0.017 0.033
35 K 0.057 0.108 0.042 0.042 0.009 0.054 0.071 0.043 0.021 0.028 0.043 0.275 0.016 0.016 0.028 0.054 0.04 0.005 0.017 0.033
36 N 0.043 0.045 0.314 0.083 0.009 0.034 0.05 0.066 0.032 0.023 0.032 0.054 0.011 0.018 0.02 0.07 0.05 0.005 0.016 0.027
37 V 0.07 0.022 0.017 0.018 0.019 0.017 0.023 0.025 0.008 0.165 0.131 0.026 0.032 0.036 0.017 0.033 0.05 0.006 0.021 0.265
38 Q 0.056 0.074 0.044 0.047 0.009 0.211 0.103 0.041 0.03 0.027 0.047 0.092 0.021 0.015 0.024 0.056 0.041 0.006 0.021 0.035
39 T 0.073 0.036 0.044 0.038 0.018 0.028 0.04 0.044 0.014 0.054 0.065 0.046 0.02 0.024 0.028 0.093 0.243 0.006 0.018 0.071
40 G 0.079 0.023 0.039 0.034 0.011 0.019 0.026 0.508 0.014 0.019 0.028 0.034 0.009 0.016 0.019 0.052 0.03 0.005 0.011 0.024
41 V 0.07 0.022 0.017 0.018 0.019 0.017 0.023 0.025 0.008 0.165 0.131 0.026 0.032 0.036 0.017 0.033 0.05 0.006 0.021 0.265
42 F 0.034 0.019 0.017 0.017 0.011 0.011 0.019 0.026 0.017 0.064 0.115 0.019 0.026 0.384 0.011 0.026 0.026 0.017 0.089 0.055
43 K 0.047 0.146 0.047 0.032 0.009 0.047 0.047 0.034 0.018 0.05 0.061 0.171 0.026 0.021 0.02 0.055 0.059 0.049 0.019 0.042
44 Y 0.04 0.028 0.022 0.019 0.009 0.022 0.028 0.025 0.047 0.044 0.068 0.031 0.019 0.131 0.016 0.031 0.028 0.028 0.318 0.047
45 K 0.057 0.107 0.041 0.041 0.009 0.053 0.071 0.043 0.021 0.028 0.043 0.279 0.015 0.015 0.028 0.053 0.04 0.005 0.017 0.033
46 G 0.063 0.02 0.027 0.026 0.013 0.016 0.022 0.266 0.011 0.145 0.098 0.029 0.023 0.03 0.017 0.038 0.035 0.006 0.016 0.1
47 R 0.045 0.345 0.039 0.031 0.008 0.048 0.052 0.033 0.023 0.023 0.046 0.12 0.015 0.017 0.019 0.045 0.035 0.006 0.017 0.031
48 L 0.059 0.03 0.029 0.026 0.017 0.022 0.03 0.032 0.012 0.084 0.22 0.035 0.035 0.039 0.021 0.058 0.14 0.006 0.02 0.084
49 D 0.05 0.056 0.043 0.154 0.011 0.037 0.063 0.039 0.018 0.05 0.089 0.121 0.063 0.026 0.022 0.047 0.038 0.006 0.017 0.05
50 L 0.047 0.04 0.031 0.029 0.012 0.073 0.048 0.03 0.102 0.11 0.158 0.046 0.03 0.036 0.018 0.036 0.035 0.007 0.03 0.082
51 L 0.046 0.035 0.055 0.039 0.012 0.022 0.043 0.029 0.015 0.133 0.172 0.059 0.026 0.038 0.037 0.05 0.047 0.007 0.046 0.089
52 S 0.064 0.059 0.107 0.045 0.012 0.032 0.057 0.046 0.018 0.042 0.048 0.102 0.023 0.024 0.043 0.139 0.077 0.005 0.016 0.041
53 L 0.045 0.024 0.014 0.015 0.016 0.016 0.02 0.021 0.01 0.116 0.373 0.025 0.05 0.055 0.014 0.024 0.034 0.007 0.022 0.097
54 R 0.045 0.342 0.039 0.031 0.008 0.049 0.053 0.033 0.023 0.023 0.047 0.121 0.016 0.017 0.019 0.045 0.035 0.006 0.017 0.031
55 Q 0.056 0.074 0.044 0.047 0.009 0.211 0.103 0.041 0.03 0.027 0.047 0.092 0.021 0.015 0.024 0.056 0.041 0.006 0.021 0.035
56 W 0.03 0.023 0.015 0.015 0.008 0.015 0.023 0.03 0.015 0.03 0.053 0.023 0.015 0.061 0.008 0.023 0.023 0.49 0.068 0.03
57 L 0.045 0.024 0.014 0.015 0.016 0.016 0.02 0.021 0.01 0.116 0.373 0.025 0.05 0.055 0.014 0.024 0.034 0.007 0.022 0.097
58 N 0.043 0.045 0.314 0.083 0.009 0.034 0.05 0.065 0.032 0.023 0.032 0.054 0.011 0.018 0.02 0.07 0.05 0.005 0.016 0.027
59 P 0.057 0.026 0.023 0.031 0.01 0.021 0.036 0.036 0.013 0.026 0.036 0.041 0.01 0.013 0.491 0.044 0.036 0.003 0.013 0.031
60 W 0.03 0.023 0.015 0.015 0.008 0.015 0.023 0.03 0.015 0.03 0.053 0.023 0.015 0.061 0.008 0.023 0.023 0.49 0.068 0.03
61 F 0.034 0.019 0.017 0.017 0.011 0.011 0.019 0.026 0.017 0.064 0.115 0.019 0.026 0.384 0.011 0.026 0.026 0.017 0.089 0.055
62 L 0.061 0.023 0.026 0.072 0.013 0.018 0.03 0.071 0.013 0.108 0.203 0.029 0.036 0.053 0.016 0.056 0.058 0.006 0.034 0.076
63 P 0.062 0.052 0.121 0.077 0.01 0.038 0.046 0.096 0.034 0.022 0.032 0.07 0.011 0.015 0.123 0.099 0.042 0.004 0.015 0.028
64 E 0.043 0.037 0.072 0.208 0.007 0.051 0.212 0.036 0.036 0.023 0.046 0.054 0.012 0.016 0.021 0.047 0.033 0.004 0.015 0.027
65 L 0.041 0.056 0.018 0.018 0.012 0.018 0.024 0.023 0.013 0.134 0.191 0.055 0.035 0.105 0.014 0.028 0.041 0.029 0.044 0.102
66 L 0.053 0.02 0.013 0.015 0.014 0.014 0.018 0.021 0.009 0.166 0.313 0.022 0.037 0.076 0.013 0.024 0.032 0.007 0.024 0.111
67 F 0.078 0.021 0.018 0.018 0.012 0.014 0.022 0.05 0.017 0.061 0.125 0.024 0.023 0.241 0.014 0.042 0.03 0.013 0.104 0.075
68 F 0.035 0.022 0.017 0.016 0.03 0.025 0.022 0.023 0.023 0.069 0.117 0.024 0.022 0.227 0.012 0.026 0.025 0.037 0.174 0.054
69 L 0.086 0.022 0.019 0.02 0.044 0.016 0.023 0.031 0.011 0.137 0.177 0.027 0.037 0.073 0.016 0.066 0.04 0.006 0.023 0.126
70 A 0.25 0.028 0.03 0.03 0.017 0.023 0.036 0.119 0.014 0.036 0.047 0.04 0.014 0.019 0.044 0.126 0.048 0.005 0.015 0.06
71 L 0.038 0.023 0.016 0.015 0.011 0.016 0.021 0.021 0.025 0.081 0.225 0.025 0.029 0.095 0.013 0.025 0.028 0.015 0.204 0.075
72 G 0.102 0.022 0.026 0.025 0.033 0.017 0.025 0.245 0.011 0.077 0.089 0.03 0.018 0.039 0.018 0.055 0.061 0.005 0.016 0.087
73 L 0.058 0.02 0.016 0.017 0.015 0.015 0.02 0.023 0.009 0.205 0.245 0.024 0.035 0.04 0.014 0.037 0.047 0.006 0.018 0.138
74 Y 0.033 0.021 0.017 0.016 0.009 0.015 0.021 0.022 0.029 0.047 0.089 0.023 0.02 0.238 0.012 0.025 0.024 0.04 0.253 0.045
75 L 0.039 0.02 0.013 0.014 0.014 0.014 0.017 0.019 0.009 0.147 0.38 0.022 0.041 0.062 0.012 0.022 0.03 0.006 0.022 0.097
76 L 0.075 0.021 0.02 0.02 0.014 0.016 0.023 0.069 0.011 0.119 0.149 0.026 0.035 0.112 0.015 0.054 0.051 0.007 0.029 0.136
77 F 0.096 0.037 0.02 0.02 0.014 0.018 0.025 0.032 0.013 0.128 0.102 0.03 0.042 0.128 0.016 0.056 0.048 0.008 0.045 0.121
78 S 0.109 0.031 0.078 0.039 0.014 0.025 0.038 0.13 0.016 0.033 0.069 0.041 0.015 0.02 0.023 0.171 0.085 0.005 0.015 0.042
79 L 0.042 0.019 0.013 0.015 0.014 0.014 0.018 0.019 0.009 0.2 0.261 0.022 0.053 0.073 0.013 0.023 0.033 0.006 0.023 0.13
80 L 0.041 0.021 0.014 0.014 0.014 0.015 0.018 0.04 0.009 0.105 0.384 0.023 0.048 0.049 0.013 0.023 0.03 0.026 0.021 0.092
81 S 0.083 0.052 0.114 0.058 0.013 0.039 0.047 0.072 0.019 0.038 0.042 0.06 0.018 0.018 0.023 0.184 0.061 0.005 0.015 0.039
82 T 0.073 0.044 0.06 0.033 0.015 0.023 0.034 0.039 0.013 0.077 0.066 0.04 0.019 0.039 0.022 0.085 0.216 0.005 0.018 0.08
83 S 0.084 0.034 0.044 0.039 0.016 0.027 0.042 0.051 0.015 0.034 0.045 0.045 0.015 0.019 0.025 0.222 0.175 0.005 0.016 0.047
84 F 0.032 0.017 0.015 0.015 0.01 0.01 0.017 0.022 0.014 0.064 0.136 0.018 0.025 0.402 0.01 0.023 0.024 0.014 0.07 0.064
85 Y 0.036 0.023 0.018 0.016 0.009 0.018 0.023 0.022 0.034 0.048 0.099 0.026 0.028 0.159 0.013 0.026 0.025 0.021 0.309 0.047
86 Y 0.127 0.026 0.024 0.023 0.013 0.02 0.029 0.058 0.024 0.06 0.064 0.032 0.018 0.076 0.018 0.081 0.038 0.013 0.174 0.08
87 K 0.068 0.105 0.035 0.052 0.009 0.095 0.076 0.077 0.019 0.037 0.045 0.164 0.015 0.032 0.021 0.056 0.035 0.005 0.018 0.036
88 Y 0.038 0.026 0.023 0.036 0.009 0.03 0.03 0.025 0.05 0.04 0.076 0.03 0.018 0.138 0.014 0.039 0.027 0.02 0.29 0.042
89 I 0.042 0.019 0.016 0.017 0.013 0.014 0.019 0.022 0.015 0.164 0.133 0.023 0.027 0.159 0.013 0.028 0.053 0.011 0.09 0.123
90 P 0.072 0.029 0.054 0.068 0.012 0.025 0.062 0.079 0.015 0.048 0.058 0.04 0.04 0.036 0.138 0.105 0.043 0.005 0.017 0.053
91 G 0.064 0.031 0.051 0.083 0.01 0.023 0.048 0.339 0.014 0.031 0.034 0.054 0.011 0.016 0.027 0.075 0.034 0.005 0.011 0.039
92 L 0.088 0.079 0.041 0.027 0.013 0.025 0.035 0.056 0.016 0.089 0.1 0.074 0.025 0.049 0.019 0.056 0.074 0.007 0.049 0.077
93 L 0.063 0.025 0.02 0.021 0.014 0.018 0.025 0.027 0.01 0.112 0.184 0.041 0.036 0.057 0.078 0.038 0.08 0.006 0.021 0.124
94 Y 0.042 0.025 0.037 0.022 0.03 0.019 0.026 0.048 0.075 0.05 0.072 0.028 0.027 0.157 0.014 0.042 0.029 0.014 0.17 0.071
95 K 0.05 0.073 0.074 0.036 0.01 0.044 0.047 0.037 0.05 0.056 0.059 0.159 0.034 0.035 0.02 0.065 0.059 0.006 0.041 0.045
96 L 0.114 0.023 0.02 0.021 0.014 0.017 0.025 0.074 0.013 0.123 0.153 0.029 0.025 0.047 0.017 0.058 0.047 0.047 0.049 0.084
97 I 0.105 0.021 0.018 0.019 0.015 0.016 0.022 0.07 0.011 0.155 0.145 0.026 0.031 0.067 0.016 0.037 0.047 0.007 0.036 0.138
98 L 0.047 0.063 0.037 0.025 0.032 0.044 0.033 0.028 0.014 0.123 0.17 0.074 0.052 0.042 0.016 0.045 0.052 0.006 0.019 0.079
99 L 0.076 0.021 0.016 0.017 0.014 0.015 0.021 0.045 0.013 0.144 0.189 0.025 0.042 0.082 0.014 0.03 0.033 0.008 0.066 0.128
100 L 0.097 0.022 0.02 0.02 0.015 0.016 0.024 0.043 0.011 0.13 0.179 0.027 0.028 0.079 0.017 0.05 0.076 0.006 0.024 0.115
101 C 0.106 0.024 0.028 0.027 0.231 0.019 0.029 0.043 0.012 0.051 0.06 0.032 0.016 0.02 0.02 0.14 0.06 0.004 0.014 0.063
102 L 0.049 0.019 0.014 0.015 0.015 0.014 0.018 0.02 0.008 0.187 0.221 0.022 0.034 0.044 0.013 0.025 0.037 0.005 0.019 0.22
103 L 0.063 0.022 0.02 0.02 0.034 0.016 0.022 0.087 0.012 0.094 0.217 0.026 0.031 0.1 0.015 0.06 0.034 0.008 0.04 0.08
104 L 0.053 0.021 0.013 0.014 0.034 0.015 0.019 0.021 0.009 0.117 0.367 0.023 0.048 0.053 0.013 0.025 0.031 0.006 0.02 0.097
105 L 0.041 0.021 0.013 0.014 0.014 0.014 0.018 0.019 0.009 0.138 0.385 0.022 0.05 0.046 0.013 0.022 0.031 0.006 0.019 0.104
106 L 0.06 0.021 0.016 0.017 0.014 0.015 0.021 0.025 0.01 0.135 0.181 0.024 0.046 0.117 0.014 0.043 0.037 0.007 0.03 0.167
107 L 0.059 0.019 0.016 0.017 0.033 0.014 0.019 0.042 0.009 0.162 0.192 0.023 0.03 0.086 0.014 0.029 0.046 0.006 0.025 0.158
108 K 0.059 0.123 0.085 0.038 0.009 0.035 0.057 0.076 0.05 0.029 0.043 0.14 0.014 0.04 0.019 0.054 0.035 0.007 0.047 0.041
109 E 0.048 0.043 0.062 0.079 0.007 0.055 0.356 0.033 0.023 0.019 0.032 0.065 0.011 0.015 0.022 0.05 0.033 0.005 0.015 0.027
110 L 0.045 0.019 0.014 0.015 0.032 0.013 0.018 0.021 0.011 0.153 0.243 0.022 0.033 0.105 0.013 0.029 0.032 0.028 0.042 0.11
111 L 0.047 0.039 0.033 0.021 0.013 0.019 0.025 0.026 0.013 0.15 0.172 0.041 0.053 0.077 0.015 0.05 0.047 0.007 0.043 0.11
112 I 0.047 0.018 0.015 0.018 0.016 0.013 0.018 0.021 0.009 0.268 0.169 0.024 0.037 0.044 0.015 0.025 0.04 0.006 0.021 0.178
113 K 0.078 0.04 0.072 0.06 0.052 0.029 0.066 0.054 0.043 0.04 0.065 0.088 0.016 0.053 0.02 0.074 0.067 0.006 0.022 0.058
114 G 0.079 0.023 0.039 0.034 0.011 0.019 0.026 0.508 0.014 0.019 0.028 0.034 0.009 0.016 0.019 0.052 0.03 0.005 0.011 0.024
115 G 0.073 0.079 0.083 0.037 0.03 0.046 0.057 0.105 0.017 0.037 0.088 0.049 0.017 0.057 0.019 0.084 0.05 0.006 0.02 0.046
116 P 0.057 0.026 0.023 0.031 0.01 0.021 0.036 0.036 0.013 0.026 0.036 0.041 0.01 0.013 0.492 0.044 0.036 0.003 0.013 0.031
117 K 0.051 0.126 0.049 0.04 0.008 0.05 0.087 0.055 0.02 0.029 0.043 0.195 0.014 0.035 0.021 0.063 0.036 0.006 0.031 0.041
118 F 0.051 0.03 0.025 0.02 0.01 0.02 0.026 0.045 0.023 0.056 0.126 0.061 0.039 0.163 0.014 0.031 0.028 0.014 0.157 0.061
119 T 0.057 0.036 0.109 0.104 0.012 0.028 0.057 0.072 0.017 0.047 0.059 0.064 0.015 0.019 0.021 0.097 0.113 0.005 0.014 0.054
120 L 0.068 0.099 0.023 0.022 0.012 0.023 0.03 0.029 0.016 0.087 0.148 0.064 0.024 0.104 0.016 0.051 0.044 0.008 0.059 0.073
121 K 0.057 0.108 0.042 0.042 0.009 0.054 0.071 0.043 0.021 0.028 0.043 0.275 0.016 0.016 0.028 0.054 0.04 0.005 0.017 0.033
122 R 0.048 0.221 0.049 0.036 0.008 0.057 0.07 0.064 0.02 0.022 0.038 0.184 0.013 0.015 0.02 0.054 0.034 0.005 0.015 0.028
123 T 0.108 0.039 0.043 0.062 0.013 0.048 0.062 0.063 0.03 0.035 0.046 0.073 0.015 0.02 0.023 0.09 0.137 0.024 0.018 0.05
124 L 0.047 0.021 0.016 0.016 0.012 0.024 0.021 0.042 0.012 0.094 0.196 0.024 0.028 0.148 0.012 0.026 0.03 0.067 0.051 0.113
125 I 0.059 0.021 0.018 0.02 0.013 0.016 0.034 0.045 0.011 0.145 0.133 0.026 0.034 0.109 0.034 0.041 0.045 0.026 0.03 0.14
126 G 0.118 0.028 0.041 0.031 0.014 0.022 0.044 0.128 0.013 0.084 0.086 0.047 0.018 0.024 0.039 0.098 0.053 0.024 0.017 0.07
127 L 0.083 0.021 0.017 0.018 0.033 0.015 0.021 0.066 0.01 0.128 0.245 0.025 0.031 0.067 0.015 0.041 0.034 0.006 0.022 0.104
128 L 0.14 0.023 0.018 0.019 0.017 0.017 0.025 0.036 0.012 0.091 0.183 0.028 0.044 0.106 0.037 0.041 0.045 0.007 0.028 0.084
129 V 0.057 0.02 0.019 0.019 0.014 0.014 0.02 0.09 0.01 0.151 0.139 0.024 0.026 0.093 0.014 0.034 0.057 0.007 0.026 0.166
130 L 0.073 0.02 0.018 0.018 0.095 0.014 0.02 0.051 0.01 0.122 0.159 0.024 0.026 0.105 0.015 0.04 0.055 0.007 0.027 0.099
131 G 0.1 0.022 0.023 0.023 0.033 0.017 0.025 0.149 0.011 0.106 0.113 0.029 0.033 0.052 0.017 0.066 0.042 0.006 0.019 0.114
132 L 0.073 0.022 0.018 0.019 0.015 0.016 0.022 0.046 0.01 0.141 0.212 0.026 0.04 0.06 0.015 0.048 0.056 0.006 0.021 0.134
133 L 0.046 0.021 0.014 0.016 0.016 0.015 0.019 0.021 0.009 0.193 0.272 0.024 0.043 0.049 0.014 0.025 0.037 0.006 0.021 0.136
134 L 0.067 0.022 0.015 0.016 0.015 0.017 0.021 0.024 0.01 0.128 0.26 0.025 0.085 0.071 0.014 0.029 0.034 0.007 0.024 0.118
135 F 0.055 0.023 0.022 0.021 0.085 0.017 0.025 0.03 0.019 0.074 0.092 0.027 0.029 0.131 0.016 0.075 0.055 0.012 0.122 0.069
136 G 0.104 0.021 0.02 0.02 0.014 0.016 0.022 0.13 0.012 0.102 0.123 0.026 0.036 0.101 0.016 0.037 0.034 0.007 0.04 0.12
137 L 0.043 0.021 0.028 0.017 0.014 0.015 0.019 0.021 0.01 0.186 0.257 0.024 0.043 0.043 0.014 0.027 0.044 0.006 0.032 0.134
138 I 0.087 0.021 0.019 0.02 0.015 0.016 0.023 0.029 0.01 0.181 0.123 0.027 0.035 0.063 0.016 0.055 0.061 0.006 0.022 0.17
139 L 0.074 0.025 0.038 0.025 0.012 0.019 0.027 0.109 0.033 0.071 0.119 0.031 0.029 0.062 0.036 0.058 0.055 0.01 0.101 0.066
140 R 0.045 0.342 0.039 0.031 0.008 0.049 0.053 0.033 0.023 0.023 0.047 0.121 0.016 0.017 0.019 0.045 0.035 0.006 0.017 0.031
141 L 0.066 0.091 0.024 0.023 0.012 0.024 0.033 0.03 0.018 0.066 0.137 0.071 0.029 0.079 0.017 0.058 0.042 0.009 0.077 0.095
142 T 0.073 0.036 0.043 0.038 0.018 0.028 0.039 0.043 0.014 0.053 0.065 0.045 0.02 0.024 0.028 0.093 0.247 0.006 0.018 0.071
143 H 0.042 0.046 0.053 0.038 0.008 0.038 0.053 0.038 0.355 0.023 0.038 0.046 0.015 0.03 0.019 0.042 0.027 0.008 0.057 0.023
144 D 0.041 0.03 0.069 0.397 0.008 0.03 0.091 0.047 0.019 0.022 0.028 0.045 0.009 0.015 0.022 0.052 0.035 0.004 0.011 0.024
145 V 0.074 0.03 0.068 0.032 0.014 0.023 0.033 0.039 0.03 0.106 0.08 0.047 0.034 0.029 0.019 0.117 0.059 0.006 0.032 0.128
146 G 0.065 0.135 0.04 0.034 0.012 0.032 0.039 0.196 0.017 0.032 0.047 0.066 0.015 0.019 0.022 0.063 0.104 0.006 0.015 0.042
147 Y 0.166 0.029 0.024 0.024 0.015 0.024 0.034 0.052 0.031 0.043 0.064 0.038 0.018 0.076 0.023 0.058 0.039 0.017 0.168 0.058
148 E 0.061 0.045 0.041 0.073 0.011 0.052 0.211 0.038 0.022 0.032 0.046 0.065 0.015 0.019 0.026 0.068 0.107 0.006 0.017 0.044
149 T 0.068 0.034 0.064 0.083 0.031 0.045 0.055 0.081 0.017 0.044 0.05 0.052 0.015 0.053 0.021 0.087 0.116 0.006 0.033 0.045
150 G 0.095 0.043 0.057 0.035 0.012 0.033 0.036 0.238 0.03 0.047 0.042 0.041 0.013 0.018 0.02 0.128 0.05 0.005 0.015 0.04
151 S 0.11 0.04 0.054 0.049 0.018 0.033 0.053 0.067 0.019 0.03 0.042 0.054 0.016 0.021 0.03 0.217 0.082 0.005 0.018 0.042
152 L 0.06 0.036 0.022 0.021 0.013 0.017 0.024 0.066 0.013 0.121 0.145 0.029 0.033 0.117 0.015 0.054 0.066 0.008 0.042 0.096
153 G 0.078 0.023 0.039 0.034 0.011 0.019 0.026 0.51 0.014 0.019 0.028 0.034 0.009 0.016 0.019 0.051 0.03 0.005 0.011 0.024
154 L 0.055 0.026 0.057 0.026 0.013 0.029 0.029 0.032 0.015 0.077 0.154 0.031 0.034 0.136 0.016 0.06 0.072 0.008 0.047 0.084
155 S 0.091 0.073 0.112 0.046 0.012 0.063 0.051 0.052 0.022 0.026 0.04 0.068 0.014 0.024 0.023 0.149 0.053 0.006 0.04 0.035
156 T 0.054 0.033 0.092 0.085 0.012 0.026 0.045 0.041 0.046 0.042 0.089 0.05 0.017 0.04 0.039 0.088 0.099 0.025 0.022 0.054
157 L 0.061 0.023 0.016 0.017 0.018 0.016 0.022 0.024 0.009 0.148 0.212 0.026 0.038 0.042 0.016 0.03 0.044 0.006 0.021 0.212
158 V 0.053 0.022 0.016 0.017 0.014 0.026 0.023 0.023 0.014 0.136 0.133 0.026 0.053 0.097 0.033 0.029 0.035 0.009 0.067 0.175
159 A 0.144 0.024 0.022 0.024 0.015 0.019 0.028 0.079 0.012 0.076 0.098 0.032 0.028 0.055 0.099 0.068 0.047 0.005 0.02 0.105
160 L 0.066 0.021 0.018 0.033 0.051 0.016 0.023 0.026 0.015 0.11 0.183 0.025 0.044 0.078 0.014 0.032 0.042 0.028 0.078 0.096
161 L 0.056 0.023 0.023 0.022 0.033 0.018 0.024 0.099 0.011 0.12 0.163 0.029 0.067 0.048 0.016 0.074 0.05 0.006 0.019 0.097
162 L 0.038 0.019 0.014 0.015 0.013 0.013 0.018 0.02 0.01 0.146 0.258 0.022 0.033 0.149 0.05 0.023 0.029 0.008 0.034 0.088
163 L 0.079 0.02 0.015 0.017 0.014 0.014 0.02 0.026 0.009 0.188 0.209 0.025 0.031 0.061 0.053 0.034 0.035 0.006 0.021 0.122
164 F 0.035 0.019 0.015 0.015 0.011 0.012 0.018 0.021 0.017 0.089 0.162 0.02 0.026 0.276 0.011 0.023 0.026 0.013 0.105 0.084
165 I 0.054 0.02 0.018 0.019 0.034 0.015 0.021 0.025 0.009 0.223 0.131 0.025 0.036 0.033 0.034 0.056 0.041 0.005 0.018 0.184
166 F 0.033 0.02 0.016 0.015 0.009 0.014 0.02 0.022 0.025 0.06 0.097 0.021 0.021 0.28 0.011 0.024 0.024 0.037 0.199 0.05
167 C 0.111 0.021 0.022 0.021 0.223 0.016 0.024 0.049 0.012 0.047 0.088 0.027 0.018 0.072 0.018 0.085 0.041 0.006 0.034 0.064
168 L 0.17 0.025 0.023 0.024 0.015 0.019 0.028 0.12 0.013 0.058 0.177 0.032 0.024 0.032 0.02 0.076 0.039 0.006 0.03 0.07
169 R 0.04 0.394 0.034 0.028 0.007 0.043 0.048 0.03 0.02 0.021 0.041 0.129 0.014 0.015 0.018 0.04 0.031 0.005 0.015 0.027
170 D 0.038 0.067 0.183 0.226 0.007 0.031 0.061 0.046 0.036 0.02 0.029 0.082 0.01 0.015 0.019 0.051 0.036 0.004 0.014 0.023
171 I 0.045 0.021 0.016 0.017 0.014 0.025 0.021 0.022 0.01 0.214 0.16 0.025 0.055 0.098 0.013 0.035 0.035 0.007 0.027 0.14
172 D 0.068 0.03 0.068 0.178 0.01 0.028 0.079 0.045 0.017 0.023 0.031 0.043 0.01 0.015 0.153 0.114 0.043 0.004 0.012 0.029
173 F 0.034 0.018 0.016 0.015 0.01 0.011 0.018 0.042 0.015 0.061 0.125 0.019 0.032 0.372 0.01 0.024 0.024 0.014 0.079 0.062
174 K 0.048 0.08 0.067 0.123 0.008 0.039 0.12 0.037 0.019 0.03 0.043 0.148 0.021 0.016 0.04 0.056 0.041 0.004 0.014 0.045
175 K 0.049 0.107 0.052 0.061 0.008 0.06 0.06 0.038 0.02 0.025 0.038 0.248 0.014 0.018 0.041 0.056 0.043 0.005 0.029 0.03
176 I 0.057 0.018 0.014 0.016 0.015 0.013 0.018 0.021 0.008 0.271 0.172 0.022 0.04 0.038 0.014 0.025 0.036 0.005 0.018 0.178
177 A 0.27 0.026 0.023 0.026 0.018 0.021 0.033 0.057 0.013 0.056 0.072 0.036 0.018 0.043 0.023 0.09 0.046 0.005 0.019 0.105
178 R 0.061 0.207 0.033 0.047 0.008 0.041 0.062 0.034 0.018 0.039 0.06 0.185 0.016 0.033 0.02 0.043 0.033 0.005 0.018 0.037
179 F 0.042 0.018 0.016 0.017 0.012 0.012 0.019 0.023 0.012 0.136 0.134 0.021 0.026 0.24 0.012 0.036 0.044 0.01 0.047 0.122
180 T 0.102 0.029 0.034 0.031 0.054 0.023 0.035 0.044 0.013 0.064 0.061 0.038 0.018 0.022 0.023 0.146 0.146 0.005 0.016 0.098
181 L 0.077 0.022 0.016 0.019 0.033 0.017 0.033 0.026 0.012 0.111 0.264 0.026 0.041 0.079 0.015 0.032 0.043 0.007 0.037 0.091
182 V 0.056 0.033 0.019 0.028 0.011 0.019 0.028 0.027 0.014 0.117 0.082 0.063 0.02 0.073 0.111 0.032 0.033 0.047 0.065 0.121
183 I 0.059 0.021 0.017 0.02 0.014 0.016 0.033 0.024 0.011 0.203 0.166 0.026 0.038 0.054 0.015 0.039 0.047 0.006 0.034 0.157
184 S 0.075 0.03 0.036 0.037 0.052 0.026 0.06 0.044 0.015 0.07 0.074 0.041 0.026 0.038 0.022 0.187 0.086 0.005 0.018 0.056
185 L 0.079 0.023 0.022 0.024 0.034 0.019 0.037 0.05 0.011 0.135 0.153 0.03 0.028 0.046 0.017 0.075 0.062 0.005 0.019 0.13
186 I 0.076 0.02 0.019 0.02 0.02 0.015 0.022 0.049 0.011 0.166 0.134 0.025 0.026 0.111 0.015 0.046 0.067 0.007 0.028 0.122
187 L 0.072 0.024 0.02 0.022 0.015 0.019 0.036 0.028 0.011 0.128 0.191 0.029 0.051 0.057 0.016 0.04 0.094 0.006 0.021 0.121
188 L 0.041 0.02 0.013 0.014 0.033 0.014 0.018 0.02 0.009 0.107 0.364 0.022 0.039 0.09 0.012 0.023 0.03 0.007 0.025 0.102
189 L 0.1 0.022 0.018 0.019 0.015 0.016 0.023 0.05 0.011 0.121 0.215 0.027 0.038 0.085 0.016 0.054 0.036 0.007 0.025 0.103
190 F 0.045 0.019 0.015 0.015 0.011 0.011 0.018 0.023 0.014 0.066 0.177 0.019 0.035 0.34 0.011 0.024 0.025 0.012 0.061 0.058
191 V 0.053 0.019 0.016 0.018 0.016 0.014 0.02 0.022 0.008 0.229 0.123 0.024 0.029 0.034 0.015 0.032 0.071 0.005 0.018 0.235
192 I 0.049 0.017 0.014 0.016 0.015 0.013 0.017 0.02 0.008 0.267 0.134 0.021 0.03 0.051 0.013 0.025 0.038 0.005 0.02 0.227
193 L 0.067 0.02 0.014 0.015 0.033 0.014 0.019 0.024 0.009 0.147 0.275 0.023 0.034 0.087 0.014 0.027 0.034 0.007 0.025 0.112
194 S 0.103 0.035 0.045 0.041 0.015 0.029 0.044 0.058 0.017 0.031 0.047 0.046 0.031 0.02 0.025 0.283 0.068 0.005 0.016 0.041
195 A 0.215 0.031 0.036 0.035 0.017 0.026 0.041 0.081 0.015 0.031 0.043 0.043 0.014 0.019 0.026 0.201 0.058 0.005 0.015 0.047
196 K 0.056 0.065 0.031 0.031 0.008 0.049 0.065 0.033 0.049 0.033 0.048 0.176 0.015 0.046 0.02 0.04 0.031 0.03 0.129 0.045
197 L 0.057 0.021 0.015 0.016 0.015 0.015 0.02 0.023 0.009 0.135 0.296 0.024 0.036 0.056 0.014 0.029 0.055 0.006 0.021 0.139
198 G 0.069 0.02 0.034 0.03 0.01 0.017 0.023 0.568 0.012 0.017 0.025 0.03 0.008 0.014 0.017 0.045 0.026 0.005 0.01 0.021
199 I 0.043 0.017 0.014 0.015 0.014 0.013 0.017 0.019 0.009 0.27 0.168 0.021 0.04 0.075 0.013 0.023 0.034 0.006 0.03 0.158
200 I 0.043 0.016 0.013 0.016 0.015 0.012 0.016 0.018 0.008 0.339 0.145 0.021 0.032 0.038 0.013 0.023 0.036 0.005 0.018 0.174
201 D 0.048 0.053 0.049 0.115 0.01 0.07 0.088 0.035 0.017 0.041 0.078 0.072 0.033 0.02 0.072 0.054 0.081 0.005 0.015 0.042
202 N 0.037 0.037 0.326 0.158 0.008 0.029 0.051 0.054 0.025 0.02 0.027 0.046 0.01 0.015 0.018 0.058 0.041 0.004 0.013 0.023
203 Y 0.051 0.024 0.019 0.017 0.01 0.019 0.025 0.024 0.037 0.05 0.066 0.027 0.018 0.103 0.014 0.029 0.027 0.022 0.344 0.076
204 V 0.071 0.025 0.02 0.022 0.016 0.019 0.038 0.028 0.01 0.147 0.122 0.04 0.026 0.03 0.017 0.063 0.054 0.005 0.018 0.229
205 E 0.059 0.047 0.04 0.047 0.01 0.036 0.178 0.049 0.019 0.059 0.073 0.048 0.051 0.059 0.018 0.044 0.034 0.007 0.043 0.078
206 D 0.056 0.026 0.043 0.206 0.013 0.023 0.058 0.036 0.014 0.094 0.079 0.036 0.021 0.025 0.02 0.043 0.043 0.005 0.016 0.145
207 L 0.059 0.028 0.051 0.045 0.012 0.023 0.054 0.03 0.031 0.117 0.125 0.044 0.023 0.052 0.017 0.049 0.068 0.008 0.061 0.103
208 S 0.086 0.091 0.05 0.053 0.012 0.04 0.068 0.044 0.018 0.043 0.061 0.064 0.016 0.039 0.022 0.14 0.068 0.011 0.032 0.043
209 D 0.041 0.03 0.069 0.395 0.008 0.03 0.092 0.047 0.019 0.023 0.028 0.045 0.009 0.015 0.023 0.052 0.036 0.004 0.011 0.024
210 G 0.11 0.045 0.052 0.103 0.012 0.028 0.074 0.122 0.016 0.029 0.045 0.045 0.013 0.017 0.053 0.105 0.075 0.004 0.014 0.038
211 N 0.043 0.045 0.317 0.083 0.009 0.034 0.049 0.065 0.032 0.022 0.032 0.054 0.011 0.018 0.02 0.07 0.049 0.004 0.016 0.027
212 G 0.063 0.029 0.048 0.049 0.012 0.023 0.044 0.249 0.013 0.044 0.066 0.047 0.015 0.019 0.025 0.066 0.126 0.005 0.013 0.044
213 R 0.042 0.38 0.034 0.027 0.008 0.04 0.044 0.048 0.019 0.026 0.044 0.098 0.014 0.016 0.017 0.041 0.042 0.005 0.015 0.04
214 N 0.043 0.045 0.318 0.083 0.009 0.034 0.049 0.065 0.031 0.022 0.031 0.054 0.011 0.018 0.02 0.07 0.049 0.004 0.016 0.027
215 V 0.051 0.053 0.049 0.026 0.013 0.021 0.039 0.028 0.015 0.123 0.111 0.036 0.023 0.038 0.036 0.048 0.075 0.007 0.058 0.151
216 R 0.04 0.408 0.033 0.027 0.007 0.042 0.045 0.029 0.02 0.025 0.044 0.103 0.014 0.016 0.017 0.039 0.031 0.005 0.015 0.039
217 H 0.055 0.04 0.04 0.045 0.008 0.063 0.146 0.033 0.171 0.025 0.041 0.049 0.014 0.049 0.019 0.047 0.031 0.009 0.085 0.03
218 Y 0.034 0.023 0.018 0.016 0.008 0.017 0.023 0.022 0.035 0.042 0.07 0.025 0.018 0.195 0.013 0.026 0.024 0.022 0.324 0.043
219 L 0.039 0.021 0.013 0.014 0.014 0.014 0.018 0.019 0.009 0.117 0.404 0.022 0.05 0.048 0.012 0.022 0.03 0.026 0.021 0.088
220 G 0.069 0.02 0.034 0.03 0.01 0.017 0.023 0.568 0.012 0.017 0.025 0.03 0.008 0.014 0.017 0.045 0.026 0.005 0.01 0.021
221 F 0.03 0.017 0.015 0.015 0.009 0.01 0.017 0.022 0.016 0.055 0.099 0.017 0.022 0.448 0.009 0.023 0.022 0.015 0.09 0.048
222 R 0.04 0.325 0.03 0.025 0.008 0.037 0.041 0.027 0.018 0.038 0.128 0.097 0.02 0.022 0.016 0.036 0.031 0.005 0.016 0.04
223 Y 0.035 0.024 0.019 0.016 0.008 0.019 0.024 0.022 0.04 0.039 0.062 0.027 0.017 0.128 0.014 0.027 0.025 0.024 0.387 0.041
224 A 0.224 0.031 0.035 0.035 0.017 0.026 0.041 0.062 0.015 0.032 0.044 0.043 0.014 0.018 0.045 0.192 0.058 0.005 0.015 0.048
225 L 0.039 0.021 0.013 0.013 0.014 0.014 0.018 0.019 0.009 0.102 0.45 0.022 0.044 0.048 0.013 0.021 0.029 0.006 0.02 0.085
226 F 0.033 0.021 0.03 0.018 0.009 0.014 0.021 0.023 0.027 0.048 0.088 0.023 0.02 0.284 0.012 0.026 0.024 0.019 0.214 0.045
227 P 0.066 0.023 0.024 0.028 0.01 0.019 0.031 0.111 0.012 0.025 0.047 0.036 0.011 0.014 0.411 0.055 0.034 0.003 0.012 0.03
228 S 0.157 0.031 0.036 0.036 0.015 0.025 0.04 0.075 0.015 0.028 0.039 0.043 0.013 0.017 0.12 0.195 0.056 0.004 0.014 0.041
229 T 0.155 0.029 0.032 0.03 0.035 0.032 0.035 0.104 0.013 0.049 0.054 0.039 0.016 0.02 0.023 0.079 0.178 0.005 0.015 0.058
230 I 0.044 0.019 0.015 0.016 0.014 0.014 0.019 0.02 0.026 0.204 0.177 0.023 0.039 0.074 0.013 0.025 0.034 0.007 0.051 0.164
231 L 0.045 0.023 0.016 0.017 0.014 0.018 0.021 0.041 0.011 0.122 0.259 0.026 0.118 0.047 0.014 0.029 0.044 0.006 0.02 0.107
232 F 0.054 0.022 0.019 0.019 0.031 0.015 0.022 0.046 0.014 0.065 0.184 0.025 0.042 0.2 0.014 0.043 0.062 0.01 0.054 0.061
233 N 0.038 0.039 0.359 0.068 0.008 0.029 0.043 0.054 0.056 0.024 0.031 0.046 0.011 0.017 0.018 0.059 0.042 0.004 0.017 0.035
234 I 0.043 0.016 0.013 0.016 0.014 0.012 0.016 0.019 0.008 0.329 0.146 0.021 0.04 0.038 0.013 0.023 0.037 0.005 0.018 0.17
235 T 0.061 0.026 0.029 0.027 0.034 0.02 0.029 0.033 0.011 0.131 0.084 0.033 0.022 0.026 0.02 0.076 0.2 0.005 0.016 0.117
236 A 0.199 0.025 0.025 0.025 0.035 0.02 0.03 0.097 0.012 0.067 0.106 0.034 0.02 0.055 0.021 0.089 0.052 0.006 0.02 0.062
237 L 0.042 0.021 0.014 0.015 0.014 0.015 0.019 0.02 0.009 0.136 0.37 0.023 0.048 0.045 0.013 0.029 0.038 0.006 0.019 0.103
238 Y 0.047 0.041 0.023 0.021 0.049 0.02 0.028 0.029 0.035 0.06 0.078 0.042 0.018 0.082 0.015 0.059 0.062 0.089 0.124 0.076
239 L 0.043 0.019 0.014 0.015 0.033 0.013 0.018 0.02 0.01 0.158 0.226 0.021 0.041 0.117 0.013 0.024 0.033 0.007 0.03 0.146
240 Y 0.035 0.024 0.032 0.018 0.008 0.018 0.024 0.023 0.036 0.04 0.069 0.026 0.017 0.154 0.013 0.028 0.025 0.041 0.327 0.041
241 L 0.054 0.025 0.029 0.018 0.014 0.016 0.022 0.024 0.012 0.106 0.318 0.037 0.035 0.074 0.014 0.037 0.032 0.007 0.037 0.089
242 K 0.06 0.148 0.036 0.034 0.008 0.051 0.065 0.055 0.035 0.024 0.04 0.217 0.014 0.022 0.021 0.054 0.034 0.006 0.044 0.03
243 K 0.049 0.167 0.049 0.035 0.008 0.068 0.055 0.112 0.019 0.022 0.037 0.207 0.013 0.014 0.021 0.045 0.033 0.005 0.015 0.027
244 D 0.06 0.06 0.086 0.154 0.008 0.044 0.14 0.06 0.027 0.022 0.032 0.108 0.011 0.015 0.022 0.068 0.037 0.004 0.014 0.027
245 K 0.07 0.091 0.074 0.039 0.009 0.048 0.053 0.067 0.048 0.025 0.038 0.209 0.013 0.016 0.022 0.07 0.053 0.005 0.017 0.031
246 I 0.052 0.018 0.014 0.016 0.052 0.013 0.018 0.021 0.009 0.227 0.165 0.022 0.047 0.067 0.013 0.026 0.035 0.006 0.022 0.157
247 K 0.058 0.072 0.064 0.068 0.01 0.038 0.05 0.061 0.018 0.032 0.067 0.16 0.015 0.019 0.032 0.101 0.074 0.005 0.018 0.037
248 W 0.041 0.02 0.015 0.015 0.01 0.015 0.02 0.023 0.018 0.113 0.132 0.023 0.023 0.085 0.031 0.024 0.027 0.167 0.128 0.068
249 R 0.073 0.105 0.025 0.024 0.011 0.03 0.035 0.032 0.031 0.067 0.091 0.09 0.019 0.077 0.066 0.042 0.033 0.027 0.053 0.07
250 E 0.076 0.078 0.046 0.063 0.009 0.057 0.163 0.055 0.02 0.029 0.058 0.057 0.023 0.024 0.02 0.063 0.046 0.045 0.032 0.036
251 L 0.054 0.021 0.015 0.016 0.013 0.014 0.02 0.023 0.011 0.125 0.262 0.023 0.033 0.09 0.013 0.035 0.032 0.046 0.042 0.112
252 L 0.08 0.021 0.017 0.018 0.014 0.015 0.021 0.053 0.01 0.134 0.217 0.025 0.03 0.104 0.015 0.042 0.044 0.007 0.027 0.105
253 L 0.071 0.019 0.015 0.016 0.027 0.014 0.019 0.044 0.01 0.147 0.207 0.023 0.039 0.114 0.014 0.029 0.033 0.007 0.029 0.124
254 L 0.039 0.021 0.013 0.014 0.032 0.014 0.018 0.02 0.01 0.092 0.393 0.022 0.04 0.05 0.012 0.022 0.029 0.046 0.036 0.078
255 L 0.071 0.023 0.023 0.022 0.032 0.017 0.024 0.126 0.012 0.063 0.203 0.027 0.026 0.086 0.016 0.066 0.047 0.026 0.025 0.067
256 L 0.076 0.021 0.017 0.017 0.034 0.015 0.021 0.065 0.009 0.114 0.249 0.025 0.032 0.053 0.015 0.04 0.035 0.006 0.02 0.136
257 L 0.129 0.024 0.022 0.023 0.036 0.019 0.027 0.045 0.011 0.12 0.157 0.031 0.034 0.031 0.019 0.092 0.044 0.005 0.017 0.114
258 N 0.059 0.035 0.293 0.075 0.01 0.027 0.041 0.052 0.023 0.038 0.042 0.043 0.013 0.018 0.018 0.067 0.055 0.004 0.014 0.071
259 Y 0.045 0.023 0.021 0.02 0.011 0.017 0.024 0.057 0.022 0.082 0.126 0.027 0.026 0.109 0.014 0.058 0.042 0.052 0.162 0.059
260 W 0.032 0.02 0.014 0.014 0.009 0.014 0.02 0.024 0.017 0.048 0.103 0.021 0.019 0.105 0.009 0.022 0.024 0.314 0.108 0.061
261 I 0.058 0.019 0.014 0.016 0.015 0.015 0.019 0.022 0.009 0.227 0.185 0.023 0.057 0.038 0.014 0.027 0.037 0.005 0.019 0.182
262 F 0.032 0.02 0.017 0.016 0.009 0.014 0.02 0.022 0.027 0.048 0.083 0.022 0.02 0.306 0.011 0.025 0.023 0.019 0.221 0.045
263 L 0.081 0.064 0.039 0.035 0.011 0.045 0.04 0.039 0.034 0.061 0.117 0.075 0.029 0.055 0.018 0.05 0.045 0.009 0.082 0.069
264 K 0.059 0.059 0.045 0.04 0.009 0.132 0.098 0.035 0.022 0.035 0.071 0.136 0.043 0.038 0.02 0.045 0.035 0.006 0.033 0.039
265 T 0.065 0.031 0.039 0.033 0.016 0.024 0.035 0.039 0.012 0.046 0.057 0.04 0.017 0.021 0.024 0.09 0.327 0.005 0.016 0.062
266 D 0.038 0.033 0.166 0.295 0.007 0.047 0.067 0.045 0.02 0.032 0.031 0.044 0.01 0.015 0.019 0.05 0.036 0.004 0.012 0.028
267 S 0.117 0.035 0.046 0.042 0.016 0.029 0.045 0.059 0.017 0.027 0.038 0.047 0.014 0.018 0.026 0.296 0.07 0.005 0.015 0.039
268 R 0.04 0.411 0.034 0.028 0.007 0.043 0.047 0.029 0.02 0.021 0.041 0.115 0.014 0.015 0.017 0.04 0.031 0.005 0.015 0.027
269 L 0.04 0.021 0.013 0.014 0.014 0.015 0.018 0.019 0.009 0.112 0.417 0.023 0.05 0.047 0.013 0.022 0.03 0.006 0.02 0.097
270 S 0.089 0.031 0.038 0.035 0.034 0.025 0.037 0.046 0.015 0.052 0.054 0.041 0.017 0.024 0.024 0.173 0.168 0.006 0.029 0.064
271 F 0.054 0.017 0.015 0.016 0.01 0.01 0.018 0.026 0.015 0.055 0.097 0.018 0.022 0.428 0.011 0.026 0.024 0.014 0.074 0.049
272 Y 0.045 0.02 0.017 0.017 0.05 0.015 0.02 0.08 0.019 0.125 0.127 0.023 0.024 0.102 0.013 0.028 0.03 0.012 0.132 0.103
273 L 0.058 0.027 0.037 0.025 0.014 0.021 0.028 0.033 0.013 0.073 0.235 0.032 0.054 0.05 0.018 0.105 0.075 0.006 0.02 0.076
274 S 0.135 0.031 0.038 0.035 0.035 0.025 0.039 0.072 0.015 0.044 0.049 0.041 0.015 0.035 0.024 0.197 0.099 0.005 0.017 0.049
275 L 0.06 0.021 0.016 0.02 0.066 0.017 0.044 0.023 0.009 0.16 0.209 0.026 0.035 0.035 0.015 0.032 0.035 0.005 0.018 0.153
276 L 0.07 0.02 0.014 0.015 0.034 0.014 0.019 0.024 0.009 0.156 0.264 0.023 0.043 0.055 0.014 0.028 0.034 0.006 0.021 0.137
277 L 0.059 0.024 0.017 0.018 0.015 0.018 0.022 0.025 0.011 0.103 0.268 0.027 0.083 0.056 0.015 0.041 0.056 0.006 0.021 0.115
278 L 0.041 0.02 0.013 0.015 0.014 0.014 0.017 0.019 0.009 0.203 0.31 0.022 0.055 0.044 0.013 0.022 0.032 0.006 0.019 0.113
279 L 0.081 0.02 0.015 0.017 0.053 0.015 0.02 0.036 0.009 0.153 0.21 0.024 0.031 0.051 0.015 0.036 0.037 0.006 0.02 0.154
280 L 0.087 0.02 0.016 0.017 0.103 0.014 0.02 0.029 0.01 0.121 0.206 0.024 0.029 0.08 0.015 0.042 0.035 0.006 0.023 0.105
281 G 0.112 0.027 0.062 0.031 0.053 0.021 0.03 0.112 0.014 0.055 0.068 0.034 0.042 0.056 0.019 0.092 0.063 0.026 0.021 0.062
282 L 0.072 0.02 0.016 0.017 0.014 0.015 0.02 0.064 0.01 0.13 0.21 0.024 0.038 0.09 0.014 0.031 0.04 0.026 0.027 0.122
283 L 0.053 0.02 0.017 0.017 0.052 0.014 0.019 0.043 0.01 0.151 0.198 0.023 0.033 0.089 0.014 0.038 0.045 0.007 0.025 0.133
284 L 0.041 0.021 0.015 0.015 0.032 0.016 0.02 0.022 0.014 0.111 0.224 0.023 0.072 0.11 0.013 0.025 0.031 0.029 0.07 0.098
285 K 0.048 0.11 0.049 0.037 0.008 0.072 0.061 0.037 0.034 0.036 0.042 0.278 0.015 0.015 0.022 0.046 0.035 0.005 0.017 0.033
286 L 0.039 0.049 0.032 0.02 0.011 0.02 0.026 0.025 0.02 0.097 0.166 0.053 0.025 0.074 0.014 0.029 0.04 0.07 0.127 0.066
287 F 0.041 0.071 0.021 0.02 0.011 0.02 0.027 0.026 0.016 0.08 0.114 0.067 0.031 0.214 0.014 0.041 0.03 0.011 0.07 0.077
288 P 0.062 0.03 0.037 0.031 0.01 0.039 0.049 0.034 0.014 0.029 0.038 0.052 0.011 0.017 0.389 0.043 0.044 0.004 0.026 0.042
289 K 0.057 0.069 0.057 0.091 0.009 0.046 0.071 0.061 0.034 0.025 0.037 0.159 0.013 0.019 0.029 0.101 0.056 0.005 0.029 0.031
290 I 0.042 0.048 0.017 0.017 0.013 0.015 0.02 0.022 0.012 0.181 0.178 0.028 0.03 0.122 0.013 0.035 0.033 0.008 0.044 0.121
291 L 0.043 0.035 0.031 0.02 0.013 0.017 0.023 0.024 0.012 0.121 0.244 0.043 0.04 0.096 0.034 0.037 0.033 0.007 0.027 0.1
292 E 0.065 0.046 0.032 0.064 0.03 0.043 0.174 0.053 0.017 0.055 0.066 0.089 0.016 0.035 0.021 0.063 0.043 0.005 0.017 0.065
293 K 0.049 0.123 0.074 0.036 0.009 0.037 0.049 0.056 0.018 0.058 0.057 0.204 0.024 0.018 0.021 0.059 0.042 0.005 0.015 0.043
294 L 0.051 0.05 0.038 0.025 0.033 0.023 0.031 0.031 0.014 0.097 0.137 0.081 0.041 0.079 0.017 0.068 0.039 0.027 0.026 0.092
295 P 0.057 0.026 0.023 0.031 0.01 0.021 0.036 0.036 0.013 0.026 0.036 0.041 0.01 0.013 0.494 0.044 0.036 0.003 0.013 0.031
296 C 0.065 0.016 0.016 0.016 0.484 0.012 0.016 0.032 0.008 0.045 0.065 0.02 0.016 0.02 0.016 0.041 0.037 0.004 0.012 0.057
297 R 0.045 0.345 0.039 0.031 0.008 0.048 0.052 0.033 0.023 0.023 0.047 0.12 0.016 0.017 0.019 0.045 0.035 0.006 0.017 0.031
298 K 0.057 0.107 0.042 0.042 0.009 0.054 0.071 0.043 0.021 0.028 0.043 0.278 0.016 0.016 0.028 0.054 0.04 0.005 0.017 0.033
299 K 0.057 0.107 0.042 0.042 0.009 0.054 0.071 0.043 0.021 0.028 0.043 0.278 0.016 0.016 0.028 0.054 0.04 0.005 0.017 0.033
300 R 0.045 0.345 0.039 0.031 0.008 0.048 0.052 0.033 0.023 0.023 0.047 0.12 0.016 0.017 0.019 0.045 0.035 0.006 0.017 0.031
301 K 0.057 0.107 0.042 0.042 0.009 0.054 0.071 0.043 0.021 0.028 0.043 0.278 0.016 0.016 0.028 0.054 0.04 0.005 0.017 0.033
302 R 0.045 0.345 0.039 0.031 0.008 0.048 0.052 0.033 0.023 0.023 0.047 0.12 0.016 0.017 0.019 0.045 0.035 0.006 0.017 0.031
303 R 0.05 0.182 0.047 0.034 0.008 0.047 0.058 0.103 0.019 0.039 0.045 0.145 0.014 0.018 0.039 0.047 0.034 0.005 0.022 0.044
304 Y 0.041 0.028 0.022 0.019 0.009 0.022 0.028 0.025 0.047 0.044 0.069 0.031 0.019 0.131 0.016 0.031 0.028 0.028 0.315 0.047
305 K 0.057 0.108 0.042 0.042 0.009 0.054 0.071 0.043 0.021 0.028 0.043 0.275 0.016 0.016 0.028 0.054 0.04 0.005 0.017 0.033
306 A 0.287 0.031 0.026 0.03 0.022 0.026 0.041 0.079 0.015 0.043 0.06 0.045 0.018 0.022 0.03 0.085 0.05 0.005 0.018 0.069
307 V 0.07 0.022 0.017 0.018 0.019 0.017 0.023 0.025 0.008 0.165 0.131 0.026 0.032 0.036 0.017 0.033 0.05 0.006 0.021 0.265
308 L 0.045 0.024 0.014 0.015 0.016 0.016 0.02 0.021 0.01 0.116 0.373 0.025 0.05 0.055 0.014 0.024 0.034 0.007 0.022 0.097
309 L 0.045 0.024 0.014 0.015 0.016 0.016 0.02 0.021 0.01 0.116 0.373 0.025 0.05 0.055 0.014 0.024 0.034 0.007 0.022 0.097
310 G 0.079 0.023 0.039 0.034 0.011 0.019 0.026 0.508 0.014 0.019 0.028 0.034 0.009 0.016 0.019 0.052 0.03 0.005 0.011 0.024
311 L 0.074 0.044 0.041 0.025 0.012 0.023 0.031 0.07 0.031 0.103 0.135 0.079 0.031 0.033 0.036 0.039 0.044 0.026 0.038 0.087
312 L 0.044 0.02 0.013 0.014 0.014 0.013 0.018 0.02 0.009 0.149 0.293 0.022 0.037 0.087 0.013 0.023 0.032 0.007 0.025 0.146
313 L 0.052 0.032 0.02 0.02 0.016 0.028 0.028 0.028 0.016 0.101 0.198 0.036 0.157 0.048 0.016 0.036 0.04 0.008 0.024 0.093
314 L 0.07 0.03 0.064 0.028 0.05 0.031 0.032 0.055 0.044 0.05 0.151 0.045 0.03 0.046 0.016 0.06 0.056 0.064 0.026 0.051
315 F 0.069 0.073 0.025 0.023 0.012 0.022 0.03 0.031 0.014 0.106 0.097 0.079 0.022 0.135 0.016 0.055 0.04 0.027 0.034 0.091
316 L 0.056 0.02 0.02 0.02 0.032 0.015 0.021 0.14 0.01 0.117 0.165 0.025 0.028 0.073 0.034 0.037 0.045 0.006 0.022 0.114
317 L 0.052 0.023 0.016 0.016 0.013 0.017 0.021 0.024 0.027 0.094 0.244 0.025 0.098 0.132 0.013 0.027 0.031 0.008 0.033 0.085
318 I 0.074 0.032 0.021 0.023 0.014 0.029 0.029 0.029 0.011 0.219 0.108 0.063 0.026 0.03 0.017 0.052 0.065 0.005 0.017 0.138
319 F 0.052 0.02 0.017 0.019 0.03 0.014 0.021 0.052 0.013 0.073 0.137 0.024 0.022 0.189 0.131 0.029 0.028 0.022 0.053 0.056
320 S 0.109 0.033 0.043 0.039 0.016 0.027 0.042 0.054 0.016 0.037 0.057 0.045 0.016 0.02 0.025 0.249 0.106 0.005 0.016 0.045
