#Seq2Logo.py -f /work3/idamei/ssn-clusterings/clustering/2205111239/clusters/0006_246/sequences.afa -o /work3/idamei/ssn-clusterings/clustering/2205111239/clusters/0006_246/sequences.logo
#Position Specific Frequency Matrix
A R N D C Q E G H I L K M F P S T W Y V
0 L 0.052 0.032 0.02 0.02 0.016 0.028 0.028 0.028 0.016 0.101 0.197 0.036 0.158 0.048 0.016 0.036 0.04 0.008 0.024 0.093
1 L 0.052 0.032 0.02 0.02 0.016 0.028 0.028 0.028 0.016 0.101 0.197 0.036 0.158 0.048 0.016 0.036 0.04 0.008 0.024 0.093
2 N 0.043 0.045 0.315 0.083 0.009 0.034 0.05 0.065 0.032 0.023 0.032 0.054 0.011 0.018 0.02 0.07 0.05 0.005 0.016 0.027
3 L 0.052 0.032 0.02 0.02 0.016 0.028 0.028 0.028 0.016 0.099 0.194 0.036 0.171 0.048 0.016 0.036 0.04 0.008 0.024 0.091
4 I 0.047 0.017 0.015 0.017 0.016 0.013 0.017 0.02 0.009 0.28 0.166 0.023 0.036 0.044 0.015 0.025 0.039 0.006 0.02 0.175
5 S 0.109 0.04 0.053 0.048 0.017 0.033 0.052 0.065 0.019 0.029 0.041 0.053 0.016 0.021 0.029 0.23 0.081 0.005 0.017 0.041
6 I 0.046 0.019 0.014 0.017 0.016 0.014 0.018 0.021 0.009 0.233 0.228 0.024 0.04 0.047 0.014 0.024 0.038 0.006 0.021 0.152
7 L 0.085 0.022 0.016 0.018 0.017 0.016 0.022 0.029 0.01 0.182 0.207 0.027 0.037 0.042 0.017 0.034 0.04 0.006 0.02 0.151
8 Y 0.038 0.025 0.02 0.018 0.01 0.018 0.025 0.025 0.038 0.049 0.081 0.027 0.02 0.205 0.014 0.029 0.027 0.025 0.258 0.048
9 F 0.039 0.019 0.016 0.017 0.013 0.012 0.019 0.023 0.013 0.132 0.167 0.021 0.032 0.246 0.012 0.025 0.03 0.012 0.059 0.094
10 L 0.049 0.02 0.015 0.017 0.016 0.014 0.019 0.021 0.009 0.216 0.223 0.024 0.039 0.045 0.015 0.026 0.039 0.006 0.021 0.167
11 L 0.044 0.023 0.014 0.015 0.016 0.016 0.02 0.021 0.01 0.138 0.352 0.025 0.047 0.053 0.014 0.024 0.034 0.007 0.022 0.106
12 A 0.236 0.028 0.029 0.03 0.018 0.023 0.036 0.203 0.014 0.036 0.05 0.041 0.015 0.02 0.026 0.074 0.044 0.005 0.015 0.055
13 L 0.053 0.024 0.021 0.02 0.015 0.018 0.022 0.146 0.011 0.109 0.244 0.028 0.053 0.042 0.015 0.032 0.034 0.007 0.019 0.087
14 C 0.063 0.024 0.026 0.024 0.136 0.019 0.026 0.032 0.01 0.121 0.097 0.031 0.024 0.029 0.02 0.054 0.122 0.005 0.017 0.119
15 L 0.05 0.021 0.021 0.02 0.013 0.015 0.021 0.146 0.012 0.098 0.2 0.025 0.031 0.129 0.014 0.031 0.031 0.009 0.035 0.077
16 Y 0.04 0.028 0.021 0.018 0.009 0.021 0.028 0.025 0.046 0.043 0.067 0.031 0.018 0.129 0.015 0.031 0.028 0.028 0.328 0.046
17 G 0.073 0.029 0.038 0.034 0.014 0.022 0.034 0.163 0.016 0.041 0.061 0.037 0.017 0.114 0.021 0.1 0.098 0.008 0.033 0.047
18 L 0.047 0.022 0.015 0.016 0.015 0.015 0.02 0.023 0.011 0.113 0.253 0.024 0.038 0.135 0.014 0.026 0.035 0.009 0.038 0.131
19 I 0.11 0.021 0.017 0.02 0.017 0.016 0.023 0.035 0.01 0.222 0.139 0.028 0.032 0.038 0.018 0.039 0.042 0.006 0.02 0.148
20 Y 0.112 0.027 0.021 0.021 0.015 0.021 0.03 0.038 0.029 0.073 0.08 0.033 0.021 0.079 0.019 0.044 0.038 0.016 0.173 0.11
21 L 0.052 0.043 0.022 0.022 0.014 0.025 0.033 0.028 0.013 0.098 0.201 0.09 0.033 0.082 0.017 0.033 0.037 0.007 0.029 0.12
22 K 0.053 0.085 0.034 0.034 0.01 0.044 0.057 0.037 0.018 0.049 0.128 0.223 0.024 0.025 0.024 0.046 0.038 0.006 0.018 0.048
23 S 0.147 0.036 0.044 0.041 0.018 0.029 0.045 0.063 0.017 0.038 0.051 0.049 0.017 0.021 0.029 0.159 0.117 0.005 0.017 0.055
24 K 0.056 0.106 0.041 0.041 0.008 0.053 0.07 0.043 0.02 0.027 0.043 0.289 0.015 0.015 0.027 0.053 0.039 0.005 0.017 0.032
25 D 0.04 0.029 0.068 0.406 0.007 0.029 0.09 0.046 0.018 0.022 0.028 0.044 0.009 0.015 0.022 0.051 0.035 0.004 0.011 0.024
26 L 0.047 0.044 0.023 0.023 0.012 0.026 0.034 0.027 0.021 0.116 0.165 0.092 0.03 0.06 0.018 0.033 0.035 0.011 0.097 0.087
27 L 0.043 0.023 0.016 0.016 0.014 0.017 0.021 0.022 0.019 0.138 0.251 0.026 0.038 0.07 0.014 0.026 0.033 0.012 0.098 0.102
28 H 0.042 0.045 0.121 0.049 0.008 0.037 0.052 0.044 0.281 0.022 0.036 0.047 0.014 0.027 0.019 0.048 0.032 0.007 0.046 0.024
29 P 0.056 0.025 0.023 0.031 0.01 0.02 0.036 0.036 0.013 0.025 0.036 0.041 0.01 0.013 0.501 0.043 0.036 0.003 0.013 0.031
30 L 0.06 0.027 0.024 0.024 0.016 0.02 0.028 0.032 0.012 0.114 0.271 0.032 0.039 0.044 0.018 0.076 0.046 0.006 0.021 0.091
31 G 0.133 0.025 0.035 0.032 0.013 0.02 0.029 0.407 0.014 0.025 0.036 0.036 0.011 0.017 0.021 0.059 0.034 0.005 0.012 0.035
32 I 0.046 0.017 0.014 0.017 0.016 0.013 0.017 0.02 0.009 0.282 0.165 0.023 0.036 0.044 0.014 0.025 0.039 0.006 0.02 0.174
33 G 0.069 0.023 0.032 0.029 0.012 0.018 0.024 0.393 0.012 0.042 0.117 0.031 0.019 0.025 0.017 0.044 0.03 0.006 0.013 0.042
34 V 0.058 0.02 0.015 0.017 0.017 0.015 0.02 0.022 0.008 0.222 0.147 0.024 0.034 0.039 0.015 0.029 0.044 0.006 0.02 0.227
35 L 0.047 0.023 0.014 0.016 0.016 0.016 0.02 0.021 0.01 0.141 0.325 0.025 0.045 0.05 0.014 0.025 0.036 0.007 0.022 0.128
36 L 0.041 0.023 0.015 0.015 0.015 0.015 0.02 0.022 0.012 0.101 0.317 0.023 0.043 0.139 0.013 0.024 0.031 0.009 0.038 0.085
37 W 0.03 0.022 0.015 0.015 0.007 0.015 0.022 0.03 0.015 0.03 0.052 0.022 0.015 0.06 0.007 0.022 0.022 0.5 0.067 0.03
38 F 0.036 0.022 0.018 0.017 0.01 0.015 0.022 0.025 0.028 0.055 0.096 0.023 0.023 0.296 0.012 0.027 0.026 0.021 0.178 0.051
39 L 0.041 0.023 0.015 0.015 0.015 0.015 0.02 0.022 0.012 0.101 0.317 0.023 0.043 0.139 0.013 0.024 0.031 0.009 0.038 0.085
40 A 0.204 0.035 0.039 0.039 0.019 0.029 0.046 0.071 0.017 0.036 0.05 0.049 0.016 0.021 0.029 0.158 0.065 0.005 0.017 0.055
41 C 0.134 0.026 0.028 0.027 0.255 0.02 0.031 0.052 0.012 0.04 0.057 0.034 0.016 0.02 0.023 0.099 0.051 0.005 0.015 0.055
42 S 0.108 0.04 0.053 0.048 0.017 0.033 0.052 0.065 0.019 0.029 0.041 0.053 0.015 0.021 0.029 0.231 0.081 0.005 0.017 0.041
43 L 0.044 0.024 0.014 0.015 0.016 0.016 0.02 0.021 0.01 0.114 0.385 0.025 0.049 0.054 0.014 0.024 0.033 0.007 0.022 0.095
44 A 0.204 0.035 0.039 0.039 0.019 0.029 0.046 0.071 0.017 0.036 0.05 0.049 0.016 0.021 0.029 0.158 0.065 0.005 0.017 0.055
45 S 0.083 0.04 0.119 0.054 0.015 0.031 0.048 0.059 0.021 0.033 0.044 0.051 0.015 0.021 0.026 0.156 0.117 0.005 0.017 0.045
46 F 0.041 0.021 0.018 0.017 0.012 0.014 0.021 0.024 0.022 0.097 0.11 0.023 0.026 0.24 0.013 0.027 0.03 0.017 0.131 0.095
47 D 0.044 0.034 0.061 0.327 0.007 0.038 0.144 0.043 0.02 0.022 0.03 0.052 0.01 0.015 0.023 0.052 0.035 0.004 0.012 0.026
48 L 0.053 0.024 0.024 0.069 0.014 0.018 0.033 0.029 0.011 0.113 0.161 0.031 0.028 0.033 0.137 0.034 0.039 0.005 0.018 0.126
49 L 0.039 0.021 0.015 0.016 0.013 0.013 0.019 0.023 0.013 0.088 0.249 0.022 0.037 0.225 0.012 0.024 0.029 0.012 0.055 0.074
50 F 0.037 0.023 0.019 0.018 0.01 0.016 0.023 0.025 0.031 0.053 0.09 0.025 0.022 0.262 0.013 0.028 0.026 0.022 0.208 0.05
51 D 0.041 0.033 0.133 0.325 0.008 0.03 0.08 0.05 0.022 0.022 0.028 0.046 0.01 0.015 0.022 0.056 0.038 0.004 0.012 0.025
52 K 0.063 0.052 0.038 0.035 0.011 0.034 0.048 0.042 0.068 0.031 0.047 0.104 0.015 0.047 0.083 0.089 0.045 0.011 0.099 0.037
53 Q 0.052 0.074 0.114 0.054 0.009 0.135 0.08 0.047 0.027 0.025 0.042 0.13 0.017 0.015 0.023 0.058 0.042 0.005 0.018 0.032
54 L 0.044 0.024 0.014 0.015 0.016 0.016 0.02 0.021 0.01 0.114 0.385 0.025 0.049 0.054 0.014 0.024 0.033 0.007 0.022 0.095
55 Q 0.055 0.072 0.043 0.046 0.009 0.226 0.101 0.041 0.029 0.026 0.046 0.09 0.02 0.014 0.023 0.055 0.041 0.006 0.02 0.035
56 N 0.068 0.039 0.109 0.059 0.013 0.036 0.108 0.047 0.021 0.059 0.059 0.052 0.018 0.022 0.023 0.097 0.054 0.005 0.017 0.095
57 E 0.065 0.046 0.046 0.066 0.01 0.049 0.18 0.043 0.109 0.024 0.038 0.062 0.014 0.021 0.025 0.095 0.045 0.006 0.027 0.031
58 L 0.044 0.024 0.014 0.015 0.016 0.016 0.02 0.021 0.01 0.114 0.385 0.025 0.049 0.054 0.014 0.024 0.033 0.007 0.022 0.095
59 S 0.108 0.04 0.053 0.048 0.017 0.033 0.052 0.065 0.019 0.029 0.041 0.053 0.015 0.021 0.029 0.231 0.081 0.005 0.017 0.041
60 L 0.047 0.025 0.022 0.021 0.014 0.017 0.024 0.028 0.013 0.079 0.202 0.028 0.033 0.175 0.016 0.041 0.086 0.01 0.045 0.073
61 E 0.051 0.05 0.048 0.158 0.008 0.096 0.201 0.039 0.025 0.023 0.037 0.071 0.014 0.015 0.024 0.054 0.037 0.005 0.016 0.03
62 T 0.129 0.034 0.038 0.035 0.018 0.027 0.039 0.051 0.014 0.05 0.063 0.045 0.019 0.023 0.028 0.089 0.206 0.006 0.017 0.069
63 H 0.042 0.04 0.112 0.043 0.01 0.031 0.043 0.04 0.193 0.045 0.123 0.042 0.023 0.033 0.018 0.044 0.034 0.007 0.038 0.042
64 V 0.069 0.024 0.024 0.024 0.018 0.019 0.027 0.031 0.01 0.162 0.119 0.031 0.029 0.034 0.019 0.063 0.076 0.006 0.02 0.197
65 C 0.134 0.026 0.028 0.027 0.255 0.02 0.031 0.052 0.012 0.04 0.057 0.034 0.016 0.02 0.023 0.099 0.051 0.005 0.015 0.055
66 I 0.049 0.025 0.017 0.019 0.016 0.02 0.023 0.024 0.012 0.19 0.18 0.029 0.105 0.046 0.015 0.03 0.039 0.007 0.022 0.133
67 L 0.049 0.023 0.015 0.016 0.016 0.015 0.021 0.022 0.01 0.119 0.287 0.024 0.041 0.092 0.014 0.026 0.036 0.008 0.03 0.136
68 L 0.05 0.023 0.015 0.016 0.017 0.016 0.021 0.022 0.009 0.126 0.321 0.025 0.044 0.049 0.015 0.026 0.037 0.007 0.022 0.141
69 A 0.253 0.033 0.032 0.034 0.02 0.027 0.043 0.074 0.016 0.039 0.054 0.046 0.017 0.021 0.029 0.121 0.057 0.005 0.017 0.061
70 G 0.077 0.023 0.039 0.033 0.011 0.019 0.025 0.517 0.013 0.019 0.028 0.033 0.009 0.016 0.019 0.051 0.029 0.005 0.011 0.024
71 L 0.109 0.024 0.018 0.019 0.016 0.017 0.025 0.036 0.013 0.089 0.203 0.028 0.033 0.129 0.017 0.04 0.037 0.009 0.037 0.101
72 F 0.06 0.023 0.026 0.024 0.132 0.016 0.026 0.037 0.015 0.05 0.083 0.028 0.02 0.208 0.017 0.08 0.042 0.011 0.051 0.051
73 F 0.038 0.022 0.017 0.017 0.012 0.015 0.021 0.024 0.022 0.07 0.169 0.023 0.029 0.244 0.013 0.026 0.028 0.017 0.131 0.062
74 V 0.07 0.027 0.029 0.027 0.016 0.02 0.031 0.037 0.014 0.09 0.095 0.033 0.024 0.12 0.019 0.088 0.077 0.008 0.036 0.137
75 L 0.074 0.022 0.016 0.018 0.015 0.015 0.021 0.029 0.012 0.134 0.221 0.025 0.036 0.133 0.015 0.032 0.035 0.009 0.037 0.101
76 P 0.056 0.025 0.023 0.031 0.01 0.02 0.036 0.036 0.013 0.025 0.036 0.041 0.01 0.013 0.501 0.043 0.036 0.003 0.013 0.031
77 F 0.103 0.021 0.018 0.02 0.015 0.015 0.024 0.037 0.014 0.112 0.112 0.026 0.026 0.214 0.016 0.04 0.035 0.011 0.053 0.088
78 L 0.05 0.019 0.016 0.017 0.134 0.013 0.018 0.025 0.011 0.132 0.15 0.022 0.029 0.126 0.014 0.029 0.035 0.008 0.035 0.118
79 F 0.033 0.019 0.017 0.017 0.01 0.01 0.019 0.025 0.017 0.062 0.113 0.019 0.025 0.396 0.01 0.025 0.025 0.017 0.087 0.054
80 S 0.092 0.036 0.043 0.04 0.017 0.029 0.044 0.054 0.017 0.05 0.127 0.046 0.024 0.029 0.025 0.18 0.069 0.006 0.018 0.055
81 K 0.064 0.101 0.039 0.036 0.011 0.039 0.052 0.042 0.027 0.031 0.049 0.144 0.016 0.045 0.024 0.091 0.046 0.011 0.095 0.038
82 K 0.047 0.146 0.034 0.032 0.009 0.041 0.052 0.036 0.02 0.035 0.061 0.179 0.018 0.111 0.021 0.044 0.034 0.008 0.035 0.037
83 K 0.055 0.094 0.028 0.028 0.013 0.033 0.043 0.031 0.015 0.124 0.095 0.135 0.024 0.028 0.02 0.04 0.041 0.005 0.019 0.129
84 N 0.058 0.039 0.194 0.155 0.011 0.032 0.06 0.06 0.025 0.024 0.033 0.051 0.012 0.018 0.023 0.105 0.053 0.004 0.015 0.03
85 K 0.117 0.087 0.037 0.038 0.012 0.046 0.062 0.051 0.019 0.031 0.047 0.228 0.016 0.017 0.028 0.06 0.042 0.005 0.017 0.041
86 L 0.045 0.024 0.014 0.015 0.016 0.016 0.02 0.021 0.01 0.116 0.374 0.025 0.05 0.055 0.014 0.024 0.033 0.007 0.022 0.096
87 P 0.069 0.038 0.075 0.057 0.012 0.037 0.109 0.047 0.02 0.028 0.04 0.054 0.013 0.018 0.145 0.102 0.076 0.005 0.016 0.038
88 L 0.047 0.108 0.06 0.028 0.013 0.026 0.031 0.03 0.015 0.107 0.196 0.052 0.032 0.037 0.016 0.036 0.038 0.006 0.02 0.103
89 F 0.039 0.025 0.094 0.033 0.011 0.017 0.026 0.034 0.018 0.107 0.105 0.028 0.024 0.213 0.014 0.036 0.034 0.011 0.053 0.077
90 G 0.069 0.109 0.036 0.032 0.013 0.028 0.036 0.159 0.016 0.088 0.07 0.057 0.019 0.024 0.02 0.088 0.046 0.005 0.016 0.067
91 Y 0.047 0.028 0.026 0.023 0.011 0.022 0.029 0.029 0.034 0.048 0.072 0.033 0.019 0.136 0.018 0.045 0.085 0.021 0.22 0.053
92 Q 0.068 0.064 0.046 0.047 0.011 0.178 0.089 0.047 0.026 0.027 0.045 0.081 0.019 0.016 0.025 0.099 0.051 0.006 0.02 0.036
93 R 0.044 0.208 0.033 0.03 0.009 0.04 0.048 0.033 0.021 0.034 0.062 0.136 0.018 0.111 0.019 0.041 0.033 0.008 0.035 0.037
94 F 0.04 0.018 0.016 0.017 0.013 0.012 0.018 0.023 0.013 0.172 0.139 0.021 0.031 0.22 0.012 0.025 0.032 0.011 0.054 0.114
95 D 0.044 0.052 0.046 0.126 0.008 0.035 0.06 0.038 0.112 0.029 0.044 0.102 0.014 0.047 0.021 0.044 0.032 0.011 0.103 0.031
96 F 0.041 0.023 0.019 0.021 0.01 0.016 0.025 0.028 0.023 0.048 0.082 0.027 0.02 0.233 0.134 0.031 0.028 0.016 0.129 0.046
97 N 0.067 0.038 0.186 0.061 0.011 0.029 0.044 0.178 0.024 0.023 0.033 0.048 0.012 0.018 0.022 0.105 0.052 0.005 0.015 0.03
98 G 0.07 0.047 0.037 0.035 0.012 0.029 0.041 0.162 0.016 0.041 0.09 0.099 0.019 0.069 0.022 0.09 0.045 0.007 0.025 0.043
99 L 0.112 0.027 0.025 0.024 0.016 0.02 0.029 0.041 0.014 0.068 0.155 0.033 0.028 0.124 0.02 0.056 0.091 0.009 0.036 0.072
100 Y 0.04 0.028 0.021 0.018 0.009 0.021 0.028 0.025 0.046 0.043 0.067 0.031 0.018 0.129 0.015 0.031 0.028 0.028 0.328 0.046
101 R 0.06 0.114 0.108 0.045 0.012 0.032 0.042 0.046 0.02 0.089 0.071 0.062 0.02 0.025 0.021 0.092 0.051 0.005 0.018 0.068
102 L 0.043 0.023 0.017 0.017 0.013 0.016 0.022 0.023 0.02 0.089 0.205 0.025 0.033 0.156 0.014 0.027 0.032 0.014 0.115 0.096
103 F 0.054 0.019 0.016 0.017 0.134 0.013 0.02 0.027 0.011 0.095 0.106 0.022 0.025 0.167 0.014 0.032 0.037 0.009 0.043 0.139
104 F 0.036 0.02 0.016 0.016 0.012 0.012 0.019 0.024 0.015 0.075 0.181 0.02 0.031 0.31 0.011 0.025 0.027 0.014 0.071 0.064
105 N 0.042 0.044 0.327 0.082 0.009 0.033 0.049 0.064 0.031 0.022 0.031 0.053 0.011 0.018 0.02 0.069 0.049 0.004 0.015 0.027
106 L 0.05 0.022 0.021 0.02 0.013 0.015 0.021 0.146 0.012 0.077 0.227 0.025 0.033 0.13 0.014 0.031 0.03 0.009 0.036 0.067
107 L 0.061 0.025 0.024 0.025 0.016 0.019 0.027 0.032 0.012 0.177 0.189 0.031 0.034 0.04 0.018 0.076 0.048 0.006 0.02 0.121
108 L 0.058 0.025 0.017 0.017 0.017 0.019 0.023 0.024 0.01 0.134 0.209 0.028 0.071 0.043 0.016 0.031 0.042 0.006 0.022 0.186
109 L 0.082 0.021 0.016 0.018 0.135 0.015 0.021 0.031 0.01 0.129 0.209 0.026 0.034 0.039 0.017 0.036 0.037 0.006 0.018 0.102
110 L 0.109 0.024 0.017 0.019 0.017 0.018 0.024 0.035 0.011 0.138 0.248 0.029 0.038 0.043 0.018 0.039 0.039 0.006 0.02 0.108
111 S 0.147 0.036 0.044 0.041 0.018 0.029 0.045 0.063 0.017 0.038 0.051 0.049 0.017 0.021 0.029 0.159 0.117 0.005 0.017 0.055
112 I 0.049 0.019 0.015 0.017 0.016 0.014 0.018 0.021 0.009 0.246 0.188 0.024 0.037 0.044 0.015 0.026 0.04 0.006 0.021 0.177
113 I 0.046 0.018 0.015 0.017 0.015 0.013 0.018 0.022 0.011 0.212 0.148 0.022 0.033 0.131 0.014 0.026 0.037 0.008 0.037 0.157
114 A 0.214 0.029 0.025 0.027 0.02 0.023 0.036 0.06 0.013 0.074 0.077 0.039 0.021 0.025 0.026 0.072 0.075 0.005 0.018 0.121
115 F 0.033 0.019 0.017 0.017 0.01 0.01 0.019 0.025 0.017 0.062 0.113 0.019 0.025 0.396 0.01 0.025 0.025 0.017 0.087 0.054
116 F 0.037 0.021 0.016 0.016 0.013 0.013 0.019 0.024 0.014 0.082 0.215 0.021 0.034 0.268 0.012 0.025 0.028 0.013 0.063 0.069
117 V 0.052 0.025 0.018 0.018 0.015 0.02 0.024 0.024 0.02 0.146 0.139 0.029 0.065 0.064 0.015 0.031 0.039 0.012 0.098 0.148
118 R 0.044 0.355 0.038 0.031 0.008 0.048 0.052 0.032 0.023 0.023 0.046 0.118 0.015 0.017 0.019 0.044 0.034 0.006 0.017 0.031
119 F 0.033 0.019 0.017 0.017 0.01 0.01 0.019 0.025 0.017 0.062 0.113 0.019 0.025 0.396 0.01 0.025 0.025 0.017 0.087 0.054
120 G 0.058 0.139 0.04 0.038 0.009 0.086 0.062 0.158 0.021 0.024 0.041 0.133 0.015 0.016 0.022 0.051 0.036 0.005 0.016 0.03
121 S 0.078 0.038 0.046 0.039 0.015 0.031 0.045 0.048 0.103 0.05 0.057 0.046 0.018 0.025 0.025 0.124 0.107 0.006 0.027 0.074
122 L 0.051 0.044 0.029 0.043 0.012 0.083 0.114 0.031 0.02 0.065 0.165 0.056 0.064 0.033 0.02 0.042 0.037 0.007 0.021 0.063
123 I 0.046 0.019 0.014 0.017 0.016 0.014 0.018 0.02 0.009 0.24 0.22 0.024 0.039 0.046 0.014 0.024 0.038 0.006 0.021 0.154
124 F 0.062 0.028 0.032 0.03 0.014 0.02 0.032 0.04 0.016 0.052 0.083 0.034 0.021 0.209 0.019 0.093 0.097 0.011 0.052 0.055
125 A 0.117 0.037 0.106 0.043 0.015 0.03 0.042 0.055 0.063 0.047 0.081 0.045 0.054 0.028 0.022 0.081 0.048 0.006 0.023 0.054
126 P 0.056 0.025 0.023 0.031 0.01 0.02 0.036 0.036 0.013 0.025 0.036 0.041 0.01 0.013 0.501 0.043 0.036 0.003 0.013 0.031
127 A 0.182 0.03 0.029 0.032 0.018 0.025 0.039 0.058 0.014 0.041 0.054 0.043 0.016 0.02 0.147 0.076 0.098 0.005 0.016 0.059
128 L 0.044 0.024 0.014 0.015 0.016 0.016 0.02 0.021 0.01 0.114 0.385 0.025 0.049 0.054 0.014 0.024 0.033 0.007 0.022 0.095
129 F 0.036 0.02 0.016 0.016 0.012 0.012 0.019 0.024 0.015 0.075 0.181 0.02 0.031 0.31 0.011 0.025 0.027 0.014 0.071 0.064
130 S 0.089 0.034 0.041 0.038 0.018 0.027 0.041 0.049 0.015 0.068 0.069 0.044 0.02 0.025 0.025 0.147 0.117 0.005 0.018 0.108
131 G 0.08 0.048 0.043 0.039 0.012 0.031 0.043 0.286 0.016 0.023 0.035 0.102 0.012 0.017 0.023 0.096 0.045 0.005 0.014 0.03
132 E 0.055 0.05 0.04 0.09 0.007 0.064 0.296 0.035 0.026 0.022 0.037 0.076 0.013 0.017 0.026 0.055 0.037 0.006 0.017 0.031
133 A 0.216 0.027 0.027 0.029 0.018 0.022 0.034 0.181 0.013 0.052 0.06 0.039 0.017 0.022 0.025 0.069 0.044 0.005 0.016 0.083
134 G 0.071 0.028 0.032 0.03 0.015 0.023 0.03 0.158 0.014 0.107 0.107 0.036 0.058 0.032 0.02 0.086 0.047 0.006 0.018 0.083
135 S 0.088 0.039 0.12 0.055 0.014 0.031 0.048 0.122 0.021 0.026 0.037 0.051 0.014 0.019 0.026 0.168 0.066 0.005 0.016 0.035
136 D 0.04 0.029 0.068 0.406 0.007 0.029 0.09 0.046 0.018 0.022 0.028 0.044 0.009 0.015 0.022 0.051 0.035 0.004 0.011 0.024
137 L 0.05 0.023 0.015 0.016 0.017 0.016 0.021 0.022 0.009 0.126 0.321 0.025 0.044 0.049 0.015 0.026 0.037 0.007 0.022 0.141
138 K 0.056 0.106 0.041 0.041 0.008 0.053 0.07 0.043 0.02 0.027 0.043 0.289 0.015 0.015 0.027 0.053 0.039 0.005 0.017 0.032
139 S 0.108 0.04 0.053 0.048 0.017 0.033 0.052 0.065 0.019 0.029 0.041 0.053 0.015 0.021 0.029 0.231 0.081 0.005 0.017 0.041
140 T 0.122 0.031 0.031 0.03 0.018 0.024 0.034 0.046 0.013 0.065 0.143 0.04 0.026 0.03 0.024 0.073 0.149 0.006 0.019 0.076
141 V 0.063 0.021 0.016 0.018 0.018 0.015 0.022 0.023 0.008 0.192 0.138 0.025 0.032 0.037 0.016 0.03 0.046 0.006 0.02 0.253
142 P 0.056 0.025 0.023 0.031 0.01 0.02 0.036 0.036 0.013 0.025 0.036 0.041 0.01 0.013 0.501 0.043 0.036 0.003 0.013 0.031
143 D 0.041 0.033 0.133 0.325 0.008 0.03 0.08 0.05 0.022 0.022 0.028 0.046 0.01 0.015 0.022 0.056 0.038 0.004 0.012 0.025
144 A 0.245 0.029 0.029 0.03 0.019 0.024 0.036 0.187 0.014 0.037 0.051 0.041 0.015 0.02 0.027 0.075 0.044 0.005 0.016 0.057
145 L 0.048 0.023 0.016 0.019 0.015 0.016 0.023 0.024 0.01 0.134 0.243 0.028 0.036 0.041 0.136 0.029 0.035 0.006 0.019 0.099
146 P 0.056 0.025 0.023 0.031 0.01 0.02 0.036 0.036 0.013 0.025 0.036 0.041 0.01 0.013 0.501 0.043 0.036 0.003 0.013 0.031
147 G 0.058 0.022 0.027 0.025 0.012 0.016 0.022 0.27 0.013 0.053 0.138 0.028 0.023 0.12 0.015 0.038 0.029 0.009 0.033 0.049
148 L 0.05 0.023 0.015 0.016 0.017 0.016 0.021 0.022 0.009 0.126 0.321 0.025 0.044 0.049 0.015 0.026 0.037 0.007 0.022 0.141
149 H 0.042 0.045 0.19 0.06 0.008 0.035 0.051 0.051 0.198 0.022 0.034 0.049 0.013 0.024 0.019 0.055 0.037 0.006 0.036 0.025
150 Y 0.038 0.025 0.02 0.018 0.009 0.019 0.025 0.025 0.039 0.048 0.079 0.028 0.02 0.196 0.014 0.029 0.027 0.025 0.268 0.048
151 I 0.043 0.018 0.015 0.017 0.015 0.012 0.018 0.021 0.011 0.227 0.152 0.022 0.033 0.132 0.013 0.025 0.036 0.009 0.037 0.144
152 D 0.044 0.034 0.061 0.327 0.007 0.038 0.144 0.043 0.02 0.022 0.03 0.052 0.01 0.015 0.023 0.052 0.035 0.004 0.012 0.026
153 L 0.05 0.023 0.015 0.016 0.017 0.016 0.021 0.022 0.009 0.126 0.321 0.025 0.044 0.049 0.015 0.026 0.037 0.007 0.022 0.141
154 L 0.057 0.027 0.024 0.024 0.015 0.019 0.028 0.033 0.014 0.08 0.231 0.03 0.035 0.131 0.017 0.076 0.043 0.009 0.037 0.071
155 T 0.067 0.034 0.037 0.033 0.017 0.027 0.036 0.039 0.014 0.064 0.097 0.042 0.058 0.029 0.024 0.077 0.203 0.006 0.019 0.075
156 P 0.056 0.025 0.023 0.031 0.01 0.02 0.036 0.036 0.013 0.025 0.036 0.041 0.01 0.013 0.501 0.043 0.036 0.003 0.013 0.031
157 Y 0.038 0.025 0.02 0.018 0.009 0.019 0.025 0.025 0.039 0.048 0.079 0.028 0.02 0.196 0.014 0.029 0.027 0.025 0.268 0.048
158 L 0.109 0.024 0.017 0.019 0.017 0.018 0.024 0.035 0.011 0.138 0.248 0.029 0.038 0.043 0.018 0.039 0.039 0.006 0.02 0.108
159 A 0.301 0.031 0.025 0.029 0.021 0.025 0.04 0.077 0.015 0.043 0.059 0.044 0.017 0.021 0.029 0.084 0.049 0.005 0.017 0.068
160 L 0.051 0.02 0.015 0.017 0.017 0.015 0.019 0.021 0.009 0.21 0.211 0.024 0.038 0.044 0.015 0.026 0.04 0.006 0.021 0.181
161 L 0.096 0.03 0.029 0.028 0.017 0.023 0.033 0.042 0.013 0.076 0.218 0.037 0.033 0.038 0.021 0.092 0.075 0.006 0.02 0.075
162 A 0.301 0.031 0.025 0.029 0.021 0.025 0.04 0.077 0.015 0.043 0.059 0.044 0.017 0.021 0.029 0.084 0.049 0.005 0.017 0.068
163 L 0.043 0.025 0.016 0.016 0.014 0.017 0.022 0.022 0.019 0.096 0.305 0.026 0.041 0.073 0.014 0.026 0.032 0.012 0.098 0.083
164 L 0.041 0.026 0.024 0.022 0.012 0.019 0.027 0.026 0.1 0.12 0.175 0.028 0.031 0.131 0.014 0.029 0.031 0.009 0.047 0.086
165 E 0.052 0.125 0.039 0.074 0.007 0.06 0.243 0.034 0.025 0.022 0.039 0.085 0.013 0.017 0.024 0.052 0.036 0.005 0.017 0.031
166 L 0.046 0.024 0.016 0.017 0.016 0.018 0.021 0.022 0.011 0.152 0.282 0.027 0.077 0.05 0.015 0.027 0.036 0.007 0.022 0.114
167 K 0.05 0.147 0.033 0.032 0.01 0.042 0.053 0.035 0.018 0.048 0.129 0.18 0.024 0.025 0.022 0.043 0.036 0.006 0.018 0.047
168 Y 0.04 0.025 0.019 0.018 0.011 0.019 0.024 0.025 0.03 0.064 0.134 0.028 0.043 0.176 0.014 0.029 0.029 0.02 0.192 0.06
169 S 0.097 0.034 0.044 0.04 0.136 0.028 0.043 0.057 0.016 0.033 0.047 0.045 0.016 0.02 0.026 0.184 0.07 0.005 0.016 0.045
170 L 0.042 0.03 0.094 0.033 0.012 0.022 0.029 0.033 0.024 0.073 0.217 0.033 0.032 0.064 0.016 0.037 0.036 0.012 0.097 0.066
171 R 0.046 0.137 0.115 0.048 0.008 0.043 0.056 0.044 0.11 0.024 0.039 0.126 0.014 0.02 0.021 0.052 0.037 0.006 0.027 0.028
172 L 0.053 0.031 0.025 0.025 0.015 0.044 0.034 0.029 0.013 0.129 0.207 0.038 0.035 0.039 0.019 0.045 0.092 0.006 0.02 0.101
173 R 0.064 0.157 0.114 0.048 0.011 0.037 0.048 0.109 0.023 0.024 0.039 0.075 0.014 0.018 0.022 0.098 0.049 0.005 0.016 0.031
174 R 0.063 0.214 0.043 0.038 0.01 0.045 0.056 0.043 0.021 0.026 0.044 0.145 0.015 0.018 0.024 0.093 0.047 0.005 0.017 0.034
175 K 0.056 0.064 0.028 0.029 0.013 0.034 0.046 0.033 0.015 0.083 0.15 0.157 0.028 0.03 0.021 0.04 0.04 0.006 0.019 0.11
176 R 0.043 0.277 0.11 0.043 0.008 0.044 0.051 0.04 0.025 0.023 0.042 0.102 0.014 0.017 0.019 0.05 0.038 0.005 0.017 0.03
177 F 0.039 0.074 0.024 0.022 0.01 0.023 0.031 0.028 0.025 0.048 0.084 0.068 0.021 0.234 0.015 0.032 0.029 0.017 0.13 0.046
178 V 0.057 0.021 0.016 0.018 0.017 0.016 0.021 0.023 0.013 0.192 0.135 0.025 0.031 0.05 0.015 0.029 0.042 0.008 0.059 0.211
179 L 0.043 0.022 0.014 0.016 0.015 0.015 0.019 0.021 0.01 0.149 0.296 0.024 0.043 0.094 0.014 0.024 0.033 0.008 0.03 0.11
180 L 0.044 0.024 0.014 0.015 0.016 0.016 0.02 0.021 0.01 0.114 0.385 0.025 0.049 0.054 0.014 0.024 0.033 0.007 0.022 0.095
181 L 0.048 0.021 0.015 0.016 0.015 0.014 0.02 0.023 0.011 0.134 0.225 0.023 0.037 0.133 0.014 0.026 0.036 0.009 0.038 0.141
182 A 0.136 0.029 0.032 0.031 0.136 0.023 0.036 0.055 0.015 0.04 0.06 0.038 0.017 0.068 0.024 0.121 0.055 0.006 0.025 0.053
183 Y 0.037 0.024 0.02 0.018 0.01 0.017 0.024 0.025 0.035 0.05 0.084 0.026 0.021 0.229 0.014 0.029 0.027 0.023 0.238 0.049
184 I 0.052 0.018 0.015 0.017 0.017 0.014 0.019 0.021 0.009 0.252 0.156 0.024 0.035 0.041 0.015 0.027 0.042 0.006 0.02 0.2
185 F 0.038 0.02 0.016 0.016 0.013 0.012 0.019 0.023 0.014 0.103 0.187 0.021 0.032 0.266 0.012 0.025 0.029 0.013 0.063 0.079
186 F 0.035 0.021 0.018 0.017 0.01 0.013 0.021 0.025 0.024 0.058 0.101 0.022 0.023 0.329 0.012 0.026 0.026 0.019 0.148 0.052
187 S 0.104 0.039 0.052 0.047 0.017 0.032 0.05 0.062 0.018 0.032 0.044 0.052 0.016 0.021 0.029 0.214 0.103 0.005 0.017 0.045
188 I 0.046 0.017 0.014 0.017 0.016 0.013 0.017 0.02 0.009 0.282 0.165 0.023 0.036 0.044 0.014 0.025 0.039 0.006 0.02 0.174
189 I 0.049 0.02 0.015 0.017 0.016 0.014 0.019 0.021 0.009 0.225 0.216 0.024 0.039 0.045 0.015 0.025 0.039 0.006 0.021 0.167
190 T 0.109 0.034 0.04 0.036 0.018 0.027 0.04 0.05 0.014 0.059 0.066 0.044 0.02 0.024 0.027 0.118 0.161 0.006 0.018 0.089
191 A 0.189 0.03 0.03 0.031 0.019 0.024 0.037 0.06 0.014 0.099 0.081 0.041 0.022 0.027 0.026 0.106 0.055 0.005 0.018 0.088
192 L 0.051 0.022 0.015 0.016 0.017 0.015 0.02 0.022 0.009 0.168 0.266 0.025 0.041 0.047 0.015 0.026 0.038 0.006 0.021 0.161
193 L 0.054 0.022 0.015 0.016 0.017 0.016 0.021 0.022 0.009 0.153 0.261 0.025 0.041 0.046 0.015 0.027 0.04 0.006 0.021 0.174
194 Y 0.04 0.028 0.021 0.018 0.009 0.021 0.028 0.025 0.046 0.043 0.067 0.031 0.018 0.129 0.015 0.031 0.028 0.028 0.328 0.046
195 K 0.056 0.098 0.041 0.047 0.008 0.054 0.099 0.042 0.021 0.027 0.042 0.262 0.015 0.015 0.027 0.053 0.039 0.005 0.017 0.032
196 V 0.069 0.022 0.016 0.018 0.019 0.016 0.023 0.024 0.008 0.162 0.128 0.026 0.031 0.035 0.016 0.032 0.049 0.005 0.02 0.28
197 S 0.108 0.04 0.053 0.048 0.017 0.033 0.052 0.065 0.019 0.029 0.041 0.053 0.015 0.021 0.029 0.231 0.081 0.005 0.017 0.041
198 R 0.044 0.355 0.038 0.031 0.008 0.048 0.052 0.032 0.023 0.023 0.046 0.118 0.015 0.017 0.019 0.044 0.034 0.006 0.017 0.031
199 G 0.077 0.023 0.039 0.033 0.011 0.019 0.025 0.517 0.013 0.019 0.028 0.033 0.009 0.016 0.019 0.051 0.029 0.005 0.011 0.024
200 E 0.054 0.049 0.04 0.089 0.007 0.064 0.307 0.034 0.025 0.022 0.036 0.074 0.013 0.016 0.025 0.054 0.036 0.005 0.016 0.031
201 L 0.039 0.021 0.015 0.016 0.013 0.013 0.019 0.023 0.013 0.088 0.249 0.022 0.037 0.225 0.012 0.024 0.029 0.012 0.055 0.074
202 L 0.044 0.024 0.014 0.015 0.016 0.016 0.02 0.021 0.01 0.114 0.385 0.025 0.049 0.054 0.014 0.024 0.033 0.007 0.022 0.095
203 V 0.058 0.02 0.015 0.017 0.017 0.015 0.02 0.022 0.008 0.222 0.147 0.024 0.034 0.039 0.015 0.029 0.044 0.006 0.02 0.227
204 F 0.037 0.018 0.016 0.017 0.012 0.011 0.018 0.024 0.015 0.117 0.126 0.02 0.028 0.308 0.011 0.025 0.029 0.014 0.071 0.084
205 G 0.061 0.023 0.022 0.022 0.015 0.019 0.023 0.147 0.011 0.14 0.129 0.029 0.062 0.036 0.016 0.036 0.039 0.006 0.019 0.142
206 L 0.045 0.025 0.015 0.016 0.016 0.017 0.021 0.022 0.011 0.112 0.361 0.026 0.064 0.053 0.014 0.025 0.034 0.007 0.022 0.094
207 G 0.133 0.025 0.035 0.032 0.013 0.02 0.029 0.407 0.014 0.025 0.036 0.036 0.011 0.017 0.021 0.059 0.034 0.005 0.012 0.035
208 Y 0.122 0.031 0.03 0.029 0.014 0.025 0.037 0.048 0.031 0.039 0.059 0.04 0.017 0.075 0.022 0.094 0.046 0.016 0.173 0.05
209 L 0.044 0.022 0.014 0.016 0.016 0.015 0.019 0.021 0.01 0.156 0.33 0.025 0.046 0.051 0.014 0.024 0.034 0.007 0.022 0.115
210 Y 0.04 0.028 0.021 0.018 0.009 0.021 0.028 0.025 0.046 0.043 0.067 0.031 0.018 0.129 0.015 0.031 0.028 0.028 0.328 0.046
211 I 0.046 0.019 0.014 0.017 0.016 0.014 0.018 0.02 0.009 0.24 0.22 0.024 0.039 0.046 0.014 0.024 0.038 0.006 0.021 0.154
212 F 0.036 0.022 0.018 0.017 0.011 0.014 0.021 0.024 0.023 0.064 0.135 0.022 0.026 0.286 0.012 0.026 0.027 0.018 0.139 0.057
213 L 0.04 0.024 0.017 0.016 0.013 0.016 0.022 0.023 0.021 0.083 0.237 0.025 0.035 0.158 0.013 0.026 0.03 0.015 0.115 0.072
214 A 0.189 0.03 0.03 0.031 0.019 0.024 0.037 0.06 0.014 0.099 0.081 0.041 0.022 0.027 0.026 0.106 0.055 0.005 0.018 0.088
215 P 0.062 0.045 0.031 0.031 0.132 0.028 0.04 0.038 0.014 0.037 0.052 0.099 0.015 0.018 0.143 0.057 0.092 0.004 0.015 0.047
216 R 0.054 0.132 0.073 0.039 0.01 0.039 0.05 0.041 0.029 0.03 0.048 0.123 0.016 0.045 0.022 0.069 0.041 0.011 0.095 0.036
217 R 0.05 0.139 0.034 0.033 0.01 0.086 0.061 0.034 0.021 0.047 0.13 0.13 0.025 0.025 0.021 0.044 0.037 0.006 0.019 0.048
218 F 0.044 0.046 0.1 0.039 0.011 0.027 0.039 0.038 0.019 0.098 0.088 0.096 0.022 0.118 0.018 0.043 0.038 0.008 0.035 0.072
219 S 0.077 0.064 0.046 0.045 0.013 0.085 0.067 0.051 0.021 0.031 0.046 0.12 0.017 0.018 0.027 0.125 0.082 0.005 0.018 0.041
220 L 0.048 0.041 0.021 0.023 0.014 0.024 0.031 0.026 0.012 0.176 0.19 0.09 0.034 0.039 0.018 0.031 0.038 0.006 0.02 0.119
221 N 0.054 0.037 0.229 0.066 0.01 0.028 0.041 0.215 0.025 0.021 0.03 0.047 0.01 0.017 0.02 0.063 0.042 0.005 0.014 0.026
222 F 0.036 0.02 0.016 0.016 0.012 0.012 0.019 0.024 0.015 0.075 0.181 0.02 0.031 0.31 0.011 0.025 0.027 0.014 0.071 0.064
223 K 0.053 0.09 0.112 0.051 0.009 0.048 0.064 0.048 0.023 0.026 0.04 0.23 0.014 0.016 0.025 0.057 0.042 0.005 0.017 0.031
224 K 0.059 0.076 0.035 0.036 0.011 0.087 0.066 0.038 0.019 0.061 0.065 0.173 0.02 0.02 0.023 0.048 0.042 0.005 0.019 0.095
225 L 0.044 0.023 0.016 0.017 0.015 0.017 0.021 0.023 0.013 0.139 0.214 0.026 0.071 0.135 0.014 0.027 0.034 0.009 0.038 0.104
226 L 0.053 0.027 0.023 0.022 0.016 0.021 0.026 0.028 0.012 0.137 0.202 0.032 0.069 0.042 0.018 0.044 0.092 0.007 0.021 0.107
227 L 0.043 0.022 0.016 0.017 0.015 0.015 0.02 0.023 0.012 0.141 0.238 0.024 0.055 0.136 0.013 0.026 0.033 0.009 0.038 0.104
228 L 0.048 0.02 0.015 0.017 0.015 0.014 0.02 0.023 0.011 0.155 0.198 0.023 0.035 0.132 0.014 0.027 0.036 0.009 0.038 0.151
229 L 0.061 0.028 0.025 0.024 0.016 0.021 0.028 0.033 0.013 0.112 0.248 0.033 0.054 0.043 0.018 0.077 0.047 0.006 0.021 0.091
230 L 0.051 0.021 0.016 0.017 0.016 0.014 0.02 0.023 0.011 0.14 0.193 0.023 0.035 0.131 0.014 0.027 0.038 0.009 0.038 0.164
231 F 0.048 0.021 0.018 0.02 0.012 0.014 0.024 0.028 0.014 0.078 0.097 0.026 0.023 0.21 0.135 0.031 0.034 0.01 0.052 0.105
232 V 0.058 0.021 0.016 0.018 0.017 0.017 0.021 0.023 0.009 0.199 0.15 0.026 0.051 0.04 0.016 0.03 0.044 0.006 0.021 0.217
233 A 0.188 0.031 0.029 0.03 0.019 0.025 0.038 0.06 0.015 0.057 0.136 0.041 0.025 0.029 0.025 0.106 0.053 0.006 0.018 0.068
234 L 0.045 0.021 0.014 0.016 0.016 0.015 0.019 0.021 0.009 0.198 0.275 0.024 0.043 0.049 0.014 0.024 0.036 0.006 0.021 0.134
235 F 0.036 0.02 0.016 0.016 0.012 0.012 0.019 0.024 0.015 0.075 0.181 0.02 0.031 0.31 0.011 0.025 0.027 0.014 0.071 0.064
236 L 0.042 0.021 0.015 0.016 0.015 0.014 0.019 0.022 0.011 0.143 0.262 0.023 0.04 0.137 0.013 0.024 0.033 0.009 0.038 0.104
237 F 0.102 0.024 0.02 0.02 0.013 0.017 0.026 0.038 0.023 0.053 0.088 0.028 0.021 0.236 0.016 0.041 0.032 0.017 0.13 0.056
238 V 0.054 0.02 0.016 0.017 0.016 0.014 0.021 0.023 0.01 0.167 0.134 0.023 0.031 0.127 0.014 0.029 0.04 0.008 0.037 0.197
239 G 0.076 0.026 0.04 0.034 0.012 0.021 0.029 0.399 0.013 0.027 0.037 0.036 0.012 0.018 0.021 0.061 0.086 0.005 0.012 0.035
240 A 0.172 0.027 0.022 0.024 0.017 0.021 0.031 0.05 0.021 0.102 0.087 0.035 0.022 0.054 0.022 0.056 0.041 0.011 0.096 0.089
241 L 0.055 0.031 0.024 0.023 0.016 0.025 0.029 0.03 0.014 0.091 0.209 0.035 0.104 0.043 0.018 0.047 0.092 0.007 0.022 0.087
242 R 0.044 0.355 0.038 0.031 0.008 0.048 0.052 0.032 0.023 0.023 0.046 0.118 0.015 0.017 0.019 0.044 0.034 0.006 0.017 0.031
243 L 0.051 0.02 0.015 0.017 0.017 0.015 0.019 0.021 0.009 0.21 0.211 0.024 0.038 0.044 0.015 0.026 0.04 0.006 0.021 0.181
244 S 0.108 0.04 0.053 0.048 0.017 0.033 0.052 0.065 0.019 0.029 0.041 0.053 0.015 0.021 0.029 0.231 0.081 0.005 0.017 0.041
245 D 0.047 0.039 0.054 0.248 0.007 0.047 0.198 0.04 0.022 0.022 0.032 0.059 0.011 0.016 0.024 0.053 0.036 0.005 0.014 0.027
246 E 0.12 0.041 0.037 0.061 0.013 0.045 0.173 0.047 0.02 0.035 0.049 0.059 0.016 0.019 0.027 0.071 0.095 0.005 0.017 0.05
247 S 0.1 0.035 0.05 0.044 0.016 0.029 0.045 0.178 0.018 0.027 0.038 0.048 0.014 0.019 0.027 0.186 0.068 0.005 0.016 0.037
248 R 0.046 0.274 0.034 0.028 0.01 0.043 0.046 0.031 0.021 0.042 0.083 0.098 0.055 0.025 0.018 0.042 0.036 0.006 0.019 0.046
249 V 0.127 0.024 0.018 0.02 0.02 0.018 0.027 0.038 0.01 0.132 0.111 0.03 0.028 0.032 0.02 0.045 0.049 0.005 0.02 0.227
250 S 0.156 0.037 0.046 0.043 0.018 0.031 0.049 0.068 0.018 0.033 0.046 0.051 0.016 0.021 0.029 0.195 0.073 0.005 0.017 0.048
251 T 0.073 0.032 0.042 0.036 0.016 0.025 0.035 0.161 0.014 0.044 0.055 0.042 0.017 0.022 0.025 0.081 0.201 0.006 0.016 0.058
252 Q 0.051 0.061 0.038 0.039 0.009 0.175 0.083 0.037 0.033 0.03 0.052 0.075 0.02 0.043 0.021 0.049 0.037 0.011 0.097 0.038
253 F 0.036 0.02 0.016 0.016 0.012 0.012 0.019 0.024 0.015 0.075 0.181 0.02 0.031 0.31 0.011 0.025 0.027 0.014 0.071 0.064
254 G 0.077 0.023 0.039 0.033 0.011 0.019 0.025 0.517 0.013 0.019 0.028 0.033 0.009 0.016 0.019 0.051 0.029 0.005 0.011 0.024
255 D 0.076 0.037 0.057 0.188 0.012 0.035 0.098 0.054 0.02 0.026 0.036 0.053 0.013 0.018 0.026 0.142 0.058 0.005 0.015 0.033
256 G 0.077 0.023 0.039 0.033 0.011 0.019 0.025 0.517 0.013 0.019 0.028 0.033 0.009 0.016 0.019 0.051 0.029 0.005 0.011 0.024
257 V 0.125 0.028 0.026 0.026 0.019 0.023 0.032 0.043 0.012 0.097 0.103 0.036 0.042 0.03 0.022 0.06 0.1 0.006 0.019 0.151
258 L 0.076 0.024 0.016 0.017 0.015 0.017 0.023 0.031 0.012 0.09 0.229 0.027 0.034 0.049 0.015 0.032 0.034 0.13 0.032 0.098
259 N 0.042 0.044 0.324 0.082 0.009 0.033 0.049 0.065 0.031 0.022 0.031 0.053 0.011 0.018 0.02 0.069 0.049 0.004 0.016 0.027
260 S 0.085 0.036 0.042 0.038 0.017 0.03 0.042 0.05 0.017 0.052 0.085 0.047 0.056 0.028 0.025 0.147 0.115 0.006 0.019 0.061
261 I 0.046 0.018 0.014 0.017 0.016 0.013 0.018 0.02 0.009 0.261 0.193 0.023 0.038 0.045 0.014 0.025 0.038 0.006 0.021 0.164
262 F 0.036 0.02 0.016 0.016 0.012 0.012 0.019 0.024 0.015 0.075 0.181 0.02 0.031 0.31 0.011 0.025 0.027 0.014 0.071 0.064
263 S 0.108 0.04 0.053 0.048 0.017 0.033 0.052 0.065 0.019 0.029 0.041 0.053 0.015 0.021 0.029 0.231 0.081 0.005 0.017 0.041
264 Q 0.055 0.061 0.038 0.042 0.009 0.175 0.085 0.039 0.025 0.026 0.044 0.078 0.018 0.014 0.143 0.052 0.039 0.005 0.018 0.034
265 V 0.052 0.019 0.016 0.017 0.016 0.014 0.02 0.023 0.01 0.182 0.138 0.023 0.032 0.129 0.014 0.028 0.039 0.008 0.037 0.184
266 Y 0.04 0.028 0.021 0.018 0.009 0.021 0.028 0.025 0.046 0.043 0.067 0.031 0.018 0.129 0.015 0.031 0.028 0.028 0.328 0.046
267 T 0.072 0.035 0.043 0.037 0.018 0.027 0.039 0.043 0.014 0.053 0.064 0.045 0.019 0.023 0.027 0.091 0.258 0.006 0.018 0.07
268 Y 0.04 0.028 0.021 0.018 0.009 0.021 0.028 0.025 0.046 0.043 0.067 0.031 0.018 0.129 0.015 0.031 0.028 0.028 0.328 0.046
269 V 0.058 0.02 0.015 0.017 0.017 0.015 0.02 0.022 0.008 0.222 0.147 0.024 0.034 0.039 0.015 0.029 0.044 0.006 0.02 0.227
270 A 0.301 0.031 0.025 0.029 0.021 0.025 0.04 0.077 0.015 0.043 0.059 0.044 0.017 0.021 0.029 0.084 0.049 0.005 0.017 0.068
271 I 0.049 0.025 0.017 0.019 0.016 0.02 0.023 0.024 0.012 0.19 0.18 0.029 0.105 0.046 0.015 0.03 0.039 0.007 0.022 0.133
272 N 0.042 0.044 0.327 0.082 0.009 0.033 0.049 0.064 0.031 0.022 0.031 0.053 0.011 0.018 0.02 0.069 0.049 0.004 0.015 0.027
273 F 0.033 0.019 0.017 0.017 0.01 0.01 0.019 0.025 0.017 0.062 0.113 0.019 0.025 0.396 0.01 0.025 0.025 0.017 0.087 0.054
274 Q 0.055 0.067 0.043 0.057 0.008 0.186 0.153 0.039 0.028 0.025 0.044 0.086 0.018 0.015 0.024 0.055 0.04 0.006 0.019 0.034
275 N 0.042 0.044 0.327 0.082 0.009 0.033 0.049 0.064 0.031 0.022 0.031 0.053 0.011 0.018 0.02 0.069 0.049 0.004 0.015 0.027
276 L 0.041 0.023 0.015 0.015 0.015 0.015 0.02 0.022 0.012 0.101 0.317 0.023 0.043 0.139 0.013 0.024 0.031 0.009 0.038 0.085
277 N 0.042 0.044 0.327 0.082 0.009 0.033 0.049 0.064 0.031 0.022 0.031 0.053 0.011 0.018 0.02 0.069 0.049 0.004 0.015 0.027
278 L 0.127 0.05 0.033 0.033 0.016 0.032 0.045 0.052 0.016 0.053 0.132 0.103 0.024 0.028 0.025 0.098 0.05 0.006 0.018 0.059
279 L 0.044 0.022 0.014 0.016 0.016 0.015 0.019 0.021 0.01 0.156 0.33 0.025 0.046 0.051 0.014 0.024 0.034 0.007 0.022 0.115
280 T 0.073 0.036 0.043 0.038 0.018 0.028 0.039 0.043 0.014 0.053 0.065 0.045 0.02 0.024 0.028 0.093 0.246 0.006 0.018 0.071
281 L 0.054 0.021 0.015 0.017 0.017 0.015 0.02 0.022 0.009 0.195 0.206 0.025 0.037 0.043 0.015 0.027 0.041 0.006 0.021 0.194
282 N 0.065 0.037 0.181 0.057 0.013 0.029 0.043 0.055 0.022 0.059 0.058 0.046 0.017 0.023 0.021 0.1 0.057 0.005 0.017 0.094
283 S 0.091 0.037 0.057 0.138 0.015 0.032 0.061 0.06 0.019 0.027 0.038 0.051 0.014 0.019 0.027 0.186 0.069 0.005 0.016 0.037
284 N 0.066 0.041 0.188 0.062 0.013 0.032 0.047 0.059 0.024 0.032 0.042 0.051 0.014 0.02 0.024 0.115 0.109 0.005 0.016 0.041
285 F 0.059 0.026 0.029 0.027 0.014 0.018 0.029 0.037 0.016 0.08 0.095 0.031 0.023 0.211 0.018 0.085 0.07 0.011 0.053 0.068
286 E 0.055 0.055 0.041 0.078 0.008 0.104 0.256 0.036 0.026 0.023 0.039 0.078 0.015 0.016 0.025 0.055 0.037 0.006 0.017 0.032
287 P 0.049 0.026 0.02 0.024 0.011 0.02 0.03 0.029 0.02 0.052 0.131 0.034 0.022 0.052 0.258 0.035 0.033 0.01 0.094 0.05
288 T 0.072 0.035 0.043 0.037 0.018 0.027 0.039 0.043 0.014 0.053 0.064 0.045 0.019 0.023 0.027 0.091 0.258 0.006 0.018 0.07
289 Y 0.04 0.032 0.029 0.023 0.009 0.026 0.034 0.028 0.126 0.038 0.06 0.034 0.018 0.104 0.016 0.033 0.027 0.023 0.26 0.04
290 I 0.05 0.021 0.017 0.018 0.015 0.016 0.021 0.022 0.018 0.192 0.132 0.026 0.031 0.063 0.015 0.028 0.039 0.011 0.097 0.168
291 W 0.04 0.022 0.015 0.016 0.01 0.015 0.023 0.028 0.013 0.063 0.071 0.023 0.019 0.054 0.01 0.025 0.029 0.376 0.055 0.092
292 G 0.133 0.025 0.035 0.032 0.013 0.02 0.029 0.407 0.014 0.025 0.036 0.036 0.011 0.017 0.021 0.059 0.034 0.005 0.012 0.035
293 G 0.084 0.03 0.043 0.038 0.014 0.024 0.035 0.286 0.015 0.03 0.04 0.041 0.013 0.019 0.023 0.106 0.099 0.005 0.014 0.04
294 L 0.044 0.024 0.014 0.015 0.016 0.016 0.02 0.021 0.01 0.114 0.385 0.025 0.049 0.054 0.014 0.024 0.033 0.007 0.022 0.095
295 K 0.056 0.106 0.041 0.041 0.008 0.053 0.07 0.043 0.02 0.027 0.043 0.289 0.015 0.015 0.027 0.053 0.039 0.005 0.017 0.032
296 F 0.033 0.019 0.017 0.017 0.01 0.01 0.019 0.025 0.017 0.062 0.113 0.019 0.025 0.396 0.01 0.025 0.025 0.017 0.087 0.054
297 L 0.106 0.023 0.018 0.019 0.016 0.017 0.024 0.036 0.013 0.104 0.208 0.028 0.033 0.13 0.017 0.039 0.036 0.009 0.037 0.088
298 L 0.044 0.022 0.014 0.016 0.016 0.015 0.019 0.021 0.01 0.156 0.33 0.025 0.046 0.051 0.014 0.024 0.034 0.007 0.022 0.115
299 K 0.05 0.152 0.112 0.049 0.008 0.047 0.06 0.045 0.024 0.025 0.04 0.187 0.014 0.016 0.023 0.055 0.04 0.005 0.017 0.03
300 P 0.056 0.025 0.023 0.031 0.01 0.02 0.036 0.036 0.013 0.025 0.036 0.041 0.01 0.013 0.501 0.043 0.036 0.003 0.013 0.031
301 F 0.033 0.019 0.017 0.017 0.01 0.01 0.019 0.025 0.017 0.062 0.113 0.019 0.025 0.396 0.01 0.025 0.025 0.017 0.087 0.054
302 F 0.035 0.021 0.018 0.017 0.01 0.013 0.021 0.025 0.024 0.058 0.101 0.022 0.023 0.329 0.012 0.026 0.026 0.019 0.148 0.052
303 G 0.078 0.031 0.039 0.037 0.014 0.025 0.038 0.165 0.015 0.031 0.042 0.043 0.014 0.018 0.144 0.104 0.101 0.005 0.015 0.041
304 D 0.053 0.035 0.116 0.137 0.011 0.029 0.053 0.047 0.028 0.032 0.045 0.044 0.014 0.046 0.021 0.078 0.07 0.01 0.093 0.038
305 E 0.048 0.037 0.029 0.053 0.01 0.041 0.165 0.029 0.027 0.05 0.131 0.051 0.023 0.054 0.02 0.041 0.033 0.011 0.096 0.051
306 Y 0.04 0.028 0.021 0.018 0.009 0.021 0.028 0.025 0.046 0.043 0.067 0.031 0.018 0.129 0.015 0.031 0.028 0.028 0.328 0.046
307 D 0.04 0.029 0.068 0.406 0.007 0.029 0.09 0.046 0.018 0.022 0.028 0.044 0.009 0.015 0.022 0.051 0.035 0.004 0.011 0.024
308 P 0.072 0.033 0.035 0.034 0.015 0.027 0.038 0.043 0.015 0.052 0.084 0.044 0.055 0.026 0.143 0.1 0.103 0.005 0.018 0.058
309 N 0.042 0.044 0.327 0.082 0.009 0.033 0.049 0.064 0.031 0.022 0.031 0.053 0.011 0.018 0.02 0.069 0.049 0.004 0.015 0.027
310 E 0.096 0.048 0.041 0.053 0.013 0.087 0.123 0.047 0.021 0.034 0.049 0.064 0.017 0.019 0.026 0.09 0.1 0.006 0.018 0.048
311 L 0.06 0.025 0.022 0.021 0.015 0.02 0.024 0.148 0.012 0.098 0.184 0.03 0.066 0.038 0.016 0.036 0.038 0.006 0.019 0.122
312 G 0.075 0.022 0.033 0.029 0.013 0.018 0.025 0.394 0.012 0.055 0.053 0.031 0.015 0.021 0.018 0.046 0.034 0.005 0.013 0.088
313 L 0.047 0.022 0.015 0.016 0.015 0.015 0.02 0.023 0.011 0.113 0.253 0.024 0.038 0.135 0.014 0.026 0.035 0.009 0.038 0.131
314 L 0.075 0.052 0.039 0.037 0.015 0.033 0.047 0.046 0.016 0.053 0.13 0.104 0.024 0.028 0.025 0.117 0.081 0.006 0.018 0.056
315 D 0.04 0.029 0.068 0.406 0.007 0.029 0.09 0.046 0.018 0.022 0.028 0.044 0.009 0.015 0.022 0.051 0.035 0.004 0.011 0.024
316 Y 0.038 0.026 0.032 0.115 0.009 0.021 0.041 0.03 0.032 0.043 0.069 0.031 0.018 0.167 0.016 0.034 0.029 0.019 0.189 0.043
317 S 0.095 0.042 0.05 0.058 0.015 0.04 0.115 0.058 0.021 0.027 0.04 0.059 0.015 0.02 0.028 0.187 0.07 0.005 0.017 0.039
318 V 0.07 0.025 0.023 0.022 0.019 0.019 0.027 0.029 0.009 0.135 0.112 0.03 0.028 0.032 0.019 0.047 0.101 0.006 0.02 0.227
319 G 0.064 0.025 0.028 0.026 0.014 0.019 0.026 0.213 0.012 0.067 0.208 0.032 0.03 0.036 0.018 0.06 0.038 0.006 0.017 0.062
