#Seq2Logo.py -f /work3/idamei/ssn-clusterings/clustering/2205181126/clusters/0008_267/sequences.afa -o /work3/idamei/ssn-clusterings/clustering/2205181126/clusters/0008_267/sequences.logo
#Position Specific Frequency Matrix
A R N D C Q E G H I L K M F P S T W Y V
0 L 0.052 0.032 0.02 0.02 0.016 0.028 0.028 0.028 0.016 0.1 0.196 0.036 0.163 0.048 0.016 0.036 0.04 0.008 0.024 0.092
1 T 0.062 0.034 0.032 0.029 0.017 0.028 0.034 0.036 0.015 0.077 0.131 0.041 0.091 0.036 0.022 0.064 0.144 0.007 0.021 0.081
2 L 0.052 0.032 0.02 0.02 0.016 0.028 0.028 0.028 0.016 0.099 0.194 0.036 0.172 0.048 0.016 0.036 0.04 0.008 0.024 0.091
3 R 0.05 0.241 0.04 0.035 0.008 0.05 0.06 0.037 0.022 0.025 0.044 0.195 0.015 0.016 0.023 0.048 0.037 0.005 0.017 0.031
4 I 0.054 0.022 0.016 0.018 0.017 0.018 0.022 0.023 0.01 0.199 0.163 0.027 0.072 0.042 0.015 0.03 0.042 0.006 0.021 0.18
5 N 0.06 0.043 0.252 0.073 0.011 0.033 0.05 0.065 0.028 0.024 0.034 0.053 0.012 0.019 0.022 0.113 0.058 0.005 0.016 0.031
6 K 0.056 0.106 0.041 0.041 0.008 0.053 0.07 0.043 0.02 0.027 0.043 0.288 0.015 0.015 0.027 0.053 0.039 0.005 0.017 0.032
7 L 0.042 0.026 0.017 0.017 0.013 0.018 0.023 0.023 0.026 0.082 0.24 0.028 0.035 0.088 0.015 0.027 0.031 0.016 0.161 0.073
8 L 0.046 0.026 0.016 0.016 0.016 0.019 0.022 0.023 0.012 0.11 0.332 0.028 0.082 0.052 0.015 0.027 0.035 0.007 0.022 0.094
9 P 0.056 0.025 0.023 0.031 0.01 0.02 0.036 0.036 0.013 0.025 0.036 0.041 0.01 0.013 0.5 0.043 0.036 0.003 0.013 0.031
10 L 0.046 0.022 0.015 0.016 0.016 0.015 0.02 0.022 0.01 0.144 0.272 0.024 0.041 0.096 0.014 0.025 0.035 0.008 0.03 0.129
11 S 0.143 0.038 0.048 0.045 0.018 0.031 0.05 0.068 0.018 0.032 0.044 0.052 0.016 0.021 0.029 0.204 0.075 0.005 0.017 0.046
12 L 0.047 0.023 0.016 0.017 0.016 0.018 0.021 0.023 0.011 0.186 0.233 0.027 0.077 0.048 0.015 0.027 0.038 0.007 0.022 0.13
13 V 0.131 0.023 0.019 0.02 0.105 0.018 0.026 0.04 0.01 0.108 0.098 0.03 0.025 0.029 0.02 0.048 0.047 0.005 0.018 0.181
14 A 0.159 0.028 0.021 0.023 0.017 0.022 0.031 0.05 0.016 0.063 0.11 0.035 0.061 0.13 0.021 0.055 0.04 0.009 0.038 0.071
15 S 0.092 0.038 0.049 0.043 0.017 0.03 0.046 0.055 0.017 0.04 0.052 0.049 0.017 0.022 0.028 0.167 0.161 0.005 0.017 0.054
16 F 0.087 0.024 0.019 0.02 0.014 0.018 0.025 0.035 0.016 0.069 0.125 0.028 0.064 0.232 0.015 0.039 0.033 0.012 0.057 0.067
17 L 0.049 0.026 0.023 0.021 0.015 0.018 0.025 0.028 0.013 0.083 0.223 0.029 0.034 0.139 0.017 0.043 0.092 0.009 0.039 0.077
18 V 0.059 0.02 0.015 0.018 0.018 0.015 0.02 0.023 0.008 0.216 0.145 0.025 0.034 0.039 0.015 0.029 0.044 0.006 0.02 0.231
19 P 0.056 0.025 0.023 0.031 0.01 0.02 0.036 0.036 0.013 0.025 0.036 0.041 0.01 0.013 0.5 0.043 0.036 0.003 0.013 0.031
20 I 0.046 0.018 0.014 0.017 0.016 0.014 0.018 0.02 0.009 0.258 0.195 0.024 0.038 0.045 0.014 0.025 0.038 0.006 0.021 0.164
21 G 0.11 0.023 0.024 0.024 0.017 0.018 0.026 0.168 0.011 0.118 0.093 0.031 0.023 0.029 0.019 0.046 0.042 0.005 0.017 0.157
22 G 0.077 0.023 0.039 0.033 0.011 0.019 0.025 0.517 0.013 0.019 0.028 0.033 0.009 0.016 0.019 0.051 0.029 0.005 0.011 0.024
23 L 0.041 0.023 0.015 0.015 0.014 0.014 0.02 0.022 0.012 0.1 0.31 0.023 0.042 0.147 0.013 0.024 0.031 0.01 0.04 0.084
24 L 0.046 0.02 0.015 0.017 0.015 0.013 0.019 0.022 0.011 0.175 0.186 0.023 0.035 0.14 0.014 0.026 0.036 0.009 0.039 0.141
25 L 0.044 0.025 0.016 0.017 0.015 0.018 0.022 0.024 0.013 0.101 0.283 0.027 0.078 0.114 0.014 0.027 0.033 0.009 0.034 0.087
26 S 0.108 0.04 0.053 0.048 0.017 0.033 0.052 0.065 0.019 0.029 0.041 0.053 0.015 0.021 0.029 0.23 0.081 0.005 0.017 0.041
27 F 0.045 0.02 0.016 0.017 0.014 0.013 0.02 0.024 0.013 0.099 0.166 0.022 0.031 0.235 0.013 0.027 0.033 0.012 0.057 0.123
28 L 0.112 0.025 0.017 0.019 0.017 0.018 0.025 0.037 0.012 0.087 0.258 0.029 0.037 0.092 0.018 0.04 0.036 0.008 0.03 0.082
29 S 0.161 0.037 0.046 0.043 0.018 0.031 0.049 0.069 0.018 0.033 0.046 0.051 0.016 0.021 0.029 0.19 0.072 0.005 0.017 0.049
30 L 0.045 0.021 0.014 0.016 0.016 0.015 0.019 0.021 0.009 0.19 0.285 0.024 0.043 0.049 0.014 0.024 0.036 0.006 0.021 0.131
31 D 0.063 0.03 0.055 0.237 0.098 0.027 0.066 0.049 0.017 0.028 0.038 0.042 0.012 0.017 0.023 0.098 0.048 0.004 0.013 0.035
32 K 0.056 0.106 0.041 0.041 0.008 0.053 0.07 0.043 0.02 0.027 0.043 0.288 0.015 0.015 0.027 0.053 0.039 0.005 0.017 0.032
33 K 0.054 0.095 0.093 0.048 0.009 0.049 0.066 0.047 0.022 0.026 0.041 0.245 0.015 0.016 0.026 0.056 0.041 0.005 0.017 0.031
34 G 0.086 0.027 0.043 0.037 0.012 0.023 0.032 0.394 0.015 0.022 0.032 0.039 0.011 0.017 0.022 0.1 0.043 0.005 0.012 0.029
35 L 0.052 0.045 0.024 0.024 0.015 0.032 0.035 0.03 0.017 0.086 0.167 0.081 0.143 0.042 0.018 0.039 0.04 0.007 0.023 0.08
36 N 0.042 0.044 0.326 0.082 0.009 0.033 0.049 0.064 0.031 0.022 0.031 0.053 0.011 0.018 0.02 0.069 0.049 0.004 0.015 0.027
37 R 0.044 0.354 0.038 0.031 0.008 0.048 0.052 0.032 0.023 0.023 0.046 0.119 0.015 0.017 0.019 0.044 0.034 0.006 0.017 0.031
38 L 0.115 0.023 0.017 0.02 0.017 0.017 0.024 0.036 0.011 0.17 0.196 0.029 0.035 0.04 0.018 0.041 0.04 0.006 0.02 0.124
39 P 0.066 0.028 0.029 0.034 0.011 0.023 0.039 0.041 0.014 0.026 0.037 0.043 0.011 0.014 0.415 0.077 0.044 0.003 0.014 0.033
40 F 0.033 0.019 0.017 0.017 0.01 0.01 0.019 0.025 0.017 0.063 0.113 0.019 0.025 0.395 0.01 0.025 0.025 0.017 0.088 0.054
41 L 0.045 0.024 0.016 0.017 0.015 0.018 0.021 0.023 0.012 0.148 0.236 0.027 0.076 0.096 0.014 0.027 0.035 0.008 0.031 0.11
42 L 0.051 0.023 0.015 0.016 0.017 0.016 0.021 0.022 0.009 0.127 0.314 0.025 0.044 0.049 0.015 0.026 0.037 0.007 0.022 0.145
43 I 0.051 0.022 0.016 0.018 0.016 0.018 0.021 0.023 0.011 0.215 0.168 0.027 0.073 0.044 0.015 0.029 0.041 0.006 0.021 0.166
44 S 0.108 0.04 0.053 0.048 0.017 0.033 0.052 0.065 0.019 0.029 0.041 0.053 0.015 0.021 0.029 0.23 0.081 0.005 0.017 0.041
45 L 0.041 0.024 0.017 0.017 0.013 0.017 0.022 0.025 0.015 0.087 0.209 0.025 0.072 0.207 0.013 0.028 0.031 0.012 0.052 0.075
46 F 0.033 0.019 0.017 0.017 0.01 0.01 0.019 0.025 0.017 0.063 0.113 0.019 0.025 0.395 0.01 0.025 0.025 0.017 0.088 0.054
47 Y 0.04 0.028 0.022 0.018 0.009 0.022 0.028 0.025 0.046 0.043 0.068 0.031 0.018 0.129 0.015 0.031 0.028 0.028 0.327 0.046
48 F 0.033 0.019 0.017 0.017 0.01 0.01 0.019 0.025 0.017 0.063 0.113 0.019 0.025 0.395 0.01 0.025 0.025 0.017 0.088 0.054
49 F 0.042 0.018 0.017 0.017 0.141 0.011 0.018 0.027 0.014 0.058 0.099 0.019 0.023 0.293 0.012 0.029 0.028 0.013 0.067 0.055
50 F 0.04 0.02 0.015 0.016 0.013 0.013 0.019 0.023 0.013 0.136 0.201 0.022 0.035 0.206 0.013 0.025 0.031 0.011 0.051 0.098
51 L 0.044 0.024 0.014 0.015 0.016 0.016 0.02 0.021 0.01 0.114 0.384 0.025 0.049 0.054 0.014 0.024 0.033 0.007 0.022 0.095
52 I 0.047 0.019 0.015 0.018 0.016 0.014 0.018 0.021 0.009 0.267 0.168 0.024 0.048 0.044 0.015 0.026 0.039 0.006 0.021 0.167
53 K 0.053 0.168 0.04 0.038 0.008 0.051 0.065 0.04 0.021 0.026 0.043 0.246 0.015 0.016 0.025 0.051 0.038 0.005 0.017 0.032
54 L 0.052 0.023 0.021 0.022 0.016 0.017 0.023 0.026 0.01 0.182 0.195 0.029 0.035 0.041 0.018 0.041 0.092 0.006 0.02 0.128
55 P 0.056 0.025 0.023 0.031 0.01 0.02 0.036 0.036 0.013 0.025 0.036 0.041 0.01 0.013 0.501 0.043 0.036 0.003 0.013 0.031
56 P 0.056 0.025 0.023 0.031 0.01 0.02 0.036 0.036 0.013 0.025 0.036 0.041 0.01 0.013 0.501 0.043 0.036 0.003 0.013 0.031
57 L 0.042 0.026 0.018 0.017 0.013 0.019 0.024 0.023 0.028 0.078 0.226 0.028 0.034 0.091 0.015 0.027 0.03 0.017 0.175 0.07
58 G 0.077 0.023 0.039 0.033 0.011 0.019 0.025 0.517 0.013 0.019 0.028 0.033 0.009 0.016 0.019 0.051 0.029 0.005 0.011 0.024
59 D 0.04 0.029 0.068 0.406 0.007 0.029 0.09 0.046 0.018 0.022 0.028 0.044 0.009 0.015 0.022 0.051 0.035 0.004 0.011 0.024
60 L 0.076 0.032 0.034 0.032 0.017 0.024 0.036 0.043 0.014 0.071 0.213 0.039 0.032 0.037 0.022 0.128 0.057 0.006 0.02 0.068
61 Y 0.04 0.028 0.021 0.018 0.009 0.021 0.028 0.025 0.046 0.043 0.067 0.031 0.018 0.129 0.015 0.031 0.028 0.028 0.328 0.046
62 R 0.044 0.355 0.038 0.031 0.008 0.048 0.052 0.032 0.023 0.023 0.046 0.118 0.015 0.017 0.019 0.044 0.034 0.006 0.017 0.031
63 R 0.044 0.355 0.038 0.031 0.008 0.048 0.052 0.032 0.023 0.023 0.046 0.118 0.015 0.017 0.019 0.044 0.034 0.006 0.017 0.031
64 Y 0.038 0.025 0.02 0.018 0.009 0.019 0.025 0.025 0.039 0.048 0.079 0.028 0.02 0.196 0.014 0.029 0.027 0.025 0.268 0.048
65 L 0.052 0.024 0.02 0.02 0.015 0.017 0.021 0.145 0.011 0.09 0.296 0.027 0.039 0.044 0.015 0.031 0.032 0.007 0.019 0.077
66 D 0.047 0.039 0.054 0.248 0.007 0.047 0.198 0.04 0.022 0.022 0.032 0.059 0.011 0.016 0.024 0.053 0.036 0.005 0.014 0.027
67 I 0.042 0.02 0.017 0.017 0.013 0.015 0.02 0.023 0.02 0.167 0.128 0.024 0.029 0.153 0.014 0.026 0.033 0.014 0.114 0.112
68 L 0.071 0.045 0.041 0.038 0.014 0.078 0.056 0.045 0.062 0.049 0.128 0.054 0.025 0.029 0.023 0.112 0.052 0.006 0.024 0.051
69 S 0.143 0.04 0.043 0.054 0.016 0.039 0.113 0.061 0.019 0.031 0.044 0.056 0.015 0.02 0.028 0.15 0.062 0.005 0.017 0.045
70 Y 0.038 0.025 0.02 0.018 0.009 0.019 0.025 0.025 0.039 0.048 0.079 0.028 0.02 0.196 0.014 0.029 0.027 0.025 0.268 0.048
71 G 0.123 0.033 0.108 0.045 0.015 0.026 0.038 0.175 0.018 0.034 0.045 0.044 0.014 0.02 0.024 0.074 0.096 0.005 0.015 0.047
72 P 0.066 0.111 0.034 0.035 0.011 0.03 0.044 0.042 0.017 0.026 0.04 0.063 0.013 0.016 0.263 0.09 0.047 0.004 0.015 0.033
73 G 0.115 0.036 0.111 0.045 0.012 0.029 0.042 0.174 0.106 0.026 0.039 0.044 0.013 0.021 0.022 0.061 0.038 0.006 0.025 0.035
74 T 0.081 0.036 0.045 0.04 0.017 0.029 0.042 0.048 0.015 0.047 0.058 0.047 0.018 0.023 0.028 0.126 0.213 0.006 0.017 0.063
75 H 0.045 0.085 0.116 0.061 0.008 0.044 0.115 0.043 0.154 0.022 0.037 0.064 0.013 0.022 0.021 0.052 0.035 0.006 0.031 0.027
76 V 0.054 0.02 0.016 0.017 0.016 0.014 0.021 0.023 0.01 0.167 0.134 0.023 0.031 0.127 0.014 0.029 0.04 0.008 0.037 0.197
77 L 0.067 0.031 0.031 0.029 0.017 0.023 0.033 0.038 0.013 0.077 0.219 0.037 0.033 0.038 0.021 0.093 0.101 0.006 0.02 0.075
78 D 0.061 0.037 0.057 0.237 0.01 0.039 0.135 0.048 0.02 0.024 0.033 0.054 0.012 0.017 0.025 0.097 0.047 0.004 0.014 0.03
79 F 0.04 0.018 0.016 0.017 0.013 0.012 0.018 0.023 0.013 0.172 0.139 0.021 0.031 0.22 0.012 0.025 0.032 0.011 0.054 0.114
80 L 0.109 0.024 0.017 0.019 0.017 0.018 0.024 0.035 0.011 0.138 0.248 0.029 0.038 0.043 0.018 0.039 0.039 0.006 0.02 0.108
81 S 0.1 0.037 0.05 0.045 0.016 0.03 0.047 0.119 0.018 0.031 0.042 0.05 0.015 0.02 0.028 0.191 0.096 0.005 0.016 0.043
82 G 0.099 0.036 0.035 0.034 0.013 0.071 0.046 0.282 0.017 0.041 0.049 0.048 0.016 0.019 0.021 0.054 0.037 0.005 0.015 0.064
83 H 0.041 0.045 0.053 0.038 0.007 0.038 0.053 0.038 0.365 0.023 0.038 0.045 0.015 0.03 0.019 0.041 0.026 0.007 0.056 0.023
84 P 0.06 0.028 0.028 0.032 0.012 0.022 0.036 0.037 0.013 0.032 0.043 0.042 0.012 0.015 0.383 0.055 0.091 0.003 0.014 0.04
85 D 0.04 0.029 0.068 0.406 0.007 0.029 0.09 0.046 0.018 0.022 0.028 0.044 0.009 0.015 0.022 0.051 0.035 0.004 0.011 0.024
86 I 0.052 0.018 0.015 0.017 0.017 0.014 0.019 0.021 0.009 0.252 0.156 0.024 0.035 0.041 0.015 0.027 0.042 0.006 0.02 0.2
87 L 0.039 0.021 0.015 0.016 0.013 0.013 0.019 0.023 0.013 0.088 0.249 0.022 0.037 0.225 0.012 0.024 0.029 0.012 0.055 0.074
88 L 0.04 0.024 0.017 0.016 0.013 0.016 0.022 0.023 0.021 0.083 0.237 0.025 0.035 0.158 0.013 0.026 0.03 0.015 0.115 0.072
89 Y 0.04 0.028 0.021 0.018 0.009 0.021 0.028 0.025 0.046 0.043 0.067 0.031 0.018 0.129 0.015 0.031 0.028 0.028 0.328 0.046
90 L 0.051 0.022 0.015 0.016 0.017 0.015 0.02 0.022 0.009 0.168 0.266 0.025 0.041 0.047 0.015 0.026 0.038 0.006 0.021 0.161
91 G 0.058 0.037 0.115 0.047 0.011 0.029 0.041 0.165 0.106 0.029 0.04 0.044 0.014 0.022 0.021 0.063 0.09 0.006 0.025 0.036
92 G 0.062 0.02 0.027 0.025 0.013 0.016 0.021 0.269 0.011 0.15 0.097 0.028 0.023 0.03 0.017 0.038 0.034 0.006 0.015 0.099
93 V 0.052 0.023 0.017 0.017 0.014 0.017 0.024 0.026 0.019 0.099 0.094 0.026 0.024 0.065 0.014 0.029 0.037 0.135 0.109 0.159
94 I 0.052 0.018 0.015 0.017 0.017 0.014 0.019 0.021 0.009 0.252 0.156 0.024 0.035 0.041 0.015 0.027 0.042 0.006 0.02 0.2
95 F 0.033 0.019 0.017 0.017 0.01 0.01 0.019 0.025 0.017 0.062 0.113 0.019 0.025 0.396 0.01 0.025 0.025 0.017 0.087 0.054
96 R 0.053 0.151 0.042 0.041 0.008 0.138 0.081 0.039 0.025 0.026 0.045 0.147 0.018 0.015 0.023 0.052 0.039 0.006 0.019 0.033
97 L 0.049 0.033 0.101 0.038 0.013 0.024 0.034 0.038 0.025 0.058 0.137 0.038 0.024 0.056 0.019 0.054 0.092 0.011 0.096 0.059
98 L 0.043 0.023 0.014 0.015 0.015 0.015 0.02 0.021 0.011 0.107 0.351 0.024 0.046 0.097 0.014 0.024 0.032 0.008 0.03 0.09
99 N 0.043 0.044 0.15 0.142 0.009 0.032 0.056 0.047 0.03 0.028 0.041 0.075 0.013 0.044 0.02 0.053 0.039 0.01 0.093 0.032
100 I 0.046 0.017 0.014 0.017 0.016 0.013 0.017 0.02 0.009 0.282 0.165 0.023 0.036 0.044 0.014 0.025 0.039 0.006 0.02 0.174
101 P 0.097 0.026 0.023 0.03 0.012 0.021 0.036 0.043 0.013 0.028 0.039 0.041 0.011 0.014 0.422 0.05 0.038 0.003 0.013 0.037
102 F 0.037 0.023 0.019 0.018 0.01 0.016 0.023 0.025 0.031 0.053 0.09 0.025 0.022 0.262 0.013 0.028 0.026 0.022 0.208 0.05
103 F 0.035 0.021 0.018 0.017 0.01 0.013 0.021 0.025 0.024 0.058 0.101 0.022 0.023 0.329 0.012 0.026 0.026 0.019 0.148 0.052
104 F 0.04 0.018 0.016 0.017 0.013 0.012 0.018 0.023 0.013 0.172 0.139 0.021 0.031 0.22 0.012 0.025 0.032 0.011 0.054 0.114
105 I 0.049 0.025 0.017 0.019 0.016 0.02 0.023 0.024 0.012 0.19 0.18 0.029 0.105 0.046 0.015 0.03 0.039 0.007 0.022 0.133
106 P 0.056 0.025 0.023 0.031 0.01 0.02 0.036 0.036 0.013 0.025 0.036 0.041 0.01 0.013 0.501 0.043 0.036 0.003 0.013 0.031
107 A 0.301 0.031 0.025 0.029 0.021 0.025 0.04 0.077 0.015 0.043 0.059 0.044 0.017 0.021 0.029 0.084 0.049 0.005 0.017 0.068
108 F 0.114 0.027 0.025 0.025 0.016 0.021 0.03 0.042 0.014 0.087 0.104 0.034 0.042 0.122 0.021 0.058 0.093 0.009 0.036 0.081
109 Y 0.04 0.028 0.021 0.018 0.009 0.021 0.028 0.025 0.046 0.043 0.067 0.031 0.018 0.129 0.015 0.031 0.028 0.028 0.328 0.046
110 G 0.077 0.023 0.039 0.033 0.011 0.019 0.025 0.517 0.013 0.019 0.028 0.033 0.009 0.016 0.019 0.051 0.029 0.005 0.011 0.024
111 A 0.245 0.029 0.029 0.03 0.019 0.024 0.036 0.187 0.014 0.037 0.051 0.041 0.015 0.02 0.027 0.075 0.044 0.005 0.016 0.057
112 L 0.056 0.023 0.015 0.016 0.017 0.016 0.021 0.023 0.009 0.138 0.257 0.025 0.04 0.045 0.015 0.028 0.041 0.006 0.021 0.187
113 L 0.051 0.032 0.02 0.02 0.016 0.028 0.028 0.028 0.016 0.099 0.194 0.036 0.173 0.047 0.016 0.036 0.04 0.008 0.024 0.091
114 I 0.057 0.021 0.022 0.022 0.135 0.016 0.022 0.029 0.01 0.165 0.115 0.028 0.027 0.033 0.018 0.045 0.093 0.005 0.018 0.119
115 Y 0.04 0.028 0.021 0.018 0.009 0.021 0.028 0.025 0.046 0.043 0.067 0.031 0.018 0.129 0.015 0.031 0.028 0.028 0.328 0.046
116 L 0.039 0.021 0.015 0.016 0.013 0.013 0.019 0.023 0.013 0.088 0.249 0.022 0.037 0.225 0.012 0.024 0.029 0.012 0.055 0.074
117 L 0.049 0.024 0.016 0.016 0.015 0.017 0.023 0.023 0.018 0.108 0.241 0.027 0.037 0.068 0.015 0.028 0.036 0.012 0.098 0.129
118 L 0.046 0.026 0.015 0.016 0.016 0.019 0.022 0.023 0.011 0.11 0.337 0.028 0.08 0.052 0.014 0.027 0.035 0.007 0.022 0.094
119 A 0.301 0.031 0.025 0.029 0.021 0.025 0.04 0.077 0.015 0.043 0.059 0.044 0.017 0.021 0.029 0.084 0.049 0.005 0.017 0.068
120 S 0.132 0.038 0.05 0.046 0.018 0.032 0.05 0.067 0.018 0.031 0.043 0.052 0.016 0.021 0.029 0.213 0.077 0.005 0.017 0.045
121 L 0.039 0.021 0.015 0.016 0.013 0.013 0.019 0.023 0.013 0.088 0.249 0.022 0.037 0.225 0.012 0.024 0.029 0.012 0.055 0.074
122 R 0.044 0.355 0.038 0.031 0.008 0.048 0.052 0.032 0.023 0.023 0.046 0.118 0.015 0.017 0.019 0.044 0.034 0.006 0.017 0.031
123 N 0.042 0.044 0.327 0.082 0.009 0.033 0.049 0.064 0.031 0.022 0.031 0.053 0.011 0.018 0.02 0.069 0.049 0.004 0.015 0.027
124 G 0.062 0.027 0.024 0.023 0.015 0.023 0.026 0.149 0.013 0.095 0.136 0.033 0.097 0.037 0.017 0.039 0.039 0.007 0.02 0.121
125 L 0.058 0.029 0.028 0.026 0.017 0.021 0.029 0.032 0.012 0.104 0.197 0.035 0.033 0.037 0.021 0.058 0.146 0.006 0.02 0.092
126 L 0.042 0.021 0.015 0.016 0.015 0.014 0.019 0.022 0.011 0.143 0.262 0.023 0.04 0.137 0.013 0.024 0.033 0.009 0.038 0.104
127 I 0.054 0.024 0.058 0.029 0.015 0.018 0.026 0.031 0.013 0.218 0.133 0.031 0.031 0.037 0.017 0.056 0.046 0.006 0.019 0.139
128 F 0.115 0.04 0.074 0.089 0.013 0.027 0.047 0.051 0.019 0.04 0.063 0.073 0.017 0.126 0.021 0.056 0.039 0.008 0.036 0.047
129 D 0.051 0.035 0.095 0.281 0.009 0.035 0.107 0.049 0.021 0.023 0.031 0.05 0.011 0.016 0.023 0.076 0.043 0.004 0.013 0.027
130 C 0.068 0.025 0.026 0.025 0.134 0.02 0.029 0.035 0.015 0.07 0.074 0.033 0.02 0.037 0.08 0.068 0.071 0.008 0.055 0.107
131 E 0.062 0.042 0.045 0.117 0.009 0.05 0.213 0.1 0.022 0.022 0.035 0.063 0.012 0.017 0.025 0.076 0.041 0.005 0.015 0.03
132 R 0.065 0.144 0.138 0.054 0.011 0.038 0.051 0.055 0.025 0.025 0.04 0.076 0.014 0.019 0.023 0.113 0.055 0.005 0.017 0.033
133 E 0.055 0.049 0.04 0.09 0.007 0.064 0.3 0.035 0.026 0.022 0.037 0.075 0.013 0.017 0.026 0.055 0.037 0.005 0.017 0.031
134 N 0.043 0.045 0.319 0.083 0.009 0.034 0.049 0.065 0.031 0.022 0.031 0.054 0.011 0.018 0.02 0.07 0.049 0.004 0.016 0.027
135 R 0.044 0.347 0.039 0.031 0.008 0.048 0.052 0.033 0.023 0.023 0.046 0.12 0.015 0.017 0.019 0.044 0.035 0.006 0.017 0.031
136 E 0.064 0.042 0.042 0.064 0.013 0.046 0.169 0.039 0.02 0.038 0.051 0.06 0.016 0.02 0.027 0.074 0.143 0.006 0.017 0.051
137 L 0.05 0.028 0.02 0.026 0.014 0.025 0.059 0.025 0.017 0.117 0.194 0.034 0.068 0.053 0.016 0.033 0.037 0.009 0.06 0.113
138 S 0.108 0.04 0.053 0.048 0.017 0.033 0.052 0.065 0.019 0.029 0.041 0.053 0.015 0.021 0.029 0.231 0.081 0.005 0.017 0.041
139 G 0.084 0.028 0.043 0.037 0.013 0.023 0.034 0.345 0.015 0.026 0.036 0.04 0.012 0.018 0.022 0.101 0.071 0.005 0.013 0.034
140 E 0.055 0.05 0.041 0.09 0.007 0.065 0.295 0.035 0.026 0.022 0.037 0.076 0.013 0.017 0.026 0.055 0.037 0.006 0.017 0.031
141 S 0.11 0.04 0.054 0.049 0.018 0.033 0.053 0.066 0.019 0.03 0.042 0.054 0.016 0.021 0.03 0.218 0.082 0.005 0.018 0.042
142 T 0.073 0.036 0.044 0.038 0.018 0.028 0.039 0.044 0.014 0.053 0.065 0.046 0.02 0.024 0.028 0.093 0.245 0.006 0.018 0.071
143 K 0.057 0.107 0.042 0.042 0.009 0.054 0.071 0.043 0.021 0.028 0.043 0.278 0.016 0.016 0.028 0.054 0.04 0.005 0.017 0.033
144 D 0.041 0.029 0.045 0.208 0.008 0.026 0.06 0.036 0.033 0.033 0.048 0.038 0.014 0.073 0.019 0.042 0.032 0.016 0.164 0.036
145 K 0.055 0.065 0.035 0.033 0.01 0.035 0.048 0.098 0.018 0.038 0.061 0.159 0.017 0.112 0.022 0.05 0.062 0.008 0.034 0.041
146 K 0.058 0.147 0.04 0.036 0.009 0.043 0.054 0.159 0.019 0.024 0.04 0.182 0.014 0.016 0.023 0.05 0.035 0.005 0.015 0.03
147 K 0.047 0.063 0.028 0.028 0.011 0.033 0.045 0.033 0.017 0.058 0.146 0.155 0.026 0.12 0.02 0.039 0.034 0.008 0.036 0.053
148 I 0.113 0.021 0.017 0.02 0.018 0.017 0.024 0.035 0.01 0.207 0.134 0.029 0.031 0.037 0.018 0.04 0.043 0.006 0.02 0.161
149 L 0.058 0.025 0.025 0.024 0.015 0.018 0.027 0.033 0.014 0.122 0.176 0.03 0.031 0.128 0.017 0.076 0.044 0.009 0.037 0.091
150 A 0.186 0.033 0.034 0.033 0.019 0.026 0.039 0.06 0.014 0.048 0.061 0.044 0.018 0.022 0.028 0.088 0.153 0.006 0.017 0.069
151 Y 0.04 0.032 0.029 0.023 0.009 0.026 0.034 0.028 0.126 0.038 0.06 0.034 0.018 0.104 0.016 0.033 0.027 0.023 0.26 0.04
152 L 0.054 0.021 0.016 0.017 0.016 0.015 0.021 0.024 0.011 0.125 0.188 0.024 0.034 0.13 0.014 0.028 0.039 0.009 0.038 0.177
153 L 0.052 0.025 0.021 0.021 0.016 0.018 0.024 0.026 0.011 0.14 0.25 0.029 0.038 0.044 0.017 0.041 0.091 0.006 0.02 0.108
154 V 0.057 0.021 0.015 0.017 0.017 0.015 0.021 0.022 0.009 0.18 0.202 0.025 0.037 0.042 0.015 0.028 0.042 0.006 0.021 0.207
155 L 0.039 0.021 0.015 0.016 0.013 0.013 0.019 0.023 0.013 0.088 0.249 0.022 0.037 0.225 0.012 0.024 0.029 0.012 0.055 0.074
156 S 0.108 0.04 0.053 0.048 0.017 0.033 0.052 0.065 0.019 0.029 0.041 0.053 0.015 0.021 0.029 0.231 0.081 0.005 0.017 0.041
157 A 0.272 0.031 0.027 0.03 0.021 0.025 0.04 0.073 0.014 0.044 0.059 0.044 0.018 0.022 0.029 0.085 0.075 0.005 0.017 0.068
158 L 0.039 0.021 0.015 0.016 0.013 0.013 0.019 0.023 0.013 0.088 0.249 0.022 0.037 0.225 0.012 0.024 0.029 0.012 0.055 0.074
159 D 0.041 0.037 0.197 0.244 0.008 0.031 0.069 0.055 0.025 0.022 0.029 0.049 0.01 0.016 0.021 0.06 0.042 0.004 0.013 0.025
160 I 0.046 0.017 0.014 0.017 0.016 0.013 0.017 0.02 0.009 0.282 0.165 0.023 0.036 0.044 0.014 0.025 0.039 0.006 0.02 0.174
161 L 0.051 0.022 0.015 0.016 0.017 0.015 0.02 0.022 0.009 0.168 0.266 0.025 0.041 0.047 0.015 0.026 0.038 0.006 0.021 0.161
162 N 0.051 0.039 0.255 0.07 0.009 0.03 0.043 0.178 0.027 0.021 0.03 0.048 0.011 0.017 0.02 0.064 0.044 0.005 0.014 0.026
163 L 0.04 0.024 0.017 0.016 0.013 0.016 0.022 0.023 0.021 0.083 0.237 0.025 0.035 0.158 0.013 0.026 0.03 0.015 0.115 0.072
164 V 0.134 0.028 0.028 0.028 0.019 0.022 0.034 0.047 0.012 0.114 0.094 0.037 0.024 0.029 0.023 0.094 0.056 0.005 0.019 0.154
165 L 0.044 0.024 0.014 0.015 0.016 0.016 0.02 0.021 0.01 0.114 0.385 0.025 0.049 0.054 0.014 0.024 0.033 0.007 0.022 0.095
166 G 0.077 0.023 0.039 0.033 0.011 0.019 0.025 0.517 0.013 0.019 0.028 0.033 0.009 0.016 0.019 0.051 0.029 0.005 0.011 0.024
167 L 0.045 0.021 0.014 0.016 0.016 0.015 0.019 0.021 0.009 0.198 0.275 0.024 0.043 0.049 0.014 0.024 0.036 0.006 0.021 0.134
168 R 0.044 0.355 0.038 0.031 0.008 0.048 0.052 0.032 0.023 0.023 0.046 0.118 0.015 0.017 0.019 0.044 0.034 0.006 0.017 0.031
169 F 0.037 0.023 0.019 0.018 0.01 0.016 0.023 0.025 0.031 0.053 0.09 0.025 0.022 0.262 0.013 0.028 0.026 0.022 0.208 0.05
170 G 0.077 0.023 0.039 0.033 0.011 0.019 0.025 0.517 0.013 0.019 0.028 0.033 0.009 0.016 0.019 0.051 0.029 0.005 0.011 0.024
171 L 0.115 0.028 0.024 0.024 0.018 0.021 0.03 0.04 0.012 0.081 0.223 0.035 0.034 0.038 0.021 0.056 0.093 0.006 0.02 0.082
172 A 0.18 0.036 0.043 0.041 0.019 0.03 0.047 0.07 0.017 0.034 0.048 0.05 0.016 0.021 0.029 0.176 0.069 0.005 0.017 0.051
173 L 0.047 0.023 0.016 0.017 0.016 0.017 0.021 0.022 0.011 0.194 0.227 0.027 0.074 0.047 0.015 0.027 0.038 0.007 0.022 0.133
174 V 0.128 0.027 0.025 0.025 0.019 0.021 0.031 0.042 0.011 0.105 0.095 0.035 0.025 0.029 0.022 0.06 0.101 0.005 0.019 0.174
175 F 0.04 0.023 0.017 0.017 0.013 0.016 0.021 0.025 0.015 0.084 0.201 0.024 0.068 0.223 0.013 0.027 0.031 0.012 0.055 0.074
176 A 0.175 0.028 0.021 0.024 0.019 0.023 0.031 0.051 0.013 0.116 0.119 0.037 0.061 0.033 0.022 0.057 0.044 0.006 0.02 0.1
177 V 0.058 0.02 0.015 0.017 0.017 0.015 0.02 0.022 0.008 0.222 0.147 0.024 0.034 0.039 0.015 0.029 0.044 0.006 0.02 0.227
178 Y 0.04 0.028 0.021 0.018 0.009 0.021 0.028 0.025 0.046 0.043 0.067 0.031 0.018 0.129 0.015 0.031 0.028 0.028 0.328 0.046
179 A 0.245 0.029 0.029 0.03 0.019 0.024 0.036 0.187 0.014 0.037 0.051 0.041 0.015 0.02 0.027 0.075 0.044 0.005 0.016 0.057
180 I 0.052 0.018 0.015 0.017 0.017 0.014 0.019 0.021 0.009 0.252 0.156 0.024 0.035 0.041 0.015 0.027 0.042 0.006 0.02 0.2
181 T 0.081 0.036 0.045 0.04 0.017 0.029 0.042 0.048 0.015 0.047 0.058 0.047 0.018 0.023 0.028 0.126 0.213 0.006 0.017 0.063
182 C 0.068 0.026 0.029 0.027 0.254 0.02 0.027 0.037 0.011 0.048 0.064 0.032 0.018 0.022 0.022 0.066 0.147 0.005 0.015 0.063
183 Y 0.038 0.025 0.02 0.018 0.009 0.019 0.025 0.025 0.039 0.048 0.079 0.028 0.02 0.196 0.014 0.029 0.027 0.025 0.268 0.048
184 Y 0.056 0.029 0.029 0.026 0.011 0.023 0.032 0.035 0.036 0.042 0.067 0.035 0.019 0.135 0.018 0.08 0.041 0.021 0.22 0.046
185 S 0.092 0.118 0.05 0.044 0.015 0.036 0.052 0.057 0.02 0.028 0.042 0.07 0.015 0.02 0.027 0.185 0.069 0.005 0.017 0.039
186 G 0.061 0.189 0.038 0.032 0.009 0.033 0.038 0.275 0.018 0.021 0.037 0.076 0.012 0.017 0.019 0.047 0.032 0.006 0.014 0.027
187 S 0.139 0.035 0.05 0.133 0.016 0.03 0.058 0.063 0.018 0.031 0.042 0.049 0.014 0.019 0.027 0.15 0.061 0.005 0.016 0.044
188 K 0.056 0.106 0.041 0.041 0.008 0.053 0.07 0.043 0.02 0.027 0.043 0.289 0.015 0.015 0.027 0.053 0.039 0.005 0.017 0.032
189 L 0.054 0.045 0.025 0.025 0.015 0.027 0.035 0.03 0.013 0.09 0.227 0.093 0.035 0.038 0.019 0.041 0.065 0.006 0.02 0.099
190 R 0.05 0.23 0.04 0.036 0.008 0.05 0.061 0.037 0.022 0.025 0.044 0.204 0.015 0.016 0.023 0.048 0.037 0.005 0.017 0.031
191 G 0.119 0.022 0.024 0.024 0.133 0.017 0.025 0.163 0.013 0.042 0.066 0.029 0.017 0.113 0.019 0.05 0.035 0.008 0.032 0.05
192 L 0.117 0.024 0.023 0.024 0.016 0.018 0.026 0.159 0.012 0.114 0.159 0.031 0.028 0.034 0.019 0.046 0.038 0.006 0.018 0.09
193 L 0.122 0.025 0.021 0.022 0.018 0.019 0.027 0.098 0.011 0.102 0.162 0.031 0.029 0.034 0.019 0.045 0.042 0.006 0.019 0.149
194 F 0.167 0.025 0.021 0.023 0.016 0.018 0.029 0.051 0.016 0.053 0.086 0.031 0.021 0.209 0.02 0.054 0.037 0.011 0.052 0.061
195 L 0.067 0.031 0.027 0.026 0.017 0.026 0.032 0.036 0.015 0.091 0.171 0.037 0.1 0.04 0.019 0.083 0.05 0.007 0.021 0.103
196 I 0.082 0.02 0.016 0.018 0.135 0.015 0.02 0.03 0.009 0.171 0.154 0.025 0.03 0.036 0.017 0.036 0.039 0.005 0.018 0.121
197 L 0.05 0.023 0.015 0.016 0.017 0.016 0.021 0.022 0.009 0.126 0.321 0.025 0.044 0.049 0.015 0.026 0.037 0.007 0.022 0.141
198 A 0.171 0.035 0.04 0.038 0.019 0.029 0.044 0.064 0.016 0.04 0.053 0.048 0.017 0.022 0.029 0.141 0.113 0.005 0.017 0.058
199 L 0.045 0.022 0.014 0.016 0.016 0.015 0.019 0.021 0.009 0.177 0.302 0.024 0.044 0.05 0.014 0.024 0.035 0.007 0.021 0.125
200 L 0.052 0.028 0.022 0.021 0.016 0.02 0.026 0.027 0.012 0.097 0.281 0.031 0.057 0.045 0.018 0.042 0.09 0.007 0.021 0.088
201 V 0.06 0.027 0.018 0.019 0.017 0.022 0.025 0.026 0.012 0.131 0.161 0.031 0.102 0.041 0.016 0.034 0.044 0.007 0.022 0.185
202 H 0.041 0.045 0.053 0.038 0.007 0.038 0.053 0.038 0.365 0.023 0.038 0.045 0.015 0.03 0.019 0.041 0.026 0.007 0.056 0.023
203 F 0.033 0.019 0.017 0.017 0.01 0.01 0.019 0.025 0.017 0.062 0.113 0.019 0.025 0.396 0.01 0.025 0.025 0.017 0.087 0.054
204 S 0.108 0.04 0.053 0.048 0.017 0.033 0.052 0.065 0.019 0.029 0.041 0.053 0.015 0.021 0.029 0.231 0.081 0.005 0.017 0.041
205 L 0.051 0.032 0.02 0.02 0.016 0.028 0.028 0.028 0.016 0.099 0.194 0.036 0.173 0.047 0.016 0.036 0.04 0.008 0.024 0.091
206 A 0.177 0.026 0.021 0.024 0.019 0.021 0.031 0.05 0.012 0.124 0.111 0.035 0.043 0.032 0.022 0.057 0.045 0.006 0.019 0.124
207 F 0.036 0.02 0.016 0.016 0.012 0.012 0.019 0.024 0.015 0.075 0.181 0.02 0.031 0.31 0.011 0.025 0.027 0.014 0.071 0.064
208 V 0.058 0.02 0.015 0.017 0.017 0.015 0.02 0.022 0.008 0.222 0.147 0.024 0.034 0.039 0.015 0.029 0.044 0.006 0.02 0.227
209 L 0.058 0.025 0.019 0.02 0.017 0.018 0.025 0.027 0.011 0.115 0.278 0.029 0.04 0.045 0.016 0.052 0.043 0.006 0.021 0.134
210 L 0.047 0.023 0.016 0.017 0.016 0.017 0.021 0.022 0.011 0.194 0.227 0.027 0.074 0.047 0.015 0.027 0.038 0.007 0.022 0.133
211 C 0.097 0.02 0.023 0.022 0.253 0.016 0.022 0.158 0.01 0.052 0.062 0.027 0.016 0.021 0.018 0.047 0.038 0.005 0.013 0.077
212 F 0.033 0.019 0.017 0.017 0.01 0.01 0.019 0.025 0.017 0.062 0.113 0.019 0.025 0.396 0.01 0.025 0.025 0.017 0.087 0.054
213 F 0.042 0.019 0.016 0.017 0.014 0.013 0.019 0.023 0.013 0.136 0.162 0.022 0.032 0.22 0.013 0.026 0.033 0.011 0.054 0.117
214 A 0.245 0.029 0.029 0.03 0.019 0.024 0.036 0.187 0.014 0.037 0.051 0.041 0.015 0.02 0.027 0.075 0.044 0.005 0.016 0.057
215 S 0.108 0.04 0.053 0.048 0.017 0.033 0.052 0.065 0.019 0.029 0.041 0.053 0.015 0.021 0.029 0.231 0.081 0.005 0.017 0.041
216 R 0.047 0.209 0.033 0.03 0.01 0.041 0.048 0.032 0.019 0.068 0.102 0.137 0.022 0.025 0.02 0.041 0.036 0.006 0.018 0.057
217 F 0.039 0.021 0.018 0.017 0.011 0.014 0.021 0.025 0.023 0.07 0.103 0.023 0.024 0.284 0.012 0.027 0.029 0.018 0.139 0.08
218 I 0.053 0.019 0.015 0.017 0.016 0.014 0.02 0.022 0.009 0.21 0.145 0.024 0.033 0.084 0.015 0.028 0.041 0.007 0.029 0.199
219 K 0.053 0.09 0.112 0.051 0.009 0.048 0.064 0.048 0.023 0.026 0.04 0.23 0.014 0.016 0.025 0.057 0.042 0.005 0.017 0.031
220 L 0.051 0.022 0.015 0.016 0.017 0.015 0.02 0.022 0.009 0.168 0.266 0.025 0.041 0.047 0.015 0.026 0.038 0.006 0.021 0.161
221 N 0.049 0.061 0.184 0.073 0.008 0.046 0.118 0.051 0.027 0.023 0.035 0.117 0.013 0.017 0.023 0.061 0.043 0.005 0.016 0.029
222 K 0.056 0.106 0.041 0.041 0.008 0.053 0.07 0.043 0.02 0.027 0.043 0.289 0.015 0.015 0.027 0.053 0.039 0.005 0.017 0.032
223 K 0.054 0.083 0.034 0.035 0.01 0.043 0.057 0.037 0.017 0.091 0.073 0.222 0.021 0.022 0.024 0.046 0.039 0.005 0.018 0.068
224 Y 0.06 0.049 0.034 0.031 0.011 0.031 0.043 0.039 0.029 0.038 0.06 0.099 0.018 0.107 0.021 0.086 0.043 0.015 0.142 0.042
225 V 0.057 0.021 0.015 0.017 0.017 0.015 0.021 0.022 0.009 0.18 0.202 0.025 0.037 0.042 0.015 0.028 0.042 0.006 0.021 0.207
226 L 0.051 0.02 0.015 0.017 0.017 0.015 0.019 0.021 0.009 0.21 0.211 0.024 0.038 0.044 0.015 0.026 0.04 0.006 0.021 0.181
227 P 0.053 0.025 0.021 0.027 0.012 0.019 0.032 0.032 0.012 0.047 0.123 0.037 0.02 0.023 0.379 0.038 0.035 0.004 0.015 0.047
228 L 0.041 0.023 0.015 0.015 0.015 0.015 0.02 0.022 0.012 0.101 0.317 0.023 0.043 0.139 0.013 0.024 0.031 0.009 0.038 0.085
229 S 0.096 0.035 0.044 0.041 0.017 0.028 0.044 0.055 0.016 0.077 0.068 0.046 0.02 0.025 0.026 0.181 0.072 0.005 0.018 0.088
230 I 0.043 0.018 0.015 0.017 0.015 0.012 0.018 0.021 0.011 0.227 0.152 0.022 0.033 0.132 0.013 0.025 0.036 0.009 0.037 0.144
231 L 0.042 0.019 0.015 0.017 0.015 0.013 0.018 0.022 0.011 0.185 0.207 0.023 0.037 0.134 0.013 0.025 0.034 0.009 0.038 0.124
232 F 0.062 0.028 0.032 0.03 0.014 0.02 0.032 0.04 0.016 0.052 0.083 0.034 0.021 0.209 0.019 0.093 0.097 0.011 0.052 0.055
233 Y 0.036 0.024 0.019 0.017 0.009 0.017 0.024 0.026 0.031 0.045 0.075 0.026 0.019 0.178 0.012 0.027 0.026 0.143 0.203 0.044
234 L 0.047 0.022 0.015 0.016 0.015 0.015 0.02 0.023 0.011 0.113 0.253 0.024 0.038 0.135 0.014 0.026 0.035 0.009 0.038 0.131
235 L 0.044 0.022 0.014 0.016 0.016 0.015 0.019 0.021 0.01 0.156 0.33 0.025 0.046 0.051 0.014 0.024 0.034 0.007 0.022 0.115
236 S 0.108 0.04 0.053 0.048 0.017 0.033 0.052 0.065 0.019 0.029 0.041 0.053 0.015 0.021 0.029 0.231 0.081 0.005 0.017 0.041
237 S 0.132 0.038 0.05 0.046 0.018 0.032 0.05 0.067 0.018 0.031 0.043 0.052 0.016 0.021 0.029 0.213 0.077 0.005 0.017 0.045
238 T 0.062 0.028 0.03 0.027 0.016 0.02 0.03 0.034 0.013 0.082 0.092 0.033 0.024 0.119 0.02 0.06 0.147 0.008 0.036 0.118
239 A 0.179 0.025 0.02 0.023 0.019 0.02 0.03 0.05 0.011 0.132 0.103 0.034 0.025 0.03 0.022 0.056 0.047 0.005 0.019 0.147
240 L 0.044 0.024 0.014 0.015 0.016 0.016 0.02 0.021 0.01 0.114 0.385 0.025 0.049 0.054 0.014 0.024 0.033 0.007 0.022 0.095
241 P 0.05 0.19 0.031 0.031 0.009 0.034 0.044 0.034 0.018 0.024 0.041 0.08 0.013 0.015 0.26 0.044 0.035 0.004 0.015 0.031
242 F 0.071 0.029 0.035 0.032 0.014 0.022 0.035 0.045 0.018 0.046 0.077 0.036 0.02 0.208 0.02 0.128 0.053 0.011 0.052 0.048
243 I 0.052 0.018 0.015 0.017 0.017 0.014 0.019 0.021 0.009 0.252 0.156 0.024 0.035 0.041 0.015 0.027 0.042 0.006 0.02 0.2
244 L 0.044 0.024 0.014 0.015 0.016 0.016 0.02 0.021 0.01 0.114 0.385 0.025 0.049 0.054 0.014 0.024 0.033 0.007 0.022 0.095
245 P 0.056 0.033 0.104 0.045 0.012 0.025 0.04 0.045 0.018 0.031 0.042 0.045 0.013 0.017 0.262 0.062 0.094 0.004 0.015 0.039
246 G 0.074 0.06 0.044 0.042 0.011 0.083 0.062 0.166 0.02 0.025 0.04 0.116 0.015 0.017 0.025 0.097 0.047 0.005 0.016 0.033
247 I 0.043 0.018 0.015 0.017 0.015 0.012 0.018 0.021 0.011 0.227 0.152 0.022 0.033 0.132 0.013 0.025 0.036 0.009 0.037 0.144
248 S 0.128 0.036 0.048 0.044 0.017 0.03 0.047 0.123 0.018 0.03 0.042 0.05 0.015 0.02 0.028 0.19 0.07 0.005 0.016 0.042
249 F 0.036 0.02 0.016 0.016 0.012 0.012 0.019 0.024 0.015 0.075 0.181 0.02 0.031 0.31 0.011 0.025 0.027 0.014 0.071 0.064
250 L 0.056 0.027 0.023 0.022 0.015 0.022 0.025 0.148 0.014 0.083 0.2 0.032 0.101 0.041 0.016 0.036 0.035 0.007 0.02 0.075
251 G 0.085 0.027 0.042 0.037 0.012 0.022 0.032 0.404 0.015 0.021 0.031 0.038 0.011 0.017 0.021 0.096 0.042 0.005 0.012 0.028
252 V 0.058 0.02 0.015 0.017 0.017 0.015 0.02 0.022 0.008 0.222 0.147 0.024 0.034 0.039 0.015 0.029 0.044 0.006 0.02 0.227
253 G 0.133 0.025 0.035 0.032 0.013 0.02 0.029 0.407 0.014 0.025 0.036 0.036 0.011 0.017 0.021 0.059 0.034 0.005 0.012 0.035
254 D 0.109 0.04 0.051 0.222 0.011 0.078 0.08 0.052 0.02 0.028 0.04 0.055 0.014 0.016 0.024 0.06 0.04 0.005 0.015 0.038
255 Y 0.04 0.028 0.021 0.018 0.009 0.021 0.028 0.025 0.046 0.043 0.067 0.031 0.018 0.129 0.015 0.031 0.028 0.028 0.328 0.046
256 A 0.301 0.031 0.025 0.029 0.021 0.025 0.04 0.077 0.015 0.043 0.059 0.044 0.017 0.021 0.029 0.084 0.049 0.005 0.017 0.068
257 L 0.048 0.026 0.017 0.018 0.016 0.021 0.023 0.024 0.013 0.148 0.234 0.03 0.108 0.048 0.015 0.03 0.038 0.007 0.022 0.113
258 G 0.093 0.031 0.046 0.041 0.014 0.026 0.038 0.291 0.016 0.024 0.035 0.043 0.012 0.018 0.024 0.141 0.055 0.005 0.014 0.033
259 G 0.077 0.023 0.039 0.033 0.011 0.019 0.025 0.517 0.013 0.019 0.028 0.033 0.009 0.016 0.019 0.051 0.029 0.005 0.011 0.024
260 Y 0.04 0.028 0.021 0.018 0.009 0.021 0.028 0.025 0.046 0.043 0.067 0.031 0.018 0.129 0.015 0.031 0.028 0.028 0.328 0.046
261 V 0.069 0.022 0.016 0.018 0.019 0.016 0.023 0.024 0.008 0.162 0.128 0.026 0.031 0.035 0.016 0.032 0.049 0.005 0.02 0.28
262 D 0.044 0.034 0.061 0.327 0.007 0.038 0.144 0.043 0.02 0.022 0.03 0.052 0.01 0.015 0.023 0.052 0.035 0.004 0.012 0.026
263 G 0.085 0.027 0.042 0.037 0.012 0.022 0.032 0.404 0.015 0.021 0.031 0.038 0.011 0.017 0.021 0.096 0.042 0.005 0.012 0.028
264 G 0.081 0.026 0.031 0.029 0.016 0.021 0.031 0.158 0.012 0.093 0.081 0.034 0.022 0.027 0.02 0.087 0.052 0.005 0.017 0.156
265 W 0.031 0.021 0.015 0.015 0.008 0.014 0.021 0.029 0.015 0.038 0.067 0.021 0.017 0.144 0.008 0.023 0.023 0.379 0.072 0.036
266 A 0.204 0.035 0.039 0.039 0.019 0.029 0.046 0.071 0.017 0.036 0.05 0.049 0.016 0.021 0.029 0.158 0.065 0.005 0.017 0.055
267 D 0.109 0.038 0.115 0.152 0.011 0.038 0.121 0.055 0.022 0.027 0.038 0.054 0.013 0.018 0.024 0.065 0.042 0.005 0.015 0.037
268 A 0.18 0.028 0.027 0.028 0.019 0.023 0.034 0.054 0.013 0.105 0.087 0.039 0.023 0.027 0.025 0.071 0.099 0.006 0.018 0.095
269 P 0.082 0.032 0.038 0.039 0.014 0.027 0.044 0.05 0.016 0.027 0.038 0.047 0.013 0.017 0.265 0.137 0.058 0.004 0.015 0.036
270 T 0.057 0.036 0.12 0.141 0.013 0.029 0.054 0.049 0.019 0.037 0.047 0.047 0.015 0.02 0.024 0.076 0.15 0.005 0.015 0.048
271 D 0.041 0.037 0.197 0.244 0.008 0.031 0.069 0.055 0.025 0.022 0.029 0.049 0.01 0.016 0.021 0.06 0.042 0.004 0.013 0.025
272 L 0.067 0.031 0.031 0.029 0.017 0.023 0.033 0.038 0.013 0.077 0.219 0.037 0.033 0.038 0.021 0.093 0.101 0.006 0.02 0.075
273 N 0.042 0.044 0.327 0.082 0.009 0.033 0.049 0.064 0.031 0.022 0.031 0.053 0.011 0.018 0.02 0.069 0.049 0.004 0.015 0.027
274 T 0.072 0.035 0.043 0.037 0.018 0.027 0.039 0.043 0.014 0.053 0.064 0.045 0.019 0.023 0.027 0.091 0.258 0.006 0.018 0.07
275 L 0.048 0.043 0.021 0.022 0.014 0.024 0.032 0.026 0.012 0.134 0.244 0.09 0.037 0.042 0.017 0.031 0.036 0.006 0.02 0.099
276 G 0.094 0.023 0.029 0.027 0.014 0.019 0.025 0.277 0.013 0.097 0.087 0.032 0.037 0.027 0.019 0.046 0.036 0.006 0.016 0.075
277 V 0.063 0.022 0.016 0.017 0.018 0.016 0.022 0.023 0.009 0.15 0.192 0.026 0.036 0.04 0.016 0.03 0.045 0.006 0.021 0.233
278 F 0.173 0.026 0.024 0.026 0.016 0.02 0.032 0.054 0.016 0.05 0.08 0.034 0.02 0.177 0.021 0.072 0.042 0.01 0.047 0.06
279 F 0.039 0.022 0.017 0.017 0.012 0.015 0.021 0.023 0.021 0.098 0.176 0.024 0.031 0.2 0.013 0.026 0.029 0.016 0.123 0.077
280 L 0.051 0.02 0.015 0.017 0.017 0.015 0.019 0.021 0.009 0.21 0.211 0.024 0.038 0.044 0.015 0.026 0.04 0.006 0.021 0.181
281 R 0.067 0.196 0.043 0.037 0.013 0.039 0.048 0.043 0.02 0.032 0.049 0.084 0.016 0.02 0.024 0.103 0.102 0.006 0.017 0.043
282 R 0.043 0.199 0.183 0.056 0.008 0.04 0.05 0.048 0.027 0.023 0.038 0.086 0.013 0.017 0.02 0.056 0.042 0.005 0.016 0.029
283 L 0.065 0.027 0.027 0.025 0.015 0.022 0.028 0.153 0.013 0.082 0.173 0.033 0.064 0.036 0.018 0.06 0.042 0.006 0.019 0.093
284 L 0.044 0.024 0.014 0.015 0.016 0.016 0.02 0.021 0.01 0.114 0.385 0.025 0.049 0.054 0.014 0.024 0.033 0.007 0.022 0.095
285 G 0.066 0.047 0.041 0.04 0.01 0.122 0.063 0.279 0.021 0.022 0.037 0.062 0.015 0.015 0.021 0.053 0.035 0.006 0.015 0.029
286 L 0.042 0.021 0.015 0.016 0.015 0.014 0.019 0.022 0.011 0.143 0.262 0.023 0.04 0.137 0.013 0.024 0.033 0.009 0.038 0.104
287 G 0.104 0.027 0.032 0.03 0.016 0.022 0.032 0.164 0.013 0.087 0.109 0.036 0.023 0.028 0.021 0.091 0.049 0.006 0.017 0.093
288 L 0.13 0.029 0.027 0.027 0.018 0.023 0.034 0.047 0.013 0.087 0.153 0.037 0.028 0.033 0.022 0.093 0.053 0.006 0.019 0.121
289 L 0.043 0.023 0.014 0.015 0.015 0.015 0.02 0.021 0.011 0.107 0.351 0.024 0.046 0.097 0.014 0.024 0.032 0.008 0.03 0.09
290 V 0.054 0.02 0.016 0.017 0.016 0.014 0.021 0.023 0.01 0.167 0.134 0.023 0.031 0.127 0.014 0.029 0.04 0.008 0.037 0.197
291 L 0.039 0.021 0.015 0.016 0.013 0.013 0.019 0.023 0.013 0.088 0.249 0.022 0.037 0.225 0.012 0.024 0.029 0.012 0.055 0.074
292 F 0.037 0.023 0.019 0.018 0.01 0.016 0.023 0.025 0.031 0.053 0.09 0.025 0.022 0.262 0.013 0.028 0.026 0.022 0.208 0.05
293 L 0.044 0.024 0.014 0.015 0.016 0.016 0.02 0.021 0.01 0.114 0.385 0.025 0.049 0.054 0.014 0.024 0.033 0.007 0.022 0.095
294 L 0.048 0.128 0.029 0.027 0.011 0.035 0.042 0.031 0.018 0.059 0.133 0.116 0.06 0.076 0.019 0.039 0.036 0.008 0.028 0.057
295 D 0.057 0.032 0.064 0.317 0.01 0.03 0.08 0.051 0.019 0.024 0.031 0.046 0.011 0.016 0.024 0.096 0.046 0.004 0.013 0.028
296 K 0.053 0.168 0.04 0.038 0.008 0.051 0.065 0.04 0.021 0.026 0.043 0.246 0.015 0.016 0.025 0.051 0.038 0.005 0.017 0.032
297 N 0.058 0.056 0.185 0.061 0.01 0.036 0.051 0.116 0.025 0.024 0.035 0.11 0.012 0.017 0.023 0.083 0.048 0.005 0.015 0.03
298 E 0.068 0.061 0.043 0.067 0.01 0.053 0.184 0.044 0.023 0.025 0.039 0.123 0.014 0.017 0.027 0.098 0.048 0.005 0.017 0.034
299 V 0.06 0.024 0.018 0.018 0.016 0.019 0.025 0.025 0.019 0.124 0.121 0.028 0.046 0.06 0.016 0.032 0.042 0.011 0.098 0.198
300 P 0.049 0.046 0.036 0.123 0.01 0.03 0.054 0.036 0.015 0.047 0.123 0.1 0.021 0.024 0.141 0.043 0.036 0.005 0.016 0.045
301 G 0.062 0.033 0.028 0.029 0.014 0.069 0.042 0.151 0.015 0.122 0.092 0.043 0.024 0.027 0.018 0.041 0.039 0.006 0.018 0.128
302 I 0.043 0.018 0.015 0.017 0.015 0.012 0.018 0.021 0.011 0.227 0.152 0.022 0.033 0.132 0.013 0.025 0.036 0.009 0.037 0.144
303 D 0.04 0.029 0.068 0.406 0.007 0.029 0.09 0.046 0.018 0.022 0.028 0.044 0.009 0.015 0.022 0.051 0.035 0.004 0.011 0.024
304 R 0.043 0.277 0.11 0.043 0.008 0.044 0.051 0.04 0.025 0.023 0.042 0.102 0.014 0.017 0.019 0.05 0.038 0.005 0.017 0.03
305 F 0.1 0.022 0.019 0.02 0.013 0.014 0.024 0.038 0.016 0.057 0.099 0.025 0.023 0.302 0.015 0.04 0.031 0.014 0.07 0.058
306 L 0.044 0.022 0.014 0.016 0.016 0.015 0.019 0.021 0.01 0.156 0.33 0.025 0.046 0.051 0.014 0.024 0.034 0.007 0.022 0.115
307 C 0.053 0.03 0.172 0.049 0.25 0.023 0.032 0.048 0.02 0.033 0.048 0.037 0.014 0.019 0.018 0.054 0.042 0.004 0.014 0.041
308 L 0.042 0.022 0.015 0.016 0.015 0.014 0.019 0.022 0.011 0.122 0.289 0.023 0.041 0.138 0.013 0.024 0.032 0.009 0.038 0.095
309 F 0.045 0.019 0.016 0.017 0.014 0.013 0.019 0.024 0.013 0.142 0.13 0.022 0.029 0.218 0.013 0.027 0.034 0.011 0.054 0.141
310 I 0.046 0.017 0.014 0.017 0.016 0.013 0.017 0.02 0.009 0.282 0.165 0.023 0.036 0.044 0.014 0.025 0.039 0.006 0.02 0.174
311 P 0.056 0.025 0.023 0.031 0.01 0.02 0.036 0.036 0.013 0.025 0.036 0.041 0.01 0.013 0.501 0.043 0.036 0.003 0.013 0.031
312 A 0.177 0.025 0.02 0.022 0.137 0.02 0.029 0.052 0.012 0.061 0.141 0.033 0.025 0.029 0.022 0.058 0.042 0.005 0.017 0.072
313 C 0.077 0.027 0.032 0.029 0.254 0.021 0.031 0.043 0.012 0.042 0.058 0.035 0.017 0.021 0.022 0.101 0.103 0.005 0.015 0.056
314 F 0.033 0.019 0.017 0.017 0.01 0.01 0.019 0.025 0.017 0.062 0.113 0.019 0.025 0.396 0.01 0.025 0.025 0.017 0.087 0.054
315 L 0.045 0.021 0.014 0.016 0.016 0.015 0.019 0.021 0.009 0.198 0.275 0.024 0.043 0.049 0.014 0.024 0.036 0.006 0.021 0.134
316 L 0.057 0.032 0.026 0.024 0.016 0.028 0.03 0.031 0.015 0.087 0.161 0.038 0.135 0.041 0.019 0.05 0.094 0.007 0.022 0.086
317 S 0.156 0.037 0.046 0.043 0.018 0.031 0.049 0.068 0.018 0.033 0.046 0.051 0.016 0.021 0.029 0.195 0.073 0.005 0.017 0.048
318 L 0.054 0.021 0.015 0.017 0.017 0.015 0.02 0.022 0.009 0.195 0.206 0.025 0.037 0.043 0.015 0.027 0.041 0.006 0.021 0.194
319 S 0.108 0.04 0.053 0.048 0.017 0.033 0.052 0.065 0.019 0.029 0.041 0.053 0.015 0.021 0.029 0.231 0.081 0.005 0.017 0.041
