#Seq2Logo.py -f /work3/idamei/ssn-clusterings/clustering/2205111339/clusters/0105_21/sequences.afa -o /work3/idamei/ssn-clusterings/clustering/2205111339/clusters/0105_21/sequences.logo
#Position Specific Frequency Matrix
A R N D C Q E G H I L K M F P S T W Y V
0 M 0.044 0.027 0.017 0.017 0.014 0.024 0.024 0.024 0.014 0.084 0.165 0.03 0.295 0.041 0.014 0.03 0.034 0.007 0.02 0.078
1 K 0.15 0.148 0.033 0.032 0.012 0.039 0.051 0.06 0.018 0.03 0.047 0.159 0.015 0.017 0.025 0.059 0.04 0.005 0.016 0.043
2 E 0.058 0.066 0.038 0.066 0.008 0.056 0.227 0.036 0.022 0.026 0.039 0.158 0.013 0.016 0.025 0.052 0.036 0.005 0.016 0.036
3 A 0.178 0.04 0.033 0.059 0.014 0.044 0.174 0.056 0.02 0.032 0.047 0.059 0.015 0.019 0.027 0.069 0.043 0.005 0.017 0.049
4 G 0.055 0.021 0.028 0.025 0.011 0.015 0.022 0.271 0.015 0.041 0.07 0.026 0.017 0.206 0.015 0.038 0.027 0.011 0.049 0.039
5 N 0.043 0.045 0.314 0.083 0.009 0.034 0.05 0.065 0.032 0.023 0.032 0.054 0.011 0.018 0.02 0.07 0.05 0.005 0.016 0.027
6 P 0.057 0.026 0.023 0.031 0.01 0.021 0.036 0.036 0.013 0.026 0.036 0.041 0.01 0.013 0.491 0.044 0.036 0.003 0.013 0.031
7 R 0.045 0.342 0.039 0.031 0.008 0.049 0.053 0.033 0.023 0.023 0.047 0.121 0.016 0.017 0.019 0.045 0.035 0.006 0.017 0.031
8 C 0.065 0.016 0.016 0.016 0.481 0.012 0.016 0.033 0.008 0.045 0.065 0.02 0.016 0.02 0.016 0.041 0.037 0.004 0.012 0.057
9 C 0.065 0.016 0.016 0.016 0.481 0.012 0.016 0.033 0.008 0.045 0.065 0.02 0.016 0.02 0.016 0.041 0.037 0.004 0.012 0.057
10 E 0.055 0.05 0.041 0.091 0.007 0.065 0.293 0.035 0.026 0.022 0.037 0.076 0.013 0.017 0.026 0.055 0.037 0.006 0.017 0.031
11 A 0.287 0.031 0.026 0.03 0.022 0.026 0.041 0.079 0.015 0.043 0.06 0.045 0.018 0.022 0.03 0.085 0.05 0.005 0.018 0.069
12 L 0.052 0.032 0.02 0.02 0.016 0.028 0.028 0.028 0.016 0.101 0.198 0.036 0.157 0.048 0.016 0.036 0.04 0.008 0.024 0.093
13 I 0.047 0.018 0.015 0.018 0.016 0.013 0.018 0.021 0.009 0.268 0.169 0.024 0.037 0.044 0.015 0.025 0.04 0.006 0.021 0.177
14 Q 0.056 0.074 0.044 0.047 0.009 0.211 0.103 0.041 0.03 0.027 0.047 0.092 0.021 0.015 0.024 0.056 0.041 0.006 0.021 0.035
15 L 0.052 0.032 0.02 0.02 0.016 0.028 0.028 0.028 0.016 0.101 0.198 0.036 0.157 0.048 0.016 0.036 0.04 0.008 0.024 0.093
16 K 0.057 0.108 0.042 0.042 0.009 0.054 0.071 0.043 0.021 0.028 0.043 0.275 0.016 0.016 0.028 0.054 0.04 0.005 0.017 0.033
17 P 0.057 0.026 0.023 0.031 0.01 0.021 0.036 0.036 0.013 0.026 0.036 0.041 0.01 0.013 0.491 0.044 0.036 0.003 0.013 0.031
18 L 0.045 0.024 0.014 0.015 0.016 0.016 0.02 0.021 0.01 0.116 0.373 0.025 0.05 0.055 0.014 0.024 0.034 0.007 0.022 0.097
19 D 0.041 0.03 0.069 0.395 0.008 0.03 0.092 0.047 0.019 0.022 0.028 0.045 0.009 0.015 0.022 0.052 0.036 0.004 0.011 0.024
20 G 0.079 0.023 0.039 0.034 0.011 0.019 0.026 0.508 0.014 0.019 0.028 0.034 0.009 0.016 0.019 0.052 0.03 0.005 0.011 0.024
21 A 0.301 0.031 0.025 0.029 0.021 0.025 0.04 0.077 0.015 0.043 0.058 0.044 0.017 0.021 0.029 0.084 0.049 0.005 0.017 0.068
22 P 0.056 0.025 0.023 0.031 0.01 0.02 0.036 0.036 0.013 0.025 0.036 0.041 0.01 0.013 0.501 0.043 0.036 0.003 0.013 0.031
23 I 0.067 0.028 0.028 0.028 0.016 0.023 0.031 0.037 0.014 0.148 0.124 0.036 0.08 0.035 0.019 0.112 0.052 0.006 0.019 0.098
24 K 0.077 0.089 0.054 0.033 0.011 0.066 0.045 0.068 0.018 0.031 0.064 0.113 0.015 0.025 0.058 0.082 0.086 0.005 0.023 0.038
25 S 0.11 0.04 0.054 0.049 0.018 0.033 0.052 0.066 0.019 0.03 0.042 0.054 0.016 0.021 0.03 0.22 0.082 0.005 0.018 0.042
26 R 0.045 0.345 0.039 0.031 0.008 0.048 0.052 0.033 0.023 0.023 0.047 0.12 0.016 0.017 0.019 0.045 0.035 0.006 0.017 0.031
27 A 0.29 0.031 0.026 0.03 0.022 0.026 0.04 0.078 0.015 0.043 0.059 0.045 0.018 0.022 0.03 0.085 0.05 0.005 0.018 0.069
28 V 0.07 0.022 0.017 0.018 0.019 0.017 0.023 0.025 0.008 0.165 0.13 0.026 0.032 0.036 0.017 0.033 0.049 0.006 0.021 0.269
29 T 0.073 0.036 0.043 0.038 0.018 0.028 0.039 0.043 0.014 0.053 0.065 0.045 0.02 0.024 0.028 0.093 0.246 0.006 0.018 0.071
30 G 0.078 0.023 0.039 0.034 0.011 0.019 0.026 0.51 0.014 0.019 0.028 0.034 0.009 0.016 0.019 0.051 0.03 0.005 0.011 0.024
31 P 0.057 0.026 0.023 0.031 0.01 0.021 0.036 0.036 0.013 0.026 0.036 0.041 0.01 0.013 0.493 0.044 0.036 0.003 0.013 0.031
32 R 0.045 0.345 0.039 0.031 0.008 0.048 0.052 0.033 0.023 0.023 0.047 0.12 0.016 0.017 0.019 0.045 0.035 0.006 0.017 0.031
33 T 0.073 0.036 0.043 0.038 0.018 0.028 0.039 0.043 0.014 0.053 0.065 0.045 0.02 0.024 0.028 0.093 0.246 0.006 0.018 0.071
34 P 0.057 0.026 0.023 0.031 0.01 0.021 0.036 0.036 0.013 0.026 0.036 0.041 0.01 0.013 0.493 0.044 0.036 0.003 0.013 0.031
35 E 0.055 0.05 0.04 0.09 0.007 0.065 0.296 0.035 0.026 0.022 0.037 0.076 0.013 0.017 0.026 0.055 0.037 0.006 0.017 0.031
36 R 0.045 0.345 0.039 0.031 0.008 0.048 0.052 0.033 0.023 0.023 0.047 0.12 0.016 0.017 0.019 0.045 0.035 0.006 0.017 0.031
37 N 0.043 0.045 0.317 0.083 0.009 0.034 0.049 0.065 0.032 0.023 0.032 0.054 0.011 0.018 0.02 0.07 0.049 0.005 0.016 0.027
38 T 0.073 0.036 0.043 0.038 0.018 0.028 0.039 0.043 0.014 0.053 0.065 0.045 0.02 0.024 0.028 0.093 0.246 0.006 0.018 0.071
39 P 0.057 0.026 0.023 0.031 0.01 0.021 0.036 0.036 0.013 0.026 0.036 0.041 0.01 0.013 0.493 0.044 0.036 0.003 0.013 0.031
40 G 0.078 0.023 0.039 0.034 0.011 0.019 0.026 0.51 0.014 0.019 0.028 0.034 0.009 0.016 0.019 0.051 0.03 0.005 0.011 0.024
41 P 0.057 0.026 0.023 0.031 0.01 0.021 0.036 0.036 0.013 0.026 0.036 0.041 0.01 0.013 0.493 0.044 0.036 0.003 0.013 0.031
42 R 0.045 0.345 0.039 0.031 0.008 0.048 0.052 0.033 0.023 0.023 0.047 0.12 0.016 0.017 0.019 0.045 0.035 0.006 0.017 0.031
43 T 0.073 0.036 0.043 0.038 0.018 0.028 0.039 0.043 0.014 0.053 0.065 0.045 0.02 0.024 0.028 0.093 0.246 0.006 0.018 0.071
44 S 0.11 0.04 0.054 0.049 0.018 0.033 0.052 0.066 0.019 0.03 0.042 0.054 0.016 0.021 0.03 0.22 0.082 0.005 0.018 0.042
45 G 0.078 0.023 0.039 0.034 0.011 0.019 0.026 0.51 0.014 0.019 0.028 0.034 0.009 0.016 0.019 0.051 0.03 0.005 0.011 0.024
46 R 0.045 0.345 0.039 0.031 0.008 0.048 0.052 0.033 0.023 0.023 0.047 0.12 0.016 0.017 0.019 0.045 0.035 0.006 0.017 0.031
47 H 0.042 0.046 0.053 0.038 0.008 0.038 0.053 0.038 0.355 0.023 0.038 0.046 0.015 0.031 0.019 0.042 0.027 0.008 0.057 0.023
48 V 0.07 0.022 0.017 0.018 0.019 0.017 0.023 0.025 0.008 0.165 0.13 0.026 0.032 0.036 0.017 0.033 0.049 0.006 0.021 0.269
49 P 0.057 0.026 0.023 0.031 0.01 0.021 0.036 0.036 0.013 0.026 0.036 0.041 0.01 0.013 0.493 0.044 0.036 0.003 0.013 0.031
50 G 0.078 0.023 0.039 0.034 0.011 0.019 0.026 0.51 0.014 0.019 0.028 0.034 0.009 0.016 0.019 0.051 0.03 0.005 0.011 0.024
51 R 0.045 0.345 0.039 0.031 0.008 0.048 0.052 0.033 0.023 0.023 0.047 0.12 0.016 0.017 0.019 0.045 0.035 0.006 0.017 0.031
52 D 0.041 0.03 0.069 0.397 0.008 0.03 0.091 0.047 0.019 0.022 0.028 0.045 0.009 0.015 0.022 0.052 0.035 0.004 0.011 0.024
53 A 0.29 0.031 0.026 0.03 0.022 0.026 0.04 0.078 0.015 0.043 0.059 0.045 0.018 0.022 0.03 0.085 0.05 0.005 0.018 0.069
54 G 0.078 0.023 0.039 0.034 0.011 0.019 0.026 0.51 0.014 0.019 0.028 0.034 0.009 0.016 0.019 0.051 0.03 0.005 0.011 0.024
55 G 0.078 0.023 0.039 0.034 0.011 0.019 0.026 0.51 0.014 0.019 0.028 0.034 0.009 0.016 0.019 0.051 0.03 0.005 0.011 0.024
56 R 0.045 0.345 0.039 0.031 0.008 0.048 0.052 0.033 0.023 0.023 0.047 0.12 0.016 0.017 0.019 0.045 0.035 0.006 0.017 0.031
57 N 0.043 0.045 0.317 0.083 0.009 0.034 0.049 0.065 0.032 0.023 0.032 0.054 0.011 0.018 0.02 0.07 0.049 0.005 0.016 0.027
58 F 0.034 0.019 0.017 0.017 0.011 0.011 0.019 0.025 0.017 0.063 0.114 0.019 0.025 0.387 0.011 0.025 0.025 0.017 0.089 0.055
59 P 0.057 0.026 0.023 0.031 0.01 0.021 0.036 0.036 0.013 0.026 0.036 0.041 0.01 0.013 0.493 0.044 0.036 0.003 0.013 0.031
60 G 0.078 0.023 0.039 0.034 0.011 0.019 0.026 0.51 0.014 0.019 0.028 0.034 0.009 0.016 0.019 0.051 0.03 0.005 0.011 0.024
61 P 0.057 0.026 0.023 0.031 0.01 0.021 0.036 0.036 0.013 0.026 0.036 0.041 0.01 0.013 0.493 0.044 0.036 0.003 0.013 0.031
62 R 0.045 0.345 0.039 0.031 0.008 0.048 0.052 0.033 0.023 0.023 0.047 0.12 0.016 0.017 0.019 0.045 0.035 0.006 0.017 0.031
63 T 0.073 0.036 0.043 0.038 0.018 0.028 0.039 0.043 0.014 0.053 0.065 0.045 0.02 0.024 0.028 0.093 0.246 0.006 0.018 0.071
64 R 0.045 0.345 0.039 0.031 0.008 0.048 0.052 0.033 0.023 0.023 0.047 0.12 0.016 0.017 0.019 0.045 0.035 0.006 0.017 0.031
65 R 0.045 0.345 0.039 0.031 0.008 0.048 0.052 0.033 0.023 0.023 0.047 0.12 0.016 0.017 0.019 0.045 0.035 0.006 0.017 0.031
66 A 0.29 0.031 0.026 0.03 0.022 0.026 0.04 0.078 0.015 0.043 0.059 0.045 0.018 0.022 0.03 0.085 0.05 0.005 0.018 0.069
67 R 0.045 0.345 0.039 0.031 0.008 0.048 0.052 0.033 0.023 0.023 0.047 0.12 0.016 0.017 0.019 0.045 0.035 0.006 0.017 0.031
68 V 0.07 0.022 0.017 0.018 0.019 0.017 0.023 0.025 0.008 0.165 0.13 0.026 0.032 0.036 0.017 0.033 0.049 0.006 0.021 0.269
69 P 0.057 0.026 0.023 0.031 0.01 0.021 0.036 0.036 0.013 0.026 0.036 0.041 0.01 0.013 0.493 0.044 0.036 0.003 0.013 0.031
70 I 0.101 0.077 0.06 0.031 0.013 0.023 0.031 0.07 0.018 0.113 0.108 0.051 0.032 0.027 0.034 0.067 0.038 0.005 0.022 0.078
71 L 0.103 0.092 0.037 0.035 0.015 0.061 0.051 0.047 0.018 0.048 0.106 0.063 0.023 0.025 0.024 0.087 0.082 0.006 0.019 0.057
72 A 0.134 0.071 0.083 0.044 0.014 0.077 0.058 0.057 0.022 0.035 0.051 0.064 0.017 0.019 0.025 0.073 0.079 0.005 0.018 0.05
73 V 0.118 0.024 0.02 0.022 0.018 0.018 0.026 0.077 0.011 0.132 0.151 0.031 0.03 0.035 0.019 0.045 0.043 0.006 0.019 0.155
74 A 0.103 0.036 0.039 0.095 0.092 0.056 0.056 0.05 0.017 0.032 0.046 0.049 0.015 0.017 0.103 0.083 0.047 0.004 0.015 0.043
75 P 0.087 0.109 0.032 0.032 0.013 0.03 0.041 0.042 0.016 0.034 0.049 0.062 0.015 0.018 0.201 0.061 0.091 0.005 0.016 0.046
76 G 0.141 0.027 0.029 0.032 0.014 0.022 0.034 0.208 0.014 0.029 0.041 0.04 0.012 0.017 0.18 0.06 0.039 0.004 0.014 0.042
77 T 0.073 0.036 0.044 0.038 0.018 0.028 0.04 0.044 0.014 0.054 0.065 0.046 0.02 0.024 0.028 0.093 0.243 0.006 0.018 0.071
78 R 0.045 0.342 0.039 0.031 0.008 0.049 0.053 0.033 0.023 0.023 0.047 0.121 0.016 0.017 0.019 0.045 0.035 0.006 0.017 0.031
79 S 0.11 0.04 0.054 0.049 0.018 0.033 0.053 0.067 0.019 0.03 0.042 0.054 0.016 0.021 0.03 0.216 0.082 0.005 0.018 0.042
80 G 0.079 0.023 0.039 0.034 0.011 0.019 0.026 0.508 0.014 0.019 0.028 0.034 0.009 0.016 0.019 0.052 0.03 0.005 0.011 0.024
81 S 0.11 0.04 0.054 0.049 0.018 0.033 0.053 0.067 0.019 0.03 0.042 0.054 0.016 0.021 0.03 0.216 0.082 0.005 0.018 0.042
82 R 0.045 0.342 0.039 0.031 0.008 0.049 0.053 0.033 0.023 0.023 0.047 0.121 0.016 0.017 0.019 0.045 0.035 0.006 0.017 0.031
83 A 0.287 0.031 0.026 0.03 0.022 0.026 0.041 0.079 0.015 0.043 0.06 0.045 0.018 0.022 0.03 0.085 0.05 0.005 0.018 0.069
84 H 0.042 0.046 0.054 0.038 0.008 0.038 0.054 0.038 0.352 0.023 0.038 0.046 0.015 0.031 0.019 0.042 0.027 0.008 0.058 0.023
85 A 0.287 0.031 0.026 0.03 0.022 0.026 0.041 0.079 0.015 0.043 0.06 0.045 0.018 0.022 0.03 0.085 0.05 0.005 0.018 0.069
86 A 0.287 0.031 0.026 0.03 0.022 0.026 0.041 0.079 0.015 0.043 0.06 0.045 0.018 0.022 0.03 0.085 0.05 0.005 0.018 0.069
87 A 0.207 0.031 0.04 0.152 0.017 0.027 0.057 0.068 0.016 0.036 0.049 0.045 0.015 0.019 0.027 0.074 0.045 0.005 0.015 0.054
88 A 0.208 0.136 0.03 0.03 0.017 0.033 0.044 0.063 0.018 0.037 0.055 0.07 0.017 0.02 0.026 0.072 0.045 0.006 0.017 0.056
89 P 0.057 0.026 0.023 0.031 0.01 0.021 0.036 0.036 0.013 0.026 0.036 0.041 0.01 0.013 0.494 0.044 0.036 0.003 0.013 0.031
90 K 0.053 0.079 0.032 0.033 0.011 0.041 0.054 0.036 0.017 0.057 0.154 0.194 0.027 0.029 0.023 0.044 0.038 0.006 0.019 0.054
91 D 0.041 0.03 0.069 0.395 0.008 0.03 0.092 0.047 0.019 0.023 0.028 0.045 0.009 0.015 0.023 0.052 0.036 0.004 0.011 0.024
92 K 0.057 0.08 0.035 0.038 0.009 0.043 0.059 0.041 0.018 0.027 0.041 0.199 0.014 0.015 0.183 0.05 0.039 0.004 0.016 0.032
93 R 0.045 0.345 0.039 0.031 0.008 0.048 0.052 0.033 0.023 0.023 0.046 0.12 0.015 0.017 0.019 0.045 0.035 0.006 0.017 0.031
94 E 0.053 0.109 0.04 0.078 0.007 0.061 0.248 0.035 0.025 0.022 0.039 0.084 0.013 0.017 0.024 0.053 0.036 0.006 0.017 0.031
95 K 0.052 0.122 0.038 0.069 0.01 0.039 0.054 0.084 0.018 0.043 0.108 0.149 0.021 0.024 0.022 0.045 0.036 0.006 0.017 0.043
96 A 0.139 0.093 0.031 0.03 0.017 0.029 0.04 0.051 0.015 0.073 0.074 0.056 0.021 0.025 0.024 0.089 0.053 0.005 0.018 0.116
97 P 0.111 0.088 0.079 0.049 0.012 0.036 0.086 0.051 0.02 0.028 0.043 0.063 0.014 0.017 0.142 0.06 0.042 0.005 0.016 0.04
98 N 0.043 0.045 0.314 0.083 0.009 0.034 0.05 0.066 0.032 0.023 0.032 0.054 0.011 0.018 0.02 0.07 0.05 0.005 0.016 0.027
99 K 0.087 0.085 0.03 0.043 0.012 0.028 0.04 0.037 0.014 0.073 0.083 0.12 0.018 0.021 0.074 0.08 0.062 0.005 0.015 0.072
100 D 0.096 0.086 0.039 0.101 0.014 0.035 0.091 0.043 0.017 0.055 0.061 0.059 0.018 0.022 0.024 0.06 0.076 0.005 0.017 0.083
101 G 0.056 0.096 0.102 0.117 0.011 0.032 0.052 0.14 0.02 0.028 0.04 0.059 0.013 0.018 0.022 0.062 0.079 0.005 0.015 0.035
102 D 0.065 0.039 0.055 0.185 0.01 0.066 0.073 0.142 0.02 0.024 0.035 0.054 0.013 0.016 0.023 0.087 0.045 0.005 0.014 0.03
103 G 0.107 0.025 0.026 0.025 0.015 0.019 0.026 0.229 0.012 0.062 0.174 0.032 0.027 0.033 0.019 0.047 0.035 0.006 0.017 0.062
104 V 0.07 0.022 0.017 0.018 0.019 0.017 0.023 0.025 0.008 0.165 0.131 0.026 0.032 0.036 0.017 0.033 0.05 0.006 0.021 0.265
105 R 0.054 0.217 0.036 0.031 0.009 0.037 0.044 0.129 0.019 0.023 0.041 0.087 0.013 0.016 0.114 0.046 0.034 0.005 0.015 0.03
106 P 0.057 0.035 0.128 0.05 0.012 0.027 0.042 0.048 0.019 0.034 0.044 0.047 0.014 0.018 0.181 0.069 0.111 0.004 0.015 0.043
107 P 0.045 0.022 0.02 0.024 0.01 0.016 0.028 0.031 0.015 0.045 0.075 0.03 0.018 0.2 0.252 0.035 0.031 0.01 0.051 0.043
108 R 0.045 0.345 0.039 0.031 0.008 0.048 0.052 0.033 0.023 0.023 0.046 0.12 0.015 0.017 0.019 0.045 0.035 0.006 0.017 0.031
109 S 0.11 0.04 0.054 0.049 0.018 0.033 0.052 0.066 0.019 0.03 0.042 0.054 0.016 0.021 0.03 0.22 0.082 0.005 0.018 0.042
110 A 0.291 0.031 0.026 0.03 0.022 0.026 0.04 0.078 0.015 0.043 0.059 0.044 0.017 0.022 0.03 0.085 0.05 0.005 0.017 0.069
111 P 0.083 0.033 0.039 0.04 0.014 0.027 0.044 0.051 0.016 0.028 0.039 0.048 0.013 0.017 0.262 0.132 0.059 0.004 0.015 0.036
112 T 0.091 0.038 0.049 0.043 0.018 0.03 0.046 0.055 0.016 0.041 0.053 0.05 0.018 0.022 0.029 0.156 0.164 0.006 0.018 0.056
113 A 0.29 0.031 0.026 0.03 0.022 0.026 0.04 0.078 0.015 0.043 0.059 0.044 0.017 0.022 0.03 0.085 0.05 0.005 0.017 0.069
114 R 0.059 0.19 0.041 0.034 0.013 0.038 0.046 0.038 0.019 0.038 0.056 0.083 0.018 0.021 0.023 0.069 0.141 0.006 0.018 0.051
115 P 0.063 0.024 0.02 0.024 0.015 0.019 0.03 0.03 0.011 0.095 0.083 0.034 0.021 0.024 0.255 0.038 0.043 0.004 0.017 0.15
116 A 0.29 0.031 0.026 0.03 0.022 0.026 0.04 0.078 0.015 0.043 0.059 0.045 0.018 0.022 0.03 0.085 0.05 0.005 0.018 0.069
117 S 0.11 0.04 0.054 0.049 0.018 0.033 0.052 0.066 0.019 0.03 0.042 0.054 0.016 0.021 0.03 0.22 0.082 0.005 0.018 0.042
118 S 0.11 0.04 0.054 0.049 0.018 0.033 0.052 0.066 0.019 0.03 0.042 0.054 0.016 0.021 0.03 0.22 0.082 0.005 0.018 0.042
119 P 0.057 0.026 0.023 0.031 0.01 0.021 0.036 0.036 0.013 0.026 0.036 0.041 0.01 0.013 0.493 0.044 0.036 0.003 0.013 0.031
120 P 0.057 0.026 0.023 0.031 0.01 0.021 0.036 0.036 0.013 0.026 0.036 0.041 0.01 0.013 0.493 0.044 0.036 0.003 0.013 0.031
121 P 0.057 0.026 0.023 0.031 0.01 0.021 0.036 0.036 0.013 0.026 0.036 0.041 0.01 0.013 0.493 0.044 0.036 0.003 0.013 0.031
122 P 0.057 0.026 0.023 0.031 0.01 0.021 0.036 0.036 0.013 0.026 0.036 0.041 0.01 0.013 0.493 0.044 0.036 0.003 0.013 0.031
123 S 0.11 0.04 0.054 0.049 0.018 0.033 0.052 0.066 0.019 0.03 0.042 0.054 0.016 0.021 0.03 0.22 0.082 0.005 0.018 0.042
124 P 0.057 0.026 0.023 0.031 0.01 0.021 0.036 0.036 0.013 0.026 0.036 0.041 0.01 0.013 0.493 0.044 0.036 0.003 0.013 0.031
125 T 0.073 0.036 0.043 0.038 0.018 0.028 0.039 0.043 0.014 0.053 0.065 0.045 0.02 0.024 0.028 0.093 0.246 0.006 0.018 0.071
126 S 0.11 0.04 0.054 0.049 0.018 0.033 0.052 0.066 0.019 0.03 0.042 0.054 0.016 0.021 0.03 0.22 0.082 0.005 0.018 0.042
127 S 0.11 0.04 0.054 0.049 0.018 0.033 0.052 0.066 0.019 0.03 0.042 0.054 0.016 0.021 0.03 0.22 0.082 0.005 0.018 0.042
128 P 0.057 0.026 0.023 0.031 0.01 0.021 0.036 0.036 0.013 0.026 0.036 0.041 0.01 0.013 0.493 0.044 0.036 0.003 0.013 0.031
129 L 0.051 0.022 0.015 0.016 0.017 0.016 0.02 0.022 0.009 0.167 0.263 0.025 0.042 0.047 0.015 0.027 0.039 0.006 0.021 0.16
130 P 0.057 0.026 0.023 0.031 0.01 0.021 0.036 0.036 0.013 0.026 0.036 0.041 0.01 0.013 0.493 0.044 0.036 0.003 0.013 0.031
131 S 0.11 0.04 0.054 0.049 0.018 0.033 0.052 0.066 0.019 0.03 0.042 0.054 0.016 0.021 0.03 0.22 0.082 0.005 0.018 0.042
132 P 0.057 0.026 0.023 0.031 0.01 0.021 0.036 0.036 0.013 0.026 0.036 0.041 0.01 0.013 0.493 0.044 0.036 0.003 0.013 0.031
133 S 0.11 0.04 0.054 0.049 0.018 0.033 0.052 0.066 0.019 0.03 0.042 0.054 0.016 0.021 0.03 0.22 0.082 0.005 0.018 0.042
134 A 0.13 0.113 0.04 0.037 0.016 0.034 0.046 0.055 0.018 0.037 0.053 0.066 0.017 0.021 0.027 0.111 0.104 0.006 0.018 0.053
135 R 0.045 0.345 0.039 0.031 0.008 0.048 0.052 0.033 0.023 0.023 0.047 0.12 0.016 0.017 0.019 0.045 0.035 0.006 0.017 0.031
136 S 0.11 0.04 0.054 0.049 0.018 0.033 0.052 0.066 0.019 0.03 0.042 0.054 0.016 0.021 0.03 0.22 0.082 0.005 0.018 0.042
137 E 0.055 0.05 0.04 0.09 0.007 0.065 0.296 0.035 0.026 0.022 0.037 0.076 0.013 0.017 0.026 0.055 0.037 0.006 0.017 0.031
138 R 0.07 0.158 0.043 0.036 0.012 0.035 0.044 0.137 0.019 0.03 0.046 0.075 0.015 0.019 0.023 0.091 0.086 0.006 0.016 0.04
139 P 0.113 0.04 0.033 0.035 0.015 0.065 0.052 0.05 0.018 0.045 0.076 0.053 0.045 0.024 0.119 0.088 0.05 0.005 0.018 0.054
140 P 0.112 0.029 0.028 0.031 0.015 0.023 0.037 0.048 0.014 0.048 0.11 0.041 0.021 0.025 0.212 0.084 0.047 0.005 0.017 0.054
141 R 0.057 0.221 0.038 0.032 0.01 0.04 0.047 0.038 0.027 0.029 0.05 0.089 0.016 0.041 0.021 0.077 0.043 0.01 0.078 0.036
142 G 0.155 0.025 0.029 0.029 0.015 0.02 0.03 0.241 0.015 0.037 0.058 0.035 0.016 0.093 0.022 0.059 0.037 0.008 0.029 0.048
143 W 0.107 0.026 0.032 0.115 0.014 0.022 0.045 0.045 0.014 0.065 0.068 0.035 0.018 0.033 0.019 0.048 0.039 0.126 0.029 0.098
144 L 0.047 0.048 0.022 0.022 0.012 0.031 0.031 0.026 0.014 0.115 0.136 0.087 0.024 0.076 0.016 0.043 0.055 0.026 0.05 0.121
145 R 0.168 0.188 0.032 0.03 0.015 0.037 0.046 0.056 0.019 0.033 0.053 0.082 0.016 0.019 0.025 0.065 0.042 0.006 0.017 0.05
146 N 0.043 0.045 0.315 0.083 0.009 0.034 0.05 0.065 0.032 0.023 0.032 0.054 0.011 0.018 0.02 0.07 0.05 0.005 0.016 0.027
147 F 0.034 0.019 0.017 0.017 0.011 0.011 0.019 0.025 0.017 0.064 0.115 0.019 0.025 0.385 0.011 0.025 0.025 0.017 0.089 0.055
148 I 0.079 0.029 0.035 0.033 0.017 0.023 0.035 0.044 0.014 0.149 0.105 0.039 0.026 0.033 0.022 0.121 0.061 0.006 0.019 0.11
149 G 0.063 0.091 0.084 0.039 0.009 0.029 0.068 0.164 0.056 0.026 0.051 0.061 0.013 0.045 0.018 0.072 0.053 0.005 0.021 0.031
150 R 0.054 0.242 0.032 0.029 0.008 0.056 0.049 0.04 0.018 0.037 0.058 0.173 0.023 0.017 0.035 0.041 0.032 0.005 0.015 0.035
151 A 0.29 0.031 0.026 0.03 0.022 0.026 0.04 0.078 0.015 0.043 0.059 0.045 0.018 0.022 0.03 0.085 0.05 0.005 0.018 0.069
152 V 0.07 0.022 0.017 0.018 0.019 0.017 0.023 0.025 0.008 0.165 0.13 0.026 0.032 0.036 0.017 0.033 0.049 0.006 0.021 0.269
153 A 0.29 0.031 0.026 0.03 0.022 0.026 0.04 0.078 0.015 0.043 0.059 0.045 0.018 0.022 0.03 0.085 0.05 0.005 0.018 0.069
154 L 0.045 0.024 0.014 0.015 0.016 0.016 0.02 0.021 0.01 0.115 0.375 0.025 0.05 0.055 0.014 0.024 0.033 0.007 0.022 0.096
155 N 0.043 0.045 0.317 0.083 0.009 0.034 0.049 0.065 0.032 0.023 0.032 0.054 0.011 0.018 0.02 0.07 0.049 0.005 0.016 0.027
156 D 0.041 0.03 0.069 0.397 0.008 0.03 0.091 0.047 0.019 0.022 0.028 0.045 0.009 0.015 0.022 0.052 0.035 0.004 0.011 0.024
157 A 0.29 0.031 0.026 0.03 0.022 0.026 0.04 0.078 0.015 0.043 0.059 0.045 0.018 0.022 0.03 0.085 0.05 0.005 0.018 0.069
158 Q 0.056 0.074 0.044 0.047 0.009 0.215 0.103 0.041 0.029 0.027 0.047 0.091 0.021 0.015 0.024 0.056 0.041 0.006 0.021 0.035
159 S 0.11 0.04 0.054 0.049 0.018 0.033 0.052 0.066 0.019 0.03 0.042 0.054 0.016 0.021 0.03 0.22 0.082 0.005 0.018 0.042
160 P 0.057 0.026 0.023 0.031 0.01 0.021 0.036 0.036 0.013 0.026 0.036 0.041 0.01 0.013 0.493 0.044 0.036 0.003 0.013 0.031
161 R 0.045 0.345 0.039 0.031 0.008 0.048 0.052 0.033 0.023 0.023 0.047 0.12 0.016 0.017 0.019 0.045 0.035 0.006 0.017 0.031
162 V 0.07 0.022 0.017 0.018 0.019 0.017 0.023 0.025 0.008 0.165 0.13 0.026 0.032 0.036 0.017 0.033 0.049 0.006 0.021 0.269
163 P 0.057 0.026 0.023 0.031 0.01 0.021 0.036 0.036 0.013 0.026 0.036 0.041 0.01 0.013 0.493 0.044 0.036 0.003 0.013 0.031
164 G 0.078 0.023 0.039 0.034 0.011 0.019 0.026 0.51 0.014 0.019 0.028 0.034 0.009 0.016 0.019 0.051 0.03 0.005 0.011 0.024
165 T 0.091 0.038 0.049 0.043 0.018 0.03 0.046 0.055 0.016 0.041 0.053 0.05 0.018 0.022 0.029 0.157 0.164 0.006 0.018 0.056
166 I 0.05 0.025 0.017 0.019 0.016 0.021 0.023 0.024 0.012 0.186 0.182 0.03 0.099 0.046 0.015 0.031 0.04 0.007 0.022 0.134
167 R 0.057 0.184 0.028 0.024 0.013 0.032 0.038 0.029 0.016 0.094 0.088 0.073 0.024 0.027 0.018 0.039 0.042 0.006 0.019 0.15
168 L 0.082 0.049 0.023 0.018 0.013 0.017 0.023 0.032 0.011 0.122 0.206 0.03 0.03 0.067 0.026 0.041 0.043 0.021 0.022 0.124
169 H 0.042 0.046 0.054 0.038 0.008 0.038 0.054 0.038 0.352 0.023 0.038 0.046 0.015 0.031 0.019 0.042 0.027 0.008 0.058 0.023
170 P 0.062 0.056 0.036 0.037 0.012 0.034 0.049 0.041 0.016 0.036 0.048 0.122 0.015 0.017 0.183 0.063 0.108 0.005 0.016 0.045
171 L 0.07 0.048 0.033 0.022 0.013 0.019 0.026 0.045 0.012 0.129 0.167 0.042 0.026 0.045 0.016 0.063 0.064 0.006 0.03 0.124
172 V 0.09 0.031 0.035 0.033 0.018 0.025 0.038 0.046 0.014 0.097 0.086 0.04 0.024 0.028 0.023 0.125 0.066 0.005 0.019 0.154
173 L 0.065 0.036 0.031 0.021 0.013 0.035 0.027 0.079 0.024 0.088 0.2 0.031 0.04 0.045 0.03 0.035 0.054 0.006 0.03 0.109
174 L 0.063 0.019 0.015 0.016 0.028 0.013 0.019 0.024 0.011 0.149 0.159 0.022 0.03 0.134 0.013 0.036 0.042 0.009 0.041 0.156
175 L 0.082 0.02 0.018 0.018 0.013 0.015 0.021 0.085 0.01 0.13 0.194 0.025 0.027 0.082 0.03 0.047 0.034 0.006 0.023 0.121
176 C 0.065 0.016 0.016 0.016 0.481 0.012 0.016 0.033 0.008 0.045 0.065 0.02 0.016 0.02 0.016 0.041 0.037 0.004 0.012 0.057
177 G 0.092 0.021 0.023 0.023 0.057 0.017 0.032 0.212 0.011 0.061 0.137 0.027 0.019 0.027 0.016 0.053 0.032 0.051 0.017 0.075
178 V 0.079 0.02 0.017 0.018 0.015 0.016 0.022 0.026 0.009 0.147 0.153 0.025 0.036 0.031 0.015 0.048 0.057 0.005 0.017 0.244
179 L 0.096 0.022 0.019 0.019 0.029 0.024 0.024 0.058 0.01 0.122 0.211 0.027 0.042 0.044 0.015 0.05 0.044 0.005 0.018 0.12
180 L 0.08 0.021 0.02 0.02 0.014 0.016 0.022 0.099 0.01 0.119 0.178 0.026 0.026 0.048 0.016 0.056 0.06 0.005 0.018 0.146
181 Y 0.034 0.023 0.018 0.016 0.008 0.017 0.023 0.021 0.036 0.048 0.073 0.025 0.017 0.135 0.013 0.026 0.024 0.022 0.379 0.044
182 I 0.133 0.021 0.03 0.022 0.029 0.017 0.024 0.072 0.011 0.17 0.091 0.028 0.029 0.029 0.017 0.058 0.047 0.005 0.026 0.142
183 L 0.094 0.02 0.016 0.018 0.029 0.015 0.03 0.057 0.012 0.12 0.183 0.025 0.033 0.084 0.014 0.032 0.031 0.031 0.045 0.111
184 L 0.078 0.021 0.02 0.02 0.056 0.016 0.022 0.101 0.01 0.094 0.17 0.026 0.038 0.064 0.015 0.065 0.044 0.006 0.02 0.113
185 L 0.038 0.02 0.012 0.013 0.014 0.014 0.017 0.018 0.009 0.122 0.423 0.021 0.046 0.056 0.012 0.021 0.029 0.006 0.02 0.09
186 H 0.072 0.036 0.062 0.054 0.011 0.05 0.051 0.063 0.121 0.041 0.062 0.065 0.029 0.03 0.032 0.046 0.035 0.007 0.064 0.069
187 W 0.053 0.021 0.026 0.017 0.01 0.015 0.021 0.026 0.016 0.118 0.127 0.024 0.022 0.076 0.012 0.041 0.029 0.169 0.105 0.073
188 A 0.149 0.025 0.036 0.027 0.029 0.02 0.03 0.1 0.012 0.081 0.086 0.033 0.025 0.023 0.02 0.117 0.054 0.005 0.015 0.115
189 Y 0.036 0.025 0.022 0.03 0.008 0.02 0.027 0.023 0.07 0.035 0.054 0.028 0.015 0.099 0.014 0.036 0.025 0.021 0.376 0.037
190 I 0.104 0.063 0.023 0.024 0.013 0.031 0.041 0.033 0.013 0.14 0.09 0.073 0.021 0.029 0.018 0.063 0.053 0.006 0.037 0.125
191 Y 0.051 0.029 0.098 0.096 0.009 0.031 0.048 0.049 0.068 0.038 0.073 0.036 0.017 0.058 0.017 0.054 0.056 0.009 0.109 0.053
192 L 0.043 0.025 0.021 0.031 0.012 0.025 0.026 0.024 0.047 0.091 0.188 0.035 0.033 0.121 0.014 0.04 0.048 0.008 0.051 0.119
193 I 0.054 0.017 0.013 0.015 0.014 0.013 0.017 0.02 0.008 0.284 0.145 0.021 0.029 0.037 0.013 0.024 0.035 0.005 0.028 0.207
194 S 0.14 0.032 0.045 0.034 0.014 0.049 0.041 0.049 0.019 0.033 0.045 0.043 0.015 0.03 0.022 0.188 0.076 0.007 0.069 0.05
195 P 0.048 0.023 0.021 0.038 0.009 0.026 0.032 0.03 0.011 0.028 0.035 0.035 0.01 0.012 0.517 0.037 0.031 0.002 0.011 0.044
196 A 0.115 0.033 0.07 0.059 0.012 0.049 0.057 0.055 0.027 0.063 0.07 0.058 0.031 0.033 0.026 0.08 0.056 0.005 0.017 0.084
197 F 0.031 0.019 0.016 0.016 0.009 0.013 0.029 0.021 0.023 0.047 0.09 0.021 0.02 0.325 0.011 0.024 0.022 0.031 0.189 0.044
198 S 0.143 0.04 0.037 0.046 0.014 0.025 0.048 0.097 0.016 0.031 0.041 0.042 0.014 0.022 0.023 0.201 0.071 0.005 0.035 0.048
199 Y 0.036 0.024 0.03 0.018 0.008 0.019 0.024 0.037 0.038 0.035 0.055 0.027 0.015 0.103 0.014 0.036 0.025 0.022 0.395 0.038
200 L 0.04 0.023 0.017 0.017 0.012 0.024 0.022 0.065 0.015 0.076 0.217 0.025 0.089 0.127 0.013 0.028 0.036 0.01 0.081 0.064
201 G 0.062 0.046 0.054 0.032 0.009 0.036 0.029 0.448 0.014 0.018 0.028 0.046 0.009 0.014 0.017 0.053 0.045 0.005 0.011 0.024
202 Y 0.033 0.021 0.016 0.015 0.009 0.015 0.02 0.021 0.025 0.055 0.15 0.022 0.036 0.207 0.012 0.024 0.024 0.017 0.228 0.051
203 T 0.056 0.071 0.031 0.054 0.012 0.052 0.057 0.061 0.015 0.099 0.064 0.054 0.018 0.026 0.019 0.071 0.121 0.006 0.037 0.078
204 Y 0.045 0.028 0.115 0.03 0.009 0.02 0.028 0.031 0.045 0.052 0.069 0.039 0.016 0.123 0.014 0.035 0.029 0.014 0.207 0.05
205 L 0.055 0.083 0.087 0.045 0.011 0.033 0.061 0.031 0.019 0.076 0.137 0.043 0.021 0.051 0.016 0.045 0.052 0.006 0.026 0.103
206 G 0.059 0.057 0.044 0.042 0.009 0.147 0.077 0.159 0.067 0.024 0.041 0.071 0.017 0.017 0.022 0.053 0.036 0.006 0.023 0.031
207 P 0.068 0.047 0.054 0.075 0.009 0.033 0.088 0.036 0.092 0.037 0.039 0.055 0.012 0.017 0.147 0.068 0.056 0.004 0.02 0.042
208 N 0.058 0.053 0.16 0.131 0.01 0.037 0.062 0.057 0.024 0.025 0.035 0.097 0.013 0.017 0.024 0.093 0.051 0.005 0.015 0.031
209 P 0.076 0.024 0.02 0.035 0.01 0.018 0.03 0.031 0.012 0.049 0.078 0.041 0.021 0.02 0.369 0.037 0.031 0.018 0.024 0.053
210 S 0.069 0.054 0.095 0.137 0.011 0.043 0.05 0.06 0.026 0.025 0.045 0.046 0.012 0.016 0.041 0.153 0.066 0.004 0.014 0.032
211 L 0.085 0.035 0.02 0.021 0.012 0.018 0.026 0.057 0.024 0.092 0.141 0.042 0.025 0.054 0.116 0.045 0.045 0.021 0.041 0.08
212 L 0.05 0.027 0.028 0.047 0.011 0.035 0.031 0.089 0.037 0.075 0.127 0.041 0.029 0.069 0.034 0.054 0.045 0.036 0.055 0.082
213 V 0.079 0.025 0.032 0.035 0.012 0.03 0.057 0.044 0.016 0.078 0.119 0.032 0.038 0.061 0.031 0.059 0.044 0.008 0.072 0.127
214 L 0.074 0.038 0.022 0.021 0.026 0.045 0.03 0.043 0.037 0.084 0.144 0.04 0.037 0.063 0.016 0.044 0.057 0.022 0.054 0.105
215 I 0.111 0.02 0.017 0.018 0.014 0.015 0.021 0.044 0.009 0.171 0.159 0.025 0.032 0.054 0.015 0.036 0.06 0.02 0.021 0.136
216 L 0.066 0.02 0.016 0.017 0.014 0.014 0.02 0.024 0.009 0.174 0.205 0.024 0.03 0.049 0.014 0.044 0.045 0.006 0.031 0.18
217 S 0.143 0.026 0.029 0.028 0.015 0.021 0.032 0.092 0.012 0.079 0.11 0.035 0.023 0.024 0.021 0.153 0.064 0.005 0.015 0.072
218 I 0.062 0.021 0.02 0.02 0.013 0.016 0.023 0.029 0.011 0.152 0.142 0.026 0.031 0.07 0.015 0.077 0.062 0.064 0.036 0.106
219 L 0.072 0.02 0.017 0.018 0.027 0.015 0.021 0.027 0.01 0.108 0.189 0.024 0.033 0.126 0.043 0.047 0.053 0.007 0.029 0.112
220 L 0.067 0.021 0.015 0.016 0.013 0.014 0.02 0.024 0.01 0.095 0.302 0.023 0.035 0.128 0.013 0.036 0.047 0.007 0.03 0.081
221 A 0.189 0.025 0.024 0.024 0.015 0.02 0.03 0.044 0.025 0.093 0.071 0.033 0.025 0.042 0.02 0.083 0.083 0.006 0.05 0.099
222 L 0.06 0.021 0.018 0.018 0.028 0.015 0.021 0.054 0.01 0.119 0.214 0.025 0.035 0.073 0.014 0.06 0.044 0.006 0.022 0.143
223 L 0.067 0.021 0.019 0.019 0.021 0.015 0.022 0.069 0.01 0.125 0.22 0.025 0.028 0.064 0.015 0.056 0.063 0.006 0.02 0.115
224 P 0.058 0.021 0.029 0.023 0.039 0.016 0.026 0.072 0.011 0.064 0.078 0.03 0.022 0.043 0.287 0.036 0.04 0.004 0.016 0.086
225 A 0.208 0.025 0.023 0.024 0.03 0.02 0.03 0.047 0.011 0.076 0.139 0.033 0.021 0.025 0.021 0.104 0.057 0.005 0.016 0.084
226 L 0.044 0.042 0.017 0.017 0.041 0.016 0.021 0.023 0.011 0.122 0.246 0.027 0.035 0.074 0.014 0.046 0.056 0.021 0.033 0.094
227 W 0.056 0.055 0.018 0.018 0.016 0.025 0.024 0.026 0.014 0.065 0.139 0.03 0.021 0.106 0.013 0.032 0.061 0.153 0.062 0.068
228 L 0.085 0.023 0.018 0.019 0.014 0.017 0.023 0.032 0.011 0.09 0.287 0.027 0.065 0.06 0.015 0.067 0.039 0.006 0.021 0.081
229 P 0.048 0.032 0.058 0.068 0.008 0.04 0.062 0.035 0.015 0.021 0.031 0.068 0.01 0.012 0.358 0.058 0.034 0.003 0.012 0.026
230 L 0.072 0.078 0.026 0.048 0.011 0.025 0.044 0.03 0.014 0.097 0.11 0.101 0.02 0.028 0.046 0.046 0.051 0.006 0.036 0.108
231 R 0.06 0.157 0.038 0.055 0.01 0.043 0.052 0.045 0.063 0.029 0.041 0.095 0.014 0.02 0.02 0.116 0.065 0.005 0.029 0.046
232 V 0.054 0.019 0.015 0.016 0.013 0.014 0.02 0.023 0.009 0.151 0.167 0.023 0.034 0.058 0.042 0.028 0.049 0.064 0.024 0.177
233 E 0.067 0.066 0.045 0.084 0.009 0.067 0.11 0.036 0.03 0.032 0.042 0.108 0.014 0.021 0.035 0.064 0.077 0.005 0.036 0.051
234 R 0.053 0.316 0.031 0.027 0.008 0.041 0.044 0.03 0.018 0.033 0.056 0.119 0.015 0.019 0.018 0.041 0.056 0.005 0.025 0.045
235 P 0.067 0.022 0.019 0.025 0.01 0.017 0.03 0.031 0.011 0.031 0.038 0.034 0.01 0.013 0.503 0.038 0.032 0.002 0.012 0.055
236 S 0.09 0.033 0.045 0.04 0.015 0.028 0.043 0.054 0.016 0.026 0.037 0.045 0.013 0.018 0.025 0.324 0.092 0.004 0.015 0.037
237 Q 0.078 0.061 0.039 0.106 0.01 0.123 0.068 0.053 0.063 0.037 0.052 0.053 0.015 0.017 0.02 0.091 0.046 0.005 0.018 0.044
238 V 0.073 0.018 0.014 0.015 0.014 0.013 0.019 0.023 0.009 0.168 0.184 0.022 0.029 0.094 0.013 0.027 0.034 0.006 0.025 0.2
239 V 0.069 0.019 0.014 0.016 0.029 0.014 0.019 0.023 0.008 0.157 0.171 0.023 0.035 0.039 0.014 0.029 0.046 0.005 0.018 0.252
240 F 0.076 0.022 0.028 0.018 0.011 0.016 0.023 0.027 0.03 0.069 0.155 0.025 0.023 0.157 0.014 0.039 0.038 0.012 0.136 0.08
241 W 0.029 0.02 0.014 0.014 0.009 0.013 0.02 0.025 0.014 0.042 0.062 0.02 0.015 0.062 0.008 0.023 0.038 0.457 0.071 0.042
242 L 0.05 0.019 0.014 0.015 0.013 0.014 0.018 0.021 0.009 0.18 0.23 0.022 0.052 0.095 0.013 0.026 0.047 0.007 0.025 0.128
243 L 0.041 0.021 0.015 0.015 0.014 0.015 0.019 0.021 0.009 0.117 0.375 0.023 0.044 0.053 0.013 0.034 0.056 0.006 0.02 0.091
244 Y 0.032 0.021 0.017 0.015 0.008 0.015 0.02 0.021 0.029 0.045 0.083 0.022 0.019 0.252 0.011 0.024 0.023 0.019 0.281 0.043
245 L 0.074 0.022 0.027 0.018 0.013 0.016 0.021 0.027 0.012 0.107 0.232 0.025 0.049 0.107 0.014 0.041 0.052 0.007 0.037 0.099
246 L 0.051 0.019 0.014 0.015 0.013 0.014 0.019 0.022 0.01 0.137 0.217 0.022 0.057 0.141 0.012 0.033 0.032 0.007 0.031 0.133
247 V 0.109 0.019 0.015 0.017 0.03 0.015 0.021 0.042 0.008 0.135 0.109 0.024 0.025 0.028 0.015 0.034 0.041 0.005 0.017 0.291
248 Y 0.06 0.021 0.016 0.016 0.026 0.016 0.021 0.023 0.023 0.079 0.1 0.024 0.021 0.117 0.013 0.028 0.03 0.014 0.208 0.144
249 I 0.093 0.018 0.016 0.017 0.029 0.014 0.02 0.055 0.009 0.226 0.139 0.024 0.033 0.032 0.015 0.039 0.036 0.005 0.016 0.164
250 P 0.048 0.022 0.02 0.026 0.009 0.017 0.03 0.03 0.011 0.022 0.03 0.035 0.009 0.011 0.574 0.037 0.03 0.002 0.011 0.026
251 A 0.145 0.025 0.037 0.028 0.044 0.02 0.031 0.044 0.012 0.102 0.069 0.034 0.019 0.023 0.02 0.139 0.071 0.005 0.015 0.118
252 L 0.049 0.024 0.031 0.021 0.041 0.019 0.024 0.04 0.045 0.144 0.15 0.028 0.1 0.033 0.015 0.054 0.044 0.005 0.02 0.113
253 L 0.046 0.02 0.027 0.018 0.013 0.014 0.02 0.023 0.011 0.151 0.2 0.023 0.029 0.095 0.013 0.05 0.043 0.021 0.036 0.147
254 V 0.048 0.019 0.014 0.015 0.015 0.015 0.018 0.02 0.008 0.215 0.14 0.023 0.076 0.047 0.013 0.025 0.036 0.005 0.019 0.229
255 A 0.29 0.031 0.026 0.03 0.022 0.026 0.04 0.078 0.015 0.043 0.059 0.045 0.018 0.022 0.03 0.085 0.05 0.005 0.018 0.069
256 P 0.071 0.023 0.022 0.027 0.01 0.019 0.031 0.049 0.011 0.027 0.037 0.035 0.017 0.013 0.447 0.07 0.035 0.003 0.012 0.039
257 D 0.056 0.025 0.057 0.118 0.01 0.035 0.038 0.03 0.03 0.071 0.113 0.032 0.029 0.082 0.043 0.035 0.03 0.009 0.097 0.062
258 Y 0.046 0.021 0.018 0.017 0.024 0.016 0.022 0.024 0.036 0.072 0.093 0.024 0.019 0.182 0.013 0.042 0.027 0.016 0.228 0.06
259 T 0.113 0.026 0.027 0.026 0.015 0.028 0.031 0.051 0.011 0.084 0.091 0.034 0.027 0.024 0.02 0.088 0.157 0.005 0.016 0.127
260 G 0.051 0.13 0.038 0.025 0.01 0.023 0.029 0.169 0.014 0.053 0.111 0.047 0.018 0.047 0.03 0.061 0.057 0.006 0.027 0.055
261 L 0.086 0.035 0.057 0.069 0.011 0.032 0.081 0.062 0.018 0.069 0.091 0.037 0.023 0.035 0.018 0.06 0.05 0.007 0.077 0.081
262 L 0.056 0.046 0.074 0.077 0.012 0.025 0.063 0.032 0.025 0.08 0.139 0.055 0.033 0.026 0.017 0.057 0.055 0.005 0.016 0.108
263 T 0.073 0.036 0.044 0.038 0.018 0.028 0.04 0.044 0.014 0.054 0.065 0.046 0.02 0.024 0.028 0.093 0.243 0.006 0.018 0.071
264 P 0.078 0.03 0.079 0.054 0.011 0.03 0.08 0.068 0.026 0.051 0.054 0.05 0.014 0.017 0.146 0.09 0.047 0.004 0.014 0.056
265 P 0.083 0.04 0.039 0.074 0.011 0.042 0.057 0.05 0.016 0.037 0.089 0.048 0.016 0.072 0.119 0.061 0.059 0.007 0.042 0.041
266 D 0.083 0.03 0.047 0.162 0.01 0.026 0.082 0.122 0.015 0.042 0.043 0.057 0.014 0.028 0.066 0.078 0.035 0.011 0.014 0.035
267 G 0.078 0.023 0.039 0.034 0.011 0.019 0.026 0.511 0.013 0.019 0.028 0.034 0.009 0.016 0.019 0.051 0.03 0.005 0.011 0.024
268 E 0.081 0.046 0.044 0.073 0.011 0.047 0.091 0.058 0.028 0.044 0.064 0.061 0.03 0.024 0.019 0.081 0.077 0.006 0.037 0.079
269 L 0.125 0.021 0.026 0.019 0.013 0.015 0.022 0.047 0.015 0.109 0.138 0.025 0.023 0.137 0.015 0.037 0.031 0.025 0.086 0.072
270 L 0.06 0.02 0.015 0.016 0.012 0.014 0.019 0.024 0.011 0.145 0.195 0.023 0.036 0.083 0.013 0.029 0.055 0.078 0.048 0.102
271 L 0.098 0.025 0.021 0.023 0.012 0.027 0.044 0.087 0.013 0.083 0.16 0.039 0.035 0.085 0.03 0.045 0.046 0.021 0.037 0.071
272 L 0.056 0.021 0.036 0.019 0.012 0.015 0.021 0.025 0.014 0.09 0.217 0.024 0.047 0.15 0.013 0.03 0.053 0.023 0.065 0.067
273 F 0.034 0.019 0.017 0.017 0.011 0.011 0.019 0.025 0.017 0.063 0.114 0.019 0.025 0.387 0.011 0.025 0.025 0.017 0.089 0.055
274 S 0.075 0.041 0.044 0.05 0.025 0.049 0.042 0.066 0.015 0.042 0.071 0.109 0.023 0.042 0.061 0.109 0.041 0.005 0.017 0.071
275 I 0.053 0.019 0.015 0.018 0.017 0.014 0.019 0.022 0.009 0.245 0.158 0.024 0.035 0.042 0.015 0.027 0.042 0.006 0.021 0.2
276 H 0.041 0.037 0.038 0.028 0.008 0.03 0.041 0.031 0.201 0.033 0.053 0.038 0.017 0.081 0.017 0.037 0.027 0.018 0.188 0.035
277 L 0.081 0.02 0.017 0.017 0.02 0.015 0.02 0.082 0.01 0.124 0.241 0.024 0.038 0.075 0.014 0.04 0.034 0.006 0.024 0.098
278 V 0.096 0.024 0.024 0.023 0.042 0.019 0.026 0.091 0.024 0.076 0.083 0.03 0.048 0.031 0.017 0.084 0.058 0.035 0.04 0.13
279 V 0.07 0.022 0.017 0.018 0.019 0.017 0.023 0.025 0.008 0.165 0.131 0.026 0.032 0.036 0.017 0.033 0.05 0.006 0.021 0.266
280 A 0.287 0.031 0.026 0.03 0.022 0.026 0.041 0.079 0.015 0.043 0.06 0.045 0.018 0.022 0.03 0.085 0.05 0.005 0.018 0.069
281 L 0.045 0.019 0.015 0.016 0.014 0.014 0.019 0.035 0.009 0.134 0.257 0.022 0.032 0.091 0.013 0.041 0.041 0.006 0.024 0.151
282 L 0.119 0.022 0.031 0.022 0.029 0.016 0.024 0.118 0.011 0.064 0.166 0.028 0.022 0.079 0.016 0.05 0.066 0.02 0.023 0.073
283 L 0.133 0.021 0.019 0.019 0.027 0.015 0.023 0.073 0.011 0.077 0.177 0.026 0.03 0.129 0.016 0.047 0.049 0.007 0.029 0.072
284 A 0.179 0.022 0.033 0.024 0.174 0.017 0.026 0.112 0.011 0.049 0.053 0.03 0.015 0.019 0.019 0.079 0.047 0.004 0.013 0.075
285 L 0.035 0.019 0.014 0.014 0.012 0.013 0.018 0.02 0.013 0.095 0.241 0.021 0.066 0.213 0.011 0.022 0.027 0.01 0.06 0.077
286 L 0.12 0.021 0.016 0.017 0.027 0.015 0.021 0.061 0.011 0.078 0.189 0.025 0.041 0.113 0.014 0.035 0.035 0.05 0.03 0.084
287 L 0.044 0.02 0.015 0.016 0.014 0.015 0.019 0.034 0.009 0.168 0.26 0.023 0.067 0.041 0.013 0.027 0.053 0.006 0.018 0.14
288 L 0.051 0.02 0.014 0.015 0.014 0.014 0.018 0.02 0.008 0.154 0.319 0.022 0.042 0.04 0.013 0.026 0.049 0.005 0.018 0.138
289 G 0.083 0.022 0.035 0.024 0.026 0.017 0.024 0.192 0.017 0.069 0.068 0.028 0.016 0.073 0.016 0.056 0.064 0.009 0.1 0.06
290 L 0.045 0.024 0.014 0.015 0.016 0.016 0.02 0.021 0.01 0.115 0.375 0.025 0.05 0.055 0.014 0.024 0.033 0.007 0.022 0.096
291 G 0.061 0.024 0.027 0.024 0.013 0.018 0.023 0.266 0.012 0.067 0.202 0.029 0.029 0.035 0.017 0.038 0.032 0.006 0.017 0.06
292 A 0.182 0.033 0.034 0.034 0.02 0.027 0.04 0.061 0.014 0.048 0.062 0.045 0.019 0.023 0.029 0.089 0.149 0.006 0.018 0.07
293 P 0.065 0.031 0.033 0.034 0.014 0.024 0.038 0.04 0.013 0.04 0.051 0.043 0.015 0.018 0.261 0.068 0.142 0.004 0.015 0.051
294 P 0.051 0.186 0.031 0.031 0.009 0.035 0.044 0.035 0.018 0.025 0.041 0.081 0.013 0.015 0.257 0.044 0.036 0.004 0.015 0.031
295 G 0.094 0.031 0.047 0.041 0.014 0.026 0.039 0.288 0.016 0.024 0.035 0.044 0.013 0.019 0.024 0.136 0.056 0.005 0.014 0.033
296 G 0.185 0.027 0.032 0.032 0.016 0.022 0.033 0.294 0.014 0.031 0.044 0.039 0.013 0.019 0.024 0.068 0.04 0.005 0.014 0.046
297 G 0.185 0.027 0.032 0.032 0.016 0.022 0.033 0.294 0.014 0.031 0.044 0.039 0.013 0.019 0.024 0.068 0.04 0.005 0.014 0.046
298 L 0.059 0.03 0.029 0.026 0.017 0.022 0.03 0.032 0.012 0.084 0.221 0.035 0.035 0.039 0.021 0.058 0.14 0.006 0.02 0.083
299 P 0.174 0.028 0.024 0.03 0.016 0.023 0.038 0.057 0.014 0.034 0.048 0.043 0.014 0.017 0.262 0.064 0.043 0.004 0.015 0.05
300 P 0.049 0.028 0.046 0.215 0.009 0.025 0.064 0.041 0.016 0.024 0.032 0.043 0.01 0.014 0.258 0.048 0.036 0.003 0.012 0.028
301 G 0.067 0.036 0.04 0.062 0.009 0.042 0.161 0.273 0.02 0.02 0.033 0.055 0.011 0.016 0.022 0.053 0.033 0.005 0.014 0.028
302 A 0.2 0.036 0.04 0.039 0.02 0.029 0.046 0.072 0.017 0.036 0.051 0.049 0.017 0.021 0.03 0.153 0.066 0.005 0.017 0.055
303 R 0.05 0.198 0.04 0.061 0.008 0.056 0.175 0.034 0.025 0.023 0.042 0.098 0.014 0.017 0.023 0.05 0.036 0.006 0.017 0.031
304 D 0.055 0.026 0.043 0.208 0.013 0.023 0.057 0.036 0.013 0.093 0.079 0.035 0.02 0.025 0.019 0.042 0.042 0.005 0.016 0.147
305 D 0.048 0.04 0.055 0.244 0.007 0.047 0.194 0.041 0.022 0.022 0.032 0.06 0.011 0.016 0.024 0.054 0.036 0.005 0.014 0.028
306 R 0.059 0.191 0.041 0.034 0.013 0.038 0.046 0.038 0.019 0.038 0.056 0.083 0.018 0.021 0.023 0.069 0.141 0.006 0.018 0.051
307 L 0.071 0.035 0.047 0.025 0.027 0.018 0.026 0.092 0.014 0.069 0.115 0.031 0.032 0.101 0.016 0.089 0.046 0.033 0.037 0.078
308 V 0.069 0.032 0.02 0.02 0.014 0.016 0.023 0.056 0.01 0.141 0.137 0.028 0.042 0.078 0.015 0.055 0.065 0.006 0.023 0.15
309 G 0.076 0.029 0.041 0.036 0.014 0.023 0.033 0.276 0.014 0.036 0.047 0.04 0.015 0.02 0.023 0.072 0.136 0.006 0.014 0.048
310 G 0.083 0.081 0.051 0.03 0.011 0.04 0.036 0.118 0.03 0.029 0.042 0.047 0.013 0.032 0.047 0.102 0.063 0.022 0.079 0.043
311 R 0.057 0.192 0.059 0.037 0.009 0.051 0.056 0.037 0.032 0.025 0.049 0.142 0.014 0.021 0.019 0.081 0.044 0.006 0.039 0.031
312 L 0.042 0.032 0.017 0.03 0.013 0.024 0.032 0.022 0.01 0.151 0.233 0.027 0.043 0.059 0.013 0.034 0.04 0.034 0.022 0.122
313 P 0.045 0.103 0.057 0.054 0.008 0.034 0.041 0.033 0.015 0.023 0.043 0.092 0.011 0.013 0.307 0.046 0.032 0.003 0.012 0.027
314 L 0.084 0.027 0.033 0.031 0.013 0.019 0.025 0.042 0.012 0.087 0.261 0.037 0.035 0.038 0.043 0.035 0.042 0.006 0.037 0.092
315 L 0.063 0.057 0.018 0.019 0.012 0.027 0.026 0.025 0.024 0.127 0.181 0.05 0.043 0.039 0.07 0.03 0.031 0.027 0.04 0.089
316 R 0.045 0.345 0.039 0.031 0.008 0.048 0.052 0.033 0.023 0.023 0.047 0.12 0.016 0.017 0.019 0.045 0.035 0.006 0.017 0.031
317 A 0.29 0.031 0.026 0.03 0.022 0.026 0.04 0.078 0.015 0.043 0.059 0.045 0.018 0.022 0.03 0.085 0.05 0.005 0.018 0.069
318 A 0.29 0.031 0.026 0.03 0.022 0.026 0.04 0.078 0.015 0.043 0.059 0.045 0.018 0.022 0.03 0.085 0.05 0.005 0.018 0.069
319 A 0.29 0.031 0.026 0.03 0.022 0.026 0.04 0.078 0.015 0.043 0.059 0.045 0.018 0.022 0.03 0.085 0.05 0.005 0.018 0.069
320 N 0.043 0.045 0.317 0.083 0.009 0.034 0.049 0.065 0.032 0.023 0.032 0.054 0.011 0.018 0.02 0.07 0.049 0.005 0.016 0.027
