#Seq2Logo.py -f /work3/idamei/ssn-clusterings/clustering/2205111339/clusters/0004_635/sequences.afa -o /work3/idamei/ssn-clusterings/clustering/2205111339/clusters/0004_635/sequences.logo
#Position Specific Frequency Matrix
A R N D C Q E G H I L K M F P S T W Y V
0 L 0.051 0.032 0.02 0.02 0.016 0.028 0.028 0.028 0.016 0.099 0.194 0.036 0.173 0.047 0.016 0.036 0.04 0.008 0.024 0.091
1 K 0.052 0.076 0.112 0.063 0.008 0.051 0.124 0.046 0.024 0.025 0.038 0.176 0.014 0.016 0.025 0.057 0.041 0.005 0.016 0.031
2 F 0.063 0.053 0.038 0.049 0.011 0.04 0.112 0.042 0.02 0.035 0.058 0.109 0.017 0.112 0.023 0.091 0.045 0.008 0.035 0.04
3 K 0.06 0.088 0.041 0.04 0.011 0.046 0.062 0.043 0.019 0.034 0.048 0.228 0.016 0.017 0.027 0.062 0.094 0.005 0.017 0.042
4 V 0.118 0.044 0.024 0.026 0.016 0.027 0.038 0.041 0.013 0.128 0.099 0.095 0.025 0.029 0.022 0.048 0.044 0.005 0.019 0.138
5 D 0.043 0.189 0.054 0.216 0.008 0.039 0.071 0.04 0.021 0.023 0.037 0.082 0.012 0.016 0.021 0.048 0.035 0.005 0.014 0.028
6 E 0.064 0.042 0.042 0.064 0.013 0.046 0.17 0.039 0.02 0.038 0.051 0.06 0.016 0.02 0.027 0.074 0.143 0.006 0.017 0.051
7 L 0.169 0.028 0.02 0.022 0.019 0.021 0.03 0.05 0.012 0.079 0.219 0.035 0.033 0.038 0.022 0.054 0.041 0.006 0.02 0.082
8 S 0.109 0.04 0.054 0.049 0.017 0.033 0.052 0.066 0.019 0.03 0.042 0.054 0.016 0.021 0.03 0.224 0.082 0.005 0.017 0.042
9 V 0.071 0.029 0.03 0.028 0.018 0.022 0.031 0.034 0.011 0.108 0.097 0.036 0.026 0.03 0.022 0.062 0.15 0.006 0.019 0.172
10 L 0.05 0.065 0.028 0.028 0.012 0.035 0.045 0.032 0.015 0.071 0.211 0.153 0.032 0.035 0.021 0.039 0.036 0.006 0.02 0.064
11 E 0.056 0.078 0.041 0.066 0.008 0.059 0.185 0.039 0.023 0.025 0.04 0.178 0.014 0.016 0.027 0.054 0.038 0.005 0.017 0.032
12 E 0.055 0.05 0.04 0.09 0.007 0.064 0.296 0.035 0.026 0.022 0.037 0.076 0.013 0.017 0.026 0.055 0.037 0.006 0.017 0.031
13 K 0.057 0.107 0.042 0.042 0.009 0.054 0.071 0.043 0.021 0.028 0.043 0.278 0.016 0.016 0.028 0.054 0.04 0.005 0.017 0.033
14 L 0.045 0.024 0.014 0.015 0.016 0.016 0.02 0.021 0.01 0.115 0.375 0.025 0.05 0.055 0.014 0.024 0.033 0.007 0.022 0.096
15 W 0.03 0.023 0.015 0.015 0.008 0.015 0.023 0.03 0.015 0.03 0.053 0.023 0.015 0.061 0.008 0.023 0.023 0.492 0.068 0.03
16 D 0.041 0.03 0.069 0.397 0.008 0.03 0.091 0.047 0.019 0.022 0.028 0.045 0.009 0.015 0.022 0.052 0.035 0.004 0.011 0.024
17 I 0.047 0.018 0.015 0.018 0.016 0.013 0.018 0.021 0.009 0.271 0.168 0.024 0.037 0.044 0.015 0.025 0.04 0.006 0.021 0.177
18 D 0.041 0.03 0.069 0.397 0.008 0.03 0.091 0.047 0.019 0.022 0.028 0.045 0.009 0.015 0.022 0.052 0.035 0.004 0.011 0.024
19 I 0.047 0.018 0.015 0.018 0.016 0.013 0.018 0.021 0.009 0.271 0.168 0.024 0.037 0.044 0.015 0.025 0.04 0.006 0.021 0.177
20 R 0.059 0.192 0.039 0.033 0.011 0.035 0.042 0.156 0.018 0.029 0.046 0.079 0.015 0.018 0.021 0.057 0.089 0.006 0.016 0.039
21 I 0.051 0.103 0.021 0.021 0.015 0.023 0.027 0.024 0.012 0.187 0.126 0.048 0.03 0.035 0.016 0.031 0.04 0.006 0.02 0.165
22 G 0.084 0.036 0.118 0.053 0.013 0.029 0.044 0.178 0.021 0.025 0.035 0.048 0.013 0.019 0.024 0.146 0.06 0.005 0.015 0.033
23 E 0.065 0.045 0.115 0.077 0.01 0.048 0.179 0.05 0.025 0.024 0.036 0.064 0.013 0.018 0.025 0.102 0.05 0.005 0.016 0.032
24 V 0.045 0.02 0.016 0.017 0.013 0.014 0.02 0.025 0.012 0.134 0.115 0.023 0.027 0.134 0.012 0.026 0.034 0.132 0.049 0.134
25 L 0.041 0.023 0.015 0.015 0.015 0.015 0.02 0.022 0.012 0.101 0.317 0.023 0.043 0.139 0.013 0.024 0.031 0.009 0.038 0.085
26 F 0.033 0.019 0.017 0.017 0.01 0.01 0.019 0.025 0.017 0.062 0.113 0.019 0.025 0.396 0.01 0.025 0.025 0.017 0.087 0.054
27 Y 0.037 0.026 0.02 0.018 0.009 0.02 0.026 0.026 0.038 0.04 0.064 0.029 0.018 0.112 0.013 0.029 0.026 0.146 0.263 0.042
28 L 0.047 0.022 0.015 0.016 0.015 0.015 0.02 0.023 0.011 0.113 0.253 0.024 0.038 0.135 0.014 0.026 0.035 0.009 0.038 0.131
29 A 0.253 0.033 0.032 0.034 0.02 0.027 0.043 0.074 0.016 0.039 0.054 0.046 0.017 0.021 0.029 0.121 0.057 0.005 0.017 0.061
30 Y 0.04 0.028 0.021 0.018 0.009 0.021 0.028 0.025 0.046 0.043 0.067 0.031 0.018 0.129 0.015 0.031 0.028 0.028 0.328 0.046
31 T 0.123 0.029 0.031 0.03 0.018 0.023 0.034 0.046 0.013 0.107 0.088 0.039 0.023 0.028 0.025 0.073 0.151 0.006 0.018 0.095
32 I 0.053 0.022 0.016 0.018 0.017 0.018 0.021 0.023 0.01 0.206 0.163 0.027 0.069 0.042 0.015 0.029 0.042 0.006 0.021 0.18
33 W 0.03 0.022 0.015 0.015 0.007 0.015 0.022 0.03 0.015 0.03 0.052 0.022 0.015 0.06 0.007 0.022 0.022 0.5 0.067 0.03
34 I 0.049 0.019 0.015 0.017 0.015 0.013 0.019 0.022 0.011 0.197 0.143 0.023 0.032 0.13 0.014 0.027 0.038 0.008 0.037 0.171
35 G 0.077 0.026 0.036 0.033 0.014 0.021 0.03 0.28 0.014 0.087 0.066 0.036 0.018 0.024 0.02 0.089 0.045 0.005 0.015 0.066
36 L 0.109 0.028 0.02 0.021 0.016 0.023 0.028 0.039 0.016 0.076 0.14 0.033 0.097 0.128 0.018 0.045 0.038 0.009 0.038 0.076
37 N 0.042 0.044 0.327 0.082 0.009 0.033 0.049 0.064 0.031 0.022 0.031 0.053 0.011 0.018 0.02 0.069 0.049 0.004 0.015 0.027
38 I 0.052 0.018 0.015 0.017 0.017 0.014 0.019 0.021 0.009 0.252 0.156 0.024 0.035 0.041 0.015 0.027 0.042 0.006 0.02 0.2
39 L 0.042 0.021 0.015 0.016 0.015 0.014 0.019 0.022 0.011 0.143 0.262 0.023 0.04 0.137 0.013 0.024 0.033 0.009 0.038 0.104
40 V 0.059 0.034 0.1 0.051 0.013 0.032 0.1 0.037 0.018 0.092 0.081 0.045 0.022 0.026 0.019 0.047 0.046 0.005 0.018 0.154
41 D 0.042 0.038 0.049 0.219 0.008 0.074 0.075 0.039 0.021 0.033 0.054 0.049 0.016 0.11 0.019 0.046 0.034 0.007 0.032 0.034
42 T 0.09 0.037 0.048 0.043 0.017 0.03 0.045 0.054 0.016 0.041 0.053 0.049 0.017 0.022 0.028 0.161 0.169 0.005 0.017 0.056
43 Y 0.17 0.029 0.023 0.024 0.015 0.023 0.034 0.051 0.03 0.043 0.063 0.037 0.018 0.075 0.022 0.057 0.038 0.016 0.173 0.057
44 Y 0.04 0.028 0.021 0.018 0.009 0.021 0.028 0.025 0.046 0.043 0.067 0.031 0.018 0.129 0.015 0.031 0.028 0.028 0.328 0.046
45 E 0.056 0.122 0.04 0.061 0.01 0.05 0.176 0.036 0.022 0.03 0.046 0.078 0.015 0.018 0.024 0.061 0.091 0.006 0.017 0.041
46 D 0.062 0.118 0.05 0.143 0.01 0.043 0.125 0.045 0.021 0.024 0.038 0.073 0.013 0.017 0.024 0.095 0.047 0.005 0.015 0.032
47 L 0.045 0.033 0.022 0.024 0.013 0.066 0.039 0.027 0.016 0.121 0.177 0.039 0.033 0.127 0.016 0.032 0.034 0.009 0.038 0.089
48 P 0.12 0.026 0.022 0.027 0.015 0.021 0.034 0.043 0.012 0.064 0.065 0.038 0.017 0.02 0.262 0.051 0.042 0.004 0.016 0.102
49 F 0.036 0.025 0.03 0.114 0.009 0.019 0.04 0.031 0.024 0.039 0.065 0.029 0.017 0.15 0.014 0.032 0.027 0.137 0.123 0.038
50 F 0.1 0.022 0.019 0.02 0.013 0.014 0.024 0.038 0.016 0.057 0.099 0.025 0.023 0.302 0.015 0.04 0.031 0.014 0.07 0.058
51 P 0.062 0.112 0.046 0.129 0.011 0.033 0.057 0.045 0.018 0.025 0.038 0.064 0.013 0.016 0.143 0.093 0.046 0.004 0.015 0.032
52 D 0.122 0.032 0.054 0.223 0.013 0.029 0.068 0.059 0.018 0.029 0.039 0.046 0.013 0.018 0.026 0.105 0.05 0.004 0.014 0.039
53 V 0.058 0.02 0.015 0.017 0.017 0.015 0.02 0.022 0.008 0.222 0.147 0.024 0.034 0.039 0.015 0.029 0.044 0.006 0.02 0.227
54 F 0.033 0.019 0.017 0.017 0.01 0.01 0.019 0.025 0.017 0.062 0.113 0.019 0.025 0.396 0.01 0.025 0.025 0.017 0.087 0.054
55 E 0.065 0.06 0.115 0.065 0.01 0.046 0.119 0.052 0.024 0.025 0.038 0.117 0.014 0.017 0.025 0.102 0.051 0.005 0.017 0.033
56 V 0.057 0.026 0.018 0.018 0.016 0.02 0.025 0.025 0.02 0.117 0.13 0.029 0.063 0.062 0.016 0.033 0.041 0.012 0.098 0.174
57 L 0.061 0.028 0.029 0.026 0.015 0.022 0.028 0.152 0.013 0.071 0.168 0.035 0.063 0.035 0.019 0.05 0.09 0.007 0.018 0.07
58 N 0.044 0.115 0.177 0.053 0.01 0.032 0.042 0.045 0.023 0.087 0.068 0.062 0.018 0.024 0.018 0.051 0.043 0.005 0.017 0.064
59 I 0.044 0.022 0.016 0.017 0.014 0.017 0.021 0.025 0.012 0.173 0.144 0.026 0.065 0.049 0.013 0.027 0.035 0.13 0.033 0.117
60 I 0.046 0.019 0.014 0.017 0.016 0.014 0.018 0.02 0.009 0.24 0.22 0.024 0.039 0.046 0.014 0.024 0.038 0.006 0.021 0.154
61 C 0.071 0.022 0.025 0.024 0.254 0.017 0.025 0.037 0.011 0.1 0.084 0.029 0.021 0.026 0.019 0.084 0.048 0.005 0.015 0.082
62 L 0.045 0.027 0.017 0.017 0.014 0.02 0.024 0.024 0.02 0.092 0.258 0.029 0.072 0.071 0.015 0.029 0.033 0.012 0.099 0.082
63 L 0.051 0.022 0.015 0.016 0.017 0.015 0.02 0.022 0.009 0.168 0.266 0.025 0.041 0.047 0.015 0.026 0.038 0.006 0.021 0.161
64 L 0.045 0.021 0.014 0.016 0.016 0.015 0.019 0.021 0.009 0.198 0.275 0.024 0.043 0.049 0.014 0.024 0.036 0.006 0.021 0.134
65 L 0.044 0.022 0.014 0.016 0.016 0.015 0.019 0.021 0.01 0.156 0.33 0.025 0.046 0.051 0.014 0.024 0.034 0.007 0.022 0.115
66 F 0.047 0.021 0.021 0.02 0.012 0.014 0.021 0.147 0.014 0.064 0.159 0.024 0.027 0.215 0.013 0.031 0.028 0.011 0.052 0.057
67 G 0.058 0.036 0.029 0.029 0.013 0.071 0.043 0.151 0.017 0.106 0.108 0.045 0.06 0.03 0.018 0.041 0.037 0.006 0.019 0.081
68 H 0.049 0.075 0.047 0.039 0.008 0.045 0.061 0.04 0.192 0.025 0.04 0.167 0.015 0.023 0.023 0.047 0.033 0.006 0.037 0.027
69 L 0.042 0.021 0.015 0.016 0.015 0.014 0.019 0.022 0.011 0.143 0.262 0.023 0.04 0.137 0.013 0.024 0.033 0.009 0.038 0.104
70 L 0.051 0.02 0.015 0.017 0.017 0.015 0.019 0.021 0.009 0.21 0.211 0.024 0.038 0.044 0.015 0.026 0.04 0.006 0.021 0.181
71 L 0.042 0.026 0.018 0.017 0.013 0.019 0.024 0.023 0.028 0.079 0.223 0.028 0.034 0.092 0.015 0.028 0.031 0.017 0.172 0.071
72 D 0.049 0.112 0.054 0.22 0.01 0.033 0.068 0.042 0.018 0.03 0.041 0.063 0.013 0.017 0.023 0.06 0.09 0.005 0.014 0.037
73 N 0.045 0.056 0.191 0.153 0.008 0.037 0.064 0.054 0.025 0.023 0.033 0.11 0.012 0.016 0.022 0.06 0.043 0.004 0.015 0.027
74 K 0.051 0.146 0.034 0.032 0.01 0.042 0.052 0.034 0.018 0.09 0.074 0.18 0.021 0.023 0.022 0.043 0.038 0.005 0.018 0.067
75 Y 0.036 0.024 0.019 0.017 0.009 0.017 0.024 0.026 0.031 0.045 0.075 0.026 0.019 0.178 0.012 0.027 0.026 0.143 0.203 0.044
76 S 0.099 0.038 0.051 0.045 0.017 0.031 0.048 0.06 0.018 0.035 0.047 0.051 0.016 0.021 0.029 0.196 0.125 0.005 0.017 0.048
77 L 0.115 0.023 0.017 0.02 0.018 0.018 0.025 0.036 0.01 0.15 0.184 0.029 0.033 0.038 0.018 0.041 0.042 0.006 0.02 0.154
78 K 0.066 0.074 0.116 0.053 0.011 0.043 0.06 0.054 0.023 0.026 0.039 0.171 0.014 0.017 0.026 0.101 0.052 0.005 0.017 0.033
79 T 0.061 0.133 0.041 0.036 0.013 0.039 0.05 0.04 0.018 0.039 0.054 0.124 0.017 0.02 0.025 0.07 0.147 0.006 0.017 0.051
80 L 0.051 0.022 0.015 0.016 0.017 0.015 0.02 0.022 0.009 0.168 0.266 0.025 0.041 0.047 0.015 0.026 0.038 0.006 0.021 0.161
81 L 0.05 0.045 0.023 0.025 0.013 0.026 0.036 0.03 0.013 0.07 0.212 0.095 0.031 0.034 0.139 0.036 0.035 0.005 0.018 0.063
82 P 0.109 0.027 0.021 0.024 0.014 0.022 0.031 0.043 0.015 0.049 0.085 0.036 0.054 0.035 0.138 0.046 0.037 0.129 0.03 0.055
83 L 0.053 0.022 0.02 0.02 0.015 0.016 0.021 0.145 0.01 0.132 0.241 0.027 0.036 0.042 0.015 0.031 0.034 0.006 0.019 0.097
84 L 0.109 0.024 0.017 0.019 0.017 0.018 0.024 0.035 0.011 0.138 0.248 0.029 0.038 0.043 0.018 0.039 0.039 0.006 0.02 0.108
85 L 0.051 0.022 0.015 0.016 0.017 0.015 0.02 0.022 0.009 0.168 0.266 0.025 0.041 0.047 0.015 0.026 0.038 0.006 0.021 0.161
86 C 0.067 0.019 0.016 0.017 0.253 0.014 0.02 0.028 0.008 0.104 0.097 0.023 0.024 0.028 0.016 0.037 0.043 0.005 0.016 0.165
87 G 0.114 0.024 0.024 0.024 0.015 0.018 0.026 0.16 0.014 0.059 0.146 0.03 0.025 0.122 0.018 0.046 0.034 0.009 0.034 0.06
88 L 0.051 0.022 0.015 0.016 0.017 0.015 0.02 0.022 0.009 0.168 0.266 0.025 0.041 0.047 0.015 0.026 0.038 0.006 0.021 0.161
89 L 0.056 0.02 0.015 0.017 0.136 0.014 0.019 0.024 0.009 0.15 0.186 0.023 0.033 0.038 0.015 0.03 0.039 0.006 0.019 0.151
90 I 0.049 0.019 0.015 0.017 0.015 0.013 0.019 0.022 0.011 0.197 0.143 0.023 0.032 0.13 0.014 0.027 0.038 0.008 0.037 0.171
91 L 0.041 0.023 0.015 0.015 0.015 0.015 0.02 0.022 0.012 0.101 0.317 0.023 0.043 0.139 0.013 0.024 0.031 0.009 0.038 0.085
92 L 0.053 0.041 0.021 0.022 0.133 0.023 0.031 0.029 0.012 0.117 0.164 0.089 0.029 0.033 0.018 0.035 0.037 0.005 0.018 0.089
93 V 0.083 0.03 0.034 0.033 0.017 0.024 0.036 0.044 0.014 0.126 0.094 0.039 0.025 0.03 0.022 0.13 0.062 0.005 0.019 0.134
94 A 0.253 0.033 0.032 0.034 0.02 0.027 0.043 0.074 0.016 0.039 0.054 0.046 0.017 0.021 0.029 0.121 0.057 0.005 0.017 0.061
95 L 0.05 0.023 0.017 0.017 0.015 0.017 0.022 0.023 0.018 0.15 0.187 0.026 0.034 0.065 0.015 0.028 0.037 0.011 0.098 0.149
96 N 0.042 0.122 0.186 0.058 0.008 0.038 0.05 0.05 0.112 0.022 0.036 0.067 0.013 0.021 0.019 0.056 0.04 0.006 0.026 0.027
97 T 0.081 0.036 0.045 0.04 0.017 0.029 0.042 0.048 0.015 0.047 0.058 0.047 0.018 0.023 0.028 0.126 0.213 0.006 0.017 0.063
98 G 0.068 0.028 0.111 0.045 0.01 0.022 0.031 0.404 0.018 0.02 0.029 0.038 0.01 0.016 0.019 0.055 0.034 0.005 0.012 0.025
99 L 0.06 0.028 0.024 0.023 0.016 0.02 0.028 0.032 0.012 0.093 0.299 0.032 0.041 0.046 0.018 0.076 0.045 0.007 0.021 0.081
100 F 0.049 0.029 0.095 0.034 0.014 0.022 0.03 0.035 0.018 0.086 0.116 0.033 0.06 0.124 0.016 0.04 0.04 0.009 0.037 0.113
101 R 0.046 0.201 0.111 0.058 0.008 0.048 0.115 0.041 0.026 0.022 0.04 0.091 0.014 0.017 0.021 0.053 0.038 0.005 0.017 0.03
102 I 0.046 0.017 0.014 0.017 0.016 0.013 0.017 0.02 0.009 0.282 0.165 0.023 0.036 0.044 0.014 0.025 0.039 0.006 0.02 0.174
103 L 0.044 0.022 0.014 0.016 0.016 0.015 0.019 0.021 0.01 0.156 0.33 0.025 0.046 0.051 0.014 0.024 0.034 0.007 0.022 0.115
104 F 0.04 0.023 0.03 0.115 0.011 0.019 0.038 0.029 0.022 0.102 0.093 0.029 0.022 0.146 0.016 0.033 0.032 0.013 0.112 0.075
105 T 0.066 0.031 0.036 0.032 0.017 0.024 0.033 0.037 0.012 0.11 0.089 0.039 0.024 0.028 0.024 0.075 0.203 0.006 0.018 0.096
106 F 0.046 0.022 0.023 0.022 0.014 0.015 0.023 0.028 0.014 0.115 0.114 0.026 0.026 0.215 0.016 0.042 0.087 0.011 0.053 0.088
107 L 0.044 0.022 0.014 0.016 0.016 0.015 0.019 0.021 0.01 0.156 0.33 0.025 0.046 0.051 0.014 0.024 0.034 0.007 0.022 0.115
108 F 0.033 0.019 0.017 0.017 0.01 0.01 0.019 0.025 0.017 0.062 0.113 0.019 0.025 0.396 0.01 0.025 0.025 0.017 0.087 0.054
109 I 0.053 0.022 0.016 0.018 0.017 0.018 0.021 0.023 0.01 0.206 0.163 0.027 0.069 0.042 0.015 0.029 0.042 0.006 0.021 0.18
110 Y 0.043 0.024 0.018 0.017 0.013 0.018 0.023 0.023 0.028 0.12 0.171 0.027 0.03 0.089 0.015 0.028 0.032 0.017 0.175 0.09
111 A 0.204 0.035 0.039 0.039 0.019 0.029 0.046 0.071 0.017 0.036 0.05 0.049 0.016 0.021 0.029 0.158 0.065 0.005 0.017 0.055
112 A 0.301 0.031 0.025 0.029 0.021 0.025 0.04 0.077 0.015 0.043 0.059 0.044 0.017 0.021 0.029 0.084 0.049 0.005 0.017 0.068
113 R 0.057 0.187 0.033 0.028 0.129 0.032 0.036 0.154 0.017 0.027 0.046 0.073 0.014 0.018 0.018 0.045 0.034 0.005 0.014 0.035
114 N 0.042 0.041 0.262 0.163 0.008 0.032 0.059 0.06 0.028 0.022 0.03 0.051 0.011 0.017 0.02 0.064 0.045 0.004 0.014 0.026
115 L 0.054 0.034 0.022 0.024 0.015 0.068 0.04 0.027 0.014 0.146 0.181 0.041 0.034 0.037 0.017 0.034 0.04 0.006 0.021 0.146
116 E 0.051 0.058 0.047 0.156 0.008 0.052 0.193 0.039 0.022 0.023 0.036 0.12 0.012 0.016 0.025 0.053 0.037 0.005 0.015 0.029
117 W 0.032 0.021 0.016 0.016 0.009 0.013 0.021 0.027 0.016 0.046 0.082 0.021 0.02 0.228 0.009 0.024 0.024 0.258 0.077 0.042
118 K 0.056 0.106 0.041 0.041 0.008 0.053 0.07 0.043 0.02 0.027 0.043 0.289 0.015 0.015 0.027 0.053 0.039 0.005 0.017 0.032
119 K 0.049 0.149 0.047 0.13 0.008 0.046 0.07 0.041 0.021 0.025 0.04 0.185 0.014 0.016 0.024 0.05 0.037 0.005 0.016 0.03
120 L 0.045 0.021 0.014 0.016 0.016 0.015 0.019 0.021 0.009 0.198 0.275 0.024 0.043 0.049 0.014 0.024 0.036 0.006 0.021 0.134
121 I 0.11 0.021 0.017 0.02 0.017 0.016 0.023 0.035 0.01 0.222 0.139 0.028 0.032 0.038 0.018 0.039 0.042 0.006 0.02 0.148
122 K 0.053 0.168 0.04 0.038 0.008 0.051 0.065 0.04 0.021 0.026 0.043 0.246 0.015 0.016 0.025 0.051 0.038 0.005 0.017 0.032
123 L 0.054 0.021 0.016 0.017 0.016 0.015 0.021 0.024 0.011 0.125 0.188 0.024 0.034 0.13 0.014 0.028 0.039 0.009 0.038 0.177
124 T 0.09 0.037 0.048 0.043 0.017 0.03 0.045 0.054 0.016 0.041 0.053 0.049 0.017 0.022 0.028 0.161 0.169 0.005 0.017 0.056
125 F 0.04 0.023 0.017 0.017 0.013 0.016 0.021 0.025 0.015 0.084 0.201 0.024 0.068 0.223 0.013 0.027 0.031 0.012 0.055 0.074
126 F 0.105 0.024 0.019 0.02 0.014 0.018 0.026 0.037 0.021 0.107 0.101 0.029 0.024 0.147 0.017 0.041 0.035 0.014 0.113 0.086
127 L 0.056 0.023 0.015 0.016 0.017 0.016 0.021 0.023 0.009 0.138 0.257 0.025 0.04 0.045 0.015 0.028 0.041 0.006 0.021 0.187
128 E 0.113 0.049 0.109 0.062 0.012 0.087 0.124 0.054 0.025 0.028 0.043 0.065 0.015 0.017 0.024 0.065 0.044 0.005 0.017 0.04
129 C 0.071 0.022 0.025 0.024 0.254 0.017 0.025 0.037 0.011 0.1 0.084 0.029 0.021 0.026 0.019 0.084 0.048 0.005 0.015 0.082
130 I 0.06 0.02 0.021 0.021 0.015 0.015 0.021 0.146 0.01 0.186 0.122 0.026 0.028 0.035 0.016 0.033 0.039 0.006 0.018 0.163
131 L 0.049 0.022 0.015 0.015 0.135 0.015 0.019 0.024 0.009 0.096 0.305 0.024 0.041 0.045 0.015 0.028 0.034 0.006 0.019 0.085
132 L 0.056 0.029 0.019 0.019 0.017 0.025 0.027 0.027 0.014 0.115 0.178 0.033 0.138 0.044 0.016 0.035 0.042 0.007 0.023 0.138
133 I 0.062 0.023 0.024 0.025 0.016 0.018 0.026 0.032 0.011 0.219 0.134 0.031 0.031 0.038 0.018 0.076 0.05 0.006 0.02 0.141
134 V 0.053 0.018 0.016 0.017 0.134 0.013 0.019 0.025 0.01 0.138 0.118 0.022 0.027 0.124 0.014 0.031 0.037 0.008 0.035 0.141
135 I 0.052 0.018 0.015 0.017 0.017 0.014 0.019 0.021 0.009 0.252 0.156 0.024 0.035 0.041 0.015 0.027 0.042 0.006 0.02 0.2
136 L 0.051 0.022 0.015 0.016 0.017 0.015 0.02 0.022 0.009 0.168 0.266 0.025 0.041 0.047 0.015 0.026 0.038 0.006 0.021 0.161
137 G 0.06 0.023 0.026 0.024 0.013 0.017 0.023 0.269 0.012 0.066 0.206 0.029 0.029 0.035 0.016 0.037 0.031 0.006 0.016 0.059
138 S 0.1 0.035 0.05 0.044 0.016 0.029 0.045 0.178 0.018 0.027 0.038 0.048 0.014 0.019 0.027 0.186 0.068 0.005 0.016 0.037
139 A 0.187 0.032 0.031 0.031 0.017 0.026 0.04 0.061 0.024 0.039 0.056 0.043 0.017 0.048 0.026 0.107 0.052 0.011 0.095 0.056
140 L 0.11 0.028 0.018 0.02 0.017 0.021 0.027 0.037 0.013 0.092 0.255 0.032 0.072 0.044 0.018 0.042 0.039 0.007 0.021 0.087
141 V 0.056 0.028 0.093 0.033 0.016 0.02 0.029 0.033 0.014 0.115 0.168 0.032 0.031 0.035 0.017 0.039 0.045 0.006 0.02 0.17
142 G 0.077 0.023 0.039 0.033 0.011 0.019 0.025 0.517 0.013 0.019 0.028 0.033 0.009 0.016 0.019 0.051 0.029 0.005 0.011 0.024
143 I 0.046 0.017 0.014 0.017 0.016 0.013 0.017 0.02 0.009 0.282 0.165 0.023 0.036 0.044 0.014 0.025 0.039 0.006 0.02 0.174
144 L 0.045 0.021 0.014 0.016 0.016 0.015 0.019 0.021 0.009 0.198 0.275 0.024 0.043 0.049 0.014 0.024 0.036 0.006 0.021 0.134
145 P 0.056 0.045 0.027 0.033 0.01 0.028 0.044 0.037 0.015 0.026 0.037 0.103 0.011 0.013 0.383 0.046 0.037 0.003 0.014 0.031
146 N 0.043 0.122 0.255 0.069 0.009 0.037 0.049 0.056 0.029 0.022 0.035 0.069 0.012 0.018 0.02 0.062 0.045 0.005 0.016 0.028
147 E 0.051 0.044 0.047 0.168 0.007 0.055 0.253 0.037 0.024 0.022 0.034 0.067 0.012 0.016 0.025 0.054 0.036 0.005 0.015 0.029
148 T 0.06 0.03 0.03 0.028 0.017 0.024 0.031 0.033 0.013 0.121 0.122 0.037 0.062 0.034 0.021 0.061 0.149 0.006 0.02 0.101
149 I 0.039 0.019 0.015 0.017 0.012 0.013 0.019 0.024 0.012 0.164 0.124 0.022 0.028 0.136 0.012 0.024 0.031 0.132 0.049 0.108
150 L 0.043 0.023 0.016 0.016 0.014 0.017 0.021 0.022 0.019 0.138 0.251 0.026 0.038 0.07 0.014 0.026 0.033 0.012 0.098 0.102
151 R 0.044 0.355 0.038 0.031 0.008 0.048 0.052 0.032 0.023 0.023 0.046 0.118 0.015 0.017 0.019 0.044 0.034 0.006 0.017 0.031
152 E 0.067 0.042 0.038 0.061 0.012 0.047 0.173 0.04 0.021 0.043 0.077 0.059 0.053 0.025 0.024 0.094 0.048 0.006 0.018 0.048
153 D 0.041 0.033 0.133 0.325 0.008 0.03 0.08 0.05 0.022 0.022 0.028 0.046 0.01 0.015 0.022 0.056 0.038 0.004 0.012 0.025
154 G 0.076 0.028 0.038 0.033 0.012 0.023 0.032 0.281 0.023 0.027 0.041 0.038 0.013 0.045 0.02 0.091 0.042 0.011 0.092 0.034
155 S 0.099 0.038 0.051 0.045 0.017 0.031 0.048 0.06 0.018 0.035 0.047 0.051 0.016 0.021 0.029 0.196 0.125 0.005 0.017 0.048
156 I 0.054 0.02 0.017 0.021 0.015 0.016 0.023 0.025 0.01 0.188 0.124 0.028 0.028 0.034 0.137 0.031 0.041 0.005 0.018 0.165
157 R 0.044 0.355 0.038 0.031 0.008 0.048 0.052 0.032 0.023 0.023 0.046 0.118 0.015 0.017 0.019 0.044 0.034 0.006 0.017 0.031
158 Y 0.04 0.028 0.021 0.018 0.009 0.021 0.028 0.025 0.046 0.043 0.067 0.031 0.018 0.129 0.015 0.031 0.028 0.028 0.328 0.046
159 Y 0.114 0.027 0.027 0.025 0.013 0.022 0.03 0.161 0.03 0.037 0.055 0.035 0.016 0.074 0.02 0.049 0.033 0.016 0.171 0.046
160 L 0.044 0.024 0.014 0.015 0.016 0.016 0.02 0.021 0.01 0.114 0.385 0.025 0.049 0.054 0.014 0.024 0.033 0.007 0.022 0.095
161 G 0.077 0.023 0.039 0.033 0.011 0.019 0.025 0.517 0.013 0.019 0.028 0.033 0.009 0.016 0.019 0.051 0.029 0.005 0.011 0.024
162 Y 0.038 0.025 0.02 0.018 0.009 0.019 0.025 0.025 0.039 0.048 0.079 0.028 0.02 0.196 0.014 0.029 0.027 0.025 0.268 0.048
163 N 0.07 0.056 0.116 0.052 0.013 0.036 0.052 0.054 0.021 0.033 0.045 0.11 0.015 0.019 0.026 0.111 0.107 0.005 0.017 0.043
164 Y 0.037 0.026 0.02 0.018 0.009 0.02 0.026 0.026 0.038 0.04 0.064 0.029 0.018 0.112 0.013 0.029 0.026 0.146 0.263 0.042
165 T 0.07 0.03 0.036 0.032 0.136 0.023 0.033 0.04 0.012 0.05 0.064 0.039 0.019 0.023 0.024 0.079 0.202 0.005 0.016 0.066
166 T 0.081 0.036 0.045 0.04 0.017 0.029 0.042 0.048 0.015 0.047 0.058 0.047 0.018 0.023 0.028 0.126 0.213 0.006 0.017 0.063
167 L 0.039 0.021 0.015 0.016 0.013 0.013 0.019 0.023 0.013 0.088 0.249 0.022 0.037 0.225 0.012 0.024 0.029 0.012 0.055 0.074
168 L 0.077 0.03 0.034 0.032 0.017 0.024 0.035 0.043 0.014 0.113 0.158 0.039 0.029 0.035 0.022 0.128 0.058 0.006 0.019 0.088
169 A 0.253 0.033 0.032 0.034 0.02 0.027 0.043 0.074 0.016 0.039 0.054 0.046 0.017 0.021 0.029 0.121 0.057 0.005 0.017 0.061
170 N 0.042 0.044 0.327 0.082 0.009 0.033 0.049 0.064 0.031 0.022 0.031 0.053 0.011 0.018 0.02 0.069 0.049 0.004 0.015 0.027
171 Y 0.038 0.025 0.02 0.018 0.009 0.019 0.025 0.025 0.039 0.048 0.079 0.028 0.02 0.196 0.014 0.029 0.027 0.025 0.268 0.048
172 F 0.033 0.019 0.017 0.017 0.01 0.01 0.019 0.025 0.017 0.062 0.113 0.019 0.025 0.396 0.01 0.025 0.025 0.017 0.087 0.054
173 F 0.033 0.019 0.017 0.017 0.01 0.01 0.019 0.025 0.017 0.062 0.113 0.019 0.025 0.396 0.01 0.025 0.025 0.017 0.087 0.054
174 H 0.041 0.045 0.053 0.038 0.007 0.038 0.053 0.038 0.365 0.023 0.038 0.045 0.015 0.03 0.019 0.041 0.026 0.007 0.056 0.023
175 I 0.049 0.025 0.017 0.019 0.016 0.02 0.023 0.024 0.012 0.19 0.18 0.029 0.105 0.046 0.015 0.03 0.039 0.007 0.022 0.133
176 V 0.057 0.021 0.015 0.017 0.017 0.015 0.021 0.022 0.009 0.18 0.202 0.025 0.037 0.042 0.015 0.028 0.042 0.006 0.021 0.207
177 L 0.044 0.024 0.014 0.015 0.016 0.016 0.02 0.021 0.01 0.114 0.385 0.025 0.049 0.054 0.014 0.024 0.033 0.007 0.022 0.095
178 L 0.05 0.03 0.018 0.019 0.016 0.025 0.026 0.026 0.014 0.103 0.242 0.033 0.142 0.049 0.015 0.033 0.038 0.008 0.023 0.092
179 Y 0.038 0.025 0.02 0.018 0.009 0.019 0.025 0.025 0.039 0.048 0.079 0.028 0.02 0.196 0.014 0.029 0.027 0.025 0.268 0.048
180 L 0.051 0.022 0.015 0.016 0.017 0.015 0.02 0.022 0.009 0.168 0.266 0.025 0.041 0.047 0.015 0.026 0.038 0.006 0.021 0.161
181 Y 0.038 0.025 0.02 0.018 0.009 0.019 0.025 0.025 0.039 0.048 0.079 0.028 0.02 0.196 0.014 0.029 0.027 0.025 0.268 0.048
182 I 0.052 0.018 0.015 0.017 0.017 0.014 0.019 0.021 0.009 0.252 0.156 0.024 0.035 0.041 0.015 0.027 0.042 0.006 0.02 0.2
183 K 0.053 0.09 0.112 0.051 0.009 0.048 0.064 0.048 0.023 0.026 0.04 0.23 0.014 0.016 0.025 0.057 0.042 0.005 0.017 0.031
184 K 0.057 0.066 0.047 0.13 0.009 0.038 0.064 0.162 0.018 0.024 0.035 0.164 0.012 0.015 0.024 0.052 0.036 0.005 0.014 0.028
185 K 0.057 0.107 0.041 0.041 0.009 0.053 0.07 0.043 0.021 0.027 0.043 0.282 0.015 0.015 0.027 0.053 0.04 0.005 0.017 0.033
186 G 0.06 0.052 0.035 0.046 0.011 0.041 0.107 0.156 0.019 0.042 0.075 0.108 0.053 0.024 0.022 0.048 0.036 0.006 0.017 0.045
187 K 0.113 0.068 0.044 0.129 0.011 0.04 0.067 0.052 0.018 0.03 0.043 0.166 0.014 0.017 0.026 0.06 0.041 0.005 0.016 0.039
188 L 0.043 0.025 0.016 0.017 0.015 0.018 0.022 0.024 0.013 0.097 0.269 0.026 0.074 0.138 0.014 0.027 0.033 0.01 0.039 0.084
189 K 0.066 0.151 0.043 0.04 0.01 0.046 0.061 0.046 0.021 0.027 0.043 0.187 0.015 0.017 0.026 0.095 0.048 0.005 0.017 0.034
190 L 0.066 0.027 0.024 0.024 0.017 0.02 0.029 0.033 0.012 0.105 0.235 0.032 0.036 0.041 0.018 0.078 0.049 0.006 0.02 0.128
191 I 0.039 0.019 0.015 0.017 0.012 0.013 0.019 0.024 0.012 0.164 0.124 0.022 0.028 0.136 0.012 0.024 0.031 0.132 0.049 0.108
192 G 0.063 0.029 0.107 0.045 0.01 0.023 0.034 0.284 0.018 0.021 0.031 0.04 0.01 0.016 0.14 0.053 0.036 0.004 0.012 0.026
193 Y 0.048 0.025 0.018 0.017 0.013 0.019 0.025 0.024 0.028 0.09 0.162 0.028 0.029 0.087 0.015 0.029 0.034 0.017 0.175 0.117
194 G 0.123 0.023 0.024 0.024 0.017 0.018 0.026 0.16 0.011 0.126 0.095 0.032 0.023 0.029 0.02 0.048 0.042 0.005 0.017 0.136
195 I 0.116 0.022 0.018 0.02 0.018 0.017 0.024 0.036 0.01 0.192 0.129 0.029 0.03 0.036 0.019 0.041 0.044 0.006 0.02 0.174
196 I 0.046 0.017 0.014 0.017 0.016 0.013 0.017 0.02 0.009 0.282 0.165 0.023 0.036 0.044 0.014 0.025 0.039 0.006 0.02 0.174
197 L 0.044 0.022 0.016 0.017 0.014 0.016 0.021 0.022 0.018 0.18 0.196 0.026 0.035 0.067 0.015 0.026 0.035 0.012 0.098 0.122
198 L 0.045 0.021 0.014 0.016 0.016 0.015 0.019 0.021 0.009 0.198 0.275 0.024 0.043 0.049 0.014 0.024 0.036 0.006 0.021 0.134
199 I 0.046 0.019 0.014 0.017 0.016 0.014 0.018 0.02 0.009 0.24 0.22 0.024 0.039 0.046 0.014 0.024 0.038 0.006 0.021 0.154
200 N 0.042 0.044 0.327 0.082 0.009 0.033 0.049 0.064 0.031 0.022 0.031 0.053 0.011 0.018 0.02 0.069 0.049 0.004 0.015 0.027
201 V 0.05 0.105 0.023 0.021 0.013 0.025 0.03 0.025 0.021 0.127 0.102 0.05 0.025 0.056 0.016 0.033 0.037 0.011 0.096 0.133
202 I 0.107 0.021 0.018 0.02 0.016 0.015 0.023 0.036 0.012 0.167 0.125 0.027 0.029 0.126 0.017 0.04 0.038 0.008 0.036 0.118
203 L 0.042 0.019 0.015 0.017 0.015 0.013 0.018 0.022 0.011 0.185 0.207 0.023 0.037 0.134 0.013 0.025 0.034 0.009 0.038 0.124
204 Y 0.038 0.025 0.02 0.018 0.009 0.019 0.025 0.025 0.039 0.048 0.079 0.028 0.02 0.196 0.014 0.029 0.027 0.025 0.268 0.048
205 L 0.042 0.03 0.094 0.033 0.012 0.022 0.029 0.033 0.024 0.073 0.217 0.033 0.032 0.064 0.016 0.037 0.036 0.012 0.097 0.066
206 L 0.048 0.025 0.022 0.021 0.015 0.017 0.024 0.027 0.013 0.086 0.237 0.028 0.036 0.132 0.016 0.041 0.087 0.009 0.037 0.078
207 T 0.072 0.035 0.043 0.037 0.018 0.027 0.039 0.043 0.014 0.053 0.064 0.045 0.019 0.023 0.027 0.091 0.258 0.006 0.018 0.07
208 D 0.041 0.033 0.133 0.325 0.008 0.03 0.08 0.05 0.022 0.022 0.028 0.046 0.01 0.015 0.022 0.056 0.038 0.004 0.012 0.025
209 T 0.072 0.035 0.043 0.037 0.018 0.027 0.039 0.043 0.014 0.053 0.064 0.045 0.019 0.023 0.027 0.091 0.258 0.006 0.018 0.07
210 K 0.053 0.168 0.04 0.038 0.008 0.051 0.065 0.04 0.021 0.026 0.043 0.246 0.015 0.016 0.025 0.051 0.038 0.005 0.017 0.032
211 A 0.177 0.029 0.027 0.028 0.018 0.022 0.034 0.056 0.015 0.05 0.073 0.038 0.02 0.115 0.024 0.071 0.095 0.008 0.035 0.065
212 V 0.058 0.02 0.015 0.017 0.017 0.015 0.02 0.022 0.008 0.222 0.147 0.024 0.034 0.039 0.015 0.029 0.044 0.006 0.02 0.227
213 F 0.035 0.021 0.018 0.017 0.01 0.013 0.021 0.025 0.024 0.058 0.101 0.022 0.023 0.329 0.012 0.026 0.026 0.019 0.148 0.052
214 Y 0.17 0.029 0.023 0.024 0.015 0.023 0.034 0.051 0.03 0.043 0.063 0.037 0.018 0.075 0.022 0.057 0.038 0.016 0.173 0.057
215 L 0.046 0.026 0.015 0.016 0.016 0.019 0.022 0.023 0.011 0.11 0.337 0.028 0.08 0.052 0.014 0.027 0.035 0.007 0.022 0.094
216 V 0.058 0.02 0.015 0.017 0.017 0.015 0.02 0.022 0.008 0.222 0.147 0.024 0.034 0.039 0.015 0.029 0.044 0.006 0.02 0.227
217 F 0.046 0.022 0.023 0.022 0.014 0.015 0.023 0.028 0.014 0.115 0.114 0.026 0.026 0.215 0.016 0.042 0.087 0.011 0.053 0.088
218 L 0.044 0.024 0.014 0.015 0.016 0.016 0.02 0.021 0.01 0.114 0.385 0.025 0.049 0.054 0.014 0.024 0.033 0.007 0.022 0.095
219 V 0.057 0.021 0.015 0.017 0.017 0.015 0.021 0.022 0.009 0.18 0.202 0.025 0.037 0.042 0.015 0.028 0.042 0.006 0.021 0.207
220 L 0.046 0.026 0.015 0.016 0.016 0.019 0.022 0.023 0.011 0.11 0.337 0.028 0.08 0.052 0.014 0.027 0.035 0.007 0.022 0.094
221 V 0.065 0.021 0.021 0.021 0.016 0.016 0.022 0.147 0.01 0.156 0.113 0.027 0.027 0.032 0.016 0.035 0.041 0.005 0.018 0.189
222 G 0.124 0.026 0.03 0.029 0.016 0.021 0.03 0.164 0.013 0.099 0.079 0.036 0.021 0.026 0.022 0.063 0.094 0.006 0.016 0.084
223 V 0.123 0.031 0.024 0.038 0.017 0.03 0.098 0.04 0.014 0.097 0.088 0.042 0.023 0.027 0.022 0.051 0.046 0.005 0.019 0.165
224 F 0.038 0.022 0.017 0.017 0.012 0.015 0.021 0.024 0.022 0.07 0.169 0.023 0.029 0.244 0.013 0.026 0.028 0.017 0.131 0.062
225 I 0.048 0.017 0.015 0.017 0.133 0.012 0.017 0.024 0.01 0.168 0.127 0.021 0.028 0.126 0.014 0.029 0.035 0.008 0.035 0.115
226 L 0.05 0.032 0.099 0.037 0.015 0.023 0.032 0.037 0.016 0.076 0.216 0.037 0.032 0.037 0.019 0.052 0.093 0.006 0.019 0.072
227 E 0.055 0.077 0.04 0.065 0.008 0.058 0.188 0.039 0.023 0.024 0.039 0.182 0.014 0.016 0.026 0.054 0.038 0.005 0.017 0.032
228 R 0.044 0.189 0.028 0.024 0.01 0.032 0.037 0.027 0.025 0.093 0.081 0.073 0.021 0.052 0.017 0.036 0.034 0.011 0.096 0.07
229 I 0.054 0.04 0.022 0.023 0.015 0.024 0.032 0.027 0.011 0.188 0.125 0.09 0.03 0.034 0.018 0.034 0.042 0.006 0.019 0.165
230 K 0.082 0.073 0.047 0.045 0.013 0.043 0.061 0.054 0.02 0.028 0.042 0.171 0.015 0.018 0.028 0.142 0.06 0.005 0.017 0.037
231 S 0.11 0.04 0.054 0.049 0.018 0.033 0.052 0.066 0.019 0.03 0.042 0.054 0.016 0.021 0.03 0.22 0.082 0.005 0.018 0.042
232 R 0.055 0.128 0.034 0.031 0.012 0.035 0.044 0.035 0.016 0.096 0.079 0.119 0.022 0.025 0.022 0.053 0.093 0.006 0.018 0.077
233 D 0.042 0.027 0.043 0.215 0.008 0.024 0.06 0.039 0.016 0.025 0.036 0.038 0.011 0.025 0.138 0.042 0.032 0.127 0.025 0.027
234 L 0.064 0.03 0.027 0.026 0.016 0.025 0.031 0.035 0.015 0.127 0.149 0.037 0.099 0.04 0.019 0.082 0.05 0.007 0.021 0.099
235 E 0.055 0.077 0.04 0.065 0.008 0.058 0.188 0.039 0.023 0.024 0.039 0.182 0.014 0.016 0.026 0.054 0.038 0.005 0.017 0.032
236 V 0.065 0.041 0.022 0.023 0.134 0.024 0.033 0.031 0.011 0.099 0.091 0.09 0.023 0.026 0.019 0.039 0.043 0.005 0.017 0.162
237 N 0.11 0.036 0.176 0.056 0.012 0.028 0.043 0.06 0.022 0.028 0.039 0.048 0.012 0.017 0.143 0.066 0.046 0.004 0.015 0.038
238 K 0.047 0.064 0.028 0.028 0.01 0.034 0.045 0.034 0.016 0.049 0.131 0.156 0.024 0.036 0.019 0.038 0.033 0.129 0.031 0.047
239 I 0.051 0.019 0.021 0.021 0.013 0.014 0.02 0.146 0.012 0.161 0.118 0.025 0.027 0.125 0.015 0.031 0.033 0.008 0.035 0.107
240 R 0.04 0.194 0.105 0.039 0.008 0.036 0.044 0.04 0.023 0.024 0.044 0.078 0.014 0.028 0.016 0.045 0.035 0.129 0.029 0.029
241 K 0.074 0.084 0.045 0.044 0.011 0.046 0.064 0.05 0.02 0.028 0.042 0.208 0.015 0.017 0.028 0.111 0.053 0.005 0.017 0.035
242 L 0.042 0.021 0.015 0.016 0.015 0.014 0.019 0.022 0.011 0.143 0.262 0.023 0.04 0.137 0.013 0.024 0.033 0.009 0.038 0.104
243 I 0.055 0.023 0.024 0.024 0.017 0.018 0.025 0.028 0.01 0.203 0.132 0.031 0.031 0.037 0.019 0.047 0.111 0.006 0.019 0.14
244 L 0.056 0.027 0.024 0.022 0.015 0.02 0.027 0.028 0.019 0.093 0.161 0.032 0.029 0.06 0.018 0.045 0.092 0.011 0.097 0.123
245 G 0.057 0.047 0.044 0.052 0.009 0.087 0.122 0.158 0.108 0.022 0.037 0.061 0.014 0.019 0.022 0.05 0.033 0.006 0.026 0.028
246 Y 0.041 0.031 0.096 0.033 0.011 0.023 0.031 0.034 0.033 0.055 0.138 0.035 0.024 0.082 0.016 0.039 0.034 0.017 0.173 0.053
247 V 0.089 0.031 0.035 0.033 0.018 0.024 0.037 0.045 0.013 0.096 0.085 0.04 0.023 0.028 0.023 0.132 0.065 0.005 0.019 0.16
248 F 0.033 0.019 0.017 0.017 0.01 0.01 0.019 0.025 0.017 0.062 0.113 0.019 0.025 0.396 0.01 0.025 0.025 0.017 0.087 0.054
249 L 0.051 0.022 0.017 0.02 0.014 0.016 0.024 0.027 0.012 0.091 0.165 0.028 0.029 0.124 0.135 0.031 0.036 0.008 0.036 0.115
250 I 0.049 0.019 0.015 0.017 0.015 0.013 0.019 0.022 0.011 0.197 0.143 0.023 0.032 0.13 0.014 0.027 0.038 0.008 0.037 0.171
251 C 0.067 0.023 0.026 0.024 0.253 0.017 0.026 0.039 0.013 0.045 0.07 0.028 0.018 0.114 0.018 0.084 0.044 0.007 0.032 0.052
252 A 0.182 0.029 0.027 0.028 0.017 0.024 0.033 0.175 0.015 0.051 0.085 0.039 0.054 0.027 0.023 0.063 0.042 0.006 0.017 0.063
253 V 0.054 0.02 0.016 0.017 0.016 0.014 0.021 0.023 0.01 0.167 0.134 0.023 0.031 0.127 0.014 0.029 0.04 0.008 0.037 0.197
254 I 0.052 0.018 0.015 0.017 0.017 0.014 0.019 0.021 0.009 0.252 0.156 0.024 0.035 0.041 0.015 0.027 0.042 0.006 0.02 0.2
255 S 0.156 0.037 0.046 0.043 0.018 0.031 0.049 0.068 0.018 0.033 0.046 0.051 0.016 0.021 0.029 0.195 0.073 0.005 0.017 0.048
256 I 0.046 0.019 0.014 0.017 0.016 0.014 0.018 0.02 0.009 0.24 0.22 0.024 0.039 0.046 0.014 0.024 0.038 0.006 0.021 0.154
257 G 0.053 0.027 0.027 0.039 0.011 0.026 0.092 0.149 0.016 0.096 0.086 0.037 0.021 0.118 0.017 0.039 0.032 0.008 0.034 0.071
258 L 0.108 0.026 0.017 0.019 0.017 0.018 0.025 0.035 0.011 0.096 0.303 0.03 0.041 0.046 0.018 0.039 0.037 0.007 0.021 0.088
259 I 0.068 0.027 0.031 0.03 0.017 0.022 0.031 0.037 0.012 0.161 0.109 0.036 0.027 0.033 0.021 0.093 0.104 0.006 0.019 0.115
260 L 0.109 0.022 0.017 0.02 0.017 0.017 0.024 0.035 0.01 0.18 0.194 0.029 0.035 0.041 0.018 0.039 0.04 0.006 0.02 0.128
261 L 0.12 0.026 0.025 0.024 0.137 0.02 0.029 0.043 0.012 0.063 0.143 0.033 0.025 0.03 0.022 0.06 0.094 0.006 0.017 0.072
262 Y 0.038 0.025 0.02 0.018 0.009 0.019 0.025 0.025 0.039 0.048 0.079 0.028 0.02 0.196 0.014 0.029 0.027 0.025 0.268 0.048
263 N 0.051 0.116 0.183 0.057 0.009 0.033 0.044 0.17 0.025 0.021 0.034 0.064 0.012 0.017 0.019 0.058 0.04 0.005 0.015 0.027
264 G 0.068 0.027 0.032 0.032 0.011 0.022 0.034 0.162 0.015 0.026 0.039 0.037 0.012 0.027 0.139 0.087 0.042 0.128 0.027 0.031
265 G 0.07 0.039 0.115 0.063 0.011 0.037 0.108 0.17 0.022 0.023 0.034 0.053 0.012 0.018 0.023 0.101 0.049 0.005 0.015 0.031
266 N 0.059 0.043 0.259 0.073 0.011 0.033 0.049 0.065 0.028 0.024 0.034 0.053 0.012 0.018 0.022 0.109 0.057 0.005 0.016 0.03
267 W 0.053 0.031 0.1 0.038 0.013 0.023 0.033 0.04 0.017 0.067 0.069 0.036 0.019 0.034 0.018 0.054 0.094 0.129 0.03 0.102
268 I 0.046 0.019 0.014 0.017 0.016 0.014 0.018 0.02 0.009 0.24 0.22 0.024 0.039 0.046 0.014 0.024 0.038 0.006 0.021 0.154
269 L 0.047 0.023 0.017 0.017 0.014 0.016 0.022 0.024 0.02 0.095 0.173 0.025 0.031 0.153 0.014 0.028 0.034 0.014 0.114 0.119
270 N 0.048 0.036 0.174 0.054 0.011 0.029 0.04 0.048 0.023 0.042 0.073 0.046 0.051 0.024 0.139 0.054 0.043 0.005 0.017 0.044
271 R 0.065 0.133 0.038 0.035 0.012 0.04 0.05 0.042 0.02 0.045 0.081 0.124 0.055 0.025 0.023 0.091 0.048 0.006 0.019 0.049
272 L 0.044 0.022 0.014 0.016 0.016 0.015 0.019 0.021 0.01 0.156 0.33 0.025 0.046 0.051 0.014 0.024 0.034 0.007 0.022 0.115
273 N 0.042 0.041 0.262 0.163 0.008 0.032 0.059 0.06 0.028 0.022 0.03 0.051 0.011 0.017 0.02 0.064 0.045 0.004 0.014 0.026
274 N 0.062 0.058 0.187 0.063 0.011 0.038 0.055 0.059 0.025 0.025 0.036 0.112 0.013 0.018 0.024 0.105 0.054 0.005 0.016 0.032
275 L 0.109 0.022 0.017 0.02 0.017 0.017 0.024 0.035 0.01 0.18 0.194 0.029 0.035 0.041 0.018 0.039 0.04 0.006 0.02 0.128
276 L 0.046 0.026 0.015 0.016 0.016 0.019 0.022 0.023 0.011 0.11 0.337 0.028 0.08 0.052 0.014 0.027 0.035 0.007 0.022 0.094
277 T 0.081 0.036 0.045 0.04 0.017 0.029 0.042 0.048 0.015 0.047 0.058 0.047 0.018 0.023 0.028 0.126 0.213 0.006 0.017 0.063
278 G 0.059 0.03 0.118 0.139 0.009 0.025 0.047 0.286 0.019 0.02 0.029 0.041 0.01 0.016 0.02 0.055 0.036 0.005 0.012 0.025
279 R 0.044 0.355 0.038 0.031 0.008 0.048 0.052 0.032 0.023 0.023 0.046 0.118 0.015 0.017 0.019 0.044 0.034 0.006 0.017 0.031
280 L 0.044 0.024 0.014 0.015 0.016 0.016 0.02 0.021 0.01 0.114 0.385 0.025 0.049 0.054 0.014 0.024 0.033 0.007 0.022 0.095
281 G 0.134 0.031 0.034 0.033 0.016 0.026 0.036 0.172 0.016 0.047 0.08 0.041 0.054 0.026 0.023 0.1 0.05 0.006 0.017 0.056
282 L 0.043 0.025 0.016 0.016 0.014 0.017 0.022 0.022 0.019 0.096 0.305 0.026 0.041 0.073 0.014 0.026 0.032 0.012 0.098 0.083
283 G 0.077 0.023 0.039 0.033 0.011 0.019 0.025 0.517 0.013 0.019 0.028 0.033 0.009 0.016 0.019 0.051 0.029 0.005 0.011 0.024
284 H 0.048 0.067 0.047 0.041 0.008 0.089 0.069 0.04 0.195 0.025 0.041 0.117 0.016 0.022 0.022 0.048 0.033 0.006 0.038 0.028
285 G 0.074 0.052 0.045 0.044 0.011 0.126 0.07 0.166 0.023 0.025 0.04 0.067 0.016 0.016 0.024 0.098 0.048 0.006 0.017 0.034
286 A 0.301 0.031 0.025 0.029 0.021 0.025 0.04 0.077 0.015 0.043 0.059 0.044 0.017 0.021 0.029 0.084 0.049 0.005 0.017 0.068
287 Y 0.046 0.024 0.019 0.018 0.012 0.017 0.024 0.025 0.029 0.078 0.094 0.026 0.023 0.172 0.014 0.03 0.032 0.019 0.191 0.106
288 D 0.049 0.052 0.041 0.138 0.01 0.04 0.122 0.036 0.019 0.046 0.123 0.108 0.022 0.025 0.022 0.046 0.036 0.005 0.017 0.045
289 Q 0.059 0.063 0.043 0.044 0.011 0.177 0.086 0.041 0.025 0.033 0.051 0.079 0.02 0.017 0.024 0.064 0.095 0.006 0.02 0.044
290 F 0.037 0.023 0.019 0.018 0.01 0.016 0.023 0.025 0.031 0.053 0.09 0.025 0.022 0.262 0.013 0.028 0.026 0.022 0.208 0.05
291 G 0.085 0.027 0.042 0.037 0.012 0.022 0.032 0.404 0.015 0.021 0.031 0.038 0.011 0.017 0.021 0.096 0.042 0.005 0.012 0.028
292 I 0.046 0.019 0.014 0.017 0.016 0.014 0.018 0.02 0.009 0.24 0.22 0.024 0.039 0.046 0.014 0.024 0.038 0.006 0.021 0.154
293 S 0.095 0.036 0.046 0.044 0.015 0.03 0.048 0.058 0.017 0.028 0.04 0.05 0.014 0.019 0.147 0.184 0.07 0.004 0.016 0.039
294 L 0.044 0.022 0.014 0.016 0.016 0.015 0.019 0.021 0.01 0.156 0.33 0.025 0.046 0.051 0.014 0.024 0.034 0.007 0.022 0.115
295 L 0.041 0.023 0.015 0.015 0.015 0.015 0.02 0.022 0.012 0.101 0.317 0.023 0.043 0.139 0.013 0.024 0.031 0.009 0.038 0.085
296 G 0.077 0.023 0.039 0.033 0.011 0.019 0.025 0.517 0.013 0.019 0.028 0.033 0.009 0.016 0.019 0.051 0.029 0.005 0.011 0.024
297 D 0.052 0.07 0.049 0.135 0.008 0.134 0.091 0.042 0.024 0.025 0.041 0.128 0.016 0.015 0.024 0.054 0.039 0.005 0.017 0.031
298 A 0.113 0.053 0.103 0.043 0.014 0.035 0.047 0.053 0.02 0.048 0.082 0.105 0.054 0.025 0.023 0.06 0.044 0.006 0.018 0.054
299 L 0.051 0.02 0.015 0.017 0.017 0.015 0.019 0.021 0.009 0.21 0.211 0.024 0.038 0.044 0.015 0.026 0.04 0.006 0.021 0.181
300 P 0.058 0.046 0.03 0.031 0.013 0.028 0.04 0.035 0.014 0.097 0.077 0.099 0.02 0.024 0.142 0.053 0.093 0.005 0.017 0.077
301 W 0.03 0.022 0.015 0.015 0.007 0.015 0.022 0.03 0.015 0.03 0.052 0.022 0.015 0.06 0.007 0.022 0.022 0.5 0.067 0.03
302 I 0.044 0.027 0.094 0.034 0.012 0.02 0.028 0.032 0.024 0.157 0.107 0.033 0.025 0.058 0.016 0.037 0.039 0.011 0.096 0.105
303 T 0.081 0.036 0.045 0.04 0.017 0.029 0.042 0.048 0.015 0.047 0.058 0.047 0.018 0.023 0.028 0.126 0.213 0.006 0.017 0.063
304 G 0.066 0.042 0.04 0.05 0.009 0.082 0.115 0.277 0.02 0.021 0.035 0.058 0.013 0.016 0.021 0.053 0.034 0.005 0.014 0.028
305 F 0.047 0.109 0.03 0.026 0.011 0.027 0.034 0.031 0.025 0.045 0.072 0.053 0.02 0.141 0.018 0.048 0.086 0.014 0.113 0.05
306 D 0.048 0.031 0.12 0.228 0.011 0.027 0.063 0.045 0.019 0.057 0.054 0.042 0.015 0.021 0.02 0.051 0.042 0.004 0.014 0.089
307 G 0.069 0.106 0.038 0.033 0.01 0.026 0.032 0.396 0.016 0.02 0.032 0.055 0.011 0.016 0.019 0.049 0.031 0.005 0.012 0.026
308 P 0.054 0.043 0.025 0.03 0.011 0.027 0.04 0.034 0.014 0.09 0.07 0.098 0.018 0.021 0.261 0.041 0.037 0.004 0.016 0.067
309 E 0.055 0.05 0.04 0.09 0.007 0.064 0.296 0.035 0.026 0.022 0.037 0.076 0.013 0.017 0.026 0.055 0.037 0.006 0.017 0.031
310 L 0.052 0.032 0.02 0.02 0.016 0.028 0.028 0.028 0.016 0.1 0.197 0.036 0.161 0.048 0.016 0.036 0.04 0.008 0.024 0.092
311 G 0.078 0.023 0.039 0.034 0.011 0.019 0.026 0.51 0.014 0.019 0.028 0.034 0.009 0.016 0.019 0.051 0.03 0.005 0.011 0.024
312 F 0.071 0.029 0.035 0.033 0.014 0.022 0.036 0.046 0.018 0.046 0.078 0.036 0.02 0.205 0.02 0.125 0.053 0.011 0.053 0.048
313 N 0.045 0.031 0.167 0.05 0.013 0.023 0.033 0.043 0.02 0.149 0.099 0.039 0.024 0.031 0.017 0.047 0.044 0.005 0.018 0.101
314 D 0.061 0.043 0.058 0.227 0.01 0.079 0.083 0.049 0.021 0.025 0.036 0.058 0.014 0.016 0.024 0.097 0.048 0.005 0.015 0.031
315 P 0.058 0.026 0.026 0.029 0.013 0.02 0.032 0.034 0.012 0.096 0.075 0.037 0.019 0.023 0.261 0.051 0.092 0.004 0.016 0.076
316 Y 0.038 0.025 0.02 0.018 0.009 0.019 0.025 0.025 0.039 0.048 0.079 0.028 0.02 0.196 0.014 0.029 0.027 0.025 0.268 0.048
317 L 0.049 0.035 0.097 0.035 0.014 0.029 0.033 0.037 0.02 0.08 0.153 0.04 0.133 0.04 0.017 0.044 0.042 0.007 0.022 0.075
318 Y 0.037 0.026 0.02 0.018 0.009 0.02 0.026 0.026 0.038 0.04 0.064 0.029 0.018 0.112 0.013 0.029 0.026 0.146 0.263 0.042
319 V 0.069 0.022 0.016 0.018 0.019 0.016 0.023 0.024 0.008 0.162 0.128 0.026 0.031 0.035 0.016 0.032 0.049 0.005 0.02 0.28
320 D 0.04 0.029 0.068 0.406 0.007 0.029 0.09 0.046 0.018 0.022 0.028 0.044 0.009 0.015 0.022 0.051 0.035 0.004 0.011 0.024
