#Seq2Logo.py -f /work3/idamei/ssn-clusterings/clustering/2205111253/clusters/0051_82/sequences.afa -o /work3/idamei/ssn-clusterings/clustering/2205111253/clusters/0051_82/sequences.logo
#Position Specific Frequency Matrix
A R N D C Q E G H I L K M F P S T W Y V
0 L 0.052 0.032 0.02 0.02 0.016 0.028 0.028 0.028 0.016 0.1 0.196 0.036 0.165 0.048 0.016 0.036 0.04 0.008 0.024 0.092
1 D 0.042 0.169 0.054 0.19 0.008 0.039 0.069 0.039 0.069 0.023 0.037 0.077 0.013 0.018 0.021 0.047 0.034 0.005 0.02 0.027
2 N 0.052 0.043 0.157 0.076 0.01 0.044 0.153 0.046 0.026 0.042 0.048 0.059 0.015 0.02 0.022 0.058 0.044 0.005 0.017 0.064
3 P 0.05 0.027 0.043 0.189 0.009 0.025 0.06 0.04 0.015 0.024 0.033 0.043 0.01 0.014 0.293 0.047 0.036 0.003 0.012 0.028
4 R 0.044 0.303 0.043 0.084 0.008 0.046 0.058 0.035 0.023 0.023 0.044 0.109 0.015 0.017 0.02 0.045 0.035 0.005 0.016 0.03
5 R 0.045 0.345 0.039 0.031 0.008 0.048 0.052 0.033 0.023 0.023 0.047 0.12 0.016 0.017 0.019 0.045 0.035 0.006 0.017 0.031
6 Y 0.04 0.028 0.022 0.019 0.009 0.022 0.028 0.025 0.047 0.044 0.068 0.031 0.019 0.131 0.016 0.031 0.028 0.028 0.318 0.047
7 G 0.078 0.023 0.039 0.034 0.011 0.019 0.026 0.51 0.014 0.019 0.028 0.034 0.009 0.016 0.019 0.051 0.03 0.005 0.011 0.024
8 P 0.057 0.026 0.023 0.031 0.01 0.021 0.036 0.036 0.013 0.026 0.036 0.041 0.01 0.013 0.494 0.044 0.036 0.003 0.013 0.031
9 L 0.045 0.024 0.014 0.015 0.016 0.016 0.02 0.021 0.01 0.115 0.375 0.025 0.05 0.055 0.014 0.024 0.033 0.007 0.022 0.096
10 P 0.057 0.026 0.023 0.031 0.01 0.021 0.036 0.036 0.013 0.026 0.036 0.041 0.01 0.013 0.494 0.044 0.036 0.003 0.013 0.031
11 S 0.11 0.04 0.054 0.049 0.018 0.033 0.052 0.066 0.019 0.03 0.042 0.054 0.016 0.021 0.03 0.22 0.082 0.005 0.018 0.042
12 E 0.055 0.05 0.04 0.09 0.007 0.064 0.296 0.035 0.026 0.022 0.037 0.076 0.013 0.017 0.026 0.055 0.037 0.006 0.017 0.031
13 G 0.078 0.023 0.039 0.034 0.011 0.019 0.026 0.51 0.014 0.019 0.028 0.034 0.009 0.016 0.019 0.051 0.03 0.005 0.011 0.024
14 R 0.045 0.345 0.039 0.031 0.008 0.048 0.052 0.033 0.023 0.023 0.047 0.12 0.016 0.017 0.019 0.045 0.035 0.006 0.017 0.031
15 A 0.258 0.03 0.024 0.027 0.021 0.024 0.037 0.07 0.014 0.053 0.105 0.042 0.022 0.026 0.027 0.076 0.047 0.006 0.018 0.072
16 A 0.261 0.029 0.024 0.028 0.088 0.024 0.037 0.071 0.014 0.043 0.06 0.041 0.017 0.021 0.028 0.078 0.048 0.005 0.017 0.067
17 T 0.091 0.038 0.049 0.043 0.018 0.03 0.046 0.055 0.016 0.041 0.053 0.05 0.018 0.022 0.029 0.157 0.165 0.006 0.018 0.056
18 R 0.043 0.211 0.031 0.026 0.008 0.037 0.042 0.029 0.033 0.032 0.056 0.082 0.017 0.066 0.018 0.039 0.032 0.015 0.148 0.038
19 R 0.045 0.345 0.039 0.031 0.008 0.048 0.052 0.033 0.023 0.023 0.047 0.12 0.016 0.017 0.019 0.045 0.035 0.006 0.017 0.031
20 G 0.078 0.023 0.039 0.034 0.011 0.019 0.026 0.51 0.014 0.019 0.028 0.034 0.009 0.016 0.019 0.051 0.03 0.005 0.011 0.024
21 L 0.045 0.024 0.014 0.015 0.016 0.016 0.02 0.021 0.01 0.115 0.375 0.025 0.05 0.055 0.014 0.024 0.033 0.007 0.022 0.096
22 T 0.073 0.036 0.043 0.038 0.018 0.028 0.039 0.043 0.014 0.053 0.065 0.045 0.02 0.024 0.028 0.093 0.246 0.006 0.018 0.071
23 C 0.065 0.016 0.016 0.016 0.484 0.012 0.016 0.032 0.008 0.045 0.065 0.02 0.016 0.02 0.016 0.041 0.037 0.004 0.012 0.057
24 G 0.078 0.023 0.039 0.034 0.011 0.019 0.026 0.51 0.014 0.019 0.028 0.034 0.009 0.016 0.019 0.051 0.03 0.005 0.011 0.024
25 E 0.055 0.05 0.04 0.09 0.007 0.064 0.296 0.035 0.026 0.022 0.037 0.076 0.013 0.017 0.026 0.055 0.037 0.006 0.017 0.031
26 R 0.077 0.17 0.045 0.039 0.012 0.037 0.048 0.116 0.02 0.025 0.042 0.079 0.015 0.019 0.024 0.122 0.054 0.005 0.016 0.035
27 R 0.044 0.348 0.039 0.031 0.008 0.048 0.052 0.033 0.023 0.023 0.046 0.12 0.015 0.017 0.019 0.044 0.035 0.006 0.017 0.031
28 L 0.043 0.033 0.031 0.025 0.012 0.026 0.034 0.028 0.159 0.075 0.233 0.034 0.035 0.044 0.016 0.032 0.03 0.007 0.037 0.064
29 A 0.288 0.031 0.026 0.03 0.022 0.026 0.041 0.078 0.015 0.043 0.06 0.045 0.018 0.022 0.03 0.085 0.05 0.005 0.018 0.069
30 M 0.044 0.027 0.017 0.017 0.014 0.024 0.024 0.024 0.014 0.086 0.176 0.03 0.278 0.041 0.014 0.03 0.034 0.007 0.02 0.079
31 L 0.037 0.019 0.015 0.015 0.011 0.013 0.019 0.022 0.011 0.119 0.178 0.021 0.026 0.126 0.011 0.025 0.049 0.14 0.044 0.098
32 P 0.05 0.027 0.021 0.025 0.01 0.018 0.03 0.034 0.011 0.039 0.057 0.035 0.02 0.016 0.425 0.04 0.063 0.003 0.013 0.064
33 Y 0.035 0.024 0.019 0.016 0.008 0.018 0.024 0.021 0.04 0.038 0.059 0.027 0.016 0.117 0.013 0.027 0.024 0.024 0.412 0.04
34 W 0.026 0.019 0.013 0.013 0.007 0.013 0.019 0.026 0.013 0.029 0.064 0.019 0.014 0.052 0.007 0.019 0.02 0.541 0.057 0.028
35 L 0.04 0.019 0.014 0.014 0.029 0.013 0.017 0.02 0.009 0.147 0.311 0.021 0.045 0.092 0.012 0.024 0.039 0.007 0.025 0.101
36 L 0.049 0.022 0.014 0.015 0.013 0.016 0.02 0.022 0.012 0.093 0.294 0.024 0.107 0.108 0.013 0.025 0.03 0.008 0.039 0.076
37 F 0.03 0.017 0.015 0.014 0.009 0.01 0.017 0.022 0.016 0.055 0.118 0.017 0.022 0.411 0.009 0.022 0.022 0.03 0.094 0.048
38 L 0.08 0.023 0.02 0.02 0.014 0.018 0.024 0.077 0.011 0.095 0.251 0.028 0.059 0.048 0.016 0.071 0.036 0.006 0.019 0.085
39 L 0.063 0.019 0.014 0.015 0.03 0.013 0.018 0.022 0.009 0.151 0.228 0.021 0.031 0.111 0.013 0.026 0.032 0.007 0.027 0.15
40 P 0.07 0.022 0.02 0.024 0.042 0.017 0.028 0.032 0.012 0.03 0.045 0.032 0.012 0.082 0.373 0.047 0.041 0.005 0.033 0.034
41 A 0.316 0.025 0.022 0.024 0.023 0.021 0.032 0.058 0.012 0.058 0.061 0.035 0.017 0.033 0.023 0.079 0.043 0.005 0.017 0.095
42 L 0.061 0.019 0.016 0.016 0.016 0.014 0.019 0.061 0.011 0.124 0.195 0.022 0.042 0.128 0.012 0.03 0.03 0.056 0.033 0.097
43 G 0.194 0.023 0.024 0.024 0.014 0.018 0.027 0.211 0.012 0.05 0.077 0.031 0.02 0.04 0.035 0.052 0.044 0.005 0.016 0.081
44 A 0.24 0.025 0.023 0.024 0.048 0.02 0.031 0.051 0.011 0.064 0.082 0.034 0.023 0.022 0.022 0.089 0.058 0.005 0.015 0.112
45 L 0.05 0.019 0.013 0.014 0.014 0.013 0.018 0.02 0.009 0.143 0.309 0.021 0.039 0.1 0.012 0.023 0.03 0.007 0.026 0.118
46 A 0.098 0.028 0.049 0.029 0.013 0.04 0.043 0.092 0.027 0.063 0.088 0.035 0.026 0.088 0.018 0.07 0.08 0.006 0.025 0.083
47 G 0.095 0.035 0.077 0.064 0.011 0.031 0.068 0.157 0.024 0.027 0.04 0.041 0.023 0.022 0.078 0.083 0.049 0.005 0.037 0.034
48 R 0.079 0.182 0.033 0.032 0.01 0.055 0.062 0.115 0.017 0.025 0.05 0.074 0.014 0.018 0.039 0.079 0.045 0.021 0.019 0.032
49 R 0.066 0.177 0.035 0.04 0.009 0.035 0.041 0.088 0.019 0.031 0.066 0.069 0.017 0.021 0.081 0.051 0.041 0.053 0.018 0.043
50 L 0.056 0.126 0.038 0.039 0.011 0.034 0.039 0.077 0.027 0.051 0.148 0.052 0.026 0.027 0.056 0.046 0.046 0.005 0.028 0.068
51 A 0.112 0.098 0.034 0.056 0.011 0.026 0.053 0.087 0.015 0.045 0.058 0.058 0.017 0.021 0.099 0.075 0.055 0.005 0.025 0.051
52 R 0.115 0.128 0.033 0.047 0.01 0.04 0.057 0.088 0.016 0.027 0.051 0.065 0.013 0.019 0.127 0.063 0.035 0.005 0.025 0.035
53 A 0.115 0.064 0.058 0.034 0.013 0.026 0.049 0.088 0.015 0.064 0.092 0.057 0.018 0.022 0.077 0.074 0.041 0.005 0.016 0.072
54 S 0.09 0.096 0.042 0.038 0.013 0.051 0.051 0.048 0.08 0.028 0.043 0.061 0.015 0.02 0.065 0.122 0.07 0.005 0.023 0.038
55 V 0.096 0.085 0.028 0.028 0.014 0.043 0.038 0.091 0.014 0.082 0.073 0.051 0.02 0.023 0.06 0.057 0.061 0.005 0.017 0.115
56 A 0.287 0.031 0.026 0.03 0.022 0.026 0.041 0.079 0.015 0.043 0.06 0.045 0.018 0.022 0.03 0.085 0.05 0.005 0.018 0.069
57 L 0.045 0.024 0.014 0.015 0.016 0.016 0.02 0.021 0.01 0.116 0.373 0.025 0.05 0.055 0.014 0.024 0.034 0.007 0.022 0.097
58 A 0.287 0.031 0.026 0.03 0.022 0.026 0.041 0.079 0.015 0.043 0.06 0.045 0.018 0.022 0.03 0.085 0.05 0.005 0.018 0.069
59 S 0.11 0.04 0.054 0.049 0.018 0.033 0.053 0.067 0.019 0.03 0.042 0.054 0.016 0.021 0.03 0.217 0.082 0.005 0.018 0.042
60 P 0.057 0.026 0.023 0.031 0.01 0.021 0.036 0.036 0.013 0.026 0.036 0.041 0.01 0.013 0.492 0.044 0.036 0.003 0.013 0.031
61 A 0.287 0.031 0.026 0.03 0.022 0.026 0.041 0.079 0.015 0.043 0.06 0.045 0.018 0.022 0.03 0.085 0.05 0.005 0.018 0.069
62 P 0.057 0.026 0.023 0.031 0.01 0.021 0.036 0.036 0.013 0.026 0.036 0.041 0.01 0.013 0.492 0.044 0.036 0.003 0.013 0.031
63 S 0.11 0.04 0.054 0.049 0.018 0.033 0.053 0.067 0.019 0.03 0.042 0.054 0.016 0.021 0.03 0.217 0.082 0.005 0.018 0.042
64 D 0.095 0.028 0.055 0.129 0.013 0.023 0.045 0.043 0.014 0.065 0.098 0.038 0.019 0.024 0.082 0.066 0.071 0.005 0.015 0.071
65 G 0.1 0.026 0.052 0.034 0.012 0.021 0.03 0.303 0.014 0.027 0.042 0.037 0.023 0.017 0.112 0.064 0.036 0.005 0.013 0.034
66 R 0.07 0.154 0.045 0.042 0.011 0.101 0.069 0.046 0.024 0.026 0.045 0.088 0.017 0.018 0.024 0.108 0.052 0.006 0.018 0.036
67 P 0.057 0.026 0.023 0.031 0.01 0.021 0.036 0.036 0.013 0.026 0.036 0.041 0.01 0.013 0.495 0.044 0.036 0.003 0.013 0.031
68 G 0.185 0.027 0.032 0.032 0.016 0.022 0.033 0.295 0.014 0.031 0.044 0.039 0.013 0.019 0.024 0.068 0.04 0.005 0.014 0.046
69 A 0.288 0.031 0.026 0.03 0.022 0.026 0.041 0.078 0.015 0.043 0.06 0.045 0.018 0.022 0.03 0.085 0.05 0.005 0.018 0.069
70 A 0.215 0.037 0.03 0.049 0.017 0.038 0.127 0.063 0.018 0.036 0.051 0.054 0.016 0.02 0.028 0.075 0.045 0.005 0.017 0.056
71 P 0.056 0.026 0.023 0.031 0.01 0.021 0.036 0.036 0.013 0.026 0.036 0.041 0.01 0.013 0.497 0.044 0.036 0.003 0.013 0.031
72 D 0.065 0.031 0.045 0.155 0.014 0.026 0.054 0.044 0.016 0.055 0.15 0.041 0.025 0.03 0.022 0.101 0.05 0.005 0.017 0.054
73 P 0.057 0.026 0.023 0.031 0.01 0.021 0.036 0.036 0.013 0.026 0.036 0.041 0.01 0.013 0.492 0.044 0.036 0.003 0.013 0.031
74 L 0.056 0.079 0.032 0.031 0.012 0.08 0.047 0.063 0.017 0.075 0.1 0.063 0.043 0.025 0.048 0.066 0.078 0.006 0.018 0.062
75 R 0.085 0.189 0.033 0.029 0.01 0.047 0.045 0.038 0.06 0.035 0.053 0.072 0.026 0.026 0.06 0.057 0.036 0.02 0.04 0.039
76 A 0.107 0.066 0.033 0.043 0.013 0.039 0.062 0.043 0.033 0.054 0.056 0.055 0.016 0.038 0.082 0.101 0.063 0.005 0.02 0.071
77 A 0.108 0.069 0.04 0.042 0.012 0.043 0.045 0.087 0.028 0.055 0.082 0.053 0.025 0.037 0.039 0.074 0.06 0.006 0.029 0.069
78 R 0.074 0.174 0.057 0.034 0.009 0.078 0.051 0.07 0.044 0.025 0.05 0.086 0.014 0.019 0.019 0.091 0.038 0.005 0.028 0.032
79 A 0.29 0.031 0.026 0.03 0.022 0.026 0.04 0.078 0.015 0.043 0.059 0.045 0.018 0.022 0.03 0.085 0.05 0.005 0.018 0.069
80 V 0.07 0.022 0.016 0.018 0.019 0.016 0.023 0.025 0.008 0.165 0.13 0.026 0.032 0.036 0.016 0.033 0.049 0.006 0.021 0.269
81 L 0.068 0.086 0.024 0.024 0.011 0.051 0.035 0.046 0.033 0.069 0.129 0.049 0.021 0.041 0.084 0.056 0.033 0.038 0.033 0.068
82 N 0.074 0.086 0.113 0.072 0.01 0.027 0.04 0.073 0.018 0.031 0.063 0.066 0.014 0.026 0.061 0.082 0.064 0.009 0.029 0.042
83 A 0.107 0.022 0.019 0.021 0.012 0.025 0.026 0.087 0.013 0.072 0.102 0.029 0.027 0.094 0.1 0.04 0.032 0.027 0.048 0.096
84 G 0.078 0.023 0.039 0.034 0.011 0.019 0.026 0.51 0.014 0.019 0.028 0.034 0.009 0.016 0.019 0.051 0.03 0.005 0.011 0.024
85 A 0.146 0.023 0.022 0.023 0.014 0.018 0.027 0.093 0.024 0.078 0.105 0.031 0.032 0.051 0.053 0.064 0.05 0.013 0.02 0.111
86 W 0.04 0.02 0.013 0.014 0.009 0.013 0.019 0.025 0.012 0.046 0.146 0.02 0.028 0.086 0.009 0.022 0.023 0.365 0.049 0.042
87 L 0.063 0.026 0.02 0.026 0.012 0.015 0.022 0.111 0.011 0.11 0.135 0.026 0.035 0.081 0.014 0.042 0.041 0.069 0.027 0.114
88 T 0.073 0.036 0.043 0.038 0.018 0.028 0.039 0.043 0.014 0.053 0.065 0.045 0.02 0.024 0.028 0.093 0.246 0.006 0.018 0.071
89 L 0.079 0.021 0.016 0.017 0.014 0.015 0.022 0.027 0.01 0.099 0.231 0.025 0.036 0.08 0.046 0.047 0.036 0.03 0.025 0.122
90 V 0.118 0.02 0.018 0.018 0.014 0.015 0.022 0.078 0.01 0.104 0.126 0.025 0.034 0.093 0.015 0.037 0.041 0.022 0.026 0.161
91 G 0.111 0.021 0.022 0.022 0.013 0.016 0.023 0.192 0.011 0.071 0.094 0.027 0.018 0.052 0.016 0.055 0.033 0.078 0.023 0.102
92 L 0.085 0.02 0.016 0.017 0.014 0.014 0.02 0.057 0.01 0.133 0.216 0.024 0.036 0.103 0.014 0.033 0.037 0.007 0.026 0.117
93 L 0.095 0.02 0.017 0.017 0.014 0.014 0.021 0.044 0.011 0.105 0.196 0.024 0.027 0.145 0.014 0.041 0.042 0.008 0.032 0.115
94 L 0.048 0.02 0.015 0.015 0.013 0.014 0.019 0.022 0.012 0.104 0.255 0.022 0.045 0.154 0.013 0.027 0.047 0.009 0.055 0.091
95 T 0.163 0.028 0.031 0.029 0.024 0.022 0.033 0.046 0.012 0.051 0.058 0.037 0.017 0.02 0.023 0.104 0.189 0.005 0.015 0.092
96 L 0.047 0.02 0.013 0.014 0.014 0.014 0.018 0.019 0.008 0.127 0.366 0.022 0.038 0.053 0.013 0.023 0.031 0.006 0.02 0.136
97 L 0.08 0.022 0.015 0.016 0.014 0.017 0.021 0.026 0.011 0.106 0.185 0.026 0.112 0.098 0.014 0.031 0.034 0.007 0.027 0.138
98 I 0.042 0.016 0.013 0.015 0.014 0.013 0.016 0.018 0.008 0.334 0.141 0.021 0.049 0.037 0.013 0.023 0.035 0.005 0.018 0.168
99 G 0.067 0.019 0.033 0.029 0.009 0.016 0.022 0.583 0.011 0.016 0.024 0.029 0.008 0.014 0.016 0.044 0.025 0.005 0.009 0.021
100 L 0.035 0.02 0.014 0.014 0.012 0.013 0.018 0.02 0.014 0.079 0.293 0.021 0.038 0.185 0.011 0.022 0.026 0.011 0.081 0.075
101 R 0.038 0.443 0.033 0.026 0.007 0.041 0.045 0.028 0.02 0.02 0.04 0.102 0.013 0.015 0.017 0.038 0.03 0.005 0.015 0.026
102 Y 0.034 0.025 0.023 0.02 0.008 0.019 0.031 0.024 0.112 0.05 0.067 0.026 0.018 0.189 0.013 0.027 0.024 0.017 0.225 0.05
103 E 0.045 0.113 0.046 0.057 0.007 0.156 0.2 0.033 0.023 0.021 0.036 0.088 0.014 0.014 0.02 0.046 0.033 0.005 0.015 0.028
104 V 0.059 0.019 0.014 0.015 0.016 0.014 0.02 0.021 0.007 0.147 0.112 0.022 0.027 0.031 0.014 0.028 0.042 0.005 0.018 0.371
105 G 0.067 0.019 0.033 0.029 0.009 0.016 0.022 0.583 0.011 0.016 0.024 0.029 0.008 0.014 0.016 0.044 0.025 0.005 0.009 0.021
106 G 0.125 0.021 0.032 0.028 0.011 0.017 0.025 0.479 0.012 0.02 0.029 0.031 0.009 0.015 0.018 0.057 0.029 0.005 0.01 0.028
107 D 0.035 0.025 0.059 0.487 0.006 0.025 0.078 0.04 0.016 0.019 0.024 0.038 0.008 0.013 0.019 0.044 0.03 0.003 0.01 0.021
108 W 0.026 0.019 0.013 0.013 0.007 0.013 0.019 0.026 0.014 0.026 0.045 0.02 0.013 0.053 0.007 0.02 0.019 0.553 0.068 0.026
109 G 0.051 0.025 0.043 0.07 0.009 0.019 0.044 0.162 0.028 0.044 0.076 0.039 0.016 0.138 0.031 0.053 0.038 0.024 0.053 0.038
110 N 0.133 0.033 0.205 0.049 0.012 0.026 0.039 0.055 0.019 0.029 0.039 0.043 0.013 0.017 0.037 0.107 0.082 0.004 0.014 0.043
111 Y 0.034 0.024 0.019 0.016 0.008 0.019 0.024 0.021 0.04 0.037 0.058 0.027 0.016 0.111 0.013 0.027 0.024 0.024 0.419 0.04
112 L 0.049 0.036 0.03 0.037 0.012 0.029 0.066 0.024 0.012 0.123 0.249 0.032 0.037 0.075 0.014 0.03 0.039 0.006 0.023 0.077
113 G 0.097 0.128 0.056 0.102 0.01 0.029 0.052 0.148 0.02 0.044 0.043 0.062 0.013 0.029 0.022 0.054 0.033 0.005 0.015 0.039
114 H 0.038 0.03 0.048 0.025 0.009 0.039 0.033 0.027 0.152 0.105 0.089 0.033 0.036 0.053 0.015 0.031 0.028 0.011 0.139 0.059
115 F 0.036 0.02 0.015 0.014 0.011 0.013 0.019 0.021 0.017 0.079 0.199 0.021 0.034 0.204 0.011 0.023 0.026 0.028 0.122 0.086
116 E 0.044 0.046 0.063 0.138 0.008 0.035 0.154 0.049 0.022 0.047 0.062 0.064 0.014 0.058 0.018 0.057 0.033 0.006 0.045 0.037
117 R 0.067 0.142 0.057 0.1 0.009 0.059 0.068 0.046 0.03 0.038 0.053 0.065 0.028 0.021 0.018 0.059 0.052 0.021 0.028 0.037
118 V 0.142 0.051 0.022 0.023 0.015 0.026 0.029 0.037 0.012 0.123 0.086 0.036 0.036 0.028 0.019 0.067 0.072 0.005 0.028 0.143
119 S 0.132 0.076 0.033 0.034 0.013 0.047 0.039 0.091 0.016 0.039 0.07 0.047 0.019 0.023 0.021 0.136 0.068 0.005 0.03 0.061
120 G 0.064 0.067 0.039 0.07 0.01 0.025 0.054 0.14 0.019 0.034 0.058 0.04 0.014 0.068 0.017 0.062 0.052 0.04 0.082 0.047
121 L 0.095 0.068 0.023 0.025 0.013 0.039 0.052 0.032 0.015 0.072 0.183 0.053 0.05 0.047 0.017 0.062 0.038 0.007 0.041 0.069
122 D 0.041 0.03 0.069 0.398 0.007 0.03 0.091 0.047 0.019 0.022 0.028 0.045 0.009 0.015 0.022 0.052 0.035 0.004 0.011 0.024
123 S 0.072 0.048 0.059 0.075 0.013 0.026 0.042 0.1 0.015 0.026 0.036 0.044 0.012 0.017 0.064 0.192 0.105 0.004 0.014 0.035
124 L 0.034 0.019 0.013 0.014 0.012 0.012 0.017 0.02 0.011 0.077 0.292 0.02 0.039 0.215 0.011 0.021 0.025 0.041 0.043 0.065
125 W 0.075 0.043 0.03 0.078 0.01 0.056 0.045 0.078 0.028 0.04 0.075 0.049 0.03 0.029 0.047 0.066 0.048 0.081 0.044 0.048
126 W 0.03 0.023 0.015 0.015 0.008 0.015 0.023 0.03 0.015 0.03 0.053 0.023 0.015 0.061 0.008 0.023 0.023 0.492 0.068 0.03
127 S 0.11 0.04 0.054 0.049 0.018 0.033 0.052 0.066 0.019 0.03 0.042 0.054 0.016 0.021 0.03 0.22 0.082 0.005 0.018 0.042
128 E 0.055 0.039 0.041 0.175 0.007 0.07 0.224 0.043 0.031 0.022 0.043 0.064 0.012 0.015 0.021 0.058 0.033 0.004 0.014 0.028
129 V 0.139 0.022 0.019 0.021 0.016 0.018 0.035 0.034 0.01 0.124 0.123 0.029 0.031 0.028 0.018 0.057 0.05 0.005 0.017 0.204
130 L 0.051 0.02 0.015 0.016 0.014 0.014 0.02 0.028 0.009 0.122 0.263 0.024 0.035 0.074 0.044 0.042 0.034 0.006 0.022 0.144
131 T 0.081 0.05 0.036 0.046 0.013 0.031 0.065 0.068 0.014 0.043 0.1 0.042 0.029 0.036 0.02 0.106 0.13 0.021 0.018 0.052
132 G 0.058 0.103 0.028 0.027 0.01 0.074 0.039 0.118 0.025 0.041 0.105 0.062 0.044 0.069 0.017 0.058 0.037 0.007 0.033 0.045
133 G 0.077 0.03 0.042 0.052 0.011 0.024 0.057 0.296 0.014 0.023 0.034 0.056 0.018 0.016 0.039 0.115 0.047 0.004 0.012 0.032
134 D 0.035 0.026 0.058 0.476 0.006 0.026 0.087 0.039 0.016 0.019 0.024 0.039 0.008 0.013 0.019 0.044 0.03 0.003 0.01 0.021
135 P 0.048 0.022 0.02 0.026 0.009 0.018 0.031 0.031 0.011 0.022 0.031 0.035 0.009 0.011 0.569 0.037 0.031 0.002 0.011 0.026
136 G 0.131 0.021 0.031 0.028 0.011 0.017 0.025 0.475 0.012 0.02 0.029 0.031 0.009 0.015 0.018 0.053 0.029 0.005 0.01 0.028
137 Y 0.034 0.024 0.019 0.016 0.008 0.018 0.024 0.021 0.047 0.037 0.059 0.026 0.016 0.123 0.013 0.027 0.024 0.023 0.399 0.04
138 Y 0.063 0.067 0.03 0.024 0.017 0.074 0.038 0.06 0.024 0.058 0.066 0.053 0.043 0.055 0.016 0.045 0.036 0.027 0.149 0.056
139 L 0.075 0.02 0.014 0.015 0.014 0.014 0.019 0.039 0.009 0.105 0.337 0.023 0.035 0.077 0.013 0.027 0.031 0.006 0.023 0.103
140 L 0.04 0.019 0.012 0.014 0.014 0.013 0.017 0.018 0.008 0.153 0.354 0.021 0.038 0.061 0.012 0.022 0.031 0.006 0.021 0.125
141 N 0.041 0.038 0.373 0.068 0.013 0.029 0.052 0.054 0.025 0.02 0.028 0.046 0.01 0.016 0.018 0.075 0.052 0.004 0.013 0.025
142 W 0.048 0.023 0.014 0.016 0.008 0.015 0.031 0.028 0.014 0.038 0.05 0.022 0.016 0.061 0.008 0.024 0.022 0.472 0.058 0.032
143 L 0.067 0.02 0.015 0.016 0.022 0.014 0.019 0.039 0.009 0.157 0.287 0.023 0.041 0.045 0.014 0.035 0.033 0.014 0.019 0.11
144 S 0.143 0.027 0.031 0.03 0.016 0.022 0.034 0.078 0.013 0.067 0.061 0.037 0.017 0.022 0.021 0.177 0.054 0.005 0.015 0.131
145 A 0.163 0.028 0.037 0.04 0.014 0.046 0.039 0.096 0.027 0.057 0.083 0.037 0.018 0.028 0.019 0.073 0.046 0.017 0.045 0.086
146 Q 0.054 0.115 0.043 0.039 0.008 0.143 0.094 0.067 0.036 0.025 0.051 0.105 0.015 0.028 0.02 0.068 0.035 0.005 0.018 0.031
147 L 0.085 0.022 0.027 0.018 0.013 0.016 0.022 0.028 0.011 0.075 0.299 0.025 0.039 0.074 0.014 0.035 0.048 0.053 0.026 0.071
148 G 0.06 0.023 0.037 0.104 0.009 0.019 0.042 0.464 0.013 0.017 0.025 0.041 0.008 0.014 0.017 0.044 0.026 0.004 0.01 0.021
149 G 0.067 0.02 0.021 0.02 0.01 0.015 0.021 0.208 0.013 0.056 0.109 0.025 0.021 0.082 0.013 0.033 0.035 0.129 0.047 0.053
150 G 0.055 0.029 0.059 0.16 0.009 0.026 0.077 0.234 0.028 0.02 0.029 0.047 0.01 0.018 0.019 0.077 0.042 0.013 0.024 0.025
151 I 0.043 0.02 0.014 0.017 0.014 0.022 0.02 0.02 0.009 0.304 0.133 0.033 0.046 0.035 0.021 0.024 0.035 0.005 0.018 0.167
152 W 0.033 0.034 0.018 0.016 0.008 0.017 0.023 0.024 0.042 0.039 0.09 0.026 0.017 0.105 0.011 0.027 0.041 0.201 0.187 0.039
153 G 0.065 0.022 0.024 0.023 0.01 0.017 0.033 0.217 0.024 0.051 0.124 0.027 0.026 0.091 0.014 0.05 0.031 0.078 0.029 0.044
154 V 0.064 0.019 0.014 0.016 0.016 0.014 0.02 0.022 0.007 0.137 0.109 0.023 0.027 0.03 0.014 0.029 0.046 0.005 0.017 0.369
155 N 0.036 0.038 0.419 0.071 0.008 0.029 0.042 0.055 0.027 0.019 0.027 0.046 0.01 0.015 0.017 0.059 0.042 0.004 0.013 0.023
156 L 0.044 0.022 0.017 0.017 0.014 0.015 0.021 0.023 0.01 0.098 0.323 0.025 0.034 0.076 0.014 0.04 0.085 0.006 0.023 0.093
157 V 0.075 0.018 0.014 0.016 0.03 0.014 0.019 0.029 0.008 0.183 0.125 0.023 0.034 0.052 0.014 0.029 0.038 0.005 0.02 0.252
158 C 0.069 0.017 0.019 0.018 0.427 0.013 0.018 0.088 0.009 0.035 0.05 0.022 0.013 0.019 0.015 0.064 0.034 0.004 0.019 0.045
159 G 0.198 0.022 0.029 0.027 0.013 0.018 0.027 0.376 0.012 0.024 0.035 0.032 0.011 0.016 0.02 0.055 0.032 0.005 0.011 0.036
160 L 0.18 0.024 0.019 0.021 0.016 0.018 0.026 0.055 0.011 0.088 0.185 0.03 0.042 0.041 0.019 0.05 0.063 0.005 0.018 0.09
161 I 0.043 0.018 0.013 0.015 0.029 0.013 0.017 0.019 0.008 0.245 0.244 0.021 0.034 0.039 0.013 0.031 0.034 0.005 0.018 0.141
162 F 0.036 0.018 0.015 0.015 0.011 0.011 0.018 0.037 0.013 0.07 0.149 0.019 0.029 0.331 0.011 0.025 0.035 0.011 0.056 0.092
163 S 0.118 0.029 0.03 0.029 0.015 0.024 0.034 0.043 0.014 0.061 0.086 0.038 0.098 0.026 0.021 0.151 0.092 0.005 0.017 0.068
164 W 0.094 0.02 0.016 0.017 0.012 0.014 0.021 0.03 0.012 0.114 0.112 0.024 0.022 0.081 0.013 0.034 0.039 0.174 0.046 0.106
165 G 0.067 0.019 0.033 0.029 0.009 0.016 0.022 0.583 0.011 0.016 0.024 0.029 0.008 0.014 0.016 0.044 0.025 0.005 0.009 0.021
166 L 0.045 0.02 0.014 0.014 0.014 0.014 0.018 0.02 0.009 0.119 0.363 0.022 0.037 0.048 0.013 0.025 0.047 0.006 0.019 0.131
167 V 0.108 0.021 0.017 0.018 0.015 0.016 0.022 0.03 0.009 0.152 0.143 0.026 0.033 0.056 0.016 0.044 0.056 0.005 0.02 0.192
168 R 0.137 0.138 0.025 0.026 0.028 0.039 0.05 0.038 0.014 0.069 0.07 0.054 0.028 0.021 0.019 0.062 0.047 0.005 0.016 0.113
169 F 0.029 0.016 0.014 0.014 0.009 0.009 0.016 0.021 0.014 0.064 0.109 0.016 0.022 0.454 0.009 0.022 0.022 0.014 0.072 0.051
170 C 0.189 0.022 0.021 0.022 0.264 0.017 0.026 0.046 0.01 0.039 0.052 0.029 0.015 0.018 0.02 0.092 0.041 0.004 0.013 0.06
171 R 0.051 0.325 0.043 0.029 0.008 0.058 0.047 0.032 0.019 0.023 0.049 0.123 0.014 0.028 0.018 0.048 0.032 0.005 0.017 0.029
172 R 0.122 0.129 0.057 0.034 0.012 0.039 0.043 0.045 0.045 0.029 0.042 0.075 0.014 0.018 0.022 0.117 0.096 0.005 0.017 0.04
173 Q 0.044 0.048 0.029 0.032 0.01 0.215 0.072 0.029 0.019 0.048 0.184 0.058 0.028 0.024 0.017 0.038 0.033 0.005 0.018 0.048
174 P 0.048 0.022 0.02 0.026 0.009 0.018 0.031 0.031 0.012 0.022 0.032 0.035 0.009 0.014 0.554 0.037 0.031 0.003 0.022 0.027
175 R 0.049 0.227 0.074 0.031 0.009 0.051 0.05 0.031 0.022 0.041 0.131 0.078 0.019 0.025 0.016 0.038 0.031 0.009 0.027 0.04
176 P 0.05 0.022 0.021 0.027 0.009 0.018 0.031 0.032 0.011 0.022 0.031 0.035 0.009 0.011 0.554 0.046 0.032 0.002 0.011 0.027
177 W 0.027 0.019 0.013 0.013 0.007 0.013 0.019 0.026 0.013 0.029 0.06 0.019 0.014 0.075 0.007 0.022 0.02 0.516 0.058 0.029
178 L 0.038 0.021 0.012 0.013 0.014 0.014 0.017 0.018 0.009 0.099 0.465 0.022 0.042 0.046 0.012 0.021 0.029 0.006 0.019 0.085
179 A 0.307 0.026 0.025 0.026 0.017 0.021 0.033 0.089 0.012 0.05 0.054 0.037 0.016 0.019 0.024 0.093 0.056 0.005 0.015 0.075
180 L 0.051 0.021 0.014 0.015 0.014 0.015 0.019 0.022 0.01 0.11 0.327 0.023 0.053 0.08 0.013 0.033 0.031 0.007 0.034 0.107
181 L 0.147 0.023 0.018 0.019 0.016 0.017 0.025 0.035 0.01 0.086 0.204 0.028 0.03 0.031 0.018 0.051 0.065 0.005 0.017 0.154
182 V 0.08 0.018 0.014 0.016 0.031 0.014 0.02 0.024 0.007 0.17 0.11 0.023 0.026 0.03 0.015 0.03 0.04 0.005 0.017 0.309
183 A 0.385 0.027 0.023 0.026 0.018 0.022 0.035 0.066 0.013 0.036 0.05 0.038 0.015 0.018 0.025 0.082 0.043 0.005 0.015 0.058
184 V 0.054 0.019 0.014 0.016 0.016 0.014 0.019 0.021 0.008 0.193 0.121 0.023 0.043 0.033 0.014 0.028 0.048 0.005 0.018 0.295
185 P 0.048 0.022 0.02 0.026 0.009 0.018 0.031 0.031 0.011 0.022 0.031 0.035 0.009 0.011 0.569 0.037 0.031 0.002 0.011 0.026
186 Y 0.034 0.024 0.019 0.016 0.008 0.019 0.024 0.021 0.04 0.037 0.058 0.027 0.016 0.111 0.013 0.027 0.024 0.024 0.419 0.04
187 L 0.038 0.021 0.013 0.013 0.014 0.015 0.018 0.019 0.009 0.096 0.425 0.022 0.069 0.058 0.012 0.022 0.029 0.006 0.021 0.081
188 V 0.06 0.018 0.014 0.015 0.015 0.013 0.018 0.021 0.007 0.204 0.165 0.022 0.03 0.034 0.014 0.026 0.038 0.005 0.018 0.262
189 I 0.046 0.018 0.016 0.017 0.014 0.014 0.018 0.021 0.008 0.288 0.135 0.023 0.029 0.034 0.014 0.03 0.08 0.005 0.017 0.172
190 V 0.06 0.019 0.015 0.016 0.016 0.014 0.02 0.037 0.007 0.137 0.108 0.022 0.026 0.03 0.014 0.028 0.042 0.005 0.017 0.368
191 V 0.058 0.019 0.014 0.015 0.016 0.014 0.02 0.021 0.007 0.146 0.122 0.022 0.027 0.031 0.014 0.028 0.041 0.005 0.018 0.363
192 A 0.257 0.025 0.027 0.027 0.015 0.021 0.031 0.227 0.013 0.031 0.044 0.035 0.02 0.018 0.022 0.084 0.039 0.005 0.013 0.045
193 M 0.044 0.027 0.017 0.017 0.014 0.024 0.024 0.024 0.014 0.085 0.167 0.031 0.286 0.041 0.014 0.031 0.034 0.007 0.021 0.079
194 G 0.067 0.019 0.033 0.029 0.009 0.016 0.022 0.583 0.011 0.016 0.024 0.029 0.008 0.014 0.016 0.044 0.025 0.005 0.009 0.021
195 Y 0.034 0.024 0.019 0.016 0.008 0.019 0.024 0.021 0.04 0.037 0.058 0.027 0.016 0.111 0.013 0.027 0.024 0.024 0.419 0.04
196 T 0.071 0.031 0.039 0.035 0.015 0.025 0.037 0.042 0.013 0.04 0.05 0.041 0.016 0.02 0.024 0.15 0.279 0.005 0.015 0.054
197 R 0.038 0.44 0.033 0.026 0.007 0.041 0.045 0.028 0.02 0.02 0.04 0.103 0.013 0.015 0.017 0.038 0.03 0.005 0.015 0.026
198 Q 0.048 0.063 0.038 0.04 0.007 0.332 0.088 0.035 0.025 0.023 0.04 0.078 0.018 0.013 0.02 0.048 0.035 0.005 0.018 0.03
199 G 0.178 0.025 0.033 0.031 0.013 0.021 0.031 0.3 0.013 0.025 0.035 0.036 0.011 0.016 0.021 0.117 0.041 0.005 0.012 0.036
200 V 0.117 0.021 0.017 0.018 0.016 0.016 0.023 0.03 0.009 0.139 0.101 0.026 0.032 0.029 0.017 0.046 0.056 0.005 0.017 0.264
201 A 0.396 0.026 0.022 0.025 0.018 0.022 0.034 0.067 0.013 0.037 0.051 0.038 0.015 0.018 0.025 0.072 0.042 0.005 0.015 0.059
202 L 0.039 0.018 0.012 0.014 0.014 0.013 0.016 0.018 0.008 0.216 0.33 0.021 0.038 0.043 0.012 0.021 0.031 0.006 0.018 0.113
203 G 0.067 0.019 0.033 0.029 0.009 0.016 0.022 0.583 0.011 0.016 0.024 0.029 0.008 0.014 0.016 0.044 0.025 0.005 0.009 0.021
204 L 0.037 0.019 0.013 0.014 0.028 0.013 0.017 0.02 0.01 0.092 0.313 0.02 0.045 0.176 0.011 0.022 0.027 0.008 0.036 0.08
205 A 0.182 0.024 0.021 0.024 0.016 0.02 0.038 0.042 0.011 0.102 0.133 0.032 0.035 0.027 0.019 0.078 0.046 0.005 0.016 0.128
206 L 0.042 0.025 0.016 0.016 0.014 0.021 0.022 0.022 0.012 0.089 0.258 0.028 0.212 0.043 0.013 0.028 0.032 0.007 0.02 0.08
207 L 0.072 0.021 0.015 0.016 0.014 0.023 0.021 0.039 0.009 0.138 0.298 0.024 0.034 0.051 0.014 0.028 0.032 0.006 0.019 0.128
208 G 0.118 0.021 0.032 0.029 0.011 0.017 0.024 0.49 0.012 0.02 0.028 0.031 0.009 0.015 0.018 0.056 0.029 0.005 0.01 0.027
209 L 0.038 0.021 0.012 0.013 0.014 0.014 0.017 0.018 0.009 0.105 0.446 0.022 0.048 0.052 0.012 0.021 0.029 0.006 0.02 0.083
210 V 0.134 0.033 0.019 0.02 0.031 0.017 0.025 0.049 0.009 0.103 0.108 0.03 0.025 0.027 0.017 0.058 0.044 0.005 0.016 0.229
211 A 0.262 0.05 0.037 0.028 0.031 0.023 0.035 0.087 0.014 0.036 0.062 0.041 0.027 0.02 0.023 0.108 0.044 0.005 0.015 0.051
212 L 0.037 0.02 0.012 0.013 0.013 0.013 0.017 0.018 0.009 0.109 0.409 0.021 0.039 0.094 0.012 0.021 0.028 0.007 0.025 0.082
213 G 0.099 0.042 0.033 0.046 0.019 0.032 0.064 0.219 0.014 0.031 0.072 0.04 0.014 0.031 0.02 0.106 0.059 0.005 0.015 0.038
214 R 0.041 0.221 0.079 0.102 0.007 0.037 0.072 0.065 0.035 0.021 0.034 0.112 0.012 0.015 0.018 0.044 0.04 0.005 0.015 0.026
215 G 0.049 0.096 0.099 0.114 0.009 0.03 0.048 0.137 0.026 0.026 0.04 0.056 0.013 0.039 0.019 0.049 0.035 0.009 0.077 0.03
216 G 0.065 0.136 0.049 0.032 0.008 0.048 0.041 0.241 0.04 0.02 0.033 0.12 0.011 0.015 0.018 0.047 0.03 0.005 0.015 0.026
217 S 0.082 0.127 0.08 0.041 0.011 0.069 0.059 0.051 0.031 0.023 0.037 0.072 0.013 0.016 0.021 0.165 0.049 0.005 0.016 0.032
218 L 0.063 0.026 0.057 0.024 0.013 0.026 0.026 0.029 0.013 0.119 0.162 0.038 0.041 0.064 0.019 0.036 0.065 0.038 0.034 0.109
219 L 0.096 0.124 0.022 0.021 0.012 0.023 0.029 0.061 0.013 0.075 0.136 0.055 0.029 0.044 0.062 0.037 0.033 0.013 0.019 0.095
220 R 0.056 0.173 0.03 0.029 0.008 0.065 0.054 0.063 0.029 0.025 0.045 0.108 0.014 0.022 0.017 0.05 0.044 0.109 0.024 0.033
221 F 0.03 0.017 0.015 0.014 0.025 0.01 0.017 0.022 0.015 0.055 0.102 0.017 0.029 0.437 0.009 0.022 0.022 0.014 0.081 0.048
222 V 0.105 0.02 0.016 0.017 0.016 0.015 0.022 0.035 0.008 0.152 0.13 0.025 0.026 0.03 0.016 0.035 0.048 0.005 0.017 0.262
223 F 0.061 0.018 0.015 0.016 0.028 0.012 0.018 0.054 0.01 0.129 0.167 0.021 0.027 0.182 0.012 0.027 0.03 0.008 0.036 0.128
224 W 0.041 0.019 0.014 0.014 0.061 0.013 0.019 0.026 0.014 0.035 0.078 0.02 0.016 0.082 0.024 0.023 0.022 0.373 0.07 0.035
225 V 0.074 0.019 0.016 0.017 0.016 0.015 0.021 0.024 0.008 0.168 0.125 0.024 0.034 0.031 0.015 0.032 0.06 0.005 0.017 0.279
226 L 0.114 0.021 0.016 0.017 0.022 0.016 0.022 0.06 0.01 0.116 0.209 0.026 0.064 0.046 0.015 0.035 0.035 0.006 0.019 0.129
227 L 0.085 0.021 0.014 0.015 0.015 0.015 0.02 0.025 0.009 0.109 0.327 0.024 0.037 0.052 0.014 0.03 0.041 0.006 0.02 0.122
228 A 0.27 0.024 0.026 0.027 0.015 0.02 0.03 0.264 0.012 0.029 0.04 0.034 0.012 0.017 0.022 0.061 0.036 0.005 0.013 0.044
229 A 0.347 0.026 0.023 0.026 0.018 0.022 0.034 0.062 0.012 0.043 0.054 0.037 0.016 0.019 0.025 0.08 0.061 0.005 0.015 0.076
230 T 0.104 0.026 0.026 0.024 0.015 0.02 0.028 0.035 0.011 0.076 0.18 0.033 0.025 0.029 0.02 0.064 0.185 0.005 0.016 0.078
231 F 0.029 0.016 0.014 0.014 0.009 0.009 0.016 0.021 0.014 0.063 0.102 0.016 0.022 0.462 0.009 0.022 0.022 0.014 0.073 0.05
232 H 0.036 0.039 0.045 0.033 0.006 0.033 0.045 0.033 0.451 0.019 0.033 0.039 0.013 0.026 0.016 0.036 0.023 0.006 0.049 0.019
233 K 0.047 0.151 0.035 0.034 0.007 0.045 0.058 0.035 0.018 0.023 0.037 0.337 0.013 0.013 0.022 0.044 0.033 0.005 0.015 0.028
234 S 0.087 0.033 0.044 0.039 0.015 0.027 0.042 0.052 0.015 0.03 0.04 0.044 0.014 0.018 0.025 0.279 0.134 0.005 0.015 0.041
235 A 0.369 0.026 0.022 0.025 0.018 0.022 0.034 0.064 0.012 0.042 0.053 0.037 0.016 0.019 0.025 0.077 0.043 0.005 0.015 0.076
236 V 0.054 0.018 0.014 0.015 0.016 0.014 0.019 0.02 0.007 0.186 0.139 0.022 0.036 0.033 0.014 0.026 0.039 0.005 0.018 0.306
237 L 0.04 0.019 0.013 0.014 0.014 0.013 0.017 0.019 0.009 0.158 0.339 0.021 0.044 0.067 0.012 0.022 0.031 0.006 0.022 0.122
238 L 0.062 0.021 0.014 0.015 0.029 0.016 0.02 0.023 0.01 0.104 0.287 0.024 0.086 0.064 0.013 0.027 0.032 0.006 0.022 0.124
239 L 0.04 0.02 0.013 0.014 0.014 0.014 0.017 0.019 0.009 0.143 0.376 0.022 0.051 0.044 0.012 0.022 0.031 0.006 0.019 0.117
240 P 0.048 0.022 0.02 0.026 0.009 0.018 0.031 0.031 0.011 0.022 0.031 0.035 0.009 0.011 0.569 0.037 0.031 0.002 0.011 0.026
241 L 0.043 0.018 0.013 0.015 0.014 0.013 0.017 0.019 0.008 0.236 0.245 0.022 0.041 0.039 0.013 0.024 0.042 0.005 0.018 0.154
242 A 0.3 0.024 0.02 0.022 0.017 0.019 0.03 0.054 0.012 0.089 0.069 0.033 0.018 0.025 0.022 0.059 0.041 0.005 0.027 0.113
243 A 0.265 0.023 0.022 0.023 0.016 0.019 0.029 0.135 0.011 0.075 0.063 0.033 0.017 0.021 0.021 0.057 0.039 0.005 0.015 0.112
244 L 0.037 0.02 0.012 0.013 0.013 0.013 0.017 0.018 0.009 0.101 0.418 0.021 0.04 0.094 0.012 0.021 0.028 0.007 0.025 0.08
245 A 0.251 0.029 0.032 0.031 0.017 0.024 0.037 0.074 0.014 0.034 0.046 0.04 0.014 0.018 0.025 0.155 0.089 0.005 0.015 0.051
246 S 0.139 0.053 0.056 0.035 0.013 0.026 0.047 0.109 0.029 0.035 0.042 0.043 0.014 0.026 0.022 0.15 0.067 0.006 0.049 0.041
247 T 0.113 0.043 0.047 0.059 0.014 0.025 0.04 0.056 0.014 0.036 0.045 0.051 0.014 0.018 0.054 0.139 0.158 0.004 0.014 0.055
248 R 0.045 0.307 0.035 0.031 0.008 0.07 0.06 0.042 0.024 0.022 0.039 0.12 0.014 0.015 0.018 0.058 0.045 0.005 0.015 0.029
249 N 0.044 0.067 0.284 0.057 0.008 0.029 0.041 0.11 0.041 0.02 0.029 0.07 0.01 0.016 0.018 0.072 0.04 0.004 0.015 0.024
250 R 0.04 0.378 0.034 0.028 0.007 0.042 0.047 0.029 0.031 0.02 0.039 0.144 0.013 0.015 0.018 0.039 0.03 0.005 0.016 0.026
251 L 0.04 0.019 0.016 0.016 0.012 0.014 0.019 0.06 0.014 0.126 0.178 0.022 0.026 0.11 0.012 0.026 0.04 0.06 0.085 0.104
252 W 0.053 0.021 0.018 0.016 0.011 0.023 0.022 0.025 0.011 0.086 0.188 0.023 0.025 0.046 0.026 0.025 0.027 0.24 0.035 0.08
253 T 0.071 0.029 0.06 0.046 0.014 0.023 0.035 0.04 0.013 0.087 0.064 0.038 0.025 0.022 0.022 0.115 0.213 0.005 0.015 0.065
254 L 0.134 0.021 0.017 0.019 0.014 0.016 0.023 0.072 0.011 0.121 0.193 0.027 0.034 0.06 0.016 0.038 0.042 0.022 0.032 0.089
255 L 0.142 0.022 0.019 0.02 0.03 0.016 0.024 0.073 0.011 0.092 0.168 0.027 0.024 0.083 0.024 0.058 0.036 0.006 0.023 0.102
256 W 0.053 0.021 0.015 0.015 0.01 0.014 0.02 0.057 0.012 0.049 0.149 0.022 0.029 0.045 0.01 0.026 0.033 0.334 0.041 0.044
257 V 0.078 0.019 0.016 0.017 0.015 0.015 0.02 0.066 0.008 0.162 0.136 0.024 0.034 0.044 0.015 0.032 0.046 0.005 0.018 0.23
258 G 0.142 0.023 0.028 0.027 0.021 0.018 0.027 0.288 0.012 0.04 0.084 0.032 0.015 0.02 0.019 0.076 0.047 0.005 0.013 0.064
259 V 0.09 0.02 0.017 0.018 0.015 0.015 0.021 0.078 0.009 0.162 0.166 0.025 0.027 0.038 0.015 0.04 0.037 0.005 0.017 0.187
260 A 0.155 0.025 0.022 0.023 0.016 0.02 0.028 0.039 0.011 0.101 0.13 0.032 0.054 0.028 0.019 0.075 0.077 0.005 0.017 0.124
261 A 0.155 0.027 0.03 0.029 0.015 0.021 0.032 0.126 0.013 0.043 0.086 0.036 0.024 0.034 0.021 0.114 0.113 0.005 0.016 0.06
262 L 0.171 0.022 0.017 0.019 0.016 0.017 0.024 0.04 0.011 0.11 0.18 0.028 0.026 0.033 0.033 0.042 0.037 0.005 0.028 0.143
263 L 0.083 0.02 0.019 0.019 0.014 0.015 0.021 0.104 0.009 0.161 0.168 0.026 0.034 0.031 0.015 0.042 0.053 0.005 0.016 0.144
264 L 0.141 0.022 0.02 0.021 0.014 0.017 0.024 0.148 0.011 0.06 0.194 0.028 0.038 0.067 0.017 0.042 0.043 0.006 0.021 0.068
265 Y 0.059 0.023 0.02 0.018 0.009 0.017 0.023 0.102 0.031 0.037 0.068 0.026 0.016 0.121 0.014 0.031 0.025 0.019 0.3 0.04
266 Y 0.057 0.026 0.019 0.02 0.01 0.035 0.037 0.026 0.024 0.057 0.115 0.038 0.02 0.132 0.014 0.031 0.039 0.061 0.183 0.056
267 L 0.119 0.023 0.016 0.018 0.015 0.025 0.024 0.031 0.01 0.088 0.272 0.027 0.031 0.047 0.016 0.043 0.038 0.006 0.019 0.132
268 F 0.035 0.019 0.014 0.014 0.011 0.012 0.017 0.02 0.012 0.084 0.24 0.019 0.048 0.261 0.011 0.022 0.026 0.01 0.047 0.076
269 L 0.043 0.026 0.013 0.014 0.014 0.014 0.018 0.019 0.008 0.129 0.359 0.023 0.038 0.042 0.013 0.023 0.032 0.006 0.018 0.15
270 E 0.129 0.035 0.031 0.073 0.011 0.077 0.142 0.04 0.017 0.035 0.064 0.048 0.016 0.077 0.02 0.072 0.037 0.006 0.023 0.049
271 D 0.057 0.045 0.048 0.283 0.008 0.031 0.108 0.063 0.016 0.024 0.031 0.072 0.01 0.014 0.02 0.081 0.036 0.004 0.012 0.035
272 S 0.094 0.049 0.053 0.066 0.013 0.03 0.065 0.05 0.041 0.026 0.038 0.056 0.013 0.03 0.023 0.23 0.065 0.005 0.018 0.035
273 V 0.15 0.021 0.017 0.019 0.016 0.016 0.024 0.034 0.009 0.12 0.134 0.027 0.025 0.041 0.017 0.048 0.042 0.005 0.018 0.216
274 D 0.049 0.029 0.052 0.348 0.008 0.03 0.115 0.056 0.017 0.02 0.027 0.043 0.009 0.014 0.02 0.088 0.036 0.004 0.011 0.024
275 R 0.09 0.102 0.051 0.069 0.011 0.041 0.046 0.077 0.017 0.041 0.047 0.073 0.014 0.036 0.02 0.084 0.081 0.006 0.042 0.049
276 L 0.038 0.021 0.013 0.013 0.013 0.014 0.018 0.019 0.01 0.103 0.405 0.022 0.05 0.071 0.012 0.022 0.029 0.007 0.033 0.089
277 W 0.04 0.025 0.017 0.017 0.01 0.017 0.023 0.024 0.018 0.094 0.102 0.044 0.039 0.069 0.012 0.034 0.029 0.151 0.13 0.105
278 T 0.096 0.103 0.034 0.036 0.011 0.07 0.08 0.04 0.018 0.031 0.045 0.085 0.015 0.022 0.022 0.09 0.116 0.006 0.038 0.043
279 N 0.059 0.035 0.292 0.058 0.009 0.035 0.04 0.112 0.026 0.023 0.031 0.044 0.011 0.016 0.018 0.067 0.076 0.004 0.014 0.029
280 Y 0.034 0.024 0.019 0.016 0.008 0.019 0.024 0.021 0.04 0.037 0.058 0.027 0.016 0.111 0.013 0.027 0.024 0.024 0.419 0.04
281 V 0.05 0.018 0.014 0.016 0.015 0.013 0.019 0.02 0.008 0.209 0.13 0.022 0.035 0.058 0.014 0.027 0.049 0.005 0.021 0.255
282 E 0.056 0.036 0.055 0.095 0.009 0.048 0.241 0.048 0.018 0.036 0.053 0.052 0.014 0.017 0.02 0.049 0.069 0.005 0.014 0.064
283 A 0.27 0.075 0.048 0.031 0.015 0.033 0.047 0.061 0.015 0.034 0.058 0.047 0.015 0.018 0.023 0.08 0.059 0.005 0.015 0.051
284 E 0.055 0.05 0.041 0.091 0.007 0.065 0.294 0.035 0.026 0.022 0.037 0.076 0.013 0.017 0.026 0.055 0.037 0.006 0.017 0.031
285 Y 0.041 0.028 0.022 0.019 0.009 0.022 0.028 0.025 0.047 0.044 0.069 0.031 0.019 0.131 0.016 0.031 0.028 0.028 0.316 0.047
286 E 0.047 0.063 0.049 0.121 0.007 0.101 0.205 0.079 0.02 0.024 0.035 0.06 0.012 0.014 0.02 0.047 0.041 0.005 0.014 0.037
287 D 0.041 0.03 0.069 0.398 0.007 0.03 0.091 0.047 0.019 0.022 0.028 0.045 0.009 0.015 0.022 0.052 0.035 0.004 0.011 0.024
288 I 0.047 0.018 0.015 0.018 0.016 0.013 0.018 0.021 0.009 0.272 0.168 0.024 0.037 0.044 0.015 0.025 0.04 0.006 0.021 0.176
289 A 0.291 0.031 0.026 0.03 0.022 0.026 0.04 0.078 0.015 0.043 0.059 0.044 0.017 0.022 0.03 0.085 0.05 0.005 0.017 0.069
290 Y 0.038 0.029 0.019 0.017 0.009 0.02 0.025 0.023 0.034 0.052 0.081 0.038 0.041 0.095 0.014 0.036 0.027 0.02 0.336 0.047
291 Q 0.059 0.051 0.049 0.084 0.008 0.207 0.137 0.052 0.029 0.022 0.036 0.066 0.015 0.014 0.02 0.064 0.036 0.005 0.016 0.029
292 S 0.094 0.034 0.046 0.042 0.015 0.028 0.045 0.056 0.016 0.025 0.036 0.046 0.013 0.018 0.025 0.336 0.07 0.004 0.015 0.036
293 E 0.071 0.048 0.037 0.074 0.009 0.163 0.165 0.052 0.021 0.023 0.037 0.072 0.014 0.014 0.021 0.071 0.054 0.005 0.015 0.032
294 G 0.067 0.019 0.033 0.029 0.009 0.016 0.022 0.583 0.011 0.016 0.024 0.029 0.008 0.014 0.016 0.044 0.025 0.005 0.009 0.021
295 A 0.314 0.025 0.025 0.026 0.016 0.02 0.031 0.196 0.012 0.032 0.044 0.036 0.013 0.017 0.023 0.065 0.038 0.005 0.013 0.049
296 L 0.161 0.024 0.039 0.021 0.014 0.018 0.025 0.061 0.012 0.065 0.228 0.029 0.051 0.065 0.017 0.042 0.034 0.006 0.021 0.065
297 I 0.043 0.016 0.013 0.015 0.014 0.012 0.016 0.018 0.007 0.343 0.138 0.02 0.031 0.037 0.013 0.022 0.035 0.005 0.018 0.185
298 R 0.038 0.443 0.033 0.026 0.007 0.041 0.045 0.028 0.02 0.02 0.04 0.102 0.013 0.015 0.017 0.038 0.03 0.005 0.015 0.026
299 V 0.056 0.02 0.015 0.016 0.015 0.014 0.019 0.037 0.008 0.142 0.218 0.023 0.031 0.035 0.014 0.028 0.05 0.005 0.018 0.238
300 A 0.211 0.025 0.022 0.023 0.016 0.02 0.029 0.076 0.011 0.066 0.164 0.033 0.037 0.027 0.02 0.07 0.057 0.005 0.016 0.073
301 M 0.044 0.027 0.017 0.017 0.014 0.024 0.024 0.024 0.014 0.086 0.176 0.03 0.279 0.041 0.014 0.03 0.034 0.007 0.02 0.079
302 N 0.04 0.037 0.387 0.068 0.008 0.028 0.042 0.07 0.026 0.019 0.027 0.045 0.01 0.015 0.018 0.074 0.043 0.004 0.013 0.024
303 A 0.225 0.024 0.021 0.023 0.017 0.019 0.029 0.047 0.011 0.087 0.141 0.032 0.023 0.026 0.021 0.074 0.059 0.005 0.016 0.101
304 L 0.059 0.02 0.014 0.015 0.015 0.014 0.02 0.022 0.008 0.137 0.231 0.023 0.038 0.035 0.044 0.027 0.036 0.005 0.018 0.219
305 P 0.068 0.022 0.02 0.026 0.009 0.018 0.031 0.033 0.011 0.023 0.032 0.035 0.009 0.011 0.539 0.039 0.031 0.002 0.011 0.028
306 A 0.396 0.026 0.022 0.025 0.018 0.022 0.034 0.067 0.013 0.037 0.051 0.038 0.015 0.018 0.025 0.072 0.042 0.005 0.015 0.059
307 L 0.134 0.022 0.018 0.019 0.03 0.017 0.024 0.034 0.01 0.11 0.155 0.027 0.04 0.063 0.017 0.055 0.047 0.006 0.021 0.149
308 L 0.041 0.018 0.012 0.014 0.014 0.013 0.017 0.018 0.008 0.205 0.31 0.021 0.037 0.041 0.012 0.022 0.032 0.006 0.018 0.141
309 F 0.042 0.019 0.014 0.014 0.011 0.012 0.018 0.022 0.015 0.066 0.212 0.02 0.029 0.292 0.011 0.023 0.025 0.012 0.086 0.058
310 L 0.037 0.02 0.012 0.013 0.014 0.013 0.017 0.018 0.009 0.112 0.429 0.021 0.04 0.07 0.012 0.021 0.028 0.006 0.022 0.084
311 L 0.088 0.02 0.016 0.017 0.014 0.015 0.021 0.032 0.011 0.146 0.215 0.024 0.029 0.065 0.014 0.041 0.034 0.028 0.045 0.127
312 F 0.044 0.02 0.038 0.018 0.01 0.014 0.021 0.027 0.016 0.051 0.118 0.022 0.021 0.215 0.011 0.034 0.026 0.155 0.085 0.056
313 R 0.043 0.218 0.064 0.032 0.008 0.076 0.046 0.045 0.035 0.023 0.04 0.076 0.014 0.029 0.032 0.06 0.033 0.023 0.073 0.029
314 R 0.043 0.274 0.043 0.035 0.007 0.056 0.052 0.048 0.019 0.021 0.038 0.198 0.013 0.014 0.019 0.042 0.032 0.005 0.015 0.027
315 R 0.04 0.357 0.043 0.028 0.007 0.042 0.045 0.03 0.021 0.021 0.04 0.12 0.013 0.021 0.017 0.047 0.031 0.006 0.041 0.028
316 F 0.033 0.018 0.014 0.014 0.011 0.011 0.017 0.021 0.013 0.078 0.194 0.018 0.037 0.329 0.01 0.022 0.025 0.011 0.056 0.069
317 G 0.083 0.086 0.061 0.047 0.01 0.054 0.069 0.104 0.034 0.048 0.071 0.058 0.016 0.019 0.049 0.047 0.043 0.005 0.016 0.081
318 L 0.038 0.019 0.013 0.014 0.012 0.013 0.018 0.02 0.01 0.108 0.269 0.021 0.05 0.146 0.023 0.023 0.028 0.039 0.034 0.1
319 Q 0.056 0.074 0.044 0.047 0.009 0.212 0.103 0.041 0.029 0.027 0.047 0.092 0.021 0.015 0.024 0.056 0.041 0.006 0.021 0.035
320 S 0.094 0.049 0.069 0.095 0.012 0.035 0.062 0.085 0.016 0.028 0.048 0.048 0.013 0.017 0.052 0.139 0.084 0.004 0.014 0.037
