#Seq2Logo.py -f /work3/idamei/ssn-clusterings/clustering/2205181304/clusters/0043_27/sequences.afa -o /work3/idamei/ssn-clusterings/clustering/2205181304/clusters/0043_27/sequences.logo
#Position Specific Frequency Matrix
A R N D C Q E G H I L K M F P S T W Y V
0 M 0.048 0.029 0.018 0.018 0.015 0.026 0.026 0.026 0.015 0.092 0.18 0.033 0.234 0.044 0.015 0.033 0.037 0.007 0.022 0.084
1 L 0.046 0.025 0.021 0.023 0.012 0.02 0.042 0.026 0.029 0.089 0.206 0.03 0.04 0.109 0.015 0.055 0.034 0.011 0.096 0.07
2 A 0.288 0.031 0.026 0.03 0.022 0.026 0.041 0.078 0.015 0.043 0.06 0.045 0.018 0.022 0.03 0.085 0.05 0.005 0.018 0.069
3 S 0.11 0.04 0.054 0.049 0.018 0.033 0.053 0.066 0.019 0.03 0.042 0.054 0.016 0.021 0.03 0.218 0.082 0.005 0.018 0.042
4 A 0.288 0.031 0.026 0.03 0.022 0.026 0.041 0.078 0.015 0.043 0.06 0.045 0.018 0.022 0.03 0.085 0.05 0.005 0.018 0.069
5 Y 0.043 0.023 0.02 0.038 0.01 0.018 0.026 0.024 0.031 0.072 0.098 0.027 0.021 0.158 0.014 0.029 0.027 0.02 0.245 0.057
6 L 0.066 0.021 0.017 0.018 0.016 0.015 0.021 0.026 0.01 0.165 0.213 0.025 0.034 0.072 0.015 0.042 0.039 0.007 0.024 0.154
7 L 0.062 0.024 0.019 0.019 0.014 0.029 0.025 0.027 0.012 0.116 0.24 0.028 0.033 0.111 0.015 0.049 0.036 0.008 0.03 0.102
8 I 0.044 0.018 0.014 0.016 0.015 0.013 0.017 0.019 0.008 0.272 0.199 0.022 0.035 0.052 0.013 0.023 0.036 0.006 0.021 0.158
9 S 0.09 0.031 0.036 0.034 0.013 0.025 0.038 0.057 0.016 0.028 0.042 0.04 0.014 0.031 0.021 0.188 0.055 0.175 0.031 0.036
10 L 0.057 0.02 0.015 0.016 0.014 0.013 0.019 0.05 0.011 0.158 0.235 0.023 0.034 0.127 0.013 0.027 0.031 0.008 0.032 0.098
11 I 0.074 0.019 0.015 0.017 0.015 0.014 0.02 0.026 0.01 0.19 0.188 0.024 0.033 0.111 0.014 0.03 0.039 0.007 0.03 0.123
12 V 0.064 0.024 0.024 0.023 0.03 0.018 0.026 0.029 0.01 0.136 0.101 0.03 0.025 0.029 0.018 0.058 0.121 0.005 0.018 0.213
13 L 0.043 0.022 0.014 0.015 0.015 0.014 0.019 0.021 0.01 0.105 0.349 0.023 0.04 0.089 0.013 0.024 0.036 0.007 0.027 0.115
14 I 0.076 0.02 0.016 0.018 0.015 0.015 0.021 0.027 0.01 0.187 0.177 0.024 0.038 0.102 0.015 0.036 0.036 0.007 0.029 0.132
15 L 0.081 0.021 0.017 0.018 0.016 0.016 0.022 0.028 0.01 0.154 0.21 0.026 0.032 0.069 0.016 0.035 0.06 0.006 0.024 0.14
16 S 0.1 0.037 0.049 0.045 0.016 0.03 0.048 0.061 0.018 0.027 0.038 0.049 0.014 0.019 0.027 0.288 0.075 0.005 0.016 0.038
17 F 0.06 0.023 0.024 0.023 0.013 0.017 0.025 0.084 0.016 0.109 0.089 0.028 0.022 0.153 0.016 0.063 0.071 0.01 0.072 0.085
18 F 0.041 0.039 0.019 0.019 0.011 0.019 0.026 0.027 0.02 0.093 0.132 0.058 0.035 0.168 0.014 0.032 0.029 0.04 0.112 0.066
19 L 0.04 0.022 0.014 0.014 0.014 0.014 0.018 0.02 0.01 0.11 0.363 0.023 0.05 0.099 0.013 0.023 0.03 0.008 0.028 0.087
20 F 0.031 0.017 0.015 0.015 0.01 0.01 0.017 0.023 0.015 0.058 0.104 0.017 0.023 0.44 0.01 0.023 0.023 0.015 0.081 0.05
21 K 0.05 0.134 0.037 0.035 0.008 0.063 0.06 0.063 0.031 0.025 0.04 0.249 0.014 0.019 0.023 0.047 0.034 0.006 0.032 0.03
22 K 0.051 0.102 0.033 0.032 0.009 0.051 0.053 0.035 0.02 0.06 0.06 0.218 0.027 0.029 0.022 0.055 0.037 0.007 0.052 0.047
23 A 0.221 0.026 0.023 0.025 0.018 0.021 0.032 0.052 0.012 0.082 0.077 0.035 0.021 0.024 0.022 0.08 0.048 0.005 0.017 0.159
24 A 0.213 0.032 0.036 0.035 0.018 0.026 0.041 0.063 0.015 0.048 0.051 0.044 0.016 0.02 0.026 0.181 0.059 0.005 0.016 0.055
25 G 0.071 0.021 0.036 0.031 0.01 0.017 0.023 0.555 0.012 0.017 0.026 0.031 0.009 0.015 0.017 0.047 0.027 0.005 0.01 0.022
26 S 0.094 0.035 0.045 0.04 0.016 0.028 0.043 0.053 0.016 0.035 0.046 0.046 0.016 0.02 0.026 0.212 0.16 0.005 0.016 0.048
27 L 0.043 0.024 0.015 0.016 0.015 0.019 0.021 0.022 0.011 0.11 0.323 0.027 0.12 0.047 0.014 0.026 0.033 0.007 0.021 0.089
28 S 0.139 0.039 0.058 0.042 0.015 0.041 0.048 0.06 0.018 0.029 0.041 0.062 0.015 0.018 0.026 0.222 0.064 0.005 0.016 0.041
29 L 0.043 0.02 0.014 0.016 0.014 0.014 0.019 0.021 0.009 0.166 0.262 0.024 0.035 0.06 0.073 0.025 0.032 0.02 0.022 0.112
30 L 0.05 0.067 0.051 0.028 0.012 0.024 0.033 0.032 0.017 0.055 0.138 0.064 0.023 0.079 0.042 0.057 0.1 0.008 0.057 0.062
31 K 0.06 0.133 0.068 0.041 0.008 0.067 0.075 0.04 0.021 0.024 0.039 0.234 0.014 0.015 0.023 0.05 0.036 0.005 0.016 0.03
32 L 0.045 0.022 0.016 0.02 0.013 0.016 0.024 0.024 0.01 0.116 0.222 0.028 0.033 0.033 0.217 0.029 0.032 0.005 0.017 0.077
33 N 0.039 0.041 0.367 0.073 0.008 0.031 0.045 0.058 0.046 0.02 0.029 0.048 0.01 0.017 0.018 0.062 0.044 0.004 0.016 0.024
34 L 0.045 0.027 0.017 0.017 0.014 0.023 0.023 0.024 0.013 0.093 0.24 0.03 0.201 0.044 0.014 0.03 0.034 0.007 0.021 0.083
35 I 0.047 0.021 0.031 0.019 0.014 0.016 0.021 0.023 0.026 0.203 0.168 0.025 0.057 0.037 0.025 0.028 0.037 0.005 0.02 0.176
36 S 0.096 0.036 0.062 0.045 0.015 0.03 0.047 0.059 0.018 0.026 0.037 0.048 0.014 0.019 0.026 0.294 0.072 0.005 0.016 0.037
37 W 0.035 0.02 0.015 0.015 0.01 0.014 0.02 0.023 0.018 0.115 0.119 0.022 0.024 0.096 0.011 0.023 0.027 0.184 0.126 0.08
38 I 0.061 0.02 0.031 0.02 0.015 0.016 0.021 0.025 0.01 0.23 0.155 0.025 0.048 0.036 0.015 0.039 0.039 0.005 0.018 0.17
39 F 0.032 0.019 0.016 0.015 0.009 0.012 0.019 0.023 0.021 0.052 0.092 0.02 0.021 0.372 0.011 0.024 0.023 0.017 0.154 0.047
40 Y 0.035 0.024 0.019 0.016 0.008 0.019 0.024 0.023 0.038 0.038 0.06 0.027 0.016 0.109 0.013 0.027 0.024 0.088 0.351 0.04
41 Y 0.039 0.024 0.018 0.017 0.01 0.028 0.025 0.023 0.03 0.066 0.09 0.027 0.02 0.143 0.013 0.027 0.027 0.04 0.252 0.079
42 S 0.065 0.038 0.099 0.082 0.011 0.058 0.078 0.048 0.045 0.024 0.035 0.05 0.013 0.021 0.064 0.151 0.05 0.005 0.032 0.031
43 L 0.038 0.021 0.013 0.014 0.014 0.013 0.018 0.02 0.01 0.105 0.372 0.022 0.04 0.118 0.012 0.022 0.029 0.008 0.03 0.082
44 L 0.046 0.02 0.014 0.016 0.015 0.014 0.019 0.021 0.009 0.166 0.26 0.023 0.035 0.071 0.013 0.026 0.046 0.006 0.023 0.157
45 L 0.056 0.02 0.014 0.015 0.015 0.014 0.018 0.021 0.009 0.175 0.284 0.023 0.037 0.059 0.014 0.025 0.034 0.006 0.021 0.141
46 Q 0.061 0.043 0.035 0.036 0.011 0.124 0.069 0.039 0.021 0.04 0.079 0.054 0.046 0.059 0.02 0.116 0.056 0.007 0.038 0.044
47 S 0.087 0.033 0.057 0.04 0.043 0.027 0.042 0.053 0.017 0.034 0.044 0.044 0.015 0.023 0.024 0.24 0.087 0.005 0.03 0.052
48 F 0.046 0.019 0.016 0.016 0.01 0.012 0.019 0.025 0.017 0.059 0.108 0.02 0.023 0.355 0.011 0.025 0.025 0.036 0.1 0.061
49 I 0.042 0.017 0.013 0.015 0.014 0.012 0.016 0.019 0.008 0.28 0.205 0.021 0.035 0.058 0.013 0.022 0.034 0.006 0.021 0.147
50 G 0.143 0.023 0.033 0.03 0.012 0.019 0.028 0.404 0.013 0.023 0.033 0.034 0.011 0.016 0.02 0.074 0.035 0.005 0.012 0.032
51 S 0.152 0.031 0.037 0.035 0.016 0.025 0.04 0.076 0.015 0.039 0.047 0.043 0.015 0.019 0.06 0.192 0.07 0.005 0.015 0.068
52 L 0.046 0.02 0.044 0.02 0.015 0.015 0.02 0.023 0.01 0.208 0.217 0.024 0.033 0.039 0.014 0.027 0.036 0.005 0.018 0.168
53 L 0.038 0.02 0.013 0.014 0.013 0.013 0.018 0.02 0.01 0.132 0.313 0.021 0.042 0.139 0.012 0.022 0.029 0.008 0.033 0.089
54 I 0.064 0.018 0.014 0.016 0.016 0.014 0.019 0.022 0.008 0.244 0.131 0.023 0.03 0.035 0.014 0.028 0.04 0.005 0.018 0.241
55 V 0.095 0.02 0.015 0.017 0.017 0.015 0.021 0.027 0.008 0.188 0.131 0.025 0.029 0.033 0.016 0.033 0.041 0.005 0.018 0.247
56 L 0.039 0.027 0.107 0.03 0.011 0.02 0.027 0.03 0.029 0.073 0.21 0.031 0.027 0.07 0.015 0.036 0.044 0.01 0.103 0.061
57 G 0.064 0.071 0.122 0.066 0.009 0.041 0.051 0.173 0.053 0.022 0.033 0.085 0.012 0.02 0.019 0.06 0.035 0.006 0.031 0.027
58 I 0.045 0.037 0.017 0.017 0.013 0.016 0.021 0.023 0.01 0.189 0.147 0.035 0.035 0.055 0.014 0.029 0.052 0.071 0.026 0.149
59 D 0.05 0.027 0.059 0.429 0.007 0.028 0.091 0.042 0.017 0.021 0.026 0.041 0.009 0.014 0.02 0.048 0.032 0.003 0.01 0.024
60 N 0.043 0.038 0.165 0.118 0.008 0.043 0.09 0.086 0.112 0.021 0.031 0.047 0.011 0.018 0.019 0.052 0.046 0.005 0.022 0.025
61 H 0.038 0.041 0.056 0.035 0.007 0.033 0.057 0.033 0.315 0.024 0.038 0.053 0.014 0.04 0.017 0.038 0.026 0.009 0.101 0.025
62 Y 0.036 0.026 0.02 0.018 0.008 0.03 0.027 0.023 0.04 0.039 0.062 0.03 0.017 0.126 0.014 0.029 0.025 0.024 0.364 0.042
63 N 0.043 0.045 0.314 0.083 0.009 0.034 0.05 0.066 0.032 0.023 0.032 0.054 0.011 0.018 0.02 0.07 0.05 0.005 0.016 0.027
64 D 0.057 0.033 0.056 0.216 0.013 0.029 0.066 0.045 0.016 0.038 0.047 0.045 0.015 0.019 0.025 0.073 0.139 0.005 0.015 0.048
65 L 0.064 0.041 0.021 0.021 0.014 0.022 0.026 0.05 0.013 0.109 0.204 0.034 0.118 0.038 0.016 0.064 0.039 0.006 0.019 0.081
66 I 0.043 0.017 0.013 0.015 0.015 0.013 0.017 0.019 0.008 0.282 0.205 0.022 0.035 0.041 0.013 0.023 0.037 0.005 0.019 0.158
67 N 0.053 0.065 0.142 0.135 0.01 0.041 0.067 0.067 0.02 0.027 0.05 0.063 0.013 0.017 0.021 0.094 0.066 0.004 0.014 0.032
68 K 0.048 0.171 0.051 0.052 0.008 0.052 0.056 0.036 0.019 0.028 0.046 0.212 0.023 0.016 0.022 0.048 0.058 0.005 0.016 0.033
69 Q 0.056 0.074 0.044 0.047 0.009 0.213 0.103 0.041 0.029 0.027 0.047 0.091 0.021 0.015 0.024 0.056 0.041 0.006 0.021 0.035
70 L 0.044 0.02 0.013 0.015 0.015 0.014 0.018 0.019 0.009 0.191 0.293 0.023 0.047 0.043 0.013 0.023 0.034 0.006 0.019 0.142
71 Y 0.072 0.034 0.047 0.056 0.011 0.037 0.065 0.078 0.054 0.041 0.053 0.052 0.016 0.056 0.019 0.059 0.081 0.009 0.096 0.064
72 G 0.06 0.193 0.038 0.031 0.009 0.033 0.038 0.278 0.018 0.021 0.036 0.075 0.012 0.016 0.019 0.047 0.031 0.005 0.014 0.027
73 D 0.04 0.029 0.087 0.15 0.008 0.024 0.047 0.06 0.094 0.029 0.045 0.036 0.013 0.09 0.041 0.043 0.043 0.009 0.079 0.031
74 Q 0.056 0.074 0.044 0.047 0.009 0.215 0.103 0.041 0.029 0.026 0.047 0.091 0.021 0.015 0.024 0.056 0.041 0.006 0.021 0.035
75 E 0.06 0.039 0.042 0.168 0.008 0.08 0.172 0.038 0.021 0.024 0.037 0.055 0.013 0.036 0.042 0.063 0.035 0.006 0.032 0.03
76 E 0.062 0.041 0.072 0.14 0.01 0.056 0.16 0.043 0.02 0.024 0.042 0.066 0.013 0.016 0.023 0.111 0.05 0.005 0.014 0.031
77 S 0.084 0.028 0.031 0.028 0.014 0.023 0.033 0.039 0.02 0.084 0.072 0.036 0.028 0.047 0.02 0.131 0.082 0.01 0.107 0.084
78 R 0.041 0.39 0.035 0.028 0.007 0.044 0.048 0.03 0.021 0.021 0.041 0.127 0.014 0.015 0.018 0.04 0.032 0.005 0.016 0.028
79 L 0.047 0.036 0.034 0.024 0.013 0.038 0.041 0.025 0.013 0.139 0.167 0.044 0.028 0.092 0.015 0.035 0.035 0.014 0.027 0.132
80 I 0.042 0.031 0.035 0.022 0.011 0.021 0.027 0.025 0.036 0.164 0.115 0.066 0.024 0.065 0.015 0.032 0.044 0.011 0.125 0.089
81 G 0.117 0.022 0.032 0.029 0.012 0.018 0.025 0.441 0.012 0.027 0.035 0.032 0.011 0.016 0.019 0.051 0.042 0.005 0.011 0.043
82 W 0.03 0.02 0.015 0.015 0.008 0.013 0.02 0.025 0.019 0.038 0.067 0.02 0.017 0.192 0.009 0.022 0.022 0.293 0.12 0.036
83 L 0.073 0.022 0.016 0.016 0.013 0.016 0.021 0.034 0.014 0.084 0.241 0.025 0.049 0.103 0.014 0.029 0.031 0.052 0.06 0.087
84 A 0.201 0.026 0.025 0.026 0.037 0.021 0.033 0.052 0.014 0.062 0.076 0.035 0.018 0.029 0.022 0.104 0.046 0.049 0.035 0.088
85 V 0.053 0.018 0.014 0.016 0.016 0.014 0.019 0.02 0.008 0.231 0.144 0.022 0.031 0.036 0.014 0.026 0.04 0.005 0.018 0.256
86 C 0.055 0.032 0.024 0.024 0.125 0.076 0.037 0.052 0.015 0.06 0.123 0.039 0.094 0.028 0.017 0.056 0.049 0.006 0.017 0.07
87 Y 0.049 0.024 0.019 0.017 0.009 0.018 0.024 0.024 0.035 0.053 0.069 0.026 0.018 0.148 0.014 0.029 0.026 0.043 0.31 0.047
88 V 0.061 0.024 0.025 0.023 0.058 0.019 0.026 0.03 0.01 0.118 0.107 0.03 0.033 0.028 0.018 0.059 0.144 0.005 0.017 0.165
89 M 0.046 0.028 0.018 0.018 0.014 0.024 0.025 0.025 0.014 0.091 0.197 0.031 0.234 0.044 0.014 0.031 0.035 0.007 0.021 0.083
90 I 0.047 0.018 0.014 0.015 0.015 0.013 0.018 0.02 0.008 0.218 0.215 0.022 0.034 0.056 0.013 0.024 0.036 0.006 0.021 0.187
91 F 0.131 0.024 0.02 0.021 0.016 0.018 0.026 0.048 0.013 0.079 0.124 0.029 0.053 0.144 0.017 0.061 0.038 0.008 0.034 0.095
92 L 0.046 0.022 0.015 0.016 0.013 0.015 0.02 0.023 0.012 0.085 0.231 0.023 0.085 0.188 0.012 0.026 0.03 0.01 0.041 0.087
93 P 0.051 0.023 0.021 0.028 0.009 0.018 0.032 0.032 0.012 0.023 0.032 0.037 0.009 0.012 0.548 0.039 0.032 0.002 0.012 0.028
94 L 0.048 0.02 0.013 0.015 0.035 0.014 0.018 0.021 0.009 0.168 0.311 0.022 0.038 0.06 0.013 0.024 0.032 0.006 0.021 0.113
95 G 0.1 0.026 0.036 0.032 0.013 0.021 0.03 0.317 0.013 0.039 0.04 0.036 0.013 0.018 0.021 0.102 0.085 0.005 0.013 0.04
96 M 0.06 0.029 0.018 0.019 0.014 0.035 0.027 0.027 0.014 0.098 0.173 0.033 0.206 0.041 0.015 0.034 0.036 0.007 0.021 0.093
97 L 0.044 0.025 0.017 0.017 0.013 0.017 0.023 0.023 0.016 0.099 0.235 0.038 0.031 0.057 0.014 0.036 0.033 0.053 0.097 0.113
98 L 0.044 0.02 0.014 0.015 0.014 0.014 0.018 0.02 0.009 0.152 0.267 0.022 0.044 0.094 0.013 0.024 0.033 0.007 0.027 0.149
99 A 0.177 0.024 0.022 0.023 0.038 0.019 0.029 0.044 0.011 0.096 0.09 0.032 0.021 0.043 0.021 0.072 0.067 0.005 0.019 0.145
100 S 0.064 0.046 0.107 0.042 0.012 0.041 0.045 0.087 0.018 0.04 0.064 0.106 0.025 0.02 0.021 0.12 0.059 0.005 0.016 0.061
101 L 0.046 0.104 0.025 0.024 0.032 0.037 0.035 0.029 0.017 0.084 0.133 0.089 0.032 0.085 0.017 0.054 0.034 0.008 0.054 0.061
102 L 0.041 0.019 0.014 0.015 0.056 0.013 0.017 0.021 0.01 0.136 0.27 0.021 0.035 0.124 0.012 0.024 0.031 0.008 0.031 0.105
103 F 0.06 0.022 0.02 0.019 0.052 0.016 0.023 0.029 0.03 0.059 0.117 0.025 0.031 0.181 0.014 0.044 0.054 0.074 0.06 0.071
104 L 0.045 0.024 0.014 0.015 0.016 0.016 0.02 0.021 0.01 0.116 0.373 0.025 0.05 0.055 0.014 0.024 0.034 0.007 0.022 0.097
105 G 0.059 0.064 0.064 0.036 0.009 0.03 0.041 0.249 0.032 0.025 0.049 0.14 0.013 0.017 0.02 0.058 0.045 0.005 0.015 0.029
106 F 0.052 0.053 0.052 0.028 0.009 0.024 0.046 0.053 0.019 0.051 0.07 0.095 0.018 0.201 0.015 0.036 0.029 0.032 0.073 0.044
107 K 0.06 0.118 0.064 0.042 0.009 0.043 0.057 0.079 0.046 0.025 0.04 0.186 0.014 0.017 0.024 0.079 0.042 0.005 0.019 0.031
108 L 0.057 0.023 0.015 0.017 0.018 0.016 0.022 0.023 0.009 0.14 0.253 0.026 0.041 0.045 0.015 0.029 0.041 0.006 0.021 0.182
109 N 0.058 0.064 0.126 0.083 0.01 0.035 0.07 0.048 0.038 0.036 0.039 0.117 0.013 0.017 0.022 0.121 0.047 0.005 0.016 0.034
110 A 0.168 0.029 0.086 0.033 0.015 0.023 0.033 0.049 0.015 0.058 0.091 0.038 0.053 0.025 0.046 0.062 0.067 0.005 0.017 0.088
111 K 0.054 0.119 0.037 0.057 0.009 0.062 0.095 0.037 0.035 0.031 0.057 0.177 0.016 0.017 0.022 0.07 0.038 0.005 0.017 0.044
112 K 0.064 0.083 0.046 0.036 0.01 0.049 0.072 0.078 0.024 0.06 0.096 0.149 0.019 0.021 0.021 0.055 0.048 0.005 0.016 0.048
113 E 0.074 0.034 0.027 0.047 0.011 0.046 0.18 0.031 0.019 0.063 0.125 0.047 0.021 0.047 0.019 0.052 0.035 0.007 0.042 0.074
114 F 0.033 0.019 0.015 0.015 0.01 0.012 0.018 0.023 0.015 0.072 0.145 0.02 0.029 0.311 0.011 0.024 0.03 0.056 0.083 0.057
115 E 0.045 0.049 0.095 0.107 0.009 0.034 0.121 0.037 0.053 0.047 0.097 0.059 0.017 0.041 0.019 0.059 0.036 0.006 0.028 0.041
116 S 0.085 0.077 0.09 0.047 0.043 0.051 0.069 0.051 0.018 0.039 0.083 0.058 0.017 0.021 0.021 0.1 0.056 0.005 0.016 0.054
117 Y 0.035 0.024 0.019 0.017 0.008 0.018 0.024 0.022 0.039 0.041 0.066 0.027 0.017 0.157 0.013 0.027 0.025 0.024 0.354 0.043
118 L 0.074 0.054 0.02 0.019 0.057 0.018 0.024 0.028 0.01 0.115 0.222 0.033 0.031 0.034 0.016 0.043 0.07 0.005 0.018 0.109
119 K 0.065 0.113 0.066 0.043 0.009 0.09 0.085 0.04 0.037 0.025 0.04 0.145 0.015 0.016 0.022 0.071 0.062 0.005 0.017 0.033
120 K 0.07 0.135 0.038 0.038 0.009 0.058 0.07 0.042 0.019 0.025 0.039 0.213 0.014 0.015 0.023 0.095 0.042 0.005 0.016 0.032
121 P 0.052 0.06 0.029 0.045 0.009 0.032 0.076 0.035 0.015 0.023 0.034 0.126 0.011 0.013 0.307 0.053 0.035 0.003 0.013 0.028
122 I 0.048 0.018 0.014 0.015 0.015 0.013 0.018 0.02 0.008 0.235 0.195 0.022 0.034 0.039 0.014 0.025 0.037 0.005 0.019 0.206
123 E 0.055 0.06 0.048 0.057 0.011 0.077 0.097 0.035 0.017 0.067 0.074 0.092 0.019 0.021 0.02 0.07 0.063 0.005 0.016 0.093
124 P 0.069 0.028 0.045 0.049 0.012 0.023 0.048 0.037 0.031 0.068 0.099 0.038 0.019 0.027 0.14 0.087 0.086 0.005 0.032 0.055
125 L 0.056 0.026 0.025 0.033 0.055 0.022 0.054 0.031 0.014 0.092 0.154 0.033 0.033 0.059 0.039 0.079 0.07 0.007 0.035 0.084
126 L 0.08 0.025 0.019 0.019 0.013 0.017 0.024 0.055 0.014 0.101 0.171 0.039 0.036 0.131 0.015 0.038 0.045 0.009 0.062 0.084
127 S 0.073 0.054 0.055 0.057 0.012 0.03 0.056 0.119 0.016 0.052 0.046 0.083 0.015 0.019 0.023 0.154 0.074 0.005 0.015 0.044
128 K 0.075 0.062 0.076 0.058 0.01 0.033 0.077 0.069 0.021 0.032 0.043 0.12 0.014 0.033 0.063 0.069 0.044 0.006 0.046 0.048
129 N 0.052 0.084 0.146 0.064 0.009 0.045 0.051 0.046 0.04 0.025 0.037 0.118 0.013 0.024 0.021 0.092 0.052 0.006 0.046 0.03
130 D 0.046 0.037 0.069 0.298 0.008 0.032 0.098 0.089 0.018 0.021 0.028 0.077 0.01 0.014 0.021 0.061 0.035 0.004 0.012 0.024
131 S 0.076 0.094 0.087 0.042 0.012 0.031 0.043 0.045 0.019 0.046 0.07 0.089 0.017 0.024 0.022 0.136 0.062 0.006 0.031 0.049
132 Y 0.095 0.027 0.042 0.081 0.011 0.032 0.065 0.036 0.022 0.084 0.069 0.036 0.018 0.079 0.018 0.052 0.035 0.01 0.111 0.075
133 L 0.043 0.019 0.014 0.015 0.014 0.014 0.018 0.021 0.01 0.16 0.217 0.022 0.05 0.126 0.013 0.024 0.033 0.008 0.032 0.146
134 R 0.041 0.175 0.03 0.027 0.008 0.049 0.044 0.03 0.021 0.033 0.058 0.135 0.017 0.128 0.017 0.039 0.042 0.009 0.061 0.036
135 L 0.046 0.05 0.021 0.02 0.012 0.02 0.026 0.047 0.02 0.104 0.143 0.051 0.025 0.099 0.015 0.05 0.033 0.011 0.121 0.084
136 L 0.071 0.024 0.02 0.022 0.013 0.028 0.028 0.03 0.013 0.1 0.151 0.031 0.024 0.078 0.122 0.048 0.058 0.008 0.038 0.091
137 L 0.039 0.02 0.014 0.015 0.013 0.014 0.018 0.02 0.011 0.121 0.298 0.022 0.054 0.144 0.012 0.023 0.03 0.008 0.034 0.091
138 Y 0.058 0.026 0.023 0.021 0.033 0.03 0.029 0.029 0.023 0.075 0.131 0.031 0.023 0.063 0.016 0.065 0.053 0.034 0.154 0.082
139 L 0.114 0.021 0.018 0.019 0.057 0.016 0.022 0.054 0.011 0.122 0.174 0.026 0.027 0.083 0.017 0.04 0.054 0.006 0.024 0.094
140 L 0.039 0.02 0.013 0.014 0.035 0.013 0.018 0.02 0.01 0.097 0.36 0.021 0.039 0.12 0.012 0.022 0.029 0.008 0.03 0.079
141 S 0.099 0.034 0.044 0.04 0.026 0.028 0.043 0.054 0.016 0.033 0.057 0.045 0.016 0.02 0.025 0.248 0.105 0.005 0.016 0.044
142 L 0.082 0.02 0.017 0.018 0.013 0.015 0.021 0.082 0.011 0.116 0.197 0.024 0.038 0.136 0.014 0.032 0.031 0.008 0.032 0.093
143 I 0.045 0.017 0.013 0.015 0.015 0.013 0.017 0.019 0.008 0.277 0.196 0.022 0.035 0.04 0.013 0.023 0.036 0.005 0.019 0.172
144 S 0.099 0.03 0.04 0.036 0.127 0.025 0.039 0.073 0.015 0.029 0.042 0.041 0.014 0.018 0.024 0.227 0.062 0.004 0.014 0.041
145 L 0.048 0.02 0.017 0.017 0.035 0.014 0.02 0.044 0.01 0.139 0.19 0.024 0.039 0.1 0.014 0.031 0.057 0.007 0.027 0.147
146 L 0.079 0.022 0.017 0.018 0.014 0.015 0.021 0.049 0.011 0.122 0.26 0.025 0.042 0.098 0.015 0.041 0.033 0.007 0.027 0.086
147 A 0.203 0.032 0.036 0.035 0.017 0.026 0.041 0.061 0.015 0.037 0.048 0.044 0.015 0.02 0.026 0.193 0.071 0.005 0.016 0.06
148 V 0.055 0.019 0.015 0.016 0.037 0.014 0.019 0.021 0.009 0.193 0.124 0.023 0.037 0.037 0.014 0.028 0.04 0.006 0.033 0.26
149 L 0.105 0.021 0.015 0.017 0.037 0.016 0.022 0.029 0.009 0.127 0.226 0.025 0.035 0.053 0.016 0.034 0.036 0.006 0.021 0.15
150 Y 0.036 0.025 0.019 0.017 0.008 0.019 0.025 0.022 0.042 0.039 0.061 0.028 0.017 0.117 0.014 0.028 0.025 0.025 0.391 0.042
151 T 0.064 0.03 0.034 0.03 0.016 0.023 0.032 0.036 0.012 0.073 0.09 0.037 0.037 0.025 0.022 0.087 0.234 0.005 0.017 0.096
152 F 0.035 0.02 0.015 0.015 0.011 0.013 0.019 0.022 0.015 0.091 0.176 0.021 0.051 0.271 0.011 0.024 0.027 0.013 0.082 0.068
153 L 0.055 0.025 0.019 0.019 0.012 0.018 0.024 0.026 0.025 0.108 0.182 0.039 0.036 0.119 0.014 0.044 0.032 0.032 0.098 0.074
154 K 0.075 0.048 0.032 0.031 0.044 0.04 0.043 0.04 0.017 0.062 0.076 0.127 0.027 0.027 0.022 0.107 0.068 0.006 0.039 0.069
155 L 0.048 0.021 0.018 0.018 0.015 0.016 0.021 0.023 0.009 0.185 0.238 0.026 0.043 0.039 0.015 0.042 0.071 0.006 0.019 0.128
156 G 0.057 0.033 0.05 0.121 0.009 0.036 0.058 0.27 0.04 0.021 0.03 0.064 0.01 0.015 0.051 0.056 0.032 0.004 0.014 0.028
157 E 0.053 0.06 0.058 0.06 0.01 0.046 0.098 0.038 0.037 0.033 0.052 0.098 0.024 0.057 0.021 0.077 0.094 0.007 0.037 0.04
158 I 0.043 0.02 0.044 0.02 0.013 0.015 0.02 0.022 0.014 0.251 0.144 0.024 0.029 0.047 0.014 0.027 0.035 0.008 0.063 0.148
159 P 0.051 0.023 0.021 0.028 0.009 0.018 0.032 0.054 0.012 0.023 0.032 0.037 0.009 0.012 0.527 0.039 0.032 0.002 0.011 0.027
160 L 0.041 0.02 0.015 0.016 0.014 0.024 0.02 0.02 0.01 0.195 0.23 0.024 0.038 0.107 0.013 0.024 0.032 0.007 0.029 0.121
161 L 0.042 0.026 0.016 0.017 0.013 0.027 0.023 0.022 0.012 0.113 0.267 0.038 0.047 0.102 0.013 0.026 0.032 0.008 0.043 0.112
162 E 0.077 0.097 0.043 0.068 0.009 0.044 0.166 0.06 0.02 0.026 0.042 0.134 0.022 0.016 0.022 0.064 0.037 0.005 0.015 0.033
163 L 0.059 0.023 0.016 0.017 0.014 0.017 0.022 0.025 0.012 0.111 0.256 0.026 0.069 0.077 0.014 0.038 0.035 0.007 0.039 0.124
164 L 0.037 0.019 0.014 0.015 0.013 0.012 0.017 0.02 0.011 0.135 0.239 0.02 0.033 0.209 0.012 0.022 0.028 0.01 0.044 0.091
165 K 0.064 0.128 0.054 0.038 0.011 0.058 0.053 0.044 0.019 0.028 0.042 0.135 0.015 0.017 0.023 0.128 0.086 0.005 0.016 0.037
166 G 0.07 0.022 0.034 0.03 0.011 0.018 0.025 0.458 0.012 0.027 0.047 0.031 0.011 0.017 0.039 0.065 0.031 0.005 0.011 0.039
167 A 0.13 0.035 0.105 0.05 0.014 0.027 0.047 0.063 0.02 0.039 0.063 0.054 0.016 0.037 0.022 0.119 0.081 0.005 0.018 0.057
168 S 0.085 0.032 0.048 0.143 0.013 0.028 0.065 0.075 0.016 0.028 0.038 0.044 0.013 0.023 0.024 0.17 0.096 0.005 0.015 0.038
169 A 0.179 0.031 0.032 0.041 0.016 0.027 0.061 0.094 0.015 0.036 0.051 0.043 0.015 0.049 0.063 0.103 0.066 0.006 0.021 0.05
170 A 0.182 0.026 0.021 0.024 0.02 0.021 0.032 0.051 0.011 0.103 0.094 0.035 0.024 0.029 0.023 0.059 0.049 0.005 0.019 0.17
171 L 0.068 0.035 0.067 0.041 0.013 0.029 0.092 0.038 0.016 0.074 0.129 0.057 0.023 0.048 0.02 0.094 0.059 0.006 0.02 0.072
172 D 0.074 0.037 0.103 0.146 0.009 0.035 0.135 0.043 0.021 0.03 0.053 0.06 0.013 0.03 0.021 0.076 0.039 0.005 0.03 0.039
173 L 0.056 0.022 0.015 0.016 0.014 0.015 0.02 0.023 0.01 0.109 0.322 0.024 0.046 0.093 0.014 0.036 0.033 0.007 0.027 0.098
174 A 0.251 0.042 0.027 0.044 0.016 0.023 0.035 0.127 0.013 0.051 0.071 0.04 0.025 0.021 0.023 0.072 0.041 0.005 0.015 0.058
175 K 0.066 0.065 0.033 0.04 0.01 0.066 0.101 0.099 0.017 0.066 0.069 0.124 0.017 0.02 0.021 0.064 0.038 0.005 0.016 0.064
176 L 0.052 0.022 0.014 0.015 0.014 0.016 0.02 0.022 0.013 0.098 0.317 0.024 0.059 0.101 0.013 0.026 0.03 0.009 0.057 0.08
177 R 0.04 0.415 0.035 0.028 0.007 0.043 0.047 0.029 0.021 0.021 0.042 0.107 0.014 0.016 0.017 0.04 0.031 0.005 0.016 0.028
178 I 0.06 0.028 0.022 0.027 0.013 0.063 0.059 0.047 0.013 0.223 0.109 0.036 0.026 0.03 0.016 0.035 0.048 0.005 0.018 0.123
179 E 0.066 0.036 0.069 0.149 0.01 0.039 0.179 0.04 0.019 0.043 0.046 0.051 0.022 0.018 0.022 0.084 0.04 0.005 0.014 0.049
180 A 0.23 0.026 0.024 0.025 0.018 0.021 0.033 0.053 0.012 0.068 0.097 0.036 0.021 0.025 0.023 0.092 0.047 0.005 0.017 0.129
181 S 0.107 0.034 0.043 0.055 0.014 0.027 0.043 0.137 0.015 0.028 0.039 0.056 0.013 0.018 0.024 0.197 0.091 0.005 0.014 0.039
182 R 0.048 0.338 0.033 0.027 0.008 0.04 0.045 0.03 0.036 0.03 0.053 0.105 0.025 0.027 0.017 0.04 0.032 0.005 0.019 0.044
183 G 0.054 0.034 0.129 0.052 0.008 0.041 0.103 0.262 0.052 0.019 0.029 0.045 0.01 0.016 0.019 0.05 0.033 0.005 0.015 0.024
184 F 0.03 0.017 0.015 0.015 0.01 0.01 0.017 0.023 0.015 0.062 0.103 0.017 0.023 0.444 0.01 0.023 0.023 0.015 0.078 0.051
185 G 0.104 0.052 0.038 0.057 0.012 0.079 0.078 0.131 0.018 0.027 0.039 0.085 0.014 0.016 0.023 0.104 0.068 0.005 0.015 0.037
186 G 0.07 0.02 0.035 0.03 0.01 0.017 0.023 0.563 0.012 0.017 0.025 0.03 0.008 0.014 0.017 0.046 0.027 0.005 0.01 0.022
187 N 0.041 0.036 0.311 0.08 0.009 0.027 0.042 0.052 0.024 0.066 0.045 0.044 0.013 0.019 0.018 0.066 0.044 0.004 0.015 0.043
188 A 0.29 0.031 0.026 0.03 0.022 0.026 0.04 0.078 0.015 0.043 0.059 0.045 0.018 0.022 0.03 0.085 0.05 0.005 0.018 0.069
189 V 0.052 0.027 0.034 0.028 0.013 0.043 0.069 0.026 0.013 0.137 0.102 0.034 0.034 0.063 0.026 0.033 0.039 0.006 0.023 0.2
190 Y 0.037 0.023 0.017 0.016 0.01 0.017 0.022 0.022 0.03 0.077 0.122 0.025 0.022 0.13 0.013 0.026 0.027 0.04 0.255 0.069
191 I 0.046 0.017 0.014 0.016 0.014 0.012 0.018 0.02 0.009 0.226 0.15 0.021 0.03 0.108 0.013 0.024 0.035 0.007 0.029 0.19
192 R 0.044 0.3 0.034 0.029 0.008 0.042 0.049 0.031 0.019 0.04 0.048 0.165 0.015 0.017 0.019 0.041 0.033 0.005 0.016 0.046
193 N 0.038 0.04 0.39 0.074 0.008 0.03 0.044 0.058 0.028 0.02 0.028 0.048 0.01 0.016 0.018 0.062 0.044 0.004 0.014 0.024
194 I 0.045 0.017 0.014 0.016 0.036 0.012 0.017 0.02 0.008 0.283 0.151 0.021 0.031 0.054 0.013 0.024 0.036 0.006 0.021 0.177
195 F 0.031 0.018 0.015 0.015 0.01 0.01 0.017 0.022 0.014 0.062 0.143 0.018 0.025 0.404 0.01 0.023 0.024 0.014 0.072 0.054
196 G 0.254 0.025 0.027 0.028 0.016 0.021 0.031 0.257 0.013 0.03 0.042 0.036 0.013 0.017 0.023 0.064 0.038 0.005 0.013 0.046
197 L 0.045 0.021 0.015 0.016 0.015 0.015 0.019 0.021 0.01 0.17 0.292 0.023 0.037 0.046 0.014 0.034 0.035 0.007 0.034 0.133
198 A 0.159 0.029 0.03 0.029 0.015 0.043 0.036 0.152 0.014 0.05 0.068 0.039 0.017 0.038 0.022 0.074 0.106 0.005 0.018 0.055
199 L 0.04 0.022 0.013 0.014 0.014 0.015 0.019 0.02 0.01 0.105 0.402 0.023 0.06 0.064 0.013 0.023 0.03 0.007 0.022 0.086
200 T 0.061 0.03 0.034 0.031 0.015 0.024 0.033 0.036 0.012 0.064 0.086 0.038 0.038 0.024 0.044 0.072 0.269 0.005 0.016 0.068
201 P 0.051 0.023 0.021 0.028 0.009 0.018 0.032 0.032 0.012 0.023 0.032 0.037 0.009 0.012 0.548 0.039 0.032 0.002 0.012 0.028
202 I 0.045 0.018 0.014 0.016 0.015 0.013 0.018 0.02 0.008 0.254 0.186 0.022 0.033 0.056 0.014 0.026 0.047 0.006 0.021 0.168
203 L 0.041 0.021 0.013 0.014 0.015 0.014 0.018 0.019 0.009 0.115 0.418 0.023 0.043 0.048 0.013 0.022 0.031 0.006 0.02 0.099
204 S 0.114 0.034 0.044 0.04 0.037 0.028 0.043 0.056 0.016 0.031 0.042 0.045 0.015 0.019 0.026 0.248 0.1 0.005 0.015 0.043
205 Y 0.036 0.023 0.017 0.016 0.01 0.017 0.022 0.021 0.029 0.067 0.151 0.025 0.024 0.15 0.013 0.026 0.026 0.019 0.251 0.057
206 I 0.049 0.017 0.015 0.017 0.015 0.013 0.018 0.02 0.008 0.292 0.139 0.022 0.031 0.037 0.014 0.026 0.049 0.005 0.018 0.195
207 A 0.26 0.026 0.023 0.025 0.016 0.021 0.033 0.058 0.014 0.039 0.059 0.035 0.016 0.091 0.022 0.084 0.042 0.05 0.029 0.054
208 Y 0.035 0.022 0.018 0.016 0.009 0.016 0.022 0.022 0.032 0.049 0.103 0.024 0.021 0.205 0.013 0.026 0.025 0.021 0.274 0.047
209 A 0.161 0.024 0.026 0.026 0.068 0.019 0.028 0.14 0.012 0.072 0.075 0.032 0.018 0.039 0.02 0.082 0.053 0.005 0.017 0.082
210 Y 0.036 0.025 0.019 0.017 0.008 0.019 0.025 0.022 0.041 0.04 0.063 0.027 0.017 0.13 0.014 0.028 0.025 0.025 0.378 0.042
211 Y 0.089 0.032 0.025 0.024 0.011 0.023 0.032 0.035 0.028 0.039 0.07 0.058 0.017 0.07 0.018 0.07 0.058 0.058 0.2 0.045
212 K 0.056 0.112 0.025 0.026 0.011 0.03 0.047 0.029 0.018 0.093 0.091 0.127 0.03 0.053 0.018 0.037 0.034 0.008 0.064 0.092
213 L 0.058 0.088 0.038 0.025 0.012 0.034 0.036 0.03 0.016 0.075 0.172 0.111 0.07 0.034 0.017 0.037 0.034 0.006 0.033 0.073
214 T 0.061 0.031 0.052 0.053 0.014 0.026 0.05 0.039 0.018 0.041 0.054 0.04 0.016 0.049 0.022 0.097 0.213 0.008 0.063 0.052
215 K 0.048 0.123 0.069 0.057 0.008 0.052 0.066 0.039 0.032 0.025 0.04 0.227 0.014 0.032 0.022 0.057 0.036 0.005 0.019 0.029
216 S 0.082 0.043 0.039 0.043 0.012 0.048 0.098 0.055 0.029 0.043 0.06 0.086 0.016 0.023 0.023 0.15 0.067 0.006 0.032 0.043
217 K 0.045 0.13 0.042 0.028 0.01 0.031 0.04 0.031 0.017 0.066 0.122 0.137 0.021 0.041 0.039 0.039 0.05 0.024 0.035 0.052
218 R 0.044 0.129 0.043 0.03 0.009 0.035 0.051 0.052 0.034 0.059 0.075 0.096 0.018 0.093 0.039 0.041 0.054 0.007 0.042 0.047
219 D 0.036 0.026 0.068 0.218 0.008 0.023 0.052 0.037 0.033 0.026 0.04 0.034 0.02 0.03 0.015 0.048 0.03 0.199 0.031 0.027
220 L 0.041 0.091 0.025 0.024 0.01 0.028 0.037 0.028 0.033 0.055 0.158 0.135 0.024 0.109 0.016 0.033 0.03 0.03 0.046 0.049
221 L 0.053 0.02 0.014 0.015 0.014 0.015 0.019 0.022 0.011 0.159 0.249 0.023 0.043 0.108 0.013 0.025 0.032 0.008 0.043 0.112
222 W 0.036 0.021 0.014 0.014 0.011 0.014 0.019 0.023 0.011 0.076 0.221 0.022 0.037 0.082 0.01 0.022 0.027 0.223 0.041 0.076
223 F 0.033 0.017 0.016 0.016 0.031 0.01 0.018 0.024 0.015 0.056 0.098 0.018 0.022 0.418 0.01 0.026 0.035 0.014 0.074 0.05
224 L 0.044 0.037 0.017 0.017 0.013 0.017 0.022 0.023 0.014 0.143 0.24 0.028 0.04 0.075 0.014 0.041 0.034 0.009 0.067 0.105
225 L 0.071 0.021 0.018 0.018 0.03 0.015 0.021 0.042 0.011 0.151 0.161 0.025 0.037 0.088 0.015 0.035 0.063 0.007 0.04 0.129
226 L 0.048 0.025 0.018 0.018 0.057 0.02 0.023 0.025 0.011 0.085 0.263 0.028 0.117 0.041 0.015 0.043 0.058 0.006 0.019 0.078
227 F 0.034 0.018 0.015 0.015 0.011 0.011 0.018 0.022 0.014 0.07 0.168 0.019 0.036 0.345 0.01 0.023 0.025 0.013 0.064 0.069
228 F 0.062 0.019 0.017 0.018 0.013 0.014 0.02 0.092 0.011 0.126 0.144 0.023 0.031 0.15 0.014 0.03 0.033 0.008 0.034 0.142
229 L 0.135 0.024 0.023 0.023 0.05 0.018 0.027 0.083 0.013 0.056 0.156 0.03 0.032 0.102 0.018 0.079 0.039 0.007 0.027 0.059
230 S 0.13 0.034 0.044 0.04 0.016 0.028 0.043 0.079 0.016 0.029 0.041 0.046 0.014 0.019 0.026 0.245 0.088 0.005 0.015 0.042
231 I 0.045 0.018 0.014 0.015 0.014 0.013 0.018 0.02 0.009 0.199 0.178 0.021 0.031 0.122 0.013 0.024 0.034 0.007 0.031 0.174
232 L 0.055 0.022 0.017 0.017 0.013 0.015 0.021 0.026 0.012 0.081 0.288 0.024 0.043 0.158 0.014 0.047 0.032 0.009 0.036 0.071
233 I 0.07 0.018 0.014 0.017 0.015 0.014 0.019 0.024 0.009 0.276 0.14 0.023 0.048 0.054 0.014 0.028 0.036 0.006 0.021 0.155
234 L 0.056 0.029 0.052 0.027 0.014 0.021 0.029 0.032 0.014 0.09 0.207 0.044 0.037 0.037 0.017 0.083 0.06 0.006 0.033 0.111
235 T 0.066 0.029 0.033 0.03 0.016 0.022 0.032 0.036 0.013 0.078 0.072 0.037 0.02 0.028 0.022 0.09 0.221 0.006 0.031 0.12
236 Y 0.035 0.024 0.019 0.017 0.008 0.018 0.024 0.022 0.039 0.041 0.066 0.027 0.017 0.157 0.013 0.027 0.025 0.024 0.354 0.043
237 D 0.041 0.033 0.192 0.273 0.008 0.028 0.063 0.049 0.021 0.021 0.028 0.044 0.01 0.015 0.02 0.065 0.05 0.004 0.012 0.025
238 L 0.039 0.022 0.014 0.014 0.014 0.015 0.019 0.02 0.012 0.103 0.352 0.023 0.056 0.086 0.013 0.023 0.03 0.009 0.054 0.082
239 A 0.211 0.038 0.033 0.041 0.015 0.074 0.101 0.056 0.018 0.031 0.045 0.053 0.015 0.017 0.025 0.113 0.047 0.005 0.016 0.046
240 K 0.051 0.096 0.037 0.037 0.008 0.048 0.063 0.039 0.018 0.025 0.039 0.355 0.014 0.014 0.025 0.048 0.035 0.005 0.015 0.029
241 S 0.183 0.033 0.04 0.038 0.017 0.027 0.042 0.083 0.016 0.03 0.042 0.045 0.014 0.019 0.026 0.22 0.062 0.005 0.015 0.044
242 P 0.05 0.039 0.021 0.028 0.009 0.019 0.033 0.032 0.012 0.023 0.033 0.04 0.009 0.012 0.527 0.039 0.032 0.002 0.012 0.028
243 I 0.043 0.019 0.014 0.015 0.014 0.014 0.018 0.02 0.01 0.2 0.197 0.022 0.05 0.107 0.013 0.024 0.034 0.007 0.029 0.15
244 L 0.107 0.021 0.016 0.017 0.015 0.015 0.022 0.031 0.011 0.11 0.181 0.025 0.029 0.146 0.015 0.034 0.034 0.008 0.034 0.13
245 F 0.038 0.036 0.017 0.017 0.011 0.015 0.021 0.024 0.014 0.073 0.126 0.025 0.069 0.27 0.012 0.028 0.04 0.033 0.055 0.076
246 Y 0.034 0.022 0.018 0.016 0.009 0.016 0.022 0.022 0.033 0.045 0.074 0.024 0.019 0.224 0.012 0.026 0.024 0.022 0.291 0.044
247 L 0.048 0.02 0.014 0.015 0.014 0.014 0.018 0.021 0.009 0.154 0.267 0.022 0.04 0.092 0.013 0.024 0.033 0.007 0.026 0.148
248 L 0.058 0.021 0.016 0.017 0.015 0.015 0.021 0.024 0.01 0.167 0.282 0.025 0.043 0.058 0.014 0.047 0.036 0.006 0.021 0.101
249 G 0.081 0.025 0.032 0.029 0.012 0.021 0.028 0.333 0.013 0.037 0.064 0.034 0.068 0.022 0.018 0.085 0.037 0.005 0.014 0.04
250 F 0.032 0.018 0.015 0.015 0.01 0.01 0.017 0.022 0.015 0.071 0.129 0.018 0.025 0.39 0.01 0.023 0.024 0.014 0.085 0.056
251 L 0.043 0.019 0.014 0.015 0.014 0.013 0.018 0.02 0.009 0.195 0.251 0.022 0.044 0.082 0.013 0.023 0.033 0.007 0.025 0.14
252 F 0.033 0.018 0.014 0.015 0.011 0.011 0.017 0.022 0.013 0.071 0.206 0.019 0.029 0.329 0.01 0.022 0.025 0.012 0.061 0.06
253 L 0.05 0.021 0.015 0.015 0.014 0.015 0.02 0.022 0.011 0.116 0.259 0.023 0.043 0.111 0.013 0.026 0.038 0.008 0.044 0.136
254 K 0.044 0.108 0.117 0.044 0.008 0.046 0.073 0.038 0.024 0.027 0.045 0.129 0.018 0.047 0.019 0.052 0.035 0.029 0.065 0.031
255 V 0.054 0.019 0.015 0.016 0.016 0.014 0.019 0.021 0.009 0.213 0.125 0.023 0.029 0.038 0.014 0.028 0.046 0.006 0.033 0.261
256 L 0.047 0.023 0.018 0.017 0.011 0.017 0.023 0.024 0.023 0.084 0.19 0.026 0.027 0.096 0.014 0.042 0.03 0.057 0.167 0.065
257 I 0.048 0.02 0.017 0.02 0.014 0.016 0.033 0.044 0.01 0.228 0.162 0.026 0.039 0.037 0.014 0.04 0.037 0.027 0.02 0.147
258 G 0.056 0.059 0.086 0.066 0.009 0.04 0.057 0.229 0.017 0.026 0.049 0.112 0.013 0.016 0.02 0.058 0.034 0.005 0.013 0.034
259 G 0.061 0.055 0.045 0.067 0.009 0.027 0.039 0.333 0.015 0.021 0.031 0.109 0.01 0.015 0.02 0.054 0.046 0.005 0.012 0.026
260 L 0.047 0.025 0.02 0.02 0.015 0.017 0.023 0.026 0.011 0.09 0.285 0.028 0.038 0.097 0.016 0.038 0.087 0.008 0.029 0.081
261 K 0.066 0.081 0.067 0.042 0.01 0.035 0.073 0.129 0.018 0.027 0.039 0.144 0.013 0.016 0.022 0.085 0.076 0.005 0.014 0.038
262 I 0.044 0.018 0.014 0.015 0.014 0.013 0.017 0.02 0.009 0.215 0.212 0.021 0.034 0.084 0.013 0.024 0.034 0.007 0.025 0.166
263 N 0.064 0.055 0.166 0.061 0.011 0.038 0.049 0.053 0.021 0.025 0.036 0.099 0.013 0.017 0.023 0.147 0.071 0.004 0.015 0.033
264 K 0.054 0.071 0.025 0.025 0.01 0.029 0.039 0.031 0.017 0.094 0.071 0.161 0.019 0.067 0.032 0.036 0.032 0.072 0.057 0.059
265 K 0.056 0.129 0.034 0.033 0.009 0.05 0.053 0.061 0.018 0.038 0.063 0.227 0.024 0.018 0.022 0.055 0.04 0.012 0.016 0.042
266 K 0.063 0.076 0.028 0.026 0.012 0.029 0.038 0.053 0.031 0.069 0.097 0.127 0.029 0.029 0.019 0.043 0.07 0.028 0.035 0.097
267 L 0.042 0.019 0.013 0.015 0.014 0.013 0.018 0.02 0.009 0.165 0.264 0.021 0.035 0.108 0.013 0.023 0.032 0.007 0.029 0.138
268 L 0.063 0.022 0.02 0.02 0.014 0.016 0.023 0.028 0.012 0.136 0.164 0.026 0.028 0.122 0.015 0.071 0.04 0.008 0.036 0.137
269 L 0.048 0.029 0.02 0.02 0.023 0.019 0.026 0.047 0.014 0.135 0.158 0.064 0.027 0.1 0.015 0.041 0.045 0.009 0.063 0.095
270 Y 0.045 0.022 0.02 0.019 0.014 0.016 0.022 0.066 0.021 0.123 0.144 0.026 0.025 0.096 0.014 0.04 0.043 0.013 0.145 0.087
271 G 0.084 0.022 0.025 0.024 0.013 0.017 0.024 0.2 0.012 0.082 0.093 0.028 0.02 0.093 0.017 0.061 0.047 0.007 0.025 0.106
272 I 0.082 0.022 0.023 0.023 0.046 0.017 0.024 0.124 0.011 0.13 0.121 0.028 0.023 0.062 0.017 0.067 0.053 0.006 0.021 0.101
273 L 0.091 0.022 0.022 0.022 0.014 0.017 0.024 0.116 0.011 0.122 0.154 0.028 0.034 0.065 0.017 0.053 0.059 0.006 0.022 0.1
274 G 0.09 0.022 0.023 0.023 0.014 0.017 0.024 0.166 0.011 0.106 0.148 0.028 0.024 0.046 0.017 0.051 0.059 0.006 0.018 0.108
275 L 0.058 0.022 0.019 0.019 0.014 0.016 0.022 0.035 0.011 0.128 0.213 0.025 0.04 0.121 0.015 0.052 0.049 0.008 0.031 0.105
276 V 0.089 0.022 0.023 0.023 0.036 0.017 0.025 0.107 0.011 0.123 0.116 0.028 0.023 0.062 0.017 0.073 0.045 0.006 0.021 0.134
277 L 0.048 0.021 0.016 0.017 0.014 0.015 0.02 0.065 0.01 0.126 0.305 0.024 0.036 0.058 0.014 0.036 0.033 0.006 0.021 0.116
278 L 0.042 0.019 0.013 0.015 0.015 0.013 0.017 0.019 0.008 0.214 0.296 0.022 0.038 0.044 0.013 0.022 0.033 0.006 0.019 0.131
279 V 0.053 0.019 0.016 0.017 0.015 0.014 0.019 0.043 0.008 0.204 0.164 0.023 0.031 0.036 0.014 0.029 0.05 0.005 0.018 0.222
280 L 0.087 0.02 0.017 0.018 0.057 0.015 0.021 0.06 0.01 0.131 0.191 0.025 0.029 0.068 0.015 0.034 0.041 0.006 0.022 0.136
281 L 0.094 0.025 0.019 0.019 0.014 0.019 0.025 0.032 0.015 0.069 0.157 0.028 0.106 0.157 0.015 0.046 0.034 0.01 0.051 0.067
282 Y 0.036 0.025 0.019 0.017 0.008 0.019 0.025 0.022 0.041 0.04 0.063 0.027 0.017 0.13 0.014 0.028 0.025 0.025 0.378 0.042
283 I 0.05 0.024 0.019 0.019 0.014 0.017 0.023 0.025 0.012 0.173 0.171 0.039 0.035 0.059 0.015 0.05 0.049 0.007 0.051 0.147
284 F 0.068 0.024 0.02 0.02 0.013 0.022 0.024 0.079 0.013 0.082 0.157 0.034 0.036 0.18 0.015 0.044 0.033 0.009 0.04 0.088
285 I 0.053 0.019 0.017 0.018 0.014 0.014 0.019 0.044 0.009 0.216 0.173 0.024 0.031 0.07 0.014 0.031 0.063 0.006 0.023 0.14
286 G 0.059 0.052 0.029 0.028 0.011 0.093 0.043 0.147 0.017 0.046 0.094 0.046 0.068 0.079 0.017 0.048 0.046 0.007 0.025 0.047
287 G 0.058 0.044 0.078 0.07 0.009 0.038 0.037 0.312 0.018 0.024 0.048 0.046 0.012 0.024 0.018 0.056 0.032 0.006 0.042 0.028
288 V 0.075 0.035 0.068 0.032 0.013 0.035 0.048 0.056 0.015 0.087 0.085 0.067 0.03 0.029 0.018 0.058 0.053 0.006 0.032 0.156
289 T 0.077 0.059 0.093 0.082 0.011 0.039 0.072 0.042 0.019 0.038 0.052 0.084 0.024 0.036 0.021 0.068 0.104 0.005 0.018 0.054
290 G 0.064 0.032 0.131 0.048 0.013 0.025 0.035 0.204 0.018 0.05 0.052 0.041 0.015 0.021 0.02 0.061 0.077 0.005 0.015 0.075
291 D 0.086 0.028 0.086 0.159 0.013 0.024 0.051 0.046 0.017 0.111 0.08 0.039 0.02 0.026 0.02 0.051 0.041 0.005 0.016 0.082
292 D 0.054 0.035 0.129 0.146 0.01 0.035 0.072 0.114 0.019 0.037 0.037 0.057 0.012 0.017 0.021 0.086 0.066 0.004 0.013 0.035
293 I 0.047 0.018 0.015 0.018 0.016 0.013 0.018 0.02 0.009 0.275 0.167 0.023 0.037 0.044 0.015 0.025 0.04 0.006 0.02 0.176
294 L 0.057 0.023 0.018 0.021 0.014 0.017 0.037 0.026 0.012 0.122 0.228 0.027 0.031 0.075 0.037 0.05 0.036 0.007 0.039 0.123
295 S 0.075 0.029 0.035 0.033 0.015 0.023 0.035 0.045 0.016 0.098 0.092 0.038 0.023 0.118 0.021 0.122 0.057 0.008 0.036 0.079
296 D 0.085 0.03 0.045 0.117 0.012 0.028 0.092 0.092 0.015 0.037 0.082 0.042 0.016 0.038 0.021 0.084 0.096 0.005 0.017 0.044
297 E 0.055 0.05 0.041 0.09 0.007 0.065 0.295 0.035 0.026 0.022 0.037 0.076 0.013 0.017 0.026 0.055 0.037 0.006 0.017 0.031
298 L 0.063 0.048 0.046 0.067 0.011 0.037 0.065 0.077 0.048 0.069 0.112 0.053 0.025 0.051 0.018 0.063 0.045 0.017 0.023 0.063
299 L 0.044 0.024 0.014 0.015 0.016 0.016 0.02 0.021 0.01 0.115 0.379 0.025 0.049 0.054 0.014 0.024 0.033 0.007 0.022 0.096
300 L 0.036 0.019 0.014 0.015 0.012 0.012 0.018 0.021 0.013 0.1 0.254 0.02 0.033 0.228 0.011 0.022 0.027 0.011 0.061 0.074
301 L 0.043 0.022 0.033 0.02 0.013 0.015 0.021 0.048 0.012 0.075 0.27 0.024 0.032 0.167 0.013 0.048 0.032 0.009 0.037 0.065
302 S 0.084 0.036 0.101 0.062 0.012 0.05 0.047 0.117 0.036 0.027 0.052 0.047 0.014 0.019 0.022 0.167 0.053 0.005 0.016 0.034
303 Y 0.038 0.023 0.018 0.017 0.01 0.018 0.023 0.022 0.033 0.101 0.093 0.027 0.021 0.095 0.036 0.027 0.028 0.019 0.287 0.066
304 N 0.042 0.055 0.311 0.064 0.009 0.03 0.043 0.053 0.026 0.024 0.036 0.06 0.012 0.051 0.018 0.072 0.043 0.005 0.019 0.027
305 S 0.079 0.04 0.043 0.041 0.014 0.041 0.058 0.07 0.017 0.031 0.043 0.071 0.015 0.029 0.025 0.191 0.121 0.005 0.024 0.042
306 G 0.083 0.021 0.035 0.03 0.01 0.018 0.024 0.523 0.012 0.018 0.027 0.031 0.009 0.015 0.018 0.057 0.029 0.005 0.01 0.024
307 P 0.059 0.02 0.017 0.021 0.013 0.016 0.024 0.026 0.01 0.186 0.112 0.029 0.032 0.028 0.228 0.032 0.034 0.004 0.016 0.096
308 I 0.055 0.021 0.022 0.022 0.014 0.016 0.022 0.111 0.01 0.173 0.152 0.027 0.027 0.032 0.037 0.055 0.06 0.005 0.017 0.121
309 G 0.081 0.021 0.034 0.029 0.01 0.017 0.023 0.521 0.012 0.031 0.031 0.03 0.01 0.016 0.017 0.046 0.028 0.005 0.01 0.029
310 R 0.04 0.415 0.035 0.028 0.007 0.043 0.047 0.029 0.021 0.021 0.042 0.107 0.014 0.016 0.017 0.04 0.031 0.005 0.016 0.028
311 I 0.045 0.019 0.014 0.015 0.015 0.014 0.018 0.02 0.009 0.227 0.224 0.023 0.052 0.041 0.013 0.024 0.036 0.006 0.019 0.167
312 L 0.055 0.02 0.015 0.017 0.015 0.014 0.019 0.023 0.009 0.193 0.265 0.024 0.036 0.058 0.014 0.029 0.056 0.006 0.021 0.11
313 L 0.038 0.02 0.013 0.014 0.013 0.013 0.018 0.02 0.01 0.113 0.351 0.021 0.039 0.129 0.012 0.022 0.029 0.008 0.032 0.084
314 S 0.135 0.032 0.042 0.038 0.015 0.026 0.041 0.141 0.016 0.028 0.039 0.044 0.014 0.018 0.025 0.217 0.071 0.005 0.015 0.04
315 Q 0.052 0.064 0.04 0.042 0.008 0.288 0.09 0.038 0.026 0.024 0.042 0.08 0.018 0.013 0.021 0.06 0.038 0.005 0.018 0.032
316 I 0.131 0.022 0.022 0.023 0.016 0.018 0.026 0.059 0.011 0.192 0.114 0.03 0.025 0.03 0.019 0.081 0.043 0.005 0.017 0.115
317 A 0.203 0.03 0.032 0.032 0.017 0.024 0.037 0.078 0.014 0.05 0.058 0.04 0.025 0.038 0.024 0.144 0.074 0.005 0.018 0.056
318 G 0.077 0.022 0.03 0.03 0.01 0.018 0.027 0.353 0.012 0.02 0.029 0.033 0.009 0.014 0.188 0.055 0.031 0.004 0.011 0.026
319 L 0.051 0.025 0.025 0.023 0.014 0.018 0.025 0.029 0.012 0.083 0.168 0.029 0.027 0.116 0.017 0.049 0.16 0.007 0.03 0.092
320 F 0.034 0.021 0.018 0.016 0.009 0.015 0.021 0.022 0.03 0.047 0.079 0.023 0.019 0.265 0.012 0.026 0.024 0.021 0.254 0.045
