#Seq2Logo.py -f /work3/idamei/ssn-clusterings/clustering/2205181126/clusters/0016_33/sequences.afa -o /work3/idamei/ssn-clusterings/clustering/2205181126/clusters/0016_33/sequences.logo
#Position Specific Frequency Matrix
A R N D C Q E G H I L K M F P S T W Y V
0 L 0.05 0.031 0.019 0.019 0.016 0.027 0.027 0.027 0.016 0.097 0.19 0.035 0.189 0.047 0.016 0.035 0.039 0.008 0.023 0.089
1 G 0.061 0.02 0.024 0.025 0.013 0.016 0.023 0.212 0.011 0.141 0.091 0.029 0.022 0.028 0.078 0.037 0.036 0.005 0.015 0.113
2 Y 0.066 0.024 0.019 0.019 0.012 0.019 0.025 0.028 0.03 0.109 0.102 0.029 0.024 0.111 0.016 0.033 0.032 0.018 0.204 0.081
3 L 0.078 0.021 0.015 0.018 0.016 0.015 0.021 0.027 0.01 0.195 0.237 0.026 0.038 0.044 0.016 0.031 0.037 0.006 0.02 0.129
4 L 0.044 0.022 0.014 0.015 0.016 0.015 0.019 0.02 0.009 0.158 0.338 0.024 0.045 0.05 0.014 0.024 0.034 0.007 0.021 0.112
5 L 0.092 0.028 0.026 0.026 0.017 0.021 0.03 0.038 0.012 0.103 0.216 0.034 0.033 0.038 0.02 0.081 0.074 0.006 0.019 0.086
6 I 0.092 0.025 0.026 0.026 0.017 0.02 0.028 0.037 0.011 0.169 0.129 0.033 0.028 0.034 0.02 0.072 0.088 0.006 0.019 0.121
7 L 0.048 0.021 0.015 0.017 0.016 0.016 0.02 0.022 0.01 0.196 0.234 0.025 0.058 0.045 0.014 0.026 0.038 0.006 0.021 0.152
8 F 0.037 0.021 0.016 0.016 0.012 0.014 0.02 0.023 0.017 0.078 0.212 0.022 0.032 0.239 0.012 0.025 0.028 0.014 0.094 0.067
9 L 0.044 0.022 0.016 0.017 0.015 0.015 0.02 0.022 0.013 0.143 0.261 0.025 0.038 0.097 0.014 0.028 0.048 0.009 0.049 0.103
10 L 0.052 0.022 0.019 0.02 0.015 0.016 0.022 0.026 0.011 0.178 0.197 0.026 0.034 0.088 0.016 0.052 0.041 0.007 0.028 0.128
11 T 0.069 0.029 0.033 0.03 0.017 0.023 0.033 0.037 0.012 0.119 0.092 0.037 0.024 0.029 0.023 0.086 0.162 0.006 0.018 0.123
12 C 0.091 0.022 0.021 0.021 0.198 0.016 0.024 0.037 0.011 0.084 0.119 0.027 0.023 0.075 0.018 0.065 0.041 0.006 0.025 0.074
13 L 0.046 0.022 0.018 0.018 0.015 0.015 0.021 0.023 0.011 0.167 0.231 0.025 0.037 0.09 0.015 0.032 0.064 0.007 0.028 0.114
14 L 0.071 0.022 0.015 0.017 0.016 0.016 0.021 0.027 0.011 0.129 0.257 0.025 0.038 0.09 0.015 0.03 0.036 0.008 0.029 0.127
15 C 0.138 0.026 0.028 0.028 0.245 0.021 0.031 0.052 0.012 0.039 0.055 0.035 0.016 0.02 0.023 0.108 0.051 0.005 0.015 0.054
16 F 0.038 0.023 0.018 0.017 0.011 0.016 0.022 0.024 0.024 0.066 0.142 0.025 0.046 0.23 0.013 0.027 0.028 0.017 0.15 0.06
17 L 0.041 0.021 0.014 0.016 0.014 0.014 0.019 0.021 0.011 0.145 0.266 0.023 0.039 0.139 0.013 0.024 0.032 0.009 0.037 0.102
18 E 0.053 0.048 0.039 0.087 0.007 0.062 0.32 0.034 0.025 0.021 0.036 0.073 0.012 0.016 0.025 0.053 0.036 0.005 0.016 0.03
19 E 0.048 0.047 0.049 0.178 0.007 0.053 0.184 0.039 0.066 0.022 0.034 0.082 0.012 0.017 0.023 0.051 0.034 0.005 0.02 0.027
20 Y 0.048 0.122 0.032 0.038 0.009 0.038 0.092 0.031 0.03 0.034 0.053 0.078 0.016 0.058 0.02 0.047 0.062 0.014 0.138 0.041
21 L 0.046 0.026 0.018 0.025 0.015 0.022 0.057 0.023 0.012 0.144 0.267 0.031 0.058 0.045 0.015 0.029 0.035 0.006 0.021 0.104
22 S 0.11 0.04 0.054 0.049 0.018 0.033 0.053 0.067 0.019 0.03 0.042 0.054 0.016 0.021 0.03 0.217 0.082 0.005 0.018 0.042
23 K 0.088 0.087 0.035 0.036 0.01 0.064 0.059 0.074 0.019 0.027 0.042 0.166 0.015 0.015 0.116 0.053 0.038 0.005 0.016 0.035
24 G 0.079 0.023 0.039 0.034 0.011 0.019 0.026 0.508 0.014 0.019 0.028 0.034 0.009 0.016 0.019 0.051 0.03 0.005 0.011 0.024
25 V 0.07 0.022 0.017 0.018 0.019 0.017 0.023 0.025 0.008 0.165 0.131 0.026 0.032 0.036 0.017 0.033 0.05 0.006 0.021 0.266
26 K 0.049 0.137 0.079 0.075 0.008 0.048 0.11 0.041 0.034 0.024 0.039 0.163 0.014 0.016 0.023 0.052 0.037 0.005 0.017 0.03
27 Y 0.076 0.028 0.042 0.024 0.012 0.022 0.029 0.034 0.034 0.073 0.075 0.033 0.02 0.089 0.018 0.042 0.048 0.019 0.22 0.064
28 K 0.05 0.154 0.078 0.044 0.008 0.095 0.069 0.041 0.024 0.025 0.042 0.171 0.016 0.016 0.023 0.052 0.039 0.005 0.017 0.031
29 W 0.038 0.074 0.021 0.02 0.01 0.022 0.03 0.028 0.015 0.074 0.105 0.069 0.022 0.1 0.013 0.029 0.029 0.196 0.047 0.057
30 Y 0.048 0.029 0.064 0.031 0.011 0.022 0.032 0.035 0.028 0.039 0.059 0.036 0.016 0.107 0.125 0.051 0.063 0.014 0.146 0.043
31 L 0.05 0.021 0.015 0.017 0.016 0.015 0.02 0.022 0.009 0.177 0.236 0.025 0.038 0.055 0.015 0.028 0.045 0.006 0.022 0.165
32 Y 0.037 0.024 0.019 0.017 0.009 0.017 0.024 0.024 0.034 0.049 0.083 0.026 0.02 0.232 0.013 0.028 0.026 0.023 0.245 0.048
33 I 0.045 0.018 0.016 0.018 0.014 0.013 0.018 0.053 0.01 0.232 0.14 0.023 0.031 0.088 0.014 0.026 0.035 0.038 0.03 0.138
34 L 0.057 0.023 0.025 0.023 0.044 0.017 0.023 0.182 0.012 0.066 0.192 0.029 0.028 0.069 0.017 0.041 0.061 0.007 0.023 0.062
35 L 0.047 0.022 0.015 0.017 0.016 0.016 0.02 0.022 0.01 0.193 0.245 0.025 0.063 0.046 0.014 0.026 0.037 0.006 0.021 0.139
36 G 0.076 0.022 0.038 0.033 0.01 0.018 0.025 0.527 0.013 0.018 0.027 0.033 0.009 0.016 0.018 0.05 0.029 0.005 0.01 0.023
37 L 0.057 0.021 0.018 0.018 0.016 0.015 0.021 0.086 0.01 0.114 0.179 0.025 0.031 0.095 0.015 0.031 0.038 0.007 0.029 0.172
38 V 0.073 0.021 0.016 0.018 0.017 0.016 0.022 0.026 0.009 0.18 0.17 0.026 0.043 0.039 0.016 0.032 0.043 0.006 0.02 0.207
39 L 0.044 0.024 0.014 0.015 0.016 0.017 0.02 0.021 0.01 0.11 0.371 0.026 0.066 0.052 0.014 0.025 0.033 0.007 0.022 0.092
40 I 0.051 0.018 0.015 0.017 0.016 0.014 0.018 0.021 0.008 0.261 0.153 0.023 0.034 0.041 0.015 0.026 0.041 0.006 0.02 0.201
41 L 0.054 0.025 0.022 0.022 0.015 0.018 0.025 0.029 0.012 0.123 0.24 0.029 0.036 0.076 0.017 0.06 0.069 0.007 0.026 0.094
42 L 0.047 0.022 0.016 0.017 0.015 0.016 0.021 0.023 0.012 0.151 0.177 0.025 0.062 0.134 0.014 0.028 0.036 0.009 0.037 0.139
43 A 0.314 0.03 0.025 0.029 0.021 0.025 0.039 0.076 0.014 0.042 0.057 0.043 0.017 0.021 0.029 0.082 0.048 0.005 0.017 0.066
44 G 0.202 0.026 0.031 0.031 0.016 0.022 0.032 0.287 0.014 0.031 0.043 0.038 0.013 0.018 0.024 0.067 0.039 0.005 0.014 0.046
45 F 0.038 0.02 0.015 0.016 0.013 0.013 0.019 0.022 0.013 0.109 0.224 0.021 0.035 0.229 0.012 0.024 0.029 0.011 0.053 0.083
46 R 0.045 0.334 0.038 0.031 0.008 0.047 0.053 0.033 0.022 0.023 0.045 0.139 0.015 0.017 0.02 0.044 0.034 0.006 0.017 0.03
47 P 0.054 0.036 0.031 0.059 0.009 0.041 0.178 0.034 0.019 0.023 0.035 0.056 0.011 0.014 0.268 0.048 0.035 0.004 0.014 0.03
48 I 0.048 0.018 0.014 0.017 0.016 0.013 0.018 0.02 0.009 0.267 0.172 0.023 0.036 0.042 0.014 0.025 0.039 0.006 0.02 0.181
49 G 0.076 0.022 0.038 0.033 0.01 0.018 0.025 0.527 0.013 0.018 0.027 0.033 0.009 0.016 0.018 0.05 0.029 0.005 0.01 0.023
50 L 0.045 0.021 0.015 0.017 0.015 0.015 0.019 0.022 0.011 0.191 0.217 0.024 0.056 0.091 0.014 0.026 0.036 0.008 0.029 0.13
51 D 0.04 0.029 0.067 0.418 0.007 0.029 0.088 0.045 0.018 0.022 0.027 0.043 0.009 0.014 0.022 0.05 0.034 0.004 0.011 0.023
52 P 0.048 0.034 0.181 0.055 0.009 0.026 0.041 0.049 0.021 0.023 0.033 0.046 0.01 0.015 0.265 0.055 0.041 0.003 0.014 0.028
53 D 0.04 0.029 0.067 0.418 0.007 0.029 0.088 0.045 0.018 0.022 0.027 0.043 0.009 0.014 0.022 0.05 0.034 0.004 0.011 0.023
54 S 0.106 0.039 0.052 0.047 0.017 0.032 0.051 0.064 0.019 0.029 0.04 0.052 0.015 0.02 0.029 0.246 0.079 0.005 0.017 0.04
55 E 0.049 0.042 0.044 0.162 0.008 0.055 0.228 0.036 0.022 0.027 0.056 0.062 0.014 0.018 0.039 0.05 0.035 0.005 0.015 0.033
56 N 0.05 0.045 0.228 0.065 0.011 0.057 0.052 0.055 0.026 0.03 0.04 0.055 0.014 0.018 0.022 0.071 0.103 0.005 0.016 0.038
57 Y 0.039 0.027 0.021 0.018 0.009 0.021 0.027 0.024 0.045 0.042 0.066 0.03 0.018 0.126 0.015 0.03 0.027 0.027 0.341 0.045
58 E 0.085 0.045 0.039 0.101 0.009 0.056 0.271 0.04 0.023 0.024 0.038 0.067 0.013 0.017 0.025 0.057 0.037 0.005 0.016 0.034
59 L 0.088 0.031 0.02 0.021 0.015 0.022 0.028 0.033 0.019 0.107 0.18 0.048 0.055 0.056 0.018 0.04 0.044 0.01 0.08 0.087
60 Y 0.087 0.031 0.067 0.033 0.013 0.024 0.035 0.042 0.028 0.048 0.098 0.038 0.021 0.064 0.02 0.075 0.07 0.014 0.139 0.054
61 F 0.034 0.021 0.018 0.017 0.01 0.013 0.021 0.024 0.024 0.056 0.099 0.021 0.023 0.337 0.011 0.026 0.025 0.019 0.15 0.051
62 L 0.064 0.08 0.049 0.031 0.012 0.067 0.047 0.035 0.066 0.06 0.123 0.054 0.024 0.041 0.018 0.042 0.036 0.009 0.064 0.078
63 H 0.041 0.084 0.149 0.051 0.008 0.037 0.05 0.045 0.213 0.022 0.036 0.056 0.013 0.024 0.019 0.05 0.034 0.006 0.037 0.024
64 Y 0.04 0.026 0.02 0.019 0.009 0.02 0.027 0.026 0.037 0.038 0.06 0.03 0.017 0.104 0.076 0.031 0.027 0.084 0.265 0.041
65 D 0.043 0.028 0.047 0.232 0.009 0.025 0.06 0.038 0.025 0.033 0.049 0.037 0.014 0.095 0.019 0.054 0.034 0.012 0.113 0.034
66 S 0.068 0.05 0.068 0.092 0.012 0.06 0.062 0.05 0.065 0.029 0.041 0.085 0.015 0.019 0.025 0.117 0.079 0.005 0.021 0.037
67 P 0.071 0.032 0.072 0.042 0.012 0.026 0.042 0.048 0.017 0.026 0.036 0.046 0.012 0.016 0.284 0.116 0.052 0.004 0.014 0.033
68 L 0.055 0.054 0.135 0.044 0.013 0.026 0.036 0.073 0.019 0.064 0.138 0.044 0.024 0.029 0.019 0.067 0.059 0.005 0.017 0.08
69 L 0.051 0.028 0.023 0.028 0.014 0.024 0.062 0.027 0.018 0.095 0.15 0.034 0.047 0.094 0.017 0.039 0.065 0.01 0.068 0.107
70 L 0.074 0.03 0.03 0.071 0.014 0.028 0.08 0.036 0.015 0.105 0.133 0.04 0.045 0.032 0.02 0.067 0.051 0.006 0.018 0.104
71 G 0.063 0.027 0.033 0.071 0.013 0.025 0.068 0.187 0.014 0.084 0.105 0.037 0.021 0.026 0.019 0.06 0.039 0.005 0.016 0.087
72 L 0.053 0.03 0.029 0.026 0.014 0.023 0.031 0.033 0.06 0.066 0.142 0.034 0.065 0.129 0.017 0.065 0.067 0.009 0.041 0.064
73 V 0.065 0.021 0.016 0.017 0.018 0.016 0.022 0.024 0.008 0.17 0.131 0.025 0.036 0.036 0.016 0.031 0.047 0.005 0.02 0.276
74 E 0.052 0.046 0.043 0.128 0.007 0.058 0.291 0.035 0.024 0.021 0.034 0.069 0.012 0.016 0.025 0.053 0.035 0.005 0.015 0.029
75 P 0.043 0.024 0.02 0.022 0.01 0.018 0.028 0.028 0.026 0.04 0.066 0.031 0.017 0.154 0.2 0.033 0.029 0.015 0.154 0.041
76 S 0.102 0.038 0.051 0.046 0.017 0.031 0.049 0.061 0.018 0.032 0.043 0.051 0.016 0.021 0.028 0.227 0.103 0.005 0.017 0.044
77 F 0.033 0.019 0.017 0.017 0.01 0.012 0.019 0.024 0.02 0.059 0.105 0.02 0.024 0.372 0.011 0.025 0.025 0.018 0.118 0.052
78 L 0.048 0.111 0.025 0.023 0.014 0.025 0.031 0.027 0.014 0.09 0.231 0.051 0.033 0.038 0.017 0.041 0.078 0.006 0.019 0.077
79 L 0.042 0.022 0.015 0.015 0.014 0.014 0.02 0.023 0.012 0.095 0.248 0.023 0.036 0.14 0.012 0.025 0.031 0.072 0.043 0.1
80 L 0.044 0.02 0.014 0.016 0.016 0.014 0.018 0.02 0.009 0.221 0.257 0.023 0.041 0.047 0.014 0.024 0.036 0.006 0.021 0.139
81 S 0.158 0.037 0.045 0.043 0.018 0.03 0.048 0.067 0.017 0.032 0.045 0.05 0.016 0.02 0.029 0.205 0.071 0.005 0.017 0.047
82 R 0.082 0.11 0.072 0.042 0.011 0.062 0.069 0.043 0.025 0.039 0.052 0.096 0.017 0.032 0.022 0.056 0.06 0.008 0.058 0.045
83 L 0.041 0.022 0.015 0.016 0.014 0.015 0.02 0.022 0.015 0.149 0.23 0.024 0.035 0.071 0.013 0.024 0.032 0.072 0.068 0.102
84 L 0.039 0.022 0.015 0.015 0.014 0.014 0.019 0.022 0.012 0.093 0.289 0.022 0.039 0.186 0.012 0.024 0.029 0.01 0.046 0.078
85 N 0.051 0.059 0.188 0.056 0.01 0.031 0.043 0.081 0.052 0.026 0.04 0.05 0.013 0.039 0.02 0.078 0.044 0.009 0.079 0.031
86 L 0.05 0.031 0.063 0.029 0.043 0.022 0.031 0.032 0.063 0.077 0.153 0.04 0.027 0.069 0.016 0.042 0.037 0.009 0.068 0.099
87 F 0.055 0.019 0.016 0.017 0.013 0.013 0.02 0.026 0.013 0.147 0.137 0.022 0.028 0.181 0.013 0.028 0.031 0.073 0.05 0.098
88 F 0.034 0.019 0.017 0.017 0.011 0.011 0.019 0.025 0.017 0.064 0.115 0.019 0.025 0.385 0.011 0.025 0.025 0.017 0.089 0.055
89 N 0.043 0.045 0.314 0.083 0.009 0.034 0.05 0.065 0.032 0.023 0.032 0.054 0.011 0.018 0.02 0.07 0.05 0.005 0.016 0.027
90 T 0.062 0.029 0.033 0.029 0.016 0.021 0.032 0.036 0.014 0.067 0.082 0.035 0.022 0.12 0.021 0.071 0.176 0.008 0.035 0.092
91 D 0.046 0.036 0.109 0.188 0.009 0.031 0.061 0.076 0.109 0.025 0.035 0.045 0.012 0.02 0.021 0.056 0.064 0.005 0.024 0.029
92 D 0.049 0.036 0.167 0.245 0.009 0.031 0.068 0.054 0.023 0.023 0.03 0.048 0.01 0.016 0.022 0.081 0.045 0.004 0.013 0.027
93 V 0.066 0.022 0.017 0.019 0.017 0.016 0.024 0.025 0.008 0.142 0.115 0.027 0.028 0.032 0.078 0.033 0.046 0.005 0.019 0.261
94 H 0.041 0.044 0.052 0.037 0.007 0.037 0.052 0.037 0.377 0.022 0.037 0.044 0.015 0.029 0.018 0.041 0.026 0.007 0.055 0.022
95 A 0.127 0.027 0.026 0.027 0.016 0.021 0.032 0.046 0.013 0.101 0.119 0.035 0.024 0.034 0.021 0.094 0.049 0.069 0.024 0.092
96 L 0.047 0.02 0.014 0.016 0.016 0.014 0.019 0.021 0.009 0.21 0.246 0.024 0.04 0.045 0.014 0.025 0.037 0.006 0.021 0.157
97 F 0.033 0.018 0.016 0.016 0.01 0.01 0.018 0.025 0.016 0.061 0.11 0.018 0.025 0.408 0.01 0.025 0.025 0.016 0.086 0.053
98 L 0.043 0.023 0.014 0.015 0.015 0.015 0.019 0.021 0.01 0.11 0.388 0.024 0.047 0.064 0.014 0.024 0.032 0.007 0.024 0.092
99 F 0.044 0.02 0.016 0.016 0.014 0.013 0.02 0.023 0.013 0.102 0.17 0.021 0.031 0.236 0.012 0.026 0.032 0.011 0.055 0.124
100 Y 0.039 0.027 0.021 0.018 0.009 0.021 0.027 0.024 0.045 0.042 0.066 0.03 0.018 0.126 0.015 0.03 0.027 0.027 0.341 0.045
101 A 0.314 0.03 0.025 0.029 0.021 0.025 0.039 0.076 0.014 0.042 0.057 0.043 0.017 0.021 0.029 0.082 0.048 0.005 0.017 0.066
102 L 0.084 0.025 0.021 0.022 0.015 0.018 0.026 0.034 0.013 0.117 0.199 0.029 0.042 0.109 0.017 0.06 0.04 0.008 0.032 0.09
103 L 0.043 0.022 0.017 0.017 0.014 0.015 0.02 0.054 0.013 0.111 0.229 0.024 0.054 0.159 0.013 0.027 0.031 0.01 0.041 0.085
104 G 0.076 0.022 0.038 0.033 0.01 0.018 0.025 0.527 0.013 0.018 0.027 0.033 0.009 0.016 0.018 0.05 0.029 0.005 0.01 0.023
105 V 0.059 0.021 0.015 0.017 0.017 0.015 0.021 0.023 0.008 0.164 0.198 0.025 0.036 0.04 0.015 0.029 0.043 0.006 0.02 0.228
106 S 0.119 0.035 0.044 0.04 0.048 0.028 0.043 0.057 0.016 0.038 0.05 0.047 0.017 0.021 0.027 0.169 0.127 0.005 0.017 0.053
107 L 0.042 0.022 0.014 0.015 0.015 0.015 0.019 0.021 0.01 0.128 0.332 0.023 0.043 0.096 0.013 0.024 0.032 0.008 0.029 0.098
108 K 0.055 0.103 0.04 0.04 0.008 0.052 0.068 0.042 0.02 0.027 0.042 0.303 0.015 0.015 0.027 0.052 0.038 0.005 0.017 0.032
109 L 0.041 0.023 0.016 0.016 0.014 0.016 0.021 0.024 0.014 0.089 0.238 0.025 0.074 0.184 0.013 0.027 0.031 0.011 0.046 0.077
110 L 0.047 0.031 0.023 0.03 0.012 0.05 0.068 0.027 0.02 0.12 0.12 0.039 0.046 0.104 0.016 0.034 0.035 0.01 0.07 0.097
111 A 0.314 0.03 0.025 0.029 0.021 0.025 0.039 0.076 0.014 0.042 0.057 0.043 0.017 0.021 0.029 0.082 0.048 0.005 0.017 0.066
112 F 0.037 0.018 0.016 0.017 0.012 0.011 0.018 0.023 0.013 0.149 0.13 0.02 0.029 0.271 0.012 0.024 0.03 0.012 0.061 0.097
113 K 0.051 0.202 0.039 0.036 0.008 0.05 0.062 0.038 0.021 0.025 0.043 0.233 0.015 0.016 0.024 0.048 0.037 0.005 0.017 0.031
114 K 0.053 0.147 0.04 0.039 0.008 0.086 0.071 0.04 0.022 0.026 0.043 0.227 0.016 0.015 0.024 0.051 0.038 0.005 0.017 0.032
115 L 0.046 0.029 0.042 0.024 0.013 0.021 0.028 0.028 0.062 0.081 0.265 0.031 0.036 0.055 0.016 0.043 0.035 0.009 0.065 0.071
116 T 0.083 0.035 0.043 0.038 0.017 0.028 0.041 0.049 0.015 0.049 0.095 0.045 0.021 0.025 0.026 0.15 0.158 0.006 0.018 0.059
117 P 0.098 0.039 0.057 0.071 0.012 0.058 0.087 0.05 0.019 0.027 0.04 0.055 0.014 0.017 0.147 0.103 0.049 0.004 0.016 0.037
118 L 0.044 0.025 0.02 0.019 0.074 0.024 0.025 0.025 0.05 0.1 0.204 0.027 0.032 0.098 0.014 0.029 0.031 0.01 0.071 0.078
119 Y 0.063 0.024 0.019 0.02 0.012 0.018 0.026 0.029 0.024 0.092 0.083 0.029 0.021 0.069 0.077 0.033 0.034 0.076 0.145 0.105
120 F 0.038 0.02 0.016 0.017 0.012 0.013 0.019 0.024 0.014 0.101 0.163 0.022 0.049 0.273 0.012 0.026 0.029 0.013 0.062 0.077
121 L 0.048 0.023 0.014 0.015 0.016 0.016 0.02 0.021 0.009 0.132 0.331 0.024 0.044 0.049 0.014 0.025 0.036 0.006 0.021 0.135
122 P 0.153 0.028 0.024 0.029 0.015 0.023 0.036 0.05 0.014 0.038 0.058 0.041 0.03 0.019 0.268 0.063 0.042 0.004 0.015 0.05
123 L 0.051 0.024 0.018 0.018 0.016 0.019 0.023 0.024 0.011 0.133 0.226 0.028 0.075 0.067 0.015 0.032 0.052 0.007 0.025 0.135
124 A 0.183 0.027 0.02 0.023 0.019 0.022 0.031 0.049 0.013 0.081 0.167 0.035 0.048 0.034 0.022 0.055 0.043 0.006 0.019 0.104
125 V 0.058 0.02 0.015 0.017 0.078 0.015 0.02 0.023 0.008 0.173 0.161 0.024 0.032 0.037 0.015 0.03 0.042 0.005 0.019 0.208
126 Y 0.039 0.027 0.021 0.018 0.009 0.021 0.027 0.024 0.045 0.042 0.066 0.03 0.018 0.126 0.015 0.03 0.027 0.027 0.341 0.045
127 L 0.049 0.022 0.015 0.017 0.016 0.017 0.02 0.022 0.01 0.195 0.222 0.026 0.067 0.045 0.015 0.027 0.038 0.006 0.021 0.151
128 G 0.089 0.03 0.042 0.038 0.075 0.024 0.037 0.233 0.015 0.027 0.038 0.041 0.013 0.018 0.023 0.147 0.055 0.005 0.014 0.036
129 F 0.038 0.032 0.143 0.043 0.009 0.023 0.035 0.04 0.07 0.039 0.066 0.036 0.017 0.179 0.015 0.043 0.034 0.012 0.087 0.038
130 Y 0.038 0.026 0.02 0.018 0.009 0.02 0.026 0.024 0.042 0.045 0.072 0.029 0.019 0.162 0.014 0.029 0.027 0.026 0.309 0.046
131 Y 0.038 0.025 0.02 0.018 0.009 0.018 0.025 0.024 0.038 0.047 0.077 0.027 0.02 0.197 0.014 0.029 0.026 0.024 0.277 0.047
132 I 0.053 0.026 0.021 0.035 0.014 0.026 0.094 0.024 0.012 0.193 0.121 0.036 0.029 0.034 0.017 0.033 0.04 0.006 0.019 0.166
133 L 0.043 0.023 0.014 0.015 0.016 0.016 0.02 0.021 0.01 0.111 0.397 0.024 0.048 0.053 0.014 0.023 0.032 0.007 0.022 0.093
134 H 0.042 0.048 0.05 0.038 0.007 0.062 0.058 0.037 0.333 0.023 0.038 0.05 0.015 0.028 0.019 0.042 0.028 0.007 0.051 0.024
135 E 0.05 0.043 0.046 0.17 0.007 0.054 0.262 0.037 0.023 0.021 0.033 0.066 0.012 0.016 0.024 0.053 0.035 0.005 0.015 0.029
136 L 0.041 0.023 0.015 0.016 0.014 0.016 0.02 0.022 0.012 0.097 0.299 0.024 0.06 0.141 0.013 0.025 0.031 0.009 0.038 0.083
137 T 0.071 0.034 0.042 0.036 0.017 0.027 0.038 0.042 0.013 0.051 0.063 0.044 0.019 0.023 0.027 0.09 0.272 0.006 0.017 0.069
138 Q 0.054 0.071 0.043 0.046 0.009 0.241 0.099 0.04 0.028 0.026 0.046 0.088 0.02 0.014 0.023 0.054 0.04 0.006 0.02 0.034
139 I 0.045 0.018 0.014 0.017 0.016 0.013 0.017 0.02 0.009 0.273 0.192 0.023 0.037 0.044 0.014 0.024 0.038 0.006 0.02 0.161
140 R 0.043 0.367 0.037 0.03 0.008 0.047 0.051 0.032 0.023 0.023 0.045 0.116 0.015 0.017 0.019 0.043 0.034 0.006 0.017 0.03
141 A 0.253 0.029 0.026 0.028 0.02 0.024 0.037 0.065 0.013 0.058 0.067 0.041 0.019 0.023 0.027 0.077 0.076 0.005 0.017 0.095
142 G 0.079 0.024 0.04 0.034 0.011 0.02 0.028 0.469 0.014 0.02 0.029 0.035 0.01 0.016 0.02 0.074 0.035 0.005 0.011 0.026
143 V 0.061 0.02 0.015 0.017 0.018 0.015 0.021 0.023 0.008 0.202 0.137 0.024 0.032 0.037 0.015 0.029 0.045 0.005 0.02 0.255
144 A 0.22 0.028 0.022 0.025 0.02 0.023 0.033 0.057 0.013 0.078 0.091 0.038 0.042 0.027 0.024 0.064 0.047 0.006 0.018 0.126
145 S 0.106 0.039 0.052 0.047 0.017 0.032 0.051 0.064 0.019 0.029 0.04 0.052 0.015 0.02 0.029 0.246 0.079 0.005 0.017 0.04
146 G 0.105 0.023 0.036 0.032 0.012 0.019 0.027 0.47 0.013 0.021 0.031 0.034 0.01 0.016 0.02 0.054 0.031 0.005 0.011 0.029
147 L 0.041 0.02 0.015 0.016 0.014 0.013 0.018 0.021 0.011 0.168 0.237 0.022 0.037 0.138 0.013 0.024 0.033 0.009 0.037 0.112
148 F 0.037 0.021 0.015 0.016 0.013 0.013 0.019 0.023 0.013 0.083 0.236 0.021 0.035 0.252 0.012 0.024 0.028 0.012 0.058 0.071
149 L 0.043 0.023 0.014 0.015 0.016 0.016 0.02 0.021 0.01 0.111 0.397 0.024 0.048 0.053 0.014 0.023 0.032 0.007 0.022 0.093
150 L 0.078 0.023 0.015 0.017 0.016 0.016 0.021 0.027 0.01 0.149 0.296 0.026 0.041 0.046 0.016 0.031 0.036 0.006 0.021 0.109
151 A 0.21 0.034 0.039 0.038 0.019 0.028 0.045 0.07 0.016 0.035 0.049 0.048 0.016 0.021 0.029 0.164 0.064 0.005 0.017 0.053
152 I 0.053 0.02 0.015 0.017 0.017 0.014 0.019 0.021 0.009 0.214 0.194 0.024 0.036 0.042 0.015 0.027 0.04 0.006 0.02 0.198
153 K 0.051 0.066 0.033 0.031 0.01 0.037 0.049 0.034 0.065 0.055 0.099 0.167 0.021 0.038 0.021 0.042 0.036 0.008 0.063 0.073
154 P 0.05 0.027 0.025 0.027 0.01 0.022 0.034 0.032 0.062 0.038 0.084 0.037 0.016 0.034 0.325 0.038 0.033 0.007 0.06 0.039
155 L 0.048 0.022 0.017 0.019 0.016 0.016 0.021 0.023 0.01 0.196 0.238 0.026 0.038 0.044 0.016 0.032 0.065 0.006 0.02 0.129
156 A 0.227 0.032 0.032 0.033 0.019 0.026 0.04 0.066 0.015 0.043 0.057 0.044 0.017 0.021 0.028 0.105 0.108 0.005 0.017 0.064
157 E 0.051 0.052 0.061 0.122 0.007 0.055 0.243 0.038 0.024 0.022 0.035 0.097 0.012 0.016 0.024 0.054 0.036 0.005 0.015 0.029
158 G 0.058 0.083 0.114 0.046 0.009 0.034 0.045 0.228 0.02 0.022 0.034 0.121 0.012 0.016 0.021 0.054 0.037 0.005 0.014 0.027
159 K 0.049 0.129 0.08 0.096 0.008 0.047 0.096 0.042 0.022 0.024 0.038 0.175 0.013 0.016 0.023 0.052 0.038 0.005 0.016 0.029
160 K 0.049 0.193 0.037 0.034 0.008 0.046 0.057 0.036 0.024 0.027 0.046 0.199 0.015 0.03 0.022 0.046 0.035 0.008 0.057 0.033
161 R 0.047 0.173 0.033 0.03 0.009 0.04 0.05 0.034 0.019 0.04 0.096 0.168 0.02 0.069 0.02 0.042 0.034 0.007 0.026 0.041
162 K 0.067 0.115 0.035 0.034 0.01 0.042 0.055 0.039 0.04 0.069 0.062 0.203 0.018 0.021 0.023 0.048 0.038 0.005 0.02 0.055
163 A 0.252 0.029 0.026 0.028 0.08 0.023 0.036 0.066 0.013 0.043 0.059 0.04 0.017 0.021 0.027 0.078 0.075 0.005 0.016 0.065
164 F 0.111 0.024 0.021 0.022 0.015 0.017 0.026 0.038 0.014 0.091 0.133 0.029 0.026 0.173 0.018 0.047 0.064 0.01 0.044 0.078
165 L 0.062 0.023 0.015 0.016 0.016 0.016 0.021 0.025 0.011 0.107 0.306 0.025 0.041 0.093 0.014 0.028 0.034 0.008 0.029 0.111
166 L 0.043 0.024 0.016 0.016 0.044 0.017 0.022 0.023 0.018 0.088 0.261 0.026 0.056 0.097 0.014 0.027 0.032 0.011 0.087 0.077
167 L 0.043 0.022 0.016 0.017 0.014 0.017 0.021 0.024 0.012 0.16 0.178 0.025 0.071 0.093 0.013 0.027 0.034 0.071 0.035 0.108
168 L 0.06 0.023 0.015 0.016 0.016 0.016 0.02 0.024 0.01 0.134 0.33 0.025 0.043 0.06 0.015 0.027 0.034 0.007 0.023 0.102
169 L 0.106 0.023 0.02 0.021 0.047 0.017 0.024 0.096 0.01 0.117 0.169 0.029 0.029 0.034 0.018 0.041 0.04 0.006 0.018 0.137
170 G 0.202 0.026 0.031 0.031 0.016 0.022 0.032 0.287 0.014 0.031 0.043 0.038 0.013 0.018 0.024 0.067 0.039 0.005 0.014 0.046
171 L 0.085 0.029 0.031 0.03 0.016 0.023 0.033 0.042 0.015 0.095 0.133 0.037 0.046 0.08 0.021 0.114 0.059 0.007 0.027 0.078
172 F 0.049 0.02 0.016 0.016 0.075 0.013 0.02 0.024 0.011 0.099 0.163 0.022 0.03 0.176 0.013 0.028 0.035 0.01 0.044 0.136
173 F 0.034 0.018 0.016 0.016 0.011 0.011 0.018 0.024 0.015 0.091 0.117 0.019 0.026 0.362 0.011 0.024 0.026 0.015 0.078 0.068
174 H 0.041 0.044 0.052 0.037 0.007 0.037 0.052 0.037 0.377 0.022 0.037 0.044 0.015 0.029 0.018 0.041 0.026 0.007 0.055 0.022
175 Y 0.041 0.025 0.019 0.018 0.011 0.019 0.025 0.023 0.036 0.101 0.089 0.028 0.022 0.105 0.015 0.029 0.03 0.022 0.261 0.08
176 S 0.106 0.039 0.052 0.047 0.017 0.032 0.051 0.064 0.019 0.029 0.04 0.052 0.015 0.02 0.029 0.246 0.079 0.005 0.017 0.04
177 S 0.158 0.037 0.045 0.043 0.018 0.03 0.048 0.067 0.017 0.032 0.045 0.05 0.016 0.02 0.029 0.205 0.071 0.005 0.017 0.047
178 L 0.082 0.022 0.019 0.02 0.016 0.017 0.023 0.03 0.01 0.187 0.195 0.028 0.034 0.04 0.017 0.039 0.067 0.006 0.02 0.125
179 I 0.151 0.024 0.022 0.024 0.018 0.019 0.028 0.044 0.011 0.161 0.108 0.033 0.026 0.032 0.021 0.055 0.072 0.005 0.018 0.127
180 L 0.043 0.023 0.014 0.015 0.016 0.016 0.02 0.021 0.01 0.111 0.397 0.024 0.048 0.053 0.014 0.023 0.032 0.007 0.022 0.093
181 L 0.039 0.022 0.015 0.015 0.014 0.014 0.019 0.022 0.012 0.093 0.289 0.022 0.039 0.186 0.012 0.024 0.029 0.01 0.046 0.078
182 P 0.055 0.025 0.023 0.03 0.01 0.02 0.035 0.035 0.012 0.025 0.035 0.04 0.01 0.012 0.511 0.042 0.035 0.003 0.012 0.03
183 L 0.05 0.025 0.021 0.021 0.016 0.018 0.024 0.027 0.011 0.105 0.246 0.028 0.036 0.088 0.017 0.041 0.093 0.008 0.028 0.099
184 L 0.044 0.024 0.014 0.015 0.016 0.017 0.02 0.021 0.01 0.121 0.356 0.026 0.065 0.051 0.014 0.025 0.033 0.007 0.022 0.097
185 L 0.043 0.022 0.015 0.015 0.014 0.014 0.02 0.022 0.011 0.103 0.282 0.023 0.039 0.15 0.013 0.025 0.032 0.009 0.039 0.107
186 L 0.041 0.023 0.014 0.015 0.015 0.015 0.019 0.021 0.011 0.102 0.343 0.023 0.044 0.119 0.013 0.024 0.031 0.009 0.034 0.085
187 G 0.07 0.042 0.103 0.107 0.011 0.031 0.052 0.174 0.02 0.023 0.033 0.077 0.012 0.017 0.023 0.109 0.049 0.005 0.014 0.03
188 N 0.049 0.043 0.304 0.076 0.01 0.032 0.048 0.063 0.029 0.023 0.032 0.052 0.011 0.018 0.021 0.09 0.052 0.004 0.015 0.028
189 K 0.055 0.103 0.04 0.04 0.008 0.052 0.068 0.042 0.02 0.027 0.042 0.303 0.015 0.015 0.027 0.052 0.038 0.005 0.017 0.032
190 P 0.05 0.035 0.076 0.127 0.008 0.036 0.136 0.04 0.02 0.023 0.033 0.052 0.011 0.015 0.206 0.05 0.037 0.004 0.014 0.028
191 L 0.042 0.023 0.015 0.016 0.014 0.016 0.021 0.023 0.012 0.108 0.272 0.025 0.068 0.14 0.013 0.026 0.032 0.009 0.038 0.087
192 N 0.052 0.04 0.228 0.064 0.012 0.03 0.044 0.055 0.024 0.033 0.043 0.049 0.014 0.019 0.022 0.076 0.132 0.005 0.016 0.042
193 L 0.051 0.133 0.029 0.028 0.012 0.048 0.046 0.031 0.017 0.067 0.138 0.122 0.045 0.029 0.019 0.04 0.037 0.006 0.019 0.083
194 K 0.054 0.116 0.04 0.04 0.008 0.075 0.071 0.041 0.021 0.026 0.042 0.264 0.016 0.015 0.026 0.051 0.038 0.005 0.017 0.032
195 E 0.053 0.037 0.069 0.043 0.011 0.056 0.085 0.067 0.023 0.047 0.057 0.047 0.017 0.038 0.019 0.051 0.073 0.071 0.064 0.07
196 R 0.054 0.18 0.058 0.038 0.01 0.061 0.057 0.04 0.021 0.031 0.056 0.14 0.017 0.018 0.023 0.066 0.069 0.005 0.017 0.038
197 I 0.046 0.019 0.015 0.017 0.015 0.013 0.018 0.021 0.01 0.226 0.18 0.023 0.035 0.089 0.014 0.025 0.037 0.007 0.028 0.162
198 L 0.082 0.022 0.016 0.018 0.047 0.016 0.022 0.029 0.01 0.161 0.213 0.027 0.045 0.041 0.016 0.034 0.039 0.006 0.02 0.136
199 L 0.037 0.021 0.014 0.015 0.012 0.014 0.02 0.024 0.012 0.097 0.202 0.023 0.031 0.098 0.011 0.023 0.028 0.196 0.046 0.074
200 A 0.212 0.027 0.022 0.024 0.018 0.021 0.032 0.055 0.017 0.081 0.105 0.036 0.023 0.052 0.023 0.061 0.042 0.009 0.06 0.079
201 L 0.095 0.027 0.025 0.025 0.077 0.022 0.029 0.07 0.013 0.072 0.175 0.034 0.057 0.034 0.019 0.079 0.045 0.006 0.018 0.076
202 L 0.095 0.025 0.019 0.021 0.017 0.018 0.026 0.034 0.011 0.122 0.247 0.03 0.036 0.041 0.018 0.055 0.042 0.006 0.02 0.119
203 I 0.049 0.018 0.014 0.017 0.016 0.013 0.018 0.021 0.008 0.274 0.157 0.023 0.035 0.041 0.014 0.025 0.04 0.006 0.02 0.19
204 P 0.055 0.025 0.023 0.03 0.01 0.02 0.035 0.035 0.012 0.025 0.035 0.04 0.01 0.012 0.511 0.042 0.035 0.003 0.012 0.03
205 L 0.098 0.025 0.02 0.021 0.016 0.018 0.026 0.034 0.012 0.099 0.217 0.03 0.038 0.085 0.018 0.044 0.066 0.007 0.028 0.097
206 G 0.124 0.026 0.037 0.034 0.013 0.021 0.031 0.384 0.014 0.024 0.035 0.037 0.011 0.017 0.022 0.08 0.039 0.005 0.012 0.034
207 Y 0.038 0.026 0.02 0.018 0.009 0.02 0.026 0.024 0.042 0.045 0.072 0.029 0.019 0.162 0.014 0.029 0.027 0.026 0.309 0.046
208 L 0.055 0.021 0.015 0.016 0.017 0.015 0.021 0.022 0.009 0.162 0.216 0.024 0.037 0.053 0.015 0.028 0.041 0.006 0.022 0.204
209 I 0.048 0.02 0.015 0.017 0.016 0.014 0.019 0.022 0.01 0.205 0.18 0.024 0.044 0.088 0.014 0.026 0.038 0.007 0.029 0.164
210 Y 0.045 0.026 0.023 0.021 0.01 0.02 0.028 0.03 0.033 0.042 0.069 0.03 0.018 0.157 0.015 0.055 0.032 0.083 0.218 0.044
211 F 0.04 0.021 0.02 0.019 0.012 0.014 0.022 0.026 0.019 0.087 0.105 0.024 0.024 0.279 0.013 0.033 0.058 0.015 0.101 0.069
212 L 0.096 0.029 0.03 0.028 0.016 0.023 0.032 0.102 0.013 0.065 0.167 0.037 0.037 0.032 0.021 0.079 0.1 0.006 0.018 0.068
213 G 0.063 0.028 0.074 0.037 0.01 0.022 0.03 0.344 0.06 0.031 0.075 0.035 0.015 0.022 0.018 0.047 0.031 0.006 0.018 0.032
214 I 0.053 0.022 0.023 0.023 0.015 0.017 0.023 0.088 0.011 0.177 0.14 0.029 0.039 0.059 0.017 0.04 0.08 0.007 0.023 0.116
215 S 0.076 0.038 0.143 0.103 0.013 0.031 0.053 0.09 0.022 0.025 0.035 0.05 0.013 0.018 0.024 0.154 0.061 0.005 0.015 0.033
216 I 0.049 0.021 0.019 0.02 0.015 0.016 0.021 0.024 0.011 0.202 0.145 0.027 0.051 0.086 0.016 0.034 0.067 0.007 0.028 0.141
217 L 0.062 0.028 0.029 0.026 0.016 0.021 0.029 0.095 0.012 0.074 0.223 0.034 0.032 0.037 0.019 0.071 0.098 0.006 0.018 0.072
218 L 0.049 0.026 0.021 0.021 0.015 0.019 0.025 0.027 0.013 0.088 0.229 0.03 0.064 0.116 0.016 0.04 0.079 0.009 0.034 0.08
219 N 0.059 0.036 0.155 0.1 0.013 0.028 0.048 0.052 0.021 0.063 0.054 0.046 0.016 0.022 0.022 0.098 0.093 0.005 0.016 0.055
220 L 0.057 0.026 0.024 0.024 0.015 0.019 0.028 0.031 0.012 0.115 0.211 0.033 0.032 0.037 0.08 0.064 0.077 0.006 0.019 0.089
221 P 0.064 0.03 0.05 0.121 0.011 0.025 0.051 0.045 0.016 0.025 0.034 0.044 0.011 0.015 0.268 0.096 0.046 0.003 0.013 0.031
222 I 0.044 0.018 0.014 0.017 0.015 0.013 0.018 0.021 0.01 0.243 0.185 0.022 0.036 0.09 0.014 0.024 0.036 0.007 0.028 0.146
223 P 0.057 0.025 0.024 0.03 0.01 0.02 0.034 0.096 0.013 0.024 0.034 0.039 0.01 0.013 0.449 0.043 0.034 0.003 0.012 0.029
224 F 0.038 0.023 0.017 0.017 0.011 0.016 0.022 0.023 0.025 0.068 0.174 0.024 0.029 0.202 0.013 0.026 0.028 0.018 0.163 0.061
225 I 0.079 0.019 0.016 0.019 0.016 0.014 0.02 0.027 0.009 0.264 0.149 0.025 0.033 0.04 0.016 0.031 0.04 0.006 0.02 0.158
226 G 0.081 0.032 0.042 0.038 0.012 0.05 0.041 0.35 0.016 0.022 0.033 0.044 0.012 0.017 0.021 0.099 0.043 0.005 0.013 0.029
227 D 0.043 0.037 0.128 0.251 0.008 0.038 0.136 0.047 0.023 0.022 0.03 0.053 0.01 0.016 0.022 0.055 0.038 0.004 0.013 0.026
228 K 0.055 0.103 0.04 0.04 0.008 0.052 0.068 0.042 0.02 0.027 0.042 0.303 0.015 0.015 0.027 0.052 0.038 0.005 0.017 0.032
229 L 0.043 0.022 0.014 0.015 0.016 0.015 0.019 0.02 0.01 0.146 0.353 0.024 0.046 0.051 0.014 0.024 0.033 0.007 0.021 0.108
230 A 0.119 0.035 0.113 0.098 0.013 0.031 0.081 0.055 0.02 0.062 0.055 0.048 0.016 0.021 0.023 0.084 0.047 0.005 0.016 0.056
231 L 0.101 0.023 0.02 0.021 0.017 0.018 0.025 0.034 0.011 0.159 0.168 0.03 0.031 0.048 0.018 0.044 0.069 0.006 0.021 0.136
232 Y 0.039 0.027 0.021 0.018 0.009 0.021 0.027 0.024 0.045 0.042 0.066 0.03 0.018 0.126 0.015 0.03 0.027 0.027 0.341 0.045
233 Q 0.069 0.07 0.043 0.067 0.009 0.191 0.091 0.043 0.026 0.026 0.045 0.109 0.018 0.015 0.024 0.055 0.04 0.005 0.019 0.035
234 E 0.08 0.052 0.058 0.051 0.011 0.065 0.112 0.106 0.021 0.031 0.05 0.096 0.025 0.019 0.024 0.081 0.058 0.005 0.017 0.039
235 L 0.171 0.027 0.02 0.022 0.018 0.02 0.029 0.047 0.012 0.077 0.227 0.034 0.032 0.037 0.021 0.053 0.047 0.006 0.019 0.08
236 K 0.058 0.064 0.035 0.041 0.011 0.066 0.089 0.036 0.019 0.054 0.073 0.147 0.039 0.022 0.023 0.052 0.069 0.006 0.018 0.076
237 E 0.05 0.046 0.046 0.165 0.007 0.076 0.235 0.037 0.024 0.022 0.035 0.067 0.013 0.015 0.024 0.053 0.036 0.005 0.015 0.029
238 K 0.054 0.08 0.038 0.047 0.009 0.074 0.114 0.038 0.021 0.034 0.06 0.199 0.037 0.019 0.024 0.05 0.038 0.006 0.018 0.039
239 G 0.076 0.022 0.038 0.033 0.01 0.018 0.025 0.527 0.013 0.018 0.027 0.033 0.009 0.016 0.018 0.05 0.029 0.005 0.01 0.023
240 L 0.053 0.044 0.027 0.026 0.013 0.027 0.036 0.03 0.017 0.119 0.129 0.098 0.026 0.043 0.02 0.044 0.081 0.008 0.059 0.099
241 A 0.129 0.024 0.02 0.022 0.016 0.018 0.026 0.071 0.014 0.109 0.112 0.03 0.049 0.126 0.018 0.046 0.037 0.008 0.035 0.087
242 G 0.075 0.03 0.038 0.034 0.016 0.024 0.034 0.138 0.014 0.088 0.072 0.04 0.02 0.025 0.023 0.099 0.135 0.006 0.017 0.075
243 D 0.055 0.027 0.038 0.176 0.013 0.027 0.084 0.033 0.014 0.09 0.078 0.038 0.02 0.025 0.019 0.041 0.041 0.005 0.016 0.159
244 E 0.107 0.039 0.079 0.108 0.011 0.041 0.152 0.081 0.021 0.026 0.038 0.056 0.013 0.017 0.025 0.084 0.044 0.005 0.015 0.037
245 I 0.054 0.02 0.016 0.017 0.017 0.016 0.02 0.022 0.009 0.22 0.152 0.025 0.053 0.04 0.015 0.028 0.042 0.006 0.02 0.207
246 N 0.043 0.042 0.268 0.123 0.008 0.036 0.087 0.057 0.028 0.022 0.031 0.054 0.011 0.017 0.02 0.063 0.045 0.004 0.015 0.026
247 V 0.059 0.02 0.015 0.017 0.017 0.015 0.021 0.022 0.008 0.187 0.169 0.025 0.034 0.039 0.015 0.029 0.043 0.006 0.02 0.238
248 F 0.037 0.019 0.016 0.016 0.011 0.011 0.019 0.024 0.015 0.075 0.121 0.019 0.026 0.35 0.011 0.025 0.028 0.015 0.076 0.084
249 N 0.053 0.037 0.198 0.155 0.01 0.03 0.055 0.117 0.024 0.022 0.03 0.047 0.011 0.017 0.021 0.083 0.046 0.004 0.014 0.027
250 P 0.064 0.024 0.019 0.023 0.012 0.018 0.029 0.032 0.012 0.054 0.151 0.033 0.023 0.031 0.262 0.036 0.033 0.067 0.022 0.052
251 V 0.061 0.022 0.015 0.017 0.018 0.016 0.022 0.023 0.008 0.147 0.194 0.025 0.035 0.039 0.015 0.03 0.044 0.006 0.02 0.243
252 F 0.038 0.028 0.026 0.022 0.01 0.02 0.029 0.027 0.113 0.053 0.117 0.029 0.023 0.198 0.014 0.03 0.026 0.016 0.134 0.048
253 L 0.043 0.023 0.015 0.016 0.015 0.016 0.02 0.022 0.011 0.121 0.313 0.025 0.061 0.095 0.014 0.025 0.033 0.008 0.03 0.095
254 V 0.059 0.023 0.016 0.017 0.017 0.017 0.022 0.023 0.009 0.139 0.202 0.026 0.055 0.041 0.015 0.03 0.043 0.006 0.021 0.218
255 K 0.071 0.105 0.082 0.047 0.011 0.041 0.057 0.052 0.021 0.026 0.04 0.154 0.015 0.017 0.026 0.126 0.054 0.005 0.017 0.034
256 I 0.053 0.022 0.056 0.025 0.016 0.016 0.023 0.027 0.011 0.21 0.132 0.027 0.031 0.036 0.016 0.032 0.043 0.005 0.019 0.199
257 L 0.046 0.024 0.016 0.017 0.015 0.018 0.021 0.023 0.012 0.138 0.235 0.027 0.086 0.092 0.014 0.028 0.035 0.008 0.03 0.114
258 I 0.045 0.02 0.015 0.017 0.016 0.015 0.019 0.021 0.01 0.225 0.224 0.025 0.058 0.046 0.014 0.025 0.037 0.006 0.021 0.141
259 F 0.036 0.022 0.019 0.017 0.01 0.015 0.022 0.024 0.03 0.052 0.09 0.024 0.022 0.276 0.013 0.027 0.026 0.021 0.205 0.049
260 Y 0.039 0.025 0.019 0.017 0.01 0.018 0.024 0.023 0.033 0.059 0.136 0.027 0.025 0.165 0.014 0.028 0.028 0.021 0.233 0.056
261 Y 0.038 0.025 0.02 0.018 0.009 0.018 0.025 0.024 0.038 0.047 0.077 0.027 0.02 0.197 0.014 0.029 0.026 0.024 0.277 0.047
262 L 0.049 0.024 0.021 0.021 0.015 0.017 0.023 0.026 0.011 0.136 0.219 0.028 0.035 0.087 0.017 0.04 0.093 0.007 0.028 0.101
263 L 0.042 0.022 0.014 0.015 0.015 0.015 0.019 0.021 0.01 0.13 0.34 0.024 0.044 0.085 0.013 0.024 0.032 0.008 0.027 0.099
264 Y 0.04 0.023 0.018 0.017 0.012 0.017 0.023 0.023 0.028 0.117 0.137 0.026 0.027 0.131 0.014 0.027 0.03 0.018 0.189 0.084
265 F 0.039 0.023 0.017 0.017 0.012 0.017 0.022 0.026 0.016 0.075 0.14 0.025 0.086 0.272 0.012 0.028 0.03 0.013 0.062 0.067
266 Y 0.051 0.084 0.033 0.029 0.01 0.038 0.043 0.034 0.066 0.034 0.054 0.081 0.017 0.073 0.019 0.063 0.036 0.016 0.183 0.038
267 D 0.046 0.052 0.072 0.24 0.008 0.041 0.124 0.043 0.021 0.023 0.033 0.114 0.011 0.015 0.023 0.052 0.036 0.004 0.014 0.027
268 T 0.099 0.033 0.037 0.033 0.017 0.025 0.036 0.044 0.013 0.057 0.103 0.042 0.022 0.026 0.025 0.085 0.208 0.006 0.018 0.07
269 I 0.049 0.019 0.014 0.017 0.016 0.014 0.018 0.021 0.009 0.247 0.185 0.023 0.036 0.042 0.014 0.026 0.039 0.006 0.02 0.184
270 T 0.065 0.086 0.04 0.042 0.013 0.037 0.079 0.041 0.022 0.036 0.051 0.088 0.016 0.033 0.024 0.092 0.123 0.008 0.057 0.047
271 A 0.139 0.056 0.037 0.043 0.013 0.049 0.091 0.112 0.063 0.029 0.044 0.085 0.015 0.019 0.025 0.072 0.041 0.006 0.021 0.041
272 K 0.044 0.051 0.071 0.039 0.009 0.034 0.061 0.036 0.09 0.042 0.095 0.104 0.02 0.086 0.019 0.042 0.033 0.01 0.073 0.041
273 N 0.045 0.035 0.228 0.058 0.072 0.026 0.037 0.05 0.023 0.061 0.093 0.042 0.018 0.024 0.018 0.054 0.043 0.005 0.016 0.052
274 K 0.055 0.082 0.075 0.059 0.01 0.041 0.087 0.042 0.02 0.036 0.083 0.148 0.018 0.021 0.054 0.067 0.042 0.005 0.017 0.039
275 Y 0.043 0.029 0.083 0.054 0.07 0.023 0.033 0.034 0.036 0.037 0.057 0.034 0.016 0.086 0.016 0.04 0.032 0.018 0.218 0.041
276 L 0.054 0.024 0.02 0.02 0.013 0.017 0.024 0.028 0.021 0.095 0.169 0.027 0.029 0.155 0.015 0.048 0.035 0.014 0.117 0.075
277 P 0.06 0.029 0.066 0.038 0.011 0.023 0.039 0.042 0.015 0.025 0.035 0.043 0.011 0.014 0.389 0.071 0.042 0.003 0.013 0.031
278 L 0.047 0.021 0.014 0.016 0.016 0.015 0.019 0.021 0.009 0.186 0.275 0.024 0.041 0.047 0.014 0.025 0.037 0.006 0.021 0.147
279 L 0.047 0.025 0.015 0.016 0.016 0.018 0.021 0.022 0.011 0.115 0.324 0.026 0.072 0.049 0.014 0.027 0.035 0.007 0.022 0.117
280 L 0.044 0.021 0.014 0.016 0.016 0.015 0.019 0.02 0.009 0.181 0.309 0.024 0.043 0.049 0.014 0.024 0.035 0.006 0.021 0.122
281 K 0.055 0.103 0.04 0.04 0.008 0.052 0.068 0.042 0.02 0.027 0.042 0.303 0.015 0.015 0.027 0.052 0.038 0.005 0.017 0.032
282 I 0.052 0.022 0.018 0.019 0.016 0.017 0.022 0.024 0.01 0.2 0.178 0.027 0.054 0.041 0.016 0.035 0.068 0.006 0.02 0.153
283 L 0.058 0.031 0.025 0.03 0.014 0.029 0.065 0.031 0.019 0.082 0.154 0.039 0.086 0.049 0.018 0.061 0.042 0.009 0.061 0.096
284 G 0.195 0.026 0.031 0.031 0.016 0.021 0.032 0.301 0.014 0.03 0.042 0.038 0.013 0.018 0.023 0.066 0.038 0.005 0.014 0.045
285 L 0.05 0.022 0.016 0.017 0.016 0.016 0.021 0.022 0.009 0.163 0.266 0.025 0.04 0.045 0.015 0.029 0.052 0.006 0.021 0.148
286 G 0.121 0.031 0.043 0.039 0.015 0.026 0.039 0.239 0.016 0.026 0.038 0.044 0.013 0.019 0.025 0.152 0.056 0.005 0.014 0.037
287 L 0.044 0.022 0.014 0.015 0.016 0.015 0.019 0.02 0.009 0.158 0.338 0.024 0.045 0.05 0.014 0.024 0.034 0.007 0.021 0.112
288 F 0.045 0.021 0.021 0.02 0.012 0.014 0.023 0.029 0.016 0.066 0.103 0.023 0.024 0.324 0.013 0.053 0.034 0.014 0.071 0.074
289 L 0.069 0.028 0.028 0.027 0.077 0.021 0.031 0.038 0.013 0.083 0.207 0.034 0.031 0.036 0.02 0.109 0.051 0.006 0.018 0.073
290 F 0.037 0.026 0.023 0.02 0.009 0.019 0.027 0.026 0.076 0.047 0.079 0.027 0.02 0.22 0.014 0.029 0.026 0.021 0.21 0.045
291 L 0.069 0.03 0.033 0.031 0.016 0.024 0.034 0.039 0.013 0.089 0.138 0.039 0.036 0.031 0.053 0.102 0.12 0.006 0.018 0.078
292 A 0.245 0.031 0.032 0.033 0.019 0.025 0.039 0.13 0.015 0.036 0.05 0.043 0.016 0.02 0.027 0.109 0.052 0.005 0.016 0.056
293 L 0.041 0.023 0.014 0.015 0.015 0.015 0.019 0.021 0.011 0.104 0.352 0.023 0.044 0.108 0.013 0.024 0.031 0.008 0.032 0.087
294 G 0.138 0.033 0.043 0.04 0.016 0.027 0.042 0.182 0.016 0.029 0.04 0.046 0.014 0.019 0.026 0.166 0.061 0.005 0.015 0.041
295 F 0.089 0.031 0.03 0.029 0.013 0.046 0.039 0.043 0.018 0.046 0.078 0.039 0.021 0.213 0.019 0.091 0.043 0.011 0.052 0.049
296 L 0.044 0.022 0.014 0.015 0.016 0.015 0.019 0.02 0.009 0.158 0.338 0.024 0.045 0.05 0.014 0.024 0.034 0.007 0.021 0.112
297 P 0.055 0.025 0.023 0.03 0.01 0.02 0.035 0.035 0.012 0.025 0.035 0.04 0.01 0.012 0.511 0.042 0.035 0.003 0.012 0.03
298 V 0.062 0.02 0.016 0.017 0.018 0.015 0.021 0.023 0.008 0.193 0.135 0.025 0.032 0.037 0.016 0.03 0.045 0.005 0.02 0.263
299 L 0.045 0.023 0.014 0.015 0.016 0.016 0.02 0.021 0.01 0.114 0.38 0.024 0.047 0.052 0.014 0.024 0.033 0.007 0.021 0.105
300 A 0.262 0.032 0.032 0.033 0.02 0.027 0.042 0.073 0.015 0.038 0.053 0.045 0.016 0.021 0.029 0.123 0.056 0.005 0.017 0.06
301 L 0.041 0.026 0.019 0.025 0.013 0.021 0.058 0.025 0.015 0.08 0.218 0.03 0.052 0.181 0.014 0.029 0.031 0.01 0.045 0.07
302 R 0.043 0.367 0.037 0.03 0.008 0.047 0.051 0.032 0.023 0.023 0.045 0.116 0.015 0.017 0.019 0.043 0.034 0.006 0.017 0.03
303 L 0.052 0.022 0.018 0.019 0.016 0.016 0.021 0.024 0.009 0.193 0.202 0.026 0.036 0.041 0.016 0.034 0.068 0.006 0.02 0.162
304 S 0.101 0.036 0.048 0.043 0.077 0.03 0.046 0.06 0.017 0.031 0.043 0.048 0.015 0.02 0.027 0.22 0.074 0.005 0.016 0.042
305 E 0.052 0.051 0.038 0.068 0.008 0.102 0.228 0.034 0.028 0.025 0.042 0.071 0.015 0.029 0.023 0.051 0.036 0.008 0.058 0.033
306 L 0.043 0.023 0.014 0.015 0.016 0.016 0.02 0.021 0.01 0.111 0.397 0.024 0.048 0.053 0.014 0.023 0.032 0.007 0.022 0.093
307 Y 0.04 0.026 0.019 0.017 0.011 0.02 0.025 0.023 0.036 0.059 0.149 0.029 0.026 0.108 0.015 0.028 0.028 0.022 0.261 0.057
308 G 0.064 0.064 0.03 0.026 0.133 0.021 0.026 0.278 0.017 0.028 0.043 0.039 0.013 0.031 0.017 0.044 0.031 0.008 0.053 0.035
309 I 0.048 0.018 0.014 0.017 0.016 0.013 0.018 0.02 0.008 0.279 0.158 0.023 0.035 0.042 0.014 0.025 0.04 0.006 0.02 0.186
310 V 0.068 0.023 0.019 0.02 0.018 0.017 0.024 0.026 0.009 0.146 0.118 0.028 0.029 0.033 0.017 0.039 0.076 0.005 0.02 0.265
311 N 0.045 0.039 0.145 0.136 0.009 0.039 0.137 0.044 0.034 0.056 0.048 0.053 0.014 0.02 0.021 0.054 0.04 0.005 0.016 0.045
312 I 0.051 0.018 0.015 0.017 0.016 0.014 0.018 0.021 0.008 0.261 0.153 0.023 0.034 0.041 0.015 0.026 0.041 0.006 0.02 0.201
313 L 0.045 0.021 0.015 0.017 0.015 0.015 0.02 0.022 0.014 0.172 0.198 0.024 0.034 0.1 0.014 0.026 0.035 0.01 0.069 0.136
314 L 0.044 0.024 0.014 0.016 0.016 0.017 0.02 0.021 0.01 0.133 0.342 0.026 0.064 0.051 0.014 0.025 0.034 0.007 0.022 0.102
315 F 0.035 0.019 0.017 0.017 0.011 0.012 0.019 0.024 0.019 0.088 0.111 0.02 0.025 0.327 0.011 0.025 0.027 0.016 0.109 0.067
316 T 0.104 0.031 0.037 0.034 0.016 0.025 0.037 0.108 0.014 0.047 0.055 0.042 0.017 0.021 0.086 0.094 0.146 0.005 0.016 0.068
317 G 0.096 0.031 0.108 0.042 0.104 0.024 0.036 0.112 0.022 0.032 0.046 0.04 0.014 0.032 0.021 0.091 0.046 0.007 0.055 0.041
318 L 0.047 0.02 0.014 0.016 0.016 0.014 0.019 0.021 0.009 0.221 0.231 0.024 0.039 0.045 0.014 0.025 0.038 0.006 0.02 0.162
319 F 0.05 0.025 0.022 0.021 0.012 0.019 0.026 0.029 0.026 0.085 0.094 0.029 0.028 0.162 0.016 0.056 0.037 0.016 0.156 0.091
320 Y 0.039 0.027 0.021 0.018 0.009 0.021 0.027 0.024 0.045 0.042 0.066 0.03 0.018 0.126 0.015 0.03 0.027 0.027 0.341 0.045
