#Seq2Logo.py -f /work3/idamei/ssn-clusterings/clustering/2205111339/clusters/0007_463/sequences.afa -o /work3/idamei/ssn-clusterings/clustering/2205111339/clusters/0007_463/sequences.logo
#Position Specific Frequency Matrix
A R N D C Q E G H I L K M F P S T W Y V
0 L 0.051 0.031 0.02 0.02 0.016 0.027 0.027 0.027 0.016 0.097 0.191 0.035 0.185 0.047 0.016 0.035 0.039 0.008 0.023 0.09
1 R 0.057 0.198 0.04 0.033 0.012 0.037 0.045 0.037 0.018 0.037 0.054 0.081 0.017 0.02 0.023 0.067 0.149 0.006 0.017 0.05
2 G 0.103 0.083 0.039 0.095 0.013 0.028 0.046 0.127 0.016 0.07 0.06 0.052 0.017 0.022 0.022 0.082 0.044 0.005 0.015 0.06
3 A 0.151 0.086 0.035 0.033 0.016 0.029 0.042 0.057 0.018 0.038 0.059 0.055 0.017 0.084 0.024 0.119 0.053 0.007 0.029 0.05
4 G 0.069 0.029 0.042 0.096 0.013 0.024 0.041 0.203 0.014 0.042 0.096 0.039 0.018 0.024 0.021 0.084 0.078 0.005 0.015 0.046
5 L 0.049 0.08 0.024 0.023 0.011 0.022 0.029 0.11 0.014 0.054 0.157 0.044 0.024 0.035 0.096 0.034 0.031 0.089 0.025 0.05
6 A 0.29 0.031 0.026 0.03 0.022 0.026 0.04 0.078 0.015 0.043 0.059 0.045 0.018 0.022 0.03 0.085 0.05 0.005 0.018 0.069
7 R 0.045 0.345 0.039 0.031 0.008 0.048 0.052 0.033 0.023 0.023 0.047 0.12 0.016 0.017 0.019 0.045 0.035 0.006 0.017 0.031
8 P 0.057 0.026 0.023 0.031 0.01 0.021 0.036 0.036 0.013 0.026 0.036 0.041 0.01 0.013 0.494 0.044 0.036 0.003 0.013 0.031
9 W 0.032 0.021 0.016 0.016 0.009 0.013 0.021 0.028 0.016 0.047 0.083 0.021 0.02 0.225 0.009 0.024 0.024 0.256 0.078 0.042
10 G 0.061 0.023 0.027 0.024 0.013 0.017 0.023 0.267 0.012 0.067 0.203 0.029 0.029 0.035 0.016 0.038 0.031 0.006 0.016 0.06
11 L 0.05 0.049 0.029 0.031 0.012 0.117 0.061 0.031 0.02 0.071 0.213 0.058 0.035 0.035 0.019 0.04 0.037 0.006 0.021 0.065
12 T 0.091 0.038 0.049 0.043 0.018 0.03 0.046 0.055 0.016 0.041 0.053 0.05 0.018 0.022 0.029 0.158 0.166 0.006 0.018 0.056
13 W 0.037 0.023 0.015 0.015 0.012 0.016 0.021 0.026 0.013 0.072 0.216 0.024 0.032 0.057 0.011 0.023 0.028 0.251 0.045 0.063
14 D 0.131 0.055 0.045 0.158 0.012 0.036 0.067 0.055 0.018 0.031 0.043 0.125 0.014 0.017 0.026 0.063 0.041 0.005 0.015 0.042
15 G 0.114 0.031 0.095 0.043 0.014 0.024 0.035 0.245 0.017 0.031 0.042 0.041 0.013 0.019 0.023 0.069 0.083 0.005 0.014 0.042
16 P 0.092 0.023 0.019 0.023 0.015 0.018 0.027 0.035 0.011 0.13 0.141 0.032 0.026 0.031 0.181 0.04 0.038 0.005 0.017 0.094
17 W 0.093 0.024 0.024 0.023 0.083 0.018 0.026 0.108 0.012 0.053 0.063 0.03 0.017 0.033 0.017 0.048 0.068 0.149 0.03 0.081
18 R 0.043 0.316 0.042 0.085 0.008 0.044 0.056 0.034 0.022 0.022 0.043 0.106 0.014 0.017 0.019 0.044 0.034 0.005 0.016 0.029
19 W 0.078 0.023 0.016 0.017 0.013 0.016 0.024 0.033 0.013 0.066 0.12 0.025 0.024 0.099 0.013 0.033 0.031 0.222 0.049 0.085
20 L 0.095 0.027 0.022 0.023 0.017 0.021 0.028 0.036 0.012 0.121 0.195 0.033 0.054 0.039 0.019 0.066 0.046 0.006 0.02 0.121
21 A 0.168 0.026 0.024 0.027 0.018 0.021 0.031 0.05 0.012 0.147 0.1 0.036 0.025 0.03 0.023 0.08 0.049 0.005 0.018 0.108
22 A 0.132 0.026 0.023 0.025 0.086 0.02 0.03 0.044 0.011 0.068 0.114 0.034 0.023 0.026 0.091 0.056 0.074 0.005 0.017 0.096
23 L 0.089 0.023 0.016 0.018 0.017 0.017 0.023 0.029 0.01 0.141 0.236 0.027 0.037 0.042 0.017 0.034 0.04 0.006 0.02 0.157
24 L 0.132 0.026 0.023 0.024 0.086 0.02 0.029 0.044 0.012 0.096 0.167 0.033 0.028 0.033 0.021 0.074 0.045 0.006 0.018 0.084
25 L 0.04 0.022 0.015 0.015 0.014 0.014 0.019 0.022 0.012 0.098 0.313 0.023 0.041 0.154 0.013 0.024 0.03 0.01 0.04 0.082
26 G 0.21 0.027 0.03 0.03 0.016 0.022 0.033 0.268 0.014 0.032 0.045 0.039 0.014 0.019 0.024 0.069 0.04 0.005 0.014 0.048
27 Y 0.039 0.027 0.021 0.018 0.009 0.021 0.027 0.024 0.045 0.042 0.067 0.03 0.018 0.127 0.015 0.03 0.027 0.027 0.338 0.045
28 L 0.055 0.021 0.015 0.017 0.017 0.015 0.02 0.022 0.009 0.184 0.213 0.024 0.037 0.042 0.015 0.027 0.041 0.006 0.02 0.2
29 L 0.05 0.026 0.017 0.018 0.016 0.02 0.023 0.024 0.012 0.138 0.236 0.029 0.103 0.046 0.015 0.03 0.038 0.007 0.022 0.131
30 L 0.12 0.023 0.018 0.02 0.016 0.017 0.026 0.039 0.012 0.106 0.137 0.029 0.027 0.091 0.017 0.042 0.038 0.079 0.035 0.11
31 R 0.043 0.267 0.031 0.026 0.01 0.038 0.042 0.029 0.019 0.048 0.145 0.09 0.025 0.027 0.017 0.038 0.033 0.006 0.018 0.048
32 P 0.055 0.025 0.023 0.03 0.01 0.02 0.035 0.035 0.013 0.025 0.035 0.04 0.01 0.013 0.508 0.043 0.035 0.003 0.013 0.03
33 V 0.068 0.021 0.016 0.017 0.019 0.016 0.023 0.024 0.008 0.16 0.127 0.025 0.031 0.035 0.016 0.032 0.048 0.005 0.02 0.29
34 G 0.089 0.029 0.044 0.039 0.013 0.024 0.036 0.327 0.015 0.023 0.033 0.041 0.012 0.018 0.023 0.132 0.051 0.005 0.013 0.031
35 H 0.059 0.039 0.088 0.043 0.011 0.031 0.046 0.047 0.172 0.03 0.048 0.044 0.016 0.079 0.02 0.1 0.044 0.008 0.043 0.033
36 N 0.046 0.041 0.294 0.074 0.009 0.031 0.045 0.129 0.028 0.021 0.03 0.05 0.011 0.017 0.019 0.065 0.045 0.004 0.015 0.026
37 A 0.097 0.042 0.039 0.043 0.012 0.063 0.089 0.045 0.074 0.033 0.05 0.054 0.017 0.036 0.024 0.085 0.075 0.009 0.069 0.044
38 V 0.096 0.021 0.017 0.019 0.018 0.016 0.023 0.03 0.009 0.181 0.127 0.027 0.03 0.035 0.017 0.037 0.045 0.005 0.02 0.224
39 L 0.043 0.024 0.014 0.015 0.016 0.016 0.02 0.021 0.01 0.112 0.394 0.025 0.048 0.053 0.014 0.024 0.032 0.007 0.022 0.093
40 L 0.054 0.022 0.016 0.017 0.016 0.016 0.022 0.022 0.014 0.148 0.199 0.025 0.035 0.054 0.015 0.028 0.039 0.009 0.066 0.182
41 P 0.063 0.027 0.027 0.033 0.011 0.022 0.037 0.039 0.013 0.026 0.036 0.042 0.011 0.014 0.44 0.071 0.041 0.003 0.013 0.032
42 V 0.07 0.026 0.025 0.024 0.018 0.02 0.028 0.032 0.011 0.119 0.143 0.032 0.029 0.034 0.019 0.069 0.082 0.006 0.019 0.195
43 L 0.047 0.022 0.014 0.015 0.016 0.015 0.02 0.021 0.009 0.145 0.323 0.024 0.044 0.049 0.014 0.025 0.036 0.007 0.021 0.133
44 G 0.104 0.025 0.033 0.03 0.014 0.02 0.028 0.319 0.013 0.04 0.089 0.035 0.017 0.023 0.02 0.056 0.066 0.006 0.014 0.046
45 L 0.054 0.023 0.015 0.016 0.017 0.016 0.021 0.022 0.009 0.133 0.279 0.025 0.041 0.045 0.015 0.027 0.039 0.006 0.021 0.178
46 L 0.045 0.022 0.015 0.016 0.016 0.016 0.02 0.021 0.01 0.187 0.266 0.025 0.062 0.048 0.014 0.026 0.036 0.007 0.021 0.126
47 G 0.137 0.024 0.031 0.029 0.013 0.019 0.028 0.325 0.014 0.031 0.048 0.034 0.014 0.073 0.02 0.056 0.034 0.007 0.023 0.04
48 A 0.198 0.027 0.021 0.024 0.019 0.022 0.032 0.053 0.013 0.096 0.14 0.036 0.048 0.032 0.023 0.059 0.043 0.006 0.019 0.089
49 L 0.087 0.026 0.02 0.02 0.016 0.019 0.026 0.033 0.011 0.088 0.211 0.03 0.032 0.042 0.017 0.042 0.069 0.078 0.026 0.105
50 A 0.188 0.032 0.035 0.035 0.088 0.026 0.041 0.065 0.015 0.037 0.051 0.044 0.016 0.02 0.027 0.145 0.06 0.005 0.016 0.054
51 L 0.131 0.025 0.021 0.022 0.017 0.019 0.027 0.109 0.011 0.092 0.169 0.031 0.029 0.033 0.019 0.047 0.041 0.006 0.018 0.132
52 W 0.051 0.024 0.025 0.023 0.011 0.018 0.025 0.171 0.013 0.041 0.095 0.029 0.019 0.041 0.014 0.04 0.061 0.221 0.037 0.043
53 L 0.085 0.126 0.072 0.034 0.013 0.03 0.038 0.041 0.018 0.055 0.147 0.06 0.025 0.029 0.02 0.053 0.071 0.006 0.018 0.058
54 V 0.131 0.023 0.018 0.021 0.018 0.018 0.026 0.038 0.01 0.164 0.117 0.03 0.028 0.033 0.019 0.044 0.045 0.005 0.019 0.192
55 L 0.092 0.025 0.021 0.022 0.016 0.019 0.027 0.036 0.012 0.111 0.175 0.031 0.03 0.041 0.018 0.064 0.043 0.077 0.026 0.112
56 L 0.061 0.098 0.034 0.031 0.014 0.032 0.042 0.037 0.016 0.059 0.162 0.093 0.027 0.03 0.022 0.079 0.08 0.006 0.019 0.06
57 G 0.107 0.08 0.039 0.034 0.014 0.03 0.042 0.117 0.067 0.046 0.054 0.052 0.017 0.023 0.023 0.105 0.049 0.006 0.022 0.073
58 R 0.045 0.27 0.038 0.031 0.008 0.042 0.049 0.033 0.071 0.023 0.043 0.095 0.014 0.018 0.089 0.043 0.033 0.005 0.022 0.029
59 R 0.048 0.315 0.038 0.03 0.008 0.043 0.047 0.102 0.021 0.022 0.043 0.105 0.014 0.017 0.019 0.044 0.033 0.006 0.016 0.029
60 R 0.086 0.179 0.035 0.031 0.011 0.064 0.051 0.04 0.024 0.033 0.053 0.079 0.017 0.034 0.021 0.055 0.069 0.009 0.063 0.044
61 L 0.049 0.021 0.015 0.016 0.016 0.015 0.02 0.022 0.01 0.144 0.244 0.024 0.038 0.097 0.014 0.026 0.037 0.008 0.03 0.155
62 A 0.177 0.032 0.038 0.09 0.016 0.027 0.049 0.062 0.016 0.033 0.045 0.045 0.014 0.019 0.096 0.118 0.053 0.005 0.015 0.048
63 G 0.096 0.039 0.031 0.038 0.012 0.03 0.076 0.18 0.015 0.038 0.088 0.078 0.017 0.021 0.091 0.051 0.035 0.005 0.015 0.043
64 P 0.092 0.03 0.027 0.037 0.013 0.027 0.074 0.04 0.014 0.043 0.094 0.044 0.018 0.022 0.231 0.054 0.07 0.004 0.016 0.05
65 L 0.086 0.022 0.017 0.018 0.016 0.016 0.023 0.031 0.012 0.101 0.189 0.026 0.032 0.144 0.016 0.035 0.037 0.009 0.039 0.134
66 L 0.093 0.024 0.019 0.02 0.017 0.017 0.024 0.101 0.01 0.102 0.217 0.029 0.033 0.038 0.017 0.038 0.039 0.006 0.019 0.136
67 L 0.089 0.024 0.018 0.022 0.015 0.018 0.027 0.033 0.011 0.11 0.172 0.032 0.029 0.033 0.158 0.039 0.039 0.005 0.018 0.111
68 V 0.141 0.027 0.025 0.027 0.018 0.021 0.033 0.046 0.012 0.088 0.082 0.036 0.022 0.026 0.092 0.078 0.051 0.005 0.018 0.154
69 L 0.087 0.022 0.019 0.02 0.016 0.017 0.022 0.1 0.011 0.14 0.227 0.028 0.035 0.04 0.017 0.036 0.036 0.006 0.019 0.102
70 L 0.091 0.024 0.022 0.022 0.015 0.018 0.024 0.172 0.011 0.075 0.241 0.03 0.033 0.038 0.017 0.04 0.034 0.006 0.018 0.07
71 L 0.051 0.022 0.018 0.019 0.085 0.016 0.021 0.025 0.01 0.145 0.233 0.026 0.036 0.041 0.016 0.036 0.068 0.006 0.019 0.107
72 T 0.099 0.03 0.032 0.03 0.017 0.023 0.033 0.042 0.013 0.067 0.078 0.038 0.021 0.079 0.023 0.071 0.171 0.007 0.027 0.098
73 L 0.048 0.021 0.015 0.016 0.015 0.014 0.02 0.023 0.011 0.137 0.204 0.023 0.035 0.147 0.013 0.026 0.036 0.009 0.039 0.149
74 A 0.161 0.025 0.022 0.024 0.016 0.019 0.028 0.117 0.013 0.087 0.124 0.033 0.024 0.083 0.02 0.053 0.039 0.007 0.027 0.077
75 F 0.128 0.025 0.022 0.023 0.017 0.018 0.028 0.042 0.013 0.083 0.093 0.031 0.023 0.135 0.02 0.053 0.073 0.009 0.038 0.127
76 G 0.105 0.023 0.033 0.03 0.013 0.019 0.026 0.388 0.013 0.061 0.051 0.033 0.014 0.02 0.019 0.051 0.033 0.005 0.013 0.051
77 L 0.085 0.024 0.016 0.017 0.017 0.017 0.023 0.029 0.01 0.109 0.308 0.027 0.041 0.046 0.016 0.033 0.037 0.006 0.021 0.118
78 Y 0.05 0.025 0.021 0.02 0.013 0.019 0.025 0.026 0.025 0.132 0.102 0.029 0.025 0.075 0.017 0.037 0.068 0.015 0.156 0.12
79 G 0.11 0.023 0.036 0.032 0.012 0.019 0.027 0.46 0.013 0.022 0.032 0.034 0.01 0.016 0.02 0.054 0.032 0.005 0.011 0.03
80 L 0.107 0.03 0.031 0.03 0.017 0.023 0.034 0.045 0.013 0.076 0.159 0.038 0.028 0.032 0.022 0.105 0.084 0.006 0.019 0.099
81 V 0.131 0.025 0.022 0.023 0.018 0.02 0.028 0.04 0.011 0.123 0.141 0.033 0.028 0.033 0.021 0.052 0.076 0.006 0.019 0.15
82 I 0.126 0.022 0.021 0.023 0.016 0.017 0.025 0.108 0.011 0.182 0.114 0.03 0.027 0.033 0.019 0.045 0.04 0.006 0.018 0.12
83 G 0.076 0.022 0.038 0.033 0.01 0.018 0.025 0.524 0.013 0.018 0.027 0.033 0.009 0.016 0.018 0.05 0.029 0.005 0.01 0.024
84 P 0.095 0.024 0.024 0.027 0.015 0.019 0.03 0.039 0.012 0.143 0.094 0.035 0.023 0.028 0.16 0.069 0.045 0.005 0.017 0.097
85 F 0.034 0.019 0.017 0.017 0.011 0.011 0.019 0.025 0.017 0.063 0.114 0.019 0.025 0.387 0.011 0.025 0.025 0.017 0.089 0.055
86 N 0.043 0.045 0.317 0.083 0.009 0.034 0.049 0.065 0.032 0.022 0.032 0.054 0.011 0.018 0.02 0.07 0.049 0.004 0.016 0.027
87 G 0.083 0.03 0.043 0.038 0.014 0.025 0.036 0.255 0.015 0.031 0.041 0.042 0.014 0.019 0.024 0.116 0.112 0.005 0.014 0.041
88 N 0.08 0.042 0.292 0.073 0.01 0.032 0.047 0.065 0.028 0.025 0.034 0.051 0.012 0.018 0.021 0.07 0.048 0.004 0.015 0.032
89 P 0.055 0.025 0.023 0.03 0.01 0.02 0.035 0.035 0.013 0.025 0.035 0.04 0.01 0.013 0.508 0.043 0.035 0.003 0.013 0.03
90 G 0.076 0.022 0.038 0.033 0.01 0.018 0.025 0.524 0.013 0.018 0.027 0.033 0.009 0.016 0.018 0.05 0.029 0.005 0.01 0.024
91 L 0.047 0.021 0.015 0.016 0.015 0.014 0.02 0.023 0.011 0.111 0.237 0.023 0.036 0.148 0.013 0.026 0.035 0.009 0.04 0.138
92 A 0.168 0.029 0.029 0.029 0.017 0.022 0.035 0.055 0.015 0.047 0.071 0.038 0.019 0.131 0.023 0.09 0.078 0.008 0.037 0.06
93 N 0.056 0.04 0.172 0.057 0.01 0.032 0.046 0.122 0.124 0.022 0.033 0.047 0.012 0.021 0.02 0.082 0.043 0.005 0.026 0.027
94 G 0.111 0.029 0.038 0.042 0.012 0.028 0.072 0.325 0.016 0.024 0.035 0.043 0.012 0.017 0.022 0.083 0.04 0.005 0.013 0.033
95 L 0.128 0.026 0.019 0.021 0.087 0.021 0.027 0.04 0.012 0.085 0.154 0.032 0.071 0.035 0.019 0.047 0.042 0.006 0.019 0.107
96 L 0.042 0.022 0.014 0.015 0.015 0.015 0.02 0.022 0.01 0.126 0.312 0.024 0.042 0.052 0.013 0.023 0.032 0.078 0.028 0.095
97 V 0.073 0.024 0.021 0.022 0.018 0.018 0.027 0.03 0.009 0.141 0.114 0.029 0.028 0.033 0.018 0.062 0.052 0.005 0.02 0.255
98 W 0.03 0.021 0.015 0.015 0.008 0.013 0.021 0.028 0.015 0.039 0.068 0.021 0.018 0.158 0.008 0.023 0.023 0.367 0.072 0.036
99 V 0.053 0.02 0.015 0.017 0.016 0.014 0.02 0.022 0.01 0.177 0.173 0.024 0.034 0.093 0.014 0.028 0.04 0.007 0.03 0.194
100 A 0.205 0.026 0.024 0.026 0.018 0.021 0.032 0.125 0.012 0.091 0.078 0.036 0.02 0.025 0.023 0.062 0.044 0.005 0.017 0.108
101 A 0.248 0.03 0.031 0.032 0.019 0.025 0.039 0.138 0.015 0.037 0.051 0.043 0.016 0.02 0.027 0.101 0.05 0.005 0.016 0.057
102 P 0.052 0.024 0.022 0.028 0.01 0.019 0.033 0.034 0.013 0.03 0.046 0.037 0.012 0.069 0.437 0.04 0.034 0.005 0.023 0.033
103 L 0.048 0.021 0.014 0.016 0.016 0.015 0.019 0.021 0.009 0.196 0.257 0.024 0.04 0.046 0.014 0.025 0.037 0.006 0.021 0.155
104 L 0.047 0.021 0.014 0.016 0.016 0.015 0.019 0.021 0.009 0.17 0.29 0.024 0.042 0.048 0.014 0.025 0.036 0.006 0.021 0.144
105 W 0.032 0.021 0.016 0.016 0.009 0.014 0.021 0.027 0.02 0.045 0.079 0.022 0.019 0.217 0.01 0.024 0.024 0.228 0.114 0.042
106 G 0.056 0.022 0.028 0.025 0.009 0.017 0.024 0.312 0.014 0.023 0.038 0.028 0.012 0.034 0.014 0.038 0.026 0.22 0.034 0.026
107 L 0.129 0.03 0.026 0.026 0.018 0.023 0.032 0.044 0.013 0.073 0.174 0.037 0.051 0.034 0.022 0.061 0.105 0.006 0.019 0.078
108 W 0.042 0.021 0.015 0.015 0.08 0.015 0.021 0.028 0.012 0.062 0.113 0.023 0.022 0.049 0.011 0.026 0.029 0.292 0.045 0.08
109 A 0.241 0.028 0.022 0.026 0.02 0.022 0.035 0.061 0.013 0.076 0.077 0.038 0.021 0.025 0.025 0.068 0.048 0.005 0.018 0.131
110 V 0.062 0.026 0.024 0.024 0.016 0.019 0.028 0.032 0.012 0.119 0.138 0.031 0.028 0.038 0.018 0.067 0.077 0.077 0.026 0.141
111 A 0.216 0.039 0.035 0.037 0.018 0.057 0.051 0.068 0.018 0.036 0.051 0.052 0.017 0.02 0.028 0.124 0.056 0.005 0.017 0.055
112 G 0.065 0.023 0.026 0.024 0.014 0.019 0.024 0.238 0.012 0.083 0.131 0.03 0.046 0.031 0.017 0.039 0.036 0.006 0.017 0.119
113 D 0.04 0.029 0.067 0.415 0.007 0.029 0.089 0.045 0.018 0.022 0.027 0.043 0.009 0.014 0.022 0.051 0.034 0.004 0.011 0.024
114 E 0.052 0.101 0.039 0.073 0.007 0.059 0.243 0.035 0.024 0.022 0.038 0.112 0.013 0.016 0.024 0.052 0.036 0.005 0.016 0.031
115 R 0.051 0.231 0.037 0.032 0.009 0.041 0.049 0.035 0.02 0.028 0.046 0.121 0.015 0.017 0.091 0.051 0.068 0.005 0.016 0.036
116 L 0.09 0.027 0.021 0.021 0.017 0.02 0.027 0.033 0.012 0.098 0.231 0.032 0.057 0.041 0.018 0.044 0.072 0.006 0.02 0.114
117 L 0.047 0.021 0.014 0.016 0.016 0.015 0.019 0.021 0.009 0.17 0.29 0.024 0.042 0.048 0.014 0.025 0.036 0.006 0.021 0.144
118 R 0.051 0.236 0.039 0.034 0.008 0.071 0.057 0.105 0.022 0.023 0.042 0.127 0.015 0.016 0.02 0.047 0.035 0.006 0.016 0.03
119 L 0.09 0.026 0.028 0.078 0.015 0.021 0.035 0.105 0.013 0.08 0.174 0.033 0.05 0.034 0.018 0.042 0.038 0.006 0.018 0.097
120 L 0.122 0.023 0.018 0.02 0.017 0.017 0.025 0.037 0.011 0.143 0.153 0.029 0.03 0.089 0.018 0.042 0.04 0.007 0.029 0.131
121 L 0.041 0.023 0.015 0.016 0.014 0.016 0.02 0.023 0.013 0.096 0.284 0.024 0.061 0.153 0.013 0.026 0.031 0.01 0.04 0.081
122 T 0.054 0.125 0.033 0.029 0.013 0.029 0.036 0.034 0.016 0.053 0.112 0.058 0.023 0.08 0.02 0.058 0.133 0.007 0.028 0.059
123 A 0.133 0.027 0.026 0.026 0.018 0.021 0.031 0.044 0.013 0.081 0.087 0.035 0.023 0.08 0.022 0.062 0.108 0.007 0.028 0.129
124 A 0.215 0.031 0.031 0.032 0.019 0.025 0.039 0.065 0.015 0.074 0.068 0.043 0.019 0.024 0.027 0.12 0.056 0.005 0.017 0.074
125 A 0.207 0.028 0.025 0.027 0.02 0.023 0.034 0.056 0.012 0.077 0.078 0.038 0.021 0.025 0.025 0.069 0.08 0.005 0.018 0.131
126 L 0.045 0.022 0.015 0.016 0.014 0.016 0.021 0.023 0.015 0.149 0.194 0.025 0.033 0.059 0.014 0.026 0.034 0.081 0.072 0.128
127 V 0.138 0.026 0.022 0.023 0.019 0.02 0.03 0.041 0.011 0.111 0.098 0.033 0.025 0.029 0.021 0.055 0.08 0.005 0.019 0.195
128 T 0.105 0.034 0.04 0.035 0.018 0.027 0.038 0.047 0.014 0.05 0.062 0.044 0.019 0.023 0.027 0.089 0.237 0.006 0.017 0.069
129 I 0.059 0.023 0.023 0.023 0.017 0.018 0.025 0.027 0.01 0.186 0.124 0.03 0.03 0.035 0.018 0.045 0.107 0.006 0.019 0.176
130 L 0.047 0.021 0.015 0.016 0.015 0.014 0.02 0.023 0.011 0.132 0.195 0.023 0.033 0.097 0.013 0.026 0.035 0.079 0.037 0.146
131 L 0.092 0.023 0.016 0.018 0.018 0.017 0.023 0.03 0.009 0.148 0.198 0.027 0.034 0.039 0.017 0.036 0.042 0.006 0.02 0.185
132 G 0.123 0.031 0.042 0.038 0.015 0.025 0.038 0.263 0.016 0.026 0.037 0.043 0.013 0.018 0.024 0.137 0.053 0.005 0.014 0.037
133 G 0.104 0.023 0.03 0.027 0.014 0.019 0.026 0.317 0.012 0.055 0.098 0.032 0.019 0.025 0.019 0.048 0.035 0.005 0.014 0.078
134 G 0.069 0.029 0.037 0.033 0.015 0.022 0.031 0.177 0.013 0.077 0.067 0.038 0.019 0.024 0.023 0.069 0.167 0.006 0.016 0.071
135 I 0.087 0.02 0.016 0.019 0.017 0.015 0.021 0.029 0.009 0.238 0.143 0.026 0.032 0.039 0.017 0.034 0.041 0.006 0.02 0.174
136 L 0.045 0.024 0.014 0.015 0.016 0.016 0.02 0.021 0.01 0.115 0.375 0.025 0.05 0.055 0.014 0.024 0.033 0.007 0.022 0.096
137 V 0.131 0.023 0.018 0.021 0.018 0.018 0.026 0.038 0.01 0.164 0.117 0.03 0.028 0.033 0.019 0.044 0.045 0.005 0.019 0.192
138 L 0.085 0.024 0.016 0.017 0.017 0.017 0.023 0.029 0.01 0.109 0.308 0.027 0.041 0.046 0.016 0.033 0.037 0.006 0.021 0.118
139 Y 0.037 0.025 0.02 0.017 0.009 0.019 0.025 0.025 0.037 0.043 0.071 0.027 0.019 0.157 0.013 0.028 0.026 0.094 0.263 0.044
140 V 0.069 0.025 0.023 0.023 0.018 0.019 0.027 0.029 0.01 0.129 0.108 0.031 0.027 0.031 0.019 0.049 0.111 0.005 0.019 0.227
141 G 0.166 0.027 0.026 0.027 0.015 0.022 0.031 0.19 0.014 0.041 0.067 0.036 0.038 0.029 0.021 0.058 0.038 0.077 0.023 0.052
142 G 0.065 0.036 0.036 0.034 0.011 0.081 0.046 0.314 0.017 0.034 0.085 0.048 0.018 0.021 0.019 0.047 0.033 0.006 0.015 0.037
143 S 0.146 0.038 0.126 0.052 0.016 0.03 0.047 0.067 0.021 0.031 0.043 0.05 0.014 0.02 0.026 0.147 0.062 0.005 0.016 0.044
144 L 0.059 0.028 0.031 0.08 0.016 0.023 0.037 0.032 0.012 0.093 0.142 0.035 0.049 0.033 0.02 0.05 0.106 0.006 0.019 0.132
145 G 0.11 0.023 0.036 0.032 0.012 0.019 0.027 0.46 0.013 0.022 0.032 0.034 0.01 0.016 0.02 0.054 0.032 0.005 0.011 0.03
146 G 0.128 0.023 0.024 0.024 0.015 0.018 0.026 0.181 0.013 0.084 0.12 0.031 0.023 0.082 0.019 0.048 0.036 0.007 0.026 0.071
147 L 0.049 0.027 0.022 0.029 0.015 0.023 0.064 0.025 0.012 0.142 0.229 0.034 0.035 0.041 0.017 0.038 0.068 0.006 0.02 0.103
148 P 0.055 0.025 0.023 0.03 0.01 0.02 0.035 0.035 0.013 0.025 0.035 0.04 0.01 0.013 0.506 0.043 0.035 0.003 0.013 0.03
149 A 0.136 0.051 0.041 0.101 0.013 0.13 0.078 0.053 0.022 0.031 0.047 0.066 0.017 0.017 0.025 0.063 0.042 0.005 0.018 0.044
150 L 0.054 0.071 0.018 0.018 0.016 0.02 0.025 0.024 0.011 0.12 0.229 0.038 0.036 0.04 0.015 0.03 0.039 0.006 0.02 0.169
151 L 0.049 0.02 0.014 0.016 0.016 0.014 0.019 0.021 0.009 0.209 0.233 0.024 0.039 0.045 0.014 0.025 0.038 0.006 0.021 0.165
152 P 0.055 0.025 0.023 0.03 0.01 0.02 0.035 0.035 0.013 0.025 0.035 0.04 0.01 0.013 0.506 0.043 0.035 0.003 0.013 0.03
153 G 0.06 0.038 0.045 0.098 0.011 0.061 0.056 0.122 0.077 0.038 0.095 0.048 0.019 0.025 0.021 0.077 0.04 0.006 0.023 0.04
154 W 0.041 0.024 0.02 0.02 0.009 0.017 0.026 0.034 0.016 0.034 0.058 0.026 0.016 0.103 0.011 0.054 0.031 0.365 0.062 0.034
155 L 0.051 0.02 0.015 0.017 0.017 0.015 0.019 0.021 0.009 0.203 0.218 0.024 0.038 0.043 0.015 0.026 0.04 0.006 0.02 0.183
156 L 0.054 0.04 0.022 0.024 0.014 0.052 0.039 0.027 0.013 0.127 0.184 0.073 0.033 0.035 0.018 0.035 0.04 0.006 0.02 0.144
157 E 0.055 0.091 0.041 0.097 0.011 0.094 0.102 0.037 0.021 0.047 0.056 0.069 0.018 0.019 0.022 0.054 0.071 0.005 0.017 0.073
158 Q 0.093 0.055 0.036 0.045 0.012 0.151 0.111 0.042 0.023 0.047 0.058 0.071 0.02 0.018 0.023 0.055 0.042 0.006 0.019 0.075
159 L 0.06 0.033 0.026 0.026 0.014 0.051 0.039 0.032 0.023 0.082 0.124 0.04 0.026 0.059 0.018 0.064 0.043 0.012 0.111 0.12
160 G 0.068 0.027 0.042 0.095 0.01 0.026 0.076 0.386 0.016 0.019 0.029 0.04 0.01 0.016 0.02 0.05 0.031 0.005 0.011 0.025
161 A 0.239 0.028 0.025 0.027 0.019 0.023 0.034 0.132 0.014 0.049 0.101 0.039 0.02 0.025 0.025 0.069 0.043 0.005 0.017 0.064
162 G 0.099 0.027 0.083 0.094 0.011 0.023 0.039 0.326 0.017 0.023 0.032 0.039 0.01 0.017 0.021 0.057 0.035 0.005 0.012 0.03
163 F 0.042 0.021 0.017 0.017 0.012 0.015 0.021 0.024 0.022 0.103 0.108 0.023 0.025 0.221 0.013 0.027 0.031 0.016 0.139 0.102
164 G 0.07 0.032 0.093 0.153 0.011 0.027 0.054 0.19 0.019 0.023 0.032 0.044 0.011 0.017 0.022 0.108 0.048 0.005 0.013 0.029
165 G 0.073 0.029 0.037 0.04 0.012 0.026 0.07 0.317 0.015 0.034 0.083 0.04 0.016 0.022 0.02 0.074 0.038 0.005 0.014 0.037
166 T 0.09 0.035 0.081 0.1 0.013 0.031 0.084 0.046 0.018 0.046 0.096 0.046 0.019 0.024 0.023 0.065 0.105 0.005 0.016 0.054
167 Y 0.167 0.029 0.024 0.024 0.015 0.024 0.034 0.051 0.031 0.043 0.064 0.038 0.018 0.076 0.023 0.058 0.039 0.017 0.169 0.057
168 G 0.078 0.023 0.039 0.034 0.011 0.019 0.025 0.513 0.013 0.019 0.028 0.034 0.009 0.016 0.019 0.051 0.03 0.005 0.011 0.024
169 A 0.29 0.031 0.026 0.03 0.022 0.026 0.04 0.078 0.015 0.043 0.059 0.045 0.018 0.022 0.03 0.085 0.05 0.005 0.018 0.069
170 V 0.09 0.031 0.035 0.033 0.018 0.025 0.038 0.045 0.014 0.097 0.086 0.04 0.024 0.028 0.023 0.128 0.065 0.005 0.019 0.157
171 G 0.061 0.186 0.039 0.032 0.009 0.033 0.039 0.273 0.018 0.021 0.037 0.077 0.012 0.017 0.019 0.048 0.032 0.006 0.014 0.028
172 L 0.169 0.028 0.02 0.022 0.019 0.021 0.03 0.05 0.012 0.079 0.219 0.035 0.033 0.038 0.022 0.054 0.041 0.006 0.02 0.082
173 G 0.059 0.026 0.054 0.217 0.009 0.024 0.058 0.279 0.016 0.021 0.028 0.039 0.009 0.015 0.021 0.051 0.032 0.005 0.011 0.024
174 G 0.149 0.033 0.043 0.04 0.017 0.027 0.042 0.181 0.016 0.03 0.042 0.046 0.014 0.02 0.027 0.149 0.06 0.005 0.016 0.044
175 G 0.135 0.026 0.03 0.029 0.014 0.021 0.031 0.188 0.015 0.034 0.053 0.035 0.015 0.08 0.02 0.079 0.04 0.079 0.032 0.043
176 G 0.056 0.032 0.044 0.157 0.009 0.034 0.128 0.177 0.018 0.021 0.031 0.048 0.01 0.015 0.091 0.05 0.033 0.004 0.012 0.026
177 G 0.093 0.031 0.075 0.036 0.013 0.025 0.035 0.114 0.025 0.039 0.054 0.04 0.016 0.051 0.022 0.063 0.102 0.012 0.108 0.049
178 T 0.076 0.033 0.04 0.035 0.017 0.026 0.038 0.043 0.013 0.064 0.069 0.043 0.02 0.024 0.026 0.104 0.21 0.006 0.018 0.097
179 A 0.088 0.041 0.079 0.048 0.012 0.062 0.087 0.045 0.071 0.068 0.062 0.053 0.019 0.023 0.022 0.059 0.072 0.006 0.023 0.06
180 I 0.052 0.018 0.015 0.017 0.017 0.014 0.019 0.021 0.008 0.254 0.153 0.024 0.034 0.041 0.015 0.026 0.041 0.006 0.02 0.205
181 R 0.056 0.221 0.039 0.032 0.011 0.037 0.043 0.105 0.019 0.03 0.048 0.084 0.015 0.018 0.021 0.058 0.1 0.006 0.016 0.04
182 F 0.04 0.021 0.017 0.017 0.012 0.013 0.02 0.024 0.018 0.08 0.147 0.022 0.028 0.262 0.012 0.026 0.029 0.015 0.103 0.092
183 Y 0.039 0.027 0.021 0.018 0.009 0.021 0.027 0.024 0.045 0.042 0.067 0.03 0.018 0.127 0.015 0.03 0.027 0.027 0.338 0.045
184 G 0.114 0.026 0.038 0.034 0.013 0.021 0.031 0.395 0.014 0.023 0.034 0.037 0.011 0.017 0.021 0.082 0.039 0.005 0.012 0.032
185 L 0.081 0.025 0.015 0.017 0.016 0.017 0.022 0.029 0.01 0.102 0.346 0.027 0.044 0.049 0.016 0.032 0.035 0.007 0.021 0.09
186 S 0.102 0.038 0.051 0.046 0.017 0.031 0.049 0.061 0.018 0.032 0.044 0.051 0.016 0.021 0.029 0.221 0.107 0.005 0.017 0.045
187 T 0.081 0.036 0.045 0.04 0.017 0.028 0.042 0.048 0.015 0.045 0.057 0.046 0.018 0.022 0.027 0.134 0.214 0.006 0.017 0.061
188 L 0.043 0.024 0.014 0.015 0.016 0.016 0.02 0.021 0.01 0.112 0.394 0.025 0.048 0.053 0.014 0.024 0.032 0.007 0.022 0.093
189 V 0.099 0.022 0.017 0.019 0.019 0.017 0.024 0.031 0.009 0.162 0.122 0.028 0.029 0.034 0.018 0.038 0.047 0.005 0.02 0.241
190 A 0.311 0.03 0.025 0.029 0.021 0.025 0.039 0.076 0.014 0.042 0.058 0.043 0.017 0.021 0.029 0.083 0.048 0.005 0.017 0.067
191 A 0.173 0.031 0.031 0.03 0.019 0.024 0.036 0.054 0.013 0.063 0.07 0.041 0.02 0.024 0.026 0.079 0.143 0.005 0.018 0.1
192 G 0.21 0.027 0.03 0.03 0.016 0.022 0.033 0.268 0.014 0.032 0.045 0.039 0.014 0.019 0.024 0.069 0.04 0.005 0.014 0.048
193 P 0.055 0.025 0.023 0.03 0.01 0.02 0.035 0.035 0.013 0.025 0.035 0.04 0.01 0.013 0.508 0.043 0.035 0.003 0.013 0.03
194 L 0.047 0.028 0.017 0.017 0.016 0.022 0.024 0.024 0.013 0.104 0.278 0.031 0.126 0.05 0.015 0.03 0.036 0.007 0.023 0.091
195 W 0.035 0.022 0.015 0.015 0.009 0.015 0.022 0.029 0.014 0.048 0.062 0.023 0.017 0.055 0.009 0.023 0.026 0.435 0.06 0.067
196 L 0.055 0.023 0.019 0.019 0.017 0.017 0.022 0.024 0.009 0.169 0.204 0.027 0.035 0.041 0.016 0.036 0.072 0.006 0.02 0.168
197 A 0.173 0.031 0.031 0.03 0.019 0.024 0.036 0.054 0.013 0.063 0.07 0.041 0.02 0.024 0.026 0.079 0.143 0.005 0.018 0.1
198 G 0.185 0.03 0.037 0.035 0.017 0.025 0.038 0.201 0.015 0.031 0.044 0.043 0.014 0.019 0.026 0.119 0.052 0.005 0.015 0.047
199 L 0.13 0.029 0.023 0.024 0.017 0.022 0.031 0.044 0.013 0.078 0.218 0.035 0.054 0.038 0.02 0.073 0.045 0.006 0.02 0.078
200 L 0.048 0.021 0.015 0.016 0.015 0.014 0.02 0.023 0.011 0.137 0.204 0.023 0.035 0.147 0.013 0.026 0.036 0.009 0.039 0.149
201 L 0.087 0.023 0.016 0.018 0.017 0.016 0.023 0.03 0.011 0.108 0.229 0.027 0.035 0.093 0.016 0.035 0.038 0.008 0.03 0.14
202 P 0.062 0.026 0.029 0.032 0.011 0.021 0.034 0.118 0.013 0.029 0.039 0.04 0.011 0.015 0.345 0.052 0.073 0.004 0.013 0.036
203 R 0.052 0.151 0.042 0.038 0.009 0.098 0.066 0.038 0.073 0.028 0.046 0.114 0.017 0.019 0.022 0.054 0.069 0.006 0.023 0.036
204 D 0.055 0.034 0.056 0.2 0.009 0.03 0.064 0.114 0.119 0.022 0.032 0.044 0.012 0.02 0.021 0.075 0.038 0.005 0.024 0.026
205 P 0.059 0.131 0.034 0.035 0.01 0.061 0.051 0.039 0.019 0.025 0.04 0.071 0.014 0.015 0.231 0.073 0.042 0.004 0.015 0.032
206 L 0.081 0.025 0.015 0.017 0.016 0.017 0.022 0.029 0.01 0.102 0.346 0.027 0.044 0.049 0.016 0.032 0.035 0.007 0.021 0.09
207 L 0.043 0.024 0.014 0.015 0.016 0.016 0.02 0.021 0.01 0.112 0.394 0.025 0.048 0.053 0.014 0.024 0.032 0.007 0.022 0.093
208 P 0.055 0.025 0.023 0.03 0.01 0.02 0.035 0.035 0.013 0.025 0.035 0.04 0.01 0.013 0.508 0.043 0.035 0.003 0.013 0.03
209 P 0.068 0.043 0.038 0.038 0.011 0.031 0.047 0.045 0.067 0.026 0.038 0.081 0.013 0.018 0.233 0.101 0.047 0.004 0.021 0.032
210 R 0.046 0.199 0.036 0.033 0.008 0.071 0.059 0.036 0.022 0.025 0.045 0.151 0.016 0.022 0.02 0.044 0.034 0.077 0.024 0.031
211 W 0.117 0.036 0.022 0.025 0.012 0.024 0.036 0.045 0.015 0.032 0.05 0.07 0.015 0.035 0.088 0.047 0.034 0.22 0.037 0.041
212 L 0.043 0.024 0.014 0.015 0.016 0.016 0.02 0.021 0.01 0.112 0.394 0.025 0.048 0.053 0.014 0.024 0.032 0.007 0.022 0.093
213 L 0.095 0.125 0.029 0.027 0.015 0.03 0.037 0.039 0.016 0.069 0.129 0.059 0.047 0.03 0.02 0.072 0.045 0.006 0.019 0.092
214 L 0.128 0.025 0.018 0.021 0.018 0.02 0.027 0.038 0.011 0.129 0.159 0.031 0.052 0.036 0.019 0.045 0.043 0.006 0.02 0.153
215 V 0.091 0.022 0.017 0.018 0.017 0.016 0.023 0.03 0.01 0.141 0.158 0.026 0.031 0.089 0.016 0.036 0.041 0.007 0.029 0.179
216 A 0.277 0.029 0.027 0.029 0.019 0.024 0.037 0.14 0.014 0.039 0.053 0.042 0.016 0.02 0.027 0.078 0.046 0.005 0.016 0.061
217 A 0.215 0.029 0.033 0.033 0.017 0.024 0.037 0.202 0.015 0.033 0.047 0.042 0.014 0.019 0.026 0.096 0.047 0.005 0.015 0.051
218 A 0.168 0.025 0.019 0.022 0.019 0.02 0.029 0.046 0.011 0.102 0.135 0.033 0.027 0.031 0.021 0.052 0.046 0.006 0.019 0.166
219 L 0.126 0.026 0.022 0.022 0.017 0.019 0.028 0.041 0.012 0.083 0.172 0.032 0.029 0.087 0.02 0.051 0.072 0.007 0.029 0.105
220 A 0.246 0.029 0.028 0.03 0.089 0.024 0.038 0.068 0.014 0.04 0.056 0.041 0.017 0.021 0.027 0.099 0.051 0.005 0.016 0.061
221 T 0.098 0.03 0.032 0.029 0.017 0.023 0.033 0.041 0.012 0.093 0.124 0.038 0.025 0.03 0.023 0.07 0.17 0.006 0.018 0.087
222 L 0.132 0.028 0.029 0.028 0.017 0.022 0.031 0.115 0.013 0.061 0.151 0.037 0.025 0.03 0.022 0.063 0.104 0.006 0.017 0.069
223 A 0.209 0.027 0.027 0.028 0.018 0.022 0.033 0.197 0.013 0.052 0.059 0.038 0.017 0.021 0.024 0.066 0.043 0.005 0.016 0.086
224 A 0.179 0.033 0.036 0.035 0.019 0.027 0.041 0.06 0.015 0.044 0.058 0.045 0.018 0.022 0.028 0.109 0.147 0.005 0.017 0.064
225 L 0.047 0.023 0.014 0.015 0.016 0.016 0.02 0.021 0.01 0.119 0.356 0.025 0.046 0.05 0.014 0.025 0.035 0.007 0.021 0.122
226 L 0.098 0.026 0.022 0.022 0.017 0.019 0.028 0.036 0.011 0.104 0.219 0.031 0.034 0.039 0.019 0.066 0.046 0.006 0.02 0.138
227 A 0.219 0.031 0.035 0.035 0.018 0.026 0.041 0.137 0.015 0.035 0.049 0.044 0.015 0.02 0.027 0.124 0.055 0.005 0.016 0.053
228 G 0.075 0.024 0.039 0.033 0.011 0.02 0.027 0.455 0.013 0.023 0.033 0.034 0.011 0.017 0.02 0.056 0.063 0.005 0.011 0.03
229 R 0.043 0.364 0.038 0.03 0.008 0.047 0.051 0.032 0.023 0.023 0.045 0.117 0.015 0.017 0.019 0.043 0.034 0.006 0.017 0.03
230 R 0.09 0.222 0.042 0.087 0.011 0.039 0.055 0.045 0.02 0.026 0.044 0.087 0.014 0.018 0.022 0.078 0.043 0.005 0.016 0.036
231 A 0.311 0.03 0.025 0.029 0.021 0.025 0.039 0.076 0.014 0.042 0.058 0.043 0.017 0.021 0.029 0.083 0.048 0.005 0.017 0.067
232 L 0.083 0.021 0.016 0.018 0.016 0.015 0.021 0.028 0.01 0.205 0.214 0.026 0.037 0.043 0.016 0.032 0.038 0.006 0.02 0.134
233 A 0.169 0.029 0.027 0.027 0.019 0.023 0.034 0.051 0.013 0.072 0.117 0.038 0.024 0.028 0.024 0.069 0.109 0.006 0.018 0.103
234 L 0.089 0.023 0.016 0.018 0.017 0.017 0.023 0.029 0.01 0.141 0.236 0.027 0.037 0.042 0.017 0.034 0.04 0.006 0.02 0.157
235 V 0.061 0.022 0.015 0.017 0.018 0.016 0.022 0.023 0.008 0.146 0.203 0.025 0.036 0.04 0.015 0.03 0.044 0.006 0.02 0.234
236 L 0.124 0.025 0.02 0.021 0.016 0.019 0.026 0.108 0.012 0.079 0.245 0.031 0.034 0.039 0.019 0.044 0.036 0.006 0.019 0.076
237 I 0.049 0.019 0.014 0.017 0.016 0.014 0.018 0.021 0.009 0.248 0.191 0.023 0.037 0.043 0.014 0.025 0.039 0.006 0.02 0.177
238 L 0.06 0.026 0.021 0.021 0.017 0.02 0.026 0.029 0.011 0.112 0.238 0.03 0.058 0.042 0.017 0.059 0.045 0.006 0.021 0.142
239 V 0.136 0.026 0.023 0.025 0.018 0.02 0.03 0.044 0.012 0.12 0.138 0.034 0.028 0.033 0.021 0.074 0.049 0.006 0.019 0.146
240 P 0.055 0.025 0.023 0.03 0.01 0.02 0.035 0.035 0.013 0.025 0.035 0.04 0.01 0.013 0.508 0.043 0.035 0.003 0.013 0.03
241 L 0.054 0.022 0.015 0.016 0.017 0.015 0.021 0.022 0.009 0.158 0.246 0.025 0.039 0.044 0.015 0.027 0.04 0.006 0.021 0.189
242 L 0.09 0.022 0.019 0.02 0.016 0.017 0.023 0.101 0.01 0.147 0.189 0.028 0.032 0.038 0.017 0.037 0.038 0.006 0.019 0.13
243 A 0.163 0.028 0.023 0.025 0.018 0.022 0.031 0.048 0.013 0.097 0.141 0.037 0.048 0.033 0.022 0.06 0.075 0.006 0.019 0.089
244 W 0.03 0.021 0.015 0.015 0.008 0.013 0.021 0.028 0.015 0.039 0.068 0.021 0.018 0.158 0.008 0.023 0.023 0.367 0.072 0.036
245 L 0.092 0.023 0.016 0.018 0.018 0.017 0.023 0.03 0.009 0.148 0.198 0.027 0.034 0.039 0.017 0.036 0.042 0.006 0.02 0.185
246 L 0.087 0.022 0.016 0.018 0.017 0.016 0.023 0.03 0.011 0.134 0.196 0.026 0.034 0.092 0.016 0.035 0.039 0.007 0.03 0.151
247 W 0.08 0.086 0.025 0.024 0.011 0.029 0.037 0.037 0.021 0.041 0.072 0.081 0.04 0.049 0.017 0.041 0.033 0.152 0.078 0.046
248 R 0.08 0.219 0.029 0.026 0.011 0.035 0.041 0.036 0.018 0.039 0.098 0.08 0.02 0.029 0.018 0.043 0.034 0.077 0.025 0.044
249 A 0.162 0.025 0.02 0.022 0.017 0.02 0.029 0.045 0.016 0.13 0.099 0.033 0.024 0.044 0.021 0.051 0.043 0.009 0.064 0.126
250 L 0.053 0.023 0.016 0.016 0.016 0.017 0.022 0.023 0.014 0.123 0.232 0.026 0.036 0.056 0.015 0.028 0.038 0.009 0.066 0.171
251 R 0.073 0.128 0.04 0.035 0.015 0.033 0.043 0.043 0.017 0.052 0.061 0.065 0.019 0.022 0.024 0.112 0.116 0.005 0.017 0.081
252 R 0.05 0.267 0.036 0.03 0.008 0.039 0.045 0.103 0.02 0.022 0.041 0.094 0.013 0.016 0.089 0.044 0.033 0.005 0.015 0.029
253 R 0.098 0.176 0.039 0.034 0.014 0.036 0.046 0.046 0.018 0.035 0.051 0.076 0.017 0.02 0.024 0.091 0.11 0.006 0.017 0.048
254 G 0.096 0.039 0.031 0.038 0.012 0.03 0.076 0.18 0.015 0.038 0.088 0.078 0.017 0.021 0.091 0.051 0.035 0.005 0.015 0.043
255 V 0.053 0.082 0.027 0.035 0.011 0.059 0.081 0.031 0.017 0.063 0.067 0.056 0.019 0.027 0.088 0.04 0.038 0.077 0.025 0.105
256 R 0.082 0.219 0.031 0.028 0.01 0.035 0.042 0.038 0.019 0.031 0.055 0.081 0.016 0.072 0.089 0.046 0.035 0.007 0.026 0.039
257 R 0.069 0.177 0.043 0.037 0.013 0.037 0.047 0.044 0.019 0.033 0.049 0.078 0.016 0.02 0.024 0.114 0.114 0.005 0.017 0.044
258 L 0.052 0.073 0.025 0.023 0.014 0.022 0.027 0.097 0.012 0.103 0.211 0.041 0.032 0.037 0.017 0.04 0.067 0.006 0.019 0.082
259 R 0.061 0.174 0.036 0.033 0.011 0.034 0.044 0.041 0.019 0.026 0.043 0.074 0.014 0.023 0.09 0.097 0.045 0.077 0.023 0.033
260 R 0.059 0.127 0.037 0.032 0.011 0.033 0.042 0.107 0.068 0.034 0.06 0.063 0.038 0.023 0.09 0.071 0.039 0.006 0.022 0.038
261 R 0.09 0.263 0.036 0.032 0.01 0.044 0.052 0.041 0.021 0.027 0.047 0.135 0.015 0.017 0.022 0.052 0.037 0.005 0.017 0.037
262 L 0.051 0.03 0.03 0.08 0.012 0.049 0.042 0.101 0.014 0.094 0.119 0.037 0.024 0.033 0.016 0.037 0.035 0.077 0.024 0.095
263 A 0.128 0.076 0.03 0.027 0.015 0.026 0.035 0.113 0.065 0.086 0.074 0.047 0.02 0.026 0.021 0.051 0.039 0.006 0.022 0.096
264 P 0.086 0.075 0.03 0.083 0.012 0.025 0.043 0.04 0.015 0.039 0.09 0.05 0.017 0.02 0.23 0.047 0.036 0.004 0.015 0.043
265 L 0.055 0.024 0.022 0.021 0.014 0.017 0.022 0.186 0.011 0.082 0.264 0.028 0.036 0.041 0.016 0.033 0.032 0.006 0.018 0.072
266 L 0.048 0.024 0.018 0.018 0.016 0.017 0.022 0.024 0.01 0.129 0.314 0.027 0.042 0.047 0.016 0.033 0.067 0.007 0.021 0.101
267 V 0.061 0.022 0.016 0.017 0.018 0.016 0.022 0.023 0.009 0.147 0.213 0.026 0.037 0.042 0.016 0.03 0.044 0.006 0.021 0.216
268 L 0.137 0.025 0.019 0.021 0.019 0.019 0.028 0.041 0.011 0.107 0.19 0.032 0.033 0.037 0.02 0.047 0.044 0.006 0.02 0.147
269 G 0.105 0.072 0.036 0.032 0.012 0.023 0.031 0.39 0.015 0.022 0.034 0.046 0.011 0.017 0.02 0.054 0.032 0.005 0.012 0.031
270 V 0.067 0.022 0.022 0.021 0.016 0.017 0.023 0.166 0.01 0.113 0.136 0.027 0.027 0.032 0.016 0.036 0.04 0.006 0.018 0.186
271 A 0.17 0.026 0.023 0.024 0.018 0.02 0.03 0.117 0.012 0.082 0.121 0.034 0.024 0.029 0.022 0.055 0.043 0.006 0.018 0.128
272 A 0.242 0.029 0.026 0.028 0.02 0.024 0.037 0.064 0.013 0.06 0.068 0.041 0.019 0.023 0.027 0.076 0.08 0.005 0.017 0.099
273 V 0.099 0.022 0.02 0.021 0.017 0.017 0.025 0.103 0.011 0.109 0.1 0.028 0.025 0.083 0.017 0.041 0.042 0.007 0.028 0.186
274 L 0.093 0.024 0.02 0.021 0.018 0.018 0.026 0.032 0.01 0.133 0.189 0.03 0.033 0.037 0.019 0.044 0.074 0.006 0.02 0.153
275 L 0.095 0.027 0.025 0.026 0.017 0.02 0.03 0.037 0.011 0.105 0.129 0.035 0.026 0.03 0.091 0.055 0.106 0.005 0.018 0.113
276 A 0.168 0.025 0.019 0.022 0.019 0.02 0.029 0.046 0.011 0.102 0.135 0.033 0.027 0.031 0.021 0.052 0.046 0.006 0.019 0.166
277 L 0.059 0.022 0.018 0.018 0.016 0.016 0.022 0.094 0.009 0.119 0.227 0.026 0.035 0.04 0.015 0.031 0.039 0.006 0.019 0.168
278 L 0.084 0.023 0.016 0.018 0.016 0.016 0.022 0.03 0.011 0.127 0.234 0.026 0.036 0.095 0.016 0.033 0.037 0.008 0.03 0.123
279 L 0.086 0.023 0.016 0.018 0.016 0.016 0.022 0.031 0.012 0.122 0.251 0.027 0.037 0.104 0.016 0.034 0.035 0.008 0.032 0.096
280 G 0.055 0.025 0.036 0.102 0.011 0.021 0.037 0.226 0.02 0.043 0.108 0.033 0.019 0.046 0.018 0.041 0.031 0.01 0.077 0.042
281 P 0.092 0.024 0.019 0.023 0.015 0.018 0.028 0.035 0.011 0.101 0.179 0.033 0.028 0.033 0.18 0.04 0.037 0.005 0.018 0.081
282 A 0.146 0.03 0.04 0.096 0.016 0.025 0.045 0.134 0.015 0.038 0.05 0.042 0.015 0.02 0.025 0.075 0.115 0.005 0.015 0.053
283 L 0.09 0.023 0.017 0.021 0.016 0.017 0.025 0.032 0.011 0.145 0.2 0.03 0.033 0.038 0.099 0.037 0.038 0.006 0.019 0.105
284 L 0.128 0.025 0.021 0.022 0.017 0.019 0.026 0.109 0.011 0.085 0.207 0.031 0.031 0.036 0.019 0.045 0.039 0.006 0.018 0.104
285 G 0.172 0.025 0.029 0.029 0.016 0.02 0.03 0.26 0.013 0.068 0.06 0.036 0.016 0.022 0.022 0.06 0.039 0.005 0.015 0.063
286 N 0.059 0.086 0.169 0.056 0.012 0.033 0.046 0.053 0.023 0.031 0.043 0.059 0.014 0.019 0.023 0.096 0.113 0.005 0.016 0.041
287 G 0.058 0.027 0.074 0.037 0.011 0.021 0.032 0.178 0.016 0.032 0.047 0.037 0.013 0.072 0.159 0.052 0.067 0.006 0.024 0.037
288 L 0.074 0.028 0.033 0.03 0.016 0.022 0.032 0.109 0.013 0.099 0.122 0.036 0.025 0.03 0.021 0.101 0.082 0.006 0.018 0.104
289 V 0.057 0.021 0.019 0.019 0.015 0.015 0.021 0.095 0.01 0.138 0.154 0.025 0.03 0.089 0.015 0.031 0.038 0.007 0.028 0.173
290 G 0.063 0.088 0.037 0.035 0.013 0.087 0.054 0.106 0.018 0.051 0.06 0.063 0.019 0.02 0.022 0.059 0.104 0.006 0.017 0.079
291 R 0.12 0.269 0.034 0.03 0.011 0.041 0.048 0.045 0.02 0.028 0.049 0.096 0.016 0.018 0.022 0.055 0.038 0.006 0.017 0.041
292 A 0.172 0.08 0.032 0.031 0.017 0.03 0.041 0.056 0.016 0.047 0.073 0.054 0.041 0.024 0.025 0.094 0.081 0.006 0.018 0.061
293 L 0.058 0.024 0.02 0.02 0.016 0.018 0.025 0.029 0.011 0.128 0.185 0.028 0.032 0.043 0.016 0.057 0.043 0.077 0.027 0.144
294 L 0.045 0.024 0.014 0.015 0.016 0.016 0.02 0.021 0.01 0.115 0.375 0.025 0.05 0.055 0.014 0.024 0.033 0.007 0.022 0.096
295 T 0.073 0.036 0.043 0.038 0.018 0.028 0.039 0.043 0.014 0.053 0.065 0.045 0.02 0.024 0.028 0.093 0.246 0.006 0.018 0.071
296 A 0.29 0.031 0.026 0.03 0.022 0.026 0.04 0.078 0.015 0.043 0.059 0.045 0.018 0.022 0.03 0.085 0.05 0.005 0.018 0.069
297 L 0.052 0.032 0.02 0.02 0.016 0.028 0.028 0.028 0.016 0.1 0.197 0.036 0.161 0.048 0.016 0.036 0.04 0.008 0.024 0.092
298 S 0.11 0.04 0.054 0.049 0.018 0.033 0.052 0.066 0.019 0.03 0.042 0.054 0.016 0.021 0.03 0.22 0.082 0.005 0.018 0.042
299 Q 0.056 0.074 0.044 0.047 0.009 0.215 0.103 0.041 0.029 0.026 0.047 0.091 0.021 0.015 0.024 0.056 0.041 0.006 0.021 0.035
300 A 0.127 0.041 0.035 0.093 0.013 0.032 0.085 0.117 0.016 0.041 0.092 0.08 0.018 0.022 0.023 0.056 0.038 0.005 0.016 0.048
301 G 0.109 0.126 0.04 0.036 0.013 0.031 0.042 0.188 0.018 0.026 0.041 0.064 0.014 0.018 0.023 0.108 0.048 0.005 0.015 0.037
302 L 0.052 0.022 0.015 0.016 0.016 0.015 0.021 0.023 0.01 0.125 0.239 0.024 0.037 0.095 0.014 0.027 0.038 0.008 0.03 0.172
303 I 0.095 0.024 0.021 0.023 0.017 0.018 0.026 0.035 0.011 0.174 0.158 0.031 0.031 0.037 0.019 0.065 0.046 0.006 0.019 0.144
304 A 0.145 0.03 0.036 0.034 0.016 0.024 0.037 0.125 0.016 0.039 0.057 0.041 0.017 0.075 0.024 0.116 0.083 0.007 0.026 0.052
305 F 0.046 0.022 0.017 0.017 0.013 0.016 0.022 0.024 0.021 0.091 0.143 0.025 0.028 0.169 0.014 0.028 0.033 0.015 0.13 0.124
306 V 0.05 0.022 0.023 0.073 0.014 0.016 0.03 0.027 0.012 0.105 0.146 0.026 0.028 0.14 0.015 0.031 0.037 0.008 0.038 0.156
307 T 0.072 0.033 0.04 0.035 0.017 0.026 0.037 0.042 0.013 0.083 0.074 0.042 0.021 0.025 0.025 0.102 0.209 0.006 0.018 0.08
308 G 0.076 0.022 0.038 0.033 0.01 0.018 0.025 0.524 0.013 0.018 0.027 0.033 0.009 0.016 0.018 0.05 0.029 0.005 0.01 0.024
309 R 0.052 0.18 0.044 0.089 0.01 0.066 0.06 0.038 0.02 0.031 0.048 0.081 0.016 0.018 0.022 0.059 0.102 0.005 0.017 0.041
310 P 0.131 0.029 0.039 0.154 0.013 0.025 0.055 0.053 0.015 0.03 0.041 0.043 0.012 0.016 0.183 0.06 0.04 0.004 0.014 0.041
311 D 0.049 0.028 0.043 0.152 0.012 0.022 0.049 0.038 0.016 0.046 0.068 0.036 0.018 0.144 0.02 0.056 0.105 0.009 0.039 0.05
312 V 0.138 0.023 0.019 0.022 0.019 0.018 0.027 0.041 0.01 0.161 0.118 0.031 0.028 0.033 0.02 0.047 0.046 0.006 0.019 0.173
313 G 0.143 0.024 0.034 0.032 0.013 0.02 0.029 0.396 0.013 0.025 0.036 0.036 0.011 0.017 0.021 0.059 0.034 0.005 0.012 0.036
314 T 0.128 0.031 0.032 0.03 0.019 0.024 0.035 0.047 0.012 0.077 0.079 0.04 0.022 0.026 0.025 0.075 0.153 0.006 0.018 0.122
315 G 0.109 0.054 0.042 0.041 0.013 0.091 0.062 0.122 0.02 0.028 0.043 0.094 0.016 0.017 0.025 0.111 0.051 0.005 0.017 0.039
316 S 0.121 0.034 0.044 0.04 0.017 0.028 0.042 0.125 0.016 0.036 0.048 0.046 0.016 0.021 0.027 0.149 0.122 0.005 0.016 0.05
317 A 0.165 0.025 0.023 0.026 0.016 0.02 0.031 0.118 0.012 0.082 0.113 0.036 0.022 0.027 0.092 0.055 0.04 0.005 0.017 0.074
318 D 0.057 0.032 0.057 0.261 0.009 0.033 0.107 0.115 0.018 0.022 0.03 0.048 0.01 0.016 0.023 0.078 0.04 0.004 0.012 0.027
319 D 0.046 0.037 0.055 0.275 0.007 0.043 0.187 0.04 0.021 0.022 0.031 0.056 0.011 0.015 0.023 0.052 0.035 0.004 0.013 0.027
320 K 0.059 0.092 0.039 0.088 0.012 0.061 0.057 0.038 0.018 0.083 0.07 0.093 0.02 0.023 0.021 0.071 0.045 0.005 0.017 0.089
