#Seq2Logo.py -f /work3/idamei/ssn-clusterings/clustering/2205111339/clusters/0009_541/sequences.afa -o /work3/idamei/ssn-clusterings/clustering/2205111339/clusters/0009_541/sequences.logo
#Position Specific Frequency Matrix
A R N D C Q E G H I L K M F P S T W Y V
0 L 0.052 0.032 0.02 0.02 0.016 0.028 0.028 0.028 0.016 0.1 0.196 0.036 0.166 0.048 0.016 0.036 0.04 0.008 0.024 0.092
1 A 0.289 0.031 0.026 0.03 0.022 0.026 0.041 0.078 0.015 0.043 0.059 0.045 0.018 0.022 0.03 0.085 0.05 0.005 0.018 0.069
2 Q 0.056 0.074 0.044 0.047 0.009 0.214 0.103 0.041 0.029 0.027 0.047 0.091 0.021 0.015 0.024 0.056 0.041 0.006 0.021 0.035
3 N 0.043 0.045 0.316 0.083 0.009 0.034 0.049 0.065 0.032 0.023 0.032 0.054 0.011 0.018 0.02 0.07 0.049 0.005 0.016 0.027
4 K 0.057 0.107 0.042 0.042 0.009 0.054 0.071 0.043 0.021 0.028 0.043 0.277 0.016 0.016 0.028 0.054 0.04 0.005 0.017 0.033
5 R 0.045 0.344 0.039 0.031 0.008 0.048 0.052 0.033 0.023 0.023 0.047 0.12 0.016 0.017 0.019 0.045 0.035 0.006 0.017 0.031
6 T 0.073 0.036 0.043 0.038 0.018 0.028 0.039 0.043 0.014 0.053 0.065 0.045 0.02 0.024 0.028 0.093 0.245 0.006 0.018 0.071
7 G 0.062 0.183 0.039 0.032 0.009 0.034 0.039 0.271 0.018 0.021 0.037 0.077 0.012 0.017 0.019 0.048 0.032 0.006 0.014 0.028
8 C 0.065 0.016 0.016 0.016 0.483 0.012 0.016 0.033 0.008 0.045 0.065 0.02 0.016 0.02 0.016 0.041 0.037 0.004 0.012 0.057
9 R 0.045 0.344 0.039 0.031 0.008 0.048 0.052 0.033 0.023 0.023 0.047 0.12 0.016 0.017 0.019 0.045 0.035 0.006 0.017 0.031
10 R 0.045 0.344 0.039 0.031 0.008 0.048 0.052 0.033 0.023 0.023 0.047 0.12 0.016 0.017 0.019 0.045 0.035 0.006 0.017 0.031
11 I 0.047 0.018 0.015 0.018 0.016 0.013 0.018 0.021 0.009 0.27 0.168 0.024 0.037 0.044 0.015 0.025 0.04 0.006 0.021 0.177
12 A 0.289 0.031 0.026 0.03 0.022 0.026 0.041 0.078 0.015 0.043 0.059 0.045 0.018 0.022 0.03 0.085 0.05 0.005 0.018 0.069
13 P 0.083 0.033 0.039 0.04 0.014 0.027 0.044 0.051 0.016 0.028 0.039 0.048 0.013 0.017 0.261 0.131 0.059 0.004 0.015 0.037
14 Y 0.041 0.028 0.022 0.019 0.009 0.022 0.028 0.025 0.047 0.044 0.069 0.031 0.019 0.131 0.016 0.031 0.028 0.028 0.317 0.047
15 Q 0.056 0.074 0.044 0.047 0.009 0.214 0.103 0.041 0.029 0.027 0.047 0.091 0.021 0.015 0.024 0.056 0.041 0.006 0.021 0.035
16 P 0.057 0.026 0.023 0.031 0.01 0.021 0.036 0.036 0.013 0.026 0.036 0.041 0.01 0.013 0.493 0.044 0.036 0.003 0.013 0.031
17 G 0.078 0.023 0.039 0.034 0.011 0.019 0.026 0.509 0.014 0.019 0.028 0.034 0.009 0.016 0.019 0.051 0.03 0.005 0.011 0.024
18 T 0.073 0.036 0.043 0.038 0.018 0.028 0.039 0.043 0.014 0.053 0.065 0.045 0.02 0.024 0.028 0.093 0.245 0.006 0.018 0.071
19 D 0.041 0.03 0.069 0.396 0.008 0.03 0.092 0.047 0.019 0.022 0.028 0.045 0.009 0.015 0.022 0.052 0.035 0.004 0.011 0.024
20 R 0.045 0.344 0.039 0.031 0.008 0.048 0.052 0.033 0.023 0.023 0.047 0.12 0.016 0.017 0.019 0.045 0.035 0.006 0.017 0.031
21 L 0.045 0.024 0.014 0.015 0.016 0.016 0.02 0.021 0.01 0.116 0.375 0.025 0.05 0.055 0.014 0.024 0.033 0.007 0.022 0.096
22 G 0.074 0.022 0.028 0.026 0.015 0.018 0.024 0.267 0.011 0.092 0.079 0.03 0.021 0.026 0.018 0.042 0.04 0.005 0.016 0.146
23 E 0.056 0.069 0.041 0.074 0.008 0.061 0.223 0.038 0.024 0.024 0.039 0.144 0.014 0.016 0.026 0.054 0.038 0.005 0.017 0.032
24 K 0.057 0.107 0.041 0.041 0.009 0.053 0.071 0.043 0.021 0.028 0.043 0.281 0.015 0.015 0.028 0.053 0.04 0.005 0.017 0.033
25 G 0.078 0.023 0.039 0.034 0.011 0.019 0.026 0.512 0.013 0.019 0.028 0.034 0.009 0.016 0.019 0.051 0.03 0.005 0.011 0.024
26 H 0.046 0.055 0.05 0.041 0.008 0.098 0.07 0.039 0.248 0.024 0.041 0.061 0.017 0.025 0.02 0.046 0.031 0.007 0.045 0.027
27 G 0.078 0.023 0.039 0.034 0.011 0.019 0.026 0.512 0.013 0.019 0.028 0.034 0.009 0.016 0.019 0.051 0.03 0.005 0.011 0.024
28 L 0.046 0.02 0.014 0.017 0.016 0.014 0.018 0.021 0.009 0.221 0.237 0.024 0.041 0.048 0.014 0.025 0.038 0.006 0.021 0.149
29 P 0.057 0.026 0.023 0.031 0.01 0.021 0.036 0.036 0.013 0.026 0.036 0.041 0.01 0.013 0.495 0.044 0.036 0.003 0.013 0.031
30 H 0.042 0.046 0.053 0.038 0.008 0.038 0.053 0.038 0.357 0.023 0.038 0.046 0.015 0.03 0.019 0.042 0.027 0.008 0.057 0.023
31 G 0.078 0.023 0.039 0.034 0.011 0.019 0.026 0.512 0.013 0.019 0.028 0.034 0.009 0.016 0.019 0.051 0.03 0.005 0.011 0.024
32 Q 0.056 0.073 0.044 0.047 0.009 0.217 0.103 0.041 0.029 0.026 0.047 0.091 0.021 0.015 0.023 0.056 0.041 0.006 0.021 0.035
33 V 0.07 0.022 0.016 0.018 0.019 0.016 0.023 0.025 0.008 0.164 0.13 0.026 0.031 0.036 0.016 0.033 0.049 0.005 0.021 0.271
34 R 0.044 0.247 0.044 0.033 0.008 0.045 0.052 0.035 0.135 0.023 0.044 0.095 0.015 0.022 0.019 0.044 0.032 0.006 0.031 0.028
35 R 0.044 0.347 0.039 0.031 0.008 0.048 0.052 0.033 0.023 0.023 0.046 0.12 0.015 0.017 0.019 0.044 0.035 0.006 0.017 0.031
36 Q 0.056 0.073 0.044 0.047 0.009 0.217 0.103 0.041 0.029 0.026 0.047 0.091 0.021 0.015 0.023 0.056 0.041 0.006 0.021 0.035
37 E 0.055 0.05 0.04 0.09 0.007 0.064 0.299 0.035 0.026 0.022 0.037 0.075 0.013 0.017 0.026 0.055 0.037 0.005 0.017 0.031
38 I 0.048 0.021 0.016 0.018 0.016 0.017 0.02 0.022 0.011 0.231 0.174 0.027 0.069 0.045 0.015 0.028 0.04 0.006 0.021 0.155
39 R 0.044 0.348 0.039 0.031 0.008 0.048 0.052 0.033 0.023 0.023 0.046 0.12 0.015 0.017 0.019 0.044 0.035 0.006 0.017 0.031
40 E 0.055 0.049 0.04 0.09 0.007 0.064 0.3 0.035 0.026 0.022 0.037 0.075 0.013 0.017 0.026 0.055 0.037 0.005 0.017 0.031
41 E 0.055 0.049 0.04 0.09 0.007 0.064 0.3 0.035 0.026 0.022 0.037 0.075 0.013 0.017 0.026 0.055 0.037 0.005 0.017 0.031
42 L 0.044 0.024 0.014 0.015 0.016 0.016 0.02 0.021 0.01 0.115 0.378 0.025 0.049 0.054 0.014 0.024 0.033 0.007 0.022 0.096
43 L 0.044 0.024 0.014 0.015 0.016 0.016 0.02 0.021 0.01 0.115 0.378 0.025 0.049 0.054 0.014 0.024 0.033 0.007 0.022 0.096
44 I 0.047 0.018 0.015 0.018 0.016 0.013 0.018 0.021 0.009 0.274 0.167 0.023 0.037 0.044 0.015 0.025 0.04 0.006 0.021 0.176
45 Y 0.04 0.028 0.022 0.019 0.009 0.022 0.028 0.025 0.046 0.043 0.068 0.031 0.019 0.13 0.016 0.031 0.028 0.028 0.321 0.046
46 I 0.053 0.019 0.015 0.018 0.017 0.014 0.019 0.022 0.009 0.247 0.158 0.024 0.035 0.042 0.015 0.027 0.042 0.006 0.021 0.2
47 G 0.078 0.023 0.039 0.034 0.011 0.019 0.025 0.512 0.013 0.019 0.028 0.034 0.009 0.016 0.019 0.051 0.03 0.005 0.011 0.024
48 K 0.056 0.092 0.041 0.053 0.008 0.056 0.128 0.041 0.022 0.026 0.041 0.23 0.015 0.016 0.027 0.054 0.039 0.005 0.017 0.032
49 S 0.109 0.04 0.054 0.049 0.017 0.033 0.052 0.066 0.019 0.03 0.042 0.054 0.016 0.021 0.03 0.223 0.082 0.005 0.017 0.042
50 E 0.055 0.049 0.04 0.09 0.007 0.064 0.3 0.035 0.026 0.022 0.037 0.075 0.013 0.017 0.026 0.055 0.037 0.005 0.017 0.031
51 R 0.044 0.348 0.039 0.031 0.008 0.048 0.052 0.033 0.023 0.023 0.046 0.12 0.015 0.017 0.019 0.044 0.035 0.006 0.017 0.031
52 N 0.043 0.045 0.32 0.083 0.009 0.034 0.049 0.065 0.031 0.022 0.031 0.054 0.011 0.018 0.02 0.069 0.049 0.004 0.016 0.027
53 Q 0.056 0.073 0.044 0.047 0.009 0.218 0.102 0.041 0.029 0.026 0.047 0.091 0.021 0.015 0.023 0.056 0.041 0.006 0.021 0.035
54 D 0.042 0.172 0.055 0.237 0.008 0.038 0.074 0.04 0.021 0.023 0.036 0.078 0.012 0.016 0.021 0.048 0.035 0.005 0.014 0.027
55 N 0.072 0.042 0.203 0.067 0.013 0.033 0.05 0.065 0.026 0.026 0.036 0.054 0.013 0.019 0.024 0.139 0.063 0.005 0.016 0.033
56 L 0.05 0.03 0.019 0.019 0.016 0.025 0.026 0.026 0.015 0.103 0.234 0.033 0.144 0.049 0.016 0.033 0.038 0.008 0.023 0.092
57 L 0.043 0.02 0.015 0.017 0.015 0.013 0.018 0.022 0.011 0.19 0.212 0.023 0.037 0.12 0.014 0.025 0.035 0.008 0.035 0.129
58 V 0.062 0.038 0.03 0.03 0.015 0.073 0.047 0.033 0.015 0.122 0.098 0.047 0.026 0.029 0.021 0.053 0.099 0.006 0.02 0.137
59 L 0.045 0.022 0.014 0.016 0.016 0.015 0.019 0.021 0.01 0.157 0.325 0.025 0.046 0.051 0.014 0.024 0.035 0.007 0.022 0.116
60 L 0.051 0.021 0.021 0.021 0.013 0.015 0.021 0.152 0.012 0.121 0.175 0.025 0.03 0.113 0.015 0.032 0.032 0.008 0.033 0.089
61 I 0.043 0.025 0.096 0.034 0.013 0.018 0.026 0.033 0.016 0.166 0.12 0.03 0.027 0.11 0.015 0.036 0.039 0.008 0.033 0.111
62 L 0.046 0.021 0.014 0.016 0.016 0.015 0.019 0.021 0.009 0.186 0.278 0.024 0.043 0.049 0.014 0.025 0.037 0.006 0.021 0.138
63 L 0.069 0.03 0.032 0.03 0.017 0.023 0.033 0.038 0.013 0.11 0.163 0.037 0.03 0.035 0.022 0.096 0.105 0.006 0.019 0.091
64 I 0.056 0.023 0.023 0.024 0.015 0.017 0.025 0.031 0.013 0.169 0.126 0.029 0.029 0.131 0.017 0.068 0.044 0.009 0.038 0.115
65 I 0.068 0.024 0.025 0.026 0.017 0.019 0.028 0.033 0.011 0.188 0.126 0.032 0.03 0.036 0.019 0.08 0.052 0.006 0.02 0.161
66 F 0.045 0.02 0.023 0.021 0.011 0.013 0.021 0.154 0.016 0.051 0.091 0.023 0.021 0.294 0.013 0.032 0.026 0.014 0.068 0.046
67 L 0.053 0.027 0.022 0.022 0.016 0.021 0.025 0.027 0.012 0.141 0.209 0.032 0.071 0.043 0.017 0.042 0.083 0.007 0.021 0.11
68 I 0.053 0.022 0.022 0.023 0.016 0.017 0.023 0.026 0.01 0.219 0.139 0.029 0.032 0.038 0.018 0.042 0.096 0.006 0.02 0.147
69 L 0.051 0.026 0.023 0.022 0.015 0.019 0.026 0.027 0.018 0.126 0.175 0.031 0.032 0.059 0.018 0.044 0.092 0.011 0.084 0.099
70 L 0.038 0.021 0.015 0.016 0.013 0.013 0.019 0.023 0.014 0.087 0.24 0.022 0.036 0.232 0.012 0.025 0.029 0.012 0.057 0.074
71 D 0.044 0.035 0.061 0.321 0.007 0.039 0.147 0.043 0.02 0.022 0.03 0.052 0.01 0.015 0.023 0.052 0.035 0.004 0.012 0.026
72 Y 0.04 0.023 0.018 0.018 0.011 0.016 0.023 0.024 0.029 0.11 0.106 0.026 0.025 0.176 0.014 0.028 0.03 0.019 0.182 0.082
73 F 0.05 0.026 0.023 0.022 0.013 0.018 0.027 0.03 0.023 0.066 0.161 0.029 0.028 0.176 0.016 0.058 0.037 0.015 0.122 0.061
74 I 0.099 0.02 0.017 0.02 0.017 0.016 0.022 0.032 0.01 0.229 0.144 0.028 0.032 0.039 0.018 0.037 0.042 0.006 0.02 0.152
75 H 0.05 0.042 0.122 0.049 0.011 0.034 0.048 0.046 0.183 0.03 0.043 0.047 0.015 0.025 0.021 0.062 0.092 0.006 0.036 0.036
76 K 0.053 0.171 0.04 0.038 0.008 0.052 0.065 0.04 0.021 0.026 0.044 0.242 0.015 0.016 0.025 0.051 0.038 0.005 0.017 0.032
77 D 0.049 0.034 0.117 0.121 0.011 0.028 0.049 0.044 0.028 0.036 0.049 0.043 0.015 0.048 0.021 0.061 0.094 0.011 0.096 0.043
78 V 0.055 0.02 0.016 0.017 0.016 0.014 0.021 0.024 0.011 0.161 0.133 0.023 0.031 0.131 0.014 0.029 0.041 0.008 0.038 0.196
79 L 0.06 0.024 0.024 0.023 0.139 0.017 0.025 0.034 0.013 0.064 0.156 0.028 0.027 0.127 0.017 0.071 0.042 0.008 0.036 0.063
80 S 0.109 0.04 0.054 0.048 0.017 0.033 0.052 0.066 0.019 0.029 0.041 0.054 0.016 0.021 0.029 0.228 0.081 0.005 0.017 0.041
81 P 0.056 0.026 0.023 0.031 0.01 0.02 0.036 0.036 0.013 0.026 0.036 0.041 0.01 0.013 0.499 0.043 0.036 0.003 0.013 0.031
82 V 0.062 0.021 0.016 0.018 0.018 0.016 0.022 0.023 0.009 0.189 0.141 0.026 0.04 0.038 0.016 0.031 0.046 0.006 0.02 0.244
83 F 0.045 0.019 0.016 0.017 0.014 0.013 0.019 0.024 0.013 0.142 0.13 0.022 0.029 0.218 0.013 0.027 0.034 0.011 0.054 0.141
84 L 0.052 0.025 0.016 0.017 0.017 0.019 0.023 0.023 0.011 0.122 0.273 0.028 0.075 0.048 0.015 0.029 0.039 0.007 0.022 0.14
85 F 0.033 0.019 0.017 0.017 0.01 0.01 0.019 0.025 0.017 0.062 0.113 0.019 0.025 0.396 0.01 0.025 0.025 0.017 0.087 0.054
86 S 0.083 0.04 0.119 0.054 0.015 0.031 0.048 0.059 0.021 0.033 0.044 0.051 0.015 0.021 0.026 0.156 0.117 0.005 0.017 0.045
87 S 0.099 0.038 0.051 0.045 0.017 0.031 0.048 0.06 0.018 0.035 0.047 0.051 0.016 0.021 0.029 0.196 0.125 0.005 0.017 0.048
88 L 0.044 0.024 0.014 0.015 0.016 0.016 0.02 0.021 0.01 0.114 0.385 0.025 0.049 0.054 0.014 0.024 0.033 0.007 0.022 0.095
89 W 0.032 0.021 0.016 0.016 0.009 0.013 0.021 0.027 0.016 0.046 0.082 0.021 0.02 0.228 0.009 0.024 0.024 0.258 0.077 0.042
90 L 0.046 0.026 0.015 0.016 0.016 0.019 0.022 0.023 0.011 0.11 0.337 0.028 0.08 0.052 0.014 0.027 0.035 0.007 0.022 0.094
91 L 0.041 0.023 0.015 0.015 0.015 0.015 0.02 0.022 0.012 0.101 0.317 0.023 0.043 0.139 0.013 0.024 0.031 0.009 0.038 0.085
92 I 0.046 0.017 0.014 0.017 0.016 0.013 0.017 0.02 0.009 0.282 0.165 0.023 0.036 0.044 0.014 0.025 0.039 0.006 0.02 0.174
93 C 0.055 0.017 0.015 0.017 0.254 0.013 0.017 0.026 0.008 0.163 0.115 0.022 0.026 0.032 0.015 0.032 0.038 0.005 0.016 0.115
94 T 0.074 0.038 0.116 0.051 0.015 0.03 0.044 0.054 0.019 0.039 0.05 0.049 0.016 0.021 0.026 0.121 0.161 0.005 0.017 0.052
95 L 0.044 0.024 0.014 0.015 0.016 0.016 0.02 0.021 0.01 0.114 0.385 0.025 0.049 0.054 0.014 0.024 0.033 0.007 0.022 0.095
96 A 0.253 0.033 0.032 0.034 0.02 0.027 0.043 0.074 0.016 0.039 0.054 0.046 0.017 0.021 0.029 0.121 0.057 0.005 0.017 0.061
97 S 0.09 0.034 0.044 0.04 0.016 0.027 0.043 0.055 0.018 0.038 0.059 0.045 0.018 0.114 0.025 0.18 0.067 0.008 0.035 0.045
98 L 0.045 0.026 0.018 0.018 0.015 0.02 0.023 0.025 0.015 0.093 0.221 0.029 0.105 0.136 0.014 0.03 0.034 0.01 0.039 0.083
99 R 0.046 0.207 0.112 0.047 0.008 0.089 0.063 0.042 0.026 0.024 0.042 0.095 0.015 0.017 0.02 0.053 0.04 0.005 0.018 0.031
100 L 0.044 0.024 0.014 0.015 0.016 0.016 0.02 0.021 0.01 0.114 0.385 0.025 0.049 0.054 0.014 0.024 0.033 0.007 0.022 0.095
101 Y 0.038 0.026 0.032 0.115 0.009 0.021 0.041 0.03 0.032 0.043 0.069 0.031 0.018 0.167 0.016 0.034 0.029 0.019 0.189 0.043
102 G 0.068 0.028 0.111 0.045 0.01 0.022 0.031 0.404 0.018 0.02 0.029 0.038 0.01 0.016 0.019 0.055 0.034 0.005 0.012 0.025
103 L 0.043 0.025 0.016 0.017 0.015 0.018 0.022 0.024 0.013 0.097 0.269 0.026 0.074 0.138 0.014 0.027 0.033 0.01 0.039 0.084
104 R 0.066 0.114 0.039 0.034 0.013 0.032 0.042 0.041 0.025 0.037 0.055 0.062 0.017 0.047 0.023 0.099 0.1 0.011 0.095 0.047
105 G 0.055 0.041 0.035 0.046 0.009 0.08 0.113 0.154 0.021 0.032 0.056 0.054 0.017 0.111 0.019 0.046 0.033 0.008 0.034 0.036
106 Y 0.048 0.03 0.097 0.034 0.012 0.023 0.032 0.034 0.033 0.068 0.074 0.035 0.02 0.078 0.017 0.041 0.038 0.016 0.173 0.1
107 S 0.08 0.033 0.042 0.037 0.016 0.026 0.04 0.05 0.017 0.043 0.065 0.043 0.019 0.115 0.024 0.145 0.111 0.008 0.035 0.052
108 E 0.052 0.037 0.029 0.054 0.012 0.042 0.165 0.029 0.019 0.106 0.108 0.052 0.059 0.031 0.02 0.042 0.038 0.006 0.019 0.082
109 K 0.053 0.09 0.112 0.051 0.009 0.048 0.064 0.048 0.023 0.026 0.04 0.23 0.014 0.016 0.025 0.057 0.042 0.005 0.017 0.031
110 T 0.09 0.037 0.048 0.043 0.017 0.03 0.045 0.054 0.016 0.041 0.053 0.049 0.017 0.022 0.028 0.161 0.169 0.005 0.017 0.056
111 I 0.043 0.018 0.015 0.017 0.015 0.012 0.018 0.021 0.011 0.227 0.152 0.022 0.033 0.132 0.013 0.025 0.036 0.009 0.037 0.144
112 G 0.053 0.036 0.107 0.056 0.009 0.034 0.102 0.16 0.029 0.026 0.041 0.048 0.013 0.045 0.02 0.051 0.035 0.011 0.093 0.032
113 I 0.05 0.021 0.017 0.018 0.015 0.016 0.021 0.022 0.018 0.192 0.132 0.026 0.031 0.063 0.015 0.028 0.039 0.011 0.097 0.168
114 I 0.049 0.019 0.015 0.017 0.015 0.013 0.019 0.022 0.011 0.197 0.143 0.023 0.032 0.13 0.014 0.027 0.038 0.008 0.037 0.171
115 F 0.052 0.023 0.023 0.022 0.014 0.016 0.025 0.029 0.014 0.085 0.104 0.027 0.025 0.213 0.016 0.043 0.089 0.011 0.053 0.115
116 L 0.056 0.02 0.015 0.017 0.136 0.014 0.019 0.024 0.009 0.15 0.186 0.023 0.033 0.038 0.015 0.03 0.039 0.006 0.019 0.151
117 G 0.077 0.023 0.039 0.033 0.011 0.019 0.025 0.517 0.013 0.019 0.028 0.033 0.009 0.016 0.019 0.051 0.029 0.005 0.011 0.024
118 V 0.074 0.029 0.026 0.026 0.018 0.023 0.031 0.035 0.013 0.113 0.123 0.035 0.063 0.035 0.019 0.083 0.054 0.006 0.02 0.173
119 L 0.05 0.021 0.015 0.017 0.016 0.016 0.02 0.022 0.01 0.204 0.218 0.025 0.052 0.045 0.015 0.027 0.039 0.006 0.021 0.162
120 S 0.138 0.032 0.037 0.036 0.017 0.025 0.04 0.058 0.017 0.041 0.063 0.042 0.018 0.115 0.025 0.143 0.059 0.008 0.035 0.051
121 F 0.033 0.019 0.017 0.017 0.01 0.01 0.019 0.025 0.017 0.062 0.113 0.019 0.025 0.396 0.01 0.025 0.025 0.017 0.087 0.054
122 S 0.108 0.04 0.053 0.048 0.017 0.033 0.052 0.065 0.019 0.029 0.041 0.053 0.015 0.021 0.029 0.231 0.081 0.005 0.017 0.041
123 L 0.042 0.021 0.015 0.016 0.015 0.014 0.019 0.022 0.011 0.143 0.262 0.023 0.04 0.137 0.013 0.024 0.033 0.009 0.038 0.104
124 G 0.077 0.023 0.039 0.033 0.011 0.019 0.025 0.517 0.013 0.019 0.028 0.033 0.009 0.016 0.019 0.051 0.029 0.005 0.011 0.024
125 A 0.195 0.031 0.03 0.031 0.02 0.025 0.039 0.061 0.014 0.069 0.072 0.042 0.02 0.025 0.026 0.108 0.057 0.005 0.018 0.114
126 F 0.038 0.021 0.017 0.017 0.012 0.014 0.021 0.024 0.022 0.112 0.114 0.023 0.026 0.241 0.013 0.026 0.029 0.017 0.131 0.082
127 F 0.06 0.023 0.026 0.024 0.132 0.016 0.026 0.037 0.015 0.05 0.083 0.028 0.02 0.208 0.017 0.08 0.042 0.011 0.051 0.051
128 I 0.067 0.03 0.033 0.03 0.015 0.024 0.034 0.038 0.022 0.102 0.085 0.038 0.022 0.054 0.022 0.095 0.101 0.011 0.096 0.083
129 R 0.053 0.16 0.042 0.048 0.01 0.045 0.112 0.036 0.064 0.03 0.047 0.08 0.016 0.02 0.023 0.058 0.09 0.006 0.022 0.039
130 L 0.044 0.022 0.014 0.016 0.016 0.015 0.019 0.021 0.01 0.156 0.33 0.025 0.046 0.051 0.014 0.024 0.034 0.007 0.022 0.115
131 V 0.057 0.021 0.015 0.017 0.017 0.015 0.021 0.022 0.009 0.18 0.202 0.025 0.037 0.042 0.015 0.028 0.042 0.006 0.021 0.207
132 S 0.075 0.038 0.114 0.049 0.013 0.03 0.045 0.055 0.029 0.031 0.045 0.048 0.015 0.047 0.023 0.141 0.059 0.011 0.094 0.039
133 H 0.06 0.052 0.038 0.033 0.013 0.033 0.046 0.037 0.102 0.066 0.068 0.101 0.02 0.026 0.022 0.054 0.093 0.006 0.028 0.101
134 K 0.06 0.073 0.042 0.047 0.011 0.091 0.1 0.041 0.021 0.033 0.048 0.151 0.017 0.017 0.026 0.063 0.094 0.006 0.018 0.042
135 S 0.11 0.04 0.054 0.049 0.018 0.033 0.053 0.067 0.019 0.03 0.042 0.054 0.016 0.021 0.03 0.217 0.082 0.005 0.018 0.042
136 K 0.057 0.108 0.042 0.042 0.009 0.054 0.071 0.043 0.021 0.028 0.043 0.275 0.016 0.016 0.028 0.054 0.04 0.005 0.017 0.033
137 F 0.054 0.058 0.036 0.035 0.011 0.079 0.057 0.038 0.02 0.042 0.066 0.111 0.02 0.112 0.022 0.056 0.091 0.008 0.036 0.048
138 P 0.057 0.033 0.03 0.043 0.013 0.032 0.1 0.033 0.015 0.053 0.13 0.046 0.023 0.027 0.142 0.053 0.091 0.005 0.017 0.057
139 K 0.053 0.168 0.04 0.038 0.008 0.051 0.065 0.04 0.021 0.026 0.043 0.246 0.015 0.016 0.025 0.051 0.038 0.005 0.017 0.032
140 F 0.051 0.043 0.107 0.045 0.011 0.074 0.052 0.043 0.023 0.041 0.064 0.052 0.019 0.113 0.02 0.06 0.093 0.008 0.035 0.046
141 T 0.077 0.045 0.046 0.042 0.015 0.078 0.058 0.048 0.019 0.04 0.054 0.058 0.019 0.02 0.027 0.117 0.159 0.006 0.018 0.054
142 R 0.049 0.144 0.112 0.05 0.008 0.09 0.068 0.045 0.026 0.025 0.041 0.138 0.015 0.016 0.022 0.055 0.041 0.005 0.017 0.031
143 N 0.045 0.055 0.179 0.056 0.009 0.035 0.049 0.049 0.032 0.029 0.043 0.106 0.014 0.045 0.021 0.055 0.041 0.01 0.094 0.033
144 A 0.297 0.031 0.025 0.029 0.021 0.025 0.04 0.078 0.015 0.043 0.059 0.044 0.017 0.021 0.029 0.084 0.049 0.005 0.017 0.068
145 H 0.042 0.045 0.053 0.038 0.008 0.038 0.053 0.038 0.361 0.023 0.038 0.045 0.015 0.03 0.019 0.042 0.026 0.008 0.057 0.023
146 L 0.044 0.024 0.014 0.015 0.016 0.016 0.02 0.021 0.01 0.114 0.381 0.025 0.049 0.054 0.014 0.024 0.033 0.007 0.022 0.095
147 R 0.044 0.351 0.038 0.031 0.008 0.048 0.052 0.033 0.023 0.023 0.046 0.119 0.015 0.017 0.019 0.044 0.035 0.006 0.017 0.031
148 G 0.078 0.023 0.039 0.033 0.011 0.019 0.025 0.515 0.013 0.019 0.028 0.033 0.009 0.016 0.019 0.051 0.029 0.005 0.011 0.024
149 K 0.056 0.106 0.041 0.041 0.009 0.053 0.07 0.043 0.021 0.027 0.043 0.285 0.015 0.015 0.027 0.053 0.039 0.005 0.017 0.032
150 N 0.048 0.043 0.267 0.073 0.011 0.032 0.047 0.06 0.028 0.028 0.038 0.052 0.013 0.019 0.021 0.074 0.09 0.005 0.016 0.035
151 L 0.044 0.024 0.014 0.015 0.016 0.016 0.02 0.021 0.01 0.114 0.381 0.025 0.049 0.054 0.014 0.024 0.033 0.007 0.022 0.095
152 F 0.053 0.04 0.029 0.042 0.011 0.079 0.112 0.031 0.02 0.068 0.081 0.052 0.022 0.115 0.019 0.042 0.038 0.008 0.036 0.1
153 L 0.059 0.028 0.028 0.027 0.017 0.021 0.029 0.032 0.011 0.125 0.17 0.034 0.031 0.036 0.021 0.058 0.147 0.006 0.019 0.102
154 N 0.061 0.033 0.132 0.073 0.013 0.026 0.042 0.049 0.02 0.11 0.078 0.043 0.021 0.027 0.021 0.096 0.053 0.005 0.017 0.08
155 D 0.041 0.137 0.043 0.152 0.008 0.033 0.056 0.034 0.029 0.029 0.047 0.064 0.014 0.054 0.019 0.042 0.032 0.012 0.118 0.034
156 D 0.052 0.027 0.048 0.216 0.011 0.024 0.058 0.135 0.015 0.045 0.118 0.038 0.019 0.025 0.02 0.053 0.036 0.005 0.014 0.043
157 N 0.045 0.056 0.191 0.153 0.008 0.037 0.064 0.054 0.025 0.023 0.033 0.11 0.012 0.016 0.022 0.06 0.043 0.004 0.015 0.027
158 R 0.053 0.127 0.113 0.049 0.011 0.084 0.06 0.045 0.024 0.031 0.047 0.077 0.017 0.018 0.022 0.065 0.095 0.005 0.018 0.04
159 Q 0.056 0.074 0.044 0.047 0.009 0.213 0.103 0.041 0.029 0.027 0.047 0.091 0.021 0.015 0.024 0.056 0.041 0.006 0.021 0.035
160 L 0.056 0.056 0.029 0.03 0.013 0.078 0.053 0.032 0.017 0.082 0.151 0.107 0.029 0.03 0.02 0.041 0.04 0.006 0.02 0.11
161 E 0.052 0.068 0.113 0.065 0.008 0.094 0.132 0.045 0.026 0.024 0.039 0.127 0.015 0.016 0.024 0.058 0.041 0.005 0.017 0.031
162 L 0.047 0.022 0.015 0.016 0.015 0.015 0.02 0.023 0.011 0.113 0.253 0.024 0.038 0.135 0.014 0.026 0.035 0.009 0.038 0.131
163 N 0.048 0.037 0.249 0.065 0.129 0.028 0.041 0.056 0.025 0.028 0.039 0.045 0.012 0.018 0.019 0.062 0.046 0.004 0.015 0.034
164 F 0.032 0.02 0.016 0.016 0.01 0.012 0.02 0.026 0.016 0.054 0.097 0.02 0.023 0.312 0.01 0.024 0.024 0.137 0.082 0.048
165 T 0.068 0.053 0.042 0.038 0.015 0.034 0.047 0.043 0.015 0.046 0.059 0.106 0.018 0.021 0.027 0.082 0.203 0.006 0.017 0.061
166 F 0.033 0.019 0.017 0.017 0.01 0.01 0.019 0.025 0.017 0.062 0.113 0.019 0.025 0.396 0.01 0.025 0.025 0.017 0.087 0.054
167 L 0.044 0.024 0.014 0.015 0.016 0.016 0.02 0.021 0.01 0.114 0.385 0.025 0.049 0.054 0.014 0.024 0.033 0.007 0.022 0.095
168 E 0.048 0.057 0.107 0.058 0.008 0.043 0.113 0.041 0.031 0.029 0.044 0.112 0.014 0.045 0.022 0.052 0.038 0.011 0.094 0.034
169 L 0.045 0.021 0.014 0.016 0.016 0.015 0.019 0.021 0.009 0.198 0.275 0.024 0.043 0.049 0.014 0.024 0.036 0.006 0.021 0.134
170 L 0.044 0.022 0.014 0.016 0.016 0.015 0.019 0.021 0.01 0.156 0.33 0.025 0.046 0.051 0.014 0.024 0.034 0.007 0.022 0.115
171 L 0.108 0.026 0.017 0.019 0.017 0.018 0.025 0.035 0.011 0.096 0.303 0.03 0.041 0.046 0.018 0.039 0.037 0.007 0.021 0.088
172 A 0.159 0.024 0.02 0.023 0.017 0.018 0.028 0.047 0.013 0.113 0.102 0.032 0.025 0.121 0.02 0.052 0.041 0.008 0.036 0.102
173 L 0.047 0.022 0.015 0.016 0.015 0.015 0.02 0.023 0.011 0.113 0.253 0.024 0.038 0.135 0.014 0.026 0.035 0.009 0.038 0.131
174 V 0.127 0.024 0.018 0.02 0.02 0.018 0.027 0.038 0.01 0.132 0.111 0.03 0.028 0.032 0.02 0.045 0.049 0.005 0.02 0.227
175 C 0.073 0.027 0.032 0.03 0.136 0.021 0.031 0.04 0.012 0.102 0.084 0.035 0.022 0.027 0.022 0.097 0.103 0.005 0.017 0.085
176 L 0.068 0.025 0.022 0.022 0.017 0.018 0.025 0.03 0.01 0.153 0.184 0.03 0.033 0.039 0.019 0.045 0.094 0.006 0.02 0.139
177 G 0.077 0.023 0.039 0.033 0.011 0.019 0.025 0.517 0.013 0.019 0.028 0.033 0.009 0.016 0.019 0.051 0.029 0.005 0.011 0.024
178 N 0.063 0.041 0.201 0.064 0.013 0.032 0.047 0.059 0.024 0.031 0.041 0.051 0.014 0.02 0.024 0.107 0.107 0.005 0.016 0.04
179 V 0.121 0.023 0.018 0.02 0.019 0.018 0.026 0.037 0.01 0.162 0.12 0.03 0.029 0.034 0.019 0.043 0.046 0.005 0.02 0.2
180 L 0.05 0.021 0.021 0.021 0.013 0.015 0.02 0.146 0.012 0.119 0.173 0.025 0.03 0.127 0.014 0.031 0.032 0.009 0.035 0.087
181 S 0.095 0.048 0.051 0.048 0.015 0.081 0.064 0.059 0.021 0.028 0.043 0.062 0.017 0.019 0.028 0.187 0.071 0.005 0.018 0.04
182 L 0.109 0.024 0.017 0.019 0.017 0.018 0.024 0.035 0.011 0.138 0.248 0.029 0.038 0.043 0.018 0.039 0.039 0.006 0.02 0.108
183 F 0.037 0.018 0.016 0.017 0.012 0.011 0.018 0.024 0.015 0.117 0.126 0.02 0.028 0.308 0.011 0.025 0.029 0.014 0.071 0.084
184 Y 0.039 0.024 0.018 0.017 0.011 0.017 0.023 0.024 0.03 0.066 0.158 0.026 0.028 0.177 0.014 0.028 0.028 0.02 0.191 0.06
185 S 0.156 0.037 0.046 0.043 0.018 0.031 0.049 0.068 0.018 0.033 0.046 0.051 0.016 0.021 0.029 0.195 0.073 0.005 0.017 0.048
186 L 0.047 0.022 0.015 0.016 0.015 0.015 0.02 0.023 0.011 0.113 0.253 0.024 0.038 0.135 0.014 0.026 0.035 0.009 0.038 0.131
187 R 0.048 0.134 0.106 0.043 0.01 0.04 0.049 0.042 0.023 0.043 0.078 0.124 0.054 0.024 0.021 0.05 0.04 0.006 0.018 0.045
188 F 0.167 0.025 0.021 0.023 0.016 0.018 0.029 0.051 0.016 0.053 0.086 0.031 0.021 0.209 0.02 0.054 0.037 0.011 0.052 0.061
189 L 0.042 0.021 0.015 0.016 0.015 0.014 0.019 0.022 0.011 0.143 0.262 0.023 0.04 0.137 0.013 0.024 0.033 0.009 0.038 0.104
190 L 0.049 0.129 0.028 0.027 0.012 0.036 0.042 0.031 0.017 0.066 0.167 0.117 0.063 0.033 0.019 0.039 0.037 0.006 0.02 0.062
191 G 0.068 0.115 0.114 0.048 0.011 0.033 0.044 0.17 0.022 0.023 0.037 0.065 0.013 0.018 0.022 0.099 0.048 0.005 0.015 0.031
192 G 0.077 0.023 0.039 0.033 0.011 0.019 0.025 0.517 0.013 0.019 0.028 0.033 0.009 0.016 0.019 0.051 0.029 0.005 0.011 0.024
193 G 0.132 0.028 0.036 0.033 0.015 0.022 0.032 0.289 0.014 0.033 0.045 0.039 0.014 0.019 0.023 0.069 0.091 0.005 0.014 0.046
194 S 0.108 0.04 0.053 0.048 0.017 0.033 0.052 0.065 0.019 0.029 0.041 0.053 0.015 0.021 0.029 0.231 0.081 0.005 0.017 0.041
195 Y 0.04 0.028 0.021 0.018 0.009 0.021 0.028 0.025 0.046 0.043 0.067 0.031 0.018 0.129 0.015 0.031 0.028 0.028 0.328 0.046
196 L 0.043 0.025 0.016 0.017 0.015 0.018 0.022 0.024 0.013 0.097 0.269 0.026 0.074 0.138 0.014 0.027 0.033 0.01 0.039 0.084
197 E 0.112 0.039 0.043 0.153 0.011 0.045 0.186 0.048 0.021 0.027 0.04 0.059 0.013 0.017 0.026 0.061 0.039 0.005 0.015 0.038
198 L 0.051 0.02 0.015 0.017 0.017 0.015 0.019 0.021 0.009 0.21 0.211 0.024 0.038 0.044 0.015 0.026 0.04 0.006 0.021 0.181
199 R 0.043 0.277 0.042 0.032 0.008 0.045 0.052 0.034 0.108 0.023 0.044 0.1 0.015 0.02 0.019 0.043 0.032 0.006 0.027 0.029
200 G 0.071 0.045 0.116 0.052 0.011 0.078 0.057 0.172 0.023 0.024 0.037 0.057 0.014 0.017 0.023 0.101 0.05 0.005 0.016 0.032
201 L 0.063 0.037 0.105 0.042 0.014 0.03 0.039 0.046 0.02 0.062 0.115 0.044 0.093 0.033 0.02 0.093 0.052 0.006 0.02 0.062
202 L 0.045 0.103 0.02 0.02 0.014 0.022 0.027 0.023 0.013 0.175 0.19 0.047 0.034 0.04 0.016 0.029 0.036 0.006 0.02 0.118
203 L 0.044 0.024 0.014 0.015 0.016 0.016 0.02 0.021 0.01 0.114 0.385 0.025 0.049 0.054 0.014 0.024 0.033 0.007 0.022 0.095
204 G 0.077 0.023 0.039 0.033 0.011 0.019 0.025 0.517 0.013 0.019 0.028 0.033 0.009 0.016 0.019 0.051 0.029 0.005 0.011 0.024
205 Y 0.04 0.028 0.021 0.018 0.009 0.021 0.028 0.025 0.046 0.043 0.067 0.031 0.018 0.129 0.015 0.031 0.028 0.028 0.328 0.046
206 N 0.042 0.044 0.327 0.082 0.009 0.033 0.049 0.064 0.031 0.022 0.031 0.053 0.011 0.018 0.02 0.069 0.049 0.004 0.015 0.027
207 D 0.057 0.027 0.046 0.2 0.011 0.025 0.068 0.158 0.015 0.056 0.053 0.038 0.015 0.02 0.02 0.047 0.037 0.005 0.014 0.088
208 A 0.191 0.037 0.036 0.049 0.017 0.037 0.11 0.064 0.018 0.034 0.049 0.054 0.016 0.02 0.028 0.113 0.054 0.005 0.017 0.052
209 D 0.065 0.048 0.051 0.147 0.01 0.088 0.137 0.047 0.023 0.025 0.038 0.065 0.014 0.017 0.025 0.098 0.048 0.005 0.016 0.033
210 P 0.052 0.027 0.039 0.153 0.009 0.024 0.055 0.04 0.015 0.025 0.033 0.042 0.01 0.014 0.337 0.047 0.036 0.003 0.012 0.029
211 L 0.111 0.032 0.023 0.037 0.015 0.03 0.097 0.038 0.015 0.073 0.216 0.042 0.032 0.036 0.021 0.047 0.038 0.006 0.019 0.072
212 I 0.051 0.019 0.021 0.021 0.013 0.014 0.02 0.146 0.012 0.161 0.118 0.025 0.027 0.125 0.015 0.031 0.033 0.008 0.035 0.107
213 E 0.073 0.057 0.044 0.054 0.013 0.044 0.117 0.046 0.02 0.033 0.046 0.115 0.016 0.019 0.027 0.107 0.103 0.005 0.017 0.044
214 N 0.059 0.043 0.259 0.073 0.011 0.033 0.049 0.065 0.028 0.024 0.034 0.053 0.012 0.018 0.022 0.109 0.057 0.005 0.016 0.03
215 P 0.069 0.029 0.031 0.035 0.012 0.023 0.04 0.043 0.014 0.026 0.037 0.044 0.011 0.015 0.383 0.09 0.047 0.003 0.014 0.033
216 L 0.042 0.021 0.015 0.016 0.015 0.014 0.019 0.022 0.011 0.143 0.262 0.023 0.04 0.137 0.013 0.024 0.033 0.009 0.038 0.104
217 F 0.051 0.02 0.016 0.017 0.015 0.013 0.021 0.025 0.012 0.112 0.12 0.022 0.028 0.216 0.013 0.029 0.037 0.011 0.054 0.167
218 N 0.054 0.046 0.184 0.061 0.009 0.078 0.056 0.172 0.026 0.022 0.034 0.057 0.013 0.016 0.02 0.061 0.042 0.005 0.015 0.028
219 I 0.046 0.019 0.014 0.017 0.016 0.014 0.018 0.02 0.009 0.24 0.22 0.024 0.039 0.046 0.014 0.024 0.038 0.006 0.021 0.154
220 L 0.039 0.021 0.015 0.016 0.013 0.013 0.019 0.023 0.013 0.088 0.249 0.022 0.037 0.225 0.012 0.024 0.029 0.012 0.055 0.074
221 N 0.073 0.035 0.11 0.046 0.016 0.027 0.041 0.049 0.018 0.067 0.066 0.044 0.019 0.024 0.023 0.106 0.109 0.005 0.018 0.104
222 S 0.083 0.117 0.047 0.041 0.015 0.035 0.048 0.051 0.019 0.033 0.048 0.067 0.016 0.02 0.026 0.15 0.113 0.005 0.017 0.046
223 Y 0.04 0.028 0.021 0.018 0.009 0.021 0.028 0.025 0.046 0.043 0.067 0.031 0.018 0.129 0.015 0.031 0.028 0.028 0.328 0.046
224 F 0.04 0.018 0.016 0.017 0.013 0.012 0.018 0.023 0.013 0.172 0.139 0.021 0.031 0.22 0.012 0.025 0.032 0.011 0.054 0.114
225 C 0.086 0.028 0.035 0.032 0.254 0.022 0.034 0.049 0.013 0.037 0.053 0.037 0.016 0.02 0.023 0.136 0.058 0.005 0.015 0.049
226 G 0.077 0.023 0.039 0.033 0.011 0.019 0.025 0.517 0.013 0.019 0.028 0.033 0.009 0.016 0.019 0.051 0.029 0.005 0.011 0.024
227 P 0.056 0.025 0.023 0.031 0.01 0.02 0.036 0.036 0.013 0.025 0.036 0.041 0.01 0.013 0.501 0.043 0.036 0.003 0.013 0.031
228 G 0.189 0.027 0.032 0.031 0.016 0.022 0.033 0.297 0.014 0.031 0.043 0.039 0.013 0.019 0.024 0.067 0.039 0.005 0.014 0.046
229 L 0.046 0.109 0.022 0.02 0.014 0.027 0.03 0.026 0.015 0.087 0.252 0.051 0.072 0.043 0.016 0.032 0.035 0.007 0.021 0.078
230 F 0.053 0.027 0.03 0.027 0.014 0.019 0.029 0.034 0.015 0.057 0.088 0.032 0.022 0.21 0.019 0.058 0.141 0.011 0.053 0.062
231 A 0.185 0.026 0.021 0.023 0.02 0.021 0.031 0.051 0.011 0.102 0.093 0.035 0.024 0.028 0.023 0.058 0.049 0.005 0.019 0.174
232 L 0.044 0.024 0.014 0.015 0.016 0.016 0.02 0.021 0.01 0.114 0.385 0.025 0.049 0.054 0.014 0.024 0.033 0.007 0.022 0.095
233 I 0.046 0.019 0.014 0.017 0.016 0.014 0.018 0.02 0.009 0.24 0.22 0.024 0.039 0.046 0.014 0.024 0.038 0.006 0.021 0.154
234 P 0.056 0.025 0.023 0.031 0.01 0.02 0.036 0.036 0.013 0.025 0.036 0.041 0.01 0.013 0.501 0.043 0.036 0.003 0.013 0.031
235 F 0.045 0.019 0.016 0.017 0.014 0.013 0.019 0.024 0.013 0.142 0.13 0.022 0.029 0.218 0.013 0.027 0.034 0.011 0.054 0.141
236 A 0.253 0.033 0.032 0.034 0.02 0.027 0.043 0.074 0.016 0.039 0.054 0.046 0.017 0.021 0.029 0.121 0.057 0.005 0.017 0.061
237 I 0.049 0.025 0.017 0.019 0.016 0.02 0.023 0.024 0.012 0.19 0.18 0.029 0.105 0.046 0.015 0.03 0.039 0.007 0.022 0.133
238 L 0.048 0.02 0.015 0.017 0.015 0.014 0.02 0.023 0.011 0.155 0.198 0.023 0.035 0.132 0.014 0.027 0.036 0.009 0.038 0.151
239 F 0.041 0.018 0.017 0.017 0.131 0.011 0.018 0.027 0.014 0.058 0.1 0.019 0.023 0.302 0.012 0.029 0.028 0.013 0.069 0.055
240 L 0.04 0.024 0.014 0.015 0.014 0.016 0.021 0.023 0.011 0.093 0.302 0.024 0.04 0.055 0.012 0.024 0.03 0.13 0.033 0.079
241 L 0.042 0.019 0.015 0.017 0.015 0.013 0.018 0.022 0.011 0.185 0.207 0.023 0.037 0.134 0.013 0.025 0.034 0.009 0.038 0.124
242 K 0.053 0.168 0.04 0.038 0.008 0.051 0.065 0.04 0.021 0.026 0.043 0.246 0.015 0.016 0.025 0.051 0.038 0.005 0.017 0.032
243 K 0.056 0.106 0.041 0.041 0.008 0.053 0.07 0.043 0.02 0.027 0.043 0.289 0.015 0.015 0.027 0.053 0.039 0.005 0.017 0.032
244 E 0.053 0.061 0.035 0.048 0.01 0.089 0.124 0.034 0.021 0.089 0.073 0.119 0.021 0.022 0.023 0.047 0.039 0.006 0.018 0.068
245 H 0.045 0.06 0.118 0.05 0.008 0.04 0.056 0.046 0.195 0.024 0.037 0.108 0.014 0.023 0.021 0.051 0.035 0.006 0.036 0.026
246 K 0.051 0.104 0.031 0.031 0.011 0.037 0.048 0.033 0.016 0.122 0.089 0.168 0.023 0.026 0.021 0.041 0.039 0.005 0.018 0.085
247 K 0.053 0.168 0.04 0.038 0.008 0.051 0.065 0.04 0.021 0.026 0.043 0.246 0.015 0.016 0.025 0.051 0.038 0.005 0.017 0.032
248 F 0.033 0.019 0.017 0.017 0.01 0.01 0.019 0.025 0.017 0.062 0.113 0.019 0.025 0.396 0.01 0.025 0.025 0.017 0.087 0.054
249 S 0.108 0.04 0.053 0.048 0.017 0.033 0.052 0.065 0.019 0.029 0.041 0.053 0.015 0.021 0.029 0.231 0.081 0.005 0.017 0.041
250 L 0.05 0.022 0.021 0.02 0.013 0.015 0.021 0.146 0.012 0.077 0.227 0.025 0.033 0.13 0.014 0.031 0.03 0.009 0.036 0.067
251 I 0.046 0.019 0.014 0.017 0.016 0.014 0.018 0.02 0.009 0.24 0.22 0.024 0.039 0.046 0.014 0.024 0.038 0.006 0.021 0.154
252 V 0.064 0.024 0.022 0.022 0.018 0.018 0.026 0.028 0.01 0.165 0.122 0.03 0.029 0.034 0.019 0.045 0.099 0.006 0.02 0.201
253 F 0.036 0.02 0.016 0.016 0.012 0.012 0.019 0.024 0.015 0.075 0.181 0.02 0.031 0.31 0.011 0.025 0.027 0.014 0.071 0.064
254 L 0.046 0.026 0.015 0.016 0.016 0.019 0.022 0.023 0.011 0.11 0.337 0.028 0.08 0.052 0.014 0.027 0.035 0.007 0.022 0.094
255 C 0.053 0.03 0.172 0.049 0.25 0.023 0.032 0.048 0.02 0.033 0.048 0.037 0.014 0.019 0.018 0.054 0.042 0.004 0.014 0.041
256 L 0.105 0.024 0.017 0.019 0.016 0.017 0.025 0.036 0.013 0.083 0.235 0.028 0.035 0.131 0.017 0.039 0.035 0.009 0.037 0.078
257 L 0.047 0.022 0.015 0.016 0.015 0.015 0.02 0.023 0.011 0.113 0.253 0.024 0.038 0.135 0.014 0.026 0.035 0.009 0.038 0.131
258 L 0.081 0.023 0.017 0.019 0.015 0.016 0.023 0.031 0.013 0.131 0.194 0.027 0.047 0.131 0.016 0.035 0.036 0.009 0.037 0.1
259 S 0.14 0.036 0.076 0.101 0.016 0.03 0.054 0.065 0.019 0.031 0.043 0.05 0.015 0.02 0.027 0.151 0.063 0.005 0.016 0.044
260 I 0.12 0.027 0.027 0.027 0.018 0.021 0.031 0.043 0.012 0.136 0.101 0.036 0.025 0.03 0.023 0.063 0.119 0.006 0.019 0.116
261 I 0.048 0.019 0.015 0.017 0.016 0.014 0.019 0.021 0.009 0.228 0.217 0.024 0.039 0.045 0.015 0.025 0.039 0.006 0.021 0.165
262 S 0.139 0.034 0.038 0.036 0.016 0.028 0.043 0.058 0.025 0.036 0.052 0.045 0.017 0.048 0.026 0.144 0.06 0.011 0.095 0.049
263 S 0.108 0.04 0.053 0.048 0.017 0.033 0.052 0.065 0.019 0.029 0.041 0.053 0.015 0.021 0.029 0.231 0.081 0.005 0.017 0.041
264 G 0.077 0.023 0.039 0.033 0.011 0.019 0.025 0.517 0.013 0.019 0.028 0.033 0.009 0.016 0.019 0.051 0.029 0.005 0.011 0.024
265 G 0.077 0.023 0.039 0.033 0.011 0.019 0.025 0.517 0.013 0.019 0.028 0.033 0.009 0.016 0.019 0.051 0.029 0.005 0.011 0.024
266 R 0.044 0.355 0.038 0.031 0.008 0.048 0.052 0.032 0.023 0.023 0.046 0.118 0.015 0.017 0.019 0.044 0.034 0.006 0.017 0.031
267 I 0.046 0.017 0.014 0.017 0.016 0.013 0.017 0.02 0.009 0.282 0.165 0.023 0.036 0.044 0.014 0.025 0.039 0.006 0.02 0.174
268 L 0.056 0.034 0.028 0.028 0.013 0.068 0.041 0.15 0.015 0.11 0.156 0.043 0.029 0.032 0.018 0.039 0.035 0.006 0.018 0.082
269 L 0.045 0.021 0.014 0.016 0.016 0.015 0.019 0.021 0.009 0.198 0.275 0.024 0.043 0.049 0.014 0.024 0.036 0.006 0.021 0.134
270 I 0.052 0.018 0.015 0.017 0.017 0.014 0.019 0.021 0.009 0.252 0.156 0.024 0.035 0.041 0.015 0.027 0.042 0.006 0.02 0.2
271 Y 0.04 0.028 0.021 0.018 0.009 0.021 0.028 0.025 0.046 0.043 0.067 0.031 0.018 0.129 0.015 0.031 0.028 0.028 0.328 0.046
272 T 0.123 0.029 0.031 0.03 0.018 0.023 0.034 0.046 0.013 0.107 0.088 0.039 0.023 0.028 0.025 0.073 0.151 0.006 0.018 0.095
273 L 0.075 0.021 0.016 0.018 0.017 0.016 0.021 0.027 0.009 0.198 0.204 0.026 0.037 0.043 0.016 0.032 0.04 0.006 0.02 0.159
274 V 0.067 0.023 0.021 0.022 0.018 0.018 0.026 0.029 0.01 0.167 0.15 0.029 0.032 0.037 0.018 0.059 0.05 0.006 0.02 0.199
275 Q 0.055 0.072 0.043 0.046 0.009 0.226 0.101 0.041 0.029 0.026 0.046 0.09 0.02 0.014 0.023 0.055 0.041 0.006 0.02 0.035
276 L 0.052 0.024 0.02 0.02 0.015 0.017 0.021 0.145 0.011 0.09 0.296 0.027 0.039 0.044 0.015 0.031 0.032 0.007 0.019 0.077
277 L 0.042 0.019 0.015 0.017 0.015 0.013 0.018 0.022 0.011 0.185 0.207 0.023 0.037 0.134 0.013 0.025 0.034 0.009 0.038 0.124
278 A 0.173 0.024 0.02 0.023 0.019 0.019 0.029 0.049 0.012 0.162 0.112 0.034 0.027 0.032 0.022 0.054 0.044 0.006 0.019 0.121
279 G 0.123 0.025 0.023 0.024 0.017 0.019 0.027 0.16 0.011 0.084 0.15 0.032 0.027 0.032 0.02 0.048 0.04 0.006 0.018 0.117
280 F 0.047 0.021 0.021 0.02 0.012 0.014 0.021 0.147 0.014 0.064 0.159 0.024 0.027 0.215 0.013 0.031 0.028 0.011 0.052 0.057
281 L 0.061 0.047 0.031 0.03 0.014 0.029 0.04 0.038 0.016 0.063 0.172 0.097 0.029 0.087 0.021 0.083 0.045 0.008 0.029 0.06
282 Y 0.036 0.024 0.019 0.017 0.009 0.017 0.024 0.026 0.031 0.045 0.075 0.026 0.019 0.178 0.012 0.027 0.026 0.143 0.203 0.044
283 Y 0.058 0.035 0.106 0.042 0.011 0.027 0.039 0.045 0.035 0.034 0.052 0.042 0.016 0.074 0.02 0.09 0.046 0.016 0.172 0.04
284 R 0.048 0.19 0.111 0.047 0.008 0.046 0.057 0.044 0.024 0.024 0.041 0.162 0.014 0.017 0.022 0.053 0.04 0.005 0.017 0.03
285 I 0.05 0.086 0.027 0.028 0.012 0.032 0.042 0.03 0.015 0.154 0.104 0.139 0.026 0.03 0.02 0.038 0.039 0.006 0.019 0.103
286 K 0.079 0.072 0.111 0.049 0.011 0.041 0.057 0.051 0.021 0.031 0.045 0.169 0.015 0.018 0.026 0.066 0.075 0.005 0.017 0.04
287 I 0.047 0.019 0.014 0.017 0.016 0.014 0.018 0.021 0.009 0.234 0.218 0.024 0.039 0.046 0.014 0.025 0.038 0.006 0.021 0.16
288 P 0.082 0.034 0.042 0.04 0.016 0.028 0.043 0.05 0.016 0.036 0.048 0.047 0.016 0.02 0.146 0.135 0.131 0.005 0.016 0.049
289 R 0.082 0.213 0.04 0.036 0.011 0.044 0.055 0.044 0.021 0.027 0.046 0.144 0.015 0.018 0.024 0.078 0.044 0.005 0.017 0.036
290 K 0.056 0.106 0.041 0.041 0.008 0.053 0.07 0.043 0.02 0.027 0.043 0.289 0.015 0.015 0.027 0.053 0.039 0.005 0.017 0.032
291 I 0.054 0.025 0.023 0.023 0.016 0.02 0.025 0.028 0.012 0.179 0.147 0.032 0.066 0.039 0.018 0.044 0.094 0.006 0.02 0.127
292 R 0.05 0.23 0.04 0.036 0.008 0.05 0.061 0.037 0.022 0.025 0.044 0.204 0.015 0.016 0.023 0.048 0.037 0.005 0.017 0.031
293 R 0.049 0.255 0.039 0.035 0.008 0.05 0.059 0.036 0.022 0.025 0.045 0.187 0.015 0.016 0.022 0.047 0.036 0.005 0.017 0.031
294 R 0.098 0.111 0.035 0.032 0.015 0.03 0.04 0.044 0.016 0.086 0.076 0.06 0.021 0.025 0.023 0.096 0.073 0.006 0.018 0.094
295 L 0.051 0.02 0.015 0.017 0.017 0.015 0.019 0.021 0.009 0.21 0.211 0.024 0.038 0.044 0.015 0.026 0.04 0.006 0.021 0.181
296 I 0.046 0.04 0.022 0.023 0.013 0.022 0.031 0.027 0.014 0.163 0.121 0.088 0.028 0.125 0.017 0.032 0.036 0.008 0.036 0.109
297 I 0.106 0.025 0.065 0.03 0.015 0.018 0.028 0.042 0.015 0.128 0.105 0.032 0.025 0.122 0.018 0.046 0.04 0.008 0.036 0.095
298 C 0.13 0.026 0.027 0.028 0.136 0.021 0.031 0.049 0.013 0.099 0.082 0.035 0.021 0.026 0.022 0.095 0.051 0.005 0.017 0.085
299 S 0.083 0.032 0.038 0.036 0.017 0.025 0.038 0.047 0.014 0.109 0.084 0.042 0.023 0.028 0.024 0.139 0.094 0.005 0.018 0.103
300 L 0.045 0.021 0.014 0.016 0.016 0.015 0.019 0.021 0.009 0.198 0.275 0.024 0.043 0.049 0.014 0.024 0.036 0.006 0.021 0.134
301 I 0.05 0.018 0.015 0.017 0.016 0.014 0.018 0.021 0.009 0.264 0.16 0.024 0.035 0.042 0.015 0.026 0.041 0.006 0.02 0.19
302 G 0.119 0.022 0.024 0.024 0.133 0.017 0.025 0.163 0.013 0.042 0.066 0.029 0.017 0.113 0.019 0.05 0.035 0.008 0.032 0.05
303 I 0.107 0.021 0.018 0.02 0.016 0.015 0.023 0.036 0.012 0.167 0.125 0.027 0.029 0.126 0.017 0.04 0.038 0.008 0.036 0.118
304 V 0.058 0.02 0.015 0.017 0.017 0.015 0.02 0.022 0.008 0.222 0.147 0.024 0.034 0.039 0.015 0.029 0.044 0.006 0.02 0.227
305 G 0.096 0.028 0.032 0.031 0.015 0.023 0.032 0.163 0.014 0.102 0.094 0.037 0.043 0.029 0.021 0.09 0.048 0.006 0.017 0.08
306 L 0.045 0.021 0.014 0.016 0.016 0.015 0.019 0.021 0.009 0.198 0.275 0.024 0.043 0.049 0.014 0.024 0.036 0.006 0.021 0.134
307 F 0.04 0.018 0.016 0.017 0.013 0.012 0.018 0.023 0.013 0.172 0.139 0.021 0.031 0.22 0.012 0.025 0.032 0.011 0.054 0.114
308 V 0.054 0.02 0.016 0.017 0.016 0.014 0.021 0.023 0.01 0.167 0.134 0.023 0.031 0.127 0.014 0.029 0.04 0.008 0.037 0.197
309 L 0.044 0.022 0.014 0.016 0.016 0.015 0.019 0.021 0.01 0.156 0.33 0.025 0.046 0.051 0.014 0.024 0.034 0.007 0.022 0.115
310 T 0.09 0.037 0.048 0.043 0.017 0.03 0.045 0.054 0.016 0.041 0.053 0.049 0.017 0.022 0.028 0.161 0.169 0.005 0.017 0.056
311 D 0.065 0.034 0.116 0.138 0.013 0.028 0.053 0.05 0.019 0.059 0.057 0.044 0.017 0.022 0.022 0.096 0.053 0.005 0.016 0.093
312 L 0.044 0.027 0.092 0.032 0.014 0.02 0.026 0.032 0.015 0.133 0.241 0.032 0.036 0.042 0.016 0.035 0.038 0.006 0.02 0.098
313 R 0.044 0.355 0.038 0.031 0.008 0.048 0.052 0.032 0.023 0.023 0.046 0.118 0.015 0.017 0.019 0.044 0.034 0.006 0.017 0.031
314 S 0.099 0.038 0.051 0.045 0.017 0.031 0.048 0.06 0.018 0.035 0.047 0.051 0.016 0.021 0.029 0.196 0.125 0.005 0.017 0.048
315 S 0.109 0.04 0.053 0.048 0.017 0.033 0.052 0.065 0.019 0.029 0.041 0.053 0.016 0.021 0.029 0.23 0.081 0.005 0.017 0.041
316 N 0.045 0.051 0.256 0.073 0.009 0.081 0.062 0.058 0.031 0.023 0.035 0.062 0.013 0.017 0.021 0.065 0.047 0.005 0.017 0.029
317 G 0.084 0.036 0.118 0.053 0.013 0.029 0.044 0.178 0.021 0.025 0.035 0.048 0.013 0.019 0.024 0.146 0.06 0.005 0.015 0.033
318 L 0.048 0.02 0.015 0.017 0.015 0.014 0.02 0.023 0.011 0.155 0.198 0.023 0.035 0.132 0.014 0.027 0.036 0.009 0.038 0.151
319 L 0.043 0.025 0.016 0.016 0.014 0.017 0.022 0.022 0.019 0.096 0.305 0.026 0.041 0.073 0.014 0.026 0.032 0.012 0.098 0.083
