#Seq2Logo.py -f /work3/idamei/ssn-clusterings/clustering/2205110921/clusters/0004_469/sequences.afa -o /work3/idamei/ssn-clusterings/clustering/2205110921/clusters/0004_469/sequences.logo
#Position Specific Frequency Matrix
A R N D C Q E G H I L K M F P S T W Y V
0 L 0.052 0.032 0.02 0.02 0.016 0.028 0.028 0.028 0.016 0.099 0.195 0.036 0.169 0.048 0.016 0.036 0.04 0.008 0.024 0.091
1 N 0.042 0.044 0.324 0.082 0.009 0.033 0.049 0.065 0.031 0.022 0.031 0.053 0.011 0.018 0.02 0.069 0.049 0.004 0.016 0.027
2 L 0.15 0.031 0.031 0.031 0.018 0.025 0.037 0.055 0.015 0.062 0.161 0.041 0.027 0.032 0.024 0.112 0.055 0.006 0.019 0.068
3 L 0.066 0.029 0.027 0.026 0.016 0.022 0.031 0.036 0.013 0.086 0.268 0.035 0.038 0.043 0.019 0.092 0.049 0.006 0.02 0.077
4 I 0.047 0.018 0.015 0.018 0.016 0.013 0.018 0.02 0.009 0.278 0.166 0.023 0.036 0.044 0.015 0.025 0.039 0.006 0.02 0.175
5 L 0.04 0.021 0.015 0.016 0.013 0.015 0.02 0.024 0.011 0.141 0.2 0.024 0.034 0.053 0.012 0.024 0.032 0.17 0.037 0.1
6 I 0.132 0.027 0.02 0.022 0.018 0.022 0.028 0.042 0.013 0.14 0.14 0.034 0.074 0.038 0.02 0.048 0.043 0.006 0.021 0.112
7 V 0.05 0.019 0.016 0.017 0.015 0.013 0.02 0.023 0.011 0.168 0.136 0.023 0.031 0.157 0.014 0.027 0.038 0.009 0.043 0.169
8 S 0.109 0.04 0.054 0.048 0.017 0.033 0.052 0.066 0.019 0.029 0.041 0.054 0.016 0.021 0.029 0.228 0.081 0.005 0.017 0.041
9 L 0.056 0.021 0.022 0.022 0.014 0.016 0.021 0.185 0.011 0.137 0.192 0.027 0.032 0.038 0.016 0.033 0.034 0.006 0.018 0.098
10 L 0.044 0.023 0.017 0.017 0.014 0.017 0.022 0.022 0.022 0.145 0.205 0.026 0.035 0.076 0.015 0.027 0.033 0.014 0.122 0.105
11 C 0.061 0.023 0.025 0.024 0.174 0.018 0.024 0.032 0.01 0.125 0.098 0.029 0.024 0.029 0.019 0.052 0.11 0.005 0.017 0.101
12 L 0.053 0.028 0.024 0.022 0.017 0.02 0.026 0.028 0.011 0.094 0.276 0.032 0.039 0.044 0.018 0.047 0.107 0.007 0.021 0.087
13 L 0.049 0.022 0.016 0.016 0.015 0.014 0.021 0.024 0.012 0.113 0.208 0.023 0.035 0.161 0.014 0.027 0.036 0.01 0.043 0.142
14 A 0.214 0.026 0.022 0.025 0.02 0.021 0.033 0.058 0.013 0.121 0.095 0.037 0.024 0.029 0.024 0.064 0.046 0.006 0.018 0.104
15 S 0.096 0.034 0.041 0.038 0.018 0.027 0.042 0.052 0.015 0.074 0.071 0.044 0.021 0.026 0.025 0.163 0.07 0.005 0.018 0.12
16 F 0.04 0.021 0.018 0.018 0.012 0.015 0.021 0.023 0.024 0.128 0.116 0.024 0.027 0.189 0.013 0.027 0.031 0.017 0.144 0.092
17 F 0.066 0.055 0.037 0.035 0.012 0.032 0.047 0.045 0.019 0.04 0.066 0.119 0.019 0.143 0.022 0.102 0.049 0.009 0.041 0.043
18 L 0.047 0.027 0.016 0.017 0.016 0.02 0.023 0.023 0.012 0.109 0.319 0.029 0.089 0.052 0.015 0.028 0.035 0.007 0.023 0.094
19 F 0.033 0.019 0.017 0.017 0.01 0.01 0.019 0.025 0.017 0.063 0.113 0.019 0.025 0.393 0.01 0.025 0.025 0.017 0.088 0.054
20 R 0.064 0.14 0.038 0.033 0.011 0.034 0.044 0.041 0.029 0.032 0.052 0.068 0.016 0.056 0.021 0.101 0.048 0.013 0.12 0.039
21 W 0.044 0.049 0.024 0.025 0.011 0.027 0.037 0.031 0.015 0.112 0.087 0.11 0.022 0.04 0.016 0.033 0.034 0.169 0.035 0.079
22 A 0.297 0.031 0.025 0.029 0.021 0.025 0.04 0.078 0.015 0.043 0.059 0.044 0.017 0.021 0.029 0.084 0.049 0.005 0.017 0.068
23 C 0.157 0.029 0.032 0.031 0.176 0.023 0.036 0.058 0.014 0.039 0.055 0.039 0.016 0.021 0.025 0.117 0.056 0.005 0.016 0.055
24 G 0.078 0.023 0.039 0.033 0.011 0.019 0.025 0.515 0.013 0.019 0.028 0.033 0.009 0.016 0.019 0.051 0.029 0.005 0.011 0.024
25 S 0.097 0.038 0.05 0.045 0.017 0.031 0.048 0.058 0.017 0.037 0.049 0.051 0.017 0.022 0.029 0.182 0.139 0.005 0.017 0.051
26 L 0.048 0.026 0.017 0.018 0.016 0.021 0.023 0.024 0.013 0.148 0.234 0.03 0.108 0.048 0.015 0.03 0.038 0.007 0.022 0.113
27 S 0.092 0.041 0.122 0.057 0.015 0.033 0.051 0.065 0.022 0.027 0.039 0.053 0.014 0.02 0.027 0.191 0.073 0.005 0.017 0.038
28 L 0.044 0.022 0.014 0.016 0.016 0.015 0.019 0.021 0.01 0.156 0.33 0.025 0.046 0.051 0.014 0.024 0.034 0.007 0.022 0.115
29 R 0.041 0.188 0.027 0.023 0.01 0.03 0.035 0.028 0.018 0.056 0.147 0.07 0.026 0.121 0.016 0.034 0.032 0.009 0.036 0.053
30 K 0.065 0.07 0.039 0.037 0.011 0.04 0.055 0.044 0.026 0.032 0.048 0.165 0.016 0.045 0.025 0.092 0.047 0.011 0.095 0.038
31 L 0.041 0.023 0.015 0.015 0.015 0.015 0.02 0.022 0.012 0.101 0.317 0.023 0.043 0.139 0.013 0.024 0.031 0.009 0.038 0.085
32 N 0.042 0.044 0.327 0.082 0.009 0.033 0.049 0.064 0.031 0.022 0.031 0.053 0.011 0.018 0.02 0.069 0.049 0.004 0.015 0.027
33 T 0.072 0.035 0.043 0.037 0.018 0.027 0.039 0.043 0.014 0.053 0.064 0.045 0.019 0.023 0.027 0.091 0.258 0.006 0.018 0.07
34 V 0.058 0.02 0.015 0.017 0.017 0.015 0.02 0.022 0.008 0.222 0.147 0.024 0.034 0.039 0.015 0.029 0.044 0.006 0.02 0.227
35 T 0.09 0.037 0.048 0.043 0.017 0.03 0.045 0.054 0.016 0.041 0.053 0.049 0.017 0.022 0.028 0.161 0.169 0.005 0.017 0.056
36 Y 0.042 0.025 0.02 0.018 0.011 0.019 0.025 0.023 0.037 0.103 0.092 0.029 0.023 0.108 0.015 0.029 0.03 0.022 0.251 0.078
37 V 0.069 0.022 0.016 0.018 0.019 0.016 0.023 0.024 0.008 0.162 0.128 0.026 0.031 0.035 0.016 0.032 0.049 0.005 0.02 0.28
38 F 0.033 0.019 0.017 0.017 0.01 0.01 0.019 0.025 0.017 0.062 0.113 0.019 0.025 0.396 0.01 0.025 0.025 0.017 0.087 0.054
39 Y 0.04 0.028 0.021 0.018 0.009 0.021 0.028 0.025 0.046 0.043 0.067 0.031 0.018 0.129 0.015 0.031 0.028 0.028 0.328 0.046
40 F 0.05 0.043 0.024 0.023 0.012 0.025 0.035 0.029 0.023 0.074 0.088 0.091 0.022 0.144 0.017 0.035 0.035 0.014 0.113 0.103
41 D 0.065 0.053 0.052 0.137 0.01 0.129 0.086 0.048 0.024 0.026 0.04 0.069 0.016 0.016 0.024 0.098 0.049 0.005 0.017 0.034
42 I 0.043 0.018 0.015 0.017 0.015 0.012 0.018 0.021 0.011 0.227 0.152 0.022 0.033 0.132 0.013 0.025 0.036 0.009 0.037 0.144
43 L 0.051 0.02 0.015 0.017 0.017 0.015 0.019 0.021 0.009 0.21 0.211 0.024 0.038 0.044 0.015 0.026 0.04 0.006 0.021 0.181
44 T 0.061 0.03 0.031 0.03 0.015 0.023 0.033 0.036 0.012 0.061 0.137 0.039 0.024 0.028 0.142 0.062 0.146 0.005 0.017 0.066
45 S 0.098 0.035 0.044 0.041 0.018 0.029 0.044 0.055 0.016 0.062 0.063 0.046 0.019 0.024 0.026 0.182 0.073 0.005 0.018 0.101
46 A 0.188 0.03 0.033 0.032 0.018 0.024 0.036 0.179 0.014 0.039 0.052 0.041 0.016 0.02 0.026 0.077 0.096 0.005 0.016 0.057
47 F 0.036 0.02 0.016 0.016 0.012 0.012 0.019 0.024 0.015 0.075 0.181 0.02 0.031 0.31 0.011 0.025 0.027 0.014 0.071 0.064
48 I 0.052 0.018 0.015 0.017 0.017 0.014 0.019 0.021 0.009 0.252 0.156 0.024 0.035 0.041 0.015 0.027 0.042 0.006 0.02 0.2
49 G 0.133 0.025 0.035 0.032 0.013 0.02 0.029 0.407 0.014 0.025 0.036 0.036 0.011 0.017 0.021 0.059 0.034 0.005 0.012 0.035
50 S 0.108 0.04 0.053 0.048 0.017 0.033 0.052 0.065 0.019 0.029 0.041 0.053 0.015 0.021 0.029 0.231 0.081 0.005 0.017 0.041
51 L 0.051 0.02 0.015 0.017 0.017 0.015 0.019 0.021 0.009 0.21 0.211 0.024 0.038 0.044 0.015 0.026 0.04 0.006 0.021 0.181
52 L 0.044 0.024 0.014 0.015 0.016 0.016 0.02 0.021 0.01 0.114 0.385 0.025 0.049 0.054 0.014 0.024 0.033 0.007 0.022 0.095
53 L 0.055 0.021 0.015 0.016 0.136 0.015 0.02 0.025 0.009 0.108 0.24 0.024 0.036 0.041 0.015 0.03 0.038 0.006 0.019 0.131
54 A 0.243 0.028 0.023 0.026 0.021 0.023 0.036 0.064 0.013 0.072 0.076 0.039 0.021 0.025 0.026 0.071 0.049 0.005 0.018 0.121
55 L 0.052 0.03 0.025 0.023 0.015 0.023 0.028 0.029 0.021 0.077 0.178 0.034 0.065 0.063 0.018 0.045 0.089 0.012 0.098 0.075
56 G 0.059 0.03 0.118 0.139 0.009 0.025 0.047 0.286 0.019 0.02 0.029 0.041 0.01 0.016 0.02 0.055 0.036 0.005 0.012 0.025
57 L 0.057 0.109 0.031 0.028 0.013 0.027 0.035 0.036 0.017 0.057 0.146 0.054 0.026 0.122 0.018 0.081 0.043 0.009 0.036 0.055
58 L 0.059 0.021 0.021 0.021 0.015 0.016 0.021 0.146 0.01 0.144 0.177 0.027 0.031 0.037 0.016 0.033 0.038 0.006 0.018 0.143
59 D 0.044 0.034 0.061 0.327 0.007 0.038 0.144 0.043 0.02 0.022 0.03 0.052 0.01 0.015 0.023 0.052 0.035 0.004 0.012 0.026
60 Y 0.041 0.032 0.109 0.131 0.009 0.026 0.048 0.04 0.035 0.033 0.048 0.04 0.014 0.073 0.018 0.045 0.035 0.016 0.171 0.036
61 H 0.041 0.045 0.053 0.038 0.007 0.038 0.053 0.038 0.365 0.023 0.038 0.045 0.015 0.03 0.019 0.041 0.026 0.007 0.056 0.023
62 P 0.049 0.025 0.021 0.027 0.009 0.019 0.032 0.034 0.013 0.027 0.04 0.036 0.011 0.024 0.378 0.038 0.032 0.127 0.026 0.03
63 L 0.047 0.028 0.031 0.116 0.014 0.024 0.041 0.03 0.015 0.125 0.145 0.035 0.098 0.038 0.017 0.037 0.038 0.006 0.02 0.095
64 V 0.057 0.021 0.015 0.017 0.017 0.015 0.021 0.022 0.009 0.18 0.202 0.025 0.037 0.042 0.015 0.028 0.042 0.006 0.021 0.207
65 S 0.143 0.045 0.044 0.043 0.016 0.079 0.061 0.062 0.02 0.032 0.047 0.06 0.017 0.019 0.028 0.15 0.063 0.005 0.018 0.046
66 G 0.058 0.028 0.099 0.037 0.014 0.021 0.029 0.157 0.016 0.079 0.143 0.034 0.025 0.031 0.017 0.044 0.04 0.006 0.017 0.106
67 I 0.116 0.022 0.018 0.02 0.018 0.017 0.024 0.036 0.01 0.192 0.129 0.029 0.03 0.036 0.019 0.041 0.044 0.006 0.02 0.174
68 S 0.092 0.041 0.053 0.046 0.015 0.034 0.052 0.058 0.105 0.028 0.04 0.051 0.015 0.023 0.027 0.184 0.067 0.006 0.027 0.037
69 D 0.041 0.037 0.117 0.136 0.008 0.03 0.055 0.043 0.115 0.027 0.041 0.043 0.013 0.048 0.019 0.048 0.034 0.011 0.103 0.03
70 E 0.122 0.038 0.036 0.06 0.012 0.043 0.17 0.166 0.02 0.026 0.04 0.056 0.013 0.017 0.025 0.061 0.038 0.005 0.015 0.038
71 A 0.121 0.033 0.103 0.041 0.017 0.025 0.038 0.052 0.017 0.07 0.071 0.042 0.02 0.024 0.023 0.069 0.101 0.005 0.018 0.111
72 K 0.053 0.168 0.04 0.038 0.008 0.051 0.065 0.04 0.021 0.026 0.043 0.246 0.015 0.016 0.025 0.051 0.038 0.005 0.017 0.032
73 I 0.046 0.019 0.014 0.017 0.016 0.014 0.018 0.02 0.009 0.24 0.22 0.024 0.039 0.046 0.014 0.024 0.038 0.006 0.021 0.154
74 K 0.069 0.075 0.044 0.055 0.01 0.05 0.125 0.046 0.021 0.026 0.041 0.176 0.015 0.017 0.027 0.098 0.049 0.005 0.017 0.034
75 A 0.245 0.029 0.029 0.03 0.019 0.024 0.036 0.187 0.014 0.037 0.051 0.041 0.015 0.02 0.027 0.075 0.044 0.005 0.016 0.057
76 W 0.03 0.022 0.015 0.015 0.007 0.015 0.022 0.03 0.015 0.03 0.052 0.022 0.015 0.06 0.007 0.022 0.022 0.5 0.067 0.03
77 L 0.172 0.027 0.02 0.022 0.019 0.021 0.03 0.049 0.012 0.078 0.222 0.034 0.033 0.038 0.022 0.054 0.041 0.006 0.02 0.081
78 W 0.098 0.023 0.018 0.019 0.012 0.016 0.026 0.04 0.015 0.041 0.069 0.027 0.018 0.134 0.014 0.038 0.03 0.255 0.06 0.045
79 V 0.064 0.024 0.022 0.022 0.018 0.018 0.026 0.028 0.01 0.165 0.122 0.03 0.029 0.034 0.019 0.045 0.099 0.006 0.02 0.201
80 L 0.053 0.026 0.017 0.018 0.135 0.021 0.023 0.027 0.012 0.089 0.209 0.029 0.103 0.042 0.015 0.034 0.037 0.007 0.02 0.083
81 Y 0.04 0.028 0.021 0.018 0.009 0.021 0.028 0.025 0.046 0.043 0.067 0.031 0.018 0.129 0.015 0.031 0.028 0.028 0.328 0.046
82 S 0.108 0.04 0.053 0.048 0.017 0.033 0.052 0.065 0.019 0.029 0.041 0.053 0.015 0.021 0.029 0.231 0.081 0.005 0.017 0.041
83 L 0.048 0.026 0.017 0.018 0.016 0.021 0.023 0.024 0.013 0.148 0.234 0.03 0.108 0.048 0.015 0.03 0.038 0.007 0.022 0.113
84 L 0.045 0.021 0.014 0.016 0.016 0.015 0.019 0.021 0.009 0.198 0.275 0.024 0.043 0.049 0.014 0.024 0.036 0.006 0.021 0.134
85 L 0.118 0.029 0.026 0.026 0.018 0.023 0.031 0.042 0.013 0.119 0.12 0.037 0.061 0.034 0.022 0.059 0.096 0.006 0.02 0.101
86 L 0.05 0.03 0.018 0.019 0.016 0.025 0.026 0.026 0.014 0.103 0.242 0.033 0.142 0.049 0.015 0.033 0.038 0.008 0.023 0.092
87 P 0.056 0.025 0.023 0.031 0.01 0.02 0.036 0.036 0.013 0.025 0.036 0.041 0.01 0.013 0.501 0.043 0.036 0.003 0.013 0.031
88 L 0.044 0.022 0.014 0.016 0.016 0.015 0.019 0.021 0.01 0.156 0.33 0.025 0.046 0.051 0.014 0.024 0.034 0.007 0.022 0.115
89 G 0.141 0.029 0.039 0.036 0.015 0.024 0.035 0.294 0.015 0.027 0.039 0.041 0.013 0.018 0.024 0.104 0.047 0.005 0.014 0.039
90 L 0.05 0.028 0.018 0.019 0.016 0.024 0.025 0.026 0.014 0.145 0.187 0.032 0.139 0.047 0.016 0.033 0.04 0.007 0.023 0.112
91 I 0.046 0.019 0.014 0.017 0.016 0.014 0.018 0.02 0.009 0.24 0.22 0.024 0.039 0.046 0.014 0.024 0.038 0.006 0.021 0.154
92 L 0.044 0.023 0.016 0.017 0.015 0.017 0.021 0.023 0.013 0.139 0.214 0.026 0.071 0.135 0.014 0.027 0.034 0.009 0.038 0.104
93 L 0.041 0.023 0.015 0.015 0.015 0.015 0.02 0.022 0.012 0.101 0.317 0.023 0.043 0.139 0.013 0.024 0.031 0.009 0.038 0.085
94 N 0.059 0.043 0.259 0.073 0.011 0.033 0.049 0.065 0.028 0.024 0.034 0.053 0.012 0.018 0.022 0.109 0.057 0.005 0.016 0.03
95 K 0.049 0.071 0.108 0.046 0.009 0.04 0.054 0.043 0.029 0.03 0.046 0.165 0.015 0.044 0.022 0.051 0.039 0.011 0.094 0.034
96 L 0.045 0.021 0.014 0.016 0.016 0.015 0.019 0.021 0.009 0.198 0.275 0.024 0.043 0.049 0.014 0.024 0.036 0.006 0.021 0.134
97 F 0.038 0.022 0.017 0.017 0.012 0.015 0.021 0.026 0.016 0.072 0.133 0.023 0.062 0.309 0.012 0.028 0.029 0.014 0.072 0.063
98 K 0.05 0.152 0.112 0.049 0.008 0.047 0.06 0.045 0.024 0.025 0.04 0.187 0.014 0.016 0.023 0.055 0.04 0.005 0.017 0.03
99 L 0.054 0.021 0.016 0.017 0.016 0.015 0.021 0.024 0.011 0.125 0.188 0.024 0.034 0.13 0.014 0.028 0.039 0.009 0.038 0.177
100 N 0.045 0.052 0.188 0.062 0.008 0.083 0.063 0.052 0.114 0.023 0.037 0.06 0.014 0.02 0.02 0.058 0.041 0.006 0.027 0.028
101 P 0.059 0.023 0.025 0.028 0.012 0.018 0.028 0.152 0.012 0.088 0.066 0.034 0.016 0.021 0.259 0.04 0.035 0.004 0.014 0.065
102 K 0.057 0.15 0.041 0.037 0.011 0.045 0.057 0.04 0.019 0.032 0.049 0.185 0.016 0.018 0.025 0.06 0.093 0.005 0.017 0.041
103 R 0.112 0.127 0.03 0.03 0.013 0.035 0.045 0.043 0.017 0.094 0.078 0.119 0.021 0.024 0.023 0.051 0.04 0.005 0.018 0.076
104 D 0.106 0.028 0.044 0.214 0.013 0.025 0.06 0.047 0.015 0.05 0.125 0.039 0.021 0.026 0.022 0.053 0.038 0.005 0.015 0.053
105 F 0.038 0.022 0.017 0.017 0.012 0.015 0.021 0.024 0.022 0.07 0.169 0.023 0.029 0.244 0.013 0.026 0.028 0.017 0.131 0.062
106 D 0.046 0.133 0.119 0.14 0.008 0.041 0.065 0.046 0.023 0.024 0.037 0.126 0.013 0.016 0.022 0.054 0.039 0.005 0.015 0.028
107 R 0.053 0.131 0.047 0.129 0.01 0.039 0.063 0.041 0.019 0.031 0.045 0.124 0.015 0.018 0.024 0.06 0.092 0.005 0.016 0.039
108 Y 0.04 0.028 0.021 0.018 0.009 0.021 0.028 0.025 0.046 0.043 0.067 0.031 0.018 0.129 0.015 0.031 0.028 0.028 0.328 0.046
109 L 0.044 0.022 0.014 0.016 0.016 0.015 0.019 0.021 0.01 0.156 0.33 0.025 0.046 0.051 0.014 0.024 0.034 0.007 0.022 0.115
110 K 0.066 0.074 0.116 0.053 0.011 0.043 0.06 0.054 0.023 0.026 0.039 0.171 0.014 0.017 0.026 0.101 0.052 0.005 0.017 0.033
111 A 0.13 0.056 0.04 0.052 0.014 0.044 0.117 0.055 0.02 0.03 0.045 0.115 0.015 0.018 0.028 0.106 0.051 0.005 0.017 0.043
112 P 0.055 0.043 0.032 0.049 0.009 0.083 0.12 0.037 0.02 0.025 0.038 0.061 0.013 0.014 0.263 0.049 0.037 0.004 0.016 0.032
113 I 0.043 0.018 0.015 0.017 0.015 0.012 0.018 0.021 0.011 0.227 0.152 0.022 0.033 0.132 0.013 0.025 0.036 0.009 0.037 0.144
114 D 0.052 0.064 0.048 0.146 0.008 0.093 0.142 0.041 0.023 0.024 0.038 0.124 0.014 0.015 0.024 0.053 0.038 0.005 0.016 0.03
115 F 0.037 0.018 0.016 0.017 0.012 0.011 0.018 0.024 0.015 0.117 0.126 0.02 0.028 0.308 0.011 0.025 0.029 0.014 0.071 0.084
116 E 0.113 0.049 0.04 0.051 0.011 0.088 0.125 0.047 0.108 0.028 0.045 0.063 0.016 0.021 0.024 0.059 0.038 0.006 0.028 0.039
117 G 0.132 0.029 0.033 0.031 0.016 0.023 0.034 0.17 0.014 0.051 0.128 0.039 0.023 0.028 0.023 0.097 0.048 0.006 0.017 0.057
118 D 0.066 0.037 0.123 0.143 0.013 0.031 0.057 0.055 0.02 0.032 0.041 0.049 0.014 0.019 0.025 0.111 0.105 0.005 0.015 0.04
119 L 0.043 0.03 0.106 0.13 0.012 0.024 0.045 0.038 0.017 0.068 0.207 0.037 0.029 0.035 0.017 0.042 0.037 0.006 0.018 0.06
120 G 0.051 0.036 0.042 0.126 0.009 0.071 0.059 0.157 0.019 0.032 0.054 0.046 0.016 0.11 0.019 0.046 0.032 0.008 0.032 0.034
121 L 0.043 0.112 0.03 0.025 0.012 0.029 0.036 0.028 0.102 0.068 0.213 0.053 0.032 0.039 0.016 0.033 0.032 0.007 0.029 0.061
122 N 0.044 0.032 0.171 0.049 0.012 0.024 0.034 0.042 0.02 0.11 0.153 0.039 0.027 0.033 0.017 0.046 0.042 0.005 0.018 0.081
123 K 0.056 0.106 0.041 0.041 0.008 0.053 0.07 0.043 0.02 0.027 0.043 0.289 0.015 0.015 0.027 0.053 0.039 0.005 0.017 0.032
124 R 0.065 0.133 0.038 0.035 0.012 0.04 0.05 0.042 0.02 0.045 0.081 0.124 0.055 0.025 0.023 0.091 0.048 0.006 0.019 0.049
125 V 0.054 0.02 0.016 0.017 0.016 0.014 0.021 0.023 0.01 0.167 0.134 0.023 0.031 0.127 0.014 0.029 0.04 0.008 0.037 0.197
126 L 0.06 0.028 0.024 0.023 0.016 0.02 0.028 0.032 0.012 0.093 0.299 0.032 0.041 0.046 0.018 0.076 0.045 0.007 0.021 0.081
127 G 0.069 0.026 0.03 0.028 0.015 0.02 0.029 0.156 0.013 0.111 0.155 0.034 0.027 0.033 0.019 0.083 0.046 0.006 0.018 0.084
128 L 0.056 0.022 0.021 0.021 0.014 0.015 0.022 0.147 0.012 0.089 0.163 0.026 0.029 0.125 0.015 0.033 0.034 0.009 0.035 0.113
129 L 0.062 0.03 0.025 0.024 0.016 0.023 0.03 0.034 0.014 0.089 0.251 0.035 0.072 0.044 0.018 0.079 0.047 0.007 0.021 0.08
130 T 0.065 0.027 0.029 0.027 0.017 0.021 0.03 0.033 0.011 0.137 0.106 0.035 0.027 0.031 0.021 0.06 0.151 0.006 0.019 0.148
131 L 0.109 0.024 0.017 0.019 0.017 0.018 0.024 0.035 0.011 0.138 0.248 0.029 0.038 0.043 0.018 0.039 0.039 0.006 0.02 0.108
132 F 0.037 0.018 0.016 0.017 0.012 0.011 0.018 0.024 0.015 0.117 0.126 0.02 0.028 0.308 0.011 0.025 0.029 0.014 0.071 0.084
133 A 0.204 0.035 0.039 0.039 0.019 0.029 0.046 0.071 0.017 0.036 0.05 0.049 0.016 0.021 0.029 0.158 0.065 0.005 0.017 0.055
134 I 0.057 0.021 0.022 0.022 0.135 0.016 0.022 0.029 0.01 0.165 0.115 0.028 0.027 0.033 0.018 0.045 0.093 0.005 0.018 0.119
135 L 0.051 0.024 0.016 0.016 0.135 0.018 0.021 0.025 0.011 0.093 0.257 0.026 0.072 0.044 0.015 0.031 0.035 0.006 0.02 0.084
136 V 0.063 0.023 0.022 0.022 0.136 0.017 0.024 0.03 0.01 0.135 0.105 0.028 0.026 0.031 0.018 0.047 0.095 0.005 0.018 0.145
137 L 0.041 0.023 0.015 0.015 0.015 0.015 0.02 0.022 0.012 0.101 0.317 0.023 0.043 0.139 0.013 0.024 0.031 0.009 0.038 0.085
138 G 0.046 0.022 0.021 0.02 0.011 0.015 0.022 0.148 0.014 0.056 0.144 0.025 0.025 0.131 0.013 0.03 0.027 0.132 0.047 0.051
139 Y 0.04 0.028 0.021 0.018 0.009 0.021 0.028 0.025 0.046 0.043 0.067 0.031 0.018 0.129 0.015 0.031 0.028 0.028 0.328 0.046
140 I 0.046 0.017 0.014 0.017 0.016 0.013 0.017 0.02 0.009 0.282 0.165 0.023 0.036 0.044 0.014 0.025 0.039 0.006 0.02 0.174
141 L 0.044 0.043 0.021 0.022 0.013 0.024 0.032 0.027 0.014 0.079 0.231 0.089 0.035 0.13 0.016 0.031 0.032 0.009 0.037 0.069
142 H 0.042 0.034 0.035 0.028 0.01 0.027 0.038 0.03 0.196 0.092 0.077 0.036 0.021 0.058 0.017 0.035 0.03 0.012 0.115 0.066
143 N 0.041 0.036 0.174 0.05 0.009 0.027 0.038 0.044 0.039 0.033 0.049 0.042 0.015 0.073 0.018 0.05 0.038 0.016 0.172 0.036
144 T 0.09 0.037 0.048 0.043 0.017 0.03 0.045 0.054 0.016 0.041 0.053 0.049 0.017 0.022 0.028 0.161 0.169 0.005 0.017 0.056
145 P 0.066 0.054 0.111 0.05 0.011 0.035 0.051 0.052 0.021 0.026 0.038 0.109 0.013 0.017 0.144 0.099 0.051 0.004 0.016 0.033
146 S 0.076 0.119 0.118 0.052 0.013 0.037 0.051 0.057 0.023 0.026 0.04 0.07 0.014 0.019 0.024 0.144 0.061 0.005 0.017 0.035
147 I 0.048 0.02 0.015 0.017 0.015 0.014 0.02 0.024 0.01 0.189 0.128 0.024 0.03 0.045 0.013 0.026 0.037 0.129 0.032 0.164
148 P 0.056 0.025 0.023 0.031 0.01 0.02 0.036 0.036 0.013 0.025 0.036 0.041 0.01 0.013 0.501 0.043 0.036 0.003 0.013 0.031
149 L 0.044 0.022 0.014 0.016 0.016 0.015 0.019 0.021 0.01 0.156 0.33 0.025 0.046 0.051 0.014 0.024 0.034 0.007 0.022 0.115
150 Y 0.043 0.024 0.018 0.017 0.013 0.018 0.023 0.023 0.028 0.12 0.171 0.027 0.03 0.089 0.015 0.028 0.032 0.017 0.175 0.09
151 T 0.073 0.035 0.052 0.132 0.015 0.029 0.055 0.049 0.016 0.039 0.049 0.047 0.016 0.02 0.026 0.116 0.158 0.005 0.016 0.051
152 L 0.108 0.026 0.017 0.019 0.017 0.018 0.025 0.035 0.011 0.096 0.303 0.03 0.041 0.046 0.018 0.039 0.037 0.007 0.021 0.088
153 L 0.052 0.023 0.015 0.016 0.017 0.016 0.021 0.022 0.009 0.13 0.297 0.025 0.043 0.048 0.015 0.027 0.038 0.007 0.022 0.156
154 I 0.058 0.023 0.022 0.022 0.017 0.017 0.024 0.027 0.01 0.195 0.131 0.029 0.031 0.036 0.018 0.043 0.096 0.006 0.02 0.174
155 E 0.052 0.125 0.039 0.074 0.007 0.06 0.243 0.034 0.025 0.022 0.039 0.085 0.013 0.017 0.024 0.052 0.036 0.005 0.017 0.031
156 G 0.059 0.034 0.114 0.046 0.009 0.027 0.038 0.284 0.106 0.02 0.031 0.041 0.011 0.02 0.019 0.053 0.033 0.006 0.023 0.024
157 D 0.041 0.037 0.197 0.244 0.008 0.031 0.069 0.055 0.025 0.022 0.029 0.049 0.01 0.016 0.021 0.06 0.042 0.004 0.013 0.025
158 L 0.064 0.027 0.026 0.028 0.015 0.021 0.031 0.036 0.013 0.113 0.157 0.036 0.028 0.033 0.14 0.081 0.047 0.005 0.018 0.085
159 E 0.055 0.041 0.106 0.069 0.011 0.044 0.171 0.039 0.022 0.057 0.058 0.057 0.017 0.021 0.022 0.052 0.042 0.005 0.017 0.092
160 E 0.116 0.056 0.038 0.053 0.011 0.135 0.137 0.048 0.024 0.029 0.047 0.074 0.018 0.017 0.025 0.062 0.042 0.006 0.019 0.042
161 A 0.301 0.031 0.025 0.029 0.021 0.025 0.04 0.077 0.015 0.043 0.059 0.044 0.017 0.021 0.029 0.084 0.049 0.005 0.017 0.068
162 G 0.123 0.033 0.108 0.045 0.015 0.026 0.038 0.175 0.018 0.034 0.045 0.044 0.014 0.02 0.024 0.074 0.096 0.005 0.015 0.047
163 I 0.048 0.025 0.021 0.035 0.014 0.026 0.09 0.024 0.013 0.217 0.133 0.036 0.03 0.037 0.017 0.032 0.038 0.006 0.019 0.138
164 G 0.059 0.026 0.053 0.22 0.009 0.024 0.058 0.282 0.016 0.02 0.028 0.039 0.009 0.015 0.02 0.051 0.032 0.004 0.011 0.024
165 R 0.044 0.355 0.038 0.031 0.008 0.048 0.052 0.032 0.023 0.023 0.046 0.118 0.015 0.017 0.019 0.044 0.034 0.006 0.017 0.031
166 I 0.06 0.02 0.021 0.021 0.015 0.015 0.021 0.146 0.01 0.186 0.122 0.026 0.028 0.035 0.016 0.033 0.039 0.006 0.018 0.163
167 D 0.052 0.036 0.055 0.235 0.01 0.037 0.131 0.042 0.019 0.03 0.039 0.052 0.013 0.017 0.024 0.062 0.091 0.005 0.014 0.037
168 V 0.137 0.028 0.028 0.028 0.019 0.023 0.034 0.048 0.012 0.099 0.089 0.037 0.024 0.028 0.023 0.095 0.057 0.005 0.019 0.167
169 R 0.05 0.23 0.04 0.036 0.008 0.05 0.061 0.037 0.022 0.025 0.044 0.204 0.015 0.016 0.023 0.048 0.037 0.005 0.017 0.031
170 R 0.044 0.272 0.032 0.027 0.01 0.04 0.044 0.03 0.02 0.046 0.131 0.095 0.024 0.026 0.018 0.039 0.034 0.006 0.018 0.047
171 N 0.059 0.043 0.259 0.073 0.011 0.033 0.049 0.065 0.028 0.024 0.034 0.053 0.012 0.018 0.022 0.109 0.057 0.005 0.016 0.03
172 F 0.033 0.019 0.017 0.017 0.01 0.01 0.019 0.025 0.017 0.062 0.113 0.019 0.025 0.396 0.01 0.025 0.025 0.017 0.087 0.054
173 G 0.071 0.122 0.043 0.04 0.011 0.081 0.057 0.164 0.021 0.024 0.04 0.074 0.015 0.017 0.023 0.095 0.046 0.005 0.016 0.033
174 G 0.077 0.023 0.039 0.033 0.011 0.019 0.025 0.517 0.013 0.019 0.028 0.033 0.009 0.016 0.019 0.051 0.029 0.005 0.011 0.024
175 I 0.046 0.019 0.014 0.017 0.016 0.014 0.018 0.02 0.009 0.24 0.22 0.024 0.039 0.046 0.014 0.024 0.038 0.006 0.021 0.154
176 I 0.045 0.02 0.028 0.115 0.014 0.017 0.036 0.027 0.011 0.217 0.131 0.028 0.029 0.036 0.016 0.031 0.038 0.005 0.018 0.137
177 Y 0.04 0.032 0.029 0.023 0.009 0.026 0.034 0.028 0.126 0.038 0.06 0.034 0.018 0.104 0.016 0.033 0.027 0.023 0.26 0.04
178 I 0.046 0.017 0.014 0.017 0.016 0.013 0.017 0.02 0.009 0.282 0.165 0.023 0.036 0.044 0.014 0.025 0.039 0.006 0.02 0.174
179 K 0.056 0.106 0.041 0.041 0.008 0.053 0.07 0.043 0.02 0.027 0.043 0.289 0.015 0.015 0.027 0.053 0.039 0.005 0.017 0.032
180 N 0.042 0.044 0.327 0.082 0.009 0.033 0.049 0.064 0.031 0.022 0.031 0.053 0.011 0.018 0.02 0.069 0.049 0.004 0.015 0.027
181 L 0.044 0.022 0.014 0.016 0.016 0.015 0.019 0.021 0.01 0.156 0.33 0.025 0.046 0.051 0.014 0.024 0.034 0.007 0.022 0.115
182 L 0.05 0.021 0.021 0.021 0.013 0.015 0.02 0.146 0.012 0.119 0.173 0.025 0.03 0.127 0.014 0.031 0.032 0.009 0.035 0.087
183 G 0.077 0.023 0.039 0.033 0.011 0.019 0.025 0.517 0.013 0.019 0.028 0.033 0.009 0.016 0.019 0.051 0.029 0.005 0.011 0.024
184 L 0.05 0.023 0.015 0.016 0.017 0.016 0.021 0.022 0.009 0.126 0.321 0.025 0.044 0.049 0.015 0.026 0.037 0.007 0.022 0.141
185 Y 0.049 0.024 0.018 0.018 0.013 0.018 0.024 0.023 0.027 0.132 0.107 0.028 0.026 0.084 0.015 0.03 0.036 0.017 0.174 0.136
186 L 0.046 0.026 0.015 0.016 0.016 0.019 0.022 0.023 0.011 0.11 0.337 0.028 0.08 0.052 0.014 0.027 0.035 0.007 0.022 0.094
187 V 0.059 0.023 0.017 0.018 0.017 0.018 0.023 0.024 0.01 0.176 0.154 0.028 0.068 0.04 0.016 0.031 0.044 0.006 0.021 0.206
188 P 0.056 0.025 0.023 0.031 0.01 0.02 0.036 0.036 0.013 0.025 0.036 0.041 0.01 0.013 0.501 0.043 0.036 0.003 0.013 0.031
189 L 0.057 0.026 0.022 0.021 0.017 0.019 0.025 0.027 0.01 0.111 0.24 0.03 0.037 0.042 0.018 0.043 0.093 0.006 0.02 0.135
190 L 0.051 0.022 0.015 0.016 0.017 0.015 0.02 0.022 0.009 0.168 0.266 0.025 0.041 0.047 0.015 0.026 0.038 0.006 0.021 0.161
191 S 0.147 0.036 0.044 0.041 0.018 0.029 0.045 0.063 0.017 0.038 0.051 0.049 0.017 0.021 0.029 0.159 0.117 0.005 0.017 0.055
192 F 0.037 0.023 0.019 0.018 0.01 0.016 0.023 0.025 0.031 0.053 0.09 0.025 0.022 0.262 0.013 0.028 0.026 0.022 0.208 0.05
193 F 0.037 0.023 0.019 0.018 0.01 0.016 0.023 0.025 0.031 0.053 0.09 0.025 0.022 0.262 0.013 0.028 0.026 0.022 0.208 0.05
194 S 0.141 0.032 0.037 0.036 0.018 0.026 0.04 0.057 0.015 0.096 0.077 0.043 0.021 0.027 0.026 0.143 0.062 0.005 0.018 0.081
195 Y 0.04 0.028 0.021 0.018 0.009 0.021 0.028 0.025 0.046 0.043 0.067 0.031 0.018 0.129 0.015 0.031 0.028 0.028 0.328 0.046
196 I 0.046 0.017 0.014 0.017 0.016 0.013 0.017 0.02 0.009 0.282 0.165 0.023 0.036 0.044 0.014 0.025 0.039 0.006 0.02 0.174
197 L 0.047 0.023 0.017 0.017 0.014 0.016 0.022 0.024 0.02 0.095 0.173 0.025 0.031 0.153 0.014 0.028 0.034 0.014 0.114 0.119
198 L 0.063 0.037 0.036 0.031 0.014 0.031 0.04 0.04 0.104 0.062 0.117 0.042 0.094 0.036 0.02 0.086 0.047 0.007 0.03 0.061
199 R 0.056 0.139 0.035 0.034 0.011 0.086 0.061 0.035 0.02 0.06 0.066 0.131 0.02 0.021 0.021 0.046 0.041 0.006 0.019 0.094
200 K 0.05 0.084 0.035 0.035 0.009 0.042 0.057 0.038 0.019 0.036 0.06 0.221 0.018 0.11 0.023 0.046 0.036 0.008 0.035 0.038
201 K 0.056 0.068 0.037 0.034 0.011 0.039 0.051 0.038 0.025 0.037 0.054 0.163 0.017 0.046 0.024 0.057 0.091 0.011 0.095 0.045
202 K 0.052 0.09 0.044 0.04 0.008 0.049 0.065 0.041 0.106 0.026 0.041 0.228 0.015 0.019 0.025 0.05 0.036 0.006 0.027 0.03
203 G 0.084 0.036 0.118 0.053 0.013 0.029 0.044 0.178 0.021 0.025 0.035 0.048 0.013 0.019 0.024 0.146 0.06 0.005 0.015 0.033
204 L 0.04 0.024 0.016 0.017 0.012 0.017 0.022 0.026 0.014 0.076 0.186 0.025 0.065 0.139 0.012 0.027 0.03 0.133 0.05 0.067
205 F 0.037 0.018 0.016 0.017 0.012 0.011 0.018 0.024 0.015 0.117 0.126 0.02 0.028 0.308 0.011 0.025 0.029 0.014 0.071 0.084
206 F 0.037 0.023 0.019 0.018 0.01 0.016 0.023 0.025 0.031 0.053 0.09 0.025 0.022 0.262 0.013 0.028 0.026 0.022 0.208 0.05
207 K 0.063 0.064 0.029 0.029 0.014 0.034 0.046 0.033 0.014 0.095 0.085 0.157 0.023 0.025 0.022 0.043 0.044 0.005 0.019 0.156
208 L 0.106 0.023 0.018 0.02 0.016 0.016 0.024 0.036 0.012 0.125 0.18 0.028 0.032 0.129 0.017 0.039 0.037 0.009 0.037 0.098
209 L 0.066 0.024 0.024 0.024 0.135 0.018 0.026 0.035 0.011 0.117 0.164 0.03 0.029 0.035 0.018 0.08 0.047 0.005 0.018 0.092
210 F 0.033 0.019 0.017 0.017 0.01 0.01 0.019 0.025 0.017 0.062 0.113 0.019 0.025 0.396 0.01 0.025 0.025 0.017 0.087 0.054
211 L 0.059 0.029 0.026 0.024 0.015 0.022 0.03 0.033 0.021 0.075 0.22 0.033 0.033 0.064 0.018 0.078 0.044 0.012 0.097 0.069
212 L 0.112 0.024 0.018 0.02 0.017 0.017 0.025 0.037 0.012 0.095 0.171 0.028 0.031 0.127 0.017 0.041 0.039 0.009 0.037 0.124
213 N 0.044 0.032 0.171 0.049 0.012 0.024 0.034 0.042 0.02 0.11 0.153 0.039 0.027 0.033 0.017 0.046 0.042 0.005 0.018 0.081
214 L 0.041 0.023 0.015 0.015 0.015 0.015 0.02 0.022 0.012 0.101 0.317 0.023 0.043 0.139 0.013 0.024 0.031 0.009 0.038 0.085
215 L 0.047 0.019 0.015 0.016 0.133 0.013 0.018 0.025 0.011 0.125 0.182 0.022 0.032 0.128 0.014 0.028 0.033 0.008 0.035 0.095
216 L 0.042 0.019 0.015 0.017 0.015 0.013 0.018 0.022 0.011 0.185 0.207 0.023 0.037 0.134 0.013 0.025 0.034 0.009 0.038 0.124
217 T 0.138 0.035 0.041 0.038 0.018 0.028 0.042 0.057 0.015 0.044 0.057 0.047 0.018 0.022 0.028 0.124 0.161 0.006 0.017 0.062
218 L 0.057 0.026 0.022 0.021 0.017 0.019 0.025 0.027 0.01 0.111 0.24 0.03 0.037 0.042 0.018 0.043 0.093 0.006 0.02 0.135
219 L 0.051 0.02 0.015 0.017 0.017 0.015 0.019 0.021 0.009 0.21 0.211 0.024 0.038 0.044 0.015 0.026 0.04 0.006 0.021 0.181
220 L 0.044 0.022 0.014 0.016 0.016 0.015 0.019 0.021 0.01 0.156 0.33 0.025 0.046 0.051 0.014 0.024 0.034 0.007 0.022 0.115
221 L 0.047 0.022 0.015 0.016 0.015 0.015 0.02 0.023 0.011 0.113 0.253 0.024 0.038 0.135 0.014 0.026 0.035 0.009 0.038 0.131
222 S 0.084 0.033 0.041 0.038 0.017 0.026 0.04 0.048 0.015 0.098 0.078 0.044 0.022 0.027 0.025 0.145 0.115 0.005 0.018 0.082
223 Y 0.04 0.032 0.029 0.023 0.009 0.026 0.034 0.028 0.126 0.038 0.06 0.034 0.018 0.104 0.016 0.033 0.027 0.023 0.26 0.04
224 D 0.04 0.029 0.068 0.406 0.007 0.029 0.09 0.046 0.018 0.022 0.028 0.044 0.009 0.015 0.022 0.051 0.035 0.004 0.011 0.024
225 T 0.065 0.027 0.029 0.027 0.017 0.021 0.03 0.033 0.011 0.137 0.106 0.035 0.027 0.031 0.021 0.06 0.151 0.006 0.019 0.148
226 Q 0.055 0.072 0.043 0.046 0.009 0.226 0.101 0.041 0.029 0.026 0.046 0.09 0.02 0.014 0.023 0.055 0.041 0.006 0.02 0.035
227 K 0.056 0.106 0.041 0.041 0.008 0.053 0.07 0.043 0.02 0.027 0.043 0.289 0.015 0.015 0.027 0.053 0.039 0.005 0.017 0.032
228 A 0.301 0.031 0.025 0.029 0.021 0.025 0.04 0.077 0.015 0.043 0.059 0.044 0.017 0.021 0.029 0.084 0.049 0.005 0.017 0.068
229 P 0.056 0.037 0.028 0.035 0.01 0.072 0.052 0.037 0.017 0.026 0.038 0.053 0.013 0.013 0.382 0.046 0.037 0.003 0.015 0.032
230 V 0.058 0.02 0.015 0.017 0.017 0.015 0.02 0.022 0.008 0.222 0.147 0.024 0.034 0.039 0.015 0.029 0.044 0.006 0.02 0.227
231 A 0.173 0.026 0.02 0.023 0.019 0.02 0.029 0.049 0.012 0.12 0.167 0.034 0.03 0.035 0.022 0.054 0.043 0.006 0.019 0.101
232 F 0.033 0.019 0.017 0.017 0.01 0.01 0.019 0.025 0.017 0.062 0.113 0.019 0.025 0.396 0.01 0.025 0.025 0.017 0.087 0.054
233 F 0.037 0.023 0.019 0.018 0.01 0.016 0.023 0.025 0.031 0.053 0.09 0.025 0.022 0.262 0.013 0.028 0.026 0.022 0.208 0.05
234 L 0.044 0.022 0.014 0.016 0.016 0.015 0.019 0.021 0.01 0.156 0.33 0.025 0.046 0.051 0.014 0.024 0.034 0.007 0.022 0.115
235 L 0.048 0.02 0.015 0.017 0.015 0.014 0.02 0.023 0.011 0.155 0.198 0.023 0.035 0.132 0.014 0.027 0.036 0.009 0.038 0.151
236 G 0.077 0.023 0.039 0.033 0.011 0.019 0.025 0.517 0.013 0.019 0.028 0.033 0.009 0.016 0.019 0.051 0.029 0.005 0.011 0.024
237 F 0.033 0.019 0.017 0.017 0.01 0.01 0.019 0.025 0.017 0.062 0.113 0.019 0.025 0.396 0.01 0.025 0.025 0.017 0.087 0.054
238 L 0.109 0.024 0.017 0.019 0.017 0.018 0.024 0.035 0.011 0.138 0.248 0.029 0.038 0.043 0.018 0.039 0.039 0.006 0.02 0.108
239 I 0.046 0.017 0.014 0.017 0.016 0.013 0.017 0.02 0.009 0.282 0.165 0.023 0.036 0.044 0.014 0.025 0.039 0.006 0.02 0.174
240 L 0.051 0.022 0.015 0.016 0.017 0.015 0.02 0.022 0.009 0.168 0.266 0.025 0.041 0.047 0.015 0.026 0.038 0.006 0.021 0.161
241 D 0.045 0.12 0.05 0.141 0.007 0.045 0.125 0.038 0.108 0.022 0.037 0.071 0.013 0.02 0.021 0.048 0.033 0.006 0.025 0.027
242 V 0.063 0.031 0.101 0.038 0.016 0.023 0.033 0.039 0.015 0.1 0.088 0.037 0.023 0.028 0.02 0.056 0.101 0.005 0.018 0.164
243 F 0.039 0.02 0.015 0.016 0.013 0.012 0.019 0.023 0.013 0.13 0.194 0.021 0.034 0.222 0.012 0.025 0.031 0.012 0.054 0.094
244 I 0.046 0.019 0.014 0.017 0.016 0.014 0.018 0.02 0.009 0.24 0.22 0.024 0.039 0.046 0.014 0.024 0.038 0.006 0.021 0.154
245 S 0.077 0.051 0.041 0.038 0.013 0.032 0.048 0.05 0.019 0.037 0.059 0.104 0.018 0.113 0.024 0.135 0.056 0.008 0.035 0.042
246 G 0.068 0.024 0.046 0.126 0.01 0.021 0.041 0.399 0.015 0.019 0.028 0.036 0.009 0.016 0.019 0.051 0.031 0.005 0.011 0.024
247 G 0.128 0.045 0.036 0.034 0.013 0.029 0.04 0.289 0.015 0.027 0.039 0.1 0.013 0.017 0.023 0.059 0.037 0.005 0.014 0.037
248 I 0.052 0.018 0.015 0.017 0.017 0.014 0.019 0.021 0.009 0.252 0.156 0.024 0.035 0.041 0.015 0.027 0.042 0.006 0.02 0.2
249 P 0.082 0.052 0.043 0.042 0.013 0.035 0.052 0.052 0.018 0.028 0.04 0.109 0.014 0.017 0.147 0.14 0.059 0.004 0.016 0.036
250 W 0.108 0.044 0.024 0.026 0.013 0.027 0.037 0.042 0.015 0.095 0.08 0.095 0.021 0.035 0.02 0.046 0.037 0.129 0.03 0.076
251 K 0.053 0.168 0.04 0.038 0.008 0.051 0.065 0.04 0.021 0.026 0.043 0.246 0.015 0.016 0.025 0.051 0.038 0.005 0.017 0.032
252 K 0.056 0.068 0.037 0.034 0.011 0.039 0.051 0.038 0.025 0.037 0.054 0.163 0.017 0.046 0.024 0.057 0.091 0.011 0.095 0.045
253 F 0.045 0.019 0.016 0.017 0.014 0.013 0.019 0.024 0.013 0.142 0.13 0.022 0.029 0.218 0.013 0.027 0.034 0.011 0.054 0.141
254 L 0.051 0.022 0.015 0.016 0.017 0.015 0.02 0.022 0.009 0.168 0.266 0.025 0.041 0.047 0.015 0.026 0.038 0.006 0.021 0.161
255 I 0.053 0.022 0.022 0.022 0.016 0.017 0.023 0.026 0.01 0.224 0.14 0.029 0.032 0.038 0.018 0.041 0.094 0.006 0.02 0.148
256 F 0.033 0.019 0.017 0.017 0.01 0.01 0.019 0.025 0.017 0.062 0.113 0.019 0.025 0.396 0.01 0.025 0.025 0.017 0.087 0.054
257 V 0.072 0.025 0.028 0.026 0.017 0.02 0.027 0.152 0.011 0.099 0.087 0.032 0.023 0.027 0.02 0.052 0.096 0.005 0.017 0.163
258 V 0.065 0.022 0.021 0.021 0.016 0.017 0.023 0.147 0.01 0.114 0.167 0.027 0.03 0.035 0.016 0.035 0.04 0.006 0.018 0.17
259 T 0.073 0.036 0.043 0.038 0.018 0.028 0.039 0.043 0.014 0.053 0.065 0.045 0.02 0.024 0.028 0.093 0.246 0.006 0.018 0.071
260 A 0.29 0.031 0.026 0.03 0.022 0.026 0.04 0.078 0.015 0.043 0.059 0.045 0.018 0.022 0.03 0.085 0.05 0.005 0.018 0.069
261 L 0.044 0.024 0.014 0.015 0.016 0.016 0.02 0.021 0.01 0.114 0.385 0.025 0.049 0.054 0.014 0.024 0.033 0.007 0.022 0.095
262 L 0.056 0.022 0.022 0.024 0.013 0.017 0.025 0.149 0.011 0.11 0.153 0.031 0.026 0.032 0.137 0.036 0.034 0.005 0.016 0.081
263 I 0.052 0.018 0.015 0.017 0.017 0.014 0.019 0.021 0.009 0.252 0.156 0.024 0.035 0.041 0.015 0.027 0.042 0.006 0.02 0.2
264 L 0.06 0.025 0.022 0.021 0.015 0.02 0.024 0.148 0.012 0.098 0.184 0.03 0.066 0.038 0.016 0.036 0.038 0.006 0.019 0.122
265 L 0.172 0.027 0.02 0.022 0.019 0.021 0.03 0.049 0.012 0.078 0.222 0.034 0.033 0.038 0.022 0.054 0.041 0.006 0.02 0.081
266 L 0.051 0.022 0.015 0.016 0.017 0.015 0.02 0.022 0.009 0.168 0.266 0.025 0.041 0.047 0.015 0.026 0.038 0.006 0.021 0.161
267 L 0.044 0.022 0.014 0.016 0.016 0.015 0.019 0.021 0.01 0.156 0.33 0.025 0.046 0.051 0.014 0.024 0.034 0.007 0.022 0.115
268 Y 0.048 0.025 0.018 0.017 0.013 0.019 0.025 0.024 0.028 0.09 0.162 0.028 0.029 0.087 0.015 0.029 0.034 0.017 0.175 0.117
269 G 0.084 0.03 0.043 0.038 0.014 0.024 0.035 0.286 0.015 0.03 0.04 0.041 0.013 0.019 0.023 0.106 0.099 0.005 0.014 0.04
270 Y 0.041 0.027 0.02 0.018 0.011 0.02 0.026 0.024 0.037 0.061 0.147 0.029 0.026 0.11 0.015 0.029 0.029 0.022 0.251 0.058
271 F 0.061 0.037 0.032 0.032 0.013 0.071 0.047 0.038 0.018 0.1 0.091 0.046 0.024 0.119 0.019 0.084 0.046 0.008 0.036 0.076
272 F 0.037 0.027 0.095 0.033 0.01 0.019 0.028 0.035 0.028 0.048 0.081 0.03 0.02 0.235 0.014 0.037 0.032 0.016 0.13 0.045
273 T 0.071 0.032 0.036 0.032 0.018 0.024 0.035 0.038 0.012 0.08 0.08 0.04 0.022 0.026 0.024 0.077 0.205 0.006 0.018 0.122
274 T 0.081 0.036 0.045 0.04 0.017 0.029 0.042 0.048 0.015 0.047 0.058 0.047 0.018 0.023 0.028 0.126 0.213 0.006 0.017 0.063
275 G 0.058 0.033 0.119 0.14 0.011 0.027 0.051 0.168 0.019 0.029 0.038 0.044 0.012 0.018 0.022 0.065 0.093 0.005 0.014 0.036
276 N 0.052 0.04 0.109 0.056 0.011 0.038 0.108 0.04 0.107 0.057 0.058 0.05 0.017 0.025 0.02 0.049 0.04 0.006 0.027 0.09
277 G 0.07 0.039 0.115 0.063 0.011 0.037 0.108 0.17 0.022 0.023 0.034 0.053 0.012 0.018 0.023 0.101 0.049 0.005 0.015 0.031
278 A 0.189 0.03 0.03 0.031 0.019 0.024 0.037 0.06 0.014 0.099 0.081 0.041 0.022 0.027 0.026 0.106 0.055 0.005 0.018 0.088
279 L 0.05 0.026 0.025 0.023 0.015 0.018 0.026 0.03 0.013 0.077 0.186 0.03 0.031 0.157 0.017 0.047 0.104 0.01 0.043 0.073
280 D 0.044 0.048 0.061 0.315 0.008 0.035 0.085 0.045 0.019 0.023 0.031 0.105 0.011 0.015 0.023 0.052 0.036 0.004 0.013 0.026
281 Q 0.05 0.052 0.107 0.048 0.011 0.125 0.067 0.041 0.024 0.089 0.072 0.064 0.022 0.023 0.02 0.051 0.042 0.005 0.019 0.068
282 L 0.042 0.021 0.015 0.016 0.015 0.014 0.019 0.022 0.011 0.143 0.262 0.023 0.04 0.137 0.013 0.024 0.033 0.009 0.038 0.104
283 L 0.048 0.025 0.022 0.021 0.015 0.017 0.024 0.027 0.013 0.086 0.237 0.028 0.036 0.132 0.016 0.041 0.087 0.009 0.037 0.078
284 R 0.046 0.211 0.046 0.127 0.008 0.044 0.066 0.038 0.021 0.024 0.04 0.142 0.014 0.016 0.022 0.048 0.036 0.005 0.016 0.029
285 P 0.052 0.024 0.024 0.025 0.014 0.018 0.028 0.031 0.013 0.106 0.094 0.032 0.023 0.119 0.138 0.046 0.089 0.008 0.035 0.082
286 N 0.042 0.118 0.19 0.15 0.008 0.036 0.06 0.052 0.026 0.022 0.034 0.067 0.012 0.017 0.02 0.058 0.042 0.005 0.015 0.027
287 S 0.108 0.04 0.053 0.048 0.017 0.033 0.052 0.065 0.019 0.029 0.041 0.053 0.015 0.021 0.029 0.231 0.081 0.005 0.017 0.041
288 A 0.187 0.026 0.026 0.027 0.018 0.021 0.032 0.174 0.013 0.066 0.068 0.037 0.019 0.023 0.023 0.063 0.044 0.005 0.016 0.11
289 F 0.041 0.022 0.017 0.018 0.013 0.015 0.021 0.025 0.014 0.126 0.146 0.024 0.065 0.221 0.013 0.028 0.032 0.012 0.055 0.093
290 Y 0.045 0.028 0.025 0.022 0.011 0.021 0.029 0.03 0.03 0.042 0.063 0.032 0.018 0.085 0.016 0.044 0.084 0.14 0.185 0.048
291 G 0.068 0.024 0.034 0.03 0.01 0.019 0.026 0.394 0.021 0.025 0.038 0.033 0.012 0.044 0.018 0.046 0.029 0.011 0.09 0.029
292 R 0.044 0.355 0.038 0.031 0.008 0.048 0.052 0.032 0.023 0.023 0.046 0.118 0.015 0.017 0.019 0.044 0.034 0.006 0.017 0.031
293 I 0.054 0.025 0.023 0.023 0.016 0.02 0.025 0.028 0.012 0.179 0.147 0.032 0.066 0.039 0.018 0.044 0.094 0.006 0.02 0.127
294 F 0.033 0.019 0.017 0.017 0.01 0.01 0.019 0.025 0.017 0.062 0.113 0.019 0.025 0.396 0.01 0.025 0.025 0.017 0.087 0.054
295 L 0.051 0.02 0.015 0.017 0.017 0.015 0.019 0.021 0.009 0.21 0.211 0.024 0.038 0.044 0.015 0.026 0.04 0.006 0.021 0.181
296 S 0.084 0.033 0.041 0.038 0.017 0.026 0.04 0.048 0.015 0.098 0.078 0.044 0.022 0.027 0.025 0.145 0.115 0.005 0.018 0.082
297 G 0.085 0.027 0.042 0.037 0.012 0.022 0.032 0.404 0.015 0.021 0.031 0.038 0.011 0.017 0.021 0.096 0.042 0.005 0.012 0.028
298 Y 0.042 0.025 0.02 0.018 0.011 0.019 0.025 0.023 0.037 0.103 0.092 0.029 0.023 0.108 0.015 0.029 0.03 0.022 0.251 0.078
299 G 0.114 0.024 0.024 0.024 0.015 0.018 0.026 0.16 0.014 0.059 0.146 0.03 0.025 0.122 0.018 0.046 0.034 0.009 0.034 0.06
300 G 0.077 0.023 0.039 0.033 0.011 0.019 0.025 0.517 0.013 0.019 0.028 0.033 0.009 0.016 0.019 0.051 0.029 0.005 0.011 0.024
301 F 0.044 0.022 0.018 0.017 0.012 0.015 0.022 0.025 0.022 0.083 0.105 0.023 0.025 0.239 0.013 0.028 0.032 0.017 0.131 0.109
302 P 0.05 0.024 0.021 0.027 0.01 0.018 0.031 0.033 0.014 0.035 0.055 0.035 0.014 0.109 0.378 0.039 0.033 0.006 0.031 0.036
303 L 0.044 0.024 0.014 0.015 0.016 0.016 0.02 0.021 0.01 0.114 0.385 0.025 0.049 0.054 0.014 0.024 0.033 0.007 0.022 0.095
304 S 0.108 0.04 0.053 0.048 0.017 0.033 0.052 0.065 0.019 0.029 0.041 0.053 0.015 0.021 0.029 0.231 0.081 0.005 0.017 0.041
305 L 0.041 0.023 0.015 0.015 0.015 0.015 0.02 0.022 0.012 0.101 0.317 0.023 0.043 0.139 0.013 0.024 0.031 0.009 0.038 0.085
306 E 0.054 0.049 0.04 0.089 0.007 0.064 0.307 0.034 0.025 0.022 0.036 0.074 0.013 0.016 0.025 0.054 0.036 0.005 0.016 0.031
307 W 0.037 0.023 0.014 0.015 0.012 0.015 0.021 0.025 0.012 0.072 0.218 0.024 0.032 0.057 0.011 0.023 0.028 0.253 0.045 0.062
308 F 0.033 0.019 0.017 0.017 0.01 0.01 0.019 0.025 0.017 0.062 0.113 0.019 0.025 0.396 0.01 0.025 0.025 0.017 0.087 0.054
309 P 0.056 0.025 0.023 0.031 0.01 0.02 0.036 0.036 0.013 0.025 0.036 0.041 0.01 0.013 0.501 0.043 0.036 0.003 0.013 0.031
310 D 0.044 0.038 0.114 0.149 0.008 0.037 0.118 0.042 0.03 0.027 0.041 0.051 0.013 0.044 0.021 0.051 0.037 0.01 0.093 0.032
311 V 0.057 0.021 0.015 0.017 0.017 0.015 0.021 0.022 0.009 0.18 0.202 0.025 0.037 0.042 0.015 0.028 0.042 0.006 0.021 0.207
312 I 0.046 0.017 0.014 0.017 0.016 0.013 0.017 0.02 0.009 0.282 0.165 0.023 0.036 0.044 0.014 0.025 0.039 0.006 0.02 0.174
313 T 0.061 0.055 0.113 0.049 0.013 0.035 0.049 0.048 0.02 0.039 0.05 0.108 0.016 0.02 0.025 0.076 0.151 0.005 0.017 0.05
314 Q 0.055 0.053 0.108 0.048 0.011 0.126 0.069 0.042 0.024 0.059 0.063 0.065 0.021 0.02 0.021 0.053 0.045 0.005 0.019 0.094
315 P 0.055 0.037 0.031 0.06 0.009 0.042 0.171 0.035 0.019 0.024 0.036 0.058 0.011 0.015 0.263 0.049 0.036 0.004 0.015 0.031
316 K 0.057 0.107 0.042 0.042 0.009 0.054 0.071 0.043 0.021 0.028 0.043 0.278 0.016 0.016 0.028 0.054 0.04 0.005 0.017 0.033
317 T 0.065 0.032 0.036 0.031 0.017 0.024 0.034 0.037 0.013 0.068 0.144 0.04 0.027 0.031 0.024 0.074 0.201 0.006 0.019 0.076
318 Y 0.037 0.026 0.02 0.018 0.009 0.02 0.026 0.026 0.038 0.04 0.064 0.029 0.018 0.112 0.013 0.029 0.026 0.146 0.263 0.042
319 G 0.058 0.048 0.035 0.035 0.011 0.122 0.062 0.155 0.02 0.046 0.126 0.059 0.025 0.025 0.02 0.046 0.036 0.006 0.018 0.047
