#Seq2Logo.py -f /work3/idamei/ssn-clusterings/clustering/2205111339/clusters/0011_486/sequences.afa -o /work3/idamei/ssn-clusterings/clustering/2205111339/clusters/0011_486/sequences.logo
#Position Specific Frequency Matrix
A R N D C Q E G H I L K M F P S T W Y V
0 L 0.05 0.031 0.019 0.019 0.016 0.027 0.027 0.027 0.016 0.097 0.19 0.035 0.189 0.047 0.016 0.035 0.039 0.008 0.023 0.089
1 A 0.126 0.035 0.035 0.044 0.015 0.032 0.092 0.049 0.016 0.042 0.053 0.049 0.016 0.02 0.087 0.092 0.113 0.005 0.016 0.062
2 A 0.135 0.05 0.033 0.077 0.015 0.025 0.043 0.049 0.015 0.055 0.08 0.044 0.019 0.039 0.084 0.079 0.055 0.005 0.019 0.081
3 P 0.063 0.077 0.033 0.032 0.013 0.053 0.043 0.08 0.017 0.05 0.063 0.053 0.018 0.07 0.084 0.074 0.072 0.006 0.026 0.074
4 A 0.163 0.031 0.031 0.032 0.018 0.025 0.038 0.055 0.014 0.054 0.062 0.042 0.018 0.022 0.099 0.096 0.095 0.005 0.017 0.086
5 P 0.095 0.027 0.026 0.027 0.015 0.021 0.032 0.038 0.033 0.103 0.083 0.036 0.021 0.026 0.149 0.052 0.08 0.005 0.019 0.112
6 P 0.051 0.094 0.034 0.072 0.011 0.07 0.054 0.034 0.018 0.083 0.068 0.062 0.019 0.021 0.124 0.046 0.053 0.005 0.017 0.064
7 L 0.116 0.089 0.03 0.03 0.015 0.028 0.039 0.047 0.016 0.048 0.119 0.054 0.022 0.026 0.109 0.089 0.047 0.005 0.017 0.054
8 T 0.068 0.077 0.041 0.038 0.013 0.073 0.054 0.044 0.019 0.036 0.052 0.061 0.018 0.024 0.024 0.102 0.126 0.059 0.023 0.047
9 E 0.073 0.046 0.041 0.051 0.012 0.09 0.118 0.087 0.021 0.044 0.052 0.062 0.018 0.019 0.024 0.101 0.05 0.005 0.018 0.069
10 S 0.134 0.034 0.04 0.039 0.017 0.028 0.044 0.058 0.016 0.035 0.048 0.047 0.015 0.02 0.114 0.144 0.098 0.005 0.016 0.05
11 P 0.103 0.025 0.022 0.024 0.013 0.019 0.029 0.074 0.017 0.047 0.097 0.033 0.02 0.115 0.157 0.045 0.034 0.009 0.065 0.051
12 A 0.13 0.125 0.026 0.026 0.015 0.029 0.038 0.044 0.015 0.071 0.073 0.06 0.02 0.023 0.07 0.052 0.043 0.005 0.018 0.117
13 P 0.128 0.076 0.026 0.03 0.013 0.026 0.039 0.048 0.015 0.03 0.044 0.053 0.013 0.016 0.288 0.055 0.039 0.004 0.015 0.042
14 A 0.128 0.128 0.039 0.088 0.013 0.032 0.049 0.098 0.017 0.033 0.048 0.065 0.015 0.019 0.024 0.065 0.072 0.005 0.016 0.046
15 E 0.055 0.046 0.038 0.082 0.008 0.059 0.273 0.035 0.024 0.022 0.036 0.071 0.012 0.016 0.081 0.053 0.036 0.005 0.016 0.031
16 R 0.048 0.314 0.038 0.031 0.008 0.044 0.049 0.089 0.022 0.023 0.044 0.109 0.015 0.017 0.019 0.045 0.034 0.006 0.016 0.03
17 R 0.07 0.165 0.043 0.045 0.011 0.041 0.086 0.115 0.021 0.024 0.04 0.079 0.014 0.018 0.023 0.103 0.048 0.005 0.016 0.033
18 A 0.223 0.032 0.031 0.034 0.019 0.026 0.042 0.069 0.015 0.037 0.052 0.046 0.016 0.02 0.096 0.109 0.054 0.005 0.017 0.057
19 A 0.162 0.034 0.037 0.035 0.017 0.028 0.042 0.061 0.023 0.037 0.053 0.045 0.017 0.044 0.026 0.135 0.058 0.01 0.083 0.052
20 P 0.07 0.027 0.032 0.034 0.011 0.022 0.035 0.177 0.014 0.024 0.034 0.04 0.011 0.015 0.295 0.072 0.04 0.004 0.013 0.03
21 R 0.053 0.208 0.031 0.028 0.011 0.035 0.042 0.032 0.017 0.052 0.061 0.08 0.018 0.02 0.113 0.044 0.052 0.005 0.017 0.082
22 A 0.19 0.049 0.03 0.03 0.018 0.025 0.037 0.101 0.015 0.049 0.11 0.045 0.021 0.026 0.025 0.095 0.049 0.006 0.017 0.061
23 V 0.07 0.022 0.016 0.018 0.019 0.016 0.023 0.025 0.008 0.165 0.13 0.026 0.032 0.036 0.016 0.033 0.049 0.006 0.021 0.269
24 R 0.045 0.345 0.039 0.031 0.008 0.048 0.052 0.033 0.023 0.023 0.047 0.12 0.016 0.017 0.019 0.045 0.035 0.006 0.017 0.031
25 L 0.045 0.024 0.014 0.015 0.016 0.016 0.02 0.021 0.01 0.115 0.375 0.025 0.05 0.055 0.014 0.024 0.033 0.007 0.022 0.096
26 R 0.045 0.345 0.039 0.031 0.008 0.048 0.052 0.033 0.023 0.023 0.047 0.12 0.016 0.017 0.019 0.045 0.035 0.006 0.017 0.031
27 G 0.054 0.023 0.027 0.024 0.009 0.017 0.024 0.271 0.014 0.024 0.04 0.028 0.012 0.038 0.013 0.037 0.026 0.25 0.039 0.027
28 R 0.057 0.185 0.028 0.024 0.013 0.032 0.038 0.029 0.016 0.093 0.088 0.073 0.023 0.026 0.018 0.039 0.042 0.006 0.019 0.152
29 E 0.055 0.049 0.04 0.09 0.007 0.064 0.3 0.035 0.026 0.022 0.037 0.075 0.013 0.017 0.026 0.055 0.037 0.005 0.017 0.031
30 G 0.078 0.023 0.039 0.034 0.011 0.019 0.025 0.513 0.013 0.019 0.028 0.034 0.009 0.016 0.019 0.051 0.03 0.005 0.011 0.024
31 A 0.182 0.026 0.021 0.024 0.02 0.021 0.032 0.051 0.011 0.103 0.094 0.035 0.024 0.029 0.023 0.059 0.049 0.005 0.019 0.17
32 E 0.062 0.036 0.028 0.054 0.013 0.04 0.162 0.03 0.017 0.093 0.083 0.051 0.022 0.026 0.021 0.044 0.043 0.005 0.019 0.152
33 V 0.07 0.022 0.016 0.018 0.019 0.016 0.023 0.025 0.008 0.164 0.13 0.026 0.031 0.036 0.016 0.033 0.049 0.005 0.02 0.273
34 G 0.078 0.023 0.039 0.034 0.011 0.019 0.025 0.513 0.013 0.019 0.028 0.034 0.009 0.016 0.019 0.051 0.03 0.005 0.011 0.024
35 P 0.052 0.03 0.034 0.108 0.009 0.029 0.094 0.037 0.016 0.024 0.034 0.047 0.01 0.014 0.336 0.046 0.035 0.003 0.013 0.029
36 R 0.116 0.196 0.038 0.034 0.013 0.037 0.047 0.084 0.019 0.028 0.046 0.082 0.015 0.019 0.023 0.094 0.047 0.005 0.017 0.04
37 L 0.044 0.024 0.014 0.015 0.016 0.016 0.02 0.021 0.01 0.114 0.382 0.025 0.049 0.054 0.014 0.024 0.033 0.007 0.022 0.095
38 R 0.049 0.224 0.034 0.029 0.011 0.037 0.042 0.032 0.018 0.044 0.109 0.084 0.021 0.024 0.048 0.048 0.075 0.006 0.018 0.048
39 R 0.052 0.274 0.038 0.031 0.008 0.04 0.045 0.154 0.02 0.022 0.041 0.097 0.014 0.017 0.019 0.045 0.033 0.006 0.015 0.029
40 T 0.117 0.032 0.037 0.034 0.017 0.025 0.038 0.051 0.016 0.046 0.066 0.042 0.019 0.093 0.025 0.113 0.132 0.008 0.03 0.059
41 A 0.144 0.029 0.031 0.099 0.016 0.026 0.06 0.048 0.015 0.067 0.132 0.04 0.038 0.029 0.022 0.055 0.041 0.006 0.018 0.084
42 P 0.053 0.087 0.022 0.024 0.013 0.024 0.032 0.029 0.013 0.072 0.143 0.048 0.025 0.028 0.199 0.036 0.037 0.005 0.017 0.094
43 L 0.132 0.088 0.028 0.028 0.016 0.027 0.037 0.047 0.015 0.061 0.17 0.051 0.027 0.032 0.022 0.083 0.046 0.006 0.019 0.065
44 L 0.053 0.028 0.027 0.026 0.013 0.021 0.031 0.033 0.018 0.054 0.115 0.035 0.022 0.049 0.105 0.052 0.113 0.068 0.079 0.058
45 V 0.108 0.029 0.03 0.029 0.018 0.023 0.034 0.044 0.013 0.096 0.112 0.037 0.025 0.03 0.022 0.11 0.058 0.005 0.019 0.157
46 A 0.294 0.03 0.026 0.029 0.02 0.025 0.039 0.103 0.014 0.041 0.056 0.043 0.017 0.021 0.028 0.081 0.048 0.005 0.017 0.065
47 G 0.064 0.023 0.023 0.022 0.015 0.017 0.023 0.186 0.011 0.099 0.179 0.028 0.03 0.035 0.016 0.036 0.037 0.006 0.018 0.13
48 P 0.057 0.026 0.023 0.031 0.01 0.021 0.036 0.036 0.013 0.026 0.036 0.041 0.01 0.013 0.492 0.044 0.036 0.003 0.013 0.031
49 L 0.113 0.025 0.022 0.022 0.015 0.019 0.027 0.123 0.018 0.071 0.168 0.032 0.027 0.051 0.019 0.044 0.036 0.01 0.074 0.084
50 G 0.178 0.025 0.029 0.028 0.096 0.02 0.03 0.243 0.013 0.033 0.047 0.035 0.014 0.019 0.023 0.063 0.039 0.005 0.014 0.048
51 A 0.19 0.026 0.024 0.026 0.018 0.021 0.031 0.133 0.012 0.077 0.076 0.036 0.02 0.025 0.023 0.06 0.045 0.005 0.017 0.134
52 L 0.082 0.026 0.02 0.02 0.017 0.019 0.025 0.031 0.011 0.102 0.256 0.03 0.037 0.042 0.018 0.043 0.076 0.006 0.02 0.119
53 A 0.172 0.028 0.024 0.026 0.042 0.022 0.033 0.052 0.013 0.073 0.146 0.036 0.026 0.03 0.023 0.082 0.048 0.006 0.018 0.101
54 A 0.185 0.029 0.026 0.027 0.019 0.023 0.034 0.053 0.012 0.078 0.078 0.038 0.021 0.025 0.025 0.07 0.101 0.005 0.018 0.132
55 V 0.114 0.023 0.021 0.022 0.017 0.018 0.026 0.105 0.01 0.112 0.098 0.029 0.025 0.047 0.018 0.044 0.044 0.006 0.021 0.199
56 L 0.085 0.025 0.021 0.021 0.017 0.018 0.026 0.066 0.01 0.109 0.18 0.03 0.031 0.036 0.018 0.044 0.074 0.006 0.019 0.163
57 L 0.05 0.022 0.015 0.016 0.016 0.015 0.02 0.022 0.01 0.12 0.265 0.024 0.039 0.097 0.014 0.026 0.036 0.008 0.03 0.154
58 V 0.094 0.029 0.03 0.029 0.018 0.023 0.033 0.04 0.012 0.087 0.125 0.037 0.026 0.03 0.022 0.085 0.124 0.006 0.019 0.132
59 A 0.219 0.027 0.027 0.029 0.018 0.022 0.034 0.153 0.013 0.073 0.066 0.039 0.018 0.023 0.025 0.076 0.045 0.005 0.016 0.072
60 A 0.192 0.03 0.028 0.029 0.018 0.024 0.036 0.093 0.014 0.054 0.133 0.04 0.023 0.028 0.024 0.097 0.049 0.006 0.018 0.065
61 V 0.07 0.022 0.016 0.018 0.019 0.016 0.023 0.025 0.008 0.165 0.13 0.026 0.032 0.036 0.016 0.033 0.049 0.006 0.021 0.269
62 I 0.047 0.018 0.015 0.018 0.016 0.013 0.018 0.021 0.009 0.271 0.168 0.024 0.037 0.044 0.015 0.025 0.04 0.006 0.021 0.177
63 A 0.218 0.028 0.026 0.028 0.018 0.022 0.034 0.129 0.013 0.051 0.117 0.039 0.022 0.026 0.024 0.074 0.044 0.006 0.017 0.064
64 L 0.126 0.024 0.018 0.02 0.017 0.018 0.026 0.038 0.011 0.099 0.192 0.03 0.031 0.056 0.018 0.043 0.04 0.03 0.025 0.137
65 L 0.048 0.071 0.019 0.019 0.014 0.02 0.026 0.024 0.017 0.113 0.159 0.038 0.03 0.103 0.015 0.03 0.036 0.01 0.075 0.136
66 G 0.135 0.041 0.036 0.038 0.014 0.087 0.066 0.166 0.018 0.032 0.047 0.055 0.016 0.018 0.024 0.066 0.072 0.005 0.016 0.046
67 P 0.055 0.025 0.023 0.03 0.01 0.02 0.035 0.035 0.012 0.025 0.035 0.04 0.01 0.012 0.509 0.043 0.035 0.003 0.012 0.03
68 L 0.1 0.025 0.018 0.022 0.016 0.019 0.038 0.033 0.012 0.101 0.196 0.03 0.032 0.09 0.017 0.039 0.039 0.007 0.029 0.136
69 L 0.092 0.024 0.018 0.02 0.017 0.018 0.025 0.032 0.01 0.109 0.216 0.029 0.034 0.038 0.053 0.039 0.051 0.006 0.02 0.15
70 L 0.054 0.022 0.017 0.02 0.015 0.016 0.024 0.026 0.011 0.101 0.169 0.028 0.029 0.08 0.138 0.031 0.038 0.006 0.027 0.147
71 L 0.077 0.023 0.016 0.017 0.016 0.016 0.022 0.028 0.011 0.121 0.269 0.026 0.045 0.091 0.015 0.032 0.035 0.008 0.029 0.103
72 G 0.115 0.024 0.026 0.027 0.014 0.019 0.027 0.224 0.012 0.077 0.096 0.033 0.02 0.025 0.081 0.048 0.036 0.005 0.015 0.076
73 V 0.104 0.027 0.026 0.026 0.018 0.021 0.031 0.04 0.012 0.104 0.141 0.034 0.028 0.032 0.02 0.09 0.053 0.005 0.019 0.168
74 I 0.047 0.018 0.015 0.018 0.016 0.013 0.018 0.021 0.009 0.269 0.168 0.024 0.037 0.044 0.015 0.025 0.04 0.006 0.021 0.177
75 L 0.089 0.023 0.016 0.018 0.018 0.017 0.023 0.029 0.009 0.127 0.219 0.027 0.035 0.04 0.017 0.035 0.042 0.006 0.02 0.19
76 A 0.189 0.026 0.025 0.026 0.018 0.021 0.031 0.154 0.012 0.071 0.106 0.035 0.022 0.026 0.022 0.059 0.042 0.005 0.017 0.094
77 G 0.15 0.025 0.024 0.024 0.017 0.02 0.028 0.157 0.012 0.071 0.149 0.033 0.032 0.03 0.02 0.052 0.039 0.006 0.017 0.093
78 L 0.1 0.024 0.02 0.021 0.017 0.018 0.025 0.034 0.011 0.148 0.206 0.03 0.034 0.039 0.018 0.043 0.068 0.006 0.02 0.12
79 L 0.09 0.023 0.021 0.022 0.076 0.018 0.025 0.095 0.011 0.077 0.162 0.03 0.026 0.031 0.079 0.043 0.047 0.005 0.017 0.101
80 L 0.103 0.025 0.025 0.025 0.015 0.019 0.028 0.12 0.013 0.074 0.164 0.032 0.027 0.079 0.019 0.067 0.041 0.007 0.026 0.091
81 V 0.064 0.022 0.016 0.017 0.018 0.016 0.022 0.023 0.008 0.151 0.171 0.025 0.033 0.038 0.016 0.03 0.045 0.006 0.02 0.26
82 L 0.112 0.025 0.018 0.019 0.016 0.018 0.026 0.036 0.016 0.085 0.201 0.029 0.031 0.096 0.017 0.04 0.037 0.01 0.068 0.1
83 L 0.047 0.024 0.018 0.018 0.015 0.017 0.022 0.025 0.011 0.105 0.279 0.027 0.038 0.048 0.015 0.032 0.062 0.069 0.026 0.102
84 A 0.219 0.028 0.027 0.029 0.018 0.022 0.035 0.121 0.014 0.042 0.061 0.039 0.017 0.069 0.025 0.072 0.071 0.007 0.025 0.06
85 W 0.114 0.025 0.021 0.022 0.015 0.019 0.028 0.04 0.017 0.086 0.079 0.031 0.021 0.048 0.018 0.048 0.066 0.134 0.07 0.096
86 F 0.11 0.037 0.027 0.05 0.012 0.036 0.041 0.044 0.017 0.042 0.069 0.068 0.019 0.153 0.019 0.055 0.036 0.072 0.046 0.047
87 R 0.041 0.202 0.04 0.031 0.008 0.039 0.047 0.033 0.155 0.027 0.05 0.077 0.016 0.07 0.018 0.04 0.03 0.008 0.04 0.03
88 P 0.055 0.025 0.023 0.03 0.01 0.02 0.035 0.035 0.012 0.025 0.035 0.04 0.01 0.012 0.511 0.042 0.035 0.003 0.012 0.03
89 K 0.054 0.136 0.04 0.039 0.008 0.051 0.066 0.04 0.02 0.026 0.042 0.279 0.015 0.015 0.026 0.051 0.038 0.005 0.017 0.031
90 A 0.143 0.07 0.026 0.026 0.016 0.024 0.034 0.047 0.015 0.066 0.125 0.045 0.024 0.076 0.021 0.075 0.045 0.007 0.027 0.09
91 F 0.073 0.02 0.02 0.02 0.012 0.013 0.022 0.094 0.016 0.053 0.093 0.023 0.022 0.31 0.014 0.035 0.028 0.014 0.068 0.051
92 L 0.144 0.025 0.018 0.02 0.019 0.019 0.027 0.04 0.011 0.108 0.171 0.031 0.03 0.035 0.02 0.046 0.044 0.006 0.019 0.168
93 L 0.11 0.024 0.017 0.019 0.016 0.017 0.024 0.035 0.012 0.111 0.247 0.028 0.036 0.088 0.017 0.038 0.036 0.007 0.028 0.091
94 L 0.135 0.026 0.021 0.022 0.018 0.02 0.028 0.041 0.011 0.111 0.186 0.033 0.031 0.036 0.02 0.051 0.07 0.006 0.019 0.116
95 A 0.183 0.031 0.034 0.032 0.018 0.025 0.037 0.118 0.014 0.043 0.056 0.042 0.017 0.021 0.027 0.081 0.139 0.005 0.016 0.062
96 L 0.088 0.023 0.016 0.018 0.018 0.017 0.023 0.029 0.01 0.145 0.204 0.027 0.041 0.04 0.017 0.035 0.042 0.006 0.02 0.183
97 L 0.089 0.025 0.021 0.021 0.016 0.018 0.026 0.035 0.012 0.115 0.181 0.03 0.031 0.04 0.017 0.06 0.043 0.069 0.025 0.127
98 V 0.145 0.024 0.021 0.022 0.018 0.018 0.028 0.077 0.012 0.096 0.094 0.031 0.024 0.082 0.02 0.049 0.043 0.007 0.028 0.164
99 I 0.054 0.022 0.021 0.022 0.051 0.017 0.023 0.027 0.01 0.197 0.166 0.028 0.032 0.038 0.017 0.05 0.074 0.006 0.019 0.128
100 L 0.051 0.023 0.016 0.017 0.016 0.018 0.022 0.023 0.011 0.173 0.214 0.027 0.081 0.044 0.015 0.029 0.039 0.006 0.021 0.154
101 L 0.044 0.021 0.015 0.016 0.015 0.014 0.019 0.022 0.011 0.13 0.242 0.023 0.037 0.15 0.013 0.025 0.033 0.009 0.039 0.121
102 S 0.086 0.038 0.044 0.053 0.014 0.037 0.113 0.08 0.018 0.042 0.049 0.053 0.016 0.021 0.026 0.159 0.061 0.005 0.017 0.069
103 A 0.127 0.083 0.074 0.086 0.013 0.032 0.051 0.053 0.018 0.031 0.044 0.085 0.014 0.018 0.085 0.063 0.06 0.005 0.015 0.043
104 P 0.067 0.034 0.032 0.033 0.014 0.05 0.043 0.039 0.015 0.058 0.099 0.045 0.021 0.024 0.145 0.087 0.09 0.005 0.017 0.081
105 L 0.06 0.023 0.015 0.016 0.016 0.016 0.02 0.024 0.01 0.146 0.327 0.025 0.043 0.049 0.015 0.027 0.035 0.007 0.021 0.107
106 Q 0.087 0.094 0.036 0.043 0.011 0.139 0.104 0.041 0.023 0.043 0.056 0.076 0.019 0.018 0.022 0.053 0.041 0.006 0.019 0.07
107 N 0.08 0.043 0.108 0.044 0.011 0.079 0.053 0.047 0.026 0.032 0.049 0.052 0.016 0.036 0.02 0.058 0.068 0.071 0.064 0.041
108 V 0.091 0.073 0.024 0.024 0.016 0.049 0.038 0.034 0.014 0.1 0.128 0.047 0.027 0.03 0.019 0.044 0.052 0.006 0.019 0.165
109 L 0.062 0.027 0.025 0.024 0.016 0.021 0.028 0.033 0.013 0.089 0.212 0.032 0.052 0.086 0.018 0.082 0.046 0.008 0.028 0.099
110 G 0.073 0.032 0.038 0.034 0.01 0.022 0.03 0.466 0.014 0.019 0.029 0.066 0.01 0.016 0.019 0.05 0.03 0.005 0.011 0.025
111 P 0.107 0.03 0.029 0.031 0.015 0.032 0.038 0.045 0.014 0.088 0.084 0.041 0.04 0.026 0.145 0.092 0.049 0.005 0.017 0.072
112 E 0.114 0.039 0.039 0.056 0.013 0.04 0.132 0.052 0.019 0.028 0.042 0.057 0.014 0.018 0.106 0.116 0.053 0.005 0.016 0.041
113 V 0.113 0.029 0.021 0.024 0.015 0.046 0.036 0.038 0.013 0.106 0.101 0.037 0.024 0.032 0.049 0.044 0.041 0.068 0.025 0.136
114 G 0.1 0.022 0.028 0.026 0.014 0.018 0.025 0.281 0.011 0.091 0.073 0.031 0.019 0.024 0.018 0.046 0.037 0.005 0.015 0.115
115 G 0.072 0.028 0.044 0.083 0.013 0.023 0.039 0.287 0.014 0.029 0.039 0.039 0.012 0.018 0.022 0.078 0.105 0.005 0.013 0.038
116 Y 0.075 0.028 0.06 0.027 0.012 0.022 0.029 0.035 0.033 0.076 0.093 0.033 0.021 0.085 0.017 0.04 0.034 0.018 0.2 0.064
117 L 0.152 0.029 0.025 0.025 0.018 0.022 0.032 0.047 0.012 0.07 0.186 0.036 0.029 0.033 0.023 0.062 0.098 0.006 0.019 0.077
118 D 0.044 0.028 0.063 0.37 0.008 0.028 0.08 0.105 0.017 0.021 0.027 0.042 0.009 0.015 0.021 0.05 0.034 0.004 0.011 0.023
119 E 0.053 0.048 0.039 0.087 0.007 0.062 0.32 0.034 0.025 0.021 0.036 0.073 0.012 0.016 0.025 0.053 0.036 0.005 0.016 0.03
120 G 0.144 0.026 0.027 0.027 0.016 0.021 0.029 0.229 0.013 0.059 0.092 0.035 0.039 0.026 0.021 0.054 0.039 0.006 0.016 0.083
121 V 0.11 0.026 0.021 0.022 0.078 0.021 0.028 0.038 0.012 0.097 0.127 0.032 0.066 0.033 0.019 0.056 0.045 0.006 0.019 0.146
122 I 0.053 0.02 0.018 0.02 0.016 0.015 0.021 0.023 0.009 0.237 0.142 0.026 0.032 0.039 0.016 0.034 0.07 0.006 0.02 0.184
123 A 0.183 0.025 0.023 0.025 0.017 0.019 0.03 0.113 0.014 0.058 0.075 0.033 0.02 0.119 0.021 0.057 0.04 0.008 0.034 0.086
124 L 0.084 0.023 0.018 0.019 0.016 0.017 0.023 0.091 0.01 0.12 0.245 0.028 0.035 0.041 0.016 0.035 0.037 0.006 0.019 0.116
125 A 0.227 0.028 0.029 0.03 0.079 0.023 0.036 0.125 0.014 0.037 0.052 0.04 0.016 0.02 0.026 0.093 0.048 0.005 0.015 0.056
126 A 0.238 0.028 0.022 0.025 0.019 0.022 0.034 0.06 0.013 0.066 0.111 0.037 0.023 0.043 0.024 0.066 0.045 0.006 0.021 0.098
127 L 0.087 0.023 0.019 0.02 0.017 0.018 0.024 0.031 0.01 0.153 0.186 0.029 0.033 0.038 0.018 0.041 0.07 0.006 0.02 0.156
128 V 0.157 0.024 0.019 0.021 0.019 0.019 0.028 0.043 0.01 0.132 0.105 0.032 0.026 0.03 0.021 0.05 0.047 0.005 0.019 0.193
129 F 0.044 0.019 0.016 0.016 0.074 0.012 0.019 0.024 0.012 0.109 0.161 0.021 0.029 0.208 0.013 0.027 0.032 0.01 0.049 0.105
130 P 0.071 0.029 0.032 0.032 0.015 0.023 0.035 0.06 0.013 0.071 0.085 0.039 0.02 0.024 0.145 0.093 0.105 0.005 0.016 0.087
131 L 0.095 0.027 0.028 0.027 0.017 0.02 0.029 0.098 0.011 0.102 0.122 0.034 0.025 0.03 0.021 0.058 0.117 0.006 0.018 0.116
132 R 0.05 0.239 0.033 0.029 0.009 0.037 0.042 0.093 0.019 0.032 0.06 0.086 0.035 0.02 0.08 0.043 0.034 0.005 0.016 0.037
133 R 0.043 0.367 0.037 0.03 0.008 0.047 0.051 0.032 0.023 0.023 0.045 0.116 0.015 0.017 0.019 0.043 0.034 0.006 0.017 0.03
134 L 0.077 0.024 0.015 0.017 0.016 0.017 0.022 0.027 0.01 0.114 0.34 0.027 0.043 0.048 0.016 0.031 0.035 0.007 0.021 0.094
135 L 0.053 0.022 0.015 0.017 0.016 0.017 0.021 0.023 0.01 0.147 0.222 0.025 0.056 0.066 0.015 0.028 0.039 0.007 0.025 0.175
136 A 0.129 0.115 0.035 0.032 0.016 0.031 0.041 0.048 0.016 0.052 0.062 0.06 0.018 0.022 0.024 0.088 0.104 0.005 0.017 0.083
137 E 0.055 0.051 0.041 0.068 0.008 0.052 0.218 0.097 0.067 0.022 0.035 0.093 0.013 0.018 0.024 0.051 0.034 0.006 0.02 0.029
138 G 0.061 0.158 0.038 0.033 0.009 0.057 0.044 0.28 0.019 0.021 0.036 0.071 0.013 0.016 0.019 0.048 0.032 0.005 0.014 0.027
139 R 0.054 0.21 0.04 0.034 0.009 0.041 0.051 0.038 0.065 0.024 0.042 0.113 0.014 0.018 0.082 0.069 0.039 0.005 0.021 0.031
140 L 0.05 0.022 0.014 0.016 0.016 0.015 0.02 0.021 0.009 0.158 0.285 0.024 0.041 0.046 0.014 0.026 0.037 0.006 0.021 0.158
141 V 0.061 0.107 0.021 0.02 0.016 0.024 0.029 0.026 0.012 0.131 0.107 0.048 0.027 0.03 0.017 0.034 0.044 0.005 0.019 0.223
142 W 0.044 0.11 0.024 0.022 0.011 0.025 0.031 0.031 0.016 0.049 0.136 0.049 0.023 0.042 0.014 0.046 0.047 0.195 0.036 0.049
143 L 0.039 0.021 0.015 0.016 0.014 0.013 0.019 0.022 0.012 0.116 0.26 0.022 0.038 0.185 0.012 0.024 0.03 0.01 0.045 0.088
144 P 0.055 0.025 0.023 0.03 0.01 0.02 0.035 0.035 0.012 0.025 0.035 0.04 0.01 0.012 0.511 0.042 0.035 0.003 0.012 0.03
145 G 0.076 0.022 0.038 0.033 0.01 0.018 0.025 0.527 0.013 0.018 0.027 0.033 0.009 0.016 0.018 0.05 0.029 0.005 0.01 0.023
146 L 0.053 0.027 0.024 0.022 0.015 0.021 0.027 0.03 0.014 0.082 0.206 0.031 0.071 0.11 0.017 0.056 0.076 0.009 0.033 0.076
147 G 0.096 0.024 0.03 0.027 0.013 0.019 0.026 0.313 0.016 0.045 0.088 0.032 0.017 0.036 0.018 0.047 0.033 0.008 0.055 0.057
148 W 0.033 0.021 0.015 0.015 0.069 0.014 0.021 0.03 0.014 0.031 0.053 0.022 0.015 0.054 0.008 0.024 0.024 0.446 0.059 0.032
149 F 0.034 0.018 0.016 0.016 0.011 0.011 0.018 0.024 0.015 0.089 0.113 0.019 0.025 0.34 0.011 0.024 0.026 0.046 0.076 0.066
150 L 0.144 0.028 0.027 0.027 0.017 0.022 0.032 0.108 0.013 0.07 0.145 0.036 0.025 0.03 0.022 0.078 0.06 0.006 0.018 0.093
151 L 0.088 0.024 0.021 0.021 0.015 0.017 0.024 0.154 0.011 0.085 0.228 0.029 0.032 0.037 0.017 0.038 0.035 0.006 0.018 0.097
152 F 0.035 0.022 0.018 0.017 0.01 0.015 0.022 0.024 0.028 0.054 0.093 0.023 0.022 0.296 0.012 0.027 0.026 0.021 0.187 0.05
153 L 0.056 0.021 0.021 0.02 0.014 0.015 0.021 0.148 0.011 0.117 0.172 0.026 0.029 0.082 0.015 0.032 0.035 0.007 0.026 0.13
154 L 0.078 0.022 0.016 0.018 0.016 0.015 0.022 0.029 0.011 0.11 0.183 0.025 0.032 0.131 0.015 0.033 0.038 0.008 0.036 0.16
155 A 0.18 0.024 0.02 0.022 0.078 0.019 0.028 0.05 0.012 0.085 0.12 0.032 0.024 0.076 0.021 0.055 0.04 0.007 0.026 0.08
156 G 0.076 0.022 0.038 0.033 0.01 0.018 0.025 0.527 0.013 0.018 0.027 0.033 0.009 0.016 0.018 0.05 0.029 0.005 0.01 0.023
157 L 0.058 0.024 0.021 0.021 0.016 0.017 0.023 0.087 0.01 0.119 0.209 0.028 0.033 0.038 0.017 0.038 0.067 0.006 0.019 0.149
158 L 0.082 0.023 0.017 0.018 0.016 0.017 0.022 0.059 0.01 0.125 0.274 0.027 0.038 0.043 0.016 0.033 0.036 0.006 0.02 0.116
159 S 0.099 0.035 0.049 0.044 0.015 0.029 0.044 0.18 0.017 0.026 0.037 0.047 0.014 0.019 0.026 0.197 0.067 0.005 0.015 0.036
160 A 0.164 0.034 0.077 0.043 0.016 0.028 0.043 0.126 0.018 0.031 0.043 0.047 0.014 0.02 0.026 0.145 0.059 0.005 0.016 0.045
161 L 0.12 0.023 0.017 0.019 0.018 0.018 0.025 0.035 0.01 0.135 0.181 0.029 0.032 0.037 0.018 0.041 0.043 0.006 0.02 0.171
162 L 0.086 0.023 0.016 0.018 0.017 0.017 0.023 0.029 0.009 0.144 0.223 0.027 0.036 0.041 0.016 0.034 0.041 0.006 0.02 0.175
163 A 0.129 0.075 0.067 0.033 0.014 0.029 0.039 0.048 0.066 0.049 0.072 0.05 0.038 0.038 0.021 0.055 0.04 0.008 0.063 0.066
164 G 0.085 0.034 0.064 0.143 0.01 0.034 0.109 0.157 0.063 0.023 0.034 0.048 0.012 0.018 0.022 0.055 0.035 0.005 0.018 0.03
165 V 0.068 0.024 0.022 0.022 0.018 0.019 0.026 0.028 0.009 0.132 0.11 0.03 0.028 0.032 0.019 0.046 0.104 0.005 0.019 0.237
166 P 0.063 0.027 0.027 0.033 0.011 0.022 0.038 0.04 0.013 0.026 0.036 0.042 0.011 0.014 0.43 0.076 0.042 0.003 0.013 0.032
167 A 0.151 0.029 0.026 0.026 0.017 0.022 0.032 0.047 0.017 0.062 0.145 0.037 0.025 0.043 0.023 0.063 0.098 0.008 0.059 0.071
168 A 0.123 0.035 0.04 0.095 0.014 0.035 0.115 0.09 0.017 0.039 0.048 0.05 0.015 0.019 0.025 0.087 0.073 0.005 0.016 0.06
169 L 0.055 0.022 0.017 0.018 0.017 0.016 0.022 0.023 0.009 0.17 0.209 0.026 0.036 0.041 0.016 0.032 0.06 0.006 0.02 0.186
170 L 0.086 0.028 0.025 0.024 0.015 0.021 0.029 0.038 0.014 0.067 0.163 0.033 0.047 0.085 0.018 0.068 0.069 0.07 0.034 0.067
171 L 0.127 0.025 0.017 0.019 0.018 0.018 0.026 0.037 0.011 0.101 0.241 0.03 0.035 0.04 0.019 0.042 0.04 0.006 0.02 0.127
172 P 0.066 0.045 0.036 0.038 0.012 0.105 0.061 0.042 0.02 0.037 0.086 0.059 0.02 0.02 0.145 0.095 0.048 0.005 0.018 0.042
173 G 0.129 0.026 0.037 0.034 0.014 0.022 0.032 0.355 0.014 0.026 0.037 0.038 0.012 0.018 0.022 0.083 0.049 0.005 0.013 0.036
174 A 0.162 0.029 0.03 0.03 0.017 0.023 0.035 0.114 0.014 0.054 0.136 0.039 0.023 0.028 0.024 0.095 0.062 0.006 0.017 0.063
175 L 0.068 0.025 0.024 0.023 0.014 0.019 0.026 0.092 0.017 0.092 0.158 0.03 0.027 0.081 0.018 0.044 0.077 0.01 0.077 0.076
176 L 0.054 0.024 0.019 0.019 0.016 0.017 0.023 0.026 0.01 0.13 0.289 0.028 0.04 0.045 0.016 0.052 0.041 0.006 0.021 0.121
177 A 0.213 0.027 0.021 0.024 0.019 0.021 0.031 0.055 0.012 0.091 0.155 0.036 0.027 0.032 0.023 0.06 0.043 0.006 0.018 0.086
178 L 0.088 0.024 0.02 0.02 0.016 0.017 0.024 0.123 0.011 0.095 0.229 0.028 0.033 0.038 0.017 0.037 0.037 0.006 0.019 0.118
179 K 0.055 0.103 0.04 0.04 0.008 0.052 0.068 0.042 0.02 0.027 0.042 0.303 0.015 0.015 0.027 0.052 0.038 0.005 0.017 0.032
180 G 0.104 0.022 0.033 0.03 0.073 0.018 0.025 0.408 0.013 0.024 0.036 0.032 0.011 0.017 0.019 0.052 0.032 0.005 0.011 0.033
181 V 0.059 0.021 0.015 0.017 0.017 0.015 0.021 0.023 0.008 0.164 0.198 0.025 0.036 0.04 0.015 0.029 0.043 0.006 0.02 0.228
182 L 0.053 0.022 0.015 0.016 0.017 0.015 0.02 0.022 0.009 0.152 0.266 0.025 0.04 0.045 0.015 0.027 0.039 0.006 0.021 0.178
183 F 0.044 0.019 0.016 0.016 0.074 0.012 0.019 0.024 0.012 0.107 0.149 0.021 0.028 0.223 0.013 0.027 0.031 0.011 0.052 0.103
184 A 0.254 0.028 0.028 0.03 0.018 0.023 0.036 0.188 0.014 0.036 0.05 0.04 0.015 0.02 0.026 0.074 0.043 0.005 0.015 0.056
185 F 0.036 0.023 0.02 0.019 0.011 0.015 0.023 0.026 0.059 0.088 0.136 0.023 0.026 0.227 0.012 0.026 0.027 0.074 0.063 0.066
186 A 0.284 0.03 0.027 0.03 0.02 0.025 0.039 0.071 0.014 0.043 0.058 0.043 0.017 0.021 0.028 0.083 0.076 0.005 0.017 0.067
187 L 0.089 0.023 0.016 0.018 0.018 0.017 0.023 0.029 0.009 0.134 0.209 0.027 0.035 0.039 0.017 0.035 0.042 0.006 0.02 0.193
188 A 0.262 0.032 0.032 0.033 0.02 0.027 0.042 0.073 0.015 0.038 0.053 0.045 0.016 0.021 0.029 0.123 0.056 0.005 0.017 0.06
189 Q 0.054 0.071 0.043 0.046 0.009 0.241 0.099 0.04 0.028 0.026 0.046 0.088 0.02 0.014 0.023 0.054 0.04 0.006 0.02 0.034
190 L 0.048 0.022 0.014 0.015 0.016 0.015 0.02 0.021 0.009 0.143 0.317 0.024 0.043 0.048 0.014 0.025 0.036 0.006 0.021 0.14
191 D 0.042 0.093 0.053 0.179 0.008 0.048 0.067 0.039 0.146 0.022 0.035 0.058 0.013 0.02 0.04 0.046 0.032 0.005 0.028 0.025
192 W 0.029 0.022 0.015 0.015 0.007 0.015 0.022 0.029 0.015 0.029 0.051 0.022 0.015 0.059 0.007 0.022 0.022 0.51 0.066 0.029
193 T 0.108 0.033 0.041 0.037 0.017 0.026 0.039 0.111 0.014 0.042 0.054 0.044 0.017 0.021 0.026 0.113 0.177 0.005 0.016 0.057
194 P 0.068 0.113 0.039 0.128 0.01 0.03 0.053 0.041 0.017 0.025 0.037 0.061 0.012 0.015 0.205 0.06 0.038 0.004 0.014 0.031
195 R 0.078 0.119 0.041 0.085 0.012 0.039 0.106 0.043 0.019 0.036 0.085 0.068 0.018 0.022 0.023 0.097 0.046 0.005 0.017 0.042
196 D 0.041 0.031 0.063 0.376 0.007 0.033 0.117 0.044 0.019 0.022 0.028 0.047 0.009 0.015 0.022 0.051 0.034 0.004 0.011 0.024
197 L 0.045 0.021 0.014 0.016 0.015 0.014 0.019 0.021 0.01 0.157 0.268 0.023 0.04 0.092 0.014 0.025 0.035 0.008 0.029 0.132
198 R 0.102 0.12 0.035 0.032 0.013 0.058 0.049 0.043 0.063 0.055 0.062 0.065 0.019 0.023 0.022 0.074 0.045 0.006 0.023 0.092
199 R 0.057 0.196 0.032 0.027 0.012 0.033 0.038 0.093 0.017 0.061 0.078 0.073 0.02 0.023 0.019 0.051 0.048 0.006 0.017 0.1
200 L 0.053 0.025 0.019 0.02 0.016 0.019 0.024 0.027 0.011 0.124 0.286 0.029 0.059 0.046 0.016 0.053 0.04 0.007 0.021 0.104
201 V 0.156 0.025 0.019 0.021 0.019 0.019 0.028 0.043 0.011 0.115 0.136 0.032 0.028 0.032 0.02 0.049 0.046 0.005 0.019 0.178
202 R 0.049 0.235 0.039 0.035 0.008 0.049 0.059 0.037 0.021 0.025 0.043 0.209 0.015 0.016 0.023 0.047 0.036 0.005 0.017 0.031
203 A 0.171 0.028 0.027 0.028 0.017 0.023 0.034 0.113 0.017 0.058 0.089 0.037 0.02 0.038 0.023 0.081 0.046 0.008 0.057 0.086
204 G 0.07 0.022 0.035 0.031 0.01 0.017 0.024 0.464 0.013 0.024 0.038 0.031 0.011 0.065 0.017 0.046 0.028 0.007 0.02 0.027
205 V 0.059 0.023 0.023 0.023 0.015 0.017 0.026 0.03 0.012 0.133 0.111 0.029 0.027 0.126 0.017 0.062 0.072 0.008 0.036 0.148
206 V 0.091 0.025 0.023 0.023 0.018 0.019 0.027 0.064 0.01 0.11 0.133 0.031 0.028 0.032 0.019 0.049 0.091 0.006 0.019 0.181
207 V 0.141 0.023 0.018 0.021 0.018 0.018 0.026 0.04 0.01 0.148 0.146 0.03 0.029 0.034 0.019 0.046 0.044 0.006 0.019 0.162
208 I 0.119 0.024 0.021 0.022 0.017 0.02 0.026 0.099 0.012 0.137 0.136 0.032 0.057 0.035 0.019 0.044 0.04 0.006 0.019 0.116
209 L 0.092 0.027 0.023 0.023 0.018 0.02 0.028 0.034 0.011 0.103 0.172 0.032 0.037 0.035 0.02 0.051 0.1 0.006 0.019 0.15
210 V 0.087 0.022 0.018 0.019 0.016 0.016 0.024 0.031 0.011 0.133 0.115 0.026 0.027 0.127 0.016 0.038 0.05 0.008 0.036 0.18
211 L 0.053 0.023 0.015 0.017 0.017 0.017 0.021 0.023 0.01 0.148 0.243 0.026 0.064 0.044 0.015 0.028 0.039 0.006 0.021 0.169
212 A 0.15 0.023 0.019 0.021 0.018 0.018 0.027 0.042 0.012 0.137 0.107 0.03 0.026 0.078 0.02 0.048 0.043 0.007 0.027 0.148
213 V 0.127 0.025 0.024 0.024 0.017 0.019 0.028 0.102 0.011 0.098 0.101 0.032 0.024 0.044 0.02 0.053 0.072 0.006 0.02 0.151
214 T 0.076 0.031 0.038 0.033 0.138 0.024 0.035 0.044 0.013 0.045 0.058 0.04 0.017 0.022 0.024 0.11 0.173 0.005 0.016 0.059
215 G 0.116 0.024 0.035 0.032 0.043 0.02 0.028 0.392 0.013 0.024 0.035 0.035 0.011 0.017 0.02 0.067 0.036 0.005 0.012 0.034
216 L 0.107 0.024 0.017 0.018 0.018 0.018 0.025 0.033 0.01 0.112 0.241 0.029 0.036 0.04 0.018 0.038 0.04 0.006 0.02 0.15
217 V 0.091 0.022 0.016 0.018 0.018 0.017 0.023 0.029 0.009 0.152 0.178 0.027 0.033 0.038 0.017 0.035 0.043 0.006 0.02 0.208
218 N 0.041 0.043 0.34 0.08 0.009 0.033 0.048 0.063 0.03 0.022 0.03 0.052 0.011 0.017 0.02 0.067 0.048 0.004 0.015 0.026
219 L 0.046 0.023 0.014 0.015 0.016 0.016 0.02 0.021 0.01 0.117 0.363 0.025 0.046 0.051 0.014 0.025 0.034 0.007 0.021 0.118
220 A 0.231 0.027 0.022 0.025 0.02 0.022 0.033 0.058 0.012 0.087 0.082 0.037 0.022 0.026 0.024 0.065 0.048 0.005 0.018 0.137
221 F 0.13 0.022 0.018 0.021 0.015 0.016 0.025 0.04 0.013 0.115 0.118 0.028 0.026 0.173 0.018 0.044 0.036 0.01 0.044 0.089
222 P 0.055 0.025 0.023 0.03 0.01 0.02 0.035 0.035 0.012 0.025 0.035 0.04 0.01 0.012 0.511 0.042 0.035 0.003 0.012 0.03
223 G 0.12 0.033 0.036 0.04 0.012 0.053 0.074 0.31 0.017 0.024 0.037 0.047 0.012 0.017 0.022 0.057 0.035 0.005 0.014 0.035
224 P 0.075 0.026 0.026 0.028 0.013 0.02 0.032 0.037 0.014 0.042 0.063 0.036 0.016 0.115 0.224 0.053 0.093 0.007 0.032 0.048
225 W 0.029 0.022 0.015 0.015 0.007 0.015 0.022 0.029 0.015 0.029 0.051 0.022 0.015 0.059 0.007 0.022 0.022 0.51 0.066 0.029
226 A 0.156 0.079 0.035 0.034 0.016 0.055 0.048 0.053 0.017 0.041 0.056 0.058 0.018 0.02 0.026 0.077 0.129 0.006 0.017 0.059
227 G 0.105 0.037 0.052 0.04 0.012 0.069 0.048 0.263 0.018 0.025 0.037 0.05 0.014 0.017 0.022 0.092 0.044 0.005 0.015 0.034
228 L 0.051 0.024 0.019 0.019 0.016 0.017 0.023 0.025 0.01 0.127 0.259 0.028 0.038 0.058 0.016 0.037 0.08 0.007 0.023 0.122
229 V 0.061 0.024 0.022 0.022 0.017 0.018 0.026 0.028 0.011 0.114 0.142 0.029 0.029 0.081 0.018 0.044 0.099 0.007 0.028 0.182
230 G 0.135 0.03 0.035 0.033 0.016 0.025 0.035 0.172 0.014 0.044 0.066 0.041 0.037 0.023 0.024 0.09 0.102 0.006 0.016 0.056
231 G 0.07 0.033 0.076 0.042 0.011 0.05 0.041 0.289 0.018 0.022 0.033 0.045 0.012 0.016 0.082 0.076 0.04 0.005 0.013 0.028
232 S 0.08 0.068 0.1 0.048 0.014 0.031 0.045 0.055 0.02 0.065 0.057 0.054 0.017 0.023 0.024 0.159 0.063 0.005 0.017 0.056
233 P 0.075 0.025 0.03 0.069 0.011 0.021 0.039 0.136 0.013 0.025 0.035 0.039 0.01 0.014 0.328 0.048 0.035 0.003 0.012 0.031
234 P 0.092 0.036 0.072 0.04 0.013 0.051 0.045 0.107 0.017 0.033 0.045 0.048 0.014 0.017 0.145 0.065 0.097 0.005 0.015 0.043
235 L 0.048 0.021 0.016 0.018 0.015 0.015 0.021 0.023 0.01 0.149 0.206 0.025 0.034 0.086 0.076 0.028 0.036 0.007 0.028 0.137
236 S 0.076 0.04 0.048 0.095 0.013 0.059 0.09 0.11 0.019 0.028 0.04 0.055 0.014 0.018 0.025 0.129 0.081 0.005 0.016 0.038
237 Y 0.04 0.029 0.024 0.02 0.01 0.023 0.029 0.026 0.08 0.048 0.083 0.031 0.04 0.134 0.015 0.031 0.028 0.021 0.239 0.049
238 R 0.049 0.154 0.028 0.024 0.012 0.03 0.036 0.028 0.06 0.094 0.133 0.061 0.026 0.031 0.017 0.035 0.036 0.006 0.023 0.117
239 G 0.096 0.023 0.031 0.028 0.012 0.018 0.026 0.345 0.018 0.03 0.046 0.032 0.013 0.079 0.018 0.048 0.03 0.009 0.062 0.035
240 G 0.098 0.024 0.03 0.031 0.012 0.02 0.03 0.286 0.013 0.024 0.034 0.037 0.01 0.015 0.204 0.051 0.033 0.004 0.012 0.031
241 I 0.051 0.019 0.015 0.017 0.016 0.014 0.019 0.021 0.009 0.223 0.179 0.024 0.035 0.057 0.014 0.026 0.04 0.006 0.023 0.192
242 P 0.089 0.027 0.025 0.031 0.012 0.021 0.036 0.041 0.013 0.03 0.041 0.041 0.012 0.015 0.39 0.053 0.066 0.003 0.014 0.039
243 A 0.204 0.033 0.035 0.036 0.018 0.027 0.043 0.066 0.016 0.035 0.048 0.046 0.015 0.02 0.089 0.139 0.058 0.005 0.016 0.052
244 L 0.047 0.021 0.014 0.016 0.016 0.015 0.019 0.021 0.009 0.179 0.285 0.024 0.042 0.047 0.014 0.025 0.036 0.006 0.021 0.144
245 I 0.048 0.031 0.099 0.036 0.013 0.047 0.036 0.034 0.016 0.176 0.11 0.039 0.027 0.032 0.017 0.04 0.042 0.005 0.019 0.133
246 G 0.076 0.022 0.038 0.033 0.01 0.018 0.025 0.527 0.013 0.018 0.027 0.033 0.009 0.016 0.018 0.05 0.029 0.005 0.01 0.023
247 P 0.055 0.023 0.02 0.025 0.013 0.018 0.029 0.03 0.011 0.081 0.106 0.034 0.02 0.024 0.325 0.037 0.037 0.004 0.015 0.094
248 F 0.033 0.018 0.016 0.016 0.01 0.01 0.018 0.025 0.016 0.061 0.11 0.018 0.025 0.408 0.01 0.025 0.025 0.016 0.086 0.053
249 Q 0.058 0.089 0.032 0.033 0.012 0.132 0.064 0.033 0.02 0.075 0.076 0.068 0.023 0.022 0.02 0.044 0.042 0.006 0.02 0.131
250 H 0.044 0.045 0.044 0.041 0.009 0.063 0.087 0.035 0.243 0.034 0.083 0.051 0.019 0.029 0.019 0.042 0.03 0.007 0.042 0.033
251 P 0.055 0.025 0.023 0.03 0.01 0.02 0.035 0.035 0.012 0.025 0.035 0.04 0.01 0.012 0.511 0.042 0.035 0.003 0.012 0.03
252 G 0.225 0.027 0.03 0.03 0.017 0.022 0.034 0.245 0.014 0.033 0.046 0.039 0.014 0.019 0.025 0.07 0.041 0.005 0.014 0.05
253 A 0.216 0.029 0.025 0.027 0.018 0.023 0.035 0.058 0.017 0.075 0.072 0.039 0.02 0.037 0.025 0.069 0.072 0.008 0.058 0.077
254 F 0.036 0.022 0.018 0.017 0.01 0.015 0.022 0.024 0.026 0.06 0.13 0.024 0.025 0.258 0.012 0.027 0.026 0.019 0.173 0.055
255 G 0.113 0.027 0.04 0.036 0.013 0.023 0.033 0.355 0.015 0.024 0.034 0.039 0.012 0.017 0.022 0.103 0.044 0.005 0.013 0.033
256 R 0.05 0.24 0.036 0.03 0.011 0.038 0.043 0.033 0.018 0.064 0.064 0.086 0.019 0.022 0.02 0.052 0.094 0.006 0.017 0.057
257 F 0.048 0.024 0.02 0.02 0.014 0.018 0.023 0.027 0.014 0.11 0.133 0.027 0.067 0.177 0.015 0.036 0.064 0.01 0.045 0.109
258 A 0.147 0.028 0.027 0.027 0.099 0.022 0.032 0.049 0.012 0.065 0.107 0.036 0.022 0.027 0.023 0.086 0.077 0.005 0.017 0.093
259 G 0.163 0.026 0.031 0.03 0.016 0.021 0.032 0.234 0.013 0.049 0.055 0.037 0.016 0.021 0.023 0.065 0.069 0.005 0.015 0.079
260 L 0.053 0.021 0.015 0.016 0.017 0.015 0.02 0.022 0.009 0.175 0.236 0.024 0.038 0.043 0.015 0.027 0.04 0.006 0.021 0.188
261 L 0.046 0.022 0.017 0.017 0.014 0.015 0.02 0.084 0.011 0.117 0.285 0.024 0.039 0.091 0.014 0.027 0.032 0.008 0.028 0.089
262 A 0.223 0.029 0.029 0.03 0.018 0.023 0.036 0.124 0.015 0.04 0.058 0.04 0.017 0.068 0.025 0.091 0.047 0.007 0.025 0.056
263 V 0.097 0.025 0.021 0.022 0.018 0.019 0.027 0.035 0.011 0.116 0.174 0.031 0.031 0.036 0.019 0.063 0.048 0.006 0.02 0.183
264 A 0.229 0.029 0.031 0.032 0.018 0.024 0.037 0.187 0.015 0.034 0.048 0.042 0.015 0.019 0.026 0.095 0.047 0.005 0.015 0.052
265 A 0.208 0.028 0.025 0.027 0.019 0.022 0.033 0.077 0.013 0.085 0.095 0.038 0.022 0.026 0.024 0.068 0.073 0.005 0.018 0.094
266 L 0.049 0.023 0.014 0.015 0.016 0.016 0.02 0.021 0.009 0.123 0.329 0.025 0.044 0.048 0.014 0.026 0.036 0.006 0.021 0.143
267 A 0.196 0.029 0.028 0.029 0.019 0.024 0.036 0.057 0.013 0.071 0.073 0.04 0.02 0.024 0.025 0.091 0.08 0.005 0.018 0.12
268 Y 0.038 0.026 0.02 0.018 0.009 0.02 0.026 0.025 0.041 0.041 0.064 0.029 0.018 0.118 0.014 0.029 0.026 0.087 0.306 0.043
269 G 0.088 0.124 0.075 0.041 0.01 0.084 0.055 0.167 0.022 0.025 0.04 0.071 0.014 0.016 0.021 0.055 0.038 0.005 0.016 0.033
270 L 0.052 0.067 0.021 0.02 0.076 0.02 0.026 0.026 0.011 0.09 0.235 0.038 0.034 0.038 0.016 0.037 0.065 0.006 0.019 0.102
271 V 0.06 0.025 0.023 0.022 0.016 0.019 0.026 0.028 0.015 0.105 0.101 0.03 0.025 0.09 0.018 0.045 0.098 0.01 0.068 0.176
272 V 0.062 0.025 0.021 0.02 0.017 0.02 0.027 0.026 0.055 0.134 0.123 0.029 0.048 0.035 0.016 0.033 0.044 0.006 0.025 0.234
273 R 0.053 0.248 0.038 0.032 0.008 0.04 0.046 0.157 0.02 0.022 0.04 0.119 0.014 0.016 0.02 0.046 0.033 0.005 0.015 0.029
274 R 0.104 0.126 0.041 0.037 0.014 0.036 0.048 0.081 0.018 0.031 0.046 0.096 0.015 0.019 0.025 0.119 0.08 0.005 0.016 0.042
275 S 0.102 0.038 0.051 0.046 0.017 0.031 0.049 0.061 0.018 0.032 0.043 0.051 0.016 0.021 0.028 0.227 0.103 0.005 0.017 0.044
276 L 0.108 0.11 0.023 0.022 0.013 0.025 0.032 0.039 0.016 0.055 0.145 0.051 0.025 0.081 0.017 0.043 0.034 0.07 0.033 0.058
277 A 0.139 0.067 0.025 0.025 0.015 0.022 0.031 0.126 0.015 0.055 0.073 0.042 0.019 0.118 0.02 0.051 0.037 0.008 0.033 0.08
278 N 0.062 0.036 0.191 0.059 0.011 0.028 0.041 0.176 0.022 0.025 0.035 0.046 0.012 0.018 0.021 0.088 0.075 0.005 0.014 0.033
279 A 0.129 0.028 0.028 0.026 0.014 0.022 0.032 0.106 0.022 0.039 0.056 0.036 0.016 0.052 0.021 0.059 0.084 0.074 0.103 0.052
280 L 0.115 0.023 0.017 0.019 0.017 0.017 0.024 0.035 0.011 0.128 0.181 0.028 0.032 0.084 0.018 0.04 0.04 0.007 0.028 0.136
281 L 0.048 0.026 0.018 0.018 0.016 0.019 0.023 0.024 0.011 0.101 0.316 0.029 0.071 0.048 0.016 0.034 0.063 0.007 0.021 0.089
282 L 0.124 0.026 0.022 0.023 0.018 0.02 0.029 0.04 0.011 0.117 0.182 0.033 0.031 0.036 0.02 0.068 0.046 0.006 0.019 0.131
283 L 0.097 0.023 0.019 0.02 0.016 0.017 0.024 0.094 0.011 0.094 0.19 0.028 0.031 0.083 0.017 0.039 0.037 0.007 0.027 0.125
284 A 0.156 0.027 0.025 0.025 0.018 0.021 0.03 0.108 0.012 0.074 0.136 0.035 0.025 0.029 0.022 0.058 0.07 0.006 0.018 0.105
285 L 0.075 0.033 0.036 0.033 0.016 0.026 0.037 0.043 0.015 0.064 0.154 0.041 0.046 0.032 0.023 0.125 0.111 0.006 0.019 0.067
286 G 0.13 0.024 0.029 0.027 0.015 0.019 0.027 0.288 0.012 0.053 0.093 0.033 0.019 0.024 0.02 0.052 0.036 0.005 0.015 0.077
287 G 0.099 0.023 0.028 0.026 0.014 0.018 0.025 0.281 0.012 0.068 0.102 0.031 0.02 0.026 0.018 0.046 0.036 0.005 0.015 0.105
288 L 0.052 0.024 0.021 0.02 0.015 0.017 0.023 0.087 0.011 0.092 0.239 0.027 0.034 0.087 0.016 0.036 0.063 0.008 0.027 0.101
289 A 0.175 0.034 0.039 0.038 0.018 0.028 0.043 0.063 0.016 0.039 0.052 0.047 0.017 0.021 0.028 0.146 0.116 0.005 0.017 0.057
290 L 0.048 0.024 0.018 0.018 0.016 0.016 0.022 0.024 0.01 0.116 0.288 0.026 0.04 0.076 0.015 0.033 0.064 0.007 0.026 0.112
291 L 0.042 0.023 0.014 0.015 0.015 0.015 0.019 0.021 0.01 0.108 0.379 0.024 0.046 0.075 0.014 0.024 0.032 0.007 0.026 0.09
292 T 0.08 0.034 0.044 0.039 0.016 0.027 0.04 0.108 0.015 0.042 0.053 0.045 0.017 0.021 0.026 0.124 0.193 0.005 0.016 0.056
293 F 0.041 0.021 0.016 0.017 0.013 0.014 0.02 0.024 0.014 0.086 0.17 0.022 0.05 0.257 0.012 0.027 0.031 0.012 0.059 0.094
294 R 0.047 0.253 0.039 0.041 0.008 0.097 0.096 0.034 0.024 0.023 0.044 0.104 0.016 0.016 0.021 0.047 0.035 0.006 0.017 0.031
295 V 0.058 0.151 0.024 0.022 0.014 0.028 0.033 0.027 0.013 0.108 0.096 0.059 0.025 0.028 0.017 0.036 0.042 0.005 0.019 0.195
296 K 0.054 0.136 0.04 0.039 0.008 0.051 0.066 0.04 0.02 0.026 0.042 0.279 0.015 0.015 0.026 0.051 0.038 0.005 0.017 0.031
297 S 0.115 0.033 0.038 0.036 0.017 0.026 0.04 0.052 0.015 0.06 0.101 0.043 0.022 0.026 0.025 0.152 0.09 0.005 0.018 0.085
298 I 0.04 0.019 0.015 0.016 0.013 0.013 0.019 0.023 0.011 0.177 0.157 0.022 0.031 0.094 0.012 0.024 0.032 0.133 0.04 0.111
299 V 0.126 0.024 0.018 0.02 0.019 0.018 0.026 0.036 0.01 0.124 0.143 0.03 0.029 0.033 0.019 0.043 0.046 0.005 0.019 0.212
300 G 0.109 0.025 0.038 0.034 0.013 0.021 0.03 0.412 0.014 0.023 0.033 0.036 0.011 0.017 0.021 0.078 0.037 0.005 0.012 0.031
301 L 0.078 0.025 0.016 0.017 0.016 0.018 0.023 0.028 0.011 0.101 0.328 0.028 0.062 0.048 0.016 0.032 0.035 0.007 0.021 0.089
302 L 0.081 0.024 0.016 0.017 0.017 0.017 0.023 0.028 0.01 0.119 0.293 0.027 0.05 0.046 0.016 0.033 0.037 0.006 0.021 0.119
303 L 0.12 0.025 0.023 0.024 0.016 0.02 0.026 0.162 0.012 0.092 0.164 0.032 0.047 0.034 0.019 0.046 0.037 0.006 0.018 0.078
304 A 0.167 0.03 0.033 0.032 0.018 0.024 0.036 0.116 0.014 0.054 0.061 0.041 0.018 0.022 0.025 0.094 0.106 0.005 0.017 0.087
305 L 0.085 0.027 0.024 0.023 0.015 0.019 0.028 0.037 0.013 0.068 0.189 0.032 0.029 0.086 0.018 0.067 0.068 0.07 0.033 0.067
306 G 0.17 0.027 0.03 0.029 0.016 0.022 0.032 0.215 0.013 0.044 0.09 0.037 0.018 0.023 0.023 0.065 0.068 0.005 0.015 0.056
307 G 0.079 0.022 0.025 0.024 0.013 0.018 0.024 0.217 0.016 0.088 0.072 0.029 0.019 0.042 0.016 0.04 0.033 0.071 0.062 0.089
308 L 0.049 0.023 0.014 0.015 0.016 0.016 0.02 0.021 0.009 0.123 0.329 0.025 0.044 0.048 0.014 0.026 0.036 0.006 0.021 0.143
309 G 0.068 0.026 0.03 0.027 0.015 0.02 0.029 0.156 0.016 0.074 0.109 0.033 0.022 0.04 0.019 0.069 0.07 0.008 0.057 0.11
310 L 0.103 0.026 0.025 0.025 0.016 0.02 0.028 0.099 0.012 0.1 0.195 0.033 0.03 0.036 0.019 0.068 0.052 0.006 0.018 0.09
311 R 0.043 0.367 0.037 0.03 0.008 0.047 0.051 0.032 0.023 0.023 0.045 0.116 0.015 0.017 0.019 0.043 0.034 0.006 0.017 0.03
312 T 0.073 0.036 0.044 0.038 0.018 0.028 0.039 0.044 0.014 0.053 0.065 0.046 0.02 0.024 0.028 0.093 0.245 0.006 0.018 0.071
313 A 0.153 0.028 0.025 0.025 0.016 0.022 0.033 0.048 0.022 0.057 0.073 0.036 0.02 0.097 0.021 0.076 0.044 0.012 0.107 0.085
314 G 0.063 0.027 0.07 0.035 0.012 0.02 0.028 0.282 0.014 0.046 0.124 0.034 0.02 0.026 0.018 0.05 0.062 0.006 0.015 0.047
315 R 0.047 0.284 0.075 0.037 0.008 0.041 0.047 0.098 0.022 0.022 0.041 0.098 0.014 0.017 0.019 0.047 0.035 0.005 0.016 0.029
316 P 0.128 0.027 0.026 0.03 0.015 0.022 0.036 0.047 0.013 0.046 0.053 0.04 0.015 0.018 0.268 0.076 0.045 0.004 0.015 0.073
317 L 0.067 0.033 0.025 0.024 0.014 0.022 0.03 0.093 0.012 0.101 0.121 0.063 0.025 0.034 0.018 0.043 0.066 0.069 0.024 0.116
318 G 0.096 0.022 0.025 0.024 0.015 0.017 0.024 0.218 0.011 0.103 0.119 0.03 0.024 0.029 0.018 0.043 0.038 0.006 0.016 0.123
319 V 0.087 0.022 0.017 0.018 0.017 0.016 0.023 0.029 0.01 0.149 0.155 0.026 0.031 0.083 0.016 0.035 0.041 0.007 0.028 0.19
320 A 0.166 0.068 0.022 0.024 0.017 0.023 0.033 0.047 0.013 0.093 0.119 0.045 0.024 0.028 0.052 0.054 0.042 0.005 0.018 0.104
