#Seq2Logo.py -f /work3/idamei/ssn-clusterings/clustering/2205111339/clusters/0035_97/sequences.afa -o /work3/idamei/ssn-clusterings/clustering/2205111339/clusters/0035_97/sequences.logo
#Position Specific Frequency Matrix
A R N D C Q E G H I L K M F P S T W Y V
0 M 0.047 0.029 0.018 0.018 0.014 0.025 0.025 0.025 0.014 0.09 0.177 0.032 0.247 0.043 0.014 0.032 0.036 0.007 0.022 0.083
1 L 0.066 0.065 0.041 0.03 0.013 0.029 0.053 0.055 0.016 0.102 0.145 0.054 0.024 0.05 0.022 0.076 0.04 0.007 0.035 0.08
2 L 0.073 0.032 0.063 0.045 0.039 0.025 0.057 0.038 0.014 0.094 0.134 0.052 0.023 0.028 0.02 0.092 0.068 0.005 0.017 0.081
3 Y 0.041 0.028 0.022 0.019 0.009 0.022 0.028 0.025 0.047 0.044 0.069 0.031 0.019 0.131 0.016 0.031 0.028 0.028 0.315 0.047
4 N 0.043 0.045 0.314 0.083 0.009 0.034 0.05 0.065 0.032 0.023 0.032 0.054 0.011 0.018 0.02 0.07 0.05 0.005 0.016 0.027
5 R 0.045 0.343 0.039 0.031 0.008 0.049 0.052 0.033 0.023 0.023 0.047 0.121 0.016 0.017 0.019 0.045 0.035 0.006 0.017 0.031
6 K 0.057 0.108 0.042 0.042 0.009 0.054 0.071 0.043 0.021 0.028 0.043 0.275 0.016 0.016 0.028 0.054 0.04 0.005 0.017 0.033
7 L 0.045 0.024 0.014 0.015 0.016 0.016 0.02 0.021 0.01 0.116 0.373 0.025 0.05 0.055 0.014 0.024 0.034 0.007 0.022 0.097
8 L 0.052 0.032 0.02 0.02 0.016 0.028 0.028 0.028 0.016 0.101 0.198 0.036 0.157 0.048 0.016 0.036 0.04 0.008 0.024 0.093
9 L 0.045 0.024 0.014 0.015 0.016 0.016 0.02 0.021 0.01 0.116 0.373 0.025 0.05 0.055 0.014 0.024 0.034 0.007 0.022 0.097
10 E 0.055 0.05 0.041 0.091 0.007 0.065 0.294 0.035 0.026 0.022 0.037 0.076 0.013 0.017 0.026 0.055 0.037 0.006 0.017 0.031
11 I 0.047 0.018 0.015 0.018 0.016 0.013 0.018 0.021 0.009 0.268 0.169 0.024 0.037 0.044 0.015 0.025 0.04 0.006 0.021 0.177
12 S 0.11 0.04 0.054 0.049 0.018 0.033 0.053 0.067 0.019 0.03 0.042 0.054 0.016 0.021 0.03 0.217 0.082 0.005 0.018 0.042
13 I 0.047 0.018 0.015 0.018 0.016 0.013 0.018 0.021 0.009 0.268 0.169 0.024 0.037 0.044 0.015 0.025 0.04 0.006 0.021 0.177
14 L 0.045 0.024 0.014 0.015 0.016 0.016 0.02 0.021 0.01 0.116 0.373 0.025 0.05 0.055 0.014 0.024 0.034 0.007 0.022 0.097
15 K 0.058 0.087 0.061 0.031 0.037 0.032 0.041 0.035 0.038 0.059 0.106 0.136 0.03 0.029 0.046 0.042 0.035 0.006 0.037 0.056
16 L 0.057 0.045 0.088 0.043 0.012 0.032 0.067 0.041 0.018 0.047 0.115 0.091 0.036 0.025 0.064 0.082 0.065 0.005 0.017 0.049
17 L 0.062 0.038 0.023 0.025 0.013 0.046 0.037 0.031 0.014 0.07 0.21 0.066 0.031 0.076 0.073 0.039 0.047 0.007 0.026 0.065
18 G 0.066 0.031 0.072 0.037 0.013 0.025 0.035 0.103 0.024 0.066 0.062 0.04 0.018 0.049 0.021 0.098 0.075 0.011 0.097 0.058
19 G 0.07 0.082 0.042 0.075 0.011 0.037 0.104 0.113 0.019 0.024 0.037 0.061 0.013 0.017 0.093 0.104 0.047 0.005 0.015 0.032
20 L 0.046 0.126 0.029 0.025 0.08 0.043 0.039 0.029 0.069 0.053 0.147 0.058 0.025 0.037 0.017 0.037 0.033 0.008 0.046 0.052
21 L 0.101 0.027 0.026 0.027 0.015 0.02 0.031 0.082 0.014 0.056 0.141 0.035 0.024 0.091 0.101 0.075 0.042 0.007 0.029 0.058
22 R 0.114 0.142 0.041 0.036 0.014 0.034 0.045 0.132 0.018 0.027 0.043 0.07 0.015 0.019 0.024 0.116 0.051 0.005 0.016 0.039
23 T 0.071 0.039 0.048 0.101 0.014 0.03 0.051 0.087 0.016 0.038 0.049 0.066 0.016 0.02 0.026 0.102 0.157 0.005 0.016 0.05
24 G 0.068 0.027 0.032 0.029 0.015 0.02 0.028 0.195 0.012 0.069 0.117 0.034 0.023 0.028 0.02 0.056 0.111 0.006 0.016 0.094
25 D 0.101 0.043 0.09 0.107 0.012 0.047 0.058 0.055 0.02 0.028 0.039 0.071 0.013 0.017 0.105 0.089 0.048 0.004 0.015 0.037
26 S 0.11 0.04 0.054 0.049 0.018 0.033 0.053 0.066 0.019 0.03 0.042 0.054 0.016 0.021 0.03 0.218 0.082 0.005 0.018 0.042
27 N 0.095 0.039 0.151 0.12 0.011 0.032 0.055 0.058 0.086 0.026 0.037 0.048 0.013 0.02 0.023 0.078 0.045 0.005 0.023 0.034
28 P 0.056 0.109 0.033 0.034 0.009 0.072 0.053 0.09 0.019 0.024 0.04 0.068 0.013 0.014 0.234 0.047 0.036 0.004 0.015 0.031
29 L 0.077 0.032 0.034 0.032 0.017 0.025 0.036 0.044 0.015 0.072 0.209 0.04 0.033 0.038 0.022 0.122 0.058 0.006 0.02 0.069
30 G 0.059 0.025 0.03 0.026 0.01 0.02 0.027 0.268 0.03 0.031 0.048 0.032 0.014 0.073 0.017 0.041 0.029 0.017 0.165 0.035
31 F 0.034 0.019 0.017 0.017 0.011 0.011 0.019 0.026 0.017 0.064 0.115 0.019 0.026 0.384 0.011 0.026 0.026 0.017 0.089 0.055
32 P 0.056 0.038 0.032 0.061 0.009 0.043 0.167 0.036 0.019 0.024 0.036 0.058 0.012 0.015 0.26 0.05 0.036 0.004 0.015 0.031
33 A 0.138 0.048 0.056 0.05 0.013 0.039 0.113 0.052 0.019 0.03 0.044 0.093 0.014 0.017 0.106 0.063 0.042 0.005 0.016 0.043
34 E 0.053 0.035 0.038 0.112 0.011 0.036 0.135 0.035 0.017 0.043 0.098 0.05 0.019 0.023 0.103 0.053 0.073 0.005 0.016 0.046
35 G 0.185 0.027 0.036 0.094 0.015 0.024 0.043 0.22 0.015 0.031 0.043 0.04 0.013 0.018 0.024 0.067 0.04 0.005 0.014 0.045
36 L 0.063 0.024 0.023 0.024 0.016 0.019 0.028 0.031 0.011 0.14 0.151 0.032 0.029 0.034 0.099 0.065 0.046 0.005 0.019 0.142
37 A 0.29 0.031 0.026 0.03 0.022 0.026 0.04 0.078 0.015 0.043 0.059 0.045 0.018 0.022 0.03 0.085 0.05 0.005 0.018 0.069
38 L 0.045 0.024 0.014 0.015 0.016 0.016 0.02 0.021 0.01 0.115 0.375 0.025 0.05 0.055 0.014 0.024 0.033 0.007 0.022 0.096
39 D 0.041 0.03 0.069 0.397 0.008 0.03 0.091 0.047 0.019 0.022 0.028 0.045 0.009 0.015 0.022 0.052 0.035 0.004 0.011 0.024
40 R 0.058 0.147 0.093 0.044 0.011 0.037 0.049 0.045 0.08 0.029 0.044 0.072 0.015 0.021 0.022 0.087 0.081 0.006 0.023 0.037
41 R 0.048 0.148 0.028 0.027 0.011 0.033 0.041 0.03 0.016 0.083 0.12 0.103 0.023 0.026 0.1 0.038 0.036 0.005 0.018 0.065
42 V 0.101 0.024 0.025 0.025 0.016 0.019 0.028 0.108 0.012 0.109 0.093 0.032 0.023 0.082 0.019 0.07 0.045 0.007 0.027 0.134
43 P 0.071 0.029 0.032 0.032 0.014 0.023 0.036 0.041 0.014 0.054 0.065 0.039 0.018 0.075 0.161 0.102 0.081 0.006 0.026 0.079
44 A 0.129 0.066 0.035 0.034 0.015 0.032 0.043 0.111 0.016 0.041 0.065 0.095 0.037 0.022 0.025 0.085 0.074 0.006 0.017 0.052
45 L 0.076 0.109 0.024 0.023 0.014 0.028 0.034 0.032 0.015 0.114 0.166 0.079 0.047 0.034 0.018 0.039 0.037 0.006 0.019 0.086
46 R 0.061 0.126 0.109 0.047 0.009 0.056 0.074 0.043 0.077 0.023 0.038 0.106 0.013 0.018 0.058 0.051 0.036 0.005 0.021 0.029
47 R 0.074 0.102 0.076 0.073 0.011 0.039 0.049 0.07 0.018 0.031 0.059 0.098 0.015 0.019 0.022 0.101 0.084 0.005 0.015 0.039
48 L 0.041 0.02 0.013 0.015 0.014 0.014 0.018 0.02 0.01 0.138 0.297 0.022 0.037 0.098 0.012 0.023 0.031 0.033 0.03 0.113
49 G 0.088 0.021 0.023 0.022 0.012 0.015 0.023 0.185 0.013 0.05 0.128 0.027 0.021 0.178 0.015 0.05 0.031 0.009 0.038 0.049
50 G 0.078 0.023 0.039 0.034 0.011 0.019 0.026 0.509 0.014 0.019 0.028 0.034 0.009 0.016 0.019 0.051 0.03 0.005 0.011 0.024
51 W 0.03 0.023 0.015 0.015 0.008 0.015 0.023 0.03 0.015 0.03 0.053 0.023 0.015 0.061 0.008 0.023 0.023 0.491 0.068 0.03
52 L 0.072 0.06 0.047 0.036 0.012 0.048 0.071 0.062 0.017 0.068 0.099 0.075 0.02 0.028 0.02 0.077 0.055 0.006 0.034 0.091
53 L 0.062 0.055 0.024 0.022 0.012 0.024 0.029 0.058 0.02 0.067 0.164 0.05 0.024 0.067 0.016 0.058 0.047 0.035 0.106 0.058
54 P 0.086 0.025 0.039 0.027 0.037 0.019 0.03 0.037 0.013 0.054 0.116 0.033 0.02 0.057 0.188 0.075 0.04 0.005 0.02 0.076
55 G 0.082 0.021 0.026 0.024 0.037 0.016 0.024 0.179 0.012 0.098 0.077 0.028 0.019 0.102 0.017 0.065 0.049 0.007 0.027 0.088
56 G 0.103 0.027 0.024 0.024 0.036 0.042 0.031 0.147 0.017 0.061 0.139 0.034 0.022 0.057 0.018 0.052 0.034 0.008 0.067 0.056
57 L 0.055 0.021 0.015 0.016 0.014 0.015 0.02 0.023 0.01 0.157 0.278 0.024 0.057 0.079 0.014 0.028 0.042 0.007 0.025 0.1
58 L 0.039 0.021 0.014 0.014 0.013 0.014 0.019 0.02 0.013 0.103 0.347 0.022 0.039 0.107 0.013 0.023 0.029 0.009 0.06 0.081
59 L 0.038 0.019 0.014 0.015 0.013 0.013 0.018 0.021 0.012 0.118 0.242 0.021 0.043 0.204 0.012 0.023 0.029 0.01 0.044 0.093
60 F 0.04 0.019 0.016 0.016 0.035 0.012 0.018 0.035 0.013 0.085 0.16 0.02 0.027 0.271 0.012 0.031 0.029 0.011 0.053 0.097
61 L 0.05 0.024 0.019 0.019 0.014 0.018 0.022 0.072 0.011 0.096 0.268 0.027 0.071 0.072 0.015 0.051 0.035 0.007 0.024 0.088
62 L 0.088 0.029 0.026 0.025 0.015 0.024 0.031 0.037 0.014 0.095 0.138 0.035 0.129 0.035 0.019 0.102 0.047 0.006 0.019 0.088
63 L 0.042 0.021 0.013 0.015 0.015 0.015 0.018 0.019 0.009 0.157 0.346 0.023 0.054 0.046 0.013 0.023 0.032 0.006 0.02 0.113
64 F 0.063 0.021 0.034 0.02 0.013 0.015 0.022 0.028 0.012 0.096 0.117 0.025 0.034 0.195 0.014 0.035 0.059 0.009 0.042 0.144
65 L 0.087 0.02 0.015 0.017 0.015 0.014 0.021 0.028 0.011 0.107 0.19 0.024 0.03 0.144 0.014 0.032 0.035 0.008 0.034 0.155
66 P 0.051 0.023 0.021 0.028 0.009 0.019 0.032 0.032 0.012 0.023 0.032 0.037 0.009 0.012 0.545 0.039 0.032 0.002 0.012 0.028
67 T 0.089 0.028 0.031 0.028 0.016 0.022 0.031 0.06 0.013 0.076 0.071 0.036 0.02 0.028 0.022 0.067 0.212 0.006 0.032 0.114
68 S 0.113 0.033 0.05 0.034 0.016 0.025 0.038 0.047 0.014 0.067 0.063 0.053 0.018 0.022 0.023 0.143 0.115 0.005 0.016 0.104
69 F 0.064 0.023 0.018 0.017 0.011 0.016 0.023 0.027 0.041 0.067 0.139 0.025 0.024 0.174 0.014 0.03 0.027 0.038 0.166 0.057
70 Q 0.055 0.053 0.066 0.039 0.011 0.155 0.064 0.038 0.021 0.054 0.065 0.086 0.024 0.019 0.021 0.072 0.066 0.005 0.017 0.069
71 P 0.072 0.03 0.03 0.033 0.012 0.036 0.063 0.106 0.016 0.052 0.083 0.04 0.046 0.045 0.111 0.096 0.041 0.006 0.034 0.048
72 L 0.073 0.026 0.019 0.022 0.013 0.051 0.031 0.028 0.012 0.156 0.158 0.033 0.028 0.068 0.062 0.035 0.047 0.006 0.023 0.108
73 K 0.05 0.137 0.037 0.036 0.008 0.047 0.061 0.038 0.019 0.024 0.039 0.32 0.014 0.014 0.024 0.047 0.035 0.005 0.016 0.029
74 G 0.133 0.023 0.022 0.022 0.015 0.018 0.025 0.152 0.011 0.096 0.143 0.03 0.042 0.048 0.018 0.045 0.047 0.006 0.019 0.084
75 V 0.093 0.02 0.017 0.019 0.015 0.015 0.023 0.064 0.01 0.128 0.112 0.026 0.024 0.084 0.062 0.035 0.038 0.006 0.025 0.183
76 L 0.054 0.02 0.014 0.015 0.014 0.014 0.018 0.022 0.01 0.137 0.3 0.022 0.037 0.115 0.013 0.025 0.031 0.008 0.03 0.103
77 L 0.068 0.022 0.014 0.015 0.015 0.015 0.019 0.023 0.009 0.13 0.368 0.024 0.041 0.045 0.014 0.027 0.032 0.006 0.019 0.094
78 L 0.117 0.022 0.02 0.021 0.015 0.017 0.024 0.092 0.011 0.125 0.18 0.028 0.037 0.07 0.017 0.051 0.036 0.006 0.023 0.089
79 L 0.074 0.022 0.015 0.016 0.027 0.015 0.021 0.025 0.009 0.13 0.291 0.025 0.036 0.041 0.015 0.031 0.047 0.006 0.019 0.136
80 L 0.118 0.022 0.017 0.019 0.016 0.017 0.024 0.032 0.01 0.145 0.177 0.028 0.038 0.034 0.04 0.039 0.051 0.005 0.018 0.149
81 L 0.078 0.022 0.018 0.019 0.038 0.016 0.023 0.029 0.01 0.143 0.247 0.027 0.033 0.038 0.016 0.055 0.05 0.006 0.018 0.116
82 L 0.09 0.022 0.019 0.02 0.014 0.016 0.023 0.076 0.011 0.101 0.211 0.027 0.029 0.094 0.016 0.047 0.047 0.007 0.026 0.103
83 V 0.074 0.023 0.024 0.026 0.034 0.019 0.041 0.08 0.012 0.109 0.117 0.03 0.023 0.086 0.017 0.083 0.042 0.006 0.025 0.129
84 I 0.12 0.023 0.021 0.021 0.039 0.018 0.025 0.035 0.012 0.147 0.139 0.03 0.026 0.035 0.018 0.056 0.077 0.006 0.033 0.121
85 L 0.052 0.021 0.018 0.018 0.037 0.016 0.021 0.047 0.01 0.146 0.217 0.025 0.041 0.055 0.015 0.046 0.049 0.006 0.021 0.138
86 L 0.054 0.024 0.034 0.021 0.014 0.017 0.023 0.026 0.011 0.177 0.182 0.04 0.035 0.072 0.015 0.042 0.049 0.006 0.024 0.133
87 L 0.071 0.059 0.03 0.045 0.012 0.022 0.033 0.105 0.016 0.048 0.119 0.039 0.02 0.071 0.018 0.094 0.052 0.031 0.055 0.059
88 I 0.047 0.018 0.015 0.018 0.016 0.013 0.018 0.021 0.009 0.268 0.169 0.024 0.037 0.044 0.015 0.025 0.04 0.006 0.021 0.177
89 L 0.094 0.047 0.04 0.026 0.037 0.021 0.03 0.056 0.013 0.099 0.129 0.049 0.037 0.065 0.018 0.074 0.053 0.006 0.022 0.083
90 F 0.062 0.022 0.017 0.017 0.031 0.016 0.022 0.027 0.016 0.08 0.176 0.025 0.053 0.195 0.014 0.031 0.032 0.012 0.069 0.084
91 R 0.045 0.343 0.039 0.031 0.008 0.049 0.052 0.033 0.023 0.023 0.047 0.121 0.016 0.017 0.019 0.045 0.035 0.006 0.017 0.031
92 D 0.041 0.03 0.069 0.395 0.008 0.03 0.092 0.047 0.019 0.022 0.028 0.045 0.009 0.015 0.022 0.052 0.036 0.004 0.011 0.024
93 D 0.041 0.03 0.069 0.395 0.008 0.03 0.092 0.047 0.019 0.022 0.028 0.045 0.009 0.015 0.022 0.052 0.036 0.004 0.011 0.024
94 L 0.045 0.024 0.014 0.015 0.016 0.016 0.02 0.021 0.01 0.116 0.373 0.025 0.05 0.055 0.014 0.024 0.034 0.007 0.022 0.097
95 L 0.045 0.024 0.014 0.015 0.016 0.016 0.02 0.021 0.01 0.116 0.373 0.025 0.05 0.055 0.014 0.024 0.034 0.007 0.022 0.097
96 F 0.034 0.019 0.017 0.017 0.011 0.011 0.019 0.025 0.017 0.064 0.115 0.019 0.025 0.385 0.011 0.025 0.025 0.017 0.089 0.055
97 G 0.079 0.023 0.039 0.034 0.011 0.019 0.026 0.508 0.014 0.019 0.028 0.034 0.009 0.016 0.019 0.051 0.03 0.005 0.011 0.024
98 N 0.043 0.045 0.314 0.083 0.009 0.034 0.05 0.065 0.032 0.023 0.032 0.054 0.011 0.018 0.02 0.07 0.05 0.005 0.016 0.027
99 L 0.045 0.024 0.014 0.015 0.016 0.016 0.02 0.021 0.01 0.116 0.373 0.025 0.05 0.055 0.014 0.024 0.034 0.007 0.022 0.097
100 L 0.067 0.061 0.047 0.031 0.013 0.028 0.054 0.033 0.019 0.092 0.133 0.077 0.03 0.043 0.019 0.043 0.053 0.008 0.063 0.086
101 K 0.057 0.107 0.042 0.042 0.009 0.054 0.071 0.043 0.021 0.028 0.043 0.278 0.016 0.016 0.028 0.054 0.04 0.005 0.017 0.033
102 K 0.057 0.107 0.042 0.042 0.009 0.054 0.071 0.043 0.021 0.028 0.043 0.278 0.016 0.016 0.028 0.054 0.04 0.005 0.017 0.033
103 R 0.045 0.177 0.033 0.047 0.01 0.045 0.044 0.055 0.035 0.051 0.103 0.104 0.019 0.042 0.018 0.042 0.058 0.006 0.021 0.046
104 G 0.07 0.082 0.08 0.038 0.01 0.032 0.043 0.156 0.017 0.03 0.043 0.139 0.013 0.035 0.043 0.071 0.038 0.005 0.017 0.038
105 K 0.075 0.095 0.037 0.031 0.01 0.043 0.056 0.079 0.034 0.045 0.096 0.132 0.018 0.025 0.042 0.043 0.034 0.006 0.033 0.065
106 L 0.068 0.02 0.016 0.017 0.013 0.014 0.02 0.048 0.012 0.123 0.18 0.023 0.028 0.112 0.013 0.03 0.037 0.076 0.049 0.101
107 R 0.091 0.103 0.032 0.049 0.011 0.029 0.054 0.061 0.051 0.034 0.076 0.07 0.016 0.042 0.086 0.076 0.037 0.006 0.036 0.041
108 L 0.043 0.02 0.014 0.015 0.014 0.014 0.018 0.02 0.011 0.176 0.257 0.022 0.035 0.066 0.013 0.024 0.033 0.008 0.053 0.144
109 N 0.081 0.056 0.131 0.115 0.01 0.031 0.051 0.07 0.104 0.023 0.034 0.072 0.012 0.018 0.02 0.078 0.039 0.005 0.021 0.029
110 R 0.06 0.208 0.032 0.03 0.009 0.037 0.047 0.034 0.017 0.041 0.061 0.158 0.015 0.017 0.086 0.05 0.039 0.005 0.015 0.038
111 E 0.051 0.055 0.066 0.081 0.01 0.056 0.115 0.036 0.036 0.035 0.059 0.064 0.015 0.022 0.065 0.062 0.084 0.006 0.032 0.05
112 V 0.069 0.022 0.02 0.02 0.016 0.017 0.023 0.049 0.009 0.144 0.162 0.027 0.038 0.033 0.016 0.048 0.076 0.005 0.018 0.187
113 L 0.054 0.021 0.015 0.018 0.013 0.015 0.034 0.023 0.011 0.102 0.275 0.024 0.039 0.145 0.013 0.026 0.03 0.008 0.034 0.099
114 L 0.058 0.039 0.033 0.02 0.017 0.017 0.023 0.027 0.013 0.123 0.201 0.029 0.039 0.092 0.015 0.042 0.046 0.019 0.042 0.103
115 L 0.076 0.021 0.016 0.017 0.013 0.015 0.021 0.028 0.011 0.112 0.177 0.024 0.027 0.093 0.013 0.031 0.044 0.119 0.035 0.108
116 I 0.092 0.023 0.023 0.022 0.014 0.017 0.025 0.078 0.012 0.106 0.096 0.029 0.021 0.084 0.017 0.063 0.073 0.074 0.03 0.103
117 L 0.042 0.02 0.015 0.015 0.046 0.014 0.018 0.032 0.01 0.112 0.294 0.022 0.035 0.111 0.013 0.026 0.042 0.007 0.029 0.095
118 F 0.087 0.022 0.021 0.021 0.013 0.016 0.024 0.055 0.013 0.093 0.141 0.027 0.025 0.189 0.016 0.068 0.048 0.009 0.04 0.072
119 F 0.044 0.024 0.036 0.022 0.011 0.018 0.025 0.027 0.022 0.071 0.111 0.028 0.031 0.145 0.015 0.046 0.068 0.036 0.141 0.08
120 S 0.078 0.029 0.045 0.031 0.036 0.033 0.035 0.04 0.014 0.109 0.091 0.038 0.03 0.026 0.042 0.121 0.096 0.005 0.016 0.084
121 L 0.105 0.022 0.021 0.021 0.123 0.017 0.024 0.057 0.011 0.066 0.145 0.028 0.023 0.073 0.017 0.063 0.061 0.006 0.022 0.094
122 V 0.05 0.021 0.018 0.018 0.035 0.015 0.021 0.024 0.012 0.131 0.157 0.024 0.028 0.108 0.015 0.041 0.059 0.008 0.058 0.157
123 G 0.073 0.022 0.037 0.032 0.01 0.018 0.026 0.502 0.013 0.018 0.027 0.032 0.009 0.015 0.018 0.077 0.032 0.005 0.01 0.024
124 L 0.085 0.022 0.018 0.018 0.015 0.016 0.022 0.051 0.011 0.103 0.284 0.026 0.034 0.074 0.015 0.044 0.046 0.007 0.023 0.086
125 F 0.082 0.021 0.018 0.018 0.013 0.015 0.022 0.048 0.013 0.083 0.168 0.024 0.036 0.209 0.014 0.043 0.032 0.01 0.043 0.09
126 W 0.034 0.022 0.018 0.017 0.008 0.025 0.023 0.07 0.018 0.039 0.068 0.023 0.017 0.206 0.01 0.026 0.023 0.214 0.103 0.037
127 S 0.082 0.027 0.03 0.028 0.016 0.022 0.032 0.039 0.012 0.114 0.112 0.035 0.032 0.028 0.02 0.135 0.086 0.005 0.017 0.128
128 L 0.041 0.021 0.015 0.015 0.014 0.014 0.019 0.021 0.01 0.116 0.29 0.022 0.045 0.129 0.013 0.026 0.042 0.008 0.032 0.108
129 Y 0.041 0.057 0.052 0.024 0.01 0.022 0.029 0.028 0.043 0.067 0.079 0.036 0.019 0.068 0.015 0.037 0.065 0.057 0.186 0.063
130 G 0.105 0.021 0.033 0.03 0.011 0.018 0.024 0.503 0.012 0.019 0.029 0.031 0.009 0.015 0.018 0.049 0.029 0.005 0.01 0.026
131 L 0.1 0.028 0.023 0.029 0.014 0.034 0.07 0.034 0.014 0.093 0.162 0.036 0.026 0.05 0.018 0.07 0.044 0.006 0.035 0.111
132 L 0.058 0.036 0.015 0.016 0.013 0.015 0.02 0.023 0.012 0.131 0.201 0.026 0.03 0.117 0.013 0.027 0.032 0.03 0.049 0.135
133 N 0.068 0.097 0.142 0.042 0.01 0.04 0.053 0.04 0.022 0.047 0.078 0.064 0.026 0.046 0.018 0.048 0.043 0.007 0.048 0.06
134 S 0.082 0.05 0.048 0.058 0.013 0.088 0.127 0.052 0.023 0.027 0.042 0.068 0.016 0.018 0.027 0.141 0.06 0.005 0.018 0.037
135 G 0.103 0.026 0.068 0.072 0.011 0.023 0.048 0.336 0.015 0.021 0.031 0.037 0.01 0.016 0.02 0.082 0.036 0.005 0.012 0.029
136 N 0.11 0.037 0.247 0.059 0.011 0.029 0.055 0.057 0.023 0.027 0.037 0.046 0.012 0.017 0.021 0.077 0.079 0.004 0.015 0.037
137 R 0.057 0.187 0.027 0.024 0.013 0.032 0.037 0.029 0.016 0.093 0.088 0.072 0.023 0.026 0.018 0.038 0.042 0.006 0.019 0.153
138 L 0.045 0.021 0.014 0.016 0.016 0.015 0.019 0.021 0.009 0.196 0.274 0.024 0.043 0.049 0.014 0.024 0.036 0.006 0.021 0.135
139 P 0.078 0.024 0.023 0.045 0.011 0.019 0.035 0.036 0.012 0.03 0.043 0.037 0.011 0.014 0.436 0.052 0.035 0.003 0.012 0.044
140 G 0.067 0.02 0.034 0.029 0.01 0.017 0.023 0.519 0.013 0.019 0.03 0.029 0.009 0.036 0.016 0.044 0.026 0.006 0.028 0.024
141 A 0.328 0.027 0.022 0.025 0.019 0.022 0.034 0.064 0.014 0.055 0.06 0.038 0.017 0.024 0.025 0.07 0.043 0.006 0.031 0.076
142 L 0.047 0.022 0.017 0.017 0.014 0.016 0.021 0.023 0.011 0.138 0.228 0.025 0.05 0.084 0.014 0.038 0.047 0.007 0.04 0.141
143 R 0.075 0.205 0.032 0.029 0.01 0.044 0.044 0.037 0.019 0.027 0.046 0.095 0.014 0.055 0.083 0.073 0.037 0.006 0.035 0.034
144 V 0.069 0.026 0.025 0.024 0.016 0.03 0.031 0.032 0.011 0.105 0.108 0.033 0.034 0.029 0.018 0.098 0.061 0.005 0.018 0.228
145 L 0.08 0.026 0.027 0.026 0.015 0.021 0.029 0.057 0.013 0.087 0.17 0.033 0.053 0.066 0.018 0.11 0.062 0.006 0.023 0.08
146 T 0.07 0.031 0.038 0.034 0.015 0.025 0.036 0.062 0.013 0.045 0.072 0.04 0.027 0.022 0.045 0.119 0.229 0.005 0.016 0.057
147 V 0.061 0.02 0.017 0.017 0.017 0.015 0.022 0.023 0.008 0.155 0.114 0.025 0.028 0.032 0.015 0.033 0.066 0.005 0.018 0.309
148 Y 0.04 0.029 0.05 0.023 0.01 0.033 0.029 0.027 0.045 0.065 0.108 0.033 0.083 0.075 0.015 0.033 0.031 0.015 0.199 0.057
149 V 0.062 0.02 0.015 0.016 0.015 0.014 0.02 0.023 0.009 0.15 0.193 0.023 0.031 0.087 0.014 0.03 0.048 0.007 0.026 0.196
150 L 0.048 0.02 0.014 0.015 0.015 0.014 0.019 0.021 0.009 0.168 0.218 0.022 0.042 0.072 0.013 0.025 0.036 0.006 0.024 0.197
151 W 0.03 0.022 0.015 0.015 0.007 0.015 0.022 0.026 0.023 0.031 0.052 0.023 0.015 0.074 0.009 0.023 0.022 0.38 0.166 0.032
152 P 0.051 0.023 0.021 0.028 0.009 0.018 0.032 0.032 0.012 0.023 0.032 0.037 0.009 0.012 0.548 0.039 0.032 0.002 0.012 0.028
153 L 0.084 0.02 0.015 0.017 0.015 0.015 0.02 0.027 0.009 0.18 0.211 0.024 0.032 0.04 0.015 0.031 0.041 0.049 0.022 0.134
154 L 0.046 0.02 0.014 0.015 0.036 0.014 0.019 0.021 0.01 0.136 0.258 0.022 0.034 0.077 0.013 0.025 0.034 0.007 0.039 0.162
155 F 0.033 0.021 0.017 0.016 0.009 0.014 0.021 0.022 0.028 0.048 0.082 0.022 0.02 0.291 0.012 0.025 0.024 0.02 0.229 0.046
156 L 0.048 0.021 0.018 0.018 0.056 0.015 0.02 0.088 0.01 0.099 0.254 0.025 0.04 0.053 0.036 0.032 0.055 0.006 0.02 0.086
157 L 0.053 0.019 0.014 0.015 0.034 0.013 0.018 0.023 0.011 0.147 0.218 0.022 0.032 0.142 0.013 0.026 0.031 0.009 0.048 0.111
158 L 0.039 0.021 0.015 0.015 0.013 0.014 0.019 0.021 0.012 0.106 0.269 0.022 0.043 0.162 0.012 0.025 0.041 0.009 0.051 0.089
159 I 0.103 0.023 0.023 0.024 0.015 0.018 0.027 0.04 0.012 0.146 0.109 0.03 0.024 0.08 0.018 0.091 0.058 0.006 0.025 0.129
160 G 0.097 0.024 0.026 0.025 0.014 0.019 0.027 0.142 0.012 0.086 0.089 0.032 0.029 0.059 0.04 0.068 0.084 0.006 0.02 0.101
161 E 0.082 0.045 0.047 0.069 0.012 0.049 0.176 0.05 0.022 0.026 0.039 0.064 0.014 0.019 0.028 0.139 0.059 0.005 0.017 0.036
162 L 0.081 0.025 0.025 0.024 0.034 0.029 0.028 0.139 0.014 0.059 0.173 0.032 0.024 0.053 0.017 0.07 0.048 0.007 0.048 0.068
163 L 0.065 0.024 0.037 0.023 0.013 0.019 0.026 0.052 0.019 0.098 0.121 0.03 0.023 0.069 0.016 0.074 0.039 0.032 0.111 0.108
164 S 0.059 0.082 0.053 0.054 0.01 0.087 0.055 0.061 0.059 0.044 0.061 0.093 0.017 0.02 0.021 0.105 0.043 0.005 0.02 0.05
165 N 0.056 0.056 0.111 0.079 0.01 0.052 0.063 0.086 0.053 0.025 0.038 0.074 0.013 0.038 0.02 0.1 0.053 0.006 0.035 0.031
166 L 0.047 0.051 0.056 0.061 0.011 0.032 0.089 0.032 0.02 0.091 0.106 0.088 0.021 0.036 0.047 0.04 0.036 0.007 0.055 0.076
167 R 0.05 0.114 0.112 0.047 0.009 0.048 0.075 0.088 0.023 0.026 0.041 0.112 0.014 0.04 0.02 0.061 0.05 0.006 0.034 0.031
168 I 0.047 0.03 0.045 0.071 0.012 0.033 0.049 0.037 0.046 0.119 0.116 0.046 0.036 0.063 0.017 0.047 0.047 0.006 0.025 0.109
169 L 0.051 0.024 0.033 0.021 0.013 0.027 0.025 0.026 0.015 0.132 0.197 0.028 0.038 0.11 0.014 0.048 0.037 0.009 0.058 0.094
170 E 0.055 0.05 0.041 0.091 0.007 0.065 0.294 0.035 0.026 0.022 0.037 0.076 0.013 0.017 0.026 0.055 0.037 0.006 0.017 0.031
171 G 0.079 0.023 0.039 0.034 0.011 0.019 0.026 0.508 0.014 0.019 0.028 0.034 0.009 0.016 0.019 0.052 0.03 0.005 0.011 0.024
172 R 0.047 0.111 0.038 0.075 0.009 0.038 0.108 0.031 0.066 0.093 0.064 0.067 0.018 0.04 0.018 0.049 0.034 0.005 0.022 0.067
173 S 0.097 0.081 0.061 0.036 0.012 0.029 0.051 0.085 0.017 0.042 0.066 0.073 0.016 0.041 0.021 0.101 0.066 0.006 0.033 0.065
174 L 0.042 0.02 0.013 0.015 0.014 0.014 0.018 0.02 0.009 0.151 0.315 0.022 0.051 0.078 0.013 0.023 0.032 0.007 0.024 0.118
175 L 0.046 0.064 0.027 0.038 0.01 0.049 0.084 0.05 0.034 0.071 0.111 0.056 0.021 0.101 0.017 0.047 0.044 0.008 0.058 0.064
176 K 0.047 0.201 0.064 0.036 0.008 0.043 0.053 0.058 0.02 0.024 0.039 0.216 0.013 0.015 0.021 0.047 0.046 0.005 0.015 0.029
177 V 0.081 0.023 0.021 0.021 0.016 0.017 0.025 0.03 0.01 0.106 0.162 0.028 0.027 0.066 0.017 0.052 0.097 0.006 0.023 0.172
178 L 0.041 0.022 0.015 0.016 0.034 0.016 0.02 0.022 0.012 0.117 0.217 0.024 0.098 0.141 0.013 0.026 0.031 0.008 0.034 0.094
179 I 0.047 0.042 0.018 0.021 0.014 0.019 0.037 0.023 0.011 0.187 0.153 0.054 0.03 0.067 0.015 0.03 0.047 0.006 0.023 0.156
180 L 0.057 0.021 0.017 0.017 0.013 0.015 0.021 0.024 0.017 0.129 0.155 0.024 0.027 0.142 0.014 0.03 0.047 0.011 0.106 0.114
181 G 0.168 0.028 0.034 0.032 0.036 0.023 0.034 0.179 0.014 0.043 0.047 0.038 0.014 0.019 0.023 0.129 0.073 0.005 0.014 0.049
182 A 0.144 0.027 0.028 0.027 0.015 0.021 0.031 0.104 0.013 0.065 0.133 0.035 0.022 0.03 0.021 0.093 0.083 0.006 0.031 0.073
183 L 0.059 0.021 0.016 0.017 0.014 0.015 0.02 0.067 0.011 0.11 0.202 0.024 0.04 0.079 0.013 0.028 0.033 0.051 0.042 0.138
184 L 0.085 0.022 0.019 0.019 0.035 0.016 0.023 0.051 0.012 0.095 0.228 0.026 0.033 0.098 0.015 0.053 0.035 0.008 0.041 0.084
185 I 0.071 0.019 0.015 0.017 0.015 0.014 0.019 0.024 0.009 0.254 0.195 0.024 0.033 0.039 0.015 0.038 0.037 0.005 0.018 0.138
186 G 0.08 0.025 0.029 0.03 0.035 0.021 0.043 0.128 0.012 0.091 0.082 0.034 0.019 0.024 0.041 0.104 0.068 0.005 0.015 0.112
187 L 0.071 0.02 0.015 0.016 0.015 0.014 0.019 0.045 0.009 0.174 0.239 0.024 0.034 0.056 0.014 0.029 0.035 0.006 0.021 0.145
188 Y 0.043 0.024 0.02 0.018 0.011 0.018 0.024 0.024 0.04 0.095 0.128 0.027 0.033 0.112 0.014 0.04 0.043 0.015 0.182 0.088
189 S 0.088 0.032 0.049 0.067 0.034 0.055 0.043 0.106 0.015 0.064 0.083 0.042 0.018 0.022 0.021 0.109 0.068 0.005 0.015 0.063
190 L 0.041 0.02 0.015 0.016 0.013 0.013 0.019 0.022 0.01 0.14 0.273 0.022 0.035 0.142 0.013 0.034 0.032 0.008 0.034 0.1
191 L 0.084 0.027 0.026 0.025 0.014 0.031 0.031 0.057 0.016 0.093 0.149 0.034 0.033 0.058 0.018 0.103 0.043 0.008 0.065 0.084
192 F 0.052 0.021 0.018 0.017 0.01 0.015 0.022 0.026 0.024 0.067 0.086 0.024 0.021 0.247 0.013 0.038 0.029 0.017 0.179 0.075
193 L 0.059 0.02 0.015 0.016 0.015 0.015 0.019 0.023 0.009 0.193 0.217 0.024 0.042 0.056 0.014 0.029 0.047 0.006 0.021 0.161
194 L 0.049 0.022 0.019 0.018 0.013 0.016 0.021 0.109 0.013 0.085 0.252 0.025 0.045 0.095 0.014 0.03 0.041 0.009 0.055 0.071
195 S 0.086 0.032 0.052 0.05 0.012 0.026 0.039 0.099 0.102 0.034 0.048 0.039 0.024 0.037 0.02 0.119 0.043 0.008 0.082 0.048
196 S 0.097 0.036 0.062 0.053 0.012 0.037 0.054 0.108 0.018 0.035 0.056 0.066 0.033 0.075 0.02 0.108 0.043 0.007 0.038 0.041
197 F 0.048 0.023 0.018 0.018 0.013 0.016 0.023 0.025 0.024 0.09 0.104 0.025 0.025 0.185 0.014 0.03 0.034 0.017 0.143 0.124
198 L 0.059 0.025 0.021 0.02 0.013 0.017 0.025 0.028 0.016 0.1 0.159 0.039 0.026 0.144 0.015 0.054 0.057 0.01 0.077 0.094
199 G 0.068 0.021 0.046 0.03 0.01 0.017 0.023 0.457 0.013 0.025 0.048 0.03 0.011 0.036 0.016 0.044 0.028 0.027 0.018 0.033
200 L 0.04 0.02 0.015 0.015 0.012 0.013 0.019 0.043 0.012 0.112 0.211 0.021 0.03 0.137 0.012 0.024 0.029 0.077 0.052 0.106
201 L 0.061 0.023 0.023 0.058 0.013 0.019 0.041 0.07 0.027 0.133 0.155 0.029 0.025 0.047 0.064 0.041 0.034 0.005 0.02 0.11
202 P 0.055 0.024 0.025 0.03 0.01 0.02 0.043 0.159 0.014 0.027 0.051 0.035 0.012 0.036 0.314 0.05 0.032 0.005 0.03 0.03
203 G 0.108 0.032 0.08 0.107 0.012 0.047 0.06 0.131 0.017 0.036 0.071 0.043 0.015 0.019 0.021 0.092 0.042 0.005 0.014 0.05
204 F 0.081 0.025 0.025 0.024 0.013 0.02 0.028 0.057 0.015 0.079 0.103 0.031 0.021 0.105 0.054 0.081 0.063 0.031 0.06 0.084
205 L 0.047 0.021 0.015 0.016 0.015 0.015 0.02 0.022 0.014 0.156 0.194 0.024 0.033 0.1 0.014 0.026 0.036 0.01 0.069 0.153
206 Y 0.09 0.026 0.026 0.024 0.013 0.02 0.029 0.099 0.025 0.054 0.069 0.032 0.019 0.11 0.018 0.066 0.038 0.015 0.15 0.077
207 E 0.072 0.038 0.046 0.152 0.01 0.041 0.162 0.042 0.065 0.032 0.041 0.054 0.013 0.019 0.023 0.076 0.04 0.005 0.02 0.048
208 F 0.052 0.023 0.025 0.023 0.012 0.017 0.025 0.114 0.017 0.08 0.119 0.028 0.023 0.17 0.016 0.058 0.048 0.011 0.076 0.063
209 L 0.055 0.022 0.016 0.018 0.013 0.016 0.022 0.025 0.012 0.11 0.253 0.026 0.058 0.075 0.078 0.03 0.043 0.007 0.038 0.081
210 Y 0.075 0.045 0.026 0.025 0.011 0.044 0.036 0.034 0.024 0.043 0.099 0.052 0.019 0.07 0.082 0.07 0.047 0.012 0.139 0.048
211 L 0.076 0.022 0.036 0.023 0.014 0.017 0.023 0.115 0.011 0.121 0.182 0.028 0.027 0.066 0.016 0.048 0.058 0.006 0.022 0.089
212 L 0.058 0.03 0.053 0.055 0.011 0.028 0.111 0.031 0.015 0.062 0.181 0.039 0.042 0.046 0.06 0.04 0.045 0.006 0.019 0.067
213 N 0.043 0.045 0.317 0.083 0.009 0.034 0.049 0.065 0.032 0.022 0.032 0.054 0.011 0.018 0.02 0.07 0.049 0.004 0.016 0.027
214 L 0.042 0.041 0.02 0.019 0.012 0.019 0.025 0.024 0.035 0.11 0.175 0.042 0.036 0.106 0.014 0.038 0.031 0.012 0.117 0.084
215 F 0.034 0.019 0.017 0.017 0.011 0.011 0.019 0.026 0.017 0.064 0.115 0.019 0.026 0.384 0.011 0.026 0.026 0.017 0.089 0.055
216 P 0.057 0.026 0.023 0.031 0.01 0.021 0.036 0.036 0.013 0.026 0.036 0.041 0.01 0.013 0.491 0.044 0.036 0.003 0.013 0.031
217 E 0.055 0.05 0.041 0.091 0.007 0.065 0.294 0.035 0.026 0.022 0.037 0.076 0.013 0.017 0.026 0.055 0.037 0.006 0.017 0.031
218 D 0.06 0.029 0.087 0.182 0.01 0.025 0.064 0.098 0.017 0.03 0.039 0.04 0.012 0.052 0.064 0.089 0.04 0.005 0.018 0.042
219 L 0.044 0.024 0.014 0.015 0.016 0.016 0.02 0.021 0.01 0.115 0.379 0.025 0.049 0.054 0.014 0.024 0.033 0.007 0.022 0.096
220 L 0.057 0.052 0.034 0.111 0.01 0.091 0.086 0.054 0.034 0.046 0.125 0.049 0.021 0.057 0.018 0.041 0.032 0.006 0.022 0.055
221 G 0.08 0.06 0.036 0.099 0.011 0.025 0.05 0.206 0.031 0.037 0.081 0.054 0.038 0.021 0.019 0.056 0.033 0.005 0.015 0.044
222 A 0.167 0.042 0.031 0.033 0.013 0.132 0.056 0.09 0.018 0.035 0.049 0.054 0.017 0.034 0.043 0.067 0.04 0.005 0.019 0.055
223 G 0.077 0.039 0.056 0.029 0.013 0.02 0.027 0.225 0.012 0.069 0.063 0.034 0.017 0.022 0.017 0.063 0.045 0.005 0.014 0.15
224 I 0.045 0.018 0.016 0.033 0.014 0.013 0.02 0.021 0.01 0.201 0.149 0.022 0.029 0.12 0.013 0.025 0.035 0.007 0.03 0.178
225 G 0.066 0.024 0.069 0.17 0.009 0.021 0.044 0.271 0.015 0.026 0.034 0.035 0.01 0.033 0.039 0.047 0.031 0.005 0.014 0.038
226 F 0.048 0.032 0.057 0.063 0.011 0.032 0.037 0.034 0.021 0.07 0.098 0.058 0.02 0.135 0.016 0.076 0.037 0.03 0.061 0.063
227 Y 0.102 0.041 0.041 0.026 0.011 0.021 0.03 0.143 0.026 0.036 0.051 0.036 0.015 0.061 0.018 0.063 0.034 0.014 0.18 0.051
228 D 0.07 0.049 0.045 0.148 0.01 0.044 0.118 0.11 0.018 0.024 0.034 0.051 0.012 0.016 0.022 0.122 0.055 0.004 0.013 0.033
229 G 0.075 0.04 0.081 0.053 0.01 0.021 0.03 0.416 0.015 0.02 0.029 0.037 0.009 0.015 0.018 0.05 0.042 0.005 0.011 0.025
230 Y 0.073 0.027 0.026 0.024 0.011 0.021 0.03 0.034 0.057 0.054 0.071 0.031 0.027 0.143 0.017 0.078 0.047 0.014 0.167 0.05
231 L 0.046 0.023 0.018 0.019 0.014 0.027 0.023 0.023 0.011 0.161 0.197 0.027 0.049 0.087 0.015 0.032 0.069 0.007 0.026 0.128
232 E 0.087 0.05 0.031 0.05 0.01 0.062 0.177 0.036 0.018 0.048 0.092 0.115 0.018 0.02 0.022 0.049 0.047 0.005 0.016 0.046
233 F 0.049 0.02 0.016 0.016 0.011 0.014 0.02 0.024 0.02 0.07 0.136 0.022 0.033 0.256 0.012 0.027 0.027 0.015 0.137 0.074
234 T 0.082 0.111 0.079 0.054 0.012 0.029 0.042 0.043 0.017 0.038 0.05 0.067 0.015 0.036 0.022 0.09 0.134 0.005 0.018 0.056
235 L 0.044 0.023 0.016 0.017 0.014 0.016 0.021 0.022 0.026 0.131 0.314 0.025 0.059 0.06 0.014 0.035 0.033 0.007 0.023 0.101
236 P 0.044 0.026 0.051 0.027 0.01 0.021 0.031 0.03 0.039 0.037 0.07 0.034 0.033 0.051 0.228 0.038 0.043 0.011 0.136 0.04
237 N 0.076 0.037 0.209 0.056 0.012 0.029 0.044 0.056 0.022 0.025 0.035 0.047 0.012 0.017 0.043 0.15 0.077 0.004 0.015 0.034
238 L 0.063 0.021 0.017 0.018 0.016 0.015 0.021 0.024 0.009 0.185 0.196 0.025 0.032 0.037 0.015 0.034 0.072 0.005 0.018 0.178
239 S 0.117 0.033 0.056 0.056 0.015 0.027 0.043 0.096 0.016 0.031 0.042 0.044 0.014 0.019 0.025 0.191 0.114 0.005 0.015 0.043
240 S 0.114 0.034 0.045 0.04 0.016 0.028 0.044 0.056 0.016 0.031 0.042 0.046 0.015 0.019 0.026 0.246 0.117 0.005 0.016 0.044
241 L 0.045 0.022 0.014 0.014 0.015 0.015 0.019 0.02 0.009 0.111 0.356 0.024 0.058 0.045 0.013 0.024 0.033 0.006 0.02 0.138
242 L 0.044 0.019 0.014 0.016 0.014 0.014 0.018 0.041 0.009 0.218 0.251 0.023 0.053 0.042 0.013 0.024 0.033 0.006 0.019 0.128
243 F 0.031 0.018 0.016 0.015 0.009 0.011 0.018 0.023 0.018 0.054 0.097 0.018 0.022 0.412 0.01 0.023 0.023 0.016 0.117 0.048
244 L 0.043 0.021 0.016 0.016 0.014 0.015 0.019 0.063 0.01 0.112 0.357 0.024 0.039 0.06 0.013 0.026 0.042 0.006 0.021 0.084
245 I 0.06 0.019 0.015 0.017 0.015 0.014 0.02 0.024 0.009 0.201 0.175 0.023 0.031 0.087 0.014 0.037 0.037 0.006 0.026 0.17
246 P 0.053 0.024 0.022 0.028 0.01 0.019 0.032 0.033 0.012 0.037 0.038 0.037 0.011 0.013 0.485 0.051 0.046 0.003 0.012 0.035
247 F 0.033 0.02 0.016 0.016 0.01 0.013 0.019 0.023 0.021 0.056 0.109 0.02 0.031 0.339 0.011 0.024 0.024 0.017 0.149 0.05
248 L 0.061 0.021 0.017 0.017 0.077 0.015 0.021 0.026 0.011 0.104 0.184 0.024 0.045 0.118 0.014 0.042 0.046 0.007 0.03 0.12
249 L 0.042 0.019 0.014 0.015 0.035 0.013 0.018 0.02 0.01 0.174 0.238 0.021 0.043 0.113 0.013 0.024 0.032 0.007 0.029 0.122
250 A 0.157 0.03 0.033 0.031 0.079 0.024 0.037 0.051 0.046 0.043 0.053 0.039 0.016 0.021 0.023 0.138 0.085 0.005 0.018 0.072
251 L 0.084 0.046 0.036 0.023 0.012 0.022 0.029 0.053 0.02 0.079 0.135 0.059 0.041 0.068 0.017 0.048 0.034 0.011 0.109 0.073
252 L 0.056 0.02 0.015 0.016 0.014 0.014 0.019 0.023 0.011 0.158 0.22 0.023 0.032 0.109 0.014 0.028 0.044 0.008 0.043 0.132
253 L 0.054 0.021 0.015 0.015 0.035 0.015 0.019 0.023 0.012 0.125 0.247 0.023 0.059 0.095 0.013 0.026 0.031 0.029 0.043 0.098
254 L 0.063 0.024 0.035 0.022 0.056 0.018 0.024 0.029 0.014 0.086 0.183 0.028 0.036 0.073 0.016 0.05 0.082 0.008 0.052 0.102
255 W 0.041 0.113 0.086 0.051 0.008 0.046 0.044 0.04 0.02 0.026 0.049 0.077 0.014 0.038 0.058 0.05 0.033 0.136 0.042 0.03
256 P 0.058 0.094 0.046 0.069 0.009 0.032 0.07 0.035 0.033 0.054 0.063 0.105 0.015 0.022 0.125 0.044 0.045 0.005 0.031 0.043
257 K 0.069 0.067 0.092 0.042 0.01 0.044 0.061 0.065 0.02 0.034 0.043 0.137 0.014 0.041 0.065 0.08 0.04 0.006 0.034 0.037
258 D 0.041 0.03 0.069 0.397 0.008 0.03 0.091 0.047 0.019 0.022 0.028 0.045 0.009 0.015 0.022 0.052 0.035 0.004 0.011 0.024
259 R 0.045 0.345 0.039 0.031 0.008 0.048 0.052 0.033 0.023 0.023 0.047 0.12 0.016 0.017 0.019 0.045 0.035 0.006 0.017 0.031
260 E 0.075 0.046 0.087 0.081 0.011 0.036 0.093 0.085 0.019 0.034 0.068 0.09 0.016 0.02 0.063 0.057 0.058 0.005 0.015 0.04
261 F 0.034 0.019 0.017 0.017 0.011 0.011 0.019 0.025 0.017 0.063 0.114 0.019 0.025 0.387 0.011 0.025 0.025 0.017 0.089 0.055
262 Y 0.04 0.028 0.022 0.019 0.009 0.022 0.028 0.025 0.047 0.044 0.068 0.031 0.019 0.131 0.016 0.031 0.028 0.028 0.318 0.047
263 S 0.058 0.035 0.063 0.07 0.012 0.026 0.053 0.059 0.032 0.077 0.087 0.063 0.018 0.027 0.041 0.097 0.077 0.006 0.032 0.066
264 L 0.058 0.042 0.029 0.065 0.01 0.039 0.069 0.033 0.032 0.047 0.136 0.101 0.021 0.046 0.082 0.049 0.033 0.028 0.037 0.045
265 L 0.051 0.037 0.032 0.078 0.011 0.053 0.046 0.035 0.02 0.063 0.099 0.058 0.043 0.087 0.05 0.065 0.038 0.009 0.068 0.055
266 P 0.057 0.097 0.033 0.033 0.01 0.032 0.044 0.109 0.017 0.026 0.042 0.127 0.013 0.044 0.164 0.06 0.037 0.005 0.019 0.031
267 I 0.046 0.049 0.018 0.018 0.014 0.018 0.024 0.024 0.011 0.163 0.155 0.048 0.03 0.09 0.014 0.028 0.035 0.041 0.031 0.143
268 S 0.06 0.109 0.084 0.059 0.01 0.035 0.062 0.043 0.053 0.042 0.044 0.109 0.014 0.019 0.022 0.112 0.058 0.005 0.018 0.042
269 R 0.061 0.145 0.035 0.067 0.009 0.034 0.047 0.095 0.033 0.032 0.075 0.137 0.025 0.019 0.041 0.044 0.044 0.005 0.016 0.036
270 L 0.048 0.028 0.039 0.023 0.013 0.019 0.026 0.058 0.013 0.094 0.147 0.045 0.025 0.06 0.045 0.035 0.049 0.097 0.03 0.107
271 F 0.068 0.028 0.021 0.021 0.013 0.019 0.027 0.032 0.015 0.087 0.116 0.044 0.024 0.132 0.016 0.059 0.038 0.07 0.059 0.111
272 L 0.04 0.021 0.015 0.015 0.014 0.015 0.019 0.02 0.013 0.142 0.307 0.023 0.037 0.07 0.013 0.025 0.042 0.009 0.066 0.093
273 W 0.076 0.046 0.02 0.019 0.011 0.019 0.026 0.064 0.021 0.06 0.067 0.032 0.018 0.084 0.014 0.035 0.03 0.173 0.121 0.064
274 L 0.058 0.02 0.018 0.018 0.014 0.014 0.021 0.025 0.011 0.146 0.173 0.024 0.032 0.14 0.014 0.033 0.069 0.008 0.034 0.128
275 A 0.18 0.026 0.021 0.024 0.02 0.021 0.032 0.051 0.011 0.104 0.095 0.035 0.025 0.029 0.023 0.059 0.05 0.005 0.019 0.169
276 L 0.045 0.024 0.014 0.015 0.016 0.016 0.02 0.021 0.01 0.116 0.373 0.025 0.05 0.055 0.014 0.024 0.034 0.007 0.022 0.097
277 L 0.099 0.024 0.021 0.021 0.015 0.018 0.025 0.075 0.011 0.084 0.232 0.029 0.03 0.034 0.018 0.061 0.065 0.006 0.018 0.114
278 L 0.055 0.022 0.031 0.019 0.035 0.015 0.021 0.025 0.011 0.104 0.273 0.025 0.033 0.106 0.014 0.031 0.055 0.007 0.028 0.09
279 L 0.058 0.019 0.016 0.016 0.035 0.014 0.019 0.066 0.01 0.142 0.233 0.023 0.032 0.088 0.014 0.028 0.032 0.007 0.025 0.124
280 L 0.071 0.023 0.02 0.02 0.014 0.017 0.023 0.092 0.01 0.093 0.263 0.027 0.032 0.053 0.016 0.054 0.047 0.006 0.02 0.099
281 G 0.063 0.025 0.029 0.026 0.013 0.02 0.027 0.202 0.012 0.076 0.157 0.032 0.05 0.029 0.018 0.09 0.051 0.005 0.016 0.06
282 L 0.046 0.019 0.014 0.015 0.036 0.013 0.018 0.02 0.009 0.177 0.231 0.022 0.034 0.073 0.013 0.025 0.035 0.006 0.023 0.171
283 L 0.129 0.022 0.019 0.02 0.037 0.017 0.024 0.077 0.01 0.133 0.158 0.028 0.027 0.031 0.017 0.05 0.039 0.005 0.017 0.14
284 L 0.111 0.022 0.017 0.018 0.016 0.017 0.023 0.032 0.01 0.121 0.237 0.027 0.041 0.054 0.016 0.046 0.037 0.006 0.021 0.128
285 V 0.107 0.022 0.021 0.021 0.016 0.017 0.025 0.054 0.01 0.154 0.114 0.029 0.025 0.03 0.018 0.053 0.076 0.005 0.017 0.186
286 L 0.041 0.019 0.014 0.015 0.014 0.013 0.018 0.02 0.01 0.176 0.213 0.021 0.043 0.14 0.012 0.024 0.032 0.008 0.034 0.133
287 L 0.043 0.021 0.015 0.015 0.014 0.014 0.019 0.063 0.01 0.115 0.333 0.023 0.046 0.077 0.013 0.024 0.03 0.007 0.024 0.094
288 S 0.098 0.034 0.044 0.04 0.016 0.028 0.043 0.053 0.015 0.034 0.045 0.045 0.015 0.019 0.026 0.224 0.153 0.005 0.016 0.047
289 G 0.117 0.022 0.033 0.03 0.011 0.018 0.025 0.484 0.012 0.02 0.03 0.032 0.01 0.015 0.018 0.051 0.029 0.005 0.011 0.028
290 R 0.04 0.415 0.035 0.028 0.007 0.043 0.047 0.029 0.021 0.021 0.042 0.107 0.014 0.016 0.017 0.04 0.031 0.005 0.016 0.028
291 R 0.04 0.402 0.035 0.028 0.007 0.043 0.047 0.03 0.021 0.021 0.041 0.117 0.014 0.015 0.018 0.04 0.031 0.005 0.016 0.028
292 A 0.315 0.026 0.022 0.025 0.019 0.022 0.033 0.062 0.013 0.07 0.068 0.037 0.027 0.022 0.024 0.068 0.043 0.005 0.016 0.081
293 L 0.062 0.02 0.015 0.015 0.013 0.013 0.019 0.025 0.012 0.089 0.253 0.022 0.041 0.207 0.013 0.027 0.029 0.01 0.043 0.072
294 L 0.037 0.022 0.015 0.016 0.012 0.026 0.022 0.022 0.012 0.135 0.191 0.024 0.056 0.11 0.012 0.024 0.029 0.116 0.037 0.083
295 L 0.043 0.021 0.013 0.014 0.015 0.014 0.018 0.02 0.009 0.118 0.365 0.022 0.04 0.062 0.013 0.023 0.032 0.006 0.022 0.129
296 V 0.088 0.027 0.055 0.029 0.016 0.021 0.031 0.038 0.012 0.094 0.107 0.034 0.023 0.027 0.02 0.089 0.104 0.005 0.017 0.164
297 V 0.076 0.022 0.019 0.02 0.036 0.017 0.023 0.029 0.011 0.118 0.134 0.027 0.048 0.1 0.016 0.04 0.083 0.007 0.028 0.145
298 L 0.157 0.022 0.017 0.019 0.015 0.016 0.025 0.039 0.012 0.074 0.157 0.028 0.034 0.152 0.017 0.043 0.035 0.008 0.035 0.093
299 L 0.07 0.021 0.015 0.016 0.014 0.015 0.02 0.025 0.01 0.112 0.298 0.024 0.036 0.097 0.014 0.03 0.044 0.007 0.027 0.105
300 S 0.116 0.03 0.038 0.035 0.015 0.024 0.037 0.134 0.014 0.05 0.064 0.04 0.016 0.021 0.023 0.175 0.088 0.005 0.015 0.06
301 L 0.045 0.024 0.014 0.015 0.016 0.016 0.02 0.021 0.01 0.116 0.373 0.025 0.05 0.055 0.014 0.024 0.034 0.007 0.022 0.097
302 P 0.052 0.023 0.02 0.025 0.011 0.018 0.03 0.03 0.011 0.046 0.105 0.034 0.017 0.019 0.399 0.046 0.034 0.003 0.014 0.063
303 L 0.054 0.019 0.015 0.016 0.013 0.013 0.019 0.023 0.011 0.176 0.177 0.022 0.039 0.146 0.034 0.026 0.032 0.008 0.034 0.123
304 L 0.041 0.019 0.014 0.015 0.014 0.013 0.017 0.02 0.01 0.194 0.22 0.021 0.042 0.124 0.012 0.023 0.032 0.008 0.031 0.129
305 L 0.15 0.023 0.019 0.02 0.016 0.017 0.025 0.037 0.01 0.132 0.163 0.029 0.027 0.049 0.018 0.045 0.061 0.006 0.02 0.131
306 L 0.041 0.02 0.015 0.015 0.013 0.014 0.019 0.021 0.015 0.129 0.212 0.022 0.031 0.123 0.012 0.024 0.031 0.032 0.088 0.124
307 F 0.068 0.021 0.018 0.019 0.03 0.015 0.022 0.028 0.012 0.087 0.151 0.025 0.034 0.196 0.057 0.037 0.054 0.009 0.041 0.078
308 L 0.068 0.022 0.017 0.02 0.013 0.017 0.036 0.027 0.013 0.099 0.233 0.027 0.037 0.124 0.036 0.04 0.033 0.008 0.045 0.085
309 L 0.065 0.046 0.043 0.03 0.013 0.045 0.048 0.076 0.032 0.066 0.138 0.041 0.032 0.048 0.018 0.063 0.086 0.007 0.036 0.069
310 L 0.052 0.032 0.02 0.02 0.016 0.028 0.028 0.028 0.016 0.101 0.198 0.036 0.157 0.048 0.016 0.036 0.04 0.008 0.024 0.093
311 F 0.034 0.019 0.017 0.017 0.011 0.011 0.019 0.026 0.017 0.064 0.115 0.019 0.026 0.384 0.011 0.026 0.026 0.017 0.089 0.055
312 F 0.034 0.019 0.017 0.017 0.011 0.011 0.019 0.026 0.017 0.064 0.115 0.019 0.026 0.384 0.011 0.026 0.026 0.017 0.089 0.055
313 K 0.057 0.108 0.042 0.042 0.009 0.054 0.071 0.043 0.021 0.028 0.043 0.275 0.016 0.016 0.028 0.054 0.04 0.005 0.017 0.033
314 L 0.046 0.038 0.024 0.025 0.031 0.065 0.039 0.031 0.017 0.049 0.131 0.074 0.04 0.088 0.037 0.054 0.033 0.083 0.046 0.048
315 F 0.068 0.052 0.02 0.036 0.012 0.017 0.025 0.066 0.015 0.094 0.155 0.031 0.025 0.156 0.014 0.032 0.03 0.01 0.064 0.077
316 F 0.034 0.019 0.017 0.017 0.011 0.011 0.019 0.025 0.017 0.063 0.114 0.019 0.025 0.387 0.011 0.025 0.025 0.017 0.089 0.055
317 S 0.11 0.04 0.054 0.049 0.018 0.033 0.052 0.066 0.019 0.03 0.042 0.054 0.016 0.021 0.03 0.22 0.082 0.005 0.018 0.042
318 L 0.12 0.042 0.042 0.028 0.014 0.021 0.031 0.085 0.014 0.063 0.148 0.037 0.023 0.061 0.02 0.098 0.065 0.006 0.021 0.06
319 P 0.076 0.068 0.081 0.054 0.01 0.039 0.055 0.082 0.019 0.033 0.071 0.078 0.015 0.026 0.101 0.067 0.037 0.006 0.045 0.037
320 K 0.083 0.074 0.048 0.045 0.013 0.043 0.062 0.055 0.02 0.029 0.042 0.167 0.016 0.018 0.029 0.137 0.061 0.005 0.017 0.037
