#Seq2Logo.py -f /work3/idamei/ssn-clusterings/2206011120/clusters/0017_6/sequences.afa -m 0.0001 -b 50 -o /work3/idamei/ssn-clusterings/2206011120/clusters/0017_6/sequences.logo
#Position Specific Frequency Matrix
A R N D C Q E G H I L K M F P S T W Y V
0 L 0.052 0.032 0.02 0.02 0.016 0.028 0.028 0.028 0.016 0.1 0.196 0.036 0.163 0.048 0.016 0.036 0.04 0.008 0.024 0.092
1 W 0.031 0.023 0.015 0.015 0.008 0.015 0.023 0.031 0.015 0.031 0.054 0.023 0.015 0.062 0.008 0.023 0.023 0.483 0.069 0.031
2 Y 0.041 0.028 0.022 0.019 0.009 0.022 0.028 0.025 0.048 0.044 0.07 0.032 0.019 0.133 0.016 0.032 0.028 0.028 0.306 0.048
3 I 0.048 0.018 0.015 0.018 0.016 0.014 0.018 0.021 0.009 0.258 0.171 0.024 0.037 0.045 0.015 0.025 0.041 0.006 0.021 0.18
4 W 0.031 0.023 0.015 0.015 0.008 0.015 0.023 0.031 0.015 0.031 0.054 0.023 0.015 0.062 0.008 0.023 0.023 0.483 0.069 0.031
5 R 0.045 0.333 0.039 0.032 0.008 0.049 0.053 0.033 0.024 0.024 0.047 0.122 0.016 0.018 0.02 0.045 0.036 0.006 0.018 0.032
6 L 0.045 0.025 0.014 0.015 0.016 0.016 0.021 0.022 0.01 0.117 0.364 0.026 0.05 0.056 0.014 0.025 0.034 0.007 0.023 0.098
7 K 0.057 0.107 0.041 0.041 0.009 0.053 0.071 0.043 0.021 0.028 0.043 0.28 0.015 0.015 0.028 0.053 0.04 0.005 0.017 0.033
8 K 0.057 0.107 0.041 0.041 0.009 0.053 0.071 0.043 0.021 0.028 0.043 0.28 0.015 0.015 0.028 0.053 0.04 0.005 0.017 0.033
9 R 0.05 0.21 0.041 0.039 0.008 0.132 0.077 0.037 0.026 0.025 0.047 0.105 0.018 0.016 0.021 0.05 0.038 0.006 0.019 0.033
10 V 0.07 0.022 0.016 0.018 0.019 0.016 0.023 0.025 0.008 0.164 0.13 0.026 0.032 0.036 0.016 0.033 0.049 0.005 0.021 0.271
11 L 0.039 0.022 0.016 0.016 0.013 0.013 0.02 0.023 0.013 0.089 0.245 0.022 0.037 0.221 0.012 0.025 0.029 0.012 0.055 0.075
12 W 0.07 0.031 0.035 0.032 0.013 0.024 0.037 0.048 0.017 0.03 0.047 0.038 0.015 0.041 0.019 0.122 0.052 0.249 0.043 0.036
13 L 0.044 0.185 0.026 0.023 0.012 0.032 0.036 0.027 0.017 0.069 0.212 0.073 0.032 0.036 0.017 0.034 0.034 0.006 0.02 0.063
14 Y 0.04 0.028 0.022 0.019 0.009 0.022 0.028 0.025 0.047 0.043 0.068 0.031 0.019 0.13 0.016 0.031 0.028 0.028 0.32 0.047
15 L 0.043 0.035 0.034 0.027 0.012 0.027 0.037 0.03 0.183 0.069 0.208 0.035 0.032 0.042 0.017 0.033 0.03 0.007 0.04 0.059
16 V 0.058 0.02 0.016 0.018 0.018 0.015 0.02 0.023 0.008 0.219 0.149 0.025 0.034 0.04 0.016 0.029 0.044 0.006 0.021 0.223
17 S 0.11 0.04 0.054 0.049 0.017 0.033 0.052 0.066 0.019 0.03 0.042 0.054 0.016 0.021 0.03 0.222 0.082 0.005 0.017 0.042
18 N 0.05 0.076 0.18 0.062 0.009 0.043 0.06 0.054 0.026 0.025 0.037 0.167 0.013 0.017 0.024 0.061 0.044 0.005 0.016 0.03
19 E 0.055 0.05 0.04 0.09 0.007 0.064 0.298 0.035 0.026 0.022 0.037 0.075 0.013 0.017 0.026 0.055 0.037 0.005 0.017 0.031
20 D 0.042 0.037 0.194 0.241 0.008 0.032 0.07 0.056 0.025 0.022 0.03 0.049 0.01 0.016 0.021 0.061 0.042 0.004 0.013 0.026
21 I 0.047 0.018 0.015 0.018 0.016 0.013 0.018 0.021 0.009 0.273 0.167 0.024 0.037 0.044 0.015 0.025 0.04 0.006 0.021 0.176
22 Y 0.048 0.039 0.031 0.054 0.008 0.043 0.163 0.03 0.036 0.033 0.053 0.053 0.016 0.074 0.021 0.043 0.032 0.017 0.168 0.039
23 M 0.051 0.03 0.019 0.019 0.015 0.026 0.026 0.026 0.015 0.1 0.181 0.033 0.191 0.045 0.015 0.034 0.039 0.007 0.023 0.107
24 S 0.092 0.036 0.048 0.043 0.017 0.03 0.045 0.055 0.016 0.036 0.048 0.048 0.016 0.021 0.027 0.199 0.151 0.005 0.017 0.049
25 K 0.051 0.163 0.039 0.037 0.008 0.05 0.063 0.039 0.02 0.025 0.042 0.271 0.015 0.015 0.024 0.049 0.037 0.005 0.016 0.031
26 S 0.081 0.06 0.064 0.045 0.013 0.038 0.055 0.054 0.019 0.028 0.041 0.144 0.015 0.018 0.027 0.165 0.074 0.005 0.016 0.037
27 N 0.045 0.038 0.235 0.058 0.011 0.03 0.04 0.05 0.025 0.045 0.08 0.046 0.071 0.026 0.018 0.057 0.055 0.005 0.017 0.047
28 R 0.043 0.185 0.114 0.039 0.01 0.034 0.041 0.036 0.02 0.097 0.07 0.082 0.019 0.023 0.018 0.044 0.038 0.005 0.017 0.064
29 T 0.074 0.036 0.053 0.038 0.016 0.027 0.039 0.045 0.015 0.072 0.066 0.055 0.019 0.024 0.025 0.122 0.176 0.005 0.017 0.077
30 L 0.103 0.024 0.017 0.018 0.015 0.018 0.024 0.033 0.013 0.088 0.221 0.028 0.071 0.121 0.016 0.037 0.034 0.008 0.033 0.078
31 I 0.05 0.034 0.019 0.021 0.014 0.021 0.028 0.024 0.01 0.227 0.125 0.086 0.029 0.034 0.016 0.03 0.039 0.005 0.018 0.169
32 I 0.048 0.019 0.014 0.016 0.016 0.014 0.018 0.02 0.008 0.243 0.203 0.023 0.036 0.041 0.014 0.025 0.038 0.006 0.019 0.181
33 S 0.1 0.034 0.043 0.041 0.015 0.028 0.045 0.056 0.016 0.027 0.038 0.047 0.014 0.018 0.132 0.221 0.066 0.004 0.015 0.038
34 F 0.034 0.021 0.018 0.016 0.009 0.014 0.021 0.023 0.027 0.051 0.088 0.022 0.021 0.303 0.012 0.026 0.025 0.02 0.2 0.048
35 L 0.048 0.022 0.015 0.016 0.016 0.017 0.02 0.022 0.01 0.158 0.255 0.025 0.076 0.044 0.014 0.027 0.037 0.006 0.02 0.152
36 L 0.043 0.025 0.017 0.016 0.014 0.019 0.022 0.022 0.018 0.088 0.285 0.027 0.075 0.063 0.014 0.028 0.041 0.011 0.093 0.078
37 L 0.042 0.021 0.013 0.015 0.015 0.014 0.018 0.02 0.009 0.152 0.366 0.023 0.044 0.049 0.013 0.023 0.032 0.006 0.02 0.105
38 Y 0.038 0.026 0.02 0.017 0.009 0.02 0.026 0.023 0.043 0.04 0.064 0.029 0.017 0.121 0.014 0.029 0.026 0.026 0.367 0.043
39 I 0.042 0.017 0.014 0.016 0.014 0.012 0.017 0.02 0.01 0.263 0.144 0.021 0.032 0.121 0.013 0.024 0.034 0.008 0.032 0.146
40 L 0.053 0.022 0.019 0.02 0.016 0.016 0.022 0.024 0.009 0.179 0.193 0.027 0.033 0.038 0.016 0.038 0.092 0.006 0.019 0.158
41 F 0.034 0.019 0.017 0.017 0.011 0.011 0.019 0.025 0.017 0.063 0.114 0.019 0.025 0.387 0.011 0.025 0.025 0.017 0.089 0.055
42 F 0.034 0.019 0.017 0.017 0.011 0.011 0.019 0.025 0.017 0.063 0.114 0.019 0.025 0.387 0.011 0.025 0.025 0.017 0.089 0.055
43 L 0.07 0.029 0.033 0.031 0.016 0.023 0.033 0.04 0.013 0.11 0.146 0.037 0.026 0.031 0.021 0.132 0.105 0.005 0.018 0.081
44 A 0.169 0.029 0.026 0.027 0.017 0.024 0.034 0.05 0.014 0.062 0.154 0.038 0.064 0.031 0.022 0.099 0.047 0.006 0.018 0.068
45 L 0.045 0.023 0.019 0.019 0.014 0.016 0.022 0.025 0.012 0.091 0.264 0.026 0.035 0.133 0.015 0.036 0.085 0.008 0.034 0.078
46 I 0.048 0.017 0.014 0.016 0.016 0.013 0.018 0.02 0.008 0.288 0.149 0.022 0.033 0.039 0.014 0.025 0.039 0.005 0.019 0.197
47 S 0.102 0.037 0.05 0.045 0.016 0.031 0.049 0.062 0.018 0.028 0.039 0.05 0.015 0.019 0.028 0.276 0.076 0.005 0.016 0.039
48 L 0.048 0.024 0.019 0.018 0.014 0.019 0.022 0.063 0.013 0.089 0.191 0.027 0.1 0.119 0.014 0.032 0.042 0.008 0.032 0.104
49 F 0.042 0.021 0.016 0.016 0.012 0.014 0.02 0.023 0.018 0.087 0.164 0.023 0.028 0.201 0.013 0.026 0.031 0.013 0.112 0.121
50 Q 0.062 0.062 0.043 0.044 0.01 0.224 0.086 0.043 0.025 0.025 0.043 0.078 0.018 0.015 0.023 0.097 0.046 0.005 0.018 0.034
51 L 0.057 0.029 0.029 0.026 0.016 0.021 0.029 0.032 0.011 0.072 0.205 0.035 0.029 0.033 0.021 0.061 0.194 0.006 0.018 0.075
52 L 0.041 0.022 0.013 0.014 0.015 0.015 0.019 0.02 0.009 0.107 0.422 0.023 0.046 0.051 0.013 0.022 0.031 0.007 0.021 0.089
53 N 0.051 0.038 0.237 0.06 0.012 0.029 0.042 0.052 0.023 0.032 0.042 0.047 0.014 0.019 0.021 0.073 0.148 0.005 0.015 0.041
54 Q 0.12 0.053 0.04 0.04 0.012 0.167 0.073 0.05 0.035 0.028 0.045 0.068 0.017 0.017 0.024 0.102 0.047 0.005 0.019 0.04
55 N 0.043 0.043 0.228 0.123 0.008 0.039 0.135 0.05 0.026 0.021 0.03 0.064 0.011 0.016 0.021 0.058 0.041 0.004 0.014 0.026
56 N 0.042 0.049 0.231 0.057 0.009 0.031 0.044 0.048 0.024 0.035 0.086 0.101 0.017 0.052 0.019 0.053 0.04 0.005 0.021 0.036
57 F 0.035 0.026 0.088 0.029 0.009 0.018 0.027 0.031 0.029 0.044 0.074 0.029 0.018 0.225 0.013 0.034 0.029 0.017 0.183 0.043
58 P 0.051 0.022 0.02 0.026 0.011 0.018 0.03 0.031 0.011 0.084 0.058 0.035 0.014 0.018 0.428 0.037 0.034 0.003 0.013 0.056
59 G 0.072 0.021 0.036 0.031 0.01 0.018 0.024 0.546 0.012 0.018 0.026 0.031 0.009 0.015 0.018 0.048 0.028 0.005 0.01 0.022
60 E 0.051 0.046 0.038 0.084 0.007 0.06 0.349 0.032 0.024 0.02 0.034 0.07 0.012 0.015 0.024 0.051 0.034 0.005 0.015 0.029
61 L 0.041 0.022 0.013 0.014 0.015 0.015 0.019 0.02 0.009 0.107 0.422 0.023 0.046 0.051 0.013 0.022 0.031 0.007 0.021 0.089
62 E 0.07 0.044 0.044 0.059 0.011 0.061 0.172 0.045 0.069 0.024 0.037 0.06 0.014 0.018 0.024 0.14 0.05 0.005 0.021 0.032
63 E 0.047 0.11 0.036 0.052 0.008 0.044 0.166 0.033 0.097 0.022 0.036 0.066 0.012 0.017 0.123 0.045 0.032 0.005 0.022 0.027
64 F 0.033 0.019 0.017 0.016 0.01 0.012 0.019 0.023 0.021 0.055 0.097 0.02 0.022 0.37 0.011 0.025 0.024 0.018 0.139 0.049
65 T 0.068 0.03 0.033 0.03 0.015 0.023 0.034 0.038 0.019 0.064 0.069 0.037 0.02 0.043 0.022 0.102 0.15 0.009 0.087 0.107
66 R 0.042 0.244 0.027 0.023 0.01 0.032 0.036 0.026 0.016 0.099 0.141 0.076 0.025 0.028 0.016 0.034 0.033 0.006 0.018 0.068
67 S 0.069 0.035 0.114 0.128 0.013 0.029 0.052 0.053 0.019 0.03 0.039 0.046 0.013 0.018 0.024 0.144 0.114 0.005 0.015 0.039
68 I 0.047 0.018 0.014 0.016 0.016 0.013 0.018 0.02 0.008 0.247 0.202 0.023 0.035 0.041 0.014 0.024 0.037 0.006 0.019 0.181
69 S 0.115 0.032 0.039 0.036 0.015 0.025 0.04 0.054 0.016 0.037 0.056 0.042 0.017 0.102 0.024 0.188 0.079 0.007 0.029 0.046
70 N 0.053 0.036 0.177 0.134 0.011 0.029 0.051 0.05 0.021 0.031 0.04 0.046 0.013 0.018 0.022 0.083 0.131 0.004 0.014 0.039
71 V 0.053 0.021 0.025 0.102 0.015 0.017 0.033 0.026 0.01 0.154 0.108 0.027 0.026 0.057 0.016 0.032 0.04 0.006 0.022 0.213
72 E 0.051 0.046 0.038 0.084 0.007 0.06 0.349 0.032 0.024 0.02 0.034 0.07 0.012 0.015 0.024 0.051 0.034 0.005 0.015 0.029
73 V 0.057 0.021 0.016 0.017 0.017 0.017 0.021 0.023 0.009 0.175 0.14 0.026 0.069 0.037 0.015 0.03 0.042 0.006 0.02 0.244
74 I 0.054 0.021 0.019 0.02 0.016 0.016 0.022 0.024 0.009 0.224 0.127 0.027 0.03 0.035 0.016 0.038 0.092 0.005 0.019 0.187
75 L 0.043 0.022 0.018 0.018 0.013 0.016 0.021 0.024 0.018 0.122 0.208 0.025 0.031 0.137 0.014 0.041 0.033 0.012 0.102 0.084
76 L 0.044 0.02 0.014 0.015 0.014 0.014 0.019 0.022 0.01 0.151 0.225 0.023 0.033 0.046 0.012 0.024 0.033 0.111 0.028 0.141
77 S 0.067 0.03 0.035 0.031 0.013 0.023 0.035 0.041 0.021 0.041 0.062 0.037 0.018 0.123 0.021 0.132 0.108 0.011 0.1 0.048
78 L 0.049 0.026 0.022 0.021 0.014 0.02 0.025 0.029 0.014 0.076 0.184 0.03 0.093 0.144 0.015 0.053 0.068 0.009 0.037 0.071
79 L 0.046 0.021 0.014 0.015 0.015 0.014 0.019 0.02 0.009 0.156 0.287 0.023 0.039 0.071 0.013 0.024 0.035 0.007 0.024 0.148
80 N 0.04 0.037 0.297 0.065 0.01 0.027 0.04 0.052 0.025 0.082 0.054 0.044 0.015 0.022 0.018 0.056 0.044 0.004 0.015 0.053
81 I 0.059 0.021 0.021 0.022 0.016 0.017 0.024 0.028 0.01 0.231 0.125 0.028 0.029 0.035 0.017 0.076 0.046 0.005 0.018 0.171
82 I 0.044 0.017 0.014 0.016 0.015 0.013 0.017 0.019 0.008 0.317 0.156 0.022 0.04 0.041 0.014 0.023 0.037 0.006 0.019 0.161
83 S 0.102 0.037 0.05 0.045 0.016 0.031 0.049 0.061 0.018 0.028 0.039 0.05 0.015 0.019 0.028 0.278 0.076 0.005 0.016 0.039
84 F 0.033 0.019 0.015 0.015 0.011 0.011 0.018 0.023 0.014 0.068 0.169 0.019 0.028 0.356 0.01 0.023 0.025 0.014 0.07 0.059
85 I 0.042 0.017 0.014 0.016 0.014 0.012 0.017 0.02 0.01 0.266 0.144 0.021 0.032 0.119 0.013 0.023 0.034 0.007 0.032 0.146
86 F 0.058 0.02 0.017 0.017 0.014 0.014 0.021 0.025 0.012 0.126 0.134 0.023 0.028 0.194 0.014 0.036 0.036 0.009 0.044 0.161
87 C 0.113 0.018 0.017 0.018 0.32 0.014 0.02 0.036 0.009 0.098 0.078 0.024 0.019 0.023 0.017 0.043 0.037 0.004 0.014 0.077
88 Y 0.039 0.023 0.017 0.016 0.011 0.018 0.023 0.022 0.029 0.111 0.154 0.026 0.026 0.091 0.014 0.026 0.029 0.018 0.229 0.076
89 F 0.036 0.019 0.015 0.016 0.012 0.012 0.018 0.022 0.014 0.121 0.177 0.02 0.03 0.267 0.011 0.023 0.028 0.012 0.067 0.081
90 V 0.053 0.021 0.017 0.018 0.016 0.015 0.021 0.023 0.009 0.189 0.185 0.025 0.033 0.038 0.016 0.033 0.072 0.006 0.019 0.19
91 F 0.047 0.023 0.023 0.022 0.011 0.016 0.025 0.031 0.021 0.058 0.086 0.026 0.021 0.274 0.014 0.075 0.035 0.015 0.124 0.051
92 L 0.046 0.042 0.023 0.033 0.029 0.031 0.094 0.027 0.014 0.069 0.243 0.094 0.031 0.035 0.018 0.034 0.032 0.023 0.02 0.062
93 V 0.053 0.022 0.016 0.016 0.015 0.016 0.022 0.022 0.015 0.125 0.173 0.025 0.037 0.055 0.015 0.028 0.038 0.01 0.089 0.207
94 F 0.039 0.036 0.019 0.02 0.011 0.02 0.028 0.025 0.014 0.07 0.208 0.083 0.03 0.209 0.014 0.028 0.029 0.01 0.046 0.061
95 S 0.078 0.039 0.041 0.039 0.013 0.075 0.052 0.049 0.019 0.033 0.053 0.05 0.017 0.101 0.023 0.182 0.058 0.007 0.03 0.04
96 S 0.074 0.043 0.039 0.035 0.015 0.029 0.042 0.058 0.015 0.047 0.12 0.087 0.021 0.025 0.024 0.146 0.105 0.005 0.017 0.052
97 F 0.033 0.022 0.086 0.028 0.01 0.014 0.023 0.031 0.018 0.051 0.09 0.024 0.021 0.349 0.012 0.032 0.028 0.013 0.069 0.046
98 R 0.044 0.335 0.036 0.031 0.007 0.046 0.052 0.032 0.021 0.022 0.042 0.155 0.014 0.016 0.019 0.043 0.033 0.005 0.016 0.029
99 L 0.04 0.02 0.014 0.015 0.013 0.013 0.018 0.021 0.011 0.112 0.279 0.021 0.037 0.173 0.012 0.023 0.03 0.009 0.04 0.097
100 K 0.054 0.116 0.038 0.036 0.008 0.041 0.054 0.14 0.047 0.023 0.037 0.222 0.013 0.016 0.022 0.047 0.033 0.005 0.018 0.028
101 F 0.037 0.019 0.014 0.015 0.013 0.012 0.018 0.021 0.012 0.143 0.203 0.02 0.032 0.226 0.012 0.023 0.029 0.011 0.049 0.091
102 N 0.059 0.051 0.204 0.073 0.01 0.035 0.052 0.056 0.024 0.024 0.034 0.106 0.012 0.017 0.023 0.12 0.052 0.004 0.015 0.03
103 K 0.049 0.094 0.035 0.034 0.008 0.044 0.057 0.036 0.024 0.028 0.045 0.264 0.015 0.036 0.023 0.045 0.034 0.009 0.086 0.033
104 N 0.043 0.125 0.224 0.058 0.008 0.038 0.051 0.05 0.025 0.022 0.034 0.128 0.012 0.016 0.02 0.056 0.041 0.005 0.015 0.027
105 I 0.048 0.02 0.017 0.018 0.04 0.015 0.021 0.022 0.04 0.225 0.137 0.024 0.03 0.044 0.014 0.027 0.037 0.007 0.047 0.168
106 N 0.06 0.051 0.131 0.049 0.01 0.035 0.05 0.067 0.099 0.024 0.036 0.103 0.013 0.023 0.022 0.111 0.047 0.006 0.035 0.03
107 V 0.051 0.021 0.017 0.017 0.014 0.015 0.022 0.024 0.019 0.103 0.105 0.024 0.025 0.153 0.014 0.029 0.036 0.013 0.12 0.179
108 I 0.044 0.026 0.035 0.036 0.012 0.025 0.098 0.026 0.015 0.158 0.108 0.035 0.025 0.129 0.016 0.033 0.034 0.008 0.034 0.104
109 F 0.042 0.019 0.015 0.016 0.013 0.012 0.018 0.022 0.011 0.139 0.174 0.021 0.031 0.207 0.012 0.025 0.032 0.01 0.046 0.135
110 N 0.043 0.052 0.29 0.067 0.009 0.034 0.049 0.055 0.026 0.026 0.034 0.105 0.012 0.017 0.02 0.06 0.044 0.004 0.015 0.036
111 K 0.044 0.057 0.106 0.124 0.008 0.036 0.067 0.041 0.026 0.026 0.04 0.148 0.013 0.036 0.021 0.048 0.036 0.009 0.085 0.03
112 R 0.064 0.164 0.041 0.039 0.011 0.042 0.063 0.043 0.019 0.026 0.042 0.16 0.015 0.017 0.024 0.112 0.064 0.005 0.016 0.034
113 R 0.042 0.304 0.102 0.039 0.007 0.042 0.049 0.037 0.023 0.022 0.04 0.114 0.014 0.016 0.019 0.046 0.035 0.005 0.016 0.028
114 I 0.044 0.02 0.015 0.016 0.015 0.016 0.019 0.021 0.01 0.235 0.214 0.024 0.074 0.044 0.014 0.025 0.036 0.006 0.02 0.133
115 N 0.039 0.042 0.24 0.06 0.008 0.033 0.047 0.05 0.179 0.021 0.032 0.047 0.012 0.021 0.018 0.054 0.037 0.005 0.03 0.023
116 F 0.04 0.049 0.025 0.024 0.009 0.026 0.036 0.031 0.017 0.04 0.069 0.134 0.018 0.19 0.016 0.035 0.037 0.114 0.052 0.039
117 L 0.04 0.019 0.014 0.015 0.014 0.013 0.017 0.02 0.01 0.199 0.234 0.022 0.036 0.122 0.013 0.023 0.032 0.008 0.032 0.116
118 L 0.039 0.021 0.015 0.016 0.013 0.015 0.019 0.022 0.013 0.13 0.205 0.023 0.071 0.187 0.012 0.025 0.031 0.01 0.043 0.089
119 L 0.043 0.021 0.014 0.015 0.014 0.014 0.019 0.021 0.011 0.103 0.275 0.022 0.036 0.152 0.013 0.024 0.032 0.009 0.037 0.125
120 F 0.063 0.019 0.016 0.017 0.013 0.012 0.019 0.026 0.012 0.134 0.116 0.021 0.026 0.247 0.013 0.029 0.032 0.011 0.053 0.121
121 L 0.048 0.022 0.015 0.016 0.016 0.017 0.02 0.021 0.01 0.157 0.26 0.025 0.076 0.044 0.014 0.026 0.036 0.006 0.02 0.15
122 L 0.039 0.022 0.014 0.014 0.014 0.014 0.018 0.02 0.011 0.097 0.359 0.022 0.041 0.127 0.012 0.023 0.029 0.008 0.033 0.081
123 I 0.046 0.017 0.014 0.016 0.015 0.013 0.017 0.02 0.008 0.299 0.161 0.022 0.034 0.04 0.014 0.024 0.038 0.005 0.019 0.178
124 A 0.235 0.028 0.027 0.029 0.018 0.023 0.035 0.06 0.013 0.095 0.072 0.039 0.019 0.024 0.025 0.107 0.05 0.005 0.017 0.079
125 Q 0.049 0.058 0.106 0.058 0.008 0.182 0.136 0.041 0.027 0.023 0.039 0.075 0.016 0.015 0.022 0.054 0.039 0.005 0.017 0.03
126 L 0.043 0.019 0.013 0.016 0.015 0.013 0.017 0.019 0.009 0.243 0.255 0.022 0.039 0.045 0.013 0.023 0.035 0.006 0.02 0.136
127 L 0.06 0.02 0.02 0.02 0.013 0.014 0.02 0.129 0.012 0.103 0.168 0.024 0.027 0.167 0.014 0.032 0.036 0.009 0.038 0.073
128 F 0.031 0.018 0.016 0.016 0.01 0.01 0.018 0.024 0.016 0.059 0.106 0.018 0.024 0.432 0.01 0.024 0.024 0.016 0.082 0.051
129 L 0.051 0.024 0.019 0.019 0.016 0.017 0.023 0.024 0.01 0.104 0.289 0.027 0.037 0.041 0.016 0.037 0.088 0.006 0.02 0.131
130 L 0.049 0.021 0.015 0.016 0.015 0.016 0.021 0.021 0.015 0.152 0.196 0.024 0.032 0.057 0.014 0.027 0.036 0.01 0.089 0.173
131 T 0.062 0.041 0.029 0.027 0.013 0.026 0.036 0.033 0.019 0.107 0.079 0.093 0.021 0.045 0.021 0.052 0.123 0.009 0.087 0.077
132 T 0.068 0.033 0.04 0.035 0.016 0.026 0.036 0.04 0.013 0.049 0.06 0.042 0.018 0.022 0.026 0.086 0.302 0.005 0.016 0.066
133 G 0.073 0.022 0.037 0.032 0.01 0.018 0.025 0.53 0.013 0.018 0.027 0.032 0.009 0.015 0.018 0.055 0.029 0.005 0.01 0.023
134 V 0.062 0.02 0.015 0.016 0.017 0.015 0.021 0.022 0.008 0.174 0.125 0.024 0.03 0.034 0.015 0.03 0.045 0.005 0.019 0.303
135 G 0.072 0.021 0.036 0.031 0.01 0.018 0.024 0.546 0.012 0.018 0.026 0.031 0.009 0.015 0.018 0.048 0.028 0.005 0.01 0.022
136 K 0.058 0.068 0.029 0.03 0.012 0.036 0.048 0.033 0.015 0.076 0.072 0.209 0.02 0.022 0.021 0.042 0.04 0.005 0.017 0.147
137 V 0.065 0.02 0.015 0.016 0.018 0.015 0.022 0.023 0.008 0.152 0.121 0.024 0.029 0.033 0.015 0.03 0.046 0.005 0.019 0.323
138 G 0.07 0.028 0.039 0.033 0.014 0.022 0.031 0.243 0.013 0.037 0.047 0.038 0.014 0.019 0.022 0.07 0.192 0.005 0.014 0.048
139 T 0.08 0.032 0.038 0.035 0.017 0.025 0.038 0.045 0.014 0.07 0.067 0.041 0.019 0.024 0.024 0.149 0.152 0.005 0.017 0.11
140 N 0.056 0.04 0.283 0.068 0.01 0.031 0.046 0.061 0.026 0.023 0.032 0.05 0.011 0.017 0.021 0.121 0.054 0.004 0.015 0.029
141 A 0.211 0.026 0.021 0.024 0.019 0.021 0.032 0.052 0.011 0.085 0.081 0.035 0.021 0.025 0.051 0.059 0.046 0.005 0.017 0.158
142 N 0.044 0.043 0.232 0.1 0.008 0.041 0.145 0.051 0.027 0.021 0.031 0.057 0.011 0.016 0.021 0.06 0.042 0.005 0.015 0.027
143 E 0.052 0.055 0.039 0.072 0.007 0.126 0.255 0.035 0.026 0.022 0.038 0.076 0.015 0.015 0.024 0.052 0.036 0.005 0.017 0.031
144 I 0.044 0.138 0.022 0.021 0.013 0.024 0.028 0.023 0.013 0.214 0.121 0.053 0.028 0.033 0.015 0.03 0.036 0.006 0.018 0.121
145 A 0.152 0.034 0.103 0.043 0.016 0.027 0.041 0.059 0.018 0.036 0.047 0.045 0.015 0.02 0.025 0.124 0.121 0.005 0.016 0.051
146 T 0.084 0.034 0.042 0.037 0.017 0.027 0.039 0.046 0.014 0.045 0.056 0.044 0.017 0.021 0.026 0.124 0.248 0.005 0.016 0.06
147 S 0.089 0.038 0.05 0.043 0.014 0.032 0.049 0.056 0.095 0.026 0.038 0.049 0.014 0.021 0.026 0.23 0.066 0.005 0.024 0.035
148 I 0.066 0.026 0.029 0.029 0.014 0.02 0.031 0.038 0.014 0.127 0.09 0.033 0.022 0.108 0.053 0.126 0.05 0.007 0.03 0.087
149 L 0.038 0.023 0.016 0.016 0.011 0.016 0.021 0.022 0.024 0.071 0.215 0.024 0.03 0.155 0.013 0.025 0.027 0.016 0.172 0.063
150 S 0.095 0.036 0.048 0.043 0.016 0.03 0.046 0.057 0.017 0.032 0.043 0.048 0.015 0.02 0.027 0.239 0.121 0.005 0.016 0.044
151 P 0.111 0.025 0.022 0.028 0.012 0.02 0.034 0.041 0.012 0.027 0.038 0.039 0.011 0.014 0.43 0.048 0.036 0.003 0.013 0.036
152 L 0.041 0.019 0.014 0.015 0.014 0.013 0.018 0.02 0.01 0.188 0.276 0.022 0.038 0.094 0.013 0.023 0.032 0.007 0.028 0.114
153 F 0.038 0.018 0.016 0.016 0.011 0.011 0.018 0.023 0.014 0.077 0.109 0.019 0.025 0.352 0.011 0.025 0.028 0.014 0.07 0.105
154 L 0.142 0.028 0.028 0.029 0.017 0.022 0.033 0.048 0.013 0.106 0.143 0.037 0.025 0.03 0.022 0.123 0.051 0.005 0.018 0.08
155 F 0.039 0.019 0.015 0.016 0.013 0.013 0.018 0.022 0.012 0.157 0.191 0.021 0.046 0.2 0.012 0.024 0.03 0.01 0.045 0.098
156 L 0.04 0.02 0.014 0.015 0.014 0.013 0.018 0.02 0.01 0.141 0.305 0.022 0.039 0.125 0.013 0.023 0.031 0.008 0.033 0.096
157 K 0.063 0.087 0.041 0.04 0.01 0.046 0.062 0.044 0.019 0.026 0.04 0.275 0.014 0.015 0.026 0.095 0.045 0.005 0.016 0.032
158 P 0.053 0.024 0.022 0.029 0.01 0.019 0.034 0.034 0.012 0.024 0.034 0.038 0.01 0.012 0.531 0.041 0.034 0.002 0.012 0.029
159 E 0.051 0.037 0.038 0.142 0.009 0.044 0.23 0.033 0.019 0.047 0.05 0.055 0.015 0.019 0.022 0.046 0.036 0.005 0.015 0.086
160 P 0.051 0.024 0.024 0.027 0.011 0.019 0.031 0.033 0.013 0.036 0.053 0.035 0.014 0.098 0.326 0.046 0.085 0.006 0.027 0.041
161 F 0.033 0.019 0.017 0.016 0.01 0.012 0.019 0.023 0.021 0.055 0.097 0.02 0.022 0.37 0.011 0.025 0.024 0.018 0.139 0.049
162 I 0.039 0.017 0.014 0.016 0.013 0.011 0.017 0.021 0.011 0.218 0.136 0.02 0.03 0.197 0.012 0.023 0.032 0.01 0.044 0.119
163 Y 0.039 0.024 0.02 0.019 0.009 0.018 0.026 0.025 0.031 0.041 0.066 0.028 0.017 0.162 0.117 0.03 0.027 0.019 0.24 0.042
164 L 0.044 0.02 0.014 0.015 0.015 0.013 0.019 0.021 0.01 0.15 0.245 0.022 0.036 0.122 0.013 0.024 0.034 0.008 0.032 0.143
165 Y 0.035 0.023 0.018 0.017 0.009 0.016 0.023 0.023 0.032 0.048 0.08 0.024 0.02 0.246 0.013 0.027 0.025 0.022 0.254 0.046
166 F 0.033 0.019 0.017 0.016 0.01 0.012 0.019 0.023 0.021 0.055 0.097 0.02 0.022 0.37 0.011 0.025 0.024 0.018 0.139 0.049
167 L 0.039 0.022 0.014 0.014 0.014 0.014 0.018 0.02 0.011 0.097 0.359 0.022 0.041 0.127 0.012 0.023 0.029 0.008 0.033 0.081
168 Y 0.04 0.025 0.018 0.017 0.011 0.018 0.023 0.022 0.029 0.067 0.207 0.027 0.029 0.09 0.014 0.028 0.037 0.018 0.218 0.062
169 F 0.036 0.022 0.017 0.016 0.01 0.015 0.021 0.023 0.025 0.061 0.152 0.023 0.026 0.232 0.012 0.025 0.026 0.018 0.184 0.055
170 R 0.041 0.394 0.036 0.029 0.007 0.045 0.048 0.03 0.022 0.022 0.043 0.111 0.014 0.016 0.018 0.041 0.032 0.005 0.016 0.029
171 L 0.049 0.028 0.022 0.033 0.012 0.027 0.09 0.027 0.014 0.111 0.143 0.038 0.071 0.031 0.12 0.037 0.044 0.005 0.018 0.078
172 K 0.046 0.061 0.133 0.158 0.008 0.038 0.074 0.046 0.021 0.024 0.034 0.161 0.012 0.015 0.022 0.054 0.047 0.004 0.014 0.028
173 K 0.061 0.055 0.032 0.033 0.011 0.032 0.046 0.039 0.015 0.086 0.062 0.155 0.017 0.02 0.125 0.088 0.044 0.004 0.016 0.058
174 N 0.049 0.035 0.257 0.079 0.009 0.027 0.041 0.201 0.024 0.02 0.028 0.044 0.01 0.016 0.018 0.059 0.04 0.004 0.013 0.024
175 F 0.032 0.018 0.016 0.016 0.01 0.01 0.018 0.024 0.016 0.06 0.108 0.018 0.024 0.42 0.01 0.024 0.024 0.016 0.084 0.052
176 S 0.103 0.035 0.046 0.041 0.016 0.029 0.044 0.055 0.016 0.035 0.047 0.047 0.016 0.02 0.027 0.205 0.148 0.005 0.016 0.049
177 F 0.04 0.02 0.017 0.016 0.112 0.014 0.02 0.025 0.025 0.048 0.08 0.022 0.019 0.225 0.013 0.028 0.027 0.017 0.182 0.048
178 K 0.05 0.089 0.031 0.031 0.01 0.038 0.049 0.033 0.016 0.121 0.08 0.207 0.021 0.024 0.022 0.041 0.037 0.005 0.017 0.076
179 G 0.065 0.057 0.038 0.035 0.009 0.032 0.043 0.316 0.016 0.022 0.033 0.159 0.011 0.015 0.022 0.049 0.032 0.005 0.013 0.027
180 D 0.042 0.12 0.154 0.157 0.008 0.037 0.061 0.046 0.022 0.022 0.033 0.116 0.011 0.015 0.02 0.053 0.038 0.004 0.014 0.026
181 I 0.048 0.052 0.025 0.026 0.012 0.03 0.038 0.029 0.014 0.152 0.124 0.148 0.064 0.031 0.019 0.036 0.037 0.006 0.019 0.092
182 L 0.042 0.041 0.015 0.016 0.014 0.016 0.021 0.021 0.01 0.171 0.307 0.035 0.04 0.045 0.014 0.024 0.033 0.006 0.02 0.109
183 F 0.031 0.018 0.016 0.016 0.01 0.01 0.018 0.024 0.016 0.059 0.106 0.018 0.024 0.432 0.01 0.024 0.024 0.016 0.082 0.051
184 I 0.055 0.023 0.024 0.024 0.016 0.018 0.025 0.028 0.01 0.202 0.115 0.03 0.027 0.033 0.019 0.049 0.144 0.005 0.018 0.136
185 I 0.048 0.021 0.021 0.021 0.014 0.015 0.022 0.026 0.011 0.198 0.12 0.026 0.028 0.114 0.016 0.04 0.105 0.008 0.031 0.115
186 N 0.04 0.042 0.368 0.077 0.008 0.031 0.046 0.06 0.029 0.021 0.029 0.05 0.01 0.017 0.019 0.065 0.046 0.004 0.015 0.025
187 I 0.048 0.018 0.014 0.017 0.016 0.014 0.018 0.021 0.009 0.267 0.151 0.023 0.052 0.04 0.014 0.026 0.039 0.006 0.019 0.188
188 L 0.042 0.02 0.014 0.015 0.015 0.014 0.018 0.02 0.01 0.155 0.3 0.022 0.039 0.095 0.013 0.023 0.032 0.007 0.028 0.117
189 L 0.041 0.022 0.013 0.014 0.015 0.015 0.019 0.02 0.009 0.107 0.422 0.023 0.046 0.051 0.013 0.022 0.031 0.007 0.021 0.089
190 F 0.031 0.018 0.016 0.016 0.01 0.01 0.018 0.024 0.016 0.059 0.106 0.018 0.024 0.432 0.01 0.024 0.024 0.016 0.082 0.051
191 I 0.064 0.021 0.022 0.022 0.117 0.017 0.024 0.031 0.01 0.163 0.104 0.028 0.025 0.03 0.017 0.079 0.046 0.005 0.017 0.159
192 L 0.135 0.023 0.018 0.02 0.015 0.017 0.025 0.038 0.012 0.076 0.164 0.028 0.027 0.153 0.017 0.043 0.044 0.009 0.037 0.098
193 F 0.033 0.019 0.015 0.015 0.011 0.011 0.018 0.023 0.014 0.068 0.169 0.019 0.028 0.356 0.01 0.023 0.025 0.014 0.07 0.059
194 K 0.053 0.099 0.038 0.038 0.008 0.05 0.066 0.04 0.019 0.026 0.04 0.332 0.014 0.014 0.026 0.05 0.037 0.005 0.016 0.03
195 L 0.041 0.02 0.014 0.015 0.015 0.014 0.018 0.02 0.009 0.19 0.292 0.022 0.04 0.075 0.013 0.023 0.033 0.007 0.025 0.116
196 L 0.063 0.027 0.028 0.027 0.014 0.02 0.03 0.037 0.014 0.065 0.205 0.033 0.029 0.114 0.018 0.125 0.047 0.008 0.031 0.061
197 Q 0.052 0.068 0.041 0.044 0.008 0.273 0.095 0.038 0.027 0.025 0.044 0.084 0.019 0.014 0.022 0.052 0.038 0.005 0.019 0.033
198 G 0.072 0.021 0.036 0.031 0.01 0.018 0.024 0.546 0.012 0.018 0.026 0.031 0.009 0.015 0.018 0.048 0.028 0.005 0.01 0.022
199 W 0.028 0.021 0.014 0.014 0.007 0.014 0.021 0.028 0.014 0.028 0.049 0.021 0.014 0.056 0.007 0.021 0.021 0.53 0.063 0.028
200 T 0.074 0.034 0.042 0.037 0.016 0.027 0.039 0.044 0.014 0.045 0.056 0.044 0.017 0.021 0.026 0.124 0.257 0.005 0.016 0.06
201 S 0.144 0.032 0.042 0.039 0.016 0.027 0.041 0.161 0.016 0.028 0.04 0.045 0.014 0.019 0.026 0.192 0.06 0.005 0.015 0.041
202 F 0.031 0.018 0.016 0.016 0.01 0.01 0.018 0.024 0.016 0.059 0.106 0.018 0.024 0.432 0.01 0.024 0.024 0.016 0.082 0.051
203 L 0.046 0.021 0.014 0.015 0.016 0.015 0.019 0.02 0.009 0.16 0.308 0.023 0.04 0.045 0.014 0.024 0.035 0.006 0.02 0.151
204 L 0.037 0.021 0.014 0.015 0.013 0.013 0.018 0.021 0.012 0.088 0.295 0.021 0.037 0.203 0.012 0.023 0.028 0.01 0.045 0.074
205 I 0.105 0.03 0.021 0.024 0.015 0.067 0.037 0.034 0.013 0.192 0.133 0.038 0.028 0.032 0.018 0.04 0.039 0.005 0.019 0.112
206 L 0.042 0.022 0.014 0.015 0.015 0.015 0.019 0.02 0.009 0.15 0.353 0.024 0.055 0.048 0.013 0.023 0.033 0.006 0.02 0.104
207 F 0.031 0.018 0.016 0.016 0.01 0.01 0.018 0.024 0.016 0.059 0.106 0.018 0.024 0.432 0.01 0.024 0.024 0.016 0.082 0.051
208 F 0.036 0.021 0.017 0.017 0.011 0.014 0.02 0.025 0.016 0.065 0.119 0.022 0.063 0.344 0.011 0.032 0.028 0.014 0.069 0.058
209 L 0.04 0.023 0.015 0.015 0.014 0.016 0.02 0.02 0.016 0.094 0.35 0.025 0.04 0.065 0.013 0.024 0.03 0.01 0.09 0.08
210 E 0.051 0.046 0.038 0.084 0.007 0.06 0.349 0.032 0.024 0.02 0.034 0.07 0.012 0.015 0.024 0.051 0.034 0.005 0.015 0.029
211 L 0.058 0.024 0.016 0.017 0.016 0.019 0.022 0.024 0.011 0.116 0.261 0.027 0.1 0.044 0.015 0.03 0.037 0.006 0.021 0.136
212 Y 0.037 0.028 0.025 0.021 0.009 0.021 0.029 0.026 0.11 0.04 0.066 0.029 0.018 0.165 0.014 0.03 0.025 0.02 0.248 0.04
213 A 0.219 0.026 0.021 0.023 0.016 0.02 0.031 0.053 0.02 0.044 0.067 0.034 0.018 0.123 0.021 0.058 0.038 0.011 0.1 0.057
214 R 0.041 0.32 0.033 0.026 0.008 0.04 0.044 0.029 0.026 0.025 0.047 0.095 0.015 0.037 0.017 0.039 0.031 0.009 0.087 0.032
215 F 0.043 0.023 0.018 0.017 0.012 0.018 0.023 0.024 0.023 0.078 0.11 0.026 0.062 0.171 0.013 0.029 0.032 0.015 0.153 0.11
216 R 0.045 0.174 0.103 0.042 0.008 0.085 0.059 0.039 0.025 0.024 0.041 0.132 0.015 0.023 0.02 0.049 0.037 0.007 0.043 0.03
217 L 0.042 0.066 0.091 0.033 0.011 0.026 0.035 0.033 0.017 0.062 0.202 0.095 0.028 0.082 0.017 0.038 0.034 0.007 0.026 0.056
218 K 0.056 0.13 0.05 0.036 0.011 0.038 0.05 0.039 0.017 0.034 0.048 0.162 0.016 0.018 0.024 0.063 0.142 0.005 0.016 0.044
219 D 0.041 0.03 0.069 0.397 0.008 0.03 0.091 0.047 0.019 0.022 0.028 0.045 0.009 0.015 0.022 0.052 0.035 0.004 0.011 0.024
220 N 0.055 0.054 0.227 0.062 0.01 0.035 0.051 0.056 0.025 0.023 0.034 0.116 0.012 0.017 0.022 0.104 0.05 0.004 0.015 0.029
221 K 0.083 0.073 0.048 0.045 0.013 0.043 0.061 0.055 0.02 0.029 0.042 0.167 0.016 0.018 0.029 0.138 0.061 0.005 0.017 0.037
222 L 0.039 0.022 0.015 0.016 0.013 0.013 0.02 0.023 0.013 0.089 0.246 0.022 0.037 0.222 0.012 0.025 0.029 0.012 0.055 0.075
223 K 0.052 0.088 0.091 0.045 0.008 0.046 0.062 0.044 0.021 0.025 0.038 0.278 0.014 0.015 0.025 0.06 0.039 0.005 0.016 0.03
224 R 0.047 0.17 0.138 0.051 0.008 0.044 0.056 0.046 0.025 0.024 0.039 0.155 0.014 0.017 0.022 0.054 0.04 0.005 0.016 0.029
225 L 0.043 0.023 0.016 0.017 0.014 0.017 0.021 0.022 0.021 0.148 0.207 0.026 0.034 0.075 0.014 0.026 0.033 0.013 0.126 0.104
226 K 0.058 0.13 0.035 0.033 0.011 0.038 0.049 0.038 0.017 0.041 0.117 0.17 0.021 0.023 0.022 0.088 0.043 0.005 0.017 0.043
227 I 0.041 0.02 0.016 0.017 0.012 0.015 0.02 0.021 0.022 0.195 0.126 0.025 0.027 0.086 0.014 0.025 0.032 0.014 0.161 0.109
228 I 0.051 0.018 0.014 0.016 0.016 0.013 0.018 0.021 0.008 0.254 0.141 0.023 0.032 0.051 0.014 0.026 0.04 0.006 0.021 0.217
229 L 0.042 0.023 0.015 0.015 0.014 0.017 0.02 0.021 0.011 0.099 0.34 0.025 0.079 0.091 0.013 0.025 0.031 0.008 0.028 0.084
230 L 0.04 0.02 0.014 0.015 0.014 0.013 0.018 0.02 0.01 0.141 0.305 0.022 0.039 0.125 0.013 0.023 0.031 0.008 0.033 0.096
231 L 0.102 0.023 0.015 0.017 0.016 0.016 0.022 0.03 0.01 0.137 0.295 0.027 0.038 0.043 0.016 0.034 0.035 0.006 0.019 0.099
232 P 0.053 0.024 0.022 0.029 0.01 0.019 0.034 0.034 0.012 0.024 0.034 0.038 0.01 0.012 0.531 0.041 0.034 0.002 0.012 0.029
233 L 0.041 0.022 0.013 0.014 0.015 0.015 0.019 0.02 0.009 0.114 0.413 0.023 0.046 0.05 0.013 0.023 0.031 0.007 0.021 0.092
234 F 0.043 0.019 0.015 0.016 0.014 0.013 0.018 0.022 0.011 0.145 0.183 0.021 0.031 0.185 0.013 0.025 0.033 0.009 0.043 0.143
235 I 0.044 0.016 0.014 0.016 0.015 0.012 0.016 0.019 0.008 0.325 0.155 0.022 0.034 0.041 0.014 0.023 0.037 0.005 0.019 0.164
236 L 0.043 0.019 0.013 0.015 0.015 0.013 0.017 0.019 0.009 0.238 0.262 0.022 0.039 0.045 0.013 0.023 0.034 0.006 0.02 0.134
237 F 0.034 0.019 0.015 0.015 0.011 0.011 0.018 0.023 0.014 0.07 0.179 0.019 0.029 0.343 0.011 0.023 0.025 0.014 0.068 0.06
238 F 0.036 0.02 0.015 0.015 0.012 0.012 0.018 0.022 0.013 0.08 0.243 0.02 0.033 0.267 0.011 0.023 0.027 0.012 0.056 0.067
239 G 0.072 0.021 0.036 0.031 0.01 0.018 0.024 0.546 0.012 0.018 0.026 0.031 0.009 0.015 0.018 0.048 0.028 0.005 0.01 0.022
240 G 0.072 0.021 0.036 0.031 0.01 0.018 0.024 0.546 0.012 0.018 0.026 0.031 0.009 0.015 0.018 0.048 0.028 0.005 0.01 0.022
241 W 0.098 0.022 0.016 0.017 0.012 0.016 0.024 0.036 0.013 0.055 0.065 0.026 0.018 0.044 0.013 0.034 0.031 0.32 0.045 0.094
242 V 0.054 0.02 0.014 0.016 0.016 0.014 0.019 0.021 0.008 0.197 0.192 0.023 0.034 0.039 0.014 0.027 0.04 0.006 0.019 0.227
243 Y 0.038 0.026 0.02 0.017 0.009 0.02 0.026 0.023 0.043 0.04 0.063 0.029 0.017 0.121 0.014 0.029 0.026 0.026 0.368 0.043
244 Q 0.062 0.068 0.042 0.043 0.01 0.18 0.08 0.043 0.024 0.025 0.042 0.127 0.017 0.015 0.024 0.096 0.045 0.005 0.018 0.033
245 Y 0.044 0.04 0.024 0.024 0.009 0.026 0.035 0.029 0.032 0.034 0.053 0.091 0.015 0.078 0.12 0.035 0.03 0.017 0.227 0.038
246 A 0.227 0.025 0.02 0.023 0.019 0.02 0.03 0.052 0.011 0.119 0.088 0.034 0.022 0.027 0.022 0.058 0.044 0.005 0.017 0.136
247 Y 0.035 0.023 0.019 0.017 0.009 0.016 0.023 0.023 0.033 0.047 0.079 0.025 0.02 0.235 0.013 0.027 0.025 0.022 0.263 0.046
248 V 0.062 0.025 0.02 0.03 0.016 0.024 0.087 0.025 0.011 0.126 0.103 0.033 0.026 0.03 0.017 0.035 0.043 0.005 0.018 0.264
249 L 0.042 0.021 0.013 0.015 0.015 0.014 0.018 0.02 0.009 0.174 0.34 0.023 0.042 0.048 0.013 0.023 0.033 0.006 0.02 0.112
250 K 0.053 0.099 0.038 0.038 0.008 0.05 0.066 0.04 0.019 0.026 0.04 0.332 0.014 0.014 0.026 0.05 0.037 0.005 0.016 0.03
251 N 0.041 0.039 0.298 0.065 0.01 0.03 0.042 0.053 0.026 0.035 0.06 0.047 0.053 0.022 0.018 0.058 0.044 0.005 0.016 0.037
252 E 0.051 0.05 0.038 0.076 0.007 0.102 0.298 0.034 0.025 0.021 0.036 0.073 0.013 0.015 0.023 0.051 0.035 0.005 0.016 0.03
253 I 0.044 0.016 0.014 0.016 0.015 0.012 0.016 0.019 0.008 0.325 0.155 0.022 0.034 0.041 0.014 0.023 0.037 0.005 0.019 0.164
254 R 0.041 0.394 0.036 0.029 0.007 0.045 0.048 0.03 0.022 0.022 0.043 0.111 0.014 0.016 0.018 0.041 0.032 0.005 0.016 0.029
255 G 0.066 0.025 0.102 0.04 0.01 0.02 0.028 0.449 0.016 0.018 0.027 0.035 0.009 0.015 0.018 0.051 0.031 0.005 0.011 0.023
256 N 0.108 0.033 0.152 0.045 0.014 0.025 0.037 0.051 0.018 0.048 0.119 0.041 0.02 0.025 0.021 0.07 0.095 0.005 0.017 0.054
257 D 0.052 0.039 0.055 0.174 0.009 0.028 0.055 0.144 0.016 0.023 0.031 0.091 0.01 0.014 0.125 0.049 0.042 0.004 0.012 0.027
258 V 0.072 0.024 0.022 0.022 0.017 0.018 0.027 0.031 0.01 0.126 0.114 0.03 0.027 0.031 0.018 0.081 0.052 0.005 0.019 0.255
259 A 0.157 0.034 0.039 0.152 0.012 0.037 0.153 0.05 0.018 0.028 0.04 0.051 0.013 0.017 0.042 0.061 0.038 0.005 0.014 0.04
260 P 0.066 0.033 0.035 0.045 0.012 0.031 0.102 0.041 0.016 0.029 0.04 0.048 0.013 0.016 0.215 0.102 0.097 0.004 0.015 0.039
261 I 0.043 0.019 0.013 0.016 0.015 0.013 0.017 0.019 0.009 0.249 0.246 0.022 0.038 0.044 0.013 0.023 0.035 0.006 0.02 0.139
262 S 0.089 0.036 0.046 0.041 0.016 0.029 0.044 0.053 0.016 0.036 0.047 0.047 0.016 0.02 0.027 0.203 0.162 0.005 0.016 0.049
263 Y 0.04 0.022 0.018 0.017 0.011 0.017 0.022 0.021 0.029 0.154 0.1 0.026 0.024 0.089 0.014 0.027 0.03 0.018 0.229 0.091
264 Y 0.054 0.031 0.028 0.036 0.011 0.029 0.093 0.032 0.027 0.047 0.12 0.04 0.026 0.076 0.019 0.082 0.039 0.013 0.148 0.049
265 Q 0.049 0.054 0.045 0.134 0.008 0.165 0.163 0.038 0.024 0.023 0.037 0.072 0.015 0.014 0.022 0.051 0.036 0.005 0.016 0.03
266 G 0.078 0.024 0.039 0.034 0.011 0.02 0.029 0.449 0.014 0.02 0.029 0.035 0.01 0.016 0.02 0.094 0.037 0.005 0.011 0.026
267 V 0.06 0.019 0.015 0.016 0.017 0.015 0.02 0.022 0.008 0.193 0.129 0.024 0.03 0.035 0.015 0.029 0.044 0.005 0.019 0.286
268 E 0.055 0.041 0.037 0.073 0.007 0.051 0.284 0.135 0.022 0.02 0.032 0.062 0.011 0.015 0.023 0.05 0.033 0.005 0.014 0.028
269 H 0.044 0.053 0.046 0.039 0.007 0.13 0.068 0.036 0.253 0.023 0.039 0.059 0.016 0.022 0.019 0.044 0.03 0.006 0.039 0.026
270 L 0.041 0.022 0.013 0.014 0.015 0.015 0.019 0.02 0.009 0.107 0.422 0.023 0.046 0.051 0.013 0.022 0.031 0.007 0.021 0.089
271 A 0.233 0.03 0.03 0.03 0.019 0.024 0.037 0.06 0.013 0.044 0.057 0.042 0.017 0.021 0.027 0.082 0.149 0.005 0.016 0.065
272 S 0.089 0.038 0.114 0.052 0.015 0.031 0.048 0.061 0.02 0.026 0.037 0.05 0.014 0.019 0.026 0.235 0.07 0.005 0.016 0.036
273 R 0.041 0.394 0.036 0.029 0.007 0.045 0.048 0.03 0.022 0.022 0.043 0.111 0.014 0.016 0.018 0.041 0.032 0.005 0.016 0.029
274 L 0.041 0.022 0.013 0.014 0.015 0.015 0.019 0.02 0.009 0.107 0.422 0.023 0.046 0.051 0.013 0.022 0.031 0.007 0.021 0.089
275 S 0.102 0.037 0.05 0.045 0.016 0.031 0.049 0.061 0.018 0.028 0.039 0.05 0.015 0.019 0.028 0.278 0.076 0.005 0.016 0.039
276 L 0.045 0.026 0.018 0.018 0.014 0.022 0.024 0.024 0.019 0.129 0.153 0.03 0.144 0.059 0.015 0.03 0.035 0.011 0.091 0.093
277 N 0.04 0.034 0.226 0.052 0.011 0.025 0.035 0.044 0.021 0.055 0.186 0.039 0.025 0.03 0.016 0.048 0.04 0.005 0.017 0.051
278 P 0.053 0.024 0.022 0.029 0.01 0.019 0.034 0.034 0.012 0.024 0.034 0.038 0.01 0.012 0.531 0.041 0.034 0.002 0.012 0.029
279 V 0.051 0.023 0.085 0.029 0.015 0.017 0.024 0.029 0.012 0.195 0.116 0.028 0.027 0.033 0.015 0.034 0.042 0.005 0.018 0.2
280 S 0.15 0.035 0.045 0.042 0.017 0.029 0.046 0.064 0.017 0.03 0.042 0.048 0.015 0.019 0.028 0.238 0.07 0.005 0.016 0.044
281 L 0.046 0.021 0.014 0.015 0.016 0.015 0.019 0.02 0.009 0.16 0.308 0.023 0.04 0.045 0.014 0.024 0.035 0.006 0.02 0.151
282 G 0.072 0.021 0.036 0.031 0.01 0.018 0.024 0.546 0.012 0.018 0.026 0.031 0.009 0.015 0.018 0.048 0.028 0.005 0.01 0.022
283 A 0.343 0.029 0.024 0.028 0.02 0.024 0.038 0.072 0.014 0.04 0.055 0.041 0.016 0.02 0.028 0.079 0.046 0.005 0.016 0.064
284 Y 0.044 0.023 0.018 0.017 0.012 0.018 0.023 0.022 0.029 0.12 0.093 0.027 0.023 0.087 0.014 0.028 0.032 0.018 0.229 0.123
285 Q 0.052 0.061 0.04 0.057 0.008 0.202 0.18 0.036 0.026 0.023 0.04 0.08 0.017 0.014 0.022 0.052 0.037 0.005 0.018 0.031
286 N 0.04 0.042 0.368 0.077 0.008 0.031 0.046 0.06 0.029 0.021 0.029 0.05 0.01 0.017 0.019 0.065 0.046 0.004 0.015 0.025
287 Y 0.043 0.055 0.027 0.026 0.008 0.032 0.042 0.03 0.033 0.035 0.055 0.15 0.016 0.089 0.019 0.037 0.03 0.017 0.218 0.038
288 D 0.063 0.031 0.058 0.283 0.011 0.029 0.07 0.05 0.018 0.023 0.031 0.045 0.011 0.016 0.023 0.14 0.05 0.004 0.013 0.029
289 K 0.059 0.069 0.033 0.032 0.012 0.037 0.05 0.036 0.015 0.062 0.063 0.211 0.019 0.02 0.023 0.056 0.067 0.005 0.017 0.112
290 V 0.059 0.019 0.015 0.016 0.017 0.015 0.02 0.022 0.008 0.197 0.13 0.024 0.031 0.035 0.015 0.029 0.043 0.005 0.019 0.282
291 V 0.057 0.035 0.019 0.021 0.015 0.021 0.029 0.025 0.01 0.173 0.114 0.085 0.028 0.031 0.017 0.032 0.042 0.005 0.018 0.222
292 H 0.065 0.042 0.113 0.061 0.011 0.033 0.05 0.051 0.148 0.024 0.035 0.057 0.013 0.021 0.022 0.14 0.05 0.005 0.028 0.029
293 L 0.041 0.022 0.013 0.014 0.015 0.015 0.019 0.02 0.009 0.107 0.422 0.023 0.046 0.051 0.013 0.022 0.031 0.007 0.021 0.089
294 Y 0.036 0.024 0.019 0.017 0.009 0.018 0.024 0.023 0.038 0.044 0.072 0.027 0.019 0.183 0.014 0.028 0.025 0.024 0.311 0.045
295 Q 0.052 0.07 0.04 0.051 0.008 0.186 0.14 0.037 0.025 0.024 0.041 0.131 0.017 0.014 0.023 0.051 0.037 0.005 0.018 0.031
296 K 0.059 0.085 0.107 0.048 0.01 0.075 0.062 0.048 0.022 0.025 0.038 0.171 0.014 0.016 0.024 0.098 0.046 0.005 0.016 0.031
297 E 0.048 0.042 0.043 0.155 0.007 0.053 0.296 0.035 0.023 0.021 0.032 0.064 0.011 0.015 0.023 0.051 0.034 0.005 0.014 0.028
298 N 0.071 0.036 0.174 0.055 0.012 0.028 0.042 0.158 0.021 0.023 0.032 0.046 0.012 0.017 0.022 0.146 0.054 0.005 0.014 0.03
299 R 0.045 0.172 0.032 0.039 0.009 0.086 0.111 0.03 0.02 0.049 0.121 0.077 0.022 0.023 0.019 0.041 0.034 0.006 0.018 0.046
300 R 0.045 0.334 0.039 0.032 0.008 0.049 0.053 0.033 0.024 0.024 0.047 0.122 0.016 0.018 0.02 0.045 0.035 0.006 0.018 0.032
301 Y 0.041 0.028 0.022 0.019 0.009 0.022 0.028 0.025 0.047 0.044 0.07 0.032 0.019 0.133 0.016 0.032 0.028 0.028 0.306 0.047
302 V 0.087 0.023 0.031 0.106 0.014 0.019 0.036 0.137 0.011 0.103 0.078 0.031 0.02 0.025 0.018 0.043 0.047 0.005 0.015 0.151
303 F 0.035 0.019 0.015 0.015 0.012 0.012 0.018 0.022 0.013 0.077 0.224 0.02 0.032 0.289 0.011 0.023 0.026 0.012 0.059 0.065
304 K 0.051 0.083 0.033 0.034 0.009 0.042 0.056 0.036 0.017 0.085 0.063 0.27 0.018 0.02 0.023 0.044 0.037 0.005 0.017 0.057
305 E 0.051 0.046 0.038 0.084 0.007 0.06 0.349 0.032 0.024 0.02 0.034 0.07 0.012 0.015 0.024 0.051 0.034 0.005 0.015 0.029
306 S 0.081 0.032 0.041 0.037 0.015 0.026 0.04 0.05 0.016 0.038 0.056 0.042 0.017 0.102 0.024 0.188 0.111 0.007 0.029 0.047
307 K 0.063 0.076 0.038 0.051 0.008 0.05 0.147 0.073 0.02 0.024 0.038 0.223 0.013 0.015 0.025 0.051 0.036 0.005 0.015 0.031
308 S 0.15 0.035 0.045 0.042 0.017 0.029 0.046 0.064 0.017 0.03 0.042 0.048 0.015 0.019 0.028 0.238 0.07 0.005 0.016 0.044
309 L 0.04 0.021 0.014 0.015 0.014 0.014 0.018 0.02 0.01 0.144 0.329 0.022 0.041 0.096 0.013 0.023 0.031 0.007 0.028 0.099
310 L 0.039 0.022 0.014 0.014 0.014 0.014 0.018 0.02 0.011 0.097 0.359 0.022 0.041 0.127 0.012 0.023 0.029 0.008 0.033 0.081
311 R 0.041 0.394 0.036 0.029 0.007 0.045 0.048 0.03 0.022 0.022 0.043 0.111 0.014 0.016 0.018 0.041 0.032 0.005 0.016 0.029
312 P 0.053 0.024 0.022 0.029 0.01 0.019 0.034 0.034 0.012 0.024 0.034 0.038 0.01 0.012 0.531 0.041 0.034 0.002 0.012 0.029
313 I 0.042 0.02 0.015 0.016 0.014 0.014 0.019 0.02 0.015 0.224 0.19 0.024 0.033 0.059 0.014 0.024 0.033 0.01 0.089 0.125
314 L 0.051 0.023 0.017 0.017 0.016 0.016 0.022 0.023 0.009 0.119 0.285 0.026 0.037 0.042 0.015 0.033 0.069 0.006 0.02 0.153
315 P 0.053 0.024 0.022 0.029 0.01 0.019 0.034 0.034 0.012 0.024 0.034 0.038 0.01 0.012 0.531 0.041 0.034 0.002 0.012 0.029
316 G 0.09 0.029 0.104 0.043 0.012 0.023 0.034 0.321 0.017 0.022 0.031 0.039 0.011 0.017 0.02 0.099 0.042 0.005 0.013 0.029
317 G 0.064 0.021 0.028 0.026 0.012 0.016 0.023 0.321 0.012 0.053 0.061 0.028 0.016 0.102 0.016 0.047 0.032 0.007 0.026 0.089
318 F 0.036 0.02 0.014 0.015 0.012 0.012 0.018 0.022 0.013 0.081 0.253 0.02 0.034 0.254 0.011 0.023 0.027 0.011 0.053 0.069
319 I 0.044 0.02 0.016 0.017 0.013 0.014 0.02 0.022 0.017 0.173 0.121 0.023 0.034 0.134 0.013 0.026 0.034 0.012 0.102 0.146
320 G 0.094 0.031 0.046 0.041 0.014 0.026 0.039 0.289 0.016 0.024 0.035 0.044 0.013 0.018 0.024 0.137 0.056 0.005 0.014 0.033
