{
    "ECA-Pol_ACH50550.1": {
        "zoom_in": "set_view (\\\n-0.618577421,   -0.371554792,   -0.692322493,\\\n-0.669336915,    0.710668445,    0.216640785,\\\n0.411517888,    0.597408354,   -0.688300848,\\\n0.000596751,   -0.000335142,  -97.417060852,\\\n142.631195068,  150.990539551,  136.775955200,\\\n49.708316803,  145.017349243,  -20.000000000 )",
        "zoom_out": "set_view (\\\n-0.618577421,   -0.371554792,   -0.692322493,\\\n-0.669336915,    0.710668445,    0.216640785,\\\n0.411517888,    0.597408354,   -0.688300848,\\\n0.000596751,   -0.000335142, -197.350463867,\\\n142.631195068,  150.990539551,  136.775955200,\\\n149.641769409,  244.950805664,  -20.000000000 )"
    },
    "1_inv_AHB32215.1": {
        "zoom_in": "set_view (\\\n-0.683440149,   -0.663067520,    0.305372268,\\\n-0.494659185,    0.728278518,    0.474257350,\\\n-0.536859989,    0.173072219,   -0.825729728,\\\n0.001152717,   -0.000266055,  -68.808166504,\\\n142.308670044,  144.785964966,  141.913253784,\\\n21.062055588,  116.371040344,  -20.000000000 )",
        "zoom_out": "set_view (\\\n-0.683440149,   -0.663067520,    0.305372268,\\\n-0.494659185,    0.728278518,    0.474257350,\\\n-0.536859989,    0.173072219,   -0.825729728,\\\n0.001152717,   -0.000266055, -209.410827637,\\\n142.308670044,  144.785964966,  141.913253784,\\\n161.664825439,  256.973693848,  -20.000000000 )"
    },
    "3_inv_CAI33309.1": {
        "zoom_in": "set_view (\\\n0.551585853,   -0.249956980,   -0.795785964,\\\n-0.201193079,   -0.965741575,    0.163889155,\\\n-0.809491932,    0.069707796,   -0.582981467,\\\n-0.000338214,    0.001005732,  -73.051330566,\\\n141.103057861,  137.675796509,  143.691711426,\\\n25.265157700,  120.574028015,  -20.000000000 )",
        "zoom_out": "set_view (\\\n0.551585853,   -0.249956980,   -0.795785964,\\\n-0.201193079,   -0.965741575,    0.163889155,\\\n-0.809491932,    0.069707796,   -0.582981467,\\\n-0.000338214,    0.001005732, -183.405883789,\\\n141.103057861,  137.675796509,  143.691711426,\\\n135.619613647,  230.928527832,  -20.000000000 )"
    },
    "2_ret_BAQ00653.1": {
        "zoom_in": "set_view (\\\n0.946789801,   -0.075684562,   -0.312827319,\\\n-0.149829328,   -0.963861048,   -0.220266923,\\\n-0.284851670,    0.255417824,   -0.923918664,\\\n-0.000236109,    0.001249277,  -71.888755798,\\\n132.471527100,  158.386001587,  146.606842041,\\\n24.035516739,  119.344490051,  -20.000000000 )",
        "zoom_out": "set_view (\\\n0.946789801,   -0.075684562,   -0.312827319,\\\n-0.149829328,   -0.963861048,   -0.220266923,\\\n-0.284851670,    0.255417824,   -0.923918664,\\\n-0.000236109,    0.001249277, -210.621795654,\\\n132.471527100,  158.386001587,  146.606842041,\\\n162.768554688,  258.077545166,  -20.000000000 )"
    },
    "9_ret_CDF66396.1": {
        "zoom_in": "set_view (\\\n0.729139209,   -0.539685309,   -0.420827150,\\\n-0.620575964,   -0.780631423,   -0.074111812,\\\n-0.288515359,    0.315193832,   -0.904110909,\\\n0.000364890,    0.001526102,  -96.566925049,\\\n139.692199707,  148.061309814,  146.306762695,\\\n48.654132843,  143.963043213,  -20.000000000 )",
        "zoom_out": "set_view (\\\n0.729139209,   -0.539685309,   -0.420827150,\\\n-0.620575964,   -0.780631423,   -0.074111812,\\\n-0.288515359,    0.315193832,   -0.904110909,\\\n0.000364890,    0.001526102, -194.636520386,\\\n139.692199707,  148.061309814,  146.306762695,\\\n146.723709106,  242.032669067,  -20.000000000 )"
    },
    "5_inv_BAQ00795.1": {
        "zoom_in": "set_view (\\\n0.952562153,    0.299962610,    0.051453240,\\\n0.091571696,   -0.121261142,   -0.988384247,\\\n-0.290240526,    0.946213603,   -0.142980069,\\\n-0.000644388,    0.000822656,  -99.102546692,\\\n124.888572693,  146.041732788,  143.484436035,\\\n51.510082245,  146.819198608,  -20.000000000 )",
        "zoom_out": "set_view (\\\n0.952562153,    0.299962610,    0.051453240,\\\n0.091571696,   -0.121261142,   -0.988384247,\\\n-0.290240526,    0.946213603,   -0.142980069,\\\n-0.000644388,    0.000822656, -252.046905518,\\\n124.888572693,  146.041732788,  143.484436035,\\\n204.454437256,  299.763580322,  -20.000000000 )"
    },
    "4_inv_ACD37165.1": {
        "zoom_in": "set_view (\\\n0.889429271,    0.456946433,    0.010788713,\\\n0.301802963,   -0.569397390,   -0.764653385,\\\n-0.343263775,    0.683362782,   -0.644350410,\\\n-0.000595946,    0.000829549,  -56.411224365,\\\n126.094604492,  149.727966309,  140.648681641,\\\n8.833254814,  104.142395020,  -20.000000000 )",
        "zoom_out": "set_view (\\\n0.889429271,    0.456946433,    0.010788713,\\\n0.301802963,   -0.569397390,   -0.764653385,\\\n-0.343263775,    0.683362782,   -0.644350410,\\\n-0.000595946,    0.000829549, -278.857788086,\\\n126.094604492,  149.727966309,  140.648681641,\\\n231.279754639,  326.589019775,  -20.000000000 )"
    },
    "14_ret_CBN82200.1": {
        "zoom_in": "set_view (\\\n0.844245791,    0.395286381,   -0.361938119,\\\n0.357063174,   -0.918441117,   -0.170189112,\\\n-0.399693757,    0.014444711,   -0.916536272,\\\n-0.000488803,    0.000909319,  -50.432785034,\\\n129.836624146,  157.125335693,  127.491699219,\\\n2.837754488,   98.147041321,  -20.000000000 )",
        "zoom_out": "set_view (\\\n0.844245791,    0.395286381,   -0.361938119,\\\n0.357063174,   -0.918441117,   -0.170189112,\\\n-0.399693757,    0.014444711,   -0.916536272,\\\n-0.000488803,    0.000909319, -203.953628540,\\\n129.836624146,  157.125335693,  127.491699219,\\\n156.358596802,  251.667892456,  -20.000000000 )"
    },
    "28_inv_CAI34124.1": {
        "zoom_in": "set_view (\\\n0.638226330,    0.435204893,   -0.635031223,\\\n0.332030773,   -0.899820089,   -0.282970726,\\\n-0.694565356,   -0.030251486,   -0.718794286,\\\n-0.000473529,    0.000802059,  -91.329643250,\\\n124.750480652,  138.521148682,  132.980804443,\\\n43.696250916,  139.005523682,  -20.000000000 )",
        "zoom_out": "set_view (\\\n0.638226330,    0.435204893,   -0.635031223,\\\n0.332030773,   -0.899820089,   -0.282970726,\\\n-0.694565356,   -0.030251486,   -0.718794286,\\\n-0.000473529,    0.000802059, -155.392791748,\\\n124.750480652,  138.521148682,  132.980804443,\\\n107.759399414,  203.068695068,  -20.000000000 )"
    },
    "6_ret_AHB32490.1": {
        "zoom_in": "set_view (\\\n0.645065784,    0.335653991,   -0.686459959,\\\n0.316698968,   -0.935001910,   -0.159580246,\\\n-0.695406854,   -0.114462890,   -0.709442794,\\\n-0.000555143,    0.000912797,  -50.077732086,\\\n129.130661011,  155.730438232,  122.186187744,\\\n2.402042866,   97.711326599,  -20.000000000 )",
        "zoom_out": "set_view (\\\n0.645065784,    0.335653991,   -0.686459959,\\\n0.316698968,   -0.935001910,   -0.159580246,\\\n-0.695406854,   -0.114462890,   -0.709442794,\\\n-0.000555143,    0.000912797, -190.433761597,\\\n129.130661011,  155.730438232,  122.186187744,\\\n142.758056641,  238.067367554,  -20.000000000 )"
    },
    "29_ret_AHB32411.1": {
        "zoom_in": "set_view (\\\n0.737176716,    0.180990621,   -0.651009977,\\\n0.233920187,   -0.972237051,   -0.005415322,\\\n-0.633917689,   -0.148294136,   -0.759051025,\\\n-0.000327793,    0.000875022,  -68.232856750,\\\n128.964675903,  156.658279419,  122.363311768,\\\n20.525758743,  115.835044861,  -20.000000000 )",
        "zoom_out": "set_view (\\\n0.737176716,    0.180990621,   -0.651009977,\\\n0.233920187,   -0.972237051,   -0.005415322,\\\n-0.633917689,   -0.148294136,   -0.759051025,\\\n-0.000327793,    0.000875022, -153.836700439,\\\n128.964675903,  156.658279419,  122.363311768,\\\n106.129623413,  201.438934326,  -20.000000000 )"
    },
    "30_inv_CAI34254.1": {
        "zoom_in": "set_view (\\\n0.902921855,   -0.295819551,   -0.311817378,\\\n-0.114745617,   -0.865042210,    0.488395095,\\\n-0.414212555,   -0.405204207,   -0.815009654,\\\n0.000668594,    0.000097368,  -57.465919495,\\\n128.440216064,  144.652923584,  124.431320190,\\\n9.651292801,  104.960548401,  -20.000000000 )",
        "zoom_out": "set_view (\\\n0.902921855,   -0.295819551,   -0.311817378,\\\n-0.114745617,   -0.865042210,    0.488395095,\\\n-0.414212555,   -0.405204207,   -0.815009654,\\\n0.000668594,    0.000097368, -198.928100586,\\\n128.440216064,  144.652923584,  124.431320190,\\\n151.113449097,  246.422698975,  -20.000000000 )"
    }
}