{"0.90":
    {
        "ECA-Pol_ACH50550.1": {
            "zoom_in": "set_view (\\\n-0.618577421,   -0.371554792,   -0.692322493,\\\n-0.669336915,    0.710668445,    0.216640785,\\\n0.411517888,    0.597408354,   -0.688300848,\\\n0.000596751,   -0.000335142,  -97.417060852,\\\n142.631195068,  150.990539551,  136.775955200,\\\n49.708316803,  145.017349243,  -20.000000000 )",
            "zoom_out": "set_view (\\\n-0.618577421,   -0.371554792,   -0.692322493,\\\n-0.669336915,    0.710668445,    0.216640785,\\\n0.411517888,    0.597408354,   -0.688300848,\\\n0.000596751,   -0.000335142, -197.350463867,\\\n142.631195068,  150.990539551,  136.775955200,\\\n149.641769409,  244.950805664,  -20.000000000 )"
        },
        "1_inv_AHB32215.1": {
            "zoom_in": "set_view (\\\n-0.683440149,   -0.663067520,    0.305372268,\\\n-0.494659185,    0.728278518,    0.474257350,\\\n-0.536859989,    0.173072219,   -0.825729728,\\\n0.001152717,   -0.000266055,  -68.808166504,\\\n142.308670044,  144.785964966,  141.913253784,\\\n21.062055588,  116.371040344,  -20.000000000 )",
            "zoom_out": "set_view (\\\n-0.683440149,   -0.663067520,    0.305372268,\\\n-0.494659185,    0.728278518,    0.474257350,\\\n-0.536859989,    0.173072219,   -0.825729728,\\\n0.001152717,   -0.000266055, -209.410827637,\\\n142.308670044,  144.785964966,  141.913253784,\\\n161.664825439,  256.973693848,  -20.000000000 )"
        },
        "3_inv_CAI33309.1": {
            "zoom_in": "set_view (\\\n0.551585853,   -0.249956980,   -0.795785964,\\\n-0.201193079,   -0.965741575,    0.163889155,\\\n-0.809491932,    0.069707796,   -0.582981467,\\\n-0.000338214,    0.001005732,  -73.051330566,\\\n141.103057861,  137.675796509,  143.691711426,\\\n25.265157700,  120.574028015,  -20.000000000 )",
            "zoom_out": "set_view (\\\n0.551585853,   -0.249956980,   -0.795785964,\\\n-0.201193079,   -0.965741575,    0.163889155,\\\n-0.809491932,    0.069707796,   -0.582981467,\\\n-0.000338214,    0.001005732, -183.405883789,\\\n141.103057861,  137.675796509,  143.691711426,\\\n135.619613647,  230.928527832,  -20.000000000 )"
        },
        "2_ret_BAQ00653.1": {
            "zoom_in": "set_view (\\\n0.946789801,   -0.075684562,   -0.312827319,\\\n-0.149829328,   -0.963861048,   -0.220266923,\\\n-0.284851670,    0.255417824,   -0.923918664,\\\n-0.000236109,    0.001249277,  -71.888755798,\\\n132.471527100,  158.386001587,  146.606842041,\\\n24.035516739,  119.344490051,  -20.000000000 )",
            "zoom_out": "set_view (\\\n0.946789801,   -0.075684562,   -0.312827319,\\\n-0.149829328,   -0.963861048,   -0.220266923,\\\n-0.284851670,    0.255417824,   -0.923918664,\\\n-0.000236109,    0.001249277, -210.621795654,\\\n132.471527100,  158.386001587,  146.606842041,\\\n162.768554688,  258.077545166,  -20.000000000 )"
        },
        "9_ret_CDF66396.1": {
            "zoom_in": "set_view (\\\n0.729139209,   -0.539685309,   -0.420827150,\\\n-0.620575964,   -0.780631423,   -0.074111812,\\\n-0.288515359,    0.315193832,   -0.904110909,\\\n0.000364890,    0.001526102,  -96.566925049,\\\n139.692199707,  148.061309814,  146.306762695,\\\n48.654132843,  143.963043213,  -20.000000000 )",
            "zoom_out": "set_view (\\\n0.729139209,   -0.539685309,   -0.420827150,\\\n-0.620575964,   -0.780631423,   -0.074111812,\\\n-0.288515359,    0.315193832,   -0.904110909,\\\n0.000364890,    0.001526102, -194.636520386,\\\n139.692199707,  148.061309814,  146.306762695,\\\n146.723709106,  242.032669067,  -20.000000000 )"
        },
        "5_inv_BAQ00795.1": {
            "zoom_in": "set_view (\\\n0.952562153,    0.299962610,    0.051453240,\\\n0.091571696,   -0.121261142,   -0.988384247,\\\n-0.290240526,    0.946213603,   -0.142980069,\\\n-0.000644388,    0.000822656,  -99.102546692,\\\n124.888572693,  146.041732788,  143.484436035,\\\n51.510082245,  146.819198608,  -20.000000000 )",
            "zoom_out": "set_view (\\\n0.952562153,    0.299962610,    0.051453240,\\\n0.091571696,   -0.121261142,   -0.988384247,\\\n-0.290240526,    0.946213603,   -0.142980069,\\\n-0.000644388,    0.000822656, -252.046905518,\\\n124.888572693,  146.041732788,  143.484436035,\\\n204.454437256,  299.763580322,  -20.000000000 )"
        },
        "4_inv_ACD37165.1": {
            "zoom_in": "set_view (\\\n0.889429271,    0.456946433,    0.010788713,\\\n0.301802963,   -0.569397390,   -0.764653385,\\\n-0.343263775,    0.683362782,   -0.644350410,\\\n-0.000595946,    0.000829549,  -56.411224365,\\\n126.094604492,  149.727966309,  140.648681641,\\\n8.833254814,  104.142395020,  -20.000000000 )",
            "zoom_out": "set_view (\\\n0.889429271,    0.456946433,    0.010788713,\\\n0.301802963,   -0.569397390,   -0.764653385,\\\n-0.343263775,    0.683362782,   -0.644350410,\\\n-0.000595946,    0.000829549, -278.857788086,\\\n126.094604492,  149.727966309,  140.648681641,\\\n231.279754639,  326.589019775,  -20.000000000 )"
        },
        "14_ret_CBN82200.1": {
            "zoom_in": "set_view (\\\n0.844245791,    0.395286381,   -0.361938119,\\\n0.357063174,   -0.918441117,   -0.170189112,\\\n-0.399693757,    0.014444711,   -0.916536272,\\\n-0.000488803,    0.000909319,  -50.432785034,\\\n129.836624146,  157.125335693,  127.491699219,\\\n2.837754488,   98.147041321,  -20.000000000 )",
            "zoom_out": "set_view (\\\n0.844245791,    0.395286381,   -0.361938119,\\\n0.357063174,   -0.918441117,   -0.170189112,\\\n-0.399693757,    0.014444711,   -0.916536272,\\\n-0.000488803,    0.000909319, -203.953628540,\\\n129.836624146,  157.125335693,  127.491699219,\\\n156.358596802,  251.667892456,  -20.000000000 )"
        },
        "28_inv_CAI34124.1": {
            "zoom_in": "set_view (\\\n0.638226330,    0.435204893,   -0.635031223,\\\n0.332030773,   -0.899820089,   -0.282970726,\\\n-0.694565356,   -0.030251486,   -0.718794286,\\\n-0.000473529,    0.000802059,  -91.329643250,\\\n124.750480652,  138.521148682,  132.980804443,\\\n43.696250916,  139.005523682,  -20.000000000 )",
            "zoom_out": "set_view (\\\n0.638226330,    0.435204893,   -0.635031223,\\\n0.332030773,   -0.899820089,   -0.282970726,\\\n-0.694565356,   -0.030251486,   -0.718794286,\\\n-0.000473529,    0.000802059, -155.392791748,\\\n124.750480652,  138.521148682,  132.980804443,\\\n107.759399414,  203.068695068,  -20.000000000 )"
        },
        "6_ret_AHB32490.1": {
            "zoom_in": "set_view (\\\n0.645065784,    0.335653991,   -0.686459959,\\\n0.316698968,   -0.935001910,   -0.159580246,\\\n-0.695406854,   -0.114462890,   -0.709442794,\\\n-0.000555143,    0.000912797,  -50.077732086,\\\n129.130661011,  155.730438232,  122.186187744,\\\n2.402042866,   97.711326599,  -20.000000000 )",
            "zoom_out": "set_view (\\\n0.645065784,    0.335653991,   -0.686459959,\\\n0.316698968,   -0.935001910,   -0.159580246,\\\n-0.695406854,   -0.114462890,   -0.709442794,\\\n-0.000555143,    0.000912797, -190.433761597,\\\n129.130661011,  155.730438232,  122.186187744,\\\n142.758056641,  238.067367554,  -20.000000000 )"
        },
        "29_ret_AHB32411.1": {
            "zoom_in": "set_view (\\\n0.737176716,    0.180990621,   -0.651009977,\\\n0.233920187,   -0.972237051,   -0.005415322,\\\n-0.633917689,   -0.148294136,   -0.759051025,\\\n-0.000327793,    0.000875022,  -68.232856750,\\\n128.964675903,  156.658279419,  122.363311768,\\\n20.525758743,  115.835044861,  -20.000000000 )",
            "zoom_out": "set_view (\\\n0.737176716,    0.180990621,   -0.651009977,\\\n0.233920187,   -0.972237051,   -0.005415322,\\\n-0.633917689,   -0.148294136,   -0.759051025,\\\n-0.000327793,    0.000875022, -153.836700439,\\\n128.964675903,  156.658279419,  122.363311768,\\\n106.129623413,  201.438934326,  -20.000000000 )"
        },
        "30_inv_CAI34254.1": {
            "zoom_in": "set_view (\\\n0.902921855,   -0.295819551,   -0.311817378,\\\n-0.114745617,   -0.865042210,    0.488395095,\\\n-0.414212555,   -0.405204207,   -0.815009654,\\\n0.000668594,    0.000097368,  -57.465919495,\\\n128.440216064,  144.652923584,  124.431320190,\\\n9.651292801,  104.960548401,  -20.000000000 )",
            "zoom_out": "set_view (\\\n0.902921855,   -0.295819551,   -0.311817378,\\\n-0.114745617,   -0.865042210,    0.488395095,\\\n-0.414212555,   -0.405204207,   -0.815009654,\\\n0.000668594,    0.000097368, -198.928100586,\\\n128.440216064,  144.652923584,  124.431320190,\\\n151.113449097,  246.422698975,  -20.000000000 )"
        },
        "three_from_one_family": {
            "zoom_in": "set_view (\\\n-0.776967406,    0.283667356,    0.562010050,\\\n0.509847701,    0.807195187,    0.297428936,\\\n-0.369287580,    0.517633915,   -0.771799386,\\\n-0.001968648,   -0.004844434,  -78.966239929,\\\n135.058471680,  151.526580811,  140.381057739,\\\n30.969627380,  126.278625488,  -20.000000000 )",
            "zoom_out": "set_view (\\\n-0.776967406,    0.283667356,    0.562010050,\\\n0.509847701,    0.807195187,    0.297428936,\\\n-0.369287580,    0.517633915,   -0.771799386,\\\n-0.001968648,   -0.004844434, -200.652603149,\\\n135.058471680,  151.526580811,  140.381057739,\\\n152.656005859,  247.964950562,  -20.000000000 )"
        },
        "three_from_one_family2": {
            "zoom_in": "set_view (\\\n-0.760375857,    0.530563831,    0.374606192,\\\n0.638971508,    0.507789254,    0.577784419,\\\n0.116329186,    0.678701162,   -0.725136638,\\\n-0.003340695,   -0.004331588,  -71.985908508,\\\n140.969085693,  146.970245361,  137.043060303,\\\n23.788736343,  119.097625732,  -20.000000000 )",
            "zoom_out": "set_view (\\\n-0.758451283,    0.533311427,    0.374606192,\\\n0.640804529,    0.505474091,    0.577784419,\\\n0.118783973,    0.678275824,   -0.725136638,\\\n-0.003340695,   -0.004331588, -174.446716309,\\\n140.969085693,  146.970245361,  137.043060303,\\\n126.249542236,  221.558456421,  -20.000000000 )"
        }
    },
"0.95":
    {
        "ECA-Pol_ACH50550.1": {
            "zoom_in": "set_view (\\\n-0.618577421,   -0.371554792,   -0.692322493,\\\n-0.669336915,    0.710668445,    0.216640785,\\\n0.411517888,    0.597408354,   -0.688300848,\\\n0.000596751,   -0.000335142,  -97.417060852,\\\n142.631195068,  150.990539551,  136.775955200,\\\n49.708316803,  145.017349243,  -20.000000000 )",
            "zoom_out": "set_view (\\\n-0.618577421,   -0.371554792,   -0.692322493,\\\n-0.669336915,    0.710668445,    0.216640785,\\\n0.411517888,    0.597408354,   -0.688300848,\\\n0.000596751,   -0.000335142, -197.350463867,\\\n142.631195068,  150.990539551,  136.775955200,\\\n149.641769409,  244.950805664,  -20.000000000 )"
        },
        "1_inv_AHB32215.1": {
            "zoom_in": "set_view (\\\n-0.683440149,   -0.663067520,    0.305372268,\\\n-0.494659185,    0.728278518,    0.474257350,\\\n-0.536859989,    0.173072219,   -0.825729728,\\\n0.001152717,   -0.000266055,  -68.808166504,\\\n142.308670044,  144.785964966,  141.913253784,\\\n21.062055588,  116.371040344,  -20.000000000 )",
            "zoom_out": "set_view (\\\n-0.683440149,   -0.663067520,    0.305372268,\\\n-0.494659185,    0.728278518,    0.474257350,\\\n-0.536859989,    0.173072219,   -0.825729728,\\\n0.001152717,   -0.000266055, -209.410827637,\\\n142.308670044,  144.785964966,  141.913253784,\\\n161.664825439,  256.973693848,  -20.000000000 )"
        },
        "3_inv_CAI33309.1": {
            "zoom_in": "set_view (\\\n0.822875202,    0.002506510,   -0.568214953,\\\n-0.360731304,   -0.770325780,   -0.525801659,\\\n-0.439029992,    0.637643456,   -0.632979572,\\\n0.000010717,    0.000299536,  -51.217681885,\\\n131.743667603,  142.391632080,  136.021255493,\\\n3.582074881,   98.891075134,  -20.000000000 )",
            "zoom_out": "set_view (\\\n0.822875202,    0.002506510,   -0.568214953,\\\n-0.360731304,   -0.770325780,   -0.525801659,\\\n-0.439029992,    0.637643456,   -0.632979572,\\\n0.000010717,    0.000299536, -191.657852173,\\\n131.743667603,  142.391632080,  136.021255493,\\\n144.022232056,  239.331222534,  -20.000000000 )"
        },
        "2_ret_BAQ00653.1": {
            "zoom_in": "set_view (\\\n-0.005987321,   -0.987714827,   -0.156143367,\\\n-0.986128867,   -0.020066837,    0.164750189,\\\n-0.165861070,    0.154965088,   -0.973897636,\\\n0.000173775,    0.000615355,  -54.214637756,\\\n131.691970825,  149.925262451,  137.324920654,\\\n6.558614254,  101.867553711,  -20.000000000 )",
            "zoom_out": "set_view (\\\n-0.005987321,   -0.987714827,   -0.156143367,\\\n-0.986128867,   -0.020066837,    0.164750189,\\\n-0.165861070,    0.154965088,   -0.973897636,\\\n0.000173775,    0.000615355, -197.939178467,\\\n131.691970825,  149.925262451,  137.324920654,\\\n150.283172607,  245.592010498,  -20.000000000 )"
        },
        "9_ret_CDF66396.1": {
            "zoom_in": "set_view (\\\n0.729139209,   -0.539685309,   -0.420827150,\\\n-0.620575964,   -0.780631423,   -0.074111812,\\\n-0.288515359,    0.315193832,   -0.904110909,\\\n0.000364890,    0.001526102,  -96.566925049,\\\n139.692199707,  148.061309814,  146.306762695,\\\n48.654132843,  143.963043213,  -20.000000000 )",
            "zoom_out": "set_view (\\\n0.729139209,   -0.539685309,   -0.420827150,\\\n-0.620575964,   -0.780631423,   -0.074111812,\\\n-0.288515359,    0.315193832,   -0.904110909,\\\n0.000364890,    0.001526102, -194.636520386,\\\n139.692199707,  148.061309814,  146.306762695,\\\n146.723709106,  242.032669067,  -20.000000000 )"
        },
        "5_inv_BAQ00795.1": {
            "zoom_in": "set_view (\\\n0.909521759,    0.342916876,   -0.234896868,\\\n0.188541532,   -0.844005525,   -0.502098501,\\\n-0.370433331,    0.412382066,   -0.832298398,\\\n-0.000308088,    0.000332791,  -69.858245850,\\\n122.150756836,  136.237243652,  138.611312866,\\\n22.201122284,  117.510002136,  -20.000000000 )",
            "zoom_out": "set_view (\\\n0.909521759,    0.342916876,   -0.234896868,\\\n0.188541532,   -0.844005525,   -0.502098501,\\\n-0.370433331,    0.412382066,   -0.832298398,\\\n-0.000308088,    0.000332791, -228.880508423,\\\n122.150756836,  136.237243652,  138.611312866,\\\n181.223434448,  276.532379150,  -20.000000000 )"
        },
        "4_inv_ACD37165.1": {
            "zoom_in": "set_view (\\\n0.889429271,    0.456946433,    0.010788713,\\\n0.301802963,   -0.569397390,   -0.764653385,\\\n-0.343263775,    0.683362782,   -0.644350410,\\\n-0.000595946,    0.000829549,  -56.411224365,\\\n126.094604492,  149.727966309,  140.648681641,\\\n8.833254814,  104.142395020,  -20.000000000 )",
            "zoom_out": "set_view (\\\n0.889429271,    0.456946433,    0.010788713,\\\n0.301802963,   -0.569397390,   -0.764653385,\\\n-0.343263775,    0.683362782,   -0.644350410,\\\n-0.000595946,    0.000829549, -278.857788086,\\\n126.094604492,  149.727966309,  140.648681641,\\\n231.279754639,  326.589019775,  -20.000000000 )"
        },
        "14_ret_CBN82200.1": {
            "zoom_in": "set_view (\\\n0.909521759,    0.342916876,   -0.234896868,\\\n0.188541532,   -0.844005525,   -0.502098501,\\\n-0.370433331,    0.412382066,   -0.832298398,\\\n-0.000333475,    0.000392141,  -36.126316071,\\\n132.455230713,  156.783843994,  123.294189453,\\\n-11.519177437,   83.789772034,  -20.000000000 )",
            "zoom_out": "set_view (\\\n0.909521759,    0.342916876,   -0.234896868,\\\n0.188541532,   -0.844005525,   -0.502098501,\\\n-0.370433331,    0.412382066,   -0.832298398,\\\n-0.000333475,    0.000392141, -260.492706299,\\\n132.455230713,  156.783843994,  123.294189453,\\\n212.847290039,  308.156005859,  -20.000000000 )"
        },
        "28_inv_CAI34124.1": {
            "zoom_in": "set_view (\\\n0.807978809,    0.347147375,    0.476079702,\\\n0.437643617,   -0.894584596,   -0.090431921,\\\n0.394503802,    0.281416863,   -0.874738336,\\\n-0.000240520,    0.000263177,  -55.850330353,\\\n114.833137512,  140.437637329,  137.535079956,\\\n8.213187218,  103.521896362,  -20.000000000 )",
            "zoom_out": "set_view (\\\n0.807978809,    0.347147375,    0.476079702,\\\n0.437643617,   -0.894584596,   -0.090431921,\\\n0.394503802,    0.281416863,   -0.874738336,\\\n-0.000240520,    0.000263177, -237.841018677,\\\n114.833137512,  140.437637329,  137.535079956,\\\n190.203933716,  285.512634277,  -20.000000000 )"
        },
        "6_ret_AHB32490.1": {
            "zoom_in": "set_view (\\\n0.645065784,    0.335653991,   -0.686459959,\\\n0.316698968,   -0.935001910,   -0.159580246,\\\n-0.695406854,   -0.114462890,   -0.709442794,\\\n-0.000555143,    0.000912797,  -50.077732086,\\\n129.130661011,  155.730438232,  122.186187744,\\\n2.402042866,   97.711326599,  -20.000000000 )",
            "zoom_out": "set_view (\\\n0.645065784,    0.335653991,   -0.686459959,\\\n0.316698968,   -0.935001910,   -0.159580246,\\\n-0.695406854,   -0.114462890,   -0.709442794,\\\n-0.000555143,    0.000912797, -190.433761597,\\\n129.130661011,  155.730438232,  122.186187744,\\\n142.758056641,  238.067367554,  -20.000000000 )"
        },
        "29_ret_AHB32411.1": {
            "zoom_in": "set_view (\\\n0.947395682,   -0.296990812,    0.119281441,\\\n-0.013032585,   -0.408186316,   -0.912800252,\\\n0.319781035,    0.863231659,   -0.390593350,\\\n-0.001610145,    0.000541467,  -76.890457153,\\\n128.515625000,  174.049591064,  130.184265137,\\\n29.342594147,  124.651344299,  -20.000000000 )",
            "zoom_out": "set_view (\\\n0.947395682,   -0.296990812,    0.119281441,\\\n-0.013032585,   -0.408186316,   -0.912800252,\\\n0.319781035,    0.863231659,   -0.390593350,\\\n-0.001610145,    0.000541467, -224.378707886,\\\n128.515625000,  174.049591064,  130.184265137,\\\n176.830886841,  272.139526367,  -20.000000000 )"
        },
        "30_inv_CAI34254.1": {
            "zoom_in": "set_view (\\\n0.952523112,    0.112399101,   -0.282934368,\\\n-0.072721787,   -0.818440437,   -0.569960356,\\\n-0.295632660,    0.563474298,   -0.771420062,\\\n-0.001890428,    0.000185851,  -87.485893250,\\\n135.495712280,  157.967346191,  146.221740723,\\\n40.358955383,  135.667678833,  -20.000000000 )",
            "zoom_out": "set_view (\\\n0.952523112,    0.112399101,   -0.282934368,\\\n-0.072721787,   -0.818440437,   -0.569960356,\\\n-0.295632660,    0.563474298,   -0.771420062,\\\n-0.001890428,    0.000185851, -251.400680542,\\\n135.495712280,  157.967346191,  146.221740723,\\\n204.273757935,  299.582366943,  -20.000000000 )"
        },
        "three_from_one_family": {
            "zoom_in": "set_view (\\\n-0.776967406,    0.283667356,    0.562010050,\\\n0.509847701,    0.807195187,    0.297428936,\\\n-0.369287580,    0.517633915,   -0.771799386,\\\n-0.001968648,   -0.004844434,  -78.966239929,\\\n135.058471680,  151.526580811,  140.381057739,\\\n30.969627380,  126.278625488,  -20.000000000 )",
            "zoom_out": "set_view (\\\n-0.776967406,    0.283667356,    0.562010050,\\\n0.509847701,    0.807195187,    0.297428936,\\\n-0.369287580,    0.517633915,   -0.771799386,\\\n-0.001968648,   -0.004844434, -200.652603149,\\\n135.058471680,  151.526580811,  140.381057739,\\\n152.656005859,  247.964950562,  -20.000000000 )"
        },
        "three_from_one_family2": {
            "zoom_in": "set_view (\\\n-0.760375857,    0.530563831,    0.374606192,\\\n0.638971508,    0.507789254,    0.577784419,\\\n0.116329186,    0.678701162,   -0.725136638,\\\n-0.003340695,   -0.004331588,  -71.985908508,\\\n140.969085693,  146.970245361,  137.043060303,\\\n23.788736343,  119.097625732,  -20.000000000 )",
            "zoom_out": "set_view (\\\n-0.758451283,    0.533311427,    0.374606192,\\\n0.640804529,    0.505474091,    0.577784419,\\\n0.118783973,    0.678275824,   -0.725136638,\\\n-0.003340695,   -0.004331588, -174.446716309,\\\n140.969085693,  146.970245361,  137.043060303,\\\n126.249542236,  221.558456421,  -20.000000000 )"
        }
    }
}