#Seq2Logo.py -f /work3/idamei/ssn-clusterings/2206011120/clusters/0019_158/sequences.afa -m 0.0001 -b 50 -o /work3/idamei/ssn-clusterings/2206011120/clusters/0019_158/sequences.logo -p 640x1000 -l 30
#Position Specific Frequency Matrix
A R N D C Q E G H I L K M F P S T W Y V
0 M 0.048 0.03 0.019 0.019 0.015 0.026 0.026 0.026 0.015 0.093 0.182 0.033 0.223 0.045 0.015 0.033 0.037 0.007 0.022 0.086
1 N 0.043 0.108 0.164 0.056 0.009 0.036 0.101 0.041 0.022 0.082 0.058 0.061 0.016 0.021 0.019 0.049 0.039 0.005 0.016 0.054
2 N 0.048 0.051 0.236 0.061 0.01 0.034 0.048 0.052 0.024 0.027 0.038 0.105 0.013 0.017 0.021 0.066 0.095 0.005 0.015 0.034
3 L 0.104 0.023 0.017 0.019 0.016 0.017 0.023 0.031 0.01 0.148 0.253 0.028 0.035 0.04 0.017 0.038 0.054 0.006 0.019 0.102
4 N 0.04 0.042 0.368 0.077 0.008 0.031 0.046 0.06 0.029 0.021 0.029 0.05 0.01 0.017 0.019 0.065 0.046 0.004 0.015 0.025
5 K 0.052 0.119 0.038 0.038 0.008 0.049 0.064 0.039 0.019 0.025 0.04 0.317 0.014 0.014 0.025 0.049 0.036 0.005 0.016 0.03
6 I 0.041 0.018 0.014 0.016 0.014 0.013 0.017 0.02 0.009 0.246 0.202 0.022 0.035 0.095 0.013 0.023 0.034 0.007 0.028 0.134
7 L 0.036 0.02 0.015 0.015 0.012 0.013 0.019 0.022 0.015 0.08 0.25 0.021 0.034 0.233 0.012 0.023 0.027 0.012 0.073 0.068
8 I 0.044 0.017 0.014 0.016 0.015 0.012 0.017 0.019 0.009 0.321 0.154 0.022 0.034 0.042 0.014 0.023 0.037 0.006 0.024 0.162
9 F 0.046 0.024 0.028 0.022 0.013 0.017 0.024 0.028 0.013 0.068 0.174 0.027 0.028 0.194 0.016 0.044 0.114 0.01 0.044 0.065
10 L 0.039 0.021 0.014 0.014 0.014 0.014 0.018 0.02 0.01 0.101 0.359 0.022 0.042 0.121 0.013 0.023 0.03 0.008 0.032 0.083
11 L 0.047 0.019 0.014 0.016 0.016 0.014 0.018 0.02 0.008 0.218 0.237 0.023 0.037 0.043 0.014 0.024 0.037 0.006 0.02 0.171
12 T 0.07 0.028 0.034 0.03 0.117 0.022 0.032 0.04 0.012 0.08 0.069 0.036 0.019 0.023 0.022 0.106 0.168 0.005 0.016 0.071
13 I 0.046 0.021 0.02 0.02 0.014 0.015 0.021 0.025 0.011 0.201 0.128 0.026 0.041 0.116 0.015 0.036 0.087 0.008 0.031 0.116
14 E 0.051 0.046 0.038 0.084 0.007 0.06 0.349 0.032 0.024 0.02 0.034 0.07 0.012 0.015 0.024 0.051 0.034 0.005 0.015 0.029
15 I 0.043 0.018 0.014 0.016 0.015 0.013 0.017 0.019 0.008 0.281 0.209 0.022 0.036 0.043 0.014 0.023 0.036 0.006 0.019 0.149
16 I 0.046 0.017 0.014 0.016 0.015 0.013 0.017 0.02 0.008 0.302 0.151 0.022 0.033 0.04 0.014 0.024 0.038 0.005 0.019 0.185
17 F 0.037 0.017 0.015 0.016 0.012 0.011 0.017 0.022 0.013 0.16 0.125 0.019 0.028 0.276 0.011 0.024 0.029 0.012 0.057 0.101
18 G 0.072 0.021 0.036 0.031 0.01 0.018 0.024 0.546 0.012 0.018 0.026 0.031 0.009 0.015 0.018 0.048 0.028 0.005 0.01 0.022
19 G 0.072 0.021 0.036 0.031 0.01 0.018 0.024 0.546 0.012 0.018 0.026 0.031 0.009 0.015 0.018 0.048 0.028 0.005 0.01 0.022
20 G 0.072 0.021 0.036 0.031 0.01 0.018 0.024 0.546 0.012 0.018 0.026 0.031 0.009 0.015 0.018 0.048 0.028 0.005 0.01 0.022
21 G 0.072 0.021 0.036 0.031 0.01 0.018 0.024 0.546 0.012 0.018 0.026 0.031 0.009 0.015 0.018 0.048 0.028 0.005 0.01 0.022
22 R 0.041 0.394 0.036 0.029 0.007 0.045 0.048 0.03 0.022 0.022 0.043 0.111 0.014 0.016 0.018 0.041 0.032 0.005 0.016 0.029
23 L 0.041 0.022 0.013 0.014 0.015 0.015 0.019 0.02 0.009 0.107 0.422 0.023 0.046 0.051 0.013 0.022 0.031 0.007 0.021 0.089
24 L 0.041 0.022 0.013 0.014 0.015 0.015 0.019 0.02 0.009 0.107 0.422 0.023 0.046 0.051 0.013 0.022 0.031 0.007 0.021 0.089
25 D 0.04 0.031 0.059 0.381 0.007 0.033 0.129 0.041 0.018 0.021 0.027 0.046 0.009 0.014 0.021 0.049 0.033 0.004 0.011 0.024
26 P 0.053 0.024 0.022 0.029 0.01 0.019 0.034 0.034 0.012 0.024 0.034 0.038 0.01 0.012 0.531 0.041 0.034 0.002 0.012 0.029
27 L 0.041 0.022 0.013 0.014 0.015 0.015 0.019 0.02 0.009 0.107 0.422 0.023 0.046 0.051 0.013 0.022 0.031 0.007 0.021 0.089
28 G 0.072 0.021 0.036 0.031 0.01 0.018 0.024 0.546 0.012 0.018 0.026 0.031 0.009 0.015 0.018 0.048 0.028 0.005 0.01 0.022
29 I 0.05 0.019 0.014 0.016 0.016 0.014 0.019 0.02 0.008 0.224 0.197 0.023 0.035 0.04 0.014 0.025 0.039 0.006 0.019 0.202
30 P 0.044 0.021 0.019 0.023 0.01 0.015 0.027 0.03 0.013 0.038 0.062 0.03 0.015 0.18 0.323 0.034 0.03 0.008 0.04 0.038
31 P 0.053 0.024 0.022 0.029 0.01 0.019 0.034 0.034 0.012 0.024 0.034 0.038 0.01 0.012 0.531 0.041 0.034 0.002 0.012 0.029
32 L 0.041 0.022 0.013 0.014 0.015 0.015 0.019 0.02 0.009 0.107 0.422 0.023 0.046 0.051 0.013 0.022 0.031 0.007 0.021 0.089
33 R 0.041 0.394 0.036 0.029 0.007 0.045 0.048 0.03 0.022 0.022 0.043 0.111 0.014 0.016 0.018 0.041 0.032 0.005 0.016 0.029
34 Y 0.038 0.026 0.02 0.017 0.009 0.02 0.026 0.023 0.043 0.04 0.063 0.029 0.017 0.121 0.014 0.029 0.026 0.026 0.368 0.043
35 L 0.047 0.02 0.014 0.015 0.016 0.014 0.018 0.02 0.009 0.203 0.255 0.023 0.038 0.043 0.014 0.024 0.036 0.006 0.02 0.166
36 L 0.039 0.021 0.014 0.014 0.014 0.014 0.018 0.021 0.011 0.094 0.337 0.022 0.04 0.152 0.012 0.023 0.029 0.009 0.037 0.079
37 F 0.031 0.018 0.016 0.016 0.01 0.01 0.018 0.024 0.016 0.059 0.106 0.018 0.024 0.432 0.01 0.024 0.024 0.016 0.082 0.051
38 F 0.126 0.022 0.019 0.02 0.015 0.015 0.024 0.071 0.013 0.076 0.091 0.027 0.022 0.188 0.016 0.042 0.036 0.009 0.043 0.125
39 L 0.065 0.02 0.015 0.016 0.031 0.014 0.02 0.025 0.01 0.145 0.219 0.023 0.034 0.107 0.014 0.029 0.035 0.007 0.03 0.142
40 S 0.182 0.034 0.041 0.039 0.017 0.028 0.045 0.065 0.016 0.032 0.044 0.047 0.015 0.02 0.028 0.211 0.066 0.005 0.016 0.047
41 F 0.038 0.018 0.014 0.016 0.013 0.012 0.017 0.021 0.011 0.189 0.171 0.02 0.031 0.199 0.012 0.023 0.031 0.01 0.045 0.109
42 I 0.089 0.019 0.015 0.018 0.016 0.015 0.021 0.027 0.009 0.241 0.133 0.025 0.03 0.036 0.016 0.033 0.04 0.005 0.019 0.193
43 L 0.044 0.021 0.014 0.015 0.015 0.014 0.019 0.021 0.01 0.106 0.298 0.022 0.038 0.123 0.013 0.024 0.032 0.008 0.033 0.128
44 L 0.037 0.021 0.014 0.015 0.013 0.013 0.018 0.021 0.012 0.088 0.295 0.021 0.037 0.203 0.012 0.023 0.028 0.01 0.045 0.074
45 I 0.041 0.018 0.015 0.016 0.014 0.013 0.018 0.021 0.01 0.22 0.196 0.022 0.034 0.121 0.013 0.025 0.041 0.008 0.032 0.123
46 L 0.04 0.02 0.014 0.015 0.014 0.014 0.018 0.02 0.01 0.142 0.315 0.022 0.04 0.113 0.013 0.023 0.031 0.008 0.031 0.098
47 N 0.04 0.042 0.368 0.077 0.008 0.031 0.046 0.06 0.029 0.021 0.029 0.05 0.01 0.017 0.019 0.065 0.046 0.004 0.015 0.025
48 L 0.066 0.021 0.015 0.016 0.015 0.014 0.02 0.025 0.01 0.119 0.236 0.024 0.034 0.12 0.014 0.029 0.035 0.008 0.032 0.147
49 V 0.053 0.02 0.014 0.016 0.016 0.014 0.019 0.021 0.008 0.186 0.21 0.023 0.035 0.04 0.014 0.026 0.039 0.006 0.019 0.218
50 T 0.06 0.03 0.035 0.031 0.015 0.022 0.033 0.037 0.013 0.051 0.069 0.037 0.019 0.104 0.022 0.073 0.247 0.008 0.03 0.063
51 L 0.049 0.038 0.024 0.023 0.012 0.023 0.03 0.131 0.014 0.063 0.181 0.087 0.052 0.1 0.016 0.035 0.031 0.008 0.028 0.057
52 N 0.05 0.039 0.145 0.046 0.009 0.074 0.047 0.144 0.027 0.027 0.04 0.048 0.014 0.037 0.019 0.053 0.054 0.009 0.085 0.032
53 G 0.079 0.03 0.1 0.04 0.012 0.022 0.034 0.147 0.017 0.036 0.053 0.038 0.015 0.101 0.02 0.087 0.093 0.007 0.028 0.042
54 K 0.067 0.084 0.04 0.037 0.012 0.037 0.051 0.044 0.017 0.033 0.048 0.163 0.016 0.045 0.025 0.115 0.099 0.006 0.021 0.041
55 I 0.057 0.025 0.027 0.025 0.016 0.019 0.027 0.03 0.011 0.166 0.145 0.032 0.028 0.033 0.019 0.065 0.145 0.006 0.018 0.106
56 T 0.07 0.046 0.068 0.041 0.013 0.031 0.044 0.114 0.016 0.033 0.044 0.101 0.015 0.019 0.024 0.113 0.143 0.005 0.015 0.044
57 K 0.049 0.097 0.031 0.03 0.01 0.079 0.05 0.032 0.024 0.088 0.069 0.112 0.02 0.041 0.019 0.055 0.037 0.009 0.088 0.06
58 K 0.065 0.073 0.064 0.044 0.01 0.088 0.066 0.047 0.021 0.026 0.04 0.188 0.015 0.016 0.025 0.112 0.048 0.005 0.017 0.033
59 T 0.062 0.026 0.026 0.024 0.118 0.021 0.027 0.032 0.011 0.077 0.097 0.032 0.061 0.028 0.019 0.055 0.144 0.005 0.017 0.119
60 F 0.087 0.02 0.016 0.017 0.015 0.014 0.022 0.03 0.012 0.097 0.126 0.024 0.026 0.192 0.015 0.034 0.036 0.009 0.044 0.164
61 L 0.06 0.023 0.025 0.025 0.014 0.018 0.025 0.133 0.011 0.146 0.177 0.03 0.028 0.034 0.017 0.079 0.041 0.006 0.017 0.091
62 L 0.045 0.022 0.019 0.019 0.014 0.016 0.022 0.024 0.011 0.129 0.233 0.026 0.034 0.119 0.015 0.036 0.085 0.008 0.032 0.092
63 F 0.044 0.021 0.016 0.017 0.013 0.016 0.02 0.023 0.013 0.122 0.136 0.024 0.079 0.197 0.013 0.028 0.033 0.01 0.045 0.13
64 L 0.042 0.019 0.014 0.015 0.015 0.013 0.017 0.02 0.009 0.22 0.259 0.022 0.038 0.071 0.013 0.023 0.034 0.007 0.024 0.126
65 L 0.061 0.025 0.016 0.016 0.014 0.019 0.023 0.027 0.012 0.082 0.243 0.027 0.097 0.048 0.013 0.03 0.032 0.111 0.029 0.074
66 L 0.042 0.021 0.013 0.015 0.015 0.014 0.018 0.02 0.009 0.165 0.351 0.023 0.043 0.048 0.013 0.023 0.033 0.006 0.02 0.109
67 L 0.05 0.022 0.02 0.019 0.013 0.017 0.021 0.127 0.012 0.097 0.174 0.026 0.066 0.116 0.014 0.031 0.032 0.008 0.031 0.104
68 L 0.083 0.027 0.03 0.028 0.015 0.021 0.03 0.106 0.012 0.107 0.142 0.034 0.025 0.03 0.02 0.093 0.096 0.005 0.017 0.079
69 L 0.037 0.021 0.014 0.015 0.013 0.013 0.018 0.021 0.012 0.088 0.295 0.021 0.037 0.203 0.012 0.023 0.028 0.01 0.045 0.074
70 P 0.053 0.024 0.022 0.029 0.01 0.019 0.034 0.034 0.012 0.024 0.034 0.038 0.01 0.012 0.531 0.041 0.034 0.002 0.012 0.029
71 F 0.041 0.02 0.015 0.016 0.013 0.015 0.019 0.022 0.012 0.148 0.166 0.023 0.069 0.187 0.013 0.026 0.032 0.01 0.043 0.11
72 Y 0.038 0.025 0.019 0.017 0.01 0.019 0.024 0.022 0.036 0.054 0.135 0.028 0.023 0.107 0.014 0.028 0.027 0.022 0.299 0.052
73 G 0.072 0.021 0.036 0.031 0.01 0.018 0.024 0.546 0.012 0.018 0.026 0.031 0.009 0.015 0.018 0.048 0.028 0.005 0.01 0.022
74 A 0.147 0.024 0.023 0.024 0.05 0.018 0.028 0.043 0.012 0.103 0.087 0.031 0.022 0.107 0.02 0.055 0.09 0.007 0.03 0.081
75 L 0.038 0.021 0.014 0.015 0.013 0.013 0.018 0.021 0.011 0.091 0.316 0.021 0.038 0.178 0.012 0.023 0.028 0.01 0.041 0.076
76 I 0.069 0.019 0.015 0.017 0.016 0.014 0.02 0.024 0.009 0.216 0.193 0.024 0.034 0.039 0.015 0.029 0.039 0.006 0.019 0.185
77 G 0.072 0.021 0.036 0.031 0.01 0.018 0.024 0.546 0.012 0.018 0.026 0.031 0.009 0.015 0.018 0.048 0.028 0.005 0.01 0.022
78 L 0.13 0.024 0.021 0.022 0.016 0.018 0.027 0.039 0.012 0.079 0.151 0.03 0.026 0.111 0.019 0.061 0.058 0.007 0.031 0.117
79 I 0.124 0.021 0.016 0.019 0.017 0.016 0.023 0.034 0.01 0.194 0.18 0.027 0.031 0.037 0.017 0.038 0.039 0.006 0.019 0.133
80 R 0.094 0.112 0.098 0.039 0.01 0.079 0.051 0.044 0.027 0.03 0.047 0.063 0.016 0.038 0.02 0.053 0.046 0.009 0.087 0.039
81 G 0.072 0.021 0.036 0.031 0.01 0.018 0.024 0.546 0.012 0.018 0.026 0.031 0.009 0.015 0.018 0.048 0.028 0.005 0.01 0.022
82 N 0.04 0.112 0.301 0.067 0.008 0.034 0.046 0.054 0.028 0.021 0.032 0.062 0.011 0.017 0.019 0.06 0.043 0.004 0.015 0.026
83 D 0.043 0.039 0.034 0.136 0.009 0.025 0.048 0.034 0.015 0.041 0.099 0.092 0.018 0.102 0.121 0.039 0.032 0.006 0.028 0.04
84 L 0.05 0.021 0.018 0.018 0.015 0.015 0.021 0.024 0.01 0.14 0.176 0.025 0.031 0.116 0.015 0.034 0.071 0.008 0.032 0.161
85 N 0.052 0.046 0.171 0.063 0.009 0.084 0.115 0.048 0.027 0.024 0.037 0.059 0.013 0.023 0.021 0.085 0.045 0.006 0.039 0.03
86 D 0.042 0.043 0.057 0.337 0.007 0.034 0.098 0.042 0.018 0.022 0.029 0.101 0.01 0.014 0.022 0.049 0.034 0.004 0.012 0.025
87 I 0.044 0.017 0.014 0.017 0.015 0.013 0.017 0.02 0.009 0.31 0.157 0.023 0.047 0.041 0.014 0.024 0.037 0.006 0.019 0.158
88 A 0.159 0.025 0.019 0.02 0.015 0.018 0.027 0.042 0.019 0.057 0.14 0.03 0.024 0.129 0.018 0.046 0.035 0.012 0.101 0.062
89 F 0.031 0.018 0.016 0.016 0.01 0.01 0.018 0.024 0.016 0.059 0.106 0.018 0.024 0.432 0.01 0.024 0.024 0.016 0.082 0.051
90 D 0.038 0.028 0.064 0.442 0.007 0.028 0.085 0.043 0.017 0.021 0.026 0.041 0.009 0.014 0.021 0.048 0.033 0.003 0.01 0.022
91 L 0.045 0.022 0.014 0.015 0.015 0.015 0.019 0.021 0.01 0.112 0.341 0.023 0.044 0.073 0.013 0.024 0.033 0.007 0.024 0.13
92 Q 0.052 0.068 0.041 0.044 0.008 0.273 0.095 0.038 0.027 0.025 0.044 0.084 0.019 0.014 0.022 0.052 0.038 0.005 0.019 0.033
93 P 0.053 0.024 0.022 0.029 0.01 0.019 0.034 0.034 0.012 0.024 0.034 0.038 0.01 0.012 0.531 0.041 0.034 0.002 0.012 0.029
94 Y 0.035 0.023 0.019 0.017 0.009 0.017 0.023 0.023 0.034 0.046 0.078 0.025 0.019 0.225 0.013 0.027 0.025 0.023 0.273 0.046
95 L 0.142 0.023 0.017 0.019 0.017 0.017 0.024 0.037 0.01 0.143 0.228 0.029 0.033 0.038 0.018 0.041 0.038 0.006 0.019 0.1
96 Y 0.036 0.024 0.019 0.017 0.009 0.018 0.024 0.023 0.038 0.044 0.072 0.027 0.019 0.183 0.014 0.028 0.025 0.024 0.311 0.045
97 M 0.059 0.031 0.025 0.024 0.015 0.027 0.031 0.033 0.015 0.08 0.154 0.037 0.181 0.04 0.017 0.082 0.045 0.007 0.021 0.076
98 L 0.04 0.02 0.014 0.015 0.014 0.013 0.018 0.02 0.01 0.141 0.305 0.022 0.039 0.125 0.013 0.023 0.031 0.008 0.033 0.096
99 I 0.054 0.023 0.022 0.022 0.014 0.018 0.025 0.03 0.013 0.166 0.128 0.029 0.066 0.116 0.016 0.076 0.042 0.008 0.032 0.1
100 L 0.046 0.022 0.016 0.017 0.015 0.016 0.02 0.022 0.01 0.145 0.343 0.025 0.041 0.047 0.014 0.04 0.035 0.006 0.02 0.101
101 L 0.044 0.022 0.015 0.017 0.014 0.015 0.021 0.022 0.01 0.134 0.291 0.026 0.036 0.041 0.117 0.026 0.033 0.006 0.019 0.092
102 Y 0.038 0.026 0.02 0.017 0.009 0.02 0.026 0.023 0.043 0.04 0.063 0.029 0.017 0.121 0.014 0.029 0.026 0.026 0.368 0.043
103 L 0.048 0.02 0.014 0.016 0.015 0.014 0.019 0.021 0.01 0.156 0.205 0.022 0.034 0.119 0.013 0.025 0.036 0.008 0.032 0.174
104 C 0.049 0.016 0.015 0.015 0.317 0.011 0.016 0.027 0.011 0.048 0.078 0.018 0.018 0.184 0.013 0.032 0.03 0.009 0.04 0.052
105 T 0.067 0.028 0.032 0.029 0.015 0.021 0.032 0.038 0.013 0.067 0.077 0.035 0.021 0.106 0.021 0.101 0.15 0.007 0.03 0.109
106 L 0.044 0.034 0.089 0.031 0.013 0.055 0.036 0.032 0.017 0.076 0.245 0.039 0.071 0.038 0.016 0.037 0.036 0.006 0.02 0.068
107 R 0.06 0.187 0.085 0.042 0.01 0.04 0.052 0.045 0.021 0.024 0.039 0.13 0.014 0.017 0.022 0.113 0.047 0.005 0.016 0.031
108 Y 0.046 0.044 0.028 0.037 0.008 0.034 0.1 0.03 0.028 0.03 0.047 0.1 0.014 0.057 0.122 0.04 0.031 0.013 0.156 0.035
109 D 0.064 0.034 0.043 0.126 0.012 0.033 0.109 0.042 0.017 0.054 0.073 0.047 0.017 0.021 0.023 0.114 0.099 0.005 0.015 0.051
110 L 0.046 0.021 0.014 0.015 0.016 0.015 0.019 0.02 0.009 0.145 0.326 0.023 0.041 0.046 0.014 0.024 0.035 0.006 0.02 0.146
111 K 0.053 0.074 0.105 0.045 0.01 0.041 0.056 0.044 0.02 0.029 0.042 0.217 0.014 0.016 0.024 0.06 0.092 0.005 0.016 0.036
112 E 0.056 0.039 0.101 0.063 0.01 0.041 0.182 0.04 0.021 0.044 0.079 0.054 0.017 0.021 0.021 0.079 0.043 0.005 0.016 0.067
113 Y 0.036 0.024 0.019 0.017 0.009 0.018 0.024 0.023 0.038 0.044 0.072 0.027 0.019 0.183 0.014 0.028 0.025 0.024 0.311 0.045
114 L 0.129 0.03 0.032 0.031 0.017 0.024 0.036 0.05 0.014 0.057 0.172 0.039 0.025 0.03 0.023 0.152 0.055 0.005 0.018 0.061
115 L 0.047 0.019 0.014 0.015 0.116 0.013 0.018 0.023 0.01 0.134 0.193 0.021 0.031 0.116 0.013 0.027 0.033 0.007 0.031 0.12
116 E 0.076 0.039 0.1 0.056 0.012 0.037 0.133 0.044 0.02 0.041 0.113 0.059 0.019 0.024 0.022 0.095 0.045 0.005 0.017 0.045
117 I 0.052 0.039 0.026 0.025 0.08 0.024 0.033 0.03 0.018 0.104 0.079 0.089 0.021 0.044 0.019 0.046 0.096 0.009 0.087 0.078
118 F 0.031 0.018 0.016 0.016 0.01 0.01 0.018 0.024 0.016 0.059 0.106 0.018 0.024 0.432 0.01 0.024 0.024 0.016 0.082 0.051
119 I 0.047 0.027 0.019 0.022 0.014 0.065 0.033 0.023 0.012 0.251 0.13 0.035 0.031 0.035 0.015 0.029 0.038 0.005 0.019 0.151
120 K 0.052 0.113 0.039 0.039 0.008 0.094 0.07 0.039 0.021 0.025 0.041 0.267 0.015 0.014 0.024 0.049 0.037 0.005 0.017 0.031
121 C 0.054 0.022 0.022 0.021 0.116 0.016 0.023 0.029 0.011 0.11 0.094 0.027 0.023 0.108 0.017 0.046 0.114 0.007 0.029 0.111
122 V 0.068 0.025 0.025 0.025 0.017 0.019 0.028 0.032 0.01 0.148 0.103 0.031 0.026 0.03 0.019 0.086 0.084 0.005 0.018 0.2
123 K 0.05 0.088 0.104 0.046 0.008 0.046 0.062 0.044 0.021 0.025 0.038 0.275 0.014 0.015 0.024 0.053 0.039 0.005 0.016 0.029
124 I 0.093 0.021 0.017 0.018 0.014 0.016 0.022 0.029 0.017 0.197 0.116 0.026 0.027 0.079 0.016 0.034 0.036 0.01 0.093 0.12
125 F 0.033 0.019 0.017 0.016 0.01 0.012 0.019 0.023 0.021 0.055 0.097 0.02 0.022 0.37 0.011 0.025 0.024 0.018 0.139 0.049
126 A 0.195 0.032 0.037 0.036 0.051 0.027 0.042 0.064 0.015 0.033 0.047 0.044 0.015 0.02 0.027 0.182 0.061 0.005 0.016 0.05
127 I 0.049 0.019 0.014 0.016 0.016 0.014 0.018 0.02 0.008 0.235 0.199 0.023 0.035 0.041 0.014 0.025 0.038 0.006 0.019 0.191
128 L 0.041 0.021 0.015 0.016 0.014 0.015 0.019 0.02 0.016 0.181 0.244 0.024 0.035 0.061 0.014 0.024 0.032 0.01 0.09 0.11
129 A 0.234 0.028 0.03 0.03 0.017 0.023 0.035 0.161 0.013 0.037 0.05 0.039 0.015 0.019 0.025 0.074 0.094 0.005 0.015 0.056
130 S 0.105 0.037 0.05 0.045 0.016 0.031 0.048 0.062 0.018 0.028 0.039 0.05 0.015 0.019 0.028 0.275 0.075 0.005 0.016 0.039
131 V 0.067 0.023 0.022 0.021 0.118 0.018 0.025 0.031 0.01 0.096 0.152 0.028 0.027 0.031 0.017 0.08 0.046 0.005 0.017 0.165
132 L 0.057 0.026 0.026 0.025 0.014 0.019 0.028 0.033 0.013 0.084 0.192 0.031 0.029 0.114 0.018 0.086 0.093 0.008 0.031 0.072
133 Y 0.038 0.026 0.02 0.017 0.009 0.02 0.026 0.023 0.043 0.04 0.063 0.029 0.017 0.121 0.014 0.029 0.026 0.026 0.368 0.043
134 I 0.043 0.018 0.014 0.016 0.015 0.013 0.017 0.019 0.008 0.281 0.209 0.022 0.036 0.043 0.014 0.023 0.036 0.006 0.019 0.149
135 F 0.079 0.025 0.027 0.025 0.116 0.018 0.028 0.038 0.013 0.05 0.098 0.031 0.02 0.132 0.019 0.089 0.093 0.008 0.033 0.056
136 Y 0.038 0.026 0.02 0.017 0.009 0.02 0.026 0.023 0.043 0.04 0.063 0.029 0.017 0.121 0.014 0.029 0.026 0.026 0.368 0.043
137 V 0.056 0.019 0.015 0.016 0.017 0.014 0.02 0.021 0.008 0.221 0.135 0.023 0.031 0.036 0.015 0.028 0.042 0.005 0.019 0.259
138 I 0.047 0.018 0.014 0.016 0.016 0.013 0.018 0.02 0.008 0.247 0.202 0.023 0.035 0.041 0.014 0.024 0.037 0.006 0.019 0.181
139 L 0.044 0.025 0.015 0.016 0.015 0.019 0.021 0.022 0.011 0.102 0.342 0.027 0.105 0.049 0.014 0.026 0.033 0.007 0.021 0.088
140 L 0.041 0.022 0.013 0.014 0.015 0.015 0.019 0.02 0.009 0.107 0.422 0.023 0.046 0.051 0.013 0.022 0.031 0.007 0.021 0.089
141 H 0.045 0.065 0.109 0.045 0.008 0.04 0.055 0.042 0.175 0.023 0.036 0.16 0.013 0.02 0.021 0.048 0.034 0.006 0.031 0.026
142 A 0.166 0.03 0.033 0.032 0.016 0.023 0.037 0.09 0.015 0.039 0.066 0.04 0.017 0.09 0.023 0.145 0.053 0.007 0.027 0.05
143 G 0.066 0.025 0.102 0.04 0.01 0.02 0.028 0.449 0.016 0.018 0.027 0.035 0.009 0.015 0.018 0.051 0.031 0.005 0.011 0.023
144 F 0.037 0.022 0.016 0.016 0.012 0.015 0.021 0.023 0.019 0.072 0.192 0.024 0.055 0.217 0.012 0.026 0.028 0.014 0.115 0.064
145 L 0.045 0.021 0.014 0.015 0.015 0.014 0.019 0.02 0.009 0.157 0.328 0.023 0.041 0.046 0.014 0.024 0.034 0.006 0.02 0.135
146 N 0.039 0.036 0.241 0.229 0.008 0.03 0.062 0.053 0.024 0.021 0.028 0.046 0.01 0.015 0.02 0.058 0.04 0.004 0.013 0.024
147 F 0.036 0.019 0.018 0.018 0.01 0.011 0.02 0.026 0.016 0.057 0.101 0.02 0.023 0.405 0.011 0.04 0.027 0.015 0.078 0.05
148 N 0.044 0.033 0.227 0.054 0.01 0.025 0.037 0.046 0.021 0.091 0.061 0.041 0.016 0.022 0.086 0.051 0.042 0.004 0.015 0.073
149 L 0.067 0.098 0.024 0.022 0.013 0.023 0.03 0.032 0.014 0.065 0.207 0.045 0.029 0.114 0.016 0.064 0.037 0.008 0.031 0.061
150 I 0.044 0.018 0.015 0.016 0.014 0.012 0.018 0.021 0.011 0.202 0.132 0.021 0.03 0.17 0.013 0.025 0.034 0.009 0.04 0.158
151 Y 0.038 0.026 0.02 0.017 0.009 0.02 0.026 0.023 0.043 0.04 0.063 0.029 0.017 0.121 0.014 0.029 0.026 0.026 0.368 0.043
152 N 0.057 0.039 0.193 0.064 0.009 0.034 0.094 0.152 0.023 0.021 0.031 0.058 0.011 0.016 0.021 0.087 0.044 0.005 0.014 0.027
153 V 0.074 0.028 0.025 0.023 0.015 0.025 0.03 0.03 0.082 0.096 0.152 0.032 0.027 0.033 0.018 0.041 0.073 0.006 0.025 0.164
154 L 0.043 0.024 0.014 0.015 0.015 0.017 0.02 0.021 0.01 0.104 0.374 0.025 0.081 0.049 0.014 0.025 0.032 0.007 0.021 0.088
155 S 0.102 0.037 0.05 0.045 0.016 0.031 0.049 0.061 0.018 0.028 0.039 0.05 0.015 0.019 0.028 0.278 0.076 0.005 0.016 0.039
156 L 0.114 0.027 0.023 0.023 0.016 0.02 0.028 0.039 0.012 0.078 0.272 0.032 0.034 0.038 0.019 0.085 0.043 0.006 0.019 0.074
157 T 0.074 0.034 0.042 0.037 0.016 0.027 0.039 0.044 0.014 0.045 0.056 0.044 0.018 0.021 0.026 0.124 0.257 0.005 0.016 0.06
158 G 0.077 0.029 0.047 0.119 0.012 0.025 0.046 0.252 0.016 0.022 0.031 0.041 0.011 0.016 0.022 0.14 0.048 0.005 0.013 0.029
159 E 0.051 0.046 0.038 0.084 0.007 0.06 0.349 0.032 0.024 0.02 0.034 0.07 0.012 0.015 0.024 0.051 0.034 0.005 0.015 0.029
160 F 0.031 0.018 0.016 0.016 0.01 0.01 0.018 0.024 0.016 0.059 0.106 0.018 0.024 0.432 0.01 0.024 0.024 0.016 0.082 0.051
161 F 0.031 0.018 0.016 0.016 0.01 0.01 0.018 0.024 0.016 0.059 0.106 0.018 0.024 0.432 0.01 0.024 0.024 0.016 0.082 0.051
162 F 0.031 0.018 0.016 0.016 0.01 0.01 0.018 0.024 0.016 0.059 0.106 0.018 0.024 0.432 0.01 0.024 0.024 0.016 0.082 0.051
163 R 0.041 0.394 0.036 0.029 0.007 0.045 0.048 0.03 0.022 0.022 0.043 0.111 0.014 0.016 0.018 0.041 0.032 0.005 0.016 0.029
164 P 0.053 0.024 0.022 0.029 0.01 0.019 0.034 0.034 0.012 0.024 0.034 0.038 0.01 0.012 0.531 0.041 0.034 0.002 0.012 0.029
165 S 0.083 0.032 0.05 0.122 0.013 0.027 0.051 0.155 0.017 0.024 0.034 0.045 0.012 0.017 0.024 0.186 0.058 0.005 0.014 0.032
166 G 0.072 0.021 0.036 0.031 0.01 0.018 0.024 0.546 0.012 0.018 0.026 0.031 0.009 0.015 0.018 0.048 0.028 0.005 0.01 0.022
167 A 0.343 0.029 0.024 0.028 0.02 0.024 0.038 0.072 0.014 0.04 0.055 0.041 0.016 0.02 0.028 0.079 0.046 0.005 0.016 0.064
168 F 0.031 0.018 0.016 0.016 0.01 0.01 0.018 0.024 0.016 0.059 0.106 0.018 0.024 0.432 0.01 0.024 0.024 0.016 0.082 0.051
169 F 0.031 0.018 0.016 0.016 0.01 0.01 0.018 0.024 0.016 0.059 0.106 0.018 0.024 0.432 0.01 0.024 0.024 0.016 0.082 0.051
170 A 0.246 0.032 0.034 0.035 0.018 0.027 0.042 0.068 0.015 0.035 0.049 0.045 0.016 0.02 0.027 0.158 0.058 0.005 0.016 0.054
171 K 0.053 0.099 0.038 0.038 0.008 0.05 0.066 0.04 0.019 0.026 0.04 0.332 0.014 0.014 0.026 0.05 0.037 0.005 0.016 0.03
172 S 0.102 0.037 0.05 0.045 0.016 0.031 0.049 0.061 0.018 0.028 0.039 0.05 0.015 0.019 0.028 0.278 0.076 0.005 0.016 0.039
173 F 0.032 0.018 0.016 0.016 0.01 0.01 0.018 0.024 0.016 0.058 0.105 0.018 0.023 0.426 0.01 0.027 0.024 0.015 0.081 0.051
174 F 0.033 0.019 0.017 0.016 0.01 0.012 0.019 0.023 0.021 0.055 0.097 0.02 0.022 0.37 0.011 0.025 0.024 0.018 0.139 0.049
175 F 0.031 0.018 0.016 0.016 0.01 0.01 0.018 0.024 0.016 0.059 0.106 0.018 0.024 0.432 0.01 0.024 0.024 0.016 0.082 0.051
176 I 0.039 0.017 0.014 0.016 0.013 0.011 0.017 0.021 0.011 0.204 0.153 0.02 0.031 0.198 0.012 0.023 0.031 0.01 0.044 0.114
177 G 0.072 0.021 0.036 0.031 0.01 0.018 0.024 0.546 0.012 0.018 0.026 0.031 0.009 0.015 0.018 0.048 0.028 0.005 0.01 0.022
178 I 0.052 0.017 0.014 0.017 0.016 0.013 0.018 0.021 0.008 0.289 0.147 0.023 0.033 0.039 0.014 0.025 0.039 0.005 0.019 0.192
179 G 0.127 0.023 0.034 0.03 0.012 0.019 0.026 0.452 0.013 0.022 0.032 0.033 0.01 0.016 0.02 0.054 0.031 0.005 0.011 0.031
180 A 0.295 0.03 0.029 0.031 0.019 0.025 0.04 0.07 0.015 0.038 0.052 0.043 0.016 0.02 0.028 0.118 0.052 0.005 0.016 0.059
181 I 0.048 0.017 0.014 0.016 0.016 0.013 0.017 0.02 0.008 0.29 0.148 0.022 0.033 0.039 0.014 0.025 0.039 0.005 0.019 0.195
182 L 0.1 0.02 0.016 0.018 0.015 0.015 0.021 0.031 0.011 0.171 0.179 0.025 0.031 0.117 0.016 0.034 0.035 0.008 0.031 0.106
183 F 0.045 0.021 0.023 0.022 0.011 0.014 0.024 0.031 0.016 0.052 0.092 0.024 0.022 0.35 0.013 0.074 0.034 0.013 0.069 0.048
184 F 0.032 0.018 0.016 0.016 0.018 0.01 0.018 0.024 0.016 0.058 0.105 0.018 0.023 0.426 0.01 0.024 0.024 0.015 0.081 0.051
185 C 0.056 0.017 0.015 0.016 0.221 0.013 0.017 0.025 0.008 0.165 0.108 0.021 0.025 0.03 0.015 0.031 0.038 0.005 0.016 0.159
186 E 0.049 0.048 0.047 0.143 0.007 0.054 0.295 0.035 0.023 0.021 0.033 0.065 0.011 0.015 0.023 0.051 0.034 0.005 0.015 0.028
187 K 0.048 0.216 0.037 0.035 0.008 0.051 0.059 0.036 0.02 0.024 0.041 0.24 0.014 0.015 0.022 0.046 0.035 0.005 0.016 0.03
188 K 0.05 0.158 0.038 0.036 0.008 0.049 0.062 0.038 0.02 0.025 0.041 0.288 0.014 0.015 0.024 0.048 0.036 0.005 0.016 0.03
189 Y 0.039 0.024 0.019 0.017 0.01 0.019 0.024 0.022 0.036 0.097 0.082 0.027 0.021 0.105 0.014 0.028 0.028 0.022 0.298 0.067
190 F 0.042 0.02 0.019 0.018 0.011 0.013 0.019 0.127 0.013 0.063 0.174 0.022 0.027 0.247 0.012 0.028 0.026 0.011 0.051 0.055
191 Y 0.039 0.038 0.022 0.021 0.01 0.023 0.031 0.026 0.027 0.051 0.118 0.086 0.022 0.173 0.015 0.031 0.028 0.016 0.175 0.049
192 F 0.044 0.02 0.02 0.019 0.106 0.013 0.021 0.028 0.014 0.053 0.087 0.023 0.021 0.268 0.014 0.039 0.081 0.019 0.056 0.054
193 L 0.053 0.025 0.021 0.02 0.015 0.018 0.024 0.028 0.011 0.105 0.323 0.029 0.039 0.05 0.016 0.074 0.04 0.006 0.021 0.083
194 L 0.042 0.022 0.013 0.015 0.015 0.015 0.018 0.02 0.009 0.144 0.373 0.023 0.047 0.049 0.013 0.023 0.032 0.006 0.02 0.102
195 C 0.057 0.021 0.02 0.02 0.218 0.015 0.021 0.029 0.009 0.111 0.15 0.026 0.025 0.03 0.017 0.054 0.072 0.005 0.016 0.083
196 L 0.051 0.022 0.015 0.016 0.016 0.017 0.021 0.022 0.01 0.177 0.202 0.025 0.073 0.041 0.014 0.028 0.039 0.006 0.02 0.186
197 L 0.052 0.023 0.019 0.019 0.015 0.016 0.023 0.027 0.011 0.11 0.23 0.026 0.033 0.119 0.015 0.058 0.039 0.008 0.032 0.127
198 A 0.343 0.029 0.024 0.028 0.02 0.024 0.038 0.072 0.014 0.04 0.055 0.041 0.016 0.02 0.028 0.079 0.046 0.005 0.016 0.064
199 I 0.043 0.018 0.014 0.016 0.015 0.013 0.017 0.019 0.008 0.281 0.209 0.022 0.036 0.043 0.014 0.023 0.036 0.006 0.019 0.149
200 F 0.035 0.02 0.015 0.015 0.012 0.012 0.018 0.022 0.013 0.078 0.232 0.02 0.032 0.28 0.011 0.023 0.026 0.012 0.058 0.066
201 L 0.041 0.022 0.013 0.014 0.015 0.015 0.019 0.02 0.009 0.107 0.422 0.023 0.046 0.051 0.013 0.022 0.031 0.007 0.021 0.089
202 T 0.068 0.033 0.04 0.035 0.016 0.026 0.036 0.04 0.013 0.049 0.06 0.042 0.018 0.022 0.026 0.086 0.302 0.005 0.016 0.066
203 E 0.051 0.046 0.038 0.084 0.007 0.06 0.349 0.032 0.024 0.02 0.034 0.07 0.012 0.015 0.024 0.051 0.034 0.005 0.015 0.029
204 T 0.074 0.034 0.042 0.037 0.016 0.027 0.039 0.044 0.014 0.045 0.056 0.044 0.018 0.021 0.026 0.124 0.257 0.005 0.016 0.06
205 R 0.041 0.394 0.036 0.029 0.007 0.045 0.048 0.03 0.022 0.022 0.043 0.111 0.014 0.016 0.018 0.041 0.032 0.005 0.016 0.029
206 G 0.072 0.021 0.036 0.031 0.01 0.018 0.024 0.546 0.012 0.018 0.026 0.031 0.009 0.015 0.018 0.048 0.028 0.005 0.01 0.022
207 V 0.065 0.02 0.015 0.016 0.018 0.015 0.022 0.023 0.008 0.152 0.121 0.024 0.029 0.033 0.015 0.03 0.046 0.005 0.019 0.323
208 F 0.033 0.019 0.015 0.015 0.011 0.011 0.018 0.023 0.014 0.068 0.169 0.019 0.028 0.356 0.01 0.023 0.025 0.014 0.07 0.059
209 L 0.041 0.022 0.013 0.014 0.015 0.015 0.019 0.02 0.009 0.107 0.422 0.023 0.046 0.051 0.013 0.022 0.031 0.007 0.021 0.089
210 F 0.031 0.018 0.016 0.016 0.01 0.01 0.018 0.024 0.016 0.059 0.106 0.018 0.024 0.432 0.01 0.024 0.024 0.016 0.082 0.051
211 T 0.178 0.031 0.034 0.032 0.018 0.025 0.037 0.053 0.013 0.046 0.058 0.042 0.017 0.021 0.026 0.083 0.2 0.005 0.016 0.065
212 G 0.067 0.021 0.029 0.025 0.216 0.017 0.023 0.239 0.011 0.033 0.047 0.028 0.013 0.018 0.018 0.051 0.085 0.005 0.012 0.043
213 L 0.048 0.021 0.014 0.015 0.016 0.015 0.019 0.02 0.009 0.148 0.306 0.023 0.04 0.045 0.014 0.025 0.036 0.006 0.02 0.161
214 A 0.278 0.031 0.031 0.032 0.019 0.026 0.04 0.07 0.015 0.037 0.051 0.044 0.016 0.02 0.027 0.132 0.054 0.005 0.016 0.057
215 L 0.108 0.024 0.017 0.019 0.017 0.018 0.024 0.032 0.011 0.143 0.187 0.029 0.07 0.038 0.017 0.038 0.039 0.006 0.019 0.145
216 L 0.049 0.027 0.021 0.02 0.015 0.022 0.025 0.026 0.012 0.09 0.254 0.031 0.111 0.043 0.016 0.04 0.088 0.007 0.02 0.083
217 L 0.1 0.02 0.016 0.018 0.015 0.015 0.021 0.031 0.011 0.171 0.179 0.025 0.031 0.117 0.016 0.034 0.035 0.008 0.031 0.106
218 A 0.288 0.03 0.027 0.029 0.019 0.024 0.037 0.066 0.014 0.042 0.056 0.041 0.017 0.02 0.027 0.08 0.097 0.005 0.016 0.064
219 S 0.102 0.037 0.05 0.045 0.016 0.031 0.049 0.061 0.018 0.028 0.039 0.05 0.015 0.019 0.028 0.278 0.076 0.005 0.016 0.039
220 F 0.035 0.019 0.015 0.015 0.012 0.012 0.018 0.022 0.014 0.075 0.211 0.02 0.031 0.305 0.011 0.023 0.026 0.013 0.062 0.064
221 R 0.046 0.276 0.037 0.033 0.008 0.047 0.055 0.034 0.021 0.023 0.042 0.199 0.014 0.015 0.021 0.045 0.034 0.005 0.016 0.029
222 L 0.043 0.019 0.013 0.015 0.015 0.013 0.017 0.019 0.009 0.238 0.262 0.022 0.039 0.045 0.013 0.023 0.034 0.006 0.02 0.134
223 N 0.039 0.042 0.304 0.069 0.008 0.032 0.046 0.055 0.104 0.021 0.03 0.048 0.011 0.019 0.018 0.059 0.042 0.005 0.022 0.024
224 K 0.064 0.06 0.106 0.046 0.01 0.036 0.05 0.15 0.02 0.023 0.035 0.159 0.012 0.016 0.023 0.098 0.045 0.005 0.015 0.029
225 L 0.104 0.027 0.017 0.019 0.016 0.021 0.025 0.033 0.012 0.088 0.253 0.031 0.111 0.042 0.017 0.038 0.036 0.007 0.02 0.083
226 Y 0.043 0.098 0.021 0.019 0.011 0.024 0.028 0.024 0.025 0.068 0.147 0.044 0.038 0.069 0.015 0.031 0.032 0.014 0.159 0.09
227 K 0.049 0.067 0.028 0.029 0.011 0.035 0.046 0.032 0.015 0.102 0.139 0.208 0.025 0.027 0.021 0.039 0.036 0.005 0.018 0.069
228 N 0.04 0.042 0.368 0.077 0.008 0.031 0.046 0.06 0.029 0.021 0.029 0.05 0.01 0.017 0.019 0.065 0.046 0.004 0.015 0.025
229 L 0.088 0.023 0.02 0.021 0.016 0.017 0.024 0.031 0.01 0.174 0.194 0.029 0.032 0.037 0.018 0.043 0.09 0.006 0.019 0.111
230 L 0.047 0.023 0.019 0.019 0.015 0.016 0.022 0.024 0.01 0.154 0.278 0.027 0.037 0.042 0.016 0.035 0.087 0.006 0.019 0.104
231 L 0.044 0.021 0.016 0.016 0.013 0.015 0.02 0.022 0.017 0.137 0.173 0.023 0.03 0.136 0.013 0.026 0.033 0.012 0.102 0.134
232 I 0.048 0.017 0.014 0.016 0.016 0.013 0.017 0.02 0.008 0.29 0.148 0.022 0.033 0.039 0.014 0.025 0.039 0.005 0.019 0.195
233 F 0.078 0.025 0.026 0.025 0.014 0.02 0.027 0.104 0.014 0.106 0.104 0.032 0.061 0.111 0.017 0.083 0.041 0.008 0.03 0.075
234 L 0.047 0.02 0.014 0.015 0.016 0.014 0.019 0.02 0.009 0.189 0.273 0.023 0.039 0.044 0.014 0.024 0.036 0.006 0.02 0.161
235 G 0.12 0.024 0.03 0.028 0.014 0.019 0.028 0.245 0.012 0.09 0.065 0.034 0.017 0.023 0.02 0.057 0.088 0.005 0.014 0.068
236 V 0.066 0.023 0.021 0.021 0.032 0.018 0.025 0.029 0.01 0.119 0.165 0.028 0.03 0.034 0.017 0.071 0.048 0.005 0.019 0.22
237 L 0.086 0.021 0.016 0.017 0.015 0.015 0.021 0.028 0.01 0.144 0.176 0.025 0.031 0.116 0.015 0.032 0.037 0.008 0.032 0.155
238 A 0.172 0.027 0.025 0.026 0.016 0.021 0.032 0.05 0.014 0.055 0.135 0.035 0.023 0.108 0.021 0.096 0.045 0.007 0.03 0.061
239 G 0.051 0.021 0.024 0.022 0.011 0.016 0.022 0.233 0.014 0.049 0.089 0.026 0.057 0.188 0.014 0.035 0.028 0.01 0.041 0.046
240 L 0.101 0.022 0.016 0.017 0.015 0.016 0.022 0.031 0.011 0.131 0.253 0.026 0.035 0.093 0.016 0.034 0.034 0.007 0.028 0.094
241 A 0.211 0.024 0.025 0.026 0.016 0.02 0.03 0.188 0.012 0.091 0.067 0.035 0.018 0.023 0.022 0.059 0.039 0.005 0.015 0.073
242 L 0.044 0.025 0.015 0.016 0.015 0.019 0.022 0.022 0.012 0.101 0.326 0.027 0.117 0.048 0.014 0.027 0.033 0.007 0.021 0.088
243 L 0.104 0.027 0.017 0.019 0.016 0.021 0.025 0.033 0.012 0.088 0.253 0.031 0.111 0.042 0.017 0.038 0.036 0.007 0.02 0.083
244 V 0.051 0.02 0.016 0.017 0.015 0.015 0.02 0.021 0.015 0.199 0.123 0.024 0.029 0.054 0.014 0.027 0.038 0.009 0.089 0.203
245 L 0.043 0.021 0.015 0.016 0.014 0.015 0.019 0.022 0.011 0.17 0.202 0.024 0.072 0.121 0.013 0.026 0.034 0.008 0.033 0.121
246 V 0.065 0.02 0.015 0.016 0.018 0.015 0.022 0.023 0.008 0.152 0.121 0.024 0.029 0.033 0.015 0.03 0.046 0.005 0.019 0.323
247 G 0.072 0.021 0.036 0.031 0.01 0.018 0.024 0.546 0.012 0.018 0.026 0.031 0.009 0.015 0.018 0.048 0.028 0.005 0.01 0.022
248 D 0.114 0.029 0.051 0.252 0.012 0.027 0.064 0.086 0.016 0.026 0.034 0.042 0.011 0.016 0.023 0.1 0.044 0.004 0.013 0.034
249 R 0.041 0.394 0.036 0.029 0.007 0.045 0.048 0.03 0.022 0.022 0.043 0.111 0.014 0.016 0.018 0.041 0.032 0.005 0.016 0.029
250 G 0.186 0.027 0.034 0.033 0.015 0.023 0.034 0.26 0.014 0.028 0.04 0.039 0.013 0.018 0.023 0.106 0.045 0.005 0.014 0.042
251 G 0.067 0.026 0.032 0.039 0.011 0.026 0.088 0.339 0.014 0.045 0.047 0.038 0.013 0.019 0.018 0.045 0.032 0.005 0.013 0.084
252 D 0.038 0.03 0.125 0.369 0.007 0.028 0.077 0.047 0.02 0.021 0.027 0.043 0.009 0.014 0.02 0.052 0.035 0.004 0.011 0.023
253 S 0.102 0.037 0.05 0.045 0.016 0.031 0.049 0.061 0.018 0.028 0.039 0.05 0.015 0.019 0.028 0.278 0.076 0.005 0.016 0.039
254 D 0.038 0.028 0.064 0.442 0.007 0.028 0.085 0.043 0.017 0.021 0.026 0.041 0.009 0.014 0.021 0.048 0.033 0.003 0.01 0.022
255 S 0.154 0.035 0.044 0.041 0.017 0.029 0.046 0.064 0.017 0.03 0.042 0.048 0.015 0.019 0.027 0.235 0.07 0.005 0.016 0.044
256 V 0.065 0.02 0.015 0.016 0.018 0.015 0.022 0.023 0.008 0.152 0.121 0.024 0.029 0.033 0.015 0.03 0.046 0.005 0.019 0.323
257 R 0.041 0.394 0.036 0.029 0.007 0.045 0.048 0.03 0.022 0.022 0.043 0.111 0.014 0.016 0.018 0.041 0.032 0.005 0.016 0.029
258 L 0.04 0.02 0.014 0.015 0.014 0.013 0.018 0.02 0.01 0.155 0.288 0.022 0.038 0.124 0.013 0.023 0.031 0.008 0.033 0.101
259 N 0.04 0.043 0.346 0.075 0.008 0.047 0.049 0.059 0.029 0.021 0.03 0.052 0.011 0.016 0.019 0.064 0.045 0.004 0.015 0.026
260 D 0.038 0.028 0.064 0.442 0.007 0.028 0.085 0.043 0.017 0.021 0.026 0.041 0.009 0.014 0.021 0.048 0.033 0.003 0.01 0.022
261 F 0.033 0.019 0.015 0.015 0.01 0.012 0.018 0.024 0.014 0.062 0.158 0.019 0.026 0.281 0.01 0.023 0.024 0.117 0.066 0.054
262 R 0.055 0.108 0.102 0.047 0.01 0.035 0.083 0.042 0.026 0.028 0.044 0.06 0.014 0.043 0.021 0.095 0.061 0.009 0.082 0.036
263 F 0.034 0.021 0.018 0.016 0.009 0.015 0.021 0.023 0.029 0.05 0.086 0.023 0.021 0.287 0.012 0.026 0.025 0.02 0.216 0.047
264 V 0.048 0.02 0.016 0.016 0.014 0.015 0.021 0.022 0.016 0.146 0.113 0.023 0.027 0.132 0.014 0.027 0.036 0.011 0.102 0.181
265 I 0.041 0.021 0.017 0.017 0.012 0.017 0.021 0.021 0.023 0.181 0.138 0.026 0.041 0.074 0.014 0.026 0.032 0.014 0.159 0.105
266 K 0.104 0.055 0.128 0.127 0.01 0.035 0.058 0.053 0.02 0.026 0.037 0.14 0.013 0.016 0.023 0.059 0.04 0.004 0.015 0.034
267 N 0.058 0.042 0.239 0.067 0.01 0.049 0.07 0.057 0.026 0.023 0.033 0.054 0.012 0.017 0.022 0.12 0.053 0.004 0.015 0.029
268 L 0.06 0.025 0.022 0.022 0.016 0.02 0.026 0.03 0.012 0.141 0.184 0.031 0.069 0.038 0.017 0.077 0.045 0.006 0.019 0.14
269 N 0.048 0.033 0.218 0.138 0.008 0.027 0.048 0.187 0.022 0.02 0.028 0.043 0.01 0.016 0.019 0.057 0.038 0.004 0.012 0.024
270 L 0.05 0.021 0.02 0.021 0.013 0.016 0.022 0.128 0.01 0.116 0.212 0.028 0.029 0.034 0.118 0.031 0.032 0.005 0.016 0.079
271 L 0.105 0.024 0.021 0.021 0.015 0.018 0.026 0.036 0.012 0.11 0.148 0.03 0.026 0.038 0.017 0.046 0.087 0.111 0.027 0.082
272 S 0.071 0.035 0.105 0.044 0.014 0.027 0.041 0.049 0.022 0.041 0.05 0.044 0.016 0.034 0.023 0.147 0.106 0.008 0.063 0.061
273 L 0.074 0.025 0.021 0.021 0.015 0.019 0.026 0.031 0.013 0.089 0.175 0.029 0.067 0.116 0.016 0.064 0.041 0.008 0.032 0.119
274 I 0.045 0.019 0.014 0.016 0.015 0.013 0.018 0.021 0.01 0.194 0.192 0.022 0.033 0.12 0.013 0.025 0.035 0.008 0.032 0.158
275 F 0.031 0.018 0.016 0.016 0.01 0.01 0.018 0.024 0.016 0.059 0.106 0.018 0.024 0.432 0.01 0.024 0.024 0.016 0.082 0.051
276 G 0.072 0.021 0.036 0.031 0.01 0.018 0.024 0.546 0.012 0.018 0.026 0.031 0.009 0.015 0.018 0.048 0.028 0.005 0.01 0.022
277 E 0.051 0.101 0.04 0.053 0.009 0.044 0.166 0.05 0.097 0.026 0.041 0.065 0.014 0.019 0.022 0.054 0.085 0.006 0.023 0.035
278 G 0.072 0.021 0.036 0.031 0.01 0.018 0.024 0.546 0.012 0.018 0.026 0.031 0.009 0.015 0.018 0.048 0.028 0.005 0.01 0.022
279 F 0.031 0.018 0.016 0.016 0.01 0.01 0.018 0.024 0.016 0.059 0.106 0.018 0.024 0.432 0.01 0.024 0.024 0.016 0.082 0.051
280 G 0.072 0.021 0.036 0.031 0.01 0.018 0.024 0.546 0.012 0.018 0.026 0.031 0.009 0.015 0.018 0.048 0.028 0.005 0.01 0.022
281 A 0.175 0.033 0.039 0.037 0.018 0.027 0.042 0.061 0.015 0.036 0.048 0.046 0.016 0.02 0.027 0.173 0.111 0.005 0.016 0.052
282 E 0.055 0.042 0.039 0.045 0.01 0.082 0.112 0.038 0.097 0.03 0.052 0.053 0.017 0.102 0.02 0.089 0.039 0.008 0.037 0.035
283 I 0.041 0.017 0.014 0.016 0.014 0.012 0.017 0.02 0.01 0.272 0.146 0.021 0.032 0.119 0.013 0.023 0.034 0.008 0.032 0.141
284 L 0.037 0.021 0.014 0.015 0.013 0.013 0.018 0.021 0.012 0.088 0.295 0.021 0.037 0.203 0.012 0.023 0.028 0.01 0.045 0.074
285 G 0.054 0.029 0.048 0.206 0.008 0.03 0.113 0.242 0.017 0.019 0.028 0.043 0.009 0.015 0.02 0.049 0.031 0.004 0.011 0.024
286 R 0.041 0.394 0.036 0.029 0.007 0.045 0.048 0.03 0.022 0.022 0.043 0.111 0.014 0.016 0.018 0.041 0.032 0.005 0.016 0.029
287 G 0.066 0.025 0.03 0.027 0.013 0.019 0.027 0.239 0.012 0.055 0.187 0.032 0.025 0.03 0.018 0.084 0.039 0.006 0.015 0.052
288 R 0.041 0.394 0.036 0.029 0.007 0.045 0.048 0.03 0.022 0.022 0.043 0.111 0.014 0.016 0.018 0.041 0.032 0.005 0.016 0.029
289 I 0.044 0.016 0.014 0.016 0.015 0.012 0.016 0.019 0.008 0.325 0.155 0.022 0.034 0.041 0.014 0.023 0.037 0.005 0.019 0.164
290 E 0.051 0.046 0.037 0.083 0.007 0.059 0.344 0.04 0.024 0.02 0.034 0.069 0.012 0.015 0.024 0.051 0.034 0.005 0.015 0.029
291 V 0.061 0.02 0.015 0.016 0.017 0.015 0.021 0.022 0.008 0.187 0.128 0.024 0.03 0.035 0.015 0.029 0.044 0.005 0.019 0.291
292 V 0.065 0.02 0.015 0.016 0.018 0.015 0.022 0.023 0.008 0.152 0.121 0.024 0.029 0.033 0.015 0.03 0.046 0.005 0.019 0.323
293 P 0.053 0.024 0.022 0.029 0.01 0.019 0.034 0.034 0.012 0.024 0.034 0.038 0.01 0.012 0.531 0.041 0.034 0.002 0.012 0.029
294 L 0.041 0.022 0.013 0.014 0.015 0.015 0.019 0.02 0.009 0.107 0.422 0.023 0.046 0.051 0.013 0.022 0.031 0.007 0.021 0.089
295 E 0.051 0.046 0.038 0.084 0.007 0.06 0.349 0.032 0.024 0.02 0.034 0.07 0.012 0.015 0.024 0.051 0.034 0.005 0.015 0.029
296 L 0.043 0.019 0.013 0.015 0.015 0.013 0.017 0.019 0.009 0.238 0.262 0.022 0.039 0.045 0.013 0.023 0.034 0.006 0.02 0.134
297 L 0.037 0.02 0.014 0.015 0.013 0.013 0.018 0.021 0.012 0.084 0.274 0.021 0.035 0.229 0.012 0.023 0.027 0.011 0.049 0.071
298 Y 0.042 0.041 0.028 0.028 0.009 0.119 0.052 0.029 0.031 0.038 0.064 0.049 0.019 0.14 0.016 0.037 0.03 0.016 0.171 0.041
299 K 0.053 0.099 0.038 0.038 0.008 0.05 0.066 0.04 0.019 0.026 0.04 0.332 0.014 0.014 0.026 0.05 0.037 0.005 0.016 0.03
300 T 0.062 0.027 0.03 0.027 0.016 0.021 0.029 0.032 0.011 0.125 0.091 0.034 0.024 0.028 0.021 0.062 0.198 0.005 0.018 0.137
301 G 0.072 0.021 0.036 0.031 0.01 0.018 0.024 0.546 0.012 0.018 0.026 0.031 0.009 0.015 0.018 0.048 0.028 0.005 0.01 0.022
302 L 0.07 0.023 0.016 0.017 0.016 0.017 0.022 0.025 0.01 0.155 0.216 0.026 0.072 0.041 0.015 0.031 0.038 0.006 0.02 0.164
303 L 0.044 0.02 0.014 0.015 0.015 0.014 0.018 0.02 0.009 0.212 0.277 0.023 0.039 0.045 0.014 0.023 0.035 0.006 0.02 0.139
304 G 0.072 0.021 0.036 0.031 0.01 0.018 0.024 0.546 0.012 0.018 0.026 0.031 0.009 0.015 0.018 0.048 0.028 0.005 0.01 0.022
305 V 0.057 0.02 0.015 0.016 0.017 0.015 0.02 0.022 0.008 0.166 0.186 0.024 0.033 0.038 0.015 0.028 0.042 0.005 0.019 0.255
306 I 0.045 0.018 0.014 0.016 0.014 0.013 0.018 0.021 0.01 0.237 0.138 0.022 0.031 0.113 0.013 0.025 0.036 0.008 0.036 0.173
307 L 0.048 0.02 0.015 0.016 0.016 0.014 0.019 0.029 0.009 0.19 0.25 0.024 0.037 0.042 0.014 0.027 0.044 0.006 0.019 0.161
308 S 0.102 0.037 0.05 0.045 0.016 0.031 0.049 0.061 0.018 0.028 0.039 0.05 0.015 0.019 0.028 0.278 0.076 0.005 0.016 0.039
309 L 0.046 0.019 0.014 0.016 0.015 0.014 0.018 0.02 0.009 0.221 0.249 0.023 0.038 0.043 0.014 0.024 0.036 0.006 0.02 0.157
310 L 0.066 0.02 0.015 0.016 0.015 0.014 0.019 0.024 0.009 0.201 0.211 0.024 0.035 0.067 0.014 0.028 0.037 0.006 0.024 0.157
311 P 0.053 0.024 0.022 0.029 0.01 0.019 0.034 0.034 0.012 0.024 0.034 0.038 0.01 0.012 0.531 0.041 0.034 0.002 0.012 0.029
312 L 0.047 0.024 0.016 0.017 0.014 0.018 0.022 0.024 0.012 0.115 0.185 0.026 0.108 0.12 0.014 0.029 0.035 0.008 0.033 0.132
313 L 0.039 0.022 0.014 0.014 0.014 0.014 0.018 0.02 0.011 0.097 0.359 0.022 0.041 0.127 0.012 0.023 0.029 0.008 0.033 0.081
314 L 0.047 0.039 0.022 0.022 0.012 0.024 0.031 0.027 0.019 0.087 0.23 0.088 0.031 0.055 0.017 0.046 0.034 0.01 0.089 0.07
315 L 0.047 0.02 0.014 0.015 0.016 0.014 0.018 0.02 0.009 0.203 0.255 0.023 0.038 0.043 0.014 0.024 0.036 0.006 0.02 0.166
316 I 0.053 0.021 0.021 0.022 0.014 0.015 0.023 0.028 0.012 0.212 0.122 0.027 0.028 0.115 0.016 0.074 0.042 0.007 0.031 0.116
317 F 0.043 0.095 0.02 0.019 0.012 0.021 0.026 0.024 0.019 0.105 0.119 0.041 0.025 0.13 0.014 0.029 0.032 0.012 0.101 0.115
318 K 0.052 0.099 0.06 0.049 0.008 0.048 0.117 0.073 0.02 0.023 0.037 0.226 0.013 0.015 0.024 0.05 0.036 0.005 0.015 0.029
319 G 0.089 0.031 0.105 0.043 0.012 0.024 0.036 0.253 0.017 0.026 0.036 0.041 0.012 0.017 0.021 0.104 0.079 0.005 0.013 0.035
320 L 0.039 0.021 0.015 0.016 0.013 0.014 0.019 0.021 0.017 0.142 0.216 0.023 0.033 0.138 0.013 0.024 0.03 0.012 0.102 0.092
