#Seq2Logo.py -f /work3/idamei/ssn-clusterings/2206011120/clusters/0010_48/sequences.afa -m 0.0001 -b 50 -o /work3/idamei/ssn-clusterings/2206011120/clusters/0010_48/sequences.logo
#Position Specific Frequency Matrix
A R N D C Q E G H I L K M F P S T W Y V
0 M 0.046 0.028 0.018 0.018 0.014 0.025 0.025 0.025 0.014 0.089 0.174 0.032 0.257 0.043 0.014 0.032 0.036 0.007 0.021 0.082
1 V 0.062 0.022 0.02 0.02 0.017 0.017 0.024 0.026 0.009 0.148 0.11 0.028 0.027 0.031 0.017 0.042 0.103 0.005 0.018 0.252
2 F 0.033 0.021 0.017 0.016 0.009 0.014 0.021 0.022 0.027 0.048 0.082 0.022 0.02 0.298 0.011 0.025 0.024 0.02 0.227 0.045
3 L 0.084 0.021 0.014 0.016 0.015 0.015 0.02 0.025 0.009 0.161 0.315 0.024 0.037 0.042 0.015 0.029 0.033 0.006 0.019 0.101
4 F 0.06 0.018 0.015 0.016 0.012 0.012 0.019 0.024 0.012 0.113 0.152 0.02 0.027 0.261 0.012 0.027 0.029 0.01 0.05 0.109
5 V 0.055 0.022 0.017 0.017 0.016 0.016 0.022 0.023 0.008 0.118 0.218 0.025 0.032 0.036 0.015 0.034 0.078 0.005 0.018 0.225
6 L 0.041 0.021 0.013 0.014 0.05 0.014 0.018 0.02 0.009 0.098 0.421 0.022 0.042 0.046 0.013 0.022 0.03 0.006 0.019 0.083
7 F 0.043 0.022 0.019 0.019 0.012 0.015 0.022 0.027 0.014 0.066 0.172 0.024 0.057 0.262 0.013 0.062 0.032 0.011 0.051 0.059
8 F 0.031 0.019 0.016 0.015 0.009 0.012 0.019 0.022 0.022 0.051 0.09 0.02 0.021 0.366 0.011 0.024 0.023 0.018 0.163 0.047
9 C 0.056 0.017 0.017 0.017 0.402 0.013 0.017 0.029 0.008 0.083 0.07 0.021 0.017 0.021 0.016 0.04 0.073 0.004 0.012 0.066
10 T 0.114 0.032 0.039 0.035 0.016 0.026 0.038 0.048 0.014 0.04 0.051 0.042 0.016 0.02 0.025 0.142 0.225 0.005 0.016 0.056
11 F 0.083 0.021 0.018 0.019 0.013 0.015 0.022 0.03 0.012 0.085 0.184 0.025 0.027 0.204 0.015 0.037 0.07 0.009 0.042 0.069
12 Y 0.037 0.024 0.018 0.016 0.009 0.018 0.024 0.022 0.037 0.081 0.072 0.027 0.019 0.106 0.014 0.027 0.026 0.022 0.346 0.057
13 F 0.036 0.02 0.015 0.015 0.012 0.014 0.019 0.022 0.013 0.108 0.168 0.022 0.087 0.253 0.011 0.024 0.028 0.011 0.049 0.074
14 Y 0.078 0.025 0.02 0.018 0.01 0.02 0.026 0.028 0.037 0.038 0.059 0.029 0.016 0.103 0.015 0.033 0.027 0.022 0.353 0.043
15 L 0.096 0.024 0.024 0.023 0.015 0.018 0.026 0.101 0.011 0.099 0.209 0.03 0.027 0.032 0.018 0.075 0.075 0.005 0.017 0.074
16 I 0.049 0.017 0.013 0.016 0.015 0.013 0.017 0.019 0.008 0.279 0.135 0.022 0.031 0.036 0.013 0.025 0.038 0.005 0.018 0.231
17 E 0.047 0.055 0.038 0.059 0.007 0.116 0.228 0.033 0.074 0.021 0.035 0.104 0.014 0.016 0.022 0.047 0.032 0.005 0.02 0.028
18 K 0.046 0.164 0.081 0.044 0.007 0.045 0.096 0.037 0.02 0.022 0.037 0.224 0.013 0.014 0.021 0.047 0.035 0.005 0.015 0.028
19 Y 0.042 0.023 0.019 0.017 0.011 0.017 0.023 0.022 0.029 0.112 0.083 0.026 0.021 0.084 0.014 0.03 0.049 0.017 0.258 0.103
20 S 0.11 0.04 0.054 0.049 0.018 0.033 0.052 0.066 0.019 0.03 0.042 0.054 0.016 0.021 0.03 0.22 0.082 0.005 0.018 0.042
21 T 0.073 0.036 0.043 0.038 0.018 0.028 0.039 0.043 0.014 0.053 0.065 0.045 0.02 0.024 0.028 0.093 0.246 0.006 0.018 0.071
22 R 0.045 0.345 0.039 0.031 0.008 0.048 0.052 0.033 0.023 0.023 0.047 0.12 0.016 0.017 0.019 0.045 0.035 0.006 0.017 0.031
23 N 0.043 0.045 0.317 0.083 0.009 0.034 0.049 0.065 0.032 0.022 0.032 0.054 0.011 0.018 0.02 0.07 0.049 0.004 0.016 0.027
24 K 0.055 0.162 0.037 0.034 0.009 0.041 0.053 0.038 0.018 0.026 0.041 0.221 0.014 0.016 0.023 0.083 0.076 0.005 0.015 0.034
25 V 0.096 0.023 0.02 0.021 0.015 0.018 0.026 0.031 0.01 0.106 0.13 0.03 0.024 0.028 0.085 0.044 0.095 0.005 0.017 0.177
26 S 0.061 0.091 0.109 0.043 0.01 0.032 0.045 0.113 0.071 0.022 0.034 0.091 0.012 0.017 0.021 0.131 0.045 0.005 0.019 0.028
27 R 0.045 0.338 0.039 0.031 0.008 0.049 0.053 0.033 0.024 0.024 0.047 0.121 0.016 0.018 0.02 0.045 0.035 0.006 0.018 0.031
28 N 0.043 0.045 0.31 0.084 0.009 0.034 0.05 0.066 0.032 0.023 0.032 0.054 0.011 0.018 0.02 0.07 0.05 0.005 0.016 0.027
29 V 0.071 0.022 0.017 0.018 0.019 0.017 0.024 0.025 0.008 0.166 0.132 0.026 0.032 0.036 0.017 0.033 0.05 0.006 0.021 0.262
30 F 0.034 0.019 0.017 0.017 0.011 0.011 0.019 0.026 0.017 0.064 0.115 0.019 0.026 0.381 0.011 0.026 0.026 0.017 0.09 0.056
31 L 0.045 0.025 0.014 0.015 0.016 0.016 0.02 0.022 0.01 0.117 0.369 0.026 0.05 0.055 0.014 0.025 0.034 0.007 0.023 0.097
32 Y 0.041 0.028 0.022 0.019 0.009 0.022 0.028 0.025 0.047 0.044 0.069 0.032 0.019 0.132 0.016 0.032 0.028 0.028 0.311 0.047
33 F 0.038 0.02 0.017 0.017 0.012 0.014 0.02 0.023 0.015 0.102 0.184 0.023 0.027 0.207 0.013 0.03 0.065 0.011 0.089 0.071
34 L 0.042 0.02 0.016 0.017 0.014 0.014 0.019 0.021 0.01 0.17 0.264 0.023 0.034 0.093 0.014 0.029 0.069 0.007 0.026 0.099
35 L 0.127 0.021 0.015 0.017 0.016 0.016 0.022 0.031 0.009 0.156 0.234 0.026 0.032 0.036 0.016 0.036 0.036 0.005 0.018 0.13
36 L 0.039 0.022 0.018 0.017 0.011 0.016 0.022 0.024 0.016 0.064 0.18 0.025 0.055 0.156 0.013 0.031 0.065 0.079 0.087 0.06
37 L 0.036 0.019 0.013 0.014 0.012 0.012 0.017 0.02 0.011 0.117 0.282 0.02 0.034 0.202 0.011 0.022 0.027 0.009 0.041 0.08
38 P 0.05 0.023 0.02 0.027 0.009 0.018 0.032 0.032 0.011 0.023 0.032 0.036 0.009 0.011 0.556 0.039 0.032 0.002 0.011 0.027
39 P 0.173 0.024 0.021 0.027 0.013 0.02 0.033 0.046 0.012 0.028 0.039 0.037 0.011 0.014 0.357 0.052 0.036 0.003 0.013 0.04
40 F 0.032 0.017 0.014 0.015 0.011 0.01 0.017 0.021 0.013 0.099 0.15 0.018 0.026 0.357 0.01 0.022 0.025 0.013 0.063 0.066
41 L 0.046 0.02 0.015 0.016 0.015 0.014 0.019 0.021 0.009 0.183 0.289 0.023 0.036 0.041 0.014 0.041 0.035 0.006 0.019 0.138
42 L 0.065 0.019 0.014 0.015 0.014 0.013 0.019 0.024 0.01 0.132 0.195 0.022 0.03 0.143 0.013 0.027 0.034 0.008 0.033 0.168
43 Y 0.036 0.025 0.019 0.016 0.008 0.019 0.025 0.022 0.041 0.038 0.06 0.027 0.016 0.115 0.014 0.027 0.025 0.025 0.402 0.041
44 F 0.032 0.017 0.014 0.015 0.011 0.01 0.017 0.021 0.013 0.099 0.15 0.018 0.026 0.357 0.01 0.022 0.025 0.013 0.063 0.066
45 L 0.046 0.023 0.018 0.018 0.014 0.017 0.022 0.025 0.011 0.084 0.321 0.026 0.065 0.095 0.014 0.06 0.034 0.007 0.027 0.073
46 V 0.052 0.018 0.014 0.015 0.016 0.013 0.018 0.02 0.007 0.223 0.148 0.022 0.03 0.035 0.014 0.026 0.039 0.005 0.018 0.265
47 A 0.237 0.031 0.035 0.034 0.017 0.026 0.041 0.063 0.015 0.032 0.044 0.043 0.015 0.019 0.026 0.195 0.058 0.005 0.015 0.049
48 G 0.191 0.027 0.033 0.032 0.014 0.022 0.033 0.254 0.014 0.027 0.038 0.038 0.012 0.017 0.022 0.124 0.044 0.005 0.013 0.04
49 L 0.042 0.023 0.016 0.016 0.014 0.015 0.02 0.021 0.009 0.094 0.403 0.024 0.04 0.045 0.014 0.029 0.068 0.006 0.019 0.082
50 Q 0.049 0.064 0.039 0.041 0.008 0.311 0.09 0.036 0.026 0.023 0.041 0.08 0.018 0.013 0.021 0.049 0.036 0.005 0.018 0.031
51 Y 0.034 0.023 0.018 0.016 0.008 0.017 0.023 0.022 0.036 0.042 0.068 0.025 0.018 0.18 0.013 0.026 0.024 0.023 0.341 0.042
52 N 0.048 0.035 0.263 0.057 0.009 0.027 0.039 0.117 0.026 0.022 0.032 0.043 0.011 0.028 0.018 0.087 0.042 0.007 0.062 0.027
53 V 0.061 0.019 0.014 0.016 0.017 0.014 0.02 0.022 0.007 0.144 0.114 0.023 0.028 0.031 0.014 0.029 0.043 0.005 0.018 0.359
54 G 0.069 0.02 0.034 0.03 0.009 0.017 0.022 0.57 0.012 0.017 0.025 0.03 0.008 0.014 0.017 0.045 0.026 0.005 0.009 0.021
55 S 0.106 0.034 0.044 0.039 0.016 0.027 0.042 0.054 0.015 0.032 0.043 0.045 0.015 0.019 0.026 0.242 0.137 0.005 0.015 0.045
56 D 0.036 0.026 0.061 0.471 0.007 0.026 0.08 0.041 0.016 0.02 0.025 0.039 0.008 0.013 0.02 0.046 0.031 0.003 0.01 0.021
57 Y 0.036 0.025 0.019 0.016 0.008 0.019 0.025 0.022 0.041 0.038 0.06 0.027 0.016 0.115 0.014 0.027 0.025 0.025 0.402 0.041
58 P 0.043 0.021 0.018 0.022 0.01 0.015 0.026 0.028 0.012 0.041 0.101 0.03 0.017 0.129 0.351 0.032 0.029 0.006 0.029 0.04
59 S 0.096 0.035 0.047 0.043 0.015 0.029 0.046 0.058 0.017 0.026 0.037 0.047 0.014 0.018 0.026 0.316 0.072 0.005 0.015 0.037
60 Y 0.036 0.025 0.019 0.016 0.008 0.019 0.025 0.022 0.041 0.038 0.06 0.027 0.016 0.115 0.014 0.027 0.025 0.025 0.402 0.041
61 I 0.048 0.018 0.017 0.019 0.014 0.014 0.019 0.023 0.009 0.319 0.133 0.024 0.03 0.036 0.015 0.059 0.04 0.005 0.018 0.14
62 Y 0.043 0.027 0.03 0.078 0.009 0.022 0.036 0.029 0.059 0.033 0.051 0.032 0.015 0.084 0.016 0.066 0.031 0.018 0.282 0.037
63 I 0.041 0.016 0.013 0.016 0.014 0.012 0.016 0.018 0.008 0.361 0.147 0.021 0.032 0.039 0.013 0.022 0.035 0.005 0.018 0.155
64 Y 0.035 0.024 0.019 0.016 0.008 0.018 0.024 0.022 0.038 0.04 0.065 0.026 0.017 0.158 0.013 0.027 0.024 0.023 0.361 0.042
65 E 0.048 0.045 0.036 0.077 0.007 0.072 0.365 0.031 0.023 0.02 0.033 0.067 0.012 0.014 0.023 0.048 0.033 0.005 0.015 0.028
66 N 0.037 0.038 0.358 0.123 0.008 0.029 0.048 0.055 0.026 0.02 0.027 0.046 0.01 0.015 0.018 0.059 0.042 0.004 0.013 0.023
67 P 0.051 0.041 0.029 0.033 0.01 0.146 0.056 0.034 0.018 0.065 0.051 0.054 0.016 0.016 0.221 0.058 0.037 0.004 0.015 0.045
68 W 0.038 0.025 0.02 0.025 0.008 0.021 0.069 0.031 0.015 0.026 0.043 0.029 0.013 0.044 0.011 0.06 0.028 0.417 0.049 0.028
69 Q 0.056 0.074 0.044 0.047 0.009 0.215 0.103 0.041 0.029 0.026 0.047 0.091 0.021 0.015 0.024 0.056 0.041 0.006 0.021 0.035
70 V 0.053 0.07 0.017 0.017 0.014 0.018 0.024 0.022 0.013 0.143 0.102 0.033 0.025 0.041 0.014 0.029 0.038 0.007 0.066 0.252
71 L 0.038 0.024 0.018 0.016 0.012 0.018 0.022 0.022 0.063 0.08 0.314 0.025 0.063 0.045 0.012 0.024 0.028 0.075 0.029 0.069
72 D 0.045 0.034 0.042 0.207 0.008 0.067 0.142 0.101 0.018 0.03 0.082 0.048 0.015 0.018 0.019 0.044 0.031 0.004 0.013 0.032
73 R 0.042 0.25 0.033 0.029 0.007 0.04 0.048 0.031 0.019 0.026 0.047 0.192 0.015 0.071 0.019 0.04 0.031 0.006 0.023 0.03
74 Y 0.036 0.025 0.019 0.016 0.008 0.019 0.025 0.022 0.041 0.038 0.06 0.027 0.016 0.115 0.014 0.027 0.025 0.025 0.402 0.041
75 F 0.032 0.018 0.015 0.015 0.01 0.011 0.018 0.022 0.017 0.092 0.101 0.019 0.023 0.366 0.01 0.023 0.024 0.015 0.111 0.061
76 N 0.038 0.035 0.31 0.116 0.009 0.027 0.044 0.05 0.024 0.062 0.042 0.043 0.012 0.018 0.017 0.054 0.041 0.004 0.014 0.04
77 S 0.073 0.094 0.042 0.039 0.012 0.068 0.052 0.047 0.018 0.027 0.041 0.098 0.015 0.017 0.024 0.185 0.091 0.005 0.016 0.037
78 G 0.07 0.047 0.036 0.031 0.01 0.02 0.027 0.472 0.013 0.018 0.027 0.037 0.009 0.015 0.018 0.078 0.032 0.005 0.011 0.024
79 E 0.048 0.044 0.036 0.079 0.006 0.057 0.383 0.031 0.023 0.019 0.032 0.066 0.011 0.015 0.023 0.048 0.032 0.005 0.015 0.027
80 Y 0.033 0.022 0.018 0.016 0.009 0.015 0.022 0.022 0.031 0.045 0.075 0.023 0.019 0.245 0.012 0.025 0.024 0.021 0.28 0.044
81 F 0.035 0.019 0.017 0.017 0.011 0.012 0.019 0.024 0.014 0.06 0.139 0.02 0.024 0.355 0.012 0.03 0.063 0.013 0.063 0.055
82 F 0.03 0.017 0.015 0.015 0.009 0.009 0.017 0.022 0.015 0.056 0.1 0.017 0.022 0.462 0.009 0.022 0.022 0.015 0.078 0.048
83 Y 0.078 0.025 0.02 0.018 0.01 0.02 0.026 0.028 0.037 0.038 0.059 0.029 0.016 0.103 0.015 0.033 0.027 0.022 0.353 0.043
84 Y 0.036 0.025 0.019 0.016 0.008 0.019 0.025 0.022 0.041 0.038 0.06 0.027 0.016 0.115 0.014 0.027 0.025 0.025 0.402 0.041
85 S 0.135 0.029 0.034 0.033 0.016 0.024 0.037 0.05 0.014 0.079 0.105 0.039 0.02 0.025 0.023 0.197 0.057 0.005 0.016 0.062
86 N 0.038 0.037 0.352 0.065 0.009 0.028 0.04 0.052 0.025 0.03 0.081 0.044 0.014 0.02 0.017 0.056 0.042 0.004 0.014 0.031
87 I 0.047 0.041 0.025 0.031 0.012 0.028 0.076 0.027 0.013 0.162 0.132 0.115 0.025 0.028 0.018 0.039 0.072 0.005 0.017 0.087
88 I 0.037 0.017 0.014 0.015 0.012 0.011 0.016 0.02 0.011 0.214 0.168 0.019 0.03 0.199 0.011 0.022 0.029 0.009 0.041 0.106
89 L 0.039 0.021 0.012 0.013 0.014 0.014 0.018 0.019 0.009 0.101 0.452 0.022 0.044 0.048 0.012 0.021 0.029 0.006 0.02 0.084
90 N 0.048 0.04 0.265 0.071 0.008 0.036 0.129 0.051 0.025 0.02 0.03 0.052 0.011 0.016 0.02 0.09 0.044 0.004 0.014 0.026
91 Y 0.036 0.032 0.071 0.028 0.008 0.057 0.036 0.03 0.08 0.032 0.054 0.036 0.016 0.114 0.014 0.034 0.027 0.082 0.178 0.034
92 F 0.035 0.018 0.014 0.014 0.012 0.011 0.017 0.02 0.012 0.111 0.238 0.019 0.031 0.254 0.011 0.022 0.026 0.01 0.049 0.075
93 E 0.049 0.103 0.105 0.059 0.008 0.046 0.176 0.039 0.022 0.021 0.034 0.142 0.012 0.015 0.022 0.066 0.037 0.005 0.015 0.028
94 F 0.063 0.021 0.018 0.018 0.012 0.014 0.022 0.028 0.013 0.068 0.221 0.024 0.029 0.224 0.014 0.062 0.032 0.01 0.044 0.061
95 P 0.048 0.036 0.028 0.036 0.008 0.028 0.081 0.033 0.066 0.022 0.033 0.082 0.01 0.014 0.355 0.041 0.031 0.003 0.017 0.027
96 P 0.072 0.029 0.034 0.035 0.013 0.024 0.038 0.044 0.014 0.027 0.037 0.042 0.012 0.016 0.258 0.165 0.088 0.004 0.014 0.036
97 Q 0.049 0.064 0.039 0.041 0.008 0.311 0.09 0.036 0.026 0.023 0.041 0.08 0.018 0.013 0.021 0.049 0.036 0.005 0.018 0.031
98 S 0.155 0.029 0.035 0.034 0.015 0.023 0.037 0.12 0.015 0.032 0.047 0.039 0.015 0.073 0.023 0.185 0.053 0.006 0.022 0.042
99 I 0.044 0.017 0.013 0.015 0.015 0.012 0.016 0.019 0.008 0.301 0.181 0.021 0.033 0.039 0.013 0.023 0.035 0.005 0.018 0.172
100 F 0.03 0.017 0.015 0.015 0.009 0.009 0.017 0.022 0.015 0.056 0.1 0.017 0.022 0.462 0.009 0.022 0.022 0.015 0.078 0.048
101 F 0.032 0.017 0.014 0.015 0.011 0.01 0.017 0.021 0.013 0.099 0.15 0.018 0.026 0.357 0.01 0.022 0.025 0.013 0.063 0.066
102 V 0.098 0.02 0.015 0.017 0.017 0.015 0.022 0.027 0.008 0.126 0.149 0.025 0.028 0.032 0.016 0.034 0.042 0.005 0.018 0.287
103 F 0.031 0.017 0.015 0.015 0.01 0.01 0.017 0.022 0.014 0.094 0.106 0.017 0.024 0.409 0.01 0.022 0.024 0.014 0.07 0.062
104 S 0.163 0.033 0.04 0.037 0.016 0.027 0.042 0.058 0.015 0.032 0.043 0.044 0.015 0.019 0.026 0.226 0.098 0.005 0.015 0.046
105 F 0.033 0.018 0.014 0.015 0.011 0.011 0.017 0.021 0.012 0.105 0.194 0.019 0.029 0.306 0.011 0.022 0.026 0.011 0.056 0.071
106 V 0.091 0.019 0.015 0.017 0.015 0.014 0.02 0.026 0.009 0.188 0.115 0.023 0.027 0.086 0.015 0.032 0.038 0.006 0.025 0.219
107 Q 0.049 0.064 0.039 0.041 0.008 0.311 0.09 0.036 0.026 0.023 0.041 0.08 0.018 0.013 0.021 0.049 0.036 0.005 0.018 0.031
108 S 0.092 0.035 0.046 0.042 0.015 0.029 0.045 0.056 0.016 0.029 0.039 0.047 0.014 0.019 0.026 0.286 0.105 0.005 0.015 0.04
109 L 0.044 0.019 0.013 0.015 0.014 0.013 0.018 0.02 0.009 0.171 0.247 0.021 0.034 0.093 0.013 0.023 0.033 0.007 0.026 0.166
110 F 0.033 0.018 0.015 0.016 0.01 0.011 0.019 0.023 0.014 0.057 0.136 0.02 0.023 0.354 0.078 0.024 0.024 0.012 0.062 0.05
111 I 0.043 0.017 0.014 0.017 0.014 0.012 0.017 0.019 0.008 0.341 0.142 0.022 0.031 0.038 0.014 0.026 0.054 0.005 0.018 0.149
112 F 0.03 0.017 0.015 0.015 0.009 0.009 0.017 0.022 0.015 0.056 0.1 0.017 0.022 0.462 0.009 0.022 0.022 0.015 0.078 0.048
113 L 0.04 0.02 0.015 0.015 0.012 0.015 0.019 0.021 0.017 0.146 0.185 0.023 0.028 0.061 0.012 0.024 0.03 0.079 0.12 0.118
114 Y 0.034 0.022 0.018 0.016 0.009 0.016 0.022 0.022 0.033 0.044 0.073 0.024 0.018 0.223 0.012 0.026 0.024 0.022 0.3 0.043
115 F 0.032 0.018 0.014 0.014 0.011 0.011 0.017 0.021 0.013 0.067 0.188 0.018 0.028 0.359 0.01 0.022 0.024 0.013 0.063 0.057
116 K 0.089 0.06 0.033 0.031 0.009 0.034 0.046 0.106 0.068 0.028 0.045 0.199 0.014 0.072 0.021 0.046 0.032 0.006 0.027 0.033
117 K 0.099 0.047 0.031 0.036 0.013 0.033 0.084 0.04 0.015 0.051 0.068 0.123 0.047 0.022 0.022 0.084 0.079 0.005 0.016 0.086
118 L 0.038 0.019 0.013 0.014 0.014 0.013 0.017 0.019 0.009 0.16 0.332 0.021 0.038 0.097 0.012 0.022 0.03 0.007 0.026 0.098
119 K 0.054 0.08 0.083 0.042 0.009 0.043 0.058 0.043 0.019 0.024 0.036 0.287 0.013 0.014 0.024 0.082 0.041 0.004 0.015 0.029
120 K 0.044 0.16 0.083 0.039 0.007 0.075 0.057 0.037 0.073 0.022 0.037 0.185 0.014 0.016 0.02 0.046 0.034 0.005 0.02 0.027
121 R 0.041 0.244 0.079 0.034 0.007 0.039 0.047 0.034 0.023 0.024 0.041 0.154 0.013 0.027 0.018 0.042 0.032 0.007 0.063 0.029
122 Y 0.041 0.028 0.022 0.019 0.009 0.022 0.028 0.025 0.047 0.044 0.069 0.032 0.019 0.132 0.016 0.032 0.028 0.028 0.311 0.047
123 N 0.043 0.045 0.31 0.084 0.009 0.034 0.05 0.066 0.032 0.023 0.032 0.054 0.011 0.018 0.02 0.07 0.05 0.005 0.016 0.027
124 G 0.057 0.024 0.036 0.083 0.009 0.02 0.032 0.368 0.065 0.028 0.079 0.031 0.013 0.02 0.016 0.041 0.027 0.005 0.016 0.029
125 F 0.085 0.02 0.018 0.018 0.012 0.014 0.021 0.096 0.015 0.098 0.109 0.024 0.022 0.175 0.014 0.033 0.03 0.011 0.083 0.1
126 I 0.051 0.081 0.024 0.023 0.013 0.023 0.03 0.027 0.012 0.156 0.136 0.079 0.025 0.029 0.017 0.054 0.075 0.005 0.017 0.121
127 L 0.043 0.019 0.013 0.014 0.015 0.013 0.017 0.019 0.008 0.188 0.315 0.022 0.038 0.043 0.013 0.022 0.033 0.006 0.019 0.141
128 W 0.07 0.021 0.014 0.015 0.008 0.014 0.022 0.032 0.013 0.028 0.047 0.022 0.014 0.049 0.009 0.027 0.023 0.486 0.054 0.031
129 L 0.04 0.02 0.013 0.014 0.014 0.014 0.017 0.019 0.009 0.166 0.376 0.022 0.041 0.046 0.013 0.021 0.031 0.006 0.019 0.102
130 F 0.033 0.018 0.014 0.015 0.011 0.011 0.017 0.021 0.012 0.105 0.194 0.019 0.029 0.306 0.011 0.022 0.026 0.011 0.056 0.071
131 F 0.034 0.017 0.015 0.015 0.01 0.01 0.017 0.022 0.014 0.067 0.102 0.017 0.023 0.408 0.01 0.023 0.025 0.014 0.07 0.087
132 F 0.081 0.019 0.015 0.016 0.013 0.013 0.02 0.027 0.011 0.114 0.19 0.022 0.029 0.196 0.013 0.029 0.031 0.009 0.041 0.111
133 I 0.082 0.018 0.014 0.016 0.014 0.013 0.018 0.025 0.009 0.25 0.168 0.023 0.03 0.09 0.014 0.028 0.034 0.006 0.025 0.121
134 F 0.03 0.017 0.015 0.015 0.009 0.009 0.017 0.022 0.015 0.056 0.1 0.017 0.022 0.462 0.009 0.022 0.022 0.015 0.078 0.048
135 F 0.034 0.017 0.014 0.015 0.011 0.011 0.017 0.021 0.012 0.138 0.156 0.018 0.027 0.305 0.011 0.022 0.026 0.011 0.056 0.079
136 T 0.066 0.026 0.03 0.027 0.149 0.02 0.029 0.036 0.011 0.054 0.062 0.033 0.017 0.021 0.021 0.093 0.192 0.005 0.015 0.093
137 V 0.101 0.02 0.015 0.017 0.017 0.015 0.022 0.028 0.008 0.131 0.107 0.025 0.026 0.03 0.016 0.035 0.043 0.005 0.018 0.321
138 T 0.111 0.032 0.038 0.035 0.016 0.025 0.038 0.047 0.013 0.04 0.051 0.042 0.016 0.02 0.025 0.139 0.235 0.005 0.016 0.056
139 N 0.049 0.039 0.335 0.067 0.009 0.029 0.044 0.057 0.026 0.021 0.029 0.047 0.011 0.016 0.019 0.109 0.049 0.004 0.014 0.026
140 I 0.044 0.016 0.013 0.016 0.015 0.012 0.016 0.019 0.008 0.334 0.143 0.021 0.032 0.038 0.013 0.023 0.036 0.005 0.018 0.18
141 Y 0.036 0.024 0.017 0.016 0.01 0.018 0.023 0.021 0.033 0.054 0.158 0.026 0.023 0.098 0.013 0.026 0.026 0.02 0.306 0.052
142 N 0.039 0.043 0.311 0.064 0.008 0.065 0.05 0.052 0.078 0.02 0.03 0.05 0.011 0.017 0.018 0.057 0.04 0.004 0.019 0.024
143 N 0.037 0.039 0.401 0.073 0.008 0.03 0.043 0.057 0.028 0.02 0.028 0.047 0.01 0.016 0.018 0.061 0.043 0.004 0.014 0.024
144 Q 0.049 0.064 0.039 0.041 0.008 0.311 0.09 0.036 0.026 0.023 0.041 0.08 0.018 0.013 0.021 0.049 0.036 0.005 0.018 0.031
145 L 0.041 0.023 0.014 0.014 0.014 0.017 0.019 0.02 0.01 0.098 0.382 0.025 0.099 0.047 0.013 0.024 0.031 0.006 0.02 0.084
146 N 0.037 0.039 0.401 0.073 0.008 0.03 0.043 0.057 0.028 0.02 0.028 0.047 0.01 0.016 0.018 0.061 0.043 0.004 0.014 0.024
147 G 0.069 0.02 0.034 0.03 0.009 0.017 0.022 0.57 0.012 0.017 0.025 0.03 0.008 0.014 0.017 0.045 0.026 0.005 0.009 0.021
148 I 0.041 0.016 0.013 0.015 0.014 0.012 0.016 0.018 0.008 0.328 0.185 0.021 0.034 0.04 0.013 0.022 0.034 0.005 0.018 0.146
149 R 0.039 0.425 0.034 0.027 0.007 0.042 0.046 0.029 0.02 0.02 0.041 0.105 0.014 0.015 0.017 0.039 0.031 0.005 0.015 0.027
150 Q 0.049 0.064 0.039 0.041 0.008 0.311 0.09 0.036 0.026 0.023 0.041 0.08 0.018 0.013 0.021 0.049 0.036 0.005 0.018 0.031
151 Y 0.036 0.025 0.019 0.016 0.008 0.019 0.025 0.022 0.041 0.038 0.06 0.027 0.016 0.115 0.014 0.027 0.025 0.025 0.402 0.041
152 A 0.338 0.026 0.021 0.025 0.019 0.021 0.034 0.063 0.012 0.051 0.06 0.037 0.017 0.02 0.025 0.069 0.044 0.005 0.016 0.098
153 A 0.298 0.025 0.02 0.023 0.018 0.02 0.032 0.057 0.012 0.065 0.068 0.035 0.018 0.022 0.023 0.063 0.044 0.005 0.016 0.135
154 L 0.042 0.02 0.013 0.014 0.015 0.014 0.018 0.019 0.008 0.171 0.334 0.022 0.039 0.044 0.013 0.022 0.032 0.006 0.019 0.136
155 T 0.102 0.027 0.03 0.028 0.083 0.021 0.03 0.039 0.011 0.057 0.064 0.035 0.018 0.022 0.022 0.068 0.227 0.005 0.015 0.098
156 L 0.08 0.021 0.014 0.015 0.014 0.015 0.02 0.025 0.01 0.088 0.358 0.024 0.037 0.096 0.014 0.028 0.03 0.007 0.026 0.077
157 L 0.042 0.02 0.014 0.014 0.014 0.013 0.018 0.02 0.01 0.101 0.28 0.021 0.034 0.147 0.012 0.023 0.031 0.008 0.034 0.144
158 P 0.05 0.023 0.02 0.027 0.009 0.018 0.032 0.032 0.011 0.023 0.032 0.036 0.009 0.011 0.556 0.039 0.032 0.002 0.011 0.027
159 L 0.04 0.021 0.013 0.014 0.014 0.014 0.018 0.019 0.009 0.149 0.378 0.023 0.055 0.046 0.013 0.022 0.031 0.006 0.019 0.097
160 L 0.038 0.018 0.013 0.015 0.013 0.012 0.017 0.019 0.01 0.187 0.25 0.02 0.034 0.148 0.012 0.022 0.03 0.008 0.034 0.102
161 S 0.119 0.033 0.041 0.037 0.016 0.026 0.04 0.052 0.015 0.035 0.046 0.044 0.015 0.019 0.025 0.198 0.169 0.005 0.015 0.049
162 L 0.043 0.021 0.015 0.016 0.013 0.016 0.02 0.02 0.017 0.17 0.182 0.024 0.059 0.059 0.013 0.025 0.032 0.01 0.115 0.129
163 F 0.039 0.021 0.018 0.017 0.011 0.014 0.021 0.024 0.016 0.066 0.129 0.023 0.023 0.207 0.012 0.031 0.065 0.08 0.094 0.09
164 L 0.044 0.019 0.013 0.014 0.081 0.013 0.017 0.02 0.008 0.131 0.322 0.022 0.036 0.041 0.013 0.024 0.032 0.006 0.018 0.123
165 F 0.036 0.022 0.02 0.018 0.076 0.016 0.023 0.024 0.076 0.043 0.071 0.024 0.018 0.222 0.012 0.028 0.025 0.016 0.187 0.042
166 D 0.045 0.034 0.047 0.245 0.008 0.039 0.207 0.036 0.019 0.023 0.032 0.051 0.011 0.015 0.022 0.051 0.07 0.004 0.013 0.029
167 K 0.046 0.218 0.036 0.033 0.007 0.045 0.056 0.035 0.019 0.023 0.039 0.269 0.014 0.014 0.022 0.044 0.033 0.005 0.015 0.028
168 K 0.046 0.215 0.036 0.034 0.007 0.078 0.06 0.034 0.02 0.023 0.039 0.233 0.014 0.014 0.021 0.044 0.033 0.005 0.016 0.028
169 Y 0.037 0.032 0.021 0.019 0.008 0.021 0.028 0.024 0.035 0.039 0.062 0.068 0.017 0.146 0.014 0.029 0.026 0.021 0.313 0.04
170 I 0.045 0.029 0.02 0.02 0.013 0.018 0.025 0.025 0.013 0.175 0.104 0.066 0.025 0.117 0.015 0.034 0.071 0.008 0.053 0.126
171 K 0.047 0.059 0.028 0.028 0.01 0.032 0.043 0.031 0.018 0.048 0.147 0.197 0.022 0.036 0.02 0.042 0.07 0.008 0.065 0.048
172 A 0.135 0.026 0.025 0.024 0.014 0.02 0.03 0.04 0.02 0.053 0.067 0.032 0.018 0.1 0.019 0.082 0.077 0.011 0.12 0.089
173 I 0.044 0.017 0.014 0.015 0.014 0.012 0.017 0.02 0.009 0.249 0.13 0.02 0.029 0.116 0.013 0.024 0.035 0.007 0.029 0.186
174 I 0.045 0.019 0.018 0.018 0.013 0.014 0.02 0.024 0.011 0.21 0.16 0.023 0.029 0.143 0.014 0.059 0.036 0.008 0.033 0.105
175 G 0.098 0.024 0.027 0.025 0.013 0.019 0.027 0.171 0.016 0.047 0.146 0.031 0.021 0.065 0.018 0.09 0.037 0.008 0.067 0.049
176 L 0.047 0.019 0.015 0.015 0.148 0.013 0.018 0.022 0.008 0.15 0.231 0.022 0.031 0.035 0.014 0.029 0.052 0.005 0.017 0.109
177 L 0.043 0.018 0.016 0.017 0.012 0.012 0.018 0.089 0.011 0.147 0.17 0.021 0.028 0.169 0.012 0.026 0.03 0.008 0.036 0.117
178 L 0.043 0.019 0.014 0.015 0.014 0.013 0.018 0.02 0.01 0.149 0.223 0.021 0.032 0.146 0.012 0.024 0.032 0.008 0.033 0.157
179 A 0.226 0.028 0.027 0.028 0.017 0.023 0.035 0.055 0.013 0.055 0.071 0.038 0.048 0.023 0.023 0.124 0.05 0.005 0.016 0.094
180 S 0.062 0.037 0.031 0.029 0.014 0.027 0.035 0.036 0.014 0.091 0.097 0.078 0.095 0.028 0.02 0.113 0.101 0.006 0.018 0.069
181 T 0.057 0.028 0.029 0.026 0.048 0.022 0.029 0.033 0.013 0.056 0.09 0.034 0.079 0.081 0.019 0.073 0.188 0.007 0.024 0.063
182 F 0.033 0.019 0.015 0.015 0.011 0.012 0.018 0.022 0.014 0.065 0.153 0.019 0.055 0.358 0.01 0.023 0.025 0.013 0.064 0.057
183 H 0.037 0.04 0.047 0.034 0.007 0.034 0.047 0.034 0.434 0.02 0.034 0.04 0.013 0.027 0.017 0.037 0.023 0.007 0.05 0.02
184 S 0.106 0.039 0.082 0.039 0.013 0.027 0.041 0.05 0.017 0.033 0.048 0.081 0.015 0.073 0.022 0.154 0.087 0.006 0.023 0.042
185 S 0.084 0.034 0.044 0.039 0.015 0.027 0.042 0.051 0.015 0.034 0.044 0.045 0.015 0.019 0.025 0.228 0.172 0.005 0.015 0.046
186 A 0.226 0.028 0.03 0.029 0.016 0.023 0.035 0.123 0.017 0.032 0.046 0.038 0.014 0.03 0.023 0.125 0.046 0.007 0.063 0.047
187 I 0.04 0.018 0.013 0.015 0.013 0.012 0.017 0.02 0.009 0.205 0.182 0.021 0.03 0.094 0.012 0.022 0.031 0.075 0.031 0.138
188 I 0.043 0.018 0.014 0.015 0.014 0.014 0.018 0.02 0.009 0.229 0.179 0.022 0.061 0.092 0.013 0.024 0.034 0.007 0.026 0.149
189 F 0.033 0.021 0.062 0.022 0.01 0.013 0.02 0.026 0.015 0.063 0.179 0.022 0.026 0.303 0.011 0.027 0.027 0.011 0.055 0.054
190 F 0.038 0.018 0.014 0.015 0.012 0.011 0.017 0.02 0.011 0.151 0.18 0.019 0.029 0.225 0.011 0.023 0.029 0.01 0.045 0.121
191 V 0.098 0.022 0.021 0.022 0.015 0.017 0.024 0.099 0.01 0.149 0.136 0.028 0.025 0.03 0.017 0.07 0.041 0.005 0.017 0.154
192 L 0.041 0.02 0.013 0.014 0.014 0.013 0.018 0.019 0.009 0.133 0.328 0.021 0.037 0.097 0.012 0.022 0.031 0.007 0.026 0.123
193 L 0.042 0.02 0.016 0.018 0.012 0.015 0.022 0.023 0.014 0.119 0.176 0.025 0.026 0.096 0.148 0.027 0.03 0.008 0.072 0.091
194 L 0.06 0.021 0.016 0.018 0.012 0.014 0.022 0.026 0.012 0.063 0.212 0.025 0.026 0.166 0.148 0.029 0.029 0.008 0.035 0.057
195 L 0.039 0.019 0.014 0.014 0.013 0.012 0.017 0.02 0.011 0.122 0.24 0.02 0.032 0.2 0.012 0.023 0.029 0.009 0.041 0.114
196 R 0.049 0.138 0.029 0.028 0.01 0.065 0.043 0.031 0.02 0.077 0.107 0.097 0.021 0.035 0.018 0.07 0.037 0.008 0.065 0.054
197 L 0.036 0.019 0.014 0.016 0.011 0.013 0.019 0.022 0.012 0.071 0.246 0.022 0.03 0.225 0.079 0.024 0.027 0.009 0.044 0.061
198 L 0.059 0.02 0.014 0.015 0.013 0.014 0.019 0.023 0.011 0.133 0.247 0.023 0.062 0.147 0.013 0.026 0.03 0.008 0.034 0.087
199 L 0.039 0.035 0.118 0.04 0.009 0.028 0.076 0.033 0.05 0.045 0.143 0.058 0.021 0.049 0.016 0.039 0.032 0.01 0.115 0.044
200 K 0.048 0.106 0.039 0.09 0.007 0.044 0.063 0.038 0.018 0.023 0.036 0.309 0.013 0.014 0.023 0.046 0.034 0.004 0.015 0.028
201 L 0.042 0.038 0.02 0.02 0.011 0.022 0.03 0.025 0.016 0.068 0.169 0.108 0.025 0.149 0.015 0.03 0.03 0.01 0.081 0.09
202 F 0.044 0.044 0.024 0.023 0.011 0.025 0.034 0.028 0.04 0.097 0.093 0.131 0.051 0.136 0.016 0.033 0.032 0.008 0.035 0.097
203 N 0.043 0.03 0.165 0.048 0.009 0.025 0.075 0.106 0.019 0.034 0.091 0.039 0.015 0.075 0.084 0.045 0.034 0.006 0.022 0.035
204 K 0.043 0.178 0.101 0.038 0.008 0.038 0.048 0.036 0.019 0.064 0.051 0.182 0.015 0.018 0.019 0.044 0.035 0.005 0.015 0.043
205 K 0.057 0.107 0.042 0.042 0.009 0.054 0.071 0.043 0.021 0.028 0.043 0.278 0.016 0.016 0.028 0.054 0.04 0.005 0.017 0.033
206 Y 0.059 0.054 0.033 0.028 0.011 0.024 0.034 0.103 0.051 0.031 0.047 0.04 0.014 0.055 0.019 0.11 0.076 0.012 0.162 0.038
207 L 0.046 0.023 0.019 0.019 0.079 0.018 0.024 0.026 0.018 0.059 0.168 0.028 0.053 0.052 0.083 0.036 0.068 0.01 0.113 0.059
208 F 0.077 0.018 0.016 0.016 0.011 0.012 0.019 0.028 0.014 0.064 0.096 0.02 0.022 0.353 0.012 0.03 0.028 0.012 0.063 0.089
209 L 0.044 0.023 0.02 0.019 0.012 0.017 0.023 0.025 0.018 0.084 0.216 0.026 0.028 0.111 0.015 0.049 0.069 0.012 0.122 0.068
210 L 0.085 0.02 0.014 0.016 0.015 0.014 0.02 0.026 0.01 0.144 0.238 0.023 0.032 0.091 0.014 0.03 0.034 0.007 0.026 0.142
211 F 0.03 0.017 0.015 0.015 0.009 0.009 0.017 0.022 0.015 0.056 0.1 0.017 0.022 0.462 0.009 0.022 0.022 0.015 0.078 0.048
212 I 0.048 0.021 0.018 0.019 0.014 0.016 0.021 0.024 0.01 0.22 0.213 0.026 0.062 0.039 0.015 0.06 0.038 0.006 0.018 0.113
213 L 0.042 0.02 0.013 0.014 0.015 0.014 0.018 0.019 0.009 0.139 0.372 0.022 0.04 0.045 0.013 0.022 0.032 0.006 0.019 0.127
214 S 0.088 0.034 0.045 0.04 0.015 0.028 0.043 0.053 0.016 0.031 0.042 0.046 0.015 0.019 0.026 0.257 0.139 0.005 0.015 0.043
215 L 0.092 0.024 0.021 0.022 0.015 0.018 0.025 0.032 0.01 0.142 0.225 0.029 0.03 0.035 0.017 0.072 0.077 0.005 0.018 0.09
216 P 0.053 0.022 0.019 0.024 0.011 0.017 0.029 0.029 0.01 0.053 0.052 0.033 0.014 0.016 0.42 0.036 0.035 0.003 0.013 0.11
217 F 0.039 0.017 0.014 0.015 0.079 0.011 0.016 0.021 0.01 0.174 0.156 0.019 0.028 0.196 0.012 0.024 0.029 0.009 0.04 0.093
218 Y 0.036 0.025 0.019 0.016 0.008 0.019 0.025 0.022 0.041 0.038 0.06 0.027 0.016 0.115 0.014 0.027 0.025 0.025 0.402 0.041
219 L 0.041 0.021 0.015 0.015 0.013 0.015 0.019 0.021 0.014 0.124 0.244 0.023 0.062 0.104 0.013 0.025 0.031 0.009 0.074 0.117
220 L 0.036 0.019 0.013 0.014 0.013 0.012 0.017 0.02 0.011 0.119 0.304 0.02 0.035 0.176 0.012 0.022 0.028 0.009 0.038 0.082
221 L 0.044 0.019 0.013 0.014 0.015 0.013 0.018 0.019 0.008 0.19 0.294 0.022 0.037 0.042 0.013 0.023 0.034 0.006 0.019 0.158
222 S 0.116 0.029 0.036 0.035 0.013 0.024 0.038 0.117 0.014 0.025 0.036 0.041 0.012 0.016 0.157 0.182 0.053 0.004 0.014 0.035
223 K 0.054 0.054 0.08 0.038 0.01 0.066 0.05 0.04 0.018 0.038 0.052 0.145 0.016 0.072 0.021 0.083 0.078 0.006 0.023 0.057
224 Y 0.047 0.024 0.02 0.019 0.012 0.019 0.025 0.026 0.026 0.066 0.162 0.028 0.024 0.076 0.015 0.062 0.034 0.015 0.21 0.091
225 V 0.08 0.024 0.025 0.024 0.016 0.019 0.027 0.031 0.01 0.122 0.09 0.031 0.023 0.027 0.019 0.054 0.172 0.005 0.017 0.185
226 P 0.047 0.023 0.065 0.028 0.011 0.018 0.028 0.03 0.012 0.09 0.109 0.032 0.019 0.022 0.285 0.036 0.035 0.004 0.014 0.091
227 D 0.047 0.028 0.076 0.092 0.011 0.025 0.079 0.034 0.015 0.066 0.061 0.037 0.016 0.075 0.085 0.047 0.091 0.006 0.022 0.085
228 I 0.085 0.019 0.014 0.016 0.015 0.014 0.019 0.025 0.009 0.228 0.207 0.024 0.032 0.038 0.015 0.029 0.036 0.005 0.018 0.151
229 L 0.042 0.021 0.013 0.014 0.015 0.014 0.018 0.019 0.009 0.107 0.41 0.022 0.042 0.046 0.013 0.022 0.031 0.006 0.019 0.119
230 E 0.049 0.037 0.035 0.09 0.009 0.045 0.275 0.031 0.019 0.065 0.049 0.056 0.014 0.018 0.021 0.049 0.071 0.005 0.015 0.047
231 L 0.066 0.028 0.03 0.028 0.014 0.022 0.032 0.037 0.016 0.064 0.156 0.035 0.024 0.04 0.019 0.141 0.085 0.008 0.065 0.093
232 F 0.038 0.019 0.017 0.017 0.012 0.013 0.019 0.023 0.012 0.104 0.189 0.021 0.028 0.251 0.012 0.029 0.065 0.01 0.048 0.072
233 G 0.048 0.027 0.082 0.149 0.009 0.026 0.085 0.17 0.016 0.029 0.08 0.039 0.013 0.018 0.085 0.044 0.031 0.004 0.012 0.031
234 L 0.042 0.025 0.069 0.025 0.013 0.019 0.025 0.027 0.013 0.077 0.289 0.029 0.065 0.038 0.091 0.031 0.033 0.005 0.018 0.068
235 R 0.05 0.198 0.082 0.044 0.008 0.042 0.092 0.039 0.021 0.022 0.037 0.151 0.013 0.015 0.021 0.08 0.039 0.005 0.015 0.028
236 Y 0.034 0.023 0.018 0.016 0.008 0.017 0.023 0.022 0.034 0.043 0.07 0.025 0.018 0.202 0.013 0.026 0.024 0.022 0.321 0.043
237 L 0.108 0.029 0.032 0.03 0.015 0.023 0.034 0.043 0.013 0.055 0.172 0.037 0.024 0.028 0.021 0.15 0.105 0.005 0.017 0.059
238 S 0.074 0.037 0.047 0.039 0.012 0.031 0.046 0.049 0.173 0.024 0.036 0.045 0.014 0.021 0.023 0.211 0.054 0.005 0.028 0.031
239 Y 0.036 0.025 0.019 0.016 0.008 0.019 0.025 0.022 0.041 0.038 0.06 0.027 0.016 0.115 0.014 0.027 0.025 0.025 0.402 0.041
240 I 0.044 0.018 0.014 0.016 0.015 0.014 0.018 0.019 0.009 0.267 0.184 0.023 0.062 0.039 0.013 0.024 0.035 0.005 0.019 0.162
241 D 0.043 0.037 0.048 0.237 0.007 0.07 0.149 0.07 0.071 0.02 0.03 0.051 0.011 0.015 0.02 0.046 0.031 0.004 0.017 0.024
242 S 0.089 0.031 0.044 0.04 0.014 0.026 0.04 0.186 0.016 0.024 0.034 0.043 0.012 0.017 0.024 0.248 0.06 0.005 0.014 0.033
243 D 0.044 0.055 0.046 0.208 0.007 0.074 0.133 0.037 0.019 0.021 0.032 0.152 0.012 0.013 0.022 0.047 0.033 0.004 0.013 0.026
244 Y 0.036 0.025 0.019 0.016 0.008 0.019 0.025 0.022 0.041 0.038 0.06 0.027 0.016 0.115 0.014 0.027 0.025 0.025 0.402 0.041
245 F 0.073 0.018 0.016 0.016 0.011 0.011 0.019 0.028 0.015 0.053 0.094 0.019 0.021 0.407 0.011 0.029 0.025 0.014 0.07 0.05
246 E 0.054 0.041 0.038 0.081 0.009 0.075 0.198 0.035 0.071 0.036 0.044 0.055 0.015 0.018 0.021 0.078 0.038 0.005 0.02 0.069
247 S 0.11 0.033 0.059 0.046 0.012 0.031 0.103 0.115 0.017 0.024 0.035 0.046 0.012 0.016 0.09 0.151 0.048 0.004 0.014 0.034
248 G 0.061 0.078 0.083 0.037 0.009 0.025 0.034 0.307 0.068 0.019 0.03 0.045 0.01 0.017 0.018 0.079 0.034 0.005 0.017 0.024
249 D 0.053 0.039 0.097 0.26 0.009 0.03 0.065 0.047 0.018 0.022 0.03 0.083 0.01 0.015 0.022 0.115 0.043 0.004 0.012 0.026
250 L 0.038 0.022 0.016 0.015 0.011 0.016 0.021 0.02 0.025 0.102 0.218 0.025 0.029 0.08 0.013 0.024 0.028 0.015 0.21 0.072
251 S 0.062 0.075 0.029 0.027 0.013 0.023 0.032 0.036 0.013 0.124 0.076 0.042 0.02 0.029 0.018 0.135 0.047 0.074 0.022 0.104
252 V 0.057 0.023 0.023 0.022 0.016 0.018 0.025 0.027 0.009 0.129 0.139 0.029 0.026 0.03 0.018 0.047 0.151 0.005 0.017 0.188
253 I 0.045 0.017 0.013 0.015 0.014 0.012 0.017 0.02 0.009 0.236 0.171 0.021 0.031 0.091 0.013 0.024 0.035 0.006 0.026 0.184
254 L 0.047 0.019 0.014 0.015 0.015 0.014 0.018 0.02 0.008 0.211 0.215 0.022 0.048 0.039 0.013 0.025 0.036 0.005 0.019 0.196
255 T 0.064 0.031 0.038 0.033 0.016 0.024 0.035 0.038 0.012 0.047 0.057 0.04 0.017 0.021 0.024 0.081 0.339 0.005 0.016 0.062
256 K 0.05 0.094 0.036 0.036 0.008 0.047 0.062 0.038 0.018 0.024 0.038 0.367 0.014 0.014 0.024 0.047 0.035 0.005 0.015 0.029
257 L 0.043 0.019 0.013 0.015 0.015 0.014 0.018 0.019 0.008 0.219 0.259 0.022 0.05 0.042 0.013 0.023 0.034 0.006 0.019 0.149
258 Y 0.036 0.025 0.019 0.016 0.008 0.019 0.025 0.022 0.041 0.038 0.06 0.027 0.016 0.115 0.014 0.027 0.025 0.025 0.402 0.041
259 Y 0.036 0.025 0.019 0.016 0.008 0.019 0.025 0.022 0.041 0.038 0.06 0.027 0.016 0.115 0.014 0.027 0.025 0.025 0.402 0.041
260 L 0.04 0.019 0.013 0.014 0.014 0.013 0.017 0.018 0.008 0.198 0.338 0.022 0.039 0.045 0.013 0.022 0.031 0.006 0.019 0.111
261 P 0.05 0.023 0.02 0.027 0.009 0.018 0.032 0.032 0.011 0.023 0.032 0.036 0.009 0.011 0.556 0.039 0.032 0.002 0.011 0.027
262 L 0.149 0.022 0.016 0.018 0.016 0.017 0.024 0.035 0.01 0.122 0.226 0.027 0.03 0.035 0.017 0.039 0.037 0.005 0.018 0.137
263 I 0.04 0.018 0.014 0.015 0.013 0.013 0.017 0.019 0.012 0.255 0.213 0.022 0.033 0.051 0.013 0.022 0.032 0.008 0.066 0.123
264 L 0.037 0.02 0.013 0.014 0.013 0.013 0.017 0.02 0.01 0.09 0.364 0.021 0.038 0.152 0.012 0.022 0.028 0.008 0.034 0.075
265 Y 0.039 0.021 0.016 0.015 0.011 0.015 0.02 0.021 0.022 0.107 0.159 0.023 0.026 0.147 0.013 0.025 0.029 0.014 0.173 0.104
266 F 0.03 0.017 0.015 0.015 0.009 0.009 0.017 0.022 0.015 0.056 0.1 0.017 0.022 0.462 0.009 0.022 0.022 0.015 0.078 0.048
267 F 0.033 0.021 0.017 0.016 0.009 0.015 0.021 0.022 0.03 0.046 0.078 0.023 0.019 0.267 0.012 0.025 0.024 0.02 0.26 0.044
268 Y 0.034 0.022 0.017 0.016 0.009 0.016 0.022 0.022 0.03 0.05 0.119 0.024 0.021 0.193 0.012 0.025 0.025 0.02 0.273 0.048
269 L 0.04 0.069 0.015 0.016 0.013 0.016 0.02 0.02 0.01 0.221 0.248 0.032 0.034 0.039 0.013 0.024 0.032 0.006 0.018 0.113
270 Y 0.034 0.023 0.018 0.016 0.008 0.017 0.023 0.022 0.034 0.043 0.07 0.025 0.018 0.202 0.013 0.026 0.024 0.022 0.321 0.043
271 K 0.058 0.045 0.082 0.091 0.078 0.029 0.046 0.042 0.016 0.035 0.089 0.119 0.016 0.02 0.021 0.111 0.044 0.004 0.014 0.039
272 K 0.06 0.066 0.085 0.048 0.009 0.042 0.096 0.044 0.02 0.024 0.036 0.209 0.013 0.015 0.024 0.116 0.045 0.005 0.015 0.03
273 N 0.055 0.046 0.129 0.097 0.01 0.03 0.047 0.11 0.018 0.037 0.041 0.121 0.013 0.017 0.02 0.081 0.041 0.004 0.014 0.068
274 S 0.06 0.091 0.065 0.098 0.011 0.035 0.092 0.043 0.018 0.027 0.039 0.095 0.013 0.017 0.023 0.121 0.1 0.005 0.014 0.035
275 G 0.062 0.028 0.077 0.04 0.078 0.025 0.074 0.139 0.015 0.055 0.094 0.038 0.017 0.022 0.019 0.11 0.042 0.005 0.014 0.046
276 N 0.045 0.045 0.2 0.057 0.009 0.034 0.087 0.045 0.026 0.027 0.039 0.088 0.013 0.03 0.02 0.057 0.077 0.007 0.065 0.033
277 S 0.079 0.044 0.071 0.041 0.107 0.03 0.045 0.051 0.017 0.029 0.042 0.096 0.014 0.018 0.024 0.177 0.058 0.005 0.015 0.038
278 L 0.043 0.048 0.023 0.024 0.011 0.026 0.035 0.028 0.017 0.103 0.145 0.137 0.025 0.112 0.017 0.033 0.032 0.009 0.062 0.07
279 G 0.055 0.034 0.113 0.056 0.009 0.032 0.11 0.167 0.02 0.021 0.031 0.048 0.01 0.015 0.146 0.052 0.036 0.004 0.013 0.027
280 G 0.071 0.023 0.03 0.028 0.014 0.019 0.027 0.239 0.012 0.108 0.073 0.032 0.019 0.025 0.018 0.085 0.043 0.005 0.015 0.114
281 S 0.111 0.041 0.055 0.049 0.018 0.034 0.053 0.067 0.019 0.03 0.042 0.055 0.016 0.021 0.03 0.212 0.083 0.005 0.018 0.042
282 F 0.034 0.019 0.017 0.017 0.011 0.011 0.019 0.026 0.017 0.064 0.115 0.019 0.026 0.381 0.011 0.026 0.026 0.017 0.09 0.056
283 G 0.056 0.113 0.033 0.03 0.011 0.03 0.038 0.135 0.015 0.088 0.065 0.108 0.018 0.022 0.02 0.049 0.087 0.005 0.016 0.062
284 D 0.043 0.03 0.081 0.144 0.076 0.042 0.067 0.035 0.068 0.042 0.052 0.037 0.015 0.074 0.017 0.041 0.033 0.006 0.026 0.072
285 S 0.06 0.082 0.105 0.046 0.01 0.03 0.081 0.11 0.019 0.026 0.041 0.051 0.013 0.072 0.02 0.129 0.045 0.006 0.022 0.031
286 D 0.047 0.081 0.109 0.155 0.009 0.032 0.093 0.041 0.019 0.024 0.034 0.053 0.011 0.015 0.087 0.069 0.075 0.004 0.013 0.03
287 Y 0.036 0.024 0.018 0.016 0.009 0.019 0.024 0.021 0.037 0.046 0.109 0.027 0.02 0.106 0.014 0.027 0.025 0.022 0.354 0.046
288 F 0.036 0.018 0.015 0.015 0.011 0.012 0.018 0.022 0.014 0.071 0.111 0.019 0.053 0.356 0.011 0.024 0.027 0.013 0.063 0.091
289 N 0.055 0.097 0.132 0.046 0.009 0.069 0.053 0.046 0.073 0.022 0.035 0.098 0.013 0.017 0.021 0.116 0.044 0.005 0.02 0.028
290 F 0.03 0.017 0.015 0.015 0.009 0.009 0.017 0.022 0.015 0.056 0.1 0.017 0.022 0.462 0.009 0.022 0.022 0.015 0.078 0.048
291 C 0.091 0.02 0.017 0.017 0.214 0.015 0.021 0.031 0.01 0.062 0.129 0.024 0.051 0.081 0.016 0.039 0.052 0.006 0.023 0.079
292 I 0.041 0.016 0.013 0.015 0.014 0.012 0.016 0.018 0.008 0.328 0.185 0.021 0.034 0.04 0.013 0.022 0.034 0.005 0.018 0.146
293 L 0.081 0.02 0.015 0.016 0.013 0.013 0.02 0.027 0.011 0.082 0.228 0.022 0.03 0.198 0.013 0.029 0.03 0.009 0.041 0.102
294 I 0.085 0.017 0.014 0.017 0.015 0.013 0.018 0.025 0.008 0.307 0.133 0.023 0.03 0.036 0.015 0.029 0.037 0.005 0.018 0.156
295 F 0.03 0.017 0.015 0.015 0.009 0.009 0.017 0.022 0.015 0.056 0.1 0.017 0.022 0.462 0.009 0.022 0.022 0.015 0.078 0.048
296 S 0.088 0.033 0.042 0.038 0.016 0.027 0.041 0.051 0.015 0.043 0.049 0.043 0.016 0.02 0.024 0.251 0.102 0.005 0.016 0.08
297 C 0.044 0.016 0.014 0.015 0.213 0.011 0.016 0.023 0.009 0.131 0.14 0.019 0.024 0.138 0.012 0.027 0.03 0.007 0.03 0.08
298 T 0.068 0.032 0.039 0.034 0.016 0.025 0.036 0.041 0.013 0.044 0.055 0.041 0.017 0.02 0.024 0.111 0.306 0.005 0.016 0.059
299 Y 0.033 0.024 0.021 0.018 0.008 0.017 0.024 0.023 0.08 0.042 0.072 0.025 0.018 0.234 0.012 0.027 0.024 0.019 0.236 0.041
300 W 0.027 0.02 0.013 0.013 0.007 0.013 0.02 0.027 0.013 0.027 0.046 0.02 0.013 0.053 0.007 0.02 0.02 0.555 0.06 0.027
301 S 0.123 0.032 0.04 0.037 0.015 0.026 0.041 0.055 0.016 0.031 0.047 0.043 0.015 0.074 0.024 0.249 0.062 0.006 0.023 0.041
302 F 0.03 0.017 0.015 0.015 0.009 0.009 0.017 0.022 0.015 0.056 0.1 0.017 0.022 0.462 0.009 0.022 0.022 0.015 0.078 0.048
303 L 0.04 0.02 0.013 0.014 0.014 0.014 0.017 0.019 0.009 0.166 0.376 0.022 0.041 0.046 0.013 0.021 0.031 0.006 0.019 0.102
304 L 0.047 0.026 0.019 0.019 0.014 0.022 0.024 0.025 0.012 0.119 0.19 0.03 0.176 0.04 0.015 0.035 0.072 0.006 0.02 0.088
305 G 0.117 0.029 0.037 0.034 0.014 0.023 0.035 0.183 0.014 0.035 0.088 0.039 0.016 0.021 0.022 0.181 0.052 0.005 0.014 0.042
306 L 0.039 0.021 0.012 0.013 0.014 0.014 0.018 0.019 0.009 0.101 0.452 0.022 0.044 0.048 0.012 0.021 0.029 0.006 0.02 0.084
307 D 0.044 0.035 0.05 0.306 0.008 0.027 0.066 0.04 0.016 0.026 0.037 0.078 0.011 0.07 0.02 0.077 0.036 0.005 0.02 0.028
308 I 0.083 0.018 0.014 0.017 0.015 0.013 0.018 0.024 0.009 0.288 0.173 0.023 0.032 0.037 0.014 0.028 0.035 0.005 0.018 0.134
309 G 0.219 0.026 0.074 0.033 0.014 0.021 0.032 0.255 0.014 0.028 0.039 0.037 0.012 0.017 0.021 0.062 0.037 0.005 0.013 0.041
310 I 0.041 0.017 0.013 0.015 0.014 0.012 0.016 0.018 0.008 0.296 0.224 0.021 0.035 0.041 0.013 0.022 0.034 0.005 0.018 0.137
311 L 0.081 0.022 0.014 0.015 0.015 0.015 0.02 0.025 0.009 0.093 0.402 0.024 0.04 0.044 0.014 0.028 0.031 0.006 0.019 0.081
312 S 0.127 0.034 0.043 0.04 0.016 0.028 0.043 0.057 0.016 0.03 0.041 0.045 0.014 0.019 0.026 0.256 0.102 0.005 0.015 0.043
313 R 0.039 0.425 0.034 0.027 0.007 0.042 0.046 0.029 0.02 0.02 0.041 0.105 0.014 0.015 0.017 0.039 0.031 0.005 0.015 0.027
314 L 0.041 0.019 0.013 0.014 0.014 0.013 0.017 0.019 0.009 0.182 0.271 0.021 0.035 0.095 0.012 0.023 0.032 0.007 0.026 0.136
315 A 0.188 0.035 0.033 0.033 0.015 0.061 0.045 0.055 0.02 0.032 0.046 0.046 0.015 0.03 0.024 0.156 0.051 0.007 0.064 0.045
316 S 0.081 0.034 0.088 0.043 0.014 0.028 0.043 0.053 0.021 0.027 0.039 0.045 0.014 0.03 0.023 0.248 0.062 0.007 0.063 0.036
317 Y 0.036 0.026 0.067 0.023 0.008 0.02 0.027 0.026 0.039 0.036 0.056 0.03 0.016 0.102 0.014 0.032 0.027 0.022 0.353 0.039
318 F 0.034 0.017 0.015 0.015 0.01 0.01 0.017 0.022 0.014 0.067 0.102 0.017 0.023 0.408 0.01 0.023 0.025 0.014 0.07 0.087
319 W 0.037 0.019 0.014 0.014 0.01 0.013 0.019 0.024 0.011 0.098 0.076 0.021 0.019 0.046 0.009 0.022 0.028 0.349 0.044 0.126
