#Seq2Logo.py -f /work3/idamei/ssn-clusterings/clustering/2205111339/clusters/0020_213/sequences.afa -o /work3/idamei/ssn-clusterings/clustering/2205111339/clusters/0020_213/sequences.logo
#Position Specific Frequency Matrix
A R N D C Q E G H I L K M F P S T W Y V
0 L 0.05 0.031 0.019 0.019 0.016 0.027 0.027 0.027 0.016 0.097 0.19 0.035 0.189 0.047 0.016 0.035 0.039 0.008 0.023 0.089
1 P 0.068 0.043 0.06 0.074 0.012 0.035 0.091 0.063 0.025 0.033 0.051 0.077 0.025 0.019 0.103 0.083 0.075 0.005 0.017 0.041
2 E 0.059 0.037 0.041 0.108 0.012 0.04 0.155 0.038 0.018 0.067 0.059 0.053 0.017 0.022 0.024 0.075 0.094 0.005 0.016 0.059
3 L 0.06 0.082 0.043 0.033 0.013 0.049 0.043 0.087 0.017 0.05 0.12 0.067 0.023 0.052 0.021 0.071 0.086 0.007 0.022 0.054
4 G 0.062 0.084 0.037 0.041 0.011 0.078 0.083 0.09 0.02 0.052 0.072 0.089 0.04 0.023 0.022 0.067 0.043 0.006 0.018 0.061
5 K 0.055 0.091 0.058 0.053 0.008 0.054 0.117 0.042 0.022 0.026 0.041 0.228 0.015 0.016 0.027 0.054 0.039 0.005 0.017 0.032
6 L 0.044 0.024 0.014 0.015 0.016 0.016 0.02 0.021 0.01 0.115 0.377 0.025 0.049 0.055 0.014 0.024 0.033 0.007 0.022 0.096
7 L 0.041 0.022 0.015 0.016 0.014 0.014 0.02 0.023 0.012 0.098 0.289 0.023 0.041 0.166 0.013 0.025 0.031 0.01 0.044 0.082
8 F 0.044 0.018 0.017 0.017 0.169 0.011 0.018 0.028 0.014 0.057 0.098 0.019 0.022 0.266 0.012 0.03 0.029 0.013 0.063 0.056
9 G 0.078 0.023 0.039 0.034 0.011 0.019 0.026 0.511 0.013 0.019 0.028 0.034 0.009 0.016 0.019 0.051 0.03 0.005 0.011 0.024
10 G 0.064 0.123 0.04 0.036 0.009 0.037 0.047 0.249 0.018 0.023 0.037 0.135 0.013 0.016 0.022 0.05 0.034 0.005 0.014 0.029
11 Y 0.041 0.034 0.032 0.025 0.009 0.027 0.036 0.029 0.15 0.037 0.058 0.036 0.018 0.097 0.017 0.035 0.028 0.021 0.232 0.039
12 G 0.078 0.023 0.039 0.034 0.011 0.019 0.026 0.511 0.013 0.019 0.028 0.034 0.009 0.016 0.019 0.051 0.03 0.005 0.011 0.024
13 S 0.17 0.037 0.045 0.042 0.019 0.031 0.048 0.07 0.018 0.034 0.048 0.051 0.016 0.021 0.03 0.176 0.071 0.005 0.017 0.051
14 G 0.149 0.026 0.035 0.032 0.014 0.021 0.031 0.367 0.014 0.027 0.039 0.037 0.012 0.018 0.022 0.062 0.036 0.005 0.013 0.039
15 N 0.04 0.038 0.244 0.066 0.009 0.028 0.042 0.055 0.028 0.033 0.052 0.045 0.015 0.111 0.018 0.058 0.043 0.008 0.034 0.034
16 W 0.034 0.104 0.021 0.019 0.008 0.023 0.03 0.031 0.017 0.028 0.051 0.047 0.015 0.05 0.011 0.028 0.026 0.373 0.055 0.03
17 E 0.059 0.048 0.035 0.061 0.011 0.091 0.181 0.034 0.022 0.059 0.062 0.067 0.019 0.021 0.023 0.05 0.041 0.006 0.019 0.092
18 Y 0.058 0.035 0.104 0.042 0.011 0.027 0.039 0.045 0.036 0.035 0.052 0.042 0.016 0.075 0.02 0.089 0.047 0.016 0.169 0.04
19 L 0.051 0.024 0.015 0.016 0.017 0.016 0.021 0.022 0.01 0.127 0.316 0.025 0.045 0.05 0.015 0.026 0.037 0.007 0.022 0.14
20 A 0.293 0.031 0.025 0.03 0.022 0.025 0.04 0.078 0.015 0.043 0.059 0.044 0.017 0.022 0.03 0.085 0.05 0.005 0.017 0.068
21 E 0.055 0.061 0.042 0.068 0.008 0.141 0.201 0.038 0.027 0.024 0.042 0.083 0.017 0.016 0.025 0.055 0.039 0.006 0.019 0.033
22 H 0.125 0.041 0.044 0.035 0.012 0.034 0.049 0.051 0.243 0.03 0.045 0.045 0.016 0.027 0.023 0.056 0.034 0.007 0.044 0.038
23 G 0.078 0.023 0.039 0.034 0.011 0.019 0.025 0.512 0.013 0.019 0.028 0.034 0.009 0.016 0.019 0.051 0.03 0.005 0.011 0.024
24 G 0.07 0.104 0.039 0.033 0.01 0.026 0.032 0.392 0.016 0.02 0.033 0.055 0.011 0.016 0.019 0.049 0.031 0.005 0.012 0.026
25 K 0.065 0.071 0.042 0.039 0.013 0.04 0.055 0.043 0.017 0.04 0.054 0.163 0.018 0.02 0.027 0.073 0.145 0.006 0.017 0.052
26 E 0.056 0.065 0.043 0.061 0.008 0.166 0.168 0.039 0.028 0.025 0.044 0.086 0.018 0.015 0.024 0.056 0.04 0.006 0.019 0.034
27 F 0.054 0.03 0.03 0.046 0.011 0.026 0.068 0.091 0.025 0.046 0.08 0.038 0.036 0.138 0.018 0.06 0.036 0.013 0.108 0.047
28 L 0.054 0.028 0.023 0.03 0.015 0.024 0.067 0.027 0.012 0.092 0.215 0.035 0.032 0.044 0.053 0.04 0.07 0.006 0.021 0.112
29 E 0.055 0.062 0.038 0.054 0.009 0.073 0.147 0.037 0.025 0.03 0.046 0.127 0.016 0.029 0.024 0.056 0.072 0.008 0.054 0.039
30 P 0.056 0.083 0.038 0.087 0.01 0.032 0.066 0.102 0.016 0.045 0.048 0.086 0.014 0.018 0.115 0.052 0.068 0.005 0.015 0.043
31 K 0.059 0.075 0.05 0.133 0.009 0.066 0.077 0.046 0.021 0.026 0.039 0.172 0.014 0.016 0.026 0.075 0.044 0.005 0.016 0.032
32 P 0.051 0.125 0.029 0.03 0.011 0.034 0.044 0.033 0.016 0.088 0.073 0.117 0.019 0.022 0.14 0.041 0.037 0.005 0.017 0.067
33 G 0.122 0.058 0.037 0.038 0.012 0.08 0.059 0.169 0.019 0.029 0.044 0.113 0.016 0.017 0.025 0.061 0.04 0.005 0.016 0.04
34 K 0.053 0.072 0.033 0.038 0.01 0.067 0.076 0.036 0.019 0.038 0.091 0.155 0.019 0.02 0.127 0.046 0.037 0.005 0.017 0.04
35 R 0.048 0.13 0.039 0.027 0.071 0.034 0.039 0.032 0.021 0.059 0.069 0.1 0.019 0.082 0.018 0.039 0.035 0.009 0.066 0.063
36 P 0.064 0.037 0.036 0.038 0.011 0.03 0.06 0.041 0.065 0.028 0.041 0.061 0.013 0.031 0.206 0.093 0.044 0.007 0.06 0.034
37 K 0.098 0.071 0.029 0.028 0.012 0.031 0.042 0.04 0.02 0.071 0.073 0.122 0.02 0.083 0.021 0.05 0.051 0.009 0.066 0.062
38 L 0.045 0.02 0.016 0.017 0.043 0.014 0.02 0.025 0.016 0.125 0.149 0.023 0.028 0.146 0.013 0.027 0.031 0.074 0.082 0.088
39 L 0.061 0.024 0.016 0.017 0.015 0.017 0.022 0.025 0.014 0.132 0.266 0.027 0.058 0.067 0.015 0.029 0.035 0.009 0.052 0.1
40 A 0.103 0.042 0.027 0.036 0.013 0.056 0.079 0.04 0.016 0.095 0.077 0.078 0.021 0.023 0.083 0.049 0.041 0.005 0.018 0.097
41 I 0.073 0.021 0.019 0.02 0.014 0.015 0.021 0.104 0.012 0.143 0.14 0.026 0.027 0.085 0.015 0.033 0.033 0.07 0.032 0.096
42 L 0.117 0.025 0.019 0.02 0.018 0.018 0.026 0.036 0.011 0.122 0.211 0.03 0.034 0.038 0.019 0.044 0.055 0.006 0.02 0.132
43 Y 0.057 0.026 0.02 0.018 0.01 0.02 0.026 0.027 0.037 0.052 0.075 0.029 0.02 0.149 0.015 0.033 0.029 0.023 0.269 0.063
44 I 0.046 0.017 0.014 0.017 0.015 0.013 0.018 0.02 0.009 0.272 0.157 0.023 0.035 0.065 0.014 0.025 0.038 0.006 0.024 0.171
45 L 0.119 0.024 0.02 0.021 0.016 0.018 0.025 0.099 0.012 0.097 0.17 0.029 0.029 0.074 0.018 0.043 0.038 0.007 0.025 0.116
46 L 0.047 0.021 0.016 0.017 0.076 0.016 0.02 0.024 0.011 0.162 0.18 0.025 0.072 0.088 0.014 0.029 0.036 0.007 0.028 0.111
47 L 0.053 0.027 0.02 0.02 0.016 0.021 0.025 0.026 0.012 0.128 0.214 0.031 0.093 0.043 0.016 0.037 0.067 0.007 0.021 0.123
48 A 0.175 0.025 0.02 0.023 0.017 0.019 0.029 0.05 0.013 0.093 0.094 0.033 0.023 0.12 0.021 0.055 0.042 0.008 0.035 0.104
49 G 0.119 0.023 0.023 0.024 0.016 0.018 0.026 0.161 0.012 0.093 0.121 0.031 0.024 0.076 0.019 0.047 0.038 0.007 0.026 0.098
50 A 0.206 0.035 0.039 0.038 0.019 0.029 0.045 0.071 0.017 0.036 0.05 0.048 0.016 0.021 0.029 0.16 0.065 0.005 0.017 0.054
51 A 0.194 0.029 0.032 0.032 0.017 0.024 0.035 0.18 0.014 0.038 0.051 0.041 0.015 0.02 0.026 0.076 0.099 0.005 0.015 0.056
52 L 0.079 0.025 0.018 0.019 0.016 0.02 0.024 0.03 0.013 0.137 0.182 0.03 0.091 0.088 0.016 0.035 0.037 0.008 0.029 0.103
53 G 0.165 0.025 0.033 0.031 0.014 0.021 0.03 0.358 0.014 0.027 0.039 0.036 0.012 0.018 0.022 0.062 0.036 0.005 0.013 0.04
54 D 0.036 0.024 0.041 0.217 0.009 0.02 0.053 0.035 0.017 0.041 0.069 0.031 0.017 0.211 0.016 0.037 0.029 0.01 0.048 0.038
55 W 0.038 0.025 0.017 0.016 0.011 0.019 0.024 0.027 0.019 0.059 0.132 0.027 0.063 0.066 0.011 0.027 0.028 0.244 0.094 0.055
56 P 0.09 0.049 0.07 0.039 0.011 0.032 0.046 0.048 0.022 0.03 0.043 0.108 0.014 0.03 0.146 0.077 0.044 0.007 0.056 0.038
57 T 0.092 0.038 0.049 0.043 0.018 0.03 0.046 0.055 0.017 0.042 0.054 0.05 0.018 0.022 0.029 0.156 0.164 0.006 0.018 0.057
58 A 0.181 0.033 0.035 0.034 0.02 0.027 0.04 0.061 0.014 0.048 0.062 0.045 0.019 0.023 0.029 0.089 0.148 0.006 0.018 0.07
59 E 0.065 0.035 0.039 0.112 0.013 0.037 0.136 0.038 0.017 0.067 0.064 0.05 0.018 0.023 0.022 0.078 0.052 0.005 0.017 0.111
60 F 0.04 0.079 0.02 0.019 0.012 0.02 0.026 0.025 0.02 0.071 0.174 0.039 0.029 0.175 0.014 0.029 0.03 0.013 0.095 0.071
61 N 0.067 0.084 0.142 0.056 0.011 0.039 0.055 0.056 0.023 0.026 0.038 0.119 0.014 0.018 0.025 0.119 0.055 0.005 0.016 0.033
62 G 0.085 0.071 0.074 0.085 0.011 0.03 0.047 0.166 0.018 0.032 0.051 0.048 0.017 0.073 0.02 0.054 0.048 0.007 0.024 0.038
63 G 0.156 0.029 0.032 0.031 0.015 0.023 0.033 0.235 0.014 0.063 0.057 0.047 0.016 0.021 0.023 0.082 0.043 0.005 0.015 0.059
64 L 0.047 0.024 0.016 0.017 0.016 0.018 0.021 0.023 0.011 0.151 0.281 0.027 0.076 0.05 0.015 0.027 0.036 0.007 0.022 0.114
65 P 0.057 0.026 0.023 0.031 0.01 0.021 0.036 0.036 0.013 0.026 0.036 0.041 0.01 0.013 0.493 0.044 0.036 0.003 0.013 0.031
66 G 0.069 0.024 0.032 0.029 0.013 0.018 0.027 0.275 0.014 0.049 0.064 0.031 0.017 0.113 0.018 0.064 0.037 0.008 0.032 0.065
67 L 0.047 0.025 0.016 0.016 0.015 0.018 0.022 0.022 0.015 0.107 0.296 0.027 0.06 0.059 0.014 0.027 0.034 0.009 0.061 0.112
68 P 0.068 0.027 0.032 0.034 0.012 0.022 0.035 0.162 0.013 0.027 0.037 0.04 0.012 0.016 0.267 0.076 0.069 0.004 0.013 0.034
69 W 0.084 0.111 0.028 0.025 0.012 0.026 0.034 0.099 0.015 0.047 0.058 0.053 0.017 0.031 0.018 0.048 0.063 0.131 0.029 0.071
70 F 0.052 0.022 0.024 0.023 0.013 0.015 0.023 0.09 0.015 0.107 0.107 0.026 0.025 0.212 0.015 0.053 0.036 0.011 0.053 0.079
71 L 0.071 0.025 0.019 0.02 0.017 0.018 0.024 0.028 0.01 0.137 0.21 0.029 0.051 0.04 0.017 0.039 0.069 0.006 0.02 0.149
72 P 0.051 0.132 0.03 0.03 0.01 0.036 0.045 0.034 0.018 0.043 0.078 0.123 0.057 0.023 0.143 0.043 0.036 0.005 0.017 0.045
73 K 0.047 0.067 0.034 0.031 0.008 0.038 0.051 0.035 0.074 0.032 0.05 0.168 0.016 0.059 0.021 0.042 0.033 0.014 0.143 0.036
74 A 0.182 0.025 0.02 0.023 0.018 0.019 0.03 0.049 0.012 0.09 0.125 0.033 0.025 0.077 0.021 0.055 0.043 0.007 0.027 0.118
75 L 0.087 0.021 0.016 0.018 0.078 0.016 0.022 0.03 0.009 0.147 0.185 0.026 0.032 0.037 0.017 0.035 0.04 0.006 0.019 0.159
76 D 0.072 0.042 0.049 0.136 0.013 0.082 0.069 0.048 0.02 0.042 0.049 0.056 0.017 0.019 0.024 0.122 0.054 0.005 0.017 0.066
77 L 0.138 0.024 0.018 0.02 0.018 0.018 0.026 0.039 0.011 0.127 0.176 0.03 0.031 0.036 0.019 0.045 0.043 0.006 0.019 0.155
78 G 0.112 0.024 0.028 0.026 0.014 0.019 0.026 0.284 0.012 0.055 0.131 0.032 0.022 0.027 0.019 0.048 0.034 0.006 0.015 0.066
79 V 0.1 0.022 0.018 0.02 0.018 0.017 0.025 0.032 0.009 0.169 0.121 0.028 0.029 0.034 0.018 0.041 0.059 0.005 0.019 0.214
80 I 0.053 0.02 0.015 0.017 0.017 0.015 0.02 0.022 0.009 0.205 0.199 0.024 0.036 0.042 0.015 0.027 0.041 0.006 0.02 0.2
81 G 0.096 0.022 0.027 0.025 0.015 0.018 0.025 0.262 0.011 0.082 0.073 0.03 0.019 0.024 0.018 0.045 0.039 0.005 0.015 0.146
82 L 0.048 0.023 0.016 0.017 0.076 0.017 0.02 0.023 0.011 0.152 0.236 0.026 0.076 0.044 0.015 0.029 0.036 0.006 0.02 0.11
83 G 0.199 0.028 0.033 0.032 0.016 0.023 0.035 0.243 0.014 0.031 0.044 0.04 0.014 0.019 0.025 0.09 0.045 0.005 0.014 0.047
84 A 0.166 0.025 0.02 0.022 0.018 0.019 0.029 0.046 0.012 0.085 0.132 0.032 0.026 0.091 0.02 0.051 0.042 0.007 0.029 0.127
85 L 0.087 0.023 0.016 0.017 0.077 0.016 0.022 0.03 0.01 0.114 0.254 0.026 0.036 0.041 0.016 0.035 0.037 0.006 0.019 0.116
86 F 0.042 0.022 0.017 0.017 0.042 0.015 0.022 0.025 0.023 0.092 0.095 0.024 0.023 0.16 0.013 0.028 0.03 0.078 0.142 0.093
87 L 0.044 0.021 0.015 0.016 0.015 0.015 0.02 0.022 0.011 0.158 0.226 0.024 0.056 0.121 0.014 0.026 0.034 0.008 0.034 0.119
88 L 0.042 0.023 0.014 0.015 0.015 0.016 0.02 0.022 0.011 0.103 0.343 0.024 0.053 0.103 0.013 0.024 0.032 0.008 0.031 0.087
89 V 0.057 0.02 0.015 0.017 0.016 0.015 0.021 0.024 0.009 0.177 0.126 0.024 0.03 0.04 0.014 0.029 0.042 0.068 0.026 0.23
90 T 0.086 0.035 0.045 0.04 0.017 0.028 0.043 0.05 0.015 0.048 0.057 0.046 0.018 0.022 0.027 0.155 0.174 0.005 0.017 0.07
91 G 0.119 0.023 0.031 0.029 0.014 0.019 0.027 0.348 0.012 0.049 0.051 0.033 0.015 0.02 0.02 0.052 0.036 0.005 0.013 0.082
92 D 0.041 0.033 0.163 0.241 0.009 0.028 0.064 0.049 0.022 0.056 0.045 0.044 0.013 0.019 0.02 0.053 0.04 0.004 0.014 0.043
93 F 0.038 0.03 0.019 0.019 0.011 0.017 0.025 0.026 0.016 0.065 0.143 0.056 0.037 0.292 0.013 0.028 0.028 0.013 0.065 0.058
94 K 0.07 0.103 0.098 0.092 0.01 0.049 0.058 0.078 0.021 0.025 0.038 0.11 0.013 0.016 0.053 0.07 0.042 0.005 0.015 0.032
95 R 0.044 0.275 0.089 0.04 0.008 0.045 0.053 0.039 0.023 0.023 0.042 0.132 0.014 0.017 0.02 0.048 0.037 0.005 0.017 0.03
96 L 0.049 0.02 0.015 0.016 0.016 0.014 0.019 0.022 0.01 0.176 0.225 0.023 0.037 0.083 0.014 0.026 0.037 0.007 0.028 0.163
97 K 0.051 0.176 0.037 0.036 0.008 0.046 0.059 0.038 0.02 0.025 0.042 0.211 0.014 0.015 0.085 0.048 0.036 0.005 0.016 0.031
98 L 0.065 0.047 0.03 0.03 0.014 0.032 0.045 0.035 0.015 0.07 0.113 0.101 0.024 0.074 0.039 0.052 0.096 0.007 0.026 0.088
99 L 0.152 0.026 0.022 0.023 0.018 0.02 0.029 0.044 0.011 0.11 0.16 0.034 0.029 0.033 0.021 0.055 0.071 0.006 0.019 0.116
100 G 0.098 0.028 0.03 0.03 0.014 0.023 0.042 0.203 0.018 0.051 0.1 0.036 0.03 0.038 0.02 0.071 0.04 0.008 0.056 0.064
101 R 0.063 0.14 0.046 0.092 0.01 0.065 0.094 0.074 0.021 0.024 0.039 0.08 0.014 0.017 0.023 0.098 0.046 0.005 0.016 0.032
102 F 0.037 0.02 0.017 0.017 0.011 0.013 0.02 0.023 0.02 0.093 0.144 0.022 0.028 0.265 0.012 0.025 0.028 0.016 0.117 0.071
103 A 0.13 0.026 0.026 0.026 0.016 0.021 0.031 0.08 0.017 0.087 0.082 0.034 0.021 0.086 0.021 0.079 0.045 0.009 0.066 0.096
104 G 0.057 0.022 0.022 0.022 0.013 0.017 0.024 0.151 0.011 0.111 0.106 0.029 0.032 0.033 0.077 0.035 0.035 0.068 0.023 0.112
105 L 0.053 0.022 0.016 0.017 0.017 0.017 0.021 0.023 0.01 0.181 0.198 0.026 0.066 0.043 0.015 0.029 0.04 0.006 0.021 0.179
106 F 0.036 0.023 0.018 0.017 0.01 0.016 0.022 0.025 0.024 0.056 0.1 0.024 0.042 0.239 0.012 0.027 0.027 0.08 0.148 0.052
107 G 0.1 0.028 0.031 0.029 0.015 0.023 0.031 0.173 0.014 0.066 0.14 0.036 0.046 0.031 0.02 0.087 0.045 0.006 0.017 0.063
108 I 0.056 0.021 0.019 0.02 0.015 0.015 0.022 0.027 0.012 0.164 0.159 0.026 0.031 0.131 0.015 0.05 0.04 0.008 0.036 0.131
109 P 0.056 0.024 0.021 0.026 0.013 0.019 0.03 0.031 0.011 0.084 0.076 0.035 0.028 0.022 0.325 0.039 0.042 0.004 0.015 0.099
110 L 0.043 0.021 0.016 0.016 0.014 0.014 0.02 0.022 0.015 0.148 0.193 0.023 0.033 0.146 0.013 0.025 0.033 0.011 0.077 0.116
111 V 0.088 0.021 0.017 0.019 0.017 0.016 0.023 0.029 0.009 0.198 0.137 0.027 0.041 0.037 0.017 0.035 0.043 0.006 0.02 0.201
112 G 0.097 0.026 0.029 0.029 0.014 0.023 0.037 0.265 0.014 0.059 0.084 0.035 0.058 0.026 0.019 0.048 0.036 0.006 0.016 0.079
113 I 0.046 0.022 0.016 0.018 0.015 0.017 0.021 0.022 0.015 0.214 0.157 0.027 0.072 0.054 0.015 0.028 0.037 0.009 0.061 0.135
114 A 0.154 0.024 0.023 0.025 0.017 0.019 0.028 0.106 0.011 0.135 0.096 0.033 0.024 0.029 0.021 0.054 0.057 0.005 0.017 0.121
115 L 0.119 0.025 0.018 0.02 0.017 0.019 0.026 0.036 0.012 0.104 0.181 0.03 0.051 0.064 0.018 0.042 0.041 0.007 0.025 0.146
116 W 0.044 0.02 0.015 0.016 0.074 0.014 0.02 0.025 0.011 0.124 0.133 0.023 0.026 0.046 0.012 0.026 0.032 0.195 0.036 0.109
117 S 0.106 0.039 0.052 0.047 0.017 0.032 0.051 0.064 0.019 0.029 0.04 0.052 0.015 0.02 0.029 0.246 0.079 0.005 0.017 0.04
118 L 0.048 0.027 0.017 0.018 0.016 0.022 0.024 0.025 0.013 0.148 0.209 0.031 0.133 0.046 0.015 0.031 0.038 0.007 0.022 0.11
119 L 0.061 0.025 0.017 0.017 0.015 0.018 0.023 0.026 0.016 0.092 0.247 0.027 0.058 0.109 0.015 0.03 0.033 0.011 0.07 0.092
120 L 0.047 0.02 0.015 0.017 0.015 0.015 0.02 0.021 0.013 0.201 0.204 0.024 0.036 0.055 0.014 0.026 0.037 0.009 0.06 0.151
121 W 0.029 0.022 0.015 0.015 0.007 0.015 0.022 0.029 0.015 0.029 0.051 0.022 0.015 0.059 0.007 0.022 0.022 0.51 0.066 0.029
122 I 0.088 0.022 0.02 0.022 0.017 0.017 0.025 0.033 0.011 0.199 0.161 0.029 0.032 0.038 0.018 0.06 0.045 0.006 0.019 0.139
123 L 0.051 0.023 0.018 0.019 0.016 0.016 0.022 0.024 0.011 0.147 0.209 0.026 0.04 0.088 0.015 0.034 0.066 0.007 0.028 0.14
124 D 0.041 0.077 0.166 0.243 0.008 0.032 0.068 0.05 0.023 0.022 0.031 0.056 0.01 0.016 0.02 0.056 0.039 0.004 0.013 0.025
125 L 0.044 0.027 0.018 0.019 0.074 0.042 0.029 0.026 0.014 0.077 0.222 0.03 0.033 0.155 0.014 0.03 0.031 0.009 0.04 0.068
126 Q 0.062 0.057 0.043 0.055 0.01 0.144 0.141 0.042 0.024 0.028 0.045 0.074 0.017 0.016 0.025 0.082 0.073 0.006 0.018 0.038
127 S 0.066 0.048 0.066 0.099 0.011 0.1 0.103 0.047 0.022 0.028 0.042 0.064 0.016 0.017 0.025 0.107 0.078 0.005 0.017 0.038
128 L 0.07 0.024 0.019 0.019 0.016 0.017 0.024 0.028 0.011 0.111 0.207 0.027 0.034 0.089 0.017 0.038 0.067 0.007 0.029 0.147
129 N 0.075 0.037 0.151 0.058 0.012 0.032 0.076 0.079 0.023 0.031 0.047 0.048 0.014 0.067 0.022 0.097 0.063 0.006 0.024 0.038
130 F 0.045 0.025 0.023 0.021 0.01 0.018 0.026 0.029 0.03 0.048 0.081 0.028 0.02 0.229 0.015 0.055 0.033 0.02 0.196 0.048
131 I 0.05 0.021 0.016 0.018 0.016 0.017 0.02 0.022 0.01 0.229 0.165 0.026 0.073 0.043 0.015 0.028 0.04 0.006 0.021 0.166
132 L 0.084 0.029 0.03 0.029 0.016 0.023 0.032 0.071 0.014 0.087 0.136 0.037 0.048 0.052 0.021 0.095 0.077 0.006 0.022 0.091
133 R 0.045 0.334 0.038 0.031 0.008 0.047 0.053 0.033 0.022 0.023 0.045 0.139 0.015 0.017 0.02 0.044 0.034 0.006 0.017 0.03
134 G 0.105 0.023 0.036 0.032 0.012 0.019 0.027 0.47 0.013 0.021 0.031 0.034 0.01 0.016 0.02 0.054 0.031 0.005 0.011 0.029
135 C 0.125 0.023 0.022 0.022 0.138 0.018 0.026 0.102 0.011 0.072 0.116 0.03 0.023 0.027 0.02 0.051 0.054 0.005 0.016 0.098
136 S 0.078 0.034 0.039 0.042 0.016 0.03 0.073 0.044 0.015 0.083 0.071 0.046 0.02 0.025 0.024 0.128 0.113 0.005 0.018 0.094
137 K 0.059 0.07 0.078 0.044 0.012 0.04 0.054 0.044 0.019 0.035 0.048 0.174 0.016 0.018 0.026 0.068 0.127 0.005 0.017 0.045
138 I 0.048 0.018 0.015 0.017 0.015 0.013 0.019 0.022 0.01 0.203 0.14 0.022 0.032 0.132 0.014 0.026 0.037 0.008 0.036 0.172
139 L 0.06 0.027 0.023 0.022 0.015 0.021 0.026 0.091 0.012 0.092 0.22 0.032 0.072 0.04 0.017 0.058 0.041 0.006 0.02 0.102
140 Y 0.05 0.027 0.024 0.021 0.072 0.021 0.028 0.03 0.035 0.042 0.065 0.031 0.018 0.117 0.017 0.058 0.034 0.021 0.243 0.046
141 Q 0.082 0.053 0.039 0.037 0.011 0.135 0.07 0.041 0.111 0.037 0.089 0.064 0.022 0.024 0.021 0.05 0.036 0.006 0.029 0.043
142 L 0.047 0.026 0.02 0.027 0.013 0.022 0.059 0.026 0.014 0.09 0.185 0.031 0.05 0.144 0.015 0.034 0.048 0.009 0.039 0.098
143 L 0.044 0.021 0.014 0.016 0.016 0.015 0.019 0.02 0.009 0.181 0.309 0.024 0.043 0.049 0.014 0.024 0.035 0.006 0.021 0.122
144 N 0.099 0.034 0.11 0.044 0.015 0.027 0.039 0.052 0.018 0.058 0.098 0.043 0.021 0.026 0.023 0.107 0.082 0.005 0.017 0.082
145 L 0.078 0.022 0.015 0.017 0.016 0.016 0.021 0.027 0.01 0.172 0.266 0.026 0.039 0.045 0.016 0.031 0.037 0.006 0.02 0.119
146 L 0.09 0.027 0.024 0.024 0.017 0.02 0.028 0.036 0.012 0.099 0.236 0.033 0.034 0.039 0.019 0.067 0.071 0.006 0.02 0.097
147 I 0.122 0.024 0.023 0.024 0.077 0.019 0.028 0.041 0.016 0.136 0.096 0.032 0.024 0.042 0.02 0.069 0.044 0.008 0.058 0.098
148 V 0.104 0.025 0.02 0.021 0.017 0.02 0.026 0.034 0.012 0.148 0.139 0.032 0.068 0.037 0.018 0.044 0.057 0.006 0.02 0.152
149 C 0.102 0.021 0.019 0.02 0.137 0.015 0.023 0.067 0.012 0.069 0.107 0.026 0.025 0.129 0.017 0.042 0.036 0.008 0.035 0.092
150 A 0.218 0.028 0.026 0.028 0.079 0.022 0.035 0.062 0.014 0.042 0.062 0.038 0.017 0.069 0.025 0.093 0.048 0.006 0.025 0.06
151 G 0.192 0.027 0.029 0.029 0.016 0.023 0.032 0.239 0.014 0.04 0.063 0.038 0.035 0.022 0.023 0.064 0.04 0.006 0.015 0.053
152 V 0.1 0.022 0.018 0.019 0.078 0.017 0.024 0.033 0.014 0.128 0.104 0.028 0.026 0.043 0.018 0.04 0.043 0.008 0.059 0.181
153 Y 0.038 0.026 0.02 0.018 0.009 0.02 0.026 0.025 0.041 0.041 0.064 0.029 0.018 0.118 0.014 0.029 0.026 0.087 0.306 0.043
154 L 0.05 0.028 0.02 0.02 0.016 0.023 0.026 0.026 0.013 0.097 0.255 0.032 0.112 0.046 0.016 0.037 0.065 0.007 0.022 0.088
155 F 0.034 0.019 0.016 0.016 0.011 0.011 0.019 0.024 0.016 0.068 0.146 0.019 0.027 0.363 0.011 0.024 0.026 0.015 0.078 0.058
156 G 0.07 0.029 0.038 0.045 0.01 0.032 0.095 0.404 0.016 0.019 0.03 0.043 0.01 0.016 0.02 0.051 0.03 0.005 0.012 0.025
157 E 0.054 0.097 0.041 0.082 0.008 0.05 0.172 0.098 0.021 0.022 0.037 0.129 0.013 0.016 0.024 0.051 0.035 0.005 0.015 0.029
158 R 0.048 0.248 0.05 0.043 0.008 0.051 0.059 0.037 0.022 0.024 0.043 0.18 0.015 0.016 0.022 0.047 0.036 0.005 0.017 0.03
159 A 0.223 0.031 0.03 0.031 0.02 0.025 0.039 0.063 0.014 0.056 0.064 0.042 0.019 0.023 0.027 0.1 0.081 0.005 0.017 0.091
160 V 0.117 0.022 0.018 0.02 0.018 0.017 0.024 0.043 0.01 0.181 0.122 0.029 0.029 0.034 0.018 0.041 0.044 0.005 0.019 0.19
161 D 0.05 0.039 0.084 0.182 0.009 0.03 0.06 0.044 0.026 0.033 0.043 0.07 0.013 0.044 0.021 0.072 0.04 0.01 0.095 0.035
162 Y 0.077 0.028 0.024 0.022 0.011 0.022 0.03 0.033 0.037 0.043 0.065 0.033 0.018 0.1 0.018 0.044 0.06 0.022 0.26 0.051
163 T 0.065 0.033 0.036 0.031 0.017 0.025 0.034 0.037 0.013 0.065 0.121 0.04 0.044 0.03 0.024 0.074 0.213 0.006 0.019 0.074
164 F 0.035 0.019 0.016 0.016 0.011 0.011 0.019 0.024 0.015 0.071 0.164 0.019 0.029 0.341 0.011 0.024 0.026 0.015 0.074 0.061
165 Y 0.038 0.025 0.02 0.018 0.009 0.018 0.025 0.024 0.038 0.051 0.078 0.027 0.02 0.19 0.014 0.029 0.027 0.024 0.276 0.049
166 G 0.124 0.026 0.037 0.034 0.013 0.021 0.031 0.384 0.014 0.024 0.035 0.037 0.011 0.017 0.022 0.08 0.039 0.005 0.012 0.034
167 L 0.101 0.028 0.02 0.021 0.017 0.022 0.028 0.036 0.013 0.111 0.204 0.033 0.091 0.041 0.018 0.053 0.041 0.007 0.021 0.093
168 C 0.12 0.021 0.018 0.019 0.26 0.016 0.023 0.04 0.01 0.066 0.111 0.027 0.022 0.026 0.019 0.05 0.04 0.005 0.015 0.092
169 A 0.182 0.025 0.023 0.025 0.018 0.02 0.03 0.107 0.012 0.111 0.122 0.035 0.025 0.03 0.022 0.059 0.042 0.006 0.017 0.09
170 A 0.253 0.029 0.026 0.028 0.02 0.023 0.036 0.095 0.013 0.056 0.064 0.04 0.018 0.022 0.026 0.074 0.061 0.005 0.017 0.092
171 N 0.046 0.038 0.259 0.065 0.011 0.028 0.041 0.053 0.025 0.065 0.057 0.045 0.016 0.022 0.019 0.058 0.047 0.005 0.016 0.085
172 L 0.09 0.025 0.024 0.023 0.047 0.019 0.027 0.044 0.012 0.108 0.125 0.032 0.036 0.065 0.019 0.051 0.098 0.007 0.024 0.124
173 A 0.13 0.026 0.024 0.025 0.108 0.021 0.029 0.075 0.012 0.084 0.09 0.034 0.041 0.027 0.021 0.074 0.047 0.005 0.017 0.11
174 I 0.05 0.021 0.016 0.018 0.016 0.017 0.02 0.022 0.01 0.229 0.165 0.026 0.073 0.043 0.015 0.028 0.04 0.006 0.021 0.166
175 L 0.101 0.023 0.017 0.019 0.017 0.018 0.024 0.032 0.01 0.144 0.208 0.028 0.044 0.04 0.017 0.037 0.041 0.006 0.02 0.153
176 L 0.047 0.023 0.015 0.016 0.016 0.015 0.02 0.039 0.01 0.128 0.326 0.025 0.043 0.055 0.014 0.026 0.034 0.007 0.022 0.121
177 L 0.046 0.028 0.026 0.071 0.013 0.045 0.038 0.058 0.014 0.123 0.176 0.035 0.04 0.082 0.016 0.033 0.034 0.007 0.027 0.087
178 D 0.041 0.03 0.069 0.398 0.007 0.03 0.091 0.047 0.019 0.022 0.028 0.045 0.009 0.015 0.022 0.052 0.035 0.004 0.011 0.024
179 G 0.098 0.036 0.112 0.052 0.013 0.031 0.075 0.114 0.02 0.037 0.082 0.048 0.017 0.023 0.023 0.104 0.05 0.005 0.016 0.043
180 L 0.082 0.023 0.017 0.019 0.017 0.018 0.023 0.029 0.011 0.175 0.194 0.028 0.064 0.042 0.016 0.034 0.04 0.006 0.02 0.143
181 R 0.079 0.146 0.029 0.028 0.012 0.034 0.043 0.036 0.016 0.056 0.1 0.109 0.021 0.023 0.082 0.045 0.038 0.005 0.017 0.08
182 D 0.06 0.036 0.057 0.09 0.012 0.031 0.079 0.04 0.016 0.08 0.064 0.061 0.018 0.022 0.084 0.078 0.087 0.005 0.016 0.064
183 Y 0.043 0.03 0.065 0.029 0.01 0.023 0.031 0.032 0.056 0.042 0.065 0.034 0.018 0.129 0.017 0.042 0.06 0.019 0.21 0.045
184 G 0.076 0.022 0.038 0.033 0.01 0.018 0.025 0.527 0.013 0.018 0.027 0.033 0.009 0.016 0.018 0.05 0.029 0.005 0.01 0.023
185 L 0.114 0.023 0.018 0.021 0.016 0.018 0.026 0.036 0.011 0.149 0.165 0.031 0.04 0.035 0.08 0.042 0.039 0.006 0.019 0.11
186 G 0.156 0.05 0.037 0.035 0.015 0.026 0.037 0.239 0.015 0.028 0.041 0.046 0.013 0.018 0.024 0.109 0.048 0.005 0.014 0.042
187 E 0.09 0.039 0.06 0.111 0.01 0.044 0.185 0.106 0.021 0.024 0.036 0.058 0.012 0.017 0.024 0.069 0.04 0.005 0.015 0.033
188 F 0.098 0.028 0.031 0.03 0.015 0.021 0.033 0.046 0.016 0.053 0.078 0.035 0.02 0.191 0.02 0.115 0.049 0.01 0.047 0.065
189 I 0.055 0.02 0.018 0.019 0.016 0.015 0.02 0.084 0.009 0.199 0.164 0.025 0.032 0.038 0.015 0.029 0.039 0.006 0.019 0.178
190 S 0.091 0.05 0.087 0.047 0.015 0.057 0.053 0.054 0.02 0.034 0.047 0.064 0.016 0.02 0.026 0.134 0.117 0.005 0.017 0.046
191 G 0.077 0.039 0.048 0.095 0.012 0.058 0.089 0.171 0.019 0.024 0.036 0.053 0.013 0.017 0.024 0.124 0.051 0.005 0.015 0.032
192 L 0.048 0.023 0.017 0.017 0.014 0.017 0.023 0.023 0.019 0.121 0.159 0.026 0.047 0.109 0.014 0.029 0.035 0.013 0.109 0.136
193 I 0.048 0.018 0.014 0.017 0.016 0.014 0.018 0.02 0.009 0.256 0.187 0.023 0.036 0.043 0.014 0.025 0.039 0.006 0.02 0.176
194 A 0.192 0.056 0.038 0.033 0.018 0.028 0.041 0.059 0.015 0.043 0.058 0.057 0.017 0.021 0.027 0.081 0.131 0.005 0.017 0.063
195 L 0.045 0.026 0.057 0.025 0.074 0.019 0.024 0.03 0.015 0.076 0.186 0.028 0.069 0.131 0.014 0.034 0.034 0.009 0.036 0.069
196 L 0.111 0.022 0.017 0.019 0.016 0.016 0.023 0.035 0.011 0.168 0.173 0.028 0.032 0.085 0.017 0.039 0.038 0.007 0.028 0.115
197 K 0.061 0.056 0.035 0.033 0.014 0.033 0.045 0.037 0.015 0.086 0.075 0.136 0.021 0.024 0.024 0.06 0.127 0.005 0.018 0.096
198 G 0.09 0.033 0.046 0.041 0.015 0.027 0.041 0.174 0.016 0.032 0.043 0.045 0.015 0.02 0.026 0.158 0.115 0.005 0.015 0.043
199 F 0.085 0.021 0.024 0.023 0.012 0.015 0.023 0.175 0.015 0.046 0.079 0.026 0.019 0.24 0.015 0.04 0.029 0.012 0.055 0.047
200 G 0.087 0.026 0.042 0.082 0.012 0.022 0.037 0.349 0.014 0.025 0.034 0.037 0.011 0.017 0.021 0.069 0.064 0.005 0.012 0.033
201 A 0.112 0.038 0.033 0.075 0.013 0.055 0.082 0.104 0.016 0.078 0.067 0.063 0.019 0.022 0.022 0.052 0.04 0.005 0.017 0.088
202 N 0.065 0.042 0.207 0.066 0.013 0.032 0.048 0.062 0.025 0.029 0.039 0.052 0.014 0.019 0.024 0.118 0.088 0.005 0.016 0.037
203 D 0.043 0.032 0.064 0.36 0.007 0.034 0.121 0.044 0.019 0.022 0.029 0.049 0.01 0.015 0.023 0.052 0.035 0.004 0.012 0.025
204 V 0.069 0.022 0.016 0.018 0.019 0.016 0.023 0.024 0.008 0.163 0.129 0.026 0.031 0.035 0.016 0.032 0.049 0.005 0.02 0.278
205 I 0.047 0.017 0.015 0.017 0.016 0.013 0.017 0.02 0.009 0.28 0.166 0.023 0.036 0.044 0.015 0.025 0.039 0.006 0.02 0.175
206 D 0.055 0.048 0.112 0.196 0.01 0.033 0.066 0.048 0.02 0.033 0.049 0.095 0.014 0.018 0.023 0.058 0.062 0.004 0.014 0.041
207 T 0.093 0.044 0.077 0.043 0.014 0.081 0.055 0.048 0.019 0.04 0.054 0.056 0.018 0.02 0.025 0.077 0.158 0.005 0.018 0.054
208 G 0.097 0.035 0.114 0.053 0.013 0.031 0.074 0.174 0.02 0.028 0.039 0.048 0.013 0.018 0.023 0.088 0.073 0.005 0.015 0.038
209 G 0.129 0.026 0.036 0.032 0.013 0.021 0.033 0.231 0.014 0.029 0.04 0.038 0.012 0.017 0.154 0.06 0.057 0.005 0.013 0.04
210 F 0.107 0.022 0.019 0.021 0.014 0.015 0.025 0.038 0.014 0.081 0.094 0.028 0.022 0.216 0.078 0.041 0.034 0.01 0.051 0.068
211 I 0.085 0.024 0.017 0.019 0.017 0.019 0.024 0.03 0.011 0.176 0.151 0.03 0.08 0.04 0.017 0.036 0.042 0.006 0.021 0.155
212 R 0.048 0.268 0.038 0.034 0.008 0.049 0.057 0.036 0.022 0.024 0.044 0.186 0.015 0.016 0.022 0.046 0.035 0.005 0.017 0.031
213 A 0.247 0.039 0.026 0.029 0.018 0.028 0.041 0.065 0.019 0.04 0.057 0.074 0.017 0.033 0.027 0.072 0.044 0.008 0.057 0.059
214 L 0.047 0.026 0.016 0.017 0.016 0.02 0.023 0.023 0.012 0.128 0.277 0.029 0.108 0.049 0.015 0.029 0.036 0.007 0.022 0.101
215 E 0.053 0.048 0.039 0.087 0.007 0.062 0.32 0.034 0.025 0.021 0.036 0.073 0.012 0.016 0.025 0.053 0.036 0.005 0.016 0.03
216 L 0.053 0.02 0.015 0.017 0.017 0.015 0.02 0.022 0.009 0.198 0.207 0.024 0.037 0.042 0.015 0.027 0.04 0.006 0.02 0.197
217 H 0.041 0.044 0.052 0.037 0.007 0.037 0.052 0.037 0.377 0.022 0.037 0.044 0.015 0.029 0.018 0.041 0.026 0.007 0.055 0.022
218 D 0.04 0.029 0.067 0.418 0.007 0.029 0.088 0.045 0.018 0.022 0.027 0.043 0.009 0.014 0.022 0.05 0.034 0.004 0.011 0.023
219 L 0.044 0.02 0.014 0.016 0.016 0.014 0.018 0.02 0.009 0.204 0.279 0.024 0.042 0.048 0.014 0.024 0.035 0.006 0.021 0.132
220 T 0.101 0.034 0.04 0.035 0.018 0.026 0.038 0.046 0.013 0.05 0.062 0.044 0.019 0.023 0.027 0.089 0.244 0.006 0.017 0.068
221 F 0.038 0.032 0.023 0.024 0.01 0.068 0.039 0.028 0.019 0.052 0.094 0.036 0.023 0.309 0.013 0.032 0.028 0.014 0.069 0.048
222 G 0.1 0.025 0.029 0.028 0.015 0.02 0.028 0.223 0.012 0.086 0.108 0.033 0.022 0.027 0.02 0.07 0.041 0.005 0.016 0.092
223 F 0.037 0.021 0.016 0.016 0.012 0.014 0.02 0.024 0.015 0.078 0.192 0.022 0.051 0.274 0.012 0.026 0.028 0.013 0.062 0.068
224 G 0.076 0.022 0.038 0.033 0.01 0.018 0.025 0.527 0.013 0.018 0.027 0.033 0.009 0.016 0.018 0.05 0.029 0.005 0.01 0.023
225 L 0.048 0.027 0.019 0.02 0.014 0.042 0.03 0.025 0.013 0.123 0.184 0.031 0.033 0.131 0.015 0.03 0.036 0.009 0.037 0.136
226 F 0.037 0.022 0.017 0.017 0.012 0.015 0.021 0.025 0.017 0.07 0.13 0.023 0.066 0.312 0.012 0.027 0.028 0.014 0.075 0.062
227 V 0.054 0.021 0.015 0.016 0.016 0.015 0.021 0.023 0.01 0.13 0.191 0.024 0.034 0.113 0.014 0.028 0.039 0.008 0.033 0.194
228 L 0.047 0.024 0.015 0.017 0.016 0.018 0.021 0.022 0.011 0.155 0.272 0.027 0.079 0.048 0.014 0.027 0.036 0.007 0.021 0.123
229 Y 0.038 0.025 0.02 0.018 0.009 0.019 0.025 0.024 0.04 0.046 0.074 0.028 0.019 0.179 0.014 0.029 0.027 0.025 0.293 0.047
230 F 0.071 0.024 0.02 0.019 0.011 0.017 0.025 0.031 0.03 0.049 0.082 0.027 0.02 0.219 0.015 0.035 0.029 0.02 0.205 0.051
231 L 0.1 0.027 0.021 0.021 0.017 0.021 0.027 0.035 0.012 0.092 0.233 0.032 0.064 0.041 0.019 0.045 0.068 0.006 0.02 0.099
232 F 0.04 0.022 0.017 0.016 0.072 0.015 0.021 0.026 0.018 0.063 0.137 0.023 0.045 0.191 0.012 0.028 0.029 0.076 0.09 0.059
233 F 0.045 0.02 0.019 0.019 0.134 0.013 0.02 0.028 0.014 0.056 0.093 0.022 0.022 0.263 0.014 0.036 0.058 0.012 0.059 0.056
234 A 0.167 0.031 0.026 0.04 0.068 0.031 0.103 0.049 0.015 0.062 0.102 0.044 0.021 0.025 0.024 0.06 0.045 0.005 0.017 0.066
235 K 0.053 0.113 0.036 0.037 0.009 0.067 0.062 0.039 0.019 0.026 0.041 0.187 0.014 0.014 0.146 0.049 0.037 0.005 0.016 0.031
236 G 0.056 0.063 0.08 0.041 0.009 0.034 0.046 0.199 0.108 0.023 0.035 0.109 0.013 0.019 0.021 0.051 0.037 0.006 0.024 0.027
237 D 0.054 0.092 0.1 0.179 0.009 0.039 0.107 0.048 0.022 0.023 0.035 0.064 0.012 0.017 0.023 0.084 0.045 0.005 0.015 0.029
238 R 0.077 0.192 0.046 0.04 0.013 0.041 0.052 0.05 0.021 0.027 0.044 0.087 0.016 0.019 0.025 0.132 0.058 0.006 0.017 0.036
239 A 0.173 0.069 0.034 0.036 0.015 0.04 0.056 0.061 0.018 0.035 0.051 0.161 0.017 0.019 0.029 0.069 0.045 0.005 0.017 0.051
240 S 0.11 0.04 0.054 0.049 0.018 0.033 0.052 0.066 0.019 0.03 0.042 0.054 0.016 0.021 0.03 0.219 0.082 0.005 0.018 0.042
241 E 0.055 0.05 0.041 0.09 0.007 0.065 0.296 0.035 0.026 0.022 0.037 0.076 0.013 0.017 0.026 0.055 0.037 0.006 0.017 0.031
242 K 0.057 0.107 0.042 0.042 0.009 0.054 0.071 0.043 0.021 0.028 0.043 0.277 0.016 0.016 0.028 0.054 0.04 0.005 0.017 0.033
243 K 0.056 0.119 0.038 0.037 0.009 0.068 0.062 0.041 0.021 0.027 0.044 0.183 0.016 0.021 0.023 0.071 0.041 0.068 0.023 0.033
244 R 0.047 0.126 0.032 0.042 0.009 0.04 0.111 0.032 0.023 0.045 0.055 0.096 0.016 0.042 0.02 0.044 0.048 0.071 0.059 0.043
245 R 0.051 0.286 0.041 0.033 0.009 0.044 0.051 0.036 0.066 0.023 0.043 0.099 0.015 0.019 0.02 0.068 0.038 0.006 0.022 0.03
246 I 0.068 0.043 0.018 0.018 0.046 0.018 0.023 0.026 0.014 0.158 0.151 0.031 0.03 0.053 0.016 0.032 0.039 0.008 0.055 0.154
247 L 0.07 0.021 0.017 0.018 0.046 0.016 0.021 0.058 0.01 0.147 0.18 0.026 0.032 0.039 0.015 0.032 0.038 0.037 0.022 0.155
248 D 0.046 0.031 0.04 0.13 0.009 0.029 0.081 0.095 0.069 0.038 0.085 0.04 0.017 0.049 0.019 0.041 0.031 0.011 0.101 0.038
249 L 0.109 0.023 0.017 0.019 0.016 0.016 0.024 0.035 0.012 0.131 0.2 0.028 0.033 0.109 0.017 0.039 0.036 0.008 0.032 0.098
250 L 0.138 0.026 0.024 0.025 0.017 0.02 0.029 0.091 0.012 0.118 0.138 0.034 0.036 0.032 0.021 0.054 0.069 0.006 0.018 0.094
251 L 0.096 0.023 0.016 0.018 0.047 0.016 0.022 0.031 0.01 0.138 0.253 0.027 0.037 0.042 0.017 0.036 0.037 0.006 0.02 0.107
252 A 0.262 0.032 0.032 0.033 0.02 0.027 0.042 0.073 0.015 0.038 0.053 0.045 0.016 0.021 0.029 0.123 0.056 0.005 0.017 0.06
253 L 0.118 0.025 0.02 0.021 0.017 0.019 0.026 0.098 0.011 0.087 0.217 0.031 0.043 0.037 0.018 0.043 0.038 0.006 0.019 0.102
254 F 0.041 0.02 0.018 0.018 0.012 0.013 0.019 0.086 0.014 0.068 0.172 0.022 0.028 0.27 0.012 0.027 0.027 0.013 0.06 0.059
255 F 0.038 0.02 0.017 0.016 0.072 0.012 0.019 0.025 0.018 0.062 0.13 0.021 0.025 0.286 0.012 0.027 0.027 0.015 0.102 0.057
256 F 0.034 0.018 0.016 0.016 0.011 0.011 0.018 0.024 0.015 0.091 0.117 0.019 0.026 0.362 0.011 0.024 0.026 0.015 0.078 0.068
257 F 0.058 0.026 0.026 0.024 0.014 0.019 0.028 0.034 0.019 0.07 0.127 0.03 0.028 0.178 0.017 0.082 0.043 0.012 0.083 0.085
258 L 0.075 0.025 0.019 0.02 0.016 0.018 0.024 0.03 0.012 0.089 0.276 0.029 0.037 0.089 0.017 0.042 0.064 0.008 0.028 0.081
259 G 0.079 0.024 0.04 0.034 0.011 0.02 0.028 0.469 0.014 0.02 0.029 0.035 0.01 0.016 0.02 0.074 0.035 0.005 0.011 0.026
260 L 0.04 0.023 0.014 0.015 0.014 0.015 0.02 0.023 0.011 0.091 0.31 0.024 0.04 0.054 0.012 0.023 0.03 0.133 0.033 0.077
261 K 0.055 0.103 0.04 0.04 0.008 0.052 0.068 0.042 0.02 0.027 0.042 0.303 0.015 0.015 0.027 0.052 0.038 0.005 0.017 0.032
262 R 0.043 0.367 0.037 0.03 0.008 0.047 0.051 0.032 0.023 0.023 0.045 0.116 0.015 0.017 0.019 0.043 0.034 0.006 0.017 0.03
263 I 0.064 0.018 0.016 0.019 0.016 0.014 0.019 0.055 0.009 0.262 0.147 0.025 0.033 0.04 0.015 0.029 0.038 0.006 0.019 0.155
264 A 0.217 0.028 0.029 0.076 0.018 0.024 0.042 0.06 0.014 0.07 0.069 0.04 0.019 0.023 0.025 0.069 0.06 0.005 0.017 0.096
265 L 0.049 0.023 0.015 0.016 0.016 0.016 0.021 0.023 0.011 0.115 0.267 0.025 0.058 0.092 0.014 0.027 0.036 0.008 0.029 0.138
266 L 0.113 0.023 0.018 0.021 0.016 0.017 0.025 0.036 0.011 0.152 0.179 0.03 0.031 0.036 0.08 0.041 0.039 0.005 0.019 0.108
267 A 0.203 0.03 0.035 0.034 0.017 0.025 0.038 0.186 0.015 0.033 0.046 0.043 0.015 0.019 0.026 0.115 0.051 0.005 0.015 0.049
268 L 0.048 0.023 0.015 0.016 0.016 0.017 0.021 0.022 0.01 0.161 0.271 0.026 0.065 0.047 0.014 0.027 0.037 0.007 0.021 0.137
269 L 0.055 0.022 0.017 0.02 0.014 0.016 0.024 0.026 0.011 0.125 0.201 0.029 0.032 0.056 0.139 0.034 0.037 0.006 0.022 0.113
270 G 0.074 0.022 0.023 0.023 0.015 0.017 0.023 0.152 0.011 0.143 0.151 0.029 0.031 0.034 0.017 0.039 0.051 0.006 0.018 0.122
271 A 0.162 0.027 0.027 0.027 0.018 0.021 0.032 0.119 0.012 0.081 0.077 0.036 0.021 0.025 0.022 0.079 0.049 0.005 0.017 0.142
272 L 0.048 0.02 0.015 0.016 0.076 0.014 0.019 0.023 0.01 0.158 0.211 0.023 0.035 0.087 0.014 0.027 0.036 0.007 0.028 0.135
273 L 0.073 0.022 0.016 0.017 0.017 0.017 0.022 0.026 0.01 0.156 0.217 0.027 0.048 0.048 0.016 0.032 0.04 0.006 0.022 0.167
274 L 0.05 0.025 0.018 0.018 0.015 0.02 0.024 0.025 0.017 0.126 0.145 0.028 0.088 0.098 0.015 0.031 0.038 0.01 0.07 0.141
275 G 0.16 0.028 0.032 0.03 0.015 0.023 0.033 0.233 0.058 0.045 0.052 0.037 0.015 0.022 0.022 0.058 0.038 0.005 0.02 0.073
276 L 0.049 0.035 0.021 0.028 0.013 0.025 0.063 0.026 0.013 0.106 0.209 0.064 0.033 0.084 0.017 0.032 0.035 0.007 0.028 0.111
277 L 0.046 0.02 0.015 0.016 0.075 0.013 0.019 0.024 0.011 0.12 0.191 0.022 0.032 0.159 0.013 0.027 0.033 0.009 0.041 0.115
278 L 0.044 0.021 0.015 0.016 0.075 0.014 0.019 0.023 0.014 0.134 0.219 0.023 0.034 0.1 0.014 0.027 0.033 0.01 0.068 0.097
279 G 0.056 0.129 0.044 0.081 0.01 0.033 0.047 0.16 0.062 0.027 0.042 0.071 0.016 0.019 0.02 0.056 0.067 0.005 0.019 0.033
280 R 0.08 0.206 0.031 0.027 0.011 0.037 0.044 0.036 0.018 0.051 0.107 0.107 0.022 0.031 0.02 0.045 0.037 0.006 0.019 0.066
281 L 0.046 0.065 0.018 0.018 0.014 0.02 0.024 0.023 0.012 0.134 0.221 0.036 0.055 0.078 0.015 0.029 0.036 0.007 0.027 0.12
282 K 0.068 0.11 0.041 0.039 0.021 0.04 0.055 0.085 0.019 0.026 0.041 0.164 0.014 0.017 0.06 0.098 0.047 0.005 0.016 0.034
283 P 0.071 0.03 0.029 0.039 0.011 0.027 0.076 0.04 0.016 0.031 0.048 0.044 0.014 0.071 0.27 0.076 0.042 0.005 0.024 0.037
284 K 0.053 0.158 0.04 0.038 0.008 0.051 0.065 0.04 0.021 0.026 0.042 0.264 0.015 0.015 0.025 0.05 0.037 0.005 0.017 0.031
285 G 0.115 0.043 0.061 0.034 0.013 0.029 0.04 0.134 0.02 0.044 0.06 0.088 0.026 0.034 0.022 0.057 0.054 0.008 0.057 0.061
286 R 0.05 0.182 0.038 0.037 0.008 0.107 0.067 0.037 0.023 0.025 0.043 0.131 0.016 0.015 0.083 0.048 0.037 0.005 0.017 0.032
287 R 0.066 0.086 0.072 0.041 0.012 0.033 0.06 0.043 0.019 0.063 0.06 0.085 0.017 0.026 0.021 0.079 0.072 0.068 0.023 0.055
288 R 0.07 0.119 0.029 0.028 0.013 0.029 0.038 0.035 0.016 0.107 0.087 0.086 0.022 0.074 0.019 0.064 0.042 0.007 0.026 0.088
289 L 0.046 0.022 0.016 0.017 0.015 0.015 0.021 0.023 0.011 0.11 0.278 0.024 0.039 0.121 0.014 0.028 0.046 0.009 0.034 0.111
290 L 0.048 0.024 0.015 0.017 0.016 0.018 0.021 0.022 0.011 0.159 0.26 0.027 0.078 0.047 0.015 0.027 0.037 0.007 0.021 0.131
291 L 0.082 0.037 0.025 0.024 0.014 0.026 0.034 0.034 0.059 0.128 0.139 0.066 0.068 0.036 0.018 0.04 0.038 0.006 0.025 0.1
292 A 0.141 0.027 0.026 0.027 0.018 0.021 0.032 0.046 0.013 0.119 0.111 0.036 0.025 0.045 0.022 0.079 0.075 0.006 0.026 0.105
293 L 0.049 0.022 0.021 0.021 0.015 0.016 0.023 0.026 0.011 0.175 0.177 0.027 0.033 0.086 0.017 0.039 0.09 0.007 0.028 0.118
294 A 0.165 0.032 0.034 0.04 0.016 0.029 0.073 0.117 0.016 0.047 0.055 0.046 0.017 0.021 0.025 0.112 0.052 0.005 0.016 0.078
295 I 0.065 0.021 0.018 0.019 0.014 0.016 0.023 0.029 0.011 0.164 0.122 0.026 0.027 0.049 0.014 0.042 0.039 0.132 0.032 0.136
296 G 0.097 0.025 0.029 0.027 0.015 0.019 0.028 0.161 0.013 0.07 0.096 0.033 0.021 0.08 0.019 0.065 0.069 0.007 0.026 0.098
297 L 0.109 0.024 0.018 0.019 0.016 0.018 0.025 0.036 0.013 0.103 0.185 0.029 0.05 0.131 0.017 0.04 0.036 0.009 0.036 0.086
298 V 0.073 0.02 0.016 0.018 0.016 0.014 0.021 0.027 0.011 0.159 0.126 0.024 0.029 0.129 0.015 0.032 0.04 0.008 0.036 0.185
299 L 0.113 0.024 0.017 0.019 0.017 0.018 0.024 0.043 0.01 0.127 0.231 0.029 0.035 0.04 0.018 0.04 0.039 0.006 0.02 0.129
300 F 0.054 0.02 0.019 0.019 0.013 0.013 0.02 0.088 0.013 0.103 0.154 0.023 0.028 0.223 0.013 0.03 0.03 0.011 0.052 0.076
301 C 0.107 0.026 0.031 0.029 0.198 0.021 0.032 0.048 0.014 0.04 0.06 0.035 0.017 0.068 0.022 0.12 0.052 0.006 0.024 0.051
302 F 0.037 0.023 0.018 0.017 0.01 0.016 0.023 0.024 0.029 0.058 0.125 0.025 0.024 0.228 0.013 0.027 0.027 0.02 0.201 0.054
303 L 0.114 0.024 0.021 0.021 0.015 0.018 0.026 0.099 0.015 0.071 0.174 0.029 0.028 0.108 0.018 0.043 0.035 0.009 0.053 0.08
304 Y 0.039 0.027 0.021 0.018 0.009 0.021 0.027 0.024 0.045 0.042 0.066 0.03 0.018 0.126 0.015 0.03 0.027 0.027 0.341 0.045
305 L 0.056 0.022 0.015 0.016 0.017 0.015 0.021 0.022 0.009 0.158 0.232 0.025 0.038 0.042 0.015 0.028 0.041 0.006 0.021 0.203
306 F 0.053 0.025 0.022 0.021 0.013 0.018 0.026 0.028 0.023 0.079 0.127 0.029 0.025 0.147 0.016 0.044 0.063 0.015 0.135 0.092
307 L 0.11 0.024 0.017 0.019 0.016 0.017 0.024 0.035 0.012 0.111 0.247 0.028 0.036 0.088 0.017 0.038 0.036 0.007 0.028 0.091
308 I 0.055 0.024 0.025 0.024 0.016 0.018 0.025 0.028 0.01 0.204 0.125 0.031 0.029 0.035 0.019 0.049 0.126 0.006 0.019 0.132
309 K 0.049 0.151 0.037 0.036 0.008 0.093 0.066 0.037 0.022 0.026 0.045 0.167 0.016 0.021 0.021 0.046 0.036 0.068 0.024 0.032
310 S 0.072 0.051 0.059 0.049 0.013 0.058 0.055 0.049 0.02 0.034 0.052 0.096 0.017 0.067 0.024 0.127 0.082 0.007 0.026 0.042
311 G 0.076 0.022 0.038 0.033 0.01 0.018 0.025 0.527 0.013 0.018 0.027 0.033 0.009 0.016 0.018 0.05 0.029 0.005 0.01 0.023
312 L 0.041 0.023 0.016 0.016 0.013 0.017 0.022 0.024 0.016 0.098 0.22 0.025 0.035 0.062 0.013 0.027 0.039 0.135 0.078 0.08
313 F 0.036 0.021 0.017 0.017 0.011 0.014 0.021 0.024 0.023 0.063 0.135 0.022 0.026 0.293 0.012 0.026 0.026 0.018 0.142 0.056
314 E 0.065 0.043 0.075 0.06 0.011 0.066 0.152 0.042 0.022 0.061 0.057 0.059 0.017 0.021 0.023 0.081 0.058 0.005 0.017 0.065
315 R 0.071 0.1 0.032 0.037 0.012 0.041 0.075 0.038 0.018 0.038 0.064 0.06 0.037 0.026 0.082 0.066 0.068 0.068 0.023 0.045
316 L 0.051 0.021 0.019 0.019 0.015 0.015 0.022 0.025 0.011 0.154 0.158 0.025 0.031 0.124 0.015 0.034 0.066 0.008 0.035 0.152
317 L 0.056 0.027 0.02 0.02 0.043 0.021 0.025 0.027 0.012 0.107 0.192 0.031 0.091 0.04 0.017 0.039 0.069 0.006 0.021 0.137
318 N 0.045 0.039 0.159 0.154 0.009 0.035 0.09 0.048 0.068 0.035 0.041 0.05 0.016 0.02 0.021 0.057 0.056 0.005 0.02 0.035
319 E 0.1 0.043 0.041 0.051 0.013 0.064 0.12 0.048 0.044 0.031 0.046 0.058 0.016 0.026 0.025 0.108 0.077 0.007 0.04 0.043
320 L 0.042 0.027 0.031 0.021 0.014 0.019 0.025 0.025 0.067 0.092 0.311 0.028 0.04 0.07 0.014 0.028 0.031 0.007 0.03 0.077
