	acc	org	taxid	name	seq
23058	MBR0147784.1	Lachnospiraceae bacterium	1898203	hypothetical protein [Lachnospiraceae bacterium]	MTVTKSKSVGYKGFRDKIRERVRGEWLYLVSLILYLSVAFFETAMFERPFLFKLIKYLPLVILPVKLLLFDDNTGAQIFLKAAVVLSAVITVSIVHTESSMLLMAALFLVSAGDVPFKSILKVFIIVNLAGMAVTLLACGMGFIENLKYPATMFGAGHISYAFGFKYTTDAVAHLFFLILAVYYLYRERLNHCVYLVLILLQIPVYIFTTARCGCICIILLSIVYLIFLFRKKNGKGEGKLEKCLKKCLVYSMPFMALLSFGLVLLYMRSPEVFLKADILLSGRLKFAGAGLAKYGLSVFGRNIEFTGWGGAPRDAVGENYDFIDNSYLFCGIKFGVIWLLILISSYVAACKKYSSDIYFLVSVFFTALSSVFEHHLPDMGYAIFFLSVFALKEKQGAKDAAVKKKGAGK
23062	MBR4174551.1	Lachnospiraceae bacterium	1898203	hypothetical protein [Lachnospiraceae bacterium]	MTVTKSKSVGYKGFRDKIRERVRGEWLYLVSLILYLSVAFFETAMFERPFLFKLIKYLPLVILPVKLLLFDDNTGALIFLKAAVVLSAVITVSIVYTESSMLLMAALFLVSAGDVPFKSILKVFIIVNLAGMAVTLLACGMGLIENLKYPATMFGAGHISYAFGFKYTTDAVAHLFFLILAVYYLYRERLNHCVYLVLILLQIPVYIFTTARCGCICIILLSIVYLIFLFRKKNGKGEGKLEKCLKKCLVYSMPFMALLSFGLVLLYMRSPEIFLKADILLSGRLKFAGAGLAKYGLSVFGRDIEFTGWGGAPRDAVGENYDFIDNSYLFCGIKFGVIWLLILISSYVAACKKYSSDIYFLVSVFFTALSSVFEHHLPDMGYAIFFLSVFALKEKHGAKDAAVKKKGVGK
