#Seq2Logo.py -f /work3/idamei/ssn-clusterings/clustering/2205111253/clusters/0012_89/sequences.afa -o /work3/idamei/ssn-clusterings/clustering/2205111253/clusters/0012_89/sequences.logo
#Position Specific Frequency Matrix
A R N D C Q E G H I L K M F P S T W Y V
0 L 0.052 0.032 0.02 0.02 0.016 0.028 0.028 0.028 0.016 0.1 0.195 0.036 0.167 0.048 0.016 0.036 0.04 0.008 0.024 0.092
1 L 0.049 0.054 0.026 0.025 0.012 0.048 0.039 0.03 0.028 0.058 0.151 0.045 0.027 0.071 0.048 0.046 0.035 0.014 0.137 0.057
2 L 0.052 0.027 0.022 0.022 0.017 0.019 0.026 0.027 0.011 0.097 0.289 0.031 0.041 0.045 0.018 0.044 0.097 0.007 0.021 0.088
3 R 0.15 0.21 0.033 0.03 0.014 0.039 0.047 0.052 0.02 0.032 0.052 0.088 0.016 0.019 0.024 0.062 0.041 0.006 0.017 0.047
4 L 0.077 0.036 0.035 0.032 0.017 0.03 0.039 0.044 0.017 0.07 0.13 0.044 0.098 0.037 0.022 0.115 0.058 0.007 0.021 0.071
5 N 0.116 0.041 0.236 0.067 0.013 0.031 0.046 0.068 0.026 0.028 0.039 0.051 0.013 0.019 0.023 0.074 0.049 0.005 0.016 0.039
6 N 0.042 0.129 0.174 0.15 0.008 0.037 0.061 0.051 0.026 0.023 0.035 0.07 0.012 0.017 0.02 0.057 0.041 0.005 0.015 0.027
7 V 0.059 0.021 0.016 0.017 0.017 0.015 0.022 0.024 0.01 0.134 0.141 0.024 0.031 0.129 0.015 0.03 0.042 0.008 0.038 0.206
8 A 0.198 0.028 0.021 0.024 0.019 0.022 0.032 0.056 0.013 0.071 0.183 0.037 0.03 0.034 0.024 0.061 0.043 0.006 0.019 0.079
9 Y 0.064 0.061 0.036 0.033 0.012 0.065 0.05 0.04 0.031 0.039 0.075 0.054 0.02 0.064 0.021 0.093 0.047 0.014 0.137 0.045
10 F 0.055 0.093 0.034 0.03 0.013 0.038 0.039 0.066 0.017 0.046 0.072 0.054 0.02 0.128 0.02 0.058 0.116 0.009 0.038 0.053
11 L 0.064 0.022 0.016 0.017 0.016 0.015 0.022 0.027 0.012 0.107 0.217 0.025 0.036 0.145 0.015 0.031 0.036 0.009 0.041 0.128
12 A 0.139 0.031 0.035 0.035 0.018 0.025 0.039 0.056 0.015 0.105 0.082 0.042 0.022 0.028 0.025 0.131 0.061 0.005 0.018 0.087
13 G 0.141 0.025 0.035 0.032 0.014 0.021 0.03 0.387 0.014 0.026 0.037 0.037 0.012 0.018 0.022 0.061 0.035 0.005 0.013 0.037
14 L 0.055 0.03 0.024 0.023 0.016 0.024 0.029 0.03 0.014 0.091 0.216 0.035 0.092 0.043 0.018 0.048 0.096 0.007 0.022 0.087
15 L 0.045 0.022 0.014 0.016 0.016 0.015 0.019 0.021 0.01 0.174 0.303 0.024 0.045 0.05 0.014 0.024 0.035 0.007 0.021 0.124
16 L 0.044 0.024 0.014 0.015 0.016 0.016 0.02 0.021 0.01 0.114 0.381 0.025 0.049 0.054 0.014 0.024 0.033 0.007 0.022 0.095
17 L 0.041 0.02 0.015 0.016 0.014 0.013 0.019 0.022 0.012 0.14 0.225 0.022 0.037 0.174 0.013 0.025 0.032 0.01 0.046 0.102
18 L 0.041 0.023 0.015 0.016 0.015 0.015 0.02 0.022 0.012 0.1 0.308 0.023 0.043 0.146 0.013 0.024 0.031 0.01 0.04 0.084
19 S 0.109 0.04 0.054 0.048 0.017 0.033 0.052 0.066 0.019 0.029 0.042 0.054 0.016 0.021 0.029 0.227 0.081 0.005 0.017 0.042
20 L 0.046 0.023 0.015 0.017 0.016 0.017 0.02 0.022 0.01 0.167 0.284 0.026 0.062 0.05 0.014 0.026 0.036 0.007 0.022 0.121
21 L 0.08 0.023 0.016 0.018 0.018 0.017 0.023 0.028 0.009 0.137 0.207 0.027 0.036 0.04 0.017 0.034 0.044 0.006 0.021 0.199
22 F 0.037 0.021 0.016 0.016 0.012 0.012 0.019 0.024 0.014 0.08 0.203 0.021 0.033 0.28 0.012 0.025 0.028 0.013 0.066 0.068
23 P 0.056 0.026 0.023 0.031 0.01 0.02 0.036 0.036 0.013 0.026 0.036 0.041 0.01 0.013 0.499 0.043 0.036 0.003 0.013 0.031
24 T 0.072 0.035 0.043 0.037 0.018 0.027 0.039 0.043 0.014 0.053 0.064 0.045 0.02 0.023 0.027 0.092 0.254 0.006 0.018 0.07
25 A 0.159 0.035 0.041 0.038 0.019 0.029 0.044 0.062 0.016 0.042 0.055 0.048 0.017 0.022 0.029 0.135 0.128 0.005 0.017 0.06
26 L 0.041 0.022 0.015 0.016 0.014 0.014 0.02 0.022 0.012 0.097 0.292 0.023 0.041 0.167 0.013 0.024 0.03 0.01 0.044 0.082
27 T 0.076 0.031 0.037 0.034 0.017 0.024 0.036 0.043 0.014 0.12 0.091 0.041 0.024 0.029 0.024 0.115 0.125 0.006 0.018 0.096
28 G 0.126 0.023 0.026 0.026 0.016 0.019 0.027 0.201 0.012 0.117 0.102 0.033 0.023 0.029 0.02 0.05 0.038 0.006 0.016 0.091
29 V 0.05 0.019 0.016 0.017 0.015 0.013 0.02 0.023 0.011 0.168 0.136 0.023 0.031 0.157 0.014 0.027 0.038 0.009 0.043 0.169
30 K 0.056 0.106 0.041 0.041 0.009 0.053 0.07 0.043 0.02 0.027 0.043 0.285 0.015 0.015 0.027 0.053 0.039 0.005 0.017 0.032
31 F 0.051 0.024 0.025 0.024 0.015 0.017 0.025 0.03 0.013 0.131 0.115 0.029 0.027 0.153 0.017 0.047 0.106 0.009 0.042 0.1
32 V 0.06 0.02 0.016 0.018 0.018 0.015 0.021 0.023 0.008 0.208 0.143 0.025 0.033 0.039 0.016 0.03 0.045 0.006 0.02 0.237
33 L 0.128 0.026 0.018 0.02 0.018 0.019 0.027 0.04 0.012 0.09 0.274 0.031 0.039 0.043 0.019 0.044 0.039 0.006 0.02 0.086
34 L 0.044 0.024 0.014 0.015 0.016 0.016 0.02 0.021 0.01 0.114 0.382 0.025 0.049 0.054 0.014 0.024 0.033 0.007 0.022 0.095
35 L 0.049 0.023 0.016 0.018 0.016 0.016 0.021 0.023 0.01 0.164 0.291 0.026 0.043 0.049 0.015 0.036 0.038 0.007 0.021 0.119
36 L 0.044 0.024 0.014 0.015 0.016 0.016 0.02 0.021 0.01 0.123 0.37 0.025 0.048 0.054 0.014 0.024 0.033 0.007 0.022 0.1
37 P 0.132 0.027 0.021 0.025 0.016 0.021 0.032 0.045 0.012 0.061 0.159 0.037 0.026 0.029 0.181 0.051 0.039 0.005 0.017 0.065
38 L 0.044 0.024 0.014 0.015 0.016 0.016 0.02 0.021 0.01 0.114 0.382 0.025 0.049 0.054 0.014 0.024 0.033 0.007 0.022 0.095
39 G 0.051 0.021 0.023 0.022 0.012 0.015 0.021 0.187 0.014 0.061 0.152 0.025 0.026 0.183 0.014 0.033 0.029 0.011 0.046 0.055
40 C 0.071 0.026 0.031 0.029 0.146 0.02 0.031 0.043 0.015 0.045 0.072 0.033 0.019 0.145 0.019 0.108 0.05 0.009 0.039 0.05
41 C 0.06 0.025 0.024 0.023 0.174 0.018 0.025 0.032 0.011 0.07 0.17 0.03 0.028 0.033 0.019 0.052 0.108 0.006 0.017 0.074
42 L 0.048 0.026 0.016 0.017 0.016 0.02 0.023 0.023 0.012 0.13 0.281 0.028 0.087 0.05 0.015 0.029 0.037 0.007 0.022 0.113
43 L 0.042 0.02 0.015 0.017 0.014 0.013 0.019 0.022 0.012 0.161 0.208 0.022 0.036 0.163 0.013 0.025 0.033 0.01 0.043 0.113
44 G 0.161 0.031 0.039 0.037 0.016 0.026 0.039 0.219 0.016 0.03 0.043 0.044 0.014 0.019 0.026 0.121 0.053 0.005 0.015 0.045
45 G 0.082 0.044 0.036 0.032 0.172 0.023 0.033 0.177 0.014 0.031 0.046 0.04 0.014 0.019 0.021 0.106 0.049 0.005 0.014 0.041
46 G 0.059 0.051 0.031 0.03 0.012 0.029 0.038 0.193 0.015 0.053 0.151 0.115 0.025 0.029 0.02 0.043 0.034 0.006 0.017 0.051
47 A 0.136 0.033 0.124 0.045 0.016 0.026 0.038 0.057 0.019 0.072 0.084 0.042 0.02 0.026 0.022 0.072 0.049 0.005 0.018 0.095
48 A 0.137 0.135 0.027 0.026 0.016 0.03 0.038 0.045 0.015 0.076 0.078 0.063 0.021 0.025 0.022 0.054 0.044 0.006 0.018 0.125
49 G 0.138 0.027 0.029 0.027 0.014 0.022 0.031 0.206 0.025 0.035 0.052 0.036 0.015 0.056 0.021 0.055 0.036 0.013 0.118 0.046
50 D 0.068 0.081 0.053 0.162 0.012 0.036 0.066 0.049 0.019 0.033 0.042 0.095 0.014 0.018 0.025 0.109 0.052 0.005 0.015 0.046
51 L 0.051 0.023 0.015 0.016 0.017 0.016 0.021 0.022 0.009 0.137 0.3 0.025 0.043 0.048 0.015 0.026 0.038 0.007 0.022 0.15
52 D 0.064 0.038 0.149 0.178 0.011 0.032 0.064 0.059 0.023 0.025 0.033 0.05 0.012 0.018 0.024 0.116 0.055 0.004 0.015 0.031
53 L 0.062 0.138 0.034 0.03 0.014 0.032 0.04 0.037 0.017 0.058 0.159 0.065 0.027 0.031 0.021 0.084 0.069 0.006 0.019 0.059
54 H 0.042 0.142 0.038 0.029 0.008 0.036 0.044 0.032 0.144 0.03 0.051 0.065 0.016 0.059 0.018 0.039 0.03 0.014 0.133 0.033
55 L 0.055 0.026 0.017 0.018 0.017 0.02 0.024 0.024 0.011 0.126 0.235 0.029 0.083 0.046 0.015 0.031 0.041 0.007 0.022 0.154
56 L 0.051 0.022 0.015 0.016 0.016 0.015 0.021 0.023 0.01 0.14 0.229 0.024 0.038 0.103 0.014 0.027 0.038 0.008 0.032 0.158
57 L 0.043 0.023 0.014 0.015 0.041 0.015 0.02 0.023 0.011 0.105 0.297 0.024 0.041 0.053 0.013 0.025 0.032 0.089 0.029 0.087
58 A 0.185 0.027 0.02 0.023 0.019 0.021 0.031 0.052 0.012 0.093 0.178 0.035 0.03 0.035 0.023 0.058 0.043 0.006 0.019 0.089
59 G 0.14 0.024 0.026 0.027 0.016 0.019 0.028 0.204 0.012 0.113 0.084 0.034 0.021 0.027 0.021 0.053 0.039 0.006 0.016 0.089
60 L 0.046 0.024 0.014 0.015 0.016 0.016 0.02 0.021 0.01 0.126 0.356 0.025 0.047 0.053 0.014 0.025 0.034 0.007 0.022 0.11
61 F 0.04 0.02 0.016 0.016 0.013 0.012 0.02 0.024 0.014 0.085 0.175 0.021 0.031 0.278 0.012 0.026 0.03 0.013 0.066 0.088
62 Y 0.038 0.025 0.02 0.018 0.01 0.018 0.025 0.025 0.036 0.05 0.083 0.027 0.021 0.217 0.014 0.029 0.027 0.024 0.246 0.049
63 S 0.109 0.04 0.054 0.048 0.017 0.033 0.052 0.066 0.019 0.029 0.041 0.054 0.016 0.021 0.029 0.228 0.081 0.005 0.017 0.041
64 G 0.138 0.024 0.027 0.026 0.041 0.019 0.028 0.206 0.014 0.043 0.079 0.032 0.018 0.104 0.02 0.054 0.036 0.008 0.031 0.051
65 I 0.055 0.019 0.015 0.018 0.017 0.014 0.02 0.022 0.008 0.233 0.152 0.024 0.034 0.04 0.015 0.028 0.043 0.006 0.02 0.214
66 G 0.078 0.023 0.039 0.033 0.011 0.019 0.025 0.515 0.013 0.019 0.028 0.033 0.009 0.016 0.019 0.051 0.029 0.005 0.011 0.024
67 L 0.045 0.022 0.014 0.016 0.016 0.015 0.019 0.021 0.01 0.169 0.31 0.024 0.045 0.051 0.014 0.024 0.035 0.007 0.022 0.122
68 L 0.063 0.023 0.022 0.021 0.016 0.017 0.023 0.16 0.01 0.107 0.185 0.028 0.031 0.036 0.016 0.035 0.038 0.006 0.018 0.146
69 W 0.03 0.022 0.015 0.015 0.008 0.015 0.022 0.03 0.015 0.03 0.052 0.022 0.015 0.06 0.008 0.022 0.022 0.497 0.068 0.03
70 S 0.096 0.034 0.041 0.038 0.018 0.027 0.042 0.052 0.015 0.074 0.071 0.044 0.021 0.026 0.025 0.163 0.07 0.005 0.018 0.12
71 L 0.047 0.021 0.015 0.016 0.016 0.015 0.019 0.021 0.01 0.181 0.255 0.024 0.041 0.067 0.014 0.025 0.037 0.007 0.025 0.144
72 Y 0.04 0.028 0.022 0.019 0.009 0.022 0.028 0.025 0.046 0.043 0.068 0.031 0.019 0.13 0.015 0.031 0.028 0.028 0.325 0.046
73 G 0.078 0.023 0.039 0.033 0.011 0.019 0.025 0.515 0.013 0.019 0.028 0.033 0.009 0.016 0.019 0.051 0.029 0.005 0.011 0.024
74 A 0.191 0.037 0.032 0.05 0.016 0.038 0.128 0.059 0.018 0.037 0.052 0.054 0.016 0.02 0.028 0.075 0.068 0.005 0.017 0.056
75 L 0.059 0.022 0.015 0.017 0.016 0.016 0.021 0.024 0.012 0.161 0.274 0.026 0.041 0.053 0.015 0.028 0.036 0.008 0.038 0.118
76 R 0.048 0.242 0.031 0.026 0.011 0.037 0.042 0.029 0.018 0.062 0.116 0.088 0.024 0.026 0.018 0.039 0.037 0.006 0.019 0.082
77 G 0.076 0.024 0.055 0.036 0.011 0.02 0.027 0.49 0.014 0.019 0.028 0.034 0.009 0.016 0.019 0.052 0.03 0.005 0.011 0.024
78 N 0.042 0.044 0.324 0.082 0.009 0.033 0.049 0.065 0.031 0.022 0.031 0.053 0.011 0.018 0.02 0.069 0.049 0.004 0.016 0.027
79 P 0.135 0.027 0.023 0.029 0.015 0.022 0.036 0.048 0.013 0.041 0.082 0.04 0.017 0.02 0.288 0.055 0.04 0.004 0.015 0.05
80 G 0.078 0.023 0.039 0.033 0.011 0.019 0.025 0.515 0.013 0.019 0.028 0.033 0.009 0.016 0.019 0.051 0.029 0.005 0.011 0.024
81 A 0.211 0.03 0.024 0.026 0.017 0.024 0.036 0.06 0.025 0.043 0.062 0.04 0.018 0.057 0.025 0.066 0.042 0.013 0.12 0.061
82 L 0.044 0.024 0.014 0.015 0.016 0.016 0.02 0.021 0.01 0.114 0.382 0.025 0.049 0.054 0.014 0.024 0.033 0.007 0.022 0.095
83 R 0.069 0.155 0.045 0.042 0.011 0.101 0.069 0.046 0.024 0.026 0.045 0.088 0.017 0.017 0.024 0.109 0.052 0.006 0.018 0.036
84 V 0.063 0.025 0.018 0.018 0.018 0.02 0.025 0.026 0.011 0.142 0.151 0.029 0.077 0.039 0.016 0.034 0.046 0.006 0.022 0.215
85 L 0.066 0.029 0.027 0.026 0.016 0.022 0.031 0.036 0.013 0.086 0.268 0.035 0.038 0.043 0.019 0.092 0.049 0.006 0.02 0.077
86 T 0.072 0.035 0.043 0.037 0.018 0.027 0.039 0.043 0.014 0.053 0.064 0.045 0.02 0.023 0.027 0.092 0.254 0.006 0.018 0.07
87 V 0.069 0.022 0.016 0.018 0.019 0.016 0.023 0.024 0.008 0.163 0.129 0.026 0.031 0.035 0.016 0.033 0.049 0.005 0.02 0.276
88 L 0.049 0.029 0.018 0.018 0.016 0.024 0.025 0.026 0.014 0.104 0.257 0.032 0.129 0.05 0.015 0.032 0.038 0.008 0.023 0.093
89 V 0.062 0.02 0.016 0.018 0.018 0.015 0.021 0.023 0.008 0.201 0.141 0.025 0.033 0.038 0.016 0.03 0.046 0.006 0.02 0.242
90 V 0.053 0.02 0.016 0.017 0.016 0.014 0.021 0.024 0.011 0.14 0.142 0.023 0.031 0.157 0.014 0.029 0.039 0.009 0.043 0.181
91 Y 0.04 0.028 0.022 0.019 0.009 0.022 0.028 0.025 0.046 0.043 0.068 0.031 0.019 0.13 0.015 0.031 0.028 0.028 0.325 0.046
92 P 0.056 0.026 0.023 0.031 0.01 0.02 0.036 0.036 0.013 0.026 0.036 0.041 0.01 0.013 0.499 0.043 0.036 0.003 0.013 0.031
93 I 0.072 0.023 0.02 0.021 0.018 0.017 0.024 0.029 0.01 0.189 0.131 0.029 0.031 0.036 0.018 0.042 0.079 0.006 0.02 0.185
94 L 0.045 0.022 0.014 0.016 0.016 0.015 0.019 0.021 0.01 0.169 0.31 0.024 0.045 0.051 0.014 0.024 0.035 0.007 0.022 0.122
95 F 0.033 0.019 0.017 0.017 0.01 0.01 0.019 0.025 0.017 0.063 0.113 0.019 0.025 0.393 0.01 0.025 0.025 0.017 0.088 0.054
96 G 0.073 0.027 0.033 0.029 0.016 0.021 0.029 0.194 0.012 0.078 0.074 0.035 0.02 0.025 0.021 0.058 0.111 0.006 0.016 0.123
97 L 0.046 0.02 0.014 0.017 0.016 0.014 0.018 0.021 0.009 0.224 0.238 0.024 0.041 0.047 0.014 0.025 0.037 0.006 0.021 0.148
98 L 0.044 0.024 0.014 0.015 0.016 0.016 0.02 0.021 0.01 0.114 0.382 0.025 0.049 0.054 0.014 0.024 0.033 0.007 0.022 0.095
99 A 0.203 0.034 0.037 0.037 0.019 0.028 0.043 0.095 0.016 0.038 0.052 0.047 0.016 0.021 0.029 0.131 0.076 0.005 0.017 0.057
100 G 0.062 0.025 0.025 0.024 0.015 0.02 0.024 0.188 0.013 0.113 0.123 0.031 0.071 0.034 0.017 0.038 0.038 0.006 0.018 0.114
101 L 0.067 0.029 0.027 0.026 0.017 0.022 0.031 0.036 0.013 0.089 0.254 0.035 0.037 0.042 0.019 0.092 0.05 0.006 0.02 0.087
102 Y 0.04 0.028 0.022 0.019 0.009 0.022 0.028 0.025 0.046 0.043 0.068 0.031 0.019 0.13 0.015 0.031 0.028 0.028 0.325 0.046
103 R 0.051 0.208 0.04 0.038 0.008 0.088 0.069 0.038 0.024 0.025 0.045 0.168 0.016 0.016 0.023 0.05 0.038 0.006 0.018 0.032
104 G 0.07 0.032 0.039 0.052 0.01 0.034 0.118 0.355 0.017 0.02 0.031 0.047 0.01 0.016 0.021 0.052 0.032 0.005 0.013 0.026
105 R 0.051 0.151 0.061 0.101 0.008 0.099 0.072 0.093 0.024 0.023 0.04 0.084 0.015 0.016 0.021 0.051 0.037 0.005 0.016 0.03
106 L 0.045 0.024 0.014 0.015 0.016 0.016 0.02 0.021 0.01 0.116 0.374 0.025 0.05 0.055 0.014 0.024 0.033 0.007 0.022 0.096
107 S 0.085 0.041 0.143 0.059 0.015 0.033 0.05 0.064 0.023 0.028 0.039 0.053 0.014 0.02 0.026 0.167 0.08 0.005 0.017 0.038
108 E 0.066 0.049 0.073 0.098 0.008 0.074 0.226 0.042 0.026 0.024 0.038 0.071 0.013 0.017 0.025 0.058 0.039 0.005 0.017 0.033
109 G 0.143 0.034 0.035 0.051 0.013 0.036 0.123 0.209 0.018 0.028 0.041 0.051 0.013 0.018 0.025 0.063 0.038 0.005 0.015 0.041
110 L 0.044 0.024 0.014 0.015 0.016 0.016 0.02 0.021 0.01 0.114 0.382 0.025 0.049 0.054 0.014 0.024 0.033 0.007 0.022 0.095
111 G 0.056 0.031 0.037 0.082 0.009 0.031 0.095 0.193 0.028 0.028 0.043 0.043 0.013 0.054 0.02 0.045 0.031 0.013 0.117 0.033
112 K 0.052 0.188 0.04 0.038 0.008 0.051 0.064 0.039 0.021 0.026 0.044 0.23 0.015 0.016 0.025 0.05 0.038 0.005 0.017 0.032
113 L 0.044 0.024 0.014 0.015 0.016 0.016 0.02 0.021 0.01 0.114 0.382 0.025 0.049 0.054 0.014 0.024 0.033 0.007 0.022 0.095
114 F 0.038 0.022 0.017 0.017 0.012 0.014 0.021 0.025 0.015 0.077 0.171 0.023 0.053 0.279 0.012 0.027 0.029 0.014 0.066 0.067
115 I 0.049 0.02 0.016 0.017 0.015 0.014 0.02 0.024 0.012 0.164 0.14 0.023 0.039 0.158 0.014 0.028 0.037 0.009 0.043 0.158
116 Y 0.059 0.027 0.023 0.021 0.012 0.021 0.028 0.03 0.035 0.053 0.075 0.032 0.02 0.136 0.017 0.04 0.055 0.022 0.23 0.064
117 A 0.216 0.034 0.036 0.036 0.02 0.028 0.044 0.071 0.016 0.039 0.054 0.047 0.017 0.021 0.029 0.133 0.077 0.005 0.017 0.059
118 A 0.236 0.028 0.029 0.031 0.018 0.024 0.036 0.199 0.014 0.036 0.05 0.041 0.015 0.02 0.026 0.075 0.044 0.005 0.015 0.056
119 L 0.039 0.024 0.015 0.015 0.013 0.016 0.021 0.025 0.013 0.081 0.239 0.024 0.042 0.084 0.012 0.024 0.029 0.171 0.043 0.07
120 L 0.041 0.023 0.016 0.016 0.014 0.016 0.02 0.023 0.013 0.095 0.271 0.024 0.054 0.166 0.013 0.026 0.031 0.01 0.044 0.081
121 L 0.046 0.02 0.014 0.017 0.016 0.014 0.018 0.021 0.009 0.224 0.238 0.024 0.041 0.047 0.014 0.025 0.037 0.006 0.021 0.148
122 A 0.159 0.031 0.034 0.034 0.018 0.025 0.039 0.11 0.015 0.062 0.065 0.042 0.019 0.024 0.025 0.117 0.058 0.005 0.017 0.101
123 V 0.062 0.022 0.016 0.017 0.018 0.016 0.022 0.024 0.009 0.149 0.199 0.026 0.036 0.041 0.016 0.03 0.045 0.006 0.021 0.226
124 L 0.046 0.02 0.014 0.017 0.016 0.014 0.018 0.021 0.009 0.224 0.238 0.024 0.041 0.047 0.014 0.025 0.037 0.006 0.021 0.148
125 D 0.051 0.031 0.06 0.281 0.011 0.029 0.073 0.045 0.017 0.032 0.04 0.045 0.013 0.018 0.024 0.065 0.108 0.004 0.013 0.039
126 L 0.045 0.022 0.014 0.016 0.016 0.015 0.019 0.021 0.01 0.169 0.31 0.024 0.045 0.051 0.014 0.024 0.035 0.007 0.022 0.122
127 G 0.052 0.022 0.023 0.022 0.012 0.015 0.021 0.187 0.013 0.065 0.174 0.026 0.028 0.154 0.014 0.033 0.029 0.01 0.04 0.058
128 F 0.038 0.018 0.016 0.017 0.012 0.011 0.018 0.024 0.014 0.135 0.131 0.02 0.029 0.277 0.012 0.025 0.03 0.013 0.065 0.095
129 V 0.062 0.02 0.016 0.018 0.018 0.015 0.021 0.023 0.008 0.201 0.141 0.025 0.033 0.038 0.016 0.03 0.046 0.006 0.02 0.242
130 L 0.071 0.021 0.017 0.018 0.015 0.015 0.022 0.029 0.013 0.146 0.16 0.025 0.039 0.159 0.015 0.032 0.036 0.01 0.043 0.115
131 G 0.069 0.027 0.05 0.158 0.01 0.024 0.05 0.309 0.016 0.021 0.029 0.039 0.01 0.016 0.021 0.071 0.037 0.005 0.012 0.026
132 F 0.043 0.037 0.127 0.063 0.009 0.036 0.124 0.041 0.024 0.036 0.06 0.049 0.016 0.142 0.019 0.05 0.037 0.009 0.04 0.037
133 I 0.046 0.021 0.017 0.018 0.014 0.016 0.021 0.022 0.021 0.193 0.131 0.026 0.03 0.072 0.015 0.027 0.036 0.013 0.122 0.138
134 L 0.071 0.024 0.016 0.017 0.014 0.017 0.024 0.031 0.014 0.082 0.177 0.027 0.03 0.054 0.014 0.032 0.034 0.171 0.053 0.098
135 L 0.04 0.022 0.015 0.016 0.014 0.014 0.02 0.023 0.013 0.092 0.274 0.023 0.039 0.167 0.013 0.024 0.03 0.038 0.047 0.078
136 P 0.064 0.036 0.041 0.038 0.011 0.029 0.046 0.044 0.131 0.026 0.038 0.046 0.013 0.021 0.221 0.089 0.044 0.005 0.029 0.031
137 G 0.05 0.023 0.026 0.023 0.01 0.017 0.024 0.188 0.025 0.042 0.07 0.028 0.018 0.18 0.015 0.036 0.027 0.017 0.141 0.042
138 N 0.042 0.045 0.322 0.082 0.009 0.033 0.049 0.065 0.031 0.022 0.031 0.053 0.011 0.018 0.02 0.069 0.049 0.004 0.016 0.027
139 P 0.064 0.027 0.029 0.032 0.011 0.031 0.035 0.195 0.014 0.031 0.039 0.04 0.012 0.015 0.285 0.046 0.035 0.004 0.013 0.042
140 L 0.052 0.023 0.015 0.016 0.017 0.016 0.021 0.022 0.009 0.13 0.297 0.025 0.043 0.048 0.015 0.027 0.038 0.007 0.022 0.156
141 G 0.05 0.023 0.026 0.023 0.01 0.017 0.024 0.188 0.025 0.042 0.07 0.028 0.018 0.18 0.015 0.036 0.027 0.017 0.141 0.042
142 D 0.093 0.035 0.043 0.172 0.012 0.038 0.142 0.044 0.018 0.049 0.053 0.051 0.015 0.02 0.024 0.055 0.04 0.005 0.015 0.076
143 G 0.077 0.029 0.036 0.034 0.016 0.023 0.034 0.122 0.014 0.114 0.085 0.039 0.022 0.028 0.022 0.108 0.087 0.006 0.017 0.088
144 L 0.131 0.029 0.02 0.021 0.018 0.023 0.029 0.042 0.014 0.085 0.212 0.035 0.078 0.041 0.02 0.048 0.041 0.007 0.021 0.085
145 A 0.139 0.121 0.034 0.032 0.016 0.032 0.042 0.051 0.016 0.047 0.061 0.064 0.018 0.022 0.025 0.073 0.113 0.006 0.018 0.07
146 A 0.224 0.028 0.03 0.031 0.018 0.023 0.035 0.223 0.014 0.035 0.049 0.04 0.015 0.02 0.026 0.073 0.043 0.005 0.015 0.053
147 L 0.047 0.026 0.016 0.017 0.016 0.02 0.022 0.023 0.012 0.118 0.307 0.029 0.088 0.051 0.015 0.028 0.036 0.007 0.023 0.098
148 Y 0.04 0.028 0.022 0.019 0.009 0.022 0.028 0.025 0.046 0.043 0.068 0.031 0.019 0.13 0.015 0.031 0.028 0.028 0.325 0.046
149 D 0.041 0.03 0.069 0.396 0.008 0.03 0.092 0.047 0.019 0.022 0.028 0.045 0.009 0.015 0.022 0.052 0.036 0.004 0.011 0.024
150 G 0.103 0.024 0.028 0.027 0.014 0.019 0.026 0.277 0.012 0.055 0.151 0.032 0.024 0.03 0.019 0.047 0.034 0.006 0.016 0.055
151 D 0.041 0.03 0.068 0.403 0.007 0.03 0.09 0.046 0.019 0.022 0.028 0.044 0.009 0.015 0.022 0.052 0.035 0.004 0.011 0.024
152 A 0.157 0.039 0.04 0.053 0.016 0.039 0.118 0.061 0.019 0.032 0.046 0.056 0.015 0.02 0.028 0.132 0.058 0.005 0.017 0.047
153 A 0.221 0.028 0.022 0.025 0.021 0.022 0.034 0.06 0.012 0.083 0.082 0.038 0.022 0.026 0.025 0.067 0.049 0.005 0.018 0.137
154 V 0.069 0.022 0.016 0.018 0.019 0.016 0.023 0.024 0.008 0.163 0.129 0.026 0.031 0.035 0.016 0.033 0.049 0.005 0.02 0.276
155 V 0.069 0.022 0.016 0.018 0.019 0.016 0.023 0.024 0.008 0.163 0.129 0.026 0.031 0.035 0.016 0.033 0.049 0.005 0.02 0.276
156 D 0.041 0.03 0.068 0.403 0.007 0.03 0.09 0.046 0.019 0.022 0.028 0.044 0.009 0.015 0.022 0.052 0.035 0.004 0.011 0.024
157 N 0.042 0.04 0.225 0.062 0.009 0.03 0.043 0.052 0.054 0.028 0.042 0.047 0.013 0.05 0.019 0.057 0.042 0.011 0.104 0.032
158 G 0.161 0.031 0.039 0.037 0.016 0.026 0.039 0.219 0.016 0.03 0.043 0.044 0.014 0.019 0.026 0.121 0.053 0.005 0.015 0.045
159 G 0.126 0.031 0.041 0.038 0.016 0.025 0.038 0.24 0.015 0.035 0.044 0.043 0.014 0.02 0.025 0.124 0.054 0.005 0.015 0.052
160 G 0.064 0.133 0.054 0.035 0.01 0.029 0.035 0.329 0.018 0.02 0.034 0.063 0.011 0.017 0.019 0.05 0.032 0.005 0.013 0.026
161 Y 0.04 0.028 0.022 0.019 0.009 0.022 0.028 0.025 0.046 0.043 0.068 0.031 0.019 0.13 0.015 0.031 0.028 0.028 0.325 0.046
162 L 0.041 0.02 0.015 0.016 0.014 0.013 0.019 0.022 0.012 0.152 0.22 0.022 0.037 0.164 0.013 0.025 0.033 0.01 0.043 0.108
163 K 0.056 0.106 0.041 0.041 0.009 0.053 0.07 0.043 0.02 0.027 0.043 0.285 0.015 0.015 0.027 0.053 0.039 0.005 0.017 0.032
164 F 0.033 0.019 0.017 0.017 0.01 0.01 0.019 0.025 0.017 0.063 0.113 0.019 0.025 0.393 0.01 0.025 0.025 0.017 0.088 0.054
165 T 0.072 0.035 0.043 0.037 0.018 0.027 0.039 0.043 0.014 0.053 0.064 0.045 0.02 0.023 0.027 0.092 0.254 0.006 0.018 0.07
166 L 0.046 0.024 0.015 0.016 0.016 0.017 0.021 0.022 0.011 0.148 0.303 0.026 0.066 0.051 0.014 0.026 0.036 0.007 0.022 0.112
167 P 0.056 0.026 0.023 0.031 0.01 0.02 0.036 0.036 0.013 0.026 0.036 0.041 0.01 0.013 0.499 0.043 0.036 0.003 0.013 0.031
168 N 0.042 0.044 0.324 0.082 0.009 0.033 0.049 0.065 0.031 0.022 0.031 0.053 0.011 0.018 0.02 0.069 0.049 0.004 0.016 0.027
169 V 0.062 0.02 0.016 0.018 0.018 0.015 0.021 0.023 0.008 0.201 0.141 0.025 0.033 0.038 0.016 0.03 0.046 0.006 0.02 0.242
170 S 0.109 0.04 0.054 0.048 0.017 0.033 0.052 0.066 0.019 0.029 0.041 0.054 0.016 0.021 0.029 0.228 0.081 0.005 0.017 0.041
171 S 0.103 0.039 0.052 0.047 0.017 0.032 0.05 0.062 0.018 0.033 0.045 0.052 0.016 0.021 0.029 0.205 0.11 0.005 0.017 0.046
172 L 0.052 0.023 0.015 0.016 0.017 0.016 0.021 0.022 0.009 0.13 0.297 0.025 0.043 0.048 0.015 0.027 0.038 0.007 0.022 0.156
173 I 0.047 0.018 0.015 0.018 0.016 0.013 0.018 0.02 0.009 0.278 0.166 0.023 0.036 0.044 0.015 0.025 0.039 0.006 0.02 0.175
174 F 0.033 0.019 0.017 0.017 0.01 0.01 0.019 0.025 0.017 0.063 0.113 0.019 0.025 0.393 0.01 0.025 0.025 0.017 0.088 0.054
175 L 0.044 0.024 0.014 0.015 0.016 0.016 0.02 0.021 0.01 0.114 0.382 0.025 0.049 0.054 0.014 0.024 0.033 0.007 0.022 0.095
176 L 0.046 0.02 0.014 0.017 0.016 0.014 0.018 0.021 0.009 0.224 0.238 0.024 0.041 0.047 0.014 0.025 0.037 0.006 0.021 0.148
177 P 0.074 0.03 0.033 0.037 0.013 0.025 0.041 0.046 0.015 0.027 0.038 0.045 0.012 0.015 0.342 0.105 0.051 0.003 0.014 0.034
178 F 0.036 0.022 0.018 0.017 0.01 0.014 0.022 0.025 0.027 0.056 0.098 0.023 0.023 0.305 0.012 0.027 0.026 0.02 0.167 0.052
179 L 0.056 0.025 0.017 0.017 0.017 0.019 0.023 0.024 0.011 0.129 0.232 0.028 0.075 0.045 0.015 0.031 0.041 0.007 0.022 0.165
180 L 0.052 0.021 0.015 0.017 0.016 0.015 0.02 0.022 0.01 0.179 0.196 0.024 0.036 0.082 0.015 0.027 0.04 0.007 0.028 0.178
181 C 0.094 0.032 0.041 0.038 0.174 0.026 0.04 0.054 0.015 0.034 0.049 0.042 0.016 0.02 0.025 0.165 0.066 0.005 0.016 0.046
182 R 0.127 0.137 0.028 0.026 0.013 0.032 0.04 0.045 0.028 0.036 0.058 0.065 0.017 0.056 0.021 0.053 0.037 0.013 0.12 0.048
183 L 0.05 0.02 0.015 0.017 0.017 0.015 0.019 0.021 0.009 0.204 0.232 0.024 0.04 0.046 0.015 0.026 0.039 0.006 0.021 0.165
184 L 0.043 0.02 0.015 0.016 0.014 0.013 0.019 0.022 0.012 0.145 0.218 0.023 0.037 0.163 0.013 0.025 0.033 0.01 0.043 0.114
185 C 0.054 0.017 0.016 0.016 0.329 0.012 0.017 0.03 0.011 0.05 0.081 0.02 0.019 0.144 0.014 0.035 0.033 0.008 0.037 0.056
186 R 0.049 0.254 0.04 0.038 0.008 0.086 0.075 0.061 0.024 0.023 0.045 0.105 0.016 0.017 0.02 0.048 0.036 0.006 0.018 0.031
187 K 0.052 0.188 0.04 0.038 0.008 0.051 0.064 0.039 0.021 0.026 0.044 0.23 0.015 0.016 0.025 0.05 0.038 0.005 0.017 0.032
188 P 0.06 0.022 0.019 0.022 0.012 0.015 0.026 0.031 0.013 0.091 0.094 0.029 0.022 0.168 0.175 0.035 0.034 0.009 0.044 0.08
189 P 0.091 0.035 0.043 0.043 0.015 0.029 0.047 0.056 0.017 0.028 0.04 0.049 0.014 0.018 0.186 0.166 0.066 0.004 0.016 0.038
190 L 0.048 0.051 0.023 0.024 0.014 0.028 0.037 0.028 0.013 0.094 0.257 0.112 0.037 0.041 0.019 0.034 0.036 0.006 0.02 0.079
191 T 0.094 0.038 0.041 0.037 0.017 0.028 0.042 0.049 0.015 0.068 0.068 0.058 0.02 0.024 0.026 0.124 0.138 0.006 0.018 0.087
192 G 0.063 0.031 0.045 0.055 0.009 0.026 0.038 0.33 0.13 0.02 0.031 0.038 0.011 0.021 0.019 0.048 0.029 0.006 0.026 0.024
193 L 0.043 0.025 0.017 0.016 0.014 0.018 0.022 0.022 0.022 0.1 0.265 0.027 0.038 0.079 0.015 0.026 0.032 0.014 0.123 0.083
194 I 0.047 0.02 0.016 0.018 0.015 0.014 0.02 0.023 0.012 0.167 0.145 0.024 0.047 0.159 0.014 0.027 0.036 0.01 0.043 0.142
195 L 0.052 0.027 0.022 0.021 0.016 0.019 0.025 0.027 0.011 0.106 0.282 0.03 0.04 0.045 0.018 0.043 0.095 0.007 0.021 0.093
196 L 0.041 0.022 0.015 0.016 0.014 0.014 0.02 0.022 0.012 0.097 0.292 0.023 0.041 0.167 0.013 0.024 0.03 0.01 0.044 0.082
197 L 0.131 0.026 0.018 0.02 0.018 0.019 0.027 0.04 0.011 0.105 0.234 0.031 0.036 0.041 0.019 0.045 0.041 0.006 0.02 0.111
198 L 0.055 0.024 0.022 0.021 0.014 0.017 0.022 0.186 0.011 0.082 0.264 0.028 0.036 0.041 0.016 0.033 0.032 0.006 0.018 0.072
199 L 0.044 0.024 0.014 0.015 0.016 0.016 0.02 0.021 0.01 0.114 0.382 0.025 0.049 0.054 0.014 0.024 0.033 0.007 0.022 0.095
200 L 0.056 0.021 0.015 0.016 0.174 0.015 0.019 0.026 0.009 0.102 0.22 0.024 0.034 0.039 0.015 0.031 0.038 0.006 0.018 0.122
201 L 0.054 0.023 0.015 0.016 0.017 0.016 0.021 0.022 0.009 0.133 0.283 0.025 0.042 0.047 0.015 0.027 0.039 0.006 0.021 0.166
202 V 0.061 0.022 0.016 0.017 0.018 0.016 0.022 0.023 0.009 0.147 0.213 0.026 0.037 0.042 0.016 0.03 0.044 0.006 0.021 0.216
203 A 0.221 0.028 0.022 0.025 0.021 0.022 0.034 0.06 0.012 0.083 0.082 0.038 0.022 0.026 0.025 0.067 0.049 0.005 0.018 0.137
204 L 0.043 0.02 0.016 0.017 0.014 0.014 0.019 0.023 0.012 0.154 0.196 0.023 0.043 0.162 0.013 0.026 0.034 0.01 0.043 0.118
205 L 0.053 0.023 0.015 0.016 0.017 0.016 0.021 0.022 0.009 0.14 0.285 0.025 0.042 0.047 0.015 0.027 0.039 0.006 0.021 0.16
206 S 0.109 0.04 0.054 0.048 0.017 0.033 0.052 0.066 0.019 0.029 0.041 0.054 0.016 0.021 0.029 0.228 0.081 0.005 0.017 0.041
207 G 0.078 0.023 0.039 0.033 0.011 0.019 0.025 0.515 0.013 0.019 0.028 0.033 0.009 0.016 0.019 0.051 0.029 0.005 0.011 0.024
208 R 0.044 0.351 0.038 0.031 0.008 0.048 0.052 0.033 0.023 0.023 0.046 0.119 0.015 0.017 0.019 0.044 0.035 0.006 0.017 0.031
209 R 0.044 0.351 0.038 0.031 0.008 0.048 0.052 0.033 0.023 0.023 0.046 0.119 0.015 0.017 0.019 0.044 0.035 0.006 0.017 0.031
210 A 0.221 0.028 0.022 0.025 0.021 0.022 0.034 0.06 0.012 0.083 0.082 0.038 0.022 0.026 0.025 0.067 0.049 0.005 0.018 0.137
211 L 0.045 0.022 0.014 0.016 0.016 0.015 0.019 0.021 0.01 0.169 0.31 0.024 0.045 0.051 0.014 0.024 0.035 0.007 0.022 0.122
212 L 0.047 0.027 0.016 0.017 0.016 0.02 0.023 0.023 0.012 0.109 0.319 0.029 0.089 0.052 0.015 0.028 0.035 0.007 0.023 0.094
213 L 0.052 0.023 0.015 0.016 0.017 0.016 0.021 0.022 0.009 0.13 0.297 0.025 0.043 0.048 0.015 0.027 0.038 0.007 0.022 0.156
214 T 0.071 0.031 0.034 0.031 0.018 0.024 0.034 0.037 0.012 0.09 0.086 0.039 0.023 0.027 0.024 0.072 0.186 0.006 0.019 0.139
215 A 0.248 0.031 0.024 0.028 0.02 0.026 0.038 0.068 0.015 0.054 0.086 0.042 0.048 0.027 0.027 0.075 0.048 0.006 0.019 0.073
216 F 0.041 0.019 0.016 0.017 0.013 0.012 0.019 0.025 0.014 0.103 0.122 0.02 0.027 0.295 0.012 0.026 0.031 0.014 0.069 0.105
217 L 0.066 0.028 0.025 0.023 0.016 0.02 0.027 0.032 0.012 0.084 0.228 0.032 0.035 0.08 0.019 0.05 0.107 0.008 0.028 0.081
218 A 0.224 0.028 0.03 0.031 0.018 0.023 0.035 0.223 0.014 0.035 0.049 0.04 0.015 0.02 0.026 0.073 0.043 0.005 0.015 0.053
219 P 0.056 0.026 0.023 0.031 0.01 0.02 0.036 0.036 0.013 0.026 0.036 0.041 0.01 0.013 0.499 0.043 0.036 0.003 0.013 0.031
220 V 0.052 0.021 0.016 0.017 0.016 0.014 0.021 0.024 0.011 0.137 0.156 0.023 0.032 0.158 0.014 0.028 0.038 0.009 0.043 0.171
221 L 0.046 0.022 0.014 0.016 0.016 0.015 0.019 0.021 0.01 0.163 0.308 0.025 0.045 0.05 0.014 0.025 0.036 0.007 0.022 0.127
222 A 0.297 0.031 0.025 0.029 0.021 0.025 0.04 0.078 0.015 0.043 0.059 0.044 0.017 0.021 0.029 0.084 0.049 0.005 0.017 0.068
223 Y 0.049 0.025 0.02 0.018 0.013 0.019 0.026 0.025 0.032 0.084 0.091 0.029 0.023 0.113 0.015 0.031 0.035 0.02 0.21 0.123
224 C 0.061 0.021 0.019 0.019 0.147 0.015 0.022 0.03 0.011 0.091 0.114 0.025 0.025 0.12 0.016 0.049 0.041 0.008 0.035 0.13
225 L 0.047 0.023 0.016 0.017 0.016 0.018 0.021 0.022 0.011 0.175 0.256 0.027 0.071 0.049 0.015 0.027 0.037 0.007 0.022 0.125
226 T 0.08 0.036 0.045 0.04 0.018 0.029 0.042 0.048 0.015 0.048 0.059 0.047 0.019 0.023 0.028 0.122 0.216 0.006 0.018 0.064
227 L 0.065 0.031 0.029 0.028 0.015 0.025 0.034 0.04 0.016 0.064 0.136 0.037 0.071 0.061 0.019 0.096 0.049 0.089 0.032 0.063
228 G 0.077 0.025 0.048 0.156 0.01 0.023 0.048 0.334 0.015 0.021 0.03 0.038 0.01 0.016 0.02 0.053 0.032 0.005 0.011 0.027
229 A 0.213 0.138 0.03 0.03 0.017 0.033 0.044 0.063 0.017 0.036 0.055 0.069 0.017 0.02 0.026 0.071 0.044 0.005 0.017 0.056
230 L 0.046 0.026 0.035 0.149 0.012 0.022 0.048 0.033 0.014 0.068 0.156 0.036 0.024 0.029 0.151 0.039 0.035 0.005 0.016 0.058
231 R 0.075 0.159 0.044 0.041 0.012 0.038 0.061 0.126 0.02 0.025 0.041 0.077 0.014 0.018 0.023 0.117 0.052 0.005 0.016 0.034
232 G 0.049 0.047 0.126 0.044 0.01 0.022 0.032 0.175 0.021 0.035 0.058 0.04 0.016 0.142 0.016 0.048 0.035 0.009 0.038 0.035
233 R 0.049 0.138 0.135 0.053 0.009 0.1 0.066 0.073 0.027 0.024 0.04 0.083 0.015 0.016 0.021 0.057 0.041 0.005 0.017 0.03
234 W 0.051 0.05 0.027 0.024 0.009 0.019 0.026 0.232 0.015 0.025 0.042 0.035 0.013 0.038 0.013 0.036 0.026 0.251 0.04 0.028
235 K 0.052 0.079 0.032 0.032 0.011 0.041 0.054 0.036 0.017 0.052 0.137 0.198 0.025 0.029 0.023 0.043 0.037 0.033 0.021 0.05
236 V 0.138 0.023 0.019 0.022 0.019 0.018 0.027 0.041 0.01 0.161 0.118 0.031 0.028 0.033 0.02 0.047 0.046 0.006 0.019 0.173
237 I 0.047 0.02 0.016 0.017 0.015 0.014 0.02 0.023 0.012 0.162 0.154 0.023 0.04 0.159 0.014 0.027 0.036 0.01 0.043 0.148
238 C 0.07 0.025 0.029 0.027 0.173 0.019 0.029 0.041 0.014 0.051 0.103 0.032 0.022 0.107 0.019 0.098 0.048 0.008 0.032 0.055
239 R 0.048 0.27 0.039 0.034 0.008 0.05 0.058 0.036 0.022 0.024 0.045 0.174 0.015 0.017 0.022 0.047 0.036 0.006 0.017 0.031
240 V 0.057 0.021 0.016 0.017 0.016 0.014 0.022 0.025 0.011 0.13 0.124 0.023 0.029 0.155 0.014 0.03 0.041 0.009 0.043 0.202
241 L 0.074 0.028 0.025 0.024 0.016 0.02 0.028 0.062 0.012 0.086 0.268 0.033 0.038 0.043 0.019 0.074 0.044 0.006 0.02 0.078
242 L 0.044 0.023 0.014 0.015 0.016 0.015 0.02 0.021 0.01 0.13 0.343 0.025 0.046 0.072 0.014 0.024 0.033 0.007 0.026 0.102
243 F 0.046 0.022 0.023 0.022 0.012 0.014 0.024 0.032 0.017 0.058 0.102 0.025 0.024 0.328 0.014 0.058 0.035 0.015 0.077 0.053
244 V 0.095 0.023 0.017 0.019 0.019 0.017 0.025 0.03 0.009 0.15 0.121 0.028 0.03 0.034 0.018 0.038 0.049 0.005 0.02 0.253
245 F 0.05 0.021 0.025 0.023 0.011 0.014 0.022 0.163 0.016 0.049 0.085 0.025 0.02 0.268 0.014 0.044 0.029 0.013 0.063 0.045
246 V 0.063 0.02 0.019 0.02 0.017 0.016 0.022 0.105 0.009 0.177 0.125 0.026 0.029 0.035 0.016 0.033 0.042 0.006 0.019 0.2
247 L 0.112 0.025 0.02 0.021 0.018 0.019 0.027 0.063 0.011 0.106 0.188 0.031 0.032 0.037 0.019 0.046 0.054 0.006 0.02 0.144
248 I 0.042 0.018 0.015 0.017 0.014 0.012 0.018 0.022 0.011 0.197 0.16 0.022 0.033 0.161 0.013 0.025 0.034 0.01 0.043 0.13
249 G 0.104 0.027 0.029 0.028 0.015 0.023 0.029 0.226 0.014 0.056 0.117 0.036 0.056 0.03 0.02 0.053 0.054 0.006 0.017 0.06
250 L 0.047 0.027 0.016 0.017 0.016 0.02 0.023 0.023 0.012 0.109 0.319 0.029 0.089 0.052 0.015 0.028 0.035 0.007 0.023 0.094
251 G 0.184 0.027 0.032 0.032 0.016 0.022 0.033 0.294 0.014 0.031 0.044 0.039 0.013 0.019 0.024 0.068 0.04 0.005 0.014 0.047
252 F 0.126 0.022 0.019 0.021 0.016 0.016 0.025 0.041 0.013 0.128 0.113 0.029 0.026 0.153 0.018 0.045 0.038 0.009 0.042 0.099
253 L 0.049 0.025 0.017 0.017 0.014 0.019 0.024 0.023 0.022 0.101 0.211 0.028 0.042 0.075 0.015 0.029 0.035 0.014 0.123 0.119
254 L 0.045 0.02 0.015 0.017 0.015 0.014 0.019 0.022 0.011 0.163 0.222 0.023 0.038 0.124 0.014 0.025 0.035 0.009 0.036 0.133
255 F 0.054 0.021 0.018 0.018 0.013 0.014 0.021 0.028 0.016 0.077 0.121 0.023 0.041 0.294 0.013 0.03 0.031 0.014 0.069 0.084
256 Y 0.04 0.028 0.022 0.019 0.009 0.022 0.028 0.025 0.046 0.043 0.068 0.031 0.019 0.13 0.015 0.031 0.028 0.028 0.325 0.046
257 N 0.066 0.034 0.131 0.049 0.014 0.026 0.039 0.05 0.02 0.11 0.08 0.043 0.021 0.027 0.021 0.107 0.057 0.005 0.018 0.081
258 L 0.138 0.03 0.027 0.027 0.018 0.023 0.033 0.047 0.013 0.07 0.168 0.038 0.029 0.033 0.024 0.067 0.112 0.006 0.019 0.078
259 Y 0.037 0.026 0.019 0.017 0.009 0.019 0.026 0.026 0.036 0.039 0.063 0.028 0.017 0.106 0.013 0.028 0.026 0.184 0.239 0.041
260 P 0.056 0.026 0.023 0.031 0.01 0.02 0.036 0.036 0.013 0.026 0.036 0.041 0.01 0.013 0.499 0.043 0.036 0.003 0.013 0.031
261 D 0.045 0.036 0.06 0.307 0.007 0.04 0.156 0.043 0.021 0.022 0.03 0.054 0.01 0.015 0.023 0.053 0.035 0.004 0.013 0.026
262 Y 0.04 0.028 0.022 0.019 0.009 0.022 0.028 0.025 0.046 0.043 0.068 0.031 0.019 0.13 0.015 0.031 0.028 0.028 0.325 0.046
263 V 0.051 0.02 0.016 0.017 0.015 0.014 0.02 0.024 0.011 0.162 0.134 0.023 0.031 0.157 0.014 0.028 0.038 0.009 0.043 0.174
264 E 0.047 0.032 0.042 0.045 0.011 0.034 0.117 0.029 0.026 0.113 0.088 0.044 0.022 0.057 0.019 0.039 0.036 0.012 0.103 0.083
265 D 0.046 0.042 0.144 0.189 0.008 0.051 0.136 0.049 0.025 0.022 0.032 0.058 0.011 0.016 0.022 0.058 0.04 0.005 0.015 0.027
266 R 0.044 0.242 0.03 0.025 0.01 0.037 0.041 0.029 0.019 0.053 0.158 0.088 0.027 0.03 0.017 0.037 0.034 0.006 0.019 0.052
267 V 0.057 0.021 0.016 0.017 0.016 0.014 0.022 0.025 0.011 0.13 0.124 0.023 0.029 0.155 0.014 0.03 0.041 0.009 0.043 0.202
268 L 0.075 0.033 0.037 0.034 0.017 0.025 0.037 0.043 0.014 0.065 0.163 0.041 0.028 0.033 0.024 0.114 0.123 0.006 0.019 0.069
269 S 0.087 0.041 0.144 0.06 0.015 0.033 0.051 0.065 0.023 0.027 0.038 0.053 0.014 0.02 0.026 0.175 0.07 0.005 0.017 0.037
270 I 0.047 0.018 0.015 0.018 0.016 0.013 0.018 0.02 0.009 0.278 0.166 0.023 0.036 0.044 0.015 0.025 0.039 0.006 0.02 0.175
271 L 0.066 0.029 0.031 0.029 0.015 0.021 0.032 0.04 0.016 0.063 0.156 0.034 0.028 0.154 0.019 0.106 0.05 0.01 0.042 0.06
272 N 0.044 0.041 0.217 0.169 0.008 0.036 0.094 0.056 0.027 0.022 0.031 0.054 0.011 0.017 0.021 0.063 0.044 0.004 0.014 0.027
273 F 0.033 0.019 0.017 0.017 0.011 0.011 0.019 0.025 0.017 0.063 0.113 0.019 0.025 0.392 0.011 0.025 0.025 0.017 0.088 0.055
274 G 0.081 0.033 0.051 0.117 0.012 0.03 0.068 0.209 0.017 0.024 0.034 0.046 0.012 0.018 0.024 0.122 0.052 0.005 0.014 0.032
275 D 0.115 0.032 0.052 0.184 0.013 0.028 0.061 0.12 0.017 0.028 0.038 0.045 0.013 0.018 0.025 0.105 0.05 0.005 0.014 0.038
276 N 0.047 0.038 0.217 0.161 0.009 0.03 0.057 0.12 0.025 0.022 0.03 0.048 0.01 0.017 0.02 0.062 0.043 0.004 0.014 0.026
277 D 0.149 0.031 0.046 0.18 0.015 0.027 0.06 0.058 0.016 0.037 0.048 0.044 0.015 0.019 0.026 0.073 0.084 0.005 0.015 0.051
278 S 0.109 0.04 0.054 0.048 0.017 0.033 0.052 0.066 0.019 0.029 0.042 0.054 0.016 0.021 0.029 0.227 0.081 0.005 0.017 0.042
279 N 0.042 0.044 0.323 0.082 0.009 0.033 0.049 0.065 0.031 0.022 0.031 0.053 0.011 0.018 0.02 0.069 0.049 0.004 0.016 0.027
280 L 0.061 0.028 0.025 0.024 0.016 0.021 0.029 0.033 0.012 0.092 0.291 0.033 0.04 0.045 0.018 0.078 0.046 0.007 0.021 0.081
281 E 0.055 0.049 0.04 0.089 0.007 0.064 0.303 0.035 0.026 0.022 0.036 0.075 0.013 0.016 0.026 0.055 0.036 0.005 0.016 0.031
282 R 0.044 0.351 0.038 0.031 0.008 0.048 0.052 0.033 0.023 0.023 0.046 0.119 0.015 0.017 0.019 0.044 0.035 0.006 0.017 0.031
283 R 0.108 0.163 0.037 0.035 0.012 0.042 0.054 0.047 0.019 0.032 0.05 0.15 0.016 0.018 0.025 0.061 0.064 0.005 0.017 0.044
284 Y 0.046 0.028 0.023 0.02 0.011 0.022 0.028 0.026 0.038 0.055 0.088 0.032 0.021 0.108 0.017 0.037 0.054 0.023 0.257 0.064
285 Q 0.055 0.073 0.044 0.047 0.009 0.222 0.102 0.041 0.029 0.026 0.047 0.09 0.02 0.015 0.023 0.055 0.041 0.006 0.02 0.035
286 F 0.034 0.019 0.017 0.017 0.011 0.011 0.019 0.025 0.016 0.066 0.128 0.019 0.026 0.374 0.011 0.025 0.026 0.016 0.084 0.057
287 D 0.077 0.052 0.045 0.173 0.01 0.039 0.142 0.068 0.019 0.053 0.051 0.056 0.015 0.019 0.023 0.053 0.037 0.005 0.015 0.048
288 A 0.276 0.032 0.028 0.032 0.021 0.026 0.041 0.076 0.015 0.041 0.057 0.045 0.017 0.021 0.029 0.1 0.053 0.005 0.017 0.065
289 L 0.044 0.024 0.014 0.015 0.016 0.016 0.02 0.021 0.01 0.114 0.382 0.025 0.049 0.054 0.014 0.024 0.033 0.007 0.022 0.095
290 L 0.054 0.031 0.02 0.02 0.016 0.027 0.027 0.027 0.015 0.106 0.188 0.035 0.154 0.046 0.016 0.035 0.041 0.008 0.023 0.112
291 D 0.131 0.055 0.045 0.158 0.012 0.036 0.067 0.055 0.018 0.031 0.043 0.125 0.014 0.017 0.026 0.063 0.041 0.005 0.015 0.042
292 G 0.078 0.023 0.039 0.033 0.011 0.019 0.025 0.515 0.013 0.019 0.028 0.033 0.009 0.016 0.019 0.051 0.029 0.005 0.011 0.024
293 V 0.05 0.019 0.016 0.017 0.015 0.013 0.02 0.023 0.011 0.168 0.136 0.023 0.031 0.157 0.014 0.027 0.038 0.009 0.043 0.169
294 Y 0.042 0.027 0.02 0.018 0.011 0.02 0.026 0.024 0.038 0.062 0.124 0.03 0.024 0.112 0.015 0.03 0.03 0.023 0.257 0.067
295 E 0.095 0.056 0.04 0.08 0.01 0.108 0.168 0.045 0.024 0.027 0.043 0.085 0.016 0.016 0.025 0.06 0.04 0.005 0.018 0.038
296 H 0.046 0.054 0.048 0.04 0.008 0.098 0.068 0.038 0.233 0.025 0.042 0.06 0.017 0.031 0.02 0.046 0.031 0.008 0.059 0.028
297 P 0.056 0.026 0.023 0.031 0.01 0.02 0.036 0.036 0.013 0.026 0.036 0.041 0.01 0.013 0.499 0.043 0.036 0.003 0.013 0.031
298 F 0.038 0.021 0.016 0.016 0.013 0.013 0.019 0.024 0.014 0.083 0.218 0.021 0.034 0.261 0.012 0.025 0.028 0.013 0.062 0.07
299 F 0.032 0.02 0.016 0.016 0.01 0.012 0.02 0.027 0.016 0.052 0.093 0.02 0.022 0.282 0.01 0.024 0.024 0.177 0.081 0.046
300 G 0.078 0.023 0.039 0.033 0.011 0.019 0.025 0.515 0.013 0.019 0.028 0.033 0.009 0.016 0.019 0.051 0.029 0.005 0.011 0.024
301 N 0.089 0.038 0.129 0.048 0.015 0.031 0.042 0.054 0.022 0.052 0.091 0.047 0.065 0.029 0.022 0.095 0.053 0.006 0.019 0.056
302 G 0.078 0.023 0.039 0.033 0.011 0.019 0.025 0.515 0.013 0.019 0.028 0.033 0.009 0.016 0.019 0.051 0.029 0.005 0.011 0.024
303 A 0.297 0.031 0.025 0.029 0.021 0.025 0.04 0.078 0.015 0.043 0.059 0.044 0.017 0.021 0.029 0.084 0.049 0.005 0.017 0.068
304 G 0.078 0.023 0.039 0.033 0.011 0.019 0.025 0.515 0.013 0.019 0.028 0.033 0.009 0.016 0.019 0.051 0.029 0.005 0.011 0.024
305 A 0.297 0.031 0.025 0.029 0.021 0.025 0.04 0.078 0.015 0.043 0.059 0.044 0.017 0.021 0.029 0.084 0.049 0.005 0.017 0.068
306 V 0.138 0.023 0.019 0.022 0.019 0.018 0.027 0.041 0.01 0.161 0.118 0.031 0.028 0.033 0.02 0.047 0.046 0.006 0.019 0.173
307 A 0.297 0.031 0.025 0.029 0.021 0.025 0.04 0.078 0.015 0.043 0.059 0.044 0.017 0.021 0.029 0.084 0.049 0.005 0.017 0.068
308 D 0.075 0.035 0.061 0.226 0.012 0.031 0.071 0.056 0.019 0.026 0.035 0.049 0.012 0.018 0.026 0.14 0.058 0.004 0.014 0.033
309 Y 0.04 0.028 0.022 0.019 0.009 0.022 0.028 0.025 0.046 0.043 0.068 0.031 0.019 0.13 0.015 0.031 0.028 0.028 0.325 0.046
310 L 0.047 0.02 0.014 0.017 0.016 0.014 0.019 0.021 0.009 0.217 0.236 0.024 0.04 0.047 0.014 0.025 0.038 0.006 0.021 0.154
311 R 0.044 0.351 0.038 0.031 0.008 0.048 0.052 0.033 0.023 0.023 0.046 0.119 0.015 0.017 0.019 0.044 0.035 0.006 0.017 0.031
312 S 0.109 0.04 0.054 0.048 0.017 0.033 0.052 0.066 0.019 0.029 0.041 0.054 0.016 0.021 0.029 0.228 0.081 0.005 0.017 0.041
313 E 0.05 0.043 0.05 0.194 0.007 0.052 0.232 0.038 0.023 0.022 0.034 0.065 0.012 0.016 0.024 0.054 0.036 0.005 0.015 0.029
314 E 0.073 0.046 0.045 0.076 0.011 0.054 0.22 0.045 0.023 0.024 0.038 0.068 0.014 0.018 0.027 0.112 0.051 0.005 0.017 0.034
315 L 0.053 0.045 0.028 0.029 0.014 0.093 0.053 0.032 0.02 0.075 0.145 0.054 0.119 0.037 0.018 0.042 0.04 0.007 0.023 0.073
316 P 0.056 0.026 0.023 0.031 0.01 0.02 0.036 0.036 0.013 0.026 0.036 0.041 0.01 0.013 0.499 0.043 0.036 0.003 0.013 0.031
317 W 0.03 0.022 0.015 0.015 0.008 0.015 0.022 0.03 0.015 0.03 0.052 0.022 0.015 0.06 0.008 0.022 0.022 0.497 0.068 0.03
318 A 0.297 0.031 0.025 0.029 0.021 0.025 0.04 0.078 0.015 0.043 0.059 0.044 0.017 0.021 0.029 0.084 0.049 0.005 0.017 0.068
319 Y 0.04 0.028 0.022 0.019 0.009 0.022 0.028 0.025 0.046 0.043 0.068 0.031 0.019 0.13 0.015 0.031 0.028 0.028 0.325 0.046
