#Seq2Logo.py -f /work3/idamei/ssn-clusterings/clustering/2205171701/clusters/0020_13/sequences.afa -o /work3/idamei/ssn-clusterings/clustering/2205171701/clusters/0020_13/sequences.logo
#Position Specific Frequency Matrix
A R N D C Q E G H I L K M F P S T W Y V
0 L 0.052 0.032 0.02 0.02 0.016 0.028 0.028 0.028 0.016 0.1 0.197 0.036 0.161 0.048 0.016 0.036 0.04 0.008 0.024 0.092
1 K 0.057 0.107 0.042 0.042 0.009 0.054 0.071 0.043 0.021 0.028 0.043 0.278 0.016 0.016 0.028 0.054 0.04 0.005 0.017 0.033
2 L 0.045 0.024 0.014 0.015 0.016 0.016 0.02 0.021 0.01 0.115 0.375 0.025 0.05 0.055 0.014 0.024 0.033 0.007 0.022 0.096
3 G 0.078 0.023 0.039 0.034 0.011 0.019 0.026 0.51 0.014 0.019 0.028 0.034 0.009 0.016 0.019 0.051 0.03 0.005 0.011 0.024
4 L 0.045 0.024 0.014 0.015 0.016 0.016 0.02 0.021 0.01 0.115 0.375 0.025 0.05 0.055 0.014 0.024 0.033 0.007 0.022 0.096
5 N 0.043 0.045 0.317 0.083 0.009 0.034 0.049 0.065 0.032 0.022 0.032 0.054 0.011 0.018 0.02 0.07 0.049 0.004 0.016 0.027
6 R 0.045 0.345 0.039 0.031 0.008 0.048 0.052 0.033 0.023 0.023 0.047 0.12 0.016 0.017 0.019 0.045 0.035 0.006 0.017 0.031
7 P 0.057 0.026 0.023 0.031 0.01 0.021 0.036 0.036 0.013 0.026 0.036 0.041 0.01 0.013 0.494 0.044 0.036 0.003 0.013 0.031
8 L 0.049 0.031 0.02 0.019 0.015 0.026 0.027 0.027 0.02 0.089 0.172 0.034 0.156 0.06 0.016 0.034 0.037 0.011 0.073 0.083
9 K 0.051 0.079 0.032 0.033 0.01 0.041 0.054 0.037 0.018 0.047 0.119 0.197 0.023 0.029 0.022 0.043 0.036 0.06 0.024 0.046
10 K 0.053 0.077 0.032 0.033 0.011 0.04 0.053 0.035 0.017 0.11 0.084 0.196 0.022 0.025 0.023 0.044 0.04 0.005 0.018 0.08
11 H 0.042 0.046 0.053 0.038 0.008 0.038 0.053 0.038 0.355 0.023 0.038 0.046 0.015 0.03 0.019 0.042 0.027 0.008 0.057 0.023
12 I 0.047 0.018 0.015 0.018 0.016 0.013 0.018 0.021 0.009 0.271 0.168 0.024 0.037 0.044 0.015 0.025 0.04 0.006 0.021 0.177
13 I 0.047 0.018 0.015 0.018 0.016 0.013 0.018 0.021 0.009 0.271 0.168 0.024 0.037 0.044 0.015 0.025 0.04 0.006 0.021 0.177
14 V 0.07 0.022 0.016 0.018 0.019 0.016 0.023 0.025 0.008 0.165 0.13 0.026 0.032 0.036 0.016 0.033 0.049 0.006 0.021 0.269
15 F 0.034 0.019 0.017 0.017 0.011 0.011 0.019 0.025 0.017 0.063 0.114 0.019 0.025 0.387 0.011 0.025 0.025 0.017 0.089 0.055
16 E 0.055 0.05 0.04 0.09 0.007 0.064 0.296 0.035 0.026 0.022 0.037 0.076 0.013 0.017 0.026 0.055 0.037 0.006 0.017 0.031
17 I 0.047 0.018 0.015 0.018 0.016 0.013 0.018 0.021 0.009 0.271 0.168 0.024 0.037 0.044 0.015 0.025 0.04 0.006 0.021 0.177
18 F 0.034 0.019 0.017 0.017 0.011 0.011 0.019 0.025 0.017 0.063 0.114 0.019 0.025 0.387 0.011 0.025 0.025 0.017 0.089 0.055
19 L 0.045 0.024 0.014 0.015 0.016 0.016 0.02 0.021 0.01 0.115 0.375 0.025 0.05 0.055 0.014 0.024 0.033 0.007 0.022 0.096
20 I 0.047 0.018 0.015 0.018 0.016 0.013 0.018 0.021 0.009 0.271 0.168 0.024 0.037 0.044 0.015 0.025 0.04 0.006 0.021 0.177
21 E 0.055 0.05 0.04 0.09 0.007 0.064 0.296 0.035 0.026 0.022 0.037 0.076 0.013 0.017 0.026 0.055 0.037 0.006 0.017 0.031
22 N 0.043 0.045 0.317 0.083 0.009 0.034 0.049 0.065 0.032 0.022 0.032 0.054 0.011 0.018 0.02 0.07 0.049 0.004 0.016 0.027
23 F 0.034 0.019 0.017 0.017 0.011 0.011 0.019 0.025 0.017 0.063 0.114 0.019 0.025 0.387 0.011 0.025 0.025 0.017 0.089 0.055
24 V 0.07 0.022 0.016 0.018 0.019 0.016 0.023 0.025 0.008 0.165 0.13 0.026 0.032 0.036 0.016 0.033 0.049 0.006 0.021 0.269
25 K 0.057 0.107 0.042 0.042 0.009 0.054 0.071 0.043 0.021 0.028 0.043 0.278 0.016 0.016 0.028 0.054 0.04 0.005 0.017 0.033
26 N 0.077 0.071 0.164 0.058 0.01 0.041 0.058 0.056 0.025 0.027 0.04 0.155 0.014 0.017 0.024 0.064 0.045 0.005 0.016 0.034
27 L 0.047 0.025 0.016 0.018 0.016 0.02 0.022 0.023 0.012 0.162 0.221 0.029 0.114 0.046 0.015 0.029 0.037 0.007 0.022 0.119
28 K 0.059 0.069 0.071 0.042 0.012 0.039 0.054 0.044 0.018 0.036 0.049 0.177 0.016 0.018 0.026 0.068 0.135 0.005 0.017 0.045
29 L 0.048 0.02 0.014 0.016 0.016 0.014 0.019 0.021 0.009 0.2 0.251 0.024 0.039 0.045 0.014 0.025 0.037 0.006 0.02 0.161
30 N 0.06 0.042 0.258 0.07 0.011 0.032 0.048 0.063 0.027 0.024 0.033 0.052 0.012 0.018 0.022 0.123 0.057 0.005 0.016 0.03
31 P 0.054 0.025 0.022 0.03 0.01 0.02 0.035 0.035 0.012 0.025 0.035 0.04 0.01 0.012 0.515 0.042 0.035 0.002 0.012 0.03
32 F 0.046 0.019 0.016 0.017 0.013 0.012 0.02 0.024 0.013 0.099 0.115 0.021 0.027 0.262 0.012 0.027 0.033 0.012 0.059 0.152
33 Y 0.073 0.024 0.019 0.018 0.013 0.018 0.025 0.029 0.028 0.084 0.096 0.028 0.023 0.117 0.016 0.034 0.034 0.017 0.19 0.113
34 L 0.054 0.025 0.022 0.021 0.015 0.018 0.025 0.029 0.012 0.108 0.276 0.029 0.037 0.081 0.016 0.069 0.041 0.007 0.027 0.085
35 L 0.071 0.023 0.015 0.016 0.016 0.016 0.021 0.026 0.01 0.123 0.344 0.026 0.043 0.048 0.015 0.029 0.034 0.007 0.021 0.097
36 F 0.07 0.023 0.019 0.019 0.014 0.016 0.023 0.03 0.014 0.095 0.171 0.026 0.046 0.189 0.015 0.037 0.056 0.01 0.046 0.079
37 L 0.095 0.023 0.021 0.021 0.089 0.017 0.025 0.036 0.014 0.075 0.146 0.028 0.026 0.113 0.017 0.059 0.04 0.009 0.048 0.098
38 L 0.041 0.022 0.014 0.015 0.014 0.014 0.019 0.021 0.011 0.1 0.344 0.023 0.043 0.125 0.013 0.023 0.03 0.009 0.034 0.084
39 Y 0.039 0.027 0.021 0.018 0.009 0.021 0.027 0.024 0.045 0.042 0.066 0.03 0.018 0.125 0.015 0.03 0.027 0.027 0.347 0.045
40 L 0.087 0.027 0.026 0.025 0.016 0.02 0.029 0.037 0.013 0.078 0.19 0.033 0.03 0.092 0.019 0.083 0.068 0.007 0.029 0.092
41 I 0.053 0.022 0.022 0.022 0.014 0.016 0.024 0.03 0.013 0.156 0.145 0.027 0.029 0.15 0.016 0.07 0.041 0.009 0.039 0.101
42 A 0.199 0.028 0.027 0.029 0.019 0.023 0.036 0.057 0.013 0.088 0.077 0.039 0.021 0.025 0.024 0.1 0.053 0.005 0.018 0.118
43 N 0.041 0.043 0.346 0.08 0.009 0.032 0.047 0.062 0.03 0.022 0.03 0.052 0.011 0.017 0.019 0.067 0.047 0.004 0.015 0.026
44 F 0.046 0.022 0.022 0.021 0.013 0.015 0.023 0.029 0.015 0.086 0.132 0.025 0.026 0.262 0.014 0.054 0.057 0.012 0.058 0.068
45 L 0.043 0.02 0.015 0.016 0.014 0.014 0.02 0.022 0.014 0.172 0.18 0.023 0.032 0.09 0.013 0.025 0.034 0.06 0.064 0.129
46 F 0.162 0.027 0.027 0.027 0.016 0.02 0.033 0.052 0.016 0.046 0.074 0.035 0.019 0.178 0.021 0.093 0.045 0.01 0.044 0.055
47 L 0.157 0.027 0.02 0.021 0.017 0.021 0.029 0.044 0.013 0.08 0.164 0.033 0.061 0.073 0.02 0.05 0.04 0.007 0.026 0.098
48 L 0.075 0.027 0.019 0.02 0.015 0.039 0.03 0.029 0.016 0.131 0.165 0.032 0.03 0.083 0.016 0.035 0.037 0.009 0.059 0.132
49 L 0.047 0.038 0.023 0.025 0.013 0.06 0.038 0.027 0.015 0.136 0.174 0.064 0.039 0.073 0.017 0.035 0.048 0.007 0.026 0.094
50 G 0.145 0.024 0.031 0.029 0.014 0.02 0.028 0.343 0.013 0.034 0.074 0.035 0.015 0.021 0.021 0.056 0.035 0.005 0.013 0.043
51 I 0.05 0.019 0.018 0.02 0.064 0.014 0.02 0.026 0.011 0.201 0.128 0.024 0.029 0.112 0.015 0.048 0.039 0.008 0.032 0.121
52 N 0.095 0.044 0.147 0.053 0.014 0.032 0.047 0.058 0.021 0.04 0.047 0.074 0.015 0.02 0.024 0.128 0.057 0.005 0.016 0.063
53 N 0.055 0.07 0.171 0.152 0.01 0.032 0.057 0.079 0.023 0.023 0.033 0.055 0.011 0.017 0.022 0.097 0.048 0.004 0.014 0.028
54 G 0.061 0.037 0.146 0.05 0.01 0.026 0.037 0.318 0.02 0.02 0.03 0.067 0.01 0.016 0.019 0.055 0.036 0.005 0.013 0.025
55 G 0.061 0.065 0.036 0.047 0.009 0.034 0.118 0.281 0.021 0.022 0.035 0.052 0.011 0.027 0.02 0.048 0.031 0.007 0.046 0.028
56 L 0.05 0.025 0.017 0.017 0.016 0.019 0.023 0.024 0.012 0.128 0.208 0.028 0.1 0.081 0.014 0.03 0.037 0.008 0.028 0.136
57 L 0.059 0.032 0.029 0.07 0.014 0.048 0.07 0.032 0.015 0.089 0.151 0.041 0.044 0.032 0.019 0.059 0.043 0.006 0.019 0.13
58 L 0.051 0.02 0.014 0.016 0.016 0.014 0.019 0.021 0.009 0.201 0.222 0.024 0.037 0.043 0.014 0.026 0.039 0.006 0.02 0.185
59 E 0.051 0.045 0.036 0.079 0.007 0.057 0.296 0.033 0.024 0.025 0.043 0.067 0.014 0.056 0.023 0.05 0.034 0.006 0.023 0.032
60 G 0.058 0.022 0.029 0.026 0.011 0.016 0.023 0.279 0.014 0.043 0.093 0.028 0.018 0.139 0.016 0.043 0.053 0.009 0.034 0.043
61 E 0.081 0.039 0.101 0.092 0.011 0.045 0.105 0.047 0.025 0.03 0.044 0.052 0.014 0.034 0.023 0.078 0.066 0.008 0.065 0.039
62 F 0.047 0.023 0.022 0.021 0.013 0.015 0.023 0.029 0.014 0.091 0.161 0.026 0.029 0.226 0.015 0.053 0.058 0.011 0.052 0.072
63 F 0.034 0.02 0.017 0.017 0.01 0.012 0.02 0.024 0.022 0.057 0.101 0.021 0.023 0.356 0.011 0.025 0.025 0.018 0.137 0.051
64 K 0.052 0.085 0.098 0.053 0.01 0.04 0.103 0.041 0.021 0.037 0.078 0.109 0.018 0.021 0.023 0.058 0.086 0.005 0.017 0.043
65 L 0.05 0.021 0.014 0.016 0.016 0.015 0.02 0.021 0.009 0.163 0.271 0.024 0.04 0.045 0.014 0.026 0.038 0.006 0.021 0.17
66 D 0.06 0.057 0.078 0.132 0.01 0.043 0.124 0.047 0.021 0.024 0.036 0.125 0.013 0.016 0.025 0.093 0.046 0.005 0.015 0.031
67 P 0.112 0.037 0.038 0.042 0.014 0.051 0.075 0.1 0.017 0.029 0.041 0.051 0.014 0.017 0.124 0.117 0.062 0.005 0.015 0.04
68 S 0.102 0.038 0.072 0.052 0.014 0.035 0.1 0.053 0.019 0.037 0.077 0.052 0.018 0.022 0.025 0.146 0.069 0.005 0.017 0.046
69 S 0.088 0.033 0.041 0.038 0.016 0.026 0.041 0.051 0.016 0.053 0.092 0.043 0.021 0.064 0.024 0.185 0.065 0.006 0.024 0.073
70 L 0.048 0.025 0.019 0.019 0.015 0.018 0.024 0.027 0.013 0.089 0.265 0.028 0.069 0.12 0.015 0.049 0.036 0.009 0.034 0.078
71 L 0.056 0.019 0.015 0.017 0.014 0.013 0.019 0.024 0.011 0.171 0.187 0.023 0.033 0.154 0.014 0.027 0.034 0.009 0.039 0.12
72 Y 0.055 0.034 0.024 0.023 0.012 0.023 0.032 0.029 0.029 0.074 0.078 0.059 0.021 0.076 0.018 0.055 0.039 0.016 0.183 0.12
73 A 0.231 0.031 0.032 0.033 0.019 0.026 0.041 0.066 0.015 0.049 0.059 0.044 0.018 0.022 0.027 0.128 0.057 0.005 0.017 0.082
74 F 0.034 0.019 0.016 0.016 0.011 0.011 0.018 0.024 0.015 0.071 0.168 0.019 0.029 0.341 0.011 0.024 0.026 0.014 0.072 0.061
75 L 0.044 0.021 0.014 0.015 0.015 0.014 0.019 0.021 0.01 0.149 0.297 0.023 0.041 0.085 0.014 0.024 0.034 0.007 0.027 0.124
76 L 0.041 0.021 0.014 0.015 0.014 0.014 0.019 0.021 0.011 0.139 0.295 0.023 0.04 0.123 0.013 0.024 0.032 0.008 0.034 0.1
77 Q 0.053 0.07 0.042 0.045 0.008 0.249 0.098 0.039 0.028 0.025 0.045 0.087 0.02 0.014 0.022 0.053 0.039 0.006 0.02 0.034
78 F 0.075 0.025 0.024 0.022 0.063 0.018 0.026 0.033 0.05 0.086 0.12 0.028 0.025 0.145 0.017 0.043 0.069 0.009 0.041 0.081
79 L 0.051 0.021 0.019 0.019 0.015 0.015 0.022 0.026 0.012 0.145 0.162 0.025 0.031 0.151 0.015 0.048 0.039 0.009 0.039 0.136
80 V 0.089 0.024 0.023 0.024 0.065 0.018 0.027 0.036 0.012 0.123 0.128 0.03 0.027 0.07 0.018 0.079 0.047 0.006 0.025 0.128
81 L 0.048 0.022 0.016 0.017 0.064 0.015 0.019 0.072 0.01 0.114 0.307 0.024 0.039 0.044 0.014 0.027 0.033 0.006 0.019 0.089
82 L 0.055 0.021 0.015 0.016 0.066 0.015 0.02 0.023 0.009 0.142 0.233 0.024 0.036 0.041 0.015 0.028 0.039 0.006 0.02 0.179
83 L 0.049 0.021 0.02 0.021 0.014 0.015 0.022 0.027 0.012 0.161 0.164 0.026 0.031 0.152 0.015 0.054 0.044 0.009 0.039 0.104
84 L 0.04 0.021 0.014 0.015 0.014 0.014 0.019 0.021 0.011 0.117 0.305 0.023 0.04 0.142 0.013 0.024 0.031 0.009 0.037 0.09
85 L 0.044 0.021 0.016 0.016 0.013 0.015 0.021 0.023 0.018 0.117 0.149 0.024 0.028 0.135 0.013 0.026 0.032 0.063 0.103 0.122
86 L 0.047 0.021 0.016 0.017 0.014 0.015 0.02 0.048 0.014 0.138 0.199 0.024 0.033 0.089 0.014 0.027 0.034 0.034 0.061 0.134
87 L 0.047 0.019 0.015 0.016 0.064 0.013 0.019 0.035 0.01 0.155 0.193 0.022 0.033 0.115 0.014 0.027 0.034 0.008 0.032 0.128
88 Y 0.037 0.025 0.02 0.017 0.009 0.018 0.025 0.024 0.038 0.046 0.076 0.027 0.019 0.197 0.014 0.028 0.026 0.024 0.282 0.047
89 R 0.052 0.165 0.035 0.032 0.009 0.039 0.049 0.049 0.02 0.032 0.055 0.155 0.017 0.096 0.021 0.063 0.038 0.007 0.03 0.036
90 L 0.07 0.023 0.019 0.019 0.014 0.016 0.023 0.029 0.016 0.114 0.164 0.026 0.029 0.16 0.016 0.037 0.057 0.011 0.072 0.086
91 F 0.035 0.02 0.016 0.016 0.011 0.012 0.019 0.023 0.018 0.069 0.164 0.021 0.028 0.312 0.011 0.025 0.026 0.015 0.098 0.06
92 Y 0.082 0.076 0.067 0.042 0.012 0.035 0.072 0.044 0.043 0.033 0.049 0.079 0.016 0.04 0.022 0.076 0.076 0.01 0.084 0.043
93 R 0.045 0.343 0.039 0.031 0.008 0.049 0.052 0.033 0.023 0.023 0.047 0.121 0.016 0.017 0.019 0.045 0.035 0.006 0.017 0.031
94 K 0.058 0.089 0.07 0.042 0.011 0.078 0.058 0.043 0.02 0.031 0.046 0.113 0.016 0.017 0.073 0.071 0.101 0.005 0.017 0.041
95 V 0.07 0.022 0.017 0.018 0.019 0.017 0.023 0.025 0.008 0.165 0.131 0.026 0.032 0.036 0.017 0.033 0.05 0.006 0.021 0.266
96 K 0.11 0.114 0.035 0.034 0.012 0.04 0.053 0.047 0.018 0.037 0.081 0.173 0.018 0.021 0.025 0.073 0.043 0.005 0.017 0.045
97 I 0.054 0.075 0.03 0.029 0.012 0.049 0.039 0.113 0.015 0.121 0.094 0.076 0.023 0.037 0.019 0.044 0.062 0.006 0.019 0.083
98 L 0.056 0.043 0.067 0.074 0.012 0.028 0.044 0.089 0.017 0.067 0.094 0.091 0.02 0.063 0.02 0.068 0.064 0.006 0.023 0.056
99 R 0.051 0.12 0.036 0.073 0.037 0.033 0.049 0.037 0.022 0.034 0.056 0.112 0.016 0.094 0.02 0.064 0.038 0.009 0.064 0.038
100 K 0.053 0.059 0.062 0.042 0.01 0.037 0.076 0.037 0.018 0.047 0.083 0.149 0.018 0.02 0.121 0.046 0.038 0.005 0.016 0.063
101 K 0.05 0.125 0.038 0.079 0.008 0.062 0.089 0.037 0.02 0.024 0.039 0.144 0.013 0.015 0.122 0.048 0.036 0.005 0.015 0.03
102 L 0.047 0.022 0.018 0.019 0.015 0.016 0.022 0.025 0.012 0.131 0.259 0.025 0.037 0.119 0.014 0.047 0.036 0.008 0.033 0.094
103 E 0.061 0.038 0.034 0.047 0.012 0.057 0.127 0.035 0.021 0.072 0.067 0.052 0.019 0.033 0.022 0.073 0.089 0.008 0.05 0.081
104 D 0.055 0.026 0.043 0.209 0.013 0.023 0.057 0.035 0.013 0.093 0.079 0.035 0.02 0.025 0.019 0.042 0.042 0.005 0.016 0.149
105 H 0.042 0.045 0.187 0.06 0.008 0.036 0.051 0.051 0.195 0.023 0.035 0.05 0.013 0.024 0.02 0.056 0.038 0.006 0.036 0.025
106 G 0.078 0.023 0.039 0.034 0.011 0.019 0.025 0.513 0.013 0.019 0.028 0.034 0.009 0.016 0.019 0.051 0.03 0.005 0.011 0.024
107 L 0.041 0.023 0.016 0.016 0.013 0.016 0.021 0.022 0.021 0.123 0.224 0.025 0.034 0.108 0.014 0.025 0.031 0.014 0.125 0.089
108 G 0.061 0.052 0.1 0.044 0.01 0.032 0.045 0.193 0.022 0.025 0.037 0.121 0.013 0.027 0.022 0.072 0.04 0.007 0.047 0.03
109 D 0.098 0.042 0.167 0.168 0.011 0.032 0.06 0.057 0.022 0.026 0.036 0.073 0.012 0.017 0.022 0.063 0.042 0.004 0.014 0.034
110 K 0.051 0.142 0.033 0.03 0.01 0.037 0.047 0.083 0.018 0.043 0.088 0.161 0.019 0.06 0.02 0.042 0.034 0.006 0.023 0.052
111 W 0.059 0.026 0.028 0.025 0.011 0.02 0.029 0.135 0.02 0.042 0.054 0.032 0.016 0.053 0.016 0.076 0.038 0.162 0.096 0.06
112 G 0.124 0.023 0.035 0.031 0.012 0.019 0.027 0.44 0.013 0.023 0.033 0.034 0.011 0.017 0.02 0.056 0.032 0.005 0.012 0.032
113 W 0.038 0.056 0.018 0.017 0.059 0.018 0.024 0.027 0.02 0.066 0.077 0.032 0.019 0.133 0.012 0.028 0.027 0.164 0.111 0.053
114 F 0.07 0.021 0.017 0.018 0.013 0.014 0.022 0.029 0.017 0.081 0.132 0.024 0.026 0.233 0.014 0.032 0.032 0.013 0.085 0.107
115 L 0.043 0.023 0.014 0.015 0.016 0.015 0.019 0.02 0.01 0.13 0.378 0.024 0.046 0.051 0.014 0.023 0.033 0.007 0.021 0.1
116 L 0.043 0.021 0.014 0.015 0.015 0.014 0.019 0.021 0.011 0.124 0.292 0.023 0.04 0.122 0.013 0.024 0.033 0.008 0.034 0.113
117 I 0.048 0.021 0.019 0.02 0.014 0.016 0.022 0.026 0.013 0.163 0.16 0.026 0.047 0.153 0.014 0.048 0.037 0.009 0.039 0.105
118 L 0.044 0.022 0.016 0.016 0.014 0.015 0.021 0.022 0.018 0.123 0.198 0.024 0.032 0.135 0.014 0.026 0.033 0.012 0.099 0.118
119 Q 0.055 0.067 0.042 0.044 0.009 0.226 0.092 0.04 0.027 0.028 0.047 0.083 0.02 0.015 0.023 0.057 0.063 0.006 0.019 0.037
120 L 0.051 0.023 0.018 0.019 0.015 0.016 0.022 0.026 0.011 0.149 0.238 0.027 0.045 0.081 0.015 0.048 0.039 0.007 0.027 0.123
121 F 0.153 0.025 0.021 0.022 0.016 0.018 0.028 0.046 0.014 0.061 0.143 0.031 0.025 0.164 0.019 0.058 0.038 0.009 0.042 0.065
122 F 0.033 0.019 0.017 0.016 0.01 0.011 0.019 0.024 0.019 0.059 0.105 0.019 0.024 0.384 0.011 0.025 0.025 0.017 0.111 0.052
123 L 0.044 0.023 0.015 0.016 0.015 0.017 0.02 0.022 0.011 0.141 0.282 0.025 0.073 0.085 0.014 0.026 0.034 0.008 0.028 0.103
124 L 0.1 0.021 0.016 0.018 0.065 0.016 0.022 0.033 0.011 0.142 0.197 0.026 0.032 0.076 0.017 0.037 0.036 0.007 0.025 0.102
125 F 0.036 0.022 0.017 0.016 0.011 0.014 0.021 0.023 0.023 0.065 0.155 0.023 0.027 0.255 0.012 0.026 0.027 0.017 0.151 0.058
126 N 0.097 0.04 0.282 0.069 0.011 0.031 0.046 0.065 0.027 0.025 0.035 0.05 0.012 0.018 0.021 0.07 0.047 0.004 0.015 0.034
127 L 0.078 0.033 0.024 0.025 0.015 0.064 0.039 0.032 0.014 0.119 0.192 0.04 0.032 0.035 0.018 0.043 0.062 0.006 0.02 0.11
128 V 0.048 0.036 0.025 0.024 0.012 0.043 0.036 0.028 0.054 0.116 0.098 0.06 0.025 0.116 0.016 0.033 0.035 0.01 0.069 0.118
129 F 0.049 0.04 0.029 0.033 0.011 0.049 0.068 0.032 0.021 0.049 0.083 0.067 0.037 0.15 0.019 0.047 0.081 0.011 0.071 0.052
130 G 0.072 0.024 0.068 0.037 0.01 0.02 0.027 0.484 0.015 0.018 0.027 0.034 0.009 0.016 0.018 0.051 0.03 0.005 0.011 0.024
131 V 0.09 0.023 0.019 0.02 0.018 0.017 0.025 0.03 0.009 0.15 0.115 0.028 0.028 0.032 0.018 0.041 0.07 0.005 0.019 0.241
132 N 0.051 0.037 0.254 0.065 0.009 0.028 0.04 0.203 0.025 0.02 0.029 0.046 0.01 0.017 0.019 0.061 0.042 0.005 0.014 0.025
133 V 0.056 0.056 0.02 0.02 0.016 0.019 0.025 0.025 0.01 0.186 0.126 0.035 0.034 0.035 0.016 0.036 0.065 0.006 0.019 0.196
134 A 0.27 0.028 0.023 0.026 0.02 0.023 0.035 0.065 0.013 0.065 0.07 0.039 0.019 0.023 0.026 0.071 0.048 0.005 0.017 0.113
135 G 0.075 0.022 0.037 0.032 0.01 0.018 0.024 0.531 0.013 0.018 0.027 0.032 0.009 0.016 0.018 0.049 0.028 0.005 0.01 0.023
136 V 0.088 0.038 0.045 0.101 0.014 0.059 0.054 0.042 0.016 0.069 0.068 0.059 0.02 0.022 0.022 0.073 0.07 0.005 0.017 0.119
137 G 0.075 0.031 0.039 0.045 0.012 0.03 0.091 0.238 0.016 0.038 0.045 0.045 0.014 0.019 0.022 0.093 0.067 0.005 0.014 0.06
138 A 0.14 0.039 0.029 0.036 0.015 0.03 0.077 0.047 0.016 0.059 0.069 0.071 0.019 0.065 0.023 0.07 0.07 0.006 0.025 0.093
139 K 0.067 0.123 0.055 0.039 0.012 0.038 0.051 0.044 0.019 0.041 0.052 0.138 0.017 0.019 0.024 0.103 0.073 0.005 0.017 0.063
140 I 0.08 0.025 0.075 0.032 0.014 0.019 0.028 0.038 0.015 0.169 0.108 0.032 0.026 0.074 0.018 0.063 0.044 0.006 0.026 0.107
141 E 0.051 0.048 0.041 0.079 0.007 0.058 0.274 0.034 0.083 0.022 0.036 0.068 0.013 0.018 0.024 0.051 0.034 0.006 0.023 0.029
142 G 0.077 0.025 0.036 0.032 0.013 0.02 0.028 0.349 0.013 0.045 0.048 0.034 0.014 0.02 0.02 0.072 0.063 0.005 0.013 0.073
143 G 0.059 0.035 0.161 0.052 0.009 0.047 0.041 0.294 0.021 0.02 0.03 0.045 0.011 0.016 0.019 0.057 0.037 0.005 0.013 0.025
144 S 0.085 0.034 0.041 0.043 0.014 0.03 0.07 0.098 0.018 0.04 0.047 0.047 0.015 0.025 0.074 0.158 0.059 0.006 0.032 0.063
145 I 0.074 0.022 0.048 0.024 0.016 0.017 0.023 0.03 0.011 0.195 0.182 0.028 0.033 0.039 0.016 0.035 0.04 0.006 0.019 0.142
146 L 0.05 0.023 0.018 0.019 0.016 0.016 0.022 0.024 0.01 0.169 0.282 0.026 0.04 0.046 0.015 0.047 0.039 0.006 0.02 0.114
147 N 0.041 0.037 0.252 0.101 0.01 0.028 0.046 0.052 0.025 0.037 0.09 0.045 0.017 0.042 0.018 0.056 0.042 0.005 0.019 0.037
148 Y 0.045 0.024 0.02 0.019 0.012 0.019 0.024 0.024 0.027 0.12 0.126 0.029 0.026 0.082 0.016 0.034 0.056 0.016 0.183 0.096
149 L 0.044 0.02 0.015 0.016 0.015 0.013 0.019 0.022 0.011 0.163 0.215 0.022 0.035 0.137 0.013 0.025 0.034 0.009 0.037 0.137
150 F 0.037 0.019 0.016 0.016 0.012 0.011 0.019 0.024 0.015 0.075 0.14 0.019 0.027 0.339 0.011 0.025 0.027 0.014 0.072 0.081
151 V 0.059 0.023 0.052 0.026 0.016 0.018 0.025 0.03 0.011 0.189 0.121 0.029 0.029 0.034 0.017 0.054 0.047 0.005 0.019 0.194
152 L 0.042 0.021 0.014 0.015 0.015 0.014 0.018 0.021 0.01 0.162 0.293 0.023 0.041 0.094 0.013 0.024 0.033 0.008 0.029 0.11
153 L 0.043 0.023 0.014 0.015 0.016 0.016 0.019 0.02 0.01 0.11 0.402 0.024 0.047 0.052 0.014 0.023 0.032 0.007 0.021 0.092
154 Q 0.091 0.051 0.038 0.041 0.012 0.137 0.07 0.047 0.022 0.027 0.043 0.066 0.017 0.016 0.123 0.094 0.047 0.005 0.017 0.037
155 P 0.161 0.027 0.023 0.029 0.014 0.022 0.036 0.051 0.013 0.031 0.044 0.041 0.013 0.016 0.321 0.058 0.04 0.004 0.014 0.044
156 D 0.039 0.029 0.066 0.423 0.007 0.029 0.087 0.045 0.018 0.021 0.027 0.043 0.009 0.014 0.021 0.05 0.034 0.004 0.011 0.023
157 L 0.056 0.025 0.022 0.021 0.016 0.018 0.025 0.028 0.011 0.142 0.231 0.03 0.044 0.041 0.017 0.056 0.071 0.006 0.02 0.122
158 L 0.041 0.021 0.014 0.015 0.014 0.014 0.019 0.021 0.011 0.136 0.281 0.022 0.039 0.141 0.013 0.024 0.031 0.009 0.037 0.098
159 F 0.037 0.02 0.017 0.017 0.011 0.013 0.02 0.024 0.021 0.067 0.102 0.021 0.024 0.318 0.012 0.026 0.027 0.017 0.131 0.076
160 F 0.073 0.021 0.019 0.02 0.015 0.015 0.022 0.029 0.012 0.145 0.146 0.026 0.029 0.15 0.016 0.037 0.059 0.009 0.039 0.119
161 L 0.046 0.021 0.015 0.016 0.015 0.015 0.019 0.021 0.01 0.186 0.227 0.024 0.053 0.082 0.014 0.026 0.036 0.007 0.027 0.139
162 I 0.048 0.018 0.015 0.017 0.015 0.013 0.019 0.022 0.01 0.218 0.141 0.022 0.032 0.114 0.014 0.026 0.038 0.008 0.033 0.179
163 G 0.112 0.029 0.042 0.038 0.014 0.024 0.036 0.298 0.015 0.025 0.035 0.041 0.012 0.018 0.023 0.134 0.05 0.005 0.014 0.034
164 P 0.065 0.026 0.026 0.027 0.015 0.02 0.031 0.035 0.012 0.104 0.111 0.035 0.023 0.027 0.168 0.08 0.058 0.005 0.017 0.115
165 F 0.06 0.034 0.031 0.03 0.061 0.065 0.042 0.086 0.02 0.044 0.095 0.042 0.021 0.111 0.018 0.08 0.041 0.01 0.063 0.047
166 L 0.043 0.022 0.014 0.015 0.016 0.015 0.019 0.02 0.009 0.149 0.354 0.024 0.045 0.05 0.014 0.023 0.033 0.007 0.021 0.107
167 K 0.051 0.135 0.065 0.037 0.01 0.041 0.053 0.038 0.019 0.047 0.085 0.188 0.019 0.021 0.022 0.046 0.038 0.005 0.017 0.063
168 S 0.105 0.038 0.052 0.047 0.017 0.032 0.05 0.063 0.018 0.028 0.04 0.052 0.015 0.02 0.028 0.253 0.078 0.005 0.017 0.04
169 N 0.052 0.038 0.21 0.098 0.009 0.029 0.045 0.2 0.023 0.021 0.029 0.058 0.01 0.016 0.02 0.059 0.04 0.005 0.013 0.025
170 K 0.048 0.171 0.035 0.033 0.008 0.044 0.055 0.036 0.02 0.03 0.052 0.207 0.016 0.075 0.022 0.045 0.035 0.007 0.027 0.034
171 L 0.042 0.024 0.015 0.016 0.014 0.017 0.021 0.022 0.014 0.113 0.288 0.025 0.055 0.059 0.013 0.025 0.032 0.06 0.058 0.088
172 F 0.033 0.018 0.016 0.016 0.01 0.01 0.018 0.024 0.016 0.062 0.117 0.018 0.025 0.404 0.01 0.024 0.024 0.016 0.083 0.054
173 F 0.049 0.1 0.029 0.026 0.01 0.036 0.036 0.082 0.02 0.042 0.094 0.062 0.02 0.115 0.016 0.056 0.034 0.061 0.068 0.043
174 L 0.048 0.022 0.017 0.018 0.015 0.016 0.021 0.023 0.01 0.139 0.262 0.025 0.038 0.081 0.015 0.031 0.059 0.007 0.027 0.125
175 N 0.071 0.039 0.281 0.068 0.011 0.03 0.044 0.06 0.026 0.037 0.042 0.048 0.013 0.019 0.02 0.065 0.047 0.004 0.016 0.057
176 L 0.084 0.028 0.031 0.029 0.066 0.022 0.032 0.041 0.012 0.09 0.132 0.036 0.025 0.03 0.021 0.105 0.097 0.005 0.018 0.096
177 L 0.047 0.018 0.014 0.016 0.113 0.013 0.017 0.023 0.009 0.178 0.196 0.022 0.033 0.077 0.014 0.027 0.035 0.007 0.025 0.115
178 L 0.055 0.021 0.015 0.016 0.017 0.015 0.02 0.022 0.009 0.172 0.215 0.024 0.036 0.041 0.015 0.028 0.041 0.006 0.02 0.212
179 F 0.035 0.022 0.018 0.017 0.01 0.014 0.022 0.024 0.028 0.053 0.092 0.023 0.022 0.298 0.012 0.027 0.025 0.02 0.19 0.049
180 L 0.04 0.02 0.014 0.016 0.014 0.013 0.019 0.021 0.011 0.134 0.266 0.022 0.038 0.159 0.013 0.024 0.031 0.009 0.04 0.096
181 V 0.081 0.021 0.016 0.018 0.017 0.016 0.022 0.027 0.009 0.18 0.184 0.026 0.034 0.039 0.016 0.033 0.042 0.006 0.02 0.196
182 S 0.105 0.038 0.052 0.047 0.017 0.032 0.05 0.063 0.018 0.028 0.04 0.052 0.015 0.02 0.028 0.253 0.078 0.005 0.017 0.04
183 L 0.063 0.033 0.061 0.033 0.015 0.027 0.035 0.04 0.017 0.071 0.151 0.04 0.109 0.036 0.019 0.094 0.061 0.006 0.02 0.069
184 L 0.075 0.024 0.019 0.02 0.015 0.018 0.024 0.03 0.013 0.118 0.168 0.029 0.063 0.114 0.016 0.039 0.06 0.008 0.033 0.111
185 L 0.05 0.024 0.018 0.018 0.016 0.017 0.022 0.025 0.01 0.124 0.328 0.027 0.042 0.047 0.015 0.047 0.038 0.006 0.021 0.105
186 R 0.043 0.373 0.037 0.03 0.007 0.046 0.05 0.031 0.022 0.022 0.044 0.115 0.015 0.017 0.019 0.043 0.033 0.006 0.017 0.03
187 G 0.075 0.022 0.037 0.032 0.01 0.018 0.024 0.531 0.013 0.018 0.027 0.032 0.009 0.016 0.018 0.049 0.028 0.005 0.01 0.023
188 W 0.029 0.022 0.015 0.015 0.007 0.015 0.022 0.029 0.015 0.029 0.051 0.022 0.015 0.058 0.007 0.022 0.022 0.514 0.065 0.029
189 L 0.05 0.03 0.019 0.019 0.015 0.026 0.027 0.027 0.015 0.097 0.199 0.034 0.189 0.046 0.015 0.034 0.038 0.008 0.023 0.089
190 G 0.076 0.022 0.038 0.033 0.01 0.018 0.025 0.52 0.013 0.018 0.027 0.033 0.009 0.016 0.018 0.054 0.03 0.005 0.01 0.024
191 G 0.078 0.024 0.039 0.034 0.011 0.019 0.027 0.484 0.013 0.019 0.028 0.034 0.01 0.016 0.019 0.07 0.033 0.005 0.011 0.025
192 V 0.053 0.021 0.018 0.018 0.015 0.015 0.022 0.025 0.011 0.14 0.148 0.025 0.03 0.131 0.015 0.033 0.062 0.008 0.036 0.175
193 L 0.038 0.021 0.015 0.015 0.013 0.013 0.019 0.022 0.012 0.091 0.285 0.022 0.038 0.197 0.012 0.024 0.029 0.011 0.047 0.076
194 I 0.047 0.019 0.015 0.017 0.015 0.013 0.018 0.021 0.01 0.206 0.167 0.022 0.033 0.116 0.014 0.025 0.037 0.008 0.033 0.164
195 V 0.108 0.022 0.017 0.019 0.018 0.017 0.024 0.032 0.01 0.154 0.174 0.028 0.032 0.037 0.018 0.038 0.042 0.006 0.019 0.186
196 F 0.037 0.02 0.016 0.016 0.012 0.013 0.019 0.023 0.014 0.111 0.155 0.021 0.046 0.276 0.012 0.025 0.029 0.013 0.061 0.081
197 F 0.04 0.019 0.016 0.016 0.012 0.012 0.019 0.024 0.014 0.085 0.142 0.02 0.028 0.301 0.012 0.026 0.03 0.013 0.066 0.106
198 L 0.052 0.023 0.015 0.017 0.016 0.017 0.021 0.023 0.01 0.16 0.228 0.026 0.07 0.044 0.015 0.028 0.039 0.006 0.021 0.169
199 V 0.069 0.024 0.021 0.021 0.014 0.019 0.026 0.029 0.022 0.126 0.106 0.03 0.025 0.066 0.017 0.054 0.041 0.013 0.134 0.142
200 L 0.074 0.024 0.015 0.017 0.016 0.018 0.022 0.027 0.011 0.107 0.319 0.027 0.058 0.047 0.015 0.031 0.036 0.007 0.021 0.11
201 C 0.076 0.024 0.026 0.025 0.262 0.019 0.027 0.039 0.011 0.061 0.068 0.03 0.018 0.023 0.019 0.102 0.051 0.005 0.015 0.099
202 R 0.044 0.346 0.037 0.031 0.008 0.047 0.052 0.032 0.022 0.023 0.044 0.134 0.015 0.016 0.019 0.044 0.034 0.005 0.017 0.03
203 Y 0.044 0.054 0.03 0.03 0.009 0.033 0.057 0.032 0.063 0.037 0.061 0.129 0.018 0.129 0.019 0.038 0.031 0.014 0.133 0.039
204 Y 0.05 0.041 0.03 0.033 0.01 0.05 0.068 0.08 0.029 0.042 0.088 0.069 0.019 0.064 0.019 0.044 0.056 0.014 0.149 0.046
205 P 0.053 0.028 0.057 0.033 0.01 0.021 0.034 0.037 0.022 0.032 0.048 0.038 0.014 0.076 0.266 0.061 0.038 0.009 0.087 0.036
206 L 0.053 0.021 0.015 0.016 0.017 0.015 0.02 0.022 0.009 0.168 0.243 0.024 0.038 0.043 0.015 0.027 0.039 0.006 0.02 0.191
207 R 0.044 0.293 0.034 0.029 0.008 0.042 0.047 0.031 0.021 0.033 0.055 0.12 0.017 0.057 0.018 0.041 0.034 0.007 0.024 0.046
208 V 0.055 0.019 0.015 0.017 0.017 0.014 0.02 0.022 0.008 0.218 0.169 0.024 0.034 0.04 0.015 0.027 0.042 0.006 0.02 0.22
209 S 0.095 0.038 0.08 0.049 0.016 0.031 0.049 0.061 0.019 0.03 0.041 0.051 0.015 0.02 0.027 0.218 0.095 0.005 0.017 0.041
210 L 0.073 0.026 0.051 0.025 0.015 0.019 0.026 0.032 0.012 0.108 0.272 0.031 0.037 0.042 0.017 0.04 0.06 0.006 0.02 0.088
211 R 0.054 0.231 0.04 0.035 0.009 0.047 0.057 0.039 0.021 0.025 0.043 0.186 0.015 0.016 0.023 0.067 0.04 0.005 0.017 0.031
212 N 0.078 0.037 0.139 0.05 0.014 0.028 0.042 0.053 0.02 0.042 0.081 0.046 0.018 0.023 0.023 0.112 0.122 0.005 0.017 0.05
213 L 0.071 0.022 0.016 0.017 0.015 0.015 0.021 0.027 0.011 0.115 0.243 0.024 0.036 0.137 0.014 0.03 0.034 0.009 0.036 0.108
214 L 0.043 0.02 0.014 0.016 0.015 0.014 0.019 0.021 0.011 0.16 0.257 0.023 0.038 0.121 0.013 0.024 0.033 0.008 0.033 0.118
215 V 0.053 0.061 0.055 0.027 0.025 0.023 0.03 0.03 0.024 0.079 0.08 0.04 0.021 0.059 0.017 0.042 0.062 0.012 0.125 0.133
216 L 0.054 0.024 0.024 0.023 0.013 0.018 0.025 0.08 0.016 0.101 0.152 0.029 0.027 0.129 0.016 0.065 0.05 0.01 0.066 0.076
217 L 0.092 0.028 0.026 0.026 0.017 0.021 0.031 0.039 0.012 0.093 0.219 0.034 0.032 0.037 0.02 0.099 0.049 0.006 0.019 0.099
218 F 0.051 0.021 0.02 0.02 0.063 0.014 0.022 0.028 0.013 0.1 0.105 0.024 0.025 0.202 0.015 0.045 0.06 0.01 0.048 0.115
219 L 0.08 0.025 0.023 0.023 0.015 0.018 0.027 0.036 0.014 0.091 0.183 0.03 0.03 0.15 0.017 0.075 0.041 0.009 0.039 0.075
220 L 0.09 0.023 0.019 0.019 0.015 0.016 0.023 0.081 0.012 0.09 0.199 0.027 0.031 0.112 0.016 0.036 0.036 0.008 0.032 0.115
221 L 0.043 0.019 0.015 0.016 0.014 0.013 0.019 0.022 0.011 0.176 0.179 0.022 0.041 0.154 0.013 0.025 0.034 0.009 0.04 0.132
222 L 0.041 0.021 0.014 0.015 0.014 0.014 0.019 0.021 0.011 0.139 0.295 0.023 0.04 0.123 0.013 0.024 0.032 0.008 0.034 0.1
223 L 0.05 0.02 0.015 0.016 0.064 0.014 0.019 0.023 0.01 0.127 0.202 0.023 0.033 0.115 0.014 0.028 0.036 0.008 0.032 0.151
224 L 0.09 0.023 0.017 0.018 0.016 0.017 0.023 0.03 0.011 0.125 0.206 0.027 0.05 0.078 0.016 0.035 0.039 0.007 0.027 0.144
225 L 0.103 0.026 0.021 0.021 0.016 0.019 0.027 0.037 0.013 0.077 0.217 0.03 0.048 0.114 0.018 0.059 0.039 0.008 0.033 0.073
226 L 0.066 0.026 0.019 0.02 0.016 0.02 0.025 0.029 0.012 0.123 0.255 0.03 0.07 0.044 0.016 0.052 0.041 0.006 0.021 0.11
227 L 0.046 0.025 0.015 0.016 0.016 0.018 0.021 0.022 0.011 0.112 0.332 0.026 0.076 0.049 0.014 0.026 0.035 0.007 0.022 0.112
228 P 0.054 0.025 0.022 0.03 0.01 0.02 0.035 0.035 0.012 0.025 0.035 0.04 0.01 0.012 0.515 0.042 0.035 0.002 0.012 0.03
229 F 0.073 0.023 0.018 0.018 0.013 0.016 0.024 0.029 0.022 0.082 0.096 0.026 0.023 0.174 0.015 0.034 0.034 0.015 0.137 0.126
230 L 0.042 0.021 0.014 0.015 0.015 0.014 0.019 0.021 0.01 0.144 0.325 0.023 0.043 0.086 0.013 0.023 0.032 0.008 0.027 0.104
231 I 0.052 0.021 0.022 0.059 0.016 0.016 0.027 0.025 0.01 0.213 0.128 0.027 0.03 0.035 0.016 0.035 0.064 0.005 0.019 0.177
232 D 0.047 0.035 0.046 0.198 0.009 0.054 0.117 0.086 0.022 0.032 0.072 0.049 0.015 0.03 0.02 0.046 0.033 0.007 0.047 0.035
233 L 0.156 0.027 0.019 0.021 0.018 0.021 0.028 0.043 0.012 0.099 0.197 0.033 0.064 0.037 0.02 0.049 0.04 0.006 0.02 0.089
234 K 0.055 0.102 0.04 0.04 0.008 0.051 0.068 0.041 0.02 0.026 0.041 0.309 0.015 0.015 0.026 0.051 0.038 0.005 0.017 0.031
235 W 0.03 0.021 0.015 0.015 0.008 0.014 0.021 0.028 0.015 0.035 0.062 0.021 0.016 0.129 0.008 0.022 0.022 0.415 0.069 0.034
236 A 0.228 0.03 0.033 0.033 0.018 0.025 0.038 0.164 0.015 0.034 0.048 0.042 0.015 0.02 0.026 0.109 0.05 0.005 0.015 0.052
237 L 0.047 0.025 0.017 0.018 0.015 0.021 0.023 0.024 0.013 0.154 0.172 0.029 0.131 0.082 0.014 0.03 0.037 0.008 0.028 0.109
238 R 0.043 0.373 0.037 0.03 0.007 0.046 0.05 0.031 0.022 0.022 0.044 0.115 0.015 0.017 0.019 0.043 0.033 0.006 0.017 0.03
239 S 0.081 0.039 0.045 0.047 0.014 0.049 0.082 0.098 0.018 0.033 0.045 0.053 0.016 0.019 0.026 0.144 0.125 0.005 0.016 0.045
240 G 0.064 0.027 0.073 0.077 0.01 0.022 0.036 0.386 0.052 0.019 0.028 0.036 0.01 0.017 0.019 0.05 0.031 0.005 0.015 0.023
241 L 0.081 0.036 0.035 0.109 0.014 0.028 0.059 0.039 0.015 0.085 0.113 0.065 0.039 0.028 0.021 0.059 0.065 0.005 0.017 0.09
242 S 0.09 0.032 0.044 0.04 0.015 0.027 0.04 0.15 0.016 0.056 0.052 0.044 0.016 0.022 0.025 0.173 0.084 0.005 0.016 0.052
243 L 0.05 0.021 0.017 0.036 0.016 0.015 0.023 0.023 0.01 0.156 0.209 0.024 0.035 0.078 0.015 0.028 0.038 0.007 0.026 0.173
244 S 0.074 0.033 0.037 0.04 0.013 0.028 0.068 0.098 0.02 0.041 0.089 0.043 0.019 0.078 0.022 0.131 0.051 0.009 0.06 0.045
245 E 0.055 0.034 0.04 0.146 0.011 0.036 0.148 0.036 0.018 0.053 0.059 0.048 0.017 0.059 0.021 0.065 0.041 0.006 0.022 0.086
246 F 0.068 0.023 0.025 0.082 0.012 0.018 0.046 0.032 0.015 0.085 0.095 0.028 0.022 0.219 0.015 0.036 0.032 0.01 0.051 0.085
247 F 0.037 0.019 0.016 0.017 0.012 0.012 0.019 0.023 0.016 0.143 0.123 0.021 0.027 0.255 0.012 0.025 0.029 0.014 0.088 0.093
248 N 0.063 0.038 0.116 0.075 0.012 0.034 0.1 0.048 0.021 0.041 0.108 0.05 0.02 0.025 0.022 0.11 0.05 0.005 0.017 0.044
249 D 0.055 0.042 0.085 0.103 0.011 0.075 0.085 0.041 0.021 0.051 0.075 0.053 0.052 0.024 0.021 0.069 0.044 0.005 0.018 0.069
250 L 0.09 0.026 0.021 0.021 0.017 0.021 0.027 0.033 0.012 0.118 0.162 0.032 0.069 0.037 0.018 0.045 0.071 0.006 0.02 0.153
251 L 0.056 0.024 0.021 0.022 0.015 0.018 0.026 0.03 0.012 0.113 0.181 0.03 0.03 0.089 0.087 0.059 0.041 0.007 0.028 0.111
252 N 0.098 0.038 0.173 0.112 0.013 0.031 0.053 0.063 0.023 0.027 0.037 0.05 0.013 0.018 0.024 0.118 0.055 0.005 0.015 0.036
253 Y 0.062 0.028 0.03 0.027 0.013 0.023 0.031 0.097 0.026 0.075 0.082 0.035 0.04 0.065 0.019 0.088 0.043 0.014 0.141 0.062
254 V 0.05 0.024 0.062 0.026 0.014 0.017 0.025 0.029 0.014 0.105 0.146 0.027 0.029 0.141 0.015 0.034 0.039 0.009 0.038 0.158
255 D 0.065 0.033 0.085 0.137 0.012 0.028 0.052 0.109 0.022 0.029 0.04 0.044 0.013 0.031 0.023 0.104 0.075 0.007 0.055 0.036
256 F 0.068 0.03 0.024 0.061 0.012 0.02 0.034 0.033 0.015 0.058 0.14 0.056 0.024 0.182 0.066 0.037 0.032 0.009 0.044 0.054
257 N 0.165 0.038 0.17 0.057 0.015 0.03 0.045 0.072 0.023 0.033 0.046 0.049 0.014 0.02 0.025 0.078 0.05 0.005 0.017 0.048
258 G 0.094 0.032 0.047 0.041 0.014 0.026 0.039 0.288 0.016 0.024 0.035 0.044 0.013 0.019 0.024 0.134 0.056 0.005 0.014 0.033
259 Y 0.041 0.028 0.022 0.019 0.009 0.022 0.028 0.025 0.047 0.044 0.069 0.031 0.019 0.131 0.016 0.031 0.028 0.028 0.316 0.047
260 I 0.05 0.025 0.017 0.019 0.016 0.021 0.023 0.024 0.012 0.185 0.183 0.03 0.097 0.046 0.015 0.031 0.04 0.007 0.022 0.135
261 E 0.053 0.041 0.04 0.128 0.01 0.039 0.148 0.036 0.018 0.081 0.062 0.076 0.017 0.022 0.022 0.06 0.062 0.005 0.016 0.061
262 L 0.045 0.113 0.095 0.077 0.01 0.033 0.047 0.038 0.019 0.069 0.122 0.107 0.022 0.026 0.019 0.044 0.037 0.005 0.017 0.055
263 L 0.041 0.025 0.017 0.016 0.012 0.018 0.023 0.022 0.027 0.076 0.234 0.027 0.033 0.089 0.014 0.027 0.029 0.017 0.184 0.068
264 G 0.057 0.033 0.099 0.086 0.011 0.03 0.083 0.14 0.022 0.039 0.076 0.044 0.016 0.032 0.02 0.068 0.04 0.007 0.048 0.049
265 L 0.084 0.032 0.028 0.042 0.014 0.032 0.118 0.035 0.015 0.089 0.153 0.044 0.026 0.031 0.021 0.065 0.054 0.006 0.018 0.093
266 A 0.162 0.03 0.034 0.033 0.018 0.025 0.038 0.105 0.014 0.056 0.061 0.041 0.018 0.023 0.025 0.122 0.078 0.005 0.017 0.095
267 L 0.046 0.021 0.014 0.016 0.015 0.014 0.019 0.021 0.01 0.17 0.259 0.023 0.039 0.083 0.014 0.025 0.035 0.007 0.027 0.142
268 D 0.049 0.07 0.076 0.17 0.008 0.04 0.14 0.065 0.024 0.024 0.036 0.058 0.012 0.027 0.021 0.06 0.037 0.007 0.047 0.029
269 Y 0.045 0.027 0.023 0.021 0.01 0.021 0.028 0.028 0.039 0.042 0.067 0.031 0.018 0.143 0.016 0.052 0.032 0.024 0.288 0.045
270 L 0.048 0.022 0.014 0.016 0.016 0.015 0.019 0.021 0.009 0.158 0.299 0.024 0.042 0.047 0.014 0.025 0.036 0.006 0.021 0.149
271 L 0.044 0.023 0.015 0.016 0.015 0.016 0.021 0.022 0.012 0.103 0.284 0.025 0.064 0.122 0.013 0.026 0.033 0.009 0.034 0.104
272 N 0.056 0.039 0.256 0.068 0.01 0.03 0.044 0.133 0.026 0.022 0.031 0.049 0.011 0.017 0.021 0.092 0.049 0.005 0.015 0.028
273 R 0.043 0.373 0.037 0.03 0.007 0.046 0.05 0.031 0.022 0.022 0.044 0.115 0.015 0.017 0.019 0.043 0.033 0.006 0.017 0.03
274 F 0.033 0.019 0.016 0.016 0.011 0.011 0.018 0.024 0.016 0.066 0.139 0.019 0.027 0.377 0.01 0.024 0.025 0.015 0.079 0.057
275 Q 0.053 0.07 0.042 0.045 0.008 0.249 0.098 0.039 0.028 0.025 0.045 0.087 0.02 0.014 0.022 0.053 0.039 0.006 0.02 0.034
276 H 0.04 0.044 0.081 0.041 0.007 0.036 0.051 0.039 0.348 0.022 0.036 0.045 0.014 0.028 0.018 0.043 0.028 0.007 0.051 0.022
277 V 0.057 0.025 0.082 0.029 0.016 0.019 0.026 0.031 0.013 0.14 0.137 0.03 0.029 0.033 0.016 0.037 0.045 0.005 0.019 0.212
278 G 0.064 0.025 0.065 0.034 0.01 0.02 0.027 0.383 0.021 0.023 0.035 0.034 0.011 0.038 0.018 0.047 0.03 0.009 0.078 0.028
279 H 0.04 0.042 0.048 0.035 0.007 0.035 0.049 0.035 0.349 0.024 0.039 0.042 0.015 0.039 0.018 0.039 0.026 0.009 0.084 0.024
280 V 0.083 0.021 0.016 0.018 0.017 0.016 0.022 0.027 0.009 0.185 0.156 0.026 0.032 0.037 0.016 0.033 0.043 0.006 0.02 0.217
281 A 0.264 0.029 0.024 0.026 0.018 0.024 0.036 0.065 0.02 0.041 0.059 0.04 0.017 0.042 0.026 0.071 0.044 0.009 0.083 0.062
282 L 0.043 0.022 0.014 0.015 0.015 0.015 0.02 0.021 0.013 0.142 0.32 0.024 0.042 0.058 0.014 0.024 0.033 0.009 0.054 0.103
283 L 0.072 0.022 0.015 0.017 0.016 0.016 0.021 0.026 0.01 0.188 0.238 0.026 0.054 0.044 0.015 0.03 0.037 0.006 0.02 0.124
284 L 0.039 0.024 0.016 0.016 0.012 0.017 0.022 0.024 0.019 0.072 0.196 0.026 0.054 0.112 0.012 0.026 0.029 0.114 0.104 0.064
285 E 0.055 0.055 0.055 0.075 0.008 0.076 0.25 0.038 0.025 0.022 0.037 0.095 0.013 0.016 0.025 0.063 0.039 0.005 0.016 0.031
286 N 0.041 0.045 0.273 0.108 0.008 0.033 0.053 0.057 0.064 0.022 0.031 0.063 0.011 0.018 0.02 0.062 0.043 0.005 0.019 0.025
287 A 0.182 0.033 0.037 0.036 0.018 0.026 0.042 0.063 0.016 0.038 0.055 0.044 0.017 0.06 0.026 0.153 0.071 0.006 0.024 0.053
288 D 0.06 0.036 0.05 0.163 0.01 0.036 0.113 0.068 0.056 0.027 0.038 0.049 0.013 0.024 0.023 0.093 0.066 0.006 0.035 0.033
289 K 0.047 0.049 0.065 0.078 0.009 0.054 0.079 0.036 0.025 0.044 0.058 0.098 0.017 0.079 0.02 0.044 0.036 0.01 0.089 0.062
290 L 0.045 0.023 0.016 0.016 0.014 0.016 0.021 0.022 0.017 0.103 0.239 0.025 0.035 0.108 0.014 0.026 0.033 0.012 0.094 0.12
291 Y 0.039 0.029 0.057 0.027 0.01 0.022 0.03 0.03 0.098 0.072 0.108 0.031 0.022 0.137 0.015 0.033 0.03 0.014 0.138 0.057
292 L 0.085 0.043 0.08 0.082 0.012 0.052 0.078 0.044 0.019 0.051 0.089 0.073 0.02 0.052 0.021 0.061 0.041 0.006 0.022 0.069
293 A 0.155 0.039 0.032 0.067 0.014 0.031 0.086 0.051 0.017 0.043 0.088 0.07 0.019 0.061 0.024 0.077 0.043 0.006 0.023 0.053
294 Y 0.039 0.025 0.019 0.017 0.01 0.019 0.024 0.023 0.035 0.056 0.13 0.027 0.024 0.148 0.014 0.028 0.027 0.022 0.257 0.054
295 L 0.051 0.077 0.127 0.046 0.011 0.083 0.054 0.043 0.023 0.045 0.129 0.06 0.023 0.025 0.02 0.069 0.043 0.005 0.018 0.046
296 L 0.083 0.049 0.076 0.078 0.012 0.052 0.053 0.071 0.019 0.043 0.112 0.098 0.021 0.024 0.022 0.076 0.043 0.005 0.017 0.046
297 G 0.063 0.027 0.101 0.08 0.01 0.022 0.035 0.363 0.017 0.024 0.046 0.037 0.011 0.018 0.018 0.051 0.033 0.005 0.012 0.027
298 G 0.076 0.068 0.051 0.108 0.011 0.027 0.045 0.113 0.019 0.067 0.082 0.07 0.018 0.033 0.02 0.046 0.035 0.007 0.048 0.055
299 F 0.037 0.018 0.015 0.016 0.012 0.011 0.018 0.022 0.013 0.157 0.13 0.02 0.029 0.265 0.012 0.024 0.03 0.012 0.059 0.099
300 L 0.055 0.104 0.033 0.067 0.013 0.029 0.042 0.035 0.015 0.08 0.17 0.077 0.027 0.031 0.019 0.073 0.042 0.006 0.018 0.065
301 P 0.081 0.032 0.039 0.038 0.014 0.026 0.042 0.05 0.016 0.028 0.041 0.045 0.014 0.022 0.172 0.159 0.07 0.055 0.02 0.037
302 Y 0.036 0.023 0.019 0.017 0.009 0.017 0.023 0.024 0.033 0.049 0.083 0.025 0.02 0.24 0.013 0.028 0.026 0.023 0.242 0.048
303 W 0.033 0.022 0.015 0.015 0.009 0.015 0.021 0.026 0.017 0.059 0.116 0.023 0.022 0.099 0.01 0.023 0.025 0.314 0.087 0.049
304 L 0.087 0.031 0.024 0.024 0.014 0.044 0.033 0.133 0.014 0.071 0.19 0.037 0.074 0.035 0.018 0.042 0.036 0.006 0.019 0.068
305 D 0.045 0.036 0.055 0.289 0.007 0.042 0.183 0.04 0.021 0.021 0.03 0.055 0.01 0.015 0.023 0.051 0.034 0.004 0.013 0.026
306 G 0.075 0.022 0.037 0.032 0.01 0.018 0.024 0.531 0.013 0.018 0.027 0.032 0.009 0.016 0.018 0.049 0.028 0.005 0.01 0.023
307 L 0.046 0.023 0.047 0.022 0.015 0.017 0.022 0.025 0.011 0.158 0.266 0.027 0.043 0.044 0.015 0.029 0.037 0.006 0.02 0.127
308 P 0.054 0.022 0.019 0.025 0.013 0.017 0.028 0.029 0.011 0.114 0.08 0.033 0.019 0.023 0.315 0.036 0.037 0.004 0.015 0.105
309 Q 0.052 0.065 0.072 0.048 0.009 0.215 0.09 0.041 0.028 0.025 0.043 0.081 0.018 0.014 0.047 0.054 0.04 0.005 0.019 0.033
310 Y 0.053 0.03 0.033 0.066 0.012 0.025 0.038 0.034 0.039 0.045 0.07 0.037 0.035 0.073 0.019 0.067 0.084 0.016 0.175 0.051
311 I 0.06 0.023 0.022 0.023 0.016 0.017 0.024 0.028 0.01 0.206 0.15 0.029 0.031 0.042 0.018 0.051 0.094 0.006 0.02 0.129
312 L 0.046 0.022 0.018 0.018 0.014 0.016 0.022 0.024 0.014 0.131 0.2 0.025 0.033 0.125 0.015 0.032 0.057 0.01 0.066 0.113
313 Y 0.04 0.028 0.022 0.019 0.009 0.022 0.028 0.025 0.046 0.043 0.068 0.031 0.019 0.13 0.016 0.031 0.028 0.028 0.322 0.046
314 L 0.059 0.066 0.06 0.037 0.062 0.029 0.063 0.037 0.02 0.059 0.107 0.047 0.042 0.037 0.019 0.077 0.044 0.008 0.051 0.076
315 K 0.052 0.124 0.07 0.043 0.008 0.049 0.064 0.042 0.021 0.026 0.041 0.264 0.014 0.015 0.025 0.052 0.038 0.005 0.016 0.031
316 L 0.05 0.022 0.017 0.018 0.015 0.016 0.02 0.072 0.01 0.167 0.237 0.026 0.053 0.043 0.015 0.028 0.036 0.006 0.02 0.131
317 F 0.043 0.023 0.051 0.024 0.012 0.016 0.023 0.078 0.018 0.079 0.158 0.026 0.027 0.186 0.014 0.032 0.031 0.012 0.076 0.073
318 G 0.075 0.026 0.065 0.039 0.011 0.021 0.033 0.437 0.015 0.019 0.029 0.036 0.01 0.016 0.019 0.071 0.035 0.005 0.011 0.025
319 L 0.065 0.022 0.018 0.018 0.065 0.016 0.022 0.027 0.01 0.118 0.222 0.026 0.034 0.067 0.016 0.036 0.06 0.007 0.024 0.126
320 D 0.05 0.044 0.046 0.174 0.009 0.06 0.124 0.092 0.019 0.053 0.047 0.08 0.015 0.018 0.022 0.048 0.035 0.005 0.015 0.043
