#Seq2Logo.py -f /work3/idamei/ssn-clusterings/2206011120/clusters/0011_129/sequences.afa -m 0.0001 -b 50 -o /work3/idamei/ssn-clusterings/2206011120/clusters/0011_129/sequences.logo -p 640x1000 -l 30
#Position Specific Frequency Matrix
A R N D C Q E G H I L K M F P S T W Y V
0 M 0.046 0.028 0.018 0.018 0.014 0.025 0.025 0.025 0.014 0.088 0.173 0.032 0.264 0.042 0.014 0.032 0.035 0.007 0.021 0.081
1 K 0.061 0.067 0.039 0.049 0.009 0.045 0.138 0.041 0.019 0.023 0.036 0.212 0.013 0.015 0.024 0.114 0.043 0.005 0.015 0.03
2 L 0.039 0.082 0.067 0.026 0.011 0.023 0.03 0.028 0.014 0.127 0.169 0.078 0.025 0.034 0.015 0.032 0.032 0.074 0.022 0.073
3 Y 0.054 0.04 0.062 0.038 0.01 0.031 0.081 0.037 0.029 0.03 0.045 0.081 0.014 0.057 0.02 0.107 0.04 0.013 0.176 0.035
4 V 0.049 0.04 0.023 0.023 0.012 0.024 0.032 0.027 0.016 0.072 0.122 0.111 0.023 0.092 0.017 0.038 0.071 0.009 0.073 0.126
5 K 0.069 0.054 0.036 0.035 0.012 0.033 0.047 0.043 0.015 0.04 0.046 0.163 0.015 0.017 0.09 0.144 0.049 0.004 0.015 0.073
6 K 0.058 0.108 0.042 0.042 0.009 0.054 0.072 0.044 0.021 0.028 0.044 0.271 0.016 0.016 0.028 0.054 0.04 0.005 0.017 0.033
7 Q 0.056 0.074 0.045 0.048 0.009 0.207 0.104 0.042 0.03 0.027 0.048 0.092 0.021 0.015 0.024 0.056 0.042 0.006 0.021 0.036
8 T 0.074 0.036 0.044 0.038 0.018 0.028 0.04 0.044 0.014 0.054 0.066 0.046 0.02 0.024 0.028 0.094 0.239 0.006 0.018 0.072
9 K 0.058 0.108 0.042 0.042 0.009 0.054 0.072 0.044 0.021 0.028 0.044 0.271 0.016 0.016 0.028 0.054 0.04 0.005 0.017 0.033
10 V 0.05 0.023 0.075 0.026 0.015 0.017 0.023 0.027 0.011 0.173 0.165 0.027 0.03 0.035 0.015 0.032 0.04 0.005 0.018 0.194
11 K 0.058 0.108 0.042 0.042 0.009 0.054 0.072 0.044 0.021 0.028 0.044 0.271 0.016 0.016 0.028 0.054 0.04 0.005 0.017 0.033
12 C 0.086 0.028 0.035 0.032 0.255 0.022 0.034 0.049 0.013 0.037 0.053 0.037 0.016 0.02 0.023 0.136 0.058 0.005 0.015 0.049
13 G 0.065 0.097 0.099 0.043 0.011 0.031 0.043 0.133 0.085 0.022 0.035 0.055 0.013 0.019 0.021 0.128 0.046 0.005 0.021 0.029
14 P 0.051 0.064 0.03 0.031 0.01 0.056 0.045 0.034 0.02 0.031 0.045 0.097 0.014 0.032 0.194 0.048 0.08 0.008 0.075 0.037
15 R 0.051 0.213 0.038 0.033 0.009 0.043 0.052 0.036 0.019 0.029 0.045 0.178 0.015 0.017 0.022 0.053 0.088 0.005 0.016 0.037
16 T 0.055 0.095 0.032 0.036 0.012 0.033 0.086 0.033 0.015 0.053 0.109 0.095 0.02 0.023 0.021 0.064 0.12 0.005 0.016 0.077
17 L 0.044 0.023 0.016 0.016 0.013 0.017 0.022 0.022 0.023 0.089 0.218 0.026 0.031 0.075 0.014 0.027 0.032 0.014 0.159 0.118
18 G 0.051 0.073 0.147 0.048 0.009 0.03 0.04 0.212 0.104 0.02 0.032 0.05 0.011 0.019 0.018 0.051 0.034 0.005 0.022 0.024
19 L 0.054 0.022 0.019 0.019 0.015 0.016 0.022 0.026 0.01 0.133 0.201 0.025 0.031 0.096 0.015 0.064 0.04 0.007 0.027 0.159
20 F 0.036 0.034 0.024 0.021 0.008 0.021 0.03 0.026 0.082 0.042 0.072 0.072 0.018 0.233 0.014 0.03 0.025 0.015 0.155 0.04
21 V 0.109 0.025 0.025 0.025 0.09 0.019 0.03 0.039 0.011 0.067 0.067 0.033 0.018 0.022 0.096 0.085 0.085 0.004 0.015 0.134
22 L 0.047 0.019 0.013 0.015 0.015 0.013 0.018 0.02 0.008 0.221 0.224 0.022 0.035 0.04 0.013 0.024 0.036 0.005 0.019 0.191
23 I 0.044 0.017 0.017 0.018 0.013 0.012 0.017 0.097 0.009 0.26 0.125 0.022 0.028 0.095 0.013 0.026 0.032 0.007 0.026 0.123
24 V 0.056 0.023 0.023 0.022 0.083 0.018 0.025 0.029 0.016 0.122 0.089 0.029 0.022 0.046 0.017 0.057 0.094 0.009 0.09 0.13
25 I 0.138 0.02 0.016 0.019 0.016 0.015 0.022 0.034 0.009 0.232 0.117 0.027 0.027 0.033 0.017 0.039 0.039 0.005 0.018 0.157
26 L 0.065 0.024 0.017 0.017 0.014 0.018 0.023 0.025 0.015 0.083 0.295 0.027 0.066 0.054 0.015 0.032 0.052 0.009 0.073 0.076
27 V 0.105 0.024 0.021 0.022 0.016 0.019 0.026 0.034 0.011 0.145 0.111 0.03 0.057 0.031 0.018 0.074 0.046 0.005 0.018 0.188
28 L 0.043 0.021 0.013 0.014 0.015 0.015 0.018 0.019 0.009 0.109 0.396 0.023 0.042 0.046 0.013 0.023 0.032 0.006 0.02 0.123
29 F 0.086 0.02 0.018 0.02 0.012 0.014 0.024 0.032 0.013 0.086 0.082 0.026 0.019 0.206 0.166 0.035 0.03 0.009 0.042 0.06
30 V 0.054 0.022 0.02 0.02 0.014 0.016 0.023 0.027 0.011 0.126 0.15 0.026 0.027 0.133 0.015 0.067 0.053 0.008 0.033 0.154
31 A 0.179 0.04 0.032 0.059 0.014 0.044 0.175 0.056 0.02 0.032 0.047 0.059 0.015 0.019 0.027 0.069 0.042 0.005 0.017 0.049
32 L 0.099 0.029 0.022 0.023 0.015 0.045 0.032 0.034 0.012 0.081 0.232 0.035 0.041 0.034 0.018 0.074 0.041 0.006 0.018 0.107
33 L 0.041 0.018 0.013 0.015 0.014 0.012 0.017 0.019 0.009 0.223 0.224 0.021 0.034 0.101 0.013 0.023 0.033 0.007 0.028 0.135
34 L 0.036 0.02 0.015 0.015 0.011 0.014 0.019 0.021 0.02 0.107 0.194 0.022 0.029 0.182 0.012 0.024 0.027 0.014 0.143 0.073
35 F 0.085 0.021 0.016 0.017 0.013 0.014 0.022 0.029 0.017 0.071 0.14 0.023 0.025 0.225 0.014 0.032 0.03 0.012 0.098 0.098
36 E 0.05 0.038 0.04 0.128 0.007 0.047 0.281 0.109 0.021 0.019 0.031 0.058 0.011 0.015 0.022 0.048 0.032 0.005 0.013 0.026
37 N 0.05 0.076 0.178 0.063 0.009 0.044 0.06 0.054 0.026 0.025 0.037 0.165 0.013 0.017 0.024 0.062 0.045 0.005 0.017 0.03
38 N 0.058 0.04 0.179 0.061 0.013 0.031 0.045 0.054 0.023 0.038 0.048 0.05 0.016 0.021 0.024 0.081 0.147 0.005 0.017 0.049
39 L 0.045 0.024 0.014 0.015 0.016 0.016 0.02 0.021 0.01 0.116 0.373 0.025 0.05 0.055 0.014 0.024 0.034 0.007 0.022 0.097
40 V 0.053 0.027 0.022 0.028 0.013 0.025 0.073 0.101 0.017 0.078 0.1 0.034 0.085 0.042 0.016 0.035 0.035 0.008 0.071 0.136
41 V 0.049 0.079 0.019 0.019 0.013 0.021 0.027 0.023 0.011 0.163 0.146 0.076 0.027 0.031 0.015 0.03 0.037 0.005 0.018 0.191
42 G 0.104 0.024 0.029 0.03 0.011 0.019 0.031 0.242 0.012 0.023 0.032 0.035 0.01 0.014 0.221 0.08 0.036 0.004 0.012 0.03
43 G 0.044 0.022 0.068 0.026 0.01 0.016 0.022 0.163 0.017 0.083 0.117 0.026 0.02 0.146 0.014 0.033 0.029 0.01 0.078 0.055
44 L 0.046 0.12 0.021 0.02 0.012 0.021 0.025 0.09 0.012 0.141 0.177 0.044 0.027 0.031 0.014 0.03 0.032 0.005 0.017 0.114
45 G 0.11 0.041 0.038 0.036 0.012 0.062 0.045 0.181 0.016 0.026 0.038 0.085 0.013 0.016 0.023 0.131 0.07 0.005 0.014 0.036
46 Y 0.036 0.025 0.019 0.016 0.008 0.019 0.025 0.022 0.041 0.038 0.06 0.027 0.016 0.115 0.014 0.027 0.025 0.025 0.402 0.041
47 T 0.131 0.025 0.025 0.024 0.015 0.019 0.028 0.039 0.013 0.054 0.116 0.032 0.021 0.134 0.019 0.057 0.147 0.008 0.032 0.061
48 D 0.036 0.026 0.061 0.471 0.007 0.026 0.08 0.041 0.016 0.02 0.025 0.039 0.008 0.013 0.02 0.046 0.031 0.003 0.01 0.021
49 E 0.048 0.044 0.036 0.079 0.006 0.057 0.383 0.031 0.023 0.019 0.032 0.066 0.011 0.015 0.023 0.048 0.032 0.005 0.015 0.027
50 I 0.05 0.019 0.019 0.019 0.014 0.015 0.02 0.09 0.009 0.219 0.155 0.025 0.028 0.034 0.015 0.033 0.072 0.005 0.017 0.143
51 L 0.046 0.021 0.016 0.017 0.015 0.015 0.02 0.021 0.009 0.165 0.284 0.024 0.035 0.04 0.014 0.03 0.071 0.006 0.019 0.134
52 G 0.182 0.023 0.028 0.027 0.081 0.019 0.028 0.248 0.012 0.031 0.043 0.033 0.013 0.017 0.021 0.059 0.073 0.005 0.013 0.045
53 L 0.045 0.019 0.013 0.015 0.015 0.013 0.018 0.019 0.008 0.209 0.253 0.022 0.035 0.04 0.013 0.023 0.035 0.005 0.019 0.179
54 V 0.053 0.02 0.017 0.017 0.082 0.015 0.02 0.023 0.008 0.135 0.189 0.024 0.029 0.033 0.015 0.034 0.074 0.005 0.017 0.189
55 C 0.068 0.022 0.026 0.024 0.281 0.017 0.025 0.07 0.011 0.041 0.098 0.028 0.017 0.022 0.018 0.122 0.044 0.004 0.013 0.048
56 L 0.089 0.024 0.02 0.02 0.014 0.019 0.025 0.032 0.012 0.107 0.198 0.029 0.087 0.09 0.016 0.068 0.038 0.007 0.026 0.079
57 F 0.043 0.02 0.018 0.018 0.011 0.014 0.02 0.091 0.012 0.098 0.142 0.024 0.053 0.175 0.08 0.028 0.029 0.008 0.037 0.077
58 Y 0.044 0.025 0.022 0.02 0.01 0.019 0.026 0.026 0.034 0.077 0.068 0.029 0.018 0.093 0.015 0.063 0.032 0.02 0.305 0.055
59 L 0.045 0.021 0.015 0.015 0.014 0.016 0.02 0.021 0.01 0.135 0.216 0.024 0.091 0.093 0.013 0.026 0.034 0.007 0.027 0.156
60 L 0.085 0.02 0.015 0.017 0.015 0.014 0.02 0.026 0.01 0.177 0.198 0.024 0.031 0.09 0.015 0.032 0.047 0.007 0.025 0.134
61 L 0.042 0.023 0.016 0.016 0.012 0.017 0.022 0.021 0.023 0.092 0.194 0.026 0.05 0.074 0.014 0.026 0.03 0.014 0.181 0.108
62 L 0.051 0.025 0.023 0.021 0.012 0.019 0.025 0.105 0.017 0.057 0.177 0.029 0.057 0.049 0.015 0.068 0.034 0.086 0.077 0.054
63 L 0.126 0.023 0.019 0.019 0.015 0.017 0.024 0.034 0.011 0.105 0.221 0.028 0.029 0.088 0.017 0.042 0.071 0.007 0.025 0.08
64 L 0.045 0.024 0.014 0.015 0.016 0.016 0.02 0.021 0.01 0.115 0.375 0.025 0.05 0.055 0.014 0.024 0.033 0.007 0.022 0.096
65 S 0.11 0.04 0.054 0.049 0.018 0.033 0.052 0.066 0.019 0.03 0.042 0.054 0.016 0.021 0.03 0.22 0.082 0.005 0.018 0.042
66 L 0.036 0.02 0.015 0.015 0.011 0.014 0.019 0.02 0.018 0.117 0.215 0.022 0.03 0.167 0.012 0.023 0.027 0.013 0.129 0.076
67 K 0.088 0.168 0.034 0.033 0.009 0.043 0.055 0.039 0.018 0.025 0.04 0.26 0.014 0.015 0.023 0.048 0.035 0.005 0.015 0.032
68 R 0.055 0.234 0.036 0.031 0.009 0.035 0.042 0.169 0.018 0.021 0.036 0.112 0.012 0.015 0.019 0.076 0.035 0.005 0.014 0.027
69 C 0.065 0.016 0.016 0.016 0.484 0.012 0.016 0.032 0.008 0.045 0.065 0.02 0.016 0.02 0.016 0.041 0.037 0.004 0.012 0.057
70 T 0.073 0.036 0.043 0.038 0.018 0.028 0.039 0.043 0.014 0.053 0.065 0.045 0.02 0.024 0.028 0.093 0.246 0.006 0.018 0.071
71 R 0.045 0.18 0.079 0.035 0.008 0.036 0.045 0.102 0.022 0.023 0.039 0.155 0.013 0.027 0.019 0.043 0.032 0.007 0.063 0.028
72 L 0.043 0.018 0.013 0.015 0.015 0.013 0.017 0.019 0.008 0.236 0.258 0.022 0.036 0.041 0.013 0.023 0.034 0.006 0.019 0.154
73 D 0.05 0.051 0.043 0.15 0.009 0.07 0.103 0.038 0.018 0.028 0.039 0.13 0.013 0.015 0.022 0.056 0.11 0.004 0.014 0.035
74 G 0.072 0.093 0.081 0.037 0.009 0.03 0.04 0.242 0.017 0.021 0.033 0.127 0.011 0.015 0.02 0.071 0.036 0.005 0.013 0.027
75 E 0.071 0.039 0.032 0.041 0.078 0.033 0.123 0.037 0.019 0.034 0.062 0.083 0.015 0.03 0.021 0.093 0.077 0.007 0.063 0.042
76 D 0.037 0.025 0.049 0.358 0.008 0.024 0.065 0.036 0.018 0.065 0.044 0.035 0.012 0.029 0.018 0.041 0.031 0.006 0.06 0.04
77 L 0.044 0.094 0.025 0.025 0.011 0.062 0.041 0.027 0.014 0.127 0.17 0.126 0.026 0.029 0.017 0.034 0.033 0.005 0.017 0.074
78 I 0.124 0.031 0.067 0.028 0.013 0.021 0.03 0.039 0.014 0.157 0.089 0.071 0.022 0.081 0.018 0.043 0.037 0.006 0.024 0.086
79 I 0.058 0.023 0.025 0.024 0.015 0.018 0.026 0.031 0.011 0.205 0.146 0.03 0.027 0.033 0.018 0.103 0.081 0.005 0.017 0.105
80 L 0.047 0.02 0.017 0.017 0.014 0.014 0.02 0.022 0.009 0.164 0.198 0.024 0.031 0.09 0.014 0.031 0.072 0.007 0.026 0.163
81 L 0.041 0.019 0.014 0.015 0.013 0.013 0.018 0.02 0.013 0.192 0.217 0.022 0.032 0.085 0.013 0.023 0.032 0.009 0.071 0.137
82 L 0.04 0.018 0.013 0.015 0.013 0.012 0.017 0.02 0.01 0.16 0.246 0.021 0.033 0.147 0.012 0.023 0.031 0.008 0.034 0.127
83 L 0.041 0.021 0.016 0.016 0.014 0.015 0.019 0.021 0.01 0.121 0.321 0.024 0.036 0.095 0.014 0.029 0.068 0.007 0.026 0.086
84 L 0.089 0.021 0.018 0.018 0.081 0.015 0.022 0.029 0.01 0.111 0.179 0.025 0.027 0.086 0.016 0.038 0.072 0.006 0.024 0.113
85 L 0.143 0.023 0.019 0.02 0.016 0.017 0.025 0.036 0.01 0.144 0.182 0.029 0.028 0.032 0.018 0.045 0.075 0.005 0.017 0.115
86 V 0.056 0.02 0.017 0.017 0.082 0.015 0.02 0.024 0.008 0.141 0.146 0.024 0.027 0.031 0.015 0.034 0.076 0.005 0.017 0.223
87 A 0.174 0.022 0.022 0.023 0.016 0.018 0.026 0.109 0.011 0.157 0.085 0.031 0.021 0.026 0.02 0.052 0.075 0.005 0.016 0.091
88 A 0.157 0.021 0.017 0.019 0.082 0.016 0.023 0.037 0.01 0.106 0.131 0.026 0.024 0.082 0.017 0.042 0.037 0.006 0.024 0.122
89 L 0.036 0.018 0.013 0.015 0.012 0.012 0.017 0.02 0.01 0.178 0.199 0.02 0.03 0.149 0.011 0.022 0.028 0.077 0.039 0.095
90 G 0.068 0.021 0.035 0.03 0.01 0.018 0.024 0.504 0.012 0.02 0.029 0.031 0.009 0.015 0.018 0.05 0.065 0.005 0.01 0.026
91 L 0.043 0.019 0.014 0.015 0.014 0.013 0.018 0.02 0.01 0.135 0.228 0.021 0.032 0.146 0.012 0.024 0.032 0.008 0.034 0.164
92 I 0.128 0.02 0.015 0.018 0.016 0.015 0.022 0.031 0.009 0.19 0.182 0.026 0.03 0.034 0.016 0.036 0.037 0.005 0.018 0.151
93 G 0.083 0.028 0.041 0.036 0.012 0.023 0.034 0.314 0.014 0.021 0.031 0.039 0.011 0.016 0.021 0.18 0.049 0.005 0.012 0.029
94 N 0.041 0.038 0.355 0.068 0.009 0.029 0.042 0.055 0.026 0.023 0.031 0.046 0.011 0.016 0.019 0.064 0.08 0.004 0.014 0.029
95 I 0.113 0.022 0.017 0.018 0.014 0.017 0.023 0.03 0.017 0.14 0.138 0.027 0.025 0.053 0.016 0.035 0.035 0.01 0.114 0.136
96 L 0.088 0.023 0.019 0.019 0.015 0.017 0.023 0.028 0.014 0.148 0.162 0.028 0.047 0.044 0.016 0.038 0.073 0.008 0.066 0.125
97 S 0.074 0.035 0.132 0.047 0.013 0.028 0.043 0.053 0.023 0.026 0.037 0.045 0.013 0.03 0.022 0.216 0.059 0.007 0.063 0.034
98 K 0.057 0.154 0.037 0.033 0.009 0.037 0.048 0.149 0.017 0.022 0.036 0.191 0.013 0.015 0.021 0.078 0.037 0.005 0.014 0.028
99 L 0.051 0.02 0.014 0.015 0.016 0.014 0.019 0.02 0.008 0.155 0.245 0.022 0.034 0.038 0.014 0.025 0.037 0.005 0.019 0.23
100 A 0.131 0.031 0.073 0.033 0.014 0.057 0.038 0.043 0.015 0.117 0.073 0.041 0.02 0.023 0.021 0.058 0.114 0.005 0.016 0.076
101 T 0.052 0.077 0.031 0.027 0.011 0.024 0.033 0.098 0.069 0.044 0.052 0.043 0.015 0.032 0.085 0.047 0.107 0.007 0.067 0.078
102 D 0.1 0.031 0.093 0.205 0.012 0.027 0.057 0.052 0.017 0.025 0.034 0.043 0.012 0.016 0.023 0.143 0.061 0.004 0.013 0.033
103 W 0.032 0.03 0.017 0.017 0.008 0.018 0.025 0.026 0.017 0.053 0.079 0.064 0.017 0.055 0.01 0.024 0.024 0.351 0.092 0.04
104 F 0.03 0.018 0.015 0.015 0.009 0.011 0.018 0.022 0.018 0.053 0.095 0.018 0.022 0.419 0.01 0.023 0.023 0.016 0.118 0.047
105 P 0.149 0.028 0.031 0.033 0.014 0.023 0.038 0.051 0.014 0.028 0.039 0.041 0.012 0.016 0.225 0.151 0.05 0.004 0.014 0.039
106 V 0.095 0.019 0.015 0.017 0.016 0.015 0.021 0.026 0.008 0.199 0.117 0.024 0.028 0.032 0.015 0.032 0.041 0.005 0.018 0.258
107 C 0.131 0.021 0.017 0.018 0.148 0.016 0.022 0.035 0.011 0.068 0.132 0.026 0.052 0.082 0.016 0.041 0.035 0.006 0.024 0.099
108 V 0.055 0.019 0.014 0.015 0.016 0.014 0.019 0.021 0.008 0.18 0.163 0.022 0.031 0.035 0.014 0.027 0.04 0.005 0.018 0.286
109 D 0.036 0.026 0.061 0.471 0.007 0.026 0.08 0.041 0.016 0.02 0.025 0.039 0.008 0.013 0.02 0.046 0.031 0.003 0.01 0.021
110 L 0.133 0.024 0.019 0.02 0.082 0.018 0.025 0.036 0.011 0.075 0.176 0.029 0.055 0.031 0.018 0.046 0.074 0.005 0.017 0.105
111 V 0.051 0.019 0.014 0.015 0.016 0.014 0.019 0.02 0.008 0.188 0.207 0.022 0.033 0.037 0.014 0.025 0.038 0.005 0.018 0.239
112 C 0.07 0.023 0.028 0.026 0.214 0.018 0.027 0.104 0.011 0.047 0.055 0.03 0.015 0.02 0.019 0.112 0.081 0.004 0.013 0.083
113 L 0.043 0.031 0.022 0.039 0.011 0.031 0.156 0.024 0.015 0.069 0.26 0.04 0.059 0.035 0.016 0.033 0.031 0.006 0.018 0.063
114 L 0.062 0.027 0.029 0.026 0.014 0.021 0.03 0.034 0.015 0.066 0.158 0.034 0.024 0.04 0.019 0.112 0.119 0.008 0.065 0.096
115 K 0.05 0.094 0.036 0.036 0.008 0.047 0.062 0.038 0.018 0.024 0.038 0.367 0.014 0.014 0.024 0.047 0.035 0.005 0.015 0.029
116 I 0.041 0.017 0.014 0.015 0.013 0.012 0.017 0.02 0.01 0.225 0.169 0.02 0.031 0.145 0.012 0.023 0.032 0.008 0.033 0.145
117 F 0.035 0.018 0.014 0.014 0.012 0.011 0.017 0.02 0.012 0.111 0.238 0.019 0.031 0.254 0.011 0.022 0.026 0.01 0.049 0.075
118 L 0.041 0.02 0.014 0.015 0.012 0.014 0.019 0.023 0.011 0.118 0.149 0.022 0.055 0.095 0.011 0.024 0.031 0.144 0.037 0.142
119 P 0.098 0.021 0.022 0.023 0.147 0.017 0.026 0.102 0.01 0.046 0.053 0.03 0.014 0.018 0.153 0.047 0.072 0.004 0.013 0.082
120 F 0.038 0.019 0.016 0.017 0.011 0.013 0.02 0.023 0.016 0.088 0.107 0.022 0.022 0.256 0.079 0.026 0.028 0.012 0.095 0.094
121 I 0.037 0.016 0.014 0.015 0.012 0.011 0.016 0.02 0.01 0.246 0.13 0.019 0.029 0.198 0.012 0.022 0.03 0.009 0.041 0.115
122 A 0.155 0.021 0.021 0.021 0.015 0.016 0.024 0.139 0.011 0.103 0.08 0.028 0.02 0.079 0.018 0.044 0.037 0.006 0.023 0.138
123 F 0.065 0.022 0.018 0.018 0.012 0.017 0.023 0.026 0.019 0.076 0.097 0.026 0.052 0.16 0.014 0.033 0.051 0.013 0.129 0.13
124 K 0.046 0.077 0.032 0.031 0.008 0.04 0.053 0.034 0.024 0.028 0.043 0.282 0.014 0.039 0.022 0.042 0.032 0.01 0.112 0.032
125 Y 0.045 0.035 0.028 0.027 0.01 0.092 0.042 0.03 0.027 0.039 0.06 0.042 0.018 0.109 0.017 0.046 0.106 0.014 0.169 0.045
126 L 0.041 0.021 0.015 0.016 0.012 0.016 0.02 0.021 0.018 0.148 0.157 0.024 0.057 0.111 0.013 0.025 0.031 0.012 0.122 0.121
127 L 0.168 0.022 0.017 0.019 0.016 0.016 0.024 0.038 0.011 0.11 0.178 0.028 0.027 0.086 0.017 0.042 0.036 0.006 0.025 0.114
128 K 0.097 0.047 0.08 0.037 0.012 0.03 0.043 0.045 0.02 0.033 0.046 0.122 0.015 0.03 0.023 0.092 0.116 0.007 0.063 0.043
129 E 0.102 0.04 0.036 0.045 0.012 0.053 0.13 0.042 0.069 0.04 0.047 0.069 0.015 0.02 0.022 0.115 0.044 0.005 0.02 0.075
130 D 0.044 0.031 0.09 0.224 0.009 0.029 0.097 0.06 0.069 0.036 0.04 0.041 0.012 0.018 0.019 0.046 0.046 0.004 0.017 0.066
131 E 0.049 0.059 0.079 0.054 0.008 0.044 0.175 0.036 0.02 0.037 0.044 0.171 0.014 0.016 0.022 0.047 0.036 0.005 0.015 0.069
132 K 0.098 0.046 0.036 0.086 0.012 0.031 0.048 0.044 0.019 0.036 0.057 0.121 0.045 0.032 0.022 0.113 0.044 0.007 0.064 0.042
133 K 0.094 0.06 0.033 0.041 0.01 0.074 0.11 0.04 0.019 0.033 0.056 0.171 0.045 0.018 0.023 0.071 0.039 0.005 0.016 0.04
134 D 0.084 0.091 0.038 0.146 0.009 0.068 0.099 0.038 0.018 0.033 0.088 0.095 0.016 0.019 0.02 0.046 0.034 0.005 0.015 0.038
135 I 0.048 0.021 0.015 0.016 0.015 0.017 0.02 0.021 0.01 0.204 0.149 0.025 0.118 0.038 0.014 0.027 0.037 0.006 0.019 0.178
136 V 0.06 0.024 0.022 0.022 0.015 0.019 0.026 0.03 0.011 0.156 0.153 0.029 0.057 0.033 0.017 0.098 0.046 0.005 0.018 0.158
137 R 0.082 0.238 0.08 0.035 0.009 0.038 0.046 0.039 0.072 0.023 0.039 0.114 0.013 0.017 0.019 0.047 0.033 0.005 0.019 0.03
138 Y 0.08 0.024 0.065 0.024 0.012 0.018 0.025 0.031 0.023 0.124 0.126 0.029 0.023 0.063 0.015 0.035 0.032 0.012 0.161 0.075
139 L 0.04 0.022 0.013 0.014 0.014 0.016 0.019 0.019 0.01 0.1 0.417 0.023 0.071 0.047 0.013 0.023 0.03 0.006 0.02 0.084
140 R 0.128 0.135 0.027 0.026 0.012 0.029 0.038 0.039 0.018 0.041 0.099 0.093 0.019 0.033 0.02 0.051 0.072 0.008 0.064 0.049
141 P 0.049 0.031 0.021 0.027 0.009 0.021 0.034 0.031 0.012 0.065 0.047 0.076 0.013 0.015 0.421 0.037 0.033 0.003 0.013 0.043
142 L 0.041 0.021 0.016 0.018 0.012 0.015 0.022 0.024 0.011 0.101 0.186 0.025 0.056 0.141 0.148 0.027 0.03 0.007 0.032 0.069
143 A 0.272 0.03 0.032 0.032 0.018 0.025 0.039 0.065 0.014 0.033 0.046 0.042 0.015 0.019 0.026 0.165 0.054 0.005 0.015 0.052
144 K 0.05 0.094 0.036 0.036 0.008 0.047 0.062 0.038 0.018 0.024 0.038 0.367 0.014 0.014 0.024 0.047 0.035 0.005 0.015 0.029
145 L 0.079 0.021 0.014 0.015 0.014 0.014 0.02 0.026 0.01 0.098 0.305 0.023 0.034 0.096 0.013 0.028 0.03 0.053 0.03 0.076
146 F 0.033 0.019 0.015 0.015 0.01 0.012 0.018 0.021 0.017 0.065 0.183 0.019 0.027 0.315 0.011 0.023 0.024 0.014 0.104 0.056
147 L 0.087 0.021 0.017 0.018 0.082 0.015 0.021 0.028 0.009 0.144 0.227 0.026 0.03 0.035 0.016 0.037 0.072 0.005 0.017 0.092
148 W 0.084 0.022 0.016 0.017 0.013 0.017 0.023 0.029 0.015 0.108 0.094 0.026 0.051 0.048 0.014 0.032 0.033 0.145 0.076 0.138
149 L 0.058 0.025 0.024 0.022 0.015 0.019 0.026 0.029 0.01 0.089 0.217 0.03 0.029 0.033 0.018 0.075 0.116 0.005 0.018 0.141
150 G 0.187 0.025 0.029 0.028 0.015 0.02 0.03 0.25 0.012 0.042 0.048 0.035 0.014 0.019 0.021 0.088 0.041 0.005 0.013 0.08
151 A 0.137 0.024 0.023 0.023 0.015 0.019 0.027 0.107 0.012 0.063 0.126 0.031 0.051 0.082 0.018 0.077 0.039 0.006 0.024 0.094
152 I 0.084 0.018 0.015 0.016 0.014 0.013 0.019 0.026 0.01 0.186 0.144 0.022 0.028 0.142 0.014 0.03 0.034 0.008 0.033 0.145
153 F 0.033 0.016 0.015 0.015 0.077 0.009 0.016 0.023 0.014 0.054 0.095 0.017 0.021 0.407 0.01 0.024 0.024 0.013 0.069 0.048
154 G 0.226 0.026 0.03 0.029 0.015 0.021 0.032 0.255 0.013 0.028 0.04 0.037 0.012 0.017 0.022 0.094 0.041 0.005 0.013 0.043
155 V 0.052 0.02 0.017 0.017 0.015 0.015 0.021 0.022 0.008 0.166 0.198 0.024 0.031 0.036 0.015 0.032 0.075 0.005 0.018 0.211
156 I 0.088 0.018 0.014 0.017 0.015 0.014 0.019 0.025 0.008 0.266 0.127 0.024 0.029 0.034 0.015 0.03 0.038 0.005 0.018 0.194
157 S 0.096 0.035 0.047 0.043 0.015 0.029 0.046 0.058 0.017 0.026 0.037 0.047 0.014 0.018 0.026 0.316 0.072 0.005 0.015 0.037
158 Q 0.047 0.053 0.032 0.035 0.009 0.237 0.072 0.032 0.021 0.075 0.106 0.065 0.023 0.021 0.019 0.042 0.035 0.005 0.018 0.053
159 F 0.034 0.017 0.015 0.015 0.01 0.01 0.017 0.022 0.014 0.067 0.102 0.017 0.023 0.408 0.01 0.023 0.025 0.014 0.07 0.087
160 V 0.098 0.022 0.018 0.019 0.017 0.017 0.024 0.029 0.009 0.113 0.142 0.027 0.027 0.031 0.017 0.04 0.079 0.005 0.018 0.25
161 D 0.036 0.031 0.183 0.265 0.007 0.027 0.059 0.045 0.024 0.022 0.03 0.041 0.01 0.027 0.018 0.049 0.035 0.006 0.06 0.025
162 I 0.041 0.016 0.013 0.015 0.014 0.012 0.016 0.018 0.008 0.328 0.185 0.021 0.034 0.04 0.013 0.022 0.034 0.005 0.018 0.146
163 G 0.069 0.02 0.034 0.03 0.009 0.017 0.022 0.57 0.012 0.017 0.025 0.03 0.008 0.014 0.017 0.045 0.026 0.005 0.009 0.021
164 M 0.046 0.028 0.018 0.018 0.014 0.025 0.025 0.025 0.014 0.088 0.173 0.032 0.264 0.042 0.014 0.032 0.035 0.007 0.021 0.081
165 T 0.069 0.03 0.039 0.034 0.015 0.024 0.034 0.107 0.013 0.04 0.051 0.039 0.016 0.02 0.023 0.106 0.267 0.005 0.015 0.054
166 G 0.08 0.027 0.029 0.04 0.01 0.028 0.127 0.234 0.015 0.035 0.092 0.039 0.016 0.075 0.018 0.043 0.029 0.006 0.021 0.038
167 P 0.057 0.026 0.023 0.031 0.01 0.021 0.036 0.036 0.013 0.026 0.036 0.041 0.01 0.013 0.494 0.044 0.036 0.003 0.013 0.031
168 Q 0.056 0.074 0.044 0.047 0.009 0.215 0.103 0.041 0.029 0.026 0.047 0.091 0.021 0.015 0.024 0.056 0.041 0.006 0.021 0.035
169 G 0.057 0.033 0.129 0.045 0.012 0.026 0.034 0.203 0.02 0.046 0.084 0.041 0.065 0.027 0.018 0.052 0.039 0.006 0.017 0.047
170 D 0.051 0.032 0.087 0.158 0.008 0.032 0.133 0.106 0.022 0.022 0.033 0.045 0.011 0.027 0.02 0.08 0.037 0.007 0.061 0.028
171 E 0.051 0.093 0.033 0.054 0.009 0.044 0.212 0.031 0.019 0.039 0.047 0.1 0.015 0.017 0.021 0.049 0.072 0.005 0.015 0.073
172 R 0.039 0.425 0.034 0.027 0.007 0.042 0.046 0.029 0.02 0.02 0.041 0.105 0.014 0.015 0.017 0.039 0.031 0.005 0.015 0.027
173 Y 0.036 0.026 0.067 0.023 0.008 0.02 0.027 0.026 0.039 0.036 0.056 0.03 0.016 0.102 0.014 0.032 0.027 0.022 0.353 0.039
174 G 0.069 0.02 0.034 0.03 0.009 0.017 0.022 0.57 0.012 0.017 0.025 0.03 0.008 0.014 0.017 0.045 0.026 0.005 0.009 0.021
175 I 0.041 0.017 0.013 0.015 0.014 0.012 0.016 0.018 0.008 0.296 0.224 0.021 0.035 0.041 0.013 0.022 0.034 0.005 0.018 0.137
176 K 0.089 0.111 0.033 0.031 0.01 0.038 0.05 0.038 0.068 0.04 0.049 0.209 0.016 0.018 0.021 0.046 0.035 0.005 0.02 0.073
177 P 0.146 0.029 0.031 0.038 0.013 0.027 0.079 0.115 0.015 0.026 0.037 0.043 0.012 0.016 0.157 0.119 0.044 0.004 0.014 0.037
178 F 0.033 0.021 0.017 0.016 0.009 0.014 0.021 0.022 0.028 0.047 0.08 0.022 0.019 0.288 0.011 0.025 0.023 0.02 0.24 0.045
179 N 0.05 0.047 0.124 0.041 0.01 0.029 0.042 0.041 0.022 0.032 0.048 0.12 0.015 0.084 0.02 0.083 0.077 0.008 0.071 0.037
180 F 0.03 0.017 0.015 0.015 0.009 0.009 0.017 0.022 0.015 0.056 0.1 0.017 0.022 0.462 0.009 0.022 0.022 0.015 0.078 0.048
181 I 0.04 0.017 0.013 0.015 0.013 0.012 0.016 0.019 0.01 0.234 0.171 0.02 0.031 0.145 0.012 0.023 0.032 0.008 0.033 0.136
182 F 0.034 0.017 0.015 0.015 0.01 0.01 0.017 0.022 0.014 0.067 0.102 0.017 0.023 0.408 0.01 0.023 0.025 0.014 0.07 0.087
183 G 0.059 0.023 0.035 0.085 0.01 0.019 0.034 0.303 0.012 0.022 0.031 0.034 0.01 0.014 0.153 0.048 0.067 0.004 0.011 0.028
184 F 0.08 0.029 0.117 0.034 0.011 0.023 0.031 0.039 0.07 0.048 0.086 0.034 0.078 0.136 0.016 0.043 0.034 0.008 0.036 0.048
185 S 0.101 0.04 0.081 0.045 0.078 0.1 0.094 0.047 0.019 0.027 0.041 0.053 0.014 0.016 0.022 0.119 0.046 0.005 0.015 0.037
186 G 0.047 0.024 0.03 0.025 0.009 0.019 0.027 0.23 0.118 0.038 0.099 0.028 0.017 0.134 0.014 0.034 0.025 0.008 0.038 0.036
187 G 0.079 0.023 0.039 0.034 0.011 0.019 0.026 0.505 0.014 0.019 0.029 0.034 0.009 0.016 0.019 0.052 0.03 0.005 0.011 0.025
188 G 0.079 0.023 0.039 0.034 0.011 0.019 0.026 0.505 0.014 0.019 0.029 0.034 0.009 0.016 0.019 0.052 0.03 0.005 0.011 0.025
189 S 0.111 0.041 0.055 0.049 0.018 0.034 0.053 0.067 0.019 0.03 0.042 0.055 0.016 0.021 0.03 0.212 0.083 0.005 0.018 0.042
190 R 0.043 0.188 0.03 0.029 0.009 0.136 0.055 0.029 0.019 0.074 0.106 0.075 0.021 0.021 0.017 0.038 0.033 0.005 0.017 0.052
191 F 0.034 0.021 0.017 0.015 0.009 0.015 0.021 0.022 0.027 0.053 0.124 0.023 0.022 0.237 0.012 0.025 0.024 0.019 0.232 0.049
192 G 0.1 0.023 0.026 0.025 0.013 0.018 0.025 0.237 0.011 0.085 0.152 0.03 0.022 0.027 0.017 0.074 0.036 0.005 0.015 0.061
193 A 0.165 0.023 0.019 0.02 0.014 0.019 0.026 0.038 0.022 0.119 0.079 0.03 0.02 0.06 0.018 0.044 0.034 0.012 0.161 0.077
194 V 0.054 0.02 0.017 0.017 0.016 0.015 0.021 0.022 0.008 0.181 0.158 0.024 0.03 0.034 0.015 0.033 0.076 0.005 0.018 0.236
195 V 0.139 0.023 0.021 0.022 0.016 0.019 0.027 0.038 0.014 0.117 0.086 0.03 0.022 0.038 0.019 0.075 0.044 0.007 0.065 0.179
196 L 0.168 0.025 0.018 0.019 0.016 0.02 0.026 0.039 0.012 0.107 0.194 0.031 0.087 0.035 0.018 0.044 0.037 0.006 0.018 0.083
197 C 0.059 0.019 0.018 0.018 0.215 0.015 0.02 0.028 0.009 0.112 0.129 0.024 0.023 0.028 0.015 0.065 0.04 0.005 0.015 0.143
198 A 0.298 0.025 0.02 0.023 0.085 0.02 0.031 0.058 0.012 0.051 0.06 0.034 0.017 0.02 0.023 0.064 0.042 0.005 0.015 0.096
199 L 0.04 0.02 0.013 0.014 0.014 0.013 0.017 0.019 0.009 0.147 0.33 0.021 0.038 0.097 0.012 0.022 0.03 0.007 0.026 0.11
200 L 0.208 0.024 0.017 0.02 0.017 0.018 0.027 0.044 0.011 0.07 0.252 0.031 0.029 0.033 0.019 0.048 0.037 0.005 0.017 0.072
201 I 0.052 0.019 0.017 0.018 0.015 0.014 0.02 0.022 0.008 0.24 0.124 0.024 0.029 0.034 0.015 0.032 0.076 0.005 0.018 0.22
202 L 0.043 0.018 0.013 0.015 0.015 0.013 0.017 0.019 0.008 0.236 0.258 0.022 0.036 0.041 0.013 0.023 0.034 0.006 0.019 0.154
203 L 0.099 0.026 0.023 0.023 0.015 0.02 0.028 0.036 0.012 0.078 0.221 0.032 0.058 0.034 0.018 0.104 0.044 0.006 0.018 0.103
204 F 0.06 0.027 0.028 0.026 0.014 0.021 0.03 0.036 0.015 0.063 0.149 0.032 0.056 0.164 0.017 0.107 0.045 0.009 0.04 0.06
205 T 0.074 0.036 0.044 0.038 0.018 0.028 0.04 0.044 0.014 0.054 0.066 0.046 0.02 0.024 0.028 0.094 0.239 0.006 0.018 0.072
206 N 0.054 0.044 0.173 0.048 0.011 0.03 0.042 0.046 0.019 0.056 0.048 0.096 0.015 0.019 0.021 0.092 0.119 0.005 0.015 0.047
207 K 0.055 0.068 0.037 0.053 0.008 0.048 0.18 0.038 0.02 0.023 0.036 0.214 0.013 0.015 0.024 0.081 0.039 0.005 0.015 0.029
208 R 0.045 0.099 0.03 0.028 0.01 0.069 0.045 0.03 0.075 0.088 0.094 0.096 0.085 0.028 0.017 0.037 0.034 0.006 0.023 0.062
209 D 0.104 0.029 0.041 0.154 0.014 0.024 0.048 0.045 0.014 0.05 0.053 0.039 0.016 0.02 0.022 0.095 0.126 0.005 0.014 0.088
210 K 0.049 0.106 0.051 0.041 0.01 0.075 0.097 0.034 0.019 0.073 0.057 0.132 0.017 0.019 0.021 0.049 0.077 0.005 0.016 0.052
211 K 0.097 0.107 0.033 0.031 0.012 0.034 0.045 0.04 0.019 0.034 0.049 0.154 0.015 0.027 0.023 0.059 0.119 0.007 0.051 0.045
212 K 0.049 0.057 0.111 0.047 0.009 0.037 0.089 0.04 0.023 0.027 0.04 0.166 0.013 0.028 0.021 0.063 0.075 0.007 0.063 0.034
213 L 0.038 0.136 0.08 0.09 0.01 0.026 0.039 0.032 0.017 0.049 0.16 0.052 0.023 0.087 0.015 0.037 0.032 0.007 0.025 0.046
214 R 0.038 0.173 0.023 0.02 0.009 0.026 0.031 0.024 0.025 0.08 0.113 0.055 0.021 0.06 0.015 0.03 0.029 0.013 0.161 0.055
215 F 0.035 0.121 0.02 0.018 0.01 0.021 0.025 0.024 0.016 0.056 0.127 0.042 0.062 0.246 0.012 0.028 0.027 0.01 0.048 0.051
216 Y 0.037 0.024 0.019 0.018 0.008 0.019 0.025 0.023 0.037 0.036 0.057 0.028 0.015 0.102 0.081 0.029 0.025 0.022 0.353 0.039
217 Y 0.045 0.031 0.027 0.042 0.009 0.033 0.159 0.027 0.026 0.073 0.06 0.043 0.017 0.056 0.018 0.041 0.068 0.012 0.16 0.053
218 L 0.128 0.022 0.018 0.02 0.016 0.017 0.023 0.033 0.01 0.176 0.188 0.028 0.029 0.034 0.017 0.042 0.074 0.005 0.017 0.102
219 L 0.084 0.02 0.014 0.016 0.081 0.014 0.019 0.026 0.009 0.15 0.277 0.023 0.034 0.038 0.014 0.03 0.033 0.005 0.018 0.095
220 A 0.219 0.026 0.024 0.025 0.016 0.021 0.031 0.116 0.012 0.056 0.072 0.035 0.047 0.023 0.022 0.061 0.077 0.005 0.016 0.096
221 C 0.049 0.017 0.014 0.015 0.214 0.012 0.016 0.023 0.008 0.148 0.186 0.02 0.028 0.032 0.014 0.028 0.034 0.005 0.016 0.123
222 V 0.045 0.018 0.014 0.015 0.014 0.012 0.018 0.02 0.009 0.18 0.163 0.021 0.03 0.143 0.012 0.024 0.034 0.008 0.033 0.187
223 N 0.102 0.034 0.126 0.043 0.079 0.06 0.043 0.117 0.018 0.026 0.038 0.044 0.013 0.017 0.021 0.12 0.046 0.004 0.014 0.035
224 L 0.043 0.029 0.018 0.019 0.013 0.055 0.029 0.023 0.013 0.119 0.258 0.033 0.121 0.04 0.014 0.029 0.033 0.006 0.02 0.085
225 I 0.041 0.017 0.013 0.015 0.014 0.012 0.016 0.018 0.008 0.296 0.224 0.021 0.035 0.041 0.013 0.022 0.034 0.005 0.018 0.137
226 L 0.047 0.024 0.018 0.018 0.014 0.018 0.023 0.025 0.015 0.082 0.316 0.027 0.064 0.052 0.015 0.06 0.035 0.008 0.067 0.073
227 T 0.179 0.028 0.029 0.028 0.017 0.022 0.033 0.047 0.012 0.083 0.067 0.037 0.018 0.022 0.023 0.071 0.19 0.005 0.016 0.073
228 T 0.061 0.03 0.035 0.03 0.015 0.023 0.032 0.036 0.012 0.054 0.106 0.038 0.021 0.024 0.023 0.074 0.3 0.005 0.016 0.065
229 K 0.05 0.094 0.036 0.036 0.008 0.047 0.062 0.038 0.018 0.024 0.038 0.367 0.014 0.014 0.024 0.047 0.035 0.005 0.015 0.029
230 G 0.079 0.026 0.039 0.035 0.012 0.021 0.031 0.378 0.014 0.02 0.029 0.036 0.01 0.016 0.02 0.147 0.043 0.005 0.012 0.027
231 P 0.066 0.024 0.025 0.027 0.014 0.02 0.031 0.035 0.011 0.069 0.064 0.034 0.017 0.021 0.22 0.104 0.046 0.004 0.015 0.154
232 P 0.146 0.026 0.026 0.028 0.015 0.021 0.033 0.045 0.012 0.058 0.059 0.036 0.016 0.02 0.156 0.114 0.048 0.004 0.015 0.121
233 L 0.039 0.02 0.015 0.015 0.012 0.015 0.019 0.02 0.02 0.175 0.191 0.024 0.029 0.07 0.013 0.024 0.03 0.013 0.162 0.095
234 L 0.049 0.02 0.014 0.015 0.015 0.015 0.019 0.02 0.009 0.181 0.214 0.023 0.062 0.039 0.014 0.026 0.037 0.006 0.019 0.204
235 F 0.038 0.018 0.014 0.015 0.011 0.012 0.018 0.023 0.012 0.109 0.096 0.02 0.023 0.199 0.01 0.023 0.029 0.146 0.051 0.134
236 S 0.113 0.029 0.034 0.032 0.016 0.024 0.036 0.047 0.014 0.081 0.107 0.039 0.02 0.025 0.022 0.183 0.092 0.005 0.016 0.064
237 V 0.097 0.019 0.018 0.019 0.016 0.015 0.021 0.095 0.009 0.169 0.104 0.025 0.025 0.029 0.016 0.035 0.039 0.005 0.017 0.228
238 I 0.053 0.023 0.022 0.021 0.081 0.018 0.024 0.029 0.012 0.133 0.111 0.028 0.082 0.085 0.016 0.07 0.076 0.007 0.025 0.084
239 F 0.035 0.019 0.016 0.016 0.01 0.014 0.019 0.021 0.023 0.125 0.097 0.022 0.023 0.226 0.012 0.024 0.026 0.016 0.184 0.072
240 I 0.043 0.018 0.013 0.015 0.014 0.012 0.017 0.019 0.009 0.222 0.212 0.021 0.033 0.093 0.013 0.023 0.033 0.007 0.026 0.158
241 F 0.043 0.017 0.016 0.017 0.012 0.012 0.017 0.089 0.011 0.176 0.11 0.021 0.025 0.194 0.012 0.026 0.03 0.009 0.039 0.124
242 L 0.04 0.021 0.013 0.014 0.014 0.015 0.018 0.019 0.009 0.132 0.379 0.023 0.07 0.046 0.013 0.023 0.031 0.006 0.02 0.093
243 L 0.089 0.032 0.021 0.022 0.013 0.021 0.029 0.033 0.012 0.069 0.254 0.07 0.03 0.088 0.017 0.068 0.036 0.007 0.025 0.064
244 I 0.044 0.027 0.017 0.018 0.013 0.017 0.023 0.021 0.013 0.251 0.119 0.065 0.027 0.044 0.015 0.027 0.035 0.007 0.066 0.15
245 Y 0.039 0.025 0.018 0.016 0.01 0.02 0.024 0.022 0.03 0.059 0.137 0.028 0.082 0.088 0.014 0.028 0.028 0.018 0.259 0.056
246 F 0.03 0.019 0.015 0.014 0.008 0.012 0.019 0.024 0.017 0.045 0.097 0.02 0.02 0.239 0.009 0.022 0.022 0.218 0.108 0.041
247 K 0.047 0.155 0.031 0.03 0.009 0.071 0.052 0.031 0.021 0.04 0.051 0.18 0.016 0.029 0.019 0.041 0.034 0.007 0.064 0.071
248 K 0.045 0.164 0.037 0.039 0.007 0.045 0.096 0.034 0.071 0.022 0.037 0.223 0.013 0.016 0.021 0.044 0.032 0.005 0.02 0.027
249 D 0.041 0.03 0.069 0.397 0.008 0.03 0.091 0.047 0.019 0.022 0.028 0.045 0.009 0.015 0.022 0.052 0.035 0.004 0.011 0.024
250 R 0.047 0.189 0.087 0.092 0.008 0.037 0.052 0.039 0.072 0.021 0.035 0.107 0.012 0.017 0.019 0.078 0.037 0.005 0.019 0.027
251 A 0.136 0.082 0.037 0.098 0.012 0.035 0.13 0.046 0.017 0.028 0.041 0.055 0.013 0.017 0.023 0.091 0.078 0.005 0.014 0.04
252 T 0.074 0.036 0.044 0.038 0.018 0.028 0.04 0.044 0.014 0.054 0.066 0.046 0.02 0.024 0.028 0.094 0.239 0.006 0.018 0.072
253 S 0.111 0.041 0.055 0.049 0.018 0.034 0.053 0.067 0.019 0.03 0.042 0.055 0.016 0.021 0.03 0.212 0.083 0.005 0.018 0.042
254 Y 0.041 0.028 0.022 0.019 0.009 0.022 0.028 0.025 0.047 0.044 0.069 0.032 0.019 0.132 0.016 0.032 0.028 0.028 0.311 0.047
255 K 0.05 0.084 0.037 0.042 0.007 0.081 0.106 0.037 0.02 0.023 0.038 0.293 0.014 0.014 0.024 0.047 0.035 0.005 0.015 0.029
256 L 0.039 0.019 0.013 0.014 0.014 0.013 0.017 0.019 0.009 0.193 0.294 0.021 0.037 0.096 0.012 0.022 0.031 0.007 0.026 0.106
257 K 0.054 0.063 0.087 0.096 0.009 0.037 0.057 0.043 0.018 0.026 0.037 0.205 0.013 0.015 0.023 0.086 0.078 0.004 0.014 0.032
258 I 0.051 0.031 0.023 0.024 0.013 0.021 0.029 0.028 0.011 0.138 0.131 0.071 0.024 0.028 0.085 0.043 0.111 0.005 0.016 0.117
259 W 0.043 0.124 0.024 0.022 0.009 0.023 0.031 0.031 0.015 0.034 0.093 0.047 0.017 0.033 0.081 0.064 0.032 0.211 0.032 0.035
260 T 0.052 0.038 0.122 0.039 0.013 0.026 0.036 0.038 0.016 0.056 0.104 0.078 0.02 0.023 0.02 0.058 0.151 0.005 0.016 0.088
261 I 0.043 0.018 0.014 0.015 0.014 0.013 0.018 0.019 0.012 0.261 0.17 0.022 0.031 0.048 0.013 0.023 0.034 0.008 0.066 0.157
262 V 0.133 0.021 0.016 0.018 0.016 0.016 0.023 0.032 0.009 0.166 0.149 0.026 0.028 0.032 0.017 0.038 0.04 0.005 0.018 0.199
263 F 0.042 0.018 0.014 0.015 0.013 0.012 0.017 0.021 0.01 0.16 0.159 0.02 0.029 0.197 0.012 0.024 0.032 0.009 0.041 0.157
264 L 0.044 0.021 0.016 0.016 0.014 0.015 0.019 0.088 0.01 0.154 0.288 0.024 0.064 0.041 0.013 0.026 0.031 0.006 0.018 0.094
265 A 0.25 0.027 0.027 0.028 0.017 0.022 0.033 0.123 0.013 0.041 0.096 0.037 0.018 0.022 0.023 0.104 0.044 0.005 0.015 0.055
266 V 0.094 0.021 0.015 0.016 0.016 0.015 0.021 0.027 0.008 0.134 0.193 0.025 0.03 0.034 0.015 0.032 0.039 0.005 0.018 0.24
267 G 0.093 0.02 0.02 0.02 0.014 0.015 0.021 0.164 0.01 0.11 0.129 0.025 0.023 0.082 0.015 0.036 0.034 0.006 0.023 0.138
268 G 0.101 0.019 0.023 0.022 0.08 0.015 0.022 0.234 0.01 0.097 0.07 0.027 0.018 0.023 0.016 0.041 0.034 0.005 0.014 0.131
269 L 0.043 0.018 0.013 0.015 0.015 0.013 0.017 0.019 0.008 0.236 0.258 0.022 0.036 0.041 0.013 0.023 0.034 0.006 0.019 0.154
270 L 0.128 0.021 0.018 0.019 0.015 0.016 0.022 0.1 0.01 0.14 0.223 0.027 0.029 0.034 0.016 0.038 0.034 0.005 0.017 0.088
271 L 0.128 0.021 0.016 0.018 0.015 0.015 0.022 0.032 0.01 0.123 0.186 0.026 0.028 0.087 0.016 0.037 0.036 0.006 0.025 0.151
272 G 0.079 0.026 0.039 0.035 0.012 0.021 0.031 0.378 0.014 0.02 0.029 0.036 0.01 0.016 0.02 0.147 0.043 0.005 0.012 0.027
273 T 0.103 0.083 0.036 0.033 0.013 0.062 0.043 0.11 0.016 0.033 0.046 0.053 0.015 0.018 0.022 0.096 0.153 0.005 0.015 0.045
274 F 0.036 0.019 0.016 0.015 0.011 0.013 0.019 0.022 0.017 0.069 0.106 0.021 0.052 0.312 0.011 0.025 0.027 0.014 0.104 0.09
275 Q 0.049 0.064 0.039 0.041 0.008 0.311 0.09 0.036 0.026 0.023 0.041 0.08 0.018 0.013 0.021 0.049 0.036 0.005 0.018 0.031
276 I 0.041 0.016 0.013 0.016 0.014 0.012 0.016 0.018 0.008 0.361 0.147 0.021 0.032 0.039 0.013 0.022 0.035 0.005 0.018 0.155
277 N 0.046 0.048 0.174 0.057 0.009 0.138 0.102 0.044 0.024 0.024 0.037 0.061 0.014 0.015 0.02 0.058 0.076 0.005 0.016 0.032
278 T 0.061 0.034 0.13 0.044 0.014 0.026 0.038 0.045 0.017 0.037 0.047 0.043 0.015 0.019 0.023 0.106 0.232 0.005 0.015 0.049
279 Y 0.036 0.025 0.019 0.016 0.008 0.019 0.025 0.022 0.041 0.038 0.06 0.027 0.016 0.115 0.014 0.027 0.025 0.025 0.402 0.041
280 L 0.037 0.019 0.013 0.014 0.013 0.013 0.017 0.02 0.01 0.122 0.326 0.021 0.037 0.15 0.012 0.022 0.028 0.008 0.034 0.084
281 L 0.042 0.132 0.022 0.021 0.012 0.028 0.032 0.025 0.014 0.101 0.19 0.088 0.086 0.033 0.016 0.032 0.033 0.006 0.018 0.071
282 D 0.037 0.033 0.231 0.272 0.007 0.028 0.062 0.049 0.022 0.02 0.026 0.043 0.009 0.014 0.019 0.053 0.037 0.004 0.012 0.022
283 L 0.086 0.085 0.029 0.086 0.011 0.03 0.084 0.034 0.018 0.051 0.102 0.086 0.019 0.034 0.019 0.042 0.034 0.007 0.064 0.081
284 E 0.052 0.04 0.132 0.112 0.009 0.07 0.138 0.044 0.021 0.024 0.035 0.054 0.012 0.016 0.021 0.089 0.079 0.004 0.014 0.032
285 A 0.237 0.031 0.035 0.034 0.017 0.026 0.041 0.063 0.015 0.032 0.044 0.043 0.015 0.019 0.026 0.195 0.058 0.005 0.015 0.049
286 P 0.05 0.023 0.02 0.027 0.009 0.018 0.032 0.032 0.011 0.023 0.032 0.036 0.009 0.011 0.556 0.039 0.032 0.002 0.011 0.027
287 R 0.039 0.425 0.034 0.027 0.007 0.042 0.046 0.029 0.02 0.02 0.041 0.105 0.014 0.015 0.017 0.039 0.031 0.005 0.015 0.027
288 L 0.085 0.075 0.02 0.019 0.013 0.023 0.027 0.029 0.02 0.07 0.141 0.038 0.083 0.053 0.016 0.035 0.033 0.011 0.114 0.097
289 L 0.051 0.024 0.022 0.021 0.015 0.018 0.024 0.026 0.01 0.119 0.224 0.029 0.03 0.035 0.017 0.045 0.148 0.006 0.018 0.119
290 L 0.036 0.02 0.013 0.014 0.012 0.012 0.017 0.02 0.011 0.084 0.32 0.02 0.036 0.203 0.011 0.022 0.027 0.009 0.041 0.071
291 F 0.035 0.017 0.014 0.015 0.012 0.011 0.016 0.02 0.011 0.176 0.162 0.019 0.029 0.252 0.011 0.022 0.028 0.01 0.048 0.093
292 R 0.042 0.146 0.077 0.039 0.007 0.038 0.086 0.033 0.026 0.026 0.042 0.139 0.014 0.04 0.019 0.042 0.032 0.01 0.112 0.031
293 Y 0.036 0.025 0.019 0.016 0.008 0.019 0.025 0.022 0.041 0.038 0.06 0.027 0.016 0.115 0.014 0.027 0.025 0.025 0.402 0.041
294 G 0.072 0.022 0.036 0.031 0.01 0.018 0.025 0.506 0.012 0.018 0.026 0.032 0.009 0.015 0.018 0.079 0.032 0.005 0.01 0.023
295 L 0.045 0.019 0.019 0.019 0.012 0.014 0.019 0.157 0.014 0.131 0.176 0.024 0.026 0.097 0.013 0.028 0.028 0.009 0.072 0.076
296 K 0.05 0.069 0.031 0.037 0.009 0.04 0.091 0.032 0.016 0.081 0.06 0.243 0.017 0.019 0.021 0.042 0.036 0.005 0.016 0.086
297 T 0.064 0.031 0.038 0.033 0.016 0.024 0.035 0.038 0.012 0.047 0.057 0.04 0.017 0.021 0.024 0.081 0.339 0.005 0.016 0.062
298 A 0.377 0.027 0.022 0.026 0.019 0.022 0.036 0.069 0.013 0.038 0.052 0.039 0.015 0.019 0.026 0.075 0.044 0.005 0.015 0.06
299 N 0.039 0.089 0.261 0.056 0.009 0.064 0.046 0.046 0.024 0.03 0.084 0.056 0.016 0.019 0.017 0.052 0.039 0.005 0.015 0.033
300 R 0.09 0.182 0.034 0.041 0.01 0.039 0.126 0.037 0.018 0.029 0.044 0.071 0.014 0.017 0.021 0.056 0.11 0.005 0.015 0.04
301 Y 0.035 0.024 0.019 0.016 0.008 0.018 0.024 0.022 0.038 0.04 0.065 0.026 0.017 0.158 0.013 0.027 0.024 0.023 0.361 0.042
302 F 0.03 0.017 0.015 0.015 0.009 0.009 0.017 0.022 0.015 0.056 0.1 0.017 0.022 0.462 0.009 0.022 0.022 0.015 0.078 0.048
303 P 0.05 0.023 0.02 0.027 0.009 0.018 0.032 0.032 0.011 0.023 0.032 0.036 0.009 0.011 0.556 0.039 0.032 0.002 0.011 0.027
304 F 0.034 0.019 0.014 0.014 0.012 0.012 0.017 0.021 0.012 0.077 0.262 0.019 0.032 0.272 0.011 0.022 0.025 0.011 0.051 0.065
305 G 0.069 0.02 0.034 0.03 0.009 0.017 0.022 0.57 0.012 0.017 0.025 0.03 0.008 0.014 0.017 0.045 0.026 0.005 0.009 0.021
306 S 0.167 0.033 0.041 0.039 0.016 0.027 0.043 0.061 0.016 0.029 0.041 0.045 0.014 0.018 0.026 0.255 0.065 0.005 0.015 0.043
307 G 0.069 0.02 0.034 0.03 0.009 0.017 0.022 0.57 0.012 0.017 0.025 0.03 0.008 0.014 0.017 0.045 0.026 0.005 0.009 0.021
308 F 0.03 0.017 0.015 0.015 0.009 0.009 0.017 0.022 0.015 0.056 0.1 0.017 0.022 0.462 0.009 0.022 0.022 0.015 0.078 0.048
309 A 0.307 0.029 0.029 0.03 0.018 0.024 0.038 0.066 0.014 0.035 0.048 0.041 0.015 0.019 0.026 0.135 0.051 0.005 0.015 0.054
310 T 0.064 0.031 0.038 0.033 0.016 0.024 0.035 0.038 0.012 0.047 0.057 0.04 0.017 0.021 0.024 0.081 0.339 0.005 0.016 0.062
311 Y 0.034 0.023 0.018 0.016 0.008 0.017 0.023 0.022 0.034 0.043 0.07 0.025 0.018 0.202 0.013 0.026 0.024 0.022 0.321 0.043
312 G 0.067 0.019 0.032 0.028 0.077 0.016 0.021 0.503 0.011 0.019 0.029 0.028 0.009 0.015 0.016 0.044 0.027 0.005 0.01 0.025
313 S 0.096 0.035 0.047 0.043 0.015 0.029 0.046 0.058 0.017 0.026 0.037 0.047 0.014 0.018 0.026 0.316 0.072 0.005 0.015 0.037
314 D 0.038 0.026 0.056 0.416 0.007 0.025 0.074 0.04 0.016 0.02 0.025 0.039 0.008 0.013 0.087 0.045 0.031 0.003 0.01 0.022
315 M 0.049 0.041 0.025 0.026 0.012 0.131 0.049 0.029 0.018 0.071 0.116 0.049 0.142 0.03 0.017 0.038 0.037 0.006 0.02 0.097
316 A 0.377 0.027 0.022 0.026 0.019 0.022 0.036 0.069 0.013 0.038 0.052 0.039 0.015 0.019 0.026 0.075 0.044 0.005 0.015 0.06
317 A 0.336 0.036 0.024 0.027 0.018 0.026 0.039 0.065 0.014 0.036 0.05 0.08 0.015 0.018 0.026 0.071 0.043 0.005 0.015 0.056
318 R 0.052 0.243 0.034 0.03 0.009 0.038 0.047 0.034 0.018 0.038 0.049 0.153 0.015 0.017 0.02 0.074 0.038 0.005 0.016 0.07
319 N 0.037 0.036 0.305 0.059 0.008 0.027 0.039 0.048 0.031 0.024 0.036 0.042 0.011 0.041 0.017 0.053 0.039 0.009 0.111 0.028
