#Seq2Logo.py -f /work3/idamei/ssn-clusterings/clustering/2205181126/clusters/0019_178/sequences.afa -o /work3/idamei/ssn-clusterings/clustering/2205181126/clusters/0019_178/sequences.logo
#Position Specific Frequency Matrix
A R N D C Q E G H I L K M F P S T W Y V
0 M 0.049 0.03 0.019 0.019 0.015 0.026 0.026 0.026 0.015 0.094 0.185 0.034 0.212 0.045 0.015 0.034 0.038 0.008 0.023 0.087
1 L 0.083 0.037 0.051 0.063 0.05 0.043 0.045 0.08 0.018 0.042 0.098 0.062 0.019 0.03 0.022 0.096 0.063 0.007 0.041 0.048
2 Y 0.041 0.028 0.022 0.019 0.009 0.022 0.028 0.025 0.047 0.044 0.069 0.031 0.019 0.131 0.016 0.031 0.028 0.028 0.316 0.047
3 S 0.081 0.036 0.037 0.034 0.017 0.031 0.04 0.047 0.018 0.065 0.119 0.045 0.089 0.034 0.023 0.129 0.061 0.007 0.021 0.067
4 N 0.05 0.076 0.18 0.062 0.009 0.044 0.06 0.054 0.026 0.025 0.037 0.167 0.013 0.017 0.024 0.061 0.044 0.005 0.016 0.03
5 I 0.048 0.023 0.044 0.023 0.014 0.017 0.023 0.026 0.016 0.173 0.153 0.028 0.03 0.051 0.016 0.034 0.057 0.009 0.072 0.141
6 L 0.096 0.026 0.021 0.022 0.094 0.036 0.03 0.035 0.012 0.107 0.147 0.033 0.041 0.063 0.018 0.051 0.04 0.006 0.023 0.1
7 F 0.044 0.026 0.02 0.019 0.104 0.038 0.028 0.026 0.023 0.055 0.114 0.03 0.034 0.165 0.014 0.032 0.03 0.014 0.13 0.055
8 L 0.073 0.021 0.015 0.017 0.016 0.015 0.021 0.027 0.011 0.16 0.249 0.025 0.038 0.085 0.015 0.03 0.035 0.007 0.028 0.111
9 I 0.047 0.018 0.015 0.018 0.016 0.013 0.018 0.021 0.009 0.271 0.168 0.024 0.037 0.044 0.015 0.025 0.04 0.006 0.021 0.177
10 G 0.084 0.03 0.043 0.038 0.014 0.024 0.035 0.286 0.015 0.03 0.04 0.041 0.013 0.019 0.023 0.106 0.099 0.005 0.014 0.04
11 I 0.085 0.02 0.016 0.018 0.017 0.015 0.021 0.028 0.009 0.232 0.139 0.026 0.032 0.038 0.016 0.033 0.042 0.006 0.019 0.189
12 I 0.12 0.023 0.019 0.021 0.017 0.018 0.025 0.036 0.011 0.174 0.145 0.03 0.044 0.035 0.019 0.045 0.061 0.006 0.019 0.132
13 L 0.054 0.023 0.02 0.02 0.053 0.016 0.023 0.028 0.011 0.119 0.219 0.027 0.033 0.098 0.016 0.062 0.04 0.007 0.029 0.103
14 C 0.059 0.021 0.02 0.019 0.245 0.015 0.021 0.03 0.01 0.067 0.149 0.025 0.025 0.059 0.016 0.054 0.057 0.006 0.021 0.082
15 I 0.055 0.021 0.02 0.021 0.051 0.016 0.022 0.063 0.01 0.179 0.136 0.026 0.028 0.062 0.016 0.049 0.057 0.006 0.022 0.139
16 L 0.073 0.02 0.02 0.021 0.014 0.015 0.021 0.144 0.011 0.141 0.148 0.026 0.027 0.093 0.015 0.034 0.034 0.007 0.027 0.107
17 L 0.07 0.023 0.021 0.021 0.014 0.017 0.024 0.031 0.013 0.11 0.174 0.028 0.042 0.148 0.016 0.059 0.044 0.009 0.038 0.097
18 A 0.122 0.026 0.028 0.027 0.016 0.02 0.031 0.08 0.013 0.092 0.103 0.034 0.022 0.084 0.021 0.095 0.064 0.007 0.027 0.089
19 V 0.051 0.019 0.015 0.016 0.015 0.013 0.019 0.022 0.01 0.177 0.15 0.022 0.031 0.121 0.014 0.027 0.038 0.008 0.033 0.199
20 V 0.052 0.021 0.016 0.017 0.015 0.015 0.021 0.023 0.012 0.142 0.16 0.024 0.03 0.118 0.014 0.033 0.038 0.009 0.056 0.185
21 G 0.15 0.026 0.032 0.03 0.051 0.021 0.032 0.194 0.014 0.041 0.053 0.036 0.015 0.048 0.022 0.101 0.045 0.006 0.019 0.063
22 Q 0.056 0.074 0.044 0.047 0.009 0.212 0.103 0.041 0.029 0.027 0.047 0.092 0.021 0.015 0.024 0.056 0.041 0.006 0.021 0.035
23 I 0.044 0.039 0.021 0.021 0.011 0.024 0.031 0.027 0.02 0.113 0.112 0.089 0.037 0.091 0.016 0.032 0.033 0.048 0.101 0.091
24 K 0.046 0.076 0.049 0.029 0.011 0.03 0.04 0.032 0.016 0.092 0.125 0.138 0.024 0.084 0.018 0.038 0.036 0.007 0.027 0.081
25 T 0.061 0.068 0.034 0.031 0.014 0.046 0.043 0.036 0.015 0.075 0.099 0.087 0.035 0.026 0.022 0.072 0.131 0.006 0.018 0.082
26 E 0.05 0.055 0.036 0.065 0.007 0.053 0.236 0.033 0.026 0.025 0.04 0.119 0.013 0.031 0.023 0.048 0.034 0.008 0.065 0.032
27 K 0.052 0.154 0.038 0.037 0.008 0.062 0.062 0.074 0.02 0.024 0.04 0.24 0.014 0.015 0.023 0.048 0.036 0.005 0.016 0.03
28 K 0.057 0.107 0.042 0.042 0.009 0.054 0.071 0.043 0.021 0.028 0.043 0.278 0.016 0.016 0.028 0.054 0.04 0.005 0.017 0.033
29 T 0.057 0.049 0.084 0.04 0.012 0.032 0.045 0.043 0.045 0.039 0.057 0.102 0.029 0.024 0.022 0.077 0.131 0.042 0.023 0.047
30 I 0.046 0.046 0.041 0.022 0.014 0.017 0.023 0.025 0.012 0.185 0.14 0.031 0.029 0.065 0.014 0.029 0.037 0.043 0.027 0.154
31 L 0.041 0.019 0.014 0.016 0.014 0.013 0.018 0.02 0.01 0.19 0.26 0.022 0.038 0.1 0.013 0.023 0.033 0.007 0.029 0.117
32 N 0.04 0.042 0.337 0.075 0.008 0.032 0.047 0.059 0.056 0.021 0.03 0.05 0.011 0.018 0.019 0.064 0.045 0.004 0.018 0.025
33 P 0.053 0.024 0.021 0.028 0.01 0.019 0.033 0.033 0.012 0.045 0.043 0.038 0.011 0.014 0.488 0.04 0.034 0.003 0.013 0.039
34 L 0.05 0.02 0.016 0.017 0.015 0.014 0.019 0.058 0.009 0.186 0.232 0.024 0.036 0.041 0.014 0.027 0.036 0.006 0.019 0.16
35 T 0.064 0.029 0.033 0.031 0.015 0.022 0.033 0.038 0.013 0.084 0.076 0.037 0.02 0.081 0.058 0.091 0.168 0.007 0.026 0.072
36 I 0.05 0.02 0.015 0.016 0.016 0.015 0.019 0.021 0.009 0.209 0.204 0.024 0.048 0.042 0.014 0.026 0.039 0.006 0.02 0.186
37 F 0.032 0.018 0.016 0.016 0.01 0.01 0.018 0.024 0.016 0.06 0.107 0.018 0.024 0.424 0.01 0.024 0.024 0.016 0.083 0.052
38 C 0.07 0.025 0.07 0.03 0.192 0.019 0.028 0.039 0.018 0.045 0.084 0.031 0.018 0.065 0.018 0.073 0.041 0.008 0.069 0.055
39 G 0.077 0.023 0.024 0.023 0.014 0.017 0.024 0.176 0.012 0.083 0.168 0.028 0.026 0.088 0.016 0.052 0.035 0.007 0.026 0.081
40 L 0.051 0.024 0.018 0.022 0.015 0.019 0.044 0.024 0.011 0.133 0.282 0.029 0.038 0.043 0.016 0.044 0.038 0.006 0.02 0.125
41 W 0.028 0.021 0.014 0.014 0.007 0.014 0.021 0.028 0.014 0.028 0.05 0.021 0.014 0.057 0.007 0.021 0.021 0.523 0.064 0.028
42 A 0.16 0.027 0.027 0.027 0.016 0.021 0.031 0.121 0.014 0.055 0.096 0.035 0.033 0.082 0.021 0.083 0.043 0.007 0.026 0.074
43 I 0.07 0.02 0.017 0.018 0.015 0.015 0.02 0.062 0.01 0.192 0.166 0.025 0.031 0.065 0.015 0.031 0.037 0.006 0.023 0.161
44 I 0.05 0.018 0.014 0.017 0.016 0.013 0.018 0.02 0.008 0.27 0.148 0.023 0.033 0.039 0.014 0.026 0.04 0.005 0.019 0.208
45 L 0.047 0.021 0.016 0.017 0.015 0.015 0.02 0.022 0.009 0.181 0.234 0.024 0.036 0.07 0.014 0.029 0.054 0.007 0.024 0.145
46 F 0.064 0.03 0.023 0.026 0.011 0.021 0.049 0.067 0.019 0.054 0.122 0.05 0.023 0.183 0.016 0.039 0.048 0.012 0.089 0.053
47 L 0.038 0.021 0.014 0.015 0.013 0.013 0.019 0.021 0.012 0.091 0.304 0.022 0.038 0.185 0.012 0.023 0.029 0.01 0.043 0.077
48 S 0.095 0.039 0.05 0.048 0.015 0.034 0.07 0.058 0.045 0.027 0.039 0.052 0.015 0.02 0.027 0.236 0.07 0.005 0.019 0.037
49 S 0.1 0.046 0.082 0.046 0.015 0.033 0.049 0.057 0.019 0.031 0.043 0.088 0.015 0.019 0.026 0.173 0.096 0.005 0.016 0.042
50 L 0.046 0.036 0.045 0.025 0.013 0.023 0.03 0.028 0.015 0.11 0.23 0.071 0.045 0.045 0.017 0.036 0.053 0.007 0.044 0.083
51 H 0.049 0.081 0.069 0.045 0.008 0.093 0.085 0.08 0.145 0.023 0.038 0.085 0.015 0.02 0.02 0.048 0.033 0.006 0.029 0.027
52 L 0.065 0.025 0.018 0.022 0.015 0.019 0.044 0.026 0.012 0.09 0.314 0.029 0.038 0.071 0.016 0.034 0.051 0.007 0.024 0.08
53 F 0.039 0.027 0.022 0.02 0.01 0.034 0.029 0.026 0.03 0.047 0.078 0.03 0.02 0.216 0.014 0.033 0.045 0.02 0.212 0.047
54 G 0.062 0.062 0.063 0.066 0.011 0.044 0.044 0.22 0.017 0.029 0.04 0.067 0.013 0.017 0.021 0.061 0.107 0.005 0.014 0.037
55 L 0.042 0.023 0.014 0.015 0.015 0.016 0.019 0.02 0.01 0.107 0.397 0.024 0.058 0.051 0.013 0.024 0.032 0.007 0.021 0.09
56 Y 0.043 0.042 0.055 0.059 0.009 0.044 0.045 0.033 0.057 0.035 0.055 0.079 0.016 0.092 0.018 0.042 0.049 0.015 0.171 0.039
57 L 0.079 0.057 0.029 0.038 0.013 0.031 0.098 0.036 0.017 0.079 0.117 0.047 0.023 0.034 0.02 0.076 0.061 0.007 0.042 0.096
58 A 0.16 0.026 0.024 0.027 0.052 0.021 0.032 0.048 0.012 0.073 0.067 0.036 0.018 0.022 0.13 0.071 0.062 0.004 0.016 0.097
59 S 0.096 0.048 0.048 0.102 0.013 0.052 0.08 0.054 0.019 0.027 0.039 0.092 0.014 0.017 0.026 0.161 0.057 0.005 0.016 0.036
60 D 0.047 0.038 0.064 0.156 0.009 0.047 0.097 0.073 0.021 0.049 0.05 0.065 0.015 0.054 0.02 0.049 0.052 0.007 0.044 0.042
61 E 0.058 0.075 0.062 0.053 0.01 0.059 0.135 0.04 0.048 0.046 0.048 0.099 0.016 0.019 0.023 0.082 0.06 0.005 0.019 0.043
62 T 0.085 0.03 0.035 0.031 0.017 0.023 0.034 0.04 0.012 0.105 0.08 0.039 0.022 0.026 0.024 0.086 0.205 0.005 0.017 0.086
63 Y 0.04 0.03 0.046 0.024 0.009 0.038 0.032 0.027 0.039 0.058 0.067 0.034 0.018 0.102 0.015 0.033 0.029 0.022 0.286 0.05
64 N 0.051 0.041 0.103 0.044 0.011 0.046 0.064 0.04 0.048 0.043 0.1 0.065 0.02 0.06 0.02 0.066 0.075 0.008 0.049 0.046
65 W 0.058 0.021 0.016 0.016 0.012 0.015 0.021 0.027 0.016 0.127 0.139 0.024 0.026 0.085 0.013 0.028 0.03 0.157 0.085 0.083
66 I 0.044 0.02 0.015 0.017 0.015 0.015 0.018 0.021 0.01 0.236 0.194 0.024 0.061 0.071 0.014 0.025 0.036 0.007 0.025 0.136
67 L 0.066 0.021 0.017 0.018 0.015 0.015 0.021 0.062 0.011 0.152 0.206 0.025 0.046 0.095 0.015 0.03 0.034 0.007 0.028 0.115
68 I 0.067 0.021 0.017 0.019 0.015 0.016 0.021 0.026 0.01 0.202 0.176 0.026 0.045 0.067 0.016 0.033 0.055 0.007 0.024 0.138
69 G 0.074 0.022 0.037 0.032 0.01 0.018 0.024 0.54 0.013 0.018 0.027 0.032 0.009 0.015 0.018 0.048 0.028 0.005 0.01 0.023
70 V 0.055 0.023 0.043 0.023 0.016 0.017 0.024 0.027 0.01 0.169 0.159 0.028 0.031 0.036 0.016 0.038 0.077 0.005 0.019 0.184
71 L 0.051 0.021 0.017 0.018 0.015 0.015 0.021 0.024 0.012 0.178 0.186 0.025 0.033 0.073 0.015 0.043 0.039 0.008 0.048 0.155
72 F 0.12 0.026 0.027 0.027 0.05 0.02 0.031 0.046 0.015 0.049 0.095 0.033 0.021 0.167 0.02 0.106 0.045 0.009 0.04 0.054
73 F 0.035 0.019 0.016 0.016 0.01 0.012 0.019 0.024 0.019 0.064 0.102 0.02 0.023 0.353 0.011 0.025 0.026 0.017 0.118 0.069
74 V 0.098 0.026 0.05 0.056 0.016 0.02 0.032 0.073 0.012 0.103 0.107 0.033 0.023 0.028 0.019 0.05 0.078 0.005 0.017 0.154
75 L 0.085 0.021 0.016 0.018 0.015 0.015 0.021 0.029 0.011 0.154 0.182 0.025 0.032 0.121 0.015 0.033 0.036 0.008 0.033 0.132
76 G 0.074 0.022 0.037 0.032 0.01 0.018 0.024 0.54 0.013 0.018 0.027 0.032 0.009 0.015 0.018 0.048 0.028 0.005 0.01 0.023
77 Y 0.04 0.026 0.023 0.02 0.009 0.02 0.027 0.061 0.063 0.041 0.066 0.029 0.018 0.151 0.014 0.031 0.026 0.022 0.273 0.042
78 Y 0.044 0.022 0.019 0.018 0.082 0.016 0.022 0.061 0.027 0.081 0.081 0.025 0.02 0.132 0.014 0.03 0.029 0.017 0.197 0.062
79 F 0.086 0.02 0.018 0.019 0.05 0.014 0.021 0.067 0.012 0.103 0.143 0.024 0.026 0.173 0.015 0.035 0.033 0.009 0.041 0.092
80 W 0.072 0.036 0.074 0.034 0.048 0.04 0.037 0.076 0.019 0.057 0.08 0.058 0.018 0.035 0.018 0.062 0.056 0.081 0.047 0.051
81 K 0.052 0.083 0.057 0.063 0.046 0.035 0.05 0.038 0.017 0.055 0.08 0.162 0.018 0.049 0.021 0.06 0.039 0.006 0.021 0.047
82 K 0.057 0.107 0.042 0.042 0.009 0.054 0.071 0.043 0.021 0.028 0.043 0.278 0.016 0.016 0.028 0.054 0.04 0.005 0.017 0.033
83 L 0.069 0.027 0.02 0.02 0.014 0.018 0.026 0.03 0.012 0.112 0.165 0.047 0.029 0.121 0.016 0.048 0.037 0.045 0.036 0.111
84 F 0.041 0.018 0.017 0.017 0.048 0.012 0.018 0.06 0.013 0.117 0.153 0.021 0.028 0.231 0.012 0.026 0.029 0.011 0.05 0.08
85 R 0.049 0.117 0.03 0.027 0.011 0.03 0.038 0.068 0.016 0.078 0.092 0.109 0.02 0.055 0.019 0.044 0.07 0.043 0.025 0.06
86 G 0.064 0.124 0.095 0.076 0.011 0.035 0.05 0.13 0.021 0.023 0.036 0.085 0.013 0.017 0.022 0.101 0.047 0.005 0.015 0.03
87 K 0.053 0.107 0.067 0.04 0.009 0.042 0.055 0.089 0.019 0.052 0.051 0.205 0.016 0.018 0.023 0.049 0.038 0.005 0.016 0.044
88 F 0.047 0.031 0.049 0.027 0.047 0.022 0.03 0.067 0.048 0.082 0.083 0.051 0.033 0.104 0.016 0.039 0.05 0.011 0.102 0.062
89 K 0.056 0.09 0.043 0.044 0.009 0.135 0.087 0.042 0.025 0.027 0.045 0.185 0.018 0.015 0.026 0.055 0.04 0.006 0.019 0.034
90 F 0.034 0.019 0.017 0.017 0.011 0.011 0.019 0.025 0.017 0.063 0.114 0.019 0.025 0.388 0.011 0.025 0.025 0.017 0.089 0.055
91 K 0.053 0.109 0.059 0.036 0.01 0.053 0.05 0.038 0.021 0.057 0.082 0.14 0.019 0.029 0.021 0.064 0.059 0.007 0.043 0.05
92 F 0.034 0.021 0.041 0.021 0.01 0.013 0.021 0.026 0.02 0.072 0.099 0.022 0.023 0.325 0.012 0.028 0.027 0.016 0.113 0.057
93 L 0.065 0.09 0.033 0.031 0.014 0.029 0.04 0.038 0.015 0.09 0.118 0.088 0.023 0.027 0.021 0.105 0.066 0.005 0.018 0.084
94 L 0.049 0.024 0.02 0.02 0.014 0.033 0.027 0.026 0.013 0.135 0.158 0.029 0.03 0.156 0.015 0.046 0.037 0.009 0.039 0.122
95 K 0.056 0.06 0.06 0.041 0.01 0.053 0.072 0.116 0.019 0.038 0.05 0.151 0.016 0.048 0.022 0.051 0.056 0.006 0.021 0.055
96 K 0.053 0.079 0.059 0.063 0.01 0.033 0.048 0.11 0.019 0.036 0.047 0.143 0.015 0.028 0.02 0.048 0.053 0.043 0.043 0.052
97 K 0.093 0.058 0.081 0.043 0.011 0.037 0.07 0.047 0.046 0.036 0.047 0.143 0.015 0.022 0.023 0.068 0.041 0.042 0.022 0.055
98 S 0.097 0.062 0.044 0.072 0.014 0.032 0.07 0.051 0.02 0.032 0.045 0.053 0.015 0.027 0.025 0.156 0.094 0.007 0.042 0.043
99 N 0.048 0.044 0.108 0.04 0.049 0.03 0.041 0.04 0.08 0.054 0.055 0.082 0.016 0.038 0.02 0.052 0.074 0.008 0.074 0.048
100 L 0.046 0.024 0.016 0.017 0.014 0.017 0.022 0.023 0.014 0.099 0.292 0.027 0.038 0.054 0.07 0.027 0.033 0.008 0.056 0.103
101 N 0.062 0.079 0.116 0.047 0.012 0.032 0.045 0.048 0.065 0.039 0.085 0.055 0.019 0.025 0.022 0.103 0.077 0.006 0.022 0.043
102 K 0.053 0.085 0.034 0.034 0.01 0.043 0.057 0.037 0.018 0.048 0.129 0.226 0.024 0.025 0.024 0.045 0.037 0.006 0.018 0.048
103 I 0.047 0.018 0.015 0.018 0.016 0.013 0.018 0.02 0.009 0.278 0.166 0.023 0.036 0.044 0.015 0.025 0.039 0.006 0.02 0.175
104 R 0.046 0.205 0.047 0.129 0.008 0.089 0.073 0.038 0.023 0.023 0.041 0.092 0.015 0.016 0.021 0.048 0.036 0.005 0.016 0.03
105 C 0.062 0.045 0.031 0.035 0.12 0.032 0.069 0.091 0.019 0.038 0.063 0.097 0.034 0.033 0.021 0.066 0.039 0.008 0.052 0.044
106 K 0.049 0.106 0.058 0.067 0.01 0.038 0.071 0.036 0.018 0.043 0.077 0.151 0.018 0.049 0.021 0.048 0.054 0.006 0.021 0.058
107 K 0.057 0.107 0.042 0.042 0.009 0.054 0.071 0.043 0.021 0.028 0.043 0.278 0.016 0.016 0.028 0.054 0.04 0.005 0.017 0.033
108 D 0.046 0.039 0.064 0.13 0.048 0.048 0.075 0.037 0.049 0.036 0.057 0.065 0.029 0.059 0.02 0.048 0.054 0.007 0.05 0.039
109 V 0.07 0.022 0.016 0.018 0.019 0.016 0.023 0.025 0.008 0.165 0.13 0.026 0.032 0.036 0.016 0.033 0.049 0.006 0.021 0.269
110 A 0.29 0.031 0.026 0.03 0.022 0.026 0.04 0.078 0.015 0.043 0.059 0.045 0.018 0.022 0.03 0.085 0.05 0.005 0.018 0.069
111 K 0.056 0.07 0.08 0.042 0.011 0.049 0.067 0.04 0.024 0.04 0.054 0.09 0.017 0.062 0.021 0.079 0.06 0.009 0.07 0.057
112 D 0.091 0.04 0.056 0.096 0.013 0.032 0.087 0.041 0.016 0.073 0.087 0.082 0.02 0.023 0.022 0.052 0.057 0.005 0.016 0.091
113 Y 0.066 0.033 0.049 0.027 0.011 0.023 0.033 0.035 0.053 0.046 0.065 0.053 0.018 0.118 0.017 0.053 0.034 0.051 0.155 0.06
114 I 0.054 0.033 0.029 0.065 0.013 0.029 0.098 0.029 0.014 0.138 0.092 0.059 0.023 0.028 0.02 0.044 0.075 0.005 0.017 0.134
115 P 0.047 0.021 0.017 0.02 0.013 0.016 0.023 0.025 0.01 0.152 0.187 0.029 0.029 0.034 0.196 0.03 0.034 0.005 0.017 0.095
116 R 0.042 0.291 0.106 0.04 0.008 0.043 0.05 0.038 0.023 0.022 0.04 0.114 0.014 0.016 0.019 0.048 0.036 0.005 0.016 0.028
117 Y 0.038 0.026 0.02 0.018 0.009 0.02 0.026 0.023 0.044 0.041 0.064 0.029 0.018 0.123 0.015 0.029 0.026 0.026 0.359 0.044
118 K 0.051 0.105 0.111 0.046 0.009 0.055 0.055 0.044 0.102 0.025 0.039 0.118 0.014 0.019 0.021 0.068 0.057 0.005 0.024 0.031
119 L 0.048 0.024 0.019 0.019 0.015 0.017 0.023 0.025 0.013 0.123 0.3 0.027 0.039 0.051 0.015 0.045 0.054 0.008 0.044 0.092
120 L 0.045 0.022 0.014 0.015 0.015 0.015 0.02 0.021 0.01 0.125 0.315 0.024 0.053 0.074 0.014 0.025 0.034 0.007 0.025 0.125
121 Y 0.038 0.026 0.043 0.021 0.009 0.019 0.026 0.026 0.036 0.047 0.093 0.029 0.02 0.153 0.014 0.031 0.028 0.022 0.271 0.047
122 L 0.049 0.022 0.019 0.019 0.014 0.015 0.022 0.026 0.012 0.135 0.178 0.025 0.031 0.149 0.015 0.046 0.055 0.009 0.038 0.122
123 L 0.062 0.023 0.014 0.015 0.015 0.015 0.02 0.024 0.01 0.1 0.366 0.025 0.043 0.076 0.014 0.027 0.032 0.007 0.025 0.086
124 G 0.128 0.025 0.029 0.028 0.122 0.02 0.03 0.154 0.013 0.039 0.076 0.034 0.017 0.05 0.021 0.096 0.044 0.006 0.019 0.049
125 I 0.098 0.023 0.023 0.023 0.016 0.018 0.026 0.071 0.011 0.158 0.126 0.03 0.027 0.06 0.018 0.069 0.044 0.006 0.023 0.131
126 I 0.047 0.019 0.014 0.016 0.016 0.014 0.018 0.02 0.008 0.248 0.207 0.023 0.036 0.042 0.014 0.024 0.037 0.006 0.02 0.171
127 C 0.065 0.019 0.02 0.019 0.373 0.014 0.02 0.032 0.009 0.058 0.068 0.024 0.018 0.021 0.017 0.057 0.058 0.004 0.013 0.091
128 I 0.043 0.019 0.014 0.016 0.015 0.014 0.018 0.02 0.01 0.237 0.211 0.023 0.049 0.071 0.014 0.024 0.035 0.007 0.024 0.136
129 L 0.045 0.02 0.015 0.017 0.014 0.014 0.019 0.022 0.01 0.176 0.21 0.024 0.034 0.096 0.05 0.026 0.035 0.007 0.028 0.139
130 F 0.036 0.021 0.017 0.017 0.01 0.014 0.021 0.023 0.025 0.089 0.099 0.023 0.023 0.262 0.012 0.026 0.027 0.018 0.173 0.065
131 Y 0.068 0.027 0.048 0.026 0.012 0.021 0.029 0.035 0.028 0.065 0.095 0.032 0.021 0.125 0.017 0.068 0.037 0.016 0.173 0.057
132 L 0.065 0.022 0.016 0.018 0.015 0.015 0.021 0.025 0.01 0.155 0.268 0.026 0.037 0.071 0.015 0.032 0.052 0.007 0.024 0.106
133 K 0.048 0.114 0.053 0.032 0.009 0.034 0.045 0.034 0.022 0.038 0.053 0.14 0.016 0.061 0.092 0.042 0.035 0.008 0.07 0.053
134 D 0.057 0.032 0.1 0.243 0.01 0.028 0.064 0.085 0.019 0.024 0.032 0.044 0.011 0.016 0.022 0.101 0.063 0.004 0.013 0.03
135 L 0.066 0.023 0.017 0.018 0.015 0.016 0.022 0.027 0.011 0.109 0.221 0.026 0.046 0.123 0.015 0.034 0.053 0.008 0.033 0.116
136 I 0.068 0.022 0.018 0.02 0.015 0.016 0.023 0.029 0.012 0.163 0.151 0.027 0.055 0.121 0.015 0.047 0.038 0.008 0.033 0.119
137 N 0.055 0.035 0.099 0.039 0.013 0.024 0.036 0.04 0.017 0.099 0.097 0.058 0.021 0.054 0.056 0.08 0.08 0.006 0.022 0.071
138 L 0.088 0.028 0.029 0.027 0.017 0.022 0.032 0.038 0.012 0.087 0.149 0.035 0.027 0.031 0.021 0.095 0.102 0.005 0.018 0.136
139 G 0.066 0.036 0.039 0.061 0.009 0.041 0.165 0.275 0.019 0.02 0.032 0.054 0.011 0.016 0.022 0.053 0.033 0.005 0.014 0.027
140 I 0.047 0.018 0.015 0.018 0.016 0.013 0.018 0.02 0.009 0.278 0.166 0.023 0.036 0.044 0.015 0.025 0.039 0.006 0.02 0.175
141 S 0.109 0.04 0.054 0.048 0.017 0.033 0.052 0.066 0.019 0.029 0.041 0.054 0.016 0.021 0.029 0.228 0.081 0.005 0.017 0.041
142 L 0.048 0.022 0.017 0.017 0.015 0.015 0.021 0.023 0.01 0.15 0.211 0.025 0.047 0.096 0.014 0.03 0.054 0.007 0.029 0.147
143 S 0.082 0.089 0.035 0.032 0.013 0.046 0.045 0.041 0.043 0.064 0.084 0.073 0.02 0.024 0.058 0.094 0.063 0.005 0.02 0.071
144 S 0.06 0.068 0.059 0.036 0.012 0.062 0.048 0.041 0.025 0.038 0.075 0.072 0.018 0.043 0.021 0.096 0.08 0.01 0.091 0.045
145 L 0.072 0.022 0.019 0.02 0.015 0.016 0.022 0.064 0.01 0.154 0.24 0.027 0.035 0.04 0.016 0.047 0.038 0.006 0.019 0.118
146 G 0.056 0.027 0.024 0.023 0.013 0.018 0.024 0.207 0.011 0.103 0.191 0.048 0.028 0.033 0.016 0.035 0.032 0.006 0.016 0.089
147 S 0.072 0.072 0.1 0.044 0.012 0.051 0.048 0.049 0.024 0.033 0.051 0.055 0.016 0.069 0.022 0.113 0.066 0.008 0.057 0.04
148 G 0.073 0.024 0.037 0.032 0.012 0.02 0.027 0.397 0.013 0.03 0.06 0.034 0.013 0.019 0.019 0.068 0.069 0.005 0.012 0.035
149 N 0.053 0.033 0.126 0.042 0.011 0.04 0.037 0.118 0.019 0.052 0.109 0.04 0.021 0.085 0.017 0.062 0.04 0.007 0.027 0.063
150 N 0.071 0.04 0.163 0.057 0.012 0.047 0.049 0.133 0.023 0.024 0.034 0.051 0.013 0.018 0.023 0.136 0.056 0.005 0.015 0.031
151 L 0.042 0.022 0.013 0.014 0.015 0.015 0.019 0.02 0.009 0.123 0.395 0.024 0.046 0.051 0.013 0.023 0.032 0.007 0.021 0.096
152 G 0.083 0.062 0.062 0.069 0.01 0.046 0.065 0.259 0.018 0.022 0.034 0.069 0.012 0.016 0.021 0.068 0.037 0.005 0.013 0.029
153 V 0.076 0.028 0.053 0.058 0.014 0.022 0.035 0.037 0.018 0.07 0.096 0.035 0.021 0.069 0.019 0.066 0.095 0.009 0.071 0.109
154 I 0.048 0.019 0.014 0.016 0.016 0.014 0.019 0.021 0.009 0.239 0.189 0.024 0.048 0.042 0.014 0.026 0.038 0.006 0.02 0.178
155 R 0.049 0.224 0.039 0.036 0.008 0.137 0.068 0.071 0.024 0.023 0.043 0.095 0.016 0.015 0.02 0.047 0.035 0.005 0.017 0.03
156 Q 0.094 0.068 0.036 0.063 0.012 0.11 0.06 0.077 0.019 0.041 0.082 0.06 0.033 0.021 0.022 0.057 0.074 0.006 0.017 0.049
157 L 0.07 0.027 0.02 0.02 0.015 0.021 0.026 0.03 0.013 0.086 0.249 0.031 0.086 0.07 0.017 0.052 0.056 0.007 0.025 0.079
158 L 0.151 0.025 0.018 0.02 0.018 0.019 0.027 0.04 0.011 0.112 0.19 0.031 0.043 0.035 0.019 0.046 0.041 0.006 0.019 0.131
159 Q 0.055 0.112 0.041 0.042 0.009 0.215 0.086 0.039 0.026 0.025 0.044 0.087 0.018 0.015 0.022 0.066 0.041 0.005 0.019 0.033
160 D 0.08 0.058 0.089 0.13 0.011 0.03 0.071 0.12 0.019 0.03 0.061 0.049 0.014 0.019 0.022 0.098 0.045 0.005 0.014 0.035
161 G 0.115 0.038 0.062 0.04 0.05 0.044 0.044 0.161 0.017 0.028 0.04 0.065 0.014 0.018 0.024 0.132 0.051 0.005 0.015 0.038
162 D 0.056 0.038 0.097 0.18 0.01 0.039 0.147 0.046 0.021 0.024 0.034 0.054 0.012 0.017 0.023 0.088 0.062 0.005 0.014 0.031
163 S 0.065 0.03 0.06 0.065 0.013 0.024 0.038 0.08 0.02 0.08 0.089 0.039 0.02 0.041 0.021 0.11 0.067 0.008 0.068 0.062
164 V 0.067 0.03 0.059 0.038 0.015 0.026 0.059 0.038 0.014 0.116 0.088 0.04 0.023 0.028 0.021 0.085 0.092 0.005 0.018 0.137
165 L 0.042 0.026 0.067 0.026 0.014 0.018 0.024 0.029 0.015 0.09 0.28 0.029 0.039 0.105 0.014 0.032 0.034 0.008 0.032 0.077
166 Y 0.049 0.034 0.102 0.039 0.011 0.026 0.036 0.039 0.034 0.04 0.058 0.04 0.017 0.075 0.02 0.056 0.089 0.016 0.17 0.047
167 S 0.09 0.029 0.033 0.031 0.016 0.023 0.035 0.042 0.043 0.098 0.08 0.037 0.021 0.057 0.021 0.115 0.089 0.006 0.025 0.107
168 D 0.058 0.034 0.111 0.129 0.012 0.043 0.052 0.046 0.019 0.058 0.056 0.045 0.016 0.049 0.021 0.097 0.065 0.005 0.02 0.064
169 R 0.052 0.136 0.068 0.123 0.01 0.05 0.057 0.041 0.047 0.027 0.044 0.066 0.014 0.047 0.02 0.08 0.058 0.006 0.023 0.033
170 S 0.094 0.038 0.095 0.051 0.015 0.031 0.049 0.062 0.02 0.027 0.038 0.051 0.014 0.019 0.027 0.239 0.073 0.005 0.016 0.037
171 G 0.136 0.034 0.038 0.035 0.015 0.026 0.039 0.197 0.015 0.048 0.048 0.061 0.015 0.02 0.024 0.132 0.051 0.005 0.015 0.048
172 I 0.064 0.019 0.014 0.017 0.016 0.014 0.019 0.023 0.009 0.237 0.224 0.024 0.037 0.043 0.015 0.027 0.036 0.006 0.02 0.137
173 E 0.05 0.039 0.051 0.052 0.011 0.038 0.162 0.03 0.018 0.12 0.087 0.068 0.034 0.026 0.02 0.042 0.037 0.005 0.017 0.093
174 N 0.055 0.039 0.247 0.092 0.011 0.03 0.048 0.057 0.025 0.032 0.038 0.048 0.013 0.018 0.021 0.105 0.052 0.004 0.015 0.049
175 A 0.19 0.026 0.024 0.025 0.016 0.02 0.032 0.053 0.015 0.047 0.073 0.034 0.019 0.165 0.021 0.074 0.058 0.009 0.04 0.058
176 I 0.047 0.019 0.014 0.016 0.016 0.014 0.018 0.02 0.009 0.233 0.226 0.023 0.037 0.043 0.014 0.024 0.037 0.006 0.02 0.165
177 R 0.079 0.116 0.058 0.035 0.011 0.032 0.043 0.079 0.02 0.035 0.073 0.095 0.017 0.056 0.021 0.093 0.043 0.007 0.045 0.04
178 L 0.048 0.026 0.068 0.027 0.014 0.019 0.026 0.03 0.014 0.101 0.188 0.03 0.043 0.092 0.016 0.04 0.073 0.007 0.028 0.109
179 L 0.041 0.021 0.014 0.015 0.014 0.014 0.019 0.021 0.011 0.113 0.287 0.022 0.038 0.156 0.013 0.024 0.031 0.009 0.039 0.101
180 I 0.045 0.018 0.015 0.016 0.014 0.013 0.018 0.022 0.01 0.193 0.154 0.022 0.031 0.15 0.013 0.025 0.035 0.008 0.038 0.159
181 I 0.074 0.019 0.015 0.017 0.017 0.015 0.02 0.025 0.008 0.227 0.135 0.025 0.031 0.037 0.016 0.031 0.042 0.005 0.019 0.222
182 S 0.062 0.062 0.084 0.044 0.013 0.047 0.065 0.043 0.045 0.068 0.082 0.052 0.019 0.024 0.022 0.103 0.083 0.005 0.02 0.057
183 P 0.053 0.024 0.022 0.029 0.01 0.019 0.034 0.034 0.012 0.024 0.034 0.039 0.01 0.012 0.524 0.041 0.034 0.002 0.012 0.029
184 F 0.053 0.023 0.023 0.022 0.013 0.017 0.025 0.031 0.016 0.102 0.142 0.028 0.027 0.18 0.016 0.077 0.04 0.011 0.066 0.089
185 A 0.124 0.053 0.028 0.028 0.052 0.023 0.033 0.045 0.014 0.078 0.082 0.041 0.034 0.054 0.021 0.097 0.066 0.006 0.022 0.099
186 F 0.045 0.026 0.045 0.024 0.013 0.019 0.026 0.029 0.017 0.07 0.128 0.029 0.063 0.154 0.015 0.039 0.069 0.047 0.065 0.079
187 A 0.181 0.026 0.024 0.026 0.018 0.021 0.032 0.05 0.012 0.122 0.09 0.035 0.023 0.028 0.022 0.084 0.049 0.005 0.018 0.136
188 L 0.068 0.023 0.017 0.018 0.016 0.016 0.022 0.027 0.01 0.157 0.288 0.027 0.039 0.044 0.016 0.045 0.037 0.006 0.02 0.106
189 P 0.058 0.041 0.033 0.042 0.046 0.096 0.095 0.037 0.018 0.027 0.041 0.056 0.014 0.015 0.202 0.065 0.057 0.004 0.015 0.035
190 A 0.142 0.026 0.024 0.027 0.016 0.021 0.032 0.045 0.012 0.084 0.096 0.036 0.021 0.025 0.13 0.08 0.047 0.005 0.017 0.116
191 I 0.045 0.017 0.014 0.016 0.015 0.013 0.017 0.02 0.009 0.271 0.17 0.022 0.034 0.069 0.014 0.024 0.037 0.006 0.024 0.163
192 V 0.103 0.027 0.028 0.03 0.051 0.023 0.051 0.11 0.012 0.083 0.074 0.036 0.02 0.024 0.021 0.058 0.112 0.005 0.016 0.116
193 A 0.274 0.027 0.022 0.025 0.019 0.022 0.034 0.062 0.013 0.084 0.074 0.038 0.02 0.024 0.025 0.068 0.046 0.005 0.017 0.1
194 V 0.081 0.022 0.018 0.019 0.053 0.017 0.024 0.03 0.01 0.145 0.138 0.028 0.042 0.034 0.017 0.05 0.045 0.005 0.019 0.204
195 D 0.038 0.028 0.065 0.434 0.007 0.028 0.086 0.044 0.018 0.021 0.026 0.042 0.009 0.014 0.021 0.049 0.033 0.003 0.011 0.023
196 F 0.033 0.018 0.016 0.016 0.01 0.011 0.018 0.023 0.017 0.076 0.108 0.019 0.024 0.375 0.011 0.024 0.025 0.016 0.099 0.059
197 W 0.033 0.021 0.015 0.015 0.044 0.014 0.021 0.027 0.016 0.038 0.082 0.022 0.018 0.085 0.009 0.023 0.024 0.378 0.08 0.037
198 F 0.043 0.02 0.018 0.019 0.013 0.014 0.021 0.025 0.015 0.15 0.123 0.024 0.04 0.21 0.013 0.042 0.034 0.012 0.071 0.094
199 G 0.071 0.023 0.06 0.035 0.01 0.019 0.026 0.506 0.014 0.018 0.027 0.033 0.009 0.015 0.018 0.049 0.029 0.005 0.01 0.023
200 K 0.051 0.109 0.084 0.047 0.008 0.048 0.082 0.042 0.021 0.025 0.039 0.25 0.014 0.015 0.024 0.052 0.038 0.005 0.016 0.03
201 R 0.045 0.304 0.037 0.032 0.008 0.047 0.054 0.034 0.021 0.023 0.043 0.173 0.015 0.016 0.02 0.044 0.034 0.005 0.016 0.03
202 D 0.042 0.033 0.168 0.278 0.008 0.029 0.067 0.085 0.022 0.021 0.027 0.044 0.009 0.015 0.02 0.055 0.038 0.004 0.012 0.024
203 K 0.05 0.176 0.036 0.035 0.008 0.046 0.058 0.036 0.019 0.045 0.05 0.241 0.016 0.017 0.023 0.046 0.036 0.005 0.016 0.04
204 K 0.05 0.121 0.058 0.037 0.01 0.041 0.054 0.038 0.019 0.038 0.095 0.21 0.019 0.021 0.023 0.049 0.055 0.005 0.017 0.041
205 L 0.046 0.024 0.016 0.017 0.015 0.016 0.021 0.023 0.01 0.103 0.387 0.026 0.044 0.049 0.014 0.04 0.035 0.007 0.021 0.087
206 L 0.038 0.02 0.014 0.015 0.013 0.013 0.018 0.022 0.012 0.117 0.246 0.021 0.035 0.21 0.012 0.023 0.029 0.01 0.047 0.085
207 L 0.048 0.021 0.018 0.019 0.014 0.015 0.021 0.06 0.013 0.148 0.155 0.024 0.029 0.126 0.014 0.031 0.052 0.009 0.057 0.126
208 L 0.064 0.021 0.016 0.017 0.015 0.015 0.02 0.061 0.01 0.15 0.251 0.024 0.036 0.088 0.014 0.029 0.033 0.007 0.027 0.101
209 T 0.059 0.036 0.104 0.101 0.013 0.044 0.05 0.045 0.018 0.055 0.054 0.046 0.016 0.021 0.023 0.088 0.152 0.005 0.016 0.055
210 I 0.049 0.019 0.016 0.018 0.015 0.014 0.02 0.022 0.01 0.211 0.154 0.024 0.032 0.094 0.014 0.03 0.055 0.007 0.028 0.169
211 L 0.07 0.02 0.015 0.017 0.051 0.014 0.02 0.026 0.01 0.149 0.181 0.024 0.032 0.093 0.015 0.031 0.037 0.007 0.028 0.16
212 L 0.048 0.023 0.017 0.018 0.015 0.017 0.021 0.023 0.01 0.178 0.227 0.027 0.074 0.043 0.015 0.031 0.055 0.006 0.02 0.131
213 L 0.069 0.021 0.017 0.018 0.052 0.015 0.021 0.026 0.009 0.187 0.207 0.025 0.034 0.039 0.016 0.033 0.055 0.006 0.019 0.133
214 L 0.051 0.021 0.016 0.017 0.015 0.015 0.02 0.058 0.009 0.141 0.244 0.024 0.036 0.069 0.014 0.027 0.036 0.007 0.024 0.157
215 L 0.051 0.023 0.017 0.018 0.051 0.018 0.021 0.06 0.011 0.126 0.195 0.026 0.083 0.067 0.014 0.03 0.036 0.007 0.024 0.122
216 R 0.05 0.22 0.107 0.042 0.009 0.04 0.049 0.077 0.022 0.022 0.039 0.119 0.013 0.016 0.02 0.065 0.039 0.005 0.016 0.029
217 V 0.076 0.024 0.019 0.02 0.016 0.02 0.025 0.029 0.011 0.151 0.158 0.03 0.082 0.038 0.017 0.05 0.043 0.006 0.02 0.164
218 L 0.042 0.021 0.014 0.016 0.014 0.014 0.019 0.021 0.011 0.148 0.257 0.023 0.05 0.128 0.013 0.024 0.032 0.008 0.034 0.11
219 S 0.108 0.035 0.044 0.04 0.017 0.028 0.043 0.055 0.016 0.054 0.054 0.046 0.017 0.022 0.026 0.198 0.118 0.005 0.017 0.056
220 D 0.062 0.033 0.051 0.183 0.013 0.03 0.078 0.044 0.016 0.034 0.044 0.046 0.014 0.018 0.024 0.097 0.151 0.005 0.014 0.044
221 G 0.166 0.024 0.032 0.03 0.014 0.02 0.029 0.373 0.013 0.026 0.037 0.035 0.012 0.017 0.021 0.059 0.035 0.005 0.012 0.038
222 G 0.07 0.031 0.132 0.048 0.011 0.025 0.036 0.301 0.019 0.021 0.03 0.041 0.011 0.017 0.02 0.1 0.044 0.005 0.013 0.027
223 R 0.042 0.385 0.036 0.029 0.007 0.045 0.049 0.031 0.022 0.022 0.044 0.113 0.015 0.016 0.018 0.042 0.033 0.005 0.016 0.029
224 T 0.089 0.037 0.062 0.043 0.015 0.046 0.065 0.047 0.017 0.058 0.058 0.049 0.018 0.021 0.025 0.114 0.156 0.005 0.017 0.06
225 A 0.125 0.031 0.031 0.031 0.015 0.04 0.039 0.082 0.016 0.051 0.058 0.042 0.017 0.028 0.095 0.087 0.081 0.006 0.041 0.085
226 L 0.038 0.02 0.014 0.015 0.013 0.013 0.018 0.022 0.012 0.117 0.246 0.021 0.035 0.21 0.012 0.023 0.029 0.01 0.047 0.085
227 L 0.045 0.02 0.015 0.016 0.015 0.014 0.019 0.021 0.01 0.181 0.22 0.023 0.048 0.098 0.013 0.025 0.035 0.007 0.029 0.143
228 N 0.044 0.041 0.12 0.04 0.01 0.059 0.043 0.037 0.026 0.065 0.115 0.063 0.035 0.048 0.018 0.043 0.037 0.01 0.091 0.055
229 L 0.039 0.021 0.015 0.015 0.013 0.013 0.019 0.022 0.015 0.086 0.237 0.022 0.034 0.215 0.012 0.024 0.029 0.012 0.072 0.086
230 L 0.067 0.021 0.018 0.019 0.014 0.015 0.021 0.063 0.012 0.127 0.158 0.025 0.042 0.148 0.015 0.033 0.04 0.009 0.037 0.118
231 I 0.043 0.018 0.014 0.016 0.014 0.013 0.018 0.021 0.01 0.22 0.181 0.022 0.034 0.124 0.013 0.024 0.034 0.008 0.033 0.141
232 Y 0.049 0.03 0.027 0.024 0.01 0.038 0.034 0.031 0.055 0.046 0.067 0.035 0.019 0.126 0.016 0.064 0.035 0.053 0.179 0.06
233 L 0.043 0.023 0.015 0.016 0.014 0.017 0.021 0.022 0.012 0.127 0.268 0.026 0.089 0.101 0.013 0.026 0.033 0.008 0.03 0.095
234 L 0.069 0.02 0.015 0.017 0.016 0.015 0.02 0.025 0.009 0.172 0.21 0.024 0.035 0.068 0.015 0.029 0.038 0.006 0.024 0.171
235 I 0.071 0.02 0.016 0.018 0.051 0.015 0.02 0.062 0.009 0.188 0.184 0.025 0.032 0.037 0.015 0.031 0.037 0.006 0.018 0.145
236 A 0.128 0.025 0.027 0.027 0.088 0.02 0.029 0.115 0.012 0.08 0.072 0.033 0.019 0.024 0.021 0.082 0.063 0.005 0.016 0.114
237 F 0.112 0.025 0.024 0.023 0.013 0.019 0.028 0.111 0.023 0.049 0.069 0.031 0.018 0.136 0.018 0.059 0.035 0.013 0.128 0.066
238 L 0.055 0.03 0.024 0.027 0.014 0.039 0.053 0.03 0.016 0.097 0.184 0.036 0.042 0.07 0.017 0.064 0.041 0.008 0.048 0.106
239 F 0.062 0.019 0.015 0.017 0.014 0.013 0.019 0.025 0.012 0.163 0.166 0.022 0.031 0.178 0.013 0.028 0.033 0.009 0.042 0.118
240 A 0.1 0.04 0.063 0.035 0.014 0.027 0.04 0.046 0.018 0.067 0.088 0.079 0.02 0.06 0.022 0.098 0.07 0.007 0.046 0.06
241 R 0.053 0.127 0.032 0.055 0.012 0.026 0.036 0.103 0.015 0.099 0.118 0.055 0.022 0.027 0.018 0.056 0.055 0.005 0.016 0.069
242 K 0.048 0.098 0.101 0.043 0.01 0.035 0.065 0.039 0.022 0.039 0.098 0.111 0.019 0.058 0.02 0.061 0.039 0.007 0.046 0.041
243 Q 0.056 0.074 0.044 0.047 0.009 0.215 0.103 0.041 0.029 0.026 0.047 0.091 0.021 0.015 0.024 0.056 0.041 0.006 0.021 0.035
244 N 0.051 0.055 0.134 0.056 0.009 0.04 0.093 0.046 0.103 0.025 0.037 0.11 0.013 0.019 0.022 0.071 0.058 0.005 0.024 0.03
245 L 0.054 0.057 0.083 0.097 0.012 0.029 0.065 0.04 0.02 0.061 0.103 0.047 0.02 0.032 0.02 0.081 0.078 0.007 0.041 0.054
246 K 0.051 0.124 0.039 0.071 0.008 0.043 0.08 0.079 0.019 0.027 0.044 0.191 0.014 0.049 0.022 0.047 0.034 0.006 0.021 0.031
247 K 0.061 0.085 0.036 0.034 0.012 0.036 0.048 0.039 0.017 0.062 0.063 0.164 0.018 0.049 0.023 0.081 0.079 0.006 0.022 0.068
248 K 0.053 0.083 0.034 0.035 0.01 0.043 0.056 0.037 0.017 0.092 0.073 0.226 0.02 0.022 0.024 0.045 0.039 0.005 0.018 0.067
249 L 0.057 0.049 0.034 0.04 0.012 0.054 0.095 0.036 0.049 0.052 0.144 0.093 0.039 0.029 0.021 0.077 0.041 0.006 0.021 0.051
250 L 0.063 0.032 0.028 0.027 0.015 0.023 0.031 0.076 0.013 0.14 0.152 0.056 0.042 0.034 0.019 0.088 0.046 0.006 0.018 0.093
251 F 0.065 0.04 0.076 0.041 0.011 0.03 0.081 0.037 0.021 0.078 0.075 0.081 0.019 0.122 0.018 0.044 0.035 0.009 0.058 0.059
252 K 0.057 0.107 0.042 0.042 0.009 0.054 0.071 0.043 0.021 0.028 0.043 0.278 0.016 0.016 0.028 0.054 0.04 0.005 0.017 0.033
253 N 0.043 0.045 0.317 0.083 0.009 0.034 0.049 0.065 0.032 0.022 0.032 0.054 0.011 0.018 0.02 0.07 0.049 0.004 0.016 0.027
254 Y 0.04 0.028 0.022 0.019 0.009 0.022 0.028 0.025 0.047 0.044 0.068 0.031 0.019 0.131 0.016 0.031 0.028 0.028 0.318 0.047
255 T 0.073 0.036 0.043 0.038 0.018 0.028 0.039 0.043 0.014 0.053 0.065 0.045 0.02 0.024 0.028 0.093 0.246 0.006 0.018 0.071
256 L 0.045 0.024 0.014 0.015 0.016 0.016 0.02 0.021 0.01 0.115 0.375 0.025 0.05 0.055 0.014 0.024 0.033 0.007 0.022 0.096
257 I 0.053 0.046 0.082 0.043 0.012 0.049 0.067 0.039 0.047 0.097 0.079 0.087 0.034 0.026 0.021 0.064 0.06 0.005 0.021 0.069
258 R 0.069 0.147 0.044 0.056 0.011 0.048 0.136 0.044 0.023 0.025 0.041 0.082 0.015 0.018 0.025 0.109 0.051 0.005 0.017 0.034
259 I 0.049 0.033 0.078 0.067 0.012 0.025 0.057 0.072 0.015 0.141 0.112 0.057 0.024 0.029 0.018 0.043 0.056 0.005 0.017 0.089
260 K 0.049 0.085 0.083 0.039 0.01 0.036 0.047 0.038 0.047 0.092 0.068 0.15 0.019 0.023 0.021 0.048 0.057 0.005 0.02 0.064
261 F 0.037 0.128 0.024 0.022 0.01 0.023 0.03 0.028 0.019 0.05 0.091 0.053 0.022 0.265 0.013 0.032 0.028 0.013 0.065 0.047
262 A 0.148 0.039 0.133 0.054 0.016 0.031 0.047 0.07 0.022 0.032 0.044 0.051 0.015 0.02 0.026 0.126 0.06 0.005 0.017 0.046
263 K 0.053 0.081 0.059 0.036 0.01 0.035 0.047 0.074 0.071 0.056 0.057 0.143 0.017 0.05 0.021 0.059 0.038 0.006 0.026 0.06
264 K 0.048 0.119 0.032 0.031 0.01 0.04 0.051 0.034 0.018 0.059 0.091 0.207 0.033 0.051 0.021 0.042 0.035 0.006 0.022 0.05
265 K 0.055 0.128 0.058 0.039 0.011 0.039 0.069 0.039 0.019 0.041 0.103 0.138 0.033 0.023 0.021 0.076 0.042 0.005 0.017 0.044
266 K 0.052 0.163 0.06 0.038 0.009 0.074 0.06 0.039 0.021 0.03 0.068 0.168 0.017 0.018 0.022 0.063 0.039 0.005 0.017 0.035
267 R 0.048 0.181 0.056 0.034 0.009 0.04 0.049 0.035 0.021 0.055 0.057 0.164 0.017 0.026 0.02 0.044 0.036 0.007 0.041 0.061
268 N 0.054 0.058 0.148 0.046 0.011 0.027 0.038 0.081 0.024 0.069 0.057 0.046 0.016 0.036 0.019 0.082 0.062 0.008 0.065 0.053
269 K 0.051 0.089 0.035 0.036 0.009 0.045 0.06 0.038 0.018 0.034 0.072 0.279 0.018 0.046 0.024 0.046 0.036 0.006 0.021 0.037
270 R 0.043 0.154 0.026 0.024 0.01 0.031 0.037 0.028 0.019 0.09 0.131 0.102 0.024 0.069 0.017 0.035 0.033 0.008 0.052 0.066
271 R 0.045 0.343 0.039 0.031 0.008 0.049 0.052 0.033 0.023 0.023 0.047 0.121 0.016 0.017 0.019 0.045 0.035 0.006 0.017 0.031
272 L 0.046 0.021 0.014 0.016 0.016 0.015 0.019 0.021 0.009 0.194 0.272 0.024 0.043 0.049 0.014 0.025 0.037 0.006 0.021 0.136
273 L 0.051 0.09 0.054 0.029 0.012 0.025 0.033 0.075 0.016 0.095 0.108 0.067 0.023 0.092 0.017 0.055 0.038 0.007 0.028 0.085
274 I 0.066 0.045 0.017 0.018 0.015 0.016 0.022 0.025 0.011 0.201 0.148 0.03 0.03 0.092 0.015 0.03 0.037 0.007 0.028 0.148
275 L 0.09 0.054 0.022 0.022 0.05 0.022 0.029 0.034 0.013 0.091 0.139 0.055 0.039 0.087 0.018 0.042 0.055 0.007 0.027 0.105
276 L 0.07 0.051 0.047 0.026 0.014 0.021 0.028 0.069 0.014 0.086 0.157 0.036 0.039 0.088 0.017 0.044 0.072 0.007 0.027 0.087
277 V 0.071 0.021 0.016 0.017 0.015 0.016 0.022 0.026 0.014 0.166 0.139 0.025 0.029 0.077 0.015 0.031 0.038 0.009 0.072 0.18
278 L 0.081 0.023 0.022 0.022 0.054 0.018 0.024 0.109 0.011 0.1 0.143 0.029 0.04 0.062 0.017 0.054 0.04 0.006 0.022 0.125
279 L 0.072 0.022 0.019 0.02 0.016 0.016 0.022 0.064 0.01 0.157 0.161 0.027 0.043 0.064 0.016 0.036 0.056 0.006 0.023 0.148
280 L 0.047 0.019 0.014 0.016 0.015 0.014 0.019 0.021 0.009 0.204 0.22 0.023 0.036 0.07 0.014 0.025 0.037 0.007 0.024 0.168
281 G 0.105 0.022 0.03 0.028 0.013 0.018 0.025 0.362 0.012 0.04 0.071 0.031 0.015 0.049 0.018 0.048 0.032 0.006 0.018 0.056
282 I 0.076 0.022 0.021 0.022 0.016 0.017 0.024 0.067 0.011 0.178 0.176 0.029 0.031 0.037 0.017 0.065 0.042 0.006 0.018 0.125
283 L 0.069 0.02 0.017 0.018 0.015 0.015 0.02 0.062 0.01 0.159 0.181 0.024 0.031 0.093 0.015 0.031 0.036 0.007 0.028 0.148
284 F 0.128 0.021 0.018 0.02 0.016 0.016 0.024 0.037 0.012 0.129 0.107 0.027 0.025 0.143 0.017 0.041 0.038 0.008 0.037 0.136
285 L 0.04 0.02 0.014 0.015 0.014 0.013 0.019 0.022 0.012 0.109 0.265 0.022 0.036 0.183 0.012 0.024 0.03 0.01 0.043 0.098
286 A 0.148 0.024 0.02 0.021 0.015 0.019 0.027 0.078 0.017 0.077 0.121 0.031 0.023 0.073 0.019 0.046 0.036 0.046 0.074 0.084
287 L 0.042 0.046 0.018 0.018 0.012 0.017 0.022 0.06 0.012 0.135 0.174 0.03 0.042 0.097 0.013 0.027 0.031 0.081 0.035 0.088
288 L 0.094 0.028 0.024 0.024 0.016 0.021 0.029 0.036 0.013 0.075 0.206 0.033 0.056 0.064 0.019 0.064 0.093 0.007 0.024 0.075
289 T 0.071 0.034 0.041 0.036 0.017 0.026 0.038 0.042 0.013 0.048 0.06 0.043 0.018 0.022 0.026 0.1 0.277 0.005 0.017 0.065
290 L 0.064 0.029 0.018 0.019 0.014 0.02 0.025 0.027 0.015 0.112 0.207 0.048 0.071 0.102 0.015 0.032 0.034 0.009 0.054 0.085
291 S 0.115 0.036 0.046 0.042 0.017 0.03 0.046 0.06 0.017 0.035 0.067 0.048 0.017 0.022 0.027 0.237 0.072 0.005 0.017 0.045
292 R 0.043 0.365 0.037 0.03 0.007 0.046 0.05 0.032 0.022 0.022 0.043 0.128 0.015 0.016 0.019 0.042 0.033 0.005 0.016 0.029
293 G 0.12 0.031 0.041 0.037 0.015 0.025 0.038 0.196 0.015 0.032 0.043 0.042 0.014 0.019 0.025 0.139 0.105 0.005 0.015 0.044
294 G 0.074 0.023 0.036 0.031 0.012 0.019 0.026 0.428 0.013 0.036 0.041 0.033 0.012 0.018 0.019 0.052 0.055 0.005 0.012 0.055
295 S 0.086 0.041 0.062 0.071 0.013 0.079 0.076 0.046 0.019 0.048 0.055 0.053 0.018 0.02 0.023 0.103 0.085 0.005 0.017 0.08
296 N 0.115 0.035 0.127 0.076 0.013 0.029 0.064 0.053 0.019 0.041 0.094 0.045 0.018 0.023 0.022 0.091 0.065 0.005 0.016 0.048
297 V 0.113 0.022 0.017 0.019 0.017 0.016 0.024 0.033 0.01 0.151 0.156 0.027 0.03 0.063 0.017 0.038 0.041 0.006 0.024 0.178
298 L 0.047 0.026 0.02 0.02 0.013 0.034 0.027 0.026 0.017 0.113 0.209 0.03 0.032 0.107 0.015 0.044 0.035 0.01 0.077 0.097
299 R 0.046 0.252 0.036 0.031 0.008 0.043 0.051 0.034 0.02 0.028 0.049 0.161 0.015 0.045 0.02 0.046 0.052 0.006 0.021 0.034
300 N 0.048 0.039 0.129 0.073 0.011 0.06 0.05 0.042 0.051 0.052 0.053 0.048 0.016 0.035 0.02 0.057 0.092 0.008 0.068 0.048
301 L 0.064 0.02 0.014 0.016 0.016 0.014 0.019 0.023 0.009 0.207 0.26 0.024 0.038 0.044 0.015 0.027 0.035 0.006 0.02 0.126
302 Y 0.04 0.027 0.022 0.019 0.009 0.021 0.027 0.025 0.042 0.042 0.064 0.03 0.018 0.116 0.015 0.033 0.045 0.025 0.335 0.045
303 L 0.04 0.026 0.018 0.018 0.012 0.034 0.026 0.023 0.022 0.076 0.244 0.029 0.033 0.122 0.014 0.027 0.029 0.014 0.126 0.067
304 Y 0.039 0.03 0.102 0.12 0.008 0.024 0.043 0.036 0.035 0.032 0.049 0.037 0.014 0.077 0.017 0.041 0.032 0.017 0.211 0.035
305 F 0.034 0.019 0.016 0.016 0.011 0.011 0.019 0.023 0.017 0.065 0.148 0.02 0.027 0.35 0.011 0.024 0.025 0.015 0.094 0.057
306 A 0.268 0.032 0.032 0.033 0.019 0.026 0.041 0.07 0.015 0.037 0.051 0.044 0.016 0.02 0.028 0.133 0.055 0.005 0.016 0.057
307 L 0.048 0.027 0.018 0.018 0.015 0.023 0.024 0.025 0.014 0.142 0.179 0.031 0.174 0.044 0.015 0.032 0.038 0.007 0.022 0.104
308 P 0.06 0.044 0.035 0.048 0.01 0.099 0.12 0.039 0.02 0.024 0.038 0.061 0.014 0.014 0.203 0.079 0.042 0.004 0.016 0.032
309 P 0.053 0.024 0.022 0.029 0.01 0.019 0.034 0.034 0.012 0.024 0.034 0.039 0.01 0.012 0.524 0.041 0.034 0.002 0.012 0.029
310 Y 0.045 0.105 0.047 0.026 0.011 0.042 0.035 0.028 0.024 0.095 0.103 0.051 0.023 0.055 0.016 0.035 0.035 0.011 0.116 0.098
311 L 0.048 0.029 0.018 0.018 0.015 0.025 0.025 0.025 0.014 0.096 0.217 0.032 0.188 0.046 0.015 0.032 0.037 0.007 0.022 0.087
312 F 0.035 0.02 0.015 0.015 0.012 0.012 0.018 0.022 0.014 0.077 0.217 0.02 0.032 0.291 0.011 0.023 0.027 0.013 0.061 0.065
313 E 0.048 0.046 0.067 0.153 0.007 0.08 0.229 0.038 0.024 0.021 0.034 0.065 0.012 0.015 0.023 0.052 0.036 0.005 0.015 0.028
314 L 0.048 0.04 0.051 0.03 0.012 0.042 0.038 0.031 0.044 0.124 0.131 0.077 0.026 0.037 0.019 0.043 0.072 0.007 0.045 0.083
315 W 0.028 0.021 0.014 0.014 0.007 0.014 0.021 0.028 0.014 0.028 0.05 0.021 0.014 0.057 0.007 0.021 0.021 0.523 0.064 0.028
316 A 0.146 0.039 0.031 0.031 0.052 0.027 0.039 0.05 0.014 0.068 0.072 0.079 0.032 0.024 0.024 0.103 0.067 0.005 0.017 0.08
317 D 0.061 0.041 0.092 0.14 0.01 0.037 0.117 0.083 0.02 0.025 0.035 0.071 0.012 0.017 0.023 0.102 0.063 0.005 0.014 0.032
318 V 0.056 0.066 0.029 0.035 0.013 0.048 0.082 0.03 0.015 0.114 0.085 0.086 0.023 0.026 0.02 0.046 0.075 0.005 0.018 0.129
319 V 0.099 0.022 0.016 0.018 0.018 0.016 0.023 0.03 0.009 0.143 0.157 0.027 0.031 0.035 0.017 0.036 0.044 0.005 0.019 0.236
320 D 0.047 0.042 0.072 0.217 0.008 0.067 0.111 0.089 0.022 0.023 0.033 0.071 0.012 0.02 0.021 0.05 0.035 0.005 0.03 0.027
