#Seq2Logo.py -f /work3/idamei/ssn-clusterings/clustering/2205110921/clusters/0010_438/sequences.afa -o /work3/idamei/ssn-clusterings/clustering/2205110921/clusters/0010_438/sequences.logo
#Position Specific Frequency Matrix
A R N D C Q E G H I L K M F P S T W Y V
0 L 0.051 0.032 0.02 0.02 0.016 0.028 0.028 0.028 0.016 0.099 0.194 0.036 0.172 0.048 0.016 0.036 0.04 0.008 0.024 0.091
1 K 0.051 0.106 0.106 0.049 0.008 0.047 0.062 0.046 0.049 0.025 0.04 0.204 0.014 0.017 0.024 0.055 0.04 0.005 0.02 0.03
2 I 0.046 0.019 0.014 0.017 0.016 0.014 0.018 0.02 0.009 0.243 0.215 0.024 0.039 0.046 0.014 0.025 0.038 0.006 0.021 0.156
3 R 0.059 0.161 0.039 0.032 0.012 0.036 0.045 0.037 0.096 0.055 0.062 0.071 0.019 0.025 0.02 0.069 0.043 0.006 0.027 0.087
4 L 0.055 0.04 0.026 0.026 0.013 0.024 0.032 0.138 0.013 0.136 0.144 0.086 0.028 0.033 0.018 0.037 0.036 0.006 0.018 0.095
5 G 0.062 0.113 0.04 0.037 0.011 0.038 0.05 0.148 0.018 0.03 0.045 0.146 0.015 0.018 0.024 0.06 0.085 0.005 0.016 0.039
6 K 0.068 0.077 0.038 0.036 0.014 0.035 0.047 0.042 0.016 0.089 0.074 0.121 0.021 0.024 0.024 0.093 0.085 0.005 0.018 0.073
7 I 0.047 0.018 0.015 0.018 0.016 0.013 0.018 0.021 0.009 0.271 0.168 0.024 0.037 0.044 0.015 0.025 0.04 0.006 0.021 0.177
8 P 0.057 0.026 0.023 0.031 0.01 0.021 0.036 0.036 0.013 0.026 0.036 0.041 0.01 0.013 0.494 0.044 0.036 0.003 0.013 0.031
9 L 0.045 0.024 0.014 0.015 0.016 0.016 0.02 0.021 0.01 0.115 0.375 0.025 0.05 0.055 0.014 0.024 0.033 0.007 0.022 0.096
10 R 0.047 0.286 0.039 0.033 0.008 0.049 0.057 0.035 0.022 0.024 0.045 0.163 0.015 0.017 0.021 0.046 0.036 0.006 0.017 0.031
11 S 0.11 0.04 0.054 0.049 0.018 0.033 0.052 0.066 0.019 0.03 0.042 0.054 0.016 0.021 0.03 0.22 0.082 0.005 0.018 0.042
12 W 0.03 0.023 0.015 0.015 0.008 0.015 0.023 0.03 0.015 0.03 0.053 0.023 0.015 0.061 0.008 0.023 0.023 0.492 0.068 0.03
13 A 0.29 0.031 0.026 0.03 0.022 0.026 0.04 0.078 0.015 0.043 0.059 0.045 0.018 0.022 0.03 0.085 0.05 0.005 0.018 0.069
14 N 0.043 0.045 0.317 0.083 0.009 0.034 0.049 0.065 0.032 0.022 0.032 0.054 0.011 0.018 0.02 0.07 0.049 0.004 0.016 0.027
15 F 0.034 0.019 0.017 0.017 0.011 0.011 0.019 0.025 0.017 0.063 0.114 0.019 0.025 0.387 0.011 0.025 0.025 0.017 0.089 0.055
16 N 0.043 0.045 0.317 0.083 0.009 0.034 0.049 0.065 0.032 0.022 0.032 0.054 0.011 0.018 0.02 0.07 0.049 0.004 0.016 0.027
17 V 0.07 0.022 0.016 0.018 0.019 0.016 0.023 0.025 0.008 0.165 0.13 0.026 0.032 0.036 0.016 0.033 0.049 0.006 0.021 0.269
18 E 0.055 0.05 0.04 0.09 0.007 0.064 0.296 0.035 0.026 0.022 0.037 0.076 0.013 0.017 0.026 0.055 0.037 0.006 0.017 0.031
19 Q 0.056 0.074 0.044 0.047 0.009 0.215 0.103 0.041 0.029 0.026 0.047 0.091 0.021 0.015 0.024 0.056 0.041 0.006 0.021 0.035
20 L 0.045 0.024 0.014 0.015 0.016 0.016 0.02 0.021 0.01 0.115 0.375 0.025 0.05 0.055 0.014 0.024 0.033 0.007 0.022 0.096
21 K 0.057 0.107 0.042 0.042 0.009 0.054 0.071 0.043 0.021 0.028 0.043 0.278 0.016 0.016 0.028 0.054 0.04 0.005 0.017 0.033
22 K 0.057 0.107 0.042 0.042 0.009 0.054 0.071 0.043 0.021 0.028 0.043 0.278 0.016 0.016 0.028 0.054 0.04 0.005 0.017 0.033
23 L 0.045 0.024 0.014 0.015 0.016 0.016 0.02 0.021 0.01 0.115 0.375 0.025 0.05 0.055 0.014 0.024 0.033 0.007 0.022 0.096
24 F 0.034 0.019 0.017 0.017 0.011 0.011 0.019 0.025 0.017 0.063 0.114 0.019 0.025 0.387 0.011 0.025 0.025 0.017 0.089 0.055
25 Q 0.056 0.074 0.044 0.047 0.009 0.215 0.103 0.041 0.029 0.026 0.047 0.091 0.021 0.015 0.024 0.056 0.041 0.006 0.021 0.035
26 G 0.131 0.026 0.031 0.032 0.013 0.021 0.032 0.271 0.014 0.027 0.038 0.038 0.012 0.017 0.15 0.058 0.036 0.005 0.013 0.038
27 S 0.099 0.038 0.051 0.045 0.017 0.031 0.048 0.06 0.018 0.036 0.048 0.051 0.017 0.021 0.029 0.192 0.127 0.005 0.017 0.049
28 S 0.097 0.037 0.048 0.043 0.016 0.03 0.047 0.06 0.018 0.029 0.043 0.049 0.015 0.027 0.026 0.199 0.072 0.08 0.025 0.04
29 R 0.058 0.132 0.107 0.05 0.01 0.073 0.064 0.048 0.025 0.025 0.041 0.127 0.015 0.017 0.023 0.082 0.047 0.005 0.017 0.032
30 G 0.066 0.036 0.035 0.033 0.011 0.068 0.043 0.298 0.017 0.039 0.07 0.047 0.049 0.023 0.019 0.048 0.034 0.006 0.016 0.042
31 A 0.3 0.031 0.025 0.029 0.021 0.025 0.04 0.077 0.015 0.043 0.059 0.044 0.017 0.021 0.029 0.084 0.049 0.005 0.017 0.068
32 R 0.116 0.161 0.043 0.091 0.013 0.037 0.055 0.052 0.019 0.029 0.045 0.076 0.015 0.019 0.024 0.096 0.048 0.005 0.016 0.04
33 W 0.033 0.023 0.015 0.015 0.009 0.015 0.022 0.028 0.014 0.049 0.127 0.023 0.023 0.058 0.009 0.023 0.025 0.388 0.057 0.045
34 V 0.07 0.027 0.026 0.025 0.018 0.02 0.029 0.031 0.01 0.121 0.104 0.033 0.027 0.031 0.02 0.055 0.127 0.006 0.019 0.2
35 L 0.044 0.024 0.014 0.015 0.016 0.016 0.02 0.021 0.01 0.114 0.384 0.025 0.049 0.054 0.014 0.024 0.033 0.007 0.022 0.095
36 L 0.049 0.022 0.016 0.017 0.123 0.016 0.02 0.025 0.012 0.125 0.178 0.025 0.063 0.094 0.014 0.031 0.035 0.008 0.03 0.097
37 T 0.123 0.031 0.033 0.031 0.019 0.024 0.036 0.046 0.013 0.075 0.078 0.04 0.022 0.026 0.025 0.076 0.163 0.006 0.018 0.117
38 L 0.046 0.035 0.021 0.022 0.014 0.063 0.038 0.025 0.014 0.094 0.308 0.04 0.042 0.045 0.016 0.031 0.035 0.007 0.022 0.081
39 Y 0.136 0.028 0.021 0.022 0.013 0.021 0.031 0.046 0.027 0.04 0.061 0.034 0.017 0.073 0.019 0.049 0.035 0.126 0.151 0.051
40 W 0.03 0.023 0.015 0.015 0.008 0.015 0.023 0.03 0.015 0.03 0.053 0.023 0.015 0.061 0.008 0.023 0.023 0.492 0.068 0.03
41 Y 0.039 0.026 0.021 0.018 0.009 0.02 0.026 0.025 0.042 0.046 0.074 0.029 0.019 0.169 0.015 0.03 0.027 0.026 0.291 0.047
42 F 0.048 0.031 0.109 0.039 0.012 0.023 0.033 0.041 0.021 0.056 0.1 0.036 0.053 0.167 0.016 0.063 0.041 0.01 0.045 0.053
43 L 0.083 0.027 0.019 0.019 0.015 0.021 0.026 0.033 0.015 0.086 0.198 0.031 0.088 0.124 0.016 0.038 0.036 0.009 0.037 0.08
44 F 0.038 0.018 0.016 0.017 0.013 0.011 0.018 0.023 0.014 0.145 0.133 0.02 0.029 0.263 0.012 0.025 0.03 0.013 0.062 0.1
45 S 0.108 0.04 0.053 0.048 0.017 0.033 0.052 0.065 0.019 0.029 0.041 0.053 0.015 0.021 0.029 0.23 0.081 0.005 0.017 0.041
46 Y 0.045 0.026 0.021 0.021 0.01 0.02 0.028 0.026 0.033 0.075 0.075 0.032 0.019 0.09 0.125 0.033 0.031 0.019 0.21 0.062
47 V 0.116 0.023 0.018 0.02 0.019 0.018 0.026 0.035 0.01 0.162 0.121 0.029 0.029 0.034 0.019 0.042 0.047 0.005 0.02 0.207
48 L 0.042 0.023 0.015 0.015 0.015 0.015 0.02 0.022 0.011 0.102 0.323 0.024 0.044 0.131 0.013 0.024 0.031 0.009 0.037 0.086
49 V 0.059 0.02 0.015 0.018 0.018 0.015 0.02 0.023 0.008 0.216 0.145 0.025 0.033 0.039 0.015 0.029 0.044 0.006 0.02 0.231
50 Y 0.04 0.028 0.022 0.018 0.009 0.022 0.028 0.025 0.046 0.043 0.068 0.031 0.018 0.129 0.015 0.031 0.028 0.028 0.327 0.046
51 T 0.062 0.032 0.037 0.032 0.015 0.024 0.035 0.04 0.014 0.047 0.062 0.04 0.018 0.032 0.023 0.076 0.204 0.118 0.029 0.061
52 F 0.039 0.023 0.017 0.017 0.013 0.015 0.021 0.025 0.015 0.08 0.177 0.024 0.062 0.259 0.012 0.027 0.03 0.013 0.062 0.07
53 G 0.068 0.042 0.062 0.04 0.01 0.069 0.048 0.339 0.019 0.021 0.033 0.067 0.012 0.016 0.02 0.053 0.034 0.005 0.014 0.027
54 L 0.084 0.027 0.017 0.018 0.017 0.02 0.025 0.031 0.012 0.1 0.292 0.03 0.072 0.048 0.017 0.036 0.037 0.007 0.022 0.09
55 P 0.056 0.025 0.023 0.031 0.01 0.02 0.036 0.036 0.013 0.025 0.036 0.041 0.01 0.013 0.5 0.043 0.036 0.003 0.013 0.031
56 R 0.044 0.354 0.038 0.031 0.008 0.048 0.052 0.032 0.023 0.023 0.046 0.119 0.015 0.017 0.019 0.044 0.034 0.006 0.017 0.031
57 V 0.108 0.027 0.025 0.027 0.017 0.021 0.033 0.042 0.012 0.091 0.082 0.037 0.022 0.026 0.13 0.076 0.051 0.005 0.018 0.15
58 L 0.044 0.023 0.014 0.015 0.016 0.016 0.02 0.021 0.01 0.139 0.351 0.025 0.047 0.052 0.014 0.024 0.034 0.007 0.022 0.107
59 L 0.044 0.024 0.014 0.015 0.016 0.016 0.02 0.021 0.01 0.114 0.384 0.025 0.049 0.054 0.014 0.024 0.033 0.007 0.022 0.095
60 Y 0.04 0.028 0.022 0.018 0.009 0.022 0.028 0.025 0.046 0.043 0.068 0.031 0.018 0.129 0.015 0.031 0.028 0.028 0.327 0.046
61 I 0.046 0.018 0.014 0.017 0.016 0.014 0.018 0.02 0.009 0.256 0.199 0.024 0.038 0.045 0.014 0.025 0.038 0.006 0.021 0.162
62 G 0.069 0.028 0.104 0.044 0.01 0.022 0.031 0.414 0.017 0.019 0.029 0.038 0.01 0.016 0.019 0.055 0.034 0.005 0.012 0.025
63 D 0.04 0.029 0.068 0.406 0.007 0.029 0.09 0.046 0.018 0.022 0.028 0.044 0.009 0.015 0.022 0.051 0.035 0.004 0.011 0.024
64 L 0.108 0.023 0.017 0.02 0.018 0.017 0.024 0.034 0.01 0.162 0.182 0.029 0.034 0.039 0.018 0.04 0.042 0.006 0.02 0.156
65 L 0.045 0.022 0.014 0.016 0.016 0.015 0.019 0.021 0.009 0.177 0.302 0.024 0.044 0.05 0.014 0.024 0.035 0.007 0.021 0.125
66 N 0.054 0.041 0.214 0.064 0.012 0.031 0.045 0.056 0.024 0.034 0.044 0.05 0.014 0.02 0.023 0.078 0.131 0.005 0.016 0.044
67 I 0.049 0.019 0.015 0.017 0.015 0.013 0.019 0.022 0.01 0.205 0.145 0.023 0.033 0.121 0.014 0.027 0.038 0.008 0.036 0.171
68 W 0.034 0.021 0.015 0.016 0.011 0.014 0.02 0.026 0.014 0.061 0.15 0.022 0.026 0.185 0.01 0.024 0.026 0.206 0.065 0.054
69 V 0.071 0.027 0.028 0.027 0.018 0.021 0.03 0.035 0.011 0.142 0.108 0.034 0.027 0.032 0.021 0.078 0.099 0.006 0.019 0.168
70 F 0.035 0.02 0.016 0.016 0.011 0.011 0.019 0.024 0.016 0.07 0.154 0.02 0.029 0.344 0.011 0.025 0.026 0.015 0.078 0.06
71 L 0.051 0.022 0.016 0.016 0.016 0.015 0.021 0.023 0.011 0.121 0.221 0.024 0.036 0.124 0.014 0.028 0.037 0.009 0.036 0.159
72 L 0.041 0.027 0.061 0.026 0.012 0.019 0.026 0.029 0.022 0.073 0.198 0.029 0.039 0.138 0.014 0.033 0.033 0.013 0.101 0.065
73 A 0.303 0.03 0.025 0.029 0.021 0.025 0.04 0.077 0.015 0.042 0.058 0.044 0.017 0.021 0.029 0.083 0.049 0.005 0.017 0.068
74 L 0.047 0.023 0.015 0.016 0.016 0.015 0.02 0.022 0.011 0.115 0.287 0.024 0.041 0.105 0.014 0.026 0.035 0.008 0.032 0.128
75 Y 0.057 0.099 0.028 0.025 0.012 0.027 0.035 0.032 0.029 0.062 0.072 0.051 0.02 0.069 0.018 0.063 0.041 0.015 0.152 0.093
76 S 0.11 0.04 0.054 0.049 0.018 0.033 0.052 0.066 0.019 0.03 0.042 0.054 0.016 0.021 0.03 0.22 0.082 0.005 0.018 0.042
77 Y 0.04 0.028 0.022 0.019 0.009 0.022 0.028 0.025 0.047 0.044 0.068 0.031 0.019 0.131 0.016 0.031 0.028 0.028 0.318 0.047
78 N 0.043 0.045 0.317 0.083 0.009 0.034 0.049 0.065 0.032 0.022 0.032 0.054 0.011 0.018 0.02 0.07 0.049 0.004 0.016 0.027
79 K 0.051 0.063 0.032 0.043 0.01 0.041 0.103 0.033 0.02 0.085 0.074 0.149 0.02 0.057 0.022 0.043 0.037 0.008 0.045 0.065
80 R 0.049 0.173 0.05 0.034 0.01 0.041 0.051 0.035 0.019 0.08 0.069 0.159 0.019 0.022 0.021 0.044 0.038 0.005 0.018 0.062
81 S 0.082 0.115 0.047 0.043 0.013 0.041 0.056 0.053 0.02 0.027 0.042 0.13 0.015 0.018 0.027 0.15 0.061 0.005 0.017 0.037
82 K 0.062 0.109 0.034 0.031 0.014 0.035 0.045 0.036 0.016 0.07 0.072 0.12 0.021 0.023 0.023 0.056 0.101 0.005 0.018 0.11
83 K 0.056 0.137 0.041 0.039 0.01 0.084 0.066 0.04 0.021 0.031 0.049 0.158 0.017 0.017 0.025 0.059 0.086 0.006 0.018 0.04
84 R 0.104 0.172 0.098 0.041 0.011 0.035 0.045 0.118 0.021 0.026 0.043 0.076 0.014 0.018 0.021 0.058 0.04 0.005 0.016 0.037
85 F 0.098 0.04 0.023 0.025 0.013 0.023 0.034 0.039 0.016 0.082 0.093 0.083 0.023 0.185 0.019 0.043 0.035 0.01 0.048 0.069
86 Y 0.048 0.032 0.031 0.026 0.012 0.025 0.034 0.03 0.1 0.056 0.129 0.035 0.024 0.069 0.018 0.044 0.078 0.014 0.138 0.056
87 A 0.148 0.027 0.025 0.026 0.019 0.021 0.031 0.046 0.012 0.122 0.097 0.036 0.025 0.029 0.023 0.061 0.092 0.006 0.019 0.137
88 P 0.074 0.035 0.037 0.049 0.012 0.034 0.1 0.046 0.018 0.026 0.038 0.052 0.013 0.016 0.231 0.114 0.052 0.004 0.015 0.034
89 K 0.064 0.074 0.038 0.037 0.012 0.04 0.055 0.043 0.018 0.046 0.116 0.183 0.022 0.025 0.025 0.085 0.047 0.006 0.018 0.047
90 I 0.053 0.032 0.071 0.046 0.013 0.03 0.089 0.034 0.016 0.141 0.096 0.043 0.024 0.03 0.02 0.051 0.087 0.006 0.018 0.1
91 F 0.041 0.024 0.019 0.027 0.012 0.02 0.06 0.024 0.015 0.115 0.171 0.029 0.031 0.194 0.014 0.029 0.031 0.011 0.049 0.085
92 L 0.061 0.024 0.024 0.023 0.015 0.019 0.025 0.133 0.012 0.123 0.193 0.03 0.042 0.038 0.017 0.054 0.04 0.006 0.019 0.104
93 L 0.048 0.022 0.014 0.015 0.118 0.015 0.019 0.023 0.009 0.098 0.318 0.024 0.042 0.046 0.014 0.027 0.033 0.006 0.02 0.086
94 L 0.045 0.025 0.017 0.018 0.015 0.019 0.023 0.025 0.014 0.12 0.213 0.028 0.096 0.123 0.014 0.029 0.035 0.009 0.036 0.095
95 V 0.056 0.021 0.016 0.017 0.016 0.015 0.021 0.024 0.01 0.13 0.18 0.024 0.034 0.117 0.014 0.029 0.04 0.008 0.035 0.193
96 L 0.049 0.023 0.014 0.015 0.017 0.016 0.02 0.022 0.01 0.124 0.331 0.025 0.045 0.05 0.014 0.026 0.036 0.007 0.022 0.135
97 F 0.036 0.022 0.019 0.017 0.01 0.015 0.022 0.025 0.029 0.054 0.093 0.024 0.022 0.283 0.013 0.027 0.026 0.021 0.191 0.05
98 L 0.063 0.027 0.024 0.023 0.118 0.021 0.027 0.034 0.013 0.077 0.202 0.032 0.062 0.038 0.018 0.075 0.045 0.006 0.019 0.074
99 L 0.053 0.025 0.023 0.023 0.014 0.017 0.026 0.032 0.015 0.073 0.195 0.028 0.031 0.194 0.016 0.069 0.04 0.011 0.049 0.066
100 L 0.051 0.021 0.015 0.017 0.016 0.014 0.02 0.023 0.01 0.156 0.188 0.023 0.035 0.119 0.014 0.027 0.038 0.008 0.035 0.17
101 G 0.081 0.025 0.04 0.035 0.012 0.021 0.029 0.454 0.014 0.02 0.03 0.036 0.01 0.017 0.02 0.077 0.036 0.005 0.012 0.026
102 L 0.106 0.022 0.017 0.019 0.018 0.017 0.024 0.033 0.01 0.17 0.182 0.028 0.034 0.039 0.018 0.039 0.042 0.006 0.02 0.157
103 F 0.047 0.02 0.016 0.016 0.082 0.013 0.019 0.025 0.012 0.092 0.167 0.022 0.03 0.193 0.013 0.028 0.033 0.01 0.048 0.112
104 S 0.091 0.037 0.094 0.05 0.014 0.03 0.045 0.162 0.02 0.026 0.037 0.049 0.013 0.019 0.025 0.168 0.064 0.005 0.015 0.035
105 G 0.166 0.028 0.036 0.034 0.016 0.023 0.034 0.288 0.015 0.029 0.041 0.04 0.013 0.019 0.024 0.089 0.044 0.005 0.014 0.043
106 L 0.044 0.019 0.015 0.017 0.015 0.013 0.019 0.022 0.011 0.191 0.198 0.023 0.036 0.121 0.014 0.025 0.035 0.008 0.035 0.139
107 L 0.052 0.021 0.015 0.016 0.017 0.015 0.02 0.022 0.009 0.176 0.249 0.025 0.04 0.045 0.015 0.026 0.039 0.006 0.021 0.171
108 N 0.042 0.044 0.329 0.082 0.009 0.033 0.048 0.064 0.031 0.022 0.031 0.053 0.011 0.018 0.02 0.068 0.048 0.004 0.015 0.027
109 S 0.129 0.042 0.039 0.039 0.016 0.071 0.055 0.056 0.019 0.043 0.095 0.055 0.022 0.024 0.026 0.133 0.058 0.006 0.019 0.053
110 E 0.052 0.042 0.034 0.073 0.009 0.053 0.247 0.031 0.022 0.078 0.064 0.063 0.018 0.022 0.023 0.048 0.037 0.005 0.017 0.061
111 S 0.076 0.051 0.083 0.047 0.013 0.034 0.051 0.054 0.02 0.027 0.039 0.101 0.014 0.017 0.129 0.131 0.057 0.004 0.016 0.035
112 P 0.055 0.023 0.019 0.023 0.014 0.018 0.027 0.028 0.011 0.134 0.104 0.032 0.034 0.029 0.224 0.035 0.04 0.004 0.017 0.13
113 L 0.049 0.022 0.018 0.018 0.015 0.016 0.02 0.092 0.01 0.136 0.288 0.026 0.04 0.046 0.015 0.028 0.034 0.006 0.02 0.101
114 L 0.105 0.028 0.022 0.023 0.017 0.02 0.028 0.038 0.012 0.085 0.247 0.033 0.036 0.04 0.02 0.051 0.085 0.006 0.02 0.083
115 L 0.049 0.022 0.014 0.016 0.017 0.016 0.02 0.022 0.009 0.148 0.3 0.025 0.043 0.048 0.014 0.026 0.037 0.006 0.021 0.146
116 I 0.051 0.02 0.015 0.017 0.017 0.014 0.019 0.021 0.009 0.221 0.205 0.024 0.038 0.044 0.015 0.026 0.04 0.006 0.021 0.18
117 W 0.03 0.022 0.015 0.015 0.007 0.015 0.022 0.03 0.015 0.03 0.052 0.022 0.015 0.059 0.007 0.022 0.022 0.502 0.067 0.03
118 G 0.077 0.022 0.038 0.033 0.011 0.019 0.025 0.519 0.013 0.019 0.028 0.033 0.009 0.016 0.019 0.05 0.029 0.005 0.011 0.024
119 L 0.047 0.024 0.017 0.018 0.015 0.019 0.023 0.023 0.018 0.147 0.195 0.028 0.065 0.064 0.015 0.029 0.036 0.011 0.088 0.119
120 R 0.044 0.357 0.038 0.03 0.008 0.048 0.051 0.032 0.023 0.023 0.046 0.118 0.015 0.017 0.019 0.044 0.034 0.006 0.017 0.03
121 N 0.056 0.043 0.27 0.074 0.011 0.033 0.049 0.064 0.028 0.024 0.033 0.053 0.012 0.018 0.022 0.104 0.055 0.005 0.016 0.03
122 I 0.047 0.039 0.133 0.046 0.012 0.067 0.046 0.04 0.021 0.135 0.092 0.048 0.024 0.028 0.018 0.047 0.043 0.005 0.019 0.091
123 L 0.053 0.025 0.019 0.019 0.017 0.018 0.023 0.025 0.01 0.115 0.285 0.028 0.041 0.045 0.016 0.035 0.069 0.006 0.021 0.131
124 R 0.044 0.357 0.038 0.03 0.008 0.048 0.051 0.032 0.023 0.023 0.046 0.118 0.015 0.017 0.019 0.044 0.034 0.006 0.017 0.03
125 Y 0.04 0.026 0.02 0.018 0.01 0.02 0.026 0.025 0.035 0.055 0.095 0.029 0.042 0.175 0.014 0.03 0.029 0.022 0.234 0.054
126 F 0.036 0.018 0.016 0.017 0.012 0.011 0.018 0.024 0.015 0.11 0.123 0.02 0.027 0.322 0.011 0.025 0.028 0.014 0.073 0.08
127 L 0.101 0.026 0.018 0.019 0.017 0.02 0.025 0.034 0.012 0.119 0.243 0.031 0.067 0.044 0.018 0.039 0.039 0.007 0.021 0.099
128 F 0.04 0.021 0.018 0.017 0.011 0.014 0.021 0.025 0.022 0.072 0.105 0.022 0.024 0.288 0.012 0.027 0.029 0.017 0.13 0.085
129 L 0.039 0.022 0.016 0.016 0.013 0.014 0.02 0.023 0.018 0.081 0.224 0.023 0.034 0.212 0.013 0.025 0.029 0.014 0.094 0.07
130 Y 0.039 0.024 0.019 0.018 0.01 0.018 0.024 0.024 0.034 0.081 0.091 0.027 0.022 0.174 0.014 0.029 0.029 0.022 0.234 0.066
131 S 0.133 0.037 0.084 0.046 0.017 0.03 0.046 0.063 0.019 0.036 0.048 0.049 0.016 0.021 0.027 0.148 0.108 0.005 0.017 0.051
132 C 0.064 0.016 0.016 0.016 0.493 0.012 0.016 0.032 0.008 0.044 0.064 0.02 0.016 0.02 0.016 0.04 0.036 0.004 0.012 0.056
133 Y 0.08 0.024 0.019 0.019 0.014 0.018 0.025 0.03 0.025 0.146 0.108 0.029 0.026 0.077 0.017 0.036 0.036 0.015 0.153 0.104
134 V 0.069 0.023 0.02 0.02 0.019 0.018 0.025 0.027 0.009 0.146 0.119 0.028 0.029 0.033 0.018 0.041 0.079 0.005 0.02 0.252
135 L 0.039 0.023 0.016 0.016 0.013 0.015 0.021 0.023 0.018 0.082 0.222 0.024 0.044 0.201 0.013 0.026 0.029 0.014 0.089 0.071
136 L 0.046 0.022 0.016 0.017 0.016 0.015 0.02 0.054 0.01 0.141 0.319 0.025 0.043 0.049 0.014 0.026 0.034 0.007 0.021 0.105
137 K 0.072 0.13 0.039 0.047 0.01 0.048 0.108 0.041 0.021 0.03 0.046 0.164 0.015 0.017 0.025 0.058 0.068 0.005 0.017 0.039
138 I 0.053 0.107 0.028 0.027 0.013 0.032 0.039 0.031 0.016 0.127 0.114 0.1 0.055 0.032 0.019 0.05 0.041 0.006 0.019 0.091
139 K 0.066 0.074 0.043 0.053 0.01 0.086 0.12 0.045 0.023 0.026 0.042 0.16 0.016 0.016 0.026 0.09 0.047 0.005 0.018 0.034
140 D 0.04 0.029 0.068 0.409 0.007 0.029 0.09 0.046 0.018 0.022 0.027 0.044 0.009 0.015 0.022 0.051 0.035 0.004 0.011 0.024
141 L 0.048 0.023 0.016 0.017 0.015 0.016 0.021 0.022 0.016 0.143 0.227 0.026 0.037 0.063 0.015 0.027 0.036 0.011 0.083 0.138
142 E 0.046 0.04 0.1 0.137 0.008 0.042 0.157 0.041 0.029 0.026 0.04 0.055 0.013 0.039 0.022 0.052 0.037 0.009 0.078 0.031
143 I 0.047 0.108 0.088 0.037 0.011 0.032 0.041 0.036 0.018 0.129 0.09 0.102 0.023 0.027 0.019 0.043 0.04 0.005 0.018 0.087
144 V 0.064 0.021 0.016 0.017 0.018 0.016 0.022 0.023 0.008 0.186 0.135 0.025 0.032 0.037 0.016 0.031 0.047 0.005 0.02 0.261
145 L 0.039 0.022 0.015 0.016 0.014 0.014 0.019 0.022 0.013 0.093 0.277 0.022 0.039 0.192 0.013 0.024 0.03 0.011 0.048 0.078
146 K 0.087 0.129 0.097 0.046 0.011 0.043 0.056 0.051 0.022 0.027 0.043 0.16 0.015 0.017 0.024 0.07 0.044 0.005 0.017 0.036
147 L 0.052 0.021 0.015 0.017 0.016 0.014 0.02 0.023 0.01 0.157 0.184 0.024 0.034 0.113 0.014 0.028 0.039 0.008 0.034 0.178
148 L 0.054 0.022 0.015 0.016 0.017 0.015 0.021 0.022 0.009 0.167 0.239 0.025 0.039 0.044 0.015 0.027 0.04 0.006 0.021 0.186
149 W 0.055 0.048 0.033 0.041 0.01 0.036 0.095 0.04 0.019 0.027 0.045 0.093 0.015 0.034 0.019 0.077 0.04 0.204 0.037 0.033
150 L 0.101 0.056 0.027 0.029 0.014 0.032 0.043 0.041 0.015 0.099 0.139 0.135 0.026 0.03 0.022 0.047 0.04 0.006 0.019 0.08
151 L 0.054 0.022 0.015 0.016 0.017 0.015 0.021 0.022 0.009 0.167 0.239 0.025 0.039 0.044 0.015 0.027 0.04 0.006 0.021 0.186
152 F 0.033 0.019 0.017 0.017 0.01 0.01 0.019 0.025 0.017 0.062 0.112 0.019 0.025 0.399 0.01 0.025 0.025 0.017 0.087 0.054
153 W 0.085 0.024 0.017 0.018 0.01 0.017 0.026 0.039 0.015 0.032 0.053 0.027 0.015 0.052 0.012 0.034 0.028 0.403 0.057 0.037
154 L 0.051 0.022 0.016 0.017 0.016 0.017 0.021 0.023 0.01 0.189 0.208 0.026 0.066 0.045 0.015 0.028 0.04 0.006 0.021 0.163
155 S 0.108 0.039 0.053 0.048 0.017 0.033 0.051 0.065 0.019 0.029 0.041 0.053 0.015 0.02 0.029 0.235 0.08 0.005 0.017 0.041
156 L 0.054 0.022 0.015 0.016 0.017 0.015 0.021 0.022 0.009 0.167 0.239 0.025 0.039 0.044 0.015 0.027 0.04 0.006 0.021 0.186
157 P 0.056 0.025 0.023 0.03 0.01 0.02 0.035 0.035 0.013 0.025 0.035 0.04 0.01 0.013 0.503 0.043 0.035 0.003 0.013 0.03
158 L 0.044 0.024 0.014 0.015 0.016 0.016 0.02 0.021 0.01 0.113 0.388 0.025 0.049 0.054 0.014 0.024 0.033 0.007 0.022 0.094
159 C 0.065 0.02 0.021 0.02 0.399 0.015 0.021 0.034 0.009 0.046 0.064 0.025 0.017 0.021 0.018 0.05 0.081 0.004 0.013 0.059
160 L 0.107 0.028 0.028 0.027 0.018 0.022 0.031 0.041 0.012 0.109 0.148 0.036 0.028 0.033 0.022 0.063 0.129 0.006 0.019 0.095
161 I 0.1 0.02 0.017 0.02 0.017 0.016 0.022 0.032 0.01 0.224 0.14 0.027 0.032 0.038 0.018 0.037 0.042 0.006 0.02 0.163
162 E 0.054 0.049 0.04 0.088 0.007 0.063 0.31 0.034 0.025 0.022 0.036 0.074 0.013 0.016 0.025 0.054 0.036 0.005 0.016 0.031
163 R 0.098 0.242 0.036 0.032 0.011 0.044 0.053 0.043 0.021 0.028 0.047 0.138 0.016 0.018 0.023 0.053 0.038 0.005 0.017 0.038
164 F 0.034 0.02 0.018 0.017 0.01 0.013 0.02 0.025 0.022 0.058 0.103 0.021 0.024 0.345 0.011 0.026 0.025 0.019 0.136 0.052
165 F 0.039 0.022 0.017 0.017 0.013 0.015 0.021 0.025 0.015 0.08 0.183 0.023 0.06 0.26 0.012 0.027 0.029 0.013 0.061 0.069
166 V 0.069 0.021 0.016 0.017 0.019 0.016 0.023 0.024 0.008 0.161 0.128 0.026 0.031 0.035 0.016 0.032 0.048 0.005 0.02 0.283
167 T 0.056 0.043 0.05 0.113 0.012 0.07 0.064 0.042 0.088 0.035 0.048 0.053 0.017 0.021 0.024 0.066 0.125 0.006 0.024 0.044
168 Y 0.04 0.027 0.021 0.018 0.009 0.021 0.027 0.024 0.046 0.043 0.067 0.031 0.018 0.128 0.015 0.031 0.027 0.027 0.331 0.046
169 P 0.056 0.025 0.023 0.03 0.01 0.02 0.035 0.035 0.013 0.025 0.035 0.04 0.01 0.013 0.503 0.043 0.035 0.003 0.013 0.03
170 A 0.206 0.035 0.03 0.041 0.018 0.033 0.093 0.06 0.017 0.043 0.064 0.049 0.027 0.022 0.027 0.075 0.074 0.006 0.017 0.062
171 G 0.077 0.022 0.038 0.033 0.011 0.019 0.025 0.52 0.013 0.019 0.028 0.033 0.009 0.016 0.019 0.05 0.029 0.005 0.011 0.024
172 T 0.072 0.035 0.043 0.037 0.017 0.027 0.039 0.043 0.014 0.052 0.064 0.045 0.019 0.023 0.027 0.091 0.261 0.006 0.017 0.07
173 I 0.046 0.017 0.014 0.017 0.016 0.013 0.017 0.02 0.009 0.285 0.165 0.023 0.036 0.043 0.014 0.025 0.039 0.006 0.02 0.173
174 V 0.06 0.02 0.015 0.017 0.018 0.015 0.021 0.023 0.008 0.211 0.142 0.025 0.033 0.038 0.015 0.029 0.045 0.006 0.02 0.239
175 G 0.077 0.022 0.038 0.033 0.011 0.019 0.025 0.52 0.013 0.019 0.028 0.033 0.009 0.016 0.019 0.05 0.029 0.005 0.011 0.024
176 D 0.04 0.029 0.068 0.409 0.007 0.029 0.09 0.046 0.018 0.022 0.027 0.044 0.009 0.015 0.022 0.051 0.035 0.004 0.011 0.024
177 L 0.051 0.031 0.02 0.02 0.016 0.028 0.028 0.028 0.016 0.098 0.193 0.035 0.177 0.047 0.016 0.035 0.039 0.008 0.024 0.091
178 V 0.064 0.021 0.016 0.017 0.018 0.016 0.022 0.023 0.008 0.186 0.135 0.025 0.032 0.037 0.016 0.031 0.047 0.005 0.02 0.261
179 G 0.077 0.022 0.038 0.033 0.011 0.019 0.025 0.52 0.013 0.019 0.028 0.033 0.009 0.016 0.019 0.05 0.029 0.005 0.011 0.024
180 G 0.077 0.022 0.038 0.033 0.011 0.019 0.025 0.52 0.013 0.019 0.028 0.033 0.009 0.016 0.019 0.05 0.029 0.005 0.011 0.024
181 V 0.06 0.021 0.016 0.017 0.017 0.015 0.022 0.024 0.01 0.15 0.127 0.024 0.03 0.108 0.015 0.03 0.043 0.008 0.034 0.23
182 F 0.034 0.02 0.018 0.017 0.01 0.013 0.02 0.025 0.022 0.058 0.103 0.021 0.024 0.345 0.011 0.026 0.025 0.019 0.136 0.052
183 W 0.032 0.023 0.016 0.016 0.008 0.016 0.023 0.029 0.021 0.032 0.055 0.024 0.016 0.073 0.009 0.024 0.023 0.407 0.12 0.033
184 N 0.042 0.044 0.33 0.081 0.009 0.033 0.048 0.064 0.031 0.022 0.031 0.053 0.011 0.018 0.02 0.068 0.048 0.004 0.015 0.026
185 F 0.037 0.024 0.019 0.018 0.01 0.017 0.024 0.025 0.034 0.051 0.085 0.026 0.021 0.237 0.013 0.028 0.026 0.023 0.234 0.049
186 S 0.108 0.039 0.053 0.048 0.017 0.033 0.051 0.065 0.019 0.029 0.041 0.053 0.015 0.02 0.029 0.235 0.08 0.005 0.017 0.041
187 G 0.077 0.022 0.038 0.033 0.011 0.019 0.025 0.52 0.013 0.019 0.028 0.033 0.009 0.016 0.019 0.05 0.029 0.005 0.011 0.024
188 C 0.084 0.026 0.033 0.03 0.279 0.021 0.032 0.047 0.013 0.037 0.054 0.035 0.016 0.02 0.022 0.128 0.056 0.005 0.014 0.049
189 N 0.042 0.044 0.33 0.081 0.009 0.033 0.048 0.064 0.031 0.022 0.031 0.053 0.011 0.018 0.02 0.068 0.048 0.004 0.015 0.026
190 L 0.045 0.025 0.015 0.016 0.016 0.018 0.021 0.022 0.011 0.11 0.349 0.027 0.074 0.052 0.014 0.026 0.034 0.007 0.022 0.094
191 P 0.056 0.025 0.023 0.03 0.01 0.02 0.035 0.035 0.013 0.025 0.035 0.04 0.01 0.013 0.503 0.043 0.035 0.003 0.013 0.03
192 L 0.044 0.024 0.014 0.015 0.016 0.016 0.02 0.021 0.01 0.113 0.388 0.025 0.049 0.054 0.014 0.024 0.033 0.007 0.022 0.094
193 N 0.042 0.044 0.33 0.081 0.009 0.033 0.048 0.064 0.031 0.022 0.031 0.053 0.011 0.018 0.02 0.068 0.048 0.004 0.015 0.026
194 V 0.106 0.023 0.017 0.019 0.018 0.017 0.025 0.033 0.01 0.153 0.173 0.029 0.033 0.038 0.018 0.039 0.044 0.006 0.02 0.18
195 I 0.051 0.018 0.015 0.017 0.016 0.014 0.018 0.021 0.009 0.261 0.157 0.024 0.035 0.042 0.015 0.026 0.041 0.006 0.02 0.195
196 L 0.044 0.023 0.014 0.015 0.016 0.015 0.019 0.021 0.01 0.148 0.343 0.024 0.046 0.052 0.014 0.024 0.034 0.007 0.022 0.11
197 C 0.06 0.018 0.016 0.016 0.398 0.013 0.017 0.03 0.008 0.058 0.129 0.021 0.023 0.027 0.016 0.037 0.035 0.005 0.014 0.063
198 V 0.055 0.02 0.015 0.017 0.017 0.015 0.02 0.022 0.009 0.201 0.194 0.024 0.037 0.042 0.015 0.027 0.042 0.006 0.021 0.201
199 C 0.059 0.029 0.027 0.035 0.204 0.027 0.082 0.033 0.02 0.041 0.059 0.038 0.016 0.042 0.02 0.051 0.079 0.009 0.078 0.052
200 L 0.056 0.023 0.016 0.017 0.017 0.018 0.022 0.023 0.01 0.164 0.2 0.027 0.065 0.043 0.015 0.03 0.042 0.006 0.021 0.185
201 T 0.077 0.028 0.03 0.028 0.017 0.021 0.03 0.036 0.012 0.145 0.104 0.036 0.026 0.031 0.022 0.064 0.158 0.006 0.019 0.111
202 G 0.057 0.034 0.036 0.104 0.012 0.062 0.052 0.13 0.016 0.068 0.123 0.043 0.024 0.027 0.019 0.042 0.037 0.005 0.017 0.092
203 V 0.119 0.026 0.025 0.026 0.018 0.021 0.031 0.042 0.012 0.136 0.104 0.034 0.026 0.031 0.021 0.082 0.053 0.005 0.019 0.17
204 T 0.118 0.034 0.039 0.035 0.018 0.027 0.039 0.049 0.014 0.05 0.063 0.044 0.019 0.023 0.027 0.089 0.219 0.006 0.017 0.069
205 I 0.058 0.09 0.027 0.026 0.014 0.024 0.031 0.032 0.014 0.182 0.116 0.048 0.028 0.034 0.018 0.07 0.046 0.006 0.019 0.118
206 G 0.066 0.106 0.039 0.034 0.01 0.031 0.039 0.327 0.017 0.021 0.034 0.102 0.012 0.016 0.02 0.049 0.032 0.005 0.013 0.027
207 Y 0.038 0.026 0.02 0.018 0.009 0.019 0.026 0.025 0.04 0.047 0.076 0.028 0.02 0.182 0.014 0.029 0.027 0.025 0.282 0.047
208 F 0.034 0.02 0.018 0.017 0.01 0.013 0.02 0.025 0.022 0.058 0.103 0.021 0.024 0.345 0.011 0.026 0.025 0.019 0.136 0.052
209 K 0.106 0.061 0.043 0.111 0.013 0.037 0.061 0.05 0.017 0.034 0.047 0.143 0.015 0.018 0.026 0.066 0.085 0.005 0.016 0.045
210 K 0.054 0.061 0.104 0.121 0.009 0.037 0.06 0.143 0.021 0.023 0.034 0.143 0.012 0.016 0.023 0.055 0.038 0.005 0.014 0.028
211 E 0.05 0.058 0.156 0.076 0.008 0.049 0.157 0.048 0.027 0.023 0.035 0.109 0.012 0.017 0.023 0.059 0.042 0.005 0.016 0.029
212 I 0.053 0.036 0.02 0.022 0.015 0.022 0.029 0.025 0.011 0.209 0.133 0.077 0.031 0.036 0.017 0.032 0.041 0.006 0.02 0.167
213 K 0.068 0.07 0.082 0.047 0.012 0.041 0.057 0.05 0.02 0.032 0.045 0.163 0.015 0.018 0.027 0.099 0.093 0.005 0.017 0.041
214 L 0.048 0.022 0.02 0.021 0.015 0.016 0.022 0.026 0.011 0.16 0.179 0.027 0.033 0.112 0.016 0.038 0.079 0.008 0.033 0.113
215 P 0.057 0.092 0.029 0.029 0.012 0.025 0.035 0.036 0.016 0.085 0.08 0.051 0.02 0.098 0.115 0.074 0.043 0.007 0.031 0.066
216 R 0.049 0.112 0.038 0.032 0.01 0.035 0.046 0.036 0.088 0.037 0.06 0.104 0.018 0.097 0.02 0.051 0.077 0.008 0.039 0.042
217 F 0.033 0.019 0.017 0.017 0.01 0.01 0.019 0.025 0.017 0.062 0.112 0.019 0.025 0.399 0.01 0.025 0.025 0.017 0.087 0.054
218 L 0.054 0.022 0.015 0.016 0.017 0.015 0.021 0.022 0.009 0.167 0.239 0.025 0.039 0.044 0.015 0.027 0.04 0.006 0.021 0.186
219 L 0.05 0.021 0.015 0.016 0.016 0.015 0.019 0.021 0.009 0.192 0.246 0.024 0.04 0.046 0.015 0.026 0.038 0.006 0.021 0.164
220 T 0.069 0.028 0.032 0.029 0.113 0.022 0.031 0.037 0.011 0.072 0.077 0.036 0.021 0.025 0.023 0.069 0.174 0.005 0.017 0.11
221 C 0.061 0.019 0.016 0.016 0.303 0.014 0.018 0.028 0.008 0.081 0.141 0.022 0.026 0.03 0.016 0.035 0.038 0.005 0.016 0.109
222 A 0.157 0.023 0.019 0.022 0.114 0.018 0.027 0.046 0.011 0.115 0.095 0.031 0.023 0.028 0.021 0.053 0.044 0.005 0.017 0.129
223 A 0.214 0.032 0.03 0.031 0.019 0.027 0.04 0.065 0.016 0.051 0.082 0.044 0.049 0.026 0.026 0.104 0.053 0.006 0.018 0.067
224 A 0.304 0.03 0.025 0.029 0.021 0.025 0.04 0.077 0.015 0.042 0.058 0.044 0.017 0.021 0.029 0.083 0.049 0.005 0.017 0.067
225 L 0.052 0.029 0.022 0.021 0.016 0.023 0.027 0.028 0.013 0.095 0.245 0.033 0.094 0.045 0.017 0.042 0.081 0.007 0.022 0.088
226 F 0.043 0.023 0.018 0.017 0.012 0.016 0.023 0.025 0.027 0.074 0.097 0.025 0.023 0.218 0.014 0.029 0.031 0.019 0.171 0.097
227 L 0.051 0.031 0.02 0.02 0.016 0.028 0.028 0.028 0.016 0.098 0.193 0.035 0.177 0.047 0.016 0.035 0.039 0.008 0.024 0.091
228 A 0.265 0.032 0.031 0.033 0.02 0.027 0.042 0.074 0.015 0.04 0.055 0.046 0.017 0.021 0.029 0.114 0.055 0.005 0.017 0.062
229 A 0.242 0.032 0.03 0.031 0.02 0.026 0.039 0.068 0.014 0.045 0.06 0.044 0.018 0.022 0.029 0.085 0.106 0.005 0.017 0.068
230 T 0.062 0.032 0.032 0.029 0.017 0.025 0.033 0.035 0.013 0.074 0.154 0.039 0.057 0.034 0.022 0.066 0.171 0.006 0.02 0.079
231 A 0.304 0.03 0.025 0.029 0.021 0.025 0.04 0.077 0.015 0.042 0.058 0.044 0.017 0.021 0.029 0.083 0.049 0.005 0.017 0.067
232 E 0.054 0.049 0.04 0.088 0.007 0.063 0.31 0.034 0.025 0.022 0.036 0.074 0.013 0.016 0.025 0.054 0.036 0.005 0.016 0.031
233 L 0.044 0.024 0.014 0.015 0.016 0.016 0.02 0.021 0.01 0.113 0.388 0.025 0.049 0.054 0.014 0.024 0.033 0.007 0.022 0.094
234 K 0.056 0.105 0.041 0.041 0.008 0.052 0.069 0.042 0.02 0.027 0.042 0.292 0.015 0.015 0.027 0.052 0.039 0.005 0.017 0.032
235 V 0.116 0.023 0.018 0.02 0.019 0.018 0.026 0.035 0.009 0.138 0.114 0.029 0.028 0.032 0.019 0.042 0.049 0.005 0.02 0.24
236 F 0.036 0.022 0.018 0.017 0.01 0.015 0.022 0.025 0.028 0.054 0.094 0.023 0.022 0.291 0.012 0.027 0.026 0.021 0.185 0.051
237 F 0.038 0.018 0.016 0.017 0.013 0.011 0.018 0.023 0.013 0.151 0.133 0.02 0.029 0.257 0.012 0.025 0.031 0.012 0.06 0.102
238 L 0.104 0.024 0.018 0.022 0.016 0.018 0.027 0.036 0.011 0.125 0.155 0.032 0.029 0.033 0.115 0.041 0.041 0.005 0.018 0.13
239 E 0.054 0.049 0.04 0.088 0.007 0.063 0.31 0.034 0.025 0.022 0.036 0.074 0.013 0.016 0.025 0.054 0.036 0.005 0.016 0.031
240 F 0.039 0.022 0.017 0.017 0.013 0.015 0.021 0.025 0.015 0.08 0.183 0.023 0.06 0.26 0.012 0.027 0.029 0.013 0.061 0.069
241 A 0.203 0.026 0.022 0.024 0.019 0.02 0.032 0.056 0.014 0.07 0.083 0.035 0.021 0.099 0.023 0.061 0.044 0.008 0.032 0.108
242 V 0.06 0.02 0.015 0.017 0.018 0.015 0.021 0.023 0.008 0.211 0.142 0.025 0.033 0.038 0.015 0.029 0.045 0.006 0.02 0.239
243 I 0.046 0.017 0.014 0.017 0.016 0.013 0.017 0.02 0.009 0.285 0.165 0.023 0.036 0.043 0.014 0.025 0.039 0.006 0.02 0.173
244 I 0.043 0.019 0.015 0.017 0.015 0.013 0.018 0.021 0.01 0.206 0.199 0.023 0.036 0.117 0.014 0.024 0.035 0.008 0.034 0.134
245 I 0.055 0.019 0.015 0.017 0.017 0.014 0.02 0.022 0.008 0.236 0.15 0.024 0.034 0.04 0.015 0.028 0.043 0.006 0.02 0.217
246 V 0.158 0.026 0.019 0.022 0.019 0.02 0.029 0.045 0.011 0.104 0.152 0.033 0.029 0.033 0.021 0.051 0.045 0.006 0.019 0.159
247 A 0.165 0.027 0.027 0.028 0.114 0.022 0.033 0.054 0.013 0.089 0.077 0.037 0.02 0.025 0.024 0.093 0.051 0.005 0.017 0.081
248 A 0.205 0.027 0.021 0.024 0.02 0.021 0.032 0.055 0.012 0.08 0.138 0.036 0.026 0.03 0.023 0.061 0.046 0.006 0.019 0.116
249 I 0.044 0.018 0.015 0.017 0.015 0.013 0.018 0.021 0.01 0.244 0.172 0.023 0.035 0.091 0.014 0.025 0.037 0.007 0.029 0.152
250 G 0.054 0.023 0.024 0.022 0.013 0.016 0.024 0.127 0.013 0.08 0.083 0.027 0.021 0.108 0.015 0.04 0.062 0.107 0.041 0.099
251 L 0.113 0.049 0.034 0.044 0.014 0.038 0.098 0.048 0.018 0.047 0.113 0.098 0.022 0.025 0.025 0.09 0.047 0.006 0.018 0.053
252 K 0.053 0.156 0.04 0.039 0.008 0.051 0.066 0.04 0.021 0.026 0.043 0.257 0.015 0.016 0.025 0.051 0.038 0.005 0.017 0.032
253 V 0.106 0.023 0.017 0.019 0.018 0.017 0.025 0.033 0.01 0.153 0.173 0.029 0.033 0.038 0.018 0.039 0.044 0.006 0.02 0.18
254 R 0.058 0.111 0.043 0.109 0.011 0.036 0.056 0.041 0.018 0.043 0.109 0.106 0.021 0.024 0.022 0.081 0.044 0.005 0.017 0.044
255 L 0.037 0.023 0.015 0.015 0.012 0.015 0.021 0.025 0.013 0.073 0.217 0.023 0.032 0.102 0.011 0.023 0.028 0.206 0.049 0.063
256 K 0.048 0.131 0.156 0.055 0.008 0.044 0.057 0.049 0.025 0.024 0.038 0.162 0.014 0.017 0.023 0.057 0.042 0.005 0.016 0.03
257 K 0.073 0.059 0.038 0.036 0.013 0.034 0.048 0.139 0.016 0.053 0.056 0.139 0.017 0.02 0.024 0.085 0.047 0.005 0.016 0.082
258 V 0.064 0.024 0.017 0.018 0.018 0.019 0.024 0.025 0.01 0.145 0.145 0.028 0.07 0.038 0.016 0.033 0.046 0.006 0.021 0.232
259 I 0.05 0.019 0.015 0.017 0.016 0.014 0.019 0.021 0.009 0.226 0.202 0.024 0.038 0.044 0.015 0.026 0.04 0.006 0.021 0.179
260 V 0.067 0.041 0.026 0.026 0.016 0.026 0.035 0.032 0.012 0.113 0.098 0.083 0.025 0.029 0.021 0.048 0.089 0.005 0.019 0.19
261 L 0.046 0.023 0.015 0.017 0.016 0.017 0.02 0.022 0.011 0.179 0.26 0.026 0.069 0.048 0.014 0.026 0.037 0.007 0.022 0.125
262 L 0.1 0.023 0.017 0.019 0.017 0.017 0.024 0.033 0.011 0.138 0.198 0.028 0.034 0.076 0.017 0.038 0.04 0.007 0.027 0.138
263 L 0.057 0.026 0.022 0.022 0.016 0.019 0.026 0.03 0.011 0.131 0.274 0.03 0.039 0.045 0.017 0.066 0.044 0.006 0.021 0.099
264 C 0.065 0.016 0.016 0.016 0.483 0.012 0.016 0.033 0.008 0.045 0.065 0.02 0.016 0.02 0.016 0.041 0.037 0.004 0.012 0.057
265 V 0.07 0.022 0.017 0.018 0.019 0.017 0.023 0.025 0.008 0.165 0.13 0.026 0.032 0.036 0.017 0.033 0.049 0.006 0.021 0.268
266 I 0.049 0.023 0.017 0.019 0.016 0.018 0.021 0.023 0.011 0.214 0.178 0.028 0.078 0.046 0.015 0.029 0.04 0.007 0.022 0.149
267 L 0.045 0.024 0.014 0.015 0.016 0.016 0.02 0.021 0.01 0.115 0.375 0.025 0.05 0.055 0.014 0.024 0.033 0.007 0.022 0.096
268 G 0.08 0.026 0.037 0.033 0.013 0.021 0.03 0.329 0.013 0.046 0.068 0.035 0.016 0.022 0.02 0.083 0.042 0.005 0.014 0.067
269 A 0.211 0.03 0.029 0.03 0.018 0.024 0.038 0.064 0.016 0.044 0.066 0.041 0.018 0.097 0.025 0.102 0.05 0.008 0.031 0.059
270 L 0.052 0.021 0.015 0.017 0.016 0.014 0.02 0.023 0.01 0.157 0.184 0.024 0.034 0.113 0.014 0.028 0.039 0.008 0.034 0.178
271 A 0.151 0.024 0.019 0.022 0.017 0.018 0.028 0.045 0.012 0.119 0.104 0.031 0.025 0.104 0.02 0.05 0.042 0.008 0.032 0.129
272 L 0.04 0.02 0.015 0.016 0.014 0.013 0.019 0.022 0.012 0.127 0.233 0.022 0.037 0.19 0.013 0.024 0.031 0.011 0.048 0.094
273 S 0.084 0.033 0.039 0.036 0.017 0.028 0.04 0.049 0.016 0.094 0.096 0.044 0.052 0.03 0.024 0.153 0.064 0.006 0.019 0.077
274 F 0.1 0.034 0.024 0.026 0.014 0.061 0.042 0.038 0.023 0.067 0.082 0.042 0.022 0.12 0.019 0.045 0.038 0.012 0.095 0.097
275 A 0.14 0.026 0.024 0.025 0.017 0.02 0.03 0.046 0.013 0.103 0.095 0.034 0.024 0.102 0.021 0.059 0.085 0.008 0.032 0.097
276 I 0.115 0.027 0.025 0.026 0.018 0.021 0.031 0.042 0.012 0.142 0.114 0.035 0.041 0.033 0.021 0.081 0.051 0.006 0.019 0.139
277 S 0.093 0.038 0.049 0.043 0.017 0.03 0.046 0.056 0.017 0.038 0.05 0.05 0.017 0.022 0.028 0.177 0.153 0.005 0.017 0.052
278 L 0.045 0.025 0.017 0.017 0.015 0.019 0.022 0.023 0.018 0.131 0.24 0.028 0.066 0.065 0.015 0.028 0.034 0.011 0.084 0.1
279 F 0.033 0.019 0.017 0.017 0.01 0.01 0.019 0.025 0.017 0.062 0.112 0.019 0.025 0.399 0.01 0.025 0.025 0.017 0.087 0.054
280 V 0.06 0.022 0.021 0.021 0.017 0.017 0.024 0.026 0.009 0.189 0.13 0.028 0.031 0.036 0.018 0.041 0.087 0.006 0.02 0.197
281 L 0.06 0.03 0.031 0.028 0.017 0.023 0.031 0.034 0.012 0.077 0.193 0.037 0.031 0.035 0.022 0.064 0.17 0.006 0.019 0.079
282 L 0.042 0.023 0.014 0.015 0.015 0.015 0.02 0.022 0.011 0.103 0.333 0.024 0.044 0.123 0.013 0.024 0.031 0.009 0.035 0.086
283 N 0.042 0.044 0.33 0.081 0.009 0.033 0.048 0.064 0.031 0.022 0.031 0.053 0.011 0.018 0.02 0.068 0.048 0.004 0.015 0.026
284 D 0.153 0.028 0.045 0.182 0.014 0.025 0.057 0.153 0.016 0.029 0.04 0.042 0.012 0.017 0.024 0.064 0.039 0.005 0.013 0.041
285 N 0.065 0.051 0.159 0.057 0.011 0.034 0.049 0.151 0.023 0.024 0.035 0.097 0.012 0.017 0.023 0.095 0.049 0.005 0.015 0.03
286 G 0.062 0.032 0.108 0.046 0.012 0.025 0.037 0.165 0.018 0.03 0.04 0.043 0.012 0.017 0.142 0.063 0.093 0.005 0.014 0.038
287 S 0.102 0.036 0.05 0.045 0.016 0.03 0.046 0.156 0.018 0.027 0.038 0.049 0.014 0.02 0.027 0.198 0.07 0.005 0.016 0.038
288 T 0.065 0.041 0.036 0.034 0.014 0.068 0.049 0.04 0.025 0.05 0.082 0.051 0.05 0.047 0.022 0.089 0.09 0.01 0.082 0.056
289 D 0.073 0.034 0.057 0.19 0.013 0.03 0.064 0.053 0.018 0.031 0.04 0.048 0.014 0.019 0.026 0.133 0.098 0.005 0.015 0.04
290 Y 0.04 0.027 0.021 0.018 0.009 0.021 0.027 0.024 0.046 0.043 0.067 0.031 0.018 0.128 0.015 0.031 0.027 0.027 0.331 0.046
291 A 0.159 0.034 0.091 0.041 0.015 0.027 0.041 0.061 0.025 0.036 0.051 0.045 0.016 0.042 0.024 0.1 0.051 0.01 0.08 0.05
292 A 0.149 0.037 0.098 0.127 0.013 0.035 0.106 0.059 0.021 0.03 0.042 0.052 0.013 0.018 0.025 0.068 0.043 0.005 0.015 0.043
293 V 0.067 0.029 0.086 0.036 0.016 0.022 0.033 0.04 0.015 0.132 0.098 0.036 0.025 0.03 0.019 0.079 0.053 0.005 0.019 0.161
294 F 0.038 0.023 0.018 0.018 0.011 0.016 0.022 0.025 0.022 0.066 0.119 0.024 0.054 0.274 0.012 0.028 0.028 0.017 0.123 0.06
295 S 0.093 0.038 0.049 0.043 0.017 0.03 0.046 0.056 0.017 0.038 0.05 0.05 0.017 0.022 0.028 0.177 0.153 0.005 0.017 0.052
296 V 0.055 0.02 0.015 0.017 0.017 0.015 0.02 0.022 0.009 0.201 0.194 0.024 0.037 0.042 0.015 0.027 0.042 0.006 0.021 0.201
297 N 0.05 0.061 0.158 0.06 0.009 0.151 0.08 0.05 0.03 0.024 0.04 0.075 0.017 0.016 0.022 0.06 0.044 0.005 0.018 0.031
298 G 0.077 0.022 0.038 0.033 0.011 0.019 0.025 0.52 0.013 0.019 0.028 0.033 0.009 0.016 0.019 0.05 0.029 0.005 0.011 0.024
299 F 0.037 0.022 0.017 0.017 0.012 0.014 0.021 0.024 0.021 0.071 0.172 0.023 0.03 0.258 0.012 0.026 0.027 0.016 0.12 0.062
300 L 0.045 0.021 0.014 0.016 0.016 0.015 0.019 0.021 0.009 0.182 0.298 0.024 0.044 0.05 0.014 0.024 0.035 0.006 0.021 0.126
301 E 0.051 0.045 0.045 0.153 0.007 0.056 0.266 0.037 0.024 0.022 0.034 0.068 0.012 0.016 0.025 0.054 0.036 0.005 0.015 0.029
302 Y 0.04 0.027 0.021 0.018 0.009 0.021 0.027 0.024 0.046 0.043 0.067 0.031 0.018 0.128 0.015 0.031 0.027 0.027 0.331 0.046
303 A 0.292 0.03 0.025 0.029 0.021 0.025 0.039 0.074 0.014 0.048 0.062 0.043 0.018 0.022 0.028 0.081 0.049 0.005 0.017 0.078
304 T 0.079 0.036 0.045 0.039 0.017 0.028 0.041 0.047 0.015 0.048 0.059 0.046 0.019 0.023 0.027 0.12 0.225 0.006 0.017 0.064
305 R 0.044 0.358 0.038 0.03 0.008 0.047 0.051 0.032 0.023 0.023 0.046 0.118 0.015 0.017 0.019 0.044 0.034 0.006 0.017 0.03
306 D 0.043 0.038 0.063 0.337 0.008 0.069 0.092 0.045 0.02 0.023 0.031 0.053 0.011 0.015 0.022 0.052 0.036 0.004 0.013 0.026
307 S 0.093 0.038 0.049 0.043 0.017 0.03 0.046 0.056 0.017 0.038 0.05 0.05 0.017 0.022 0.028 0.177 0.153 0.005 0.017 0.052
308 G 0.077 0.022 0.038 0.033 0.011 0.019 0.025 0.52 0.013 0.019 0.028 0.033 0.009 0.016 0.019 0.05 0.029 0.005 0.011 0.024
309 Y 0.04 0.027 0.021 0.018 0.009 0.021 0.027 0.024 0.046 0.043 0.067 0.031 0.018 0.128 0.015 0.031 0.027 0.027 0.331 0.046
310 D 0.041 0.035 0.173 0.278 0.008 0.031 0.073 0.053 0.023 0.022 0.029 0.047 0.01 0.016 0.021 0.058 0.04 0.004 0.013 0.025
311 G 0.077 0.022 0.038 0.033 0.011 0.019 0.025 0.52 0.013 0.019 0.028 0.033 0.009 0.016 0.019 0.05 0.029 0.005 0.011 0.024
312 T 0.07 0.029 0.032 0.029 0.018 0.023 0.032 0.035 0.011 0.096 0.089 0.037 0.024 0.028 0.023 0.067 0.176 0.006 0.019 0.155
313 G 0.077 0.022 0.038 0.033 0.011 0.019 0.025 0.52 0.013 0.019 0.028 0.033 0.009 0.016 0.019 0.05 0.029 0.005 0.011 0.024
314 D 0.04 0.029 0.068 0.409 0.007 0.029 0.09 0.046 0.018 0.022 0.027 0.044 0.009 0.015 0.022 0.051 0.035 0.004 0.011 0.024
315 L 0.054 0.023 0.015 0.016 0.017 0.016 0.021 0.022 0.009 0.132 0.284 0.025 0.042 0.046 0.015 0.027 0.039 0.006 0.021 0.17
316 N 0.042 0.044 0.33 0.081 0.009 0.033 0.048 0.064 0.031 0.022 0.031 0.053 0.011 0.018 0.02 0.068 0.048 0.004 0.015 0.026
317 R 0.044 0.358 0.038 0.03 0.008 0.047 0.051 0.032 0.023 0.023 0.046 0.118 0.015 0.017 0.019 0.044 0.034 0.006 0.017 0.03
318 L 0.042 0.022 0.015 0.016 0.015 0.015 0.02 0.022 0.011 0.125 0.29 0.024 0.051 0.121 0.013 0.025 0.032 0.009 0.035 0.097
319 T 0.074 0.035 0.043 0.038 0.017 0.027 0.039 0.044 0.014 0.051 0.062 0.045 0.019 0.023 0.027 0.101 0.249 0.006 0.017 0.068
320 G 0.077 0.022 0.038 0.033 0.011 0.019 0.025 0.52 0.013 0.019 0.028 0.033 0.009 0.016 0.019 0.05 0.029 0.005 0.011 0.024
