#Seq2Logo.py -f /work3/idamei/ssn-clusterings/2206011120/clusters/0048_24/sequences.afa -m 0.0001 -b 50 -o /work3/idamei/ssn-clusterings/2206011120/clusters/0048_24/sequences.logo -p 640x1000 -l 30
#Position Specific Frequency Matrix
A R N D C Q E G H I L K M F P S T W Y V
0 M 0.035 0.021 0.013 0.013 0.011 0.019 0.019 0.019 0.011 0.067 0.131 0.024 0.442 0.032 0.011 0.024 0.027 0.005 0.016 0.061
1 L 0.034 0.019 0.04 0.044 0.009 0.015 0.043 0.021 0.026 0.081 0.224 0.023 0.039 0.1 0.011 0.063 0.026 0.007 0.103 0.069
2 P 0.136 0.026 0.02 0.025 0.016 0.02 0.031 0.044 0.012 0.06 0.162 0.036 0.025 0.029 0.184 0.05 0.039 0.005 0.017 0.063
3 K 0.057 0.107 0.041 0.041 0.009 0.053 0.071 0.043 0.021 0.028 0.043 0.278 0.015 0.015 0.028 0.053 0.04 0.005 0.017 0.033
4 A 0.29 0.031 0.026 0.03 0.022 0.026 0.04 0.078 0.015 0.043 0.059 0.044 0.017 0.022 0.03 0.085 0.05 0.005 0.017 0.069
5 L 0.044 0.024 0.014 0.015 0.016 0.016 0.02 0.021 0.01 0.115 0.376 0.025 0.05 0.055 0.014 0.024 0.033 0.007 0.022 0.096
6 L 0.044 0.024 0.014 0.015 0.016 0.016 0.02 0.021 0.01 0.115 0.376 0.025 0.05 0.055 0.014 0.024 0.033 0.007 0.022 0.096
7 G 0.078 0.023 0.039 0.034 0.011 0.019 0.026 0.51 0.013 0.019 0.028 0.034 0.009 0.016 0.019 0.051 0.03 0.005 0.011 0.024
8 S 0.11 0.04 0.054 0.049 0.017 0.033 0.052 0.066 0.019 0.03 0.042 0.054 0.016 0.021 0.03 0.22 0.082 0.005 0.017 0.042
9 G 0.093 0.031 0.046 0.041 0.014 0.026 0.039 0.29 0.016 0.024 0.035 0.043 0.012 0.018 0.024 0.139 0.055 0.005 0.014 0.033
10 A 0.183 0.026 0.021 0.024 0.02 0.021 0.032 0.051 0.011 0.103 0.094 0.035 0.024 0.028 0.023 0.058 0.049 0.005 0.019 0.172
11 Y 0.036 0.02 0.041 0.039 0.007 0.014 0.021 0.02 0.021 0.081 0.106 0.044 0.016 0.138 0.011 0.023 0.021 0.013 0.284 0.043
12 L 0.08 0.016 0.012 0.013 0.011 0.011 0.016 0.02 0.008 0.171 0.244 0.019 0.026 0.093 0.011 0.043 0.028 0.005 0.02 0.151
13 L 0.056 0.018 0.013 0.014 0.01 0.032 0.019 0.02 0.009 0.109 0.262 0.021 0.042 0.141 0.04 0.053 0.026 0.006 0.023 0.089
14 I 0.031 0.013 0.01 0.011 0.011 0.009 0.012 0.014 0.006 0.372 0.2 0.016 0.025 0.067 0.01 0.017 0.025 0.005 0.017 0.128
15 S 0.075 0.022 0.025 0.023 0.01 0.017 0.027 0.042 0.011 0.029 0.036 0.028 0.011 0.022 0.015 0.268 0.06 0.186 0.021 0.07
16 L 0.053 0.014 0.011 0.012 0.01 0.01 0.014 0.045 0.007 0.201 0.268 0.017 0.025 0.132 0.01 0.019 0.024 0.005 0.022 0.102
17 I 0.097 0.015 0.012 0.014 0.011 0.011 0.016 0.021 0.008 0.244 0.173 0.018 0.024 0.125 0.011 0.043 0.033 0.005 0.021 0.098
18 V 0.047 0.017 0.017 0.016 0.026 0.013 0.019 0.021 0.007 0.127 0.074 0.022 0.018 0.021 0.013 0.053 0.165 0.004 0.013 0.307
19 L 0.031 0.016 0.01 0.011 0.011 0.011 0.014 0.015 0.007 0.077 0.466 0.017 0.03 0.085 0.01 0.018 0.03 0.005 0.019 0.12
20 I 0.118 0.015 0.012 0.013 0.011 0.011 0.016 0.022 0.008 0.225 0.158 0.019 0.034 0.127 0.011 0.034 0.026 0.005 0.022 0.112
21 L 0.081 0.015 0.012 0.013 0.011 0.011 0.016 0.019 0.007 0.194 0.237 0.019 0.024 0.065 0.011 0.025 0.061 0.005 0.017 0.159
22 S 0.073 0.027 0.036 0.033 0.012 0.022 0.035 0.044 0.013 0.02 0.028 0.036 0.01 0.014 0.02 0.481 0.055 0.003 0.012 0.028
23 F 0.047 0.016 0.016 0.016 0.009 0.012 0.017 0.078 0.011 0.144 0.111 0.02 0.018 0.165 0.011 0.065 0.077 0.021 0.071 0.075
24 F 0.03 0.032 0.014 0.013 0.008 0.013 0.018 0.021 0.015 0.094 0.118 0.062 0.035 0.213 0.01 0.027 0.021 0.067 0.146 0.045
25 L 0.029 0.016 0.01 0.01 0.01 0.011 0.013 0.015 0.007 0.092 0.492 0.017 0.046 0.096 0.009 0.017 0.022 0.005 0.02 0.063
26 F 0.023 0.013 0.011 0.011 0.007 0.007 0.013 0.017 0.011 0.044 0.098 0.013 0.018 0.568 0.007 0.017 0.017 0.011 0.057 0.038
27 K 0.036 0.148 0.026 0.025 0.006 0.061 0.043 0.054 0.028 0.018 0.03 0.341 0.011 0.017 0.016 0.033 0.025 0.005 0.055 0.022
28 K 0.037 0.093 0.024 0.024 0.007 0.048 0.039 0.025 0.014 0.073 0.043 0.336 0.03 0.02 0.016 0.05 0.026 0.005 0.057 0.034
29 A 0.339 0.019 0.016 0.018 0.013 0.015 0.024 0.039 0.009 0.059 0.053 0.026 0.014 0.017 0.017 0.081 0.034 0.004 0.012 0.19
30 S 0.259 0.023 0.026 0.025 0.013 0.019 0.029 0.044 0.011 0.048 0.038 0.031 0.012 0.015 0.019 0.272 0.043 0.003 0.012 0.059
31 G 0.05 0.015 0.026 0.046 0.007 0.013 0.019 0.651 0.009 0.013 0.019 0.022 0.006 0.011 0.013 0.034 0.02 0.003 0.007 0.016
32 S 0.071 0.048 0.032 0.028 0.011 0.021 0.031 0.037 0.011 0.026 0.034 0.035 0.011 0.014 0.019 0.294 0.228 0.004 0.012 0.035
33 L 0.031 0.017 0.011 0.011 0.011 0.013 0.015 0.016 0.008 0.091 0.39 0.019 0.18 0.033 0.01 0.019 0.024 0.005 0.015 0.082
34 S 0.156 0.027 0.071 0.031 0.011 0.039 0.034 0.068 0.013 0.02 0.029 0.054 0.01 0.013 0.018 0.317 0.044 0.003 0.011 0.029
35 L 0.031 0.015 0.011 0.012 0.01 0.01 0.015 0.016 0.007 0.192 0.3 0.018 0.024 0.051 0.126 0.018 0.023 0.019 0.015 0.088
36 L 0.037 0.068 0.073 0.023 0.009 0.036 0.026 0.038 0.013 0.036 0.14 0.065 0.015 0.077 0.039 0.07 0.123 0.006 0.059 0.049
37 K 0.051 0.15 0.068 0.029 0.006 0.077 0.064 0.028 0.015 0.017 0.028 0.33 0.01 0.011 0.016 0.036 0.026 0.003 0.011 0.022
38 L 0.032 0.016 0.012 0.014 0.009 0.012 0.017 0.018 0.007 0.124 0.296 0.02 0.03 0.024 0.255 0.021 0.023 0.003 0.012 0.055
39 N 0.028 0.029 0.535 0.053 0.006 0.022 0.032 0.042 0.042 0.015 0.021 0.035 0.007 0.012 0.013 0.045 0.032 0.003 0.011 0.017
40 M 0.032 0.019 0.012 0.012 0.01 0.016 0.017 0.017 0.009 0.091 0.225 0.021 0.348 0.032 0.01 0.021 0.025 0.005 0.015 0.063
41 I 0.034 0.015 0.03 0.013 0.01 0.011 0.015 0.016 0.027 0.277 0.148 0.018 0.068 0.027 0.022 0.02 0.027 0.004 0.014 0.204
42 S 0.069 0.026 0.053 0.032 0.011 0.021 0.034 0.043 0.013 0.019 0.027 0.035 0.01 0.013 0.019 0.483 0.052 0.003 0.011 0.027
43 W 0.035 0.015 0.011 0.011 0.008 0.011 0.015 0.017 0.014 0.133 0.106 0.017 0.017 0.087 0.008 0.018 0.02 0.197 0.179 0.082
44 I 0.053 0.014 0.03 0.014 0.011 0.011 0.015 0.017 0.007 0.307 0.147 0.018 0.053 0.026 0.011 0.037 0.028 0.004 0.013 0.183
45 F 0.023 0.013 0.012 0.011 0.007 0.008 0.013 0.016 0.015 0.038 0.067 0.014 0.015 0.497 0.007 0.017 0.017 0.012 0.163 0.034
46 Y 0.025 0.018 0.014 0.012 0.006 0.014 0.018 0.017 0.047 0.027 0.042 0.02 0.012 0.077 0.01 0.02 0.018 0.087 0.489 0.028
47 Y 0.028 0.017 0.013 0.012 0.007 0.029 0.018 0.016 0.02 0.06 0.13 0.019 0.016 0.13 0.01 0.019 0.02 0.036 0.318 0.081
48 S 0.047 0.028 0.12 0.079 0.008 0.066 0.076 0.035 0.068 0.018 0.026 0.037 0.009 0.015 0.065 0.206 0.036 0.004 0.034 0.023
49 L 0.027 0.015 0.01 0.01 0.01 0.009 0.013 0.014 0.007 0.091 0.457 0.015 0.028 0.162 0.009 0.016 0.021 0.006 0.024 0.059
50 L 0.032 0.014 0.01 0.011 0.011 0.01 0.013 0.015 0.006 0.205 0.3 0.016 0.033 0.067 0.01 0.019 0.042 0.005 0.016 0.164
51 L 0.049 0.014 0.01 0.011 0.011 0.01 0.013 0.015 0.007 0.187 0.326 0.016 0.041 0.07 0.01 0.018 0.024 0.005 0.017 0.146
52 Q 0.042 0.032 0.044 0.027 0.008 0.2 0.059 0.028 0.035 0.027 0.062 0.04 0.059 0.058 0.015 0.145 0.048 0.005 0.036 0.03
53 S 0.077 0.024 0.049 0.048 0.041 0.019 0.031 0.037 0.012 0.025 0.032 0.031 0.011 0.016 0.017 0.337 0.111 0.004 0.03 0.047
54 F 0.041 0.013 0.011 0.011 0.007 0.008 0.014 0.017 0.012 0.043 0.104 0.014 0.017 0.447 0.008 0.018 0.018 0.034 0.109 0.053
55 I 0.03 0.013 0.01 0.011 0.01 0.009 0.012 0.014 0.006 0.371 0.203 0.016 0.024 0.069 0.032 0.017 0.024 0.004 0.016 0.108
56 G 0.154 0.016 0.023 0.021 0.031 0.013 0.019 0.487 0.009 0.016 0.024 0.024 0.008 0.011 0.014 0.069 0.024 0.003 0.008 0.023
57 S 0.209 0.022 0.025 0.025 0.012 0.018 0.028 0.086 0.01 0.028 0.034 0.03 0.011 0.014 0.056 0.257 0.057 0.003 0.011 0.066
58 I 0.035 0.015 0.049 0.015 0.01 0.011 0.015 0.018 0.007 0.251 0.23 0.018 0.023 0.027 0.01 0.052 0.028 0.004 0.013 0.165
59 L 0.028 0.014 0.01 0.01 0.01 0.01 0.013 0.014 0.007 0.131 0.421 0.015 0.035 0.146 0.009 0.016 0.021 0.006 0.022 0.064
60 I 0.055 0.013 0.01 0.012 0.011 0.01 0.014 0.016 0.006 0.316 0.094 0.016 0.022 0.025 0.01 0.02 0.029 0.004 0.013 0.306
61 V 0.096 0.015 0.012 0.013 0.011 0.011 0.016 0.02 0.008 0.188 0.097 0.018 0.019 0.048 0.011 0.04 0.029 0.005 0.052 0.291
62 L 0.046 0.019 0.126 0.02 0.008 0.014 0.019 0.022 0.025 0.062 0.272 0.022 0.02 0.059 0.011 0.026 0.04 0.007 0.138 0.044
63 G 0.056 0.066 0.138 0.057 0.007 0.037 0.039 0.239 0.053 0.016 0.024 0.085 0.008 0.014 0.014 0.052 0.042 0.004 0.03 0.02
64 I 0.032 0.035 0.031 0.014 0.01 0.012 0.016 0.017 0.008 0.224 0.16 0.031 0.032 0.047 0.01 0.021 0.05 0.073 0.018 0.16
65 D 0.047 0.039 0.04 0.492 0.006 0.02 0.07 0.03 0.012 0.019 0.023 0.031 0.007 0.011 0.015 0.051 0.041 0.003 0.008 0.036
66 N 0.032 0.028 0.191 0.133 0.006 0.039 0.09 0.099 0.125 0.016 0.023 0.05 0.008 0.013 0.014 0.038 0.058 0.003 0.015 0.019
67 H 0.027 0.029 0.067 0.026 0.005 0.024 0.05 0.025 0.431 0.017 0.027 0.047 0.01 0.027 0.012 0.028 0.019 0.006 0.106 0.017
68 Y 0.028 0.019 0.015 0.013 0.006 0.031 0.02 0.017 0.028 0.028 0.044 0.022 0.012 0.097 0.01 0.037 0.019 0.017 0.507 0.03
69 N 0.043 0.045 0.31 0.084 0.009 0.034 0.05 0.066 0.032 0.023 0.032 0.054 0.011 0.018 0.02 0.07 0.05 0.005 0.016 0.027
70 D 0.057 0.033 0.057 0.215 0.013 0.029 0.066 0.045 0.016 0.038 0.047 0.045 0.015 0.019 0.025 0.073 0.138 0.005 0.015 0.048
71 L 0.054 0.037 0.014 0.014 0.01 0.015 0.018 0.043 0.009 0.108 0.249 0.023 0.174 0.028 0.011 0.071 0.027 0.004 0.014 0.075
72 I 0.031 0.013 0.01 0.011 0.011 0.009 0.012 0.014 0.006 0.375 0.224 0.016 0.025 0.029 0.01 0.017 0.028 0.004 0.013 0.144
73 N 0.054 0.081 0.16 0.157 0.007 0.039 0.075 0.056 0.014 0.019 0.044 0.055 0.009 0.012 0.015 0.102 0.063 0.003 0.01 0.023
74 K 0.034 0.201 0.045 0.045 0.006 0.047 0.04 0.026 0.014 0.019 0.032 0.306 0.026 0.011 0.016 0.034 0.059 0.003 0.011 0.023
75 Q 0.057 0.075 0.045 0.048 0.009 0.2 0.105 0.042 0.03 0.027 0.048 0.093 0.021 0.015 0.024 0.057 0.042 0.006 0.021 0.036
76 L 0.032 0.014 0.01 0.012 0.011 0.011 0.022 0.014 0.006 0.244 0.315 0.017 0.041 0.03 0.01 0.017 0.025 0.004 0.014 0.152
77 T 0.068 0.024 0.042 0.051 0.008 0.035 0.063 0.072 0.054 0.031 0.057 0.046 0.012 0.047 0.014 0.076 0.119 0.006 0.109 0.065
78 D 0.031 0.044 0.113 0.166 0.006 0.019 0.034 0.054 0.106 0.021 0.032 0.029 0.01 0.092 0.039 0.05 0.043 0.006 0.085 0.022
79 G 0.057 0.03 0.029 0.031 0.009 0.077 0.039 0.25 0.014 0.02 0.031 0.042 0.01 0.013 0.235 0.043 0.03 0.004 0.012 0.025
80 E 0.07 0.028 0.03 0.179 0.006 0.093 0.198 0.028 0.035 0.018 0.027 0.039 0.009 0.035 0.062 0.059 0.026 0.004 0.032 0.022
81 E 0.049 0.029 0.068 0.14 0.007 0.054 0.199 0.031 0.014 0.019 0.054 0.055 0.01 0.013 0.016 0.163 0.041 0.003 0.011 0.024
82 S 0.071 0.021 0.041 0.021 0.01 0.016 0.024 0.028 0.015 0.085 0.05 0.026 0.029 0.033 0.015 0.17 0.117 0.007 0.145 0.076
83 R 0.029 0.486 0.023 0.019 0.006 0.029 0.032 0.021 0.014 0.053 0.055 0.102 0.012 0.013 0.012 0.028 0.023 0.004 0.011 0.028
84 L 0.034 0.03 0.034 0.058 0.009 0.042 0.04 0.019 0.009 0.161 0.178 0.04 0.02 0.094 0.011 0.03 0.025 0.012 0.018 0.135
85 I 0.03 0.025 0.034 0.016 0.008 0.016 0.021 0.019 0.034 0.205 0.113 0.108 0.033 0.048 0.011 0.023 0.04 0.007 0.147 0.061
86 G 0.118 0.016 0.024 0.021 0.009 0.013 0.019 0.507 0.009 0.02 0.026 0.023 0.008 0.012 0.014 0.038 0.073 0.003 0.008 0.04
87 W 0.022 0.015 0.011 0.011 0.006 0.01 0.015 0.018 0.014 0.029 0.066 0.015 0.013 0.205 0.007 0.016 0.016 0.333 0.154 0.027
88 L 0.092 0.016 0.012 0.012 0.009 0.012 0.016 0.027 0.012 0.061 0.259 0.018 0.051 0.106 0.01 0.022 0.022 0.054 0.115 0.074
89 A 0.239 0.019 0.017 0.018 0.034 0.015 0.022 0.034 0.01 0.074 0.106 0.024 0.03 0.022 0.015 0.116 0.032 0.05 0.033 0.091
90 V 0.037 0.013 0.01 0.011 0.011 0.01 0.013 0.015 0.006 0.29 0.13 0.016 0.023 0.026 0.01 0.018 0.028 0.004 0.013 0.316
91 C 0.057 0.022 0.017 0.017 0.176 0.097 0.025 0.046 0.01 0.043 0.12 0.027 0.138 0.02 0.012 0.055 0.044 0.004 0.012 0.059
92 Y 0.043 0.017 0.013 0.012 0.006 0.013 0.017 0.017 0.024 0.047 0.049 0.019 0.013 0.149 0.009 0.02 0.018 0.061 0.419 0.033
93 V 0.061 0.018 0.018 0.017 0.057 0.014 0.019 0.022 0.007 0.11 0.086 0.022 0.047 0.02 0.013 0.052 0.198 0.004 0.012 0.203
94 M 0.068 0.02 0.013 0.013 0.011 0.017 0.018 0.02 0.01 0.063 0.169 0.023 0.386 0.03 0.011 0.025 0.026 0.005 0.015 0.058
95 I 0.033 0.013 0.01 0.011 0.011 0.009 0.013 0.014 0.006 0.296 0.228 0.016 0.025 0.049 0.01 0.017 0.026 0.004 0.015 0.196
96 A 0.185 0.017 0.015 0.016 0.013 0.013 0.019 0.063 0.009 0.063 0.105 0.021 0.082 0.157 0.013 0.063 0.027 0.006 0.023 0.091
97 F 0.036 0.015 0.011 0.011 0.009 0.011 0.014 0.016 0.009 0.059 0.251 0.016 0.114 0.267 0.009 0.018 0.021 0.007 0.032 0.074
98 P 0.036 0.017 0.015 0.02 0.007 0.013 0.023 0.023 0.008 0.017 0.023 0.026 0.007 0.008 0.675 0.028 0.023 0.002 0.008 0.02
99 L 0.056 0.014 0.01 0.011 0.033 0.01 0.013 0.016 0.006 0.181 0.397 0.016 0.027 0.051 0.01 0.018 0.023 0.004 0.015 0.088
100 G 0.091 0.018 0.026 0.023 0.009 0.015 0.022 0.372 0.009 0.039 0.03 0.025 0.009 0.013 0.015 0.13 0.096 0.003 0.009 0.045
101 M 0.052 0.02 0.013 0.013 0.01 0.033 0.019 0.019 0.01 0.081 0.149 0.023 0.356 0.029 0.011 0.024 0.026 0.005 0.015 0.092
102 L 0.032 0.018 0.012 0.012 0.009 0.012 0.016 0.016 0.012 0.086 0.295 0.036 0.022 0.041 0.01 0.035 0.023 0.053 0.129 0.131
103 L 0.031 0.014 0.01 0.011 0.01 0.01 0.013 0.014 0.007 0.164 0.32 0.016 0.041 0.114 0.009 0.017 0.023 0.005 0.02 0.152
104 A 0.207 0.017 0.016 0.016 0.035 0.013 0.02 0.03 0.008 0.121 0.074 0.023 0.016 0.039 0.014 0.068 0.082 0.004 0.014 0.183
105 S 0.063 0.035 0.119 0.03 0.009 0.039 0.033 0.079 0.013 0.028 0.053 0.153 0.027 0.014 0.016 0.164 0.051 0.003 0.011 0.061
106 R 0.034 0.133 0.019 0.018 0.03 0.036 0.027 0.022 0.012 0.083 0.125 0.131 0.031 0.083 0.024 0.065 0.025 0.005 0.055 0.04
107 L 0.03 0.014 0.01 0.01 0.055 0.009 0.012 0.015 0.007 0.154 0.313 0.015 0.025 0.15 0.009 0.017 0.022 0.005 0.022 0.106
108 F 0.054 0.016 0.014 0.013 0.052 0.011 0.016 0.02 0.03 0.061 0.144 0.017 0.032 0.22 0.01 0.039 0.055 0.076 0.05 0.07
109 L 0.044 0.024 0.014 0.015 0.016 0.016 0.02 0.021 0.01 0.115 0.376 0.025 0.05 0.055 0.014 0.024 0.033 0.007 0.022 0.096
110 G 0.041 0.055 0.062 0.026 0.007 0.023 0.048 0.255 0.032 0.019 0.045 0.204 0.009 0.032 0.014 0.05 0.041 0.004 0.012 0.022
111 F 0.047 0.066 0.054 0.02 0.007 0.018 0.042 0.045 0.013 0.05 0.051 0.13 0.013 0.224 0.011 0.026 0.022 0.03 0.066 0.065
112 K 0.051 0.148 0.035 0.031 0.009 0.038 0.048 0.099 0.066 0.038 0.048 0.168 0.015 0.019 0.02 0.043 0.034 0.005 0.02 0.065
113 L 0.056 0.023 0.015 0.016 0.017 0.016 0.021 0.023 0.009 0.137 0.258 0.025 0.04 0.044 0.015 0.028 0.041 0.006 0.021 0.189
114 K 0.036 0.077 0.14 0.114 0.006 0.026 0.064 0.054 0.036 0.034 0.027 0.201 0.009 0.012 0.015 0.083 0.028 0.003 0.011 0.023
115 A 0.197 0.021 0.078 0.045 0.011 0.017 0.026 0.036 0.011 0.054 0.068 0.028 0.052 0.038 0.041 0.142 0.034 0.004 0.013 0.083
116 N 0.057 0.033 0.118 0.043 0.014 0.026 0.037 0.042 0.018 0.061 0.077 0.042 0.041 0.025 0.091 0.06 0.109 0.005 0.017 0.086
117 K 0.039 0.134 0.026 0.048 0.006 0.061 0.092 0.049 0.033 0.039 0.051 0.225 0.011 0.013 0.015 0.072 0.027 0.004 0.012 0.043
118 K 0.055 0.077 0.042 0.027 0.007 0.047 0.086 0.094 0.02 0.059 0.092 0.211 0.013 0.015 0.015 0.049 0.044 0.004 0.012 0.033
119 E 0.089 0.025 0.02 0.032 0.008 0.057 0.223 0.024 0.013 0.052 0.127 0.034 0.015 0.061 0.014 0.063 0.026 0.005 0.043 0.07
120 F 0.024 0.014 0.012 0.011 0.007 0.009 0.014 0.016 0.032 0.059 0.149 0.015 0.025 0.356 0.008 0.018 0.026 0.056 0.107 0.04
121 N 0.032 0.042 0.139 0.105 0.007 0.023 0.135 0.027 0.055 0.044 0.118 0.05 0.013 0.038 0.013 0.058 0.043 0.004 0.024 0.03
122 S 0.096 0.096 0.099 0.056 0.043 0.054 0.067 0.039 0.013 0.027 0.08 0.046 0.012 0.014 0.015 0.117 0.065 0.003 0.011 0.047
123 Y 0.027 0.018 0.014 0.013 0.006 0.013 0.018 0.017 0.027 0.029 0.046 0.02 0.012 0.136 0.01 0.036 0.019 0.017 0.491 0.03
124 L 0.07 0.056 0.014 0.014 0.056 0.03 0.019 0.02 0.008 0.112 0.294 0.024 0.024 0.025 0.012 0.034 0.076 0.004 0.013 0.099
125 K 0.054 0.111 0.101 0.032 0.006 0.107 0.078 0.03 0.035 0.018 0.028 0.194 0.01 0.011 0.016 0.067 0.062 0.003 0.012 0.023
126 S 0.11 0.04 0.054 0.049 0.017 0.033 0.052 0.066 0.019 0.03 0.042 0.054 0.016 0.021 0.03 0.22 0.082 0.005 0.017 0.042
127 E 0.055 0.05 0.04 0.09 0.007 0.064 0.297 0.035 0.026 0.022 0.037 0.075 0.013 0.017 0.026 0.055 0.037 0.005 0.017 0.031
128 A 0.29 0.031 0.026 0.03 0.022 0.026 0.04 0.078 0.015 0.043 0.059 0.044 0.017 0.022 0.03 0.085 0.05 0.005 0.017 0.069
129 K 0.06 0.134 0.028 0.027 0.007 0.054 0.058 0.03 0.013 0.018 0.029 0.291 0.01 0.011 0.017 0.126 0.047 0.003 0.011 0.024
130 P 0.037 0.051 0.04 0.038 0.006 0.023 0.093 0.026 0.011 0.017 0.025 0.146 0.008 0.01 0.346 0.048 0.042 0.003 0.01 0.021
131 I 0.035 0.013 0.01 0.011 0.011 0.01 0.013 0.014 0.006 0.304 0.199 0.016 0.024 0.028 0.01 0.018 0.027 0.004 0.013 0.236
132 E 0.039 0.051 0.061 0.051 0.008 0.092 0.135 0.025 0.013 0.061 0.061 0.095 0.013 0.015 0.015 0.071 0.062 0.004 0.012 0.117
133 P 0.058 0.02 0.039 0.043 0.009 0.016 0.042 0.049 0.03 0.072 0.115 0.026 0.014 0.019 0.166 0.096 0.096 0.004 0.031 0.056
134 L 0.039 0.018 0.017 0.027 0.055 0.016 0.073 0.021 0.01 0.108 0.175 0.024 0.033 0.054 0.035 0.091 0.073 0.005 0.033 0.092
135 L 0.099 0.02 0.035 0.037 0.009 0.03 0.021 0.051 0.011 0.095 0.164 0.04 0.033 0.134 0.012 0.033 0.043 0.006 0.06 0.066
136 S 0.054 0.049 0.05 0.051 0.009 0.022 0.051 0.118 0.033 0.056 0.033 0.088 0.011 0.014 0.017 0.225 0.073 0.004 0.012 0.032
137 K 0.077 0.055 0.047 0.076 0.008 0.025 0.085 0.066 0.016 0.025 0.034 0.133 0.011 0.031 0.07 0.073 0.057 0.005 0.056 0.05
138 N 0.035 0.085 0.232 0.037 0.006 0.043 0.037 0.034 0.039 0.018 0.027 0.172 0.009 0.017 0.015 0.072 0.044 0.004 0.052 0.022
139 D 0.054 0.026 0.056 0.338 0.006 0.024 0.118 0.076 0.013 0.016 0.022 0.074 0.007 0.011 0.016 0.085 0.027 0.003 0.009 0.019
140 S 0.078 0.097 0.111 0.052 0.009 0.022 0.032 0.033 0.014 0.041 0.061 0.106 0.011 0.017 0.016 0.173 0.054 0.004 0.03 0.039
141 Y 0.119 0.02 0.038 0.082 0.008 0.03 0.065 0.026 0.036 0.09 0.048 0.026 0.013 0.076 0.013 0.046 0.025 0.008 0.167 0.065
142 L 0.049 0.015 0.011 0.013 0.01 0.011 0.032 0.016 0.008 0.178 0.21 0.017 0.053 0.133 0.01 0.019 0.024 0.006 0.04 0.144
143 R 0.029 0.212 0.02 0.019 0.006 0.047 0.03 0.021 0.014 0.025 0.044 0.146 0.012 0.201 0.012 0.027 0.038 0.007 0.063 0.027
144 L 0.051 0.048 0.015 0.014 0.009 0.014 0.019 0.042 0.013 0.129 0.159 0.049 0.018 0.091 0.011 0.054 0.024 0.008 0.14 0.093
145 L 0.066 0.017 0.015 0.016 0.01 0.029 0.019 0.021 0.009 0.135 0.156 0.022 0.033 0.077 0.126 0.044 0.076 0.007 0.035 0.087
146 L 0.03 0.015 0.011 0.011 0.01 0.01 0.014 0.015 0.008 0.115 0.343 0.016 0.056 0.151 0.009 0.018 0.039 0.006 0.023 0.101
147 Y 0.047 0.019 0.016 0.015 0.032 0.03 0.02 0.021 0.015 0.069 0.168 0.022 0.017 0.063 0.012 0.073 0.067 0.032 0.186 0.078
148 L 0.128 0.016 0.014 0.014 0.056 0.012 0.017 0.046 0.008 0.133 0.192 0.02 0.019 0.083 0.012 0.03 0.087 0.005 0.017 0.092
149 L 0.029 0.015 0.009 0.01 0.033 0.01 0.013 0.014 0.007 0.092 0.455 0.015 0.028 0.122 0.009 0.016 0.021 0.005 0.021 0.076
150 S 0.077 0.024 0.031 0.028 0.045 0.02 0.03 0.038 0.011 0.024 0.05 0.032 0.011 0.014 0.018 0.378 0.121 0.003 0.011 0.032
151 L 0.084 0.014 0.013 0.013 0.01 0.01 0.015 0.101 0.008 0.132 0.219 0.017 0.036 0.166 0.01 0.023 0.022 0.006 0.023 0.078
152 I 0.033 0.013 0.01 0.011 0.011 0.009 0.012 0.037 0.006 0.377 0.174 0.016 0.025 0.028 0.01 0.017 0.026 0.004 0.013 0.168
153 S 0.077 0.02 0.026 0.024 0.223 0.016 0.025 0.058 0.01 0.022 0.032 0.027 0.01 0.013 0.016 0.316 0.041 0.003 0.01 0.03
154 L 0.052 0.014 0.012 0.012 0.033 0.01 0.014 0.04 0.007 0.171 0.188 0.017 0.036 0.102 0.01 0.023 0.059 0.005 0.019 0.173
155 L 0.08 0.016 0.013 0.013 0.01 0.011 0.016 0.043 0.008 0.12 0.301 0.018 0.038 0.138 0.01 0.054 0.024 0.005 0.022 0.059
156 S 0.247 0.023 0.026 0.025 0.012 0.018 0.029 0.043 0.011 0.027 0.035 0.031 0.011 0.034 0.018 0.283 0.059 0.004 0.013 0.052
157 V 0.04 0.014 0.011 0.012 0.034 0.011 0.015 0.016 0.007 0.197 0.122 0.017 0.036 0.027 0.01 0.036 0.029 0.004 0.032 0.33
158 L 0.132 0.016 0.012 0.013 0.034 0.012 0.016 0.022 0.007 0.13 0.256 0.019 0.027 0.046 0.012 0.041 0.027 0.004 0.014 0.16
159 Y 0.026 0.018 0.014 0.012 0.006 0.014 0.018 0.016 0.029 0.03 0.063 0.02 0.013 0.082 0.01 0.02 0.018 0.017 0.544 0.031
160 T 0.045 0.021 0.023 0.021 0.011 0.017 0.023 0.025 0.009 0.064 0.078 0.026 0.074 0.019 0.015 0.077 0.327 0.004 0.012 0.108
161 F 0.026 0.014 0.011 0.011 0.008 0.01 0.014 0.016 0.011 0.082 0.183 0.015 0.06 0.343 0.008 0.018 0.036 0.009 0.075 0.048
162 L 0.065 0.018 0.013 0.013 0.009 0.012 0.017 0.02 0.022 0.128 0.203 0.036 0.035 0.117 0.01 0.045 0.023 0.053 0.107 0.054
163 K 0.062 0.036 0.023 0.023 0.043 0.038 0.031 0.028 0.012 0.057 0.08 0.185 0.029 0.019 0.016 0.145 0.066 0.004 0.04 0.062
164 L 0.035 0.016 0.013 0.013 0.011 0.012 0.015 0.017 0.007 0.227 0.247 0.019 0.054 0.028 0.011 0.04 0.094 0.004 0.013 0.124
165 G 0.042 0.023 0.041 0.127 0.006 0.034 0.048 0.346 0.04 0.015 0.021 0.062 0.007 0.011 0.071 0.049 0.022 0.003 0.01 0.023
166 T 0.037 0.089 0.072 0.05 0.007 0.042 0.104 0.027 0.036 0.023 0.036 0.107 0.026 0.059 0.015 0.076 0.108 0.005 0.053 0.028
167 I 0.031 0.014 0.048 0.014 0.01 0.01 0.014 0.016 0.009 0.369 0.118 0.017 0.021 0.033 0.01 0.019 0.026 0.005 0.07 0.146
168 P 0.054 0.017 0.015 0.02 0.007 0.013 0.023 0.047 0.008 0.017 0.024 0.026 0.007 0.009 0.63 0.029 0.023 0.002 0.008 0.021
169 L 0.029 0.016 0.011 0.012 0.01 0.043 0.016 0.015 0.008 0.226 0.265 0.018 0.032 0.129 0.009 0.018 0.023 0.005 0.021 0.094
170 L 0.03 0.018 0.011 0.012 0.01 0.028 0.016 0.015 0.008 0.117 0.346 0.036 0.048 0.102 0.01 0.018 0.023 0.006 0.038 0.109
171 E 0.072 0.092 0.037 0.097 0.006 0.031 0.215 0.051 0.014 0.018 0.029 0.146 0.024 0.012 0.016 0.075 0.027 0.003 0.011 0.023
172 L 0.05 0.016 0.011 0.012 0.01 0.012 0.015 0.017 0.008 0.092 0.325 0.018 0.085 0.092 0.01 0.036 0.024 0.005 0.037 0.123
173 L 0.027 0.013 0.01 0.011 0.009 0.009 0.012 0.015 0.008 0.176 0.27 0.015 0.024 0.232 0.008 0.016 0.021 0.006 0.029 0.089
174 S 0.043 0.149 0.045 0.026 0.008 0.057 0.035 0.029 0.014 0.023 0.051 0.146 0.011 0.036 0.016 0.155 0.089 0.004 0.032 0.029
175 G 0.048 0.017 0.043 0.023 0.007 0.014 0.019 0.505 0.049 0.018 0.042 0.023 0.008 0.012 0.035 0.064 0.022 0.004 0.01 0.036
176 A 0.138 0.044 0.135 0.041 0.009 0.02 0.056 0.047 0.016 0.028 0.055 0.05 0.027 0.035 0.016 0.137 0.081 0.004 0.013 0.049
177 S 0.068 0.025 0.034 0.171 0.009 0.021 0.056 0.062 0.012 0.021 0.028 0.05 0.009 0.019 0.041 0.219 0.116 0.003 0.011 0.027
178 T 0.092 0.038 0.049 0.044 0.018 0.031 0.046 0.055 0.017 0.042 0.054 0.05 0.018 0.022 0.029 0.153 0.161 0.006 0.018 0.057
179 A 0.181 0.026 0.025 0.032 0.013 0.022 0.054 0.076 0.039 0.042 0.074 0.035 0.016 0.047 0.086 0.085 0.048 0.005 0.019 0.075
180 S 0.057 0.027 0.069 0.057 0.009 0.023 0.12 0.03 0.036 0.065 0.121 0.053 0.017 0.043 0.015 0.123 0.054 0.004 0.016 0.059
181 D 0.069 0.045 0.149 0.169 0.007 0.025 0.152 0.031 0.015 0.02 0.046 0.053 0.009 0.025 0.015 0.076 0.028 0.004 0.03 0.032
182 L 0.049 0.016 0.011 0.012 0.01 0.011 0.015 0.017 0.007 0.106 0.365 0.017 0.041 0.11 0.01 0.036 0.041 0.005 0.02 0.101
183 A 0.313 0.038 0.018 0.039 0.011 0.016 0.024 0.136 0.009 0.049 0.1 0.027 0.044 0.017 0.016 0.057 0.028 0.004 0.011 0.043
184 K 0.054 0.091 0.023 0.027 0.008 0.073 0.107 0.093 0.012 0.071 0.059 0.142 0.013 0.014 0.015 0.064 0.044 0.004 0.011 0.076
185 L 0.064 0.019 0.012 0.012 0.01 0.029 0.017 0.018 0.01 0.091 0.354 0.037 0.063 0.094 0.01 0.021 0.022 0.006 0.056 0.056
186 R 0.029 0.58 0.025 0.02 0.005 0.031 0.034 0.021 0.015 0.015 0.03 0.077 0.01 0.011 0.012 0.029 0.022 0.004 0.011 0.02
187 I 0.051 0.019 0.015 0.018 0.01 0.079 0.057 0.041 0.009 0.341 0.082 0.025 0.019 0.023 0.011 0.024 0.043 0.004 0.013 0.117
188 E 0.057 0.026 0.065 0.151 0.007 0.029 0.246 0.028 0.014 0.039 0.033 0.037 0.025 0.015 0.015 0.106 0.029 0.004 0.029 0.044
189 A 0.279 0.019 0.036 0.019 0.012 0.015 0.023 0.037 0.009 0.064 0.106 0.026 0.015 0.018 0.016 0.111 0.034 0.004 0.012 0.146
190 S 0.093 0.026 0.031 0.048 0.01 0.02 0.031 0.128 0.011 0.021 0.028 0.066 0.01 0.013 0.018 0.296 0.108 0.003 0.011 0.028
191 R 0.038 0.425 0.061 0.022 0.006 0.028 0.032 0.023 0.035 0.021 0.037 0.08 0.027 0.025 0.012 0.029 0.023 0.004 0.032 0.04
192 G 0.055 0.025 0.165 0.037 0.006 0.054 0.118 0.269 0.074 0.014 0.022 0.033 0.008 0.012 0.014 0.037 0.024 0.003 0.012 0.018
193 F 0.022 0.013 0.03 0.012 0.007 0.007 0.013 0.017 0.011 0.048 0.072 0.013 0.016 0.576 0.007 0.017 0.017 0.01 0.055 0.036
194 G 0.101 0.039 0.045 0.048 0.008 0.095 0.07 0.147 0.013 0.019 0.029 0.082 0.01 0.032 0.039 0.116 0.066 0.004 0.012 0.026
195 G 0.05 0.015 0.025 0.021 0.007 0.012 0.016 0.663 0.009 0.03 0.021 0.021 0.007 0.011 0.012 0.032 0.019 0.003 0.007 0.019
196 N 0.029 0.025 0.421 0.064 0.007 0.019 0.029 0.036 0.017 0.097 0.054 0.031 0.011 0.015 0.013 0.055 0.031 0.003 0.011 0.034
197 A 0.283 0.031 0.026 0.03 0.022 0.026 0.041 0.079 0.015 0.044 0.06 0.045 0.018 0.022 0.03 0.086 0.05 0.005 0.018 0.069
198 V 0.037 0.02 0.034 0.022 0.009 0.065 0.094 0.019 0.01 0.128 0.086 0.026 0.033 0.06 0.046 0.025 0.027 0.004 0.016 0.24
199 Y 0.026 0.017 0.013 0.012 0.007 0.012 0.017 0.016 0.041 0.071 0.113 0.018 0.016 0.132 0.009 0.019 0.019 0.036 0.349 0.056
200 I 0.033 0.012 0.01 0.011 0.01 0.009 0.012 0.014 0.006 0.33 0.122 0.015 0.022 0.112 0.009 0.017 0.025 0.005 0.02 0.204
201 R 0.032 0.391 0.024 0.021 0.006 0.031 0.036 0.023 0.014 0.037 0.034 0.208 0.011 0.012 0.014 0.03 0.024 0.004 0.011 0.041
202 N 0.028 0.029 0.544 0.052 0.006 0.021 0.031 0.041 0.02 0.015 0.021 0.034 0.007 0.012 0.013 0.045 0.048 0.003 0.01 0.018
203 I 0.032 0.012 0.01 0.011 0.033 0.009 0.012 0.014 0.006 0.424 0.118 0.015 0.023 0.047 0.01 0.017 0.026 0.004 0.015 0.164
204 F 0.023 0.013 0.011 0.011 0.007 0.007 0.012 0.016 0.01 0.062 0.147 0.013 0.019 0.508 0.007 0.016 0.017 0.01 0.05 0.042
205 A 0.33 0.018 0.019 0.019 0.011 0.014 0.022 0.255 0.009 0.028 0.036 0.025 0.01 0.034 0.016 0.044 0.027 0.004 0.012 0.068
206 L 0.032 0.016 0.011 0.013 0.01 0.012 0.032 0.015 0.008 0.179 0.355 0.018 0.041 0.032 0.01 0.034 0.025 0.005 0.033 0.119
207 A 0.182 0.022 0.041 0.023 0.01 0.065 0.027 0.17 0.01 0.044 0.056 0.029 0.012 0.035 0.016 0.063 0.143 0.004 0.012 0.037
208 L 0.028 0.015 0.01 0.01 0.01 0.01 0.013 0.014 0.007 0.094 0.487 0.016 0.059 0.094 0.009 0.016 0.021 0.005 0.019 0.061
209 T 0.044 0.022 0.024 0.022 0.011 0.017 0.023 0.026 0.009 0.056 0.088 0.027 0.045 0.018 0.039 0.051 0.415 0.004 0.012 0.049
210 P 0.036 0.017 0.015 0.02 0.007 0.013 0.023 0.023 0.008 0.017 0.023 0.026 0.007 0.008 0.675 0.028 0.023 0.002 0.008 0.02
211 I 0.032 0.013 0.01 0.011 0.01 0.009 0.013 0.014 0.006 0.328 0.201 0.016 0.024 0.068 0.01 0.018 0.042 0.004 0.016 0.153
212 L 0.029 0.015 0.009 0.01 0.01 0.01 0.013 0.014 0.006 0.091 0.565 0.016 0.031 0.034 0.009 0.016 0.022 0.004 0.014 0.08
213 S 0.1 0.024 0.032 0.029 0.034 0.02 0.031 0.041 0.012 0.022 0.03 0.033 0.01 0.014 0.019 0.407 0.098 0.003 0.011 0.03
214 Y 0.026 0.016 0.012 0.011 0.007 0.012 0.016 0.015 0.021 0.059 0.189 0.018 0.018 0.137 0.009 0.018 0.019 0.013 0.341 0.041
215 I 0.036 0.012 0.01 0.012 0.011 0.009 0.013 0.015 0.006 0.387 0.098 0.016 0.022 0.046 0.01 0.019 0.044 0.004 0.015 0.216
216 A 0.331 0.019 0.018 0.019 0.012 0.015 0.024 0.04 0.01 0.031 0.043 0.026 0.012 0.098 0.016 0.112 0.048 0.051 0.02 0.055
217 Y 0.025 0.016 0.013 0.011 0.007 0.011 0.016 0.016 0.022 0.035 0.091 0.017 0.015 0.243 0.009 0.019 0.018 0.015 0.368 0.034
218 A 0.218 0.017 0.018 0.018 0.068 0.014 0.02 0.135 0.008 0.09 0.064 0.023 0.013 0.037 0.015 0.085 0.047 0.004 0.012 0.095
219 Y 0.026 0.019 0.014 0.013 0.006 0.03 0.019 0.016 0.028 0.028 0.045 0.021 0.012 0.117 0.01 0.02 0.018 0.017 0.509 0.03
220 Y 0.108 0.022 0.017 0.016 0.008 0.016 0.022 0.025 0.02 0.029 0.078 0.058 0.013 0.051 0.013 0.074 0.058 0.057 0.28 0.034
221 K 0.047 0.158 0.019 0.019 0.007 0.023 0.042 0.021 0.013 0.094 0.07 0.184 0.029 0.044 0.013 0.027 0.024 0.005 0.07 0.088
222 L 0.05 0.087 0.054 0.019 0.031 0.044 0.027 0.022 0.012 0.061 0.189 0.126 0.094 0.024 0.012 0.027 0.025 0.004 0.032 0.06
223 T 0.045 0.022 0.045 0.046 0.01 0.018 0.044 0.051 0.012 0.029 0.039 0.029 0.012 0.042 0.016 0.096 0.332 0.005 0.07 0.038
224 K 0.034 0.155 0.068 0.048 0.006 0.047 0.053 0.027 0.029 0.017 0.029 0.317 0.01 0.031 0.016 0.049 0.026 0.004 0.013 0.021
225 S 0.066 0.034 0.028 0.032 0.009 0.047 0.123 0.043 0.027 0.039 0.051 0.122 0.011 0.016 0.017 0.211 0.06 0.004 0.031 0.03
226 R 0.051 0.175 0.038 0.02 0.007 0.023 0.029 0.023 0.012 0.063 0.122 0.16 0.014 0.034 0.059 0.029 0.049 0.024 0.033 0.036
227 R 0.033 0.162 0.04 0.022 0.007 0.03 0.046 0.045 0.033 0.059 0.061 0.116 0.012 0.101 0.036 0.045 0.057 0.006 0.056 0.032
228 W 0.025 0.019 0.064 0.264 0.005 0.016 0.035 0.026 0.031 0.018 0.029 0.023 0.024 0.023 0.01 0.042 0.021 0.281 0.024 0.019
229 K 0.03 0.089 0.017 0.017 0.03 0.019 0.025 0.02 0.031 0.076 0.171 0.178 0.017 0.114 0.012 0.024 0.022 0.029 0.04 0.04
230 L 0.065 0.014 0.01 0.011 0.01 0.012 0.014 0.017 0.008 0.204 0.279 0.017 0.039 0.108 0.01 0.019 0.023 0.006 0.038 0.096
231 L 0.026 0.015 0.01 0.01 0.008 0.01 0.014 0.016 0.008 0.062 0.317 0.016 0.037 0.075 0.008 0.016 0.019 0.236 0.027 0.07
232 F 0.025 0.013 0.012 0.012 0.03 0.008 0.013 0.018 0.011 0.039 0.069 0.014 0.016 0.546 0.008 0.035 0.035 0.01 0.052 0.035
233 L 0.032 0.035 0.013 0.013 0.01 0.012 0.016 0.017 0.01 0.153 0.272 0.02 0.035 0.066 0.01 0.044 0.041 0.006 0.091 0.103
234 I 0.084 0.015 0.013 0.013 0.028 0.011 0.015 0.037 0.008 0.199 0.15 0.018 0.035 0.087 0.011 0.025 0.067 0.005 0.036 0.142
235 L 0.034 0.018 0.013 0.013 0.056 0.014 0.016 0.018 0.008 0.063 0.332 0.02 0.184 0.03 0.011 0.039 0.058 0.005 0.014 0.057
236 F 0.024 0.013 0.011 0.011 0.008 0.008 0.013 0.016 0.01 0.049 0.159 0.013 0.034 0.477 0.007 0.017 0.018 0.009 0.047 0.057
237 V 0.054 0.014 0.012 0.012 0.01 0.01 0.014 0.09 0.007 0.16 0.149 0.016 0.027 0.165 0.01 0.021 0.024 0.006 0.023 0.176
238 L 0.152 0.017 0.016 0.016 0.094 0.013 0.018 0.073 0.009 0.048 0.164 0.021 0.039 0.128 0.013 0.086 0.027 0.005 0.02 0.043
239 S 0.122 0.024 0.032 0.029 0.011 0.02 0.031 0.064 0.011 0.021 0.029 0.033 0.01 0.014 0.019 0.387 0.097 0.003 0.011 0.03
240 I 0.033 0.013 0.01 0.011 0.01 0.009 0.013 0.015 0.007 0.228 0.196 0.015 0.023 0.128 0.009 0.017 0.025 0.005 0.021 0.212
241 L 0.048 0.015 0.012 0.012 0.032 0.011 0.015 0.018 0.009 0.072 0.324 0.017 0.038 0.191 0.01 0.051 0.023 0.007 0.044 0.051
242 I 0.085 0.014 0.011 0.013 0.011 0.01 0.014 0.018 0.007 0.37 0.096 0.018 0.052 0.046 0.011 0.023 0.043 0.004 0.015 0.141
243 L 0.04 0.024 0.053 0.019 0.01 0.016 0.022 0.023 0.01 0.073 0.241 0.075 0.035 0.026 0.013 0.1 0.055 0.004 0.032 0.13
244 T 0.048 0.021 0.025 0.022 0.011 0.016 0.024 0.027 0.009 0.063 0.05 0.027 0.014 0.019 0.016 0.103 0.343 0.004 0.031 0.128
245 Y 0.025 0.017 0.014 0.012 0.006 0.013 0.017 0.016 0.027 0.03 0.048 0.019 0.013 0.156 0.01 0.019 0.018 0.017 0.493 0.031
246 D 0.03 0.024 0.257 0.321 0.006 0.02 0.045 0.036 0.015 0.015 0.02 0.032 0.007 0.011 0.014 0.071 0.046 0.003 0.009 0.018
247 L 0.029 0.016 0.011 0.011 0.01 0.011 0.014 0.015 0.01 0.079 0.418 0.017 0.057 0.08 0.009 0.018 0.038 0.007 0.093 0.057
248 A 0.272 0.028 0.024 0.029 0.011 0.104 0.107 0.04 0.013 0.022 0.032 0.038 0.011 0.013 0.018 0.156 0.035 0.003 0.011 0.033
249 K 0.037 0.069 0.027 0.027 0.006 0.034 0.045 0.028 0.013 0.018 0.028 0.537 0.01 0.01 0.018 0.034 0.025 0.003 0.011 0.021
250 S 0.217 0.024 0.029 0.027 0.012 0.019 0.031 0.067 0.011 0.021 0.03 0.032 0.01 0.013 0.019 0.346 0.045 0.003 0.011 0.032
251 P 0.036 0.036 0.016 0.02 0.007 0.014 0.024 0.023 0.009 0.017 0.024 0.028 0.007 0.009 0.63 0.029 0.04 0.002 0.008 0.021
252 I 0.032 0.014 0.01 0.011 0.01 0.01 0.013 0.015 0.007 0.233 0.218 0.016 0.054 0.109 0.009 0.017 0.025 0.005 0.02 0.173
253 L 0.137 0.015 0.011 0.012 0.011 0.011 0.016 0.022 0.008 0.116 0.199 0.018 0.021 0.159 0.011 0.025 0.025 0.005 0.023 0.155
254 F 0.029 0.035 0.013 0.013 0.008 0.011 0.016 0.018 0.01 0.058 0.096 0.019 0.093 0.326 0.009 0.023 0.072 0.031 0.037 0.084
255 Y 0.025 0.016 0.013 0.012 0.006 0.012 0.016 0.016 0.025 0.031 0.052 0.018 0.013 0.228 0.009 0.019 0.017 0.016 0.423 0.031
256 L 0.037 0.014 0.01 0.011 0.01 0.01 0.013 0.015 0.007 0.169 0.305 0.016 0.048 0.11 0.009 0.018 0.024 0.005 0.02 0.149
257 L 0.085 0.015 0.012 0.013 0.01 0.011 0.015 0.02 0.008 0.183 0.304 0.018 0.037 0.089 0.011 0.053 0.025 0.005 0.018 0.068
258 G 0.066 0.018 0.023 0.021 0.009 0.015 0.02 0.369 0.01 0.044 0.048 0.024 0.102 0.036 0.013 0.111 0.027 0.004 0.012 0.032
259 F 0.023 0.013 0.011 0.011 0.007 0.007 0.012 0.016 0.011 0.076 0.111 0.013 0.018 0.51 0.007 0.016 0.017 0.01 0.068 0.042
260 L 0.049 0.014 0.01 0.011 0.01 0.01 0.013 0.015 0.007 0.237 0.274 0.016 0.04 0.078 0.01 0.018 0.024 0.005 0.017 0.142
261 F 0.024 0.013 0.01 0.01 0.008 0.008 0.012 0.015 0.009 0.052 0.249 0.014 0.021 0.416 0.008 0.016 0.018 0.009 0.043 0.044
262 L 0.041 0.015 0.011 0.011 0.01 0.011 0.014 0.016 0.008 0.116 0.3 0.017 0.055 0.111 0.01 0.019 0.032 0.006 0.039 0.161
263 N 0.031 0.126 0.152 0.03 0.006 0.041 0.067 0.027 0.017 0.022 0.052 0.143 0.018 0.062 0.013 0.042 0.025 0.029 0.072 0.024
264 V 0.038 0.013 0.01 0.012 0.011 0.01 0.014 0.015 0.006 0.277 0.109 0.016 0.022 0.028 0.01 0.019 0.037 0.004 0.032 0.316
265 Y 0.038 0.016 0.013 0.012 0.008 0.012 0.016 0.017 0.016 0.096 0.206 0.018 0.019 0.1 0.01 0.043 0.022 0.056 0.218 0.064
266 I 0.052 0.015 0.013 0.015 0.01 0.012 0.033 0.041 0.007 0.296 0.157 0.019 0.036 0.026 0.011 0.043 0.043 0.027 0.014 0.13
267 G 0.058 0.051 0.109 0.06 0.007 0.038 0.049 0.235 0.013 0.019 0.044 0.145 0.009 0.012 0.014 0.067 0.026 0.003 0.01 0.03
268 G 0.044 0.05 0.036 0.065 0.007 0.02 0.029 0.391 0.011 0.015 0.022 0.161 0.008 0.011 0.014 0.043 0.045 0.003 0.009 0.019
269 L 0.039 0.021 0.017 0.016 0.012 0.014 0.019 0.021 0.009 0.074 0.345 0.023 0.031 0.105 0.013 0.031 0.111 0.006 0.024 0.067
270 K 0.069 0.111 0.065 0.029 0.007 0.025 0.069 0.147 0.013 0.019 0.028 0.169 0.009 0.012 0.016 0.087 0.08 0.003 0.01 0.03
271 I 0.032 0.013 0.01 0.011 0.01 0.009 0.012 0.014 0.006 0.298 0.225 0.015 0.024 0.082 0.009 0.017 0.025 0.005 0.018 0.165
272 S 0.047 0.043 0.193 0.046 0.008 0.031 0.035 0.037 0.015 0.018 0.026 0.122 0.009 0.012 0.039 0.215 0.066 0.003 0.011 0.023
273 K 0.047 0.08 0.018 0.018 0.007 0.021 0.028 0.022 0.012 0.114 0.07 0.219 0.014 0.064 0.028 0.026 0.023 0.074 0.056 0.058
274 K 0.044 0.126 0.024 0.023 0.007 0.045 0.038 0.052 0.013 0.032 0.056 0.333 0.04 0.013 0.016 0.048 0.031 0.011 0.012 0.034
275 K 0.055 0.091 0.04 0.021 0.008 0.022 0.029 0.047 0.031 0.055 0.083 0.17 0.029 0.02 0.014 0.048 0.077 0.027 0.033 0.102
276 L 0.03 0.014 0.01 0.011 0.01 0.009 0.013 0.014 0.007 0.173 0.333 0.015 0.026 0.131 0.009 0.017 0.023 0.005 0.021 0.13
277 I 0.069 0.015 0.014 0.014 0.01 0.011 0.016 0.021 0.008 0.172 0.158 0.019 0.02 0.149 0.011 0.086 0.028 0.005 0.029 0.145
278 I 0.036 0.022 0.014 0.015 0.02 0.014 0.019 0.041 0.01 0.185 0.172 0.089 0.02 0.1 0.011 0.038 0.041 0.006 0.065 0.083
279 Y 0.051 0.016 0.014 0.014 0.011 0.012 0.016 0.087 0.014 0.138 0.135 0.019 0.017 0.101 0.011 0.039 0.04 0.009 0.173 0.085
280 G 0.094 0.016 0.018 0.017 0.009 0.012 0.018 0.228 0.009 0.074 0.078 0.021 0.014 0.119 0.012 0.064 0.059 0.005 0.018 0.114
281 I 0.11 0.016 0.016 0.016 0.044 0.012 0.017 0.123 0.008 0.181 0.11 0.02 0.017 0.061 0.012 0.074 0.05 0.004 0.015 0.094
282 L 0.125 0.016 0.015 0.016 0.01 0.012 0.017 0.115 0.008 0.148 0.168 0.021 0.034 0.063 0.012 0.051 0.06 0.004 0.015 0.09
283 G 0.088 0.016 0.018 0.017 0.01 0.012 0.018 0.168 0.008 0.105 0.165 0.021 0.017 0.061 0.012 0.077 0.061 0.004 0.015 0.106
284 L 0.066 0.015 0.014 0.014 0.01 0.011 0.016 0.052 0.008 0.144 0.218 0.018 0.036 0.146 0.011 0.056 0.045 0.005 0.022 0.092
285 V 0.118 0.016 0.016 0.016 0.033 0.012 0.018 0.105 0.008 0.143 0.101 0.02 0.017 0.081 0.012 0.084 0.034 0.004 0.016 0.145
286 L 0.053 0.015 0.012 0.012 0.01 0.011 0.014 0.063 0.007 0.117 0.38 0.018 0.026 0.049 0.01 0.036 0.024 0.004 0.015 0.124
287 L 0.03 0.014 0.009 0.01 0.01 0.01 0.012 0.014 0.006 0.265 0.372 0.016 0.028 0.032 0.009 0.016 0.024 0.004 0.014 0.105
288 V 0.038 0.014 0.012 0.012 0.011 0.01 0.014 0.039 0.006 0.255 0.144 0.017 0.022 0.025 0.011 0.022 0.061 0.004 0.013 0.271
289 L 0.088 0.014 0.012 0.013 0.056 0.01 0.015 0.077 0.007 0.147 0.195 0.017 0.02 0.084 0.011 0.024 0.033 0.005 0.017 0.155
290 M 0.102 0.017 0.013 0.013 0.01 0.014 0.017 0.022 0.01 0.069 0.142 0.02 0.186 0.169 0.011 0.041 0.025 0.006 0.043 0.068
291 Y 0.026 0.018 0.014 0.012 0.006 0.013 0.018 0.016 0.029 0.029 0.046 0.019 0.012 0.12 0.01 0.02 0.018 0.017 0.528 0.03
292 I 0.035 0.017 0.013 0.013 0.01 0.012 0.016 0.017 0.009 0.211 0.197 0.036 0.031 0.071 0.011 0.053 0.043 0.005 0.054 0.146
293 F 0.062 0.021 0.015 0.016 0.009 0.022 0.019 0.093 0.009 0.1 0.162 0.065 0.034 0.182 0.011 0.041 0.024 0.006 0.025 0.083
294 I 0.042 0.014 0.012 0.012 0.01 0.01 0.014 0.016 0.007 0.272 0.162 0.017 0.022 0.109 0.01 0.022 0.068 0.005 0.02 0.155
295 G 0.049 0.043 0.022 0.021 0.008 0.114 0.028 0.252 0.011 0.029 0.066 0.032 0.089 0.056 0.013 0.041 0.074 0.004 0.014 0.031
296 G 0.039 0.043 0.105 0.091 0.007 0.06 0.03 0.27 0.015 0.018 0.046 0.04 0.009 0.023 0.013 0.05 0.024 0.006 0.09 0.021
297 V 0.086 0.025 0.056 0.022 0.01 0.051 0.044 0.049 0.012 0.072 0.067 0.071 0.031 0.023 0.013 0.056 0.047 0.005 0.051 0.21
298 T 0.074 0.05 0.1 0.077 0.008 0.034 0.068 0.053 0.014 0.027 0.037 0.085 0.026 0.054 0.015 0.088 0.125 0.004 0.014 0.047
299 G 0.063 0.032 0.131 0.048 0.013 0.025 0.035 0.205 0.018 0.049 0.052 0.041 0.015 0.021 0.02 0.06 0.077 0.005 0.015 0.075
300 D 0.086 0.028 0.086 0.159 0.013 0.024 0.051 0.046 0.017 0.112 0.079 0.039 0.02 0.026 0.02 0.051 0.041 0.005 0.016 0.082
301 D 0.039 0.025 0.16 0.17 0.007 0.029 0.064 0.105 0.014 0.038 0.048 0.05 0.01 0.013 0.015 0.089 0.082 0.003 0.01 0.027
302 I 0.047 0.018 0.015 0.018 0.016 0.013 0.018 0.02 0.009 0.278 0.166 0.023 0.036 0.044 0.015 0.025 0.039 0.006 0.02 0.175
303 L 0.066 0.038 0.014 0.016 0.01 0.014 0.037 0.02 0.009 0.118 0.252 0.023 0.022 0.072 0.037 0.057 0.027 0.005 0.037 0.125
304 S 0.074 0.029 0.034 0.032 0.015 0.022 0.035 0.044 0.016 0.101 0.09 0.037 0.023 0.121 0.021 0.13 0.056 0.008 0.035 0.077
305 D 0.103 0.022 0.038 0.13 0.009 0.021 0.104 0.091 0.011 0.028 0.085 0.031 0.012 0.037 0.016 0.092 0.12 0.004 0.012 0.033
306 E 0.056 0.05 0.041 0.091 0.007 0.065 0.289 0.035 0.026 0.022 0.037 0.076 0.013 0.017 0.026 0.056 0.037 0.006 0.017 0.032
307 L 0.055 0.044 0.043 0.085 0.008 0.036 0.065 0.094 0.051 0.064 0.106 0.064 0.021 0.048 0.013 0.081 0.04 0.016 0.016 0.052
308 L 0.045 0.025 0.014 0.015 0.016 0.016 0.02 0.021 0.01 0.116 0.37 0.026 0.05 0.055 0.014 0.025 0.034 0.007 0.022 0.097
309 L 0.026 0.014 0.011 0.011 0.009 0.009 0.013 0.04 0.009 0.072 0.305 0.015 0.023 0.289 0.008 0.017 0.019 0.008 0.053 0.049
310 L 0.03 0.016 0.033 0.014 0.009 0.011 0.015 0.043 0.009 0.072 0.333 0.017 0.023 0.208 0.009 0.053 0.023 0.006 0.027 0.05
311 S 0.069 0.026 0.11 0.075 0.009 0.055 0.035 0.11 0.056 0.019 0.046 0.033 0.01 0.014 0.016 0.242 0.037 0.003 0.012 0.024
312 Y 0.028 0.016 0.012 0.012 0.008 0.012 0.016 0.015 0.02 0.167 0.1 0.019 0.017 0.061 0.033 0.019 0.021 0.012 0.342 0.071
313 N 0.03 0.046 0.385 0.042 0.006 0.02 0.029 0.036 0.018 0.036 0.03 0.05 0.009 0.058 0.013 0.063 0.047 0.005 0.052 0.024
314 S 0.056 0.028 0.049 0.03 0.01 0.038 0.05 0.058 0.012 0.025 0.032 0.068 0.011 0.025 0.017 0.285 0.136 0.004 0.021 0.047
315 G 0.067 0.015 0.025 0.022 0.007 0.013 0.017 0.619 0.01 0.013 0.02 0.022 0.007 0.013 0.013 0.049 0.021 0.004 0.026 0.017
316 P 0.05 0.015 0.012 0.015 0.009 0.011 0.017 0.019 0.007 0.238 0.122 0.021 0.032 0.02 0.285 0.023 0.024 0.003 0.011 0.065
317 I 0.038 0.015 0.015 0.015 0.01 0.011 0.016 0.11 0.007 0.208 0.196 0.02 0.02 0.024 0.057 0.056 0.06 0.004 0.012 0.106
318 G 0.066 0.015 0.043 0.022 0.007 0.012 0.017 0.619 0.009 0.031 0.022 0.022 0.007 0.011 0.012 0.033 0.02 0.003 0.007 0.02
319 R 0.029 0.58 0.025 0.02 0.005 0.031 0.034 0.021 0.015 0.015 0.03 0.077 0.01 0.011 0.012 0.029 0.022 0.004 0.011 0.02
320 I 0.033 0.014 0.01 0.011 0.011 0.01 0.013 0.014 0.006 0.284 0.217 0.017 0.069 0.029 0.01 0.018 0.026 0.004 0.014 0.19
