#Seq2Logo.py -f /work3/idamei/ssn-clusterings/clustering/2205111339/clusters/0042_40/sequences.afa -o /work3/idamei/ssn-clusterings/clustering/2205111339/clusters/0042_40/sequences.logo
#Position Specific Frequency Matrix
A R N D C Q E G H I L K M F P S T W Y V
0 M 0.046 0.028 0.018 0.018 0.014 0.025 0.025 0.025 0.014 0.089 0.174 0.032 0.259 0.043 0.014 0.032 0.035 0.007 0.021 0.082
1 N 0.063 0.039 0.112 0.039 0.011 0.026 0.043 0.08 0.033 0.063 0.081 0.085 0.017 0.055 0.048 0.075 0.05 0.006 0.028 0.048
2 K 0.066 0.068 0.047 0.062 0.011 0.035 0.073 0.036 0.016 0.057 0.076 0.153 0.027 0.021 0.021 0.058 0.062 0.005 0.016 0.088
3 L 0.063 0.035 0.082 0.068 0.012 0.025 0.038 0.037 0.028 0.085 0.119 0.066 0.032 0.056 0.018 0.061 0.052 0.007 0.049 0.066
4 L 0.054 0.056 0.027 0.035 0.013 0.028 0.087 0.031 0.015 0.082 0.202 0.044 0.029 0.053 0.019 0.071 0.058 0.006 0.021 0.068
5 V 0.07 0.022 0.016 0.018 0.019 0.016 0.023 0.025 0.008 0.165 0.13 0.026 0.032 0.036 0.016 0.033 0.049 0.006 0.021 0.269
6 K 0.057 0.107 0.042 0.042 0.009 0.054 0.071 0.043 0.021 0.028 0.043 0.278 0.016 0.016 0.028 0.054 0.04 0.005 0.017 0.033
7 I 0.047 0.018 0.015 0.018 0.016 0.013 0.018 0.021 0.009 0.271 0.168 0.024 0.037 0.044 0.015 0.025 0.04 0.006 0.021 0.177
8 L 0.099 0.061 0.025 0.025 0.014 0.024 0.033 0.038 0.014 0.084 0.125 0.062 0.032 0.095 0.019 0.063 0.061 0.007 0.029 0.088
9 L 0.054 0.047 0.028 0.027 0.014 0.028 0.037 0.032 0.013 0.077 0.219 0.096 0.033 0.037 0.021 0.048 0.091 0.006 0.02 0.073
10 H 0.066 0.034 0.04 0.035 0.014 0.028 0.041 0.041 0.13 0.11 0.082 0.041 0.022 0.032 0.021 0.098 0.049 0.006 0.031 0.08
11 N 0.043 0.045 0.317 0.083 0.009 0.034 0.049 0.065 0.032 0.022 0.032 0.054 0.011 0.018 0.02 0.07 0.049 0.004 0.016 0.027
12 N 0.043 0.045 0.317 0.083 0.009 0.034 0.049 0.065 0.032 0.022 0.032 0.054 0.011 0.018 0.02 0.07 0.049 0.004 0.016 0.027
13 I 0.047 0.018 0.015 0.018 0.016 0.013 0.018 0.021 0.009 0.271 0.168 0.024 0.037 0.044 0.015 0.025 0.04 0.006 0.021 0.177
14 V 0.07 0.022 0.016 0.018 0.019 0.016 0.023 0.025 0.008 0.165 0.13 0.026 0.032 0.036 0.016 0.033 0.049 0.006 0.021 0.269
15 L 0.045 0.024 0.014 0.015 0.016 0.016 0.02 0.021 0.01 0.115 0.375 0.025 0.05 0.055 0.014 0.024 0.033 0.007 0.022 0.096
16 V 0.07 0.022 0.016 0.018 0.019 0.016 0.023 0.025 0.008 0.165 0.13 0.026 0.032 0.036 0.016 0.033 0.049 0.006 0.021 0.269
17 S 0.11 0.04 0.054 0.049 0.018 0.033 0.052 0.066 0.019 0.03 0.042 0.054 0.016 0.021 0.03 0.22 0.082 0.005 0.018 0.042
18 R 0.045 0.345 0.039 0.031 0.008 0.048 0.052 0.033 0.023 0.023 0.047 0.12 0.016 0.017 0.019 0.045 0.035 0.006 0.017 0.031
19 Q 0.056 0.074 0.044 0.047 0.009 0.215 0.103 0.041 0.029 0.026 0.047 0.091 0.021 0.015 0.024 0.056 0.041 0.006 0.021 0.035
20 P 0.057 0.026 0.023 0.031 0.01 0.021 0.036 0.036 0.013 0.026 0.036 0.041 0.01 0.013 0.494 0.044 0.036 0.003 0.013 0.031
21 T 0.073 0.036 0.043 0.038 0.018 0.028 0.039 0.043 0.014 0.053 0.065 0.045 0.02 0.024 0.028 0.093 0.247 0.006 0.018 0.071
22 T 0.073 0.036 0.043 0.038 0.018 0.028 0.039 0.043 0.014 0.053 0.065 0.045 0.02 0.024 0.028 0.093 0.247 0.006 0.018 0.071
23 T 0.073 0.036 0.043 0.038 0.018 0.028 0.039 0.043 0.014 0.053 0.065 0.045 0.02 0.024 0.028 0.093 0.247 0.006 0.018 0.071
24 G 0.078 0.023 0.039 0.034 0.011 0.019 0.026 0.51 0.014 0.019 0.028 0.034 0.009 0.016 0.019 0.051 0.03 0.005 0.011 0.024
25 G 0.078 0.023 0.039 0.034 0.011 0.019 0.026 0.51 0.014 0.019 0.028 0.034 0.009 0.016 0.019 0.051 0.03 0.005 0.011 0.024
26 R 0.045 0.345 0.039 0.031 0.008 0.048 0.052 0.033 0.023 0.023 0.047 0.12 0.016 0.017 0.019 0.045 0.035 0.006 0.017 0.031
27 L 0.052 0.032 0.02 0.02 0.016 0.028 0.028 0.028 0.016 0.1 0.197 0.036 0.161 0.048 0.016 0.036 0.04 0.008 0.024 0.092
28 R 0.045 0.345 0.039 0.031 0.008 0.048 0.052 0.033 0.023 0.023 0.047 0.12 0.016 0.017 0.019 0.045 0.035 0.006 0.017 0.031
29 Y 0.04 0.028 0.022 0.019 0.009 0.022 0.028 0.025 0.047 0.044 0.068 0.031 0.019 0.131 0.016 0.031 0.028 0.028 0.318 0.047
30 T 0.073 0.036 0.043 0.038 0.018 0.028 0.039 0.043 0.014 0.053 0.065 0.045 0.02 0.024 0.028 0.093 0.247 0.006 0.018 0.071
31 A 0.201 0.035 0.04 0.039 0.019 0.029 0.046 0.072 0.017 0.036 0.05 0.049 0.017 0.021 0.03 0.154 0.066 0.005 0.017 0.055
32 R 0.051 0.227 0.04 0.036 0.008 0.051 0.061 0.038 0.022 0.025 0.045 0.201 0.015 0.016 0.023 0.049 0.037 0.005 0.017 0.032
33 F 0.045 0.063 0.029 0.029 0.01 0.032 0.045 0.034 0.019 0.045 0.078 0.15 0.02 0.203 0.019 0.039 0.032 0.011 0.053 0.044
34 N 0.048 0.045 0.127 0.049 0.011 0.09 0.056 0.042 0.023 0.109 0.081 0.056 0.023 0.025 0.019 0.05 0.043 0.005 0.019 0.079
35 K 0.123 0.059 0.032 0.032 0.013 0.052 0.051 0.046 0.018 0.046 0.08 0.153 0.019 0.026 0.024 0.075 0.043 0.006 0.035 0.067
36 R 0.045 0.345 0.039 0.031 0.008 0.048 0.052 0.033 0.023 0.023 0.047 0.12 0.016 0.017 0.019 0.045 0.035 0.006 0.017 0.031
37 K 0.057 0.107 0.042 0.042 0.009 0.054 0.071 0.043 0.021 0.028 0.043 0.278 0.016 0.016 0.028 0.054 0.04 0.005 0.017 0.033
38 L 0.057 0.025 0.044 0.026 0.014 0.018 0.026 0.063 0.012 0.129 0.198 0.03 0.03 0.052 0.017 0.077 0.05 0.006 0.021 0.107
39 L 0.051 0.038 0.029 0.048 0.012 0.025 0.037 0.032 0.04 0.076 0.16 0.081 0.025 0.068 0.018 0.073 0.038 0.009 0.081 0.06
40 G 0.078 0.023 0.039 0.034 0.011 0.019 0.026 0.51 0.014 0.019 0.028 0.034 0.009 0.016 0.019 0.051 0.03 0.005 0.011 0.024
41 R 0.045 0.345 0.039 0.031 0.008 0.048 0.052 0.033 0.023 0.023 0.047 0.12 0.016 0.017 0.019 0.045 0.035 0.006 0.017 0.031
42 D 0.041 0.03 0.069 0.397 0.008 0.03 0.091 0.047 0.019 0.022 0.028 0.045 0.009 0.015 0.022 0.052 0.035 0.004 0.011 0.024
43 S 0.11 0.04 0.054 0.049 0.018 0.033 0.052 0.066 0.019 0.03 0.042 0.054 0.016 0.021 0.03 0.22 0.082 0.005 0.018 0.042
44 Q 0.056 0.074 0.044 0.047 0.009 0.215 0.103 0.041 0.029 0.026 0.047 0.091 0.021 0.015 0.024 0.056 0.041 0.006 0.021 0.035
45 V 0.07 0.022 0.016 0.018 0.019 0.016 0.023 0.025 0.008 0.165 0.13 0.026 0.032 0.036 0.016 0.033 0.049 0.006 0.021 0.269
46 K 0.079 0.047 0.038 0.039 0.01 0.047 0.106 0.062 0.02 0.041 0.072 0.114 0.017 0.071 0.02 0.047 0.048 0.008 0.059 0.055
47 N 0.059 0.061 0.154 0.048 0.011 0.032 0.046 0.049 0.065 0.029 0.039 0.088 0.013 0.023 0.021 0.124 0.054 0.006 0.035 0.044
48 R 0.049 0.145 0.032 0.047 0.01 0.033 0.044 0.032 0.018 0.074 0.06 0.142 0.017 0.028 0.042 0.053 0.056 0.007 0.048 0.063
49 F 0.034 0.019 0.017 0.017 0.011 0.011 0.019 0.025 0.017 0.063 0.114 0.019 0.025 0.387 0.011 0.025 0.025 0.017 0.089 0.055
50 L 0.056 0.04 0.034 0.022 0.023 0.018 0.025 0.049 0.015 0.122 0.164 0.042 0.026 0.107 0.036 0.041 0.038 0.008 0.059 0.077
51 L 0.078 0.051 0.019 0.02 0.033 0.018 0.024 0.048 0.011 0.11 0.162 0.032 0.039 0.048 0.035 0.045 0.047 0.026 0.021 0.132
52 F 0.051 0.023 0.019 0.019 0.012 0.025 0.024 0.026 0.017 0.072 0.139 0.026 0.024 0.232 0.014 0.034 0.067 0.012 0.096 0.07
53 L 0.045 0.021 0.018 0.017 0.033 0.015 0.021 0.03 0.014 0.124 0.196 0.024 0.029 0.118 0.014 0.039 0.054 0.009 0.07 0.11
54 L 0.074 0.02 0.015 0.016 0.014 0.014 0.02 0.026 0.011 0.134 0.217 0.023 0.039 0.147 0.014 0.03 0.038 0.008 0.034 0.107
55 L 0.087 0.024 0.024 0.023 0.032 0.018 0.027 0.055 0.013 0.059 0.144 0.029 0.031 0.138 0.016 0.095 0.049 0.047 0.035 0.055
56 L 0.11 0.024 0.02 0.021 0.015 0.018 0.025 0.053 0.011 0.099 0.209 0.029 0.045 0.049 0.017 0.067 0.05 0.006 0.02 0.111
57 L 0.068 0.019 0.015 0.017 0.015 0.014 0.019 0.024 0.009 0.202 0.215 0.023 0.032 0.068 0.014 0.037 0.036 0.006 0.023 0.143
58 L 0.099 0.022 0.015 0.016 0.015 0.016 0.021 0.028 0.01 0.099 0.322 0.025 0.047 0.071 0.015 0.032 0.032 0.007 0.023 0.086
59 F 0.033 0.019 0.015 0.015 0.01 0.012 0.018 0.022 0.017 0.063 0.174 0.02 0.026 0.302 0.011 0.023 0.024 0.033 0.11 0.055
60 K 0.045 0.216 0.035 0.032 0.007 0.044 0.055 0.034 0.019 0.023 0.039 0.255 0.014 0.016 0.021 0.043 0.033 0.024 0.017 0.028
61 L 0.091 0.021 0.018 0.019 0.014 0.015 0.022 0.057 0.011 0.128 0.166 0.025 0.035 0.121 0.015 0.044 0.045 0.007 0.03 0.116
62 L 0.095 0.022 0.02 0.02 0.051 0.016 0.024 0.032 0.011 0.119 0.158 0.027 0.026 0.09 0.017 0.057 0.068 0.006 0.025 0.117
63 L 0.04 0.021 0.013 0.014 0.032 0.014 0.018 0.02 0.01 0.094 0.398 0.022 0.052 0.074 0.013 0.026 0.03 0.007 0.023 0.08
64 D 0.039 0.029 0.056 0.396 0.007 0.031 0.126 0.057 0.017 0.019 0.026 0.043 0.009 0.013 0.02 0.046 0.031 0.004 0.011 0.022
65 L 0.063 0.022 0.017 0.017 0.012 0.016 0.022 0.025 0.019 0.099 0.172 0.025 0.034 0.12 0.014 0.037 0.031 0.012 0.14 0.1
66 S 0.118 0.03 0.038 0.035 0.015 0.025 0.038 0.104 0.015 0.045 0.06 0.041 0.016 0.035 0.023 0.219 0.068 0.005 0.017 0.055
67 Y 0.035 0.024 0.019 0.016 0.008 0.019 0.024 0.022 0.041 0.038 0.06 0.027 0.016 0.114 0.014 0.027 0.024 0.024 0.406 0.041
68 V 0.071 0.048 0.02 0.02 0.014 0.017 0.024 0.045 0.013 0.14 0.107 0.036 0.024 0.092 0.015 0.046 0.051 0.007 0.05 0.16
69 L 0.055 0.027 0.109 0.032 0.011 0.02 0.028 0.057 0.021 0.053 0.124 0.032 0.02 0.095 0.016 0.05 0.064 0.01 0.108 0.068
70 F 0.061 0.019 0.016 0.016 0.012 0.013 0.02 0.024 0.017 0.117 0.106 0.022 0.023 0.218 0.013 0.027 0.03 0.013 0.117 0.117
71 V 0.051 0.018 0.014 0.015 0.015 0.013 0.018 0.02 0.008 0.224 0.159 0.022 0.031 0.036 0.014 0.025 0.038 0.005 0.018 0.256
72 S 0.09 0.033 0.092 0.039 0.013 0.026 0.04 0.06 0.068 0.042 0.048 0.041 0.015 0.024 0.021 0.168 0.062 0.005 0.032 0.081
73 P 0.048 0.054 0.042 0.061 0.008 0.032 0.103 0.069 0.016 0.023 0.034 0.109 0.011 0.028 0.243 0.043 0.032 0.004 0.015 0.027
74 V 0.056 0.024 0.057 0.028 0.013 0.02 0.048 0.028 0.016 0.124 0.123 0.03 0.024 0.055 0.016 0.052 0.048 0.008 0.07 0.16
75 F 0.032 0.02 0.017 0.016 0.009 0.013 0.02 0.022 0.038 0.048 0.083 0.021 0.02 0.329 0.011 0.024 0.023 0.018 0.191 0.044
76 G 0.144 0.031 0.043 0.036 0.013 0.035 0.07 0.158 0.015 0.035 0.056 0.046 0.027 0.035 0.021 0.101 0.041 0.024 0.018 0.052
77 E 0.049 0.042 0.052 0.214 0.007 0.05 0.216 0.039 0.023 0.022 0.033 0.063 0.011 0.016 0.024 0.054 0.036 0.005 0.014 0.028
78 H 0.069 0.043 0.053 0.042 0.012 0.036 0.053 0.049 0.222 0.026 0.04 0.049 0.015 0.027 0.023 0.114 0.049 0.007 0.041 0.03
79 Y 0.044 0.025 0.023 0.02 0.009 0.019 0.026 0.063 0.033 0.046 0.058 0.029 0.016 0.103 0.033 0.058 0.03 0.019 0.302 0.043
80 D 0.083 0.031 0.049 0.128 0.011 0.031 0.123 0.058 0.016 0.039 0.084 0.043 0.032 0.035 0.02 0.098 0.045 0.005 0.017 0.051
81 L 0.045 0.024 0.014 0.015 0.016 0.016 0.02 0.021 0.01 0.115 0.375 0.025 0.05 0.055 0.014 0.024 0.033 0.007 0.022 0.096
82 T 0.073 0.036 0.043 0.038 0.018 0.028 0.039 0.043 0.014 0.053 0.065 0.045 0.02 0.024 0.028 0.093 0.247 0.006 0.018 0.071
83 A 0.29 0.031 0.026 0.03 0.022 0.026 0.04 0.078 0.015 0.043 0.059 0.045 0.018 0.022 0.03 0.085 0.05 0.005 0.018 0.069
84 G 0.078 0.023 0.039 0.034 0.011 0.019 0.026 0.51 0.014 0.019 0.028 0.034 0.009 0.016 0.019 0.051 0.03 0.005 0.011 0.024
85 G 0.077 0.021 0.033 0.029 0.01 0.017 0.024 0.475 0.021 0.033 0.045 0.03 0.011 0.017 0.017 0.054 0.039 0.005 0.011 0.031
86 F 0.03 0.017 0.015 0.015 0.009 0.01 0.017 0.022 0.016 0.066 0.11 0.018 0.023 0.416 0.01 0.022 0.023 0.015 0.095 0.052
87 V 0.066 0.043 0.03 0.044 0.012 0.025 0.057 0.045 0.057 0.075 0.09 0.048 0.019 0.033 0.036 0.081 0.069 0.007 0.057 0.104
88 L 0.045 0.027 0.039 0.026 0.013 0.019 0.025 0.026 0.014 0.101 0.252 0.043 0.05 0.057 0.014 0.051 0.035 0.025 0.047 0.091
89 D 0.041 0.03 0.069 0.397 0.008 0.03 0.091 0.047 0.019 0.022 0.028 0.045 0.009 0.015 0.022 0.052 0.035 0.004 0.011 0.024
90 N 0.047 0.05 0.17 0.137 0.008 0.044 0.076 0.08 0.035 0.021 0.031 0.09 0.011 0.017 0.02 0.074 0.039 0.005 0.021 0.025
91 I 0.039 0.02 0.016 0.02 0.012 0.016 0.042 0.021 0.015 0.161 0.155 0.024 0.027 0.147 0.03 0.025 0.029 0.019 0.083 0.1
92 D 0.08 0.036 0.134 0.138 0.011 0.041 0.095 0.05 0.02 0.024 0.033 0.048 0.012 0.016 0.022 0.136 0.058 0.004 0.014 0.031
93 I 0.062 0.023 0.034 0.024 0.013 0.017 0.026 0.048 0.015 0.139 0.108 0.029 0.022 0.068 0.069 0.071 0.054 0.008 0.071 0.1
94 L 0.051 0.031 0.039 0.052 0.011 0.032 0.057 0.041 0.015 0.078 0.095 0.056 0.019 0.071 0.07 0.077 0.047 0.042 0.037 0.078
95 K 0.056 0.129 0.061 0.038 0.009 0.085 0.058 0.039 0.02 0.025 0.04 0.198 0.014 0.015 0.022 0.074 0.065 0.005 0.016 0.032
96 Y 0.038 0.025 0.018 0.017 0.01 0.027 0.025 0.022 0.041 0.068 0.16 0.027 0.032 0.108 0.013 0.026 0.027 0.017 0.234 0.065
97 L 0.055 0.019 0.016 0.017 0.014 0.014 0.019 0.049 0.01 0.175 0.19 0.023 0.03 0.106 0.014 0.03 0.054 0.007 0.027 0.132
98 E 0.046 0.03 0.025 0.043 0.01 0.032 0.176 0.026 0.017 0.078 0.137 0.041 0.022 0.093 0.017 0.045 0.042 0.007 0.038 0.075
99 S 0.109 0.032 0.043 0.039 0.015 0.027 0.042 0.096 0.016 0.038 0.041 0.044 0.014 0.019 0.025 0.266 0.074 0.005 0.015 0.042
100 W 0.03 0.022 0.016 0.014 0.008 0.015 0.021 0.024 0.024 0.034 0.067 0.023 0.016 0.09 0.01 0.023 0.022 0.313 0.194 0.035
101 L 0.06 0.019 0.014 0.015 0.032 0.013 0.018 0.022 0.008 0.195 0.226 0.022 0.033 0.057 0.013 0.026 0.035 0.006 0.021 0.167
102 L 0.054 0.02 0.013 0.015 0.032 0.014 0.018 0.021 0.009 0.142 0.307 0.023 0.048 0.055 0.013 0.025 0.033 0.006 0.021 0.131
103 L 0.057 0.022 0.018 0.018 0.042 0.016 0.022 0.025 0.019 0.082 0.141 0.025 0.024 0.113 0.014 0.041 0.052 0.012 0.139 0.118
104 L 0.046 0.02 0.017 0.017 0.013 0.014 0.02 0.059 0.011 0.107 0.19 0.022 0.028 0.171 0.013 0.039 0.042 0.008 0.036 0.126
105 L 0.054 0.019 0.014 0.015 0.031 0.013 0.018 0.021 0.009 0.183 0.239 0.022 0.033 0.076 0.031 0.025 0.033 0.006 0.023 0.135
106 L 0.062 0.025 0.026 0.025 0.032 0.019 0.027 0.077 0.012 0.096 0.185 0.031 0.034 0.045 0.017 0.116 0.054 0.006 0.019 0.096
107 L 0.085 0.023 0.022 0.022 0.031 0.017 0.025 0.05 0.012 0.094 0.173 0.028 0.026 0.116 0.016 0.081 0.058 0.007 0.029 0.087
108 L 0.054 0.042 0.018 0.018 0.012 0.016 0.022 0.06 0.013 0.128 0.165 0.028 0.034 0.121 0.049 0.034 0.036 0.008 0.048 0.095
109 L 0.041 0.02 0.018 0.017 0.03 0.014 0.02 0.041 0.012 0.087 0.189 0.023 0.035 0.182 0.013 0.031 0.068 0.045 0.04 0.076
110 L 0.085 0.022 0.019 0.02 0.015 0.017 0.024 0.03 0.01 0.152 0.211 0.027 0.03 0.035 0.016 0.069 0.05 0.005 0.018 0.145
111 I 0.089 0.025 0.024 0.024 0.016 0.019 0.028 0.035 0.015 0.152 0.107 0.032 0.026 0.043 0.019 0.065 0.071 0.008 0.055 0.147
112 K 0.094 0.046 0.032 0.032 0.014 0.03 0.042 0.044 0.019 0.064 0.069 0.098 0.028 0.034 0.077 0.091 0.048 0.007 0.053 0.079
113 L 0.053 0.035 0.026 0.025 0.012 0.023 0.033 0.034 0.024 0.052 0.128 0.059 0.023 0.101 0.017 0.074 0.039 0.064 0.128 0.051
114 P 0.06 0.08 0.074 0.031 0.011 0.023 0.033 0.036 0.015 0.062 0.104 0.051 0.018 0.051 0.147 0.073 0.048 0.005 0.019 0.058
115 D 0.071 0.065 0.062 0.111 0.009 0.032 0.081 0.075 0.059 0.034 0.038 0.089 0.012 0.02 0.067 0.072 0.036 0.005 0.03 0.033
116 K 0.057 0.107 0.042 0.042 0.009 0.054 0.071 0.043 0.021 0.028 0.043 0.276 0.016 0.016 0.028 0.054 0.04 0.005 0.017 0.033
117 V 0.07 0.022 0.017 0.018 0.019 0.017 0.023 0.025 0.008 0.165 0.131 0.026 0.032 0.036 0.017 0.033 0.05 0.006 0.021 0.267
118 R 0.053 0.187 0.095 0.038 0.008 0.055 0.064 0.045 0.033 0.034 0.074 0.12 0.016 0.019 0.018 0.044 0.034 0.005 0.017 0.041
119 L 0.043 0.037 0.019 0.032 0.013 0.018 0.024 0.04 0.026 0.141 0.209 0.038 0.049 0.055 0.031 0.027 0.032 0.007 0.046 0.115
120 N 0.044 0.104 0.111 0.07 0.009 0.041 0.077 0.036 0.02 0.053 0.062 0.089 0.015 0.037 0.018 0.054 0.055 0.023 0.031 0.051
121 K 0.058 0.16 0.045 0.033 0.009 0.039 0.059 0.052 0.032 0.032 0.059 0.196 0.023 0.021 0.02 0.052 0.034 0.005 0.029 0.043
122 P 0.063 0.021 0.018 0.022 0.013 0.016 0.026 0.028 0.01 0.101 0.085 0.03 0.019 0.037 0.262 0.043 0.041 0.004 0.017 0.144
123 S 0.088 0.048 0.044 0.04 0.014 0.028 0.043 0.07 0.016 0.04 0.042 0.057 0.014 0.019 0.024 0.277 0.065 0.005 0.015 0.05
124 D 0.042 0.065 0.06 0.256 0.008 0.04 0.064 0.056 0.052 0.025 0.033 0.098 0.011 0.018 0.019 0.053 0.033 0.005 0.028 0.035
125 Y 0.039 0.02 0.017 0.016 0.011 0.015 0.021 0.022 0.023 0.134 0.097 0.023 0.022 0.161 0.013 0.034 0.029 0.015 0.194 0.092
126 F 0.063 0.02 0.017 0.017 0.012 0.014 0.021 0.025 0.013 0.101 0.132 0.023 0.032 0.206 0.031 0.031 0.05 0.01 0.066 0.114
127 L 0.04 0.022 0.015 0.018 0.012 0.015 0.031 0.021 0.018 0.159 0.211 0.034 0.03 0.138 0.013 0.024 0.03 0.008 0.045 0.116
128 L 0.077 0.024 0.043 0.022 0.024 0.018 0.025 0.031 0.018 0.091 0.15 0.028 0.031 0.066 0.015 0.054 0.035 0.046 0.11 0.092
129 L 0.047 0.024 0.02 0.02 0.014 0.026 0.024 0.025 0.011 0.139 0.17 0.028 0.063 0.1 0.015 0.045 0.094 0.007 0.027 0.1
130 L 0.115 0.021 0.017 0.018 0.013 0.015 0.022 0.032 0.014 0.094 0.169 0.025 0.029 0.154 0.015 0.036 0.041 0.027 0.072 0.07
131 L 0.052 0.02 0.016 0.016 0.012 0.014 0.02 0.023 0.014 0.123 0.193 0.023 0.031 0.149 0.031 0.035 0.031 0.01 0.082 0.104
132 L 0.053 0.019 0.014 0.015 0.031 0.013 0.019 0.022 0.019 0.147 0.238 0.022 0.032 0.108 0.013 0.025 0.032 0.007 0.028 0.143
133 S 0.076 0.026 0.064 0.031 0.013 0.02 0.03 0.09 0.014 0.096 0.117 0.033 0.029 0.068 0.018 0.13 0.045 0.006 0.021 0.071
134 L 0.057 0.021 0.016 0.017 0.015 0.015 0.021 0.023 0.009 0.147 0.257 0.024 0.033 0.038 0.014 0.045 0.047 0.005 0.018 0.178
135 I 0.044 0.019 0.014 0.015 0.014 0.014 0.018 0.019 0.01 0.226 0.206 0.022 0.055 0.044 0.013 0.024 0.034 0.007 0.043 0.16
136 I 0.121 0.022 0.02 0.02 0.023 0.017 0.024 0.033 0.011 0.141 0.137 0.028 0.025 0.069 0.017 0.045 0.092 0.006 0.034 0.113
137 P 0.049 0.022 0.02 0.027 0.009 0.018 0.031 0.031 0.011 0.022 0.031 0.036 0.009 0.011 0.563 0.038 0.031 0.002 0.011 0.027
138 L 0.043 0.022 0.016 0.016 0.031 0.024 0.021 0.021 0.01 0.162 0.281 0.025 0.05 0.053 0.014 0.03 0.052 0.006 0.02 0.105
139 L 0.056 0.025 0.025 0.023 0.015 0.019 0.026 0.047 0.011 0.1 0.22 0.03 0.036 0.033 0.018 0.081 0.121 0.005 0.017 0.093
140 S 0.089 0.031 0.05 0.036 0.015 0.025 0.038 0.047 0.014 0.047 0.064 0.041 0.017 0.021 0.023 0.206 0.13 0.005 0.016 0.085
141 L 0.039 0.019 0.014 0.014 0.013 0.013 0.018 0.02 0.012 0.144 0.268 0.021 0.045 0.128 0.012 0.023 0.03 0.009 0.054 0.106
142 Y 0.037 0.023 0.019 0.017 0.009 0.018 0.024 0.023 0.033 0.048 0.063 0.026 0.017 0.133 0.013 0.037 0.035 0.072 0.31 0.044
143 G 0.115 0.022 0.03 0.028 0.011 0.018 0.026 0.363 0.012 0.026 0.035 0.031 0.011 0.019 0.035 0.072 0.033 0.057 0.016 0.04
144 L 0.04 0.022 0.014 0.015 0.013 0.016 0.02 0.02 0.013 0.089 0.308 0.024 0.085 0.087 0.013 0.024 0.03 0.009 0.065 0.093
145 D 0.088 0.041 0.074 0.179 0.009 0.076 0.083 0.06 0.045 0.024 0.034 0.079 0.012 0.015 0.021 0.063 0.045 0.004 0.016 0.03
146 D 0.105 0.028 0.09 0.148 0.029 0.024 0.046 0.098 0.017 0.03 0.039 0.039 0.012 0.027 0.021 0.109 0.062 0.005 0.026 0.045
147 G 0.07 0.05 0.07 0.08 0.01 0.074 0.08 0.089 0.044 0.04 0.051 0.058 0.03 0.034 0.019 0.063 0.045 0.023 0.02 0.05
148 R 0.061 0.132 0.057 0.063 0.01 0.029 0.052 0.054 0.017 0.039 0.068 0.071 0.014 0.021 0.127 0.078 0.037 0.005 0.027 0.037
149 A 0.288 0.031 0.026 0.03 0.022 0.026 0.041 0.078 0.015 0.043 0.06 0.045 0.018 0.022 0.03 0.085 0.05 0.005 0.018 0.069
150 K 0.057 0.107 0.042 0.042 0.009 0.054 0.071 0.043 0.021 0.028 0.043 0.276 0.016 0.016 0.028 0.054 0.04 0.005 0.017 0.033
151 R 0.063 0.167 0.046 0.035 0.01 0.028 0.038 0.053 0.016 0.039 0.043 0.06 0.013 0.016 0.164 0.082 0.062 0.004 0.014 0.046
152 L 0.048 0.022 0.017 0.018 0.014 0.016 0.022 0.024 0.015 0.144 0.193 0.025 0.032 0.103 0.014 0.042 0.036 0.01 0.074 0.131
153 L 0.056 0.043 0.025 0.053 0.01 0.027 0.101 0.045 0.017 0.07 0.101 0.058 0.019 0.074 0.033 0.047 0.04 0.041 0.06 0.08
154 P 0.056 0.022 0.02 0.022 0.01 0.017 0.027 0.028 0.031 0.039 0.059 0.029 0.022 0.133 0.247 0.034 0.035 0.01 0.112 0.048
155 V 0.047 0.019 0.015 0.016 0.014 0.014 0.019 0.021 0.009 0.151 0.175 0.023 0.052 0.102 0.03 0.027 0.044 0.007 0.027 0.189
156 L 0.071 0.022 0.016 0.016 0.012 0.016 0.021 0.024 0.021 0.103 0.191 0.025 0.027 0.085 0.014 0.029 0.03 0.013 0.164 0.101
157 V 0.095 0.024 0.033 0.022 0.031 0.019 0.026 0.049 0.012 0.103 0.116 0.03 0.061 0.032 0.017 0.059 0.077 0.023 0.03 0.142
158 I 0.077 0.024 0.036 0.025 0.015 0.019 0.027 0.032 0.012 0.143 0.125 0.031 0.024 0.031 0.018 0.078 0.117 0.006 0.029 0.134
159 L 0.055 0.019 0.016 0.017 0.063 0.014 0.019 0.024 0.011 0.14 0.182 0.023 0.028 0.116 0.014 0.038 0.052 0.007 0.04 0.122
160 L 0.078 0.019 0.015 0.016 0.013 0.014 0.019 0.058 0.01 0.124 0.23 0.023 0.03 0.129 0.014 0.029 0.031 0.007 0.03 0.11
161 S 0.148 0.029 0.037 0.035 0.031 0.024 0.038 0.119 0.014 0.029 0.041 0.04 0.013 0.031 0.04 0.205 0.064 0.005 0.016 0.04
162 F 0.035 0.02 0.015 0.015 0.011 0.021 0.02 0.021 0.017 0.109 0.153 0.021 0.026 0.26 0.011 0.023 0.026 0.013 0.106 0.077
163 L 0.07 0.022 0.039 0.019 0.029 0.016 0.021 0.027 0.015 0.111 0.212 0.025 0.035 0.099 0.014 0.031 0.034 0.026 0.074 0.083
164 L 0.046 0.022 0.019 0.018 0.014 0.016 0.021 0.04 0.011 0.121 0.236 0.025 0.038 0.083 0.015 0.041 0.08 0.007 0.036 0.111
165 I 0.054 0.019 0.015 0.016 0.014 0.014 0.019 0.022 0.009 0.219 0.198 0.023 0.045 0.064 0.014 0.028 0.053 0.006 0.022 0.147
166 L 0.042 0.031 0.02 0.032 0.011 0.027 0.027 0.024 0.032 0.084 0.153 0.034 0.047 0.106 0.014 0.038 0.04 0.028 0.119 0.091
167 L 0.062 0.019 0.016 0.017 0.012 0.014 0.02 0.041 0.013 0.155 0.16 0.023 0.034 0.137 0.013 0.04 0.031 0.034 0.062 0.094
168 I 0.051 0.024 0.018 0.019 0.064 0.036 0.027 0.024 0.011 0.175 0.151 0.029 0.031 0.073 0.015 0.03 0.038 0.007 0.026 0.151
169 L 0.056 0.021 0.018 0.018 0.013 0.015 0.022 0.026 0.012 0.12 0.18 0.024 0.035 0.156 0.014 0.056 0.053 0.008 0.042 0.111
170 S 0.072 0.055 0.029 0.027 0.063 0.032 0.033 0.052 0.013 0.102 0.073 0.059 0.027 0.026 0.019 0.11 0.077 0.005 0.028 0.1
171 R 0.045 0.173 0.071 0.046 0.034 0.032 0.051 0.033 0.018 0.044 0.074 0.109 0.016 0.049 0.018 0.058 0.044 0.006 0.031 0.048
172 L 0.054 0.035 0.031 0.025 0.014 0.037 0.034 0.03 0.014 0.118 0.163 0.068 0.04 0.066 0.017 0.062 0.048 0.007 0.031 0.108
173 I 0.047 0.018 0.015 0.018 0.016 0.013 0.018 0.021 0.009 0.269 0.168 0.024 0.037 0.044 0.015 0.025 0.04 0.006 0.021 0.177
174 K 0.055 0.077 0.125 0.047 0.009 0.049 0.052 0.061 0.021 0.024 0.037 0.136 0.013 0.018 0.067 0.084 0.043 0.035 0.018 0.03
175 L 0.041 0.044 0.018 0.018 0.013 0.03 0.025 0.023 0.013 0.134 0.171 0.03 0.041 0.17 0.013 0.027 0.032 0.009 0.04 0.107
176 L 0.05 0.022 0.021 0.02 0.013 0.016 0.023 0.063 0.013 0.108 0.16 0.026 0.026 0.134 0.015 0.06 0.065 0.009 0.056 0.102
177 N 0.043 0.045 0.317 0.083 0.009 0.034 0.049 0.065 0.032 0.022 0.032 0.054 0.011 0.018 0.02 0.07 0.049 0.004 0.016 0.027
178 P 0.055 0.095 0.043 0.033 0.009 0.031 0.047 0.054 0.015 0.034 0.038 0.138 0.012 0.014 0.208 0.086 0.038 0.004 0.014 0.032
179 L 0.052 0.032 0.02 0.02 0.016 0.028 0.028 0.028 0.016 0.101 0.197 0.036 0.158 0.048 0.016 0.036 0.04 0.008 0.024 0.093
180 L 0.076 0.076 0.049 0.054 0.011 0.027 0.038 0.034 0.014 0.063 0.112 0.111 0.035 0.05 0.059 0.043 0.039 0.005 0.019 0.083
181 I 0.05 0.042 0.019 0.033 0.013 0.017 0.025 0.024 0.01 0.16 0.153 0.044 0.033 0.057 0.081 0.037 0.035 0.005 0.02 0.14
182 K 0.057 0.107 0.042 0.042 0.009 0.054 0.071 0.043 0.021 0.028 0.043 0.278 0.016 0.016 0.028 0.054 0.04 0.005 0.017 0.033
183 I 0.047 0.018 0.015 0.018 0.016 0.013 0.018 0.021 0.009 0.271 0.168 0.024 0.037 0.044 0.015 0.025 0.04 0.006 0.021 0.177
184 S 0.11 0.04 0.054 0.049 0.018 0.033 0.052 0.066 0.019 0.03 0.042 0.054 0.016 0.021 0.03 0.22 0.082 0.005 0.018 0.042
185 K 0.059 0.164 0.046 0.047 0.008 0.038 0.059 0.077 0.019 0.028 0.039 0.19 0.013 0.021 0.02 0.061 0.034 0.006 0.038 0.031
186 L 0.042 0.019 0.013 0.014 0.014 0.013 0.018 0.019 0.009 0.157 0.267 0.021 0.041 0.106 0.012 0.023 0.032 0.007 0.027 0.145
187 P 0.058 0.042 0.023 0.027 0.01 0.021 0.033 0.032 0.012 0.039 0.052 0.068 0.02 0.029 0.371 0.055 0.035 0.003 0.015 0.054
188 V 0.058 0.042 0.03 0.022 0.012 0.038 0.03 0.027 0.018 0.103 0.082 0.054 0.028 0.06 0.016 0.038 0.072 0.026 0.108 0.136
189 L 0.047 0.019 0.015 0.016 0.014 0.014 0.019 0.021 0.009 0.153 0.226 0.023 0.031 0.076 0.046 0.034 0.035 0.006 0.023 0.172
190 K 0.056 0.101 0.046 0.064 0.026 0.045 0.081 0.036 0.03 0.041 0.068 0.162 0.016 0.018 0.021 0.071 0.056 0.005 0.016 0.043
191 N 0.059 0.045 0.147 0.07 0.008 0.069 0.103 0.109 0.047 0.021 0.032 0.09 0.012 0.015 0.02 0.068 0.037 0.005 0.016 0.027
192 R 0.05 0.228 0.04 0.036 0.008 0.051 0.061 0.038 0.022 0.025 0.045 0.201 0.015 0.016 0.023 0.049 0.037 0.005 0.017 0.032
193 E 0.051 0.033 0.027 0.054 0.012 0.039 0.16 0.028 0.017 0.149 0.102 0.049 0.025 0.03 0.02 0.04 0.038 0.006 0.018 0.103
194 G 0.077 0.025 0.092 0.037 0.01 0.02 0.029 0.404 0.015 0.019 0.027 0.035 0.009 0.015 0.018 0.09 0.036 0.005 0.011 0.025
195 R 0.044 0.189 0.04 0.04 0.009 0.035 0.087 0.029 0.018 0.047 0.097 0.099 0.018 0.037 0.045 0.046 0.032 0.006 0.029 0.053
196 L 0.046 0.024 0.015 0.016 0.016 0.018 0.021 0.022 0.011 0.144 0.302 0.027 0.071 0.051 0.014 0.026 0.036 0.007 0.022 0.11
197 K 0.09 0.041 0.092 0.049 0.011 0.027 0.05 0.057 0.018 0.064 0.078 0.106 0.017 0.048 0.019 0.072 0.048 0.006 0.048 0.058
198 L 0.043 0.019 0.015 0.016 0.014 0.014 0.019 0.021 0.009 0.198 0.214 0.023 0.039 0.091 0.03 0.034 0.043 0.006 0.025 0.128
199 L 0.142 0.022 0.021 0.021 0.014 0.017 0.025 0.119 0.012 0.087 0.147 0.029 0.023 0.061 0.034 0.051 0.044 0.006 0.032 0.092
200 L 0.044 0.036 0.029 0.019 0.013 0.017 0.023 0.023 0.012 0.157 0.168 0.047 0.028 0.102 0.014 0.03 0.052 0.007 0.038 0.142
201 F 0.077 0.032 0.018 0.018 0.054 0.015 0.022 0.053 0.014 0.104 0.125 0.026 0.023 0.147 0.014 0.049 0.033 0.009 0.063 0.103
202 I 0.076 0.018 0.015 0.017 0.031 0.013 0.019 0.058 0.009 0.215 0.161 0.023 0.028 0.065 0.014 0.03 0.039 0.006 0.021 0.143
203 S 0.077 0.027 0.03 0.028 0.031 0.021 0.031 0.039 0.013 0.1 0.133 0.034 0.038 0.055 0.019 0.165 0.059 0.006 0.02 0.076
204 L 0.08 0.021 0.019 0.019 0.03 0.015 0.023 0.046 0.012 0.112 0.136 0.025 0.024 0.091 0.015 0.058 0.045 0.057 0.04 0.132
205 L 0.086 0.02 0.018 0.019 0.014 0.015 0.021 0.094 0.01 0.144 0.199 0.025 0.028 0.067 0.015 0.043 0.034 0.006 0.021 0.123
206 L 0.045 0.022 0.018 0.018 0.013 0.016 0.021 0.057 0.012 0.126 0.181 0.025 0.088 0.129 0.014 0.046 0.042 0.008 0.03 0.089
207 V 0.059 0.024 0.024 0.022 0.015 0.018 0.026 0.045 0.013 0.11 0.099 0.029 0.03 0.035 0.017 0.068 0.116 0.007 0.053 0.189
208 L 0.056 0.02 0.016 0.017 0.014 0.014 0.019 0.067 0.009 0.155 0.228 0.023 0.031 0.076 0.014 0.029 0.051 0.006 0.023 0.133
209 Y 0.047 0.02 0.017 0.016 0.01 0.015 0.02 0.039 0.023 0.093 0.129 0.023 0.023 0.185 0.013 0.026 0.026 0.015 0.189 0.071
210 L 0.049 0.021 0.015 0.016 0.015 0.015 0.02 0.021 0.009 0.117 0.268 0.024 0.041 0.051 0.014 0.029 0.063 0.006 0.02 0.186
211 V 0.058 0.021 0.018 0.018 0.013 0.016 0.022 0.025 0.019 0.134 0.093 0.025 0.023 0.096 0.015 0.047 0.045 0.012 0.142 0.159
212 V 0.109 0.021 0.021 0.021 0.033 0.016 0.023 0.132 0.011 0.088 0.114 0.027 0.029 0.085 0.016 0.048 0.045 0.006 0.023 0.133
213 W 0.034 0.023 0.041 0.019 0.009 0.016 0.023 0.028 0.029 0.039 0.094 0.025 0.032 0.077 0.01 0.035 0.035 0.312 0.08 0.038
214 L 0.038 0.022 0.016 0.015 0.012 0.015 0.02 0.021 0.019 0.089 0.255 0.024 0.038 0.117 0.013 0.032 0.028 0.013 0.145 0.068
215 I 0.061 0.019 0.015 0.016 0.013 0.022 0.02 0.023 0.012 0.228 0.148 0.023 0.028 0.113 0.013 0.026 0.032 0.008 0.051 0.128
216 I 0.105 0.024 0.019 0.02 0.014 0.018 0.025 0.032 0.014 0.14 0.127 0.038 0.036 0.072 0.016 0.06 0.037 0.024 0.059 0.121
217 S 0.07 0.073 0.086 0.041 0.013 0.038 0.043 0.047 0.017 0.03 0.042 0.061 0.014 0.018 0.023 0.177 0.146 0.005 0.015 0.041
218 G 0.067 0.02 0.034 0.029 0.009 0.016 0.022 0.578 0.012 0.016 0.024 0.029 0.008 0.014 0.016 0.044 0.026 0.005 0.009 0.021
219 G 0.183 0.022 0.028 0.027 0.013 0.018 0.027 0.342 0.012 0.035 0.042 0.032 0.012 0.017 0.019 0.053 0.033 0.005 0.012 0.067
220 L 0.079 0.049 0.019 0.019 0.014 0.018 0.025 0.028 0.012 0.089 0.229 0.041 0.029 0.063 0.016 0.05 0.045 0.006 0.033 0.136
221 S 0.075 0.057 0.053 0.038 0.011 0.051 0.057 0.106 0.017 0.03 0.046 0.09 0.015 0.07 0.021 0.117 0.078 0.006 0.022 0.038
222 R 0.039 0.204 0.119 0.037 0.008 0.044 0.042 0.035 0.041 0.027 0.045 0.069 0.014 0.064 0.017 0.044 0.045 0.008 0.067 0.031
223 L 0.05 0.019 0.015 0.016 0.013 0.013 0.019 0.023 0.011 0.154 0.205 0.022 0.037 0.156 0.046 0.034 0.031 0.008 0.034 0.095
224 N 0.042 0.038 0.378 0.069 0.008 0.029 0.043 0.056 0.026 0.02 0.028 0.046 0.01 0.016 0.018 0.084 0.045 0.004 0.014 0.024
225 L 0.034 0.019 0.013 0.014 0.012 0.012 0.017 0.02 0.012 0.078 0.286 0.019 0.033 0.253 0.011 0.021 0.025 0.01 0.047 0.066
226 D 0.048 0.03 0.184 0.306 0.007 0.027 0.063 0.063 0.02 0.02 0.026 0.041 0.009 0.014 0.019 0.051 0.035 0.004 0.011 0.023
227 L 0.036 0.019 0.014 0.015 0.012 0.012 0.018 0.021 0.011 0.09 0.283 0.021 0.032 0.198 0.053 0.023 0.027 0.009 0.039 0.069
228 S 0.102 0.051 0.068 0.036 0.014 0.027 0.048 0.044 0.016 0.042 0.098 0.053 0.026 0.025 0.022 0.131 0.117 0.005 0.028 0.05
229 K 0.088 0.059 0.068 0.07 0.009 0.043 0.109 0.04 0.018 0.031 0.075 0.187 0.015 0.018 0.022 0.057 0.036 0.005 0.015 0.036
230 V 0.059 0.019 0.014 0.015 0.016 0.014 0.02 0.021 0.007 0.156 0.114 0.022 0.028 0.031 0.014 0.028 0.042 0.005 0.018 0.357
231 Y 0.035 0.024 0.019 0.016 0.008 0.019 0.024 0.021 0.04 0.038 0.059 0.027 0.016 0.113 0.013 0.027 0.024 0.024 0.412 0.04
232 E 0.046 0.039 0.041 0.192 0.008 0.057 0.206 0.035 0.019 0.027 0.069 0.067 0.014 0.017 0.021 0.061 0.034 0.004 0.014 0.031
233 F 0.043 0.022 0.021 0.019 0.011 0.016 0.023 0.025 0.043 0.068 0.095 0.025 0.021 0.205 0.014 0.034 0.077 0.012 0.112 0.116
234 R 0.038 0.435 0.033 0.027 0.007 0.042 0.045 0.028 0.02 0.02 0.04 0.104 0.013 0.015 0.017 0.038 0.03 0.005 0.015 0.027
235 E 0.111 0.073 0.048 0.108 0.01 0.049 0.207 0.041 0.019 0.023 0.036 0.059 0.012 0.015 0.022 0.077 0.037 0.005 0.014 0.033
236 E 0.093 0.034 0.043 0.098 0.01 0.059 0.155 0.069 0.018 0.063 0.064 0.052 0.016 0.022 0.02 0.046 0.034 0.005 0.027 0.073
237 N 0.041 0.03 0.196 0.042 0.01 0.022 0.031 0.038 0.023 0.06 0.095 0.035 0.026 0.067 0.015 0.05 0.037 0.009 0.091 0.081
238 A 0.154 0.044 0.045 0.048 0.014 0.035 0.051 0.099 0.015 0.041 0.048 0.053 0.015 0.019 0.022 0.145 0.054 0.005 0.015 0.08
239 E 0.1 0.044 0.041 0.07 0.01 0.083 0.19 0.049 0.019 0.028 0.039 0.076 0.014 0.016 0.022 0.085 0.049 0.005 0.015 0.044
240 L 0.047 0.026 0.067 0.026 0.013 0.028 0.027 0.029 0.013 0.097 0.246 0.031 0.045 0.037 0.016 0.054 0.074 0.006 0.03 0.09
241 T 0.104 0.027 0.03 0.029 0.016 0.022 0.032 0.041 0.012 0.121 0.094 0.036 0.022 0.027 0.021 0.116 0.125 0.005 0.017 0.103
242 N 0.091 0.057 0.123 0.102 0.011 0.027 0.044 0.097 0.02 0.026 0.037 0.054 0.012 0.036 0.02 0.114 0.052 0.006 0.039 0.033
243 G 0.072 0.028 0.072 0.032 0.012 0.029 0.041 0.126 0.014 0.077 0.066 0.048 0.017 0.093 0.033 0.059 0.055 0.006 0.024 0.093
244 G 0.078 0.023 0.039 0.034 0.011 0.019 0.026 0.51 0.014 0.019 0.028 0.034 0.009 0.016 0.019 0.051 0.03 0.005 0.011 0.024
245 G 0.059 0.022 0.03 0.027 0.009 0.021 0.025 0.403 0.025 0.032 0.037 0.035 0.011 0.058 0.065 0.044 0.027 0.022 0.019 0.028
246 L 0.043 0.018 0.014 0.015 0.013 0.013 0.018 0.037 0.009 0.173 0.217 0.022 0.039 0.104 0.029 0.024 0.032 0.007 0.027 0.146
247 L 0.042 0.022 0.017 0.017 0.012 0.016 0.021 0.025 0.012 0.082 0.247 0.025 0.068 0.127 0.013 0.052 0.041 0.058 0.034 0.067
248 A 0.203 0.03 0.078 0.049 0.014 0.032 0.038 0.154 0.015 0.028 0.04 0.04 0.013 0.017 0.023 0.111 0.054 0.005 0.014 0.042
249 Y 0.035 0.024 0.019 0.016 0.008 0.019 0.024 0.021 0.04 0.038 0.059 0.027 0.016 0.113 0.013 0.027 0.024 0.024 0.412 0.04
250 L 0.045 0.021 0.018 0.018 0.014 0.015 0.021 0.024 0.01 0.12 0.239 0.025 0.031 0.116 0.014 0.042 0.089 0.007 0.029 0.102
251 N 0.04 0.031 0.243 0.048 0.011 0.023 0.032 0.041 0.019 0.103 0.112 0.037 0.027 0.025 0.016 0.046 0.048 0.005 0.016 0.078
252 N 0.052 0.03 0.157 0.05 0.011 0.024 0.041 0.042 0.017 0.072 0.074 0.039 0.016 0.021 0.102 0.093 0.09 0.004 0.014 0.051
253 W 0.026 0.02 0.013 0.013 0.007 0.013 0.02 0.026 0.013 0.026 0.046 0.02 0.013 0.052 0.007 0.02 0.02 0.562 0.059 0.026
254 V 0.082 0.033 0.026 0.026 0.014 0.092 0.041 0.032 0.014 0.099 0.078 0.041 0.022 0.026 0.019 0.049 0.114 0.006 0.029 0.158
255 Y 0.126 0.025 0.022 0.021 0.011 0.027 0.028 0.101 0.025 0.04 0.059 0.03 0.016 0.113 0.017 0.042 0.039 0.014 0.19 0.054
256 K 0.045 0.062 0.051 0.034 0.008 0.114 0.058 0.034 0.064 0.026 0.042 0.171 0.015 0.036 0.02 0.047 0.032 0.009 0.103 0.031
257 V 0.069 0.02 0.019 0.019 0.015 0.015 0.022 0.043 0.009 0.162 0.104 0.025 0.025 0.057 0.015 0.065 0.043 0.005 0.021 0.246
258 F 0.038 0.017 0.015 0.015 0.012 0.011 0.017 0.021 0.011 0.146 0.143 0.019 0.027 0.261 0.011 0.024 0.038 0.01 0.048 0.116
259 N 0.069 0.035 0.252 0.055 0.011 0.027 0.04 0.085 0.021 0.035 0.037 0.043 0.012 0.017 0.02 0.104 0.083 0.004 0.014 0.036
260 I 0.05 0.021 0.028 0.021 0.013 0.016 0.023 0.025 0.01 0.18 0.139 0.027 0.055 0.031 0.131 0.034 0.048 0.005 0.017 0.127
261 F 0.118 0.023 0.022 0.022 0.013 0.017 0.026 0.052 0.016 0.06 0.119 0.029 0.029 0.158 0.017 0.067 0.063 0.01 0.081 0.057
262 L 0.05 0.021 0.013 0.014 0.014 0.014 0.018 0.021 0.009 0.105 0.379 0.023 0.054 0.07 0.013 0.024 0.03 0.007 0.023 0.099
263 L 0.049 0.019 0.014 0.015 0.013 0.013 0.018 0.021 0.01 0.197 0.243 0.022 0.056 0.107 0.012 0.024 0.031 0.007 0.027 0.104
264 A 0.154 0.023 0.024 0.024 0.092 0.019 0.028 0.092 0.011 0.085 0.079 0.031 0.019 0.023 0.019 0.1 0.044 0.005 0.015 0.116
265 Y 0.035 0.02 0.015 0.015 0.01 0.014 0.02 0.021 0.021 0.087 0.138 0.022 0.023 0.151 0.011 0.024 0.026 0.098 0.167 0.081
266 A 0.193 0.024 0.025 0.025 0.036 0.019 0.029 0.147 0.013 0.037 0.066 0.032 0.016 0.11 0.02 0.089 0.038 0.007 0.026 0.047
267 L 0.039 0.021 0.013 0.013 0.014 0.014 0.018 0.019 0.01 0.114 0.421 0.022 0.048 0.048 0.012 0.021 0.029 0.007 0.031 0.086
268 Y 0.047 0.026 0.018 0.019 0.01 0.018 0.035 0.026 0.02 0.067 0.128 0.046 0.029 0.117 0.013 0.036 0.027 0.13 0.136 0.052
269 K 0.054 0.131 0.078 0.048 0.008 0.043 0.047 0.069 0.022 0.025 0.041 0.169 0.013 0.043 0.019 0.043 0.032 0.008 0.076 0.03
270 R 0.044 0.253 0.035 0.032 0.007 0.052 0.054 0.033 0.019 0.022 0.039 0.24 0.013 0.014 0.02 0.043 0.032 0.005 0.015 0.028
271 K 0.043 0.157 0.114 0.04 0.007 0.047 0.051 0.038 0.033 0.032 0.039 0.2 0.013 0.017 0.02 0.045 0.034 0.021 0.017 0.03
272 Y 0.036 0.078 0.021 0.019 0.008 0.022 0.028 0.041 0.028 0.035 0.058 0.066 0.016 0.136 0.013 0.029 0.025 0.083 0.222 0.036
273 L 0.051 0.041 0.042 0.022 0.011 0.023 0.026 0.044 0.013 0.083 0.201 0.059 0.026 0.107 0.022 0.039 0.031 0.057 0.031 0.069
274 L 0.054 0.023 0.017 0.017 0.013 0.016 0.022 0.04 0.013 0.104 0.269 0.035 0.031 0.062 0.031 0.039 0.036 0.025 0.063 0.091
275 L 0.119 0.021 0.017 0.018 0.047 0.015 0.023 0.033 0.011 0.103 0.136 0.025 0.032 0.123 0.016 0.046 0.045 0.007 0.029 0.133
276 L 0.073 0.019 0.017 0.017 0.054 0.014 0.019 0.087 0.01 0.096 0.173 0.023 0.026 0.127 0.014 0.031 0.036 0.007 0.029 0.129
277 L 0.066 0.02 0.015 0.017 0.014 0.014 0.02 0.029 0.009 0.162 0.243 0.024 0.032 0.064 0.014 0.037 0.044 0.006 0.021 0.147
278 L 0.071 0.021 0.019 0.019 0.03 0.015 0.022 0.094 0.011 0.095 0.187 0.025 0.034 0.099 0.015 0.05 0.044 0.007 0.026 0.12
279 L 0.043 0.019 0.014 0.015 0.047 0.013 0.018 0.02 0.009 0.149 0.249 0.021 0.032 0.098 0.013 0.025 0.041 0.007 0.026 0.141
280 L 0.088 0.02 0.019 0.019 0.013 0.015 0.021 0.127 0.01 0.131 0.172 0.025 0.033 0.085 0.015 0.034 0.041 0.006 0.023 0.102
281 L 0.088 0.02 0.015 0.016 0.048 0.015 0.02 0.043 0.009 0.141 0.224 0.024 0.045 0.035 0.015 0.031 0.035 0.005 0.017 0.152
282 Q 0.048 0.058 0.037 0.039 0.008 0.278 0.081 0.035 0.051 0.024 0.042 0.072 0.017 0.031 0.02 0.054 0.035 0.006 0.033 0.031
283 V 0.051 0.019 0.015 0.016 0.015 0.014 0.019 0.021 0.008 0.191 0.187 0.023 0.031 0.035 0.014 0.028 0.053 0.005 0.018 0.238
284 F 0.036 0.02 0.016 0.015 0.011 0.013 0.019 0.022 0.018 0.083 0.179 0.021 0.026 0.239 0.012 0.032 0.027 0.013 0.127 0.07
285 F 0.033 0.018 0.014 0.014 0.011 0.011 0.017 0.021 0.014 0.092 0.185 0.019 0.027 0.282 0.01 0.022 0.025 0.045 0.077 0.064
286 F 0.03 0.018 0.015 0.015 0.009 0.011 0.018 0.022 0.018 0.052 0.092 0.018 0.021 0.417 0.01 0.023 0.022 0.016 0.127 0.046
287 G 0.142 0.025 0.034 0.031 0.013 0.021 0.03 0.343 0.013 0.023 0.033 0.035 0.011 0.016 0.021 0.119 0.04 0.005 0.012 0.033
288 I 0.086 0.022 0.016 0.017 0.015 0.018 0.022 0.027 0.011 0.184 0.133 0.027 0.11 0.051 0.015 0.032 0.036 0.006 0.032 0.141
289 T 0.12 0.031 0.071 0.037 0.015 0.025 0.038 0.049 0.015 0.048 0.05 0.041 0.016 0.02 0.023 0.156 0.164 0.005 0.015 0.061
290 G 0.142 0.03 0.115 0.041 0.013 0.024 0.036 0.157 0.016 0.028 0.038 0.04 0.012 0.017 0.022 0.127 0.084 0.005 0.014 0.039
291 H 0.036 0.034 0.048 0.029 0.008 0.035 0.039 0.031 0.301 0.033 0.062 0.035 0.016 0.121 0.015 0.034 0.025 0.008 0.051 0.039
292 K 0.049 0.098 0.036 0.036 0.007 0.046 0.061 0.037 0.018 0.024 0.037 0.374 0.013 0.013 0.024 0.046 0.034 0.004 0.015 0.028
293 S 0.135 0.032 0.041 0.038 0.016 0.027 0.042 0.056 0.015 0.041 0.055 0.044 0.015 0.02 0.025 0.263 0.073 0.005 0.015 0.045
294 V 0.046 0.019 0.016 0.017 0.013 0.014 0.02 0.022 0.026 0.159 0.12 0.023 0.033 0.134 0.013 0.034 0.034 0.009 0.067 0.181
295 L 0.038 0.021 0.012 0.013 0.014 0.014 0.017 0.019 0.009 0.097 0.44 0.021 0.041 0.073 0.012 0.021 0.028 0.007 0.023 0.081
296 F 0.03 0.017 0.015 0.015 0.009 0.01 0.017 0.022 0.016 0.056 0.118 0.017 0.023 0.424 0.01 0.022 0.022 0.015 0.093 0.049
297 A 0.148 0.024 0.021 0.022 0.014 0.019 0.027 0.039 0.016 0.097 0.137 0.031 0.023 0.068 0.018 0.073 0.055 0.009 0.08 0.079
298 P 0.069 0.022 0.019 0.025 0.01 0.018 0.03 0.032 0.011 0.049 0.057 0.034 0.02 0.015 0.464 0.038 0.032 0.003 0.012 0.04
299 L 0.053 0.019 0.014 0.015 0.014 0.013 0.019 0.022 0.01 0.145 0.199 0.022 0.037 0.136 0.029 0.026 0.032 0.007 0.031 0.157
300 L 0.04 0.021 0.013 0.014 0.014 0.014 0.018 0.019 0.009 0.111 0.371 0.022 0.059 0.071 0.012 0.023 0.03 0.007 0.023 0.109
301 V 0.083 0.019 0.015 0.017 0.016 0.015 0.021 0.025 0.008 0.186 0.156 0.024 0.029 0.033 0.015 0.039 0.04 0.005 0.018 0.237
302 L 0.05 0.019 0.015 0.016 0.013 0.013 0.018 0.038 0.011 0.156 0.206 0.022 0.037 0.145 0.029 0.025 0.03 0.008 0.044 0.105
303 G 0.084 0.022 0.03 0.027 0.012 0.018 0.026 0.3 0.012 0.053 0.063 0.03 0.015 0.074 0.017 0.092 0.036 0.006 0.02 0.062
304 V 0.05 0.019 0.016 0.017 0.014 0.014 0.02 0.022 0.009 0.186 0.178 0.023 0.03 0.075 0.014 0.044 0.047 0.006 0.023 0.193
305 W 0.045 0.024 0.019 0.017 0.008 0.026 0.026 0.043 0.037 0.033 0.062 0.027 0.015 0.071 0.012 0.036 0.025 0.249 0.191 0.035
306 F 0.036 0.02 0.016 0.015 0.018 0.014 0.02 0.022 0.021 0.078 0.102 0.022 0.037 0.225 0.011 0.025 0.026 0.048 0.162 0.083
307 Y 0.048 0.021 0.016 0.015 0.01 0.015 0.021 0.023 0.023 0.08 0.124 0.023 0.022 0.136 0.012 0.026 0.027 0.065 0.198 0.093
308 F 0.069 0.024 0.018 0.02 0.011 0.024 0.034 0.045 0.014 0.058 0.149 0.035 0.024 0.258 0.013 0.039 0.028 0.027 0.049 0.061
309 R 0.054 0.177 0.064 0.037 0.009 0.046 0.059 0.088 0.032 0.022 0.036 0.151 0.013 0.015 0.02 0.091 0.038 0.005 0.015 0.028
310 R 0.045 0.184 0.057 0.035 0.008 0.039 0.068 0.034 0.027 0.029 0.05 0.158 0.03 0.043 0.019 0.056 0.034 0.007 0.044 0.033
311 T 0.056 0.091 0.034 0.031 0.011 0.03 0.04 0.052 0.029 0.049 0.052 0.117 0.016 0.038 0.037 0.086 0.132 0.006 0.042 0.051
312 K 0.045 0.079 0.122 0.095 0.008 0.041 0.05 0.04 0.022 0.025 0.039 0.137 0.013 0.051 0.036 0.071 0.037 0.007 0.054 0.029
313 A 0.121 0.031 0.041 0.03 0.014 0.032 0.035 0.059 0.027 0.065 0.105 0.048 0.027 0.025 0.037 0.117 0.082 0.022 0.018 0.065
314 K 0.05 0.117 0.036 0.034 0.009 0.044 0.057 0.037 0.027 0.03 0.049 0.205 0.016 0.044 0.023 0.046 0.035 0.011 0.096 0.035
315 N 0.041 0.041 0.288 0.136 0.009 0.032 0.055 0.061 0.029 0.022 0.03 0.051 0.011 0.017 0.02 0.065 0.046 0.004 0.015 0.026
316 N 0.042 0.09 0.178 0.051 0.01 0.031 0.041 0.045 0.028 0.041 0.099 0.055 0.019 0.042 0.018 0.05 0.04 0.009 0.07 0.042
317 L 0.047 0.02 0.015 0.016 0.015 0.014 0.019 0.022 0.01 0.171 0.224 0.023 0.037 0.105 0.014 0.026 0.036 0.008 0.032 0.145
318 L 0.071 0.021 0.014 0.015 0.014 0.015 0.019 0.04 0.011 0.103 0.349 0.024 0.044 0.071 0.014 0.027 0.03 0.007 0.034 0.08
319 L 0.073 0.029 0.06 0.032 0.012 0.023 0.052 0.036 0.015 0.087 0.13 0.045 0.037 0.083 0.034 0.098 0.05 0.007 0.036 0.061
320 V 0.047 0.023 0.018 0.018 0.013 0.017 0.022 0.023 0.014 0.144 0.144 0.036 0.041 0.059 0.031 0.035 0.058 0.025 0.08 0.152
