#Seq2Logo.py -f /work3/idamei/ssn-clusterings/clustering/2205111239/clusters/0010_131/sequences.afa -o /work3/idamei/ssn-clusterings/clustering/2205111239/clusters/0010_131/sequences.logo
#Position Specific Frequency Matrix
A R N D C Q E G H I L K M F P S T W Y V
0 L 0.051 0.031 0.019 0.019 0.016 0.027 0.027 0.027 0.016 0.097 0.191 0.035 0.187 0.047 0.016 0.035 0.039 0.008 0.023 0.089
1 V 0.067 0.024 0.022 0.022 0.018 0.018 0.026 0.028 0.009 0.151 0.117 0.029 0.029 0.033 0.018 0.044 0.095 0.006 0.02 0.225
2 F 0.036 0.022 0.019 0.017 0.01 0.015 0.022 0.024 0.03 0.052 0.09 0.024 0.022 0.276 0.013 0.027 0.026 0.021 0.204 0.05
3 L 0.08 0.023 0.015 0.017 0.016 0.016 0.022 0.028 0.01 0.151 0.288 0.027 0.041 0.046 0.016 0.032 0.036 0.006 0.021 0.11
4 F 0.059 0.02 0.016 0.017 0.014 0.013 0.02 0.027 0.013 0.111 0.154 0.022 0.029 0.235 0.013 0.029 0.032 0.011 0.055 0.107
5 L 0.06 0.024 0.019 0.019 0.017 0.017 0.024 0.025 0.009 0.129 0.207 0.028 0.035 0.039 0.017 0.037 0.072 0.006 0.02 0.196
6 L 0.044 0.023 0.014 0.015 0.048 0.015 0.019 0.021 0.01 0.107 0.373 0.024 0.046 0.051 0.014 0.025 0.033 0.007 0.021 0.091
7 F 0.047 0.024 0.021 0.021 0.013 0.017 0.024 0.029 0.015 0.072 0.169 0.026 0.05 0.236 0.014 0.055 0.035 0.012 0.056 0.064
8 F 0.034 0.021 0.018 0.017 0.01 0.013 0.021 0.024 0.024 0.056 0.099 0.022 0.023 0.332 0.012 0.026 0.025 0.019 0.154 0.051
9 C 0.062 0.018 0.019 0.019 0.371 0.014 0.019 0.031 0.009 0.078 0.076 0.023 0.019 0.023 0.017 0.044 0.067 0.004 0.014 0.072
10 T 0.112 0.035 0.042 0.038 0.018 0.028 0.042 0.052 0.015 0.044 0.056 0.046 0.018 0.022 0.028 0.13 0.19 0.005 0.017 0.061
11 F 0.079 0.023 0.02 0.02 0.014 0.016 0.024 0.032 0.013 0.086 0.177 0.027 0.03 0.185 0.016 0.041 0.064 0.01 0.046 0.076
12 Y 0.04 0.026 0.02 0.018 0.01 0.02 0.026 0.024 0.04 0.076 0.079 0.029 0.02 0.115 0.015 0.029 0.029 0.024 0.297 0.062
13 F 0.04 0.022 0.017 0.017 0.013 0.015 0.021 0.024 0.014 0.106 0.173 0.024 0.07 0.227 0.013 0.027 0.031 0.012 0.054 0.082
14 Y 0.074 0.027 0.022 0.019 0.01 0.022 0.029 0.031 0.041 0.042 0.065 0.032 0.018 0.113 0.017 0.037 0.03 0.024 0.3 0.048
15 L 0.093 0.027 0.027 0.026 0.016 0.02 0.029 0.099 0.012 0.096 0.193 0.033 0.03 0.035 0.02 0.07 0.07 0.006 0.018 0.081
16 I 0.054 0.019 0.015 0.017 0.017 0.014 0.019 0.021 0.008 0.244 0.149 0.024 0.034 0.04 0.015 0.027 0.042 0.006 0.02 0.217
17 E 0.052 0.06 0.042 0.065 0.008 0.103 0.2 0.037 0.069 0.023 0.039 0.102 0.015 0.017 0.024 0.052 0.036 0.006 0.022 0.03
18 K 0.05 0.155 0.077 0.048 0.008 0.049 0.093 0.041 0.023 0.024 0.04 0.196 0.014 0.016 0.024 0.052 0.038 0.005 0.016 0.03
19 Y 0.046 0.025 0.02 0.019 0.012 0.019 0.025 0.024 0.032 0.105 0.091 0.029 0.023 0.093 0.016 0.033 0.047 0.019 0.22 0.101
20 S 0.11 0.04 0.054 0.049 0.018 0.033 0.052 0.066 0.019 0.03 0.042 0.054 0.016 0.021 0.03 0.22 0.082 0.005 0.018 0.042
21 T 0.073 0.036 0.043 0.038 0.018 0.028 0.039 0.043 0.014 0.053 0.065 0.045 0.02 0.024 0.028 0.093 0.246 0.006 0.018 0.071
22 R 0.045 0.345 0.039 0.031 0.008 0.048 0.052 0.033 0.023 0.023 0.047 0.12 0.016 0.017 0.019 0.045 0.035 0.006 0.017 0.031
23 N 0.043 0.045 0.317 0.083 0.009 0.034 0.049 0.065 0.032 0.022 0.032 0.054 0.011 0.018 0.02 0.07 0.049 0.004 0.016 0.027
24 K 0.06 0.153 0.041 0.038 0.01 0.045 0.058 0.042 0.02 0.029 0.045 0.192 0.016 0.017 0.025 0.079 0.072 0.005 0.017 0.037
25 V 0.093 0.025 0.022 0.023 0.017 0.019 0.028 0.034 0.011 0.11 0.13 0.033 0.027 0.031 0.081 0.049 0.086 0.005 0.018 0.157
26 S 0.068 0.087 0.101 0.047 0.011 0.035 0.049 0.111 0.066 0.024 0.037 0.088 0.013 0.019 0.023 0.113 0.05 0.005 0.021 0.031
27 R 0.045 0.343 0.039 0.031 0.008 0.049 0.052 0.033 0.023 0.023 0.047 0.121 0.016 0.017 0.019 0.045 0.035 0.006 0.017 0.031
28 N 0.043 0.045 0.315 0.083 0.009 0.034 0.05 0.065 0.032 0.023 0.032 0.054 0.011 0.018 0.02 0.07 0.05 0.005 0.016 0.027
29 V 0.07 0.022 0.017 0.018 0.019 0.017 0.023 0.025 0.008 0.165 0.131 0.026 0.032 0.036 0.017 0.033 0.05 0.006 0.021 0.267
30 F 0.034 0.019 0.017 0.017 0.011 0.011 0.019 0.025 0.017 0.064 0.114 0.019 0.025 0.385 0.011 0.025 0.025 0.017 0.089 0.055
31 L 0.045 0.024 0.014 0.015 0.016 0.016 0.02 0.021 0.01 0.116 0.374 0.025 0.05 0.055 0.014 0.024 0.033 0.007 0.022 0.096
32 Y 0.041 0.028 0.022 0.019 0.009 0.022 0.028 0.025 0.047 0.044 0.069 0.031 0.019 0.131 0.016 0.031 0.028 0.028 0.316 0.047
33 F 0.042 0.023 0.019 0.019 0.013 0.015 0.022 0.025 0.017 0.1 0.177 0.025 0.03 0.19 0.014 0.033 0.059 0.013 0.085 0.079
34 L 0.046 0.022 0.018 0.018 0.015 0.015 0.021 0.024 0.011 0.155 0.246 0.026 0.038 0.09 0.015 0.032 0.063 0.008 0.029 0.109
35 L 0.114 0.023 0.017 0.019 0.017 0.017 0.024 0.035 0.01 0.146 0.219 0.029 0.035 0.04 0.018 0.039 0.04 0.006 0.02 0.131
36 L 0.043 0.025 0.02 0.019 0.013 0.018 0.024 0.027 0.018 0.071 0.173 0.027 0.048 0.147 0.014 0.034 0.059 0.075 0.083 0.066
37 L 0.039 0.021 0.015 0.016 0.014 0.013 0.019 0.022 0.012 0.116 0.26 0.022 0.038 0.185 0.012 0.024 0.03 0.01 0.045 0.088
38 P 0.055 0.025 0.023 0.03 0.01 0.02 0.035 0.035 0.012 0.025 0.035 0.04 0.01 0.012 0.511 0.042 0.035 0.003 0.012 0.03
39 P 0.152 0.027 0.023 0.029 0.014 0.022 0.037 0.05 0.013 0.031 0.043 0.041 0.013 0.016 0.33 0.057 0.04 0.004 0.014 0.044
40 F 0.036 0.019 0.016 0.016 0.012 0.011 0.018 0.023 0.015 0.097 0.153 0.02 0.029 0.318 0.011 0.024 0.027 0.014 0.07 0.073
41 L 0.051 0.022 0.017 0.018 0.016 0.016 0.021 0.023 0.01 0.17 0.267 0.026 0.04 0.045 0.015 0.039 0.039 0.006 0.021 0.139
42 L 0.065 0.021 0.016 0.017 0.016 0.015 0.021 0.026 0.011 0.132 0.19 0.024 0.033 0.133 0.015 0.03 0.037 0.008 0.037 0.154
43 Y 0.039 0.027 0.021 0.018 0.009 0.021 0.027 0.024 0.045 0.042 0.066 0.03 0.018 0.126 0.015 0.03 0.027 0.027 0.341 0.045
44 F 0.036 0.019 0.016 0.016 0.012 0.011 0.018 0.023 0.015 0.097 0.153 0.02 0.029 0.318 0.011 0.024 0.027 0.014 0.07 0.073
45 L 0.051 0.026 0.02 0.02 0.015 0.018 0.024 0.027 0.012 0.093 0.291 0.028 0.059 0.092 0.015 0.053 0.038 0.008 0.029 0.081
46 V 0.058 0.02 0.015 0.017 0.017 0.015 0.02 0.022 0.008 0.207 0.156 0.024 0.034 0.039 0.015 0.028 0.043 0.006 0.02 0.235
47 A 0.21 0.034 0.039 0.038 0.019 0.028 0.045 0.07 0.016 0.035 0.049 0.048 0.016 0.021 0.029 0.164 0.064 0.005 0.017 0.053
48 G 0.173 0.029 0.037 0.035 0.016 0.024 0.037 0.242 0.015 0.03 0.042 0.041 0.014 0.019 0.025 0.111 0.049 0.005 0.014 0.044
49 L 0.046 0.025 0.017 0.017 0.016 0.017 0.022 0.023 0.01 0.104 0.355 0.027 0.044 0.049 0.015 0.032 0.062 0.007 0.021 0.09
50 Q 0.054 0.071 0.043 0.046 0.009 0.241 0.099 0.04 0.028 0.026 0.046 0.088 0.02 0.014 0.023 0.054 0.04 0.006 0.02 0.034
51 Y 0.038 0.025 0.02 0.018 0.009 0.019 0.025 0.024 0.04 0.046 0.074 0.028 0.019 0.179 0.014 0.029 0.027 0.025 0.293 0.047
52 N 0.053 0.038 0.226 0.062 0.01 0.029 0.043 0.116 0.029 0.025 0.036 0.047 0.012 0.031 0.02 0.083 0.047 0.007 0.056 0.03
53 V 0.068 0.021 0.016 0.017 0.019 0.016 0.023 0.024 0.008 0.159 0.126 0.025 0.031 0.034 0.016 0.032 0.048 0.005 0.02 0.294
54 G 0.076 0.022 0.038 0.033 0.01 0.018 0.025 0.527 0.013 0.018 0.027 0.033 0.009 0.016 0.018 0.05 0.029 0.005 0.01 0.023
55 S 0.11 0.037 0.048 0.043 0.017 0.03 0.047 0.059 0.017 0.035 0.047 0.05 0.016 0.021 0.028 0.197 0.125 0.005 0.017 0.049
56 D 0.04 0.029 0.067 0.418 0.007 0.029 0.088 0.045 0.018 0.022 0.027 0.043 0.009 0.014 0.022 0.05 0.034 0.004 0.011 0.023
57 Y 0.039 0.027 0.021 0.018 0.009 0.021 0.027 0.024 0.045 0.042 0.066 0.03 0.018 0.126 0.015 0.03 0.027 0.027 0.341 0.045
58 P 0.048 0.023 0.02 0.025 0.011 0.017 0.029 0.031 0.013 0.045 0.099 0.033 0.018 0.116 0.323 0.036 0.032 0.007 0.032 0.044
59 S 0.106 0.039 0.052 0.047 0.017 0.032 0.051 0.064 0.019 0.029 0.04 0.052 0.015 0.02 0.029 0.246 0.079 0.005 0.017 0.04
60 Y 0.039 0.027 0.021 0.018 0.009 0.021 0.027 0.024 0.045 0.042 0.066 0.03 0.018 0.126 0.015 0.03 0.027 0.027 0.341 0.045
61 I 0.053 0.02 0.019 0.021 0.016 0.015 0.021 0.025 0.01 0.262 0.147 0.026 0.033 0.04 0.016 0.052 0.044 0.006 0.02 0.154
62 Y 0.048 0.03 0.033 0.073 0.01 0.024 0.039 0.032 0.059 0.037 0.056 0.035 0.016 0.093 0.018 0.06 0.034 0.02 0.241 0.04
63 I 0.046 0.017 0.014 0.017 0.016 0.013 0.017 0.02 0.009 0.296 0.162 0.023 0.036 0.043 0.014 0.024 0.038 0.006 0.02 0.171
64 Y 0.038 0.026 0.02 0.018 0.009 0.02 0.026 0.024 0.042 0.045 0.072 0.029 0.019 0.162 0.014 0.029 0.027 0.026 0.309 0.046
65 E 0.053 0.049 0.039 0.085 0.007 0.074 0.306 0.034 0.025 0.022 0.036 0.074 0.013 0.016 0.025 0.053 0.036 0.005 0.016 0.03
66 N 0.041 0.042 0.306 0.122 0.009 0.032 0.053 0.061 0.029 0.022 0.03 0.051 0.011 0.017 0.02 0.065 0.046 0.004 0.015 0.026
67 P 0.057 0.045 0.032 0.036 0.01 0.117 0.062 0.037 0.019 0.059 0.056 0.06 0.018 0.017 0.205 0.058 0.04 0.004 0.017 0.05
68 W 0.042 0.027 0.022 0.028 0.009 0.023 0.063 0.034 0.016 0.028 0.048 0.032 0.014 0.048 0.012 0.054 0.031 0.383 0.054 0.031
69 Q 0.056 0.074 0.044 0.047 0.009 0.215 0.103 0.041 0.029 0.026 0.047 0.091 0.021 0.015 0.024 0.056 0.041 0.006 0.021 0.035
70 V 0.058 0.065 0.019 0.019 0.016 0.02 0.026 0.024 0.014 0.144 0.113 0.037 0.028 0.045 0.016 0.032 0.042 0.008 0.06 0.214
71 L 0.042 0.027 0.019 0.018 0.014 0.02 0.025 0.025 0.057 0.088 0.283 0.028 0.057 0.05 0.014 0.027 0.031 0.07 0.032 0.076
72 D 0.05 0.037 0.047 0.19 0.009 0.061 0.131 0.099 0.019 0.033 0.078 0.053 0.016 0.02 0.021 0.048 0.034 0.005 0.015 0.035
73 R 0.046 0.225 0.036 0.032 0.008 0.044 0.053 0.035 0.021 0.029 0.052 0.174 0.016 0.065 0.021 0.044 0.034 0.007 0.025 0.034
74 Y 0.039 0.027 0.021 0.018 0.009 0.021 0.027 0.024 0.045 0.042 0.066 0.03 0.018 0.126 0.015 0.03 0.027 0.027 0.341 0.045
75 F 0.035 0.019 0.017 0.017 0.011 0.012 0.019 0.024 0.019 0.088 0.111 0.02 0.025 0.327 0.011 0.025 0.027 0.016 0.109 0.067
76 N 0.042 0.038 0.265 0.115 0.009 0.03 0.049 0.055 0.026 0.056 0.046 0.047 0.014 0.02 0.019 0.06 0.045 0.004 0.015 0.044
77 S 0.081 0.091 0.046 0.043 0.014 0.062 0.057 0.051 0.02 0.03 0.045 0.095 0.016 0.019 0.026 0.153 0.088 0.005 0.017 0.041
78 G 0.077 0.046 0.04 0.034 0.011 0.022 0.03 0.438 0.014 0.02 0.03 0.04 0.01 0.016 0.02 0.074 0.035 0.005 0.012 0.026
79 E 0.053 0.048 0.039 0.087 0.007 0.062 0.32 0.034 0.025 0.021 0.036 0.073 0.012 0.016 0.025 0.053 0.036 0.005 0.016 0.03
80 Y 0.037 0.024 0.019 0.017 0.009 0.017 0.024 0.024 0.034 0.049 0.083 0.026 0.02 0.232 0.013 0.028 0.026 0.023 0.245 0.048
81 F 0.039 0.021 0.019 0.019 0.012 0.013 0.021 0.026 0.015 0.066 0.14 0.022 0.027 0.315 0.013 0.033 0.056 0.014 0.069 0.06
82 F 0.033 0.018 0.016 0.016 0.01 0.01 0.018 0.025 0.016 0.061 0.11 0.018 0.025 0.408 0.01 0.025 0.025 0.016 0.086 0.053
83 Y 0.074 0.027 0.022 0.019 0.01 0.022 0.029 0.031 0.041 0.042 0.065 0.032 0.018 0.113 0.017 0.037 0.03 0.024 0.3 0.048
84 Y 0.039 0.027 0.021 0.018 0.009 0.021 0.027 0.024 0.045 0.042 0.066 0.03 0.018 0.126 0.015 0.03 0.027 0.027 0.341 0.045
85 S 0.13 0.032 0.038 0.036 0.017 0.026 0.04 0.055 0.015 0.075 0.103 0.043 0.022 0.027 0.025 0.16 0.062 0.005 0.018 0.068
86 N 0.041 0.041 0.299 0.072 0.01 0.03 0.044 0.058 0.028 0.033 0.076 0.049 0.015 0.022 0.019 0.062 0.046 0.005 0.016 0.034
87 I 0.052 0.046 0.027 0.034 0.013 0.031 0.071 0.03 0.014 0.141 0.133 0.102 0.027 0.031 0.02 0.043 0.066 0.006 0.018 0.096
88 I 0.04 0.018 0.015 0.017 0.014 0.012 0.018 0.022 0.012 0.185 0.172 0.021 0.033 0.181 0.013 0.024 0.032 0.01 0.045 0.117
89 L 0.043 0.023 0.014 0.015 0.016 0.016 0.02 0.021 0.01 0.111 0.397 0.024 0.048 0.053 0.014 0.023 0.032 0.007 0.022 0.093
90 N 0.052 0.044 0.229 0.078 0.009 0.04 0.116 0.056 0.028 0.023 0.033 0.057 0.012 0.017 0.022 0.086 0.049 0.005 0.016 0.029
91 Y 0.039 0.035 0.066 0.031 0.009 0.05 0.04 0.033 0.075 0.036 0.059 0.039 0.017 0.113 0.015 0.037 0.03 0.078 0.158 0.038
92 F 0.038 0.02 0.015 0.016 0.013 0.013 0.019 0.022 0.013 0.109 0.224 0.021 0.035 0.229 0.012 0.024 0.029 0.011 0.053 0.083
93 E 0.054 0.1 0.096 0.064 0.008 0.05 0.156 0.043 0.024 0.023 0.038 0.131 0.013 0.016 0.024 0.066 0.041 0.005 0.016 0.03
94 L 0.063 0.024 0.02 0.02 0.014 0.016 0.024 0.031 0.014 0.075 0.206 0.026 0.032 0.202 0.015 0.055 0.036 0.011 0.049 0.067
95 P 0.053 0.04 0.03 0.039 0.009 0.031 0.077 0.036 0.061 0.024 0.036 0.077 0.011 0.015 0.328 0.045 0.034 0.004 0.019 0.029
96 P 0.079 0.032 0.038 0.038 0.014 0.026 0.042 0.049 0.015 0.03 0.041 0.046 0.013 0.017 0.239 0.137 0.084 0.004 0.015 0.039
97 Q 0.054 0.071 0.043 0.046 0.009 0.241 0.099 0.04 0.028 0.026 0.046 0.088 0.02 0.014 0.023 0.054 0.04 0.006 0.02 0.034
98 S 0.145 0.032 0.039 0.037 0.016 0.026 0.04 0.12 0.017 0.035 0.052 0.043 0.016 0.068 0.025 0.153 0.058 0.007 0.025 0.046
99 I 0.048 0.018 0.014 0.017 0.016 0.014 0.018 0.02 0.009 0.256 0.187 0.023 0.036 0.043 0.014 0.025 0.039 0.006 0.02 0.176
100 F 0.033 0.018 0.016 0.016 0.01 0.01 0.018 0.025 0.016 0.061 0.11 0.018 0.025 0.408 0.01 0.025 0.025 0.016 0.086 0.053
101 F 0.036 0.019 0.016 0.016 0.012 0.011 0.018 0.023 0.015 0.097 0.153 0.02 0.029 0.318 0.011 0.024 0.027 0.014 0.07 0.073
102 V 0.095 0.023 0.017 0.018 0.018 0.017 0.024 0.03 0.009 0.138 0.151 0.027 0.031 0.035 0.017 0.037 0.046 0.005 0.02 0.24
103 F 0.034 0.018 0.016 0.016 0.011 0.011 0.018 0.024 0.015 0.091 0.117 0.019 0.026 0.362 0.011 0.024 0.026 0.015 0.078 0.068
104 S 0.154 0.036 0.044 0.041 0.018 0.03 0.046 0.064 0.017 0.035 0.048 0.049 0.016 0.021 0.028 0.186 0.096 0.005 0.017 0.05
105 F 0.037 0.019 0.015 0.016 0.012 0.012 0.018 0.023 0.014 0.103 0.188 0.02 0.032 0.273 0.012 0.024 0.028 0.013 0.061 0.078
106 V 0.087 0.021 0.017 0.018 0.017 0.015 0.022 0.029 0.01 0.175 0.127 0.026 0.03 0.082 0.016 0.035 0.042 0.007 0.028 0.197
107 Q 0.054 0.071 0.043 0.046 0.009 0.241 0.099 0.04 0.028 0.026 0.046 0.088 0.02 0.014 0.023 0.054 0.04 0.006 0.02 0.034
108 S 0.102 0.038 0.051 0.046 0.017 0.031 0.049 0.061 0.018 0.032 0.043 0.051 0.016 0.021 0.028 0.227 0.103 0.005 0.017 0.044
109 L 0.048 0.021 0.015 0.016 0.016 0.014 0.02 0.022 0.01 0.163 0.235 0.023 0.038 0.09 0.014 0.026 0.037 0.007 0.029 0.158
110 F 0.037 0.02 0.017 0.018 0.011 0.012 0.021 0.025 0.015 0.063 0.137 0.022 0.026 0.314 0.073 0.027 0.027 0.013 0.069 0.055
111 I 0.047 0.018 0.016 0.018 0.016 0.014 0.018 0.021 0.009 0.28 0.156 0.024 0.035 0.041 0.015 0.028 0.053 0.006 0.02 0.164
112 F 0.033 0.018 0.016 0.016 0.01 0.01 0.018 0.025 0.016 0.061 0.11 0.018 0.025 0.408 0.01 0.025 0.025 0.016 0.086 0.053
113 L 0.044 0.022 0.016 0.016 0.013 0.016 0.021 0.023 0.019 0.136 0.178 0.025 0.031 0.067 0.014 0.026 0.033 0.074 0.106 0.118
114 Y 0.037 0.024 0.02 0.018 0.009 0.018 0.024 0.024 0.036 0.048 0.08 0.026 0.02 0.214 0.014 0.028 0.026 0.024 0.261 0.048
115 F 0.035 0.02 0.016 0.016 0.012 0.012 0.019 0.024 0.015 0.074 0.182 0.02 0.03 0.319 0.011 0.024 0.026 0.014 0.07 0.063
116 K 0.085 0.066 0.036 0.034 0.01 0.037 0.051 0.104 0.063 0.031 0.05 0.169 0.016 0.067 0.023 0.05 0.035 0.007 0.029 0.036
117 K 0.097 0.051 0.034 0.04 0.014 0.037 0.079 0.044 0.017 0.057 0.074 0.11 0.039 0.024 0.024 0.08 0.075 0.006 0.018 0.082
118 L 0.042 0.021 0.014 0.015 0.015 0.014 0.019 0.021 0.01 0.151 0.302 0.023 0.042 0.095 0.013 0.024 0.033 0.008 0.029 0.107
119 K 0.06 0.088 0.079 0.046 0.009 0.047 0.064 0.047 0.021 0.026 0.04 0.24 0.014 0.016 0.026 0.078 0.045 0.005 0.017 0.032
120 K 0.048 0.15 0.079 0.043 0.008 0.07 0.063 0.041 0.068 0.024 0.041 0.166 0.015 0.017 0.022 0.05 0.037 0.005 0.022 0.03
121 R 0.045 0.218 0.074 0.037 0.008 0.043 0.052 0.037 0.026 0.026 0.045 0.144 0.015 0.03 0.02 0.047 0.036 0.008 0.057 0.032
122 Y 0.041 0.028 0.022 0.019 0.009 0.022 0.028 0.025 0.047 0.044 0.069 0.031 0.019 0.131 0.016 0.031 0.028 0.028 0.316 0.047
123 N 0.043 0.045 0.315 0.083 0.009 0.034 0.05 0.065 0.032 0.023 0.032 0.054 0.011 0.018 0.02 0.07 0.05 0.005 0.016 0.027
124 G 0.063 0.026 0.04 0.079 0.01 0.022 0.035 0.342 0.059 0.031 0.075 0.034 0.015 0.022 0.018 0.045 0.029 0.005 0.017 0.032
125 F 0.081 0.022 0.02 0.02 0.013 0.016 0.023 0.093 0.017 0.096 0.114 0.026 0.024 0.161 0.016 0.036 0.033 0.012 0.079 0.097
126 I 0.056 0.076 0.026 0.026 0.014 0.026 0.033 0.03 0.013 0.141 0.137 0.074 0.028 0.032 0.019 0.053 0.07 0.006 0.019 0.12
127 L 0.047 0.021 0.014 0.016 0.016 0.015 0.019 0.021 0.009 0.175 0.29 0.024 0.042 0.047 0.014 0.025 0.036 0.006 0.021 0.142
128 W 0.065 0.023 0.016 0.016 0.009 0.016 0.024 0.035 0.015 0.031 0.052 0.025 0.015 0.054 0.01 0.029 0.025 0.447 0.06 0.034
129 L 0.044 0.022 0.014 0.015 0.016 0.015 0.019 0.02 0.009 0.158 0.338 0.024 0.045 0.05 0.014 0.024 0.034 0.007 0.021 0.112
130 F 0.037 0.019 0.015 0.016 0.012 0.012 0.018 0.023 0.014 0.103 0.188 0.02 0.032 0.273 0.012 0.024 0.028 0.013 0.061 0.078
131 F 0.037 0.019 0.016 0.016 0.011 0.011 0.019 0.024 0.015 0.073 0.112 0.019 0.025 0.361 0.011 0.025 0.027 0.015 0.078 0.083
132 L 0.076 0.021 0.016 0.018 0.015 0.014 0.022 0.029 0.012 0.113 0.184 0.024 0.032 0.178 0.015 0.032 0.034 0.01 0.045 0.11
133 I 0.077 0.02 0.016 0.018 0.016 0.014 0.02 0.028 0.01 0.212 0.172 0.025 0.033 0.087 0.015 0.031 0.037 0.007 0.028 0.133
134 F 0.033 0.018 0.016 0.016 0.01 0.01 0.018 0.025 0.016 0.061 0.11 0.018 0.025 0.408 0.01 0.025 0.025 0.016 0.086 0.053
135 F 0.037 0.019 0.015 0.016 0.012 0.012 0.018 0.023 0.014 0.126 0.159 0.02 0.03 0.272 0.012 0.024 0.029 0.012 0.061 0.088
136 T 0.073 0.029 0.033 0.03 0.138 0.022 0.032 0.04 0.012 0.06 0.068 0.037 0.019 0.023 0.023 0.089 0.161 0.005 0.016 0.09
137 V 0.098 0.022 0.017 0.019 0.019 0.017 0.025 0.03 0.009 0.144 0.117 0.027 0.029 0.033 0.018 0.038 0.048 0.005 0.02 0.265
138 T 0.11 0.035 0.042 0.038 0.018 0.028 0.041 0.052 0.015 0.045 0.057 0.046 0.018 0.022 0.027 0.128 0.196 0.005 0.017 0.061
139 N 0.053 0.043 0.286 0.074 0.01 0.032 0.048 0.063 0.028 0.023 0.032 0.052 0.012 0.018 0.021 0.101 0.054 0.004 0.015 0.029
140 I 0.048 0.018 0.014 0.017 0.016 0.013 0.018 0.02 0.008 0.279 0.158 0.023 0.035 0.042 0.014 0.025 0.04 0.006 0.02 0.186
141 Y 0.04 0.026 0.019 0.017 0.011 0.02 0.025 0.023 0.036 0.059 0.149 0.029 0.026 0.108 0.015 0.028 0.028 0.022 0.261 0.057
142 N 0.043 0.047 0.267 0.071 0.009 0.059 0.055 0.057 0.073 0.022 0.033 0.056 0.012 0.019 0.02 0.062 0.044 0.005 0.021 0.027
143 N 0.041 0.043 0.34 0.08 0.009 0.033 0.048 0.063 0.03 0.022 0.03 0.052 0.011 0.017 0.02 0.067 0.048 0.004 0.015 0.026
144 Q 0.054 0.071 0.043 0.046 0.009 0.241 0.099 0.04 0.028 0.026 0.046 0.088 0.02 0.014 0.023 0.054 0.04 0.006 0.02 0.034
145 L 0.045 0.025 0.015 0.016 0.016 0.019 0.021 0.022 0.011 0.108 0.345 0.027 0.083 0.051 0.014 0.026 0.034 0.007 0.022 0.092
146 N 0.041 0.043 0.34 0.08 0.009 0.033 0.048 0.063 0.03 0.022 0.03 0.052 0.011 0.017 0.02 0.067 0.048 0.004 0.015 0.026
147 G 0.076 0.022 0.038 0.033 0.01 0.018 0.025 0.527 0.013 0.018 0.027 0.033 0.009 0.016 0.018 0.05 0.029 0.005 0.01 0.023
148 I 0.045 0.018 0.014 0.017 0.016 0.013 0.017 0.02 0.009 0.273 0.192 0.023 0.037 0.044 0.014 0.024 0.038 0.006 0.02 0.161
149 R 0.043 0.367 0.037 0.03 0.008 0.047 0.051 0.032 0.023 0.023 0.045 0.116 0.015 0.017 0.019 0.043 0.034 0.006 0.017 0.03
150 Q 0.054 0.071 0.043 0.046 0.009 0.241 0.099 0.04 0.028 0.026 0.046 0.088 0.02 0.014 0.023 0.054 0.04 0.006 0.02 0.034
151 Y 0.039 0.027 0.021 0.018 0.009 0.021 0.027 0.024 0.045 0.042 0.066 0.03 0.018 0.126 0.015 0.03 0.027 0.027 0.341 0.045
152 A 0.283 0.029 0.024 0.027 0.021 0.024 0.037 0.069 0.014 0.056 0.066 0.041 0.019 0.023 0.027 0.076 0.048 0.005 0.017 0.095
153 A 0.252 0.028 0.023 0.026 0.02 0.023 0.035 0.063 0.013 0.071 0.075 0.039 0.02 0.024 0.026 0.07 0.048 0.005 0.018 0.123
154 L 0.047 0.022 0.014 0.016 0.016 0.015 0.019 0.021 0.009 0.163 0.304 0.024 0.043 0.048 0.014 0.025 0.036 0.006 0.021 0.137
155 T 0.1 0.03 0.033 0.03 0.078 0.023 0.033 0.043 0.012 0.063 0.07 0.038 0.02 0.024 0.024 0.075 0.186 0.005 0.017 0.095
156 L 0.076 0.024 0.015 0.017 0.016 0.016 0.022 0.028 0.011 0.096 0.318 0.026 0.041 0.093 0.015 0.031 0.033 0.008 0.029 0.085
157 L 0.047 0.022 0.015 0.016 0.015 0.014 0.02 0.022 0.011 0.111 0.257 0.023 0.038 0.137 0.013 0.026 0.034 0.009 0.037 0.133
158 P 0.055 0.025 0.023 0.03 0.01 0.02 0.035 0.035 0.012 0.025 0.035 0.04 0.01 0.012 0.511 0.042 0.035 0.003 0.012 0.03
159 L 0.044 0.023 0.014 0.015 0.016 0.016 0.02 0.021 0.01 0.145 0.34 0.025 0.054 0.051 0.014 0.024 0.034 0.007 0.021 0.107
160 L 0.041 0.02 0.015 0.016 0.014 0.013 0.018 0.021 0.011 0.168 0.237 0.022 0.037 0.138 0.013 0.024 0.033 0.009 0.037 0.112
161 S 0.119 0.036 0.045 0.041 0.018 0.029 0.044 0.057 0.016 0.039 0.051 0.048 0.017 0.021 0.028 0.167 0.148 0.005 0.017 0.054
162 L 0.047 0.023 0.017 0.017 0.014 0.018 0.022 0.022 0.019 0.156 0.181 0.027 0.052 0.065 0.015 0.028 0.036 0.011 0.101 0.13
163 F 0.043 0.023 0.02 0.019 0.012 0.016 0.023 0.027 0.017 0.072 0.129 0.025 0.025 0.19 0.014 0.034 0.059 0.075 0.09 0.086
164 L 0.049 0.021 0.014 0.015 0.077 0.015 0.019 0.022 0.009 0.132 0.292 0.024 0.04 0.045 0.014 0.027 0.035 0.006 0.02 0.123
165 F 0.04 0.025 0.022 0.019 0.071 0.018 0.025 0.027 0.071 0.047 0.079 0.026 0.02 0.206 0.014 0.03 0.027 0.018 0.168 0.046
166 D 0.049 0.038 0.052 0.225 0.008 0.043 0.184 0.04 0.02 0.025 0.035 0.056 0.012 0.016 0.024 0.057 0.065 0.005 0.014 0.032
167 K 0.051 0.202 0.039 0.036 0.008 0.05 0.062 0.038 0.021 0.025 0.043 0.233 0.015 0.016 0.024 0.048 0.037 0.005 0.017 0.031
168 K 0.05 0.198 0.039 0.037 0.008 0.074 0.066 0.038 0.022 0.025 0.043 0.206 0.016 0.016 0.023 0.049 0.037 0.005 0.017 0.031
169 Y 0.04 0.036 0.023 0.021 0.009 0.024 0.031 0.026 0.038 0.043 0.069 0.063 0.018 0.148 0.016 0.032 0.028 0.023 0.268 0.044
170 I 0.05 0.031 0.022 0.022 0.014 0.02 0.028 0.027 0.014 0.155 0.114 0.06 0.027 0.109 0.017 0.037 0.065 0.009 0.052 0.126
171 K 0.052 0.065 0.031 0.031 0.011 0.036 0.047 0.034 0.02 0.053 0.136 0.167 0.024 0.039 0.022 0.047 0.065 0.008 0.059 0.053
172 A 0.123 0.028 0.027 0.026 0.015 0.022 0.033 0.044 0.022 0.059 0.073 0.036 0.02 0.097 0.021 0.077 0.072 0.012 0.107 0.085
173 I 0.049 0.018 0.015 0.017 0.015 0.013 0.019 0.022 0.01 0.218 0.143 0.023 0.032 0.109 0.014 0.026 0.038 0.008 0.032 0.179
174 I 0.05 0.021 0.019 0.02 0.014 0.015 0.022 0.027 0.012 0.181 0.163 0.026 0.032 0.132 0.015 0.052 0.039 0.008 0.036 0.115
175 G 0.096 0.027 0.029 0.028 0.014 0.021 0.03 0.163 0.018 0.052 0.136 0.034 0.023 0.065 0.019 0.08 0.041 0.009 0.061 0.054
176 L 0.052 0.02 0.016 0.017 0.137 0.015 0.019 0.025 0.009 0.14 0.217 0.024 0.034 0.039 0.015 0.032 0.051 0.006 0.018 0.114
177 L 0.048 0.02 0.018 0.018 0.014 0.014 0.02 0.085 0.012 0.136 0.169 0.023 0.03 0.154 0.014 0.028 0.033 0.009 0.04 0.116
178 L 0.047 0.02 0.015 0.016 0.015 0.014 0.02 0.022 0.011 0.145 0.213 0.023 0.035 0.135 0.013 0.026 0.035 0.009 0.037 0.148
179 A 0.198 0.031 0.03 0.031 0.019 0.026 0.038 0.06 0.015 0.06 0.078 0.042 0.04 0.026 0.025 0.111 0.055 0.005 0.018 0.091
180 L 0.068 0.041 0.034 0.032 0.015 0.03 0.039 0.04 0.016 0.087 0.107 0.073 0.073 0.031 0.022 0.099 0.093 0.006 0.019 0.076
181 T 0.063 0.031 0.032 0.029 0.046 0.024 0.032 0.037 0.014 0.062 0.099 0.037 0.062 0.077 0.021 0.074 0.156 0.007 0.027 0.069
182 F 0.036 0.021 0.016 0.017 0.012 0.013 0.02 0.024 0.015 0.072 0.156 0.021 0.048 0.318 0.011 0.026 0.027 0.014 0.07 0.063
183 H 0.041 0.044 0.052 0.037 0.007 0.037 0.052 0.037 0.377 0.022 0.037 0.044 0.015 0.029 0.018 0.041 0.026 0.007 0.055 0.022
184 S 0.104 0.043 0.077 0.043 0.015 0.03 0.045 0.055 0.019 0.036 0.053 0.077 0.016 0.068 0.025 0.132 0.084 0.006 0.025 0.046
185 S 0.093 0.037 0.048 0.043 0.017 0.03 0.046 0.056 0.017 0.037 0.049 0.049 0.017 0.021 0.028 0.188 0.152 0.005 0.017 0.051
186 A 0.198 0.031 0.033 0.032 0.017 0.025 0.039 0.123 0.019 0.036 0.051 0.042 0.016 0.033 0.026 0.113 0.051 0.008 0.057 0.052
187 I 0.044 0.02 0.015 0.016 0.014 0.014 0.019 0.022 0.01 0.181 0.181 0.023 0.033 0.091 0.013 0.025 0.035 0.07 0.034 0.139
188 I 0.047 0.02 0.015 0.017 0.015 0.015 0.019 0.022 0.01 0.201 0.184 0.024 0.054 0.089 0.014 0.026 0.037 0.007 0.029 0.151
189 F 0.036 0.023 0.056 0.024 0.011 0.014 0.022 0.028 0.016 0.069 0.172 0.024 0.029 0.27 0.012 0.03 0.029 0.012 0.061 0.06
190 F 0.042 0.019 0.015 0.016 0.014 0.013 0.019 0.023 0.012 0.141 0.179 0.021 0.032 0.203 0.013 0.025 0.032 0.011 0.049 0.12
191 V 0.096 0.024 0.024 0.024 0.017 0.019 0.027 0.097 0.011 0.139 0.137 0.031 0.028 0.033 0.019 0.064 0.045 0.006 0.018 0.144
192 L 0.045 0.022 0.014 0.016 0.015 0.015 0.019 0.021 0.01 0.134 0.298 0.024 0.041 0.094 0.014 0.025 0.034 0.008 0.029 0.123
193 L 0.046 0.022 0.017 0.02 0.013 0.016 0.024 0.025 0.015 0.112 0.168 0.028 0.028 0.093 0.138 0.03 0.033 0.009 0.067 0.093
194 L 0.06 0.023 0.017 0.02 0.013 0.016 0.024 0.029 0.013 0.07 0.196 0.028 0.029 0.152 0.138 0.032 0.032 0.009 0.039 0.063
195 L 0.043 0.02 0.015 0.016 0.014 0.013 0.019 0.022 0.012 0.122 0.226 0.022 0.035 0.182 0.013 0.025 0.032 0.01 0.045 0.113
196 R 0.054 0.127 0.032 0.03 0.011 0.059 0.048 0.034 0.022 0.072 0.105 0.094 0.023 0.038 0.02 0.064 0.04 0.008 0.059 0.059
197 L 0.04 0.021 0.016 0.017 0.013 0.014 0.021 0.024 0.013 0.079 0.226 0.024 0.033 0.203 0.074 0.026 0.029 0.01 0.049 0.068
198 L 0.059 0.022 0.016 0.017 0.015 0.016 0.021 0.026 0.012 0.127 0.234 0.025 0.055 0.137 0.014 0.029 0.033 0.009 0.037 0.095
199 L 0.043 0.039 0.104 0.044 0.01 0.031 0.071 0.036 0.049 0.05 0.133 0.057 0.023 0.054 0.018 0.043 0.035 0.011 0.101 0.048
200 K 0.052 0.111 0.043 0.087 0.008 0.049 0.07 0.042 0.02 0.026 0.04 0.258 0.014 0.015 0.026 0.051 0.038 0.005 0.016 0.031
201 L 0.046 0.042 0.022 0.022 0.012 0.024 0.033 0.028 0.018 0.075 0.161 0.093 0.028 0.139 0.017 0.033 0.033 0.011 0.076 0.087
202 F 0.048 0.048 0.026 0.026 0.012 0.028 0.038 0.03 0.038 0.094 0.103 0.112 0.044 0.124 0.018 0.036 0.035 0.008 0.038 0.094
203 N 0.048 0.033 0.144 0.053 0.01 0.028 0.07 0.104 0.021 0.038 0.087 0.043 0.017 0.07 0.08 0.049 0.037 0.006 0.024 0.039
204 R 0.048 0.164 0.092 0.042 0.009 0.042 0.053 0.04 0.021 0.058 0.056 0.162 0.017 0.019 0.021 0.048 0.039 0.005 0.017 0.047
205 K 0.057 0.107 0.042 0.042 0.009 0.054 0.071 0.043 0.021 0.028 0.043 0.278 0.016 0.016 0.028 0.054 0.04 0.005 0.017 0.033
206 Y 0.065 0.053 0.036 0.031 0.012 0.027 0.037 0.1 0.05 0.034 0.051 0.044 0.016 0.06 0.021 0.095 0.071 0.014 0.14 0.042
207 L 0.05 0.026 0.021 0.021 0.074 0.02 0.026 0.028 0.02 0.065 0.16 0.031 0.046 0.058 0.078 0.039 0.062 0.011 0.099 0.065
208 F 0.072 0.02 0.017 0.018 0.013 0.013 0.021 0.031 0.015 0.071 0.106 0.022 0.024 0.313 0.013 0.033 0.03 0.014 0.069 0.085
209 L 0.048 0.026 0.022 0.021 0.014 0.019 0.025 0.027 0.02 0.087 0.2 0.029 0.031 0.109 0.016 0.048 0.063 0.013 0.108 0.075
210 L 0.081 0.022 0.016 0.018 0.016 0.016 0.022 0.028 0.011 0.14 0.224 0.026 0.036 0.088 0.016 0.033 0.037 0.007 0.028 0.137
211 F 0.033 0.018 0.016 0.016 0.01 0.01 0.018 0.025 0.016 0.061 0.11 0.018 0.025 0.408 0.01 0.025 0.025 0.016 0.086 0.053
212 L 0.053 0.023 0.019 0.021 0.016 0.018 0.023 0.026 0.011 0.191 0.209 0.028 0.055 0.043 0.016 0.053 0.042 0.006 0.02 0.125
213 L 0.046 0.022 0.014 0.015 0.016 0.015 0.02 0.021 0.009 0.14 0.333 0.024 0.044 0.049 0.014 0.025 0.035 0.007 0.021 0.128
214 S 0.097 0.038 0.05 0.044 0.017 0.031 0.047 0.059 0.017 0.034 0.046 0.05 0.016 0.021 0.028 0.207 0.127 0.005 0.017 0.048
215 L 0.089 0.026 0.024 0.024 0.017 0.02 0.028 0.035 0.012 0.131 0.209 0.032 0.033 0.038 0.019 0.067 0.072 0.006 0.019 0.099
216 P 0.058 0.024 0.021 0.027 0.012 0.019 0.032 0.032 0.011 0.058 0.058 0.036 0.015 0.018 0.387 0.04 0.038 0.003 0.014 0.096
217 F 0.043 0.018 0.015 0.016 0.074 0.012 0.018 0.023 0.012 0.153 0.16 0.021 0.03 0.178 0.013 0.026 0.032 0.01 0.044 0.102
218 Y 0.039 0.027 0.021 0.018 0.009 0.021 0.027 0.024 0.045 0.042 0.066 0.03 0.018 0.126 0.015 0.03 0.027 0.027 0.341 0.045
219 L 0.046 0.023 0.016 0.017 0.014 0.017 0.021 0.023 0.015 0.124 0.231 0.026 0.055 0.102 0.014 0.027 0.034 0.01 0.069 0.116
220 L 0.04 0.021 0.015 0.016 0.014 0.014 0.019 0.022 0.012 0.119 0.278 0.022 0.039 0.162 0.013 0.024 0.031 0.01 0.041 0.09
221 L 0.048 0.021 0.014 0.016 0.016 0.015 0.019 0.021 0.009 0.178 0.273 0.024 0.041 0.046 0.014 0.025 0.037 0.006 0.021 0.155
222 S 0.116 0.032 0.04 0.039 0.015 0.026 0.042 0.116 0.016 0.028 0.04 0.046 0.013 0.018 0.148 0.15 0.058 0.004 0.015 0.039
223 K 0.06 0.059 0.075 0.042 0.011 0.06 0.055 0.044 0.02 0.042 0.057 0.128 0.018 0.067 0.023 0.078 0.073 0.007 0.026 0.056
224 Y 0.052 0.027 0.022 0.021 0.013 0.02 0.028 0.028 0.028 0.072 0.153 0.031 0.027 0.083 0.017 0.056 0.037 0.017 0.18 0.088
225 V 0.082 0.027 0.028 0.026 0.018 0.021 0.03 0.035 0.011 0.122 0.099 0.034 0.025 0.03 0.021 0.059 0.145 0.006 0.019 0.166
226 P 0.052 0.026 0.059 0.031 0.012 0.02 0.031 0.033 0.013 0.086 0.107 0.036 0.021 0.025 0.263 0.04 0.038 0.004 0.016 0.088
227 D 0.052 0.031 0.071 0.089 0.012 0.027 0.075 0.037 0.017 0.067 0.067 0.041 0.018 0.07 0.081 0.052 0.081 0.006 0.024 0.081
228 L 0.081 0.021 0.016 0.018 0.017 0.015 0.021 0.028 0.009 0.201 0.203 0.026 0.036 0.041 0.016 0.032 0.039 0.006 0.02 0.154
229 L 0.046 0.023 0.014 0.015 0.016 0.016 0.02 0.021 0.01 0.117 0.363 0.025 0.046 0.051 0.014 0.025 0.034 0.007 0.021 0.118
230 E 0.054 0.041 0.038 0.093 0.009 0.05 0.233 0.034 0.021 0.059 0.054 0.061 0.016 0.02 0.024 0.054 0.065 0.005 0.016 0.052
231 L 0.073 0.031 0.033 0.03 0.016 0.024 0.035 0.04 0.018 0.07 0.146 0.038 0.026 0.044 0.021 0.117 0.081 0.008 0.059 0.089
232 F 0.042 0.021 0.019 0.019 0.013 0.014 0.021 0.025 0.013 0.102 0.182 0.024 0.031 0.225 0.014 0.032 0.059 0.011 0.053 0.08
233 G 0.053 0.03 0.078 0.139 0.01 0.028 0.081 0.162 0.017 0.032 0.076 0.043 0.015 0.02 0.081 0.048 0.035 0.005 0.013 0.034
234 L 0.046 0.028 0.062 0.027 0.014 0.02 0.027 0.03 0.014 0.084 0.262 0.032 0.057 0.041 0.086 0.034 0.036 0.006 0.02 0.074
235 R 0.055 0.18 0.078 0.048 0.009 0.046 0.088 0.042 0.023 0.024 0.041 0.141 0.014 0.017 0.023 0.075 0.043 0.005 0.016 0.031
236 Y 0.038 0.025 0.02 0.018 0.009 0.018 0.025 0.024 0.038 0.047 0.077 0.027 0.02 0.197 0.014 0.029 0.026 0.024 0.277 0.047
237 L 0.106 0.032 0.035 0.033 0.017 0.025 0.037 0.048 0.014 0.06 0.158 0.041 0.026 0.031 0.024 0.127 0.097 0.006 0.018 0.065
238 S 0.082 0.041 0.052 0.043 0.013 0.034 0.051 0.054 0.153 0.026 0.039 0.049 0.015 0.024 0.025 0.169 0.059 0.006 0.031 0.034
239 Y 0.039 0.027 0.021 0.018 0.009 0.021 0.027 0.024 0.045 0.042 0.066 0.03 0.018 0.126 0.015 0.03 0.027 0.027 0.341 0.045
240 I 0.049 0.02 0.015 0.017 0.016 0.015 0.019 0.021 0.009 0.231 0.19 0.025 0.056 0.043 0.015 0.026 0.039 0.006 0.021 0.166
241 D 0.047 0.04 0.053 0.217 0.008 0.064 0.139 0.071 0.066 0.022 0.033 0.056 0.012 0.017 0.022 0.05 0.034 0.005 0.019 0.026
242 S 0.099 0.035 0.049 0.044 0.015 0.029 0.044 0.18 0.017 0.026 0.037 0.047 0.014 0.019 0.026 0.197 0.067 0.005 0.015 0.036
243 D 0.049 0.061 0.05 0.191 0.008 0.069 0.127 0.041 0.021 0.024 0.036 0.135 0.013 0.015 0.024 0.052 0.036 0.005 0.015 0.029
244 Y 0.039 0.027 0.021 0.018 0.009 0.021 0.027 0.024 0.045 0.042 0.066 0.03 0.018 0.126 0.015 0.03 0.027 0.027 0.341 0.045
245 F 0.068 0.02 0.017 0.018 0.012 0.012 0.021 0.031 0.016 0.059 0.104 0.021 0.024 0.359 0.013 0.032 0.028 0.015 0.077 0.055
246 E 0.059 0.045 0.042 0.083 0.01 0.07 0.174 0.038 0.066 0.04 0.048 0.061 0.016 0.02 0.023 0.073 0.042 0.005 0.022 0.063
247 S 0.108 0.036 0.059 0.05 0.013 0.034 0.094 0.114 0.019 0.027 0.039 0.051 0.013 0.018 0.086 0.128 0.053 0.005 0.015 0.037
248 G 0.067 0.073 0.079 0.041 0.01 0.028 0.037 0.288 0.063 0.021 0.033 0.049 0.012 0.018 0.02 0.074 0.038 0.005 0.018 0.027
249 D 0.058 0.042 0.094 0.236 0.01 0.033 0.071 0.052 0.02 0.024 0.033 0.079 0.012 0.016 0.024 0.102 0.048 0.004 0.014 0.029
250 L 0.041 0.024 0.017 0.017 0.012 0.018 0.023 0.022 0.027 0.1 0.202 0.027 0.031 0.088 0.014 0.027 0.03 0.017 0.181 0.079
251 I 0.069 0.07 0.032 0.03 0.014 0.025 0.035 0.04 0.015 0.111 0.083 0.046 0.022 0.032 0.02 0.11 0.052 0.068 0.024 0.102
252 V 0.063 0.026 0.025 0.024 0.017 0.02 0.027 0.03 0.01 0.13 0.141 0.032 0.029 0.033 0.019 0.051 0.129 0.006 0.019 0.169
253 I 0.049 0.019 0.015 0.017 0.016 0.014 0.019 0.022 0.009 0.209 0.176 0.023 0.034 0.088 0.014 0.026 0.038 0.007 0.028 0.177
254 L 0.052 0.021 0.015 0.017 0.017 0.015 0.02 0.022 0.009 0.195 0.211 0.025 0.047 0.043 0.015 0.027 0.04 0.006 0.021 0.185
255 T 0.071 0.034 0.042 0.036 0.017 0.027 0.038 0.042 0.013 0.051 0.063 0.044 0.019 0.023 0.027 0.09 0.272 0.006 0.017 0.069
256 K 0.055 0.103 0.04 0.04 0.008 0.052 0.068 0.042 0.02 0.027 0.042 0.303 0.015 0.015 0.027 0.052 0.038 0.005 0.017 0.032
257 L 0.048 0.021 0.015 0.016 0.016 0.015 0.019 0.021 0.009 0.197 0.247 0.024 0.049 0.046 0.014 0.026 0.037 0.006 0.021 0.152
258 Y 0.039 0.027 0.021 0.018 0.009 0.021 0.027 0.024 0.045 0.042 0.066 0.03 0.018 0.126 0.015 0.03 0.027 0.027 0.341 0.045
259 Y 0.039 0.027 0.021 0.018 0.009 0.021 0.027 0.024 0.045 0.042 0.066 0.03 0.018 0.126 0.015 0.03 0.027 0.027 0.341 0.045
260 L 0.044 0.021 0.014 0.016 0.016 0.015 0.019 0.02 0.009 0.181 0.309 0.024 0.043 0.049 0.014 0.024 0.035 0.006 0.021 0.122
261 P 0.055 0.025 0.023 0.03 0.01 0.02 0.035 0.035 0.012 0.025 0.035 0.04 0.01 0.012 0.511 0.042 0.035 0.003 0.012 0.03
262 L 0.133 0.024 0.018 0.02 0.018 0.018 0.026 0.038 0.011 0.122 0.211 0.03 0.033 0.038 0.019 0.043 0.041 0.006 0.02 0.132
263 I 0.044 0.02 0.015 0.017 0.015 0.015 0.019 0.021 0.013 0.218 0.209 0.024 0.036 0.056 0.014 0.025 0.035 0.009 0.06 0.136
264 L 0.04 0.022 0.014 0.015 0.014 0.014 0.019 0.022 0.011 0.099 0.325 0.023 0.042 0.142 0.013 0.024 0.03 0.009 0.038 0.083
265 L 0.043 0.023 0.017 0.017 0.012 0.016 0.022 0.023 0.024 0.105 0.156 0.025 0.029 0.143 0.014 0.027 0.032 0.016 0.153 0.102
266 F 0.033 0.018 0.016 0.016 0.01 0.01 0.018 0.025 0.016 0.061 0.11 0.018 0.025 0.408 0.01 0.025 0.025 0.016 0.086 0.053
267 F 0.036 0.023 0.019 0.017 0.01 0.016 0.023 0.024 0.033 0.05 0.086 0.025 0.021 0.249 0.013 0.028 0.026 0.022 0.229 0.049
268 Y 0.038 0.024 0.019 0.017 0.01 0.018 0.024 0.024 0.034 0.056 0.119 0.026 0.023 0.188 0.014 0.028 0.027 0.022 0.237 0.053
269 L 0.044 0.063 0.017 0.018 0.015 0.018 0.022 0.022 0.011 0.192 0.235 0.035 0.038 0.043 0.015 0.026 0.036 0.006 0.02 0.124
270 Y 0.038 0.025 0.02 0.018 0.009 0.018 0.025 0.024 0.038 0.047 0.077 0.027 0.02 0.197 0.014 0.029 0.026 0.024 0.277 0.047
271 K 0.064 0.049 0.078 0.088 0.073 0.032 0.051 0.046 0.018 0.039 0.085 0.106 0.018 0.022 0.023 0.097 0.048 0.005 0.016 0.043
272 K 0.066 0.073 0.081 0.053 0.01 0.046 0.093 0.049 0.022 0.026 0.039 0.18 0.014 0.017 0.026 0.102 0.049 0.005 0.016 0.033
273 N 0.06 0.051 0.117 0.094 0.011 0.033 0.052 0.109 0.02 0.041 0.046 0.108 0.014 0.019 0.022 0.077 0.045 0.005 0.015 0.062
274 S 0.066 0.087 0.065 0.095 0.012 0.039 0.089 0.047 0.02 0.03 0.042 0.091 0.014 0.018 0.025 0.107 0.092 0.005 0.016 0.039
275 G 0.069 0.031 0.072 0.044 0.074 0.028 0.069 0.135 0.017 0.054 0.091 0.042 0.019 0.024 0.021 0.095 0.046 0.005 0.015 0.051
276 N 0.049 0.049 0.176 0.062 0.01 0.037 0.083 0.049 0.028 0.029 0.042 0.084 0.014 0.032 0.022 0.062 0.072 0.008 0.059 0.036
277 S 0.084 0.047 0.069 0.044 0.102 0.032 0.048 0.055 0.018 0.031 0.044 0.091 0.015 0.019 0.025 0.152 0.062 0.005 0.016 0.041
278 L 0.046 0.051 0.025 0.025 0.012 0.028 0.038 0.03 0.018 0.098 0.142 0.122 0.027 0.108 0.018 0.035 0.034 0.01 0.06 0.074
279 G 0.057 0.035 0.107 0.059 0.009 0.034 0.104 0.163 0.021 0.022 0.033 0.05 0.011 0.016 0.141 0.054 0.037 0.004 0.014 0.028
280 G 0.075 0.025 0.032 0.03 0.015 0.02 0.028 0.23 0.012 0.103 0.078 0.034 0.02 0.026 0.019 0.079 0.045 0.005 0.016 0.109
281 S 0.11 0.04 0.054 0.049 0.018 0.033 0.053 0.066 0.019 0.03 0.042 0.054 0.016 0.021 0.03 0.218 0.082 0.005 0.018 0.042
282 F 0.034 0.019 0.017 0.017 0.011 0.011 0.019 0.025 0.017 0.064 0.114 0.019 0.025 0.385 0.011 0.025 0.025 0.017 0.089 0.055
283 G 0.059 0.107 0.035 0.032 0.012 0.032 0.04 0.131 0.016 0.081 0.069 0.102 0.019 0.023 0.021 0.052 0.081 0.006 0.016 0.066
284 D 0.047 0.033 0.077 0.134 0.071 0.04 0.068 0.038 0.063 0.047 0.058 0.041 0.016 0.069 0.018 0.045 0.036 0.006 0.028 0.066
285 S 0.067 0.077 0.096 0.051 0.011 0.033 0.077 0.109 0.021 0.028 0.046 0.056 0.014 0.067 0.022 0.111 0.049 0.006 0.024 0.035
286 D 0.052 0.077 0.101 0.145 0.01 0.035 0.09 0.045 0.021 0.026 0.037 0.058 0.012 0.017 0.083 0.069 0.069 0.004 0.014 0.033
287 Y 0.04 0.027 0.02 0.018 0.01 0.02 0.026 0.024 0.041 0.051 0.107 0.029 0.022 0.117 0.015 0.029 0.028 0.025 0.301 0.051
288 F 0.039 0.02 0.017 0.017 0.012 0.013 0.02 0.025 0.015 0.078 0.122 0.021 0.046 0.316 0.012 0.027 0.029 0.014 0.07 0.088
289 N 0.061 0.094 0.12 0.051 0.01 0.063 0.058 0.051 0.068 0.025 0.039 0.095 0.015 0.019 0.023 0.102 0.049 0.005 0.022 0.031
290 F 0.033 0.018 0.016 0.016 0.01 0.01 0.018 0.025 0.016 0.061 0.11 0.018 0.025 0.408 0.01 0.025 0.025 0.016 0.086 0.053
291 C 0.087 0.022 0.019 0.019 0.198 0.017 0.023 0.034 0.011 0.068 0.13 0.027 0.044 0.077 0.017 0.043 0.051 0.007 0.025 0.081
292 I 0.045 0.018 0.014 0.017 0.016 0.013 0.017 0.02 0.009 0.273 0.192 0.023 0.037 0.044 0.014 0.024 0.038 0.006 0.02 0.161
293 L 0.076 0.022 0.016 0.017 0.015 0.015 0.022 0.029 0.013 0.09 0.213 0.025 0.033 0.18 0.015 0.032 0.033 0.01 0.045 0.1
294 I 0.08 0.019 0.016 0.019 0.016 0.015 0.02 0.027 0.009 0.255 0.147 0.025 0.033 0.039 0.016 0.032 0.04 0.006 0.02 0.165
295 F 0.033 0.018 0.016 0.016 0.01 0.01 0.018 0.025 0.016 0.061 0.11 0.018 0.025 0.408 0.01 0.025 0.025 0.016 0.086 0.053
296 S 0.097 0.036 0.046 0.042 0.017 0.029 0.046 0.056 0.017 0.048 0.054 0.048 0.018 0.022 0.027 0.2 0.099 0.005 0.017 0.076
297 C 0.048 0.018 0.015 0.016 0.196 0.012 0.017 0.025 0.01 0.119 0.141 0.021 0.027 0.127 0.014 0.03 0.033 0.008 0.034 0.088
298 T 0.075 0.035 0.043 0.038 0.017 0.027 0.04 0.045 0.014 0.049 0.06 0.045 0.019 0.023 0.027 0.109 0.248 0.006 0.017 0.065
299 F 0.037 0.026 0.023 0.02 0.009 0.019 0.027 0.026 0.076 0.047 0.079 0.027 0.02 0.22 0.014 0.029 0.026 0.021 0.21 0.045
300 W 0.029 0.022 0.015 0.015 0.007 0.015 0.022 0.029 0.015 0.029 0.051 0.022 0.015 0.059 0.007 0.022 0.022 0.51 0.066 0.029
301 S 0.123 0.035 0.044 0.041 0.017 0.028 0.045 0.061 0.018 0.034 0.051 0.047 0.017 0.069 0.026 0.198 0.069 0.006 0.026 0.045
302 F 0.033 0.018 0.016 0.016 0.01 0.01 0.018 0.025 0.016 0.061 0.11 0.018 0.025 0.408 0.01 0.025 0.025 0.016 0.086 0.053
303 L 0.044 0.022 0.014 0.015 0.016 0.015 0.019 0.02 0.009 0.158 0.338 0.024 0.045 0.05 0.014 0.024 0.034 0.007 0.021 0.112
304 L 0.051 0.029 0.021 0.021 0.016 0.024 0.026 0.027 0.014 0.118 0.197 0.033 0.131 0.044 0.017 0.039 0.067 0.007 0.022 0.097
305 G 0.117 0.032 0.04 0.037 0.016 0.026 0.039 0.176 0.016 0.038 0.084 0.043 0.018 0.023 0.024 0.149 0.057 0.005 0.016 0.046
306 L 0.043 0.023 0.014 0.015 0.016 0.016 0.02 0.021 0.01 0.111 0.397 0.024 0.048 0.053 0.014 0.023 0.032 0.007 0.022 0.093
307 D 0.049 0.038 0.055 0.274 0.009 0.03 0.072 0.044 0.018 0.028 0.041 0.074 0.012 0.064 0.022 0.072 0.039 0.006 0.022 0.03
308 I 0.079 0.02 0.015 0.018 0.016 0.015 0.02 0.027 0.009 0.241 0.178 0.026 0.035 0.041 0.016 0.031 0.039 0.006 0.02 0.148
309 G 0.191 0.029 0.069 0.037 0.015 0.023 0.035 0.243 0.016 0.03 0.043 0.04 0.013 0.018 0.024 0.068 0.041 0.005 0.014 0.045
310 I 0.045 0.019 0.014 0.016 0.016 0.014 0.018 0.02 0.009 0.25 0.221 0.023 0.039 0.045 0.014 0.024 0.037 0.006 0.02 0.151
311 L 0.077 0.024 0.015 0.016 0.016 0.017 0.022 0.027 0.01 0.103 0.354 0.027 0.044 0.049 0.016 0.031 0.034 0.007 0.021 0.09
312 S 0.128 0.037 0.048 0.044 0.017 0.03 0.048 0.063 0.017 0.033 0.045 0.05 0.016 0.021 0.028 0.206 0.099 0.005 0.017 0.047
313 R 0.043 0.367 0.037 0.03 0.008 0.047 0.051 0.032 0.023 0.023 0.045 0.116 0.015 0.017 0.019 0.043 0.034 0.006 0.017 0.03
314 L 0.046 0.021 0.014 0.016 0.015 0.014 0.019 0.021 0.01 0.169 0.254 0.023 0.039 0.092 0.014 0.025 0.035 0.007 0.029 0.137
315 A 0.169 0.038 0.037 0.036 0.016 0.054 0.049 0.06 0.022 0.035 0.051 0.051 0.017 0.033 0.026 0.134 0.056 0.008 0.058 0.05
316 S 0.09 0.038 0.084 0.048 0.015 0.031 0.047 0.059 0.023 0.03 0.042 0.049 0.015 0.033 0.026 0.197 0.069 0.008 0.057 0.039
317 Y 0.039 0.029 0.061 0.026 0.009 0.023 0.03 0.029 0.043 0.04 0.062 0.033 0.017 0.113 0.016 0.035 0.03 0.024 0.3 0.043
318 F 0.037 0.019 0.016 0.016 0.011 0.011 0.019 0.024 0.015 0.073 0.112 0.019 0.025 0.361 0.011 0.025 0.027 0.015 0.078 0.083
319 W 0.041 0.021 0.015 0.016 0.011 0.015 0.021 0.027 0.012 0.095 0.084 0.023 0.021 0.051 0.01 0.025 0.03 0.321 0.049 0.113
320 F 0.034 0.019 0.016 0.016 0.011 0.011 0.019 0.024 0.016 0.068 0.146 0.019 0.027 0.363 0.011 0.024 0.026 0.015 0.078 0.058
