#Seq2Logo.py -f /work3/idamei/ssn-clusterings/clustering/2205110921/clusters/0007_355/sequences.afa -o /work3/idamei/ssn-clusterings/clustering/2205110921/clusters/0007_355/sequences.logo
#Position Specific Frequency Matrix
A R N D C Q E G H I L K M F P S T W Y V
0 L 0.052 0.032 0.02 0.02 0.016 0.028 0.028 0.028 0.016 0.099 0.194 0.036 0.171 0.048 0.016 0.036 0.04 0.008 0.024 0.091
1 N 0.049 0.075 0.183 0.062 0.009 0.043 0.059 0.054 0.026 0.025 0.037 0.17 0.013 0.017 0.024 0.061 0.044 0.005 0.016 0.03
2 K 0.057 0.107 0.042 0.042 0.009 0.054 0.071 0.043 0.021 0.028 0.043 0.276 0.016 0.016 0.028 0.054 0.04 0.005 0.017 0.033
3 L 0.059 0.023 0.021 0.02 0.016 0.017 0.022 0.145 0.01 0.103 0.229 0.027 0.035 0.04 0.016 0.033 0.036 0.006 0.019 0.122
4 K 0.069 0.076 0.044 0.055 0.01 0.051 0.123 0.047 0.022 0.027 0.041 0.173 0.015 0.017 0.028 0.096 0.049 0.005 0.017 0.035
5 E 0.057 0.038 0.047 0.153 0.008 0.044 0.179 0.157 0.021 0.021 0.032 0.057 0.011 0.016 0.023 0.053 0.035 0.005 0.014 0.028
6 R 0.05 0.19 0.036 0.029 0.011 0.036 0.043 0.033 0.027 0.036 0.056 0.079 0.017 0.047 0.02 0.053 0.087 0.011 0.093 0.045
7 V 0.065 0.024 0.017 0.018 0.018 0.019 0.024 0.025 0.01 0.148 0.146 0.028 0.065 0.039 0.016 0.034 0.047 0.006 0.021 0.227
8 L 0.13 0.035 0.024 0.026 0.015 0.055 0.042 0.044 0.021 0.064 0.166 0.043 0.029 0.049 0.021 0.05 0.039 0.01 0.071 0.068
9 R 0.052 0.177 0.041 0.039 0.008 0.108 0.074 0.039 0.024 0.025 0.045 0.165 0.017 0.016 0.023 0.051 0.038 0.006 0.018 0.033
10 L 0.044 0.024 0.014 0.015 0.016 0.016 0.02 0.021 0.01 0.114 0.383 0.025 0.049 0.054 0.014 0.024 0.033 0.007 0.022 0.095
11 L 0.045 0.022 0.014 0.016 0.016 0.015 0.019 0.021 0.01 0.169 0.311 0.024 0.045 0.051 0.014 0.024 0.035 0.007 0.021 0.122
12 G 0.123 0.029 0.038 0.035 0.016 0.024 0.036 0.211 0.015 0.05 0.054 0.041 0.016 0.022 0.024 0.113 0.053 0.005 0.016 0.079
13 N 0.064 0.043 0.235 0.071 0.012 0.033 0.05 0.065 0.027 0.025 0.035 0.053 0.013 0.019 0.023 0.122 0.06 0.005 0.016 0.032
14 K 0.05 0.127 0.135 0.053 0.008 0.045 0.06 0.048 0.024 0.025 0.039 0.181 0.014 0.016 0.023 0.057 0.042 0.005 0.017 0.03
15 K 0.053 0.076 0.032 0.033 0.011 0.04 0.052 0.035 0.017 0.112 0.084 0.199 0.022 0.025 0.023 0.043 0.039 0.005 0.018 0.08
16 A 0.177 0.027 0.024 0.025 0.018 0.021 0.031 0.132 0.013 0.062 0.162 0.036 0.027 0.031 0.022 0.058 0.041 0.006 0.018 0.07
17 H 0.041 0.045 0.053 0.038 0.008 0.038 0.053 0.038 0.363 0.023 0.038 0.045 0.015 0.03 0.019 0.041 0.026 0.008 0.057 0.023
18 L 0.045 0.022 0.014 0.016 0.016 0.015 0.019 0.021 0.01 0.169 0.311 0.024 0.045 0.051 0.014 0.024 0.035 0.007 0.021 0.122
19 A 0.182 0.03 0.026 0.028 0.019 0.023 0.035 0.057 0.014 0.064 0.164 0.039 0.028 0.032 0.024 0.088 0.049 0.006 0.019 0.073
20 L 0.059 0.029 0.022 0.022 0.016 0.024 0.027 0.109 0.014 0.096 0.156 0.034 0.121 0.04 0.016 0.038 0.039 0.007 0.021 0.111
21 F 0.033 0.019 0.017 0.017 0.01 0.01 0.019 0.025 0.017 0.063 0.113 0.019 0.025 0.394 0.01 0.025 0.025 0.017 0.088 0.054
22 V 0.053 0.02 0.016 0.017 0.016 0.014 0.021 0.024 0.011 0.149 0.13 0.023 0.03 0.156 0.014 0.029 0.039 0.009 0.043 0.186
23 C 0.102 0.022 0.017 0.019 0.176 0.016 0.023 0.035 0.009 0.095 0.138 0.027 0.027 0.031 0.018 0.042 0.042 0.005 0.017 0.139
24 F 0.042 0.026 0.019 0.018 0.012 0.02 0.025 0.026 0.026 0.068 0.125 0.028 0.072 0.19 0.014 0.031 0.031 0.017 0.146 0.064
25 Y 0.04 0.028 0.022 0.018 0.009 0.022 0.028 0.025 0.046 0.043 0.068 0.031 0.018 0.129 0.015 0.031 0.028 0.028 0.326 0.046
26 L 0.053 0.022 0.015 0.016 0.017 0.016 0.021 0.022 0.009 0.158 0.262 0.025 0.041 0.046 0.015 0.027 0.039 0.006 0.021 0.169
27 L 0.054 0.031 0.02 0.021 0.016 0.051 0.035 0.025 0.013 0.116 0.242 0.036 0.038 0.041 0.016 0.032 0.04 0.006 0.021 0.146
28 L 0.048 0.028 0.017 0.018 0.016 0.023 0.024 0.025 0.013 0.106 0.278 0.031 0.117 0.05 0.015 0.03 0.037 0.008 0.023 0.093
29 T 0.103 0.03 0.031 0.029 0.018 0.023 0.033 0.042 0.012 0.077 0.141 0.038 0.027 0.031 0.023 0.069 0.149 0.006 0.019 0.098
30 V 0.058 0.022 0.017 0.018 0.069 0.016 0.022 0.025 0.017 0.142 0.114 0.026 0.028 0.056 0.016 0.032 0.041 0.01 0.087 0.185
31 E 0.055 0.049 0.04 0.089 0.007 0.064 0.305 0.035 0.025 0.022 0.036 0.075 0.013 0.016 0.025 0.055 0.036 0.005 0.016 0.031
32 Y 0.04 0.028 0.022 0.018 0.009 0.022 0.028 0.025 0.046 0.043 0.068 0.031 0.018 0.129 0.015 0.031 0.028 0.028 0.326 0.046
33 W 0.035 0.077 0.021 0.019 0.009 0.02 0.027 0.028 0.022 0.042 0.074 0.039 0.019 0.176 0.012 0.028 0.026 0.177 0.109 0.041
34 R 0.044 0.144 0.141 0.137 0.008 0.041 0.087 0.046 0.025 0.022 0.036 0.075 0.012 0.017 0.021 0.055 0.04 0.005 0.015 0.028
35 F 0.033 0.019 0.017 0.017 0.01 0.01 0.019 0.025 0.017 0.063 0.113 0.019 0.025 0.394 0.01 0.025 0.025 0.017 0.088 0.054
36 V 0.069 0.022 0.016 0.018 0.019 0.016 0.023 0.024 0.008 0.163 0.129 0.026 0.031 0.035 0.016 0.032 0.049 0.005 0.02 0.278
37 C 0.058 0.022 0.018 0.017 0.173 0.017 0.022 0.027 0.021 0.083 0.087 0.026 0.022 0.061 0.016 0.035 0.038 0.012 0.12 0.127
38 R 0.053 0.191 0.034 0.032 0.01 0.035 0.044 0.035 0.018 0.029 0.046 0.08 0.014 0.017 0.181 0.052 0.072 0.005 0.016 0.037
39 N 0.043 0.038 0.222 0.06 0.011 0.028 0.039 0.05 0.024 0.053 0.148 0.044 0.024 0.03 0.018 0.054 0.044 0.005 0.018 0.049
40 Y 0.038 0.025 0.02 0.018 0.01 0.018 0.025 0.025 0.036 0.05 0.083 0.027 0.021 0.218 0.014 0.029 0.027 0.024 0.247 0.049
41 P 0.134 0.035 0.027 0.031 0.013 0.056 0.047 0.049 0.022 0.034 0.051 0.048 0.016 0.035 0.183 0.057 0.04 0.008 0.068 0.046
42 H 0.052 0.04 0.042 0.044 0.01 0.037 0.091 0.036 0.152 0.034 0.05 0.048 0.016 0.045 0.022 0.055 0.085 0.011 0.089 0.041
43 L 0.133 0.026 0.018 0.02 0.018 0.019 0.027 0.04 0.011 0.099 0.232 0.032 0.036 0.04 0.02 0.046 0.041 0.006 0.02 0.116
44 L 0.046 0.033 0.12 0.039 0.014 0.026 0.032 0.038 0.019 0.078 0.203 0.038 0.077 0.04 0.017 0.043 0.04 0.006 0.02 0.071
45 G 0.054 0.037 0.139 0.051 0.009 0.03 0.042 0.206 0.136 0.021 0.032 0.044 0.012 0.021 0.019 0.054 0.035 0.006 0.028 0.024
46 F 0.033 0.019 0.017 0.017 0.01 0.01 0.019 0.025 0.017 0.063 0.113 0.019 0.025 0.394 0.01 0.025 0.025 0.017 0.088 0.054
47 D 0.05 0.032 0.046 0.153 0.011 0.028 0.055 0.036 0.13 0.069 0.065 0.038 0.019 0.027 0.019 0.042 0.037 0.006 0.029 0.108
48 L 0.039 0.024 0.016 0.016 0.012 0.017 0.022 0.025 0.018 0.074 0.22 0.025 0.033 0.068 0.012 0.025 0.029 0.174 0.088 0.065
49 A 0.149 0.036 0.042 0.039 0.019 0.029 0.044 0.061 0.016 0.041 0.054 0.048 0.017 0.022 0.029 0.143 0.13 0.005 0.017 0.058
50 C 0.059 0.022 0.022 0.02 0.171 0.017 0.023 0.109 0.022 0.059 0.07 0.027 0.018 0.058 0.016 0.038 0.034 0.012 0.118 0.084
51 G 0.083 0.035 0.083 0.108 0.013 0.029 0.052 0.162 0.019 0.025 0.035 0.047 0.013 0.018 0.025 0.142 0.058 0.005 0.015 0.033
52 A 0.183 0.031 0.031 0.032 0.018 0.025 0.039 0.059 0.014 0.043 0.057 0.044 0.017 0.021 0.107 0.08 0.116 0.005 0.017 0.062
53 V 0.07 0.026 0.025 0.024 0.019 0.02 0.028 0.031 0.01 0.126 0.107 0.032 0.027 0.031 0.02 0.052 0.118 0.006 0.019 0.209
54 T 0.11 0.034 0.04 0.036 0.018 0.027 0.039 0.049 0.014 0.051 0.063 0.045 0.019 0.023 0.028 0.09 0.221 0.006 0.018 0.07
55 V 0.054 0.02 0.016 0.017 0.016 0.014 0.02 0.023 0.01 0.192 0.14 0.024 0.032 0.098 0.015 0.028 0.041 0.007 0.032 0.2
56 C 0.065 0.021 0.017 0.017 0.175 0.017 0.021 0.028 0.009 0.113 0.118 0.026 0.049 0.032 0.016 0.036 0.043 0.005 0.018 0.173
57 C 0.063 0.02 0.016 0.017 0.176 0.015 0.02 0.026 0.008 0.115 0.15 0.024 0.029 0.033 0.016 0.034 0.042 0.005 0.018 0.174
58 G 0.077 0.023 0.039 0.033 0.011 0.019 0.025 0.516 0.013 0.019 0.028 0.033 0.009 0.016 0.019 0.051 0.029 0.005 0.011 0.024
59 F 0.037 0.021 0.016 0.016 0.012 0.012 0.019 0.024 0.014 0.08 0.203 0.021 0.033 0.281 0.012 0.025 0.028 0.013 0.066 0.068
60 L 0.1 0.024 0.021 0.021 0.017 0.018 0.025 0.114 0.011 0.102 0.185 0.03 0.031 0.036 0.018 0.041 0.04 0.006 0.019 0.14
61 L 0.048 0.028 0.017 0.017 0.016 0.022 0.024 0.024 0.013 0.107 0.289 0.03 0.11 0.051 0.015 0.03 0.036 0.007 0.023 0.093
62 L 0.052 0.023 0.015 0.016 0.017 0.016 0.021 0.022 0.009 0.13 0.298 0.025 0.043 0.048 0.015 0.027 0.038 0.006 0.021 0.156
63 A 0.169 0.027 0.022 0.024 0.017 0.021 0.031 0.052 0.016 0.059 0.099 0.034 0.045 0.15 0.021 0.056 0.04 0.01 0.042 0.067
64 A 0.215 0.03 0.023 0.025 0.02 0.024 0.035 0.06 0.014 0.064 0.135 0.039 0.048 0.031 0.025 0.066 0.045 0.006 0.019 0.076
65 L 0.05 0.027 0.02 0.019 0.016 0.02 0.024 0.026 0.012 0.101 0.299 0.03 0.064 0.048 0.017 0.037 0.071 0.007 0.022 0.09
66 V 0.14 0.028 0.02 0.022 0.019 0.023 0.03 0.043 0.013 0.101 0.127 0.035 0.073 0.035 0.021 0.051 0.046 0.006 0.02 0.146
67 F 0.089 0.022 0.018 0.019 0.015 0.016 0.024 0.034 0.013 0.087 0.099 0.026 0.024 0.157 0.015 0.037 0.037 0.091 0.05 0.127
68 L 0.052 0.133 0.023 0.021 0.014 0.027 0.032 0.026 0.014 0.1 0.186 0.056 0.032 0.035 0.016 0.034 0.039 0.006 0.02 0.135
69 L 0.047 0.024 0.016 0.017 0.016 0.019 0.022 0.023 0.012 0.164 0.248 0.028 0.085 0.048 0.015 0.028 0.037 0.007 0.022 0.12
70 F 0.033 0.019 0.017 0.017 0.01 0.01 0.019 0.025 0.017 0.063 0.113 0.019 0.025 0.394 0.01 0.025 0.025 0.017 0.088 0.054
71 L 0.055 0.05 0.024 0.025 0.014 0.027 0.037 0.03 0.014 0.093 0.14 0.112 0.028 0.092 0.019 0.037 0.039 0.007 0.031 0.128
72 L 0.048 0.03 0.118 0.038 0.014 0.022 0.03 0.036 0.017 0.091 0.223 0.035 0.033 0.039 0.016 0.04 0.041 0.006 0.02 0.103
73 K 0.056 0.079 0.035 0.038 0.009 0.042 0.059 0.04 0.018 0.027 0.04 0.205 0.014 0.014 0.185 0.05 0.038 0.004 0.016 0.032
74 P 0.075 0.084 0.038 0.037 0.012 0.029 0.042 0.125 0.017 0.025 0.038 0.057 0.013 0.017 0.183 0.107 0.05 0.004 0.015 0.033
75 E 0.07 0.035 0.036 0.052 0.014 0.037 0.125 0.04 0.018 0.11 0.081 0.05 0.022 0.027 0.023 0.103 0.052 0.005 0.018 0.082
76 S 0.086 0.036 0.058 0.167 0.014 0.032 0.065 0.059 0.019 0.027 0.037 0.05 0.013 0.019 0.027 0.17 0.066 0.005 0.015 0.036
77 D 0.063 0.035 0.106 0.232 0.011 0.031 0.071 0.056 0.021 0.025 0.033 0.049 0.012 0.017 0.024 0.114 0.053 0.004 0.014 0.03
78 F 0.048 0.02 0.024 0.022 0.011 0.013 0.021 0.189 0.016 0.048 0.085 0.024 0.02 0.268 0.013 0.034 0.027 0.013 0.062 0.044
79 A 0.161 0.034 0.037 0.036 0.018 0.027 0.043 0.062 0.016 0.048 0.104 0.046 0.022 0.026 0.027 0.147 0.062 0.006 0.018 0.059
80 Y 0.04 0.028 0.022 0.018 0.009 0.022 0.028 0.025 0.046 0.043 0.068 0.031 0.018 0.129 0.015 0.031 0.028 0.028 0.326 0.046
81 A 0.261 0.029 0.024 0.027 0.021 0.024 0.037 0.069 0.014 0.063 0.07 0.041 0.02 0.024 0.027 0.075 0.049 0.005 0.018 0.103
82 L 0.053 0.021 0.015 0.017 0.017 0.015 0.02 0.022 0.009 0.186 0.226 0.025 0.039 0.044 0.015 0.027 0.04 0.006 0.021 0.182
83 S 0.14 0.038 0.049 0.045 0.018 0.032 0.05 0.067 0.018 0.032 0.044 0.052 0.016 0.021 0.029 0.205 0.076 0.005 0.017 0.046
84 L 0.057 0.028 0.019 0.019 0.017 0.024 0.026 0.027 0.013 0.12 0.172 0.032 0.124 0.043 0.016 0.035 0.043 0.007 0.023 0.153
85 F 0.039 0.021 0.017 0.017 0.012 0.014 0.02 0.025 0.015 0.105 0.135 0.022 0.051 0.278 0.012 0.027 0.03 0.013 0.066 0.081
86 V 0.069 0.022 0.016 0.018 0.019 0.016 0.023 0.024 0.008 0.163 0.129 0.026 0.031 0.035 0.016 0.032 0.049 0.005 0.02 0.278
87 A 0.299 0.031 0.025 0.029 0.021 0.025 0.04 0.077 0.015 0.043 0.059 0.044 0.017 0.021 0.029 0.084 0.049 0.005 0.017 0.068
88 L 0.053 0.021 0.015 0.017 0.017 0.015 0.02 0.022 0.009 0.186 0.226 0.025 0.039 0.044 0.015 0.027 0.04 0.006 0.021 0.182
89 L 0.053 0.028 0.024 0.022 0.017 0.02 0.026 0.028 0.011 0.094 0.277 0.032 0.039 0.044 0.018 0.047 0.107 0.007 0.021 0.087
90 F 0.034 0.02 0.017 0.017 0.01 0.012 0.02 0.025 0.022 0.059 0.105 0.021 0.024 0.35 0.011 0.026 0.026 0.019 0.127 0.053
91 C 0.142 0.021 0.019 0.021 0.334 0.016 0.024 0.047 0.01 0.044 0.062 0.028 0.016 0.02 0.021 0.055 0.041 0.004 0.014 0.06
92 L 0.058 0.022 0.015 0.017 0.018 0.016 0.021 0.023 0.009 0.159 0.218 0.025 0.038 0.042 0.015 0.029 0.042 0.006 0.021 0.205
93 P 0.056 0.025 0.023 0.031 0.01 0.02 0.036 0.036 0.013 0.025 0.036 0.041 0.01 0.013 0.5 0.043 0.036 0.003 0.013 0.031
94 A 0.204 0.035 0.039 0.039 0.019 0.029 0.046 0.071 0.017 0.036 0.05 0.049 0.016 0.021 0.029 0.157 0.065 0.005 0.017 0.055
95 I 0.047 0.017 0.015 0.017 0.016 0.013 0.017 0.02 0.009 0.28 0.166 0.023 0.036 0.044 0.015 0.025 0.039 0.006 0.02 0.175
96 I 0.054 0.019 0.015 0.018 0.017 0.014 0.019 0.022 0.008 0.241 0.153 0.024 0.035 0.041 0.015 0.027 0.042 0.006 0.02 0.209
97 L 0.047 0.028 0.019 0.019 0.015 0.023 0.025 0.027 0.016 0.09 0.174 0.031 0.136 0.135 0.015 0.033 0.036 0.01 0.04 0.082
98 F 0.036 0.022 0.018 0.017 0.01 0.015 0.022 0.025 0.028 0.055 0.096 0.023 0.023 0.296 0.012 0.027 0.026 0.021 0.178 0.051
99 Q 0.055 0.072 0.043 0.046 0.009 0.226 0.101 0.041 0.029 0.026 0.046 0.09 0.02 0.014 0.023 0.055 0.041 0.006 0.02 0.035
100 F 0.038 0.018 0.016 0.017 0.013 0.011 0.018 0.023 0.014 0.145 0.132 0.02 0.029 0.264 0.012 0.025 0.03 0.013 0.062 0.099
101 G 0.077 0.023 0.039 0.033 0.011 0.019 0.025 0.517 0.013 0.019 0.028 0.033 0.009 0.016 0.019 0.051 0.029 0.005 0.011 0.024
102 N 0.054 0.054 0.183 0.059 0.009 0.034 0.048 0.172 0.024 0.023 0.033 0.107 0.012 0.017 0.021 0.06 0.041 0.005 0.015 0.027
103 G 0.128 0.026 0.031 0.029 0.135 0.021 0.03 0.167 0.012 0.039 0.054 0.035 0.015 0.02 0.023 0.066 0.093 0.005 0.014 0.054
104 S 0.099 0.038 0.051 0.045 0.017 0.031 0.048 0.06 0.018 0.035 0.047 0.051 0.016 0.021 0.029 0.196 0.125 0.005 0.017 0.048
105 I 0.054 0.02 0.017 0.021 0.015 0.016 0.023 0.025 0.01 0.188 0.124 0.028 0.028 0.034 0.137 0.031 0.041 0.005 0.018 0.165
106 F 0.032 0.02 0.016 0.016 0.01 0.012 0.02 0.026 0.016 0.054 0.097 0.02 0.023 0.312 0.01 0.024 0.024 0.137 0.082 0.048
107 G 0.123 0.025 0.026 0.028 0.015 0.02 0.03 0.163 0.012 0.077 0.067 0.036 0.018 0.022 0.141 0.052 0.04 0.005 0.015 0.087
108 P 0.119 0.024 0.022 0.027 0.133 0.02 0.032 0.045 0.012 0.034 0.048 0.036 0.013 0.017 0.262 0.053 0.039 0.004 0.014 0.046
109 I 0.046 0.019 0.014 0.017 0.016 0.014 0.018 0.02 0.009 0.24 0.22 0.024 0.039 0.046 0.014 0.024 0.038 0.006 0.021 0.154
110 Y 0.04 0.028 0.021 0.018 0.009 0.021 0.028 0.025 0.046 0.043 0.067 0.031 0.018 0.129 0.015 0.031 0.028 0.028 0.328 0.046
111 S 0.104 0.039 0.052 0.047 0.017 0.032 0.05 0.062 0.018 0.032 0.044 0.052 0.016 0.021 0.029 0.214 0.103 0.005 0.017 0.045
112 L 0.051 0.023 0.015 0.017 0.017 0.017 0.021 0.023 0.01 0.145 0.269 0.026 0.058 0.047 0.015 0.028 0.038 0.007 0.022 0.15
113 L 0.044 0.024 0.014 0.015 0.016 0.016 0.02 0.021 0.01 0.114 0.385 0.025 0.049 0.054 0.014 0.024 0.033 0.007 0.022 0.095
114 F 0.036 0.02 0.016 0.016 0.012 0.012 0.019 0.024 0.015 0.075 0.181 0.02 0.031 0.31 0.011 0.025 0.027 0.014 0.071 0.064
115 V 0.062 0.025 0.023 0.022 0.017 0.018 0.026 0.029 0.011 0.116 0.142 0.029 0.03 0.08 0.018 0.045 0.096 0.007 0.028 0.176
116 V 0.05 0.022 0.017 0.018 0.014 0.016 0.022 0.024 0.02 0.122 0.114 0.025 0.027 0.15 0.014 0.029 0.036 0.014 0.114 0.152
117 L 0.108 0.026 0.017 0.019 0.017 0.018 0.025 0.035 0.011 0.096 0.303 0.03 0.041 0.046 0.018 0.039 0.037 0.007 0.021 0.088
118 L 0.048 0.02 0.015 0.017 0.016 0.015 0.019 0.021 0.009 0.204 0.243 0.024 0.04 0.046 0.015 0.025 0.038 0.006 0.021 0.158
119 R 0.07 0.125 0.044 0.041 0.013 0.083 0.061 0.045 0.021 0.033 0.049 0.077 0.018 0.019 0.025 0.105 0.103 0.006 0.018 0.044
120 S 0.099 0.037 0.047 0.043 0.017 0.03 0.046 0.057 0.017 0.049 0.055 0.049 0.018 0.023 0.027 0.189 0.099 0.005 0.018 0.075
121 P 0.069 0.049 0.035 0.038 0.012 0.032 0.048 0.045 0.016 0.027 0.039 0.106 0.013 0.015 0.265 0.093 0.048 0.004 0.015 0.034
122 L 0.043 0.023 0.016 0.016 0.014 0.017 0.021 0.022 0.019 0.138 0.251 0.026 0.038 0.07 0.014 0.026 0.033 0.012 0.098 0.102
123 K 0.057 0.107 0.042 0.042 0.009 0.054 0.071 0.043 0.021 0.028 0.043 0.278 0.016 0.016 0.028 0.054 0.04 0.005 0.017 0.033
124 L 0.045 0.02 0.014 0.017 0.016 0.014 0.018 0.021 0.009 0.219 0.248 0.024 0.041 0.047 0.014 0.024 0.037 0.006 0.021 0.144
125 R 0.055 0.178 0.034 0.031 0.011 0.042 0.051 0.034 0.018 0.059 0.065 0.159 0.019 0.021 0.021 0.044 0.04 0.005 0.018 0.093
126 L 0.052 0.022 0.018 0.019 0.017 0.016 0.021 0.024 0.01 0.196 0.203 0.027 0.037 0.043 0.016 0.034 0.066 0.006 0.02 0.154
127 P 0.059 0.035 0.027 0.032 0.01 0.024 0.039 0.097 0.014 0.025 0.036 0.071 0.011 0.013 0.381 0.045 0.035 0.003 0.013 0.03
128 K 0.058 0.107 0.042 0.041 0.011 0.111 0.072 0.041 0.022 0.033 0.05 0.132 0.018 0.017 0.025 0.062 0.094 0.006 0.018 0.042
129 F 0.032 0.02 0.016 0.016 0.01 0.012 0.02 0.026 0.016 0.054 0.097 0.02 0.023 0.312 0.01 0.024 0.024 0.137 0.082 0.048
130 R 0.05 0.232 0.035 0.031 0.01 0.038 0.046 0.035 0.019 0.027 0.046 0.09 0.015 0.017 0.141 0.05 0.063 0.005 0.016 0.035
131 I 0.064 0.024 0.024 0.025 0.017 0.019 0.027 0.032 0.011 0.183 0.157 0.031 0.032 0.038 0.018 0.077 0.05 0.006 0.02 0.144
132 P 0.117 0.047 0.028 0.033 0.013 0.03 0.045 0.048 0.015 0.03 0.043 0.103 0.013 0.015 0.265 0.056 0.04 0.004 0.015 0.04
133 R 0.06 0.125 0.035 0.032 0.013 0.058 0.05 0.035 0.017 0.066 0.071 0.095 0.021 0.023 0.022 0.055 0.095 0.006 0.018 0.103
134 V 0.064 0.022 0.016 0.018 0.018 0.017 0.023 0.024 0.009 0.169 0.141 0.027 0.05 0.038 0.016 0.032 0.046 0.006 0.021 0.243
135 P 0.068 0.046 0.035 0.036 0.011 0.03 0.044 0.162 0.016 0.025 0.036 0.102 0.012 0.015 0.203 0.071 0.041 0.004 0.014 0.031
136 D 0.053 0.044 0.043 0.141 0.009 0.084 0.132 0.038 0.021 0.041 0.048 0.06 0.016 0.017 0.082 0.05 0.038 0.005 0.016 0.061
137 R 0.047 0.292 0.039 0.033 0.008 0.049 0.056 0.035 0.022 0.024 0.045 0.161 0.015 0.017 0.021 0.046 0.036 0.006 0.017 0.031
138 W 0.044 0.03 0.032 0.027 0.011 0.023 0.033 0.034 0.102 0.042 0.067 0.033 0.019 0.127 0.016 0.045 0.083 0.132 0.057 0.044
139 Q 0.055 0.081 0.043 0.045 0.009 0.183 0.093 0.041 0.027 0.026 0.045 0.14 0.019 0.015 0.024 0.054 0.04 0.006 0.019 0.034
140 R 0.05 0.189 0.027 0.023 0.013 0.032 0.036 0.028 0.016 0.08 0.151 0.072 0.028 0.031 0.017 0.036 0.038 0.006 0.019 0.109
141 P 0.045 0.024 0.02 0.023 0.009 0.018 0.029 0.031 0.018 0.033 0.053 0.032 0.014 0.087 0.256 0.034 0.03 0.132 0.075 0.035
142 V 0.063 0.022 0.016 0.017 0.018 0.016 0.022 0.023 0.009 0.15 0.192 0.026 0.036 0.04 0.016 0.03 0.045 0.006 0.021 0.233
143 L 0.046 0.026 0.015 0.016 0.016 0.019 0.022 0.023 0.011 0.11 0.337 0.028 0.08 0.052 0.014 0.027 0.035 0.007 0.022 0.094
144 P 0.051 0.023 0.019 0.023 0.013 0.017 0.027 0.028 0.011 0.112 0.155 0.032 0.026 0.031 0.258 0.034 0.036 0.004 0.017 0.082
145 L 0.151 0.026 0.022 0.023 0.018 0.02 0.029 0.105 0.012 0.087 0.154 0.033 0.028 0.032 0.021 0.052 0.042 0.006 0.018 0.122
146 L 0.05 0.023 0.015 0.016 0.017 0.016 0.021 0.022 0.009 0.126 0.321 0.025 0.044 0.049 0.015 0.026 0.037 0.007 0.022 0.141
147 A 0.193 0.029 0.03 0.031 0.138 0.024 0.037 0.063 0.014 0.04 0.056 0.04 0.017 0.021 0.026 0.11 0.054 0.005 0.016 0.058
148 L 0.109 0.024 0.017 0.019 0.017 0.018 0.024 0.035 0.011 0.138 0.248 0.029 0.038 0.043 0.018 0.039 0.039 0.006 0.02 0.108
149 L 0.109 0.024 0.017 0.019 0.017 0.018 0.024 0.035 0.011 0.138 0.248 0.029 0.038 0.043 0.018 0.039 0.039 0.006 0.02 0.108
150 A 0.179 0.027 0.022 0.024 0.137 0.023 0.031 0.053 0.013 0.057 0.094 0.036 0.056 0.028 0.023 0.061 0.043 0.006 0.018 0.071
151 L 0.046 0.026 0.015 0.016 0.016 0.019 0.022 0.023 0.011 0.11 0.337 0.028 0.08 0.052 0.014 0.027 0.035 0.007 0.022 0.094
152 I 0.046 0.019 0.014 0.017 0.016 0.014 0.018 0.02 0.009 0.24 0.22 0.024 0.039 0.046 0.014 0.024 0.038 0.006 0.021 0.154
153 P 0.056 0.025 0.023 0.031 0.01 0.02 0.036 0.036 0.013 0.025 0.036 0.041 0.01 0.013 0.501 0.043 0.036 0.003 0.013 0.031
154 F 0.033 0.019 0.017 0.017 0.01 0.01 0.019 0.025 0.017 0.062 0.113 0.019 0.025 0.396 0.01 0.025 0.025 0.017 0.087 0.054
155 V 0.066 0.023 0.018 0.021 0.017 0.017 0.026 0.027 0.009 0.128 0.105 0.029 0.026 0.03 0.137 0.035 0.045 0.005 0.018 0.217
156 L 0.05 0.023 0.015 0.016 0.017 0.016 0.021 0.022 0.009 0.126 0.321 0.025 0.044 0.049 0.015 0.026 0.037 0.007 0.022 0.141
157 A 0.137 0.032 0.034 0.033 0.019 0.025 0.038 0.052 0.014 0.072 0.073 0.042 0.021 0.025 0.025 0.11 0.109 0.005 0.018 0.115
158 Y 0.038 0.025 0.02 0.018 0.009 0.019 0.025 0.025 0.039 0.048 0.079 0.028 0.02 0.196 0.014 0.029 0.027 0.025 0.268 0.048
159 G 0.072 0.043 0.039 0.035 0.01 0.027 0.036 0.399 0.015 0.021 0.032 0.097 0.011 0.016 0.021 0.051 0.032 0.005 0.012 0.026
160 F 0.034 0.02 0.016 0.016 0.011 0.012 0.019 0.025 0.016 0.065 0.139 0.02 0.027 0.311 0.011 0.025 0.026 0.076 0.077 0.056
161 N 0.041 0.041 0.159 0.146 0.008 0.034 0.06 0.05 0.153 0.022 0.033 0.048 0.012 0.022 0.02 0.054 0.037 0.005 0.03 0.024
162 I 0.048 0.02 0.015 0.017 0.015 0.014 0.019 0.023 0.011 0.176 0.17 0.023 0.034 0.131 0.014 0.027 0.037 0.009 0.037 0.161
163 D 0.041 0.037 0.197 0.244 0.008 0.031 0.069 0.055 0.025 0.022 0.029 0.049 0.01 0.016 0.021 0.06 0.042 0.004 0.013 0.025
164 F 0.1 0.022 0.019 0.02 0.013 0.014 0.024 0.038 0.016 0.057 0.099 0.025 0.023 0.302 0.015 0.04 0.031 0.014 0.07 0.058
165 S 0.079 0.057 0.119 0.055 0.013 0.038 0.055 0.059 0.022 0.027 0.039 0.112 0.014 0.019 0.026 0.146 0.062 0.005 0.017 0.035
166 L 0.066 0.027 0.024 0.024 0.017 0.02 0.029 0.033 0.012 0.105 0.235 0.032 0.036 0.041 0.018 0.078 0.049 0.006 0.02 0.128
167 F 0.035 0.019 0.016 0.016 0.011 0.011 0.019 0.025 0.016 0.069 0.147 0.019 0.028 0.353 0.011 0.025 0.026 0.015 0.079 0.059
168 G 0.091 0.034 0.047 0.042 0.016 0.028 0.042 0.173 0.016 0.032 0.044 0.046 0.015 0.02 0.026 0.151 0.112 0.005 0.016 0.044
169 L 0.045 0.026 0.018 0.018 0.015 0.02 0.023 0.025 0.015 0.093 0.221 0.029 0.105 0.136 0.014 0.03 0.034 0.01 0.039 0.083
170 G 0.077 0.023 0.039 0.033 0.011 0.019 0.025 0.517 0.013 0.019 0.028 0.033 0.009 0.016 0.019 0.051 0.029 0.005 0.011 0.024
171 S 0.081 0.036 0.04 0.044 0.016 0.032 0.074 0.048 0.017 0.052 0.129 0.048 0.024 0.029 0.025 0.14 0.085 0.006 0.018 0.057
172 E 0.049 0.046 0.15 0.113 0.008 0.049 0.192 0.047 0.027 0.022 0.034 0.064 0.012 0.017 0.023 0.059 0.041 0.005 0.016 0.029
173 L 0.059 0.028 0.028 0.027 0.017 0.021 0.029 0.032 0.011 0.125 0.17 0.034 0.031 0.036 0.021 0.058 0.147 0.006 0.019 0.102
174 Y 0.04 0.028 0.021 0.018 0.009 0.021 0.028 0.025 0.046 0.043 0.067 0.031 0.018 0.129 0.015 0.031 0.028 0.028 0.328 0.046
175 D 0.076 0.034 0.056 0.28 0.009 0.037 0.138 0.047 0.02 0.025 0.034 0.052 0.011 0.016 0.024 0.056 0.037 0.004 0.013 0.031
176 V 0.121 0.107 0.024 0.024 0.017 0.026 0.034 0.04 0.013 0.097 0.09 0.053 0.024 0.027 0.02 0.048 0.045 0.005 0.019 0.164
177 R 0.044 0.355 0.038 0.031 0.008 0.048 0.052 0.032 0.023 0.023 0.046 0.118 0.015 0.017 0.019 0.044 0.034 0.006 0.017 0.031
178 A 0.27 0.033 0.027 0.037 0.02 0.03 0.073 0.072 0.016 0.04 0.056 0.048 0.017 0.021 0.029 0.08 0.048 0.005 0.017 0.063
179 A 0.208 0.037 0.031 0.052 0.016 0.04 0.14 0.061 0.019 0.035 0.05 0.055 0.016 0.019 0.028 0.073 0.044 0.005 0.017 0.054
180 A 0.243 0.028 0.023 0.026 0.021 0.023 0.036 0.064 0.013 0.072 0.076 0.039 0.021 0.025 0.026 0.071 0.049 0.005 0.018 0.121
181 R 0.069 0.13 0.037 0.034 0.013 0.037 0.049 0.041 0.018 0.06 0.065 0.122 0.019 0.022 0.023 0.09 0.051 0.005 0.018 0.096
182 A 0.228 0.034 0.036 0.036 0.02 0.028 0.044 0.073 0.016 0.038 0.052 0.047 0.017 0.021 0.029 0.139 0.061 0.005 0.017 0.058
183 A 0.174 0.161 0.032 0.031 0.015 0.037 0.048 0.056 0.018 0.033 0.052 0.102 0.016 0.019 0.025 0.065 0.042 0.005 0.017 0.049
184 G 0.073 0.029 0.04 0.041 0.012 0.026 0.064 0.338 0.015 0.027 0.038 0.041 0.012 0.018 0.022 0.061 0.087 0.005 0.013 0.036
185 N 0.053 0.041 0.22 0.065 0.012 0.031 0.045 0.056 0.024 0.034 0.043 0.05 0.014 0.02 0.023 0.077 0.127 0.005 0.016 0.043
186 I 0.055 0.023 0.022 0.022 0.017 0.017 0.024 0.027 0.01 0.188 0.163 0.029 0.033 0.039 0.018 0.042 0.094 0.006 0.02 0.151
187 L 0.039 0.021 0.015 0.016 0.013 0.013 0.019 0.023 0.013 0.088 0.249 0.022 0.037 0.225 0.012 0.024 0.029 0.012 0.055 0.074
188 T 0.072 0.035 0.043 0.037 0.018 0.027 0.039 0.043 0.014 0.053 0.064 0.045 0.019 0.023 0.027 0.091 0.258 0.006 0.018 0.07
189 A 0.253 0.033 0.032 0.034 0.02 0.027 0.043 0.074 0.016 0.039 0.054 0.046 0.017 0.021 0.029 0.121 0.057 0.005 0.017 0.061
190 Y 0.04 0.028 0.021 0.018 0.009 0.021 0.028 0.025 0.046 0.043 0.067 0.031 0.018 0.129 0.015 0.031 0.028 0.028 0.328 0.046
191 L 0.044 0.024 0.014 0.015 0.016 0.016 0.02 0.021 0.01 0.114 0.385 0.025 0.049 0.054 0.014 0.024 0.033 0.007 0.022 0.095
192 L 0.046 0.027 0.018 0.018 0.015 0.022 0.024 0.026 0.015 0.092 0.197 0.03 0.12 0.135 0.014 0.031 0.035 0.01 0.039 0.082
193 G 0.077 0.023 0.039 0.033 0.011 0.019 0.025 0.517 0.013 0.019 0.028 0.033 0.009 0.016 0.019 0.051 0.029 0.005 0.011 0.024
194 P 0.056 0.025 0.023 0.031 0.01 0.02 0.036 0.036 0.013 0.025 0.036 0.041 0.01 0.013 0.501 0.043 0.036 0.003 0.013 0.031
195 L 0.044 0.024 0.014 0.015 0.016 0.016 0.02 0.021 0.01 0.114 0.385 0.025 0.049 0.054 0.014 0.024 0.033 0.007 0.022 0.095
196 C 0.062 0.107 0.028 0.025 0.134 0.026 0.032 0.033 0.013 0.07 0.076 0.052 0.02 0.024 0.02 0.052 0.094 0.005 0.017 0.109
197 K 0.055 0.087 0.036 0.036 0.01 0.046 0.059 0.039 0.019 0.045 0.08 0.225 0.055 0.023 0.024 0.048 0.039 0.006 0.019 0.047
198 V 0.069 0.022 0.016 0.018 0.019 0.016 0.023 0.024 0.008 0.162 0.128 0.026 0.031 0.035 0.016 0.032 0.049 0.005 0.02 0.28
199 L 0.052 0.025 0.016 0.017 0.017 0.019 0.023 0.023 0.011 0.122 0.273 0.028 0.075 0.048 0.015 0.029 0.039 0.007 0.022 0.14
200 L 0.044 0.024 0.014 0.015 0.016 0.016 0.02 0.021 0.01 0.114 0.385 0.025 0.049 0.054 0.014 0.024 0.033 0.007 0.022 0.095
201 P 0.056 0.025 0.023 0.031 0.01 0.02 0.036 0.036 0.013 0.025 0.036 0.041 0.01 0.013 0.501 0.043 0.036 0.003 0.013 0.031
202 L 0.048 0.026 0.017 0.018 0.016 0.021 0.023 0.024 0.013 0.148 0.234 0.03 0.108 0.048 0.015 0.03 0.038 0.007 0.022 0.113
203 L 0.108 0.026 0.017 0.019 0.017 0.018 0.025 0.035 0.011 0.096 0.303 0.03 0.041 0.046 0.018 0.039 0.037 0.007 0.021 0.088
204 L 0.045 0.021 0.014 0.016 0.016 0.015 0.019 0.021 0.009 0.198 0.275 0.024 0.043 0.049 0.014 0.024 0.036 0.006 0.021 0.134
205 V 0.057 0.021 0.015 0.017 0.017 0.015 0.021 0.022 0.009 0.18 0.202 0.025 0.037 0.042 0.015 0.028 0.042 0.006 0.021 0.207
206 Y 0.038 0.025 0.018 0.017 0.01 0.018 0.024 0.025 0.029 0.057 0.143 0.027 0.025 0.093 0.013 0.027 0.028 0.141 0.186 0.054
207 G 0.077 0.023 0.039 0.033 0.011 0.019 0.025 0.517 0.013 0.019 0.028 0.033 0.009 0.016 0.019 0.051 0.029 0.005 0.011 0.024
208 L 0.054 0.025 0.017 0.018 0.017 0.02 0.023 0.024 0.011 0.162 0.194 0.029 0.088 0.044 0.015 0.031 0.041 0.007 0.022 0.159
209 L 0.117 0.046 0.027 0.028 0.075 0.028 0.039 0.045 0.014 0.058 0.137 0.097 0.025 0.028 0.023 0.057 0.067 0.006 0.018 0.064
210 Y 0.041 0.033 0.108 0.13 0.009 0.027 0.049 0.04 0.036 0.033 0.049 0.04 0.014 0.073 0.018 0.046 0.035 0.016 0.167 0.036
211 L 0.039 0.022 0.015 0.016 0.013 0.013 0.02 0.023 0.013 0.089 0.246 0.022 0.037 0.222 0.012 0.025 0.029 0.012 0.055 0.075
212 R 0.048 0.247 0.039 0.046 0.008 0.052 0.118 0.034 0.023 0.023 0.043 0.129 0.015 0.017 0.022 0.048 0.035 0.006 0.017 0.031
213 K 0.052 0.199 0.04 0.037 0.008 0.051 0.063 0.039 0.021 0.026 0.044 0.225 0.015 0.016 0.024 0.049 0.037 0.005 0.017 0.032
214 K 0.057 0.068 0.041 0.082 0.01 0.039 0.059 0.041 0.026 0.031 0.047 0.164 0.015 0.044 0.024 0.069 0.041 0.011 0.094 0.036
215 W 0.033 0.023 0.015 0.015 0.01 0.015 0.022 0.028 0.014 0.051 0.135 0.023 0.023 0.058 0.009 0.023 0.025 0.377 0.056 0.046
216 W 0.033 0.023 0.015 0.015 0.01 0.015 0.022 0.028 0.014 0.051 0.135 0.023 0.023 0.058 0.009 0.023 0.025 0.377 0.056 0.046
217 L 0.118 0.029 0.02 0.022 0.018 0.024 0.03 0.039 0.014 0.101 0.144 0.035 0.099 0.038 0.019 0.047 0.044 0.007 0.021 0.132
218 A 0.137 0.032 0.034 0.033 0.019 0.025 0.038 0.052 0.014 0.072 0.073 0.042 0.021 0.025 0.025 0.11 0.109 0.005 0.018 0.115
219 L 0.175 0.027 0.02 0.022 0.019 0.021 0.03 0.049 0.012 0.084 0.19 0.034 0.031 0.035 0.022 0.055 0.043 0.006 0.019 0.104
220 L 0.106 0.023 0.018 0.02 0.016 0.016 0.024 0.036 0.012 0.125 0.18 0.028 0.032 0.129 0.017 0.039 0.037 0.009 0.037 0.098
221 G 0.189 0.027 0.032 0.031 0.016 0.022 0.033 0.297 0.014 0.031 0.043 0.039 0.013 0.019 0.024 0.067 0.039 0.005 0.014 0.046
222 V 0.117 0.025 0.019 0.021 0.018 0.021 0.027 0.037 0.012 0.146 0.137 0.032 0.064 0.037 0.019 0.044 0.044 0.006 0.02 0.153
223 L 0.101 0.028 0.026 0.026 0.018 0.021 0.031 0.04 0.012 0.102 0.162 0.035 0.03 0.034 0.021 0.086 0.053 0.006 0.02 0.147
224 G 0.121 0.023 0.023 0.023 0.135 0.018 0.025 0.162 0.011 0.055 0.134 0.03 0.023 0.028 0.019 0.05 0.037 0.005 0.015 0.061
225 L 0.05 0.031 0.019 0.019 0.016 0.026 0.027 0.027 0.015 0.101 0.218 0.034 0.157 0.048 0.016 0.034 0.039 0.008 0.024 0.092
226 L 0.044 0.024 0.014 0.015 0.016 0.016 0.02 0.021 0.01 0.114 0.385 0.025 0.049 0.054 0.014 0.024 0.033 0.007 0.022 0.095
227 Y 0.038 0.025 0.02 0.018 0.009 0.019 0.025 0.025 0.039 0.048 0.079 0.028 0.02 0.196 0.014 0.029 0.027 0.025 0.268 0.048
228 L 0.045 0.021 0.014 0.016 0.016 0.015 0.019 0.021 0.009 0.198 0.275 0.024 0.043 0.049 0.014 0.024 0.036 0.006 0.021 0.134
229 F 0.033 0.019 0.017 0.017 0.01 0.01 0.019 0.025 0.017 0.062 0.113 0.019 0.025 0.396 0.01 0.025 0.025 0.017 0.087 0.054
230 L 0.11 0.028 0.018 0.02 0.017 0.021 0.027 0.037 0.013 0.092 0.255 0.032 0.072 0.044 0.018 0.042 0.039 0.007 0.021 0.087
231 V 0.063 0.022 0.016 0.017 0.018 0.016 0.022 0.023 0.009 0.15 0.192 0.026 0.036 0.04 0.016 0.03 0.045 0.006 0.021 0.233
232 N 0.059 0.043 0.259 0.073 0.011 0.033 0.049 0.065 0.028 0.024 0.034 0.053 0.012 0.018 0.022 0.109 0.057 0.005 0.016 0.03
233 P 0.056 0.025 0.023 0.031 0.01 0.02 0.036 0.036 0.013 0.025 0.036 0.041 0.01 0.013 0.501 0.043 0.036 0.003 0.013 0.031
234 H 0.048 0.059 0.048 0.042 0.008 0.132 0.077 0.039 0.197 0.024 0.042 0.067 0.018 0.022 0.021 0.048 0.033 0.007 0.038 0.029
235 K 0.056 0.106 0.041 0.041 0.008 0.053 0.07 0.043 0.02 0.027 0.043 0.289 0.015 0.015 0.027 0.053 0.039 0.005 0.017 0.032
236 A 0.204 0.035 0.039 0.039 0.019 0.029 0.046 0.071 0.017 0.036 0.05 0.049 0.016 0.021 0.029 0.158 0.065 0.005 0.017 0.055
237 L 0.051 0.02 0.015 0.017 0.017 0.015 0.019 0.021 0.009 0.21 0.211 0.024 0.038 0.044 0.015 0.026 0.04 0.006 0.021 0.181
238 F 0.036 0.02 0.016 0.016 0.012 0.012 0.019 0.024 0.015 0.075 0.181 0.02 0.031 0.31 0.011 0.025 0.027 0.014 0.071 0.064
239 L 0.039 0.021 0.015 0.016 0.013 0.013 0.019 0.023 0.013 0.088 0.249 0.022 0.037 0.225 0.012 0.024 0.029 0.012 0.055 0.074
240 S 0.132 0.038 0.05 0.046 0.018 0.032 0.05 0.067 0.018 0.031 0.043 0.052 0.016 0.021 0.029 0.213 0.077 0.005 0.017 0.045
241 I 0.049 0.02 0.015 0.017 0.016 0.014 0.019 0.021 0.009 0.225 0.216 0.024 0.039 0.045 0.015 0.025 0.039 0.006 0.021 0.167
242 F 0.167 0.025 0.021 0.023 0.016 0.018 0.029 0.051 0.016 0.053 0.086 0.031 0.021 0.209 0.02 0.054 0.037 0.011 0.052 0.061
243 L 0.051 0.022 0.015 0.016 0.017 0.015 0.02 0.022 0.009 0.168 0.266 0.025 0.041 0.047 0.015 0.026 0.038 0.006 0.021 0.161
244 V 0.063 0.021 0.016 0.018 0.018 0.015 0.022 0.023 0.008 0.192 0.138 0.025 0.032 0.037 0.016 0.03 0.046 0.006 0.02 0.253
245 L 0.051 0.022 0.015 0.016 0.017 0.015 0.02 0.022 0.009 0.168 0.266 0.025 0.041 0.047 0.015 0.026 0.038 0.006 0.021 0.161
246 L 0.142 0.026 0.019 0.022 0.018 0.02 0.028 0.043 0.012 0.127 0.184 0.033 0.049 0.038 0.02 0.048 0.041 0.006 0.02 0.104
247 F 0.043 0.02 0.017 0.017 0.131 0.013 0.019 0.027 0.014 0.062 0.111 0.021 0.041 0.258 0.013 0.03 0.03 0.012 0.061 0.059
248 G 0.054 0.022 0.024 0.021 0.13 0.017 0.023 0.15 0.025 0.04 0.062 0.027 0.016 0.107 0.016 0.037 0.03 0.015 0.14 0.044
249 F 0.037 0.021 0.016 0.016 0.013 0.013 0.019 0.024 0.014 0.082 0.215 0.021 0.034 0.268 0.012 0.025 0.028 0.013 0.063 0.069
250 F 0.033 0.019 0.017 0.017 0.01 0.01 0.019 0.025 0.017 0.062 0.113 0.019 0.025 0.396 0.01 0.025 0.025 0.017 0.087 0.054
251 D 0.047 0.099 0.054 0.222 0.008 0.04 0.078 0.043 0.02 0.024 0.035 0.145 0.012 0.015 0.024 0.051 0.036 0.004 0.014 0.028
252 D 0.058 0.036 0.129 0.236 0.01 0.031 0.07 0.055 0.022 0.024 0.032 0.049 0.011 0.017 0.023 0.101 0.05 0.004 0.014 0.029
253 Y 0.105 0.033 0.03 0.026 0.012 0.026 0.037 0.041 0.118 0.038 0.058 0.038 0.017 0.077 0.02 0.047 0.033 0.017 0.182 0.046
254 F 0.04 0.111 0.101 0.037 0.009 0.028 0.037 0.037 0.029 0.038 0.064 0.055 0.017 0.14 0.016 0.042 0.034 0.014 0.112 0.039
255 L 0.13 0.029 0.027 0.027 0.018 0.023 0.034 0.047 0.013 0.087 0.153 0.037 0.028 0.033 0.022 0.093 0.053 0.006 0.019 0.121
256 K 0.056 0.106 0.041 0.041 0.008 0.053 0.07 0.043 0.02 0.027 0.043 0.289 0.015 0.015 0.027 0.053 0.039 0.005 0.017 0.032
257 A 0.253 0.033 0.032 0.034 0.02 0.027 0.043 0.074 0.016 0.039 0.054 0.046 0.017 0.021 0.029 0.121 0.057 0.005 0.017 0.061
258 G 0.077 0.023 0.039 0.033 0.011 0.019 0.025 0.517 0.013 0.019 0.028 0.033 0.009 0.016 0.019 0.051 0.029 0.005 0.011 0.024
259 L 0.048 0.023 0.016 0.017 0.015 0.016 0.021 0.024 0.012 0.111 0.229 0.025 0.054 0.134 0.014 0.028 0.036 0.009 0.038 0.13
260 I 0.049 0.02 0.015 0.017 0.016 0.014 0.019 0.021 0.009 0.225 0.216 0.024 0.039 0.045 0.015 0.025 0.039 0.006 0.021 0.167
261 L 0.044 0.024 0.014 0.015 0.016 0.016 0.02 0.021 0.01 0.114 0.385 0.025 0.049 0.054 0.014 0.024 0.033 0.007 0.022 0.095
262 F 0.056 0.026 0.026 0.024 0.013 0.019 0.028 0.034 0.019 0.065 0.157 0.03 0.028 0.183 0.017 0.077 0.041 0.013 0.084 0.06
263 G 0.077 0.023 0.039 0.033 0.011 0.019 0.025 0.517 0.013 0.019 0.028 0.033 0.009 0.016 0.019 0.051 0.029 0.005 0.011 0.024
264 V 0.057 0.021 0.015 0.017 0.017 0.015 0.021 0.022 0.009 0.18 0.202 0.025 0.037 0.042 0.015 0.028 0.042 0.006 0.021 0.207
265 L 0.083 0.025 0.017 0.018 0.017 0.019 0.024 0.03 0.011 0.115 0.256 0.029 0.056 0.044 0.017 0.035 0.04 0.007 0.021 0.137
266 L 0.145 0.025 0.021 0.023 0.017 0.019 0.027 0.104 0.012 0.117 0.163 0.033 0.029 0.034 0.02 0.05 0.04 0.006 0.018 0.096
267 L 0.11 0.028 0.018 0.02 0.017 0.021 0.027 0.037 0.013 0.092 0.255 0.032 0.072 0.044 0.018 0.042 0.039 0.007 0.021 0.087
268 C 0.09 0.02 0.017 0.018 0.196 0.015 0.021 0.033 0.009 0.133 0.105 0.025 0.025 0.03 0.017 0.04 0.042 0.005 0.017 0.143
269 A 0.182 0.027 0.024 0.026 0.019 0.021 0.033 0.054 0.014 0.075 0.084 0.036 0.022 0.087 0.023 0.073 0.048 0.007 0.03 0.116
270 G 0.155 0.029 0.032 0.03 0.017 0.023 0.033 0.172 0.013 0.048 0.093 0.039 0.02 0.025 0.024 0.07 0.094 0.006 0.016 0.061
271 S 0.098 0.035 0.044 0.041 0.018 0.029 0.044 0.055 0.016 0.062 0.063 0.046 0.019 0.024 0.026 0.182 0.073 0.005 0.018 0.101
272 V 0.121 0.024 0.018 0.02 0.019 0.018 0.026 0.037 0.01 0.12 0.175 0.03 0.032 0.036 0.019 0.043 0.045 0.006 0.02 0.18
273 L 0.044 0.022 0.014 0.016 0.016 0.015 0.019 0.021 0.01 0.156 0.33 0.025 0.046 0.051 0.014 0.024 0.034 0.007 0.022 0.115
274 L 0.056 0.023 0.015 0.016 0.017 0.016 0.021 0.023 0.009 0.138 0.257 0.025 0.04 0.045 0.015 0.028 0.041 0.006 0.021 0.187
275 N 0.066 0.041 0.188 0.062 0.013 0.032 0.047 0.059 0.024 0.032 0.042 0.051 0.014 0.02 0.024 0.115 0.109 0.005 0.016 0.041
276 V 0.121 0.024 0.018 0.02 0.019 0.018 0.026 0.037 0.01 0.12 0.175 0.03 0.032 0.036 0.019 0.043 0.045 0.006 0.02 0.18
277 A 0.186 0.029 0.027 0.028 0.02 0.023 0.035 0.055 0.013 0.075 0.077 0.04 0.021 0.025 0.025 0.073 0.101 0.005 0.018 0.121
278 T 0.067 0.034 0.037 0.033 0.017 0.027 0.036 0.039 0.014 0.064 0.097 0.042 0.058 0.029 0.024 0.077 0.203 0.006 0.019 0.075
279 G 0.077 0.023 0.039 0.033 0.011 0.019 0.025 0.517 0.013 0.019 0.028 0.033 0.009 0.016 0.019 0.051 0.029 0.005 0.011 0.024
280 H 0.042 0.045 0.19 0.06 0.008 0.035 0.051 0.051 0.198 0.022 0.034 0.049 0.013 0.024 0.019 0.055 0.037 0.006 0.036 0.025
281 L 0.051 0.02 0.015 0.017 0.017 0.015 0.019 0.021 0.009 0.21 0.211 0.024 0.038 0.044 0.015 0.026 0.04 0.006 0.021 0.181
282 L 0.048 0.028 0.017 0.017 0.016 0.022 0.024 0.024 0.013 0.106 0.289 0.03 0.111 0.051 0.015 0.03 0.036 0.007 0.023 0.093
283 A 0.239 0.029 0.025 0.03 0.018 0.024 0.039 0.067 0.014 0.038 0.053 0.043 0.015 0.019 0.147 0.074 0.046 0.005 0.016 0.058
284 E 0.054 0.049 0.04 0.089 0.007 0.064 0.307 0.034 0.025 0.022 0.036 0.074 0.013 0.016 0.025 0.054 0.036 0.005 0.016 0.031
285 S 0.108 0.04 0.053 0.048 0.017 0.033 0.052 0.065 0.019 0.029 0.041 0.053 0.015 0.021 0.029 0.231 0.081 0.005 0.017 0.041
286 I 0.046 0.017 0.014 0.017 0.016 0.013 0.017 0.02 0.009 0.282 0.165 0.023 0.036 0.044 0.014 0.025 0.039 0.006 0.02 0.174
287 L 0.054 0.021 0.016 0.017 0.016 0.015 0.021 0.024 0.011 0.125 0.188 0.024 0.034 0.13 0.014 0.028 0.039 0.009 0.038 0.177
288 V 0.069 0.022 0.016 0.018 0.019 0.016 0.023 0.024 0.008 0.162 0.128 0.026 0.031 0.035 0.016 0.032 0.049 0.005 0.02 0.28
289 R 0.044 0.355 0.038 0.031 0.008 0.048 0.052 0.032 0.023 0.023 0.046 0.118 0.015 0.017 0.019 0.044 0.034 0.006 0.017 0.031
290 R 0.044 0.355 0.038 0.031 0.008 0.048 0.052 0.032 0.023 0.023 0.046 0.118 0.015 0.017 0.019 0.044 0.034 0.006 0.017 0.031
291 L 0.048 0.028 0.017 0.017 0.016 0.022 0.024 0.024 0.013 0.106 0.289 0.03 0.111 0.051 0.015 0.03 0.036 0.007 0.023 0.093
292 F 0.033 0.019 0.017 0.017 0.01 0.01 0.019 0.025 0.017 0.062 0.113 0.019 0.025 0.396 0.01 0.025 0.025 0.017 0.087 0.054
293 F 0.034 0.02 0.017 0.017 0.01 0.012 0.02 0.025 0.02 0.06 0.107 0.02 0.024 0.363 0.011 0.026 0.025 0.018 0.118 0.053
294 L 0.051 0.02 0.015 0.017 0.017 0.015 0.019 0.021 0.009 0.21 0.211 0.024 0.038 0.044 0.015 0.026 0.04 0.006 0.021 0.181
295 P 0.056 0.025 0.023 0.031 0.01 0.02 0.036 0.036 0.013 0.025 0.036 0.041 0.01 0.013 0.501 0.043 0.036 0.003 0.013 0.031
296 A 0.185 0.026 0.021 0.023 0.02 0.021 0.031 0.051 0.011 0.102 0.093 0.035 0.024 0.028 0.023 0.058 0.049 0.005 0.019 0.174
297 L 0.05 0.047 0.029 0.031 0.012 0.121 0.06 0.031 0.019 0.091 0.188 0.057 0.033 0.033 0.019 0.04 0.038 0.006 0.021 0.075
298 V 0.057 0.021 0.015 0.017 0.017 0.015 0.021 0.022 0.009 0.18 0.202 0.025 0.037 0.042 0.015 0.028 0.042 0.006 0.021 0.207
299 S 0.088 0.033 0.041 0.037 0.136 0.026 0.04 0.051 0.015 0.039 0.053 0.043 0.017 0.021 0.025 0.149 0.114 0.005 0.016 0.052
300 D 0.058 0.036 0.129 0.236 0.01 0.031 0.07 0.055 0.022 0.024 0.032 0.049 0.011 0.017 0.023 0.101 0.05 0.004 0.014 0.029
301 S 0.073 0.033 0.07 0.037 0.015 0.026 0.038 0.045 0.024 0.065 0.068 0.041 0.02 0.051 0.021 0.111 0.055 0.011 0.095 0.1
302 Y 0.046 0.025 0.02 0.018 0.13 0.019 0.025 0.026 0.037 0.043 0.067 0.028 0.018 0.102 0.016 0.033 0.03 0.022 0.249 0.049
303 F 0.033 0.019 0.017 0.017 0.01 0.01 0.019 0.025 0.017 0.062 0.113 0.019 0.025 0.396 0.01 0.025 0.025 0.017 0.087 0.054
304 A 0.159 0.033 0.045 0.129 0.016 0.028 0.055 0.062 0.017 0.035 0.047 0.046 0.015 0.02 0.027 0.114 0.08 0.005 0.016 0.05
305 F 0.033 0.019 0.017 0.017 0.01 0.01 0.019 0.025 0.017 0.062 0.113 0.019 0.025 0.396 0.01 0.025 0.025 0.017 0.087 0.054
306 F 0.035 0.021 0.018 0.017 0.01 0.013 0.021 0.025 0.024 0.058 0.101 0.022 0.023 0.329 0.012 0.026 0.026 0.019 0.148 0.052
307 D 0.044 0.034 0.061 0.327 0.007 0.038 0.144 0.043 0.02 0.022 0.03 0.052 0.01 0.015 0.023 0.052 0.035 0.004 0.012 0.026
308 G 0.087 0.035 0.112 0.046 0.011 0.028 0.04 0.229 0.106 0.023 0.035 0.042 0.012 0.021 0.02 0.057 0.036 0.006 0.024 0.03
309 N 0.042 0.044 0.258 0.071 0.009 0.034 0.05 0.058 0.114 0.022 0.033 0.051 0.012 0.021 0.02 0.062 0.043 0.005 0.026 0.026
310 P 0.052 0.03 0.03 0.032 0.009 0.025 0.04 0.036 0.101 0.025 0.036 0.042 0.011 0.017 0.38 0.043 0.033 0.004 0.024 0.029
311 I 0.048 0.021 0.016 0.018 0.016 0.017 0.02 0.022 0.01 0.236 0.173 0.026 0.07 0.045 0.015 0.027 0.039 0.006 0.021 0.153
312 Y 0.044 0.025 0.019 0.017 0.071 0.019 0.024 0.025 0.032 0.061 0.146 0.028 0.026 0.097 0.015 0.03 0.03 0.019 0.212 0.059
313 L 0.044 0.024 0.014 0.015 0.016 0.016 0.02 0.021 0.01 0.114 0.385 0.025 0.049 0.054 0.014 0.024 0.033 0.007 0.022 0.095
314 S 0.108 0.04 0.053 0.048 0.017 0.033 0.052 0.065 0.019 0.029 0.041 0.053 0.015 0.021 0.029 0.231 0.081 0.005 0.017 0.041
315 H 0.041 0.045 0.053 0.038 0.007 0.038 0.053 0.038 0.365 0.023 0.038 0.045 0.015 0.03 0.019 0.041 0.026 0.007 0.056 0.023
316 S 0.108 0.04 0.053 0.048 0.017 0.033 0.052 0.065 0.019 0.029 0.041 0.053 0.015 0.021 0.029 0.231 0.081 0.005 0.017 0.041
317 F 0.051 0.02 0.016 0.017 0.015 0.013 0.021 0.025 0.012 0.112 0.12 0.022 0.028 0.216 0.013 0.029 0.037 0.011 0.054 0.167
318 L 0.044 0.024 0.014 0.015 0.016 0.016 0.02 0.021 0.01 0.114 0.385 0.025 0.049 0.054 0.014 0.024 0.033 0.007 0.022 0.095
319 K 0.064 0.105 0.047 0.041 0.01 0.043 0.059 0.046 0.106 0.026 0.041 0.148 0.015 0.021 0.025 0.093 0.046 0.006 0.027 0.032
