#Seq2Logo.py -f /work3/idamei/ssn-clusterings/clustering/2205110921/clusters/0005_845/sequences.afa -o /work3/idamei/ssn-clusterings/clustering/2205110921/clusters/0005_845/sequences.logo
#Position Specific Frequency Matrix
A R N D C Q E G H I L K M F P S T W Y V
0 L 0.051 0.031 0.02 0.02 0.016 0.028 0.028 0.028 0.016 0.098 0.193 0.035 0.177 0.047 0.016 0.035 0.039 0.008 0.024 0.091
1 A 0.201 0.03 0.023 0.025 0.018 0.025 0.035 0.056 0.021 0.054 0.087 0.039 0.049 0.048 0.024 0.063 0.043 0.01 0.081 0.068
2 V 0.063 0.023 0.017 0.018 0.017 0.017 0.024 0.024 0.016 0.138 0.116 0.027 0.028 0.054 0.016 0.032 0.044 0.01 0.082 0.236
3 Y 0.04 0.027 0.021 0.018 0.009 0.021 0.027 0.024 0.046 0.043 0.067 0.031 0.018 0.128 0.015 0.031 0.027 0.027 0.331 0.046
4 L 0.052 0.021 0.015 0.017 0.016 0.014 0.02 0.023 0.01 0.157 0.184 0.024 0.034 0.113 0.014 0.028 0.039 0.008 0.034 0.178
5 I 0.055 0.019 0.015 0.017 0.017 0.014 0.02 0.022 0.008 0.236 0.15 0.024 0.034 0.04 0.015 0.028 0.043 0.006 0.02 0.217
6 L 0.101 0.028 0.02 0.021 0.017 0.024 0.028 0.036 0.014 0.125 0.16 0.035 0.117 0.041 0.018 0.043 0.041 0.007 0.022 0.102
7 T 0.065 0.03 0.032 0.029 0.017 0.023 0.032 0.035 0.012 0.086 0.141 0.037 0.028 0.032 0.022 0.066 0.173 0.006 0.019 0.117
8 L 0.055 0.023 0.02 0.021 0.017 0.017 0.023 0.026 0.01 0.179 0.182 0.028 0.034 0.04 0.017 0.039 0.084 0.006 0.02 0.159
9 I 0.05 0.019 0.015 0.017 0.016 0.014 0.019 0.021 0.009 0.226 0.202 0.024 0.038 0.044 0.015 0.026 0.04 0.006 0.021 0.179
10 S 0.108 0.039 0.053 0.048 0.017 0.033 0.051 0.065 0.019 0.029 0.041 0.053 0.015 0.02 0.029 0.235 0.08 0.005 0.017 0.041
11 L 0.05 0.029 0.019 0.019 0.016 0.025 0.026 0.026 0.014 0.136 0.187 0.033 0.149 0.046 0.016 0.033 0.039 0.007 0.023 0.107
12 L 0.043 0.02 0.015 0.016 0.015 0.014 0.019 0.021 0.011 0.172 0.243 0.023 0.039 0.119 0.013 0.024 0.034 0.008 0.034 0.118
13 F 0.045 0.02 0.017 0.017 0.109 0.015 0.02 0.026 0.013 0.11 0.129 0.023 0.056 0.182 0.013 0.03 0.033 0.01 0.046 0.085
14 A 0.304 0.03 0.025 0.029 0.021 0.025 0.04 0.077 0.015 0.042 0.058 0.044 0.017 0.021 0.029 0.083 0.049 0.005 0.017 0.067
15 G 0.078 0.05 0.103 0.05 0.012 0.034 0.049 0.151 0.02 0.025 0.037 0.097 0.013 0.018 0.025 0.128 0.055 0.005 0.015 0.033
16 Y 0.044 0.023 0.018 0.017 0.108 0.016 0.022 0.025 0.025 0.061 0.14 0.025 0.025 0.146 0.014 0.03 0.03 0.016 0.157 0.059
17 A 0.304 0.03 0.025 0.029 0.021 0.025 0.04 0.077 0.015 0.042 0.058 0.044 0.017 0.021 0.029 0.083 0.049 0.005 0.017 0.067
18 A 0.157 0.035 0.029 0.031 0.015 0.062 0.045 0.147 0.016 0.083 0.071 0.047 0.02 0.023 0.023 0.059 0.041 0.005 0.017 0.073
19 N 0.042 0.107 0.272 0.071 0.009 0.036 0.049 0.058 0.029 0.022 0.034 0.066 0.012 0.018 0.02 0.063 0.046 0.005 0.016 0.027
20 V 0.055 0.02 0.015 0.017 0.017 0.015 0.02 0.022 0.009 0.201 0.194 0.024 0.037 0.042 0.015 0.027 0.042 0.006 0.021 0.201
21 R 0.049 0.257 0.039 0.035 0.008 0.049 0.059 0.036 0.022 0.025 0.044 0.188 0.015 0.016 0.022 0.047 0.036 0.005 0.017 0.031
22 E 0.056 0.054 0.042 0.058 0.008 0.047 0.153 0.134 0.09 0.022 0.036 0.104 0.013 0.019 0.023 0.05 0.033 0.006 0.023 0.028
23 V 0.059 0.021 0.015 0.017 0.018 0.015 0.021 0.023 0.009 0.177 0.187 0.025 0.036 0.04 0.015 0.029 0.043 0.006 0.021 0.223
24 K 0.055 0.071 0.037 0.049 0.009 0.084 0.117 0.039 0.021 0.025 0.04 0.158 0.015 0.015 0.121 0.051 0.038 0.005 0.017 0.032
25 D 0.041 0.03 0.069 0.397 0.008 0.03 0.091 0.047 0.019 0.022 0.028 0.045 0.009 0.015 0.022 0.052 0.035 0.004 0.011 0.024
26 Y 0.04 0.028 0.022 0.019 0.009 0.022 0.028 0.025 0.047 0.044 0.068 0.031 0.019 0.131 0.016 0.031 0.028 0.028 0.318 0.047
27 E 0.055 0.05 0.04 0.09 0.007 0.064 0.296 0.035 0.026 0.022 0.037 0.076 0.013 0.017 0.026 0.055 0.037 0.006 0.017 0.031
28 S 0.073 0.055 0.103 0.061 0.012 0.043 0.106 0.054 0.023 0.026 0.038 0.105 0.014 0.018 0.026 0.129 0.057 0.005 0.017 0.034
29 L 0.043 0.025 0.015 0.016 0.015 0.017 0.021 0.022 0.017 0.099 0.324 0.026 0.043 0.069 0.014 0.025 0.032 0.011 0.084 0.085
30 K 0.05 0.071 0.049 0.115 0.008 0.08 0.076 0.042 0.091 0.025 0.039 0.153 0.015 0.018 0.024 0.05 0.036 0.005 0.024 0.029
31 G 0.071 0.112 0.043 0.038 0.012 0.036 0.047 0.14 0.018 0.03 0.044 0.108 0.015 0.018 0.024 0.095 0.089 0.005 0.016 0.039
32 T 0.079 0.036 0.045 0.039 0.017 0.028 0.041 0.047 0.015 0.048 0.059 0.046 0.019 0.023 0.027 0.12 0.225 0.006 0.017 0.064
33 Y 0.038 0.026 0.02 0.018 0.009 0.019 0.026 0.025 0.04 0.047 0.076 0.028 0.02 0.182 0.014 0.029 0.027 0.025 0.282 0.047
34 R 0.051 0.171 0.029 0.027 0.107 0.034 0.041 0.032 0.017 0.08 0.072 0.114 0.02 0.023 0.019 0.041 0.036 0.005 0.017 0.064
35 I 0.056 0.022 0.02 0.021 0.017 0.016 0.023 0.025 0.009 0.214 0.137 0.028 0.032 0.038 0.017 0.039 0.085 0.006 0.02 0.175
36 L 0.046 0.021 0.015 0.015 0.11 0.014 0.019 0.024 0.011 0.089 0.268 0.023 0.037 0.116 0.014 0.027 0.032 0.008 0.033 0.079
37 C 0.114 0.02 0.022 0.022 0.303 0.016 0.023 0.138 0.01 0.038 0.055 0.027 0.015 0.019 0.019 0.051 0.037 0.005 0.013 0.052
38 V 0.06 0.02 0.015 0.017 0.018 0.015 0.021 0.023 0.008 0.211 0.142 0.025 0.033 0.038 0.015 0.029 0.045 0.006 0.02 0.239
39 L 0.104 0.026 0.022 0.022 0.016 0.021 0.026 0.133 0.013 0.077 0.211 0.032 0.06 0.038 0.018 0.043 0.037 0.006 0.019 0.074
40 A 0.186 0.036 0.042 0.04 0.019 0.03 0.047 0.07 0.017 0.034 0.048 0.049 0.016 0.021 0.029 0.174 0.068 0.005 0.017 0.052
41 F 0.034 0.02 0.018 0.017 0.01 0.013 0.02 0.025 0.022 0.058 0.103 0.021 0.024 0.345 0.011 0.026 0.025 0.019 0.136 0.052
42 L 0.049 0.023 0.014 0.015 0.016 0.016 0.02 0.022 0.01 0.123 0.336 0.025 0.045 0.05 0.014 0.026 0.036 0.007 0.022 0.132
43 P 0.056 0.025 0.023 0.03 0.01 0.02 0.035 0.035 0.013 0.025 0.035 0.04 0.01 0.013 0.503 0.043 0.035 0.003 0.013 0.03
44 F 0.037 0.021 0.017 0.017 0.011 0.014 0.02 0.025 0.016 0.069 0.128 0.022 0.055 0.329 0.011 0.027 0.028 0.015 0.074 0.061
45 L 0.099 0.026 0.022 0.022 0.016 0.019 0.027 0.037 0.013 0.077 0.202 0.031 0.032 0.11 0.019 0.049 0.08 0.008 0.033 0.076
46 L 0.052 0.021 0.015 0.017 0.016 0.014 0.02 0.023 0.01 0.157 0.184 0.024 0.034 0.113 0.014 0.028 0.039 0.008 0.034 0.178
47 V 0.064 0.021 0.016 0.017 0.018 0.016 0.022 0.023 0.008 0.186 0.135 0.025 0.032 0.037 0.016 0.031 0.047 0.005 0.02 0.261
48 S 0.108 0.039 0.053 0.048 0.017 0.033 0.051 0.065 0.019 0.029 0.041 0.053 0.015 0.02 0.029 0.235 0.08 0.005 0.017 0.041
49 A 0.257 0.029 0.023 0.027 0.021 0.023 0.036 0.066 0.013 0.066 0.072 0.04 0.02 0.024 0.027 0.073 0.049 0.005 0.018 0.111
50 L 0.043 0.02 0.015 0.016 0.015 0.014 0.019 0.021 0.011 0.172 0.243 0.023 0.039 0.119 0.013 0.024 0.034 0.008 0.034 0.118
51 R 0.044 0.358 0.038 0.03 0.008 0.047 0.051 0.032 0.023 0.023 0.046 0.118 0.015 0.017 0.019 0.044 0.034 0.006 0.017 0.03
52 Y 0.04 0.027 0.021 0.018 0.009 0.021 0.027 0.024 0.046 0.043 0.067 0.031 0.018 0.128 0.015 0.031 0.027 0.027 0.331 0.046
53 E 0.049 0.049 0.104 0.143 0.008 0.084 0.172 0.044 0.026 0.023 0.035 0.067 0.013 0.016 0.023 0.057 0.039 0.005 0.016 0.029
54 V 0.069 0.021 0.016 0.017 0.019 0.016 0.023 0.024 0.008 0.161 0.128 0.026 0.031 0.035 0.016 0.032 0.048 0.005 0.02 0.283
55 G 0.077 0.022 0.038 0.033 0.011 0.019 0.025 0.52 0.013 0.019 0.028 0.033 0.009 0.016 0.019 0.05 0.029 0.005 0.011 0.024
56 T 0.072 0.035 0.043 0.037 0.017 0.027 0.039 0.043 0.014 0.052 0.064 0.045 0.019 0.023 0.027 0.091 0.261 0.006 0.017 0.07
57 D 0.04 0.029 0.068 0.409 0.007 0.029 0.09 0.046 0.018 0.022 0.027 0.044 0.009 0.015 0.022 0.051 0.035 0.004 0.011 0.024
58 Y 0.04 0.028 0.022 0.019 0.009 0.022 0.028 0.025 0.047 0.044 0.068 0.031 0.019 0.131 0.016 0.031 0.028 0.028 0.318 0.047
59 W 0.032 0.023 0.016 0.016 0.008 0.016 0.023 0.029 0.021 0.032 0.055 0.024 0.016 0.073 0.009 0.024 0.023 0.407 0.12 0.033
60 D 0.041 0.03 0.069 0.397 0.008 0.03 0.091 0.047 0.019 0.022 0.028 0.045 0.009 0.015 0.022 0.052 0.035 0.004 0.011 0.024
61 P 0.045 0.021 0.019 0.022 0.011 0.015 0.025 0.028 0.013 0.092 0.092 0.028 0.021 0.173 0.208 0.032 0.032 0.009 0.044 0.068
62 I 0.051 0.018 0.015 0.017 0.016 0.014 0.018 0.021 0.009 0.261 0.157 0.024 0.035 0.042 0.015 0.026 0.041 0.006 0.02 0.195
63 Y 0.04 0.027 0.021 0.018 0.009 0.021 0.027 0.024 0.046 0.043 0.067 0.031 0.018 0.128 0.015 0.031 0.027 0.027 0.331 0.046
64 D 0.046 0.051 0.109 0.206 0.008 0.041 0.121 0.046 0.023 0.023 0.033 0.101 0.011 0.016 0.023 0.055 0.039 0.004 0.014 0.027
65 K 0.102 0.064 0.043 0.122 0.011 0.045 0.116 0.048 0.02 0.028 0.041 0.149 0.014 0.016 0.026 0.059 0.04 0.005 0.016 0.037
66 Y 0.038 0.026 0.02 0.018 0.009 0.019 0.026 0.025 0.04 0.047 0.076 0.028 0.02 0.182 0.014 0.029 0.027 0.025 0.282 0.047
67 F 0.033 0.019 0.017 0.017 0.01 0.01 0.019 0.025 0.017 0.062 0.112 0.019 0.025 0.399 0.01 0.025 0.025 0.017 0.087 0.054
68 H 0.047 0.036 0.038 0.03 0.01 0.029 0.04 0.033 0.168 0.037 0.055 0.039 0.017 0.068 0.019 0.047 0.074 0.015 0.158 0.041
69 Y 0.057 0.111 0.035 0.031 0.01 0.035 0.045 0.038 0.031 0.033 0.053 0.105 0.016 0.062 0.021 0.079 0.042 0.014 0.143 0.039
70 I 0.046 0.017 0.014 0.017 0.016 0.013 0.017 0.02 0.009 0.285 0.165 0.023 0.036 0.043 0.014 0.025 0.039 0.006 0.02 0.173
71 N 0.044 0.037 0.216 0.137 0.009 0.03 0.054 0.055 0.025 0.023 0.031 0.049 0.01 0.016 0.117 0.06 0.043 0.004 0.014 0.027
72 E 0.154 0.041 0.034 0.065 0.013 0.048 0.202 0.051 0.021 0.03 0.045 0.062 0.014 0.018 0.027 0.066 0.041 0.005 0.017 0.045
73 G 0.077 0.022 0.038 0.033 0.011 0.019 0.025 0.52 0.013 0.019 0.028 0.033 0.009 0.016 0.019 0.05 0.029 0.005 0.011 0.024
74 T 0.068 0.029 0.036 0.032 0.016 0.023 0.032 0.134 0.012 0.092 0.077 0.038 0.021 0.026 0.023 0.069 0.17 0.006 0.017 0.081
75 D 0.046 0.048 0.057 0.271 0.008 0.041 0.13 0.043 0.02 0.023 0.032 0.1 0.011 0.015 0.024 0.052 0.036 0.004 0.013 0.027
76 K 0.053 0.089 0.037 0.036 0.009 0.046 0.061 0.039 0.025 0.03 0.047 0.24 0.016 0.038 0.025 0.048 0.037 0.01 0.08 0.035
77 F 0.033 0.019 0.017 0.017 0.01 0.01 0.019 0.025 0.017 0.062 0.112 0.019 0.025 0.399 0.01 0.025 0.025 0.017 0.087 0.054
78 T 0.069 0.046 0.041 0.037 0.014 0.03 0.042 0.138 0.015 0.04 0.052 0.092 0.016 0.02 0.025 0.075 0.17 0.006 0.016 0.053
79 E 0.054 0.049 0.04 0.088 0.007 0.063 0.31 0.034 0.025 0.022 0.036 0.074 0.013 0.016 0.025 0.054 0.036 0.005 0.016 0.031
80 P 0.055 0.03 0.026 0.042 0.01 0.029 0.09 0.035 0.015 0.025 0.036 0.047 0.011 0.013 0.408 0.045 0.036 0.003 0.013 0.03
81 L 0.057 0.023 0.024 0.022 0.014 0.017 0.022 0.22 0.011 0.075 0.244 0.028 0.033 0.039 0.016 0.034 0.031 0.006 0.017 0.066
82 F 0.033 0.019 0.017 0.017 0.01 0.01 0.019 0.025 0.017 0.062 0.112 0.019 0.025 0.399 0.01 0.025 0.025 0.017 0.087 0.054
83 N 0.042 0.044 0.33 0.081 0.009 0.033 0.048 0.064 0.031 0.022 0.031 0.053 0.011 0.018 0.02 0.068 0.048 0.004 0.015 0.026
84 L 0.044 0.023 0.014 0.015 0.016 0.015 0.019 0.021 0.01 0.148 0.343 0.024 0.046 0.052 0.014 0.024 0.034 0.007 0.022 0.11
85 L 0.044 0.023 0.014 0.015 0.016 0.015 0.019 0.021 0.01 0.148 0.343 0.024 0.046 0.052 0.014 0.024 0.034 0.007 0.022 0.11
86 N 0.042 0.044 0.33 0.081 0.009 0.033 0.048 0.064 0.031 0.022 0.031 0.053 0.011 0.018 0.02 0.068 0.048 0.004 0.015 0.026
87 K 0.051 0.206 0.04 0.037 0.008 0.05 0.062 0.038 0.021 0.025 0.044 0.222 0.015 0.016 0.024 0.049 0.037 0.005 0.017 0.031
88 L 0.048 0.02 0.015 0.017 0.015 0.014 0.019 0.022 0.01 0.181 0.191 0.023 0.035 0.115 0.014 0.026 0.037 0.008 0.034 0.156
89 L 0.148 0.025 0.018 0.021 0.018 0.019 0.027 0.043 0.011 0.119 0.211 0.032 0.034 0.039 0.02 0.048 0.04 0.006 0.02 0.099
90 Y 0.053 0.03 0.028 0.024 0.011 0.024 0.032 0.033 0.04 0.04 0.062 0.035 0.018 0.107 0.018 0.072 0.038 0.023 0.268 0.045
91 H 0.046 0.031 0.03 0.025 0.012 0.023 0.033 0.029 0.154 0.076 0.14 0.032 0.027 0.109 0.016 0.033 0.032 0.009 0.048 0.095
92 F 0.043 0.019 0.016 0.017 0.013 0.012 0.019 0.024 0.013 0.127 0.126 0.021 0.028 0.255 0.012 0.026 0.032 0.012 0.06 0.124
93 T 0.059 0.035 0.04 0.033 0.014 0.028 0.039 0.038 0.091 0.044 0.059 0.042 0.018 0.046 0.023 0.069 0.167 0.01 0.088 0.055
94 K 0.105 0.077 0.039 0.041 0.011 0.118 0.076 0.048 0.023 0.03 0.047 0.161 0.018 0.016 0.026 0.06 0.042 0.005 0.018 0.04
95 D 0.041 0.032 0.12 0.344 0.008 0.03 0.081 0.049 0.021 0.022 0.028 0.046 0.009 0.015 0.022 0.055 0.037 0.004 0.012 0.024
96 P 0.087 0.034 0.041 0.041 0.014 0.028 0.045 0.053 0.016 0.028 0.039 0.048 0.013 0.017 0.219 0.158 0.062 0.004 0.015 0.037
97 W 0.099 0.035 0.024 0.025 0.013 0.062 0.043 0.039 0.022 0.06 0.07 0.042 0.02 0.052 0.018 0.045 0.037 0.109 0.091 0.092
98 W 0.049 0.021 0.015 0.016 0.014 0.015 0.022 0.026 0.011 0.133 0.105 0.024 0.026 0.046 0.012 0.027 0.036 0.204 0.039 0.16
99 L 0.047 0.026 0.016 0.017 0.016 0.02 0.022 0.023 0.012 0.142 0.265 0.029 0.097 0.049 0.015 0.029 0.037 0.007 0.022 0.109
100 F 0.033 0.019 0.017 0.017 0.01 0.01 0.019 0.025 0.017 0.062 0.112 0.019 0.025 0.399 0.01 0.025 0.025 0.017 0.087 0.054
101 A 0.257 0.029 0.023 0.027 0.021 0.023 0.036 0.066 0.013 0.066 0.072 0.04 0.02 0.024 0.027 0.073 0.049 0.005 0.018 0.111
102 V 0.107 0.022 0.017 0.02 0.018 0.017 0.024 0.033 0.01 0.187 0.129 0.028 0.03 0.036 0.018 0.039 0.045 0.006 0.02 0.196
103 V 0.075 0.024 0.024 0.023 0.113 0.019 0.027 0.034 0.01 0.111 0.098 0.03 0.025 0.029 0.019 0.074 0.052 0.005 0.018 0.189
104 A 0.226 0.034 0.036 0.037 0.02 0.028 0.044 0.072 0.016 0.037 0.051 0.047 0.016 0.021 0.029 0.144 0.062 0.005 0.017 0.057
105 L 0.052 0.022 0.015 0.016 0.016 0.015 0.021 0.023 0.01 0.122 0.229 0.024 0.037 0.115 0.014 0.027 0.037 0.008 0.034 0.162
106 L 0.045 0.021 0.014 0.016 0.016 0.015 0.019 0.021 0.009 0.182 0.298 0.024 0.044 0.05 0.014 0.024 0.035 0.006 0.021 0.126
107 I 0.058 0.023 0.022 0.023 0.016 0.018 0.025 0.029 0.011 0.2 0.185 0.029 0.034 0.041 0.017 0.067 0.046 0.006 0.02 0.131
108 L 0.049 0.025 0.022 0.02 0.012 0.019 0.024 0.122 0.025 0.066 0.188 0.029 0.029 0.076 0.015 0.032 0.03 0.015 0.143 0.061
109 V 0.085 0.031 0.036 0.034 0.018 0.025 0.037 0.044 0.013 0.087 0.08 0.04 0.022 0.027 0.024 0.125 0.104 0.005 0.018 0.144
110 F 0.033 0.019 0.017 0.017 0.01 0.01 0.019 0.025 0.017 0.062 0.112 0.019 0.025 0.399 0.01 0.025 0.025 0.017 0.087 0.054
111 L 0.057 0.029 0.022 0.022 0.017 0.023 0.027 0.029 0.013 0.105 0.193 0.033 0.091 0.041 0.018 0.044 0.084 0.007 0.021 0.126
112 F 0.033 0.019 0.017 0.017 0.01 0.01 0.019 0.025 0.017 0.062 0.112 0.019 0.025 0.399 0.01 0.025 0.025 0.017 0.087 0.054
113 L 0.059 0.042 0.027 0.027 0.015 0.026 0.036 0.034 0.014 0.114 0.205 0.084 0.033 0.037 0.02 0.072 0.045 0.006 0.02 0.087
114 A 0.258 0.031 0.029 0.031 0.02 0.025 0.039 0.07 0.014 0.044 0.059 0.044 0.018 0.022 0.029 0.085 0.091 0.005 0.017 0.068
115 I 0.046 0.017 0.014 0.017 0.016 0.013 0.017 0.02 0.009 0.285 0.165 0.023 0.036 0.043 0.014 0.025 0.039 0.006 0.02 0.173
116 Y 0.041 0.026 0.02 0.018 0.011 0.02 0.026 0.025 0.034 0.058 0.101 0.029 0.051 0.166 0.014 0.03 0.029 0.021 0.221 0.056
117 D 0.049 0.062 0.052 0.19 0.008 0.114 0.09 0.043 0.023 0.025 0.038 0.112 0.015 0.015 0.023 0.053 0.038 0.005 0.016 0.03
118 Q 0.055 0.072 0.043 0.046 0.009 0.23 0.101 0.04 0.029 0.026 0.046 0.089 0.02 0.014 0.023 0.055 0.04 0.006 0.02 0.035
119 S 0.108 0.039 0.053 0.048 0.017 0.033 0.051 0.065 0.019 0.029 0.041 0.053 0.015 0.02 0.029 0.235 0.08 0.005 0.017 0.041
120 E 0.054 0.039 0.089 0.059 0.012 0.041 0.144 0.037 0.021 0.065 0.085 0.052 0.049 0.026 0.02 0.049 0.042 0.006 0.018 0.092
121 H 0.041 0.038 0.096 0.039 0.008 0.03 0.042 0.038 0.172 0.03 0.048 0.041 0.016 0.067 0.018 0.042 0.031 0.015 0.158 0.033
122 I 0.048 0.02 0.016 0.019 0.015 0.015 0.021 0.023 0.01 0.199 0.183 0.027 0.033 0.039 0.112 0.028 0.037 0.005 0.019 0.129
123 P 0.109 0.023 0.021 0.024 0.206 0.018 0.029 0.042 0.011 0.036 0.051 0.033 0.014 0.017 0.214 0.05 0.038 0.004 0.013 0.048
124 F 0.037 0.021 0.016 0.016 0.013 0.013 0.019 0.023 0.014 0.083 0.222 0.021 0.034 0.261 0.012 0.024 0.028 0.013 0.061 0.07
125 S 0.108 0.039 0.053 0.048 0.017 0.033 0.051 0.065 0.019 0.029 0.041 0.053 0.015 0.02 0.029 0.235 0.08 0.005 0.017 0.041
126 I 0.046 0.017 0.014 0.017 0.016 0.013 0.017 0.02 0.009 0.285 0.165 0.023 0.036 0.043 0.014 0.025 0.039 0.006 0.02 0.173
127 L 0.044 0.024 0.014 0.015 0.016 0.016 0.02 0.021 0.01 0.113 0.388 0.025 0.049 0.054 0.014 0.024 0.033 0.007 0.022 0.094
128 V 0.055 0.02 0.015 0.017 0.017 0.015 0.02 0.022 0.009 0.201 0.194 0.024 0.037 0.042 0.015 0.027 0.042 0.006 0.021 0.201
129 F 0.034 0.02 0.018 0.017 0.01 0.013 0.02 0.025 0.022 0.058 0.103 0.021 0.024 0.345 0.011 0.026 0.025 0.019 0.136 0.052
130 V 0.054 0.02 0.016 0.017 0.015 0.014 0.021 0.024 0.011 0.122 0.121 0.023 0.029 0.181 0.014 0.029 0.039 0.01 0.047 0.192
131 L 0.05 0.021 0.015 0.016 0.016 0.015 0.019 0.021 0.009 0.192 0.246 0.024 0.04 0.046 0.015 0.026 0.038 0.006 0.021 0.164
132 S 0.141 0.034 0.045 0.041 0.017 0.028 0.044 0.158 0.017 0.03 0.042 0.047 0.015 0.02 0.027 0.168 0.064 0.005 0.016 0.043
133 G 0.121 0.027 0.037 0.033 0.014 0.022 0.031 0.336 0.014 0.03 0.041 0.037 0.013 0.018 0.022 0.065 0.08 0.005 0.013 0.042
134 D 0.046 0.023 0.036 0.174 0.012 0.02 0.048 0.032 0.014 0.111 0.092 0.031 0.022 0.101 0.017 0.037 0.036 0.007 0.03 0.112
135 F 0.036 0.022 0.018 0.017 0.01 0.015 0.022 0.025 0.028 0.054 0.094 0.023 0.022 0.291 0.012 0.027 0.026 0.021 0.185 0.051
136 F 0.033 0.019 0.017 0.017 0.01 0.01 0.019 0.025 0.017 0.062 0.112 0.019 0.025 0.399 0.01 0.025 0.025 0.017 0.087 0.054
137 N 0.042 0.044 0.33 0.081 0.009 0.033 0.048 0.064 0.031 0.022 0.031 0.053 0.011 0.018 0.02 0.068 0.048 0.004 0.015 0.026
138 S 0.108 0.039 0.053 0.048 0.017 0.033 0.051 0.065 0.019 0.029 0.041 0.053 0.015 0.02 0.029 0.235 0.08 0.005 0.017 0.041
139 L 0.051 0.046 0.028 0.029 0.013 0.106 0.055 0.031 0.02 0.072 0.173 0.055 0.089 0.035 0.018 0.041 0.038 0.007 0.022 0.069
140 N 0.042 0.044 0.33 0.081 0.009 0.033 0.048 0.064 0.031 0.022 0.031 0.053 0.011 0.018 0.02 0.068 0.048 0.004 0.015 0.026
141 Q 0.055 0.072 0.043 0.046 0.009 0.23 0.101 0.04 0.029 0.026 0.046 0.089 0.02 0.014 0.023 0.055 0.04 0.006 0.02 0.035
142 I 0.05 0.019 0.015 0.017 0.016 0.014 0.019 0.021 0.009 0.226 0.202 0.024 0.038 0.044 0.015 0.026 0.04 0.006 0.021 0.179
143 R 0.044 0.358 0.038 0.03 0.008 0.047 0.051 0.032 0.023 0.023 0.046 0.118 0.015 0.017 0.019 0.044 0.034 0.006 0.017 0.03
144 Q 0.055 0.072 0.043 0.046 0.009 0.23 0.101 0.04 0.029 0.026 0.046 0.089 0.02 0.014 0.023 0.055 0.04 0.006 0.02 0.035
145 A 0.253 0.031 0.024 0.027 0.02 0.026 0.037 0.067 0.015 0.054 0.085 0.042 0.049 0.026 0.026 0.074 0.047 0.006 0.018 0.072
146 I 0.046 0.019 0.014 0.017 0.016 0.014 0.018 0.02 0.009 0.251 0.209 0.023 0.039 0.045 0.014 0.024 0.038 0.006 0.021 0.157
147 A 0.258 0.031 0.029 0.031 0.02 0.025 0.039 0.07 0.014 0.044 0.059 0.044 0.018 0.022 0.029 0.085 0.091 0.005 0.017 0.068
148 L 0.055 0.032 0.024 0.023 0.016 0.027 0.03 0.031 0.015 0.089 0.167 0.037 0.146 0.042 0.018 0.046 0.084 0.007 0.022 0.086
149 A 0.186 0.036 0.042 0.04 0.019 0.03 0.047 0.07 0.017 0.034 0.048 0.049 0.016 0.021 0.029 0.174 0.068 0.005 0.017 0.052
150 I 0.046 0.017 0.014 0.017 0.016 0.013 0.017 0.02 0.009 0.285 0.165 0.023 0.036 0.043 0.014 0.025 0.039 0.006 0.02 0.173
151 F 0.035 0.02 0.016 0.016 0.011 0.011 0.019 0.024 0.015 0.072 0.167 0.02 0.03 0.33 0.011 0.025 0.026 0.015 0.074 0.062
152 L 0.044 0.024 0.014 0.015 0.016 0.016 0.02 0.021 0.01 0.113 0.388 0.025 0.049 0.054 0.014 0.024 0.033 0.007 0.022 0.094
153 Y 0.038 0.026 0.02 0.018 0.009 0.019 0.026 0.025 0.04 0.047 0.076 0.028 0.02 0.182 0.014 0.029 0.027 0.025 0.282 0.047
154 A 0.265 0.032 0.031 0.033 0.02 0.027 0.042 0.074 0.015 0.04 0.055 0.046 0.017 0.021 0.029 0.114 0.055 0.005 0.017 0.062
155 L 0.067 0.029 0.03 0.028 0.015 0.021 0.032 0.039 0.015 0.069 0.194 0.035 0.031 0.109 0.019 0.109 0.05 0.008 0.033 0.065
156 K 0.056 0.098 0.041 0.042 0.008 0.088 0.076 0.042 0.022 0.027 0.043 0.252 0.016 0.015 0.026 0.053 0.039 0.005 0.018 0.033
157 Y 0.04 0.027 0.021 0.018 0.009 0.021 0.027 0.024 0.046 0.043 0.067 0.031 0.018 0.128 0.015 0.031 0.027 0.027 0.331 0.046
158 V 0.055 0.02 0.015 0.017 0.017 0.015 0.02 0.022 0.009 0.201 0.194 0.024 0.037 0.042 0.015 0.027 0.042 0.006 0.021 0.201
159 Y 0.04 0.04 0.023 0.022 0.009 0.024 0.033 0.029 0.029 0.041 0.068 0.079 0.018 0.146 0.015 0.032 0.028 0.116 0.167 0.041
160 K 0.102 0.068 0.043 0.113 0.011 0.078 0.074 0.05 0.02 0.029 0.043 0.152 0.015 0.016 0.026 0.059 0.04 0.005 0.016 0.038
161 R 0.044 0.358 0.038 0.03 0.008 0.047 0.051 0.032 0.023 0.023 0.046 0.118 0.015 0.017 0.019 0.044 0.034 0.006 0.017 0.03
162 D 0.041 0.098 0.114 0.268 0.008 0.034 0.074 0.047 0.022 0.022 0.032 0.06 0.011 0.016 0.021 0.053 0.037 0.004 0.013 0.026
163 W 0.04 0.055 0.025 0.025 0.008 0.03 0.041 0.035 0.017 0.029 0.048 0.13 0.015 0.042 0.015 0.034 0.029 0.303 0.047 0.031
164 K 0.056 0.072 0.03 0.031 0.012 0.038 0.05 0.034 0.016 0.071 0.129 0.185 0.025 0.027 0.022 0.043 0.04 0.006 0.019 0.095
165 P 0.048 0.115 0.097 0.044 0.008 0.038 0.051 0.042 0.091 0.024 0.038 0.11 0.013 0.018 0.118 0.05 0.037 0.005 0.024 0.028
166 Y 0.04 0.027 0.021 0.018 0.009 0.021 0.027 0.024 0.046 0.043 0.067 0.031 0.018 0.128 0.015 0.031 0.027 0.027 0.331 0.046
167 F 0.035 0.02 0.016 0.016 0.011 0.011 0.019 0.024 0.015 0.072 0.167 0.02 0.03 0.33 0.011 0.025 0.026 0.015 0.074 0.062
168 L 0.042 0.023 0.014 0.015 0.015 0.015 0.02 0.022 0.011 0.103 0.333 0.024 0.044 0.123 0.013 0.024 0.031 0.009 0.035 0.086
169 W 0.032 0.023 0.015 0.015 0.009 0.015 0.022 0.028 0.014 0.046 0.119 0.023 0.022 0.058 0.009 0.023 0.024 0.403 0.058 0.043
170 L 0.047 0.021 0.015 0.017 0.016 0.017 0.02 0.022 0.01 0.213 0.215 0.026 0.067 0.046 0.015 0.027 0.038 0.006 0.021 0.141
171 L 0.096 0.025 0.016 0.018 0.017 0.018 0.024 0.032 0.011 0.099 0.322 0.029 0.042 0.047 0.017 0.036 0.036 0.007 0.021 0.089
172 I 0.043 0.019 0.015 0.017 0.015 0.013 0.018 0.021 0.01 0.206 0.199 0.023 0.036 0.117 0.014 0.024 0.035 0.008 0.034 0.134
173 A 0.304 0.03 0.025 0.029 0.021 0.025 0.04 0.077 0.015 0.042 0.058 0.044 0.017 0.021 0.029 0.083 0.049 0.005 0.017 0.067
174 L 0.118 0.029 0.03 0.029 0.113 0.023 0.033 0.047 0.013 0.056 0.123 0.037 0.023 0.028 0.023 0.095 0.092 0.005 0.017 0.066
175 G 0.068 0.028 0.035 0.031 0.014 0.021 0.029 0.229 0.013 0.051 0.114 0.036 0.021 0.026 0.021 0.061 0.123 0.006 0.016 0.056
176 I 0.048 0.023 0.017 0.018 0.016 0.019 0.021 0.023 0.011 0.211 0.176 0.028 0.092 0.045 0.015 0.029 0.039 0.007 0.022 0.14
177 H 0.041 0.045 0.052 0.037 0.007 0.037 0.052 0.037 0.368 0.022 0.037 0.045 0.015 0.03 0.019 0.041 0.026 0.007 0.056 0.022
178 L 0.055 0.027 0.025 0.024 0.017 0.02 0.027 0.029 0.011 0.123 0.214 0.032 0.034 0.039 0.019 0.051 0.125 0.006 0.02 0.1
179 S 0.108 0.039 0.053 0.048 0.017 0.033 0.051 0.065 0.019 0.029 0.041 0.053 0.015 0.02 0.029 0.235 0.08 0.005 0.017 0.041
180 A 0.304 0.03 0.025 0.029 0.021 0.025 0.04 0.077 0.015 0.042 0.058 0.044 0.017 0.021 0.029 0.083 0.049 0.005 0.017 0.067
181 L 0.049 0.023 0.014 0.015 0.016 0.016 0.02 0.022 0.01 0.123 0.336 0.025 0.045 0.05 0.014 0.026 0.036 0.007 0.022 0.132
182 L 0.043 0.02 0.015 0.016 0.015 0.014 0.019 0.021 0.011 0.172 0.243 0.023 0.039 0.119 0.013 0.024 0.034 0.008 0.034 0.118
183 Y 0.038 0.026 0.02 0.018 0.009 0.019 0.026 0.025 0.04 0.047 0.076 0.028 0.02 0.182 0.014 0.029 0.027 0.025 0.282 0.047
184 V 0.053 0.019 0.016 0.017 0.016 0.014 0.02 0.023 0.01 0.191 0.139 0.023 0.032 0.111 0.014 0.028 0.04 0.008 0.034 0.193
185 P 0.056 0.025 0.023 0.03 0.01 0.02 0.035 0.035 0.013 0.025 0.035 0.04 0.01 0.013 0.503 0.043 0.035 0.003 0.013 0.03
186 V 0.06 0.02 0.015 0.017 0.018 0.015 0.021 0.023 0.008 0.211 0.142 0.025 0.033 0.038 0.015 0.029 0.045 0.006 0.02 0.239
187 Y 0.04 0.027 0.021 0.018 0.009 0.021 0.027 0.024 0.046 0.043 0.067 0.031 0.018 0.128 0.015 0.031 0.027 0.027 0.331 0.046
188 F 0.033 0.019 0.017 0.017 0.01 0.01 0.019 0.025 0.017 0.062 0.112 0.019 0.025 0.399 0.01 0.025 0.025 0.017 0.087 0.054
189 L 0.046 0.023 0.015 0.017 0.016 0.017 0.02 0.022 0.011 0.179 0.26 0.026 0.069 0.048 0.014 0.026 0.037 0.007 0.022 0.125
190 Y 0.04 0.027 0.021 0.018 0.009 0.021 0.027 0.024 0.046 0.043 0.067 0.031 0.018 0.128 0.015 0.031 0.027 0.027 0.331 0.046
191 G 0.07 0.027 0.097 0.043 0.01 0.021 0.03 0.429 0.017 0.019 0.028 0.037 0.01 0.016 0.019 0.054 0.033 0.005 0.012 0.024
192 F 0.044 0.037 0.021 0.021 0.011 0.021 0.03 0.029 0.015 0.068 0.089 0.075 0.022 0.181 0.014 0.031 0.032 0.109 0.056 0.091
193 K 0.053 0.156 0.04 0.039 0.008 0.051 0.066 0.04 0.021 0.026 0.043 0.257 0.015 0.016 0.025 0.051 0.038 0.005 0.017 0.032
194 A 0.21 0.027 0.022 0.024 0.02 0.022 0.033 0.056 0.012 0.09 0.086 0.036 0.023 0.027 0.024 0.063 0.049 0.005 0.018 0.154
195 N 0.051 0.052 0.151 0.062 0.105 0.039 0.099 0.047 0.023 0.027 0.041 0.098 0.013 0.017 0.022 0.057 0.042 0.005 0.015 0.034
196 L 0.05 0.021 0.015 0.016 0.016 0.015 0.019 0.021 0.009 0.192 0.246 0.024 0.04 0.046 0.015 0.026 0.038 0.006 0.021 0.164
197 K 0.056 0.089 0.037 0.039 0.009 0.046 0.063 0.041 0.019 0.027 0.041 0.242 0.014 0.015 0.122 0.051 0.038 0.005 0.016 0.032
198 V 0.058 0.056 0.027 0.027 0.013 0.032 0.042 0.032 0.02 0.084 0.081 0.133 0.022 0.046 0.02 0.04 0.04 0.01 0.081 0.135
199 H 0.045 0.045 0.043 0.035 0.009 0.071 0.055 0.035 0.228 0.076 0.065 0.049 0.02 0.029 0.019 0.041 0.032 0.007 0.042 0.055
200 L 0.048 0.021 0.014 0.016 0.111 0.015 0.019 0.023 0.009 0.134 0.278 0.023 0.04 0.045 0.014 0.027 0.035 0.006 0.02 0.102
201 L 0.043 0.023 0.017 0.017 0.013 0.017 0.022 0.022 0.024 0.154 0.17 0.026 0.031 0.079 0.015 0.027 0.033 0.015 0.145 0.106
202 A 0.213 0.031 0.028 0.03 0.019 0.025 0.038 0.063 0.014 0.054 0.121 0.042 0.023 0.028 0.026 0.102 0.052 0.006 0.018 0.068
203 F 0.034 0.02 0.018 0.017 0.01 0.013 0.02 0.025 0.022 0.058 0.103 0.021 0.024 0.345 0.011 0.026 0.025 0.019 0.136 0.052
204 F 0.144 0.024 0.019 0.021 0.016 0.017 0.027 0.045 0.014 0.064 0.146 0.03 0.027 0.179 0.019 0.048 0.036 0.01 0.046 0.067
205 G 0.122 0.026 0.034 0.032 0.015 0.022 0.032 0.24 0.014 0.079 0.064 0.037 0.017 0.023 0.022 0.089 0.045 0.005 0.015 0.066
206 L 0.105 0.023 0.017 0.018 0.113 0.017 0.024 0.035 0.01 0.095 0.205 0.028 0.032 0.037 0.018 0.041 0.04 0.006 0.019 0.119
207 L 0.106 0.023 0.021 0.022 0.111 0.017 0.024 0.134 0.011 0.066 0.185 0.029 0.028 0.033 0.018 0.044 0.036 0.006 0.017 0.067
208 V 0.055 0.02 0.015 0.017 0.017 0.015 0.02 0.022 0.009 0.201 0.194 0.024 0.037 0.042 0.015 0.027 0.042 0.006 0.021 0.201
209 G 0.083 0.029 0.039 0.035 0.014 0.024 0.035 0.238 0.015 0.042 0.105 0.039 0.02 0.025 0.022 0.119 0.05 0.006 0.015 0.045
210 L 0.061 0.027 0.024 0.023 0.016 0.021 0.028 0.033 0.014 0.093 0.172 0.031 0.059 0.111 0.017 0.07 0.045 0.008 0.034 0.113
211 P 0.056 0.025 0.023 0.03 0.01 0.02 0.035 0.035 0.013 0.025 0.035 0.04 0.01 0.013 0.503 0.043 0.035 0.003 0.013 0.03
212 I 0.055 0.019 0.015 0.017 0.017 0.014 0.02 0.022 0.008 0.236 0.15 0.024 0.034 0.04 0.015 0.028 0.043 0.006 0.02 0.217
213 L 0.044 0.023 0.014 0.015 0.016 0.015 0.019 0.021 0.01 0.148 0.343 0.024 0.046 0.052 0.014 0.024 0.034 0.007 0.022 0.11
214 K 0.06 0.088 0.04 0.039 0.009 0.046 0.061 0.138 0.019 0.025 0.039 0.24 0.014 0.015 0.025 0.052 0.037 0.005 0.016 0.03
215 K 0.058 0.088 0.036 0.036 0.011 0.045 0.06 0.039 0.018 0.054 0.059 0.239 0.018 0.019 0.025 0.048 0.041 0.005 0.018 0.082
216 L 0.049 0.022 0.014 0.016 0.016 0.015 0.02 0.021 0.009 0.157 0.291 0.025 0.043 0.048 0.014 0.026 0.037 0.006 0.021 0.148
217 L 0.05 0.021 0.015 0.016 0.016 0.015 0.019 0.021 0.009 0.192 0.246 0.024 0.04 0.046 0.015 0.026 0.038 0.006 0.021 0.164
218 I 0.05 0.019 0.015 0.017 0.016 0.014 0.019 0.021 0.009 0.226 0.202 0.024 0.038 0.044 0.015 0.026 0.04 0.006 0.021 0.179
219 F 0.042 0.105 0.025 0.024 0.011 0.027 0.036 0.029 0.017 0.057 0.14 0.094 0.026 0.177 0.016 0.034 0.031 0.01 0.046 0.053
220 V 0.064 0.022 0.016 0.017 0.018 0.016 0.022 0.024 0.008 0.152 0.18 0.025 0.035 0.039 0.016 0.031 0.045 0.006 0.021 0.245
221 I 0.051 0.018 0.015 0.017 0.016 0.014 0.018 0.021 0.009 0.261 0.157 0.024 0.035 0.042 0.015 0.026 0.041 0.006 0.02 0.195
222 S 0.097 0.052 0.051 0.046 0.015 0.037 0.055 0.06 0.019 0.029 0.041 0.101 0.015 0.019 0.029 0.199 0.072 0.005 0.017 0.039
223 K 0.051 0.077 0.093 0.044 0.01 0.041 0.055 0.042 0.02 0.043 0.109 0.191 0.021 0.023 0.023 0.05 0.04 0.005 0.018 0.043
224 T 0.079 0.036 0.045 0.039 0.017 0.028 0.041 0.047 0.015 0.048 0.059 0.046 0.019 0.023 0.027 0.12 0.225 0.006 0.017 0.064
225 K 0.056 0.089 0.037 0.039 0.009 0.046 0.063 0.041 0.019 0.027 0.041 0.242 0.014 0.015 0.122 0.051 0.038 0.005 0.016 0.032
226 Y 0.04 0.027 0.021 0.018 0.009 0.021 0.027 0.024 0.046 0.043 0.067 0.031 0.018 0.128 0.015 0.031 0.027 0.027 0.331 0.046
227 A 0.18 0.032 0.039 0.037 0.017 0.027 0.041 0.161 0.016 0.032 0.045 0.045 0.015 0.02 0.027 0.137 0.058 0.005 0.016 0.048
228 W 0.03 0.022 0.015 0.015 0.007 0.015 0.022 0.03 0.015 0.03 0.052 0.022 0.015 0.059 0.007 0.022 0.022 0.502 0.067 0.03
229 Y 0.04 0.027 0.021 0.018 0.009 0.021 0.027 0.024 0.046 0.043 0.067 0.031 0.018 0.128 0.015 0.031 0.027 0.027 0.331 0.046
230 L 0.04 0.019 0.015 0.017 0.014 0.013 0.018 0.022 0.012 0.162 0.188 0.022 0.034 0.188 0.013 0.025 0.032 0.01 0.047 0.11
231 G 0.062 0.025 0.05 0.184 0.009 0.023 0.051 0.33 0.015 0.02 0.028 0.037 0.009 0.015 0.02 0.051 0.031 0.005 0.011 0.024
232 S 0.108 0.039 0.053 0.048 0.017 0.033 0.051 0.065 0.019 0.029 0.041 0.053 0.015 0.02 0.029 0.235 0.08 0.005 0.017 0.041
233 L 0.097 0.026 0.019 0.02 0.016 0.021 0.026 0.035 0.014 0.117 0.144 0.031 0.086 0.112 0.017 0.041 0.038 0.009 0.034 0.095
234 F 0.037 0.027 0.026 0.021 0.009 0.02 0.029 0.027 0.098 0.046 0.079 0.029 0.02 0.217 0.014 0.03 0.026 0.019 0.179 0.044
235 D 0.046 0.03 0.053 0.257 0.01 0.027 0.067 0.041 0.023 0.032 0.043 0.041 0.013 0.039 0.022 0.055 0.079 0.009 0.076 0.037
236 G 0.112 0.048 0.037 0.046 0.013 0.037 0.097 0.143 0.017 0.032 0.046 0.097 0.015 0.018 0.025 0.066 0.083 0.005 0.016 0.045
237 N 0.055 0.043 0.275 0.075 0.01 0.033 0.049 0.064 0.028 0.023 0.033 0.053 0.012 0.018 0.022 0.102 0.055 0.005 0.016 0.029
238 N 0.042 0.041 0.278 0.147 0.009 0.032 0.057 0.06 0.028 0.022 0.03 0.051 0.011 0.017 0.02 0.065 0.046 0.004 0.015 0.026
239 F 0.033 0.019 0.017 0.017 0.01 0.01 0.019 0.025 0.017 0.062 0.112 0.019 0.025 0.399 0.01 0.025 0.025 0.017 0.087 0.054
240 Y 0.042 0.032 0.083 0.031 0.01 0.025 0.032 0.033 0.037 0.05 0.085 0.036 0.049 0.09 0.016 0.039 0.034 0.019 0.207 0.051
241 L 0.044 0.024 0.014 0.015 0.016 0.016 0.02 0.021 0.01 0.113 0.388 0.025 0.049 0.054 0.014 0.024 0.033 0.007 0.022 0.094
242 L 0.062 0.024 0.022 0.023 0.017 0.018 0.026 0.03 0.011 0.175 0.177 0.03 0.033 0.039 0.018 0.068 0.048 0.006 0.02 0.153
243 G 0.083 0.026 0.041 0.036 0.012 0.021 0.03 0.429 0.014 0.021 0.03 0.037 0.01 0.017 0.021 0.087 0.039 0.005 0.012 0.027
244 F 0.033 0.019 0.017 0.017 0.01 0.01 0.019 0.025 0.017 0.062 0.112 0.019 0.025 0.399 0.01 0.025 0.025 0.017 0.087 0.054
245 L 0.054 0.022 0.015 0.016 0.017 0.015 0.021 0.022 0.009 0.167 0.239 0.025 0.039 0.044 0.015 0.027 0.04 0.006 0.021 0.186
246 F 0.044 0.022 0.017 0.017 0.013 0.015 0.021 0.025 0.015 0.089 0.131 0.023 0.057 0.256 0.013 0.028 0.033 0.013 0.061 0.107
247 S 0.14 0.037 0.045 0.042 0.018 0.03 0.046 0.063 0.017 0.036 0.049 0.049 0.017 0.021 0.029 0.176 0.11 0.005 0.017 0.052
248 L 0.047 0.022 0.015 0.016 0.015 0.015 0.02 0.022 0.011 0.113 0.281 0.024 0.04 0.119 0.014 0.026 0.034 0.009 0.035 0.124
249 G 0.055 0.021 0.024 0.023 0.013 0.015 0.021 0.221 0.012 0.1 0.144 0.027 0.026 0.106 0.015 0.035 0.031 0.008 0.03 0.074
250 F 0.046 0.023 0.021 0.02 0.014 0.015 0.023 0.027 0.013 0.115 0.168 0.026 0.031 0.184 0.015 0.038 0.077 0.01 0.047 0.089
251 L 0.042 0.023 0.014 0.015 0.015 0.015 0.02 0.022 0.011 0.103 0.333 0.024 0.044 0.123 0.013 0.024 0.031 0.009 0.035 0.086
252 V 0.111 0.024 0.018 0.019 0.019 0.018 0.026 0.034 0.01 0.128 0.166 0.029 0.032 0.036 0.018 0.041 0.045 0.006 0.02 0.202
253 L 0.049 0.022 0.014 0.016 0.016 0.015 0.02 0.021 0.009 0.157 0.291 0.025 0.043 0.048 0.014 0.026 0.037 0.006 0.021 0.148
254 L 0.064 0.027 0.026 0.024 0.133 0.021 0.029 0.036 0.021 0.057 0.139 0.032 0.025 0.056 0.019 0.082 0.044 0.011 0.095 0.06
255 L 0.042 0.033 0.029 0.035 0.01 0.03 0.086 0.028 0.093 0.052 0.128 0.039 0.024 0.125 0.017 0.035 0.029 0.013 0.103 0.049
256 F 0.036 0.022 0.018 0.017 0.01 0.015 0.022 0.025 0.028 0.054 0.094 0.023 0.022 0.291 0.012 0.027 0.026 0.021 0.185 0.051
257 Y 0.04 0.027 0.021 0.018 0.009 0.021 0.027 0.024 0.046 0.043 0.067 0.031 0.018 0.128 0.015 0.031 0.027 0.027 0.331 0.046
258 Y 0.04 0.031 0.083 0.031 0.009 0.024 0.032 0.032 0.043 0.039 0.06 0.035 0.017 0.106 0.016 0.038 0.032 0.023 0.268 0.042
259 Y 0.102 0.042 0.025 0.025 0.013 0.027 0.037 0.038 0.027 0.063 0.073 0.085 0.02 0.066 0.021 0.046 0.038 0.014 0.143 0.095
260 Y 0.041 0.025 0.02 0.018 0.01 0.02 0.025 0.024 0.038 0.091 0.087 0.029 0.022 0.111 0.015 0.029 0.03 0.023 0.269 0.071
261 Y 0.04 0.028 0.022 0.019 0.009 0.022 0.028 0.025 0.047 0.044 0.068 0.031 0.019 0.131 0.016 0.031 0.028 0.028 0.318 0.047
262 D 0.041 0.03 0.069 0.397 0.008 0.03 0.091 0.047 0.019 0.022 0.028 0.045 0.009 0.015 0.022 0.052 0.035 0.004 0.011 0.024
263 K 0.057 0.107 0.042 0.042 0.009 0.054 0.071 0.043 0.021 0.028 0.043 0.278 0.016 0.016 0.028 0.054 0.04 0.005 0.017 0.033
264 H 0.042 0.046 0.053 0.038 0.008 0.038 0.053 0.038 0.355 0.023 0.038 0.046 0.015 0.03 0.019 0.042 0.027 0.008 0.057 0.023
265 S 0.11 0.04 0.054 0.049 0.018 0.033 0.052 0.066 0.019 0.03 0.042 0.054 0.016 0.021 0.03 0.22 0.082 0.005 0.018 0.042
266 K 0.057 0.107 0.042 0.042 0.009 0.054 0.071 0.043 0.021 0.028 0.043 0.278 0.016 0.016 0.028 0.054 0.04 0.005 0.017 0.033
267 L 0.045 0.024 0.014 0.015 0.016 0.016 0.02 0.021 0.01 0.115 0.375 0.025 0.05 0.055 0.014 0.024 0.033 0.007 0.022 0.096
268 S 0.11 0.04 0.054 0.049 0.018 0.033 0.052 0.066 0.019 0.03 0.042 0.054 0.016 0.021 0.03 0.22 0.082 0.005 0.018 0.042
269 G 0.078 0.023 0.039 0.034 0.011 0.019 0.026 0.51 0.014 0.019 0.028 0.034 0.009 0.016 0.019 0.051 0.03 0.005 0.011 0.024
270 E 0.055 0.05 0.04 0.09 0.007 0.064 0.296 0.035 0.026 0.022 0.037 0.076 0.013 0.017 0.026 0.055 0.037 0.006 0.017 0.031
271 N 0.043 0.045 0.317 0.083 0.009 0.034 0.049 0.065 0.032 0.022 0.032 0.054 0.011 0.018 0.02 0.07 0.049 0.004 0.016 0.027
272 G 0.074 0.021 0.034 0.03 0.107 0.017 0.023 0.422 0.012 0.024 0.035 0.03 0.011 0.017 0.018 0.048 0.03 0.005 0.011 0.03
273 N 0.047 0.046 0.158 0.075 0.008 0.046 0.154 0.047 0.096 0.022 0.034 0.06 0.012 0.02 0.022 0.057 0.039 0.005 0.024 0.027
274 R 0.052 0.161 0.094 0.041 0.009 0.033 0.042 0.137 0.02 0.022 0.037 0.072 0.012 0.016 0.116 0.05 0.036 0.005 0.015 0.028
275 E 0.057 0.043 0.035 0.074 0.01 0.054 0.253 0.032 0.022 0.05 0.054 0.064 0.016 0.02 0.023 0.05 0.039 0.005 0.017 0.081
276 D 0.044 0.044 0.112 0.197 0.008 0.072 0.076 0.047 0.093 0.023 0.034 0.055 0.013 0.018 0.021 0.053 0.037 0.005 0.023 0.026
277 D 0.041 0.032 0.12 0.344 0.008 0.03 0.081 0.049 0.021 0.022 0.028 0.046 0.009 0.015 0.022 0.055 0.037 0.004 0.012 0.024
278 K 0.053 0.057 0.036 0.105 0.012 0.033 0.054 0.035 0.015 0.07 0.126 0.136 0.024 0.027 0.021 0.042 0.039 0.005 0.017 0.093
279 K 0.053 0.138 0.04 0.049 0.008 0.089 0.12 0.038 0.024 0.025 0.043 0.173 0.016 0.016 0.024 0.052 0.038 0.005 0.017 0.032
280 F 0.037 0.024 0.019 0.018 0.01 0.017 0.024 0.025 0.034 0.051 0.085 0.026 0.021 0.237 0.013 0.028 0.026 0.023 0.234 0.049
281 N 0.044 0.045 0.217 0.074 0.008 0.04 0.102 0.053 0.097 0.022 0.033 0.055 0.012 0.02 0.021 0.06 0.042 0.005 0.024 0.027
282 F 0.037 0.021 0.016 0.016 0.013 0.013 0.019 0.023 0.014 0.083 0.222 0.021 0.034 0.261 0.012 0.024 0.028 0.013 0.061 0.07
283 L 0.044 0.027 0.018 0.018 0.013 0.021 0.024 0.025 0.021 0.083 0.191 0.029 0.089 0.135 0.014 0.03 0.033 0.013 0.097 0.075
284 L 0.054 0.023 0.015 0.016 0.017 0.016 0.021 0.022 0.009 0.132 0.284 0.025 0.042 0.046 0.015 0.027 0.039 0.006 0.021 0.17
285 N 0.041 0.041 0.269 0.069 0.009 0.031 0.044 0.056 0.034 0.026 0.038 0.048 0.012 0.04 0.019 0.061 0.044 0.009 0.079 0.03
286 L 0.049 0.027 0.017 0.018 0.016 0.022 0.024 0.025 0.013 0.139 0.226 0.031 0.123 0.048 0.015 0.031 0.038 0.007 0.023 0.108
287 Y 0.049 0.056 0.033 0.042 0.009 0.078 0.107 0.033 0.033 0.032 0.052 0.103 0.017 0.06 0.021 0.045 0.034 0.014 0.143 0.038
288 F 0.034 0.021 0.017 0.017 0.01 0.013 0.021 0.026 0.022 0.052 0.091 0.022 0.022 0.277 0.011 0.026 0.025 0.116 0.132 0.047
289 L 0.097 0.023 0.019 0.022 0.015 0.017 0.026 0.036 0.012 0.106 0.152 0.03 0.027 0.106 0.114 0.04 0.036 0.007 0.032 0.084
290 G 0.165 0.024 0.029 0.028 0.111 0.02 0.029 0.245 0.013 0.033 0.047 0.035 0.014 0.019 0.022 0.061 0.038 0.005 0.013 0.048
291 L 0.108 0.028 0.023 0.024 0.018 0.022 0.03 0.038 0.012 0.094 0.166 0.035 0.059 0.036 0.02 0.053 0.086 0.006 0.02 0.121
292 V 0.056 0.022 0.016 0.018 0.017 0.017 0.022 0.023 0.01 0.198 0.156 0.027 0.062 0.041 0.015 0.03 0.043 0.006 0.021 0.201
293 A 0.179 0.035 0.04 0.038 0.019 0.028 0.044 0.065 0.016 0.039 0.052 0.048 0.017 0.021 0.029 0.146 0.104 0.005 0.017 0.057
294 L 0.06 0.028 0.026 0.024 0.017 0.02 0.028 0.03 0.011 0.098 0.206 0.033 0.033 0.038 0.02 0.052 0.127 0.006 0.02 0.122
295 L 0.044 0.024 0.014 0.015 0.016 0.016 0.02 0.021 0.01 0.113 0.388 0.025 0.049 0.054 0.014 0.024 0.033 0.007 0.022 0.094
296 F 0.039 0.018 0.016 0.016 0.107 0.011 0.018 0.026 0.015 0.058 0.102 0.019 0.023 0.323 0.012 0.028 0.027 0.014 0.072 0.054
297 S 0.101 0.038 0.051 0.046 0.017 0.031 0.049 0.061 0.018 0.034 0.046 0.051 0.016 0.021 0.029 0.206 0.117 0.005 0.017 0.047
298 S 0.147 0.038 0.047 0.044 0.018 0.031 0.049 0.067 0.018 0.032 0.045 0.051 0.016 0.021 0.029 0.205 0.074 0.005 0.017 0.046
299 V 0.109 0.025 0.023 0.023 0.017 0.019 0.029 0.039 0.012 0.096 0.098 0.032 0.025 0.103 0.02 0.053 0.086 0.008 0.032 0.151
300 I 0.051 0.018 0.015 0.017 0.016 0.014 0.018 0.021 0.009 0.261 0.157 0.024 0.035 0.042 0.015 0.026 0.041 0.006 0.02 0.195
301 P 0.056 0.025 0.023 0.03 0.01 0.02 0.035 0.035 0.013 0.025 0.035 0.04 0.01 0.013 0.503 0.043 0.035 0.003 0.013 0.03
302 Q 0.055 0.072 0.043 0.046 0.009 0.23 0.101 0.04 0.029 0.026 0.046 0.089 0.02 0.014 0.023 0.055 0.04 0.006 0.02 0.035
303 A 0.16 0.03 0.028 0.028 0.017 0.024 0.035 0.054 0.016 0.055 0.092 0.039 0.05 0.102 0.023 0.092 0.049 0.008 0.032 0.064
304 D 0.067 0.033 0.062 0.265 0.011 0.031 0.074 0.053 0.019 0.025 0.033 0.048 0.012 0.017 0.025 0.125 0.053 0.004 0.013 0.031
305 R 0.057 0.294 0.041 0.034 0.01 0.044 0.051 0.039 0.022 0.024 0.045 0.105 0.015 0.018 0.021 0.082 0.043 0.006 0.017 0.033
306 I 0.05 0.019 0.015 0.017 0.016 0.014 0.019 0.021 0.009 0.226 0.202 0.024 0.038 0.044 0.015 0.026 0.04 0.006 0.021 0.179
307 Y 0.062 0.032 0.032 0.028 0.014 0.026 0.034 0.037 0.028 0.053 0.086 0.039 0.05 0.069 0.021 0.085 0.087 0.015 0.144 0.059
308 Y 0.052 0.04 0.027 0.026 0.011 0.025 0.033 0.126 0.027 0.083 0.074 0.082 0.019 0.066 0.018 0.038 0.032 0.014 0.142 0.064
309 C 0.104 0.022 0.017 0.018 0.208 0.016 0.022 0.036 0.01 0.071 0.192 0.027 0.029 0.034 0.018 0.042 0.037 0.005 0.017 0.074
310 F 0.033 0.019 0.017 0.017 0.01 0.01 0.019 0.025 0.017 0.062 0.112 0.019 0.025 0.399 0.01 0.025 0.025 0.017 0.087 0.054
311 N 0.11 0.041 0.156 0.066 0.013 0.037 0.1 0.061 0.024 0.027 0.039 0.055 0.013 0.019 0.025 0.102 0.052 0.005 0.016 0.038
312 F 0.052 0.024 0.024 0.023 0.013 0.018 0.027 0.032 0.021 0.096 0.099 0.029 0.024 0.198 0.016 0.068 0.039 0.014 0.109 0.074
313 V 0.061 0.023 0.017 0.018 0.018 0.018 0.023 0.024 0.01 0.174 0.148 0.027 0.061 0.039 0.016 0.031 0.045 0.006 0.021 0.223
314 E 0.06 0.037 0.036 0.054 0.013 0.039 0.143 0.035 0.017 0.087 0.073 0.052 0.02 0.024 0.024 0.063 0.127 0.006 0.018 0.075
315 I 0.062 0.021 0.022 0.023 0.112 0.017 0.024 0.031 0.011 0.186 0.12 0.028 0.028 0.034 0.018 0.07 0.047 0.005 0.018 0.123
316 L 0.044 0.024 0.014 0.015 0.016 0.016 0.02 0.021 0.01 0.113 0.388 0.025 0.049 0.054 0.014 0.024 0.033 0.007 0.022 0.094
317 L 0.107 0.026 0.025 0.025 0.016 0.019 0.029 0.042 0.014 0.106 0.153 0.033 0.028 0.108 0.019 0.078 0.045 0.008 0.033 0.086
318 V 0.053 0.019 0.016 0.017 0.016 0.014 0.02 0.023 0.01 0.191 0.139 0.023 0.032 0.111 0.014 0.028 0.04 0.008 0.034 0.193
319 P 0.056 0.025 0.023 0.03 0.01 0.02 0.035 0.035 0.013 0.025 0.035 0.04 0.01 0.013 0.503 0.043 0.035 0.003 0.013 0.03
320 K 0.05 0.129 0.036 0.044 0.008 0.047 0.106 0.035 0.027 0.028 0.047 0.161 0.015 0.038 0.023 0.047 0.035 0.01 0.08 0.034
