#Seq2Logo.py -f /work3/idamei/ssn-clusterings/2206011120/clusters/0024_26/sequences.afa -m 0.0001 -b 50 -o /work3/idamei/ssn-clusterings/2206011120/clusters/0024_26/sequences.logo -p 640x1000 -l 30
#Position Specific Frequency Matrix
A R N D C Q E G H I L K M F P S T W Y V
0 M 0.044 0.027 0.017 0.017 0.013 0.023 0.023 0.023 0.013 0.084 0.164 0.03 0.301 0.04 0.013 0.03 0.033 0.007 0.02 0.077
1 V 0.088 0.039 0.099 0.038 0.012 0.045 0.056 0.042 0.016 0.074 0.059 0.086 0.017 0.02 0.02 0.11 0.045 0.004 0.015 0.113
2 N 0.043 0.046 0.308 0.084 0.009 0.034 0.05 0.066 0.032 0.023 0.032 0.055 0.011 0.018 0.02 0.071 0.05 0.005 0.016 0.027
3 K 0.058 0.109 0.042 0.042 0.009 0.054 0.072 0.044 0.021 0.028 0.044 0.268 0.016 0.016 0.028 0.054 0.04 0.005 0.018 0.033
4 F 0.034 0.019 0.017 0.017 0.011 0.011 0.019 0.026 0.017 0.064 0.116 0.019 0.026 0.379 0.011 0.026 0.026 0.017 0.09 0.056
5 K 0.053 0.07 0.036 0.037 0.01 0.127 0.071 0.036 0.021 0.086 0.07 0.145 0.022 0.021 0.022 0.047 0.039 0.005 0.019 0.064
6 L 0.04 0.025 0.016 0.016 0.012 0.016 0.022 0.021 0.013 0.111 0.195 0.053 0.028 0.162 0.013 0.025 0.03 0.009 0.069 0.124
7 I 0.048 0.018 0.015 0.018 0.016 0.014 0.018 0.021 0.009 0.259 0.171 0.024 0.037 0.045 0.015 0.025 0.04 0.006 0.021 0.18
8 N 0.043 0.046 0.305 0.085 0.009 0.034 0.05 0.066 0.032 0.023 0.032 0.055 0.011 0.018 0.021 0.071 0.05 0.005 0.016 0.027
9 L 0.053 0.033 0.02 0.02 0.016 0.029 0.029 0.029 0.016 0.102 0.2 0.037 0.146 0.049 0.016 0.037 0.041 0.008 0.025 0.094
10 L 0.045 0.025 0.014 0.015 0.016 0.016 0.021 0.022 0.01 0.117 0.365 0.026 0.05 0.056 0.014 0.025 0.034 0.007 0.023 0.098
11 K 0.058 0.109 0.042 0.042 0.009 0.054 0.072 0.044 0.021 0.028 0.044 0.266 0.016 0.016 0.028 0.054 0.04 0.005 0.018 0.033
12 N 0.043 0.046 0.305 0.085 0.009 0.034 0.05 0.066 0.032 0.023 0.032 0.055 0.011 0.018 0.021 0.071 0.05 0.005 0.016 0.027
13 T 0.074 0.036 0.044 0.038 0.018 0.028 0.04 0.044 0.014 0.054 0.066 0.046 0.02 0.024 0.028 0.094 0.234 0.006 0.018 0.072
14 F 0.034 0.019 0.017 0.017 0.011 0.011 0.019 0.026 0.017 0.064 0.116 0.019 0.026 0.377 0.011 0.026 0.026 0.017 0.09 0.056
15 K 0.043 0.119 0.028 0.025 0.01 0.03 0.038 0.028 0.051 0.08 0.146 0.147 0.021 0.027 0.017 0.045 0.054 0.006 0.03 0.054
16 V 0.047 0.019 0.047 0.019 0.014 0.014 0.019 0.022 0.009 0.2 0.172 0.023 0.029 0.033 0.013 0.027 0.037 0.005 0.017 0.235
17 K 0.05 0.12 0.148 0.044 0.008 0.037 0.049 0.043 0.02 0.022 0.033 0.196 0.012 0.014 0.021 0.097 0.04 0.004 0.014 0.027
18 K 0.057 0.107 0.042 0.042 0.009 0.054 0.071 0.043 0.021 0.028 0.043 0.278 0.016 0.016 0.028 0.054 0.04 0.005 0.017 0.033
19 T 0.073 0.036 0.043 0.038 0.018 0.028 0.039 0.043 0.014 0.053 0.065 0.045 0.02 0.024 0.028 0.093 0.246 0.006 0.018 0.071
20 S 0.11 0.04 0.054 0.049 0.018 0.033 0.052 0.066 0.019 0.03 0.042 0.054 0.016 0.021 0.03 0.22 0.082 0.005 0.018 0.042
21 F 0.034 0.019 0.017 0.017 0.011 0.011 0.019 0.025 0.017 0.063 0.114 0.019 0.025 0.387 0.011 0.025 0.025 0.017 0.089 0.055
22 K 0.057 0.107 0.042 0.042 0.009 0.054 0.071 0.043 0.021 0.028 0.043 0.278 0.016 0.016 0.028 0.054 0.04 0.005 0.017 0.033
23 K 0.044 0.136 0.029 0.028 0.008 0.037 0.047 0.03 0.018 0.037 0.094 0.25 0.017 0.026 0.019 0.038 0.031 0.006 0.052 0.05
24 E 0.049 0.047 0.145 0.09 0.008 0.034 0.16 0.089 0.02 0.026 0.069 0.049 0.013 0.017 0.019 0.082 0.037 0.004 0.013 0.03
25 T 0.079 0.027 0.059 0.028 0.013 0.02 0.029 0.035 0.014 0.051 0.091 0.041 0.019 0.133 0.018 0.074 0.144 0.008 0.046 0.073
26 L 0.041 0.02 0.015 0.016 0.013 0.014 0.019 0.021 0.009 0.135 0.331 0.023 0.034 0.076 0.013 0.039 0.058 0.006 0.022 0.093
27 L 0.038 0.02 0.048 0.019 0.011 0.014 0.02 0.038 0.014 0.132 0.208 0.023 0.027 0.082 0.012 0.025 0.029 0.062 0.07 0.108
28 F 0.036 0.017 0.017 0.016 0.055 0.011 0.018 0.024 0.015 0.049 0.085 0.019 0.02 0.397 0.011 0.049 0.026 0.013 0.078 0.045
29 L 0.038 0.02 0.014 0.014 0.012 0.014 0.018 0.065 0.01 0.081 0.349 0.021 0.056 0.12 0.012 0.023 0.027 0.007 0.028 0.069
30 L 0.042 0.018 0.014 0.015 0.013 0.013 0.018 0.02 0.009 0.178 0.253 0.021 0.032 0.093 0.013 0.032 0.041 0.006 0.024 0.144
31 L 0.042 0.019 0.015 0.016 0.014 0.014 0.018 0.02 0.008 0.199 0.276 0.022 0.034 0.052 0.013 0.026 0.06 0.006 0.02 0.126
32 S 0.09 0.028 0.035 0.032 0.015 0.023 0.035 0.044 0.013 0.099 0.062 0.038 0.018 0.022 0.021 0.228 0.083 0.005 0.015 0.094
33 L 0.046 0.02 0.017 0.017 0.014 0.014 0.02 0.022 0.009 0.192 0.235 0.024 0.031 0.048 0.014 0.048 0.062 0.005 0.019 0.143
34 P 0.046 0.021 0.019 0.023 0.011 0.016 0.026 0.027 0.01 0.099 0.105 0.03 0.018 0.052 0.311 0.047 0.059 0.004 0.017 0.057
35 L 0.1 0.019 0.015 0.016 0.013 0.014 0.02 0.028 0.01 0.12 0.178 0.023 0.026 0.156 0.014 0.032 0.045 0.007 0.032 0.13
36 A 0.235 0.025 0.026 0.027 0.016 0.021 0.032 0.051 0.012 0.099 0.065 0.035 0.018 0.022 0.022 0.135 0.047 0.005 0.015 0.093
37 L 0.04 0.018 0.012 0.013 0.036 0.013 0.016 0.018 0.008 0.168 0.339 0.02 0.036 0.053 0.012 0.022 0.03 0.006 0.019 0.119
38 I 0.038 0.017 0.012 0.014 0.013 0.012 0.016 0.018 0.008 0.261 0.23 0.02 0.032 0.088 0.012 0.021 0.031 0.006 0.024 0.127
39 V 0.058 0.018 0.014 0.015 0.016 0.014 0.019 0.021 0.007 0.137 0.109 0.022 0.026 0.03 0.014 0.027 0.041 0.005 0.017 0.391
40 G 0.065 0.019 0.033 0.028 0.009 0.016 0.021 0.592 0.011 0.016 0.024 0.028 0.008 0.014 0.016 0.043 0.025 0.005 0.009 0.02
41 N 0.039 0.027 0.172 0.061 0.01 0.02 0.03 0.08 0.017 0.048 0.161 0.032 0.054 0.083 0.014 0.047 0.033 0.006 0.022 0.045
42 R 0.037 0.463 0.032 0.025 0.006 0.04 0.043 0.027 0.019 0.019 0.038 0.099 0.013 0.014 0.016 0.037 0.029 0.005 0.014 0.025
43 G 0.064 0.019 0.032 0.028 0.009 0.015 0.021 0.598 0.011 0.015 0.023 0.028 0.008 0.013 0.015 0.042 0.024 0.004 0.009 0.02
44 G 0.134 0.027 0.144 0.152 0.01 0.022 0.042 0.19 0.016 0.022 0.03 0.036 0.01 0.014 0.019 0.053 0.034 0.004 0.011 0.029
45 T 0.06 0.029 0.036 0.031 0.015 0.023 0.032 0.036 0.011 0.044 0.053 0.037 0.016 0.019 0.023 0.076 0.382 0.005 0.015 0.058
46 P 0.044 0.097 0.14 0.038 0.009 0.024 0.035 0.037 0.016 0.026 0.067 0.047 0.012 0.016 0.244 0.067 0.035 0.003 0.013 0.029
47 D 0.034 0.025 0.057 0.506 0.006 0.025 0.075 0.038 0.015 0.018 0.023 0.037 0.008 0.012 0.018 0.043 0.029 0.003 0.009 0.02
48 T 0.06 0.029 0.036 0.031 0.015 0.023 0.032 0.036 0.011 0.044 0.053 0.037 0.016 0.019 0.023 0.076 0.382 0.005 0.015 0.058
49 Q 0.048 0.044 0.031 0.034 0.009 0.209 0.074 0.032 0.022 0.061 0.053 0.056 0.017 0.059 0.018 0.077 0.035 0.008 0.071 0.042
50 V 0.05 0.022 0.056 0.062 0.014 0.017 0.027 0.027 0.01 0.151 0.087 0.028 0.022 0.026 0.016 0.041 0.12 0.004 0.015 0.203
51 Y 0.033 0.023 0.018 0.015 0.008 0.018 0.023 0.02 0.038 0.036 0.056 0.026 0.015 0.107 0.013 0.026 0.023 0.023 0.441 0.038
52 Y 0.032 0.022 0.017 0.015 0.008 0.017 0.022 0.021 0.034 0.037 0.069 0.024 0.016 0.122 0.012 0.025 0.023 0.067 0.379 0.039
53 D 0.042 0.028 0.144 0.192 0.008 0.023 0.046 0.039 0.021 0.028 0.044 0.036 0.035 0.049 0.017 0.084 0.045 0.007 0.082 0.031
54 V 0.052 0.017 0.013 0.014 0.015 0.013 0.018 0.019 0.007 0.197 0.112 0.021 0.026 0.03 0.013 0.025 0.038 0.005 0.017 0.349
55 F 0.028 0.016 0.014 0.014 0.009 0.01 0.016 0.02 0.015 0.053 0.12 0.016 0.022 0.439 0.009 0.021 0.021 0.014 0.097 0.046
56 K 0.102 0.129 0.03 0.029 0.009 0.062 0.05 0.036 0.016 0.029 0.073 0.253 0.015 0.016 0.02 0.044 0.032 0.004 0.015 0.035
57 N 0.07 0.032 0.28 0.049 0.009 0.024 0.035 0.068 0.026 0.023 0.034 0.039 0.011 0.034 0.017 0.074 0.038 0.008 0.102 0.028
58 I 0.039 0.015 0.012 0.014 0.013 0.011 0.015 0.017 0.007 0.391 0.133 0.019 0.029 0.035 0.012 0.021 0.033 0.005 0.017 0.163
59 D 0.042 0.038 0.121 0.209 0.007 0.067 0.086 0.126 0.018 0.018 0.027 0.086 0.01 0.013 0.018 0.045 0.031 0.004 0.011 0.022
60 S 0.052 0.035 0.102 0.074 0.011 0.051 0.057 0.038 0.017 0.047 0.11 0.069 0.017 0.024 0.019 0.122 0.068 0.005 0.031 0.051
61 Y 0.033 0.021 0.015 0.014 0.01 0.015 0.019 0.019 0.024 0.06 0.234 0.022 0.025 0.117 0.012 0.023 0.024 0.015 0.244 0.054
62 D 0.036 0.026 0.148 0.287 0.007 0.023 0.055 0.039 0.017 0.019 0.025 0.037 0.008 0.012 0.15 0.044 0.032 0.003 0.01 0.021
63 L 0.036 0.019 0.012 0.013 0.013 0.013 0.016 0.017 0.008 0.142 0.441 0.02 0.038 0.043 0.012 0.02 0.028 0.006 0.018 0.088
64 L 0.047 0.028 0.022 0.021 0.012 0.019 0.026 0.027 0.011 0.063 0.25 0.057 0.038 0.068 0.016 0.067 0.124 0.021 0.022 0.06
65 N 0.047 0.035 0.345 0.072 0.009 0.027 0.041 0.052 0.023 0.019 0.027 0.043 0.01 0.015 0.018 0.128 0.046 0.004 0.013 0.024
66 P 0.041 0.021 0.018 0.022 0.008 0.016 0.026 0.026 0.016 0.027 0.041 0.03 0.011 0.086 0.413 0.032 0.027 0.007 0.102 0.03
67 L 0.057 0.03 0.022 0.022 0.012 0.028 0.029 0.029 0.012 0.101 0.121 0.077 0.021 0.101 0.015 0.079 0.062 0.051 0.027 0.103
68 L 0.047 0.038 0.031 0.106 0.009 0.036 0.091 0.089 0.014 0.045 0.143 0.113 0.018 0.021 0.018 0.062 0.032 0.004 0.014 0.066
69 F 0.027 0.015 0.014 0.014 0.009 0.009 0.015 0.02 0.014 0.051 0.092 0.015 0.02 0.506 0.009 0.02 0.02 0.014 0.072 0.044
70 Y 0.033 0.023 0.018 0.015 0.008 0.018 0.023 0.02 0.038 0.035 0.055 0.025 0.015 0.105 0.013 0.025 0.023 0.023 0.45 0.038
71 L 0.093 0.033 0.059 0.03 0.012 0.057 0.037 0.038 0.014 0.085 0.145 0.066 0.021 0.024 0.018 0.127 0.042 0.005 0.015 0.078
72 E 0.043 0.06 0.031 0.049 0.007 0.158 0.228 0.029 0.02 0.027 0.043 0.06 0.014 0.07 0.018 0.041 0.03 0.006 0.021 0.043
73 T 0.066 0.029 0.037 0.032 0.014 0.023 0.034 0.039 0.012 0.039 0.048 0.038 0.015 0.019 0.023 0.143 0.317 0.005 0.014 0.052
74 G 0.063 0.018 0.032 0.027 0.009 0.015 0.021 0.605 0.011 0.015 0.023 0.027 0.008 0.013 0.015 0.041 0.024 0.004 0.009 0.02
75 M 0.044 0.023 0.015 0.016 0.013 0.019 0.021 0.022 0.012 0.091 0.141 0.026 0.231 0.072 0.013 0.028 0.033 0.007 0.023 0.15
76 E 0.045 0.04 0.033 0.073 0.006 0.052 0.433 0.028 0.021 0.018 0.03 0.061 0.01 0.013 0.021 0.045 0.03 0.004 0.013 0.025
77 I 0.041 0.016 0.012 0.014 0.014 0.012 0.016 0.017 0.007 0.297 0.199 0.02 0.031 0.036 0.012 0.021 0.033 0.005 0.017 0.182
78 G 0.091 0.019 0.031 0.027 0.009 0.016 0.022 0.563 0.011 0.017 0.025 0.028 0.008 0.013 0.016 0.043 0.025 0.004 0.009 0.022
79 F 0.026 0.016 0.013 0.013 0.008 0.01 0.016 0.022 0.013 0.043 0.077 0.016 0.018 0.365 0.008 0.02 0.02 0.191 0.067 0.038
80 G 0.063 0.018 0.032 0.027 0.009 0.015 0.021 0.605 0.011 0.015 0.023 0.027 0.008 0.013 0.015 0.041 0.024 0.004 0.009 0.02
81 W 0.029 0.018 0.012 0.013 0.009 0.012 0.017 0.022 0.011 0.1 0.162 0.019 0.021 0.046 0.008 0.019 0.022 0.366 0.041 0.055
82 Y 0.032 0.022 0.017 0.015 0.008 0.017 0.022 0.02 0.036 0.036 0.058 0.024 0.015 0.136 0.012 0.025 0.022 0.022 0.421 0.038
83 S 0.138 0.03 0.038 0.035 0.058 0.025 0.039 0.053 0.014 0.027 0.037 0.04 0.013 0.017 0.023 0.298 0.059 0.004 0.014 0.038
84 W 0.039 0.041 0.022 0.022 0.008 0.023 0.032 0.028 0.019 0.032 0.067 0.144 0.015 0.111 0.014 0.055 0.028 0.145 0.121 0.033
85 L 0.097 0.018 0.014 0.015 0.013 0.013 0.018 0.025 0.009 0.181 0.199 0.021 0.028 0.131 0.013 0.028 0.03 0.007 0.028 0.114
86 I 0.041 0.016 0.012 0.014 0.013 0.012 0.016 0.018 0.008 0.327 0.151 0.02 0.052 0.035 0.012 0.022 0.033 0.005 0.017 0.175
87 S 0.068 0.031 0.113 0.041 0.011 0.025 0.038 0.106 0.054 0.022 0.033 0.04 0.012 0.023 0.02 0.228 0.05 0.006 0.049 0.029
88 L 0.036 0.02 0.015 0.015 0.012 0.014 0.019 0.02 0.047 0.151 0.291 0.022 0.031 0.102 0.012 0.03 0.028 0.007 0.049 0.081
89 F 0.032 0.016 0.013 0.014 0.01 0.01 0.016 0.02 0.012 0.092 0.159 0.017 0.025 0.362 0.01 0.021 0.024 0.011 0.055 0.085
90 T 0.067 0.029 0.037 0.032 0.014 0.023 0.034 0.084 0.012 0.036 0.045 0.038 0.014 0.018 0.022 0.148 0.28 0.005 0.014 0.048
91 S 0.087 0.034 0.172 0.086 0.011 0.037 0.074 0.05 0.031 0.022 0.031 0.044 0.011 0.016 0.02 0.179 0.048 0.004 0.014 0.029
92 S 0.084 0.033 0.075 0.042 0.014 0.027 0.042 0.053 0.016 0.024 0.033 0.044 0.012 0.017 0.023 0.347 0.064 0.004 0.014 0.033
93 P 0.056 0.05 0.13 0.043 0.009 0.028 0.064 0.043 0.053 0.021 0.03 0.058 0.011 0.015 0.152 0.149 0.043 0.004 0.015 0.027
94 F 0.04 0.016 0.013 0.014 0.012 0.011 0.016 0.019 0.009 0.18 0.109 0.018 0.025 0.214 0.011 0.022 0.03 0.008 0.038 0.194
95 V 0.047 0.017 0.013 0.014 0.014 0.012 0.017 0.019 0.008 0.174 0.175 0.02 0.028 0.069 0.012 0.024 0.035 0.005 0.021 0.275
96 L 0.035 0.02 0.012 0.013 0.013 0.013 0.017 0.018 0.009 0.088 0.429 0.021 0.06 0.091 0.011 0.02 0.027 0.007 0.024 0.074
97 F 0.027 0.015 0.014 0.014 0.009 0.009 0.015 0.02 0.014 0.051 0.092 0.015 0.02 0.506 0.009 0.02 0.02 0.014 0.072 0.044
98 S 0.08 0.027 0.034 0.031 0.013 0.021 0.032 0.085 0.013 0.035 0.049 0.035 0.015 0.093 0.02 0.174 0.172 0.006 0.023 0.044
99 I 0.038 0.016 0.012 0.014 0.013 0.011 0.015 0.018 0.008 0.252 0.209 0.019 0.03 0.103 0.011 0.021 0.03 0.006 0.025 0.148
100 F 0.028 0.016 0.014 0.014 0.008 0.009 0.016 0.02 0.015 0.05 0.089 0.016 0.02 0.475 0.009 0.021 0.021 0.014 0.101 0.044
101 S 0.089 0.032 0.044 0.039 0.014 0.027 0.042 0.053 0.015 0.024 0.034 0.044 0.013 0.017 0.024 0.371 0.066 0.004 0.014 0.034
102 F 0.03 0.016 0.013 0.013 0.01 0.01 0.015 0.019 0.012 0.088 0.184 0.017 0.025 0.369 0.009 0.02 0.023 0.011 0.056 0.059
103 L 0.035 0.018 0.012 0.013 0.012 0.012 0.016 0.018 0.009 0.126 0.378 0.019 0.035 0.126 0.011 0.02 0.026 0.007 0.027 0.08
104 N 0.044 0.03 0.223 0.045 0.011 0.023 0.033 0.04 0.017 0.088 0.053 0.037 0.015 0.02 0.018 0.058 0.174 0.004 0.014 0.054
105 F 0.028 0.016 0.013 0.014 0.009 0.009 0.015 0.02 0.013 0.055 0.128 0.016 0.022 0.464 0.009 0.02 0.021 0.013 0.067 0.047
106 Y 0.036 0.02 0.015 0.014 0.01 0.014 0.019 0.02 0.021 0.09 0.15 0.022 0.022 0.104 0.012 0.023 0.026 0.058 0.213 0.11
107 F 0.038 0.017 0.017 0.016 0.011 0.012 0.018 0.022 0.011 0.129 0.096 0.02 0.022 0.285 0.012 0.029 0.082 0.009 0.046 0.107
108 I 0.037 0.015 0.012 0.014 0.013 0.011 0.015 0.017 0.008 0.36 0.16 0.019 0.03 0.072 0.012 0.02 0.031 0.006 0.021 0.13
109 Y 0.034 0.021 0.017 0.015 0.008 0.016 0.022 0.02 0.033 0.044 0.063 0.024 0.016 0.141 0.012 0.025 0.024 0.02 0.378 0.067
110 K 0.044 0.111 0.032 0.031 0.007 0.041 0.053 0.033 0.016 0.027 0.071 0.363 0.015 0.015 0.021 0.041 0.031 0.004 0.014 0.03
111 T 0.059 0.025 0.029 0.027 0.014 0.02 0.029 0.033 0.011 0.127 0.103 0.032 0.02 0.025 0.019 0.124 0.192 0.005 0.015 0.09
112 S 0.152 0.029 0.035 0.033 0.073 0.023 0.036 0.051 0.014 0.029 0.04 0.039 0.013 0.017 0.023 0.251 0.082 0.004 0.014 0.041
113 R 0.041 0.211 0.066 0.077 0.007 0.064 0.119 0.032 0.019 0.021 0.035 0.116 0.012 0.014 0.018 0.044 0.058 0.004 0.014 0.027
114 L 0.06 0.031 0.018 0.022 0.011 0.021 0.056 0.024 0.013 0.141 0.207 0.086 0.026 0.039 0.015 0.029 0.03 0.007 0.061 0.104
115 L 0.038 0.018 0.012 0.013 0.013 0.013 0.017 0.018 0.01 0.193 0.304 0.021 0.045 0.045 0.012 0.021 0.029 0.007 0.051 0.121
116 K 0.044 0.057 0.12 0.079 0.008 0.032 0.084 0.124 0.053 0.035 0.034 0.147 0.011 0.015 0.018 0.045 0.045 0.004 0.015 0.029
117 L 0.045 0.018 0.013 0.015 0.014 0.013 0.017 0.019 0.008 0.206 0.232 0.021 0.031 0.035 0.013 0.036 0.034 0.005 0.017 0.208
118 K 0.045 0.061 0.138 0.042 0.008 0.033 0.06 0.039 0.018 0.024 0.037 0.205 0.012 0.051 0.063 0.07 0.045 0.005 0.018 0.028
119 Y 0.033 0.02 0.017 0.016 0.009 0.015 0.021 0.021 0.042 0.063 0.102 0.023 0.019 0.212 0.026 0.032 0.024 0.016 0.24 0.047
120 L 0.036 0.019 0.047 0.018 0.011 0.013 0.019 0.022 0.013 0.14 0.209 0.022 0.026 0.136 0.056 0.025 0.028 0.008 0.061 0.091
121 Y 0.034 0.023 0.052 0.021 0.008 0.017 0.024 0.024 0.063 0.038 0.075 0.026 0.016 0.172 0.027 0.036 0.025 0.016 0.264 0.038
122 V 0.06 0.02 0.018 0.018 0.044 0.015 0.022 0.025 0.008 0.11 0.091 0.024 0.023 0.026 0.015 0.066 0.069 0.004 0.016 0.326
123 L 0.068 0.021 0.014 0.015 0.013 0.016 0.02 0.023 0.011 0.079 0.268 0.024 0.132 0.111 0.013 0.027 0.029 0.007 0.026 0.083
124 L 0.045 0.018 0.014 0.014 0.101 0.013 0.017 0.021 0.008 0.088 0.289 0.02 0.03 0.071 0.012 0.037 0.031 0.006 0.02 0.145
125 F 0.04 0.018 0.016 0.016 0.011 0.012 0.019 0.022 0.013 0.11 0.17 0.021 0.025 0.221 0.012 0.049 0.03 0.01 0.071 0.117
126 Y 0.033 0.023 0.018 0.015 0.008 0.018 0.023 0.02 0.038 0.035 0.055 0.025 0.015 0.105 0.013 0.025 0.023 0.023 0.45 0.038
127 L 0.04 0.019 0.012 0.013 0.013 0.013 0.016 0.018 0.008 0.141 0.38 0.02 0.036 0.04 0.012 0.021 0.03 0.005 0.018 0.146
128 P 0.098 0.027 0.032 0.033 0.012 0.022 0.036 0.045 0.013 0.024 0.033 0.039 0.011 0.014 0.242 0.219 0.05 0.003 0.013 0.032
129 S 0.083 0.032 0.042 0.038 0.014 0.026 0.04 0.05 0.015 0.027 0.037 0.042 0.013 0.017 0.024 0.318 0.125 0.004 0.014 0.038
130 G 0.183 0.025 0.032 0.03 0.013 0.021 0.031 0.261 0.013 0.024 0.034 0.035 0.011 0.016 0.021 0.155 0.042 0.004 0.012 0.035
131 Y 0.031 0.021 0.017 0.015 0.008 0.015 0.021 0.02 0.032 0.039 0.064 0.023 0.016 0.198 0.012 0.024 0.022 0.021 0.363 0.039
132 F 0.027 0.015 0.014 0.014 0.009 0.009 0.015 0.02 0.014 0.051 0.092 0.015 0.02 0.506 0.009 0.02 0.02 0.014 0.072 0.044
133 F 0.032 0.018 0.013 0.014 0.01 0.012 0.017 0.02 0.012 0.067 0.211 0.019 0.072 0.31 0.01 0.022 0.024 0.01 0.049 0.058
134 L 0.039 0.023 0.014 0.015 0.013 0.018 0.02 0.02 0.011 0.111 0.287 0.025 0.192 0.041 0.012 0.025 0.03 0.006 0.019 0.081
135 Q 0.045 0.059 0.036 0.038 0.007 0.367 0.083 0.033 0.024 0.021 0.038 0.074 0.017 0.012 0.019 0.045 0.033 0.005 0.017 0.028
136 Q 0.045 0.059 0.036 0.038 0.007 0.367 0.083 0.033 0.024 0.021 0.038 0.074 0.017 0.012 0.019 0.045 0.033 0.005 0.017 0.028
137 F 0.028 0.016 0.013 0.014 0.009 0.009 0.015 0.02 0.013 0.054 0.123 0.016 0.022 0.47 0.009 0.02 0.021 0.013 0.067 0.047
138 M 0.043 0.026 0.017 0.017 0.013 0.023 0.023 0.023 0.013 0.08 0.156 0.029 0.315 0.038 0.013 0.03 0.042 0.006 0.019 0.074
139 Q 0.045 0.059 0.036 0.038 0.007 0.367 0.083 0.033 0.024 0.021 0.038 0.074 0.017 0.012 0.019 0.045 0.033 0.005 0.017 0.028
140 I 0.04 0.019 0.014 0.015 0.013 0.015 0.017 0.019 0.009 0.285 0.144 0.023 0.143 0.037 0.012 0.024 0.032 0.005 0.018 0.116
141 R 0.036 0.472 0.031 0.025 0.006 0.039 0.042 0.027 0.019 0.019 0.038 0.097 0.012 0.014 0.016 0.036 0.028 0.005 0.014 0.025
142 Q 0.045 0.059 0.036 0.038 0.007 0.367 0.083 0.033 0.024 0.021 0.038 0.074 0.017 0.012 0.019 0.045 0.033 0.005 0.017 0.028
143 G 0.091 0.019 0.031 0.027 0.009 0.016 0.022 0.563 0.011 0.017 0.025 0.028 0.008 0.013 0.016 0.043 0.025 0.004 0.009 0.022
144 L 0.033 0.018 0.012 0.013 0.011 0.011 0.016 0.018 0.01 0.09 0.337 0.019 0.033 0.209 0.01 0.02 0.025 0.009 0.037 0.068
145 A 0.393 0.026 0.023 0.026 0.017 0.021 0.034 0.062 0.012 0.034 0.046 0.037 0.014 0.017 0.024 0.1 0.043 0.004 0.014 0.053
146 I 0.046 0.017 0.015 0.016 0.014 0.013 0.018 0.02 0.007 0.284 0.117 0.022 0.027 0.032 0.014 0.028 0.076 0.005 0.016 0.215
147 P 0.092 0.025 0.028 0.03 0.056 0.02 0.033 0.041 0.012 0.025 0.034 0.036 0.011 0.014 0.278 0.167 0.049 0.003 0.012 0.033
148 I 0.043 0.017 0.013 0.014 0.014 0.013 0.017 0.018 0.008 0.227 0.211 0.021 0.053 0.036 0.012 0.023 0.033 0.005 0.017 0.205
149 A 0.203 0.022 0.019 0.021 0.016 0.017 0.026 0.039 0.009 0.102 0.077 0.029 0.02 0.023 0.019 0.05 0.094 0.004 0.015 0.194
150 L 0.037 0.017 0.012 0.014 0.012 0.012 0.016 0.018 0.009 0.222 0.24 0.02 0.054 0.111 0.011 0.021 0.029 0.007 0.026 0.113
151 Y 0.032 0.02 0.015 0.014 0.009 0.014 0.019 0.019 0.024 0.054 0.183 0.022 0.023 0.181 0.011 0.023 0.023 0.016 0.246 0.05
152 A 0.286 0.024 0.023 0.024 0.059 0.019 0.029 0.095 0.011 0.062 0.052 0.033 0.015 0.018 0.021 0.084 0.067 0.004 0.014 0.057
153 S 0.088 0.022 0.025 0.024 0.072 0.017 0.026 0.035 0.011 0.12 0.094 0.029 0.02 0.061 0.017 0.138 0.07 0.005 0.019 0.106
154 V 0.086 0.018 0.015 0.016 0.014 0.014 0.019 0.024 0.008 0.156 0.161 0.022 0.026 0.067 0.014 0.031 0.053 0.005 0.021 0.228
155 L 0.067 0.09 0.018 0.017 0.055 0.019 0.024 0.025 0.049 0.067 0.208 0.034 0.024 0.05 0.013 0.029 0.028 0.052 0.056 0.076
156 F 0.063 0.019 0.015 0.015 0.01 0.014 0.019 0.023 0.019 0.106 0.12 0.022 0.045 0.201 0.012 0.026 0.026 0.013 0.167 0.063
157 L 0.037 0.019 0.013 0.014 0.013 0.013 0.017 0.018 0.008 0.166 0.362 0.021 0.043 0.065 0.012 0.022 0.042 0.006 0.02 0.091
158 K 0.047 0.09 0.049 0.037 0.008 0.054 0.088 0.049 0.055 0.024 0.038 0.207 0.02 0.022 0.02 0.074 0.034 0.006 0.05 0.028
159 K 0.047 0.108 0.081 0.082 0.052 0.028 0.041 0.123 0.016 0.023 0.037 0.135 0.012 0.052 0.017 0.066 0.032 0.005 0.017 0.027
160 K 0.044 0.163 0.092 0.048 0.008 0.034 0.053 0.125 0.017 0.024 0.042 0.163 0.036 0.015 0.018 0.042 0.031 0.004 0.013 0.028
161 F 0.046 0.073 0.093 0.054 0.011 0.027 0.071 0.033 0.017 0.059 0.069 0.055 0.018 0.116 0.017 0.043 0.057 0.007 0.03 0.105
162 K 0.045 0.101 0.065 0.069 0.009 0.032 0.045 0.034 0.033 0.058 0.078 0.189 0.016 0.018 0.019 0.067 0.061 0.004 0.015 0.041
163 L 0.035 0.021 0.017 0.016 0.011 0.014 0.02 0.021 0.048 0.111 0.222 0.027 0.027 0.174 0.012 0.026 0.053 0.009 0.068 0.068
164 C 0.082 0.029 0.036 0.033 0.181 0.024 0.036 0.048 0.018 0.034 0.05 0.038 0.015 0.031 0.022 0.163 0.057 0.007 0.053 0.045
165 L 0.047 0.048 0.023 0.024 0.013 0.028 0.035 0.028 0.013 0.125 0.206 0.123 0.051 0.036 0.018 0.033 0.036 0.006 0.019 0.087
166 L 0.1 0.044 0.019 0.021 0.011 0.033 0.03 0.03 0.012 0.085 0.161 0.094 0.022 0.052 0.06 0.039 0.031 0.05 0.021 0.083
167 F 0.093 0.025 0.025 0.025 0.012 0.044 0.031 0.08 0.013 0.044 0.089 0.033 0.017 0.131 0.076 0.121 0.038 0.006 0.027 0.068
168 L 0.038 0.018 0.013 0.013 0.012 0.012 0.017 0.019 0.011 0.146 0.221 0.02 0.028 0.116 0.011 0.022 0.028 0.053 0.062 0.142
169 L 0.04 0.019 0.013 0.014 0.042 0.013 0.017 0.019 0.008 0.118 0.383 0.021 0.035 0.052 0.012 0.034 0.03 0.006 0.019 0.105
170 L 0.034 0.018 0.012 0.013 0.012 0.012 0.016 0.018 0.01 0.107 0.324 0.019 0.032 0.185 0.011 0.02 0.026 0.008 0.034 0.089
171 L 0.04 0.019 0.017 0.016 0.012 0.013 0.019 0.023 0.011 0.071 0.241 0.022 0.027 0.216 0.012 0.052 0.057 0.008 0.038 0.085
172 L 0.073 0.02 0.015 0.016 0.014 0.015 0.019 0.023 0.009 0.16 0.268 0.023 0.054 0.036 0.014 0.043 0.034 0.005 0.017 0.143
173 L 0.05 0.02 0.012 0.013 0.014 0.014 0.018 0.019 0.008 0.106 0.379 0.022 0.058 0.04 0.012 0.023 0.03 0.005 0.018 0.138
174 A 0.253 0.026 0.029 0.029 0.059 0.022 0.034 0.099 0.013 0.03 0.041 0.036 0.013 0.017 0.022 0.168 0.047 0.004 0.013 0.044
175 F 0.039 0.016 0.013 0.014 0.056 0.011 0.016 0.02 0.009 0.168 0.114 0.018 0.024 0.213 0.011 0.023 0.029 0.008 0.037 0.161
176 L 0.054 0.024 0.024 0.023 0.012 0.017 0.026 0.032 0.012 0.057 0.225 0.028 0.025 0.14 0.016 0.155 0.041 0.007 0.029 0.053
177 F 0.031 0.016 0.013 0.013 0.01 0.01 0.015 0.019 0.011 0.116 0.192 0.017 0.026 0.327 0.01 0.02 0.024 0.01 0.051 0.067
178 H 0.034 0.037 0.043 0.031 0.006 0.031 0.043 0.031 0.48 0.018 0.031 0.037 0.012 0.025 0.015 0.034 0.022 0.006 0.046 0.018
179 Q 0.045 0.059 0.036 0.038 0.007 0.367 0.083 0.033 0.024 0.021 0.038 0.074 0.017 0.012 0.019 0.045 0.033 0.005 0.017 0.028
180 T 0.088 0.028 0.034 0.031 0.015 0.022 0.034 0.041 0.012 0.057 0.055 0.037 0.016 0.02 0.021 0.18 0.19 0.004 0.015 0.1
181 A 0.189 0.026 0.028 0.027 0.016 0.021 0.032 0.046 0.012 0.063 0.059 0.035 0.017 0.02 0.021 0.145 0.101 0.004 0.015 0.125
182 L 0.039 0.018 0.013 0.014 0.013 0.012 0.016 0.063 0.008 0.161 0.315 0.02 0.033 0.074 0.012 0.022 0.028 0.006 0.021 0.111
183 L 0.107 0.019 0.015 0.018 0.013 0.014 0.022 0.028 0.01 0.095 0.151 0.025 0.022 0.1 0.133 0.033 0.032 0.006 0.024 0.136
184 L 0.037 0.018 0.013 0.014 0.012 0.012 0.017 0.019 0.014 0.123 0.219 0.02 0.028 0.156 0.011 0.022 0.028 0.01 0.096 0.132
185 I 0.039 0.016 0.014 0.015 0.013 0.012 0.016 0.019 0.008 0.279 0.147 0.02 0.028 0.107 0.012 0.025 0.058 0.006 0.025 0.14
186 L 0.105 0.02 0.016 0.017 0.029 0.015 0.021 0.028 0.009 0.159 0.222 0.024 0.028 0.032 0.015 0.056 0.036 0.005 0.016 0.149
187 F 0.037 0.016 0.013 0.014 0.011 0.01 0.016 0.019 0.01 0.158 0.106 0.018 0.024 0.281 0.01 0.022 0.028 0.009 0.046 0.153
188 F 0.074 0.018 0.019 0.018 0.099 0.013 0.02 0.116 0.013 0.07 0.104 0.023 0.018 0.171 0.013 0.057 0.029 0.008 0.064 0.051
189 I 0.048 0.018 0.015 0.018 0.016 0.013 0.018 0.021 0.009 0.264 0.17 0.024 0.037 0.045 0.015 0.025 0.04 0.006 0.021 0.178
190 F 0.034 0.019 0.017 0.017 0.011 0.011 0.019 0.026 0.017 0.064 0.115 0.019 0.026 0.381 0.011 0.026 0.026 0.017 0.09 0.056
191 I 0.073 0.019 0.015 0.016 0.013 0.014 0.019 0.068 0.009 0.166 0.144 0.023 0.071 0.093 0.013 0.028 0.032 0.006 0.023 0.156
192 L 0.076 0.02 0.017 0.017 0.013 0.015 0.02 0.026 0.01 0.152 0.197 0.024 0.05 0.118 0.014 0.055 0.046 0.007 0.027 0.098
193 F 0.033 0.019 0.017 0.016 0.009 0.013 0.019 0.022 0.021 0.047 0.098 0.021 0.019 0.321 0.011 0.037 0.038 0.015 0.181 0.044
194 L 0.048 0.022 0.02 0.019 0.012 0.017 0.023 0.048 0.019 0.087 0.196 0.027 0.024 0.055 0.015 0.09 0.034 0.01 0.15 0.085
195 F 0.032 0.016 0.013 0.014 0.011 0.01 0.015 0.019 0.011 0.152 0.181 0.017 0.027 0.296 0.01 0.02 0.025 0.01 0.047 0.076
196 L 0.071 0.019 0.014 0.014 0.012 0.013 0.018 0.023 0.012 0.12 0.219 0.021 0.039 0.168 0.012 0.026 0.028 0.009 0.065 0.098
197 R 0.036 0.135 0.128 0.112 0.007 0.029 0.072 0.033 0.02 0.03 0.088 0.08 0.014 0.043 0.016 0.039 0.03 0.006 0.049 0.031
198 T 0.074 0.036 0.044 0.038 0.018 0.028 0.04 0.044 0.014 0.054 0.066 0.046 0.02 0.024 0.028 0.094 0.236 0.006 0.018 0.072
199 K 0.061 0.1 0.119 0.053 0.008 0.035 0.067 0.084 0.018 0.021 0.032 0.207 0.011 0.014 0.02 0.071 0.035 0.004 0.013 0.026
200 F 0.043 0.04 0.045 0.025 0.01 0.021 0.03 0.028 0.017 0.074 0.069 0.102 0.018 0.157 0.016 0.046 0.085 0.009 0.086 0.077
201 D 0.041 0.03 0.07 0.391 0.008 0.03 0.092 0.047 0.019 0.023 0.028 0.045 0.009 0.015 0.023 0.053 0.036 0.004 0.011 0.025
202 F 0.04 0.025 0.019 0.019 0.01 0.016 0.024 0.025 0.014 0.074 0.148 0.053 0.022 0.205 0.058 0.055 0.056 0.009 0.069 0.058
203 L 0.041 0.045 0.022 0.038 0.01 0.023 0.062 0.025 0.015 0.055 0.165 0.093 0.022 0.111 0.062 0.039 0.029 0.008 0.06 0.075
204 L 0.046 0.029 0.021 0.033 0.011 0.025 0.095 0.026 0.013 0.122 0.164 0.049 0.025 0.029 0.148 0.033 0.033 0.005 0.016 0.076
205 G 0.05 0.032 0.117 0.048 0.01 0.049 0.089 0.167 0.018 0.1 0.061 0.043 0.016 0.021 0.018 0.046 0.036 0.005 0.015 0.059
206 F 0.07 0.077 0.078 0.025 0.058 0.018 0.025 0.039 0.014 0.059 0.102 0.034 0.027 0.169 0.014 0.038 0.059 0.007 0.032 0.054
207 S 0.078 0.04 0.039 0.036 0.013 0.029 0.043 0.048 0.015 0.03 0.072 0.104 0.015 0.019 0.023 0.284 0.057 0.004 0.014 0.036
208 L 0.049 0.058 0.022 0.022 0.011 0.018 0.025 0.074 0.013 0.106 0.114 0.033 0.02 0.044 0.095 0.062 0.073 0.006 0.052 0.102
209 K 0.039 0.074 0.048 0.071 0.009 0.051 0.05 0.051 0.015 0.075 0.117 0.125 0.019 0.095 0.016 0.038 0.029 0.006 0.023 0.047
210 R 0.038 0.178 0.07 0.07 0.007 0.034 0.064 0.031 0.055 0.023 0.039 0.143 0.012 0.059 0.017 0.042 0.029 0.007 0.054 0.027
211 F 0.034 0.018 0.018 0.017 0.009 0.012 0.019 0.023 0.049 0.102 0.09 0.02 0.021 0.359 0.011 0.048 0.026 0.011 0.057 0.057
212 N 0.043 0.045 0.31 0.084 0.009 0.034 0.05 0.066 0.032 0.023 0.032 0.054 0.011 0.018 0.02 0.07 0.05 0.005 0.016 0.027
213 P 0.057 0.026 0.024 0.031 0.01 0.021 0.037 0.037 0.013 0.026 0.037 0.042 0.01 0.013 0.488 0.044 0.037 0.003 0.013 0.031
214 K 0.046 0.092 0.029 0.027 0.009 0.029 0.039 0.032 0.05 0.086 0.059 0.175 0.016 0.094 0.018 0.085 0.034 0.006 0.026 0.047
215 V 0.071 0.022 0.017 0.018 0.019 0.017 0.024 0.025 0.008 0.167 0.132 0.026 0.032 0.036 0.017 0.033 0.05 0.006 0.021 0.259
216 I 0.036 0.052 0.014 0.015 0.011 0.014 0.018 0.019 0.012 0.212 0.163 0.026 0.034 0.078 0.012 0.023 0.033 0.067 0.058 0.103
217 L 0.072 0.02 0.017 0.018 0.027 0.015 0.021 0.026 0.012 0.15 0.208 0.024 0.027 0.093 0.014 0.056 0.059 0.007 0.056 0.08
218 N 0.051 0.03 0.222 0.044 0.055 0.023 0.034 0.043 0.018 0.04 0.082 0.037 0.038 0.02 0.017 0.12 0.044 0.004 0.014 0.065
219 I 0.039 0.018 0.014 0.015 0.012 0.012 0.017 0.02 0.009 0.173 0.159 0.02 0.025 0.109 0.011 0.025 0.056 0.096 0.031 0.137
220 L 0.049 0.021 0.02 0.019 0.013 0.015 0.022 0.07 0.01 0.095 0.236 0.025 0.027 0.086 0.014 0.076 0.062 0.006 0.022 0.113
221 I 0.06 0.018 0.015 0.016 0.012 0.013 0.018 0.044 0.01 0.187 0.149 0.021 0.049 0.142 0.012 0.034 0.031 0.007 0.029 0.134
222 L 0.068 0.019 0.015 0.016 0.012 0.013 0.019 0.024 0.01 0.121 0.262 0.022 0.029 0.163 0.013 0.051 0.03 0.007 0.032 0.074
223 I 0.041 0.016 0.012 0.014 0.013 0.011 0.016 0.018 0.008 0.232 0.176 0.019 0.029 0.107 0.012 0.022 0.032 0.006 0.025 0.19
224 V 0.048 0.018 0.016 0.017 0.013 0.014 0.019 0.022 0.009 0.172 0.125 0.022 0.037 0.104 0.013 0.052 0.05 0.006 0.025 0.216
225 F 0.04 0.018 0.019 0.018 0.01 0.012 0.018 0.156 0.011 0.076 0.139 0.021 0.021 0.247 0.012 0.029 0.052 0.009 0.04 0.052
226 I 0.042 0.017 0.015 0.016 0.013 0.012 0.017 0.02 0.009 0.231 0.111 0.02 0.025 0.141 0.012 0.027 0.064 0.007 0.029 0.174
227 I 0.04 0.016 0.012 0.014 0.013 0.012 0.016 0.018 0.008 0.225 0.201 0.019 0.033 0.108 0.012 0.022 0.031 0.006 0.025 0.167
228 L 0.039 0.018 0.013 0.014 0.013 0.012 0.017 0.019 0.009 0.152 0.212 0.02 0.052 0.151 0.011 0.022 0.03 0.007 0.031 0.159
229 F 0.115 0.021 0.021 0.021 0.012 0.015 0.024 0.035 0.013 0.077 0.077 0.026 0.019 0.245 0.015 0.101 0.036 0.009 0.041 0.08
230 K 0.043 0.205 0.033 0.031 0.007 0.042 0.053 0.032 0.017 0.021 0.036 0.319 0.012 0.013 0.02 0.041 0.031 0.004 0.014 0.026
231 F 0.043 0.018 0.016 0.016 0.01 0.012 0.019 0.023 0.014 0.067 0.089 0.02 0.032 0.328 0.011 0.05 0.028 0.012 0.084 0.107
232 I 0.049 0.016 0.013 0.014 0.013 0.011 0.016 0.02 0.009 0.192 0.165 0.019 0.027 0.161 0.012 0.023 0.03 0.007 0.032 0.17
233 L 0.036 0.018 0.012 0.013 0.012 0.012 0.016 0.018 0.009 0.137 0.318 0.019 0.033 0.142 0.011 0.02 0.027 0.007 0.029 0.11
234 L 0.04 0.02 0.014 0.015 0.013 0.015 0.019 0.02 0.011 0.122 0.337 0.023 0.064 0.045 0.013 0.036 0.039 0.007 0.051 0.097
235 P 0.045 0.061 0.116 0.173 0.008 0.024 0.047 0.039 0.016 0.02 0.028 0.042 0.009 0.013 0.195 0.089 0.036 0.003 0.011 0.024
236 L 0.066 0.021 0.015 0.016 0.012 0.039 0.022 0.023 0.011 0.118 0.221 0.024 0.028 0.179 0.012 0.026 0.028 0.008 0.034 0.097
237 L 0.158 0.021 0.014 0.016 0.015 0.015 0.022 0.032 0.009 0.078 0.328 0.025 0.031 0.035 0.015 0.035 0.032 0.005 0.017 0.096
238 I 0.039 0.016 0.013 0.015 0.013 0.012 0.016 0.019 0.009 0.268 0.153 0.02 0.051 0.108 0.012 0.023 0.04 0.006 0.025 0.142
239 G 0.056 0.025 0.102 0.084 0.01 0.02 0.034 0.199 0.016 0.059 0.043 0.033 0.013 0.024 0.017 0.112 0.038 0.005 0.046 0.064
240 L 0.101 0.022 0.017 0.017 0.013 0.016 0.022 0.029 0.013 0.085 0.231 0.026 0.072 0.094 0.014 0.056 0.032 0.008 0.057 0.075
241 S 0.065 0.026 0.032 0.03 0.012 0.02 0.032 0.041 0.015 0.034 0.056 0.033 0.016 0.205 0.018 0.236 0.049 0.008 0.036 0.038
242 S 0.073 0.031 0.054 0.09 0.01 0.053 0.094 0.13 0.016 0.021 0.03 0.044 0.011 0.014 0.065 0.174 0.044 0.004 0.013 0.028
243 R 0.036 0.472 0.031 0.025 0.006 0.039 0.042 0.027 0.019 0.019 0.038 0.097 0.012 0.014 0.016 0.036 0.028 0.005 0.014 0.025
244 L 0.041 0.019 0.012 0.013 0.014 0.013 0.017 0.018 0.008 0.102 0.406 0.021 0.037 0.041 0.012 0.021 0.03 0.005 0.018 0.154
245 Q 0.075 0.049 0.032 0.043 0.008 0.24 0.155 0.033 0.021 0.03 0.042 0.064 0.016 0.014 0.019 0.045 0.033 0.005 0.016 0.059
246 A 0.189 0.031 0.034 0.07 0.014 0.051 0.053 0.051 0.014 0.032 0.042 0.042 0.014 0.017 0.023 0.172 0.084 0.004 0.014 0.051
247 Y 0.033 0.023 0.018 0.015 0.008 0.018 0.023 0.02 0.038 0.035 0.055 0.025 0.015 0.105 0.013 0.025 0.023 0.023 0.45 0.038
248 S 0.236 0.029 0.034 0.033 0.016 0.024 0.038 0.058 0.014 0.029 0.04 0.04 0.013 0.017 0.024 0.239 0.055 0.004 0.014 0.043
249 N 0.05 0.04 0.165 0.088 0.009 0.057 0.107 0.043 0.02 0.023 0.033 0.075 0.012 0.027 0.02 0.117 0.068 0.004 0.015 0.029
250 S 0.069 0.028 0.037 0.069 0.014 0.023 0.038 0.041 0.013 0.067 0.052 0.037 0.016 0.02 0.021 0.205 0.155 0.004 0.014 0.077
251 D 0.106 0.031 0.045 0.169 0.012 0.029 0.085 0.101 0.016 0.025 0.035 0.044 0.012 0.016 0.023 0.139 0.061 0.004 0.013 0.034
252 D 0.047 0.037 0.136 0.15 0.008 0.084 0.144 0.055 0.02 0.019 0.029 0.05 0.011 0.014 0.019 0.097 0.038 0.004 0.013 0.025
253 Y 0.032 0.022 0.017 0.015 0.008 0.017 0.022 0.02 0.036 0.036 0.058 0.024 0.015 0.136 0.012 0.025 0.022 0.022 0.421 0.038
254 S 0.167 0.031 0.1 0.04 0.014 0.025 0.039 0.056 0.016 0.026 0.036 0.042 0.012 0.017 0.023 0.245 0.055 0.004 0.014 0.038
255 E 0.078 0.034 0.031 0.057 0.008 0.041 0.298 0.091 0.018 0.022 0.035 0.051 0.011 0.052 0.02 0.069 0.032 0.005 0.017 0.029
256 S 0.088 0.036 0.061 0.132 0.01 0.033 0.138 0.044 0.017 0.022 0.032 0.074 0.011 0.015 0.022 0.172 0.045 0.004 0.013 0.03
257 I 0.045 0.051 0.014 0.015 0.014 0.014 0.018 0.019 0.008 0.247 0.139 0.026 0.027 0.032 0.013 0.024 0.035 0.005 0.017 0.239
258 G 0.099 0.023 0.034 0.031 0.011 0.019 0.028 0.394 0.012 0.019 0.028 0.033 0.01 0.015 0.019 0.145 0.038 0.004 0.011 0.027
259 L 0.036 0.018 0.013 0.013 0.012 0.012 0.016 0.018 0.011 0.131 0.284 0.019 0.031 0.153 0.011 0.021 0.027 0.009 0.063 0.102
260 F 0.032 0.016 0.013 0.014 0.01 0.01 0.016 0.02 0.012 0.093 0.164 0.017 0.025 0.35 0.01 0.021 0.024 0.011 0.054 0.09
261 S 0.068 0.098 0.102 0.04 0.011 0.027 0.039 0.134 0.017 0.021 0.031 0.049 0.011 0.015 0.02 0.22 0.05 0.004 0.013 0.028
262 L 0.037 0.02 0.012 0.013 0.013 0.013 0.017 0.018 0.008 0.088 0.46 0.021 0.038 0.042 0.056 0.021 0.027 0.005 0.017 0.074
263 P 0.111 0.026 0.024 0.028 0.011 0.046 0.036 0.038 0.012 0.023 0.033 0.038 0.011 0.013 0.373 0.093 0.037 0.003 0.012 0.031
264 N 0.037 0.034 0.382 0.059 0.008 0.026 0.037 0.048 0.023 0.032 0.042 0.041 0.034 0.017 0.016 0.052 0.039 0.004 0.013 0.056
265 I 0.038 0.015 0.012 0.014 0.013 0.011 0.014 0.017 0.007 0.388 0.163 0.019 0.03 0.036 0.012 0.02 0.032 0.005 0.017 0.138
266 K 0.042 0.235 0.033 0.03 0.007 0.042 0.051 0.032 0.017 0.021 0.036 0.294 0.012 0.013 0.02 0.04 0.031 0.004 0.014 0.026
267 T 0.133 0.024 0.024 0.022 0.013 0.018 0.026 0.036 0.014 0.046 0.095 0.029 0.018 0.14 0.018 0.053 0.169 0.008 0.061 0.054
268 F 0.035 0.019 0.015 0.014 0.054 0.014 0.019 0.021 0.019 0.081 0.122 0.021 0.067 0.201 0.011 0.024 0.025 0.013 0.167 0.057
269 L 0.038 0.017 0.012 0.013 0.035 0.012 0.016 0.018 0.008 0.18 0.291 0.019 0.032 0.092 0.011 0.021 0.029 0.006 0.023 0.125
270 I 0.046 0.026 0.024 0.036 0.011 0.026 0.147 0.025 0.012 0.184 0.081 0.036 0.02 0.024 0.017 0.041 0.115 0.005 0.015 0.107
271 F 0.034 0.017 0.013 0.013 0.011 0.011 0.016 0.019 0.012 0.125 0.221 0.019 0.028 0.224 0.011 0.021 0.026 0.01 0.072 0.097
272 L 0.05 0.019 0.015 0.016 0.056 0.014 0.019 0.023 0.011 0.141 0.172 0.022 0.094 0.143 0.012 0.042 0.031 0.007 0.029 0.082
273 F 0.036 0.016 0.013 0.014 0.011 0.01 0.016 0.02 0.011 0.129 0.133 0.018 0.025 0.288 0.01 0.022 0.027 0.01 0.046 0.146
274 I 0.068 0.017 0.013 0.015 0.013 0.012 0.017 0.021 0.008 0.26 0.206 0.021 0.03 0.072 0.013 0.024 0.031 0.006 0.021 0.134
275 L 0.04 0.02 0.017 0.017 0.012 0.014 0.019 0.066 0.012 0.068 0.296 0.023 0.029 0.114 0.013 0.03 0.082 0.008 0.058 0.062
276 L 0.034 0.018 0.013 0.013 0.011 0.012 0.017 0.018 0.014 0.122 0.269 0.02 0.03 0.171 0.011 0.021 0.025 0.01 0.098 0.073
277 F 0.033 0.016 0.013 0.013 0.055 0.01 0.015 0.02 0.011 0.092 0.227 0.017 0.027 0.278 0.01 0.021 0.024 0.01 0.045 0.063
278 A 0.146 0.026 0.026 0.026 0.014 0.021 0.03 0.041 0.012 0.064 0.138 0.034 0.078 0.026 0.019 0.145 0.071 0.005 0.016 0.059
279 N 0.05 0.038 0.276 0.054 0.009 0.028 0.04 0.093 0.039 0.02 0.028 0.071 0.01 0.015 0.018 0.126 0.043 0.004 0.014 0.025
280 R 0.041 0.145 0.127 0.049 0.007 0.038 0.143 0.05 0.02 0.019 0.031 0.126 0.011 0.013 0.063 0.044 0.032 0.004 0.013 0.024
281 K 0.072 0.176 0.075 0.034 0.008 0.037 0.047 0.037 0.017 0.023 0.037 0.234 0.013 0.014 0.02 0.047 0.06 0.004 0.014 0.03
282 L 0.037 0.02 0.016 0.052 0.013 0.014 0.021 0.02 0.009 0.146 0.356 0.022 0.049 0.039 0.013 0.024 0.042 0.005 0.017 0.085
283 L 0.035 0.094 0.052 0.021 0.009 0.046 0.029 0.024 0.022 0.072 0.156 0.039 0.021 0.053 0.013 0.029 0.027 0.055 0.152 0.05
284 K 0.047 0.086 0.065 0.075 0.009 0.083 0.098 0.034 0.018 0.038 0.076 0.099 0.015 0.054 0.018 0.09 0.036 0.005 0.019 0.035
285 N 0.037 0.059 0.261 0.161 0.008 0.028 0.048 0.043 0.02 0.027 0.032 0.081 0.01 0.015 0.017 0.048 0.036 0.004 0.012 0.052
286 K 0.049 0.057 0.052 0.059 0.009 0.034 0.076 0.033 0.015 0.044 0.08 0.231 0.016 0.018 0.02 0.065 0.035 0.004 0.014 0.089
287 F 0.067 0.021 0.051 0.023 0.055 0.016 0.042 0.028 0.013 0.053 0.166 0.025 0.022 0.211 0.013 0.042 0.056 0.008 0.037 0.051
288 F 0.031 0.019 0.015 0.014 0.009 0.013 0.018 0.02 0.022 0.079 0.143 0.02 0.022 0.245 0.011 0.022 0.023 0.015 0.205 0.054
289 R 0.051 0.199 0.023 0.021 0.01 0.026 0.031 0.025 0.013 0.134 0.106 0.091 0.021 0.024 0.015 0.032 0.041 0.005 0.015 0.117
290 F 0.034 0.018 0.014 0.014 0.01 0.012 0.017 0.019 0.016 0.085 0.187 0.019 0.025 0.238 0.011 0.022 0.025 0.012 0.128 0.094
291 F 0.034 0.018 0.013 0.014 0.011 0.012 0.017 0.02 0.012 0.072 0.197 0.019 0.072 0.291 0.01 0.022 0.025 0.01 0.047 0.085
292 F 0.067 0.018 0.015 0.016 0.012 0.012 0.018 0.024 0.01 0.117 0.186 0.021 0.026 0.215 0.012 0.029 0.055 0.008 0.038 0.101
293 F 0.031 0.017 0.015 0.014 0.009 0.011 0.017 0.021 0.017 0.055 0.117 0.018 0.021 0.371 0.01 0.023 0.036 0.014 0.121 0.06
294 L 0.039 0.018 0.012 0.013 0.057 0.013 0.016 0.018 0.008 0.179 0.324 0.02 0.056 0.039 0.012 0.022 0.029 0.005 0.017 0.102
295 F 0.036 0.022 0.017 0.021 0.054 0.042 0.053 0.022 0.013 0.105 0.097 0.026 0.067 0.248 0.012 0.026 0.026 0.009 0.042 0.062
296 F 0.076 0.021 0.021 0.02 0.013 0.015 0.023 0.028 0.011 0.085 0.081 0.026 0.02 0.172 0.016 0.044 0.151 0.007 0.033 0.139
297 I 0.043 0.018 0.016 0.016 0.014 0.013 0.018 0.02 0.008 0.246 0.202 0.022 0.029 0.034 0.014 0.029 0.087 0.005 0.017 0.149
298 G 0.233 0.023 0.027 0.027 0.013 0.019 0.028 0.312 0.012 0.025 0.035 0.032 0.011 0.015 0.02 0.079 0.035 0.004 0.012 0.037
299 L 0.038 0.019 0.012 0.013 0.013 0.013 0.017 0.018 0.008 0.096 0.405 0.02 0.036 0.077 0.012 0.021 0.028 0.006 0.022 0.126
300 A 0.265 0.027 0.028 0.028 0.016 0.022 0.034 0.054 0.013 0.061 0.051 0.037 0.015 0.019 0.023 0.158 0.075 0.004 0.014 0.056
301 L 0.068 0.018 0.015 0.016 0.013 0.013 0.018 0.023 0.009 0.176 0.193 0.021 0.027 0.143 0.013 0.029 0.057 0.007 0.029 0.112
302 R 0.036 0.472 0.031 0.025 0.006 0.039 0.042 0.027 0.019 0.019 0.038 0.097 0.012 0.014 0.016 0.036 0.028 0.005 0.014 0.025
303 I 0.044 0.015 0.012 0.014 0.014 0.012 0.016 0.018 0.007 0.323 0.126 0.02 0.028 0.033 0.012 0.022 0.035 0.005 0.017 0.228
304 G 0.149 0.021 0.03 0.027 0.011 0.017 0.025 0.437 0.011 0.02 0.029 0.03 0.009 0.014 0.018 0.073 0.031 0.004 0.01 0.029
305 F 0.027 0.015 0.014 0.014 0.009 0.009 0.015 0.02 0.014 0.051 0.092 0.015 0.02 0.506 0.009 0.02 0.02 0.014 0.072 0.044
306 S 0.097 0.028 0.033 0.031 0.012 0.022 0.034 0.044 0.018 0.031 0.047 0.036 0.014 0.106 0.02 0.241 0.05 0.008 0.09 0.038
307 D 0.037 0.029 0.048 0.367 0.006 0.033 0.193 0.034 0.017 0.018 0.025 0.044 0.008 0.012 0.019 0.043 0.029 0.003 0.01 0.021
308 F 0.028 0.016 0.014 0.014 0.009 0.01 0.016 0.021 0.014 0.053 0.097 0.016 0.044 0.47 0.009 0.021 0.021 0.013 0.068 0.047
309 A 0.361 0.026 0.023 0.028 0.016 0.023 0.063 0.102 0.013 0.032 0.044 0.037 0.013 0.017 0.023 0.072 0.039 0.004 0.014 0.05
310 I 0.038 0.014 0.012 0.014 0.013 0.011 0.014 0.017 0.007 0.412 0.135 0.019 0.03 0.036 0.012 0.02 0.032 0.005 0.017 0.142
311 L 0.038 0.022 0.013 0.014 0.013 0.017 0.019 0.019 0.01 0.088 0.367 0.024 0.149 0.042 0.012 0.023 0.029 0.006 0.019 0.076
312 S 0.084 0.033 0.075 0.042 0.014 0.027 0.042 0.053 0.016 0.024 0.033 0.044 0.012 0.017 0.023 0.347 0.064 0.004 0.014 0.033
313 G 0.063 0.018 0.032 0.027 0.009 0.015 0.021 0.605 0.011 0.015 0.023 0.027 0.008 0.013 0.015 0.041 0.024 0.004 0.009 0.02
314 R 0.036 0.472 0.031 0.025 0.006 0.039 0.042 0.027 0.019 0.019 0.038 0.097 0.012 0.014 0.016 0.036 0.028 0.005 0.014 0.025
315 L 0.035 0.019 0.012 0.013 0.012 0.012 0.016 0.018 0.009 0.111 0.406 0.02 0.036 0.114 0.011 0.02 0.026 0.007 0.026 0.077
316 S 0.141 0.031 0.04 0.037 0.015 0.026 0.041 0.055 0.015 0.026 0.036 0.042 0.013 0.017 0.024 0.324 0.062 0.004 0.014 0.037
317 T 0.05 0.03 0.161 0.04 0.012 0.023 0.033 0.039 0.015 0.064 0.051 0.037 0.015 0.019 0.02 0.065 0.256 0.004 0.014 0.053
318 A 0.256 0.022 0.019 0.021 0.016 0.018 0.027 0.044 0.01 0.073 0.07 0.03 0.019 0.022 0.02 0.053 0.067 0.004 0.015 0.192
319 F 0.058 0.016 0.014 0.014 0.009 0.009 0.017 0.024 0.013 0.05 0.089 0.017 0.02 0.468 0.01 0.024 0.022 0.013 0.067 0.045
