#Seq2Logo.py -f /work3/idamei/ssn-clusterings/2206011120/clusters/0010_65/sequences.afa -m 0.0001 -b 50 -o /work3/idamei/ssn-clusterings/2206011120/clusters/0010_65/sequences.logo
#Position Specific Frequency Matrix
A R N D C Q E G H I L K M F P S T W Y V
0 M 0.048 0.03 0.019 0.019 0.015 0.026 0.026 0.026 0.015 0.093 0.182 0.033 0.223 0.045 0.015 0.033 0.037 0.007 0.022 0.086
1 L 0.043 0.021 0.014 0.015 0.014 0.014 0.019 0.021 0.011 0.102 0.267 0.022 0.036 0.162 0.013 0.024 0.032 0.009 0.039 0.124
2 E 0.055 0.035 0.032 0.049 0.01 0.036 0.158 0.035 0.025 0.034 0.055 0.047 0.016 0.121 0.02 0.086 0.039 0.011 0.1 0.038
3 T 0.068 0.033 0.04 0.035 0.016 0.026 0.036 0.04 0.013 0.049 0.06 0.042 0.018 0.022 0.026 0.086 0.302 0.005 0.016 0.066
4 Y 0.038 0.026 0.02 0.017 0.009 0.02 0.026 0.023 0.043 0.04 0.063 0.029 0.017 0.121 0.014 0.029 0.026 0.026 0.368 0.043
5 F 0.098 0.024 0.025 0.025 0.014 0.018 0.028 0.039 0.014 0.101 0.091 0.03 0.022 0.189 0.018 0.095 0.043 0.009 0.043 0.072
6 I 0.058 0.022 0.024 0.024 0.015 0.017 0.025 0.03 0.011 0.238 0.123 0.03 0.029 0.035 0.018 0.08 0.071 0.005 0.018 0.129
7 Y 0.036 0.024 0.019 0.017 0.009 0.018 0.024 0.023 0.038 0.044 0.072 0.027 0.019 0.183 0.014 0.028 0.025 0.024 0.311 0.045
8 N 0.041 0.033 0.226 0.052 0.011 0.024 0.034 0.044 0.021 0.099 0.133 0.039 0.022 0.028 0.017 0.048 0.041 0.005 0.017 0.066
9 L 0.115 0.024 0.024 0.024 0.117 0.018 0.027 0.041 0.013 0.055 0.136 0.03 0.023 0.108 0.019 0.088 0.042 0.007 0.029 0.059
10 I 0.046 0.017 0.014 0.016 0.015 0.013 0.017 0.019 0.008 0.308 0.152 0.022 0.034 0.04 0.014 0.024 0.038 0.005 0.019 0.18
11 L 0.043 0.024 0.014 0.015 0.015 0.017 0.02 0.021 0.01 0.104 0.374 0.025 0.081 0.049 0.014 0.025 0.032 0.007 0.021 0.088
12 L 0.042 0.019 0.014 0.015 0.014 0.013 0.018 0.021 0.011 0.154 0.215 0.021 0.034 0.16 0.013 0.024 0.032 0.009 0.038 0.131
13 F 0.039 0.018 0.015 0.015 0.113 0.011 0.017 0.024 0.013 0.065 0.16 0.019 0.026 0.273 0.012 0.026 0.027 0.011 0.056 0.059
14 S 0.144 0.032 0.042 0.039 0.016 0.027 0.041 0.161 0.016 0.028 0.04 0.045 0.014 0.019 0.026 0.192 0.06 0.005 0.015 0.041
15 V 0.086 0.024 0.024 0.024 0.015 0.018 0.027 0.035 0.012 0.124 0.098 0.03 0.024 0.11 0.018 0.068 0.094 0.007 0.031 0.131
16 F 0.05 0.022 0.022 0.022 0.012 0.015 0.024 0.031 0.015 0.067 0.125 0.025 0.025 0.272 0.014 0.075 0.037 0.012 0.057 0.08
17 F 0.037 0.018 0.015 0.016 0.011 0.011 0.018 0.023 0.014 0.086 0.11 0.019 0.025 0.353 0.011 0.025 0.028 0.014 0.07 0.097
18 A 0.246 0.032 0.034 0.035 0.018 0.027 0.042 0.068 0.015 0.035 0.049 0.045 0.016 0.02 0.028 0.158 0.058 0.005 0.016 0.054
19 F 0.031 0.018 0.016 0.016 0.01 0.01 0.018 0.024 0.016 0.059 0.106 0.018 0.024 0.432 0.01 0.024 0.024 0.016 0.082 0.051
20 C 0.054 0.019 0.014 0.015 0.218 0.014 0.018 0.024 0.008 0.09 0.217 0.022 0.03 0.034 0.014 0.03 0.035 0.005 0.017 0.121
21 Y 0.041 0.041 0.024 0.022 0.008 0.026 0.034 0.026 0.038 0.037 0.059 0.089 0.017 0.1 0.017 0.033 0.028 0.022 0.298 0.041
22 E 0.061 0.049 0.041 0.068 0.009 0.097 0.238 0.039 0.023 0.023 0.037 0.069 0.014 0.016 0.024 0.097 0.043 0.005 0.016 0.032
23 N 0.042 0.042 0.2 0.053 0.009 0.03 0.043 0.045 0.099 0.082 0.057 0.071 0.016 0.024 0.018 0.05 0.039 0.005 0.023 0.052
24 S 0.075 0.03 0.034 0.031 0.016 0.023 0.035 0.041 0.013 0.073 0.136 0.038 0.024 0.029 0.022 0.139 0.106 0.005 0.018 0.111
25 K 0.05 0.088 0.041 0.038 0.008 0.047 0.062 0.039 0.096 0.025 0.039 0.274 0.014 0.017 0.024 0.047 0.034 0.005 0.023 0.029
26 S 0.14 0.048 0.042 0.04 0.015 0.033 0.05 0.059 0.017 0.03 0.042 0.105 0.015 0.018 0.027 0.192 0.062 0.005 0.016 0.042
27 N 0.048 0.03 0.094 0.04 0.011 0.026 0.063 0.035 0.022 0.092 0.068 0.039 0.018 0.043 0.07 0.05 0.089 0.009 0.086 0.065
28 G 0.062 0.02 0.027 0.026 0.013 0.016 0.022 0.267 0.011 0.147 0.098 0.029 0.023 0.03 0.017 0.038 0.035 0.006 0.016 0.1
29 F 0.036 0.018 0.015 0.016 0.012 0.011 0.018 0.022 0.013 0.129 0.158 0.02 0.03 0.28 0.011 0.024 0.028 0.012 0.06 0.085
30 K 0.058 0.134 0.106 0.046 0.01 0.041 0.055 0.046 0.021 0.024 0.038 0.175 0.014 0.016 0.023 0.097 0.046 0.005 0.016 0.031
31 V 0.05 0.018 0.015 0.016 0.015 0.013 0.019 0.021 0.009 0.203 0.132 0.022 0.03 0.116 0.014 0.026 0.038 0.007 0.032 0.205
32 F 0.098 0.02 0.016 0.018 0.014 0.014 0.022 0.032 0.013 0.115 0.153 0.024 0.028 0.214 0.015 0.034 0.032 0.01 0.047 0.082
33 L 0.051 0.024 0.021 0.021 0.014 0.017 0.024 0.029 0.012 0.081 0.282 0.028 0.035 0.121 0.015 0.074 0.038 0.008 0.032 0.071
34 L 0.053 0.024 0.023 0.024 0.013 0.018 0.028 0.032 0.012 0.102 0.14 0.031 0.024 0.036 0.118 0.077 0.04 0.11 0.026 0.07
35 L 0.054 0.025 0.021 0.021 0.015 0.018 0.024 0.028 0.011 0.113 0.319 0.029 0.038 0.043 0.016 0.074 0.041 0.006 0.02 0.086
36 L 0.064 0.024 0.022 0.022 0.117 0.019 0.026 0.032 0.011 0.106 0.138 0.03 0.064 0.032 0.017 0.08 0.045 0.005 0.018 0.125
37 L 0.049 0.021 0.016 0.017 0.016 0.015 0.02 0.022 0.009 0.176 0.246 0.025 0.036 0.041 0.015 0.031 0.063 0.006 0.019 0.156
38 F 0.036 0.018 0.015 0.016 0.011 0.011 0.018 0.023 0.014 0.095 0.112 0.019 0.025 0.353 0.011 0.024 0.027 0.014 0.07 0.089
39 L 0.037 0.021 0.014 0.015 0.013 0.013 0.018 0.021 0.012 0.088 0.295 0.021 0.037 0.203 0.012 0.023 0.028 0.01 0.045 0.074
40 I 0.062 0.024 0.025 0.024 0.066 0.018 0.026 0.032 0.011 0.149 0.1 0.03 0.025 0.05 0.018 0.077 0.097 0.006 0.021 0.14
41 L 0.042 0.02 0.013 0.015 0.015 0.014 0.018 0.019 0.009 0.194 0.315 0.023 0.041 0.047 0.013 0.023 0.033 0.006 0.02 0.119
42 W 0.037 0.02 0.014 0.014 0.112 0.014 0.019 0.027 0.012 0.046 0.126 0.021 0.021 0.048 0.01 0.025 0.026 0.32 0.044 0.045
43 I 0.046 0.017 0.014 0.016 0.015 0.013 0.017 0.019 0.008 0.308 0.152 0.022 0.034 0.04 0.014 0.024 0.038 0.005 0.019 0.18
44 P 0.053 0.024 0.022 0.029 0.01 0.019 0.034 0.034 0.012 0.024 0.034 0.038 0.01 0.012 0.531 0.041 0.034 0.002 0.012 0.029
45 A 0.295 0.03 0.029 0.031 0.019 0.025 0.04 0.07 0.015 0.038 0.052 0.043 0.016 0.02 0.028 0.118 0.052 0.005 0.016 0.059
46 A 0.192 0.031 0.037 0.035 0.016 0.025 0.039 0.163 0.015 0.031 0.043 0.043 0.014 0.019 0.026 0.152 0.054 0.005 0.015 0.046
47 I 0.045 0.018 0.014 0.016 0.015 0.013 0.017 0.02 0.008 0.264 0.205 0.022 0.036 0.042 0.014 0.024 0.037 0.006 0.019 0.165
48 R 0.041 0.394 0.036 0.029 0.007 0.045 0.048 0.03 0.022 0.022 0.043 0.111 0.014 0.016 0.018 0.041 0.032 0.005 0.016 0.029
49 Y 0.036 0.023 0.019 0.017 0.009 0.017 0.023 0.023 0.035 0.046 0.076 0.026 0.019 0.214 0.013 0.027 0.025 0.023 0.282 0.046
50 G 0.072 0.021 0.036 0.031 0.01 0.018 0.024 0.546 0.012 0.018 0.026 0.031 0.009 0.015 0.018 0.048 0.028 0.005 0.01 0.022
51 V 0.056 0.019 0.015 0.016 0.017 0.014 0.02 0.021 0.008 0.221 0.135 0.023 0.031 0.036 0.015 0.028 0.042 0.005 0.019 0.259
52 G 0.072 0.021 0.036 0.031 0.01 0.018 0.024 0.546 0.012 0.018 0.026 0.031 0.009 0.015 0.018 0.048 0.028 0.005 0.01 0.022
53 T 0.123 0.032 0.037 0.033 0.017 0.025 0.037 0.047 0.013 0.047 0.059 0.042 0.018 0.022 0.026 0.084 0.251 0.005 0.016 0.065
54 D 0.038 0.028 0.064 0.442 0.007 0.028 0.085 0.043 0.017 0.021 0.026 0.041 0.009 0.014 0.021 0.048 0.033 0.003 0.01 0.022
55 Y 0.038 0.026 0.02 0.017 0.009 0.02 0.026 0.023 0.043 0.04 0.063 0.029 0.017 0.121 0.014 0.029 0.026 0.026 0.368 0.043
56 F 0.032 0.018 0.016 0.016 0.01 0.011 0.018 0.023 0.018 0.057 0.102 0.019 0.023 0.401 0.01 0.024 0.024 0.017 0.111 0.05
57 S 0.078 0.18 0.044 0.039 0.013 0.036 0.048 0.049 0.019 0.025 0.041 0.075 0.014 0.018 0.024 0.183 0.058 0.005 0.016 0.035
58 Y 0.038 0.026 0.02 0.017 0.009 0.02 0.026 0.023 0.043 0.04 0.063 0.029 0.017 0.121 0.014 0.029 0.026 0.026 0.368 0.043
59 L 0.042 0.021 0.013 0.015 0.015 0.014 0.018 0.02 0.009 0.172 0.342 0.023 0.042 0.048 0.013 0.023 0.033 0.006 0.02 0.111
60 G 0.069 0.136 0.039 0.033 0.01 0.028 0.036 0.295 0.016 0.021 0.034 0.059 0.012 0.016 0.02 0.092 0.039 0.005 0.013 0.028
61 I 0.046 0.022 0.016 0.017 0.015 0.018 0.02 0.022 0.011 0.232 0.166 0.026 0.11 0.042 0.014 0.027 0.037 0.006 0.02 0.132
62 F 0.047 0.02 0.015 0.016 0.014 0.013 0.019 0.023 0.011 0.106 0.175 0.021 0.03 0.196 0.013 0.026 0.034 0.01 0.045 0.167
63 E 0.051 0.053 0.038 0.072 0.007 0.124 0.273 0.034 0.025 0.022 0.037 0.074 0.014 0.015 0.023 0.051 0.035 0.005 0.016 0.03
64 S 0.077 0.039 0.113 0.05 0.013 0.032 0.048 0.056 0.097 0.025 0.036 0.049 0.014 0.021 0.024 0.187 0.06 0.005 0.023 0.033
65 V 0.176 0.024 0.019 0.021 0.019 0.019 0.028 0.043 0.01 0.107 0.094 0.031 0.024 0.028 0.02 0.05 0.046 0.005 0.018 0.219
66 R 0.044 0.26 0.032 0.028 0.009 0.04 0.046 0.03 0.019 0.039 0.118 0.138 0.021 0.023 0.019 0.039 0.033 0.006 0.017 0.041
67 L 0.043 0.031 0.089 0.041 0.012 0.027 0.09 0.03 0.016 0.072 0.266 0.038 0.032 0.037 0.016 0.037 0.035 0.006 0.018 0.064
68 G 0.072 0.021 0.036 0.031 0.01 0.018 0.024 0.546 0.012 0.018 0.026 0.031 0.009 0.015 0.018 0.048 0.028 0.005 0.01 0.022
69 Y 0.106 0.099 0.027 0.024 0.011 0.025 0.032 0.139 0.027 0.032 0.05 0.048 0.015 0.059 0.018 0.045 0.032 0.013 0.156 0.04
70 I 0.051 0.018 0.014 0.016 0.016 0.013 0.018 0.02 0.008 0.265 0.143 0.023 0.032 0.038 0.014 0.026 0.04 0.005 0.019 0.219
71 T 0.129 0.033 0.039 0.035 0.017 0.026 0.039 0.051 0.014 0.043 0.055 0.043 0.017 0.021 0.026 0.123 0.206 0.005 0.016 0.06
72 T 0.068 0.033 0.04 0.035 0.016 0.026 0.036 0.04 0.013 0.049 0.06 0.042 0.018 0.022 0.026 0.086 0.302 0.005 0.016 0.066
73 E 0.051 0.046 0.038 0.084 0.007 0.06 0.349 0.032 0.024 0.02 0.034 0.07 0.012 0.015 0.024 0.051 0.034 0.005 0.015 0.029
74 F 0.041 0.019 0.016 0.016 0.012 0.013 0.02 0.022 0.018 0.136 0.112 0.022 0.026 0.212 0.013 0.026 0.031 0.014 0.114 0.118
75 G 0.072 0.021 0.036 0.031 0.01 0.018 0.024 0.546 0.012 0.018 0.026 0.031 0.009 0.015 0.018 0.048 0.028 0.005 0.01 0.022
76 Y 0.036 0.024 0.019 0.017 0.009 0.018 0.024 0.023 0.038 0.044 0.072 0.027 0.019 0.183 0.014 0.028 0.025 0.024 0.311 0.045
77 Y 0.038 0.026 0.02 0.017 0.009 0.02 0.026 0.023 0.043 0.04 0.063 0.029 0.017 0.121 0.014 0.029 0.026 0.026 0.368 0.043
78 L 0.04 0.019 0.014 0.015 0.014 0.013 0.018 0.02 0.01 0.184 0.252 0.022 0.037 0.123 0.013 0.023 0.032 0.008 0.032 0.111
79 I 0.044 0.016 0.014 0.016 0.015 0.012 0.016 0.019 0.008 0.325 0.155 0.022 0.034 0.041 0.014 0.023 0.037 0.005 0.019 0.164
80 N 0.04 0.042 0.368 0.077 0.008 0.031 0.046 0.06 0.029 0.021 0.029 0.05 0.01 0.017 0.019 0.065 0.046 0.004 0.015 0.025
81 F 0.034 0.022 0.018 0.016 0.009 0.015 0.022 0.023 0.029 0.05 0.085 0.023 0.02 0.277 0.012 0.026 0.025 0.021 0.225 0.047
82 L 0.039 0.018 0.014 0.016 0.013 0.012 0.017 0.021 0.011 0.188 0.191 0.021 0.033 0.18 0.012 0.023 0.031 0.009 0.041 0.109
83 V 0.065 0.02 0.015 0.016 0.018 0.015 0.022 0.023 0.008 0.152 0.121 0.024 0.029 0.033 0.015 0.03 0.046 0.005 0.019 0.323
84 V 0.056 0.023 0.017 0.017 0.015 0.018 0.023 0.024 0.016 0.118 0.122 0.027 0.066 0.053 0.015 0.031 0.04 0.01 0.09 0.22
85 Y 0.044 0.038 0.022 0.021 0.01 0.024 0.032 0.027 0.025 0.057 0.067 0.087 0.018 0.069 0.015 0.032 0.031 0.118 0.167 0.094
86 L 0.05 0.026 0.025 0.023 0.014 0.019 0.026 0.029 0.013 0.073 0.212 0.03 0.03 0.1 0.018 0.048 0.138 0.008 0.046 0.072
87 G 0.052 0.031 0.174 0.111 0.009 0.025 0.043 0.251 0.039 0.02 0.028 0.041 0.01 0.016 0.018 0.054 0.035 0.005 0.014 0.023
88 L 0.078 0.022 0.019 0.019 0.014 0.016 0.021 0.13 0.01 0.104 0.279 0.027 0.034 0.039 0.016 0.033 0.032 0.006 0.018 0.081
89 N 0.054 0.042 0.238 0.072 0.01 0.037 0.107 0.055 0.026 0.022 0.032 0.054 0.012 0.017 0.022 0.104 0.049 0.004 0.015 0.029
90 P 0.066 0.03 0.033 0.043 0.01 0.029 0.098 0.141 0.016 0.023 0.033 0.046 0.011 0.015 0.226 0.092 0.041 0.004 0.013 0.03
91 Q 0.049 0.06 0.037 0.038 0.008 0.222 0.081 0.035 0.03 0.028 0.048 0.073 0.019 0.035 0.02 0.047 0.036 0.01 0.089 0.035
92 W 0.032 0.022 0.017 0.016 0.008 0.016 0.022 0.025 0.026 0.039 0.066 0.023 0.017 0.157 0.011 0.025 0.023 0.226 0.189 0.039
93 I 0.059 0.021 0.021 0.022 0.016 0.017 0.024 0.028 0.01 0.231 0.125 0.028 0.029 0.035 0.017 0.076 0.046 0.005 0.018 0.171
94 F 0.037 0.02 0.016 0.016 0.012 0.014 0.019 0.023 0.014 0.119 0.131 0.022 0.065 0.276 0.012 0.025 0.029 0.012 0.058 0.08
95 A 0.195 0.024 0.019 0.021 0.018 0.019 0.028 0.046 0.011 0.122 0.155 0.032 0.027 0.032 0.021 0.052 0.041 0.005 0.018 0.115
96 I 0.044 0.016 0.014 0.016 0.015 0.012 0.016 0.019 0.008 0.325 0.155 0.022 0.034 0.041 0.014 0.023 0.037 0.005 0.019 0.164
97 S 0.095 0.036 0.048 0.043 0.016 0.03 0.046 0.057 0.017 0.032 0.043 0.048 0.015 0.02 0.027 0.239 0.121 0.005 0.016 0.044
98 S 0.096 0.034 0.047 0.042 0.015 0.028 0.044 0.158 0.017 0.026 0.036 0.046 0.013 0.018 0.026 0.232 0.066 0.005 0.015 0.036
99 F 0.033 0.019 0.015 0.015 0.011 0.011 0.018 0.023 0.014 0.068 0.169 0.019 0.028 0.356 0.01 0.023 0.025 0.014 0.07 0.059
100 I 0.043 0.017 0.014 0.016 0.015 0.013 0.017 0.019 0.008 0.303 0.182 0.022 0.035 0.042 0.014 0.023 0.036 0.006 0.019 0.156
101 I 0.066 0.018 0.015 0.017 0.016 0.014 0.019 0.023 0.008 0.25 0.138 0.024 0.031 0.037 0.015 0.028 0.04 0.005 0.019 0.214
102 L 0.107 0.022 0.017 0.018 0.116 0.017 0.023 0.033 0.016 0.115 0.121 0.027 0.024 0.049 0.017 0.039 0.036 0.009 0.087 0.106
103 F 0.034 0.019 0.015 0.015 0.011 0.011 0.018 0.022 0.014 0.073 0.201 0.019 0.03 0.318 0.011 0.023 0.026 0.013 0.064 0.062
104 N 0.043 0.029 0.156 0.04 0.012 0.02 0.03 0.037 0.018 0.072 0.141 0.033 0.024 0.11 0.015 0.041 0.038 0.007 0.03 0.103
105 I 0.061 0.023 0.025 0.025 0.015 0.018 0.027 0.033 0.012 0.165 0.107 0.03 0.026 0.112 0.017 0.1 0.047 0.007 0.031 0.12
106 I 0.047 0.018 0.015 0.018 0.016 0.013 0.018 0.021 0.009 0.271 0.168 0.024 0.037 0.044 0.015 0.025 0.04 0.006 0.021 0.177
107 L 0.045 0.024 0.014 0.015 0.016 0.016 0.02 0.021 0.01 0.115 0.375 0.025 0.05 0.055 0.014 0.024 0.033 0.007 0.022 0.096
108 S 0.11 0.04 0.054 0.049 0.018 0.033 0.052 0.066 0.019 0.03 0.042 0.054 0.016 0.021 0.03 0.22 0.082 0.005 0.018 0.042
109 F 0.054 0.023 0.022 0.021 0.014 0.016 0.025 0.03 0.013 0.081 0.159 0.027 0.027 0.194 0.015 0.076 0.04 0.01 0.044 0.111
110 L 0.049 0.111 0.024 0.023 0.013 0.028 0.035 0.027 0.014 0.125 0.132 0.103 0.045 0.03 0.017 0.034 0.037 0.006 0.018 0.127
111 A 0.175 0.033 0.097 0.039 0.016 0.027 0.039 0.059 0.018 0.044 0.072 0.043 0.056 0.024 0.023 0.107 0.05 0.005 0.017 0.055
112 I 0.044 0.02 0.015 0.016 0.015 0.016 0.019 0.021 0.01 0.235 0.214 0.024 0.074 0.044 0.014 0.025 0.036 0.006 0.02 0.133
113 P 0.06 0.042 0.039 0.117 0.01 0.029 0.053 0.042 0.016 0.024 0.034 0.1 0.011 0.014 0.227 0.091 0.043 0.004 0.013 0.03
114 R 0.046 0.276 0.037 0.033 0.008 0.047 0.055 0.034 0.021 0.023 0.042 0.199 0.014 0.015 0.021 0.045 0.034 0.005 0.016 0.029
115 K 0.057 0.056 0.092 0.054 0.009 0.042 0.113 0.045 0.098 0.023 0.036 0.123 0.013 0.019 0.023 0.096 0.043 0.005 0.023 0.029
116 Y 0.038 0.029 0.058 0.025 0.008 0.023 0.03 0.028 0.078 0.037 0.057 0.032 0.016 0.101 0.015 0.033 0.028 0.022 0.301 0.039
117 F 0.079 0.022 0.023 0.023 0.013 0.016 0.026 0.035 0.014 0.104 0.097 0.027 0.023 0.23 0.016 0.08 0.039 0.01 0.05 0.072
118 C 0.113 0.024 0.024 0.024 0.115 0.018 0.028 0.043 0.014 0.039 0.062 0.03 0.017 0.109 0.017 0.088 0.04 0.112 0.038 0.047
119 L 0.042 0.019 0.014 0.015 0.015 0.013 0.018 0.02 0.009 0.202 0.255 0.022 0.038 0.084 0.013 0.023 0.034 0.007 0.026 0.13
120 S 0.13 0.032 0.037 0.034 0.016 0.026 0.039 0.052 0.021 0.037 0.051 0.042 0.016 0.04 0.025 0.15 0.105 0.009 0.087 0.05
121 V 0.055 0.019 0.015 0.016 0.016 0.014 0.02 0.022 0.009 0.195 0.13 0.023 0.03 0.075 0.014 0.028 0.041 0.006 0.025 0.248
122 L 0.038 0.021 0.015 0.015 0.013 0.014 0.019 0.021 0.015 0.086 0.291 0.022 0.036 0.172 0.012 0.023 0.028 0.011 0.074 0.073
123 V 0.056 0.019 0.015 0.016 0.017 0.014 0.02 0.021 0.008 0.221 0.135 0.023 0.031 0.036 0.015 0.028 0.042 0.005 0.019 0.259
124 F 0.035 0.02 0.015 0.015 0.012 0.012 0.018 0.022 0.013 0.078 0.232 0.02 0.032 0.28 0.011 0.023 0.026 0.012 0.058 0.066
125 V 0.053 0.02 0.015 0.016 0.016 0.014 0.02 0.022 0.01 0.125 0.178 0.023 0.031 0.116 0.014 0.027 0.038 0.008 0.032 0.222
126 C 0.06 0.015 0.015 0.015 0.522 0.011 0.015 0.03 0.008 0.041 0.06 0.019 0.015 0.019 0.015 0.038 0.034 0.004 0.011 0.053
127 T 0.064 0.028 0.031 0.029 0.016 0.022 0.031 0.036 0.012 0.112 0.147 0.036 0.026 0.031 0.021 0.099 0.15 0.006 0.018 0.085
128 F 0.034 0.017 0.015 0.016 0.011 0.01 0.017 0.023 0.014 0.112 0.116 0.018 0.026 0.354 0.011 0.023 0.026 0.014 0.07 0.073
129 Y 0.038 0.026 0.02 0.017 0.009 0.02 0.026 0.023 0.043 0.04 0.063 0.029 0.017 0.121 0.014 0.029 0.026 0.026 0.368 0.043
130 L 0.041 0.022 0.013 0.014 0.015 0.015 0.019 0.02 0.009 0.107 0.422 0.023 0.046 0.051 0.013 0.022 0.031 0.007 0.021 0.089
131 P 0.05 0.024 0.02 0.026 0.011 0.018 0.031 0.031 0.011 0.04 0.111 0.035 0.017 0.02 0.427 0.037 0.033 0.003 0.014 0.041
132 S 0.102 0.037 0.05 0.045 0.016 0.031 0.049 0.061 0.018 0.028 0.039 0.05 0.015 0.019 0.028 0.278 0.076 0.005 0.016 0.039
133 F 0.038 0.023 0.017 0.016 0.012 0.016 0.021 0.023 0.02 0.072 0.176 0.024 0.067 0.216 0.012 0.026 0.028 0.014 0.115 0.064
134 S 0.102 0.037 0.05 0.045 0.016 0.031 0.049 0.061 0.018 0.028 0.039 0.05 0.015 0.019 0.028 0.278 0.076 0.005 0.016 0.039
135 L 0.041 0.022 0.013 0.014 0.015 0.015 0.019 0.02 0.009 0.107 0.422 0.023 0.046 0.051 0.013 0.022 0.031 0.007 0.021 0.089
136 V 0.055 0.02 0.014 0.016 0.017 0.014 0.02 0.021 0.008 0.186 0.19 0.023 0.034 0.039 0.014 0.027 0.041 0.005 0.019 0.236
137 R 0.041 0.394 0.036 0.029 0.007 0.045 0.048 0.03 0.022 0.022 0.043 0.111 0.014 0.016 0.018 0.041 0.032 0.005 0.016 0.029
138 Q 0.052 0.068 0.041 0.044 0.008 0.273 0.095 0.038 0.027 0.025 0.044 0.084 0.019 0.014 0.022 0.052 0.038 0.005 0.019 0.033
139 A 0.295 0.03 0.029 0.031 0.019 0.025 0.04 0.07 0.015 0.038 0.052 0.043 0.016 0.02 0.028 0.118 0.052 0.005 0.016 0.059
140 I 0.043 0.018 0.014 0.016 0.015 0.013 0.017 0.019 0.008 0.281 0.209 0.022 0.036 0.043 0.014 0.023 0.036 0.006 0.019 0.149
141 A 0.289 0.027 0.026 0.028 0.018 0.022 0.035 0.167 0.013 0.036 0.049 0.039 0.015 0.019 0.026 0.072 0.042 0.005 0.015 0.055
142 I 0.048 0.018 0.015 0.018 0.016 0.014 0.018 0.021 0.009 0.26 0.17 0.024 0.037 0.045 0.015 0.025 0.04 0.006 0.021 0.179
143 A 0.279 0.031 0.026 0.03 0.022 0.026 0.041 0.079 0.015 0.044 0.06 0.045 0.018 0.022 0.03 0.086 0.051 0.005 0.018 0.07
144 V 0.056 0.019 0.015 0.016 0.017 0.014 0.02 0.021 0.008 0.221 0.135 0.023 0.031 0.036 0.015 0.028 0.042 0.005 0.019 0.259
145 S 0.167 0.031 0.035 0.034 0.018 0.026 0.04 0.057 0.015 0.056 0.06 0.042 0.018 0.022 0.025 0.169 0.061 0.005 0.017 0.103
146 F 0.034 0.017 0.015 0.016 0.011 0.01 0.017 0.023 0.014 0.112 0.116 0.018 0.026 0.354 0.011 0.023 0.026 0.014 0.07 0.073
147 I 0.103 0.02 0.016 0.018 0.016 0.015 0.021 0.03 0.01 0.224 0.189 0.026 0.033 0.039 0.016 0.034 0.038 0.006 0.019 0.129
148 A 0.228 0.026 0.024 0.026 0.017 0.021 0.031 0.157 0.013 0.049 0.123 0.036 0.021 0.025 0.023 0.061 0.039 0.005 0.016 0.061
149 V 0.047 0.022 0.016 0.016 0.013 0.016 0.022 0.023 0.016 0.096 0.155 0.024 0.027 0.059 0.013 0.027 0.034 0.115 0.098 0.161
150 A 0.24 0.029 0.031 0.032 0.017 0.024 0.037 0.165 0.014 0.033 0.046 0.041 0.014 0.019 0.026 0.112 0.048 0.005 0.015 0.05
151 V 0.056 0.019 0.015 0.016 0.017 0.014 0.02 0.021 0.008 0.221 0.135 0.023 0.031 0.036 0.015 0.028 0.042 0.005 0.019 0.259
152 K 0.066 0.059 0.038 0.036 0.011 0.036 0.05 0.043 0.023 0.031 0.046 0.158 0.015 0.038 0.024 0.117 0.073 0.009 0.087 0.039
153 L 0.055 0.04 0.104 0.047 0.011 0.056 0.077 0.042 0.097 0.04 0.113 0.049 0.02 0.026 0.02 0.091 0.043 0.006 0.024 0.041
154 Y 0.1 0.025 0.02 0.019 0.012 0.019 0.026 0.032 0.03 0.097 0.08 0.03 0.02 0.085 0.017 0.038 0.032 0.018 0.228 0.071
155 L 0.105 0.021 0.016 0.018 0.016 0.016 0.022 0.03 0.01 0.185 0.212 0.026 0.034 0.039 0.016 0.035 0.038 0.006 0.019 0.137
156 D 0.044 0.115 0.11 0.156 0.007 0.042 0.134 0.041 0.022 0.021 0.033 0.093 0.012 0.015 0.021 0.051 0.036 0.005 0.014 0.027
157 G 0.071 0.039 0.108 0.047 0.011 0.075 0.05 0.202 0.02 0.023 0.034 0.051 0.013 0.016 0.022 0.121 0.048 0.005 0.015 0.03
158 K 0.048 0.147 0.104 0.044 0.008 0.045 0.058 0.042 0.022 0.024 0.038 0.231 0.014 0.015 0.023 0.051 0.038 0.005 0.016 0.029
159 K 0.046 0.056 0.029 0.038 0.01 0.036 0.103 0.031 0.017 0.091 0.075 0.154 0.02 0.103 0.02 0.039 0.034 0.007 0.03 0.061
160 L 0.046 0.04 0.058 0.028 0.012 0.025 0.034 0.03 0.02 0.107 0.145 0.09 0.025 0.049 0.018 0.04 0.061 0.01 0.088 0.074
161 L 0.046 0.042 0.092 0.034 0.012 0.026 0.035 0.034 0.016 0.089 0.204 0.092 0.029 0.033 0.018 0.043 0.063 0.006 0.018 0.07
162 F 0.052 0.023 0.023 0.022 0.113 0.016 0.025 0.032 0.02 0.045 0.075 0.027 0.019 0.205 0.015 0.078 0.037 0.013 0.112 0.047
163 L 0.044 0.023 0.021 0.02 0.013 0.017 0.023 0.025 0.018 0.116 0.161 0.027 0.028 0.133 0.015 0.037 0.084 0.012 0.101 0.083
164 I 0.045 0.018 0.015 0.016 0.014 0.013 0.018 0.021 0.01 0.18 0.158 0.021 0.031 0.157 0.013 0.025 0.034 0.009 0.038 0.162
165 F 0.068 0.021 0.018 0.018 0.013 0.014 0.022 0.029 0.014 0.066 0.159 0.024 0.027 0.274 0.014 0.035 0.055 0.012 0.057 0.061
166 I 0.109 0.022 0.021 0.022 0.016 0.017 0.025 0.034 0.01 0.204 0.115 0.03 0.027 0.033 0.019 0.047 0.092 0.005 0.018 0.132
167 L 0.042 0.02 0.013 0.015 0.015 0.014 0.018 0.019 0.009 0.194 0.315 0.023 0.041 0.047 0.013 0.023 0.033 0.006 0.02 0.119
168 I 0.052 0.018 0.014 0.016 0.016 0.014 0.019 0.021 0.008 0.245 0.155 0.023 0.033 0.038 0.014 0.026 0.04 0.005 0.019 0.224
169 G 0.181 0.024 0.031 0.03 0.014 0.02 0.029 0.357 0.013 0.026 0.038 0.035 0.012 0.017 0.022 0.06 0.035 0.005 0.012 0.039
170 S 0.082 0.029 0.036 0.033 0.117 0.023 0.035 0.047 0.014 0.09 0.066 0.038 0.019 0.024 0.022 0.179 0.06 0.005 0.016 0.067
171 F 0.061 0.026 0.029 0.027 0.013 0.019 0.03 0.038 0.015 0.056 0.142 0.032 0.024 0.191 0.018 0.125 0.046 0.01 0.044 0.054
172 F 0.031 0.018 0.016 0.016 0.01 0.01 0.018 0.024 0.016 0.059 0.106 0.018 0.024 0.432 0.01 0.024 0.024 0.016 0.082 0.051
173 H 0.039 0.042 0.049 0.035 0.007 0.035 0.049 0.035 0.403 0.021 0.035 0.042 0.014 0.028 0.018 0.039 0.025 0.007 0.053 0.021
174 L 0.041 0.021 0.015 0.016 0.013 0.015 0.02 0.021 0.017 0.11 0.23 0.023 0.033 0.138 0.013 0.025 0.031 0.012 0.102 0.103
175 S 0.102 0.037 0.05 0.045 0.016 0.031 0.049 0.061 0.018 0.028 0.039 0.05 0.015 0.019 0.028 0.278 0.076 0.005 0.016 0.039
176 V 0.12 0.026 0.024 0.025 0.017 0.022 0.03 0.04 0.012 0.128 0.11 0.034 0.063 0.032 0.02 0.089 0.048 0.006 0.019 0.135
177 L 0.042 0.02 0.013 0.015 0.015 0.014 0.018 0.019 0.009 0.194 0.315 0.023 0.041 0.047 0.013 0.023 0.033 0.006 0.02 0.119
178 L 0.054 0.024 0.021 0.021 0.015 0.017 0.024 0.028 0.011 0.156 0.265 0.028 0.036 0.041 0.016 0.074 0.042 0.006 0.019 0.101
179 L 0.043 0.021 0.014 0.015 0.015 0.015 0.019 0.02 0.009 0.193 0.291 0.024 0.059 0.046 0.014 0.024 0.034 0.006 0.02 0.119
180 L 0.045 0.021 0.014 0.015 0.015 0.015 0.019 0.02 0.009 0.157 0.323 0.023 0.041 0.046 0.014 0.024 0.034 0.006 0.02 0.139
181 P 0.111 0.025 0.022 0.028 0.012 0.02 0.034 0.041 0.012 0.027 0.038 0.039 0.011 0.014 0.43 0.048 0.036 0.003 0.013 0.036
182 F 0.04 0.018 0.015 0.016 0.012 0.011 0.018 0.022 0.013 0.131 0.119 0.02 0.027 0.274 0.012 0.025 0.031 0.011 0.057 0.128
183 Y 0.042 0.024 0.019 0.019 0.01 0.018 0.026 0.024 0.03 0.094 0.076 0.029 0.019 0.083 0.118 0.03 0.03 0.017 0.227 0.064
184 F 0.037 0.019 0.014 0.015 0.012 0.012 0.018 0.021 0.012 0.126 0.21 0.02 0.032 0.24 0.012 0.023 0.028 0.011 0.051 0.085
185 V 0.05 0.02 0.015 0.016 0.015 0.014 0.019 0.022 0.01 0.15 0.183 0.022 0.032 0.118 0.014 0.026 0.037 0.008 0.032 0.198
186 R 0.126 0.178 0.039 0.035 0.013 0.035 0.046 0.051 0.018 0.028 0.044 0.073 0.015 0.018 0.024 0.143 0.053 0.005 0.016 0.04
187 R 0.041 0.151 0.096 0.036 0.009 0.033 0.042 0.036 0.02 0.06 0.063 0.115 0.017 0.102 0.018 0.042 0.035 0.007 0.029 0.046
188 I 0.046 0.019 0.015 0.016 0.015 0.014 0.019 0.021 0.01 0.192 0.168 0.023 0.051 0.119 0.013 0.026 0.035 0.008 0.032 0.158
189 R 0.052 0.186 0.034 0.031 0.008 0.035 0.044 0.136 0.017 0.022 0.037 0.125 0.012 0.015 0.122 0.044 0.032 0.005 0.014 0.028
190 L 0.051 0.02 0.014 0.016 0.016 0.014 0.019 0.021 0.008 0.191 0.221 0.023 0.036 0.041 0.014 0.026 0.039 0.006 0.02 0.205
191 R 0.059 0.16 0.037 0.035 0.01 0.038 0.051 0.04 0.018 0.024 0.039 0.151 0.013 0.015 0.125 0.091 0.043 0.004 0.015 0.031
192 P 0.09 0.101 0.03 0.031 0.012 0.027 0.039 0.041 0.015 0.039 0.047 0.054 0.014 0.017 0.226 0.091 0.044 0.004 0.015 0.064
193 S 0.061 0.083 0.102 0.042 0.012 0.033 0.045 0.045 0.019 0.041 0.114 0.107 0.02 0.024 0.022 0.115 0.049 0.005 0.017 0.043
194 L 0.039 0.019 0.015 0.017 0.012 0.013 0.019 0.022 0.012 0.123 0.203 0.022 0.031 0.198 0.064 0.025 0.029 0.01 0.044 0.083
195 L 0.046 0.044 0.022 0.024 0.013 0.061 0.04 0.027 0.014 0.081 0.286 0.083 0.037 0.039 0.017 0.033 0.034 0.006 0.02 0.072
196 L 0.1 0.022 0.016 0.018 0.015 0.015 0.022 0.031 0.011 0.127 0.232 0.026 0.033 0.119 0.015 0.034 0.034 0.008 0.032 0.091
197 L 0.071 0.023 0.014 0.015 0.015 0.016 0.021 0.025 0.01 0.1 0.385 0.025 0.043 0.048 0.015 0.028 0.032 0.006 0.02 0.087
198 G 0.124 0.021 0.023 0.023 0.138 0.016 0.024 0.166 0.013 0.04 0.063 0.028 0.016 0.118 0.018 0.048 0.034 0.008 0.031 0.049
199 I 0.053 0.024 0.02 0.02 0.016 0.019 0.024 0.026 0.01 0.167 0.161 0.029 0.069 0.037 0.017 0.039 0.091 0.006 0.019 0.153
200 I 0.049 0.022 0.021 0.022 0.014 0.017 0.024 0.027 0.01 0.164 0.149 0.029 0.027 0.052 0.119 0.039 0.088 0.006 0.021 0.1
201 I 0.05 0.018 0.014 0.016 0.016 0.013 0.018 0.02 0.008 0.251 0.172 0.023 0.034 0.04 0.014 0.025 0.039 0.005 0.019 0.204
202 F 0.036 0.018 0.015 0.016 0.012 0.011 0.017 0.022 0.013 0.143 0.152 0.019 0.029 0.277 0.011 0.023 0.028 0.012 0.057 0.089
203 G 0.078 0.026 0.033 0.03 0.116 0.021 0.031 0.144 0.013 0.049 0.087 0.035 0.018 0.023 0.02 0.133 0.05 0.005 0.015 0.072
204 L 0.078 0.018 0.015 0.017 0.168 0.014 0.019 0.028 0.009 0.168 0.17 0.023 0.029 0.034 0.015 0.033 0.036 0.005 0.017 0.105
205 I 0.049 0.021 0.018 0.019 0.015 0.016 0.021 0.024 0.01 0.228 0.2 0.026 0.053 0.041 0.015 0.05 0.04 0.006 0.019 0.128
206 F 0.038 0.018 0.014 0.016 0.013 0.012 0.017 0.021 0.011 0.175 0.189 0.02 0.032 0.199 0.012 0.023 0.03 0.01 0.045 0.104
207 F 0.036 0.019 0.015 0.016 0.012 0.012 0.018 0.022 0.013 0.104 0.19 0.02 0.031 0.282 0.011 0.024 0.028 0.012 0.06 0.076
208 L 0.043 0.024 0.014 0.015 0.015 0.017 0.02 0.021 0.01 0.104 0.374 0.025 0.081 0.049 0.014 0.025 0.032 0.007 0.021 0.088
209 S 0.083 0.035 0.111 0.049 0.013 0.028 0.043 0.158 0.019 0.024 0.034 0.046 0.013 0.018 0.024 0.189 0.06 0.005 0.015 0.033
210 T 0.076 0.036 0.11 0.047 0.015 0.029 0.043 0.053 0.018 0.035 0.045 0.047 0.015 0.02 0.025 0.158 0.16 0.005 0.016 0.047
211 N 0.048 0.038 0.235 0.069 0.008 0.034 0.102 0.152 0.025 0.02 0.03 0.05 0.01 0.016 0.02 0.058 0.04 0.005 0.014 0.025
212 I 0.042 0.018 0.015 0.017 0.014 0.012 0.018 0.022 0.011 0.213 0.146 0.022 0.032 0.163 0.013 0.025 0.034 0.009 0.042 0.133
213 L 0.042 0.021 0.013 0.015 0.015 0.014 0.018 0.02 0.009 0.15 0.368 0.023 0.044 0.049 0.013 0.023 0.032 0.006 0.02 0.104
214 I 0.049 0.035 0.095 0.038 0.013 0.071 0.042 0.035 0.017 0.149 0.089 0.044 0.023 0.027 0.019 0.05 0.092 0.005 0.018 0.09
215 N 0.092 0.035 0.173 0.132 0.012 0.028 0.05 0.054 0.02 0.031 0.04 0.045 0.013 0.018 0.022 0.069 0.107 0.004 0.014 0.04
216 I 0.042 0.018 0.014 0.016 0.014 0.013 0.017 0.02 0.009 0.255 0.204 0.022 0.035 0.082 0.013 0.023 0.034 0.007 0.026 0.137
217 L 0.045 0.024 0.015 0.016 0.015 0.019 0.021 0.022 0.011 0.145 0.273 0.027 0.114 0.046 0.014 0.027 0.035 0.007 0.021 0.103
218 N 0.058 0.037 0.212 0.14 0.01 0.03 0.054 0.057 0.023 0.023 0.031 0.048 0.011 0.017 0.022 0.125 0.052 0.004 0.014 0.029
219 S 0.089 0.033 0.043 0.039 0.015 0.027 0.042 0.053 0.017 0.06 0.057 0.044 0.017 0.063 0.024 0.227 0.067 0.006 0.023 0.052
220 D 0.068 0.033 0.046 0.147 0.011 0.032 0.1 0.047 0.017 0.024 0.034 0.049 0.012 0.016 0.126 0.139 0.05 0.004 0.014 0.031
221 F 0.036 0.019 0.015 0.015 0.012 0.012 0.018 0.022 0.013 0.124 0.195 0.02 0.031 0.259 0.011 0.023 0.028 0.011 0.054 0.083
222 F 0.04 0.018 0.014 0.016 0.013 0.012 0.018 0.021 0.011 0.158 0.185 0.021 0.032 0.199 0.012 0.024 0.031 0.01 0.045 0.12
223 A 0.199 0.03 0.026 0.027 0.016 0.046 0.037 0.153 0.014 0.047 0.121 0.04 0.021 0.024 0.022 0.059 0.039 0.005 0.016 0.057
224 Q 0.059 0.049 0.104 0.046 0.011 0.127 0.062 0.045 0.023 0.038 0.067 0.06 0.057 0.022 0.021 0.096 0.047 0.005 0.018 0.043
225 T 0.081 0.035 0.044 0.039 0.016 0.028 0.041 0.049 0.015 0.041 0.052 0.045 0.017 0.021 0.026 0.163 0.212 0.005 0.016 0.055
226 K 0.053 0.099 0.038 0.038 0.008 0.05 0.066 0.04 0.019 0.026 0.04 0.332 0.014 0.014 0.026 0.05 0.037 0.005 0.016 0.03
227 Y 0.038 0.026 0.02 0.017 0.009 0.02 0.026 0.023 0.043 0.04 0.063 0.029 0.017 0.121 0.014 0.029 0.026 0.026 0.368 0.043
228 G 0.072 0.021 0.036 0.031 0.01 0.018 0.024 0.546 0.012 0.018 0.026 0.031 0.009 0.015 0.018 0.048 0.028 0.005 0.01 0.022
229 Y 0.035 0.023 0.018 0.017 0.009 0.016 0.023 0.023 0.032 0.048 0.08 0.024 0.02 0.246 0.013 0.027 0.025 0.022 0.254 0.046
230 Y 0.038 0.026 0.02 0.017 0.009 0.02 0.026 0.023 0.043 0.04 0.063 0.029 0.017 0.121 0.014 0.029 0.026 0.026 0.368 0.043
231 A 0.223 0.025 0.02 0.023 0.018 0.02 0.03 0.051 0.012 0.11 0.148 0.034 0.026 0.03 0.022 0.056 0.041 0.005 0.018 0.089
232 T 0.067 0.034 0.142 0.128 0.012 0.028 0.049 0.048 0.019 0.035 0.044 0.044 0.014 0.019 0.023 0.072 0.159 0.005 0.015 0.045
233 S 0.088 0.035 0.046 0.041 0.016 0.029 0.044 0.053 0.016 0.036 0.047 0.047 0.016 0.02 0.027 0.201 0.166 0.005 0.016 0.05
234 K 0.047 0.07 0.04 0.115 0.008 0.039 0.061 0.037 0.024 0.028 0.042 0.213 0.014 0.036 0.022 0.045 0.034 0.009 0.085 0.031
235 F 0.031 0.018 0.016 0.016 0.01 0.01 0.018 0.024 0.016 0.059 0.106 0.018 0.024 0.432 0.01 0.024 0.024 0.016 0.082 0.051
236 G 0.084 0.025 0.094 0.036 0.012 0.019 0.027 0.244 0.015 0.113 0.068 0.033 0.017 0.024 0.018 0.047 0.036 0.005 0.014 0.069
237 G 0.063 0.038 0.038 0.045 0.01 0.079 0.106 0.241 0.018 0.026 0.038 0.052 0.013 0.016 0.021 0.057 0.086 0.005 0.014 0.034
238 E 0.049 0.053 0.043 0.146 0.007 0.051 0.239 0.036 0.022 0.022 0.034 0.117 0.012 0.015 0.024 0.05 0.034 0.005 0.014 0.028
239 A 0.285 0.028 0.023 0.028 0.018 0.023 0.037 0.065 0.013 0.037 0.051 0.041 0.015 0.018 0.128 0.071 0.044 0.004 0.015 0.057
240 E 0.05 0.061 0.033 0.052 0.009 0.046 0.169 0.033 0.019 0.083 0.061 0.165 0.017 0.02 0.023 0.045 0.036 0.005 0.016 0.056
241 I 0.043 0.018 0.014 0.016 0.015 0.013 0.017 0.019 0.008 0.281 0.209 0.022 0.036 0.043 0.014 0.023 0.036 0.006 0.019 0.149
242 G 0.066 0.025 0.102 0.04 0.01 0.02 0.028 0.449 0.016 0.018 0.027 0.035 0.009 0.015 0.018 0.051 0.031 0.005 0.011 0.023
243 S 0.088 0.035 0.046 0.041 0.016 0.029 0.044 0.053 0.016 0.036 0.047 0.047 0.016 0.02 0.027 0.201 0.166 0.005 0.016 0.05
244 G 0.072 0.021 0.036 0.031 0.01 0.018 0.024 0.546 0.012 0.018 0.026 0.031 0.009 0.015 0.018 0.048 0.028 0.005 0.01 0.022
245 L 0.054 0.021 0.018 0.018 0.015 0.015 0.02 0.126 0.009 0.133 0.227 0.025 0.033 0.038 0.015 0.03 0.035 0.006 0.018 0.145
246 G 0.072 0.021 0.036 0.031 0.01 0.018 0.024 0.546 0.012 0.018 0.026 0.031 0.009 0.015 0.018 0.048 0.028 0.005 0.01 0.022
247 V 0.065 0.02 0.015 0.016 0.018 0.015 0.022 0.023 0.008 0.152 0.121 0.024 0.029 0.033 0.015 0.03 0.046 0.005 0.019 0.323
248 L 0.043 0.021 0.014 0.015 0.014 0.014 0.019 0.021 0.011 0.104 0.283 0.022 0.037 0.143 0.013 0.024 0.032 0.009 0.036 0.126
249 I 0.045 0.019 0.015 0.017 0.015 0.015 0.018 0.02 0.01 0.279 0.161 0.024 0.072 0.042 0.014 0.025 0.037 0.006 0.02 0.148
250 K 0.053 0.099 0.038 0.038 0.008 0.05 0.066 0.04 0.019 0.026 0.04 0.332 0.014 0.014 0.026 0.05 0.037 0.005 0.016 0.03
251 L 0.11 0.024 0.019 0.02 0.118 0.019 0.025 0.036 0.011 0.094 0.165 0.03 0.065 0.033 0.018 0.045 0.064 0.006 0.018 0.081
252 L 0.04 0.02 0.014 0.015 0.014 0.013 0.018 0.02 0.01 0.141 0.305 0.022 0.039 0.125 0.013 0.023 0.031 0.008 0.033 0.096
253 L 0.046 0.022 0.014 0.015 0.016 0.015 0.019 0.02 0.009 0.116 0.362 0.024 0.043 0.047 0.014 0.024 0.034 0.006 0.02 0.136
254 P 0.053 0.024 0.022 0.029 0.01 0.019 0.034 0.034 0.012 0.024 0.034 0.038 0.01 0.012 0.531 0.041 0.034 0.002 0.012 0.029
255 L 0.132 0.023 0.016 0.019 0.016 0.017 0.024 0.035 0.01 0.13 0.258 0.028 0.035 0.04 0.018 0.039 0.037 0.006 0.019 0.096
256 L 0.045 0.02 0.015 0.016 0.115 0.015 0.019 0.024 0.011 0.125 0.185 0.023 0.068 0.117 0.013 0.028 0.032 0.008 0.031 0.088
257 F 0.104 0.022 0.018 0.019 0.014 0.016 0.024 0.032 0.018 0.123 0.1 0.027 0.024 0.129 0.016 0.037 0.036 0.011 0.101 0.129
258 I 0.047 0.018 0.014 0.016 0.016 0.013 0.018 0.02 0.008 0.247 0.202 0.023 0.035 0.041 0.014 0.024 0.037 0.006 0.019 0.181
259 I 0.049 0.021 0.019 0.02 0.015 0.016 0.022 0.024 0.01 0.182 0.181 0.026 0.032 0.077 0.016 0.036 0.088 0.007 0.025 0.134
260 N 0.053 0.076 0.101 0.041 0.01 0.076 0.05 0.042 0.027 0.031 0.05 0.056 0.016 0.079 0.019 0.091 0.043 0.01 0.093 0.036
261 A 0.246 0.032 0.034 0.035 0.018 0.027 0.042 0.068 0.015 0.035 0.049 0.045 0.016 0.02 0.028 0.158 0.058 0.005 0.016 0.054
262 K 0.059 0.175 0.04 0.037 0.009 0.044 0.057 0.041 0.02 0.025 0.041 0.209 0.014 0.016 0.024 0.093 0.043 0.005 0.016 0.032
263 K 0.047 0.101 0.105 0.054 0.008 0.046 0.115 0.041 0.061 0.023 0.036 0.172 0.013 0.017 0.022 0.051 0.036 0.005 0.019 0.028
264 I 0.042 0.018 0.014 0.016 0.014 0.013 0.017 0.02 0.009 0.233 0.23 0.022 0.037 0.083 0.013 0.023 0.034 0.007 0.026 0.13
265 V 0.052 0.031 0.021 0.022 0.013 0.068 0.037 0.025 0.019 0.095 0.154 0.037 0.028 0.05 0.016 0.033 0.037 0.01 0.089 0.162
266 K 0.062 0.078 0.038 0.038 0.01 0.042 0.057 0.042 0.018 0.056 0.051 0.244 0.016 0.018 0.025 0.093 0.045 0.005 0.016 0.045
267 L 0.065 0.028 0.03 0.028 0.016 0.022 0.031 0.036 0.012 0.093 0.208 0.035 0.03 0.035 0.02 0.112 0.099 0.006 0.018 0.077
268 N 0.042 0.045 0.236 0.06 0.008 0.079 0.054 0.05 0.068 0.024 0.036 0.054 0.013 0.028 0.019 0.056 0.04 0.007 0.055 0.028
269 P 0.053 0.061 0.031 0.035 0.009 0.069 0.056 0.037 0.017 0.025 0.038 0.163 0.013 0.013 0.252 0.046 0.036 0.004 0.015 0.03
270 N 0.044 0.059 0.269 0.065 0.008 0.037 0.052 0.054 0.026 0.022 0.032 0.134 0.012 0.016 0.021 0.06 0.043 0.004 0.015 0.027
271 L 0.049 0.028 0.059 0.027 0.114 0.021 0.029 0.032 0.058 0.052 0.128 0.032 0.022 0.047 0.017 0.045 0.086 0.009 0.09 0.055
272 N 0.052 0.041 0.304 0.071 0.01 0.031 0.046 0.061 0.027 0.022 0.031 0.05 0.011 0.017 0.02 0.107 0.052 0.004 0.015 0.028
273 I 0.044 0.016 0.014 0.016 0.015 0.012 0.016 0.019 0.008 0.325 0.155 0.022 0.034 0.041 0.014 0.023 0.037 0.005 0.019 0.164
274 L 0.047 0.02 0.014 0.015 0.016 0.014 0.018 0.02 0.009 0.203 0.255 0.023 0.038 0.043 0.014 0.024 0.036 0.006 0.02 0.166
275 L 0.078 0.022 0.018 0.019 0.016 0.016 0.023 0.029 0.01 0.179 0.24 0.027 0.035 0.041 0.016 0.054 0.039 0.006 0.019 0.111
276 W 0.037 0.024 0.016 0.016 0.011 0.018 0.023 0.025 0.019 0.059 0.153 0.026 0.063 0.066 0.011 0.025 0.027 0.22 0.108 0.055
277 L 0.043 0.024 0.014 0.015 0.015 0.017 0.02 0.021 0.01 0.104 0.374 0.025 0.081 0.049 0.014 0.025 0.032 0.007 0.021 0.088
278 S 0.102 0.037 0.05 0.045 0.016 0.031 0.049 0.061 0.018 0.028 0.039 0.05 0.015 0.019 0.028 0.278 0.076 0.005 0.016 0.039
279 V 0.055 0.019 0.015 0.016 0.016 0.014 0.02 0.022 0.009 0.173 0.156 0.023 0.031 0.076 0.014 0.028 0.04 0.006 0.026 0.241
280 G 0.152 0.024 0.029 0.028 0.015 0.02 0.029 0.249 0.012 0.054 0.057 0.034 0.016 0.021 0.021 0.057 0.064 0.005 0.014 0.099
281 A 0.21 0.027 0.026 0.027 0.119 0.022 0.034 0.057 0.013 0.049 0.059 0.037 0.017 0.021 0.024 0.105 0.05 0.005 0.016 0.082
282 I 0.05 0.018 0.014 0.016 0.016 0.013 0.018 0.02 0.008 0.273 0.145 0.023 0.033 0.039 0.014 0.025 0.04 0.005 0.019 0.211
283 L 0.083 0.021 0.017 0.018 0.117 0.015 0.021 0.08 0.009 0.087 0.213 0.025 0.03 0.034 0.016 0.035 0.036 0.005 0.017 0.119
284 A 0.343 0.029 0.024 0.028 0.02 0.024 0.038 0.072 0.014 0.04 0.055 0.041 0.016 0.02 0.028 0.079 0.046 0.005 0.016 0.064
285 N 0.052 0.041 0.304 0.071 0.01 0.031 0.046 0.061 0.027 0.022 0.031 0.05 0.011 0.017 0.02 0.107 0.052 0.004 0.015 0.028
286 V 0.111 0.022 0.016 0.018 0.017 0.016 0.023 0.031 0.009 0.155 0.175 0.027 0.031 0.036 0.017 0.037 0.041 0.005 0.019 0.192
287 A 0.226 0.024 0.02 0.023 0.119 0.019 0.029 0.053 0.011 0.097 0.076 0.033 0.02 0.024 0.022 0.059 0.042 0.005 0.016 0.081
288 S 0.102 0.037 0.05 0.045 0.016 0.031 0.049 0.061 0.018 0.028 0.039 0.05 0.015 0.019 0.028 0.278 0.076 0.005 0.016 0.039
289 L 0.05 0.026 0.021 0.02 0.015 0.021 0.025 0.026 0.012 0.133 0.2 0.031 0.109 0.041 0.016 0.04 0.089 0.006 0.02 0.098
290 K 0.048 0.14 0.104 0.045 0.008 0.09 0.064 0.042 0.023 0.024 0.039 0.182 0.014 0.015 0.022 0.051 0.038 0.005 0.016 0.029
291 I 0.044 0.016 0.014 0.016 0.015 0.012 0.016 0.019 0.008 0.325 0.155 0.022 0.034 0.041 0.014 0.023 0.037 0.005 0.019 0.164
292 H 0.039 0.042 0.049 0.035 0.007 0.035 0.049 0.035 0.403 0.021 0.035 0.042 0.014 0.028 0.018 0.039 0.025 0.007 0.053 0.021
293 I 0.045 0.017 0.014 0.016 0.015 0.012 0.017 0.019 0.008 0.316 0.154 0.022 0.034 0.041 0.014 0.024 0.037 0.005 0.019 0.172
294 F 0.031 0.018 0.016 0.016 0.01 0.01 0.018 0.024 0.016 0.059 0.106 0.018 0.024 0.432 0.01 0.024 0.024 0.016 0.082 0.051
295 N 0.064 0.04 0.241 0.064 0.011 0.031 0.047 0.061 0.025 0.023 0.033 0.05 0.012 0.018 0.022 0.15 0.058 0.004 0.015 0.031
296 R 0.041 0.394 0.036 0.029 0.007 0.045 0.048 0.03 0.022 0.022 0.043 0.111 0.014 0.016 0.018 0.041 0.032 0.005 0.016 0.029
297 L 0.055 0.021 0.014 0.016 0.017 0.015 0.02 0.022 0.008 0.134 0.241 0.024 0.036 0.04 0.014 0.027 0.04 0.006 0.02 0.229
298 A 0.246 0.032 0.034 0.035 0.018 0.027 0.042 0.068 0.015 0.035 0.049 0.045 0.016 0.02 0.028 0.158 0.058 0.005 0.016 0.054
299 D 0.038 0.028 0.064 0.442 0.007 0.028 0.085 0.043 0.017 0.021 0.026 0.041 0.009 0.014 0.021 0.048 0.033 0.003 0.01 0.022
300 I 0.047 0.018 0.014 0.016 0.016 0.013 0.018 0.02 0.008 0.247 0.202 0.023 0.035 0.041 0.014 0.024 0.037 0.006 0.019 0.181
301 F 0.031 0.018 0.016 0.016 0.01 0.01 0.018 0.024 0.016 0.059 0.106 0.018 0.024 0.432 0.01 0.024 0.024 0.016 0.082 0.051
302 L 0.055 0.025 0.022 0.022 0.015 0.02 0.025 0.029 0.012 0.154 0.217 0.03 0.071 0.04 0.017 0.076 0.043 0.006 0.02 0.101
303 F 0.031 0.018 0.016 0.016 0.01 0.01 0.018 0.024 0.016 0.059 0.106 0.018 0.024 0.432 0.01 0.024 0.024 0.016 0.082 0.051
304 L 0.051 0.022 0.014 0.015 0.016 0.015 0.02 0.021 0.009 0.125 0.301 0.024 0.039 0.044 0.014 0.026 0.037 0.006 0.02 0.183
305 P 0.07 0.033 0.102 0.045 0.012 0.026 0.042 0.05 0.018 0.025 0.035 0.045 0.012 0.016 0.227 0.14 0.053 0.004 0.014 0.032
306 F 0.035 0.02 0.016 0.016 0.011 0.013 0.019 0.023 0.02 0.065 0.16 0.021 0.027 0.294 0.011 0.024 0.025 0.016 0.127 0.057
307 L 0.046 0.023 0.015 0.016 0.015 0.018 0.021 0.022 0.011 0.151 0.267 0.026 0.095 0.045 0.014 0.027 0.035 0.006 0.021 0.126
308 G 0.097 0.025 0.027 0.026 0.016 0.02 0.028 0.14 0.012 0.08 0.139 0.032 0.024 0.029 0.019 0.087 0.045 0.005 0.017 0.133
309 G 0.065 0.025 0.03 0.027 0.015 0.02 0.028 0.135 0.011 0.118 0.083 0.033 0.022 0.026 0.02 0.064 0.132 0.005 0.016 0.127
310 P 0.065 0.028 0.031 0.033 0.012 0.023 0.037 0.04 0.013 0.03 0.04 0.041 0.012 0.015 0.329 0.097 0.096 0.004 0.014 0.038
311 Y 0.039 0.023 0.017 0.016 0.011 0.018 0.023 0.022 0.029 0.111 0.154 0.026 0.026 0.091 0.014 0.026 0.029 0.018 0.229 0.076
312 L 0.044 0.02 0.014 0.015 0.015 0.014 0.018 0.02 0.009 0.177 0.312 0.023 0.041 0.046 0.014 0.023 0.034 0.006 0.02 0.135
313 L 0.044 0.021 0.014 0.016 0.015 0.016 0.019 0.021 0.01 0.191 0.267 0.025 0.077 0.046 0.014 0.025 0.035 0.006 0.02 0.118
314 N 0.049 0.107 0.148 0.044 0.011 0.031 0.039 0.043 0.021 0.046 0.104 0.056 0.058 0.026 0.018 0.072 0.056 0.005 0.017 0.048
315 S 0.086 0.04 0.045 0.042 0.013 0.077 0.053 0.154 0.019 0.025 0.037 0.053 0.014 0.017 0.024 0.186 0.059 0.005 0.016 0.034
316 F 0.036 0.018 0.015 0.015 0.012 0.011 0.018 0.022 0.013 0.122 0.179 0.02 0.03 0.278 0.011 0.023 0.028 0.012 0.057 0.081
317 S 0.071 0.057 0.045 0.091 0.011 0.042 0.117 0.047 0.019 0.025 0.037 0.138 0.013 0.016 0.026 0.141 0.051 0.005 0.015 0.033
318 K 0.052 0.096 0.1 0.041 0.01 0.037 0.049 0.041 0.019 0.041 0.114 0.163 0.02 0.023 0.021 0.069 0.041 0.005 0.017 0.042
319 K 0.05 0.131 0.099 0.04 0.01 0.038 0.049 0.039 0.019 0.049 0.055 0.17 0.017 0.019 0.021 0.047 0.039 0.005 0.016 0.088
320 V 0.112 0.02 0.016 0.019 0.017 0.016 0.023 0.031 0.009 0.199 0.121 0.027 0.029 0.034 0.017 0.037 0.042 0.005 0.019 0.207
