#Seq2Logo.py -f /work3/idamei/ssn-clusterings/clustering/2205111339/clusters/0048_7/sequences.afa -o /work3/idamei/ssn-clusterings/clustering/2205111339/clusters/0048_7/sequences.logo
#Position Specific Frequency Matrix
A R N D C Q E G H I L K M F P S T W Y V
0 L 0.05 0.031 0.019 0.019 0.016 0.027 0.027 0.027 0.016 0.097 0.19 0.035 0.189 0.047 0.016 0.035 0.039 0.008 0.023 0.089
1 T 0.095 0.035 0.042 0.037 0.018 0.027 0.039 0.047 0.014 0.052 0.064 0.045 0.019 0.023 0.028 0.092 0.228 0.006 0.018 0.071
2 I 0.054 0.019 0.015 0.018 0.017 0.014 0.019 0.022 0.009 0.24 0.156 0.024 0.035 0.042 0.015 0.027 0.043 0.006 0.021 0.204
3 V 0.07 0.022 0.016 0.018 0.019 0.016 0.023 0.025 0.008 0.164 0.13 0.026 0.032 0.036 0.016 0.033 0.049 0.005 0.021 0.27
4 K 0.051 0.064 0.096 0.042 0.011 0.037 0.049 0.041 0.019 0.064 0.108 0.154 0.029 0.025 0.022 0.051 0.057 0.005 0.018 0.057
5 D 0.052 0.049 0.081 0.098 0.011 0.063 0.076 0.041 0.021 0.073 0.077 0.087 0.041 0.024 0.021 0.06 0.042 0.005 0.018 0.059
6 D 0.061 0.051 0.067 0.103 0.011 0.066 0.082 0.045 0.022 0.052 0.075 0.092 0.019 0.022 0.023 0.09 0.047 0.005 0.017 0.048
7 L 0.073 0.086 0.035 0.032 0.015 0.03 0.041 0.042 0.016 0.081 0.119 0.07 0.024 0.029 0.022 0.113 0.054 0.006 0.018 0.095
8 K 0.047 0.065 0.102 0.043 0.009 0.036 0.05 0.042 0.021 0.038 0.059 0.156 0.017 0.118 0.021 0.05 0.044 0.008 0.035 0.039
9 N 0.055 0.047 0.128 0.052 0.012 0.033 0.064 0.045 0.02 0.071 0.063 0.085 0.019 0.023 0.023 0.065 0.111 0.005 0.017 0.062
10 K 0.06 0.07 0.034 0.034 0.012 0.038 0.051 0.039 0.017 0.054 0.15 0.175 0.025 0.028 0.023 0.071 0.043 0.006 0.018 0.052
11 E 0.051 0.043 0.035 0.072 0.008 0.053 0.246 0.032 0.027 0.045 0.051 0.063 0.015 0.035 0.023 0.048 0.035 0.009 0.066 0.044
12 L 0.046 0.021 0.015 0.017 0.016 0.015 0.019 0.021 0.009 0.192 0.271 0.025 0.043 0.05 0.015 0.025 0.037 0.007 0.022 0.137
13 C 0.064 0.027 0.038 0.101 0.201 0.022 0.041 0.04 0.013 0.044 0.058 0.035 0.016 0.021 0.022 0.064 0.119 0.005 0.014 0.056
14 K 0.049 0.071 0.123 0.049 0.009 0.069 0.061 0.045 0.028 0.027 0.043 0.16 0.015 0.032 0.022 0.054 0.04 0.008 0.063 0.033
15 L 0.043 0.02 0.015 0.016 0.014 0.014 0.019 0.021 0.013 0.189 0.215 0.023 0.036 0.105 0.014 0.025 0.034 0.009 0.053 0.123
16 F 0.037 0.023 0.04 0.021 0.011 0.016 0.023 0.027 0.025 0.061 0.133 0.025 0.025 0.248 0.013 0.029 0.028 0.017 0.143 0.055
17 C 0.054 0.019 0.015 0.016 0.292 0.014 0.018 0.027 0.011 0.068 0.18 0.022 0.027 0.039 0.015 0.033 0.034 0.007 0.039 0.068
18 L 0.087 0.025 0.022 0.022 0.018 0.019 0.026 0.073 0.016 0.097 0.102 0.031 0.046 0.082 0.017 0.043 0.052 0.086 0.057 0.079
19 V 0.084 0.027 0.026 0.025 0.018 0.021 0.03 0.035 0.011 0.103 0.138 0.034 0.028 0.032 0.021 0.057 0.129 0.006 0.019 0.157
20 Y 0.039 0.025 0.019 0.017 0.01 0.019 0.025 0.024 0.036 0.056 0.122 0.028 0.024 0.159 0.014 0.029 0.028 0.023 0.249 0.054
21 F 0.033 0.019 0.016 0.016 0.01 0.01 0.019 0.025 0.016 0.062 0.111 0.019 0.025 0.402 0.01 0.025 0.025 0.016 0.087 0.054
22 I 0.053 0.019 0.015 0.017 0.017 0.014 0.019 0.021 0.008 0.245 0.152 0.024 0.034 0.04 0.015 0.027 0.042 0.006 0.02 0.211
23 W 0.03 0.022 0.015 0.015 0.007 0.015 0.022 0.03 0.015 0.03 0.052 0.022 0.015 0.059 0.007 0.022 0.022 0.505 0.067 0.03
24 G 0.073 0.021 0.031 0.028 0.087 0.017 0.023 0.371 0.012 0.044 0.048 0.03 0.013 0.019 0.018 0.046 0.033 0.005 0.012 0.068
25 L 0.044 0.022 0.014 0.015 0.015 0.015 0.02 0.022 0.011 0.123 0.308 0.024 0.042 0.105 0.014 0.025 0.033 0.008 0.032 0.11
26 F 0.041 0.021 0.016 0.016 0.012 0.014 0.021 0.026 0.016 0.077 0.098 0.022 0.023 0.213 0.011 0.026 0.03 0.128 0.085 0.103
27 L 0.103 0.034 0.026 0.027 0.016 0.054 0.04 0.039 0.015 0.087 0.179 0.043 0.042 0.034 0.021 0.053 0.08 0.006 0.02 0.082
28 Q 0.081 0.06 0.045 0.073 0.011 0.172 0.087 0.047 0.025 0.027 0.045 0.077 0.018 0.016 0.024 0.084 0.046 0.005 0.019 0.037
29 L 0.044 0.021 0.015 0.017 0.015 0.015 0.02 0.021 0.015 0.197 0.218 0.025 0.037 0.059 0.014 0.025 0.035 0.009 0.069 0.129
30 L 0.039 0.022 0.016 0.016 0.013 0.013 0.02 0.023 0.014 0.09 0.244 0.022 0.038 0.219 0.012 0.025 0.03 0.012 0.056 0.076
31 V 0.054 0.041 0.098 0.041 0.013 0.087 0.052 0.038 0.02 0.107 0.085 0.051 0.024 0.026 0.019 0.046 0.044 0.005 0.019 0.131
32 N 0.051 0.035 0.147 0.048 0.013 0.027 0.038 0.044 0.025 0.048 0.102 0.042 0.02 0.042 0.02 0.062 0.109 0.009 0.066 0.053
33 T 0.074 0.035 0.043 0.037 0.017 0.027 0.039 0.044 0.014 0.05 0.062 0.045 0.019 0.023 0.027 0.102 0.251 0.006 0.017 0.067
34 V 0.062 0.03 0.102 0.038 0.016 0.023 0.033 0.039 0.015 0.099 0.087 0.037 0.023 0.028 0.02 0.055 0.101 0.005 0.018 0.168
35 V 0.053 0.028 0.076 0.029 0.013 0.021 0.029 0.031 0.026 0.093 0.088 0.032 0.023 0.065 0.016 0.038 0.041 0.013 0.133 0.152
36 N 0.052 0.038 0.226 0.064 0.011 0.029 0.043 0.057 0.026 0.03 0.047 0.047 0.014 0.086 0.02 0.092 0.05 0.007 0.028 0.034
37 I 0.075 0.021 0.018 0.021 0.017 0.016 0.023 0.029 0.01 0.227 0.14 0.027 0.032 0.038 0.017 0.047 0.044 0.006 0.02 0.174
38 K 0.05 0.168 0.085 0.044 0.008 0.076 0.065 0.042 0.024 0.025 0.042 0.172 0.015 0.016 0.023 0.052 0.039 0.005 0.017 0.031
39 L 0.045 0.024 0.065 0.026 0.014 0.017 0.024 0.029 0.015 0.106 0.178 0.027 0.031 0.151 0.014 0.033 0.036 0.009 0.04 0.116
40 P 0.053 0.041 0.035 0.082 0.009 0.032 0.095 0.115 0.017 0.029 0.046 0.082 0.013 0.075 0.133 0.046 0.033 0.006 0.025 0.032
41 G 0.049 0.076 0.075 0.034 0.01 0.022 0.03 0.183 0.019 0.036 0.063 0.043 0.016 0.165 0.016 0.042 0.031 0.01 0.042 0.037
42 F 0.046 0.101 0.031 0.038 0.009 0.053 0.088 0.033 0.021 0.042 0.076 0.113 0.031 0.133 0.019 0.042 0.034 0.009 0.038 0.043
43 L 0.068 0.04 0.036 0.042 0.014 0.062 0.088 0.04 0.018 0.06 0.131 0.052 0.025 0.028 0.023 0.094 0.082 0.006 0.019 0.074
44 G 0.104 0.039 0.044 0.04 0.015 0.059 0.05 0.164 0.018 0.031 0.044 0.051 0.015 0.02 0.025 0.129 0.088 0.005 0.016 0.043
45 L 0.045 0.02 0.014 0.016 0.016 0.014 0.018 0.02 0.009 0.225 0.243 0.024 0.04 0.05 0.014 0.024 0.037 0.006 0.021 0.144
46 G 0.072 0.028 0.035 0.031 0.013 0.022 0.032 0.217 0.02 0.043 0.105 0.036 0.02 0.044 0.02 0.093 0.043 0.009 0.072 0.045
47 R 0.089 0.136 0.032 0.03 0.011 0.062 0.048 0.04 0.025 0.036 0.061 0.068 0.018 0.094 0.02 0.061 0.038 0.011 0.077 0.043
48 I 0.044 0.021 0.016 0.017 0.014 0.015 0.02 0.022 0.016 0.179 0.177 0.024 0.034 0.113 0.014 0.029 0.035 0.011 0.079 0.118
49 L 0.069 0.023 0.016 0.017 0.017 0.017 0.022 0.026 0.01 0.155 0.254 0.027 0.05 0.045 0.016 0.031 0.038 0.006 0.021 0.141
50 N 0.051 0.036 0.191 0.054 0.013 0.027 0.038 0.048 0.021 0.062 0.105 0.043 0.021 0.026 0.019 0.059 0.079 0.005 0.017 0.083
51 A 0.119 0.027 0.026 0.026 0.016 0.021 0.03 0.116 0.018 0.073 0.097 0.035 0.022 0.041 0.021 0.056 0.075 0.009 0.062 0.11
52 F 0.079 0.021 0.018 0.019 0.017 0.014 0.022 0.067 0.014 0.096 0.146 0.025 0.027 0.215 0.015 0.035 0.032 0.011 0.051 0.076
53 L 0.118 0.028 0.026 0.027 0.018 0.022 0.032 0.043 0.013 0.108 0.139 0.036 0.038 0.033 0.022 0.079 0.079 0.006 0.019 0.116
54 I 0.047 0.018 0.014 0.017 0.016 0.014 0.018 0.02 0.009 0.255 0.196 0.023 0.037 0.044 0.014 0.025 0.038 0.006 0.02 0.168
55 L 0.083 0.024 0.021 0.021 0.015 0.018 0.024 0.109 0.012 0.096 0.151 0.029 0.05 0.094 0.016 0.038 0.037 0.008 0.029 0.126
56 L 0.07 0.026 0.027 0.026 0.016 0.021 0.028 0.104 0.012 0.111 0.166 0.033 0.046 0.035 0.019 0.078 0.046 0.006 0.019 0.111
57 L 0.049 0.024 0.017 0.018 0.015 0.019 0.023 0.024 0.016 0.131 0.199 0.029 0.066 0.055 0.05 0.03 0.037 0.009 0.066 0.123
58 F 0.084 0.023 0.022 0.048 0.014 0.017 0.028 0.034 0.013 0.09 0.162 0.028 0.029 0.168 0.016 0.039 0.045 0.01 0.043 0.088
59 F 0.066 0.022 0.039 0.022 0.014 0.015 0.023 0.03 0.013 0.134 0.117 0.026 0.027 0.167 0.015 0.034 0.038 0.009 0.043 0.145
60 L 0.048 0.048 0.024 0.028 0.047 0.03 0.056 0.029 0.019 0.067 0.198 0.106 0.03 0.048 0.019 0.036 0.034 0.009 0.064 0.062
61 L 0.046 0.03 0.026 0.065 0.012 0.03 0.109 0.027 0.019 0.122 0.153 0.04 0.027 0.048 0.018 0.035 0.035 0.009 0.064 0.086
62 L 0.047 0.022 0.014 0.015 0.016 0.015 0.02 0.021 0.009 0.144 0.319 0.024 0.044 0.053 0.014 0.025 0.035 0.007 0.022 0.132
63 L 0.067 0.023 0.018 0.019 0.015 0.017 0.023 0.029 0.012 0.134 0.239 0.027 0.042 0.096 0.016 0.044 0.038 0.008 0.03 0.104
64 N 0.066 0.035 0.118 0.045 0.014 0.027 0.039 0.048 0.023 0.055 0.081 0.043 0.019 0.039 0.021 0.106 0.07 0.008 0.063 0.079
65 F 0.039 0.022 0.016 0.016 0.013 0.015 0.02 0.024 0.014 0.081 0.21 0.023 0.055 0.214 0.012 0.026 0.029 0.047 0.055 0.07
66 A 0.125 0.052 0.037 0.037 0.014 0.033 0.049 0.054 0.017 0.049 0.053 0.117 0.016 0.02 0.085 0.114 0.053 0.005 0.017 0.052
67 E 0.048 0.056 0.127 0.083 0.009 0.043 0.145 0.044 0.023 0.061 0.053 0.087 0.016 0.02 0.022 0.053 0.04 0.005 0.016 0.049
68 R 0.052 0.112 0.038 0.075 0.012 0.076 0.056 0.035 0.019 0.069 0.099 0.066 0.022 0.024 0.021 0.055 0.084 0.006 0.018 0.061
69 L 0.054 0.041 0.022 0.025 0.013 0.025 0.034 0.029 0.012 0.102 0.153 0.089 0.027 0.031 0.127 0.036 0.038 0.005 0.018 0.117
70 N 0.059 0.045 0.127 0.055 0.011 0.074 0.081 0.048 0.034 0.053 0.053 0.057 0.017 0.029 0.022 0.09 0.048 0.007 0.045 0.047
71 Y 0.04 0.066 0.119 0.039 0.009 0.028 0.037 0.037 0.051 0.033 0.053 0.046 0.016 0.08 0.017 0.043 0.034 0.017 0.198 0.037
72 F 0.065 0.032 0.034 0.032 0.013 0.042 0.04 0.042 0.019 0.045 0.076 0.039 0.02 0.212 0.019 0.115 0.048 0.011 0.052 0.046
73 R 0.045 0.145 0.084 0.055 0.008 0.044 0.134 0.037 0.024 0.03 0.051 0.076 0.015 0.081 0.02 0.048 0.035 0.007 0.028 0.034
74 V 0.073 0.021 0.017 0.018 0.016 0.015 0.023 0.028 0.013 0.115 0.114 0.025 0.027 0.151 0.015 0.033 0.04 0.01 0.057 0.189
75 R 0.053 0.131 0.081 0.043 0.009 0.037 0.065 0.041 0.076 0.026 0.043 0.067 0.014 0.035 0.055 0.074 0.041 0.008 0.068 0.032
76 T 0.073 0.036 0.043 0.038 0.018 0.028 0.039 0.043 0.014 0.053 0.065 0.045 0.02 0.024 0.028 0.093 0.246 0.006 0.018 0.071
77 T 0.073 0.036 0.043 0.038 0.018 0.028 0.039 0.043 0.014 0.053 0.065 0.045 0.02 0.024 0.028 0.093 0.246 0.006 0.018 0.071
78 A 0.29 0.031 0.026 0.03 0.022 0.026 0.04 0.078 0.015 0.043 0.059 0.045 0.018 0.022 0.03 0.085 0.05 0.005 0.018 0.069
79 I 0.047 0.018 0.015 0.018 0.016 0.013 0.018 0.021 0.009 0.271 0.168 0.024 0.037 0.044 0.015 0.025 0.04 0.006 0.021 0.177
80 T 0.073 0.036 0.043 0.038 0.018 0.028 0.039 0.043 0.014 0.053 0.065 0.045 0.02 0.024 0.028 0.093 0.246 0.006 0.018 0.071
81 S 0.11 0.04 0.054 0.049 0.018 0.033 0.052 0.066 0.019 0.03 0.042 0.054 0.016 0.021 0.03 0.22 0.082 0.005 0.018 0.042
82 D 0.041 0.03 0.069 0.397 0.008 0.03 0.091 0.047 0.019 0.022 0.028 0.045 0.009 0.015 0.022 0.052 0.035 0.004 0.011 0.024
83 L 0.045 0.024 0.014 0.015 0.016 0.016 0.02 0.021 0.01 0.115 0.375 0.025 0.05 0.055 0.014 0.024 0.033 0.007 0.022 0.096
84 V 0.07 0.022 0.016 0.018 0.019 0.016 0.023 0.025 0.008 0.165 0.13 0.026 0.032 0.036 0.016 0.033 0.049 0.006 0.021 0.269
85 P 0.057 0.026 0.023 0.031 0.01 0.021 0.036 0.036 0.013 0.026 0.036 0.041 0.01 0.013 0.494 0.044 0.036 0.003 0.013 0.031
86 F 0.034 0.019 0.017 0.017 0.011 0.011 0.019 0.025 0.017 0.063 0.114 0.019 0.025 0.387 0.011 0.025 0.025 0.017 0.089 0.055
87 V 0.07 0.022 0.016 0.018 0.019 0.016 0.023 0.025 0.008 0.165 0.13 0.026 0.032 0.036 0.016 0.033 0.049 0.006 0.021 0.269
88 S 0.11 0.04 0.054 0.049 0.018 0.033 0.052 0.066 0.019 0.03 0.042 0.054 0.016 0.021 0.03 0.22 0.082 0.005 0.018 0.042
89 G 0.078 0.023 0.039 0.034 0.011 0.019 0.026 0.51 0.014 0.019 0.028 0.034 0.009 0.016 0.019 0.051 0.03 0.005 0.011 0.024
90 N 0.043 0.045 0.317 0.083 0.009 0.034 0.049 0.065 0.032 0.022 0.032 0.054 0.011 0.018 0.02 0.07 0.049 0.004 0.016 0.027
91 S 0.11 0.04 0.054 0.049 0.018 0.033 0.052 0.066 0.019 0.03 0.042 0.054 0.016 0.021 0.03 0.22 0.082 0.005 0.018 0.042
92 N 0.043 0.045 0.317 0.083 0.009 0.034 0.049 0.065 0.032 0.022 0.032 0.054 0.011 0.018 0.02 0.07 0.049 0.004 0.016 0.027
93 Y 0.04 0.028 0.022 0.019 0.009 0.022 0.028 0.025 0.047 0.044 0.068 0.031 0.019 0.131 0.016 0.031 0.028 0.028 0.318 0.047
94 E 0.055 0.05 0.04 0.09 0.007 0.064 0.296 0.035 0.026 0.022 0.037 0.076 0.013 0.017 0.026 0.055 0.037 0.006 0.017 0.031
95 L 0.045 0.024 0.014 0.015 0.016 0.016 0.02 0.021 0.01 0.115 0.375 0.025 0.05 0.055 0.014 0.024 0.033 0.007 0.022 0.096
96 L 0.049 0.032 0.018 0.02 0.014 0.02 0.027 0.025 0.011 0.151 0.172 0.063 0.032 0.066 0.015 0.03 0.037 0.048 0.028 0.141
97 K 0.048 0.057 0.038 0.099 0.008 0.073 0.069 0.039 0.019 0.026 0.041 0.123 0.014 0.022 0.102 0.046 0.035 0.088 0.024 0.03
98 N 0.052 0.051 0.143 0.119 0.009 0.054 0.078 0.129 0.023 0.022 0.033 0.094 0.012 0.016 0.022 0.058 0.039 0.005 0.014 0.027
99 L 0.046 0.02 0.015 0.016 0.015 0.014 0.019 0.022 0.01 0.172 0.225 0.023 0.037 0.105 0.014 0.025 0.036 0.008 0.032 0.146
100 I 0.064 0.021 0.017 0.019 0.015 0.015 0.021 0.027 0.011 0.196 0.189 0.026 0.034 0.088 0.015 0.042 0.039 0.007 0.028 0.126
101 L 0.059 0.024 0.023 0.022 0.075 0.018 0.025 0.091 0.015 0.096 0.176 0.029 0.029 0.047 0.017 0.058 0.039 0.008 0.058 0.091
102 L 0.053 0.023 0.016 0.016 0.015 0.016 0.021 0.024 0.011 0.107 0.266 0.025 0.058 0.11 0.014 0.028 0.035 0.008 0.033 0.119
103 I 0.058 0.02 0.021 0.021 0.015 0.015 0.021 0.148 0.01 0.179 0.133 0.026 0.029 0.034 0.016 0.034 0.043 0.006 0.018 0.152
104 L 0.058 0.022 0.015 0.016 0.017 0.016 0.021 0.026 0.009 0.144 0.284 0.025 0.041 0.046 0.015 0.028 0.038 0.006 0.021 0.154
105 F 0.033 0.018 0.016 0.016 0.01 0.01 0.018 0.024 0.016 0.062 0.114 0.018 0.025 0.403 0.01 0.025 0.025 0.016 0.085 0.054
106 L 0.08 0.024 0.017 0.018 0.016 0.016 0.023 0.03 0.011 0.101 0.248 0.027 0.036 0.105 0.016 0.036 0.048 0.008 0.031 0.108
107 L 0.052 0.021 0.019 0.019 0.014 0.016 0.021 0.085 0.015 0.132 0.159 0.025 0.03 0.096 0.015 0.03 0.035 0.01 0.068 0.138
108 L 0.067 0.025 0.022 0.022 0.077 0.019 0.026 0.032 0.011 0.092 0.235 0.03 0.034 0.039 0.018 0.068 0.055 0.006 0.019 0.105
109 G 0.064 0.025 0.027 0.026 0.015 0.02 0.026 0.155 0.012 0.121 0.138 0.032 0.046 0.033 0.018 0.064 0.056 0.006 0.018 0.099
110 L 0.05 0.021 0.015 0.017 0.016 0.015 0.02 0.022 0.009 0.177 0.236 0.024 0.038 0.063 0.014 0.029 0.038 0.007 0.024 0.165
111 I 0.053 0.033 0.024 0.024 0.013 0.022 0.03 0.029 0.02 0.165 0.108 0.063 0.026 0.057 0.018 0.057 0.041 0.011 0.099 0.106
112 L 0.056 0.025 0.024 0.023 0.015 0.019 0.027 0.03 0.016 0.108 0.17 0.03 0.03 0.095 0.017 0.062 0.069 0.01 0.068 0.107
113 A 0.116 0.03 0.033 0.031 0.017 0.024 0.036 0.048 0.015 0.08 0.089 0.039 0.041 0.075 0.023 0.115 0.081 0.007 0.027 0.073
114 K 0.056 0.106 0.033 0.032 0.011 0.038 0.049 0.096 0.017 0.052 0.095 0.176 0.02 0.022 0.022 0.044 0.037 0.005 0.017 0.071
115 N 0.041 0.044 0.214 0.061 0.008 0.034 0.049 0.052 0.182 0.022 0.033 0.049 0.013 0.023 0.019 0.056 0.038 0.006 0.033 0.024
116 Q 0.056 0.091 0.076 0.05 0.01 0.114 0.098 0.041 0.024 0.058 0.056 0.073 0.019 0.019 0.022 0.075 0.044 0.005 0.018 0.05
117 D 0.083 0.031 0.075 0.123 0.012 0.026 0.054 0.045 0.025 0.064 0.06 0.04 0.017 0.048 0.021 0.073 0.042 0.01 0.097 0.055
118 G 0.073 0.023 0.036 0.032 0.01 0.019 0.026 0.456 0.013 0.019 0.028 0.034 0.009 0.015 0.089 0.049 0.03 0.005 0.011 0.024
119 L 0.044 0.023 0.016 0.017 0.015 0.015 0.02 0.022 0.011 0.126 0.306 0.025 0.043 0.094 0.014 0.028 0.047 0.008 0.029 0.097
120 I 0.087 0.025 0.024 0.025 0.016 0.019 0.028 0.035 0.011 0.141 0.119 0.034 0.025 0.03 0.106 0.052 0.097 0.005 0.018 0.102
121 F 0.053 0.026 0.034 0.072 0.011 0.019 0.036 0.037 0.021 0.046 0.077 0.031 0.019 0.226 0.017 0.084 0.04 0.013 0.091 0.045
122 L 0.045 0.021 0.015 0.016 0.015 0.014 0.019 0.021 0.01 0.151 0.275 0.023 0.04 0.093 0.014 0.025 0.035 0.008 0.029 0.13
123 A 0.166 0.033 0.072 0.039 0.078 0.026 0.04 0.061 0.016 0.037 0.051 0.044 0.016 0.02 0.026 0.117 0.082 0.005 0.016 0.054
124 A 0.154 0.031 0.035 0.033 0.018 0.025 0.037 0.115 0.014 0.053 0.06 0.041 0.018 0.022 0.025 0.104 0.107 0.005 0.017 0.085
125 F 0.039 0.023 0.017 0.017 0.012 0.016 0.022 0.024 0.022 0.097 0.152 0.025 0.048 0.202 0.013 0.027 0.03 0.015 0.125 0.075
126 L 0.085 0.025 0.02 0.021 0.016 0.018 0.026 0.033 0.011 0.115 0.279 0.03 0.038 0.046 0.018 0.059 0.041 0.006 0.021 0.093
127 L 0.041 0.023 0.015 0.016 0.014 0.016 0.02 0.022 0.012 0.097 0.299 0.024 0.06 0.141 0.013 0.025 0.031 0.009 0.038 0.083
128 V 0.087 0.021 0.016 0.018 0.017 0.016 0.022 0.028 0.009 0.19 0.165 0.026 0.033 0.038 0.017 0.034 0.042 0.006 0.02 0.194
129 L 0.047 0.021 0.016 0.017 0.015 0.015 0.02 0.022 0.014 0.163 0.196 0.024 0.034 0.1 0.014 0.026 0.035 0.01 0.069 0.144
130 L 0.076 0.029 0.03 0.028 0.078 0.023 0.032 0.04 0.013 0.082 0.128 0.036 0.045 0.031 0.02 0.113 0.055 0.006 0.018 0.118
131 A 0.228 0.029 0.029 0.03 0.019 0.024 0.037 0.124 0.014 0.052 0.06 0.041 0.017 0.022 0.026 0.092 0.05 0.005 0.016 0.086
132 G 0.058 0.172 0.038 0.033 0.009 0.037 0.045 0.22 0.018 0.022 0.038 0.131 0.013 0.016 0.021 0.048 0.033 0.005 0.014 0.028
133 N 0.045 0.039 0.234 0.159 0.009 0.031 0.057 0.056 0.025 0.025 0.034 0.049 0.011 0.017 0.021 0.066 0.072 0.004 0.014 0.031
134 F 0.046 0.019 0.015 0.017 0.014 0.013 0.019 0.023 0.011 0.174 0.134 0.022 0.03 0.177 0.013 0.026 0.036 0.01 0.045 0.157
135 D 0.055 0.035 0.12 0.148 0.01 0.03 0.069 0.049 0.024 0.026 0.037 0.047 0.012 0.03 0.083 0.088 0.045 0.007 0.055 0.031
136 F 0.036 0.018 0.016 0.017 0.012 0.011 0.018 0.023 0.014 0.12 0.123 0.019 0.027 0.316 0.011 0.024 0.028 0.014 0.069 0.083
137 K 0.047 0.082 0.113 0.079 0.008 0.042 0.104 0.043 0.023 0.028 0.046 0.132 0.014 0.065 0.022 0.052 0.038 0.006 0.024 0.032
138 K 0.056 0.069 0.079 0.09 0.01 0.039 0.06 0.045 0.02 0.036 0.083 0.172 0.018 0.021 0.024 0.074 0.043 0.005 0.016 0.039
139 I 0.055 0.021 0.018 0.019 0.017 0.016 0.022 0.024 0.009 0.199 0.168 0.026 0.033 0.039 0.016 0.035 0.07 0.006 0.02 0.187
140 L 0.043 0.023 0.014 0.015 0.016 0.015 0.019 0.02 0.01 0.135 0.367 0.024 0.046 0.052 0.014 0.024 0.033 0.007 0.021 0.103
141 K 0.058 0.093 0.04 0.039 0.009 0.048 0.064 0.099 0.019 0.026 0.04 0.269 0.014 0.015 0.026 0.052 0.037 0.005 0.016 0.031
142 T 0.082 0.03 0.034 0.031 0.017 0.023 0.034 0.039 0.012 0.095 0.083 0.039 0.022 0.027 0.024 0.074 0.201 0.006 0.018 0.109
143 F 0.033 0.019 0.017 0.017 0.01 0.012 0.019 0.024 0.02 0.059 0.105 0.02 0.024 0.372 0.011 0.025 0.025 0.018 0.118 0.052
144 L 0.055 0.024 0.022 0.022 0.016 0.018 0.025 0.028 0.011 0.163 0.222 0.03 0.036 0.041 0.017 0.06 0.07 0.006 0.02 0.113
145 L 0.047 0.023 0.02 0.019 0.074 0.017 0.024 0.026 0.06 0.125 0.145 0.026 0.028 0.074 0.014 0.029 0.033 0.041 0.071 0.104
146 F 0.123 0.022 0.019 0.02 0.014 0.015 0.025 0.04 0.015 0.061 0.095 0.026 0.023 0.263 0.016 0.043 0.033 0.012 0.06 0.072
147 T 0.08 0.036 0.042 0.044 0.016 0.032 0.076 0.047 0.016 0.061 0.061 0.048 0.019 0.023 0.026 0.136 0.142 0.005 0.017 0.074
148 G 0.1 0.026 0.031 0.03 0.015 0.021 0.031 0.165 0.014 0.076 0.108 0.035 0.022 0.074 0.02 0.093 0.045 0.007 0.025 0.064
149 L 0.047 0.022 0.016 0.018 0.016 0.015 0.02 0.022 0.01 0.187 0.269 0.025 0.04 0.046 0.015 0.031 0.051 0.006 0.02 0.125
150 L 0.059 0.025 0.022 0.021 0.017 0.018 0.025 0.027 0.01 0.137 0.182 0.029 0.033 0.037 0.018 0.043 0.099 0.006 0.02 0.172
151 L 0.04 0.022 0.014 0.015 0.014 0.014 0.019 0.022 0.011 0.099 0.325 0.023 0.042 0.142 0.013 0.024 0.03 0.009 0.038 0.083
152 L 0.045 0.019 0.015 0.017 0.035 0.013 0.019 0.023 0.011 0.168 0.183 0.022 0.033 0.15 0.013 0.026 0.034 0.009 0.039 0.127
153 L 0.064 0.027 0.027 0.025 0.015 0.02 0.028 0.095 0.012 0.093 0.233 0.032 0.033 0.038 0.018 0.083 0.045 0.006 0.019 0.087
154 T 0.074 0.032 0.037 0.033 0.017 0.025 0.036 0.04 0.013 0.075 0.076 0.04 0.021 0.025 0.024 0.095 0.191 0.006 0.018 0.121
155 I 0.048 0.018 0.014 0.017 0.016 0.013 0.018 0.02 0.008 0.279 0.158 0.023 0.035 0.042 0.014 0.025 0.04 0.006 0.02 0.186
156 L 0.053 0.024 0.021 0.021 0.015 0.017 0.024 0.059 0.013 0.111 0.224 0.028 0.034 0.102 0.016 0.054 0.038 0.009 0.044 0.096
157 L 0.089 0.026 0.023 0.023 0.016 0.019 0.027 0.096 0.012 0.081 0.264 0.031 0.035 0.04 0.018 0.062 0.04 0.006 0.019 0.074
158 S 0.068 0.036 0.134 0.05 0.013 0.028 0.043 0.054 0.025 0.032 0.049 0.045 0.015 0.081 0.022 0.136 0.056 0.009 0.065 0.038
159 K 0.052 0.065 0.043 0.034 0.009 0.044 0.05 0.097 0.066 0.037 0.087 0.153 0.019 0.036 0.021 0.044 0.034 0.008 0.062 0.039
160 L 0.046 0.026 0.016 0.017 0.015 0.019 0.023 0.023 0.011 0.14 0.25 0.037 0.049 0.091 0.014 0.027 0.035 0.008 0.029 0.124
161 G 0.069 0.035 0.076 0.039 0.01 0.024 0.033 0.408 0.016 0.02 0.03 0.069 0.01 0.016 0.019 0.052 0.032 0.005 0.012 0.025
162 L 0.046 0.074 0.02 0.021 0.014 0.023 0.029 0.025 0.012 0.174 0.191 0.07 0.036 0.04 0.016 0.03 0.036 0.006 0.02 0.117
163 I 0.051 0.018 0.015 0.017 0.016 0.014 0.018 0.021 0.008 0.261 0.153 0.023 0.034 0.041 0.015 0.026 0.041 0.006 0.02 0.201
164 P 0.077 0.034 0.034 0.038 0.012 0.051 0.047 0.075 0.016 0.026 0.038 0.049 0.013 0.015 0.268 0.1 0.051 0.004 0.015 0.034
165 N 0.066 0.036 0.12 0.097 0.013 0.029 0.05 0.052 0.019 0.031 0.041 0.047 0.014 0.018 0.085 0.112 0.108 0.005 0.015 0.04
166 A 0.29 0.031 0.026 0.03 0.022 0.026 0.04 0.078 0.015 0.043 0.059 0.045 0.018 0.022 0.03 0.085 0.05 0.005 0.018 0.069
167 L 0.132 0.034 0.023 0.025 0.016 0.051 0.038 0.043 0.016 0.085 0.155 0.042 0.087 0.035 0.02 0.05 0.041 0.006 0.02 0.081
168 L 0.042 0.022 0.016 0.017 0.014 0.016 0.02 0.022 0.017 0.153 0.211 0.025 0.044 0.104 0.014 0.026 0.033 0.011 0.088 0.105
169 I 0.079 0.033 0.026 0.027 0.016 0.054 0.039 0.036 0.015 0.125 0.123 0.042 0.072 0.034 0.019 0.068 0.047 0.006 0.02 0.12
170 F 0.109 0.037 0.04 0.03 0.014 0.021 0.033 0.076 0.015 0.054 0.07 0.039 0.019 0.117 0.081 0.082 0.044 0.008 0.033 0.077
171 Y 0.041 0.028 0.022 0.019 0.009 0.022 0.028 0.025 0.047 0.044 0.069 0.031 0.019 0.131 0.016 0.031 0.028 0.028 0.314 0.047
172 G 0.079 0.023 0.039 0.034 0.011 0.019 0.026 0.508 0.014 0.019 0.028 0.034 0.009 0.016 0.019 0.052 0.03 0.005 0.011 0.024
173 G 0.065 0.024 0.029 0.026 0.013 0.018 0.024 0.313 0.012 0.058 0.166 0.03 0.026 0.032 0.017 0.041 0.031 0.006 0.015 0.053
174 Y 0.094 0.041 0.034 0.033 0.013 0.079 0.052 0.044 0.026 0.043 0.095 0.051 0.021 0.049 0.022 0.096 0.047 0.011 0.099 0.05
175 D 0.048 0.032 0.123 0.188 0.009 0.027 0.056 0.107 0.023 0.028 0.037 0.043 0.012 0.03 0.02 0.057 0.066 0.007 0.054 0.032
176 L 0.089 0.032 0.037 0.091 0.012 0.032 0.109 0.125 0.016 0.046 0.126 0.045 0.021 0.026 0.021 0.062 0.038 0.005 0.016 0.049
177 R 0.051 0.281 0.038 0.031 0.008 0.04 0.044 0.156 0.02 0.021 0.041 0.095 0.014 0.017 0.019 0.045 0.032 0.006 0.015 0.028
178 L 0.045 0.024 0.014 0.015 0.016 0.016 0.02 0.021 0.01 0.115 0.375 0.025 0.05 0.055 0.014 0.024 0.033 0.007 0.022 0.096
179 V 0.049 0.023 0.018 0.018 0.014 0.018 0.023 0.023 0.021 0.143 0.123 0.027 0.047 0.09 0.015 0.029 0.036 0.013 0.125 0.145
180 R 0.043 0.367 0.037 0.03 0.008 0.047 0.051 0.032 0.023 0.023 0.045 0.116 0.015 0.017 0.019 0.043 0.034 0.006 0.017 0.03
181 N 0.06 0.038 0.191 0.059 0.012 0.03 0.044 0.056 0.025 0.031 0.045 0.048 0.014 0.052 0.022 0.11 0.081 0.007 0.039 0.038
182 S 0.102 0.038 0.051 0.046 0.017 0.031 0.049 0.061 0.018 0.032 0.043 0.051 0.016 0.021 0.028 0.227 0.103 0.005 0.017 0.044
183 L 0.043 0.024 0.014 0.015 0.016 0.016 0.02 0.021 0.01 0.111 0.384 0.025 0.057 0.052 0.014 0.024 0.033 0.007 0.022 0.093
184 G 0.076 0.022 0.038 0.033 0.01 0.018 0.025 0.527 0.013 0.018 0.027 0.033 0.009 0.016 0.018 0.05 0.029 0.005 0.01 0.023
185 F 0.033 0.018 0.016 0.016 0.01 0.01 0.018 0.025 0.016 0.061 0.11 0.018 0.025 0.408 0.01 0.025 0.025 0.016 0.086 0.053
186 S 0.104 0.035 0.114 0.048 0.014 0.028 0.042 0.118 0.024 0.029 0.042 0.046 0.014 0.032 0.023 0.13 0.055 0.008 0.056 0.039
187 Y 0.038 0.026 0.02 0.018 0.009 0.02 0.026 0.024 0.042 0.045 0.072 0.029 0.019 0.162 0.014 0.029 0.027 0.026 0.309 0.046
188 V 0.057 0.023 0.018 0.018 0.015 0.018 0.024 0.024 0.022 0.115 0.104 0.027 0.026 0.069 0.016 0.031 0.04 0.013 0.14 0.2
189 S 0.097 0.038 0.05 0.044 0.017 0.031 0.047 0.059 0.017 0.034 0.046 0.05 0.016 0.021 0.028 0.207 0.127 0.005 0.017 0.048
190 F 0.035 0.022 0.018 0.017 0.01 0.014 0.022 0.024 0.027 0.054 0.094 0.023 0.022 0.302 0.012 0.027 0.025 0.02 0.181 0.05
191 A 0.223 0.03 0.027 0.03 0.018 0.024 0.039 0.063 0.014 0.041 0.072 0.042 0.017 0.021 0.118 0.092 0.049 0.005 0.016 0.058
192 S 0.154 0.034 0.044 0.041 0.017 0.029 0.045 0.125 0.017 0.031 0.043 0.047 0.015 0.02 0.027 0.181 0.065 0.005 0.016 0.045
193 Q 0.085 0.06 0.041 0.048 0.01 0.166 0.114 0.043 0.07 0.027 0.045 0.075 0.018 0.017 0.023 0.056 0.039 0.006 0.023 0.036
194 L 0.043 0.068 0.023 0.021 0.013 0.023 0.028 0.025 0.06 0.126 0.185 0.039 0.051 0.069 0.015 0.03 0.033 0.008 0.049 0.09
195 L 0.111 0.025 0.018 0.02 0.016 0.019 0.025 0.036 0.013 0.108 0.207 0.03 0.063 0.087 0.017 0.041 0.037 0.008 0.029 0.09
196 F 0.033 0.018 0.016 0.016 0.01 0.01 0.018 0.025 0.016 0.061 0.11 0.018 0.025 0.408 0.01 0.025 0.025 0.016 0.086 0.053
197 F 0.035 0.022 0.018 0.017 0.01 0.014 0.022 0.024 0.027 0.054 0.094 0.023 0.022 0.302 0.012 0.027 0.025 0.02 0.181 0.05
198 F 0.072 0.022 0.017 0.018 0.013 0.015 0.022 0.03 0.017 0.095 0.158 0.025 0.029 0.212 0.014 0.032 0.031 0.013 0.089 0.076
199 T 0.061 0.027 0.028 0.026 0.017 0.02 0.029 0.032 0.011 0.134 0.136 0.034 0.028 0.033 0.021 0.058 0.156 0.006 0.019 0.126
200 C 0.091 0.019 0.017 0.017 0.32 0.014 0.02 0.034 0.009 0.063 0.129 0.024 0.023 0.027 0.017 0.041 0.037 0.005 0.015 0.078
201 A 0.235 0.033 0.035 0.035 0.019 0.027 0.043 0.071 0.016 0.038 0.052 0.046 0.016 0.021 0.029 0.138 0.067 0.005 0.017 0.058
202 Y 0.041 0.026 0.021 0.018 0.04 0.02 0.026 0.025 0.043 0.042 0.066 0.029 0.018 0.12 0.015 0.031 0.028 0.026 0.32 0.046
203 L 0.048 0.022 0.017 0.018 0.015 0.015 0.02 0.084 0.01 0.146 0.292 0.025 0.04 0.046 0.014 0.027 0.033 0.006 0.02 0.104
204 V 0.075 0.022 0.016 0.018 0.018 0.017 0.023 0.027 0.009 0.178 0.139 0.027 0.051 0.037 0.016 0.033 0.044 0.006 0.02 0.223
205 L 0.042 0.023 0.017 0.016 0.012 0.016 0.022 0.023 0.02 0.082 0.187 0.024 0.03 0.158 0.013 0.026 0.03 0.046 0.12 0.092
206 R 0.045 0.318 0.038 0.032 0.008 0.048 0.054 0.034 0.022 0.023 0.044 0.151 0.015 0.016 0.02 0.045 0.035 0.005 0.017 0.03
207 G 0.055 0.101 0.114 0.047 0.009 0.038 0.05 0.167 0.021 0.023 0.036 0.149 0.012 0.016 0.022 0.054 0.038 0.005 0.015 0.028
208 K 0.05 0.111 0.076 0.043 0.008 0.092 0.067 0.04 0.027 0.027 0.045 0.16 0.016 0.029 0.022 0.05 0.038 0.008 0.058 0.033
209 K 0.056 0.071 0.116 0.057 0.01 0.079 0.095 0.047 0.024 0.028 0.042 0.117 0.015 0.017 0.024 0.073 0.072 0.005 0.017 0.036
210 I 0.049 0.018 0.014 0.017 0.016 0.013 0.018 0.021 0.008 0.273 0.156 0.023 0.035 0.041 0.014 0.025 0.04 0.006 0.02 0.191
211 T 0.079 0.053 0.045 0.041 0.015 0.035 0.05 0.049 0.017 0.038 0.05 0.111 0.017 0.02 0.027 0.133 0.148 0.005 0.017 0.05
212 Y 0.039 0.027 0.021 0.018 0.009 0.021 0.027 0.024 0.045 0.042 0.066 0.03 0.018 0.126 0.015 0.03 0.027 0.027 0.341 0.045
213 I 0.046 0.031 0.018 0.019 0.013 0.019 0.026 0.026 0.012 0.139 0.126 0.058 0.033 0.087 0.016 0.029 0.035 0.101 0.037 0.128
214 E 0.057 0.047 0.04 0.085 0.008 0.06 0.303 0.036 0.025 0.022 0.036 0.072 0.013 0.016 0.025 0.065 0.038 0.005 0.016 0.031
215 L 0.043 0.024 0.015 0.015 0.015 0.016 0.02 0.021 0.014 0.103 0.355 0.025 0.044 0.062 0.014 0.024 0.032 0.009 0.061 0.087
216 I 0.084 0.021 0.016 0.018 0.017 0.016 0.022 0.028 0.009 0.195 0.182 0.026 0.034 0.041 0.016 0.034 0.041 0.006 0.02 0.174
217 F 0.07 0.021 0.018 0.019 0.014 0.014 0.021 0.062 0.012 0.121 0.148 0.024 0.029 0.176 0.015 0.033 0.034 0.01 0.044 0.116
218 L 0.043 0.023 0.014 0.015 0.016 0.015 0.019 0.02 0.01 0.135 0.367 0.024 0.046 0.052 0.014 0.024 0.033 0.007 0.021 0.103
219 L 0.049 0.03 0.024 0.035 0.012 0.028 0.096 0.088 0.018 0.068 0.215 0.038 0.03 0.053 0.017 0.035 0.032 0.009 0.06 0.062
220 L 0.083 0.022 0.018 0.019 0.076 0.016 0.022 0.062 0.011 0.119 0.222 0.027 0.035 0.055 0.016 0.04 0.036 0.006 0.021 0.092
221 A 0.15 0.024 0.022 0.023 0.017 0.019 0.027 0.105 0.011 0.125 0.131 0.032 0.026 0.031 0.02 0.052 0.042 0.006 0.018 0.119
222 N 0.045 0.035 0.194 0.151 0.01 0.028 0.053 0.05 0.022 0.06 0.05 0.045 0.014 0.02 0.02 0.06 0.071 0.004 0.015 0.049
223 L 0.047 0.023 0.017 0.017 0.014 0.017 0.022 0.022 0.019 0.139 0.19 0.026 0.042 0.079 0.015 0.028 0.035 0.012 0.103 0.133
224 F 0.037 0.023 0.018 0.017 0.01 0.016 0.023 0.024 0.03 0.058 0.124 0.025 0.024 0.223 0.013 0.027 0.027 0.021 0.205 0.054
225 L 0.048 0.021 0.015 0.017 0.016 0.016 0.02 0.021 0.01 0.208 0.22 0.025 0.057 0.045 0.014 0.026 0.038 0.006 0.021 0.156
226 Y 0.037 0.024 0.019 0.018 0.009 0.017 0.024 0.024 0.037 0.049 0.083 0.026 0.02 0.231 0.013 0.028 0.026 0.023 0.243 0.048
227 R 0.053 0.132 0.038 0.033 0.009 0.062 0.053 0.037 0.072 0.029 0.048 0.098 0.016 0.046 0.021 0.067 0.038 0.011 0.103 0.035
228 S 0.062 0.034 0.069 0.036 0.013 0.05 0.042 0.04 0.022 0.083 0.078 0.043 0.021 0.085 0.019 0.091 0.048 0.009 0.067 0.088
229 T 0.101 0.034 0.04 0.035 0.018 0.026 0.038 0.046 0.013 0.05 0.062 0.044 0.019 0.023 0.027 0.089 0.244 0.006 0.017 0.068
230 N 0.087 0.081 0.115 0.093 0.012 0.057 0.056 0.051 0.021 0.04 0.067 0.059 0.017 0.021 0.022 0.08 0.046 0.005 0.017 0.055
231 T 0.101 0.034 0.04 0.035 0.018 0.026 0.038 0.046 0.013 0.05 0.062 0.044 0.019 0.023 0.027 0.089 0.244 0.006 0.017 0.068
232 R 0.063 0.203 0.08 0.042 0.011 0.039 0.049 0.045 0.021 0.027 0.044 0.083 0.015 0.018 0.022 0.106 0.073 0.005 0.017 0.036
233 N 0.065 0.04 0.199 0.11 0.012 0.032 0.054 0.061 0.024 0.024 0.034 0.051 0.012 0.018 0.023 0.132 0.058 0.005 0.015 0.031
234 P 0.055 0.025 0.023 0.03 0.01 0.02 0.035 0.035 0.012 0.025 0.035 0.04 0.01 0.012 0.511 0.042 0.035 0.003 0.012 0.03
235 F 0.034 0.02 0.017 0.016 0.01 0.012 0.02 0.024 0.02 0.061 0.119 0.02 0.025 0.355 0.011 0.025 0.025 0.017 0.115 0.054
236 Y 0.049 0.024 0.02 0.02 0.014 0.018 0.024 0.025 0.023 0.13 0.139 0.029 0.028 0.072 0.016 0.035 0.064 0.014 0.14 0.116
237 L 0.043 0.023 0.014 0.015 0.016 0.016 0.02 0.021 0.01 0.111 0.397 0.024 0.048 0.053 0.014 0.023 0.032 0.007 0.022 0.093
238 S 0.106 0.039 0.052 0.047 0.017 0.032 0.051 0.064 0.019 0.029 0.04 0.052 0.015 0.02 0.029 0.246 0.079 0.005 0.017 0.04
239 L 0.057 0.026 0.025 0.024 0.017 0.02 0.027 0.029 0.011 0.131 0.178 0.032 0.041 0.037 0.019 0.05 0.126 0.006 0.019 0.124
240 L 0.061 0.022 0.015 0.016 0.015 0.015 0.021 0.025 0.011 0.127 0.259 0.024 0.038 0.114 0.014 0.028 0.035 0.008 0.033 0.119
241 F 0.072 0.021 0.016 0.018 0.014 0.014 0.021 0.029 0.013 0.1 0.182 0.024 0.031 0.225 0.014 0.031 0.031 0.011 0.053 0.079
242 L 0.047 0.02 0.014 0.016 0.016 0.014 0.019 0.021 0.009 0.21 0.246 0.024 0.04 0.045 0.014 0.025 0.037 0.006 0.021 0.157
243 L 0.055 0.022 0.024 0.023 0.014 0.016 0.022 0.15 0.012 0.12 0.168 0.028 0.029 0.082 0.016 0.039 0.061 0.007 0.026 0.087
244 Y 0.04 0.023 0.019 0.017 0.071 0.017 0.023 0.025 0.033 0.047 0.077 0.026 0.019 0.183 0.014 0.03 0.027 0.021 0.236 0.048
245 L 0.086 0.024 0.025 0.07 0.077 0.02 0.032 0.034 0.012 0.11 0.14 0.031 0.046 0.033 0.018 0.043 0.054 0.005 0.018 0.122
246 L 0.042 0.023 0.018 0.018 0.013 0.015 0.021 0.025 0.013 0.082 0.228 0.024 0.034 0.207 0.014 0.032 0.059 0.011 0.05 0.072
247 L 0.05 0.022 0.015 0.016 0.016 0.015 0.02 0.022 0.01 0.141 0.26 0.024 0.039 0.081 0.014 0.026 0.037 0.007 0.027 0.158
248 L 0.077 0.029 0.031 0.03 0.017 0.023 0.034 0.041 0.013 0.106 0.152 0.037 0.028 0.033 0.021 0.124 0.057 0.006 0.019 0.123
249 V 0.05 0.027 0.072 0.085 0.013 0.021 0.036 0.033 0.019 0.117 0.117 0.033 0.025 0.045 0.017 0.041 0.056 0.008 0.064 0.123
250 K 0.055 0.103 0.04 0.04 0.008 0.052 0.068 0.042 0.02 0.027 0.042 0.303 0.015 0.015 0.027 0.052 0.038 0.005 0.017 0.032
251 I 0.049 0.019 0.014 0.017 0.016 0.014 0.019 0.021 0.009 0.236 0.202 0.024 0.037 0.043 0.014 0.025 0.039 0.006 0.02 0.175
252 F 0.053 0.023 0.022 0.021 0.017 0.016 0.024 0.028 0.012 0.109 0.125 0.027 0.027 0.16 0.016 0.043 0.094 0.009 0.042 0.131
253 K 0.053 0.073 0.099 0.094 0.009 0.041 0.062 0.107 0.021 0.024 0.036 0.189 0.013 0.015 0.024 0.054 0.038 0.005 0.015 0.029
254 F 0.045 0.048 0.034 0.083 0.009 0.032 0.08 0.034 0.022 0.039 0.064 0.106 0.017 0.147 0.019 0.043 0.047 0.011 0.077 0.041
255 K 0.051 0.077 0.066 0.141 0.008 0.044 0.081 0.052 0.02 0.025 0.037 0.208 0.013 0.015 0.025 0.052 0.038 0.005 0.015 0.029
256 L 0.043 0.03 0.018 0.019 0.013 0.018 0.024 0.024 0.012 0.157 0.193 0.057 0.033 0.132 0.015 0.028 0.033 0.009 0.037 0.104
257 R 0.045 0.342 0.039 0.031 0.008 0.049 0.053 0.033 0.023 0.023 0.047 0.121 0.016 0.017 0.019 0.045 0.035 0.006 0.017 0.031
258 L 0.044 0.025 0.062 0.075 0.013 0.019 0.032 0.03 0.014 0.131 0.18 0.03 0.04 0.084 0.015 0.034 0.036 0.007 0.027 0.103
259 L 0.067 0.027 0.028 0.027 0.017 0.021 0.03 0.036 0.013 0.139 0.195 0.034 0.034 0.04 0.02 0.09 0.052 0.006 0.02 0.105
260 L 0.048 0.023 0.023 0.036 0.014 0.017 0.026 0.026 0.015 0.127 0.179 0.028 0.031 0.096 0.016 0.035 0.064 0.01 0.068 0.117
261 R 0.052 0.122 0.079 0.05 0.008 0.069 0.099 0.065 0.068 0.023 0.039 0.117 0.014 0.018 0.022 0.059 0.038 0.005 0.021 0.029
262 F 0.039 0.028 0.13 0.039 0.011 0.02 0.029 0.037 0.028 0.082 0.123 0.032 0.024 0.172 0.015 0.04 0.035 0.009 0.044 0.063
263 K 0.064 0.077 0.039 0.038 0.011 0.042 0.057 0.044 0.018 0.038 0.052 0.204 0.017 0.047 0.025 0.087 0.06 0.006 0.022 0.05
264 L 0.045 0.02 0.016 0.018 0.013 0.014 0.021 0.024 0.011 0.144 0.153 0.024 0.029 0.132 0.075 0.027 0.034 0.041 0.039 0.119
265 L 0.057 0.024 0.021 0.021 0.077 0.017 0.024 0.028 0.011 0.096 0.175 0.028 0.034 0.082 0.017 0.045 0.082 0.007 0.027 0.128
266 K 0.071 0.125 0.041 0.039 0.01 0.047 0.062 0.045 0.02 0.027 0.043 0.233 0.015 0.016 0.026 0.078 0.046 0.005 0.017 0.034
267 F 0.069 0.025 0.032 0.022 0.014 0.017 0.027 0.031 0.018 0.085 0.098 0.031 0.024 0.183 0.016 0.038 0.046 0.012 0.084 0.127
268 I 0.052 0.02 0.018 0.019 0.015 0.015 0.02 0.084 0.01 0.218 0.159 0.025 0.042 0.039 0.015 0.029 0.038 0.006 0.019 0.157
269 A 0.142 0.027 0.022 0.03 0.015 0.023 0.064 0.043 0.015 0.092 0.09 0.036 0.022 0.122 0.02 0.05 0.04 0.008 0.035 0.103
270 L 0.062 0.041 0.037 0.045 0.013 0.04 0.108 0.037 0.023 0.08 0.119 0.066 0.043 0.029 0.022 0.082 0.06 0.006 0.019 0.067
271 L 0.04 0.023 0.017 0.016 0.042 0.016 0.022 0.024 0.025 0.069 0.18 0.025 0.029 0.167 0.013 0.027 0.029 0.017 0.157 0.063
272 I 0.099 0.024 0.027 0.026 0.077 0.019 0.028 0.094 0.012 0.134 0.093 0.033 0.023 0.028 0.02 0.073 0.073 0.005 0.017 0.096
273 F 0.034 0.019 0.017 0.017 0.01 0.012 0.019 0.024 0.02 0.06 0.107 0.02 0.024 0.369 0.011 0.025 0.025 0.018 0.117 0.053
274 P 0.083 0.023 0.02 0.025 0.013 0.018 0.029 0.034 0.011 0.106 0.115 0.034 0.022 0.026 0.264 0.04 0.037 0.004 0.016 0.078
275 I 0.046 0.018 0.014 0.017 0.016 0.013 0.018 0.02 0.009 0.27 0.19 0.023 0.037 0.044 0.014 0.024 0.038 0.006 0.02 0.164
276 A 0.166 0.027 0.028 0.029 0.139 0.022 0.033 0.055 0.013 0.071 0.068 0.037 0.019 0.023 0.024 0.105 0.052 0.005 0.016 0.07
277 F 0.04 0.021 0.018 0.02 0.011 0.013 0.023 0.027 0.015 0.058 0.127 0.025 0.024 0.264 0.136 0.029 0.028 0.012 0.059 0.052
278 V 0.068 0.021 0.016 0.018 0.076 0.015 0.021 0.028 0.011 0.126 0.139 0.024 0.039 0.128 0.015 0.033 0.037 0.008 0.036 0.141
279 I 0.068 0.024 0.024 0.025 0.047 0.018 0.027 0.033 0.011 0.175 0.116 0.031 0.028 0.033 0.018 0.083 0.051 0.005 0.019 0.164
280 L 0.049 0.023 0.016 0.017 0.016 0.016 0.021 0.022 0.01 0.146 0.297 0.026 0.041 0.047 0.015 0.03 0.051 0.006 0.021 0.131
281 L 0.049 0.025 0.058 0.026 0.013 0.018 0.024 0.091 0.013 0.107 0.198 0.028 0.031 0.041 0.015 0.033 0.035 0.069 0.024 0.103
282 L 0.043 0.024 0.017 0.017 0.012 0.018 0.023 0.025 0.02 0.101 0.139 0.026 0.046 0.068 0.013 0.027 0.032 0.137 0.112 0.099
283 L 0.041 0.021 0.014 0.015 0.014 0.014 0.019 0.021 0.011 0.122 0.297 0.023 0.041 0.139 0.013 0.024 0.031 0.009 0.037 0.093
284 C 0.058 0.024 0.022 0.021 0.198 0.018 0.024 0.031 0.011 0.069 0.162 0.029 0.046 0.032 0.018 0.047 0.094 0.006 0.017 0.072
285 F 0.044 0.025 0.024 0.029 0.011 0.019 0.06 0.031 0.018 0.052 0.093 0.029 0.022 0.309 0.014 0.056 0.033 0.014 0.068 0.049
286 L 0.042 0.059 0.022 0.022 0.01 0.025 0.032 0.028 0.023 0.079 0.117 0.082 0.024 0.106 0.016 0.032 0.031 0.075 0.114 0.062
287 A 0.156 0.025 0.023 0.025 0.078 0.02 0.03 0.048 0.012 0.112 0.125 0.034 0.025 0.03 0.022 0.075 0.046 0.005 0.018 0.091
288 P 0.072 0.03 0.033 0.036 0.013 0.024 0.04 0.045 0.014 0.027 0.038 0.044 0.012 0.015 0.33 0.111 0.061 0.003 0.014 0.035
289 K 0.094 0.045 0.031 0.033 0.013 0.028 0.041 0.102 0.015 0.072 0.1 0.103 0.021 0.024 0.083 0.071 0.042 0.005 0.016 0.061
290 N 0.076 0.037 0.181 0.126 0.011 0.03 0.054 0.09 0.023 0.024 0.034 0.049 0.012 0.018 0.023 0.109 0.052 0.004 0.015 0.032
291 L 0.048 0.032 0.017 0.019 0.015 0.02 0.026 0.024 0.011 0.142 0.274 0.059 0.039 0.044 0.016 0.028 0.036 0.006 0.02 0.126
292 F 0.037 0.019 0.016 0.016 0.011 0.011 0.019 0.024 0.015 0.073 0.112 0.019 0.025 0.361 0.011 0.025 0.027 0.015 0.078 0.083
293 Y 0.08 0.042 0.071 0.043 0.011 0.06 0.081 0.041 0.069 0.036 0.058 0.051 0.027 0.048 0.021 0.053 0.051 0.011 0.103 0.044
294 L 0.055 0.045 0.03 0.039 0.013 0.059 0.095 0.032 0.017 0.093 0.113 0.079 0.034 0.039 0.021 0.047 0.068 0.006 0.021 0.098
295 L 0.049 0.022 0.015 0.016 0.016 0.016 0.021 0.022 0.013 0.162 0.229 0.025 0.037 0.055 0.015 0.026 0.037 0.009 0.061 0.155
296 N 0.041 0.038 0.24 0.204 0.008 0.031 0.063 0.056 0.026 0.022 0.029 0.049 0.01 0.016 0.02 0.061 0.043 0.004 0.014 0.025
297 K 0.052 0.098 0.04 0.089 0.01 0.064 0.095 0.037 0.02 0.038 0.087 0.125 0.019 0.021 0.023 0.052 0.066 0.005 0.017 0.043
298 L 0.078 0.022 0.016 0.017 0.015 0.015 0.022 0.029 0.012 0.119 0.221 0.025 0.035 0.131 0.015 0.032 0.035 0.009 0.037 0.115
299 L 0.086 0.025 0.019 0.02 0.017 0.018 0.025 0.031 0.01 0.107 0.245 0.029 0.036 0.041 0.018 0.041 0.068 0.006 0.02 0.137
300 S 0.082 0.041 0.088 0.049 0.013 0.033 0.051 0.057 0.11 0.026 0.038 0.05 0.015 0.022 0.025 0.172 0.062 0.006 0.026 0.034
301 N 0.05 0.036 0.225 0.061 0.009 0.028 0.039 0.174 0.028 0.023 0.034 0.044 0.011 0.031 0.019 0.058 0.04 0.007 0.055 0.028
302 R 0.043 0.367 0.037 0.03 0.008 0.047 0.051 0.032 0.023 0.023 0.045 0.116 0.015 0.017 0.019 0.043 0.034 0.006 0.017 0.03
303 L 0.043 0.023 0.014 0.015 0.016 0.016 0.02 0.021 0.01 0.111 0.397 0.024 0.048 0.053 0.014 0.023 0.032 0.007 0.022 0.093
304 A 0.087 0.075 0.05 0.032 0.013 0.04 0.041 0.042 0.062 0.078 0.07 0.049 0.02 0.03 0.019 0.069 0.042 0.069 0.029 0.085
305 L 0.042 0.023 0.014 0.015 0.015 0.015 0.019 0.021 0.011 0.105 0.361 0.024 0.045 0.097 0.013 0.024 0.031 0.008 0.03 0.088
306 S 0.082 0.04 0.16 0.06 0.014 0.032 0.05 0.064 0.023 0.026 0.037 0.052 0.014 0.019 0.025 0.179 0.067 0.005 0.016 0.035
307 V 0.054 0.07 0.021 0.022 0.015 0.047 0.034 0.025 0.013 0.154 0.149 0.044 0.031 0.034 0.016 0.033 0.041 0.006 0.02 0.172
308 D 0.068 0.079 0.121 0.127 0.011 0.043 0.068 0.049 0.021 0.035 0.081 0.057 0.017 0.021 0.021 0.077 0.044 0.005 0.016 0.039
309 G 0.135 0.024 0.035 0.032 0.013 0.02 0.028 0.414 0.013 0.024 0.035 0.035 0.011 0.017 0.021 0.058 0.034 0.005 0.012 0.034
310 I 0.042 0.018 0.015 0.017 0.014 0.013 0.018 0.021 0.011 0.214 0.179 0.022 0.034 0.135 0.013 0.024 0.034 0.009 0.037 0.132
311 E 0.048 0.128 0.079 0.055 0.008 0.089 0.129 0.039 0.069 0.023 0.04 0.094 0.015 0.018 0.022 0.051 0.037 0.006 0.022 0.03
312 N 0.046 0.081 0.225 0.061 0.01 0.033 0.044 0.052 0.025 0.035 0.056 0.057 0.035 0.022 0.02 0.063 0.073 0.005 0.017 0.04
313 F 0.034 0.023 0.018 0.017 0.009 0.015 0.023 0.026 0.027 0.046 0.079 0.024 0.02 0.215 0.011 0.026 0.025 0.144 0.176 0.044
314 G 0.076 0.022 0.038 0.033 0.01 0.018 0.025 0.527 0.013 0.018 0.027 0.033 0.009 0.016 0.018 0.05 0.029 0.005 0.01 0.023
315 V 0.057 0.019 0.015 0.017 0.017 0.014 0.02 0.022 0.008 0.227 0.144 0.024 0.033 0.039 0.015 0.028 0.043 0.006 0.02 0.232
316 R 0.07 0.129 0.045 0.039 0.012 0.038 0.051 0.046 0.067 0.029 0.045 0.097 0.016 0.02 0.027 0.122 0.079 0.006 0.022 0.038
317 L 0.082 0.024 0.018 0.021 0.015 0.018 0.026 0.032 0.011 0.082 0.211 0.031 0.031 0.037 0.14 0.036 0.036 0.033 0.021 0.095
318 L 0.038 0.021 0.015 0.016 0.013 0.013 0.019 0.023 0.013 0.086 0.249 0.021 0.036 0.236 0.012 0.024 0.028 0.012 0.055 0.072
319 G 0.076 0.022 0.038 0.033 0.01 0.018 0.025 0.527 0.013 0.018 0.027 0.033 0.009 0.016 0.018 0.05 0.029 0.005 0.01 0.023
320 Q 0.056 0.081 0.042 0.044 0.01 0.205 0.089 0.04 0.026 0.029 0.048 0.084 0.02 0.015 0.023 0.058 0.069 0.006 0.019 0.038
