#Seq2Logo.py -f /work3/idamei/ssn-clusterings/clustering/2205111339/clusters/0011_149/sequences.afa -o /work3/idamei/ssn-clusterings/clustering/2205111339/clusters/0011_149/sequences.logo
#Position Specific Frequency Matrix
A R N D C Q E G H I L K M F P S T W Y V
0 M 0.05 0.031 0.019 0.019 0.015 0.027 0.027 0.027 0.015 0.096 0.187 0.034 0.201 0.046 0.015 0.034 0.038 0.008 0.023 0.088
1 L 0.044 0.021 0.015 0.016 0.015 0.014 0.019 0.021 0.013 0.175 0.233 0.024 0.036 0.086 0.014 0.025 0.034 0.009 0.056 0.131
2 L 0.052 0.032 0.02 0.02 0.016 0.028 0.028 0.028 0.016 0.1 0.197 0.036 0.161 0.048 0.016 0.036 0.04 0.008 0.024 0.092
3 S 0.11 0.04 0.054 0.049 0.018 0.033 0.052 0.066 0.019 0.03 0.042 0.054 0.016 0.021 0.03 0.22 0.082 0.005 0.018 0.042
4 S 0.11 0.04 0.054 0.049 0.018 0.033 0.052 0.066 0.019 0.03 0.042 0.054 0.016 0.021 0.03 0.22 0.082 0.005 0.018 0.042
5 Y 0.044 0.026 0.023 0.021 0.011 0.019 0.026 0.027 0.029 0.073 0.083 0.03 0.021 0.154 0.016 0.04 0.078 0.018 0.196 0.063
6 F 0.034 0.019 0.017 0.017 0.011 0.011 0.019 0.025 0.017 0.063 0.114 0.019 0.025 0.387 0.011 0.025 0.025 0.017 0.089 0.055
7 L 0.043 0.021 0.015 0.016 0.014 0.014 0.02 0.022 0.015 0.139 0.215 0.023 0.035 0.136 0.013 0.025 0.033 0.011 0.071 0.118
8 L 0.043 0.023 0.014 0.015 0.016 0.016 0.019 0.02 0.01 0.11 0.402 0.024 0.047 0.052 0.014 0.023 0.032 0.007 0.021 0.092
9 L 0.043 0.024 0.051 0.024 0.013 0.016 0.023 0.028 0.014 0.119 0.195 0.027 0.032 0.152 0.015 0.035 0.057 0.009 0.039 0.087
10 L 0.103 0.023 0.017 0.018 0.016 0.016 0.024 0.033 0.011 0.101 0.191 0.027 0.032 0.113 0.017 0.038 0.038 0.008 0.033 0.141
11 L 0.045 0.024 0.014 0.015 0.016 0.016 0.02 0.021 0.01 0.115 0.375 0.025 0.05 0.055 0.014 0.024 0.033 0.007 0.022 0.096
12 L 0.045 0.024 0.014 0.015 0.016 0.016 0.02 0.021 0.01 0.115 0.375 0.025 0.05 0.055 0.014 0.024 0.033 0.007 0.022 0.096
13 A 0.139 0.028 0.029 0.028 0.016 0.021 0.032 0.097 0.014 0.05 0.098 0.036 0.021 0.102 0.022 0.08 0.089 0.008 0.03 0.059
14 L 0.043 0.023 0.014 0.015 0.016 0.015 0.019 0.02 0.01 0.13 0.378 0.024 0.046 0.051 0.014 0.023 0.033 0.007 0.021 0.1
15 L 0.047 0.019 0.014 0.016 0.105 0.013 0.017 0.022 0.009 0.187 0.231 0.022 0.036 0.042 0.014 0.026 0.035 0.006 0.019 0.12
16 L 0.051 0.022 0.019 0.019 0.06 0.016 0.022 0.026 0.01 0.146 0.192 0.026 0.032 0.072 0.016 0.037 0.08 0.007 0.025 0.12
17 L 0.069 0.024 0.016 0.017 0.015 0.018 0.022 0.027 0.012 0.114 0.285 0.027 0.069 0.08 0.015 0.031 0.034 0.008 0.027 0.092
18 L 0.05 0.024 0.021 0.02 0.014 0.017 0.022 0.116 0.012 0.082 0.259 0.028 0.05 0.075 0.015 0.035 0.054 0.007 0.025 0.073
19 L 0.048 0.02 0.014 0.016 0.016 0.014 0.019 0.021 0.009 0.207 0.243 0.023 0.039 0.044 0.014 0.025 0.037 0.006 0.02 0.165
20 L 0.073 0.023 0.018 0.019 0.016 0.017 0.023 0.027 0.013 0.168 0.197 0.027 0.033 0.048 0.017 0.036 0.059 0.008 0.05 0.13
21 A 0.215 0.03 0.03 0.031 0.019 0.025 0.038 0.062 0.014 0.072 0.068 0.041 0.019 0.024 0.026 0.119 0.055 0.005 0.017 0.09
22 Y 0.038 0.025 0.018 0.017 0.01 0.018 0.024 0.024 0.033 0.055 0.13 0.027 0.023 0.132 0.013 0.027 0.027 0.067 0.24 0.052
23 L 0.044 0.053 0.017 0.017 0.013 0.017 0.022 0.023 0.015 0.126 0.165 0.031 0.03 0.15 0.014 0.027 0.033 0.011 0.067 0.123
24 I 0.051 0.022 0.018 0.019 0.015 0.016 0.022 0.025 0.011 0.19 0.188 0.026 0.049 0.076 0.015 0.047 0.04 0.007 0.026 0.137
25 N 0.053 0.07 0.208 0.058 0.011 0.032 0.044 0.052 0.024 0.034 0.052 0.054 0.03 0.021 0.021 0.083 0.091 0.005 0.016 0.041
26 G 0.062 0.103 0.096 0.043 0.01 0.051 0.046 0.224 0.02 0.022 0.035 0.083 0.012 0.016 0.02 0.07 0.039 0.005 0.014 0.028
27 K 0.05 0.127 0.035 0.033 0.008 0.058 0.054 0.081 0.019 0.028 0.048 0.177 0.016 0.055 0.021 0.044 0.034 0.053 0.027 0.032
28 D 0.045 0.029 0.064 0.392 0.008 0.029 0.084 0.046 0.018 0.022 0.028 0.043 0.009 0.015 0.022 0.069 0.038 0.004 0.011 0.025
29 L 0.046 0.02 0.015 0.017 0.015 0.014 0.02 0.022 0.01 0.191 0.208 0.024 0.035 0.075 0.059 0.026 0.036 0.007 0.025 0.137
30 L 0.045 0.023 0.016 0.017 0.016 0.016 0.02 0.022 0.01 0.14 0.329 0.026 0.042 0.048 0.015 0.029 0.056 0.006 0.021 0.103
31 S 0.099 0.037 0.053 0.081 0.016 0.031 0.053 0.061 0.018 0.028 0.039 0.051 0.014 0.019 0.028 0.238 0.074 0.005 0.016 0.038
32 P 0.079 0.025 0.022 0.029 0.011 0.02 0.035 0.038 0.012 0.026 0.036 0.04 0.01 0.013 0.473 0.045 0.036 0.003 0.013 0.033
33 W 0.044 0.024 0.021 0.02 0.01 0.017 0.026 0.034 0.015 0.039 0.086 0.027 0.018 0.083 0.012 0.065 0.033 0.332 0.054 0.039
34 L 0.078 0.022 0.016 0.017 0.061 0.016 0.022 0.028 0.01 0.11 0.213 0.025 0.033 0.073 0.016 0.033 0.038 0.007 0.025 0.159
35 I 0.049 0.018 0.014 0.017 0.016 0.013 0.018 0.02 0.008 0.261 0.176 0.023 0.035 0.042 0.014 0.025 0.039 0.006 0.02 0.186
36 S 0.096 0.036 0.048 0.043 0.016 0.029 0.045 0.102 0.017 0.031 0.043 0.048 0.015 0.02 0.027 0.207 0.111 0.005 0.016 0.043
37 I 0.056 0.019 0.017 0.018 0.151 0.014 0.019 0.025 0.009 0.184 0.118 0.024 0.027 0.033 0.016 0.035 0.061 0.005 0.017 0.153
38 G 0.073 0.03 0.036 0.037 0.059 0.026 0.06 0.132 0.017 0.058 0.056 0.041 0.016 0.031 0.022 0.108 0.09 0.007 0.046 0.054
39 V 0.057 0.026 0.018 0.018 0.017 0.022 0.025 0.025 0.012 0.123 0.159 0.03 0.123 0.04 0.016 0.033 0.042 0.007 0.021 0.186
40 F 0.034 0.019 0.016 0.016 0.01 0.011 0.019 0.024 0.018 0.081 0.109 0.02 0.025 0.356 0.011 0.025 0.026 0.016 0.103 0.062
41 L 0.053 0.024 0.02 0.02 0.06 0.017 0.023 0.027 0.01 0.127 0.265 0.028 0.037 0.042 0.016 0.052 0.06 0.006 0.019 0.095
42 L 0.069 0.02 0.015 0.017 0.015 0.014 0.02 0.026 0.011 0.17 0.205 0.024 0.034 0.11 0.015 0.03 0.035 0.008 0.032 0.129
43 S 0.101 0.038 0.051 0.046 0.017 0.031 0.049 0.061 0.018 0.03 0.042 0.051 0.015 0.02 0.028 0.242 0.097 0.005 0.017 0.042
44 L 0.088 0.028 0.029 0.027 0.017 0.021 0.031 0.037 0.012 0.101 0.142 0.035 0.027 0.031 0.021 0.075 0.132 0.006 0.018 0.121
45 L 0.07 0.02 0.017 0.018 0.014 0.015 0.02 0.072 0.011 0.157 0.196 0.025 0.032 0.108 0.015 0.031 0.034 0.008 0.031 0.104
46 V 0.05 0.02 0.015 0.016 0.015 0.013 0.02 0.023 0.011 0.131 0.147 0.022 0.03 0.175 0.013 0.027 0.037 0.009 0.043 0.181
47 A 0.155 0.023 0.018 0.02 0.108 0.018 0.026 0.043 0.01 0.085 0.139 0.03 0.026 0.03 0.02 0.049 0.042 0.005 0.017 0.133
48 L 0.081 0.025 0.023 0.023 0.017 0.019 0.027 0.033 0.011 0.143 0.185 0.031 0.031 0.037 0.019 0.062 0.086 0.006 0.019 0.12
49 L 0.049 0.023 0.015 0.017 0.016 0.016 0.021 0.022 0.01 0.111 0.31 0.026 0.04 0.045 0.064 0.027 0.035 0.006 0.02 0.127
50 N 0.045 0.045 0.252 0.065 0.009 0.032 0.045 0.103 0.029 0.024 0.034 0.073 0.012 0.028 0.019 0.06 0.042 0.007 0.048 0.028
51 I 0.051 0.033 0.021 0.023 0.014 0.041 0.033 0.026 0.015 0.159 0.115 0.058 0.042 0.041 0.062 0.033 0.038 0.007 0.049 0.137
52 D 0.06 0.053 0.077 0.153 0.01 0.038 0.088 0.092 0.02 0.024 0.034 0.12 0.012 0.016 0.024 0.089 0.044 0.005 0.014 0.029
53 K 0.063 0.061 0.073 0.083 0.011 0.04 0.083 0.047 0.019 0.03 0.042 0.146 0.014 0.017 0.025 0.097 0.09 0.005 0.016 0.038
54 W 0.03 0.022 0.014 0.014 0.008 0.015 0.021 0.028 0.014 0.036 0.083 0.022 0.017 0.057 0.008 0.022 0.023 0.47 0.061 0.035
55 N 0.047 0.047 0.184 0.093 0.008 0.091 0.063 0.095 0.059 0.022 0.034 0.058 0.013 0.017 0.02 0.057 0.04 0.005 0.019 0.027
56 V 0.05 0.029 0.019 0.025 0.014 0.021 0.052 0.025 0.012 0.151 0.141 0.053 0.029 0.104 0.016 0.031 0.037 0.007 0.031 0.152
57 E 0.062 0.045 0.044 0.101 0.01 0.067 0.209 0.041 0.022 0.025 0.039 0.064 0.014 0.017 0.025 0.093 0.066 0.005 0.016 0.035
58 L 0.043 0.02 0.014 0.016 0.015 0.014 0.018 0.02 0.01 0.194 0.267 0.023 0.04 0.081 0.013 0.024 0.034 0.007 0.026 0.123
59 F 0.034 0.019 0.017 0.017 0.011 0.011 0.019 0.025 0.017 0.063 0.114 0.019 0.025 0.387 0.011 0.025 0.025 0.017 0.089 0.055
60 S 0.09 0.035 0.044 0.04 0.016 0.029 0.044 0.054 0.019 0.039 0.077 0.046 0.018 0.033 0.026 0.2 0.088 0.007 0.047 0.048
61 P 0.107 0.029 0.027 0.034 0.013 0.025 0.06 0.087 0.017 0.036 0.075 0.041 0.016 0.029 0.202 0.067 0.039 0.006 0.045 0.043
62 L 0.048 0.045 0.025 0.024 0.012 0.027 0.036 0.028 0.049 0.113 0.171 0.105 0.029 0.043 0.018 0.034 0.035 0.008 0.052 0.098
63 T 0.07 0.034 0.041 0.036 0.017 0.026 0.038 0.041 0.013 0.051 0.062 0.043 0.019 0.023 0.026 0.088 0.282 0.006 0.017 0.068
64 V 0.08 0.021 0.016 0.018 0.017 0.016 0.022 0.027 0.012 0.19 0.126 0.026 0.03 0.044 0.016 0.033 0.042 0.007 0.049 0.209
65 L 0.04 0.021 0.014 0.015 0.014 0.014 0.019 0.021 0.011 0.114 0.302 0.022 0.04 0.15 0.013 0.023 0.03 0.009 0.038 0.088
66 V 0.063 0.025 0.025 0.025 0.017 0.019 0.027 0.031 0.011 0.153 0.135 0.032 0.029 0.033 0.019 0.065 0.11 0.006 0.019 0.159
67 I 0.047 0.018 0.014 0.017 0.016 0.013 0.018 0.02 0.008 0.274 0.179 0.023 0.036 0.042 0.014 0.024 0.038 0.006 0.02 0.174
68 L 0.045 0.019 0.016 0.017 0.014 0.013 0.018 0.067 0.011 0.182 0.205 0.023 0.034 0.11 0.014 0.026 0.033 0.008 0.031 0.113
69 L 0.064 0.027 0.027 0.026 0.016 0.021 0.029 0.034 0.012 0.104 0.227 0.033 0.033 0.038 0.019 0.094 0.069 0.006 0.019 0.102
70 A 0.252 0.027 0.026 0.028 0.018 0.022 0.034 0.153 0.014 0.039 0.056 0.038 0.016 0.056 0.025 0.07 0.042 0.006 0.022 0.057
71 L 0.046 0.022 0.014 0.015 0.015 0.015 0.019 0.021 0.01 0.132 0.305 0.024 0.041 0.081 0.014 0.025 0.034 0.007 0.027 0.134
72 L 0.043 0.021 0.015 0.016 0.014 0.014 0.019 0.022 0.011 0.153 0.212 0.023 0.05 0.146 0.013 0.025 0.033 0.009 0.038 0.121
73 L 0.105 0.025 0.023 0.024 0.015 0.018 0.028 0.039 0.013 0.091 0.147 0.031 0.027 0.137 0.018 0.077 0.043 0.008 0.037 0.093
74 F 0.033 0.018 0.016 0.016 0.01 0.011 0.018 0.024 0.015 0.08 0.108 0.019 0.024 0.35 0.01 0.024 0.025 0.061 0.077 0.061
75 G 0.067 0.021 0.033 0.029 0.01 0.017 0.023 0.441 0.013 0.026 0.042 0.03 0.012 0.088 0.017 0.044 0.028 0.007 0.024 0.028
76 L 0.098 0.021 0.016 0.018 0.016 0.016 0.022 0.031 0.01 0.173 0.175 0.026 0.032 0.073 0.016 0.035 0.039 0.007 0.025 0.15
77 G 0.074 0.023 0.038 0.032 0.011 0.019 0.026 0.489 0.013 0.021 0.03 0.033 0.01 0.016 0.019 0.052 0.051 0.005 0.011 0.027
78 E 0.05 0.044 0.044 0.148 0.007 0.055 0.286 0.035 0.023 0.021 0.034 0.067 0.012 0.016 0.024 0.052 0.035 0.005 0.015 0.029
79 L 0.052 0.021 0.017 0.018 0.016 0.015 0.021 0.023 0.009 0.189 0.208 0.025 0.036 0.041 0.015 0.032 0.061 0.006 0.02 0.175
80 L 0.044 0.019 0.015 0.016 0.014 0.013 0.019 0.022 0.011 0.154 0.179 0.022 0.032 0.178 0.013 0.025 0.033 0.01 0.044 0.137
81 A 0.14 0.025 0.026 0.027 0.062 0.02 0.03 0.091 0.012 0.106 0.082 0.034 0.021 0.026 0.021 0.087 0.048 0.005 0.017 0.118
82 R 0.053 0.186 0.038 0.035 0.009 0.062 0.058 0.038 0.02 0.032 0.076 0.17 0.018 0.019 0.022 0.064 0.039 0.005 0.017 0.037
83 S 0.091 0.043 0.036 0.034 0.014 0.029 0.042 0.045 0.019 0.063 0.065 0.089 0.019 0.067 0.023 0.11 0.092 0.008 0.053 0.059
84 L 0.079 0.024 0.021 0.022 0.016 0.017 0.025 0.032 0.012 0.126 0.159 0.029 0.029 0.105 0.017 0.057 0.063 0.008 0.031 0.128
85 F 0.046 0.021 0.019 0.018 0.057 0.015 0.021 0.07 0.021 0.085 0.118 0.024 0.024 0.162 0.014 0.03 0.03 0.014 0.126 0.085
86 G 0.062 0.11 0.038 0.04 0.01 0.056 0.076 0.129 0.019 0.026 0.04 0.11 0.014 0.016 0.068 0.071 0.061 0.005 0.015 0.033
87 K 0.058 0.054 0.095 0.078 0.056 0.053 0.055 0.045 0.019 0.041 0.049 0.119 0.016 0.018 0.022 0.073 0.066 0.005 0.016 0.061
88 K 0.053 0.055 0.033 0.031 0.011 0.031 0.044 0.036 0.05 0.067 0.099 0.134 0.022 0.096 0.021 0.062 0.06 0.007 0.033 0.056
89 L 0.126 0.031 0.028 0.028 0.018 0.025 0.035 0.048 0.015 0.071 0.17 0.039 0.064 0.036 0.022 0.094 0.051 0.006 0.02 0.074
90 F 0.042 0.023 0.061 0.026 0.013 0.015 0.023 0.029 0.015 0.11 0.149 0.026 0.028 0.195 0.014 0.032 0.034 0.01 0.048 0.106
91 P 0.068 0.029 0.04 0.126 0.013 0.025 0.05 0.043 0.015 0.06 0.058 0.041 0.016 0.021 0.142 0.09 0.05 0.004 0.015 0.094
92 A 0.29 0.031 0.026 0.03 0.022 0.026 0.04 0.078 0.015 0.043 0.059 0.045 0.018 0.022 0.03 0.085 0.05 0.005 0.018 0.069
93 H 0.047 0.116 0.045 0.037 0.008 0.045 0.059 0.038 0.172 0.024 0.04 0.164 0.015 0.022 0.022 0.046 0.032 0.006 0.033 0.027
94 K 0.061 0.113 0.084 0.045 0.011 0.042 0.056 0.047 0.021 0.029 0.044 0.166 0.015 0.018 0.025 0.086 0.078 0.005 0.017 0.037
95 K 0.066 0.066 0.071 0.054 0.01 0.064 0.111 0.047 0.022 0.025 0.039 0.153 0.014 0.017 0.026 0.109 0.049 0.005 0.017 0.033
96 E 0.065 0.06 0.115 0.065 0.01 0.046 0.119 0.052 0.024 0.025 0.038 0.117 0.014 0.017 0.025 0.102 0.051 0.005 0.017 0.033
97 K 0.051 0.061 0.073 0.09 0.008 0.062 0.092 0.042 0.021 0.024 0.037 0.139 0.013 0.015 0.133 0.051 0.038 0.004 0.015 0.03
98 F 0.048 0.074 0.027 0.024 0.012 0.023 0.03 0.03 0.02 0.058 0.122 0.042 0.024 0.15 0.017 0.047 0.097 0.012 0.083 0.059
99 L 0.042 0.026 0.018 0.017 0.013 0.019 0.024 0.023 0.028 0.079 0.223 0.028 0.034 0.092 0.015 0.028 0.031 0.017 0.172 0.071
100 L 0.043 0.034 0.167 0.049 0.013 0.025 0.035 0.043 0.021 0.069 0.205 0.039 0.03 0.036 0.017 0.047 0.041 0.006 0.019 0.061
101 K 0.065 0.071 0.042 0.039 0.013 0.04 0.055 0.043 0.017 0.04 0.054 0.163 0.018 0.02 0.027 0.073 0.145 0.006 0.017 0.052
102 I 0.05 0.105 0.032 0.027 0.012 0.028 0.036 0.031 0.095 0.125 0.121 0.052 0.025 0.032 0.018 0.057 0.038 0.006 0.027 0.083
103 K 0.051 0.082 0.031 0.041 0.01 0.077 0.103 0.033 0.019 0.082 0.075 0.107 0.035 0.023 0.066 0.044 0.037 0.005 0.018 0.061
104 L 0.052 0.032 0.084 0.039 0.013 0.026 0.059 0.036 0.019 0.059 0.174 0.04 0.026 0.04 0.064 0.063 0.062 0.007 0.048 0.057
105 L 0.079 0.067 0.061 0.069 0.013 0.027 0.042 0.042 0.017 0.07 0.123 0.069 0.023 0.062 0.02 0.082 0.044 0.006 0.023 0.06
106 R 0.084 0.105 0.04 0.075 0.011 0.055 0.079 0.089 0.019 0.026 0.041 0.086 0.014 0.02 0.022 0.087 0.042 0.052 0.02 0.034
107 E 0.047 0.076 0.059 0.043 0.01 0.074 0.1 0.033 0.023 0.084 0.097 0.081 0.022 0.034 0.019 0.043 0.036 0.007 0.048 0.062
108 K 0.056 0.07 0.1 0.083 0.01 0.06 0.064 0.047 0.021 0.027 0.04 0.172 0.014 0.016 0.024 0.076 0.065 0.005 0.016 0.034
109 P 0.097 0.122 0.03 0.064 0.011 0.029 0.043 0.041 0.019 0.028 0.043 0.06 0.013 0.025 0.202 0.049 0.036 0.006 0.045 0.037
110 I 0.047 0.02 0.015 0.017 0.016 0.015 0.019 0.021 0.009 0.237 0.204 0.024 0.052 0.044 0.014 0.025 0.038 0.006 0.02 0.159
111 E 0.049 0.087 0.098 0.098 0.008 0.067 0.162 0.041 0.024 0.023 0.036 0.114 0.013 0.016 0.023 0.054 0.038 0.005 0.016 0.029
112 I 0.046 0.018 0.014 0.016 0.016 0.013 0.018 0.02 0.009 0.257 0.201 0.023 0.037 0.043 0.014 0.024 0.038 0.006 0.02 0.167
113 P 0.068 0.041 0.038 0.037 0.011 0.048 0.048 0.089 0.05 0.025 0.037 0.072 0.013 0.017 0.204 0.103 0.046 0.004 0.018 0.032
114 K 0.062 0.1 0.041 0.039 0.011 0.06 0.059 0.042 0.019 0.033 0.047 0.177 0.016 0.017 0.025 0.079 0.108 0.005 0.017 0.042
115 G 0.067 0.066 0.035 0.031 0.058 0.027 0.037 0.129 0.017 0.04 0.08 0.069 0.018 0.031 0.021 0.088 0.086 0.007 0.046 0.047
116 I 0.05 0.021 0.017 0.018 0.015 0.016 0.021 0.023 0.012 0.196 0.18 0.026 0.033 0.048 0.015 0.031 0.06 0.008 0.05 0.159
117 L 0.054 0.028 0.055 0.029 0.015 0.021 0.029 0.032 0.016 0.114 0.145 0.034 0.027 0.041 0.019 0.052 0.126 0.008 0.049 0.106
118 L 0.044 0.02 0.015 0.016 0.015 0.015 0.019 0.022 0.011 0.175 0.217 0.023 0.051 0.112 0.013 0.025 0.035 0.008 0.032 0.131
119 L 0.052 0.022 0.048 0.023 0.014 0.016 0.023 0.073 0.012 0.119 0.158 0.026 0.029 0.104 0.015 0.033 0.038 0.007 0.03 0.156
120 L 0.049 0.022 0.019 0.02 0.015 0.015 0.022 0.025 0.011 0.166 0.174 0.026 0.032 0.108 0.016 0.036 0.08 0.008 0.031 0.127
121 I 0.064 0.025 0.025 0.025 0.016 0.019 0.028 0.033 0.014 0.161 0.134 0.032 0.028 0.043 0.018 0.089 0.049 0.007 0.049 0.14
122 L 0.07 0.022 0.018 0.019 0.014 0.016 0.021 0.073 0.012 0.138 0.199 0.026 0.047 0.109 0.015 0.032 0.034 0.008 0.031 0.096
123 F 0.044 0.021 0.018 0.018 0.013 0.014 0.02 0.07 0.013 0.1 0.168 0.023 0.045 0.211 0.013 0.028 0.031 0.011 0.049 0.093
124 L 0.064 0.031 0.028 0.026 0.016 0.027 0.032 0.036 0.016 0.096 0.145 0.038 0.135 0.038 0.019 0.094 0.049 0.007 0.021 0.082
125 L 0.057 0.022 0.02 0.02 0.06 0.016 0.022 0.073 0.011 0.128 0.184 0.026 0.031 0.071 0.016 0.05 0.039 0.007 0.024 0.126
126 V 0.083 0.022 0.018 0.019 0.017 0.017 0.023 0.074 0.01 0.151 0.147 0.027 0.045 0.035 0.017 0.036 0.042 0.006 0.019 0.193
127 V 0.064 0.023 0.024 0.023 0.016 0.017 0.025 0.119 0.011 0.117 0.097 0.029 0.024 0.064 0.017 0.044 0.084 0.006 0.023 0.175
128 L 0.071 0.024 0.017 0.018 0.016 0.017 0.022 0.027 0.01 0.116 0.32 0.027 0.041 0.046 0.016 0.034 0.057 0.006 0.02 0.094
129 L 0.068 0.023 0.018 0.018 0.013 0.017 0.023 0.027 0.023 0.114 0.153 0.027 0.028 0.105 0.015 0.032 0.033 0.014 0.146 0.102
130 W 0.04 0.027 0.019 0.019 0.011 0.038 0.029 0.027 0.02 0.062 0.115 0.03 0.039 0.127 0.013 0.029 0.029 0.151 0.104 0.072
131 Y 0.072 0.029 0.026 0.023 0.012 0.023 0.031 0.033 0.064 0.067 0.079 0.034 0.035 0.082 0.018 0.056 0.035 0.017 0.203 0.059
132 F 0.037 0.022 0.018 0.017 0.011 0.016 0.022 0.023 0.028 0.079 0.121 0.024 0.024 0.216 0.013 0.027 0.027 0.019 0.194 0.063
133 R 0.045 0.144 0.089 0.038 0.009 0.037 0.046 0.037 0.023 0.059 0.086 0.133 0.019 0.032 0.02 0.045 0.037 0.007 0.047 0.049
134 Q 0.055 0.082 0.039 0.04 0.01 0.096 0.085 0.037 0.06 0.03 0.048 0.087 0.017 0.037 0.022 0.068 0.06 0.009 0.081 0.037
135 I 0.054 0.023 0.022 0.022 0.016 0.018 0.024 0.027 0.01 0.204 0.132 0.029 0.045 0.036 0.018 0.043 0.105 0.006 0.019 0.146
136 Y 0.042 0.071 0.024 0.022 0.01 0.028 0.035 0.027 0.032 0.049 0.121 0.088 0.022 0.082 0.017 0.034 0.03 0.017 0.199 0.049
137 E 0.084 0.074 0.071 0.095 0.01 0.063 0.158 0.046 0.022 0.025 0.038 0.066 0.014 0.017 0.024 0.092 0.045 0.005 0.016 0.034
138 I 0.044 0.019 0.015 0.017 0.015 0.014 0.018 0.021 0.01 0.229 0.202 0.023 0.051 0.078 0.014 0.025 0.036 0.007 0.026 0.137
139 A 0.204 0.034 0.039 0.038 0.018 0.028 0.045 0.068 0.016 0.034 0.047 0.047 0.016 0.02 0.028 0.177 0.064 0.005 0.017 0.052
140 L 0.052 0.056 0.021 0.02 0.014 0.02 0.025 0.071 0.014 0.091 0.225 0.035 0.032 0.046 0.016 0.035 0.057 0.008 0.049 0.112
141 L 0.103 0.037 0.027 0.029 0.015 0.082 0.046 0.039 0.016 0.12 0.143 0.047 0.028 0.03 0.02 0.063 0.043 0.006 0.019 0.087
142 A 0.165 0.026 0.026 0.027 0.018 0.021 0.031 0.138 0.012 0.078 0.074 0.035 0.02 0.024 0.022 0.073 0.047 0.005 0.017 0.142
143 G 0.075 0.022 0.037 0.032 0.01 0.018 0.024 0.533 0.013 0.018 0.027 0.032 0.009 0.015 0.018 0.049 0.028 0.005 0.01 0.023
144 N 0.039 0.034 0.199 0.051 0.009 0.025 0.036 0.045 0.031 0.034 0.054 0.039 0.015 0.119 0.016 0.049 0.037 0.013 0.119 0.036
145 T 0.096 0.066 0.068 0.041 0.015 0.029 0.043 0.051 0.017 0.036 0.048 0.052 0.016 0.02 0.07 0.123 0.139 0.005 0.016 0.049
146 G 0.067 0.034 0.069 0.088 0.011 0.034 0.12 0.178 0.019 0.034 0.041 0.049 0.013 0.018 0.022 0.088 0.043 0.005 0.014 0.054
147 G 0.08 0.025 0.04 0.035 0.011 0.02 0.029 0.448 0.014 0.02 0.029 0.036 0.01 0.016 0.02 0.087 0.037 0.005 0.011 0.026
148 Y 0.052 0.035 0.027 0.035 0.011 0.05 0.089 0.03 0.028 0.057 0.103 0.044 0.037 0.063 0.019 0.057 0.037 0.013 0.139 0.072
149 D 0.077 0.037 0.075 0.146 0.011 0.049 0.059 0.091 0.086 0.031 0.049 0.047 0.03 0.021 0.021 0.07 0.039 0.005 0.022 0.035
150 L 0.045 0.024 0.014 0.015 0.016 0.016 0.02 0.021 0.01 0.115 0.375 0.025 0.05 0.055 0.014 0.024 0.033 0.007 0.022 0.096
151 L 0.079 0.03 0.059 0.072 0.013 0.026 0.063 0.085 0.016 0.055 0.15 0.04 0.039 0.029 0.065 0.064 0.04 0.005 0.017 0.055
152 L 0.047 0.028 0.017 0.017 0.015 0.023 0.024 0.024 0.013 0.101 0.267 0.031 0.145 0.048 0.015 0.03 0.036 0.007 0.022 0.089
153 L 0.042 0.021 0.015 0.016 0.014 0.015 0.019 0.021 0.011 0.153 0.265 0.023 0.054 0.115 0.013 0.025 0.033 0.008 0.032 0.105
154 K 0.077 0.094 0.037 0.041 0.01 0.099 0.089 0.04 0.024 0.03 0.047 0.136 0.017 0.026 0.023 0.055 0.06 0.007 0.048 0.039
155 Y 0.044 0.027 0.023 0.02 0.01 0.021 0.028 0.027 0.04 0.042 0.067 0.031 0.018 0.142 0.016 0.05 0.031 0.024 0.296 0.045
156 A 0.301 0.029 0.024 0.027 0.02 0.024 0.037 0.07 0.014 0.052 0.063 0.041 0.018 0.022 0.027 0.076 0.047 0.005 0.017 0.087
157 R 0.042 0.376 0.037 0.03 0.007 0.046 0.05 0.031 0.022 0.022 0.044 0.114 0.015 0.017 0.018 0.042 0.033 0.006 0.017 0.03
158 L 0.051 0.063 0.023 0.022 0.013 0.023 0.03 0.028 0.018 0.114 0.174 0.062 0.029 0.052 0.017 0.051 0.038 0.01 0.079 0.1
159 A 0.229 0.028 0.026 0.027 0.018 0.024 0.034 0.149 0.014 0.047 0.075 0.039 0.049 0.024 0.024 0.067 0.042 0.006 0.017 0.062
160 V 0.06 0.03 0.027 0.026 0.015 0.041 0.034 0.031 0.018 0.102 0.116 0.037 0.025 0.048 0.019 0.062 0.086 0.009 0.079 0.134
161 L 0.07 0.022 0.017 0.019 0.016 0.016 0.022 0.027 0.01 0.165 0.226 0.026 0.035 0.076 0.016 0.035 0.058 0.007 0.026 0.111
162 Q 0.056 0.047 0.094 0.045 0.011 0.108 0.06 0.043 0.024 0.056 0.057 0.058 0.019 0.029 0.022 0.076 0.087 0.007 0.048 0.052
163 N 0.053 0.041 0.12 0.05 0.011 0.032 0.068 0.043 0.022 0.032 0.044 0.071 0.014 0.027 0.113 0.062 0.105 0.007 0.046 0.04
164 G 0.06 0.043 0.039 0.082 0.009 0.034 0.099 0.234 0.017 0.049 0.045 0.096 0.013 0.018 0.021 0.048 0.033 0.005 0.014 0.041
165 A 0.29 0.031 0.026 0.03 0.022 0.026 0.04 0.078 0.015 0.043 0.059 0.045 0.018 0.022 0.03 0.085 0.05 0.005 0.018 0.069
166 Y 0.044 0.031 0.023 0.027 0.011 0.046 0.061 0.025 0.027 0.102 0.125 0.038 0.042 0.071 0.016 0.033 0.033 0.014 0.151 0.076
167 S 0.076 0.071 0.076 0.08 0.014 0.052 0.055 0.052 0.02 0.03 0.043 0.058 0.015 0.019 0.025 0.152 0.101 0.005 0.016 0.041
168 V 0.061 0.06 0.027 0.026 0.015 0.022 0.031 0.032 0.012 0.121 0.122 0.041 0.026 0.03 0.069 0.065 0.091 0.005 0.018 0.127
169 G 0.081 0.033 0.047 0.083 0.013 0.03 0.073 0.197 0.017 0.026 0.037 0.046 0.013 0.018 0.024 0.135 0.075 0.005 0.014 0.035
170 L 0.055 0.097 0.029 0.028 0.013 0.028 0.036 0.032 0.014 0.083 0.112 0.074 0.038 0.027 0.065 0.05 0.104 0.006 0.018 0.089
171 P 0.061 0.036 0.152 0.054 0.011 0.028 0.044 0.053 0.021 0.025 0.035 0.048 0.012 0.016 0.215 0.092 0.05 0.004 0.015 0.031
172 G 0.069 0.044 0.038 0.035 0.013 0.028 0.041 0.139 0.016 0.038 0.057 0.088 0.017 0.095 0.022 0.091 0.087 0.008 0.03 0.044
173 L 0.077 0.024 0.025 0.058 0.015 0.019 0.03 0.077 0.014 0.102 0.169 0.03 0.028 0.042 0.018 0.041 0.059 0.007 0.048 0.116
174 L 0.048 0.024 0.017 0.018 0.016 0.017 0.022 0.024 0.01 0.12 0.35 0.026 0.043 0.048 0.015 0.044 0.037 0.006 0.021 0.094
175 A 0.116 0.032 0.092 0.041 0.015 0.025 0.038 0.098 0.017 0.081 0.064 0.042 0.018 0.023 0.023 0.114 0.074 0.005 0.016 0.066
176 L 0.045 0.033 0.03 0.026 0.012 0.044 0.038 0.028 0.148 0.11 0.168 0.037 0.029 0.037 0.016 0.033 0.033 0.006 0.033 0.094
177 L 0.1 0.023 0.022 0.022 0.015 0.017 0.025 0.082 0.013 0.104 0.149 0.029 0.027 0.138 0.017 0.058 0.038 0.008 0.036 0.079
178 L 0.07 0.029 0.03 0.028 0.016 0.022 0.032 0.038 0.013 0.079 0.216 0.036 0.031 0.036 0.02 0.115 0.073 0.006 0.019 0.09
179 L 0.071 0.023 0.018 0.019 0.015 0.017 0.023 0.029 0.012 0.106 0.194 0.027 0.047 0.143 0.015 0.036 0.056 0.009 0.038 0.102
180 L 0.042 0.021 0.015 0.016 0.014 0.015 0.02 0.022 0.012 0.147 0.218 0.024 0.066 0.148 0.013 0.026 0.033 0.009 0.038 0.101
181 L 0.076 0.029 0.033 0.031 0.06 0.022 0.033 0.087 0.014 0.076 0.151 0.037 0.025 0.03 0.021 0.133 0.053 0.005 0.017 0.065
182 K 0.049 0.152 0.064 0.036 0.01 0.041 0.051 0.037 0.023 0.035 0.058 0.159 0.032 0.029 0.021 0.05 0.059 0.007 0.047 0.04
183 A 0.194 0.03 0.032 0.032 0.063 0.025 0.038 0.06 0.014 0.049 0.059 0.041 0.018 0.022 0.026 0.121 0.076 0.005 0.017 0.079
184 L 0.043 0.021 0.015 0.016 0.014 0.015 0.02 0.021 0.013 0.169 0.238 0.024 0.052 0.088 0.014 0.025 0.033 0.009 0.056 0.111
185 A 0.202 0.033 0.038 0.037 0.018 0.027 0.042 0.111 0.016 0.033 0.046 0.046 0.015 0.02 0.027 0.158 0.06 0.005 0.016 0.05
186 Y 0.065 0.027 0.021 0.019 0.01 0.021 0.028 0.028 0.042 0.041 0.064 0.031 0.018 0.115 0.016 0.034 0.029 0.025 0.32 0.046
187 V 0.053 0.021 0.017 0.018 0.016 0.015 0.021 0.024 0.01 0.17 0.178 0.025 0.033 0.073 0.015 0.032 0.061 0.007 0.026 0.184
188 F 0.037 0.024 0.048 0.022 0.011 0.017 0.024 0.027 0.024 0.059 0.124 0.026 0.039 0.234 0.013 0.03 0.029 0.016 0.139 0.055
189 I 0.054 0.023 0.023 0.023 0.015 0.017 0.024 0.072 0.01 0.174 0.166 0.029 0.03 0.036 0.018 0.044 0.103 0.006 0.018 0.114
190 F 0.033 0.02 0.017 0.016 0.01 0.012 0.02 0.025 0.021 0.054 0.096 0.021 0.022 0.331 0.011 0.025 0.024 0.064 0.131 0.049
191 I 0.106 0.022 0.02 0.022 0.017 0.017 0.025 0.035 0.011 0.169 0.116 0.029 0.028 0.068 0.018 0.057 0.045 0.006 0.025 0.164
192 L 0.066 0.021 0.016 0.017 0.014 0.015 0.021 0.027 0.015 0.101 0.187 0.024 0.031 0.186 0.014 0.03 0.032 0.012 0.073 0.097
193 L 0.05 0.023 0.017 0.018 0.016 0.017 0.022 0.023 0.01 0.147 0.259 0.027 0.053 0.044 0.015 0.032 0.059 0.006 0.02 0.142
194 Y 0.038 0.03 0.055 0.026 0.009 0.023 0.031 0.03 0.1 0.04 0.065 0.032 0.018 0.15 0.015 0.034 0.028 0.019 0.218 0.04
195 N 0.041 0.043 0.349 0.079 0.009 0.032 0.047 0.062 0.03 0.021 0.03 0.051 0.011 0.017 0.019 0.066 0.047 0.004 0.015 0.026
196 F 0.048 0.044 0.026 0.026 0.012 0.025 0.035 0.031 0.015 0.098 0.118 0.104 0.025 0.134 0.018 0.043 0.078 0.008 0.036 0.074
197 I 0.049 0.023 0.021 0.02 0.014 0.017 0.024 0.025 0.047 0.166 0.142 0.027 0.029 0.08 0.015 0.033 0.058 0.009 0.059 0.142
198 L 0.069 0.025 0.021 0.02 0.013 0.02 0.026 0.029 0.054 0.111 0.13 0.029 0.042 0.096 0.016 0.034 0.034 0.013 0.119 0.099
199 F 0.047 0.057 0.022 0.022 0.061 0.018 0.026 0.03 0.015 0.053 0.113 0.034 0.022 0.219 0.064 0.052 0.034 0.01 0.05 0.051
200 G 0.056 0.089 0.095 0.048 0.009 0.039 0.074 0.178 0.02 0.022 0.035 0.149 0.012 0.016 0.022 0.053 0.036 0.005 0.014 0.028
201 D 0.041 0.03 0.069 0.397 0.008 0.03 0.091 0.047 0.019 0.022 0.028 0.045 0.009 0.015 0.022 0.052 0.035 0.004 0.011 0.024
202 V 0.07 0.022 0.016 0.018 0.019 0.016 0.023 0.025 0.008 0.165 0.13 0.026 0.032 0.036 0.016 0.033 0.049 0.006 0.021 0.269
203 K 0.047 0.072 0.07 0.039 0.008 0.04 0.054 0.039 0.063 0.031 0.05 0.186 0.016 0.073 0.022 0.047 0.035 0.009 0.065 0.034
204 S 0.11 0.04 0.054 0.049 0.018 0.033 0.052 0.066 0.019 0.03 0.042 0.054 0.016 0.021 0.03 0.22 0.082 0.005 0.018 0.042
205 R 0.048 0.209 0.072 0.045 0.008 0.048 0.086 0.039 0.023 0.024 0.041 0.167 0.014 0.016 0.022 0.05 0.037 0.005 0.016 0.03
206 A 0.17 0.024 0.02 0.024 0.019 0.019 0.029 0.049 0.012 0.159 0.113 0.034 0.027 0.033 0.022 0.055 0.045 0.006 0.019 0.122
207 K 0.056 0.127 0.066 0.04 0.01 0.041 0.053 0.041 0.019 0.053 0.053 0.178 0.017 0.019 0.023 0.07 0.064 0.005 0.017 0.047
208 R 0.055 0.102 0.031 0.034 0.012 0.052 0.069 0.033 0.017 0.075 0.101 0.08 0.022 0.06 0.02 0.063 0.062 0.006 0.024 0.08
209 D 0.046 0.064 0.097 0.15 0.009 0.031 0.077 0.042 0.022 0.033 0.071 0.049 0.015 0.033 0.019 0.064 0.038 0.053 0.05 0.035
210 I 0.049 0.027 0.018 0.019 0.059 0.017 0.024 0.024 0.013 0.165 0.143 0.049 0.029 0.078 0.015 0.03 0.036 0.008 0.055 0.141
211 L 0.051 0.056 0.021 0.02 0.014 0.02 0.026 0.026 0.015 0.145 0.196 0.036 0.048 0.048 0.016 0.049 0.039 0.008 0.05 0.117
212 Y 0.044 0.026 0.023 0.02 0.01 0.02 0.026 0.071 0.033 0.048 0.096 0.03 0.02 0.125 0.016 0.036 0.05 0.02 0.235 0.05
213 L 0.068 0.022 0.015 0.017 0.015 0.015 0.021 0.027 0.012 0.112 0.245 0.024 0.036 0.146 0.014 0.029 0.033 0.009 0.038 0.105
214 L 0.042 0.02 0.015 0.016 0.014 0.013 0.019 0.022 0.011 0.136 0.254 0.022 0.037 0.148 0.013 0.024 0.032 0.009 0.038 0.114
215 P 0.053 0.024 0.021 0.028 0.01 0.019 0.033 0.033 0.012 0.05 0.046 0.038 0.012 0.015 0.472 0.04 0.035 0.003 0.013 0.042
216 I 0.063 0.023 0.024 0.025 0.015 0.018 0.026 0.076 0.011 0.159 0.13 0.031 0.027 0.032 0.063 0.071 0.045 0.005 0.018 0.137
217 L 0.055 0.02 0.017 0.018 0.016 0.015 0.02 0.068 0.009 0.172 0.202 0.025 0.034 0.039 0.015 0.029 0.039 0.006 0.019 0.183
218 L 0.049 0.022 0.015 0.016 0.016 0.017 0.02 0.022 0.01 0.169 0.248 0.026 0.069 0.045 0.014 0.027 0.037 0.006 0.021 0.15
219 Y 0.041 0.026 0.051 0.024 0.009 0.02 0.027 0.074 0.035 0.041 0.066 0.03 0.018 0.158 0.015 0.034 0.028 0.021 0.241 0.042
220 L 0.048 0.021 0.017 0.017 0.015 0.014 0.02 0.068 0.011 0.119 0.244 0.024 0.035 0.111 0.014 0.027 0.033 0.008 0.031 0.124
221 I 0.077 0.019 0.018 0.019 0.105 0.014 0.02 0.074 0.01 0.172 0.113 0.024 0.026 0.067 0.016 0.035 0.037 0.006 0.023 0.127
222 Q 0.052 0.056 0.065 0.042 0.01 0.169 0.074 0.039 0.024 0.059 0.068 0.069 0.037 0.021 0.021 0.053 0.062 0.006 0.019 0.053
223 Y 0.095 0.024 0.018 0.019 0.014 0.018 0.025 0.032 0.023 0.13 0.126 0.029 0.026 0.068 0.017 0.037 0.036 0.013 0.139 0.11
224 A 0.149 0.032 0.034 0.033 0.018 0.026 0.039 0.054 0.015 0.063 0.075 0.042 0.035 0.025 0.025 0.132 0.079 0.005 0.018 0.102
225 L 0.045 0.022 0.014 0.015 0.016 0.015 0.019 0.02 0.009 0.15 0.335 0.024 0.043 0.049 0.014 0.024 0.034 0.006 0.021 0.125
226 G 0.078 0.023 0.039 0.034 0.011 0.019 0.026 0.51 0.014 0.019 0.028 0.034 0.009 0.016 0.019 0.051 0.03 0.005 0.011 0.024
227 T 0.08 0.032 0.042 0.037 0.015 0.026 0.038 0.138 0.015 0.035 0.047 0.042 0.015 0.023 0.024 0.136 0.138 0.052 0.02 0.046
228 G 0.071 0.028 0.038 0.033 0.015 0.022 0.031 0.219 0.013 0.048 0.055 0.038 0.016 0.021 0.022 0.069 0.169 0.005 0.015 0.073
229 G 0.128 0.029 0.039 0.036 0.015 0.024 0.035 0.277 0.015 0.028 0.039 0.04 0.013 0.018 0.023 0.115 0.068 0.005 0.014 0.039
230 R 0.042 0.376 0.037 0.03 0.007 0.046 0.05 0.031 0.022 0.022 0.044 0.114 0.015 0.017 0.018 0.042 0.033 0.006 0.017 0.03
231 G 0.065 0.03 0.035 0.032 0.013 0.041 0.034 0.216 0.014 0.083 0.065 0.039 0.018 0.023 0.021 0.059 0.123 0.005 0.015 0.067
232 A 0.1 0.032 0.033 0.1 0.013 0.062 0.05 0.086 0.016 0.057 0.068 0.042 0.019 0.092 0.019 0.048 0.037 0.007 0.028 0.089
233 F 0.065 0.021 0.017 0.018 0.013 0.015 0.022 0.028 0.017 0.091 0.113 0.024 0.04 0.251 0.014 0.031 0.031 0.013 0.085 0.089
234 I 0.045 0.017 0.014 0.017 0.015 0.013 0.017 0.02 0.008 0.306 0.16 0.022 0.035 0.042 0.014 0.024 0.038 0.006 0.02 0.168
235 E 0.048 0.137 0.065 0.06 0.008 0.068 0.179 0.035 0.027 0.024 0.041 0.079 0.014 0.026 0.021 0.049 0.035 0.007 0.047 0.031
236 L 0.038 0.023 0.016 0.016 0.012 0.016 0.021 0.023 0.021 0.075 0.226 0.024 0.032 0.139 0.013 0.025 0.028 0.06 0.126 0.066
237 I 0.073 0.021 0.018 0.019 0.016 0.016 0.022 0.027 0.01 0.187 0.178 0.026 0.033 0.073 0.016 0.035 0.059 0.007 0.025 0.138
238 S 0.105 0.032 0.038 0.035 0.017 0.025 0.038 0.094 0.014 0.058 0.062 0.042 0.018 0.023 0.025 0.135 0.121 0.005 0.017 0.096
239 F 0.049 0.026 0.024 0.022 0.012 0.019 0.027 0.029 0.026 0.062 0.091 0.03 0.037 0.17 0.016 0.055 0.057 0.016 0.157 0.076
240 I 0.05 0.022 0.02 0.02 0.015 0.016 0.023 0.026 0.014 0.146 0.14 0.027 0.029 0.113 0.016 0.037 0.08 0.009 0.061 0.135
241 L 0.043 0.02 0.014 0.016 0.015 0.014 0.018 0.02 0.01 0.194 0.267 0.023 0.04 0.081 0.013 0.024 0.034 0.007 0.026 0.123
242 I 0.047 0.023 0.018 0.019 0.015 0.018 0.022 0.024 0.012 0.185 0.176 0.027 0.079 0.076 0.015 0.033 0.058 0.007 0.026 0.12
243 L 0.043 0.023 0.015 0.016 0.015 0.017 0.02 0.022 0.011 0.138 0.294 0.025 0.071 0.082 0.014 0.025 0.033 0.008 0.027 0.101
244 Y 0.06 0.029 0.03 0.027 0.013 0.022 0.032 0.035 0.056 0.079 0.105 0.034 0.023 0.092 0.018 0.091 0.044 0.012 0.118 0.081
245 F 0.071 0.021 0.019 0.019 0.013 0.015 0.022 0.074 0.015 0.097 0.127 0.025 0.026 0.181 0.015 0.033 0.033 0.011 0.072 0.11
246 L 0.042 0.02 0.015 0.016 0.014 0.014 0.019 0.021 0.013 0.206 0.214 0.023 0.036 0.086 0.014 0.024 0.034 0.009 0.056 0.126
247 L 0.04 0.022 0.016 0.016 0.013 0.015 0.02 0.023 0.013 0.107 0.236 0.024 0.066 0.182 0.013 0.026 0.031 0.01 0.044 0.084
248 V 0.07 0.022 0.016 0.018 0.019 0.016 0.023 0.025 0.008 0.165 0.13 0.026 0.032 0.036 0.016 0.033 0.049 0.006 0.021 0.269
249 L 0.045 0.032 0.021 0.024 0.056 0.024 0.054 0.027 0.022 0.059 0.124 0.055 0.023 0.062 0.015 0.032 0.031 0.104 0.117 0.072
250 K 0.063 0.096 0.04 0.038 0.011 0.078 0.061 0.042 0.02 0.054 0.055 0.155 0.018 0.019 0.024 0.089 0.067 0.005 0.017 0.049
251 K 0.05 0.107 0.036 0.034 0.009 0.043 0.056 0.036 0.054 0.052 0.054 0.218 0.017 0.029 0.023 0.045 0.035 0.007 0.051 0.044
252 K 0.065 0.071 0.068 0.042 0.011 0.04 0.056 0.045 0.019 0.04 0.049 0.191 0.016 0.018 0.025 0.091 0.069 0.005 0.017 0.06
253 N 0.076 0.044 0.207 0.058 0.011 0.032 0.046 0.056 0.026 0.029 0.04 0.072 0.013 0.028 0.022 0.082 0.069 0.007 0.046 0.037
254 G 0.057 0.08 0.122 0.047 0.01 0.052 0.049 0.135 0.021 0.049 0.047 0.102 0.015 0.019 0.021 0.07 0.042 0.005 0.016 0.042
255 W 0.049 0.029 0.026 0.025 0.009 0.04 0.034 0.082 0.016 0.027 0.046 0.034 0.015 0.043 0.013 0.07 0.034 0.331 0.047 0.031
256 K 0.063 0.085 0.1 0.082 0.011 0.037 0.056 0.05 0.021 0.025 0.037 0.126 0.013 0.016 0.069 0.108 0.049 0.005 0.015 0.032
257 T 0.059 0.102 0.094 0.042 0.012 0.032 0.042 0.088 0.018 0.056 0.055 0.08 0.016 0.021 0.022 0.078 0.108 0.005 0.016 0.052
258 S 0.063 0.1 0.034 0.036 0.013 0.032 0.066 0.038 0.02 0.089 0.082 0.057 0.037 0.037 0.021 0.101 0.048 0.008 0.051 0.068
259 V 0.07 0.022 0.016 0.018 0.019 0.016 0.023 0.025 0.008 0.165 0.13 0.026 0.032 0.036 0.016 0.033 0.049 0.006 0.021 0.269
260 P 0.057 0.026 0.023 0.031 0.01 0.021 0.036 0.036 0.013 0.026 0.036 0.041 0.01 0.013 0.494 0.044 0.036 0.003 0.013 0.031
261 L 0.053 0.038 0.088 0.036 0.012 0.026 0.036 0.082 0.052 0.057 0.117 0.062 0.022 0.036 0.019 0.051 0.081 0.008 0.051 0.072
262 N 0.045 0.039 0.178 0.121 0.01 0.028 0.049 0.046 0.021 0.068 0.085 0.066 0.018 0.023 0.019 0.051 0.042 0.005 0.016 0.07
263 W 0.052 0.033 0.053 0.028 0.057 0.022 0.031 0.035 0.014 0.057 0.12 0.056 0.022 0.037 0.016 0.059 0.06 0.145 0.03 0.072
264 K 0.078 0.12 0.038 0.038 0.009 0.048 0.063 0.043 0.019 0.027 0.043 0.27 0.015 0.015 0.026 0.053 0.038 0.005 0.017 0.034
265 I 0.046 0.019 0.015 0.017 0.015 0.014 0.019 0.02 0.012 0.233 0.193 0.024 0.035 0.051 0.014 0.025 0.037 0.008 0.05 0.155
266 L 0.098 0.022 0.016 0.018 0.016 0.016 0.023 0.031 0.01 0.155 0.197 0.027 0.033 0.073 0.016 0.035 0.038 0.007 0.025 0.143
267 L 0.059 0.048 0.031 0.03 0.013 0.029 0.04 0.036 0.017 0.078 0.155 0.11 0.026 0.039 0.021 0.08 0.065 0.008 0.048 0.066
268 L 0.046 0.023 0.017 0.017 0.014 0.017 0.022 0.022 0.022 0.129 0.186 0.026 0.031 0.073 0.014 0.027 0.034 0.014 0.14 0.127
269 G 0.141 0.025 0.032 0.03 0.014 0.02 0.029 0.317 0.013 0.04 0.047 0.035 0.014 0.019 0.021 0.06 0.058 0.005 0.013 0.064
270 V 0.128 0.022 0.02 0.021 0.017 0.017 0.025 0.083 0.011 0.144 0.105 0.029 0.025 0.066 0.018 0.044 0.041 0.006 0.024 0.153
271 L 0.08 0.03 0.023 0.024 0.015 0.02 0.028 0.078 0.012 0.133 0.153 0.054 0.028 0.068 0.018 0.056 0.04 0.007 0.024 0.109
272 G 0.144 0.028 0.036 0.033 0.015 0.022 0.033 0.276 0.014 0.031 0.043 0.039 0.013 0.019 0.023 0.084 0.084 0.005 0.014 0.044
273 L 0.044 0.021 0.014 0.015 0.015 0.014 0.019 0.021 0.01 0.163 0.286 0.023 0.04 0.081 0.014 0.024 0.034 0.007 0.026 0.128
274 I 0.101 0.021 0.02 0.021 0.015 0.016 0.023 0.123 0.01 0.17 0.162 0.028 0.029 0.035 0.017 0.039 0.037 0.006 0.018 0.109
275 L 0.053 0.021 0.015 0.016 0.016 0.015 0.02 0.022 0.009 0.162 0.206 0.024 0.035 0.075 0.014 0.027 0.039 0.007 0.026 0.198
276 F 0.035 0.02 0.016 0.016 0.011 0.012 0.019 0.024 0.015 0.068 0.143 0.02 0.042 0.349 0.011 0.025 0.026 0.014 0.073 0.059
277 L 0.04 0.021 0.014 0.015 0.014 0.014 0.019 0.021 0.011 0.114 0.302 0.022 0.04 0.15 0.013 0.023 0.03 0.009 0.038 0.088
278 I 0.077 0.021 0.018 0.019 0.016 0.016 0.022 0.028 0.01 0.178 0.149 0.027 0.031 0.071 0.016 0.037 0.062 0.007 0.025 0.169
279 L 0.054 0.021 0.017 0.018 0.016 0.015 0.02 0.068 0.01 0.15 0.197 0.024 0.033 0.073 0.015 0.029 0.037 0.007 0.025 0.173
280 F 0.032 0.018 0.016 0.016 0.01 0.01 0.018 0.024 0.016 0.06 0.109 0.018 0.024 0.416 0.01 0.024 0.024 0.016 0.085 0.052
281 R 0.044 0.121 0.024 0.023 0.011 0.044 0.035 0.026 0.019 0.121 0.097 0.053 0.024 0.107 0.016 0.033 0.034 0.009 0.061 0.098
282 F 0.068 0.022 0.019 0.019 0.013 0.016 0.022 0.074 0.016 0.088 0.158 0.026 0.043 0.183 0.014 0.033 0.031 0.012 0.073 0.071
283 L 0.073 0.025 0.018 0.019 0.016 0.017 0.024 0.029 0.011 0.092 0.313 0.028 0.039 0.079 0.016 0.05 0.037 0.007 0.026 0.081
284 G 0.075 0.022 0.037 0.032 0.01 0.018 0.024 0.533 0.013 0.018 0.027 0.032 0.009 0.015 0.018 0.049 0.028 0.005 0.01 0.023
285 F 0.044 0.028 0.111 0.037 0.011 0.021 0.03 0.038 0.022 0.071 0.089 0.033 0.036 0.177 0.016 0.058 0.038 0.011 0.072 0.057
286 L 0.066 0.022 0.015 0.016 0.015 0.015 0.021 0.026 0.011 0.112 0.297 0.025 0.039 0.115 0.014 0.029 0.032 0.008 0.032 0.089
287 T 0.088 0.052 0.039 0.036 0.015 0.033 0.046 0.044 0.015 0.043 0.056 0.117 0.017 0.02 0.026 0.077 0.194 0.005 0.017 0.058
288 G 0.068 0.027 0.094 0.041 0.011 0.021 0.03 0.403 0.016 0.022 0.031 0.037 0.01 0.016 0.019 0.056 0.055 0.005 0.012 0.028
289 K 0.046 0.105 0.032 0.032 0.008 0.041 0.053 0.037 0.019 0.027 0.044 0.215 0.015 0.027 0.02 0.042 0.033 0.145 0.03 0.03
290 T 0.121 0.039 0.039 0.036 0.016 0.028 0.042 0.052 0.016 0.042 0.057 0.068 0.017 0.057 0.026 0.124 0.138 0.006 0.023 0.055
291 G 0.078 0.034 0.068 0.117 0.01 0.05 0.101 0.178 0.019 0.026 0.04 0.048 0.013 0.052 0.021 0.052 0.035 0.006 0.02 0.032
292 G 0.071 0.042 0.079 0.04 0.014 0.028 0.041 0.115 0.017 0.057 0.1 0.077 0.021 0.025 0.022 0.101 0.051 0.005 0.017 0.078
293 L 0.103 0.096 0.028 0.027 0.014 0.027 0.036 0.085 0.015 0.076 0.153 0.073 0.025 0.029 0.02 0.063 0.04 0.006 0.018 0.066
294 N 0.066 0.043 0.13 0.091 0.011 0.034 0.076 0.097 0.021 0.026 0.037 0.074 0.013 0.018 0.024 0.115 0.072 0.005 0.015 0.034
295 L 0.071 0.022 0.016 0.018 0.015 0.016 0.022 0.027 0.01 0.131 0.243 0.026 0.035 0.075 0.061 0.031 0.035 0.007 0.025 0.113
296 W 0.048 0.031 0.023 0.022 0.012 0.02 0.029 0.032 0.014 0.06 0.126 0.053 0.023 0.077 0.015 0.053 0.056 0.192 0.042 0.072
297 D 0.05 0.033 0.057 0.294 0.009 0.035 0.123 0.044 0.019 0.025 0.033 0.049 0.011 0.016 0.023 0.073 0.061 0.004 0.013 0.03
298 T 0.057 0.031 0.067 0.105 0.014 0.025 0.043 0.039 0.015 0.062 0.101 0.04 0.036 0.026 0.022 0.063 0.149 0.005 0.017 0.081
299 I 0.045 0.018 0.014 0.016 0.015 0.013 0.018 0.021 0.009 0.234 0.197 0.023 0.036 0.077 0.014 0.024 0.036 0.007 0.026 0.156
300 S 0.145 0.037 0.047 0.043 0.017 0.03 0.048 0.065 0.018 0.031 0.043 0.05 0.015 0.02 0.028 0.225 0.073 0.005 0.017 0.045
301 I 0.047 0.019 0.014 0.016 0.015 0.013 0.018 0.021 0.009 0.221 0.193 0.023 0.035 0.076 0.014 0.025 0.037 0.007 0.026 0.168
302 Y 0.039 0.027 0.021 0.018 0.009 0.021 0.027 0.024 0.044 0.042 0.065 0.03 0.018 0.125 0.015 0.03 0.027 0.027 0.35 0.044
303 L 0.057 0.026 0.027 0.025 0.015 0.02 0.027 0.076 0.012 0.096 0.151 0.032 0.043 0.068 0.019 0.051 0.124 0.007 0.024 0.099
304 G 0.075 0.022 0.037 0.032 0.01 0.018 0.024 0.533 0.013 0.018 0.027 0.032 0.009 0.015 0.018 0.049 0.028 0.005 0.01 0.023
305 G 0.083 0.03 0.04 0.036 0.014 0.025 0.036 0.227 0.015 0.038 0.082 0.04 0.033 0.024 0.022 0.14 0.052 0.005 0.015 0.043
306 S 0.095 0.036 0.046 0.043 0.015 0.029 0.047 0.058 0.017 0.028 0.039 0.049 0.014 0.019 0.117 0.218 0.07 0.005 0.016 0.038
307 I 0.045 0.017 0.014 0.017 0.015 0.013 0.017 0.02 0.008 0.288 0.182 0.023 0.036 0.043 0.014 0.024 0.037 0.006 0.02 0.161
308 V 0.09 0.025 0.024 0.025 0.016 0.02 0.03 0.037 0.011 0.108 0.115 0.034 0.024 0.029 0.11 0.077 0.048 0.005 0.018 0.153
309 A 0.216 0.029 0.033 0.033 0.017 0.024 0.037 0.198 0.015 0.032 0.045 0.041 0.014 0.019 0.025 0.104 0.048 0.005 0.015 0.049
310 L 0.04 0.022 0.014 0.015 0.014 0.014 0.019 0.021 0.011 0.096 0.324 0.022 0.041 0.151 0.013 0.023 0.03 0.009 0.039 0.081
311 D 0.046 0.036 0.193 0.234 0.009 0.03 0.065 0.054 0.023 0.022 0.029 0.047 0.01 0.016 0.021 0.076 0.044 0.004 0.013 0.026
312 N 0.047 0.047 0.12 0.045 0.01 0.07 0.052 0.041 0.091 0.063 0.058 0.073 0.018 0.032 0.019 0.047 0.038 0.007 0.054 0.067
313 Y 0.036 0.024 0.019 0.017 0.009 0.017 0.024 0.024 0.034 0.046 0.076 0.026 0.019 0.198 0.013 0.027 0.026 0.068 0.252 0.045
314 L 0.044 0.021 0.014 0.015 0.015 0.014 0.019 0.021 0.01 0.145 0.308 0.023 0.041 0.082 0.013 0.024 0.034 0.007 0.027 0.121
315 N 0.078 0.072 0.097 0.084 0.011 0.073 0.081 0.091 0.021 0.029 0.042 0.061 0.015 0.017 0.022 0.063 0.083 0.005 0.016 0.039
316 N 0.062 0.048 0.153 0.058 0.011 0.055 0.078 0.052 0.023 0.032 0.07 0.078 0.016 0.02 0.023 0.111 0.051 0.005 0.017 0.037
317 P 0.076 0.026 0.025 0.026 0.011 0.02 0.031 0.08 0.052 0.044 0.056 0.034 0.015 0.074 0.199 0.041 0.033 0.009 0.085 0.061
318 R 0.05 0.12 0.033 0.029 0.011 0.033 0.043 0.033 0.057 0.077 0.074 0.111 0.02 0.067 0.019 0.044 0.062 0.007 0.029 0.081
319 N 0.043 0.045 0.317 0.083 0.009 0.034 0.049 0.065 0.032 0.022 0.032 0.054 0.011 0.018 0.02 0.07 0.049 0.004 0.016 0.027
320 P 0.061 0.032 0.067 0.074 0.011 0.026 0.044 0.088 0.083 0.036 0.042 0.042 0.013 0.02 0.156 0.083 0.042 0.005 0.021 0.053
