#Seq2Logo.py -f /work3/idamei/ssn-clusterings/clustering/2205171701/clusters/0014_51/sequences.afa -o /work3/idamei/ssn-clusterings/clustering/2205171701/clusters/0014_51/sequences.logo
#Position Specific Frequency Matrix
A R N D C Q E G H I L K M F P S T W Y V
0 L 0.052 0.032 0.02 0.02 0.016 0.028 0.028 0.028 0.016 0.101 0.198 0.036 0.157 0.048 0.016 0.036 0.04 0.008 0.024 0.093
1 R 0.045 0.342 0.039 0.031 0.008 0.049 0.053 0.033 0.023 0.023 0.047 0.121 0.016 0.017 0.019 0.045 0.035 0.006 0.017 0.031
2 S 0.11 0.04 0.054 0.049 0.018 0.033 0.053 0.067 0.019 0.03 0.042 0.054 0.016 0.021 0.03 0.216 0.082 0.005 0.018 0.042
3 I 0.047 0.018 0.015 0.018 0.016 0.013 0.018 0.021 0.009 0.268 0.169 0.024 0.037 0.044 0.015 0.025 0.04 0.006 0.021 0.177
4 F 0.034 0.019 0.017 0.017 0.011 0.011 0.019 0.026 0.017 0.064 0.115 0.019 0.026 0.384 0.011 0.026 0.026 0.017 0.089 0.055
5 L 0.052 0.03 0.019 0.019 0.016 0.026 0.027 0.027 0.015 0.103 0.187 0.034 0.169 0.046 0.016 0.035 0.04 0.008 0.023 0.107
6 F 0.065 0.021 0.017 0.018 0.015 0.016 0.021 0.028 0.013 0.155 0.141 0.025 0.055 0.161 0.015 0.032 0.035 0.01 0.043 0.115
7 L 0.045 0.032 0.025 0.041 0.01 0.032 0.119 0.027 0.024 0.068 0.129 0.042 0.03 0.115 0.017 0.036 0.032 0.013 0.102 0.06
8 N 0.039 0.031 0.175 0.049 0.01 0.022 0.033 0.043 0.022 0.08 0.08 0.036 0.02 0.15 0.016 0.046 0.039 0.009 0.04 0.06
9 L 0.104 0.023 0.017 0.019 0.016 0.016 0.024 0.034 0.012 0.13 0.205 0.028 0.034 0.101 0.017 0.038 0.037 0.008 0.031 0.107
10 L 0.045 0.021 0.014 0.016 0.016 0.015 0.019 0.021 0.01 0.182 0.294 0.024 0.047 0.049 0.014 0.024 0.035 0.007 0.021 0.126
11 G 0.079 0.023 0.039 0.034 0.011 0.019 0.026 0.508 0.014 0.019 0.028 0.034 0.009 0.016 0.019 0.052 0.03 0.005 0.011 0.024
12 L 0.052 0.032 0.02 0.02 0.016 0.028 0.028 0.028 0.016 0.101 0.198 0.036 0.157 0.048 0.016 0.036 0.04 0.008 0.024 0.093
13 I 0.054 0.022 0.019 0.02 0.017 0.016 0.022 0.025 0.01 0.189 0.187 0.027 0.035 0.04 0.017 0.037 0.077 0.006 0.02 0.16
14 F 0.066 0.026 0.028 0.027 0.095 0.019 0.029 0.039 0.015 0.062 0.107 0.031 0.026 0.152 0.018 0.099 0.047 0.009 0.04 0.066
15 I 0.049 0.02 0.015 0.017 0.016 0.014 0.019 0.021 0.009 0.22 0.219 0.024 0.038 0.045 0.015 0.025 0.039 0.006 0.021 0.17
16 L 0.047 0.023 0.015 0.016 0.016 0.015 0.02 0.022 0.01 0.126 0.284 0.024 0.047 0.093 0.014 0.026 0.035 0.008 0.03 0.13
17 F 0.036 0.02 0.016 0.016 0.012 0.012 0.019 0.023 0.014 0.079 0.205 0.021 0.033 0.286 0.012 0.024 0.027 0.013 0.065 0.067
18 L 0.155 0.025 0.019 0.021 0.018 0.019 0.028 0.044 0.011 0.122 0.194 0.032 0.032 0.037 0.02 0.049 0.041 0.006 0.019 0.107
19 L 0.046 0.021 0.015 0.016 0.015 0.014 0.02 0.023 0.012 0.124 0.215 0.023 0.038 0.164 0.013 0.026 0.034 0.01 0.043 0.129
20 S 0.126 0.034 0.04 0.038 0.018 0.027 0.042 0.056 0.015 0.068 0.065 0.045 0.019 0.024 0.026 0.153 0.1 0.005 0.018 0.081
21 G 0.078 0.023 0.039 0.034 0.011 0.019 0.026 0.51 0.014 0.019 0.028 0.034 0.009 0.016 0.019 0.051 0.03 0.005 0.011 0.024
22 A 0.291 0.031 0.026 0.03 0.022 0.026 0.04 0.078 0.015 0.043 0.059 0.044 0.017 0.022 0.03 0.085 0.05 0.005 0.017 0.069
23 F 0.053 0.024 0.023 0.022 0.015 0.017 0.025 0.029 0.013 0.09 0.149 0.028 0.029 0.157 0.017 0.044 0.096 0.009 0.042 0.118
24 L 0.09 0.023 0.016 0.018 0.057 0.016 0.022 0.031 0.01 0.128 0.265 0.027 0.038 0.043 0.017 0.035 0.037 0.006 0.02 0.101
25 L 0.048 0.021 0.015 0.016 0.016 0.015 0.02 0.021 0.009 0.164 0.273 0.024 0.041 0.062 0.014 0.025 0.037 0.007 0.024 0.148
26 A 0.127 0.099 0.034 0.033 0.015 0.033 0.045 0.05 0.017 0.048 0.106 0.096 0.022 0.025 0.024 0.096 0.049 0.006 0.018 0.058
27 N 0.053 0.04 0.21 0.061 0.011 0.03 0.044 0.054 0.054 0.038 0.093 0.047 0.018 0.025 0.02 0.087 0.049 0.005 0.02 0.04
28 A 0.13 0.101 0.026 0.025 0.013 0.028 0.038 0.045 0.022 0.043 0.06 0.068 0.017 0.053 0.02 0.05 0.036 0.093 0.08 0.054
29 G 0.057 0.188 0.039 0.034 0.009 0.077 0.053 0.197 0.021 0.022 0.04 0.083 0.014 0.016 0.02 0.048 0.034 0.006 0.015 0.029
30 L 0.044 0.022 0.015 0.016 0.014 0.014 0.02 0.023 0.012 0.104 0.254 0.023 0.038 0.166 0.013 0.025 0.033 0.01 0.043 0.113
31 R 0.046 0.244 0.088 0.041 0.008 0.046 0.055 0.04 0.023 0.024 0.042 0.151 0.014 0.017 0.021 0.05 0.038 0.005 0.017 0.03
32 I 0.043 0.019 0.016 0.017 0.014 0.014 0.019 0.022 0.016 0.206 0.139 0.024 0.034 0.117 0.014 0.026 0.035 0.011 0.084 0.13
33 F 0.039 0.02 0.015 0.016 0.013 0.013 0.019 0.023 0.013 0.117 0.213 0.021 0.035 0.226 0.012 0.024 0.03 0.012 0.054 0.087
34 G 0.097 0.034 0.048 0.043 0.015 0.028 0.042 0.217 0.017 0.025 0.036 0.046 0.013 0.019 0.025 0.176 0.063 0.005 0.015 0.035
35 F 0.046 0.035 0.029 0.037 0.011 0.059 0.085 0.032 0.019 0.047 0.08 0.044 0.021 0.21 0.018 0.046 0.069 0.011 0.052 0.049
36 R 0.047 0.228 0.088 0.043 0.008 0.077 0.061 0.04 0.025 0.024 0.043 0.124 0.015 0.016 0.021 0.051 0.038 0.005 0.017 0.031
37 P 0.097 0.026 0.023 0.03 0.012 0.021 0.036 0.042 0.013 0.028 0.039 0.041 0.011 0.014 0.426 0.05 0.038 0.003 0.013 0.036
38 S 0.079 0.04 0.051 0.042 0.014 0.033 0.049 0.052 0.135 0.031 0.043 0.049 0.016 0.024 0.025 0.148 0.093 0.006 0.03 0.039
39 P 0.059 0.022 0.018 0.022 0.015 0.017 0.026 0.027 0.01 0.125 0.1 0.03 0.024 0.051 0.179 0.034 0.041 0.005 0.022 0.172
40 L 0.048 0.023 0.014 0.015 0.016 0.016 0.02 0.021 0.01 0.121 0.347 0.025 0.045 0.05 0.014 0.025 0.035 0.007 0.021 0.126
41 G 0.12 0.026 0.038 0.035 0.013 0.022 0.032 0.372 0.014 0.024 0.035 0.038 0.012 0.017 0.022 0.087 0.041 0.005 0.013 0.034
42 F 0.139 0.027 0.025 0.026 0.016 0.02 0.031 0.048 0.015 0.058 0.128 0.034 0.025 0.153 0.02 0.08 0.043 0.009 0.041 0.063
43 F 0.052 0.025 0.022 0.023 0.014 0.019 0.027 0.029 0.018 0.094 0.101 0.031 0.029 0.108 0.098 0.041 0.073 0.011 0.082 0.105
44 L 0.043 0.02 0.014 0.016 0.015 0.014 0.018 0.021 0.01 0.194 0.242 0.023 0.039 0.092 0.014 0.024 0.035 0.008 0.029 0.128
45 L 0.045 0.02 0.019 0.019 0.013 0.014 0.02 0.106 0.013 0.107 0.188 0.023 0.031 0.176 0.013 0.029 0.03 0.01 0.044 0.08
46 L 0.045 0.024 0.015 0.016 0.016 0.017 0.021 0.022 0.011 0.14 0.32 0.026 0.068 0.051 0.014 0.026 0.035 0.007 0.022 0.106
47 T 0.099 0.048 0.043 0.041 0.015 0.097 0.062 0.05 0.02 0.037 0.052 0.061 0.018 0.019 0.026 0.112 0.125 0.006 0.018 0.051
48 L 0.048 0.021 0.014 0.016 0.016 0.015 0.019 0.021 0.009 0.179 0.271 0.024 0.041 0.047 0.014 0.025 0.037 0.006 0.021 0.152
49 F 0.036 0.02 0.016 0.016 0.012 0.012 0.019 0.023 0.014 0.079 0.205 0.021 0.033 0.286 0.012 0.024 0.027 0.013 0.065 0.067
50 V 0.055 0.021 0.016 0.017 0.016 0.015 0.021 0.023 0.01 0.155 0.174 0.024 0.033 0.1 0.015 0.028 0.04 0.008 0.031 0.199
51 L 0.051 0.046 0.029 0.032 0.012 0.12 0.065 0.032 0.02 0.069 0.128 0.056 0.027 0.089 0.018 0.041 0.038 0.008 0.031 0.09
52 I 0.054 0.023 0.024 0.024 0.016 0.018 0.024 0.028 0.01 0.21 0.13 0.03 0.03 0.036 0.019 0.046 0.114 0.006 0.019 0.138
53 I 0.053 0.02 0.015 0.017 0.017 0.014 0.019 0.022 0.009 0.217 0.189 0.024 0.036 0.042 0.015 0.027 0.041 0.006 0.02 0.197
54 P 0.055 0.025 0.023 0.03 0.01 0.02 0.035 0.035 0.013 0.025 0.035 0.04 0.01 0.013 0.506 0.043 0.035 0.003 0.013 0.03
55 G 0.076 0.022 0.038 0.033 0.011 0.018 0.025 0.522 0.013 0.018 0.028 0.033 0.009 0.016 0.018 0.05 0.029 0.005 0.011 0.024
56 T 0.067 0.032 0.038 0.033 0.017 0.025 0.035 0.039 0.013 0.091 0.08 0.041 0.022 0.026 0.025 0.079 0.227 0.006 0.018 0.086
57 I 0.046 0.018 0.014 0.017 0.016 0.014 0.018 0.02 0.009 0.257 0.201 0.023 0.038 0.045 0.014 0.024 0.038 0.006 0.02 0.162
58 L 0.131 0.026 0.018 0.02 0.018 0.019 0.026 0.039 0.011 0.089 0.28 0.031 0.038 0.043 0.019 0.043 0.038 0.006 0.02 0.085
59 V 0.061 0.02 0.016 0.017 0.018 0.015 0.021 0.023 0.008 0.203 0.139 0.025 0.033 0.038 0.016 0.03 0.045 0.005 0.02 0.249
60 G 0.118 0.033 0.045 0.041 0.015 0.027 0.041 0.218 0.016 0.027 0.038 0.045 0.013 0.019 0.025 0.16 0.06 0.005 0.015 0.038
61 F 0.042 0.021 0.016 0.016 0.014 0.013 0.02 0.023 0.013 0.095 0.207 0.022 0.034 0.225 0.012 0.026 0.031 0.011 0.054 0.106
62 F 0.035 0.02 0.016 0.016 0.011 0.012 0.019 0.024 0.016 0.071 0.163 0.02 0.029 0.331 0.011 0.025 0.026 0.015 0.08 0.061
63 D 0.095 0.036 0.074 0.143 0.01 0.038 0.141 0.128 0.02 0.025 0.036 0.053 0.012 0.017 0.023 0.059 0.038 0.005 0.014 0.033
64 F 0.037 0.021 0.018 0.017 0.011 0.014 0.021 0.024 0.025 0.093 0.105 0.023 0.024 0.251 0.013 0.027 0.028 0.018 0.158 0.071
65 P 0.055 0.025 0.023 0.03 0.01 0.02 0.035 0.035 0.013 0.025 0.035 0.04 0.01 0.013 0.506 0.043 0.035 0.003 0.013 0.03
66 L 0.047 0.028 0.017 0.017 0.016 0.022 0.024 0.024 0.013 0.105 0.291 0.03 0.115 0.05 0.015 0.029 0.036 0.007 0.023 0.092
67 S 0.084 0.031 0.034 0.032 0.017 0.024 0.036 0.044 0.014 0.087 0.128 0.039 0.026 0.031 0.022 0.134 0.061 0.005 0.019 0.132
68 F 0.04 0.024 0.018 0.017 0.012 0.018 0.023 0.024 0.025 0.07 0.157 0.026 0.053 0.193 0.013 0.028 0.029 0.017 0.148 0.064
69 G 0.053 0.032 0.146 0.175 0.009 0.027 0.054 0.21 0.021 0.021 0.029 0.043 0.01 0.016 0.02 0.056 0.037 0.004 0.012 0.025
70 V 0.058 0.023 0.016 0.017 0.017 0.017 0.022 0.023 0.01 0.164 0.188 0.027 0.06 0.041 0.015 0.03 0.043 0.006 0.021 0.203
71 D 0.047 0.053 0.053 0.167 0.008 0.133 0.089 0.041 0.082 0.024 0.038 0.067 0.016 0.017 0.022 0.051 0.036 0.005 0.023 0.029
72 N 0.061 0.037 0.14 0.112 0.013 0.03 0.049 0.05 0.021 0.042 0.066 0.046 0.041 0.024 0.022 0.079 0.097 0.005 0.017 0.048
73 G 0.067 0.031 0.04 0.104 0.013 0.03 0.088 0.12 0.016 0.058 0.082 0.043 0.019 0.024 0.022 0.079 0.058 0.005 0.016 0.086
74 I 0.048 0.022 0.016 0.018 0.016 0.018 0.021 0.023 0.011 0.225 0.173 0.027 0.084 0.044 0.015 0.028 0.039 0.006 0.021 0.145
75 S 0.138 0.037 0.047 0.044 0.018 0.031 0.048 0.065 0.018 0.033 0.045 0.051 0.016 0.021 0.029 0.204 0.086 0.005 0.017 0.047
76 Q 0.1 0.055 0.059 0.082 0.011 0.137 0.12 0.048 0.025 0.028 0.044 0.072 0.017 0.016 0.024 0.06 0.041 0.005 0.018 0.039
77 S 0.079 0.043 0.095 0.067 0.012 0.043 0.138 0.054 0.023 0.025 0.038 0.06 0.014 0.019 0.026 0.149 0.06 0.005 0.016 0.035
78 T 0.106 0.032 0.032 0.03 0.018 0.024 0.035 0.043 0.013 0.076 0.124 0.044 0.025 0.029 0.024 0.077 0.155 0.006 0.018 0.089
79 L 0.049 0.108 0.028 0.027 0.012 0.035 0.043 0.031 0.016 0.067 0.184 0.132 0.054 0.033 0.019 0.038 0.036 0.006 0.02 0.062
80 E 0.049 0.087 0.036 0.109 0.01 0.038 0.134 0.031 0.018 0.103 0.076 0.059 0.02 0.025 0.02 0.042 0.037 0.005 0.017 0.084
81 F 0.04 0.03 0.022 0.027 0.01 0.023 0.061 0.026 0.026 0.057 0.131 0.042 0.025 0.188 0.015 0.031 0.029 0.017 0.147 0.054
82 T 0.111 0.032 0.039 0.035 0.017 0.025 0.036 0.128 0.014 0.045 0.057 0.042 0.017 0.022 0.026 0.082 0.19 0.006 0.016 0.061
83 F 0.046 0.02 0.016 0.017 0.014 0.013 0.02 0.024 0.013 0.103 0.163 0.022 0.031 0.221 0.013 0.027 0.034 0.011 0.054 0.138
84 R 0.042 0.178 0.026 0.024 0.01 0.038 0.037 0.028 0.017 0.113 0.086 0.069 0.022 0.033 0.016 0.034 0.034 0.089 0.026 0.078
85 Y 0.062 0.031 0.032 0.028 0.012 0.025 0.035 0.038 0.037 0.038 0.058 0.038 0.017 0.092 0.02 0.1 0.045 0.02 0.229 0.044
86 T 0.071 0.035 0.042 0.037 0.017 0.027 0.038 0.042 0.013 0.052 0.064 0.044 0.019 0.023 0.027 0.09 0.265 0.006 0.017 0.069
87 L 0.066 0.024 0.019 0.02 0.015 0.017 0.023 0.029 0.013 0.116 0.173 0.027 0.056 0.154 0.016 0.037 0.053 0.01 0.041 0.091
88 L 0.058 0.024 0.025 0.024 0.055 0.018 0.024 0.11 0.011 0.12 0.164 0.03 0.029 0.034 0.018 0.046 0.092 0.006 0.018 0.092
89 S 0.107 0.039 0.053 0.048 0.017 0.032 0.051 0.065 0.019 0.029 0.041 0.053 0.015 0.02 0.029 0.239 0.08 0.005 0.017 0.041
90 I 0.046 0.018 0.014 0.017 0.016 0.013 0.018 0.02 0.009 0.259 0.202 0.023 0.038 0.045 0.014 0.024 0.038 0.006 0.02 0.159
91 A 0.157 0.03 0.034 0.033 0.017 0.024 0.037 0.136 0.014 0.076 0.066 0.041 0.018 0.024 0.025 0.114 0.062 0.005 0.017 0.07
92 L 0.065 0.022 0.017 0.019 0.056 0.016 0.021 0.027 0.01 0.172 0.215 0.026 0.036 0.041 0.016 0.035 0.056 0.006 0.02 0.124
93 L 0.041 0.023 0.014 0.015 0.015 0.015 0.019 0.022 0.011 0.102 0.333 0.023 0.043 0.126 0.013 0.024 0.031 0.009 0.035 0.085
94 L 0.04 0.022 0.015 0.015 0.014 0.014 0.019 0.022 0.012 0.096 0.298 0.023 0.041 0.17 0.013 0.024 0.03 0.01 0.043 0.08
95 L 0.038 0.022 0.015 0.015 0.013 0.014 0.02 0.023 0.012 0.086 0.264 0.023 0.037 0.141 0.012 0.024 0.029 0.092 0.045 0.073
96 L 0.061 0.027 0.027 0.026 0.014 0.022 0.028 0.115 0.015 0.087 0.126 0.033 0.078 0.104 0.017 0.068 0.041 0.008 0.032 0.073
97 L 0.045 0.022 0.014 0.016 0.016 0.015 0.019 0.021 0.009 0.169 0.314 0.024 0.044 0.05 0.014 0.024 0.035 0.007 0.021 0.122
98 A 0.157 0.033 0.036 0.035 0.017 0.026 0.041 0.061 0.016 0.036 0.051 0.043 0.016 0.035 0.025 0.137 0.07 0.089 0.027 0.05
99 F 0.065 0.02 0.016 0.018 0.015 0.014 0.021 0.027 0.012 0.135 0.139 0.024 0.03 0.174 0.014 0.031 0.037 0.01 0.045 0.154
100 L 0.116 0.023 0.019 0.02 0.096 0.017 0.025 0.039 0.012 0.078 0.138 0.028 0.026 0.116 0.018 0.047 0.039 0.008 0.033 0.103
101 F 0.076 0.032 0.039 0.035 0.015 0.024 0.038 0.048 0.017 0.044 0.068 0.04 0.019 0.148 0.022 0.143 0.092 0.009 0.04 0.05
102 K 0.05 0.107 0.029 0.028 0.011 0.033 0.043 0.033 0.019 0.056 0.119 0.131 0.023 0.095 0.019 0.047 0.036 0.009 0.049 0.063
103 F 0.054 0.026 0.028 0.025 0.013 0.019 0.029 0.034 0.021 0.063 0.087 0.031 0.022 0.207 0.017 0.072 0.075 0.014 0.101 0.063
104 R 0.045 0.345 0.039 0.031 0.008 0.048 0.052 0.033 0.023 0.023 0.046 0.12 0.015 0.017 0.019 0.045 0.035 0.006 0.017 0.031
105 F 0.047 0.019 0.015 0.017 0.065 0.013 0.019 0.024 0.011 0.155 0.144 0.022 0.03 0.16 0.013 0.027 0.035 0.009 0.042 0.135
106 D 0.04 0.064 0.108 0.164 0.01 0.027 0.052 0.041 0.02 0.044 0.105 0.046 0.019 0.087 0.018 0.045 0.036 0.007 0.027 0.042
107 L 0.055 0.024 0.022 0.021 0.015 0.017 0.025 0.03 0.013 0.09 0.195 0.027 0.032 0.161 0.016 0.061 0.04 0.01 0.042 0.104
108 D 0.043 0.031 0.057 0.286 0.008 0.029 0.074 0.042 0.076 0.022 0.03 0.043 0.01 0.017 0.102 0.048 0.033 0.004 0.019 0.025
109 V 0.06 0.021 0.015 0.017 0.018 0.015 0.021 0.023 0.008 0.177 0.178 0.025 0.035 0.039 0.015 0.029 0.044 0.006 0.02 0.233
110 D 0.043 0.094 0.095 0.167 0.008 0.066 0.068 0.042 0.027 0.026 0.041 0.063 0.014 0.034 0.02 0.05 0.036 0.008 0.068 0.031
111 L 0.041 0.024 0.017 0.016 0.013 0.017 0.022 0.023 0.023 0.089 0.221 0.026 0.034 0.135 0.014 0.026 0.03 0.015 0.137 0.078
112 R 0.058 0.157 0.09 0.054 0.01 0.041 0.069 0.045 0.022 0.041 0.048 0.114 0.015 0.019 0.022 0.085 0.046 0.005 0.017 0.041
113 K 0.112 0.07 0.041 0.04 0.013 0.041 0.057 0.054 0.018 0.032 0.046 0.172 0.016 0.018 0.028 0.107 0.07 0.005 0.017 0.043
114 L 0.096 0.033 0.026 0.027 0.015 0.055 0.04 0.038 0.015 0.083 0.123 0.041 0.026 0.091 0.02 0.051 0.077 0.008 0.03 0.104
115 P 0.059 0.035 0.051 0.111 0.011 0.034 0.114 0.04 0.018 0.039 0.094 0.049 0.018 0.022 0.123 0.077 0.043 0.005 0.016 0.041
116 T 0.102 0.033 0.039 0.103 0.015 0.031 0.09 0.044 0.015 0.058 0.063 0.046 0.018 0.022 0.024 0.067 0.116 0.005 0.017 0.091
117 S 0.069 0.069 0.105 0.112 0.012 0.036 0.06 0.054 0.029 0.026 0.038 0.095 0.013 0.018 0.025 0.125 0.059 0.005 0.016 0.033
118 K 0.048 0.052 0.028 0.029 0.011 0.032 0.051 0.03 0.044 0.117 0.088 0.119 0.023 0.051 0.019 0.037 0.035 0.011 0.093 0.081
119 G 0.073 0.093 0.04 0.037 0.013 0.063 0.05 0.125 0.019 0.046 0.082 0.062 0.019 0.022 0.022 0.11 0.054 0.006 0.017 0.047
120 I 0.055 0.071 0.029 0.027 0.015 0.034 0.034 0.031 0.014 0.134 0.115 0.047 0.051 0.033 0.02 0.052 0.114 0.006 0.019 0.101
121 L 0.152 0.028 0.026 0.027 0.018 0.022 0.033 0.09 0.013 0.069 0.168 0.037 0.027 0.032 0.022 0.083 0.047 0.006 0.018 0.082
122 K 0.05 0.106 0.028 0.027 0.011 0.033 0.042 0.03 0.021 0.105 0.084 0.131 0.022 0.043 0.02 0.038 0.037 0.009 0.071 0.09
123 L 0.055 0.022 0.019 0.019 0.015 0.016 0.022 0.107 0.011 0.099 0.186 0.026 0.03 0.042 0.014 0.031 0.035 0.089 0.027 0.136
124 L 0.048 0.023 0.014 0.015 0.016 0.016 0.02 0.021 0.009 0.128 0.337 0.025 0.045 0.05 0.014 0.025 0.035 0.007 0.021 0.129
125 T 0.066 0.031 0.035 0.031 0.016 0.023 0.034 0.04 0.014 0.06 0.122 0.038 0.024 0.091 0.022 0.093 0.155 0.008 0.03 0.066
126 L 0.041 0.02 0.015 0.016 0.014 0.013 0.019 0.022 0.012 0.14 0.241 0.022 0.037 0.167 0.013 0.024 0.032 0.01 0.043 0.1
127 L 0.09 0.022 0.017 0.018 0.016 0.016 0.023 0.031 0.011 0.13 0.207 0.027 0.034 0.101 0.016 0.035 0.038 0.008 0.031 0.128
128 S 0.174 0.036 0.044 0.041 0.018 0.03 0.047 0.069 0.017 0.033 0.047 0.05 0.016 0.021 0.029 0.187 0.07 0.005 0.017 0.05
129 L 0.085 0.022 0.017 0.018 0.015 0.015 0.022 0.031 0.012 0.116 0.222 0.026 0.035 0.141 0.016 0.034 0.034 0.009 0.038 0.092
130 L 0.061 0.02 0.016 0.017 0.016 0.014 0.02 0.025 0.01 0.174 0.178 0.024 0.034 0.101 0.015 0.029 0.039 0.008 0.031 0.168
131 V 0.061 0.02 0.016 0.017 0.018 0.015 0.021 0.023 0.008 0.203 0.139 0.025 0.033 0.038 0.016 0.03 0.045 0.005 0.02 0.249
132 L 0.053 0.021 0.015 0.016 0.017 0.015 0.02 0.022 0.009 0.187 0.227 0.024 0.038 0.044 0.015 0.027 0.04 0.006 0.021 0.184
133 F 0.103 0.022 0.018 0.019 0.025 0.015 0.024 0.036 0.014 0.077 0.118 0.026 0.025 0.224 0.016 0.04 0.035 0.011 0.054 0.098
134 I 0.048 0.018 0.015 0.017 0.016 0.013 0.018 0.021 0.009 0.275 0.16 0.023 0.035 0.042 0.015 0.025 0.04 0.006 0.02 0.184
135 K 0.056 0.104 0.04 0.04 0.008 0.052 0.069 0.042 0.02 0.027 0.042 0.296 0.015 0.015 0.027 0.052 0.039 0.005 0.017 0.032
136 L 0.056 0.021 0.015 0.017 0.017 0.015 0.021 0.022 0.009 0.166 0.221 0.025 0.038 0.042 0.015 0.028 0.041 0.006 0.021 0.203
137 A 0.181 0.028 0.021 0.023 0.019 0.022 0.031 0.05 0.013 0.082 0.141 0.036 0.051 0.04 0.022 0.057 0.044 0.006 0.021 0.111
138 S 0.107 0.039 0.053 0.048 0.017 0.032 0.051 0.065 0.019 0.029 0.041 0.053 0.015 0.02 0.029 0.239 0.08 0.005 0.017 0.041
139 V 0.057 0.019 0.015 0.017 0.017 0.015 0.02 0.022 0.008 0.225 0.145 0.024 0.033 0.039 0.015 0.028 0.044 0.006 0.02 0.23
140 G 0.087 0.028 0.043 0.038 0.013 0.023 0.034 0.37 0.015 0.022 0.032 0.04 0.011 0.017 0.022 0.113 0.046 0.005 0.013 0.029
141 E 0.048 0.047 0.132 0.146 0.008 0.076 0.154 0.046 0.026 0.022 0.034 0.064 0.013 0.016 0.023 0.057 0.04 0.005 0.015 0.029
142 I 0.049 0.019 0.015 0.017 0.016 0.014 0.019 0.021 0.009 0.238 0.196 0.024 0.037 0.043 0.015 0.026 0.039 0.006 0.02 0.178
143 P 0.055 0.025 0.023 0.03 0.01 0.02 0.035 0.035 0.013 0.025 0.035 0.04 0.01 0.013 0.506 0.043 0.035 0.003 0.013 0.03
144 L 0.042 0.022 0.014 0.016 0.015 0.014 0.019 0.021 0.011 0.133 0.306 0.023 0.042 0.11 0.013 0.024 0.032 0.008 0.032 0.1
145 L 0.044 0.023 0.014 0.015 0.015 0.015 0.02 0.022 0.011 0.112 0.317 0.024 0.043 0.11 0.013 0.025 0.033 0.008 0.032 0.105
146 L 0.049 0.027 0.02 0.019 0.016 0.02 0.024 0.025 0.011 0.1 0.303 0.03 0.066 0.047 0.016 0.037 0.072 0.007 0.021 0.089
147 A 0.292 0.03 0.024 0.028 0.021 0.024 0.038 0.073 0.014 0.05 0.062 0.042 0.018 0.022 0.028 0.08 0.049 0.005 0.017 0.081
148 L 0.042 0.022 0.015 0.016 0.015 0.015 0.019 0.021 0.011 0.141 0.293 0.024 0.045 0.109 0.013 0.024 0.033 0.008 0.032 0.103
149 K 0.069 0.143 0.045 0.04 0.011 0.043 0.058 0.047 0.042 0.026 0.042 0.154 0.015 0.018 0.025 0.112 0.051 0.005 0.019 0.034
150 G 0.076 0.022 0.038 0.033 0.011 0.018 0.025 0.522 0.013 0.018 0.028 0.033 0.009 0.016 0.018 0.05 0.029 0.005 0.011 0.024
151 D 0.04 0.029 0.067 0.412 0.007 0.029 0.089 0.045 0.018 0.022 0.027 0.044 0.009 0.015 0.022 0.051 0.035 0.004 0.011 0.024
152 G 0.106 0.025 0.027 0.027 0.016 0.019 0.029 0.122 0.013 0.1 0.088 0.033 0.022 0.09 0.02 0.076 0.045 0.007 0.029 0.107
153 E 0.054 0.041 0.035 0.091 0.011 0.072 0.157 0.032 0.019 0.09 0.073 0.057 0.02 0.023 0.021 0.045 0.039 0.005 0.018 0.097
154 G 0.109 0.024 0.032 0.029 0.013 0.019 0.027 0.364 0.013 0.038 0.093 0.033 0.017 0.023 0.019 0.051 0.033 0.006 0.013 0.043
155 A 0.307 0.03 0.025 0.029 0.021 0.025 0.04 0.076 0.014 0.042 0.058 0.043 0.017 0.021 0.029 0.083 0.049 0.005 0.017 0.067
156 A 0.261 0.029 0.028 0.03 0.019 0.024 0.038 0.15 0.014 0.038 0.052 0.042 0.016 0.02 0.027 0.084 0.047 0.005 0.016 0.059
157 L 0.048 0.033 0.023 0.04 0.013 0.032 0.118 0.026 0.015 0.081 0.256 0.042 0.048 0.04 0.018 0.035 0.034 0.006 0.02 0.072
158 L 0.167 0.035 0.024 0.027 0.017 0.056 0.042 0.05 0.015 0.068 0.17 0.044 0.029 0.031 0.022 0.056 0.042 0.006 0.019 0.08
159 K 0.056 0.104 0.04 0.04 0.008 0.052 0.069 0.042 0.02 0.027 0.042 0.296 0.015 0.015 0.027 0.052 0.039 0.005 0.017 0.032
160 A 0.224 0.027 0.023 0.025 0.02 0.022 0.034 0.059 0.012 0.081 0.081 0.038 0.022 0.026 0.025 0.069 0.049 0.005 0.018 0.14
161 R 0.049 0.227 0.04 0.036 0.008 0.08 0.065 0.037 0.023 0.025 0.044 0.172 0.016 0.016 0.022 0.048 0.037 0.005 0.017 0.032
162 I 0.05 0.018 0.015 0.017 0.016 0.013 0.018 0.021 0.008 0.267 0.158 0.023 0.035 0.042 0.015 0.026 0.04 0.006 0.02 0.191
163 L 0.043 0.024 0.014 0.015 0.016 0.016 0.02 0.021 0.01 0.113 0.391 0.025 0.048 0.053 0.014 0.024 0.033 0.007 0.022 0.094
164 K 0.058 0.124 0.041 0.038 0.011 0.073 0.061 0.04 0.02 0.034 0.051 0.144 0.017 0.018 0.025 0.064 0.113 0.006 0.018 0.044
165 N 0.061 0.044 0.189 0.062 0.01 0.064 0.054 0.136 0.025 0.023 0.034 0.055 0.013 0.017 0.022 0.091 0.049 0.005 0.016 0.03
166 E 0.052 0.053 0.045 0.128 0.008 0.114 0.205 0.038 0.025 0.023 0.038 0.074 0.015 0.015 0.024 0.054 0.037 0.005 0.017 0.031
167 V 0.062 0.029 0.033 0.098 0.015 0.028 0.085 0.032 0.013 0.096 0.085 0.04 0.022 0.026 0.02 0.049 0.08 0.005 0.017 0.164
168 G 0.076 0.022 0.038 0.033 0.011 0.018 0.025 0.522 0.013 0.018 0.028 0.033 0.009 0.016 0.018 0.05 0.029 0.005 0.011 0.024
169 I 0.09 0.022 0.017 0.019 0.016 0.016 0.023 0.032 0.012 0.154 0.129 0.027 0.041 0.128 0.016 0.036 0.039 0.008 0.037 0.137
170 G 0.075 0.026 0.04 0.034 0.013 0.021 0.029 0.362 0.013 0.03 0.04 0.037 0.013 0.018 0.021 0.064 0.108 0.005 0.013 0.039
171 G 0.074 0.022 0.031 0.028 0.013 0.018 0.024 0.356 0.011 0.066 0.061 0.03 0.016 0.022 0.018 0.044 0.035 0.005 0.014 0.111
172 L 0.038 0.021 0.015 0.016 0.013 0.013 0.019 0.023 0.013 0.087 0.251 0.022 0.037 0.228 0.012 0.024 0.029 0.012 0.054 0.074
173 F 0.053 0.02 0.024 0.022 0.012 0.014 0.021 0.19 0.014 0.064 0.086 0.024 0.021 0.212 0.014 0.034 0.03 0.011 0.05 0.083
174 L 0.046 0.02 0.014 0.016 0.016 0.014 0.018 0.02 0.009 0.225 0.238 0.024 0.04 0.046 0.014 0.024 0.037 0.006 0.021 0.151
175 G 0.065 0.029 0.137 0.049 0.01 0.023 0.033 0.369 0.019 0.02 0.029 0.039 0.01 0.016 0.019 0.056 0.035 0.005 0.012 0.025
176 Y 0.04 0.027 0.021 0.018 0.009 0.021 0.027 0.024 0.046 0.043 0.067 0.03 0.018 0.128 0.015 0.03 0.027 0.027 0.334 0.046
177 I 0.046 0.018 0.014 0.017 0.016 0.013 0.018 0.02 0.009 0.259 0.202 0.023 0.038 0.045 0.014 0.024 0.038 0.006 0.02 0.159
178 F 0.033 0.019 0.016 0.016 0.01 0.01 0.019 0.025 0.016 0.062 0.111 0.019 0.025 0.402 0.01 0.025 0.025 0.016 0.087 0.054
179 R 0.097 0.138 0.025 0.024 0.015 0.03 0.036 0.036 0.015 0.084 0.099 0.061 0.048 0.029 0.019 0.045 0.042 0.006 0.019 0.132
180 Y 0.062 0.031 0.032 0.028 0.012 0.025 0.035 0.038 0.037 0.038 0.058 0.038 0.017 0.092 0.02 0.1 0.045 0.02 0.229 0.044
181 F 0.033 0.019 0.016 0.016 0.01 0.01 0.019 0.025 0.016 0.062 0.111 0.019 0.025 0.402 0.01 0.025 0.025 0.016 0.087 0.054
182 P 0.061 0.028 0.029 0.032 0.012 0.022 0.036 0.038 0.013 0.034 0.045 0.042 0.013 0.016 0.346 0.059 0.112 0.004 0.014 0.043
183 S 0.11 0.04 0.054 0.049 0.017 0.033 0.052 0.066 0.019 0.03 0.042 0.054 0.016 0.021 0.03 0.22 0.082 0.005 0.017 0.042
184 Y 0.055 0.025 0.019 0.018 0.014 0.019 0.026 0.025 0.027 0.104 0.099 0.029 0.025 0.083 0.016 0.032 0.039 0.017 0.169 0.158
185 V 0.07 0.022 0.016 0.018 0.019 0.016 0.023 0.025 0.008 0.164 0.13 0.026 0.032 0.036 0.016 0.033 0.049 0.005 0.021 0.269
186 Y 0.04 0.027 0.021 0.018 0.009 0.021 0.027 0.024 0.046 0.043 0.067 0.03 0.018 0.128 0.015 0.03 0.027 0.027 0.334 0.046
187 L 0.057 0.024 0.019 0.02 0.017 0.017 0.023 0.025 0.01 0.148 0.211 0.028 0.036 0.04 0.017 0.038 0.078 0.006 0.02 0.167
188 A 0.164 0.033 0.037 0.036 0.018 0.027 0.042 0.061 0.016 0.077 0.067 0.045 0.019 0.024 0.027 0.151 0.063 0.005 0.018 0.072
189 L 0.065 0.029 0.027 0.026 0.016 0.022 0.031 0.036 0.013 0.084 0.262 0.035 0.046 0.042 0.019 0.096 0.049 0.006 0.02 0.076
190 V 0.064 0.021 0.016 0.017 0.018 0.015 0.022 0.023 0.008 0.187 0.135 0.025 0.032 0.037 0.016 0.03 0.046 0.005 0.02 0.263
191 Y 0.053 0.03 0.026 0.023 0.012 0.024 0.031 0.032 0.036 0.05 0.083 0.035 0.045 0.096 0.018 0.066 0.038 0.02 0.23 0.052
192 L 0.092 0.031 0.031 0.03 0.017 0.023 0.034 0.044 0.014 0.072 0.217 0.038 0.032 0.037 0.021 0.118 0.054 0.006 0.019 0.07
193 Y 0.044 0.024 0.018 0.017 0.012 0.018 0.024 0.024 0.029 0.077 0.138 0.027 0.026 0.145 0.014 0.029 0.031 0.018 0.189 0.095
194 L 0.102 0.024 0.023 0.024 0.087 0.018 0.027 0.039 0.012 0.135 0.148 0.031 0.028 0.041 0.019 0.072 0.046 0.006 0.02 0.1
195 A 0.134 0.031 0.026 0.025 0.094 0.036 0.037 0.045 0.062 0.039 0.059 0.038 0.017 0.057 0.021 0.052 0.037 0.013 0.126 0.051
196 K 0.048 0.122 0.049 0.163 0.008 0.044 0.073 0.042 0.02 0.025 0.038 0.182 0.013 0.015 0.024 0.05 0.037 0.005 0.015 0.029
197 P 0.064 0.067 0.037 0.039 0.01 0.068 0.06 0.043 0.019 0.026 0.04 0.132 0.014 0.015 0.186 0.08 0.045 0.004 0.016 0.033
198 K 0.049 0.063 0.046 0.035 0.011 0.066 0.053 0.034 0.077 0.113 0.082 0.115 0.023 0.027 0.02 0.042 0.037 0.006 0.025 0.077
199 N 0.045 0.051 0.137 0.111 0.01 0.045 0.056 0.045 0.023 0.04 0.097 0.098 0.019 0.035 0.02 0.051 0.039 0.006 0.031 0.04
200 K 0.065 0.105 0.039 0.038 0.012 0.056 0.054 0.042 0.019 0.033 0.053 0.109 0.016 0.018 0.105 0.087 0.087 0.005 0.017 0.041
201 K 0.057 0.108 0.042 0.042 0.009 0.054 0.071 0.043 0.021 0.028 0.043 0.275 0.016 0.016 0.028 0.054 0.04 0.005 0.017 0.033
202 V 0.102 0.039 0.025 0.025 0.016 0.025 0.035 0.039 0.016 0.088 0.122 0.076 0.026 0.053 0.021 0.06 0.045 0.008 0.048 0.133
203 K 0.058 0.057 0.038 0.051 0.01 0.039 0.092 0.108 0.023 0.031 0.046 0.129 0.015 0.035 0.023 0.055 0.073 0.009 0.069 0.039
204 R 0.066 0.211 0.048 0.036 0.011 0.039 0.048 0.063 0.02 0.041 0.05 0.085 0.016 0.02 0.022 0.108 0.05 0.005 0.017 0.042
205 V 0.096 0.038 0.023 0.026 0.014 0.025 0.045 0.047 0.014 0.081 0.099 0.075 0.023 0.049 0.019 0.043 0.039 0.089 0.029 0.127
206 I 0.05 0.02 0.015 0.017 0.016 0.014 0.019 0.021 0.009 0.215 0.212 0.024 0.038 0.044 0.015 0.026 0.039 0.006 0.021 0.179
207 F 0.036 0.021 0.017 0.017 0.011 0.013 0.02 0.024 0.02 0.067 0.151 0.022 0.028 0.298 0.012 0.026 0.027 0.017 0.117 0.059
208 L 0.042 0.063 0.021 0.02 0.011 0.022 0.028 0.025 0.025 0.095 0.141 0.052 0.027 0.128 0.015 0.03 0.031 0.015 0.136 0.074
209 A 0.128 0.023 0.018 0.02 0.015 0.017 0.026 0.041 0.013 0.108 0.119 0.029 0.025 0.099 0.017 0.044 0.037 0.091 0.038 0.09
210 N 0.041 0.041 0.282 0.071 0.009 0.031 0.045 0.057 0.033 0.025 0.037 0.049 0.012 0.036 0.019 0.062 0.045 0.008 0.069 0.03
211 L 0.043 0.022 0.014 0.016 0.015 0.014 0.019 0.021 0.011 0.138 0.296 0.023 0.042 0.109 0.013 0.024 0.033 0.008 0.032 0.106
212 P 0.05 0.024 0.018 0.021 0.013 0.018 0.026 0.027 0.014 0.081 0.163 0.03 0.027 0.05 0.178 0.032 0.035 0.049 0.05 0.096
213 L 0.043 0.024 0.014 0.015 0.016 0.016 0.02 0.021 0.01 0.113 0.391 0.025 0.048 0.053 0.014 0.024 0.033 0.007 0.022 0.094
214 I 0.091 0.024 0.018 0.02 0.017 0.02 0.024 0.032 0.012 0.184 0.156 0.03 0.081 0.041 0.017 0.038 0.041 0.006 0.021 0.127
215 L 0.096 0.026 0.024 0.024 0.017 0.02 0.028 0.036 0.011 0.149 0.155 0.033 0.03 0.035 0.02 0.053 0.105 0.006 0.019 0.112
216 F 0.039 0.019 0.015 0.016 0.013 0.012 0.018 0.023 0.013 0.146 0.175 0.021 0.032 0.224 0.012 0.024 0.031 0.011 0.054 0.1
217 Y 0.04 0.033 0.125 0.039 0.009 0.025 0.034 0.037 0.041 0.036 0.055 0.038 0.016 0.091 0.017 0.043 0.034 0.02 0.228 0.039
218 A 0.167 0.032 0.037 0.036 0.098 0.027 0.041 0.063 0.015 0.036 0.05 0.044 0.016 0.021 0.027 0.154 0.062 0.005 0.016 0.052
219 L 0.048 0.023 0.015 0.016 0.016 0.016 0.02 0.022 0.01 0.142 0.31 0.025 0.049 0.049 0.014 0.026 0.036 0.007 0.021 0.136
220 Y 0.04 0.027 0.021 0.018 0.009 0.021 0.027 0.024 0.046 0.043 0.067 0.03 0.018 0.128 0.015 0.03 0.027 0.027 0.334 0.046
221 D 0.04 0.029 0.067 0.412 0.007 0.029 0.089 0.045 0.018 0.022 0.027 0.044 0.009 0.015 0.022 0.051 0.035 0.004 0.011 0.024
222 L 0.05 0.025 0.016 0.017 0.016 0.019 0.022 0.023 0.011 0.145 0.243 0.028 0.088 0.046 0.015 0.029 0.038 0.007 0.022 0.138
223 Q 0.055 0.072 0.043 0.046 0.009 0.234 0.1 0.04 0.029 0.026 0.046 0.089 0.02 0.014 0.023 0.055 0.04 0.006 0.02 0.034
224 K 0.056 0.104 0.04 0.04 0.008 0.052 0.069 0.042 0.02 0.027 0.042 0.296 0.015 0.015 0.027 0.052 0.039 0.005 0.017 0.032
225 Y 0.072 0.032 0.036 0.033 0.013 0.025 0.038 0.045 0.027 0.039 0.061 0.04 0.018 0.12 0.021 0.134 0.053 0.014 0.134 0.045
226 K 0.061 0.081 0.041 0.039 0.011 0.044 0.059 0.042 0.018 0.035 0.049 0.212 0.016 0.018 0.027 0.065 0.114 0.005 0.017 0.044
227 L 0.041 0.021 0.015 0.016 0.014 0.014 0.019 0.022 0.011 0.137 0.274 0.023 0.04 0.138 0.013 0.024 0.032 0.009 0.038 0.1
228 V 0.067 0.021 0.02 0.02 0.017 0.016 0.022 0.107 0.009 0.153 0.115 0.026 0.028 0.033 0.016 0.034 0.044 0.005 0.019 0.229
229 L 0.044 0.023 0.016 0.017 0.014 0.016 0.021 0.024 0.013 0.107 0.222 0.024 0.06 0.166 0.013 0.027 0.033 0.01 0.043 0.107
230 L 0.056 0.023 0.015 0.016 0.017 0.016 0.021 0.022 0.009 0.137 0.259 0.025 0.04 0.044 0.015 0.028 0.04 0.006 0.021 0.19
231 L 0.049 0.022 0.016 0.017 0.015 0.016 0.022 0.024 0.012 0.109 0.177 0.025 0.057 0.162 0.014 0.029 0.036 0.01 0.043 0.144
232 F 0.042 0.021 0.016 0.016 0.014 0.013 0.02 0.023 0.013 0.095 0.207 0.022 0.034 0.225 0.012 0.026 0.031 0.011 0.054 0.106
233 L 0.058 0.027 0.023 0.023 0.016 0.022 0.027 0.03 0.013 0.149 0.191 0.033 0.086 0.042 0.017 0.064 0.045 0.007 0.021 0.108
234 L 0.053 0.027 0.023 0.022 0.016 0.02 0.026 0.028 0.011 0.092 0.282 0.031 0.039 0.043 0.018 0.046 0.11 0.007 0.02 0.086
235 F 0.036 0.021 0.017 0.017 0.011 0.013 0.02 0.025 0.016 0.068 0.125 0.021 0.051 0.343 0.011 0.027 0.027 0.015 0.076 0.06
236 W 0.048 0.022 0.015 0.016 0.014 0.015 0.021 0.025 0.011 0.125 0.151 0.024 0.029 0.047 0.013 0.026 0.036 0.172 0.036 0.155
237 L 0.048 0.023 0.014 0.015 0.016 0.016 0.02 0.021 0.01 0.121 0.347 0.025 0.045 0.05 0.014 0.025 0.035 0.007 0.021 0.126
238 Y 0.04 0.081 0.022 0.019 0.01 0.023 0.029 0.025 0.031 0.054 0.125 0.042 0.024 0.143 0.015 0.031 0.029 0.019 0.188 0.052
239 L 0.043 0.024 0.016 0.016 0.014 0.017 0.022 0.022 0.022 0.119 0.245 0.026 0.036 0.076 0.014 0.026 0.032 0.014 0.126 0.091
240 K 0.054 0.065 0.033 0.032 0.011 0.036 0.048 0.036 0.021 0.077 0.07 0.164 0.02 0.04 0.023 0.05 0.075 0.009 0.07 0.064
241 R 0.044 0.149 0.03 0.027 0.009 0.032 0.041 0.032 0.024 0.038 0.067 0.101 0.018 0.148 0.018 0.045 0.033 0.012 0.09 0.04
242 G 0.117 0.032 0.038 0.035 0.015 0.026 0.038 0.132 0.021 0.036 0.05 0.043 0.016 0.038 0.025 0.119 0.092 0.009 0.069 0.048
243 G 0.063 0.104 0.039 0.036 0.009 0.038 0.049 0.232 0.018 0.023 0.037 0.167 0.013 0.016 0.023 0.05 0.034 0.005 0.014 0.029
244 R 0.049 0.183 0.137 0.048 0.009 0.038 0.047 0.125 0.024 0.022 0.037 0.093 0.013 0.017 0.02 0.053 0.038 0.005 0.015 0.028
245 I 0.093 0.023 0.018 0.02 0.016 0.018 0.024 0.032 0.012 0.149 0.134 0.028 0.054 0.098 0.017 0.038 0.04 0.008 0.031 0.148
246 N 0.044 0.107 0.235 0.066 0.009 0.038 0.052 0.055 0.028 0.023 0.035 0.104 0.012 0.017 0.021 0.061 0.044 0.005 0.016 0.028
247 Y 0.045 0.029 0.025 0.021 0.01 0.022 0.029 0.027 0.04 0.044 0.066 0.033 0.018 0.11 0.017 0.04 0.067 0.024 0.282 0.05
248 L 0.038 0.02 0.015 0.016 0.012 0.013 0.019 0.024 0.013 0.111 0.172 0.022 0.03 0.169 0.011 0.024 0.029 0.124 0.053 0.084
249 I 0.044 0.079 0.021 0.02 0.012 0.022 0.027 0.024 0.023 0.139 0.134 0.041 0.028 0.068 0.015 0.03 0.034 0.013 0.125 0.103
250 V 0.056 0.076 0.019 0.019 0.016 0.02 0.025 0.024 0.011 0.186 0.127 0.04 0.03 0.035 0.016 0.031 0.042 0.006 0.02 0.201
251 G 0.068 0.024 0.027 0.025 0.014 0.018 0.025 0.194 0.013 0.062 0.168 0.03 0.026 0.094 0.017 0.047 0.056 0.008 0.028 0.059
252 I 0.096 0.022 0.021 0.022 0.015 0.017 0.023 0.145 0.011 0.156 0.153 0.029 0.029 0.035 0.018 0.04 0.037 0.006 0.018 0.108
253 L 0.103 0.028 0.027 0.027 0.017 0.021 0.031 0.041 0.012 0.106 0.185 0.035 0.031 0.036 0.021 0.081 0.083 0.006 0.019 0.09
254 P 0.06 0.027 0.025 0.028 0.013 0.021 0.033 0.035 0.013 0.055 0.155 0.037 0.024 0.027 0.262 0.069 0.042 0.004 0.016 0.053
255 G 0.077 0.023 0.024 0.023 0.015 0.017 0.023 0.213 0.011 0.089 0.175 0.029 0.028 0.033 0.017 0.039 0.035 0.006 0.017 0.105
256 L 0.046 0.022 0.015 0.016 0.015 0.015 0.02 0.022 0.011 0.139 0.265 0.024 0.046 0.107 0.014 0.026 0.035 0.008 0.032 0.124
257 G 0.12 0.028 0.037 0.035 0.015 0.023 0.035 0.212 0.014 0.071 0.06 0.04 0.017 0.023 0.023 0.114 0.051 0.005 0.015 0.061
258 L 0.044 0.022 0.014 0.015 0.016 0.015 0.019 0.021 0.01 0.157 0.334 0.024 0.045 0.051 0.014 0.024 0.034 0.007 0.021 0.113
259 V 0.072 0.028 0.028 0.028 0.017 0.022 0.031 0.037 0.013 0.122 0.123 0.035 0.046 0.057 0.02 0.099 0.054 0.006 0.024 0.139
260 L 0.097 0.025 0.023 0.023 0.016 0.019 0.028 0.038 0.013 0.115 0.183 0.031 0.031 0.098 0.018 0.07 0.043 0.008 0.031 0.09
261 L 0.048 0.023 0.014 0.015 0.016 0.016 0.02 0.021 0.01 0.121 0.347 0.025 0.045 0.05 0.014 0.025 0.035 0.007 0.021 0.126
262 L 0.104 0.029 0.026 0.026 0.076 0.023 0.031 0.043 0.015 0.061 0.109 0.036 0.073 0.093 0.02 0.084 0.046 0.008 0.03 0.066
263 G 0.071 0.023 0.026 0.024 0.013 0.016 0.024 0.195 0.014 0.055 0.134 0.028 0.023 0.153 0.016 0.05 0.033 0.009 0.039 0.052
264 V 0.11 0.025 0.027 0.027 0.016 0.02 0.03 0.123 0.013 0.079 0.082 0.033 0.021 0.088 0.02 0.077 0.046 0.007 0.029 0.126
265 F 0.041 0.019 0.016 0.017 0.013 0.012 0.019 0.024 0.014 0.116 0.123 0.02 0.028 0.281 0.012 0.026 0.031 0.013 0.064 0.112
266 L 0.055 0.03 0.027 0.025 0.015 0.024 0.03 0.031 0.019 0.101 0.124 0.036 0.079 0.052 0.019 0.051 0.112 0.01 0.073 0.088
267 L 0.046 0.023 0.014 0.015 0.016 0.016 0.02 0.021 0.01 0.131 0.35 0.025 0.046 0.051 0.014 0.024 0.034 0.007 0.021 0.116
268 L 0.054 0.023 0.022 0.021 0.014 0.017 0.021 0.188 0.011 0.081 0.27 0.027 0.035 0.041 0.015 0.032 0.031 0.006 0.018 0.07
269 H 0.046 0.035 0.039 0.03 0.008 0.029 0.039 0.114 0.203 0.028 0.046 0.038 0.015 0.06 0.017 0.039 0.027 0.014 0.141 0.03
270 D 0.047 0.041 0.098 0.195 0.008 0.047 0.195 0.043 0.024 0.022 0.032 0.06 0.011 0.016 0.023 0.055 0.037 0.005 0.014 0.028
271 F 0.061 0.025 0.025 0.024 0.015 0.018 0.026 0.032 0.013 0.095 0.146 0.03 0.028 0.157 0.018 0.049 0.109 0.01 0.042 0.081
272 P 0.052 0.027 0.039 0.158 0.009 0.024 0.054 0.04 0.015 0.024 0.033 0.042 0.01 0.014 0.325 0.054 0.037 0.003 0.012 0.029
273 L 0.047 0.024 0.017 0.019 0.015 0.018 0.023 0.025 0.011 0.134 0.228 0.029 0.069 0.05 0.096 0.03 0.036 0.006 0.022 0.1
274 G 0.11 0.028 0.042 0.097 0.013 0.024 0.042 0.26 0.015 0.029 0.039 0.04 0.013 0.018 0.023 0.074 0.076 0.005 0.013 0.04
275 E 0.05 0.043 0.048 0.189 0.007 0.053 0.241 0.038 0.023 0.022 0.033 0.065 0.012 0.016 0.024 0.053 0.036 0.005 0.015 0.029
276 L 0.056 0.021 0.015 0.017 0.017 0.015 0.021 0.022 0.009 0.166 0.221 0.025 0.038 0.042 0.015 0.028 0.041 0.006 0.021 0.203
277 L 0.046 0.022 0.015 0.016 0.015 0.015 0.02 0.022 0.011 0.112 0.3 0.024 0.042 0.108 0.014 0.025 0.034 0.008 0.032 0.119
278 N 0.051 0.049 0.144 0.117 0.01 0.098 0.071 0.049 0.025 0.028 0.041 0.062 0.015 0.017 0.022 0.064 0.079 0.005 0.017 0.036
279 A 0.193 0.032 0.04 0.098 0.017 0.027 0.05 0.066 0.016 0.038 0.062 0.045 0.017 0.021 0.027 0.121 0.055 0.005 0.016 0.053
280 V 0.066 0.025 0.025 0.024 0.018 0.019 0.027 0.03 0.01 0.146 0.112 0.031 0.028 0.032 0.019 0.05 0.119 0.006 0.019 0.195
281 A 0.176 0.028 0.021 0.023 0.018 0.022 0.031 0.05 0.014 0.072 0.174 0.035 0.053 0.058 0.022 0.055 0.041 0.007 0.024 0.077
282 A 0.147 0.029 0.029 0.029 0.016 0.023 0.034 0.131 0.019 0.048 0.107 0.038 0.021 0.043 0.022 0.085 0.044 0.009 0.07 0.056
283 R 0.044 0.361 0.038 0.03 0.008 0.047 0.051 0.032 0.023 0.023 0.045 0.117 0.015 0.017 0.019 0.044 0.034 0.006 0.017 0.03
284 L 0.044 0.023 0.014 0.016 0.016 0.016 0.02 0.021 0.01 0.141 0.336 0.025 0.057 0.051 0.014 0.025 0.034 0.007 0.022 0.107
285 F 0.033 0.019 0.016 0.016 0.01 0.01 0.019 0.025 0.016 0.062 0.111 0.019 0.025 0.402 0.01 0.025 0.025 0.016 0.087 0.054
286 I 0.093 0.02 0.016 0.019 0.017 0.015 0.022 0.03 0.009 0.226 0.14 0.027 0.032 0.038 0.017 0.035 0.042 0.006 0.02 0.174
287 G 0.076 0.022 0.038 0.033 0.011 0.018 0.025 0.522 0.013 0.018 0.028 0.033 0.009 0.016 0.018 0.05 0.029 0.005 0.011 0.024
288 Q 0.055 0.072 0.043 0.046 0.009 0.234 0.1 0.04 0.029 0.026 0.046 0.089 0.02 0.014 0.023 0.055 0.04 0.006 0.02 0.034
289 T 0.099 0.034 0.08 0.037 0.016 0.028 0.037 0.047 0.017 0.061 0.1 0.043 0.071 0.03 0.022 0.067 0.118 0.006 0.019 0.069
290 E 0.054 0.048 0.04 0.088 0.007 0.063 0.314 0.034 0.025 0.022 0.036 0.074 0.013 0.016 0.025 0.054 0.036 0.005 0.016 0.031
291 G 0.076 0.022 0.038 0.033 0.011 0.018 0.025 0.522 0.013 0.018 0.028 0.033 0.009 0.016 0.018 0.05 0.029 0.005 0.011 0.024
292 A 0.155 0.034 0.032 0.032 0.018 0.028 0.039 0.056 0.016 0.056 0.097 0.044 0.071 0.029 0.025 0.119 0.056 0.006 0.019 0.066
293 F 0.036 0.023 0.019 0.017 0.01 0.016 0.023 0.025 0.031 0.052 0.089 0.024 0.022 0.265 0.013 0.028 0.026 0.022 0.211 0.05
294 L 0.047 0.03 0.02 0.019 0.013 0.025 0.027 0.026 0.026 0.079 0.15 0.034 0.127 0.074 0.016 0.034 0.035 0.014 0.127 0.075
295 I 0.047 0.02 0.015 0.018 0.016 0.015 0.019 0.021 0.01 0.257 0.169 0.025 0.06 0.044 0.015 0.026 0.039 0.006 0.021 0.159
296 Y 0.04 0.027 0.021 0.018 0.009 0.021 0.027 0.024 0.046 0.043 0.067 0.03 0.018 0.128 0.015 0.03 0.027 0.027 0.334 0.046
297 D 0.049 0.05 0.05 0.182 0.008 0.109 0.168 0.04 0.024 0.023 0.036 0.069 0.014 0.015 0.023 0.053 0.037 0.005 0.016 0.03
298 F 0.103 0.025 0.024 0.024 0.016 0.018 0.029 0.04 0.014 0.086 0.096 0.031 0.024 0.152 0.018 0.073 0.046 0.009 0.041 0.131
299 L 0.043 0.024 0.014 0.015 0.016 0.016 0.02 0.021 0.01 0.113 0.391 0.025 0.048 0.053 0.014 0.024 0.033 0.007 0.022 0.094
300 T 0.063 0.093 0.037 0.033 0.014 0.063 0.048 0.037 0.017 0.066 0.07 0.06 0.021 0.023 0.023 0.066 0.148 0.006 0.018 0.095
301 P 0.055 0.025 0.023 0.03 0.01 0.02 0.035 0.035 0.013 0.025 0.035 0.04 0.01 0.013 0.506 0.043 0.035 0.003 0.013 0.03
302 D 0.062 0.032 0.062 0.291 0.011 0.03 0.076 0.052 0.018 0.024 0.032 0.047 0.011 0.016 0.024 0.114 0.05 0.004 0.013 0.029
303 F 0.044 0.025 0.021 0.031 0.012 0.022 0.071 0.027 0.015 0.092 0.146 0.033 0.026 0.155 0.097 0.032 0.032 0.009 0.041 0.071
304 E 0.07 0.051 0.049 0.121 0.011 0.045 0.148 0.048 0.021 0.025 0.037 0.099 0.013 0.017 0.026 0.115 0.051 0.005 0.016 0.033
305 R 0.042 0.25 0.032 0.026 0.008 0.039 0.043 0.029 0.03 0.029 0.053 0.088 0.016 0.054 0.018 0.039 0.032 0.013 0.123 0.035
306 L 0.089 0.022 0.016 0.018 0.017 0.016 0.022 0.03 0.01 0.189 0.222 0.027 0.037 0.043 0.017 0.034 0.038 0.006 0.02 0.129
307 W 0.092 0.028 0.026 0.024 0.014 0.021 0.03 0.04 0.013 0.053 0.113 0.033 0.022 0.04 0.019 0.055 0.109 0.172 0.034 0.06
308 Y 0.041 0.026 0.019 0.017 0.011 0.019 0.025 0.023 0.034 0.066 0.175 0.029 0.028 0.103 0.015 0.028 0.029 0.021 0.23 0.062
309 G 0.076 0.022 0.038 0.033 0.011 0.018 0.025 0.522 0.013 0.018 0.028 0.033 0.009 0.016 0.018 0.05 0.029 0.005 0.011 0.024
310 L 0.05 0.03 0.019 0.019 0.016 0.025 0.026 0.026 0.015 0.1 0.225 0.033 0.159 0.048 0.015 0.033 0.038 0.008 0.023 0.091
311 P 0.055 0.025 0.023 0.03 0.01 0.02 0.035 0.035 0.013 0.025 0.035 0.04 0.01 0.013 0.506 0.043 0.035 0.003 0.013 0.03
312 L 0.045 0.025 0.015 0.016 0.016 0.018 0.021 0.022 0.011 0.11 0.349 0.027 0.076 0.052 0.014 0.026 0.034 0.007 0.022 0.093
313 A 0.293 0.03 0.026 0.029 0.02 0.025 0.039 0.104 0.014 0.041 0.056 0.043 0.017 0.021 0.028 0.081 0.047 0.005 0.017 0.064
314 G 0.066 0.022 0.032 0.03 0.01 0.017 0.026 0.358 0.014 0.027 0.043 0.032 0.012 0.08 0.098 0.045 0.029 0.007 0.024 0.03
315 L 0.062 0.029 0.026 0.025 0.016 0.021 0.029 0.034 0.013 0.086 0.268 0.034 0.043 0.042 0.019 0.084 0.064 0.006 0.02 0.078
316 F 0.033 0.019 0.016 0.016 0.01 0.01 0.019 0.025 0.016 0.062 0.111 0.019 0.025 0.402 0.01 0.025 0.025 0.016 0.087 0.054
317 G 0.076 0.022 0.038 0.033 0.011 0.018 0.025 0.522 0.013 0.018 0.028 0.033 0.009 0.016 0.018 0.05 0.029 0.005 0.011 0.024
318 F 0.044 0.022 0.025 0.083 0.013 0.016 0.031 0.027 0.013 0.113 0.153 0.026 0.029 0.158 0.015 0.031 0.039 0.009 0.041 0.112
319 A 0.142 0.092 0.032 0.034 0.014 0.063 0.051 0.052 0.02 0.032 0.049 0.063 0.016 0.024 0.105 0.078 0.045 0.006 0.037 0.045
320 A 0.177 0.046 0.037 0.039 0.016 0.096 0.062 0.062 0.02 0.034 0.05 0.061 0.018 0.019 0.027 0.109 0.053 0.005 0.018 0.05
