#Seq2Logo.py -f /work3/idamei/ssn-clusterings/clustering/2205111339/clusters/0006_299/sequences.afa -o /work3/idamei/ssn-clusterings/clustering/2205111339/clusters/0006_299/sequences.logo
#Position Specific Frequency Matrix
A R N D C Q E G H I L K M F P S T W Y V
0 L 0.051 0.032 0.02 0.02 0.016 0.028 0.028 0.028 0.016 0.099 0.194 0.036 0.173 0.047 0.016 0.036 0.04 0.008 0.024 0.091
1 R 0.048 0.27 0.039 0.034 0.008 0.05 0.058 0.036 0.022 0.024 0.045 0.174 0.015 0.017 0.022 0.047 0.036 0.006 0.017 0.031
2 H 0.043 0.036 0.13 0.046 0.011 0.028 0.04 0.041 0.134 0.108 0.078 0.041 0.021 0.031 0.018 0.045 0.038 0.006 0.031 0.075
3 A 0.175 0.069 0.033 0.035 0.015 0.039 0.055 0.06 0.018 0.035 0.051 0.163 0.016 0.018 0.029 0.069 0.045 0.005 0.017 0.051
4 W 0.052 0.05 0.024 0.025 0.012 0.028 0.039 0.032 0.015 0.073 0.075 0.111 0.021 0.037 0.017 0.036 0.037 0.169 0.035 0.113
5 N 0.051 0.037 0.221 0.061 0.012 0.028 0.04 0.051 0.023 0.069 0.064 0.044 0.018 0.024 0.019 0.057 0.049 0.005 0.017 0.11
6 L 0.041 0.131 0.023 0.021 0.011 0.025 0.03 0.026 0.017 0.067 0.18 0.054 0.03 0.155 0.015 0.031 0.031 0.01 0.042 0.06
7 H 0.041 0.039 0.133 0.046 0.009 0.031 0.043 0.042 0.146 0.029 0.046 0.043 0.015 0.059 0.018 0.047 0.034 0.013 0.132 0.032
8 L 0.047 0.023 0.016 0.018 0.016 0.018 0.021 0.023 0.011 0.196 0.211 0.027 0.086 0.046 0.015 0.028 0.038 0.007 0.022 0.132
9 A 0.23 0.03 0.028 0.03 0.02 0.024 0.038 0.065 0.014 0.081 0.073 0.042 0.02 0.025 0.027 0.099 0.052 0.005 0.018 0.08
10 K 0.054 0.112 0.036 0.042 0.011 0.042 0.093 0.035 0.018 0.073 0.065 0.142 0.019 0.022 0.023 0.053 0.075 0.005 0.017 0.061
11 L 0.143 0.026 0.024 0.026 0.018 0.021 0.031 0.046 0.012 0.134 0.146 0.035 0.028 0.034 0.022 0.08 0.048 0.006 0.019 0.102
12 L 0.052 0.025 0.019 0.019 0.017 0.018 0.023 0.025 0.01 0.11 0.292 0.028 0.041 0.045 0.016 0.036 0.074 0.006 0.021 0.122
13 F 0.035 0.021 0.018 0.017 0.01 0.014 0.021 0.025 0.026 0.055 0.097 0.023 0.023 0.31 0.012 0.027 0.026 0.02 0.169 0.051
14 L 0.048 0.023 0.014 0.015 0.016 0.016 0.02 0.021 0.01 0.121 0.347 0.025 0.045 0.05 0.014 0.025 0.035 0.007 0.021 0.126
15 L 0.043 0.024 0.015 0.016 0.015 0.017 0.021 0.023 0.012 0.102 0.311 0.025 0.067 0.11 0.014 0.026 0.032 0.009 0.033 0.087
16 A 0.235 0.032 0.033 0.033 0.02 0.027 0.041 0.069 0.015 0.042 0.056 0.045 0.017 0.021 0.029 0.11 0.09 0.005 0.017 0.063
17 I 0.053 0.02 0.015 0.017 0.017 0.014 0.019 0.022 0.009 0.217 0.189 0.024 0.036 0.042 0.015 0.027 0.041 0.006 0.02 0.197
18 L 0.052 0.026 0.02 0.02 0.016 0.019 0.024 0.027 0.012 0.1 0.213 0.029 0.059 0.102 0.016 0.038 0.074 0.008 0.032 0.115
19 G 0.103 0.021 0.025 0.024 0.174 0.016 0.023 0.201 0.012 0.038 0.059 0.028 0.015 0.082 0.018 0.048 0.034 0.007 0.025 0.047
20 S 0.107 0.039 0.053 0.048 0.017 0.032 0.051 0.065 0.019 0.029 0.041 0.053 0.015 0.02 0.029 0.239 0.08 0.005 0.017 0.041
21 L 0.089 0.026 0.017 0.018 0.017 0.019 0.024 0.031 0.012 0.098 0.302 0.03 0.065 0.047 0.017 0.035 0.036 0.007 0.021 0.089
22 L 0.049 0.022 0.019 0.02 0.016 0.016 0.022 0.024 0.01 0.191 0.223 0.027 0.037 0.043 0.016 0.035 0.074 0.006 0.02 0.129
23 S 0.107 0.039 0.053 0.048 0.017 0.032 0.051 0.065 0.019 0.029 0.041 0.053 0.015 0.02 0.029 0.239 0.08 0.005 0.017 0.041
24 Q 0.055 0.072 0.043 0.046 0.009 0.234 0.1 0.04 0.029 0.026 0.046 0.089 0.02 0.014 0.023 0.055 0.04 0.006 0.02 0.034
25 L 0.065 0.03 0.031 0.029 0.017 0.024 0.032 0.036 0.013 0.105 0.152 0.037 0.053 0.035 0.021 0.084 0.12 0.006 0.02 0.089
26 P 0.055 0.025 0.023 0.03 0.01 0.02 0.035 0.035 0.013 0.025 0.035 0.04 0.01 0.013 0.506 0.043 0.035 0.003 0.013 0.03
27 A 0.103 0.035 0.032 0.032 0.015 0.057 0.044 0.045 0.017 0.083 0.081 0.045 0.022 0.087 0.022 0.086 0.083 0.007 0.03 0.073
28 L 0.055 0.024 0.017 0.018 0.017 0.019 0.023 0.024 0.011 0.153 0.199 0.028 0.085 0.043 0.015 0.03 0.041 0.007 0.022 0.17
29 L 0.043 0.024 0.014 0.015 0.016 0.016 0.02 0.021 0.01 0.113 0.391 0.025 0.048 0.053 0.014 0.024 0.033 0.007 0.022 0.094
30 D 0.047 0.039 0.053 0.25 0.007 0.046 0.201 0.04 0.022 0.022 0.032 0.059 0.011 0.015 0.024 0.052 0.035 0.004 0.014 0.027
31 S 0.101 0.038 0.051 0.046 0.017 0.031 0.049 0.061 0.018 0.033 0.045 0.051 0.016 0.021 0.029 0.214 0.111 0.005 0.017 0.046
32 G 0.076 0.022 0.038 0.033 0.011 0.018 0.025 0.522 0.013 0.018 0.028 0.033 0.009 0.016 0.018 0.05 0.029 0.005 0.011 0.024
33 Y 0.093 0.026 0.023 0.023 0.014 0.021 0.027 0.116 0.024 0.089 0.096 0.033 0.047 0.064 0.018 0.042 0.035 0.013 0.123 0.074
34 D 0.057 0.03 0.06 0.288 0.009 0.028 0.072 0.128 0.017 0.022 0.03 0.043 0.01 0.016 0.022 0.082 0.041 0.004 0.012 0.027
35 R 0.053 0.153 0.033 0.032 0.011 0.101 0.059 0.033 0.021 0.059 0.084 0.079 0.047 0.024 0.019 0.044 0.039 0.006 0.02 0.084
36 I 0.043 0.022 0.017 0.017 0.014 0.016 0.021 0.022 0.021 0.177 0.169 0.026 0.032 0.073 0.015 0.026 0.034 0.013 0.125 0.117
37 L 0.042 0.023 0.014 0.015 0.015 0.015 0.02 0.021 0.011 0.104 0.344 0.024 0.044 0.111 0.013 0.024 0.031 0.009 0.033 0.087
38 K 0.053 0.089 0.09 0.048 0.008 0.079 0.071 0.045 0.023 0.026 0.041 0.221 0.015 0.015 0.025 0.055 0.041 0.005 0.017 0.031
39 L 0.175 0.027 0.019 0.022 0.018 0.02 0.03 0.049 0.012 0.077 0.224 0.034 0.033 0.037 0.021 0.053 0.041 0.006 0.019 0.08
40 V 0.061 0.025 0.024 0.023 0.017 0.019 0.027 0.029 0.01 0.138 0.156 0.031 0.031 0.035 0.019 0.049 0.116 0.006 0.019 0.163
41 W 0.03 0.022 0.015 0.015 0.007 0.015 0.022 0.03 0.015 0.03 0.052 0.022 0.015 0.059 0.007 0.022 0.022 0.505 0.067 0.03
42 V 0.049 0.019 0.016 0.017 0.015 0.013 0.02 0.023 0.011 0.17 0.134 0.022 0.031 0.16 0.014 0.027 0.037 0.009 0.042 0.171
43 L 0.042 0.022 0.014 0.016 0.015 0.014 0.019 0.021 0.011 0.133 0.306 0.023 0.042 0.11 0.013 0.024 0.032 0.008 0.032 0.1
44 P 0.055 0.025 0.023 0.03 0.01 0.02 0.035 0.035 0.013 0.025 0.035 0.04 0.01 0.013 0.506 0.043 0.035 0.003 0.013 0.03
45 F 0.08 0.021 0.017 0.018 0.013 0.014 0.022 0.033 0.015 0.067 0.149 0.024 0.027 0.28 0.014 0.034 0.03 0.013 0.064 0.063
46 L 0.068 0.025 0.025 0.024 0.016 0.019 0.027 0.113 0.011 0.099 0.184 0.031 0.03 0.035 0.018 0.067 0.045 0.006 0.019 0.138
47 Y 0.05 0.028 0.026 0.023 0.011 0.021 0.03 0.031 0.036 0.043 0.07 0.032 0.019 0.155 0.017 0.064 0.036 0.022 0.24 0.046
48 L 0.046 0.026 0.016 0.016 0.016 0.02 0.022 0.023 0.012 0.108 0.324 0.028 0.093 0.051 0.014 0.028 0.035 0.007 0.022 0.093
49 L 0.058 0.023 0.02 0.019 0.095 0.018 0.022 0.108 0.011 0.091 0.199 0.027 0.056 0.037 0.016 0.034 0.036 0.006 0.018 0.107
50 L 0.046 0.021 0.015 0.016 0.015 0.014 0.02 0.022 0.01 0.141 0.262 0.024 0.039 0.107 0.014 0.025 0.035 0.008 0.032 0.132
51 T 0.071 0.033 0.04 0.035 0.016 0.025 0.037 0.043 0.015 0.05 0.068 0.041 0.019 0.086 0.025 0.104 0.194 0.007 0.029 0.062
52 N 0.102 0.039 0.187 0.059 0.014 0.03 0.046 0.062 0.023 0.031 0.042 0.05 0.014 0.02 0.024 0.103 0.09 0.005 0.016 0.043
53 P 0.049 0.027 0.027 0.029 0.01 0.021 0.035 0.034 0.073 0.031 0.048 0.037 0.013 0.08 0.342 0.04 0.032 0.006 0.032 0.033
54 R 0.051 0.179 0.04 0.039 0.008 0.111 0.073 0.038 0.024 0.025 0.044 0.167 0.017 0.015 0.023 0.05 0.038 0.005 0.018 0.032
55 S 0.101 0.038 0.051 0.046 0.017 0.031 0.049 0.061 0.018 0.033 0.045 0.051 0.016 0.021 0.029 0.214 0.111 0.005 0.017 0.046
56 F 0.036 0.023 0.019 0.017 0.01 0.016 0.023 0.025 0.031 0.052 0.089 0.024 0.022 0.265 0.013 0.028 0.026 0.022 0.211 0.05
57 L 0.04 0.022 0.015 0.015 0.014 0.014 0.019 0.022 0.012 0.096 0.298 0.023 0.041 0.17 0.013 0.024 0.03 0.01 0.043 0.08
58 N 0.068 0.053 0.142 0.064 0.011 0.041 0.097 0.055 0.024 0.025 0.037 0.097 0.013 0.018 0.025 0.12 0.055 0.005 0.016 0.033
59 N 0.044 0.107 0.235 0.066 0.009 0.038 0.052 0.055 0.028 0.023 0.035 0.104 0.012 0.017 0.021 0.061 0.044 0.005 0.016 0.028
60 K 0.062 0.114 0.039 0.046 0.01 0.045 0.098 0.042 0.02 0.025 0.04 0.146 0.014 0.016 0.105 0.081 0.044 0.005 0.016 0.033
61 L 0.043 0.024 0.014 0.015 0.016 0.016 0.02 0.021 0.01 0.113 0.391 0.025 0.048 0.053 0.014 0.024 0.033 0.007 0.022 0.094
62 L 0.039 0.023 0.014 0.015 0.013 0.015 0.02 0.023 0.012 0.09 0.288 0.023 0.039 0.112 0.012 0.024 0.03 0.091 0.04 0.076
63 P 0.048 0.023 0.021 0.026 0.01 0.017 0.03 0.032 0.014 0.037 0.061 0.033 0.015 0.142 0.341 0.037 0.032 0.007 0.037 0.038
64 F 0.036 0.021 0.017 0.017 0.011 0.013 0.02 0.025 0.016 0.068 0.125 0.021 0.051 0.343 0.011 0.027 0.027 0.015 0.076 0.06
65 Y 0.04 0.027 0.021 0.018 0.009 0.021 0.027 0.024 0.046 0.043 0.067 0.03 0.018 0.128 0.015 0.03 0.027 0.027 0.334 0.046
66 L 0.13 0.024 0.018 0.02 0.017 0.017 0.026 0.04 0.012 0.11 0.195 0.03 0.032 0.099 0.018 0.044 0.038 0.008 0.031 0.091
67 F 0.047 0.022 0.024 0.023 0.012 0.014 0.023 0.111 0.015 0.053 0.089 0.025 0.021 0.274 0.014 0.04 0.065 0.013 0.062 0.051
68 V 0.061 0.025 0.024 0.023 0.017 0.019 0.027 0.029 0.01 0.138 0.156 0.031 0.031 0.035 0.019 0.049 0.116 0.006 0.019 0.163
69 F 0.035 0.018 0.016 0.017 0.011 0.011 0.018 0.024 0.015 0.1 0.12 0.019 0.027 0.342 0.011 0.025 0.027 0.015 0.076 0.073
70 I 0.058 0.021 0.02 0.02 0.095 0.017 0.021 0.108 0.01 0.15 0.123 0.027 0.051 0.034 0.016 0.034 0.038 0.006 0.018 0.133
71 F 0.039 0.023 0.018 0.018 0.012 0.016 0.021 0.026 0.016 0.074 0.138 0.024 0.077 0.284 0.012 0.028 0.03 0.014 0.066 0.066
72 G 0.108 0.025 0.029 0.028 0.016 0.02 0.028 0.201 0.012 0.097 0.078 0.034 0.02 0.026 0.021 0.055 0.076 0.005 0.016 0.107
73 L 0.052 0.024 0.021 0.019 0.013 0.018 0.024 0.106 0.022 0.082 0.178 0.028 0.029 0.069 0.015 0.032 0.033 0.013 0.124 0.098
74 Y 0.038 0.026 0.02 0.018 0.009 0.019 0.026 0.024 0.041 0.046 0.074 0.028 0.019 0.173 0.014 0.029 0.027 0.026 0.293 0.047
75 C 0.145 0.021 0.019 0.02 0.338 0.016 0.024 0.047 0.01 0.043 0.062 0.028 0.016 0.02 0.02 0.054 0.04 0.004 0.014 0.059
76 F 0.053 0.023 0.026 0.024 0.011 0.015 0.025 0.114 0.016 0.049 0.086 0.027 0.021 0.274 0.015 0.065 0.035 0.013 0.062 0.047
77 L 0.051 0.022 0.02 0.02 0.016 0.016 0.022 0.025 0.011 0.161 0.17 0.027 0.033 0.1 0.016 0.037 0.075 0.008 0.031 0.141
78 C 0.06 0.017 0.016 0.016 0.416 0.013 0.017 0.03 0.008 0.055 0.118 0.021 0.021 0.025 0.016 0.037 0.035 0.004 0.014 0.062
79 D 0.05 0.054 0.051 0.175 0.008 0.137 0.132 0.041 0.025 0.024 0.038 0.071 0.015 0.015 0.023 0.053 0.038 0.005 0.016 0.03
80 V 0.109 0.029 0.028 0.028 0.018 0.023 0.033 0.043 0.013 0.112 0.108 0.037 0.05 0.032 0.022 0.084 0.087 0.006 0.019 0.121
81 F 0.042 0.021 0.016 0.016 0.014 0.013 0.02 0.023 0.013 0.095 0.207 0.022 0.034 0.225 0.012 0.026 0.031 0.011 0.054 0.106
82 T 0.077 0.035 0.044 0.038 0.017 0.028 0.041 0.046 0.014 0.048 0.06 0.046 0.019 0.023 0.027 0.115 0.234 0.006 0.017 0.065
83 G 0.069 0.026 0.044 0.097 0.011 0.022 0.038 0.363 0.014 0.025 0.034 0.037 0.011 0.017 0.02 0.057 0.069 0.005 0.012 0.031
84 N 0.053 0.085 0.129 0.043 0.012 0.027 0.035 0.121 0.019 0.089 0.071 0.051 0.019 0.024 0.018 0.048 0.041 0.005 0.016 0.094
85 S 0.075 0.06 0.046 0.044 0.013 0.102 0.068 0.049 0.021 0.031 0.047 0.104 0.018 0.018 0.026 0.122 0.091 0.005 0.018 0.042
86 Y 0.04 0.03 0.026 0.021 0.009 0.024 0.031 0.026 0.1 0.039 0.062 0.033 0.018 0.111 0.016 0.032 0.027 0.024 0.288 0.042
87 F 0.039 0.02 0.015 0.016 0.013 0.013 0.019 0.023 0.013 0.117 0.213 0.021 0.035 0.226 0.012 0.024 0.03 0.012 0.054 0.087
88 T 0.062 0.036 0.139 0.051 0.013 0.027 0.039 0.129 0.019 0.036 0.047 0.045 0.015 0.02 0.023 0.076 0.153 0.005 0.016 0.047
89 E 0.103 0.033 0.03 0.048 0.012 0.034 0.125 0.121 0.016 0.048 0.053 0.048 0.015 0.019 0.103 0.053 0.039 0.005 0.015 0.078
90 D 0.04 0.029 0.067 0.412 0.007 0.029 0.089 0.045 0.018 0.022 0.027 0.044 0.009 0.015 0.022 0.051 0.035 0.004 0.011 0.024
91 L 0.052 0.022 0.015 0.016 0.017 0.015 0.02 0.022 0.009 0.158 0.265 0.025 0.04 0.045 0.015 0.027 0.039 0.006 0.021 0.171
92 Y 0.041 0.026 0.02 0.018 0.01 0.02 0.026 0.024 0.039 0.084 0.083 0.029 0.021 0.114 0.015 0.029 0.029 0.024 0.282 0.067
93 N 0.042 0.044 0.334 0.081 0.009 0.033 0.048 0.064 0.031 0.022 0.031 0.053 0.011 0.018 0.02 0.068 0.048 0.004 0.015 0.026
94 I 0.049 0.023 0.02 0.021 0.015 0.017 0.023 0.026 0.012 0.18 0.143 0.028 0.055 0.1 0.016 0.037 0.074 0.008 0.031 0.122
95 A 0.137 0.026 0.024 0.024 0.096 0.02 0.03 0.046 0.019 0.047 0.07 0.033 0.019 0.102 0.021 0.059 0.075 0.011 0.081 0.06
96 I 0.049 0.019 0.015 0.017 0.016 0.014 0.019 0.021 0.009 0.238 0.196 0.024 0.037 0.043 0.015 0.026 0.039 0.006 0.02 0.178
97 S 0.141 0.038 0.048 0.045 0.018 0.031 0.049 0.067 0.018 0.031 0.044 0.051 0.016 0.021 0.029 0.213 0.075 0.005 0.017 0.045
98 L 0.048 0.026 0.019 0.018 0.016 0.018 0.023 0.024 0.01 0.102 0.336 0.028 0.044 0.048 0.016 0.035 0.071 0.007 0.021 0.09
99 L 0.048 0.026 0.017 0.018 0.016 0.021 0.023 0.024 0.013 0.135 0.254 0.03 0.113 0.048 0.015 0.03 0.037 0.007 0.022 0.105
100 I 0.051 0.023 0.016 0.018 0.016 0.018 0.022 0.023 0.011 0.204 0.167 0.027 0.083 0.043 0.015 0.029 0.041 0.006 0.021 0.164
101 T 0.072 0.033 0.042 0.036 0.016 0.026 0.036 0.122 0.013 0.046 0.058 0.042 0.018 0.022 0.026 0.084 0.226 0.006 0.016 0.062
102 I 0.055 0.025 0.021 0.021 0.096 0.02 0.024 0.028 0.012 0.145 0.14 0.03 0.078 0.037 0.017 0.042 0.076 0.006 0.019 0.108
103 V 0.105 0.024 0.022 0.022 0.018 0.019 0.027 0.035 0.01 0.144 0.111 0.031 0.027 0.032 0.02 0.049 0.083 0.005 0.019 0.195
104 S 0.107 0.039 0.053 0.048 0.017 0.032 0.051 0.065 0.019 0.029 0.041 0.053 0.015 0.02 0.029 0.239 0.08 0.005 0.017 0.041
105 F 0.036 0.023 0.019 0.017 0.01 0.016 0.023 0.025 0.031 0.052 0.089 0.024 0.022 0.265 0.013 0.028 0.026 0.022 0.211 0.05
106 A 0.152 0.038 0.137 0.053 0.016 0.03 0.046 0.068 0.021 0.031 0.043 0.05 0.014 0.02 0.026 0.13 0.059 0.005 0.016 0.045
107 F 0.036 0.021 0.017 0.017 0.011 0.013 0.02 0.024 0.02 0.067 0.151 0.022 0.028 0.298 0.012 0.026 0.027 0.017 0.117 0.059
108 W 0.032 0.022 0.015 0.015 0.009 0.014 0.021 0.027 0.014 0.049 0.118 0.022 0.022 0.115 0.009 0.023 0.024 0.34 0.062 0.044
109 L 0.047 0.154 0.031 0.036 0.01 0.04 0.087 0.03 0.018 0.053 0.158 0.109 0.026 0.029 0.02 0.04 0.035 0.006 0.018 0.052
110 N 0.044 0.107 0.142 0.051 0.008 0.04 0.053 0.046 0.141 0.023 0.037 0.101 0.014 0.021 0.02 0.052 0.037 0.006 0.029 0.027
111 H 0.041 0.039 0.089 0.038 0.008 0.031 0.043 0.037 0.206 0.029 0.046 0.041 0.015 0.06 0.018 0.042 0.03 0.014 0.142 0.031
112 G 0.07 0.03 0.087 0.041 0.011 0.024 0.034 0.286 0.022 0.025 0.037 0.039 0.012 0.035 0.02 0.081 0.04 0.009 0.066 0.031
113 N 0.068 0.038 0.147 0.118 0.013 0.031 0.054 0.057 0.022 0.029 0.039 0.05 0.013 0.019 0.024 0.126 0.093 0.005 0.016 0.038
114 P 0.05 0.04 0.08 0.049 0.009 0.065 0.093 0.039 0.026 0.027 0.042 0.054 0.014 0.033 0.182 0.049 0.037 0.008 0.069 0.033
115 R 0.066 0.154 0.042 0.036 0.011 0.037 0.048 0.123 0.019 0.029 0.044 0.11 0.015 0.018 0.023 0.086 0.08 0.005 0.016 0.038
116 L 0.052 0.022 0.016 0.017 0.016 0.016 0.021 0.024 0.011 0.147 0.185 0.025 0.059 0.103 0.014 0.029 0.039 0.008 0.032 0.164
117 L 0.051 0.028 0.021 0.02 0.016 0.022 0.025 0.027 0.012 0.098 0.27 0.031 0.088 0.046 0.017 0.039 0.074 0.007 0.022 0.089
118 Q 0.054 0.106 0.037 0.037 0.011 0.132 0.068 0.036 0.022 0.044 0.106 0.076 0.024 0.023 0.021 0.054 0.075 0.006 0.019 0.049
119 A 0.135 0.027 0.071 0.031 0.096 0.021 0.03 0.048 0.014 0.092 0.127 0.034 0.024 0.029 0.02 0.054 0.042 0.005 0.017 0.08
120 I 0.044 0.017 0.015 0.017 0.015 0.013 0.017 0.021 0.01 0.251 0.155 0.022 0.034 0.103 0.014 0.024 0.036 0.008 0.031 0.153
121 C 0.151 0.026 0.026 0.028 0.177 0.021 0.033 0.053 0.013 0.038 0.053 0.037 0.015 0.019 0.104 0.088 0.047 0.004 0.015 0.053
122 I 0.047 0.019 0.015 0.017 0.015 0.014 0.019 0.022 0.01 0.2 0.187 0.023 0.035 0.103 0.014 0.026 0.037 0.008 0.031 0.159
123 I 0.054 0.023 0.024 0.024 0.016 0.018 0.024 0.028 0.01 0.21 0.13 0.03 0.03 0.036 0.019 0.046 0.114 0.006 0.019 0.138
124 L 0.055 0.028 0.023 0.022 0.015 0.022 0.027 0.031 0.014 0.085 0.22 0.032 0.083 0.104 0.016 0.064 0.041 0.009 0.032 0.077
125 L 0.09 0.026 0.018 0.019 0.017 0.021 0.025 0.032 0.012 0.125 0.231 0.031 0.085 0.044 0.017 0.038 0.039 0.007 0.021 0.101
126 V 0.061 0.02 0.016 0.017 0.018 0.015 0.021 0.023 0.008 0.203 0.139 0.025 0.033 0.038 0.016 0.03 0.045 0.005 0.02 0.249
127 G 0.117 0.027 0.035 0.032 0.095 0.022 0.032 0.21 0.013 0.034 0.047 0.038 0.014 0.019 0.023 0.092 0.081 0.005 0.014 0.047
128 G 0.081 0.027 0.041 0.036 0.013 0.022 0.032 0.366 0.014 0.026 0.036 0.038 0.012 0.018 0.022 0.088 0.077 0.005 0.013 0.034
129 I 0.054 0.024 0.024 0.023 0.016 0.018 0.025 0.028 0.01 0.18 0.168 0.03 0.032 0.038 0.018 0.046 0.113 0.006 0.019 0.125
130 I 0.052 0.021 0.02 0.022 0.014 0.016 0.022 0.106 0.01 0.17 0.158 0.028 0.029 0.035 0.097 0.032 0.036 0.005 0.018 0.111
131 L 0.048 0.023 0.014 0.015 0.016 0.016 0.02 0.021 0.01 0.121 0.347 0.025 0.045 0.05 0.014 0.025 0.035 0.007 0.021 0.126
132 A 0.2 0.031 0.033 0.033 0.099 0.025 0.039 0.065 0.015 0.038 0.053 0.043 0.016 0.021 0.027 0.128 0.057 0.005 0.016 0.056
133 L 0.096 0.023 0.017 0.018 0.018 0.017 0.024 0.031 0.01 0.146 0.21 0.028 0.035 0.04 0.017 0.036 0.042 0.006 0.02 0.167
134 E 0.051 0.034 0.077 0.052 0.011 0.035 0.124 0.033 0.024 0.093 0.077 0.046 0.02 0.043 0.019 0.044 0.039 0.009 0.07 0.099
135 L 0.049 0.02 0.014 0.016 0.016 0.014 0.019 0.021 0.009 0.209 0.233 0.024 0.039 0.045 0.014 0.025 0.038 0.006 0.021 0.165
136 Y 0.043 0.025 0.02 0.018 0.09 0.02 0.025 0.026 0.039 0.043 0.066 0.029 0.018 0.11 0.015 0.032 0.029 0.023 0.281 0.047
137 L 0.052 0.042 0.027 0.035 0.013 0.031 0.08 0.03 0.015 0.102 0.181 0.081 0.03 0.034 0.02 0.045 0.074 0.006 0.019 0.082
138 N 0.046 0.042 0.182 0.072 0.009 0.04 0.132 0.047 0.025 0.037 0.092 0.055 0.018 0.023 0.021 0.056 0.041 0.005 0.017 0.039
139 F 0.034 0.02 0.017 0.017 0.01 0.012 0.02 0.025 0.021 0.059 0.104 0.021 0.024 0.356 0.011 0.026 0.025 0.018 0.128 0.052
140 L 0.042 0.023 0.014 0.015 0.015 0.015 0.02 0.021 0.011 0.104 0.344 0.024 0.044 0.111 0.013 0.024 0.031 0.009 0.033 0.087
141 Q 0.093 0.048 0.03 0.033 0.013 0.126 0.063 0.04 0.02 0.087 0.125 0.06 0.027 0.027 0.021 0.049 0.04 0.006 0.02 0.073
142 G 0.07 0.03 0.095 0.107 0.011 0.025 0.044 0.29 0.018 0.021 0.03 0.041 0.01 0.017 0.021 0.085 0.042 0.005 0.012 0.027
143 A 0.217 0.028 0.023 0.025 0.017 0.022 0.034 0.059 0.02 0.045 0.068 0.037 0.019 0.102 0.024 0.064 0.041 0.011 0.082 0.061
144 D 0.051 0.031 0.065 0.351 0.009 0.03 0.083 0.049 0.018 0.023 0.03 0.045 0.01 0.016 0.023 0.082 0.042 0.004 0.012 0.027
145 L 0.048 0.021 0.014 0.016 0.016 0.015 0.019 0.021 0.009 0.179 0.271 0.024 0.041 0.047 0.014 0.025 0.037 0.006 0.021 0.152
146 T 0.11 0.034 0.034 0.032 0.017 0.028 0.037 0.047 0.015 0.062 0.102 0.043 0.072 0.03 0.024 0.096 0.123 0.006 0.019 0.071
147 S 0.087 0.043 0.054 0.108 0.014 0.065 0.066 0.057 0.02 0.027 0.039 0.057 0.015 0.018 0.027 0.177 0.066 0.005 0.017 0.037
148 K 0.135 0.112 0.084 0.042 0.013 0.039 0.053 0.055 0.02 0.03 0.046 0.141 0.015 0.018 0.025 0.064 0.043 0.005 0.017 0.042
149 T 0.073 0.034 0.039 0.035 0.017 0.026 0.037 0.042 0.014 0.058 0.114 0.042 0.023 0.028 0.025 0.104 0.195 0.006 0.018 0.069
150 Y 0.04 0.027 0.021 0.018 0.009 0.021 0.027 0.024 0.046 0.043 0.067 0.03 0.018 0.128 0.015 0.03 0.027 0.027 0.334 0.046
151 A 0.307 0.03 0.025 0.029 0.021 0.025 0.04 0.076 0.014 0.042 0.058 0.043 0.017 0.021 0.029 0.083 0.049 0.005 0.017 0.067
152 Y 0.038 0.026 0.02 0.018 0.009 0.019 0.026 0.024 0.041 0.046 0.074 0.028 0.019 0.173 0.014 0.029 0.027 0.026 0.293 0.047
153 K 0.067 0.058 0.039 0.045 0.011 0.041 0.093 0.122 0.019 0.037 0.063 0.131 0.041 0.022 0.024 0.08 0.044 0.006 0.017 0.042
154 D 0.134 0.036 0.044 0.176 0.012 0.039 0.147 0.052 0.019 0.029 0.04 0.054 0.013 0.017 0.025 0.063 0.04 0.005 0.015 0.04
155 K 0.056 0.104 0.04 0.04 0.008 0.052 0.069 0.042 0.02 0.027 0.042 0.296 0.015 0.015 0.027 0.052 0.039 0.005 0.017 0.032
156 N 0.042 0.044 0.334 0.081 0.009 0.033 0.048 0.064 0.031 0.022 0.031 0.053 0.011 0.018 0.02 0.068 0.048 0.004 0.015 0.026
157 S 0.107 0.039 0.053 0.048 0.017 0.032 0.051 0.065 0.019 0.029 0.041 0.053 0.015 0.02 0.029 0.239 0.08 0.005 0.017 0.041
158 I 0.094 0.022 0.017 0.02 0.017 0.018 0.024 0.031 0.011 0.195 0.145 0.029 0.056 0.039 0.017 0.037 0.042 0.006 0.02 0.16
159 G 0.192 0.026 0.032 0.031 0.016 0.022 0.032 0.299 0.014 0.03 0.043 0.038 0.013 0.018 0.024 0.066 0.039 0.005 0.014 0.045
160 Q 0.052 0.067 0.045 0.045 0.008 0.201 0.092 0.04 0.086 0.025 0.045 0.082 0.019 0.017 0.022 0.052 0.038 0.006 0.026 0.032
161 I 0.046 0.018 0.014 0.017 0.016 0.013 0.018 0.02 0.009 0.259 0.202 0.023 0.038 0.045 0.014 0.024 0.038 0.006 0.02 0.159
162 L 0.045 0.025 0.015 0.016 0.016 0.018 0.021 0.022 0.011 0.11 0.358 0.026 0.071 0.052 0.014 0.026 0.034 0.007 0.022 0.093
163 L 0.04 0.022 0.015 0.015 0.014 0.014 0.019 0.022 0.012 0.096 0.298 0.023 0.041 0.17 0.013 0.024 0.03 0.01 0.043 0.08
164 C 0.056 0.025 0.122 0.038 0.334 0.019 0.027 0.042 0.016 0.036 0.053 0.031 0.014 0.019 0.017 0.049 0.04 0.004 0.013 0.046
165 C 0.079 0.027 0.033 0.03 0.257 0.021 0.031 0.044 0.012 0.04 0.056 0.035 0.016 0.021 0.022 0.115 0.089 0.005 0.015 0.053
166 I 0.109 0.025 0.027 0.027 0.017 0.02 0.029 0.121 0.012 0.138 0.097 0.033 0.024 0.03 0.02 0.075 0.047 0.005 0.017 0.127
167 F 0.044 0.023 0.021 0.02 0.013 0.016 0.023 0.026 0.018 0.103 0.151 0.027 0.029 0.175 0.015 0.036 0.069 0.013 0.094 0.081
168 L 0.043 0.021 0.014 0.016 0.015 0.014 0.019 0.021 0.011 0.163 0.269 0.023 0.04 0.108 0.013 0.024 0.033 0.008 0.032 0.113
169 P 0.073 0.028 0.03 0.032 0.015 0.022 0.035 0.041 0.013 0.093 0.074 0.039 0.02 0.024 0.183 0.103 0.053 0.004 0.017 0.1
170 L 0.087 0.024 0.017 0.019 0.016 0.018 0.024 0.032 0.012 0.119 0.218 0.028 0.059 0.103 0.016 0.036 0.036 0.008 0.032 0.095
171 L 0.047 0.024 0.016 0.017 0.016 0.019 0.021 0.023 0.011 0.166 0.249 0.028 0.088 0.048 0.015 0.028 0.037 0.007 0.022 0.119
172 F 0.041 0.02 0.017 0.016 0.092 0.013 0.02 0.025 0.019 0.064 0.143 0.022 0.026 0.234 0.013 0.028 0.028 0.015 0.105 0.059
173 F 0.052 0.024 0.024 0.024 0.012 0.018 0.028 0.032 0.02 0.085 0.088 0.031 0.022 0.168 0.098 0.064 0.039 0.012 0.093 0.066
174 K 0.054 0.12 0.09 0.046 0.01 0.074 0.063 0.044 0.023 0.029 0.045 0.149 0.016 0.017 0.024 0.06 0.077 0.005 0.017 0.037
175 P 0.066 0.027 0.027 0.031 0.013 0.022 0.036 0.038 0.013 0.048 0.052 0.04 0.014 0.018 0.345 0.074 0.045 0.003 0.015 0.075
176 R 0.066 0.158 0.093 0.046 0.011 0.041 0.054 0.05 0.022 0.025 0.041 0.115 0.014 0.018 0.024 0.114 0.053 0.005 0.017 0.033
177 N 0.046 0.04 0.194 0.122 0.01 0.032 0.054 0.053 0.082 0.027 0.037 0.048 0.013 0.02 0.021 0.064 0.078 0.005 0.022 0.032
178 K 0.054 0.122 0.036 0.034 0.011 0.041 0.053 0.037 0.018 0.045 0.104 0.179 0.021 0.023 0.023 0.052 0.075 0.006 0.018 0.048
179 L 0.046 0.025 0.068 0.027 0.014 0.017 0.024 0.029 0.014 0.126 0.202 0.028 0.033 0.101 0.015 0.033 0.038 0.008 0.031 0.121
180 L 0.046 0.023 0.015 0.016 0.016 0.017 0.02 0.022 0.01 0.169 0.282 0.026 0.066 0.049 0.014 0.026 0.036 0.007 0.021 0.119
181 R 0.049 0.171 0.036 0.034 0.009 0.075 0.06 0.035 0.021 0.04 0.102 0.157 0.021 0.022 0.021 0.045 0.036 0.006 0.018 0.042
182 W 0.035 0.077 0.019 0.018 0.009 0.019 0.026 0.028 0.015 0.077 0.079 0.038 0.02 0.107 0.011 0.027 0.027 0.257 0.054 0.057
183 G 0.073 0.025 0.029 0.027 0.015 0.02 0.028 0.196 0.012 0.083 0.124 0.032 0.024 0.029 0.019 0.071 0.044 0.006 0.017 0.126
184 N 0.054 0.039 0.132 0.048 0.012 0.059 0.047 0.046 0.022 0.075 0.071 0.048 0.02 0.086 0.019 0.08 0.047 0.007 0.029 0.059
185 W 0.037 0.077 0.019 0.018 0.01 0.02 0.025 0.027 0.014 0.115 0.088 0.038 0.022 0.047 0.012 0.026 0.03 0.255 0.043 0.077
186 G 0.064 0.024 0.029 0.027 0.013 0.018 0.026 0.196 0.013 0.088 0.127 0.031 0.024 0.092 0.017 0.069 0.039 0.007 0.028 0.068
187 C 0.072 0.025 0.028 0.027 0.176 0.02 0.029 0.039 0.012 0.091 0.127 0.032 0.024 0.029 0.02 0.101 0.05 0.005 0.017 0.077
188 L 0.103 0.025 0.023 0.024 0.017 0.019 0.028 0.038 0.011 0.154 0.157 0.032 0.031 0.036 0.019 0.071 0.048 0.006 0.019 0.139
189 L 0.093 0.023 0.02 0.021 0.016 0.017 0.023 0.113 0.011 0.115 0.237 0.029 0.035 0.04 0.017 0.038 0.036 0.006 0.019 0.091
190 I 0.051 0.019 0.015 0.017 0.016 0.014 0.019 0.022 0.01 0.208 0.143 0.023 0.032 0.1 0.014 0.027 0.04 0.007 0.031 0.191
191 I 0.05 0.021 0.015 0.017 0.016 0.016 0.02 0.022 0.01 0.206 0.2 0.026 0.061 0.044 0.015 0.027 0.039 0.006 0.021 0.165
192 L 0.038 0.021 0.015 0.016 0.013 0.013 0.019 0.023 0.013 0.087 0.251 0.022 0.037 0.228 0.012 0.024 0.029 0.012 0.054 0.074
193 I 0.058 0.022 0.021 0.022 0.016 0.016 0.024 0.029 0.011 0.186 0.128 0.028 0.03 0.098 0.016 0.061 0.045 0.007 0.031 0.15
194 V 0.058 0.022 0.016 0.018 0.017 0.017 0.022 0.023 0.009 0.193 0.15 0.026 0.058 0.04 0.015 0.03 0.044 0.006 0.021 0.216
195 L 0.047 0.024 0.016 0.017 0.016 0.019 0.021 0.023 0.011 0.166 0.249 0.028 0.088 0.048 0.015 0.028 0.037 0.007 0.022 0.119
196 L 0.094 0.021 0.017 0.018 0.096 0.015 0.022 0.033 0.011 0.118 0.152 0.026 0.029 0.096 0.017 0.038 0.038 0.007 0.03 0.122
197 L 0.049 0.028 0.018 0.018 0.016 0.023 0.024 0.025 0.014 0.132 0.22 0.031 0.135 0.047 0.015 0.031 0.038 0.007 0.023 0.104
198 L 0.043 0.027 0.067 0.026 0.015 0.019 0.024 0.028 0.013 0.097 0.331 0.029 0.042 0.047 0.015 0.031 0.035 0.007 0.021 0.083
199 R 0.048 0.275 0.039 0.034 0.008 0.049 0.057 0.035 0.022 0.024 0.044 0.177 0.015 0.016 0.022 0.046 0.036 0.005 0.017 0.031
200 S 0.107 0.039 0.053 0.048 0.017 0.032 0.051 0.065 0.019 0.029 0.041 0.053 0.015 0.02 0.029 0.239 0.08 0.005 0.017 0.041
201 R 0.044 0.361 0.038 0.03 0.008 0.047 0.051 0.032 0.023 0.023 0.045 0.117 0.015 0.017 0.019 0.044 0.034 0.006 0.017 0.03
202 A 0.307 0.03 0.025 0.029 0.021 0.025 0.04 0.076 0.014 0.042 0.058 0.043 0.017 0.021 0.029 0.083 0.049 0.005 0.017 0.067
203 T 0.071 0.035 0.042 0.037 0.017 0.027 0.038 0.042 0.013 0.052 0.064 0.044 0.019 0.023 0.027 0.09 0.265 0.006 0.017 0.069
204 L 0.04 0.021 0.015 0.016 0.014 0.014 0.019 0.022 0.012 0.125 0.26 0.022 0.038 0.168 0.013 0.024 0.031 0.01 0.043 0.094
205 V 0.097 0.022 0.017 0.019 0.018 0.016 0.023 0.031 0.01 0.176 0.172 0.028 0.033 0.038 0.017 0.037 0.043 0.006 0.02 0.18
206 G 0.097 0.034 0.048 0.043 0.015 0.028 0.042 0.217 0.017 0.025 0.036 0.046 0.013 0.019 0.025 0.176 0.063 0.005 0.015 0.035
207 A 0.189 0.026 0.024 0.026 0.019 0.021 0.031 0.133 0.012 0.078 0.076 0.036 0.02 0.025 0.023 0.061 0.045 0.005 0.017 0.133
208 L 0.045 0.022 0.015 0.015 0.095 0.014 0.019 0.023 0.011 0.093 0.29 0.023 0.039 0.106 0.014 0.027 0.032 0.008 0.031 0.081
209 F 0.041 0.022 0.018 0.017 0.011 0.015 0.022 0.025 0.025 0.072 0.099 0.024 0.024 0.249 0.013 0.028 0.03 0.018 0.158 0.09
210 I 0.054 0.021 0.019 0.021 0.017 0.016 0.022 0.024 0.009 0.228 0.141 0.027 0.032 0.038 0.017 0.037 0.078 0.006 0.02 0.174
211 I 0.046 0.017 0.014 0.017 0.016 0.013 0.017 0.02 0.009 0.289 0.164 0.023 0.036 0.043 0.014 0.024 0.039 0.006 0.02 0.172
212 G 0.106 0.028 0.029 0.027 0.014 0.022 0.032 0.123 0.024 0.056 0.065 0.036 0.018 0.058 0.02 0.077 0.043 0.013 0.122 0.085
213 Y 0.04 0.027 0.021 0.018 0.009 0.021 0.027 0.024 0.046 0.043 0.067 0.03 0.018 0.128 0.015 0.03 0.027 0.027 0.334 0.046
214 F 0.04 0.024 0.018 0.017 0.012 0.018 0.023 0.024 0.025 0.07 0.157 0.026 0.053 0.193 0.013 0.028 0.029 0.017 0.148 0.064
215 I 0.048 0.018 0.015 0.017 0.015 0.013 0.018 0.022 0.01 0.23 0.149 0.023 0.033 0.102 0.014 0.026 0.038 0.007 0.031 0.172
216 F 0.083 0.021 0.017 0.018 0.014 0.014 0.022 0.032 0.014 0.105 0.158 0.024 0.029 0.221 0.015 0.034 0.032 0.011 0.053 0.082
217 H 0.093 0.067 0.042 0.038 0.01 0.073 0.064 0.046 0.137 0.028 0.044 0.136 0.016 0.021 0.024 0.054 0.036 0.006 0.03 0.035
218 S 0.097 0.037 0.046 0.042 0.017 0.03 0.046 0.057 0.017 0.043 0.099 0.048 0.021 0.026 0.026 0.203 0.072 0.005 0.018 0.05
219 G 0.069 0.056 0.091 0.046 0.011 0.034 0.048 0.209 0.019 0.024 0.035 0.127 0.012 0.017 0.023 0.085 0.044 0.005 0.015 0.03
220 N 0.053 0.043 0.287 0.076 0.01 0.033 0.049 0.064 0.029 0.023 0.032 0.053 0.012 0.018 0.021 0.096 0.053 0.005 0.016 0.029
221 K 0.051 0.081 0.085 0.043 0.01 0.043 0.057 0.042 0.02 0.04 0.098 0.21 0.02 0.022 0.024 0.05 0.039 0.005 0.017 0.041
222 K 0.056 0.136 0.04 0.038 0.01 0.047 0.061 0.041 0.019 0.03 0.046 0.224 0.016 0.017 0.026 0.057 0.076 0.005 0.017 0.038
223 V 0.101 0.025 0.021 0.022 0.018 0.019 0.027 0.035 0.01 0.136 0.155 0.031 0.03 0.035 0.019 0.048 0.08 0.006 0.019 0.163
224 K 0.052 0.19 0.04 0.037 0.008 0.051 0.063 0.039 0.021 0.026 0.043 0.236 0.015 0.016 0.024 0.049 0.037 0.005 0.017 0.031
225 R 0.041 0.135 0.023 0.021 0.011 0.027 0.031 0.026 0.021 0.086 0.127 0.056 0.025 0.053 0.015 0.031 0.031 0.093 0.079 0.067
226 W 0.035 0.022 0.016 0.016 0.01 0.015 0.022 0.026 0.019 0.08 0.083 0.023 0.021 0.125 0.01 0.024 0.026 0.261 0.107 0.06
227 F 0.051 0.026 0.025 0.024 0.014 0.019 0.026 0.03 0.014 0.102 0.118 0.031 0.051 0.157 0.017 0.048 0.11 0.01 0.042 0.085
228 I 0.045 0.018 0.015 0.017 0.014 0.013 0.019 0.022 0.011 0.192 0.14 0.022 0.031 0.161 0.013 0.026 0.036 0.009 0.042 0.152
229 V 0.107 0.026 0.023 0.024 0.018 0.02 0.029 0.038 0.011 0.132 0.151 0.032 0.03 0.035 0.02 0.072 0.049 0.006 0.019 0.158
230 L 0.088 0.023 0.016 0.018 0.017 0.016 0.022 0.03 0.01 0.16 0.26 0.027 0.039 0.045 0.017 0.034 0.037 0.006 0.02 0.116
231 L 0.104 0.025 0.023 0.024 0.097 0.019 0.028 0.04 0.013 0.075 0.132 0.031 0.025 0.092 0.019 0.074 0.045 0.007 0.029 0.1
232 L 0.073 0.028 0.028 0.027 0.017 0.021 0.031 0.037 0.012 0.101 0.186 0.034 0.032 0.036 0.02 0.098 0.054 0.006 0.02 0.14
233 L 0.043 0.024 0.014 0.015 0.016 0.016 0.02 0.021 0.01 0.113 0.391 0.025 0.048 0.053 0.014 0.024 0.033 0.007 0.022 0.094
234 V 0.098 0.021 0.017 0.019 0.097 0.015 0.023 0.034 0.011 0.126 0.108 0.026 0.026 0.093 0.017 0.039 0.041 0.007 0.029 0.154
235 V 0.07 0.025 0.026 0.025 0.016 0.021 0.028 0.114 0.012 0.126 0.113 0.032 0.051 0.033 0.018 0.069 0.047 0.006 0.019 0.15
236 G 0.055 0.022 0.024 0.023 0.013 0.017 0.022 0.189 0.013 0.129 0.114 0.028 0.049 0.094 0.015 0.035 0.033 0.008 0.029 0.089
237 Y 0.046 0.023 0.018 0.018 0.013 0.018 0.023 0.023 0.027 0.144 0.109 0.027 0.026 0.084 0.015 0.029 0.035 0.016 0.177 0.128
238 L 0.045 0.02 0.014 0.016 0.016 0.014 0.018 0.02 0.009 0.201 0.277 0.024 0.042 0.048 0.014 0.024 0.036 0.006 0.021 0.133
239 L 0.136 0.025 0.018 0.02 0.018 0.019 0.027 0.04 0.011 0.097 0.236 0.031 0.035 0.04 0.019 0.045 0.041 0.006 0.02 0.117
240 V 0.067 0.082 0.03 0.028 0.016 0.025 0.034 0.035 0.013 0.119 0.095 0.048 0.025 0.029 0.02 0.077 0.086 0.005 0.019 0.148
241 N 0.053 0.043 0.287 0.076 0.01 0.033 0.049 0.064 0.029 0.023 0.032 0.053 0.012 0.018 0.021 0.096 0.053 0.005 0.016 0.029
242 S 0.115 0.033 0.044 0.101 0.015 0.028 0.051 0.055 0.016 0.033 0.044 0.046 0.014 0.019 0.107 0.124 0.091 0.005 0.015 0.045
243 D 0.096 0.036 0.147 0.177 0.012 0.03 0.061 0.06 0.022 0.026 0.036 0.048 0.012 0.018 0.024 0.093 0.049 0.004 0.014 0.035
244 L 0.176 0.026 0.019 0.022 0.018 0.02 0.029 0.048 0.012 0.107 0.187 0.034 0.031 0.036 0.021 0.053 0.042 0.006 0.019 0.094
245 Y 0.062 0.031 0.032 0.028 0.012 0.025 0.035 0.038 0.037 0.038 0.058 0.038 0.017 0.092 0.02 0.1 0.045 0.02 0.229 0.044
246 E 0.049 0.042 0.049 0.196 0.007 0.052 0.239 0.038 0.023 0.022 0.033 0.064 0.011 0.016 0.024 0.053 0.035 0.005 0.014 0.028
247 L 0.053 0.024 0.019 0.019 0.017 0.017 0.023 0.025 0.01 0.14 0.254 0.028 0.039 0.044 0.016 0.036 0.075 0.006 0.02 0.135
248 I 0.046 0.018 0.014 0.017 0.016 0.013 0.018 0.02 0.009 0.259 0.202 0.023 0.038 0.045 0.014 0.024 0.038 0.006 0.02 0.159
249 V 0.057 0.023 0.017 0.018 0.016 0.018 0.023 0.024 0.016 0.152 0.134 0.028 0.055 0.054 0.016 0.031 0.042 0.009 0.073 0.195
250 N 0.046 0.062 0.191 0.123 0.008 0.039 0.062 0.053 0.025 0.024 0.034 0.132 0.012 0.016 0.022 0.06 0.043 0.004 0.015 0.028
251 G 0.076 0.022 0.038 0.033 0.011 0.018 0.025 0.522 0.013 0.018 0.028 0.033 0.009 0.016 0.018 0.05 0.029 0.005 0.011 0.024
252 I 0.046 0.017 0.014 0.017 0.016 0.013 0.017 0.02 0.009 0.289 0.164 0.023 0.036 0.043 0.014 0.024 0.039 0.006 0.02 0.172
253 L 0.046 0.022 0.015 0.017 0.016 0.016 0.02 0.022 0.01 0.198 0.244 0.026 0.064 0.047 0.014 0.026 0.037 0.006 0.021 0.133
254 L 0.041 0.023 0.016 0.016 0.014 0.016 0.021 0.023 0.013 0.093 0.265 0.024 0.063 0.168 0.013 0.026 0.031 0.01 0.044 0.08
255 G 0.153 0.025 0.034 0.032 0.014 0.021 0.03 0.373 0.014 0.026 0.038 0.036 0.012 0.018 0.022 0.061 0.036 0.005 0.013 0.038
256 G 0.076 0.022 0.038 0.033 0.011 0.018 0.025 0.522 0.013 0.018 0.028 0.033 0.009 0.016 0.018 0.05 0.029 0.005 0.011 0.024
257 R 0.044 0.361 0.038 0.03 0.008 0.047 0.051 0.032 0.023 0.023 0.045 0.117 0.015 0.017 0.019 0.044 0.034 0.006 0.017 0.03
258 D 0.042 0.032 0.063 0.358 0.007 0.035 0.127 0.044 0.019 0.022 0.029 0.049 0.01 0.015 0.022 0.051 0.035 0.004 0.012 0.025
259 A 0.235 0.032 0.033 0.033 0.02 0.027 0.041 0.069 0.015 0.042 0.056 0.045 0.017 0.021 0.029 0.11 0.09 0.005 0.017 0.063
260 T 0.067 0.045 0.092 0.056 0.013 0.069 0.098 0.048 0.022 0.034 0.047 0.059 0.016 0.019 0.025 0.099 0.122 0.005 0.017 0.045
261 D 0.04 0.029 0.067 0.412 0.007 0.029 0.089 0.045 0.018 0.022 0.027 0.044 0.009 0.015 0.022 0.051 0.035 0.004 0.011 0.024
262 L 0.055 0.024 0.017 0.018 0.017 0.019 0.023 0.024 0.011 0.153 0.199 0.028 0.085 0.043 0.015 0.03 0.041 0.007 0.022 0.17
263 N 0.042 0.044 0.334 0.081 0.009 0.033 0.048 0.064 0.031 0.022 0.031 0.053 0.011 0.018 0.02 0.068 0.048 0.004 0.015 0.026
264 D 0.065 0.036 0.058 0.237 0.011 0.036 0.114 0.05 0.02 0.024 0.033 0.052 0.012 0.017 0.025 0.114 0.05 0.004 0.014 0.031
265 L 0.048 0.023 0.014 0.015 0.016 0.016 0.02 0.021 0.01 0.121 0.347 0.025 0.045 0.05 0.014 0.025 0.035 0.007 0.021 0.126
266 S 0.107 0.039 0.053 0.048 0.017 0.032 0.051 0.065 0.019 0.029 0.041 0.053 0.015 0.02 0.029 0.239 0.08 0.005 0.017 0.041
267 S 0.107 0.039 0.053 0.048 0.017 0.032 0.051 0.065 0.019 0.029 0.041 0.053 0.015 0.02 0.029 0.239 0.08 0.005 0.017 0.041
268 G 0.053 0.034 0.191 0.12 0.009 0.027 0.047 0.213 0.023 0.021 0.029 0.045 0.01 0.016 0.02 0.059 0.04 0.005 0.013 0.025
269 R 0.044 0.361 0.038 0.03 0.008 0.047 0.051 0.032 0.023 0.023 0.045 0.117 0.015 0.017 0.019 0.044 0.034 0.006 0.017 0.03
270 L 0.054 0.022 0.015 0.016 0.016 0.015 0.021 0.023 0.01 0.128 0.212 0.024 0.036 0.102 0.014 0.028 0.039 0.008 0.032 0.184
271 L 0.044 0.025 0.02 0.029 0.012 0.023 0.069 0.024 0.019 0.136 0.155 0.032 0.029 0.114 0.016 0.03 0.033 0.011 0.083 0.095
272 L 0.092 0.027 0.02 0.021 0.017 0.019 0.026 0.034 0.011 0.091 0.281 0.031 0.038 0.043 0.019 0.045 0.074 0.006 0.02 0.085
273 F 0.05 0.021 0.017 0.017 0.015 0.016 0.021 0.024 0.012 0.139 0.139 0.024 0.055 0.161 0.014 0.029 0.037 0.01 0.043 0.157
274 L 0.075 0.034 0.037 0.034 0.017 0.027 0.038 0.044 0.015 0.062 0.132 0.042 0.05 0.031 0.024 0.12 0.127 0.006 0.019 0.067
275 I 0.047 0.031 0.072 0.033 0.013 0.053 0.036 0.031 0.016 0.2 0.122 0.039 0.029 0.034 0.017 0.037 0.041 0.006 0.019 0.125
276 A 0.264 0.028 0.023 0.027 0.02 0.023 0.036 0.067 0.013 0.083 0.076 0.04 0.02 0.025 0.027 0.073 0.047 0.005 0.018 0.085
277 L 0.042 0.022 0.014 0.016 0.015 0.014 0.019 0.021 0.011 0.133 0.306 0.023 0.042 0.11 0.013 0.024 0.032 0.008 0.032 0.1
278 P 0.095 0.058 0.085 0.045 0.011 0.1 0.065 0.05 0.023 0.028 0.043 0.102 0.016 0.016 0.105 0.059 0.042 0.005 0.017 0.037
279 L 0.051 0.099 0.081 0.039 0.011 0.097 0.057 0.037 0.021 0.062 0.114 0.066 0.024 0.025 0.019 0.046 0.041 0.006 0.019 0.084
280 I 0.046 0.017 0.014 0.017 0.016 0.013 0.017 0.02 0.009 0.289 0.164 0.023 0.036 0.043 0.014 0.024 0.039 0.006 0.02 0.172
281 P 0.055 0.025 0.023 0.03 0.01 0.02 0.035 0.035 0.013 0.025 0.035 0.04 0.01 0.013 0.506 0.043 0.035 0.003 0.013 0.03
282 Q 0.052 0.066 0.046 0.113 0.008 0.141 0.129 0.04 0.025 0.025 0.041 0.113 0.016 0.015 0.024 0.053 0.038 0.005 0.017 0.032
283 H 0.041 0.044 0.146 0.052 0.008 0.036 0.051 0.046 0.257 0.022 0.035 0.047 0.014 0.026 0.019 0.05 0.033 0.006 0.042 0.024
284 L 0.048 0.023 0.017 0.02 0.014 0.017 0.025 0.026 0.011 0.113 0.234 0.03 0.034 0.038 0.178 0.03 0.035 0.005 0.018 0.086
285 W 0.03 0.022 0.015 0.015 0.008 0.014 0.022 0.029 0.015 0.035 0.062 0.022 0.016 0.116 0.008 0.023 0.023 0.423 0.07 0.034
286 L 0.051 0.02 0.015 0.017 0.016 0.014 0.02 0.022 0.01 0.179 0.181 0.023 0.034 0.102 0.014 0.027 0.039 0.008 0.031 0.178
287 G 0.076 0.022 0.038 0.033 0.011 0.018 0.025 0.522 0.013 0.018 0.028 0.033 0.009 0.016 0.018 0.05 0.029 0.005 0.011 0.024
288 L 0.07 0.026 0.027 0.027 0.017 0.02 0.03 0.036 0.012 0.151 0.155 0.034 0.03 0.036 0.019 0.097 0.053 0.006 0.019 0.135
289 G 0.076 0.022 0.038 0.033 0.011 0.018 0.025 0.522 0.013 0.018 0.028 0.033 0.009 0.016 0.018 0.05 0.029 0.005 0.011 0.024
290 D 0.041 0.037 0.154 0.239 0.008 0.032 0.069 0.05 0.081 0.022 0.03 0.047 0.011 0.018 0.021 0.055 0.038 0.005 0.02 0.024
291 Y 0.041 0.039 0.024 0.022 0.009 0.025 0.033 0.027 0.036 0.043 0.07 0.073 0.019 0.155 0.016 0.033 0.029 0.022 0.24 0.045
292 Y 0.04 0.027 0.021 0.018 0.009 0.021 0.027 0.024 0.046 0.043 0.067 0.03 0.018 0.128 0.015 0.03 0.027 0.027 0.334 0.046
293 V 0.057 0.02 0.015 0.017 0.017 0.015 0.02 0.022 0.009 0.195 0.183 0.025 0.035 0.041 0.015 0.028 0.042 0.006 0.02 0.216
294 D 0.04 0.029 0.067 0.412 0.007 0.029 0.089 0.045 0.018 0.022 0.027 0.044 0.009 0.015 0.022 0.051 0.035 0.004 0.011 0.024
295 C 0.071 0.02 0.022 0.021 0.416 0.015 0.022 0.037 0.01 0.041 0.06 0.025 0.016 0.02 0.018 0.073 0.043 0.004 0.013 0.053
296 L 0.05 0.03 0.019 0.019 0.016 0.025 0.026 0.026 0.015 0.1 0.225 0.033 0.159 0.048 0.015 0.033 0.038 0.008 0.023 0.091
297 P 0.055 0.025 0.023 0.03 0.01 0.02 0.035 0.035 0.013 0.025 0.035 0.04 0.01 0.013 0.506 0.043 0.035 0.003 0.013 0.03
298 L 0.043 0.02 0.015 0.016 0.015 0.013 0.018 0.021 0.01 0.192 0.231 0.023 0.038 0.106 0.014 0.024 0.034 0.008 0.032 0.126
299 N 0.175 0.037 0.179 0.055 0.015 0.029 0.044 0.07 0.023 0.032 0.044 0.048 0.014 0.019 0.024 0.075 0.048 0.005 0.016 0.047
300 L 0.046 0.025 0.017 0.018 0.015 0.02 0.023 0.025 0.013 0.156 0.169 0.028 0.107 0.105 0.014 0.03 0.037 0.009 0.033 0.111
301 L 0.049 0.031 0.019 0.02 0.015 0.052 0.034 0.025 0.013 0.106 0.289 0.036 0.041 0.044 0.016 0.03 0.036 0.006 0.021 0.116
302 L 0.058 0.027 0.027 0.025 0.015 0.02 0.027 0.112 0.012 0.077 0.221 0.033 0.032 0.037 0.019 0.05 0.109 0.006 0.018 0.074
303 Q 0.054 0.068 0.042 0.053 0.008 0.205 0.136 0.039 0.028 0.025 0.044 0.086 0.019 0.015 0.023 0.054 0.039 0.006 0.019 0.034
304 Y 0.037 0.024 0.02 0.018 0.009 0.018 0.024 0.024 0.036 0.049 0.082 0.026 0.02 0.219 0.014 0.029 0.026 0.024 0.252 0.048
305 G 0.076 0.022 0.038 0.033 0.011 0.018 0.025 0.522 0.013 0.018 0.028 0.033 0.009 0.016 0.018 0.05 0.029 0.005 0.011 0.024
306 V 0.065 0.021 0.016 0.017 0.018 0.016 0.022 0.023 0.008 0.182 0.133 0.025 0.032 0.036 0.016 0.031 0.047 0.005 0.02 0.268
307 I 0.05 0.019 0.015 0.017 0.095 0.014 0.019 0.024 0.009 0.183 0.122 0.023 0.028 0.041 0.014 0.028 0.037 0.089 0.026 0.148
308 G 0.076 0.022 0.038 0.033 0.011 0.018 0.025 0.522 0.013 0.018 0.028 0.033 0.009 0.016 0.018 0.05 0.029 0.005 0.011 0.024
309 L 0.102 0.027 0.023 0.023 0.017 0.02 0.029 0.038 0.012 0.095 0.233 0.033 0.035 0.039 0.019 0.071 0.046 0.006 0.02 0.113
310 T 0.07 0.032 0.036 0.032 0.017 0.026 0.035 0.04 0.014 0.095 0.098 0.041 0.048 0.03 0.023 0.095 0.159 0.006 0.019 0.085
311 I 0.049 0.019 0.015 0.017 0.016 0.014 0.019 0.021 0.009 0.238 0.196 0.024 0.037 0.043 0.015 0.026 0.039 0.006 0.02 0.178
312 V 0.062 0.021 0.016 0.017 0.017 0.015 0.022 0.024 0.009 0.144 0.125 0.024 0.03 0.096 0.015 0.031 0.044 0.007 0.031 0.248
313 F 0.08 0.021 0.017 0.018 0.013 0.014 0.022 0.033 0.015 0.067 0.149 0.024 0.027 0.28 0.014 0.034 0.03 0.013 0.064 0.063
314 L 0.064 0.026 0.026 0.025 0.017 0.02 0.028 0.032 0.011 0.155 0.158 0.032 0.031 0.036 0.019 0.072 0.084 0.006 0.019 0.139
315 F 0.034 0.02 0.017 0.017 0.01 0.012 0.02 0.025 0.021 0.059 0.104 0.021 0.024 0.356 0.011 0.026 0.025 0.018 0.128 0.052
316 L 0.048 0.022 0.014 0.016 0.016 0.015 0.02 0.021 0.009 0.15 0.309 0.025 0.043 0.049 0.014 0.025 0.036 0.006 0.021 0.139
317 F 0.046 0.02 0.02 0.02 0.012 0.014 0.021 0.106 0.018 0.127 0.107 0.024 0.025 0.172 0.014 0.03 0.031 0.013 0.093 0.087
318 Y 0.1 0.031 0.031 0.028 0.093 0.025 0.036 0.043 0.084 0.037 0.056 0.037 0.017 0.058 0.02 0.077 0.041 0.013 0.128 0.046
319 L 0.048 0.022 0.014 0.016 0.016 0.015 0.02 0.021 0.009 0.15 0.309 0.025 0.043 0.049 0.014 0.025 0.036 0.006 0.021 0.139
320 F 0.048 0.022 0.022 0.022 0.012 0.014 0.024 0.031 0.016 0.094 0.108 0.025 0.025 0.278 0.014 0.06 0.036 0.013 0.064 0.071
