#Seq2Logo.py -f /work3/idamei/ssn-clusterings/2206011120/clusters/0010_157/sequences.afa -m 0.0001 -b 50 -o /work3/idamei/ssn-clusterings/2206011120/clusters/0010_157/sequences.logo
#Position Specific Frequency Matrix
A R N D C Q E G H I L K M F P S T W Y V
0 L 0.051 0.031 0.02 0.02 0.016 0.028 0.028 0.028 0.016 0.098 0.193 0.035 0.177 0.047 0.016 0.035 0.039 0.008 0.024 0.091
1 L 0.058 0.023 0.021 0.021 0.015 0.017 0.022 0.164 0.01 0.096 0.229 0.027 0.034 0.039 0.016 0.033 0.035 0.006 0.018 0.115
2 V 0.092 0.025 0.019 0.02 0.015 0.02 0.026 0.032 0.022 0.124 0.109 0.03 0.036 0.066 0.018 0.039 0.039 0.013 0.124 0.131
3 Y 0.04 0.027 0.021 0.018 0.009 0.021 0.027 0.024 0.046 0.043 0.067 0.031 0.018 0.128 0.015 0.031 0.027 0.027 0.331 0.046
4 L 0.05 0.022 0.015 0.016 0.016 0.015 0.021 0.023 0.011 0.118 0.242 0.024 0.038 0.121 0.014 0.027 0.036 0.008 0.035 0.149
5 L 0.051 0.022 0.015 0.016 0.017 0.015 0.02 0.022 0.009 0.164 0.266 0.025 0.041 0.046 0.015 0.026 0.039 0.006 0.021 0.165
6 L 0.045 0.021 0.014 0.016 0.016 0.014 0.019 0.021 0.009 0.199 0.276 0.024 0.042 0.048 0.014 0.024 0.036 0.006 0.021 0.134
7 L 0.041 0.024 0.017 0.017 0.013 0.017 0.022 0.023 0.023 0.105 0.189 0.026 0.042 0.134 0.014 0.027 0.031 0.015 0.136 0.082
8 S 0.092 0.031 0.036 0.034 0.017 0.024 0.036 0.046 0.014 0.116 0.087 0.041 0.023 0.028 0.024 0.118 0.117 0.006 0.018 0.092
9 Y 0.046 0.023 0.019 0.018 0.012 0.017 0.024 0.024 0.028 0.106 0.1 0.027 0.025 0.135 0.015 0.029 0.033 0.018 0.185 0.116
10 C 0.113 0.02 0.018 0.019 0.256 0.016 0.022 0.039 0.009 0.095 0.086 0.026 0.021 0.026 0.019 0.046 0.041 0.005 0.015 0.108
11 L 0.104 0.028 0.029 0.028 0.096 0.021 0.032 0.046 0.014 0.056 0.132 0.035 0.024 0.082 0.021 0.106 0.05 0.007 0.027 0.061
12 I 0.054 0.022 0.02 0.021 0.016 0.016 0.023 0.027 0.01 0.212 0.195 0.028 0.036 0.042 0.016 0.054 0.044 0.006 0.02 0.137
13 A 0.173 0.024 0.02 0.023 0.018 0.019 0.029 0.049 0.013 0.132 0.104 0.033 0.025 0.083 0.021 0.054 0.042 0.007 0.028 0.103
14 G 0.092 0.031 0.046 0.04 0.014 0.026 0.038 0.292 0.016 0.024 0.034 0.043 0.012 0.018 0.024 0.143 0.055 0.005 0.014 0.032
15 L 0.049 0.02 0.015 0.017 0.016 0.014 0.019 0.021 0.009 0.21 0.234 0.024 0.04 0.046 0.015 0.025 0.038 0.006 0.021 0.163
16 L 0.05 0.021 0.015 0.016 0.017 0.015 0.02 0.021 0.009 0.173 0.268 0.024 0.041 0.047 0.015 0.026 0.038 0.006 0.021 0.157
17 C 0.056 0.021 0.017 0.017 0.175 0.017 0.021 0.027 0.015 0.111 0.111 0.026 0.045 0.048 0.016 0.034 0.038 0.009 0.07 0.125
18 L 0.043 0.027 0.018 0.017 0.012 0.02 0.025 0.024 0.029 0.076 0.2 0.029 0.052 0.09 0.015 0.029 0.031 0.017 0.177 0.07
19 L 0.04 0.022 0.015 0.016 0.014 0.014 0.019 0.022 0.012 0.094 0.283 0.022 0.04 0.185 0.013 0.024 0.03 0.011 0.047 0.079
20 I 0.044 0.027 0.068 0.031 0.013 0.021 0.029 0.03 0.089 0.191 0.118 0.032 0.028 0.037 0.016 0.034 0.038 0.006 0.027 0.12
21 D 0.054 0.036 0.153 0.178 0.01 0.03 0.061 0.054 0.022 0.024 0.032 0.048 0.011 0.016 0.091 0.087 0.047 0.004 0.014 0.029
22 D 0.057 0.048 0.052 0.198 0.009 0.044 0.155 0.044 0.021 0.024 0.034 0.091 0.012 0.016 0.025 0.079 0.042 0.005 0.014 0.03
23 K 0.059 0.087 0.035 0.036 0.011 0.045 0.059 0.038 0.018 0.056 0.061 0.235 0.019 0.019 0.025 0.048 0.041 0.005 0.018 0.086
24 A 0.134 0.118 0.031 0.031 0.014 0.049 0.05 0.048 0.018 0.046 0.106 0.113 0.022 0.024 0.024 0.056 0.04 0.006 0.018 0.054
25 F 0.047 0.021 0.023 0.022 0.012 0.014 0.022 0.097 0.014 0.092 0.102 0.025 0.024 0.231 0.015 0.038 0.062 0.012 0.055 0.072
26 R 0.087 0.193 0.034 0.03 0.013 0.035 0.042 0.039 0.018 0.069 0.068 0.078 0.019 0.023 0.022 0.057 0.086 0.006 0.018 0.064
27 N 0.049 0.073 0.192 0.062 0.009 0.042 0.058 0.054 0.026 0.024 0.036 0.167 0.013 0.016 0.023 0.061 0.044 0.005 0.016 0.029
28 L 0.097 0.037 0.025 0.025 0.016 0.024 0.034 0.038 0.013 0.082 0.134 0.069 0.027 0.083 0.02 0.051 0.077 0.007 0.029 0.112
29 T 0.055 0.028 0.03 0.027 0.014 0.021 0.03 0.032 0.02 0.09 0.088 0.034 0.023 0.103 0.02 0.057 0.14 0.012 0.095 0.08
30 L 0.057 0.023 0.02 0.02 0.017 0.017 0.023 0.025 0.01 0.156 0.199 0.028 0.035 0.04 0.017 0.038 0.077 0.006 0.02 0.17
31 F 0.047 0.025 0.025 0.022 0.011 0.018 0.026 0.098 0.027 0.047 0.076 0.029 0.019 0.187 0.016 0.04 0.06 0.018 0.159 0.049
32 L 0.064 0.027 0.027 0.026 0.017 0.021 0.029 0.033 0.012 0.118 0.192 0.034 0.032 0.037 0.02 0.075 0.093 0.006 0.02 0.118
33 Y 0.068 0.033 0.035 0.031 0.013 0.026 0.037 0.041 0.031 0.04 0.058 0.04 0.018 0.075 0.022 0.109 0.084 0.016 0.174 0.048
34 I 0.051 0.018 0.015 0.017 0.017 0.014 0.019 0.021 0.009 0.259 0.157 0.024 0.035 0.042 0.015 0.026 0.041 0.006 0.02 0.197
35 L 0.047 0.023 0.014 0.015 0.016 0.016 0.02 0.021 0.01 0.12 0.351 0.025 0.046 0.051 0.014 0.025 0.035 0.007 0.022 0.121
36 L 0.056 0.022 0.015 0.016 0.017 0.016 0.021 0.023 0.009 0.15 0.242 0.025 0.039 0.044 0.015 0.028 0.041 0.006 0.021 0.194
37 L 0.044 0.024 0.014 0.015 0.016 0.016 0.02 0.021 0.01 0.113 0.388 0.025 0.049 0.054 0.014 0.024 0.033 0.007 0.022 0.094
38 A 0.157 0.031 0.036 0.035 0.016 0.025 0.038 0.139 0.016 0.036 0.055 0.042 0.016 0.074 0.025 0.124 0.053 0.007 0.026 0.049
39 L 0.044 0.024 0.014 0.015 0.016 0.016 0.02 0.021 0.01 0.113 0.388 0.025 0.049 0.054 0.014 0.024 0.033 0.007 0.022 0.094
40 F 0.035 0.02 0.016 0.016 0.012 0.012 0.019 0.024 0.015 0.073 0.171 0.02 0.03 0.325 0.011 0.025 0.027 0.015 0.073 0.063
41 S 0.178 0.036 0.043 0.041 0.019 0.03 0.047 0.069 0.017 0.034 0.047 0.05 0.016 0.021 0.029 0.181 0.069 0.005 0.017 0.05
42 G 0.077 0.022 0.038 0.033 0.011 0.019 0.025 0.52 0.013 0.019 0.028 0.033 0.009 0.016 0.019 0.05 0.029 0.005 0.011 0.024
43 L 0.044 0.024 0.014 0.015 0.016 0.016 0.02 0.021 0.01 0.113 0.388 0.025 0.049 0.054 0.014 0.024 0.033 0.007 0.022 0.094
44 R 0.044 0.358 0.038 0.03 0.008 0.047 0.051 0.032 0.023 0.023 0.046 0.118 0.015 0.017 0.019 0.044 0.034 0.006 0.017 0.03
45 Y 0.037 0.024 0.02 0.018 0.01 0.017 0.024 0.025 0.035 0.05 0.083 0.026 0.021 0.225 0.014 0.029 0.027 0.024 0.244 0.049
46 H 0.041 0.045 0.052 0.037 0.007 0.037 0.052 0.037 0.368 0.022 0.037 0.045 0.015 0.03 0.019 0.041 0.026 0.007 0.056 0.022
47 T 0.072 0.035 0.043 0.037 0.017 0.027 0.039 0.043 0.014 0.052 0.064 0.045 0.019 0.023 0.027 0.091 0.261 0.006 0.017 0.07
48 G 0.077 0.022 0.038 0.033 0.011 0.019 0.025 0.52 0.013 0.019 0.028 0.033 0.009 0.016 0.019 0.05 0.029 0.005 0.011 0.024
49 W 0.03 0.022 0.015 0.015 0.007 0.015 0.022 0.03 0.015 0.03 0.052 0.022 0.015 0.059 0.007 0.022 0.022 0.502 0.067 0.03
50 D 0.04 0.029 0.068 0.409 0.007 0.029 0.09 0.046 0.018 0.022 0.027 0.044 0.009 0.015 0.022 0.051 0.035 0.004 0.011 0.024
51 W 0.03 0.022 0.015 0.015 0.007 0.015 0.022 0.03 0.015 0.03 0.052 0.022 0.015 0.059 0.007 0.022 0.022 0.502 0.067 0.03
52 E 0.054 0.049 0.04 0.088 0.007 0.063 0.31 0.034 0.025 0.022 0.036 0.074 0.013 0.016 0.025 0.054 0.036 0.005 0.016 0.031
53 A 0.304 0.03 0.025 0.029 0.021 0.025 0.04 0.077 0.015 0.042 0.058 0.044 0.017 0.021 0.029 0.083 0.049 0.005 0.017 0.067
54 Y 0.04 0.027 0.021 0.018 0.009 0.021 0.027 0.024 0.046 0.043 0.067 0.031 0.018 0.128 0.015 0.031 0.027 0.027 0.331 0.046
55 D 0.04 0.029 0.068 0.409 0.007 0.029 0.09 0.046 0.018 0.022 0.027 0.044 0.009 0.015 0.022 0.051 0.035 0.004 0.011 0.024
56 Y 0.04 0.027 0.021 0.018 0.009 0.021 0.027 0.024 0.046 0.043 0.067 0.031 0.018 0.128 0.015 0.031 0.027 0.027 0.331 0.046
57 F 0.033 0.019 0.017 0.017 0.01 0.01 0.019 0.025 0.017 0.062 0.112 0.019 0.025 0.399 0.01 0.025 0.025 0.017 0.087 0.054
58 F 0.04 0.018 0.015 0.017 0.013 0.012 0.018 0.023 0.013 0.174 0.138 0.021 0.03 0.221 0.012 0.025 0.032 0.011 0.054 0.114
59 D 0.096 0.033 0.086 0.155 0.012 0.028 0.056 0.052 0.025 0.031 0.044 0.044 0.014 0.041 0.023 0.085 0.045 0.009 0.082 0.039
60 E 0.067 0.039 0.039 0.054 0.014 0.039 0.135 0.04 0.018 0.046 0.096 0.054 0.02 0.025 0.025 0.092 0.118 0.006 0.018 0.054
61 L 0.044 0.024 0.014 0.015 0.016 0.016 0.02 0.021 0.01 0.113 0.388 0.025 0.049 0.054 0.014 0.024 0.033 0.007 0.022 0.094
62 P 0.076 0.031 0.073 0.039 0.013 0.024 0.039 0.045 0.016 0.034 0.045 0.044 0.013 0.017 0.264 0.063 0.103 0.004 0.015 0.044
63 G 0.063 0.046 0.102 0.046 0.01 0.057 0.047 0.285 0.02 0.022 0.033 0.082 0.012 0.016 0.021 0.055 0.036 0.005 0.014 0.027
64 A 0.131 0.026 0.026 0.027 0.017 0.02 0.031 0.047 0.014 0.124 0.099 0.035 0.024 0.091 0.021 0.087 0.048 0.007 0.03 0.095
65 N 0.087 0.034 0.174 0.051 0.013 0.026 0.037 0.052 0.021 0.084 0.117 0.042 0.022 0.029 0.019 0.056 0.044 0.005 0.018 0.069
66 L 0.076 0.03 0.034 0.032 0.017 0.023 0.035 0.043 0.014 0.12 0.151 0.038 0.028 0.034 0.022 0.13 0.058 0.006 0.019 0.09
67 G 0.058 0.022 0.028 0.025 0.011 0.016 0.023 0.272 0.018 0.069 0.071 0.028 0.018 0.118 0.016 0.038 0.029 0.011 0.074 0.055
68 D 0.048 0.035 0.077 0.264 0.009 0.037 0.127 0.044 0.02 0.026 0.035 0.051 0.011 0.016 0.023 0.059 0.068 0.004 0.013 0.032
69 F 0.043 0.02 0.016 0.017 0.014 0.013 0.019 0.023 0.012 0.134 0.165 0.022 0.032 0.213 0.013 0.026 0.033 0.011 0.052 0.123
70 F 0.049 0.023 0.024 0.023 0.012 0.015 0.026 0.033 0.017 0.055 0.097 0.026 0.023 0.318 0.014 0.07 0.037 0.014 0.072 0.051
71 A 0.185 0.05 0.036 0.035 0.016 0.034 0.05 0.062 0.067 0.034 0.049 0.098 0.016 0.021 0.027 0.092 0.048 0.006 0.023 0.05
72 A 0.119 0.035 0.084 0.041 0.014 0.028 0.042 0.056 0.028 0.035 0.051 0.045 0.016 0.051 0.024 0.116 0.053 0.011 0.107 0.046
73 N 0.042 0.044 0.33 0.081 0.009 0.033 0.048 0.064 0.031 0.022 0.031 0.053 0.011 0.018 0.02 0.068 0.048 0.004 0.015 0.026
74 I 0.055 0.019 0.015 0.017 0.017 0.014 0.02 0.022 0.008 0.235 0.15 0.024 0.034 0.04 0.015 0.028 0.043 0.006 0.02 0.218
75 F 0.033 0.019 0.017 0.017 0.01 0.01 0.019 0.025 0.017 0.062 0.112 0.019 0.025 0.399 0.01 0.025 0.025 0.017 0.087 0.054
76 N 0.047 0.041 0.289 0.075 0.009 0.031 0.045 0.129 0.028 0.022 0.03 0.05 0.011 0.017 0.02 0.066 0.046 0.005 0.015 0.026
77 Y 0.04 0.027 0.021 0.018 0.009 0.021 0.027 0.024 0.046 0.043 0.067 0.031 0.018 0.128 0.015 0.031 0.027 0.027 0.331 0.046
78 E 0.054 0.049 0.04 0.088 0.007 0.063 0.31 0.034 0.025 0.022 0.036 0.074 0.013 0.016 0.025 0.054 0.036 0.005 0.016 0.031
79 P 0.056 0.025 0.023 0.03 0.01 0.02 0.035 0.035 0.013 0.025 0.035 0.04 0.01 0.013 0.503 0.043 0.035 0.003 0.013 0.03
80 G 0.06 0.023 0.026 0.024 0.013 0.017 0.022 0.27 0.012 0.066 0.208 0.029 0.029 0.035 0.016 0.037 0.031 0.006 0.016 0.059
81 F 0.033 0.019 0.017 0.017 0.01 0.01 0.019 0.025 0.017 0.062 0.112 0.019 0.025 0.399 0.01 0.025 0.025 0.017 0.087 0.054
82 V 0.069 0.021 0.016 0.017 0.019 0.016 0.023 0.024 0.008 0.161 0.128 0.026 0.031 0.035 0.016 0.032 0.048 0.005 0.02 0.283
83 L 0.043 0.02 0.015 0.016 0.015 0.014 0.018 0.021 0.01 0.192 0.237 0.023 0.039 0.098 0.014 0.024 0.035 0.008 0.03 0.128
84 L 0.056 0.029 0.029 0.026 0.016 0.021 0.029 0.032 0.013 0.075 0.186 0.034 0.031 0.088 0.02 0.058 0.146 0.008 0.029 0.076
85 V 0.083 0.03 0.033 0.031 0.018 0.024 0.035 0.041 0.013 0.099 0.088 0.038 0.024 0.028 0.022 0.113 0.09 0.005 0.019 0.166
86 Y 0.074 0.033 0.037 0.033 0.013 0.027 0.039 0.045 0.032 0.036 0.054 0.042 0.017 0.074 0.022 0.133 0.054 0.016 0.174 0.043
87 I 0.054 0.019 0.015 0.017 0.017 0.014 0.019 0.022 0.008 0.244 0.152 0.024 0.034 0.041 0.015 0.027 0.042 0.006 0.02 0.21
88 L 0.076 0.032 0.033 0.031 0.017 0.024 0.036 0.043 0.014 0.071 0.214 0.039 0.032 0.037 0.022 0.13 0.057 0.006 0.02 0.068
89 N 0.058 0.035 0.178 0.054 0.013 0.026 0.039 0.049 0.021 0.091 0.072 0.043 0.019 0.025 0.02 0.078 0.052 0.005 0.017 0.105
90 L 0.052 0.036 0.027 0.052 0.012 0.04 0.165 0.028 0.017 0.074 0.175 0.05 0.028 0.032 0.02 0.04 0.037 0.006 0.019 0.089
91 L 0.042 0.023 0.014 0.015 0.015 0.015 0.02 0.022 0.011 0.105 0.342 0.024 0.045 0.111 0.013 0.024 0.031 0.009 0.033 0.088
92 S 0.075 0.042 0.132 0.055 0.013 0.034 0.051 0.059 0.097 0.026 0.037 0.051 0.014 0.022 0.024 0.146 0.06 0.005 0.025 0.033
93 I 0.043 0.018 0.015 0.017 0.014 0.012 0.018 0.022 0.011 0.202 0.144 0.022 0.032 0.161 0.013 0.025 0.035 0.009 0.042 0.141
94 P 0.082 0.032 0.038 0.039 0.014 0.026 0.043 0.05 0.016 0.027 0.038 0.047 0.013 0.017 0.266 0.139 0.058 0.004 0.015 0.036
95 P 0.062 0.023 0.02 0.024 0.014 0.018 0.029 0.03 0.01 0.093 0.082 0.033 0.021 0.024 0.26 0.038 0.042 0.004 0.016 0.157
96 F 0.033 0.019 0.017 0.017 0.01 0.01 0.019 0.025 0.017 0.062 0.112 0.019 0.025 0.399 0.01 0.025 0.025 0.017 0.087 0.054
97 L 0.084 0.023 0.017 0.018 0.015 0.016 0.023 0.032 0.013 0.084 0.241 0.026 0.035 0.163 0.015 0.034 0.033 0.01 0.043 0.076
98 F 0.035 0.019 0.016 0.016 0.011 0.011 0.019 0.024 0.016 0.069 0.151 0.02 0.028 0.35 0.011 0.025 0.026 0.015 0.078 0.06
99 F 0.033 0.019 0.017 0.017 0.01 0.01 0.019 0.025 0.017 0.062 0.112 0.019 0.025 0.399 0.01 0.025 0.025 0.017 0.087 0.054
100 S 0.166 0.036 0.044 0.041 0.018 0.03 0.047 0.067 0.017 0.035 0.048 0.05 0.016 0.021 0.029 0.178 0.084 0.005 0.017 0.051
101 L 0.044 0.022 0.014 0.016 0.016 0.015 0.019 0.021 0.01 0.162 0.324 0.024 0.045 0.051 0.014 0.024 0.035 0.007 0.021 0.117
102 I 0.052 0.025 0.021 0.021 0.016 0.02 0.024 0.026 0.012 0.184 0.157 0.031 0.08 0.041 0.017 0.039 0.076 0.006 0.021 0.128
103 T 0.072 0.035 0.043 0.037 0.017 0.027 0.039 0.043 0.014 0.052 0.064 0.045 0.019 0.023 0.027 0.091 0.261 0.006 0.017 0.07
104 V 0.069 0.021 0.016 0.017 0.019 0.016 0.023 0.024 0.008 0.161 0.128 0.026 0.031 0.035 0.016 0.032 0.048 0.005 0.02 0.283
105 S 0.091 0.037 0.045 0.041 0.017 0.031 0.045 0.054 0.017 0.046 0.071 0.048 0.043 0.026 0.026 0.171 0.112 0.006 0.018 0.055
106 L 0.044 0.024 0.014 0.015 0.016 0.016 0.02 0.021 0.01 0.113 0.388 0.025 0.049 0.054 0.014 0.024 0.033 0.007 0.022 0.094
107 I 0.059 0.026 0.028 0.027 0.017 0.02 0.028 0.031 0.011 0.169 0.114 0.034 0.028 0.033 0.021 0.058 0.15 0.006 0.019 0.121
108 I 0.049 0.018 0.015 0.017 0.016 0.013 0.018 0.021 0.009 0.268 0.159 0.023 0.035 0.042 0.015 0.026 0.04 0.006 0.02 0.189
109 L 0.069 0.047 0.036 0.034 0.015 0.03 0.043 0.042 0.015 0.061 0.161 0.093 0.027 0.031 0.023 0.102 0.086 0.006 0.019 0.062
110 S 0.108 0.039 0.053 0.048 0.017 0.033 0.051 0.065 0.019 0.029 0.041 0.053 0.015 0.02 0.029 0.235 0.08 0.005 0.017 0.041
111 A 0.304 0.03 0.025 0.029 0.021 0.025 0.04 0.077 0.015 0.042 0.058 0.044 0.017 0.021 0.029 0.083 0.049 0.005 0.017 0.067
112 H 0.043 0.05 0.088 0.04 0.008 0.035 0.047 0.039 0.162 0.029 0.046 0.083 0.015 0.054 0.019 0.045 0.032 0.012 0.121 0.031
113 R 0.056 0.155 0.032 0.03 0.012 0.039 0.048 0.033 0.017 0.071 0.072 0.149 0.02 0.022 0.021 0.043 0.041 0.005 0.018 0.115
114 Y 0.04 0.027 0.021 0.018 0.009 0.021 0.027 0.024 0.046 0.043 0.067 0.031 0.018 0.128 0.015 0.031 0.027 0.027 0.331 0.046
115 L 0.044 0.024 0.014 0.015 0.016 0.016 0.02 0.021 0.01 0.113 0.388 0.025 0.049 0.054 0.014 0.024 0.033 0.007 0.022 0.094
116 G 0.077 0.022 0.038 0.033 0.011 0.019 0.025 0.52 0.013 0.019 0.028 0.033 0.009 0.016 0.019 0.05 0.029 0.005 0.011 0.024
117 K 0.049 0.176 0.102 0.046 0.008 0.047 0.059 0.044 0.023 0.025 0.041 0.183 0.014 0.016 0.023 0.053 0.039 0.005 0.017 0.03
118 F 0.035 0.021 0.018 0.017 0.01 0.014 0.021 0.025 0.026 0.056 0.098 0.022 0.023 0.315 0.012 0.027 0.026 0.02 0.163 0.051
119 V 0.057 0.02 0.015 0.017 0.017 0.015 0.021 0.022 0.009 0.195 0.183 0.025 0.036 0.041 0.015 0.028 0.043 0.006 0.02 0.215
120 P 0.058 0.026 0.024 0.032 0.01 0.021 0.037 0.037 0.013 0.026 0.037 0.042 0.01 0.013 0.485 0.045 0.037 0.003 0.013 0.032
121 C 0.053 0.022 0.022 0.02 0.171 0.016 0.022 0.11 0.024 0.042 0.066 0.026 0.017 0.112 0.015 0.036 0.03 0.014 0.136 0.047
122 V 0.057 0.019 0.015 0.017 0.017 0.015 0.02 0.022 0.008 0.223 0.146 0.024 0.034 0.039 0.015 0.028 0.044 0.006 0.02 0.228
123 F 0.033 0.019 0.017 0.017 0.01 0.01 0.019 0.025 0.017 0.062 0.112 0.019 0.025 0.399 0.01 0.025 0.025 0.017 0.087 0.054
124 L 0.048 0.021 0.015 0.015 0.152 0.014 0.019 0.025 0.01 0.085 0.249 0.022 0.035 0.102 0.014 0.029 0.032 0.008 0.03 0.077
125 L 0.056 0.023 0.015 0.016 0.017 0.016 0.021 0.023 0.009 0.137 0.258 0.025 0.04 0.044 0.015 0.028 0.041 0.006 0.021 0.189
126 L 0.057 0.024 0.024 0.023 0.096 0.018 0.025 0.03 0.01 0.143 0.146 0.03 0.029 0.034 0.019 0.049 0.112 0.006 0.018 0.108
127 Y 0.04 0.027 0.021 0.018 0.009 0.021 0.027 0.024 0.046 0.043 0.067 0.031 0.018 0.128 0.015 0.031 0.027 0.027 0.331 0.046
128 L 0.044 0.024 0.014 0.015 0.016 0.016 0.02 0.021 0.01 0.113 0.388 0.025 0.049 0.054 0.014 0.024 0.033 0.007 0.022 0.094
129 F 0.036 0.023 0.019 0.017 0.01 0.016 0.023 0.025 0.031 0.052 0.09 0.025 0.022 0.264 0.013 0.028 0.026 0.022 0.209 0.05
130 Y 0.04 0.027 0.021 0.018 0.009 0.021 0.027 0.024 0.046 0.043 0.067 0.031 0.018 0.128 0.015 0.031 0.027 0.027 0.331 0.046
131 G 0.077 0.022 0.038 0.033 0.011 0.019 0.025 0.52 0.013 0.019 0.028 0.033 0.009 0.016 0.019 0.05 0.029 0.005 0.011 0.024
132 Y 0.04 0.027 0.021 0.018 0.009 0.021 0.027 0.024 0.046 0.043 0.067 0.031 0.018 0.128 0.015 0.031 0.027 0.027 0.331 0.046
133 F 0.033 0.019 0.017 0.017 0.01 0.01 0.019 0.025 0.017 0.062 0.112 0.019 0.025 0.399 0.01 0.025 0.025 0.017 0.087 0.054
134 H 0.041 0.045 0.052 0.037 0.007 0.037 0.052 0.037 0.368 0.022 0.037 0.045 0.015 0.03 0.019 0.041 0.026 0.007 0.056 0.022
135 N 0.042 0.044 0.33 0.081 0.009 0.033 0.048 0.064 0.031 0.022 0.031 0.053 0.011 0.018 0.02 0.068 0.048 0.004 0.015 0.026
136 F 0.033 0.019 0.017 0.017 0.01 0.01 0.019 0.025 0.017 0.062 0.112 0.019 0.025 0.399 0.01 0.025 0.025 0.017 0.087 0.054
137 S 0.108 0.039 0.053 0.048 0.017 0.033 0.051 0.065 0.019 0.029 0.041 0.053 0.015 0.02 0.029 0.235 0.08 0.005 0.017 0.041
138 I 0.046 0.017 0.014 0.017 0.016 0.013 0.017 0.02 0.009 0.285 0.165 0.023 0.036 0.043 0.014 0.025 0.039 0.006 0.02 0.173
139 V 0.065 0.021 0.016 0.017 0.018 0.016 0.022 0.024 0.008 0.182 0.134 0.025 0.032 0.036 0.016 0.031 0.047 0.005 0.02 0.265
140 R 0.044 0.358 0.038 0.03 0.008 0.047 0.051 0.032 0.023 0.023 0.046 0.118 0.015 0.017 0.019 0.044 0.034 0.006 0.017 0.03
141 Q 0.055 0.072 0.043 0.046 0.009 0.23 0.101 0.04 0.029 0.026 0.046 0.089 0.02 0.014 0.023 0.055 0.04 0.006 0.02 0.035
142 G 0.077 0.022 0.038 0.033 0.011 0.019 0.025 0.52 0.013 0.019 0.028 0.033 0.009 0.016 0.019 0.05 0.029 0.005 0.011 0.024
143 I 0.054 0.019 0.015 0.017 0.017 0.014 0.019 0.022 0.008 0.241 0.151 0.024 0.034 0.04 0.015 0.027 0.042 0.006 0.02 0.213
144 A 0.271 0.032 0.03 0.032 0.021 0.026 0.042 0.075 0.015 0.04 0.055 0.045 0.017 0.021 0.029 0.109 0.054 0.005 0.017 0.063
145 A 0.304 0.03 0.025 0.029 0.021 0.025 0.04 0.077 0.015 0.042 0.058 0.044 0.017 0.021 0.029 0.083 0.049 0.005 0.017 0.067
146 A 0.304 0.03 0.025 0.029 0.021 0.025 0.04 0.077 0.015 0.042 0.058 0.044 0.017 0.021 0.029 0.083 0.049 0.005 0.017 0.067
147 L 0.044 0.023 0.014 0.015 0.016 0.015 0.019 0.021 0.01 0.142 0.351 0.025 0.047 0.052 0.014 0.024 0.034 0.007 0.022 0.107
148 F 0.033 0.019 0.017 0.017 0.01 0.01 0.019 0.025 0.017 0.062 0.112 0.019 0.025 0.399 0.01 0.025 0.025 0.017 0.087 0.054
149 A 0.175 0.025 0.02 0.023 0.019 0.02 0.029 0.049 0.012 0.135 0.149 0.034 0.029 0.034 0.022 0.054 0.043 0.006 0.019 0.107
150 Y 0.04 0.027 0.021 0.018 0.009 0.021 0.027 0.024 0.046 0.043 0.067 0.031 0.018 0.128 0.015 0.031 0.027 0.027 0.331 0.046
151 S 0.108 0.039 0.053 0.048 0.017 0.033 0.051 0.065 0.019 0.029 0.041 0.053 0.015 0.02 0.029 0.235 0.08 0.005 0.017 0.041
152 I 0.05 0.018 0.015 0.017 0.016 0.014 0.018 0.021 0.009 0.265 0.158 0.024 0.035 0.042 0.015 0.026 0.041 0.006 0.02 0.192
153 R 0.044 0.358 0.038 0.03 0.008 0.047 0.051 0.032 0.023 0.023 0.046 0.118 0.015 0.017 0.019 0.044 0.034 0.006 0.017 0.03
154 F 0.037 0.023 0.019 0.018 0.01 0.016 0.023 0.025 0.033 0.052 0.087 0.025 0.021 0.251 0.013 0.028 0.026 0.023 0.221 0.049
155 L 0.045 0.021 0.014 0.016 0.016 0.014 0.019 0.021 0.009 0.199 0.276 0.024 0.042 0.048 0.014 0.024 0.036 0.006 0.021 0.134
156 I 0.048 0.032 0.029 0.044 0.012 0.034 0.121 0.028 0.074 0.154 0.101 0.044 0.025 0.032 0.019 0.037 0.036 0.006 0.025 0.101
157 G 0.13 0.03 0.034 0.032 0.017 0.024 0.036 0.131 0.014 0.061 0.104 0.04 0.022 0.027 0.023 0.113 0.054 0.005 0.017 0.086
158 R 0.048 0.217 0.081 0.042 0.008 0.047 0.058 0.041 0.023 0.024 0.042 0.175 0.015 0.016 0.022 0.051 0.038 0.005 0.017 0.031
159 S 0.09 0.051 0.091 0.052 0.015 0.036 0.054 0.061 0.021 0.028 0.04 0.093 0.015 0.019 0.027 0.181 0.069 0.005 0.017 0.038
160 F 0.118 0.023 0.02 0.021 0.014 0.016 0.026 0.043 0.016 0.057 0.097 0.028 0.023 0.262 0.017 0.046 0.034 0.013 0.066 0.06
161 Y 0.04 0.033 0.044 0.024 0.009 0.023 0.03 0.029 0.038 0.043 0.07 0.049 0.019 0.157 0.016 0.034 0.029 0.022 0.245 0.045
162 K 0.053 0.095 0.043 0.04 0.008 0.05 0.067 0.042 0.078 0.026 0.042 0.251 0.015 0.018 0.026 0.051 0.037 0.005 0.023 0.031
163 Y 0.038 0.025 0.02 0.018 0.009 0.018 0.025 0.025 0.037 0.048 0.08 0.027 0.02 0.206 0.014 0.029 0.027 0.024 0.261 0.048
164 Y 0.063 0.031 0.031 0.028 0.013 0.024 0.034 0.037 0.031 0.05 0.112 0.037 0.022 0.08 0.02 0.098 0.046 0.017 0.175 0.052
165 L 0.045 0.02 0.015 0.016 0.015 0.014 0.019 0.021 0.01 0.187 0.229 0.023 0.038 0.097 0.014 0.025 0.036 0.008 0.03 0.138
166 L 0.06 0.024 0.022 0.022 0.016 0.018 0.025 0.029 0.011 0.162 0.166 0.029 0.043 0.065 0.017 0.062 0.046 0.007 0.025 0.149
167 I 0.046 0.017 0.014 0.017 0.016 0.013 0.017 0.02 0.009 0.285 0.165 0.023 0.036 0.043 0.014 0.025 0.039 0.006 0.02 0.173
168 F 0.038 0.02 0.017 0.017 0.012 0.013 0.02 0.025 0.015 0.099 0.131 0.022 0.048 0.298 0.012 0.026 0.029 0.014 0.068 0.076
169 V 0.06 0.02 0.016 0.017 0.017 0.015 0.021 0.024 0.009 0.165 0.131 0.024 0.031 0.088 0.015 0.03 0.044 0.007 0.03 0.235
170 A 0.272 0.029 0.027 0.03 0.02 0.024 0.038 0.14 0.014 0.039 0.054 0.042 0.016 0.02 0.028 0.079 0.046 0.005 0.016 0.061
171 S 0.164 0.037 0.045 0.043 0.018 0.03 0.048 0.068 0.018 0.033 0.046 0.05 0.016 0.021 0.029 0.192 0.071 0.005 0.017 0.049
172 L 0.044 0.024 0.014 0.015 0.016 0.016 0.02 0.021 0.01 0.113 0.388 0.025 0.049 0.054 0.014 0.024 0.033 0.007 0.022 0.094
173 F 0.033 0.019 0.017 0.017 0.01 0.01 0.019 0.025 0.017 0.062 0.112 0.019 0.025 0.399 0.01 0.025 0.025 0.017 0.087 0.054
174 H 0.041 0.045 0.052 0.037 0.007 0.037 0.052 0.037 0.368 0.022 0.037 0.045 0.015 0.03 0.019 0.041 0.026 0.007 0.056 0.022
175 V 0.098 0.024 0.018 0.02 0.018 0.019 0.025 0.033 0.011 0.163 0.141 0.03 0.061 0.038 0.018 0.039 0.044 0.006 0.02 0.175
176 S 0.108 0.039 0.053 0.048 0.017 0.033 0.051 0.065 0.019 0.029 0.041 0.053 0.015 0.02 0.029 0.235 0.08 0.005 0.017 0.041
177 A 0.206 0.035 0.039 0.039 0.019 0.029 0.046 0.071 0.017 0.036 0.05 0.048 0.016 0.021 0.029 0.159 0.065 0.005 0.017 0.054
178 L 0.082 0.022 0.016 0.018 0.017 0.016 0.022 0.029 0.01 0.165 0.261 0.027 0.04 0.045 0.016 0.033 0.037 0.006 0.021 0.119
179 I 0.049 0.024 0.017 0.019 0.016 0.02 0.022 0.024 0.012 0.192 0.179 0.029 0.107 0.045 0.015 0.03 0.039 0.007 0.022 0.132
180 L 0.044 0.024 0.014 0.015 0.016 0.016 0.02 0.021 0.01 0.113 0.388 0.025 0.049 0.054 0.014 0.024 0.033 0.007 0.022 0.094
181 L 0.039 0.021 0.015 0.016 0.013 0.013 0.019 0.023 0.013 0.089 0.256 0.022 0.037 0.218 0.012 0.024 0.029 0.012 0.053 0.075
182 F 0.103 0.023 0.022 0.024 0.014 0.017 0.028 0.04 0.014 0.097 0.094 0.031 0.022 0.15 0.099 0.055 0.039 0.009 0.04 0.078
183 I 0.055 0.019 0.015 0.017 0.017 0.014 0.019 0.022 0.008 0.238 0.151 0.024 0.034 0.04 0.015 0.027 0.043 0.006 0.02 0.215
184 P 0.048 0.026 0.022 0.024 0.01 0.021 0.031 0.03 0.029 0.034 0.051 0.036 0.014 0.07 0.259 0.037 0.031 0.015 0.172 0.038
185 F 0.038 0.023 0.018 0.017 0.011 0.015 0.022 0.024 0.025 0.067 0.156 0.024 0.028 0.235 0.013 0.027 0.027 0.018 0.154 0.06
186 L 0.049 0.021 0.014 0.016 0.016 0.015 0.019 0.021 0.009 0.179 0.27 0.024 0.042 0.047 0.014 0.025 0.037 0.006 0.021 0.152
187 V 0.097 0.024 0.018 0.019 0.085 0.018 0.025 0.034 0.017 0.092 0.131 0.029 0.026 0.053 0.018 0.04 0.04 0.01 0.085 0.137
188 K 0.057 0.152 0.033 0.031 0.011 0.041 0.052 0.035 0.018 0.065 0.069 0.163 0.02 0.022 0.022 0.045 0.041 0.005 0.018 0.101
189 I 0.042 0.019 0.015 0.017 0.014 0.014 0.019 0.023 0.011 0.206 0.134 0.023 0.03 0.049 0.013 0.024 0.035 0.146 0.034 0.134
190 A 0.151 0.037 0.133 0.05 0.016 0.029 0.044 0.066 0.021 0.037 0.069 0.048 0.017 0.022 0.025 0.11 0.055 0.005 0.017 0.049
191 N 0.046 0.063 0.241 0.069 0.009 0.039 0.055 0.057 0.028 0.024 0.034 0.127 0.012 0.017 0.022 0.063 0.045 0.005 0.016 0.028
192 V 0.058 0.154 0.027 0.025 0.013 0.033 0.04 0.03 0.015 0.093 0.086 0.097 0.023 0.026 0.019 0.039 0.042 0.005 0.019 0.157
193 V 0.058 0.025 0.019 0.029 0.016 0.023 0.069 0.024 0.011 0.182 0.126 0.033 0.03 0.035 0.017 0.033 0.043 0.006 0.02 0.202
194 P 0.056 0.025 0.023 0.03 0.01 0.02 0.035 0.035 0.013 0.025 0.035 0.04 0.01 0.013 0.503 0.043 0.035 0.003 0.013 0.03
195 F 0.048 0.031 0.127 0.043 0.011 0.022 0.034 0.045 0.022 0.043 0.073 0.036 0.019 0.209 0.017 0.074 0.042 0.011 0.052 0.043
196 K 0.057 0.097 0.043 0.044 0.009 0.105 0.082 0.043 0.024 0.027 0.045 0.212 0.017 0.015 0.026 0.055 0.041 0.005 0.019 0.034
197 S 0.093 0.063 0.05 0.047 0.015 0.04 0.059 0.059 0.02 0.029 0.043 0.127 0.016 0.019 0.029 0.161 0.068 0.005 0.018 0.039
198 K 0.057 0.108 0.042 0.042 0.009 0.054 0.071 0.044 0.021 0.028 0.044 0.273 0.016 0.016 0.028 0.054 0.04 0.005 0.017 0.033
199 L 0.053 0.024 0.015 0.016 0.017 0.016 0.021 0.023 0.01 0.133 0.291 0.026 0.044 0.049 0.015 0.027 0.039 0.007 0.022 0.152
200 L 0.058 0.028 0.025 0.024 0.015 0.02 0.028 0.033 0.013 0.082 0.237 0.032 0.045 0.093 0.018 0.075 0.059 0.008 0.03 0.075
201 L 0.102 0.024 0.017 0.02 0.017 0.018 0.025 0.034 0.011 0.124 0.236 0.03 0.036 0.041 0.052 0.039 0.039 0.006 0.02 0.111
202 L 0.041 0.024 0.017 0.017 0.013 0.017 0.023 0.023 0.023 0.092 0.205 0.026 0.043 0.135 0.014 0.027 0.031 0.015 0.136 0.077
203 L 0.048 0.02 0.014 0.016 0.016 0.015 0.019 0.021 0.009 0.206 0.239 0.024 0.04 0.046 0.014 0.025 0.038 0.006 0.021 0.161
204 L 0.044 0.022 0.015 0.016 0.015 0.014 0.02 0.023 0.012 0.104 0.252 0.023 0.038 0.166 0.013 0.026 0.033 0.01 0.043 0.112
205 L 0.043 0.019 0.015 0.016 0.015 0.013 0.018 0.021 0.011 0.188 0.217 0.023 0.037 0.122 0.013 0.024 0.034 0.008 0.035 0.125
206 S 0.108 0.039 0.053 0.048 0.017 0.033 0.051 0.065 0.019 0.029 0.041 0.053 0.015 0.02 0.029 0.235 0.08 0.005 0.017 0.041
207 F 0.039 0.02 0.015 0.016 0.013 0.013 0.019 0.023 0.013 0.112 0.218 0.021 0.035 0.225 0.012 0.024 0.03 0.012 0.054 0.085
208 L 0.047 0.022 0.014 0.015 0.084 0.015 0.019 0.022 0.009 0.128 0.31 0.024 0.042 0.047 0.014 0.026 0.034 0.006 0.02 0.1
209 F 0.045 0.026 0.021 0.021 0.013 0.019 0.025 0.028 0.016 0.074 0.134 0.028 0.078 0.22 0.015 0.038 0.064 0.012 0.054 0.069
210 V 0.069 0.021 0.016 0.017 0.019 0.016 0.023 0.024 0.008 0.161 0.128 0.026 0.031 0.035 0.016 0.032 0.048 0.005 0.02 0.283
211 L 0.131 0.028 0.02 0.021 0.016 0.022 0.029 0.041 0.02 0.072 0.177 0.034 0.053 0.058 0.02 0.047 0.038 0.011 0.087 0.074
212 F 0.049 0.026 0.026 0.024 0.014 0.018 0.026 0.031 0.014 0.066 0.133 0.029 0.026 0.206 0.017 0.05 0.116 0.011 0.051 0.066
213 P 0.067 0.028 0.029 0.034 0.012 0.023 0.039 0.042 0.014 0.026 0.037 0.043 0.011 0.014 0.402 0.084 0.045 0.003 0.014 0.033
214 L 0.05 0.02 0.015 0.017 0.017 0.015 0.019 0.021 0.009 0.205 0.226 0.024 0.039 0.045 0.015 0.026 0.039 0.006 0.021 0.172
215 L 0.045 0.024 0.014 0.015 0.016 0.016 0.02 0.021 0.01 0.116 0.371 0.025 0.05 0.055 0.014 0.024 0.034 0.007 0.022 0.097
216 S 0.108 0.039 0.053 0.048 0.017 0.033 0.051 0.065 0.019 0.029 0.041 0.053 0.015 0.02 0.029 0.235 0.08 0.005 0.017 0.041
217 E 0.062 0.063 0.046 0.112 0.009 0.05 0.155 0.044 0.022 0.025 0.038 0.139 0.013 0.016 0.026 0.083 0.044 0.005 0.016 0.032
218 L 0.132 0.028 0.019 0.021 0.018 0.021 0.028 0.041 0.013 0.086 0.236 0.033 0.066 0.041 0.019 0.046 0.04 0.007 0.021 0.085
219 N 0.043 0.032 0.172 0.049 0.012 0.023 0.033 0.042 0.021 0.113 0.126 0.038 0.025 0.057 0.017 0.046 0.042 0.006 0.023 0.08
220 G 0.07 0.028 0.051 0.161 0.011 0.024 0.051 0.286 0.016 0.021 0.03 0.04 0.01 0.016 0.021 0.081 0.04 0.005 0.012 0.027
221 L 0.05 0.023 0.016 0.017 0.016 0.017 0.021 0.023 0.01 0.175 0.228 0.027 0.069 0.046 0.015 0.028 0.039 0.006 0.021 0.151
222 K 0.059 0.063 0.028 0.029 0.013 0.034 0.045 0.033 0.014 0.115 0.091 0.159 0.024 0.026 0.021 0.041 0.042 0.005 0.019 0.139
223 P 0.077 0.032 0.036 0.038 0.014 0.026 0.042 0.047 0.015 0.031 0.042 0.046 0.013 0.017 0.266 0.119 0.084 0.004 0.015 0.04
224 F 0.039 0.02 0.015 0.016 0.013 0.013 0.019 0.023 0.013 0.112 0.218 0.021 0.035 0.225 0.012 0.024 0.03 0.012 0.054 0.085
225 L 0.045 0.025 0.015 0.016 0.016 0.018 0.021 0.022 0.011 0.111 0.36 0.026 0.067 0.053 0.014 0.025 0.034 0.007 0.022 0.094
226 S 0.108 0.039 0.053 0.048 0.017 0.033 0.051 0.065 0.019 0.029 0.041 0.053 0.015 0.02 0.029 0.235 0.08 0.005 0.017 0.041
227 L 0.057 0.035 0.027 0.026 0.014 0.022 0.03 0.134 0.012 0.129 0.141 0.067 0.027 0.032 0.019 0.043 0.068 0.006 0.018 0.093
228 F 0.043 0.019 0.016 0.017 0.014 0.012 0.019 0.023 0.013 0.156 0.133 0.021 0.03 0.22 0.013 0.026 0.033 0.011 0.054 0.129
229 G 0.079 0.023 0.039 0.034 0.011 0.019 0.026 0.506 0.014 0.019 0.029 0.034 0.009 0.016 0.019 0.052 0.03 0.005 0.011 0.024
230 P 0.059 0.039 0.148 0.062 0.01 0.034 0.089 0.051 0.023 0.024 0.035 0.053 0.012 0.016 0.16 0.087 0.048 0.004 0.015 0.031
231 A 0.18 0.068 0.033 0.035 0.015 0.039 0.055 0.06 0.017 0.035 0.05 0.168 0.016 0.018 0.028 0.068 0.044 0.005 0.017 0.05
232 L 0.056 0.023 0.015 0.016 0.017 0.016 0.021 0.023 0.009 0.137 0.258 0.025 0.04 0.044 0.015 0.028 0.041 0.006 0.021 0.189
233 N 0.066 0.051 0.197 0.064 0.012 0.036 0.052 0.061 0.025 0.025 0.036 0.087 0.013 0.018 0.024 0.122 0.058 0.005 0.016 0.032
234 L 0.046 0.026 0.06 0.026 0.015 0.019 0.024 0.028 0.013 0.159 0.225 0.03 0.06 0.044 0.015 0.032 0.038 0.006 0.021 0.112
235 Y 0.04 0.027 0.021 0.018 0.009 0.021 0.027 0.024 0.046 0.043 0.067 0.031 0.018 0.128 0.015 0.031 0.027 0.027 0.331 0.046
236 L 0.044 0.022 0.014 0.015 0.016 0.015 0.019 0.021 0.01 0.15 0.34 0.024 0.046 0.051 0.014 0.024 0.034 0.007 0.022 0.111
237 N 0.075 0.042 0.192 0.065 0.013 0.033 0.05 0.064 0.025 0.026 0.036 0.053 0.013 0.019 0.024 0.152 0.064 0.005 0.016 0.034
238 N 0.042 0.044 0.33 0.081 0.009 0.033 0.048 0.064 0.031 0.022 0.031 0.053 0.011 0.018 0.02 0.068 0.048 0.004 0.015 0.026
239 E 0.071 0.043 0.048 0.12 0.011 0.047 0.186 0.047 0.022 0.024 0.037 0.062 0.013 0.018 0.026 0.118 0.052 0.005 0.016 0.033
240 N 0.064 0.04 0.189 0.062 0.013 0.031 0.046 0.058 0.023 0.032 0.042 0.051 0.014 0.02 0.024 0.111 0.116 0.005 0.016 0.042
241 L 0.044 0.024 0.014 0.015 0.016 0.016 0.02 0.021 0.01 0.113 0.388 0.025 0.049 0.054 0.014 0.024 0.033 0.007 0.022 0.094
242 S 0.108 0.039 0.053 0.048 0.017 0.033 0.051 0.065 0.019 0.029 0.041 0.053 0.015 0.02 0.029 0.235 0.08 0.005 0.017 0.041
243 Y 0.04 0.027 0.021 0.018 0.009 0.021 0.027 0.024 0.046 0.043 0.067 0.031 0.018 0.128 0.015 0.031 0.027 0.027 0.331 0.046
244 K 0.056 0.105 0.041 0.041 0.008 0.052 0.069 0.042 0.02 0.027 0.042 0.292 0.015 0.015 0.027 0.052 0.039 0.005 0.017 0.032
245 A 0.186 0.026 0.021 0.023 0.02 0.021 0.031 0.05 0.011 0.102 0.093 0.035 0.024 0.028 0.023 0.058 0.049 0.005 0.019 0.175
246 G 0.077 0.022 0.038 0.033 0.011 0.019 0.025 0.52 0.013 0.019 0.028 0.033 0.009 0.016 0.019 0.05 0.029 0.005 0.011 0.024
247 F 0.033 0.019 0.017 0.017 0.01 0.01 0.019 0.025 0.017 0.062 0.112 0.019 0.025 0.399 0.01 0.025 0.025 0.017 0.087 0.054
248 S 0.108 0.039 0.053 0.048 0.017 0.033 0.051 0.065 0.019 0.029 0.041 0.053 0.015 0.02 0.029 0.235 0.08 0.005 0.017 0.041
249 L 0.041 0.023 0.014 0.015 0.015 0.015 0.02 0.022 0.011 0.102 0.329 0.023 0.044 0.128 0.013 0.024 0.031 0.009 0.036 0.086
250 K 0.056 0.105 0.041 0.041 0.008 0.052 0.069 0.042 0.02 0.027 0.042 0.292 0.015 0.015 0.027 0.052 0.039 0.005 0.017 0.032
251 Y 0.04 0.027 0.021 0.018 0.009 0.021 0.027 0.024 0.046 0.043 0.067 0.031 0.018 0.128 0.015 0.031 0.027 0.027 0.331 0.046
252 L 0.047 0.023 0.014 0.015 0.016 0.016 0.02 0.021 0.01 0.12 0.351 0.025 0.046 0.051 0.014 0.025 0.035 0.007 0.022 0.121
253 E 0.054 0.049 0.04 0.088 0.007 0.063 0.31 0.034 0.025 0.022 0.036 0.074 0.013 0.016 0.025 0.054 0.036 0.005 0.016 0.031
254 L 0.045 0.032 0.019 0.02 0.015 0.052 0.033 0.024 0.013 0.099 0.331 0.036 0.044 0.047 0.015 0.029 0.034 0.007 0.022 0.084
255 L 0.044 0.023 0.014 0.015 0.016 0.015 0.019 0.021 0.01 0.142 0.351 0.025 0.047 0.052 0.014 0.024 0.034 0.007 0.022 0.107
256 I 0.046 0.018 0.014 0.017 0.016 0.013 0.018 0.02 0.009 0.261 0.196 0.023 0.038 0.045 0.014 0.024 0.038 0.006 0.02 0.162
257 L 0.048 0.021 0.014 0.016 0.016 0.015 0.019 0.021 0.009 0.182 0.271 0.024 0.042 0.047 0.014 0.025 0.037 0.006 0.021 0.149
258 V 0.058 0.023 0.018 0.019 0.016 0.016 0.023 0.027 0.011 0.12 0.174 0.026 0.032 0.116 0.015 0.043 0.042 0.008 0.035 0.176
259 Y 0.09 0.027 0.021 0.02 0.013 0.021 0.029 0.033 0.032 0.068 0.079 0.032 0.021 0.09 0.018 0.04 0.036 0.019 0.212 0.1
260 L 0.051 0.018 0.015 0.016 0.152 0.013 0.017 0.024 0.009 0.179 0.184 0.023 0.033 0.039 0.015 0.029 0.037 0.006 0.018 0.123
261 F 0.034 0.02 0.017 0.017 0.01 0.012 0.02 0.025 0.021 0.059 0.106 0.02 0.024 0.36 0.011 0.026 0.025 0.018 0.122 0.053
262 Y 0.074 0.033 0.037 0.033 0.013 0.027 0.039 0.045 0.032 0.036 0.054 0.042 0.017 0.074 0.022 0.133 0.054 0.016 0.174 0.043
263 F 0.039 0.03 0.094 0.097 0.009 0.025 0.077 0.038 0.021 0.042 0.072 0.037 0.018 0.208 0.016 0.042 0.033 0.011 0.051 0.04
264 E 0.065 0.1 0.042 0.055 0.01 0.047 0.138 0.11 0.021 0.024 0.038 0.118 0.014 0.017 0.024 0.082 0.043 0.005 0.016 0.032
265 R 0.05 0.237 0.039 0.035 0.008 0.05 0.06 0.037 0.022 0.025 0.044 0.201 0.015 0.016 0.023 0.048 0.036 0.005 0.017 0.031
266 F 0.038 0.022 0.018 0.017 0.011 0.014 0.022 0.025 0.026 0.063 0.098 0.023 0.023 0.283 0.012 0.027 0.027 0.019 0.164 0.068
267 R 0.059 0.193 0.035 0.03 0.012 0.034 0.043 0.037 0.019 0.05 0.066 0.077 0.019 0.075 0.02 0.08 0.045 0.007 0.028 0.072
268 E 0.046 0.04 0.13 0.064 0.009 0.039 0.134 0.041 0.028 0.038 0.09 0.053 0.018 0.041 0.02 0.051 0.038 0.009 0.069 0.041
269 L 0.046 0.023 0.015 0.018 0.015 0.016 0.022 0.023 0.01 0.129 0.3 0.027 0.041 0.046 0.084 0.027 0.034 0.006 0.02 0.098
270 G 0.062 0.023 0.027 0.025 0.013 0.018 0.023 0.271 0.012 0.101 0.132 0.03 0.045 0.032 0.017 0.039 0.033 0.006 0.016 0.075
271 A 0.105 0.055 0.083 0.044 0.012 0.097 0.063 0.05 0.022 0.066 0.063 0.093 0.02 0.021 0.023 0.059 0.043 0.005 0.018 0.06
272 G 0.075 0.1 0.086 0.046 0.012 0.036 0.049 0.132 0.02 0.025 0.038 0.095 0.014 0.018 0.024 0.123 0.054 0.005 0.016 0.033
273 H 0.045 0.053 0.123 0.047 0.009 0.035 0.049 0.043 0.137 0.067 0.058 0.097 0.017 0.025 0.02 0.049 0.037 0.006 0.03 0.051
274 F 0.033 0.019 0.017 0.017 0.01 0.01 0.019 0.025 0.017 0.062 0.112 0.019 0.025 0.399 0.01 0.025 0.025 0.017 0.087 0.054
275 G 0.088 0.028 0.044 0.038 0.013 0.024 0.034 0.357 0.015 0.022 0.033 0.04 0.011 0.018 0.022 0.116 0.047 0.005 0.013 0.03
276 K 0.053 0.065 0.033 0.048 0.01 0.045 0.121 0.034 0.019 0.097 0.076 0.15 0.021 0.024 0.023 0.045 0.039 0.005 0.018 0.073
277 K 0.052 0.179 0.04 0.038 0.008 0.076 0.068 0.039 0.022 0.026 0.044 0.209 0.016 0.016 0.024 0.05 0.038 0.005 0.017 0.032
278 Y 0.05 0.045 0.054 0.035 0.009 0.098 0.057 0.036 0.037 0.034 0.055 0.055 0.018 0.072 0.019 0.057 0.037 0.016 0.175 0.04
279 F 0.035 0.021 0.018 0.017 0.01 0.013 0.021 0.025 0.023 0.058 0.102 0.021 0.023 0.341 0.011 0.026 0.025 0.019 0.139 0.052
280 Y 0.044 0.033 0.127 0.042 0.01 0.025 0.036 0.041 0.031 0.036 0.052 0.039 0.016 0.064 0.018 0.052 0.073 0.084 0.136 0.041
281 I 0.051 0.018 0.015 0.017 0.017 0.014 0.019 0.021 0.009 0.259 0.157 0.024 0.035 0.042 0.015 0.026 0.041 0.006 0.02 0.197
282 F 0.033 0.019 0.017 0.017 0.01 0.01 0.019 0.025 0.017 0.062 0.112 0.019 0.025 0.399 0.01 0.025 0.025 0.017 0.087 0.054
283 G 0.062 0.154 0.039 0.033 0.009 0.034 0.041 0.277 0.018 0.021 0.036 0.1 0.012 0.016 0.02 0.048 0.032 0.005 0.014 0.027
284 C 0.069 0.022 0.024 0.023 0.277 0.016 0.023 0.104 0.011 0.05 0.109 0.027 0.02 0.025 0.018 0.067 0.041 0.005 0.014 0.056
285 L 0.044 0.024 0.014 0.015 0.016 0.016 0.02 0.021 0.01 0.113 0.388 0.025 0.049 0.054 0.014 0.024 0.033 0.007 0.022 0.094
286 V 0.057 0.019 0.015 0.017 0.017 0.015 0.02 0.022 0.008 0.223 0.146 0.024 0.034 0.039 0.015 0.028 0.044 0.006 0.02 0.228
287 L 0.06 0.027 0.025 0.024 0.017 0.021 0.028 0.03 0.012 0.125 0.16 0.033 0.055 0.037 0.019 0.05 0.114 0.006 0.02 0.137
288 I 0.057 0.019 0.015 0.017 0.017 0.015 0.02 0.022 0.008 0.226 0.147 0.024 0.034 0.039 0.015 0.028 0.044 0.006 0.02 0.226
289 E 0.054 0.06 0.041 0.067 0.008 0.147 0.206 0.037 0.027 0.024 0.041 0.082 0.016 0.015 0.024 0.054 0.038 0.006 0.018 0.033
290 L 0.049 0.023 0.014 0.015 0.017 0.016 0.02 0.022 0.01 0.123 0.332 0.025 0.045 0.05 0.014 0.026 0.036 0.007 0.022 0.135
291 G 0.068 0.029 0.031 0.028 0.014 0.024 0.03 0.197 0.015 0.062 0.14 0.036 0.076 0.033 0.019 0.072 0.042 0.006 0.018 0.061
292 V 0.057 0.019 0.015 0.017 0.017 0.015 0.02 0.022 0.008 0.223 0.146 0.024 0.034 0.039 0.015 0.028 0.044 0.006 0.02 0.228
293 Y 0.04 0.027 0.021 0.018 0.009 0.021 0.027 0.024 0.046 0.043 0.067 0.031 0.018 0.128 0.015 0.031 0.027 0.027 0.331 0.046
294 S 0.108 0.039 0.053 0.048 0.017 0.033 0.051 0.065 0.019 0.029 0.041 0.053 0.015 0.02 0.029 0.235 0.08 0.005 0.017 0.041
295 F 0.039 0.019 0.015 0.016 0.013 0.012 0.019 0.023 0.013 0.137 0.186 0.021 0.033 0.223 0.012 0.025 0.031 0.011 0.054 0.097
296 F 0.039 0.019 0.015 0.017 0.013 0.012 0.018 0.023 0.013 0.145 0.175 0.021 0.033 0.223 0.012 0.025 0.031 0.011 0.054 0.1
297 N 0.042 0.044 0.33 0.081 0.009 0.033 0.048 0.064 0.031 0.022 0.031 0.053 0.011 0.018 0.02 0.068 0.048 0.004 0.015 0.026
298 D 0.04 0.029 0.068 0.409 0.007 0.029 0.09 0.046 0.018 0.022 0.027 0.044 0.009 0.015 0.022 0.051 0.035 0.004 0.011 0.024
299 F 0.034 0.02 0.017 0.017 0.01 0.012 0.02 0.025 0.021 0.059 0.106 0.02 0.024 0.36 0.011 0.026 0.025 0.018 0.122 0.053
300 S 0.108 0.039 0.053 0.048 0.017 0.033 0.051 0.065 0.019 0.029 0.041 0.053 0.015 0.02 0.029 0.235 0.08 0.005 0.017 0.041
301 I 0.046 0.017 0.014 0.017 0.016 0.013 0.017 0.02 0.009 0.285 0.165 0.023 0.036 0.043 0.014 0.025 0.039 0.006 0.02 0.173
302 L 0.043 0.021 0.014 0.016 0.015 0.014 0.019 0.021 0.01 0.167 0.269 0.023 0.041 0.099 0.014 0.024 0.034 0.008 0.031 0.117
303 Y 0.04 0.027 0.021 0.018 0.009 0.021 0.027 0.024 0.046 0.043 0.067 0.031 0.018 0.128 0.015 0.031 0.027 0.027 0.331 0.046
304 E 0.054 0.049 0.04 0.088 0.007 0.063 0.31 0.034 0.025 0.022 0.036 0.074 0.013 0.016 0.025 0.054 0.036 0.005 0.016 0.031
305 R 0.044 0.358 0.038 0.03 0.008 0.047 0.051 0.032 0.023 0.023 0.046 0.118 0.015 0.017 0.019 0.044 0.034 0.006 0.017 0.03
306 L 0.045 0.021 0.014 0.016 0.016 0.014 0.019 0.021 0.009 0.199 0.276 0.024 0.042 0.048 0.014 0.024 0.036 0.006 0.021 0.134
307 S 0.133 0.037 0.046 0.042 0.018 0.03 0.047 0.062 0.017 0.036 0.049 0.05 0.017 0.021 0.029 0.179 0.114 0.005 0.017 0.052
308 V 0.069 0.021 0.016 0.017 0.019 0.016 0.023 0.024 0.008 0.161 0.128 0.026 0.031 0.035 0.016 0.032 0.048 0.005 0.02 0.283
309 Y 0.039 0.026 0.021 0.018 0.009 0.02 0.026 0.024 0.041 0.046 0.075 0.029 0.019 0.173 0.014 0.03 0.027 0.026 0.29 0.047
310 F 0.033 0.019 0.017 0.017 0.01 0.01 0.019 0.025 0.017 0.062 0.112 0.019 0.025 0.399 0.01 0.025 0.025 0.017 0.087 0.054
311 E 0.054 0.049 0.04 0.088 0.007 0.063 0.31 0.034 0.025 0.022 0.036 0.074 0.013 0.016 0.025 0.054 0.036 0.005 0.016 0.031
312 F 0.051 0.02 0.016 0.017 0.015 0.013 0.021 0.025 0.012 0.112 0.12 0.022 0.028 0.217 0.013 0.029 0.037 0.011 0.054 0.169
313 S 0.108 0.039 0.053 0.048 0.017 0.033 0.051 0.065 0.019 0.029 0.041 0.053 0.015 0.02 0.029 0.235 0.08 0.005 0.017 0.041
314 H 0.048 0.058 0.048 0.042 0.008 0.134 0.077 0.039 0.198 0.024 0.042 0.067 0.018 0.022 0.021 0.048 0.033 0.007 0.038 0.029
315 G 0.19 0.026 0.032 0.031 0.016 0.022 0.032 0.298 0.014 0.03 0.043 0.038 0.013 0.019 0.024 0.067 0.039 0.005 0.014 0.046
316 I 0.05 0.018 0.015 0.017 0.016 0.014 0.018 0.021 0.009 0.265 0.158 0.024 0.035 0.042 0.015 0.026 0.041 0.006 0.02 0.192
317 F 0.117 0.021 0.019 0.02 0.117 0.015 0.024 0.041 0.014 0.053 0.086 0.026 0.021 0.21 0.017 0.045 0.034 0.011 0.051 0.058
318 I 0.047 0.02 0.015 0.018 0.016 0.015 0.019 0.021 0.01 0.254 0.169 0.025 0.06 0.044 0.015 0.026 0.039 0.006 0.021 0.159
319 A 0.239 0.033 0.034 0.035 0.02 0.028 0.044 0.073 0.016 0.038 0.053 0.047 0.017 0.021 0.029 0.134 0.059 0.005 0.017 0.059
320 L 0.051 0.031 0.02 0.02 0.016 0.028 0.028 0.028 0.016 0.098 0.193 0.035 0.177 0.047 0.016 0.035 0.039 0.008 0.024 0.091
