#Seq2Logo.py -f /work3/idamei/ssn-clusterings/2206011120/clusters/0008_160/sequences.afa -m 0.0001 -b 50 -o /work3/idamei/ssn-clusterings/2206011120/clusters/0008_160/sequences.logo
#Position Specific Frequency Matrix
A R N D C Q E G H I L K M F P S T W Y V
0 M 0.048 0.03 0.019 0.019 0.015 0.026 0.026 0.026 0.015 0.093 0.182 0.033 0.223 0.045 0.015 0.033 0.037 0.007 0.022 0.086
1 N 0.043 0.046 0.308 0.084 0.009 0.034 0.05 0.066 0.032 0.023 0.032 0.055 0.011 0.018 0.02 0.071 0.05 0.005 0.016 0.027
2 A 0.281 0.031 0.026 0.03 0.022 0.026 0.041 0.079 0.015 0.044 0.06 0.045 0.018 0.022 0.03 0.086 0.051 0.005 0.018 0.07
3 Q 0.057 0.074 0.045 0.048 0.009 0.204 0.104 0.042 0.03 0.027 0.048 0.092 0.021 0.015 0.024 0.057 0.042 0.006 0.021 0.036
4 I 0.048 0.018 0.015 0.018 0.016 0.013 0.018 0.021 0.009 0.261 0.17 0.024 0.037 0.045 0.015 0.025 0.04 0.006 0.021 0.179
5 C 0.066 0.017 0.017 0.017 0.477 0.012 0.017 0.033 0.008 0.045 0.066 0.021 0.017 0.021 0.017 0.041 0.037 0.004 0.012 0.058
6 L 0.053 0.033 0.02 0.02 0.016 0.028 0.028 0.028 0.016 0.102 0.199 0.037 0.149 0.049 0.016 0.037 0.041 0.008 0.024 0.094
7 T 0.076 0.031 0.039 0.035 0.016 0.025 0.037 0.044 0.014 0.096 0.071 0.041 0.02 0.025 0.024 0.15 0.159 0.005 0.017 0.075
8 S 0.106 0.039 0.052 0.047 0.017 0.032 0.051 0.064 0.019 0.029 0.041 0.052 0.015 0.02 0.029 0.245 0.079 0.005 0.017 0.041
9 N 0.045 0.045 0.239 0.083 0.008 0.043 0.138 0.053 0.029 0.022 0.032 0.059 0.011 0.017 0.021 0.063 0.044 0.005 0.015 0.028
10 K 0.05 0.184 0.072 0.041 0.008 0.048 0.06 0.041 0.022 0.025 0.042 0.212 0.015 0.016 0.023 0.051 0.038 0.005 0.017 0.031
11 K 0.049 0.113 0.139 0.052 0.008 0.045 0.06 0.048 0.024 0.025 0.038 0.198 0.014 0.016 0.023 0.056 0.041 0.005 0.016 0.03
12 C 0.053 0.054 0.132 0.045 0.172 0.032 0.044 0.045 0.019 0.031 0.045 0.124 0.014 0.017 0.021 0.053 0.041 0.004 0.015 0.038
13 I 0.046 0.031 0.028 0.025 0.013 0.026 0.032 0.028 0.133 0.138 0.13 0.034 0.079 0.04 0.016 0.033 0.034 0.007 0.033 0.094
14 R 0.045 0.155 0.034 0.031 0.008 0.103 0.059 0.032 0.032 0.03 0.052 0.078 0.018 0.053 0.019 0.042 0.034 0.013 0.126 0.036
15 P 0.056 0.029 0.025 0.028 0.013 0.024 0.033 0.034 0.014 0.054 0.092 0.039 0.069 0.026 0.263 0.048 0.075 0.005 0.017 0.057
16 L 0.075 0.031 0.033 0.031 0.016 0.024 0.035 0.043 0.014 0.071 0.216 0.039 0.032 0.037 0.021 0.132 0.056 0.006 0.019 0.067
17 Q 0.076 0.053 0.045 0.044 0.012 0.131 0.071 0.129 0.023 0.026 0.041 0.067 0.017 0.017 0.024 0.116 0.052 0.005 0.017 0.035
18 F 0.044 0.045 0.03 0.031 0.009 0.123 0.059 0.032 0.023 0.044 0.079 0.054 0.022 0.209 0.017 0.04 0.032 0.011 0.053 0.044
19 K 0.047 0.069 0.124 0.146 0.008 0.04 0.067 0.047 0.022 0.024 0.035 0.181 0.012 0.015 0.023 0.054 0.039 0.004 0.015 0.028
20 L 0.115 0.041 0.108 0.042 0.013 0.082 0.051 0.049 0.02 0.049 0.135 0.051 0.023 0.026 0.021 0.056 0.041 0.005 0.018 0.054
21 P 0.119 0.05 0.109 0.044 0.012 0.032 0.047 0.053 0.019 0.028 0.04 0.112 0.013 0.016 0.148 0.06 0.042 0.004 0.015 0.038
22 L 0.043 0.022 0.014 0.015 0.015 0.015 0.019 0.02 0.009 0.159 0.345 0.024 0.044 0.049 0.014 0.023 0.033 0.006 0.021 0.11
23 F 0.106 0.025 0.023 0.022 0.014 0.019 0.027 0.036 0.019 0.091 0.086 0.03 0.022 0.127 0.018 0.049 0.088 0.011 0.1 0.088
24 F 0.035 0.02 0.015 0.015 0.012 0.012 0.018 0.022 0.013 0.078 0.232 0.02 0.032 0.28 0.011 0.023 0.026 0.012 0.058 0.066
25 C 0.052 0.019 0.016 0.015 0.318 0.014 0.018 0.027 0.015 0.054 0.133 0.022 0.022 0.046 0.015 0.033 0.032 0.009 0.085 0.058
26 L 0.051 0.022 0.014 0.015 0.016 0.015 0.02 0.021 0.009 0.125 0.301 0.024 0.039 0.044 0.014 0.026 0.037 0.006 0.02 0.183
27 L 0.042 0.021 0.013 0.015 0.015 0.014 0.018 0.02 0.009 0.15 0.368 0.023 0.044 0.049 0.013 0.023 0.032 0.006 0.02 0.104
28 A 0.28 0.026 0.022 0.025 0.018 0.021 0.034 0.063 0.014 0.044 0.065 0.036 0.018 0.102 0.024 0.068 0.042 0.007 0.029 0.061
29 A 0.295 0.03 0.029 0.031 0.019 0.025 0.04 0.07 0.015 0.038 0.052 0.043 0.016 0.02 0.028 0.118 0.052 0.005 0.016 0.059
30 F 0.047 0.021 0.025 0.023 0.011 0.014 0.023 0.131 0.014 0.049 0.081 0.025 0.02 0.267 0.014 0.041 0.08 0.011 0.055 0.048
31 L 0.045 0.022 0.019 0.019 0.014 0.016 0.022 0.024 0.011 0.129 0.233 0.026 0.034 0.119 0.015 0.036 0.085 0.008 0.032 0.092
32 P 0.072 0.029 0.033 0.035 0.012 0.024 0.04 0.045 0.014 0.025 0.036 0.043 0.012 0.015 0.33 0.135 0.05 0.003 0.014 0.033
33 L 0.041 0.022 0.013 0.014 0.015 0.015 0.019 0.02 0.009 0.107 0.422 0.023 0.046 0.051 0.013 0.022 0.031 0.007 0.021 0.089
34 G 0.071 0.026 0.038 0.033 0.013 0.021 0.029 0.344 0.013 0.03 0.04 0.036 0.013 0.018 0.021 0.063 0.137 0.005 0.013 0.04
35 S 0.089 0.038 0.114 0.052 0.015 0.031 0.048 0.061 0.02 0.026 0.037 0.05 0.014 0.019 0.026 0.235 0.07 0.005 0.016 0.036
36 T 0.071 0.047 0.042 0.038 0.015 0.031 0.045 0.044 0.015 0.04 0.052 0.102 0.017 0.02 0.026 0.117 0.204 0.005 0.016 0.053
37 F 0.038 0.018 0.014 0.016 0.013 0.012 0.017 0.021 0.011 0.175 0.189 0.02 0.032 0.199 0.012 0.023 0.03 0.01 0.045 0.104
38 G 0.072 0.021 0.036 0.031 0.01 0.018 0.024 0.546 0.012 0.018 0.026 0.031 0.009 0.015 0.018 0.048 0.028 0.005 0.01 0.022
39 V 0.12 0.022 0.017 0.019 0.018 0.017 0.025 0.033 0.009 0.13 0.108 0.028 0.027 0.03 0.018 0.04 0.046 0.005 0.019 0.271
40 I 0.088 0.022 0.02 0.021 0.016 0.017 0.023 0.03 0.01 0.217 0.141 0.029 0.029 0.035 0.018 0.043 0.091 0.005 0.018 0.126
41 F 0.043 0.018 0.015 0.016 0.013 0.012 0.018 0.022 0.011 0.184 0.129 0.021 0.029 0.196 0.012 0.025 0.033 0.009 0.044 0.15
42 S 0.129 0.031 0.036 0.034 0.016 0.024 0.038 0.052 0.016 0.041 0.06 0.04 0.017 0.103 0.024 0.149 0.105 0.007 0.029 0.052
43 W 0.028 0.021 0.014 0.014 0.007 0.014 0.021 0.028 0.014 0.028 0.049 0.021 0.014 0.056 0.007 0.021 0.021 0.53 0.063 0.028
44 L 0.056 0.019 0.019 0.019 0.116 0.014 0.019 0.128 0.009 0.129 0.157 0.024 0.027 0.032 0.015 0.032 0.035 0.005 0.016 0.13
45 I 0.063 0.021 0.022 0.022 0.117 0.016 0.024 0.03 0.01 0.174 0.106 0.027 0.025 0.031 0.017 0.078 0.046 0.005 0.017 0.148
46 L 0.038 0.019 0.014 0.015 0.013 0.012 0.018 0.021 0.012 0.131 0.242 0.021 0.035 0.201 0.012 0.023 0.029 0.01 0.045 0.089
47 P 0.053 0.024 0.022 0.029 0.01 0.019 0.034 0.034 0.012 0.024 0.034 0.038 0.01 0.012 0.531 0.041 0.034 0.002 0.012 0.029
48 L 0.091 0.023 0.018 0.019 0.016 0.017 0.023 0.03 0.01 0.145 0.234 0.027 0.034 0.039 0.017 0.049 0.04 0.006 0.019 0.144
49 I 0.045 0.019 0.014 0.016 0.015 0.013 0.018 0.021 0.01 0.194 0.192 0.022 0.033 0.12 0.013 0.025 0.035 0.008 0.032 0.158
50 A 0.172 0.026 0.025 0.026 0.016 0.02 0.032 0.05 0.014 0.098 0.082 0.034 0.021 0.107 0.021 0.096 0.046 0.007 0.03 0.076
51 I 0.041 0.017 0.014 0.016 0.014 0.012 0.017 0.02 0.01 0.272 0.146 0.021 0.032 0.119 0.013 0.023 0.034 0.008 0.032 0.141
52 I 0.045 0.022 0.021 0.02 0.013 0.016 0.023 0.025 0.018 0.145 0.126 0.027 0.026 0.132 0.015 0.037 0.085 0.012 0.101 0.092
53 C 0.065 0.016 0.016 0.016 0.487 0.012 0.016 0.032 0.008 0.044 0.065 0.02 0.016 0.02 0.016 0.04 0.036 0.004 0.012 0.057
54 F 0.034 0.019 0.017 0.017 0.011 0.011 0.019 0.025 0.017 0.063 0.113 0.019 0.025 0.391 0.011 0.025 0.025 0.017 0.088 0.055
55 G 0.078 0.023 0.039 0.033 0.011 0.019 0.025 0.513 0.013 0.019 0.028 0.033 0.009 0.016 0.019 0.051 0.03 0.005 0.011 0.024
56 F 0.047 0.022 0.02 0.019 0.014 0.015 0.022 0.026 0.012 0.085 0.163 0.025 0.028 0.194 0.015 0.037 0.085 0.01 0.044 0.116
57 T 0.075 0.031 0.041 0.036 0.015 0.025 0.036 0.146 0.014 0.039 0.049 0.041 0.016 0.02 0.024 0.117 0.202 0.005 0.015 0.052
58 L 0.044 0.021 0.014 0.015 0.015 0.014 0.019 0.021 0.01 0.106 0.298 0.022 0.038 0.123 0.013 0.024 0.032 0.008 0.033 0.128
59 L 0.042 0.021 0.013 0.015 0.015 0.014 0.018 0.02 0.009 0.15 0.368 0.023 0.044 0.049 0.013 0.023 0.032 0.006 0.02 0.104
60 H 0.045 0.06 0.099 0.047 0.009 0.034 0.1 0.035 0.102 0.042 0.051 0.049 0.016 0.042 0.018 0.044 0.034 0.009 0.094 0.069
61 S 0.077 0.05 0.111 0.05 0.013 0.034 0.051 0.055 0.02 0.027 0.039 0.106 0.014 0.018 0.025 0.177 0.077 0.005 0.016 0.036
62 R 0.044 0.335 0.036 0.031 0.007 0.046 0.052 0.032 0.021 0.022 0.042 0.155 0.014 0.016 0.019 0.043 0.033 0.005 0.016 0.029
63 K 0.049 0.126 0.029 0.028 0.01 0.034 0.044 0.031 0.017 0.057 0.07 0.163 0.019 0.102 0.019 0.039 0.035 0.007 0.03 0.093
64 F 0.04 0.018 0.015 0.016 0.012 0.011 0.018 0.022 0.013 0.131 0.119 0.02 0.027 0.274 0.012 0.025 0.031 0.011 0.057 0.128
65 Y 0.041 0.042 0.123 0.042 0.008 0.077 0.05 0.038 0.108 0.028 0.045 0.048 0.015 0.053 0.018 0.045 0.033 0.012 0.141 0.032
66 R 0.049 0.187 0.033 0.029 0.011 0.035 0.043 0.032 0.017 0.089 0.068 0.124 0.019 0.022 0.02 0.048 0.088 0.005 0.017 0.063
67 R 0.054 0.203 0.037 0.034 0.009 0.043 0.053 0.038 0.019 0.044 0.049 0.185 0.016 0.017 0.022 0.075 0.04 0.005 0.016 0.04
68 G 0.12 0.024 0.031 0.028 0.012 0.019 0.027 0.347 0.019 0.027 0.039 0.033 0.012 0.037 0.019 0.05 0.031 0.009 0.083 0.035
69 I 0.043 0.018 0.014 0.016 0.014 0.013 0.018 0.021 0.01 0.205 0.194 0.022 0.034 0.12 0.013 0.024 0.034 0.008 0.032 0.147
70 I 0.046 0.02 0.015 0.016 0.014 0.015 0.02 0.021 0.015 0.19 0.183 0.024 0.032 0.057 0.014 0.026 0.035 0.01 0.089 0.157
71 F 0.04 0.022 0.016 0.016 0.013 0.016 0.02 0.023 0.013 0.105 0.197 0.024 0.089 0.201 0.012 0.026 0.03 0.01 0.046 0.08
72 F 0.102 0.021 0.017 0.018 0.014 0.015 0.023 0.032 0.012 0.083 0.162 0.025 0.028 0.194 0.015 0.036 0.034 0.01 0.044 0.116
73 F 0.04 0.019 0.015 0.016 0.013 0.012 0.018 0.022 0.012 0.134 0.181 0.02 0.031 0.224 0.012 0.024 0.031 0.01 0.049 0.117
74 L 0.041 0.021 0.016 0.017 0.012 0.014 0.02 0.025 0.012 0.12 0.205 0.023 0.031 0.124 0.012 0.04 0.032 0.113 0.041 0.081
75 S 0.076 0.029 0.036 0.034 0.015 0.023 0.036 0.045 0.015 0.093 0.076 0.038 0.02 0.106 0.021 0.176 0.058 0.007 0.03 0.066
76 I 0.045 0.018 0.014 0.016 0.015 0.013 0.018 0.021 0.01 0.223 0.156 0.022 0.032 0.118 0.013 0.025 0.036 0.008 0.032 0.168
77 I 0.069 0.019 0.016 0.018 0.015 0.013 0.02 0.026 0.011 0.198 0.132 0.023 0.03 0.133 0.014 0.03 0.037 0.008 0.035 0.153
78 F 0.042 0.019 0.015 0.016 0.013 0.012 0.018 0.022 0.011 0.14 0.182 0.021 0.031 0.198 0.012 0.025 0.032 0.01 0.045 0.136
79 L 0.04 0.02 0.014 0.015 0.014 0.013 0.018 0.02 0.01 0.141 0.305 0.022 0.039 0.125 0.013 0.023 0.031 0.008 0.033 0.096
80 I 0.055 0.02 0.019 0.02 0.117 0.015 0.021 0.026 0.009 0.19 0.113 0.026 0.026 0.032 0.017 0.04 0.091 0.005 0.017 0.143
81 L 0.114 0.025 0.023 0.024 0.016 0.019 0.028 0.038 0.012 0.136 0.201 0.032 0.031 0.036 0.019 0.085 0.045 0.006 0.018 0.094
82 N 0.054 0.038 0.234 0.059 0.011 0.03 0.042 0.054 0.024 0.037 0.062 0.047 0.054 0.023 0.02 0.101 0.05 0.005 0.016 0.04
83 Y 0.111 0.029 0.027 0.025 0.012 0.023 0.033 0.041 0.032 0.038 0.057 0.036 0.017 0.081 0.02 0.089 0.04 0.018 0.227 0.046
84 G 0.053 0.022 0.025 0.023 0.011 0.016 0.023 0.199 0.019 0.092 0.076 0.027 0.019 0.125 0.015 0.049 0.031 0.011 0.098 0.062
85 I 0.041 0.018 0.014 0.016 0.014 0.012 0.017 0.02 0.01 0.228 0.199 0.021 0.034 0.121 0.013 0.023 0.033 0.008 0.032 0.126
86 V 0.128 0.028 0.029 0.028 0.018 0.022 0.033 0.044 0.012 0.084 0.079 0.036 0.021 0.025 0.022 0.101 0.103 0.005 0.017 0.163
87 G 0.078 0.023 0.039 0.033 0.011 0.019 0.025 0.513 0.013 0.019 0.028 0.033 0.009 0.016 0.019 0.051 0.03 0.005 0.011 0.024
88 V 0.049 0.023 0.017 0.016 0.014 0.017 0.023 0.022 0.022 0.098 0.158 0.026 0.028 0.072 0.015 0.028 0.035 0.014 0.159 0.164
89 Q 0.058 0.052 0.038 0.038 0.01 0.172 0.07 0.04 0.023 0.032 0.055 0.064 0.019 0.098 0.021 0.091 0.043 0.007 0.031 0.038
90 Y 0.038 0.025 0.019 0.017 0.01 0.019 0.024 0.022 0.036 0.054 0.135 0.028 0.023 0.107 0.014 0.028 0.027 0.022 0.299 0.052
91 V 0.115 0.023 0.027 0.104 0.016 0.019 0.037 0.037 0.011 0.104 0.089 0.031 0.023 0.027 0.019 0.044 0.043 0.005 0.017 0.211
92 D 0.053 0.033 0.056 0.291 0.009 0.035 0.13 0.045 0.019 0.022 0.03 0.049 0.01 0.015 0.023 0.095 0.042 0.004 0.013 0.027
93 F 0.034 0.021 0.017 0.016 0.009 0.014 0.021 0.023 0.027 0.051 0.089 0.022 0.021 0.308 0.012 0.026 0.024 0.02 0.197 0.048
94 N 0.084 0.051 0.234 0.06 0.01 0.033 0.048 0.057 0.024 0.026 0.037 0.105 0.012 0.017 0.022 0.065 0.061 0.004 0.015 0.034
95 E 0.072 0.053 0.043 0.059 0.011 0.046 0.172 0.046 0.02 0.024 0.037 0.114 0.013 0.017 0.026 0.141 0.051 0.005 0.016 0.033
96 R 0.044 0.335 0.036 0.031 0.007 0.046 0.052 0.032 0.021 0.022 0.042 0.155 0.014 0.016 0.019 0.043 0.033 0.005 0.016 0.029
97 L 0.044 0.02 0.014 0.015 0.015 0.013 0.019 0.021 0.01 0.15 0.245 0.022 0.036 0.122 0.013 0.024 0.034 0.008 0.032 0.143
98 E 0.046 0.033 0.094 0.055 0.01 0.035 0.155 0.033 0.019 0.142 0.082 0.047 0.02 0.026 0.019 0.043 0.038 0.005 0.017 0.082
99 F 0.05 0.021 0.022 0.022 0.013 0.015 0.023 0.029 0.013 0.159 0.112 0.026 0.026 0.193 0.015 0.074 0.039 0.009 0.044 0.094
100 N 0.04 0.042 0.368 0.077 0.008 0.031 0.046 0.06 0.029 0.021 0.029 0.05 0.01 0.017 0.019 0.065 0.046 0.004 0.015 0.025
101 L 0.047 0.024 0.016 0.016 0.014 0.018 0.022 0.022 0.017 0.1 0.242 0.027 0.072 0.06 0.014 0.028 0.034 0.01 0.09 0.126
102 L 0.039 0.021 0.015 0.015 0.013 0.014 0.019 0.021 0.017 0.128 0.234 0.023 0.033 0.139 0.013 0.024 0.03 0.012 0.102 0.087
103 L 0.041 0.022 0.013 0.014 0.015 0.015 0.019 0.02 0.009 0.107 0.422 0.023 0.046 0.051 0.013 0.022 0.031 0.007 0.021 0.089
104 A 0.198 0.034 0.04 0.038 0.018 0.028 0.044 0.066 0.016 0.032 0.045 0.047 0.015 0.02 0.027 0.198 0.064 0.005 0.016 0.049
105 L 0.047 0.02 0.014 0.015 0.016 0.014 0.018 0.02 0.009 0.203 0.255 0.023 0.038 0.043 0.014 0.024 0.036 0.006 0.02 0.166
106 V 0.056 0.019 0.015 0.016 0.017 0.014 0.02 0.021 0.008 0.221 0.135 0.023 0.031 0.036 0.015 0.028 0.042 0.005 0.019 0.259
107 G 0.072 0.021 0.036 0.031 0.01 0.018 0.024 0.546 0.012 0.018 0.026 0.031 0.009 0.015 0.018 0.048 0.028 0.005 0.01 0.022
108 C 0.051 0.017 0.015 0.015 0.318 0.012 0.016 0.027 0.01 0.058 0.142 0.019 0.023 0.108 0.014 0.032 0.031 0.007 0.027 0.06
109 F 0.034 0.017 0.015 0.016 0.011 0.01 0.017 0.023 0.014 0.112 0.116 0.018 0.026 0.354 0.011 0.023 0.026 0.014 0.07 0.073
110 Y 0.046 0.028 0.026 0.022 0.011 0.022 0.029 0.028 0.037 0.044 0.064 0.033 0.018 0.099 0.018 0.044 0.091 0.021 0.268 0.05
111 V 0.052 0.024 0.017 0.017 0.015 0.018 0.023 0.024 0.012 0.11 0.142 0.027 0.106 0.118 0.014 0.03 0.038 0.008 0.033 0.174
112 A 0.19 0.029 0.033 0.032 0.119 0.024 0.037 0.06 0.014 0.035 0.05 0.04 0.015 0.02 0.025 0.15 0.056 0.005 0.015 0.052
113 V 0.052 0.019 0.014 0.016 0.016 0.014 0.019 0.021 0.008 0.212 0.195 0.023 0.035 0.04 0.014 0.026 0.039 0.006 0.019 0.212
114 V 0.073 0.023 0.026 0.025 0.117 0.018 0.026 0.137 0.011 0.078 0.073 0.03 0.019 0.024 0.018 0.085 0.046 0.005 0.015 0.152
115 F 0.033 0.019 0.015 0.015 0.011 0.011 0.018 0.023 0.014 0.068 0.169 0.019 0.028 0.356 0.01 0.023 0.025 0.014 0.07 0.059
116 F 0.033 0.02 0.017 0.016 0.01 0.013 0.02 0.024 0.023 0.055 0.097 0.021 0.022 0.347 0.011 0.025 0.025 0.019 0.152 0.05
117 S 0.077 0.039 0.177 0.058 0.013 0.031 0.047 0.061 0.022 0.025 0.035 0.05 0.013 0.018 0.024 0.192 0.064 0.005 0.016 0.033
118 R 0.063 0.146 0.032 0.028 0.013 0.03 0.039 0.036 0.021 0.06 0.066 0.062 0.019 0.039 0.019 0.093 0.046 0.009 0.074 0.105
119 K 0.063 0.15 0.04 0.036 0.01 0.038 0.049 0.143 0.018 0.023 0.038 0.156 0.013 0.016 0.022 0.093 0.042 0.005 0.015 0.03
120 L 0.037 0.024 0.085 0.027 0.012 0.016 0.024 0.029 0.016 0.07 0.217 0.026 0.03 0.197 0.013 0.031 0.031 0.01 0.044 0.061
121 N 0.057 0.036 0.178 0.135 0.011 0.029 0.052 0.053 0.021 0.028 0.037 0.047 0.012 0.018 0.022 0.108 0.1 0.004 0.014 0.035
122 F 0.048 0.021 0.022 0.022 0.012 0.014 0.024 0.03 0.015 0.106 0.102 0.025 0.024 0.271 0.014 0.074 0.037 0.011 0.056 0.071
123 F 0.046 0.027 0.1 0.117 0.011 0.021 0.041 0.039 0.017 0.093 0.075 0.034 0.019 0.132 0.017 0.07 0.039 0.007 0.033 0.061
124 D 0.041 0.03 0.069 0.401 0.007 0.03 0.091 0.046 0.019 0.022 0.028 0.045 0.009 0.015 0.022 0.052 0.035 0.004 0.011 0.024
125 K 0.057 0.106 0.041 0.041 0.009 0.053 0.07 0.043 0.021 0.027 0.043 0.283 0.015 0.015 0.027 0.053 0.039 0.005 0.017 0.033
126 S 0.066 0.045 0.045 0.118 0.011 0.032 0.055 0.046 0.023 0.028 0.041 0.1 0.014 0.038 0.023 0.136 0.049 0.009 0.085 0.035
127 L 0.039 0.022 0.014 0.014 0.014 0.014 0.018 0.02 0.011 0.097 0.359 0.022 0.041 0.127 0.012 0.023 0.029 0.008 0.033 0.081
128 S 0.068 0.042 0.033 0.032 0.014 0.027 0.039 0.04 0.014 0.124 0.112 0.095 0.023 0.028 0.022 0.13 0.052 0.005 0.017 0.08
129 R 0.051 0.204 0.038 0.034 0.009 0.043 0.053 0.036 0.019 0.029 0.045 0.186 0.015 0.017 0.023 0.054 0.088 0.005 0.016 0.037
130 A 0.282 0.027 0.022 0.025 0.019 0.022 0.034 0.062 0.013 0.053 0.128 0.038 0.022 0.026 0.025 0.067 0.043 0.005 0.017 0.069
131 I 0.044 0.016 0.014 0.016 0.015 0.012 0.016 0.019 0.008 0.325 0.155 0.022 0.034 0.041 0.014 0.023 0.037 0.005 0.019 0.164
132 D 0.045 0.059 0.092 0.208 0.008 0.039 0.089 0.043 0.02 0.023 0.033 0.161 0.011 0.015 0.023 0.051 0.036 0.004 0.014 0.026
133 I 0.045 0.035 0.018 0.02 0.014 0.02 0.027 0.023 0.011 0.207 0.203 0.084 0.033 0.038 0.016 0.028 0.035 0.006 0.019 0.117
134 V 0.065 0.025 0.025 0.024 0.017 0.019 0.027 0.03 0.01 0.123 0.099 0.031 0.025 0.029 0.019 0.052 0.148 0.005 0.018 0.21
135 L 0.042 0.021 0.013 0.015 0.015 0.014 0.018 0.02 0.009 0.15 0.368 0.023 0.044 0.049 0.013 0.023 0.032 0.006 0.02 0.104
136 L 0.064 0.027 0.028 0.027 0.014 0.02 0.03 0.037 0.014 0.08 0.188 0.033 0.028 0.114 0.018 0.125 0.048 0.008 0.031 0.066
137 I 0.109 0.02 0.016 0.019 0.017 0.015 0.022 0.031 0.009 0.222 0.126 0.026 0.029 0.035 0.017 0.036 0.041 0.005 0.019 0.186
138 N 0.048 0.041 0.262 0.064 0.009 0.032 0.047 0.056 0.102 0.022 0.032 0.048 0.012 0.019 0.02 0.088 0.046 0.005 0.022 0.026
139 L 0.052 0.02 0.014 0.015 0.117 0.014 0.018 0.023 0.008 0.135 0.234 0.022 0.034 0.038 0.014 0.028 0.036 0.005 0.018 0.154
140 L 0.052 0.018 0.014 0.016 0.117 0.013 0.018 0.022 0.008 0.179 0.18 0.022 0.031 0.036 0.014 0.028 0.037 0.005 0.018 0.169
141 L 0.1 0.023 0.016 0.017 0.015 0.016 0.022 0.031 0.011 0.084 0.285 0.026 0.036 0.121 0.015 0.034 0.032 0.008 0.032 0.076
142 F 0.031 0.018 0.016 0.016 0.01 0.01 0.018 0.024 0.016 0.059 0.106 0.018 0.024 0.432 0.01 0.024 0.024 0.016 0.082 0.051
143 L 0.051 0.025 0.022 0.021 0.013 0.018 0.026 0.029 0.019 0.068 0.21 0.029 0.029 0.135 0.016 0.075 0.037 0.012 0.102 0.062
144 I 0.045 0.019 0.015 0.017 0.015 0.015 0.018 0.02 0.01 0.279 0.161 0.024 0.072 0.042 0.014 0.025 0.037 0.006 0.02 0.148
145 Q 0.052 0.068 0.041 0.044 0.008 0.273 0.095 0.038 0.027 0.025 0.044 0.084 0.019 0.014 0.022 0.052 0.038 0.005 0.019 0.033
146 F 0.031 0.018 0.016 0.016 0.01 0.01 0.018 0.024 0.016 0.059 0.106 0.018 0.024 0.432 0.01 0.024 0.024 0.016 0.082 0.051
147 L 0.048 0.019 0.014 0.016 0.016 0.014 0.019 0.02 0.008 0.206 0.235 0.023 0.037 0.042 0.014 0.025 0.037 0.006 0.02 0.181
148 S 0.15 0.035 0.045 0.042 0.017 0.029 0.046 0.064 0.017 0.03 0.042 0.048 0.015 0.019 0.028 0.238 0.07 0.005 0.016 0.044
149 Y 0.036 0.024 0.019 0.017 0.009 0.017 0.024 0.023 0.036 0.045 0.075 0.026 0.019 0.204 0.013 0.027 0.025 0.023 0.292 0.045
150 Y 0.038 0.026 0.02 0.017 0.009 0.02 0.026 0.023 0.043 0.04 0.063 0.029 0.017 0.121 0.014 0.029 0.026 0.026 0.368 0.043
151 L 0.113 0.023 0.016 0.018 0.017 0.017 0.024 0.032 0.009 0.115 0.208 0.027 0.032 0.036 0.017 0.037 0.041 0.006 0.019 0.193
152 F 0.035 0.02 0.015 0.015 0.012 0.012 0.018 0.022 0.013 0.078 0.232 0.02 0.032 0.28 0.011 0.023 0.026 0.012 0.058 0.066
153 H 0.044 0.052 0.152 0.05 0.008 0.036 0.05 0.079 0.175 0.022 0.034 0.102 0.013 0.021 0.02 0.05 0.034 0.006 0.03 0.024
154 Y 0.035 0.023 0.018 0.017 0.009 0.016 0.023 0.023 0.032 0.048 0.08 0.024 0.02 0.246 0.013 0.027 0.025 0.022 0.254 0.046
155 R 0.043 0.115 0.095 0.036 0.009 0.032 0.04 0.035 0.024 0.087 0.066 0.109 0.018 0.042 0.018 0.041 0.036 0.009 0.087 0.058
156 L 0.043 0.019 0.013 0.015 0.015 0.013 0.017 0.019 0.009 0.238 0.262 0.022 0.039 0.045 0.013 0.023 0.034 0.006 0.02 0.134
157 D 0.038 0.028 0.064 0.442 0.007 0.028 0.085 0.043 0.017 0.021 0.026 0.041 0.009 0.014 0.021 0.048 0.033 0.003 0.01 0.022
158 Y 0.038 0.026 0.02 0.017 0.009 0.02 0.026 0.023 0.043 0.04 0.063 0.029 0.017 0.121 0.014 0.029 0.026 0.026 0.368 0.043
159 S 0.077 0.039 0.177 0.058 0.013 0.031 0.047 0.061 0.022 0.025 0.035 0.05 0.013 0.018 0.024 0.192 0.064 0.005 0.016 0.033
160 L 0.043 0.106 0.023 0.023 0.012 0.073 0.04 0.026 0.015 0.073 0.27 0.053 0.034 0.036 0.016 0.032 0.033 0.006 0.019 0.066
161 L 0.084 0.025 0.016 0.017 0.016 0.018 0.023 0.028 0.011 0.098 0.305 0.028 0.076 0.044 0.016 0.033 0.035 0.006 0.02 0.101
162 T 0.081 0.035 0.044 0.039 0.016 0.028 0.041 0.049 0.015 0.041 0.052 0.045 0.017 0.021 0.026 0.163 0.212 0.005 0.016 0.055
163 G 0.072 0.021 0.036 0.031 0.01 0.018 0.024 0.546 0.012 0.018 0.026 0.031 0.009 0.015 0.018 0.048 0.028 0.005 0.01 0.022
164 G 0.072 0.021 0.036 0.031 0.01 0.018 0.024 0.546 0.012 0.018 0.026 0.031 0.009 0.015 0.018 0.048 0.028 0.005 0.01 0.022
165 L 0.042 0.019 0.016 0.018 0.013 0.014 0.021 0.023 0.011 0.168 0.174 0.025 0.029 0.115 0.116 0.027 0.032 0.007 0.031 0.099
166 G 0.072 0.021 0.036 0.031 0.01 0.018 0.024 0.546 0.012 0.018 0.026 0.031 0.009 0.015 0.018 0.048 0.028 0.005 0.01 0.022
167 G 0.133 0.031 0.039 0.035 0.016 0.025 0.037 0.154 0.014 0.035 0.047 0.042 0.015 0.019 0.025 0.128 0.136 0.005 0.015 0.049
168 R 0.041 0.394 0.036 0.029 0.007 0.045 0.048 0.03 0.022 0.022 0.043 0.111 0.014 0.016 0.018 0.041 0.032 0.005 0.016 0.029
169 N 0.038 0.037 0.234 0.056 0.008 0.028 0.041 0.048 0.101 0.028 0.046 0.042 0.014 0.102 0.017 0.051 0.037 0.007 0.036 0.029
170 D 0.039 0.029 0.04 0.2 0.008 0.029 0.112 0.033 0.023 0.032 0.051 0.04 0.014 0.119 0.018 0.04 0.03 0.011 0.097 0.034
171 W 0.034 0.027 0.024 0.02 0.008 0.021 0.029 0.028 0.103 0.032 0.052 0.028 0.015 0.077 0.012 0.028 0.024 0.224 0.183 0.033
172 G 0.066 0.022 0.042 0.113 0.009 0.02 0.036 0.446 0.013 0.018 0.026 0.033 0.009 0.015 0.018 0.048 0.029 0.005 0.01 0.022
173 S 0.072 0.036 0.048 0.13 0.013 0.035 0.113 0.048 0.018 0.029 0.04 0.051 0.014 0.018 0.025 0.148 0.104 0.005 0.015 0.039
174 L 0.042 0.021 0.013 0.015 0.015 0.014 0.018 0.02 0.009 0.15 0.368 0.023 0.044 0.049 0.013 0.023 0.032 0.006 0.02 0.104
175 F 0.034 0.021 0.017 0.016 0.009 0.014 0.021 0.023 0.027 0.051 0.089 0.022 0.021 0.308 0.012 0.026 0.024 0.02 0.197 0.048
176 R 0.041 0.394 0.036 0.029 0.007 0.045 0.048 0.03 0.022 0.022 0.043 0.111 0.014 0.016 0.018 0.041 0.032 0.005 0.016 0.029
177 A 0.288 0.03 0.027 0.029 0.019 0.024 0.037 0.066 0.014 0.042 0.056 0.041 0.017 0.02 0.027 0.08 0.097 0.005 0.016 0.064
178 S 0.143 0.035 0.043 0.04 0.017 0.028 0.044 0.059 0.016 0.034 0.046 0.047 0.016 0.02 0.027 0.2 0.115 0.005 0.016 0.049
179 G 0.072 0.021 0.036 0.031 0.01 0.018 0.024 0.546 0.012 0.018 0.026 0.031 0.009 0.015 0.018 0.048 0.028 0.005 0.01 0.022
180 I 0.041 0.017 0.014 0.016 0.014 0.012 0.017 0.02 0.01 0.272 0.146 0.021 0.032 0.119 0.013 0.023 0.034 0.008 0.032 0.141
181 F 0.033 0.019 0.017 0.016 0.01 0.012 0.019 0.023 0.021 0.055 0.097 0.02 0.022 0.37 0.011 0.025 0.024 0.018 0.139 0.049
182 N 0.039 0.036 0.246 0.223 0.008 0.03 0.061 0.053 0.024 0.021 0.028 0.047 0.01 0.016 0.02 0.058 0.041 0.004 0.013 0.024
183 E 0.051 0.046 0.038 0.084 0.007 0.06 0.349 0.032 0.024 0.02 0.034 0.07 0.012 0.015 0.024 0.051 0.034 0.005 0.015 0.029
184 P 0.053 0.024 0.022 0.029 0.01 0.019 0.034 0.034 0.012 0.024 0.034 0.038 0.01 0.012 0.531 0.041 0.034 0.002 0.012 0.029
185 A 0.343 0.029 0.024 0.028 0.02 0.024 0.038 0.072 0.014 0.04 0.055 0.041 0.016 0.02 0.028 0.079 0.046 0.005 0.016 0.064
186 E 0.057 0.036 0.029 0.057 0.011 0.042 0.218 0.029 0.017 0.073 0.069 0.052 0.019 0.022 0.02 0.043 0.039 0.005 0.017 0.147
187 Y 0.036 0.024 0.019 0.017 0.009 0.018 0.024 0.023 0.038 0.044 0.072 0.027 0.019 0.183 0.014 0.028 0.025 0.024 0.311 0.045
188 S 0.15 0.035 0.045 0.042 0.017 0.029 0.046 0.064 0.017 0.03 0.042 0.048 0.015 0.019 0.028 0.238 0.07 0.005 0.016 0.044
189 S 0.079 0.033 0.036 0.034 0.016 0.027 0.038 0.046 0.016 0.056 0.144 0.041 0.062 0.031 0.022 0.178 0.059 0.006 0.018 0.058
190 A 0.221 0.034 0.034 0.031 0.015 0.028 0.042 0.058 0.169 0.032 0.047 0.042 0.015 0.023 0.024 0.063 0.038 0.006 0.031 0.047
191 I 0.046 0.022 0.016 0.017 0.015 0.018 0.02 0.022 0.011 0.232 0.166 0.026 0.11 0.042 0.014 0.027 0.037 0.006 0.02 0.132
192 V 0.124 0.027 0.029 0.028 0.017 0.022 0.032 0.043 0.012 0.119 0.086 0.036 0.022 0.027 0.022 0.099 0.101 0.005 0.017 0.131
193 V 0.12 0.023 0.022 0.022 0.119 0.018 0.026 0.038 0.01 0.087 0.083 0.03 0.022 0.025 0.02 0.053 0.095 0.005 0.016 0.166
194 L 0.041 0.022 0.013 0.014 0.015 0.015 0.019 0.02 0.009 0.107 0.422 0.023 0.046 0.051 0.013 0.022 0.031 0.007 0.021 0.089
195 V 0.057 0.021 0.02 0.02 0.016 0.016 0.022 0.025 0.009 0.201 0.122 0.027 0.029 0.034 0.017 0.039 0.093 0.005 0.019 0.208
196 V 0.073 0.026 0.027 0.026 0.017 0.02 0.03 0.034 0.011 0.107 0.092 0.033 0.024 0.028 0.02 0.091 0.103 0.005 0.018 0.215
197 I 0.057 0.026 0.023 0.023 0.015 0.021 0.027 0.03 0.013 0.173 0.143 0.032 0.106 0.038 0.017 0.078 0.045 0.006 0.02 0.107
198 R 0.052 0.193 0.034 0.031 0.01 0.038 0.047 0.035 0.018 0.04 0.117 0.144 0.021 0.023 0.02 0.071 0.039 0.005 0.017 0.043
199 Y 0.037 0.025 0.02 0.017 0.009 0.019 0.025 0.023 0.041 0.042 0.066 0.028 0.018 0.142 0.014 0.029 0.026 0.025 0.349 0.044
200 L 0.043 0.023 0.014 0.015 0.015 0.017 0.02 0.021 0.01 0.148 0.321 0.025 0.079 0.048 0.014 0.025 0.033 0.007 0.021 0.103
201 I 0.045 0.028 0.019 0.021 0.014 0.065 0.033 0.023 0.012 0.221 0.186 0.035 0.033 0.037 0.015 0.029 0.036 0.006 0.019 0.123
202 G 0.064 0.049 0.106 0.055 0.01 0.038 0.106 0.148 0.021 0.022 0.034 0.107 0.012 0.016 0.023 0.098 0.044 0.005 0.014 0.029
203 R 0.062 0.189 0.039 0.034 0.01 0.037 0.047 0.142 0.019 0.023 0.038 0.127 0.013 0.016 0.021 0.091 0.041 0.005 0.015 0.03
204 K 0.05 0.085 0.035 0.034 0.008 0.044 0.058 0.037 0.024 0.029 0.045 0.271 0.015 0.036 0.023 0.045 0.035 0.009 0.086 0.033
205 L 0.045 0.021 0.019 0.019 0.014 0.015 0.021 0.024 0.011 0.173 0.18 0.025 0.031 0.117 0.015 0.036 0.086 0.008 0.032 0.107
206 S 0.067 0.049 0.114 0.13 0.011 0.034 0.059 0.053 0.02 0.024 0.035 0.105 0.012 0.017 0.024 0.144 0.053 0.004 0.015 0.031
207 K 0.111 0.054 0.028 0.029 0.013 0.031 0.043 0.041 0.014 0.099 0.117 0.152 0.023 0.026 0.022 0.062 0.041 0.005 0.017 0.072
208 L 0.045 0.096 0.018 0.017 0.013 0.021 0.025 0.023 0.012 0.094 0.261 0.041 0.034 0.041 0.014 0.028 0.034 0.041 0.022 0.12
209 G 0.046 0.03 0.106 0.12 0.009 0.025 0.044 0.141 0.094 0.081 0.054 0.037 0.015 0.023 0.018 0.044 0.034 0.005 0.021 0.051
210 Y 0.041 0.096 0.021 0.019 0.011 0.022 0.027 0.023 0.025 0.15 0.096 0.043 0.023 0.068 0.015 0.029 0.032 0.014 0.158 0.088
211 I 0.049 0.019 0.014 0.016 0.016 0.014 0.018 0.02 0.008 0.235 0.199 0.023 0.035 0.041 0.014 0.025 0.038 0.006 0.019 0.191
212 A 0.191 0.033 0.038 0.036 0.018 0.027 0.042 0.062 0.015 0.037 0.05 0.045 0.016 0.02 0.027 0.16 0.109 0.005 0.016 0.054
213 L 0.041 0.022 0.013 0.014 0.015 0.015 0.019 0.02 0.009 0.107 0.422 0.023 0.046 0.051 0.013 0.022 0.031 0.007 0.021 0.089
214 L 0.066 0.022 0.014 0.016 0.016 0.015 0.02 0.024 0.009 0.141 0.302 0.025 0.039 0.044 0.015 0.028 0.036 0.006 0.02 0.144
215 T 0.08 0.031 0.039 0.035 0.117 0.025 0.037 0.047 0.014 0.039 0.052 0.041 0.016 0.02 0.024 0.153 0.158 0.005 0.015 0.052
216 L 0.053 0.026 0.02 0.02 0.016 0.019 0.024 0.026 0.011 0.102 0.241 0.029 0.072 0.04 0.016 0.039 0.089 0.006 0.02 0.13
217 L 0.108 0.025 0.017 0.018 0.017 0.019 0.024 0.032 0.011 0.1 0.24 0.029 0.072 0.04 0.017 0.038 0.038 0.006 0.02 0.13
218 L 0.043 0.024 0.014 0.015 0.015 0.017 0.02 0.021 0.01 0.104 0.374 0.025 0.081 0.049 0.014 0.025 0.032 0.007 0.021 0.088
219 S 0.102 0.037 0.05 0.045 0.016 0.031 0.049 0.061 0.018 0.028 0.039 0.05 0.015 0.019 0.028 0.278 0.076 0.005 0.016 0.039
220 F 0.031 0.018 0.016 0.016 0.01 0.01 0.018 0.024 0.016 0.059 0.106 0.018 0.024 0.432 0.01 0.024 0.024 0.016 0.082 0.051
221 S 0.102 0.037 0.05 0.045 0.016 0.031 0.049 0.061 0.018 0.028 0.039 0.05 0.015 0.019 0.028 0.278 0.076 0.005 0.016 0.039
222 F 0.034 0.017 0.015 0.016 0.011 0.01 0.017 0.023 0.014 0.112 0.116 0.018 0.026 0.354 0.011 0.023 0.026 0.014 0.07 0.073
223 V 0.061 0.02 0.015 0.016 0.017 0.015 0.021 0.022 0.008 0.187 0.128 0.024 0.03 0.035 0.015 0.029 0.044 0.005 0.019 0.291
224 G 0.127 0.023 0.034 0.03 0.012 0.019 0.026 0.452 0.013 0.022 0.032 0.033 0.01 0.016 0.02 0.054 0.031 0.005 0.011 0.031
225 I 0.048 0.017 0.014 0.016 0.016 0.013 0.017 0.02 0.008 0.29 0.148 0.022 0.033 0.039 0.014 0.025 0.039 0.005 0.019 0.196
226 F 0.036 0.017 0.015 0.016 0.012 0.011 0.017 0.022 0.013 0.165 0.126 0.019 0.028 0.276 0.011 0.023 0.029 0.012 0.057 0.096
227 Q 0.052 0.068 0.041 0.044 0.008 0.273 0.095 0.038 0.027 0.025 0.044 0.084 0.019 0.014 0.022 0.052 0.038 0.005 0.019 0.033
228 A 0.239 0.029 0.027 0.029 0.019 0.023 0.037 0.06 0.013 0.06 0.065 0.04 0.018 0.022 0.025 0.109 0.052 0.005 0.017 0.111
229 F 0.041 0.021 0.016 0.016 0.012 0.014 0.02 0.024 0.014 0.084 0.124 0.022 0.065 0.275 0.012 0.027 0.031 0.012 0.058 0.112
230 L 0.104 0.02 0.016 0.018 0.116 0.014 0.021 0.033 0.011 0.114 0.16 0.025 0.027 0.113 0.016 0.037 0.034 0.007 0.03 0.084
231 I 0.045 0.019 0.014 0.016 0.015 0.013 0.018 0.021 0.01 0.194 0.192 0.022 0.033 0.12 0.013 0.025 0.035 0.008 0.032 0.158
232 L 0.058 0.023 0.026 0.025 0.013 0.017 0.025 0.134 0.013 0.107 0.15 0.029 0.025 0.112 0.016 0.079 0.039 0.008 0.03 0.073
233 F 0.036 0.022 0.017 0.016 0.01 0.015 0.021 0.023 0.025 0.061 0.152 0.023 0.026 0.232 0.012 0.025 0.026 0.018 0.184 0.055
234 L 0.042 0.02 0.013 0.015 0.015 0.014 0.018 0.019 0.009 0.194 0.315 0.023 0.041 0.047 0.013 0.023 0.033 0.006 0.02 0.119
235 V 0.058 0.02 0.015 0.016 0.016 0.014 0.021 0.023 0.009 0.134 0.118 0.023 0.028 0.113 0.014 0.029 0.041 0.007 0.032 0.269
236 N 0.042 0.037 0.231 0.059 0.011 0.027 0.038 0.049 0.024 0.052 0.152 0.043 0.023 0.029 0.018 0.053 0.043 0.005 0.017 0.048
237 F 0.036 0.017 0.015 0.016 0.012 0.011 0.017 0.022 0.013 0.165 0.126 0.019 0.028 0.276 0.011 0.023 0.029 0.012 0.057 0.096
238 R 0.053 0.22 0.038 0.033 0.008 0.04 0.048 0.16 0.019 0.022 0.039 0.144 0.013 0.016 0.02 0.046 0.033 0.005 0.015 0.028
239 K 0.055 0.076 0.082 0.042 0.008 0.041 0.055 0.144 0.019 0.023 0.036 0.234 0.013 0.015 0.023 0.051 0.036 0.005 0.015 0.028
240 I 0.044 0.024 0.086 0.031 0.013 0.018 0.026 0.03 0.013 0.175 0.141 0.031 0.026 0.032 0.118 0.035 0.037 0.005 0.017 0.099
241 K 0.107 0.054 0.029 0.028 0.079 0.03 0.043 0.042 0.041 0.037 0.059 0.15 0.017 0.101 0.021 0.048 0.035 0.007 0.031 0.044
242 R 0.046 0.286 0.038 0.033 0.008 0.048 0.056 0.034 0.021 0.023 0.043 0.181 0.015 0.016 0.021 0.045 0.035 0.005 0.016 0.03
243 K 0.048 0.14 0.104 0.045 0.008 0.09 0.064 0.042 0.023 0.024 0.039 0.182 0.014 0.015 0.022 0.051 0.038 0.005 0.016 0.029
244 P 0.055 0.022 0.023 0.027 0.011 0.017 0.028 0.133 0.011 0.083 0.056 0.034 0.014 0.018 0.325 0.039 0.033 0.004 0.013 0.054
245 L 0.046 0.022 0.015 0.016 0.015 0.017 0.02 0.021 0.01 0.168 0.263 0.025 0.076 0.045 0.014 0.026 0.036 0.006 0.02 0.139
246 Y 0.038 0.023 0.018 0.016 0.011 0.017 0.022 0.023 0.028 0.063 0.162 0.025 0.027 0.18 0.013 0.026 0.027 0.019 0.204 0.058
247 I 0.05 0.018 0.014 0.017 0.016 0.014 0.018 0.02 0.008 0.256 0.171 0.023 0.034 0.041 0.014 0.025 0.039 0.006 0.02 0.196
248 F 0.033 0.018 0.016 0.016 0.01 0.01 0.018 0.025 0.016 0.061 0.111 0.018 0.025 0.407 0.01 0.025 0.025 0.016 0.086 0.053
249 P 0.049 0.022 0.017 0.021 0.012 0.016 0.025 0.027 0.011 0.073 0.143 0.028 0.024 0.108 0.22 0.032 0.033 0.006 0.029 0.104
250 L 0.056 0.024 0.022 0.022 0.015 0.019 0.025 0.029 0.012 0.175 0.191 0.03 0.07 0.039 0.017 0.076 0.044 0.006 0.019 0.108
251 V 0.053 0.019 0.014 0.016 0.016 0.014 0.019 0.021 0.008 0.201 0.192 0.023 0.034 0.039 0.014 0.026 0.04 0.006 0.019 0.223
252 G 0.063 0.02 0.026 0.024 0.013 0.016 0.021 0.301 0.01 0.126 0.08 0.027 0.02 0.026 0.016 0.038 0.034 0.005 0.014 0.12
253 C 0.058 0.016 0.015 0.016 0.32 0.012 0.017 0.026 0.008 0.12 0.091 0.02 0.022 0.026 0.015 0.033 0.037 0.004 0.014 0.129
254 L 0.046 0.023 0.015 0.015 0.015 0.017 0.02 0.021 0.01 0.125 0.316 0.025 0.078 0.046 0.014 0.026 0.035 0.006 0.021 0.125
255 L 0.049 0.019 0.015 0.016 0.177 0.013 0.018 0.025 0.01 0.124 0.201 0.022 0.032 0.079 0.014 0.029 0.034 0.007 0.025 0.093
256 L 0.11 0.023 0.016 0.018 0.017 0.017 0.024 0.032 0.01 0.108 0.207 0.027 0.032 0.063 0.017 0.037 0.039 0.006 0.023 0.175
257 V 0.072 0.021 0.015 0.017 0.016 0.015 0.021 0.026 0.01 0.117 0.174 0.024 0.031 0.116 0.015 0.031 0.038 0.007 0.032 0.205
258 V 0.102 0.021 0.016 0.018 0.014 0.015 0.023 0.033 0.012 0.121 0.097 0.025 0.023 0.116 0.015 0.035 0.035 0.112 0.04 0.126
259 L 0.099 0.022 0.016 0.017 0.015 0.015 0.022 0.031 0.012 0.11 0.229 0.025 0.032 0.145 0.015 0.034 0.033 0.009 0.036 0.084
260 L 0.131 0.024 0.022 0.022 0.117 0.018 0.027 0.042 0.013 0.056 0.137 0.03 0.023 0.108 0.019 0.075 0.04 0.007 0.029 0.061
261 F 0.031 0.018 0.016 0.016 0.01 0.01 0.018 0.024 0.016 0.059 0.106 0.018 0.024 0.432 0.01 0.024 0.024 0.016 0.082 0.051
262 F 0.041 0.043 0.097 0.037 0.01 0.028 0.039 0.036 0.095 0.09 0.073 0.093 0.019 0.106 0.017 0.04 0.034 0.007 0.037 0.058
263 D 0.038 0.028 0.064 0.442 0.007 0.028 0.085 0.043 0.017 0.021 0.026 0.041 0.009 0.014 0.021 0.048 0.033 0.003 0.01 0.022
264 L 0.04 0.031 0.156 0.04 0.011 0.023 0.031 0.037 0.024 0.059 0.193 0.035 0.026 0.051 0.016 0.041 0.036 0.009 0.088 0.054
265 F 0.038 0.018 0.014 0.016 0.013 0.012 0.017 0.021 0.011 0.175 0.189 0.02 0.032 0.199 0.012 0.023 0.03 0.01 0.045 0.104
266 I 0.042 0.02 0.015 0.016 0.014 0.014 0.019 0.02 0.015 0.224 0.19 0.024 0.033 0.059 0.014 0.024 0.033 0.01 0.089 0.125
267 Q 0.047 0.046 0.039 0.125 0.009 0.13 0.129 0.034 0.021 0.039 0.114 0.061 0.021 0.021 0.02 0.045 0.035 0.005 0.017 0.041
268 R 0.041 0.394 0.036 0.029 0.007 0.045 0.048 0.03 0.022 0.022 0.043 0.111 0.014 0.016 0.018 0.041 0.032 0.005 0.016 0.029
269 Y 0.038 0.026 0.02 0.017 0.009 0.02 0.026 0.023 0.043 0.04 0.063 0.029 0.017 0.121 0.014 0.029 0.026 0.026 0.368 0.043
270 D 0.044 0.041 0.105 0.132 0.009 0.081 0.119 0.039 0.021 0.039 0.111 0.054 0.019 0.022 0.02 0.048 0.036 0.005 0.016 0.04
271 A 0.148 0.039 0.029 0.04 0.014 0.079 0.107 0.045 0.018 0.047 0.122 0.052 0.022 0.024 0.023 0.057 0.056 0.005 0.018 0.056
272 F 0.031 0.018 0.016 0.016 0.01 0.01 0.018 0.024 0.016 0.059 0.106 0.018 0.024 0.432 0.01 0.024 0.024 0.016 0.082 0.051
273 I 0.049 0.021 0.015 0.017 0.016 0.017 0.02 0.022 0.01 0.229 0.156 0.025 0.083 0.04 0.014 0.027 0.039 0.006 0.02 0.175
274 L 0.115 0.031 0.074 0.061 0.015 0.025 0.038 0.047 0.016 0.058 0.145 0.039 0.062 0.03 0.02 0.094 0.046 0.006 0.018 0.06
275 G 0.072 0.021 0.036 0.031 0.01 0.018 0.024 0.546 0.012 0.018 0.026 0.031 0.009 0.015 0.018 0.048 0.028 0.005 0.01 0.022
276 G 0.072 0.028 0.105 0.043 0.011 0.023 0.033 0.352 0.017 0.02 0.029 0.039 0.01 0.016 0.02 0.097 0.041 0.005 0.012 0.026
277 D 0.038 0.028 0.064 0.442 0.007 0.028 0.085 0.043 0.017 0.021 0.026 0.041 0.009 0.014 0.021 0.048 0.033 0.003 0.01 0.022
278 G 0.072 0.021 0.036 0.031 0.01 0.018 0.024 0.546 0.012 0.018 0.026 0.031 0.009 0.015 0.018 0.048 0.028 0.005 0.01 0.022
279 S 0.102 0.037 0.05 0.045 0.016 0.031 0.049 0.061 0.018 0.028 0.039 0.05 0.015 0.019 0.028 0.278 0.076 0.005 0.016 0.039
280 N 0.04 0.042 0.368 0.077 0.008 0.031 0.046 0.06 0.029 0.021 0.029 0.05 0.01 0.017 0.019 0.065 0.046 0.004 0.015 0.025
281 N 0.04 0.042 0.368 0.077 0.008 0.031 0.046 0.06 0.029 0.021 0.029 0.05 0.01 0.017 0.019 0.065 0.046 0.004 0.015 0.025
282 T 0.068 0.033 0.04 0.035 0.016 0.026 0.036 0.04 0.013 0.049 0.06 0.042 0.018 0.022 0.026 0.086 0.302 0.005 0.016 0.066
283 K 0.053 0.099 0.038 0.038 0.008 0.05 0.066 0.04 0.019 0.026 0.04 0.332 0.014 0.014 0.026 0.05 0.037 0.005 0.016 0.03
284 L 0.043 0.019 0.013 0.015 0.015 0.013 0.017 0.019 0.009 0.238 0.262 0.022 0.039 0.045 0.013 0.023 0.034 0.006 0.02 0.134
285 D 0.041 0.031 0.059 0.37 0.007 0.034 0.137 0.041 0.019 0.021 0.028 0.047 0.009 0.014 0.021 0.049 0.033 0.004 0.011 0.024
286 T 0.068 0.033 0.04 0.035 0.016 0.026 0.036 0.04 0.013 0.049 0.06 0.042 0.018 0.022 0.026 0.086 0.302 0.005 0.016 0.066
287 I 0.04 0.018 0.014 0.016 0.014 0.012 0.017 0.02 0.01 0.225 0.178 0.021 0.033 0.147 0.013 0.023 0.033 0.008 0.036 0.124
288 N 0.039 0.038 0.298 0.065 0.008 0.029 0.042 0.053 0.032 0.025 0.036 0.046 0.012 0.038 0.018 0.057 0.042 0.009 0.085 0.029
289 F 0.036 0.029 0.094 0.032 0.009 0.021 0.031 0.033 0.101 0.04 0.068 0.031 0.018 0.206 0.014 0.036 0.029 0.014 0.12 0.038
290 F 0.033 0.019 0.015 0.015 0.011 0.011 0.018 0.023 0.014 0.068 0.169 0.019 0.028 0.356 0.01 0.023 0.025 0.014 0.07 0.059
291 L 0.04 0.02 0.014 0.015 0.014 0.013 0.018 0.02 0.01 0.141 0.305 0.022 0.039 0.125 0.013 0.023 0.031 0.008 0.033 0.096
292 N 0.052 0.051 0.172 0.056 0.01 0.127 0.065 0.049 0.025 0.027 0.04 0.063 0.015 0.016 0.021 0.076 0.079 0.005 0.017 0.034
293 N 0.058 0.037 0.174 0.053 0.01 0.029 0.043 0.153 0.098 0.022 0.032 0.045 0.012 0.019 0.02 0.099 0.044 0.005 0.022 0.026
294 P 0.068 0.028 0.03 0.031 0.014 0.022 0.035 0.038 0.012 0.055 0.057 0.039 0.016 0.02 0.226 0.095 0.098 0.004 0.015 0.097
295 D 0.047 0.06 0.048 0.209 0.007 0.043 0.13 0.04 0.019 0.023 0.033 0.163 0.012 0.014 0.023 0.049 0.035 0.004 0.014 0.027
296 Y 0.039 0.04 0.023 0.021 0.008 0.025 0.033 0.027 0.033 0.035 0.056 0.088 0.016 0.087 0.015 0.031 0.027 0.123 0.237 0.038
297 L 0.041 0.022 0.013 0.014 0.015 0.015 0.019 0.02 0.009 0.107 0.422 0.023 0.046 0.051 0.013 0.022 0.031 0.007 0.021 0.089
298 Y 0.036 0.023 0.018 0.016 0.01 0.017 0.023 0.023 0.031 0.052 0.119 0.025 0.022 0.17 0.013 0.026 0.026 0.055 0.244 0.05
299 G 0.064 0.021 0.032 0.028 0.01 0.016 0.023 0.407 0.014 0.029 0.047 0.029 0.013 0.116 0.016 0.043 0.027 0.008 0.029 0.03
300 G 0.072 0.021 0.036 0.031 0.01 0.018 0.024 0.546 0.012 0.018 0.026 0.031 0.009 0.015 0.018 0.048 0.028 0.005 0.01 0.022
301 A 0.221 0.028 0.022 0.023 0.015 0.022 0.033 0.053 0.026 0.04 0.058 0.036 0.017 0.06 0.022 0.059 0.038 0.013 0.157 0.056
302 G 0.072 0.021 0.036 0.031 0.01 0.018 0.024 0.546 0.012 0.018 0.026 0.031 0.009 0.015 0.018 0.048 0.028 0.005 0.01 0.022
303 L 0.041 0.022 0.013 0.014 0.015 0.015 0.019 0.02 0.009 0.107 0.422 0.023 0.046 0.051 0.013 0.022 0.031 0.007 0.021 0.089
304 I 0.109 0.022 0.017 0.019 0.017 0.018 0.024 0.032 0.01 0.187 0.134 0.028 0.067 0.036 0.017 0.038 0.041 0.006 0.019 0.16
305 G 0.072 0.021 0.036 0.031 0.01 0.018 0.024 0.546 0.012 0.018 0.026 0.031 0.009 0.015 0.018 0.048 0.028 0.005 0.01 0.022
306 Y 0.038 0.026 0.02 0.017 0.009 0.02 0.026 0.023 0.043 0.04 0.063 0.029 0.017 0.121 0.014 0.029 0.026 0.026 0.368 0.043
307 D 0.051 0.03 0.061 0.363 0.009 0.028 0.077 0.047 0.017 0.022 0.028 0.043 0.01 0.015 0.022 0.094 0.041 0.004 0.012 0.026
308 P 0.051 0.024 0.02 0.025 0.012 0.019 0.03 0.03 0.012 0.054 0.155 0.035 0.023 0.026 0.344 0.036 0.034 0.004 0.016 0.051
309 E 0.105 0.041 0.053 0.05 0.01 0.083 0.149 0.042 0.021 0.033 0.054 0.055 0.016 0.099 0.021 0.052 0.036 0.007 0.03 0.041
310 T 0.078 0.048 0.044 0.04 0.015 0.032 0.047 0.049 0.016 0.036 0.048 0.103 0.016 0.019 0.026 0.155 0.159 0.005 0.016 0.048
311 F 0.042 0.025 0.017 0.017 0.013 0.02 0.023 0.025 0.015 0.079 0.152 0.027 0.143 0.2 0.013 0.029 0.032 0.011 0.046 0.072
312 P 0.053 0.024 0.022 0.029 0.01 0.019 0.034 0.034 0.012 0.024 0.034 0.038 0.01 0.012 0.531 0.041 0.034 0.002 0.012 0.029
313 L 0.041 0.022 0.013 0.014 0.015 0.015 0.019 0.02 0.009 0.107 0.422 0.023 0.046 0.051 0.013 0.022 0.031 0.007 0.021 0.089
314 F 0.034 0.021 0.017 0.016 0.009 0.014 0.021 0.023 0.027 0.051 0.089 0.022 0.021 0.308 0.012 0.026 0.024 0.02 0.197 0.048
315 Y 0.041 0.026 0.019 0.018 0.011 0.02 0.024 0.024 0.026 0.065 0.119 0.028 0.101 0.153 0.014 0.03 0.03 0.016 0.173 0.062
316 Q 0.052 0.068 0.041 0.044 0.008 0.273 0.095 0.038 0.027 0.025 0.044 0.084 0.019 0.014 0.022 0.052 0.038 0.005 0.019 0.033
317 G 0.072 0.021 0.036 0.031 0.01 0.018 0.024 0.546 0.012 0.018 0.026 0.031 0.009 0.015 0.018 0.048 0.028 0.005 0.01 0.022
318 L 0.041 0.022 0.013 0.014 0.015 0.015 0.019 0.02 0.009 0.107 0.422 0.023 0.046 0.051 0.013 0.022 0.031 0.007 0.021 0.089
319 Y 0.038 0.026 0.02 0.017 0.009 0.02 0.026 0.023 0.043 0.04 0.063 0.029 0.017 0.121 0.014 0.029 0.026 0.026 0.368 0.043
320 D 0.038 0.028 0.064 0.442 0.007 0.028 0.085 0.043 0.017 0.021 0.026 0.041 0.009 0.014 0.021 0.048 0.033 0.003 0.01 0.022
