#Seq2Logo.py -f /work3/idamei/ssn-clusterings/clustering/2205111339/clusters/0006_33/sequences.afa -o /work3/idamei/ssn-clusterings/clustering/2205111339/clusters/0006_33/sequences.logo
#Position Specific Frequency Matrix
A R N D C Q E G H I L K M F P S T W Y V
0 L 0.051 0.031 0.02 0.02 0.016 0.027 0.027 0.027 0.016 0.098 0.192 0.035 0.181 0.047 0.016 0.035 0.039 0.008 0.024 0.09
1 L 0.045 0.041 0.021 0.021 0.013 0.024 0.031 0.026 0.019 0.082 0.255 0.079 0.036 0.061 0.017 0.031 0.033 0.011 0.083 0.072
2 I 0.061 0.03 0.102 0.041 0.015 0.023 0.034 0.043 0.017 0.154 0.101 0.038 0.025 0.031 0.02 0.087 0.052 0.005 0.018 0.104
3 K 0.057 0.107 0.042 0.042 0.009 0.054 0.071 0.043 0.021 0.028 0.043 0.278 0.016 0.016 0.028 0.054 0.04 0.005 0.017 0.033
4 Y 0.04 0.028 0.022 0.019 0.009 0.022 0.028 0.025 0.047 0.044 0.068 0.031 0.019 0.131 0.016 0.031 0.028 0.028 0.318 0.047
5 Y 0.04 0.028 0.022 0.019 0.009 0.022 0.028 0.025 0.047 0.044 0.068 0.031 0.019 0.131 0.016 0.031 0.028 0.028 0.318 0.047
6 E 0.055 0.05 0.04 0.09 0.007 0.064 0.296 0.035 0.026 0.022 0.037 0.076 0.013 0.017 0.026 0.055 0.037 0.006 0.017 0.031
7 N 0.043 0.045 0.317 0.083 0.009 0.034 0.049 0.065 0.032 0.022 0.032 0.054 0.011 0.018 0.02 0.07 0.049 0.004 0.016 0.027
8 N 0.043 0.045 0.317 0.083 0.009 0.034 0.049 0.065 0.032 0.022 0.032 0.054 0.011 0.018 0.02 0.07 0.049 0.004 0.016 0.027
9 L 0.045 0.024 0.014 0.015 0.016 0.016 0.02 0.021 0.01 0.115 0.375 0.025 0.05 0.055 0.014 0.024 0.033 0.007 0.022 0.096
10 D 0.041 0.03 0.069 0.397 0.008 0.03 0.091 0.047 0.019 0.022 0.028 0.045 0.009 0.015 0.022 0.052 0.035 0.004 0.011 0.024
11 R 0.045 0.345 0.039 0.031 0.008 0.048 0.052 0.033 0.023 0.023 0.047 0.12 0.016 0.017 0.019 0.045 0.035 0.006 0.017 0.031
12 K 0.06 0.088 0.041 0.04 0.011 0.046 0.062 0.043 0.019 0.034 0.048 0.228 0.016 0.017 0.027 0.062 0.094 0.005 0.017 0.042
13 E 0.052 0.042 0.094 0.132 0.009 0.046 0.186 0.042 0.023 0.027 0.038 0.06 0.013 0.017 0.024 0.062 0.076 0.005 0.015 0.035
14 K 0.055 0.092 0.037 0.037 0.01 0.048 0.062 0.04 0.019 0.039 0.067 0.252 0.043 0.02 0.025 0.049 0.039 0.006 0.018 0.042
15 L 0.049 0.021 0.016 0.017 0.094 0.015 0.02 0.024 0.016 0.118 0.154 0.024 0.029 0.113 0.014 0.029 0.035 0.011 0.082 0.118
16 L 0.052 0.032 0.027 0.044 0.013 0.032 0.12 0.029 0.015 0.131 0.142 0.044 0.027 0.033 0.02 0.045 0.074 0.006 0.019 0.095
17 N 0.052 0.041 0.242 0.131 0.01 0.032 0.056 0.061 0.027 0.023 0.032 0.051 0.011 0.018 0.022 0.094 0.051 0.004 0.015 0.028
18 L 0.041 0.02 0.015 0.016 0.014 0.013 0.019 0.022 0.012 0.154 0.222 0.022 0.036 0.166 0.013 0.024 0.032 0.01 0.043 0.107
19 L 0.043 0.024 0.014 0.015 0.016 0.016 0.02 0.021 0.01 0.113 0.391 0.025 0.048 0.053 0.014 0.024 0.033 0.007 0.022 0.094
20 E 0.052 0.045 0.044 0.142 0.007 0.057 0.276 0.036 0.024 0.022 0.034 0.069 0.012 0.016 0.025 0.053 0.036 0.005 0.015 0.029
21 Y 0.04 0.027 0.021 0.018 0.009 0.021 0.027 0.024 0.046 0.043 0.067 0.03 0.018 0.128 0.015 0.03 0.027 0.027 0.334 0.046
22 I 0.053 0.019 0.015 0.017 0.017 0.014 0.019 0.021 0.008 0.246 0.152 0.024 0.034 0.04 0.015 0.027 0.042 0.006 0.02 0.211
23 L 0.048 0.022 0.014 0.016 0.016 0.015 0.02 0.021 0.009 0.15 0.309 0.025 0.043 0.049 0.014 0.025 0.036 0.006 0.021 0.139
24 A 0.307 0.03 0.025 0.029 0.021 0.025 0.04 0.076 0.014 0.042 0.058 0.043 0.017 0.021 0.029 0.083 0.049 0.005 0.017 0.067
25 F 0.039 0.018 0.015 0.017 0.013 0.012 0.018 0.022 0.013 0.175 0.138 0.021 0.03 0.222 0.012 0.025 0.032 0.011 0.053 0.113
26 C 0.057 0.02 0.017 0.017 0.256 0.015 0.019 0.029 0.011 0.075 0.103 0.023 0.047 0.091 0.015 0.035 0.037 0.007 0.028 0.1
27 I 0.05 0.021 0.015 0.017 0.016 0.016 0.02 0.022 0.01 0.206 0.2 0.026 0.061 0.044 0.015 0.027 0.039 0.006 0.021 0.165
28 V 0.057 0.019 0.015 0.017 0.017 0.015 0.02 0.022 0.008 0.225 0.145 0.024 0.033 0.039 0.015 0.028 0.044 0.006 0.02 0.23
29 L 0.092 0.022 0.016 0.018 0.017 0.016 0.023 0.03 0.01 0.168 0.216 0.027 0.036 0.041 0.017 0.035 0.04 0.006 0.02 0.148
30 N 0.041 0.041 0.289 0.136 0.009 0.032 0.055 0.061 0.029 0.022 0.03 0.051 0.011 0.017 0.02 0.065 0.046 0.004 0.015 0.026
31 A 0.149 0.029 0.03 0.029 0.018 0.023 0.035 0.051 0.014 0.065 0.076 0.038 0.021 0.087 0.023 0.092 0.086 0.007 0.029 0.097
32 N 0.041 0.041 0.188 0.056 0.008 0.032 0.046 0.048 0.147 0.026 0.039 0.046 0.013 0.04 0.019 0.053 0.037 0.009 0.082 0.028
33 T 0.089 0.037 0.048 0.042 0.017 0.03 0.045 0.054 0.016 0.04 0.052 0.049 0.017 0.022 0.028 0.165 0.172 0.005 0.017 0.055
34 V 0.061 0.02 0.016 0.017 0.018 0.015 0.021 0.023 0.008 0.203 0.139 0.025 0.033 0.038 0.016 0.03 0.045 0.005 0.02 0.249
35 W 0.03 0.022 0.015 0.015 0.007 0.015 0.022 0.03 0.015 0.03 0.052 0.022 0.015 0.059 0.007 0.022 0.022 0.505 0.067 0.03
36 N 0.056 0.039 0.188 0.059 0.013 0.03 0.043 0.053 0.022 0.037 0.047 0.048 0.015 0.02 0.023 0.079 0.157 0.005 0.016 0.048
37 F 0.041 0.093 0.13 0.045 0.009 0.061 0.047 0.042 0.024 0.036 0.063 0.058 0.018 0.145 0.017 0.047 0.037 0.009 0.04 0.037
38 V 0.067 0.041 0.031 0.03 0.016 0.028 0.038 0.037 0.014 0.109 0.105 0.079 0.05 0.031 0.021 0.079 0.085 0.006 0.019 0.115
39 Y 0.055 0.034 0.08 0.045 0.011 0.031 0.081 0.039 0.029 0.074 0.067 0.044 0.019 0.059 0.02 0.074 0.043 0.013 0.123 0.06
40 S 0.11 0.04 0.054 0.049 0.018 0.033 0.052 0.066 0.019 0.03 0.042 0.054 0.016 0.021 0.03 0.22 0.082 0.005 0.018 0.042
41 D 0.041 0.03 0.069 0.397 0.008 0.03 0.091 0.047 0.019 0.022 0.028 0.045 0.009 0.015 0.022 0.052 0.035 0.004 0.011 0.024
42 L 0.048 0.019 0.014 0.016 0.096 0.014 0.018 0.022 0.009 0.189 0.223 0.023 0.037 0.043 0.014 0.027 0.036 0.006 0.019 0.127
43 G 0.077 0.1 0.044 0.039 0.013 0.035 0.048 0.128 0.018 0.03 0.043 0.099 0.015 0.019 0.025 0.119 0.088 0.005 0.016 0.039
44 K 0.058 0.078 0.041 0.049 0.01 0.08 0.11 0.041 0.021 0.03 0.045 0.182 0.016 0.017 0.026 0.059 0.076 0.005 0.017 0.038
45 K 0.057 0.107 0.042 0.042 0.009 0.054 0.071 0.043 0.021 0.028 0.043 0.278 0.016 0.016 0.028 0.054 0.04 0.005 0.017 0.033
46 L 0.046 0.036 0.02 0.02 0.013 0.022 0.028 0.025 0.017 0.145 0.203 0.07 0.034 0.056 0.016 0.03 0.035 0.01 0.073 0.102
47 N 0.046 0.034 0.183 0.115 0.011 0.027 0.046 0.047 0.021 0.06 0.106 0.042 0.02 0.026 0.018 0.052 0.043 0.005 0.016 0.081
48 L 0.061 0.027 0.026 0.024 0.015 0.02 0.029 0.034 0.012 0.083 0.177 0.032 0.029 0.041 0.018 0.072 0.08 0.089 0.027 0.102
49 I 0.044 0.02 0.015 0.017 0.015 0.015 0.019 0.021 0.015 0.218 0.185 0.025 0.035 0.059 0.014 0.025 0.036 0.01 0.073 0.138
50 L 0.046 0.022 0.016 0.017 0.014 0.015 0.021 0.022 0.016 0.13 0.208 0.024 0.034 0.119 0.014 0.027 0.034 0.011 0.084 0.124
51 L 0.054 0.028 0.024 0.023 0.016 0.021 0.027 0.029 0.012 0.119 0.211 0.033 0.059 0.041 0.019 0.048 0.112 0.006 0.02 0.098
52 L 0.043 0.02 0.015 0.016 0.015 0.013 0.018 0.021 0.01 0.192 0.231 0.023 0.038 0.106 0.014 0.024 0.034 0.008 0.032 0.126
53 I 0.056 0.018 0.015 0.017 0.097 0.014 0.019 0.023 0.008 0.205 0.135 0.023 0.031 0.036 0.015 0.03 0.041 0.005 0.019 0.191
54 I 0.067 0.024 0.026 0.025 0.097 0.019 0.027 0.034 0.011 0.144 0.104 0.031 0.026 0.031 0.019 0.075 0.084 0.005 0.018 0.133
55 L 0.043 0.024 0.014 0.015 0.016 0.016 0.02 0.021 0.01 0.113 0.391 0.025 0.048 0.053 0.014 0.024 0.033 0.007 0.022 0.094
56 L 0.087 0.024 0.018 0.019 0.014 0.018 0.025 0.031 0.022 0.136 0.152 0.029 0.029 0.069 0.017 0.036 0.036 0.013 0.125 0.099
57 L 0.049 0.02 0.014 0.016 0.016 0.014 0.019 0.021 0.009 0.209 0.233 0.024 0.039 0.045 0.014 0.025 0.038 0.006 0.021 0.165
58 L 0.043 0.024 0.015 0.015 0.015 0.017 0.021 0.021 0.016 0.101 0.337 0.026 0.043 0.066 0.014 0.025 0.032 0.01 0.074 0.086
59 G 0.056 0.023 0.032 0.089 0.013 0.02 0.034 0.193 0.013 0.122 0.1 0.032 0.047 0.03 0.017 0.039 0.035 0.006 0.016 0.084
60 I 0.043 0.019 0.015 0.017 0.015 0.013 0.018 0.021 0.01 0.222 0.193 0.023 0.036 0.105 0.014 0.024 0.035 0.008 0.031 0.14
61 L 0.044 0.022 0.015 0.017 0.015 0.016 0.02 0.022 0.012 0.16 0.235 0.025 0.062 0.107 0.014 0.026 0.034 0.008 0.032 0.113
62 S 0.134 0.035 0.042 0.04 0.018 0.028 0.044 0.06 0.016 0.053 0.058 0.047 0.018 0.023 0.027 0.178 0.069 0.005 0.018 0.086
63 L 0.057 0.023 0.021 0.022 0.016 0.017 0.024 0.029 0.012 0.157 0.166 0.028 0.032 0.099 0.016 0.061 0.044 0.008 0.031 0.137
64 K 0.049 0.071 0.134 0.05 0.01 0.04 0.054 0.046 0.022 0.04 0.096 0.169 0.019 0.022 0.022 0.053 0.041 0.005 0.017 0.04
65 N 0.047 0.035 0.141 0.11 0.009 0.029 0.048 0.126 0.085 0.025 0.037 0.043 0.012 0.037 0.019 0.051 0.036 0.009 0.074 0.028
66 L 0.045 0.02 0.014 0.016 0.016 0.014 0.018 0.02 0.009 0.201 0.277 0.024 0.042 0.048 0.014 0.024 0.036 0.006 0.021 0.133
67 L 0.048 0.048 0.023 0.024 0.013 0.027 0.035 0.028 0.013 0.143 0.199 0.114 0.033 0.037 0.018 0.033 0.037 0.006 0.02 0.099
68 R 0.056 0.159 0.139 0.052 0.01 0.041 0.053 0.05 0.024 0.024 0.039 0.115 0.014 0.017 0.022 0.086 0.047 0.005 0.016 0.031
69 N 0.047 0.06 0.183 0.057 0.01 0.036 0.05 0.049 0.024 0.068 0.057 0.129 0.016 0.021 0.021 0.055 0.043 0.005 0.017 0.053
70 K 0.054 0.134 0.037 0.037 0.009 0.046 0.06 0.039 0.019 0.026 0.042 0.223 0.014 0.015 0.105 0.049 0.037 0.005 0.016 0.031
71 K 0.052 0.19 0.04 0.037 0.008 0.051 0.063 0.039 0.021 0.026 0.043 0.236 0.015 0.016 0.024 0.049 0.037 0.005 0.017 0.031
72 E 0.047 0.089 0.08 0.054 0.01 0.039 0.127 0.034 0.02 0.111 0.079 0.061 0.021 0.026 0.02 0.045 0.039 0.005 0.017 0.077
73 F 0.037 0.019 0.016 0.016 0.012 0.012 0.019 0.023 0.014 0.108 0.167 0.02 0.031 0.284 0.012 0.025 0.028 0.013 0.065 0.08
74 L 0.049 0.036 0.024 0.024 0.014 0.022 0.03 0.028 0.013 0.138 0.156 0.072 0.03 0.097 0.018 0.04 0.073 0.008 0.03 0.099
75 K 0.056 0.076 0.032 0.033 0.011 0.04 0.053 0.035 0.016 0.093 0.077 0.205 0.021 0.023 0.023 0.044 0.04 0.005 0.018 0.098
76 L 0.097 0.028 0.025 0.024 0.017 0.021 0.029 0.037 0.012 0.081 0.226 0.034 0.033 0.038 0.021 0.056 0.113 0.006 0.02 0.081
77 L 0.059 0.026 0.026 0.024 0.014 0.019 0.027 0.112 0.018 0.101 0.18 0.031 0.029 0.052 0.017 0.065 0.04 0.01 0.071 0.078
78 I 0.048 0.021 0.016 0.017 0.015 0.015 0.02 0.022 0.015 0.197 0.179 0.025 0.034 0.058 0.015 0.027 0.037 0.009 0.073 0.157
79 L 0.048 0.021 0.014 0.016 0.016 0.015 0.019 0.021 0.009 0.179 0.271 0.024 0.041 0.047 0.014 0.025 0.037 0.006 0.021 0.152
80 L 0.063 0.026 0.03 0.028 0.014 0.019 0.028 0.116 0.013 0.094 0.133 0.033 0.025 0.093 0.019 0.075 0.078 0.008 0.029 0.076
81 L 0.061 0.027 0.026 0.026 0.016 0.021 0.029 0.033 0.012 0.145 0.169 0.034 0.056 0.038 0.019 0.073 0.082 0.006 0.02 0.106
82 F 0.056 0.025 0.026 0.025 0.014 0.018 0.027 0.033 0.014 0.101 0.147 0.03 0.028 0.157 0.017 0.071 0.078 0.009 0.042 0.081
83 L 0.049 0.02 0.014 0.016 0.016 0.014 0.019 0.021 0.009 0.209 0.233 0.024 0.039 0.045 0.014 0.025 0.038 0.006 0.021 0.165
84 F 0.066 0.026 0.028 0.027 0.015 0.019 0.03 0.037 0.015 0.105 0.099 0.032 0.024 0.154 0.018 0.097 0.049 0.009 0.041 0.108
85 I 0.059 0.023 0.021 0.022 0.017 0.017 0.024 0.028 0.01 0.195 0.175 0.029 0.034 0.04 0.017 0.061 0.046 0.006 0.02 0.156
86 Y 0.038 0.026 0.02 0.018 0.009 0.019 0.026 0.024 0.041 0.046 0.074 0.028 0.019 0.173 0.014 0.029 0.027 0.026 0.293 0.047
87 N 0.042 0.044 0.334 0.081 0.009 0.033 0.048 0.064 0.031 0.022 0.031 0.053 0.011 0.018 0.02 0.068 0.048 0.004 0.015 0.026
88 L 0.046 0.022 0.016 0.017 0.014 0.015 0.021 0.024 0.013 0.131 0.183 0.024 0.058 0.164 0.013 0.027 0.035 0.01 0.043 0.125
89 I 0.093 0.021 0.016 0.019 0.017 0.016 0.022 0.03 0.01 0.197 0.178 0.027 0.034 0.04 0.017 0.035 0.041 0.006 0.02 0.161
90 F 0.034 0.02 0.017 0.017 0.01 0.012 0.02 0.025 0.021 0.059 0.104 0.021 0.024 0.356 0.011 0.026 0.025 0.018 0.128 0.052
91 I 0.089 0.021 0.016 0.019 0.017 0.015 0.021 0.03 0.01 0.218 0.184 0.027 0.035 0.041 0.017 0.034 0.039 0.006 0.02 0.142
92 L 0.061 0.027 0.026 0.026 0.016 0.021 0.029 0.033 0.012 0.145 0.169 0.034 0.056 0.038 0.019 0.073 0.082 0.006 0.02 0.106
93 F 0.037 0.018 0.016 0.017 0.012 0.011 0.018 0.023 0.014 0.137 0.129 0.02 0.028 0.282 0.012 0.025 0.029 0.013 0.064 0.093
94 N 0.058 0.041 0.238 0.068 0.012 0.032 0.047 0.06 0.026 0.028 0.038 0.051 0.013 0.019 0.022 0.1 0.09 0.005 0.016 0.036
95 G 0.069 0.034 0.035 0.034 0.012 0.057 0.043 0.201 0.016 0.038 0.095 0.045 0.019 0.022 0.101 0.077 0.041 0.005 0.015 0.041
96 S 0.071 0.088 0.036 0.041 0.014 0.034 0.084 0.04 0.017 0.092 0.076 0.057 0.021 0.025 0.022 0.105 0.053 0.005 0.018 0.1
97 K 0.057 0.107 0.042 0.042 0.009 0.054 0.071 0.043 0.021 0.028 0.043 0.278 0.016 0.016 0.028 0.054 0.04 0.005 0.017 0.033
98 V 0.07 0.022 0.016 0.018 0.019 0.016 0.023 0.025 0.008 0.165 0.13 0.026 0.032 0.036 0.016 0.033 0.049 0.006 0.021 0.269
99 N 0.069 0.039 0.191 0.062 0.012 0.03 0.045 0.14 0.024 0.024 0.034 0.049 0.012 0.018 0.023 0.122 0.056 0.005 0.015 0.031
100 K 0.097 0.109 0.033 0.032 0.013 0.036 0.047 0.043 0.017 0.077 0.069 0.137 0.02 0.022 0.024 0.058 0.077 0.005 0.018 0.067
101 G 0.062 0.053 0.084 0.041 0.011 0.032 0.043 0.203 0.018 0.046 0.05 0.123 0.015 0.019 0.021 0.051 0.039 0.005 0.015 0.071
102 N 0.054 0.037 0.142 0.122 0.01 0.034 0.094 0.129 0.022 0.026 0.036 0.05 0.012 0.017 0.022 0.064 0.077 0.005 0.014 0.033
103 F 0.034 0.02 0.017 0.017 0.01 0.012 0.02 0.025 0.021 0.059 0.104 0.021 0.024 0.356 0.011 0.026 0.025 0.018 0.128 0.052
104 I 0.046 0.017 0.014 0.017 0.016 0.013 0.017 0.02 0.009 0.289 0.164 0.023 0.036 0.043 0.014 0.024 0.039 0.006 0.02 0.172
105 L 0.045 0.019 0.014 0.016 0.016 0.014 0.018 0.02 0.009 0.23 0.239 0.024 0.04 0.047 0.014 0.024 0.037 0.006 0.021 0.146
106 D 0.058 0.032 0.093 0.165 0.012 0.028 0.055 0.045 0.018 0.059 0.074 0.042 0.043 0.025 0.021 0.079 0.047 0.005 0.016 0.082
107 F 0.033 0.019 0.016 0.016 0.01 0.01 0.019 0.025 0.016 0.062 0.111 0.019 0.025 0.402 0.01 0.025 0.025 0.016 0.087 0.054
108 L 0.055 0.023 0.019 0.019 0.015 0.018 0.022 0.106 0.011 0.132 0.215 0.028 0.059 0.041 0.015 0.032 0.037 0.006 0.02 0.127
109 V 0.099 0.022 0.017 0.019 0.017 0.016 0.024 0.032 0.011 0.146 0.119 0.027 0.028 0.095 0.017 0.038 0.043 0.007 0.031 0.192
110 I 0.049 0.019 0.015 0.017 0.016 0.014 0.019 0.021 0.009 0.238 0.196 0.024 0.037 0.043 0.015 0.026 0.039 0.006 0.02 0.178
111 L 0.041 0.023 0.016 0.016 0.014 0.016 0.021 0.022 0.017 0.092 0.29 0.025 0.039 0.124 0.013 0.025 0.03 0.012 0.085 0.079
112 L 0.059 0.024 0.021 0.022 0.017 0.018 0.025 0.028 0.011 0.165 0.213 0.029 0.036 0.041 0.017 0.061 0.045 0.006 0.02 0.143
113 G 0.057 0.029 0.027 0.034 0.013 0.026 0.072 0.191 0.014 0.064 0.177 0.037 0.051 0.034 0.018 0.039 0.033 0.006 0.017 0.059
114 F 0.035 0.019 0.016 0.016 0.011 0.011 0.019 0.024 0.015 0.07 0.158 0.02 0.029 0.344 0.011 0.025 0.026 0.015 0.076 0.06
115 I 0.048 0.021 0.019 0.02 0.015 0.015 0.021 0.025 0.011 0.182 0.176 0.026 0.033 0.101 0.016 0.035 0.073 0.008 0.031 0.122
116 I 0.044 0.02 0.015 0.017 0.015 0.015 0.019 0.021 0.015 0.218 0.185 0.025 0.035 0.059 0.014 0.025 0.036 0.01 0.073 0.138
117 Y 0.04 0.027 0.021 0.018 0.009 0.021 0.027 0.024 0.046 0.043 0.067 0.03 0.018 0.128 0.015 0.03 0.027 0.027 0.334 0.046
118 S 0.085 0.038 0.094 0.048 0.014 0.031 0.047 0.058 0.025 0.03 0.044 0.049 0.015 0.038 0.025 0.176 0.066 0.009 0.07 0.039
119 L 0.055 0.023 0.021 0.022 0.016 0.017 0.024 0.028 0.011 0.187 0.219 0.029 0.037 0.043 0.017 0.06 0.044 0.006 0.02 0.124
120 Y 0.047 0.025 0.031 0.086 0.01 0.021 0.036 0.11 0.029 0.076 0.07 0.032 0.018 0.076 0.017 0.036 0.031 0.016 0.174 0.059
121 K 0.053 0.066 0.081 0.039 0.091 0.036 0.049 0.04 0.018 0.043 0.102 0.164 0.02 0.023 0.022 0.048 0.039 0.005 0.017 0.045
122 I 0.047 0.075 0.019 0.019 0.014 0.019 0.024 0.024 0.012 0.185 0.129 0.038 0.03 0.097 0.015 0.029 0.037 0.007 0.031 0.148
123 N 0.044 0.054 0.285 0.074 0.009 0.036 0.052 0.06 0.029 0.023 0.033 0.093 0.012 0.017 0.021 0.065 0.047 0.005 0.016 0.027
124 I 0.048 0.051 0.076 0.036 0.012 0.029 0.04 0.035 0.016 0.157 0.101 0.119 0.025 0.03 0.019 0.041 0.04 0.005 0.018 0.101
125 G 0.057 0.045 0.093 0.115 0.009 0.036 0.095 0.205 0.02 0.022 0.032 0.089 0.011 0.016 0.022 0.054 0.036 0.005 0.013 0.027
126 N 0.048 0.057 0.143 0.125 0.008 0.074 0.111 0.048 0.026 0.023 0.035 0.101 0.013 0.016 0.023 0.058 0.041 0.005 0.016 0.029
127 R 0.054 0.155 0.086 0.041 0.009 0.038 0.049 0.044 0.022 0.025 0.043 0.11 0.014 0.024 0.02 0.078 0.043 0.088 0.025 0.032
128 N 0.047 0.034 0.128 0.05 0.09 0.031 0.08 0.04 0.031 0.032 0.049 0.043 0.014 0.054 0.018 0.048 0.037 0.012 0.121 0.038
129 R 0.063 0.139 0.034 0.029 0.012 0.03 0.038 0.117 0.022 0.049 0.059 0.063 0.017 0.039 0.019 0.073 0.042 0.009 0.069 0.076
130 L 0.043 0.021 0.014 0.016 0.015 0.014 0.019 0.021 0.011 0.163 0.269 0.023 0.04 0.108 0.013 0.024 0.033 0.008 0.032 0.113
131 L 0.044 0.023 0.014 0.015 0.016 0.015 0.019 0.021 0.01 0.142 0.353 0.024 0.046 0.052 0.014 0.024 0.034 0.007 0.021 0.107
132 L 0.048 0.029 0.072 0.029 0.015 0.021 0.028 0.032 0.014 0.087 0.276 0.033 0.037 0.042 0.017 0.042 0.074 0.006 0.02 0.079
133 K 0.053 0.094 0.089 0.047 0.008 0.049 0.066 0.046 0.022 0.026 0.04 0.255 0.014 0.016 0.026 0.055 0.04 0.005 0.017 0.031
134 I 0.046 0.018 0.014 0.017 0.016 0.013 0.018 0.02 0.009 0.259 0.202 0.023 0.038 0.045 0.014 0.024 0.038 0.006 0.02 0.159
135 S 0.107 0.039 0.053 0.048 0.017 0.032 0.051 0.065 0.019 0.029 0.041 0.053 0.015 0.02 0.029 0.239 0.08 0.005 0.017 0.041
136 N 0.042 0.044 0.334 0.081 0.009 0.033 0.048 0.064 0.031 0.022 0.031 0.053 0.011 0.018 0.02 0.068 0.048 0.004 0.015 0.026
137 L 0.049 0.02 0.014 0.016 0.016 0.014 0.019 0.021 0.009 0.209 0.233 0.024 0.039 0.045 0.014 0.025 0.038 0.006 0.021 0.165
138 I 0.051 0.02 0.016 0.018 0.016 0.016 0.02 0.022 0.01 0.236 0.162 0.025 0.059 0.042 0.015 0.027 0.04 0.006 0.021 0.178
139 V 0.053 0.02 0.016 0.017 0.015 0.014 0.02 0.024 0.011 0.149 0.128 0.023 0.03 0.159 0.014 0.028 0.039 0.009 0.042 0.19
140 I 0.046 0.017 0.014 0.017 0.016 0.013 0.017 0.02 0.009 0.289 0.164 0.023 0.036 0.043 0.014 0.024 0.039 0.006 0.02 0.172
141 L 0.044 0.022 0.014 0.016 0.016 0.015 0.019 0.021 0.009 0.171 0.315 0.024 0.044 0.05 0.014 0.024 0.035 0.007 0.021 0.12
142 A 0.241 0.033 0.034 0.035 0.02 0.027 0.043 0.072 0.016 0.038 0.052 0.047 0.016 0.021 0.029 0.135 0.059 0.005 0.017 0.058
143 I 0.097 0.023 0.021 0.022 0.017 0.018 0.025 0.034 0.01 0.187 0.123 0.03 0.029 0.035 0.019 0.046 0.08 0.006 0.019 0.157
144 I 0.05 0.018 0.015 0.017 0.016 0.013 0.018 0.021 0.008 0.267 0.158 0.023 0.035 0.042 0.015 0.026 0.04 0.006 0.02 0.191
145 S 0.107 0.039 0.053 0.048 0.017 0.032 0.051 0.065 0.019 0.029 0.041 0.053 0.015 0.02 0.029 0.239 0.08 0.005 0.017 0.041
146 L 0.043 0.024 0.014 0.015 0.016 0.016 0.02 0.021 0.01 0.113 0.391 0.025 0.048 0.053 0.014 0.024 0.033 0.007 0.022 0.094
147 I 0.051 0.019 0.015 0.017 0.016 0.014 0.019 0.022 0.01 0.208 0.143 0.023 0.032 0.1 0.014 0.027 0.04 0.007 0.031 0.191
148 F 0.036 0.021 0.017 0.017 0.011 0.013 0.02 0.025 0.016 0.068 0.125 0.021 0.051 0.343 0.011 0.027 0.027 0.015 0.076 0.06
149 Y 0.038 0.026 0.02 0.018 0.009 0.019 0.026 0.024 0.041 0.046 0.074 0.028 0.019 0.173 0.014 0.029 0.027 0.026 0.293 0.047
150 L 0.045 0.019 0.015 0.017 0.014 0.013 0.019 0.022 0.011 0.162 0.178 0.022 0.033 0.163 0.013 0.026 0.035 0.009 0.043 0.139
151 F 0.042 0.02 0.02 0.019 0.011 0.013 0.02 0.107 0.015 0.063 0.144 0.022 0.026 0.279 0.012 0.029 0.027 0.013 0.063 0.055
152 G 0.082 0.025 0.041 0.035 0.012 0.021 0.029 0.446 0.014 0.02 0.03 0.036 0.01 0.017 0.02 0.082 0.037 0.005 0.012 0.027
153 S 0.095 0.035 0.045 0.041 0.017 0.029 0.044 0.054 0.016 0.055 0.059 0.047 0.019 0.023 0.026 0.18 0.106 0.005 0.018 0.087
154 I 0.053 0.023 0.068 0.028 0.016 0.017 0.024 0.029 0.012 0.202 0.129 0.029 0.03 0.036 0.016 0.034 0.044 0.005 0.019 0.186
155 L 0.047 0.024 0.016 0.016 0.015 0.017 0.021 0.023 0.012 0.11 0.267 0.026 0.064 0.107 0.014 0.027 0.035 0.008 0.033 0.119
156 K 0.049 0.074 0.14 0.053 0.008 0.043 0.059 0.048 0.082 0.025 0.038 0.173 0.014 0.018 0.023 0.056 0.04 0.005 0.023 0.029
157 L 0.051 0.024 0.016 0.016 0.016 0.017 0.022 0.022 0.015 0.117 0.249 0.026 0.038 0.06 0.015 0.028 0.037 0.01 0.073 0.15
158 I 0.051 0.019 0.015 0.017 0.016 0.014 0.019 0.022 0.01 0.208 0.143 0.023 0.032 0.1 0.014 0.027 0.04 0.007 0.031 0.191
159 S 0.076 0.049 0.092 0.047 0.013 0.034 0.05 0.054 0.025 0.03 0.044 0.09 0.015 0.037 0.025 0.145 0.059 0.009 0.07 0.038
160 P 0.097 0.026 0.023 0.03 0.012 0.021 0.036 0.042 0.013 0.028 0.039 0.041 0.011 0.014 0.426 0.05 0.038 0.003 0.013 0.036
161 N 0.073 0.039 0.143 0.055 0.014 0.031 0.046 0.057 0.021 0.034 0.045 0.05 0.015 0.02 0.025 0.132 0.131 0.005 0.017 0.045
162 G 0.074 0.05 0.093 0.056 0.012 0.039 0.093 0.132 0.021 0.024 0.036 0.093 0.013 0.018 0.025 0.117 0.052 0.005 0.016 0.032
163 D 0.044 0.044 0.087 0.103 0.009 0.094 0.064 0.04 0.028 0.033 0.055 0.054 0.017 0.098 0.019 0.047 0.036 0.011 0.081 0.036
164 V 0.052 0.021 0.016 0.018 0.016 0.016 0.021 0.023 0.011 0.176 0.148 0.025 0.057 0.101 0.014 0.029 0.04 0.008 0.032 0.177
165 L 0.049 0.026 0.021 0.022 0.014 0.019 0.027 0.027 0.017 0.076 0.223 0.032 0.032 0.054 0.098 0.039 0.071 0.009 0.072 0.071
166 L 0.042 0.024 0.018 0.017 0.012 0.018 0.023 0.022 0.027 0.107 0.191 0.027 0.031 0.089 0.015 0.027 0.031 0.017 0.178 0.083
167 D 0.051 0.104 0.047 0.107 0.009 0.043 0.102 0.039 0.078 0.028 0.042 0.103 0.014 0.019 0.023 0.055 0.072 0.005 0.022 0.035
168 W 0.03 0.022 0.015 0.015 0.007 0.015 0.022 0.03 0.015 0.03 0.052 0.022 0.015 0.059 0.007 0.022 0.022 0.505 0.067 0.03
169 G 0.076 0.022 0.038 0.033 0.011 0.018 0.025 0.522 0.013 0.018 0.028 0.033 0.009 0.016 0.018 0.05 0.029 0.005 0.011 0.024
170 G 0.062 0.023 0.028 0.026 0.014 0.017 0.024 0.193 0.012 0.1 0.087 0.03 0.022 0.089 0.017 0.045 0.072 0.007 0.028 0.105
171 D 0.051 0.035 0.045 0.176 0.01 0.037 0.144 0.037 0.018 0.071 0.059 0.05 0.016 0.021 0.023 0.054 0.074 0.005 0.015 0.058
172 R 0.043 0.308 0.04 0.031 0.008 0.046 0.051 0.033 0.081 0.023 0.044 0.105 0.015 0.019 0.019 0.043 0.033 0.006 0.023 0.029
173 F 0.042 0.041 0.026 0.033 0.009 0.03 0.079 0.029 0.028 0.043 0.072 0.078 0.019 0.182 0.017 0.036 0.03 0.016 0.146 0.043
174 I 0.06 0.022 0.021 0.022 0.017 0.017 0.024 0.028 0.01 0.224 0.137 0.028 0.032 0.038 0.017 0.061 0.047 0.006 0.02 0.17
175 P 0.064 0.035 0.031 0.036 0.011 0.058 0.049 0.041 0.016 0.026 0.038 0.05 0.013 0.014 0.346 0.077 0.044 0.003 0.015 0.033
176 S 0.096 0.04 0.1 0.053 0.016 0.032 0.051 0.065 0.021 0.028 0.039 0.053 0.015 0.02 0.027 0.21 0.075 0.005 0.017 0.038
177 Y 0.04 0.027 0.021 0.018 0.009 0.021 0.027 0.024 0.046 0.043 0.067 0.03 0.018 0.128 0.015 0.03 0.027 0.027 0.334 0.046
178 H 0.04 0.036 0.037 0.028 0.008 0.029 0.04 0.031 0.208 0.032 0.052 0.038 0.017 0.079 0.017 0.036 0.027 0.017 0.195 0.034
179 N 0.047 0.04 0.284 0.073 0.009 0.03 0.044 0.14 0.028 0.021 0.03 0.049 0.011 0.017 0.019 0.065 0.045 0.005 0.015 0.026
180 L 0.045 0.02 0.014 0.016 0.016 0.014 0.018 0.02 0.009 0.201 0.277 0.024 0.042 0.048 0.014 0.024 0.036 0.006 0.021 0.133
181 Y 0.042 0.035 0.025 0.023 0.009 0.057 0.039 0.027 0.043 0.04 0.063 0.04 0.019 0.109 0.017 0.034 0.029 0.024 0.282 0.044
182 Y 0.04 0.027 0.021 0.018 0.009 0.021 0.027 0.024 0.046 0.043 0.067 0.03 0.018 0.128 0.015 0.03 0.027 0.027 0.334 0.046
183 E 0.053 0.043 0.035 0.076 0.009 0.055 0.264 0.032 0.022 0.066 0.057 0.065 0.016 0.021 0.023 0.049 0.036 0.005 0.017 0.054
184 T 0.071 0.035 0.042 0.037 0.017 0.027 0.038 0.042 0.013 0.052 0.064 0.044 0.019 0.023 0.027 0.09 0.265 0.006 0.017 0.069
185 Q 0.055 0.072 0.043 0.046 0.009 0.234 0.1 0.04 0.029 0.026 0.046 0.089 0.02 0.014 0.023 0.055 0.04 0.006 0.02 0.034
186 T 0.059 0.04 0.037 0.093 0.014 0.027 0.046 0.036 0.014 0.1 0.081 0.079 0.022 0.026 0.022 0.057 0.115 0.005 0.017 0.109
187 I 0.054 0.021 0.019 0.021 0.017 0.016 0.022 0.024 0.009 0.228 0.141 0.027 0.032 0.038 0.017 0.037 0.078 0.006 0.02 0.174
188 N 0.043 0.047 0.132 0.045 0.01 0.03 0.043 0.042 0.08 0.045 0.107 0.081 0.021 0.089 0.018 0.046 0.036 0.007 0.035 0.042
189 L 0.045 0.02 0.014 0.016 0.016 0.014 0.018 0.02 0.009 0.201 0.277 0.024 0.042 0.048 0.014 0.024 0.036 0.006 0.021 0.133
190 G 0.118 0.029 0.037 0.034 0.014 0.023 0.035 0.212 0.016 0.033 0.051 0.039 0.015 0.083 0.022 0.114 0.049 0.007 0.026 0.042
191 G 0.065 0.029 0.137 0.049 0.01 0.023 0.033 0.369 0.019 0.02 0.029 0.039 0.01 0.016 0.019 0.056 0.035 0.005 0.012 0.025
192 R 0.045 0.166 0.084 0.04 0.009 0.04 0.051 0.039 0.022 0.031 0.053 0.15 0.016 0.081 0.02 0.047 0.036 0.007 0.028 0.034
193 L 0.049 0.091 0.028 0.035 0.011 0.064 0.088 0.029 0.018 0.068 0.126 0.058 0.025 0.09 0.018 0.039 0.036 0.008 0.03 0.088
194 L 0.045 0.019 0.015 0.017 0.014 0.013 0.019 0.022 0.011 0.162 0.178 0.022 0.033 0.163 0.013 0.026 0.035 0.009 0.043 0.139
195 I 0.052 0.021 0.02 0.023 0.015 0.017 0.024 0.026 0.01 0.205 0.126 0.029 0.029 0.035 0.098 0.038 0.076 0.005 0.018 0.132
196 R 0.044 0.361 0.038 0.03 0.008 0.047 0.051 0.032 0.023 0.023 0.045 0.117 0.015 0.017 0.019 0.044 0.034 0.006 0.017 0.03
197 N 0.042 0.044 0.334 0.081 0.009 0.033 0.048 0.064 0.031 0.022 0.031 0.053 0.011 0.018 0.02 0.068 0.048 0.004 0.015 0.026
198 T 0.083 0.036 0.046 0.04 0.017 0.029 0.043 0.05 0.015 0.044 0.056 0.047 0.018 0.022 0.028 0.14 0.203 0.006 0.017 0.06
199 G 0.082 0.025 0.041 0.035 0.012 0.021 0.029 0.446 0.014 0.02 0.03 0.036 0.01 0.017 0.02 0.082 0.037 0.005 0.012 0.027
200 I 0.046 0.017 0.014 0.017 0.016 0.013 0.017 0.02 0.009 0.289 0.164 0.023 0.036 0.043 0.014 0.024 0.039 0.006 0.02 0.172
201 F 0.033 0.019 0.016 0.016 0.01 0.01 0.019 0.025 0.016 0.062 0.111 0.019 0.025 0.402 0.01 0.025 0.025 0.016 0.087 0.054
202 T 0.063 0.036 0.087 0.041 0.016 0.028 0.038 0.043 0.017 0.055 0.079 0.044 0.045 0.026 0.024 0.077 0.191 0.006 0.018 0.066
203 E 0.054 0.048 0.04 0.088 0.007 0.063 0.314 0.034 0.025 0.022 0.036 0.074 0.013 0.016 0.025 0.054 0.036 0.005 0.016 0.031
204 A 0.265 0.029 0.025 0.029 0.019 0.024 0.039 0.07 0.014 0.039 0.054 0.043 0.016 0.02 0.108 0.076 0.046 0.005 0.016 0.061
205 P 0.097 0.026 0.023 0.03 0.012 0.021 0.036 0.042 0.013 0.028 0.039 0.041 0.011 0.014 0.426 0.05 0.038 0.003 0.013 0.036
206 L 0.049 0.027 0.018 0.019 0.016 0.023 0.024 0.025 0.013 0.162 0.183 0.031 0.133 0.046 0.015 0.032 0.039 0.007 0.022 0.118
207 Y 0.04 0.027 0.021 0.018 0.009 0.021 0.027 0.024 0.046 0.043 0.067 0.03 0.018 0.128 0.015 0.03 0.027 0.027 0.334 0.046
208 A 0.225 0.031 0.079 0.038 0.017 0.025 0.039 0.149 0.017 0.035 0.048 0.043 0.015 0.02 0.026 0.075 0.045 0.005 0.016 0.053
209 F 0.079 0.02 0.018 0.019 0.012 0.013 0.022 0.033 0.016 0.059 0.103 0.023 0.023 0.338 0.013 0.034 0.029 0.015 0.075 0.056
210 I 0.062 0.026 0.075 0.033 0.095 0.02 0.029 0.037 0.014 0.139 0.098 0.033 0.024 0.03 0.018 0.071 0.048 0.005 0.017 0.126
211 L 0.043 0.024 0.014 0.015 0.016 0.016 0.02 0.021 0.01 0.113 0.391 0.025 0.048 0.053 0.014 0.024 0.033 0.007 0.022 0.094
212 C 0.093 0.031 0.04 0.037 0.177 0.026 0.039 0.054 0.015 0.034 0.048 0.042 0.016 0.02 0.025 0.173 0.065 0.005 0.015 0.046
213 I 0.05 0.021 0.019 0.02 0.016 0.016 0.021 0.024 0.01 0.22 0.185 0.027 0.035 0.041 0.016 0.035 0.075 0.006 0.02 0.142
214 A 0.202 0.032 0.036 0.036 0.018 0.026 0.041 0.147 0.016 0.034 0.047 0.045 0.015 0.02 0.027 0.129 0.056 0.005 0.016 0.051
215 L 0.043 0.024 0.014 0.015 0.016 0.016 0.02 0.021 0.01 0.113 0.391 0.025 0.048 0.053 0.014 0.024 0.033 0.007 0.022 0.094
216 L 0.057 0.024 0.022 0.022 0.016 0.019 0.025 0.029 0.012 0.184 0.186 0.03 0.059 0.042 0.017 0.062 0.045 0.006 0.02 0.124
217 I 0.058 0.022 0.021 0.022 0.096 0.017 0.024 0.029 0.01 0.143 0.103 0.029 0.025 0.029 0.099 0.042 0.077 0.005 0.017 0.131
218 E 0.054 0.056 0.041 0.074 0.008 0.12 0.243 0.036 0.026 0.023 0.039 0.079 0.015 0.016 0.024 0.054 0.037 0.005 0.017 0.032
219 L 0.048 0.023 0.014 0.015 0.016 0.016 0.02 0.021 0.01 0.121 0.347 0.025 0.045 0.05 0.014 0.025 0.035 0.007 0.021 0.126
220 F 0.033 0.019 0.016 0.016 0.01 0.01 0.019 0.025 0.016 0.062 0.111 0.019 0.025 0.402 0.01 0.025 0.025 0.016 0.087 0.054
221 L 0.054 0.035 0.019 0.02 0.016 0.021 0.029 0.025 0.011 0.144 0.207 0.07 0.035 0.039 0.017 0.031 0.04 0.006 0.02 0.161
222 R 0.047 0.196 0.088 0.1 0.01 0.037 0.052 0.038 0.021 0.045 0.054 0.079 0.016 0.02 0.019 0.047 0.039 0.005 0.016 0.071
223 K 0.093 0.069 0.091 0.107 0.01 0.041 0.064 0.052 0.021 0.028 0.04 0.171 0.014 0.016 0.025 0.06 0.041 0.005 0.016 0.036
224 I 0.047 0.018 0.015 0.018 0.016 0.013 0.018 0.021 0.009 0.271 0.168 0.024 0.037 0.044 0.015 0.025 0.04 0.006 0.021 0.177
225 G 0.078 0.023 0.039 0.034 0.011 0.019 0.026 0.51 0.014 0.019 0.028 0.034 0.009 0.016 0.019 0.051 0.03 0.005 0.011 0.024
226 K 0.055 0.081 0.085 0.043 0.01 0.043 0.058 0.043 0.02 0.048 0.054 0.21 0.017 0.019 0.024 0.051 0.042 0.005 0.017 0.074
227 L 0.048 0.058 0.028 0.029 0.011 0.063 0.049 0.032 0.018 0.061 0.171 0.125 0.029 0.092 0.019 0.039 0.035 0.008 0.031 0.057
228 N 0.046 0.108 0.186 0.067 0.008 0.043 0.096 0.05 0.027 0.023 0.036 0.107 0.013 0.017 0.022 0.059 0.042 0.005 0.016 0.029
229 I 0.047 0.018 0.015 0.018 0.016 0.013 0.018 0.021 0.009 0.271 0.168 0.024 0.037 0.044 0.015 0.025 0.04 0.006 0.021 0.177
230 K 0.057 0.107 0.042 0.042 0.009 0.054 0.071 0.043 0.021 0.028 0.043 0.278 0.016 0.016 0.028 0.054 0.04 0.005 0.017 0.033
231 N 0.049 0.074 0.187 0.061 0.009 0.043 0.059 0.053 0.025 0.024 0.036 0.174 0.013 0.016 0.023 0.06 0.043 0.005 0.016 0.029
232 L 0.045 0.024 0.014 0.015 0.016 0.016 0.02 0.021 0.01 0.115 0.375 0.025 0.05 0.055 0.014 0.024 0.033 0.007 0.022 0.096
233 I 0.047 0.018 0.015 0.018 0.016 0.013 0.018 0.021 0.009 0.271 0.168 0.024 0.037 0.044 0.015 0.025 0.04 0.006 0.021 0.177
234 I 0.047 0.018 0.015 0.018 0.016 0.013 0.018 0.021 0.009 0.271 0.168 0.024 0.037 0.044 0.015 0.025 0.04 0.006 0.021 0.177
235 F 0.034 0.019 0.017 0.017 0.011 0.011 0.019 0.025 0.017 0.063 0.114 0.019 0.025 0.387 0.011 0.025 0.025 0.017 0.089 0.055
236 L 0.045 0.024 0.014 0.015 0.016 0.016 0.02 0.021 0.01 0.115 0.375 0.025 0.05 0.055 0.014 0.024 0.033 0.007 0.022 0.096
237 I 0.051 0.032 0.019 0.021 0.015 0.02 0.027 0.024 0.01 0.224 0.137 0.069 0.032 0.037 0.017 0.03 0.04 0.006 0.02 0.168
238 K 0.106 0.081 0.04 0.04 0.012 0.044 0.061 0.052 0.019 0.03 0.045 0.213 0.015 0.017 0.028 0.088 0.047 0.005 0.017 0.039
239 I 0.046 0.021 0.015 0.017 0.016 0.016 0.019 0.021 0.01 0.228 0.206 0.025 0.062 0.045 0.014 0.026 0.038 0.006 0.021 0.146
240 G 0.066 0.022 0.028 0.027 0.013 0.017 0.025 0.274 0.011 0.088 0.068 0.031 0.017 0.023 0.099 0.042 0.035 0.005 0.014 0.093
241 I 0.05 0.018 0.015 0.017 0.016 0.013 0.018 0.021 0.008 0.267 0.158 0.023 0.035 0.042 0.015 0.026 0.04 0.006 0.02 0.191
242 L 0.044 0.022 0.014 0.016 0.016 0.015 0.019 0.021 0.009 0.171 0.315 0.024 0.044 0.05 0.014 0.024 0.035 0.007 0.021 0.12
243 L 0.048 0.021 0.014 0.016 0.016 0.015 0.019 0.021 0.009 0.179 0.271 0.024 0.041 0.047 0.014 0.025 0.037 0.006 0.021 0.152
244 F 0.043 0.019 0.016 0.017 0.014 0.012 0.019 0.023 0.012 0.154 0.131 0.021 0.029 0.221 0.013 0.026 0.033 0.011 0.053 0.132
245 T 0.071 0.035 0.042 0.037 0.017 0.027 0.038 0.042 0.013 0.052 0.064 0.044 0.019 0.023 0.027 0.09 0.265 0.006 0.017 0.069
246 I 0.046 0.018 0.014 0.017 0.016 0.013 0.018 0.02 0.009 0.259 0.202 0.023 0.038 0.045 0.014 0.024 0.038 0.006 0.02 0.159
247 L 0.046 0.022 0.015 0.016 0.015 0.015 0.02 0.022 0.011 0.112 0.3 0.024 0.042 0.108 0.014 0.025 0.034 0.008 0.032 0.119
248 T 0.071 0.035 0.042 0.037 0.017 0.027 0.038 0.042 0.013 0.052 0.064 0.044 0.019 0.023 0.027 0.09 0.265 0.006 0.017 0.069
249 T 0.071 0.035 0.042 0.037 0.017 0.027 0.038 0.042 0.013 0.052 0.064 0.044 0.019 0.023 0.027 0.09 0.265 0.006 0.017 0.069
250 L 0.038 0.021 0.015 0.016 0.013 0.013 0.019 0.023 0.013 0.087 0.251 0.022 0.037 0.228 0.012 0.024 0.029 0.012 0.054 0.074
251 S 0.107 0.039 0.053 0.048 0.017 0.032 0.051 0.065 0.019 0.029 0.041 0.053 0.015 0.02 0.029 0.239 0.08 0.005 0.017 0.041
252 T 0.077 0.035 0.044 0.038 0.017 0.028 0.041 0.046 0.014 0.048 0.06 0.046 0.019 0.023 0.027 0.115 0.234 0.006 0.017 0.065
253 T 0.077 0.035 0.044 0.038 0.017 0.028 0.041 0.046 0.014 0.048 0.06 0.046 0.019 0.023 0.027 0.115 0.234 0.006 0.017 0.065
254 G 0.115 0.024 0.036 0.032 0.012 0.02 0.027 0.448 0.013 0.022 0.033 0.035 0.01 0.017 0.02 0.056 0.032 0.005 0.012 0.031
255 I 0.046 0.017 0.014 0.017 0.016 0.013 0.017 0.02 0.009 0.289 0.164 0.023 0.036 0.043 0.014 0.024 0.039 0.006 0.02 0.172
256 V 0.058 0.021 0.019 0.019 0.016 0.015 0.021 0.105 0.009 0.172 0.167 0.026 0.032 0.038 0.016 0.031 0.039 0.006 0.019 0.173
257 V 0.059 0.02 0.016 0.017 0.017 0.015 0.021 0.024 0.01 0.165 0.131 0.024 0.031 0.097 0.015 0.03 0.043 0.007 0.031 0.229
258 L 0.106 0.03 0.028 0.027 0.016 0.024 0.032 0.123 0.015 0.066 0.15 0.037 0.075 0.034 0.02 0.078 0.045 0.006 0.019 0.068
259 L 0.06 0.029 0.026 0.025 0.016 0.022 0.029 0.033 0.013 0.086 0.245 0.034 0.06 0.042 0.019 0.073 0.08 0.007 0.021 0.08
260 L 0.064 0.026 0.025 0.024 0.016 0.019 0.026 0.112 0.012 0.091 0.228 0.031 0.033 0.039 0.018 0.065 0.042 0.006 0.019 0.105
261 L 0.088 0.023 0.016 0.018 0.017 0.016 0.022 0.03 0.01 0.16 0.26 0.027 0.039 0.045 0.017 0.034 0.037 0.006 0.02 0.116
262 I 0.053 0.022 0.019 0.02 0.017 0.016 0.022 0.025 0.01 0.199 0.179 0.027 0.034 0.04 0.017 0.037 0.077 0.006 0.02 0.161
263 L 0.062 0.024 0.023 0.024 0.095 0.018 0.027 0.034 0.012 0.072 0.128 0.03 0.024 0.09 0.099 0.067 0.043 0.007 0.028 0.093
264 I 0.042 0.018 0.015 0.017 0.014 0.012 0.018 0.022 0.011 0.213 0.146 0.022 0.032 0.163 0.013 0.025 0.034 0.009 0.042 0.133
265 W 0.03 0.023 0.015 0.015 0.008 0.015 0.023 0.03 0.015 0.03 0.053 0.023 0.015 0.061 0.008 0.023 0.023 0.492 0.068 0.03
266 F 0.034 0.019 0.017 0.017 0.011 0.011 0.019 0.025 0.017 0.063 0.114 0.019 0.025 0.387 0.011 0.025 0.025 0.017 0.089 0.055
267 Y 0.04 0.028 0.022 0.019 0.009 0.022 0.028 0.025 0.047 0.044 0.068 0.031 0.019 0.131 0.016 0.031 0.028 0.028 0.318 0.047
268 F 0.034 0.019 0.017 0.017 0.011 0.011 0.019 0.025 0.017 0.063 0.114 0.019 0.025 0.387 0.011 0.025 0.025 0.017 0.089 0.055
269 N 0.043 0.045 0.317 0.083 0.009 0.034 0.049 0.065 0.032 0.022 0.032 0.054 0.011 0.018 0.02 0.07 0.049 0.004 0.016 0.027
270 N 0.043 0.045 0.317 0.083 0.009 0.034 0.049 0.065 0.032 0.022 0.032 0.054 0.011 0.018 0.02 0.07 0.049 0.004 0.016 0.027
271 G 0.078 0.023 0.039 0.034 0.011 0.019 0.026 0.51 0.014 0.019 0.028 0.034 0.009 0.016 0.019 0.051 0.03 0.005 0.011 0.024
272 I 0.047 0.018 0.015 0.018 0.016 0.013 0.018 0.021 0.009 0.271 0.168 0.024 0.037 0.044 0.015 0.025 0.04 0.006 0.021 0.177
273 K 0.058 0.116 0.14 0.054 0.01 0.042 0.056 0.051 0.024 0.025 0.039 0.144 0.014 0.017 0.024 0.087 0.048 0.005 0.016 0.031
274 L 0.044 0.022 0.015 0.016 0.015 0.016 0.02 0.021 0.015 0.16 0.261 0.025 0.039 0.062 0.014 0.025 0.034 0.01 0.073 0.112
275 L 0.04 0.021 0.015 0.016 0.014 0.014 0.019 0.022 0.012 0.125 0.26 0.022 0.038 0.168 0.013 0.024 0.031 0.01 0.043 0.094
276 L 0.042 0.027 0.121 0.038 0.013 0.02 0.028 0.035 0.017 0.133 0.149 0.032 0.028 0.096 0.015 0.039 0.039 0.007 0.03 0.091
277 N 0.056 0.033 0.168 0.05 0.014 0.025 0.036 0.045 0.02 0.093 0.08 0.04 0.021 0.027 0.018 0.051 0.049 0.005 0.018 0.15
278 K 0.069 0.111 0.04 0.037 0.012 0.038 0.051 0.044 0.018 0.071 0.063 0.14 0.019 0.022 0.024 0.108 0.052 0.005 0.017 0.058
279 R 0.057 0.138 0.03 0.028 0.012 0.029 0.038 0.034 0.016 0.083 0.12 0.063 0.023 0.027 0.1 0.069 0.042 0.005 0.018 0.066
280 K 0.057 0.078 0.036 0.036 0.011 0.041 0.055 0.039 0.017 0.075 0.066 0.208 0.019 0.021 0.025 0.054 0.076 0.005 0.017 0.062
281 N 0.052 0.04 0.235 0.065 0.01 0.031 0.045 0.057 0.031 0.027 0.038 0.049 0.013 0.036 0.021 0.09 0.05 0.008 0.069 0.032
282 N 0.042 0.045 0.32 0.083 0.009 0.034 0.049 0.065 0.031 0.022 0.031 0.054 0.011 0.018 0.02 0.069 0.049 0.004 0.016 0.027
283 I 0.047 0.018 0.015 0.018 0.016 0.013 0.018 0.021 0.009 0.271 0.168 0.024 0.037 0.044 0.015 0.025 0.04 0.006 0.021 0.177
284 F 0.034 0.019 0.017 0.017 0.011 0.011 0.019 0.025 0.017 0.063 0.114 0.019 0.025 0.387 0.011 0.025 0.025 0.017 0.089 0.055
285 L 0.057 0.023 0.015 0.016 0.018 0.016 0.022 0.023 0.009 0.139 0.254 0.026 0.04 0.045 0.015 0.028 0.041 0.006 0.021 0.184
286 K 0.057 0.107 0.041 0.041 0.009 0.053 0.07 0.043 0.021 0.027 0.043 0.282 0.015 0.015 0.027 0.053 0.04 0.005 0.017 0.033
287 K 0.051 0.206 0.04 0.037 0.008 0.05 0.062 0.038 0.021 0.025 0.044 0.222 0.015 0.016 0.024 0.049 0.037 0.005 0.017 0.031
288 Y 0.053 0.026 0.032 0.088 0.012 0.022 0.038 0.033 0.024 0.119 0.088 0.034 0.022 0.063 0.018 0.067 0.041 0.012 0.123 0.083
289 R 0.053 0.219 0.039 0.034 0.008 0.044 0.053 0.117 0.02 0.023 0.041 0.163 0.014 0.016 0.022 0.047 0.035 0.005 0.016 0.03
290 K 0.056 0.076 0.094 0.044 0.011 0.041 0.056 0.043 0.02 0.053 0.057 0.191 0.018 0.02 0.023 0.052 0.043 0.005 0.017 0.081
291 L 0.059 0.025 0.022 0.022 0.096 0.019 0.025 0.031 0.012 0.114 0.207 0.03 0.057 0.04 0.017 0.064 0.043 0.006 0.019 0.091
292 L 0.045 0.019 0.014 0.016 0.016 0.014 0.018 0.02 0.009 0.23 0.239 0.024 0.04 0.047 0.014 0.024 0.037 0.006 0.021 0.146
293 L 0.045 0.024 0.014 0.015 0.016 0.016 0.02 0.021 0.01 0.115 0.375 0.025 0.05 0.055 0.014 0.024 0.033 0.007 0.022 0.096
294 V 0.07 0.022 0.016 0.018 0.019 0.016 0.023 0.025 0.008 0.165 0.13 0.026 0.032 0.036 0.016 0.033 0.049 0.006 0.021 0.269
295 K 0.048 0.066 0.081 0.039 0.01 0.035 0.049 0.039 0.019 0.076 0.072 0.164 0.019 0.085 0.021 0.046 0.038 0.007 0.029 0.058
296 I 0.057 0.093 0.029 0.028 0.013 0.028 0.037 0.033 0.015 0.157 0.103 0.089 0.026 0.03 0.02 0.068 0.045 0.006 0.019 0.103
297 L 0.094 0.026 0.022 0.022 0.017 0.02 0.027 0.035 0.012 0.147 0.172 0.032 0.056 0.038 0.019 0.047 0.077 0.006 0.02 0.111
298 L 0.048 0.019 0.014 0.016 0.096 0.014 0.018 0.022 0.009 0.189 0.223 0.023 0.037 0.043 0.014 0.027 0.036 0.006 0.019 0.127
299 L 0.042 0.022 0.016 0.017 0.014 0.015 0.02 0.023 0.013 0.123 0.227 0.024 0.061 0.167 0.013 0.026 0.032 0.01 0.043 0.093
300 P 0.054 0.026 0.024 0.027 0.012 0.02 0.031 0.032 0.018 0.076 0.067 0.036 0.017 0.039 0.262 0.046 0.073 0.008 0.068 0.063
301 L 0.045 0.02 0.014 0.016 0.016 0.014 0.018 0.02 0.009 0.201 0.277 0.024 0.042 0.048 0.014 0.024 0.036 0.006 0.021 0.133
302 L 0.043 0.021 0.014 0.016 0.015 0.014 0.019 0.021 0.011 0.163 0.269 0.023 0.04 0.108 0.013 0.024 0.033 0.008 0.032 0.113
303 V 0.101 0.021 0.017 0.019 0.018 0.017 0.024 0.031 0.009 0.184 0.128 0.028 0.03 0.035 0.018 0.038 0.045 0.005 0.02 0.212
304 F 0.04 0.02 0.016 0.017 0.013 0.014 0.02 0.024 0.014 0.144 0.142 0.023 0.055 0.223 0.013 0.026 0.032 0.011 0.054 0.099
305 I 0.052 0.019 0.015 0.017 0.096 0.014 0.018 0.023 0.009 0.197 0.179 0.023 0.034 0.04 0.015 0.028 0.039 0.006 0.019 0.159
306 G 0.109 0.026 0.03 0.029 0.015 0.021 0.03 0.204 0.013 0.085 0.118 0.035 0.023 0.028 0.021 0.078 0.043 0.006 0.016 0.07
307 L 0.054 0.022 0.016 0.017 0.017 0.017 0.021 0.023 0.01 0.185 0.194 0.026 0.06 0.043 0.015 0.029 0.041 0.006 0.021 0.184
308 V 0.064 0.038 0.027 0.026 0.015 0.025 0.035 0.033 0.018 0.118 0.095 0.075 0.024 0.046 0.02 0.068 0.047 0.009 0.071 0.144
309 V 0.063 0.023 0.021 0.022 0.017 0.018 0.025 0.029 0.01 0.173 0.169 0.029 0.033 0.038 0.017 0.063 0.048 0.006 0.02 0.175
310 G 0.122 0.026 0.034 0.032 0.015 0.022 0.032 0.24 0.014 0.079 0.064 0.037 0.017 0.023 0.022 0.089 0.045 0.005 0.015 0.066
311 G 0.076 0.027 0.033 0.03 0.015 0.023 0.03 0.231 0.014 0.065 0.083 0.036 0.048 0.027 0.02 0.081 0.045 0.006 0.016 0.093
312 F 0.038 0.022 0.018 0.017 0.011 0.015 0.022 0.024 0.027 0.099 0.105 0.024 0.025 0.22 0.013 0.027 0.029 0.019 0.171 0.075
313 F 0.033 0.019 0.017 0.017 0.01 0.01 0.019 0.025 0.017 0.062 0.112 0.019 0.025 0.399 0.01 0.025 0.025 0.017 0.087 0.054
314 L 0.045 0.02 0.014 0.016 0.016 0.014 0.018 0.02 0.009 0.201 0.277 0.024 0.042 0.048 0.014 0.024 0.036 0.006 0.021 0.133
315 N 0.049 0.032 0.131 0.044 0.011 0.025 0.035 0.121 0.077 0.11 0.076 0.038 0.02 0.028 0.018 0.046 0.038 0.005 0.023 0.074
316 N 0.053 0.033 0.137 0.11 0.011 0.027 0.047 0.047 0.025 0.071 0.06 0.043 0.017 0.04 0.02 0.08 0.046 0.008 0.069 0.056
317 K 0.054 0.09 0.036 0.037 0.01 0.046 0.06 0.038 0.018 0.071 0.062 0.25 0.019 0.02 0.025 0.048 0.039 0.005 0.017 0.055
318 L 0.049 0.02 0.014 0.016 0.016 0.014 0.019 0.021 0.009 0.209 0.233 0.024 0.039 0.045 0.014 0.025 0.038 0.006 0.021 0.165
319 L 0.046 0.042 0.078 0.035 0.012 0.027 0.037 0.034 0.075 0.127 0.138 0.077 0.027 0.034 0.018 0.039 0.037 0.006 0.025 0.087
320 Q 0.05 0.056 0.087 0.054 0.008 0.136 0.115 0.04 0.031 0.027 0.045 0.071 0.017 0.034 0.021 0.053 0.039 0.009 0.071 0.034
