#Seq2Logo.py -f /work3/idamei/ssn-clusterings/clustering/2205181327/clusters/0480_2/sequences.afa -o /work3/idamei/ssn-clusterings/clustering/2205181327/clusters/0480_2/sequences.logo
#Position Specific Frequency Matrix
A R N D C Q E G H I L K M F P S T W Y V
0 L 0.052 0.032 0.02 0.02 0.016 0.028 0.028 0.028 0.016 0.101 0.198 0.036 0.156 0.048 0.016 0.036 0.04 0.008 0.024 0.093
1 R 0.166 0.186 0.032 0.031 0.015 0.037 0.047 0.056 0.019 0.033 0.053 0.083 0.017 0.02 0.025 0.065 0.043 0.006 0.018 0.05
2 R 0.059 0.189 0.041 0.034 0.013 0.038 0.046 0.038 0.019 0.038 0.056 0.083 0.018 0.021 0.024 0.069 0.139 0.006 0.018 0.051
3 G 0.079 0.023 0.039 0.034 0.011 0.019 0.026 0.508 0.014 0.019 0.028 0.034 0.009 0.016 0.019 0.052 0.03 0.005 0.011 0.024
4 I 0.047 0.018 0.015 0.018 0.016 0.013 0.018 0.021 0.009 0.267 0.169 0.024 0.037 0.044 0.015 0.025 0.04 0.006 0.021 0.178
5 G 0.079 0.023 0.039 0.034 0.011 0.019 0.026 0.508 0.014 0.019 0.028 0.034 0.009 0.016 0.019 0.052 0.03 0.005 0.011 0.024
6 I 0.047 0.018 0.015 0.018 0.016 0.013 0.018 0.021 0.009 0.267 0.169 0.024 0.037 0.044 0.015 0.025 0.04 0.006 0.021 0.178
7 G 0.079 0.023 0.039 0.034 0.011 0.019 0.026 0.508 0.014 0.019 0.028 0.034 0.009 0.016 0.019 0.052 0.03 0.005 0.011 0.024
8 N 0.043 0.045 0.313 0.084 0.009 0.034 0.05 0.066 0.032 0.023 0.032 0.054 0.011 0.018 0.02 0.07 0.05 0.005 0.016 0.027
9 E 0.055 0.05 0.041 0.091 0.007 0.065 0.293 0.035 0.026 0.022 0.037 0.076 0.013 0.017 0.026 0.055 0.037 0.006 0.017 0.031
10 G 0.062 0.182 0.039 0.033 0.009 0.034 0.039 0.27 0.018 0.021 0.038 0.077 0.013 0.017 0.019 0.048 0.032 0.006 0.014 0.028
11 N 0.165 0.038 0.17 0.057 0.015 0.03 0.045 0.072 0.023 0.033 0.046 0.049 0.014 0.02 0.025 0.078 0.05 0.005 0.017 0.048
12 L 0.045 0.024 0.014 0.015 0.016 0.016 0.02 0.021 0.01 0.116 0.372 0.025 0.05 0.055 0.014 0.024 0.034 0.007 0.022 0.097
13 L 0.05 0.031 0.019 0.019 0.016 0.027 0.027 0.027 0.016 0.097 0.19 0.035 0.188 0.047 0.016 0.035 0.039 0.008 0.023 0.089
14 T 0.072 0.034 0.055 0.038 0.017 0.027 0.039 0.044 0.014 0.056 0.064 0.044 0.019 0.023 0.026 0.099 0.227 0.006 0.017 0.079
15 L 0.046 0.029 0.021 0.031 0.013 0.029 0.084 0.047 0.014 0.083 0.275 0.036 0.037 0.067 0.02 0.032 0.032 0.007 0.024 0.073
16 W 0.061 0.025 0.023 0.023 0.013 0.02 0.027 0.099 0.013 0.063 0.1 0.032 0.041 0.035 0.098 0.041 0.059 0.114 0.028 0.084
17 Q 0.101 0.058 0.039 0.05 0.011 0.165 0.122 0.045 0.025 0.029 0.047 0.076 0.018 0.016 0.024 0.06 0.049 0.006 0.019 0.041
18 F 0.034 0.019 0.016 0.016 0.011 0.011 0.019 0.024 0.015 0.069 0.155 0.019 0.028 0.351 0.011 0.025 0.026 0.015 0.076 0.06
19 G 0.09 0.028 0.033 0.031 0.018 0.021 0.033 0.12 0.015 0.076 0.077 0.036 0.024 0.107 0.021 0.112 0.056 0.008 0.031 0.064
20 G 0.074 0.021 0.035 0.03 0.081 0.017 0.023 0.456 0.012 0.022 0.032 0.031 0.01 0.016 0.018 0.048 0.03 0.005 0.011 0.028
21 L 0.043 0.023 0.014 0.015 0.016 0.016 0.02 0.021 0.01 0.112 0.396 0.024 0.048 0.053 0.014 0.023 0.032 0.007 0.022 0.093
22 L 0.071 0.026 0.022 0.022 0.014 0.018 0.027 0.035 0.014 0.067 0.193 0.029 0.029 0.094 0.016 0.067 0.039 0.115 0.039 0.063
23 L 0.056 0.022 0.016 0.016 0.052 0.016 0.021 0.025 0.009 0.123 0.259 0.025 0.038 0.043 0.015 0.03 0.044 0.006 0.02 0.161
24 V 0.063 0.02 0.016 0.017 0.018 0.015 0.021 0.023 0.008 0.19 0.135 0.025 0.032 0.036 0.016 0.03 0.046 0.005 0.02 0.265
25 Y 0.039 0.024 0.018 0.017 0.079 0.018 0.024 0.027 0.03 0.038 0.061 0.026 0.017 0.088 0.013 0.029 0.027 0.186 0.201 0.041
26 L 0.051 0.023 0.015 0.016 0.015 0.015 0.02 0.035 0.011 0.101 0.324 0.024 0.042 0.106 0.014 0.026 0.032 0.008 0.031 0.09
27 L 0.07 0.022 0.019 0.02 0.027 0.016 0.021 0.122 0.01 0.133 0.226 0.027 0.034 0.044 0.016 0.034 0.035 0.006 0.019 0.098
28 G 0.115 0.032 0.044 0.04 0.034 0.027 0.041 0.198 0.016 0.027 0.039 0.044 0.014 0.019 0.025 0.166 0.06 0.005 0.015 0.039
29 L 0.058 0.023 0.023 0.022 0.016 0.017 0.023 0.126 0.011 0.116 0.217 0.029 0.033 0.038 0.017 0.042 0.059 0.006 0.018 0.107
30 G 0.062 0.021 0.026 0.024 0.037 0.017 0.022 0.246 0.011 0.112 0.139 0.028 0.025 0.031 0.017 0.043 0.035 0.006 0.016 0.081
31 F 0.04 0.02 0.016 0.017 0.012 0.013 0.02 0.024 0.015 0.082 0.139 0.021 0.038 0.301 0.012 0.026 0.03 0.013 0.067 0.095
32 I 0.053 0.019 0.015 0.017 0.017 0.014 0.019 0.021 0.008 0.249 0.15 0.024 0.034 0.04 0.015 0.027 0.042 0.006 0.02 0.213
33 L 0.077 0.026 0.021 0.021 0.016 0.018 0.025 0.075 0.011 0.087 0.28 0.03 0.037 0.042 0.018 0.041 0.068 0.006 0.019 0.081
34 T 0.054 0.028 0.029 0.026 0.014 0.02 0.03 0.035 0.014 0.06 0.097 0.033 0.022 0.091 0.019 0.059 0.153 0.115 0.038 0.063
35 L 0.052 0.024 0.014 0.015 0.016 0.016 0.02 0.022 0.01 0.112 0.373 0.025 0.046 0.051 0.014 0.026 0.034 0.007 0.021 0.102
36 T 0.068 0.031 0.036 0.032 0.061 0.024 0.034 0.041 0.014 0.052 0.074 0.039 0.027 0.078 0.023 0.092 0.178 0.007 0.027 0.063
37 W 0.044 0.024 0.022 0.02 0.009 0.018 0.024 0.13 0.025 0.038 0.056 0.027 0.016 0.073 0.013 0.031 0.026 0.202 0.153 0.047
38 R 0.045 0.265 0.036 0.031 0.008 0.065 0.054 0.033 0.022 0.028 0.053 0.121 0.018 0.059 0.019 0.043 0.034 0.007 0.025 0.034
39 E 0.048 0.041 0.05 0.213 0.007 0.05 0.232 0.038 0.022 0.021 0.032 0.062 0.011 0.015 0.024 0.052 0.035 0.005 0.014 0.028
40 F 0.034 0.018 0.016 0.016 0.011 0.01 0.018 0.024 0.016 0.078 0.114 0.019 0.025 0.381 0.011 0.025 0.026 0.016 0.081 0.062
41 R 0.043 0.292 0.035 0.029 0.008 0.056 0.05 0.031 0.022 0.029 0.055 0.101 0.017 0.073 0.018 0.041 0.033 0.007 0.027 0.034
42 R 0.043 0.366 0.038 0.03 0.008 0.047 0.051 0.032 0.023 0.023 0.045 0.116 0.015 0.017 0.019 0.043 0.034 0.006 0.017 0.03
43 V 0.057 0.023 0.017 0.02 0.022 0.018 0.037 0.026 0.013 0.116 0.101 0.027 0.025 0.045 0.015 0.031 0.04 0.108 0.052 0.206
44 R 0.044 0.343 0.037 0.03 0.015 0.047 0.051 0.033 0.022 0.023 0.045 0.128 0.015 0.017 0.019 0.044 0.034 0.006 0.017 0.03
45 F 0.034 0.019 0.016 0.016 0.011 0.011 0.019 0.024 0.015 0.068 0.151 0.019 0.028 0.357 0.011 0.024 0.026 0.015 0.077 0.059
46 N 0.052 0.043 0.291 0.075 0.01 0.032 0.048 0.063 0.028 0.023 0.032 0.052 0.012 0.018 0.021 0.098 0.053 0.004 0.015 0.029
47 F 0.033 0.018 0.016 0.016 0.01 0.01 0.018 0.025 0.016 0.061 0.11 0.018 0.025 0.407 0.01 0.025 0.025 0.016 0.086 0.053
48 N 0.041 0.044 0.255 0.068 0.008 0.034 0.049 0.055 0.133 0.022 0.032 0.05 0.012 0.021 0.019 0.059 0.041 0.005 0.027 0.025
49 V 0.056 0.022 0.016 0.017 0.017 0.017 0.021 0.023 0.009 0.178 0.18 0.026 0.058 0.041 0.015 0.029 0.042 0.006 0.021 0.206
50 L 0.038 0.021 0.015 0.015 0.013 0.013 0.019 0.022 0.013 0.088 0.26 0.022 0.037 0.222 0.012 0.024 0.029 0.011 0.052 0.074
51 F 0.033 0.018 0.016 0.016 0.01 0.01 0.018 0.025 0.016 0.061 0.11 0.018 0.025 0.407 0.01 0.025 0.025 0.016 0.086 0.053
52 S 0.104 0.038 0.052 0.047 0.017 0.032 0.05 0.063 0.018 0.03 0.042 0.052 0.015 0.02 0.029 0.237 0.09 0.005 0.017 0.042
53 L 0.044 0.024 0.014 0.015 0.016 0.017 0.02 0.021 0.01 0.111 0.372 0.026 0.064 0.052 0.014 0.025 0.033 0.007 0.022 0.093
54 A 0.287 0.031 0.026 0.03 0.022 0.026 0.041 0.079 0.015 0.043 0.06 0.045 0.018 0.022 0.03 0.085 0.05 0.005 0.018 0.069
55 L 0.043 0.023 0.014 0.015 0.016 0.016 0.02 0.021 0.01 0.112 0.396 0.024 0.048 0.053 0.014 0.023 0.032 0.007 0.022 0.093
56 F 0.036 0.023 0.019 0.017 0.01 0.017 0.023 0.024 0.033 0.05 0.085 0.025 0.021 0.243 0.013 0.028 0.026 0.023 0.235 0.048
57 L 0.044 0.023 0.014 0.015 0.016 0.016 0.02 0.021 0.01 0.114 0.383 0.024 0.047 0.052 0.014 0.024 0.033 0.007 0.021 0.103
58 L 0.043 0.023 0.014 0.015 0.016 0.016 0.02 0.021 0.01 0.111 0.396 0.024 0.048 0.053 0.014 0.024 0.032 0.007 0.022 0.093
59 T 0.071 0.034 0.042 0.036 0.017 0.027 0.038 0.042 0.013 0.051 0.063 0.044 0.019 0.023 0.027 0.09 0.272 0.006 0.017 0.069
60 F 0.033 0.018 0.016 0.016 0.01 0.01 0.018 0.025 0.016 0.061 0.11 0.018 0.025 0.407 0.01 0.025 0.025 0.016 0.086 0.053
61 Y 0.038 0.026 0.021 0.018 0.009 0.02 0.026 0.024 0.042 0.044 0.071 0.029 0.019 0.158 0.015 0.03 0.027 0.026 0.311 0.046
62 F 0.036 0.02 0.016 0.016 0.012 0.012 0.019 0.023 0.014 0.077 0.2 0.02 0.032 0.297 0.011 0.024 0.027 0.013 0.066 0.066
63 W 0.03 0.023 0.015 0.015 0.008 0.015 0.023 0.03 0.015 0.03 0.053 0.023 0.015 0.061 0.008 0.023 0.023 0.49 0.069 0.03
64 G 0.076 0.022 0.038 0.033 0.01 0.018 0.025 0.526 0.013 0.018 0.027 0.033 0.009 0.016 0.018 0.05 0.029 0.005 0.01 0.023
65 F 0.034 0.019 0.016 0.016 0.011 0.011 0.019 0.024 0.016 0.066 0.131 0.019 0.026 0.377 0.011 0.025 0.025 0.015 0.08 0.059
66 P 0.055 0.025 0.023 0.03 0.01 0.02 0.035 0.035 0.012 0.025 0.035 0.04 0.01 0.012 0.51 0.042 0.035 0.003 0.012 0.03
67 L 0.042 0.023 0.014 0.015 0.015 0.015 0.019 0.021 0.01 0.107 0.37 0.024 0.046 0.086 0.013 0.024 0.032 0.008 0.028 0.089
68 T 0.077 0.035 0.044 0.038 0.017 0.028 0.04 0.046 0.014 0.048 0.059 0.045 0.018 0.022 0.027 0.116 0.239 0.006 0.017 0.064
69 C 0.135 0.029 0.034 0.033 0.164 0.023 0.036 0.09 0.014 0.035 0.05 0.039 0.016 0.021 0.024 0.133 0.055 0.005 0.015 0.049
70 L 0.051 0.024 0.016 0.017 0.016 0.018 0.022 0.023 0.011 0.158 0.237 0.027 0.08 0.045 0.015 0.029 0.041 0.007 0.021 0.14
71 L 0.043 0.023 0.014 0.015 0.016 0.016 0.02 0.021 0.01 0.112 0.397 0.024 0.048 0.053 0.014 0.023 0.032 0.007 0.022 0.093
72 V 0.09 0.025 0.021 0.021 0.018 0.02 0.027 0.032 0.01 0.133 0.122 0.031 0.05 0.034 0.019 0.045 0.076 0.006 0.02 0.202
73 F 0.035 0.019 0.016 0.016 0.011 0.011 0.019 0.024 0.015 0.072 0.17 0.02 0.029 0.333 0.011 0.024 0.026 0.014 0.072 0.061
74 R 0.054 0.195 0.038 0.035 0.02 0.075 0.056 0.14 0.021 0.023 0.041 0.117 0.015 0.016 0.02 0.048 0.034 0.005 0.016 0.03
75 F 0.033 0.018 0.016 0.016 0.01 0.01 0.018 0.025 0.016 0.061 0.11 0.018 0.025 0.407 0.01 0.025 0.025 0.016 0.086 0.053
76 D 0.052 0.032 0.121 0.206 0.009 0.037 0.061 0.19 0.02 0.021 0.029 0.044 0.01 0.016 0.02 0.056 0.036 0.004 0.012 0.025
77 V 0.079 0.025 0.021 0.024 0.018 0.02 0.039 0.029 0.01 0.132 0.11 0.031 0.028 0.031 0.018 0.043 0.079 0.005 0.019 0.239
78 E 0.095 0.038 0.033 0.056 0.012 0.042 0.161 0.079 0.018 0.053 0.057 0.059 0.017 0.02 0.046 0.059 0.042 0.005 0.016 0.09
79 V 0.065 0.024 0.023 0.023 0.018 0.018 0.026 0.028 0.01 0.152 0.114 0.03 0.028 0.033 0.019 0.047 0.109 0.005 0.019 0.21
80 V 0.145 0.024 0.019 0.021 0.019 0.018 0.027 0.04 0.01 0.139 0.108 0.031 0.027 0.031 0.023 0.048 0.047 0.005 0.019 0.2
81 P 0.101 0.029 0.031 0.052 0.013 0.024 0.042 0.047 0.014 0.028 0.039 0.043 0.012 0.015 0.317 0.092 0.046 0.003 0.014 0.037
82 P 0.071 0.026 0.025 0.028 0.014 0.02 0.033 0.036 0.012 0.066 0.067 0.036 0.018 0.047 0.258 0.068 0.045 0.005 0.02 0.107
83 E 0.086 0.035 0.035 0.114 0.012 0.039 0.151 0.041 0.018 0.051 0.132 0.05 0.022 0.026 0.023 0.049 0.037 0.005 0.017 0.057
84 Y 0.043 0.029 0.096 0.033 0.01 0.022 0.031 0.034 0.034 0.071 0.074 0.034 0.019 0.111 0.016 0.041 0.034 0.017 0.191 0.06
85 L 0.043 0.024 0.014 0.015 0.016 0.016 0.02 0.021 0.01 0.111 0.395 0.025 0.049 0.053 0.014 0.024 0.032 0.007 0.022 0.093
86 L 0.043 0.024 0.014 0.015 0.016 0.016 0.02 0.021 0.01 0.111 0.394 0.025 0.05 0.053 0.014 0.024 0.032 0.007 0.022 0.093
87 Y 0.049 0.047 0.032 0.04 0.009 0.109 0.102 0.032 0.033 0.042 0.097 0.058 0.022 0.054 0.02 0.045 0.035 0.012 0.118 0.045
88 A 0.305 0.03 0.025 0.029 0.021 0.025 0.039 0.074 0.014 0.042 0.057 0.043 0.017 0.021 0.029 0.083 0.056 0.005 0.017 0.066
89 L 0.052 0.035 0.023 0.024 0.046 0.065 0.039 0.029 0.015 0.087 0.247 0.041 0.053 0.039 0.017 0.047 0.038 0.006 0.02 0.076
90 L 0.043 0.023 0.014 0.015 0.016 0.016 0.02 0.021 0.01 0.111 0.397 0.024 0.048 0.053 0.014 0.023 0.032 0.007 0.022 0.093
91 S 0.16 0.036 0.044 0.041 0.018 0.03 0.047 0.066 0.017 0.039 0.048 0.049 0.016 0.021 0.028 0.196 0.07 0.005 0.017 0.052
92 A 0.309 0.03 0.025 0.029 0.021 0.025 0.039 0.075 0.014 0.041 0.057 0.043 0.017 0.021 0.029 0.086 0.049 0.005 0.017 0.066
93 T 0.084 0.031 0.036 0.033 0.017 0.024 0.035 0.05 0.013 0.086 0.077 0.04 0.021 0.026 0.025 0.078 0.213 0.006 0.017 0.089
94 A 0.183 0.025 0.025 0.026 0.099 0.02 0.03 0.161 0.012 0.052 0.06 0.035 0.017 0.021 0.023 0.063 0.042 0.005 0.015 0.085
95 F 0.033 0.018 0.016 0.016 0.01 0.01 0.018 0.025 0.016 0.061 0.11 0.018 0.025 0.408 0.01 0.025 0.025 0.016 0.086 0.053
96 Y 0.039 0.027 0.021 0.018 0.009 0.021 0.027 0.024 0.045 0.042 0.066 0.03 0.018 0.126 0.015 0.03 0.027 0.027 0.341 0.045
97 A 0.187 0.025 0.026 0.027 0.017 0.021 0.031 0.162 0.012 0.086 0.074 0.036 0.019 0.024 0.023 0.064 0.043 0.005 0.016 0.101
98 I 0.049 0.018 0.014 0.017 0.016 0.013 0.018 0.021 0.008 0.269 0.162 0.023 0.035 0.042 0.014 0.025 0.04 0.006 0.02 0.189
99 Y 0.039 0.027 0.021 0.018 0.009 0.021 0.027 0.024 0.045 0.042 0.066 0.03 0.018 0.126 0.015 0.03 0.027 0.027 0.341 0.045
100 Y 0.057 0.027 0.021 0.019 0.01 0.021 0.028 0.027 0.043 0.042 0.066 0.031 0.018 0.12 0.016 0.034 0.028 0.026 0.319 0.047
101 V 0.066 0.021 0.016 0.017 0.018 0.016 0.022 0.024 0.008 0.17 0.154 0.025 0.036 0.037 0.016 0.031 0.045 0.006 0.02 0.253
102 S 0.087 0.031 0.038 0.034 0.101 0.025 0.037 0.053 0.014 0.055 0.062 0.04 0.018 0.023 0.024 0.134 0.12 0.005 0.016 0.084
103 Y 0.039 0.027 0.021 0.018 0.009 0.021 0.027 0.024 0.045 0.042 0.066 0.03 0.018 0.126 0.015 0.03 0.027 0.027 0.341 0.045
104 K 0.054 0.119 0.04 0.039 0.008 0.051 0.067 0.041 0.027 0.026 0.042 0.286 0.015 0.015 0.026 0.051 0.038 0.005 0.017 0.031
105 T 0.07 0.032 0.038 0.034 0.017 0.025 0.036 0.039 0.013 0.068 0.072 0.041 0.021 0.025 0.025 0.082 0.242 0.006 0.018 0.097
106 R 0.051 0.319 0.039 0.032 0.009 0.045 0.051 0.036 0.022 0.023 0.044 0.112 0.015 0.017 0.02 0.069 0.04 0.006 0.017 0.031
107 L 0.041 0.022 0.014 0.015 0.015 0.015 0.019 0.021 0.011 0.102 0.341 0.023 0.043 0.121 0.013 0.024 0.031 0.009 0.034 0.085
108 R 0.048 0.265 0.034 0.029 0.01 0.039 0.045 0.033 0.02 0.036 0.091 0.093 0.019 0.024 0.019 0.056 0.048 0.031 0.02 0.041
109 P 0.079 0.071 0.038 0.038 0.012 0.048 0.052 0.046 0.041 0.027 0.041 0.098 0.014 0.018 0.168 0.102 0.049 0.005 0.02 0.035
110 L 0.096 0.089 0.026 0.034 0.013 0.027 0.037 0.039 0.016 0.055 0.119 0.07 0.032 0.075 0.089 0.047 0.039 0.007 0.026 0.063
111 K 0.057 0.108 0.042 0.042 0.009 0.054 0.071 0.043 0.021 0.028 0.043 0.274 0.016 0.016 0.028 0.054 0.04 0.005 0.017 0.033
112 R 0.045 0.342 0.039 0.031 0.008 0.049 0.053 0.033 0.023 0.023 0.047 0.121 0.016 0.017 0.019 0.045 0.035 0.006 0.017 0.031
113 I 0.047 0.018 0.015 0.018 0.016 0.013 0.018 0.021 0.009 0.267 0.169 0.024 0.037 0.044 0.015 0.025 0.04 0.006 0.021 0.178
114 V 0.07 0.022 0.017 0.018 0.019 0.017 0.023 0.025 0.008 0.165 0.131 0.026 0.032 0.036 0.017 0.033 0.05 0.006 0.021 0.265
115 Y 0.041 0.028 0.022 0.019 0.009 0.022 0.028 0.025 0.047 0.044 0.069 0.031 0.019 0.131 0.016 0.031 0.028 0.028 0.314 0.047
116 K 0.057 0.108 0.042 0.042 0.009 0.054 0.071 0.043 0.021 0.028 0.043 0.274 0.016 0.016 0.028 0.054 0.04 0.005 0.017 0.033
117 I 0.053 0.021 0.021 0.022 0.017 0.016 0.022 0.025 0.01 0.225 0.148 0.028 0.034 0.04 0.017 0.039 0.081 0.006 0.02 0.156
118 R 0.052 0.278 0.039 0.032 0.008 0.043 0.047 0.128 0.021 0.023 0.043 0.103 0.014 0.017 0.019 0.046 0.034 0.006 0.016 0.03
119 P 0.076 0.095 0.039 0.038 0.013 0.031 0.046 0.048 0.018 0.027 0.041 0.063 0.014 0.017 0.212 0.113 0.055 0.004 0.016 0.036
120 D 0.042 0.039 0.164 0.199 0.008 0.033 0.067 0.053 0.091 0.023 0.032 0.049 0.011 0.019 0.021 0.057 0.039 0.005 0.022 0.025
121 D 0.069 0.034 0.063 0.256 0.012 0.031 0.076 0.055 0.019 0.025 0.034 0.049 0.012 0.017 0.025 0.118 0.054 0.004 0.014 0.031
122 D 0.045 0.052 0.161 0.2 0.008 0.036 0.071 0.054 0.024 0.024 0.033 0.095 0.011 0.016 0.023 0.06 0.042 0.004 0.014 0.027
123 I 0.047 0.018 0.015 0.018 0.016 0.013 0.018 0.021 0.009 0.267 0.169 0.024 0.037 0.044 0.015 0.025 0.04 0.006 0.021 0.178
124 K 0.054 0.131 0.041 0.059 0.008 0.057 0.156 0.038 0.023 0.025 0.042 0.164 0.015 0.016 0.025 0.053 0.038 0.005 0.017 0.032
125 P 0.089 0.035 0.042 0.042 0.015 0.028 0.046 0.055 0.017 0.028 0.04 0.049 0.014 0.018 0.214 0.147 0.064 0.004 0.016 0.038
126 E 0.053 0.046 0.046 0.151 0.007 0.058 0.253 0.038 0.025 0.022 0.035 0.07 0.012 0.016 0.025 0.055 0.037 0.005 0.016 0.03
127 T 0.061 0.039 0.152 0.056 0.014 0.03 0.044 0.052 0.021 0.041 0.052 0.049 0.016 0.022 0.025 0.084 0.166 0.005 0.017 0.054
128 L 0.06 0.028 0.024 0.025 0.015 0.021 0.03 0.033 0.013 0.081 0.239 0.034 0.035 0.04 0.113 0.067 0.044 0.006 0.02 0.073
129 T 0.088 0.038 0.048 0.042 0.018 0.03 0.045 0.053 0.016 0.044 0.056 0.049 0.018 0.023 0.029 0.142 0.179 0.006 0.018 0.06
130 R 0.062 0.128 0.032 0.03 0.013 0.03 0.038 0.047 0.016 0.079 0.089 0.061 0.021 0.024 0.101 0.069 0.057 0.005 0.017 0.08
131 P 0.057 0.026 0.023 0.031 0.01 0.021 0.036 0.036 0.013 0.026 0.036 0.042 0.01 0.013 0.491 0.044 0.036 0.003 0.013 0.031
132 P 0.088 0.051 0.033 0.036 0.015 0.027 0.044 0.046 0.016 0.054 0.059 0.048 0.017 0.021 0.161 0.094 0.085 0.005 0.017 0.084
133 A 0.108 0.077 0.037 0.091 0.013 0.033 0.083 0.08 0.017 0.044 0.072 0.057 0.017 0.022 0.057 0.067 0.043 0.005 0.016 0.06
134 S 0.11 0.04 0.054 0.049 0.018 0.033 0.053 0.067 0.019 0.03 0.042 0.054 0.016 0.021 0.03 0.216 0.082 0.005 0.018 0.042
135 D 0.041 0.03 0.069 0.394 0.008 0.03 0.092 0.047 0.019 0.023 0.028 0.045 0.009 0.015 0.023 0.052 0.036 0.004 0.011 0.024
136 C 0.06 0.033 0.029 0.054 0.244 0.039 0.155 0.034 0.017 0.034 0.051 0.048 0.015 0.019 0.021 0.048 0.037 0.005 0.014 0.044
137 H 0.164 0.039 0.04 0.034 0.015 0.032 0.047 0.059 0.183 0.033 0.049 0.045 0.016 0.026 0.025 0.064 0.038 0.007 0.038 0.046
138 R 0.048 0.165 0.131 0.052 0.009 0.045 0.058 0.047 0.025 0.025 0.041 0.15 0.014 0.017 0.023 0.056 0.042 0.005 0.017 0.03
139 R 0.064 0.146 0.077 0.083 0.01 0.039 0.056 0.1 0.021 0.025 0.039 0.098 0.014 0.018 0.023 0.089 0.047 0.005 0.016 0.032
140 D 0.048 0.063 0.12 0.185 0.008 0.04 0.073 0.05 0.023 0.024 0.035 0.134 0.012 0.016 0.024 0.057 0.041 0.004 0.015 0.028
141 N 0.065 0.072 0.134 0.053 0.013 0.032 0.044 0.104 0.021 0.033 0.045 0.056 0.015 0.02 0.024 0.089 0.115 0.005 0.016 0.044
142 A 0.144 0.031 0.064 0.035 0.018 0.024 0.036 0.054 0.015 0.1 0.085 0.041 0.022 0.027 0.024 0.07 0.096 0.006 0.018 0.091
143 E 0.071 0.062 0.048 0.094 0.011 0.048 0.135 0.048 0.022 0.026 0.039 0.127 0.014 0.017 0.027 0.103 0.051 0.005 0.017 0.034
144 P 0.061 0.033 0.039 0.097 0.011 0.032 0.1 0.042 0.019 0.033 0.053 0.047 0.015 0.096 0.123 0.081 0.044 0.007 0.031 0.038
145 E 0.076 0.043 0.044 0.063 0.013 0.045 0.153 0.047 0.023 0.031 0.045 0.06 0.015 0.027 0.027 0.117 0.082 0.007 0.039 0.042
146 A 0.148 0.033 0.034 0.033 0.019 0.026 0.039 0.054 0.014 0.051 0.07 0.044 0.028 0.024 0.061 0.082 0.146 0.006 0.018 0.069
147 P 0.078 0.033 0.037 0.037 0.015 0.026 0.04 0.046 0.015 0.046 0.093 0.044 0.02 0.024 0.159 0.114 0.097 0.005 0.017 0.053
148 S 0.087 0.035 0.041 0.038 0.017 0.028 0.041 0.084 0.016 0.054 0.125 0.045 0.033 0.03 0.025 0.143 0.077 0.006 0.019 0.058
149 T 0.076 0.035 0.045 0.037 0.018 0.027 0.039 0.052 0.014 0.055 0.066 0.045 0.021 0.024 0.027 0.092 0.23 0.006 0.018 0.073
150 D 0.065 0.034 0.088 0.106 0.011 0.029 0.056 0.047 0.025 0.042 0.052 0.043 0.016 0.04 0.034 0.085 0.049 0.048 0.072 0.059
151 S 0.124 0.038 0.047 0.047 0.017 0.033 0.064 0.062 0.018 0.037 0.048 0.053 0.016 0.021 0.043 0.171 0.083 0.005 0.017 0.053
152 K 0.057 0.108 0.042 0.042 0.009 0.054 0.071 0.043 0.021 0.028 0.043 0.274 0.016 0.016 0.028 0.054 0.04 0.005 0.017 0.033
153 E 0.055 0.05 0.041 0.091 0.007 0.065 0.293 0.035 0.026 0.022 0.037 0.076 0.013 0.017 0.026 0.055 0.037 0.006 0.017 0.031
154 S 0.11 0.04 0.054 0.049 0.018 0.033 0.053 0.067 0.019 0.03 0.042 0.054 0.016 0.021 0.03 0.216 0.082 0.005 0.018 0.042
155 A 0.287 0.031 0.026 0.03 0.022 0.026 0.041 0.079 0.015 0.043 0.06 0.045 0.018 0.022 0.03 0.085 0.05 0.005 0.018 0.069
156 R 0.046 0.328 0.039 0.031 0.008 0.048 0.052 0.034 0.023 0.025 0.048 0.118 0.016 0.018 0.02 0.047 0.044 0.006 0.018 0.033
157 P 0.059 0.027 0.025 0.032 0.011 0.021 0.037 0.038 0.013 0.026 0.037 0.042 0.011 0.013 0.471 0.052 0.038 0.003 0.013 0.032
158 L 0.046 0.024 0.015 0.016 0.016 0.016 0.021 0.042 0.01 0.112 0.357 0.026 0.048 0.053 0.014 0.026 0.033 0.007 0.022 0.094
159 P 0.09 0.037 0.027 0.032 0.013 0.023 0.038 0.043 0.014 0.039 0.055 0.045 0.014 0.017 0.346 0.064 0.042 0.004 0.015 0.044
160 G 0.083 0.04 0.07 0.038 0.013 0.068 0.047 0.119 0.019 0.064 0.064 0.054 0.019 0.022 0.048 0.057 0.045 0.005 0.017 0.106
161 P 0.067 0.053 0.029 0.033 0.012 0.029 0.047 0.039 0.015 0.038 0.086 0.077 0.017 0.02 0.267 0.066 0.045 0.004 0.015 0.043
162 R 0.045 0.342 0.039 0.031 0.008 0.049 0.053 0.033 0.023 0.023 0.047 0.121 0.016 0.017 0.019 0.045 0.035 0.006 0.017 0.031
163 P 0.057 0.026 0.023 0.031 0.01 0.021 0.036 0.036 0.013 0.026 0.036 0.042 0.01 0.013 0.491 0.044 0.036 0.003 0.013 0.031
164 S 0.11 0.04 0.054 0.049 0.018 0.033 0.053 0.067 0.019 0.03 0.042 0.054 0.016 0.021 0.03 0.216 0.082 0.005 0.018 0.042
165 R 0.06 0.254 0.056 0.034 0.009 0.043 0.051 0.041 0.03 0.036 0.05 0.123 0.016 0.019 0.021 0.05 0.037 0.005 0.018 0.046
166 R 0.08 0.136 0.076 0.04 0.012 0.036 0.047 0.048 0.019 0.032 0.047 0.089 0.015 0.018 0.087 0.087 0.066 0.005 0.016 0.044
167 P 0.091 0.028 0.027 0.029 0.014 0.022 0.035 0.064 0.013 0.057 0.105 0.038 0.02 0.024 0.208 0.08 0.046 0.004 0.016 0.079
168 L 0.045 0.024 0.014 0.015 0.016 0.016 0.02 0.021 0.01 0.116 0.372 0.025 0.05 0.055 0.014 0.024 0.034 0.007 0.022 0.097
169 L 0.089 0.024 0.018 0.02 0.015 0.017 0.026 0.033 0.011 0.099 0.202 0.03 0.031 0.054 0.108 0.037 0.036 0.032 0.024 0.095
170 A nan nan nan nan nan nan nan nan nan nan nan nan nan nan nan nan nan nan nan nan
171 A nan nan nan nan nan nan nan nan nan nan nan nan nan nan nan nan nan nan nan nan
172 A nan nan nan nan nan nan nan nan nan nan nan nan nan nan nan nan nan nan nan nan
173 A nan nan nan nan nan nan nan nan nan nan nan nan nan nan nan nan nan nan nan nan
174 A nan nan nan nan nan nan nan nan nan nan nan nan nan nan nan nan nan nan nan nan
175 A nan nan nan nan nan nan nan nan nan nan nan nan nan nan nan nan nan nan nan nan
176 A nan nan nan nan nan nan nan nan nan nan nan nan nan nan nan nan nan nan nan nan
177 F 0.035 0.02 0.016 0.016 0.012 0.012 0.019 0.023 0.015 0.075 0.189 0.02 0.031 0.31 0.011 0.024 0.027 0.014 0.068 0.064
178 T 0.072 0.046 0.083 0.044 0.015 0.04 0.045 0.048 0.017 0.042 0.053 0.05 0.017 0.021 0.026 0.112 0.19 0.005 0.017 0.056
179 L 0.049 0.028 0.018 0.019 0.016 0.024 0.025 0.025 0.014 0.131 0.203 0.032 0.15 0.047 0.015 0.032 0.038 0.007 0.023 0.105
180 N 0.052 0.041 0.251 0.068 0.011 0.031 0.046 0.058 0.026 0.029 0.039 0.05 0.013 0.019 0.022 0.084 0.102 0.005 0.016 0.037
181 R 0.045 0.332 0.038 0.031 0.008 0.047 0.053 0.034 0.022 0.023 0.044 0.141 0.015 0.017 0.02 0.044 0.034 0.006 0.017 0.03
182 V 0.062 0.024 0.019 0.019 0.018 0.017 0.024 0.025 0.009 0.134 0.181 0.028 0.036 0.038 0.017 0.037 0.072 0.006 0.02 0.214
183 E 0.053 0.048 0.04 0.094 0.007 0.062 0.315 0.034 0.025 0.021 0.035 0.072 0.012 0.016 0.025 0.053 0.036 0.005 0.016 0.03
184 T 0.116 0.031 0.034 0.031 0.017 0.025 0.036 0.045 0.018 0.056 0.067 0.04 0.019 0.038 0.025 0.075 0.175 0.009 0.065 0.08
185 H 0.045 0.042 0.087 0.039 0.01 0.06 0.05 0.062 0.141 0.04 0.103 0.047 0.021 0.041 0.018 0.043 0.033 0.009 0.071 0.04
186 L 0.043 0.023 0.014 0.015 0.016 0.016 0.019 0.021 0.01 0.122 0.382 0.024 0.048 0.053 0.014 0.024 0.033 0.007 0.022 0.097
187 T 0.078 0.032 0.038 0.033 0.017 0.025 0.036 0.041 0.013 0.057 0.093 0.041 0.022 0.042 0.025 0.081 0.23 0.006 0.02 0.07
188 W 0.055 0.021 0.019 0.019 0.158 0.015 0.022 0.048 0.012 0.069 0.069 0.025 0.018 0.039 0.013 0.047 0.034 0.218 0.036 0.062
189 G 0.065 0.024 0.026 0.024 0.014 0.02 0.025 0.239 0.012 0.083 0.11 0.031 0.067 0.032 0.017 0.04 0.037 0.006 0.017 0.11
190 L 0.044 0.023 0.014 0.015 0.016 0.016 0.019 0.021 0.01 0.137 0.358 0.024 0.049 0.051 0.014 0.024 0.033 0.007 0.021 0.104
191 L 0.043 0.024 0.014 0.015 0.016 0.016 0.02 0.021 0.01 0.111 0.396 0.024 0.049 0.053 0.014 0.024 0.032 0.007 0.022 0.093
192 A 0.188 0.028 0.021 0.024 0.018 0.024 0.032 0.051 0.014 0.096 0.115 0.037 0.072 0.032 0.022 0.058 0.044 0.006 0.019 0.097
193 L 0.052 0.023 0.018 0.018 0.015 0.016 0.021 0.09 0.01 0.121 0.303 0.026 0.042 0.046 0.015 0.03 0.035 0.006 0.02 0.094
194 V 0.058 0.02 0.015 0.017 0.017 0.015 0.02 0.022 0.008 0.21 0.147 0.024 0.033 0.038 0.015 0.029 0.044 0.006 0.02 0.241
195 A 0.314 0.03 0.025 0.029 0.021 0.025 0.039 0.076 0.014 0.042 0.057 0.043 0.017 0.021 0.029 0.082 0.048 0.005 0.017 0.066
196 L 0.044 0.022 0.014 0.016 0.015 0.015 0.019 0.021 0.01 0.141 0.296 0.023 0.042 0.095 0.014 0.024 0.034 0.008 0.029 0.118
197 G 0.072 0.023 0.028 0.026 0.014 0.018 0.025 0.24 0.012 0.073 0.083 0.03 0.02 0.074 0.017 0.053 0.045 0.007 0.024 0.117
198 T 0.084 0.036 0.045 0.04 0.03 0.028 0.042 0.05 0.015 0.043 0.054 0.046 0.017 0.022 0.027 0.149 0.191 0.005 0.017 0.057
199 V 0.107 0.022 0.018 0.019 0.018 0.017 0.025 0.033 0.009 0.152 0.13 0.028 0.029 0.034 0.018 0.04 0.049 0.005 0.019 0.226
200 G 0.182 0.027 0.03 0.03 0.017 0.022 0.033 0.192 0.014 0.066 0.061 0.038 0.017 0.022 0.024 0.081 0.056 0.005 0.015 0.065
201 V 0.057 0.02 0.015 0.017 0.017 0.015 0.02 0.022 0.008 0.21 0.158 0.024 0.034 0.039 0.015 0.029 0.044 0.006 0.02 0.228
202 F 0.033 0.018 0.016 0.016 0.01 0.01 0.018 0.025 0.016 0.061 0.11 0.018 0.025 0.408 0.01 0.025 0.025 0.016 0.086 0.053
203 F 0.033 0.018 0.016 0.016 0.01 0.01 0.018 0.025 0.016 0.061 0.11 0.018 0.025 0.408 0.01 0.025 0.025 0.016 0.086 0.053
204 L 0.116 0.026 0.019 0.021 0.017 0.022 0.027 0.037 0.013 0.136 0.166 0.033 0.089 0.039 0.018 0.043 0.041 0.006 0.021 0.11
205 H 0.045 0.058 0.111 0.049 0.008 0.082 0.064 0.044 0.179 0.023 0.038 0.088 0.015 0.022 0.021 0.051 0.035 0.006 0.034 0.027
206 N 0.041 0.043 0.34 0.08 0.009 0.033 0.048 0.063 0.03 0.022 0.03 0.052 0.011 0.017 0.02 0.067 0.048 0.004 0.015 0.026
207 G 0.076 0.022 0.038 0.033 0.01 0.018 0.025 0.527 0.013 0.018 0.027 0.033 0.009 0.016 0.018 0.05 0.029 0.005 0.01 0.023
208 F 0.036 0.02 0.016 0.016 0.012 0.012 0.019 0.023 0.014 0.076 0.195 0.02 0.031 0.302 0.011 0.024 0.027 0.014 0.067 0.065
209 L 0.043 0.023 0.014 0.015 0.016 0.016 0.02 0.021 0.01 0.111 0.397 0.024 0.048 0.053 0.014 0.023 0.032 0.007 0.022 0.093
210 L 0.043 0.023 0.014 0.015 0.016 0.016 0.02 0.021 0.01 0.111 0.397 0.024 0.048 0.053 0.014 0.023 0.032 0.007 0.022 0.093
211 F 0.033 0.018 0.016 0.016 0.01 0.01 0.018 0.025 0.016 0.061 0.11 0.018 0.025 0.408 0.01 0.025 0.025 0.016 0.086 0.053
212 K 0.051 0.198 0.039 0.036 0.008 0.05 0.062 0.038 0.021 0.025 0.043 0.236 0.015 0.016 0.024 0.049 0.037 0.005 0.017 0.031
213 L 0.043 0.023 0.014 0.015 0.016 0.016 0.02 0.021 0.01 0.111 0.397 0.024 0.048 0.053 0.014 0.023 0.032 0.007 0.022 0.093
214 S 0.065 0.05 0.062 0.099 0.011 0.071 0.097 0.053 0.065 0.027 0.04 0.067 0.015 0.019 0.024 0.106 0.068 0.005 0.021 0.035
215 S 0.111 0.046 0.049 0.045 0.016 0.034 0.052 0.062 0.018 0.029 0.042 0.083 0.015 0.02 0.028 0.212 0.074 0.005 0.017 0.041
216 Y 0.039 0.027 0.021 0.018 0.009 0.021 0.027 0.024 0.045 0.042 0.066 0.03 0.018 0.126 0.015 0.03 0.027 0.027 0.341 0.045
217 S 0.103 0.039 0.067 0.049 0.016 0.032 0.05 0.064 0.019 0.028 0.04 0.052 0.015 0.02 0.028 0.237 0.078 0.005 0.017 0.04
218 Q 0.053 0.069 0.039 0.041 0.009 0.188 0.086 0.038 0.025 0.036 0.089 0.108 0.023 0.019 0.022 0.05 0.039 0.006 0.02 0.041
219 I 0.046 0.017 0.014 0.017 0.016 0.013 0.017 0.02 0.009 0.296 0.162 0.023 0.036 0.043 0.014 0.024 0.038 0.006 0.02 0.171
220 F 0.033 0.018 0.016 0.016 0.01 0.01 0.018 0.025 0.016 0.061 0.11 0.018 0.025 0.408 0.01 0.025 0.025 0.016 0.086 0.053
221 S 0.106 0.039 0.052 0.047 0.017 0.032 0.051 0.064 0.019 0.029 0.04 0.052 0.015 0.02 0.029 0.246 0.079 0.005 0.017 0.04
222 S 0.12 0.12 0.079 0.043 0.014 0.034 0.048 0.068 0.02 0.028 0.043 0.066 0.015 0.019 0.025 0.138 0.057 0.005 0.017 0.04
223 D 0.049 0.048 0.05 0.19 0.008 0.095 0.179 0.04 0.023 0.023 0.035 0.071 0.013 0.015 0.023 0.053 0.036 0.005 0.015 0.029
224 V 0.067 0.021 0.016 0.017 0.018 0.016 0.022 0.024 0.008 0.162 0.127 0.025 0.031 0.035 0.016 0.032 0.048 0.005 0.02 0.291
225 S 0.132 0.036 0.045 0.042 0.017 0.03 0.046 0.062 0.017 0.047 0.051 0.049 0.017 0.022 0.028 0.199 0.085 0.005 0.017 0.054
226 G 0.081 0.025 0.045 0.08 0.01 0.021 0.034 0.364 0.018 0.023 0.034 0.035 0.011 0.03 0.019 0.05 0.031 0.008 0.052 0.029
227 V 0.068 0.021 0.016 0.017 0.019 0.016 0.023 0.024 0.008 0.159 0.126 0.025 0.031 0.034 0.016 0.032 0.048 0.005 0.02 0.294
228 A 0.283 0.029 0.026 0.029 0.02 0.024 0.037 0.132 0.014 0.04 0.054 0.042 0.016 0.02 0.027 0.078 0.046 0.005 0.016 0.063
229 L 0.043 0.023 0.014 0.015 0.016 0.016 0.02 0.021 0.01 0.111 0.396 0.024 0.048 0.053 0.014 0.023 0.032 0.007 0.022 0.093
230 K 0.055 0.103 0.04 0.04 0.008 0.052 0.068 0.042 0.02 0.027 0.042 0.303 0.015 0.015 0.027 0.052 0.038 0.005 0.017 0.032
231 R 0.043 0.367 0.037 0.03 0.008 0.047 0.051 0.032 0.023 0.023 0.045 0.116 0.015 0.017 0.019 0.043 0.034 0.006 0.017 0.03
232 F 0.033 0.018 0.016 0.016 0.01 0.01 0.018 0.025 0.016 0.061 0.11 0.018 0.025 0.408 0.01 0.025 0.025 0.016 0.086 0.053
233 F 0.033 0.018 0.016 0.016 0.01 0.01 0.018 0.025 0.016 0.061 0.11 0.018 0.025 0.408 0.01 0.025 0.025 0.016 0.086 0.053
234 Y 0.039 0.027 0.021 0.018 0.009 0.021 0.027 0.024 0.045 0.042 0.066 0.03 0.018 0.126 0.015 0.03 0.027 0.027 0.341 0.045
235 F 0.033 0.018 0.016 0.016 0.01 0.01 0.018 0.025 0.016 0.061 0.111 0.018 0.025 0.407 0.01 0.025 0.025 0.016 0.086 0.053
236 F 0.033 0.018 0.016 0.016 0.01 0.01 0.018 0.025 0.016 0.061 0.11 0.018 0.025 0.408 0.01 0.025 0.025 0.016 0.086 0.053
237 I 0.046 0.017 0.014 0.017 0.016 0.013 0.017 0.02 0.009 0.295 0.162 0.023 0.036 0.043 0.014 0.024 0.038 0.006 0.02 0.171
238 P 0.055 0.025 0.023 0.03 0.01 0.02 0.035 0.035 0.012 0.025 0.035 0.04 0.01 0.012 0.511 0.042 0.035 0.003 0.012 0.03
239 A 0.304 0.03 0.025 0.029 0.02 0.024 0.039 0.094 0.014 0.041 0.056 0.043 0.017 0.021 0.028 0.081 0.047 0.005 0.017 0.065
240 L 0.05 0.031 0.019 0.019 0.016 0.027 0.027 0.027 0.016 0.097 0.19 0.035 0.189 0.047 0.016 0.035 0.039 0.008 0.023 0.089
241 L 0.043 0.023 0.014 0.015 0.016 0.016 0.02 0.021 0.01 0.111 0.397 0.024 0.048 0.053 0.014 0.023 0.032 0.007 0.022 0.093
242 L 0.055 0.023 0.016 0.017 0.017 0.017 0.022 0.023 0.01 0.165 0.202 0.026 0.065 0.042 0.015 0.029 0.041 0.006 0.021 0.189
243 V 0.057 0.023 0.016 0.017 0.016 0.016 0.022 0.024 0.009 0.133 0.141 0.025 0.029 0.041 0.016 0.029 0.041 0.1 0.029 0.217
244 Y 0.039 0.027 0.021 0.018 0.009 0.021 0.027 0.024 0.045 0.042 0.067 0.03 0.018 0.132 0.015 0.03 0.027 0.027 0.336 0.045
245 F 0.033 0.018 0.016 0.016 0.01 0.01 0.018 0.025 0.016 0.061 0.11 0.018 0.025 0.407 0.01 0.025 0.025 0.016 0.086 0.053
246 L 0.045 0.027 0.056 0.024 0.015 0.019 0.024 0.027 0.013 0.098 0.33 0.029 0.051 0.047 0.015 0.034 0.036 0.007 0.021 0.083
247 R 0.046 0.206 0.049 0.037 0.008 0.07 0.06 0.037 0.09 0.024 0.042 0.135 0.015 0.019 0.021 0.047 0.034 0.006 0.025 0.029
248 Q 0.087 0.053 0.036 0.046 0.01 0.144 0.111 0.042 0.023 0.027 0.043 0.071 0.016 0.015 0.122 0.055 0.039 0.005 0.017 0.037
249 T 0.059 0.033 0.059 0.175 0.013 0.028 0.056 0.046 0.016 0.04 0.049 0.044 0.015 0.02 0.025 0.076 0.178 0.005 0.015 0.051
250 R 0.056 0.207 0.037 0.033 0.01 0.054 0.052 0.04 0.021 0.033 0.066 0.115 0.028 0.025 0.022 0.073 0.042 0.018 0.027 0.04
251 R 0.047 0.281 0.038 0.033 0.008 0.05 0.056 0.035 0.022 0.025 0.045 0.17 0.015 0.017 0.021 0.046 0.036 0.006 0.017 0.032
252 A 0.199 0.095 0.052 0.036 0.016 0.066 0.052 0.062 0.019 0.034 0.051 0.064 0.017 0.019 0.025 0.074 0.045 0.005 0.017 0.051
253 W 0.029 0.022 0.015 0.015 0.007 0.015 0.022 0.029 0.015 0.029 0.051 0.022 0.015 0.059 0.007 0.022 0.022 0.51 0.066 0.029
254 L 0.041 0.021 0.015 0.016 0.025 0.014 0.019 0.022 0.012 0.125 0.259 0.023 0.045 0.151 0.013 0.025 0.032 0.009 0.039 0.094
255 F 0.039 0.023 0.017 0.018 0.015 0.027 0.024 0.025 0.014 0.119 0.183 0.025 0.032 0.22 0.013 0.026 0.03 0.012 0.052 0.086
256 F 0.033 0.018 0.016 0.016 0.01 0.01 0.018 0.025 0.016 0.061 0.11 0.018 0.025 0.408 0.01 0.025 0.025 0.016 0.086 0.053
257 L 0.043 0.023 0.014 0.015 0.016 0.016 0.02 0.021 0.01 0.111 0.397 0.024 0.048 0.053 0.014 0.023 0.032 0.007 0.022 0.093
258 L 0.088 0.023 0.016 0.018 0.019 0.017 0.023 0.029 0.01 0.14 0.23 0.027 0.036 0.049 0.016 0.034 0.04 0.006 0.022 0.157
259 S 0.112 0.033 0.039 0.036 0.018 0.026 0.04 0.058 0.015 0.063 0.065 0.043 0.019 0.026 0.025 0.146 0.103 0.006 0.024 0.103
260 T 0.071 0.034 0.042 0.036 0.017 0.027 0.038 0.042 0.013 0.051 0.063 0.044 0.019 0.023 0.027 0.09 0.271 0.006 0.017 0.069
261 V 0.065 0.021 0.016 0.017 0.018 0.016 0.022 0.023 0.008 0.176 0.131 0.025 0.031 0.036 0.016 0.031 0.047 0.005 0.02 0.277
262 A 0.205 0.029 0.029 0.029 0.019 0.023 0.035 0.107 0.013 0.056 0.064 0.04 0.018 0.023 0.026 0.075 0.095 0.005 0.017 0.091
263 F 0.033 0.018 0.016 0.016 0.01 0.01 0.018 0.025 0.016 0.061 0.11 0.018 0.025 0.408 0.01 0.025 0.025 0.016 0.086 0.053
264 G 0.076 0.022 0.038 0.033 0.01 0.018 0.025 0.527 0.013 0.018 0.027 0.033 0.009 0.016 0.018 0.05 0.029 0.005 0.01 0.023
265 L 0.049 0.021 0.019 0.019 0.014 0.015 0.02 0.116 0.011 0.13 0.228 0.025 0.036 0.09 0.014 0.029 0.032 0.008 0.028 0.097
266 L 0.043 0.023 0.014 0.015 0.016 0.016 0.019 0.021 0.01 0.119 0.386 0.024 0.048 0.053 0.014 0.024 0.033 0.007 0.022 0.096
267 T 0.075 0.035 0.043 0.038 0.017 0.027 0.04 0.045 0.014 0.05 0.061 0.045 0.019 0.023 0.027 0.109 0.246 0.006 0.017 0.066
268 Y 0.039 0.027 0.021 0.018 0.009 0.021 0.027 0.024 0.045 0.042 0.066 0.03 0.018 0.126 0.015 0.03 0.027 0.027 0.341 0.045
269 L 0.083 0.024 0.017 0.018 0.017 0.019 0.024 0.029 0.01 0.135 0.19 0.028 0.061 0.04 0.017 0.035 0.042 0.006 0.021 0.183
270 I 0.046 0.019 0.014 0.017 0.016 0.014 0.018 0.02 0.009 0.246 0.216 0.023 0.038 0.045 0.014 0.024 0.037 0.006 0.02 0.158
271 V 0.068 0.021 0.016 0.017 0.019 0.016 0.023 0.024 0.008 0.159 0.126 0.025 0.031 0.034 0.016 0.032 0.048 0.005 0.02 0.294
272 G 0.076 0.022 0.038 0.033 0.01 0.018 0.025 0.527 0.013 0.018 0.027 0.033 0.009 0.016 0.018 0.05 0.029 0.005 0.01 0.023
273 G 0.076 0.022 0.038 0.033 0.01 0.018 0.025 0.527 0.013 0.018 0.027 0.033 0.009 0.016 0.018 0.05 0.029 0.005 0.01 0.023
274 T 0.071 0.034 0.042 0.036 0.017 0.027 0.038 0.042 0.013 0.051 0.063 0.044 0.019 0.023 0.027 0.09 0.272 0.006 0.017 0.069
275 R 0.043 0.367 0.037 0.03 0.008 0.047 0.051 0.032 0.023 0.023 0.045 0.116 0.015 0.017 0.019 0.043 0.034 0.006 0.017 0.03
276 A 0.314 0.03 0.025 0.029 0.021 0.025 0.039 0.076 0.014 0.042 0.057 0.043 0.017 0.021 0.029 0.082 0.048 0.005 0.017 0.066
277 N 0.041 0.043 0.34 0.08 0.009 0.033 0.048 0.063 0.03 0.022 0.03 0.052 0.011 0.017 0.02 0.067 0.048 0.004 0.015 0.026
278 I 0.049 0.02 0.018 0.02 0.016 0.015 0.02 0.023 0.009 0.256 0.151 0.026 0.033 0.04 0.016 0.034 0.072 0.006 0.02 0.155
279 I 0.046 0.018 0.015 0.017 0.016 0.014 0.018 0.02 0.009 0.283 0.164 0.024 0.045 0.043 0.014 0.025 0.038 0.006 0.02 0.165
280 I 0.046 0.017 0.014 0.017 0.016 0.013 0.017 0.02 0.009 0.295 0.163 0.023 0.036 0.043 0.014 0.024 0.038 0.006 0.02 0.171
281 A 0.288 0.031 0.028 0.031 0.02 0.026 0.041 0.074 0.015 0.04 0.055 0.044 0.017 0.021 0.029 0.103 0.052 0.005 0.017 0.063
282 F 0.033 0.018 0.016 0.016 0.01 0.01 0.018 0.025 0.016 0.061 0.111 0.018 0.025 0.407 0.01 0.025 0.025 0.016 0.086 0.053
283 A 0.286 0.031 0.028 0.031 0.02 0.026 0.041 0.074 0.015 0.04 0.055 0.044 0.017 0.021 0.029 0.105 0.052 0.005 0.017 0.063
284 L 0.044 0.021 0.014 0.015 0.016 0.015 0.019 0.02 0.009 0.169 0.324 0.024 0.044 0.05 0.014 0.024 0.034 0.006 0.021 0.117
285 F 0.033 0.018 0.016 0.016 0.01 0.01 0.018 0.025 0.016 0.061 0.11 0.018 0.025 0.408 0.01 0.025 0.025 0.016 0.086 0.053
286 L 0.043 0.023 0.014 0.015 0.016 0.016 0.02 0.021 0.01 0.111 0.397 0.024 0.048 0.053 0.014 0.023 0.032 0.007 0.022 0.093
287 F 0.033 0.018 0.016 0.016 0.01 0.01 0.018 0.025 0.016 0.061 0.11 0.018 0.025 0.408 0.01 0.025 0.025 0.016 0.086 0.053
288 I 0.046 0.017 0.014 0.017 0.016 0.013 0.017 0.02 0.009 0.296 0.162 0.023 0.036 0.043 0.014 0.024 0.038 0.006 0.02 0.171
289 G 0.076 0.022 0.038 0.033 0.01 0.018 0.025 0.527 0.013 0.018 0.027 0.033 0.009 0.016 0.018 0.05 0.029 0.005 0.01 0.023
290 L 0.047 0.02 0.014 0.016 0.016 0.014 0.019 0.021 0.009 0.209 0.246 0.024 0.04 0.045 0.014 0.025 0.037 0.006 0.021 0.157
291 I 0.059 0.033 0.034 0.029 0.015 0.061 0.04 0.032 0.014 0.142 0.121 0.042 0.028 0.031 0.019 0.054 0.088 0.006 0.019 0.135
292 R 0.043 0.367 0.037 0.03 0.008 0.047 0.051 0.032 0.023 0.023 0.045 0.116 0.015 0.017 0.019 0.043 0.034 0.006 0.017 0.03
293 G 0.075 0.03 0.038 0.033 0.01 0.019 0.025 0.516 0.013 0.018 0.028 0.034 0.009 0.016 0.018 0.049 0.029 0.005 0.011 0.024
294 W 0.029 0.022 0.015 0.015 0.007 0.015 0.022 0.029 0.015 0.029 0.051 0.022 0.015 0.059 0.007 0.022 0.022 0.509 0.066 0.029
295 I 0.048 0.018 0.014 0.017 0.016 0.013 0.018 0.02 0.008 0.279 0.158 0.023 0.035 0.042 0.014 0.025 0.04 0.006 0.02 0.186
296 T 0.109 0.044 0.049 0.04 0.016 0.031 0.046 0.053 0.016 0.04 0.053 0.079 0.017 0.021 0.027 0.13 0.15 0.005 0.017 0.056
297 L 0.042 0.023 0.014 0.015 0.015 0.016 0.02 0.022 0.01 0.105 0.353 0.024 0.044 0.053 0.014 0.024 0.032 0.057 0.026 0.093
298 W 0.034 0.045 0.018 0.018 0.008 0.018 0.025 0.033 0.015 0.029 0.051 0.03 0.015 0.053 0.01 0.034 0.03 0.444 0.06 0.031
299 L 0.053 0.031 0.022 0.022 0.016 0.026 0.028 0.029 0.015 0.103 0.169 0.035 0.153 0.043 0.017 0.042 0.073 0.007 0.022 0.093
300 L 0.043 0.023 0.014 0.015 0.016 0.016 0.02 0.021 0.01 0.111 0.397 0.024 0.048 0.053 0.014 0.023 0.032 0.007 0.022 0.093
301 A 0.226 0.026 0.021 0.025 0.019 0.021 0.032 0.058 0.012 0.106 0.1 0.036 0.023 0.029 0.024 0.063 0.045 0.005 0.018 0.107
302 A 0.203 0.027 0.023 0.026 0.019 0.021 0.032 0.077 0.012 0.093 0.101 0.037 0.023 0.028 0.024 0.067 0.055 0.005 0.018 0.109
303 A 0.314 0.03 0.025 0.029 0.021 0.025 0.039 0.076 0.014 0.042 0.057 0.043 0.017 0.021 0.029 0.082 0.048 0.005 0.017 0.066
304 G 0.072 0.022 0.035 0.03 0.011 0.018 0.024 0.463 0.013 0.03 0.074 0.032 0.014 0.02 0.018 0.046 0.029 0.005 0.012 0.032
305 V 0.084 0.022 0.018 0.019 0.063 0.016 0.023 0.063 0.009 0.13 0.126 0.027 0.028 0.032 0.017 0.038 0.044 0.005 0.018 0.218
306 L 0.111 0.025 0.021 0.022 0.016 0.019 0.027 0.065 0.013 0.084 0.177 0.031 0.043 0.097 0.018 0.053 0.04 0.008 0.03 0.101
307 G 0.109 0.024 0.034 0.031 0.074 0.019 0.027 0.371 0.013 0.025 0.037 0.034 0.011 0.017 0.02 0.067 0.036 0.005 0.012 0.034
308 I 0.05 0.019 0.015 0.017 0.016 0.014 0.019 0.021 0.009 0.258 0.157 0.024 0.044 0.041 0.015 0.026 0.04 0.006 0.02 0.188
309 V 0.072 0.024 0.021 0.022 0.018 0.018 0.026 0.052 0.01 0.133 0.128 0.029 0.029 0.033 0.018 0.059 0.05 0.005 0.019 0.236
310 G 0.175 0.025 0.032 0.031 0.015 0.021 0.031 0.338 0.014 0.028 0.04 0.037 0.012 0.018 0.023 0.063 0.037 0.005 0.013 0.041
311 L 0.05 0.031 0.019 0.019 0.016 0.027 0.027 0.027 0.016 0.097 0.19 0.035 0.189 0.047 0.016 0.035 0.039 0.008 0.023 0.089
312 F 0.033 0.018 0.016 0.016 0.01 0.01 0.018 0.025 0.016 0.061 0.11 0.018 0.025 0.408 0.01 0.025 0.025 0.016 0.086 0.053
313 W 0.03 0.021 0.015 0.015 0.008 0.014 0.021 0.029 0.015 0.034 0.06 0.021 0.016 0.109 0.008 0.022 0.022 0.437 0.069 0.033
314 L 0.044 0.024 0.014 0.015 0.016 0.017 0.02 0.021 0.01 0.11 0.371 0.026 0.066 0.052 0.014 0.025 0.033 0.007 0.022 0.092
315 A 0.314 0.03 0.025 0.029 0.021 0.025 0.039 0.076 0.014 0.042 0.057 0.043 0.017 0.021 0.029 0.082 0.048 0.005 0.017 0.066
316 L 0.043 0.023 0.014 0.015 0.016 0.016 0.02 0.021 0.01 0.112 0.397 0.024 0.048 0.053 0.014 0.023 0.032 0.007 0.022 0.093
317 K 0.057 0.122 0.039 0.038 0.009 0.046 0.06 0.111 0.019 0.025 0.04 0.242 0.014 0.015 0.025 0.05 0.036 0.005 0.016 0.03
318 R 0.043 0.367 0.037 0.03 0.008 0.047 0.051 0.032 0.023 0.023 0.045 0.116 0.015 0.017 0.019 0.043 0.034 0.006 0.017 0.03
319 Y 0.039 0.027 0.021 0.018 0.009 0.021 0.027 0.024 0.045 0.042 0.066 0.03 0.018 0.126 0.015 0.03 0.027 0.027 0.341 0.045
320 G 0.065 0.029 0.137 0.048 0.01 0.023 0.033 0.365 0.019 0.02 0.029 0.039 0.01 0.016 0.019 0.059 0.036 0.005 0.012 0.025
321 L 0.044 0.023 0.014 0.015 0.016 0.016 0.02 0.021 0.01 0.133 0.352 0.025 0.057 0.051 0.014 0.024 0.034 0.007 0.021 0.102
322 D 0.042 0.035 0.143 0.291 0.008 0.037 0.091 0.049 0.022 0.022 0.029 0.049 0.01 0.015 0.021 0.056 0.038 0.004 0.013 0.025
