#Seq2Logo.py -f /work3/idamei/ssn-clusterings/clustering/2205181126/clusters/0005_150/sequences.afa -o /work3/idamei/ssn-clusterings/clustering/2205181126/clusters/0005_150/sequences.logo
#Position Specific Frequency Matrix
A R N D C Q E G H I L K M F P S T W Y V
0 L 0.052 0.032 0.02 0.02 0.016 0.028 0.028 0.028 0.016 0.099 0.194 0.036 0.171 0.048 0.016 0.036 0.04 0.008 0.024 0.091
1 L 0.049 0.056 0.029 0.037 0.011 0.037 0.085 0.031 0.022 0.058 0.159 0.122 0.027 0.047 0.021 0.04 0.035 0.01 0.07 0.055
2 R 0.057 0.165 0.041 0.036 0.011 0.043 0.053 0.039 0.019 0.034 0.051 0.15 0.017 0.019 0.025 0.063 0.11 0.006 0.017 0.044
3 L 0.046 0.02 0.014 0.017 0.016 0.014 0.018 0.021 0.009 0.225 0.238 0.024 0.041 0.047 0.014 0.024 0.037 0.006 0.021 0.148
4 I 0.058 0.053 0.033 0.032 0.014 0.031 0.042 0.035 0.014 0.12 0.091 0.118 0.024 0.027 0.023 0.056 0.111 0.006 0.018 0.092
5 K 0.052 0.085 0.136 0.055 0.009 0.046 0.063 0.05 0.024 0.026 0.039 0.209 0.014 0.016 0.025 0.058 0.042 0.005 0.017 0.03
6 R 0.044 0.348 0.039 0.031 0.008 0.048 0.052 0.033 0.023 0.023 0.046 0.12 0.015 0.017 0.019 0.044 0.035 0.006 0.017 0.031
7 I 0.047 0.018 0.015 0.018 0.016 0.013 0.018 0.02 0.009 0.275 0.167 0.023 0.037 0.044 0.015 0.025 0.04 0.006 0.02 0.176
8 E 0.055 0.061 0.042 0.068 0.008 0.141 0.201 0.038 0.027 0.024 0.042 0.083 0.017 0.016 0.025 0.055 0.039 0.006 0.019 0.033
9 I 0.059 0.026 0.029 0.027 0.017 0.02 0.028 0.032 0.011 0.165 0.115 0.034 0.028 0.034 0.021 0.058 0.147 0.006 0.019 0.123
10 A 0.172 0.024 0.02 0.023 0.019 0.019 0.029 0.049 0.012 0.16 0.113 0.034 0.027 0.033 0.022 0.054 0.044 0.006 0.019 0.122
11 E 0.055 0.049 0.04 0.089 0.007 0.064 0.303 0.035 0.026 0.022 0.036 0.075 0.013 0.016 0.026 0.055 0.036 0.005 0.016 0.031
12 K 0.054 0.063 0.029 0.029 0.012 0.033 0.046 0.034 0.016 0.07 0.082 0.154 0.022 0.115 0.02 0.041 0.038 0.008 0.036 0.099
13 F 0.038 0.032 0.035 0.027 0.009 0.024 0.036 0.031 0.189 0.043 0.075 0.032 0.02 0.212 0.015 0.033 0.026 0.012 0.072 0.039
14 L 0.044 0.024 0.014 0.015 0.016 0.016 0.02 0.021 0.01 0.114 0.382 0.025 0.049 0.054 0.014 0.024 0.033 0.007 0.022 0.095
15 S 0.091 0.043 0.049 0.062 0.014 0.043 0.136 0.055 0.021 0.027 0.04 0.06 0.015 0.019 0.028 0.171 0.066 0.005 0.017 0.038
16 D 0.041 0.03 0.069 0.397 0.008 0.03 0.091 0.047 0.019 0.022 0.028 0.045 0.009 0.015 0.022 0.052 0.035 0.004 0.011 0.024
17 T 0.073 0.036 0.043 0.038 0.018 0.028 0.039 0.043 0.014 0.053 0.065 0.045 0.02 0.024 0.028 0.093 0.246 0.006 0.018 0.071
18 E 0.051 0.066 0.135 0.071 0.008 0.05 0.141 0.047 0.026 0.024 0.037 0.138 0.013 0.016 0.024 0.059 0.041 0.005 0.016 0.03
19 F 0.044 0.057 0.037 0.032 0.009 0.034 0.047 0.035 0.133 0.037 0.064 0.117 0.019 0.147 0.019 0.04 0.03 0.01 0.054 0.036
20 N 0.05 0.061 0.129 0.048 0.011 0.038 0.049 0.045 0.022 0.05 0.089 0.125 0.066 0.027 0.021 0.052 0.043 0.006 0.019 0.05
21 R 0.113 0.142 0.042 0.037 0.015 0.036 0.048 0.053 0.019 0.033 0.05 0.072 0.016 0.02 0.026 0.12 0.089 0.005 0.017 0.047
22 N 0.049 0.042 0.128 0.064 0.011 0.042 0.127 0.042 0.024 0.048 0.087 0.054 0.065 0.027 0.02 0.053 0.042 0.006 0.019 0.05
23 I 0.054 0.019 0.015 0.018 0.017 0.014 0.019 0.022 0.008 0.241 0.153 0.024 0.035 0.041 0.015 0.027 0.042 0.006 0.02 0.209
24 L 0.04 0.022 0.015 0.016 0.014 0.014 0.02 0.022 0.012 0.097 0.293 0.023 0.041 0.168 0.013 0.024 0.03 0.01 0.044 0.081
25 E 0.055 0.049 0.04 0.089 0.007 0.064 0.305 0.035 0.025 0.022 0.036 0.075 0.013 0.016 0.025 0.055 0.036 0.005 0.016 0.031
26 N 0.052 0.033 0.126 0.054 0.011 0.029 0.077 0.12 0.02 0.107 0.076 0.043 0.019 0.026 0.019 0.049 0.04 0.005 0.016 0.076
27 L 0.05 0.027 0.02 0.019 0.016 0.02 0.024 0.026 0.012 0.101 0.299 0.03 0.064 0.048 0.017 0.037 0.071 0.007 0.022 0.09
28 Y 0.04 0.028 0.022 0.018 0.009 0.022 0.028 0.025 0.046 0.043 0.068 0.031 0.018 0.129 0.015 0.031 0.028 0.028 0.326 0.046
29 L 0.044 0.024 0.014 0.015 0.016 0.016 0.02 0.021 0.01 0.114 0.383 0.025 0.049 0.054 0.014 0.024 0.033 0.007 0.022 0.095
30 L 0.045 0.022 0.014 0.016 0.016 0.015 0.019 0.021 0.01 0.169 0.311 0.024 0.045 0.051 0.014 0.024 0.035 0.007 0.021 0.122
31 L 0.065 0.029 0.027 0.026 0.016 0.022 0.031 0.036 0.013 0.086 0.269 0.034 0.038 0.043 0.019 0.093 0.049 0.006 0.02 0.077
32 F 0.036 0.022 0.018 0.017 0.01 0.014 0.022 0.025 0.027 0.056 0.098 0.023 0.023 0.306 0.012 0.027 0.026 0.02 0.167 0.052
33 A 0.198 0.034 0.038 0.037 0.019 0.028 0.044 0.068 0.016 0.04 0.054 0.047 0.017 0.021 0.029 0.134 0.094 0.005 0.017 0.059
34 V 0.104 0.022 0.017 0.02 0.019 0.017 0.025 0.033 0.009 0.162 0.123 0.028 0.03 0.034 0.018 0.04 0.047 0.005 0.02 0.226
35 I 0.043 0.019 0.016 0.018 0.014 0.014 0.019 0.022 0.016 0.204 0.141 0.024 0.031 0.116 0.014 0.026 0.035 0.011 0.083 0.133
36 L 0.04 0.022 0.015 0.016 0.014 0.014 0.02 0.022 0.012 0.097 0.293 0.023 0.041 0.168 0.013 0.024 0.03 0.01 0.044 0.081
37 T 0.076 0.031 0.038 0.034 0.095 0.024 0.036 0.046 0.015 0.045 0.065 0.039 0.019 0.084 0.023 0.118 0.122 0.007 0.028 0.056
38 D 0.043 0.026 0.05 0.276 0.01 0.024 0.066 0.037 0.015 0.108 0.074 0.037 0.018 0.024 0.02 0.043 0.036 0.004 0.014 0.074
39 A 0.213 0.035 0.125 0.047 0.017 0.028 0.043 0.073 0.02 0.036 0.049 0.047 0.015 0.02 0.026 0.079 0.049 0.005 0.017 0.054
40 F 0.037 0.021 0.016 0.016 0.012 0.012 0.019 0.024 0.014 0.08 0.203 0.021 0.033 0.281 0.012 0.025 0.028 0.013 0.066 0.068
41 L 0.044 0.024 0.014 0.015 0.016 0.016 0.02 0.021 0.01 0.114 0.383 0.025 0.049 0.054 0.014 0.024 0.033 0.007 0.022 0.095
42 H 0.053 0.038 0.048 0.036 0.009 0.031 0.044 0.197 0.246 0.021 0.034 0.041 0.013 0.025 0.019 0.045 0.027 0.007 0.041 0.023
43 T 0.072 0.035 0.043 0.037 0.018 0.027 0.039 0.043 0.014 0.053 0.064 0.045 0.019 0.023 0.027 0.092 0.256 0.006 0.018 0.07
44 T 0.072 0.035 0.043 0.037 0.018 0.027 0.039 0.043 0.014 0.053 0.064 0.045 0.019 0.023 0.027 0.092 0.256 0.006 0.018 0.07
45 L 0.052 0.032 0.02 0.02 0.016 0.028 0.028 0.028 0.016 0.099 0.194 0.036 0.171 0.048 0.016 0.036 0.04 0.008 0.024 0.091
46 F 0.033 0.019 0.017 0.017 0.01 0.01 0.019 0.025 0.017 0.063 0.113 0.019 0.025 0.394 0.01 0.025 0.025 0.017 0.088 0.054
47 L 0.046 0.041 0.026 0.027 0.011 0.087 0.05 0.029 0.028 0.061 0.166 0.049 0.029 0.066 0.018 0.037 0.034 0.013 0.123 0.059
48 L 0.049 0.049 0.023 0.024 0.013 0.027 0.036 0.028 0.013 0.14 0.197 0.112 0.034 0.038 0.019 0.034 0.037 0.006 0.02 0.101
49 P 0.055 0.054 0.028 0.03 0.012 0.034 0.044 0.035 0.016 0.051 0.091 0.121 0.065 0.025 0.181 0.044 0.038 0.005 0.018 0.051
50 F 0.034 0.019 0.017 0.017 0.011 0.011 0.019 0.025 0.017 0.063 0.114 0.019 0.025 0.387 0.011 0.025 0.025 0.017 0.089 0.055
51 G 0.078 0.023 0.039 0.034 0.011 0.019 0.026 0.51 0.014 0.019 0.028 0.034 0.009 0.016 0.019 0.051 0.03 0.005 0.011 0.024
52 D 0.037 0.027 0.05 0.275 0.007 0.025 0.068 0.041 0.017 0.025 0.036 0.037 0.011 0.03 0.017 0.042 0.031 0.169 0.03 0.026
53 H 0.046 0.039 0.043 0.035 0.008 0.032 0.047 0.037 0.246 0.024 0.037 0.044 0.013 0.024 0.179 0.042 0.029 0.006 0.042 0.025
54 K 0.079 0.06 0.046 0.042 0.014 0.038 0.054 0.05 0.018 0.036 0.049 0.128 0.017 0.02 0.028 0.125 0.125 0.005 0.017 0.048
55 Q 0.048 0.055 0.035 0.037 0.009 0.153 0.074 0.035 0.025 0.038 0.069 0.066 0.022 0.141 0.019 0.045 0.035 0.009 0.043 0.041
56 L 0.052 0.027 0.024 0.023 0.016 0.019 0.026 0.029 0.012 0.085 0.232 0.031 0.035 0.101 0.018 0.047 0.106 0.008 0.031 0.08
57 H 0.052 0.042 0.049 0.037 0.011 0.034 0.048 0.039 0.247 0.033 0.047 0.045 0.017 0.028 0.022 0.058 0.103 0.007 0.044 0.038
58 L 0.046 0.02 0.014 0.017 0.016 0.014 0.018 0.021 0.009 0.225 0.238 0.024 0.041 0.047 0.014 0.024 0.037 0.006 0.021 0.148
59 F 0.051 0.024 0.018 0.018 0.015 0.018 0.023 0.026 0.014 0.108 0.145 0.027 0.076 0.159 0.014 0.031 0.038 0.01 0.044 0.141
60 L 0.048 0.083 0.021 0.02 0.015 0.027 0.029 0.026 0.015 0.091 0.233 0.046 0.104 0.045 0.016 0.033 0.037 0.007 0.022 0.082
61 W 0.043 0.051 0.023 0.024 0.011 0.028 0.037 0.031 0.015 0.057 0.159 0.111 0.026 0.043 0.016 0.033 0.032 0.17 0.035 0.052
62 I 0.049 0.028 0.023 0.041 0.013 0.03 0.113 0.025 0.014 0.194 0.123 0.04 0.028 0.035 0.018 0.035 0.038 0.006 0.019 0.127
63 V 0.147 0.025 0.023 0.024 0.018 0.02 0.029 0.124 0.011 0.099 0.089 0.033 0.023 0.027 0.021 0.053 0.046 0.005 0.018 0.166
64 L 0.05 0.03 0.018 0.019 0.016 0.025 0.026 0.026 0.014 0.103 0.242 0.033 0.142 0.049 0.015 0.033 0.038 0.008 0.023 0.092
65 L 0.05 0.023 0.015 0.016 0.017 0.016 0.021 0.022 0.009 0.126 0.321 0.025 0.044 0.049 0.015 0.026 0.037 0.007 0.022 0.141
66 V 0.112 0.022 0.018 0.02 0.017 0.016 0.025 0.037 0.012 0.137 0.116 0.028 0.027 0.124 0.018 0.041 0.041 0.008 0.036 0.144
67 F 0.04 0.018 0.016 0.017 0.013 0.012 0.018 0.023 0.013 0.172 0.139 0.021 0.031 0.22 0.012 0.025 0.032 0.011 0.054 0.114
68 I 0.049 0.02 0.015 0.017 0.016 0.014 0.019 0.021 0.009 0.225 0.216 0.024 0.039 0.045 0.015 0.025 0.039 0.006 0.021 0.167
69 G 0.114 0.022 0.024 0.024 0.015 0.017 0.025 0.16 0.013 0.101 0.091 0.03 0.022 0.119 0.018 0.046 0.036 0.008 0.034 0.08
70 A 0.272 0.029 0.024 0.028 0.021 0.024 0.038 0.071 0.014 0.058 0.067 0.042 0.019 0.023 0.028 0.077 0.049 0.005 0.018 0.094
71 K 0.056 0.106 0.041 0.041 0.008 0.053 0.07 0.043 0.02 0.027 0.043 0.289 0.015 0.015 0.027 0.053 0.039 0.005 0.017 0.032
72 L 0.109 0.024 0.017 0.019 0.017 0.018 0.024 0.035 0.011 0.138 0.248 0.029 0.038 0.043 0.018 0.039 0.039 0.006 0.02 0.108
73 G 0.085 0.03 0.04 0.037 0.015 0.024 0.036 0.167 0.015 0.09 0.069 0.041 0.019 0.025 0.023 0.135 0.058 0.005 0.016 0.07
74 L 0.06 0.028 0.024 0.023 0.016 0.02 0.028 0.032 0.012 0.093 0.299 0.032 0.041 0.046 0.018 0.076 0.045 0.007 0.021 0.081
75 G 0.076 0.029 0.037 0.034 0.015 0.023 0.033 0.161 0.014 0.096 0.075 0.039 0.02 0.026 0.022 0.099 0.102 0.006 0.016 0.077
76 D 0.048 0.053 0.054 0.236 0.008 0.044 0.139 0.042 0.021 0.023 0.033 0.113 0.012 0.015 0.024 0.052 0.036 0.004 0.014 0.028
77 K 0.086 0.15 0.038 0.036 0.011 0.045 0.058 0.044 0.019 0.031 0.048 0.185 0.016 0.018 0.025 0.059 0.067 0.005 0.017 0.041
78 R 0.046 0.119 0.03 0.028 0.011 0.078 0.05 0.031 0.021 0.053 0.1 0.066 0.058 0.119 0.017 0.04 0.035 0.009 0.037 0.053
79 N 0.061 0.09 0.187 0.062 0.011 0.037 0.052 0.058 0.026 0.025 0.037 0.091 0.013 0.018 0.023 0.104 0.054 0.005 0.016 0.031
80 L 0.041 0.027 0.093 0.032 0.012 0.019 0.027 0.034 0.016 0.112 0.158 0.031 0.028 0.044 0.014 0.035 0.036 0.129 0.031 0.081
81 K 0.066 0.151 0.043 0.04 0.01 0.046 0.061 0.046 0.021 0.027 0.043 0.187 0.015 0.017 0.026 0.095 0.048 0.005 0.017 0.034
82 E 0.052 0.128 0.04 0.069 0.008 0.08 0.217 0.035 0.025 0.023 0.04 0.087 0.014 0.016 0.024 0.052 0.036 0.006 0.017 0.031
83 L 0.052 0.027 0.018 0.019 0.016 0.023 0.025 0.025 0.013 0.153 0.179 0.031 0.121 0.045 0.016 0.032 0.041 0.007 0.022 0.135
84 L 0.042 0.019 0.015 0.017 0.015 0.013 0.018 0.022 0.011 0.185 0.207 0.023 0.037 0.134 0.013 0.025 0.034 0.009 0.038 0.124
85 L 0.042 0.025 0.016 0.016 0.014 0.019 0.022 0.025 0.013 0.089 0.254 0.027 0.071 0.054 0.013 0.026 0.032 0.13 0.034 0.078
86 F 0.044 0.022 0.019 0.021 0.011 0.016 0.025 0.026 0.021 0.103 0.095 0.028 0.022 0.145 0.135 0.031 0.032 0.013 0.112 0.076
87 L 0.114 0.025 0.017 0.019 0.018 0.018 0.026 0.036 0.011 0.108 0.239 0.03 0.037 0.041 0.018 0.041 0.041 0.006 0.02 0.134
88 L 0.045 0.021 0.014 0.016 0.016 0.015 0.019 0.021 0.009 0.198 0.275 0.024 0.043 0.049 0.014 0.024 0.036 0.006 0.021 0.134
89 L 0.055 0.025 0.022 0.022 0.016 0.017 0.025 0.028 0.012 0.098 0.172 0.029 0.031 0.127 0.017 0.043 0.091 0.009 0.037 0.125
90 F 0.046 0.023 0.022 0.022 0.013 0.016 0.024 0.029 0.014 0.111 0.106 0.027 0.025 0.173 0.015 0.041 0.086 0.072 0.051 0.085
91 L 0.053 0.027 0.023 0.022 0.016 0.021 0.026 0.028 0.012 0.137 0.202 0.032 0.069 0.042 0.018 0.044 0.092 0.007 0.021 0.107
92 C 0.123 0.022 0.024 0.024 0.194 0.017 0.025 0.164 0.012 0.04 0.06 0.029 0.016 0.066 0.019 0.052 0.036 0.006 0.022 0.051
93 F 0.033 0.019 0.017 0.017 0.01 0.01 0.019 0.025 0.017 0.063 0.113 0.019 0.025 0.394 0.01 0.025 0.025 0.017 0.088 0.054
94 L 0.05 0.027 0.023 0.022 0.015 0.02 0.026 0.029 0.014 0.082 0.189 0.031 0.067 0.13 0.017 0.044 0.089 0.009 0.038 0.077
95 V 0.129 0.024 0.024 0.024 0.017 0.019 0.028 0.161 0.011 0.096 0.086 0.032 0.022 0.027 0.02 0.05 0.044 0.005 0.017 0.163
96 A 0.301 0.031 0.025 0.029 0.021 0.025 0.04 0.077 0.015 0.043 0.059 0.044 0.017 0.021 0.029 0.084 0.049 0.005 0.017 0.068
97 F 0.044 0.022 0.018 0.017 0.012 0.015 0.022 0.025 0.022 0.083 0.105 0.023 0.025 0.239 0.013 0.028 0.032 0.017 0.131 0.109
98 G 0.049 0.024 0.025 0.022 0.009 0.018 0.025 0.19 0.025 0.031 0.049 0.029 0.014 0.068 0.014 0.035 0.026 0.177 0.135 0.033
99 R 0.047 0.201 0.033 0.031 0.01 0.084 0.056 0.032 0.021 0.046 0.131 0.088 0.025 0.026 0.019 0.042 0.036 0.006 0.019 0.048
100 R 0.047 0.215 0.111 0.046 0.008 0.045 0.055 0.043 0.024 0.024 0.041 0.145 0.014 0.017 0.021 0.052 0.039 0.005 0.017 0.03
101 S 0.147 0.036 0.044 0.041 0.018 0.029 0.045 0.063 0.017 0.038 0.051 0.049 0.017 0.021 0.029 0.159 0.117 0.005 0.017 0.055
102 G 0.06 0.111 0.042 0.034 0.009 0.031 0.039 0.276 0.104 0.021 0.035 0.057 0.012 0.02 0.019 0.047 0.03 0.006 0.024 0.025
103 Y 0.04 0.028 0.021 0.018 0.009 0.021 0.028 0.025 0.046 0.043 0.067 0.031 0.018 0.129 0.015 0.031 0.028 0.028 0.328 0.046
104 D 0.109 0.035 0.05 0.233 0.011 0.037 0.132 0.051 0.019 0.027 0.037 0.052 0.012 0.017 0.025 0.06 0.039 0.005 0.014 0.037
105 E 0.05 0.035 0.028 0.053 0.011 0.038 0.163 0.029 0.019 0.061 0.11 0.048 0.023 0.118 0.019 0.04 0.035 0.008 0.035 0.076
106 L 0.044 0.024 0.014 0.015 0.016 0.016 0.02 0.021 0.01 0.114 0.385 0.025 0.049 0.054 0.014 0.024 0.033 0.007 0.022 0.095
107 L 0.045 0.021 0.014 0.016 0.016 0.015 0.019 0.021 0.009 0.198 0.275 0.024 0.043 0.049 0.014 0.024 0.036 0.006 0.021 0.134
108 T 0.054 0.03 0.043 0.124 0.013 0.024 0.047 0.039 0.016 0.047 0.067 0.038 0.018 0.114 0.022 0.065 0.144 0.008 0.033 0.055
109 L 0.051 0.027 0.03 0.115 0.015 0.022 0.04 0.03 0.013 0.099 0.184 0.033 0.066 0.038 0.017 0.036 0.039 0.006 0.019 0.122
110 G 0.152 0.026 0.025 0.025 0.017 0.02 0.029 0.167 0.012 0.069 0.141 0.034 0.025 0.03 0.021 0.054 0.04 0.006 0.017 0.09
111 L 0.044 0.022 0.014 0.016 0.016 0.015 0.019 0.021 0.01 0.156 0.33 0.025 0.046 0.051 0.014 0.024 0.034 0.007 0.022 0.115
112 L 0.044 0.024 0.014 0.015 0.016 0.016 0.02 0.021 0.01 0.114 0.385 0.025 0.049 0.054 0.014 0.024 0.033 0.007 0.022 0.095
113 I 0.049 0.018 0.015 0.017 0.016 0.013 0.018 0.021 0.009 0.267 0.161 0.024 0.036 0.042 0.015 0.026 0.04 0.006 0.02 0.187
114 L 0.115 0.023 0.017 0.02 0.018 0.018 0.025 0.036 0.01 0.15 0.184 0.029 0.033 0.038 0.018 0.041 0.042 0.006 0.02 0.154
115 G 0.077 0.023 0.039 0.033 0.011 0.019 0.025 0.517 0.013 0.019 0.028 0.033 0.009 0.016 0.019 0.051 0.029 0.005 0.011 0.024
116 A 0.301 0.031 0.025 0.029 0.021 0.025 0.04 0.077 0.015 0.043 0.059 0.044 0.017 0.021 0.029 0.084 0.049 0.005 0.017 0.068
117 K 0.048 0.062 0.108 0.047 0.009 0.083 0.062 0.043 0.032 0.03 0.047 0.116 0.016 0.044 0.021 0.052 0.039 0.011 0.095 0.035
118 G 0.057 0.047 0.112 0.063 0.009 0.085 0.121 0.164 0.025 0.022 0.035 0.063 0.013 0.016 0.022 0.057 0.039 0.005 0.016 0.029
119 V 0.061 0.023 0.022 0.022 0.017 0.018 0.025 0.027 0.01 0.18 0.126 0.03 0.03 0.035 0.018 0.044 0.097 0.006 0.02 0.188
120 S 0.091 0.037 0.057 0.138 0.015 0.032 0.061 0.06 0.019 0.027 0.038 0.051 0.014 0.019 0.027 0.186 0.069 0.005 0.016 0.037
121 F 0.033 0.019 0.017 0.017 0.01 0.01 0.019 0.025 0.017 0.062 0.113 0.019 0.025 0.396 0.01 0.025 0.025 0.017 0.087 0.054
122 R 0.05 0.23 0.04 0.036 0.008 0.05 0.061 0.037 0.022 0.025 0.044 0.204 0.015 0.016 0.023 0.048 0.037 0.005 0.017 0.031
123 K 0.056 0.106 0.041 0.041 0.008 0.053 0.07 0.043 0.02 0.027 0.043 0.289 0.015 0.015 0.027 0.053 0.039 0.005 0.017 0.032
124 I 0.052 0.018 0.015 0.017 0.017 0.014 0.019 0.021 0.009 0.252 0.156 0.024 0.035 0.041 0.015 0.027 0.042 0.006 0.02 0.2
125 L 0.109 0.022 0.017 0.02 0.017 0.017 0.024 0.035 0.01 0.18 0.194 0.029 0.035 0.041 0.018 0.039 0.04 0.006 0.02 0.128
126 K 0.051 0.126 0.037 0.036 0.008 0.047 0.062 0.04 0.02 0.027 0.044 0.234 0.015 0.021 0.024 0.048 0.036 0.067 0.023 0.032
127 V 0.06 0.022 0.015 0.017 0.018 0.016 0.022 0.023 0.009 0.165 0.197 0.025 0.036 0.041 0.015 0.029 0.044 0.006 0.021 0.22
128 F 0.037 0.023 0.019 0.018 0.01 0.016 0.023 0.025 0.031 0.053 0.09 0.025 0.022 0.262 0.013 0.028 0.026 0.022 0.208 0.05
129 L 0.046 0.021 0.015 0.016 0.133 0.014 0.019 0.025 0.011 0.083 0.237 0.022 0.035 0.131 0.014 0.028 0.032 0.009 0.036 0.075
130 V 0.063 0.022 0.016 0.017 0.018 0.016 0.022 0.023 0.009 0.15 0.192 0.026 0.036 0.04 0.016 0.03 0.045 0.006 0.021 0.233
131 V 0.093 0.025 0.024 0.024 0.018 0.019 0.028 0.035 0.01 0.15 0.113 0.032 0.028 0.033 0.02 0.052 0.099 0.006 0.019 0.174
132 G 0.079 0.033 0.043 0.051 0.011 0.033 0.102 0.284 0.018 0.022 0.033 0.049 0.012 0.017 0.023 0.097 0.044 0.005 0.014 0.03
133 I 0.054 0.019 0.02 0.021 0.015 0.014 0.019 0.145 0.01 0.216 0.131 0.026 0.03 0.037 0.016 0.031 0.037 0.006 0.018 0.137
134 I 0.125 0.026 0.027 0.028 0.018 0.021 0.032 0.046 0.013 0.159 0.108 0.036 0.026 0.032 0.022 0.091 0.052 0.006 0.019 0.114
135 I 0.052 0.021 0.016 0.017 0.017 0.016 0.02 0.022 0.01 0.208 0.187 0.026 0.054 0.043 0.015 0.028 0.041 0.006 0.021 0.18
136 L 0.055 0.029 0.024 0.023 0.016 0.024 0.028 0.03 0.013 0.133 0.154 0.035 0.1 0.04 0.018 0.047 0.094 0.007 0.021 0.107
137 I 0.11 0.021 0.017 0.02 0.017 0.016 0.023 0.035 0.01 0.222 0.139 0.028 0.032 0.038 0.018 0.039 0.042 0.006 0.02 0.148
138 V 0.058 0.02 0.015 0.017 0.017 0.015 0.02 0.022 0.008 0.222 0.147 0.024 0.034 0.039 0.015 0.029 0.044 0.006 0.02 0.227
139 T 0.067 0.034 0.037 0.033 0.017 0.027 0.036 0.039 0.014 0.064 0.097 0.042 0.058 0.029 0.024 0.077 0.203 0.006 0.019 0.075
140 L 0.05 0.028 0.018 0.019 0.016 0.024 0.025 0.026 0.014 0.145 0.187 0.032 0.139 0.047 0.016 0.033 0.04 0.007 0.023 0.112
141 L 0.064 0.029 0.029 0.027 0.017 0.022 0.03 0.033 0.011 0.095 0.16 0.035 0.03 0.034 0.021 0.06 0.149 0.006 0.019 0.129
142 A 0.253 0.033 0.032 0.034 0.02 0.027 0.043 0.074 0.016 0.039 0.054 0.046 0.017 0.021 0.029 0.121 0.057 0.005 0.017 0.061
143 A 0.204 0.035 0.039 0.039 0.019 0.029 0.046 0.071 0.017 0.036 0.05 0.049 0.016 0.021 0.029 0.158 0.065 0.005 0.017 0.055
144 Q 0.055 0.067 0.043 0.057 0.008 0.186 0.153 0.039 0.028 0.025 0.044 0.086 0.018 0.015 0.024 0.055 0.04 0.006 0.019 0.034
145 L 0.079 0.027 0.021 0.021 0.015 0.02 0.026 0.033 0.014 0.081 0.188 0.031 0.066 0.13 0.017 0.043 0.063 0.009 0.038 0.077
146 G 0.077 0.023 0.039 0.033 0.011 0.019 0.025 0.517 0.013 0.019 0.028 0.033 0.009 0.016 0.019 0.051 0.029 0.005 0.011 0.024
147 L 0.049 0.023 0.015 0.017 0.016 0.017 0.021 0.022 0.01 0.16 0.274 0.026 0.059 0.048 0.015 0.027 0.037 0.007 0.022 0.137
148 V 0.058 0.02 0.015 0.017 0.017 0.015 0.02 0.022 0.008 0.222 0.147 0.024 0.034 0.039 0.015 0.029 0.044 0.006 0.02 0.227
149 E 0.054 0.049 0.04 0.089 0.007 0.064 0.307 0.034 0.025 0.022 0.036 0.074 0.013 0.016 0.025 0.054 0.036 0.005 0.016 0.031
150 N 0.042 0.041 0.262 0.163 0.008 0.032 0.059 0.06 0.028 0.022 0.03 0.051 0.011 0.017 0.02 0.064 0.045 0.004 0.014 0.026
151 L 0.044 0.024 0.014 0.015 0.016 0.016 0.02 0.021 0.01 0.114 0.385 0.025 0.049 0.054 0.014 0.024 0.033 0.007 0.022 0.095
152 I 0.049 0.018 0.015 0.017 0.016 0.013 0.018 0.021 0.009 0.267 0.161 0.024 0.036 0.042 0.015 0.026 0.04 0.006 0.02 0.187
153 Y 0.04 0.028 0.021 0.018 0.009 0.021 0.028 0.025 0.046 0.043 0.067 0.031 0.018 0.129 0.015 0.031 0.028 0.028 0.328 0.046
154 H 0.045 0.046 0.049 0.05 0.007 0.044 0.116 0.037 0.28 0.022 0.037 0.052 0.014 0.027 0.02 0.045 0.029 0.007 0.046 0.025
155 R 0.05 0.214 0.041 0.038 0.008 0.137 0.076 0.037 0.026 0.025 0.046 0.104 0.018 0.016 0.021 0.05 0.037 0.006 0.019 0.033
156 P 0.065 0.03 0.033 0.034 0.014 0.024 0.038 0.04 0.013 0.039 0.05 0.043 0.015 0.018 0.262 0.068 0.143 0.004 0.015 0.051
157 G 0.085 0.027 0.042 0.037 0.012 0.022 0.032 0.404 0.015 0.021 0.031 0.038 0.011 0.017 0.021 0.096 0.042 0.005 0.012 0.028
158 R 0.043 0.196 0.118 0.137 0.008 0.04 0.06 0.044 0.024 0.023 0.038 0.084 0.013 0.017 0.02 0.052 0.038 0.005 0.015 0.028
159 R 0.109 0.165 0.107 0.044 0.011 0.039 0.05 0.053 0.023 0.028 0.045 0.105 0.015 0.018 0.023 0.061 0.042 0.005 0.017 0.039
160 T 0.071 0.035 0.036 0.035 0.015 0.049 0.044 0.042 0.016 0.097 0.078 0.047 0.022 0.025 0.083 0.099 0.104 0.005 0.018 0.079
161 R 0.044 0.355 0.038 0.031 0.008 0.048 0.052 0.032 0.023 0.023 0.046 0.118 0.015 0.017 0.019 0.044 0.034 0.006 0.017 0.031
162 I 0.048 0.021 0.016 0.018 0.016 0.017 0.02 0.022 0.01 0.236 0.173 0.026 0.07 0.045 0.015 0.027 0.039 0.006 0.021 0.153
163 A 0.204 0.035 0.039 0.039 0.019 0.029 0.046 0.071 0.017 0.036 0.05 0.049 0.016 0.021 0.029 0.158 0.065 0.005 0.017 0.055
164 F 0.033 0.019 0.017 0.017 0.01 0.01 0.019 0.025 0.017 0.062 0.113 0.019 0.025 0.396 0.01 0.025 0.025 0.017 0.087 0.054
165 G 0.077 0.023 0.039 0.033 0.011 0.019 0.025 0.517 0.013 0.019 0.028 0.033 0.009 0.016 0.019 0.051 0.029 0.005 0.011 0.024
166 F 0.072 0.031 0.036 0.033 0.014 0.024 0.037 0.045 0.025 0.041 0.066 0.039 0.019 0.142 0.021 0.13 0.054 0.014 0.112 0.046
167 L 0.058 0.031 0.023 0.036 0.015 0.031 0.095 0.027 0.015 0.105 0.154 0.04 0.064 0.036 0.018 0.038 0.041 0.006 0.02 0.147
168 Y 0.04 0.028 0.021 0.018 0.009 0.021 0.028 0.025 0.046 0.043 0.067 0.031 0.018 0.129 0.015 0.031 0.028 0.028 0.328 0.046
169 P 0.056 0.025 0.023 0.031 0.01 0.02 0.036 0.036 0.013 0.025 0.036 0.041 0.01 0.013 0.501 0.043 0.036 0.003 0.013 0.031
170 T 0.072 0.035 0.043 0.037 0.018 0.027 0.039 0.043 0.014 0.053 0.064 0.045 0.019 0.023 0.027 0.091 0.258 0.006 0.018 0.07
171 D 0.04 0.029 0.068 0.406 0.007 0.029 0.09 0.046 0.018 0.022 0.028 0.044 0.009 0.015 0.022 0.051 0.035 0.004 0.011 0.024
172 F 0.035 0.021 0.018 0.017 0.01 0.013 0.021 0.025 0.024 0.058 0.101 0.022 0.023 0.329 0.012 0.026 0.026 0.019 0.148 0.052
173 T 0.09 0.037 0.048 0.043 0.017 0.03 0.045 0.054 0.016 0.041 0.053 0.049 0.017 0.022 0.028 0.161 0.169 0.005 0.017 0.056
174 A 0.301 0.031 0.025 0.029 0.021 0.025 0.04 0.077 0.015 0.043 0.059 0.044 0.017 0.021 0.029 0.084 0.049 0.005 0.017 0.068
175 H 0.041 0.045 0.053 0.038 0.007 0.038 0.053 0.038 0.365 0.023 0.038 0.045 0.015 0.03 0.019 0.041 0.026 0.007 0.056 0.023
176 I 0.052 0.018 0.015 0.017 0.017 0.014 0.019 0.021 0.009 0.252 0.156 0.024 0.035 0.041 0.015 0.027 0.042 0.006 0.02 0.2
177 F 0.042 0.019 0.017 0.017 0.013 0.012 0.02 0.025 0.015 0.087 0.116 0.02 0.027 0.306 0.012 0.027 0.031 0.014 0.071 0.111
178 Y 0.04 0.028 0.021 0.018 0.009 0.021 0.028 0.025 0.046 0.043 0.067 0.031 0.018 0.129 0.015 0.031 0.028 0.028 0.328 0.046
179 L 0.044 0.022 0.014 0.016 0.016 0.015 0.019 0.021 0.01 0.156 0.33 0.025 0.046 0.051 0.014 0.024 0.034 0.007 0.022 0.115
180 V 0.068 0.02 0.016 0.017 0.137 0.015 0.021 0.026 0.008 0.133 0.112 0.024 0.027 0.031 0.016 0.034 0.046 0.005 0.018 0.224
181 L 0.046 0.026 0.015 0.016 0.016 0.019 0.022 0.023 0.011 0.11 0.337 0.028 0.08 0.052 0.014 0.027 0.035 0.007 0.022 0.094
182 A 0.197 0.031 0.036 0.035 0.018 0.025 0.039 0.184 0.015 0.033 0.047 0.044 0.015 0.02 0.027 0.112 0.052 0.005 0.016 0.05
183 W 0.035 0.025 0.018 0.017 0.008 0.018 0.025 0.027 0.03 0.036 0.06 0.027 0.017 0.094 0.011 0.027 0.025 0.264 0.198 0.038
184 C 0.063 0.018 0.021 0.021 0.252 0.014 0.019 0.15 0.009 0.097 0.08 0.024 0.019 0.025 0.016 0.039 0.035 0.005 0.014 0.078
185 Y 0.038 0.025 0.02 0.018 0.009 0.019 0.025 0.025 0.039 0.048 0.079 0.028 0.02 0.196 0.014 0.029 0.027 0.025 0.268 0.048
186 L 0.044 0.024 0.014 0.015 0.016 0.016 0.02 0.021 0.01 0.114 0.385 0.025 0.049 0.054 0.014 0.024 0.033 0.007 0.022 0.095
187 R 0.044 0.355 0.038 0.031 0.008 0.048 0.052 0.032 0.023 0.023 0.046 0.118 0.015 0.017 0.019 0.044 0.034 0.006 0.017 0.031
188 K 0.061 0.071 0.04 0.051 0.009 0.047 0.118 0.159 0.02 0.024 0.037 0.171 0.013 0.016 0.025 0.053 0.036 0.005 0.015 0.03
189 D 0.113 0.054 0.043 0.141 0.011 0.043 0.127 0.05 0.02 0.028 0.041 0.113 0.014 0.017 0.026 0.061 0.04 0.005 0.015 0.039
190 R 0.113 0.18 0.036 0.034 0.011 0.044 0.055 0.047 0.02 0.029 0.048 0.164 0.016 0.017 0.025 0.057 0.04 0.005 0.017 0.041
191 L 0.051 0.022 0.015 0.016 0.017 0.015 0.02 0.022 0.009 0.168 0.266 0.025 0.041 0.047 0.015 0.026 0.038 0.006 0.021 0.161
192 K 0.068 0.071 0.039 0.037 0.013 0.041 0.055 0.045 0.019 0.046 0.08 0.167 0.055 0.025 0.025 0.093 0.05 0.006 0.019 0.049
193 Y 0.048 0.029 0.027 0.023 0.011 0.023 0.03 0.029 0.038 0.045 0.067 0.034 0.019 0.102 0.018 0.046 0.085 0.022 0.25 0.052
194 L 0.054 0.034 0.022 0.024 0.015 0.068 0.04 0.027 0.014 0.146 0.181 0.041 0.034 0.037 0.017 0.034 0.04 0.006 0.021 0.146
195 E 0.054 0.049 0.04 0.089 0.007 0.064 0.307 0.034 0.025 0.022 0.036 0.074 0.013 0.016 0.025 0.054 0.036 0.005 0.016 0.031
196 L 0.049 0.022 0.015 0.015 0.135 0.015 0.019 0.024 0.009 0.096 0.305 0.024 0.041 0.045 0.015 0.028 0.034 0.006 0.019 0.085
197 A 0.184 0.028 0.027 0.028 0.138 0.022 0.034 0.057 0.013 0.045 0.061 0.038 0.017 0.021 0.025 0.075 0.098 0.005 0.016 0.065
198 I 0.089 0.021 0.022 0.023 0.016 0.016 0.023 0.152 0.01 0.171 0.113 0.029 0.026 0.033 0.018 0.039 0.039 0.006 0.018 0.136
199 F 0.037 0.018 0.016 0.017 0.012 0.011 0.018 0.024 0.015 0.117 0.126 0.02 0.028 0.308 0.011 0.025 0.029 0.014 0.071 0.084
200 L 0.106 0.023 0.018 0.02 0.016 0.016 0.024 0.036 0.012 0.125 0.18 0.028 0.032 0.129 0.017 0.039 0.037 0.009 0.037 0.098
201 L 0.116 0.025 0.023 0.023 0.016 0.019 0.026 0.159 0.012 0.072 0.214 0.032 0.031 0.036 0.019 0.046 0.036 0.006 0.018 0.07
202 L 0.049 0.022 0.015 0.015 0.135 0.015 0.019 0.024 0.009 0.096 0.305 0.024 0.041 0.045 0.015 0.028 0.034 0.006 0.019 0.085
203 G 0.141 0.029 0.039 0.036 0.015 0.024 0.035 0.294 0.015 0.027 0.039 0.041 0.013 0.018 0.024 0.104 0.047 0.005 0.014 0.039
204 L 0.121 0.026 0.021 0.022 0.019 0.02 0.028 0.039 0.011 0.106 0.167 0.032 0.031 0.035 0.02 0.05 0.071 0.006 0.02 0.154
205 F 0.044 0.02 0.022 0.021 0.01 0.012 0.02 0.148 0.016 0.052 0.091 0.022 0.021 0.301 0.012 0.031 0.026 0.014 0.068 0.047
206 V 0.122 0.026 0.025 0.025 0.018 0.02 0.03 0.041 0.011 0.135 0.104 0.034 0.026 0.031 0.022 0.058 0.099 0.006 0.019 0.148
207 Y 0.041 0.027 0.02 0.018 0.011 0.02 0.026 0.024 0.037 0.061 0.147 0.029 0.026 0.11 0.015 0.029 0.029 0.022 0.251 0.058
208 I 0.05 0.021 0.017 0.018 0.015 0.016 0.021 0.022 0.018 0.192 0.132 0.026 0.031 0.063 0.015 0.028 0.039 0.011 0.097 0.168
209 F 0.033 0.019 0.017 0.017 0.01 0.01 0.019 0.025 0.017 0.062 0.113 0.019 0.025 0.396 0.01 0.025 0.025 0.017 0.087 0.054
210 C 0.064 0.016 0.016 0.016 0.491 0.012 0.016 0.032 0.008 0.044 0.064 0.02 0.016 0.02 0.016 0.04 0.036 0.004 0.012 0.056
211 D 0.043 0.036 0.129 0.286 0.008 0.035 0.107 0.049 0.022 0.022 0.03 0.05 0.01 0.016 0.022 0.056 0.038 0.004 0.013 0.025
212 A 0.301 0.031 0.025 0.029 0.021 0.025 0.04 0.077 0.015 0.043 0.059 0.044 0.017 0.021 0.029 0.084 0.049 0.005 0.017 0.068
213 R 0.044 0.355 0.038 0.031 0.008 0.048 0.052 0.032 0.023 0.023 0.046 0.118 0.015 0.017 0.019 0.044 0.034 0.006 0.017 0.031
214 T 0.062 0.033 0.031 0.028 0.017 0.027 0.033 0.035 0.015 0.076 0.129 0.04 0.096 0.035 0.022 0.063 0.149 0.007 0.021 0.08
215 N 0.042 0.044 0.327 0.082 0.009 0.033 0.049 0.064 0.031 0.022 0.031 0.053 0.011 0.018 0.02 0.069 0.049 0.004 0.015 0.027
216 A 0.301 0.031 0.025 0.029 0.021 0.025 0.04 0.077 0.015 0.043 0.059 0.044 0.017 0.021 0.029 0.084 0.049 0.005 0.017 0.068
217 G 0.125 0.023 0.029 0.028 0.015 0.019 0.027 0.283 0.012 0.09 0.07 0.033 0.018 0.024 0.02 0.052 0.037 0.005 0.015 0.072
218 C 0.078 0.024 0.031 0.028 0.253 0.019 0.027 0.162 0.012 0.034 0.049 0.032 0.014 0.019 0.02 0.091 0.046 0.005 0.013 0.044
219 L 0.045 0.022 0.014 0.016 0.016 0.015 0.019 0.021 0.009 0.177 0.302 0.024 0.044 0.05 0.014 0.024 0.035 0.007 0.021 0.125
220 L 0.079 0.023 0.018 0.019 0.016 0.018 0.024 0.031 0.013 0.136 0.141 0.028 0.065 0.129 0.016 0.036 0.038 0.009 0.038 0.123
221 L 0.042 0.024 0.016 0.017 0.014 0.017 0.021 0.024 0.014 0.091 0.235 0.025 0.071 0.181 0.013 0.027 0.032 0.011 0.047 0.079
222 T 0.056 0.027 0.029 0.027 0.015 0.019 0.028 0.033 0.013 0.112 0.102 0.033 0.025 0.122 0.02 0.058 0.145 0.009 0.036 0.092
223 A 0.157 0.03 0.032 0.032 0.017 0.024 0.037 0.057 0.016 0.045 0.068 0.04 0.019 0.115 0.024 0.107 0.077 0.008 0.035 0.058
224 L 0.117 0.025 0.018 0.02 0.018 0.018 0.026 0.036 0.01 0.114 0.207 0.03 0.034 0.039 0.019 0.042 0.043 0.006 0.02 0.157
225 V 0.054 0.02 0.016 0.017 0.016 0.014 0.021 0.023 0.01 0.167 0.134 0.023 0.031 0.127 0.014 0.029 0.04 0.008 0.037 0.197
226 F 0.044 0.019 0.016 0.016 0.132 0.012 0.018 0.026 0.013 0.071 0.168 0.021 0.029 0.216 0.013 0.029 0.03 0.011 0.052 0.065
227 A 0.17 0.026 0.02 0.023 0.017 0.019 0.03 0.05 0.014 0.065 0.154 0.033 0.027 0.123 0.021 0.054 0.039 0.009 0.036 0.071
228 Y 0.046 0.024 0.019 0.018 0.012 0.017 0.024 0.025 0.029 0.078 0.094 0.026 0.023 0.172 0.014 0.03 0.032 0.019 0.191 0.106
229 L 0.044 0.107 0.02 0.019 0.014 0.024 0.028 0.024 0.013 0.091 0.3 0.048 0.04 0.045 0.015 0.029 0.033 0.007 0.021 0.079
230 K 0.053 0.168 0.04 0.038 0.008 0.051 0.065 0.04 0.021 0.026 0.043 0.246 0.015 0.016 0.025 0.051 0.038 0.005 0.017 0.032
231 L 0.048 0.02 0.015 0.017 0.015 0.014 0.02 0.023 0.011 0.155 0.198 0.023 0.035 0.132 0.014 0.027 0.036 0.009 0.038 0.151
232 R 0.057 0.193 0.036 0.031 0.01 0.036 0.044 0.04 0.02 0.026 0.046 0.078 0.015 0.029 0.019 0.085 0.043 0.129 0.03 0.033
233 N 0.042 0.039 0.18 0.054 0.01 0.03 0.042 0.047 0.109 0.045 0.121 0.044 0.022 0.03 0.018 0.051 0.039 0.006 0.027 0.043
234 T 0.06 0.042 0.038 0.035 0.013 0.076 0.052 0.038 0.026 0.044 0.061 0.053 0.019 0.048 0.023 0.067 0.146 0.011 0.096 0.055
235 A 0.11 0.045 0.025 0.026 0.014 0.027 0.038 0.042 0.019 0.097 0.082 0.096 0.021 0.044 0.021 0.047 0.038 0.07 0.063 0.078
236 A 0.191 0.052 0.036 0.037 0.017 0.034 0.05 0.066 0.017 0.035 0.05 0.107 0.016 0.02 0.029 0.113 0.055 0.005 0.017 0.052
237 G 0.093 0.051 0.035 0.047 0.012 0.039 0.108 0.161 0.018 0.042 0.05 0.108 0.015 0.019 0.023 0.054 0.038 0.005 0.016 0.065
238 E 0.054 0.108 0.04 0.064 0.008 0.057 0.186 0.037 0.023 0.024 0.04 0.16 0.014 0.016 0.025 0.052 0.037 0.005 0.017 0.031
239 R 0.059 0.191 0.041 0.034 0.013 0.038 0.046 0.038 0.019 0.038 0.056 0.083 0.018 0.02 0.023 0.068 0.142 0.006 0.018 0.051
240 F 0.034 0.019 0.017 0.017 0.011 0.011 0.019 0.025 0.017 0.064 0.114 0.019 0.025 0.385 0.011 0.025 0.025 0.017 0.089 0.055
241 K 0.065 0.071 0.042 0.039 0.013 0.04 0.055 0.043 0.017 0.04 0.054 0.163 0.018 0.02 0.028 0.073 0.144 0.006 0.018 0.052
242 K 0.047 0.106 0.115 0.049 0.008 0.043 0.058 0.045 0.109 0.024 0.039 0.148 0.014 0.02 0.022 0.053 0.038 0.006 0.027 0.028
243 G 0.075 0.022 0.033 0.029 0.013 0.018 0.025 0.394 0.012 0.055 0.053 0.031 0.015 0.021 0.018 0.046 0.034 0.005 0.013 0.088
244 K 0.054 0.067 0.035 0.033 0.01 0.037 0.05 0.039 0.017 0.034 0.05 0.161 0.016 0.028 0.022 0.055 0.09 0.129 0.03 0.041
245 L 0.053 0.041 0.021 0.022 0.133 0.023 0.031 0.029 0.012 0.117 0.164 0.089 0.029 0.033 0.018 0.035 0.037 0.005 0.018 0.089
246 Y 0.051 0.046 0.025 0.024 0.011 0.028 0.037 0.029 0.03 0.069 0.076 0.094 0.021 0.077 0.019 0.037 0.036 0.016 0.173 0.101
247 K 0.059 0.07 0.034 0.047 0.011 0.046 0.117 0.036 0.019 0.06 0.062 0.169 0.019 0.021 0.024 0.048 0.041 0.005 0.018 0.094
248 L 0.111 0.026 0.018 0.02 0.017 0.02 0.026 0.037 0.012 0.134 0.201 0.032 0.069 0.042 0.018 0.042 0.04 0.007 0.021 0.107
249 E 0.057 0.046 0.149 0.081 0.009 0.048 0.178 0.049 0.027 0.023 0.035 0.064 0.012 0.017 0.024 0.082 0.046 0.005 0.016 0.031
250 P 0.053 0.14 0.036 0.037 0.009 0.087 0.065 0.038 0.021 0.025 0.043 0.134 0.015 0.015 0.143 0.049 0.037 0.005 0.017 0.032
251 K 0.049 0.064 0.029 0.03 0.01 0.034 0.047 0.035 0.017 0.047 0.102 0.157 0.021 0.115 0.081 0.041 0.034 0.008 0.035 0.045
252 I 0.044 0.02 0.016 0.018 0.015 0.014 0.019 0.022 0.012 0.204 0.156 0.024 0.051 0.132 0.014 0.026 0.036 0.009 0.038 0.134
253 S 0.078 0.049 0.051 0.045 0.013 0.082 0.064 0.052 0.108 0.027 0.042 0.06 0.017 0.021 0.025 0.14 0.057 0.006 0.028 0.035
254 G 0.052 0.126 0.033 0.03 0.009 0.033 0.042 0.156 0.018 0.025 0.042 0.116 0.014 0.027 0.018 0.042 0.031 0.129 0.028 0.029
255 I 0.046 0.019 0.014 0.017 0.016 0.014 0.018 0.02 0.009 0.24 0.22 0.024 0.039 0.046 0.014 0.024 0.038 0.006 0.021 0.154
256 F 0.04 0.023 0.017 0.017 0.013 0.016 0.021 0.025 0.015 0.084 0.201 0.024 0.068 0.223 0.013 0.027 0.031 0.012 0.055 0.074
257 V 0.121 0.023 0.018 0.02 0.019 0.018 0.026 0.037 0.01 0.162 0.12 0.03 0.029 0.034 0.019 0.043 0.046 0.005 0.02 0.2
258 F 0.103 0.021 0.018 0.02 0.015 0.015 0.024 0.037 0.014 0.112 0.112 0.026 0.026 0.214 0.016 0.04 0.035 0.011 0.053 0.088
259 A 0.204 0.035 0.039 0.039 0.019 0.029 0.046 0.071 0.017 0.036 0.05 0.049 0.016 0.021 0.029 0.158 0.065 0.005 0.017 0.055
260 P 0.062 0.028 0.025 0.026 0.016 0.023 0.031 0.033 0.013 0.085 0.106 0.037 0.058 0.03 0.14 0.051 0.095 0.005 0.019 0.118
261 K 0.057 0.107 0.042 0.042 0.009 0.054 0.071 0.043 0.021 0.028 0.043 0.278 0.016 0.016 0.028 0.054 0.04 0.005 0.017 0.033
262 Y 0.04 0.028 0.022 0.019 0.009 0.022 0.028 0.025 0.047 0.044 0.068 0.031 0.019 0.131 0.016 0.031 0.028 0.028 0.318 0.047
263 S 0.11 0.04 0.054 0.049 0.018 0.033 0.052 0.066 0.019 0.03 0.042 0.054 0.016 0.021 0.03 0.22 0.082 0.005 0.018 0.042
264 L 0.052 0.032 0.02 0.02 0.016 0.028 0.028 0.028 0.016 0.1 0.197 0.036 0.161 0.048 0.016 0.036 0.04 0.008 0.024 0.092
265 P 0.056 0.024 0.019 0.023 0.014 0.018 0.029 0.029 0.011 0.082 0.146 0.033 0.025 0.029 0.258 0.036 0.038 0.004 0.017 0.109
266 L 0.042 0.021 0.015 0.016 0.015 0.014 0.019 0.022 0.011 0.143 0.262 0.023 0.04 0.137 0.013 0.024 0.033 0.009 0.038 0.104
267 C 0.059 0.018 0.016 0.016 0.372 0.013 0.017 0.029 0.008 0.061 0.144 0.021 0.024 0.028 0.016 0.036 0.035 0.005 0.015 0.066
268 A 0.234 0.028 0.023 0.026 0.019 0.022 0.035 0.064 0.015 0.048 0.072 0.038 0.019 0.115 0.025 0.069 0.043 0.008 0.035 0.064
269 G 0.073 0.029 0.038 0.034 0.014 0.022 0.034 0.163 0.016 0.041 0.061 0.037 0.017 0.114 0.021 0.1 0.098 0.008 0.033 0.047
270 I 0.116 0.022 0.018 0.02 0.018 0.017 0.024 0.036 0.01 0.192 0.129 0.029 0.03 0.036 0.019 0.041 0.044 0.006 0.02 0.174
271 F 0.042 0.025 0.018 0.018 0.013 0.019 0.023 0.026 0.016 0.081 0.153 0.027 0.099 0.222 0.013 0.03 0.032 0.012 0.056 0.073
272 L 0.052 0.023 0.021 0.022 0.016 0.017 0.023 0.026 0.01 0.182 0.195 0.029 0.035 0.041 0.018 0.041 0.092 0.006 0.02 0.128
273 L 0.125 0.028 0.027 0.027 0.018 0.022 0.032 0.046 0.013 0.117 0.162 0.036 0.029 0.035 0.022 0.091 0.051 0.006 0.019 0.094
274 L 0.044 0.024 0.014 0.015 0.016 0.016 0.02 0.021 0.01 0.114 0.385 0.025 0.049 0.054 0.014 0.024 0.033 0.007 0.022 0.095
275 T 0.072 0.035 0.043 0.037 0.018 0.027 0.039 0.043 0.014 0.053 0.064 0.045 0.019 0.023 0.027 0.091 0.258 0.006 0.018 0.07
276 W 0.106 0.025 0.019 0.02 0.014 0.018 0.027 0.04 0.015 0.066 0.096 0.029 0.04 0.13 0.016 0.041 0.035 0.132 0.048 0.084
277 L 0.05 0.022 0.021 0.02 0.013 0.015 0.021 0.146 0.012 0.077 0.227 0.025 0.033 0.13 0.014 0.031 0.03 0.009 0.036 0.067
278 Y 0.04 0.028 0.021 0.018 0.009 0.021 0.028 0.025 0.046 0.043 0.067 0.031 0.018 0.129 0.015 0.031 0.028 0.028 0.328 0.046
279 H 0.042 0.046 0.054 0.038 0.008 0.038 0.054 0.038 0.353 0.023 0.038 0.046 0.015 0.031 0.019 0.042 0.027 0.008 0.057 0.023
280 F 0.034 0.019 0.017 0.017 0.011 0.011 0.019 0.025 0.017 0.064 0.114 0.019 0.025 0.385 0.011 0.025 0.025 0.017 0.089 0.055
281 S 0.082 0.056 0.048 0.047 0.013 0.13 0.077 0.053 0.024 0.028 0.044 0.072 0.018 0.018 0.026 0.143 0.061 0.005 0.019 0.038
282 E 0.086 0.041 0.034 0.067 0.01 0.048 0.206 0.04 0.021 0.025 0.039 0.062 0.013 0.016 0.145 0.055 0.038 0.005 0.016 0.035
283 E 0.075 0.04 0.044 0.059 0.013 0.041 0.141 0.105 0.019 0.031 0.043 0.057 0.015 0.019 0.026 0.107 0.102 0.005 0.016 0.042
284 N 0.067 0.042 0.224 0.069 0.012 0.033 0.05 0.065 0.026 0.025 0.035 0.053 0.013 0.019 0.023 0.13 0.061 0.005 0.016 0.032
285 P 0.081 0.032 0.037 0.037 0.014 0.026 0.042 0.049 0.015 0.038 0.082 0.045 0.018 0.022 0.204 0.135 0.058 0.004 0.016 0.044
286 F 0.039 0.02 0.015 0.016 0.013 0.012 0.019 0.023 0.013 0.13 0.194 0.021 0.034 0.222 0.012 0.025 0.031 0.012 0.054 0.094
287 L 0.044 0.027 0.017 0.017 0.014 0.022 0.024 0.027 0.014 0.085 0.206 0.03 0.102 0.052 0.013 0.029 0.034 0.131 0.034 0.077
288 K 0.072 0.057 0.038 0.044 0.013 0.062 0.087 0.042 0.019 0.061 0.063 0.112 0.02 0.022 0.024 0.093 0.052 0.005 0.018 0.097
289 K 0.121 0.058 0.032 0.032 0.015 0.034 0.048 0.049 0.016 0.053 0.132 0.132 0.024 0.027 0.025 0.076 0.045 0.006 0.018 0.058
290 L 0.045 0.021 0.014 0.016 0.016 0.015 0.019 0.021 0.009 0.198 0.275 0.024 0.043 0.049 0.014 0.024 0.036 0.006 0.021 0.134
291 N 0.042 0.041 0.262 0.163 0.008 0.032 0.059 0.06 0.028 0.022 0.03 0.051 0.011 0.017 0.02 0.064 0.045 0.004 0.014 0.026
292 R 0.048 0.184 0.111 0.047 0.008 0.046 0.058 0.044 0.024 0.024 0.041 0.166 0.014 0.017 0.022 0.053 0.04 0.005 0.017 0.03
293 L 0.04 0.024 0.014 0.015 0.014 0.016 0.021 0.023 0.011 0.093 0.302 0.024 0.04 0.055 0.012 0.024 0.03 0.13 0.033 0.079
294 L 0.055 0.025 0.022 0.022 0.016 0.017 0.025 0.028 0.012 0.098 0.172 0.029 0.031 0.127 0.017 0.043 0.091 0.009 0.037 0.125
295 T 0.09 0.037 0.048 0.043 0.017 0.03 0.045 0.054 0.016 0.041 0.053 0.049 0.017 0.022 0.028 0.161 0.169 0.005 0.017 0.056
296 G 0.091 0.032 0.107 0.043 0.012 0.026 0.037 0.169 0.027 0.03 0.044 0.041 0.014 0.046 0.021 0.077 0.043 0.011 0.093 0.038
297 R 0.044 0.355 0.038 0.031 0.008 0.048 0.052 0.032 0.023 0.023 0.046 0.118 0.015 0.017 0.019 0.044 0.034 0.006 0.017 0.031
298 L 0.044 0.024 0.014 0.015 0.016 0.016 0.02 0.021 0.01 0.114 0.385 0.025 0.049 0.054 0.014 0.024 0.033 0.007 0.022 0.095
299 S 0.119 0.041 0.046 0.056 0.015 0.039 0.114 0.059 0.02 0.029 0.042 0.057 0.015 0.02 0.028 0.169 0.066 0.005 0.017 0.042
300 L 0.043 0.024 0.015 0.015 0.015 0.017 0.021 0.021 0.014 0.105 0.345 0.026 0.045 0.063 0.014 0.025 0.032 0.01 0.06 0.089
301 G 0.077 0.023 0.039 0.033 0.011 0.019 0.025 0.517 0.013 0.019 0.028 0.033 0.009 0.016 0.019 0.051 0.029 0.005 0.011 0.024
302 K 0.117 0.087 0.037 0.038 0.012 0.046 0.062 0.051 0.019 0.031 0.047 0.228 0.016 0.017 0.028 0.06 0.042 0.005 0.017 0.041
303 R 0.055 0.122 0.031 0.042 0.012 0.04 0.106 0.031 0.018 0.09 0.079 0.094 0.021 0.025 0.02 0.042 0.04 0.006 0.018 0.111
304 G 0.077 0.023 0.039 0.033 0.011 0.019 0.025 0.517 0.013 0.019 0.028 0.033 0.009 0.016 0.019 0.051 0.029 0.005 0.011 0.024
305 F 0.037 0.018 0.016 0.017 0.012 0.011 0.018 0.024 0.015 0.117 0.126 0.02 0.028 0.308 0.011 0.025 0.029 0.014 0.071 0.084
306 T 0.06 0.037 0.048 0.142 0.012 0.037 0.119 0.041 0.018 0.037 0.048 0.052 0.015 0.019 0.025 0.072 0.147 0.005 0.016 0.049
307 E 0.049 0.127 0.112 0.067 0.008 0.072 0.153 0.042 0.027 0.023 0.039 0.082 0.014 0.017 0.022 0.055 0.039 0.005 0.017 0.03
308 Y 0.038 0.025 0.02 0.018 0.009 0.019 0.025 0.025 0.039 0.048 0.079 0.028 0.02 0.196 0.014 0.029 0.027 0.025 0.268 0.048
309 G 0.072 0.023 0.035 0.033 0.011 0.019 0.028 0.397 0.013 0.02 0.03 0.035 0.009 0.015 0.139 0.049 0.031 0.005 0.011 0.026
310 F 0.051 0.02 0.016 0.017 0.015 0.013 0.021 0.025 0.012 0.112 0.12 0.022 0.028 0.216 0.013 0.029 0.037 0.011 0.054 0.167
311 S 0.1 0.035 0.05 0.044 0.016 0.029 0.045 0.178 0.018 0.027 0.038 0.048 0.014 0.019 0.027 0.186 0.068 0.005 0.016 0.037
312 L 0.038 0.022 0.015 0.015 0.012 0.014 0.02 0.024 0.013 0.08 0.234 0.023 0.034 0.141 0.011 0.024 0.028 0.133 0.05 0.068
313 F 0.036 0.02 0.016 0.016 0.012 0.012 0.019 0.024 0.015 0.075 0.181 0.02 0.031 0.31 0.011 0.025 0.027 0.014 0.071 0.064
314 G 0.077 0.023 0.039 0.033 0.011 0.019 0.025 0.517 0.013 0.019 0.028 0.033 0.009 0.016 0.019 0.051 0.029 0.005 0.011 0.024
315 Q 0.052 0.065 0.114 0.055 0.009 0.178 0.088 0.047 0.029 0.025 0.043 0.081 0.018 0.015 0.022 0.058 0.043 0.005 0.019 0.033
316 Y 0.102 0.026 0.02 0.02 0.012 0.019 0.028 0.039 0.027 0.042 0.067 0.03 0.018 0.118 0.016 0.041 0.031 0.139 0.155 0.048
317 L 0.042 0.019 0.015 0.017 0.015 0.013 0.018 0.022 0.011 0.185 0.207 0.023 0.037 0.134 0.013 0.025 0.034 0.009 0.038 0.124
318 P 0.056 0.057 0.033 0.037 0.009 0.08 0.061 0.039 0.019 0.026 0.04 0.115 0.014 0.014 0.263 0.049 0.038 0.004 0.016 0.032
319 L 0.05 0.028 0.018 0.019 0.016 0.024 0.025 0.026 0.014 0.145 0.187 0.032 0.139 0.047 0.016 0.033 0.04 0.007 0.023 0.112
