#Seq2Logo.py -f /work3/idamei/ssn-clusterings/clustering/2205111339/clusters/0004_473/sequences.afa -o /work3/idamei/ssn-clusterings/clustering/2205111339/clusters/0004_473/sequences.logo
#Position Specific Frequency Matrix
A R N D C Q E G H I L K M F P S T W Y V
0 L 0.051 0.032 0.02 0.02 0.016 0.028 0.028 0.028 0.016 0.099 0.194 0.036 0.173 0.047 0.016 0.036 0.04 0.008 0.024 0.091
1 F 0.058 0.03 0.103 0.041 0.013 0.022 0.034 0.044 0.019 0.099 0.088 0.037 0.022 0.119 0.019 0.087 0.048 0.008 0.035 0.074
2 K 0.057 0.107 0.041 0.041 0.009 0.053 0.07 0.043 0.021 0.027 0.043 0.282 0.015 0.015 0.027 0.053 0.04 0.005 0.017 0.033
3 L 0.047 0.044 0.021 0.021 0.014 0.025 0.032 0.026 0.013 0.092 0.299 0.091 0.04 0.044 0.017 0.031 0.034 0.007 0.021 0.079
4 I 0.069 0.03 0.029 0.029 0.016 0.025 0.032 0.038 0.015 0.136 0.134 0.038 0.074 0.037 0.02 0.096 0.053 0.006 0.021 0.103
5 L 0.116 0.044 0.024 0.025 0.134 0.026 0.036 0.043 0.013 0.057 0.137 0.094 0.024 0.028 0.022 0.05 0.039 0.005 0.017 0.063
6 N 0.043 0.122 0.255 0.069 0.009 0.037 0.049 0.056 0.029 0.022 0.035 0.069 0.012 0.018 0.02 0.062 0.045 0.005 0.016 0.028
7 L 0.051 0.046 0.029 0.027 0.013 0.027 0.037 0.033 0.015 0.064 0.151 0.094 0.027 0.122 0.02 0.048 0.089 0.009 0.036 0.063
8 K 0.06 0.088 0.041 0.04 0.011 0.046 0.062 0.043 0.019 0.034 0.048 0.228 0.016 0.017 0.027 0.062 0.094 0.005 0.017 0.042
9 L 0.045 0.024 0.014 0.015 0.016 0.016 0.02 0.021 0.01 0.115 0.375 0.025 0.05 0.055 0.014 0.024 0.033 0.007 0.022 0.096
10 N 0.06 0.036 0.18 0.057 0.013 0.028 0.042 0.054 0.022 0.089 0.067 0.046 0.018 0.025 0.021 0.098 0.054 0.005 0.017 0.067
11 D 0.058 0.036 0.129 0.236 0.01 0.031 0.07 0.055 0.022 0.024 0.032 0.049 0.011 0.017 0.023 0.101 0.05 0.004 0.014 0.029
12 I 0.043 0.018 0.015 0.017 0.015 0.012 0.018 0.021 0.011 0.227 0.152 0.022 0.033 0.132 0.013 0.025 0.036 0.009 0.037 0.144
13 L 0.052 0.025 0.021 0.021 0.016 0.018 0.024 0.026 0.011 0.14 0.25 0.029 0.038 0.044 0.017 0.041 0.091 0.006 0.02 0.108
14 F 0.041 0.047 0.032 0.028 0.009 0.028 0.04 0.033 0.105 0.044 0.076 0.093 0.02 0.209 0.017 0.036 0.029 0.011 0.062 0.041
15 W 0.048 0.026 0.018 0.018 0.013 0.02 0.025 0.027 0.021 0.083 0.11 0.029 0.059 0.068 0.014 0.03 0.035 0.135 0.11 0.112
16 L 0.053 0.02 0.02 0.021 0.015 0.015 0.02 0.145 0.01 0.174 0.186 0.026 0.033 0.039 0.015 0.031 0.035 0.006 0.018 0.117
17 L 0.052 0.025 0.021 0.021 0.016 0.018 0.024 0.026 0.011 0.14 0.25 0.029 0.038 0.044 0.017 0.041 0.091 0.006 0.02 0.108
18 L 0.109 0.024 0.017 0.019 0.017 0.018 0.024 0.035 0.011 0.138 0.248 0.029 0.038 0.043 0.018 0.039 0.039 0.006 0.02 0.108
19 L 0.053 0.02 0.02 0.021 0.015 0.015 0.02 0.145 0.01 0.174 0.186 0.026 0.033 0.039 0.015 0.031 0.035 0.006 0.018 0.117
20 L 0.044 0.024 0.014 0.015 0.016 0.016 0.02 0.021 0.01 0.114 0.385 0.025 0.049 0.054 0.014 0.024 0.033 0.007 0.022 0.095
21 V 0.057 0.021 0.015 0.017 0.017 0.015 0.021 0.022 0.009 0.18 0.202 0.025 0.037 0.042 0.015 0.028 0.042 0.006 0.021 0.207
22 L 0.051 0.022 0.015 0.016 0.017 0.015 0.02 0.022 0.009 0.168 0.266 0.025 0.041 0.047 0.015 0.026 0.038 0.006 0.021 0.161
23 F 0.044 0.022 0.018 0.017 0.012 0.015 0.022 0.025 0.022 0.083 0.105 0.023 0.025 0.239 0.013 0.028 0.032 0.017 0.131 0.109
24 L 0.057 0.032 0.026 0.024 0.016 0.028 0.03 0.031 0.015 0.087 0.161 0.038 0.135 0.041 0.019 0.05 0.094 0.007 0.022 0.086
25 P 0.056 0.025 0.023 0.031 0.01 0.02 0.036 0.036 0.013 0.025 0.036 0.041 0.01 0.013 0.501 0.043 0.036 0.003 0.013 0.031
26 L 0.055 0.028 0.029 0.026 0.015 0.02 0.029 0.033 0.013 0.07 0.156 0.033 0.028 0.124 0.02 0.058 0.143 0.009 0.036 0.072
27 H 0.041 0.045 0.053 0.038 0.007 0.038 0.053 0.038 0.365 0.023 0.038 0.045 0.015 0.03 0.019 0.041 0.026 0.007 0.056 0.023
28 F 0.046 0.107 0.029 0.025 0.012 0.024 0.032 0.031 0.017 0.05 0.084 0.05 0.021 0.208 0.017 0.046 0.086 0.011 0.052 0.052
29 L 0.044 0.028 0.019 0.018 0.013 0.022 0.026 0.024 0.029 0.075 0.178 0.03 0.065 0.09 0.015 0.03 0.032 0.018 0.175 0.069
30 L 0.051 0.02 0.015 0.017 0.017 0.015 0.019 0.021 0.009 0.21 0.211 0.024 0.038 0.044 0.015 0.026 0.04 0.006 0.021 0.181
31 F 0.041 0.018 0.017 0.017 0.131 0.011 0.018 0.027 0.014 0.058 0.1 0.019 0.023 0.302 0.012 0.029 0.028 0.013 0.069 0.055
32 D 0.047 0.039 0.054 0.248 0.007 0.047 0.198 0.04 0.022 0.022 0.032 0.059 0.011 0.016 0.024 0.053 0.036 0.005 0.014 0.027
33 L 0.172 0.027 0.02 0.022 0.019 0.021 0.03 0.049 0.012 0.078 0.222 0.034 0.033 0.038 0.022 0.054 0.041 0.006 0.02 0.081
34 L 0.047 0.022 0.015 0.016 0.015 0.015 0.02 0.023 0.011 0.113 0.253 0.024 0.038 0.135 0.014 0.026 0.035 0.009 0.038 0.131
35 L 0.052 0.025 0.021 0.021 0.016 0.018 0.024 0.026 0.011 0.14 0.25 0.029 0.038 0.044 0.017 0.041 0.091 0.006 0.02 0.108
36 P 0.056 0.045 0.027 0.033 0.01 0.028 0.044 0.037 0.015 0.026 0.037 0.103 0.011 0.013 0.383 0.046 0.037 0.003 0.014 0.031
37 G 0.059 0.026 0.054 0.217 0.009 0.024 0.058 0.279 0.016 0.021 0.028 0.039 0.009 0.015 0.021 0.051 0.032 0.005 0.011 0.024
38 W 0.061 0.029 0.032 0.029 0.013 0.021 0.033 0.041 0.016 0.044 0.068 0.035 0.019 0.125 0.019 0.093 0.096 0.132 0.047 0.049
39 K 0.069 0.089 0.044 0.043 0.011 0.048 0.065 0.048 0.02 0.028 0.042 0.23 0.015 0.017 0.028 0.097 0.05 0.005 0.017 0.035
40 L 0.043 0.023 0.016 0.016 0.014 0.017 0.021 0.022 0.019 0.138 0.251 0.026 0.038 0.07 0.014 0.026 0.033 0.012 0.098 0.102
41 D 0.04 0.029 0.068 0.406 0.007 0.029 0.09 0.046 0.018 0.022 0.028 0.044 0.009 0.015 0.022 0.051 0.035 0.004 0.011 0.024
42 N 0.042 0.044 0.327 0.082 0.009 0.033 0.049 0.064 0.031 0.022 0.031 0.053 0.011 0.018 0.02 0.069 0.049 0.004 0.015 0.027
43 L 0.045 0.021 0.014 0.016 0.016 0.015 0.019 0.021 0.009 0.198 0.275 0.024 0.043 0.049 0.014 0.024 0.036 0.006 0.021 0.134
44 W 0.04 0.022 0.015 0.016 0.01 0.015 0.023 0.028 0.013 0.063 0.071 0.023 0.019 0.054 0.01 0.025 0.029 0.376 0.055 0.092
45 R 0.044 0.355 0.038 0.031 0.008 0.048 0.052 0.032 0.023 0.023 0.046 0.118 0.015 0.017 0.019 0.044 0.034 0.006 0.017 0.031
46 D 0.044 0.034 0.061 0.327 0.007 0.038 0.144 0.043 0.02 0.022 0.03 0.052 0.01 0.015 0.023 0.052 0.035 0.004 0.012 0.026
47 L 0.049 0.024 0.017 0.017 0.015 0.018 0.022 0.025 0.013 0.109 0.205 0.026 0.07 0.133 0.014 0.029 0.037 0.009 0.038 0.13
48 L 0.051 0.022 0.015 0.016 0.017 0.015 0.02 0.022 0.009 0.168 0.266 0.025 0.041 0.047 0.015 0.026 0.038 0.006 0.021 0.161
49 L 0.045 0.021 0.014 0.016 0.016 0.015 0.019 0.021 0.009 0.198 0.275 0.024 0.043 0.049 0.014 0.024 0.036 0.006 0.021 0.134
50 I 0.052 0.018 0.015 0.017 0.017 0.014 0.019 0.021 0.009 0.252 0.156 0.024 0.035 0.041 0.015 0.027 0.042 0.006 0.02 0.2
51 L 0.109 0.024 0.017 0.019 0.017 0.018 0.024 0.035 0.011 0.138 0.248 0.029 0.038 0.043 0.018 0.039 0.039 0.006 0.02 0.108
52 G 0.077 0.029 0.035 0.032 0.015 0.023 0.032 0.201 0.014 0.054 0.15 0.037 0.025 0.03 0.021 0.101 0.048 0.006 0.017 0.054
53 I 0.107 0.021 0.018 0.02 0.016 0.015 0.023 0.036 0.012 0.167 0.125 0.027 0.029 0.126 0.017 0.04 0.038 0.008 0.036 0.118
54 L 0.056 0.023 0.015 0.016 0.017 0.016 0.021 0.023 0.009 0.138 0.257 0.025 0.04 0.045 0.015 0.028 0.041 0.006 0.021 0.187
55 L 0.114 0.022 0.017 0.019 0.136 0.017 0.023 0.038 0.01 0.121 0.168 0.028 0.03 0.035 0.018 0.043 0.039 0.006 0.018 0.098
56 I 0.116 0.022 0.018 0.02 0.018 0.017 0.024 0.036 0.01 0.192 0.129 0.029 0.03 0.036 0.019 0.041 0.044 0.006 0.02 0.174
57 L 0.044 0.022 0.014 0.016 0.016 0.015 0.019 0.021 0.01 0.156 0.33 0.025 0.046 0.051 0.014 0.024 0.034 0.007 0.022 0.115
58 F 0.106 0.043 0.025 0.026 0.013 0.025 0.037 0.042 0.017 0.049 0.082 0.093 0.021 0.207 0.019 0.047 0.035 0.011 0.052 0.052
59 F 0.04 0.018 0.016 0.017 0.013 0.012 0.018 0.023 0.013 0.172 0.139 0.021 0.031 0.22 0.012 0.025 0.032 0.011 0.054 0.114
60 N 0.046 0.137 0.183 0.059 0.008 0.042 0.055 0.051 0.026 0.024 0.038 0.128 0.013 0.017 0.022 0.058 0.043 0.005 0.016 0.029
61 K 0.117 0.073 0.037 0.05 0.011 0.049 0.122 0.049 0.02 0.03 0.045 0.174 0.015 0.017 0.027 0.061 0.041 0.005 0.017 0.041
62 G 0.078 0.023 0.039 0.034 0.011 0.019 0.026 0.51 0.014 0.019 0.028 0.034 0.009 0.016 0.019 0.051 0.03 0.005 0.011 0.024
63 K 0.061 0.077 0.041 0.04 0.009 0.088 0.067 0.161 0.021 0.025 0.04 0.175 0.015 0.015 0.024 0.053 0.037 0.005 0.016 0.031
64 I 0.046 0.017 0.014 0.017 0.016 0.013 0.017 0.02 0.009 0.282 0.165 0.023 0.036 0.044 0.014 0.025 0.039 0.006 0.02 0.174
65 K 0.048 0.067 0.043 0.127 0.008 0.039 0.064 0.039 0.026 0.03 0.045 0.163 0.015 0.044 0.023 0.047 0.035 0.01 0.093 0.034
66 L 0.042 0.02 0.014 0.016 0.014 0.014 0.019 0.023 0.011 0.177 0.192 0.023 0.034 0.05 0.013 0.024 0.033 0.13 0.032 0.118
67 G 0.063 0.025 0.042 0.126 0.01 0.022 0.044 0.279 0.014 0.021 0.03 0.038 0.009 0.015 0.14 0.049 0.032 0.004 0.011 0.026
68 R 0.065 0.133 0.038 0.035 0.012 0.04 0.05 0.042 0.02 0.045 0.081 0.124 0.055 0.025 0.023 0.091 0.048 0.006 0.019 0.049
69 L 0.06 0.032 0.034 0.03 0.014 0.025 0.035 0.036 0.101 0.112 0.157 0.037 0.029 0.037 0.019 0.08 0.045 0.006 0.029 0.083
70 G 0.08 0.028 0.038 0.036 0.012 0.023 0.034 0.284 0.015 0.023 0.033 0.04 0.011 0.016 0.142 0.094 0.044 0.005 0.013 0.03
71 L 0.049 0.022 0.02 0.02 0.013 0.016 0.021 0.147 0.012 0.111 0.158 0.026 0.027 0.043 0.014 0.03 0.031 0.13 0.03 0.081
72 P 0.063 0.032 0.104 0.045 0.013 0.025 0.038 0.046 0.018 0.09 0.068 0.043 0.018 0.024 0.141 0.092 0.051 0.004 0.016 0.068
73 I 0.046 0.019 0.014 0.017 0.016 0.014 0.018 0.02 0.009 0.24 0.22 0.024 0.039 0.046 0.014 0.024 0.038 0.006 0.021 0.154
74 I 0.062 0.023 0.024 0.025 0.016 0.018 0.026 0.032 0.011 0.219 0.134 0.031 0.031 0.038 0.018 0.076 0.05 0.006 0.02 0.141
75 V 0.063 0.022 0.016 0.017 0.018 0.016 0.022 0.023 0.009 0.15 0.192 0.026 0.036 0.04 0.016 0.03 0.045 0.006 0.021 0.233
76 L 0.063 0.037 0.105 0.042 0.014 0.03 0.039 0.046 0.02 0.062 0.115 0.044 0.093 0.033 0.02 0.093 0.052 0.006 0.02 0.062
77 L 0.046 0.021 0.014 0.016 0.016 0.015 0.019 0.021 0.009 0.195 0.273 0.024 0.043 0.049 0.014 0.025 0.036 0.006 0.021 0.136
78 L 0.169 0.028 0.02 0.022 0.019 0.021 0.03 0.05 0.012 0.079 0.219 0.035 0.033 0.038 0.022 0.054 0.041 0.006 0.02 0.082
79 F 0.164 0.025 0.021 0.023 0.016 0.018 0.03 0.052 0.016 0.053 0.086 0.032 0.021 0.206 0.02 0.055 0.037 0.011 0.053 0.062
80 G 0.056 0.021 0.021 0.021 0.013 0.016 0.022 0.148 0.011 0.123 0.093 0.026 0.023 0.039 0.014 0.032 0.035 0.129 0.03 0.127
81 G 0.061 0.022 0.026 0.025 0.013 0.017 0.022 0.269 0.011 0.108 0.151 0.029 0.026 0.032 0.016 0.037 0.033 0.006 0.016 0.079
82 V 0.121 0.023 0.018 0.02 0.019 0.018 0.026 0.037 0.01 0.162 0.12 0.03 0.029 0.034 0.019 0.043 0.046 0.005 0.02 0.2
83 G 0.071 0.024 0.028 0.026 0.135 0.019 0.026 0.154 0.011 0.069 0.071 0.031 0.019 0.024 0.02 0.054 0.093 0.005 0.015 0.107
84 G 0.125 0.025 0.029 0.028 0.015 0.02 0.028 0.283 0.013 0.048 0.125 0.034 0.021 0.027 0.02 0.052 0.035 0.006 0.015 0.053
85 I 0.052 0.018 0.015 0.017 0.017 0.014 0.019 0.021 0.009 0.252 0.156 0.024 0.035 0.041 0.015 0.027 0.042 0.006 0.02 0.2
86 Y 0.04 0.032 0.029 0.023 0.009 0.026 0.034 0.028 0.126 0.038 0.06 0.034 0.018 0.104 0.016 0.033 0.027 0.023 0.26 0.04
87 L 0.131 0.032 0.034 0.032 0.018 0.025 0.038 0.052 0.014 0.06 0.137 0.042 0.025 0.03 0.025 0.108 0.105 0.006 0.018 0.068
88 F 0.109 0.043 0.024 0.026 0.014 0.025 0.036 0.041 0.015 0.103 0.095 0.094 0.023 0.119 0.02 0.047 0.038 0.008 0.036 0.082
89 F 0.044 0.019 0.016 0.016 0.132 0.012 0.018 0.026 0.013 0.071 0.168 0.021 0.029 0.216 0.013 0.029 0.03 0.011 0.052 0.065
90 S 0.089 0.034 0.041 0.038 0.018 0.027 0.041 0.049 0.015 0.068 0.069 0.044 0.02 0.025 0.025 0.147 0.117 0.005 0.018 0.108
91 D 0.041 0.037 0.129 0.233 0.008 0.032 0.07 0.048 0.108 0.022 0.031 0.047 0.011 0.019 0.021 0.053 0.036 0.005 0.023 0.024
92 R 0.046 0.207 0.112 0.047 0.008 0.089 0.063 0.042 0.026 0.024 0.042 0.095 0.015 0.017 0.02 0.053 0.04 0.005 0.018 0.031
93 L 0.043 0.024 0.019 0.02 0.011 0.017 0.025 0.027 0.021 0.061 0.15 0.029 0.026 0.148 0.135 0.031 0.03 0.013 0.113 0.056
94 P 0.115 0.024 0.02 0.023 0.015 0.018 0.029 0.041 0.013 0.073 0.084 0.032 0.021 0.116 0.139 0.046 0.04 0.007 0.034 0.108
95 G 0.062 0.027 0.03 0.029 0.014 0.021 0.03 0.154 0.012 0.053 0.128 0.036 0.022 0.026 0.14 0.052 0.089 0.005 0.016 0.055
96 A 0.18 0.028 0.027 0.028 0.019 0.023 0.034 0.054 0.013 0.105 0.087 0.039 0.023 0.027 0.025 0.071 0.099 0.006 0.018 0.095
97 L 0.108 0.026 0.017 0.019 0.017 0.018 0.025 0.035 0.011 0.096 0.303 0.03 0.041 0.046 0.018 0.039 0.037 0.007 0.021 0.088
98 N 0.042 0.044 0.327 0.082 0.009 0.033 0.049 0.064 0.031 0.022 0.031 0.053 0.011 0.018 0.02 0.069 0.049 0.004 0.015 0.027
99 L 0.045 0.021 0.014 0.016 0.016 0.015 0.019 0.021 0.009 0.198 0.275 0.024 0.043 0.049 0.014 0.024 0.036 0.006 0.021 0.134
100 L 0.105 0.024 0.017 0.019 0.016 0.017 0.025 0.036 0.013 0.083 0.235 0.028 0.035 0.131 0.017 0.039 0.035 0.009 0.037 0.078
101 R 0.044 0.355 0.038 0.031 0.008 0.048 0.052 0.032 0.023 0.023 0.046 0.118 0.015 0.017 0.019 0.044 0.034 0.006 0.017 0.031
102 T 0.066 0.031 0.036 0.032 0.017 0.024 0.033 0.037 0.012 0.11 0.089 0.039 0.024 0.028 0.024 0.075 0.203 0.006 0.018 0.096
103 Y 0.04 0.028 0.021 0.018 0.009 0.021 0.028 0.025 0.046 0.043 0.067 0.031 0.018 0.129 0.015 0.031 0.028 0.028 0.328 0.046
104 L 0.06 0.031 0.03 0.027 0.017 0.025 0.031 0.034 0.013 0.079 0.177 0.037 0.065 0.037 0.021 0.061 0.147 0.007 0.02 0.081
105 I 0.05 0.022 0.017 0.018 0.015 0.017 0.022 0.024 0.012 0.151 0.15 0.026 0.066 0.131 0.014 0.029 0.038 0.009 0.038 0.15
106 P 0.056 0.025 0.023 0.031 0.01 0.02 0.036 0.036 0.013 0.025 0.036 0.041 0.01 0.013 0.501 0.043 0.036 0.003 0.013 0.031
107 C 0.122 0.028 0.026 0.026 0.137 0.023 0.031 0.045 0.013 0.06 0.095 0.036 0.056 0.028 0.022 0.063 0.096 0.006 0.018 0.071
108 L 0.05 0.023 0.015 0.016 0.017 0.016 0.021 0.022 0.009 0.126 0.321 0.025 0.044 0.049 0.015 0.026 0.037 0.007 0.022 0.141
109 I 0.11 0.021 0.017 0.02 0.017 0.016 0.023 0.035 0.01 0.222 0.139 0.028 0.032 0.038 0.018 0.039 0.042 0.006 0.02 0.148
110 Y 0.038 0.025 0.02 0.018 0.009 0.019 0.025 0.025 0.039 0.048 0.079 0.028 0.02 0.196 0.014 0.029 0.027 0.025 0.268 0.048
111 F 0.035 0.021 0.018 0.017 0.01 0.013 0.021 0.025 0.024 0.058 0.101 0.022 0.023 0.329 0.012 0.026 0.026 0.019 0.148 0.052
112 I 0.052 0.018 0.015 0.017 0.017 0.014 0.019 0.021 0.009 0.252 0.156 0.024 0.035 0.041 0.015 0.027 0.042 0.006 0.02 0.2
113 V 0.131 0.027 0.027 0.028 0.018 0.022 0.033 0.047 0.013 0.129 0.098 0.037 0.025 0.03 0.022 0.093 0.054 0.005 0.019 0.141
114 K 0.051 0.061 0.028 0.029 0.012 0.033 0.044 0.031 0.015 0.154 0.104 0.156 0.026 0.029 0.021 0.039 0.039 0.005 0.019 0.103
115 N 0.059 0.043 0.259 0.073 0.011 0.033 0.049 0.065 0.028 0.024 0.034 0.053 0.012 0.018 0.022 0.109 0.057 0.005 0.016 0.03
116 I 0.056 0.018 0.015 0.017 0.136 0.014 0.018 0.024 0.008 0.192 0.131 0.023 0.03 0.036 0.015 0.03 0.041 0.005 0.018 0.171
117 D 0.046 0.133 0.119 0.14 0.008 0.041 0.065 0.046 0.023 0.024 0.037 0.126 0.013 0.016 0.022 0.054 0.039 0.005 0.015 0.028
118 F 0.042 0.042 0.022 0.022 0.011 0.022 0.032 0.028 0.016 0.066 0.163 0.088 0.029 0.215 0.016 0.032 0.031 0.011 0.053 0.059
119 D 0.058 0.113 0.057 0.223 0.01 0.035 0.071 0.047 0.02 0.024 0.036 0.065 0.012 0.017 0.023 0.095 0.046 0.005 0.014 0.03
120 D 0.049 0.135 0.047 0.142 0.008 0.048 0.13 0.039 0.022 0.023 0.038 0.131 0.013 0.016 0.023 0.051 0.036 0.005 0.015 0.029
121 K 0.055 0.083 0.041 0.054 0.008 0.099 0.137 0.04 0.024 0.026 0.042 0.185 0.016 0.015 0.026 0.054 0.039 0.005 0.018 0.033
122 R 0.044 0.208 0.033 0.03 0.009 0.04 0.048 0.033 0.021 0.034 0.062 0.136 0.018 0.111 0.019 0.041 0.033 0.008 0.035 0.037
123 L 0.041 0.022 0.017 0.017 0.013 0.015 0.021 0.023 0.02 0.125 0.183 0.024 0.032 0.156 0.014 0.026 0.031 0.014 0.114 0.092
124 L 0.07 0.029 0.031 0.029 0.015 0.024 0.031 0.158 0.015 0.065 0.162 0.037 0.062 0.034 0.019 0.085 0.046 0.006 0.018 0.063
125 L 0.045 0.026 0.092 0.033 0.014 0.019 0.026 0.031 0.015 0.175 0.187 0.031 0.033 0.04 0.016 0.035 0.04 0.006 0.02 0.117
126 L 0.044 0.022 0.014 0.016 0.016 0.015 0.019 0.021 0.01 0.156 0.33 0.025 0.046 0.051 0.014 0.024 0.034 0.007 0.022 0.115
127 F 0.046 0.054 0.106 0.057 0.009 0.04 0.111 0.042 0.023 0.033 0.056 0.109 0.016 0.111 0.021 0.05 0.037 0.008 0.034 0.036
128 K 0.053 0.16 0.041 0.04 0.008 0.095 0.073 0.04 0.023 0.026 0.044 0.196 0.017 0.016 0.024 0.051 0.038 0.005 0.018 0.032
129 F 0.113 0.025 0.025 0.025 0.016 0.019 0.029 0.041 0.013 0.11 0.1 0.033 0.024 0.121 0.02 0.056 0.093 0.008 0.036 0.092
130 L 0.041 0.028 0.024 0.021 0.012 0.02 0.028 0.026 0.1 0.078 0.23 0.028 0.034 0.133 0.014 0.029 0.029 0.01 0.047 0.067
131 V 0.072 0.025 0.028 0.026 0.017 0.02 0.027 0.152 0.011 0.099 0.087 0.032 0.023 0.027 0.02 0.052 0.096 0.005 0.017 0.163
132 Y 0.049 0.024 0.018 0.018 0.013 0.018 0.024 0.023 0.027 0.132 0.107 0.028 0.026 0.084 0.015 0.03 0.036 0.017 0.174 0.136
133 T 0.067 0.035 0.035 0.045 0.015 0.034 0.102 0.036 0.015 0.072 0.073 0.047 0.021 0.025 0.024 0.067 0.15 0.006 0.018 0.113
134 A 0.17 0.026 0.02 0.023 0.017 0.019 0.03 0.05 0.014 0.065 0.154 0.033 0.027 0.123 0.021 0.054 0.039 0.009 0.036 0.071
135 A 0.184 0.025 0.021 0.023 0.138 0.02 0.03 0.053 0.011 0.073 0.077 0.033 0.02 0.024 0.023 0.06 0.046 0.005 0.017 0.118
136 I 0.046 0.017 0.014 0.017 0.016 0.013 0.017 0.02 0.009 0.282 0.165 0.023 0.036 0.044 0.014 0.025 0.039 0.006 0.02 0.174
137 L 0.051 0.022 0.015 0.016 0.017 0.015 0.02 0.022 0.009 0.168 0.266 0.025 0.041 0.047 0.015 0.026 0.038 0.006 0.021 0.161
138 A 0.245 0.029 0.029 0.03 0.019 0.024 0.036 0.187 0.014 0.037 0.051 0.041 0.015 0.02 0.027 0.075 0.044 0.005 0.016 0.057
139 L 0.045 0.021 0.014 0.016 0.016 0.015 0.019 0.021 0.009 0.198 0.275 0.024 0.043 0.049 0.014 0.024 0.036 0.006 0.021 0.134
140 Y 0.036 0.024 0.019 0.017 0.009 0.017 0.024 0.026 0.031 0.045 0.075 0.026 0.019 0.178 0.012 0.027 0.026 0.143 0.203 0.044
141 G 0.077 0.023 0.039 0.033 0.011 0.019 0.025 0.517 0.013 0.019 0.028 0.033 0.009 0.016 0.019 0.051 0.029 0.005 0.011 0.024
142 L 0.046 0.025 0.018 0.018 0.015 0.02 0.023 0.025 0.014 0.136 0.166 0.028 0.102 0.134 0.014 0.03 0.036 0.01 0.039 0.103
143 F 0.045 0.021 0.016 0.016 0.014 0.013 0.02 0.024 0.013 0.1 0.185 0.022 0.033 0.22 0.013 0.027 0.033 0.011 0.054 0.121
144 Q 0.055 0.072 0.043 0.046 0.009 0.226 0.101 0.041 0.029 0.026 0.046 0.09 0.02 0.014 0.023 0.055 0.041 0.006 0.02 0.035
145 A 0.301 0.031 0.025 0.029 0.021 0.025 0.04 0.077 0.015 0.043 0.059 0.044 0.017 0.021 0.029 0.084 0.049 0.005 0.017 0.068
146 F 0.032 0.02 0.016 0.016 0.01 0.012 0.02 0.026 0.016 0.054 0.097 0.02 0.023 0.312 0.01 0.024 0.024 0.137 0.082 0.048
147 V 0.058 0.02 0.015 0.017 0.017 0.015 0.02 0.022 0.008 0.222 0.147 0.024 0.034 0.039 0.015 0.029 0.044 0.006 0.02 0.227
148 L 0.044 0.024 0.014 0.015 0.016 0.016 0.02 0.021 0.01 0.114 0.385 0.025 0.049 0.054 0.014 0.024 0.033 0.007 0.022 0.095
149 G 0.072 0.043 0.039 0.035 0.01 0.027 0.036 0.399 0.015 0.021 0.032 0.097 0.011 0.016 0.021 0.051 0.032 0.005 0.012 0.026
150 D 0.048 0.033 0.05 0.233 0.008 0.036 0.131 0.04 0.019 0.023 0.032 0.051 0.01 0.015 0.143 0.05 0.035 0.004 0.013 0.027
151 D 0.053 0.038 0.054 0.223 0.009 0.076 0.077 0.162 0.02 0.022 0.032 0.053 0.012 0.015 0.021 0.052 0.035 0.005 0.013 0.027
152 F 0.033 0.019 0.017 0.017 0.01 0.01 0.019 0.025 0.017 0.062 0.113 0.019 0.025 0.396 0.01 0.025 0.025 0.017 0.087 0.054
153 L 0.044 0.024 0.014 0.015 0.016 0.016 0.02 0.021 0.01 0.114 0.385 0.025 0.049 0.054 0.014 0.024 0.033 0.007 0.022 0.095
154 I 0.052 0.018 0.015 0.017 0.017 0.014 0.019 0.021 0.009 0.252 0.156 0.024 0.035 0.041 0.015 0.027 0.042 0.006 0.02 0.2
155 K 0.111 0.066 0.03 0.032 0.011 0.036 0.05 0.048 0.018 0.032 0.049 0.161 0.016 0.028 0.023 0.053 0.037 0.129 0.03 0.041
156 L 0.045 0.021 0.014 0.016 0.016 0.015 0.019 0.021 0.009 0.198 0.275 0.024 0.043 0.049 0.014 0.024 0.036 0.006 0.021 0.134
157 G 0.077 0.023 0.039 0.033 0.011 0.019 0.025 0.517 0.013 0.019 0.028 0.033 0.009 0.016 0.019 0.051 0.029 0.005 0.011 0.024
158 Y 0.04 0.028 0.021 0.018 0.009 0.021 0.028 0.025 0.046 0.043 0.067 0.031 0.018 0.129 0.015 0.031 0.028 0.028 0.328 0.046
159 P 0.053 0.114 0.031 0.045 0.009 0.038 0.107 0.035 0.018 0.024 0.038 0.069 0.012 0.015 0.262 0.046 0.035 0.004 0.015 0.031
160 S 0.147 0.036 0.044 0.041 0.018 0.029 0.045 0.063 0.017 0.038 0.051 0.049 0.017 0.021 0.029 0.159 0.117 0.005 0.017 0.055
161 N 0.048 0.052 0.184 0.075 0.008 0.089 0.126 0.051 0.029 0.023 0.036 0.068 0.014 0.017 0.022 0.062 0.044 0.005 0.017 0.03
162 D 0.041 0.03 0.069 0.397 0.008 0.03 0.091 0.047 0.019 0.022 0.028 0.045 0.009 0.015 0.022 0.052 0.035 0.004 0.011 0.024
163 G 0.068 0.028 0.111 0.045 0.01 0.022 0.031 0.404 0.018 0.02 0.029 0.038 0.01 0.016 0.019 0.055 0.034 0.005 0.012 0.025
164 G 0.057 0.047 0.112 0.063 0.009 0.085 0.121 0.164 0.025 0.022 0.035 0.063 0.013 0.016 0.022 0.057 0.039 0.005 0.016 0.029
165 F 0.054 0.026 0.024 0.022 0.014 0.019 0.027 0.029 0.021 0.08 0.093 0.03 0.023 0.146 0.017 0.045 0.09 0.014 0.113 0.112
166 L 0.044 0.024 0.014 0.015 0.016 0.016 0.02 0.021 0.01 0.114 0.385 0.025 0.049 0.054 0.014 0.024 0.033 0.007 0.022 0.095
167 A 0.111 0.045 0.026 0.027 0.014 0.028 0.039 0.041 0.022 0.099 0.083 0.097 0.022 0.052 0.022 0.048 0.039 0.011 0.096 0.08
168 S 0.108 0.04 0.053 0.048 0.017 0.033 0.052 0.065 0.019 0.029 0.041 0.053 0.015 0.021 0.029 0.231 0.081 0.005 0.017 0.041
169 T 0.057 0.04 0.116 0.048 0.013 0.031 0.045 0.047 0.106 0.037 0.049 0.047 0.016 0.024 0.023 0.073 0.148 0.006 0.027 0.047
170 S 0.156 0.037 0.046 0.043 0.018 0.031 0.049 0.068 0.018 0.033 0.046 0.051 0.016 0.021 0.029 0.195 0.073 0.005 0.017 0.048
171 F 0.035 0.021 0.018 0.017 0.01 0.013 0.021 0.025 0.024 0.058 0.101 0.022 0.023 0.329 0.012 0.026 0.026 0.019 0.148 0.052
172 Y 0.038 0.025 0.02 0.018 0.009 0.019 0.025 0.025 0.039 0.048 0.079 0.028 0.02 0.196 0.014 0.029 0.027 0.025 0.268 0.048
173 I 0.046 0.017 0.014 0.017 0.016 0.013 0.017 0.02 0.009 0.282 0.165 0.023 0.036 0.044 0.014 0.025 0.039 0.006 0.02 0.174
174 S 0.1 0.035 0.05 0.044 0.016 0.029 0.045 0.178 0.018 0.027 0.038 0.048 0.014 0.019 0.027 0.186 0.068 0.005 0.016 0.037
175 H 0.05 0.039 0.049 0.037 0.008 0.033 0.046 0.158 0.277 0.022 0.035 0.042 0.014 0.027 0.019 0.044 0.027 0.007 0.045 0.023
176 F 0.033 0.019 0.017 0.017 0.01 0.01 0.019 0.025 0.017 0.062 0.113 0.019 0.025 0.396 0.01 0.025 0.025 0.017 0.087 0.054
177 F 0.035 0.021 0.018 0.017 0.01 0.013 0.021 0.025 0.024 0.058 0.101 0.022 0.023 0.329 0.012 0.026 0.026 0.019 0.148 0.052
178 G 0.077 0.023 0.039 0.033 0.011 0.019 0.025 0.517 0.013 0.019 0.028 0.033 0.009 0.016 0.019 0.051 0.029 0.005 0.011 0.024
179 R 0.048 0.126 0.036 0.046 0.008 0.09 0.122 0.033 0.031 0.028 0.049 0.078 0.017 0.044 0.021 0.046 0.035 0.011 0.095 0.036
180 Q 0.055 0.072 0.043 0.046 0.009 0.226 0.101 0.041 0.029 0.026 0.046 0.09 0.02 0.014 0.023 0.055 0.041 0.006 0.02 0.035
181 R 0.06 0.276 0.042 0.035 0.01 0.044 0.052 0.041 0.022 0.025 0.045 0.102 0.015 0.018 0.022 0.091 0.046 0.006 0.017 0.033
182 V 0.079 0.026 0.026 0.025 0.018 0.02 0.03 0.035 0.011 0.129 0.107 0.033 0.027 0.032 0.02 0.082 0.057 0.005 0.02 0.22
183 T 0.071 0.032 0.036 0.032 0.018 0.024 0.035 0.038 0.012 0.08 0.08 0.04 0.022 0.026 0.024 0.077 0.205 0.006 0.018 0.122
184 G 0.093 0.031 0.046 0.041 0.014 0.026 0.038 0.291 0.016 0.024 0.035 0.043 0.012 0.018 0.024 0.141 0.055 0.005 0.014 0.033
185 T 0.072 0.035 0.043 0.037 0.018 0.027 0.039 0.043 0.014 0.053 0.064 0.045 0.019 0.023 0.027 0.091 0.258 0.006 0.018 0.07
186 F 0.033 0.019 0.017 0.017 0.01 0.01 0.019 0.025 0.017 0.062 0.113 0.019 0.025 0.396 0.01 0.025 0.025 0.017 0.087 0.054
187 V 0.137 0.028 0.028 0.028 0.019 0.023 0.034 0.048 0.012 0.099 0.089 0.037 0.024 0.028 0.023 0.095 0.057 0.005 0.019 0.167
188 A 0.204 0.035 0.039 0.039 0.019 0.029 0.046 0.071 0.017 0.036 0.05 0.049 0.016 0.021 0.029 0.158 0.065 0.005 0.017 0.055
189 P 0.056 0.025 0.023 0.031 0.01 0.02 0.036 0.036 0.013 0.025 0.036 0.041 0.01 0.013 0.501 0.043 0.036 0.003 0.013 0.031
190 N 0.042 0.044 0.327 0.082 0.009 0.033 0.049 0.064 0.031 0.022 0.031 0.053 0.011 0.018 0.02 0.069 0.049 0.004 0.015 0.027
191 L 0.045 0.026 0.092 0.033 0.014 0.019 0.026 0.031 0.015 0.175 0.187 0.031 0.033 0.04 0.016 0.035 0.04 0.006 0.02 0.117
192 C 0.12 0.024 0.019 0.02 0.255 0.019 0.025 0.042 0.012 0.057 0.095 0.03 0.056 0.027 0.019 0.05 0.04 0.005 0.016 0.068
193 G 0.077 0.023 0.039 0.033 0.011 0.019 0.025 0.517 0.013 0.019 0.028 0.033 0.009 0.016 0.019 0.051 0.029 0.005 0.011 0.024
194 L 0.115 0.023 0.017 0.02 0.018 0.018 0.025 0.036 0.01 0.15 0.184 0.029 0.033 0.038 0.018 0.041 0.042 0.006 0.02 0.154
195 Y 0.049 0.024 0.018 0.018 0.013 0.018 0.024 0.023 0.027 0.132 0.107 0.028 0.026 0.084 0.015 0.03 0.036 0.017 0.174 0.136
196 F 0.038 0.022 0.017 0.017 0.012 0.015 0.021 0.026 0.016 0.072 0.133 0.023 0.062 0.309 0.012 0.028 0.029 0.014 0.072 0.063
197 G 0.189 0.027 0.032 0.031 0.016 0.022 0.033 0.297 0.014 0.031 0.043 0.039 0.013 0.019 0.024 0.067 0.039 0.005 0.014 0.046
198 L 0.055 0.026 0.018 0.019 0.017 0.021 0.024 0.025 0.012 0.16 0.17 0.03 0.103 0.043 0.016 0.032 0.042 0.007 0.022 0.159
199 V 0.137 0.028 0.028 0.028 0.019 0.023 0.034 0.048 0.012 0.099 0.089 0.037 0.024 0.028 0.023 0.095 0.057 0.005 0.019 0.167
200 L 0.055 0.024 0.022 0.021 0.015 0.019 0.023 0.147 0.012 0.128 0.193 0.029 0.067 0.04 0.016 0.034 0.035 0.007 0.019 0.096
201 L 0.05 0.019 0.015 0.016 0.135 0.014 0.018 0.023 0.009 0.18 0.195 0.023 0.034 0.04 0.015 0.028 0.037 0.006 0.019 0.125
202 V 0.117 0.025 0.019 0.021 0.018 0.021 0.027 0.037 0.012 0.146 0.137 0.032 0.064 0.037 0.019 0.044 0.044 0.006 0.02 0.153
203 L 0.044 0.024 0.014 0.015 0.016 0.016 0.02 0.021 0.01 0.114 0.385 0.025 0.049 0.054 0.014 0.024 0.033 0.007 0.022 0.095
204 L 0.042 0.019 0.015 0.017 0.015 0.013 0.018 0.022 0.011 0.185 0.207 0.023 0.037 0.134 0.013 0.025 0.034 0.009 0.038 0.124
205 F 0.054 0.026 0.027 0.025 0.012 0.019 0.029 0.035 0.025 0.049 0.083 0.03 0.021 0.235 0.016 0.078 0.04 0.017 0.13 0.049
206 R 0.068 0.112 0.037 0.033 0.015 0.03 0.04 0.04 0.016 0.097 0.079 0.06 0.022 0.026 0.023 0.098 0.103 0.006 0.018 0.079
207 D 0.044 0.043 0.035 0.12 0.011 0.026 0.049 0.033 0.016 0.098 0.087 0.094 0.021 0.117 0.019 0.038 0.035 0.008 0.034 0.071
208 D 0.045 0.052 0.057 0.223 0.008 0.037 0.076 0.043 0.105 0.023 0.034 0.106 0.012 0.019 0.023 0.049 0.034 0.005 0.024 0.026
209 D 0.051 0.035 0.114 0.136 0.012 0.029 0.051 0.045 0.02 0.049 0.079 0.044 0.053 0.026 0.021 0.062 0.095 0.005 0.017 0.053
210 R 0.046 0.118 0.029 0.028 0.01 0.077 0.049 0.029 0.027 0.093 0.081 0.066 0.023 0.051 0.018 0.039 0.035 0.011 0.096 0.071
211 E 0.056 0.078 0.041 0.066 0.008 0.059 0.185 0.039 0.023 0.025 0.04 0.178 0.014 0.016 0.027 0.054 0.038 0.005 0.017 0.032
212 P 0.043 0.024 0.019 0.023 0.009 0.018 0.029 0.033 0.014 0.028 0.044 0.032 0.013 0.037 0.252 0.033 0.029 0.249 0.04 0.03
213 K 0.117 0.087 0.037 0.038 0.012 0.046 0.062 0.051 0.019 0.031 0.047 0.228 0.016 0.017 0.028 0.06 0.042 0.005 0.017 0.041
214 W 0.055 0.033 0.104 0.041 0.011 0.026 0.038 0.046 0.028 0.031 0.048 0.04 0.015 0.057 0.018 0.088 0.045 0.134 0.107 0.036
215 R 0.052 0.194 0.11 0.044 0.009 0.037 0.044 0.162 0.023 0.022 0.038 0.081 0.013 0.017 0.019 0.052 0.037 0.005 0.015 0.028
216 R 0.065 0.111 0.032 0.029 0.013 0.03 0.038 0.037 0.024 0.064 0.071 0.057 0.02 0.05 0.02 0.085 0.048 0.011 0.096 0.099
217 V 0.057 0.021 0.015 0.017 0.017 0.015 0.021 0.022 0.009 0.18 0.202 0.025 0.037 0.042 0.015 0.028 0.042 0.006 0.021 0.207
218 L 0.111 0.025 0.018 0.019 0.016 0.018 0.026 0.038 0.012 0.087 0.156 0.029 0.028 0.043 0.017 0.041 0.038 0.129 0.032 0.118
219 L 0.052 0.024 0.02 0.02 0.015 0.017 0.021 0.145 0.011 0.09 0.296 0.027 0.039 0.044 0.015 0.031 0.032 0.007 0.019 0.077
220 F 0.111 0.023 0.024 0.024 0.013 0.016 0.026 0.161 0.015 0.047 0.078 0.029 0.019 0.207 0.017 0.046 0.032 0.011 0.051 0.05
221 L 0.06 0.027 0.026 0.026 0.015 0.021 0.029 0.035 0.015 0.118 0.128 0.033 0.062 0.127 0.018 0.079 0.046 0.009 0.037 0.09
222 L 0.048 0.026 0.017 0.018 0.016 0.021 0.023 0.024 0.013 0.148 0.234 0.03 0.108 0.048 0.015 0.03 0.038 0.007 0.022 0.113
223 L 0.051 0.022 0.015 0.016 0.017 0.015 0.02 0.022 0.009 0.168 0.266 0.025 0.041 0.047 0.015 0.026 0.038 0.006 0.021 0.161
224 V 0.112 0.022 0.018 0.02 0.017 0.016 0.025 0.037 0.012 0.137 0.116 0.028 0.027 0.124 0.018 0.041 0.041 0.008 0.036 0.144
225 G 0.189 0.027 0.032 0.031 0.016 0.022 0.033 0.297 0.014 0.031 0.043 0.039 0.013 0.019 0.024 0.067 0.039 0.005 0.014 0.046
226 L 0.043 0.025 0.016 0.017 0.015 0.018 0.022 0.024 0.013 0.097 0.269 0.026 0.074 0.138 0.014 0.027 0.033 0.01 0.039 0.084
227 A 0.18 0.029 0.022 0.024 0.019 0.024 0.033 0.052 0.013 0.087 0.11 0.037 0.06 0.031 0.023 0.059 0.047 0.006 0.02 0.127
228 G 0.123 0.028 0.03 0.029 0.016 0.022 0.031 0.165 0.013 0.057 0.134 0.037 0.024 0.029 0.022 0.062 0.092 0.006 0.017 0.064
229 T 0.072 0.035 0.043 0.037 0.018 0.027 0.039 0.043 0.014 0.053 0.064 0.045 0.019 0.023 0.027 0.091 0.258 0.006 0.018 0.07
230 F 0.033 0.019 0.017 0.017 0.01 0.01 0.019 0.025 0.017 0.062 0.113 0.019 0.025 0.396 0.01 0.025 0.025 0.017 0.087 0.054
231 S 0.108 0.04 0.053 0.048 0.017 0.033 0.052 0.065 0.019 0.029 0.041 0.053 0.015 0.021 0.029 0.231 0.081 0.005 0.017 0.041
232 R 0.044 0.355 0.038 0.031 0.008 0.048 0.052 0.032 0.023 0.023 0.046 0.118 0.015 0.017 0.019 0.044 0.034 0.006 0.017 0.031
233 S 0.108 0.04 0.053 0.048 0.017 0.033 0.052 0.065 0.019 0.029 0.041 0.053 0.015 0.021 0.029 0.231 0.081 0.005 0.017 0.041
234 A 0.253 0.033 0.032 0.034 0.02 0.027 0.043 0.074 0.016 0.039 0.054 0.046 0.017 0.021 0.029 0.121 0.057 0.005 0.017 0.061
235 L 0.048 0.026 0.017 0.018 0.016 0.021 0.023 0.024 0.013 0.148 0.234 0.03 0.108 0.048 0.015 0.03 0.038 0.007 0.022 0.113
236 L 0.051 0.022 0.015 0.016 0.017 0.015 0.02 0.022 0.009 0.168 0.266 0.025 0.041 0.047 0.015 0.026 0.038 0.006 0.021 0.161
237 G 0.085 0.027 0.042 0.037 0.012 0.022 0.032 0.404 0.015 0.021 0.031 0.038 0.011 0.017 0.021 0.096 0.042 0.005 0.012 0.028
238 F 0.053 0.027 0.03 0.027 0.014 0.019 0.029 0.034 0.015 0.057 0.088 0.032 0.022 0.21 0.019 0.058 0.141 0.011 0.053 0.062
239 G 0.123 0.025 0.023 0.024 0.017 0.019 0.027 0.16 0.011 0.084 0.15 0.032 0.027 0.032 0.02 0.048 0.04 0.006 0.018 0.117
240 G 0.061 0.02 0.022 0.021 0.133 0.014 0.021 0.15 0.012 0.072 0.083 0.024 0.02 0.117 0.015 0.037 0.035 0.008 0.033 0.103
241 A 0.197 0.031 0.036 0.035 0.018 0.025 0.039 0.184 0.015 0.033 0.047 0.044 0.015 0.02 0.027 0.112 0.052 0.005 0.016 0.05
242 L 0.052 0.023 0.015 0.016 0.017 0.016 0.021 0.022 0.009 0.13 0.297 0.025 0.043 0.048 0.015 0.027 0.038 0.007 0.022 0.156
243 L 0.053 0.021 0.015 0.017 0.017 0.015 0.02 0.022 0.009 0.185 0.226 0.025 0.039 0.044 0.015 0.027 0.04 0.006 0.021 0.182
244 C 0.065 0.016 0.016 0.016 0.484 0.012 0.016 0.032 0.008 0.045 0.065 0.02 0.016 0.02 0.016 0.041 0.037 0.004 0.012 0.057
245 G 0.078 0.023 0.039 0.034 0.011 0.019 0.026 0.51 0.014 0.019 0.028 0.034 0.009 0.016 0.019 0.051 0.03 0.005 0.011 0.024
246 I 0.047 0.018 0.015 0.018 0.016 0.013 0.018 0.021 0.009 0.271 0.168 0.024 0.037 0.044 0.015 0.025 0.04 0.006 0.021 0.177
247 I 0.047 0.018 0.015 0.018 0.016 0.013 0.018 0.021 0.009 0.271 0.168 0.024 0.037 0.044 0.015 0.025 0.04 0.006 0.021 0.177
248 Y 0.04 0.028 0.022 0.019 0.009 0.022 0.028 0.025 0.047 0.044 0.068 0.031 0.019 0.131 0.016 0.031 0.028 0.028 0.318 0.047
249 N 0.043 0.045 0.317 0.083 0.009 0.034 0.049 0.065 0.032 0.022 0.032 0.054 0.011 0.018 0.02 0.07 0.049 0.004 0.016 0.027
250 I 0.05 0.021 0.017 0.018 0.015 0.016 0.021 0.022 0.018 0.192 0.132 0.026 0.031 0.063 0.015 0.028 0.039 0.011 0.097 0.168
251 V 0.062 0.019 0.016 0.017 0.136 0.014 0.02 0.025 0.008 0.163 0.122 0.024 0.029 0.033 0.016 0.032 0.043 0.005 0.018 0.197
252 F 0.032 0.02 0.016 0.016 0.01 0.012 0.02 0.026 0.016 0.054 0.097 0.02 0.023 0.312 0.01 0.024 0.024 0.137 0.082 0.048
253 F 0.038 0.022 0.017 0.017 0.012 0.015 0.021 0.024 0.022 0.07 0.169 0.023 0.029 0.244 0.013 0.026 0.028 0.017 0.131 0.062
254 F 0.045 0.038 0.025 0.025 0.011 0.071 0.044 0.029 0.027 0.058 0.105 0.044 0.059 0.147 0.016 0.037 0.033 0.014 0.115 0.057
255 R 0.044 0.355 0.038 0.031 0.008 0.048 0.052 0.032 0.023 0.023 0.046 0.118 0.015 0.017 0.019 0.044 0.034 0.006 0.017 0.031
256 N 0.049 0.075 0.184 0.061 0.009 0.043 0.059 0.053 0.026 0.025 0.037 0.171 0.013 0.017 0.024 0.061 0.044 0.005 0.016 0.029
257 S 0.08 0.05 0.04 0.039 0.015 0.033 0.048 0.048 0.017 0.092 0.073 0.105 0.021 0.025 0.025 0.135 0.06 0.005 0.018 0.072
258 L 0.063 0.03 0.031 0.029 0.015 0.023 0.033 0.04 0.014 0.056 0.136 0.036 0.025 0.039 0.019 0.092 0.098 0.129 0.031 0.059
259 K 0.056 0.063 0.034 0.033 0.01 0.034 0.046 0.157 0.018 0.034 0.056 0.157 0.016 0.111 0.021 0.045 0.033 0.008 0.033 0.036
260 L 0.045 0.024 0.014 0.015 0.016 0.016 0.02 0.021 0.01 0.115 0.375 0.025 0.05 0.055 0.014 0.024 0.033 0.007 0.022 0.096
261 N 0.043 0.045 0.317 0.083 0.009 0.034 0.049 0.065 0.032 0.022 0.032 0.054 0.011 0.018 0.02 0.07 0.049 0.004 0.016 0.027
262 K 0.057 0.107 0.042 0.042 0.009 0.054 0.071 0.043 0.021 0.028 0.043 0.278 0.016 0.016 0.028 0.054 0.04 0.005 0.017 0.033
263 F 0.034 0.019 0.017 0.017 0.011 0.011 0.019 0.025 0.017 0.063 0.114 0.019 0.025 0.387 0.011 0.025 0.025 0.017 0.089 0.055
264 S 0.11 0.04 0.054 0.049 0.018 0.033 0.052 0.066 0.019 0.03 0.042 0.054 0.016 0.021 0.03 0.22 0.082 0.005 0.018 0.042
265 K 0.057 0.107 0.042 0.042 0.009 0.054 0.071 0.043 0.021 0.028 0.043 0.278 0.016 0.016 0.028 0.054 0.04 0.005 0.017 0.033
266 W 0.03 0.023 0.015 0.015 0.008 0.015 0.023 0.03 0.015 0.03 0.053 0.023 0.015 0.061 0.008 0.023 0.023 0.492 0.068 0.03
267 L 0.045 0.024 0.014 0.015 0.016 0.016 0.02 0.021 0.01 0.115 0.375 0.025 0.05 0.055 0.014 0.024 0.033 0.007 0.022 0.096
268 K 0.067 0.067 0.037 0.037 0.013 0.038 0.052 0.043 0.017 0.091 0.073 0.164 0.021 0.024 0.025 0.09 0.05 0.005 0.018 0.07
269 G 0.078 0.023 0.039 0.034 0.011 0.019 0.026 0.51 0.014 0.019 0.028 0.034 0.009 0.016 0.019 0.051 0.03 0.005 0.011 0.024
270 V 0.07 0.022 0.016 0.018 0.019 0.016 0.023 0.025 0.008 0.165 0.13 0.026 0.032 0.036 0.016 0.033 0.049 0.006 0.021 0.269
271 K 0.057 0.107 0.042 0.042 0.009 0.054 0.071 0.043 0.021 0.028 0.043 0.278 0.016 0.016 0.028 0.054 0.04 0.005 0.017 0.033
272 L 0.045 0.024 0.014 0.015 0.016 0.016 0.02 0.021 0.01 0.115 0.375 0.025 0.05 0.055 0.014 0.024 0.033 0.007 0.022 0.096
273 S 0.11 0.04 0.054 0.049 0.018 0.033 0.052 0.066 0.019 0.03 0.042 0.054 0.016 0.021 0.03 0.22 0.082 0.005 0.018 0.042
274 I 0.047 0.018 0.015 0.018 0.016 0.013 0.018 0.021 0.009 0.271 0.168 0.024 0.037 0.044 0.015 0.025 0.04 0.006 0.021 0.177
275 L 0.045 0.024 0.014 0.015 0.016 0.016 0.02 0.021 0.01 0.115 0.375 0.025 0.05 0.055 0.014 0.024 0.033 0.007 0.022 0.096
276 Q 0.056 0.074 0.044 0.047 0.009 0.215 0.103 0.041 0.029 0.026 0.047 0.091 0.021 0.015 0.024 0.056 0.041 0.006 0.021 0.035
277 A 0.29 0.031 0.026 0.03 0.022 0.026 0.04 0.078 0.015 0.043 0.059 0.045 0.018 0.022 0.03 0.085 0.05 0.005 0.018 0.069
278 L 0.052 0.023 0.021 0.022 0.016 0.017 0.023 0.026 0.01 0.182 0.195 0.029 0.035 0.041 0.018 0.041 0.092 0.006 0.02 0.128
279 L 0.067 0.036 0.109 0.045 0.015 0.027 0.04 0.048 0.018 0.054 0.13 0.044 0.024 0.029 0.023 0.104 0.105 0.006 0.018 0.058
280 K 0.069 0.089 0.044 0.043 0.011 0.048 0.065 0.048 0.02 0.028 0.042 0.23 0.015 0.017 0.028 0.097 0.05 0.005 0.017 0.035
281 R 0.047 0.127 0.04 0.124 0.01 0.036 0.057 0.035 0.018 0.088 0.07 0.119 0.019 0.023 0.021 0.043 0.037 0.005 0.016 0.065
282 G 0.094 0.031 0.046 0.041 0.014 0.026 0.039 0.289 0.016 0.024 0.035 0.044 0.012 0.018 0.024 0.137 0.056 0.005 0.014 0.033
283 K 0.065 0.071 0.042 0.039 0.013 0.04 0.055 0.043 0.017 0.04 0.054 0.163 0.018 0.02 0.027 0.073 0.145 0.006 0.017 0.052
284 T 0.074 0.038 0.116 0.051 0.015 0.03 0.044 0.054 0.019 0.039 0.05 0.049 0.016 0.021 0.026 0.121 0.161 0.005 0.017 0.052
285 L 0.051 0.104 0.021 0.02 0.015 0.023 0.028 0.025 0.012 0.145 0.181 0.048 0.033 0.037 0.016 0.031 0.039 0.006 0.02 0.145
286 R 0.048 0.13 0.03 0.027 0.01 0.037 0.044 0.032 0.026 0.048 0.087 0.118 0.055 0.052 0.019 0.041 0.035 0.012 0.096 0.05
287 L 0.057 0.023 0.022 0.021 0.135 0.017 0.023 0.029 0.01 0.123 0.17 0.028 0.03 0.035 0.018 0.045 0.091 0.006 0.018 0.099
288 L 0.044 0.022 0.015 0.016 0.013 0.014 0.021 0.025 0.012 0.092 0.169 0.023 0.03 0.136 0.012 0.026 0.032 0.132 0.049 0.115
289 L 0.051 0.02 0.015 0.017 0.017 0.015 0.019 0.021 0.009 0.21 0.211 0.024 0.038 0.044 0.015 0.026 0.04 0.006 0.021 0.181
290 I 0.042 0.019 0.015 0.017 0.014 0.014 0.019 0.023 0.01 0.219 0.137 0.023 0.031 0.048 0.013 0.024 0.035 0.129 0.032 0.138
291 I 0.049 0.019 0.015 0.017 0.015 0.013 0.019 0.022 0.011 0.197 0.143 0.023 0.032 0.13 0.014 0.027 0.038 0.008 0.037 0.171
292 A 0.191 0.032 0.032 0.034 0.017 0.026 0.042 0.064 0.015 0.035 0.048 0.045 0.015 0.019 0.147 0.111 0.054 0.005 0.016 0.052
293 L 0.114 0.025 0.017 0.019 0.018 0.018 0.026 0.036 0.011 0.108 0.239 0.03 0.037 0.041 0.018 0.041 0.041 0.006 0.02 0.134
294 A 0.179 0.025 0.02 0.023 0.019 0.02 0.03 0.05 0.011 0.132 0.103 0.034 0.025 0.03 0.022 0.056 0.047 0.005 0.019 0.147
295 V 0.118 0.023 0.019 0.02 0.017 0.017 0.026 0.038 0.012 0.107 0.107 0.028 0.026 0.122 0.018 0.043 0.043 0.008 0.036 0.17
296 G 0.064 0.023 0.023 0.022 0.015 0.017 0.023 0.187 0.01 0.099 0.18 0.028 0.03 0.035 0.016 0.036 0.037 0.006 0.018 0.132
297 I 0.055 0.023 0.024 0.024 0.017 0.018 0.025 0.028 0.01 0.203 0.132 0.031 0.031 0.037 0.019 0.047 0.111 0.006 0.019 0.14
298 F 0.045 0.021 0.016 0.016 0.014 0.013 0.02 0.024 0.013 0.1 0.185 0.022 0.033 0.22 0.013 0.027 0.033 0.011 0.054 0.121
299 L 0.057 0.027 0.024 0.024 0.015 0.019 0.028 0.033 0.014 0.08 0.231 0.03 0.035 0.131 0.017 0.076 0.043 0.009 0.037 0.071
300 V 0.065 0.022 0.021 0.021 0.016 0.017 0.023 0.147 0.01 0.114 0.167 0.027 0.03 0.035 0.016 0.035 0.04 0.006 0.018 0.17
301 L 0.051 0.02 0.015 0.017 0.017 0.015 0.019 0.021 0.009 0.21 0.211 0.024 0.038 0.044 0.015 0.026 0.04 0.006 0.021 0.181
302 D 0.039 0.03 0.12 0.228 0.009 0.026 0.062 0.045 0.021 0.032 0.05 0.04 0.014 0.111 0.019 0.049 0.036 0.007 0.031 0.032
303 Y 0.04 0.023 0.019 0.018 0.011 0.017 0.023 0.024 0.029 0.108 0.103 0.026 0.025 0.174 0.014 0.028 0.03 0.019 0.191 0.08
304 L 0.052 0.025 0.016 0.017 0.017 0.019 0.023 0.023 0.011 0.122 0.273 0.028 0.075 0.048 0.015 0.029 0.039 0.007 0.022 0.14
305 L 0.043 0.025 0.017 0.016 0.014 0.018 0.023 0.022 0.022 0.091 0.277 0.027 0.039 0.079 0.015 0.026 0.031 0.014 0.123 0.079
306 P 0.043 0.107 0.023 0.023 0.01 0.025 0.032 0.03 0.015 0.048 0.13 0.052 0.022 0.036 0.135 0.033 0.031 0.129 0.03 0.046
307 D 0.048 0.053 0.054 0.236 0.008 0.044 0.139 0.042 0.021 0.023 0.033 0.113 0.012 0.015 0.024 0.052 0.036 0.004 0.014 0.028
308 G 0.076 0.032 0.114 0.049 0.012 0.026 0.038 0.291 0.019 0.022 0.032 0.043 0.011 0.018 0.022 0.1 0.047 0.005 0.013 0.029
309 L 0.05 0.023 0.015 0.016 0.017 0.016 0.021 0.022 0.009 0.126 0.321 0.025 0.044 0.049 0.015 0.026 0.037 0.007 0.022 0.141
310 F 0.04 0.018 0.016 0.017 0.013 0.012 0.018 0.023 0.013 0.172 0.139 0.021 0.031 0.22 0.012 0.025 0.032 0.011 0.054 0.114
311 L 0.049 0.024 0.022 0.022 0.015 0.017 0.024 0.027 0.012 0.128 0.182 0.028 0.032 0.129 0.017 0.041 0.089 0.009 0.037 0.098
312 R 0.043 0.196 0.118 0.137 0.008 0.04 0.06 0.044 0.024 0.023 0.038 0.084 0.013 0.017 0.02 0.052 0.038 0.005 0.015 0.028
313 L 0.051 0.032 0.02 0.02 0.016 0.028 0.028 0.028 0.016 0.099 0.194 0.036 0.173 0.047 0.016 0.036 0.04 0.008 0.024 0.091
314 L 0.047 0.036 0.021 0.023 0.014 0.069 0.04 0.026 0.015 0.092 0.3 0.041 0.042 0.044 0.016 0.032 0.035 0.007 0.022 0.08
315 L 0.043 0.044 0.023 0.023 0.011 0.025 0.034 0.028 0.023 0.062 0.152 0.091 0.027 0.148 0.017 0.033 0.031 0.014 0.114 0.057
316 S 0.108 0.04 0.053 0.048 0.017 0.033 0.052 0.065 0.019 0.029 0.041 0.053 0.015 0.021 0.029 0.231 0.081 0.005 0.017 0.041
317 S 0.099 0.038 0.051 0.045 0.017 0.031 0.048 0.06 0.018 0.035 0.047 0.051 0.016 0.021 0.029 0.196 0.125 0.005 0.017 0.048
318 Y 0.046 0.024 0.019 0.018 0.012 0.017 0.024 0.025 0.029 0.078 0.094 0.026 0.023 0.172 0.014 0.03 0.032 0.019 0.191 0.106
319 L 0.059 0.028 0.026 0.025 0.015 0.022 0.029 0.035 0.015 0.076 0.183 0.033 0.066 0.129 0.017 0.079 0.045 0.009 0.038 0.07
320 G 0.084 0.114 0.046 0.04 0.013 0.033 0.045 0.17 0.019 0.025 0.039 0.065 0.014 0.019 0.024 0.139 0.056 0.005 0.016 0.034
