#Seq2Logo.py -f /work3/idamei/ssn-clusterings/2206011120/clusters/0008_105/sequences.afa -m 0.0001 -b 50 -o /work3/idamei/ssn-clusterings/2206011120/clusters/0008_105/sequences.logo
#Position Specific Frequency Matrix
A R N D C Q E G H I L K M F P S T W Y V
0 M 0.048 0.029 0.018 0.018 0.015 0.026 0.026 0.026 0.015 0.092 0.181 0.033 0.23 0.044 0.015 0.033 0.037 0.007 0.022 0.085
1 K 0.047 0.062 0.032 0.036 0.009 0.062 0.082 0.033 0.06 0.042 0.119 0.162 0.021 0.033 0.02 0.041 0.033 0.008 0.057 0.042
2 T 0.054 0.116 0.033 0.03 0.013 0.031 0.04 0.034 0.015 0.095 0.071 0.111 0.02 0.023 0.021 0.057 0.144 0.005 0.017 0.07
3 L 0.042 0.019 0.013 0.015 0.015 0.013 0.017 0.019 0.009 0.241 0.263 0.022 0.038 0.044 0.013 0.023 0.034 0.006 0.02 0.133
4 K 0.062 0.087 0.036 0.033 0.013 0.033 0.044 0.039 0.016 0.091 0.067 0.135 0.019 0.022 0.023 0.097 0.098 0.005 0.017 0.065
5 K 0.047 0.075 0.172 0.053 0.008 0.042 0.057 0.048 0.023 0.023 0.035 0.222 0.013 0.015 0.023 0.055 0.04 0.005 0.015 0.028
6 T 0.063 0.108 0.108 0.044 0.013 0.031 0.043 0.046 0.019 0.033 0.046 0.059 0.015 0.019 0.023 0.112 0.154 0.005 0.016 0.044
7 A 0.106 0.043 0.026 0.036 0.012 0.033 0.1 0.037 0.021 0.091 0.069 0.1 0.019 0.042 0.021 0.046 0.036 0.009 0.088 0.065
8 R 0.048 0.167 0.038 0.05 0.007 0.097 0.153 0.034 0.023 0.022 0.039 0.138 0.014 0.015 0.022 0.048 0.035 0.005 0.016 0.03
9 I 0.047 0.018 0.015 0.018 0.016 0.013 0.018 0.021 0.009 0.271 0.168 0.024 0.037 0.044 0.015 0.025 0.04 0.006 0.021 0.177
10 I 0.047 0.018 0.015 0.018 0.016 0.013 0.018 0.021 0.009 0.271 0.168 0.024 0.037 0.044 0.015 0.025 0.04 0.006 0.021 0.177
11 N 0.047 0.065 0.172 0.062 0.008 0.044 0.115 0.046 0.024 0.022 0.034 0.169 0.012 0.015 0.022 0.055 0.039 0.005 0.015 0.028
12 Y 0.054 0.031 0.03 0.026 0.012 0.025 0.034 0.033 0.099 0.057 0.086 0.035 0.06 0.089 0.017 0.082 0.039 0.011 0.103 0.075
13 L 0.04 0.02 0.014 0.015 0.014 0.013 0.018 0.021 0.011 0.148 0.274 0.022 0.038 0.143 0.013 0.023 0.031 0.009 0.036 0.099
14 S 0.079 0.034 0.041 0.037 0.015 0.028 0.042 0.048 0.063 0.047 0.133 0.043 0.023 0.029 0.023 0.18 0.059 0.006 0.022 0.05
15 D 0.05 0.031 0.051 0.247 0.008 0.033 0.134 0.165 0.018 0.02 0.028 0.046 0.01 0.015 0.021 0.049 0.032 0.004 0.012 0.024
16 F 0.049 0.042 0.027 0.027 0.012 0.025 0.034 0.031 0.014 0.113 0.091 0.102 0.023 0.126 0.019 0.046 0.098 0.008 0.034 0.078
17 H 0.04 0.042 0.206 0.057 0.008 0.034 0.048 0.048 0.213 0.021 0.033 0.047 0.012 0.023 0.018 0.052 0.036 0.006 0.034 0.023
18 F 0.034 0.019 0.017 0.017 0.011 0.011 0.019 0.025 0.017 0.063 0.114 0.019 0.025 0.387 0.011 0.025 0.025 0.017 0.089 0.055
19 K 0.053 0.079 0.033 0.033 0.011 0.043 0.054 0.037 0.018 0.05 0.091 0.215 0.074 0.025 0.023 0.046 0.038 0.006 0.019 0.051
20 P 0.097 0.142 0.031 0.031 0.012 0.031 0.041 0.042 0.016 0.031 0.046 0.066 0.014 0.017 0.186 0.057 0.077 0.005 0.015 0.042
21 N 0.061 0.039 0.116 0.057 0.012 0.038 0.115 0.046 0.022 0.041 0.072 0.052 0.061 0.024 0.022 0.104 0.049 0.005 0.017 0.045
22 I 0.111 0.022 0.019 0.02 0.017 0.018 0.024 0.033 0.01 0.185 0.12 0.029 0.047 0.033 0.018 0.043 0.067 0.005 0.018 0.158
23 G 0.051 0.021 0.023 0.021 0.012 0.015 0.02 0.233 0.012 0.061 0.202 0.025 0.026 0.114 0.014 0.032 0.028 0.008 0.028 0.054
24 E 0.051 0.046 0.037 0.083 0.007 0.059 0.355 0.032 0.024 0.02 0.034 0.069 0.012 0.015 0.024 0.051 0.034 0.005 0.015 0.029
25 I 0.048 0.035 0.095 0.042 0.011 0.075 0.072 0.085 0.018 0.145 0.082 0.045 0.021 0.025 0.018 0.042 0.037 0.005 0.017 0.081
26 L 0.044 0.024 0.016 0.016 0.015 0.017 0.021 0.022 0.01 0.099 0.366 0.026 0.061 0.047 0.014 0.03 0.059 0.006 0.02 0.086
27 Y 0.036 0.024 0.019 0.017 0.009 0.018 0.024 0.023 0.037 0.044 0.071 0.026 0.018 0.184 0.013 0.028 0.025 0.024 0.316 0.044
28 L 0.039 0.021 0.014 0.014 0.014 0.014 0.018 0.02 0.011 0.096 0.363 0.022 0.041 0.128 0.012 0.022 0.029 0.008 0.033 0.081
29 L 0.047 0.023 0.018 0.018 0.015 0.016 0.022 0.023 0.01 0.14 0.299 0.027 0.038 0.043 0.016 0.035 0.087 0.006 0.019 0.098
30 L 0.121 0.026 0.027 0.026 0.015 0.02 0.029 0.144 0.012 0.059 0.195 0.034 0.026 0.031 0.02 0.091 0.042 0.006 0.017 0.06
31 F 0.033 0.021 0.017 0.016 0.009 0.014 0.021 0.023 0.026 0.051 0.088 0.022 0.021 0.311 0.012 0.025 0.024 0.02 0.199 0.047
32 A 0.146 0.026 0.027 0.027 0.016 0.02 0.031 0.046 0.014 0.1 0.082 0.034 0.021 0.108 0.021 0.098 0.072 0.007 0.03 0.076
33 V 0.082 0.02 0.015 0.017 0.016 0.015 0.021 0.026 0.009 0.185 0.185 0.025 0.032 0.037 0.015 0.031 0.04 0.005 0.019 0.204
34 F 0.038 0.019 0.016 0.016 0.011 0.014 0.019 0.021 0.021 0.162 0.112 0.022 0.026 0.183 0.013 0.025 0.029 0.015 0.144 0.093
35 L 0.039 0.021 0.014 0.014 0.014 0.014 0.018 0.02 0.011 0.096 0.363 0.022 0.041 0.128 0.012 0.022 0.029 0.008 0.033 0.081
36 G 0.066 0.025 0.031 0.028 0.065 0.019 0.028 0.139 0.012 0.095 0.072 0.032 0.019 0.065 0.019 0.094 0.095 0.006 0.022 0.068
37 D 0.052 0.101 0.045 0.197 0.01 0.028 0.056 0.039 0.016 0.084 0.057 0.053 0.016 0.021 0.02 0.089 0.042 0.004 0.014 0.055
38 A 0.172 0.033 0.099 0.049 0.013 0.031 0.1 0.157 0.018 0.028 0.04 0.046 0.013 0.017 0.023 0.064 0.04 0.005 0.014 0.04
39 F 0.047 0.022 0.02 0.019 0.014 0.015 0.022 0.026 0.012 0.084 0.163 0.025 0.028 0.196 0.015 0.037 0.086 0.01 0.044 0.117
40 L 0.036 0.021 0.014 0.014 0.012 0.014 0.019 0.022 0.011 0.081 0.287 0.022 0.035 0.129 0.011 0.022 0.027 0.114 0.041 0.069
41 H 0.12 0.034 0.041 0.035 0.012 0.028 0.041 0.151 0.172 0.025 0.038 0.041 0.013 0.022 0.021 0.097 0.039 0.006 0.029 0.033
42 T 0.067 0.033 0.04 0.034 0.016 0.025 0.036 0.04 0.013 0.049 0.06 0.042 0.018 0.022 0.025 0.085 0.309 0.005 0.016 0.065
43 T 0.067 0.033 0.04 0.034 0.016 0.025 0.036 0.04 0.013 0.049 0.06 0.042 0.018 0.022 0.025 0.085 0.309 0.005 0.016 0.065
44 M 0.052 0.03 0.023 0.022 0.015 0.026 0.028 0.029 0.014 0.083 0.156 0.035 0.188 0.04 0.017 0.044 0.091 0.007 0.021 0.081
45 F 0.031 0.017 0.016 0.016 0.01 0.01 0.017 0.023 0.016 0.058 0.105 0.017 0.023 0.438 0.01 0.023 0.023 0.016 0.081 0.05
46 Q 0.047 0.041 0.027 0.029 0.01 0.123 0.053 0.03 0.024 0.044 0.122 0.051 0.022 0.042 0.121 0.039 0.033 0.009 0.089 0.045
47 L 0.044 0.036 0.018 0.019 0.013 0.021 0.027 0.023 0.011 0.135 0.295 0.086 0.037 0.041 0.016 0.028 0.033 0.006 0.019 0.091
48 P 0.051 0.04 0.024 0.028 0.01 0.026 0.038 0.033 0.014 0.038 0.064 0.097 0.054 0.019 0.329 0.041 0.035 0.004 0.015 0.04
49 F 0.034 0.019 0.017 0.017 0.011 0.011 0.019 0.025 0.017 0.063 0.114 0.019 0.025 0.387 0.011 0.025 0.025 0.017 0.089 0.055
50 G 0.056 0.022 0.037 0.111 0.009 0.019 0.035 0.344 0.014 0.02 0.03 0.031 0.01 0.023 0.016 0.042 0.027 0.111 0.021 0.023
51 P 0.06 0.027 0.038 0.132 0.012 0.023 0.046 0.04 0.014 0.098 0.064 0.038 0.017 0.022 0.147 0.096 0.045 0.004 0.015 0.064
52 H 0.104 0.045 0.035 0.03 0.011 0.031 0.043 0.04 0.171 0.088 0.064 0.097 0.018 0.026 0.02 0.045 0.034 0.006 0.031 0.059
53 F 0.034 0.019 0.017 0.017 0.011 0.011 0.019 0.025 0.017 0.063 0.114 0.019 0.025 0.387 0.011 0.025 0.025 0.017 0.089 0.055
54 T 0.075 0.033 0.04 0.035 0.015 0.026 0.039 0.045 0.021 0.038 0.052 0.042 0.016 0.04 0.024 0.153 0.159 0.009 0.088 0.05
55 T 0.058 0.06 0.04 0.039 0.011 0.132 0.065 0.039 0.02 0.034 0.049 0.118 0.018 0.017 0.024 0.064 0.146 0.005 0.017 0.045
56 L 0.04 0.021 0.013 0.015 0.014 0.014 0.018 0.02 0.01 0.146 0.34 0.022 0.041 0.087 0.013 0.023 0.031 0.007 0.026 0.099
57 C 0.05 0.029 0.033 0.025 0.262 0.024 0.033 0.033 0.202 0.032 0.048 0.031 0.015 0.024 0.017 0.039 0.03 0.005 0.032 0.037
58 L 0.048 0.036 0.019 0.02 0.014 0.021 0.028 0.024 0.011 0.144 0.233 0.086 0.034 0.038 0.016 0.029 0.036 0.006 0.019 0.14
59 F 0.042 0.025 0.018 0.018 0.013 0.019 0.023 0.026 0.016 0.08 0.152 0.027 0.101 0.223 0.013 0.03 0.032 0.012 0.055 0.072
60 L 0.047 0.085 0.02 0.02 0.014 0.026 0.028 0.026 0.015 0.089 0.235 0.045 0.115 0.043 0.015 0.032 0.036 0.007 0.022 0.08
61 W 0.042 0.049 0.023 0.023 0.01 0.027 0.036 0.03 0.015 0.056 0.164 0.117 0.026 0.042 0.016 0.032 0.031 0.175 0.035 0.051
62 I 0.105 0.026 0.02 0.031 0.014 0.024 0.089 0.032 0.013 0.166 0.165 0.035 0.028 0.033 0.018 0.039 0.037 0.005 0.018 0.101
63 V 0.117 0.022 0.018 0.019 0.017 0.017 0.024 0.085 0.01 0.106 0.159 0.028 0.028 0.032 0.017 0.04 0.041 0.005 0.018 0.197
64 L 0.098 0.027 0.019 0.021 0.015 0.022 0.027 0.033 0.013 0.074 0.176 0.033 0.13 0.035 0.104 0.04 0.036 0.006 0.019 0.072
65 L 0.048 0.02 0.014 0.015 0.101 0.014 0.018 0.021 0.008 0.14 0.271 0.022 0.035 0.04 0.014 0.026 0.034 0.006 0.018 0.135
66 L 0.098 0.02 0.016 0.017 0.015 0.015 0.021 0.029 0.01 0.155 0.166 0.025 0.03 0.103 0.015 0.034 0.037 0.007 0.029 0.157
67 F 0.036 0.018 0.014 0.015 0.012 0.011 0.017 0.021 0.012 0.159 0.175 0.02 0.03 0.243 0.011 0.023 0.029 0.011 0.05 0.093
68 I 0.044 0.018 0.013 0.015 0.015 0.013 0.017 0.019 0.008 0.244 0.243 0.022 0.037 0.043 0.013 0.023 0.035 0.006 0.019 0.151
69 G 0.102 0.02 0.023 0.023 0.013 0.015 0.022 0.207 0.012 0.134 0.086 0.027 0.02 0.095 0.016 0.04 0.032 0.007 0.026 0.08
70 A 0.226 0.024 0.019 0.022 0.018 0.019 0.029 0.05 0.011 0.109 0.139 0.033 0.025 0.029 0.021 0.055 0.041 0.005 0.017 0.106
71 K 0.052 0.097 0.038 0.038 0.008 0.049 0.064 0.039 0.019 0.025 0.039 0.344 0.014 0.014 0.025 0.049 0.036 0.005 0.016 0.03
72 L 0.099 0.021 0.015 0.017 0.016 0.016 0.022 0.029 0.009 0.163 0.221 0.026 0.033 0.038 0.016 0.033 0.038 0.006 0.019 0.164
73 I 0.065 0.024 0.029 0.028 0.013 0.019 0.028 0.123 0.013 0.134 0.085 0.032 0.021 0.096 0.018 0.116 0.045 0.007 0.027 0.078
74 L 0.05 0.088 0.023 0.021 0.014 0.022 0.028 0.028 0.013 0.078 0.302 0.042 0.035 0.039 0.016 0.07 0.038 0.006 0.019 0.069
75 G 0.058 0.025 0.029 0.026 0.012 0.019 0.028 0.12 0.018 0.088 0.074 0.031 0.019 0.11 0.018 0.083 0.084 0.01 0.087 0.063
76 D 0.042 0.042 0.054 0.321 0.007 0.036 0.126 0.04 0.018 0.021 0.029 0.096 0.01 0.014 0.022 0.048 0.033 0.004 0.012 0.024
77 K 0.079 0.116 0.036 0.041 0.01 0.04 0.099 0.125 0.018 0.025 0.039 0.156 0.013 0.016 0.022 0.053 0.057 0.005 0.015 0.034
78 F 0.04 0.093 0.024 0.023 0.01 0.066 0.038 0.027 0.023 0.049 0.089 0.048 0.055 0.18 0.015 0.033 0.03 0.012 0.1 0.048
79 N 0.065 0.073 0.155 0.051 0.012 0.032 0.046 0.052 0.021 0.028 0.039 0.077 0.013 0.018 0.023 0.14 0.098 0.005 0.015 0.036
80 L 0.039 0.087 0.078 0.027 0.011 0.021 0.027 0.029 0.015 0.141 0.143 0.041 0.025 0.036 0.014 0.032 0.033 0.094 0.025 0.082
81 K 0.056 0.19 0.039 0.036 0.009 0.044 0.056 0.04 0.019 0.024 0.04 0.216 0.014 0.015 0.023 0.086 0.041 0.005 0.016 0.031
82 E 0.052 0.101 0.035 0.053 0.009 0.063 0.177 0.033 0.02 0.026 0.04 0.067 0.013 0.016 0.109 0.053 0.08 0.005 0.015 0.035
83 L 0.044 0.023 0.016 0.017 0.014 0.018 0.021 0.023 0.012 0.134 0.199 0.026 0.118 0.11 0.013 0.027 0.034 0.008 0.031 0.113
84 L 0.038 0.018 0.014 0.015 0.013 0.012 0.017 0.02 0.011 0.167 0.23 0.021 0.034 0.178 0.012 0.023 0.03 0.009 0.04 0.099
85 L 0.038 0.021 0.014 0.015 0.013 0.015 0.019 0.022 0.012 0.121 0.225 0.023 0.066 0.114 0.012 0.024 0.03 0.097 0.037 0.083
86 F 0.039 0.019 0.016 0.018 0.011 0.014 0.021 0.023 0.017 0.142 0.101 0.024 0.023 0.183 0.1 0.027 0.029 0.012 0.098 0.082
87 L 0.1 0.021 0.016 0.017 0.016 0.016 0.022 0.029 0.01 0.124 0.214 0.026 0.032 0.071 0.016 0.034 0.038 0.006 0.024 0.169
88 L 0.043 0.019 0.013 0.015 0.015 0.014 0.018 0.019 0.009 0.205 0.29 0.022 0.039 0.044 0.013 0.023 0.034 0.006 0.019 0.139
89 L 0.048 0.024 0.019 0.019 0.015 0.017 0.023 0.025 0.011 0.093 0.221 0.027 0.066 0.107 0.015 0.036 0.08 0.008 0.03 0.118
90 I 0.044 0.021 0.02 0.02 0.013 0.015 0.022 0.026 0.011 0.169 0.108 0.025 0.025 0.137 0.015 0.038 0.101 0.052 0.037 0.098
91 L 0.046 0.024 0.018 0.018 0.015 0.018 0.022 0.024 0.01 0.132 0.281 0.027 0.071 0.042 0.015 0.034 0.08 0.006 0.02 0.095
92 C 0.11 0.025 0.026 0.033 0.185 0.024 0.08 0.126 0.013 0.033 0.05 0.035 0.014 0.053 0.019 0.068 0.037 0.005 0.019 0.043
93 F 0.098 0.023 0.022 0.022 0.013 0.016 0.026 0.037 0.014 0.057 0.139 0.027 0.024 0.236 0.016 0.077 0.037 0.01 0.049 0.056
94 V 0.051 0.023 0.019 0.019 0.015 0.017 0.023 0.025 0.011 0.135 0.148 0.027 0.063 0.104 0.015 0.036 0.082 0.007 0.029 0.151
95 A 0.157 0.022 0.021 0.022 0.102 0.017 0.025 0.128 0.011 0.065 0.124 0.029 0.022 0.026 0.019 0.048 0.038 0.005 0.015 0.104
96 A 0.209 0.024 0.019 0.022 0.019 0.019 0.029 0.047 0.01 0.094 0.086 0.032 0.022 0.026 0.021 0.054 0.045 0.005 0.017 0.199
97 F 0.034 0.021 0.016 0.015 0.01 0.015 0.021 0.023 0.023 0.054 0.135 0.022 0.023 0.205 0.011 0.024 0.025 0.104 0.167 0.05
98 G 0.058 0.025 0.03 0.026 0.01 0.02 0.026 0.272 0.03 0.031 0.047 0.032 0.014 0.072 0.017 0.04 0.028 0.016 0.171 0.035
99 R 0.045 0.157 0.026 0.024 0.01 0.071 0.042 0.027 0.021 0.06 0.123 0.063 0.023 0.041 0.016 0.035 0.034 0.009 0.078 0.092
100 R 0.041 0.169 0.148 0.044 0.008 0.036 0.046 0.04 0.027 0.025 0.041 0.115 0.013 0.033 0.019 0.047 0.036 0.008 0.076 0.03
101 S 0.131 0.034 0.042 0.038 0.017 0.027 0.042 0.055 0.015 0.036 0.048 0.045 0.016 0.02 0.026 0.186 0.15 0.005 0.016 0.051
102 G 0.061 0.088 0.038 0.031 0.009 0.025 0.032 0.381 0.081 0.018 0.03 0.046 0.01 0.017 0.017 0.044 0.027 0.005 0.018 0.023
103 Y 0.037 0.025 0.02 0.017 0.008 0.02 0.025 0.023 0.042 0.04 0.062 0.028 0.017 0.119 0.014 0.028 0.025 0.025 0.38 0.042
104 D 0.095 0.03 0.036 0.174 0.012 0.029 0.101 0.039 0.016 0.049 0.125 0.041 0.054 0.026 0.02 0.046 0.035 0.005 0.016 0.051
105 E 0.045 0.036 0.086 0.059 0.009 0.039 0.194 0.033 0.02 0.044 0.085 0.049 0.018 0.091 0.019 0.044 0.034 0.007 0.027 0.062
106 L 0.045 0.021 0.013 0.015 0.015 0.014 0.018 0.02 0.009 0.151 0.333 0.023 0.04 0.045 0.013 0.024 0.034 0.006 0.02 0.141
107 L 0.041 0.019 0.014 0.015 0.014 0.013 0.018 0.02 0.01 0.174 0.231 0.021 0.034 0.143 0.012 0.023 0.032 0.008 0.035 0.123
108 F 0.044 0.024 0.031 0.094 0.011 0.018 0.034 0.032 0.015 0.048 0.076 0.029 0.019 0.231 0.017 0.048 0.122 0.01 0.047 0.05
109 W 0.041 0.023 0.023 0.088 0.011 0.018 0.032 0.027 0.013 0.07 0.142 0.027 0.058 0.042 0.013 0.029 0.031 0.183 0.033 0.097
110 L 0.13 0.022 0.02 0.021 0.016 0.017 0.024 0.122 0.01 0.124 0.145 0.029 0.026 0.03 0.018 0.042 0.038 0.005 0.017 0.145
111 L 0.041 0.021 0.013 0.014 0.015 0.014 0.018 0.019 0.009 0.144 0.386 0.023 0.043 0.048 0.013 0.022 0.031 0.006 0.02 0.1
112 L 0.041 0.022 0.015 0.016 0.013 0.015 0.021 0.022 0.011 0.083 0.311 0.024 0.035 0.109 0.1 0.025 0.03 0.007 0.029 0.071
113 I 0.048 0.017 0.014 0.016 0.015 0.013 0.017 0.02 0.008 0.29 0.144 0.022 0.032 0.038 0.014 0.025 0.038 0.005 0.019 0.204
114 L 0.099 0.022 0.016 0.018 0.016 0.017 0.022 0.029 0.01 0.177 0.181 0.027 0.066 0.038 0.016 0.035 0.038 0.006 0.019 0.148
115 G 0.071 0.021 0.036 0.031 0.01 0.017 0.023 0.555 0.012 0.017 0.026 0.031 0.009 0.015 0.017 0.047 0.027 0.005 0.01 0.022
116 A 0.312 0.03 0.028 0.03 0.019 0.024 0.039 0.069 0.014 0.037 0.051 0.042 0.016 0.02 0.027 0.113 0.05 0.005 0.016 0.058
117 K 0.045 0.122 0.092 0.04 0.008 0.08 0.057 0.038 0.026 0.026 0.042 0.16 0.015 0.032 0.02 0.047 0.035 0.008 0.077 0.031
118 N 0.048 0.043 0.153 0.057 0.008 0.076 0.103 0.13 0.089 0.021 0.032 0.054 0.012 0.017 0.019 0.052 0.035 0.005 0.021 0.025
119 V 0.055 0.02 0.018 0.019 0.016 0.015 0.022 0.024 0.009 0.211 0.123 0.026 0.029 0.034 0.016 0.036 0.086 0.005 0.018 0.217
120 S 0.089 0.035 0.051 0.112 0.014 0.03 0.054 0.057 0.017 0.026 0.036 0.048 0.013 0.018 0.026 0.25 0.067 0.004 0.015 0.035
121 F 0.031 0.017 0.015 0.015 0.01 0.01 0.017 0.023 0.015 0.058 0.104 0.017 0.023 0.443 0.01 0.023 0.023 0.015 0.081 0.05
122 K 0.048 0.2 0.037 0.035 0.008 0.047 0.059 0.036 0.02 0.024 0.04 0.266 0.014 0.015 0.023 0.046 0.035 0.005 0.016 0.029
123 K 0.052 0.097 0.038 0.038 0.008 0.049 0.064 0.039 0.019 0.025 0.039 0.344 0.014 0.014 0.025 0.049 0.036 0.005 0.016 0.03
124 I 0.046 0.017 0.014 0.016 0.015 0.013 0.017 0.019 0.008 0.306 0.147 0.022 0.033 0.039 0.014 0.024 0.038 0.005 0.019 0.19
125 L 0.094 0.021 0.015 0.017 0.016 0.015 0.021 0.028 0.01 0.171 0.276 0.025 0.036 0.042 0.015 0.032 0.035 0.006 0.019 0.108
126 K 0.049 0.117 0.036 0.035 0.008 0.045 0.059 0.038 0.019 0.025 0.04 0.297 0.014 0.018 0.023 0.046 0.034 0.049 0.02 0.029
127 V 0.058 0.02 0.015 0.016 0.017 0.015 0.02 0.022 0.008 0.158 0.174 0.023 0.032 0.036 0.015 0.028 0.042 0.005 0.019 0.279
128 Y 0.035 0.023 0.018 0.016 0.009 0.016 0.023 0.023 0.033 0.046 0.076 0.025 0.019 0.227 0.013 0.027 0.025 0.022 0.28 0.045
129 L 0.042 0.02 0.014 0.014 0.1 0.013 0.018 0.022 0.01 0.086 0.315 0.021 0.036 0.11 0.013 0.025 0.03 0.007 0.029 0.075
130 L 0.052 0.02 0.014 0.015 0.016 0.014 0.019 0.021 0.008 0.166 0.229 0.023 0.035 0.04 0.014 0.026 0.039 0.006 0.019 0.224
131 V 0.081 0.021 0.019 0.02 0.017 0.016 0.023 0.028 0.009 0.186 0.115 0.027 0.027 0.032 0.017 0.041 0.087 0.005 0.018 0.209
132 G 0.07 0.029 0.035 0.04 0.013 0.027 0.085 0.211 0.014 0.047 0.05 0.041 0.015 0.02 0.021 0.091 0.087 0.005 0.014 0.085
133 I 0.055 0.019 0.022 0.022 0.014 0.015 0.021 0.156 0.01 0.231 0.111 0.026 0.026 0.032 0.015 0.051 0.037 0.005 0.016 0.116
134 A 0.166 0.027 0.029 0.029 0.017 0.022 0.034 0.05 0.013 0.135 0.082 0.037 0.021 0.026 0.022 0.13 0.052 0.005 0.017 0.087
135 I 0.05 0.019 0.014 0.016 0.016 0.014 0.019 0.021 0.008 0.235 0.167 0.023 0.05 0.039 0.014 0.026 0.039 0.005 0.019 0.206
136 V 0.055 0.024 0.02 0.02 0.016 0.02 0.024 0.026 0.011 0.145 0.134 0.029 0.097 0.036 0.016 0.039 0.086 0.006 0.019 0.177
137 I 0.092 0.019 0.015 0.017 0.015 0.014 0.02 0.028 0.01 0.202 0.175 0.024 0.031 0.105 0.015 0.032 0.035 0.007 0.029 0.114
138 L 0.049 0.019 0.014 0.015 0.016 0.014 0.019 0.02 0.008 0.197 0.234 0.023 0.036 0.041 0.014 0.025 0.037 0.006 0.019 0.194
139 T 0.159 0.03 0.031 0.029 0.017 0.025 0.034 0.048 0.013 0.053 0.077 0.04 0.054 0.025 0.024 0.073 0.179 0.006 0.017 0.067
140 F 0.041 0.023 0.016 0.017 0.013 0.018 0.021 0.024 0.014 0.121 0.15 0.026 0.132 0.176 0.013 0.028 0.032 0.01 0.041 0.085
141 T 0.108 0.025 0.024 0.023 0.102 0.019 0.027 0.037 0.01 0.072 0.13 0.031 0.023 0.027 0.02 0.056 0.131 0.005 0.016 0.111
142 A 0.27 0.031 0.032 0.033 0.018 0.026 0.04 0.068 0.015 0.035 0.049 0.043 0.015 0.019 0.027 0.148 0.055 0.005 0.016 0.054
143 S 0.185 0.034 0.041 0.039 0.017 0.028 0.044 0.064 0.016 0.031 0.043 0.046 0.015 0.019 0.027 0.22 0.065 0.005 0.016 0.046
144 Q 0.048 0.049 0.031 0.04 0.01 0.16 0.114 0.032 0.021 0.048 0.129 0.062 0.058 0.025 0.019 0.043 0.035 0.006 0.019 0.049
145 L 0.068 0.024 0.017 0.018 0.014 0.017 0.022 0.027 0.012 0.085 0.273 0.027 0.069 0.109 0.015 0.034 0.055 0.008 0.03 0.077
146 G 0.068 0.028 0.036 0.033 0.01 0.062 0.035 0.468 0.015 0.018 0.029 0.039 0.01 0.014 0.018 0.047 0.029 0.005 0.011 0.024
147 L 0.049 0.02 0.014 0.016 0.016 0.015 0.019 0.021 0.009 0.177 0.237 0.024 0.053 0.041 0.014 0.026 0.037 0.006 0.02 0.188
148 I 0.05 0.017 0.014 0.016 0.016 0.013 0.018 0.02 0.008 0.275 0.141 0.022 0.032 0.038 0.014 0.025 0.039 0.005 0.019 0.219
149 E 0.049 0.044 0.039 0.113 0.007 0.056 0.337 0.033 0.023 0.02 0.033 0.066 0.011 0.015 0.023 0.05 0.033 0.005 0.015 0.028
150 N 0.039 0.039 0.326 0.138 0.008 0.03 0.051 0.056 0.027 0.02 0.028 0.048 0.01 0.016 0.019 0.061 0.043 0.004 0.014 0.024
151 L 0.04 0.023 0.014 0.014 0.014 0.016 0.02 0.02 0.015 0.094 0.371 0.024 0.04 0.061 0.013 0.023 0.03 0.01 0.08 0.08
152 I 0.047 0.038 0.022 0.024 0.013 0.064 0.037 0.026 0.013 0.217 0.113 0.086 0.027 0.031 0.017 0.032 0.037 0.005 0.018 0.132
153 Y 0.037 0.025 0.02 0.017 0.008 0.02 0.025 0.023 0.042 0.04 0.062 0.028 0.017 0.119 0.014 0.028 0.025 0.025 0.38 0.042
154 H 0.046 0.036 0.039 0.039 0.01 0.033 0.093 0.032 0.214 0.078 0.058 0.043 0.017 0.027 0.019 0.045 0.076 0.006 0.034 0.053
155 R 0.096 0.229 0.035 0.033 0.009 0.121 0.061 0.039 0.022 0.025 0.044 0.089 0.016 0.016 0.02 0.05 0.036 0.005 0.017 0.035
156 G 0.063 0.033 0.036 0.05 0.01 0.034 0.13 0.202 0.017 0.026 0.037 0.048 0.012 0.016 0.105 0.055 0.074 0.005 0.014 0.034
157 D 0.041 0.03 0.069 0.397 0.008 0.03 0.091 0.047 0.019 0.022 0.028 0.045 0.009 0.015 0.022 0.052 0.035 0.004 0.011 0.024
158 G 0.07 0.024 0.042 0.103 0.01 0.021 0.037 0.387 0.014 0.019 0.028 0.035 0.009 0.015 0.019 0.087 0.036 0.005 0.011 0.025
159 R 0.042 0.23 0.098 0.108 0.007 0.04 0.056 0.038 0.021 0.022 0.037 0.127 0.012 0.015 0.019 0.047 0.035 0.005 0.015 0.027
160 R 0.099 0.192 0.091 0.037 0.01 0.034 0.043 0.13 0.019 0.024 0.039 0.094 0.013 0.016 0.02 0.052 0.036 0.005 0.015 0.032
161 I 0.061 0.028 0.027 0.027 0.015 0.041 0.033 0.032 0.012 0.154 0.093 0.036 0.024 0.028 0.062 0.083 0.09 0.005 0.017 0.132
162 R 0.041 0.405 0.035 0.028 0.007 0.044 0.048 0.03 0.021 0.021 0.042 0.109 0.014 0.016 0.018 0.041 0.032 0.005 0.016 0.028
163 I 0.044 0.031 0.08 0.031 0.012 0.063 0.035 0.03 0.016 0.191 0.118 0.038 0.061 0.032 0.016 0.036 0.038 0.005 0.019 0.104
164 S 0.185 0.034 0.041 0.039 0.017 0.028 0.044 0.064 0.016 0.031 0.043 0.046 0.015 0.019 0.027 0.22 0.065 0.005 0.016 0.046
165 F 0.031 0.017 0.015 0.015 0.01 0.01 0.017 0.023 0.015 0.058 0.104 0.017 0.023 0.443 0.01 0.023 0.023 0.015 0.081 0.05
166 G 0.071 0.021 0.036 0.031 0.01 0.017 0.023 0.555 0.012 0.017 0.026 0.031 0.009 0.015 0.017 0.047 0.027 0.005 0.01 0.022
167 S 0.111 0.027 0.028 0.027 0.014 0.021 0.032 0.043 0.019 0.088 0.075 0.034 0.02 0.11 0.02 0.122 0.047 0.01 0.088 0.065
168 V 0.053 0.025 0.019 0.027 0.015 0.024 0.077 0.024 0.012 0.146 0.146 0.032 0.063 0.034 0.016 0.032 0.039 0.006 0.019 0.193
169 Y 0.037 0.025 0.02 0.017 0.008 0.02 0.025 0.023 0.042 0.04 0.062 0.028 0.017 0.119 0.014 0.028 0.025 0.025 0.38 0.042
170 P 0.057 0.026 0.027 0.03 0.012 0.021 0.034 0.035 0.012 0.032 0.042 0.039 0.012 0.015 0.368 0.055 0.127 0.003 0.013 0.04
171 T 0.066 0.032 0.039 0.034 0.016 0.025 0.036 0.039 0.013 0.048 0.059 0.041 0.018 0.022 0.025 0.084 0.315 0.005 0.016 0.065
172 D 0.037 0.027 0.063 0.452 0.007 0.027 0.083 0.042 0.017 0.02 0.025 0.041 0.008 0.014 0.02 0.047 0.032 0.003 0.01 0.022
173 F 0.032 0.019 0.016 0.016 0.009 0.011 0.019 0.023 0.02 0.055 0.097 0.019 0.022 0.389 0.01 0.024 0.023 0.017 0.131 0.049
174 A 0.174 0.032 0.037 0.035 0.017 0.026 0.04 0.057 0.014 0.038 0.05 0.044 0.016 0.02 0.026 0.151 0.145 0.005 0.016 0.055
175 A 0.27 0.031 0.032 0.033 0.018 0.026 0.04 0.068 0.015 0.035 0.049 0.043 0.015 0.019 0.027 0.148 0.055 0.005 0.016 0.054
176 H 0.038 0.042 0.049 0.035 0.007 0.035 0.049 0.035 0.414 0.021 0.035 0.042 0.014 0.028 0.017 0.038 0.024 0.007 0.052 0.021
177 I 0.046 0.017 0.014 0.016 0.015 0.013 0.017 0.019 0.008 0.306 0.147 0.022 0.033 0.039 0.014 0.024 0.038 0.005 0.019 0.19
178 F 0.036 0.018 0.015 0.015 0.011 0.011 0.018 0.023 0.014 0.073 0.106 0.018 0.024 0.374 0.011 0.024 0.027 0.014 0.07 0.098
179 Y 0.038 0.025 0.019 0.017 0.01 0.019 0.024 0.023 0.033 0.051 0.089 0.027 0.055 0.16 0.013 0.028 0.027 0.021 0.27 0.051
180 L 0.041 0.02 0.013 0.015 0.015 0.014 0.017 0.019 0.009 0.202 0.316 0.022 0.04 0.046 0.013 0.022 0.033 0.006 0.02 0.118
181 V 0.062 0.022 0.021 0.02 0.102 0.017 0.023 0.028 0.009 0.122 0.097 0.027 0.024 0.028 0.017 0.044 0.11 0.005 0.017 0.206
182 L 0.045 0.024 0.015 0.015 0.015 0.018 0.021 0.022 0.011 0.104 0.322 0.026 0.108 0.046 0.014 0.026 0.034 0.007 0.021 0.107
183 A 0.174 0.03 0.037 0.035 0.016 0.025 0.038 0.143 0.014 0.033 0.045 0.042 0.014 0.019 0.025 0.145 0.097 0.005 0.015 0.048
184 W 0.14 0.025 0.019 0.019 0.012 0.019 0.028 0.04 0.023 0.035 0.055 0.03 0.016 0.065 0.016 0.042 0.03 0.19 0.153 0.044
185 C 0.05 0.018 0.019 0.018 0.184 0.013 0.019 0.113 0.015 0.089 0.077 0.022 0.019 0.109 0.014 0.032 0.03 0.01 0.085 0.063
186 Y 0.036 0.024 0.019 0.017 0.009 0.018 0.024 0.023 0.038 0.043 0.069 0.027 0.018 0.173 0.013 0.027 0.025 0.024 0.33 0.044
187 L 0.04 0.022 0.013 0.014 0.015 0.015 0.018 0.019 0.009 0.105 0.432 0.023 0.045 0.05 0.013 0.022 0.03 0.006 0.02 0.087
188 R 0.046 0.277 0.032 0.026 0.009 0.035 0.039 0.116 0.018 0.034 0.105 0.082 0.018 0.021 0.017 0.038 0.031 0.005 0.016 0.037
189 K 0.105 0.064 0.035 0.042 0.01 0.041 0.102 0.129 0.018 0.025 0.038 0.195 0.013 0.015 0.024 0.053 0.036 0.005 0.015 0.034
190 D 0.097 0.045 0.043 0.189 0.009 0.041 0.165 0.043 0.019 0.024 0.035 0.1 0.012 0.015 0.023 0.054 0.035 0.004 0.014 0.032
191 K 0.097 0.153 0.037 0.033 0.009 0.041 0.053 0.041 0.084 0.026 0.042 0.184 0.014 0.018 0.022 0.05 0.035 0.005 0.022 0.033
192 L 0.045 0.021 0.013 0.015 0.015 0.014 0.018 0.02 0.009 0.151 0.333 0.023 0.04 0.045 0.013 0.024 0.034 0.006 0.02 0.141
193 K 0.057 0.066 0.093 0.042 0.01 0.039 0.052 0.044 0.02 0.036 0.061 0.194 0.051 0.02 0.023 0.089 0.044 0.005 0.017 0.039
194 Y 0.046 0.027 0.026 0.023 0.011 0.021 0.028 0.028 0.03 0.044 0.065 0.032 0.018 0.113 0.017 0.047 0.122 0.018 0.234 0.05
195 L 0.044 0.03 0.022 0.021 0.012 0.062 0.034 0.026 0.049 0.112 0.14 0.034 0.026 0.044 0.014 0.03 0.032 0.096 0.059 0.112
196 E 0.046 0.044 0.041 0.066 0.007 0.051 0.256 0.033 0.154 0.02 0.034 0.06 0.012 0.019 0.021 0.046 0.03 0.006 0.027 0.026
197 L 0.042 0.023 0.02 0.018 0.099 0.017 0.023 0.024 0.077 0.072 0.249 0.024 0.031 0.106 0.013 0.027 0.029 0.008 0.034 0.064
198 A 0.153 0.023 0.021 0.022 0.103 0.018 0.026 0.042 0.011 0.121 0.112 0.031 0.023 0.027 0.02 0.053 0.085 0.005 0.016 0.088
199 L 0.076 0.02 0.018 0.019 0.015 0.015 0.02 0.113 0.009 0.17 0.187 0.025 0.03 0.035 0.015 0.032 0.035 0.005 0.017 0.14
200 F 0.069 0.02 0.021 0.021 0.012 0.014 0.021 0.116 0.013 0.095 0.091 0.024 0.021 0.234 0.014 0.037 0.052 0.01 0.048 0.066
201 L 0.144 0.021 0.017 0.019 0.016 0.016 0.024 0.037 0.011 0.153 0.158 0.027 0.028 0.102 0.017 0.041 0.036 0.007 0.028 0.097
202 L 0.102 0.022 0.019 0.02 0.015 0.016 0.022 0.118 0.01 0.126 0.203 0.027 0.029 0.034 0.016 0.037 0.036 0.006 0.017 0.126
203 L 0.052 0.022 0.018 0.018 0.101 0.016 0.021 0.025 0.009 0.092 0.256 0.025 0.033 0.037 0.016 0.036 0.081 0.006 0.018 0.119
204 G 0.17 0.026 0.034 0.032 0.014 0.021 0.032 0.311 0.014 0.026 0.037 0.037 0.012 0.017 0.022 0.098 0.041 0.005 0.013 0.038
205 V 0.104 0.024 0.019 0.019 0.016 0.018 0.025 0.032 0.015 0.097 0.146 0.029 0.026 0.047 0.017 0.041 0.062 0.009 0.078 0.177
206 F 0.041 0.019 0.018 0.017 0.011 0.013 0.019 0.11 0.013 0.067 0.2 0.021 0.028 0.24 0.012 0.027 0.026 0.011 0.049 0.058
207 V 0.107 0.022 0.02 0.021 0.017 0.017 0.025 0.032 0.009 0.161 0.106 0.029 0.026 0.03 0.018 0.045 0.088 0.005 0.018 0.201
208 Y 0.037 0.025 0.019 0.016 0.01 0.019 0.024 0.022 0.037 0.051 0.124 0.027 0.022 0.107 0.014 0.027 0.026 0.022 0.32 0.05
209 I 0.042 0.054 0.02 0.018 0.012 0.019 0.025 0.024 0.05 0.152 0.095 0.032 0.023 0.051 0.013 0.027 0.032 0.098 0.089 0.125
210 F 0.031 0.017 0.015 0.015 0.01 0.01 0.017 0.023 0.015 0.058 0.104 0.017 0.023 0.443 0.01 0.023 0.023 0.015 0.081 0.05
211 C 0.059 0.015 0.015 0.015 0.531 0.011 0.015 0.03 0.007 0.041 0.059 0.018 0.015 0.018 0.015 0.037 0.033 0.004 0.011 0.052
212 D 0.039 0.036 0.219 0.233 0.007 0.032 0.087 0.05 0.023 0.02 0.028 0.047 0.01 0.015 0.02 0.056 0.039 0.004 0.013 0.024
213 A 0.307 0.029 0.026 0.028 0.019 0.024 0.037 0.066 0.013 0.041 0.055 0.041 0.016 0.02 0.027 0.078 0.09 0.005 0.016 0.063
214 R 0.041 0.405 0.035 0.028 0.007 0.044 0.048 0.03 0.021 0.021 0.042 0.109 0.014 0.016 0.018 0.041 0.032 0.005 0.016 0.028
215 L 0.051 0.028 0.024 0.022 0.015 0.022 0.027 0.028 0.012 0.082 0.223 0.032 0.1 0.038 0.018 0.046 0.127 0.006 0.019 0.079
216 N 0.038 0.036 0.274 0.201 0.008 0.029 0.058 0.054 0.025 0.02 0.028 0.046 0.01 0.015 0.019 0.058 0.041 0.004 0.013 0.024
217 A 0.261 0.03 0.027 0.028 0.018 0.025 0.037 0.062 0.014 0.046 0.072 0.041 0.052 0.024 0.025 0.105 0.049 0.005 0.017 0.062
218 G 0.109 0.02 0.026 0.025 0.013 0.016 0.023 0.295 0.011 0.128 0.073 0.029 0.018 0.024 0.018 0.044 0.033 0.005 0.014 0.075
219 C 0.075 0.023 0.03 0.027 0.272 0.018 0.027 0.127 0.012 0.032 0.047 0.031 0.014 0.018 0.019 0.123 0.046 0.004 0.012 0.042
220 L 0.041 0.02 0.013 0.015 0.015 0.014 0.017 0.019 0.009 0.202 0.316 0.022 0.04 0.046 0.013 0.022 0.033 0.006 0.02 0.118
221 L 0.067 0.021 0.016 0.017 0.014 0.015 0.021 0.026 0.012 0.124 0.176 0.024 0.064 0.174 0.014 0.03 0.032 0.009 0.04 0.105
222 L 0.039 0.022 0.014 0.015 0.013 0.015 0.019 0.021 0.012 0.091 0.308 0.023 0.072 0.147 0.012 0.024 0.03 0.009 0.036 0.078
223 T 0.053 0.027 0.028 0.025 0.015 0.02 0.028 0.031 0.013 0.105 0.102 0.033 0.058 0.099 0.019 0.055 0.173 0.007 0.028 0.081
224 L 0.133 0.026 0.025 0.025 0.016 0.019 0.03 0.042 0.013 0.07 0.134 0.032 0.024 0.097 0.02 0.087 0.066 0.007 0.028 0.106
225 L 0.1 0.022 0.016 0.017 0.016 0.017 0.022 0.029 0.01 0.143 0.223 0.027 0.05 0.038 0.016 0.034 0.038 0.006 0.019 0.157
226 V 0.05 0.018 0.014 0.015 0.101 0.013 0.018 0.023 0.009 0.14 0.164 0.021 0.029 0.103 0.013 0.027 0.035 0.007 0.028 0.17
227 F 0.037 0.018 0.015 0.015 0.097 0.011 0.017 0.024 0.013 0.063 0.151 0.018 0.025 0.306 0.011 0.025 0.026 0.012 0.059 0.057
228 A 0.147 0.024 0.018 0.019 0.015 0.018 0.026 0.038 0.017 0.072 0.137 0.029 0.024 0.114 0.018 0.043 0.036 0.01 0.089 0.107
229 Y 0.049 0.024 0.05 0.023 0.098 0.018 0.025 0.03 0.023 0.058 0.073 0.028 0.019 0.125 0.015 0.054 0.035 0.013 0.148 0.092
230 L 0.046 0.085 0.02 0.019 0.013 0.02 0.024 0.11 0.012 0.115 0.253 0.038 0.032 0.037 0.014 0.029 0.031 0.006 0.018 0.079
231 K 0.058 0.126 0.036 0.036 0.009 0.04 0.054 0.04 0.018 0.024 0.039 0.205 0.013 0.015 0.11 0.086 0.041 0.004 0.015 0.031
232 L 0.07 0.027 0.019 0.021 0.013 0.059 0.032 0.028 0.014 0.12 0.155 0.033 0.028 0.135 0.015 0.033 0.034 0.008 0.034 0.12
233 R 0.055 0.203 0.035 0.03 0.01 0.035 0.043 0.039 0.019 0.025 0.045 0.076 0.015 0.028 0.018 0.091 0.042 0.133 0.029 0.032
234 N 0.043 0.033 0.162 0.044 0.011 0.025 0.036 0.039 0.096 0.082 0.131 0.038 0.022 0.03 0.017 0.043 0.038 0.005 0.024 0.081
235 T 0.054 0.035 0.031 0.029 0.013 0.071 0.042 0.032 0.021 0.098 0.077 0.044 0.021 0.044 0.02 0.055 0.141 0.01 0.088 0.074
236 A 0.102 0.042 0.028 0.027 0.012 0.028 0.038 0.038 0.094 0.089 0.068 0.092 0.019 0.038 0.019 0.043 0.034 0.06 0.064 0.063
237 A 0.188 0.046 0.037 0.037 0.016 0.032 0.048 0.062 0.016 0.032 0.046 0.103 0.015 0.019 0.027 0.152 0.056 0.005 0.016 0.047
238 G 0.079 0.11 0.034 0.04 0.01 0.079 0.103 0.123 0.019 0.034 0.045 0.111 0.015 0.017 0.021 0.048 0.035 0.005 0.015 0.057
239 E 0.055 0.05 0.04 0.09 0.007 0.064 0.296 0.035 0.026 0.022 0.037 0.076 0.013 0.017 0.026 0.055 0.037 0.006 0.017 0.031
240 R 0.045 0.345 0.039 0.031 0.008 0.048 0.052 0.033 0.023 0.023 0.047 0.12 0.016 0.017 0.019 0.045 0.035 0.006 0.017 0.031
241 K 0.046 0.093 0.036 0.04 0.008 0.043 0.103 0.034 0.09 0.026 0.042 0.175 0.014 0.034 0.021 0.043 0.032 0.009 0.082 0.03
242 K 0.052 0.077 0.087 0.036 0.012 0.031 0.041 0.036 0.016 0.08 0.075 0.119 0.037 0.024 0.02 0.05 0.085 0.005 0.017 0.101
243 F 0.034 0.019 0.017 0.017 0.011 0.011 0.019 0.026 0.017 0.064 0.115 0.019 0.026 0.381 0.011 0.026 0.026 0.017 0.09 0.056
244 T 0.074 0.036 0.044 0.038 0.018 0.028 0.04 0.044 0.014 0.054 0.066 0.046 0.02 0.024 0.028 0.094 0.239 0.006 0.018 0.072
245 H 0.042 0.046 0.054 0.039 0.008 0.039 0.054 0.039 0.348 0.023 0.039 0.046 0.015 0.031 0.019 0.042 0.027 0.008 0.058 0.023
246 G 0.114 0.022 0.028 0.027 0.013 0.018 0.027 0.298 0.012 0.044 0.047 0.032 0.013 0.018 0.106 0.048 0.034 0.004 0.013 0.082
247 K 0.046 0.115 0.09 0.038 0.009 0.035 0.046 0.039 0.019 0.028 0.043 0.151 0.014 0.023 0.02 0.051 0.081 0.094 0.023 0.034
248 L 0.051 0.035 0.082 0.031 0.098 0.022 0.03 0.12 0.014 0.091 0.123 0.081 0.021 0.026 0.017 0.04 0.035 0.005 0.015 0.063
249 Y 0.044 0.099 0.024 0.022 0.01 0.027 0.034 0.026 0.024 0.059 0.099 0.092 0.021 0.091 0.016 0.033 0.032 0.013 0.143 0.091
250 K 0.051 0.066 0.091 0.048 0.009 0.042 0.103 0.039 0.019 0.044 0.05 0.195 0.015 0.018 0.022 0.048 0.039 0.005 0.016 0.08
251 L 0.097 0.032 0.02 0.022 0.014 0.043 0.032 0.032 0.013 0.156 0.169 0.059 0.064 0.035 0.017 0.038 0.037 0.006 0.019 0.098
252 E 0.054 0.037 0.121 0.059 0.01 0.036 0.145 0.043 0.021 0.03 0.047 0.05 0.014 0.088 0.021 0.092 0.065 0.006 0.026 0.036
253 R 0.054 0.108 0.033 0.033 0.009 0.074 0.051 0.038 0.018 0.025 0.041 0.107 0.014 0.022 0.106 0.082 0.039 0.094 0.023 0.031
254 K 0.048 0.047 0.027 0.027 0.011 0.027 0.037 0.031 0.014 0.093 0.104 0.133 0.022 0.094 0.062 0.043 0.08 0.007 0.027 0.065
255 G 0.064 0.022 0.028 0.025 0.132 0.017 0.023 0.276 0.02 0.031 0.046 0.029 0.013 0.045 0.017 0.042 0.03 0.01 0.093 0.037
256 F 0.044 0.061 0.028 0.028 0.009 0.031 0.044 0.033 0.018 0.044 0.076 0.159 0.02 0.21 0.019 0.038 0.032 0.011 0.052 0.043
257 I 0.091 0.02 0.016 0.018 0.013 0.015 0.021 0.03 0.012 0.169 0.113 0.025 0.042 0.107 0.014 0.032 0.033 0.096 0.036 0.097
258 K 0.065 0.063 0.044 0.04 0.01 0.08 0.061 0.045 0.085 0.025 0.039 0.152 0.015 0.018 0.024 0.128 0.047 0.005 0.022 0.031
259 K 0.052 0.112 0.033 0.03 0.009 0.033 0.043 0.122 0.016 0.027 0.042 0.148 0.014 0.023 0.019 0.048 0.078 0.094 0.023 0.034
260 I 0.094 0.019 0.015 0.018 0.016 0.014 0.02 0.028 0.009 0.249 0.183 0.025 0.032 0.038 0.016 0.032 0.037 0.005 0.019 0.132
261 L 0.046 0.023 0.02 0.019 0.013 0.016 0.022 0.07 0.013 0.073 0.214 0.026 0.064 0.174 0.014 0.049 0.032 0.009 0.039 0.065
262 P 0.105 0.022 0.018 0.022 0.015 0.017 0.027 0.033 0.01 0.12 0.085 0.031 0.021 0.025 0.192 0.04 0.04 0.004 0.016 0.158
263 F 0.034 0.019 0.017 0.017 0.011 0.011 0.019 0.025 0.017 0.063 0.114 0.019 0.025 0.387 0.011 0.025 0.025 0.017 0.089 0.055
264 S 0.11 0.04 0.054 0.049 0.018 0.033 0.052 0.066 0.019 0.03 0.042 0.054 0.016 0.021 0.03 0.22 0.082 0.005 0.018 0.042
265 T 0.073 0.036 0.043 0.038 0.018 0.028 0.039 0.043 0.014 0.053 0.065 0.045 0.02 0.024 0.028 0.093 0.246 0.006 0.018 0.071
266 K 0.057 0.107 0.042 0.042 0.009 0.054 0.071 0.043 0.021 0.028 0.043 0.278 0.016 0.016 0.028 0.054 0.04 0.005 0.017 0.033
267 Y 0.094 0.022 0.018 0.018 0.013 0.017 0.024 0.03 0.022 0.111 0.092 0.027 0.023 0.129 0.016 0.035 0.033 0.014 0.149 0.116
268 S 0.173 0.03 0.035 0.034 0.016 0.024 0.039 0.058 0.016 0.036 0.054 0.041 0.016 0.09 0.024 0.175 0.056 0.007 0.027 0.048
269 M 0.051 0.027 0.018 0.02 0.014 0.023 0.026 0.026 0.013 0.09 0.144 0.032 0.164 0.037 0.102 0.034 0.037 0.006 0.02 0.117
270 P 0.052 0.023 0.019 0.024 0.012 0.018 0.029 0.029 0.011 0.058 0.114 0.033 0.019 0.022 0.364 0.035 0.034 0.003 0.014 0.089
271 L 0.04 0.018 0.014 0.015 0.014 0.013 0.017 0.02 0.01 0.213 0.238 0.021 0.036 0.11 0.013 0.023 0.032 0.007 0.03 0.118
272 C 0.102 0.019 0.016 0.017 0.274 0.014 0.02 0.033 0.009 0.062 0.183 0.024 0.025 0.029 0.016 0.039 0.034 0.005 0.015 0.065
273 A 0.301 0.026 0.022 0.025 0.018 0.021 0.034 0.063 0.014 0.042 0.062 0.037 0.017 0.09 0.024 0.068 0.042 0.007 0.027 0.06
274 G 0.116 0.026 0.033 0.03 0.013 0.02 0.031 0.217 0.014 0.034 0.051 0.035 0.015 0.089 0.021 0.095 0.085 0.007 0.025 0.043
275 I 0.148 0.021 0.017 0.02 0.016 0.016 0.024 0.038 0.011 0.16 0.106 0.027 0.025 0.099 0.018 0.042 0.039 0.007 0.028 0.139
276 F 0.051 0.026 0.022 0.022 0.013 0.021 0.026 0.031 0.015 0.069 0.13 0.03 0.129 0.173 0.015 0.073 0.038 0.01 0.041 0.065
277 F 0.042 0.02 0.018 0.018 0.013 0.014 0.02 0.024 0.011 0.157 0.167 0.024 0.029 0.173 0.014 0.033 0.077 0.009 0.039 0.096
278 V 0.111 0.024 0.021 0.022 0.017 0.018 0.027 0.036 0.01 0.135 0.152 0.03 0.028 0.032 0.018 0.079 0.046 0.005 0.018 0.17
279 L 0.044 0.022 0.013 0.014 0.015 0.015 0.019 0.02 0.009 0.112 0.38 0.023 0.042 0.047 0.013 0.023 0.033 0.006 0.02 0.129
280 T 0.072 0.033 0.041 0.036 0.016 0.026 0.038 0.043 0.013 0.045 0.056 0.043 0.017 0.021 0.025 0.119 0.275 0.005 0.016 0.06
281 F 0.091 0.022 0.017 0.018 0.013 0.016 0.023 0.031 0.017 0.104 0.095 0.026 0.039 0.119 0.014 0.034 0.032 0.099 0.096 0.092
282 L 0.042 0.02 0.018 0.017 0.012 0.013 0.019 0.11 0.012 0.075 0.255 0.022 0.032 0.175 0.013 0.027 0.027 0.009 0.039 0.064
283 Y 0.037 0.025 0.02 0.017 0.008 0.02 0.025 0.023 0.042 0.04 0.062 0.028 0.017 0.119 0.014 0.028 0.025 0.025 0.38 0.042
284 H 0.042 0.046 0.053 0.038 0.008 0.038 0.053 0.038 0.355 0.023 0.038 0.046 0.015 0.03 0.019 0.042 0.027 0.008 0.057 0.023
285 F 0.034 0.019 0.017 0.017 0.011 0.011 0.019 0.025 0.017 0.063 0.114 0.019 0.025 0.387 0.011 0.025 0.025 0.017 0.089 0.055
286 S 0.078 0.046 0.045 0.042 0.013 0.115 0.061 0.049 0.02 0.03 0.043 0.059 0.016 0.018 0.025 0.176 0.102 0.005 0.017 0.04
287 E 0.084 0.039 0.035 0.062 0.01 0.044 0.227 0.04 0.02 0.023 0.036 0.058 0.012 0.016 0.11 0.091 0.041 0.005 0.015 0.033
288 G 0.075 0.034 0.041 0.049 0.012 0.033 0.118 0.173 0.017 0.026 0.037 0.048 0.013 0.017 0.023 0.135 0.092 0.005 0.014 0.036
289 N 0.055 0.036 0.236 0.058 0.011 0.027 0.041 0.053 0.022 0.075 0.052 0.044 0.015 0.021 0.02 0.113 0.051 0.004 0.015 0.051
290 P 0.075 0.03 0.034 0.035 0.013 0.024 0.039 0.045 0.014 0.032 0.069 0.042 0.015 0.019 0.239 0.164 0.054 0.004 0.015 0.038
291 I 0.04 0.018 0.014 0.015 0.013 0.012 0.017 0.021 0.011 0.19 0.18 0.021 0.032 0.175 0.012 0.023 0.032 0.009 0.04 0.126
292 L 0.039 0.023 0.015 0.016 0.013 0.017 0.021 0.023 0.013 0.08 0.229 0.025 0.1 0.114 0.012 0.026 0.03 0.097 0.038 0.07
293 L 0.11 0.043 0.029 0.034 0.014 0.051 0.069 0.041 0.015 0.061 0.12 0.093 0.022 0.025 0.022 0.087 0.044 0.005 0.017 0.097
294 A 0.157 0.044 0.026 0.027 0.015 0.027 0.039 0.046 0.013 0.064 0.123 0.111 0.022 0.025 0.022 0.071 0.043 0.005 0.017 0.102
295 L 0.042 0.019 0.013 0.015 0.015 0.013 0.017 0.019 0.009 0.221 0.292 0.022 0.039 0.045 0.013 0.022 0.033 0.006 0.02 0.124
296 N 0.038 0.036 0.274 0.201 0.008 0.029 0.058 0.054 0.025 0.02 0.028 0.046 0.01 0.015 0.019 0.058 0.041 0.004 0.013 0.024
297 R 0.055 0.149 0.096 0.044 0.009 0.081 0.059 0.043 0.022 0.023 0.039 0.143 0.014 0.016 0.022 0.09 0.043 0.005 0.016 0.03
298 L 0.037 0.021 0.013 0.014 0.013 0.014 0.019 0.021 0.011 0.084 0.314 0.022 0.036 0.116 0.011 0.022 0.028 0.097 0.037 0.071
299 L 0.048 0.024 0.019 0.019 0.015 0.017 0.023 0.025 0.011 0.093 0.221 0.027 0.066 0.107 0.015 0.036 0.08 0.008 0.03 0.118
300 S 0.089 0.035 0.046 0.041 0.016 0.028 0.044 0.053 0.016 0.034 0.045 0.047 0.015 0.02 0.026 0.222 0.155 0.005 0.016 0.047
301 N 0.08 0.032 0.148 0.045 0.011 0.025 0.036 0.133 0.023 0.03 0.042 0.041 0.013 0.035 0.02 0.078 0.086 0.008 0.075 0.038
302 R 0.041 0.405 0.035 0.028 0.007 0.044 0.048 0.03 0.021 0.021 0.042 0.109 0.014 0.016 0.018 0.041 0.032 0.005 0.016 0.028
303 L 0.04 0.022 0.013 0.014 0.015 0.015 0.018 0.019 0.009 0.105 0.432 0.023 0.045 0.05 0.013 0.022 0.03 0.006 0.02 0.087
304 S 0.095 0.109 0.041 0.045 0.012 0.04 0.102 0.048 0.019 0.026 0.04 0.111 0.014 0.017 0.025 0.151 0.052 0.005 0.016 0.035
305 L 0.04 0.022 0.014 0.014 0.014 0.015 0.019 0.02 0.012 0.119 0.378 0.023 0.042 0.055 0.013 0.023 0.03 0.008 0.05 0.09
306 G 0.071 0.021 0.036 0.031 0.01 0.017 0.023 0.555 0.012 0.017 0.026 0.031 0.009 0.015 0.017 0.047 0.027 0.005 0.01 0.022
307 K 0.099 0.1 0.037 0.035 0.01 0.061 0.058 0.043 0.085 0.026 0.042 0.202 0.015 0.017 0.023 0.051 0.035 0.005 0.022 0.034
308 K 0.059 0.11 0.033 0.039 0.011 0.038 0.097 0.035 0.017 0.071 0.061 0.13 0.018 0.021 0.021 0.083 0.043 0.005 0.016 0.093
309 G 0.071 0.021 0.036 0.031 0.01 0.017 0.023 0.555 0.012 0.017 0.026 0.031 0.009 0.015 0.017 0.047 0.027 0.005 0.01 0.022
310 F 0.036 0.018 0.014 0.015 0.012 0.011 0.017 0.021 0.012 0.159 0.175 0.02 0.03 0.243 0.011 0.023 0.029 0.011 0.05 0.093
311 T 0.055 0.031 0.035 0.106 0.013 0.029 0.094 0.034 0.015 0.063 0.079 0.041 0.054 0.025 0.021 0.055 0.13 0.005 0.016 0.1
312 E 0.05 0.113 0.094 0.053 0.009 0.063 0.13 0.039 0.022 0.026 0.04 0.115 0.014 0.016 0.022 0.056 0.083 0.005 0.016 0.034
313 Y 0.036 0.025 0.021 0.018 0.009 0.019 0.026 0.024 0.069 0.041 0.067 0.028 0.018 0.165 0.014 0.028 0.025 0.022 0.303 0.042
314 G 0.068 0.021 0.033 0.03 0.01 0.017 0.025 0.468 0.012 0.018 0.027 0.032 0.009 0.014 0.104 0.046 0.028 0.004 0.01 0.023
315 F 0.046 0.02 0.015 0.016 0.014 0.014 0.02 0.023 0.011 0.141 0.129 0.023 0.062 0.172 0.013 0.027 0.035 0.009 0.04 0.169
316 S 0.08 0.094 0.043 0.038 0.013 0.029 0.042 0.134 0.016 0.028 0.04 0.055 0.014 0.018 0.023 0.174 0.1 0.005 0.015 0.038
317 L 0.039 0.021 0.015 0.016 0.012 0.014 0.021 0.024 0.011 0.071 0.247 0.024 0.03 0.11 0.099 0.025 0.028 0.096 0.036 0.061
318 F 0.032 0.018 0.015 0.015 0.01 0.01 0.017 0.022 0.014 0.066 0.159 0.018 0.027 0.377 0.01 0.023 0.024 0.014 0.071 0.056
319 G 0.071 0.021 0.036 0.031 0.01 0.017 0.023 0.555 0.012 0.017 0.026 0.031 0.009 0.015 0.017 0.047 0.027 0.005 0.01 0.022
320 Q 0.049 0.062 0.097 0.048 0.008 0.244 0.085 0.041 0.027 0.023 0.04 0.077 0.017 0.014 0.021 0.053 0.039 0.005 0.018 0.031
