#Seq2Logo.py -f /work3/idamei/ssn-clusterings/clustering/2205171701/clusters/0017_164/sequences.afa -o /work3/idamei/ssn-clusterings/clustering/2205171701/clusters/0017_164/sequences.logo
#Position Specific Frequency Matrix
A R N D C Q E G H I L K M F P S T W Y V
0 M 0.049 0.03 0.019 0.019 0.015 0.026 0.026 0.026 0.015 0.094 0.185 0.034 0.212 0.045 0.015 0.034 0.038 0.008 0.023 0.087
1 K 0.058 0.106 0.108 0.046 0.011 0.046 0.052 0.046 0.021 0.031 0.055 0.136 0.016 0.018 0.023 0.088 0.081 0.005 0.016 0.038
2 T 0.055 0.093 0.082 0.038 0.012 0.031 0.041 0.039 0.017 0.095 0.071 0.092 0.019 0.024 0.021 0.071 0.107 0.005 0.017 0.07
3 K 0.059 0.097 0.088 0.072 0.01 0.038 0.054 0.082 0.02 0.034 0.043 0.154 0.014 0.017 0.023 0.082 0.044 0.005 0.015 0.051
4 K 0.053 0.159 0.041 0.04 0.008 0.094 0.073 0.04 0.023 0.026 0.045 0.195 0.017 0.016 0.024 0.051 0.038 0.005 0.018 0.033
5 I 0.047 0.018 0.015 0.018 0.016 0.013 0.018 0.02 0.009 0.278 0.166 0.023 0.036 0.044 0.015 0.025 0.039 0.006 0.02 0.175
6 N 0.042 0.044 0.324 0.082 0.009 0.033 0.049 0.065 0.031 0.022 0.031 0.053 0.011 0.018 0.02 0.069 0.049 0.004 0.016 0.027
7 Y 0.074 0.034 0.038 0.033 0.013 0.027 0.04 0.045 0.033 0.036 0.055 0.042 0.017 0.075 0.022 0.129 0.054 0.016 0.171 0.044
8 N 0.049 0.075 0.182 0.062 0.009 0.043 0.06 0.054 0.026 0.025 0.037 0.169 0.013 0.017 0.024 0.061 0.044 0.005 0.016 0.03
9 L 0.076 0.032 0.034 0.032 0.017 0.024 0.036 0.043 0.015 0.072 0.212 0.039 0.032 0.037 0.022 0.126 0.057 0.006 0.02 0.068
10 K 0.083 0.073 0.047 0.045 0.013 0.043 0.061 0.054 0.02 0.028 0.042 0.169 0.015 0.018 0.028 0.14 0.06 0.005 0.017 0.037
11 I 0.052 0.08 0.077 0.062 0.013 0.026 0.037 0.035 0.017 0.115 0.09 0.047 0.035 0.031 0.018 0.059 0.06 0.006 0.03 0.109
12 G 0.067 0.061 0.059 0.036 0.013 0.027 0.038 0.117 0.016 0.054 0.115 0.065 0.021 0.04 0.021 0.11 0.065 0.006 0.019 0.051
13 I 0.078 0.029 0.034 0.033 0.017 0.023 0.035 0.043 0.014 0.152 0.104 0.039 0.026 0.032 0.022 0.124 0.061 0.006 0.019 0.109
14 S 0.126 0.048 0.044 0.042 0.016 0.034 0.05 0.059 0.017 0.035 0.048 0.09 0.016 0.02 0.028 0.157 0.099 0.005 0.017 0.049
15 I 0.047 0.018 0.015 0.018 0.016 0.013 0.018 0.021 0.009 0.271 0.168 0.024 0.037 0.044 0.015 0.025 0.04 0.006 0.021 0.177
16 E 0.055 0.05 0.04 0.09 0.007 0.064 0.296 0.035 0.026 0.022 0.037 0.076 0.013 0.017 0.026 0.055 0.037 0.006 0.017 0.031
17 N 0.043 0.045 0.317 0.083 0.009 0.034 0.049 0.065 0.032 0.022 0.032 0.054 0.011 0.018 0.02 0.07 0.049 0.004 0.016 0.027
18 K 0.057 0.107 0.042 0.042 0.009 0.054 0.071 0.043 0.021 0.028 0.043 0.278 0.016 0.016 0.028 0.054 0.04 0.005 0.017 0.033
19 S 0.11 0.04 0.054 0.049 0.018 0.033 0.052 0.066 0.019 0.03 0.042 0.054 0.016 0.021 0.03 0.22 0.082 0.005 0.018 0.042
20 Q 0.056 0.074 0.044 0.047 0.009 0.215 0.103 0.041 0.029 0.026 0.047 0.091 0.021 0.015 0.024 0.056 0.041 0.006 0.021 0.035
21 N 0.043 0.045 0.317 0.083 0.009 0.034 0.049 0.065 0.032 0.022 0.032 0.054 0.011 0.018 0.02 0.07 0.049 0.004 0.016 0.027
22 K 0.052 0.188 0.04 0.038 0.008 0.051 0.064 0.039 0.021 0.026 0.044 0.23 0.015 0.016 0.025 0.05 0.038 0.005 0.017 0.032
23 S 0.087 0.041 0.144 0.06 0.015 0.033 0.051 0.065 0.023 0.027 0.038 0.053 0.014 0.02 0.026 0.175 0.07 0.005 0.017 0.037
24 I 0.05 0.047 0.023 0.025 0.014 0.026 0.035 0.028 0.013 0.195 0.125 0.111 0.029 0.034 0.019 0.034 0.039 0.006 0.019 0.127
25 V 0.05 0.021 0.016 0.016 0.035 0.015 0.021 0.022 0.015 0.149 0.163 0.024 0.031 0.083 0.014 0.028 0.037 0.01 0.078 0.173
26 K 0.072 0.126 0.03 0.029 0.011 0.036 0.046 0.035 0.019 0.084 0.07 0.162 0.019 0.03 0.021 0.044 0.037 0.007 0.044 0.078
27 N 0.041 0.036 0.171 0.051 0.009 0.028 0.039 0.045 0.039 0.033 0.05 0.042 0.015 0.074 0.018 0.05 0.039 0.016 0.168 0.037
28 D 0.061 0.033 0.042 0.129 0.012 0.031 0.092 0.039 0.044 0.051 0.054 0.044 0.016 0.021 0.059 0.083 0.08 0.005 0.018 0.087
29 L 0.045 0.023 0.016 0.017 0.015 0.016 0.021 0.022 0.013 0.132 0.263 0.025 0.051 0.082 0.014 0.028 0.043 0.009 0.052 0.112
30 L 0.044 0.02 0.014 0.016 0.015 0.013 0.018 0.021 0.01 0.179 0.228 0.022 0.037 0.116 0.013 0.024 0.034 0.008 0.033 0.134
31 F 0.048 0.055 0.02 0.02 0.013 0.018 0.025 0.026 0.016 0.105 0.131 0.033 0.027 0.151 0.015 0.034 0.057 0.011 0.069 0.125
32 L 0.052 0.022 0.021 0.02 0.055 0.016 0.023 0.069 0.011 0.096 0.142 0.026 0.026 0.099 0.015 0.039 0.075 0.05 0.032 0.109
33 L 0.043 0.021 0.016 0.016 0.014 0.014 0.02 0.022 0.014 0.126 0.233 0.023 0.035 0.142 0.013 0.027 0.042 0.01 0.062 0.106
34 L 0.051 0.022 0.019 0.019 0.054 0.015 0.021 0.066 0.011 0.135 0.238 0.025 0.034 0.071 0.015 0.046 0.036 0.007 0.024 0.093
35 N 0.042 0.036 0.198 0.051 0.009 0.028 0.039 0.045 0.061 0.029 0.043 0.042 0.014 0.057 0.018 0.058 0.039 0.013 0.145 0.033
36 L 0.053 0.023 0.021 0.02 0.051 0.017 0.024 0.028 0.016 0.125 0.168 0.027 0.029 0.093 0.016 0.062 0.039 0.01 0.076 0.102
37 L 0.054 0.024 0.023 0.022 0.051 0.018 0.025 0.03 0.013 0.112 0.157 0.029 0.054 0.122 0.016 0.067 0.058 0.008 0.033 0.083
38 F 0.044 0.021 0.016 0.017 0.013 0.014 0.021 0.023 0.017 0.112 0.116 0.023 0.039 0.207 0.013 0.027 0.033 0.013 0.096 0.133
39 L 0.056 0.022 0.017 0.018 0.015 0.016 0.021 0.025 0.011 0.143 0.233 0.025 0.048 0.099 0.015 0.031 0.053 0.008 0.029 0.115
40 F 0.048 0.022 0.021 0.02 0.013 0.015 0.022 0.064 0.013 0.087 0.153 0.025 0.027 0.216 0.014 0.048 0.051 0.01 0.048 0.084
41 L 0.095 0.025 0.024 0.028 0.05 0.02 0.048 0.073 0.014 0.096 0.118 0.032 0.023 0.113 0.018 0.071 0.04 0.008 0.031 0.073
42 L 0.038 0.021 0.015 0.015 0.013 0.013 0.019 0.022 0.013 0.088 0.286 0.022 0.037 0.192 0.012 0.023 0.028 0.011 0.057 0.074
43 L 0.047 0.022 0.018 0.019 0.014 0.015 0.022 0.025 0.012 0.134 0.247 0.025 0.035 0.128 0.014 0.05 0.036 0.008 0.034 0.093
44 L 0.054 0.021 0.016 0.017 0.014 0.015 0.021 0.023 0.017 0.176 0.185 0.025 0.032 0.075 0.014 0.027 0.034 0.011 0.097 0.125
45 W 0.054 0.021 0.016 0.016 0.01 0.014 0.022 0.029 0.016 0.063 0.088 0.023 0.02 0.153 0.011 0.027 0.026 0.259 0.083 0.051
46 A 0.196 0.031 0.033 0.033 0.018 0.026 0.04 0.061 0.015 0.05 0.081 0.043 0.019 0.023 0.026 0.141 0.066 0.005 0.017 0.076
47 Y 0.063 0.028 0.074 0.028 0.011 0.021 0.029 0.054 0.031 0.046 0.101 0.032 0.02 0.106 0.016 0.039 0.032 0.037 0.187 0.048
48 L 0.051 0.031 0.041 0.048 0.013 0.041 0.059 0.033 0.015 0.089 0.156 0.039 0.027 0.094 0.018 0.06 0.077 0.007 0.029 0.071
49 N 0.047 0.036 0.171 0.048 0.012 0.044 0.04 0.043 0.02 0.07 0.138 0.044 0.023 0.028 0.019 0.055 0.08 0.005 0.017 0.06
50 W 0.043 0.086 0.024 0.021 0.01 0.022 0.029 0.03 0.018 0.049 0.069 0.042 0.018 0.111 0.014 0.039 0.073 0.166 0.073 0.065
51 N 0.055 0.036 0.189 0.057 0.011 0.028 0.052 0.116 0.022 0.03 0.043 0.045 0.013 0.053 0.02 0.08 0.086 0.006 0.021 0.036
52 N 0.052 0.041 0.205 0.093 0.01 0.033 0.071 0.052 0.023 0.048 0.044 0.06 0.014 0.019 0.021 0.085 0.067 0.005 0.015 0.042
53 S 0.065 0.032 0.073 0.041 0.013 0.027 0.059 0.062 0.019 0.067 0.065 0.041 0.018 0.063 0.021 0.103 0.097 0.008 0.049 0.075
54 I 0.06 0.03 0.09 0.038 0.014 0.023 0.034 0.041 0.017 0.125 0.087 0.038 0.022 0.051 0.02 0.088 0.092 0.007 0.036 0.086
55 L 0.043 0.029 0.083 0.045 0.012 0.037 0.034 0.031 0.023 0.113 0.122 0.035 0.024 0.081 0.016 0.036 0.036 0.011 0.098 0.092
56 I 0.07 0.026 0.03 0.029 0.015 0.021 0.031 0.075 0.015 0.123 0.088 0.034 0.023 0.065 0.019 0.117 0.051 0.008 0.047 0.113
57 N 0.098 0.039 0.133 0.059 0.011 0.036 0.109 0.052 0.052 0.027 0.04 0.052 0.013 0.026 0.023 0.097 0.047 0.007 0.044 0.036
58 N 0.057 0.034 0.144 0.082 0.011 0.029 0.065 0.085 0.02 0.046 0.044 0.046 0.013 0.018 0.096 0.087 0.063 0.004 0.015 0.041
59 W 0.034 0.024 0.018 0.016 0.008 0.018 0.024 0.026 0.031 0.035 0.058 0.026 0.016 0.094 0.011 0.026 0.024 0.247 0.227 0.037
60 L 0.045 0.024 0.014 0.015 0.016 0.016 0.02 0.021 0.01 0.116 0.374 0.025 0.05 0.055 0.014 0.024 0.033 0.007 0.022 0.096
61 D 0.041 0.03 0.069 0.396 0.008 0.03 0.092 0.047 0.019 0.022 0.028 0.045 0.009 0.015 0.022 0.052 0.035 0.004 0.011 0.024
62 E 0.124 0.039 0.06 0.053 0.013 0.053 0.132 0.087 0.019 0.034 0.045 0.054 0.015 0.018 0.024 0.092 0.064 0.005 0.016 0.051
63 L 0.049 0.052 0.053 0.063 0.011 0.028 0.061 0.034 0.018 0.072 0.115 0.08 0.022 0.064 0.037 0.055 0.038 0.027 0.049 0.072
64 I 0.047 0.023 0.067 0.026 0.014 0.017 0.024 0.029 0.013 0.168 0.16 0.027 0.03 0.094 0.015 0.04 0.039 0.007 0.028 0.134
65 I 0.045 0.018 0.014 0.016 0.015 0.013 0.018 0.02 0.009 0.256 0.212 0.023 0.037 0.043 0.014 0.024 0.037 0.006 0.02 0.16
66 F 0.066 0.028 0.033 0.031 0.013 0.021 0.033 0.042 0.017 0.045 0.074 0.034 0.019 0.214 0.019 0.136 0.067 0.01 0.049 0.047
67 P 0.077 0.052 0.023 0.027 0.013 0.021 0.032 0.035 0.012 0.1 0.07 0.042 0.018 0.022 0.261 0.058 0.04 0.004 0.015 0.077
68 W 0.036 0.021 0.014 0.015 0.011 0.014 0.02 0.024 0.012 0.116 0.181 0.022 0.028 0.052 0.01 0.022 0.028 0.255 0.041 0.078
69 V 0.11 0.026 0.027 0.027 0.017 0.021 0.031 0.041 0.012 0.147 0.099 0.034 0.025 0.03 0.021 0.106 0.053 0.005 0.018 0.151
70 I 0.047 0.019 0.017 0.018 0.07 0.013 0.019 0.024 0.01 0.188 0.136 0.023 0.029 0.122 0.014 0.031 0.053 0.008 0.033 0.129
71 L 0.076 0.024 0.024 0.024 0.015 0.018 0.025 0.107 0.012 0.102 0.19 0.03 0.029 0.078 0.017 0.063 0.056 0.007 0.025 0.078
72 L 0.069 0.03 0.031 0.029 0.016 0.023 0.033 0.039 0.013 0.07 0.222 0.037 0.031 0.035 0.021 0.122 0.087 0.006 0.019 0.068
73 L 0.045 0.024 0.014 0.015 0.016 0.016 0.02 0.021 0.01 0.116 0.374 0.025 0.05 0.055 0.014 0.024 0.033 0.007 0.022 0.096
74 L 0.047 0.022 0.017 0.018 0.015 0.016 0.021 0.024 0.011 0.166 0.26 0.026 0.051 0.073 0.014 0.042 0.037 0.007 0.025 0.109
75 L 0.053 0.022 0.021 0.02 0.051 0.016 0.022 0.065 0.011 0.119 0.179 0.026 0.029 0.108 0.015 0.05 0.055 0.008 0.03 0.1
76 I 0.045 0.02 0.016 0.017 0.013 0.015 0.02 0.022 0.018 0.156 0.139 0.024 0.029 0.129 0.014 0.026 0.034 0.012 0.107 0.145
77 Q 0.075 0.055 0.088 0.047 0.01 0.158 0.074 0.046 0.052 0.027 0.043 0.068 0.017 0.017 0.023 0.074 0.061 0.005 0.021 0.036
78 L 0.046 0.022 0.016 0.017 0.015 0.016 0.02 0.022 0.01 0.156 0.259 0.025 0.051 0.072 0.014 0.029 0.053 0.007 0.025 0.122
79 L 0.05 0.021 0.019 0.019 0.015 0.015 0.021 0.061 0.009 0.19 0.21 0.026 0.034 0.04 0.015 0.033 0.064 0.006 0.019 0.133
80 G 0.071 0.03 0.057 0.035 0.087 0.04 0.037 0.135 0.018 0.059 0.057 0.04 0.017 0.028 0.02 0.108 0.048 0.006 0.04 0.067
81 F 0.036 0.023 0.018 0.018 0.011 0.031 0.025 0.024 0.017 0.067 0.167 0.025 0.028 0.288 0.012 0.026 0.027 0.014 0.085 0.058
82 F 0.045 0.019 0.016 0.017 0.014 0.013 0.019 0.023 0.012 0.171 0.136 0.022 0.031 0.184 0.013 0.026 0.035 0.01 0.047 0.148
83 L 0.086 0.104 0.025 0.024 0.012 0.028 0.036 0.035 0.018 0.078 0.123 0.097 0.023 0.093 0.018 0.041 0.034 0.009 0.053 0.064
84 I 0.046 0.027 0.019 0.019 0.013 0.018 0.024 0.024 0.016 0.163 0.132 0.047 0.041 0.107 0.015 0.03 0.044 0.01 0.079 0.125
85 K 0.047 0.086 0.028 0.028 0.01 0.043 0.046 0.031 0.019 0.053 0.149 0.165 0.031 0.064 0.02 0.039 0.034 0.008 0.048 0.051
86 K 0.054 0.088 0.063 0.042 0.008 0.062 0.064 0.079 0.02 0.025 0.039 0.262 0.014 0.015 0.025 0.051 0.037 0.005 0.016 0.03
87 V 0.061 0.023 0.022 0.022 0.053 0.017 0.025 0.029 0.013 0.13 0.103 0.028 0.025 0.066 0.017 0.055 0.08 0.008 0.048 0.176
88 G 0.063 0.068 0.061 0.038 0.011 0.03 0.043 0.116 0.045 0.032 0.065 0.088 0.015 0.02 0.096 0.089 0.061 0.005 0.018 0.037
89 F 0.039 0.02 0.016 0.017 0.012 0.014 0.02 0.023 0.017 0.127 0.154 0.023 0.028 0.194 0.05 0.026 0.03 0.012 0.093 0.084
90 F 0.05 0.025 0.025 0.023 0.049 0.018 0.026 0.031 0.022 0.068 0.081 0.029 0.021 0.168 0.017 0.058 0.09 0.014 0.125 0.061
91 D 0.045 0.032 0.06 0.353 0.008 0.033 0.121 0.044 0.019 0.022 0.029 0.047 0.01 0.015 0.022 0.066 0.037 0.004 0.012 0.025
92 F 0.037 0.018 0.016 0.017 0.011 0.011 0.019 0.024 0.014 0.092 0.109 0.02 0.024 0.321 0.049 0.026 0.028 0.013 0.066 0.082
93 G 0.104 0.135 0.035 0.032 0.012 0.046 0.042 0.191 0.017 0.034 0.046 0.063 0.015 0.018 0.021 0.074 0.04 0.005 0.015 0.055
94 L 0.044 0.02 0.014 0.016 0.015 0.014 0.018 0.021 0.01 0.167 0.26 0.023 0.038 0.102 0.013 0.024 0.034 0.008 0.03 0.132
95 W 0.032 0.022 0.015 0.015 0.008 0.015 0.022 0.028 0.016 0.039 0.056 0.022 0.016 0.06 0.008 0.023 0.024 0.447 0.083 0.051
96 F 0.033 0.019 0.017 0.016 0.01 0.012 0.019 0.024 0.021 0.056 0.1 0.02 0.023 0.367 0.011 0.025 0.024 0.018 0.134 0.05
97 I 0.054 0.024 0.022 0.022 0.015 0.018 0.025 0.028 0.016 0.147 0.123 0.029 0.04 0.077 0.017 0.054 0.076 0.009 0.074 0.128
98 L 0.046 0.022 0.016 0.017 0.015 0.015 0.021 0.022 0.012 0.146 0.249 0.025 0.036 0.078 0.014 0.029 0.053 0.008 0.05 0.124
99 L 0.048 0.023 0.017 0.017 0.015 0.016 0.021 0.024 0.01 0.118 0.322 0.025 0.04 0.075 0.014 0.042 0.036 0.007 0.025 0.106
100 S 0.099 0.037 0.049 0.044 0.016 0.031 0.048 0.06 0.018 0.033 0.05 0.05 0.029 0.022 0.027 0.249 0.074 0.005 0.017 0.043
101 Y 0.039 0.03 0.097 0.032 0.009 0.023 0.031 0.033 0.062 0.057 0.065 0.034 0.018 0.109 0.015 0.037 0.031 0.018 0.214 0.048
102 L 0.05 0.022 0.016 0.017 0.089 0.016 0.021 0.025 0.01 0.105 0.25 0.026 0.047 0.054 0.052 0.037 0.036 0.006 0.021 0.099
103 F 0.032 0.018 0.016 0.016 0.01 0.01 0.018 0.024 0.016 0.06 0.107 0.018 0.024 0.423 0.01 0.024 0.024 0.016 0.084 0.052
104 L 0.047 0.028 0.018 0.018 0.015 0.024 0.025 0.025 0.014 0.094 0.213 0.031 0.172 0.074 0.015 0.032 0.036 0.008 0.027 0.085
105 F 0.032 0.018 0.016 0.016 0.01 0.01 0.018 0.024 0.016 0.06 0.107 0.018 0.024 0.423 0.01 0.024 0.024 0.016 0.084 0.052
106 G 0.074 0.022 0.037 0.032 0.01 0.018 0.024 0.539 0.013 0.018 0.027 0.032 0.009 0.015 0.018 0.048 0.028 0.005 0.01 0.023
107 R 0.041 0.139 0.08 0.034 0.008 0.049 0.044 0.034 0.082 0.032 0.064 0.063 0.017 0.073 0.017 0.041 0.032 0.011 0.103 0.035
108 V 0.054 0.019 0.015 0.016 0.017 0.014 0.019 0.021 0.008 0.213 0.18 0.023 0.034 0.04 0.015 0.027 0.041 0.006 0.02 0.22
109 F 0.033 0.02 0.017 0.016 0.009 0.013 0.02 0.024 0.022 0.053 0.094 0.021 0.022 0.329 0.011 0.025 0.024 0.056 0.143 0.048
110 L 0.047 0.023 0.029 0.02 0.015 0.016 0.022 0.025 0.012 0.111 0.285 0.026 0.037 0.101 0.014 0.043 0.036 0.008 0.029 0.101
111 K 0.054 0.053 0.08 0.047 0.011 0.037 0.098 0.038 0.018 0.098 0.07 0.126 0.019 0.023 0.021 0.061 0.042 0.005 0.017 0.081
112 V 0.141 0.027 0.023 0.024 0.016 0.036 0.032 0.115 0.013 0.11 0.086 0.035 0.022 0.03 0.02 0.049 0.041 0.006 0.03 0.144
113 F 0.035 0.02 0.016 0.016 0.011 0.012 0.019 0.024 0.017 0.082 0.125 0.02 0.039 0.331 0.011 0.025 0.026 0.015 0.092 0.064
114 N 0.044 0.04 0.211 0.175 0.008 0.03 0.057 0.108 0.023 0.021 0.029 0.066 0.01 0.016 0.02 0.058 0.04 0.004 0.013 0.025
115 L 0.044 0.056 0.018 0.018 0.014 0.021 0.026 0.023 0.014 0.092 0.282 0.053 0.05 0.063 0.015 0.028 0.033 0.008 0.048 0.093
116 D 0.071 0.05 0.093 0.139 0.009 0.063 0.107 0.047 0.049 0.024 0.036 0.095 0.013 0.017 0.023 0.07 0.04 0.005 0.018 0.031
117 T 0.067 0.035 0.067 0.077 0.013 0.032 0.087 0.082 0.017 0.036 0.047 0.048 0.015 0.019 0.025 0.101 0.165 0.005 0.015 0.048
118 T 0.08 0.035 0.107 0.05 0.013 0.031 0.083 0.047 0.019 0.056 0.057 0.046 0.017 0.051 0.023 0.094 0.11 0.006 0.021 0.054
119 L 0.045 0.021 0.014 0.015 0.016 0.014 0.019 0.02 0.009 0.177 0.306 0.024 0.042 0.047 0.014 0.024 0.035 0.006 0.02 0.133
120 L 0.065 0.022 0.018 0.018 0.014 0.015 0.022 0.028 0.012 0.114 0.23 0.025 0.034 0.155 0.015 0.046 0.035 0.009 0.039 0.085
121 W 0.034 0.023 0.017 0.017 0.008 0.016 0.023 0.031 0.015 0.028 0.049 0.024 0.014 0.054 0.009 0.039 0.025 0.484 0.061 0.029
122 N 0.054 0.04 0.164 0.142 0.009 0.063 0.06 0.125 0.023 0.022 0.032 0.051 0.012 0.016 0.021 0.08 0.043 0.004 0.014 0.027
123 P 0.049 0.023 0.018 0.023 0.012 0.018 0.028 0.029 0.011 0.059 0.154 0.032 0.022 0.029 0.296 0.034 0.033 0.042 0.019 0.068
124 G 0.079 0.026 0.026 0.029 0.014 0.022 0.049 0.146 0.014 0.108 0.118 0.034 0.05 0.059 0.018 0.064 0.039 0.006 0.022 0.077
125 I 0.05 0.033 0.066 0.061 0.013 0.024 0.036 0.034 0.043 0.135 0.097 0.055 0.036 0.059 0.018 0.057 0.058 0.006 0.025 0.094
126 R 0.041 0.159 0.052 0.027 0.009 0.029 0.036 0.03 0.027 0.037 0.062 0.061 0.017 0.124 0.016 0.04 0.049 0.014 0.13 0.04
127 Y 0.036 0.024 0.021 0.018 0.009 0.018 0.025 0.025 0.059 0.046 0.078 0.026 0.02 0.227 0.013 0.028 0.025 0.021 0.234 0.045
128 P 0.072 0.035 0.052 0.043 0.013 0.03 0.064 0.046 0.044 0.031 0.042 0.047 0.014 0.019 0.155 0.128 0.105 0.005 0.018 0.04
129 R 0.05 0.121 0.075 0.098 0.009 0.075 0.06 0.04 0.021 0.045 0.047 0.086 0.015 0.017 0.077 0.063 0.04 0.005 0.016 0.04
130 D 0.053 0.034 0.06 0.102 0.011 0.047 0.1 0.074 0.02 0.075 0.084 0.046 0.019 0.031 0.02 0.063 0.057 0.007 0.041 0.057
131 L 0.066 0.033 0.1 0.074 0.012 0.029 0.091 0.038 0.018 0.059 0.189 0.042 0.026 0.031 0.019 0.046 0.046 0.005 0.017 0.057
132 L 0.044 0.03 0.016 0.017 0.015 0.02 0.024 0.023 0.011 0.1 0.351 0.047 0.068 0.048 0.015 0.027 0.033 0.007 0.021 0.086
133 F 0.041 0.022 0.02 0.019 0.011 0.015 0.023 0.026 0.023 0.074 0.116 0.024 0.024 0.248 0.013 0.043 0.03 0.017 0.151 0.06
134 K 0.044 0.109 0.095 0.044 0.008 0.04 0.072 0.04 0.063 0.026 0.044 0.146 0.014 0.05 0.02 0.047 0.035 0.044 0.029 0.03
135 S 0.125 0.032 0.041 0.037 0.016 0.026 0.04 0.129 0.015 0.041 0.049 0.044 0.016 0.021 0.025 0.162 0.095 0.005 0.016 0.065
136 S 0.12 0.032 0.038 0.035 0.052 0.026 0.039 0.09 0.021 0.033 0.047 0.042 0.015 0.039 0.024 0.162 0.056 0.009 0.079 0.044
137 L 0.045 0.024 0.017 0.017 0.015 0.017 0.022 0.022 0.04 0.127 0.287 0.026 0.038 0.051 0.014 0.026 0.033 0.008 0.048 0.123
138 F 0.034 0.021 0.018 0.017 0.009 0.014 0.021 0.024 0.027 0.052 0.09 0.023 0.021 0.301 0.012 0.026 0.025 0.02 0.195 0.049
139 A 0.147 0.026 0.025 0.027 0.018 0.021 0.031 0.046 0.012 0.134 0.094 0.035 0.024 0.029 0.022 0.096 0.051 0.005 0.018 0.14
140 L 0.043 0.021 0.014 0.015 0.015 0.014 0.018 0.02 0.009 0.177 0.327 0.023 0.043 0.048 0.014 0.023 0.033 0.006 0.02 0.116
141 C 0.079 0.025 0.02 0.021 0.2 0.034 0.028 0.033 0.011 0.071 0.145 0.03 0.025 0.03 0.017 0.054 0.039 0.024 0.018 0.097
142 C 0.064 0.024 0.026 0.024 0.161 0.019 0.027 0.072 0.019 0.057 0.066 0.03 0.018 0.074 0.018 0.085 0.042 0.01 0.096 0.069
143 L 0.047 0.024 0.019 0.019 0.015 0.017 0.023 0.024 0.038 0.157 0.281 0.027 0.038 0.045 0.015 0.042 0.036 0.006 0.023 0.104
144 Q 0.056 0.048 0.063 0.044 0.011 0.116 0.083 0.04 0.051 0.032 0.049 0.06 0.017 0.041 0.022 0.073 0.095 0.007 0.048 0.041
145 F 0.117 0.025 0.023 0.023 0.071 0.019 0.028 0.041 0.016 0.061 0.107 0.031 0.035 0.122 0.019 0.075 0.042 0.009 0.057 0.077
146 F 0.039 0.018 0.015 0.016 0.013 0.012 0.018 0.021 0.013 0.179 0.174 0.021 0.032 0.187 0.012 0.024 0.031 0.01 0.056 0.108
147 F 0.064 0.031 0.056 0.034 0.05 0.038 0.037 0.079 0.017 0.043 0.088 0.038 0.019 0.141 0.019 0.113 0.046 0.008 0.036 0.045
148 F 0.041 0.033 0.016 0.017 0.013 0.014 0.02 0.023 0.012 0.122 0.175 0.025 0.03 0.179 0.013 0.027 0.04 0.046 0.046 0.106
149 G 0.07 0.021 0.033 0.029 0.011 0.017 0.023 0.447 0.012 0.052 0.057 0.03 0.014 0.02 0.017 0.044 0.03 0.005 0.012 0.056
150 Y 0.037 0.024 0.042 0.021 0.01 0.017 0.024 0.026 0.029 0.072 0.118 0.026 0.023 0.188 0.013 0.029 0.028 0.018 0.195 0.058
151 L 0.046 0.022 0.041 0.022 0.014 0.016 0.022 0.025 0.011 0.164 0.193 0.026 0.032 0.094 0.015 0.032 0.054 0.007 0.028 0.135
152 L 0.048 0.022 0.018 0.018 0.051 0.015 0.021 0.026 0.012 0.103 0.223 0.025 0.046 0.141 0.014 0.044 0.035 0.009 0.036 0.096
153 F 0.047 0.03 0.049 0.027 0.011 0.02 0.029 0.085 0.045 0.058 0.077 0.049 0.02 0.177 0.016 0.039 0.05 0.011 0.079 0.081
154 Y 0.055 0.032 0.057 0.061 0.011 0.033 0.039 0.073 0.04 0.039 0.076 0.039 0.018 0.058 0.019 0.078 0.074 0.013 0.14 0.044
155 K 0.06 0.057 0.091 0.129 0.01 0.036 0.061 0.048 0.019 0.034 0.042 0.144 0.014 0.017 0.024 0.097 0.047 0.005 0.015 0.05
156 D 0.056 0.064 0.037 0.092 0.011 0.031 0.067 0.038 0.017 0.076 0.075 0.084 0.032 0.08 0.02 0.087 0.043 0.007 0.026 0.058
157 K 0.061 0.06 0.086 0.048 0.011 0.039 0.082 0.082 0.02 0.032 0.066 0.148 0.016 0.019 0.024 0.085 0.062 0.005 0.016 0.038
158 K 0.053 0.105 0.031 0.038 0.011 0.037 0.09 0.033 0.017 0.119 0.08 0.122 0.021 0.025 0.021 0.058 0.04 0.005 0.017 0.077
159 Q 0.056 0.074 0.044 0.047 0.009 0.215 0.103 0.041 0.029 0.026 0.047 0.091 0.021 0.015 0.024 0.056 0.041 0.006 0.021 0.035
160 S 0.11 0.04 0.054 0.049 0.018 0.033 0.052 0.066 0.019 0.03 0.042 0.054 0.016 0.021 0.03 0.22 0.082 0.005 0.018 0.042
161 K 0.056 0.077 0.057 0.042 0.011 0.054 0.092 0.036 0.018 0.089 0.07 0.115 0.02 0.022 0.021 0.061 0.042 0.005 0.017 0.095
162 K 0.053 0.075 0.035 0.036 0.01 0.087 0.064 0.036 0.02 0.091 0.074 0.174 0.022 0.022 0.023 0.046 0.039 0.005 0.019 0.068
163 Q 0.056 0.074 0.044 0.047 0.009 0.215 0.103 0.041 0.029 0.026 0.047 0.091 0.021 0.015 0.024 0.056 0.041 0.006 0.021 0.035
164 R 0.049 0.092 0.061 0.071 0.009 0.052 0.092 0.036 0.075 0.066 0.056 0.077 0.017 0.029 0.02 0.059 0.037 0.007 0.046 0.049
165 N 0.057 0.043 0.092 0.054 0.011 0.044 0.046 0.043 0.021 0.046 0.082 0.082 0.019 0.086 0.02 0.091 0.045 0.008 0.051 0.06
166 K 0.057 0.107 0.042 0.042 0.009 0.054 0.071 0.043 0.021 0.028 0.043 0.278 0.016 0.016 0.028 0.054 0.04 0.005 0.017 0.033
167 K 0.057 0.107 0.042 0.042 0.009 0.054 0.071 0.043 0.021 0.028 0.043 0.278 0.016 0.016 0.028 0.054 0.04 0.005 0.017 0.033
168 L 0.052 0.032 0.02 0.02 0.016 0.028 0.028 0.028 0.016 0.1 0.197 0.036 0.161 0.048 0.016 0.036 0.04 0.008 0.024 0.092
169 T 0.073 0.036 0.043 0.038 0.018 0.028 0.039 0.043 0.014 0.053 0.065 0.045 0.02 0.024 0.028 0.093 0.246 0.006 0.018 0.071
170 N 0.043 0.045 0.317 0.083 0.009 0.034 0.049 0.065 0.032 0.022 0.032 0.054 0.011 0.018 0.02 0.07 0.049 0.004 0.016 0.027
171 T 0.073 0.036 0.043 0.038 0.018 0.028 0.039 0.043 0.014 0.053 0.065 0.045 0.02 0.024 0.028 0.093 0.246 0.006 0.018 0.071
172 F 0.034 0.019 0.017 0.017 0.011 0.011 0.019 0.025 0.017 0.063 0.114 0.019 0.025 0.387 0.011 0.025 0.025 0.017 0.089 0.055
173 T 0.073 0.036 0.043 0.038 0.018 0.028 0.039 0.043 0.014 0.053 0.065 0.045 0.02 0.024 0.028 0.093 0.246 0.006 0.018 0.071
174 N 0.043 0.045 0.317 0.083 0.009 0.034 0.049 0.065 0.032 0.022 0.032 0.054 0.011 0.018 0.02 0.07 0.049 0.004 0.016 0.027
175 K 0.057 0.107 0.042 0.042 0.009 0.054 0.071 0.043 0.021 0.028 0.043 0.278 0.016 0.016 0.028 0.054 0.04 0.005 0.017 0.033
176 F 0.049 0.042 0.108 0.099 0.01 0.029 0.049 0.044 0.061 0.032 0.051 0.08 0.015 0.109 0.019 0.077 0.04 0.008 0.046 0.034
177 L 0.048 0.029 0.048 0.027 0.013 0.036 0.032 0.031 0.042 0.102 0.158 0.033 0.028 0.117 0.016 0.052 0.055 0.008 0.035 0.09
178 H 0.042 0.046 0.053 0.038 0.008 0.038 0.053 0.038 0.355 0.023 0.038 0.046 0.015 0.03 0.019 0.042 0.027 0.008 0.057 0.023
179 G 0.078 0.023 0.039 0.034 0.011 0.019 0.026 0.51 0.014 0.019 0.028 0.034 0.009 0.016 0.019 0.051 0.03 0.005 0.011 0.024
180 S 0.11 0.04 0.054 0.049 0.018 0.033 0.052 0.066 0.019 0.03 0.042 0.054 0.016 0.021 0.03 0.22 0.082 0.005 0.018 0.042
181 E 0.056 0.041 0.091 0.174 0.009 0.045 0.174 0.046 0.023 0.023 0.033 0.059 0.012 0.017 0.024 0.081 0.044 0.005 0.015 0.029
182 I 0.055 0.027 0.052 0.033 0.012 0.023 0.052 0.115 0.019 0.115 0.108 0.034 0.023 0.045 0.017 0.055 0.038 0.009 0.073 0.094
183 K 0.051 0.088 0.081 0.047 0.045 0.069 0.093 0.075 0.021 0.026 0.042 0.107 0.014 0.019 0.021 0.052 0.054 0.042 0.019 0.033
184 N 0.046 0.031 0.159 0.045 0.012 0.023 0.033 0.041 0.022 0.106 0.104 0.037 0.022 0.069 0.017 0.062 0.042 0.008 0.051 0.071
185 S 0.067 0.045 0.067 0.039 0.012 0.03 0.043 0.091 0.02 0.032 0.045 0.091 0.015 0.032 0.023 0.111 0.091 0.054 0.051 0.04
186 K 0.049 0.054 0.087 0.048 0.01 0.056 0.097 0.038 0.023 0.048 0.056 0.117 0.017 0.061 0.021 0.051 0.058 0.008 0.05 0.053
187 E 0.072 0.057 0.095 0.124 0.009 0.044 0.143 0.045 0.022 0.024 0.036 0.133 0.012 0.016 0.024 0.056 0.038 0.005 0.015 0.031
188 N 0.052 0.064 0.113 0.051 0.01 0.037 0.093 0.041 0.021 0.077 0.069 0.107 0.033 0.023 0.021 0.066 0.042 0.005 0.017 0.057
189 L 0.055 0.037 0.072 0.071 0.013 0.029 0.064 0.038 0.016 0.08 0.129 0.063 0.038 0.028 0.041 0.07 0.053 0.005 0.017 0.081
190 N 0.052 0.069 0.16 0.142 0.009 0.052 0.081 0.05 0.024 0.023 0.033 0.077 0.012 0.016 0.022 0.086 0.045 0.004 0.015 0.028
191 K 0.056 0.072 0.106 0.071 0.011 0.033 0.048 0.044 0.021 0.057 0.055 0.107 0.016 0.027 0.021 0.082 0.062 0.006 0.041 0.064
192 L 0.049 0.066 0.077 0.034 0.011 0.029 0.039 0.035 0.072 0.088 0.116 0.081 0.023 0.036 0.018 0.055 0.038 0.007 0.047 0.078
193 L 0.049 0.035 0.019 0.02 0.014 0.024 0.028 0.025 0.013 0.133 0.202 0.07 0.097 0.04 0.016 0.032 0.037 0.006 0.02 0.118
194 F 0.04 0.041 0.024 0.026 0.009 0.026 0.055 0.028 0.028 0.042 0.071 0.091 0.019 0.189 0.016 0.034 0.028 0.017 0.173 0.043
195 N 0.051 0.088 0.126 0.045 0.011 0.034 0.046 0.043 0.02 0.057 0.084 0.119 0.032 0.023 0.021 0.067 0.06 0.005 0.017 0.05
196 V 0.117 0.023 0.021 0.022 0.053 0.018 0.026 0.036 0.012 0.134 0.098 0.03 0.024 0.036 0.019 0.048 0.077 0.007 0.042 0.155
197 G 0.074 0.022 0.037 0.032 0.01 0.018 0.024 0.54 0.013 0.018 0.027 0.032 0.009 0.015 0.018 0.048 0.028 0.005 0.01 0.023
198 L 0.043 0.046 0.016 0.017 0.049 0.016 0.021 0.023 0.014 0.128 0.192 0.029 0.031 0.102 0.013 0.026 0.032 0.046 0.056 0.102
199 I 0.053 0.02 0.017 0.018 0.016 0.015 0.021 0.024 0.01 0.201 0.172 0.025 0.033 0.066 0.015 0.043 0.041 0.006 0.024 0.18
200 L 0.043 0.021 0.014 0.016 0.015 0.015 0.018 0.02 0.009 0.196 0.288 0.024 0.053 0.047 0.014 0.024 0.034 0.006 0.02 0.122
201 L 0.047 0.024 0.019 0.019 0.014 0.017 0.023 0.025 0.016 0.086 0.198 0.026 0.037 0.135 0.015 0.035 0.069 0.011 0.082 0.104
202 L 0.045 0.02 0.016 0.017 0.014 0.015 0.019 0.058 0.01 0.186 0.232 0.024 0.042 0.044 0.014 0.025 0.034 0.043 0.023 0.121
203 I 0.046 0.018 0.015 0.016 0.05 0.013 0.018 0.022 0.01 0.183 0.17 0.022 0.032 0.122 0.013 0.026 0.035 0.008 0.033 0.149
204 G 0.082 0.027 0.04 0.036 0.013 0.022 0.032 0.332 0.014 0.043 0.04 0.038 0.013 0.019 0.021 0.125 0.046 0.005 0.013 0.039
205 F 0.064 0.022 0.019 0.019 0.013 0.015 0.022 0.047 0.013 0.088 0.198 0.025 0.03 0.205 0.014 0.046 0.033 0.01 0.047 0.071
206 P 0.054 0.022 0.022 0.025 0.012 0.017 0.027 0.067 0.012 0.101 0.077 0.032 0.019 0.08 0.233 0.051 0.037 0.006 0.025 0.082
207 F 0.059 0.024 0.027 0.025 0.121 0.017 0.027 0.036 0.014 0.048 0.076 0.029 0.019 0.193 0.017 0.088 0.076 0.009 0.044 0.052
208 R 0.071 0.2 0.083 0.04 0.01 0.041 0.051 0.043 0.021 0.026 0.043 0.134 0.014 0.017 0.022 0.069 0.058 0.005 0.016 0.035
209 L 0.048 0.022 0.014 0.016 0.016 0.015 0.02 0.021 0.009 0.162 0.28 0.024 0.052 0.045 0.014 0.025 0.036 0.006 0.02 0.154
210 L 0.041 0.022 0.017 0.017 0.012 0.016 0.021 0.022 0.021 0.125 0.156 0.025 0.041 0.148 0.013 0.026 0.031 0.014 0.131 0.101
211 L 0.057 0.031 0.098 0.041 0.014 0.026 0.054 0.038 0.016 0.1 0.107 0.039 0.036 0.029 0.02 0.067 0.097 0.005 0.018 0.106
212 D 0.054 0.03 0.056 0.292 0.01 0.027 0.07 0.046 0.018 0.026 0.037 0.042 0.012 0.049 0.022 0.101 0.043 0.006 0.03 0.03
213 L 0.05 0.024 0.021 0.021 0.013 0.018 0.025 0.028 0.019 0.134 0.152 0.028 0.041 0.112 0.015 0.06 0.038 0.012 0.101 0.089
214 K 0.05 0.083 0.056 0.036 0.01 0.083 0.055 0.036 0.022 0.059 0.061 0.132 0.019 0.045 0.021 0.047 0.055 0.008 0.056 0.065
215 V 0.078 0.026 0.05 0.056 0.015 0.02 0.033 0.036 0.012 0.117 0.089 0.033 0.023 0.03 0.019 0.061 0.08 0.042 0.021 0.158
216 V 0.075 0.02 0.015 0.017 0.017 0.015 0.021 0.025 0.008 0.201 0.151 0.025 0.032 0.037 0.016 0.031 0.042 0.005 0.019 0.227
217 L 0.072 0.067 0.05 0.029 0.014 0.023 0.031 0.071 0.014 0.096 0.125 0.051 0.024 0.057 0.019 0.049 0.091 0.006 0.022 0.089
218 A 0.166 0.035 0.031 0.032 0.017 0.058 0.045 0.053 0.015 0.072 0.068 0.046 0.02 0.023 0.024 0.106 0.069 0.005 0.017 0.098
219 T 0.142 0.028 0.029 0.028 0.018 0.022 0.033 0.045 0.012 0.089 0.08 0.037 0.021 0.025 0.023 0.068 0.151 0.005 0.017 0.126
220 Q 0.051 0.128 0.038 0.037 0.009 0.164 0.072 0.037 0.026 0.028 0.05 0.08 0.018 0.052 0.02 0.062 0.038 0.008 0.047 0.035
221 S 0.125 0.06 0.062 0.039 0.016 0.03 0.043 0.055 0.018 0.04 0.064 0.051 0.043 0.023 0.025 0.157 0.076 0.005 0.017 0.051
222 A 0.164 0.03 0.052 0.032 0.017 0.024 0.036 0.053 0.014 0.078 0.093 0.039 0.021 0.026 0.023 0.104 0.069 0.005 0.017 0.101
223 G 0.068 0.027 0.107 0.043 0.01 0.022 0.031 0.403 0.017 0.019 0.028 0.037 0.01 0.016 0.019 0.068 0.035 0.005 0.012 0.025
224 S 0.092 0.035 0.046 0.041 0.016 0.029 0.044 0.091 0.017 0.035 0.052 0.047 0.029 0.022 0.026 0.209 0.101 0.005 0.016 0.045
225 Y 0.038 0.026 0.02 0.018 0.009 0.02 0.026 0.023 0.044 0.041 0.064 0.029 0.018 0.123 0.015 0.029 0.026 0.026 0.359 0.044
226 S 0.076 0.036 0.04 0.036 0.015 0.043 0.043 0.045 0.02 0.046 0.056 0.046 0.018 0.036 0.024 0.143 0.134 0.008 0.066 0.068
227 A 0.189 0.031 0.069 0.039 0.016 0.025 0.039 0.169 0.016 0.03 0.043 0.043 0.014 0.019 0.025 0.118 0.05 0.005 0.015 0.045
228 Y 0.04 0.023 0.017 0.017 0.012 0.017 0.022 0.022 0.027 0.116 0.162 0.026 0.028 0.112 0.014 0.026 0.03 0.017 0.194 0.081
229 A 0.18 0.035 0.041 0.039 0.018 0.029 0.045 0.066 0.016 0.036 0.05 0.048 0.016 0.021 0.028 0.165 0.092 0.005 0.017 0.054
230 N 0.064 0.04 0.121 0.11 0.011 0.039 0.12 0.051 0.022 0.027 0.038 0.055 0.013 0.018 0.024 0.109 0.079 0.005 0.016 0.036
231 A 0.183 0.026 0.021 0.024 0.02 0.021 0.032 0.051 0.011 0.103 0.094 0.035 0.024 0.028 0.023 0.058 0.049 0.005 0.019 0.172
232 A 0.199 0.033 0.029 0.034 0.017 0.043 0.062 0.055 0.015 0.066 0.065 0.045 0.019 0.022 0.025 0.083 0.082 0.005 0.017 0.083
233 T 0.094 0.03 0.036 0.036 0.016 0.026 0.056 0.115 0.014 0.06 0.062 0.041 0.018 0.022 0.023 0.105 0.12 0.005 0.016 0.105
234 S 0.095 0.062 0.038 0.036 0.015 0.029 0.042 0.048 0.016 0.057 0.079 0.068 0.019 0.023 0.06 0.146 0.09 0.005 0.017 0.056
235 S 0.08 0.035 0.087 0.044 0.015 0.028 0.042 0.052 0.017 0.061 0.057 0.045 0.017 0.022 0.024 0.166 0.114 0.005 0.017 0.072
236 G 0.074 0.022 0.037 0.032 0.01 0.018 0.024 0.54 0.013 0.018 0.027 0.032 0.009 0.015 0.018 0.048 0.028 0.005 0.01 0.023
237 L 0.047 0.021 0.015 0.017 0.015 0.015 0.02 0.022 0.01 0.178 0.215 0.025 0.047 0.069 0.05 0.026 0.036 0.006 0.024 0.142
238 L 0.08 0.025 0.024 0.024 0.016 0.02 0.027 0.034 0.011 0.148 0.153 0.032 0.042 0.035 0.019 0.073 0.081 0.006 0.019 0.131
239 D 0.106 0.041 0.049 0.241 0.01 0.035 0.109 0.048 0.018 0.026 0.036 0.086 0.012 0.016 0.024 0.056 0.037 0.004 0.013 0.034
240 D 0.047 0.031 0.059 0.321 0.009 0.029 0.074 0.044 0.044 0.026 0.033 0.043 0.011 0.017 0.022 0.069 0.073 0.004 0.015 0.03
241 F 0.036 0.019 0.015 0.016 0.012 0.011 0.018 0.022 0.013 0.107 0.18 0.02 0.03 0.29 0.011 0.024 0.027 0.012 0.061 0.076
242 A 0.263 0.029 0.03 0.031 0.018 0.024 0.038 0.139 0.014 0.035 0.049 0.042 0.015 0.019 0.026 0.102 0.048 0.005 0.016 0.055
243 L 0.047 0.034 0.024 0.024 0.012 0.071 0.039 0.027 0.024 0.099 0.136 0.04 0.039 0.059 0.017 0.037 0.053 0.012 0.117 0.09
244 L 0.042 0.023 0.014 0.015 0.015 0.016 0.019 0.02 0.01 0.115 0.388 0.024 0.058 0.051 0.013 0.024 0.032 0.007 0.021 0.093
245 L 0.047 0.024 0.019 0.019 0.014 0.018 0.023 0.025 0.012 0.119 0.191 0.027 0.07 0.123 0.015 0.035 0.07 0.008 0.034 0.105
246 V 0.053 0.02 0.014 0.016 0.016 0.014 0.019 0.021 0.008 0.202 0.197 0.024 0.035 0.04 0.014 0.027 0.04 0.006 0.02 0.213
247 P 0.053 0.024 0.022 0.029 0.01 0.019 0.034 0.034 0.012 0.024 0.034 0.039 0.01 0.012 0.524 0.041 0.034 0.002 0.012 0.029
248 G 0.098 0.026 0.039 0.034 0.012 0.021 0.03 0.404 0.014 0.022 0.031 0.036 0.011 0.017 0.021 0.097 0.04 0.005 0.012 0.029
249 L 0.058 0.022 0.019 0.02 0.016 0.017 0.023 0.027 0.01 0.184 0.186 0.027 0.033 0.038 0.016 0.06 0.044 0.006 0.019 0.174
250 F 0.046 0.02 0.017 0.018 0.014 0.013 0.02 0.023 0.011 0.156 0.143 0.023 0.029 0.176 0.014 0.03 0.052 0.009 0.042 0.144
251 F 0.063 0.023 0.019 0.019 0.012 0.016 0.023 0.029 0.02 0.081 0.159 0.026 0.027 0.195 0.015 0.046 0.032 0.014 0.115 0.066
252 L 0.047 0.02 0.014 0.016 0.016 0.015 0.019 0.021 0.009 0.203 0.246 0.024 0.051 0.044 0.014 0.025 0.037 0.006 0.02 0.154
253 L 0.041 0.02 0.014 0.015 0.014 0.014 0.018 0.02 0.01 0.161 0.297 0.022 0.04 0.102 0.013 0.023 0.032 0.008 0.029 0.106
254 C 0.088 0.026 0.091 0.031 0.12 0.019 0.028 0.04 0.02 0.061 0.071 0.031 0.018 0.094 0.017 0.045 0.037 0.009 0.074 0.079
255 S 0.136 0.036 0.047 0.043 0.017 0.03 0.048 0.064 0.017 0.03 0.042 0.05 0.015 0.02 0.028 0.241 0.073 0.005 0.016 0.043
256 G 0.058 0.097 0.064 0.071 0.01 0.068 0.075 0.149 0.02 0.024 0.038 0.1 0.013 0.016 0.022 0.068 0.056 0.005 0.015 0.031
257 K 0.052 0.073 0.06 0.042 0.066 0.067 0.08 0.039 0.022 0.028 0.044 0.196 0.015 0.024 0.023 0.049 0.037 0.006 0.042 0.034
258 L 0.043 0.064 0.021 0.021 0.011 0.024 0.032 0.027 0.016 0.096 0.161 0.093 0.027 0.071 0.015 0.031 0.032 0.082 0.054 0.077
259 N 0.058 0.05 0.13 0.051 0.011 0.035 0.068 0.047 0.048 0.066 0.053 0.106 0.016 0.021 0.022 0.097 0.047 0.005 0.019 0.05
260 K 0.049 0.163 0.059 0.04 0.009 0.044 0.074 0.037 0.02 0.032 0.068 0.184 0.017 0.018 0.022 0.05 0.054 0.005 0.016 0.037
261 R 0.053 0.142 0.106 0.044 0.01 0.055 0.053 0.043 0.021 0.035 0.046 0.134 0.015 0.018 0.022 0.068 0.06 0.005 0.016 0.053
262 T 0.064 0.043 0.033 0.032 0.015 0.028 0.039 0.037 0.014 0.116 0.082 0.097 0.022 0.026 0.022 0.085 0.126 0.005 0.017 0.098
263 K 0.132 0.058 0.103 0.047 0.012 0.037 0.071 0.09 0.02 0.028 0.041 0.145 0.014 0.017 0.024 0.062 0.041 0.005 0.015 0.039
264 K 0.047 0.126 0.077 0.036 0.01 0.035 0.044 0.036 0.019 0.06 0.091 0.133 0.033 0.052 0.02 0.046 0.055 0.006 0.022 0.052
265 L 0.045 0.024 0.014 0.015 0.016 0.016 0.02 0.021 0.01 0.115 0.375 0.025 0.05 0.055 0.014 0.024 0.033 0.007 0.022 0.096
266 L 0.05 0.022 0.021 0.021 0.015 0.016 0.023 0.027 0.011 0.16 0.178 0.027 0.031 0.094 0.016 0.05 0.073 0.026 0.03 0.111
267 L 0.043 0.02 0.014 0.016 0.015 0.013 0.018 0.021 0.01 0.186 0.248 0.022 0.037 0.099 0.013 0.024 0.034 0.007 0.029 0.13
268 F 0.066 0.022 0.019 0.019 0.014 0.015 0.023 0.029 0.012 0.099 0.168 0.026 0.029 0.175 0.015 0.038 0.07 0.009 0.042 0.109
269 L 0.055 0.025 0.024 0.023 0.013 0.018 0.026 0.066 0.017 0.1 0.152 0.03 0.026 0.077 0.016 0.066 0.056 0.046 0.075 0.089
270 L 0.068 0.022 0.019 0.02 0.051 0.016 0.022 0.064 0.01 0.13 0.169 0.026 0.03 0.063 0.016 0.048 0.04 0.006 0.023 0.158
271 I 0.063 0.026 0.028 0.026 0.016 0.02 0.029 0.033 0.012 0.136 0.105 0.033 0.038 0.059 0.019 0.079 0.117 0.006 0.023 0.132
272 L 0.05 0.021 0.017 0.018 0.051 0.015 0.02 0.024 0.009 0.19 0.231 0.025 0.036 0.041 0.015 0.042 0.038 0.006 0.019 0.132
273 L 0.071 0.022 0.02 0.02 0.068 0.016 0.023 0.03 0.011 0.116 0.166 0.026 0.029 0.118 0.016 0.052 0.055 0.008 0.032 0.1
274 Y 0.038 0.024 0.019 0.017 0.01 0.018 0.024 0.023 0.035 0.068 0.102 0.027 0.022 0.155 0.014 0.028 0.027 0.022 0.272 0.057
275 F 0.041 0.024 0.067 0.026 0.012 0.016 0.024 0.031 0.016 0.066 0.179 0.027 0.028 0.231 0.013 0.047 0.033 0.011 0.051 0.058
276 V 0.072 0.02 0.015 0.017 0.017 0.015 0.021 0.025 0.009 0.194 0.193 0.025 0.034 0.039 0.015 0.03 0.04 0.006 0.019 0.195
277 L 0.07 0.022 0.019 0.019 0.051 0.016 0.022 0.028 0.011 0.134 0.172 0.026 0.03 0.091 0.016 0.039 0.072 0.007 0.028 0.125
278 I 0.046 0.023 0.019 0.023 0.013 0.019 0.044 0.024 0.016 0.158 0.139 0.029 0.041 0.105 0.015 0.032 0.052 0.01 0.077 0.115
279 M 0.049 0.03 0.019 0.019 0.015 0.026 0.026 0.026 0.015 0.094 0.185 0.034 0.212 0.045 0.015 0.034 0.038 0.008 0.023 0.087
280 I 0.05 0.02 0.018 0.019 0.015 0.016 0.02 0.059 0.01 0.232 0.143 0.026 0.057 0.038 0.015 0.032 0.056 0.006 0.019 0.148
281 L 0.061 0.022 0.014 0.016 0.015 0.015 0.02 0.024 0.011 0.111 0.326 0.024 0.04 0.102 0.014 0.027 0.032 0.008 0.029 0.088
282 T 0.081 0.035 0.044 0.039 0.017 0.028 0.041 0.048 0.015 0.042 0.053 0.046 0.017 0.021 0.027 0.151 0.216 0.005 0.017 0.057
283 G 0.074 0.022 0.037 0.032 0.01 0.018 0.024 0.54 0.013 0.018 0.027 0.032 0.009 0.015 0.018 0.048 0.028 0.005 0.01 0.023
284 D 0.075 0.034 0.057 0.212 0.012 0.03 0.065 0.054 0.018 0.025 0.034 0.047 0.012 0.017 0.025 0.174 0.058 0.004 0.014 0.032
285 R 0.042 0.385 0.036 0.029 0.007 0.045 0.049 0.031 0.022 0.022 0.044 0.113 0.015 0.016 0.018 0.042 0.033 0.005 0.016 0.029
286 K 0.049 0.222 0.038 0.035 0.008 0.048 0.059 0.036 0.02 0.024 0.042 0.232 0.015 0.015 0.023 0.047 0.035 0.005 0.016 0.03
287 Y 0.053 0.026 0.025 0.023 0.013 0.02 0.028 0.029 0.025 0.109 0.086 0.032 0.022 0.07 0.018 0.058 0.091 0.014 0.164 0.094
288 Q 0.075 0.054 0.037 0.039 0.01 0.177 0.075 0.041 0.025 0.027 0.045 0.069 0.017 0.022 0.094 0.067 0.04 0.006 0.042 0.036
289 I 0.051 0.019 0.014 0.016 0.016 0.014 0.019 0.021 0.009 0.21 0.178 0.023 0.034 0.067 0.014 0.026 0.039 0.006 0.024 0.2
290 F 0.044 0.022 0.023 0.022 0.013 0.015 0.023 0.028 0.014 0.093 0.101 0.026 0.024 0.255 0.015 0.042 0.103 0.011 0.055 0.072
291 S 0.143 0.033 0.042 0.038 0.016 0.027 0.041 0.13 0.016 0.032 0.044 0.045 0.015 0.02 0.026 0.17 0.094 0.005 0.016 0.046
292 I 0.045 0.017 0.014 0.016 0.051 0.013 0.017 0.02 0.008 0.281 0.169 0.022 0.034 0.041 0.014 0.024 0.037 0.005 0.019 0.152
293 L 0.044 0.02 0.014 0.015 0.015 0.014 0.018 0.02 0.009 0.186 0.301 0.023 0.041 0.047 0.014 0.024 0.035 0.006 0.02 0.133
294 V 0.116 0.029 0.033 0.031 0.017 0.024 0.036 0.047 0.013 0.09 0.077 0.039 0.021 0.026 0.023 0.13 0.092 0.005 0.018 0.134
295 L 0.049 0.02 0.014 0.016 0.016 0.014 0.019 0.021 0.009 0.196 0.239 0.023 0.037 0.043 0.014 0.025 0.038 0.006 0.02 0.181
296 V 0.056 0.021 0.017 0.018 0.016 0.016 0.022 0.025 0.01 0.163 0.185 0.025 0.033 0.066 0.015 0.044 0.042 0.006 0.024 0.196
297 L 0.041 0.022 0.014 0.015 0.015 0.015 0.019 0.02 0.01 0.12 0.373 0.023 0.044 0.077 0.013 0.023 0.031 0.007 0.025 0.093
298 C 0.062 0.023 0.048 0.027 0.156 0.017 0.025 0.108 0.013 0.055 0.069 0.028 0.018 0.107 0.017 0.07 0.04 0.007 0.029 0.082
299 Y 0.038 0.024 0.021 0.018 0.01 0.018 0.025 0.025 0.034 0.047 0.076 0.027 0.019 0.202 0.014 0.032 0.045 0.022 0.256 0.048
300 L 0.046 0.057 0.048 0.035 0.012 0.044 0.076 0.029 0.017 0.097 0.163 0.045 0.053 0.061 0.017 0.04 0.053 0.007 0.023 0.074
301 L 0.073 0.041 0.028 0.031 0.011 0.044 0.061 0.037 0.021 0.047 0.083 0.079 0.019 0.07 0.019 0.071 0.039 0.083 0.078 0.062
302 L 0.063 0.037 0.028 0.027 0.015 0.024 0.034 0.034 0.013 0.096 0.152 0.073 0.027 0.059 0.019 0.086 0.064 0.006 0.023 0.12
303 Y 0.047 0.067 0.076 0.033 0.01 0.03 0.039 0.035 0.055 0.041 0.084 0.083 0.031 0.06 0.018 0.056 0.036 0.013 0.142 0.043
304 G 0.059 0.125 0.066 0.098 0.01 0.035 0.071 0.132 0.019 0.024 0.037 0.082 0.013 0.017 0.021 0.082 0.058 0.005 0.014 0.031
305 G 0.078 0.023 0.039 0.034 0.011 0.019 0.026 0.509 0.014 0.019 0.028 0.034 0.009 0.016 0.019 0.051 0.03 0.005 0.011 0.024
306 I 0.05 0.039 0.023 0.04 0.013 0.025 0.044 0.027 0.012 0.158 0.13 0.091 0.04 0.032 0.054 0.034 0.038 0.005 0.018 0.127
307 K 0.058 0.093 0.062 0.04 0.01 0.041 0.055 0.043 0.046 0.033 0.068 0.188 0.017 0.02 0.024 0.082 0.06 0.005 0.019 0.038
308 K 0.059 0.072 0.041 0.038 0.009 0.04 0.054 0.179 0.068 0.024 0.037 0.186 0.013 0.017 0.023 0.05 0.034 0.005 0.021 0.028
309 L 0.042 0.03 0.055 0.03 0.012 0.021 0.049 0.029 0.016 0.127 0.14 0.051 0.026 0.119 0.052 0.033 0.034 0.008 0.044 0.082
310 K 0.061 0.118 0.062 0.04 0.01 0.042 0.055 0.044 0.019 0.031 0.067 0.193 0.017 0.019 0.024 0.095 0.045 0.005 0.017 0.036
311 L 0.05 0.034 0.023 0.023 0.013 0.021 0.029 0.028 0.015 0.123 0.164 0.069 0.029 0.097 0.017 0.05 0.055 0.009 0.052 0.1
312 K 0.072 0.101 0.035 0.033 0.013 0.035 0.046 0.04 0.017 0.064 0.091 0.13 0.033 0.024 0.022 0.094 0.064 0.005 0.017 0.064
313 K 0.06 0.116 0.062 0.039 0.012 0.053 0.052 0.042 0.019 0.051 0.053 0.128 0.017 0.019 0.023 0.087 0.098 0.005 0.017 0.049
314 L 0.075 0.027 0.071 0.031 0.015 0.02 0.029 0.037 0.014 0.124 0.137 0.033 0.026 0.06 0.018 0.067 0.07 0.006 0.023 0.117
315 F 0.034 0.019 0.017 0.017 0.011 0.011 0.019 0.025 0.017 0.064 0.114 0.019 0.025 0.385 0.011 0.025 0.025 0.017 0.089 0.055
316 I 0.047 0.018 0.015 0.018 0.016 0.013 0.018 0.021 0.009 0.269 0.168 0.024 0.037 0.044 0.015 0.025 0.04 0.006 0.021 0.177
317 Y 0.041 0.028 0.022 0.019 0.009 0.022 0.028 0.025 0.047 0.044 0.069 0.031 0.019 0.131 0.016 0.031 0.028 0.028 0.316 0.047
318 L 0.041 0.019 0.014 0.016 0.014 0.013 0.018 0.021 0.01 0.181 0.237 0.022 0.036 0.127 0.013 0.024 0.033 0.008 0.034 0.12
319 L 0.083 0.036 0.029 0.029 0.014 0.024 0.035 0.075 0.014 0.078 0.107 0.074 0.022 0.068 0.056 0.088 0.045 0.006 0.024 0.093
320 L 0.045 0.025 0.043 0.023 0.012 0.018 0.025 0.028 0.022 0.093 0.164 0.028 0.027 0.092 0.015 0.046 0.035 0.049 0.124 0.086
