#Seq2Logo.py -f /work3/idamei/ssn-clusterings/2206011120/clusters/0033_59/sequences.afa -m 0.0001 -b 50 -o /work3/idamei/ssn-clusterings/2206011120/clusters/0033_59/sequences.logo -p 640x1000 -l 30
#Position Specific Frequency Matrix
A R N D C Q E G H I L K M F P S T W Y V
0 M 0.036 0.022 0.014 0.014 0.011 0.019 0.019 0.019 0.011 0.069 0.135 0.025 0.425 0.033 0.011 0.025 0.028 0.005 0.017 0.063
1 I 0.077 0.016 0.015 0.015 0.01 0.012 0.017 0.104 0.033 0.219 0.099 0.02 0.019 0.099 0.039 0.025 0.026 0.006 0.043 0.108
2 I 0.049 0.019 0.015 0.015 0.01 0.032 0.02 0.019 0.014 0.165 0.164 0.022 0.021 0.078 0.012 0.027 0.083 0.008 0.14 0.085
3 Q 0.057 0.075 0.045 0.048 0.009 0.203 0.104 0.042 0.03 0.027 0.048 0.093 0.021 0.015 0.024 0.057 0.042 0.006 0.021 0.036
4 V 0.071 0.022 0.017 0.018 0.019 0.017 0.024 0.025 0.008 0.167 0.132 0.026 0.032 0.036 0.017 0.033 0.05 0.006 0.021 0.258
5 F 0.034 0.019 0.017 0.017 0.011 0.011 0.019 0.026 0.017 0.064 0.116 0.019 0.026 0.378 0.011 0.026 0.026 0.017 0.09 0.056
6 L 0.057 0.017 0.015 0.017 0.01 0.013 0.038 0.076 0.01 0.174 0.211 0.022 0.022 0.077 0.04 0.044 0.045 0.005 0.04 0.067
7 A 0.29 0.031 0.026 0.03 0.022 0.026 0.04 0.078 0.015 0.043 0.059 0.045 0.018 0.022 0.03 0.085 0.05 0.005 0.018 0.069
8 L 0.034 0.015 0.012 0.013 0.011 0.011 0.014 0.073 0.007 0.184 0.326 0.018 0.028 0.082 0.01 0.019 0.025 0.005 0.019 0.095
9 I 0.046 0.017 0.014 0.017 0.016 0.013 0.017 0.02 0.009 0.285 0.165 0.023 0.036 0.043 0.014 0.025 0.039 0.006 0.02 0.173
10 V 0.07 0.022 0.016 0.018 0.019 0.016 0.023 0.025 0.008 0.165 0.13 0.026 0.032 0.036 0.016 0.033 0.049 0.006 0.021 0.269
11 L 0.057 0.017 0.015 0.015 0.011 0.013 0.018 0.021 0.01 0.173 0.243 0.021 0.024 0.085 0.012 0.054 0.067 0.007 0.065 0.072
12 G 0.056 0.022 0.022 0.021 0.013 0.017 0.023 0.15 0.018 0.13 0.094 0.027 0.023 0.054 0.016 0.033 0.035 0.011 0.1 0.135
13 I 0.06 0.016 0.015 0.015 0.04 0.012 0.017 0.021 0.008 0.232 0.142 0.02 0.022 0.076 0.012 0.046 0.079 0.005 0.018 0.143
14 L 0.037 0.016 0.012 0.013 0.012 0.012 0.015 0.045 0.007 0.147 0.306 0.018 0.045 0.056 0.011 0.021 0.037 0.005 0.017 0.167
15 F 0.027 0.015 0.012 0.012 0.009 0.009 0.014 0.017 0.011 0.057 0.191 0.016 0.04 0.377 0.009 0.018 0.02 0.01 0.068 0.067
16 L 0.055 0.016 0.013 0.013 0.039 0.012 0.016 0.019 0.011 0.158 0.212 0.019 0.023 0.11 0.011 0.024 0.055 0.007 0.078 0.107
17 L 0.059 0.016 0.014 0.014 0.011 0.012 0.016 0.048 0.008 0.165 0.236 0.019 0.025 0.103 0.011 0.042 0.038 0.005 0.021 0.138
18 L 0.066 0.019 0.018 0.017 0.042 0.014 0.02 0.024 0.008 0.119 0.164 0.023 0.021 0.076 0.014 0.071 0.114 0.005 0.019 0.147
19 S 0.111 0.019 0.02 0.019 0.125 0.015 0.022 0.031 0.01 0.065 0.112 0.024 0.017 0.095 0.015 0.136 0.055 0.005 0.019 0.086
20 L 0.034 0.015 0.013 0.013 0.011 0.011 0.015 0.017 0.008 0.181 0.185 0.018 0.032 0.172 0.01 0.023 0.064 0.006 0.027 0.146
21 L 0.049 0.015 0.011 0.012 0.039 0.011 0.014 0.017 0.007 0.186 0.341 0.017 0.028 0.056 0.01 0.019 0.026 0.005 0.017 0.12
22 A 0.211 0.021 0.023 0.023 0.112 0.017 0.026 0.041 0.01 0.05 0.084 0.029 0.014 0.017 0.018 0.205 0.04 0.004 0.012 0.043
23 F 0.03 0.016 0.013 0.013 0.009 0.01 0.015 0.018 0.012 0.074 0.181 0.017 0.038 0.3 0.009 0.037 0.023 0.009 0.091 0.086
24 F 0.049 0.015 0.013 0.013 0.009 0.011 0.015 0.045 0.032 0.146 0.206 0.017 0.039 0.237 0.01 0.02 0.022 0.007 0.033 0.062
25 E 0.039 0.05 0.027 0.093 0.006 0.034 0.317 0.026 0.015 0.017 0.026 0.045 0.009 0.011 0.15 0.055 0.045 0.003 0.011 0.022
26 D 0.038 0.052 0.028 0.136 0.007 0.03 0.128 0.027 0.035 0.046 0.098 0.09 0.013 0.016 0.095 0.069 0.046 0.003 0.012 0.032
27 E 0.037 0.102 0.047 0.058 0.006 0.031 0.176 0.026 0.017 0.024 0.035 0.14 0.011 0.046 0.016 0.052 0.045 0.006 0.079 0.045
28 L 0.054 0.025 0.044 0.131 0.009 0.021 0.102 0.025 0.011 0.115 0.181 0.068 0.035 0.022 0.014 0.047 0.027 0.004 0.012 0.051
29 E 0.083 0.045 0.048 0.07 0.013 0.049 0.173 0.051 0.023 0.026 0.04 0.065 0.014 0.019 0.028 0.136 0.06 0.005 0.017 0.037
30 K 0.058 0.108 0.042 0.042 0.009 0.054 0.072 0.044 0.021 0.028 0.044 0.271 0.016 0.016 0.028 0.054 0.04 0.005 0.017 0.033
31 K 0.058 0.108 0.042 0.042 0.009 0.054 0.072 0.044 0.021 0.028 0.044 0.271 0.016 0.016 0.028 0.054 0.04 0.005 0.017 0.033
32 K 0.058 0.108 0.042 0.042 0.009 0.054 0.072 0.044 0.021 0.028 0.044 0.271 0.016 0.016 0.028 0.054 0.04 0.005 0.017 0.033
33 K 0.055 0.088 0.089 0.075 0.007 0.045 0.04 0.043 0.014 0.078 0.039 0.233 0.012 0.013 0.056 0.036 0.028 0.003 0.011 0.035
34 G 0.076 0.028 0.035 0.032 0.014 0.022 0.032 0.203 0.014 0.053 0.153 0.037 0.024 0.03 0.02 0.104 0.047 0.006 0.016 0.053
35 V 0.07 0.022 0.016 0.018 0.019 0.016 0.023 0.025 0.008 0.165 0.13 0.026 0.032 0.036 0.016 0.033 0.049 0.006 0.021 0.269
36 R 0.057 0.138 0.068 0.04 0.007 0.044 0.065 0.028 0.066 0.054 0.042 0.121 0.021 0.042 0.015 0.069 0.028 0.005 0.038 0.051
37 Y 0.057 0.046 0.053 0.045 0.009 0.036 0.027 0.025 0.017 0.125 0.079 0.049 0.016 0.038 0.014 0.051 0.086 0.008 0.148 0.071
38 Q 0.057 0.075 0.045 0.048 0.009 0.203 0.104 0.042 0.03 0.027 0.048 0.093 0.021 0.015 0.024 0.057 0.042 0.006 0.021 0.036
39 K 0.057 0.11 0.068 0.036 0.007 0.105 0.143 0.028 0.016 0.042 0.035 0.185 0.012 0.013 0.016 0.037 0.028 0.004 0.012 0.047
40 K 0.032 0.077 0.072 0.024 0.008 0.04 0.049 0.024 0.012 0.093 0.13 0.139 0.017 0.052 0.013 0.028 0.025 0.085 0.02 0.062
41 Y 0.04 0.028 0.022 0.019 0.009 0.022 0.028 0.025 0.047 0.044 0.068 0.031 0.019 0.131 0.016 0.031 0.028 0.028 0.318 0.047
42 L 0.045 0.018 0.036 0.017 0.009 0.013 0.018 0.048 0.013 0.113 0.187 0.021 0.02 0.083 0.058 0.047 0.044 0.034 0.105 0.072
43 I 0.057 0.016 0.012 0.013 0.012 0.012 0.015 0.018 0.007 0.223 0.217 0.019 0.05 0.035 0.011 0.023 0.052 0.004 0.015 0.19
44 F 0.03 0.019 0.015 0.014 0.008 0.013 0.018 0.019 0.019 0.043 0.106 0.039 0.034 0.247 0.01 0.039 0.022 0.013 0.236 0.057
45 I 0.057 0.017 0.016 0.016 0.01 0.03 0.019 0.061 0.009 0.224 0.113 0.021 0.037 0.118 0.012 0.061 0.047 0.019 0.022 0.091
46 L 0.119 0.017 0.016 0.016 0.051 0.013 0.018 0.119 0.008 0.07 0.21 0.021 0.02 0.087 0.013 0.048 0.046 0.005 0.018 0.087
47 L 0.036 0.015 0.012 0.012 0.064 0.011 0.014 0.017 0.007 0.189 0.207 0.017 0.045 0.098 0.01 0.021 0.045 0.005 0.02 0.155
48 G 0.092 0.016 0.023 0.021 0.009 0.013 0.019 0.453 0.009 0.035 0.036 0.023 0.01 0.014 0.014 0.052 0.026 0.004 0.009 0.12
49 L 0.037 0.016 0.013 0.013 0.011 0.011 0.015 0.07 0.008 0.093 0.272 0.018 0.024 0.115 0.01 0.022 0.044 0.005 0.021 0.181
50 L 0.049 0.016 0.012 0.013 0.012 0.011 0.015 0.044 0.007 0.169 0.24 0.019 0.033 0.029 0.011 0.023 0.047 0.004 0.014 0.232
51 L 0.032 0.018 0.011 0.011 0.011 0.013 0.015 0.016 0.008 0.078 0.461 0.019 0.115 0.036 0.01 0.019 0.024 0.005 0.015 0.083
52 I 0.056 0.015 0.013 0.014 0.011 0.011 0.016 0.019 0.007 0.267 0.135 0.019 0.039 0.073 0.012 0.026 0.085 0.005 0.018 0.158
53 L 0.076 0.017 0.014 0.015 0.011 0.012 0.017 0.022 0.008 0.108 0.315 0.02 0.025 0.105 0.012 0.061 0.056 0.005 0.021 0.08
54 I 0.053 0.015 0.012 0.013 0.063 0.01 0.015 0.019 0.008 0.188 0.15 0.017 0.047 0.166 0.01 0.023 0.044 0.006 0.025 0.116
55 A 0.457 0.021 0.018 0.02 0.015 0.017 0.027 0.05 0.01 0.036 0.044 0.03 0.013 0.016 0.02 0.072 0.035 0.004 0.012 0.084
56 G 0.269 0.018 0.021 0.021 0.011 0.015 0.022 0.324 0.009 0.029 0.035 0.026 0.01 0.014 0.016 0.045 0.028 0.004 0.01 0.071
57 F 0.026 0.014 0.011 0.011 0.009 0.009 0.013 0.016 0.01 0.074 0.244 0.015 0.023 0.376 0.008 0.017 0.02 0.009 0.044 0.051
58 R 0.033 0.51 0.027 0.022 0.006 0.033 0.036 0.024 0.016 0.016 0.032 0.098 0.011 0.012 0.014 0.049 0.025 0.004 0.012 0.022
59 P 0.039 0.022 0.025 0.106 0.006 0.023 0.157 0.109 0.012 0.016 0.024 0.034 0.007 0.01 0.32 0.034 0.024 0.003 0.009 0.02
60 I 0.039 0.02 0.02 0.051 0.009 0.02 0.144 0.101 0.033 0.217 0.077 0.028 0.017 0.021 0.013 0.045 0.027 0.004 0.013 0.101
61 G 0.05 0.02 0.071 0.074 0.007 0.016 0.025 0.508 0.011 0.014 0.02 0.046 0.007 0.011 0.014 0.054 0.024 0.004 0.008 0.018
62 Y 0.04 0.028 0.022 0.019 0.009 0.022 0.028 0.025 0.047 0.044 0.068 0.031 0.019 0.131 0.016 0.031 0.028 0.028 0.318 0.047
63 I 0.036 0.018 0.013 0.013 0.011 0.012 0.016 0.017 0.008 0.23 0.156 0.038 0.057 0.077 0.011 0.022 0.046 0.005 0.04 0.174
64 D 0.031 0.02 0.044 0.512 0.006 0.02 0.057 0.031 0.012 0.021 0.025 0.03 0.008 0.036 0.015 0.053 0.026 0.003 0.01 0.039
65 S 0.11 0.04 0.054 0.049 0.018 0.033 0.052 0.066 0.019 0.03 0.042 0.054 0.016 0.021 0.03 0.22 0.082 0.005 0.018 0.042
66 R 0.045 0.345 0.039 0.031 0.008 0.048 0.052 0.033 0.023 0.023 0.047 0.12 0.016 0.017 0.019 0.045 0.035 0.006 0.017 0.031
67 G 0.078 0.023 0.039 0.034 0.011 0.019 0.026 0.51 0.014 0.019 0.028 0.034 0.009 0.016 0.019 0.051 0.03 0.005 0.011 0.024
68 V 0.07 0.022 0.016 0.018 0.019 0.016 0.023 0.025 0.008 0.165 0.13 0.026 0.032 0.036 0.016 0.033 0.049 0.006 0.021 0.269
69 Q 0.056 0.074 0.044 0.047 0.009 0.215 0.103 0.041 0.029 0.026 0.047 0.091 0.021 0.015 0.024 0.056 0.041 0.006 0.021 0.035
70 L 0.045 0.024 0.014 0.015 0.016 0.016 0.02 0.021 0.01 0.115 0.375 0.025 0.05 0.055 0.014 0.024 0.033 0.007 0.022 0.096
71 N 0.038 0.126 0.157 0.033 0.007 0.044 0.036 0.032 0.039 0.021 0.03 0.125 0.01 0.012 0.126 0.074 0.031 0.003 0.012 0.042
72 D 0.028 0.02 0.047 0.587 0.005 0.02 0.063 0.032 0.013 0.015 0.019 0.031 0.006 0.01 0.015 0.036 0.024 0.003 0.008 0.017
73 Y 0.052 0.023 0.026 0.023 0.009 0.019 0.028 0.031 0.023 0.025 0.038 0.029 0.012 0.052 0.016 0.244 0.038 0.011 0.272 0.03
74 E 0.079 0.025 0.046 0.101 0.008 0.027 0.131 0.108 0.012 0.052 0.096 0.051 0.03 0.04 0.022 0.053 0.046 0.004 0.013 0.055
75 N 0.039 0.028 0.236 0.04 0.009 0.041 0.071 0.034 0.016 0.051 0.066 0.035 0.046 0.017 0.015 0.078 0.108 0.004 0.012 0.055
76 Y 0.028 0.02 0.016 0.013 0.006 0.015 0.02 0.017 0.054 0.029 0.046 0.022 0.013 0.087 0.011 0.022 0.019 0.019 0.512 0.031
77 E 0.059 0.026 0.02 0.045 0.009 0.026 0.217 0.022 0.011 0.098 0.119 0.053 0.017 0.02 0.015 0.031 0.047 0.004 0.013 0.149
78 E 0.103 0.028 0.065 0.055 0.009 0.042 0.132 0.057 0.014 0.055 0.108 0.063 0.035 0.022 0.015 0.072 0.034 0.005 0.045 0.039
79 L 0.073 0.02 0.037 0.017 0.01 0.016 0.021 0.023 0.038 0.067 0.176 0.024 0.103 0.066 0.012 0.045 0.045 0.009 0.147 0.05
80 F 0.025 0.015 0.013 0.012 0.007 0.01 0.015 0.017 0.018 0.038 0.066 0.016 0.016 0.394 0.008 0.019 0.018 0.041 0.218 0.035
81 N 0.044 0.051 0.182 0.034 0.008 0.076 0.054 0.031 0.074 0.03 0.09 0.037 0.014 0.046 0.014 0.054 0.047 0.005 0.061 0.048
82 N 0.054 0.072 0.194 0.084 0.007 0.042 0.057 0.061 0.136 0.018 0.027 0.039 0.009 0.017 0.015 0.057 0.047 0.004 0.039 0.022
83 Y 0.055 0.033 0.018 0.018 0.008 0.044 0.025 0.051 0.02 0.029 0.084 0.028 0.013 0.049 0.15 0.045 0.024 0.038 0.237 0.032
84 D 0.038 0.024 0.034 0.242 0.007 0.042 0.109 0.058 0.015 0.031 0.037 0.033 0.011 0.048 0.015 0.046 0.068 0.006 0.067 0.069
85 S 0.075 0.035 0.076 0.067 0.009 0.073 0.07 0.037 0.05 0.025 0.036 0.067 0.012 0.025 0.019 0.125 0.086 0.006 0.074 0.032
86 P 0.06 0.027 0.08 0.036 0.01 0.022 0.036 0.041 0.014 0.022 0.031 0.039 0.01 0.013 0.321 0.15 0.044 0.003 0.012 0.028
87 N 0.049 0.045 0.166 0.036 0.01 0.02 0.029 0.16 0.015 0.04 0.115 0.035 0.015 0.02 0.016 0.093 0.052 0.004 0.013 0.067
88 L 0.045 0.026 0.022 0.026 0.01 0.046 0.082 0.064 0.016 0.061 0.106 0.032 0.084 0.065 0.015 0.08 0.057 0.007 0.077 0.078
89 D 0.127 0.021 0.046 0.137 0.01 0.019 0.077 0.031 0.011 0.097 0.074 0.029 0.031 0.041 0.015 0.057 0.091 0.004 0.014 0.067
90 I 0.08 0.021 0.04 0.039 0.01 0.016 0.042 0.092 0.011 0.172 0.126 0.044 0.018 0.048 0.013 0.078 0.029 0.005 0.036 0.079
91 L 0.039 0.025 0.041 0.022 0.01 0.037 0.045 0.024 0.035 0.049 0.19 0.047 0.087 0.074 0.013 0.075 0.085 0.006 0.041 0.055
92 V 0.044 0.017 0.015 0.015 0.012 0.013 0.018 0.019 0.029 0.155 0.106 0.02 0.034 0.025 0.012 0.028 0.097 0.004 0.015 0.323
93 E 0.037 0.033 0.029 0.084 0.005 0.043 0.499 0.024 0.017 0.015 0.025 0.051 0.009 0.011 0.018 0.038 0.025 0.004 0.011 0.021
94 P 0.036 0.017 0.015 0.018 0.008 0.013 0.021 0.022 0.011 0.086 0.046 0.024 0.012 0.07 0.412 0.026 0.024 0.005 0.08 0.056
95 S 0.093 0.025 0.033 0.029 0.012 0.02 0.031 0.067 0.012 0.026 0.035 0.034 0.012 0.038 0.019 0.303 0.159 0.004 0.014 0.035
96 F 0.024 0.014 0.012 0.012 0.007 0.008 0.014 0.017 0.014 0.042 0.074 0.014 0.017 0.519 0.008 0.018 0.018 0.013 0.12 0.037
97 L 0.036 0.077 0.02 0.019 0.009 0.039 0.029 0.022 0.013 0.092 0.161 0.149 0.019 0.03 0.014 0.03 0.073 0.006 0.078 0.085
98 L 0.06 0.016 0.012 0.012 0.01 0.011 0.016 0.019 0.009 0.08 0.31 0.018 0.041 0.125 0.01 0.022 0.042 0.087 0.026 0.074
99 I 0.032 0.013 0.01 0.012 0.011 0.01 0.013 0.014 0.006 0.391 0.234 0.016 0.027 0.032 0.01 0.017 0.026 0.004 0.014 0.107
100 S 0.16 0.046 0.03 0.028 0.039 0.02 0.031 0.069 0.012 0.027 0.035 0.035 0.011 0.015 0.019 0.291 0.064 0.004 0.012 0.053
101 S 0.06 0.085 0.089 0.053 0.008 0.06 0.065 0.031 0.018 0.037 0.037 0.079 0.02 0.027 0.015 0.107 0.045 0.033 0.1 0.03
102 L 0.05 0.015 0.011 0.012 0.01 0.01 0.014 0.017 0.009 0.217 0.236 0.017 0.025 0.132 0.01 0.019 0.024 0.033 0.046 0.094
103 L 0.099 0.016 0.014 0.014 0.038 0.012 0.018 0.023 0.008 0.123 0.199 0.02 0.022 0.095 0.012 0.061 0.03 0.005 0.02 0.171
104 N 0.036 0.131 0.134 0.056 0.007 0.062 0.048 0.044 0.086 0.019 0.03 0.084 0.01 0.021 0.015 0.072 0.047 0.005 0.069 0.023
105 L 0.088 0.022 0.063 0.045 0.023 0.035 0.026 0.028 0.036 0.044 0.158 0.031 0.034 0.086 0.014 0.081 0.048 0.006 0.062 0.069
106 F 0.039 0.016 0.034 0.014 0.009 0.011 0.016 0.019 0.033 0.11 0.126 0.017 0.019 0.26 0.009 0.021 0.023 0.062 0.048 0.115
107 L 0.038 0.02 0.015 0.016 0.013 0.013 0.019 0.022 0.013 0.105 0.231 0.021 0.035 0.231 0.012 0.024 0.029 0.011 0.053 0.08
108 T 0.045 0.021 0.026 0.073 0.038 0.017 0.048 0.084 0.011 0.039 0.094 0.027 0.015 0.118 0.015 0.082 0.163 0.005 0.021 0.06
109 N 0.043 0.046 0.306 0.084 0.009 0.034 0.05 0.066 0.032 0.023 0.032 0.055 0.011 0.018 0.021 0.071 0.05 0.005 0.016 0.027
110 F 0.034 0.019 0.017 0.017 0.011 0.011 0.019 0.026 0.017 0.064 0.116 0.019 0.026 0.378 0.011 0.026 0.026 0.017 0.09 0.056
111 G 0.042 0.021 0.065 0.192 0.007 0.019 0.056 0.23 0.058 0.017 0.025 0.029 0.008 0.036 0.041 0.072 0.045 0.004 0.013 0.02
112 N 0.056 0.024 0.201 0.199 0.007 0.02 0.039 0.09 0.016 0.019 0.026 0.032 0.008 0.017 0.015 0.077 0.068 0.031 0.033 0.023
113 V 0.08 0.017 0.013 0.015 0.011 0.013 0.019 0.022 0.011 0.102 0.068 0.022 0.033 0.03 0.159 0.027 0.029 0.006 0.088 0.234
114 H 0.033 0.11 0.023 0.019 0.008 0.02 0.026 0.021 0.192 0.1 0.109 0.033 0.017 0.069 0.012 0.026 0.042 0.005 0.026 0.109
115 L 0.077 0.017 0.016 0.016 0.01 0.013 0.018 0.077 0.011 0.093 0.187 0.021 0.02 0.147 0.012 0.078 0.027 0.034 0.068 0.06
116 L 0.033 0.016 0.01 0.011 0.011 0.011 0.014 0.015 0.007 0.188 0.379 0.017 0.047 0.034 0.01 0.018 0.026 0.005 0.015 0.134
117 F 0.023 0.013 0.011 0.012 0.007 0.007 0.013 0.017 0.011 0.045 0.099 0.013 0.018 0.557 0.007 0.017 0.018 0.011 0.059 0.039
118 L 0.054 0.015 0.01 0.011 0.038 0.011 0.014 0.017 0.007 0.148 0.356 0.017 0.028 0.061 0.01 0.02 0.025 0.005 0.017 0.135
119 I 0.032 0.014 0.011 0.012 0.011 0.01 0.013 0.015 0.007 0.257 0.211 0.016 0.042 0.129 0.01 0.018 0.025 0.006 0.023 0.139
120 Y 0.027 0.018 0.015 0.013 0.006 0.014 0.018 0.017 0.029 0.032 0.051 0.02 0.013 0.151 0.01 0.021 0.019 0.018 0.474 0.033
121 A 0.514 0.021 0.018 0.02 0.015 0.018 0.028 0.054 0.01 0.03 0.041 0.03 0.012 0.015 0.02 0.058 0.034 0.004 0.012 0.047
122 F 0.054 0.016 0.013 0.014 0.01 0.011 0.016 0.02 0.009 0.16 0.178 0.018 0.047 0.201 0.011 0.057 0.027 0.007 0.029 0.102
123 L 0.031 0.016 0.011 0.011 0.01 0.011 0.014 0.029 0.008 0.124 0.395 0.017 0.062 0.115 0.01 0.018 0.023 0.006 0.022 0.067
124 G 0.17 0.018 0.025 0.023 0.009 0.015 0.021 0.486 0.01 0.017 0.025 0.026 0.008 0.012 0.015 0.059 0.025 0.004 0.009 0.025
125 V 0.042 0.015 0.011 0.012 0.012 0.011 0.015 0.016 0.006 0.188 0.175 0.017 0.024 0.028 0.011 0.02 0.031 0.004 0.014 0.348
126 T 0.072 0.023 0.026 0.025 0.024 0.018 0.027 0.059 0.011 0.028 0.057 0.03 0.012 0.018 0.15 0.164 0.182 0.004 0.033 0.036
127 L 0.035 0.016 0.012 0.012 0.064 0.011 0.015 0.017 0.007 0.132 0.376 0.018 0.028 0.055 0.011 0.039 0.045 0.005 0.016 0.086
128 K 0.039 0.07 0.028 0.028 0.006 0.054 0.048 0.029 0.014 0.021 0.034 0.467 0.028 0.012 0.018 0.036 0.027 0.004 0.012 0.024
129 L 0.113 0.017 0.013 0.014 0.011 0.012 0.018 0.024 0.01 0.094 0.201 0.02 0.055 0.168 0.012 0.044 0.026 0.007 0.047 0.093
130 L 0.031 0.023 0.015 0.016 0.008 0.034 0.041 0.018 0.014 0.139 0.16 0.062 0.037 0.116 0.011 0.022 0.023 0.035 0.13 0.066
131 A 0.402 0.022 0.022 0.023 0.014 0.018 0.028 0.103 0.011 0.027 0.037 0.031 0.011 0.014 0.02 0.124 0.037 0.004 0.012 0.042
132 I 0.031 0.013 0.011 0.012 0.01 0.009 0.013 0.015 0.007 0.354 0.126 0.016 0.04 0.145 0.01 0.018 0.025 0.006 0.024 0.115
133 K 0.063 0.173 0.029 0.026 0.008 0.029 0.038 0.031 0.059 0.024 0.034 0.202 0.011 0.014 0.017 0.109 0.069 0.004 0.014 0.046
134 K 0.037 0.192 0.049 0.031 0.006 0.097 0.086 0.028 0.016 0.018 0.031 0.249 0.011 0.011 0.017 0.037 0.046 0.004 0.012 0.023
135 L 0.052 0.019 0.045 0.015 0.011 0.013 0.017 0.02 0.032 0.075 0.432 0.021 0.045 0.036 0.011 0.031 0.025 0.005 0.037 0.059
136 T 0.06 0.025 0.032 0.028 0.012 0.02 0.03 0.036 0.011 0.031 0.06 0.033 0.013 0.016 0.019 0.238 0.278 0.004 0.012 0.041
137 P 0.063 0.052 0.103 0.106 0.008 0.043 0.099 0.034 0.014 0.019 0.027 0.078 0.009 0.012 0.123 0.119 0.052 0.003 0.011 0.024
138 L 0.029 0.017 0.012 0.012 0.036 0.016 0.015 0.016 0.028 0.079 0.323 0.018 0.042 0.175 0.009 0.019 0.022 0.008 0.07 0.055
139 W 0.063 0.017 0.013 0.013 0.035 0.012 0.018 0.022 0.013 0.065 0.118 0.019 0.016 0.063 0.037 0.04 0.024 0.196 0.111 0.106
140 F 0.027 0.015 0.012 0.012 0.008 0.01 0.014 0.017 0.013 0.07 0.183 0.016 0.055 0.337 0.009 0.018 0.02 0.01 0.105 0.048
141 L 0.035 0.017 0.011 0.012 0.011 0.012 0.016 0.017 0.007 0.086 0.449 0.019 0.047 0.034 0.037 0.037 0.026 0.005 0.015 0.109
142 S 0.141 0.025 0.03 0.029 0.012 0.02 0.032 0.043 0.012 0.023 0.033 0.034 0.023 0.014 0.126 0.311 0.046 0.003 0.012 0.032
143 L 0.035 0.016 0.011 0.012 0.011 0.012 0.015 0.016 0.007 0.135 0.308 0.018 0.077 0.066 0.01 0.02 0.036 0.005 0.018 0.17
144 L 0.155 0.018 0.012 0.013 0.012 0.013 0.018 0.025 0.008 0.073 0.331 0.021 0.042 0.029 0.013 0.028 0.028 0.004 0.014 0.142
145 V 0.04 0.014 0.012 0.013 0.039 0.011 0.015 0.017 0.006 0.256 0.118 0.018 0.04 0.027 0.011 0.022 0.049 0.004 0.014 0.275
146 Y 0.026 0.018 0.014 0.012 0.006 0.014 0.018 0.018 0.027 0.028 0.045 0.02 0.012 0.08 0.01 0.02 0.018 0.151 0.431 0.03
147 L 0.034 0.016 0.011 0.012 0.011 0.011 0.015 0.016 0.008 0.191 0.204 0.018 0.1 0.123 0.01 0.019 0.026 0.006 0.023 0.148
148 S 0.068 0.024 0.033 0.03 0.037 0.02 0.03 0.199 0.012 0.02 0.028 0.032 0.01 0.014 0.018 0.323 0.064 0.004 0.011 0.027
149 N 0.029 0.05 0.237 0.036 0.006 0.04 0.032 0.032 0.155 0.021 0.034 0.034 0.011 0.095 0.013 0.035 0.025 0.007 0.09 0.022
150 F 0.027 0.016 0.013 0.012 0.008 0.011 0.015 0.017 0.018 0.063 0.11 0.017 0.018 0.305 0.009 0.019 0.02 0.013 0.23 0.061
151 Y 0.026 0.017 0.014 0.012 0.007 0.012 0.017 0.017 0.025 0.034 0.057 0.019 0.014 0.253 0.01 0.02 0.019 0.017 0.375 0.034
152 I 0.034 0.016 0.012 0.016 0.011 0.013 0.055 0.016 0.007 0.339 0.164 0.02 0.058 0.029 0.011 0.02 0.027 0.004 0.014 0.133
153 L 0.032 0.016 0.01 0.011 0.011 0.011 0.014 0.015 0.008 0.115 0.472 0.017 0.031 0.038 0.01 0.017 0.024 0.005 0.037 0.105
154 H 0.031 0.036 0.056 0.029 0.005 0.135 0.045 0.027 0.401 0.016 0.027 0.039 0.011 0.018 0.014 0.032 0.021 0.005 0.032 0.018
155 E 0.035 0.029 0.054 0.213 0.005 0.035 0.344 0.054 0.016 0.015 0.023 0.044 0.008 0.011 0.017 0.038 0.025 0.003 0.01 0.02
156 L 0.033 0.018 0.012 0.012 0.037 0.014 0.016 0.018 0.009 0.069 0.301 0.02 0.16 0.101 0.01 0.022 0.044 0.006 0.021 0.078
157 T 0.049 0.025 0.051 0.027 0.012 0.019 0.027 0.03 0.01 0.036 0.044 0.031 0.013 0.016 0.019 0.063 0.465 0.004 0.012 0.047
158 Q 0.039 0.049 0.03 0.032 0.006 0.444 0.069 0.028 0.02 0.019 0.033 0.061 0.014 0.01 0.016 0.039 0.047 0.004 0.014 0.025
159 I 0.033 0.012 0.01 0.012 0.011 0.009 0.012 0.014 0.006 0.467 0.133 0.016 0.025 0.03 0.01 0.017 0.027 0.004 0.014 0.134
160 R 0.031 0.551 0.027 0.021 0.005 0.033 0.036 0.023 0.016 0.016 0.032 0.082 0.011 0.012 0.013 0.031 0.024 0.004 0.012 0.021
161 A 0.348 0.019 0.016 0.018 0.014 0.015 0.024 0.041 0.009 0.088 0.058 0.026 0.015 0.018 0.017 0.047 0.052 0.004 0.013 0.157
162 G 0.15 0.017 0.025 0.023 0.009 0.014 0.02 0.511 0.01 0.017 0.024 0.025 0.008 0.012 0.015 0.058 0.025 0.004 0.009 0.023
163 V 0.064 0.015 0.011 0.013 0.013 0.011 0.016 0.018 0.006 0.182 0.092 0.018 0.022 0.025 0.011 0.023 0.033 0.004 0.014 0.409
164 A 0.418 0.021 0.018 0.02 0.014 0.018 0.027 0.048 0.01 0.037 0.048 0.03 0.03 0.016 0.019 0.088 0.036 0.004 0.012 0.084
165 S 0.09 0.026 0.035 0.031 0.012 0.022 0.034 0.043 0.012 0.026 0.033 0.035 0.011 0.015 0.02 0.397 0.09 0.004 0.012 0.051
166 G 0.18 0.018 0.025 0.023 0.01 0.015 0.021 0.46 0.01 0.018 0.026 0.026 0.008 0.012 0.015 0.068 0.026 0.004 0.009 0.026
167 I 0.029 0.013 0.011 0.012 0.01 0.009 0.013 0.015 0.008 0.242 0.207 0.015 0.024 0.227 0.009 0.017 0.023 0.007 0.031 0.079
168 F 0.029 0.015 0.011 0.011 0.009 0.01 0.014 0.016 0.01 0.082 0.275 0.016 0.024 0.276 0.009 0.018 0.021 0.008 0.057 0.091
169 L 0.031 0.017 0.01 0.011 0.011 0.011 0.014 0.015 0.007 0.096 0.535 0.018 0.05 0.037 0.01 0.017 0.023 0.005 0.015 0.068
170 L 0.05 0.016 0.011 0.011 0.01 0.011 0.015 0.017 0.009 0.104 0.39 0.018 0.045 0.128 0.01 0.019 0.023 0.006 0.044 0.063
171 A 0.272 0.023 0.025 0.025 0.093 0.019 0.029 0.046 0.011 0.026 0.036 0.031 0.011 0.014 0.019 0.224 0.042 0.004 0.012 0.038
172 I 0.033 0.014 0.01 0.012 0.011 0.01 0.013 0.015 0.007 0.322 0.233 0.017 0.027 0.034 0.01 0.018 0.026 0.005 0.036 0.146
173 K 0.038 0.089 0.024 0.024 0.008 0.063 0.038 0.026 0.036 0.051 0.063 0.233 0.013 0.018 0.069 0.034 0.065 0.004 0.035 0.07
174 P 0.053 0.018 0.016 0.018 0.007 0.014 0.022 0.023 0.036 0.027 0.061 0.024 0.011 0.119 0.359 0.027 0.023 0.007 0.106 0.028
175 L 0.032 0.017 0.034 0.014 0.011 0.012 0.016 0.017 0.03 0.214 0.332 0.019 0.028 0.032 0.011 0.021 0.044 0.004 0.016 0.098
176 A 0.178 0.044 0.021 0.02 0.01 0.036 0.027 0.06 0.037 0.05 0.051 0.031 0.047 0.053 0.042 0.075 0.067 0.007 0.102 0.042
177 E 0.055 0.031 0.064 0.188 0.006 0.034 0.314 0.029 0.016 0.017 0.025 0.063 0.009 0.011 0.017 0.04 0.045 0.003 0.01 0.022
178 G 0.04 0.203 0.07 0.027 0.006 0.026 0.032 0.24 0.036 0.016 0.026 0.149 0.009 0.012 0.014 0.035 0.024 0.004 0.011 0.02
179 N 0.033 0.098 0.199 0.132 0.006 0.047 0.065 0.034 0.017 0.017 0.025 0.189 0.009 0.011 0.016 0.04 0.029 0.003 0.011 0.02
180 K 0.032 0.169 0.042 0.021 0.007 0.025 0.032 0.024 0.014 0.065 0.076 0.197 0.014 0.068 0.013 0.028 0.024 0.073 0.042 0.034
181 K 0.035 0.127 0.023 0.022 0.007 0.026 0.035 0.025 0.014 0.028 0.084 0.257 0.014 0.113 0.014 0.047 0.025 0.033 0.043 0.029
182 K 0.065 0.154 0.023 0.022 0.007 0.028 0.035 0.026 0.025 0.081 0.098 0.251 0.015 0.02 0.015 0.032 0.026 0.005 0.035 0.04
183 F 0.15 0.017 0.015 0.015 0.036 0.012 0.019 0.028 0.015 0.036 0.058 0.021 0.015 0.266 0.012 0.033 0.061 0.01 0.141 0.04
184 L 0.092 0.017 0.013 0.013 0.011 0.012 0.017 0.022 0.009 0.08 0.302 0.02 0.041 0.145 0.011 0.027 0.062 0.006 0.024 0.076
185 L 0.061 0.016 0.01 0.011 0.011 0.011 0.015 0.017 0.007 0.127 0.421 0.018 0.03 0.08 0.01 0.02 0.024 0.005 0.019 0.087
186 L 0.05 0.016 0.012 0.012 0.076 0.011 0.015 0.018 0.011 0.074 0.246 0.017 0.056 0.191 0.01 0.021 0.022 0.008 0.081 0.053
187 I 0.127 0.016 0.013 0.014 0.012 0.013 0.018 0.024 0.009 0.193 0.106 0.021 0.054 0.052 0.012 0.036 0.029 0.032 0.039 0.181
188 L 0.074 0.017 0.014 0.014 0.011 0.012 0.016 0.047 0.008 0.129 0.304 0.02 0.042 0.105 0.011 0.042 0.044 0.005 0.02 0.065
189 L 0.068 0.016 0.012 0.013 0.078 0.011 0.015 0.046 0.007 0.144 0.262 0.019 0.024 0.028 0.011 0.024 0.046 0.004 0.013 0.159
190 A 0.394 0.02 0.02 0.021 0.013 0.016 0.025 0.213 0.01 0.025 0.035 0.029 0.011 0.014 0.018 0.052 0.031 0.004 0.011 0.039
191 V 0.055 0.019 0.019 0.018 0.012 0.014 0.021 0.024 0.009 0.147 0.098 0.023 0.053 0.081 0.014 0.103 0.113 0.005 0.018 0.154
192 F 0.054 0.015 0.012 0.013 0.09 0.011 0.015 0.02 0.009 0.077 0.209 0.017 0.038 0.212 0.01 0.04 0.025 0.007 0.029 0.098
193 F 0.024 0.013 0.012 0.012 0.007 0.007 0.013 0.017 0.011 0.062 0.08 0.013 0.018 0.557 0.007 0.017 0.018 0.011 0.059 0.041
194 H 0.029 0.031 0.037 0.026 0.005 0.026 0.037 0.026 0.558 0.016 0.026 0.031 0.01 0.021 0.013 0.029 0.018 0.005 0.039 0.016
195 Y 0.031 0.019 0.015 0.013 0.008 0.014 0.019 0.018 0.026 0.072 0.097 0.021 0.016 0.074 0.011 0.039 0.022 0.015 0.403 0.066
196 S 0.072 0.027 0.036 0.033 0.012 0.022 0.035 0.043 0.013 0.022 0.031 0.036 0.011 0.015 0.02 0.415 0.11 0.004 0.012 0.031
197 A 0.348 0.023 0.024 0.025 0.014 0.019 0.03 0.076 0.011 0.026 0.036 0.032 0.011 0.014 0.02 0.193 0.041 0.004 0.012 0.04
198 L 0.074 0.016 0.012 0.013 0.011 0.011 0.015 0.045 0.007 0.204 0.32 0.019 0.027 0.031 0.011 0.023 0.045 0.004 0.014 0.097
199 L 0.096 0.016 0.012 0.013 0.012 0.012 0.016 0.021 0.007 0.192 0.229 0.019 0.024 0.051 0.012 0.025 0.047 0.004 0.016 0.176
200 L 0.031 0.015 0.01 0.011 0.011 0.011 0.014 0.015 0.009 0.199 0.375 0.017 0.029 0.039 0.01 0.017 0.024 0.006 0.058 0.097
201 L 0.03 0.016 0.01 0.011 0.011 0.01 0.014 0.015 0.008 0.11 0.432 0.017 0.03 0.127 0.009 0.017 0.023 0.006 0.023 0.084
202 P 0.059 0.018 0.016 0.021 0.034 0.014 0.024 0.026 0.009 0.022 0.05 0.027 0.009 0.011 0.547 0.032 0.044 0.002 0.009 0.026
203 L 0.032 0.016 0.012 0.012 0.011 0.011 0.015 0.016 0.008 0.133 0.39 0.018 0.029 0.102 0.01 0.021 0.061 0.005 0.021 0.078
204 L 0.071 0.016 0.011 0.012 0.036 0.012 0.016 0.02 0.01 0.084 0.221 0.018 0.038 0.038 0.01 0.022 0.024 0.168 0.066 0.107
205 F 0.028 0.015 0.011 0.011 0.009 0.009 0.014 0.016 0.01 0.06 0.237 0.015 0.023 0.338 0.009 0.018 0.021 0.009 0.062 0.085
206 L 0.03 0.016 0.01 0.011 0.01 0.01 0.014 0.015 0.008 0.109 0.421 0.016 0.03 0.138 0.009 0.017 0.023 0.006 0.024 0.083
207 G 0.045 0.029 0.147 0.121 0.007 0.021 0.035 0.234 0.014 0.016 0.023 0.09 0.008 0.012 0.042 0.096 0.03 0.003 0.009 0.02
208 N 0.041 0.029 0.311 0.043 0.061 0.031 0.032 0.066 0.017 0.019 0.026 0.054 0.009 0.013 0.042 0.114 0.054 0.003 0.011 0.023
209 K 0.037 0.077 0.114 0.058 0.006 0.032 0.064 0.032 0.061 0.018 0.027 0.312 0.01 0.012 0.017 0.055 0.028 0.004 0.014 0.021
210 P 0.041 0.071 0.045 0.065 0.007 0.023 0.103 0.028 0.012 0.058 0.033 0.077 0.01 0.012 0.255 0.086 0.029 0.003 0.011 0.03
211 L 0.032 0.086 0.036 0.016 0.01 0.016 0.02 0.019 0.01 0.138 0.262 0.047 0.049 0.097 0.011 0.04 0.025 0.005 0.02 0.062
212 N 0.094 0.031 0.243 0.042 0.01 0.023 0.033 0.077 0.016 0.023 0.031 0.06 0.01 0.014 0.017 0.097 0.131 0.004 0.012 0.031
213 K 0.039 0.116 0.023 0.045 0.009 0.033 0.033 0.052 0.012 0.062 0.13 0.169 0.052 0.019 0.015 0.049 0.047 0.004 0.013 0.079
214 K 0.036 0.165 0.026 0.025 0.006 0.069 0.042 0.027 0.014 0.022 0.055 0.29 0.012 0.015 0.016 0.034 0.045 0.06 0.015 0.025
215 W 0.068 0.06 0.054 0.028 0.008 0.074 0.07 0.051 0.016 0.03 0.041 0.038 0.013 0.028 0.014 0.062 0.063 0.171 0.055 0.058
216 K 0.04 0.14 0.042 0.027 0.008 0.073 0.043 0.028 0.016 0.054 0.08 0.208 0.015 0.021 0.017 0.049 0.055 0.005 0.044 0.037
217 I 0.039 0.016 0.014 0.014 0.012 0.012 0.017 0.019 0.011 0.244 0.153 0.02 0.024 0.072 0.012 0.045 0.03 0.007 0.079 0.161
218 I 0.073 0.037 0.012 0.013 0.024 0.012 0.016 0.019 0.008 0.201 0.197 0.02 0.031 0.075 0.011 0.022 0.026 0.045 0.02 0.137
219 L 0.028 0.017 0.011 0.011 0.009 0.012 0.016 0.017 0.013 0.072 0.284 0.018 0.048 0.071 0.009 0.018 0.021 0.143 0.132 0.05
220 L 0.154 0.018 0.015 0.016 0.01 0.013 0.019 0.081 0.013 0.079 0.166 0.022 0.018 0.099 0.013 0.048 0.026 0.034 0.106 0.049
221 L 0.059 0.017 0.015 0.015 0.037 0.013 0.018 0.035 0.009 0.115 0.236 0.02 0.048 0.108 0.012 0.086 0.029 0.005 0.021 0.101
222 L 0.084 0.018 0.015 0.015 0.012 0.013 0.018 0.023 0.008 0.154 0.322 0.021 0.026 0.03 0.013 0.091 0.031 0.004 0.014 0.088
223 I 0.037 0.014 0.012 0.014 0.011 0.011 0.016 0.017 0.007 0.323 0.091 0.019 0.021 0.025 0.144 0.021 0.028 0.004 0.013 0.175
224 P 0.036 0.017 0.015 0.019 0.008 0.013 0.022 0.022 0.009 0.03 0.12 0.025 0.012 0.061 0.492 0.027 0.024 0.003 0.014 0.03
225 L 0.122 0.017 0.013 0.013 0.011 0.012 0.017 0.023 0.008 0.117 0.309 0.02 0.046 0.087 0.012 0.027 0.045 0.005 0.019 0.074
226 G 0.149 0.018 0.024 0.022 0.036 0.014 0.021 0.366 0.01 0.023 0.032 0.025 0.01 0.06 0.015 0.092 0.028 0.004 0.014 0.037
227 Y 0.028 0.018 0.014 0.013 0.007 0.013 0.018 0.017 0.027 0.071 0.057 0.02 0.014 0.146 0.01 0.021 0.02 0.017 0.431 0.04
228 V 0.058 0.015 0.011 0.012 0.038 0.011 0.015 0.017 0.006 0.18 0.232 0.018 0.025 0.034 0.011 0.021 0.029 0.004 0.015 0.247
229 I 0.077 0.015 0.013 0.014 0.038 0.011 0.016 0.021 0.007 0.229 0.169 0.019 0.031 0.073 0.012 0.043 0.047 0.005 0.018 0.142
230 Y 0.054 0.02 0.039 0.018 0.008 0.015 0.022 0.024 0.044 0.03 0.066 0.024 0.013 0.113 0.038 0.079 0.025 0.066 0.271 0.032
231 F 0.051 0.037 0.014 0.014 0.009 0.011 0.017 0.021 0.011 0.1 0.093 0.02 0.018 0.327 0.037 0.041 0.042 0.009 0.061 0.067
232 L 0.062 0.019 0.018 0.018 0.011 0.014 0.02 0.05 0.008 0.112 0.273 0.023 0.032 0.027 0.014 0.093 0.106 0.004 0.014 0.08
233 G 0.045 0.067 0.09 0.027 0.008 0.019 0.025 0.348 0.057 0.02 0.051 0.051 0.027 0.014 0.014 0.054 0.044 0.004 0.012 0.023
234 I 0.054 0.015 0.013 0.014 0.011 0.011 0.015 0.045 0.008 0.279 0.167 0.018 0.048 0.086 0.011 0.023 0.054 0.005 0.019 0.105
235 D 0.042 0.028 0.193 0.202 0.007 0.023 0.062 0.078 0.016 0.017 0.024 0.054 0.008 0.012 0.016 0.13 0.053 0.003 0.01 0.022
236 L 0.056 0.023 0.018 0.021 0.015 0.017 0.026 0.027 0.01 0.099 0.184 0.03 0.03 0.034 0.179 0.033 0.039 0.005 0.018 0.137
237 I 0.066 0.025 0.027 0.027 0.016 0.019 0.029 0.035 0.012 0.202 0.123 0.033 0.029 0.036 0.019 0.096 0.053 0.006 0.019 0.129
238 D 0.073 0.034 0.054 0.165 0.014 0.029 0.06 0.051 0.017 0.034 0.044 0.047 0.015 0.019 0.026 0.127 0.126 0.005 0.015 0.045
239 L 0.032 0.015 0.012 0.012 0.01 0.011 0.015 0.017 0.008 0.191 0.241 0.018 0.041 0.123 0.037 0.02 0.043 0.033 0.023 0.1
240 L 0.038 0.018 0.013 0.014 0.012 0.013 0.017 0.018 0.009 0.12 0.362 0.02 0.03 0.037 0.012 0.042 0.049 0.006 0.04 0.131
241 G 0.079 0.023 0.04 0.034 0.011 0.019 0.026 0.503 0.014 0.019 0.029 0.034 0.01 0.016 0.019 0.052 0.03 0.005 0.011 0.025
242 F 0.034 0.019 0.017 0.017 0.011 0.011 0.019 0.026 0.017 0.064 0.116 0.019 0.026 0.378 0.011 0.026 0.026 0.017 0.09 0.056
243 L 0.045 0.025 0.014 0.015 0.016 0.016 0.021 0.022 0.01 0.117 0.366 0.026 0.05 0.056 0.014 0.025 0.034 0.007 0.023 0.098
244 G 0.085 0.049 0.024 0.024 0.01 0.039 0.048 0.122 0.012 0.034 0.11 0.071 0.048 0.045 0.015 0.107 0.078 0.005 0.036 0.037
245 L 0.058 0.022 0.104 0.047 0.01 0.016 0.024 0.027 0.034 0.116 0.146 0.035 0.035 0.046 0.013 0.059 0.077 0.004 0.016 0.109
246 I 0.035 0.015 0.012 0.014 0.011 0.011 0.015 0.017 0.007 0.293 0.241 0.019 0.026 0.03 0.038 0.039 0.051 0.004 0.014 0.108
247 P 0.041 0.019 0.026 0.064 0.007 0.016 0.029 0.027 0.033 0.018 0.025 0.029 0.007 0.01 0.521 0.067 0.027 0.002 0.01 0.021
248 I 0.031 0.012 0.01 0.012 0.011 0.009 0.012 0.014 0.007 0.445 0.131 0.016 0.025 0.076 0.01 0.017 0.026 0.005 0.018 0.112
249 P 0.039 0.02 0.039 0.028 0.007 0.018 0.087 0.052 0.01 0.017 0.024 0.031 0.007 0.009 0.52 0.032 0.025 0.002 0.009 0.021
250 F 0.056 0.02 0.018 0.017 0.008 0.05 0.023 0.116 0.017 0.035 0.1 0.024 0.024 0.194 0.012 0.062 0.024 0.01 0.156 0.035
251 I 0.052 0.013 0.011 0.012 0.011 0.01 0.013 0.016 0.007 0.392 0.146 0.017 0.025 0.076 0.01 0.019 0.027 0.005 0.018 0.122
252 Q 0.046 0.06 0.03 0.031 0.007 0.278 0.072 0.163 0.017 0.017 0.029 0.051 0.012 0.011 0.016 0.091 0.03 0.004 0.012 0.023
253 D 0.095 0.025 0.085 0.224 0.008 0.026 0.172 0.033 0.014 0.025 0.051 0.036 0.01 0.013 0.016 0.058 0.048 0.003 0.01 0.046
254 K 0.039 0.093 0.028 0.028 0.006 0.036 0.048 0.029 0.014 0.019 0.03 0.488 0.011 0.011 0.019 0.036 0.027 0.004 0.012 0.022
255 L 0.032 0.015 0.01 0.011 0.011 0.011 0.014 0.015 0.008 0.262 0.312 0.017 0.045 0.036 0.01 0.018 0.025 0.005 0.036 0.107
256 E 0.096 0.03 0.089 0.087 0.008 0.055 0.207 0.031 0.015 0.063 0.08 0.059 0.013 0.016 0.016 0.056 0.029 0.004 0.012 0.036
257 L 0.128 0.018 0.015 0.016 0.012 0.014 0.019 0.025 0.008 0.15 0.154 0.023 0.071 0.031 0.014 0.034 0.105 0.004 0.014 0.142
258 Y 0.028 0.019 0.015 0.013 0.006 0.015 0.019 0.017 0.032 0.03 0.047 0.021 0.013 0.09 0.011 0.021 0.019 0.019 0.533 0.032
259 Q 0.046 0.063 0.047 0.044 0.007 0.245 0.111 0.027 0.017 0.046 0.102 0.089 0.015 0.015 0.015 0.035 0.027 0.004 0.013 0.033
260 E 0.091 0.055 0.059 0.061 0.008 0.083 0.174 0.058 0.015 0.023 0.055 0.077 0.02 0.014 0.017 0.077 0.068 0.004 0.012 0.03
261 L 0.107 0.019 0.012 0.013 0.012 0.014 0.017 0.022 0.008 0.069 0.393 0.021 0.112 0.033 0.012 0.025 0.03 0.005 0.015 0.062
262 Q 0.059 0.107 0.026 0.027 0.008 0.181 0.066 0.027 0.015 0.049 0.049 0.127 0.056 0.015 0.016 0.054 0.048 0.004 0.013 0.053
263 E 0.075 0.056 0.031 0.162 0.006 0.053 0.304 0.029 0.016 0.017 0.026 0.085 0.009 0.011 0.017 0.039 0.026 0.004 0.011 0.023
264 K 0.043 0.041 0.025 0.027 0.008 0.082 0.069 0.027 0.016 0.06 0.082 0.168 0.05 0.027 0.016 0.106 0.031 0.006 0.081 0.038
265 G 0.055 0.018 0.05 0.026 0.008 0.015 0.021 0.528 0.01 0.015 0.022 0.026 0.007 0.012 0.014 0.093 0.046 0.004 0.008 0.02
266 D 0.035 0.024 0.048 0.193 0.009 0.019 0.056 0.025 0.012 0.104 0.1 0.067 0.033 0.022 0.014 0.031 0.057 0.004 0.034 0.113
267 M 0.11 0.027 0.022 0.026 0.011 0.057 0.069 0.085 0.013 0.064 0.085 0.035 0.17 0.024 0.016 0.082 0.033 0.005 0.015 0.052
268 G 0.097 0.035 0.073 0.036 0.012 0.025 0.053 0.204 0.015 0.054 0.054 0.075 0.015 0.02 0.019 0.048 0.037 0.005 0.014 0.109
269 F 0.086 0.019 0.021 0.02 0.01 0.015 0.022 0.118 0.037 0.075 0.057 0.024 0.033 0.155 0.013 0.092 0.07 0.037 0.051 0.043
270 D 0.04 0.023 0.053 0.218 0.009 0.023 0.119 0.028 0.012 0.047 0.04 0.032 0.012 0.015 0.016 0.058 0.133 0.003 0.011 0.108
271 E 0.099 0.031 0.052 0.134 0.007 0.048 0.221 0.046 0.037 0.02 0.039 0.06 0.01 0.013 0.017 0.076 0.048 0.004 0.012 0.026
272 I 0.055 0.014 0.011 0.012 0.012 0.01 0.014 0.016 0.006 0.381 0.127 0.017 0.041 0.029 0.011 0.02 0.028 0.004 0.014 0.176
273 N 0.031 0.03 0.45 0.1 0.006 0.024 0.056 0.043 0.02 0.016 0.022 0.037 0.008 0.012 0.014 0.064 0.034 0.003 0.011 0.019
274 V 0.041 0.018 0.012 0.013 0.012 0.012 0.017 0.017 0.006 0.179 0.191 0.038 0.024 0.027 0.011 0.022 0.049 0.004 0.014 0.292
275 F 0.025 0.013 0.012 0.012 0.008 0.008 0.013 0.017 0.012 0.084 0.086 0.014 0.018 0.485 0.008 0.018 0.019 0.011 0.074 0.064
276 N 0.035 0.028 0.408 0.096 0.007 0.022 0.035 0.095 0.019 0.016 0.022 0.035 0.008 0.012 0.014 0.081 0.034 0.003 0.01 0.019
277 L 0.066 0.017 0.014 0.015 0.01 0.013 0.019 0.022 0.009 0.106 0.196 0.022 0.02 0.051 0.145 0.043 0.045 0.059 0.039 0.09
278 L 0.058 0.017 0.012 0.012 0.012 0.012 0.016 0.018 0.008 0.084 0.247 0.019 0.058 0.054 0.038 0.022 0.028 0.005 0.038 0.241
279 F 0.071 0.019 0.018 0.016 0.008 0.014 0.021 0.024 0.084 0.038 0.079 0.021 0.015 0.268 0.011 0.061 0.023 0.01 0.144 0.054
280 L 0.03 0.016 0.01 0.011 0.011 0.011 0.014 0.015 0.007 0.133 0.451 0.017 0.048 0.082 0.01 0.017 0.023 0.005 0.019 0.071
281 V 0.069 0.016 0.013 0.014 0.038 0.012 0.017 0.021 0.008 0.075 0.181 0.019 0.038 0.142 0.011 0.05 0.029 0.006 0.024 0.218
282 K 0.04 0.244 0.05 0.028 0.006 0.051 0.042 0.029 0.015 0.018 0.03 0.25 0.011 0.012 0.017 0.089 0.03 0.004 0.012 0.023
283 I 0.035 0.015 0.032 0.013 0.064 0.011 0.014 0.017 0.007 0.254 0.234 0.017 0.025 0.029 0.01 0.02 0.027 0.004 0.014 0.157
284 L 0.104 0.016 0.013 0.014 0.011 0.012 0.016 0.049 0.008 0.155 0.178 0.019 0.064 0.12 0.011 0.025 0.027 0.005 0.022 0.131
285 I 0.034 0.015 0.012 0.013 0.011 0.011 0.015 0.016 0.007 0.285 0.222 0.018 0.059 0.054 0.011 0.022 0.064 0.005 0.016 0.109
286 F 0.049 0.016 0.014 0.013 0.088 0.011 0.016 0.02 0.018 0.055 0.061 0.018 0.015 0.261 0.01 0.024 0.04 0.012 0.22 0.04
287 Y 0.027 0.018 0.014 0.012 0.007 0.014 0.018 0.017 0.027 0.035 0.084 0.02 0.015 0.158 0.01 0.02 0.019 0.017 0.432 0.035
288 F 0.03 0.016 0.013 0.012 0.008 0.011 0.016 0.044 0.016 0.069 0.133 0.017 0.035 0.253 0.009 0.02 0.021 0.011 0.183 0.082
289 L 0.032 0.017 0.012 0.012 0.011 0.012 0.015 0.016 0.007 0.144 0.413 0.018 0.046 0.057 0.01 0.021 0.062 0.005 0.017 0.072
290 L 0.03 0.016 0.01 0.011 0.011 0.011 0.014 0.015 0.007 0.129 0.479 0.017 0.032 0.076 0.01 0.017 0.023 0.005 0.018 0.071
291 W 0.026 0.019 0.034 0.014 0.007 0.013 0.018 0.02 0.015 0.089 0.078 0.038 0.032 0.102 0.008 0.02 0.02 0.278 0.13 0.041
292 K 0.053 0.066 0.064 0.024 0.007 0.025 0.034 0.027 0.015 0.031 0.053 0.246 0.064 0.136 0.015 0.032 0.026 0.006 0.044 0.032
293 Y 0.073 0.066 0.018 0.016 0.061 0.022 0.024 0.023 0.059 0.051 0.068 0.048 0.014 0.049 0.012 0.045 0.024 0.037 0.232 0.055
294 D 0.036 0.035 0.066 0.236 0.006 0.047 0.168 0.057 0.015 0.016 0.024 0.117 0.008 0.011 0.043 0.055 0.027 0.003 0.01 0.02
295 T 0.061 0.026 0.043 0.023 0.01 0.019 0.045 0.026 0.012 0.056 0.146 0.066 0.017 0.05 0.015 0.062 0.175 0.006 0.058 0.083
296 I 0.033 0.013 0.01 0.012 0.011 0.009 0.013 0.014 0.006 0.405 0.169 0.016 0.026 0.054 0.01 0.017 0.027 0.004 0.016 0.134
297 A 0.164 0.074 0.025 0.026 0.01 0.041 0.053 0.062 0.013 0.055 0.051 0.096 0.013 0.018 0.018 0.118 0.085 0.004 0.034 0.04
298 K 0.129 0.085 0.027 0.076 0.008 0.045 0.104 0.059 0.036 0.024 0.033 0.138 0.011 0.014 0.044 0.066 0.029 0.004 0.023 0.046
299 H 0.032 0.057 0.077 0.027 0.006 0.025 0.062 0.025 0.142 0.028 0.06 0.13 0.013 0.077 0.014 0.03 0.023 0.008 0.12 0.045
300 N 0.053 0.026 0.344 0.042 0.034 0.019 0.028 0.037 0.019 0.041 0.057 0.031 0.011 0.045 0.013 0.058 0.032 0.005 0.057 0.048
301 K 0.039 0.138 0.045 0.033 0.007 0.027 0.056 0.027 0.013 0.04 0.054 0.199 0.011 0.013 0.162 0.064 0.028 0.003 0.011 0.028
302 Y 0.029 0.022 0.071 0.031 0.033 0.034 0.024 0.021 0.05 0.028 0.043 0.025 0.012 0.091 0.011 0.026 0.021 0.015 0.384 0.03
303 F 0.106 0.017 0.013 0.014 0.01 0.012 0.017 0.023 0.012 0.088 0.159 0.019 0.054 0.228 0.011 0.039 0.025 0.008 0.074 0.071
304 P 0.044 0.02 0.041 0.023 0.009 0.016 0.025 0.027 0.011 0.069 0.042 0.028 0.011 0.02 0.308 0.095 0.078 0.004 0.054 0.074
305 L 0.033 0.015 0.01 0.011 0.011 0.01 0.014 0.015 0.006 0.224 0.359 0.017 0.03 0.033 0.01 0.018 0.026 0.004 0.015 0.138
306 L 0.032 0.017 0.011 0.011 0.011 0.012 0.015 0.015 0.008 0.112 0.416 0.018 0.072 0.06 0.01 0.018 0.024 0.006 0.039 0.095
307 L 0.033 0.016 0.011 0.012 0.011 0.011 0.014 0.015 0.007 0.21 0.378 0.018 0.038 0.034 0.01 0.019 0.044 0.005 0.015 0.1
308 K 0.039 0.072 0.049 0.03 0.006 0.036 0.048 0.03 0.014 0.019 0.029 0.486 0.01 0.011 0.019 0.037 0.027 0.004 0.012 0.022
309 I 0.035 0.014 0.011 0.013 0.011 0.011 0.014 0.016 0.007 0.379 0.13 0.018 0.058 0.029 0.011 0.02 0.047 0.004 0.014 0.158
310 Y 0.033 0.021 0.017 0.022 0.008 0.019 0.102 0.02 0.022 0.039 0.081 0.026 0.065 0.123 0.012 0.042 0.023 0.012 0.257 0.056
311 G 0.182 0.016 0.018 0.018 0.104 0.013 0.019 0.191 0.008 0.127 0.053 0.023 0.014 0.017 0.015 0.047 0.047 0.004 0.011 0.072
312 L 0.032 0.015 0.011 0.012 0.01 0.011 0.014 0.015 0.011 0.229 0.251 0.018 0.025 0.065 0.01 0.019 0.034 0.007 0.103 0.106
313 S 0.172 0.024 0.031 0.029 0.012 0.02 0.031 0.15 0.012 0.021 0.03 0.033 0.01 0.014 0.019 0.301 0.045 0.004 0.011 0.031
314 L 0.034 0.016 0.012 0.012 0.011 0.011 0.015 0.016 0.007 0.18 0.413 0.018 0.03 0.034 0.011 0.037 0.045 0.005 0.015 0.077
315 F 0.117 0.016 0.015 0.015 0.09 0.012 0.018 0.026 0.009 0.077 0.108 0.02 0.026 0.19 0.012 0.065 0.047 0.006 0.027 0.1
316 L 0.126 0.019 0.019 0.018 0.065 0.015 0.022 0.03 0.009 0.064 0.183 0.024 0.019 0.046 0.015 0.13 0.053 0.004 0.015 0.123
317 F 0.026 0.017 0.014 0.013 0.007 0.011 0.016 0.017 0.041 0.042 0.109 0.017 0.034 0.325 0.009 0.019 0.019 0.013 0.212 0.038
318 L 0.101 0.019 0.017 0.018 0.011 0.014 0.021 0.026 0.008 0.124 0.167 0.024 0.027 0.022 0.121 0.069 0.096 0.004 0.013 0.096
319 A 0.172 0.018 0.017 0.018 0.012 0.014 0.021 0.11 0.009 0.081 0.155 0.024 0.035 0.045 0.014 0.078 0.031 0.004 0.015 0.125
320 L 0.028 0.015 0.011 0.011 0.009 0.01 0.014 0.016 0.009 0.063 0.343 0.016 0.043 0.269 0.009 0.017 0.021 0.008 0.035 0.054
