#Seq2Logo.py -f /work3/idamei/ssn-clusterings/clustering/2205111339/clusters/0007_354/sequences.afa -o /work3/idamei/ssn-clusterings/clustering/2205111339/clusters/0007_354/sequences.logo
#Position Specific Frequency Matrix
A R N D C Q E G H I L K M F P S T W Y V
0 L 0.052 0.032 0.02 0.02 0.016 0.028 0.028 0.028 0.016 0.099 0.195 0.036 0.17 0.048 0.016 0.036 0.04 0.008 0.024 0.091
1 E 0.085 0.044 0.048 0.066 0.013 0.046 0.16 0.052 0.022 0.026 0.039 0.063 0.014 0.019 0.028 0.154 0.062 0.005 0.017 0.037
2 F 0.036 0.025 0.023 0.02 0.01 0.018 0.026 0.027 0.074 0.051 0.089 0.026 0.022 0.266 0.013 0.029 0.026 0.019 0.151 0.048
3 F 0.042 0.021 0.016 0.016 0.013 0.013 0.02 0.024 0.014 0.092 0.192 0.022 0.033 0.245 0.012 0.026 0.031 0.012 0.059 0.098
4 I 0.046 0.161 0.025 0.023 0.012 0.028 0.032 0.026 0.015 0.169 0.115 0.064 0.027 0.032 0.017 0.033 0.037 0.006 0.019 0.113
5 S 0.097 0.035 0.047 0.044 0.015 0.029 0.046 0.126 0.017 0.027 0.039 0.049 0.014 0.019 0.095 0.177 0.067 0.005 0.016 0.037
6 G 0.058 0.211 0.038 0.032 0.009 0.035 0.04 0.24 0.019 0.021 0.038 0.082 0.013 0.017 0.019 0.047 0.032 0.006 0.014 0.028
7 G 0.062 0.032 0.161 0.054 0.01 0.025 0.035 0.322 0.021 0.02 0.029 0.042 0.01 0.017 0.019 0.059 0.038 0.005 0.013 0.025
8 L 0.045 0.021 0.014 0.016 0.016 0.015 0.019 0.021 0.009 0.185 0.29 0.024 0.044 0.05 0.014 0.024 0.036 0.007 0.021 0.129
9 S 0.109 0.04 0.054 0.049 0.017 0.033 0.052 0.066 0.019 0.03 0.042 0.054 0.016 0.021 0.03 0.225 0.081 0.005 0.017 0.042
10 Y 0.04 0.028 0.022 0.019 0.009 0.022 0.028 0.025 0.046 0.043 0.068 0.031 0.019 0.13 0.016 0.031 0.028 0.028 0.322 0.046
11 K 0.125 0.084 0.037 0.038 0.012 0.045 0.061 0.053 0.019 0.032 0.047 0.217 0.016 0.017 0.028 0.062 0.042 0.005 0.017 0.043
12 R 0.044 0.352 0.038 0.031 0.008 0.048 0.052 0.033 0.023 0.023 0.046 0.119 0.015 0.017 0.019 0.044 0.035 0.006 0.017 0.031
13 F 0.042 0.023 0.018 0.018 0.013 0.017 0.022 0.025 0.015 0.103 0.15 0.026 0.081 0.221 0.013 0.029 0.032 0.012 0.055 0.083
14 F 0.033 0.019 0.017 0.017 0.01 0.01 0.019 0.025 0.017 0.063 0.113 0.019 0.025 0.394 0.01 0.025 0.025 0.017 0.088 0.054
15 A 0.29 0.031 0.026 0.03 0.022 0.026 0.04 0.078 0.015 0.043 0.059 0.045 0.018 0.022 0.03 0.085 0.05 0.005 0.018 0.069
16 W 0.03 0.023 0.015 0.015 0.008 0.015 0.023 0.03 0.015 0.03 0.053 0.023 0.015 0.061 0.008 0.023 0.023 0.492 0.068 0.03
17 D 0.041 0.03 0.069 0.397 0.008 0.03 0.091 0.047 0.019 0.022 0.028 0.045 0.009 0.015 0.022 0.052 0.035 0.004 0.011 0.024
18 A 0.29 0.031 0.026 0.03 0.022 0.026 0.04 0.078 0.015 0.043 0.059 0.045 0.018 0.022 0.03 0.085 0.05 0.005 0.018 0.069
19 W 0.03 0.023 0.015 0.015 0.008 0.015 0.023 0.03 0.015 0.03 0.053 0.023 0.015 0.061 0.008 0.023 0.023 0.492 0.068 0.03
20 L 0.045 0.024 0.014 0.015 0.016 0.016 0.02 0.021 0.01 0.115 0.375 0.025 0.05 0.055 0.014 0.024 0.033 0.007 0.022 0.096
21 A 0.184 0.026 0.021 0.023 0.02 0.021 0.032 0.051 0.011 0.103 0.094 0.035 0.024 0.028 0.023 0.058 0.049 0.005 0.019 0.173
22 C 0.054 0.019 0.015 0.016 0.253 0.014 0.018 0.026 0.009 0.1 0.197 0.022 0.031 0.036 0.015 0.032 0.035 0.005 0.017 0.086
23 L 0.039 0.021 0.015 0.016 0.013 0.013 0.019 0.023 0.013 0.088 0.248 0.022 0.037 0.224 0.012 0.025 0.029 0.012 0.055 0.075
24 W 0.032 0.021 0.016 0.016 0.009 0.013 0.021 0.028 0.016 0.046 0.083 0.021 0.02 0.227 0.009 0.024 0.024 0.258 0.078 0.042
25 V 0.069 0.022 0.016 0.018 0.019 0.016 0.023 0.024 0.008 0.163 0.129 0.026 0.031 0.035 0.016 0.032 0.049 0.005 0.02 0.278
26 L 0.143 0.028 0.022 0.023 0.018 0.021 0.03 0.045 0.012 0.08 0.222 0.035 0.033 0.038 0.021 0.055 0.067 0.006 0.02 0.082
27 I 0.084 0.02 0.016 0.019 0.017 0.015 0.022 0.028 0.009 0.221 0.143 0.027 0.033 0.039 0.017 0.034 0.043 0.006 0.02 0.187
28 Y 0.04 0.028 0.022 0.018 0.009 0.022 0.028 0.025 0.046 0.043 0.068 0.031 0.018 0.129 0.015 0.031 0.028 0.028 0.326 0.046
29 L 0.057 0.023 0.015 0.016 0.017 0.016 0.021 0.023 0.009 0.138 0.256 0.025 0.04 0.045 0.015 0.028 0.041 0.006 0.021 0.186
30 T 0.065 0.027 0.029 0.027 0.018 0.021 0.03 0.033 0.011 0.137 0.106 0.035 0.027 0.031 0.021 0.06 0.15 0.006 0.019 0.148
31 L 0.081 0.026 0.017 0.018 0.017 0.02 0.025 0.03 0.012 0.107 0.264 0.03 0.073 0.046 0.017 0.035 0.039 0.007 0.022 0.114
32 L 0.039 0.021 0.015 0.016 0.013 0.013 0.019 0.023 0.013 0.088 0.248 0.022 0.037 0.224 0.012 0.025 0.029 0.012 0.055 0.075
33 Y 0.055 0.025 0.019 0.018 0.014 0.019 0.025 0.024 0.027 0.103 0.098 0.028 0.025 0.082 0.016 0.032 0.038 0.017 0.173 0.162
34 D 0.04 0.029 0.045 0.212 0.008 0.026 0.059 0.035 0.032 0.033 0.048 0.038 0.014 0.072 0.019 0.041 0.031 0.016 0.169 0.035
35 I 0.049 0.018 0.015 0.017 0.016 0.014 0.018 0.021 0.009 0.265 0.161 0.024 0.036 0.043 0.015 0.026 0.04 0.006 0.02 0.187
36 Y 0.04 0.028 0.022 0.018 0.009 0.022 0.028 0.025 0.046 0.043 0.068 0.031 0.018 0.129 0.015 0.031 0.028 0.028 0.326 0.046
37 I 0.049 0.018 0.015 0.017 0.016 0.014 0.018 0.021 0.009 0.265 0.161 0.024 0.036 0.043 0.015 0.026 0.04 0.006 0.02 0.187
38 D 0.049 0.049 0.051 0.201 0.007 0.05 0.195 0.04 0.022 0.023 0.034 0.09 0.012 0.016 0.024 0.053 0.036 0.005 0.014 0.029
39 W 0.043 0.064 0.028 0.028 0.008 0.034 0.046 0.036 0.018 0.029 0.048 0.155 0.015 0.038 0.017 0.038 0.031 0.252 0.042 0.031
40 L 0.171 0.027 0.02 0.022 0.019 0.021 0.03 0.049 0.012 0.078 0.221 0.034 0.033 0.038 0.022 0.054 0.041 0.006 0.02 0.081
41 S 0.1 0.039 0.051 0.046 0.017 0.032 0.049 0.06 0.018 0.035 0.047 0.052 0.017 0.021 0.029 0.192 0.124 0.005 0.017 0.049
42 R 0.058 0.187 0.03 0.026 0.012 0.032 0.038 0.09 0.016 0.075 0.075 0.073 0.021 0.024 0.018 0.041 0.039 0.006 0.018 0.123
43 R 0.06 0.198 0.08 0.042 0.01 0.041 0.051 0.045 0.066 0.024 0.042 0.085 0.015 0.02 0.022 0.093 0.047 0.006 0.022 0.032
44 W 0.032 0.022 0.016 0.016 0.009 0.014 0.022 0.027 0.02 0.044 0.077 0.022 0.019 0.194 0.01 0.024 0.024 0.259 0.107 0.041
45 D 0.048 0.027 0.047 0.215 0.01 0.023 0.059 0.04 0.017 0.045 0.095 0.037 0.019 0.115 0.019 0.064 0.038 0.008 0.032 0.043
46 Y 0.04 0.028 0.022 0.018 0.009 0.022 0.028 0.025 0.046 0.043 0.068 0.031 0.018 0.129 0.015 0.031 0.028 0.028 0.326 0.046
47 L 0.044 0.023 0.014 0.015 0.016 0.016 0.02 0.021 0.01 0.135 0.356 0.025 0.047 0.053 0.014 0.024 0.034 0.007 0.022 0.105
48 G 0.077 0.023 0.039 0.033 0.011 0.019 0.025 0.516 0.013 0.019 0.028 0.033 0.009 0.016 0.019 0.051 0.029 0.005 0.011 0.024
49 F 0.033 0.019 0.017 0.017 0.01 0.01 0.019 0.025 0.017 0.063 0.113 0.019 0.025 0.394 0.01 0.025 0.025 0.017 0.088 0.054
50 P 0.071 0.03 0.033 0.036 0.013 0.024 0.04 0.044 0.014 0.03 0.041 0.044 0.013 0.016 0.323 0.096 0.075 0.004 0.014 0.038
51 L 0.042 0.026 0.018 0.017 0.013 0.019 0.024 0.023 0.028 0.079 0.225 0.028 0.034 0.092 0.015 0.027 0.03 0.017 0.174 0.071
52 G 0.073 0.022 0.027 0.025 0.015 0.017 0.024 0.27 0.011 0.091 0.078 0.03 0.02 0.026 0.017 0.042 0.039 0.005 0.016 0.151
53 P 0.048 0.027 0.022 0.025 0.01 0.021 0.032 0.03 0.029 0.034 0.052 0.036 0.014 0.071 0.258 0.037 0.032 0.015 0.169 0.038
54 N 0.075 0.04 0.157 0.106 0.013 0.033 0.055 0.063 0.023 0.026 0.036 0.052 0.013 0.019 0.025 0.147 0.063 0.005 0.016 0.034
55 P 0.117 0.03 0.026 0.038 0.013 0.027 0.07 0.046 0.015 0.029 0.042 0.046 0.012 0.015 0.323 0.055 0.039 0.004 0.014 0.04
56 V 0.064 0.071 0.101 0.039 0.015 0.027 0.037 0.041 0.017 0.093 0.083 0.048 0.022 0.027 0.019 0.068 0.051 0.005 0.018 0.155
57 F 0.037 0.026 0.075 0.17 0.009 0.02 0.049 0.038 0.019 0.042 0.071 0.033 0.017 0.205 0.016 0.04 0.032 0.01 0.05 0.039
58 A 0.29 0.031 0.026 0.03 0.022 0.026 0.04 0.078 0.015 0.043 0.059 0.045 0.018 0.022 0.03 0.085 0.05 0.005 0.018 0.069
59 L 0.053 0.028 0.021 0.021 0.016 0.022 0.026 0.027 0.012 0.117 0.228 0.032 0.082 0.044 0.017 0.04 0.074 0.007 0.022 0.111
60 L 0.06 0.052 0.027 0.027 0.014 0.03 0.04 0.033 0.014 0.09 0.178 0.115 0.03 0.034 0.02 0.053 0.043 0.006 0.02 0.116
61 L 0.041 0.021 0.015 0.016 0.014 0.014 0.019 0.022 0.012 0.125 0.257 0.023 0.039 0.166 0.013 0.024 0.031 0.01 0.044 0.095
62 S 0.144 0.036 0.043 0.04 0.018 0.029 0.044 0.061 0.016 0.04 0.053 0.048 0.017 0.022 0.029 0.147 0.132 0.005 0.017 0.058
63 Y 0.052 0.025 0.019 0.018 0.053 0.019 0.025 0.025 0.03 0.083 0.088 0.028 0.022 0.089 0.016 0.032 0.035 0.018 0.199 0.124
64 C 0.07 0.02 0.019 0.019 0.255 0.016 0.022 0.032 0.009 0.092 0.089 0.025 0.022 0.026 0.017 0.053 0.045 0.005 0.016 0.148
65 L 0.045 0.02 0.014 0.016 0.016 0.014 0.018 0.021 0.009 0.211 0.257 0.024 0.042 0.048 0.014 0.024 0.037 0.006 0.021 0.141
66 I 0.046 0.017 0.015 0.017 0.016 0.013 0.017 0.02 0.009 0.281 0.166 0.023 0.036 0.044 0.015 0.025 0.039 0.006 0.02 0.174
67 A 0.174 0.027 0.022 0.024 0.018 0.02 0.03 0.091 0.013 0.066 0.169 0.035 0.028 0.063 0.022 0.056 0.04 0.007 0.024 0.072
68 L 0.109 0.023 0.017 0.019 0.017 0.017 0.024 0.035 0.011 0.152 0.23 0.029 0.037 0.042 0.018 0.039 0.039 0.006 0.02 0.115
69 F 0.041 0.021 0.019 0.021 0.01 0.014 0.024 0.029 0.015 0.05 0.087 0.026 0.02 0.268 0.174 0.031 0.029 0.012 0.063 0.046
70 A 0.214 0.028 0.022 0.025 0.02 0.022 0.033 0.058 0.013 0.066 0.167 0.038 0.028 0.032 0.024 0.064 0.044 0.006 0.019 0.077
71 F 0.034 0.019 0.016 0.017 0.011 0.011 0.019 0.025 0.016 0.067 0.135 0.019 0.027 0.367 0.011 0.025 0.026 0.016 0.082 0.058
72 L 0.045 0.02 0.014 0.016 0.016 0.014 0.018 0.021 0.009 0.211 0.257 0.024 0.042 0.048 0.014 0.024 0.037 0.006 0.021 0.141
73 L 0.044 0.024 0.014 0.015 0.016 0.016 0.02 0.021 0.01 0.114 0.384 0.025 0.049 0.054 0.014 0.024 0.033 0.007 0.022 0.095
74 P 0.052 0.135 0.028 0.031 0.009 0.03 0.041 0.035 0.016 0.025 0.039 0.067 0.012 0.014 0.34 0.044 0.035 0.004 0.014 0.031
75 I 0.048 0.13 0.023 0.022 0.013 0.025 0.029 0.025 0.013 0.185 0.123 0.055 0.029 0.034 0.016 0.032 0.038 0.006 0.019 0.135
76 S 0.087 0.144 0.048 0.042 0.014 0.038 0.052 0.054 0.02 0.027 0.043 0.075 0.015 0.019 0.026 0.168 0.065 0.005 0.017 0.038
77 I 0.048 0.018 0.015 0.017 0.016 0.013 0.018 0.021 0.009 0.271 0.163 0.023 0.036 0.043 0.015 0.025 0.04 0.006 0.02 0.183
78 T 0.063 0.079 0.042 0.04 0.012 0.096 0.062 0.081 0.02 0.036 0.052 0.085 0.018 0.019 0.024 0.069 0.129 0.006 0.018 0.048
79 R 0.049 0.239 0.04 0.037 0.008 0.107 0.07 0.036 0.025 0.024 0.046 0.123 0.017 0.016 0.021 0.048 0.037 0.006 0.018 0.032
80 Y 0.127 0.029 0.023 0.022 0.013 0.023 0.032 0.042 0.036 0.043 0.065 0.035 0.018 0.093 0.02 0.048 0.035 0.02 0.224 0.053
81 S 0.108 0.04 0.053 0.048 0.017 0.033 0.052 0.065 0.019 0.029 0.041 0.053 0.015 0.021 0.029 0.23 0.081 0.005 0.017 0.041
82 D 0.063 0.033 0.063 0.286 0.011 0.031 0.077 0.052 0.019 0.024 0.032 0.047 0.011 0.017 0.024 0.111 0.05 0.004 0.013 0.03
83 F 0.036 0.022 0.018 0.017 0.01 0.014 0.022 0.025 0.026 0.056 0.098 0.023 0.023 0.306 0.012 0.027 0.026 0.02 0.167 0.052
84 F 0.033 0.019 0.017 0.017 0.01 0.01 0.019 0.025 0.017 0.063 0.113 0.019 0.025 0.395 0.01 0.025 0.025 0.017 0.088 0.054
85 C 0.143 0.021 0.019 0.02 0.334 0.016 0.024 0.047 0.01 0.044 0.062 0.028 0.016 0.02 0.02 0.055 0.04 0.004 0.014 0.06
86 W 0.03 0.022 0.015 0.015 0.007 0.015 0.022 0.03 0.015 0.03 0.052 0.022 0.015 0.06 0.007 0.022 0.022 0.499 0.067 0.03
87 C 0.056 0.026 0.019 0.019 0.174 0.022 0.024 0.029 0.013 0.081 0.151 0.03 0.12 0.038 0.016 0.037 0.038 0.007 0.02 0.079
88 L 0.045 0.022 0.014 0.016 0.016 0.015 0.019 0.021 0.01 0.17 0.311 0.024 0.045 0.051 0.014 0.024 0.035 0.007 0.021 0.121
89 Y 0.04 0.028 0.022 0.018 0.009 0.022 0.028 0.025 0.046 0.043 0.068 0.031 0.018 0.129 0.015 0.031 0.028 0.028 0.327 0.046
90 L 0.04 0.022 0.015 0.016 0.014 0.014 0.02 0.022 0.012 0.097 0.294 0.023 0.041 0.168 0.013 0.024 0.03 0.01 0.044 0.081
91 F 0.06 0.03 0.033 0.03 0.015 0.022 0.032 0.038 0.015 0.058 0.089 0.036 0.034 0.149 0.021 0.076 0.147 0.01 0.041 0.064
92 I 0.075 0.02 0.016 0.018 0.017 0.015 0.021 0.026 0.009 0.222 0.144 0.026 0.033 0.039 0.016 0.032 0.043 0.006 0.02 0.2
93 F 0.036 0.022 0.018 0.017 0.01 0.015 0.022 0.025 0.026 0.06 0.12 0.023 0.025 0.278 0.012 0.027 0.027 0.02 0.162 0.055
94 I 0.054 0.019 0.015 0.017 0.017 0.014 0.019 0.022 0.008 0.241 0.153 0.024 0.035 0.041 0.015 0.027 0.042 0.006 0.02 0.209
95 P 0.056 0.025 0.023 0.031 0.01 0.02 0.036 0.036 0.013 0.025 0.036 0.041 0.01 0.013 0.5 0.043 0.036 0.003 0.013 0.031
96 G 0.095 0.034 0.048 0.042 0.015 0.028 0.042 0.214 0.017 0.028 0.039 0.046 0.014 0.019 0.026 0.159 0.078 0.005 0.015 0.038
97 V 0.063 0.021 0.016 0.017 0.018 0.016 0.022 0.023 0.008 0.178 0.156 0.025 0.034 0.038 0.016 0.03 0.046 0.006 0.02 0.246
98 L 0.044 0.024 0.014 0.015 0.016 0.016 0.02 0.021 0.01 0.114 0.384 0.025 0.049 0.054 0.014 0.024 0.033 0.007 0.022 0.095
99 I 0.042 0.018 0.015 0.017 0.014 0.012 0.018 0.022 0.011 0.208 0.148 0.022 0.033 0.161 0.013 0.025 0.035 0.009 0.043 0.134
100 V 0.065 0.023 0.019 0.022 0.016 0.018 0.027 0.028 0.01 0.117 0.098 0.031 0.024 0.028 0.178 0.036 0.044 0.004 0.018 0.196
101 A 0.143 0.031 0.034 0.033 0.019 0.025 0.039 0.055 0.014 0.077 0.075 0.042 0.021 0.026 0.025 0.128 0.062 0.005 0.018 0.127
102 L 0.047 0.11 0.022 0.021 0.014 0.029 0.031 0.027 0.016 0.085 0.22 0.053 0.092 0.042 0.016 0.034 0.036 0.007 0.022 0.077
103 Q 0.055 0.073 0.044 0.046 0.009 0.225 0.102 0.041 0.029 0.026 0.046 0.09 0.02 0.015 0.023 0.055 0.041 0.006 0.02 0.035
104 G 0.078 0.023 0.039 0.033 0.011 0.019 0.025 0.514 0.013 0.019 0.028 0.033 0.009 0.016 0.019 0.051 0.029 0.005 0.011 0.024
105 Y 0.037 0.026 0.019 0.017 0.009 0.019 0.026 0.026 0.036 0.039 0.062 0.028 0.017 0.106 0.013 0.028 0.026 0.185 0.24 0.041
106 L 0.053 0.027 0.024 0.027 0.016 0.022 0.048 0.027 0.012 0.147 0.202 0.033 0.034 0.04 0.018 0.044 0.091 0.006 0.02 0.11
107 S 0.108 0.04 0.053 0.048 0.017 0.033 0.052 0.065 0.019 0.029 0.041 0.053 0.015 0.021 0.029 0.23 0.081 0.005 0.017 0.041
108 F 0.036 0.022 0.034 0.146 0.009 0.017 0.043 0.032 0.017 0.049 0.084 0.027 0.02 0.268 0.014 0.034 0.028 0.012 0.062 0.044
109 D 0.04 0.029 0.068 0.406 0.007 0.029 0.09 0.046 0.018 0.022 0.028 0.044 0.009 0.015 0.022 0.051 0.035 0.004 0.011 0.024
110 A 0.223 0.028 0.022 0.025 0.021 0.022 0.034 0.06 0.012 0.083 0.082 0.038 0.022 0.026 0.025 0.067 0.049 0.005 0.018 0.138
111 F 0.08 0.029 0.028 0.027 0.015 0.023 0.032 0.04 0.017 0.065 0.117 0.035 0.071 0.155 0.019 0.085 0.046 0.01 0.043 0.064
112 L 0.062 0.056 0.029 0.027 0.014 0.024 0.034 0.039 0.015 0.057 0.159 0.042 0.026 0.041 0.018 0.094 0.046 0.129 0.031 0.055
113 L 0.044 0.024 0.014 0.015 0.016 0.016 0.02 0.021 0.01 0.114 0.384 0.025 0.049 0.054 0.014 0.024 0.033 0.007 0.022 0.095
114 I 0.054 0.021 0.015 0.017 0.017 0.016 0.02 0.022 0.009 0.212 0.174 0.025 0.047 0.042 0.015 0.028 0.042 0.006 0.021 0.196
115 L 0.074 0.028 0.028 0.027 0.017 0.022 0.032 0.037 0.012 0.102 0.185 0.035 0.032 0.037 0.02 0.096 0.054 0.006 0.02 0.138
116 S 0.087 0.034 0.04 0.037 0.017 0.027 0.041 0.051 0.016 0.057 0.156 0.044 0.027 0.032 0.024 0.162 0.065 0.006 0.019 0.059
117 L 0.052 0.023 0.015 0.016 0.017 0.016 0.021 0.022 0.009 0.13 0.299 0.025 0.043 0.048 0.015 0.027 0.038 0.006 0.021 0.156
118 C 0.145 0.027 0.028 0.027 0.177 0.022 0.032 0.051 0.012 0.046 0.062 0.036 0.018 0.022 0.024 0.072 0.114 0.005 0.016 0.065
119 C 0.144 0.023 0.019 0.021 0.177 0.018 0.026 0.045 0.01 0.083 0.084 0.03 0.022 0.026 0.021 0.052 0.045 0.005 0.017 0.134
120 S 0.108 0.04 0.053 0.048 0.017 0.033 0.052 0.065 0.019 0.029 0.041 0.053 0.015 0.021 0.029 0.23 0.081 0.005 0.017 0.041
121 F 0.033 0.019 0.017 0.017 0.01 0.01 0.019 0.025 0.017 0.063 0.113 0.019 0.025 0.395 0.01 0.025 0.025 0.017 0.088 0.054
122 L 0.04 0.022 0.015 0.016 0.014 0.014 0.02 0.022 0.012 0.097 0.294 0.023 0.041 0.168 0.013 0.024 0.03 0.01 0.044 0.081
123 L 0.04 0.022 0.015 0.016 0.014 0.014 0.02 0.022 0.012 0.097 0.294 0.023 0.041 0.168 0.013 0.024 0.03 0.01 0.044 0.081
124 I 0.052 0.018 0.015 0.017 0.017 0.014 0.019 0.021 0.009 0.251 0.156 0.024 0.035 0.042 0.015 0.027 0.042 0.006 0.02 0.2
125 L 0.047 0.021 0.014 0.016 0.016 0.015 0.019 0.021 0.009 0.187 0.272 0.024 0.042 0.048 0.014 0.025 0.037 0.006 0.021 0.143
126 Y 0.04 0.028 0.022 0.019 0.009 0.022 0.028 0.025 0.046 0.043 0.068 0.031 0.019 0.13 0.015 0.031 0.028 0.028 0.324 0.046
127 I 0.047 0.018 0.015 0.018 0.016 0.013 0.018 0.02 0.009 0.277 0.166 0.023 0.036 0.044 0.015 0.025 0.039 0.006 0.02 0.175
128 P 0.056 0.026 0.023 0.031 0.01 0.021 0.036 0.036 0.013 0.026 0.036 0.041 0.01 0.013 0.498 0.044 0.036 0.003 0.013 0.031
129 G 0.062 0.096 0.04 0.038 0.009 0.055 0.056 0.2 0.019 0.024 0.038 0.172 0.014 0.016 0.023 0.052 0.036 0.005 0.015 0.03
130 L 0.046 0.026 0.018 0.018 0.014 0.02 0.024 0.026 0.015 0.093 0.177 0.028 0.101 0.163 0.014 0.031 0.035 0.011 0.045 0.095
131 I 0.046 0.017 0.015 0.017 0.016 0.013 0.017 0.02 0.009 0.281 0.166 0.023 0.036 0.044 0.015 0.025 0.039 0.006 0.02 0.174
132 R 0.044 0.328 0.039 0.031 0.008 0.047 0.052 0.033 0.051 0.023 0.045 0.112 0.015 0.018 0.019 0.044 0.034 0.006 0.02 0.03
133 F 0.058 0.026 0.029 0.027 0.013 0.018 0.03 0.039 0.017 0.051 0.089 0.03 0.022 0.27 0.017 0.094 0.044 0.013 0.064 0.05
134 K 0.073 0.073 0.046 0.045 0.011 0.104 0.074 0.05 0.023 0.028 0.043 0.144 0.017 0.017 0.027 0.113 0.054 0.005 0.018 0.036
135 S 0.104 0.038 0.051 0.047 0.017 0.032 0.05 0.063 0.018 0.029 0.041 0.052 0.015 0.02 0.069 0.215 0.077 0.005 0.017 0.04
136 Y 0.042 0.024 0.019 0.018 0.011 0.019 0.024 0.023 0.034 0.122 0.1 0.028 0.024 0.101 0.015 0.029 0.032 0.02 0.225 0.089
137 S 0.172 0.037 0.044 0.042 0.019 0.03 0.048 0.069 0.017 0.034 0.047 0.05 0.016 0.021 0.029 0.182 0.07 0.005 0.017 0.05
138 L 0.045 0.022 0.014 0.016 0.016 0.015 0.019 0.021 0.01 0.17 0.311 0.024 0.045 0.051 0.014 0.024 0.035 0.007 0.021 0.121
139 I 0.052 0.048 0.026 0.027 0.014 0.028 0.037 0.03 0.013 0.177 0.116 0.113 0.028 0.032 0.02 0.04 0.057 0.006 0.019 0.118
140 R 0.05 0.216 0.032 0.028 0.011 0.035 0.04 0.031 0.018 0.109 0.085 0.081 0.022 0.026 0.018 0.053 0.04 0.006 0.018 0.079
141 R 0.051 0.166 0.042 0.041 0.008 0.166 0.085 0.038 0.027 0.025 0.046 0.099 0.019 0.015 0.022 0.051 0.039 0.006 0.019 0.033
142 V 0.061 0.022 0.016 0.017 0.018 0.016 0.022 0.023 0.009 0.146 0.214 0.025 0.037 0.041 0.016 0.03 0.043 0.006 0.021 0.218
143 P 0.073 0.03 0.033 0.036 0.013 0.025 0.041 0.046 0.015 0.027 0.038 0.045 0.012 0.015 0.343 0.106 0.051 0.003 0.014 0.034
144 V 0.137 0.027 0.02 0.022 0.019 0.022 0.029 0.042 0.012 0.109 0.123 0.034 0.062 0.034 0.02 0.049 0.047 0.006 0.02 0.166
145 T 0.057 0.039 0.116 0.048 0.012 0.031 0.044 0.077 0.106 0.035 0.047 0.046 0.016 0.023 0.023 0.071 0.133 0.006 0.026 0.044
146 T 0.127 0.035 0.032 0.03 0.018 0.026 0.037 0.047 0.013 0.076 0.077 0.055 0.022 0.025 0.025 0.072 0.14 0.006 0.018 0.119
147 F 0.033 0.019 0.017 0.017 0.01 0.01 0.019 0.025 0.017 0.062 0.113 0.019 0.025 0.396 0.01 0.025 0.025 0.017 0.087 0.054
148 F 0.032 0.02 0.016 0.016 0.01 0.012 0.02 0.026 0.016 0.054 0.097 0.02 0.023 0.312 0.01 0.024 0.024 0.137 0.082 0.048
149 F 0.036 0.02 0.016 0.016 0.012 0.012 0.019 0.024 0.015 0.075 0.181 0.02 0.031 0.31 0.011 0.025 0.027 0.014 0.071 0.064
150 F 0.058 0.021 0.022 0.021 0.014 0.015 0.022 0.148 0.013 0.089 0.097 0.025 0.023 0.166 0.015 0.034 0.035 0.01 0.043 0.131
151 F 0.033 0.019 0.017 0.017 0.01 0.01 0.019 0.025 0.017 0.062 0.113 0.019 0.025 0.396 0.01 0.025 0.025 0.017 0.087 0.054
152 F 0.034 0.021 0.016 0.016 0.011 0.013 0.02 0.025 0.015 0.064 0.148 0.021 0.027 0.248 0.01 0.024 0.026 0.136 0.07 0.056
153 L 0.101 0.024 0.019 0.02 0.018 0.018 0.025 0.034 0.01 0.151 0.185 0.029 0.034 0.039 0.018 0.042 0.056 0.006 0.02 0.154
154 F 0.037 0.018 0.016 0.017 0.012 0.011 0.018 0.024 0.015 0.117 0.126 0.02 0.028 0.308 0.011 0.025 0.029 0.014 0.071 0.084
155 Y 0.04 0.028 0.021 0.018 0.009 0.021 0.028 0.025 0.046 0.043 0.067 0.031 0.018 0.129 0.015 0.031 0.028 0.028 0.328 0.046
156 L 0.05 0.023 0.015 0.016 0.017 0.016 0.021 0.022 0.009 0.126 0.321 0.025 0.044 0.049 0.015 0.026 0.037 0.007 0.022 0.141
157 L 0.13 0.029 0.027 0.027 0.018 0.023 0.034 0.047 0.013 0.087 0.153 0.037 0.028 0.033 0.022 0.093 0.053 0.006 0.019 0.121
158 A 0.236 0.029 0.022 0.026 0.02 0.023 0.035 0.063 0.013 0.06 0.14 0.039 0.025 0.029 0.025 0.069 0.045 0.006 0.018 0.075
159 I 0.045 0.024 0.093 0.034 0.014 0.018 0.025 0.031 0.014 0.217 0.132 0.031 0.03 0.037 0.016 0.036 0.042 0.005 0.019 0.137
160 G 0.167 0.025 0.025 0.027 0.017 0.02 0.03 0.17 0.012 0.104 0.082 0.035 0.021 0.026 0.022 0.057 0.042 0.005 0.017 0.097
161 F 0.035 0.021 0.018 0.017 0.01 0.013 0.021 0.025 0.024 0.058 0.101 0.022 0.023 0.329 0.012 0.026 0.026 0.019 0.148 0.052
162 Y 0.057 0.031 0.029 0.026 0.011 0.024 0.034 0.035 0.039 0.04 0.061 0.036 0.018 0.102 0.019 0.081 0.041 0.022 0.25 0.045
163 I 0.05 0.02 0.015 0.017 0.017 0.014 0.019 0.021 0.009 0.217 0.213 0.024 0.038 0.045 0.015 0.026 0.039 0.006 0.021 0.174
164 G 0.16 0.025 0.032 0.031 0.015 0.021 0.031 0.321 0.013 0.037 0.046 0.037 0.014 0.019 0.022 0.062 0.038 0.005 0.014 0.056
165 T 0.066 0.031 0.036 0.032 0.017 0.024 0.033 0.037 0.012 0.11 0.089 0.039 0.024 0.028 0.024 0.075 0.203 0.006 0.018 0.096
166 Y 0.038 0.025 0.02 0.018 0.009 0.019 0.025 0.025 0.039 0.048 0.079 0.028 0.02 0.196 0.014 0.029 0.027 0.025 0.268 0.048
167 R 0.054 0.251 0.038 0.031 0.009 0.039 0.043 0.184 0.02 0.022 0.04 0.092 0.013 0.017 0.019 0.046 0.033 0.006 0.015 0.028
168 G 0.078 0.025 0.04 0.038 0.011 0.022 0.044 0.459 0.014 0.019 0.029 0.037 0.01 0.016 0.02 0.062 0.033 0.005 0.011 0.025
169 L 0.066 0.034 0.028 0.027 0.016 0.029 0.034 0.037 0.017 0.082 0.156 0.04 0.134 0.041 0.019 0.085 0.05 0.007 0.022 0.079
170 L 0.05 0.028 0.018 0.019 0.016 0.024 0.025 0.026 0.014 0.145 0.187 0.032 0.139 0.047 0.016 0.033 0.04 0.007 0.023 0.112
171 S 0.108 0.04 0.053 0.048 0.017 0.033 0.052 0.065 0.019 0.029 0.041 0.053 0.015 0.021 0.029 0.231 0.081 0.005 0.017 0.041
172 F 0.033 0.019 0.017 0.017 0.01 0.01 0.019 0.025 0.017 0.062 0.113 0.019 0.025 0.396 0.01 0.025 0.025 0.017 0.087 0.054
173 S 0.156 0.037 0.046 0.043 0.018 0.031 0.049 0.068 0.018 0.033 0.046 0.051 0.016 0.021 0.029 0.195 0.073 0.005 0.017 0.048
174 G 0.124 0.026 0.043 0.125 0.012 0.023 0.045 0.289 0.015 0.025 0.035 0.039 0.011 0.017 0.022 0.059 0.036 0.005 0.012 0.035
175 L 0.05 0.028 0.018 0.019 0.016 0.023 0.025 0.025 0.014 0.146 0.199 0.032 0.131 0.047 0.015 0.032 0.039 0.007 0.023 0.112
176 D 0.069 0.031 0.05 0.197 0.013 0.027 0.061 0.047 0.016 0.059 0.057 0.042 0.017 0.022 0.023 0.103 0.053 0.005 0.015 0.093
177 E 0.051 0.048 0.112 0.087 0.008 0.056 0.242 0.042 0.027 0.022 0.035 0.069 0.012 0.017 0.024 0.058 0.039 0.005 0.016 0.03
178 L 0.051 0.02 0.015 0.017 0.017 0.015 0.019 0.021 0.009 0.21 0.211 0.024 0.038 0.044 0.015 0.026 0.04 0.006 0.021 0.181
179 Y 0.04 0.028 0.021 0.018 0.009 0.021 0.028 0.025 0.046 0.043 0.067 0.031 0.018 0.129 0.015 0.031 0.028 0.028 0.328 0.046
180 D 0.045 0.036 0.059 0.307 0.007 0.04 0.158 0.042 0.021 0.022 0.03 0.054 0.01 0.015 0.023 0.052 0.035 0.004 0.013 0.026
181 Q 0.055 0.072 0.043 0.046 0.009 0.226 0.101 0.041 0.029 0.026 0.046 0.09 0.02 0.014 0.023 0.055 0.041 0.006 0.02 0.035
182 R 0.044 0.355 0.038 0.031 0.008 0.048 0.052 0.032 0.023 0.023 0.046 0.118 0.015 0.017 0.019 0.044 0.034 0.006 0.017 0.031
183 A 0.243 0.032 0.03 0.031 0.02 0.026 0.04 0.069 0.014 0.045 0.06 0.044 0.018 0.022 0.029 0.086 0.101 0.005 0.017 0.068
184 R 0.045 0.256 0.032 0.027 0.01 0.04 0.045 0.03 0.02 0.046 0.13 0.106 0.024 0.026 0.018 0.039 0.034 0.006 0.018 0.047
185 F 0.101 0.022 0.019 0.02 0.013 0.015 0.025 0.038 0.018 0.056 0.096 0.026 0.023 0.286 0.015 0.04 0.031 0.015 0.085 0.057
186 G 0.077 0.023 0.039 0.033 0.011 0.019 0.025 0.517 0.013 0.019 0.028 0.033 0.009 0.016 0.019 0.051 0.029 0.005 0.011 0.024
187 D 0.122 0.036 0.045 0.142 0.013 0.037 0.12 0.083 0.019 0.03 0.042 0.052 0.014 0.018 0.026 0.085 0.058 0.005 0.015 0.042
188 L 0.087 0.031 0.026 0.025 0.017 0.024 0.031 0.037 0.014 0.081 0.184 0.037 0.075 0.038 0.021 0.056 0.107 0.007 0.021 0.082
189 Q 0.116 0.06 0.039 0.045 0.012 0.166 0.099 0.049 0.025 0.03 0.049 0.077 0.019 0.016 0.025 0.062 0.042 0.006 0.019 0.043
190 A 0.15 0.032 0.042 0.126 0.016 0.027 0.052 0.056 0.015 0.041 0.053 0.044 0.016 0.02 0.027 0.079 0.124 0.005 0.016 0.058
191 S 0.1 0.035 0.05 0.044 0.016 0.029 0.045 0.178 0.018 0.027 0.038 0.048 0.014 0.019 0.027 0.186 0.068 0.005 0.016 0.037
192 T 0.086 0.035 0.042 0.036 0.018 0.027 0.039 0.045 0.014 0.052 0.064 0.045 0.019 0.023 0.027 0.091 0.245 0.006 0.018 0.07
193 L 0.044 0.024 0.014 0.015 0.016 0.016 0.02 0.021 0.01 0.114 0.385 0.025 0.049 0.054 0.014 0.024 0.033 0.007 0.022 0.095
194 A 0.243 0.028 0.023 0.026 0.021 0.023 0.036 0.064 0.013 0.072 0.076 0.039 0.021 0.025 0.026 0.071 0.049 0.005 0.018 0.121
195 L 0.052 0.024 0.02 0.02 0.015 0.017 0.021 0.145 0.011 0.09 0.296 0.027 0.039 0.044 0.015 0.031 0.032 0.007 0.019 0.077
196 Y 0.04 0.028 0.021 0.018 0.009 0.021 0.028 0.025 0.046 0.043 0.067 0.031 0.018 0.129 0.015 0.031 0.028 0.028 0.328 0.046
197 L 0.108 0.026 0.017 0.019 0.017 0.018 0.025 0.035 0.011 0.096 0.303 0.03 0.041 0.046 0.018 0.039 0.037 0.007 0.021 0.088
198 T 0.072 0.035 0.043 0.037 0.018 0.027 0.039 0.043 0.014 0.053 0.064 0.045 0.019 0.023 0.027 0.091 0.258 0.006 0.018 0.07
199 G 0.077 0.023 0.039 0.033 0.011 0.019 0.025 0.517 0.013 0.019 0.028 0.033 0.009 0.016 0.019 0.051 0.029 0.005 0.011 0.024
200 W 0.034 0.021 0.015 0.016 0.01 0.015 0.021 0.027 0.013 0.093 0.081 0.023 0.02 0.056 0.009 0.023 0.027 0.376 0.055 0.066
201 L 0.044 0.024 0.014 0.015 0.016 0.016 0.02 0.021 0.01 0.114 0.385 0.025 0.049 0.054 0.014 0.024 0.033 0.007 0.022 0.095
202 S 0.108 0.04 0.053 0.048 0.017 0.033 0.052 0.065 0.019 0.029 0.041 0.053 0.015 0.021 0.029 0.231 0.081 0.005 0.017 0.041
203 N 0.05 0.037 0.235 0.066 0.009 0.028 0.041 0.175 0.026 0.024 0.035 0.046 0.011 0.041 0.019 0.061 0.042 0.005 0.019 0.028
204 A 0.241 0.027 0.023 0.026 0.139 0.022 0.034 0.066 0.013 0.043 0.06 0.038 0.017 0.021 0.026 0.073 0.046 0.005 0.016 0.065
205 L 0.047 0.028 0.019 0.019 0.015 0.023 0.025 0.027 0.016 0.09 0.174 0.031 0.136 0.135 0.015 0.033 0.036 0.01 0.04 0.082
206 N 0.046 0.044 0.31 0.08 0.009 0.033 0.049 0.064 0.03 0.023 0.032 0.053 0.011 0.018 0.02 0.079 0.051 0.004 0.016 0.028
207 P 0.056 0.025 0.023 0.031 0.01 0.02 0.036 0.036 0.013 0.025 0.036 0.041 0.01 0.013 0.501 0.043 0.036 0.003 0.013 0.031
208 Y 0.038 0.025 0.02 0.018 0.009 0.019 0.025 0.025 0.039 0.048 0.079 0.028 0.02 0.196 0.014 0.029 0.027 0.025 0.268 0.048
209 L 0.044 0.024 0.014 0.015 0.016 0.016 0.02 0.021 0.01 0.114 0.385 0.025 0.049 0.054 0.014 0.024 0.033 0.007 0.022 0.095
210 L 0.048 0.028 0.017 0.017 0.016 0.022 0.024 0.024 0.013 0.106 0.289 0.03 0.111 0.051 0.015 0.03 0.036 0.007 0.023 0.093
211 A 0.253 0.033 0.032 0.034 0.02 0.027 0.043 0.074 0.016 0.039 0.054 0.046 0.017 0.021 0.029 0.121 0.057 0.005 0.017 0.061
212 V 0.066 0.021 0.016 0.018 0.019 0.016 0.022 0.024 0.008 0.177 0.133 0.025 0.032 0.036 0.016 0.031 0.047 0.005 0.02 0.267
213 G 0.077 0.023 0.039 0.033 0.011 0.019 0.025 0.517 0.013 0.019 0.028 0.033 0.009 0.016 0.019 0.051 0.029 0.005 0.011 0.024
214 L 0.044 0.024 0.014 0.015 0.016 0.016 0.02 0.021 0.01 0.114 0.385 0.025 0.049 0.054 0.014 0.024 0.033 0.007 0.022 0.095
215 F 0.036 0.02 0.016 0.016 0.012 0.012 0.019 0.024 0.015 0.075 0.181 0.02 0.031 0.31 0.011 0.025 0.027 0.014 0.071 0.064
216 D 0.041 0.033 0.064 0.314 0.007 0.032 0.081 0.044 0.105 0.022 0.03 0.044 0.011 0.019 0.021 0.049 0.033 0.005 0.022 0.024
217 R 0.045 0.337 0.039 0.032 0.008 0.059 0.055 0.033 0.023 0.023 0.046 0.117 0.016 0.017 0.019 0.045 0.035 0.006 0.017 0.031
218 T 0.072 0.035 0.043 0.037 0.018 0.027 0.039 0.043 0.014 0.053 0.064 0.045 0.02 0.023 0.027 0.092 0.254 0.006 0.018 0.07
219 R 0.044 0.355 0.038 0.031 0.008 0.048 0.052 0.032 0.023 0.023 0.046 0.118 0.015 0.017 0.019 0.044 0.034 0.006 0.017 0.031
220 R 0.047 0.272 0.034 0.031 0.008 0.041 0.048 0.033 0.02 0.024 0.043 0.099 0.014 0.016 0.14 0.044 0.035 0.005 0.016 0.031
221 W 0.04 0.022 0.015 0.016 0.01 0.015 0.023 0.028 0.013 0.063 0.071 0.023 0.019 0.054 0.01 0.025 0.029 0.376 0.055 0.092
222 A 0.235 0.03 0.024 0.027 0.018 0.024 0.037 0.064 0.022 0.043 0.061 0.041 0.018 0.048 0.026 0.07 0.044 0.011 0.095 0.062
223 I 0.045 0.018 0.015 0.017 0.015 0.013 0.018 0.022 0.011 0.219 0.15 0.022 0.033 0.131 0.014 0.025 0.036 0.008 0.037 0.151
224 A 0.243 0.032 0.03 0.031 0.02 0.026 0.04 0.069 0.014 0.045 0.06 0.044 0.018 0.022 0.029 0.086 0.101 0.005 0.017 0.068
225 V 0.06 0.024 0.017 0.018 0.018 0.019 0.023 0.025 0.01 0.148 0.179 0.028 0.069 0.041 0.016 0.032 0.044 0.006 0.021 0.203
226 G 0.077 0.023 0.039 0.033 0.011 0.019 0.025 0.517 0.013 0.019 0.028 0.033 0.009 0.016 0.019 0.051 0.029 0.005 0.011 0.024
227 L 0.172 0.027 0.02 0.022 0.019 0.021 0.03 0.049 0.012 0.078 0.222 0.034 0.033 0.038 0.022 0.054 0.041 0.006 0.02 0.081
228 A 0.208 0.026 0.021 0.025 0.02 0.021 0.032 0.056 0.012 0.117 0.094 0.036 0.024 0.029 0.024 0.063 0.047 0.005 0.018 0.121
229 G 0.077 0.023 0.039 0.033 0.011 0.019 0.025 0.517 0.013 0.019 0.028 0.033 0.009 0.016 0.019 0.051 0.029 0.005 0.011 0.024
230 Q 0.055 0.072 0.043 0.046 0.009 0.226 0.101 0.041 0.029 0.026 0.046 0.09 0.02 0.014 0.023 0.055 0.041 0.006 0.02 0.035
231 V 0.058 0.02 0.015 0.017 0.017 0.015 0.02 0.022 0.008 0.222 0.147 0.024 0.034 0.039 0.015 0.029 0.044 0.006 0.02 0.227
232 I 0.05 0.02 0.016 0.017 0.016 0.014 0.02 0.023 0.011 0.169 0.168 0.023 0.033 0.13 0.014 0.027 0.038 0.009 0.037 0.167
233 V 0.069 0.022 0.016 0.018 0.019 0.016 0.023 0.024 0.008 0.162 0.128 0.026 0.031 0.035 0.016 0.032 0.049 0.005 0.02 0.28
234 F 0.035 0.021 0.018 0.017 0.01 0.013 0.021 0.025 0.024 0.058 0.101 0.022 0.023 0.329 0.012 0.026 0.026 0.019 0.148 0.052
235 L 0.057 0.032 0.026 0.024 0.016 0.028 0.03 0.031 0.015 0.087 0.161 0.038 0.135 0.041 0.019 0.05 0.094 0.007 0.022 0.086
236 A 0.243 0.032 0.03 0.031 0.02 0.026 0.04 0.069 0.014 0.045 0.06 0.044 0.018 0.022 0.029 0.086 0.101 0.005 0.017 0.068
237 F 0.033 0.019 0.017 0.017 0.01 0.01 0.019 0.025 0.017 0.062 0.113 0.019 0.025 0.396 0.01 0.025 0.025 0.017 0.087 0.054
238 A 0.301 0.031 0.025 0.029 0.021 0.025 0.04 0.077 0.015 0.043 0.059 0.044 0.017 0.021 0.029 0.084 0.049 0.005 0.017 0.068
239 G 0.071 0.025 0.034 0.03 0.012 0.021 0.026 0.395 0.014 0.039 0.069 0.034 0.05 0.024 0.018 0.047 0.032 0.006 0.014 0.041
240 K 0.056 0.106 0.041 0.041 0.008 0.053 0.07 0.043 0.02 0.027 0.043 0.289 0.015 0.015 0.027 0.053 0.039 0.005 0.017 0.032
241 L 0.064 0.029 0.027 0.026 0.016 0.024 0.03 0.035 0.014 0.139 0.147 0.036 0.091 0.04 0.019 0.081 0.05 0.007 0.021 0.105
242 L 0.057 0.032 0.026 0.024 0.016 0.028 0.03 0.031 0.015 0.087 0.161 0.038 0.135 0.041 0.019 0.05 0.094 0.007 0.022 0.086
243 L 0.044 0.024 0.014 0.015 0.016 0.016 0.02 0.021 0.01 0.114 0.385 0.025 0.049 0.054 0.014 0.024 0.033 0.007 0.022 0.095
244 V 0.077 0.023 0.016 0.018 0.018 0.017 0.023 0.027 0.009 0.143 0.188 0.027 0.035 0.039 0.017 0.034 0.045 0.006 0.021 0.22
245 I 0.062 0.024 0.025 0.025 0.016 0.019 0.027 0.032 0.012 0.207 0.136 0.032 0.04 0.038 0.018 0.077 0.05 0.006 0.02 0.136
246 L 0.045 0.021 0.014 0.016 0.016 0.015 0.019 0.021 0.009 0.198 0.275 0.024 0.043 0.049 0.014 0.024 0.036 0.006 0.021 0.134
247 V 0.059 0.02 0.015 0.017 0.018 0.015 0.021 0.023 0.008 0.204 0.158 0.025 0.034 0.039 0.015 0.029 0.044 0.006 0.02 0.229
248 V 0.063 0.021 0.016 0.018 0.018 0.015 0.022 0.023 0.008 0.192 0.138 0.025 0.032 0.037 0.016 0.03 0.046 0.006 0.02 0.253
249 T 0.064 0.03 0.034 0.031 0.017 0.024 0.033 0.036 0.013 0.113 0.098 0.039 0.033 0.03 0.023 0.071 0.189 0.006 0.019 0.097
250 F 0.036 0.02 0.016 0.016 0.012 0.012 0.019 0.024 0.015 0.075 0.181 0.02 0.031 0.31 0.011 0.025 0.027 0.014 0.071 0.064
251 G 0.075 0.022 0.033 0.029 0.013 0.018 0.025 0.394 0.012 0.055 0.053 0.031 0.015 0.021 0.018 0.046 0.034 0.005 0.013 0.088
252 F 0.036 0.02 0.016 0.016 0.012 0.012 0.019 0.024 0.015 0.075 0.181 0.02 0.031 0.31 0.011 0.025 0.027 0.014 0.071 0.064
253 Y 0.04 0.028 0.021 0.018 0.009 0.021 0.028 0.025 0.046 0.043 0.067 0.031 0.018 0.129 0.015 0.031 0.028 0.028 0.328 0.046
254 F 0.036 0.02 0.016 0.016 0.012 0.012 0.019 0.024 0.015 0.075 0.181 0.02 0.031 0.31 0.011 0.025 0.027 0.014 0.071 0.064
255 F 0.036 0.02 0.016 0.016 0.012 0.012 0.019 0.024 0.015 0.075 0.181 0.02 0.031 0.31 0.011 0.025 0.027 0.014 0.071 0.064
256 A 0.198 0.025 0.021 0.024 0.138 0.02 0.031 0.056 0.012 0.065 0.073 0.034 0.02 0.024 0.024 0.063 0.046 0.005 0.017 0.105
257 L 0.045 0.02 0.014 0.016 0.016 0.014 0.019 0.021 0.009 0.208 0.261 0.024 0.042 0.048 0.014 0.024 0.036 0.006 0.021 0.139
258 S 0.11 0.04 0.054 0.049 0.018 0.033 0.053 0.067 0.019 0.03 0.042 0.054 0.016 0.021 0.03 0.217 0.082 0.005 0.018 0.042
259 N 0.05 0.139 0.141 0.047 0.011 0.035 0.044 0.043 0.022 0.058 0.061 0.081 0.018 0.022 0.019 0.051 0.044 0.005 0.017 0.091
260 K 0.061 0.1 0.04 0.038 0.009 0.044 0.057 0.161 0.019 0.025 0.039 0.214 0.014 0.016 0.025 0.052 0.036 0.005 0.015 0.03
261 G 0.077 0.023 0.039 0.033 0.011 0.019 0.025 0.517 0.013 0.019 0.028 0.033 0.009 0.016 0.019 0.051 0.029 0.005 0.011 0.024
262 R 0.06 0.334 0.037 0.03 0.009 0.046 0.051 0.035 0.022 0.024 0.047 0.114 0.015 0.017 0.02 0.046 0.035 0.006 0.017 0.033
263 I 0.053 0.019 0.015 0.017 0.017 0.014 0.019 0.022 0.008 0.244 0.154 0.024 0.035 0.041 0.015 0.027 0.042 0.006 0.02 0.207
264 S 0.116 0.117 0.046 0.041 0.015 0.036 0.05 0.059 0.019 0.029 0.045 0.068 0.016 0.02 0.027 0.166 0.065 0.005 0.017 0.042
265 A 0.176 0.03 0.027 0.028 0.017 0.023 0.035 0.057 0.014 0.042 0.058 0.039 0.017 0.031 0.023 0.07 0.095 0.129 0.03 0.059
266 P 0.059 0.109 0.031 0.033 0.01 0.029 0.042 0.039 0.016 0.025 0.039 0.062 0.012 0.015 0.322 0.067 0.041 0.004 0.014 0.032
267 R 0.052 0.272 0.038 0.031 0.008 0.04 0.045 0.154 0.021 0.022 0.041 0.097 0.014 0.017 0.019 0.046 0.033 0.006 0.016 0.029
268 L 0.05 0.023 0.015 0.016 0.017 0.016 0.021 0.022 0.009 0.136 0.307 0.025 0.044 0.049 0.015 0.026 0.037 0.007 0.021 0.146
269 A 0.301 0.031 0.025 0.029 0.021 0.025 0.04 0.077 0.015 0.043 0.059 0.044 0.017 0.021 0.029 0.084 0.049 0.005 0.017 0.068
270 F 0.037 0.018 0.016 0.017 0.012 0.011 0.018 0.024 0.015 0.117 0.126 0.02 0.028 0.308 0.011 0.025 0.029 0.014 0.071 0.084
271 G 0.066 0.022 0.033 0.029 0.011 0.017 0.024 0.394 0.014 0.03 0.049 0.03 0.013 0.111 0.017 0.044 0.028 0.008 0.03 0.032
272 F 0.052 0.024 0.026 0.025 0.012 0.016 0.027 0.035 0.017 0.054 0.095 0.027 0.023 0.302 0.015 0.077 0.039 0.014 0.07 0.051
273 A 0.214 0.027 0.022 0.025 0.02 0.022 0.034 0.057 0.012 0.087 0.085 0.037 0.022 0.026 0.024 0.064 0.049 0.005 0.018 0.147
274 A 0.238 0.031 0.024 0.027 0.02 0.026 0.037 0.065 0.015 0.057 0.092 0.042 0.056 0.028 0.026 0.072 0.047 0.006 0.019 0.074
275 L 0.06 0.028 0.024 0.023 0.016 0.02 0.028 0.032 0.012 0.093 0.299 0.032 0.041 0.046 0.018 0.076 0.045 0.007 0.021 0.081
276 A 0.143 0.03 0.031 0.03 0.019 0.024 0.035 0.049 0.013 0.077 0.078 0.04 0.022 0.026 0.025 0.074 0.14 0.006 0.018 0.122
277 L 0.113 0.026 0.021 0.022 0.016 0.019 0.027 0.069 0.013 0.078 0.225 0.031 0.033 0.084 0.019 0.054 0.039 0.008 0.028 0.075
278 L 0.077 0.03 0.034 0.032 0.017 0.024 0.035 0.043 0.014 0.113 0.158 0.039 0.029 0.035 0.022 0.128 0.058 0.006 0.019 0.088
279 P 0.118 0.028 0.029 0.031 0.017 0.023 0.036 0.047 0.013 0.08 0.073 0.04 0.02 0.024 0.143 0.094 0.053 0.005 0.017 0.111
280 L 0.04 0.022 0.015 0.016 0.014 0.014 0.019 0.022 0.012 0.094 0.283 0.023 0.04 0.182 0.013 0.024 0.03 0.011 0.047 0.08
281 A 0.187 0.026 0.026 0.027 0.018 0.021 0.032 0.174 0.013 0.066 0.068 0.037 0.019 0.023 0.023 0.063 0.044 0.005 0.016 0.11
282 L 0.053 0.024 0.016 0.017 0.017 0.018 0.022 0.023 0.011 0.164 0.218 0.027 0.072 0.045 0.015 0.029 0.04 0.007 0.022 0.16
283 L 0.052 0.024 0.02 0.02 0.015 0.017 0.021 0.145 0.011 0.09 0.296 0.027 0.039 0.044 0.015 0.031 0.032 0.007 0.019 0.077
284 L 0.115 0.029 0.019 0.021 0.018 0.02 0.028 0.037 0.011 0.124 0.19 0.046 0.033 0.037 0.019 0.043 0.042 0.006 0.02 0.14
285 A 0.219 0.027 0.023 0.025 0.018 0.021 0.034 0.061 0.015 0.055 0.076 0.036 0.02 0.116 0.024 0.066 0.043 0.008 0.035 0.078
286 T 0.066 0.031 0.036 0.032 0.017 0.024 0.033 0.037 0.012 0.11 0.089 0.039 0.024 0.028 0.024 0.075 0.203 0.006 0.018 0.096
287 D 0.06 0.033 0.095 0.253 0.01 0.03 0.071 0.083 0.02 0.024 0.031 0.047 0.011 0.017 0.023 0.099 0.048 0.004 0.013 0.029
288 Y 0.044 0.033 0.026 0.036 0.009 0.032 0.097 0.027 0.041 0.038 0.06 0.042 0.017 0.101 0.018 0.037 0.03 0.022 0.25 0.042
289 Q 0.051 0.059 0.049 0.142 0.008 0.157 0.124 0.041 0.026 0.025 0.04 0.076 0.017 0.015 0.023 0.054 0.039 0.005 0.017 0.032
290 P 0.117 0.027 0.024 0.03 0.013 0.022 0.037 0.046 0.013 0.03 0.041 0.041 0.012 0.015 0.383 0.053 0.039 0.003 0.014 0.04
291 V 0.087 0.031 0.038 0.057 0.017 0.025 0.041 0.046 0.014 0.087 0.079 0.041 0.022 0.027 0.023 0.133 0.064 0.005 0.018 0.145
292 G 0.075 0.022 0.033 0.029 0.013 0.018 0.025 0.394 0.012 0.055 0.053 0.031 0.015 0.021 0.018 0.046 0.034 0.005 0.013 0.088
293 T 0.076 0.03 0.03 0.029 0.016 0.023 0.032 0.037 0.012 0.078 0.147 0.038 0.027 0.031 0.082 0.064 0.147 0.006 0.018 0.078
294 A 0.101 0.031 0.027 0.025 0.016 0.025 0.032 0.04 0.022 0.067 0.1 0.038 0.058 0.056 0.021 0.057 0.093 0.012 0.097 0.082
295 L 0.05 0.034 0.023 0.036 0.014 0.033 0.095 0.027 0.016 0.084 0.214 0.042 0.094 0.042 0.018 0.037 0.037 0.007 0.021 0.077
296 D 0.041 0.033 0.133 0.325 0.008 0.03 0.08 0.05 0.022 0.022 0.028 0.046 0.01 0.015 0.022 0.056 0.038 0.004 0.012 0.025
297 L 0.096 0.027 0.019 0.021 0.017 0.023 0.027 0.035 0.013 0.135 0.173 0.033 0.102 0.042 0.018 0.041 0.041 0.007 0.022 0.108
298 V 0.141 0.024 0.019 0.021 0.02 0.019 0.028 0.041 0.01 0.125 0.107 0.031 0.027 0.031 0.02 0.048 0.049 0.005 0.019 0.213
299 A 0.231 0.032 0.031 0.032 0.02 0.026 0.04 0.068 0.015 0.044 0.059 0.045 0.018 0.022 0.029 0.095 0.103 0.005 0.017 0.067
300 L 0.044 0.022 0.014 0.016 0.016 0.015 0.019 0.021 0.01 0.156 0.33 0.025 0.046 0.051 0.014 0.024 0.034 0.007 0.022 0.115
301 I 0.052 0.018 0.015 0.017 0.017 0.014 0.019 0.021 0.009 0.252 0.156 0.024 0.035 0.041 0.015 0.027 0.042 0.006 0.02 0.2
302 Y 0.04 0.028 0.021 0.018 0.009 0.021 0.028 0.025 0.046 0.043 0.067 0.031 0.018 0.129 0.015 0.031 0.028 0.028 0.328 0.046
303 L 0.05 0.028 0.018 0.019 0.016 0.024 0.025 0.026 0.014 0.145 0.187 0.032 0.139 0.047 0.016 0.033 0.04 0.007 0.023 0.112
304 R 0.044 0.355 0.038 0.031 0.008 0.048 0.052 0.032 0.023 0.023 0.046 0.118 0.015 0.017 0.019 0.044 0.034 0.006 0.017 0.031
305 T 0.072 0.035 0.043 0.037 0.018 0.027 0.039 0.043 0.014 0.053 0.064 0.045 0.019 0.023 0.027 0.091 0.258 0.006 0.018 0.07
306 L 0.043 0.025 0.016 0.016 0.014 0.017 0.022 0.022 0.019 0.096 0.305 0.026 0.041 0.073 0.014 0.026 0.032 0.012 0.098 0.083
307 G 0.077 0.023 0.039 0.033 0.011 0.019 0.025 0.517 0.013 0.019 0.028 0.033 0.009 0.016 0.019 0.051 0.029 0.005 0.011 0.024
308 I 0.048 0.021 0.016 0.018 0.016 0.017 0.02 0.022 0.01 0.236 0.173 0.026 0.07 0.045 0.015 0.027 0.039 0.006 0.021 0.153
309 Q 0.059 0.06 0.037 0.039 0.011 0.174 0.082 0.037 0.024 0.06 0.067 0.074 0.023 0.02 0.021 0.049 0.043 0.006 0.02 0.096
310 G 0.077 0.023 0.039 0.033 0.011 0.019 0.025 0.517 0.013 0.019 0.028 0.033 0.009 0.016 0.019 0.051 0.029 0.005 0.011 0.024
311 A 0.301 0.031 0.025 0.029 0.021 0.025 0.04 0.077 0.015 0.043 0.059 0.044 0.017 0.021 0.029 0.084 0.049 0.005 0.017 0.068
312 L 0.05 0.03 0.018 0.019 0.016 0.025 0.026 0.026 0.014 0.103 0.242 0.033 0.142 0.049 0.015 0.033 0.038 0.008 0.023 0.092
313 T 0.066 0.031 0.036 0.032 0.017 0.024 0.033 0.037 0.012 0.11 0.089 0.039 0.024 0.028 0.024 0.075 0.203 0.006 0.018 0.096
314 G 0.077 0.023 0.039 0.033 0.011 0.019 0.025 0.517 0.013 0.019 0.028 0.033 0.009 0.016 0.019 0.051 0.029 0.005 0.011 0.024
315 V 0.063 0.021 0.016 0.018 0.018 0.015 0.022 0.023 0.008 0.192 0.138 0.025 0.032 0.037 0.016 0.03 0.046 0.006 0.02 0.253
316 Y 0.04 0.028 0.021 0.018 0.009 0.021 0.028 0.025 0.046 0.043 0.067 0.031 0.018 0.129 0.015 0.031 0.028 0.028 0.328 0.046
317 A 0.235 0.03 0.024 0.027 0.018 0.024 0.037 0.064 0.022 0.043 0.061 0.041 0.018 0.048 0.026 0.07 0.044 0.011 0.095 0.062
318 D 0.04 0.029 0.068 0.406 0.007 0.029 0.09 0.046 0.018 0.022 0.028 0.044 0.009 0.015 0.022 0.051 0.035 0.004 0.011 0.024
319 V 0.075 0.021 0.017 0.018 0.017 0.015 0.023 0.028 0.011 0.13 0.12 0.025 0.029 0.125 0.016 0.034 0.043 0.008 0.037 0.21
320 F 0.033 0.019 0.017 0.017 0.01 0.01 0.019 0.025 0.017 0.062 0.113 0.019 0.025 0.396 0.01 0.025 0.025 0.017 0.087 0.054
