#Seq2Logo.py -f /work3/idamei/ssn-clusterings/clustering/2205111239/clusters/0013_55/sequences.afa -o /work3/idamei/ssn-clusterings/clustering/2205111239/clusters/0013_55/sequences.logo
#Position Specific Frequency Matrix
A R N D C Q E G H I L K M F P S T W Y V
0 M 0.05 0.031 0.019 0.019 0.015 0.027 0.027 0.027 0.015 0.096 0.188 0.035 0.197 0.046 0.015 0.035 0.038 0.008 0.023 0.088
1 S 0.064 0.059 0.094 0.043 0.013 0.033 0.045 0.046 0.019 0.084 0.075 0.103 0.035 0.025 0.022 0.104 0.051 0.005 0.018 0.064
2 L 0.055 0.038 0.031 0.064 0.013 0.045 0.044 0.033 0.02 0.067 0.155 0.064 0.026 0.046 0.019 0.061 0.062 0.009 0.07 0.079
3 A 0.122 0.076 0.032 0.037 0.015 0.032 0.072 0.045 0.016 0.079 0.07 0.072 0.02 0.023 0.023 0.079 0.073 0.005 0.017 0.091
4 F 0.042 0.02 0.016 0.016 0.013 0.013 0.019 0.023 0.013 0.115 0.17 0.021 0.031 0.235 0.012 0.026 0.032 0.012 0.055 0.116
5 G 0.063 0.04 0.029 0.028 0.013 0.025 0.033 0.204 0.013 0.11 0.08 0.092 0.021 0.025 0.019 0.041 0.037 0.005 0.016 0.107
6 I 0.047 0.018 0.015 0.018 0.016 0.013 0.018 0.02 0.009 0.278 0.166 0.023 0.036 0.044 0.015 0.025 0.039 0.006 0.02 0.175
7 G 0.063 0.032 0.044 0.035 0.009 0.026 0.036 0.324 0.153 0.02 0.032 0.038 0.012 0.022 0.019 0.047 0.028 0.006 0.029 0.024
8 N 0.048 0.069 0.211 0.066 0.009 0.041 0.057 0.056 0.027 0.024 0.036 0.146 0.013 0.017 0.023 0.063 0.045 0.005 0.016 0.029
9 Q 0.077 0.06 0.048 0.047 0.012 0.147 0.082 0.051 0.025 0.028 0.045 0.076 0.018 0.017 0.026 0.124 0.057 0.006 0.019 0.038
10 G 0.06 0.09 0.039 0.037 0.01 0.089 0.06 0.17 0.021 0.031 0.053 0.127 0.03 0.018 0.022 0.05 0.036 0.006 0.017 0.036
11 L 0.046 0.021 0.016 0.019 0.015 0.015 0.021 0.023 0.01 0.181 0.222 0.027 0.036 0.041 0.101 0.027 0.036 0.006 0.019 0.119
12 R 0.05 0.165 0.054 0.04 0.008 0.103 0.069 0.039 0.024 0.027 0.047 0.155 0.017 0.035 0.022 0.049 0.037 0.006 0.021 0.033
13 I 0.047 0.018 0.015 0.018 0.016 0.013 0.018 0.021 0.009 0.271 0.168 0.024 0.037 0.044 0.015 0.025 0.04 0.006 0.021 0.177
14 C 0.065 0.016 0.016 0.016 0.484 0.012 0.016 0.032 0.008 0.045 0.065 0.02 0.016 0.02 0.016 0.041 0.037 0.004 0.012 0.057
15 N 0.05 0.076 0.181 0.062 0.009 0.043 0.06 0.054 0.026 0.025 0.037 0.168 0.013 0.017 0.024 0.061 0.044 0.005 0.016 0.03
16 P 0.065 0.03 0.033 0.034 0.014 0.024 0.038 0.04 0.013 0.039 0.05 0.043 0.015 0.018 0.262 0.068 0.143 0.004 0.015 0.051
17 V 0.07 0.022 0.016 0.018 0.019 0.016 0.023 0.025 0.008 0.164 0.13 0.026 0.031 0.036 0.016 0.033 0.049 0.005 0.02 0.273
18 I 0.045 0.019 0.017 0.018 0.014 0.013 0.018 0.074 0.011 0.188 0.178 0.023 0.033 0.118 0.014 0.027 0.033 0.008 0.033 0.117
19 K 0.051 0.162 0.042 0.078 0.008 0.067 0.091 0.039 0.022 0.024 0.041 0.179 0.015 0.015 0.023 0.055 0.037 0.005 0.016 0.031
20 K 0.06 0.11 0.037 0.036 0.011 0.043 0.056 0.039 0.018 0.054 0.057 0.213 0.018 0.019 0.024 0.068 0.043 0.005 0.017 0.074
21 R 0.048 0.176 0.031 0.03 0.01 0.038 0.047 0.033 0.018 0.058 0.087 0.141 0.019 0.021 0.098 0.041 0.035 0.005 0.017 0.049
22 S 0.08 0.044 0.103 0.05 0.014 0.032 0.048 0.056 0.02 0.031 0.042 0.074 0.015 0.019 0.041 0.162 0.105 0.005 0.016 0.042
23 F 0.047 0.058 0.026 0.027 0.011 0.066 0.045 0.03 0.017 0.082 0.114 0.099 0.025 0.135 0.017 0.037 0.035 0.009 0.037 0.082
24 L 0.045 0.024 0.014 0.015 0.016 0.016 0.02 0.021 0.01 0.115 0.375 0.025 0.05 0.055 0.014 0.024 0.033 0.007 0.022 0.096
25 L 0.045 0.024 0.014 0.015 0.016 0.016 0.02 0.021 0.01 0.115 0.375 0.025 0.05 0.055 0.014 0.024 0.033 0.007 0.022 0.096
26 F 0.034 0.019 0.017 0.017 0.011 0.011 0.019 0.025 0.017 0.063 0.114 0.019 0.025 0.387 0.011 0.025 0.025 0.017 0.089 0.055
27 I 0.047 0.018 0.015 0.018 0.016 0.013 0.018 0.021 0.009 0.271 0.168 0.024 0.037 0.044 0.015 0.025 0.04 0.006 0.021 0.177
28 A 0.29 0.031 0.026 0.03 0.022 0.026 0.04 0.078 0.015 0.043 0.059 0.045 0.018 0.022 0.03 0.085 0.05 0.005 0.018 0.069
29 G 0.078 0.023 0.039 0.034 0.011 0.019 0.026 0.51 0.014 0.019 0.028 0.034 0.009 0.016 0.019 0.051 0.03 0.005 0.011 0.024
30 Y 0.04 0.028 0.022 0.019 0.009 0.022 0.028 0.025 0.047 0.044 0.068 0.031 0.019 0.131 0.016 0.031 0.028 0.028 0.318 0.047
31 A 0.29 0.031 0.026 0.03 0.022 0.026 0.04 0.078 0.015 0.043 0.059 0.045 0.018 0.022 0.03 0.085 0.05 0.005 0.018 0.069
32 I 0.047 0.018 0.015 0.018 0.016 0.013 0.018 0.021 0.009 0.271 0.168 0.024 0.037 0.044 0.015 0.025 0.04 0.006 0.021 0.177
33 V 0.07 0.022 0.016 0.018 0.019 0.016 0.023 0.025 0.008 0.165 0.13 0.026 0.032 0.036 0.016 0.033 0.049 0.006 0.021 0.269
34 F 0.034 0.019 0.017 0.017 0.011 0.011 0.019 0.025 0.017 0.063 0.114 0.019 0.025 0.387 0.011 0.025 0.025 0.017 0.089 0.055
35 A 0.29 0.031 0.026 0.03 0.022 0.026 0.04 0.078 0.015 0.043 0.059 0.045 0.018 0.022 0.03 0.085 0.05 0.005 0.018 0.069
36 L 0.052 0.032 0.02 0.02 0.016 0.028 0.028 0.028 0.016 0.1 0.197 0.036 0.161 0.048 0.016 0.036 0.04 0.008 0.024 0.092
37 L 0.052 0.032 0.02 0.02 0.016 0.028 0.028 0.028 0.016 0.1 0.197 0.036 0.161 0.048 0.016 0.036 0.04 0.008 0.024 0.092
38 F 0.034 0.019 0.017 0.017 0.011 0.011 0.019 0.025 0.017 0.063 0.114 0.019 0.025 0.387 0.011 0.025 0.025 0.017 0.089 0.055
39 I 0.047 0.018 0.015 0.018 0.016 0.013 0.018 0.021 0.009 0.271 0.168 0.024 0.037 0.044 0.015 0.025 0.04 0.006 0.021 0.177
40 G 0.078 0.023 0.039 0.034 0.011 0.019 0.026 0.51 0.014 0.019 0.028 0.034 0.009 0.016 0.019 0.051 0.03 0.005 0.011 0.024
41 I 0.047 0.018 0.015 0.018 0.016 0.013 0.018 0.021 0.009 0.271 0.168 0.024 0.037 0.044 0.015 0.025 0.04 0.006 0.021 0.177
42 R 0.045 0.345 0.039 0.031 0.008 0.048 0.052 0.033 0.023 0.023 0.047 0.12 0.016 0.017 0.019 0.045 0.035 0.006 0.017 0.031
43 E 0.055 0.05 0.04 0.09 0.007 0.064 0.296 0.035 0.026 0.022 0.037 0.076 0.013 0.017 0.026 0.055 0.037 0.006 0.017 0.031
44 D 0.041 0.03 0.069 0.397 0.008 0.03 0.091 0.047 0.019 0.022 0.028 0.045 0.009 0.015 0.022 0.052 0.035 0.004 0.011 0.024
45 Y 0.04 0.028 0.022 0.019 0.009 0.022 0.028 0.025 0.047 0.044 0.068 0.031 0.019 0.131 0.016 0.031 0.028 0.028 0.318 0.047
46 L 0.052 0.032 0.02 0.02 0.016 0.028 0.028 0.028 0.016 0.1 0.197 0.036 0.161 0.048 0.016 0.036 0.04 0.008 0.024 0.092
47 I 0.047 0.018 0.015 0.018 0.016 0.013 0.018 0.021 0.009 0.271 0.168 0.024 0.037 0.044 0.015 0.025 0.04 0.006 0.021 0.177
48 L 0.045 0.024 0.014 0.015 0.016 0.016 0.02 0.021 0.01 0.115 0.375 0.025 0.05 0.055 0.014 0.024 0.033 0.007 0.022 0.096
49 E 0.055 0.05 0.04 0.09 0.007 0.064 0.296 0.035 0.026 0.022 0.037 0.076 0.013 0.017 0.026 0.055 0.037 0.006 0.017 0.031
50 T 0.073 0.036 0.043 0.038 0.018 0.028 0.039 0.043 0.014 0.053 0.065 0.045 0.02 0.024 0.028 0.093 0.246 0.006 0.018 0.071
51 A 0.29 0.031 0.026 0.03 0.022 0.026 0.04 0.078 0.015 0.043 0.059 0.045 0.018 0.022 0.03 0.085 0.05 0.005 0.018 0.069
52 A 0.29 0.031 0.026 0.03 0.022 0.026 0.04 0.078 0.015 0.043 0.059 0.045 0.018 0.022 0.03 0.085 0.05 0.005 0.018 0.069
53 L 0.045 0.024 0.014 0.015 0.016 0.016 0.02 0.021 0.01 0.115 0.375 0.025 0.05 0.055 0.014 0.024 0.033 0.007 0.022 0.096
54 C 0.065 0.016 0.016 0.016 0.484 0.012 0.016 0.032 0.008 0.045 0.065 0.02 0.016 0.02 0.016 0.041 0.037 0.004 0.012 0.057
55 G 0.078 0.023 0.039 0.034 0.011 0.019 0.026 0.51 0.014 0.019 0.028 0.034 0.009 0.016 0.019 0.051 0.03 0.005 0.011 0.024
56 G 0.078 0.023 0.039 0.034 0.011 0.019 0.026 0.51 0.014 0.019 0.028 0.034 0.009 0.016 0.019 0.051 0.03 0.005 0.011 0.024
57 G 0.078 0.023 0.039 0.034 0.011 0.019 0.026 0.51 0.014 0.019 0.028 0.034 0.009 0.016 0.019 0.051 0.03 0.005 0.011 0.024
58 C 0.065 0.016 0.016 0.016 0.484 0.012 0.016 0.032 0.008 0.045 0.065 0.02 0.016 0.02 0.016 0.041 0.037 0.004 0.012 0.057
59 I 0.047 0.018 0.015 0.018 0.016 0.013 0.018 0.021 0.009 0.271 0.168 0.024 0.037 0.044 0.015 0.025 0.04 0.006 0.021 0.177
60 L 0.045 0.024 0.014 0.015 0.016 0.016 0.02 0.021 0.01 0.115 0.375 0.025 0.05 0.055 0.014 0.024 0.033 0.007 0.022 0.096
61 L 0.045 0.024 0.014 0.015 0.016 0.016 0.02 0.021 0.01 0.115 0.375 0.025 0.05 0.055 0.014 0.024 0.033 0.007 0.022 0.096
62 L 0.045 0.024 0.014 0.015 0.016 0.016 0.02 0.021 0.01 0.115 0.375 0.025 0.05 0.055 0.014 0.024 0.033 0.007 0.022 0.096
63 L 0.045 0.024 0.014 0.015 0.016 0.016 0.02 0.021 0.01 0.115 0.375 0.025 0.05 0.055 0.014 0.024 0.033 0.007 0.022 0.096
64 R 0.045 0.345 0.039 0.031 0.008 0.048 0.052 0.033 0.023 0.023 0.047 0.12 0.016 0.017 0.019 0.045 0.035 0.006 0.017 0.031
65 R 0.045 0.345 0.039 0.031 0.008 0.048 0.052 0.033 0.023 0.023 0.047 0.12 0.016 0.017 0.019 0.045 0.035 0.006 0.017 0.031
66 P 0.123 0.042 0.032 0.034 0.013 0.028 0.043 0.106 0.015 0.029 0.041 0.092 0.013 0.016 0.194 0.078 0.043 0.004 0.015 0.039
67 E 0.08 0.059 0.036 0.059 0.01 0.069 0.185 0.039 0.021 0.038 0.048 0.126 0.016 0.018 0.024 0.053 0.039 0.005 0.017 0.059
68 W 0.04 0.024 0.049 0.024 0.01 0.017 0.026 0.033 0.016 0.074 0.07 0.027 0.018 0.081 0.012 0.048 0.032 0.293 0.051 0.054
69 L 0.067 0.023 0.015 0.016 0.015 0.016 0.022 0.027 0.014 0.108 0.283 0.026 0.038 0.056 0.015 0.029 0.033 0.056 0.055 0.086
70 I 0.108 0.025 0.025 0.025 0.017 0.019 0.028 0.039 0.011 0.172 0.109 0.033 0.026 0.032 0.021 0.069 0.089 0.005 0.018 0.127
71 L 0.065 0.024 0.018 0.017 0.013 0.017 0.024 0.027 0.023 0.071 0.199 0.027 0.03 0.142 0.015 0.031 0.03 0.015 0.145 0.066
72 F 0.052 0.02 0.018 0.018 0.013 0.013 0.02 0.072 0.013 0.099 0.17 0.023 0.029 0.214 0.013 0.029 0.031 0.011 0.05 0.093
73 V 0.057 0.028 0.02 0.022 0.016 0.052 0.033 0.025 0.012 0.172 0.128 0.035 0.046 0.034 0.016 0.033 0.043 0.006 0.02 0.202
74 L 0.07 0.02 0.015 0.017 0.015 0.014 0.02 0.026 0.011 0.177 0.191 0.024 0.034 0.111 0.015 0.03 0.036 0.008 0.032 0.133
75 L 0.044 0.02 0.015 0.017 0.014 0.014 0.019 0.022 0.014 0.177 0.185 0.023 0.038 0.121 0.014 0.025 0.034 0.01 0.063 0.131
76 F 0.038 0.023 0.017 0.017 0.011 0.017 0.022 0.025 0.02 0.069 0.156 0.025 0.058 0.201 0.012 0.027 0.028 0.062 0.111 0.062
77 P 0.06 0.03 0.055 0.033 0.059 0.041 0.038 0.037 0.015 0.073 0.064 0.041 0.017 0.021 0.205 0.062 0.043 0.004 0.015 0.088
78 F 0.043 0.021 0.018 0.018 0.089 0.014 0.021 0.026 0.016 0.065 0.148 0.023 0.026 0.22 0.014 0.033 0.052 0.013 0.08 0.061
79 F 0.058 0.025 0.025 0.024 0.06 0.018 0.027 0.034 0.014 0.087 0.101 0.03 0.039 0.161 0.017 0.076 0.064 0.009 0.041 0.089
80 F 0.042 0.024 0.018 0.023 0.012 0.019 0.049 0.025 0.015 0.099 0.148 0.027 0.054 0.215 0.014 0.029 0.032 0.011 0.051 0.094
81 L 0.062 0.034 0.029 0.028 0.013 0.023 0.033 0.129 0.014 0.056 0.148 0.059 0.039 0.065 0.065 0.077 0.041 0.007 0.023 0.054
82 F 0.065 0.022 0.018 0.018 0.011 0.015 0.023 0.077 0.017 0.055 0.133 0.025 0.023 0.156 0.013 0.032 0.028 0.138 0.079 0.052
83 L 0.049 0.023 0.015 0.016 0.014 0.016 0.021 0.024 0.012 0.092 0.282 0.024 0.059 0.152 0.013 0.027 0.031 0.009 0.039 0.08
84 V 0.049 0.117 0.024 0.023 0.013 0.028 0.033 0.027 0.015 0.118 0.114 0.075 0.057 0.067 0.017 0.035 0.037 0.007 0.025 0.12
85 D 0.056 0.039 0.082 0.222 0.009 0.056 0.123 0.047 0.021 0.023 0.033 0.055 0.012 0.016 0.023 0.091 0.044 0.004 0.014 0.029
86 L 0.06 0.03 0.026 0.065 0.014 0.045 0.064 0.029 0.014 0.127 0.142 0.039 0.059 0.034 0.018 0.037 0.039 0.006 0.019 0.133
87 L 0.042 0.021 0.015 0.015 0.014 0.014 0.019 0.022 0.011 0.119 0.271 0.022 0.038 0.151 0.013 0.024 0.032 0.009 0.039 0.108
88 G 0.069 0.034 0.039 0.033 0.01 0.024 0.034 0.347 0.052 0.022 0.034 0.061 0.011 0.027 0.02 0.066 0.034 0.007 0.047 0.027
89 L 0.05 0.022 0.015 0.016 0.014 0.015 0.02 0.023 0.012 0.114 0.285 0.024 0.054 0.129 0.014 0.026 0.032 0.009 0.035 0.089
90 P 0.054 0.025 0.022 0.03 0.01 0.02 0.035 0.035 0.012 0.025 0.035 0.04 0.01 0.012 0.515 0.042 0.035 0.002 0.012 0.03
91 S 0.087 0.035 0.078 0.082 0.014 0.029 0.049 0.149 0.018 0.025 0.035 0.047 0.013 0.018 0.025 0.179 0.062 0.005 0.015 0.034
92 L 0.124 0.026 0.024 0.025 0.016 0.02 0.03 0.043 0.013 0.091 0.144 0.033 0.027 0.103 0.02 0.082 0.045 0.008 0.031 0.095
93 L 0.053 0.023 0.02 0.02 0.016 0.016 0.023 0.026 0.011 0.133 0.168 0.027 0.031 0.108 0.016 0.038 0.082 0.008 0.032 0.151
94 K 0.054 0.089 0.041 0.106 0.011 0.037 0.057 0.038 0.017 0.048 0.064 0.147 0.033 0.021 0.023 0.053 0.075 0.005 0.016 0.066
95 Y 0.039 0.026 0.02 0.017 0.01 0.019 0.025 0.024 0.039 0.05 0.101 0.028 0.021 0.145 0.014 0.029 0.027 0.024 0.292 0.05
96 L 0.08 0.025 0.02 0.02 0.017 0.019 0.025 0.03 0.01 0.111 0.22 0.03 0.039 0.038 0.018 0.043 0.083 0.006 0.02 0.145
97 L 0.105 0.026 0.022 0.023 0.017 0.021 0.028 0.036 0.012 0.128 0.144 0.033 0.059 0.035 0.019 0.049 0.085 0.006 0.019 0.134
98 D 0.039 0.028 0.066 0.426 0.007 0.028 0.087 0.044 0.018 0.021 0.027 0.043 0.009 0.014 0.021 0.05 0.034 0.004 0.011 0.023
99 L 0.048 0.02 0.015 0.016 0.015 0.014 0.019 0.022 0.01 0.149 0.23 0.023 0.036 0.112 0.014 0.026 0.036 0.008 0.032 0.156
100 I 0.081 0.024 0.022 0.022 0.016 0.019 0.025 0.077 0.012 0.161 0.152 0.03 0.06 0.037 0.017 0.055 0.042 0.006 0.019 0.125
101 W 0.044 0.027 0.078 0.029 0.012 0.02 0.027 0.033 0.015 0.087 0.141 0.031 0.04 0.041 0.014 0.038 0.057 0.145 0.031 0.086
102 I 0.048 0.019 0.015 0.016 0.06 0.013 0.018 0.022 0.009 0.201 0.186 0.022 0.034 0.075 0.014 0.026 0.037 0.007 0.025 0.154
103 L 0.049 0.022 0.015 0.016 0.016 0.015 0.02 0.022 0.01 0.134 0.269 0.024 0.038 0.078 0.014 0.028 0.043 0.007 0.026 0.152
104 L 0.045 0.02 0.014 0.015 0.105 0.014 0.018 0.022 0.01 0.129 0.271 0.022 0.037 0.077 0.014 0.026 0.033 0.007 0.025 0.095
105 L 0.043 0.022 0.015 0.016 0.059 0.015 0.019 0.022 0.011 0.111 0.278 0.023 0.053 0.114 0.013 0.026 0.032 0.008 0.032 0.088
106 F 0.049 0.021 0.02 0.019 0.014 0.014 0.021 0.071 0.012 0.122 0.136 0.024 0.027 0.173 0.014 0.033 0.055 0.009 0.042 0.121
107 L 0.065 0.022 0.016 0.017 0.014 0.015 0.021 0.026 0.015 0.12 0.217 0.024 0.033 0.153 0.014 0.029 0.032 0.011 0.068 0.088
108 L 0.078 0.033 0.026 0.034 0.014 0.052 0.08 0.034 0.016 0.108 0.143 0.042 0.027 0.066 0.019 0.059 0.041 0.007 0.025 0.098
109 L 0.046 0.021 0.017 0.018 0.014 0.015 0.02 0.069 0.012 0.127 0.2 0.024 0.048 0.144 0.013 0.028 0.032 0.009 0.037 0.108
110 N 0.043 0.045 0.315 0.083 0.009 0.034 0.05 0.065 0.032 0.023 0.032 0.054 0.011 0.018 0.02 0.07 0.05 0.005 0.016 0.027
111 L 0.095 0.074 0.031 0.029 0.015 0.027 0.037 0.095 0.014 0.069 0.114 0.074 0.023 0.027 0.021 0.082 0.046 0.005 0.017 0.104
112 N 0.043 0.045 0.317 0.083 0.009 0.034 0.049 0.065 0.032 0.022 0.032 0.054 0.011 0.018 0.02 0.07 0.049 0.004 0.016 0.027
113 K 0.063 0.074 0.04 0.039 0.011 0.06 0.06 0.043 0.019 0.032 0.049 0.193 0.016 0.053 0.025 0.09 0.066 0.006 0.023 0.038
114 S 0.11 0.04 0.054 0.049 0.018 0.033 0.052 0.066 0.019 0.03 0.042 0.054 0.016 0.021 0.03 0.22 0.082 0.005 0.018 0.042
115 I 0.052 0.068 0.024 0.025 0.013 0.025 0.033 0.029 0.013 0.15 0.131 0.086 0.027 0.067 0.018 0.052 0.04 0.006 0.025 0.114
116 K 0.058 0.074 0.04 0.074 0.01 0.037 0.056 0.042 0.019 0.033 0.053 0.166 0.016 0.096 0.023 0.086 0.043 0.007 0.03 0.037
117 Q 0.056 0.074 0.044 0.047 0.009 0.215 0.103 0.041 0.029 0.026 0.047 0.091 0.021 0.015 0.024 0.056 0.041 0.006 0.021 0.035
118 G 0.078 0.023 0.039 0.034 0.011 0.019 0.026 0.51 0.014 0.019 0.028 0.034 0.009 0.016 0.019 0.051 0.03 0.005 0.011 0.024
119 K 0.052 0.141 0.039 0.043 0.008 0.088 0.094 0.038 0.022 0.025 0.042 0.214 0.015 0.015 0.024 0.05 0.037 0.005 0.017 0.031
120 L 0.063 0.033 0.029 0.028 0.014 0.023 0.031 0.124 0.013 0.088 0.14 0.059 0.04 0.031 0.02 0.065 0.084 0.006 0.017 0.091
121 F 0.047 0.062 0.053 0.028 0.012 0.022 0.031 0.032 0.016 0.125 0.117 0.061 0.025 0.136 0.016 0.053 0.038 0.008 0.036 0.082
122 K 0.077 0.086 0.063 0.072 0.012 0.031 0.045 0.04 0.017 0.074 0.075 0.093 0.035 0.023 0.07 0.047 0.039 0.005 0.017 0.08
123 L 0.071 0.077 0.134 0.044 0.011 0.031 0.042 0.06 0.02 0.048 0.138 0.096 0.022 0.026 0.02 0.05 0.039 0.005 0.017 0.049
124 R 0.074 0.105 0.036 0.067 0.012 0.032 0.047 0.04 0.019 0.079 0.066 0.102 0.018 0.032 0.022 0.083 0.051 0.007 0.047 0.061
125 R 0.048 0.144 0.069 0.076 0.008 0.056 0.054 0.087 0.023 0.025 0.04 0.094 0.013 0.026 0.069 0.047 0.035 0.007 0.048 0.03
126 V 0.054 0.024 0.028 0.063 0.015 0.019 0.032 0.03 0.012 0.117 0.099 0.03 0.024 0.106 0.018 0.048 0.11 0.007 0.031 0.132
127 L 0.052 0.032 0.02 0.02 0.016 0.028 0.028 0.028 0.016 0.101 0.197 0.036 0.158 0.048 0.016 0.036 0.04 0.008 0.024 0.093
128 G 0.079 0.023 0.039 0.034 0.011 0.019 0.026 0.508 0.014 0.019 0.028 0.034 0.009 0.016 0.019 0.051 0.03 0.005 0.011 0.024
129 K 0.057 0.107 0.042 0.042 0.009 0.054 0.071 0.043 0.021 0.028 0.043 0.276 0.016 0.016 0.028 0.054 0.04 0.005 0.017 0.033
130 V 0.113 0.041 0.027 0.027 0.015 0.027 0.036 0.09 0.013 0.092 0.088 0.089 0.039 0.027 0.021 0.052 0.065 0.005 0.018 0.115
131 P 0.052 0.032 0.023 0.026 0.012 0.021 0.032 0.031 0.013 0.061 0.128 0.06 0.022 0.064 0.217 0.041 0.059 0.006 0.023 0.076
132 L 0.073 0.033 0.023 0.03 0.013 0.063 0.065 0.032 0.015 0.09 0.166 0.042 0.028 0.066 0.063 0.039 0.036 0.006 0.025 0.09
133 L 0.065 0.022 0.019 0.019 0.015 0.015 0.023 0.029 0.012 0.131 0.192 0.026 0.032 0.143 0.015 0.049 0.038 0.009 0.037 0.11
134 L 0.054 0.049 0.023 0.023 0.058 0.04 0.032 0.029 0.02 0.091 0.114 0.038 0.024 0.085 0.017 0.053 0.039 0.011 0.095 0.106
135 L 0.05 0.022 0.017 0.018 0.015 0.016 0.022 0.025 0.01 0.171 0.225 0.026 0.035 0.044 0.015 0.045 0.039 0.052 0.024 0.128
136 V 0.082 0.021 0.016 0.018 0.017 0.016 0.022 0.028 0.009 0.177 0.121 0.026 0.029 0.038 0.016 0.033 0.042 0.056 0.024 0.211
137 P 0.057 0.026 0.023 0.031 0.01 0.021 0.036 0.036 0.013 0.026 0.036 0.041 0.01 0.013 0.494 0.044 0.036 0.003 0.013 0.031
138 L 0.081 0.023 0.02 0.02 0.015 0.017 0.023 0.12 0.01 0.111 0.174 0.028 0.029 0.036 0.016 0.037 0.044 0.037 0.021 0.137
139 A 0.15 0.024 0.02 0.022 0.061 0.018 0.026 0.089 0.012 0.066 0.133 0.03 0.024 0.099 0.019 0.049 0.037 0.007 0.029 0.085
140 F 0.036 0.019 0.016 0.016 0.011 0.012 0.019 0.023 0.017 0.105 0.136 0.021 0.027 0.256 0.011 0.024 0.027 0.06 0.089 0.074
141 L 0.041 0.021 0.015 0.015 0.014 0.014 0.019 0.022 0.012 0.096 0.272 0.022 0.037 0.183 0.012 0.024 0.03 0.01 0.044 0.097
142 L 0.084 0.022 0.018 0.019 0.016 0.016 0.022 0.074 0.01 0.149 0.218 0.027 0.034 0.039 0.016 0.034 0.038 0.006 0.019 0.139
143 Y 0.052 0.025 0.023 0.021 0.102 0.019 0.026 0.03 0.027 0.067 0.075 0.029 0.019 0.106 0.017 0.056 0.057 0.016 0.174 0.06
144 T 0.087 0.028 0.028 0.026 0.016 0.023 0.03 0.081 0.012 0.08 0.124 0.035 0.055 0.031 0.021 0.058 0.128 0.006 0.018 0.112
145 L 0.077 0.024 0.021 0.022 0.015 0.017 0.025 0.032 0.012 0.133 0.164 0.029 0.035 0.106 0.017 0.057 0.062 0.008 0.031 0.113
146 L 0.072 0.02 0.015 0.017 0.016 0.014 0.02 0.026 0.01 0.176 0.188 0.024 0.033 0.097 0.015 0.03 0.037 0.007 0.03 0.15
147 G 0.081 0.027 0.038 0.034 0.014 0.022 0.032 0.268 0.013 0.049 0.051 0.037 0.015 0.021 0.021 0.106 0.068 0.005 0.014 0.083
148 Y 0.11 0.03 0.022 0.022 0.013 0.041 0.034 0.037 0.028 0.072 0.111 0.037 0.023 0.073 0.019 0.043 0.035 0.015 0.169 0.066
149 L 0.046 0.021 0.015 0.016 0.06 0.014 0.019 0.023 0.011 0.135 0.228 0.023 0.045 0.111 0.014 0.027 0.034 0.008 0.031 0.121
150 F 0.039 0.02 0.015 0.016 0.013 0.013 0.019 0.023 0.013 0.096 0.198 0.021 0.031 0.216 0.012 0.024 0.029 0.057 0.054 0.092
151 N 0.041 0.043 0.264 0.066 0.009 0.05 0.049 0.054 0.061 0.025 0.039 0.051 0.013 0.054 0.019 0.059 0.042 0.006 0.025 0.029
152 F 0.045 0.06 0.024 0.023 0.011 0.041 0.034 0.029 0.024 0.055 0.133 0.04 0.025 0.162 0.016 0.051 0.033 0.014 0.127 0.052
153 Q 0.081 0.048 0.031 0.033 0.013 0.145 0.065 0.036 0.019 0.088 0.078 0.06 0.024 0.023 0.02 0.047 0.042 0.005 0.019 0.122
154 S 0.083 0.039 0.095 0.084 0.014 0.031 0.052 0.058 0.02 0.026 0.037 0.057 0.013 0.018 0.071 0.183 0.064 0.004 0.015 0.035
155 P 0.054 0.021 0.02 0.023 0.013 0.016 0.025 0.073 0.011 0.128 0.091 0.03 0.022 0.061 0.197 0.034 0.036 0.005 0.022 0.119
156 L 0.065 0.021 0.016 0.017 0.014 0.014 0.02 0.027 0.012 0.121 0.221 0.023 0.034 0.18 0.014 0.029 0.032 0.01 0.044 0.089
157 L 0.04 0.025 0.017 0.016 0.012 0.018 0.023 0.022 0.029 0.073 0.22 0.027 0.031 0.092 0.014 0.027 0.029 0.018 0.201 0.066
158 F 0.038 0.021 0.017 0.017 0.011 0.015 0.021 0.023 0.025 0.101 0.103 0.023 0.024 0.231 0.013 0.026 0.028 0.018 0.167 0.078
159 L 0.045 0.021 0.014 0.015 0.06 0.015 0.018 0.021 0.009 0.139 0.329 0.023 0.042 0.047 0.014 0.025 0.033 0.006 0.02 0.102
160 W 0.03 0.024 0.045 0.02 0.007 0.016 0.024 0.032 0.016 0.028 0.049 0.024 0.014 0.054 0.008 0.026 0.024 0.47 0.06 0.029
161 G 0.1 0.024 0.037 0.033 0.012 0.02 0.028 0.449 0.013 0.021 0.031 0.035 0.01 0.016 0.02 0.071 0.035 0.005 0.011 0.029
162 L 0.046 0.022 0.018 0.018 0.013 0.016 0.021 0.07 0.015 0.121 0.158 0.026 0.06 0.139 0.014 0.029 0.033 0.01 0.065 0.104
163 R 0.042 0.376 0.037 0.03 0.007 0.046 0.05 0.031 0.022 0.022 0.044 0.114 0.015 0.017 0.018 0.042 0.033 0.006 0.017 0.03
164 N 0.046 0.042 0.322 0.076 0.009 0.032 0.047 0.062 0.029 0.022 0.031 0.051 0.011 0.017 0.02 0.084 0.05 0.004 0.015 0.027
165 N 0.052 0.039 0.236 0.062 0.011 0.029 0.043 0.055 0.024 0.035 0.071 0.047 0.016 0.022 0.021 0.084 0.091 0.005 0.016 0.041
166 F 0.037 0.02 0.016 0.016 0.012 0.013 0.019 0.023 0.014 0.095 0.174 0.021 0.045 0.282 0.012 0.025 0.028 0.013 0.062 0.073
167 R 0.042 0.376 0.037 0.03 0.007 0.046 0.05 0.031 0.022 0.022 0.044 0.114 0.015 0.017 0.018 0.042 0.033 0.006 0.017 0.03
168 F 0.032 0.018 0.016 0.016 0.01 0.01 0.018 0.024 0.016 0.06 0.109 0.018 0.024 0.416 0.01 0.024 0.024 0.016 0.085 0.052
169 F 0.036 0.023 0.019 0.017 0.009 0.016 0.023 0.024 0.032 0.05 0.085 0.024 0.021 0.257 0.013 0.027 0.026 0.022 0.23 0.048
170 V 0.059 0.021 0.016 0.017 0.017 0.016 0.021 0.023 0.009 0.174 0.162 0.025 0.048 0.038 0.015 0.029 0.043 0.006 0.02 0.24
171 F 0.138 0.022 0.019 0.021 0.014 0.015 0.026 0.043 0.015 0.053 0.09 0.027 0.021 0.272 0.017 0.045 0.033 0.012 0.06 0.057
172 F 0.032 0.018 0.016 0.016 0.01 0.01 0.018 0.024 0.016 0.06 0.109 0.018 0.024 0.416 0.01 0.024 0.024 0.016 0.085 0.052
173 F 0.067 0.021 0.016 0.018 0.014 0.014 0.021 0.028 0.013 0.12 0.149 0.024 0.044 0.211 0.014 0.031 0.033 0.011 0.049 0.104
174 A 0.228 0.027 0.024 0.027 0.019 0.022 0.034 0.059 0.013 0.094 0.106 0.038 0.023 0.027 0.024 0.081 0.047 0.005 0.018 0.084
175 C 0.051 0.016 0.016 0.016 0.327 0.011 0.016 0.028 0.011 0.049 0.079 0.019 0.019 0.164 0.014 0.033 0.031 0.008 0.038 0.054
176 I 0.104 0.021 0.017 0.019 0.017 0.016 0.023 0.031 0.009 0.203 0.128 0.027 0.03 0.035 0.017 0.037 0.043 0.005 0.019 0.199
177 L 0.089 0.024 0.025 0.024 0.106 0.019 0.027 0.082 0.012 0.107 0.12 0.031 0.04 0.03 0.019 0.078 0.045 0.005 0.017 0.1
178 F 0.039 0.019 0.015 0.016 0.057 0.012 0.018 0.023 0.013 0.095 0.19 0.02 0.031 0.247 0.012 0.025 0.028 0.011 0.055 0.074
179 L 0.042 0.022 0.014 0.015 0.015 0.014 0.019 0.021 0.01 0.141 0.334 0.023 0.043 0.083 0.013 0.023 0.032 0.007 0.027 0.102
180 D 0.055 0.051 0.102 0.114 0.01 0.04 0.108 0.046 0.055 0.026 0.037 0.1 0.013 0.018 0.023 0.081 0.064 0.005 0.019 0.032
181 E 0.1 0.056 0.036 0.055 0.011 0.046 0.161 0.044 0.02 0.039 0.049 0.127 0.015 0.018 0.025 0.073 0.043 0.005 0.017 0.061
182 E 0.053 0.104 0.043 0.119 0.009 0.042 0.131 0.039 0.021 0.026 0.04 0.087 0.013 0.022 0.022 0.069 0.06 0.037 0.028 0.033
183 D 0.049 0.034 0.08 0.221 0.009 0.032 0.089 0.044 0.055 0.027 0.037 0.046 0.012 0.027 0.022 0.071 0.06 0.007 0.048 0.031
184 V 0.105 0.021 0.017 0.019 0.018 0.016 0.023 0.031 0.009 0.194 0.126 0.027 0.03 0.035 0.017 0.037 0.044 0.005 0.019 0.207
185 E 0.047 0.044 0.094 0.094 0.009 0.041 0.151 0.038 0.055 0.056 0.079 0.076 0.017 0.023 0.021 0.048 0.036 0.005 0.02 0.046
186 K 0.053 0.083 0.12 0.045 0.01 0.034 0.046 0.089 0.021 0.035 0.076 0.121 0.017 0.056 0.02 0.068 0.041 0.006 0.022 0.037
187 L 0.069 0.022 0.017 0.018 0.014 0.016 0.023 0.027 0.02 0.138 0.161 0.026 0.029 0.098 0.015 0.031 0.034 0.012 0.116 0.113
188 L 0.044 0.02 0.015 0.016 0.014 0.014 0.02 0.023 0.012 0.135 0.182 0.023 0.047 0.179 0.013 0.026 0.034 0.01 0.044 0.13
189 K 0.066 0.093 0.127 0.074 0.01 0.04 0.057 0.051 0.022 0.025 0.038 0.151 0.013 0.017 0.024 0.093 0.047 0.005 0.016 0.032
190 L 0.042 0.021 0.014 0.015 0.014 0.014 0.019 0.022 0.011 0.118 0.277 0.022 0.038 0.149 0.013 0.024 0.032 0.009 0.038 0.107
191 F 0.037 0.02 0.015 0.016 0.013 0.012 0.018 0.022 0.013 0.101 0.221 0.021 0.034 0.25 0.012 0.024 0.028 0.012 0.056 0.077
192 D 0.049 0.049 0.053 0.249 0.008 0.034 0.073 0.043 0.021 0.025 0.035 0.116 0.012 0.025 0.023 0.067 0.038 0.006 0.044 0.029
193 V 0.066 0.07 0.023 0.023 0.012 0.026 0.034 0.032 0.017 0.073 0.103 0.087 0.022 0.042 0.017 0.038 0.043 0.1 0.057 0.115
194 L 0.042 0.022 0.014 0.015 0.015 0.015 0.019 0.021 0.011 0.132 0.312 0.024 0.057 0.094 0.013 0.024 0.032 0.008 0.029 0.098
195 F 0.037 0.025 0.018 0.019 0.011 0.034 0.026 0.025 0.019 0.064 0.153 0.026 0.027 0.287 0.012 0.027 0.027 0.014 0.091 0.057
196 W 0.038 0.023 0.018 0.017 0.011 0.016 0.023 0.026 0.046 0.1 0.113 0.024 0.024 0.082 0.011 0.025 0.028 0.239 0.049 0.086
197 L 0.097 0.022 0.016 0.019 0.017 0.017 0.023 0.031 0.01 0.172 0.207 0.028 0.05 0.041 0.017 0.036 0.039 0.006 0.02 0.134
198 N 0.041 0.043 0.322 0.075 0.008 0.032 0.047 0.06 0.062 0.021 0.031 0.051 0.011 0.018 0.019 0.064 0.045 0.005 0.019 0.025
199 V 0.075 0.02 0.018 0.019 0.015 0.015 0.022 0.074 0.011 0.13 0.137 0.025 0.028 0.138 0.015 0.033 0.036 0.008 0.036 0.144
200 L 0.084 0.022 0.017 0.02 0.016 0.016 0.024 0.03 0.01 0.16 0.163 0.029 0.03 0.034 0.108 0.035 0.039 0.005 0.018 0.141
201 L 0.053 0.024 0.016 0.017 0.016 0.018 0.022 0.023 0.01 0.141 0.221 0.027 0.082 0.043 0.015 0.029 0.04 0.006 0.021 0.175
202 C 0.076 0.027 0.031 0.029 0.151 0.022 0.031 0.041 0.013 0.084 0.079 0.035 0.031 0.026 0.021 0.12 0.075 0.005 0.016 0.089
203 L 0.062 0.027 0.028 0.027 0.06 0.02 0.029 0.035 0.012 0.086 0.165 0.033 0.028 0.067 0.02 0.085 0.109 0.007 0.024 0.076
204 F 0.038 0.022 0.018 0.017 0.01 0.015 0.022 0.024 0.028 0.061 0.09 0.024 0.022 0.249 0.013 0.027 0.027 0.02 0.199 0.072
205 Q 0.053 0.07 0.042 0.045 0.008 0.252 0.098 0.039 0.028 0.025 0.045 0.087 0.02 0.014 0.022 0.053 0.039 0.006 0.02 0.034
206 F 0.036 0.024 0.021 0.019 0.009 0.017 0.025 0.025 0.063 0.048 0.082 0.026 0.02 0.248 0.013 0.028 0.025 0.02 0.203 0.046
207 F 0.032 0.018 0.016 0.016 0.01 0.01 0.018 0.025 0.016 0.058 0.103 0.018 0.023 0.384 0.01 0.024 0.024 0.062 0.083 0.05
208 V 0.058 0.02 0.016 0.017 0.017 0.015 0.021 0.022 0.011 0.187 0.129 0.025 0.03 0.044 0.015 0.029 0.043 0.007 0.05 0.243
209 L 0.047 0.041 0.024 0.026 0.013 0.103 0.049 0.028 0.017 0.078 0.254 0.048 0.051 0.038 0.017 0.035 0.035 0.006 0.021 0.07
210 G 0.097 0.023 0.036 0.032 0.011 0.019 0.026 0.492 0.013 0.02 0.03 0.033 0.01 0.016 0.019 0.052 0.03 0.005 0.011 0.027
211 Y 0.047 0.038 0.022 0.021 0.056 0.024 0.031 0.027 0.027 0.08 0.105 0.079 0.022 0.073 0.017 0.033 0.033 0.015 0.169 0.082
212 R 0.077 0.115 0.041 0.071 0.01 0.076 0.062 0.042 0.056 0.027 0.044 0.113 0.016 0.027 0.022 0.068 0.039 0.007 0.05 0.035
213 Q 0.049 0.078 0.041 0.107 0.009 0.129 0.072 0.082 0.022 0.03 0.053 0.066 0.032 0.021 0.019 0.047 0.035 0.052 0.021 0.035
214 D 0.039 0.028 0.066 0.426 0.007 0.028 0.087 0.044 0.018 0.021 0.027 0.043 0.009 0.014 0.021 0.05 0.034 0.004 0.011 0.023
215 F 0.038 0.058 0.053 0.025 0.01 0.021 0.029 0.029 0.059 0.066 0.081 0.036 0.02 0.186 0.014 0.033 0.029 0.016 0.144 0.053
216 L 0.042 0.023 0.014 0.014 0.015 0.015 0.019 0.02 0.01 0.11 0.405 0.024 0.047 0.052 0.014 0.023 0.032 0.007 0.021 0.092
217 G 0.075 0.022 0.037 0.032 0.01 0.018 0.024 0.533 0.013 0.018 0.027 0.032 0.009 0.015 0.018 0.049 0.028 0.005 0.01 0.023
218 G 0.075 0.022 0.037 0.032 0.01 0.018 0.024 0.533 0.013 0.018 0.027 0.032 0.009 0.015 0.018 0.049 0.028 0.005 0.01 0.023
219 L 0.042 0.019 0.015 0.016 0.014 0.013 0.018 0.022 0.011 0.167 0.183 0.021 0.033 0.179 0.013 0.025 0.033 0.01 0.044 0.125
220 F 0.032 0.018 0.016 0.016 0.01 0.01 0.018 0.024 0.016 0.06 0.109 0.018 0.024 0.416 0.01 0.024 0.024 0.016 0.085 0.052
221 G 0.075 0.022 0.037 0.032 0.01 0.018 0.024 0.533 0.013 0.018 0.027 0.032 0.009 0.015 0.018 0.049 0.028 0.005 0.01 0.023
222 V 0.069 0.028 0.03 0.028 0.017 0.022 0.031 0.035 0.011 0.11 0.091 0.035 0.024 0.028 0.022 0.077 0.156 0.005 0.018 0.16
223 E 0.078 0.045 0.037 0.065 0.009 0.098 0.159 0.114 0.022 0.024 0.04 0.062 0.014 0.019 0.022 0.052 0.035 0.052 0.02 0.033
224 S 0.075 0.076 0.04 0.036 0.014 0.033 0.045 0.09 0.017 0.046 0.062 0.098 0.033 0.022 0.024 0.125 0.074 0.005 0.017 0.067
225 G 0.074 0.022 0.035 0.031 0.011 0.018 0.024 0.487 0.012 0.031 0.036 0.031 0.011 0.017 0.018 0.047 0.03 0.005 0.011 0.049
226 C 0.066 0.019 0.021 0.02 0.419 0.015 0.021 0.035 0.009 0.042 0.06 0.024 0.016 0.02 0.018 0.063 0.061 0.004 0.013 0.054
227 N 0.041 0.043 0.349 0.079 0.009 0.032 0.047 0.062 0.03 0.021 0.03 0.051 0.011 0.017 0.019 0.066 0.047 0.004 0.015 0.026
228 G 0.15 0.03 0.034 0.032 0.014 0.042 0.038 0.276 0.015 0.035 0.045 0.042 0.014 0.018 0.022 0.077 0.041 0.005 0.014 0.055
229 Y 0.039 0.027 0.021 0.018 0.009 0.021 0.027 0.024 0.044 0.042 0.065 0.03 0.018 0.125 0.015 0.03 0.027 0.027 0.35 0.044
230 L 0.064 0.029 0.027 0.025 0.017 0.023 0.03 0.033 0.012 0.095 0.142 0.035 0.074 0.034 0.019 0.067 0.11 0.006 0.02 0.137
231 N 0.051 0.033 0.201 0.053 0.101 0.025 0.036 0.049 0.021 0.06 0.083 0.04 0.017 0.023 0.018 0.071 0.045 0.005 0.015 0.051
232 V 0.06 0.022 0.02 0.02 0.017 0.017 0.023 0.025 0.009 0.187 0.125 0.027 0.03 0.035 0.017 0.039 0.087 0.005 0.019 0.216
233 F 0.039 0.022 0.018 0.018 0.012 0.014 0.021 0.025 0.017 0.071 0.175 0.023 0.034 0.254 0.013 0.031 0.05 0.014 0.085 0.064
234 L 0.04 0.022 0.015 0.015 0.014 0.015 0.02 0.022 0.012 0.095 0.305 0.023 0.055 0.151 0.013 0.024 0.03 0.009 0.039 0.081
235 C 0.079 0.021 0.017 0.018 0.195 0.016 0.021 0.03 0.01 0.116 0.139 0.026 0.057 0.033 0.016 0.037 0.038 0.005 0.017 0.108
236 I 0.046 0.018 0.014 0.016 0.016 0.013 0.018 0.02 0.009 0.261 0.202 0.023 0.037 0.043 0.014 0.024 0.037 0.006 0.02 0.163
237 I 0.051 0.02 0.016 0.017 0.016 0.016 0.02 0.022 0.012 0.222 0.144 0.025 0.047 0.048 0.015 0.027 0.039 0.008 0.05 0.187
238 V 0.058 0.024 0.022 0.022 0.017 0.019 0.025 0.027 0.01 0.159 0.148 0.03 0.045 0.036 0.018 0.044 0.107 0.006 0.019 0.163
239 I 0.108 0.029 0.032 0.03 0.017 0.023 0.034 0.044 0.013 0.118 0.113 0.038 0.024 0.03 0.023 0.11 0.102 0.005 0.018 0.089
240 K 0.045 0.085 0.03 0.028 0.01 0.033 0.043 0.031 0.055 0.082 0.073 0.139 0.02 0.078 0.019 0.038 0.033 0.01 0.087 0.059
241 S 0.088 0.031 0.038 0.035 0.017 0.025 0.039 0.047 0.014 0.077 0.073 0.041 0.021 0.025 0.024 0.16 0.085 0.005 0.018 0.138
242 L 0.077 0.023 0.016 0.017 0.061 0.017 0.022 0.028 0.01 0.127 0.224 0.026 0.05 0.04 0.016 0.033 0.039 0.006 0.02 0.15
243 L 0.1 0.023 0.016 0.018 0.017 0.017 0.023 0.031 0.01 0.128 0.243 0.027 0.036 0.041 0.017 0.036 0.039 0.006 0.02 0.152
244 R 0.059 0.1 0.063 0.045 0.056 0.056 0.097 0.04 0.02 0.04 0.088 0.063 0.034 0.023 0.021 0.084 0.044 0.005 0.017 0.045
245 Y 0.04 0.025 0.021 0.019 0.01 0.018 0.025 0.025 0.034 0.048 0.077 0.028 0.02 0.195 0.015 0.034 0.049 0.022 0.248 0.049
246 L 0.043 0.025 0.046 0.022 0.014 0.019 0.023 0.027 0.014 0.107 0.236 0.028 0.08 0.113 0.014 0.03 0.034 0.008 0.033 0.084
247 N 0.073 0.04 0.18 0.059 0.01 0.034 0.071 0.053 0.093 0.026 0.038 0.049 0.013 0.03 0.021 0.076 0.043 0.007 0.053 0.032
248 G 0.09 0.106 0.067 0.04 0.011 0.033 0.045 0.183 0.018 0.025 0.038 0.104 0.013 0.017 0.023 0.09 0.043 0.005 0.015 0.033
249 E 0.05 0.119 0.067 0.063 0.008 0.071 0.185 0.038 0.024 0.023 0.038 0.123 0.014 0.016 0.023 0.052 0.037 0.005 0.016 0.03
250 E 0.075 0.037 0.029 0.056 0.011 0.043 0.191 0.033 0.019 0.077 0.109 0.053 0.047 0.027 0.021 0.046 0.037 0.006 0.018 0.064
251 K 0.069 0.06 0.071 0.043 0.013 0.037 0.052 0.048 0.018 0.034 0.047 0.144 0.016 0.019 0.026 0.109 0.129 0.005 0.017 0.045
252 L 0.046 0.023 0.018 0.019 0.014 0.016 0.022 0.024 0.011 0.11 0.239 0.026 0.034 0.109 0.06 0.032 0.055 0.008 0.031 0.103
253 G 0.055 0.032 0.028 0.026 0.012 0.022 0.031 0.125 0.015 0.046 0.096 0.056 0.03 0.102 0.017 0.065 0.057 0.1 0.037 0.046
254 L 0.098 0.036 0.028 0.032 0.013 0.028 0.062 0.037 0.07 0.094 0.13 0.063 0.024 0.03 0.065 0.045 0.043 0.006 0.023 0.073
255 C 0.052 0.019 0.016 0.016 0.239 0.014 0.018 0.027 0.01 0.073 0.15 0.022 0.041 0.101 0.014 0.032 0.034 0.007 0.028 0.086
256 L 0.067 0.022 0.016 0.017 0.015 0.016 0.021 0.027 0.012 0.127 0.246 0.025 0.051 0.124 0.014 0.03 0.033 0.008 0.034 0.095
257 L 0.067 0.023 0.016 0.016 0.015 0.016 0.021 0.026 0.014 0.109 0.284 0.025 0.038 0.099 0.015 0.029 0.032 0.009 0.058 0.087
258 K 0.051 0.091 0.029 0.028 0.01 0.035 0.046 0.032 0.022 0.056 0.067 0.164 0.019 0.075 0.02 0.04 0.036 0.01 0.084 0.085
259 C 0.07 0.023 0.025 0.024 0.24 0.017 0.026 0.037 0.011 0.075 0.075 0.029 0.019 0.059 0.018 0.095 0.047 0.006 0.021 0.083
260 G 0.132 0.024 0.023 0.023 0.016 0.019 0.026 0.176 0.011 0.075 0.156 0.031 0.025 0.03 0.019 0.047 0.038 0.006 0.017 0.104
261 A 0.161 0.027 0.028 0.028 0.017 0.021 0.032 0.139 0.013 0.077 0.097 0.036 0.021 0.026 0.022 0.077 0.066 0.005 0.016 0.089
262 S 0.13 0.032 0.038 0.036 0.107 0.026 0.039 0.055 0.015 0.037 0.051 0.043 0.016 0.02 0.026 0.155 0.102 0.005 0.016 0.052
263 L 0.051 0.024 0.016 0.017 0.016 0.018 0.022 0.023 0.011 0.137 0.247 0.027 0.083 0.045 0.015 0.029 0.038 0.006 0.021 0.155
264 Y 0.043 0.022 0.017 0.017 0.012 0.017 0.022 0.022 0.026 0.132 0.131 0.026 0.027 0.114 0.014 0.027 0.032 0.016 0.176 0.107
265 I 0.048 0.019 0.014 0.016 0.016 0.014 0.018 0.021 0.009 0.225 0.22 0.023 0.037 0.043 0.014 0.025 0.038 0.006 0.02 0.172
266 A 0.284 0.031 0.029 0.032 0.02 0.026 0.041 0.072 0.015 0.039 0.054 0.044 0.016 0.02 0.028 0.113 0.053 0.005 0.017 0.061
267 A 0.209 0.029 0.028 0.029 0.019 0.024 0.036 0.058 0.013 0.076 0.072 0.04 0.02 0.024 0.025 0.089 0.092 0.005 0.017 0.095
268 L 0.045 0.024 0.015 0.016 0.015 0.017 0.021 0.022 0.011 0.107 0.313 0.025 0.071 0.082 0.014 0.026 0.034 0.008 0.027 0.107
269 A 0.26 0.03 0.029 0.03 0.064 0.025 0.039 0.069 0.014 0.039 0.054 0.042 0.016 0.02 0.027 0.109 0.052 0.005 0.016 0.06
270 E 0.053 0.047 0.039 0.086 0.007 0.061 0.33 0.033 0.025 0.021 0.035 0.072 0.012 0.016 0.025 0.053 0.035 0.005 0.016 0.03
271 L 0.043 0.023 0.014 0.015 0.015 0.016 0.02 0.021 0.01 0.126 0.363 0.025 0.06 0.051 0.014 0.024 0.033 0.007 0.021 0.098
272 K 0.054 0.102 0.04 0.04 0.008 0.051 0.067 0.041 0.02 0.026 0.041 0.312 0.015 0.015 0.026 0.051 0.038 0.005 0.016 0.031
273 F 0.045 0.02 0.016 0.017 0.014 0.014 0.02 0.023 0.012 0.139 0.13 0.022 0.044 0.21 0.013 0.027 0.034 0.01 0.049 0.141
274 F 0.038 0.023 0.018 0.017 0.01 0.016 0.023 0.024 0.028 0.058 0.085 0.024 0.021 0.216 0.013 0.027 0.027 0.065 0.198 0.069
275 F 0.033 0.019 0.017 0.016 0.01 0.011 0.019 0.024 0.019 0.059 0.105 0.019 0.024 0.39 0.011 0.025 0.024 0.017 0.109 0.052
276 V 0.051 0.021 0.015 0.017 0.016 0.015 0.02 0.022 0.01 0.173 0.18 0.024 0.049 0.086 0.014 0.027 0.039 0.007 0.028 0.185
277 E 0.053 0.041 0.032 0.067 0.01 0.05 0.246 0.031 0.021 0.048 0.091 0.06 0.034 0.023 0.022 0.046 0.036 0.006 0.017 0.066
278 F 0.038 0.023 0.017 0.017 0.012 0.016 0.021 0.024 0.02 0.072 0.169 0.024 0.059 0.23 0.013 0.027 0.029 0.015 0.11 0.065
279 V 0.059 0.019 0.015 0.017 0.017 0.015 0.02 0.022 0.008 0.211 0.137 0.024 0.032 0.037 0.015 0.029 0.044 0.005 0.02 0.254
280 L 0.046 0.02 0.014 0.016 0.016 0.014 0.018 0.02 0.009 0.221 0.246 0.023 0.039 0.045 0.014 0.024 0.037 0.006 0.02 0.153
281 I 0.047 0.019 0.015 0.017 0.016 0.014 0.018 0.021 0.009 0.255 0.181 0.024 0.051 0.043 0.014 0.025 0.038 0.006 0.02 0.166
282 V 0.054 0.021 0.015 0.017 0.017 0.016 0.02 0.022 0.009 0.188 0.192 0.025 0.05 0.041 0.015 0.028 0.041 0.006 0.02 0.205
283 L 0.1 0.022 0.018 0.02 0.016 0.016 0.023 0.078 0.011 0.129 0.185 0.027 0.031 0.071 0.017 0.038 0.038 0.007 0.025 0.13
284 L 0.047 0.021 0.016 0.017 0.015 0.014 0.019 0.068 0.01 0.147 0.25 0.024 0.036 0.089 0.014 0.027 0.033 0.007 0.027 0.119
285 A 0.172 0.039 0.038 0.038 0.017 0.062 0.051 0.061 0.018 0.034 0.049 0.052 0.016 0.019 0.042 0.14 0.078 0.005 0.017 0.05
286 L 0.077 0.027 0.022 0.022 0.016 0.021 0.027 0.033 0.013 0.101 0.207 0.032 0.073 0.074 0.018 0.058 0.062 0.007 0.026 0.085
287 L 0.044 0.022 0.015 0.016 0.015 0.015 0.02 0.022 0.011 0.141 0.27 0.024 0.054 0.103 0.013 0.025 0.034 0.008 0.031 0.119
288 L 0.04 0.022 0.016 0.016 0.013 0.015 0.021 0.022 0.018 0.118 0.198 0.024 0.047 0.162 0.013 0.026 0.03 0.013 0.098 0.086
289 T 0.068 0.032 0.038 0.033 0.062 0.025 0.035 0.04 0.013 0.051 0.066 0.041 0.024 0.023 0.025 0.082 0.252 0.006 0.017 0.067
290 K 0.056 0.171 0.04 0.037 0.009 0.048 0.061 0.04 0.02 0.025 0.042 0.235 0.015 0.016 0.024 0.067 0.04 0.005 0.017 0.032
291 F 0.038 0.02 0.018 0.02 0.01 0.013 0.023 0.027 0.015 0.051 0.089 0.024 0.02 0.306 0.149 0.029 0.027 0.012 0.065 0.046
292 S 0.09 0.038 0.076 0.047 0.016 0.03 0.047 0.058 0.018 0.033 0.044 0.049 0.015 0.02 0.027 0.199 0.125 0.005 0.017 0.045
293 L 0.045 0.105 0.025 0.023 0.011 0.025 0.033 0.031 0.016 0.07 0.122 0.07 0.023 0.105 0.015 0.051 0.034 0.1 0.039 0.057
294 K 0.05 0.202 0.039 0.036 0.008 0.049 0.061 0.038 0.021 0.025 0.042 0.24 0.015 0.015 0.023 0.048 0.036 0.005 0.017 0.031
295 K 0.06 0.077 0.04 0.038 0.011 0.042 0.057 0.041 0.017 0.035 0.049 0.215 0.016 0.018 0.026 0.065 0.127 0.005 0.017 0.044
296 L 0.046 0.021 0.017 0.018 0.014 0.014 0.02 0.023 0.011 0.144 0.2 0.024 0.033 0.144 0.014 0.031 0.056 0.009 0.038 0.123
297 G 0.06 0.022 0.025 0.024 0.014 0.017 0.023 0.21 0.011 0.093 0.136 0.028 0.024 0.065 0.016 0.04 0.056 0.007 0.022 0.107
298 L 0.046 0.021 0.015 0.017 0.015 0.016 0.02 0.022 0.011 0.196 0.202 0.025 0.066 0.078 0.014 0.026 0.036 0.007 0.026 0.142
299 L 0.055 0.021 0.017 0.018 0.106 0.015 0.021 0.025 0.009 0.141 0.19 0.025 0.032 0.037 0.016 0.034 0.06 0.006 0.018 0.154
300 I 0.052 0.018 0.015 0.017 0.061 0.014 0.018 0.022 0.008 0.223 0.164 0.023 0.033 0.039 0.015 0.027 0.04 0.005 0.019 0.188
301 L 0.115 0.026 0.027 0.027 0.016 0.02 0.03 0.132 0.012 0.092 0.133 0.034 0.025 0.03 0.02 0.082 0.046 0.005 0.017 0.111
302 A 0.163 0.027 0.029 0.029 0.016 0.021 0.033 0.142 0.014 0.071 0.068 0.037 0.019 0.059 0.022 0.092 0.047 0.006 0.022 0.083
303 G 0.121 0.026 0.031 0.03 0.016 0.021 0.032 0.135 0.013 0.107 0.079 0.036 0.021 0.026 0.021 0.104 0.05 0.005 0.017 0.109
304 V 0.08 0.022 0.016 0.017 0.017 0.016 0.022 0.027 0.01 0.129 0.194 0.026 0.033 0.073 0.016 0.033 0.041 0.007 0.026 0.197
305 G 0.084 0.023 0.024 0.023 0.104 0.018 0.024 0.125 0.012 0.093 0.117 0.029 0.038 0.064 0.017 0.059 0.039 0.006 0.022 0.079
306 L 0.05 0.022 0.015 0.016 0.016 0.016 0.02 0.022 0.009 0.157 0.264 0.025 0.054 0.045 0.014 0.027 0.038 0.006 0.021 0.163
307 L 0.055 0.022 0.019 0.019 0.105 0.017 0.022 0.028 0.011 0.141 0.151 0.027 0.059 0.071 0.016 0.05 0.04 0.007 0.025 0.116
308 I 0.069 0.021 0.016 0.018 0.015 0.015 0.02 0.026 0.01 0.205 0.193 0.025 0.05 0.076 0.015 0.03 0.036 0.007 0.026 0.127
309 G 0.117 0.023 0.033 0.03 0.013 0.019 0.026 0.403 0.013 0.048 0.044 0.033 0.013 0.019 0.02 0.052 0.033 0.005 0.012 0.044
310 L 0.052 0.024 0.022 0.021 0.013 0.018 0.024 0.073 0.018 0.093 0.154 0.028 0.043 0.122 0.015 0.05 0.036 0.012 0.091 0.091
311 N 0.058 0.043 0.124 0.053 0.012 0.072 0.077 0.046 0.022 0.039 0.077 0.055 0.018 0.021 0.023 0.082 0.11 0.005 0.017 0.046
312 L 0.07 0.022 0.018 0.019 0.015 0.016 0.023 0.029 0.011 0.123 0.195 0.026 0.032 0.099 0.015 0.035 0.056 0.054 0.034 0.109
313 L 0.042 0.021 0.014 0.015 0.015 0.014 0.018 0.02 0.01 0.159 0.311 0.023 0.042 0.082 0.013 0.023 0.033 0.007 0.027 0.109
314 I 0.052 0.046 0.055 0.031 0.013 0.027 0.038 0.033 0.014 0.124 0.114 0.108 0.024 0.028 0.065 0.043 0.061 0.005 0.018 0.102
315 F 0.098 0.068 0.057 0.032 0.012 0.034 0.039 0.043 0.024 0.041 0.069 0.069 0.028 0.111 0.02 0.066 0.039 0.011 0.09 0.047
316 V 0.05 0.021 0.016 0.017 0.015 0.016 0.021 0.022 0.016 0.146 0.17 0.025 0.031 0.09 0.014 0.028 0.037 0.01 0.086 0.171
317 F 0.061 0.024 0.078 0.029 0.011 0.016 0.026 0.036 0.021 0.05 0.086 0.027 0.02 0.281 0.014 0.038 0.031 0.014 0.09 0.048
318 P 0.054 0.027 0.029 0.071 0.009 0.024 0.065 0.081 0.014 0.023 0.033 0.042 0.01 0.013 0.382 0.044 0.034 0.003 0.012 0.028
319 E 0.087 0.034 0.039 0.094 0.012 0.035 0.121 0.118 0.018 0.039 0.083 0.048 0.033 0.023 0.022 0.087 0.043 0.005 0.016 0.044
320 F 0.042 0.024 0.049 0.024 0.011 0.017 0.025 0.032 0.018 0.088 0.085 0.027 0.021 0.152 0.013 0.049 0.033 0.15 0.079 0.063
