#Seq2Logo.py -f /work3/idamei/ssn-clusterings/clustering/2205111339/clusters/0022_100/sequences.afa -o /work3/idamei/ssn-clusterings/clustering/2205111339/clusters/0022_100/sequences.logo
#Position Specific Frequency Matrix
A R N D C Q E G H I L K M F P S T W Y V
0 M 0.05 0.031 0.019 0.019 0.015 0.027 0.027 0.027 0.015 0.096 0.188 0.035 0.197 0.046 0.015 0.035 0.038 0.008 0.023 0.088
1 K 0.054 0.058 0.07 0.058 0.01 0.046 0.081 0.041 0.037 0.032 0.046 0.129 0.015 0.036 0.023 0.065 0.076 0.009 0.074 0.039
2 I 0.067 0.045 0.076 0.037 0.013 0.028 0.04 0.041 0.016 0.14 0.092 0.097 0.023 0.028 0.021 0.073 0.047 0.005 0.018 0.092
3 N 0.055 0.082 0.123 0.096 0.01 0.058 0.074 0.048 0.023 0.025 0.038 0.072 0.013 0.017 0.079 0.079 0.058 0.005 0.016 0.032
4 L 0.053 0.058 0.074 0.034 0.012 0.024 0.033 0.109 0.017 0.066 0.115 0.059 0.022 0.083 0.018 0.048 0.07 0.007 0.027 0.068
5 D 0.041 0.03 0.069 0.397 0.008 0.03 0.091 0.047 0.019 0.022 0.028 0.045 0.009 0.015 0.022 0.052 0.035 0.004 0.011 0.024
6 I 0.047 0.018 0.015 0.018 0.016 0.013 0.018 0.021 0.009 0.271 0.168 0.024 0.037 0.044 0.015 0.025 0.04 0.006 0.021 0.177
7 L 0.05 0.07 0.026 0.024 0.014 0.025 0.033 0.029 0.019 0.085 0.178 0.063 0.029 0.051 0.019 0.044 0.084 0.01 0.072 0.075
8 K 0.051 0.083 0.143 0.055 0.009 0.046 0.062 0.05 0.024 0.025 0.038 0.208 0.014 0.016 0.024 0.058 0.042 0.005 0.016 0.03
9 I 0.109 0.032 0.027 0.028 0.017 0.023 0.033 0.07 0.013 0.141 0.1 0.057 0.025 0.03 0.021 0.077 0.049 0.005 0.018 0.126
10 R 0.045 0.345 0.039 0.031 0.008 0.048 0.052 0.033 0.023 0.023 0.047 0.12 0.016 0.017 0.019 0.045 0.035 0.006 0.017 0.031
11 K 0.048 0.063 0.093 0.04 0.011 0.035 0.047 0.04 0.019 0.053 0.143 0.144 0.025 0.054 0.021 0.046 0.038 0.006 0.023 0.05
12 D 0.052 0.049 0.089 0.106 0.011 0.031 0.052 0.042 0.018 0.083 0.067 0.105 0.018 0.025 0.021 0.057 0.042 0.034 0.019 0.077
13 N 0.046 0.055 0.151 0.147 0.008 0.077 0.071 0.049 0.026 0.024 0.036 0.097 0.013 0.02 0.022 0.056 0.04 0.005 0.029 0.029
14 N 0.079 0.036 0.139 0.051 0.032 0.029 0.043 0.055 0.021 0.046 0.051 0.046 0.016 0.025 0.023 0.125 0.093 0.006 0.028 0.056
15 L 0.046 0.025 0.015 0.016 0.015 0.016 0.021 0.022 0.011 0.127 0.276 0.034 0.039 0.087 0.014 0.026 0.034 0.026 0.029 0.122
16 S 0.081 0.03 0.037 0.074 0.015 0.025 0.041 0.044 0.018 0.082 0.104 0.039 0.022 0.039 0.022 0.124 0.054 0.008 0.053 0.088
17 L 0.107 0.029 0.028 0.027 0.017 0.023 0.033 0.043 0.014 0.075 0.154 0.036 0.045 0.06 0.021 0.092 0.073 0.007 0.024 0.093
18 L 0.081 0.021 0.017 0.019 0.069 0.016 0.022 0.03 0.01 0.136 0.184 0.026 0.032 0.078 0.016 0.041 0.039 0.007 0.026 0.13
19 L 0.049 0.022 0.015 0.017 0.104 0.015 0.021 0.024 0.01 0.092 0.283 0.025 0.037 0.041 0.069 0.029 0.034 0.006 0.019 0.09
20 F 0.032 0.019 0.016 0.016 0.01 0.011 0.019 0.025 0.016 0.054 0.097 0.019 0.022 0.333 0.01 0.024 0.024 0.124 0.081 0.048
21 F 0.055 0.022 0.024 0.023 0.014 0.016 0.024 0.084 0.013 0.117 0.119 0.027 0.026 0.155 0.016 0.057 0.055 0.009 0.04 0.104
22 I 0.051 0.019 0.017 0.018 0.015 0.014 0.02 0.077 0.01 0.178 0.157 0.024 0.031 0.099 0.014 0.028 0.036 0.007 0.03 0.154
23 L 0.045 0.021 0.016 0.017 0.015 0.015 0.02 0.023 0.011 0.16 0.218 0.024 0.047 0.122 0.014 0.027 0.043 0.008 0.034 0.122
24 L 0.05 0.019 0.015 0.016 0.118 0.014 0.018 0.023 0.009 0.159 0.195 0.022 0.033 0.065 0.014 0.028 0.036 0.006 0.023 0.135
25 F 0.035 0.019 0.016 0.016 0.012 0.011 0.018 0.023 0.014 0.084 0.174 0.02 0.03 0.316 0.011 0.024 0.027 0.014 0.068 0.067
26 F 0.043 0.018 0.016 0.017 0.039 0.012 0.018 0.023 0.012 0.141 0.124 0.021 0.028 0.234 0.012 0.026 0.032 0.011 0.054 0.12
27 L 0.045 0.024 0.015 0.016 0.016 0.017 0.02 0.021 0.01 0.133 0.323 0.026 0.072 0.049 0.014 0.026 0.034 0.007 0.021 0.112
28 T 0.069 0.032 0.038 0.033 0.016 0.024 0.035 0.04 0.013 0.059 0.07 0.04 0.02 0.059 0.024 0.093 0.219 0.006 0.023 0.085
29 R 0.041 0.344 0.035 0.028 0.007 0.043 0.047 0.031 0.021 0.023 0.045 0.106 0.015 0.02 0.017 0.041 0.032 0.052 0.021 0.029
30 Q 0.058 0.063 0.041 0.043 0.01 0.212 0.087 0.04 0.026 0.032 0.057 0.079 0.036 0.017 0.022 0.07 0.043 0.006 0.02 0.039
31 F 0.05 0.021 0.019 0.018 0.014 0.015 0.022 0.025 0.015 0.097 0.107 0.024 0.026 0.198 0.014 0.033 0.057 0.012 0.076 0.156
32 P 0.052 0.024 0.022 0.028 0.01 0.019 0.033 0.034 0.013 0.028 0.041 0.037 0.011 0.049 0.472 0.04 0.034 0.004 0.019 0.032
33 F 0.036 0.02 0.015 0.016 0.012 0.012 0.018 0.023 0.013 0.09 0.219 0.02 0.033 0.267 0.012 0.024 0.028 0.012 0.059 0.072
34 L 0.103 0.037 0.059 0.033 0.015 0.026 0.037 0.045 0.017 0.082 0.109 0.063 0.038 0.033 0.022 0.093 0.06 0.006 0.033 0.088
35 S 0.068 0.047 0.053 0.081 0.012 0.083 0.086 0.046 0.021 0.035 0.076 0.072 0.018 0.038 0.023 0.123 0.051 0.006 0.02 0.04
36 Y 0.039 0.026 0.019 0.017 0.01 0.02 0.025 0.023 0.038 0.054 0.127 0.029 0.023 0.111 0.015 0.028 0.028 0.023 0.291 0.053
37 S 0.099 0.036 0.048 0.044 0.017 0.03 0.047 0.059 0.017 0.054 0.051 0.049 0.017 0.022 0.027 0.236 0.074 0.005 0.017 0.052
38 L 0.051 0.028 0.025 0.041 0.012 0.019 0.032 0.034 0.014 0.075 0.116 0.042 0.022 0.098 0.1 0.068 0.038 0.092 0.036 0.059
39 F 0.076 0.031 0.038 0.035 0.014 0.023 0.038 0.048 0.018 0.044 0.072 0.039 0.02 0.181 0.021 0.142 0.057 0.01 0.047 0.047
40 I 0.091 0.02 0.016 0.018 0.016 0.015 0.021 0.029 0.01 0.23 0.184 0.026 0.034 0.04 0.016 0.033 0.038 0.006 0.019 0.138
41 L 0.087 0.028 0.023 0.023 0.015 0.023 0.029 0.073 0.014 0.083 0.169 0.035 0.109 0.037 0.056 0.057 0.04 0.006 0.019 0.075
42 N 0.056 0.038 0.233 0.062 0.011 0.029 0.043 0.094 0.024 0.029 0.061 0.047 0.014 0.02 0.04 0.098 0.05 0.005 0.015 0.033
43 L 0.055 0.021 0.016 0.017 0.015 0.015 0.019 0.061 0.009 0.169 0.269 0.025 0.038 0.044 0.014 0.027 0.035 0.006 0.019 0.126
44 A 0.178 0.031 0.035 0.034 0.017 0.025 0.039 0.097 0.015 0.039 0.066 0.042 0.017 0.052 0.025 0.135 0.072 0.006 0.021 0.053
45 L 0.05 0.022 0.016 0.017 0.054 0.016 0.02 0.023 0.009 0.122 0.293 0.025 0.039 0.043 0.015 0.03 0.054 0.006 0.02 0.126
46 L 0.047 0.019 0.014 0.016 0.053 0.013 0.018 0.022 0.01 0.173 0.206 0.022 0.034 0.1 0.014 0.026 0.035 0.007 0.029 0.142
47 G 0.079 0.022 0.023 0.022 0.053 0.017 0.023 0.185 0.011 0.09 0.18 0.028 0.027 0.032 0.017 0.04 0.043 0.006 0.016 0.088
48 F 0.044 0.02 0.018 0.018 0.07 0.013 0.02 0.027 0.014 0.084 0.151 0.023 0.034 0.243 0.013 0.044 0.032 0.011 0.053 0.067
49 L 0.043 0.02 0.015 0.016 0.014 0.014 0.019 0.022 0.013 0.15 0.194 0.022 0.033 0.151 0.013 0.025 0.033 0.01 0.063 0.13
50 I 0.059 0.02 0.016 0.017 0.015 0.014 0.02 0.025 0.011 0.179 0.137 0.024 0.045 0.137 0.014 0.029 0.037 0.008 0.037 0.156
51 L 0.055 0.021 0.022 0.021 0.099 0.015 0.022 0.116 0.012 0.098 0.141 0.025 0.025 0.114 0.015 0.051 0.035 0.008 0.031 0.074
52 F 0.052 0.04 0.112 0.041 0.011 0.045 0.042 0.042 0.021 0.056 0.077 0.065 0.034 0.125 0.018 0.072 0.043 0.008 0.035 0.061
53 L 0.08 0.024 0.021 0.021 0.014 0.018 0.026 0.031 0.018 0.108 0.127 0.029 0.033 0.116 0.017 0.042 0.07 0.011 0.088 0.104
54 F 0.049 0.086 0.026 0.026 0.011 0.025 0.034 0.068 0.015 0.081 0.088 0.083 0.02 0.111 0.092 0.043 0.04 0.007 0.031 0.065
55 F 0.042 0.039 0.023 0.023 0.01 0.041 0.036 0.028 0.023 0.052 0.123 0.076 0.023 0.148 0.016 0.034 0.04 0.054 0.118 0.05
56 L 0.044 0.022 0.03 0.063 0.013 0.017 0.028 0.025 0.017 0.149 0.167 0.027 0.029 0.082 0.015 0.031 0.041 0.01 0.077 0.113
57 L 0.092 0.065 0.026 0.026 0.014 0.042 0.039 0.037 0.015 0.109 0.143 0.083 0.026 0.059 0.019 0.057 0.04 0.006 0.023 0.079
58 N 0.072 0.078 0.103 0.048 0.012 0.034 0.084 0.043 0.019 0.075 0.085 0.073 0.019 0.024 0.021 0.068 0.06 0.005 0.017 0.06
59 N 0.043 0.146 0.226 0.065 0.009 0.038 0.05 0.054 0.029 0.023 0.036 0.076 0.013 0.018 0.02 0.061 0.044 0.005 0.016 0.028
60 V 0.053 0.028 0.117 0.039 0.015 0.021 0.03 0.037 0.016 0.154 0.109 0.034 0.026 0.032 0.017 0.042 0.046 0.005 0.019 0.158
61 G 0.056 0.049 0.152 0.051 0.009 0.047 0.046 0.226 0.021 0.021 0.032 0.105 0.011 0.016 0.02 0.055 0.037 0.005 0.014 0.026
62 I 0.05 0.058 0.021 0.025 0.013 0.024 0.051 0.026 0.013 0.153 0.108 0.075 0.026 0.087 0.016 0.033 0.037 0.007 0.028 0.149
63 Y 0.046 0.078 0.028 0.053 0.046 0.028 0.039 0.03 0.024 0.055 0.066 0.099 0.018 0.08 0.017 0.037 0.033 0.03 0.121 0.074
64 G 0.068 0.065 0.04 0.038 0.01 0.036 0.048 0.277 0.017 0.023 0.036 0.156 0.012 0.016 0.023 0.052 0.035 0.005 0.014 0.029
65 S 0.11 0.04 0.054 0.049 0.017 0.033 0.052 0.066 0.019 0.03 0.042 0.054 0.016 0.021 0.03 0.221 0.082 0.005 0.017 0.042
66 D 0.048 0.04 0.055 0.244 0.007 0.047 0.194 0.041 0.022 0.022 0.032 0.06 0.011 0.016 0.024 0.054 0.036 0.005 0.014 0.028
67 K 0.057 0.107 0.041 0.041 0.009 0.053 0.071 0.043 0.021 0.028 0.043 0.279 0.015 0.015 0.028 0.053 0.04 0.005 0.017 0.033
68 P 0.083 0.033 0.039 0.04 0.014 0.027 0.044 0.051 0.016 0.028 0.039 0.048 0.013 0.017 0.262 0.133 0.059 0.004 0.015 0.036
69 R 0.047 0.118 0.118 0.042 0.01 0.033 0.044 0.04 0.047 0.054 0.079 0.096 0.018 0.051 0.019 0.058 0.05 0.006 0.024 0.046
70 D 0.052 0.062 0.06 0.097 0.011 0.03 0.067 0.036 0.021 0.082 0.067 0.066 0.018 0.038 0.02 0.061 0.058 0.008 0.068 0.077
71 Y 0.052 0.029 0.033 0.063 0.011 0.023 0.037 0.078 0.087 0.05 0.088 0.035 0.019 0.079 0.063 0.056 0.035 0.01 0.089 0.063
72 L 0.13 0.024 0.018 0.021 0.018 0.018 0.026 0.039 0.011 0.146 0.203 0.031 0.034 0.04 0.019 0.044 0.04 0.006 0.02 0.112
73 K 0.052 0.115 0.034 0.034 0.01 0.042 0.054 0.036 0.018 0.091 0.074 0.202 0.02 0.023 0.023 0.044 0.038 0.005 0.018 0.067
74 L 0.046 0.095 0.024 0.025 0.012 0.063 0.04 0.028 0.016 0.089 0.174 0.053 0.029 0.066 0.062 0.034 0.034 0.007 0.025 0.078
75 L 0.041 0.023 0.018 0.022 0.013 0.017 0.043 0.024 0.013 0.105 0.216 0.026 0.036 0.179 0.014 0.03 0.048 0.01 0.042 0.079
76 L 0.051 0.022 0.018 0.018 0.074 0.016 0.021 0.039 0.011 0.114 0.222 0.025 0.032 0.068 0.015 0.049 0.037 0.043 0.026 0.099
77 L 0.041 0.02 0.015 0.016 0.014 0.014 0.019 0.022 0.011 0.128 0.25 0.023 0.035 0.144 0.049 0.025 0.031 0.009 0.036 0.097
78 L 0.045 0.023 0.042 0.022 0.013 0.016 0.023 0.027 0.017 0.117 0.168 0.026 0.029 0.143 0.014 0.04 0.035 0.011 0.083 0.107
79 L 0.053 0.021 0.016 0.017 0.027 0.015 0.02 0.023 0.01 0.159 0.248 0.024 0.036 0.079 0.015 0.03 0.053 0.007 0.026 0.121
80 L 0.066 0.02 0.015 0.016 0.051 0.015 0.02 0.025 0.009 0.165 0.223 0.024 0.034 0.042 0.014 0.029 0.036 0.043 0.022 0.13
81 F 0.085 0.024 0.022 0.021 0.012 0.017 0.025 0.106 0.02 0.047 0.101 0.028 0.02 0.137 0.015 0.045 0.031 0.086 0.111 0.048
82 L 0.046 0.02 0.014 0.015 0.051 0.014 0.018 0.021 0.009 0.166 0.294 0.023 0.04 0.045 0.014 0.025 0.034 0.006 0.02 0.125
83 S 0.113 0.029 0.032 0.031 0.052 0.023 0.035 0.048 0.014 0.065 0.112 0.038 0.022 0.055 0.022 0.14 0.063 0.006 0.022 0.077
84 L 0.045 0.024 0.014 0.015 0.016 0.016 0.02 0.021 0.01 0.116 0.374 0.025 0.05 0.055 0.014 0.024 0.033 0.007 0.022 0.096
85 L 0.046 0.02 0.016 0.017 0.014 0.014 0.019 0.022 0.011 0.172 0.212 0.023 0.034 0.125 0.014 0.033 0.035 0.008 0.033 0.133
86 L 0.069 0.029 0.047 0.026 0.014 0.022 0.029 0.033 0.067 0.096 0.224 0.032 0.045 0.039 0.017 0.051 0.038 0.006 0.024 0.091
87 L 0.081 0.023 0.024 0.023 0.015 0.018 0.026 0.105 0.011 0.115 0.158 0.03 0.028 0.061 0.017 0.067 0.042 0.006 0.022 0.127
88 L 0.085 0.026 0.019 0.021 0.014 0.034 0.029 0.031 0.015 0.127 0.15 0.032 0.041 0.096 0.052 0.036 0.035 0.008 0.052 0.096
89 Y 0.037 0.025 0.02 0.017 0.009 0.019 0.025 0.023 0.04 0.044 0.07 0.028 0.018 0.166 0.014 0.029 0.026 0.025 0.32 0.045
90 S 0.12 0.037 0.049 0.045 0.017 0.031 0.048 0.063 0.018 0.029 0.041 0.05 0.015 0.02 0.028 0.254 0.075 0.005 0.016 0.041
91 L 0.041 0.021 0.014 0.015 0.014 0.015 0.019 0.02 0.012 0.144 0.312 0.023 0.04 0.081 0.013 0.023 0.032 0.008 0.049 0.1
92 F 0.04 0.02 0.016 0.016 0.012 0.014 0.02 0.022 0.019 0.124 0.154 0.023 0.028 0.196 0.013 0.025 0.03 0.014 0.115 0.099
93 V 0.058 0.02 0.016 0.018 0.018 0.015 0.02 0.023 0.008 0.218 0.149 0.025 0.034 0.04 0.016 0.029 0.045 0.006 0.021 0.223
94 L 0.051 0.057 0.075 0.037 0.012 0.056 0.056 0.036 0.018 0.058 0.166 0.098 0.052 0.03 0.019 0.058 0.04 0.006 0.019 0.056
95 G 0.07 0.032 0.063 0.042 0.01 0.043 0.059 0.33 0.044 0.02 0.031 0.043 0.011 0.017 0.02 0.081 0.037 0.005 0.016 0.026
96 N 0.04 0.042 0.359 0.078 0.008 0.032 0.046 0.061 0.03 0.021 0.03 0.051 0.011 0.017 0.019 0.065 0.046 0.004 0.015 0.025
97 D 0.053 0.038 0.073 0.212 0.008 0.042 0.18 0.043 0.021 0.022 0.032 0.056 0.011 0.016 0.023 0.083 0.041 0.004 0.014 0.028
98 P 0.051 0.022 0.018 0.021 0.014 0.017 0.025 0.026 0.011 0.119 0.152 0.03 0.026 0.042 0.197 0.033 0.045 0.005 0.027 0.119
99 S 0.113 0.033 0.06 0.041 0.015 0.028 0.06 0.087 0.017 0.044 0.062 0.044 0.017 0.05 0.024 0.136 0.08 0.006 0.021 0.065
100 L 0.067 0.024 0.017 0.018 0.016 0.017 0.022 0.027 0.01 0.113 0.343 0.027 0.041 0.046 0.015 0.044 0.036 0.006 0.02 0.09
101 I 0.069 0.021 0.039 0.021 0.016 0.016 0.022 0.027 0.01 0.211 0.17 0.026 0.032 0.038 0.015 0.032 0.04 0.005 0.019 0.169
102 L 0.073 0.023 0.02 0.022 0.015 0.017 0.026 0.031 0.011 0.141 0.173 0.03 0.029 0.062 0.089 0.059 0.041 0.006 0.023 0.108
103 R 0.043 0.34 0.038 0.03 0.007 0.045 0.05 0.032 0.048 0.022 0.043 0.123 0.015 0.017 0.019 0.042 0.033 0.006 0.019 0.029
104 F 0.032 0.018 0.016 0.016 0.01 0.01 0.018 0.024 0.016 0.06 0.107 0.018 0.024 0.424 0.01 0.024 0.024 0.016 0.083 0.052
105 L 0.081 0.027 0.023 0.022 0.013 0.021 0.029 0.034 0.024 0.067 0.147 0.032 0.034 0.094 0.018 0.068 0.044 0.014 0.145 0.063
106 L 0.047 0.021 0.017 0.018 0.014 0.014 0.02 0.024 0.011 0.164 0.208 0.024 0.034 0.124 0.014 0.042 0.037 0.008 0.033 0.127
107 I 0.068 0.019 0.015 0.017 0.016 0.014 0.019 0.024 0.009 0.258 0.164 0.024 0.033 0.04 0.015 0.029 0.039 0.006 0.019 0.174
108 L 0.044 0.02 0.014 0.015 0.015 0.014 0.018 0.02 0.009 0.196 0.275 0.023 0.04 0.059 0.014 0.024 0.035 0.006 0.022 0.136
109 L 0.056 0.02 0.015 0.016 0.014 0.014 0.02 0.024 0.012 0.114 0.221 0.022 0.033 0.18 0.013 0.027 0.032 0.01 0.043 0.114
110 L 0.038 0.021 0.014 0.015 0.013 0.013 0.018 0.021 0.012 0.106 0.286 0.022 0.038 0.184 0.012 0.023 0.029 0.01 0.043 0.082
111 L 0.045 0.02 0.014 0.016 0.015 0.014 0.018 0.02 0.009 0.229 0.23 0.024 0.05 0.044 0.014 0.025 0.036 0.006 0.02 0.149
112 L 0.043 0.027 0.113 0.033 0.049 0.02 0.027 0.033 0.016 0.099 0.205 0.031 0.047 0.064 0.015 0.037 0.037 0.006 0.023 0.075
113 L 0.082 0.024 0.021 0.021 0.051 0.017 0.024 0.068 0.012 0.081 0.196 0.028 0.029 0.09 0.017 0.049 0.066 0.007 0.027 0.088
114 A 0.17 0.029 0.03 0.031 0.017 0.023 0.036 0.09 0.014 0.07 0.064 0.04 0.018 0.023 0.06 0.117 0.052 0.005 0.016 0.095
115 Y 0.039 0.025 0.043 0.022 0.01 0.019 0.025 0.026 0.029 0.055 0.141 0.029 0.024 0.135 0.05 0.031 0.029 0.017 0.198 0.053
116 F 0.036 0.021 0.018 0.017 0.011 0.014 0.021 0.023 0.043 0.099 0.15 0.022 0.027 0.267 0.012 0.025 0.027 0.013 0.083 0.071
117 L 0.071 0.02 0.015 0.017 0.088 0.015 0.02 0.026 0.009 0.163 0.202 0.024 0.033 0.038 0.015 0.031 0.038 0.006 0.018 0.153
118 P 0.099 0.075 0.033 0.037 0.012 0.035 0.068 0.044 0.017 0.048 0.049 0.128 0.015 0.018 0.132 0.081 0.043 0.004 0.016 0.046
119 P 0.043 0.029 0.044 0.026 0.011 0.019 0.029 0.03 0.017 0.068 0.12 0.05 0.022 0.146 0.16 0.034 0.032 0.009 0.06 0.055
120 L 0.045 0.024 0.014 0.015 0.016 0.016 0.02 0.021 0.01 0.115 0.375 0.025 0.05 0.055 0.014 0.024 0.033 0.007 0.022 0.096
121 N 0.052 0.04 0.102 0.064 0.011 0.029 0.056 0.094 0.025 0.05 0.055 0.07 0.016 0.043 0.02 0.052 0.063 0.01 0.089 0.061
122 K 0.058 0.051 0.063 0.097 0.01 0.034 0.064 0.061 0.02 0.027 0.039 0.123 0.013 0.023 0.095 0.082 0.06 0.006 0.039 0.033
123 K 0.058 0.061 0.031 0.034 0.012 0.049 0.067 0.035 0.016 0.093 0.119 0.126 0.024 0.026 0.021 0.072 0.043 0.005 0.018 0.09
124 N 0.056 0.072 0.126 0.045 0.011 0.032 0.044 0.045 0.02 0.058 0.059 0.106 0.017 0.063 0.02 0.087 0.046 0.006 0.023 0.063
125 Y 0.044 0.023 0.017 0.017 0.048 0.017 0.022 0.023 0.024 0.105 0.154 0.026 0.04 0.09 0.014 0.028 0.032 0.015 0.167 0.093
126 L 0.054 0.022 0.019 0.02 0.016 0.017 0.023 0.025 0.012 0.178 0.183 0.027 0.032 0.045 0.016 0.047 0.058 0.007 0.044 0.156
127 K 0.058 0.059 0.129 0.048 0.011 0.036 0.05 0.047 0.023 0.037 0.046 0.144 0.015 0.026 0.023 0.085 0.064 0.006 0.041 0.054
128 I 0.117 0.048 0.019 0.02 0.016 0.019 0.026 0.034 0.013 0.172 0.142 0.034 0.028 0.041 0.018 0.04 0.039 0.007 0.043 0.125
129 F 0.055 0.019 0.016 0.016 0.011 0.012 0.019 0.027 0.015 0.065 0.147 0.02 0.027 0.342 0.012 0.028 0.027 0.014 0.07 0.058
130 L 0.062 0.051 0.09 0.031 0.013 0.02 0.028 0.034 0.016 0.122 0.139 0.036 0.026 0.116 0.015 0.038 0.036 0.008 0.032 0.089
131 F 0.061 0.022 0.018 0.018 0.013 0.015 0.022 0.027 0.017 0.094 0.176 0.025 0.029 0.189 0.014 0.033 0.048 0.012 0.091 0.074
132 L 0.086 0.021 0.016 0.017 0.051 0.015 0.021 0.029 0.01 0.129 0.217 0.025 0.033 0.094 0.015 0.033 0.035 0.007 0.028 0.116
133 L 0.089 0.026 0.046 0.026 0.014 0.02 0.028 0.037 0.017 0.095 0.123 0.032 0.05 0.123 0.017 0.058 0.056 0.009 0.057 0.075
134 L 0.058 0.022 0.021 0.021 0.05 0.016 0.024 0.065 0.011 0.109 0.163 0.027 0.028 0.104 0.016 0.063 0.04 0.007 0.029 0.125
135 I 0.051 0.021 0.019 0.02 0.015 0.015 0.021 0.025 0.01 0.203 0.181 0.026 0.033 0.067 0.015 0.046 0.057 0.006 0.024 0.144
136 Q 0.05 0.063 0.04 0.041 0.009 0.221 0.086 0.037 0.066 0.03 0.07 0.077 0.021 0.018 0.021 0.049 0.037 0.006 0.023 0.036
137 A 0.24 0.027 0.024 0.026 0.114 0.022 0.034 0.061 0.013 0.048 0.06 0.037 0.017 0.021 0.025 0.086 0.047 0.005 0.016 0.078
138 L 0.046 0.021 0.014 0.016 0.015 0.015 0.019 0.021 0.01 0.16 0.269 0.024 0.051 0.072 0.014 0.025 0.035 0.007 0.025 0.14
139 F 0.046 0.02 0.016 0.017 0.014 0.013 0.02 0.024 0.012 0.112 0.136 0.022 0.028 0.23 0.013 0.028 0.042 0.011 0.051 0.147
140 L 0.049 0.021 0.014 0.015 0.016 0.015 0.019 0.021 0.009 0.151 0.294 0.024 0.04 0.045 0.014 0.025 0.037 0.006 0.02 0.165
141 I 0.048 0.018 0.016 0.019 0.015 0.014 0.019 0.022 0.009 0.295 0.149 0.024 0.033 0.04 0.015 0.041 0.04 0.005 0.019 0.157
142 G 0.07 0.023 0.031 0.028 0.049 0.019 0.026 0.251 0.012 0.097 0.068 0.032 0.018 0.024 0.019 0.075 0.058 0.005 0.014 0.082
143 F 0.06 0.021 0.016 0.017 0.013 0.014 0.02 0.026 0.013 0.113 0.193 0.023 0.044 0.206 0.013 0.029 0.031 0.01 0.047 0.09
144 E 0.076 0.044 0.039 0.068 0.009 0.065 0.237 0.075 0.049 0.023 0.037 0.064 0.013 0.017 0.024 0.068 0.038 0.005 0.018 0.032
145 I 0.067 0.02 0.017 0.018 0.015 0.014 0.021 0.026 0.01 0.204 0.15 0.025 0.031 0.093 0.015 0.033 0.055 0.007 0.028 0.149
146 F 0.063 0.022 0.018 0.018 0.013 0.016 0.023 0.027 0.022 0.102 0.119 0.026 0.025 0.161 0.015 0.032 0.041 0.015 0.144 0.098
147 L 0.043 0.023 0.014 0.015 0.015 0.017 0.02 0.021 0.01 0.121 0.363 0.025 0.069 0.05 0.014 0.024 0.033 0.007 0.021 0.095
148 L 0.067 0.028 0.092 0.033 0.014 0.021 0.029 0.036 0.015 0.102 0.142 0.034 0.051 0.06 0.053 0.044 0.057 0.006 0.023 0.092
149 L 0.066 0.028 0.018 0.019 0.014 0.018 0.025 0.027 0.014 0.117 0.212 0.047 0.032 0.1 0.016 0.033 0.046 0.009 0.053 0.106
150 F 0.041 0.028 0.072 0.028 0.011 0.019 0.027 0.031 0.021 0.068 0.09 0.039 0.028 0.216 0.015 0.038 0.052 0.013 0.091 0.073
151 F 0.036 0.02 0.018 0.017 0.01 0.012 0.02 0.06 0.019 0.057 0.117 0.021 0.024 0.325 0.011 0.026 0.025 0.016 0.113 0.051
152 S 0.071 0.057 0.068 0.097 0.012 0.028 0.047 0.12 0.017 0.028 0.039 0.048 0.013 0.021 0.022 0.131 0.085 0.042 0.018 0.036
153 I 0.069 0.028 0.05 0.061 0.012 0.038 0.057 0.106 0.015 0.116 0.102 0.037 0.022 0.055 0.054 0.041 0.035 0.006 0.021 0.075
154 D 0.059 0.045 0.07 0.161 0.009 0.036 0.1 0.134 0.019 0.022 0.032 0.096 0.011 0.016 0.023 0.082 0.04 0.005 0.013 0.028
155 D 0.05 0.032 0.089 0.156 0.01 0.028 0.072 0.042 0.022 0.033 0.047 0.043 0.014 0.062 0.021 0.071 0.092 0.008 0.068 0.039
156 Y 0.101 0.027 0.021 0.02 0.011 0.021 0.029 0.034 0.037 0.041 0.062 0.032 0.017 0.101 0.017 0.04 0.031 0.022 0.286 0.048
157 L 0.067 0.037 0.058 0.039 0.013 0.029 0.059 0.078 0.018 0.047 0.123 0.062 0.021 0.033 0.022 0.111 0.083 0.007 0.041 0.051
158 V 0.105 0.023 0.02 0.022 0.015 0.018 0.027 0.035 0.012 0.121 0.1 0.031 0.023 0.074 0.108 0.043 0.056 0.007 0.036 0.123
159 L 0.047 0.019 0.014 0.016 0.016 0.014 0.018 0.02 0.009 0.22 0.234 0.023 0.038 0.043 0.014 0.025 0.037 0.006 0.02 0.168
160 R 0.042 0.385 0.036 0.029 0.007 0.045 0.049 0.031 0.022 0.022 0.044 0.113 0.015 0.016 0.018 0.042 0.033 0.005 0.016 0.029
161 H 0.067 0.044 0.11 0.048 0.009 0.066 0.073 0.045 0.156 0.026 0.042 0.051 0.015 0.05 0.02 0.066 0.037 0.006 0.035 0.031
162 Y 0.038 0.029 0.019 0.018 0.01 0.019 0.026 0.025 0.029 0.052 0.098 0.046 0.021 0.172 0.013 0.028 0.027 0.073 0.201 0.056
163 F 0.042 0.019 0.016 0.016 0.012 0.012 0.02 0.024 0.016 0.085 0.108 0.021 0.025 0.291 0.012 0.026 0.03 0.014 0.085 0.126
164 L 0.047 0.03 0.019 0.021 0.014 0.036 0.029 0.025 0.012 0.171 0.237 0.051 0.042 0.041 0.016 0.039 0.037 0.006 0.02 0.108
165 D 0.053 0.036 0.127 0.183 0.01 0.034 0.11 0.048 0.021 0.028 0.059 0.05 0.014 0.019 0.022 0.091 0.044 0.004 0.014 0.032
166 N 0.048 0.075 0.177 0.054 0.009 0.051 0.052 0.048 0.077 0.029 0.062 0.093 0.015 0.021 0.02 0.068 0.042 0.005 0.022 0.032
167 G 0.063 0.033 0.109 0.072 0.01 0.036 0.041 0.314 0.027 0.02 0.03 0.051 0.01 0.016 0.019 0.068 0.037 0.005 0.013 0.025
168 W 0.034 0.021 0.015 0.015 0.01 0.014 0.021 0.025 0.018 0.069 0.124 0.022 0.023 0.143 0.01 0.023 0.025 0.233 0.101 0.054
169 G 0.074 0.022 0.037 0.032 0.01 0.018 0.024 0.54 0.013 0.018 0.027 0.032 0.009 0.015 0.018 0.048 0.028 0.005 0.01 0.023
170 D 0.038 0.028 0.065 0.434 0.007 0.028 0.086 0.044 0.018 0.021 0.026 0.042 0.009 0.014 0.021 0.049 0.033 0.003 0.011 0.023
171 V 0.059 0.02 0.015 0.017 0.017 0.015 0.021 0.022 0.008 0.186 0.151 0.024 0.032 0.037 0.015 0.029 0.043 0.005 0.019 0.266
172 Y 0.038 0.026 0.02 0.018 0.009 0.02 0.026 0.023 0.044 0.041 0.064 0.029 0.018 0.123 0.015 0.029 0.026 0.026 0.359 0.044
173 T 0.066 0.033 0.062 0.038 0.016 0.026 0.037 0.043 0.015 0.047 0.061 0.042 0.018 0.05 0.024 0.094 0.24 0.006 0.021 0.061
174 Y 0.037 0.025 0.02 0.017 0.009 0.019 0.025 0.023 0.041 0.043 0.069 0.028 0.018 0.155 0.014 0.029 0.026 0.025 0.33 0.045
175 N 0.061 0.036 0.187 0.06 0.011 0.03 0.063 0.168 0.022 0.024 0.033 0.047 0.012 0.017 0.021 0.093 0.065 0.005 0.014 0.03
176 G 0.069 0.027 0.071 0.037 0.01 0.029 0.031 0.4 0.018 0.021 0.031 0.037 0.01 0.023 0.019 0.064 0.034 0.006 0.036 0.026
177 Y 0.045 0.024 0.024 0.021 0.01 0.018 0.024 0.135 0.051 0.063 0.095 0.027 0.02 0.147 0.014 0.032 0.027 0.015 0.155 0.051
178 F 0.036 0.019 0.016 0.016 0.011 0.012 0.019 0.023 0.016 0.089 0.163 0.02 0.028 0.295 0.011 0.024 0.027 0.014 0.085 0.076
179 Y 0.036 0.025 0.019 0.017 0.009 0.019 0.025 0.024 0.038 0.04 0.065 0.027 0.018 0.135 0.013 0.028 0.025 0.097 0.298 0.042
180 R 0.044 0.226 0.107 0.042 0.008 0.043 0.052 0.04 0.05 0.023 0.039 0.139 0.014 0.017 0.02 0.049 0.036 0.005 0.019 0.028
181 I 0.052 0.018 0.014 0.017 0.016 0.014 0.018 0.021 0.008 0.258 0.145 0.023 0.033 0.039 0.014 0.026 0.041 0.005 0.019 0.219
182 Q 0.053 0.066 0.04 0.043 0.008 0.245 0.092 0.038 0.026 0.025 0.043 0.082 0.019 0.014 0.058 0.052 0.038 0.005 0.019 0.033
183 I 0.047 0.019 0.014 0.016 0.016 0.014 0.018 0.02 0.009 0.233 0.226 0.023 0.037 0.043 0.014 0.024 0.037 0.006 0.02 0.165
184 K 0.052 0.079 0.03 0.03 0.011 0.037 0.049 0.033 0.016 0.082 0.115 0.211 0.023 0.025 0.022 0.041 0.037 0.005 0.018 0.084
185 G 0.074 0.022 0.037 0.032 0.01 0.018 0.024 0.54 0.013 0.018 0.027 0.032 0.009 0.015 0.018 0.048 0.028 0.005 0.01 0.023
186 N 0.04 0.042 0.359 0.078 0.008 0.032 0.046 0.061 0.03 0.021 0.03 0.051 0.011 0.017 0.019 0.065 0.046 0.004 0.015 0.025
187 A 0.313 0.029 0.024 0.028 0.02 0.024 0.038 0.071 0.014 0.039 0.054 0.042 0.016 0.02 0.063 0.077 0.046 0.005 0.016 0.062
188 L 0.043 0.022 0.013 0.015 0.015 0.015 0.019 0.02 0.009 0.132 0.376 0.024 0.045 0.05 0.013 0.023 0.033 0.006 0.021 0.106
189 L 0.043 0.02 0.014 0.015 0.015 0.014 0.018 0.02 0.009 0.197 0.304 0.023 0.041 0.047 0.014 0.023 0.034 0.006 0.02 0.123
190 P 0.053 0.024 0.021 0.028 0.01 0.019 0.033 0.033 0.012 0.03 0.061 0.038 0.012 0.015 0.488 0.04 0.034 0.003 0.013 0.033
191 F 0.036 0.018 0.016 0.016 0.011 0.011 0.018 0.023 0.014 0.099 0.115 0.019 0.026 0.342 0.011 0.024 0.028 0.014 0.07 0.09
192 A 0.21 0.028 0.026 0.028 0.018 0.022 0.035 0.057 0.014 0.072 0.094 0.038 0.021 0.054 0.024 0.098 0.049 0.006 0.022 0.086
193 F 0.035 0.019 0.017 0.016 0.046 0.012 0.019 0.024 0.021 0.054 0.095 0.02 0.022 0.331 0.011 0.026 0.025 0.017 0.137 0.05
194 F 0.042 0.025 0.018 0.017 0.013 0.019 0.023 0.025 0.017 0.079 0.165 0.027 0.119 0.187 0.013 0.029 0.032 0.012 0.068 0.071
195 L 0.05 0.02 0.014 0.016 0.016 0.014 0.019 0.021 0.009 0.192 0.238 0.023 0.037 0.043 0.014 0.026 0.038 0.006 0.02 0.185
196 S 0.089 0.036 0.069 0.045 0.051 0.03 0.046 0.056 0.045 0.03 0.042 0.047 0.015 0.02 0.025 0.208 0.083 0.005 0.019 0.04
197 F 0.039 0.024 0.019 0.021 0.011 0.019 0.045 0.024 0.025 0.078 0.14 0.028 0.038 0.18 0.014 0.028 0.029 0.016 0.159 0.063
198 F 0.064 0.021 0.017 0.017 0.013 0.015 0.022 0.026 0.017 0.115 0.128 0.024 0.027 0.177 0.014 0.03 0.033 0.013 0.101 0.126
199 L 0.07 0.037 0.048 0.028 0.013 0.024 0.034 0.034 0.043 0.122 0.154 0.073 0.027 0.04 0.018 0.053 0.039 0.007 0.045 0.09
200 Y 0.042 0.058 0.025 0.031 0.009 0.028 0.074 0.028 0.039 0.057 0.07 0.06 0.018 0.14 0.053 0.035 0.029 0.014 0.142 0.048
201 R 0.053 0.126 0.059 0.064 0.01 0.068 0.056 0.037 0.019 0.054 0.079 0.121 0.019 0.021 0.021 0.06 0.04 0.005 0.017 0.07
202 F 0.059 0.042 0.029 0.029 0.013 0.055 0.043 0.035 0.019 0.065 0.104 0.077 0.023 0.106 0.019 0.076 0.043 0.009 0.061 0.094
203 P 0.061 0.045 0.06 0.041 0.01 0.038 0.077 0.084 0.021 0.031 0.047 0.093 0.014 0.062 0.112 0.05 0.057 0.008 0.052 0.037
204 G 0.05 0.07 0.103 0.055 0.009 0.047 0.046 0.147 0.024 0.031 0.065 0.097 0.015 0.033 0.019 0.048 0.035 0.008 0.064 0.034
205 G 0.05 0.036 0.069 0.061 0.022 0.024 0.037 0.108 0.018 0.064 0.074 0.073 0.018 0.089 0.017 0.056 0.035 0.045 0.053 0.05
206 E 0.055 0.05 0.04 0.09 0.007 0.064 0.296 0.035 0.026 0.022 0.037 0.076 0.013 0.017 0.026 0.055 0.037 0.006 0.017 0.031
207 N 0.043 0.045 0.317 0.083 0.009 0.034 0.049 0.065 0.032 0.022 0.032 0.054 0.011 0.018 0.02 0.07 0.049 0.004 0.016 0.027
208 K 0.049 0.212 0.038 0.035 0.008 0.048 0.06 0.037 0.02 0.024 0.042 0.24 0.015 0.015 0.023 0.047 0.036 0.005 0.016 0.03
209 Y 0.053 0.027 0.025 0.023 0.012 0.02 0.029 0.032 0.027 0.058 0.135 0.031 0.025 0.146 0.017 0.069 0.039 0.017 0.158 0.056
210 R 0.047 0.182 0.034 0.031 0.009 0.042 0.051 0.033 0.024 0.05 0.057 0.164 0.017 0.037 0.021 0.043 0.035 0.009 0.071 0.045
211 L 0.053 0.049 0.05 0.03 0.013 0.024 0.034 0.034 0.015 0.109 0.142 0.076 0.026 0.087 0.018 0.07 0.059 0.007 0.027 0.077
212 L 0.052 0.023 0.021 0.021 0.015 0.017 0.024 0.028 0.011 0.156 0.199 0.028 0.032 0.094 0.016 0.063 0.058 0.007 0.028 0.106
213 F 0.067 0.024 0.022 0.022 0.013 0.018 0.025 0.031 0.034 0.127 0.108 0.028 0.038 0.154 0.016 0.052 0.054 0.011 0.071 0.086
214 A 0.122 0.105 0.03 0.028 0.016 0.027 0.037 0.043 0.014 0.065 0.091 0.053 0.021 0.025 0.022 0.085 0.082 0.005 0.017 0.109
215 V 0.076 0.025 0.026 0.025 0.051 0.019 0.028 0.071 0.012 0.119 0.117 0.031 0.033 0.059 0.018 0.091 0.047 0.006 0.022 0.123
216 L 0.044 0.02 0.014 0.015 0.015 0.014 0.018 0.021 0.01 0.174 0.264 0.023 0.038 0.091 0.013 0.024 0.034 0.007 0.028 0.134
217 L 0.069 0.026 0.022 0.021 0.013 0.019 0.027 0.032 0.024 0.061 0.166 0.03 0.026 0.123 0.016 0.064 0.036 0.015 0.15 0.059
218 F 0.093 0.022 0.017 0.018 0.014 0.014 0.022 0.032 0.013 0.074 0.196 0.024 0.03 0.218 0.015 0.034 0.031 0.011 0.049 0.073
219 L 0.06 0.021 0.016 0.017 0.016 0.015 0.02 0.024 0.009 0.176 0.203 0.024 0.034 0.068 0.015 0.03 0.047 0.006 0.024 0.175
220 G 0.208 0.028 0.032 0.032 0.016 0.023 0.035 0.239 0.014 0.031 0.043 0.039 0.013 0.018 0.024 0.095 0.044 0.005 0.014 0.046
221 C 0.078 0.021 0.021 0.021 0.159 0.016 0.023 0.032 0.009 0.138 0.097 0.027 0.024 0.028 0.018 0.046 0.093 0.005 0.016 0.126
222 L 0.058 0.02 0.015 0.016 0.051 0.014 0.019 0.023 0.009 0.18 0.21 0.023 0.034 0.068 0.014 0.028 0.036 0.006 0.024 0.151
223 F 0.045 0.018 0.015 0.016 0.014 0.012 0.019 0.022 0.011 0.16 0.126 0.021 0.029 0.203 0.013 0.026 0.034 0.01 0.047 0.159
224 A 0.259 0.027 0.024 0.026 0.126 0.022 0.034 0.064 0.013 0.04 0.056 0.038 0.016 0.02 0.025 0.084 0.046 0.005 0.015 0.06
225 G 0.094 0.023 0.037 0.032 0.011 0.019 0.027 0.473 0.013 0.02 0.03 0.034 0.01 0.016 0.019 0.066 0.033 0.005 0.011 0.027
226 N 0.04 0.042 0.359 0.078 0.008 0.032 0.046 0.061 0.03 0.021 0.03 0.051 0.011 0.017 0.019 0.065 0.046 0.004 0.015 0.025
227 F 0.035 0.02 0.015 0.015 0.012 0.012 0.018 0.022 0.014 0.077 0.217 0.02 0.032 0.291 0.011 0.023 0.027 0.013 0.061 0.065
228 A 0.274 0.03 0.024 0.027 0.019 0.025 0.036 0.064 0.014 0.049 0.075 0.041 0.044 0.024 0.026 0.074 0.063 0.005 0.017 0.068
229 F 0.034 0.02 0.017 0.016 0.01 0.013 0.02 0.024 0.024 0.054 0.095 0.021 0.022 0.338 0.011 0.025 0.025 0.019 0.162 0.049
230 L 0.04 0.021 0.016 0.016 0.012 0.015 0.02 0.022 0.018 0.125 0.171 0.023 0.029 0.144 0.013 0.025 0.03 0.049 0.109 0.1
231 L 0.045 0.02 0.014 0.016 0.015 0.014 0.018 0.02 0.009 0.215 0.265 0.023 0.039 0.045 0.014 0.024 0.035 0.006 0.02 0.144
232 A 0.171 0.029 0.034 0.033 0.016 0.024 0.036 0.164 0.015 0.037 0.05 0.04 0.015 0.048 0.024 0.122 0.061 0.006 0.02 0.054
233 I 0.048 0.021 0.018 0.018 0.015 0.015 0.021 0.024 0.011 0.188 0.153 0.025 0.044 0.108 0.015 0.032 0.063 0.008 0.031 0.145
234 F 0.078 0.02 0.018 0.018 0.049 0.014 0.021 0.066 0.013 0.092 0.135 0.024 0.026 0.2 0.014 0.034 0.032 0.01 0.045 0.092
235 L 0.066 0.022 0.018 0.019 0.015 0.015 0.022 0.028 0.011 0.141 0.221 0.025 0.034 0.124 0.015 0.045 0.036 0.008 0.033 0.103
236 F 0.033 0.02 0.019 0.017 0.01 0.013 0.021 0.025 0.045 0.055 0.099 0.02 0.023 0.375 0.011 0.025 0.024 0.016 0.101 0.049
237 L 0.065 0.023 0.02 0.02 0.014 0.017 0.025 0.027 0.066 0.132 0.151 0.026 0.029 0.134 0.015 0.031 0.034 0.008 0.04 0.125
238 F 0.079 0.024 0.025 0.025 0.014 0.018 0.027 0.107 0.013 0.076 0.095 0.03 0.034 0.126 0.053 0.069 0.04 0.008 0.033 0.102
239 L 0.05 0.024 0.019 0.019 0.014 0.018 0.023 0.062 0.014 0.102 0.23 0.027 0.059 0.089 0.015 0.045 0.036 0.009 0.051 0.095
240 Y 0.043 0.024 0.021 0.02 0.011 0.018 0.025 0.026 0.041 0.091 0.113 0.027 0.024 0.162 0.015 0.045 0.032 0.017 0.178 0.067
241 L 0.05 0.03 0.027 0.037 0.012 0.029 0.098 0.03 0.022 0.087 0.105 0.04 0.022 0.085 0.019 0.054 0.073 0.011 0.101 0.068
242 L 0.053 0.02 0.015 0.016 0.014 0.013 0.019 0.023 0.011 0.149 0.218 0.022 0.034 0.152 0.013 0.026 0.033 0.009 0.038 0.121
243 I 0.045 0.019 0.015 0.016 0.052 0.014 0.019 0.022 0.015 0.189 0.158 0.023 0.03 0.092 0.014 0.026 0.034 0.01 0.078 0.13
244 L 0.044 0.024 0.014 0.015 0.016 0.016 0.02 0.021 0.01 0.115 0.377 0.025 0.05 0.055 0.014 0.024 0.033 0.007 0.022 0.096
245 F 0.061 0.112 0.036 0.033 0.011 0.032 0.044 0.041 0.019 0.037 0.062 0.106 0.018 0.136 0.021 0.102 0.045 0.008 0.037 0.04
246 K 0.055 0.057 0.03 0.033 0.011 0.034 0.064 0.069 0.015 0.074 0.092 0.156 0.021 0.052 0.021 0.044 0.055 0.006 0.022 0.088
247 S 0.086 0.094 0.06 0.068 0.012 0.049 0.052 0.084 0.019 0.032 0.066 0.09 0.016 0.02 0.023 0.12 0.049 0.005 0.016 0.039
248 N 0.044 0.101 0.203 0.055 0.009 0.042 0.048 0.048 0.024 0.032 0.042 0.096 0.014 0.02 0.019 0.054 0.041 0.042 0.019 0.048
249 A 0.1 0.069 0.061 0.073 0.013 0.036 0.09 0.047 0.018 0.038 0.059 0.092 0.016 0.02 0.024 0.09 0.081 0.005 0.016 0.053
250 S 0.109 0.04 0.054 0.049 0.017 0.033 0.052 0.066 0.019 0.03 0.042 0.054 0.016 0.021 0.03 0.223 0.082 0.005 0.017 0.042
251 R 0.044 0.116 0.026 0.024 0.011 0.03 0.037 0.028 0.018 0.103 0.098 0.107 0.049 0.091 0.017 0.035 0.034 0.009 0.052 0.071
252 I 0.047 0.018 0.015 0.018 0.016 0.013 0.018 0.021 0.009 0.269 0.168 0.024 0.037 0.044 0.015 0.025 0.04 0.006 0.021 0.177
253 L 0.041 0.055 0.092 0.032 0.011 0.038 0.033 0.032 0.022 0.09 0.141 0.04 0.025 0.1 0.015 0.037 0.035 0.01 0.076 0.074
254 K 0.074 0.085 0.034 0.033 0.01 0.068 0.054 0.076 0.023 0.028 0.045 0.15 0.015 0.034 0.022 0.062 0.037 0.045 0.069 0.035
255 L 0.058 0.043 0.018 0.019 0.015 0.02 0.026 0.025 0.011 0.149 0.238 0.059 0.035 0.04 0.016 0.03 0.037 0.006 0.019 0.138
256 L 0.06 0.061 0.056 0.032 0.014 0.043 0.038 0.037 0.016 0.084 0.154 0.045 0.027 0.063 0.019 0.091 0.046 0.006 0.024 0.084
257 L 0.058 0.037 0.028 0.027 0.015 0.044 0.038 0.033 0.013 0.095 0.179 0.063 0.029 0.033 0.042 0.063 0.085 0.006 0.019 0.095
258 K 0.057 0.107 0.042 0.042 0.009 0.054 0.071 0.043 0.021 0.028 0.043 0.278 0.016 0.016 0.028 0.054 0.04 0.005 0.017 0.033
259 Y 0.04 0.028 0.022 0.019 0.009 0.022 0.028 0.025 0.047 0.044 0.068 0.031 0.019 0.131 0.016 0.031 0.028 0.028 0.318 0.047
260 K 0.048 0.128 0.057 0.036 0.009 0.055 0.054 0.037 0.02 0.043 0.056 0.184 0.017 0.075 0.021 0.05 0.036 0.007 0.026 0.04
261 N 0.071 0.038 0.108 0.038 0.013 0.025 0.035 0.076 0.016 0.1 0.099 0.075 0.022 0.04 0.019 0.048 0.052 0.005 0.019 0.101
262 F 0.039 0.02 0.016 0.016 0.012 0.013 0.019 0.022 0.016 0.108 0.176 0.021 0.03 0.229 0.012 0.025 0.029 0.013 0.086 0.098
263 L 0.062 0.02 0.016 0.017 0.014 0.014 0.02 0.026 0.011 0.168 0.187 0.023 0.032 0.156 0.014 0.033 0.034 0.009 0.038 0.105
264 N 0.05 0.076 0.18 0.062 0.009 0.044 0.06 0.054 0.026 0.025 0.037 0.167 0.013 0.017 0.024 0.061 0.044 0.005 0.016 0.03
265 S 0.11 0.04 0.054 0.049 0.017 0.033 0.052 0.066 0.019 0.03 0.042 0.054 0.016 0.021 0.03 0.221 0.082 0.005 0.017 0.042
266 R 0.045 0.346 0.039 0.031 0.008 0.048 0.052 0.033 0.023 0.023 0.046 0.12 0.015 0.017 0.019 0.045 0.035 0.006 0.017 0.031
267 T 0.062 0.034 0.032 0.029 0.017 0.028 0.034 0.036 0.015 0.077 0.131 0.041 0.091 0.036 0.022 0.064 0.144 0.007 0.021 0.082
268 R 0.045 0.346 0.039 0.031 0.008 0.048 0.052 0.033 0.023 0.023 0.046 0.12 0.015 0.017 0.019 0.045 0.035 0.006 0.017 0.031
269 V 0.058 0.02 0.016 0.018 0.018 0.015 0.02 0.023 0.008 0.218 0.149 0.025 0.034 0.04 0.016 0.029 0.045 0.006 0.021 0.223
270 F 0.036 0.02 0.016 0.016 0.012 0.012 0.019 0.024 0.015 0.076 0.18 0.02 0.031 0.306 0.011 0.025 0.027 0.014 0.072 0.065
271 L 0.048 0.023 0.016 0.018 0.016 0.018 0.021 0.023 0.011 0.191 0.227 0.027 0.072 0.048 0.015 0.027 0.038 0.007 0.022 0.135
272 L 0.053 0.024 0.02 0.02 0.015 0.017 0.021 0.144 0.011 0.091 0.291 0.027 0.039 0.045 0.015 0.031 0.032 0.007 0.019 0.078
273 K 0.119 0.066 0.031 0.032 0.014 0.037 0.051 0.047 0.016 0.065 0.069 0.158 0.02 0.022 0.025 0.056 0.044 0.005 0.018 0.101
274 L 0.045 0.024 0.014 0.015 0.016 0.016 0.02 0.021 0.01 0.116 0.374 0.025 0.05 0.055 0.014 0.024 0.033 0.007 0.022 0.096
275 V 0.07 0.022 0.017 0.018 0.019 0.017 0.023 0.025 0.008 0.165 0.131 0.026 0.032 0.036 0.017 0.033 0.05 0.006 0.021 0.267
276 G 0.054 0.021 0.023 0.022 0.026 0.015 0.022 0.168 0.014 0.082 0.134 0.026 0.024 0.137 0.015 0.045 0.033 0.009 0.048 0.08
277 G 0.084 0.025 0.029 0.028 0.053 0.019 0.029 0.117 0.014 0.07 0.111 0.033 0.022 0.097 0.019 0.104 0.045 0.007 0.028 0.065
278 I 0.048 0.02 0.017 0.018 0.05 0.014 0.02 0.024 0.011 0.159 0.144 0.023 0.036 0.138 0.014 0.031 0.053 0.008 0.036 0.139
279 L 0.071 0.022 0.017 0.018 0.016 0.016 0.022 0.027 0.01 0.143 0.206 0.026 0.034 0.084 0.016 0.035 0.056 0.007 0.027 0.147
280 L 0.051 0.024 0.022 0.021 0.015 0.017 0.024 0.028 0.012 0.132 0.183 0.028 0.044 0.112 0.016 0.053 0.075 0.008 0.032 0.102
281 L 0.056 0.022 0.02 0.02 0.015 0.016 0.022 0.102 0.01 0.139 0.206 0.026 0.032 0.037 0.016 0.034 0.056 0.006 0.018 0.148
282 L 0.077 0.022 0.016 0.017 0.016 0.016 0.022 0.045 0.01 0.124 0.239 0.025 0.035 0.068 0.015 0.032 0.037 0.007 0.024 0.155
283 T 0.061 0.026 0.03 0.027 0.133 0.019 0.028 0.036 0.013 0.053 0.077 0.032 0.02 0.114 0.02 0.063 0.14 0.008 0.034 0.063
284 L 0.059 0.025 0.023 0.023 0.015 0.019 0.026 0.031 0.012 0.117 0.175 0.029 0.047 0.102 0.017 0.078 0.044 0.007 0.03 0.122
285 A 0.202 0.035 0.04 0.039 0.019 0.029 0.046 0.072 0.017 0.036 0.05 0.049 0.016 0.021 0.03 0.155 0.066 0.005 0.017 0.055
286 F 0.067 0.024 0.024 0.024 0.014 0.017 0.026 0.07 0.013 0.086 0.145 0.029 0.026 0.158 0.016 0.08 0.041 0.009 0.039 0.091
287 P 0.061 0.028 0.076 0.037 0.012 0.022 0.034 0.112 0.015 0.054 0.054 0.039 0.021 0.033 0.2 0.077 0.051 0.005 0.017 0.053
288 Y 0.04 0.028 0.022 0.019 0.009 0.022 0.028 0.025 0.047 0.044 0.068 0.031 0.019 0.131 0.016 0.031 0.028 0.028 0.319 0.047
289 F 0.05 0.021 0.021 0.022 0.012 0.015 0.024 0.065 0.013 0.085 0.095 0.027 0.021 0.186 0.123 0.047 0.034 0.009 0.043 0.085
290 V 0.054 0.021 0.02 0.02 0.014 0.015 0.021 0.097 0.011 0.132 0.132 0.025 0.027 0.117 0.015 0.034 0.054 0.008 0.032 0.153
291 L 0.064 0.023 0.016 0.017 0.014 0.017 0.022 0.025 0.017 0.134 0.23 0.026 0.042 0.061 0.015 0.03 0.034 0.01 0.093 0.11
292 D 0.056 0.038 0.11 0.124 0.011 0.031 0.078 0.063 0.019 0.05 0.047 0.065 0.014 0.019 0.058 0.084 0.062 0.004 0.015 0.051
293 Y 0.039 0.025 0.019 0.017 0.01 0.019 0.025 0.023 0.037 0.052 0.075 0.027 0.019 0.16 0.014 0.029 0.027 0.023 0.296 0.064
294 V 0.065 0.022 0.019 0.02 0.016 0.016 0.023 0.028 0.01 0.169 0.15 0.027 0.03 0.078 0.016 0.05 0.059 0.007 0.026 0.17
295 V 0.054 0.03 0.04 0.063 0.012 0.034 0.078 0.032 0.019 0.09 0.094 0.039 0.022 0.069 0.018 0.056 0.057 0.009 0.071 0.113
296 S 0.069 0.048 0.089 0.07 0.012 0.039 0.113 0.049 0.02 0.028 0.04 0.092 0.014 0.018 0.025 0.128 0.087 0.005 0.016 0.037
297 V 0.075 0.027 0.069 0.029 0.016 0.02 0.028 0.034 0.013 0.113 0.144 0.032 0.04 0.033 0.018 0.046 0.078 0.005 0.019 0.161
298 L 0.048 0.021 0.015 0.016 0.015 0.015 0.02 0.021 0.012 0.19 0.201 0.024 0.047 0.062 0.014 0.026 0.037 0.008 0.047 0.162
299 L 0.053 0.034 0.032 0.074 0.012 0.035 0.143 0.032 0.03 0.075 0.164 0.046 0.025 0.03 0.02 0.065 0.039 0.006 0.019 0.069
300 L 0.047 0.069 0.025 0.029 0.012 0.063 0.063 0.028 0.016 0.077 0.204 0.087 0.062 0.034 0.018 0.036 0.035 0.006 0.02 0.067
301 K 0.054 0.102 0.04 0.04 0.008 0.051 0.067 0.041 0.02 0.026 0.041 0.312 0.015 0.015 0.026 0.051 0.038 0.005 0.016 0.031
302 L 0.073 0.031 0.035 0.032 0.016 0.024 0.035 0.043 0.015 0.061 0.155 0.038 0.027 0.085 0.022 0.127 0.085 0.007 0.028 0.062
303 V 0.05 0.034 0.077 0.09 0.012 0.052 0.048 0.037 0.018 0.091 0.081 0.042 0.021 0.079 0.019 0.049 0.072 0.007 0.027 0.095
304 G 0.076 0.022 0.038 0.033 0.01 0.018 0.025 0.524 0.013 0.018 0.027 0.033 0.009 0.016 0.018 0.05 0.029 0.005 0.01 0.024
305 G 0.14 0.025 0.035 0.032 0.014 0.021 0.03 0.39 0.014 0.026 0.037 0.036 0.012 0.018 0.022 0.06 0.035 0.005 0.013 0.037
306 S 0.086 0.048 0.066 0.101 0.012 0.035 0.074 0.085 0.019 0.03 0.047 0.106 0.027 0.019 0.024 0.114 0.049 0.005 0.015 0.037
307 G 0.065 0.031 0.045 0.07 0.012 0.037 0.092 0.17 0.016 0.045 0.052 0.043 0.015 0.048 0.02 0.079 0.059 0.006 0.019 0.074
308 S 0.075 0.05 0.045 0.078 0.012 0.037 0.111 0.047 0.048 0.031 0.042 0.054 0.014 0.027 0.024 0.156 0.055 0.007 0.043 0.045
309 S 0.103 0.038 0.051 0.046 0.016 0.031 0.049 0.062 0.018 0.028 0.039 0.051 0.015 0.02 0.028 0.268 0.077 0.005 0.016 0.039
310 L 0.046 0.028 0.09 0.03 0.013 0.021 0.026 0.067 0.015 0.11 0.218 0.032 0.07 0.039 0.015 0.036 0.037 0.006 0.019 0.082
311 G 0.09 0.027 0.035 0.033 0.011 0.037 0.033 0.364 0.014 0.022 0.032 0.039 0.011 0.015 0.092 0.065 0.034 0.005 0.012 0.029
312 T 0.061 0.03 0.032 0.029 0.016 0.023 0.032 0.034 0.039 0.104 0.091 0.037 0.036 0.029 0.021 0.063 0.184 0.006 0.021 0.114
313 R 0.042 0.385 0.036 0.029 0.007 0.045 0.049 0.031 0.022 0.022 0.044 0.113 0.015 0.016 0.018 0.042 0.033 0.005 0.016 0.029
314 F 0.046 0.023 0.018 0.019 0.011 0.031 0.025 0.05 0.016 0.109 0.123 0.026 0.025 0.209 0.013 0.028 0.029 0.048 0.074 0.074
315 D 0.04 0.031 0.061 0.384 0.007 0.033 0.122 0.042 0.019 0.021 0.027 0.046 0.009 0.014 0.021 0.049 0.033 0.004 0.011 0.024
316 Q 0.052 0.069 0.041 0.044 0.008 0.263 0.097 0.039 0.028 0.025 0.044 0.086 0.019 0.014 0.022 0.052 0.039 0.006 0.019 0.033
317 A 0.149 0.025 0.023 0.023 0.016 0.019 0.029 0.044 0.016 0.061 0.084 0.032 0.027 0.146 0.02 0.054 0.074 0.01 0.061 0.087
318 N 0.061 0.038 0.126 0.047 0.011 0.046 0.064 0.044 0.051 0.046 0.075 0.047 0.018 0.037 0.02 0.07 0.077 0.008 0.068 0.047
319 V 0.12 0.025 0.019 0.021 0.018 0.027 0.029 0.035 0.024 0.117 0.123 0.031 0.027 0.031 0.018 0.042 0.044 0.005 0.02 0.224
320 L 0.042 0.023 0.013 0.014 0.015 0.015 0.019 0.02 0.009 0.108 0.414 0.024 0.047 0.051 0.013 0.023 0.031 0.007 0.021 0.09
