#Seq2Logo.py -f /work3/idamei/ssn-clusterings/clustering/2205181126/clusters/0018_27/sequences.afa -o /work3/idamei/ssn-clusterings/clustering/2205181126/clusters/0018_27/sequences.logo
#Position Specific Frequency Matrix
A R N D C Q E G H I L K M F P S T W Y V
0 L 0.051 0.031 0.02 0.02 0.016 0.027 0.027 0.027 0.016 0.098 0.192 0.035 0.181 0.047 0.016 0.035 0.039 0.008 0.024 0.09
1 I 0.046 0.022 0.021 0.021 0.014 0.017 0.023 0.023 0.069 0.241 0.142 0.027 0.032 0.041 0.015 0.027 0.037 0.006 0.026 0.151
2 Y 0.04 0.027 0.021 0.018 0.009 0.021 0.027 0.024 0.046 0.043 0.067 0.031 0.018 0.128 0.015 0.031 0.027 0.027 0.331 0.046
3 L 0.043 0.021 0.015 0.016 0.015 0.014 0.019 0.021 0.011 0.154 0.277 0.023 0.041 0.11 0.013 0.024 0.033 0.008 0.033 0.11
4 L 0.065 0.029 0.031 0.028 0.017 0.022 0.031 0.036 0.012 0.107 0.179 0.036 0.031 0.036 0.021 0.083 0.12 0.006 0.019 0.09
5 Y 0.04 0.024 0.019 0.018 0.01 0.018 0.024 0.024 0.034 0.088 0.092 0.027 0.023 0.16 0.014 0.029 0.029 0.022 0.236 0.069
6 F 0.035 0.023 0.07 0.028 0.01 0.014 0.024 0.032 0.019 0.055 0.098 0.024 0.023 0.334 0.012 0.032 0.029 0.014 0.075 0.049
7 F 0.063 0.021 0.016 0.018 0.014 0.014 0.021 0.027 0.013 0.127 0.175 0.023 0.032 0.195 0.014 0.03 0.033 0.011 0.049 0.104
8 L 0.107 0.027 0.028 0.028 0.017 0.021 0.032 0.043 0.013 0.135 0.147 0.036 0.029 0.034 0.021 0.092 0.063 0.006 0.019 0.102
9 L 0.104 0.029 0.027 0.027 0.017 0.022 0.032 0.042 0.013 0.076 0.216 0.036 0.033 0.037 0.021 0.082 0.083 0.006 0.019 0.076
10 F 0.043 0.023 0.02 0.019 0.013 0.015 0.022 0.027 0.014 0.078 0.198 0.025 0.032 0.216 0.014 0.036 0.068 0.011 0.053 0.07
11 L 0.05 0.023 0.017 0.018 0.015 0.018 0.022 0.025 0.013 0.137 0.15 0.026 0.076 0.134 0.014 0.03 0.038 0.009 0.038 0.145
12 I 0.055 0.021 0.019 0.021 0.017 0.016 0.022 0.025 0.009 0.22 0.142 0.027 0.033 0.039 0.017 0.037 0.075 0.006 0.02 0.181
13 F 0.065 0.026 0.029 0.027 0.094 0.02 0.03 0.039 0.02 0.064 0.077 0.033 0.02 0.135 0.019 0.1 0.047 0.012 0.087 0.058
14 L 0.112 0.031 0.034 0.032 0.016 0.024 0.036 0.049 0.015 0.054 0.118 0.039 0.023 0.09 0.023 0.117 0.088 0.007 0.029 0.061
15 F 0.035 0.019 0.016 0.016 0.011 0.011 0.019 0.024 0.015 0.07 0.158 0.02 0.029 0.344 0.011 0.025 0.026 0.015 0.076 0.06
16 L 0.05 0.021 0.015 0.016 0.016 0.015 0.02 0.022 0.01 0.149 0.218 0.024 0.037 0.104 0.014 0.027 0.038 0.008 0.032 0.165
17 T 0.068 0.144 0.043 0.036 0.014 0.035 0.045 0.043 0.017 0.038 0.054 0.07 0.017 0.021 0.025 0.1 0.157 0.006 0.017 0.052
18 H 0.056 0.037 0.041 0.033 0.011 0.03 0.043 0.037 0.197 0.05 0.058 0.04 0.018 0.045 0.019 0.071 0.039 0.01 0.09 0.073
19 R 0.045 0.263 0.088 0.041 0.008 0.061 0.056 0.039 0.024 0.023 0.043 0.119 0.015 0.017 0.02 0.049 0.037 0.005 0.017 0.03
20 K 0.052 0.19 0.04 0.037 0.008 0.051 0.063 0.039 0.021 0.026 0.043 0.236 0.015 0.016 0.024 0.049 0.037 0.005 0.017 0.031
21 Q 0.105 0.059 0.042 0.043 0.012 0.165 0.082 0.05 0.025 0.029 0.047 0.075 0.019 0.016 0.025 0.09 0.048 0.006 0.019 0.041
22 A 0.222 0.031 0.026 0.037 0.018 0.029 0.081 0.06 0.015 0.08 0.072 0.045 0.019 0.024 0.026 0.068 0.045 0.005 0.017 0.079
23 L 0.049 0.08 0.022 0.02 0.014 0.021 0.026 0.106 0.013 0.087 0.266 0.041 0.036 0.041 0.015 0.031 0.032 0.006 0.019 0.074
24 F 0.062 0.027 0.029 0.027 0.014 0.02 0.031 0.037 0.02 0.098 0.092 0.033 0.023 0.149 0.018 0.097 0.047 0.012 0.09 0.074
25 V 0.059 0.022 0.02 0.02 0.017 0.016 0.024 0.027 0.01 0.147 0.12 0.027 0.029 0.095 0.017 0.039 0.079 0.007 0.031 0.193
26 V 0.077 0.021 0.02 0.021 0.097 0.017 0.024 0.031 0.01 0.163 0.116 0.028 0.028 0.033 0.018 0.052 0.052 0.005 0.018 0.171
27 L 0.058 0.025 0.022 0.022 0.016 0.018 0.026 0.03 0.012 0.116 0.208 0.029 0.034 0.101 0.017 0.063 0.049 0.008 0.031 0.119
28 F 0.084 0.022 0.018 0.019 0.014 0.015 0.022 0.032 0.013 0.117 0.159 0.025 0.03 0.19 0.015 0.036 0.04 0.01 0.048 0.089
29 L 0.043 0.022 0.014 0.016 0.015 0.015 0.019 0.021 0.01 0.142 0.318 0.024 0.048 0.08 0.014 0.024 0.033 0.008 0.027 0.106
30 T 0.066 0.031 0.033 0.03 0.017 0.023 0.033 0.036 0.012 0.08 0.129 0.038 0.026 0.03 0.023 0.07 0.19 0.006 0.019 0.11
31 F 0.041 0.02 0.016 0.016 0.013 0.012 0.019 0.024 0.014 0.087 0.161 0.021 0.03 0.283 0.012 0.026 0.03 0.013 0.065 0.099
32 L 0.059 0.026 0.025 0.024 0.028 0.02 0.028 0.033 0.018 0.103 0.179 0.032 0.03 0.084 0.018 0.079 0.044 0.01 0.078 0.081
33 F 0.04 0.02 0.017 0.017 0.012 0.013 0.021 0.025 0.02 0.075 0.107 0.022 0.025 0.295 0.012 0.027 0.029 0.016 0.117 0.091
34 L 0.043 0.021 0.015 0.016 0.015 0.014 0.019 0.021 0.011 0.159 0.268 0.023 0.04 0.108 0.013 0.024 0.034 0.008 0.032 0.117
35 C 0.174 0.024 0.025 0.025 0.178 0.019 0.029 0.134 0.012 0.042 0.057 0.033 0.016 0.02 0.022 0.066 0.042 0.005 0.014 0.063
36 L 0.04 0.022 0.015 0.015 0.014 0.014 0.019 0.022 0.012 0.094 0.29 0.022 0.04 0.179 0.013 0.024 0.03 0.01 0.045 0.079
37 S 0.092 0.037 0.046 0.041 0.017 0.031 0.045 0.055 0.017 0.044 0.07 0.048 0.044 0.025 0.026 0.18 0.104 0.006 0.018 0.054
38 Y 0.038 0.026 0.02 0.018 0.009 0.019 0.026 0.024 0.04 0.046 0.076 0.028 0.02 0.182 0.014 0.029 0.027 0.025 0.285 0.047
39 P 0.055 0.025 0.023 0.03 0.01 0.02 0.035 0.035 0.013 0.025 0.035 0.04 0.01 0.013 0.506 0.043 0.035 0.003 0.013 0.03
40 A 0.197 0.032 0.037 0.036 0.018 0.027 0.041 0.146 0.016 0.033 0.047 0.045 0.015 0.02 0.027 0.134 0.057 0.005 0.016 0.05
41 G 0.082 0.025 0.041 0.035 0.012 0.021 0.029 0.446 0.014 0.02 0.03 0.036 0.01 0.017 0.02 0.082 0.037 0.005 0.012 0.027
42 G 0.062 0.031 0.157 0.052 0.01 0.024 0.034 0.337 0.02 0.02 0.029 0.041 0.01 0.017 0.019 0.057 0.037 0.005 0.012 0.025
43 D 0.04 0.029 0.067 0.412 0.007 0.029 0.089 0.045 0.018 0.022 0.027 0.044 0.009 0.015 0.022 0.051 0.035 0.004 0.011 0.024
44 W 0.03 0.022 0.015 0.015 0.008 0.014 0.022 0.029 0.015 0.035 0.062 0.022 0.016 0.116 0.008 0.023 0.023 0.423 0.07 0.034
45 I 0.053 0.019 0.015 0.017 0.017 0.014 0.019 0.021 0.008 0.246 0.152 0.024 0.034 0.04 0.015 0.027 0.042 0.006 0.02 0.211
46 G 0.076 0.022 0.038 0.033 0.011 0.018 0.025 0.522 0.013 0.018 0.028 0.033 0.009 0.016 0.018 0.05 0.029 0.005 0.011 0.024
47 Y 0.04 0.027 0.021 0.018 0.009 0.021 0.027 0.024 0.046 0.043 0.067 0.03 0.018 0.128 0.015 0.03 0.027 0.027 0.334 0.046
48 F 0.033 0.019 0.016 0.016 0.01 0.01 0.019 0.025 0.016 0.062 0.111 0.019 0.025 0.402 0.01 0.025 0.025 0.016 0.087 0.054
49 L 0.096 0.035 0.027 0.028 0.014 0.072 0.044 0.118 0.016 0.093 0.151 0.045 0.027 0.03 0.019 0.046 0.038 0.006 0.018 0.076
50 N 0.042 0.044 0.287 0.074 0.009 0.034 0.049 0.059 0.087 0.022 0.032 0.051 0.012 0.02 0.02 0.063 0.045 0.005 0.022 0.026
51 Y 0.04 0.027 0.021 0.018 0.009 0.021 0.027 0.024 0.046 0.043 0.067 0.03 0.018 0.128 0.015 0.03 0.027 0.027 0.334 0.046
52 D 0.04 0.029 0.067 0.412 0.007 0.029 0.089 0.045 0.018 0.022 0.027 0.044 0.009 0.015 0.022 0.051 0.035 0.004 0.011 0.024
53 C 0.063 0.016 0.016 0.016 0.496 0.012 0.016 0.032 0.008 0.044 0.063 0.02 0.016 0.02 0.016 0.04 0.036 0.004 0.012 0.056
54 L 0.057 0.035 0.026 0.026 0.015 0.046 0.037 0.032 0.025 0.096 0.223 0.046 0.059 0.04 0.018 0.066 0.043 0.006 0.022 0.081
55 V 0.059 0.028 0.02 0.022 0.016 0.051 0.034 0.025 0.012 0.181 0.126 0.035 0.031 0.034 0.017 0.033 0.044 0.006 0.02 0.207
56 N 0.042 0.044 0.334 0.081 0.009 0.033 0.048 0.064 0.031 0.022 0.031 0.053 0.011 0.018 0.02 0.068 0.048 0.004 0.015 0.026
57 N 0.048 0.042 0.181 0.116 0.008 0.041 0.139 0.09 0.026 0.022 0.032 0.057 0.011 0.017 0.022 0.06 0.041 0.005 0.015 0.027
58 I 0.053 0.048 0.029 0.03 0.013 0.077 0.05 0.031 0.046 0.136 0.097 0.087 0.026 0.029 0.019 0.039 0.04 0.006 0.023 0.121
59 C 0.063 0.016 0.016 0.016 0.496 0.012 0.016 0.032 0.008 0.044 0.063 0.02 0.016 0.02 0.016 0.04 0.036 0.004 0.012 0.056
60 N 0.043 0.051 0.188 0.121 0.008 0.054 0.065 0.05 0.031 0.026 0.038 0.054 0.013 0.035 0.02 0.056 0.041 0.008 0.068 0.03
61 N 0.067 0.037 0.119 0.117 0.011 0.032 0.076 0.054 0.021 0.025 0.035 0.051 0.012 0.017 0.105 0.117 0.053 0.004 0.015 0.032
62 G 0.058 0.028 0.097 0.167 0.009 0.024 0.05 0.287 0.018 0.02 0.028 0.04 0.009 0.016 0.02 0.053 0.034 0.005 0.011 0.024
63 F 0.06 0.025 0.072 0.03 0.012 0.017 0.027 0.037 0.018 0.053 0.09 0.028 0.021 0.275 0.015 0.042 0.051 0.013 0.063 0.052
64 V 0.062 0.023 0.021 0.023 0.016 0.018 0.026 0.028 0.01 0.139 0.107 0.03 0.026 0.041 0.099 0.042 0.08 0.005 0.02 0.182
65 L 0.056 0.049 0.03 0.038 0.013 0.053 0.089 0.034 0.018 0.064 0.149 0.089 0.076 0.033 0.021 0.058 0.041 0.006 0.02 0.062
66 F 0.033 0.019 0.016 0.016 0.01 0.01 0.019 0.025 0.016 0.062 0.111 0.019 0.025 0.402 0.01 0.025 0.025 0.016 0.087 0.054
67 E 0.054 0.048 0.04 0.088 0.007 0.063 0.314 0.034 0.025 0.022 0.036 0.074 0.013 0.016 0.025 0.054 0.036 0.005 0.016 0.031
68 P 0.055 0.038 0.024 0.028 0.011 0.025 0.038 0.033 0.019 0.051 0.057 0.079 0.016 0.036 0.263 0.041 0.037 0.008 0.068 0.076
69 G 0.076 0.022 0.038 0.033 0.011 0.018 0.025 0.522 0.013 0.018 0.028 0.033 0.009 0.016 0.018 0.05 0.029 0.005 0.011 0.024
70 Y 0.038 0.026 0.02 0.018 0.009 0.019 0.026 0.024 0.041 0.046 0.074 0.028 0.019 0.173 0.014 0.029 0.027 0.026 0.293 0.047
71 E 0.051 0.047 0.113 0.086 0.008 0.055 0.247 0.042 0.027 0.022 0.035 0.068 0.012 0.017 0.024 0.057 0.039 0.005 0.016 0.029
72 L 0.04 0.022 0.015 0.015 0.014 0.014 0.019 0.022 0.012 0.097 0.305 0.023 0.041 0.16 0.013 0.024 0.03 0.01 0.042 0.082
73 I 0.046 0.018 0.014 0.017 0.016 0.013 0.018 0.02 0.009 0.259 0.202 0.023 0.038 0.045 0.014 0.024 0.038 0.006 0.02 0.159
74 V 0.068 0.021 0.016 0.017 0.019 0.016 0.023 0.024 0.008 0.161 0.127 0.025 0.031 0.035 0.016 0.032 0.048 0.005 0.02 0.287
75 S 0.062 0.047 0.085 0.041 0.012 0.032 0.044 0.045 0.025 0.044 0.072 0.085 0.043 0.045 0.022 0.092 0.066 0.01 0.08 0.048
76 L 0.098 0.026 0.024 0.024 0.017 0.02 0.028 0.036 0.011 0.142 0.153 0.033 0.03 0.035 0.02 0.053 0.103 0.006 0.019 0.123
77 F 0.045 0.021 0.02 0.02 0.013 0.014 0.022 0.026 0.013 0.129 0.119 0.024 0.027 0.219 0.015 0.036 0.07 0.011 0.053 0.102
78 G 0.076 0.022 0.038 0.033 0.011 0.018 0.025 0.522 0.013 0.018 0.028 0.033 0.009 0.016 0.018 0.05 0.029 0.005 0.011 0.024
79 Y 0.047 0.035 0.051 0.03 0.01 0.056 0.041 0.034 0.028 0.056 0.097 0.041 0.021 0.066 0.017 0.052 0.036 0.096 0.132 0.051
80 L 0.049 0.023 0.018 0.018 0.015 0.016 0.021 0.104 0.01 0.097 0.33 0.026 0.042 0.047 0.015 0.028 0.032 0.007 0.02 0.082
81 G 0.076 0.022 0.038 0.033 0.011 0.018 0.025 0.522 0.013 0.018 0.028 0.033 0.009 0.016 0.018 0.05 0.029 0.005 0.011 0.024
82 F 0.034 0.02 0.018 0.017 0.01 0.013 0.02 0.025 0.023 0.058 0.102 0.021 0.023 0.341 0.011 0.026 0.025 0.019 0.142 0.052
83 Q 0.053 0.064 0.038 0.041 0.01 0.198 0.087 0.037 0.026 0.04 0.103 0.078 0.025 0.021 0.021 0.049 0.039 0.006 0.02 0.044
84 G 0.091 0.029 0.035 0.033 0.014 0.023 0.035 0.126 0.015 0.038 0.055 0.039 0.016 0.082 0.103 0.097 0.088 0.007 0.027 0.046
85 L 0.044 0.021 0.015 0.017 0.015 0.015 0.02 0.021 0.015 0.184 0.23 0.025 0.037 0.061 0.014 0.025 0.035 0.01 0.073 0.123
86 L 0.044 0.024 0.067 0.027 0.015 0.017 0.023 0.028 0.013 0.186 0.217 0.029 0.036 0.042 0.015 0.031 0.038 0.006 0.02 0.122
87 I 0.044 0.018 0.015 0.017 0.015 0.013 0.018 0.021 0.01 0.247 0.154 0.022 0.034 0.103 0.014 0.025 0.037 0.008 0.031 0.156
88 F 0.05 0.022 0.022 0.022 0.013 0.015 0.024 0.031 0.015 0.086 0.106 0.025 0.025 0.268 0.014 0.061 0.038 0.012 0.062 0.087
89 I 0.05 0.018 0.015 0.017 0.016 0.014 0.018 0.021 0.008 0.264 0.157 0.023 0.035 0.042 0.015 0.026 0.041 0.006 0.02 0.195
90 A 0.249 0.028 0.026 0.029 0.019 0.023 0.036 0.146 0.014 0.048 0.059 0.04 0.017 0.021 0.026 0.073 0.045 0.005 0.016 0.078
91 L 0.086 0.021 0.017 0.018 0.015 0.015 0.022 0.031 0.012 0.152 0.183 0.026 0.033 0.131 0.016 0.034 0.036 0.009 0.037 0.108
92 I 0.047 0.019 0.015 0.017 0.015 0.014 0.019 0.022 0.01 0.2 0.187 0.023 0.035 0.103 0.014 0.026 0.037 0.008 0.031 0.159
93 N 0.042 0.044 0.334 0.081 0.009 0.033 0.048 0.064 0.031 0.022 0.031 0.053 0.011 0.018 0.02 0.068 0.048 0.004 0.015 0.026
94 I 0.059 0.021 0.016 0.018 0.017 0.015 0.021 0.024 0.009 0.209 0.188 0.025 0.04 0.042 0.015 0.03 0.047 0.006 0.02 0.18
95 F 0.041 0.021 0.017 0.017 0.013 0.014 0.02 0.023 0.018 0.141 0.159 0.024 0.031 0.178 0.013 0.027 0.038 0.013 0.095 0.098
96 L 0.099 0.025 0.023 0.023 0.096 0.018 0.027 0.04 0.013 0.066 0.168 0.03 0.028 0.105 0.019 0.072 0.042 0.008 0.031 0.066
97 I 0.046 0.019 0.014 0.017 0.016 0.014 0.018 0.02 0.009 0.251 0.207 0.023 0.038 0.045 0.014 0.024 0.038 0.006 0.02 0.16
98 Y 0.052 0.085 0.036 0.09 0.011 0.028 0.044 0.035 0.027 0.045 0.106 0.05 0.021 0.06 0.019 0.07 0.039 0.013 0.123 0.047
99 S 0.066 0.052 0.09 0.046 0.012 0.06 0.055 0.05 0.032 0.032 0.052 0.092 0.017 0.082 0.023 0.113 0.052 0.007 0.03 0.038
100 F 0.034 0.02 0.017 0.017 0.01 0.012 0.02 0.025 0.021 0.059 0.105 0.02 0.024 0.364 0.011 0.026 0.025 0.018 0.121 0.053
101 A 0.201 0.034 0.037 0.036 0.019 0.028 0.043 0.067 0.016 0.039 0.053 0.047 0.017 0.021 0.029 0.136 0.095 0.005 0.017 0.059
102 K 0.052 0.133 0.036 0.035 0.009 0.045 0.057 0.037 0.019 0.07 0.063 0.221 0.019 0.02 0.023 0.046 0.038 0.005 0.017 0.055
103 K 0.051 0.076 0.041 0.049 0.008 0.075 0.066 0.052 0.083 0.027 0.044 0.176 0.016 0.03 0.023 0.048 0.035 0.008 0.059 0.032
104 F 0.033 0.019 0.016 0.016 0.01 0.01 0.019 0.025 0.016 0.062 0.111 0.019 0.025 0.402 0.01 0.025 0.025 0.016 0.087 0.054
105 E 0.05 0.043 0.048 0.187 0.007 0.053 0.245 0.038 0.023 0.022 0.033 0.065 0.012 0.016 0.024 0.053 0.035 0.005 0.015 0.028
106 N 0.044 0.124 0.187 0.058 0.008 0.039 0.052 0.05 0.056 0.024 0.037 0.106 0.013 0.021 0.021 0.057 0.041 0.006 0.028 0.028
107 G 0.069 0.096 0.038 0.036 0.011 0.031 0.043 0.203 0.017 0.023 0.036 0.095 0.012 0.016 0.103 0.08 0.041 0.005 0.014 0.03
108 A 0.2 0.031 0.033 0.033 0.099 0.025 0.039 0.065 0.015 0.038 0.053 0.043 0.016 0.021 0.027 0.128 0.057 0.005 0.016 0.056
109 F 0.037 0.02 0.016 0.016 0.012 0.012 0.019 0.023 0.016 0.107 0.164 0.021 0.03 0.269 0.012 0.025 0.029 0.014 0.078 0.08
110 V 0.054 0.019 0.015 0.017 0.016 0.014 0.02 0.023 0.01 0.194 0.139 0.023 0.032 0.099 0.014 0.028 0.041 0.007 0.031 0.203
111 V 0.053 0.021 0.017 0.017 0.015 0.015 0.022 0.023 0.016 0.149 0.122 0.025 0.029 0.113 0.015 0.029 0.039 0.011 0.084 0.185
112 L 0.05 0.021 0.015 0.016 0.016 0.015 0.02 0.022 0.01 0.149 0.218 0.024 0.037 0.104 0.014 0.027 0.038 0.008 0.032 0.165
113 A 0.166 0.029 0.029 0.029 0.016 0.022 0.035 0.056 0.016 0.045 0.072 0.037 0.019 0.148 0.023 0.103 0.049 0.009 0.04 0.056
114 I 0.042 0.02 0.016 0.017 0.014 0.015 0.019 0.023 0.012 0.176 0.157 0.024 0.057 0.164 0.013 0.026 0.034 0.01 0.043 0.117
115 L 0.05 0.03 0.019 0.019 0.016 0.025 0.026 0.026 0.015 0.1 0.225 0.033 0.159 0.048 0.015 0.033 0.038 0.008 0.023 0.091
116 C 0.075 0.022 0.028 0.026 0.309 0.018 0.025 0.121 0.011 0.036 0.052 0.029 0.015 0.019 0.019 0.086 0.044 0.004 0.013 0.047
117 L 0.053 0.025 0.017 0.018 0.016 0.02 0.024 0.025 0.013 0.114 0.179 0.028 0.09 0.103 0.015 0.031 0.039 0.008 0.033 0.15
118 F 0.038 0.022 0.017 0.017 0.012 0.014 0.02 0.025 0.015 0.076 0.171 0.022 0.055 0.285 0.012 0.026 0.028 0.013 0.065 0.066
119 L 0.088 0.026 0.018 0.018 0.016 0.02 0.025 0.031 0.017 0.088 0.259 0.03 0.053 0.06 0.017 0.036 0.035 0.01 0.073 0.081
120 W 0.03 0.022 0.015 0.015 0.007 0.015 0.022 0.03 0.015 0.03 0.052 0.022 0.015 0.059 0.007 0.022 0.022 0.505 0.067 0.03
121 S 0.088 0.037 0.044 0.04 0.017 0.03 0.044 0.052 0.029 0.053 0.074 0.047 0.044 0.026 0.026 0.166 0.101 0.006 0.02 0.058
122 L 0.05 0.024 0.015 0.016 0.016 0.017 0.021 0.022 0.01 0.145 0.275 0.026 0.065 0.047 0.015 0.027 0.038 0.007 0.021 0.141
123 Y 0.04 0.027 0.021 0.018 0.009 0.021 0.027 0.024 0.046 0.043 0.067 0.03 0.018 0.128 0.015 0.03 0.027 0.027 0.334 0.046
124 I 0.056 0.024 0.02 0.021 0.017 0.019 0.024 0.026 0.011 0.171 0.162 0.029 0.057 0.039 0.017 0.039 0.078 0.006 0.02 0.164
125 E 0.054 0.048 0.04 0.088 0.007 0.063 0.314 0.034 0.025 0.022 0.036 0.074 0.013 0.016 0.025 0.054 0.036 0.005 0.016 0.031
126 A 0.307 0.03 0.025 0.029 0.021 0.025 0.04 0.076 0.014 0.042 0.058 0.043 0.017 0.021 0.029 0.083 0.049 0.005 0.017 0.067
127 I 0.049 0.019 0.015 0.017 0.016 0.014 0.019 0.021 0.009 0.238 0.196 0.024 0.037 0.043 0.015 0.026 0.039 0.006 0.02 0.178
128 R 0.044 0.361 0.038 0.03 0.008 0.047 0.051 0.032 0.023 0.023 0.045 0.117 0.015 0.017 0.019 0.044 0.034 0.006 0.017 0.03
129 Q 0.055 0.072 0.043 0.046 0.009 0.234 0.1 0.04 0.029 0.026 0.046 0.089 0.02 0.014 0.023 0.055 0.04 0.006 0.02 0.034
130 S 0.174 0.036 0.044 0.041 0.018 0.03 0.047 0.069 0.017 0.033 0.047 0.05 0.016 0.021 0.029 0.187 0.07 0.005 0.017 0.05
131 L 0.044 0.021 0.014 0.016 0.016 0.015 0.019 0.021 0.009 0.181 0.302 0.024 0.044 0.049 0.014 0.024 0.035 0.006 0.021 0.124
132 A 0.302 0.03 0.026 0.029 0.021 0.025 0.04 0.076 0.015 0.042 0.057 0.044 0.017 0.021 0.029 0.087 0.05 0.005 0.017 0.066
133 L 0.044 0.021 0.015 0.017 0.015 0.015 0.02 0.022 0.011 0.19 0.198 0.025 0.06 0.105 0.014 0.026 0.036 0.008 0.032 0.126
134 S 0.107 0.039 0.053 0.048 0.017 0.032 0.051 0.065 0.019 0.029 0.041 0.053 0.015 0.02 0.029 0.239 0.08 0.005 0.017 0.041
135 L 0.045 0.022 0.014 0.016 0.016 0.015 0.019 0.021 0.009 0.168 0.314 0.024 0.044 0.05 0.014 0.024 0.035 0.007 0.021 0.123
136 L 0.054 0.022 0.015 0.016 0.017 0.016 0.021 0.022 0.009 0.142 0.268 0.025 0.04 0.045 0.015 0.027 0.039 0.006 0.021 0.179
137 L 0.046 0.023 0.015 0.016 0.016 0.017 0.02 0.022 0.01 0.169 0.282 0.026 0.066 0.049 0.014 0.026 0.036 0.007 0.021 0.119
138 F 0.037 0.021 0.016 0.016 0.011 0.014 0.02 0.024 0.018 0.1 0.151 0.023 0.028 0.189 0.012 0.025 0.028 0.096 0.096 0.075
139 G 0.12 0.026 0.038 0.035 0.013 0.022 0.032 0.372 0.014 0.024 0.035 0.038 0.012 0.017 0.022 0.087 0.041 0.005 0.013 0.034
140 I 0.052 0.018 0.015 0.017 0.017 0.014 0.019 0.021 0.008 0.253 0.154 0.024 0.034 0.041 0.015 0.027 0.041 0.006 0.02 0.204
141 F 0.053 0.068 0.042 0.032 0.01 0.027 0.039 0.037 0.091 0.034 0.056 0.047 0.016 0.102 0.1 0.071 0.038 0.011 0.088 0.037
142 F 0.053 0.035 0.028 0.026 0.012 0.023 0.033 0.034 0.031 0.056 0.127 0.06 0.024 0.171 0.017 0.071 0.039 0.013 0.095 0.053
143 L 0.043 0.024 0.014 0.015 0.016 0.016 0.02 0.021 0.01 0.113 0.391 0.025 0.048 0.053 0.014 0.024 0.033 0.007 0.022 0.094
144 F 0.039 0.021 0.017 0.017 0.012 0.015 0.021 0.023 0.024 0.131 0.114 0.024 0.026 0.191 0.013 0.027 0.03 0.017 0.147 0.091
145 L 0.051 0.076 0.036 0.037 0.078 0.035 0.084 0.032 0.016 0.056 0.16 0.108 0.026 0.029 0.02 0.041 0.036 0.006 0.018 0.055
146 G 0.06 0.122 0.035 0.03 0.009 0.029 0.035 0.276 0.022 0.024 0.04 0.071 0.013 0.035 0.019 0.045 0.031 0.009 0.067 0.03
147 K 0.061 0.117 0.058 0.055 0.009 0.05 0.13 0.043 0.022 0.025 0.04 0.15 0.014 0.017 0.025 0.083 0.045 0.005 0.017 0.032
148 L 0.048 0.034 0.019 0.021 0.015 0.021 0.027 0.025 0.011 0.184 0.205 0.07 0.039 0.041 0.017 0.031 0.043 0.006 0.02 0.122
149 K 0.052 0.133 0.036 0.035 0.009 0.045 0.057 0.037 0.019 0.07 0.063 0.221 0.019 0.02 0.023 0.046 0.038 0.005 0.017 0.055
150 K 0.055 0.091 0.065 0.051 0.009 0.05 0.105 0.042 0.021 0.028 0.042 0.213 0.015 0.016 0.026 0.057 0.058 0.005 0.017 0.034
151 F 0.036 0.023 0.019 0.017 0.01 0.016 0.023 0.025 0.03 0.053 0.09 0.024 0.022 0.272 0.013 0.027 0.026 0.022 0.204 0.05
152 I 0.053 0.019 0.015 0.017 0.017 0.014 0.019 0.021 0.008 0.25 0.153 0.024 0.034 0.041 0.015 0.027 0.042 0.006 0.02 0.207
153 L 0.051 0.024 0.02 0.019 0.016 0.017 0.023 0.026 0.011 0.108 0.227 0.027 0.04 0.102 0.016 0.037 0.073 0.008 0.032 0.123
154 L 0.042 0.021 0.014 0.016 0.015 0.014 0.019 0.021 0.011 0.161 0.259 0.023 0.039 0.108 0.013 0.024 0.033 0.022 0.033 0.112
155 V 0.061 0.02 0.016 0.017 0.018 0.015 0.021 0.023 0.008 0.203 0.139 0.025 0.033 0.038 0.016 0.03 0.045 0.005 0.02 0.249
156 L 0.043 0.022 0.015 0.016 0.015 0.015 0.02 0.022 0.011 0.137 0.291 0.024 0.041 0.109 0.014 0.026 0.039 0.008 0.032 0.102
157 L 0.042 0.022 0.014 0.015 0.015 0.015 0.019 0.021 0.011 0.114 0.332 0.024 0.044 0.111 0.013 0.024 0.032 0.008 0.032 0.092
158 A 0.274 0.032 0.03 0.032 0.02 0.026 0.041 0.074 0.015 0.04 0.055 0.045 0.017 0.021 0.029 0.109 0.054 0.005 0.017 0.063
159 S 0.107 0.039 0.053 0.048 0.017 0.032 0.051 0.065 0.019 0.029 0.041 0.053 0.015 0.02 0.029 0.239 0.08 0.005 0.017 0.041
160 L 0.056 0.028 0.029 0.026 0.016 0.02 0.029 0.032 0.013 0.074 0.181 0.033 0.03 0.096 0.02 0.057 0.147 0.008 0.03 0.075
161 F 0.039 0.019 0.016 0.017 0.012 0.011 0.019 0.025 0.015 0.078 0.114 0.02 0.026 0.341 0.011 0.026 0.029 0.015 0.076 0.093
162 H 0.041 0.045 0.052 0.037 0.007 0.037 0.052 0.037 0.371 0.022 0.037 0.045 0.015 0.03 0.019 0.041 0.026 0.007 0.056 0.022
163 I 0.051 0.021 0.02 0.021 0.016 0.016 0.021 0.024 0.01 0.243 0.144 0.027 0.033 0.039 0.017 0.037 0.083 0.006 0.02 0.152
164 T 0.077 0.035 0.044 0.038 0.017 0.028 0.041 0.046 0.014 0.048 0.06 0.046 0.019 0.023 0.027 0.115 0.234 0.006 0.017 0.065
165 A 0.307 0.03 0.025 0.029 0.021 0.025 0.04 0.076 0.014 0.042 0.058 0.043 0.017 0.021 0.029 0.083 0.049 0.005 0.017 0.067
166 L 0.045 0.022 0.014 0.016 0.016 0.015 0.019 0.021 0.01 0.176 0.303 0.024 0.048 0.049 0.014 0.024 0.035 0.007 0.021 0.122
167 I 0.052 0.018 0.015 0.017 0.017 0.014 0.019 0.021 0.008 0.257 0.155 0.024 0.035 0.041 0.015 0.026 0.041 0.006 0.02 0.201
168 C 0.106 0.025 0.028 0.027 0.257 0.02 0.029 0.059 0.012 0.042 0.058 0.033 0.016 0.021 0.022 0.088 0.083 0.005 0.014 0.056
169 L 0.042 0.021 0.014 0.016 0.015 0.014 0.019 0.021 0.011 0.147 0.28 0.023 0.041 0.119 0.013 0.024 0.033 0.008 0.034 0.106
170 L 0.048 0.022 0.014 0.016 0.016 0.015 0.02 0.021 0.009 0.155 0.303 0.024 0.043 0.048 0.014 0.025 0.036 0.006 0.021 0.141
171 F 0.041 0.02 0.016 0.016 0.013 0.012 0.019 0.024 0.014 0.087 0.161 0.021 0.03 0.283 0.012 0.026 0.03 0.013 0.065 0.099
172 L 0.055 0.026 0.02 0.02 0.017 0.019 0.024 0.026 0.011 0.132 0.22 0.03 0.06 0.042 0.017 0.039 0.076 0.006 0.021 0.139
173 L 0.048 0.022 0.019 0.02 0.016 0.016 0.022 0.024 0.01 0.186 0.199 0.027 0.035 0.072 0.016 0.035 0.074 0.007 0.026 0.126
174 P 0.053 0.028 0.075 0.039 0.01 0.022 0.037 0.04 0.016 0.025 0.035 0.042 0.01 0.013 0.425 0.047 0.037 0.003 0.013 0.03
175 L 0.048 0.022 0.017 0.017 0.014 0.017 0.022 0.022 0.021 0.152 0.162 0.026 0.031 0.071 0.015 0.028 0.036 0.013 0.125 0.139
176 F 0.038 0.021 0.016 0.017 0.012 0.014 0.02 0.023 0.019 0.107 0.169 0.022 0.03 0.227 0.013 0.025 0.029 0.015 0.104 0.08
177 S 0.1 0.036 0.049 0.044 0.016 0.029 0.046 0.14 0.018 0.028 0.041 0.049 0.015 0.03 0.027 0.201 0.07 0.005 0.018 0.038
178 K 0.062 0.076 0.032 0.033 0.01 0.037 0.05 0.078 0.017 0.041 0.098 0.174 0.019 0.021 0.104 0.046 0.036 0.005 0.016 0.042
179 R 0.057 0.235 0.038 0.034 0.009 0.048 0.057 0.037 0.021 0.029 0.047 0.187 0.016 0.017 0.022 0.048 0.037 0.005 0.017 0.039
180 L 0.042 0.021 0.015 0.016 0.015 0.014 0.019 0.021 0.011 0.152 0.273 0.023 0.04 0.118 0.013 0.024 0.033 0.008 0.034 0.108
181 S 0.087 0.037 0.077 0.045 0.016 0.029 0.045 0.056 0.018 0.043 0.099 0.048 0.021 0.026 0.025 0.176 0.079 0.005 0.018 0.05
182 K 0.054 0.123 0.041 0.04 0.008 0.051 0.067 0.041 0.035 0.026 0.042 0.27 0.015 0.016 0.026 0.051 0.038 0.005 0.019 0.031
183 L 0.044 0.02 0.015 0.016 0.015 0.014 0.019 0.021 0.01 0.185 0.229 0.023 0.038 0.106 0.014 0.025 0.035 0.008 0.032 0.133
184 L 0.063 0.024 0.021 0.022 0.017 0.018 0.025 0.029 0.01 0.159 0.188 0.029 0.034 0.039 0.017 0.063 0.047 0.006 0.02 0.169
185 S 0.133 0.034 0.042 0.039 0.018 0.028 0.044 0.073 0.016 0.053 0.058 0.046 0.018 0.023 0.027 0.173 0.068 0.005 0.017 0.086
186 Y 0.049 0.026 0.024 0.022 0.011 0.02 0.028 0.032 0.025 0.06 0.104 0.03 0.028 0.131 0.015 0.062 0.036 0.098 0.143 0.055
187 G 0.076 0.027 0.035 0.032 0.014 0.022 0.032 0.202 0.014 0.083 0.115 0.037 0.022 0.028 0.021 0.104 0.048 0.006 0.016 0.066
188 L 0.048 0.024 0.019 0.019 0.016 0.017 0.022 0.024 0.01 0.13 0.291 0.028 0.041 0.056 0.016 0.035 0.072 0.007 0.023 0.102
189 L 0.048 0.023 0.014 0.015 0.016 0.016 0.02 0.021 0.01 0.121 0.347 0.025 0.045 0.05 0.014 0.025 0.035 0.007 0.021 0.126
190 L 0.061 0.025 0.027 0.025 0.015 0.019 0.026 0.125 0.011 0.126 0.166 0.031 0.029 0.035 0.018 0.058 0.077 0.006 0.018 0.1
191 F 0.058 0.024 0.025 0.024 0.014 0.017 0.027 0.034 0.014 0.104 0.127 0.029 0.027 0.187 0.016 0.079 0.044 0.01 0.047 0.093
192 S 0.132 0.034 0.041 0.039 0.018 0.028 0.043 0.085 0.016 0.053 0.057 0.046 0.018 0.023 0.026 0.168 0.067 0.005 0.017 0.085
193 L 0.055 0.025 0.023 0.022 0.067 0.018 0.026 0.046 0.014 0.069 0.16 0.029 0.052 0.158 0.016 0.064 0.039 0.01 0.041 0.065
194 L 0.086 0.023 0.016 0.018 0.016 0.016 0.022 0.031 0.012 0.12 0.243 0.026 0.036 0.114 0.016 0.034 0.035 0.008 0.033 0.095
195 F 0.033 0.019 0.016 0.016 0.01 0.01 0.019 0.025 0.016 0.062 0.111 0.019 0.025 0.402 0.01 0.025 0.025 0.016 0.087 0.054
196 F 0.092 0.022 0.017 0.019 0.016 0.016 0.024 0.032 0.012 0.1 0.154 0.026 0.029 0.158 0.016 0.037 0.038 0.009 0.042 0.14
197 F 0.098 0.026 0.025 0.024 0.015 0.019 0.03 0.04 0.02 0.068 0.094 0.032 0.022 0.158 0.018 0.072 0.043 0.012 0.092 0.092
198 F 0.048 0.028 0.074 0.031 0.013 0.021 0.029 0.034 0.017 0.088 0.117 0.032 0.05 0.145 0.016 0.045 0.074 0.009 0.04 0.088
199 P 0.078 0.03 0.032 0.036 0.013 0.024 0.04 0.045 0.015 0.027 0.038 0.044 0.012 0.015 0.347 0.104 0.049 0.003 0.014 0.035
200 V 0.058 0.03 0.037 0.037 0.014 0.027 0.076 0.033 0.015 0.104 0.092 0.039 0.023 0.09 0.02 0.06 0.097 0.007 0.03 0.111
201 P 0.058 0.038 0.085 0.063 0.012 0.06 0.05 0.043 0.019 0.074 0.063 0.05 0.018 0.022 0.103 0.072 0.087 0.005 0.017 0.062
202 I 0.042 0.018 0.015 0.017 0.014 0.012 0.018 0.022 0.011 0.208 0.153 0.022 0.033 0.163 0.013 0.025 0.034 0.009 0.042 0.131
203 L 0.044 0.023 0.014 0.015 0.016 0.015 0.019 0.021 0.01 0.142 0.353 0.024 0.046 0.052 0.014 0.024 0.034 0.007 0.021 0.107
204 E 0.061 0.049 0.133 0.071 0.01 0.076 0.146 0.05 0.026 0.024 0.037 0.066 0.014 0.017 0.024 0.094 0.049 0.005 0.017 0.032
205 L 0.087 0.022 0.017 0.018 0.015 0.015 0.022 0.031 0.012 0.135 0.179 0.026 0.032 0.141 0.016 0.035 0.036 0.009 0.038 0.114
206 L 0.105 0.024 0.017 0.019 0.017 0.017 0.024 0.033 0.01 0.132 0.25 0.029 0.037 0.042 0.018 0.038 0.039 0.006 0.02 0.122
207 L 0.043 0.021 0.014 0.016 0.015 0.014 0.019 0.021 0.011 0.163 0.269 0.023 0.04 0.108 0.013 0.024 0.033 0.008 0.032 0.113
208 A 0.147 0.037 0.033 0.043 0.016 0.059 0.048 0.093 0.017 0.05 0.118 0.048 0.027 0.026 0.024 0.088 0.047 0.006 0.018 0.058
209 L 0.048 0.021 0.015 0.016 0.015 0.014 0.02 0.022 0.011 0.148 0.219 0.023 0.036 0.124 0.014 0.026 0.036 0.008 0.035 0.148
210 L 0.043 0.024 0.014 0.015 0.016 0.016 0.02 0.021 0.01 0.113 0.391 0.025 0.048 0.053 0.014 0.024 0.033 0.007 0.022 0.094
211 P 0.055 0.033 0.026 0.033 0.01 0.056 0.046 0.036 0.015 0.025 0.037 0.048 0.012 0.013 0.425 0.045 0.036 0.003 0.014 0.031
212 E 0.062 0.046 0.03 0.047 0.011 0.039 0.13 0.034 0.017 0.055 0.107 0.09 0.021 0.024 0.103 0.046 0.044 0.005 0.017 0.072
213 G 0.059 0.032 0.094 0.134 0.009 0.031 0.091 0.258 0.019 0.02 0.029 0.045 0.01 0.016 0.021 0.054 0.035 0.005 0.012 0.025
214 S 0.107 0.039 0.053 0.048 0.017 0.032 0.051 0.065 0.019 0.029 0.041 0.053 0.015 0.02 0.029 0.239 0.08 0.005 0.017 0.041
215 I 0.046 0.021 0.015 0.017 0.016 0.016 0.019 0.021 0.01 0.228 0.206 0.025 0.062 0.045 0.014 0.026 0.038 0.006 0.021 0.146
216 A 0.249 0.028 0.026 0.029 0.019 0.023 0.036 0.146 0.014 0.048 0.059 0.04 0.017 0.021 0.026 0.073 0.045 0.005 0.016 0.078
217 G 0.074 0.03 0.037 0.033 0.012 0.024 0.034 0.204 0.026 0.03 0.045 0.039 0.014 0.055 0.021 0.106 0.045 0.013 0.121 0.037
218 E 0.096 0.046 0.034 0.06 0.011 0.079 0.185 0.041 0.022 0.038 0.067 0.065 0.043 0.022 0.024 0.056 0.039 0.006 0.018 0.047
219 K 0.056 0.104 0.04 0.04 0.008 0.052 0.069 0.042 0.02 0.027 0.042 0.296 0.015 0.015 0.027 0.052 0.039 0.005 0.017 0.032
220 L 0.043 0.024 0.014 0.015 0.016 0.016 0.02 0.021 0.01 0.113 0.391 0.025 0.048 0.053 0.014 0.024 0.033 0.007 0.022 0.094
221 N 0.066 0.039 0.179 0.058 0.013 0.03 0.045 0.057 0.023 0.04 0.094 0.048 0.019 0.025 0.022 0.122 0.057 0.005 0.017 0.043
222 F 0.033 0.019 0.016 0.016 0.01 0.01 0.019 0.025 0.016 0.062 0.111 0.019 0.025 0.402 0.01 0.025 0.025 0.016 0.087 0.054
223 Y 0.04 0.027 0.021 0.018 0.009 0.021 0.027 0.024 0.046 0.043 0.067 0.03 0.018 0.128 0.015 0.03 0.027 0.027 0.334 0.046
224 L 0.044 0.023 0.014 0.015 0.016 0.015 0.019 0.021 0.01 0.142 0.353 0.024 0.046 0.052 0.014 0.024 0.034 0.007 0.021 0.107
225 T 0.111 0.033 0.062 0.038 0.016 0.026 0.039 0.052 0.017 0.044 0.062 0.043 0.018 0.085 0.024 0.113 0.125 0.007 0.029 0.056
226 S 0.101 0.038 0.051 0.046 0.017 0.031 0.049 0.061 0.018 0.033 0.045 0.051 0.016 0.021 0.029 0.214 0.111 0.005 0.017 0.046
227 D 0.045 0.037 0.057 0.286 0.007 0.042 0.176 0.041 0.021 0.022 0.031 0.055 0.01 0.015 0.023 0.052 0.035 0.004 0.013 0.026
228 A 0.128 0.054 0.031 0.034 0.014 0.097 0.06 0.047 0.019 0.08 0.072 0.097 0.021 0.022 0.024 0.056 0.043 0.005 0.019 0.077
229 Y 0.04 0.027 0.021 0.018 0.009 0.021 0.027 0.024 0.046 0.043 0.067 0.03 0.018 0.128 0.015 0.03 0.027 0.027 0.334 0.046
230 K 0.06 0.186 0.042 0.038 0.01 0.047 0.06 0.042 0.021 0.026 0.043 0.191 0.015 0.017 0.024 0.08 0.044 0.005 0.017 0.033
231 P 0.055 0.025 0.023 0.03 0.01 0.02 0.035 0.035 0.013 0.025 0.035 0.04 0.01 0.013 0.506 0.043 0.035 0.003 0.013 0.03
232 Q 0.056 0.056 0.034 0.036 0.011 0.162 0.075 0.035 0.023 0.066 0.094 0.069 0.037 0.023 0.02 0.047 0.041 0.006 0.02 0.088
233 L 0.046 0.022 0.015 0.016 0.015 0.015 0.02 0.022 0.011 0.112 0.3 0.024 0.042 0.108 0.014 0.025 0.034 0.008 0.032 0.119
234 S 0.107 0.039 0.053 0.048 0.017 0.032 0.051 0.065 0.019 0.029 0.041 0.053 0.015 0.02 0.029 0.239 0.08 0.005 0.017 0.041
235 I 0.089 0.02 0.017 0.019 0.016 0.015 0.021 0.03 0.011 0.203 0.135 0.026 0.031 0.099 0.016 0.035 0.039 0.007 0.031 0.141
236 G 0.076 0.022 0.038 0.033 0.011 0.018 0.025 0.522 0.013 0.018 0.028 0.033 0.009 0.016 0.018 0.05 0.029 0.005 0.011 0.024
237 L 0.069 0.026 0.027 0.027 0.017 0.02 0.03 0.035 0.012 0.152 0.155 0.033 0.03 0.036 0.019 0.093 0.058 0.006 0.019 0.135
238 G 0.076 0.022 0.038 0.033 0.011 0.018 0.025 0.522 0.013 0.018 0.028 0.033 0.009 0.016 0.018 0.05 0.029 0.005 0.011 0.024
239 T 0.114 0.034 0.04 0.036 0.018 0.027 0.04 0.05 0.014 0.048 0.061 0.045 0.019 0.023 0.027 0.102 0.213 0.006 0.017 0.067
240 L 0.073 0.02 0.016 0.018 0.016 0.015 0.021 0.027 0.011 0.186 0.186 0.025 0.034 0.102 0.015 0.031 0.037 0.008 0.031 0.129
241 L 0.044 0.023 0.016 0.018 0.014 0.016 0.022 0.024 0.011 0.09 0.285 0.026 0.038 0.105 0.095 0.027 0.032 0.008 0.031 0.077
242 D 0.04 0.029 0.067 0.412 0.007 0.029 0.089 0.045 0.018 0.022 0.027 0.044 0.009 0.015 0.022 0.051 0.035 0.004 0.011 0.024
243 V 0.052 0.02 0.016 0.017 0.016 0.014 0.02 0.023 0.01 0.16 0.153 0.023 0.032 0.13 0.014 0.028 0.039 0.008 0.037 0.187
244 L 0.049 0.021 0.014 0.016 0.016 0.015 0.019 0.021 0.009 0.195 0.245 0.024 0.04 0.045 0.014 0.026 0.038 0.006 0.021 0.164
245 L 0.044 0.025 0.015 0.015 0.016 0.017 0.021 0.022 0.011 0.111 0.363 0.026 0.067 0.052 0.014 0.025 0.034 0.007 0.022 0.093
246 I 0.045 0.019 0.014 0.017 0.016 0.014 0.018 0.02 0.009 0.235 0.233 0.024 0.04 0.046 0.014 0.024 0.037 0.006 0.021 0.148
247 G 0.073 0.022 0.028 0.025 0.013 0.017 0.024 0.275 0.012 0.068 0.075 0.029 0.023 0.086 0.017 0.041 0.034 0.007 0.026 0.105
248 L 0.043 0.023 0.015 0.016 0.015 0.016 0.021 0.021 0.016 0.135 0.293 0.025 0.041 0.064 0.014 0.025 0.033 0.01 0.074 0.101
249 L 0.047 0.02 0.014 0.016 0.016 0.014 0.019 0.021 0.009 0.205 0.255 0.024 0.041 0.047 0.014 0.025 0.037 0.006 0.021 0.149
250 L 0.065 0.022 0.019 0.019 0.095 0.016 0.022 0.069 0.014 0.106 0.19 0.026 0.03 0.075 0.016 0.039 0.035 0.008 0.05 0.084
251 L 0.052 0.022 0.015 0.016 0.016 0.015 0.02 0.022 0.01 0.144 0.25 0.024 0.039 0.075 0.014 0.027 0.038 0.007 0.026 0.167
252 S 0.083 0.035 0.092 0.046 0.096 0.028 0.043 0.055 0.018 0.034 0.047 0.046 0.015 0.02 0.025 0.152 0.098 0.005 0.016 0.046
253 F 0.036 0.021 0.017 0.017 0.011 0.013 0.02 0.024 0.02 0.067 0.151 0.022 0.028 0.298 0.012 0.026 0.027 0.017 0.117 0.059
254 K 0.047 0.121 0.033 0.031 0.008 0.04 0.051 0.035 0.024 0.029 0.048 0.176 0.016 0.042 0.02 0.042 0.033 0.092 0.078 0.034
255 R 0.05 0.232 0.039 0.036 0.008 0.092 0.063 0.076 0.023 0.024 0.044 0.123 0.016 0.016 0.021 0.048 0.036 0.006 0.017 0.031
256 I 0.101 0.026 0.07 0.03 0.016 0.02 0.028 0.039 0.013 0.15 0.131 0.033 0.028 0.033 0.018 0.045 0.044 0.005 0.019 0.15
257 K 0.049 0.177 0.036 0.033 0.008 0.045 0.056 0.036 0.025 0.028 0.047 0.192 0.016 0.034 0.022 0.046 0.035 0.009 0.07 0.034
258 L 0.055 0.138 0.039 0.03 0.011 0.038 0.047 0.034 0.018 0.055 0.159 0.147 0.026 0.029 0.02 0.042 0.036 0.006 0.018 0.053
259 Y 0.057 0.05 0.068 0.046 0.01 0.037 0.089 0.041 0.031 0.031 0.049 0.095 0.015 0.057 0.022 0.077 0.042 0.013 0.131 0.038
260 D 0.059 0.053 0.042 0.145 0.011 0.041 0.061 0.04 0.018 0.049 0.103 0.117 0.05 0.026 0.022 0.053 0.039 0.005 0.017 0.049
261 L 0.044 0.027 0.022 0.062 0.014 0.022 0.056 0.025 0.012 0.094 0.319 0.032 0.041 0.046 0.016 0.029 0.033 0.006 0.02 0.081
262 A 0.11 0.047 0.033 0.037 0.013 0.034 0.071 0.048 0.024 0.033 0.05 0.094 0.016 0.044 0.023 0.088 0.045 0.06 0.085 0.043
263 N 0.048 0.054 0.229 0.065 0.01 0.035 0.05 0.055 0.026 0.032 0.069 0.098 0.016 0.021 0.021 0.069 0.046 0.005 0.016 0.035
264 D 0.046 0.031 0.046 0.181 0.01 0.027 0.057 0.037 0.082 0.044 0.052 0.039 0.015 0.046 0.02 0.047 0.056 0.01 0.095 0.059
265 I 0.047 0.031 0.126 0.054 0.013 0.029 0.035 0.038 0.018 0.141 0.124 0.038 0.026 0.032 0.018 0.047 0.064 0.005 0.018 0.096
266 R 0.087 0.146 0.067 0.035 0.011 0.051 0.048 0.042 0.06 0.033 0.063 0.07 0.017 0.039 0.02 0.05 0.037 0.009 0.074 0.041
267 F 0.084 0.109 0.026 0.023 0.012 0.025 0.033 0.036 0.046 0.054 0.126 0.051 0.024 0.153 0.017 0.04 0.032 0.01 0.044 0.054
268 H 0.041 0.038 0.134 0.045 0.01 0.03 0.041 0.041 0.143 0.041 0.099 0.042 0.02 0.046 0.018 0.045 0.035 0.01 0.083 0.039
269 N 0.042 0.041 0.185 0.064 0.009 0.035 0.088 0.048 0.084 0.029 0.046 0.049 0.014 0.083 0.019 0.054 0.039 0.007 0.034 0.031
270 V 0.051 0.021 0.015 0.016 0.015 0.015 0.02 0.023 0.01 0.17 0.17 0.024 0.033 0.045 0.014 0.027 0.038 0.089 0.028 0.177
271 V 0.057 0.021 0.015 0.017 0.017 0.016 0.021 0.023 0.009 0.186 0.185 0.025 0.044 0.041 0.015 0.029 0.042 0.006 0.021 0.21
272 L 0.04 0.024 0.017 0.016 0.013 0.017 0.022 0.023 0.023 0.081 0.236 0.026 0.034 0.136 0.014 0.026 0.03 0.015 0.137 0.071
273 L 0.051 0.023 0.019 0.021 0.014 0.017 0.023 0.107 0.011 0.112 0.233 0.028 0.033 0.039 0.097 0.031 0.033 0.006 0.018 0.085
274 G 0.076 0.022 0.038 0.033 0.011 0.018 0.025 0.522 0.013 0.018 0.028 0.033 0.009 0.016 0.018 0.05 0.029 0.005 0.011 0.024
275 V 0.064 0.02 0.018 0.019 0.151 0.015 0.021 0.027 0.009 0.153 0.114 0.025 0.027 0.032 0.016 0.044 0.044 0.005 0.018 0.18
276 C 0.139 0.022 0.018 0.02 0.178 0.017 0.025 0.043 0.011 0.095 0.133 0.029 0.025 0.03 0.02 0.049 0.04 0.005 0.017 0.085
277 L 0.043 0.024 0.014 0.015 0.016 0.016 0.02 0.021 0.01 0.113 0.391 0.025 0.048 0.053 0.014 0.024 0.033 0.007 0.022 0.094
278 Y 0.038 0.026 0.02 0.018 0.009 0.019 0.026 0.024 0.041 0.046 0.074 0.028 0.019 0.173 0.014 0.029 0.027 0.026 0.293 0.047
279 L 0.049 0.02 0.015 0.016 0.016 0.015 0.019 0.021 0.009 0.205 0.232 0.024 0.039 0.045 0.015 0.026 0.039 0.006 0.021 0.168
280 A 0.157 0.033 0.038 0.037 0.018 0.027 0.042 0.06 0.016 0.077 0.067 0.045 0.019 0.024 0.026 0.151 0.069 0.005 0.018 0.072
281 F 0.033 0.019 0.016 0.016 0.01 0.01 0.019 0.025 0.016 0.062 0.111 0.019 0.025 0.402 0.01 0.025 0.025 0.016 0.087 0.054
282 G 0.142 0.029 0.039 0.036 0.015 0.024 0.035 0.296 0.015 0.027 0.039 0.04 0.013 0.018 0.024 0.105 0.047 0.005 0.014 0.039
283 I 0.053 0.019 0.015 0.017 0.017 0.014 0.019 0.021 0.008 0.246 0.152 0.024 0.034 0.04 0.015 0.027 0.042 0.006 0.02 0.211
284 F 0.035 0.018 0.016 0.017 0.011 0.011 0.018 0.024 0.015 0.1 0.12 0.019 0.027 0.342 0.011 0.025 0.027 0.015 0.076 0.073
285 I 0.133 0.022 0.018 0.021 0.018 0.017 0.025 0.039 0.011 0.207 0.129 0.03 0.03 0.036 0.019 0.044 0.042 0.006 0.019 0.137
286 G 0.076 0.022 0.038 0.033 0.011 0.018 0.025 0.522 0.013 0.018 0.028 0.033 0.009 0.016 0.018 0.05 0.029 0.005 0.011 0.024
287 K 0.056 0.104 0.04 0.04 0.008 0.052 0.069 0.042 0.02 0.027 0.042 0.296 0.015 0.015 0.027 0.052 0.039 0.005 0.017 0.032
288 L 0.048 0.029 0.019 0.019 0.015 0.025 0.026 0.027 0.016 0.092 0.179 0.032 0.155 0.106 0.015 0.033 0.037 0.009 0.034 0.084
289 L 0.051 0.031 0.02 0.02 0.016 0.027 0.027 0.027 0.016 0.098 0.192 0.035 0.181 0.047 0.016 0.035 0.039 0.008 0.024 0.09
290 P 0.055 0.025 0.023 0.03 0.01 0.02 0.035 0.035 0.013 0.025 0.035 0.04 0.01 0.013 0.506 0.043 0.035 0.003 0.013 0.03
291 V 0.068 0.021 0.016 0.017 0.019 0.016 0.023 0.024 0.008 0.161 0.127 0.025 0.031 0.035 0.016 0.032 0.048 0.005 0.02 0.287
292 F 0.044 0.025 0.018 0.018 0.014 0.019 0.023 0.025 0.015 0.118 0.16 0.028 0.105 0.165 0.014 0.03 0.034 0.01 0.044 0.092
293 T 0.071 0.035 0.042 0.037 0.017 0.027 0.038 0.042 0.013 0.052 0.064 0.044 0.019 0.023 0.027 0.09 0.265 0.006 0.017 0.069
294 R 0.044 0.361 0.038 0.03 0.008 0.047 0.051 0.032 0.023 0.023 0.045 0.117 0.015 0.017 0.019 0.044 0.034 0.006 0.017 0.03
295 I 0.049 0.019 0.015 0.017 0.016 0.014 0.019 0.021 0.009 0.238 0.196 0.024 0.037 0.043 0.015 0.026 0.039 0.006 0.02 0.178
296 G 0.076 0.022 0.038 0.033 0.011 0.018 0.025 0.522 0.013 0.018 0.028 0.033 0.009 0.016 0.018 0.05 0.029 0.005 0.011 0.024
297 W 0.03 0.022 0.015 0.015 0.007 0.015 0.022 0.03 0.015 0.03 0.052 0.022 0.015 0.059 0.007 0.022 0.022 0.505 0.067 0.03
298 Y 0.04 0.027 0.021 0.018 0.009 0.021 0.027 0.024 0.046 0.043 0.067 0.03 0.018 0.128 0.015 0.03 0.027 0.027 0.334 0.046
299 G 0.076 0.022 0.038 0.033 0.011 0.018 0.025 0.522 0.013 0.018 0.028 0.033 0.009 0.016 0.018 0.05 0.029 0.005 0.011 0.024
300 L 0.041 0.023 0.016 0.016 0.013 0.016 0.021 0.023 0.018 0.092 0.25 0.025 0.044 0.152 0.013 0.026 0.03 0.013 0.09 0.078
301 P 0.055 0.025 0.023 0.03 0.01 0.02 0.035 0.035 0.013 0.025 0.035 0.04 0.01 0.013 0.506 0.043 0.035 0.003 0.013 0.03
302 F 0.035 0.02 0.016 0.016 0.011 0.012 0.019 0.024 0.018 0.069 0.154 0.021 0.028 0.321 0.011 0.025 0.026 0.016 0.096 0.06
303 V 0.059 0.021 0.015 0.017 0.018 0.015 0.021 0.023 0.008 0.185 0.18 0.025 0.035 0.04 0.015 0.029 0.043 0.006 0.02 0.226
304 I 0.089 0.021 0.016 0.019 0.017 0.015 0.021 0.03 0.01 0.218 0.184 0.027 0.035 0.041 0.017 0.034 0.039 0.006 0.02 0.142
305 I 0.05 0.018 0.015 0.017 0.016 0.014 0.018 0.021 0.009 0.262 0.158 0.024 0.039 0.042 0.015 0.026 0.04 0.006 0.02 0.189
306 L 0.041 0.023 0.015 0.016 0.014 0.015 0.02 0.023 0.013 0.096 0.274 0.024 0.051 0.168 0.013 0.025 0.031 0.01 0.043 0.086
307 L 0.045 0.024 0.015 0.016 0.016 0.017 0.02 0.022 0.011 0.149 0.307 0.026 0.068 0.05 0.014 0.026 0.035 0.007 0.022 0.111
308 Y 0.04 0.03 0.073 0.029 0.009 0.023 0.031 0.031 0.043 0.039 0.061 0.034 0.017 0.109 0.016 0.037 0.031 0.023 0.281 0.042
309 T 0.086 0.03 0.036 0.034 0.017 0.024 0.036 0.044 0.014 0.116 0.087 0.04 0.023 0.028 0.024 0.118 0.119 0.005 0.018 0.1
310 N 0.055 0.053 0.207 0.064 0.01 0.037 0.053 0.057 0.065 0.024 0.035 0.092 0.013 0.019 0.022 0.091 0.049 0.005 0.02 0.029
311 L 0.047 0.02 0.014 0.016 0.016 0.014 0.019 0.021 0.009 0.219 0.236 0.024 0.04 0.046 0.014 0.025 0.038 0.006 0.021 0.156
312 G 0.074 0.025 0.037 0.032 0.011 0.02 0.029 0.364 0.014 0.022 0.034 0.034 0.011 0.024 0.018 0.077 0.036 0.088 0.021 0.028
313 D 0.046 0.102 0.09 0.112 0.008 0.041 0.1 0.04 0.027 0.026 0.041 0.102 0.014 0.035 0.021 0.05 0.036 0.009 0.068 0.031
314 S 0.107 0.039 0.053 0.048 0.017 0.032 0.051 0.065 0.019 0.029 0.041 0.053 0.015 0.02 0.029 0.239 0.08 0.005 0.017 0.041
315 I 0.051 0.04 0.024 0.033 0.013 0.03 0.078 0.029 0.015 0.118 0.114 0.079 0.05 0.083 0.018 0.037 0.038 0.007 0.029 0.113
316 Y 0.039 0.025 0.019 0.017 0.01 0.019 0.025 0.024 0.035 0.057 0.128 0.027 0.024 0.161 0.014 0.028 0.028 0.022 0.241 0.055
317 F 0.039 0.025 0.019 0.018 0.011 0.019 0.024 0.025 0.031 0.058 0.103 0.027 0.048 0.206 0.014 0.029 0.028 0.02 0.2 0.056
318 K 0.052 0.125 0.039 0.07 0.008 0.045 0.072 0.039 0.019 0.025 0.04 0.193 0.014 0.015 0.105 0.049 0.037 0.005 0.016 0.031
319 K 0.052 0.119 0.089 0.046 0.008 0.049 0.064 0.045 0.022 0.026 0.041 0.238 0.014 0.016 0.025 0.054 0.04 0.005 0.017 0.031
320 V 0.057 0.025 0.024 0.023 0.014 0.019 0.027 0.031 0.029 0.114 0.117 0.03 0.026 0.114 0.017 0.064 0.042 0.012 0.093 0.123
