#Seq2Logo.py -f /work3/idamei/ssn-clusterings/clustering/2205110921/clusters/0014_507/sequences.afa -o /work3/idamei/ssn-clusterings/clustering/2205110921/clusters/0014_507/sequences.logo
#Position Specific Frequency Matrix
A R N D C Q E G H I L K M F P S T W Y V
0 L 0.051 0.032 0.02 0.02 0.016 0.028 0.028 0.028 0.016 0.099 0.194 0.036 0.172 0.048 0.016 0.036 0.04 0.008 0.024 0.091
1 F 0.04 0.022 0.017 0.017 0.012 0.015 0.021 0.023 0.021 0.123 0.154 0.024 0.03 0.18 0.013 0.026 0.031 0.015 0.124 0.09
2 F 0.037 0.024 0.019 0.018 0.01 0.016 0.024 0.025 0.032 0.052 0.088 0.025 0.022 0.252 0.013 0.028 0.026 0.023 0.216 0.05
3 N 0.043 0.045 0.314 0.083 0.009 0.034 0.05 0.065 0.032 0.023 0.032 0.054 0.011 0.018 0.02 0.07 0.05 0.005 0.016 0.027
4 I 0.052 0.019 0.016 0.018 0.015 0.013 0.019 0.023 0.011 0.202 0.144 0.023 0.032 0.136 0.014 0.027 0.037 0.009 0.038 0.152
5 L 0.041 0.022 0.015 0.015 0.014 0.014 0.02 0.022 0.012 0.099 0.305 0.023 0.042 0.154 0.013 0.024 0.031 0.01 0.041 0.083
6 N 0.045 0.037 0.236 0.064 0.011 0.028 0.04 0.053 0.025 0.092 0.067 0.045 0.018 0.025 0.019 0.061 0.047 0.005 0.017 0.067
7 V 0.089 0.031 0.036 0.034 0.018 0.025 0.038 0.046 0.014 0.093 0.089 0.04 0.023 0.028 0.023 0.138 0.065 0.005 0.019 0.144
8 L 0.051 0.021 0.015 0.016 0.017 0.015 0.02 0.022 0.009 0.176 0.252 0.025 0.04 0.046 0.015 0.026 0.039 0.006 0.021 0.167
9 F 0.033 0.019 0.017 0.017 0.01 0.01 0.019 0.025 0.017 0.063 0.113 0.019 0.025 0.395 0.01 0.025 0.025 0.017 0.088 0.054
10 D 0.048 0.04 0.053 0.236 0.007 0.048 0.206 0.04 0.022 0.022 0.032 0.06 0.011 0.016 0.024 0.053 0.036 0.005 0.014 0.028
11 L 0.045 0.021 0.014 0.016 0.016 0.015 0.019 0.021 0.009 0.191 0.283 0.024 0.043 0.049 0.014 0.024 0.036 0.006 0.021 0.132
12 F 0.037 0.018 0.016 0.017 0.012 0.011 0.018 0.024 0.015 0.121 0.127 0.02 0.028 0.301 0.012 0.025 0.029 0.014 0.07 0.086
13 L 0.045 0.021 0.014 0.016 0.016 0.015 0.019 0.021 0.009 0.191 0.283 0.024 0.043 0.049 0.014 0.024 0.036 0.006 0.021 0.132
14 F 0.033 0.019 0.017 0.017 0.01 0.01 0.019 0.025 0.017 0.063 0.113 0.019 0.025 0.395 0.01 0.025 0.025 0.017 0.088 0.054
15 Q 0.055 0.073 0.044 0.046 0.009 0.225 0.102 0.041 0.029 0.026 0.046 0.09 0.02 0.015 0.023 0.055 0.041 0.006 0.02 0.035
16 N 0.042 0.044 0.326 0.082 0.009 0.033 0.049 0.064 0.031 0.022 0.031 0.053 0.011 0.018 0.02 0.069 0.049 0.004 0.015 0.027
17 C 0.059 0.016 0.016 0.016 0.363 0.012 0.016 0.029 0.008 0.108 0.091 0.021 0.022 0.026 0.016 0.036 0.037 0.005 0.014 0.088
18 L 0.042 0.021 0.015 0.016 0.014 0.014 0.019 0.022 0.011 0.145 0.253 0.023 0.039 0.143 0.013 0.024 0.033 0.009 0.039 0.105
19 L 0.058 0.02 0.015 0.016 0.144 0.015 0.02 0.025 0.009 0.135 0.185 0.024 0.033 0.037 0.015 0.031 0.04 0.006 0.019 0.154
20 R 0.09 0.128 0.033 0.032 0.011 0.084 0.056 0.04 0.029 0.033 0.054 0.073 0.018 0.047 0.021 0.051 0.042 0.012 0.101 0.043
21 I 0.043 0.023 0.019 0.018 0.013 0.017 0.023 0.023 0.034 0.17 0.119 0.027 0.028 0.081 0.015 0.028 0.034 0.015 0.156 0.114
22 F 0.039 0.02 0.016 0.016 0.013 0.013 0.019 0.023 0.013 0.116 0.195 0.021 0.034 0.235 0.012 0.025 0.03 0.012 0.057 0.091
23 P 0.052 0.027 0.035 0.131 0.009 0.023 0.05 0.038 0.014 0.025 0.034 0.042 0.01 0.013 0.372 0.046 0.036 0.003 0.012 0.029
24 F 0.061 0.034 0.03 0.03 0.014 0.05 0.041 0.037 0.017 0.111 0.098 0.046 0.025 0.127 0.019 0.085 0.047 0.009 0.037 0.083
25 F 0.106 0.023 0.018 0.02 0.014 0.016 0.025 0.038 0.015 0.072 0.147 0.027 0.031 0.224 0.016 0.041 0.033 0.012 0.055 0.068
26 G 0.074 0.036 0.126 0.052 0.014 0.029 0.042 0.145 0.02 0.031 0.042 0.047 0.014 0.02 0.024 0.114 0.108 0.005 0.016 0.041
27 Y 0.044 0.033 0.101 0.035 0.011 0.026 0.033 0.036 0.034 0.052 0.091 0.038 0.057 0.079 0.017 0.042 0.036 0.016 0.166 0.053
28 I 0.043 0.018 0.015 0.017 0.015 0.012 0.018 0.022 0.011 0.224 0.152 0.022 0.033 0.136 0.013 0.025 0.036 0.009 0.038 0.143
29 D 0.04 0.029 0.068 0.406 0.007 0.029 0.09 0.046 0.018 0.022 0.028 0.044 0.009 0.015 0.022 0.051 0.035 0.004 0.011 0.024
30 E 0.054 0.049 0.04 0.089 0.007 0.064 0.306 0.035 0.025 0.022 0.036 0.074 0.013 0.016 0.025 0.054 0.036 0.005 0.016 0.031
31 L 0.115 0.025 0.019 0.021 0.017 0.018 0.026 0.038 0.011 0.139 0.22 0.031 0.035 0.041 0.019 0.05 0.041 0.006 0.02 0.108
32 V 0.054 0.019 0.016 0.017 0.14 0.013 0.019 0.025 0.01 0.142 0.124 0.022 0.028 0.102 0.015 0.031 0.038 0.007 0.031 0.146
33 T 0.07 0.03 0.036 0.032 0.142 0.023 0.033 0.04 0.012 0.05 0.064 0.038 0.019 0.022 0.024 0.078 0.199 0.005 0.016 0.066
34 L 0.044 0.019 0.015 0.017 0.015 0.013 0.018 0.021 0.01 0.198 0.213 0.023 0.038 0.105 0.014 0.025 0.035 0.008 0.032 0.136
35 L 0.047 0.024 0.016 0.017 0.016 0.018 0.021 0.023 0.011 0.151 0.279 0.027 0.067 0.057 0.015 0.031 0.037 0.007 0.023 0.112
36 L 0.043 0.029 0.094 0.032 0.014 0.02 0.027 0.032 0.015 0.09 0.294 0.032 0.039 0.045 0.016 0.035 0.037 0.006 0.02 0.077
37 L 0.057 0.024 0.022 0.022 0.138 0.018 0.023 0.029 0.01 0.115 0.17 0.029 0.033 0.035 0.018 0.046 0.093 0.006 0.018 0.095
38 L 0.045 0.021 0.014 0.016 0.016 0.015 0.019 0.021 0.009 0.188 0.288 0.024 0.043 0.049 0.014 0.024 0.036 0.006 0.021 0.13
39 L 0.045 0.025 0.017 0.017 0.015 0.018 0.022 0.025 0.013 0.095 0.258 0.027 0.074 0.139 0.014 0.032 0.034 0.01 0.039 0.082
40 L 0.067 0.029 0.031 0.029 0.017 0.022 0.032 0.037 0.013 0.121 0.167 0.036 0.03 0.036 0.021 0.09 0.103 0.006 0.019 0.096
41 I 0.057 0.023 0.022 0.022 0.017 0.017 0.024 0.027 0.01 0.201 0.133 0.029 0.031 0.037 0.018 0.043 0.097 0.006 0.02 0.167
42 V 0.06 0.019 0.016 0.017 0.138 0.014 0.02 0.026 0.01 0.114 0.11 0.023 0.026 0.107 0.015 0.033 0.04 0.007 0.032 0.173
43 A 0.112 0.031 0.025 0.039 0.014 0.031 0.099 0.039 0.022 0.099 0.083 0.043 0.021 0.057 0.021 0.049 0.038 0.01 0.084 0.081
44 L 0.05 0.019 0.015 0.017 0.138 0.014 0.018 0.024 0.009 0.174 0.196 0.023 0.038 0.04 0.015 0.029 0.037 0.006 0.019 0.122
45 L 0.067 0.027 0.026 0.026 0.015 0.022 0.03 0.036 0.015 0.119 0.127 0.034 0.063 0.112 0.018 0.082 0.047 0.008 0.034 0.091
46 N 0.045 0.118 0.167 0.051 0.011 0.032 0.042 0.045 0.023 0.046 0.125 0.063 0.022 0.027 0.018 0.055 0.042 0.005 0.018 0.045
47 R 0.045 0.342 0.039 0.031 0.008 0.049 0.053 0.033 0.023 0.023 0.047 0.121 0.016 0.017 0.019 0.045 0.035 0.006 0.017 0.031
48 P 0.059 0.073 0.036 0.038 0.009 0.082 0.06 0.128 0.019 0.025 0.039 0.119 0.014 0.015 0.145 0.05 0.037 0.005 0.016 0.031
49 K 0.047 0.068 0.108 0.045 0.009 0.037 0.051 0.044 0.022 0.035 0.058 0.159 0.017 0.113 0.021 0.05 0.038 0.008 0.035 0.036
50 R 0.041 0.198 0.093 0.038 0.009 0.035 0.043 0.037 0.023 0.033 0.06 0.083 0.017 0.114 0.017 0.045 0.035 0.008 0.035 0.036
51 K 0.052 0.081 0.035 0.035 0.01 0.043 0.062 0.037 0.034 0.049 0.13 0.205 0.024 0.026 0.023 0.045 0.037 0.006 0.02 0.048
52 K 0.048 0.063 0.029 0.029 0.011 0.033 0.045 0.033 0.017 0.095 0.089 0.158 0.023 0.119 0.02 0.039 0.036 0.008 0.036 0.071
53 S 0.143 0.054 0.042 0.041 0.016 0.035 0.052 0.062 0.018 0.038 0.049 0.11 0.016 0.02 0.028 0.143 0.061 0.005 0.017 0.049
54 L 0.047 0.022 0.015 0.017 0.016 0.017 0.02 0.022 0.011 0.196 0.233 0.026 0.068 0.047 0.015 0.027 0.038 0.007 0.021 0.135
55 L 0.04 0.029 0.096 0.033 0.011 0.02 0.029 0.034 0.025 0.061 0.151 0.032 0.026 0.15 0.015 0.037 0.034 0.014 0.108 0.056
56 R 0.077 0.136 0.047 0.043 0.012 0.086 0.064 0.05 0.023 0.027 0.044 0.081 0.017 0.018 0.025 0.134 0.058 0.005 0.018 0.037
57 N 0.062 0.052 0.11 0.047 0.013 0.033 0.047 0.048 0.02 0.091 0.071 0.106 0.02 0.024 0.023 0.091 0.051 0.005 0.018 0.069
58 E 0.051 0.044 0.047 0.17 0.007 0.055 0.251 0.037 0.024 0.022 0.034 0.067 0.012 0.016 0.025 0.054 0.036 0.005 0.015 0.029
59 K 0.058 0.086 0.035 0.035 0.011 0.044 0.059 0.038 0.018 0.064 0.064 0.227 0.019 0.02 0.025 0.048 0.041 0.005 0.018 0.085
60 K 0.056 0.091 0.041 0.053 0.008 0.056 0.13 0.041 0.022 0.026 0.041 0.234 0.015 0.016 0.027 0.053 0.038 0.005 0.017 0.032
61 L 0.123 0.027 0.024 0.026 0.018 0.021 0.03 0.044 0.012 0.125 0.169 0.035 0.031 0.036 0.021 0.078 0.048 0.006 0.019 0.107
62 L 0.052 0.025 0.021 0.021 0.016 0.018 0.024 0.026 0.011 0.137 0.252 0.03 0.038 0.044 0.017 0.041 0.092 0.006 0.02 0.107
63 I 0.039 0.019 0.016 0.017 0.012 0.013 0.019 0.036 0.012 0.151 0.125 0.022 0.028 0.137 0.012 0.025 0.031 0.135 0.049 0.101
64 L 0.04 0.024 0.017 0.016 0.013 0.016 0.022 0.023 0.021 0.083 0.234 0.025 0.035 0.161 0.013 0.026 0.03 0.015 0.117 0.072
65 F 0.041 0.023 0.017 0.017 0.013 0.016 0.021 0.025 0.015 0.085 0.203 0.025 0.069 0.219 0.013 0.027 0.031 0.012 0.054 0.074
66 F 0.046 0.019 0.016 0.017 0.014 0.013 0.019 0.024 0.012 0.144 0.13 0.022 0.029 0.213 0.013 0.027 0.035 0.011 0.053 0.142
67 I 0.066 0.023 0.025 0.025 0.105 0.018 0.026 0.034 0.011 0.17 0.114 0.03 0.027 0.033 0.019 0.081 0.05 0.005 0.018 0.121
68 L 0.041 0.022 0.017 0.017 0.013 0.015 0.021 0.023 0.021 0.125 0.178 0.024 0.032 0.158 0.014 0.026 0.031 0.014 0.116 0.092
69 L 0.044 0.023 0.016 0.017 0.015 0.017 0.021 0.024 0.013 0.14 0.21 0.026 0.071 0.137 0.014 0.027 0.034 0.009 0.039 0.104
70 I 0.045 0.019 0.014 0.017 0.016 0.014 0.018 0.021 0.009 0.24 0.204 0.023 0.038 0.062 0.014 0.025 0.037 0.007 0.024 0.154
71 I 0.056 0.019 0.015 0.018 0.017 0.014 0.019 0.022 0.009 0.249 0.155 0.024 0.035 0.05 0.015 0.027 0.041 0.006 0.022 0.188
72 G 0.077 0.023 0.039 0.033 0.011 0.019 0.025 0.517 0.013 0.019 0.028 0.033 0.009 0.016 0.019 0.051 0.029 0.005 0.011 0.024
73 V 0.121 0.023 0.018 0.021 0.019 0.018 0.026 0.037 0.01 0.17 0.123 0.03 0.029 0.034 0.019 0.043 0.046 0.006 0.02 0.191
74 L 0.087 0.024 0.017 0.019 0.017 0.018 0.023 0.031 0.011 0.143 0.259 0.029 0.046 0.045 0.017 0.036 0.043 0.006 0.021 0.11
75 G 0.093 0.031 0.046 0.041 0.014 0.026 0.039 0.286 0.016 0.024 0.035 0.044 0.012 0.018 0.024 0.143 0.056 0.005 0.014 0.033
76 N 0.057 0.04 0.181 0.059 0.013 0.03 0.044 0.053 0.022 0.038 0.048 0.049 0.015 0.021 0.024 0.08 0.155 0.005 0.017 0.049
77 V 0.058 0.023 0.017 0.018 0.017 0.018 0.023 0.024 0.01 0.178 0.161 0.028 0.069 0.041 0.016 0.031 0.043 0.006 0.021 0.198
78 I 0.047 0.105 0.021 0.021 0.014 0.025 0.028 0.025 0.014 0.172 0.151 0.05 0.06 0.038 0.016 0.032 0.038 0.006 0.02 0.118
79 L 0.048 0.031 0.032 0.027 0.013 0.023 0.033 0.032 0.101 0.063 0.15 0.033 0.027 0.126 0.018 0.045 0.085 0.009 0.046 0.06
80 G 0.065 0.064 0.054 0.04 0.011 0.037 0.05 0.162 0.017 0.031 0.044 0.153 0.015 0.018 0.025 0.063 0.092 0.005 0.015 0.039
81 I 0.045 0.02 0.016 0.018 0.014 0.015 0.02 0.021 0.018 0.222 0.141 0.025 0.032 0.065 0.015 0.026 0.036 0.011 0.097 0.142
82 Q 0.055 0.072 0.043 0.046 0.009 0.226 0.101 0.041 0.029 0.026 0.046 0.09 0.02 0.014 0.023 0.055 0.041 0.006 0.02 0.035
83 P 0.056 0.037 0.028 0.035 0.01 0.072 0.052 0.037 0.017 0.026 0.038 0.053 0.013 0.013 0.382 0.046 0.037 0.003 0.015 0.032
84 E 0.052 0.063 0.112 0.073 0.008 0.061 0.174 0.044 0.026 0.023 0.037 0.123 0.013 0.016 0.024 0.058 0.04 0.005 0.016 0.03
85 K 0.054 0.083 0.034 0.035 0.01 0.043 0.057 0.037 0.017 0.091 0.073 0.222 0.021 0.022 0.024 0.046 0.039 0.005 0.018 0.068
86 I 0.062 0.023 0.024 0.025 0.016 0.018 0.026 0.032 0.011 0.219 0.134 0.031 0.031 0.038 0.018 0.076 0.05 0.006 0.02 0.141
87 A 0.301 0.031 0.025 0.029 0.021 0.025 0.04 0.077 0.015 0.043 0.059 0.044 0.017 0.021 0.029 0.084 0.049 0.005 0.017 0.068
88 I 0.046 0.017 0.014 0.017 0.016 0.013 0.017 0.02 0.009 0.282 0.165 0.023 0.036 0.044 0.014 0.025 0.039 0.006 0.02 0.174
89 L 0.042 0.026 0.018 0.017 0.013 0.019 0.024 0.023 0.028 0.078 0.226 0.028 0.034 0.091 0.015 0.027 0.03 0.017 0.175 0.07
90 K 0.056 0.106 0.041 0.041 0.008 0.053 0.07 0.043 0.02 0.027 0.043 0.289 0.015 0.015 0.027 0.053 0.039 0.005 0.017 0.032
91 D 0.04 0.029 0.068 0.406 0.007 0.029 0.09 0.046 0.018 0.022 0.028 0.044 0.009 0.015 0.022 0.051 0.035 0.004 0.011 0.024
92 I 0.11 0.021 0.017 0.02 0.017 0.016 0.023 0.035 0.01 0.219 0.138 0.028 0.031 0.038 0.018 0.04 0.042 0.006 0.02 0.15
93 L 0.039 0.021 0.015 0.016 0.013 0.013 0.019 0.023 0.013 0.088 0.249 0.022 0.037 0.225 0.012 0.024 0.029 0.012 0.055 0.074
94 A 0.188 0.036 0.108 0.047 0.017 0.029 0.045 0.071 0.02 0.034 0.047 0.049 0.015 0.02 0.027 0.117 0.057 0.005 0.017 0.051
95 I 0.05 0.022 0.022 0.022 0.015 0.016 0.023 0.027 0.012 0.17 0.127 0.027 0.029 0.127 0.017 0.041 0.09 0.009 0.036 0.118
96 S 0.093 0.034 0.044 0.04 0.017 0.028 0.043 0.054 0.016 0.092 0.072 0.046 0.021 0.026 0.026 0.18 0.07 0.005 0.018 0.074
97 K 0.056 0.106 0.041 0.041 0.008 0.053 0.07 0.043 0.02 0.027 0.043 0.289 0.015 0.015 0.027 0.053 0.039 0.005 0.017 0.032
98 F 0.036 0.02 0.016 0.016 0.012 0.012 0.019 0.024 0.015 0.075 0.181 0.02 0.031 0.31 0.011 0.025 0.027 0.014 0.071 0.064
99 I 0.054 0.02 0.017 0.021 0.015 0.016 0.023 0.025 0.01 0.188 0.124 0.028 0.028 0.034 0.137 0.031 0.041 0.005 0.018 0.165
100 V 0.057 0.021 0.015 0.017 0.017 0.015 0.021 0.022 0.009 0.18 0.202 0.025 0.037 0.042 0.015 0.028 0.042 0.006 0.021 0.207
101 C 0.052 0.017 0.016 0.017 0.252 0.012 0.017 0.027 0.01 0.108 0.102 0.02 0.023 0.12 0.014 0.032 0.034 0.008 0.033 0.085
102 Y 0.04 0.028 0.021 0.018 0.009 0.021 0.028 0.025 0.046 0.043 0.067 0.031 0.018 0.129 0.015 0.031 0.028 0.028 0.328 0.046
103 I 0.052 0.021 0.02 0.021 0.016 0.016 0.022 0.025 0.01 0.232 0.144 0.028 0.033 0.039 0.017 0.038 0.084 0.006 0.02 0.155
104 C 0.079 0.029 0.035 0.033 0.134 0.022 0.035 0.058 0.016 0.04 0.063 0.037 0.018 0.106 0.021 0.133 0.056 0.007 0.032 0.048
105 A 0.132 0.031 0.034 0.033 0.018 0.025 0.037 0.051 0.014 0.102 0.082 0.041 0.022 0.027 0.025 0.108 0.107 0.006 0.018 0.088
106 L 0.044 0.024 0.014 0.015 0.016 0.016 0.02 0.021 0.01 0.114 0.385 0.025 0.049 0.054 0.014 0.024 0.033 0.007 0.022 0.095
107 L 0.051 0.022 0.015 0.016 0.017 0.015 0.02 0.022 0.009 0.168 0.266 0.025 0.041 0.047 0.015 0.026 0.038 0.006 0.021 0.161
108 L 0.05 0.023 0.015 0.016 0.017 0.016 0.021 0.022 0.009 0.126 0.321 0.025 0.044 0.049 0.015 0.026 0.037 0.007 0.022 0.141
109 S 0.09 0.034 0.044 0.04 0.016 0.027 0.043 0.055 0.018 0.038 0.059 0.045 0.018 0.114 0.025 0.18 0.067 0.008 0.035 0.045
110 N 0.046 0.06 0.255 0.072 0.009 0.038 0.054 0.059 0.028 0.023 0.034 0.112 0.012 0.017 0.022 0.065 0.046 0.005 0.016 0.028
111 G 0.056 0.054 0.171 0.066 0.009 0.034 0.049 0.172 0.023 0.023 0.033 0.107 0.012 0.017 0.022 0.063 0.042 0.005 0.015 0.028
112 I 0.046 0.019 0.014 0.017 0.016 0.014 0.018 0.02 0.009 0.24 0.22 0.024 0.039 0.046 0.014 0.024 0.038 0.006 0.021 0.154
113 D 0.041 0.037 0.197 0.244 0.008 0.031 0.069 0.055 0.025 0.022 0.029 0.049 0.01 0.016 0.021 0.06 0.042 0.004 0.013 0.025
114 K 0.056 0.106 0.041 0.041 0.008 0.053 0.07 0.043 0.02 0.027 0.043 0.289 0.015 0.015 0.027 0.053 0.039 0.005 0.017 0.032
115 D 0.061 0.037 0.057 0.237 0.01 0.039 0.135 0.048 0.02 0.024 0.033 0.054 0.012 0.017 0.025 0.097 0.047 0.004 0.014 0.03
116 L 0.047 0.127 0.027 0.025 0.012 0.033 0.04 0.029 0.016 0.069 0.214 0.114 0.032 0.035 0.019 0.036 0.035 0.006 0.02 0.063
117 L 0.044 0.024 0.014 0.015 0.016 0.016 0.02 0.021 0.01 0.114 0.385 0.025 0.049 0.054 0.014 0.024 0.033 0.007 0.022 0.095
118 L 0.061 0.028 0.024 0.023 0.016 0.02 0.028 0.032 0.012 0.094 0.293 0.032 0.04 0.045 0.018 0.076 0.045 0.006 0.021 0.086
119 K 0.056 0.068 0.113 0.059 0.011 0.043 0.099 0.046 0.022 0.031 0.044 0.126 0.015 0.018 0.025 0.066 0.096 0.005 0.017 0.04
120 K 0.13 0.07 0.04 0.04 0.014 0.041 0.058 0.057 0.019 0.032 0.046 0.169 0.016 0.018 0.028 0.105 0.052 0.005 0.017 0.043
121 V 0.062 0.022 0.016 0.017 0.018 0.016 0.022 0.023 0.009 0.153 0.193 0.025 0.036 0.04 0.016 0.03 0.045 0.006 0.021 0.231
122 A 0.195 0.031 0.03 0.031 0.02 0.025 0.039 0.061 0.014 0.069 0.072 0.042 0.02 0.025 0.026 0.108 0.057 0.005 0.018 0.114
123 K 0.053 0.087 0.119 0.052 0.009 0.047 0.064 0.049 0.023 0.026 0.039 0.219 0.014 0.016 0.025 0.061 0.043 0.005 0.017 0.031
124 R 0.044 0.355 0.038 0.031 0.008 0.048 0.052 0.032 0.023 0.023 0.046 0.118 0.015 0.017 0.019 0.044 0.034 0.006 0.017 0.031
125 S 0.092 0.036 0.043 0.04 0.017 0.029 0.044 0.054 0.017 0.05 0.127 0.046 0.024 0.029 0.025 0.18 0.069 0.006 0.018 0.055
126 R 0.044 0.355 0.038 0.031 0.008 0.048 0.052 0.032 0.023 0.023 0.046 0.118 0.015 0.017 0.019 0.044 0.034 0.006 0.017 0.031
127 I 0.052 0.018 0.015 0.017 0.017 0.014 0.019 0.021 0.009 0.252 0.156 0.024 0.035 0.041 0.015 0.027 0.042 0.006 0.02 0.2
128 Y 0.04 0.028 0.021 0.018 0.009 0.021 0.028 0.025 0.046 0.043 0.067 0.031 0.018 0.129 0.015 0.031 0.028 0.028 0.328 0.046
129 V 0.062 0.021 0.016 0.017 0.018 0.015 0.021 0.023 0.008 0.19 0.149 0.025 0.033 0.038 0.016 0.03 0.046 0.006 0.02 0.245
130 V 0.054 0.028 0.081 0.032 0.015 0.022 0.029 0.033 0.015 0.143 0.131 0.034 0.063 0.036 0.017 0.041 0.054 0.006 0.02 0.145
131 I 0.048 0.018 0.015 0.017 0.016 0.013 0.018 0.021 0.009 0.274 0.163 0.023 0.036 0.043 0.015 0.025 0.04 0.006 0.02 0.181
132 I 0.043 0.018 0.015 0.017 0.015 0.012 0.018 0.021 0.011 0.227 0.152 0.022 0.033 0.132 0.013 0.025 0.036 0.009 0.037 0.144
133 F 0.033 0.019 0.017 0.017 0.01 0.01 0.019 0.025 0.017 0.062 0.113 0.019 0.025 0.396 0.01 0.025 0.025 0.017 0.087 0.054
134 I 0.056 0.021 0.019 0.021 0.016 0.016 0.021 0.025 0.01 0.24 0.147 0.027 0.033 0.04 0.017 0.037 0.074 0.006 0.02 0.155
135 F 0.044 0.02 0.022 0.021 0.01 0.012 0.02 0.148 0.016 0.052 0.091 0.022 0.021 0.301 0.012 0.031 0.026 0.014 0.068 0.047
136 A 0.188 0.031 0.029 0.03 0.019 0.025 0.038 0.06 0.015 0.057 0.136 0.041 0.025 0.029 0.025 0.106 0.053 0.006 0.018 0.068
137 L 0.051 0.02 0.015 0.017 0.017 0.015 0.019 0.021 0.009 0.21 0.211 0.024 0.038 0.044 0.015 0.026 0.04 0.006 0.021 0.181
138 I 0.046 0.019 0.014 0.017 0.016 0.014 0.018 0.02 0.009 0.247 0.21 0.024 0.039 0.046 0.014 0.024 0.038 0.006 0.021 0.158
139 N 0.042 0.044 0.327 0.082 0.009 0.033 0.049 0.064 0.031 0.022 0.031 0.053 0.011 0.018 0.02 0.069 0.049 0.004 0.015 0.027
140 L 0.045 0.021 0.014 0.016 0.016 0.015 0.019 0.021 0.009 0.19 0.285 0.024 0.043 0.049 0.014 0.024 0.036 0.006 0.021 0.131
141 F 0.037 0.018 0.016 0.017 0.012 0.011 0.018 0.024 0.015 0.117 0.126 0.02 0.028 0.308 0.011 0.025 0.029 0.014 0.071 0.084
142 F 0.039 0.025 0.025 0.022 0.011 0.018 0.027 0.027 0.102 0.107 0.107 0.026 0.025 0.216 0.014 0.029 0.029 0.012 0.063 0.076
143 E 0.048 0.043 0.119 0.166 0.008 0.047 0.188 0.045 0.025 0.022 0.033 0.062 0.011 0.016 0.023 0.057 0.039 0.005 0.015 0.028
144 I 0.053 0.022 0.022 0.022 0.016 0.017 0.023 0.026 0.01 0.224 0.14 0.029 0.032 0.038 0.018 0.041 0.094 0.006 0.02 0.148
145 G 0.068 0.028 0.111 0.045 0.01 0.022 0.031 0.404 0.018 0.02 0.029 0.038 0.01 0.016 0.019 0.055 0.034 0.005 0.012 0.025
146 L 0.051 0.032 0.02 0.02 0.016 0.028 0.028 0.028 0.016 0.099 0.194 0.036 0.173 0.047 0.016 0.036 0.04 0.008 0.024 0.091
147 G 0.084 0.036 0.118 0.053 0.013 0.029 0.044 0.178 0.021 0.025 0.035 0.048 0.013 0.019 0.024 0.146 0.06 0.005 0.015 0.033
148 G 0.065 0.026 0.03 0.028 0.013 0.021 0.029 0.155 0.022 0.096 0.082 0.034 0.027 0.053 0.019 0.075 0.042 0.011 0.094 0.074
149 D 0.105 0.03 0.057 0.312 0.011 0.028 0.078 0.054 0.017 0.027 0.035 0.044 0.011 0.016 0.024 0.06 0.038 0.004 0.013 0.035
150 V 0.059 0.02 0.015 0.017 0.018 0.015 0.021 0.023 0.008 0.214 0.144 0.025 0.033 0.039 0.015 0.029 0.045 0.006 0.02 0.234
151 R 0.044 0.355 0.038 0.031 0.008 0.048 0.052 0.032 0.023 0.023 0.046 0.118 0.015 0.017 0.019 0.044 0.034 0.006 0.017 0.031
152 Y 0.04 0.028 0.021 0.018 0.009 0.021 0.028 0.025 0.046 0.043 0.067 0.031 0.018 0.129 0.015 0.031 0.028 0.028 0.328 0.046
153 G 0.077 0.023 0.039 0.033 0.011 0.019 0.025 0.517 0.013 0.019 0.028 0.033 0.009 0.016 0.019 0.051 0.029 0.005 0.011 0.024
154 I 0.046 0.019 0.014 0.017 0.016 0.014 0.018 0.021 0.009 0.236 0.221 0.024 0.043 0.046 0.014 0.025 0.038 0.006 0.021 0.152
155 R 0.045 0.347 0.038 0.031 0.008 0.047 0.051 0.043 0.023 0.023 0.045 0.116 0.015 0.017 0.019 0.044 0.034 0.006 0.017 0.03
156 S 0.108 0.04 0.053 0.048 0.017 0.033 0.052 0.065 0.019 0.029 0.041 0.053 0.015 0.021 0.029 0.231 0.081 0.005 0.017 0.041
157 Y 0.04 0.028 0.021 0.018 0.009 0.021 0.028 0.025 0.046 0.043 0.067 0.031 0.018 0.129 0.015 0.031 0.028 0.028 0.328 0.046
158 K 0.056 0.106 0.041 0.041 0.008 0.053 0.07 0.043 0.02 0.027 0.043 0.289 0.015 0.015 0.027 0.053 0.039 0.005 0.017 0.032
159 F 0.033 0.019 0.017 0.017 0.01 0.01 0.019 0.025 0.017 0.062 0.113 0.019 0.025 0.396 0.01 0.025 0.025 0.017 0.087 0.054
160 L 0.044 0.024 0.014 0.015 0.016 0.016 0.02 0.021 0.01 0.114 0.385 0.025 0.049 0.054 0.014 0.024 0.033 0.007 0.022 0.095
161 F 0.037 0.023 0.019 0.018 0.01 0.016 0.023 0.025 0.031 0.053 0.09 0.025 0.022 0.262 0.013 0.028 0.026 0.022 0.208 0.05
162 G 0.087 0.042 0.047 0.046 0.013 0.07 0.067 0.172 0.02 0.026 0.039 0.057 0.015 0.018 0.025 0.142 0.058 0.005 0.016 0.035
163 H 0.041 0.045 0.053 0.038 0.007 0.038 0.053 0.038 0.365 0.023 0.038 0.045 0.015 0.03 0.019 0.041 0.026 0.007 0.056 0.023
164 P 0.069 0.035 0.035 0.05 0.011 0.034 0.107 0.043 0.017 0.025 0.037 0.052 0.012 0.016 0.264 0.093 0.047 0.004 0.015 0.033
165 T 0.072 0.035 0.043 0.037 0.018 0.027 0.039 0.043 0.014 0.053 0.064 0.045 0.019 0.023 0.027 0.091 0.258 0.006 0.018 0.07
166 Y 0.04 0.028 0.021 0.018 0.009 0.021 0.028 0.025 0.046 0.043 0.067 0.031 0.018 0.129 0.015 0.031 0.028 0.028 0.328 0.046
167 L 0.044 0.024 0.014 0.015 0.016 0.016 0.02 0.021 0.01 0.114 0.385 0.025 0.049 0.054 0.014 0.024 0.033 0.007 0.022 0.095
168 V 0.069 0.022 0.016 0.018 0.019 0.016 0.023 0.024 0.008 0.162 0.128 0.026 0.031 0.035 0.016 0.032 0.049 0.005 0.02 0.28
169 S 0.09 0.034 0.044 0.04 0.016 0.027 0.043 0.055 0.018 0.038 0.059 0.045 0.018 0.114 0.025 0.18 0.067 0.008 0.035 0.045
170 S 0.143 0.036 0.044 0.041 0.018 0.03 0.046 0.062 0.017 0.038 0.051 0.049 0.017 0.021 0.029 0.163 0.118 0.005 0.017 0.054
171 L 0.053 0.023 0.016 0.018 0.016 0.018 0.021 0.024 0.011 0.186 0.224 0.027 0.073 0.046 0.015 0.029 0.038 0.007 0.022 0.133
172 V 0.063 0.021 0.016 0.018 0.018 0.015 0.022 0.023 0.008 0.192 0.138 0.025 0.032 0.037 0.016 0.03 0.046 0.006 0.02 0.253
173 L 0.045 0.021 0.014 0.016 0.016 0.015 0.019 0.021 0.009 0.198 0.275 0.024 0.043 0.049 0.014 0.024 0.036 0.006 0.021 0.134
174 L 0.044 0.023 0.016 0.017 0.015 0.017 0.021 0.023 0.013 0.141 0.222 0.026 0.075 0.12 0.014 0.028 0.035 0.009 0.035 0.105
175 L 0.047 0.023 0.016 0.017 0.016 0.017 0.021 0.022 0.011 0.194 0.227 0.027 0.074 0.047 0.015 0.027 0.038 0.007 0.022 0.133
176 C 0.123 0.02 0.018 0.019 0.374 0.015 0.022 0.043 0.01 0.044 0.063 0.026 0.016 0.02 0.019 0.051 0.039 0.004 0.013 0.059
177 V 0.063 0.021 0.017 0.018 0.018 0.016 0.022 0.024 0.008 0.187 0.135 0.026 0.032 0.037 0.016 0.033 0.056 0.006 0.02 0.244
178 I 0.043 0.018 0.015 0.017 0.014 0.012 0.018 0.022 0.011 0.203 0.147 0.022 0.033 0.16 0.013 0.025 0.035 0.009 0.043 0.138
179 I 0.046 0.019 0.014 0.017 0.016 0.014 0.018 0.02 0.009 0.24 0.22 0.024 0.039 0.046 0.014 0.024 0.038 0.006 0.021 0.154
180 A 0.204 0.035 0.039 0.039 0.019 0.029 0.046 0.071 0.017 0.036 0.05 0.049 0.016 0.021 0.029 0.158 0.065 0.005 0.017 0.055
181 D 0.109 0.04 0.051 0.222 0.011 0.078 0.08 0.052 0.02 0.028 0.04 0.055 0.014 0.016 0.024 0.06 0.04 0.005 0.015 0.038
182 N 0.054 0.046 0.172 0.068 0.009 0.078 0.063 0.171 0.026 0.022 0.034 0.058 0.013 0.016 0.021 0.06 0.041 0.005 0.015 0.028
183 R 0.06 0.193 0.046 0.037 0.01 0.042 0.052 0.042 0.107 0.025 0.043 0.088 0.015 0.021 0.022 0.09 0.044 0.006 0.027 0.031
184 K 0.053 0.173 0.04 0.038 0.008 0.051 0.065 0.04 0.021 0.026 0.043 0.242 0.015 0.016 0.025 0.05 0.038 0.005 0.017 0.032
185 K 0.056 0.106 0.041 0.041 0.008 0.053 0.07 0.043 0.02 0.027 0.043 0.289 0.015 0.015 0.027 0.053 0.039 0.005 0.017 0.032
186 F 0.061 0.029 0.031 0.028 0.012 0.022 0.033 0.038 0.028 0.044 0.072 0.035 0.019 0.174 0.019 0.096 0.045 0.017 0.151 0.047
187 D 0.041 0.033 0.133 0.325 0.008 0.03 0.08 0.05 0.022 0.022 0.028 0.046 0.01 0.015 0.022 0.056 0.038 0.004 0.012 0.025
188 N 0.049 0.054 0.158 0.052 0.011 0.033 0.046 0.047 0.022 0.053 0.126 0.104 0.022 0.027 0.021 0.06 0.044 0.005 0.018 0.049
189 I 0.043 0.102 0.021 0.021 0.013 0.021 0.026 0.025 0.014 0.162 0.122 0.046 0.028 0.125 0.015 0.03 0.034 0.008 0.036 0.108
190 I 0.042 0.02 0.017 0.017 0.013 0.015 0.02 0.023 0.02 0.167 0.128 0.024 0.029 0.153 0.014 0.026 0.033 0.014 0.114 0.112
191 I 0.053 0.019 0.015 0.017 0.017 0.014 0.019 0.021 0.009 0.249 0.155 0.024 0.035 0.041 0.015 0.027 0.042 0.006 0.02 0.203
192 L 0.041 0.022 0.017 0.017 0.013 0.015 0.021 0.023 0.02 0.125 0.183 0.024 0.032 0.156 0.014 0.026 0.031 0.014 0.114 0.092
193 E 0.057 0.038 0.029 0.054 0.012 0.043 0.166 0.03 0.019 0.076 0.099 0.053 0.057 0.029 0.021 0.044 0.04 0.006 0.019 0.108
194 S 0.104 0.035 0.049 0.044 0.016 0.029 0.044 0.178 0.017 0.027 0.039 0.048 0.014 0.02 0.027 0.18 0.071 0.005 0.016 0.038
195 I 0.046 0.019 0.014 0.017 0.016 0.014 0.018 0.02 0.009 0.236 0.225 0.024 0.04 0.046 0.014 0.024 0.037 0.006 0.021 0.152
196 I 0.1 0.021 0.018 0.021 0.017 0.016 0.023 0.033 0.01 0.224 0.14 0.028 0.032 0.038 0.018 0.042 0.042 0.006 0.02 0.152
197 I 0.062 0.023 0.024 0.025 0.016 0.018 0.026 0.032 0.011 0.219 0.134 0.031 0.031 0.038 0.018 0.076 0.05 0.006 0.02 0.141
198 L 0.044 0.022 0.014 0.016 0.016 0.015 0.019 0.021 0.01 0.156 0.33 0.025 0.046 0.051 0.014 0.024 0.034 0.007 0.022 0.115
199 L 0.106 0.023 0.018 0.02 0.016 0.016 0.024 0.036 0.012 0.125 0.18 0.028 0.032 0.129 0.017 0.039 0.037 0.009 0.037 0.098
200 L 0.048 0.025 0.022 0.021 0.015 0.017 0.024 0.027 0.013 0.086 0.237 0.028 0.036 0.132 0.016 0.041 0.087 0.009 0.037 0.078
201 T 0.083 0.036 0.046 0.04 0.017 0.029 0.043 0.049 0.015 0.046 0.057 0.047 0.018 0.023 0.028 0.133 0.205 0.006 0.017 0.061
202 L 0.105 0.024 0.017 0.019 0.016 0.017 0.025 0.036 0.013 0.083 0.235 0.028 0.035 0.131 0.017 0.039 0.035 0.009 0.037 0.078
203 R 0.044 0.355 0.038 0.031 0.008 0.048 0.052 0.032 0.023 0.023 0.046 0.118 0.015 0.017 0.019 0.044 0.034 0.006 0.017 0.031
204 N 0.066 0.041 0.188 0.062 0.013 0.032 0.047 0.059 0.024 0.032 0.042 0.051 0.014 0.02 0.024 0.115 0.109 0.005 0.016 0.041
205 K 0.056 0.106 0.041 0.041 0.008 0.053 0.07 0.043 0.02 0.027 0.043 0.289 0.015 0.015 0.027 0.053 0.039 0.005 0.017 0.032
206 A 0.245 0.029 0.029 0.03 0.019 0.024 0.036 0.187 0.014 0.037 0.051 0.041 0.015 0.02 0.027 0.075 0.044 0.005 0.016 0.057
207 F 0.036 0.02 0.016 0.016 0.012 0.012 0.019 0.024 0.015 0.075 0.181 0.02 0.031 0.31 0.011 0.025 0.027 0.014 0.071 0.064
208 V 0.057 0.021 0.015 0.017 0.017 0.015 0.021 0.022 0.009 0.18 0.202 0.025 0.037 0.042 0.015 0.028 0.042 0.006 0.021 0.207
209 F 0.033 0.019 0.017 0.017 0.01 0.01 0.019 0.025 0.017 0.062 0.113 0.019 0.025 0.396 0.01 0.025 0.025 0.017 0.087 0.054
210 I 0.052 0.018 0.015 0.017 0.017 0.014 0.019 0.021 0.009 0.252 0.156 0.024 0.035 0.041 0.015 0.027 0.042 0.006 0.02 0.2
211 L 0.045 0.022 0.014 0.016 0.016 0.015 0.019 0.021 0.01 0.16 0.325 0.024 0.045 0.051 0.014 0.024 0.035 0.007 0.022 0.116
212 A 0.181 0.027 0.026 0.027 0.017 0.021 0.031 0.173 0.013 0.054 0.132 0.036 0.023 0.028 0.023 0.06 0.04 0.006 0.017 0.064
213 Y 0.04 0.028 0.021 0.018 0.009 0.021 0.028 0.025 0.046 0.043 0.067 0.031 0.018 0.129 0.015 0.031 0.028 0.028 0.328 0.046
214 F 0.036 0.02 0.016 0.016 0.012 0.012 0.019 0.024 0.015 0.076 0.187 0.02 0.032 0.303 0.011 0.025 0.027 0.014 0.07 0.065
215 F 0.042 0.019 0.017 0.017 0.013 0.012 0.02 0.025 0.015 0.087 0.116 0.02 0.027 0.306 0.012 0.027 0.031 0.014 0.071 0.111
216 L 0.048 0.033 0.024 0.036 0.012 0.032 0.095 0.029 0.018 0.071 0.134 0.041 0.096 0.127 0.017 0.038 0.035 0.009 0.038 0.067
217 K 0.049 0.071 0.108 0.046 0.009 0.04 0.054 0.043 0.029 0.03 0.046 0.165 0.015 0.044 0.022 0.051 0.039 0.011 0.094 0.034
218 L 0.042 0.021 0.015 0.016 0.015 0.014 0.019 0.022 0.011 0.146 0.253 0.023 0.042 0.136 0.013 0.025 0.033 0.009 0.038 0.106
219 I 0.053 0.022 0.016 0.018 0.017 0.018 0.021 0.023 0.01 0.206 0.163 0.027 0.069 0.042 0.015 0.029 0.042 0.006 0.021 0.18
220 L 0.047 0.033 0.095 0.034 0.014 0.026 0.031 0.035 0.018 0.083 0.201 0.037 0.101 0.042 0.016 0.041 0.04 0.007 0.021 0.076
221 K 0.053 0.168 0.04 0.038 0.008 0.051 0.065 0.04 0.021 0.026 0.043 0.246 0.015 0.016 0.025 0.051 0.038 0.005 0.017 0.032
222 Y 0.04 0.032 0.098 0.034 0.009 0.024 0.033 0.034 0.042 0.038 0.058 0.036 0.017 0.101 0.017 0.04 0.033 0.022 0.25 0.041
223 L 0.122 0.028 0.027 0.027 0.016 0.021 0.033 0.047 0.015 0.062 0.149 0.035 0.027 0.123 0.021 0.091 0.047 0.009 0.036 0.065
224 K 0.055 0.073 0.035 0.048 0.01 0.049 0.119 0.037 0.021 0.044 0.079 0.172 0.054 0.024 0.024 0.049 0.039 0.006 0.019 0.047
225 K 0.072 0.089 0.05 0.043 0.011 0.048 0.065 0.048 0.02 0.028 0.042 0.23 0.015 0.017 0.027 0.09 0.048 0.005 0.017 0.035
226 I 0.052 0.018 0.015 0.017 0.017 0.014 0.019 0.021 0.009 0.252 0.156 0.024 0.035 0.041 0.015 0.027 0.042 0.006 0.02 0.2
227 K 0.056 0.106 0.041 0.041 0.008 0.053 0.07 0.043 0.02 0.027 0.043 0.289 0.015 0.015 0.027 0.053 0.039 0.005 0.017 0.032
228 L 0.042 0.021 0.015 0.016 0.015 0.014 0.019 0.022 0.011 0.143 0.262 0.023 0.04 0.137 0.013 0.024 0.033 0.009 0.038 0.104
229 K 0.066 0.151 0.043 0.04 0.01 0.046 0.061 0.046 0.021 0.027 0.043 0.187 0.015 0.017 0.026 0.095 0.048 0.005 0.017 0.034
230 Y 0.044 0.043 0.035 0.03 0.009 0.077 0.052 0.032 0.121 0.034 0.055 0.049 0.018 0.076 0.018 0.039 0.031 0.017 0.183 0.037
231 I 0.046 0.019 0.014 0.017 0.016 0.014 0.018 0.02 0.009 0.24 0.22 0.024 0.039 0.046 0.014 0.024 0.038 0.006 0.021 0.154
232 L 0.041 0.023 0.015 0.015 0.015 0.015 0.02 0.022 0.012 0.101 0.317 0.023 0.043 0.139 0.013 0.024 0.031 0.009 0.038 0.085
233 L 0.051 0.02 0.015 0.017 0.017 0.015 0.019 0.021 0.009 0.21 0.211 0.024 0.038 0.044 0.015 0.026 0.04 0.006 0.021 0.181
234 L 0.042 0.021 0.015 0.016 0.015 0.014 0.019 0.022 0.011 0.143 0.262 0.023 0.04 0.137 0.013 0.024 0.033 0.009 0.038 0.104
235 L 0.117 0.024 0.023 0.024 0.016 0.018 0.026 0.159 0.012 0.114 0.159 0.031 0.028 0.034 0.019 0.046 0.038 0.006 0.018 0.09
236 V 0.121 0.023 0.018 0.02 0.019 0.018 0.026 0.037 0.01 0.162 0.12 0.03 0.029 0.034 0.019 0.043 0.046 0.005 0.02 0.2
237 I 0.043 0.018 0.015 0.017 0.015 0.012 0.018 0.021 0.011 0.227 0.152 0.022 0.033 0.132 0.013 0.025 0.036 0.009 0.037 0.144
238 G 0.085 0.027 0.042 0.037 0.012 0.022 0.032 0.404 0.015 0.021 0.031 0.038 0.011 0.017 0.021 0.096 0.042 0.005 0.012 0.028
239 I 0.058 0.018 0.021 0.021 0.133 0.014 0.019 0.147 0.01 0.157 0.106 0.025 0.024 0.031 0.016 0.035 0.036 0.005 0.016 0.107
240 L 0.05 0.027 0.023 0.022 0.015 0.02 0.026 0.029 0.014 0.083 0.195 0.031 0.067 0.122 0.017 0.044 0.089 0.009 0.036 0.078
241 L 0.061 0.026 0.024 0.024 0.016 0.019 0.027 0.032 0.012 0.135 0.244 0.032 0.037 0.043 0.018 0.076 0.046 0.006 0.02 0.101
242 T 0.125 0.03 0.031 0.03 0.017 0.022 0.034 0.048 0.015 0.052 0.075 0.038 0.02 0.116 0.024 0.073 0.143 0.008 0.035 0.065
243 Y 0.074 0.034 0.037 0.033 0.013 0.027 0.04 0.045 0.032 0.036 0.054 0.042 0.017 0.075 0.022 0.131 0.054 0.016 0.173 0.044
244 N 0.049 0.075 0.184 0.061 0.009 0.043 0.059 0.053 0.026 0.025 0.037 0.171 0.013 0.017 0.024 0.061 0.044 0.005 0.016 0.029
245 K 0.056 0.106 0.041 0.041 0.008 0.053 0.07 0.043 0.02 0.027 0.043 0.289 0.015 0.015 0.027 0.053 0.039 0.005 0.017 0.032
246 I 0.046 0.017 0.014 0.017 0.016 0.013 0.017 0.02 0.009 0.282 0.165 0.023 0.036 0.044 0.014 0.025 0.039 0.006 0.02 0.174
247 L 0.053 0.024 0.016 0.017 0.017 0.018 0.022 0.023 0.011 0.164 0.218 0.027 0.072 0.045 0.015 0.029 0.04 0.007 0.022 0.16
248 E 0.051 0.044 0.047 0.168 0.007 0.055 0.253 0.037 0.024 0.022 0.034 0.067 0.012 0.016 0.025 0.054 0.036 0.005 0.015 0.029
249 Y 0.055 0.028 0.025 0.023 0.014 0.022 0.029 0.029 0.028 0.075 0.082 0.033 0.022 0.079 0.019 0.046 0.09 0.017 0.173 0.11
250 A 0.169 0.027 0.022 0.023 0.016 0.021 0.032 0.051 0.023 0.048 0.074 0.034 0.019 0.142 0.021 0.056 0.038 0.014 0.112 0.059
251 S 0.108 0.04 0.053 0.048 0.017 0.033 0.052 0.065 0.019 0.029 0.041 0.053 0.015 0.021 0.029 0.231 0.081 0.005 0.017 0.041
252 Y 0.04 0.028 0.021 0.018 0.009 0.021 0.028 0.025 0.046 0.043 0.067 0.031 0.018 0.129 0.015 0.031 0.028 0.028 0.328 0.046
253 G 0.068 0.024 0.034 0.03 0.01 0.019 0.026 0.394 0.021 0.025 0.038 0.033 0.012 0.044 0.018 0.046 0.029 0.011 0.09 0.029
254 L 0.043 0.023 0.016 0.016 0.014 0.017 0.021 0.022 0.019 0.138 0.251 0.026 0.038 0.07 0.014 0.026 0.033 0.012 0.098 0.102
255 I 0.054 0.025 0.023 0.023 0.016 0.02 0.025 0.028 0.012 0.179 0.147 0.032 0.066 0.039 0.018 0.044 0.094 0.006 0.02 0.127
256 A 0.253 0.033 0.032 0.034 0.02 0.027 0.043 0.074 0.016 0.039 0.054 0.046 0.017 0.021 0.029 0.121 0.057 0.005 0.017 0.061
257 A 0.301 0.031 0.025 0.029 0.021 0.025 0.04 0.077 0.015 0.043 0.059 0.044 0.017 0.021 0.029 0.084 0.049 0.005 0.017 0.068
258 R 0.044 0.355 0.038 0.031 0.008 0.048 0.052 0.032 0.023 0.023 0.046 0.118 0.015 0.017 0.019 0.044 0.034 0.006 0.017 0.031
259 P 0.056 0.025 0.023 0.031 0.01 0.02 0.036 0.036 0.013 0.025 0.036 0.041 0.01 0.013 0.501 0.043 0.036 0.003 0.013 0.031
260 A 0.301 0.031 0.025 0.029 0.021 0.025 0.04 0.077 0.015 0.043 0.059 0.044 0.017 0.021 0.029 0.084 0.049 0.005 0.017 0.068
261 L 0.044 0.024 0.014 0.015 0.016 0.016 0.02 0.021 0.01 0.114 0.385 0.025 0.049 0.054 0.014 0.024 0.033 0.007 0.022 0.095
262 Y 0.039 0.03 0.028 0.023 0.009 0.023 0.032 0.028 0.118 0.043 0.071 0.031 0.019 0.171 0.015 0.032 0.027 0.02 0.2 0.042
263 I 0.046 0.019 0.014 0.017 0.016 0.014 0.018 0.02 0.009 0.24 0.22 0.024 0.039 0.046 0.014 0.024 0.038 0.006 0.021 0.154
264 V 0.07 0.025 0.023 0.022 0.019 0.019 0.027 0.029 0.009 0.135 0.112 0.03 0.028 0.032 0.019 0.047 0.101 0.006 0.02 0.227
265 G 0.077 0.023 0.039 0.033 0.011 0.019 0.025 0.517 0.013 0.019 0.028 0.033 0.009 0.016 0.019 0.051 0.029 0.005 0.011 0.024
266 L 0.04 0.023 0.016 0.016 0.013 0.015 0.021 0.023 0.019 0.084 0.239 0.024 0.036 0.17 0.013 0.026 0.029 0.014 0.104 0.073
267 K 0.052 0.083 0.035 0.034 0.009 0.044 0.057 0.037 0.027 0.034 0.056 0.213 0.023 0.045 0.024 0.046 0.036 0.011 0.095 0.038
268 L 0.044 0.024 0.014 0.015 0.016 0.016 0.02 0.021 0.01 0.114 0.385 0.025 0.049 0.054 0.014 0.024 0.033 0.007 0.022 0.095
269 A 0.178 0.027 0.02 0.023 0.019 0.021 0.031 0.05 0.012 0.09 0.158 0.035 0.029 0.033 0.022 0.056 0.045 0.006 0.019 0.128
270 C 0.057 0.041 0.03 0.025 0.23 0.024 0.032 0.033 0.012 0.098 0.083 0.095 0.021 0.025 0.019 0.04 0.038 0.005 0.016 0.078
271 D 0.048 0.078 0.054 0.223 0.008 0.045 0.08 0.044 0.02 0.024 0.035 0.154 0.012 0.015 0.024 0.052 0.037 0.004 0.014 0.028
272 Y 0.046 0.029 0.028 0.023 0.129 0.023 0.031 0.03 0.116 0.038 0.059 0.032 0.017 0.077 0.016 0.036 0.029 0.017 0.181 0.043
273 F 0.036 0.018 0.016 0.017 0.012 0.011 0.018 0.024 0.015 0.107 0.123 0.02 0.027 0.324 0.011 0.025 0.028 0.014 0.074 0.079
274 P 0.053 0.025 0.021 0.027 0.012 0.019 0.032 0.032 0.012 0.047 0.123 0.037 0.02 0.023 0.379 0.038 0.035 0.004 0.015 0.047
275 F 0.045 0.021 0.016 0.016 0.014 0.013 0.02 0.024 0.013 0.1 0.185 0.022 0.033 0.22 0.013 0.027 0.033 0.011 0.054 0.121
276 G 0.077 0.023 0.039 0.033 0.011 0.019 0.025 0.517 0.013 0.019 0.028 0.033 0.009 0.016 0.019 0.051 0.029 0.005 0.011 0.024
277 S 0.108 0.04 0.053 0.048 0.017 0.033 0.052 0.065 0.019 0.029 0.041 0.053 0.015 0.021 0.029 0.231 0.081 0.005 0.017 0.041
278 G 0.077 0.023 0.039 0.033 0.011 0.019 0.025 0.517 0.013 0.019 0.028 0.033 0.009 0.016 0.019 0.051 0.029 0.005 0.011 0.024
279 F 0.033 0.019 0.017 0.017 0.01 0.01 0.019 0.025 0.017 0.062 0.113 0.019 0.025 0.396 0.01 0.025 0.025 0.017 0.087 0.054
280 G 0.077 0.023 0.039 0.033 0.011 0.019 0.025 0.517 0.013 0.019 0.028 0.033 0.009 0.016 0.019 0.051 0.029 0.005 0.011 0.024
281 T 0.072 0.035 0.043 0.037 0.018 0.027 0.039 0.043 0.014 0.053 0.064 0.045 0.019 0.023 0.027 0.091 0.258 0.006 0.018 0.07
282 F 0.033 0.019 0.017 0.017 0.01 0.01 0.019 0.025 0.017 0.062 0.113 0.019 0.025 0.396 0.01 0.025 0.025 0.017 0.087 0.054
283 A 0.301 0.031 0.025 0.029 0.021 0.025 0.04 0.077 0.015 0.043 0.059 0.044 0.017 0.021 0.029 0.084 0.049 0.005 0.017 0.068
284 S 0.108 0.04 0.053 0.048 0.017 0.033 0.052 0.065 0.019 0.029 0.041 0.053 0.015 0.021 0.029 0.231 0.081 0.005 0.017 0.041
285 S 0.068 0.037 0.04 0.055 0.013 0.035 0.101 0.042 0.026 0.037 0.052 0.05 0.016 0.047 0.024 0.102 0.101 0.011 0.095 0.047
286 I 0.046 0.019 0.014 0.017 0.016 0.014 0.018 0.02 0.009 0.236 0.225 0.024 0.04 0.046 0.014 0.024 0.037 0.006 0.021 0.152
287 S 0.108 0.04 0.053 0.048 0.017 0.033 0.052 0.065 0.019 0.029 0.041 0.053 0.015 0.021 0.029 0.231 0.081 0.005 0.017 0.041
288 G 0.133 0.025 0.035 0.032 0.013 0.02 0.029 0.407 0.014 0.025 0.036 0.036 0.011 0.017 0.021 0.059 0.034 0.005 0.012 0.035
289 E 0.052 0.065 0.047 0.138 0.008 0.094 0.147 0.041 0.023 0.024 0.038 0.125 0.014 0.015 0.025 0.053 0.038 0.005 0.016 0.031
290 Y 0.04 0.028 0.021 0.018 0.009 0.021 0.028 0.025 0.046 0.043 0.067 0.031 0.018 0.129 0.015 0.031 0.028 0.028 0.328 0.046
291 Y 0.04 0.028 0.021 0.018 0.009 0.021 0.028 0.025 0.046 0.043 0.067 0.031 0.018 0.129 0.015 0.031 0.028 0.028 0.328 0.046
292 S 0.108 0.04 0.053 0.048 0.017 0.033 0.052 0.065 0.019 0.029 0.041 0.053 0.015 0.021 0.029 0.231 0.081 0.005 0.017 0.041
293 P 0.052 0.03 0.099 0.043 0.01 0.024 0.039 0.043 0.017 0.025 0.035 0.044 0.01 0.014 0.381 0.05 0.039 0.003 0.013 0.03
294 I 0.052 0.019 0.015 0.017 0.017 0.014 0.019 0.021 0.009 0.248 0.161 0.024 0.035 0.042 0.015 0.027 0.041 0.006 0.02 0.199
295 Y 0.04 0.028 0.021 0.018 0.009 0.021 0.028 0.025 0.046 0.043 0.067 0.031 0.018 0.129 0.015 0.031 0.028 0.028 0.328 0.046
296 D 0.047 0.027 0.043 0.212 0.011 0.024 0.057 0.035 0.022 0.063 0.064 0.036 0.017 0.054 0.019 0.041 0.036 0.01 0.087 0.094
297 E 0.054 0.059 0.035 0.06 0.01 0.052 0.178 0.035 0.022 0.042 0.077 0.118 0.053 0.024 0.023 0.049 0.038 0.006 0.018 0.046
298 Y 0.04 0.028 0.021 0.018 0.009 0.021 0.028 0.025 0.046 0.043 0.067 0.031 0.018 0.129 0.015 0.031 0.028 0.028 0.328 0.046
299 G 0.067 0.038 0.118 0.05 0.011 0.031 0.045 0.171 0.107 0.023 0.034 0.046 0.013 0.021 0.022 0.098 0.046 0.006 0.025 0.029
300 I 0.046 0.019 0.014 0.017 0.016 0.014 0.018 0.02 0.009 0.24 0.22 0.024 0.039 0.046 0.014 0.024 0.038 0.006 0.021 0.154
301 N 0.075 0.042 0.19 0.065 0.013 0.033 0.05 0.065 0.025 0.026 0.036 0.053 0.013 0.019 0.025 0.15 0.065 0.005 0.016 0.034
302 L 0.057 0.033 0.101 0.039 0.015 0.026 0.034 0.04 0.017 0.082 0.116 0.04 0.059 0.032 0.02 0.057 0.098 0.006 0.019 0.108
303 V 0.069 0.022 0.016 0.018 0.019 0.016 0.023 0.024 0.008 0.162 0.128 0.026 0.031 0.035 0.016 0.032 0.049 0.005 0.02 0.28
304 W 0.072 0.03 0.034 0.032 0.014 0.023 0.035 0.045 0.015 0.093 0.076 0.038 0.021 0.036 0.02 0.124 0.06 0.129 0.03 0.072
305 G 0.077 0.023 0.039 0.033 0.011 0.019 0.025 0.517 0.013 0.019 0.028 0.033 0.009 0.016 0.019 0.051 0.029 0.005 0.011 0.024
306 L 0.046 0.026 0.015 0.016 0.016 0.019 0.022 0.023 0.011 0.114 0.332 0.028 0.08 0.052 0.014 0.027 0.035 0.007 0.022 0.096
307 T 0.077 0.039 0.045 0.052 0.015 0.037 0.103 0.047 0.018 0.04 0.052 0.054 0.017 0.021 0.027 0.118 0.163 0.006 0.017 0.054
308 R 0.05 0.216 0.039 0.048 0.008 0.053 0.12 0.035 0.023 0.024 0.043 0.15 0.015 0.016 0.023 0.049 0.036 0.005 0.017 0.031
309 D 0.047 0.031 0.063 0.219 0.01 0.027 0.062 0.041 0.025 0.034 0.045 0.041 0.014 0.045 0.021 0.055 0.079 0.01 0.092 0.039
310 N 0.102 0.045 0.105 0.053 0.013 0.078 0.056 0.051 0.023 0.047 0.081 0.056 0.055 0.025 0.022 0.063 0.045 0.006 0.019 0.053
311 Y 0.04 0.032 0.029 0.023 0.009 0.025 0.033 0.028 0.118 0.038 0.061 0.034 0.018 0.106 0.016 0.033 0.027 0.023 0.266 0.041
312 D 0.075 0.038 0.125 0.146 0.013 0.032 0.06 0.06 0.022 0.026 0.035 0.051 0.013 0.018 0.025 0.146 0.061 0.005 0.015 0.033
313 Y 0.04 0.028 0.021 0.018 0.009 0.021 0.028 0.025 0.046 0.043 0.067 0.031 0.018 0.129 0.015 0.031 0.028 0.028 0.328 0.046
314 I 0.049 0.025 0.017 0.019 0.016 0.02 0.023 0.024 0.012 0.19 0.18 0.029 0.105 0.046 0.015 0.03 0.039 0.007 0.022 0.133
315 G 0.189 0.027 0.032 0.031 0.016 0.022 0.033 0.297 0.014 0.031 0.043 0.039 0.013 0.019 0.024 0.067 0.039 0.005 0.014 0.046
316 D 0.04 0.029 0.068 0.406 0.007 0.029 0.09 0.046 0.018 0.022 0.028 0.044 0.009 0.015 0.022 0.051 0.035 0.004 0.011 0.024
317 T 0.081 0.036 0.045 0.04 0.017 0.029 0.042 0.048 0.015 0.047 0.058 0.047 0.018 0.023 0.028 0.126 0.213 0.006 0.017 0.063
318 F 0.033 0.019 0.017 0.017 0.01 0.01 0.019 0.025 0.017 0.062 0.113 0.019 0.025 0.396 0.01 0.025 0.025 0.017 0.087 0.054
319 W 0.03 0.022 0.015 0.015 0.007 0.015 0.022 0.03 0.015 0.03 0.052 0.022 0.015 0.06 0.007 0.022 0.022 0.5 0.067 0.03
