#Seq2Logo.py -f /work3/idamei/ssn-clusterings/clustering/2205111339/clusters/0025_61/sequences.afa -o /work3/idamei/ssn-clusterings/clustering/2205111339/clusters/0025_61/sequences.logo
#Position Specific Frequency Matrix
A R N D C Q E G H I L K M F P S T W Y V
0 M 0.048 0.029 0.018 0.018 0.015 0.026 0.026 0.026 0.015 0.092 0.181 0.033 0.23 0.044 0.015 0.033 0.037 0.007 0.022 0.085
1 K 0.051 0.081 0.084 0.038 0.011 0.042 0.048 0.038 0.018 0.05 0.103 0.152 0.032 0.023 0.021 0.051 0.071 0.005 0.017 0.063
2 K 0.057 0.107 0.042 0.042 0.009 0.054 0.071 0.043 0.021 0.028 0.043 0.278 0.016 0.016 0.028 0.054 0.04 0.005 0.017 0.033
3 L 0.106 0.035 0.025 0.025 0.015 0.023 0.033 0.056 0.012 0.113 0.154 0.073 0.027 0.031 0.02 0.061 0.059 0.005 0.018 0.107
4 L 0.045 0.024 0.014 0.015 0.016 0.016 0.02 0.021 0.01 0.116 0.374 0.025 0.05 0.055 0.014 0.024 0.033 0.007 0.022 0.096
5 L 0.052 0.076 0.055 0.038 0.011 0.035 0.074 0.071 0.017 0.064 0.128 0.126 0.022 0.025 0.021 0.053 0.055 0.005 0.017 0.055
6 E 0.055 0.035 0.034 0.087 0.01 0.038 0.145 0.08 0.024 0.054 0.059 0.049 0.017 0.042 0.021 0.044 0.036 0.01 0.079 0.083
7 G 0.105 0.093 0.03 0.027 0.014 0.026 0.034 0.136 0.018 0.049 0.117 0.051 0.022 0.037 0.02 0.053 0.058 0.008 0.048 0.055
8 R 0.043 0.196 0.179 0.057 0.008 0.041 0.051 0.049 0.027 0.023 0.039 0.087 0.013 0.018 0.02 0.057 0.042 0.005 0.016 0.029
9 I 0.047 0.018 0.015 0.018 0.016 0.013 0.018 0.021 0.009 0.271 0.168 0.024 0.037 0.044 0.015 0.025 0.04 0.006 0.021 0.177
10 R 0.169 0.19 0.032 0.03 0.015 0.037 0.046 0.055 0.019 0.033 0.053 0.082 0.016 0.019 0.024 0.064 0.042 0.006 0.017 0.05
11 T 0.073 0.035 0.043 0.037 0.018 0.027 0.039 0.043 0.014 0.053 0.065 0.045 0.02 0.024 0.027 0.092 0.25 0.006 0.018 0.071
12 F 0.046 0.021 0.017 0.017 0.013 0.014 0.021 0.025 0.014 0.096 0.125 0.022 0.042 0.254 0.013 0.028 0.033 0.012 0.061 0.126
13 L 0.043 0.027 0.018 0.019 0.013 0.036 0.028 0.024 0.017 0.121 0.221 0.03 0.036 0.124 0.014 0.028 0.033 0.011 0.065 0.091
14 R 0.045 0.172 0.103 0.119 0.008 0.077 0.068 0.043 0.025 0.023 0.039 0.085 0.014 0.016 0.021 0.052 0.038 0.005 0.016 0.029
15 L 0.052 0.03 0.021 0.023 0.014 0.021 0.038 0.028 0.012 0.112 0.218 0.05 0.032 0.065 0.035 0.05 0.056 0.006 0.023 0.114
16 S 0.11 0.04 0.054 0.049 0.018 0.033 0.052 0.066 0.019 0.03 0.042 0.054 0.016 0.021 0.03 0.22 0.082 0.005 0.018 0.042
17 D 0.041 0.03 0.069 0.397 0.008 0.03 0.091 0.047 0.019 0.022 0.028 0.045 0.009 0.015 0.022 0.052 0.035 0.004 0.011 0.024
18 L 0.057 0.035 0.035 0.114 0.012 0.042 0.048 0.034 0.044 0.072 0.156 0.058 0.025 0.036 0.019 0.05 0.053 0.007 0.044 0.06
19 K 0.069 0.051 0.104 0.043 0.012 0.032 0.045 0.081 0.018 0.066 0.068 0.122 0.017 0.021 0.022 0.084 0.063 0.005 0.016 0.061
20 I 0.052 0.029 0.09 0.104 0.012 0.023 0.041 0.082 0.048 0.112 0.089 0.036 0.021 0.027 0.018 0.06 0.041 0.005 0.019 0.09
21 K 0.056 0.112 0.079 0.043 0.01 0.078 0.062 0.043 0.022 0.036 0.048 0.166 0.016 0.017 0.023 0.068 0.043 0.005 0.017 0.055
22 Y 0.041 0.028 0.022 0.019 0.009 0.022 0.028 0.025 0.047 0.044 0.069 0.031 0.019 0.131 0.016 0.031 0.028 0.028 0.316 0.047
23 N 0.043 0.045 0.315 0.083 0.009 0.034 0.05 0.065 0.032 0.023 0.032 0.054 0.011 0.018 0.02 0.07 0.05 0.005 0.016 0.027
24 Y 0.041 0.028 0.022 0.019 0.009 0.022 0.028 0.025 0.047 0.044 0.069 0.031 0.019 0.131 0.016 0.031 0.028 0.028 0.316 0.047
25 F 0.034 0.019 0.017 0.017 0.011 0.011 0.019 0.025 0.017 0.064 0.115 0.019 0.025 0.385 0.011 0.025 0.025 0.017 0.089 0.055
26 Y 0.041 0.028 0.022 0.019 0.009 0.022 0.028 0.025 0.047 0.044 0.069 0.031 0.019 0.131 0.016 0.031 0.028 0.028 0.316 0.047
27 K 0.057 0.107 0.042 0.042 0.009 0.054 0.071 0.043 0.021 0.028 0.043 0.276 0.016 0.016 0.028 0.054 0.04 0.005 0.017 0.033
28 R 0.067 0.13 0.027 0.025 0.01 0.031 0.039 0.033 0.025 0.061 0.082 0.1 0.02 0.083 0.018 0.04 0.033 0.012 0.11 0.053
29 L 0.09 0.045 0.027 0.027 0.013 0.046 0.04 0.101 0.015 0.083 0.135 0.097 0.04 0.029 0.02 0.044 0.038 0.006 0.018 0.086
30 N 0.049 0.069 0.143 0.05 0.01 0.051 0.05 0.046 0.141 0.046 0.046 0.054 0.015 0.023 0.02 0.075 0.041 0.006 0.029 0.038
31 T 0.073 0.036 0.043 0.038 0.018 0.028 0.039 0.043 0.014 0.053 0.065 0.045 0.02 0.024 0.028 0.093 0.246 0.006 0.018 0.071
32 L 0.045 0.024 0.014 0.015 0.016 0.016 0.02 0.021 0.01 0.115 0.375 0.025 0.05 0.055 0.014 0.024 0.033 0.007 0.022 0.096
33 L 0.061 0.034 0.018 0.018 0.013 0.015 0.022 0.045 0.014 0.09 0.209 0.027 0.031 0.181 0.014 0.031 0.039 0.01 0.054 0.073
34 L 0.046 0.021 0.014 0.016 0.016 0.015 0.019 0.021 0.009 0.194 0.272 0.024 0.043 0.049 0.014 0.025 0.037 0.006 0.021 0.136
35 L 0.077 0.033 0.024 0.024 0.049 0.037 0.033 0.033 0.041 0.078 0.16 0.053 0.027 0.116 0.017 0.047 0.043 0.008 0.035 0.066
36 L 0.043 0.023 0.016 0.016 0.014 0.017 0.021 0.039 0.014 0.093 0.276 0.025 0.061 0.105 0.013 0.026 0.031 0.01 0.063 0.093
37 L 0.067 0.023 0.021 0.02 0.014 0.016 0.023 0.064 0.013 0.075 0.215 0.027 0.031 0.155 0.015 0.05 0.051 0.009 0.038 0.075
38 L 0.05 0.02 0.016 0.017 0.015 0.014 0.02 0.023 0.01 0.169 0.205 0.024 0.034 0.092 0.014 0.034 0.038 0.007 0.028 0.171
39 L 0.136 0.023 0.017 0.019 0.084 0.017 0.024 0.038 0.01 0.09 0.202 0.028 0.03 0.047 0.018 0.043 0.038 0.006 0.02 0.109
40 L 0.041 0.022 0.016 0.016 0.013 0.016 0.021 0.022 0.02 0.11 0.191 0.024 0.043 0.142 0.013 0.026 0.031 0.013 0.124 0.095
41 Y 0.04 0.024 0.021 0.019 0.01 0.018 0.025 0.026 0.033 0.046 0.077 0.027 0.019 0.217 0.014 0.043 0.029 0.021 0.246 0.046
42 F 0.046 0.02 0.015 0.016 0.014 0.013 0.019 0.022 0.011 0.126 0.179 0.022 0.031 0.182 0.013 0.026 0.034 0.009 0.043 0.159
43 L 0.047 0.023 0.015 0.016 0.015 0.024 0.022 0.021 0.012 0.138 0.287 0.026 0.039 0.05 0.014 0.026 0.035 0.007 0.043 0.14
44 L 0.063 0.023 0.015 0.016 0.049 0.016 0.021 0.025 0.011 0.094 0.322 0.025 0.06 0.071 0.014 0.029 0.033 0.007 0.024 0.083
45 L 0.064 0.036 0.056 0.108 0.013 0.041 0.048 0.039 0.016 0.06 0.127 0.058 0.046 0.027 0.02 0.075 0.066 0.005 0.017 0.075
46 V 0.047 0.021 0.019 0.018 0.022 0.015 0.022 0.071 0.015 0.095 0.107 0.024 0.023 0.115 0.013 0.031 0.047 0.102 0.071 0.121
47 L 0.068 0.031 0.025 0.041 0.072 0.032 0.138 0.031 0.015 0.06 0.198 0.042 0.027 0.031 0.019 0.053 0.036 0.006 0.017 0.059
48 Y 0.04 0.031 0.065 0.028 0.009 0.024 0.033 0.031 0.085 0.037 0.058 0.035 0.017 0.101 0.016 0.036 0.029 0.022 0.265 0.04
49 F 0.036 0.037 0.021 0.022 0.009 0.033 0.046 0.025 0.027 0.045 0.077 0.032 0.019 0.23 0.013 0.029 0.026 0.048 0.181 0.044
50 N 0.055 0.083 0.119 0.062 0.01 0.033 0.053 0.046 0.09 0.026 0.041 0.069 0.014 0.05 0.02 0.101 0.044 0.007 0.047 0.031
51 F 0.036 0.022 0.02 0.018 0.01 0.015 0.022 0.025 0.044 0.055 0.109 0.023 0.023 0.298 0.012 0.029 0.041 0.016 0.132 0.051
52 V 0.055 0.042 0.025 0.025 0.014 0.039 0.036 0.029 0.012 0.154 0.1 0.101 0.025 0.029 0.019 0.041 0.071 0.005 0.018 0.16
53 I 0.05 0.019 0.015 0.017 0.045 0.015 0.02 0.022 0.014 0.207 0.123 0.024 0.029 0.051 0.014 0.027 0.037 0.009 0.08 0.183
54 K 0.056 0.11 0.034 0.036 0.01 0.051 0.068 0.07 0.017 0.039 0.07 0.132 0.017 0.019 0.089 0.06 0.047 0.005 0.016 0.054
55 N 0.066 0.038 0.093 0.064 0.011 0.043 0.061 0.07 0.055 0.042 0.071 0.059 0.017 0.045 0.02 0.051 0.067 0.008 0.062 0.057
56 Y 0.058 0.024 0.018 0.017 0.011 0.018 0.024 0.026 0.031 0.056 0.14 0.027 0.024 0.142 0.014 0.03 0.028 0.019 0.236 0.055
57 F 0.044 0.03 0.061 0.067 0.01 0.024 0.039 0.035 0.089 0.036 0.056 0.036 0.016 0.11 0.108 0.043 0.053 0.011 0.095 0.038
58 Y 0.055 0.027 0.028 0.059 0.013 0.022 0.034 0.031 0.027 0.071 0.075 0.033 0.02 0.071 0.018 0.058 0.061 0.015 0.167 0.114
59 F 0.033 0.02 0.016 0.017 0.009 0.013 0.021 0.027 0.015 0.044 0.078 0.022 0.019 0.231 0.059 0.025 0.024 0.214 0.07 0.041
60 K 0.087 0.067 0.081 0.054 0.012 0.041 0.073 0.044 0.019 0.042 0.075 0.099 0.029 0.024 0.052 0.07 0.042 0.006 0.027 0.058
61 Y 0.042 0.038 0.057 0.03 0.009 0.027 0.044 0.03 0.075 0.056 0.072 0.069 0.018 0.082 0.017 0.038 0.041 0.015 0.188 0.052
62 L 0.145 0.027 0.019 0.021 0.018 0.02 0.028 0.044 0.012 0.086 0.252 0.033 0.036 0.041 0.02 0.048 0.04 0.006 0.02 0.084
63 L 0.117 0.026 0.039 0.026 0.015 0.021 0.045 0.037 0.013 0.123 0.143 0.033 0.049 0.056 0.018 0.043 0.04 0.006 0.022 0.128
64 G 0.157 0.034 0.054 0.038 0.013 0.027 0.055 0.217 0.039 0.027 0.039 0.058 0.013 0.018 0.023 0.086 0.041 0.005 0.016 0.039
65 F 0.042 0.028 0.023 0.036 0.01 0.028 0.105 0.026 0.025 0.089 0.086 0.037 0.021 0.159 0.016 0.034 0.03 0.014 0.126 0.065
66 L 0.064 0.063 0.091 0.039 0.014 0.027 0.037 0.087 0.017 0.056 0.115 0.047 0.022 0.026 0.021 0.09 0.089 0.005 0.017 0.073
67 A 0.1 0.05 0.089 0.041 0.013 0.079 0.054 0.047 0.02 0.063 0.089 0.087 0.021 0.023 0.022 0.058 0.063 0.005 0.018 0.058
68 D 0.057 0.031 0.066 0.221 0.009 0.031 0.098 0.178 0.018 0.021 0.029 0.045 0.01 0.015 0.021 0.069 0.037 0.004 0.012 0.026
69 F 0.056 0.025 0.047 0.028 0.013 0.019 0.028 0.065 0.017 0.095 0.103 0.031 0.022 0.152 0.017 0.091 0.057 0.009 0.057 0.067
70 V 0.055 0.034 0.076 0.087 0.012 0.026 0.052 0.039 0.04 0.066 0.084 0.056 0.019 0.049 0.051 0.073 0.058 0.005 0.022 0.095
71 F 0.042 0.022 0.02 0.019 0.01 0.016 0.023 0.061 0.023 0.051 0.111 0.025 0.022 0.22 0.013 0.043 0.029 0.051 0.151 0.048
72 D 0.068 0.063 0.047 0.185 0.009 0.04 0.149 0.059 0.019 0.025 0.036 0.074 0.012 0.016 0.023 0.071 0.055 0.005 0.014 0.032
73 F 0.039 0.019 0.017 0.017 0.045 0.012 0.02 0.042 0.016 0.061 0.125 0.021 0.024 0.289 0.046 0.027 0.027 0.013 0.081 0.061
74 S 0.079 0.033 0.072 0.102 0.014 0.028 0.049 0.073 0.017 0.048 0.065 0.045 0.016 0.021 0.024 0.188 0.06 0.005 0.015 0.045
75 L 0.075 0.024 0.023 0.023 0.013 0.018 0.027 0.064 0.013 0.073 0.107 0.031 0.032 0.102 0.092 0.055 0.065 0.069 0.033 0.061
76 L 0.07 0.025 0.023 0.025 0.013 0.02 0.044 0.09 0.016 0.072 0.163 0.031 0.026 0.09 0.017 0.051 0.051 0.009 0.066 0.096
77 R 0.062 0.205 0.038 0.034 0.01 0.042 0.052 0.038 0.019 0.028 0.045 0.173 0.015 0.017 0.023 0.066 0.077 0.005 0.016 0.036
78 F 0.061 0.02 0.018 0.018 0.028 0.014 0.022 0.028 0.016 0.113 0.103 0.024 0.024 0.219 0.014 0.043 0.033 0.012 0.087 0.1
79 L 0.047 0.019 0.016 0.016 0.074 0.014 0.019 0.053 0.01 0.129 0.193 0.022 0.036 0.119 0.013 0.028 0.033 0.008 0.031 0.12
80 L 0.056 0.019 0.017 0.018 0.044 0.014 0.019 0.055 0.01 0.166 0.179 0.023 0.031 0.107 0.014 0.035 0.035 0.007 0.029 0.121
81 G 0.126 0.027 0.033 0.031 0.015 0.022 0.033 0.197 0.013 0.066 0.059 0.037 0.017 0.022 0.022 0.116 0.049 0.005 0.015 0.096
82 L 0.059 0.036 0.03 0.028 0.029 0.024 0.034 0.036 0.016 0.058 0.119 0.068 0.023 0.104 0.02 0.087 0.103 0.008 0.049 0.071
83 L 0.079 0.023 0.018 0.02 0.031 0.017 0.023 0.044 0.01 0.127 0.211 0.028 0.031 0.036 0.047 0.043 0.054 0.005 0.018 0.137
84 L 0.044 0.02 0.014 0.016 0.015 0.015 0.018 0.02 0.009 0.224 0.242 0.024 0.054 0.044 0.014 0.024 0.035 0.006 0.02 0.142
85 L 0.044 0.02 0.015 0.016 0.014 0.013 0.019 0.022 0.013 0.138 0.19 0.022 0.032 0.161 0.013 0.025 0.033 0.01 0.059 0.143
86 L 0.091 0.023 0.019 0.02 0.015 0.017 0.024 0.032 0.012 0.095 0.229 0.027 0.038 0.12 0.016 0.054 0.037 0.008 0.032 0.091
87 L 0.1 0.023 0.019 0.02 0.015 0.017 0.024 0.063 0.012 0.136 0.182 0.028 0.046 0.083 0.017 0.05 0.037 0.007 0.026 0.093
88 N 0.052 0.031 0.138 0.054 0.012 0.023 0.035 0.072 0.018 0.053 0.121 0.037 0.027 0.074 0.018 0.075 0.065 0.006 0.024 0.064
89 L 0.07 0.024 0.041 0.022 0.082 0.018 0.024 0.031 0.011 0.114 0.225 0.028 0.044 0.037 0.016 0.049 0.039 0.006 0.018 0.1
90 L 0.074 0.046 0.024 0.023 0.013 0.02 0.028 0.062 0.04 0.086 0.116 0.034 0.023 0.092 0.016 0.051 0.05 0.041 0.081 0.079
91 L 0.056 0.044 0.024 0.023 0.014 0.018 0.026 0.09 0.012 0.102 0.137 0.032 0.025 0.113 0.016 0.062 0.054 0.008 0.031 0.113
92 L 0.044 0.022 0.015 0.016 0.015 0.016 0.02 0.022 0.01 0.141 0.303 0.025 0.05 0.068 0.014 0.028 0.049 0.007 0.024 0.112
93 L 0.051 0.026 0.033 0.023 0.013 0.018 0.026 0.06 0.015 0.083 0.171 0.037 0.027 0.145 0.016 0.061 0.052 0.009 0.056 0.08
94 L 0.054 0.049 0.024 0.025 0.014 0.027 0.037 0.03 0.014 0.092 0.14 0.112 0.028 0.092 0.019 0.036 0.039 0.007 0.031 0.129
95 F 0.073 0.069 0.045 0.027 0.012 0.025 0.035 0.036 0.02 0.052 0.118 0.081 0.022 0.132 0.018 0.059 0.036 0.01 0.074 0.057
96 L 0.046 0.035 0.021 0.022 0.013 0.022 0.029 0.025 0.034 0.169 0.189 0.079 0.031 0.036 0.046 0.03 0.035 0.006 0.021 0.113
97 K 0.055 0.102 0.078 0.077 0.009 0.038 0.056 0.058 0.019 0.024 0.037 0.17 0.013 0.015 0.083 0.076 0.041 0.004 0.015 0.029
98 V 0.065 0.043 0.025 0.027 0.014 0.025 0.049 0.061 0.014 0.107 0.128 0.061 0.036 0.035 0.018 0.054 0.063 0.007 0.038 0.13
99 S 0.077 0.062 0.065 0.07 0.012 0.037 0.072 0.052 0.019 0.026 0.038 0.119 0.014 0.017 0.026 0.172 0.065 0.005 0.016 0.035
100 D 0.05 0.089 0.092 0.149 0.008 0.034 0.058 0.073 0.019 0.023 0.033 0.119 0.011 0.015 0.081 0.063 0.038 0.004 0.013 0.027
101 F 0.038 0.02 0.017 0.017 0.011 0.013 0.019 0.054 0.014 0.082 0.15 0.021 0.049 0.294 0.011 0.026 0.027 0.012 0.06 0.064
102 L 0.083 0.023 0.039 0.023 0.015 0.017 0.024 0.047 0.012 0.16 0.207 0.029 0.032 0.049 0.017 0.055 0.039 0.006 0.02 0.101
103 Y 0.036 0.049 0.021 0.019 0.009 0.02 0.027 0.025 0.031 0.045 0.076 0.048 0.019 0.218 0.014 0.029 0.026 0.02 0.226 0.044
104 A 0.161 0.029 0.03 0.03 0.017 0.023 0.035 0.081 0.013 0.083 0.075 0.039 0.031 0.025 0.023 0.111 0.081 0.005 0.017 0.092
105 V 0.067 0.023 0.017 0.019 0.015 0.03 0.025 0.026 0.011 0.177 0.143 0.028 0.041 0.082 0.015 0.031 0.038 0.007 0.027 0.179
106 L 0.1 0.029 0.026 0.026 0.016 0.035 0.033 0.038 0.013 0.098 0.214 0.036 0.03 0.035 0.02 0.089 0.06 0.006 0.019 0.079
107 A 0.126 0.029 0.045 0.029 0.016 0.023 0.033 0.044 0.016 0.081 0.125 0.037 0.056 0.035 0.02 0.098 0.048 0.007 0.038 0.096
108 L 0.042 0.022 0.015 0.016 0.014 0.015 0.019 0.021 0.01 0.128 0.325 0.024 0.045 0.09 0.014 0.026 0.046 0.007 0.027 0.093
109 I 0.044 0.018 0.015 0.016 0.014 0.012 0.018 0.021 0.011 0.187 0.146 0.021 0.03 0.171 0.013 0.025 0.034 0.009 0.04 0.158
110 L 0.09 0.023 0.036 0.02 0.014 0.016 0.023 0.032 0.013 0.092 0.22 0.026 0.031 0.149 0.015 0.035 0.033 0.009 0.036 0.088
111 L 0.054 0.02 0.015 0.016 0.015 0.014 0.019 0.023 0.01 0.161 0.212 0.023 0.045 0.107 0.014 0.027 0.035 0.007 0.03 0.153
112 L 0.039 0.021 0.016 0.016 0.013 0.014 0.02 0.023 0.013 0.093 0.232 0.023 0.054 0.211 0.012 0.027 0.043 0.01 0.046 0.075
113 F 0.037 0.019 0.015 0.015 0.012 0.013 0.018 0.022 0.013 0.116 0.192 0.021 0.041 0.243 0.012 0.024 0.028 0.011 0.06 0.086
114 V 0.073 0.023 0.022 0.021 0.07 0.018 0.025 0.03 0.012 0.101 0.124 0.029 0.025 0.056 0.018 0.046 0.109 0.007 0.039 0.153
115 I 0.046 0.02 0.015 0.016 0.014 0.015 0.019 0.022 0.012 0.18 0.165 0.023 0.052 0.107 0.013 0.026 0.035 0.008 0.048 0.163
116 P 0.052 0.024 0.021 0.028 0.009 0.019 0.033 0.033 0.012 0.024 0.033 0.038 0.009 0.012 0.535 0.04 0.033 0.002 0.012 0.028
117 S 0.15 0.034 0.076 0.042 0.016 0.028 0.044 0.061 0.017 0.045 0.047 0.046 0.015 0.02 0.026 0.198 0.063 0.005 0.016 0.049
118 L 0.098 0.022 0.019 0.019 0.015 0.016 0.022 0.112 0.01 0.124 0.213 0.027 0.031 0.036 0.016 0.036 0.036 0.006 0.018 0.124
119 I 0.054 0.02 0.016 0.017 0.016 0.015 0.02 0.023 0.009 0.213 0.178 0.024 0.033 0.038 0.015 0.039 0.041 0.005 0.019 0.206
120 L 0.098 0.025 0.02 0.02 0.016 0.019 0.026 0.033 0.012 0.109 0.227 0.03 0.063 0.06 0.017 0.061 0.04 0.006 0.023 0.097
121 F 0.05 0.021 0.018 0.017 0.01 0.015 0.022 0.025 0.027 0.049 0.084 0.023 0.02 0.283 0.012 0.028 0.025 0.019 0.204 0.048
122 Q 0.102 0.042 0.034 0.037 0.013 0.115 0.071 0.042 0.018 0.066 0.06 0.055 0.019 0.02 0.048 0.07 0.102 0.005 0.017 0.064
123 S 0.06 0.031 0.102 0.04 0.012 0.024 0.036 0.045 0.039 0.057 0.062 0.038 0.017 0.12 0.019 0.128 0.061 0.008 0.05 0.048
124 G 0.086 0.031 0.049 0.032 0.013 0.024 0.04 0.194 0.034 0.062 0.083 0.051 0.038 0.024 0.019 0.08 0.04 0.005 0.017 0.076
125 N 0.071 0.06 0.152 0.105 0.01 0.033 0.074 0.09 0.021 0.023 0.033 0.08 0.012 0.016 0.022 0.102 0.046 0.004 0.014 0.03
126 L 0.11 0.028 0.062 0.074 0.039 0.024 0.051 0.093 0.015 0.065 0.113 0.037 0.061 0.027 0.019 0.05 0.051 0.005 0.016 0.06
127 Y 0.055 0.029 0.028 0.046 0.013 0.046 0.037 0.031 0.021 0.099 0.094 0.037 0.022 0.05 0.044 0.073 0.054 0.01 0.107 0.104
128 P 0.067 0.025 0.044 0.07 0.012 0.02 0.035 0.061 0.013 0.074 0.109 0.035 0.019 0.023 0.213 0.058 0.038 0.004 0.015 0.067
129 L 0.087 0.027 0.027 0.027 0.015 0.021 0.031 0.083 0.013 0.084 0.123 0.036 0.039 0.028 0.111 0.074 0.065 0.005 0.017 0.088
130 G 0.064 0.094 0.059 0.06 0.009 0.038 0.081 0.115 0.019 0.028 0.047 0.088 0.014 0.081 0.019 0.057 0.034 0.033 0.027 0.033
131 L 0.06 0.02 0.016 0.017 0.014 0.015 0.02 0.05 0.011 0.173 0.19 0.024 0.03 0.063 0.04 0.028 0.033 0.034 0.041 0.119
132 L 0.056 0.021 0.016 0.017 0.038 0.014 0.021 0.026 0.012 0.07 0.213 0.024 0.034 0.178 0.091 0.029 0.029 0.009 0.04 0.063
133 L 0.045 0.02 0.016 0.017 0.014 0.014 0.019 0.035 0.01 0.185 0.217 0.023 0.034 0.081 0.014 0.027 0.048 0.02 0.026 0.138
134 Y 0.069 0.027 0.027 0.025 0.011 0.021 0.03 0.061 0.029 0.039 0.062 0.032 0.017 0.14 0.017 0.096 0.039 0.017 0.199 0.043
135 H 0.055 0.038 0.076 0.039 0.011 0.042 0.046 0.041 0.195 0.061 0.052 0.043 0.017 0.025 0.02 0.097 0.048 0.006 0.033 0.056
136 L 0.068 0.039 0.098 0.039 0.012 0.088 0.048 0.04 0.019 0.075 0.118 0.048 0.028 0.026 0.019 0.071 0.057 0.005 0.018 0.084
137 L 0.097 0.024 0.021 0.022 0.016 0.018 0.026 0.053 0.011 0.134 0.205 0.03 0.032 0.037 0.018 0.057 0.06 0.006 0.019 0.113
138 L 0.039 0.021 0.014 0.015 0.013 0.014 0.019 0.021 0.012 0.092 0.314 0.022 0.038 0.15 0.012 0.023 0.029 0.01 0.053 0.088
139 F 0.034 0.02 0.017 0.019 0.01 0.014 0.035 0.023 0.016 0.062 0.136 0.022 0.035 0.352 0.011 0.025 0.025 0.014 0.076 0.054
140 L 0.044 0.02 0.017 0.017 0.013 0.014 0.02 0.049 0.014 0.135 0.185 0.024 0.03 0.118 0.013 0.028 0.045 0.036 0.068 0.11
141 L 0.079 0.025 0.026 0.025 0.041 0.02 0.028 0.061 0.013 0.097 0.133 0.032 0.03 0.055 0.018 0.098 0.059 0.007 0.038 0.114
142 L 0.065 0.022 0.017 0.018 0.016 0.016 0.022 0.026 0.01 0.159 0.245 0.026 0.045 0.04 0.016 0.043 0.052 0.006 0.019 0.138
143 L 0.044 0.021 0.017 0.017 0.013 0.015 0.02 0.048 0.016 0.139 0.193 0.024 0.03 0.094 0.014 0.027 0.039 0.023 0.089 0.118
144 L 0.072 0.044 0.021 0.021 0.04 0.031 0.028 0.056 0.014 0.086 0.206 0.034 0.029 0.069 0.016 0.048 0.049 0.007 0.041 0.088
145 F 0.051 0.024 0.058 0.027 0.013 0.017 0.026 0.058 0.014 0.103 0.139 0.029 0.025 0.154 0.015 0.07 0.045 0.008 0.036 0.088
146 P 0.09 0.033 0.036 0.035 0.013 0.025 0.039 0.124 0.015 0.031 0.065 0.056 0.015 0.019 0.152 0.147 0.051 0.004 0.014 0.038
147 F 0.037 0.021 0.016 0.016 0.012 0.012 0.019 0.024 0.015 0.08 0.202 0.021 0.033 0.278 0.012 0.025 0.028 0.014 0.066 0.068
148 K 0.068 0.11 0.05 0.033 0.011 0.035 0.046 0.064 0.018 0.051 0.095 0.161 0.019 0.026 0.021 0.068 0.039 0.006 0.034 0.046
149 I 0.043 0.037 0.015 0.016 0.014 0.014 0.019 0.021 0.01 0.234 0.162 0.026 0.031 0.08 0.013 0.024 0.034 0.033 0.027 0.147
150 L 0.045 0.024 0.014 0.015 0.016 0.016 0.02 0.021 0.01 0.116 0.374 0.025 0.05 0.055 0.014 0.024 0.033 0.007 0.022 0.096
151 K 0.069 0.119 0.053 0.037 0.01 0.042 0.056 0.041 0.018 0.033 0.045 0.237 0.015 0.016 0.024 0.063 0.053 0.005 0.016 0.048
152 I 0.041 0.019 0.015 0.016 0.013 0.013 0.019 0.022 0.012 0.184 0.132 0.022 0.028 0.116 0.012 0.025 0.039 0.088 0.054 0.131
153 P 0.065 0.06 0.117 0.063 0.01 0.029 0.044 0.056 0.018 0.046 0.045 0.096 0.013 0.017 0.15 0.061 0.04 0.004 0.014 0.051
154 F 0.042 0.037 0.021 0.021 0.012 0.037 0.028 0.025 0.014 0.129 0.147 0.046 0.038 0.166 0.015 0.033 0.059 0.009 0.039 0.083
155 S 0.07 0.05 0.085 0.061 0.011 0.026 0.056 0.044 0.038 0.03 0.047 0.044 0.014 0.082 0.097 0.1 0.049 0.033 0.029 0.035
156 R 0.048 0.199 0.062 0.036 0.008 0.04 0.05 0.058 0.02 0.026 0.043 0.152 0.014 0.033 0.063 0.048 0.046 0.005 0.018 0.031
157 I 0.076 0.024 0.027 0.026 0.015 0.019 0.028 0.061 0.012 0.143 0.103 0.031 0.024 0.07 0.019 0.09 0.085 0.006 0.024 0.119
158 P 0.065 0.039 0.042 0.031 0.01 0.025 0.038 0.036 0.014 0.056 0.047 0.097 0.013 0.016 0.331 0.043 0.035 0.003 0.014 0.043
159 V 0.06 0.058 0.029 0.028 0.014 0.057 0.042 0.032 0.014 0.082 0.078 0.08 0.022 0.024 0.02 0.052 0.122 0.005 0.018 0.162
160 L 0.05 0.021 0.015 0.016 0.016 0.015 0.02 0.021 0.009 0.156 0.263 0.024 0.042 0.042 0.014 0.028 0.05 0.006 0.019 0.173
161 N 0.056 0.065 0.155 0.049 0.009 0.031 0.045 0.125 0.02 0.022 0.033 0.106 0.011 0.015 0.086 0.082 0.042 0.004 0.014 0.028
162 K 0.052 0.051 0.033 0.059 0.01 0.047 0.093 0.06 0.017 0.069 0.094 0.132 0.019 0.043 0.034 0.056 0.05 0.006 0.019 0.059
163 R 0.047 0.185 0.089 0.059 0.008 0.038 0.05 0.065 0.041 0.024 0.039 0.127 0.013 0.022 0.02 0.059 0.043 0.006 0.035 0.029
164 Q 0.05 0.053 0.037 0.057 0.009 0.167 0.07 0.036 0.043 0.032 0.066 0.076 0.019 0.045 0.02 0.058 0.05 0.033 0.043 0.037
165 A 0.123 0.081 0.037 0.035 0.013 0.069 0.051 0.074 0.037 0.033 0.063 0.085 0.017 0.019 0.023 0.114 0.06 0.005 0.018 0.043
166 L 0.066 0.072 0.025 0.024 0.013 0.025 0.033 0.057 0.013 0.08 0.174 0.083 0.026 0.05 0.044 0.05 0.05 0.006 0.02 0.088
167 L 0.043 0.036 0.039 0.026 0.01 0.035 0.034 0.029 0.019 0.074 0.126 0.078 0.022 0.072 0.12 0.034 0.032 0.035 0.078 0.056
168 L 0.052 0.022 0.017 0.018 0.015 0.016 0.022 0.024 0.01 0.126 0.223 0.025 0.038 0.079 0.015 0.042 0.052 0.007 0.025 0.171
169 L 0.04 0.022 0.014 0.014 0.014 0.015 0.019 0.02 0.012 0.097 0.366 0.023 0.051 0.092 0.013 0.023 0.03 0.008 0.044 0.082
170 L 0.043 0.022 0.016 0.018 0.013 0.015 0.021 0.024 0.011 0.106 0.265 0.025 0.044 0.121 0.066 0.038 0.032 0.008 0.031 0.079
171 L 0.093 0.024 0.022 0.022 0.015 0.018 0.025 0.072 0.012 0.119 0.181 0.03 0.028 0.038 0.018 0.062 0.054 0.006 0.036 0.125
172 L 0.049 0.022 0.017 0.018 0.015 0.016 0.021 0.023 0.009 0.161 0.258 0.026 0.036 0.041 0.015 0.033 0.076 0.006 0.019 0.139
173 A 0.124 0.026 0.028 0.027 0.068 0.021 0.031 0.042 0.012 0.101 0.078 0.035 0.021 0.025 0.022 0.091 0.114 0.005 0.016 0.114
174 L 0.09 0.026 0.024 0.023 0.016 0.019 0.028 0.035 0.011 0.098 0.218 0.032 0.031 0.035 0.019 0.087 0.065 0.006 0.018 0.12
175 I 0.077 0.02 0.015 0.017 0.016 0.014 0.02 0.025 0.009 0.198 0.195 0.024 0.033 0.059 0.015 0.03 0.037 0.006 0.022 0.168
176 G 0.093 0.022 0.029 0.027 0.038 0.018 0.024 0.321 0.012 0.065 0.092 0.031 0.027 0.023 0.018 0.056 0.033 0.005 0.013 0.052
177 L 0.058 0.02 0.015 0.016 0.015 0.015 0.019 0.023 0.01 0.202 0.241 0.024 0.046 0.062 0.014 0.028 0.041 0.006 0.022 0.123
178 I 0.046 0.018 0.014 0.016 0.015 0.014 0.018 0.02 0.008 0.25 0.203 0.023 0.04 0.041 0.014 0.024 0.037 0.006 0.019 0.175
179 P 0.052 0.024 0.021 0.028 0.009 0.019 0.033 0.033 0.012 0.024 0.033 0.038 0.009 0.012 0.537 0.04 0.033 0.002 0.012 0.028
180 F 0.033 0.02 0.017 0.016 0.009 0.013 0.02 0.023 0.024 0.052 0.092 0.021 0.021 0.344 0.011 0.025 0.024 0.018 0.17 0.048
181 L 0.047 0.02 0.014 0.016 0.015 0.015 0.02 0.021 0.009 0.167 0.234 0.024 0.045 0.061 0.04 0.026 0.036 0.006 0.022 0.162
182 L 0.057 0.02 0.014 0.016 0.015 0.014 0.019 0.022 0.01 0.195 0.204 0.024 0.034 0.044 0.014 0.027 0.037 0.007 0.037 0.19
183 L 0.09 0.026 0.024 0.026 0.016 0.021 0.044 0.034 0.011 0.107 0.17 0.033 0.028 0.032 0.019 0.077 0.071 0.005 0.018 0.145
184 Y 0.036 0.025 0.019 0.017 0.009 0.019 0.025 0.023 0.04 0.042 0.067 0.027 0.018 0.152 0.014 0.028 0.025 0.025 0.347 0.043
185 G 0.097 0.05 0.035 0.032 0.011 0.024 0.032 0.351 0.014 0.026 0.052 0.068 0.013 0.017 0.02 0.073 0.035 0.005 0.013 0.032
186 P 0.047 0.022 0.02 0.023 0.011 0.016 0.027 0.029 0.012 0.057 0.073 0.031 0.016 0.124 0.301 0.036 0.045 0.02 0.032 0.059
187 Y 0.041 0.033 0.08 0.096 0.008 0.027 0.044 0.036 0.137 0.029 0.044 0.038 0.014 0.06 0.017 0.051 0.031 0.013 0.169 0.031
188 I 0.041 0.018 0.014 0.016 0.014 0.012 0.017 0.02 0.01 0.228 0.187 0.021 0.033 0.102 0.013 0.023 0.033 0.034 0.031 0.134
189 N 0.042 0.038 0.297 0.149 0.008 0.03 0.053 0.056 0.026 0.021 0.029 0.048 0.01 0.016 0.019 0.072 0.044 0.004 0.014 0.025
190 L 0.056 0.021 0.016 0.017 0.013 0.014 0.021 0.051 0.012 0.087 0.24 0.024 0.031 0.159 0.065 0.028 0.029 0.009 0.037 0.07
191 K 0.054 0.092 0.074 0.065 0.009 0.068 0.079 0.043 0.021 0.024 0.038 0.217 0.014 0.015 0.024 0.074 0.041 0.005 0.016 0.03
192 N 0.045 0.035 0.251 0.056 0.011 0.026 0.038 0.048 0.022 0.051 0.118 0.041 0.019 0.025 0.017 0.063 0.044 0.005 0.016 0.069
193 L 0.037 0.021 0.014 0.014 0.013 0.013 0.018 0.021 0.011 0.09 0.324 0.021 0.038 0.177 0.012 0.023 0.028 0.009 0.04 0.076
194 L 0.053 0.024 0.021 0.021 0.014 0.018 0.024 0.054 0.011 0.101 0.285 0.028 0.035 0.041 0.016 0.067 0.051 0.032 0.021 0.085
195 L 0.043 0.023 0.016 0.016 0.014 0.016 0.021 0.023 0.011 0.095 0.353 0.025 0.06 0.087 0.014 0.037 0.033 0.007 0.026 0.081
196 G 0.071 0.023 0.042 0.088 0.01 0.02 0.034 0.458 0.014 0.019 0.027 0.034 0.009 0.015 0.019 0.05 0.03 0.005 0.01 0.023
197 L 0.045 0.024 0.014 0.015 0.016 0.016 0.02 0.021 0.01 0.115 0.375 0.025 0.05 0.055 0.014 0.024 0.033 0.007 0.022 0.096
198 L 0.057 0.052 0.029 0.039 0.013 0.031 0.105 0.033 0.015 0.117 0.133 0.059 0.034 0.029 0.02 0.086 0.049 0.005 0.017 0.076
199 D 0.044 0.036 0.094 0.282 0.008 0.033 0.116 0.043 0.019 0.025 0.049 0.061 0.012 0.016 0.021 0.061 0.036 0.004 0.013 0.028
200 V 0.055 0.022 0.02 0.02 0.016 0.017 0.023 0.024 0.029 0.186 0.133 0.027 0.029 0.034 0.016 0.036 0.081 0.005 0.02 0.209
201 Y 0.037 0.026 0.02 0.017 0.008 0.02 0.026 0.023 0.043 0.04 0.063 0.028 0.017 0.119 0.014 0.028 0.026 0.026 0.377 0.043
202 E 0.072 0.044 0.039 0.13 0.009 0.051 0.216 0.037 0.02 0.035 0.043 0.085 0.014 0.017 0.023 0.05 0.036 0.005 0.015 0.061
203 T 0.094 0.048 0.033 0.03 0.016 0.024 0.034 0.04 0.012 0.075 0.071 0.042 0.02 0.024 0.023 0.081 0.206 0.005 0.017 0.106
204 R 0.041 0.402 0.035 0.028 0.007 0.044 0.048 0.03 0.021 0.021 0.042 0.11 0.014 0.016 0.018 0.041 0.032 0.005 0.016 0.028
205 A 0.164 0.071 0.031 0.056 0.014 0.03 0.079 0.048 0.016 0.039 0.072 0.063 0.017 0.062 0.023 0.071 0.067 0.006 0.022 0.05
206 L 0.109 0.031 0.043 0.044 0.014 0.025 0.071 0.064 0.014 0.107 0.143 0.052 0.024 0.029 0.02 0.048 0.064 0.005 0.017 0.077
207 L 0.13 0.028 0.021 0.022 0.016 0.034 0.031 0.038 0.012 0.1 0.143 0.034 0.077 0.033 0.019 0.055 0.042 0.006 0.019 0.14
208 S 0.103 0.128 0.04 0.055 0.013 0.032 0.046 0.073 0.037 0.033 0.045 0.075 0.015 0.019 0.023 0.128 0.062 0.005 0.017 0.052
209 E 0.103 0.047 0.088 0.064 0.012 0.074 0.143 0.052 0.024 0.027 0.041 0.065 0.015 0.018 0.025 0.092 0.048 0.005 0.017 0.039
210 A 0.136 0.045 0.093 0.063 0.012 0.031 0.061 0.09 0.018 0.031 0.059 0.102 0.014 0.018 0.049 0.075 0.042 0.005 0.015 0.04
211 L 0.078 0.063 0.022 0.022 0.014 0.023 0.031 0.056 0.012 0.136 0.174 0.087 0.028 0.032 0.017 0.036 0.036 0.005 0.018 0.11
212 G 0.064 0.054 0.108 0.065 0.011 0.028 0.049 0.175 0.018 0.027 0.037 0.061 0.012 0.017 0.022 0.1 0.097 0.005 0.014 0.035
213 N 0.042 0.04 0.334 0.071 0.009 0.03 0.044 0.057 0.027 0.024 0.033 0.048 0.011 0.017 0.019 0.066 0.078 0.004 0.015 0.03
214 P 0.058 0.023 0.021 0.023 0.013 0.018 0.027 0.029 0.011 0.102 0.138 0.031 0.024 0.059 0.173 0.042 0.089 0.005 0.021 0.091
215 Y 0.036 0.023 0.018 0.016 0.01 0.017 0.022 0.022 0.031 0.054 0.128 0.025 0.023 0.189 0.013 0.026 0.026 0.02 0.25 0.051
216 T 0.055 0.026 0.03 0.027 0.015 0.02 0.029 0.033 0.013 0.085 0.083 0.033 0.021 0.129 0.02 0.06 0.199 0.008 0.033 0.084
217 G 0.166 0.027 0.068 0.056 0.014 0.022 0.035 0.259 0.015 0.028 0.038 0.038 0.012 0.017 0.022 0.073 0.052 0.005 0.013 0.04
218 Y 0.037 0.026 0.02 0.017 0.008 0.02 0.026 0.023 0.043 0.04 0.063 0.028 0.017 0.119 0.014 0.028 0.026 0.026 0.377 0.043
219 T 0.077 0.029 0.031 0.028 0.016 0.023 0.032 0.037 0.012 0.067 0.159 0.036 0.036 0.03 0.021 0.084 0.177 0.006 0.018 0.082
220 Y 0.04 0.025 0.02 0.018 0.01 0.019 0.024 0.049 0.032 0.052 0.107 0.028 0.046 0.132 0.014 0.029 0.027 0.02 0.258 0.051
221 S 0.09 0.033 0.062 0.043 0.014 0.027 0.042 0.184 0.017 0.024 0.035 0.045 0.013 0.018 0.024 0.216 0.061 0.005 0.014 0.034
222 P 0.059 0.022 0.017 0.02 0.011 0.016 0.025 0.03 0.012 0.055 0.127 0.028 0.02 0.035 0.196 0.032 0.031 0.164 0.03 0.072
223 L 0.036 0.021 0.015 0.015 0.012 0.013 0.019 0.021 0.015 0.08 0.263 0.021 0.034 0.213 0.012 0.023 0.027 0.012 0.08 0.068
224 T 0.079 0.051 0.069 0.037 0.04 0.038 0.039 0.044 0.016 0.044 0.058 0.045 0.017 0.062 0.022 0.108 0.141 0.006 0.022 0.063
225 K 0.05 0.12 0.054 0.038 0.008 0.058 0.062 0.039 0.02 0.028 0.046 0.275 0.025 0.016 0.023 0.048 0.036 0.005 0.016 0.032
226 I 0.051 0.019 0.014 0.016 0.016 0.014 0.019 0.021 0.009 0.223 0.152 0.023 0.042 0.058 0.014 0.026 0.039 0.006 0.022 0.217
227 L 0.046 0.02 0.014 0.015 0.015 0.014 0.019 0.02 0.009 0.187 0.257 0.023 0.047 0.053 0.014 0.025 0.035 0.006 0.021 0.16
228 L 0.042 0.02 0.013 0.015 0.015 0.014 0.018 0.019 0.009 0.197 0.319 0.022 0.041 0.046 0.013 0.022 0.033 0.006 0.02 0.117
229 P 0.052 0.024 0.021 0.028 0.009 0.019 0.033 0.033 0.012 0.024 0.033 0.038 0.009 0.012 0.537 0.04 0.033 0.002 0.012 0.028
230 L 0.078 0.023 0.017 0.018 0.015 0.018 0.023 0.028 0.011 0.152 0.238 0.028 0.075 0.041 0.016 0.044 0.038 0.006 0.02 0.113
231 L 0.071 0.021 0.014 0.016 0.015 0.014 0.02 0.025 0.01 0.151 0.291 0.024 0.037 0.084 0.014 0.028 0.033 0.007 0.026 0.1
232 L 0.057 0.019 0.014 0.016 0.015 0.014 0.018 0.022 0.009 0.217 0.273 0.023 0.038 0.044 0.014 0.025 0.034 0.006 0.019 0.123
233 V 0.054 0.019 0.014 0.016 0.016 0.014 0.019 0.021 0.008 0.21 0.162 0.023 0.032 0.037 0.014 0.027 0.041 0.005 0.019 0.248
234 F 0.035 0.021 0.018 0.017 0.01 0.014 0.021 0.024 0.023 0.055 0.119 0.023 0.023 0.265 0.012 0.028 0.039 0.043 0.16 0.051
235 G 0.117 0.026 0.036 0.032 0.013 0.021 0.031 0.33 0.014 0.026 0.038 0.036 0.012 0.038 0.021 0.1 0.053 0.005 0.016 0.035
236 L 0.044 0.02 0.014 0.015 0.015 0.015 0.019 0.02 0.009 0.175 0.281 0.023 0.053 0.064 0.013 0.024 0.034 0.007 0.023 0.132
237 E 0.062 0.038 0.028 0.038 0.023 0.032 0.113 0.032 0.042 0.055 0.095 0.07 0.019 0.084 0.019 0.052 0.04 0.01 0.097 0.05
238 L 0.046 0.069 0.036 0.041 0.011 0.027 0.065 0.03 0.039 0.052 0.151 0.056 0.024 0.12 0.017 0.058 0.034 0.01 0.068 0.05
239 L 0.039 0.021 0.015 0.016 0.013 0.013 0.019 0.023 0.013 0.089 0.247 0.022 0.037 0.223 0.012 0.025 0.029 0.012 0.055 0.075
240 R 0.047 0.289 0.039 0.033 0.008 0.049 0.057 0.035 0.022 0.024 0.045 0.16 0.015 0.017 0.021 0.046 0.036 0.006 0.017 0.031
241 K 0.05 0.178 0.037 0.035 0.008 0.046 0.058 0.063 0.019 0.024 0.04 0.262 0.014 0.015 0.023 0.047 0.035 0.005 0.016 0.029
242 K 0.051 0.068 0.132 0.061 0.009 0.053 0.073 0.045 0.023 0.024 0.037 0.189 0.013 0.02 0.023 0.07 0.041 0.006 0.033 0.03
243 K 0.042 0.113 0.027 0.026 0.008 0.031 0.04 0.057 0.02 0.033 0.069 0.141 0.017 0.078 0.017 0.036 0.029 0.114 0.068 0.035
244 L 0.056 0.026 0.017 0.018 0.012 0.017 0.024 0.027 0.015 0.083 0.19 0.04 0.028 0.09 0.014 0.03 0.044 0.115 0.07 0.084
245 L 0.062 0.024 0.037 0.022 0.014 0.018 0.024 0.055 0.012 0.103 0.176 0.028 0.058 0.078 0.015 0.037 0.061 0.047 0.028 0.101
246 V 0.107 0.026 0.025 0.024 0.017 0.02 0.029 0.037 0.011 0.101 0.136 0.033 0.026 0.03 0.02 0.074 0.106 0.005 0.018 0.157
247 L 0.106 0.021 0.017 0.018 0.015 0.015 0.022 0.057 0.01 0.155 0.196 0.026 0.031 0.077 0.016 0.035 0.035 0.007 0.024 0.116
248 L 0.09 0.02 0.015 0.017 0.015 0.014 0.021 0.028 0.01 0.161 0.179 0.024 0.031 0.118 0.015 0.032 0.035 0.007 0.031 0.135
249 G 0.147 0.026 0.036 0.033 0.014 0.022 0.032 0.308 0.014 0.026 0.037 0.038 0.012 0.017 0.022 0.105 0.056 0.005 0.013 0.038
250 I 0.087 0.021 0.018 0.019 0.015 0.016 0.023 0.03 0.011 0.15 0.134 0.026 0.048 0.116 0.016 0.046 0.039 0.007 0.031 0.148
251 L 0.061 0.021 0.021 0.021 0.039 0.015 0.022 0.106 0.011 0.11 0.173 0.026 0.027 0.104 0.015 0.056 0.036 0.007 0.028 0.1
252 L 0.082 0.025 0.023 0.022 0.039 0.019 0.027 0.059 0.02 0.071 0.16 0.03 0.035 0.075 0.017 0.072 0.038 0.011 0.11 0.063
253 L 0.045 0.024 0.016 0.016 0.015 0.018 0.021 0.022 0.01 0.113 0.326 0.026 0.085 0.046 0.014 0.028 0.047 0.006 0.02 0.102
254 L 0.045 0.02 0.014 0.015 0.015 0.015 0.019 0.02 0.009 0.195 0.262 0.024 0.058 0.044 0.014 0.024 0.035 0.006 0.02 0.146
255 F 0.036 0.021 0.016 0.015 0.011 0.014 0.02 0.022 0.02 0.07 0.208 0.022 0.029 0.223 0.012 0.024 0.026 0.015 0.134 0.062
256 L 0.039 0.021 0.014 0.015 0.013 0.014 0.019 0.021 0.012 0.113 0.279 0.022 0.056 0.165 0.012 0.024 0.03 0.009 0.039 0.084
257 F 0.034 0.021 0.018 0.016 0.009 0.015 0.021 0.023 0.029 0.049 0.083 0.023 0.02 0.28 0.012 0.026 0.024 0.021 0.229 0.046
258 L 0.057 0.024 0.014 0.015 0.015 0.017 0.02 0.023 0.01 0.1 0.373 0.025 0.072 0.048 0.014 0.027 0.032 0.007 0.02 0.086
259 C 0.067 0.019 0.017 0.017 0.194 0.014 0.02 0.029 0.01 0.073 0.107 0.023 0.032 0.13 0.015 0.036 0.048 0.007 0.032 0.112
260 G 0.063 0.026 0.102 0.039 0.01 0.02 0.028 0.376 0.016 0.039 0.054 0.035 0.012 0.018 0.018 0.06 0.034 0.005 0.012 0.034
261 A 0.233 0.026 0.023 0.028 0.016 0.022 0.035 0.082 0.013 0.033 0.045 0.039 0.013 0.017 0.205 0.063 0.04 0.004 0.014 0.049
262 H 0.04 0.046 0.064 0.038 0.007 0.072 0.055 0.037 0.334 0.021 0.036 0.048 0.015 0.025 0.018 0.042 0.027 0.007 0.045 0.023
263 K 0.052 0.098 0.038 0.038 0.008 0.049 0.065 0.039 0.019 0.025 0.039 0.341 0.014 0.014 0.025 0.049 0.036 0.005 0.016 0.03
264 T 0.144 0.032 0.054 0.036 0.016 0.026 0.039 0.079 0.015 0.04 0.056 0.043 0.026 0.021 0.025 0.128 0.145 0.005 0.016 0.055
265 V 0.059 0.019 0.015 0.016 0.017 0.014 0.02 0.022 0.008 0.185 0.141 0.023 0.031 0.035 0.015 0.028 0.043 0.005 0.019 0.286
266 F 0.034 0.02 0.016 0.016 0.01 0.013 0.019 0.022 0.021 0.072 0.129 0.021 0.024 0.301 0.011 0.024 0.025 0.017 0.146 0.058
267 L 0.074 0.021 0.015 0.016 0.015 0.014 0.02 0.026 0.01 0.12 0.245 0.024 0.034 0.121 0.014 0.029 0.034 0.008 0.032 0.128
268 G 0.085 0.025 0.039 0.034 0.012 0.021 0.03 0.404 0.014 0.022 0.031 0.036 0.011 0.016 0.02 0.104 0.053 0.005 0.012 0.029
269 L 0.063 0.023 0.018 0.018 0.015 0.016 0.022 0.051 0.01 0.135 0.27 0.026 0.045 0.041 0.015 0.034 0.062 0.006 0.019 0.112
270 I 0.085 0.019 0.015 0.017 0.014 0.013 0.02 0.028 0.011 0.184 0.151 0.023 0.029 0.158 0.014 0.031 0.033 0.008 0.037 0.106
271 L 0.103 0.023 0.016 0.018 0.016 0.017 0.023 0.031 0.01 0.127 0.182 0.027 0.061 0.057 0.016 0.036 0.039 0.006 0.022 0.168
272 V 0.057 0.019 0.015 0.016 0.017 0.015 0.02 0.022 0.008 0.198 0.131 0.024 0.04 0.035 0.015 0.028 0.042 0.005 0.019 0.273
273 L 0.042 0.021 0.013 0.015 0.015 0.014 0.018 0.02 0.009 0.139 0.325 0.022 0.04 0.086 0.013 0.023 0.032 0.007 0.026 0.12
274 I 0.101 0.02 0.017 0.019 0.015 0.015 0.022 0.056 0.01 0.165 0.137 0.026 0.033 0.095 0.016 0.035 0.037 0.007 0.027 0.147
275 F 0.034 0.018 0.015 0.015 0.037 0.011 0.018 0.023 0.014 0.065 0.153 0.019 0.031 0.351 0.011 0.024 0.025 0.013 0.067 0.057
276 Y 0.041 0.025 0.021 0.018 0.035 0.019 0.025 0.05 0.037 0.04 0.061 0.028 0.017 0.112 0.015 0.033 0.04 0.022 0.315 0.043
277 R 0.058 0.146 0.028 0.026 0.009 0.031 0.04 0.058 0.017 0.039 0.087 0.134 0.019 0.135 0.018 0.039 0.031 0.008 0.034 0.041
278 F 0.033 0.021 0.018 0.016 0.009 0.014 0.021 0.024 0.04 0.053 0.118 0.022 0.023 0.268 0.011 0.025 0.024 0.081 0.13 0.048
279 D 0.056 0.053 0.048 0.186 0.01 0.034 0.091 0.055 0.017 0.026 0.036 0.099 0.012 0.016 0.049 0.088 0.074 0.004 0.014 0.032
280 D 0.051 0.038 0.1 0.263 0.009 0.06 0.079 0.05 0.021 0.023 0.032 0.052 0.012 0.016 0.023 0.081 0.043 0.004 0.014 0.028
281 Y 0.055 0.028 0.023 0.021 0.009 0.034 0.031 0.028 0.055 0.037 0.058 0.033 0.016 0.102 0.068 0.034 0.028 0.02 0.281 0.041
282 L 0.063 0.061 0.036 0.02 0.013 0.02 0.025 0.027 0.019 0.095 0.225 0.035 0.03 0.075 0.015 0.032 0.032 0.01 0.093 0.073
283 K 0.07 0.123 0.036 0.037 0.01 0.048 0.07 0.039 0.018 0.036 0.064 0.21 0.017 0.018 0.023 0.071 0.04 0.005 0.016 0.05
284 K 0.073 0.082 0.038 0.038 0.01 0.043 0.059 0.043 0.018 0.028 0.042 0.267 0.015 0.016 0.025 0.078 0.068 0.005 0.016 0.036
285 I 0.116 0.026 0.023 0.024 0.017 0.021 0.028 0.037 0.011 0.127 0.122 0.033 0.056 0.031 0.02 0.062 0.096 0.006 0.018 0.127
286 G 0.07 0.064 0.067 0.034 0.01 0.027 0.036 0.168 0.039 0.044 0.049 0.079 0.015 0.06 0.019 0.065 0.049 0.008 0.057 0.04
287 L 0.042 0.058 0.02 0.019 0.011 0.021 0.027 0.025 0.021 0.09 0.131 0.062 0.035 0.117 0.014 0.029 0.031 0.039 0.12 0.089
288 L 0.041 0.019 0.014 0.015 0.014 0.012 0.018 0.021 0.01 0.171 0.203 0.021 0.033 0.162 0.012 0.024 0.032 0.009 0.038 0.131
289 L 0.057 0.021 0.014 0.015 0.015 0.014 0.019 0.022 0.009 0.172 0.32 0.024 0.04 0.045 0.014 0.025 0.033 0.006 0.02 0.115
290 K 0.067 0.051 0.029 0.028 0.011 0.029 0.039 0.112 0.017 0.044 0.116 0.145 0.02 0.082 0.019 0.053 0.034 0.008 0.051 0.044
291 G 0.054 0.02 0.023 0.021 0.012 0.016 0.021 0.208 0.016 0.099 0.078 0.026 0.019 0.082 0.015 0.033 0.031 0.036 0.078 0.111
292 L 0.058 0.024 0.023 0.022 0.015 0.018 0.025 0.043 0.012 0.133 0.185 0.029 0.04 0.076 0.016 0.084 0.043 0.007 0.025 0.122
293 L 0.057 0.024 0.055 0.025 0.066 0.018 0.024 0.03 0.012 0.115 0.223 0.029 0.036 0.036 0.016 0.049 0.065 0.006 0.018 0.096
294 L 0.075 0.022 0.02 0.02 0.015 0.016 0.023 0.094 0.011 0.129 0.186 0.027 0.029 0.075 0.016 0.047 0.05 0.007 0.024 0.116
295 L 0.084 0.022 0.017 0.018 0.015 0.016 0.022 0.029 0.011 0.123 0.221 0.026 0.042 0.109 0.015 0.044 0.036 0.008 0.03 0.111
296 I 0.073 0.021 0.019 0.02 0.054 0.016 0.022 0.028 0.009 0.203 0.163 0.026 0.03 0.035 0.016 0.048 0.066 0.005 0.018 0.127
297 L 0.097 0.021 0.017 0.018 0.042 0.016 0.022 0.056 0.01 0.149 0.17 0.026 0.029 0.048 0.016 0.039 0.039 0.006 0.02 0.161
298 L 0.095 0.023 0.019 0.02 0.015 0.017 0.024 0.057 0.011 0.114 0.225 0.028 0.031 0.067 0.017 0.049 0.051 0.006 0.023 0.108
299 S 0.101 0.028 0.036 0.033 0.066 0.022 0.034 0.151 0.014 0.037 0.05 0.037 0.015 0.061 0.022 0.159 0.052 0.006 0.021 0.054
300 L 0.107 0.03 0.018 0.02 0.015 0.02 0.027 0.032 0.012 0.115 0.218 0.059 0.036 0.04 0.017 0.038 0.037 0.007 0.037 0.114
301 L 0.046 0.021 0.015 0.016 0.027 0.015 0.02 0.022 0.013 0.13 0.218 0.023 0.043 0.099 0.013 0.026 0.034 0.009 0.063 0.148
302 L 0.066 0.023 0.018 0.018 0.041 0.016 0.022 0.028 0.011 0.093 0.274 0.026 0.035 0.08 0.015 0.054 0.037 0.007 0.025 0.113
303 A 0.164 0.037 0.069 0.039 0.016 0.04 0.044 0.057 0.017 0.04 0.05 0.06 0.016 0.02 0.025 0.13 0.093 0.005 0.016 0.063
304 L 0.069 0.029 0.021 0.025 0.015 0.038 0.051 0.028 0.039 0.11 0.225 0.034 0.033 0.038 0.017 0.034 0.037 0.006 0.022 0.128
305 L 0.092 0.027 0.021 0.021 0.014 0.019 0.027 0.033 0.015 0.1 0.131 0.044 0.025 0.121 0.017 0.043 0.075 0.009 0.066 0.099
306 F 0.048 0.026 0.042 0.026 0.012 0.03 0.029 0.032 0.015 0.072 0.107 0.031 0.033 0.213 0.016 0.063 0.076 0.01 0.046 0.072
307 G 0.071 0.034 0.076 0.143 0.009 0.027 0.062 0.274 0.016 0.02 0.029 0.069 0.01 0.015 0.02 0.051 0.032 0.004 0.012 0.026
308 F 0.054 0.03 0.13 0.038 0.009 0.022 0.033 0.04 0.063 0.035 0.057 0.034 0.016 0.143 0.015 0.053 0.034 0.064 0.094 0.036
309 D 0.043 0.025 0.071 0.196 0.011 0.021 0.048 0.034 0.014 0.108 0.107 0.033 0.021 0.047 0.017 0.041 0.049 0.005 0.018 0.091
310 L 0.039 0.025 0.02 0.041 0.011 0.02 0.042 0.024 0.024 0.076 0.161 0.029 0.056 0.128 0.014 0.029 0.029 0.014 0.154 0.063
311 L 0.089 0.023 0.016 0.019 0.014 0.016 0.024 0.03 0.011 0.1 0.25 0.028 0.031 0.056 0.12 0.034 0.033 0.006 0.021 0.078
312 W 0.058 0.032 0.025 0.043 0.009 0.034 0.157 0.032 0.017 0.036 0.053 0.043 0.025 0.034 0.016 0.04 0.044 0.218 0.035 0.05
313 S 0.072 0.028 0.034 0.054 0.015 0.024 0.051 0.066 0.013 0.122 0.079 0.038 0.021 0.026 0.021 0.137 0.066 0.005 0.016 0.112
314 L 0.044 0.022 0.016 0.016 0.014 0.016 0.02 0.021 0.031 0.17 0.265 0.024 0.047 0.047 0.014 0.025 0.033 0.007 0.039 0.129
315 L 0.065 0.027 0.029 0.027 0.016 0.021 0.03 0.035 0.012 0.088 0.131 0.034 0.025 0.07 0.02 0.101 0.12 0.006 0.024 0.119
316 F 0.047 0.02 0.016 0.017 0.014 0.014 0.02 0.023 0.013 0.121 0.143 0.022 0.028 0.182 0.013 0.029 0.047 0.01 0.059 0.164
317 R 0.042 0.365 0.053 0.031 0.008 0.043 0.047 0.032 0.021 0.023 0.043 0.103 0.014 0.016 0.018 0.044 0.047 0.005 0.016 0.03
318 R 0.041 0.402 0.035 0.028 0.007 0.044 0.048 0.03 0.021 0.021 0.042 0.11 0.014 0.016 0.018 0.041 0.032 0.005 0.016 0.028
319 V 0.055 0.023 0.019 0.02 0.015 0.017 0.024 0.025 0.012 0.127 0.143 0.028 0.048 0.058 0.042 0.037 0.079 0.007 0.04 0.182
320 F 0.036 0.025 0.023 0.02 0.011 0.018 0.026 0.025 0.113 0.062 0.172 0.026 0.037 0.22 0.013 0.027 0.026 0.011 0.056 0.054
