#Seq2Logo.py -f /work3/idamei/ssn-clusterings/clustering/2205161002/clusters/0013_168/sequences.afa -o /work3/idamei/ssn-clusterings/clustering/2205161002/clusters/0013_168/sequences.logo
#Position Specific Frequency Matrix
A R N D C Q E G H I L K M F P S T W Y V
0 L 0.051 0.031 0.02 0.02 0.016 0.027 0.027 0.027 0.016 0.098 0.192 0.035 0.181 0.047 0.016 0.035 0.039 0.008 0.024 0.09
1 S 0.11 0.04 0.054 0.049 0.018 0.033 0.052 0.066 0.019 0.03 0.042 0.054 0.016 0.021 0.03 0.22 0.082 0.005 0.018 0.042
2 N 0.043 0.045 0.317 0.083 0.009 0.034 0.049 0.065 0.032 0.022 0.032 0.054 0.011 0.018 0.02 0.07 0.049 0.004 0.016 0.027
3 L 0.052 0.032 0.02 0.02 0.016 0.028 0.028 0.028 0.016 0.1 0.197 0.036 0.161 0.048 0.016 0.036 0.04 0.008 0.024 0.092
4 K 0.062 0.071 0.036 0.035 0.012 0.039 0.053 0.041 0.017 0.051 0.136 0.175 0.024 0.027 0.024 0.078 0.045 0.006 0.018 0.051
5 K 0.061 0.062 0.096 0.046 0.012 0.037 0.051 0.047 0.02 0.078 0.064 0.143 0.019 0.022 0.023 0.087 0.049 0.005 0.017 0.061
6 I 0.089 0.024 0.069 0.03 0.016 0.018 0.026 0.037 0.013 0.203 0.124 0.031 0.029 0.035 0.018 0.041 0.042 0.005 0.019 0.131
7 K 0.095 0.07 0.087 0.053 0.011 0.045 0.1 0.05 0.022 0.029 0.043 0.168 0.014 0.017 0.026 0.062 0.049 0.005 0.017 0.038
8 I 0.058 0.03 0.127 0.044 0.014 0.023 0.034 0.043 0.018 0.135 0.093 0.038 0.023 0.029 0.019 0.076 0.05 0.005 0.018 0.121
9 K 0.076 0.115 0.062 0.044 0.012 0.041 0.057 0.052 0.021 0.027 0.041 0.144 0.015 0.018 0.026 0.135 0.057 0.005 0.017 0.035
10 L 0.087 0.022 0.016 0.018 0.016 0.015 0.022 0.03 0.011 0.151 0.213 0.026 0.035 0.103 0.016 0.034 0.036 0.008 0.031 0.109
11 S 0.08 0.088 0.043 0.037 0.013 0.031 0.043 0.129 0.023 0.028 0.044 0.056 0.015 0.037 0.023 0.14 0.055 0.009 0.069 0.037
12 E 0.05 0.06 0.091 0.063 0.008 0.08 0.15 0.042 0.083 0.023 0.038 0.105 0.014 0.018 0.023 0.054 0.037 0.006 0.023 0.029
13 L 0.041 0.022 0.016 0.016 0.014 0.015 0.02 0.022 0.017 0.122 0.252 0.024 0.037 0.122 0.014 0.025 0.031 0.012 0.084 0.092
14 L 0.044 0.023 0.014 0.015 0.016 0.015 0.019 0.021 0.01 0.142 0.353 0.024 0.046 0.052 0.014 0.024 0.034 0.007 0.021 0.107
15 F 0.038 0.023 0.019 0.017 0.011 0.016 0.023 0.024 0.03 0.09 0.098 0.025 0.023 0.205 0.013 0.028 0.028 0.02 0.199 0.069
16 F 0.061 0.027 0.029 0.027 0.013 0.02 0.031 0.037 0.021 0.085 0.089 0.033 0.022 0.169 0.018 0.097 0.046 0.013 0.094 0.068
17 L 0.104 0.027 0.026 0.026 0.017 0.021 0.03 0.04 0.012 0.124 0.154 0.035 0.029 0.034 0.021 0.074 0.083 0.006 0.019 0.117
18 A 0.241 0.033 0.034 0.035 0.02 0.027 0.043 0.072 0.016 0.038 0.052 0.047 0.016 0.021 0.029 0.135 0.059 0.005 0.017 0.058
19 F 0.035 0.021 0.018 0.017 0.01 0.014 0.021 0.025 0.026 0.055 0.097 0.023 0.023 0.31 0.012 0.027 0.026 0.02 0.169 0.051
20 F 0.094 0.021 0.021 0.021 0.094 0.015 0.023 0.117 0.013 0.079 0.087 0.026 0.021 0.15 0.016 0.042 0.034 0.009 0.039 0.077
21 L 0.045 0.019 0.014 0.016 0.016 0.014 0.018 0.02 0.009 0.23 0.239 0.024 0.04 0.047 0.014 0.024 0.037 0.006 0.021 0.146
22 W 0.035 0.021 0.015 0.016 0.01 0.014 0.021 0.026 0.013 0.116 0.089 0.022 0.022 0.054 0.01 0.023 0.028 0.338 0.051 0.077
23 V 0.067 0.024 0.022 0.022 0.017 0.018 0.026 0.03 0.01 0.152 0.163 0.029 0.032 0.037 0.018 0.064 0.049 0.006 0.02 0.195
24 L 0.057 0.024 0.025 0.024 0.013 0.017 0.026 0.113 0.014 0.068 0.17 0.029 0.028 0.157 0.016 0.065 0.038 0.009 0.041 0.066
25 G 0.112 0.029 0.033 0.031 0.015 0.022 0.034 0.129 0.015 0.049 0.112 0.038 0.022 0.089 0.022 0.11 0.049 0.007 0.028 0.053
26 N 0.045 0.046 0.127 0.043 0.011 0.03 0.04 0.04 0.025 0.054 0.126 0.082 0.047 0.046 0.019 0.046 0.039 0.009 0.071 0.052
27 L 0.04 0.022 0.016 0.016 0.013 0.014 0.02 0.023 0.018 0.113 0.206 0.023 0.033 0.18 0.013 0.025 0.03 0.013 0.095 0.085
28 L 0.045 0.022 0.014 0.016 0.016 0.015 0.019 0.021 0.009 0.167 0.314 0.024 0.044 0.05 0.014 0.024 0.035 0.007 0.021 0.124
29 G 0.152 0.044 0.034 0.031 0.014 0.022 0.031 0.346 0.014 0.027 0.039 0.041 0.012 0.018 0.022 0.061 0.036 0.005 0.013 0.039
30 Y 0.047 0.048 0.032 0.034 0.009 0.118 0.076 0.032 0.037 0.034 0.056 0.059 0.019 0.071 0.019 0.042 0.034 0.017 0.177 0.04
31 T 0.071 0.035 0.042 0.037 0.017 0.027 0.038 0.042 0.013 0.052 0.064 0.044 0.019 0.023 0.027 0.09 0.265 0.006 0.017 0.069
32 V 0.068 0.028 0.07 0.029 0.016 0.023 0.029 0.034 0.015 0.131 0.135 0.034 0.078 0.037 0.017 0.041 0.044 0.006 0.02 0.147
33 F 0.038 0.024 0.018 0.017 0.011 0.017 0.023 0.024 0.03 0.061 0.136 0.026 0.025 0.207 0.013 0.027 0.027 0.02 0.2 0.056
34 P 0.062 0.023 0.019 0.024 0.014 0.018 0.029 0.03 0.01 0.093 0.081 0.033 0.02 0.024 0.261 0.037 0.042 0.004 0.016 0.158
35 L 0.044 0.032 0.084 0.042 0.011 0.028 0.076 0.033 0.027 0.088 0.125 0.04 0.024 0.061 0.017 0.04 0.036 0.012 0.113 0.068
36 K 0.089 0.064 0.04 0.041 0.013 0.072 0.074 0.045 0.019 0.036 0.051 0.137 0.017 0.018 0.026 0.069 0.115 0.005 0.018 0.049
37 Y 0.038 0.026 0.02 0.018 0.009 0.019 0.026 0.024 0.04 0.046 0.076 0.028 0.02 0.182 0.014 0.029 0.027 0.025 0.285 0.047
38 P 0.064 0.037 0.034 0.035 0.012 0.059 0.048 0.04 0.022 0.033 0.048 0.05 0.015 0.035 0.184 0.083 0.081 0.008 0.069 0.042
39 L 0.086 0.027 0.031 0.028 0.013 0.022 0.055 0.036 0.015 0.064 0.173 0.033 0.028 0.101 0.017 0.045 0.035 0.091 0.038 0.062
40 L 0.048 0.02 0.015 0.017 0.016 0.014 0.019 0.021 0.009 0.206 0.218 0.024 0.038 0.065 0.014 0.026 0.038 0.007 0.024 0.163
41 G 0.068 0.029 0.083 0.038 0.012 0.023 0.033 0.203 0.022 0.048 0.053 0.038 0.016 0.039 0.019 0.078 0.044 0.009 0.068 0.074
42 S 0.075 0.091 0.04 0.045 0.014 0.036 0.088 0.044 0.018 0.052 0.059 0.061 0.018 0.022 0.024 0.116 0.091 0.005 0.017 0.083
43 L 0.045 0.02 0.016 0.017 0.014 0.014 0.02 0.022 0.013 0.161 0.175 0.023 0.033 0.145 0.014 0.026 0.035 0.01 0.059 0.138
44 V 0.095 0.094 0.026 0.026 0.015 0.03 0.038 0.037 0.015 0.107 0.105 0.09 0.049 0.03 0.02 0.045 0.041 0.006 0.019 0.113
45 L 0.052 0.049 0.081 0.039 0.012 0.062 0.049 0.038 0.019 0.088 0.123 0.088 0.025 0.028 0.021 0.052 0.077 0.006 0.019 0.071
46 V 0.1 0.025 0.023 0.022 0.015 0.02 0.027 0.116 0.018 0.098 0.103 0.032 0.048 0.048 0.018 0.043 0.039 0.009 0.071 0.123
47 L 0.104 0.027 0.026 0.026 0.016 0.021 0.029 0.121 0.013 0.071 0.216 0.034 0.031 0.036 0.02 0.074 0.043 0.006 0.018 0.069
48 L 0.052 0.09 0.029 0.027 0.013 0.061 0.042 0.03 0.017 0.1 0.15 0.056 0.053 0.033 0.019 0.045 0.075 0.006 0.02 0.082
49 I 0.047 0.023 0.02 0.02 0.014 0.017 0.023 0.026 0.017 0.161 0.111 0.028 0.026 0.056 0.015 0.036 0.072 0.093 0.08 0.114
50 I 0.071 0.024 0.022 0.022 0.017 0.018 0.026 0.031 0.011 0.169 0.167 0.03 0.032 0.038 0.018 0.064 0.048 0.006 0.02 0.168
51 A 0.155 0.03 0.033 0.032 0.05 0.024 0.037 0.055 0.014 0.081 0.072 0.041 0.02 0.025 0.025 0.113 0.091 0.005 0.017 0.077
52 I 0.064 0.026 0.027 0.026 0.096 0.021 0.028 0.034 0.012 0.133 0.115 0.033 0.051 0.033 0.019 0.076 0.083 0.006 0.018 0.1
53 V 0.059 0.02 0.019 0.02 0.015 0.015 0.021 0.106 0.01 0.14 0.123 0.025 0.028 0.095 0.015 0.032 0.039 0.007 0.03 0.179
54 L 0.043 0.021 0.014 0.016 0.015 0.014 0.019 0.021 0.01 0.166 0.284 0.023 0.042 0.089 0.014 0.024 0.034 0.008 0.028 0.116
55 L 0.048 0.023 0.014 0.015 0.016 0.016 0.02 0.021 0.01 0.121 0.347 0.025 0.045 0.05 0.014 0.025 0.035 0.007 0.021 0.126
56 L 0.046 0.021 0.015 0.016 0.015 0.014 0.019 0.022 0.011 0.146 0.246 0.023 0.038 0.118 0.014 0.025 0.035 0.008 0.034 0.134
57 V 0.061 0.02 0.015 0.017 0.017 0.015 0.021 0.024 0.01 0.181 0.179 0.024 0.034 0.077 0.015 0.029 0.04 0.007 0.027 0.186
58 K 0.054 0.09 0.036 0.037 0.01 0.046 0.06 0.038 0.018 0.071 0.062 0.25 0.019 0.02 0.025 0.048 0.039 0.005 0.017 0.055
59 L 0.041 0.022 0.016 0.016 0.014 0.015 0.02 0.022 0.017 0.122 0.252 0.024 0.037 0.122 0.014 0.025 0.031 0.012 0.084 0.092
60 L 0.053 0.021 0.015 0.017 0.017 0.015 0.02 0.022 0.009 0.189 0.218 0.024 0.038 0.043 0.015 0.027 0.04 0.006 0.021 0.191
61 L 0.048 0.021 0.014 0.016 0.016 0.015 0.019 0.021 0.009 0.179 0.271 0.024 0.041 0.047 0.014 0.025 0.037 0.006 0.021 0.152
62 D 0.056 0.037 0.056 0.243 0.009 0.041 0.158 0.045 0.021 0.023 0.032 0.055 0.011 0.016 0.024 0.083 0.043 0.004 0.014 0.029
63 R 0.051 0.246 0.038 0.034 0.009 0.045 0.053 0.037 0.021 0.024 0.043 0.147 0.015 0.016 0.075 0.056 0.038 0.005 0.016 0.031
64 H 0.044 0.049 0.04 0.031 0.008 0.034 0.046 0.034 0.192 0.031 0.049 0.082 0.016 0.06 0.019 0.041 0.037 0.014 0.141 0.033
65 Y 0.038 0.025 0.02 0.018 0.01 0.018 0.025 0.025 0.036 0.05 0.083 0.027 0.021 0.217 0.014 0.029 0.027 0.024 0.246 0.049
66 S 0.091 0.039 0.047 0.042 0.017 0.03 0.046 0.055 0.017 0.051 0.055 0.057 0.018 0.022 0.027 0.175 0.134 0.005 0.017 0.057
67 Y 0.055 0.108 0.032 0.03 0.01 0.033 0.044 0.036 0.028 0.031 0.05 0.097 0.015 0.053 0.102 0.067 0.039 0.012 0.122 0.037
68 K 0.051 0.207 0.039 0.036 0.008 0.05 0.062 0.038 0.021 0.025 0.043 0.224 0.015 0.016 0.024 0.049 0.037 0.005 0.017 0.031
69 F 0.058 0.027 0.031 0.028 0.014 0.02 0.031 0.037 0.016 0.053 0.084 0.033 0.021 0.212 0.019 0.082 0.114 0.011 0.052 0.057
70 L 0.045 0.019 0.014 0.016 0.016 0.014 0.018 0.02 0.009 0.23 0.239 0.024 0.04 0.047 0.014 0.024 0.037 0.006 0.021 0.146
71 L 0.048 0.02 0.015 0.016 0.016 0.014 0.019 0.021 0.009 0.195 0.239 0.024 0.039 0.057 0.014 0.025 0.038 0.006 0.023 0.159
72 L 0.085 0.022 0.017 0.018 0.015 0.015 0.022 0.031 0.012 0.121 0.206 0.026 0.034 0.15 0.015 0.034 0.034 0.009 0.04 0.093
73 L 0.068 0.03 0.032 0.03 0.016 0.022 0.033 0.04 0.015 0.066 0.173 0.036 0.029 0.095 0.02 0.107 0.086 0.008 0.03 0.065
74 L 0.046 0.022 0.019 0.02 0.015 0.015 0.022 0.025 0.012 0.148 0.186 0.026 0.033 0.138 0.015 0.035 0.071 0.009 0.038 0.105
75 L 0.061 0.024 0.02 0.022 0.016 0.018 0.026 0.029 0.01 0.135 0.171 0.03 0.031 0.035 0.098 0.051 0.044 0.005 0.019 0.155
76 L 0.085 0.023 0.019 0.021 0.017 0.017 0.024 0.032 0.011 0.184 0.197 0.029 0.04 0.041 0.017 0.05 0.042 0.006 0.02 0.125
77 L 0.051 0.022 0.017 0.018 0.016 0.016 0.022 0.025 0.011 0.165 0.211 0.026 0.048 0.08 0.015 0.038 0.04 0.007 0.027 0.144
78 V 0.07 0.026 0.026 0.025 0.097 0.02 0.028 0.035 0.011 0.093 0.135 0.032 0.027 0.031 0.02 0.076 0.085 0.005 0.018 0.139
79 L 0.042 0.022 0.014 0.016 0.015 0.014 0.019 0.021 0.011 0.133 0.306 0.023 0.042 0.11 0.013 0.024 0.032 0.008 0.032 0.1
80 F 0.133 0.024 0.021 0.022 0.015 0.017 0.027 0.097 0.014 0.064 0.132 0.03 0.025 0.154 0.018 0.047 0.036 0.009 0.04 0.074
81 I 0.097 0.023 0.021 0.022 0.017 0.018 0.025 0.034 0.01 0.181 0.131 0.03 0.03 0.035 0.019 0.046 0.079 0.006 0.019 0.154
82 V 0.068 0.022 0.02 0.021 0.016 0.016 0.022 0.108 0.01 0.156 0.16 0.027 0.031 0.036 0.016 0.035 0.047 0.006 0.019 0.166
83 V 0.057 0.019 0.015 0.017 0.017 0.015 0.02 0.022 0.008 0.225 0.145 0.024 0.033 0.039 0.015 0.028 0.044 0.006 0.02 0.23
84 G 0.114 0.029 0.041 0.037 0.014 0.024 0.035 0.318 0.015 0.025 0.036 0.041 0.012 0.018 0.023 0.117 0.048 0.005 0.013 0.034
85 Y 0.04 0.024 0.018 0.017 0.012 0.017 0.023 0.023 0.029 0.098 0.144 0.026 0.027 0.147 0.014 0.027 0.03 0.019 0.189 0.076
86 S 0.064 0.046 0.087 0.044 0.012 0.063 0.052 0.046 0.026 0.06 0.06 0.072 0.018 0.039 0.022 0.099 0.057 0.009 0.071 0.054
87 S 0.095 0.038 0.049 0.044 0.017 0.031 0.047 0.057 0.017 0.037 0.048 0.05 0.017 0.021 0.028 0.189 0.142 0.005 0.017 0.05
88 G 0.096 0.034 0.102 0.106 0.012 0.028 0.049 0.132 0.065 0.03 0.041 0.044 0.013 0.02 0.022 0.065 0.076 0.005 0.02 0.039
89 Q 0.061 0.067 0.093 0.051 0.01 0.137 0.078 0.049 0.026 0.026 0.042 0.111 0.017 0.016 0.024 0.087 0.048 0.005 0.018 0.034
90 L 0.048 0.023 0.016 0.018 0.014 0.016 0.023 0.024 0.011 0.098 0.241 0.026 0.035 0.102 0.096 0.028 0.034 0.008 0.031 0.109
91 F 0.041 0.029 0.021 0.021 0.01 0.019 0.028 0.028 0.021 0.053 0.092 0.049 0.033 0.229 0.096 0.032 0.029 0.014 0.105 0.05
92 K 0.09 0.051 0.034 0.093 0.012 0.03 0.05 0.042 0.016 0.078 0.074 0.12 0.02 0.085 0.022 0.048 0.037 0.007 0.028 0.063
93 G 0.206 0.028 0.031 0.031 0.017 0.023 0.035 0.251 0.014 0.033 0.047 0.04 0.014 0.019 0.025 0.071 0.042 0.005 0.015 0.051
94 L 0.044 0.024 0.014 0.015 0.016 0.016 0.02 0.021 0.01 0.115 0.376 0.025 0.05 0.055 0.014 0.024 0.033 0.007 0.022 0.096
95 T 0.073 0.035 0.043 0.037 0.018 0.028 0.039 0.043 0.014 0.053 0.065 0.045 0.02 0.024 0.028 0.093 0.247 0.006 0.018 0.071
96 L 0.042 0.021 0.016 0.017 0.014 0.015 0.02 0.023 0.013 0.152 0.189 0.024 0.058 0.165 0.013 0.026 0.033 0.01 0.043 0.106
97 L 0.051 0.024 0.016 0.018 0.016 0.019 0.022 0.023 0.011 0.174 0.205 0.028 0.086 0.045 0.015 0.029 0.039 0.007 0.022 0.151
98 P 0.101 0.026 0.026 0.028 0.014 0.02 0.033 0.043 0.014 0.079 0.074 0.036 0.019 0.085 0.182 0.076 0.044 0.006 0.028 0.066
99 F 0.043 0.022 0.02 0.02 0.012 0.015 0.023 0.028 0.014 0.078 0.098 0.024 0.023 0.221 0.013 0.036 0.068 0.094 0.061 0.085
100 G 0.065 0.02 0.027 0.025 0.014 0.016 0.022 0.272 0.011 0.132 0.09 0.028 0.022 0.028 0.017 0.039 0.035 0.005 0.015 0.117
101 L 0.088 0.025 0.016 0.017 0.017 0.018 0.023 0.03 0.011 0.1 0.329 0.028 0.048 0.048 0.016 0.034 0.035 0.007 0.021 0.089
102 L 0.042 0.023 0.016 0.016 0.014 0.016 0.02 0.023 0.012 0.126 0.245 0.025 0.062 0.144 0.013 0.026 0.033 0.009 0.039 0.096
103 L 0.049 0.022 0.015 0.016 0.016 0.016 0.02 0.022 0.01 0.169 0.273 0.025 0.049 0.047 0.014 0.026 0.037 0.006 0.021 0.148
104 V 0.097 0.022 0.017 0.019 0.018 0.017 0.023 0.031 0.01 0.171 0.171 0.028 0.033 0.038 0.017 0.037 0.043 0.006 0.02 0.184
105 G 0.075 0.035 0.141 0.054 0.012 0.028 0.041 0.217 0.021 0.023 0.033 0.046 0.012 0.018 0.022 0.119 0.052 0.005 0.014 0.03
106 A 0.149 0.028 0.026 0.027 0.018 0.023 0.033 0.048 0.013 0.106 0.105 0.037 0.049 0.031 0.022 0.083 0.051 0.006 0.019 0.125
107 K 0.057 0.074 0.092 0.11 0.009 0.049 0.068 0.048 0.022 0.025 0.038 0.182 0.014 0.016 0.025 0.075 0.044 0.005 0.016 0.031
108 N 0.086 0.042 0.282 0.072 0.011 0.032 0.047 0.066 0.028 0.025 0.035 0.051 0.012 0.018 0.021 0.07 0.048 0.005 0.016 0.033
109 V 0.061 0.022 0.02 0.021 0.017 0.017 0.023 0.026 0.009 0.189 0.13 0.028 0.031 0.036 0.017 0.039 0.081 0.006 0.02 0.209
110 N 0.044 0.041 0.28 0.135 0.009 0.032 0.055 0.061 0.028 0.022 0.031 0.051 0.011 0.017 0.02 0.071 0.047 0.004 0.015 0.026
111 L 0.041 0.022 0.016 0.016 0.014 0.015 0.02 0.022 0.017 0.122 0.252 0.024 0.037 0.122 0.014 0.025 0.031 0.012 0.084 0.092
112 K 0.053 0.122 0.052 0.037 0.011 0.041 0.053 0.038 0.019 0.072 0.065 0.179 0.019 0.021 0.023 0.051 0.064 0.005 0.017 0.059
113 K 0.051 0.084 0.091 0.047 0.008 0.046 0.063 0.045 0.08 0.025 0.039 0.213 0.014 0.018 0.024 0.053 0.038 0.005 0.023 0.029
114 V 0.059 0.022 0.015 0.017 0.018 0.016 0.022 0.023 0.009 0.149 0.216 0.025 0.037 0.041 0.015 0.029 0.043 0.006 0.021 0.219
115 L 0.044 0.022 0.014 0.016 0.016 0.015 0.019 0.021 0.009 0.171 0.315 0.024 0.044 0.05 0.014 0.024 0.035 0.007 0.021 0.12
116 K 0.053 0.127 0.036 0.036 0.01 0.075 0.063 0.037 0.02 0.065 0.062 0.186 0.019 0.02 0.023 0.047 0.039 0.005 0.018 0.059
117 L 0.051 0.022 0.016 0.017 0.015 0.016 0.022 0.022 0.015 0.145 0.202 0.025 0.035 0.069 0.015 0.028 0.038 0.01 0.075 0.162
118 W 0.035 0.033 0.033 0.026 0.007 0.026 0.037 0.033 0.193 0.026 0.044 0.033 0.015 0.044 0.013 0.032 0.024 0.256 0.061 0.026
119 A 0.187 0.029 0.025 0.027 0.019 0.023 0.034 0.054 0.013 0.074 0.124 0.038 0.025 0.029 0.024 0.076 0.07 0.006 0.018 0.107
120 I 0.092 0.024 0.02 0.021 0.015 0.019 0.026 0.033 0.022 0.14 0.105 0.03 0.026 0.066 0.018 0.044 0.039 0.013 0.124 0.123
121 L 0.062 0.033 0.029 0.046 0.014 0.034 0.123 0.033 0.016 0.106 0.132 0.046 0.026 0.031 0.021 0.071 0.045 0.006 0.019 0.109
122 L 0.045 0.02 0.014 0.016 0.016 0.014 0.018 0.02 0.009 0.201 0.277 0.024 0.042 0.048 0.014 0.024 0.036 0.006 0.021 0.133
123 G 0.101 0.022 0.024 0.024 0.015 0.017 0.024 0.198 0.012 0.13 0.094 0.03 0.023 0.053 0.018 0.043 0.037 0.006 0.021 0.109
124 I 0.098 0.024 0.025 0.025 0.016 0.019 0.026 0.117 0.011 0.14 0.137 0.032 0.027 0.033 0.019 0.049 0.076 0.006 0.018 0.102
125 L 0.048 0.023 0.019 0.019 0.016 0.016 0.022 0.024 0.01 0.158 0.242 0.027 0.038 0.068 0.016 0.035 0.073 0.007 0.025 0.113
126 L 0.049 0.028 0.018 0.018 0.016 0.023 0.024 0.025 0.014 0.132 0.22 0.031 0.135 0.047 0.015 0.031 0.038 0.007 0.023 0.104
127 L 0.049 0.021 0.014 0.016 0.016 0.015 0.019 0.021 0.009 0.197 0.248 0.024 0.04 0.046 0.014 0.025 0.038 0.006 0.021 0.16
128 L 0.059 0.024 0.025 0.025 0.015 0.018 0.027 0.033 0.013 0.137 0.157 0.03 0.03 0.122 0.017 0.082 0.045 0.008 0.035 0.097
129 V 0.063 0.026 0.024 0.023 0.017 0.019 0.027 0.029 0.01 0.129 0.154 0.031 0.03 0.035 0.019 0.049 0.117 0.006 0.019 0.171
130 Y 0.127 0.026 0.021 0.021 0.013 0.02 0.029 0.042 0.028 0.047 0.074 0.032 0.019 0.156 0.019 0.047 0.034 0.017 0.171 0.055
131 L 0.056 0.021 0.017 0.018 0.016 0.016 0.021 0.072 0.009 0.169 0.196 0.026 0.039 0.04 0.015 0.03 0.039 0.006 0.02 0.173
132 G 0.075 0.024 0.034 0.03 0.093 0.019 0.027 0.297 0.013 0.037 0.084 0.033 0.017 0.022 0.019 0.076 0.039 0.005 0.013 0.041
133 L 0.046 0.025 0.017 0.016 0.014 0.018 0.023 0.023 0.021 0.097 0.239 0.027 0.035 0.075 0.015 0.027 0.033 0.013 0.126 0.11
134 K 0.062 0.136 0.042 0.04 0.01 0.048 0.063 0.044 0.02 0.027 0.042 0.225 0.015 0.016 0.026 0.082 0.045 0.005 0.017 0.033
135 L 0.068 0.025 0.017 0.018 0.016 0.017 0.023 0.028 0.011 0.098 0.299 0.027 0.04 0.082 0.016 0.035 0.053 0.008 0.027 0.092
136 G 0.065 0.027 0.092 0.104 0.01 0.023 0.04 0.366 0.017 0.02 0.028 0.038 0.009 0.016 0.019 0.053 0.033 0.005 0.011 0.024
137 I 0.046 0.02 0.015 0.016 0.015 0.014 0.019 0.023 0.01 0.187 0.175 0.023 0.033 0.058 0.013 0.025 0.036 0.089 0.03 0.151
138 I 0.049 0.019 0.015 0.017 0.016 0.014 0.019 0.021 0.009 0.238 0.196 0.024 0.037 0.043 0.015 0.026 0.039 0.006 0.02 0.178
139 G 0.073 0.042 0.049 0.112 0.011 0.068 0.105 0.129 0.02 0.024 0.036 0.057 0.014 0.017 0.024 0.115 0.05 0.005 0.015 0.032
140 N 0.045 0.043 0.191 0.139 0.008 0.042 0.144 0.051 0.027 0.022 0.032 0.058 0.011 0.017 0.022 0.06 0.042 0.005 0.015 0.027
141 I 0.064 0.024 0.026 0.026 0.017 0.019 0.027 0.032 0.011 0.185 0.12 0.032 0.029 0.035 0.019 0.072 0.085 0.006 0.019 0.152
142 L 0.065 0.083 0.033 0.03 0.014 0.026 0.034 0.117 0.014 0.087 0.122 0.049 0.024 0.029 0.02 0.079 0.08 0.006 0.017 0.072
143 H 0.046 0.112 0.093 0.045 0.008 0.073 0.062 0.042 0.141 0.024 0.04 0.107 0.015 0.021 0.021 0.05 0.036 0.006 0.03 0.028
144 I 0.078 0.029 0.034 0.033 0.017 0.023 0.035 0.043 0.014 0.152 0.104 0.039 0.026 0.032 0.022 0.124 0.061 0.006 0.019 0.109
145 L 0.068 0.023 0.019 0.019 0.014 0.017 0.023 0.094 0.011 0.089 0.198 0.027 0.031 0.044 0.015 0.033 0.034 0.105 0.029 0.108
146 V 0.146 0.024 0.022 0.024 0.018 0.019 0.028 0.124 0.011 0.116 0.093 0.032 0.023 0.028 0.021 0.051 0.044 0.005 0.017 0.153
147 R 0.045 0.313 0.039 0.033 0.008 0.078 0.059 0.033 0.024 0.023 0.045 0.113 0.016 0.017 0.02 0.045 0.035 0.006 0.017 0.031
148 L 0.07 0.032 0.035 0.04 0.014 0.029 0.079 0.12 0.016 0.055 0.156 0.043 0.025 0.03 0.021 0.097 0.059 0.006 0.017 0.056
149 G 0.066 0.024 0.046 0.138 0.01 0.021 0.043 0.39 0.015 0.019 0.028 0.036 0.009 0.015 0.019 0.05 0.031 0.005 0.011 0.024
150 G 0.068 0.042 0.039 0.044 0.011 0.033 0.083 0.281 0.016 0.026 0.037 0.085 0.012 0.017 0.022 0.058 0.071 0.005 0.014 0.034
151 F 0.088 0.092 0.025 0.025 0.013 0.027 0.036 0.037 0.016 0.073 0.086 0.086 0.022 0.149 0.018 0.043 0.036 0.009 0.041 0.078
152 L 0.048 0.022 0.019 0.02 0.015 0.016 0.022 0.025 0.012 0.183 0.184 0.027 0.034 0.081 0.016 0.036 0.073 0.008 0.037 0.123
153 R 0.044 0.361 0.038 0.03 0.008 0.047 0.051 0.032 0.023 0.023 0.045 0.117 0.015 0.017 0.019 0.044 0.034 0.006 0.017 0.03
154 Y 0.042 0.042 0.029 0.025 0.009 0.027 0.037 0.029 0.09 0.041 0.075 0.075 0.019 0.127 0.017 0.035 0.029 0.018 0.192 0.042
155 S 0.123 0.035 0.041 0.038 0.016 0.028 0.043 0.056 0.022 0.037 0.052 0.046 0.017 0.039 0.026 0.153 0.097 0.009 0.07 0.051
156 L 0.051 0.035 0.023 0.033 0.014 0.06 0.083 0.027 0.015 0.091 0.23 0.044 0.035 0.038 0.018 0.035 0.037 0.006 0.02 0.106
157 G 0.076 0.022 0.038 0.033 0.011 0.018 0.025 0.522 0.013 0.018 0.028 0.033 0.009 0.016 0.018 0.05 0.029 0.005 0.011 0.024
158 Y 0.037 0.024 0.02 0.018 0.009 0.018 0.024 0.024 0.036 0.049 0.082 0.026 0.02 0.219 0.014 0.029 0.026 0.024 0.252 0.048
159 R 0.052 0.21 0.036 0.032 0.01 0.073 0.056 0.034 0.02 0.048 0.06 0.113 0.019 0.02 0.02 0.047 0.051 0.006 0.018 0.076
160 F 0.036 0.023 0.019 0.017 0.01 0.015 0.023 0.025 0.03 0.053 0.091 0.024 0.022 0.274 0.013 0.027 0.026 0.022 0.202 0.05
161 T 0.093 0.034 0.04 0.036 0.018 0.027 0.039 0.047 0.014 0.058 0.066 0.044 0.02 0.024 0.026 0.109 0.198 0.006 0.018 0.086
162 T 0.076 0.035 0.044 0.038 0.017 0.028 0.04 0.045 0.014 0.049 0.06 0.045 0.019 0.023 0.027 0.11 0.24 0.006 0.017 0.065
163 F 0.034 0.019 0.016 0.016 0.011 0.011 0.019 0.024 0.016 0.067 0.139 0.019 0.027 0.367 0.011 0.025 0.026 0.016 0.08 0.058
164 G 0.087 0.028 0.043 0.038 0.013 0.023 0.034 0.37 0.015 0.022 0.032 0.04 0.011 0.017 0.022 0.113 0.046 0.005 0.013 0.029
165 A 0.232 0.031 0.029 0.032 0.019 0.025 0.041 0.068 0.015 0.037 0.051 0.044 0.016 0.02 0.108 0.102 0.052 0.005 0.016 0.057
166 N 0.042 0.044 0.334 0.081 0.009 0.033 0.048 0.064 0.031 0.022 0.031 0.053 0.011 0.018 0.02 0.068 0.048 0.004 0.015 0.026
167 Y 0.047 0.027 0.023 0.021 0.013 0.021 0.027 0.027 0.027 0.096 0.106 0.032 0.049 0.101 0.017 0.04 0.071 0.016 0.161 0.079
168 L 0.045 0.021 0.015 0.016 0.014 0.014 0.019 0.023 0.012 0.133 0.216 0.022 0.036 0.165 0.013 0.026 0.034 0.01 0.043 0.126
169 F 0.033 0.019 0.016 0.016 0.01 0.01 0.019 0.025 0.016 0.062 0.111 0.019 0.025 0.402 0.01 0.025 0.025 0.016 0.087 0.054
170 H 0.041 0.045 0.052 0.037 0.007 0.037 0.052 0.037 0.371 0.022 0.037 0.045 0.015 0.03 0.019 0.041 0.026 0.007 0.056 0.022
171 L 0.044 0.021 0.015 0.016 0.014 0.014 0.02 0.023 0.012 0.124 0.227 0.023 0.036 0.165 0.013 0.026 0.033 0.01 0.043 0.122
172 T 0.06 0.028 0.031 0.028 0.017 0.022 0.03 0.033 0.012 0.121 0.143 0.036 0.028 0.033 0.022 0.063 0.17 0.006 0.019 0.099
173 C 0.055 0.019 0.015 0.016 0.176 0.014 0.018 0.025 0.008 0.156 0.162 0.023 0.03 0.036 0.015 0.031 0.038 0.005 0.018 0.139
174 I 0.045 0.018 0.015 0.017 0.014 0.013 0.019 0.022 0.011 0.192 0.14 0.022 0.031 0.161 0.013 0.026 0.036 0.009 0.042 0.152
175 W 0.035 0.025 0.018 0.017 0.008 0.018 0.025 0.027 0.03 0.036 0.059 0.026 0.017 0.093 0.011 0.026 0.025 0.266 0.2 0.038
176 G 0.06 0.022 0.026 0.024 0.013 0.017 0.022 0.271 0.011 0.095 0.171 0.029 0.027 0.033 0.016 0.037 0.032 0.006 0.016 0.072
177 Y 0.038 0.026 0.02 0.018 0.009 0.019 0.026 0.024 0.041 0.046 0.074 0.028 0.019 0.173 0.014 0.029 0.027 0.026 0.293 0.047
178 L 0.053 0.021 0.015 0.016 0.017 0.015 0.02 0.022 0.009 0.187 0.227 0.024 0.038 0.044 0.015 0.027 0.04 0.006 0.021 0.184
179 R 0.046 0.318 0.038 0.032 0.008 0.048 0.054 0.034 0.022 0.023 0.045 0.147 0.015 0.017 0.02 0.045 0.035 0.006 0.017 0.031
180 G 0.068 0.06 0.04 0.036 0.011 0.031 0.041 0.282 0.016 0.027 0.039 0.116 0.013 0.017 0.022 0.057 0.071 0.005 0.014 0.034
181 K 0.057 0.072 0.06 0.04 0.01 0.042 0.056 0.043 0.078 0.038 0.065 0.17 0.042 0.024 0.023 0.067 0.041 0.006 0.024 0.041
182 K 0.094 0.084 0.03 0.03 0.013 0.037 0.048 0.041 0.017 0.055 0.128 0.153 0.049 0.028 0.023 0.049 0.039 0.006 0.019 0.058
183 I 0.046 0.018 0.014 0.017 0.016 0.014 0.018 0.02 0.009 0.255 0.2 0.023 0.038 0.045 0.014 0.025 0.038 0.006 0.02 0.163
184 R 0.064 0.157 0.042 0.038 0.011 0.042 0.055 0.043 0.019 0.031 0.047 0.151 0.016 0.018 0.025 0.088 0.089 0.005 0.017 0.04
185 Y 0.037 0.024 0.018 0.017 0.01 0.017 0.024 0.025 0.03 0.052 0.107 0.026 0.022 0.173 0.013 0.027 0.026 0.102 0.201 0.05
186 L 0.062 0.026 0.025 0.024 0.015 0.019 0.029 0.035 0.013 0.112 0.15 0.031 0.028 0.052 0.017 0.082 0.047 0.089 0.03 0.113
187 E 0.054 0.048 0.04 0.088 0.007 0.063 0.314 0.034 0.025 0.022 0.036 0.074 0.013 0.016 0.025 0.054 0.036 0.005 0.016 0.031
188 L 0.046 0.02 0.015 0.017 0.016 0.015 0.019 0.021 0.009 0.212 0.249 0.024 0.04 0.046 0.015 0.026 0.044 0.006 0.021 0.138
189 L 0.045 0.021 0.014 0.016 0.016 0.015 0.019 0.021 0.009 0.2 0.271 0.024 0.047 0.048 0.014 0.024 0.036 0.006 0.021 0.133
190 L 0.075 0.027 0.025 0.025 0.016 0.02 0.029 0.035 0.013 0.087 0.174 0.032 0.04 0.097 0.019 0.073 0.069 0.008 0.031 0.106
191 L 0.043 0.024 0.014 0.015 0.016 0.016 0.02 0.021 0.01 0.111 0.381 0.024 0.048 0.065 0.014 0.024 0.032 0.007 0.024 0.093
192 A 0.158 0.027 0.025 0.03 0.015 0.023 0.053 0.129 0.015 0.052 0.115 0.037 0.022 0.089 0.021 0.055 0.038 0.007 0.028 0.059
193 L 0.05 0.02 0.018 0.019 0.015 0.015 0.019 0.104 0.01 0.179 0.224 0.025 0.036 0.042 0.015 0.028 0.035 0.006 0.019 0.119
194 L 0.092 0.022 0.017 0.02 0.017 0.016 0.023 0.031 0.01 0.188 0.201 0.028 0.035 0.041 0.017 0.041 0.04 0.006 0.02 0.133
195 N 0.042 0.044 0.334 0.081 0.009 0.033 0.048 0.064 0.031 0.022 0.031 0.053 0.011 0.018 0.02 0.068 0.048 0.004 0.015 0.026
196 Y 0.043 0.034 0.024 0.022 0.01 0.056 0.038 0.026 0.037 0.051 0.117 0.039 0.024 0.096 0.016 0.033 0.03 0.02 0.23 0.052
197 Y 0.04 0.027 0.021 0.018 0.009 0.021 0.027 0.024 0.046 0.043 0.067 0.03 0.018 0.128 0.015 0.03 0.027 0.027 0.334 0.046
198 F 0.043 0.023 0.018 0.017 0.012 0.016 0.022 0.024 0.024 0.08 0.146 0.025 0.028 0.191 0.014 0.028 0.031 0.017 0.147 0.097
199 Y 0.038 0.026 0.02 0.018 0.009 0.019 0.026 0.024 0.041 0.046 0.074 0.028 0.019 0.173 0.014 0.029 0.027 0.026 0.293 0.047
200 I 0.085 0.028 0.032 0.09 0.016 0.023 0.04 0.039 0.013 0.114 0.106 0.036 0.049 0.031 0.021 0.061 0.08 0.006 0.018 0.113
201 L 0.044 0.092 0.077 0.034 0.011 0.061 0.044 0.034 0.025 0.056 0.162 0.056 0.027 0.047 0.017 0.041 0.036 0.009 0.072 0.054
202 T 0.071 0.035 0.042 0.037 0.017 0.027 0.038 0.042 0.013 0.052 0.064 0.044 0.019 0.023 0.027 0.09 0.265 0.006 0.017 0.069
203 D 0.04 0.029 0.067 0.412 0.007 0.029 0.089 0.045 0.018 0.022 0.027 0.044 0.009 0.015 0.022 0.051 0.035 0.004 0.011 0.024
204 T 0.071 0.035 0.042 0.037 0.017 0.027 0.038 0.042 0.013 0.052 0.064 0.044 0.019 0.023 0.027 0.09 0.265 0.006 0.017 0.069
205 K 0.054 0.147 0.04 0.039 0.008 0.051 0.066 0.04 0.021 0.026 0.043 0.266 0.015 0.015 0.026 0.051 0.038 0.005 0.017 0.032
206 S 0.174 0.036 0.044 0.041 0.018 0.03 0.047 0.069 0.017 0.033 0.047 0.05 0.016 0.021 0.029 0.187 0.07 0.005 0.017 0.05
207 A 0.268 0.029 0.023 0.027 0.021 0.023 0.037 0.068 0.013 0.062 0.069 0.04 0.019 0.023 0.027 0.074 0.049 0.005 0.018 0.104
208 F 0.035 0.021 0.018 0.017 0.01 0.014 0.021 0.025 0.026 0.055 0.097 0.023 0.023 0.31 0.012 0.027 0.026 0.02 0.169 0.051
209 Y 0.043 0.024 0.019 0.017 0.011 0.017 0.024 0.024 0.03 0.071 0.109 0.026 0.024 0.171 0.014 0.029 0.031 0.02 0.203 0.091
210 L 0.045 0.023 0.016 0.016 0.014 0.016 0.021 0.023 0.017 0.1 0.246 0.025 0.037 0.121 0.014 0.026 0.033 0.012 0.084 0.111
211 S 0.141 0.038 0.048 0.045 0.018 0.031 0.049 0.067 0.018 0.031 0.044 0.051 0.016 0.021 0.029 0.213 0.075 0.005 0.017 0.045
212 L 0.06 0.027 0.028 0.026 0.015 0.021 0.028 0.113 0.012 0.104 0.15 0.034 0.052 0.034 0.019 0.052 0.112 0.006 0.018 0.086
213 L 0.092 0.024 0.016 0.018 0.017 0.017 0.024 0.031 0.01 0.11 0.283 0.028 0.04 0.044 0.017 0.035 0.038 0.006 0.021 0.128
214 A 0.141 0.03 0.027 0.026 0.016 0.023 0.034 0.048 0.025 0.052 0.114 0.038 0.022 0.062 0.022 0.082 0.044 0.013 0.124 0.06
215 L 0.044 0.022 0.014 0.016 0.016 0.015 0.019 0.021 0.009 0.171 0.315 0.024 0.044 0.05 0.014 0.024 0.035 0.007 0.021 0.12
216 V 0.142 0.024 0.019 0.021 0.019 0.019 0.027 0.041 0.011 0.125 0.151 0.031 0.03 0.034 0.02 0.047 0.045 0.006 0.019 0.171
217 L 0.049 0.021 0.014 0.016 0.096 0.015 0.019 0.023 0.009 0.125 0.288 0.024 0.04 0.045 0.014 0.027 0.035 0.006 0.02 0.113
218 L 0.055 0.021 0.015 0.016 0.097 0.015 0.02 0.024 0.009 0.146 0.21 0.024 0.035 0.04 0.015 0.029 0.039 0.006 0.019 0.165
219 L 0.095 0.025 0.018 0.019 0.017 0.018 0.025 0.032 0.016 0.105 0.193 0.029 0.032 0.054 0.017 0.037 0.04 0.01 0.073 0.146
220 L 0.046 0.02 0.015 0.016 0.015 0.014 0.019 0.022 0.011 0.156 0.224 0.023 0.037 0.125 0.014 0.026 0.035 0.008 0.035 0.138
221 L 0.043 0.021 0.014 0.016 0.015 0.014 0.019 0.021 0.011 0.163 0.269 0.023 0.04 0.108 0.013 0.024 0.033 0.008 0.032 0.113
222 K 0.055 0.113 0.04 0.04 0.008 0.052 0.068 0.042 0.02 0.027 0.042 0.29 0.015 0.015 0.027 0.052 0.039 0.005 0.017 0.032
223 I 0.053 0.025 0.069 0.028 0.016 0.019 0.025 0.029 0.013 0.184 0.134 0.03 0.046 0.037 0.016 0.035 0.043 0.006 0.02 0.174
224 F 0.045 0.065 0.026 0.024 0.01 0.024 0.034 0.031 0.022 0.05 0.097 0.078 0.022 0.208 0.016 0.05 0.033 0.014 0.101 0.048
225 K 0.053 0.124 0.086 0.044 0.01 0.044 0.065 0.041 0.021 0.043 0.052 0.182 0.016 0.019 0.023 0.051 0.041 0.005 0.017 0.065
226 I 0.044 0.02 0.015 0.017 0.015 0.014 0.019 0.021 0.013 0.204 0.194 0.024 0.036 0.089 0.014 0.025 0.035 0.009 0.058 0.133
227 K 0.053 0.075 0.099 0.06 0.008 0.086 0.12 0.045 0.025 0.025 0.04 0.16 0.015 0.016 0.024 0.056 0.041 0.005 0.017 0.031
228 K 0.057 0.107 0.042 0.042 0.009 0.054 0.071 0.043 0.021 0.028 0.043 0.276 0.016 0.016 0.028 0.054 0.04 0.005 0.017 0.033
229 L 0.055 0.023 0.02 0.02 0.016 0.017 0.023 0.026 0.011 0.131 0.171 0.027 0.032 0.099 0.016 0.038 0.076 0.008 0.031 0.16
230 S 0.077 0.034 0.051 0.051 0.014 0.028 0.044 0.049 0.022 0.034 0.047 0.045 0.015 0.037 0.105 0.135 0.092 0.008 0.069 0.044
231 E 0.062 0.059 0.045 0.093 0.009 0.082 0.175 0.043 0.023 0.024 0.039 0.107 0.014 0.016 0.025 0.084 0.044 0.005 0.017 0.033
232 L 0.058 0.064 0.082 0.04 0.012 0.033 0.045 0.042 0.018 0.074 0.131 0.118 0.024 0.028 0.021 0.076 0.046 0.005 0.018 0.062
233 I 0.054 0.037 0.021 0.023 0.015 0.023 0.03 0.027 0.011 0.191 0.13 0.078 0.036 0.036 0.018 0.035 0.05 0.006 0.02 0.159
234 L 0.048 0.024 0.016 0.016 0.015 0.017 0.022 0.022 0.017 0.109 0.271 0.026 0.039 0.065 0.015 0.027 0.035 0.011 0.083 0.122
235 S 0.067 0.1 0.085 0.043 0.013 0.039 0.045 0.046 0.019 0.08 0.068 0.061 0.019 0.024 0.022 0.106 0.074 0.005 0.018 0.066
236 I 0.111 0.034 0.019 0.02 0.014 0.018 0.026 0.038 0.016 0.115 0.096 0.032 0.023 0.096 0.017 0.041 0.036 0.092 0.062 0.093
237 L 0.05 0.021 0.017 0.018 0.055 0.015 0.021 0.024 0.013 0.143 0.164 0.025 0.031 0.107 0.015 0.032 0.051 0.009 0.057 0.131
238 E 0.054 0.043 0.137 0.077 0.008 0.045 0.177 0.125 0.025 0.021 0.033 0.06 0.011 0.017 0.022 0.058 0.039 0.005 0.015 0.028
239 K 0.051 0.18 0.049 0.039 0.008 0.079 0.066 0.038 0.022 0.034 0.048 0.185 0.017 0.017 0.023 0.049 0.038 0.005 0.018 0.036
240 Y 0.045 0.023 0.017 0.017 0.013 0.017 0.023 0.024 0.022 0.127 0.126 0.026 0.027 0.073 0.014 0.027 0.033 0.096 0.133 0.119
241 S 0.122 0.032 0.037 0.035 0.018 0.026 0.039 0.051 0.014 0.068 0.07 0.043 0.02 0.025 0.025 0.125 0.117 0.005 0.018 0.11
242 L 0.045 0.024 0.015 0.016 0.016 0.017 0.021 0.022 0.011 0.137 0.308 0.026 0.067 0.051 0.014 0.026 0.034 0.023 0.023 0.104
243 L 0.055 0.024 0.021 0.022 0.016 0.018 0.026 0.027 0.01 0.125 0.195 0.03 0.032 0.037 0.098 0.04 0.075 0.006 0.019 0.124
244 V 0.095 0.021 0.017 0.019 0.017 0.016 0.023 0.032 0.011 0.167 0.125 0.026 0.029 0.096 0.017 0.037 0.041 0.007 0.031 0.173
245 C 0.081 0.026 0.032 0.03 0.176 0.021 0.03 0.123 0.012 0.054 0.061 0.034 0.017 0.022 0.021 0.107 0.051 0.005 0.015 0.084
246 T 0.147 0.031 0.032 0.031 0.018 0.025 0.036 0.05 0.013 0.078 0.078 0.041 0.026 0.026 0.026 0.078 0.155 0.006 0.018 0.087
247 L 0.047 0.021 0.015 0.016 0.015 0.014 0.02 0.022 0.01 0.149 0.246 0.023 0.038 0.106 0.014 0.026 0.036 0.008 0.032 0.141
248 I 0.09 0.02 0.016 0.019 0.017 0.015 0.021 0.03 0.01 0.243 0.145 0.027 0.033 0.039 0.017 0.034 0.041 0.006 0.02 0.159
249 P 0.106 0.028 0.028 0.033 0.013 0.023 0.039 0.047 0.014 0.029 0.04 0.043 0.012 0.015 0.347 0.082 0.045 0.003 0.014 0.038
250 I 0.051 0.018 0.018 0.02 0.015 0.014 0.019 0.104 0.009 0.244 0.141 0.025 0.031 0.039 0.015 0.029 0.037 0.006 0.019 0.148
251 L 0.053 0.025 0.02 0.02 0.016 0.018 0.024 0.027 0.012 0.119 0.181 0.029 0.057 0.101 0.016 0.039 0.075 0.008 0.032 0.129
252 L 0.048 0.026 0.019 0.018 0.016 0.018 0.023 0.024 0.01 0.102 0.336 0.028 0.044 0.048 0.016 0.035 0.071 0.007 0.021 0.09
253 T 0.079 0.033 0.041 0.037 0.017 0.026 0.039 0.046 0.014 0.084 0.073 0.044 0.021 0.026 0.026 0.129 0.166 0.006 0.018 0.077
254 Y 0.039 0.032 0.023 0.022 0.009 0.054 0.037 0.028 0.033 0.041 0.068 0.037 0.019 0.143 0.014 0.032 0.028 0.101 0.196 0.042
255 L 0.096 0.027 0.023 0.023 0.016 0.019 0.028 0.038 0.013 0.078 0.23 0.031 0.034 0.101 0.018 0.07 0.042 0.008 0.031 0.074
256 Y 0.04 0.027 0.021 0.018 0.009 0.021 0.027 0.024 0.046 0.043 0.067 0.03 0.018 0.128 0.015 0.03 0.027 0.027 0.334 0.046
257 G 0.094 0.089 0.09 0.112 0.01 0.036 0.094 0.129 0.021 0.025 0.037 0.061 0.012 0.017 0.022 0.058 0.038 0.005 0.015 0.034
258 A 0.086 0.04 0.081 0.038 0.013 0.061 0.047 0.044 0.025 0.047 0.075 0.049 0.044 0.042 0.037 0.059 0.078 0.009 0.071 0.054
259 R 0.051 0.252 0.078 0.038 0.009 0.04 0.046 0.119 0.022 0.022 0.04 0.092 0.014 0.017 0.019 0.054 0.037 0.005 0.016 0.029
260 L 0.054 0.031 0.088 0.036 0.014 0.024 0.033 0.038 0.021 0.07 0.168 0.037 0.027 0.05 0.019 0.066 0.078 0.009 0.071 0.066
261 P 0.067 0.049 0.033 0.035 0.011 0.027 0.041 0.122 0.015 0.025 0.036 0.078 0.012 0.015 0.265 0.078 0.042 0.004 0.014 0.031
262 F 0.036 0.02 0.016 0.016 0.012 0.012 0.019 0.024 0.015 0.075 0.183 0.02 0.031 0.313 0.011 0.025 0.027 0.014 0.07 0.064
263 L 0.042 0.027 0.069 0.027 0.013 0.019 0.025 0.03 0.016 0.083 0.229 0.03 0.058 0.132 0.014 0.033 0.034 0.009 0.037 0.072
264 D 0.044 0.032 0.038 0.154 0.011 0.057 0.057 0.033 0.021 0.115 0.083 0.042 0.021 0.043 0.018 0.039 0.036 0.009 0.069 0.079
265 Q 0.095 0.051 0.035 0.045 0.012 0.123 0.11 0.042 0.042 0.065 0.066 0.066 0.026 0.022 0.023 0.054 0.04 0.006 0.021 0.059
266 L 0.044 0.024 0.014 0.015 0.016 0.016 0.02 0.021 0.01 0.112 0.38 0.025 0.056 0.053 0.014 0.024 0.033 0.007 0.022 0.094
267 N 0.041 0.042 0.304 0.118 0.009 0.032 0.053 0.062 0.029 0.022 0.03 0.052 0.011 0.017 0.02 0.066 0.047 0.004 0.015 0.026
268 N 0.048 0.091 0.13 0.053 0.011 0.035 0.084 0.04 0.021 0.061 0.109 0.058 0.021 0.026 0.019 0.05 0.048 0.005 0.018 0.071
269 L 0.079 0.022 0.017 0.019 0.016 0.016 0.022 0.029 0.011 0.151 0.213 0.026 0.035 0.103 0.016 0.034 0.043 0.008 0.031 0.109
270 L 0.043 0.024 0.014 0.015 0.016 0.016 0.02 0.021 0.01 0.113 0.391 0.025 0.048 0.053 0.014 0.024 0.033 0.007 0.022 0.094
271 T 0.071 0.035 0.042 0.037 0.017 0.027 0.038 0.042 0.013 0.052 0.064 0.044 0.019 0.023 0.027 0.09 0.265 0.006 0.017 0.069
272 G 0.082 0.025 0.041 0.035 0.012 0.021 0.029 0.446 0.014 0.02 0.03 0.036 0.01 0.017 0.02 0.082 0.037 0.005 0.012 0.027
273 R 0.044 0.361 0.038 0.03 0.008 0.047 0.051 0.032 0.023 0.023 0.045 0.117 0.015 0.017 0.019 0.044 0.034 0.006 0.017 0.03
274 L 0.043 0.024 0.014 0.015 0.016 0.016 0.02 0.021 0.01 0.113 0.391 0.025 0.048 0.053 0.014 0.024 0.033 0.007 0.022 0.094
275 Y 0.056 0.1 0.037 0.034 0.01 0.098 0.06 0.038 0.032 0.031 0.052 0.068 0.018 0.054 0.021 0.075 0.042 0.013 0.124 0.039
276 L 0.043 0.024 0.014 0.015 0.016 0.016 0.02 0.021 0.01 0.113 0.391 0.025 0.048 0.053 0.014 0.024 0.033 0.007 0.022 0.094
277 G 0.076 0.022 0.038 0.033 0.011 0.018 0.025 0.522 0.013 0.018 0.028 0.033 0.009 0.016 0.018 0.05 0.029 0.005 0.011 0.024
278 Y 0.05 0.031 0.039 0.027 0.011 0.024 0.033 0.034 0.073 0.046 0.109 0.034 0.022 0.069 0.017 0.065 0.037 0.096 0.137 0.046
279 K 0.097 0.063 0.083 0.042 0.012 0.069 0.058 0.048 0.02 0.051 0.058 0.134 0.018 0.02 0.024 0.057 0.044 0.005 0.018 0.08
280 A 0.276 0.031 0.027 0.03 0.021 0.025 0.039 0.072 0.014 0.043 0.059 0.044 0.017 0.021 0.029 0.084 0.078 0.005 0.017 0.067
281 L 0.043 0.077 0.019 0.019 0.014 0.02 0.024 0.024 0.013 0.147 0.198 0.039 0.044 0.102 0.014 0.028 0.034 0.008 0.031 0.102
282 S 0.075 0.09 0.091 0.045 0.014 0.032 0.045 0.052 0.02 0.07 0.06 0.059 0.018 0.023 0.023 0.142 0.06 0.005 0.017 0.059
283 L 0.048 0.031 0.125 0.041 0.014 0.023 0.032 0.039 0.017 0.102 0.178 0.037 0.029 0.035 0.018 0.05 0.078 0.006 0.019 0.08
284 Y 0.038 0.026 0.02 0.018 0.009 0.019 0.026 0.024 0.041 0.046 0.074 0.028 0.019 0.173 0.014 0.029 0.027 0.026 0.293 0.047
285 G 0.061 0.042 0.091 0.064 0.009 0.029 0.043 0.285 0.057 0.021 0.032 0.082 0.011 0.017 0.02 0.052 0.034 0.005 0.017 0.025
286 I 0.053 0.019 0.015 0.017 0.017 0.014 0.019 0.021 0.008 0.246 0.152 0.024 0.034 0.04 0.015 0.027 0.042 0.006 0.02 0.211
287 P 0.062 0.048 0.091 0.058 0.012 0.033 0.05 0.048 0.066 0.03 0.041 0.088 0.014 0.019 0.105 0.089 0.082 0.005 0.021 0.037
288 L 0.042 0.023 0.015 0.015 0.015 0.016 0.02 0.022 0.011 0.103 0.331 0.024 0.053 0.111 0.013 0.025 0.032 0.009 0.033 0.087
289 F 0.035 0.019 0.016 0.016 0.011 0.011 0.019 0.024 0.015 0.07 0.158 0.02 0.029 0.344 0.011 0.025 0.026 0.015 0.076 0.06
290 G 0.076 0.022 0.038 0.033 0.011 0.018 0.025 0.522 0.013 0.018 0.028 0.033 0.009 0.016 0.018 0.05 0.029 0.005 0.011 0.024
291 Q 0.052 0.067 0.091 0.052 0.009 0.2 0.092 0.044 0.029 0.025 0.043 0.083 0.019 0.015 0.022 0.057 0.042 0.006 0.019 0.033
292 K 0.051 0.106 0.086 0.052 0.008 0.045 0.098 0.042 0.022 0.024 0.038 0.152 0.013 0.016 0.104 0.052 0.039 0.005 0.016 0.03
293 I 0.046 0.018 0.025 0.019 0.016 0.014 0.018 0.022 0.009 0.28 0.159 0.024 0.035 0.042 0.015 0.026 0.039 0.006 0.02 0.168
294 L 0.045 0.024 0.014 0.015 0.016 0.016 0.02 0.021 0.01 0.116 0.373 0.025 0.05 0.055 0.014 0.024 0.034 0.007 0.022 0.097
295 R 0.049 0.139 0.034 0.086 0.011 0.035 0.088 0.03 0.017 0.099 0.079 0.066 0.021 0.025 0.019 0.04 0.038 0.005 0.017 0.101
296 W 0.031 0.022 0.016 0.015 0.008 0.015 0.022 0.046 0.015 0.029 0.051 0.023 0.015 0.058 0.008 0.023 0.022 0.488 0.065 0.029
297 V 0.053 0.033 0.135 0.05 0.013 0.028 0.07 0.039 0.019 0.113 0.086 0.041 0.022 0.027 0.018 0.047 0.045 0.005 0.018 0.138
298 T 0.057 0.032 0.082 0.037 0.03 0.024 0.034 0.04 0.019 0.054 0.105 0.039 0.022 0.059 0.021 0.066 0.15 0.009 0.057 0.061
299 E 0.094 0.041 0.042 0.051 0.011 0.064 0.137 0.042 0.025 0.03 0.046 0.057 0.015 0.035 0.104 0.054 0.037 0.009 0.069 0.039
300 D 0.05 0.045 0.055 0.227 0.009 0.091 0.083 0.043 0.021 0.028 0.039 0.066 0.014 0.016 0.023 0.059 0.075 0.005 0.015 0.035
301 L 0.045 0.091 0.077 0.035 0.011 0.061 0.044 0.034 0.024 0.086 0.124 0.056 0.025 0.045 0.017 0.041 0.037 0.009 0.071 0.067
302 L 0.079 0.027 0.021 0.02 0.013 0.02 0.027 0.033 0.025 0.066 0.147 0.031 0.051 0.13 0.017 0.043 0.034 0.015 0.136 0.065
303 G 0.063 0.024 0.031 0.028 0.013 0.018 0.025 0.276 0.013 0.047 0.108 0.031 0.02 0.088 0.018 0.048 0.068 0.007 0.026 0.048
304 S 0.077 0.104 0.095 0.049 0.013 0.038 0.054 0.055 0.022 0.026 0.04 0.104 0.015 0.018 0.025 0.147 0.06 0.005 0.017 0.035
305 I 0.096 0.031 0.025 0.043 0.014 0.032 0.121 0.035 0.015 0.137 0.097 0.044 0.024 0.029 0.021 0.045 0.041 0.005 0.018 0.127
306 F 0.067 0.041 0.039 0.037 0.013 0.074 0.053 0.043 0.02 0.043 0.066 0.052 0.02 0.114 0.022 0.101 0.101 0.008 0.036 0.05
307 G 0.063 0.024 0.035 0.09 0.012 0.019 0.034 0.276 0.013 0.058 0.105 0.032 0.019 0.025 0.018 0.043 0.034 0.005 0.014 0.079
308 A 0.12 0.042 0.084 0.051 0.014 0.067 0.095 0.052 0.021 0.059 0.058 0.056 0.018 0.021 0.024 0.078 0.059 0.005 0.017 0.058
309 Y 0.038 0.024 0.019 0.017 0.01 0.018 0.024 0.024 0.034 0.061 0.108 0.027 0.023 0.187 0.014 0.028 0.028 0.022 0.236 0.056
310 L 0.043 0.027 0.067 0.026 0.015 0.019 0.024 0.028 0.013 0.097 0.331 0.029 0.042 0.047 0.015 0.031 0.035 0.007 0.021 0.083
311 Y 0.04 0.027 0.021 0.018 0.009 0.021 0.027 0.024 0.046 0.043 0.067 0.03 0.018 0.128 0.015 0.03 0.027 0.027 0.334 0.046
312 V 0.068 0.021 0.016 0.017 0.019 0.016 0.023 0.024 0.008 0.161 0.127 0.025 0.031 0.035 0.016 0.032 0.048 0.005 0.02 0.287
313 D 0.04 0.029 0.067 0.412 0.007 0.029 0.089 0.045 0.018 0.022 0.027 0.044 0.009 0.015 0.022 0.051 0.035 0.004 0.011 0.024
314 S 0.174 0.036 0.044 0.041 0.018 0.03 0.047 0.069 0.017 0.033 0.047 0.05 0.016 0.021 0.029 0.187 0.07 0.005 0.017 0.05
315 S 0.107 0.039 0.053 0.048 0.017 0.032 0.051 0.065 0.019 0.029 0.041 0.053 0.015 0.02 0.029 0.239 0.08 0.005 0.017 0.041
316 F 0.034 0.02 0.017 0.017 0.01 0.012 0.02 0.025 0.021 0.059 0.104 0.021 0.024 0.356 0.011 0.026 0.025 0.018 0.128 0.052
317 L 0.049 0.025 0.015 0.016 0.016 0.018 0.021 0.022 0.011 0.118 0.314 0.027 0.068 0.049 0.015 0.027 0.036 0.007 0.022 0.125
318 N 0.042 0.044 0.334 0.081 0.009 0.033 0.048 0.064 0.031 0.022 0.031 0.053 0.011 0.018 0.02 0.068 0.048 0.004 0.015 0.026
319 I 0.047 0.02 0.015 0.018 0.016 0.015 0.019 0.021 0.01 0.257 0.169 0.025 0.06 0.044 0.015 0.026 0.039 0.006 0.021 0.159
