#Seq2Logo.py -f /work3/idamei/ssn-clusterings/2206011120/clusters/0014_37/sequences.afa -m 0.0001 -b 50 -o /work3/idamei/ssn-clusterings/2206011120/clusters/0014_37/sequences.logo -p 640x1000 -l 30
#Position Specific Frequency Matrix
A R N D C Q E G H I L K M F P S T W Y V
0 L 0.053 0.033 0.02 0.02 0.016 0.028 0.028 0.028 0.016 0.102 0.199 0.037 0.149 0.049 0.016 0.037 0.041 0.008 0.024 0.094
1 G 0.079 0.023 0.04 0.034 0.011 0.019 0.026 0.503 0.014 0.019 0.029 0.034 0.01 0.016 0.019 0.052 0.03 0.005 0.011 0.025
2 V 0.071 0.022 0.017 0.018 0.019 0.017 0.024 0.025 0.008 0.167 0.132 0.026 0.032 0.036 0.017 0.033 0.05 0.006 0.021 0.259
3 F 0.034 0.019 0.017 0.017 0.011 0.011 0.019 0.026 0.017 0.064 0.116 0.019 0.026 0.379 0.011 0.026 0.026 0.017 0.09 0.056
4 M 0.047 0.029 0.018 0.018 0.014 0.025 0.025 0.025 0.014 0.09 0.176 0.032 0.251 0.043 0.014 0.032 0.036 0.007 0.022 0.082
5 I 0.081 0.019 0.018 0.019 0.034 0.015 0.021 0.027 0.009 0.262 0.123 0.026 0.028 0.034 0.016 0.037 0.078 0.005 0.017 0.13
6 Y 0.038 0.025 0.02 0.018 0.009 0.02 0.026 0.024 0.041 0.038 0.06 0.029 0.017 0.113 0.014 0.038 0.027 0.024 0.377 0.042
7 I 0.048 0.018 0.015 0.018 0.016 0.013 0.018 0.021 0.009 0.264 0.17 0.024 0.037 0.045 0.015 0.025 0.04 0.006 0.021 0.178
8 L 0.045 0.025 0.014 0.015 0.016 0.016 0.02 0.022 0.01 0.117 0.369 0.026 0.05 0.055 0.014 0.025 0.034 0.007 0.023 0.097
9 K 0.058 0.108 0.042 0.042 0.009 0.054 0.072 0.044 0.021 0.028 0.044 0.271 0.016 0.016 0.028 0.054 0.04 0.005 0.017 0.033
10 L 0.045 0.025 0.014 0.015 0.016 0.016 0.02 0.022 0.01 0.117 0.369 0.026 0.05 0.055 0.014 0.025 0.034 0.007 0.023 0.097
11 N 0.043 0.045 0.31 0.084 0.009 0.034 0.05 0.066 0.032 0.023 0.032 0.054 0.011 0.018 0.02 0.07 0.05 0.005 0.016 0.027
12 I 0.048 0.018 0.015 0.018 0.016 0.013 0.018 0.021 0.009 0.264 0.17 0.024 0.037 0.045 0.015 0.025 0.04 0.006 0.021 0.178
13 T 0.074 0.036 0.044 0.038 0.018 0.028 0.04 0.044 0.014 0.054 0.066 0.046 0.02 0.024 0.028 0.094 0.239 0.006 0.018 0.072
14 Y 0.041 0.028 0.022 0.019 0.009 0.022 0.028 0.025 0.047 0.044 0.069 0.032 0.019 0.132 0.016 0.032 0.028 0.028 0.311 0.047
15 S 0.111 0.041 0.055 0.049 0.018 0.034 0.053 0.067 0.019 0.03 0.042 0.055 0.016 0.021 0.03 0.212 0.083 0.005 0.018 0.042
16 S 0.111 0.041 0.055 0.049 0.018 0.034 0.053 0.067 0.019 0.03 0.042 0.055 0.016 0.021 0.03 0.212 0.083 0.005 0.018 0.042
17 D 0.041 0.03 0.07 0.391 0.008 0.03 0.092 0.047 0.019 0.023 0.028 0.045 0.009 0.015 0.023 0.053 0.036 0.004 0.011 0.025
18 S 0.111 0.041 0.055 0.049 0.018 0.034 0.053 0.067 0.019 0.03 0.042 0.055 0.016 0.021 0.03 0.212 0.083 0.005 0.018 0.042
19 R 0.045 0.338 0.039 0.031 0.008 0.049 0.053 0.033 0.024 0.024 0.047 0.121 0.016 0.018 0.02 0.045 0.035 0.006 0.018 0.031
20 N 0.043 0.045 0.31 0.084 0.009 0.034 0.05 0.066 0.032 0.023 0.032 0.054 0.011 0.018 0.02 0.07 0.05 0.005 0.016 0.027
21 G 0.079 0.023 0.039 0.034 0.011 0.019 0.026 0.505 0.014 0.019 0.029 0.034 0.009 0.016 0.019 0.052 0.03 0.005 0.011 0.025
22 L 0.091 0.02 0.015 0.017 0.016 0.015 0.02 0.026 0.009 0.206 0.215 0.024 0.033 0.038 0.015 0.031 0.036 0.005 0.018 0.151
23 V 0.097 0.022 0.02 0.02 0.089 0.017 0.024 0.032 0.015 0.074 0.081 0.027 0.021 0.099 0.017 0.043 0.077 0.009 0.078 0.137
24 I 0.042 0.016 0.013 0.016 0.014 0.012 0.016 0.018 0.008 0.349 0.15 0.021 0.033 0.039 0.013 0.022 0.036 0.005 0.018 0.158
25 F 0.103 0.025 0.026 0.025 0.014 0.018 0.029 0.039 0.014 0.08 0.081 0.031 0.021 0.162 0.018 0.106 0.064 0.008 0.037 0.099
26 F 0.052 0.019 0.015 0.015 0.012 0.012 0.019 0.024 0.013 0.078 0.198 0.02 0.029 0.277 0.012 0.026 0.028 0.011 0.053 0.089
27 L 0.04 0.021 0.013 0.014 0.014 0.014 0.018 0.019 0.009 0.138 0.401 0.022 0.043 0.047 0.013 0.022 0.031 0.006 0.02 0.096
28 L 0.071 0.021 0.015 0.016 0.014 0.015 0.02 0.026 0.011 0.121 0.213 0.024 0.063 0.148 0.014 0.029 0.032 0.008 0.035 0.102
29 L 0.163 0.022 0.017 0.019 0.054 0.017 0.025 0.039 0.01 0.102 0.185 0.028 0.028 0.032 0.018 0.044 0.039 0.005 0.017 0.136
30 L 0.041 0.022 0.014 0.015 0.014 0.016 0.019 0.02 0.01 0.136 0.35 0.024 0.082 0.046 0.013 0.024 0.032 0.006 0.02 0.096
31 L 0.156 0.024 0.018 0.02 0.015 0.018 0.026 0.04 0.011 0.065 0.219 0.03 0.028 0.037 0.018 0.045 0.055 0.083 0.024 0.067
32 L 0.053 0.02 0.014 0.015 0.013 0.013 0.018 0.022 0.011 0.122 0.285 0.022 0.035 0.161 0.012 0.025 0.029 0.009 0.036 0.084
33 A 0.139 0.022 0.02 0.021 0.014 0.017 0.025 0.113 0.012 0.068 0.133 0.028 0.039 0.119 0.017 0.043 0.035 0.007 0.03 0.099
34 E 0.049 0.044 0.036 0.081 0.007 0.058 0.372 0.031 0.023 0.02 0.033 0.067 0.012 0.015 0.023 0.049 0.033 0.005 0.015 0.028
35 L 0.04 0.086 0.02 0.02 0.011 0.022 0.028 0.024 0.015 0.136 0.145 0.081 0.026 0.136 0.014 0.029 0.031 0.009 0.05 0.079
36 L 0.051 0.088 0.025 0.024 0.087 0.024 0.032 0.031 0.014 0.089 0.124 0.084 0.022 0.087 0.017 0.071 0.037 0.006 0.025 0.063
37 L 0.041 0.019 0.013 0.015 0.014 0.013 0.017 0.019 0.008 0.226 0.296 0.022 0.039 0.044 0.013 0.022 0.033 0.006 0.019 0.122
38 S 0.072 0.036 0.143 0.049 0.014 0.028 0.043 0.053 0.019 0.031 0.041 0.046 0.014 0.019 0.024 0.171 0.137 0.005 0.015 0.041
39 G 0.055 0.046 0.139 0.047 0.009 0.067 0.048 0.195 0.049 0.021 0.032 0.091 0.012 0.016 0.02 0.069 0.037 0.005 0.016 0.026
40 R 0.051 0.226 0.035 0.031 0.008 0.037 0.044 0.184 0.018 0.021 0.036 0.144 0.012 0.015 0.019 0.043 0.031 0.005 0.014 0.026
41 K 0.049 0.155 0.037 0.035 0.008 0.056 0.061 0.037 0.019 0.024 0.039 0.298 0.014 0.014 0.023 0.046 0.035 0.005 0.016 0.029
42 L 0.042 0.019 0.017 0.017 0.012 0.013 0.018 0.098 0.011 0.113 0.244 0.022 0.031 0.158 0.012 0.026 0.028 0.008 0.035 0.076
43 S 0.098 0.036 0.048 0.044 0.016 0.03 0.047 0.059 0.017 0.027 0.037 0.048 0.014 0.019 0.027 0.303 0.073 0.005 0.016 0.037
44 P 0.051 0.023 0.021 0.028 0.009 0.018 0.032 0.032 0.012 0.023 0.032 0.037 0.009 0.012 0.548 0.039 0.032 0.002 0.012 0.028
45 T 0.07 0.032 0.04 0.035 0.016 0.025 0.037 0.042 0.013 0.045 0.055 0.042 0.017 0.021 0.025 0.114 0.291 0.005 0.016 0.06
46 I 0.051 0.02 0.019 0.019 0.014 0.015 0.021 0.025 0.01 0.197 0.164 0.025 0.03 0.096 0.015 0.063 0.039 0.007 0.027 0.142
47 V 0.06 0.019 0.015 0.016 0.017 0.014 0.02 0.022 0.007 0.176 0.121 0.023 0.029 0.033 0.015 0.028 0.043 0.005 0.018 0.32
48 L 0.048 0.026 0.019 0.019 0.015 0.022 0.024 0.025 0.012 0.123 0.193 0.03 0.157 0.04 0.015 0.037 0.077 0.006 0.02 0.091
49 L 0.046 0.024 0.022 0.02 0.089 0.018 0.024 0.025 0.068 0.127 0.212 0.027 0.029 0.035 0.015 0.035 0.073 0.006 0.022 0.084
50 S 0.08 0.029 0.037 0.034 0.09 0.024 0.036 0.046 0.014 0.078 0.059 0.039 0.017 0.022 0.023 0.194 0.098 0.005 0.015 0.06
51 L 0.041 0.019 0.013 0.015 0.014 0.013 0.017 0.019 0.009 0.208 0.317 0.022 0.039 0.045 0.013 0.022 0.032 0.006 0.019 0.117
52 W 0.027 0.02 0.014 0.014 0.007 0.014 0.02 0.027 0.014 0.027 0.047 0.02 0.014 0.054 0.007 0.02 0.02 0.547 0.061 0.027
53 G 0.143 0.023 0.023 0.023 0.014 0.019 0.025 0.19 0.012 0.093 0.132 0.031 0.054 0.028 0.018 0.046 0.035 0.005 0.016 0.07
54 V 0.064 0.021 0.024 0.022 0.015 0.017 0.023 0.179 0.009 0.11 0.084 0.028 0.021 0.026 0.017 0.041 0.079 0.005 0.016 0.2
55 V 0.076 0.026 0.075 0.03 0.015 0.02 0.029 0.035 0.012 0.112 0.087 0.032 0.022 0.027 0.018 0.07 0.087 0.005 0.017 0.204
56 L 0.04 0.021 0.013 0.014 0.014 0.014 0.018 0.019 0.009 0.138 0.401 0.022 0.043 0.047 0.013 0.022 0.031 0.006 0.02 0.096
57 V 0.05 0.02 0.017 0.017 0.015 0.015 0.02 0.023 0.01 0.159 0.165 0.024 0.04 0.096 0.014 0.031 0.064 0.007 0.027 0.187
58 L 0.094 0.021 0.015 0.017 0.016 0.015 0.021 0.028 0.009 0.124 0.225 0.025 0.032 0.067 0.015 0.032 0.037 0.006 0.023 0.178
59 C 0.148 0.021 0.021 0.021 0.316 0.016 0.024 0.043 0.01 0.04 0.056 0.028 0.015 0.019 0.019 0.062 0.069 0.004 0.013 0.055
60 S 0.099 0.038 0.046 0.101 0.014 0.067 0.057 0.053 0.018 0.028 0.039 0.051 0.014 0.017 0.025 0.199 0.078 0.005 0.015 0.038
61 F 0.033 0.017 0.015 0.015 0.01 0.011 0.017 0.022 0.015 0.118 0.109 0.019 0.024 0.34 0.011 0.023 0.026 0.014 0.088 0.072
62 Y 0.034 0.023 0.018 0.016 0.009 0.017 0.023 0.022 0.034 0.044 0.073 0.025 0.018 0.213 0.013 0.026 0.024 0.022 0.302 0.044
63 E 0.063 0.042 0.04 0.07 0.009 0.05 0.279 0.039 0.021 0.022 0.034 0.062 0.012 0.016 0.024 0.122 0.044 0.005 0.015 0.031
64 S 0.075 0.034 0.082 0.135 0.013 0.028 0.052 0.052 0.017 0.028 0.037 0.045 0.013 0.018 0.024 0.194 0.098 0.004 0.014 0.036
65 Y 0.087 0.028 0.032 0.101 0.012 0.025 0.063 0.037 0.022 0.052 0.059 0.037 0.017 0.048 0.019 0.08 0.053 0.01 0.122 0.094
66 L 0.041 0.019 0.014 0.015 0.013 0.013 0.018 0.02 0.01 0.131 0.257 0.021 0.034 0.16 0.012 0.023 0.031 0.008 0.036 0.123
67 G 0.046 0.022 0.024 0.022 0.01 0.016 0.023 0.18 0.017 0.033 0.052 0.027 0.014 0.104 0.014 0.038 0.067 0.164 0.09 0.036
68 D 0.046 0.035 0.04 0.161 0.009 0.067 0.103 0.035 0.021 0.028 0.04 0.048 0.013 0.029 0.096 0.049 0.074 0.007 0.067 0.034
69 I 0.042 0.018 0.013 0.015 0.015 0.013 0.017 0.019 0.008 0.269 0.232 0.022 0.036 0.042 0.013 0.022 0.034 0.006 0.019 0.146
70 S 0.098 0.036 0.048 0.044 0.016 0.03 0.047 0.059 0.017 0.027 0.037 0.048 0.014 0.019 0.027 0.303 0.073 0.005 0.016 0.037
71 N 0.055 0.029 0.137 0.103 0.011 0.023 0.041 0.094 0.018 0.044 0.052 0.037 0.015 0.081 0.018 0.094 0.043 0.006 0.023 0.076
72 E 0.047 0.037 0.036 0.138 0.009 0.073 0.169 0.031 0.018 0.05 0.103 0.051 0.019 0.022 0.019 0.042 0.034 0.005 0.016 0.081
73 T 0.108 0.031 0.036 0.032 0.016 0.024 0.035 0.043 0.012 0.046 0.057 0.04 0.017 0.021 0.025 0.082 0.287 0.005 0.016 0.063
74 L 0.041 0.023 0.013 0.014 0.014 0.016 0.019 0.02 0.01 0.101 0.404 0.024 0.074 0.048 0.013 0.023 0.031 0.006 0.02 0.085
75 L 0.045 0.023 0.019 0.019 0.012 0.017 0.023 0.028 0.013 0.066 0.193 0.026 0.059 0.16 0.013 0.064 0.033 0.086 0.042 0.06
76 W 0.027 0.02 0.014 0.014 0.007 0.014 0.02 0.027 0.014 0.027 0.047 0.02 0.014 0.054 0.007 0.02 0.02 0.547 0.061 0.027
77 I 0.044 0.016 0.013 0.016 0.015 0.012 0.016 0.019 0.008 0.327 0.146 0.021 0.032 0.039 0.013 0.023 0.036 0.005 0.018 0.178
78 L 0.046 0.022 0.018 0.017 0.114 0.016 0.021 0.025 0.011 0.075 0.228 0.025 0.061 0.096 0.015 0.035 0.073 0.007 0.026 0.07
79 L 0.06 0.024 0.025 0.024 0.015 0.018 0.025 0.106 0.011 0.113 0.182 0.03 0.027 0.032 0.017 0.075 0.081 0.005 0.017 0.114
80 G 0.07 0.02 0.035 0.03 0.01 0.017 0.023 0.563 0.012 0.017 0.025 0.03 0.008 0.014 0.017 0.046 0.027 0.005 0.01 0.022
81 C 0.051 0.023 0.122 0.032 0.238 0.017 0.024 0.035 0.013 0.094 0.071 0.028 0.018 0.023 0.015 0.041 0.038 0.004 0.014 0.101
82 F 0.126 0.023 0.021 0.022 0.015 0.017 0.027 0.038 0.013 0.07 0.148 0.029 0.025 0.15 0.017 0.076 0.04 0.008 0.035 0.1
83 A 0.183 0.029 0.028 0.028 0.042 0.023 0.034 0.051 0.014 0.052 0.122 0.038 0.053 0.027 0.022 0.125 0.049 0.005 0.017 0.061
84 F 0.03 0.017 0.015 0.015 0.009 0.009 0.017 0.023 0.015 0.057 0.102 0.017 0.023 0.453 0.009 0.023 0.023 0.015 0.079 0.049
85 F 0.03 0.017 0.015 0.015 0.009 0.009 0.017 0.023 0.015 0.057 0.102 0.017 0.023 0.453 0.009 0.023 0.023 0.015 0.079 0.049
86 L 0.047 0.019 0.014 0.015 0.015 0.013 0.019 0.021 0.009 0.148 0.228 0.022 0.033 0.099 0.013 0.025 0.035 0.007 0.028 0.19
87 G 0.07 0.02 0.035 0.03 0.01 0.017 0.023 0.563 0.012 0.017 0.025 0.03 0.008 0.014 0.017 0.046 0.027 0.005 0.01 0.022
88 G 0.07 0.02 0.035 0.03 0.01 0.017 0.023 0.563 0.012 0.017 0.025 0.03 0.008 0.014 0.017 0.046 0.027 0.005 0.01 0.022
89 L 0.039 0.022 0.041 0.019 0.013 0.016 0.02 0.023 0.012 0.113 0.259 0.024 0.065 0.141 0.013 0.026 0.031 0.008 0.034 0.081
90 F 0.035 0.018 0.014 0.015 0.012 0.012 0.017 0.021 0.012 0.141 0.19 0.02 0.03 0.206 0.011 0.022 0.027 0.067 0.047 0.084
91 G 0.082 0.027 0.041 0.036 0.012 0.022 0.033 0.347 0.014 0.021 0.03 0.038 0.011 0.016 0.021 0.156 0.047 0.005 0.012 0.028
92 K 0.047 0.145 0.087 0.041 0.008 0.044 0.058 0.04 0.02 0.023 0.038 0.267 0.013 0.014 0.022 0.048 0.036 0.005 0.015 0.028
93 L 0.089 0.02 0.015 0.018 0.014 0.015 0.022 0.028 0.009 0.188 0.203 0.026 0.03 0.035 0.091 0.032 0.035 0.005 0.017 0.105
94 L 0.04 0.019 0.015 0.017 0.013 0.013 0.019 0.022 0.011 0.152 0.203 0.023 0.03 0.141 0.089 0.025 0.031 0.008 0.033 0.098
95 F 0.06 0.025 0.028 0.026 0.013 0.018 0.029 0.035 0.014 0.07 0.081 0.03 0.021 0.192 0.017 0.112 0.084 0.009 0.041 0.094
96 N 0.041 0.094 0.136 0.103 0.008 0.029 0.047 0.04 0.02 0.026 0.042 0.093 0.013 0.077 0.094 0.046 0.034 0.006 0.023 0.029
97 I 0.087 0.097 0.055 0.025 0.049 0.021 0.028 0.033 0.016 0.125 0.084 0.042 0.021 0.093 0.016 0.039 0.034 0.008 0.052 0.075
98 Y 0.039 0.027 0.021 0.018 0.009 0.021 0.027 0.024 0.045 0.042 0.066 0.03 0.018 0.126 0.015 0.03 0.027 0.027 0.344 0.045
99 K 0.057 0.094 0.068 0.036 0.01 0.033 0.045 0.121 0.017 0.034 0.093 0.158 0.017 0.02 0.021 0.081 0.039 0.005 0.015 0.037
100 F 0.094 0.023 0.023 0.022 0.015 0.017 0.025 0.033 0.012 0.106 0.091 0.028 0.022 0.148 0.018 0.048 0.118 0.008 0.035 0.113
101 R 0.094 0.168 0.033 0.031 0.01 0.037 0.048 0.04 0.046 0.025 0.04 0.151 0.013 0.016 0.097 0.06 0.036 0.005 0.017 0.033
102 N 0.057 0.033 0.176 0.111 0.011 0.027 0.046 0.051 0.021 0.027 0.041 0.043 0.013 0.079 0.02 0.135 0.049 0.006 0.023 0.032
103 T 0.056 0.026 0.028 0.026 0.013 0.021 0.029 0.032 0.02 0.117 0.079 0.033 0.021 0.053 0.019 0.083 0.132 0.011 0.124 0.077
104 S 0.093 0.035 0.045 0.043 0.015 0.029 0.046 0.057 0.017 0.028 0.039 0.049 0.014 0.018 0.15 0.198 0.068 0.004 0.016 0.038
105 L 0.043 0.022 0.014 0.015 0.016 0.015 0.019 0.02 0.009 0.158 0.34 0.024 0.045 0.05 0.014 0.024 0.034 0.007 0.021 0.112
106 D 0.045 0.042 0.108 0.152 0.008 0.108 0.112 0.041 0.022 0.021 0.033 0.057 0.012 0.014 0.096 0.05 0.036 0.004 0.014 0.027
107 V 0.068 0.037 0.022 0.022 0.016 0.019 0.027 0.03 0.01 0.116 0.113 0.031 0.026 0.029 0.017 0.085 0.049 0.005 0.018 0.261
108 R 0.045 0.145 0.134 0.04 0.008 0.031 0.039 0.126 0.024 0.023 0.037 0.081 0.012 0.03 0.043 0.046 0.034 0.007 0.068 0.028
109 P 0.058 0.091 0.085 0.039 0.01 0.054 0.045 0.098 0.018 0.022 0.034 0.069 0.012 0.015 0.171 0.092 0.041 0.004 0.014 0.029
110 V 0.05 0.023 0.068 0.024 0.015 0.017 0.023 0.026 0.011 0.188 0.123 0.027 0.059 0.034 0.015 0.032 0.04 0.005 0.018 0.2
111 G 0.059 0.083 0.085 0.037 0.01 0.025 0.035 0.191 0.016 0.024 0.035 0.048 0.011 0.016 0.12 0.076 0.078 0.004 0.013 0.031
112 L 0.046 0.028 0.02 0.021 0.014 0.056 0.03 0.024 0.012 0.156 0.235 0.033 0.033 0.036 0.016 0.035 0.075 0.006 0.019 0.105
113 L 0.047 0.034 0.02 0.02 0.014 0.021 0.028 0.026 0.011 0.084 0.333 0.073 0.047 0.041 0.016 0.053 0.035 0.006 0.019 0.073
114 F 0.038 0.029 0.017 0.018 0.011 0.017 0.024 0.023 0.013 0.125 0.176 0.067 0.028 0.215 0.013 0.026 0.029 0.01 0.044 0.077
115 V 0.146 0.024 0.02 0.021 0.017 0.018 0.027 0.038 0.01 0.096 0.137 0.03 0.025 0.029 0.019 0.049 0.083 0.005 0.017 0.188
116 L 0.096 0.024 0.02 0.021 0.015 0.018 0.025 0.033 0.011 0.152 0.214 0.029 0.057 0.037 0.017 0.071 0.04 0.006 0.018 0.096
117 P 0.051 0.023 0.021 0.028 0.009 0.018 0.032 0.032 0.012 0.023 0.032 0.037 0.009 0.012 0.548 0.039 0.032 0.002 0.012 0.028
118 L 0.04 0.018 0.014 0.015 0.013 0.012 0.017 0.02 0.01 0.171 0.216 0.021 0.033 0.159 0.012 0.023 0.031 0.008 0.036 0.129
119 Y 0.036 0.025 0.019 0.017 0.008 0.019 0.025 0.022 0.042 0.039 0.061 0.028 0.017 0.117 0.014 0.028 0.025 0.025 0.391 0.042
120 I 0.074 0.019 0.016 0.017 0.015 0.014 0.019 0.062 0.009 0.243 0.194 0.024 0.032 0.038 0.015 0.029 0.035 0.005 0.018 0.123
121 L 0.042 0.019 0.013 0.015 0.015 0.013 0.017 0.019 0.008 0.212 0.294 0.022 0.038 0.044 0.013 0.023 0.033 0.006 0.019 0.135
122 M 0.057 0.029 0.024 0.023 0.015 0.024 0.028 0.031 0.013 0.084 0.132 0.034 0.152 0.035 0.018 0.067 0.096 0.006 0.019 0.112
123 F 0.115 0.02 0.017 0.018 0.013 0.014 0.022 0.058 0.013 0.099 0.142 0.024 0.025 0.212 0.015 0.036 0.031 0.01 0.044 0.072
124 F 0.062 0.021 0.018 0.017 0.012 0.014 0.021 0.026 0.017 0.078 0.141 0.023 0.025 0.23 0.013 0.032 0.05 0.012 0.098 0.087
125 L 0.084 0.021 0.015 0.016 0.014 0.014 0.02 0.027 0.011 0.117 0.26 0.023 0.033 0.144 0.014 0.03 0.031 0.008 0.034 0.083
126 L 0.095 0.026 0.022 0.022 0.014 0.02 0.027 0.035 0.018 0.098 0.108 0.031 0.086 0.105 0.017 0.074 0.039 0.01 0.08 0.073
127 Y 0.035 0.021 0.017 0.016 0.01 0.016 0.021 0.022 0.029 0.088 0.085 0.024 0.021 0.202 0.013 0.026 0.026 0.019 0.249 0.06
128 H 0.04 0.046 0.084 0.036 0.008 0.067 0.047 0.035 0.135 0.035 0.079 0.086 0.018 0.114 0.017 0.04 0.03 0.008 0.04 0.035
129 M 0.047 0.029 0.018 0.018 0.014 0.025 0.025 0.025 0.014 0.09 0.176 0.032 0.251 0.043 0.014 0.032 0.036 0.007 0.022 0.082
130 Y 0.045 0.023 0.017 0.016 0.012 0.018 0.022 0.022 0.023 0.12 0.118 0.026 0.056 0.072 0.014 0.028 0.033 0.014 0.179 0.142
131 L 0.051 0.102 0.082 0.036 0.011 0.05 0.045 0.037 0.018 0.046 0.153 0.118 0.022 0.025 0.019 0.078 0.04 0.005 0.017 0.046
132 E 0.147 0.035 0.031 0.05 0.013 0.037 0.179 0.044 0.017 0.045 0.052 0.05 0.016 0.019 0.023 0.08 0.056 0.005 0.016 0.086
133 G 0.07 0.02 0.035 0.03 0.01 0.017 0.023 0.563 0.012 0.017 0.025 0.03 0.008 0.014 0.017 0.046 0.027 0.005 0.01 0.022
134 L 0.136 0.034 0.021 0.022 0.014 0.022 0.031 0.039 0.013 0.063 0.206 0.075 0.027 0.092 0.019 0.054 0.036 0.007 0.026 0.063
135 S 0.116 0.033 0.088 0.04 0.014 0.027 0.039 0.09 0.017 0.037 0.059 0.043 0.047 0.022 0.023 0.164 0.074 0.005 0.016 0.046
136 E 0.05 0.04 0.03 0.057 0.009 0.079 0.231 0.029 0.019 0.086 0.063 0.056 0.018 0.021 0.02 0.043 0.035 0.005 0.016 0.093
137 D 0.076 0.034 0.149 0.171 0.011 0.029 0.055 0.054 0.02 0.023 0.032 0.045 0.011 0.016 0.022 0.15 0.052 0.004 0.014 0.03
138 S 0.068 0.041 0.045 0.114 0.011 0.076 0.151 0.045 0.02 0.023 0.035 0.057 0.013 0.016 0.024 0.158 0.051 0.005 0.015 0.032
139 N 0.038 0.04 0.39 0.074 0.008 0.03 0.044 0.058 0.028 0.02 0.028 0.048 0.01 0.016 0.018 0.062 0.044 0.004 0.014 0.024
140 W 0.028 0.019 0.014 0.014 0.008 0.012 0.019 0.026 0.014 0.035 0.063 0.019 0.016 0.168 0.008 0.021 0.021 0.395 0.066 0.033
141 Y 0.036 0.025 0.019 0.017 0.008 0.019 0.025 0.022 0.042 0.039 0.061 0.028 0.017 0.117 0.014 0.028 0.025 0.025 0.391 0.042
142 V 0.056 0.019 0.015 0.016 0.016 0.015 0.02 0.021 0.008 0.201 0.13 0.023 0.045 0.035 0.014 0.028 0.041 0.005 0.019 0.274
143 G 0.07 0.02 0.035 0.03 0.01 0.017 0.023 0.563 0.012 0.017 0.025 0.03 0.008 0.014 0.017 0.046 0.027 0.005 0.01 0.022
144 I 0.042 0.018 0.014 0.016 0.014 0.014 0.017 0.019 0.009 0.289 0.194 0.022 0.055 0.041 0.013 0.023 0.035 0.006 0.019 0.14
145 R 0.04 0.415 0.035 0.028 0.007 0.043 0.047 0.029 0.021 0.021 0.042 0.107 0.014 0.016 0.017 0.04 0.031 0.005 0.016 0.028
146 L 0.1 0.092 0.03 0.028 0.013 0.028 0.037 0.039 0.014 0.087 0.117 0.091 0.022 0.025 0.021 0.085 0.082 0.005 0.017 0.066
147 I 0.042 0.016 0.013 0.016 0.014 0.012 0.016 0.018 0.008 0.349 0.15 0.021 0.033 0.039 0.013 0.022 0.036 0.005 0.018 0.158
148 I 0.042 0.016 0.013 0.016 0.014 0.012 0.016 0.018 0.008 0.349 0.15 0.021 0.033 0.039 0.013 0.022 0.036 0.005 0.018 0.158
149 N 0.038 0.04 0.39 0.074 0.008 0.03 0.044 0.058 0.028 0.02 0.028 0.048 0.01 0.016 0.018 0.062 0.044 0.004 0.014 0.024
150 Y 0.036 0.025 0.019 0.017 0.008 0.019 0.025 0.022 0.042 0.039 0.061 0.028 0.017 0.117 0.014 0.028 0.025 0.025 0.391 0.042
151 G 0.07 0.02 0.035 0.03 0.01 0.017 0.023 0.563 0.012 0.017 0.025 0.03 0.008 0.014 0.017 0.046 0.027 0.005 0.01 0.022
152 E 0.054 0.041 0.042 0.13 0.008 0.049 0.284 0.037 0.021 0.021 0.032 0.061 0.011 0.015 0.023 0.085 0.038 0.005 0.014 0.028
153 P 0.052 0.023 0.022 0.028 0.009 0.019 0.033 0.033 0.012 0.023 0.033 0.037 0.009 0.012 0.529 0.049 0.034 0.002 0.012 0.028
154 D 0.046 0.031 0.13 0.319 0.008 0.028 0.069 0.048 0.019 0.021 0.027 0.043 0.009 0.015 0.021 0.087 0.04 0.004 0.012 0.024
155 W 0.083 0.024 0.018 0.026 0.011 0.02 0.071 0.031 0.014 0.089 0.125 0.03 0.022 0.098 0.014 0.033 0.029 0.161 0.039 0.062
156 F 0.062 0.021 0.019 0.019 0.011 0.015 0.023 0.028 0.022 0.09 0.089 0.025 0.021 0.236 0.014 0.048 0.03 0.015 0.151 0.063
157 F 0.03 0.017 0.015 0.015 0.009 0.009 0.017 0.023 0.015 0.057 0.102 0.017 0.023 0.453 0.009 0.023 0.023 0.015 0.079 0.049
158 I 0.052 0.099 0.028 0.028 0.012 0.029 0.038 0.032 0.014 0.163 0.087 0.133 0.022 0.026 0.019 0.072 0.04 0.005 0.017 0.085
159 A 0.184 0.023 0.018 0.02 0.017 0.019 0.026 0.042 0.011 0.136 0.134 0.031 0.049 0.031 0.019 0.047 0.04 0.005 0.018 0.129
160 F 0.03 0.017 0.015 0.015 0.009 0.009 0.017 0.023 0.015 0.057 0.102 0.017 0.023 0.453 0.009 0.023 0.023 0.015 0.079 0.049
161 G 0.07 0.02 0.035 0.03 0.01 0.017 0.023 0.563 0.012 0.017 0.025 0.03 0.008 0.014 0.017 0.046 0.027 0.005 0.01 0.022
162 Y 0.036 0.025 0.019 0.017 0.008 0.019 0.025 0.022 0.042 0.039 0.061 0.028 0.017 0.117 0.014 0.028 0.025 0.025 0.391 0.042
163 L 0.044 0.021 0.014 0.015 0.015 0.016 0.019 0.02 0.01 0.175 0.277 0.024 0.079 0.043 0.013 0.025 0.034 0.006 0.02 0.131
164 Y 0.036 0.025 0.019 0.017 0.008 0.019 0.025 0.022 0.042 0.039 0.061 0.028 0.017 0.117 0.014 0.028 0.025 0.025 0.391 0.042
165 Y 0.036 0.025 0.019 0.017 0.008 0.019 0.025 0.022 0.042 0.039 0.061 0.028 0.017 0.117 0.014 0.028 0.025 0.025 0.391 0.042
166 L 0.039 0.019 0.013 0.014 0.014 0.013 0.017 0.019 0.01 0.167 0.31 0.021 0.038 0.104 0.012 0.022 0.03 0.007 0.028 0.101
167 I 0.042 0.017 0.013 0.015 0.014 0.012 0.016 0.018 0.008 0.314 0.192 0.021 0.034 0.041 0.013 0.022 0.035 0.005 0.019 0.148
168 Y 0.036 0.024 0.019 0.017 0.008 0.019 0.024 0.022 0.04 0.04 0.064 0.027 0.017 0.141 0.014 0.027 0.025 0.024 0.369 0.042
169 P 0.051 0.023 0.021 0.028 0.009 0.018 0.032 0.032 0.012 0.023 0.032 0.037 0.009 0.012 0.548 0.039 0.032 0.002 0.012 0.028
170 V 0.088 0.022 0.017 0.019 0.016 0.017 0.023 0.028 0.009 0.152 0.12 0.027 0.059 0.033 0.016 0.046 0.043 0.005 0.018 0.24
171 L 0.04 0.02 0.014 0.014 0.013 0.013 0.018 0.02 0.011 0.096 0.299 0.021 0.036 0.162 0.012 0.023 0.03 0.009 0.037 0.113
172 F 0.034 0.022 0.018 0.016 0.009 0.015 0.022 0.022 0.03 0.047 0.079 0.023 0.019 0.261 0.012 0.026 0.024 0.021 0.257 0.045
173 I 0.047 0.018 0.013 0.015 0.015 0.013 0.018 0.02 0.008 0.226 0.225 0.022 0.035 0.04 0.013 0.024 0.036 0.005 0.019 0.187
174 S 0.091 0.037 0.047 0.049 0.014 0.034 0.093 0.055 0.018 0.026 0.037 0.051 0.014 0.018 0.026 0.267 0.067 0.005 0.016 0.036
175 A 0.322 0.026 0.022 0.025 0.094 0.021 0.033 0.064 0.012 0.039 0.054 0.037 0.015 0.019 0.025 0.07 0.043 0.005 0.015 0.06
176 V 0.179 0.023 0.019 0.021 0.018 0.018 0.027 0.041 0.01 0.13 0.094 0.03 0.024 0.028 0.019 0.049 0.053 0.005 0.017 0.198
177 A 0.153 0.14 0.032 0.03 0.014 0.029 0.04 0.048 0.016 0.046 0.054 0.059 0.016 0.02 0.022 0.124 0.049 0.005 0.016 0.086
178 Y 0.038 0.037 0.026 0.022 0.008 0.026 0.034 0.026 0.093 0.034 0.054 0.077 0.016 0.089 0.016 0.032 0.026 0.019 0.289 0.037
179 Y 0.035 0.024 0.019 0.016 0.008 0.018 0.024 0.022 0.038 0.041 0.067 0.026 0.018 0.165 0.013 0.027 0.025 0.024 0.346 0.043
180 L 0.058 0.095 0.083 0.036 0.012 0.03 0.041 0.04 0.017 0.046 0.153 0.093 0.022 0.026 0.02 0.114 0.045 0.005 0.017 0.047
181 N 0.047 0.037 0.225 0.116 0.009 0.047 0.05 0.05 0.024 0.028 0.061 0.047 0.014 0.023 0.019 0.089 0.044 0.005 0.032 0.031
182 P 0.057 0.041 0.03 0.033 0.01 0.064 0.047 0.038 0.015 0.024 0.035 0.09 0.012 0.013 0.323 0.08 0.039 0.003 0.014 0.03
183 S 0.089 0.036 0.044 0.04 0.015 0.029 0.045 0.054 0.025 0.032 0.047 0.047 0.016 0.047 0.025 0.195 0.066 0.01 0.099 0.041
184 L 0.041 0.032 0.107 0.048 0.01 0.029 0.107 0.034 0.02 0.052 0.147 0.041 0.023 0.128 0.017 0.041 0.034 0.008 0.033 0.049
185 N 0.063 0.037 0.218 0.057 0.012 0.029 0.044 0.056 0.022 0.026 0.036 0.047 0.013 0.018 0.022 0.151 0.095 0.004 0.015 0.034
186 K 0.051 0.096 0.037 0.037 0.008 0.048 0.063 0.039 0.018 0.025 0.039 0.355 0.014 0.014 0.025 0.048 0.035 0.005 0.015 0.029
187 E 0.049 0.17 0.036 0.053 0.007 0.05 0.19 0.034 0.021 0.021 0.037 0.141 0.013 0.015 0.022 0.058 0.035 0.005 0.015 0.029
188 D 0.098 0.085 0.093 0.161 0.01 0.028 0.051 0.123 0.018 0.023 0.034 0.051 0.011 0.016 0.021 0.089 0.04 0.004 0.013 0.031
189 K 0.139 0.122 0.033 0.033 0.011 0.04 0.053 0.046 0.017 0.028 0.043 0.23 0.014 0.016 0.024 0.055 0.037 0.005 0.016 0.038
190 R 0.049 0.206 0.086 0.036 0.009 0.037 0.046 0.038 0.024 0.025 0.041 0.115 0.014 0.03 0.019 0.08 0.039 0.008 0.069 0.031
191 R 0.051 0.138 0.078 0.031 0.012 0.027 0.034 0.034 0.016 0.098 0.122 0.054 0.022 0.027 0.017 0.074 0.041 0.005 0.017 0.101
192 F 0.031 0.018 0.016 0.015 0.009 0.011 0.018 0.023 0.019 0.054 0.096 0.019 0.022 0.405 0.01 0.023 0.023 0.017 0.124 0.048
193 W 0.082 0.024 0.02 0.019 0.01 0.019 0.026 0.031 0.066 0.078 0.066 0.028 0.018 0.064 0.014 0.033 0.028 0.166 0.153 0.055
194 F 0.049 0.025 0.025 0.023 0.012 0.018 0.026 0.031 0.019 0.052 0.087 0.029 0.044 0.222 0.016 0.075 0.086 0.012 0.097 0.053
195 H 0.04 0.042 0.09 0.038 0.008 0.069 0.049 0.036 0.251 0.033 0.093 0.045 0.018 0.027 0.017 0.041 0.029 0.006 0.037 0.032
196 L 0.04 0.019 0.017 0.017 0.012 0.013 0.018 0.098 0.012 0.071 0.237 0.021 0.03 0.217 0.012 0.026 0.026 0.01 0.044 0.061
197 L 0.084 0.02 0.015 0.016 0.014 0.014 0.02 0.027 0.011 0.132 0.219 0.023 0.031 0.168 0.014 0.03 0.031 0.009 0.037 0.086
198 L 0.039 0.021 0.015 0.016 0.013 0.016 0.019 0.022 0.012 0.121 0.227 0.024 0.095 0.161 0.012 0.025 0.03 0.009 0.037 0.085
199 C 0.158 0.024 0.027 0.026 0.241 0.02 0.03 0.049 0.012 0.036 0.051 0.033 0.015 0.019 0.021 0.124 0.048 0.004 0.014 0.05
200 L 0.045 0.02 0.014 0.015 0.015 0.015 0.019 0.02 0.009 0.18 0.271 0.023 0.058 0.042 0.013 0.024 0.035 0.006 0.019 0.156
201 L 0.088 0.022 0.015 0.017 0.015 0.016 0.021 0.028 0.011 0.118 0.242 0.025 0.064 0.099 0.015 0.032 0.033 0.007 0.028 0.104
202 Y 0.036 0.025 0.019 0.017 0.008 0.019 0.025 0.022 0.042 0.039 0.061 0.028 0.017 0.117 0.014 0.028 0.025 0.025 0.391 0.042
203 A 0.328 0.029 0.026 0.029 0.019 0.024 0.038 0.068 0.014 0.037 0.051 0.041 0.015 0.019 0.027 0.108 0.049 0.005 0.016 0.058
204 V 0.092 0.02 0.015 0.017 0.015 0.014 0.021 0.027 0.01 0.17 0.161 0.024 0.029 0.095 0.015 0.032 0.037 0.007 0.027 0.172
205 F 0.04 0.024 0.017 0.017 0.012 0.018 0.022 0.024 0.015 0.075 0.144 0.026 0.153 0.219 0.012 0.028 0.03 0.011 0.046 0.068
206 S 0.17 0.033 0.04 0.037 0.017 0.027 0.042 0.059 0.015 0.033 0.045 0.045 0.015 0.019 0.026 0.207 0.101 0.005 0.016 0.048
207 T 0.065 0.032 0.039 0.033 0.016 0.025 0.035 0.039 0.012 0.048 0.058 0.041 0.018 0.021 0.025 0.083 0.327 0.005 0.016 0.063
208 A 0.366 0.028 0.023 0.027 0.019 0.023 0.036 0.07 0.013 0.039 0.053 0.04 0.016 0.019 0.027 0.076 0.045 0.005 0.016 0.061
209 K 0.051 0.096 0.037 0.037 0.008 0.048 0.063 0.039 0.018 0.025 0.039 0.355 0.014 0.014 0.025 0.048 0.035 0.005 0.015 0.029
210 L 0.047 0.019 0.013 0.015 0.015 0.013 0.018 0.02 0.008 0.221 0.224 0.022 0.035 0.04 0.013 0.024 0.036 0.005 0.019 0.191
211 K 0.051 0.096 0.037 0.037 0.008 0.048 0.063 0.039 0.018 0.025 0.039 0.355 0.014 0.014 0.025 0.048 0.035 0.005 0.015 0.029
212 L 0.04 0.02 0.013 0.014 0.014 0.014 0.018 0.019 0.009 0.162 0.373 0.022 0.042 0.047 0.013 0.022 0.031 0.006 0.02 0.103
213 L 0.04 0.022 0.013 0.014 0.014 0.014 0.018 0.019 0.009 0.103 0.442 0.023 0.044 0.049 0.013 0.022 0.03 0.006 0.02 0.086
214 L 0.041 0.022 0.013 0.015 0.014 0.016 0.019 0.02 0.01 0.136 0.363 0.024 0.072 0.047 0.013 0.023 0.032 0.006 0.02 0.096
215 V 0.054 0.021 0.015 0.016 0.016 0.016 0.02 0.022 0.009 0.161 0.176 0.024 0.063 0.037 0.014 0.028 0.04 0.005 0.019 0.245
216 V 0.047 0.018 0.014 0.016 0.014 0.012 0.018 0.021 0.01 0.179 0.122 0.021 0.028 0.154 0.013 0.025 0.036 0.008 0.036 0.208
217 I 0.046 0.018 0.013 0.015 0.015 0.013 0.018 0.019 0.008 0.235 0.226 0.022 0.035 0.041 0.013 0.024 0.036 0.005 0.019 0.178
218 P 0.055 0.026 0.026 0.029 0.011 0.02 0.033 0.034 0.012 0.03 0.04 0.038 0.012 0.014 0.398 0.052 0.117 0.003 0.013 0.038
219 V 0.052 0.02 0.014 0.015 0.014 0.014 0.021 0.023 0.009 0.113 0.097 0.022 0.024 0.038 0.012 0.027 0.037 0.16 0.031 0.256
220 F 0.035 0.017 0.014 0.015 0.012 0.011 0.017 0.021 0.012 0.147 0.164 0.019 0.029 0.277 0.011 0.022 0.027 0.011 0.053 0.085
221 F 0.036 0.016 0.015 0.015 0.086 0.01 0.016 0.023 0.013 0.096 0.103 0.018 0.023 0.332 0.011 0.025 0.026 0.012 0.061 0.065
222 I 0.042 0.016 0.013 0.016 0.014 0.012 0.016 0.018 0.008 0.349 0.15 0.021 0.033 0.039 0.013 0.022 0.036 0.005 0.018 0.158
223 R 0.04 0.415 0.035 0.028 0.007 0.043 0.047 0.029 0.021 0.021 0.042 0.107 0.014 0.016 0.017 0.04 0.031 0.005 0.016 0.028
224 S 0.13 0.034 0.043 0.039 0.016 0.028 0.043 0.057 0.016 0.032 0.044 0.046 0.015 0.019 0.026 0.229 0.118 0.005 0.016 0.046
225 Y 0.036 0.025 0.019 0.017 0.008 0.019 0.025 0.022 0.042 0.039 0.061 0.028 0.017 0.117 0.014 0.028 0.025 0.025 0.391 0.042
226 Y 0.034 0.022 0.018 0.016 0.009 0.016 0.022 0.022 0.032 0.045 0.076 0.024 0.019 0.237 0.012 0.026 0.024 0.021 0.28 0.044
227 K 0.048 0.187 0.036 0.034 0.007 0.046 0.058 0.036 0.019 0.024 0.039 0.285 0.014 0.014 0.023 0.045 0.034 0.005 0.015 0.029
228 P 0.081 0.044 0.026 0.03 0.01 0.027 0.042 0.038 0.014 0.025 0.036 0.128 0.011 0.013 0.349 0.045 0.034 0.003 0.013 0.031
229 T 0.071 0.034 0.092 0.042 0.015 0.027 0.04 0.047 0.016 0.038 0.048 0.044 0.015 0.02 0.024 0.143 0.214 0.005 0.016 0.05
230 S 0.098 0.036 0.048 0.044 0.016 0.03 0.047 0.059 0.017 0.027 0.037 0.048 0.014 0.019 0.027 0.303 0.073 0.005 0.016 0.037
231 T 0.065 0.03 0.035 0.031 0.016 0.023 0.033 0.036 0.012 0.062 0.066 0.038 0.019 0.023 0.023 0.075 0.287 0.005 0.016 0.104
232 K 0.049 0.141 0.037 0.036 0.008 0.047 0.061 0.037 0.019 0.024 0.039 0.32 0.014 0.014 0.024 0.047 0.035 0.005 0.015 0.029
233 L 0.043 0.021 0.013 0.014 0.015 0.015 0.018 0.019 0.009 0.109 0.396 0.023 0.042 0.046 0.013 0.023 0.032 0.006 0.02 0.123
234 I 0.045 0.018 0.013 0.015 0.015 0.013 0.017 0.019 0.008 0.26 0.207 0.022 0.034 0.04 0.013 0.023 0.036 0.005 0.019 0.176
235 I 0.044 0.019 0.014 0.016 0.015 0.013 0.018 0.02 0.008 0.25 0.227 0.023 0.035 0.041 0.014 0.026 0.048 0.006 0.019 0.146
236 I 0.09 0.019 0.015 0.017 0.015 0.014 0.02 0.028 0.01 0.18 0.131 0.023 0.028 0.134 0.014 0.032 0.035 0.008 0.033 0.155
237 V 0.088 0.025 0.024 0.024 0.016 0.019 0.028 0.035 0.011 0.127 0.141 0.031 0.026 0.031 0.018 0.109 0.049 0.005 0.018 0.174
238 G 0.076 0.019 0.026 0.024 0.087 0.015 0.021 0.309 0.011 0.045 0.055 0.026 0.014 0.08 0.016 0.04 0.03 0.006 0.021 0.078
239 L 0.058 0.025 0.027 0.025 0.014 0.019 0.026 0.144 0.011 0.063 0.214 0.031 0.027 0.031 0.018 0.064 0.117 0.006 0.016 0.062
240 L 0.049 0.022 0.02 0.02 0.014 0.017 0.022 0.1 0.01 0.151 0.206 0.027 0.062 0.036 0.015 0.036 0.074 0.006 0.018 0.094
241 F 0.035 0.017 0.015 0.015 0.011 0.01 0.017 0.022 0.013 0.131 0.114 0.018 0.025 0.334 0.011 0.023 0.027 0.012 0.062 0.089
242 L 0.043 0.025 0.015 0.016 0.014 0.02 0.022 0.022 0.012 0.096 0.309 0.027 0.147 0.046 0.014 0.027 0.033 0.007 0.021 0.084
243 A 0.214 0.027 0.029 0.03 0.016 0.022 0.034 0.13 0.013 0.077 0.059 0.038 0.017 0.021 0.023 0.118 0.048 0.005 0.015 0.064
244 A 0.191 0.024 0.022 0.023 0.017 0.02 0.028 0.12 0.012 0.074 0.085 0.033 0.052 0.026 0.02 0.052 0.041 0.005 0.016 0.14
245 F 0.038 0.022 0.016 0.016 0.012 0.017 0.021 0.023 0.014 0.074 0.158 0.024 0.122 0.248 0.012 0.027 0.029 0.011 0.05 0.066
246 F 0.032 0.019 0.016 0.016 0.009 0.012 0.019 0.023 0.023 0.052 0.09 0.02 0.021 0.357 0.011 0.024 0.023 0.018 0.168 0.047
247 L 0.095 0.022 0.019 0.019 0.089 0.016 0.022 0.106 0.01 0.07 0.254 0.026 0.03 0.034 0.016 0.038 0.046 0.005 0.016 0.067
248 S 0.098 0.036 0.048 0.044 0.016 0.03 0.047 0.059 0.017 0.027 0.037 0.048 0.014 0.019 0.027 0.303 0.073 0.005 0.016 0.037
249 L 0.04 0.022 0.013 0.014 0.014 0.014 0.018 0.019 0.009 0.103 0.442 0.023 0.044 0.049 0.013 0.022 0.03 0.006 0.02 0.086
250 L 0.037 0.02 0.014 0.015 0.012 0.013 0.018 0.02 0.015 0.116 0.249 0.022 0.033 0.173 0.012 0.023 0.028 0.011 0.09 0.079
251 L 0.18 0.024 0.017 0.019 0.017 0.018 0.026 0.041 0.011 0.075 0.276 0.03 0.032 0.036 0.019 0.045 0.036 0.006 0.018 0.075
252 L 0.04 0.022 0.013 0.014 0.014 0.014 0.018 0.019 0.009 0.103 0.442 0.023 0.044 0.049 0.013 0.022 0.03 0.006 0.02 0.086
253 N 0.038 0.038 0.343 0.13 0.008 0.03 0.049 0.056 0.026 0.02 0.028 0.047 0.01 0.016 0.018 0.06 0.042 0.004 0.013 0.024
254 K 0.051 0.096 0.037 0.037 0.008 0.048 0.063 0.039 0.018 0.025 0.039 0.355 0.014 0.014 0.025 0.048 0.035 0.005 0.015 0.029
255 L 0.044 0.019 0.013 0.015 0.015 0.013 0.017 0.019 0.008 0.215 0.27 0.022 0.037 0.042 0.013 0.023 0.034 0.006 0.019 0.154
256 S 0.118 0.089 0.074 0.04 0.014 0.03 0.043 0.053 0.017 0.03 0.042 0.054 0.014 0.018 0.024 0.179 0.097 0.005 0.015 0.042
257 G 0.062 0.028 0.037 0.075 0.009 0.029 0.127 0.374 0.016 0.018 0.027 0.041 0.009 0.014 0.019 0.047 0.029 0.005 0.011 0.023
258 G 0.058 0.029 0.136 0.146 0.009 0.024 0.046 0.235 0.018 0.02 0.028 0.04 0.01 0.015 0.019 0.087 0.039 0.004 0.012 0.025
259 D 0.043 0.029 0.146 0.228 0.008 0.026 0.066 0.118 0.019 0.055 0.04 0.04 0.012 0.017 0.018 0.048 0.035 0.004 0.012 0.037
260 G 0.073 0.029 0.09 0.041 0.012 0.024 0.034 0.272 0.016 0.024 0.034 0.039 0.012 0.017 0.021 0.127 0.085 0.005 0.013 0.032
261 F 0.043 0.017 0.014 0.016 0.013 0.012 0.018 0.021 0.011 0.166 0.12 0.02 0.027 0.214 0.012 0.024 0.032 0.009 0.044 0.165
262 T 0.052 0.024 0.026 0.024 0.015 0.018 0.026 0.029 0.011 0.149 0.12 0.03 0.025 0.075 0.018 0.053 0.18 0.006 0.024 0.094
263 D 0.043 0.045 0.145 0.181 0.007 0.04 0.151 0.043 0.022 0.021 0.03 0.095 0.01 0.015 0.021 0.052 0.036 0.004 0.013 0.025
264 L 0.065 0.027 0.028 0.026 0.015 0.021 0.03 0.034 0.012 0.124 0.131 0.034 0.057 0.031 0.019 0.114 0.089 0.005 0.018 0.119
265 I 0.088 0.019 0.014 0.017 0.015 0.014 0.019 0.026 0.009 0.234 0.22 0.024 0.034 0.039 0.015 0.03 0.035 0.006 0.018 0.123
266 L 0.044 0.021 0.017 0.017 0.015 0.015 0.02 0.022 0.009 0.195 0.269 0.025 0.036 0.041 0.015 0.031 0.075 0.006 0.019 0.112
267 T 0.122 0.033 0.041 0.037 0.016 0.027 0.04 0.052 0.015 0.037 0.049 0.044 0.016 0.02 0.026 0.176 0.178 0.005 0.016 0.052
268 N 0.106 0.036 0.19 0.053 0.013 0.028 0.042 0.057 0.021 0.028 0.039 0.046 0.013 0.018 0.023 0.136 0.093 0.004 0.015 0.039
269 I 0.045 0.017 0.013 0.016 0.015 0.012 0.017 0.019 0.008 0.303 0.166 0.021 0.033 0.039 0.013 0.023 0.036 0.005 0.019 0.18
270 G 0.07 0.02 0.035 0.03 0.01 0.017 0.023 0.563 0.012 0.017 0.025 0.03 0.008 0.014 0.017 0.046 0.027 0.005 0.01 0.022
271 N 0.047 0.039 0.341 0.07 0.009 0.03 0.044 0.058 0.027 0.021 0.029 0.048 0.011 0.016 0.019 0.097 0.048 0.004 0.014 0.026
272 Y 0.036 0.025 0.019 0.017 0.008 0.019 0.025 0.022 0.042 0.039 0.061 0.028 0.017 0.117 0.014 0.028 0.025 0.025 0.391 0.042
273 T 0.07 0.032 0.04 0.035 0.016 0.025 0.037 0.042 0.013 0.045 0.055 0.042 0.017 0.021 0.025 0.114 0.291 0.005 0.016 0.06
274 F 0.034 0.017 0.015 0.015 0.011 0.01 0.017 0.021 0.013 0.14 0.116 0.018 0.026 0.335 0.011 0.023 0.026 0.012 0.062 0.08
275 A 0.257 0.025 0.022 0.024 0.016 0.019 0.031 0.056 0.014 0.043 0.066 0.034 0.018 0.143 0.022 0.072 0.04 0.008 0.034 0.057
276 N 0.038 0.04 0.39 0.074 0.008 0.03 0.044 0.058 0.028 0.02 0.028 0.048 0.01 0.016 0.018 0.062 0.044 0.004 0.014 0.024
277 L 0.044 0.019 0.013 0.015 0.015 0.013 0.017 0.019 0.008 0.215 0.27 0.022 0.037 0.042 0.013 0.023 0.034 0.006 0.019 0.154
278 F 0.033 0.02 0.017 0.016 0.009 0.014 0.02 0.022 0.026 0.049 0.084 0.022 0.02 0.309 0.011 0.025 0.024 0.019 0.213 0.046
279 A 0.29 0.03 0.03 0.031 0.018 0.025 0.039 0.067 0.014 0.035 0.049 0.042 0.015 0.019 0.027 0.141 0.053 0.005 0.016 0.055
280 F 0.033 0.018 0.014 0.015 0.011 0.011 0.017 0.022 0.013 0.087 0.178 0.018 0.028 0.337 0.01 0.022 0.025 0.013 0.062 0.065
281 D 0.037 0.027 0.062 0.462 0.007 0.027 0.082 0.042 0.017 0.02 0.025 0.04 0.008 0.013 0.02 0.047 0.032 0.003 0.01 0.022
282 S 0.091 0.044 0.047 0.043 0.014 0.032 0.049 0.056 0.017 0.026 0.038 0.092 0.014 0.018 0.026 0.267 0.068 0.005 0.016 0.036
283 L 0.04 0.022 0.013 0.014 0.014 0.014 0.018 0.019 0.009 0.103 0.442 0.023 0.044 0.049 0.013 0.022 0.03 0.006 0.02 0.086
284 N 0.039 0.041 0.221 0.147 0.008 0.068 0.059 0.048 0.082 0.021 0.03 0.05 0.011 0.017 0.019 0.054 0.037 0.004 0.019 0.024
285 F 0.031 0.018 0.015 0.015 0.009 0.01 0.018 0.023 0.017 0.055 0.099 0.018 0.022 0.429 0.01 0.023 0.023 0.016 0.102 0.049
286 K 0.05 0.068 0.134 0.047 0.009 0.039 0.053 0.044 0.02 0.028 0.039 0.211 0.014 0.016 0.023 0.058 0.093 0.005 0.015 0.034
287 T 0.07 0.032 0.037 0.04 0.014 0.028 0.074 0.042 0.015 0.037 0.047 0.044 0.015 0.018 0.124 0.132 0.157 0.004 0.015 0.056
288 I 0.038 0.018 0.015 0.016 0.012 0.013 0.018 0.02 0.015 0.198 0.151 0.021 0.029 0.169 0.012 0.023 0.03 0.011 0.089 0.103
289 P 0.052 0.025 0.03 0.088 0.011 0.021 0.038 0.034 0.032 0.063 0.128 0.035 0.019 0.024 0.22 0.073 0.037 0.004 0.016 0.05
290 D 0.059 0.046 0.096 0.145 0.01 0.079 0.063 0.047 0.02 0.026 0.041 0.084 0.024 0.017 0.022 0.122 0.047 0.004 0.015 0.032
291 G 0.06 0.026 0.029 0.026 0.013 0.021 0.028 0.134 0.017 0.08 0.112 0.033 0.053 0.041 0.018 0.088 0.08 0.008 0.07 0.063
292 E 0.042 0.045 0.033 0.097 0.008 0.088 0.101 0.032 0.022 0.049 0.049 0.092 0.015 0.036 0.018 0.04 0.031 0.085 0.076 0.039
293 C 0.058 0.015 0.015 0.015 0.539 0.011 0.015 0.029 0.007 0.04 0.058 0.018 0.015 0.018 0.015 0.036 0.033 0.004 0.011 0.051
294 I 0.05 0.026 0.101 0.034 0.013 0.02 0.029 0.035 0.017 0.181 0.093 0.033 0.023 0.038 0.017 0.076 0.063 0.007 0.052 0.094
295 D 0.046 0.03 0.148 0.228 0.009 0.026 0.056 0.12 0.019 0.024 0.031 0.041 0.01 0.015 0.02 0.056 0.077 0.004 0.012 0.028
296 S 0.07 0.038 0.098 0.137 0.011 0.036 0.115 0.052 0.021 0.024 0.034 0.052 0.012 0.017 0.024 0.154 0.054 0.005 0.015 0.032
297 G 0.108 0.035 0.035 0.04 0.012 0.066 0.089 0.193 0.016 0.03 0.054 0.047 0.014 0.018 0.022 0.083 0.08 0.005 0.014 0.04
298 N 0.057 0.037 0.188 0.058 0.011 0.032 0.088 0.049 0.022 0.034 0.091 0.047 0.016 0.021 0.02 0.124 0.049 0.005 0.015 0.037
299 G 0.106 0.025 0.037 0.111 0.012 0.021 0.039 0.243 0.013 0.034 0.091 0.035 0.015 0.02 0.02 0.084 0.037 0.005 0.013 0.039
300 C 0.058 0.015 0.015 0.015 0.539 0.011 0.015 0.029 0.007 0.04 0.058 0.018 0.015 0.018 0.015 0.036 0.033 0.004 0.011 0.051
301 S 0.087 0.038 0.034 0.034 0.013 0.101 0.05 0.042 0.017 0.119 0.072 0.049 0.021 0.023 0.021 0.134 0.05 0.005 0.017 0.072
302 L 0.042 0.019 0.014 0.017 0.014 0.014 0.019 0.021 0.009 0.197 0.258 0.024 0.034 0.039 0.089 0.024 0.033 0.005 0.018 0.108
303 L 0.043 0.025 0.015 0.015 0.014 0.019 0.021 0.022 0.011 0.097 0.328 0.027 0.133 0.046 0.013 0.026 0.032 0.007 0.021 0.084
304 P 0.051 0.023 0.021 0.028 0.009 0.018 0.032 0.032 0.012 0.023 0.032 0.037 0.009 0.012 0.548 0.039 0.032 0.002 0.012 0.028
305 F 0.03 0.017 0.015 0.015 0.009 0.009 0.017 0.023 0.015 0.057 0.102 0.017 0.023 0.453 0.009 0.023 0.023 0.015 0.079 0.049
306 Y 0.035 0.023 0.019 0.016 0.009 0.017 0.023 0.022 0.036 0.043 0.07 0.026 0.018 0.189 0.013 0.027 0.025 0.023 0.324 0.043
307 D 0.046 0.033 0.044 0.235 0.008 0.038 0.197 0.034 0.018 0.038 0.041 0.049 0.013 0.017 0.021 0.045 0.034 0.004 0.013 0.071
308 Y 0.044 0.037 0.052 0.058 0.01 0.024 0.035 0.08 0.022 0.12 0.074 0.091 0.019 0.051 0.017 0.036 0.032 0.011 0.123 0.068
309 G 0.067 0.023 0.034 0.029 0.01 0.019 0.026 0.388 0.017 0.022 0.033 0.032 0.011 0.032 0.017 0.079 0.033 0.033 0.067 0.027
310 D 0.048 0.025 0.035 0.149 0.01 0.022 0.044 0.034 0.022 0.074 0.056 0.035 0.015 0.047 0.094 0.073 0.036 0.01 0.121 0.05
311 F 0.03 0.017 0.015 0.015 0.009 0.009 0.017 0.023 0.015 0.057 0.102 0.017 0.023 0.453 0.009 0.023 0.023 0.015 0.079 0.049
312 R 0.05 0.193 0.041 0.034 0.008 0.04 0.05 0.037 0.135 0.022 0.038 0.127 0.014 0.019 0.02 0.078 0.036 0.005 0.026 0.027
313 T 0.065 0.032 0.039 0.033 0.016 0.025 0.035 0.039 0.012 0.048 0.058 0.041 0.018 0.021 0.025 0.083 0.327 0.005 0.016 0.063
314 N 0.038 0.04 0.39 0.074 0.008 0.03 0.044 0.058 0.028 0.02 0.028 0.048 0.01 0.016 0.018 0.062 0.044 0.004 0.014 0.024
315 V 0.057 0.018 0.014 0.016 0.016 0.014 0.019 0.021 0.007 0.205 0.126 0.023 0.03 0.034 0.014 0.027 0.042 0.005 0.018 0.293
316 Y 0.036 0.025 0.019 0.017 0.008 0.019 0.025 0.022 0.042 0.039 0.061 0.028 0.017 0.117 0.014 0.028 0.025 0.025 0.391 0.042
317 T 0.065 0.032 0.039 0.033 0.016 0.025 0.035 0.039 0.012 0.048 0.058 0.041 0.018 0.021 0.025 0.083 0.327 0.005 0.016 0.063
318 I 0.043 0.017 0.014 0.016 0.014 0.012 0.017 0.02 0.009 0.255 0.166 0.021 0.032 0.098 0.013 0.023 0.034 0.007 0.027 0.162
319 L 0.045 0.026 0.017 0.017 0.014 0.022 0.023 0.023 0.013 0.129 0.21 0.029 0.19 0.043 0.014 0.029 0.035 0.007 0.021 0.094
