#Seq2Logo.py -f /work3/idamei/ssn-clusterings/clustering/2205181126/clusters/0011_67/sequences.afa -o /work3/idamei/ssn-clusterings/clustering/2205181126/clusters/0011_67/sequences.logo
#Position Specific Frequency Matrix
A R N D C Q E G H I L K M F P S T W Y V
0 L 0.05 0.031 0.019 0.019 0.016 0.027 0.027 0.027 0.016 0.097 0.19 0.035 0.189 0.047 0.016 0.035 0.039 0.008 0.023 0.089
1 K 0.061 0.065 0.106 0.045 0.012 0.034 0.047 0.046 0.02 0.088 0.067 0.115 0.019 0.023 0.022 0.094 0.05 0.005 0.017 0.064
2 L 0.055 0.035 0.035 0.079 0.013 0.051 0.047 0.036 0.023 0.055 0.14 0.043 0.025 0.051 0.02 0.07 0.069 0.01 0.088 0.056
3 A 0.156 0.045 0.037 0.045 0.016 0.037 0.093 0.057 0.018 0.036 0.05 0.08 0.016 0.02 0.028 0.103 0.089 0.005 0.017 0.052
4 F 0.043 0.02 0.016 0.016 0.013 0.013 0.019 0.023 0.013 0.115 0.17 0.021 0.031 0.233 0.012 0.026 0.032 0.012 0.056 0.116
5 G 0.067 0.021 0.031 0.028 0.012 0.017 0.023 0.35 0.012 0.105 0.074 0.03 0.018 0.025 0.017 0.042 0.033 0.006 0.014 0.074
6 I 0.047 0.018 0.015 0.018 0.016 0.013 0.018 0.021 0.009 0.271 0.168 0.024 0.037 0.044 0.015 0.025 0.04 0.006 0.021 0.177
7 G 0.078 0.023 0.039 0.034 0.011 0.019 0.026 0.51 0.014 0.019 0.028 0.034 0.009 0.016 0.019 0.051 0.03 0.005 0.011 0.024
8 N 0.043 0.045 0.317 0.083 0.009 0.034 0.049 0.065 0.032 0.022 0.032 0.054 0.011 0.018 0.02 0.07 0.049 0.004 0.016 0.027
9 Q 0.056 0.074 0.044 0.047 0.009 0.215 0.103 0.041 0.029 0.026 0.047 0.091 0.021 0.015 0.024 0.056 0.041 0.006 0.021 0.035
10 K 0.061 0.077 0.041 0.04 0.009 0.087 0.067 0.16 0.021 0.025 0.04 0.174 0.015 0.015 0.024 0.053 0.037 0.005 0.016 0.031
11 L 0.047 0.023 0.016 0.019 0.015 0.016 0.023 0.024 0.01 0.13 0.272 0.028 0.039 0.044 0.112 0.028 0.035 0.006 0.02 0.098
12 R 0.055 0.143 0.032 0.031 0.011 0.064 0.054 0.033 0.018 0.072 0.07 0.141 0.021 0.022 0.021 0.043 0.04 0.005 0.018 0.106
13 I 0.044 0.018 0.014 0.017 0.015 0.013 0.018 0.021 0.01 0.247 0.183 0.022 0.036 0.086 0.014 0.024 0.036 0.007 0.028 0.148
14 R 0.049 0.18 0.04 0.042 0.008 0.072 0.094 0.037 0.05 0.024 0.042 0.167 0.015 0.017 0.023 0.048 0.036 0.006 0.02 0.03
15 K 0.055 0.127 0.037 0.036 0.01 0.047 0.06 0.038 0.019 0.044 0.053 0.24 0.017 0.018 0.024 0.048 0.039 0.005 0.017 0.065
16 S 0.11 0.04 0.054 0.049 0.017 0.033 0.052 0.066 0.019 0.03 0.042 0.054 0.016 0.021 0.03 0.221 0.082 0.005 0.017 0.042
17 R 0.048 0.189 0.029 0.026 0.012 0.038 0.04 0.03 0.02 0.062 0.121 0.078 0.089 0.033 0.018 0.04 0.037 0.007 0.021 0.062
18 I 0.047 0.018 0.015 0.018 0.016 0.013 0.018 0.021 0.009 0.272 0.168 0.024 0.037 0.044 0.015 0.025 0.04 0.006 0.021 0.176
19 N 0.043 0.045 0.315 0.083 0.009 0.034 0.05 0.065 0.032 0.023 0.032 0.054 0.011 0.018 0.02 0.07 0.05 0.005 0.016 0.027
20 I 0.047 0.018 0.015 0.018 0.016 0.013 0.018 0.021 0.009 0.269 0.168 0.024 0.037 0.044 0.015 0.025 0.04 0.006 0.021 0.177
21 C 0.049 0.018 0.017 0.017 0.248 0.011 0.018 0.029 0.012 0.054 0.089 0.02 0.021 0.204 0.013 0.033 0.031 0.01 0.05 0.056
22 N 0.05 0.076 0.18 0.062 0.009 0.044 0.06 0.054 0.026 0.025 0.037 0.167 0.013 0.017 0.024 0.061 0.044 0.005 0.016 0.03
23 P 0.065 0.031 0.033 0.034 0.014 0.024 0.038 0.04 0.013 0.039 0.051 0.043 0.015 0.018 0.261 0.068 0.142 0.004 0.015 0.051
24 V 0.07 0.022 0.016 0.018 0.019 0.016 0.023 0.025 0.008 0.164 0.13 0.026 0.032 0.036 0.016 0.033 0.049 0.005 0.021 0.27
25 L 0.044 0.024 0.014 0.015 0.016 0.016 0.02 0.021 0.01 0.115 0.377 0.025 0.05 0.055 0.014 0.024 0.033 0.007 0.022 0.096
26 K 0.083 0.073 0.048 0.045 0.013 0.043 0.061 0.055 0.02 0.029 0.042 0.167 0.016 0.018 0.029 0.137 0.061 0.005 0.017 0.037
27 V 0.058 0.02 0.016 0.018 0.018 0.015 0.02 0.023 0.008 0.218 0.149 0.025 0.034 0.04 0.016 0.029 0.045 0.006 0.021 0.223
28 R 0.048 0.201 0.032 0.031 0.009 0.039 0.048 0.033 0.019 0.034 0.083 0.134 0.018 0.02 0.115 0.043 0.035 0.005 0.016 0.038
29 S 0.085 0.039 0.116 0.053 0.015 0.031 0.048 0.06 0.02 0.03 0.041 0.051 0.014 0.02 0.045 0.179 0.092 0.005 0.016 0.04
30 K 0.047 0.067 0.029 0.03 0.01 0.077 0.052 0.032 0.019 0.075 0.113 0.116 0.024 0.113 0.019 0.039 0.035 0.008 0.034 0.06
31 P 0.125 0.042 0.031 0.032 0.014 0.028 0.042 0.104 0.015 0.044 0.052 0.09 0.015 0.019 0.137 0.076 0.045 0.005 0.015 0.07
32 E 0.052 0.061 0.074 0.073 0.008 0.077 0.215 0.039 0.025 0.023 0.037 0.116 0.014 0.016 0.024 0.055 0.038 0.005 0.017 0.03
33 W 0.034 0.021 0.016 0.016 0.009 0.015 0.021 0.026 0.017 0.086 0.081 0.023 0.02 0.104 0.01 0.024 0.026 0.3 0.091 0.061
34 L 0.073 0.023 0.015 0.017 0.015 0.016 0.022 0.028 0.011 0.115 0.291 0.026 0.039 0.049 0.015 0.03 0.034 0.065 0.026 0.092
35 A 0.121 0.028 0.028 0.028 0.017 0.022 0.032 0.044 0.016 0.11 0.087 0.037 0.023 0.04 0.022 0.08 0.099 0.008 0.055 0.103
36 L 0.07 0.023 0.016 0.017 0.014 0.015 0.022 0.029 0.015 0.081 0.233 0.025 0.034 0.178 0.014 0.031 0.031 0.012 0.068 0.072
37 F 0.057 0.02 0.018 0.019 0.014 0.014 0.02 0.083 0.012 0.129 0.157 0.024 0.029 0.166 0.014 0.03 0.033 0.009 0.042 0.111
38 V 0.059 0.031 0.021 0.023 0.016 0.063 0.038 0.026 0.013 0.165 0.118 0.038 0.03 0.032 0.017 0.035 0.044 0.006 0.02 0.204
39 L 0.075 0.021 0.016 0.018 0.015 0.015 0.021 0.028 0.011 0.147 0.197 0.025 0.034 0.126 0.015 0.032 0.036 0.008 0.035 0.125
40 L 0.045 0.021 0.016 0.017 0.015 0.015 0.02 0.022 0.014 0.173 0.196 0.024 0.04 0.096 0.014 0.026 0.035 0.01 0.065 0.136
41 F 0.038 0.023 0.016 0.017 0.012 0.016 0.021 0.025 0.015 0.075 0.177 0.024 0.066 0.216 0.012 0.026 0.029 0.069 0.057 0.066
42 P 0.062 0.03 0.026 0.03 0.013 0.045 0.04 0.035 0.014 0.082 0.069 0.042 0.019 0.021 0.246 0.063 0.043 0.004 0.016 0.099
43 F 0.041 0.022 0.019 0.019 0.049 0.014 0.022 0.027 0.018 0.062 0.129 0.023 0.025 0.26 0.014 0.034 0.055 0.014 0.094 0.059
44 F 0.06 0.026 0.028 0.026 0.07 0.019 0.029 0.037 0.015 0.055 0.092 0.031 0.04 0.187 0.018 0.086 0.069 0.01 0.046 0.056
45 F 0.041 0.022 0.017 0.017 0.013 0.015 0.021 0.025 0.014 0.085 0.161 0.023 0.06 0.254 0.012 0.027 0.031 0.012 0.059 0.092
46 L 0.065 0.027 0.029 0.027 0.014 0.021 0.029 0.149 0.014 0.063 0.172 0.033 0.045 0.077 0.018 0.082 0.042 0.007 0.026 0.06
47 L 0.073 0.023 0.019 0.019 0.012 0.016 0.023 0.088 0.017 0.057 0.144 0.026 0.025 0.136 0.014 0.034 0.029 0.108 0.08 0.055
48 L 0.051 0.023 0.015 0.016 0.015 0.015 0.02 0.024 0.012 0.097 0.31 0.024 0.047 0.133 0.014 0.026 0.031 0.009 0.036 0.083
49 R 0.048 0.139 0.026 0.024 0.012 0.031 0.036 0.029 0.017 0.092 0.108 0.086 0.06 0.074 0.017 0.037 0.037 0.007 0.027 0.093
50 D 0.052 0.039 0.056 0.256 0.008 0.061 0.139 0.044 0.021 0.023 0.033 0.056 0.012 0.015 0.023 0.074 0.04 0.004 0.014 0.028
51 L 0.064 0.026 0.019 0.026 0.016 0.023 0.057 0.026 0.012 0.15 0.167 0.033 0.068 0.039 0.017 0.034 0.04 0.006 0.02 0.156
52 L 0.045 0.022 0.014 0.015 0.015 0.015 0.019 0.021 0.01 0.132 0.305 0.024 0.042 0.09 0.014 0.025 0.034 0.008 0.029 0.12
53 G 0.065 0.035 0.038 0.032 0.01 0.025 0.033 0.356 0.06 0.022 0.035 0.065 0.011 0.03 0.019 0.047 0.029 0.008 0.054 0.027
54 L 0.052 0.022 0.015 0.016 0.015 0.015 0.02 0.023 0.011 0.122 0.312 0.024 0.042 0.105 0.014 0.026 0.032 0.008 0.031 0.095
55 P 0.055 0.025 0.023 0.03 0.01 0.02 0.035 0.035 0.012 0.025 0.035 0.04 0.01 0.012 0.511 0.042 0.035 0.003 0.012 0.03
56 S 0.092 0.035 0.082 0.048 0.014 0.029 0.044 0.171 0.019 0.025 0.036 0.048 0.013 0.019 0.025 0.18 0.064 0.005 0.015 0.035
57 L 0.103 0.024 0.021 0.022 0.016 0.018 0.027 0.037 0.013 0.104 0.166 0.03 0.029 0.122 0.018 0.062 0.041 0.008 0.035 0.105
58 V 0.053 0.022 0.018 0.019 0.016 0.015 0.022 0.025 0.011 0.145 0.153 0.025 0.031 0.123 0.015 0.034 0.065 0.008 0.035 0.165
59 K 0.056 0.102 0.04 0.079 0.011 0.04 0.058 0.039 0.017 0.046 0.054 0.169 0.017 0.019 0.024 0.056 0.083 0.005 0.017 0.068
60 Y 0.038 0.026 0.021 0.018 0.009 0.02 0.026 0.024 0.042 0.044 0.071 0.029 0.019 0.159 0.015 0.029 0.027 0.026 0.311 0.046
61 L 0.057 0.025 0.021 0.02 0.017 0.018 0.025 0.027 0.01 0.12 0.217 0.029 0.04 0.039 0.017 0.041 0.092 0.006 0.02 0.158
62 L 0.086 0.025 0.022 0.023 0.017 0.02 0.027 0.033 0.011 0.141 0.149 0.032 0.047 0.035 0.019 0.048 0.093 0.006 0.019 0.146
63 D 0.039 0.029 0.066 0.421 0.007 0.029 0.088 0.045 0.018 0.022 0.027 0.043 0.009 0.014 0.022 0.05 0.034 0.004 0.011 0.023
64 L 0.05 0.021 0.015 0.016 0.016 0.014 0.02 0.022 0.01 0.163 0.223 0.024 0.037 0.084 0.014 0.026 0.038 0.007 0.028 0.173
65 I 0.088 0.024 0.023 0.023 0.016 0.019 0.026 0.089 0.012 0.15 0.147 0.031 0.046 0.035 0.018 0.06 0.043 0.006 0.019 0.124
66 W 0.044 0.025 0.054 0.025 0.013 0.018 0.025 0.031 0.014 0.093 0.148 0.029 0.026 0.044 0.014 0.036 0.06 0.174 0.035 0.093
67 I 0.05 0.018 0.015 0.017 0.07 0.013 0.018 0.022 0.009 0.197 0.164 0.022 0.032 0.08 0.014 0.027 0.037 0.007 0.026 0.159
68 L 0.051 0.022 0.016 0.016 0.016 0.015 0.021 0.023 0.01 0.119 0.263 0.025 0.038 0.085 0.014 0.029 0.045 0.007 0.028 0.155
69 L 0.044 0.021 0.014 0.015 0.069 0.014 0.018 0.022 0.01 0.14 0.277 0.023 0.039 0.086 0.014 0.025 0.033 0.007 0.027 0.101
70 L 0.042 0.022 0.015 0.016 0.014 0.015 0.02 0.022 0.012 0.119 0.285 0.024 0.057 0.13 0.013 0.025 0.032 0.009 0.036 0.092
71 F 0.047 0.02 0.019 0.019 0.014 0.014 0.021 0.025 0.012 0.134 0.119 0.024 0.028 0.202 0.014 0.033 0.061 0.01 0.049 0.135
72 L 0.071 0.022 0.016 0.017 0.014 0.015 0.022 0.028 0.015 0.126 0.207 0.025 0.033 0.134 0.015 0.031 0.033 0.011 0.071 0.093
73 L 0.048 0.033 0.023 0.034 0.013 0.057 0.087 0.026 0.016 0.123 0.164 0.042 0.03 0.076 0.017 0.035 0.036 0.007 0.027 0.108
74 L 0.044 0.021 0.018 0.018 0.013 0.015 0.02 0.079 0.013 0.124 0.185 0.024 0.049 0.165 0.013 0.028 0.031 0.01 0.041 0.088
75 L 0.094 0.077 0.069 0.032 0.015 0.026 0.035 0.041 0.016 0.082 0.134 0.047 0.026 0.03 0.02 0.064 0.046 0.005 0.018 0.122
76 N 0.069 0.064 0.139 0.057 0.012 0.04 0.057 0.058 0.024 0.026 0.039 0.13 0.014 0.018 0.026 0.116 0.057 0.005 0.017 0.034
77 K 0.069 0.069 0.042 0.04 0.011 0.062 0.06 0.047 0.02 0.031 0.049 0.165 0.017 0.061 0.025 0.115 0.05 0.006 0.025 0.037
78 I 0.056 0.078 0.027 0.027 0.014 0.028 0.036 0.031 0.014 0.162 0.104 0.099 0.026 0.03 0.019 0.058 0.043 0.005 0.018 0.123
79 K 0.064 0.09 0.045 0.083 0.01 0.044 0.066 0.046 0.019 0.026 0.04 0.213 0.014 0.016 0.026 0.095 0.047 0.005 0.016 0.033
80 Q 0.056 0.074 0.044 0.047 0.009 0.215 0.103 0.041 0.029 0.026 0.047 0.091 0.021 0.015 0.024 0.056 0.041 0.006 0.021 0.035
81 G 0.078 0.023 0.039 0.034 0.011 0.019 0.026 0.51 0.014 0.019 0.028 0.034 0.009 0.016 0.019 0.051 0.03 0.005 0.011 0.024
82 K 0.052 0.116 0.037 0.037 0.009 0.09 0.067 0.038 0.021 0.056 0.056 0.205 0.018 0.018 0.023 0.048 0.038 0.005 0.018 0.047
83 G 0.067 0.066 0.033 0.029 0.014 0.025 0.033 0.145 0.014 0.062 0.109 0.045 0.04 0.027 0.02 0.073 0.093 0.006 0.017 0.081
84 I 0.05 0.03 0.022 0.023 0.014 0.019 0.027 0.028 0.013 0.172 0.141 0.057 0.029 0.119 0.016 0.052 0.039 0.008 0.034 0.108
85 L 0.085 0.099 0.027 0.027 0.013 0.031 0.041 0.037 0.015 0.064 0.117 0.103 0.042 0.027 0.082 0.045 0.039 0.005 0.018 0.083
86 L 0.045 0.024 0.014 0.015 0.016 0.016 0.02 0.021 0.01 0.116 0.373 0.025 0.05 0.055 0.014 0.024 0.034 0.007 0.022 0.097
87 N 0.082 0.043 0.163 0.095 0.012 0.031 0.05 0.072 0.022 0.035 0.076 0.074 0.016 0.021 0.022 0.08 0.046 0.005 0.016 0.04
88 R 0.075 0.167 0.036 0.034 0.011 0.04 0.051 0.041 0.019 0.058 0.058 0.154 0.017 0.02 0.023 0.071 0.051 0.005 0.017 0.051
89 D 0.048 0.121 0.082 0.136 0.009 0.059 0.062 0.042 0.021 0.027 0.04 0.068 0.013 0.016 0.083 0.055 0.066 0.005 0.015 0.033
90 V 0.092 0.026 0.024 0.024 0.018 0.02 0.028 0.034 0.011 0.138 0.117 0.033 0.047 0.033 0.02 0.051 0.101 0.006 0.019 0.158
91 G 0.079 0.023 0.039 0.034 0.011 0.019 0.026 0.508 0.014 0.019 0.028 0.034 0.009 0.016 0.019 0.051 0.03 0.005 0.011 0.024
92 K 0.057 0.107 0.042 0.042 0.009 0.054 0.071 0.043 0.021 0.028 0.043 0.276 0.016 0.016 0.028 0.054 0.04 0.005 0.017 0.033
93 I 0.047 0.018 0.015 0.018 0.016 0.013 0.018 0.021 0.009 0.269 0.168 0.024 0.037 0.044 0.015 0.025 0.04 0.006 0.021 0.177
94 K 0.089 0.056 0.03 0.03 0.014 0.033 0.044 0.039 0.015 0.068 0.12 0.135 0.044 0.028 0.023 0.052 0.069 0.006 0.019 0.088
95 P 0.056 0.024 0.022 0.026 0.013 0.019 0.03 0.031 0.011 0.09 0.111 0.034 0.022 0.025 0.264 0.042 0.066 0.004 0.016 0.093
96 L 0.076 0.035 0.024 0.032 0.013 0.071 0.072 0.033 0.016 0.111 0.157 0.045 0.029 0.074 0.018 0.04 0.036 0.007 0.027 0.082
97 F 0.068 0.023 0.02 0.02 0.014 0.016 0.024 0.031 0.014 0.087 0.166 0.026 0.029 0.203 0.015 0.054 0.037 0.01 0.049 0.093
98 Y 0.053 0.056 0.025 0.024 0.066 0.046 0.036 0.032 0.023 0.056 0.101 0.042 0.022 0.056 0.017 0.058 0.038 0.067 0.108 0.075
99 I 0.045 0.019 0.014 0.016 0.015 0.014 0.019 0.021 0.009 0.212 0.198 0.023 0.035 0.046 0.013 0.024 0.036 0.062 0.025 0.151
100 V 0.063 0.021 0.017 0.019 0.017 0.016 0.024 0.025 0.009 0.159 0.118 0.027 0.028 0.033 0.086 0.032 0.045 0.005 0.019 0.238
101 L 0.085 0.023 0.019 0.02 0.016 0.017 0.024 0.086 0.01 0.121 0.164 0.028 0.029 0.037 0.017 0.038 0.048 0.043 0.022 0.153
102 A 0.141 0.023 0.021 0.022 0.07 0.017 0.026 0.098 0.013 0.064 0.112 0.03 0.022 0.112 0.019 0.049 0.037 0.008 0.032 0.086
103 F 0.036 0.019 0.015 0.016 0.012 0.012 0.019 0.023 0.014 0.116 0.147 0.02 0.028 0.25 0.011 0.024 0.028 0.068 0.062 0.081
104 L 0.042 0.021 0.015 0.015 0.014 0.014 0.019 0.022 0.012 0.1 0.272 0.022 0.038 0.17 0.013 0.025 0.031 0.01 0.043 0.102
105 L 0.087 0.022 0.016 0.018 0.017 0.016 0.022 0.029 0.01 0.162 0.248 0.027 0.038 0.043 0.016 0.033 0.038 0.006 0.02 0.134
106 Y 0.047 0.024 0.022 0.019 0.12 0.018 0.025 0.028 0.03 0.045 0.07 0.028 0.018 0.122 0.016 0.038 0.056 0.018 0.205 0.051
107 T 0.093 0.03 0.029 0.027 0.017 0.024 0.032 0.038 0.013 0.084 0.104 0.037 0.06 0.03 0.022 0.063 0.147 0.006 0.019 0.123
108 L 0.079 0.023 0.02 0.021 0.015 0.017 0.024 0.032 0.012 0.138 0.179 0.028 0.037 0.122 0.016 0.056 0.039 0.008 0.034 0.098
109 L 0.078 0.021 0.016 0.018 0.016 0.015 0.021 0.028 0.011 0.167 0.168 0.025 0.032 0.108 0.015 0.032 0.038 0.008 0.032 0.153
110 G 0.08 0.027 0.036 0.033 0.014 0.022 0.031 0.259 0.013 0.055 0.056 0.036 0.016 0.022 0.021 0.094 0.071 0.005 0.015 0.093
111 Y 0.093 0.032 0.023 0.022 0.012 0.046 0.036 0.035 0.032 0.05 0.111 0.038 0.022 0.083 0.018 0.041 0.033 0.018 0.2 0.055
112 L 0.047 0.021 0.015 0.016 0.069 0.015 0.019 0.023 0.011 0.119 0.215 0.023 0.046 0.124 0.014 0.027 0.034 0.008 0.034 0.118
113 F 0.04 0.02 0.015 0.016 0.013 0.013 0.019 0.024 0.013 0.099 0.184 0.021 0.031 0.21 0.012 0.025 0.03 0.067 0.054 0.096
114 N 0.04 0.041 0.274 0.068 0.009 0.03 0.045 0.056 0.068 0.026 0.04 0.047 0.013 0.062 0.018 0.059 0.043 0.006 0.027 0.029
115 F 0.038 0.061 0.02 0.018 0.011 0.019 0.025 0.024 0.025 0.061 0.152 0.034 0.026 0.192 0.014 0.028 0.028 0.017 0.15 0.056
116 Q 0.084 0.055 0.034 0.037 0.012 0.169 0.075 0.04 0.022 0.072 0.068 0.069 0.022 0.02 0.022 0.051 0.041 0.006 0.019 0.082
117 S 0.086 0.04 0.102 0.051 0.014 0.031 0.049 0.06 0.02 0.027 0.038 0.06 0.014 0.019 0.081 0.186 0.067 0.005 0.016 0.036
118 P 0.055 0.021 0.02 0.023 0.013 0.016 0.025 0.083 0.011 0.119 0.091 0.029 0.022 0.069 0.181 0.035 0.037 0.006 0.024 0.122
119 F 0.069 0.02 0.016 0.017 0.014 0.014 0.021 0.028 0.013 0.123 0.18 0.023 0.031 0.206 0.014 0.03 0.032 0.011 0.049 0.089
120 Y 0.04 0.026 0.019 0.017 0.011 0.019 0.024 0.023 0.033 0.065 0.177 0.028 0.028 0.101 0.015 0.028 0.029 0.02 0.237 0.061
121 F 0.037 0.022 0.018 0.017 0.01 0.015 0.022 0.024 0.029 0.056 0.091 0.024 0.022 0.27 0.013 0.027 0.026 0.021 0.198 0.058
122 L 0.043 0.022 0.014 0.015 0.016 0.015 0.019 0.02 0.009 0.153 0.347 0.024 0.045 0.05 0.014 0.024 0.033 0.007 0.021 0.11
123 W 0.03 0.024 0.051 0.022 0.007 0.017 0.025 0.033 0.016 0.028 0.049 0.025 0.014 0.054 0.009 0.027 0.025 0.456 0.06 0.029
124 G 0.075 0.022 0.038 0.032 0.01 0.018 0.025 0.529 0.013 0.018 0.027 0.032 0.009 0.016 0.018 0.049 0.029 0.005 0.01 0.023
125 L 0.047 0.021 0.018 0.018 0.014 0.015 0.02 0.079 0.012 0.131 0.166 0.024 0.048 0.15 0.014 0.029 0.033 0.009 0.039 0.113
126 R 0.043 0.37 0.037 0.03 0.007 0.047 0.05 0.032 0.022 0.022 0.045 0.116 0.015 0.017 0.019 0.043 0.034 0.006 0.017 0.03
127 N 0.048 0.043 0.311 0.076 0.01 0.032 0.048 0.063 0.029 0.022 0.031 0.052 0.011 0.018 0.02 0.087 0.051 0.004 0.015 0.028
128 N 0.051 0.042 0.277 0.071 0.011 0.032 0.047 0.06 0.027 0.026 0.035 0.051 0.012 0.018 0.021 0.09 0.076 0.005 0.016 0.032
129 F 0.036 0.019 0.015 0.016 0.012 0.012 0.018 0.023 0.014 0.099 0.18 0.02 0.031 0.29 0.011 0.024 0.028 0.013 0.064 0.075
130 R 0.043 0.37 0.037 0.03 0.007 0.047 0.05 0.032 0.022 0.022 0.045 0.116 0.015 0.017 0.019 0.043 0.034 0.006 0.017 0.03
131 F 0.032 0.018 0.016 0.016 0.01 0.01 0.018 0.024 0.016 0.061 0.11 0.018 0.024 0.41 0.01 0.024 0.024 0.016 0.085 0.053
132 Y 0.037 0.024 0.019 0.017 0.009 0.017 0.024 0.024 0.035 0.048 0.081 0.026 0.02 0.221 0.013 0.028 0.026 0.023 0.258 0.048
133 V 0.061 0.021 0.016 0.017 0.017 0.016 0.022 0.023 0.009 0.183 0.14 0.026 0.05 0.037 0.015 0.03 0.044 0.006 0.02 0.246
134 F 0.159 0.023 0.02 0.022 0.015 0.017 0.027 0.047 0.015 0.052 0.086 0.029 0.021 0.237 0.018 0.05 0.035 0.011 0.055 0.059
135 F 0.032 0.018 0.016 0.016 0.01 0.01 0.018 0.024 0.016 0.061 0.11 0.018 0.024 0.41 0.01 0.024 0.024 0.016 0.085 0.053
136 F 0.073 0.022 0.017 0.018 0.014 0.015 0.022 0.029 0.013 0.106 0.152 0.025 0.047 0.204 0.014 0.033 0.034 0.011 0.049 0.103
137 A 0.226 0.026 0.021 0.024 0.019 0.021 0.032 0.057 0.012 0.106 0.118 0.036 0.024 0.029 0.024 0.062 0.044 0.005 0.018 0.092
138 C 0.049 0.017 0.016 0.016 0.284 0.011 0.017 0.028 0.012 0.051 0.084 0.019 0.02 0.193 0.013 0.033 0.03 0.009 0.044 0.054
139 I 0.113 0.021 0.017 0.02 0.018 0.016 0.024 0.033 0.01 0.195 0.126 0.028 0.03 0.035 0.018 0.039 0.044 0.005 0.019 0.189
140 L 0.094 0.026 0.027 0.027 0.07 0.021 0.029 0.094 0.013 0.107 0.127 0.034 0.043 0.031 0.02 0.086 0.046 0.006 0.017 0.083
141 F 0.039 0.02 0.015 0.016 0.067 0.012 0.018 0.024 0.013 0.076 0.201 0.02 0.031 0.248 0.012 0.026 0.028 0.012 0.056 0.066
142 L 0.042 0.021 0.014 0.015 0.015 0.014 0.019 0.021 0.01 0.147 0.314 0.023 0.042 0.09 0.013 0.024 0.033 0.008 0.028 0.105
143 N 0.058 0.054 0.112 0.082 0.01 0.039 0.086 0.048 0.062 0.027 0.039 0.108 0.014 0.019 0.024 0.087 0.071 0.005 0.02 0.034
144 E 0.079 0.064 0.04 0.062 0.01 0.052 0.187 0.043 0.022 0.025 0.04 0.146 0.014 0.016 0.026 0.077 0.042 0.005 0.016 0.034
145 E 0.049 0.119 0.04 0.092 0.009 0.045 0.143 0.036 0.022 0.027 0.043 0.096 0.014 0.024 0.022 0.051 0.06 0.044 0.032 0.034
146 D 0.052 0.036 0.083 0.174 0.01 0.033 0.089 0.044 0.063 0.028 0.039 0.047 0.013 0.03 0.022 0.076 0.066 0.007 0.055 0.034
147 V 0.115 0.022 0.017 0.02 0.018 0.017 0.024 0.034 0.01 0.184 0.124 0.028 0.029 0.034 0.018 0.04 0.044 0.005 0.019 0.199
148 E 0.047 0.045 0.072 0.097 0.009 0.04 0.14 0.036 0.06 0.063 0.089 0.079 0.019 0.024 0.021 0.046 0.036 0.005 0.021 0.051
149 K 0.055 0.085 0.103 0.042 0.01 0.032 0.044 0.098 0.02 0.037 0.085 0.106 0.018 0.064 0.02 0.07 0.041 0.006 0.024 0.039
150 Y 0.074 0.023 0.018 0.018 0.014 0.017 0.024 0.028 0.022 0.122 0.135 0.027 0.027 0.109 0.016 0.033 0.034 0.014 0.135 0.109
151 L 0.045 0.02 0.015 0.016 0.014 0.013 0.019 0.022 0.011 0.147 0.189 0.022 0.033 0.166 0.013 0.026 0.034 0.009 0.042 0.142
152 K 0.072 0.067 0.111 0.078 0.011 0.04 0.06 0.053 0.022 0.026 0.038 0.164 0.014 0.017 0.025 0.1 0.049 0.005 0.016 0.033
153 L 0.042 0.021 0.015 0.016 0.014 0.014 0.019 0.022 0.012 0.12 0.246 0.022 0.037 0.169 0.013 0.025 0.032 0.01 0.042 0.111
154 F 0.037 0.02 0.015 0.016 0.013 0.012 0.019 0.023 0.013 0.104 0.212 0.021 0.033 0.25 0.012 0.024 0.029 0.012 0.057 0.079
155 D 0.045 0.053 0.058 0.294 0.008 0.036 0.081 0.044 0.019 0.023 0.032 0.131 0.011 0.015 0.023 0.051 0.035 0.004 0.013 0.026
156 V 0.072 0.071 0.023 0.022 0.014 0.025 0.032 0.031 0.017 0.083 0.115 0.068 0.024 0.044 0.017 0.039 0.047 0.064 0.06 0.132
157 L 0.043 0.022 0.015 0.016 0.015 0.016 0.02 0.022 0.011 0.137 0.289 0.024 0.058 0.103 0.013 0.025 0.033 0.008 0.031 0.101
158 F 0.036 0.02 0.016 0.016 0.011 0.013 0.019 0.023 0.018 0.07 0.169 0.021 0.029 0.299 0.011 0.025 0.026 0.015 0.1 0.061
159 W 0.037 0.021 0.015 0.015 0.011 0.014 0.021 0.026 0.013 0.086 0.117 0.022 0.023 0.092 0.01 0.024 0.028 0.288 0.053 0.084
160 L 0.078 0.023 0.016 0.018 0.016 0.017 0.022 0.027 0.01 0.17 0.228 0.027 0.054 0.043 0.016 0.032 0.038 0.006 0.02 0.138
161 N 0.041 0.043 0.311 0.075 0.009 0.033 0.048 0.06 0.069 0.022 0.031 0.051 0.011 0.019 0.019 0.064 0.045 0.005 0.02 0.026
162 V 0.083 0.021 0.019 0.02 0.015 0.015 0.023 0.085 0.011 0.118 0.138 0.026 0.028 0.117 0.016 0.036 0.038 0.008 0.033 0.15
163 I 0.092 0.022 0.018 0.021 0.016 0.017 0.026 0.032 0.01 0.148 0.136 0.03 0.027 0.032 0.127 0.038 0.04 0.005 0.018 0.143
164 L 0.056 0.025 0.017 0.017 0.017 0.02 0.023 0.024 0.011 0.127 0.208 0.028 0.088 0.042 0.015 0.031 0.041 0.006 0.021 0.182
165 C 0.074 0.027 0.031 0.029 0.179 0.021 0.031 0.041 0.013 0.081 0.079 0.035 0.032 0.025 0.021 0.112 0.077 0.005 0.016 0.071
166 L 0.06 0.027 0.028 0.026 0.07 0.02 0.028 0.034 0.012 0.09 0.151 0.032 0.027 0.074 0.019 0.072 0.119 0.007 0.025 0.079
167 F 0.039 0.022 0.018 0.017 0.011 0.016 0.023 0.024 0.028 0.063 0.092 0.024 0.022 0.242 0.013 0.028 0.028 0.02 0.193 0.076
168 Q 0.054 0.071 0.042 0.045 0.008 0.245 0.099 0.04 0.028 0.025 0.045 0.088 0.02 0.014 0.023 0.054 0.04 0.006 0.02 0.034
169 F 0.036 0.023 0.019 0.017 0.009 0.016 0.023 0.024 0.032 0.05 0.085 0.025 0.021 0.252 0.013 0.028 0.026 0.022 0.229 0.048
170 F 0.032 0.018 0.016 0.016 0.01 0.01 0.018 0.024 0.016 0.061 0.11 0.018 0.024 0.41 0.01 0.024 0.024 0.016 0.085 0.053
171 V 0.062 0.02 0.015 0.017 0.018 0.015 0.021 0.023 0.008 0.19 0.133 0.025 0.031 0.036 0.015 0.03 0.045 0.005 0.02 0.269
172 L 0.047 0.04 0.024 0.025 0.013 0.093 0.047 0.028 0.017 0.081 0.258 0.047 0.055 0.039 0.017 0.035 0.035 0.007 0.021 0.073
173 G 0.102 0.023 0.036 0.032 0.012 0.019 0.026 0.479 0.013 0.021 0.031 0.034 0.01 0.016 0.019 0.053 0.031 0.005 0.011 0.028
174 Y 0.049 0.041 0.023 0.022 0.066 0.025 0.033 0.028 0.027 0.08 0.077 0.089 0.02 0.07 0.018 0.035 0.034 0.015 0.162 0.085
175 R 0.078 0.132 0.042 0.08 0.009 0.086 0.068 0.042 0.061 0.026 0.043 0.128 0.016 0.017 0.023 0.052 0.037 0.005 0.021 0.034
176 D 0.049 0.079 0.041 0.119 0.009 0.1 0.066 0.092 0.021 0.032 0.056 0.062 0.034 0.023 0.019 0.046 0.034 0.062 0.022 0.036
177 D 0.039 0.029 0.066 0.421 0.007 0.029 0.088 0.045 0.018 0.022 0.027 0.043 0.009 0.014 0.022 0.05 0.034 0.004 0.011 0.023
178 F 0.037 0.024 0.022 0.019 0.01 0.017 0.025 0.025 0.066 0.076 0.091 0.026 0.022 0.222 0.013 0.028 0.027 0.018 0.171 0.06
179 L 0.043 0.023 0.014 0.015 0.016 0.016 0.019 0.02 0.01 0.111 0.4 0.024 0.048 0.053 0.014 0.023 0.032 0.007 0.021 0.092
180 G 0.075 0.022 0.038 0.032 0.01 0.018 0.025 0.529 0.013 0.018 0.027 0.032 0.009 0.016 0.018 0.049 0.029 0.005 0.01 0.023
181 G 0.075 0.022 0.038 0.032 0.01 0.018 0.025 0.529 0.013 0.018 0.027 0.032 0.009 0.016 0.018 0.049 0.029 0.005 0.01 0.023
182 F 0.042 0.019 0.015 0.016 0.014 0.012 0.018 0.022 0.012 0.157 0.161 0.021 0.031 0.206 0.013 0.025 0.032 0.01 0.049 0.123
183 F 0.032 0.018 0.016 0.016 0.01 0.01 0.018 0.024 0.016 0.061 0.11 0.018 0.024 0.41 0.01 0.024 0.024 0.016 0.085 0.053
184 G 0.075 0.022 0.038 0.032 0.01 0.018 0.025 0.529 0.013 0.018 0.027 0.032 0.009 0.016 0.018 0.049 0.029 0.005 0.01 0.023
185 V 0.07 0.027 0.028 0.027 0.018 0.021 0.03 0.034 0.011 0.124 0.099 0.034 0.025 0.03 0.021 0.074 0.126 0.005 0.019 0.178
186 E 0.083 0.04 0.036 0.07 0.009 0.064 0.169 0.131 0.02 0.024 0.039 0.057 0.013 0.021 0.022 0.052 0.034 0.062 0.021 0.033
187 S 0.08 0.087 0.045 0.041 0.013 0.036 0.05 0.104 0.018 0.029 0.042 0.112 0.015 0.018 0.026 0.143 0.081 0.005 0.016 0.038
188 G 0.074 0.022 0.035 0.031 0.011 0.018 0.024 0.473 0.012 0.034 0.038 0.032 0.011 0.018 0.018 0.047 0.031 0.005 0.011 0.054
189 C 0.063 0.018 0.019 0.018 0.45 0.013 0.018 0.032 0.008 0.044 0.063 0.022 0.016 0.02 0.017 0.045 0.062 0.004 0.012 0.056
190 N 0.041 0.043 0.343 0.08 0.009 0.032 0.047 0.063 0.03 0.022 0.03 0.052 0.011 0.017 0.019 0.067 0.047 0.004 0.015 0.026
191 G 0.168 0.027 0.033 0.031 0.016 0.022 0.033 0.272 0.014 0.038 0.047 0.038 0.014 0.019 0.023 0.082 0.043 0.005 0.014 0.061
192 Y 0.039 0.027 0.021 0.018 0.009 0.021 0.027 0.024 0.045 0.042 0.066 0.03 0.018 0.126 0.015 0.03 0.027 0.027 0.344 0.045
193 V 0.062 0.028 0.025 0.024 0.017 0.022 0.028 0.03 0.012 0.104 0.149 0.033 0.065 0.035 0.019 0.051 0.12 0.006 0.02 0.152
194 N 0.054 0.031 0.165 0.048 0.121 0.024 0.034 0.046 0.019 0.068 0.094 0.038 0.019 0.025 0.018 0.072 0.046 0.005 0.016 0.057
195 V 0.061 0.021 0.018 0.019 0.017 0.016 0.023 0.025 0.009 0.188 0.129 0.026 0.031 0.035 0.017 0.036 0.07 0.005 0.02 0.234
196 F 0.04 0.022 0.018 0.018 0.013 0.014 0.021 0.025 0.014 0.076 0.193 0.023 0.037 0.248 0.013 0.032 0.055 0.012 0.057 0.068
197 L 0.041 0.023 0.015 0.016 0.014 0.016 0.02 0.022 0.012 0.098 0.312 0.024 0.059 0.131 0.013 0.025 0.031 0.009 0.036 0.083
198 L 0.083 0.022 0.017 0.018 0.125 0.018 0.022 0.031 0.011 0.132 0.156 0.027 0.065 0.036 0.017 0.037 0.039 0.006 0.019 0.12
199 I 0.046 0.019 0.014 0.016 0.016 0.014 0.018 0.02 0.009 0.247 0.212 0.023 0.038 0.044 0.014 0.024 0.038 0.006 0.02 0.162
200 I 0.053 0.02 0.015 0.017 0.017 0.015 0.02 0.022 0.009 0.23 0.152 0.025 0.051 0.04 0.015 0.028 0.041 0.006 0.02 0.203
201 I 0.059 0.025 0.024 0.024 0.017 0.02 0.026 0.029 0.011 0.163 0.124 0.032 0.046 0.035 0.019 0.049 0.119 0.006 0.019 0.155
202 L 0.115 0.029 0.032 0.03 0.017 0.023 0.034 0.046 0.013 0.106 0.116 0.039 0.025 0.03 0.023 0.102 0.11 0.006 0.018 0.087
203 K 0.048 0.097 0.03 0.029 0.01 0.036 0.046 0.032 0.023 0.09 0.074 0.16 0.02 0.046 0.02 0.04 0.035 0.01 0.09 0.065
204 S 0.089 0.032 0.039 0.036 0.017 0.026 0.04 0.048 0.014 0.074 0.071 0.042 0.021 0.025 0.024 0.159 0.09 0.005 0.018 0.129
205 L 0.08 0.024 0.016 0.018 0.017 0.018 0.023 0.028 0.01 0.133 0.251 0.028 0.055 0.043 0.016 0.033 0.039 0.006 0.021 0.143
206 L 0.107 0.024 0.016 0.018 0.017 0.017 0.024 0.033 0.01 0.122 0.267 0.028 0.038 0.042 0.017 0.037 0.038 0.006 0.02 0.118
207 R 0.055 0.114 0.069 0.048 0.065 0.062 0.109 0.039 0.021 0.035 0.082 0.068 0.018 0.021 0.021 0.069 0.041 0.005 0.017 0.041
208 Y 0.04 0.025 0.022 0.019 0.01 0.018 0.025 0.026 0.032 0.049 0.08 0.028 0.02 0.209 0.015 0.035 0.054 0.021 0.221 0.05
209 L 0.042 0.025 0.052 0.024 0.014 0.018 0.024 0.027 0.015 0.108 0.221 0.028 0.069 0.126 0.014 0.031 0.034 0.009 0.035 0.084
210 N 0.049 0.041 0.209 0.065 0.009 0.035 0.077 0.052 0.069 0.025 0.037 0.051 0.013 0.031 0.02 0.079 0.045 0.007 0.056 0.03
211 G 0.099 0.077 0.074 0.041 0.012 0.03 0.042 0.214 0.018 0.025 0.037 0.08 0.013 0.017 0.023 0.099 0.046 0.005 0.014 0.034
212 E 0.051 0.092 0.073 0.07 0.008 0.076 0.209 0.038 0.025 0.022 0.038 0.103 0.014 0.016 0.023 0.053 0.037 0.005 0.016 0.03
213 E 0.051 0.04 0.032 0.064 0.01 0.048 0.223 0.03 0.021 0.076 0.083 0.058 0.049 0.026 0.021 0.045 0.036 0.006 0.018 0.062
214 K 0.065 0.066 0.076 0.044 0.012 0.039 0.054 0.047 0.019 0.034 0.046 0.162 0.016 0.018 0.026 0.094 0.116 0.005 0.017 0.043
215 L 0.05 0.024 0.018 0.019 0.015 0.017 0.023 0.025 0.01 0.121 0.265 0.028 0.037 0.042 0.071 0.034 0.062 0.006 0.02 0.114
216 G 0.057 0.033 0.029 0.027 0.012 0.022 0.031 0.145 0.015 0.047 0.105 0.061 0.033 0.115 0.017 0.067 0.037 0.064 0.037 0.047
217 L 0.109 0.038 0.027 0.033 0.014 0.029 0.067 0.04 0.041 0.079 0.137 0.069 0.024 0.029 0.076 0.049 0.046 0.005 0.02 0.068
218 C 0.055 0.018 0.015 0.016 0.286 0.013 0.018 0.027 0.009 0.073 0.15 0.021 0.025 0.072 0.015 0.033 0.035 0.006 0.023 0.09
219 L 0.041 0.021 0.015 0.016 0.014 0.015 0.019 0.022 0.012 0.138 0.248 0.024 0.055 0.142 0.013 0.025 0.032 0.009 0.038 0.099
220 L 0.073 0.023 0.015 0.016 0.016 0.016 0.021 0.027 0.01 0.122 0.324 0.026 0.042 0.061 0.015 0.03 0.034 0.007 0.023 0.097
221 K 0.047 0.106 0.033 0.031 0.009 0.04 0.051 0.035 0.025 0.033 0.055 0.191 0.017 0.084 0.021 0.043 0.034 0.011 0.097 0.037
222 C 0.069 0.022 0.024 0.023 0.287 0.017 0.024 0.037 0.011 0.055 0.07 0.027 0.018 0.065 0.018 0.084 0.045 0.006 0.022 0.078
223 G 0.12 0.024 0.025 0.024 0.016 0.019 0.026 0.203 0.011 0.075 0.138 0.031 0.024 0.029 0.019 0.047 0.038 0.006 0.016 0.109
224 A 0.174 0.026 0.025 0.026 0.018 0.021 0.031 0.104 0.012 0.089 0.112 0.035 0.023 0.028 0.023 0.06 0.068 0.005 0.017 0.102
225 S 0.139 0.031 0.037 0.035 0.126 0.025 0.039 0.057 0.015 0.037 0.051 0.042 0.016 0.02 0.025 0.148 0.084 0.005 0.016 0.052
226 L 0.051 0.025 0.016 0.017 0.016 0.019 0.022 0.023 0.011 0.138 0.242 0.028 0.091 0.045 0.015 0.029 0.038 0.007 0.021 0.145
227 Y 0.043 0.023 0.018 0.017 0.012 0.017 0.022 0.023 0.026 0.122 0.136 0.026 0.027 0.121 0.014 0.028 0.032 0.016 0.171 0.107
228 I 0.05 0.019 0.014 0.017 0.016 0.014 0.019 0.021 0.009 0.226 0.206 0.024 0.037 0.043 0.014 0.026 0.039 0.006 0.02 0.181
229 A 0.27 0.032 0.031 0.033 0.02 0.026 0.041 0.073 0.015 0.039 0.053 0.045 0.016 0.021 0.029 0.119 0.055 0.005 0.017 0.06
230 A 0.209 0.03 0.03 0.031 0.019 0.025 0.038 0.06 0.014 0.071 0.068 0.042 0.019 0.024 0.027 0.096 0.101 0.005 0.017 0.075
231 L 0.047 0.025 0.015 0.016 0.016 0.018 0.021 0.022 0.011 0.113 0.322 0.027 0.078 0.049 0.014 0.027 0.035 0.007 0.022 0.114
232 A 0.266 0.029 0.027 0.029 0.074 0.024 0.038 0.069 0.014 0.04 0.056 0.041 0.017 0.021 0.027 0.096 0.05 0.005 0.016 0.062
233 E 0.053 0.048 0.039 0.087 0.007 0.062 0.324 0.034 0.025 0.021 0.035 0.073 0.012 0.016 0.025 0.053 0.035 0.005 0.016 0.03
234 L 0.044 0.023 0.014 0.015 0.016 0.017 0.02 0.021 0.01 0.13 0.35 0.025 0.062 0.051 0.014 0.025 0.034 0.007 0.021 0.101
235 K 0.055 0.103 0.04 0.04 0.008 0.051 0.068 0.042 0.02 0.027 0.042 0.306 0.015 0.015 0.027 0.051 0.038 0.005 0.017 0.032
236 F 0.048 0.02 0.016 0.017 0.015 0.014 0.02 0.023 0.012 0.155 0.137 0.023 0.048 0.163 0.013 0.028 0.036 0.009 0.042 0.16
237 F 0.039 0.022 0.018 0.017 0.011 0.016 0.023 0.024 0.028 0.063 0.092 0.024 0.022 0.242 0.013 0.028 0.028 0.02 0.193 0.076
238 F 0.032 0.018 0.016 0.016 0.01 0.01 0.018 0.024 0.016 0.061 0.11 0.018 0.024 0.41 0.01 0.024 0.024 0.016 0.085 0.053
239 V 0.053 0.02 0.015 0.017 0.016 0.014 0.02 0.022 0.01 0.166 0.182 0.023 0.034 0.095 0.014 0.027 0.039 0.007 0.03 0.195
240 E 0.053 0.04 0.031 0.063 0.01 0.048 0.223 0.03 0.02 0.055 0.103 0.058 0.038 0.025 0.022 0.045 0.037 0.006 0.018 0.073
241 F 0.037 0.022 0.017 0.016 0.012 0.014 0.02 0.024 0.018 0.074 0.178 0.023 0.048 0.259 0.012 0.026 0.028 0.014 0.093 0.065
242 V 0.058 0.019 0.015 0.017 0.017 0.014 0.02 0.022 0.008 0.221 0.141 0.024 0.033 0.038 0.015 0.028 0.043 0.005 0.02 0.241
243 L 0.047 0.02 0.014 0.016 0.016 0.014 0.018 0.02 0.009 0.221 0.237 0.024 0.039 0.045 0.014 0.025 0.037 0.006 0.02 0.158
244 I 0.048 0.02 0.015 0.017 0.016 0.015 0.019 0.021 0.009 0.24 0.187 0.024 0.054 0.043 0.014 0.026 0.039 0.006 0.02 0.166
245 V 0.057 0.021 0.016 0.017 0.017 0.016 0.021 0.023 0.009 0.183 0.172 0.025 0.052 0.04 0.015 0.029 0.042 0.006 0.02 0.218
246 L 0.083 0.022 0.018 0.019 0.016 0.016 0.022 0.084 0.01 0.145 0.206 0.027 0.033 0.039 0.016 0.035 0.038 0.006 0.019 0.145
247 L 0.046 0.021 0.017 0.018 0.014 0.014 0.019 0.077 0.011 0.149 0.245 0.024 0.036 0.099 0.014 0.027 0.032 0.008 0.029 0.102
248 A 0.184 0.04 0.036 0.037 0.017 0.067 0.052 0.061 0.018 0.036 0.051 0.053 0.017 0.019 0.045 0.113 0.078 0.005 0.017 0.053
249 L 0.084 0.029 0.024 0.024 0.016 0.022 0.029 0.036 0.014 0.078 0.19 0.034 0.078 0.08 0.019 0.066 0.067 0.008 0.028 0.076
250 L 0.045 0.022 0.015 0.016 0.015 0.015 0.02 0.022 0.011 0.147 0.239 0.024 0.055 0.114 0.014 0.026 0.034 0.008 0.033 0.125
251 L 0.041 0.022 0.017 0.017 0.013 0.016 0.021 0.023 0.019 0.125 0.185 0.025 0.049 0.145 0.013 0.026 0.031 0.013 0.107 0.09
252 T 0.069 0.034 0.041 0.035 0.017 0.027 0.037 0.041 0.013 0.053 0.067 0.043 0.025 0.024 0.026 0.087 0.267 0.006 0.017 0.069
253 K 0.059 0.126 0.041 0.04 0.009 0.049 0.064 0.043 0.02 0.026 0.042 0.257 0.015 0.016 0.026 0.073 0.042 0.005 0.017 0.032
254 F 0.037 0.02 0.018 0.019 0.01 0.012 0.022 0.027 0.015 0.053 0.093 0.023 0.021 0.322 0.122 0.028 0.027 0.013 0.069 0.048
255 S 0.095 0.037 0.049 0.044 0.017 0.03 0.047 0.057 0.017 0.035 0.047 0.05 0.016 0.021 0.028 0.202 0.137 0.005 0.017 0.049
256 L 0.039 0.081 0.021 0.02 0.011 0.022 0.029 0.027 0.015 0.08 0.139 0.067 0.025 0.123 0.014 0.029 0.03 0.121 0.044 0.062
257 K 0.051 0.192 0.039 0.037 0.008 0.05 0.062 0.038 0.021 0.025 0.043 0.242 0.015 0.016 0.024 0.049 0.037 0.005 0.017 0.031
258 K 0.058 0.088 0.04 0.039 0.01 0.046 0.061 0.042 0.018 0.032 0.046 0.248 0.016 0.017 0.027 0.06 0.091 0.005 0.017 0.04
259 L 0.048 0.022 0.018 0.018 0.015 0.015 0.021 0.024 0.011 0.135 0.213 0.025 0.034 0.124 0.015 0.032 0.061 0.008 0.035 0.126
260 G 0.062 0.021 0.025 0.024 0.013 0.016 0.022 0.248 0.011 0.096 0.114 0.027 0.023 0.071 0.016 0.037 0.034 0.007 0.023 0.111
261 I 0.047 0.02 0.015 0.017 0.015 0.015 0.019 0.022 0.01 0.214 0.181 0.024 0.052 0.084 0.014 0.026 0.037 0.007 0.028 0.153
262 L 0.056 0.021 0.018 0.018 0.125 0.015 0.021 0.026 0.009 0.142 0.173 0.025 0.031 0.036 0.016 0.036 0.065 0.005 0.018 0.144
263 I 0.055 0.018 0.015 0.017 0.071 0.014 0.019 0.022 0.008 0.224 0.138 0.023 0.032 0.037 0.015 0.028 0.041 0.005 0.019 0.199
264 A 0.127 0.027 0.028 0.028 0.017 0.021 0.032 0.099 0.012 0.098 0.115 0.035 0.024 0.029 0.021 0.091 0.05 0.005 0.018 0.121
265 G 0.15 0.025 0.027 0.028 0.016 0.02 0.03 0.157 0.013 0.079 0.074 0.035 0.019 0.067 0.021 0.075 0.043 0.006 0.024 0.089
266 G 0.106 0.027 0.033 0.032 0.016 0.022 0.033 0.154 0.013 0.092 0.073 0.037 0.02 0.025 0.022 0.113 0.052 0.005 0.016 0.106
267 V 0.058 0.022 0.015 0.016 0.017 0.016 0.021 0.023 0.009 0.148 0.218 0.025 0.036 0.041 0.015 0.029 0.042 0.006 0.02 0.224
268 L 0.059 0.022 0.022 0.022 0.123 0.017 0.023 0.085 0.012 0.106 0.134 0.027 0.043 0.074 0.016 0.057 0.039 0.007 0.024 0.088
269 L 0.05 0.022 0.015 0.016 0.016 0.016 0.02 0.022 0.01 0.162 0.262 0.025 0.057 0.046 0.014 0.027 0.038 0.006 0.021 0.155
270 L 0.059 0.023 0.02 0.02 0.124 0.018 0.024 0.029 0.011 0.131 0.155 0.028 0.065 0.036 0.017 0.056 0.043 0.006 0.019 0.117
271 I 0.074 0.021 0.016 0.018 0.016 0.016 0.021 0.027 0.011 0.201 0.174 0.026 0.051 0.083 0.015 0.032 0.037 0.007 0.027 0.128
272 G 0.126 0.023 0.032 0.03 0.013 0.019 0.027 0.372 0.013 0.055 0.049 0.034 0.014 0.02 0.02 0.054 0.034 0.005 0.013 0.049
273 F 0.054 0.024 0.024 0.022 0.013 0.019 0.026 0.084 0.021 0.09 0.099 0.029 0.041 0.137 0.016 0.055 0.037 0.013 0.105 0.091
274 T 0.061 0.041 0.107 0.051 0.013 0.055 0.078 0.045 0.02 0.043 0.085 0.052 0.019 0.023 0.023 0.087 0.123 0.005 0.017 0.05
275 L 0.076 0.023 0.019 0.019 0.015 0.016 0.024 0.031 0.012 0.104 0.175 0.027 0.03 0.11 0.016 0.038 0.061 0.064 0.037 0.104
276 L 0.044 0.021 0.014 0.015 0.016 0.015 0.019 0.02 0.009 0.174 0.32 0.024 0.044 0.049 0.014 0.024 0.034 0.006 0.021 0.118
277 I 0.053 0.04 0.024 0.025 0.014 0.024 0.034 0.029 0.012 0.144 0.132 0.09 0.027 0.031 0.074 0.04 0.065 0.005 0.018 0.118
278 F 0.079 0.075 0.028 0.027 0.012 0.035 0.039 0.038 0.024 0.044 0.075 0.074 0.031 0.131 0.019 0.064 0.038 0.013 0.105 0.048
279 L 0.047 0.022 0.016 0.017 0.014 0.016 0.021 0.022 0.018 0.142 0.179 0.025 0.032 0.102 0.014 0.027 0.035 0.012 0.1 0.14
280 F 0.035 0.025 0.089 0.031 0.01 0.016 0.026 0.033 0.023 0.05 0.087 0.027 0.021 0.291 0.013 0.035 0.03 0.015 0.099 0.046
281 P 0.055 0.027 0.031 0.08 0.009 0.025 0.072 0.091 0.014 0.023 0.033 0.043 0.01 0.013 0.349 0.045 0.034 0.003 0.012 0.028
282 E 0.093 0.037 0.042 0.109 0.012 0.039 0.141 0.083 0.019 0.033 0.054 0.053 0.033 0.021 0.024 0.097 0.046 0.005 0.016 0.041
283 F 0.036 0.023 0.052 0.023 0.01 0.015 0.023 0.029 0.019 0.1 0.094 0.025 0.022 0.175 0.012 0.029 0.03 0.124 0.087 0.07
284 L 0.085 0.031 0.036 0.13 0.013 0.028 0.081 0.041 0.015 0.059 0.172 0.041 0.026 0.031 0.021 0.069 0.041 0.005 0.017 0.058
285 N 0.047 0.078 0.146 0.142 0.008 0.058 0.091 0.101 0.024 0.022 0.033 0.061 0.012 0.016 0.021 0.056 0.039 0.005 0.014 0.027
286 F 0.042 0.026 0.025 0.029 0.011 0.022 0.058 0.028 0.055 0.101 0.093 0.031 0.023 0.16 0.015 0.036 0.056 0.066 0.05 0.072
287 F 0.037 0.02 0.015 0.016 0.012 0.012 0.019 0.023 0.014 0.081 0.228 0.021 0.034 0.265 0.012 0.024 0.028 0.012 0.059 0.069
288 S 0.088 0.035 0.042 0.039 0.017 0.028 0.042 0.052 0.016 0.049 0.123 0.045 0.023 0.028 0.025 0.182 0.09 0.005 0.018 0.055
289 L 0.043 0.024 0.047 0.081 0.013 0.017 0.031 0.028 0.014 0.106 0.196 0.028 0.031 0.121 0.015 0.032 0.034 0.008 0.033 0.1
290 E 0.049 0.059 0.11 0.107 0.008 0.07 0.154 0.044 0.025 0.023 0.036 0.118 0.013 0.016 0.023 0.056 0.039 0.005 0.016 0.029
291 G 0.056 0.106 0.078 0.123 0.009 0.03 0.05 0.151 0.022 0.024 0.037 0.057 0.012 0.028 0.02 0.07 0.038 0.007 0.05 0.029
292 I 0.07 0.022 0.019 0.021 0.016 0.017 0.023 0.046 0.011 0.199 0.167 0.028 0.05 0.039 0.017 0.038 0.064 0.006 0.019 0.128
293 L 0.04 0.023 0.016 0.017 0.012 0.017 0.022 0.025 0.016 0.118 0.153 0.026 0.064 0.098 0.013 0.027 0.031 0.122 0.074 0.085
294 E 0.048 0.087 0.12 0.098 0.008 0.049 0.176 0.043 0.025 0.022 0.035 0.096 0.012 0.016 0.023 0.055 0.039 0.005 0.016 0.029
295 Y 0.055 0.031 0.088 0.037 0.012 0.024 0.034 0.039 0.03 0.085 0.074 0.038 0.02 0.067 0.019 0.078 0.044 0.014 0.144 0.066
296 L 0.076 0.032 0.057 0.028 0.013 0.045 0.036 0.035 0.022 0.074 0.176 0.038 0.029 0.055 0.017 0.04 0.037 0.011 0.092 0.088
297 L 0.143 0.029 0.027 0.026 0.018 0.022 0.032 0.046 0.012 0.068 0.173 0.037 0.028 0.032 0.023 0.065 0.119 0.006 0.018 0.076
298 S 0.086 0.035 0.045 0.04 0.016 0.028 0.043 0.052 0.016 0.04 0.055 0.045 0.017 0.064 0.026 0.171 0.138 0.006 0.025 0.051
299 G 0.076 0.06 0.044 0.041 0.012 0.059 0.056 0.157 0.019 0.025 0.038 0.136 0.014 0.017 0.025 0.117 0.05 0.005 0.016 0.033
300 A 0.138 0.034 0.108 0.134 0.012 0.031 0.082 0.111 0.02 0.028 0.039 0.047 0.012 0.017 0.023 0.065 0.041 0.005 0.014 0.039
301 G 0.064 0.029 0.107 0.043 0.01 0.023 0.033 0.371 0.058 0.019 0.029 0.038 0.01 0.017 0.018 0.052 0.032 0.005 0.016 0.024
302 Y 0.039 0.027 0.021 0.018 0.009 0.021 0.027 0.024 0.045 0.042 0.066 0.03 0.018 0.126 0.015 0.03 0.027 0.027 0.344 0.045
303 T 0.102 0.034 0.041 0.036 0.017 0.027 0.039 0.048 0.014 0.048 0.06 0.044 0.018 0.022 0.027 0.106 0.228 0.006 0.017 0.065
304 G 0.073 0.034 0.109 0.047 0.013 0.027 0.04 0.16 0.022 0.029 0.04 0.044 0.014 0.031 0.022 0.122 0.077 0.007 0.051 0.037
305 S 0.14 0.038 0.042 0.04 0.016 0.052 0.049 0.113 0.017 0.032 0.046 0.051 0.016 0.019 0.027 0.151 0.084 0.005 0.016 0.047
306 G 0.062 0.042 0.072 0.057 0.009 0.038 0.132 0.258 0.02 0.021 0.032 0.078 0.011 0.016 0.021 0.053 0.034 0.005 0.013 0.027
307 D 0.07 0.029 0.062 0.377 0.009 0.028 0.082 0.048 0.018 0.024 0.03 0.043 0.01 0.015 0.022 0.054 0.036 0.004 0.011 0.028
308 L 0.043 0.023 0.014 0.015 0.016 0.015 0.019 0.02 0.01 0.132 0.373 0.024 0.046 0.051 0.014 0.023 0.033 0.007 0.021 0.101
309 N 0.049 0.038 0.275 0.069 0.009 0.029 0.042 0.166 0.026 0.021 0.03 0.048 0.01 0.017 0.019 0.063 0.043 0.005 0.014 0.025
310 R 0.043 0.37 0.037 0.03 0.007 0.047 0.05 0.032 0.022 0.022 0.045 0.116 0.015 0.017 0.019 0.043 0.034 0.006 0.017 0.03
311 L 0.04 0.022 0.014 0.015 0.014 0.014 0.019 0.022 0.011 0.098 0.324 0.023 0.042 0.145 0.013 0.024 0.03 0.009 0.038 0.082
312 T 0.078 0.035 0.044 0.038 0.017 0.028 0.041 0.047 0.014 0.046 0.058 0.046 0.018 0.022 0.027 0.125 0.232 0.006 0.017 0.062
313 A 0.262 0.029 0.026 0.028 0.02 0.024 0.037 0.066 0.013 0.056 0.065 0.041 0.019 0.022 0.027 0.077 0.073 0.005 0.017 0.092
314 I 0.052 0.018 0.015 0.017 0.016 0.014 0.019 0.021 0.008 0.257 0.151 0.023 0.034 0.04 0.015 0.026 0.041 0.006 0.02 0.208
315 P 0.059 0.042 0.034 0.036 0.011 0.096 0.056 0.039 0.019 0.032 0.05 0.055 0.016 0.059 0.186 0.072 0.067 0.006 0.024 0.039
316 T 0.06 0.046 0.033 0.032 0.014 0.066 0.048 0.035 0.016 0.068 0.075 0.084 0.022 0.066 0.022 0.057 0.118 0.007 0.026 0.106
317 I 0.077 0.02 0.015 0.018 0.016 0.015 0.02 0.026 0.009 0.211 0.209 0.026 0.036 0.042 0.016 0.031 0.038 0.006 0.02 0.148
318 L 0.082 0.032 0.097 0.037 0.067 0.025 0.035 0.044 0.049 0.048 0.102 0.038 0.038 0.042 0.019 0.07 0.042 0.009 0.068 0.052
319 K 0.055 0.061 0.112 0.115 0.009 0.044 0.112 0.048 0.023 0.024 0.036 0.139 0.013 0.016 0.024 0.077 0.044 0.005 0.015 0.03
320 N 0.057 0.085 0.104 0.044 0.012 0.058 0.051 0.044 0.022 0.043 0.075 0.086 0.055 0.024 0.021 0.077 0.071 0.006 0.018 0.048
