#Seq2Logo.py -f /work3/idamei/ssn-clusterings/clustering/2205111339/clusters/0040_287/sequences.afa -o /work3/idamei/ssn-clusterings/clustering/2205111339/clusters/0040_287/sequences.logo
#Position Specific Frequency Matrix
A R N D C Q E G H I L K M F P S T W Y V
0 L 0.052 0.032 0.02 0.02 0.016 0.028 0.028 0.028 0.016 0.1 0.197 0.036 0.161 0.048 0.016 0.036 0.04 0.008 0.024 0.092
1 A 0.29 0.031 0.026 0.03 0.022 0.026 0.04 0.078 0.015 0.043 0.059 0.045 0.018 0.022 0.03 0.085 0.05 0.005 0.018 0.069
2 R 0.045 0.345 0.039 0.031 0.008 0.048 0.052 0.033 0.023 0.023 0.047 0.12 0.016 0.017 0.019 0.045 0.035 0.006 0.017 0.031
3 S 0.11 0.04 0.054 0.049 0.018 0.033 0.052 0.066 0.019 0.03 0.042 0.054 0.016 0.021 0.03 0.22 0.082 0.005 0.018 0.042
4 I 0.047 0.018 0.015 0.018 0.016 0.013 0.018 0.021 0.009 0.271 0.168 0.024 0.037 0.044 0.015 0.025 0.04 0.006 0.021 0.177
5 K 0.057 0.107 0.042 0.042 0.009 0.054 0.071 0.043 0.021 0.028 0.043 0.278 0.016 0.016 0.028 0.054 0.04 0.005 0.017 0.033
6 E 0.055 0.05 0.04 0.09 0.007 0.064 0.296 0.035 0.026 0.022 0.037 0.076 0.013 0.017 0.026 0.055 0.037 0.006 0.017 0.031
7 F 0.034 0.019 0.017 0.017 0.011 0.011 0.019 0.025 0.017 0.063 0.114 0.019 0.025 0.387 0.011 0.025 0.025 0.017 0.089 0.055
8 N 0.043 0.045 0.317 0.083 0.009 0.034 0.049 0.065 0.032 0.022 0.032 0.054 0.011 0.018 0.02 0.07 0.049 0.004 0.016 0.027
9 F 0.034 0.019 0.017 0.017 0.011 0.011 0.019 0.025 0.017 0.063 0.114 0.019 0.025 0.387 0.011 0.025 0.025 0.017 0.089 0.055
10 S 0.11 0.04 0.054 0.049 0.018 0.033 0.052 0.066 0.019 0.03 0.042 0.054 0.016 0.021 0.03 0.22 0.082 0.005 0.018 0.042
11 A 0.29 0.031 0.026 0.03 0.022 0.026 0.04 0.078 0.015 0.043 0.059 0.045 0.018 0.022 0.03 0.085 0.05 0.005 0.018 0.069
12 I 0.047 0.018 0.015 0.018 0.016 0.013 0.018 0.021 0.009 0.271 0.168 0.024 0.037 0.044 0.015 0.025 0.04 0.006 0.021 0.177
13 I 0.047 0.018 0.015 0.018 0.016 0.013 0.018 0.021 0.009 0.271 0.168 0.024 0.037 0.044 0.015 0.025 0.04 0.006 0.021 0.177
14 Y 0.04 0.028 0.022 0.019 0.009 0.022 0.028 0.025 0.047 0.044 0.068 0.031 0.019 0.131 0.016 0.031 0.028 0.028 0.318 0.047
15 L 0.045 0.024 0.014 0.015 0.016 0.016 0.02 0.021 0.01 0.115 0.375 0.025 0.05 0.055 0.014 0.024 0.033 0.007 0.022 0.096
16 L 0.045 0.024 0.014 0.015 0.016 0.016 0.02 0.021 0.01 0.115 0.375 0.025 0.05 0.055 0.014 0.024 0.033 0.007 0.022 0.096
17 R 0.045 0.345 0.039 0.031 0.008 0.048 0.052 0.033 0.023 0.023 0.047 0.12 0.016 0.017 0.019 0.045 0.035 0.006 0.017 0.031
18 K 0.057 0.107 0.042 0.042 0.009 0.054 0.071 0.043 0.021 0.028 0.043 0.278 0.016 0.016 0.028 0.054 0.04 0.005 0.017 0.033
19 F 0.034 0.019 0.017 0.017 0.011 0.011 0.019 0.025 0.017 0.063 0.114 0.019 0.025 0.387 0.011 0.025 0.025 0.017 0.089 0.055
20 R 0.045 0.345 0.039 0.031 0.008 0.048 0.052 0.033 0.023 0.023 0.047 0.12 0.016 0.017 0.019 0.045 0.035 0.006 0.017 0.031
21 P 0.057 0.026 0.023 0.031 0.01 0.021 0.036 0.036 0.013 0.026 0.036 0.041 0.01 0.013 0.494 0.044 0.036 0.003 0.013 0.031
22 S 0.11 0.04 0.054 0.049 0.018 0.033 0.052 0.066 0.019 0.03 0.042 0.054 0.016 0.021 0.03 0.22 0.082 0.005 0.018 0.042
23 F 0.034 0.019 0.017 0.017 0.011 0.011 0.019 0.025 0.017 0.063 0.114 0.019 0.025 0.387 0.011 0.025 0.025 0.017 0.089 0.055
24 I 0.047 0.018 0.015 0.018 0.016 0.013 0.018 0.021 0.009 0.271 0.168 0.024 0.037 0.044 0.015 0.025 0.04 0.006 0.021 0.177
25 I 0.047 0.018 0.015 0.018 0.016 0.013 0.018 0.021 0.009 0.271 0.168 0.024 0.037 0.044 0.015 0.025 0.04 0.006 0.021 0.177
26 H 0.042 0.046 0.053 0.038 0.008 0.038 0.053 0.038 0.355 0.023 0.038 0.046 0.015 0.03 0.019 0.042 0.027 0.008 0.057 0.023
27 A 0.29 0.031 0.026 0.03 0.022 0.026 0.04 0.078 0.015 0.043 0.059 0.045 0.018 0.022 0.03 0.085 0.05 0.005 0.018 0.069
28 P 0.057 0.026 0.023 0.031 0.01 0.021 0.036 0.036 0.013 0.026 0.036 0.041 0.01 0.013 0.494 0.044 0.036 0.003 0.013 0.031
29 Y 0.04 0.028 0.022 0.019 0.009 0.022 0.028 0.025 0.047 0.044 0.068 0.031 0.019 0.131 0.016 0.031 0.028 0.028 0.318 0.047
30 F 0.034 0.019 0.017 0.017 0.011 0.011 0.019 0.025 0.017 0.063 0.114 0.019 0.025 0.387 0.011 0.025 0.025 0.017 0.089 0.055
31 I 0.047 0.018 0.015 0.018 0.016 0.013 0.018 0.021 0.009 0.271 0.168 0.024 0.037 0.044 0.015 0.025 0.04 0.006 0.021 0.177
32 K 0.057 0.107 0.042 0.042 0.009 0.054 0.071 0.043 0.021 0.028 0.043 0.278 0.016 0.016 0.028 0.054 0.04 0.005 0.017 0.033
33 K 0.057 0.107 0.042 0.042 0.009 0.054 0.071 0.043 0.021 0.028 0.043 0.278 0.016 0.016 0.028 0.054 0.04 0.005 0.017 0.033
34 I 0.047 0.018 0.015 0.018 0.016 0.013 0.018 0.021 0.009 0.271 0.168 0.024 0.037 0.044 0.015 0.025 0.04 0.006 0.021 0.177
35 L 0.052 0.032 0.02 0.02 0.016 0.028 0.028 0.028 0.016 0.1 0.197 0.036 0.161 0.048 0.016 0.036 0.04 0.008 0.024 0.092
36 E 0.055 0.05 0.04 0.09 0.007 0.064 0.296 0.035 0.026 0.022 0.037 0.076 0.013 0.017 0.026 0.055 0.037 0.006 0.017 0.031
37 K 0.057 0.107 0.042 0.042 0.009 0.054 0.071 0.043 0.021 0.028 0.043 0.278 0.016 0.016 0.028 0.054 0.04 0.005 0.017 0.033
38 N 0.043 0.045 0.317 0.083 0.009 0.034 0.049 0.065 0.032 0.022 0.032 0.054 0.011 0.018 0.02 0.07 0.049 0.004 0.016 0.027
39 M 0.046 0.028 0.018 0.018 0.014 0.025 0.025 0.025 0.014 0.088 0.173 0.032 0.26 0.042 0.014 0.032 0.035 0.007 0.021 0.081
40 S 0.068 0.064 0.109 0.068 0.012 0.039 0.047 0.088 0.049 0.025 0.036 0.05 0.013 0.018 0.022 0.165 0.073 0.005 0.017 0.032
41 F 0.034 0.019 0.017 0.017 0.011 0.011 0.019 0.025 0.017 0.064 0.114 0.019 0.025 0.385 0.011 0.025 0.025 0.017 0.089 0.055
42 S 0.11 0.04 0.054 0.049 0.018 0.033 0.053 0.066 0.019 0.03 0.042 0.054 0.016 0.021 0.03 0.218 0.082 0.005 0.018 0.042
43 E 0.055 0.05 0.041 0.09 0.007 0.065 0.295 0.035 0.026 0.022 0.037 0.076 0.013 0.017 0.026 0.055 0.037 0.006 0.017 0.031
44 I 0.047 0.018 0.015 0.018 0.016 0.013 0.018 0.021 0.009 0.269 0.168 0.024 0.037 0.044 0.015 0.025 0.04 0.006 0.021 0.177
45 I 0.047 0.018 0.015 0.018 0.016 0.013 0.018 0.021 0.009 0.269 0.168 0.024 0.037 0.044 0.015 0.025 0.04 0.006 0.021 0.177
46 K 0.057 0.107 0.042 0.042 0.009 0.054 0.071 0.043 0.021 0.028 0.043 0.276 0.016 0.016 0.028 0.054 0.04 0.005 0.017 0.033
47 V 0.07 0.022 0.017 0.018 0.019 0.017 0.023 0.025 0.008 0.165 0.131 0.026 0.032 0.036 0.017 0.033 0.05 0.006 0.021 0.267
48 R 0.045 0.343 0.039 0.031 0.008 0.049 0.052 0.033 0.023 0.023 0.047 0.121 0.016 0.017 0.019 0.045 0.035 0.006 0.017 0.031
49 D 0.051 0.044 0.041 0.186 0.008 0.03 0.1 0.036 0.039 0.027 0.039 0.044 0.012 0.041 0.039 0.067 0.045 0.009 0.112 0.031
50 L 0.05 0.026 0.052 0.047 0.012 0.022 0.066 0.069 0.016 0.096 0.119 0.034 0.022 0.066 0.036 0.055 0.055 0.007 0.055 0.095
51 E 0.059 0.036 0.04 0.176 0.009 0.05 0.21 0.035 0.019 0.033 0.072 0.052 0.015 0.018 0.021 0.058 0.035 0.005 0.014 0.045
52 Q 0.056 0.074 0.044 0.047 0.009 0.213 0.103 0.041 0.029 0.027 0.047 0.091 0.021 0.015 0.024 0.056 0.041 0.006 0.021 0.035
53 F 0.03 0.017 0.015 0.015 0.01 0.01 0.017 0.022 0.015 0.068 0.103 0.017 0.023 0.439 0.01 0.023 0.023 0.015 0.077 0.053
54 F 0.035 0.018 0.014 0.015 0.011 0.011 0.017 0.021 0.014 0.092 0.192 0.019 0.029 0.295 0.011 0.023 0.026 0.012 0.069 0.077
55 D 0.065 0.04 0.073 0.139 0.01 0.051 0.087 0.06 0.028 0.047 0.058 0.079 0.015 0.02 0.021 0.084 0.04 0.005 0.02 0.059
56 F 0.04 0.019 0.014 0.015 0.013 0.013 0.018 0.021 0.012 0.139 0.183 0.021 0.038 0.203 0.012 0.024 0.03 0.01 0.055 0.123
57 A 0.166 0.024 0.021 0.022 0.015 0.018 0.028 0.042 0.016 0.095 0.111 0.031 0.022 0.099 0.019 0.074 0.039 0.009 0.067 0.081
58 F 0.037 0.02 0.016 0.018 0.01 0.014 0.032 0.022 0.019 0.067 0.117 0.022 0.023 0.275 0.012 0.025 0.027 0.015 0.133 0.093
59 S 0.084 0.038 0.092 0.057 0.012 0.042 0.093 0.087 0.034 0.027 0.051 0.06 0.014 0.018 0.023 0.151 0.06 0.005 0.016 0.035
60 N 0.04 0.039 0.212 0.1 0.008 0.04 0.06 0.064 0.089 0.022 0.033 0.056 0.011 0.028 0.018 0.05 0.036 0.007 0.061 0.025
61 W 0.036 0.02 0.014 0.015 0.011 0.014 0.019 0.023 0.013 0.128 0.165 0.022 0.026 0.082 0.011 0.027 0.028 0.206 0.066 0.077
62 L 0.075 0.029 0.031 0.091 0.012 0.033 0.046 0.055 0.024 0.078 0.096 0.048 0.019 0.033 0.087 0.074 0.041 0.007 0.057 0.065
63 L 0.047 0.033 0.039 0.038 0.011 0.039 0.114 0.048 0.019 0.059 0.141 0.052 0.022 0.069 0.018 0.041 0.065 0.008 0.064 0.073
64 F 0.036 0.02 0.016 0.015 0.03 0.013 0.019 0.022 0.02 0.073 0.152 0.021 0.027 0.249 0.012 0.024 0.026 0.015 0.142 0.068
65 L 0.045 0.021 0.016 0.017 0.014 0.015 0.02 0.042 0.01 0.135 0.295 0.024 0.044 0.072 0.014 0.036 0.044 0.007 0.023 0.109
66 L 0.082 0.022 0.02 0.02 0.013 0.016 0.023 0.073 0.014 0.115 0.163 0.027 0.026 0.092 0.026 0.041 0.067 0.009 0.065 0.087
67 L 0.044 0.021 0.016 0.016 0.07 0.015 0.02 0.024 0.015 0.12 0.195 0.024 0.036 0.075 0.013 0.041 0.032 0.049 0.086 0.088
68 S 0.086 0.028 0.042 0.029 0.034 0.023 0.031 0.059 0.014 0.074 0.105 0.035 0.067 0.043 0.02 0.113 0.089 0.006 0.019 0.083
69 L 0.078 0.02 0.016 0.017 0.024 0.014 0.021 0.027 0.011 0.121 0.193 0.024 0.038 0.148 0.014 0.032 0.047 0.008 0.034 0.114
70 L 0.077 0.021 0.015 0.017 0.014 0.014 0.021 0.026 0.01 0.115 0.253 0.024 0.032 0.115 0.04 0.03 0.037 0.007 0.029 0.102
71 L 0.047 0.019 0.017 0.017 0.091 0.014 0.019 0.024 0.01 0.139 0.147 0.023 0.037 0.133 0.014 0.04 0.054 0.007 0.031 0.114
72 L 0.079 0.022 0.022 0.022 0.091 0.017 0.024 0.052 0.011 0.103 0.111 0.028 0.03 0.09 0.036 0.074 0.058 0.006 0.025 0.1
73 L 0.081 0.02 0.018 0.019 0.013 0.015 0.021 0.111 0.011 0.102 0.158 0.025 0.033 0.142 0.034 0.033 0.031 0.008 0.032 0.093
74 L 0.08 0.022 0.019 0.019 0.015 0.016 0.023 0.029 0.01 0.139 0.182 0.026 0.029 0.086 0.016 0.054 0.059 0.006 0.025 0.145
75 L 0.046 0.019 0.013 0.014 0.129 0.013 0.017 0.022 0.009 0.094 0.323 0.021 0.035 0.071 0.013 0.025 0.03 0.006 0.022 0.077
76 Y 0.037 0.023 0.02 0.017 0.009 0.017 0.024 0.024 0.045 0.046 0.082 0.026 0.019 0.167 0.013 0.036 0.027 0.058 0.254 0.054
77 L 0.053 0.025 0.018 0.018 0.013 0.017 0.023 0.025 0.015 0.094 0.243 0.037 0.042 0.132 0.014 0.038 0.042 0.01 0.072 0.073
78 S 0.104 0.03 0.032 0.031 0.015 0.033 0.036 0.063 0.014 0.047 0.128 0.039 0.021 0.056 0.041 0.141 0.09 0.006 0.021 0.053
79 V 0.059 0.023 0.021 0.021 0.016 0.017 0.024 0.027 0.009 0.15 0.14 0.028 0.027 0.032 0.017 0.062 0.096 0.005 0.018 0.207
80 R 0.041 0.295 0.087 0.035 0.007 0.04 0.047 0.034 0.036 0.033 0.042 0.125 0.014 0.017 0.018 0.043 0.033 0.005 0.017 0.032
81 K 0.046 0.192 0.061 0.035 0.008 0.041 0.051 0.036 0.02 0.026 0.049 0.21 0.014 0.035 0.02 0.053 0.035 0.006 0.031 0.031
82 L 0.059 0.039 0.023 0.023 0.012 0.022 0.031 0.029 0.029 0.083 0.151 0.082 0.042 0.107 0.017 0.046 0.061 0.008 0.043 0.093
83 S 0.11 0.04 0.054 0.049 0.018 0.033 0.053 0.066 0.019 0.03 0.042 0.054 0.016 0.021 0.03 0.218 0.082 0.005 0.018 0.042
84 A 0.128 0.028 0.046 0.031 0.016 0.022 0.033 0.072 0.013 0.073 0.116 0.037 0.022 0.026 0.047 0.11 0.065 0.005 0.017 0.094
85 V 0.118 0.023 0.02 0.021 0.016 0.017 0.026 0.034 0.01 0.142 0.133 0.029 0.026 0.042 0.037 0.06 0.063 0.005 0.019 0.158
86 G 0.125 0.03 0.067 0.031 0.012 0.022 0.031 0.214 0.016 0.061 0.065 0.057 0.016 0.027 0.019 0.058 0.036 0.006 0.041 0.068
87 G 0.074 0.029 0.073 0.034 0.01 0.022 0.03 0.382 0.03 0.024 0.032 0.057 0.01 0.019 0.018 0.056 0.031 0.005 0.026 0.037
88 L 0.041 0.019 0.014 0.015 0.013 0.014 0.018 0.02 0.015 0.194 0.201 0.022 0.031 0.089 0.013 0.023 0.031 0.01 0.092 0.125
89 L 0.039 0.02 0.015 0.015 0.013 0.013 0.018 0.02 0.011 0.16 0.248 0.022 0.044 0.135 0.012 0.025 0.041 0.008 0.045 0.095
90 D 0.036 0.027 0.073 0.455 0.007 0.026 0.079 0.042 0.017 0.02 0.025 0.04 0.008 0.013 0.02 0.047 0.032 0.003 0.01 0.021
91 P 0.052 0.023 0.021 0.028 0.009 0.019 0.032 0.033 0.012 0.023 0.032 0.037 0.009 0.012 0.535 0.048 0.033 0.002 0.012 0.028
92 F 0.061 0.019 0.014 0.016 0.013 0.013 0.018 0.024 0.011 0.163 0.19 0.021 0.038 0.19 0.013 0.026 0.03 0.009 0.04 0.093
93 H 0.042 0.036 0.066 0.033 0.009 0.029 0.041 0.034 0.284 0.036 0.05 0.038 0.024 0.045 0.017 0.042 0.06 0.007 0.054 0.053
94 F 0.032 0.018 0.015 0.015 0.01 0.011 0.018 0.022 0.018 0.069 0.134 0.019 0.024 0.351 0.01 0.023 0.024 0.015 0.116 0.055
95 Y 0.067 0.024 0.023 0.021 0.012 0.018 0.026 0.03 0.024 0.066 0.073 0.029 0.019 0.153 0.016 0.051 0.095 0.015 0.18 0.057
96 F 0.032 0.02 0.015 0.015 0.009 0.014 0.02 0.023 0.02 0.059 0.114 0.021 0.021 0.198 0.01 0.023 0.023 0.17 0.145 0.048
97 T 0.099 0.028 0.033 0.03 0.016 0.022 0.032 0.059 0.012 0.069 0.066 0.037 0.019 0.022 0.023 0.086 0.222 0.005 0.016 0.104
98 F 0.046 0.018 0.015 0.015 0.01 0.011 0.018 0.024 0.016 0.064 0.098 0.019 0.022 0.374 0.011 0.025 0.026 0.014 0.092 0.081
99 T 0.087 0.029 0.036 0.031 0.015 0.022 0.032 0.135 0.012 0.044 0.053 0.037 0.016 0.02 0.023 0.073 0.249 0.005 0.015 0.066
100 F 0.036 0.021 0.018 0.017 0.01 0.014 0.021 0.024 0.022 0.054 0.113 0.023 0.03 0.286 0.012 0.037 0.037 0.016 0.159 0.05
101 G 0.097 0.024 0.036 0.032 0.011 0.02 0.029 0.423 0.013 0.02 0.029 0.034 0.01 0.016 0.019 0.105 0.037 0.005 0.011 0.028
102 T 0.066 0.029 0.035 0.031 0.016 0.023 0.033 0.037 0.012 0.079 0.067 0.038 0.019 0.023 0.023 0.097 0.26 0.005 0.016 0.089
103 S 0.151 0.037 0.09 0.041 0.014 0.028 0.043 0.076 0.017 0.029 0.041 0.067 0.014 0.018 0.024 0.172 0.076 0.005 0.015 0.042
104 Y 0.036 0.025 0.019 0.016 0.008 0.019 0.025 0.022 0.041 0.038 0.06 0.027 0.016 0.115 0.014 0.027 0.025 0.025 0.399 0.041
105 A 0.209 0.028 0.034 0.032 0.015 0.023 0.036 0.19 0.014 0.029 0.041 0.04 0.013 0.018 0.024 0.144 0.049 0.005 0.014 0.043
106 V 0.052 0.018 0.014 0.016 0.016 0.013 0.018 0.02 0.007 0.242 0.13 0.022 0.03 0.035 0.014 0.026 0.04 0.005 0.018 0.265
107 V 0.054 0.018 0.014 0.016 0.016 0.013 0.019 0.02 0.007 0.229 0.128 0.022 0.03 0.034 0.014 0.026 0.04 0.005 0.018 0.277
108 L 0.085 0.02 0.016 0.017 0.015 0.015 0.021 0.027 0.01 0.184 0.197 0.024 0.039 0.088 0.015 0.04 0.035 0.007 0.025 0.122
109 L 0.07 0.02 0.019 0.019 0.013 0.014 0.02 0.122 0.01 0.154 0.173 0.024 0.03 0.094 0.014 0.032 0.042 0.007 0.025 0.097
110 L 0.04 0.022 0.013 0.014 0.014 0.015 0.018 0.019 0.009 0.101 0.428 0.023 0.061 0.048 0.013 0.022 0.03 0.006 0.02 0.084
111 Y 0.046 0.036 0.018 0.016 0.028 0.017 0.023 0.025 0.029 0.041 0.068 0.027 0.017 0.181 0.013 0.028 0.025 0.077 0.244 0.042
112 I 0.069 0.02 0.021 0.018 0.014 0.015 0.02 0.045 0.01 0.194 0.188 0.024 0.039 0.06 0.014 0.039 0.036 0.016 0.022 0.137
113 L 0.054 0.033 0.122 0.054 0.019 0.035 0.05 0.057 0.093 0.043 0.134 0.042 0.02 0.047 0.017 0.051 0.034 0.007 0.047 0.042
114 G 0.063 0.024 0.073 0.088 0.009 0.02 0.039 0.429 0.014 0.018 0.026 0.034 0.009 0.014 0.018 0.056 0.03 0.004 0.01 0.022
115 Y 0.05 0.03 0.022 0.022 0.01 0.037 0.046 0.026 0.06 0.048 0.129 0.043 0.021 0.116 0.015 0.031 0.027 0.016 0.204 0.047
116 I 0.06 0.018 0.015 0.017 0.015 0.014 0.019 0.022 0.008 0.269 0.155 0.023 0.031 0.036 0.014 0.036 0.038 0.005 0.018 0.188
117 S 0.076 0.032 0.049 0.092 0.013 0.028 0.069 0.086 0.016 0.029 0.037 0.044 0.013 0.017 0.08 0.192 0.065 0.004 0.014 0.044
118 D 0.06 0.029 0.109 0.131 0.011 0.024 0.043 0.06 0.031 0.052 0.067 0.037 0.016 0.041 0.019 0.065 0.106 0.025 0.02 0.056
119 Y 0.036 0.026 0.026 0.076 0.009 0.021 0.045 0.025 0.07 0.056 0.115 0.03 0.02 0.117 0.014 0.03 0.026 0.015 0.194 0.047
120 L 0.043 0.027 0.02 0.019 0.012 0.019 0.025 0.024 0.033 0.084 0.252 0.039 0.03 0.059 0.015 0.041 0.063 0.011 0.115 0.069
121 F 0.052 0.02 0.018 0.018 0.021 0.013 0.021 0.026 0.013 0.094 0.142 0.022 0.033 0.269 0.013 0.048 0.041 0.011 0.051 0.074
122 L 0.076 0.025 0.024 0.023 0.013 0.019 0.027 0.053 0.017 0.085 0.13 0.03 0.031 0.104 0.017 0.1 0.041 0.019 0.081 0.085
123 L 0.043 0.022 0.016 0.016 0.014 0.017 0.02 0.021 0.014 0.156 0.219 0.025 0.081 0.058 0.014 0.027 0.043 0.008 0.068 0.117
124 L 0.048 0.019 0.015 0.016 0.015 0.014 0.019 0.021 0.009 0.18 0.213 0.022 0.032 0.084 0.013 0.034 0.036 0.006 0.025 0.179
125 L 0.069 0.021 0.019 0.019 0.013 0.015 0.022 0.047 0.012 0.082 0.202 0.024 0.03 0.176 0.014 0.05 0.044 0.009 0.038 0.095
126 L 0.068 0.023 0.022 0.022 0.014 0.017 0.024 0.059 0.011 0.129 0.175 0.028 0.027 0.094 0.016 0.078 0.06 0.007 0.026 0.1
127 Y 0.047 0.028 0.078 0.029 0.029 0.022 0.031 0.034 0.033 0.034 0.053 0.033 0.015 0.093 0.016 0.083 0.036 0.017 0.25 0.038
128 G 0.134 0.023 0.038 0.026 0.05 0.018 0.026 0.203 0.014 0.041 0.076 0.03 0.015 0.057 0.037 0.056 0.033 0.045 0.035 0.044
129 L 0.052 0.02 0.015 0.016 0.014 0.014 0.019 0.027 0.009 0.18 0.214 0.023 0.04 0.084 0.014 0.035 0.035 0.006 0.025 0.156
130 L 0.086 0.022 0.018 0.019 0.015 0.016 0.023 0.029 0.01 0.132 0.223 0.027 0.031 0.051 0.016 0.053 0.054 0.006 0.02 0.149
131 F 0.036 0.019 0.014 0.015 0.012 0.013 0.018 0.021 0.012 0.096 0.23 0.021 0.056 0.245 0.011 0.023 0.027 0.01 0.048 0.072
132 L 0.067 0.021 0.016 0.016 0.014 0.015 0.02 0.025 0.012 0.14 0.238 0.024 0.032 0.076 0.014 0.037 0.034 0.027 0.051 0.121
133 L 0.053 0.02 0.016 0.017 0.033 0.014 0.02 0.043 0.01 0.151 0.206 0.023 0.033 0.086 0.014 0.043 0.036 0.006 0.025 0.152
134 S 0.105 0.029 0.035 0.033 0.024 0.023 0.036 0.085 0.014 0.048 0.058 0.038 0.025 0.048 0.041 0.181 0.065 0.005 0.019 0.087
135 F 0.036 0.02 0.015 0.015 0.011 0.014 0.019 0.021 0.016 0.108 0.187 0.022 0.044 0.192 0.011 0.023 0.027 0.051 0.096 0.072
136 R 0.047 0.145 0.056 0.029 0.009 0.038 0.038 0.043 0.031 0.043 0.064 0.067 0.016 0.053 0.017 0.075 0.038 0.067 0.078 0.044
137 L 0.078 0.049 0.017 0.018 0.051 0.017 0.022 0.028 0.012 0.12 0.172 0.03 0.029 0.095 0.014 0.041 0.033 0.046 0.042 0.087
138 F 0.079 0.024 0.028 0.026 0.013 0.018 0.028 0.118 0.014 0.059 0.083 0.03 0.019 0.178 0.017 0.113 0.041 0.008 0.037 0.069
139 S 0.069 0.058 0.033 0.03 0.012 0.035 0.037 0.044 0.036 0.048 0.081 0.043 0.018 0.081 0.019 0.152 0.047 0.01 0.101 0.045
140 R 0.07 0.14 0.049 0.033 0.012 0.043 0.044 0.039 0.034 0.063 0.075 0.093 0.027 0.022 0.02 0.097 0.055 0.005 0.018 0.061
141 L 0.075 0.077 0.04 0.026 0.013 0.023 0.03 0.09 0.018 0.094 0.1 0.052 0.029 0.051 0.018 0.055 0.089 0.006 0.03 0.085
142 L 0.058 0.03 0.029 0.026 0.017 0.022 0.03 0.032 0.012 0.084 0.223 0.035 0.034 0.039 0.021 0.058 0.144 0.006 0.02 0.083
143 K 0.057 0.112 0.064 0.039 0.01 0.045 0.06 0.061 0.043 0.028 0.057 0.12 0.015 0.022 0.056 0.1 0.042 0.006 0.032 0.033
144 K 0.052 0.078 0.033 0.028 0.01 0.029 0.038 0.108 0.017 0.067 0.092 0.133 0.019 0.033 0.039 0.053 0.035 0.007 0.059 0.07
145 F 0.065 0.047 0.055 0.046 0.012 0.038 0.037 0.055 0.017 0.069 0.065 0.061 0.018 0.09 0.037 0.083 0.061 0.007 0.052 0.083
146 P 0.055 0.073 0.067 0.034 0.01 0.03 0.05 0.051 0.017 0.041 0.059 0.082 0.014 0.04 0.133 0.07 0.047 0.054 0.034 0.038
147 L 0.062 0.024 0.02 0.019 0.013 0.017 0.024 0.037 0.027 0.128 0.201 0.037 0.031 0.107 0.015 0.053 0.035 0.008 0.042 0.1
148 L 0.073 0.06 0.067 0.045 0.012 0.023 0.034 0.055 0.022 0.076 0.131 0.061 0.022 0.063 0.017 0.06 0.049 0.006 0.026 0.098
149 G 0.052 0.084 0.056 0.031 0.01 0.028 0.037 0.149 0.018 0.044 0.076 0.119 0.016 0.073 0.018 0.061 0.034 0.007 0.049 0.039
150 L 0.093 0.078 0.041 0.057 0.012 0.026 0.038 0.036 0.032 0.06 0.116 0.087 0.02 0.05 0.018 0.044 0.051 0.012 0.061 0.068
151 V 0.073 0.041 0.022 0.022 0.013 0.019 0.028 0.03 0.014 0.104 0.097 0.054 0.022 0.102 0.055 0.051 0.065 0.008 0.054 0.127
152 F 0.045 0.032 0.077 0.04 0.03 0.026 0.036 0.037 0.019 0.082 0.074 0.066 0.019 0.129 0.016 0.049 0.045 0.01 0.084 0.085
153 R 0.077 0.138 0.072 0.035 0.011 0.042 0.043 0.059 0.018 0.038 0.062 0.103 0.02 0.02 0.02 0.087 0.052 0.024 0.017 0.062
154 L 0.047 0.021 0.017 0.018 0.014 0.015 0.02 0.084 0.011 0.134 0.255 0.024 0.037 0.09 0.014 0.027 0.033 0.008 0.028 0.104
155 F 0.064 0.021 0.031 0.02 0.031 0.014 0.021 0.047 0.014 0.083 0.179 0.024 0.026 0.2 0.014 0.041 0.041 0.01 0.054 0.064
156 L 0.042 0.036 0.033 0.036 0.012 0.017 0.025 0.025 0.029 0.123 0.206 0.028 0.029 0.103 0.014 0.039 0.043 0.008 0.055 0.097
157 V 0.085 0.025 0.026 0.027 0.034 0.02 0.04 0.073 0.011 0.123 0.095 0.032 0.022 0.034 0.019 0.091 0.086 0.005 0.017 0.135
158 P 0.052 0.029 0.037 0.03 0.049 0.031 0.05 0.051 0.014 0.073 0.071 0.053 0.016 0.038 0.209 0.056 0.036 0.005 0.03 0.07
159 K 0.064 0.098 0.07 0.068 0.03 0.032 0.061 0.042 0.021 0.058 0.051 0.123 0.015 0.02 0.059 0.059 0.037 0.005 0.022 0.064
160 G 0.057 0.054 0.137 0.045 0.01 0.038 0.052 0.156 0.02 0.037 0.052 0.086 0.013 0.021 0.038 0.068 0.048 0.005 0.028 0.035
161 N 0.05 0.073 0.125 0.06 0.01 0.051 0.064 0.041 0.02 0.044 0.073 0.087 0.016 0.039 0.02 0.078 0.072 0.006 0.031 0.041
162 G 0.062 0.043 0.034 0.038 0.01 0.026 0.083 0.308 0.033 0.024 0.048 0.041 0.012 0.025 0.039 0.064 0.032 0.007 0.044 0.029
163 R 0.059 0.158 0.064 0.034 0.009 0.035 0.045 0.056 0.056 0.04 0.045 0.138 0.014 0.023 0.039 0.059 0.035 0.006 0.039 0.045
164 F 0.081 0.052 0.036 0.023 0.012 0.019 0.027 0.047 0.031 0.092 0.105 0.034 0.024 0.124 0.035 0.056 0.045 0.009 0.064 0.083
165 V 0.06 0.026 0.022 0.035 0.012 0.026 0.123 0.027 0.015 0.119 0.112 0.036 0.023 0.092 0.017 0.044 0.035 0.007 0.039 0.13
166 F 0.04 0.019 0.016 0.016 0.012 0.013 0.019 0.023 0.014 0.086 0.136 0.021 0.025 0.268 0.012 0.028 0.05 0.012 0.078 0.112
167 K 0.07 0.074 0.04 0.028 0.029 0.038 0.04 0.035 0.021 0.048 0.057 0.132 0.016 0.083 0.018 0.059 0.035 0.03 0.091 0.053
168 L 0.061 0.021 0.019 0.019 0.014 0.015 0.022 0.027 0.011 0.166 0.169 0.025 0.037 0.115 0.015 0.066 0.038 0.007 0.029 0.122
169 L 0.084 0.022 0.018 0.019 0.015 0.016 0.023 0.029 0.01 0.141 0.227 0.027 0.04 0.067 0.016 0.06 0.038 0.006 0.023 0.12
170 L 0.042 0.02 0.015 0.015 0.014 0.014 0.019 0.021 0.01 0.157 0.26 0.022 0.038 0.102 0.013 0.033 0.032 0.027 0.029 0.118
171 L 0.08 0.02 0.017 0.018 0.033 0.014 0.02 0.047 0.011 0.151 0.16 0.024 0.036 0.125 0.014 0.04 0.034 0.007 0.03 0.118
172 L 0.064 0.022 0.018 0.018 0.015 0.017 0.022 0.026 0.01 0.144 0.227 0.026 0.057 0.05 0.015 0.05 0.052 0.006 0.02 0.139
173 Y 0.036 0.025 0.019 0.016 0.009 0.019 0.024 0.022 0.038 0.042 0.078 0.027 0.026 0.108 0.013 0.027 0.025 0.042 0.36 0.044
174 L 0.057 0.02 0.017 0.017 0.052 0.014 0.02 0.025 0.01 0.147 0.182 0.023 0.029 0.126 0.014 0.041 0.048 0.007 0.03 0.12
175 L 0.089 0.021 0.018 0.019 0.034 0.016 0.022 0.053 0.01 0.146 0.214 0.026 0.033 0.058 0.016 0.053 0.037 0.006 0.021 0.109
176 L 0.041 0.021 0.013 0.014 0.052 0.014 0.018 0.02 0.009 0.113 0.378 0.022 0.048 0.06 0.013 0.023 0.03 0.006 0.021 0.086
177 A 0.137 0.027 0.025 0.025 0.016 0.021 0.03 0.041 0.014 0.064 0.136 0.034 0.031 0.049 0.02 0.081 0.105 0.007 0.046 0.093
178 L 0.124 0.023 0.02 0.021 0.015 0.018 0.026 0.036 0.012 0.12 0.183 0.029 0.028 0.051 0.018 0.068 0.052 0.006 0.033 0.117
179 F 0.05 0.019 0.015 0.016 0.012 0.013 0.019 0.023 0.015 0.126 0.153 0.022 0.027 0.211 0.031 0.026 0.029 0.011 0.082 0.101
180 L 0.045 0.022 0.019 0.018 0.013 0.017 0.022 0.023 0.019 0.142 0.157 0.026 0.027 0.062 0.015 0.033 0.075 0.012 0.14 0.114
181 I 0.044 0.018 0.014 0.016 0.014 0.013 0.017 0.039 0.009 0.252 0.193 0.022 0.043 0.054 0.013 0.024 0.034 0.006 0.02 0.155
182 S 0.083 0.036 0.033 0.03 0.013 0.026 0.037 0.041 0.034 0.06 0.083 0.072 0.018 0.055 0.021 0.142 0.062 0.014 0.088 0.051
183 K 0.059 0.051 0.085 0.04 0.011 0.06 0.049 0.042 0.018 0.038 0.075 0.128 0.017 0.051 0.021 0.113 0.066 0.005 0.02 0.05
184 V 0.052 0.032 0.02 0.021 0.014 0.02 0.027 0.025 0.01 0.195 0.109 0.084 0.026 0.03 0.016 0.033 0.06 0.005 0.017 0.203
185 G 0.074 0.024 0.04 0.064 0.011 0.02 0.033 0.403 0.013 0.019 0.028 0.035 0.01 0.015 0.019 0.112 0.038 0.005 0.011 0.025
186 F 0.039 0.018 0.015 0.015 0.011 0.011 0.018 0.023 0.013 0.077 0.15 0.019 0.026 0.341 0.01 0.023 0.025 0.032 0.063 0.073
187 G 0.098 0.028 0.04 0.061 0.013 0.023 0.041 0.275 0.014 0.024 0.034 0.039 0.011 0.016 0.022 0.146 0.066 0.005 0.013 0.033
188 L 0.088 0.022 0.02 0.021 0.015 0.017 0.024 0.05 0.011 0.158 0.165 0.027 0.036 0.064 0.016 0.069 0.04 0.006 0.022 0.132
189 F 0.039 0.02 0.022 0.019 0.011 0.013 0.021 0.026 0.014 0.057 0.13 0.021 0.024 0.353 0.012 0.053 0.039 0.013 0.063 0.051
190 A 0.184 0.026 0.026 0.026 0.016 0.02 0.031 0.066 0.013 0.067 0.08 0.034 0.019 0.07 0.021 0.086 0.095 0.006 0.023 0.089
191 E 0.052 0.043 0.041 0.119 0.007 0.054 0.311 0.035 0.023 0.021 0.033 0.065 0.012 0.015 0.024 0.063 0.036 0.005 0.015 0.029
192 T 0.081 0.032 0.046 0.035 0.014 0.045 0.061 0.038 0.014 0.08 0.078 0.042 0.019 0.023 0.022 0.072 0.201 0.005 0.016 0.077
193 N 0.057 0.038 0.285 0.064 0.01 0.03 0.044 0.058 0.024 0.022 0.031 0.048 0.011 0.017 0.02 0.142 0.053 0.004 0.014 0.028
194 R 0.039 0.423 0.034 0.027 0.007 0.043 0.046 0.029 0.021 0.021 0.041 0.106 0.014 0.015 0.017 0.039 0.031 0.005 0.015 0.027
195 F 0.03 0.017 0.015 0.015 0.009 0.01 0.017 0.022 0.016 0.055 0.099 0.017 0.022 0.448 0.009 0.023 0.022 0.015 0.09 0.048
196 E 0.046 0.041 0.041 0.162 0.007 0.059 0.306 0.033 0.022 0.02 0.031 0.061 0.011 0.014 0.022 0.048 0.032 0.005 0.014 0.026
197 A 0.186 0.038 0.061 0.113 0.013 0.105 0.059 0.052 0.018 0.033 0.045 0.051 0.015 0.016 0.022 0.06 0.039 0.005 0.015 0.053
198 N 0.088 0.038 0.332 0.065 0.01 0.029 0.042 0.059 0.025 0.023 0.032 0.046 0.011 0.016 0.019 0.072 0.045 0.004 0.014 0.03
199 R 0.059 0.26 0.036 0.032 0.008 0.043 0.052 0.036 0.019 0.023 0.04 0.195 0.014 0.015 0.021 0.063 0.036 0.005 0.015 0.03
200 G 0.078 0.023 0.039 0.034 0.011 0.019 0.026 0.51 0.014 0.019 0.028 0.034 0.009 0.016 0.019 0.051 0.03 0.005 0.011 0.024
201 G 0.069 0.02 0.034 0.03 0.01 0.017 0.023 0.568 0.012 0.017 0.025 0.03 0.008 0.014 0.017 0.045 0.026 0.005 0.01 0.021
202 L 0.037 0.019 0.014 0.015 0.012 0.013 0.018 0.02 0.014 0.137 0.231 0.021 0.04 0.171 0.012 0.023 0.028 0.01 0.077 0.087
203 G 0.069 0.02 0.034 0.03 0.01 0.017 0.023 0.568 0.012 0.017 0.025 0.03 0.008 0.014 0.017 0.045 0.026 0.005 0.01 0.021
204 P 0.144 0.023 0.023 0.025 0.014 0.018 0.029 0.098 0.012 0.071 0.069 0.033 0.017 0.052 0.153 0.065 0.039 0.005 0.019 0.093
205 I 0.051 0.018 0.014 0.016 0.013 0.013 0.018 0.022 0.013 0.182 0.168 0.021 0.029 0.159 0.013 0.025 0.031 0.01 0.068 0.117
206 V 0.071 0.019 0.016 0.017 0.016 0.015 0.021 0.024 0.008 0.175 0.116 0.024 0.028 0.032 0.015 0.04 0.043 0.005 0.018 0.298
207 R 0.04 0.411 0.034 0.028 0.007 0.043 0.047 0.029 0.02 0.021 0.041 0.115 0.014 0.015 0.017 0.04 0.031 0.005 0.015 0.027
208 I 0.048 0.018 0.014 0.015 0.015 0.013 0.018 0.02 0.009 0.227 0.151 0.022 0.03 0.07 0.013 0.025 0.037 0.007 0.036 0.213
209 L 0.109 0.025 0.017 0.018 0.015 0.019 0.024 0.032 0.012 0.082 0.265 0.029 0.082 0.042 0.016 0.042 0.046 0.007 0.032 0.086
210 D 0.038 0.029 0.07 0.413 0.007 0.03 0.111 0.041 0.018 0.02 0.026 0.043 0.009 0.013 0.02 0.047 0.032 0.003 0.011 0.022
211 A 0.135 0.022 0.02 0.021 0.034 0.017 0.024 0.117 0.011 0.084 0.131 0.028 0.031 0.058 0.017 0.043 0.047 0.006 0.02 0.131
212 L 0.056 0.02 0.015 0.016 0.033 0.014 0.019 0.023 0.01 0.14 0.255 0.023 0.033 0.1 0.013 0.036 0.034 0.007 0.027 0.127
213 R 0.052 0.269 0.049 0.031 0.009 0.035 0.042 0.074 0.019 0.024 0.041 0.08 0.014 0.018 0.019 0.083 0.069 0.025 0.017 0.032
214 L 0.044 0.022 0.016 0.018 0.013 0.016 0.022 0.023 0.011 0.1 0.264 0.026 0.039 0.054 0.129 0.028 0.042 0.006 0.033 0.093
215 F 0.049 0.02 0.018 0.017 0.012 0.013 0.02 0.025 0.014 0.083 0.121 0.022 0.038 0.291 0.013 0.032 0.06 0.012 0.068 0.073
216 L 0.045 0.018 0.013 0.015 0.015 0.013 0.017 0.019 0.008 0.227 0.247 0.022 0.035 0.041 0.013 0.023 0.035 0.005 0.019 0.17
217 I 0.108 0.02 0.017 0.019 0.016 0.016 0.022 0.03 0.009 0.199 0.139 0.026 0.028 0.04 0.016 0.046 0.05 0.005 0.019 0.174
218 A 0.216 0.026 0.029 0.029 0.054 0.022 0.033 0.162 0.013 0.036 0.047 0.037 0.014 0.018 0.023 0.109 0.055 0.005 0.014 0.058
219 Y 0.044 0.024 0.02 0.018 0.015 0.018 0.024 0.026 0.028 0.066 0.088 0.027 0.036 0.111 0.014 0.049 0.03 0.075 0.234 0.053
220 L 0.071 0.023 0.019 0.02 0.014 0.017 0.023 0.029 0.012 0.131 0.224 0.027 0.051 0.086 0.015 0.068 0.037 0.007 0.038 0.085
221 A 0.166 0.029 0.031 0.03 0.016 0.023 0.035 0.05 0.016 0.053 0.059 0.038 0.017 0.059 0.023 0.131 0.106 0.007 0.048 0.066
222 I 0.055 0.018 0.014 0.015 0.015 0.013 0.018 0.021 0.009 0.236 0.227 0.022 0.034 0.043 0.013 0.025 0.034 0.006 0.032 0.149
223 L 0.058 0.028 0.062 0.026 0.031 0.021 0.028 0.032 0.034 0.088 0.118 0.042 0.046 0.061 0.016 0.052 0.056 0.029 0.09 0.081
224 I 0.082 0.02 0.018 0.018 0.052 0.015 0.021 0.047 0.013 0.148 0.14 0.025 0.025 0.087 0.015 0.043 0.045 0.008 0.064 0.111
225 Y 0.07 0.025 0.02 0.019 0.031 0.018 0.025 0.047 0.034 0.091 0.119 0.038 0.023 0.089 0.015 0.042 0.033 0.011 0.132 0.117
226 K 0.059 0.128 0.101 0.048 0.008 0.05 0.11 0.039 0.021 0.032 0.042 0.139 0.014 0.032 0.021 0.058 0.037 0.005 0.018 0.038
227 R 0.063 0.124 0.06 0.033 0.01 0.051 0.044 0.047 0.049 0.035 0.087 0.09 0.018 0.043 0.019 0.086 0.049 0.007 0.048 0.039
228 K 0.048 0.126 0.044 0.031 0.009 0.033 0.054 0.034 0.018 0.057 0.057 0.129 0.016 0.045 0.018 0.059 0.041 0.082 0.04 0.059
229 G 0.049 0.147 0.047 0.047 0.009 0.051 0.044 0.151 0.047 0.033 0.077 0.098 0.016 0.027 0.018 0.041 0.031 0.005 0.018 0.044
230 L 0.072 0.107 0.058 0.055 0.012 0.033 0.056 0.09 0.017 0.044 0.127 0.068 0.02 0.024 0.02 0.07 0.059 0.005 0.016 0.047
231 L 0.049 0.062 0.05 0.028 0.011 0.025 0.034 0.072 0.024 0.06 0.13 0.084 0.026 0.073 0.017 0.06 0.047 0.009 0.086 0.052
232 G 0.065 0.125 0.075 0.04 0.01 0.032 0.041 0.244 0.019 0.022 0.035 0.083 0.012 0.017 0.02 0.073 0.039 0.005 0.014 0.028
233 R 0.043 0.196 0.179 0.057 0.008 0.041 0.051 0.049 0.027 0.023 0.039 0.087 0.013 0.018 0.02 0.057 0.042 0.005 0.016 0.029
234 R 0.049 0.151 0.028 0.025 0.011 0.029 0.034 0.093 0.02 0.082 0.113 0.069 0.023 0.041 0.017 0.037 0.034 0.009 0.06 0.076
235 G 0.064 0.033 0.157 0.053 0.011 0.026 0.038 0.242 0.02 0.025 0.035 0.043 0.012 0.018 0.021 0.076 0.074 0.005 0.014 0.032
236 L 0.041 0.021 0.015 0.016 0.013 0.015 0.02 0.023 0.013 0.125 0.214 0.023 0.049 0.136 0.013 0.025 0.031 0.056 0.054 0.098
237 K 0.067 0.113 0.051 0.035 0.01 0.039 0.051 0.065 0.018 0.04 0.061 0.213 0.016 0.018 0.022 0.05 0.057 0.005 0.016 0.052
238 R 0.049 0.213 0.041 0.031 0.009 0.047 0.047 0.035 0.019 0.028 0.045 0.138 0.015 0.036 0.02 0.066 0.078 0.016 0.032 0.035
239 L 0.064 0.042 0.033 0.021 0.012 0.02 0.027 0.038 0.018 0.093 0.117 0.053 0.022 0.081 0.015 0.034 0.042 0.061 0.107 0.102
240 L 0.071 0.022 0.035 0.022 0.036 0.017 0.023 0.057 0.011 0.143 0.198 0.027 0.03 0.054 0.016 0.06 0.039 0.006 0.02 0.113
241 L 0.047 0.067 0.023 0.022 0.012 0.024 0.03 0.092 0.015 0.081 0.209 0.087 0.046 0.04 0.016 0.033 0.035 0.007 0.048 0.065
242 F 0.034 0.019 0.017 0.017 0.011 0.011 0.019 0.025 0.017 0.064 0.114 0.019 0.025 0.385 0.011 0.025 0.025 0.017 0.089 0.055
243 Q 0.056 0.074 0.044 0.047 0.009 0.213 0.103 0.041 0.029 0.027 0.047 0.091 0.021 0.015 0.024 0.056 0.041 0.006 0.021 0.035
244 L 0.067 0.022 0.03 0.019 0.012 0.016 0.022 0.036 0.018 0.117 0.141 0.025 0.041 0.121 0.014 0.03 0.031 0.031 0.111 0.096
245 F 0.095 0.021 0.019 0.02 0.013 0.015 0.023 0.065 0.012 0.113 0.126 0.026 0.032 0.173 0.034 0.051 0.034 0.008 0.037 0.083
246 L 0.057 0.021 0.019 0.019 0.013 0.015 0.021 0.055 0.013 0.116 0.181 0.024 0.027 0.158 0.033 0.052 0.033 0.009 0.048 0.087
247 L 0.112 0.022 0.016 0.017 0.015 0.016 0.022 0.03 0.013 0.1 0.254 0.026 0.031 0.089 0.015 0.034 0.033 0.008 0.052 0.097
248 L 0.074 0.021 0.017 0.017 0.014 0.015 0.02 0.045 0.01 0.153 0.239 0.025 0.036 0.068 0.015 0.032 0.055 0.006 0.022 0.116
249 L 0.092 0.023 0.02 0.021 0.015 0.017 0.024 0.056 0.011 0.1 0.217 0.028 0.029 0.084 0.016 0.07 0.043 0.007 0.025 0.103
250 F 0.039 0.018 0.016 0.031 0.012 0.012 0.02 0.022 0.012 0.129 0.146 0.02 0.027 0.248 0.012 0.024 0.029 0.01 0.048 0.125
251 I 0.091 0.023 0.022 0.023 0.034 0.018 0.026 0.034 0.011 0.168 0.131 0.03 0.051 0.047 0.017 0.092 0.044 0.006 0.02 0.114
252 I 0.046 0.018 0.014 0.016 0.033 0.013 0.017 0.04 0.009 0.215 0.177 0.021 0.031 0.075 0.013 0.025 0.035 0.006 0.023 0.174
253 L 0.053 0.019 0.015 0.016 0.013 0.013 0.019 0.022 0.014 0.154 0.162 0.022 0.028 0.159 0.013 0.026 0.032 0.01 0.075 0.136
254 S 0.151 0.032 0.102 0.042 0.014 0.026 0.04 0.105 0.017 0.028 0.04 0.043 0.013 0.034 0.023 0.174 0.054 0.005 0.017 0.04
255 A 0.213 0.031 0.035 0.035 0.017 0.026 0.041 0.061 0.015 0.034 0.049 0.043 0.023 0.02 0.026 0.192 0.068 0.005 0.016 0.05
256 L 0.057 0.02 0.015 0.016 0.013 0.015 0.02 0.024 0.012 0.133 0.186 0.023 0.079 0.175 0.013 0.027 0.031 0.009 0.038 0.095
257 L 0.051 0.02 0.016 0.017 0.015 0.015 0.02 0.023 0.009 0.154 0.222 0.024 0.032 0.068 0.014 0.045 0.038 0.006 0.023 0.188
258 N 0.061 0.036 0.233 0.057 0.011 0.028 0.042 0.074 0.022 0.035 0.036 0.046 0.012 0.018 0.021 0.15 0.063 0.004 0.014 0.034
259 G 0.069 0.02 0.034 0.03 0.01 0.017 0.023 0.568 0.012 0.017 0.025 0.03 0.008 0.014 0.017 0.045 0.026 0.005 0.01 0.021
260 A 0.36 0.028 0.024 0.027 0.019 0.023 0.036 0.068 0.013 0.037 0.052 0.04 0.015 0.019 0.026 0.088 0.045 0.005 0.015 0.059
261 K 0.05 0.094 0.037 0.037 0.008 0.047 0.062 0.038 0.018 0.024 0.038 0.364 0.014 0.014 0.024 0.047 0.035 0.005 0.015 0.029
262 F 0.099 0.02 0.018 0.019 0.012 0.014 0.022 0.033 0.014 0.087 0.097 0.024 0.022 0.284 0.014 0.053 0.032 0.011 0.053 0.073
263 A 0.247 0.03 0.034 0.08 0.016 0.026 0.056 0.062 0.015 0.032 0.044 0.043 0.014 0.018 0.025 0.139 0.05 0.005 0.015 0.048
264 L 0.044 0.02 0.014 0.015 0.014 0.014 0.018 0.02 0.009 0.152 0.273 0.022 0.052 0.079 0.013 0.024 0.033 0.007 0.024 0.152
265 L 0.041 0.02 0.013 0.014 0.014 0.014 0.018 0.019 0.009 0.141 0.383 0.022 0.041 0.046 0.013 0.022 0.031 0.006 0.019 0.114
266 E 0.042 0.035 0.028 0.055 0.008 0.049 0.24 0.028 0.02 0.034 0.07 0.049 0.016 0.159 0.018 0.039 0.029 0.008 0.035 0.036
267 S 0.108 0.033 0.034 0.032 0.012 0.054 0.042 0.082 0.064 0.049 0.051 0.042 0.016 0.049 0.021 0.13 0.045 0.008 0.076 0.05
268 L 0.066 0.019 0.014 0.016 0.014 0.014 0.019 0.023 0.009 0.201 0.21 0.023 0.036 0.084 0.014 0.027 0.034 0.006 0.025 0.146
269 Y 0.039 0.022 0.016 0.016 0.03 0.016 0.021 0.022 0.024 0.077 0.165 0.024 0.042 0.133 0.013 0.026 0.028 0.015 0.19 0.081
270 A 0.165 0.027 0.027 0.027 0.016 0.021 0.032 0.064 0.012 0.064 0.08 0.035 0.019 0.039 0.022 0.087 0.118 0.005 0.018 0.121
271 V 0.118 0.024 0.023 0.023 0.035 0.019 0.028 0.038 0.012 0.135 0.104 0.031 0.032 0.032 0.019 0.097 0.046 0.006 0.031 0.15
272 L 0.043 0.02 0.016 0.017 0.032 0.014 0.019 0.023 0.013 0.143 0.209 0.023 0.03 0.146 0.013 0.044 0.032 0.009 0.06 0.095
273 V 0.067 0.021 0.017 0.018 0.015 0.015 0.021 0.025 0.01 0.137 0.17 0.025 0.037 0.095 0.015 0.034 0.068 0.007 0.027 0.178
274 A 0.199 0.027 0.028 0.028 0.054 0.022 0.033 0.09 0.012 0.058 0.058 0.036 0.017 0.021 0.023 0.109 0.078 0.005 0.015 0.088
275 L 0.056 0.019 0.015 0.016 0.014 0.014 0.018 0.06 0.01 0.188 0.217 0.023 0.032 0.071 0.013 0.026 0.033 0.007 0.036 0.131
276 F 0.084 0.046 0.026 0.025 0.031 0.022 0.032 0.041 0.018 0.074 0.083 0.068 0.019 0.129 0.018 0.094 0.039 0.01 0.084 0.056
277 I 0.069 0.019 0.014 0.016 0.034 0.014 0.019 0.023 0.009 0.219 0.185 0.023 0.04 0.052 0.014 0.028 0.036 0.006 0.02 0.162
278 Y 0.078 0.025 0.022 0.02 0.011 0.026 0.027 0.049 0.043 0.062 0.097 0.029 0.02 0.127 0.016 0.045 0.042 0.014 0.172 0.073
279 S 0.069 0.071 0.039 0.039 0.028 0.033 0.068 0.043 0.02 0.036 0.054 0.075 0.017 0.065 0.023 0.115 0.098 0.008 0.053 0.045
280 G 0.071 0.084 0.062 0.065 0.01 0.034 0.038 0.268 0.031 0.026 0.036 0.046 0.012 0.032 0.018 0.074 0.035 0.005 0.016 0.039
281 I 0.047 0.063 0.038 0.026 0.01 0.032 0.033 0.059 0.032 0.091 0.066 0.061 0.018 0.066 0.073 0.058 0.034 0.06 0.066 0.065
282 K 0.053 0.14 0.062 0.037 0.009 0.038 0.061 0.057 0.018 0.03 0.044 0.182 0.014 0.032 0.021 0.076 0.06 0.005 0.017 0.044
283 F 0.054 0.02 0.016 0.018 0.012 0.014 0.021 0.025 0.011 0.091 0.158 0.024 0.025 0.176 0.128 0.028 0.031 0.008 0.037 0.103
284 K 0.049 0.193 0.035 0.033 0.008 0.044 0.055 0.035 0.019 0.027 0.042 0.259 0.014 0.015 0.022 0.053 0.035 0.005 0.015 0.04
285 L 0.042 0.018 0.013 0.015 0.014 0.013 0.017 0.02 0.009 0.207 0.222 0.021 0.033 0.101 0.013 0.023 0.033 0.007 0.027 0.152
286 S 0.073 0.085 0.105 0.041 0.011 0.029 0.041 0.089 0.025 0.026 0.039 0.073 0.013 0.033 0.059 0.126 0.074 0.005 0.017 0.034
287 T 0.073 0.036 0.043 0.038 0.018 0.028 0.039 0.043 0.014 0.053 0.065 0.045 0.02 0.024 0.028 0.093 0.246 0.006 0.018 0.071
288 L 0.068 0.023 0.017 0.018 0.013 0.016 0.023 0.033 0.011 0.135 0.197 0.037 0.037 0.103 0.053 0.039 0.034 0.007 0.027 0.108
289 K 0.074 0.066 0.029 0.029 0.011 0.03 0.041 0.059 0.014 0.075 0.08 0.164 0.018 0.028 0.02 0.055 0.073 0.044 0.02 0.069
290 K 0.05 0.081 0.059 0.034 0.01 0.042 0.046 0.036 0.027 0.036 0.052 0.159 0.016 0.073 0.02 0.064 0.082 0.008 0.057 0.049
291 L 0.095 0.023 0.017 0.018 0.014 0.016 0.022 0.048 0.011 0.135 0.201 0.037 0.042 0.089 0.015 0.033 0.034 0.007 0.025 0.118
292 L 0.101 0.022 0.018 0.019 0.015 0.016 0.023 0.059 0.01 0.125 0.162 0.027 0.039 0.082 0.016 0.04 0.057 0.006 0.024 0.137
293 L 0.053 0.029 0.018 0.02 0.013 0.028 0.027 0.053 0.011 0.139 0.199 0.062 0.038 0.049 0.034 0.03 0.034 0.006 0.02 0.136
294 I 0.097 0.021 0.019 0.02 0.015 0.016 0.023 0.059 0.011 0.168 0.159 0.027 0.027 0.051 0.016 0.058 0.039 0.006 0.033 0.133
295 L 0.039 0.022 0.016 0.016 0.013 0.013 0.02 0.023 0.013 0.089 0.245 0.022 0.037 0.221 0.012 0.025 0.029 0.012 0.055 0.075
296 F 0.072 0.03 0.035 0.033 0.014 0.022 0.036 0.046 0.018 0.046 0.078 0.036 0.021 0.204 0.02 0.123 0.054 0.011 0.053 0.048
297 Y 0.044 0.023 0.018 0.018 0.013 0.018 0.023 0.023 0.028 0.158 0.118 0.027 0.028 0.087 0.015 0.028 0.034 0.017 0.17 0.112
298 L 0.061 0.021 0.02 0.02 0.013 0.015 0.022 0.104 0.011 0.119 0.156 0.025 0.042 0.128 0.015 0.049 0.044 0.008 0.03 0.098
299 L 0.105 0.024 0.022 0.022 0.015 0.018 0.026 0.054 0.011 0.12 0.167 0.03 0.027 0.047 0.018 0.076 0.066 0.006 0.019 0.129
300 L 0.09 0.021 0.017 0.018 0.015 0.016 0.022 0.034 0.01 0.14 0.217 0.026 0.031 0.066 0.016 0.051 0.038 0.006 0.022 0.144
301 G 0.147 0.026 0.03 0.029 0.015 0.021 0.031 0.179 0.013 0.052 0.069 0.035 0.017 0.037 0.021 0.116 0.045 0.005 0.017 0.098
302 V 0.066 0.024 0.024 0.024 0.016 0.018 0.027 0.032 0.011 0.155 0.114 0.03 0.028 0.075 0.018 0.077 0.05 0.007 0.026 0.18
303 A 0.154 0.026 0.021 0.023 0.018 0.021 0.03 0.044 0.012 0.109 0.135 0.034 0.044 0.032 0.039 0.057 0.045 0.006 0.019 0.132
304 L 0.05 0.025 0.017 0.017 0.016 0.019 0.023 0.024 0.012 0.111 0.228 0.028 0.095 0.086 0.014 0.03 0.037 0.008 0.029 0.132
305 L 0.043 0.02 0.015 0.015 0.014 0.014 0.018 0.04 0.009 0.135 0.298 0.022 0.036 0.087 0.013 0.026 0.042 0.007 0.025 0.121
306 A 0.138 0.023 0.021 0.022 0.034 0.018 0.026 0.057 0.011 0.119 0.127 0.03 0.032 0.067 0.018 0.068 0.051 0.006 0.022 0.111
307 F 0.032 0.018 0.016 0.015 0.01 0.011 0.018 0.022 0.018 0.065 0.099 0.019 0.03 0.381 0.01 0.023 0.024 0.016 0.12 0.052
308 A 0.211 0.025 0.024 0.025 0.017 0.021 0.032 0.05 0.012 0.097 0.075 0.035 0.02 0.024 0.022 0.1 0.048 0.005 0.016 0.14
309 L 0.055 0.021 0.015 0.015 0.014 0.015 0.02 0.042 0.01 0.1 0.306 0.024 0.06 0.087 0.013 0.026 0.032 0.007 0.025 0.113
310 L 0.04 0.02 0.016 0.016 0.012 0.014 0.02 0.022 0.016 0.106 0.196 0.023 0.028 0.159 0.012 0.034 0.03 0.031 0.103 0.101
311 A 0.143 0.022 0.019 0.02 0.015 0.017 0.025 0.065 0.011 0.11 0.132 0.028 0.041 0.076 0.017 0.051 0.038 0.006 0.024 0.137
312 L 0.047 0.022 0.014 0.015 0.014 0.015 0.019 0.021 0.01 0.12 0.379 0.024 0.04 0.048 0.013 0.026 0.046 0.007 0.033 0.088
313 S 0.085 0.035 0.062 0.051 0.012 0.045 0.043 0.054 0.034 0.034 0.051 0.054 0.02 0.073 0.021 0.132 0.093 0.007 0.051 0.042
314 F 0.051 0.078 0.021 0.021 0.01 0.032 0.031 0.026 0.019 0.112 0.092 0.08 0.022 0.147 0.015 0.031 0.03 0.011 0.095 0.077
315 N 0.07 0.035 0.26 0.055 0.011 0.027 0.038 0.051 0.022 0.037 0.088 0.042 0.033 0.022 0.018 0.067 0.063 0.005 0.015 0.041
316 L 0.076 0.024 0.022 0.022 0.014 0.018 0.026 0.033 0.012 0.088 0.234 0.029 0.03 0.112 0.016 0.098 0.04 0.007 0.029 0.07
317 E 0.056 0.091 0.038 0.096 0.009 0.051 0.166 0.036 0.019 0.029 0.053 0.126 0.014 0.017 0.022 0.077 0.038 0.005 0.015 0.043
318 N 0.085 0.058 0.119 0.057 0.011 0.042 0.046 0.08 0.019 0.043 0.064 0.102 0.032 0.02 0.021 0.096 0.043 0.005 0.015 0.042
319 N 0.094 0.041 0.18 0.056 0.012 0.032 0.061 0.057 0.022 0.032 0.04 0.063 0.013 0.018 0.023 0.132 0.054 0.005 0.015 0.05
320 G 0.056 0.032 0.209 0.056 0.009 0.025 0.036 0.285 0.022 0.02 0.028 0.042 0.01 0.016 0.018 0.057 0.038 0.005 0.013 0.024
