#Seq2Logo.py -f /work3/idamei/ssn-clusterings/clustering/2205171701/clusters/0135_31/sequences.afa -o /work3/idamei/ssn-clusterings/clustering/2205171701/clusters/0135_31/sequences.logo
#Position Specific Frequency Matrix
A R N D C Q E G H I L K M F P S T W Y V
0 L 0.051 0.031 0.02 0.02 0.016 0.028 0.028 0.028 0.016 0.098 0.193 0.035 0.177 0.047 0.016 0.035 0.039 0.008 0.024 0.091
1 D 0.057 0.107 0.044 0.119 0.012 0.032 0.053 0.041 0.044 0.045 0.119 0.059 0.022 0.027 0.021 0.085 0.044 0.006 0.02 0.045
2 R 0.108 0.113 0.101 0.054 0.012 0.04 0.106 0.05 0.022 0.038 0.049 0.069 0.015 0.019 0.023 0.06 0.042 0.005 0.017 0.058
3 P 0.054 0.025 0.035 0.115 0.011 0.021 0.042 0.146 0.013 0.043 0.113 0.036 0.019 0.023 0.167 0.042 0.033 0.004 0.014 0.042
4 R 0.103 0.18 0.032 0.056 0.013 0.034 0.044 0.041 0.018 0.048 0.126 0.074 0.023 0.026 0.02 0.049 0.037 0.006 0.018 0.053
5 G 0.117 0.102 0.028 0.027 0.015 0.026 0.034 0.152 0.014 0.065 0.09 0.053 0.02 0.025 0.02 0.05 0.04 0.006 0.017 0.101
6 C 0.164 0.022 0.02 0.022 0.288 0.018 0.026 0.052 0.011 0.044 0.062 0.03 0.017 0.021 0.022 0.059 0.042 0.005 0.014 0.061
7 S 0.082 0.057 0.049 0.048 0.013 0.126 0.077 0.053 0.024 0.028 0.044 0.072 0.018 0.018 0.026 0.14 0.061 0.006 0.019 0.038
8 Y 0.037 0.026 0.019 0.017 0.009 0.019 0.026 0.026 0.036 0.039 0.063 0.028 0.017 0.106 0.013 0.028 0.026 0.184 0.239 0.041
9 G 0.054 0.023 0.027 0.024 0.009 0.017 0.024 0.271 0.014 0.024 0.04 0.028 0.012 0.038 0.013 0.037 0.026 0.25 0.039 0.027
10 R 0.045 0.345 0.039 0.031 0.008 0.048 0.052 0.033 0.023 0.023 0.047 0.12 0.016 0.017 0.019 0.045 0.035 0.006 0.017 0.031
11 L 0.045 0.024 0.014 0.015 0.016 0.016 0.02 0.021 0.01 0.115 0.376 0.025 0.05 0.055 0.014 0.024 0.033 0.007 0.022 0.096
12 W 0.03 0.023 0.015 0.015 0.008 0.015 0.023 0.03 0.015 0.03 0.053 0.023 0.015 0.061 0.008 0.023 0.023 0.492 0.068 0.03
13 Q 0.056 0.074 0.044 0.047 0.009 0.215 0.103 0.041 0.029 0.026 0.047 0.091 0.021 0.015 0.024 0.056 0.041 0.006 0.021 0.035
14 C 0.065 0.016 0.016 0.016 0.484 0.012 0.016 0.032 0.008 0.045 0.065 0.02 0.016 0.02 0.016 0.041 0.037 0.004 0.012 0.057
15 S 0.11 0.04 0.054 0.049 0.018 0.033 0.052 0.066 0.019 0.03 0.042 0.054 0.016 0.021 0.03 0.22 0.082 0.005 0.018 0.042
16 R 0.045 0.345 0.039 0.031 0.008 0.048 0.052 0.033 0.023 0.023 0.047 0.12 0.016 0.017 0.019 0.045 0.035 0.006 0.017 0.031
17 S 0.11 0.04 0.054 0.049 0.018 0.033 0.052 0.066 0.019 0.03 0.042 0.054 0.016 0.021 0.03 0.22 0.082 0.005 0.018 0.042
18 R 0.045 0.345 0.039 0.031 0.008 0.048 0.052 0.033 0.023 0.023 0.047 0.12 0.016 0.017 0.019 0.045 0.035 0.006 0.017 0.031
19 S 0.11 0.04 0.054 0.049 0.018 0.033 0.052 0.066 0.019 0.03 0.042 0.054 0.016 0.021 0.03 0.22 0.082 0.005 0.018 0.042
20 A 0.29 0.031 0.026 0.03 0.022 0.026 0.04 0.078 0.015 0.043 0.059 0.045 0.018 0.022 0.03 0.085 0.05 0.005 0.018 0.069
21 S 0.11 0.04 0.054 0.049 0.018 0.033 0.052 0.066 0.019 0.03 0.042 0.054 0.016 0.021 0.03 0.22 0.082 0.005 0.018 0.042
22 S 0.11 0.04 0.054 0.049 0.018 0.033 0.052 0.066 0.019 0.03 0.042 0.054 0.016 0.021 0.03 0.22 0.082 0.005 0.018 0.042
23 A 0.29 0.031 0.026 0.03 0.022 0.026 0.04 0.078 0.015 0.043 0.059 0.045 0.018 0.022 0.03 0.085 0.05 0.005 0.018 0.069
24 A 0.29 0.031 0.026 0.03 0.022 0.026 0.04 0.078 0.015 0.043 0.059 0.045 0.018 0.022 0.03 0.085 0.05 0.005 0.018 0.069
25 R 0.045 0.345 0.039 0.031 0.008 0.048 0.052 0.033 0.023 0.023 0.047 0.12 0.016 0.017 0.019 0.045 0.035 0.006 0.017 0.031
26 G 0.078 0.023 0.039 0.034 0.011 0.019 0.026 0.51 0.014 0.019 0.028 0.034 0.009 0.016 0.019 0.051 0.03 0.005 0.011 0.024
27 L 0.045 0.024 0.014 0.015 0.016 0.016 0.02 0.021 0.01 0.115 0.376 0.025 0.05 0.055 0.014 0.024 0.033 0.007 0.022 0.096
28 R 0.045 0.345 0.039 0.031 0.008 0.048 0.052 0.033 0.023 0.023 0.047 0.12 0.016 0.017 0.019 0.045 0.035 0.006 0.017 0.031
29 Q 0.056 0.074 0.044 0.047 0.009 0.215 0.103 0.041 0.029 0.026 0.047 0.091 0.021 0.015 0.024 0.056 0.041 0.006 0.021 0.035
30 L 0.045 0.024 0.014 0.015 0.016 0.016 0.02 0.021 0.01 0.115 0.376 0.025 0.05 0.055 0.014 0.024 0.033 0.007 0.022 0.096
31 Y 0.04 0.028 0.022 0.019 0.009 0.022 0.028 0.025 0.047 0.044 0.068 0.031 0.019 0.131 0.016 0.031 0.028 0.028 0.318 0.047
32 P 0.05 0.187 0.031 0.031 0.009 0.034 0.044 0.034 0.018 0.024 0.041 0.08 0.013 0.015 0.258 0.044 0.035 0.004 0.015 0.031
33 L 0.046 0.021 0.014 0.016 0.016 0.015 0.019 0.021 0.009 0.195 0.273 0.024 0.043 0.049 0.014 0.025 0.036 0.006 0.021 0.136
34 G 0.067 0.024 0.031 0.032 0.01 0.02 0.031 0.274 0.013 0.022 0.032 0.037 0.01 0.014 0.257 0.047 0.033 0.004 0.012 0.028
35 R 0.077 0.194 0.046 0.04 0.013 0.041 0.052 0.049 0.021 0.026 0.044 0.087 0.016 0.019 0.024 0.134 0.058 0.005 0.017 0.036
36 C 0.06 0.033 0.028 0.053 0.247 0.038 0.158 0.034 0.017 0.033 0.051 0.048 0.015 0.018 0.021 0.048 0.037 0.005 0.014 0.044
37 G 0.078 0.023 0.039 0.034 0.011 0.019 0.025 0.513 0.013 0.019 0.028 0.034 0.009 0.016 0.019 0.051 0.03 0.005 0.011 0.024
38 R 0.051 0.227 0.04 0.036 0.008 0.051 0.061 0.038 0.022 0.025 0.045 0.201 0.015 0.016 0.023 0.049 0.037 0.005 0.017 0.032
39 G 0.186 0.027 0.032 0.032 0.016 0.022 0.033 0.295 0.014 0.031 0.044 0.039 0.013 0.019 0.024 0.068 0.04 0.005 0.014 0.046
40 W 0.03 0.023 0.015 0.015 0.008 0.015 0.023 0.03 0.015 0.03 0.053 0.023 0.015 0.061 0.008 0.023 0.023 0.492 0.068 0.03
41 A 0.294 0.031 0.025 0.03 0.021 0.025 0.04 0.078 0.015 0.043 0.059 0.044 0.017 0.021 0.03 0.085 0.05 0.005 0.017 0.068
42 T 0.073 0.035 0.043 0.037 0.018 0.027 0.039 0.043 0.014 0.053 0.065 0.045 0.02 0.024 0.027 0.092 0.25 0.006 0.018 0.071
43 R 0.044 0.348 0.039 0.031 0.008 0.048 0.052 0.033 0.023 0.023 0.046 0.12 0.015 0.017 0.019 0.044 0.035 0.006 0.017 0.031
44 G 0.061 0.186 0.039 0.032 0.009 0.033 0.039 0.273 0.018 0.021 0.037 0.077 0.012 0.017 0.019 0.048 0.032 0.006 0.014 0.028
45 G 0.186 0.027 0.032 0.032 0.016 0.022 0.033 0.295 0.014 0.031 0.044 0.039 0.013 0.019 0.024 0.068 0.04 0.005 0.014 0.046
46 L 0.05 0.065 0.028 0.028 0.012 0.035 0.045 0.032 0.015 0.071 0.211 0.153 0.032 0.035 0.021 0.039 0.036 0.006 0.02 0.064
47 T 0.073 0.035 0.043 0.037 0.018 0.027 0.039 0.043 0.014 0.053 0.065 0.045 0.02 0.024 0.027 0.092 0.25 0.006 0.018 0.071
48 S 0.11 0.04 0.054 0.049 0.018 0.033 0.052 0.066 0.019 0.03 0.042 0.054 0.016 0.021 0.03 0.22 0.082 0.005 0.018 0.042
49 A 0.29 0.031 0.026 0.03 0.022 0.026 0.04 0.078 0.015 0.043 0.059 0.045 0.018 0.022 0.03 0.085 0.05 0.005 0.018 0.069
50 E 0.055 0.05 0.04 0.09 0.007 0.064 0.297 0.035 0.026 0.022 0.037 0.076 0.013 0.017 0.026 0.055 0.037 0.006 0.017 0.031
51 V 0.07 0.022 0.016 0.018 0.019 0.016 0.023 0.025 0.008 0.165 0.13 0.026 0.032 0.036 0.016 0.033 0.049 0.006 0.021 0.269
52 E 0.055 0.05 0.04 0.09 0.007 0.064 0.297 0.035 0.026 0.022 0.037 0.076 0.013 0.017 0.026 0.055 0.037 0.006 0.017 0.031
53 G 0.078 0.023 0.039 0.034 0.011 0.019 0.026 0.51 0.014 0.019 0.028 0.034 0.009 0.016 0.019 0.051 0.03 0.005 0.011 0.024
54 R 0.045 0.345 0.039 0.031 0.008 0.048 0.052 0.033 0.023 0.023 0.047 0.12 0.016 0.017 0.019 0.045 0.035 0.006 0.017 0.031
55 V 0.07 0.022 0.016 0.018 0.019 0.016 0.023 0.025 0.008 0.165 0.13 0.026 0.032 0.036 0.016 0.033 0.049 0.006 0.021 0.269
56 C 0.065 0.016 0.016 0.016 0.484 0.012 0.016 0.032 0.008 0.045 0.065 0.02 0.016 0.02 0.016 0.041 0.037 0.004 0.012 0.057
57 F 0.034 0.019 0.017 0.017 0.011 0.011 0.019 0.025 0.017 0.063 0.114 0.019 0.025 0.387 0.011 0.025 0.025 0.017 0.089 0.055
58 A 0.29 0.031 0.026 0.03 0.022 0.026 0.04 0.078 0.015 0.043 0.059 0.045 0.018 0.022 0.03 0.085 0.05 0.005 0.018 0.069
59 K 0.057 0.107 0.042 0.042 0.009 0.054 0.071 0.043 0.021 0.028 0.043 0.278 0.016 0.016 0.028 0.054 0.04 0.005 0.017 0.033
60 T 0.073 0.036 0.043 0.038 0.018 0.028 0.039 0.043 0.014 0.053 0.065 0.045 0.02 0.024 0.028 0.093 0.247 0.006 0.018 0.071
61 A 0.29 0.031 0.026 0.03 0.022 0.026 0.04 0.078 0.015 0.043 0.059 0.045 0.018 0.022 0.03 0.085 0.05 0.005 0.018 0.069
62 A 0.29 0.031 0.026 0.03 0.022 0.026 0.04 0.078 0.015 0.043 0.059 0.045 0.018 0.022 0.03 0.085 0.05 0.005 0.018 0.069
63 C 0.061 0.061 0.029 0.029 0.247 0.033 0.043 0.038 0.014 0.036 0.054 0.151 0.016 0.018 0.022 0.047 0.038 0.005 0.015 0.045
64 G 0.075 0.029 0.041 0.035 0.014 0.023 0.032 0.278 0.014 0.036 0.046 0.039 0.014 0.02 0.023 0.072 0.14 0.006 0.014 0.047
65 G 0.074 0.058 0.037 0.045 0.013 0.034 0.098 0.151 0.017 0.055 0.057 0.052 0.017 0.022 0.022 0.089 0.047 0.005 0.016 0.09
66 R 0.106 0.184 0.038 0.032 0.011 0.038 0.047 0.081 0.1 0.027 0.045 0.077 0.015 0.021 0.021 0.053 0.035 0.006 0.026 0.037
67 R 0.061 0.136 0.036 0.044 0.012 0.04 0.104 0.038 0.019 0.045 0.121 0.071 0.022 0.026 0.022 0.086 0.045 0.006 0.018 0.048
68 E 0.108 0.055 0.037 0.046 0.011 0.042 0.11 0.046 0.099 0.035 0.07 0.107 0.018 0.023 0.024 0.055 0.037 0.006 0.026 0.043
69 M 0.036 0.022 0.014 0.014 0.011 0.019 0.019 0.019 0.011 0.069 0.14 0.025 0.419 0.033 0.011 0.025 0.028 0.005 0.017 0.064
70 L 0.052 0.032 0.02 0.02 0.016 0.028 0.028 0.028 0.016 0.1 0.197 0.036 0.161 0.048 0.016 0.036 0.04 0.008 0.024 0.092
71 L 0.075 0.017 0.025 0.015 0.01 0.012 0.017 0.031 0.009 0.146 0.194 0.019 0.026 0.111 0.011 0.032 0.048 0.078 0.033 0.092
72 P 0.077 0.02 0.016 0.019 0.01 0.014 0.022 0.032 0.009 0.12 0.067 0.025 0.023 0.038 0.296 0.041 0.06 0.004 0.025 0.081
73 Y 0.045 0.02 0.015 0.013 0.007 0.015 0.02 0.019 0.032 0.031 0.048 0.022 0.013 0.096 0.011 0.023 0.02 0.019 0.498 0.033
74 W 0.029 0.016 0.011 0.011 0.007 0.011 0.016 0.021 0.01 0.053 0.089 0.016 0.014 0.092 0.007 0.022 0.018 0.473 0.049 0.036
75 L 0.065 0.017 0.013 0.014 0.018 0.012 0.017 0.027 0.009 0.139 0.259 0.019 0.031 0.109 0.011 0.038 0.047 0.006 0.041 0.107
76 L 0.044 0.017 0.012 0.013 0.011 0.013 0.016 0.018 0.009 0.144 0.272 0.019 0.116 0.092 0.011 0.026 0.026 0.006 0.038 0.099
77 F 0.025 0.015 0.024 0.013 0.007 0.01 0.015 0.026 0.014 0.039 0.099 0.016 0.016 0.329 0.008 0.019 0.018 0.152 0.118 0.035
78 L 0.094 0.03 0.017 0.017 0.018 0.014 0.019 0.092 0.009 0.078 0.221 0.024 0.056 0.089 0.013 0.069 0.038 0.005 0.019 0.078
79 L 0.057 0.016 0.012 0.019 0.025 0.011 0.016 0.022 0.009 0.157 0.233 0.018 0.024 0.108 0.011 0.024 0.035 0.02 0.044 0.139
80 P 0.084 0.017 0.016 0.019 0.023 0.013 0.022 0.033 0.009 0.101 0.062 0.025 0.018 0.072 0.286 0.045 0.047 0.034 0.023 0.049
81 A 0.263 0.02 0.019 0.02 0.03 0.021 0.025 0.06 0.009 0.077 0.086 0.027 0.02 0.028 0.017 0.089 0.051 0.004 0.014 0.121
82 F 0.034 0.019 0.017 0.017 0.011 0.011 0.019 0.026 0.017 0.064 0.115 0.019 0.026 0.384 0.011 0.026 0.026 0.017 0.089 0.055
83 L 0.045 0.024 0.014 0.015 0.016 0.016 0.02 0.021 0.01 0.116 0.373 0.025 0.05 0.055 0.014 0.024 0.034 0.007 0.022 0.097
84 S 0.11 0.04 0.054 0.049 0.018 0.033 0.053 0.067 0.019 0.03 0.042 0.054 0.016 0.021 0.03 0.216 0.082 0.005 0.018 0.042
85 L 0.068 0.017 0.013 0.014 0.016 0.012 0.016 0.044 0.009 0.129 0.221 0.024 0.036 0.141 0.018 0.032 0.025 0.034 0.037 0.094
86 A 0.198 0.02 0.024 0.025 0.029 0.015 0.022 0.156 0.01 0.055 0.102 0.035 0.041 0.068 0.036 0.046 0.033 0.005 0.016 0.062
87 A 0.229 0.021 0.074 0.024 0.033 0.017 0.026 0.058 0.011 0.06 0.078 0.028 0.017 0.03 0.017 0.11 0.053 0.004 0.013 0.094
88 L 0.051 0.021 0.011 0.013 0.011 0.011 0.02 0.018 0.008 0.162 0.28 0.018 0.032 0.141 0.017 0.02 0.029 0.006 0.024 0.105
89 L 0.098 0.022 0.042 0.022 0.01 0.051 0.031 0.067 0.023 0.084 0.131 0.028 0.022 0.088 0.021 0.08 0.064 0.005 0.019 0.093
90 P 0.067 0.034 0.073 0.054 0.016 0.032 0.062 0.104 0.022 0.034 0.058 0.037 0.023 0.048 0.12 0.087 0.056 0.012 0.026 0.036
91 R 0.081 0.12 0.058 0.045 0.009 0.035 0.053 0.073 0.013 0.035 0.067 0.061 0.017 0.031 0.043 0.11 0.045 0.025 0.016 0.061
92 Y 0.04 0.028 0.022 0.019 0.009 0.022 0.028 0.025 0.047 0.044 0.068 0.031 0.019 0.131 0.016 0.031 0.028 0.028 0.318 0.047
93 R 0.049 0.18 0.051 0.038 0.007 0.043 0.042 0.063 0.023 0.028 0.051 0.115 0.013 0.018 0.079 0.061 0.038 0.026 0.036 0.037
94 R 0.057 0.145 0.042 0.03 0.009 0.029 0.032 0.06 0.02 0.044 0.127 0.053 0.02 0.053 0.077 0.044 0.056 0.013 0.027 0.06
95 K 0.077 0.082 0.067 0.103 0.008 0.045 0.059 0.069 0.021 0.043 0.049 0.104 0.013 0.016 0.063 0.061 0.051 0.004 0.024 0.042
96 R 0.093 0.131 0.045 0.056 0.009 0.04 0.058 0.075 0.014 0.029 0.05 0.08 0.013 0.025 0.089 0.068 0.047 0.004 0.033 0.042
97 A 0.134 0.056 0.051 0.031 0.013 0.024 0.045 0.114 0.014 0.057 0.095 0.057 0.018 0.022 0.064 0.07 0.04 0.005 0.015 0.075
98 S 0.094 0.09 0.042 0.038 0.013 0.048 0.049 0.087 0.046 0.028 0.042 0.059 0.015 0.019 0.062 0.133 0.07 0.005 0.019 0.038
99 V 0.095 0.087 0.028 0.028 0.015 0.044 0.039 0.051 0.014 0.087 0.077 0.052 0.021 0.024 0.062 0.052 0.081 0.005 0.017 0.121
100 A 0.29 0.031 0.026 0.03 0.022 0.026 0.04 0.078 0.015 0.043 0.059 0.045 0.018 0.022 0.03 0.085 0.05 0.005 0.018 0.069
101 L 0.045 0.024 0.014 0.015 0.016 0.016 0.02 0.021 0.01 0.115 0.376 0.025 0.05 0.055 0.014 0.024 0.033 0.007 0.022 0.096
102 A 0.29 0.031 0.026 0.03 0.022 0.026 0.04 0.078 0.015 0.043 0.059 0.045 0.018 0.022 0.03 0.085 0.05 0.005 0.018 0.069
103 S 0.11 0.04 0.054 0.049 0.018 0.033 0.052 0.066 0.019 0.03 0.042 0.054 0.016 0.021 0.03 0.22 0.082 0.005 0.018 0.042
104 P 0.057 0.026 0.023 0.031 0.01 0.021 0.036 0.036 0.013 0.026 0.036 0.041 0.01 0.013 0.494 0.044 0.036 0.003 0.013 0.031
105 A 0.29 0.031 0.026 0.03 0.022 0.026 0.04 0.078 0.015 0.043 0.059 0.045 0.018 0.022 0.03 0.085 0.05 0.005 0.018 0.069
106 P 0.057 0.026 0.023 0.031 0.01 0.021 0.036 0.036 0.013 0.026 0.036 0.041 0.01 0.013 0.494 0.044 0.036 0.003 0.013 0.031
107 S 0.11 0.04 0.054 0.049 0.018 0.033 0.052 0.066 0.019 0.03 0.042 0.054 0.016 0.021 0.03 0.22 0.082 0.005 0.018 0.042
108 D 0.092 0.049 0.054 0.124 0.013 0.024 0.045 0.042 0.015 0.062 0.095 0.042 0.019 0.023 0.079 0.064 0.069 0.005 0.015 0.068
109 G 0.098 0.025 0.051 0.033 0.012 0.021 0.03 0.318 0.014 0.026 0.041 0.036 0.022 0.017 0.107 0.063 0.035 0.005 0.012 0.033
110 G 0.077 0.137 0.044 0.038 0.012 0.033 0.043 0.204 0.019 0.024 0.039 0.069 0.013 0.018 0.023 0.107 0.049 0.005 0.015 0.032
111 P 0.062 0.029 0.03 0.033 0.013 0.023 0.037 0.038 0.013 0.035 0.046 0.042 0.013 0.016 0.34 0.06 0.108 0.004 0.014 0.044
112 A 0.29 0.031 0.026 0.03 0.022 0.026 0.04 0.078 0.015 0.043 0.059 0.045 0.018 0.022 0.03 0.085 0.05 0.005 0.018 0.069
113 G 0.135 0.042 0.04 0.04 0.015 0.075 0.055 0.175 0.019 0.029 0.044 0.055 0.016 0.018 0.025 0.104 0.05 0.005 0.016 0.042
114 A 0.173 0.115 0.032 0.045 0.014 0.041 0.109 0.056 0.02 0.033 0.05 0.071 0.016 0.019 0.026 0.067 0.043 0.005 0.017 0.05
115 P 0.116 0.027 0.024 0.03 0.013 0.022 0.037 0.046 0.013 0.03 0.042 0.042 0.012 0.015 0.381 0.054 0.039 0.003 0.014 0.04
116 D 0.062 0.042 0.045 0.128 0.012 0.075 0.066 0.043 0.019 0.048 0.124 0.053 0.024 0.026 0.022 0.089 0.048 0.005 0.018 0.049
117 L 0.061 0.074 0.034 0.032 0.013 0.076 0.047 0.063 0.017 0.071 0.095 0.054 0.041 0.025 0.047 0.088 0.079 0.005 0.018 0.06
118 R 0.063 0.2 0.047 0.031 0.009 0.045 0.046 0.036 0.066 0.03 0.048 0.094 0.023 0.023 0.069 0.052 0.034 0.016 0.035 0.034
119 A 0.099 0.082 0.04 0.053 0.012 0.056 0.059 0.04 0.028 0.05 0.053 0.065 0.016 0.032 0.063 0.088 0.068 0.005 0.018 0.075
120 V 0.07 0.022 0.017 0.018 0.019 0.017 0.023 0.025 0.008 0.165 0.131 0.026 0.032 0.036 0.017 0.033 0.05 0.006 0.021 0.266
121 A 0.093 0.076 0.06 0.056 0.009 0.044 0.047 0.065 0.019 0.057 0.073 0.056 0.018 0.032 0.062 0.068 0.058 0.004 0.031 0.073
122 S 0.11 0.04 0.054 0.049 0.018 0.033 0.052 0.066 0.019 0.03 0.042 0.054 0.016 0.021 0.03 0.22 0.082 0.005 0.018 0.042
123 A 0.29 0.031 0.026 0.03 0.022 0.026 0.04 0.078 0.015 0.043 0.059 0.045 0.018 0.022 0.03 0.085 0.05 0.005 0.018 0.069
124 R 0.063 0.124 0.04 0.024 0.009 0.059 0.052 0.07 0.032 0.071 0.113 0.052 0.025 0.034 0.018 0.077 0.029 0.005 0.044 0.058
125 S 0.068 0.078 0.067 0.033 0.009 0.047 0.037 0.072 0.029 0.041 0.087 0.055 0.014 0.038 0.063 0.114 0.051 0.034 0.022 0.044
126 R 0.046 0.183 0.027 0.024 0.012 0.031 0.035 0.027 0.016 0.149 0.107 0.072 0.026 0.031 0.017 0.035 0.037 0.006 0.019 0.103
127 K 0.062 0.092 0.088 0.051 0.008 0.03 0.044 0.068 0.019 0.03 0.078 0.128 0.017 0.033 0.048 0.066 0.053 0.012 0.033 0.04
128 I 0.089 0.026 0.015 0.022 0.01 0.018 0.02 0.048 0.01 0.139 0.114 0.025 0.025 0.111 0.063 0.045 0.033 0.029 0.044 0.114
129 G 0.078 0.023 0.039 0.034 0.011 0.019 0.026 0.51 0.014 0.019 0.028 0.034 0.009 0.016 0.019 0.051 0.03 0.005 0.011 0.024
130 L 0.11 0.018 0.022 0.017 0.018 0.014 0.02 0.079 0.016 0.091 0.151 0.023 0.035 0.093 0.048 0.063 0.043 0.009 0.033 0.099
131 W 0.044 0.017 0.012 0.012 0.008 0.011 0.016 0.027 0.012 0.045 0.145 0.023 0.03 0.14 0.015 0.02 0.03 0.272 0.079 0.042
132 L 0.072 0.023 0.016 0.019 0.01 0.013 0.019 0.088 0.01 0.125 0.15 0.035 0.031 0.102 0.012 0.043 0.036 0.042 0.056 0.1
133 L 0.09 0.016 0.013 0.014 0.018 0.012 0.017 0.046 0.008 0.12 0.228 0.02 0.031 0.106 0.03 0.042 0.033 0.023 0.021 0.108
134 F 0.117 0.017 0.015 0.015 0.011 0.012 0.018 0.053 0.01 0.087 0.138 0.02 0.03 0.174 0.012 0.031 0.065 0.014 0.043 0.118
135 G 0.104 0.017 0.023 0.017 0.031 0.012 0.018 0.166 0.009 0.081 0.102 0.021 0.017 0.102 0.012 0.055 0.028 0.067 0.022 0.096
136 L 0.094 0.016 0.013 0.014 0.028 0.011 0.016 0.042 0.008 0.125 0.225 0.019 0.027 0.127 0.011 0.027 0.044 0.006 0.022 0.123
137 L 0.089 0.016 0.013 0.013 0.011 0.011 0.016 0.042 0.015 0.096 0.209 0.018 0.022 0.202 0.011 0.03 0.03 0.007 0.029 0.12
138 L 0.048 0.017 0.013 0.013 0.01 0.012 0.016 0.025 0.01 0.107 0.307 0.019 0.038 0.12 0.011 0.023 0.063 0.007 0.061 0.08
139 T 0.135 0.02 0.027 0.021 0.022 0.016 0.023 0.031 0.01 0.086 0.059 0.026 0.016 0.08 0.016 0.084 0.181 0.005 0.024 0.119
140 L 0.037 0.016 0.011 0.011 0.011 0.011 0.014 0.016 0.007 0.145 0.377 0.017 0.033 0.083 0.01 0.023 0.025 0.005 0.019 0.129
141 F 0.051 0.016 0.012 0.013 0.01 0.012 0.016 0.018 0.01 0.123 0.161 0.018 0.117 0.206 0.01 0.021 0.025 0.007 0.037 0.116
142 I 0.039 0.014 0.012 0.013 0.012 0.011 0.014 0.016 0.006 0.394 0.109 0.018 0.044 0.029 0.011 0.025 0.046 0.004 0.014 0.171
143 G 0.054 0.016 0.027 0.023 0.007 0.013 0.018 0.663 0.009 0.013 0.019 0.023 0.006 0.011 0.013 0.035 0.02 0.004 0.007 0.017
144 L 0.034 0.016 0.011 0.011 0.01 0.01 0.014 0.023 0.01 0.069 0.364 0.017 0.031 0.206 0.009 0.018 0.026 0.008 0.052 0.06
145 R 0.031 0.55 0.027 0.021 0.005 0.033 0.036 0.023 0.016 0.016 0.032 0.083 0.011 0.012 0.013 0.031 0.024 0.004 0.012 0.021
146 Y 0.027 0.02 0.024 0.022 0.007 0.02 0.031 0.019 0.114 0.037 0.056 0.021 0.014 0.236 0.01 0.022 0.019 0.02 0.244 0.037
147 E 0.037 0.081 0.045 0.056 0.005 0.15 0.303 0.026 0.03 0.016 0.028 0.075 0.01 0.012 0.017 0.037 0.026 0.011 0.013 0.022
148 V 0.046 0.015 0.017 0.013 0.013 0.011 0.016 0.017 0.006 0.164 0.093 0.018 0.024 0.025 0.011 0.022 0.033 0.004 0.014 0.439
149 G 0.054 0.016 0.027 0.023 0.007 0.013 0.018 0.663 0.009 0.013 0.019 0.023 0.006 0.011 0.013 0.035 0.02 0.004 0.007 0.017
150 G 0.127 0.017 0.024 0.022 0.016 0.014 0.02 0.505 0.009 0.021 0.027 0.024 0.008 0.012 0.021 0.044 0.029 0.004 0.009 0.046
151 D 0.028 0.021 0.047 0.586 0.005 0.021 0.063 0.032 0.013 0.015 0.019 0.031 0.006 0.01 0.015 0.036 0.024 0.003 0.008 0.017
152 W 0.021 0.027 0.011 0.011 0.005 0.011 0.016 0.021 0.011 0.021 0.036 0.017 0.01 0.042 0.005 0.016 0.016 0.63 0.051 0.021
153 F 0.04 0.022 0.052 0.097 0.007 0.02 0.038 0.136 0.026 0.045 0.065 0.029 0.013 0.164 0.026 0.041 0.038 0.021 0.078 0.042
154 N 0.122 0.038 0.225 0.051 0.009 0.022 0.043 0.056 0.015 0.021 0.029 0.036 0.01 0.013 0.059 0.127 0.077 0.003 0.011 0.031
155 Y 0.028 0.019 0.015 0.013 0.006 0.015 0.019 0.017 0.032 0.03 0.047 0.021 0.013 0.09 0.011 0.021 0.019 0.019 0.531 0.032
156 L 0.043 0.026 0.02 0.024 0.01 0.043 0.057 0.018 0.01 0.116 0.349 0.024 0.032 0.059 0.011 0.027 0.03 0.005 0.022 0.073
157 R 0.076 0.13 0.059 0.094 0.007 0.032 0.07 0.101 0.034 0.056 0.05 0.061 0.012 0.039 0.021 0.04 0.026 0.005 0.048 0.04
158 H 0.033 0.029 0.042 0.019 0.008 0.032 0.024 0.028 0.143 0.136 0.106 0.036 0.066 0.065 0.012 0.025 0.025 0.014 0.1 0.058
159 Y 0.028 0.017 0.013 0.012 0.008 0.017 0.017 0.017 0.026 0.058 0.138 0.019 0.022 0.202 0.01 0.02 0.021 0.02 0.266 0.068
160 D 0.035 0.046 0.072 0.191 0.006 0.043 0.183 0.035 0.031 0.031 0.04 0.057 0.01 0.034 0.022 0.053 0.027 0.005 0.045 0.035
161 R 0.072 0.096 0.041 0.083 0.008 0.052 0.062 0.044 0.024 0.044 0.094 0.052 0.048 0.031 0.014 0.068 0.048 0.012 0.062 0.042
162 A 0.148 0.031 0.019 0.017 0.019 0.017 0.021 0.031 0.01 0.145 0.1 0.024 0.036 0.063 0.014 0.049 0.068 0.005 0.045 0.139
163 A 0.122 0.075 0.031 0.05 0.01 0.063 0.045 0.089 0.015 0.046 0.068 0.085 0.015 0.022 0.016 0.11 0.05 0.004 0.03 0.055
164 N 0.043 0.045 0.317 0.083 0.009 0.034 0.049 0.065 0.032 0.022 0.032 0.054 0.011 0.018 0.02 0.07 0.049 0.004 0.016 0.027
165 G 0.056 0.049 0.063 0.07 0.008 0.034 0.044 0.162 0.032 0.027 0.063 0.036 0.014 0.073 0.013 0.062 0.042 0.021 0.09 0.04
166 L 0.08 0.044 0.02 0.034 0.01 0.054 0.069 0.032 0.012 0.071 0.19 0.043 0.049 0.032 0.014 0.059 0.06 0.012 0.037 0.079
167 D 0.042 0.037 0.194 0.241 0.008 0.032 0.07 0.056 0.025 0.022 0.03 0.049 0.01 0.016 0.021 0.061 0.042 0.004 0.013 0.026
168 S 0.052 0.04 0.073 0.104 0.009 0.026 0.041 0.077 0.013 0.02 0.028 0.045 0.01 0.02 0.108 0.198 0.09 0.003 0.017 0.027
169 L 0.029 0.016 0.012 0.012 0.009 0.01 0.015 0.017 0.01 0.069 0.294 0.022 0.029 0.238 0.009 0.027 0.022 0.043 0.056 0.061
170 S 0.11 0.04 0.054 0.049 0.018 0.033 0.052 0.066 0.019 0.03 0.042 0.054 0.016 0.021 0.03 0.22 0.082 0.005 0.018 0.042
171 I 0.047 0.018 0.015 0.018 0.016 0.013 0.018 0.021 0.009 0.271 0.168 0.024 0.037 0.044 0.015 0.025 0.04 0.006 0.021 0.177
172 D 0.041 0.03 0.069 0.397 0.008 0.03 0.091 0.047 0.019 0.022 0.028 0.045 0.009 0.015 0.022 0.052 0.035 0.004 0.011 0.024
173 Y 0.04 0.028 0.022 0.019 0.009 0.022 0.028 0.025 0.047 0.044 0.068 0.031 0.019 0.131 0.016 0.031 0.028 0.028 0.318 0.047
174 L 0.045 0.024 0.014 0.015 0.016 0.016 0.02 0.021 0.01 0.115 0.376 0.025 0.05 0.055 0.014 0.024 0.033 0.007 0.022 0.096
175 L 0.088 0.042 0.024 0.06 0.009 0.049 0.054 0.073 0.019 0.048 0.089 0.075 0.023 0.054 0.039 0.079 0.049 0.039 0.04 0.047
176 G 0.078 0.023 0.039 0.034 0.011 0.019 0.025 0.513 0.013 0.019 0.028 0.034 0.009 0.016 0.019 0.051 0.03 0.005 0.011 0.024
177 E 0.058 0.037 0.039 0.169 0.006 0.077 0.219 0.033 0.022 0.029 0.032 0.058 0.01 0.016 0.03 0.065 0.03 0.011 0.034 0.025
178 A 0.24 0.02 0.018 0.02 0.013 0.016 0.034 0.036 0.009 0.093 0.093 0.027 0.021 0.027 0.016 0.09 0.054 0.004 0.019 0.15
179 L 0.045 0.024 0.014 0.015 0.016 0.016 0.02 0.021 0.01 0.116 0.373 0.025 0.05 0.055 0.014 0.024 0.034 0.007 0.022 0.097
180 E 0.055 0.05 0.041 0.091 0.007 0.065 0.294 0.035 0.026 0.022 0.037 0.076 0.013 0.017 0.026 0.055 0.037 0.006 0.017 0.031
181 L 0.049 0.016 0.012 0.013 0.011 0.011 0.015 0.02 0.007 0.157 0.314 0.019 0.035 0.079 0.025 0.035 0.033 0.005 0.019 0.126
182 T 0.058 0.047 0.032 0.045 0.01 0.023 0.056 0.076 0.017 0.048 0.123 0.056 0.032 0.063 0.015 0.089 0.125 0.012 0.022 0.052
183 G 0.064 0.023 0.026 0.026 0.013 0.018 0.026 0.224 0.011 0.067 0.121 0.031 0.022 0.027 0.114 0.04 0.035 0.005 0.015 0.091
184 Q 0.056 0.074 0.044 0.047 0.009 0.212 0.103 0.041 0.029 0.027 0.047 0.092 0.021 0.015 0.024 0.056 0.041 0.006 0.021 0.035
185 S 0.11 0.04 0.054 0.049 0.018 0.033 0.053 0.067 0.019 0.03 0.042 0.054 0.016 0.021 0.03 0.217 0.082 0.005 0.018 0.042
186 W 0.043 0.058 0.126 0.046 0.008 0.034 0.047 0.046 0.022 0.027 0.042 0.12 0.014 0.031 0.018 0.048 0.037 0.169 0.033 0.03
187 G 0.053 0.07 0.022 0.022 0.009 0.053 0.044 0.119 0.017 0.066 0.099 0.045 0.045 0.077 0.014 0.075 0.056 0.006 0.057 0.053
188 G 0.063 0.043 0.04 0.05 0.009 0.03 0.047 0.194 0.012 0.029 0.034 0.063 0.015 0.027 0.033 0.115 0.136 0.004 0.023 0.034
189 D 0.035 0.022 0.045 0.517 0.005 0.023 0.117 0.031 0.013 0.016 0.02 0.033 0.007 0.01 0.016 0.036 0.025 0.003 0.008 0.018
190 P 0.039 0.018 0.016 0.02 0.008 0.019 0.024 0.024 0.009 0.04 0.05 0.028 0.014 0.019 0.531 0.04 0.031 0.003 0.022 0.043
191 G 0.164 0.018 0.03 0.023 0.009 0.014 0.02 0.475 0.01 0.02 0.038 0.025 0.013 0.013 0.015 0.047 0.025 0.004 0.009 0.028
192 Y 0.028 0.019 0.016 0.013 0.006 0.015 0.02 0.017 0.047 0.03 0.047 0.022 0.013 0.1 0.011 0.022 0.019 0.019 0.505 0.032
193 G 0.103 0.042 0.039 0.023 0.012 0.07 0.04 0.17 0.021 0.04 0.044 0.04 0.036 0.039 0.014 0.072 0.031 0.013 0.092 0.057
194 L 0.085 0.017 0.013 0.013 0.011 0.012 0.016 0.035 0.008 0.09 0.322 0.019 0.031 0.117 0.011 0.035 0.04 0.013 0.022 0.089
195 L 0.033 0.016 0.011 0.011 0.011 0.011 0.014 0.015 0.007 0.165 0.393 0.017 0.03 0.06 0.01 0.018 0.035 0.005 0.017 0.12
196 N 0.037 0.036 0.466 0.053 0.009 0.023 0.039 0.043 0.032 0.018 0.024 0.037 0.008 0.013 0.014 0.058 0.044 0.003 0.012 0.03
197 W 0.034 0.019 0.012 0.012 0.006 0.012 0.022 0.028 0.013 0.041 0.06 0.028 0.014 0.075 0.007 0.019 0.018 0.446 0.104 0.029
198 L 0.067 0.016 0.012 0.013 0.015 0.011 0.015 0.026 0.007 0.191 0.283 0.019 0.048 0.063 0.011 0.026 0.029 0.017 0.018 0.114
199 S 0.16 0.022 0.026 0.024 0.019 0.018 0.027 0.114 0.011 0.048 0.046 0.03 0.026 0.026 0.017 0.219 0.042 0.004 0.013 0.108
200 G 0.078 0.023 0.039 0.034 0.011 0.019 0.026 0.51 0.014 0.019 0.028 0.034 0.009 0.016 0.019 0.051 0.03 0.005 0.011 0.024
201 R 0.045 0.345 0.039 0.031 0.008 0.048 0.052 0.033 0.023 0.023 0.047 0.12 0.016 0.017 0.019 0.045 0.035 0.006 0.017 0.031
202 L 0.045 0.024 0.014 0.015 0.016 0.016 0.02 0.021 0.01 0.115 0.376 0.025 0.05 0.055 0.014 0.024 0.033 0.007 0.022 0.096
203 D 0.041 0.03 0.069 0.397 0.008 0.03 0.091 0.047 0.019 0.022 0.028 0.045 0.009 0.015 0.022 0.052 0.035 0.004 0.011 0.024
204 H 0.042 0.046 0.053 0.038 0.008 0.038 0.053 0.038 0.355 0.023 0.038 0.046 0.015 0.03 0.019 0.042 0.027 0.008 0.057 0.023
205 Y 0.04 0.028 0.022 0.019 0.009 0.022 0.028 0.025 0.047 0.044 0.068 0.031 0.019 0.131 0.016 0.031 0.028 0.028 0.318 0.047
206 W 0.03 0.023 0.015 0.015 0.008 0.015 0.023 0.03 0.015 0.03 0.053 0.023 0.015 0.061 0.008 0.023 0.023 0.492 0.068 0.03
207 N 0.043 0.045 0.317 0.083 0.009 0.034 0.049 0.065 0.032 0.022 0.032 0.054 0.011 0.018 0.02 0.07 0.049 0.004 0.016 0.027
208 D 0.041 0.03 0.069 0.397 0.008 0.03 0.091 0.047 0.019 0.022 0.028 0.045 0.009 0.015 0.022 0.052 0.035 0.004 0.011 0.024
209 G 0.078 0.023 0.039 0.034 0.011 0.019 0.026 0.51 0.014 0.019 0.028 0.034 0.009 0.016 0.019 0.051 0.03 0.005 0.011 0.024
210 R 0.045 0.345 0.039 0.031 0.008 0.048 0.052 0.033 0.023 0.023 0.047 0.12 0.016 0.017 0.019 0.045 0.035 0.006 0.017 0.031
211 S 0.11 0.04 0.054 0.049 0.018 0.033 0.052 0.066 0.019 0.03 0.042 0.054 0.016 0.021 0.03 0.22 0.082 0.005 0.018 0.042
212 L 0.045 0.024 0.014 0.015 0.016 0.016 0.02 0.021 0.01 0.115 0.376 0.025 0.05 0.055 0.014 0.024 0.033 0.007 0.022 0.096
213 S 0.11 0.04 0.054 0.049 0.018 0.033 0.052 0.066 0.019 0.03 0.042 0.054 0.016 0.021 0.03 0.22 0.082 0.005 0.018 0.042
214 I 0.047 0.018 0.015 0.018 0.016 0.013 0.018 0.021 0.009 0.271 0.168 0.024 0.037 0.044 0.015 0.025 0.04 0.006 0.021 0.177
215 I 0.047 0.018 0.015 0.018 0.016 0.013 0.018 0.021 0.009 0.271 0.168 0.024 0.037 0.044 0.015 0.025 0.04 0.006 0.021 0.177
216 G 0.078 0.023 0.039 0.034 0.011 0.019 0.026 0.51 0.014 0.019 0.028 0.034 0.009 0.016 0.019 0.051 0.03 0.005 0.011 0.024
217 Y 0.04 0.028 0.022 0.019 0.009 0.022 0.028 0.025 0.047 0.044 0.068 0.031 0.019 0.131 0.016 0.031 0.028 0.028 0.318 0.047
218 D 0.041 0.03 0.069 0.397 0.008 0.03 0.091 0.047 0.019 0.022 0.028 0.045 0.009 0.015 0.022 0.052 0.035 0.004 0.011 0.024
219 G 0.078 0.023 0.039 0.034 0.011 0.019 0.026 0.51 0.014 0.019 0.028 0.034 0.009 0.016 0.019 0.051 0.03 0.005 0.011 0.024
220 Y 0.04 0.028 0.022 0.019 0.009 0.022 0.028 0.025 0.047 0.044 0.068 0.031 0.019 0.131 0.016 0.031 0.028 0.028 0.318 0.047
221 A 0.29 0.031 0.026 0.03 0.022 0.026 0.04 0.078 0.015 0.043 0.059 0.045 0.018 0.022 0.03 0.085 0.05 0.005 0.018 0.069
222 A 0.171 0.032 0.071 0.037 0.01 0.053 0.037 0.085 0.041 0.047 0.067 0.031 0.013 0.047 0.015 0.067 0.039 0.017 0.056 0.063
223 Q 0.057 0.123 0.058 0.041 0.007 0.138 0.066 0.05 0.042 0.024 0.063 0.109 0.013 0.04 0.015 0.05 0.039 0.005 0.029 0.032
224 L 0.071 0.017 0.029 0.014 0.011 0.012 0.017 0.021 0.009 0.081 0.336 0.02 0.039 0.107 0.011 0.03 0.039 0.032 0.033 0.072
225 F 0.034 0.019 0.017 0.017 0.011 0.011 0.019 0.025 0.017 0.063 0.114 0.019 0.025 0.387 0.011 0.025 0.025 0.017 0.089 0.055
226 G 0.045 0.02 0.087 0.139 0.007 0.021 0.035 0.428 0.012 0.015 0.021 0.032 0.007 0.023 0.014 0.041 0.023 0.004 0.009 0.018
227 G 0.052 0.026 0.027 0.016 0.008 0.022 0.018 0.16 0.011 0.057 0.139 0.021 0.023 0.137 0.01 0.03 0.027 0.108 0.055 0.053
228 K 0.074 0.067 0.041 0.096 0.009 0.055 0.097 0.142 0.019 0.024 0.036 0.155 0.013 0.015 0.023 0.052 0.035 0.005 0.014 0.03
229 A 0.29 0.031 0.026 0.03 0.022 0.026 0.04 0.078 0.015 0.043 0.059 0.045 0.018 0.022 0.03 0.085 0.05 0.005 0.018 0.069
230 E 0.055 0.05 0.04 0.09 0.007 0.064 0.297 0.035 0.026 0.022 0.037 0.076 0.013 0.017 0.026 0.055 0.037 0.006 0.017 0.031
231 G 0.046 0.022 0.048 0.168 0.007 0.028 0.062 0.322 0.018 0.016 0.023 0.035 0.008 0.013 0.015 0.078 0.048 0.007 0.015 0.02
232 I 0.036 0.015 0.012 0.013 0.011 0.016 0.015 0.016 0.007 0.361 0.124 0.024 0.057 0.029 0.014 0.022 0.053 0.004 0.014 0.156
233 Y 0.035 0.024 0.016 0.015 0.007 0.014 0.024 0.048 0.051 0.071 0.077 0.021 0.015 0.096 0.01 0.03 0.032 0.158 0.199 0.058
234 F 0.054 0.016 0.017 0.016 0.009 0.012 0.022 0.149 0.016 0.047 0.127 0.019 0.021 0.242 0.011 0.04 0.044 0.045 0.033 0.06
235 V 0.058 0.016 0.012 0.013 0.013 0.012 0.017 0.018 0.006 0.114 0.087 0.019 0.025 0.024 0.019 0.025 0.056 0.004 0.014 0.448
236 N 0.03 0.031 0.523 0.063 0.006 0.023 0.034 0.045 0.022 0.015 0.022 0.037 0.008 0.012 0.014 0.05 0.034 0.003 0.011 0.019
237 L 0.061 0.017 0.014 0.014 0.011 0.012 0.017 0.021 0.008 0.082 0.329 0.02 0.03 0.117 0.012 0.048 0.07 0.006 0.022 0.088
238 V 0.066 0.015 0.012 0.013 0.045 0.011 0.016 0.035 0.007 0.193 0.117 0.018 0.03 0.065 0.013 0.033 0.03 0.004 0.017 0.259
239 C 0.057 0.013 0.014 0.014 0.523 0.01 0.014 0.05 0.007 0.031 0.043 0.017 0.011 0.016 0.012 0.063 0.028 0.003 0.024 0.047
240 G 0.293 0.02 0.023 0.023 0.012 0.016 0.025 0.294 0.01 0.022 0.031 0.028 0.01 0.013 0.017 0.085 0.031 0.004 0.01 0.034
241 L 0.154 0.018 0.015 0.016 0.012 0.013 0.019 0.041 0.008 0.138 0.189 0.022 0.033 0.061 0.014 0.044 0.061 0.005 0.017 0.12
242 I 0.034 0.014 0.011 0.012 0.025 0.01 0.013 0.015 0.007 0.307 0.223 0.017 0.026 0.061 0.01 0.023 0.027 0.005 0.017 0.145
243 F 0.028 0.014 0.012 0.012 0.009 0.009 0.014 0.024 0.011 0.07 0.126 0.015 0.034 0.407 0.008 0.019 0.026 0.01 0.058 0.095
244 S 0.098 0.021 0.02 0.019 0.042 0.017 0.023 0.033 0.01 0.089 0.084 0.026 0.114 0.054 0.015 0.119 0.088 0.005 0.027 0.097
245 W 0.09 0.017 0.015 0.015 0.017 0.013 0.019 0.036 0.016 0.112 0.121 0.021 0.018 0.086 0.011 0.053 0.056 0.134 0.059 0.091
246 G 0.065 0.016 0.031 0.023 0.043 0.013 0.019 0.533 0.01 0.017 0.025 0.023 0.008 0.042 0.013 0.058 0.025 0.004 0.011 0.021
247 L 0.034 0.016 0.011 0.011 0.011 0.011 0.014 0.016 0.007 0.115 0.434 0.017 0.03 0.071 0.01 0.019 0.037 0.005 0.018 0.111
248 V 0.1 0.017 0.014 0.014 0.018 0.017 0.018 0.032 0.011 0.16 0.136 0.021 0.025 0.075 0.012 0.04 0.038 0.006 0.077 0.168
249 R 0.099 0.154 0.038 0.022 0.016 0.039 0.038 0.028 0.013 0.062 0.084 0.097 0.025 0.045 0.015 0.05 0.046 0.005 0.037 0.088
250 F 0.027 0.014 0.012 0.012 0.008 0.009 0.014 0.018 0.011 0.053 0.141 0.015 0.019 0.464 0.008 0.033 0.025 0.01 0.059 0.047
251 C 0.178 0.018 0.025 0.02 0.263 0.015 0.022 0.036 0.009 0.037 0.051 0.025 0.012 0.027 0.016 0.141 0.035 0.004 0.012 0.055
252 R 0.04 0.318 0.047 0.024 0.007 0.04 0.04 0.026 0.021 0.035 0.069 0.116 0.017 0.028 0.014 0.061 0.027 0.018 0.014 0.038
253 R 0.097 0.175 0.056 0.039 0.009 0.048 0.042 0.033 0.034 0.024 0.046 0.111 0.016 0.014 0.017 0.096 0.09 0.004 0.013 0.035
254 Q 0.035 0.036 0.022 0.024 0.008 0.259 0.057 0.023 0.015 0.047 0.168 0.048 0.03 0.077 0.013 0.031 0.036 0.012 0.02 0.039
255 P 0.039 0.032 0.03 0.031 0.007 0.026 0.045 0.026 0.011 0.018 0.026 0.09 0.008 0.011 0.486 0.032 0.035 0.003 0.021 0.022
256 R 0.058 0.153 0.142 0.035 0.007 0.043 0.036 0.036 0.03 0.036 0.099 0.063 0.018 0.062 0.013 0.04 0.027 0.013 0.053 0.036
257 P 0.044 0.029 0.016 0.02 0.007 0.014 0.024 0.024 0.011 0.033 0.038 0.028 0.009 0.034 0.52 0.038 0.025 0.003 0.045 0.036
258 W 0.049 0.017 0.011 0.011 0.006 0.011 0.017 0.022 0.011 0.025 0.056 0.022 0.012 0.058 0.007 0.02 0.017 0.544 0.054 0.03
259 L 0.037 0.016 0.01 0.011 0.011 0.011 0.014 0.016 0.007 0.096 0.481 0.018 0.04 0.047 0.017 0.018 0.024 0.005 0.016 0.104
260 A 0.301 0.02 0.02 0.021 0.027 0.016 0.025 0.104 0.01 0.044 0.054 0.028 0.013 0.016 0.066 0.091 0.05 0.004 0.012 0.078
261 L 0.048 0.017 0.017 0.012 0.011 0.012 0.015 0.017 0.008 0.129 0.365 0.018 0.061 0.082 0.01 0.025 0.025 0.005 0.025 0.098
262 L 0.129 0.018 0.015 0.015 0.021 0.013 0.019 0.032 0.008 0.077 0.265 0.022 0.029 0.051 0.013 0.045 0.072 0.005 0.016 0.134
263 V 0.063 0.015 0.012 0.013 0.019 0.011 0.016 0.018 0.012 0.196 0.101 0.018 0.026 0.026 0.011 0.028 0.032 0.004 0.014 0.364
264 A 0.411 0.021 0.019 0.021 0.031 0.017 0.027 0.056 0.011 0.031 0.063 0.03 0.013 0.019 0.019 0.095 0.035 0.004 0.032 0.045
265 V 0.04 0.015 0.012 0.013 0.011 0.011 0.016 0.017 0.009 0.175 0.094 0.018 0.03 0.095 0.011 0.026 0.039 0.006 0.07 0.291
266 P 0.041 0.019 0.018 0.022 0.008 0.017 0.026 0.026 0.009 0.019 0.026 0.029 0.008 0.01 0.587 0.051 0.051 0.002 0.009 0.023
267 Y 0.029 0.019 0.015 0.013 0.014 0.015 0.019 0.017 0.031 0.036 0.049 0.021 0.013 0.098 0.011 0.026 0.02 0.018 0.498 0.038
268 L 0.031 0.018 0.012 0.012 0.011 0.013 0.016 0.017 0.029 0.07 0.44 0.019 0.06 0.074 0.01 0.021 0.048 0.006 0.033 0.06
269 V 0.05 0.015 0.012 0.013 0.012 0.011 0.015 0.017 0.007 0.251 0.154 0.018 0.024 0.029 0.011 0.022 0.049 0.004 0.02 0.266
270 I 0.038 0.015 0.014 0.014 0.012 0.011 0.015 0.017 0.007 0.32 0.149 0.019 0.024 0.034 0.012 0.032 0.093 0.004 0.014 0.156
271 V 0.086 0.016 0.012 0.013 0.013 0.012 0.017 0.027 0.006 0.108 0.085 0.019 0.021 0.024 0.012 0.026 0.039 0.004 0.014 0.446
272 V 0.052 0.015 0.011 0.012 0.013 0.012 0.016 0.017 0.006 0.119 0.106 0.018 0.031 0.025 0.011 0.023 0.033 0.004 0.014 0.461
273 A 0.263 0.022 0.026 0.025 0.012 0.018 0.027 0.204 0.011 0.023 0.033 0.031 0.015 0.014 0.018 0.167 0.042 0.004 0.011 0.035
274 M 0.036 0.022 0.014 0.014 0.011 0.019 0.019 0.019 0.011 0.069 0.144 0.025 0.41 0.033 0.011 0.025 0.032 0.005 0.016 0.063
275 G 0.052 0.017 0.054 0.025 0.007 0.014 0.018 0.63 0.01 0.013 0.02 0.024 0.007 0.011 0.013 0.036 0.021 0.004 0.008 0.017
276 Y 0.028 0.019 0.015 0.013 0.006 0.015 0.019 0.017 0.032 0.03 0.048 0.021 0.013 0.101 0.011 0.021 0.019 0.019 0.521 0.032
277 T 0.06 0.025 0.036 0.027 0.012 0.02 0.029 0.033 0.01 0.04 0.043 0.032 0.013 0.016 0.019 0.148 0.367 0.004 0.012 0.055
278 R 0.031 0.548 0.027 0.021 0.005 0.033 0.036 0.023 0.016 0.016 0.032 0.083 0.011 0.012 0.013 0.031 0.024 0.004 0.012 0.021
279 Q 0.038 0.051 0.03 0.032 0.006 0.46 0.071 0.028 0.02 0.018 0.032 0.063 0.014 0.01 0.016 0.038 0.028 0.004 0.014 0.024
280 A 0.25 0.022 0.026 0.025 0.012 0.018 0.027 0.223 0.011 0.022 0.031 0.031 0.01 0.014 0.018 0.175 0.037 0.004 0.011 0.033
281 V 0.137 0.017 0.014 0.015 0.013 0.013 0.019 0.032 0.007 0.122 0.084 0.022 0.028 0.023 0.014 0.041 0.056 0.004 0.014 0.325
282 A 0.493 0.022 0.018 0.021 0.015 0.018 0.028 0.053 0.01 0.029 0.04 0.031 0.012 0.015 0.02 0.076 0.035 0.004 0.012 0.046
283 I 0.038 0.014 0.01 0.012 0.011 0.01 0.013 0.015 0.007 0.312 0.254 0.017 0.036 0.044 0.01 0.019 0.031 0.004 0.016 0.125
284 G 0.101 0.017 0.027 0.024 0.009 0.014 0.02 0.55 0.01 0.015 0.022 0.025 0.007 0.012 0.014 0.075 0.025 0.004 0.008 0.021
285 L 0.032 0.015 0.011 0.011 0.024 0.01 0.013 0.016 0.008 0.131 0.305 0.016 0.033 0.218 0.009 0.018 0.022 0.007 0.03 0.072
286 V 0.137 0.019 0.017 0.02 0.012 0.016 0.053 0.035 0.009 0.13 0.133 0.025 0.029 0.047 0.014 0.092 0.038 0.011 0.016 0.146
287 L 0.035 0.019 0.013 0.013 0.052 0.015 0.017 0.018 0.009 0.069 0.286 0.021 0.231 0.051 0.011 0.027 0.031 0.005 0.017 0.061
288 L 0.072 0.017 0.012 0.012 0.01 0.017 0.016 0.027 0.009 0.109 0.282 0.019 0.048 0.082 0.01 0.022 0.024 0.083 0.039 0.089
289 G 0.275 0.019 0.022 0.022 0.011 0.015 0.023 0.327 0.01 0.022 0.032 0.027 0.01 0.025 0.017 0.06 0.033 0.004 0.011 0.033
290 L 0.03 0.016 0.01 0.011 0.01 0.011 0.014 0.015 0.008 0.123 0.398 0.017 0.051 0.112 0.01 0.018 0.023 0.006 0.038 0.077
291 V 0.132 0.026 0.04 0.019 0.04 0.016 0.022 0.036 0.016 0.086 0.11 0.037 0.02 0.023 0.015 0.072 0.071 0.004 0.03 0.186
292 A 0.219 0.046 0.029 0.065 0.032 0.028 0.031 0.063 0.019 0.032 0.046 0.042 0.021 0.04 0.017 0.116 0.04 0.019 0.054 0.039
293 L 0.058 0.016 0.011 0.012 0.011 0.011 0.015 0.024 0.007 0.096 0.446 0.018 0.03 0.064 0.01 0.02 0.028 0.019 0.018 0.084
294 G 0.068 0.055 0.036 0.048 0.013 0.026 0.054 0.125 0.017 0.078 0.122 0.036 0.02 0.056 0.021 0.093 0.056 0.004 0.015 0.057
295 R 0.04 0.167 0.092 0.121 0.006 0.058 0.117 0.057 0.027 0.017 0.027 0.114 0.009 0.012 0.023 0.046 0.032 0.004 0.012 0.021
296 D 0.045 0.053 0.124 0.23 0.008 0.037 0.076 0.05 0.022 0.024 0.033 0.105 0.011 0.016 0.023 0.057 0.04 0.004 0.014 0.027
297 G 0.046 0.141 0.099 0.052 0.007 0.069 0.037 0.175 0.03 0.018 0.039 0.122 0.01 0.014 0.017 0.047 0.026 0.004 0.023 0.022
298 G 0.116 0.104 0.057 0.049 0.012 0.027 0.039 0.211 0.017 0.025 0.039 0.056 0.012 0.017 0.076 0.055 0.036 0.005 0.014 0.035
299 P 0.056 0.026 0.023 0.031 0.01 0.021 0.036 0.036 0.013 0.026 0.036 0.041 0.01 0.013 0.497 0.044 0.036 0.003 0.013 0.031
300 R 0.058 0.174 0.093 0.043 0.007 0.064 0.062 0.049 0.033 0.018 0.029 0.14 0.01 0.012 0.017 0.119 0.033 0.004 0.013 0.023
301 L 0.047 0.039 0.047 0.02 0.009 0.021 0.028 0.037 0.011 0.115 0.148 0.073 0.032 0.063 0.06 0.038 0.061 0.026 0.034 0.089
302 L 0.063 0.101 0.021 0.017 0.009 0.027 0.024 0.057 0.011 0.097 0.133 0.067 0.022 0.053 0.033 0.032 0.04 0.068 0.035 0.091
303 K 0.057 0.174 0.031 0.024 0.007 0.058 0.042 0.06 0.032 0.023 0.043 0.181 0.016 0.028 0.015 0.048 0.048 0.058 0.017 0.038
304 F 0.053 0.015 0.019 0.013 0.015 0.009 0.015 0.021 0.013 0.045 0.096 0.016 0.022 0.439 0.016 0.035 0.021 0.011 0.084 0.042
305 V 0.075 0.015 0.012 0.013 0.011 0.011 0.016 0.023 0.008 0.174 0.161 0.018 0.022 0.115 0.011 0.029 0.043 0.006 0.033 0.203
306 F 0.076 0.015 0.012 0.013 0.017 0.01 0.015 0.052 0.008 0.142 0.175 0.018 0.026 0.196 0.011 0.023 0.027 0.006 0.028 0.128
307 W 0.038 0.018 0.019 0.014 0.044 0.017 0.023 0.027 0.02 0.038 0.151 0.024 0.021 0.119 0.016 0.025 0.02 0.208 0.121 0.036
308 V 0.051 0.015 0.012 0.013 0.012 0.011 0.015 0.018 0.007 0.237 0.145 0.018 0.032 0.04 0.011 0.031 0.042 0.004 0.015 0.271
309 L 0.114 0.016 0.013 0.014 0.015 0.012 0.017 0.058 0.008 0.127 0.203 0.02 0.044 0.109 0.012 0.033 0.027 0.005 0.021 0.131
310 L 0.081 0.016 0.011 0.012 0.035 0.012 0.015 0.02 0.008 0.115 0.334 0.019 0.044 0.091 0.011 0.023 0.03 0.005 0.019 0.099
311 A 0.402 0.02 0.02 0.021 0.013 0.017 0.026 0.194 0.01 0.026 0.036 0.029 0.011 0.014 0.019 0.057 0.031 0.004 0.011 0.04
312 A 0.332 0.021 0.02 0.021 0.014 0.017 0.026 0.05 0.01 0.064 0.055 0.029 0.018 0.033 0.018 0.089 0.081 0.004 0.019 0.078
313 L 0.071 0.019 0.017 0.016 0.019 0.014 0.019 0.023 0.008 0.069 0.343 0.023 0.038 0.041 0.013 0.055 0.129 0.005 0.015 0.063
314 F 0.023 0.013 0.012 0.012 0.007 0.007 0.013 0.017 0.011 0.049 0.09 0.013 0.018 0.561 0.007 0.017 0.018 0.011 0.06 0.039
315 H 0.029 0.031 0.037 0.026 0.005 0.026 0.037 0.026 0.557 0.016 0.026 0.031 0.011 0.021 0.013 0.029 0.018 0.005 0.039 0.016
316 K 0.038 0.145 0.033 0.027 0.006 0.035 0.046 0.029 0.014 0.02 0.036 0.418 0.011 0.011 0.018 0.04 0.027 0.004 0.012 0.028
317 S 0.07 0.026 0.034 0.03 0.012 0.021 0.032 0.039 0.012 0.027 0.035 0.035 0.012 0.015 0.027 0.303 0.217 0.004 0.012 0.036
318 A 0.459 0.021 0.018 0.02 0.015 0.017 0.027 0.05 0.01 0.036 0.055 0.03 0.013 0.016 0.02 0.064 0.039 0.004 0.012 0.075
319 V 0.049 0.015 0.011 0.012 0.012 0.011 0.015 0.016 0.006 0.249 0.173 0.018 0.038 0.035 0.011 0.02 0.029 0.004 0.015 0.261
320 L 0.038 0.015 0.01 0.012 0.011 0.011 0.014 0.016 0.007 0.205 0.295 0.017 0.04 0.086 0.01 0.019 0.026 0.005 0.019 0.144
