#Seq2Logo.py -f /work3/idamei/ssn-clusterings/2206011120/clusters/0044_45/sequences.afa -m 0.0001 -b 50 -o /work3/idamei/ssn-clusterings/2206011120/clusters/0044_45/sequences.logo
#Position Specific Frequency Matrix
A R N D C Q E G H I L K M F P S T W Y V
0 M 0.041 0.025 0.016 0.016 0.013 0.022 0.022 0.022 0.013 0.078 0.154 0.028 0.344 0.038 0.013 0.028 0.031 0.006 0.019 0.072
1 I 0.041 0.032 0.077 0.058 0.01 0.021 0.031 0.028 0.012 0.19 0.12 0.103 0.02 0.024 0.052 0.054 0.033 0.004 0.014 0.075
2 S 0.083 0.024 0.056 0.028 0.012 0.019 0.029 0.037 0.013 0.114 0.093 0.031 0.018 0.06 0.058 0.156 0.042 0.047 0.021 0.059
3 G 0.117 0.046 0.092 0.046 0.014 0.032 0.047 0.139 0.019 0.027 0.039 0.09 0.014 0.018 0.025 0.125 0.053 0.005 0.015 0.038
4 D 0.041 0.03 0.069 0.397 0.008 0.03 0.091 0.047 0.019 0.022 0.028 0.045 0.009 0.015 0.022 0.052 0.035 0.004 0.011 0.024
5 T 0.09 0.037 0.048 0.042 0.017 0.03 0.045 0.054 0.016 0.041 0.052 0.049 0.017 0.022 0.028 0.163 0.171 0.005 0.017 0.055
6 G 0.06 0.028 0.03 0.027 0.013 0.021 0.03 0.118 0.019 0.047 0.108 0.034 0.021 0.049 0.018 0.077 0.077 0.094 0.079 0.05
7 L 0.092 0.021 0.016 0.018 0.016 0.015 0.022 0.031 0.011 0.162 0.169 0.026 0.032 0.101 0.016 0.035 0.038 0.007 0.03 0.141
8 D 0.148 0.029 0.042 0.161 0.015 0.026 0.054 0.055 0.015 0.052 0.055 0.041 0.016 0.021 0.024 0.091 0.048 0.005 0.015 0.086
9 I 0.068 0.02 0.049 0.054 0.012 0.016 0.025 0.027 0.013 0.157 0.093 0.025 0.063 0.098 0.014 0.054 0.033 0.007 0.053 0.12
10 F 0.116 0.023 0.026 0.025 0.012 0.017 0.027 0.083 0.013 0.042 0.058 0.029 0.016 0.173 0.017 0.146 0.068 0.007 0.031 0.07
11 V 0.071 0.017 0.013 0.014 0.013 0.013 0.018 0.021 0.01 0.19 0.161 0.021 0.026 0.073 0.013 0.025 0.032 0.006 0.05 0.213
12 I 0.042 0.016 0.014 0.015 0.012 0.012 0.016 0.058 0.008 0.225 0.137 0.02 0.047 0.097 0.012 0.023 0.031 0.006 0.023 0.186
13 L 0.054 0.019 0.014 0.015 0.012 0.013 0.019 0.022 0.013 0.11 0.174 0.021 0.053 0.17 0.012 0.026 0.038 0.009 0.071 0.136
14 L 0.09 0.02 0.015 0.016 0.012 0.014 0.02 0.026 0.01 0.073 0.244 0.022 0.047 0.155 0.013 0.05 0.03 0.007 0.03 0.106
15 S 0.168 0.028 0.034 0.032 0.06 0.023 0.036 0.1 0.014 0.027 0.038 0.038 0.013 0.017 0.022 0.24 0.053 0.004 0.013 0.039
16 L 0.115 0.019 0.016 0.016 0.012 0.013 0.019 0.101 0.01 0.065 0.257 0.023 0.026 0.123 0.013 0.031 0.028 0.006 0.025 0.081
17 L 0.045 0.024 0.014 0.015 0.016 0.016 0.02 0.021 0.01 0.115 0.375 0.025 0.05 0.055 0.014 0.024 0.033 0.007 0.022 0.096
18 L 0.045 0.024 0.014 0.015 0.016 0.016 0.02 0.021 0.01 0.115 0.375 0.025 0.05 0.055 0.014 0.024 0.033 0.007 0.022 0.096
19 L 0.094 0.021 0.015 0.016 0.013 0.015 0.02 0.026 0.01 0.075 0.285 0.024 0.071 0.1 0.013 0.052 0.031 0.006 0.024 0.089
20 L 0.119 0.018 0.014 0.016 0.013 0.013 0.02 0.027 0.009 0.145 0.172 0.023 0.024 0.117 0.053 0.031 0.031 0.006 0.025 0.124
21 T 0.046 0.023 0.05 0.024 0.011 0.017 0.025 0.029 0.013 0.086 0.092 0.027 0.018 0.094 0.015 0.082 0.128 0.082 0.055 0.085
22 L 0.068 0.018 0.015 0.015 0.086 0.013 0.018 0.024 0.009 0.143 0.199 0.021 0.046 0.092 0.013 0.048 0.031 0.006 0.022 0.113
23 A 0.198 0.02 0.021 0.021 0.049 0.016 0.024 0.15 0.012 0.057 0.055 0.027 0.015 0.12 0.017 0.069 0.032 0.007 0.042 0.048
24 L 0.147 0.022 0.02 0.02 0.014 0.017 0.024 0.071 0.01 0.081 0.252 0.028 0.025 0.029 0.017 0.082 0.058 0.005 0.015 0.064
25 Y 0.031 0.021 0.017 0.015 0.007 0.016 0.021 0.019 0.035 0.035 0.056 0.024 0.015 0.128 0.012 0.024 0.022 0.021 0.442 0.037
26 L 0.1 0.019 0.014 0.015 0.05 0.014 0.019 0.025 0.01 0.106 0.242 0.023 0.027 0.038 0.014 0.03 0.045 0.006 0.044 0.16
27 L 0.032 0.02 0.016 0.015 0.01 0.014 0.02 0.02 0.073 0.086 0.237 0.022 0.046 0.164 0.011 0.022 0.024 0.046 0.064 0.058
28 V 0.045 0.018 0.015 0.015 0.012 0.014 0.019 0.021 0.015 0.148 0.116 0.022 0.023 0.079 0.013 0.044 0.033 0.009 0.132 0.206
29 S 0.071 0.025 0.03 0.028 0.05 0.02 0.031 0.038 0.013 0.057 0.057 0.033 0.016 0.025 0.019 0.232 0.051 0.005 0.043 0.157
30 R 0.036 0.259 0.026 0.024 0.007 0.054 0.04 0.027 0.016 0.048 0.046 0.144 0.014 0.05 0.015 0.033 0.027 0.08 0.022 0.033
31 K 0.04 0.225 0.03 0.027 0.007 0.036 0.045 0.029 0.048 0.041 0.041 0.231 0.014 0.02 0.018 0.036 0.029 0.006 0.044 0.035
32 E 0.045 0.029 0.034 0.167 0.045 0.031 0.196 0.03 0.045 0.04 0.042 0.041 0.013 0.017 0.018 0.06 0.032 0.004 0.014 0.1
33 G 0.052 0.123 0.031 0.027 0.008 0.026 0.033 0.36 0.013 0.017 0.028 0.142 0.009 0.013 0.017 0.04 0.026 0.004 0.011 0.022
34 S 0.082 0.034 0.041 0.037 0.013 0.027 0.041 0.05 0.015 0.024 0.034 0.066 0.012 0.016 0.023 0.35 0.084 0.004 0.014 0.034
35 W 0.059 0.019 0.015 0.015 0.01 0.014 0.02 0.023 0.017 0.091 0.096 0.022 0.018 0.114 0.011 0.027 0.049 0.16 0.145 0.077
36 V 0.043 0.016 0.012 0.013 0.013 0.012 0.016 0.018 0.007 0.202 0.212 0.019 0.029 0.064 0.012 0.022 0.032 0.005 0.02 0.231
37 N 0.033 0.035 0.44 0.063 0.007 0.027 0.039 0.05 0.054 0.018 0.025 0.042 0.009 0.015 0.016 0.053 0.037 0.004 0.014 0.021
38 I 0.138 0.018 0.014 0.016 0.012 0.013 0.02 0.03 0.01 0.168 0.081 0.022 0.02 0.063 0.013 0.032 0.03 0.155 0.028 0.117
39 L 0.113 0.019 0.013 0.015 0.013 0.014 0.019 0.026 0.009 0.138 0.258 0.022 0.069 0.096 0.013 0.029 0.029 0.006 0.023 0.077
40 T 0.058 0.026 0.031 0.028 0.014 0.02 0.029 0.033 0.01 0.051 0.055 0.033 0.016 0.019 0.02 0.086 0.35 0.004 0.014 0.101
41 P 0.043 0.019 0.017 0.022 0.009 0.015 0.025 0.063 0.009 0.098 0.046 0.029 0.012 0.015 0.461 0.031 0.028 0.003 0.011 0.045
42 F 0.12 0.022 0.02 0.02 0.012 0.017 0.024 0.031 0.014 0.053 0.124 0.027 0.04 0.128 0.016 0.063 0.104 0.008 0.082 0.076
43 F 0.066 0.019 0.018 0.018 0.012 0.014 0.02 0.025 0.011 0.109 0.133 0.023 0.022 0.157 0.014 0.036 0.126 0.008 0.057 0.111
44 L 0.066 0.017 0.016 0.016 0.011 0.012 0.017 0.134 0.009 0.154 0.192 0.02 0.024 0.123 0.012 0.026 0.027 0.006 0.024 0.095
45 L 0.04 0.02 0.016 0.016 0.012 0.014 0.019 0.021 0.009 0.12 0.257 0.023 0.069 0.096 0.013 0.03 0.101 0.006 0.023 0.097
46 K 0.054 0.044 0.059 0.032 0.01 0.073 0.042 0.109 0.015 0.052 0.047 0.141 0.034 0.017 0.019 0.111 0.084 0.004 0.013 0.039
47 V 0.044 0.017 0.012 0.013 0.05 0.012 0.016 0.019 0.008 0.142 0.208 0.02 0.049 0.063 0.012 0.023 0.032 0.005 0.019 0.236
48 P 0.099 0.02 0.02 0.023 0.01 0.016 0.025 0.142 0.01 0.034 0.038 0.03 0.011 0.013 0.351 0.038 0.029 0.003 0.011 0.078
49 A 0.174 0.029 0.023 0.024 0.013 0.066 0.034 0.074 0.012 0.113 0.062 0.06 0.017 0.02 0.019 0.049 0.106 0.004 0.014 0.086
50 Y 0.035 0.087 0.021 0.03 0.008 0.027 0.133 0.022 0.02 0.039 0.135 0.065 0.018 0.105 0.014 0.029 0.025 0.01 0.136 0.039
51 Y 0.029 0.019 0.015 0.014 0.008 0.013 0.019 0.019 0.026 0.04 0.068 0.02 0.017 0.288 0.01 0.022 0.021 0.018 0.297 0.039
52 V 0.069 0.017 0.012 0.014 0.014 0.012 0.017 0.02 0.007 0.192 0.209 0.02 0.028 0.032 0.013 0.025 0.033 0.005 0.016 0.245
53 L 0.03 0.017 0.012 0.012 0.01 0.01 0.015 0.018 0.01 0.069 0.304 0.017 0.029 0.285 0.01 0.019 0.023 0.009 0.043 0.058
54 E 0.043 0.035 0.027 0.051 0.007 0.082 0.277 0.028 0.017 0.018 0.029 0.051 0.01 0.012 0.204 0.04 0.029 0.004 0.012 0.024
55 P 0.042 0.019 0.018 0.02 0.011 0.014 0.022 0.096 0.01 0.086 0.091 0.025 0.037 0.115 0.236 0.031 0.051 0.005 0.023 0.049
56 L 0.088 0.017 0.013 0.014 0.012 0.012 0.018 0.023 0.009 0.159 0.179 0.02 0.046 0.157 0.012 0.026 0.029 0.007 0.029 0.127
57 Y 0.091 0.022 0.049 0.021 0.009 0.017 0.024 0.104 0.026 0.03 0.047 0.027 0.013 0.094 0.014 0.056 0.027 0.014 0.277 0.035
58 L 0.039 0.021 0.02 0.052 0.011 0.017 0.05 0.022 0.015 0.105 0.18 0.026 0.022 0.073 0.014 0.033 0.1 0.008 0.105 0.084
59 Y 0.087 0.027 0.048 0.021 0.009 0.019 0.026 0.066 0.052 0.039 0.109 0.053 0.037 0.054 0.014 0.033 0.026 0.049 0.191 0.04
60 L 0.06 0.021 0.015 0.014 0.011 0.015 0.02 0.021 0.043 0.072 0.326 0.023 0.07 0.076 0.012 0.024 0.026 0.008 0.079 0.062
61 F 0.041 0.054 0.108 0.032 0.009 0.021 0.054 0.031 0.045 0.087 0.062 0.034 0.016 0.147 0.014 0.079 0.058 0.006 0.029 0.07
62 G 0.047 0.022 0.058 0.058 0.01 0.019 0.044 0.218 0.042 0.049 0.136 0.028 0.038 0.023 0.014 0.036 0.052 0.005 0.015 0.087
63 F 0.039 0.022 0.079 0.089 0.01 0.017 0.029 0.03 0.013 0.069 0.092 0.027 0.037 0.147 0.088 0.056 0.055 0.006 0.027 0.067
64 P 0.072 0.035 0.033 0.16 0.009 0.064 0.099 0.034 0.014 0.027 0.034 0.042 0.011 0.013 0.167 0.085 0.035 0.005 0.012 0.052
65 G 0.06 0.034 0.178 0.058 0.01 0.026 0.037 0.288 0.022 0.021 0.03 0.044 0.01 0.017 0.02 0.06 0.04 0.005 0.013 0.026
66 Y 0.095 0.022 0.035 0.022 0.009 0.017 0.03 0.182 0.021 0.031 0.073 0.032 0.014 0.08 0.015 0.057 0.027 0.011 0.189 0.035
67 S 0.069 0.058 0.039 0.097 0.011 0.025 0.042 0.044 0.016 0.022 0.032 0.042 0.011 0.02 0.058 0.286 0.052 0.005 0.041 0.03
68 T 0.049 0.027 0.061 0.066 0.01 0.024 0.086 0.033 0.044 0.036 0.047 0.035 0.014 0.081 0.055 0.092 0.152 0.005 0.022 0.062
69 F 0.039 0.021 0.047 0.02 0.009 0.015 0.022 0.026 0.02 0.068 0.092 0.024 0.018 0.177 0.012 0.077 0.03 0.05 0.174 0.06
70 A 0.288 0.027 0.028 0.031 0.014 0.023 0.06 0.09 0.013 0.028 0.039 0.038 0.012 0.016 0.022 0.167 0.044 0.004 0.013 0.043
71 Y 0.034 0.051 0.017 0.015 0.045 0.018 0.022 0.02 0.027 0.042 0.072 0.028 0.078 0.106 0.012 0.026 0.024 0.016 0.305 0.043
72 L 0.093 0.022 0.017 0.018 0.049 0.038 0.024 0.028 0.01 0.063 0.204 0.026 0.024 0.091 0.014 0.055 0.055 0.043 0.024 0.101
73 Y 0.032 0.021 0.016 0.015 0.009 0.038 0.022 0.02 0.024 0.114 0.079 0.024 0.039 0.159 0.012 0.024 0.024 0.015 0.256 0.058
74 V 0.074 0.018 0.016 0.016 0.087 0.013 0.019 0.025 0.008 0.149 0.114 0.022 0.022 0.057 0.014 0.053 0.059 0.005 0.018 0.211
75 Y 0.032 0.023 0.074 0.02 0.007 0.018 0.023 0.023 0.033 0.035 0.078 0.026 0.015 0.086 0.012 0.027 0.024 0.018 0.389 0.036
76 A 0.201 0.022 0.02 0.021 0.014 0.017 0.025 0.075 0.01 0.077 0.171 0.029 0.021 0.025 0.018 0.068 0.082 0.005 0.014 0.084
77 T 0.1 0.021 0.021 0.02 0.161 0.016 0.022 0.031 0.009 0.053 0.141 0.026 0.019 0.022 0.017 0.048 0.177 0.004 0.013 0.079
78 Y 0.046 0.024 0.023 0.023 0.01 0.02 0.052 0.027 0.024 0.04 0.134 0.03 0.018 0.063 0.015 0.118 0.033 0.013 0.245 0.041
79 A 0.197 0.021 0.021 0.021 0.013 0.016 0.025 0.039 0.011 0.083 0.066 0.028 0.017 0.147 0.017 0.07 0.106 0.006 0.028 0.065
80 L 0.121 0.019 0.016 0.016 0.088 0.015 0.02 0.028 0.008 0.1 0.194 0.024 0.044 0.028 0.015 0.036 0.071 0.005 0.015 0.137
81 G 0.107 0.031 0.031 0.037 0.01 0.072 0.117 0.149 0.016 0.022 0.033 0.043 0.011 0.019 0.056 0.132 0.037 0.005 0.041 0.03
82 F 0.038 0.02 0.046 0.02 0.009 0.014 0.021 0.025 0.019 0.072 0.098 0.023 0.019 0.233 0.012 0.071 0.029 0.012 0.15 0.071
83 L 0.143 0.02 0.015 0.016 0.05 0.015 0.021 0.031 0.009 0.068 0.259 0.024 0.025 0.032 0.015 0.056 0.033 0.043 0.018 0.106
84 A 0.18 0.023 0.022 0.022 0.014 0.018 0.027 0.039 0.011 0.06 0.069 0.029 0.038 0.085 0.018 0.11 0.064 0.005 0.021 0.145
85 F 0.084 0.017 0.015 0.015 0.01 0.011 0.018 0.062 0.011 0.05 0.157 0.02 0.021 0.308 0.049 0.027 0.024 0.009 0.044 0.047
86 A 0.204 0.021 0.019 0.02 0.015 0.016 0.025 0.038 0.01 0.113 0.074 0.028 0.02 0.054 0.017 0.086 0.039 0.005 0.018 0.179
87 L 0.064 0.017 0.012 0.013 0.012 0.012 0.017 0.02 0.01 0.187 0.266 0.02 0.029 0.07 0.012 0.023 0.029 0.006 0.048 0.132
88 G 0.157 0.02 0.024 0.023 0.012 0.016 0.023 0.297 0.01 0.043 0.047 0.027 0.013 0.049 0.016 0.064 0.032 0.005 0.015 0.108
89 Y 0.058 0.021 0.016 0.014 0.009 0.016 0.021 0.021 0.028 0.045 0.142 0.023 0.019 0.111 0.012 0.025 0.023 0.017 0.335 0.045
90 L 0.067 0.111 0.022 0.02 0.011 0.021 0.026 0.027 0.012 0.052 0.181 0.039 0.063 0.089 0.015 0.059 0.103 0.006 0.022 0.053
91 F 0.058 0.109 0.019 0.017 0.008 0.019 0.024 0.024 0.049 0.042 0.089 0.035 0.017 0.169 0.012 0.027 0.024 0.049 0.146 0.062
92 V 0.056 0.022 0.022 0.022 0.013 0.017 0.025 0.029 0.009 0.114 0.099 0.028 0.02 0.023 0.091 0.109 0.106 0.004 0.014 0.177
93 K 0.087 0.097 0.03 0.034 0.009 0.107 0.093 0.034 0.017 0.033 0.09 0.137 0.017 0.017 0.02 0.047 0.072 0.005 0.015 0.039
94 Q 0.092 0.089 0.035 0.032 0.01 0.103 0.049 0.038 0.068 0.025 0.038 0.094 0.014 0.015 0.084 0.084 0.075 0.004 0.018 0.033
95 L 0.045 0.025 0.014 0.015 0.017 0.017 0.021 0.022 0.01 0.118 0.363 0.026 0.051 0.056 0.014 0.025 0.034 0.007 0.023 0.098
96 K 0.068 0.159 0.029 0.026 0.009 0.031 0.039 0.031 0.014 0.028 0.066 0.173 0.013 0.015 0.13 0.042 0.078 0.004 0.013 0.033
97 K 0.057 0.107 0.042 0.042 0.009 0.054 0.071 0.043 0.021 0.028 0.043 0.278 0.016 0.016 0.028 0.054 0.04 0.005 0.017 0.033
98 T 0.073 0.036 0.043 0.038 0.018 0.028 0.039 0.043 0.014 0.053 0.065 0.045 0.02 0.024 0.028 0.093 0.246 0.006 0.018 0.071
99 P 0.074 0.028 0.084 0.064 0.009 0.021 0.041 0.035 0.013 0.033 0.066 0.06 0.012 0.015 0.275 0.064 0.034 0.003 0.012 0.057
100 L 0.041 0.062 0.017 0.017 0.012 0.017 0.023 0.021 0.01 0.158 0.195 0.061 0.026 0.071 0.014 0.029 0.061 0.006 0.021 0.139
101 L 0.045 0.117 0.029 0.073 0.009 0.026 0.038 0.029 0.015 0.046 0.127 0.113 0.018 0.026 0.069 0.065 0.033 0.005 0.04 0.077
102 L 0.071 0.024 0.127 0.03 0.011 0.019 0.027 0.034 0.013 0.123 0.156 0.031 0.042 0.025 0.055 0.092 0.037 0.004 0.014 0.062
103 R 0.039 0.251 0.028 0.028 0.007 0.032 0.067 0.027 0.048 0.021 0.034 0.108 0.011 0.013 0.175 0.035 0.027 0.004 0.015 0.031
104 F 0.034 0.019 0.017 0.017 0.011 0.011 0.019 0.025 0.017 0.063 0.114 0.019 0.025 0.387 0.011 0.025 0.025 0.017 0.089 0.055
105 I 0.047 0.018 0.015 0.018 0.016 0.013 0.018 0.021 0.009 0.271 0.168 0.024 0.037 0.044 0.015 0.025 0.04 0.006 0.021 0.177
106 N 0.043 0.045 0.317 0.083 0.009 0.034 0.049 0.065 0.032 0.023 0.032 0.054 0.011 0.018 0.02 0.07 0.049 0.005 0.016 0.027
107 L 0.065 0.029 0.027 0.026 0.016 0.021 0.03 0.036 0.013 0.085 0.272 0.034 0.038 0.043 0.019 0.094 0.049 0.006 0.02 0.077
108 I 0.047 0.018 0.015 0.018 0.016 0.013 0.018 0.021 0.009 0.271 0.168 0.024 0.037 0.044 0.015 0.025 0.04 0.006 0.021 0.177
109 P 0.127 0.022 0.027 0.089 0.011 0.019 0.034 0.074 0.011 0.037 0.041 0.032 0.012 0.015 0.204 0.081 0.066 0.003 0.012 0.083
110 V 0.071 0.022 0.017 0.018 0.02 0.017 0.024 0.025 0.008 0.168 0.133 0.027 0.032 0.036 0.017 0.034 0.05 0.006 0.021 0.255
111 R 0.065 0.148 0.045 0.091 0.048 0.022 0.034 0.029 0.013 0.038 0.079 0.053 0.015 0.085 0.055 0.038 0.054 0.005 0.02 0.062
112 G 0.078 0.023 0.039 0.034 0.011 0.019 0.026 0.51 0.014 0.019 0.028 0.034 0.009 0.016 0.019 0.051 0.03 0.005 0.011 0.024
113 R 0.095 0.116 0.081 0.028 0.01 0.024 0.032 0.071 0.045 0.038 0.073 0.068 0.015 0.051 0.053 0.043 0.072 0.005 0.019 0.061
114 I 0.065 0.055 0.021 0.025 0.009 0.022 0.079 0.068 0.047 0.109 0.061 0.05 0.016 0.067 0.052 0.035 0.028 0.008 0.105 0.075
115 I 0.047 0.018 0.015 0.018 0.016 0.013 0.018 0.021 0.009 0.271 0.168 0.024 0.037 0.044 0.015 0.025 0.04 0.006 0.021 0.177
116 S 0.081 0.068 0.108 0.037 0.011 0.026 0.037 0.115 0.015 0.03 0.037 0.091 0.012 0.016 0.019 0.137 0.088 0.004 0.013 0.056
117 L 0.041 0.06 0.054 0.06 0.009 0.045 0.039 0.027 0.02 0.047 0.139 0.055 0.019 0.044 0.015 0.057 0.056 0.009 0.135 0.068
118 P 0.05 0.059 0.088 0.069 0.009 0.048 0.066 0.074 0.017 0.028 0.036 0.043 0.011 0.014 0.165 0.089 0.064 0.004 0.012 0.054
119 N 0.039 0.094 0.18 0.142 0.007 0.029 0.073 0.077 0.018 0.025 0.032 0.102 0.01 0.014 0.017 0.044 0.032 0.004 0.012 0.049
120 F 0.037 0.02 0.017 0.016 0.01 0.014 0.021 0.021 0.047 0.06 0.126 0.022 0.02 0.171 0.049 0.027 0.05 0.011 0.145 0.117
121 L 0.071 0.054 0.021 0.02 0.011 0.018 0.025 0.103 0.01 0.056 0.222 0.056 0.022 0.028 0.015 0.057 0.078 0.043 0.017 0.073
122 I 0.041 0.023 0.02 0.02 0.01 0.016 0.024 0.061 0.043 0.136 0.099 0.05 0.019 0.122 0.088 0.052 0.053 0.007 0.054 0.061
123 L 0.066 0.019 0.017 0.017 0.011 0.014 0.02 0.061 0.01 0.061 0.232 0.023 0.024 0.124 0.05 0.037 0.067 0.044 0.027 0.077
124 A 0.187 0.027 0.03 0.029 0.012 0.022 0.035 0.047 0.074 0.025 0.035 0.037 0.012 0.016 0.132 0.18 0.043 0.004 0.017 0.035
125 W 0.029 0.017 0.011 0.012 0.009 0.011 0.016 0.02 0.01 0.103 0.197 0.018 0.022 0.074 0.008 0.018 0.022 0.308 0.038 0.056
126 L 0.091 0.018 0.013 0.014 0.013 0.013 0.018 0.023 0.008 0.173 0.233 0.021 0.049 0.065 0.013 0.027 0.031 0.005 0.02 0.153
127 L 0.038 0.018 0.014 0.014 0.048 0.012 0.017 0.02 0.01 0.073 0.272 0.019 0.027 0.189 0.011 0.044 0.028 0.007 0.032 0.105
128 L 0.038 0.02 0.015 0.015 0.012 0.014 0.018 0.02 0.009 0.077 0.405 0.022 0.033 0.068 0.013 0.029 0.099 0.006 0.02 0.068
129 V 0.073 0.018 0.018 0.018 0.012 0.013 0.019 0.136 0.009 0.095 0.138 0.022 0.021 0.108 0.013 0.052 0.031 0.006 0.023 0.173
130 L 0.088 0.017 0.013 0.014 0.012 0.012 0.017 0.023 0.009 0.145 0.252 0.02 0.028 0.128 0.012 0.026 0.029 0.006 0.026 0.123
131 A 0.309 0.023 0.025 0.025 0.014 0.019 0.029 0.2 0.012 0.027 0.038 0.033 0.012 0.016 0.021 0.101 0.038 0.004 0.012 0.042
132 F 0.037 0.015 0.013 0.014 0.084 0.01 0.016 0.058 0.01 0.103 0.078 0.017 0.018 0.186 0.01 0.023 0.025 0.12 0.038 0.123
133 L 0.113 0.019 0.013 0.014 0.012 0.013 0.019 0.026 0.011 0.083 0.269 0.022 0.027 0.134 0.013 0.029 0.028 0.008 0.055 0.094
134 L 0.065 0.019 0.014 0.015 0.012 0.014 0.019 0.022 0.009 0.092 0.305 0.022 0.05 0.108 0.012 0.047 0.03 0.006 0.024 0.115
135 Y 0.03 0.02 0.016 0.014 0.008 0.015 0.02 0.019 0.029 0.04 0.068 0.022 0.037 0.204 0.011 0.023 0.022 0.018 0.345 0.04
136 L 0.093 0.02 0.014 0.015 0.013 0.015 0.02 0.025 0.009 0.104 0.329 0.023 0.051 0.035 0.013 0.05 0.032 0.005 0.016 0.118
137 P 0.044 0.02 0.018 0.024 0.008 0.016 0.028 0.028 0.01 0.02 0.028 0.032 0.008 0.01 0.61 0.034 0.028 0.002 0.01 0.024
138 I 0.042 0.015 0.012 0.014 0.013 0.011 0.015 0.017 0.007 0.32 0.145 0.019 0.028 0.032 0.012 0.021 0.033 0.005 0.016 0.226
139 L 0.035 0.02 0.012 0.012 0.012 0.014 0.017 0.018 0.009 0.085 0.423 0.021 0.096 0.072 0.011 0.02 0.026 0.006 0.021 0.072
140 I 0.036 0.08 0.016 0.016 0.011 0.017 0.021 0.019 0.011 0.211 0.176 0.055 0.039 0.066 0.012 0.023 0.028 0.006 0.048 0.107
141 E 0.068 0.04 0.031 0.062 0.007 0.091 0.385 0.03 0.02 0.018 0.03 0.058 0.011 0.013 0.02 0.044 0.029 0.004 0.013 0.026
142 F 0.026 0.015 0.013 0.013 0.008 0.009 0.015 0.02 0.014 0.048 0.086 0.015 0.019 0.502 0.008 0.02 0.02 0.014 0.094 0.042
143 R 0.065 0.269 0.032 0.027 0.007 0.033 0.041 0.031 0.108 0.02 0.034 0.116 0.012 0.015 0.054 0.06 0.029 0.004 0.019 0.025
144 E 0.144 0.034 0.031 0.104 0.009 0.099 0.177 0.074 0.018 0.023 0.034 0.047 0.012 0.019 0.019 0.047 0.031 0.005 0.042 0.032
145 Y 0.032 0.021 0.018 0.047 0.008 0.017 0.024 0.02 0.03 0.04 0.088 0.024 0.037 0.114 0.012 0.025 0.023 0.018 0.363 0.04
146 L 0.036 0.017 0.011 0.012 0.013 0.012 0.015 0.016 0.007 0.199 0.372 0.019 0.035 0.039 0.011 0.019 0.028 0.005 0.017 0.116
147 L 0.09 0.021 0.045 0.02 0.012 0.015 0.021 0.064 0.01 0.062 0.285 0.024 0.026 0.094 0.014 0.035 0.076 0.006 0.022 0.058
148 D 0.047 0.03 0.042 0.233 0.008 0.032 0.181 0.035 0.016 0.024 0.036 0.043 0.031 0.015 0.019 0.106 0.059 0.004 0.012 0.029
149 P 0.044 0.02 0.018 0.024 0.008 0.016 0.028 0.028 0.01 0.02 0.028 0.032 0.008 0.01 0.61 0.034 0.028 0.002 0.01 0.024
150 R 0.034 0.496 0.03 0.024 0.006 0.037 0.04 0.025 0.018 0.018 0.036 0.092 0.012 0.013 0.015 0.034 0.027 0.004 0.013 0.024
151 R 0.064 0.239 0.027 0.03 0.008 0.078 0.094 0.028 0.018 0.053 0.046 0.09 0.014 0.021 0.016 0.037 0.029 0.005 0.043 0.06
152 I 0.036 0.014 0.011 0.014 0.012 0.01 0.014 0.016 0.007 0.439 0.129 0.018 0.028 0.034 0.011 0.019 0.031 0.005 0.016 0.136
153 Y 0.031 0.022 0.017 0.014 0.007 0.017 0.022 0.019 0.036 0.034 0.053 0.024 0.014 0.101 0.012 0.024 0.022 0.022 0.475 0.036
154 E 0.069 0.038 0.029 0.058 0.007 0.043 0.352 0.029 0.018 0.024 0.062 0.077 0.012 0.015 0.02 0.044 0.053 0.004 0.013 0.031
155 L 0.063 0.064 0.049 0.023 0.01 0.068 0.034 0.027 0.044 0.054 0.254 0.087 0.045 0.028 0.015 0.032 0.029 0.005 0.017 0.051
156 T 0.056 0.027 0.033 0.029 0.014 0.021 0.03 0.033 0.011 0.041 0.05 0.035 0.015 0.018 0.021 0.071 0.42 0.005 0.014 0.055
157 R 0.034 0.496 0.03 0.024 0.006 0.037 0.04 0.025 0.018 0.018 0.036 0.092 0.012 0.013 0.015 0.034 0.027 0.004 0.013 0.024
158 T 0.06 0.056 0.032 0.028 0.013 0.022 0.031 0.034 0.011 0.047 0.052 0.038 0.016 0.019 0.02 0.125 0.281 0.004 0.014 0.096
159 G 0.06 0.018 0.03 0.026 0.008 0.015 0.02 0.623 0.01 0.015 0.022 0.026 0.007 0.012 0.015 0.039 0.023 0.004 0.008 0.019
160 Y 0.03 0.019 0.016 0.014 0.007 0.014 0.019 0.019 0.029 0.038 0.064 0.021 0.016 0.234 0.011 0.023 0.021 0.019 0.348 0.038
161 G 0.06 0.018 0.03 0.026 0.008 0.015 0.02 0.623 0.01 0.015 0.022 0.026 0.007 0.012 0.015 0.039 0.023 0.004 0.008 0.019
162 L 0.039 0.018 0.015 0.015 0.012 0.013 0.017 0.056 0.039 0.19 0.234 0.021 0.048 0.065 0.012 0.022 0.028 0.005 0.021 0.13
163 Y 0.048 0.029 0.083 0.03 0.009 0.067 0.036 0.034 0.021 0.027 0.042 0.037 0.013 0.07 0.053 0.127 0.06 0.047 0.135 0.032
164 F 0.035 0.019 0.018 0.017 0.01 0.013 0.019 0.023 0.015 0.047 0.101 0.021 0.019 0.317 0.012 0.033 0.12 0.011 0.102 0.047
165 F 0.028 0.017 0.014 0.013 0.008 0.012 0.017 0.019 0.021 0.046 0.102 0.018 0.019 0.338 0.01 0.021 0.021 0.016 0.218 0.042
166 G 0.056 0.02 0.026 0.024 0.011 0.016 0.022 0.325 0.01 0.042 0.098 0.027 0.015 0.019 0.052 0.061 0.078 0.004 0.011 0.084
167 S 0.083 0.031 0.041 0.037 0.013 0.025 0.04 0.05 0.015 0.024 0.033 0.041 0.012 0.016 0.023 0.379 0.085 0.004 0.013 0.034
168 A 0.185 0.025 0.028 0.027 0.014 0.02 0.031 0.044 0.011 0.086 0.082 0.034 0.017 0.021 0.02 0.162 0.116 0.004 0.014 0.058
169 L 0.043 0.022 0.019 0.018 0.013 0.016 0.021 0.023 0.009 0.075 0.301 0.025 0.07 0.033 0.014 0.037 0.15 0.005 0.016 0.09
170 L 0.085 0.018 0.013 0.014 0.012 0.012 0.017 0.023 0.01 0.072 0.301 0.02 0.028 0.188 0.012 0.025 0.026 0.008 0.032 0.084
171 A 0.159 0.026 0.056 0.029 0.051 0.02 0.031 0.043 0.012 0.041 0.075 0.034 0.015 0.019 0.02 0.142 0.139 0.004 0.014 0.071
172 Y 0.063 0.028 0.106 0.029 0.009 0.065 0.032 0.032 0.022 0.035 0.079 0.033 0.016 0.134 0.015 0.06 0.054 0.01 0.139 0.038
173 L 0.04 0.017 0.011 0.012 0.123 0.012 0.015 0.018 0.007 0.128 0.33 0.019 0.03 0.034 0.011 0.022 0.028 0.005 0.015 0.121
174 A 0.379 0.023 0.021 0.023 0.015 0.019 0.03 0.092 0.012 0.032 0.046 0.033 0.013 0.048 0.021 0.082 0.038 0.005 0.017 0.049
175 F 0.039 0.018 0.016 0.016 0.01 0.013 0.018 0.058 0.015 0.13 0.137 0.021 0.022 0.168 0.012 0.046 0.028 0.01 0.115 0.11
176 I 0.091 0.016 0.014 0.016 0.013 0.012 0.017 0.023 0.008 0.3 0.108 0.021 0.025 0.061 0.013 0.029 0.056 0.005 0.019 0.152
177 L 0.042 0.018 0.015 0.015 0.048 0.013 0.018 0.02 0.008 0.106 0.249 0.021 0.027 0.094 0.012 0.028 0.078 0.006 0.022 0.161
178 F 0.112 0.019 0.016 0.017 0.011 0.014 0.021 0.028 0.016 0.093 0.102 0.022 0.019 0.228 0.013 0.053 0.028 0.011 0.121 0.056
179 L 0.034 0.022 0.014 0.017 0.011 0.038 0.047 0.019 0.011 0.069 0.328 0.024 0.05 0.159 0.011 0.022 0.025 0.007 0.03 0.06
180 F 0.03 0.017 0.014 0.013 0.009 0.011 0.016 0.019 0.015 0.077 0.121 0.018 0.063 0.352 0.01 0.021 0.022 0.012 0.107 0.053
181 T 0.06 0.088 0.062 0.033 0.049 0.048 0.037 0.038 0.014 0.03 0.04 0.046 0.013 0.016 0.02 0.164 0.185 0.004 0.013 0.039
182 K 0.076 0.075 0.059 0.034 0.009 0.031 0.067 0.037 0.02 0.026 0.038 0.169 0.012 0.025 0.02 0.112 0.085 0.006 0.068 0.033
183 R 0.044 0.165 0.034 0.064 0.007 0.08 0.076 0.032 0.049 0.021 0.034 0.156 0.012 0.019 0.018 0.083 0.032 0.005 0.044 0.026
184 K 0.046 0.119 0.031 0.03 0.007 0.057 0.048 0.033 0.016 0.022 0.034 0.272 0.012 0.015 0.056 0.083 0.033 0.042 0.016 0.026
185 G 0.05 0.054 0.112 0.032 0.009 0.02 0.028 0.22 0.017 0.023 0.035 0.035 0.011 0.054 0.015 0.086 0.08 0.044 0.046 0.028
186 R 0.074 0.139 0.026 0.023 0.01 0.025 0.032 0.074 0.05 0.073 0.058 0.104 0.016 0.058 0.016 0.038 0.059 0.005 0.021 0.101
187 L 0.037 0.021 0.013 0.014 0.048 0.013 0.019 0.02 0.009 0.113 0.212 0.046 0.024 0.096 0.048 0.023 0.027 0.081 0.027 0.109
188 L 0.072 0.025 0.049 0.024 0.011 0.018 0.026 0.067 0.011 0.074 0.169 0.054 0.02 0.053 0.09 0.08 0.058 0.005 0.017 0.075
189 S 0.093 0.08 0.035 0.072 0.056 0.029 0.044 0.042 0.014 0.026 0.037 0.14 0.012 0.015 0.021 0.159 0.074 0.004 0.013 0.034
190 L 0.072 0.019 0.017 0.017 0.012 0.014 0.02 0.025 0.01 0.143 0.156 0.023 0.024 0.121 0.013 0.033 0.091 0.056 0.029 0.106
191 F 0.121 0.02 0.02 0.02 0.013 0.015 0.023 0.081 0.011 0.113 0.113 0.025 0.02 0.147 0.015 0.079 0.036 0.007 0.029 0.093
192 F 0.06 0.016 0.013 0.014 0.011 0.01 0.016 0.021 0.011 0.108 0.123 0.018 0.022 0.311 0.011 0.024 0.027 0.009 0.045 0.131
193 Y 0.04 0.018 0.015 0.015 0.01 0.014 0.019 0.021 0.017 0.134 0.082 0.021 0.02 0.115 0.012 0.046 0.029 0.049 0.168 0.153
194 L 0.096 0.02 0.016 0.016 0.013 0.014 0.02 0.063 0.008 0.082 0.293 0.023 0.028 0.032 0.014 0.052 0.033 0.005 0.016 0.156
195 L 0.12 0.019 0.015 0.016 0.013 0.014 0.02 0.028 0.009 0.128 0.167 0.023 0.024 0.111 0.014 0.054 0.033 0.006 0.024 0.162
196 L 0.12 0.023 0.101 0.026 0.086 0.017 0.024 0.035 0.012 0.078 0.175 0.028 0.041 0.025 0.015 0.06 0.034 0.004 0.014 0.08
197 L 0.15 0.021 0.018 0.019 0.048 0.016 0.023 0.033 0.01 0.09 0.158 0.026 0.043 0.058 0.016 0.081 0.036 0.005 0.018 0.132
198 L 0.145 0.019 0.017 0.018 0.013 0.015 0.021 0.068 0.009 0.127 0.158 0.025 0.022 0.057 0.052 0.037 0.056 0.005 0.018 0.118
199 L 0.033 0.019 0.041 0.015 0.011 0.012 0.017 0.019 0.01 0.077 0.354 0.02 0.031 0.161 0.011 0.022 0.026 0.007 0.03 0.086
200 I 0.121 0.019 0.018 0.018 0.014 0.015 0.021 0.029 0.009 0.201 0.169 0.025 0.024 0.029 0.015 0.059 0.082 0.005 0.015 0.111
201 Y 0.036 0.021 0.017 0.016 0.009 0.016 0.021 0.022 0.022 0.049 0.153 0.023 0.041 0.154 0.012 0.049 0.05 0.014 0.227 0.047
202 L 0.035 0.02 0.015 0.017 0.01 0.015 0.045 0.021 0.01 0.085 0.29 0.022 0.027 0.1 0.011 0.044 0.026 0.12 0.03 0.059
203 H 0.035 0.047 0.039 0.03 0.006 0.032 0.044 0.03 0.381 0.019 0.03 0.138 0.012 0.021 0.016 0.035 0.023 0.005 0.036 0.02
204 G 0.06 0.018 0.03 0.026 0.008 0.015 0.02 0.623 0.01 0.015 0.022 0.026 0.007 0.012 0.015 0.039 0.023 0.004 0.008 0.019
205 S 0.098 0.03 0.091 0.038 0.013 0.024 0.037 0.048 0.015 0.03 0.037 0.039 0.013 0.017 0.021 0.292 0.079 0.004 0.013 0.059
206 K 0.044 0.082 0.032 0.032 0.007 0.041 0.054 0.033 0.016 0.021 0.033 0.444 0.012 0.012 0.021 0.041 0.031 0.004 0.013 0.025
207 G 0.063 0.019 0.032 0.027 0.009 0.016 0.022 0.551 0.011 0.016 0.023 0.028 0.008 0.013 0.016 0.085 0.028 0.004 0.009 0.02
208 Q 0.043 0.046 0.029 0.035 0.007 0.279 0.089 0.03 0.019 0.046 0.04 0.059 0.015 0.013 0.128 0.04 0.031 0.004 0.015 0.033
209 L 0.038 0.016 0.012 0.013 0.012 0.011 0.016 0.018 0.009 0.153 0.234 0.018 0.028 0.159 0.011 0.021 0.028 0.007 0.029 0.169
210 L 0.035 0.017 0.012 0.013 0.012 0.012 0.016 0.018 0.009 0.149 0.263 0.019 0.05 0.159 0.011 0.02 0.027 0.007 0.03 0.123
211 T 0.054 0.028 0.057 0.029 0.012 0.043 0.032 0.033 0.014 0.071 0.057 0.035 0.016 0.025 0.019 0.097 0.231 0.005 0.043 0.1
212 L 0.036 0.018 0.015 0.046 0.011 0.013 0.02 0.019 0.013 0.141 0.249 0.021 0.027 0.078 0.012 0.022 0.027 0.008 0.105 0.118
213 A 0.194 0.019 0.015 0.017 0.014 0.014 0.021 0.033 0.009 0.134 0.162 0.024 0.023 0.089 0.015 0.037 0.032 0.006 0.022 0.119
214 L 0.043 0.019 0.017 0.017 0.012 0.014 0.019 0.06 0.009 0.114 0.273 0.023 0.048 0.065 0.012 0.069 0.031 0.043 0.021 0.09
215 I 0.058 0.018 0.07 0.02 0.012 0.013 0.019 0.023 0.01 0.254 0.154 0.022 0.025 0.062 0.012 0.031 0.032 0.005 0.019 0.14
216 W 0.032 0.018 0.013 0.013 0.009 0.013 0.018 0.02 0.017 0.056 0.15 0.019 0.02 0.146 0.01 0.021 0.023 0.162 0.15 0.091
217 I 0.09 0.018 0.013 0.015 0.013 0.013 0.018 0.023 0.009 0.167 0.157 0.021 0.066 0.125 0.013 0.027 0.03 0.006 0.026 0.149
218 L 0.063 0.017 0.012 0.014 0.013 0.013 0.016 0.019 0.008 0.223 0.289 0.02 0.052 0.036 0.012 0.023 0.03 0.005 0.016 0.119
219 Y 0.059 0.021 0.019 0.017 0.008 0.016 0.023 0.025 0.055 0.035 0.058 0.024 0.015 0.189 0.012 0.049 0.024 0.053 0.262 0.036
220 R 0.066 0.153 0.026 0.029 0.045 0.075 0.091 0.065 0.015 0.053 0.074 0.103 0.015 0.048 0.016 0.037 0.028 0.005 0.017 0.038
221 V 0.051 0.078 0.018 0.017 0.013 0.017 0.022 0.022 0.009 0.141 0.089 0.031 0.022 0.025 0.014 0.051 0.061 0.004 0.015 0.299
222 Y 0.032 0.021 0.017 0.014 0.044 0.016 0.021 0.02 0.034 0.034 0.053 0.023 0.014 0.095 0.012 0.024 0.022 0.02 0.446 0.036
223 V 0.048 0.017 0.014 0.014 0.014 0.013 0.018 0.019 0.007 0.15 0.152 0.02 0.026 0.061 0.013 0.026 0.058 0.005 0.019 0.306
224 L 0.041 0.118 0.029 0.066 0.008 0.053 0.141 0.064 0.046 0.036 0.153 0.05 0.018 0.021 0.016 0.056 0.029 0.005 0.016 0.036
225 G 0.046 0.146 0.114 0.065 0.008 0.025 0.034 0.256 0.015 0.018 0.028 0.073 0.009 0.013 0.016 0.043 0.052 0.004 0.011 0.023
226 R 0.036 0.248 0.026 0.024 0.007 0.032 0.038 0.026 0.015 0.054 0.078 0.182 0.016 0.081 0.016 0.033 0.027 0.005 0.021 0.037
227 K 0.042 0.147 0.028 0.027 0.008 0.054 0.043 0.029 0.015 0.074 0.046 0.216 0.014 0.015 0.092 0.038 0.054 0.004 0.013 0.041
228 I 0.037 0.017 0.013 0.014 0.011 0.013 0.017 0.018 0.013 0.211 0.13 0.02 0.045 0.108 0.011 0.022 0.029 0.009 0.109 0.154
229 S 0.083 0.162 0.035 0.063 0.01 0.03 0.043 0.077 0.015 0.021 0.033 0.121 0.011 0.014 0.02 0.175 0.042 0.004 0.013 0.028
230 L 0.09 0.017 0.014 0.015 0.012 0.012 0.017 0.061 0.009 0.162 0.199 0.021 0.026 0.122 0.012 0.027 0.029 0.006 0.025 0.123
231 L 0.047 0.033 0.023 0.022 0.011 0.021 0.029 0.065 0.012 0.05 0.145 0.104 0.039 0.088 0.015 0.08 0.08 0.044 0.024 0.069
232 R 0.095 0.153 0.025 0.028 0.009 0.029 0.063 0.033 0.014 0.03 0.042 0.125 0.012 0.045 0.129 0.061 0.032 0.004 0.016 0.055
233 A 0.23 0.024 0.024 0.024 0.014 0.019 0.029 0.046 0.012 0.038 0.08 0.032 0.016 0.114 0.019 0.138 0.064 0.006 0.024 0.047
234 L 0.099 0.02 0.019 0.019 0.013 0.016 0.023 0.03 0.01 0.114 0.165 0.025 0.044 0.092 0.015 0.098 0.037 0.006 0.022 0.134
235 I 0.093 0.05 0.015 0.016 0.013 0.016 0.021 0.024 0.009 0.236 0.124 0.052 0.024 0.028 0.014 0.029 0.033 0.004 0.015 0.183
236 Y 0.072 0.022 0.05 0.022 0.05 0.017 0.023 0.069 0.017 0.072 0.096 0.026 0.039 0.106 0.014 0.079 0.033 0.009 0.112 0.074
237 G 0.08 0.023 0.04 0.034 0.011 0.019 0.026 0.5 0.014 0.019 0.029 0.034 0.01 0.017 0.019 0.052 0.03 0.006 0.011 0.025
238 S 0.112 0.041 0.055 0.05 0.018 0.034 0.053 0.068 0.02 0.03 0.043 0.055 0.016 0.021 0.03 0.205 0.084 0.005 0.018 0.043
239 A 0.172 0.02 0.019 0.02 0.013 0.015 0.023 0.073 0.011 0.117 0.125 0.026 0.02 0.118 0.016 0.083 0.034 0.006 0.024 0.065
240 A 0.205 0.021 0.022 0.022 0.014 0.017 0.025 0.151 0.01 0.072 0.111 0.029 0.017 0.021 0.018 0.089 0.036 0.004 0.013 0.1
241 G 0.102 0.018 0.019 0.019 0.013 0.014 0.02 0.176 0.009 0.157 0.103 0.024 0.02 0.024 0.015 0.055 0.033 0.004 0.014 0.161
242 I 0.068 0.017 0.014 0.015 0.013 0.013 0.017 0.058 0.008 0.218 0.158 0.021 0.046 0.062 0.012 0.025 0.031 0.005 0.019 0.181
243 G 0.187 0.023 0.028 0.027 0.013 0.019 0.029 0.193 0.012 0.032 0.042 0.032 0.013 0.048 0.019 0.159 0.042 0.005 0.016 0.061
244 A 0.177 0.02 0.02 0.02 0.014 0.016 0.023 0.109 0.009 0.066 0.093 0.027 0.018 0.057 0.017 0.045 0.082 0.005 0.018 0.166
245 L 0.066 0.018 0.013 0.014 0.013 0.013 0.017 0.058 0.008 0.128 0.281 0.021 0.049 0.065 0.012 0.025 0.029 0.005 0.019 0.143
246 A 0.276 0.032 0.026 0.03 0.022 0.026 0.041 0.08 0.015 0.044 0.061 0.045 0.018 0.022 0.03 0.087 0.051 0.006 0.018 0.07
247 L 0.072 0.017 0.014 0.014 0.053 0.013 0.017 0.061 0.007 0.136 0.232 0.021 0.027 0.031 0.013 0.026 0.031 0.005 0.015 0.196
248 T 0.129 0.021 0.02 0.02 0.014 0.016 0.023 0.07 0.009 0.135 0.132 0.027 0.021 0.025 0.017 0.044 0.136 0.005 0.014 0.122
249 G 0.149 0.021 0.022 0.021 0.012 0.016 0.024 0.183 0.014 0.04 0.078 0.027 0.015 0.092 0.016 0.064 0.055 0.008 0.077 0.066
250 L 0.07 0.02 0.017 0.017 0.013 0.015 0.021 0.026 0.01 0.095 0.246 0.024 0.047 0.094 0.014 0.074 0.057 0.006 0.022 0.111
251 F 0.054 0.015 0.013 0.014 0.009 0.009 0.016 0.022 0.012 0.053 0.086 0.016 0.019 0.465 0.009 0.023 0.022 0.012 0.062 0.068
252 A 0.274 0.021 0.018 0.02 0.015 0.016 0.025 0.043 0.01 0.079 0.067 0.028 0.017 0.084 0.018 0.05 0.059 0.005 0.021 0.129
253 V 0.07 0.022 0.017 0.018 0.019 0.017 0.023 0.025 0.008 0.165 0.13 0.026 0.032 0.036 0.017 0.033 0.049 0.006 0.021 0.269
254 L 0.087 0.02 0.014 0.014 0.012 0.014 0.019 0.024 0.013 0.068 0.249 0.022 0.067 0.136 0.012 0.027 0.027 0.009 0.084 0.083
255 T 0.05 0.026 0.113 0.033 0.011 0.02 0.029 0.073 0.014 0.034 0.048 0.033 0.014 0.112 0.017 0.097 0.204 0.006 0.023 0.041
256 I 0.048 0.018 0.015 0.018 0.017 0.014 0.018 0.021 0.009 0.257 0.171 0.024 0.038 0.045 0.015 0.025 0.041 0.006 0.021 0.18
257 F 0.097 0.023 0.022 0.021 0.011 0.018 0.025 0.033 0.016 0.044 0.076 0.027 0.079 0.19 0.015 0.122 0.035 0.009 0.09 0.046
258 R 0.079 0.176 0.056 0.03 0.01 0.028 0.061 0.07 0.014 0.037 0.045 0.078 0.014 0.016 0.018 0.068 0.099 0.004 0.013 0.083
259 G 0.071 0.022 0.034 0.03 0.011 0.018 0.024 0.438 0.012 0.063 0.05 0.031 0.014 0.02 0.018 0.046 0.031 0.005 0.012 0.049
260 E 0.051 0.05 0.048 0.158 0.008 0.097 0.203 0.039 0.024 0.023 0.036 0.07 0.014 0.015 0.024 0.053 0.037 0.005 0.016 0.03
261 I 0.091 0.025 0.023 0.115 0.011 0.041 0.035 0.03 0.011 0.148 0.126 0.054 0.02 0.023 0.052 0.033 0.031 0.004 0.014 0.113
262 F 0.047 0.023 0.035 0.117 0.01 0.017 0.039 0.152 0.016 0.042 0.071 0.029 0.017 0.202 0.016 0.038 0.029 0.011 0.05 0.04
263 G 0.076 0.03 0.063 0.128 0.008 0.023 0.064 0.295 0.014 0.018 0.026 0.084 0.009 0.013 0.017 0.065 0.029 0.004 0.01 0.023
264 D 0.043 0.027 0.178 0.23 0.008 0.023 0.048 0.078 0.017 0.026 0.03 0.036 0.01 0.014 0.017 0.09 0.06 0.003 0.011 0.049
265 I 0.065 0.019 0.015 0.02 0.011 0.015 0.047 0.023 0.009 0.197 0.164 0.025 0.023 0.027 0.162 0.027 0.03 0.004 0.014 0.103
266 I 0.091 0.017 0.013 0.015 0.013 0.012 0.018 0.023 0.009 0.192 0.13 0.021 0.045 0.124 0.013 0.027 0.031 0.006 0.026 0.175
267 E 0.067 0.03 0.027 0.105 0.009 0.054 0.222 0.027 0.015 0.045 0.13 0.042 0.017 0.02 0.017 0.037 0.03 0.004 0.014 0.086
268 L 0.126 0.029 0.031 0.077 0.016 0.024 0.039 0.045 0.014 0.062 0.156 0.038 0.047 0.031 0.022 0.08 0.075 0.006 0.018 0.066
269 L 0.045 0.024 0.014 0.015 0.016 0.016 0.02 0.021 0.01 0.115 0.375 0.025 0.05 0.055 0.014 0.024 0.033 0.007 0.022 0.096
270 L 0.154 0.024 0.018 0.02 0.018 0.018 0.026 0.04 0.011 0.115 0.211 0.03 0.032 0.036 0.019 0.045 0.04 0.006 0.019 0.118
271 N 0.05 0.081 0.109 0.045 0.011 0.06 0.08 0.036 0.02 0.066 0.105 0.056 0.022 0.025 0.018 0.045 0.04 0.005 0.018 0.107
272 T 0.084 0.029 0.087 0.033 0.012 0.045 0.035 0.077 0.014 0.041 0.046 0.037 0.014 0.017 0.019 0.141 0.162 0.004 0.013 0.089
273 I 0.04 0.018 0.013 0.014 0.013 0.014 0.017 0.019 0.009 0.221 0.153 0.021 0.129 0.065 0.012 0.023 0.031 0.006 0.02 0.163
274 A 0.243 0.027 0.03 0.03 0.015 0.023 0.035 0.053 0.013 0.031 0.046 0.038 0.034 0.018 0.022 0.23 0.05 0.004 0.014 0.044
275 G 0.052 0.061 0.061 0.07 0.008 0.029 0.115 0.182 0.047 0.019 0.029 0.067 0.01 0.02 0.018 0.107 0.033 0.005 0.043 0.024
276 Y 0.031 0.022 0.017 0.014 0.007 0.017 0.022 0.019 0.036 0.034 0.053 0.024 0.014 0.101 0.012 0.024 0.022 0.022 0.475 0.036
277 S 0.223 0.028 0.033 0.032 0.015 0.023 0.037 0.054 0.014 0.027 0.037 0.039 0.013 0.016 0.023 0.274 0.054 0.004 0.013 0.04
278 D 0.032 0.023 0.053 0.536 0.006 0.023 0.07 0.036 0.014 0.017 0.022 0.034 0.007 0.011 0.017 0.04 0.027 0.003 0.009 0.019
279 Y 0.036 0.022 0.019 0.017 0.008 0.018 0.023 0.022 0.033 0.033 0.051 0.026 0.014 0.09 0.013 0.05 0.049 0.019 0.418 0.037
280 T 0.048 0.028 0.167 0.037 0.012 0.021 0.03 0.036 0.014 0.05 0.051 0.034 0.015 0.019 0.018 0.057 0.229 0.004 0.014 0.116
281 R 0.034 0.496 0.03 0.024 0.006 0.037 0.04 0.025 0.018 0.018 0.036 0.092 0.012 0.013 0.015 0.034 0.027 0.004 0.013 0.024
282 N 0.034 0.034 0.447 0.062 0.007 0.026 0.038 0.049 0.023 0.019 0.026 0.041 0.009 0.014 0.016 0.055 0.062 0.004 0.012 0.023
283 A 0.28 0.022 0.024 0.024 0.014 0.018 0.028 0.16 0.012 0.03 0.045 0.031 0.013 0.08 0.019 0.097 0.036 0.005 0.019 0.043
284 A 0.199 0.024 0.047 0.022 0.014 0.02 0.027 0.039 0.012 0.06 0.09 0.031 0.142 0.025 0.017 0.066 0.037 0.005 0.016 0.105
285 L 0.037 0.024 0.014 0.014 0.012 0.015 0.019 0.019 0.009 0.081 0.437 0.048 0.055 0.038 0.012 0.024 0.051 0.005 0.017 0.07
286 V 0.048 0.017 0.012 0.013 0.014 0.012 0.017 0.018 0.007 0.16 0.183 0.02 0.027 0.031 0.012 0.023 0.035 0.005 0.016 0.33
287 I 0.066 0.015 0.012 0.014 0.013 0.011 0.016 0.019 0.007 0.333 0.143 0.02 0.027 0.032 0.012 0.023 0.032 0.005 0.016 0.183
288 D 0.037 0.029 0.049 0.414 0.006 0.071 0.094 0.036 0.017 0.018 0.024 0.041 0.009 0.012 0.018 0.062 0.03 0.003 0.01 0.021
289 D 0.057 0.032 0.064 0.319 0.01 0.03 0.08 0.05 0.018 0.024 0.031 0.046 0.011 0.016 0.024 0.097 0.046 0.004 0.013 0.028
290 S 0.058 0.033 0.07 0.194 0.009 0.048 0.052 0.08 0.016 0.02 0.028 0.065 0.01 0.014 0.02 0.199 0.044 0.004 0.012 0.026
291 P 0.056 0.038 0.028 0.035 0.01 0.07 0.053 0.037 0.017 0.026 0.039 0.054 0.013 0.013 0.377 0.047 0.037 0.003 0.015 0.032
292 D 0.044 0.089 0.119 0.132 0.008 0.049 0.046 0.074 0.078 0.021 0.031 0.047 0.011 0.015 0.017 0.09 0.082 0.004 0.016 0.026
293 F 0.061 0.053 0.021 0.02 0.009 0.062 0.028 0.1 0.046 0.04 0.115 0.032 0.018 0.216 0.013 0.03 0.024 0.009 0.065 0.039
294 P 0.073 0.055 0.03 0.096 0.008 0.047 0.09 0.144 0.013 0.019 0.028 0.041 0.009 0.012 0.203 0.062 0.03 0.003 0.011 0.025
295 P 0.044 0.08 0.021 0.021 0.01 0.018 0.025 0.063 0.013 0.068 0.113 0.034 0.017 0.089 0.126 0.056 0.078 0.006 0.049 0.07
296 Y 0.036 0.034 0.023 0.025 0.007 0.138 0.067 0.024 0.029 0.031 0.052 0.041 0.036 0.063 0.014 0.031 0.026 0.014 0.274 0.035
297 Y 0.035 0.019 0.018 0.016 0.008 0.014 0.019 0.132 0.025 0.034 0.056 0.022 0.014 0.191 0.012 0.026 0.021 0.016 0.286 0.034
298 G 0.06 0.018 0.03 0.026 0.008 0.015 0.02 0.623 0.01 0.015 0.022 0.026 0.007 0.012 0.015 0.039 0.023 0.004 0.008 0.019
299 R 0.038 0.304 0.029 0.026 0.007 0.081 0.045 0.027 0.017 0.027 0.073 0.146 0.035 0.016 0.016 0.035 0.028 0.005 0.014 0.031
300 L 0.035 0.018 0.011 0.012 0.012 0.012 0.015 0.016 0.008 0.154 0.446 0.019 0.036 0.041 0.011 0.019 0.027 0.005 0.017 0.086
301 T 0.053 0.025 0.027 0.024 0.013 0.019 0.027 0.03 0.011 0.056 0.147 0.03 0.042 0.056 0.018 0.094 0.228 0.005 0.018 0.08
302 F 0.063 0.02 0.015 0.015 0.012 0.015 0.019 0.023 0.011 0.07 0.156 0.023 0.124 0.157 0.012 0.029 0.052 0.045 0.032 0.106
303 E 0.042 0.038 0.031 0.069 0.006 0.05 0.459 0.027 0.02 0.017 0.028 0.058 0.01 0.013 0.02 0.042 0.028 0.004 0.013 0.024
304 N 0.077 0.03 0.171 0.072 0.01 0.046 0.038 0.117 0.017 0.027 0.044 0.039 0.053 0.017 0.018 0.134 0.04 0.004 0.013 0.032
305 E 0.039 0.034 0.139 0.054 0.007 0.057 0.22 0.031 0.049 0.033 0.094 0.046 0.015 0.018 0.017 0.041 0.031 0.004 0.015 0.055
306 V 0.037 0.016 0.012 0.013 0.011 0.011 0.016 0.019 0.009 0.105 0.14 0.018 0.023 0.159 0.01 0.021 0.027 0.12 0.036 0.194
307 Y 0.032 0.019 0.015 0.014 0.009 0.014 0.019 0.019 0.024 0.096 0.101 0.021 0.019 0.164 0.011 0.022 0.024 0.016 0.284 0.077
308 S 0.143 0.026 0.032 0.031 0.012 0.021 0.034 0.12 0.013 0.023 0.033 0.036 0.011 0.015 0.132 0.223 0.047 0.004 0.012 0.033
309 R 0.037 0.333 0.028 0.025 0.007 0.036 0.041 0.027 0.016 0.027 0.073 0.172 0.035 0.016 0.016 0.035 0.028 0.005 0.014 0.03
310 I 0.042 0.016 0.013 0.014 0.013 0.012 0.016 0.018 0.007 0.292 0.166 0.02 0.028 0.032 0.012 0.024 0.056 0.005 0.016 0.199
311 P 0.044 0.02 0.018 0.024 0.008 0.016 0.028 0.028 0.01 0.02 0.028 0.032 0.008 0.01 0.61 0.034 0.028 0.002 0.01 0.024
312 R 0.034 0.496 0.03 0.024 0.006 0.037 0.04 0.025 0.018 0.018 0.036 0.092 0.012 0.013 0.015 0.034 0.027 0.004 0.013 0.024
313 A 0.35 0.022 0.018 0.021 0.015 0.017 0.028 0.05 0.011 0.047 0.058 0.03 0.016 0.082 0.02 0.055 0.036 0.005 0.021 0.1
314 L 0.034 0.016 0.011 0.013 0.012 0.011 0.015 0.017 0.008 0.236 0.297 0.018 0.032 0.099 0.011 0.019 0.027 0.006 0.023 0.097
315 W 0.031 0.021 0.014 0.014 0.009 0.016 0.019 0.021 0.018 0.048 0.111 0.022 0.122 0.087 0.01 0.023 0.023 0.199 0.146 0.046
316 P 0.044 0.02 0.018 0.024 0.008 0.016 0.028 0.028 0.011 0.02 0.028 0.032 0.008 0.01 0.608 0.034 0.029 0.002 0.01 0.024
317 D 0.039 0.027 0.127 0.316 0.007 0.027 0.107 0.077 0.017 0.018 0.024 0.039 0.008 0.013 0.018 0.072 0.032 0.003 0.01 0.021
318 K 0.044 0.082 0.032 0.032 0.007 0.041 0.054 0.033 0.016 0.021 0.033 0.445 0.012 0.012 0.021 0.041 0.031 0.004 0.013 0.025
319 P 0.044 0.02 0.018 0.024 0.008 0.016 0.028 0.028 0.01 0.02 0.028 0.032 0.008 0.01 0.61 0.034 0.028 0.002 0.01 0.024
320 K 0.044 0.06 0.029 0.04 0.009 0.033 0.061 0.03 0.014 0.038 0.1 0.289 0.016 0.017 0.019 0.041 0.079 0.004 0.014 0.061
