#Seq2Logo.py -f /work3/idamei/ssn-clusterings/clustering/2205111339/clusters/0004_492/sequences.afa -o /work3/idamei/ssn-clusterings/clustering/2205111339/clusters/0004_492/sequences.logo
#Position Specific Frequency Matrix
A R N D C Q E G H I L K M F P S T W Y V
0 L 0.052 0.032 0.02 0.02 0.016 0.028 0.028 0.028 0.016 0.1 0.196 0.036 0.165 0.048 0.016 0.036 0.04 0.008 0.024 0.092
1 K 0.059 0.146 0.04 0.037 0.009 0.043 0.055 0.158 0.019 0.024 0.04 0.179 0.014 0.016 0.023 0.05 0.036 0.005 0.016 0.03
2 G 0.078 0.023 0.039 0.034 0.011 0.019 0.026 0.509 0.014 0.019 0.028 0.034 0.009 0.016 0.019 0.051 0.03 0.005 0.011 0.024
3 L 0.052 0.032 0.02 0.02 0.016 0.028 0.028 0.028 0.016 0.101 0.197 0.036 0.158 0.048 0.016 0.036 0.04 0.008 0.024 0.093
4 Y 0.041 0.028 0.022 0.019 0.009 0.022 0.028 0.025 0.047 0.044 0.069 0.031 0.019 0.131 0.016 0.031 0.028 0.028 0.316 0.047
5 E 0.055 0.05 0.041 0.09 0.007 0.065 0.295 0.035 0.026 0.022 0.037 0.076 0.013 0.017 0.026 0.055 0.037 0.006 0.017 0.031
6 F 0.034 0.019 0.017 0.017 0.011 0.011 0.019 0.025 0.017 0.064 0.114 0.019 0.025 0.385 0.011 0.025 0.025 0.017 0.089 0.055
7 D 0.041 0.03 0.069 0.396 0.008 0.03 0.092 0.047 0.019 0.022 0.028 0.045 0.009 0.015 0.022 0.052 0.035 0.004 0.011 0.024
8 Y 0.041 0.028 0.022 0.019 0.009 0.022 0.028 0.025 0.047 0.044 0.069 0.031 0.019 0.131 0.016 0.031 0.028 0.028 0.316 0.047
9 S 0.11 0.04 0.054 0.049 0.018 0.033 0.053 0.066 0.019 0.03 0.042 0.054 0.016 0.021 0.03 0.218 0.082 0.005 0.018 0.042
10 I 0.047 0.018 0.015 0.018 0.016 0.013 0.018 0.021 0.009 0.269 0.168 0.024 0.037 0.044 0.015 0.025 0.04 0.006 0.021 0.177
11 S 0.11 0.04 0.054 0.049 0.018 0.033 0.053 0.066 0.019 0.03 0.042 0.054 0.016 0.021 0.03 0.218 0.082 0.005 0.018 0.042
12 Y 0.041 0.028 0.022 0.019 0.009 0.022 0.028 0.025 0.047 0.044 0.069 0.031 0.019 0.131 0.016 0.031 0.028 0.028 0.316 0.047
13 I 0.047 0.018 0.015 0.018 0.016 0.013 0.018 0.021 0.009 0.269 0.168 0.024 0.037 0.044 0.015 0.025 0.04 0.006 0.021 0.177
14 G 0.078 0.023 0.039 0.034 0.011 0.019 0.026 0.509 0.014 0.019 0.028 0.034 0.009 0.016 0.019 0.051 0.03 0.005 0.011 0.024
15 N 0.043 0.045 0.315 0.083 0.009 0.034 0.05 0.065 0.032 0.023 0.032 0.054 0.011 0.018 0.02 0.07 0.05 0.005 0.016 0.027
16 I 0.047 0.018 0.015 0.018 0.016 0.013 0.018 0.021 0.009 0.269 0.168 0.024 0.037 0.044 0.015 0.025 0.04 0.006 0.021 0.177
17 L 0.052 0.044 0.023 0.023 0.015 0.032 0.035 0.03 0.017 0.087 0.17 0.077 0.143 0.042 0.018 0.039 0.04 0.007 0.023 0.082
18 V 0.066 0.021 0.016 0.018 0.019 0.016 0.022 0.024 0.008 0.182 0.135 0.025 0.032 0.037 0.016 0.031 0.047 0.006 0.02 0.259
19 K 0.054 0.147 0.041 0.039 0.008 0.052 0.067 0.041 0.021 0.027 0.043 0.258 0.015 0.016 0.026 0.052 0.039 0.005 0.017 0.032
20 L 0.052 0.023 0.015 0.016 0.017 0.016 0.021 0.022 0.009 0.13 0.297 0.025 0.043 0.048 0.015 0.027 0.038 0.007 0.022 0.156
21 S 0.109 0.04 0.054 0.048 0.017 0.033 0.052 0.066 0.019 0.029 0.041 0.054 0.016 0.021 0.029 0.228 0.081 0.005 0.017 0.041
22 K 0.062 0.077 0.042 0.041 0.012 0.073 0.065 0.043 0.02 0.036 0.051 0.173 0.018 0.018 0.027 0.066 0.111 0.005 0.018 0.045
23 L 0.045 0.022 0.014 0.016 0.016 0.015 0.019 0.021 0.01 0.169 0.31 0.024 0.045 0.051 0.014 0.024 0.035 0.007 0.022 0.122
24 F 0.039 0.024 0.017 0.017 0.012 0.016 0.022 0.024 0.024 0.073 0.188 0.025 0.031 0.192 0.013 0.027 0.029 0.017 0.145 0.065
25 K 0.056 0.087 0.041 0.057 0.008 0.057 0.148 0.04 0.022 0.026 0.041 0.215 0.014 0.016 0.027 0.054 0.038 0.005 0.017 0.032
26 V 0.052 0.022 0.017 0.018 0.015 0.017 0.023 0.023 0.021 0.161 0.121 0.027 0.029 0.07 0.015 0.029 0.039 0.013 0.122 0.166
27 G 0.065 0.025 0.032 0.029 0.015 0.02 0.027 0.193 0.012 0.117 0.086 0.034 0.022 0.028 0.02 0.056 0.108 0.006 0.016 0.09
28 I 0.054 0.019 0.015 0.018 0.017 0.014 0.019 0.022 0.009 0.24 0.154 0.024 0.035 0.041 0.015 0.027 0.043 0.006 0.02 0.209
29 I 0.051 0.03 0.025 0.041 0.091 0.031 0.114 0.028 0.02 0.115 0.09 0.041 0.022 0.045 0.019 0.038 0.036 0.009 0.068 0.086
30 L 0.093 0.023 0.017 0.019 0.017 0.017 0.024 0.032 0.011 0.11 0.199 0.027 0.034 0.099 0.017 0.037 0.04 0.008 0.032 0.144
31 C 0.062 0.018 0.016 0.016 0.332 0.013 0.018 0.029 0.008 0.076 0.128 0.022 0.024 0.028 0.016 0.036 0.038 0.005 0.015 0.099
32 C 0.067 0.022 0.025 0.023 0.332 0.017 0.024 0.036 0.01 0.047 0.064 0.028 0.017 0.021 0.02 0.057 0.109 0.005 0.014 0.061
33 L 0.045 0.022 0.014 0.016 0.016 0.015 0.019 0.021 0.01 0.169 0.31 0.024 0.045 0.051 0.014 0.024 0.035 0.007 0.022 0.122
34 L 0.043 0.025 0.017 0.016 0.014 0.018 0.023 0.022 0.022 0.091 0.277 0.027 0.039 0.079 0.015 0.026 0.031 0.014 0.123 0.079
35 I 0.072 0.028 0.032 0.031 0.017 0.022 0.033 0.039 0.013 0.158 0.108 0.037 0.027 0.033 0.022 0.104 0.089 0.006 0.019 0.113
36 L 0.044 0.024 0.014 0.015 0.016 0.016 0.02 0.021 0.01 0.114 0.382 0.025 0.049 0.054 0.014 0.024 0.033 0.007 0.022 0.095
37 G 0.078 0.023 0.039 0.033 0.011 0.019 0.025 0.515 0.013 0.019 0.028 0.033 0.009 0.016 0.019 0.051 0.029 0.005 0.011 0.024
38 F 0.037 0.021 0.016 0.016 0.012 0.012 0.019 0.024 0.014 0.08 0.203 0.021 0.033 0.28 0.012 0.025 0.028 0.013 0.066 0.068
39 L 0.045 0.028 0.034 0.146 0.013 0.024 0.046 0.032 0.015 0.079 0.201 0.035 0.076 0.039 0.017 0.037 0.036 0.006 0.019 0.07
40 L 0.052 0.068 0.033 0.034 0.011 0.097 0.064 0.035 0.02 0.056 0.157 0.134 0.028 0.028 0.022 0.044 0.038 0.006 0.02 0.054
41 L 0.045 0.022 0.014 0.016 0.016 0.015 0.019 0.021 0.01 0.169 0.31 0.024 0.045 0.051 0.014 0.024 0.035 0.007 0.022 0.122
42 T 0.064 0.029 0.033 0.031 0.017 0.023 0.032 0.035 0.012 0.128 0.098 0.038 0.025 0.03 0.023 0.069 0.182 0.006 0.019 0.105
43 P 0.099 0.055 0.033 0.035 0.013 0.033 0.048 0.046 0.016 0.034 0.047 0.124 0.015 0.017 0.185 0.061 0.076 0.004 0.016 0.044
44 R 0.048 0.161 0.031 0.029 0.011 0.039 0.047 0.032 0.018 0.055 0.157 0.143 0.027 0.029 0.02 0.04 0.036 0.006 0.019 0.053
45 E 0.055 0.041 0.034 0.07 0.008 0.049 0.214 0.035 0.021 0.023 0.036 0.063 0.012 0.015 0.183 0.051 0.036 0.004 0.015 0.031
46 Y 0.053 0.026 0.027 0.023 0.01 0.021 0.027 0.188 0.035 0.035 0.055 0.032 0.015 0.092 0.017 0.038 0.028 0.02 0.22 0.039
47 I 0.047 0.018 0.015 0.018 0.016 0.013 0.018 0.021 0.009 0.273 0.167 0.024 0.037 0.044 0.015 0.025 0.04 0.006 0.021 0.176
48 G 0.088 0.028 0.044 0.038 0.013 0.023 0.034 0.365 0.015 0.022 0.033 0.04 0.011 0.018 0.022 0.11 0.047 0.005 0.013 0.03
49 T 0.068 0.033 0.038 0.033 0.015 0.026 0.037 0.041 0.025 0.046 0.062 0.042 0.019 0.058 0.024 0.094 0.15 0.013 0.12 0.057
50 Y 0.038 0.025 0.02 0.018 0.01 0.018 0.025 0.025 0.036 0.05 0.083 0.027 0.021 0.217 0.014 0.029 0.027 0.024 0.246 0.049
51 V 0.079 0.027 0.028 0.028 0.018 0.021 0.032 0.038 0.012 0.138 0.106 0.035 0.027 0.032 0.02 0.096 0.058 0.005 0.019 0.181
52 Y 0.056 0.045 0.036 0.034 0.012 0.09 0.056 0.036 0.03 0.041 0.06 0.055 0.019 0.056 0.022 0.059 0.107 0.013 0.121 0.05
53 R 0.045 0.247 0.044 0.103 0.008 0.048 0.1 0.035 0.023 0.023 0.041 0.099 0.014 0.017 0.021 0.047 0.035 0.005 0.016 0.03
54 I 0.057 0.028 0.026 0.025 0.017 0.023 0.028 0.03 0.013 0.143 0.142 0.035 0.075 0.038 0.019 0.051 0.111 0.007 0.021 0.112
55 I 0.059 0.026 0.023 0.023 0.016 0.021 0.027 0.03 0.013 0.177 0.155 0.033 0.077 0.041 0.017 0.062 0.047 0.006 0.021 0.125
56 I 0.054 0.019 0.015 0.018 0.017 0.014 0.019 0.022 0.009 0.24 0.154 0.024 0.035 0.041 0.015 0.027 0.043 0.006 0.02 0.209
57 F 0.088 0.021 0.017 0.019 0.016 0.015 0.023 0.032 0.012 0.148 0.124 0.026 0.029 0.155 0.016 0.036 0.038 0.009 0.042 0.134
58 I 0.088 0.021 0.016 0.019 0.017 0.016 0.022 0.03 0.01 0.212 0.184 0.027 0.035 0.042 0.017 0.035 0.04 0.006 0.02 0.144
59 L 0.044 0.023 0.014 0.015 0.016 0.016 0.02 0.021 0.01 0.142 0.346 0.025 0.047 0.052 0.014 0.024 0.034 0.007 0.022 0.109
60 G 0.151 0.025 0.034 0.032 0.014 0.021 0.03 0.369 0.014 0.027 0.038 0.037 0.012 0.018 0.022 0.062 0.036 0.005 0.013 0.039
61 V 0.063 0.025 0.018 0.018 0.018 0.02 0.025 0.026 0.011 0.142 0.151 0.029 0.077 0.039 0.016 0.034 0.046 0.006 0.022 0.215
62 L 0.05 0.022 0.018 0.019 0.015 0.016 0.02 0.103 0.01 0.153 0.251 0.026 0.038 0.044 0.015 0.029 0.035 0.006 0.02 0.11
63 L 0.047 0.027 0.016 0.017 0.016 0.02 0.023 0.023 0.012 0.109 0.319 0.029 0.089 0.052 0.015 0.028 0.035 0.007 0.023 0.094
64 A 0.234 0.034 0.035 0.036 0.02 0.028 0.044 0.074 0.016 0.038 0.053 0.047 0.017 0.021 0.029 0.132 0.06 0.005 0.017 0.059
65 L 0.129 0.024 0.018 0.021 0.018 0.018 0.026 0.04 0.011 0.145 0.202 0.031 0.034 0.04 0.019 0.044 0.041 0.006 0.02 0.113
66 R 0.127 0.137 0.028 0.026 0.013 0.032 0.04 0.045 0.028 0.036 0.058 0.065 0.017 0.056 0.021 0.053 0.037 0.013 0.12 0.048
67 V 0.061 0.022 0.016 0.017 0.018 0.016 0.022 0.023 0.009 0.147 0.213 0.026 0.037 0.042 0.016 0.03 0.044 0.006 0.021 0.216
68 L 0.046 0.041 0.07 0.031 0.014 0.025 0.033 0.032 0.015 0.084 0.267 0.073 0.037 0.042 0.017 0.036 0.037 0.006 0.02 0.073
69 S 0.07 0.043 0.086 0.044 0.014 0.063 0.052 0.049 0.022 0.051 0.092 0.054 0.067 0.028 0.022 0.109 0.055 0.006 0.02 0.055
70 K 0.052 0.062 0.028 0.029 0.012 0.033 0.044 0.032 0.015 0.151 0.105 0.153 0.026 0.03 0.021 0.039 0.04 0.006 0.019 0.104
71 A 0.181 0.028 0.028 0.028 0.137 0.023 0.034 0.058 0.013 0.046 0.062 0.038 0.018 0.022 0.026 0.075 0.096 0.005 0.016 0.066
72 L 0.049 0.104 0.027 0.027 0.012 0.033 0.041 0.03 0.015 0.125 0.141 0.127 0.028 0.032 0.02 0.037 0.038 0.006 0.019 0.09
73 H 0.069 0.064 0.049 0.042 0.011 0.041 0.058 0.049 0.134 0.026 0.041 0.128 0.015 0.022 0.025 0.107 0.049 0.006 0.03 0.032
74 D 0.041 0.035 0.153 0.296 0.008 0.031 0.077 0.052 0.023 0.022 0.029 0.047 0.01 0.016 0.021 0.057 0.04 0.004 0.013 0.025
75 K 0.05 0.062 0.031 0.031 0.01 0.067 0.054 0.034 0.03 0.044 0.077 0.126 0.043 0.059 0.021 0.043 0.036 0.013 0.121 0.047
76 R 0.065 0.142 0.088 0.043 0.011 0.036 0.047 0.048 0.027 0.028 0.046 0.072 0.015 0.037 0.022 0.107 0.051 0.009 0.068 0.036
77 L 0.044 0.024 0.014 0.015 0.016 0.016 0.02 0.021 0.01 0.114 0.382 0.025 0.049 0.054 0.014 0.024 0.033 0.007 0.022 0.095
78 R 0.064 0.14 0.038 0.033 0.011 0.034 0.044 0.041 0.029 0.032 0.052 0.068 0.016 0.056 0.021 0.101 0.048 0.013 0.12 0.039
79 N 0.06 0.062 0.134 0.053 0.011 0.039 0.053 0.051 0.023 0.038 0.064 0.128 0.04 0.022 0.023 0.085 0.05 0.005 0.018 0.042
80 I 0.07 0.043 0.037 0.038 0.014 0.09 0.057 0.042 0.019 0.111 0.085 0.056 0.024 0.026 0.022 0.103 0.054 0.006 0.019 0.084
81 C 0.061 0.023 0.025 0.024 0.174 0.018 0.024 0.032 0.01 0.125 0.098 0.029 0.024 0.029 0.019 0.052 0.11 0.005 0.017 0.101
82 K 0.056 0.106 0.041 0.041 0.009 0.053 0.07 0.043 0.02 0.027 0.043 0.285 0.015 0.015 0.027 0.053 0.039 0.005 0.017 0.032
83 F 0.094 0.031 0.031 0.038 0.014 0.027 0.077 0.041 0.017 0.049 0.075 0.041 0.02 0.145 0.022 0.062 0.107 0.009 0.041 0.058
84 L 0.056 0.032 0.023 0.041 0.014 0.032 0.116 0.027 0.015 0.1 0.182 0.042 0.031 0.035 0.019 0.037 0.039 0.006 0.02 0.134
85 N 0.064 0.037 0.133 0.05 0.012 0.029 0.043 0.052 0.032 0.032 0.047 0.046 0.015 0.056 0.022 0.109 0.053 0.012 0.119 0.038
86 R 0.056 0.156 0.136 0.053 0.01 0.041 0.054 0.05 0.025 0.025 0.04 0.114 0.014 0.018 0.023 0.084 0.048 0.005 0.017 0.031
87 Y 0.04 0.028 0.022 0.019 0.009 0.022 0.028 0.025 0.046 0.043 0.068 0.031 0.019 0.13 0.015 0.031 0.028 0.028 0.325 0.046
88 L 0.067 0.027 0.027 0.027 0.016 0.021 0.03 0.036 0.013 0.141 0.196 0.034 0.034 0.04 0.019 0.092 0.051 0.006 0.02 0.104
89 R 0.046 0.187 0.027 0.025 0.012 0.033 0.036 0.028 0.017 0.121 0.111 0.073 0.048 0.031 0.017 0.036 0.037 0.006 0.019 0.089
90 C 0.052 0.018 0.015 0.017 0.174 0.013 0.017 0.024 0.009 0.173 0.168 0.023 0.032 0.038 0.015 0.03 0.037 0.005 0.018 0.122
91 Y 0.038 0.025 0.02 0.018 0.01 0.018 0.025 0.025 0.036 0.05 0.083 0.027 0.021 0.217 0.014 0.029 0.027 0.024 0.246 0.049
92 L 0.039 0.021 0.015 0.016 0.013 0.013 0.019 0.023 0.013 0.089 0.247 0.022 0.037 0.224 0.012 0.025 0.029 0.012 0.055 0.075
93 I 0.046 0.019 0.016 0.017 0.015 0.013 0.019 0.023 0.011 0.187 0.142 0.022 0.032 0.159 0.013 0.026 0.036 0.009 0.043 0.152
94 L 0.056 0.021 0.022 0.022 0.014 0.016 0.021 0.185 0.011 0.137 0.192 0.027 0.032 0.038 0.016 0.033 0.034 0.006 0.018 0.098
95 L 0.046 0.02 0.014 0.017 0.016 0.014 0.018 0.021 0.009 0.224 0.238 0.024 0.041 0.047 0.014 0.025 0.037 0.006 0.021 0.148
96 F 0.092 0.027 0.026 0.025 0.016 0.02 0.029 0.039 0.014 0.065 0.133 0.033 0.026 0.151 0.02 0.057 0.107 0.01 0.042 0.069
97 I 0.047 0.018 0.015 0.018 0.016 0.013 0.018 0.02 0.009 0.278 0.166 0.023 0.036 0.044 0.015 0.025 0.039 0.006 0.02 0.175
98 V 0.118 0.034 0.034 0.042 0.017 0.031 0.082 0.049 0.016 0.075 0.073 0.046 0.021 0.025 0.024 0.11 0.058 0.005 0.018 0.122
99 A 0.153 0.034 0.033 0.033 0.018 0.029 0.04 0.057 0.017 0.057 0.098 0.044 0.067 0.03 0.025 0.116 0.057 0.006 0.02 0.067
100 I 0.05 0.047 0.023 0.025 0.014 0.026 0.035 0.028 0.013 0.195 0.125 0.111 0.029 0.034 0.019 0.034 0.039 0.006 0.019 0.127
101 Y 0.041 0.034 0.032 0.025 0.009 0.027 0.036 0.029 0.151 0.036 0.058 0.036 0.017 0.096 0.017 0.034 0.027 0.021 0.235 0.038
102 S 0.097 0.038 0.05 0.045 0.017 0.031 0.048 0.058 0.017 0.037 0.049 0.051 0.017 0.022 0.029 0.182 0.139 0.005 0.017 0.051
103 L 0.052 0.023 0.019 0.02 0.015 0.017 0.021 0.104 0.011 0.151 0.22 0.028 0.058 0.043 0.015 0.031 0.036 0.007 0.02 0.109
104 V 0.052 0.023 0.033 0.146 0.014 0.02 0.044 0.03 0.012 0.154 0.108 0.031 0.026 0.031 0.018 0.036 0.041 0.005 0.017 0.158
105 L 0.15 0.031 0.031 0.031 0.018 0.025 0.037 0.055 0.015 0.062 0.161 0.041 0.027 0.032 0.024 0.112 0.055 0.006 0.019 0.068
106 Y 0.04 0.028 0.022 0.019 0.009 0.022 0.028 0.025 0.046 0.043 0.068 0.031 0.019 0.13 0.015 0.031 0.028 0.028 0.325 0.046
107 G 0.066 0.03 0.134 0.05 0.01 0.024 0.033 0.365 0.019 0.02 0.029 0.04 0.01 0.017 0.019 0.057 0.036 0.005 0.012 0.025
108 Y 0.04 0.028 0.022 0.019 0.009 0.022 0.028 0.025 0.046 0.043 0.068 0.031 0.019 0.13 0.015 0.031 0.028 0.028 0.325 0.046
109 S 0.098 0.04 0.099 0.054 0.016 0.033 0.051 0.065 0.021 0.028 0.04 0.054 0.015 0.02 0.028 0.201 0.076 0.005 0.017 0.039
110 F 0.04 0.028 0.118 0.038 0.012 0.019 0.029 0.037 0.019 0.094 0.139 0.032 0.026 0.153 0.015 0.04 0.037 0.009 0.042 0.072
111 L 0.057 0.053 0.028 0.028 0.014 0.03 0.04 0.033 0.014 0.083 0.174 0.115 0.03 0.033 0.021 0.046 0.075 0.006 0.019 0.1
112 E 0.048 0.047 0.033 0.051 0.009 0.099 0.141 0.034 0.024 0.037 0.065 0.061 0.019 0.141 0.02 0.045 0.034 0.009 0.042 0.04
113 L 0.045 0.022 0.014 0.016 0.016 0.015 0.019 0.021 0.01 0.169 0.31 0.024 0.045 0.051 0.014 0.024 0.035 0.007 0.022 0.122
114 F 0.037 0.021 0.016 0.016 0.012 0.012 0.019 0.024 0.014 0.08 0.203 0.021 0.033 0.28 0.012 0.025 0.028 0.013 0.066 0.068
115 Y 0.048 0.05 0.026 0.026 0.011 0.029 0.038 0.029 0.025 0.116 0.092 0.113 0.023 0.063 0.019 0.036 0.035 0.013 0.121 0.085
116 V 0.056 0.024 0.017 0.018 0.017 0.019 0.023 0.024 0.011 0.18 0.163 0.028 0.079 0.042 0.016 0.031 0.043 0.006 0.022 0.181
117 L 0.06 0.029 0.025 0.024 0.017 0.021 0.028 0.032 0.012 0.09 0.272 0.033 0.039 0.043 0.019 0.069 0.078 0.007 0.021 0.082
118 L 0.045 0.131 0.022 0.021 0.013 0.026 0.03 0.025 0.014 0.139 0.198 0.056 0.034 0.038 0.016 0.031 0.036 0.006 0.02 0.1
119 P 0.056 0.052 0.029 0.034 0.01 0.031 0.047 0.038 0.015 0.026 0.038 0.122 0.012 0.014 0.341 0.047 0.037 0.003 0.014 0.031
120 Y 0.04 0.028 0.022 0.019 0.009 0.022 0.028 0.025 0.046 0.043 0.068 0.031 0.019 0.13 0.015 0.031 0.028 0.028 0.325 0.046
121 F 0.037 0.021 0.016 0.016 0.012 0.012 0.019 0.024 0.014 0.08 0.203 0.021 0.033 0.28 0.012 0.025 0.028 0.013 0.066 0.068
122 F 0.037 0.023 0.019 0.018 0.01 0.016 0.023 0.025 0.031 0.053 0.09 0.025 0.022 0.261 0.013 0.028 0.026 0.022 0.206 0.05
123 V 0.062 0.02 0.016 0.018 0.018 0.015 0.021 0.023 0.008 0.201 0.141 0.025 0.033 0.038 0.016 0.03 0.046 0.006 0.02 0.242
124 L 0.044 0.021 0.015 0.016 0.093 0.014 0.019 0.024 0.012 0.085 0.239 0.022 0.036 0.161 0.013 0.027 0.031 0.01 0.042 0.075
125 L 0.043 0.025 0.017 0.016 0.014 0.018 0.023 0.022 0.022 0.091 0.277 0.027 0.039 0.079 0.015 0.026 0.031 0.014 0.123 0.079
126 A 0.266 0.032 0.03 0.033 0.021 0.027 0.042 0.076 0.015 0.041 0.056 0.046 0.017 0.021 0.029 0.108 0.055 0.005 0.017 0.064
127 Y 0.038 0.025 0.02 0.018 0.01 0.018 0.025 0.025 0.036 0.05 0.083 0.027 0.021 0.217 0.014 0.029 0.027 0.024 0.246 0.049
128 P 0.056 0.026 0.023 0.031 0.01 0.02 0.036 0.036 0.013 0.026 0.036 0.041 0.01 0.013 0.499 0.043 0.036 0.003 0.013 0.031
129 L 0.046 0.02 0.014 0.017 0.016 0.014 0.018 0.021 0.009 0.224 0.238 0.024 0.041 0.047 0.014 0.025 0.037 0.006 0.021 0.148
130 V 0.063 0.025 0.025 0.024 0.018 0.019 0.027 0.029 0.01 0.165 0.12 0.031 0.029 0.034 0.019 0.05 0.114 0.006 0.019 0.174
131 Y 0.04 0.028 0.022 0.019 0.009 0.022 0.028 0.025 0.046 0.043 0.068 0.031 0.019 0.13 0.015 0.031 0.028 0.028 0.325 0.046
132 I 0.054 0.019 0.015 0.018 0.017 0.014 0.019 0.022 0.009 0.24 0.154 0.024 0.035 0.041 0.015 0.027 0.043 0.006 0.02 0.209
133 F 0.033 0.019 0.017 0.017 0.01 0.01 0.019 0.025 0.017 0.063 0.113 0.019 0.025 0.393 0.01 0.025 0.025 0.017 0.088 0.054
134 L 0.058 0.03 0.028 0.025 0.014 0.023 0.031 0.033 0.024 0.066 0.167 0.035 0.028 0.069 0.019 0.072 0.076 0.013 0.121 0.066
135 R 0.051 0.163 0.033 0.031 0.011 0.043 0.05 0.034 0.02 0.05 0.095 0.147 0.067 0.027 0.021 0.044 0.038 0.006 0.019 0.052
136 D 0.041 0.035 0.153 0.296 0.008 0.031 0.077 0.052 0.023 0.022 0.029 0.047 0.01 0.016 0.021 0.057 0.04 0.004 0.013 0.025
137 G 0.058 0.053 0.049 0.159 0.009 0.034 0.062 0.201 0.017 0.023 0.033 0.121 0.011 0.015 0.023 0.052 0.035 0.005 0.013 0.027
138 G 0.058 0.034 0.049 0.175 0.008 0.037 0.14 0.199 0.019 0.021 0.031 0.051 0.01 0.016 0.022 0.052 0.034 0.005 0.013 0.026
139 V 0.06 0.027 0.018 0.019 0.017 0.022 0.025 0.026 0.012 0.131 0.162 0.031 0.1 0.042 0.016 0.034 0.044 0.007 0.022 0.184
140 F 0.042 0.03 0.025 0.041 0.009 0.03 0.115 0.028 0.025 0.046 0.08 0.039 0.02 0.224 0.016 0.036 0.029 0.015 0.104 0.045
141 K 0.056 0.106 0.041 0.041 0.009 0.053 0.07 0.043 0.02 0.027 0.043 0.285 0.015 0.015 0.027 0.053 0.039 0.005 0.017 0.032
142 F 0.037 0.021 0.016 0.016 0.012 0.012 0.019 0.024 0.014 0.08 0.203 0.021 0.033 0.28 0.012 0.025 0.028 0.013 0.066 0.068
143 L 0.049 0.025 0.019 0.019 0.016 0.017 0.023 0.025 0.01 0.131 0.293 0.028 0.042 0.047 0.016 0.035 0.071 0.007 0.021 0.104
144 N 0.045 0.048 0.173 0.053 0.011 0.031 0.043 0.046 0.022 0.054 0.15 0.083 0.024 0.03 0.019 0.051 0.042 0.005 0.018 0.051
145 R 0.055 0.133 0.031 0.028 0.013 0.028 0.034 0.111 0.015 0.112 0.086 0.061 0.022 0.027 0.019 0.047 0.072 0.006 0.017 0.084
146 L 0.053 0.021 0.015 0.017 0.017 0.015 0.02 0.022 0.009 0.185 0.226 0.025 0.039 0.044 0.015 0.027 0.04 0.006 0.021 0.182
147 L 0.068 0.029 0.029 0.027 0.094 0.022 0.031 0.038 0.019 0.062 0.163 0.035 0.027 0.05 0.02 0.096 0.049 0.009 0.069 0.063
148 L 0.04 0.021 0.015 0.016 0.013 0.015 0.02 0.024 0.011 0.141 0.2 0.024 0.034 0.053 0.012 0.024 0.032 0.17 0.037 0.1
149 F 0.054 0.022 0.021 0.021 0.015 0.016 0.023 0.027 0.012 0.13 0.119 0.026 0.028 0.154 0.016 0.039 0.074 0.009 0.042 0.151
150 V 0.082 0.028 0.029 0.028 0.018 0.022 0.033 0.038 0.012 0.118 0.1 0.035 0.026 0.03 0.021 0.098 0.06 0.005 0.019 0.198
151 I 0.048 0.022 0.016 0.018 0.016 0.018 0.021 0.023 0.011 0.219 0.176 0.027 0.081 0.045 0.015 0.028 0.04 0.007 0.022 0.147
152 F 0.05 0.018 0.016 0.017 0.171 0.012 0.019 0.027 0.012 0.073 0.099 0.02 0.023 0.209 0.013 0.031 0.033 0.011 0.051 0.092
153 L 0.047 0.024 0.016 0.017 0.016 0.019 0.022 0.023 0.012 0.164 0.248 0.028 0.085 0.049 0.015 0.028 0.037 0.007 0.022 0.121
154 L 0.047 0.027 0.016 0.017 0.016 0.02 0.023 0.023 0.012 0.109 0.319 0.029 0.089 0.052 0.015 0.028 0.035 0.007 0.023 0.094
155 I 0.056 0.019 0.019 0.02 0.016 0.015 0.02 0.103 0.009 0.216 0.137 0.025 0.031 0.038 0.016 0.03 0.039 0.006 0.019 0.167
156 I 0.053 0.017 0.015 0.017 0.174 0.013 0.017 0.024 0.008 0.2 0.132 0.022 0.03 0.036 0.015 0.03 0.038 0.005 0.018 0.135
157 K 0.052 0.188 0.04 0.038 0.008 0.051 0.064 0.039 0.021 0.026 0.044 0.23 0.015 0.016 0.025 0.05 0.038 0.005 0.017 0.032
158 F 0.128 0.025 0.024 0.024 0.015 0.018 0.029 0.046 0.016 0.054 0.087 0.032 0.022 0.208 0.02 0.056 0.071 0.011 0.053 0.062
159 V 0.058 0.02 0.015 0.018 0.018 0.015 0.02 0.022 0.008 0.221 0.148 0.025 0.034 0.04 0.015 0.029 0.044 0.006 0.02 0.226
160 A 0.159 0.035 0.041 0.038 0.019 0.029 0.044 0.062 0.016 0.042 0.055 0.048 0.017 0.022 0.029 0.135 0.128 0.005 0.017 0.06
161 W 0.03 0.022 0.015 0.015 0.008 0.015 0.022 0.03 0.015 0.03 0.052 0.022 0.015 0.06 0.008 0.022 0.022 0.497 0.068 0.03
162 F 0.036 0.022 0.018 0.017 0.01 0.014 0.022 0.025 0.027 0.056 0.098 0.023 0.023 0.305 0.012 0.027 0.026 0.02 0.167 0.052
163 L 0.044 0.024 0.014 0.015 0.016 0.016 0.02 0.021 0.01 0.114 0.382 0.025 0.049 0.054 0.014 0.024 0.033 0.007 0.022 0.095
164 Y 0.038 0.028 0.025 0.021 0.009 0.021 0.029 0.027 0.089 0.046 0.078 0.029 0.02 0.201 0.014 0.031 0.027 0.021 0.201 0.045
165 N 0.042 0.044 0.324 0.082 0.009 0.033 0.049 0.065 0.031 0.022 0.031 0.053 0.011 0.018 0.02 0.069 0.049 0.004 0.016 0.027
166 F 0.036 0.022 0.018 0.017 0.01 0.014 0.022 0.025 0.027 0.056 0.098 0.023 0.023 0.305 0.012 0.027 0.026 0.02 0.167 0.052
167 S 0.091 0.062 0.049 0.046 0.014 0.04 0.058 0.058 0.02 0.029 0.042 0.131 0.015 0.019 0.029 0.169 0.067 0.005 0.017 0.038
168 G 0.065 0.025 0.049 0.157 0.01 0.022 0.047 0.359 0.015 0.02 0.028 0.037 0.009 0.016 0.02 0.051 0.031 0.005 0.011 0.024
169 K 0.054 0.07 0.035 0.036 0.011 0.101 0.067 0.037 0.022 0.051 0.095 0.137 0.068 0.026 0.022 0.048 0.04 0.006 0.02 0.053
170 I 0.055 0.023 0.024 0.024 0.017 0.018 0.025 0.028 0.01 0.203 0.132 0.031 0.031 0.037 0.019 0.047 0.111 0.006 0.019 0.14
171 V 0.058 0.02 0.015 0.018 0.018 0.015 0.02 0.022 0.008 0.221 0.148 0.025 0.034 0.04 0.015 0.029 0.044 0.006 0.02 0.226
172 F 0.033 0.019 0.017 0.017 0.01 0.01 0.019 0.025 0.017 0.063 0.113 0.019 0.025 0.393 0.01 0.025 0.025 0.017 0.088 0.054
173 P 0.073 0.038 0.039 0.056 0.012 0.039 0.13 0.045 0.019 0.026 0.038 0.056 0.013 0.017 0.184 0.109 0.051 0.004 0.016 0.034
174 R 0.055 0.242 0.039 0.032 0.009 0.038 0.043 0.193 0.02 0.022 0.04 0.09 0.013 0.017 0.019 0.046 0.033 0.006 0.015 0.028
175 L 0.044 0.024 0.014 0.015 0.016 0.016 0.02 0.021 0.01 0.114 0.382 0.025 0.049 0.054 0.014 0.024 0.033 0.007 0.022 0.095
176 L 0.044 0.024 0.014 0.015 0.016 0.016 0.02 0.021 0.01 0.114 0.382 0.025 0.049 0.054 0.014 0.024 0.033 0.007 0.022 0.095
177 F 0.035 0.02 0.016 0.016 0.011 0.011 0.019 0.024 0.016 0.071 0.158 0.02 0.029 0.337 0.011 0.025 0.026 0.015 0.077 0.061
178 Q 0.055 0.065 0.042 0.061 0.008 0.17 0.169 0.039 0.028 0.025 0.043 0.085 0.018 0.015 0.024 0.055 0.039 0.006 0.019 0.034
179 Y 0.038 0.025 0.02 0.018 0.01 0.018 0.025 0.025 0.036 0.05 0.083 0.027 0.021 0.217 0.014 0.029 0.027 0.024 0.246 0.049
180 D 0.069 0.058 0.054 0.164 0.011 0.038 0.071 0.052 0.019 0.026 0.037 0.128 0.013 0.017 0.026 0.111 0.052 0.005 0.015 0.033
181 E 0.055 0.05 0.04 0.09 0.007 0.064 0.298 0.035 0.026 0.022 0.037 0.075 0.013 0.017 0.026 0.055 0.037 0.005 0.017 0.031
182 G 0.062 0.025 0.041 0.151 0.012 0.022 0.046 0.195 0.013 0.068 0.062 0.035 0.017 0.022 0.019 0.045 0.038 0.005 0.014 0.108
183 W 0.03 0.022 0.015 0.015 0.008 0.015 0.022 0.03 0.015 0.03 0.052 0.022 0.015 0.06 0.008 0.022 0.022 0.497 0.068 0.03
184 F 0.051 0.024 0.025 0.024 0.015 0.017 0.025 0.03 0.013 0.131 0.115 0.029 0.027 0.153 0.017 0.047 0.106 0.009 0.042 0.1
185 R 0.044 0.351 0.038 0.031 0.008 0.048 0.052 0.033 0.023 0.023 0.046 0.119 0.015 0.017 0.019 0.044 0.035 0.006 0.017 0.031
186 N 0.042 0.04 0.239 0.189 0.008 0.032 0.063 0.058 0.027 0.022 0.03 0.05 0.01 0.017 0.021 0.063 0.044 0.004 0.014 0.026
187 G 0.078 0.023 0.039 0.033 0.011 0.019 0.025 0.515 0.013 0.019 0.028 0.033 0.009 0.016 0.019 0.051 0.029 0.005 0.011 0.024
188 L 0.039 0.021 0.015 0.016 0.013 0.013 0.019 0.023 0.013 0.089 0.247 0.022 0.037 0.224 0.012 0.025 0.029 0.012 0.055 0.075
189 Q 0.057 0.057 0.035 0.037 0.012 0.156 0.076 0.036 0.023 0.061 0.085 0.07 0.047 0.024 0.021 0.048 0.042 0.006 0.021 0.085
190 R 0.044 0.351 0.038 0.031 0.008 0.048 0.052 0.033 0.023 0.023 0.046 0.119 0.015 0.017 0.019 0.044 0.035 0.006 0.017 0.031
191 L 0.056 0.027 0.018 0.018 0.017 0.022 0.025 0.026 0.012 0.123 0.204 0.031 0.103 0.045 0.016 0.033 0.042 0.007 0.022 0.154
192 D 0.041 0.035 0.153 0.296 0.008 0.031 0.077 0.052 0.023 0.022 0.029 0.047 0.01 0.016 0.021 0.057 0.04 0.004 0.013 0.025
193 A 0.185 0.033 0.034 0.033 0.02 0.026 0.04 0.06 0.014 0.048 0.062 0.045 0.018 0.022 0.028 0.088 0.152 0.006 0.017 0.069
194 G 0.078 0.023 0.039 0.033 0.011 0.019 0.025 0.515 0.013 0.019 0.028 0.033 0.009 0.016 0.019 0.051 0.029 0.005 0.011 0.024
195 G 0.138 0.027 0.029 0.027 0.014 0.022 0.031 0.206 0.025 0.035 0.052 0.036 0.015 0.056 0.021 0.055 0.036 0.013 0.118 0.046
196 L 0.044 0.024 0.014 0.015 0.016 0.016 0.02 0.021 0.01 0.114 0.382 0.025 0.049 0.054 0.014 0.024 0.033 0.007 0.022 0.095
197 F 0.04 0.019 0.016 0.017 0.013 0.012 0.019 0.023 0.013 0.143 0.176 0.021 0.033 0.22 0.012 0.025 0.031 0.011 0.054 0.101
198 G 0.078 0.023 0.039 0.033 0.011 0.019 0.025 0.515 0.013 0.019 0.028 0.033 0.009 0.016 0.019 0.051 0.029 0.005 0.011 0.024
199 I 0.047 0.018 0.015 0.018 0.016 0.013 0.018 0.02 0.009 0.278 0.166 0.023 0.036 0.044 0.015 0.025 0.039 0.006 0.02 0.175
200 A 0.159 0.033 0.036 0.035 0.019 0.027 0.041 0.059 0.015 0.06 0.066 0.044 0.019 0.024 0.027 0.125 0.094 0.005 0.018 0.094
201 L 0.044 0.024 0.014 0.015 0.016 0.016 0.02 0.021 0.01 0.114 0.382 0.025 0.049 0.054 0.014 0.024 0.033 0.007 0.022 0.095
202 V 0.068 0.02 0.016 0.017 0.176 0.015 0.021 0.027 0.008 0.123 0.107 0.024 0.026 0.03 0.016 0.035 0.045 0.005 0.018 0.203
203 L 0.049 0.021 0.015 0.016 0.017 0.015 0.02 0.021 0.009 0.177 0.268 0.025 0.042 0.048 0.015 0.026 0.038 0.006 0.021 0.152
204 F 0.072 0.031 0.038 0.034 0.015 0.024 0.037 0.045 0.016 0.048 0.073 0.039 0.02 0.146 0.022 0.115 0.12 0.009 0.041 0.055
205 L 0.062 0.028 0.028 0.027 0.015 0.02 0.03 0.037 0.015 0.069 0.179 0.032 0.03 0.156 0.018 0.092 0.046 0.01 0.042 0.064
206 C 0.058 0.022 0.018 0.017 0.172 0.017 0.022 0.027 0.021 0.083 0.087 0.026 0.022 0.062 0.016 0.035 0.038 0.012 0.119 0.126
207 K 0.051 0.069 0.035 0.035 0.009 0.099 0.067 0.036 0.032 0.032 0.052 0.135 0.018 0.053 0.022 0.046 0.036 0.013 0.121 0.038
208 G 0.146 0.023 0.027 0.026 0.174 0.019 0.027 0.208 0.012 0.035 0.05 0.033 0.014 0.019 0.021 0.058 0.038 0.005 0.013 0.05
209 F 0.04 0.023 0.016 0.017 0.013 0.015 0.021 0.024 0.014 0.086 0.216 0.024 0.057 0.222 0.013 0.027 0.03 0.012 0.055 0.074
210 V 0.065 0.035 0.033 0.048 0.015 0.036 0.122 0.034 0.016 0.079 0.077 0.049 0.021 0.025 0.023 0.06 0.113 0.006 0.018 0.126
211 R 0.052 0.177 0.041 0.039 0.008 0.108 0.075 0.039 0.024 0.026 0.045 0.165 0.017 0.016 0.023 0.051 0.038 0.006 0.018 0.033
212 R 0.044 0.196 0.179 0.057 0.008 0.041 0.051 0.049 0.027 0.023 0.039 0.087 0.013 0.018 0.02 0.057 0.042 0.005 0.017 0.029
213 G 0.059 0.058 0.134 0.052 0.009 0.035 0.048 0.207 0.022 0.023 0.034 0.124 0.012 0.016 0.022 0.058 0.039 0.005 0.014 0.028
214 K 0.056 0.095 0.042 0.043 0.009 0.109 0.081 0.042 0.023 0.027 0.044 0.22 0.017 0.015 0.026 0.054 0.04 0.005 0.018 0.033
215 L 0.039 0.024 0.014 0.015 0.013 0.016 0.021 0.024 0.012 0.086 0.272 0.024 0.038 0.056 0.012 0.024 0.03 0.17 0.037 0.073
216 L 0.043 0.021 0.015 0.016 0.015 0.014 0.019 0.022 0.011 0.16 0.265 0.023 0.041 0.107 0.014 0.024 0.034 0.008 0.032 0.115
217 Y 0.04 0.028 0.022 0.019 0.009 0.022 0.028 0.025 0.046 0.043 0.068 0.031 0.019 0.13 0.015 0.031 0.028 0.028 0.325 0.046
218 W 0.04 0.049 0.024 0.024 0.009 0.026 0.037 0.033 0.017 0.04 0.069 0.109 0.019 0.156 0.015 0.034 0.029 0.173 0.058 0.039
219 I 0.067 0.026 0.027 0.027 0.016 0.02 0.029 0.036 0.012 0.168 0.161 0.034 0.032 0.038 0.019 0.092 0.052 0.006 0.02 0.117
220 I 0.135 0.025 0.019 0.022 0.018 0.02 0.028 0.041 0.012 0.151 0.129 0.033 0.051 0.036 0.02 0.048 0.044 0.006 0.02 0.142
221 V 0.061 0.022 0.016 0.017 0.018 0.016 0.022 0.023 0.009 0.147 0.213 0.026 0.037 0.042 0.016 0.03 0.044 0.006 0.021 0.216
222 A 0.214 0.026 0.022 0.025 0.02 0.021 0.033 0.058 0.013 0.121 0.095 0.037 0.024 0.029 0.024 0.064 0.046 0.006 0.018 0.104
223 F 0.033 0.019 0.017 0.017 0.01 0.01 0.019 0.025 0.017 0.063 0.113 0.019 0.025 0.393 0.01 0.025 0.025 0.017 0.088 0.054
224 C 0.052 0.018 0.015 0.017 0.174 0.013 0.017 0.024 0.009 0.173 0.168 0.023 0.032 0.038 0.015 0.03 0.037 0.005 0.018 0.122
225 I 0.044 0.021 0.017 0.018 0.014 0.016 0.021 0.022 0.021 0.2 0.133 0.026 0.03 0.072 0.015 0.027 0.036 0.013 0.122 0.132
226 F 0.038 0.021 0.016 0.016 0.011 0.013 0.021 0.027 0.015 0.069 0.096 0.021 0.023 0.222 0.01 0.025 0.028 0.175 0.07 0.083
227 F 0.036 0.022 0.018 0.017 0.01 0.014 0.022 0.025 0.027 0.056 0.098 0.023 0.023 0.305 0.012 0.027 0.026 0.02 0.167 0.052
228 L 0.052 0.023 0.015 0.016 0.017 0.016 0.021 0.022 0.009 0.13 0.297 0.025 0.043 0.048 0.015 0.027 0.038 0.007 0.022 0.156
229 A 0.136 0.027 0.02 0.022 0.018 0.023 0.029 0.043 0.013 0.121 0.134 0.035 0.073 0.036 0.02 0.05 0.044 0.006 0.021 0.128
230 F 0.036 0.027 0.119 0.039 0.01 0.018 0.029 0.038 0.022 0.049 0.086 0.03 0.02 0.268 0.014 0.04 0.033 0.013 0.064 0.045
231 V 0.062 0.02 0.016 0.018 0.018 0.015 0.021 0.023 0.008 0.201 0.141 0.025 0.033 0.038 0.016 0.03 0.046 0.006 0.02 0.242
232 T 0.072 0.035 0.043 0.037 0.018 0.027 0.039 0.043 0.014 0.053 0.064 0.045 0.02 0.023 0.027 0.092 0.254 0.006 0.018 0.07
233 R 0.056 0.149 0.033 0.032 0.012 0.096 0.059 0.033 0.02 0.071 0.074 0.078 0.022 0.022 0.02 0.044 0.041 0.006 0.019 0.114
234 F 0.047 0.021 0.017 0.017 0.013 0.014 0.022 0.025 0.019 0.093 0.111 0.023 0.026 0.23 0.013 0.029 0.033 0.015 0.105 0.127
235 R 0.044 0.351 0.038 0.031 0.008 0.048 0.052 0.033 0.023 0.023 0.046 0.119 0.015 0.017 0.019 0.044 0.035 0.006 0.017 0.031
236 F 0.033 0.019 0.017 0.017 0.01 0.01 0.019 0.025 0.017 0.063 0.113 0.019 0.025 0.393 0.01 0.025 0.025 0.017 0.088 0.054
237 Q 0.055 0.073 0.044 0.047 0.009 0.222 0.102 0.041 0.029 0.026 0.047 0.09 0.02 0.015 0.023 0.055 0.041 0.006 0.02 0.035
238 F 0.038 0.018 0.016 0.017 0.012 0.011 0.018 0.024 0.014 0.135 0.131 0.02 0.029 0.277 0.012 0.025 0.03 0.013 0.065 0.095
239 L 0.047 0.024 0.016 0.017 0.016 0.019 0.022 0.023 0.012 0.164 0.248 0.028 0.085 0.049 0.015 0.028 0.037 0.007 0.022 0.121
240 L 0.062 0.027 0.024 0.023 0.018 0.02 0.027 0.03 0.011 0.11 0.192 0.032 0.033 0.038 0.019 0.049 0.112 0.006 0.02 0.147
241 A 0.228 0.033 0.033 0.034 0.02 0.027 0.042 0.07 0.015 0.042 0.057 0.046 0.017 0.022 0.029 0.109 0.089 0.005 0.017 0.064
242 I 0.047 0.018 0.015 0.018 0.016 0.013 0.018 0.02 0.009 0.278 0.166 0.023 0.036 0.044 0.015 0.025 0.039 0.006 0.02 0.175
243 G 0.06 0.021 0.024 0.023 0.013 0.015 0.022 0.188 0.013 0.081 0.09 0.026 0.022 0.148 0.015 0.036 0.034 0.009 0.04 0.118
244 V 0.062 0.026 0.025 0.024 0.018 0.019 0.027 0.029 0.01 0.137 0.156 0.032 0.031 0.036 0.019 0.05 0.113 0.006 0.02 0.161
245 C 0.057 0.023 0.025 0.023 0.172 0.017 0.025 0.033 0.013 0.053 0.081 0.028 0.02 0.146 0.018 0.052 0.105 0.009 0.039 0.06
246 F 0.089 0.026 0.019 0.02 0.016 0.02 0.026 0.035 0.015 0.088 0.134 0.03 0.073 0.156 0.016 0.04 0.038 0.01 0.044 0.106
247 V 0.06 0.024 0.018 0.018 0.016 0.018 0.025 0.025 0.021 0.123 0.109 0.028 0.027 0.067 0.016 0.032 0.042 0.013 0.122 0.2
248 V 0.062 0.02 0.019 0.02 0.095 0.015 0.02 0.106 0.009 0.158 0.114 0.025 0.027 0.032 0.016 0.034 0.04 0.005 0.017 0.164
249 Y 0.04 0.028 0.022 0.019 0.009 0.022 0.028 0.025 0.046 0.043 0.068 0.031 0.019 0.13 0.015 0.031 0.028 0.028 0.325 0.046
250 Y 0.041 0.027 0.019 0.017 0.011 0.02 0.025 0.023 0.034 0.067 0.172 0.029 0.029 0.104 0.015 0.029 0.03 0.021 0.224 0.063
251 F 0.065 0.027 0.03 0.027 0.092 0.02 0.031 0.04 0.021 0.045 0.074 0.033 0.019 0.163 0.019 0.096 0.046 0.013 0.091 0.049
252 L 0.096 0.035 0.126 0.045 0.015 0.026 0.038 0.052 0.019 0.058 0.154 0.042 0.026 0.031 0.021 0.083 0.049 0.006 0.018 0.059
253 N 0.063 0.052 0.139 0.057 0.012 0.095 0.065 0.053 0.026 0.03 0.044 0.064 0.016 0.018 0.024 0.095 0.086 0.005 0.018 0.039
254 G 0.055 0.026 0.083 0.098 0.012 0.021 0.038 0.197 0.016 0.106 0.075 0.035 0.019 0.025 0.018 0.045 0.037 0.005 0.015 0.075
255 F 0.066 0.055 0.037 0.035 0.012 0.032 0.047 0.045 0.019 0.04 0.066 0.119 0.019 0.143 0.022 0.102 0.049 0.009 0.041 0.043
256 F 0.055 0.037 0.082 0.057 0.01 0.036 0.124 0.042 0.022 0.037 0.062 0.049 0.017 0.143 0.02 0.076 0.042 0.009 0.04 0.04
257 K 0.05 0.12 0.032 0.031 0.011 0.04 0.05 0.034 0.017 0.056 0.156 0.171 0.027 0.029 0.022 0.042 0.036 0.006 0.019 0.053
258 K 0.063 0.078 0.04 0.039 0.009 0.042 0.055 0.2 0.018 0.024 0.038 0.201 0.013 0.016 0.024 0.052 0.036 0.005 0.015 0.03
259 K 0.078 0.056 0.037 0.036 0.015 0.034 0.048 0.044 0.016 0.073 0.071 0.122 0.021 0.024 0.024 0.104 0.056 0.005 0.018 0.117
260 F 0.034 0.019 0.017 0.017 0.011 0.011 0.019 0.025 0.017 0.064 0.114 0.019 0.025 0.385 0.011 0.025 0.025 0.017 0.089 0.055
261 P 0.099 0.033 0.08 0.041 0.014 0.026 0.04 0.05 0.016 0.037 0.048 0.045 0.015 0.019 0.184 0.071 0.113 0.004 0.016 0.049
262 L 0.049 0.132 0.023 0.021 0.014 0.026 0.031 0.025 0.014 0.119 0.192 0.056 0.033 0.037 0.016 0.032 0.037 0.006 0.02 0.117
263 R 0.05 0.229 0.04 0.036 0.008 0.05 0.061 0.038 0.022 0.025 0.044 0.202 0.015 0.016 0.023 0.049 0.037 0.005 0.017 0.032
264 L 0.133 0.054 0.027 0.029 0.015 0.031 0.043 0.047 0.015 0.061 0.161 0.118 0.027 0.03 0.024 0.054 0.041 0.006 0.019 0.065
265 L 0.047 0.024 0.016 0.017 0.016 0.019 0.022 0.023 0.012 0.164 0.248 0.028 0.085 0.049 0.015 0.028 0.037 0.007 0.022 0.121
266 L 0.087 0.024 0.016 0.018 0.017 0.017 0.023 0.03 0.011 0.13 0.292 0.028 0.042 0.047 0.017 0.034 0.037 0.007 0.021 0.104
267 I 0.047 0.018 0.015 0.018 0.016 0.013 0.018 0.02 0.009 0.278 0.166 0.023 0.036 0.044 0.015 0.025 0.039 0.006 0.02 0.175
268 F 0.061 0.029 0.031 0.028 0.012 0.022 0.033 0.038 0.027 0.045 0.074 0.034 0.02 0.181 0.018 0.095 0.045 0.017 0.143 0.047
269 L 0.039 0.021 0.015 0.016 0.013 0.013 0.019 0.023 0.013 0.089 0.247 0.022 0.037 0.224 0.012 0.025 0.029 0.012 0.055 0.075
270 G 0.182 0.026 0.028 0.029 0.017 0.021 0.031 0.214 0.013 0.074 0.066 0.037 0.018 0.023 0.023 0.063 0.041 0.005 0.016 0.071
271 I 0.054 0.019 0.015 0.018 0.017 0.014 0.019 0.022 0.009 0.24 0.154 0.024 0.035 0.041 0.015 0.027 0.043 0.006 0.02 0.209
272 V 0.05 0.019 0.016 0.017 0.015 0.013 0.02 0.023 0.011 0.168 0.136 0.023 0.031 0.157 0.014 0.027 0.038 0.009 0.043 0.169
273 I 0.084 0.02 0.017 0.019 0.015 0.014 0.022 0.032 0.012 0.167 0.131 0.025 0.029 0.156 0.016 0.035 0.036 0.009 0.042 0.117
274 L 0.125 0.025 0.019 0.02 0.016 0.017 0.026 0.041 0.014 0.073 0.185 0.029 0.031 0.156 0.018 0.044 0.036 0.01 0.042 0.073
275 L 0.051 0.022 0.015 0.016 0.017 0.015 0.02 0.022 0.009 0.167 0.264 0.025 0.042 0.047 0.015 0.026 0.039 0.006 0.021 0.16
276 L 0.053 0.028 0.024 0.022 0.017 0.02 0.026 0.028 0.011 0.094 0.276 0.032 0.039 0.044 0.018 0.047 0.107 0.007 0.021 0.087
277 F 0.071 0.029 0.035 0.033 0.014 0.022 0.035 0.045 0.018 0.046 0.077 0.036 0.02 0.207 0.02 0.126 0.053 0.011 0.053 0.048
278 G 0.059 0.051 0.031 0.03 0.012 0.029 0.038 0.193 0.015 0.053 0.151 0.115 0.025 0.029 0.02 0.043 0.034 0.006 0.017 0.051
279 G 0.07 0.024 0.033 0.032 0.011 0.019 0.029 0.355 0.013 0.021 0.031 0.036 0.01 0.015 0.179 0.048 0.032 0.004 0.011 0.026
280 L 0.044 0.039 0.025 0.026 0.012 0.083 0.047 0.029 0.019 0.068 0.18 0.045 0.032 0.154 0.016 0.035 0.033 0.01 0.043 0.062
281 W 0.03 0.023 0.015 0.015 0.008 0.015 0.023 0.03 0.015 0.03 0.053 0.023 0.015 0.061 0.008 0.023 0.023 0.492 0.068 0.03
282 I 0.047 0.018 0.015 0.018 0.016 0.013 0.018 0.021 0.009 0.271 0.168 0.024 0.037 0.044 0.015 0.025 0.04 0.006 0.021 0.177
283 L 0.044 0.024 0.032 0.145 0.013 0.02 0.043 0.029 0.012 0.138 0.192 0.031 0.032 0.038 0.017 0.033 0.036 0.006 0.018 0.098
284 N 0.064 0.037 0.133 0.05 0.012 0.029 0.043 0.052 0.032 0.032 0.047 0.046 0.015 0.056 0.022 0.109 0.053 0.012 0.119 0.038
285 L 0.041 0.021 0.015 0.016 0.014 0.014 0.019 0.022 0.012 0.124 0.256 0.023 0.039 0.165 0.013 0.025 0.031 0.01 0.044 0.095
286 L 0.045 0.022 0.014 0.016 0.016 0.015 0.019 0.021 0.01 0.169 0.31 0.024 0.045 0.051 0.014 0.024 0.035 0.007 0.022 0.122
287 E 0.052 0.037 0.081 0.055 0.009 0.037 0.123 0.116 0.031 0.029 0.045 0.05 0.014 0.054 0.02 0.048 0.034 0.013 0.118 0.034
288 L 0.052 0.029 0.026 0.024 0.014 0.022 0.029 0.03 0.023 0.07 0.171 0.034 0.029 0.069 0.019 0.049 0.105 0.014 0.121 0.071
289 F 0.121 0.023 0.02 0.021 0.014 0.015 0.026 0.043 0.016 0.056 0.095 0.027 0.023 0.269 0.017 0.045 0.033 0.013 0.064 0.059
290 S 0.087 0.034 0.04 0.037 0.017 0.027 0.041 0.051 0.016 0.058 0.155 0.044 0.027 0.032 0.024 0.16 0.065 0.006 0.019 0.059
291 L 0.049 0.022 0.016 0.016 0.015 0.014 0.021 0.024 0.012 0.113 0.208 0.023 0.035 0.161 0.014 0.027 0.036 0.01 0.043 0.142
292 N 0.064 0.043 0.234 0.071 0.012 0.033 0.05 0.065 0.027 0.025 0.035 0.053 0.013 0.019 0.023 0.122 0.06 0.005 0.016 0.032
293 N 0.054 0.037 0.229 0.066 0.01 0.028 0.041 0.215 0.025 0.021 0.03 0.047 0.01 0.017 0.02 0.063 0.042 0.005 0.014 0.026
294 R 0.109 0.141 0.038 0.035 0.015 0.036 0.046 0.05 0.019 0.041 0.071 0.071 0.041 0.024 0.024 0.111 0.053 0.006 0.018 0.051
295 Y 0.053 0.034 0.04 0.101 0.011 0.032 0.088 0.036 0.027 0.039 0.055 0.045 0.016 0.056 0.022 0.059 0.106 0.013 0.119 0.048
296 L 0.045 0.024 0.014 0.015 0.016 0.016 0.02 0.021 0.01 0.116 0.374 0.025 0.05 0.055 0.014 0.024 0.033 0.007 0.022 0.096
297 G 0.071 0.036 0.032 0.029 0.013 0.024 0.032 0.273 0.013 0.068 0.064 0.073 0.018 0.022 0.019 0.045 0.038 0.005 0.015 0.109
298 G 0.139 0.033 0.129 0.048 0.014 0.026 0.038 0.219 0.02 0.028 0.039 0.044 0.013 0.018 0.023 0.068 0.043 0.005 0.015 0.04
299 S 0.109 0.04 0.054 0.048 0.017 0.033 0.052 0.066 0.019 0.029 0.041 0.054 0.016 0.021 0.029 0.228 0.081 0.005 0.017 0.041
300 T 0.072 0.035 0.043 0.037 0.018 0.027 0.039 0.043 0.014 0.053 0.064 0.045 0.02 0.023 0.027 0.092 0.254 0.006 0.018 0.07
301 A 0.194 0.037 0.037 0.046 0.018 0.034 0.088 0.066 0.018 0.035 0.049 0.052 0.016 0.02 0.029 0.127 0.058 0.005 0.017 0.053
302 V 0.145 0.025 0.019 0.022 0.02 0.019 0.029 0.042 0.01 0.123 0.106 0.032 0.027 0.031 0.021 0.05 0.049 0.005 0.019 0.207
303 R 0.044 0.351 0.038 0.031 0.008 0.048 0.052 0.033 0.023 0.023 0.046 0.119 0.015 0.017 0.019 0.044 0.035 0.006 0.017 0.031
304 L 0.044 0.024 0.014 0.015 0.016 0.016 0.02 0.021 0.01 0.114 0.382 0.025 0.049 0.054 0.014 0.024 0.033 0.007 0.022 0.095
305 L 0.048 0.032 0.023 0.04 0.013 0.032 0.114 0.026 0.015 0.083 0.267 0.042 0.037 0.042 0.018 0.034 0.034 0.007 0.02 0.074
306 G 0.071 0.025 0.033 0.029 0.172 0.019 0.027 0.197 0.012 0.039 0.052 0.033 0.015 0.02 0.021 0.061 0.107 0.005 0.013 0.05
307 I 0.042 0.018 0.015 0.017 0.014 0.012 0.018 0.022 0.011 0.206 0.149 0.022 0.033 0.16 0.013 0.025 0.035 0.009 0.043 0.135
308 N 0.049 0.063 0.14 0.123 0.008 0.044 0.105 0.049 0.025 0.024 0.035 0.133 0.012 0.016 0.024 0.058 0.041 0.005 0.015 0.029
309 H 0.042 0.045 0.053 0.038 0.008 0.038 0.053 0.038 0.361 0.023 0.038 0.045 0.015 0.03 0.019 0.042 0.026 0.008 0.057 0.023
310 Y 0.04 0.028 0.022 0.019 0.009 0.022 0.028 0.025 0.046 0.043 0.068 0.031 0.019 0.13 0.015 0.031 0.028 0.028 0.325 0.046
311 W 0.056 0.028 0.028 0.026 0.011 0.021 0.032 0.042 0.016 0.03 0.049 0.033 0.015 0.047 0.015 0.091 0.042 0.333 0.051 0.034
312 N 0.069 0.063 0.139 0.057 0.012 0.04 0.057 0.058 0.024 0.026 0.038 0.131 0.014 0.018 0.026 0.117 0.056 0.005 0.017 0.034
313 L 0.044 0.024 0.014 0.015 0.016 0.016 0.02 0.021 0.01 0.114 0.382 0.025 0.049 0.054 0.014 0.024 0.033 0.007 0.022 0.095
314 F 0.044 0.023 0.017 0.018 0.014 0.017 0.021 0.024 0.014 0.147 0.158 0.026 0.077 0.161 0.014 0.029 0.035 0.01 0.044 0.107
315 L 0.049 0.049 0.023 0.025 0.014 0.027 0.036 0.028 0.013 0.14 0.197 0.111 0.034 0.038 0.019 0.034 0.037 0.006 0.02 0.101
316 N 0.067 0.095 0.139 0.064 0.011 0.041 0.093 0.055 0.025 0.025 0.038 0.068 0.014 0.018 0.024 0.115 0.055 0.005 0.017 0.033
317 K 0.056 0.106 0.041 0.041 0.009 0.053 0.07 0.043 0.02 0.027 0.043 0.285 0.015 0.015 0.027 0.053 0.039 0.005 0.017 0.032
318 N 0.042 0.042 0.191 0.121 0.008 0.034 0.057 0.053 0.139 0.022 0.033 0.049 0.012 0.021 0.02 0.057 0.039 0.005 0.029 0.025
319 P 0.154 0.032 0.034 0.036 0.016 0.026 0.043 0.06 0.015 0.033 0.045 0.046 0.014 0.018 0.186 0.118 0.055 0.004 0.016 0.047
