#Seq2Logo.py -f /work3/idamei/ssn-clusterings/clustering/2205181126/clusters/0006_252/sequences.afa -o /work3/idamei/ssn-clusterings/clustering/2205181126/clusters/0006_252/sequences.logo
#Position Specific Frequency Matrix
A R N D C Q E G H I L K M F P S T W Y V
0 L 0.051 0.031 0.02 0.02 0.016 0.028 0.028 0.028 0.016 0.098 0.193 0.035 0.177 0.047 0.016 0.035 0.039 0.008 0.024 0.091
1 L 0.054 0.026 0.025 0.024 0.013 0.019 0.028 0.035 0.015 0.059 0.148 0.03 0.026 0.133 0.015 0.076 0.04 0.132 0.048 0.055
2 P 0.05 0.021 0.018 0.023 0.014 0.016 0.025 0.026 0.01 0.181 0.113 0.03 0.026 0.031 0.21 0.032 0.038 0.004 0.017 0.116
3 Y 0.04 0.027 0.021 0.018 0.009 0.021 0.027 0.024 0.046 0.043 0.067 0.031 0.018 0.128 0.015 0.031 0.027 0.027 0.331 0.046
4 L 0.045 0.021 0.014 0.016 0.016 0.015 0.019 0.021 0.009 0.182 0.298 0.024 0.044 0.05 0.014 0.024 0.035 0.006 0.021 0.126
5 I 0.052 0.018 0.019 0.02 0.015 0.014 0.019 0.12 0.01 0.232 0.137 0.025 0.031 0.038 0.015 0.03 0.037 0.006 0.018 0.143
6 C 0.068 0.025 0.027 0.025 0.208 0.019 0.026 0.035 0.01 0.071 0.077 0.031 0.02 0.024 0.02 0.059 0.129 0.005 0.016 0.107
7 F 0.033 0.019 0.017 0.017 0.01 0.01 0.019 0.025 0.017 0.062 0.112 0.019 0.025 0.399 0.01 0.025 0.025 0.017 0.087 0.054
8 L 0.094 0.023 0.017 0.019 0.016 0.016 0.023 0.033 0.012 0.123 0.222 0.027 0.035 0.114 0.016 0.036 0.036 0.008 0.034 0.097
9 L 0.119 0.03 0.03 0.029 0.018 0.023 0.034 0.046 0.013 0.08 0.136 0.038 0.026 0.031 0.023 0.093 0.094 0.006 0.019 0.111
10 S 0.108 0.039 0.053 0.048 0.017 0.033 0.051 0.065 0.019 0.029 0.041 0.053 0.015 0.02 0.029 0.235 0.08 0.005 0.017 0.041
11 C 0.074 0.024 0.029 0.027 0.303 0.019 0.028 0.041 0.011 0.043 0.059 0.031 0.017 0.021 0.021 0.089 0.09 0.005 0.014 0.056
12 L 0.061 0.026 0.022 0.022 0.017 0.019 0.027 0.03 0.011 0.106 0.266 0.031 0.038 0.043 0.017 0.068 0.045 0.006 0.021 0.121
13 F 0.037 0.021 0.016 0.016 0.013 0.013 0.019 0.023 0.014 0.083 0.222 0.021 0.034 0.261 0.012 0.024 0.028 0.013 0.061 0.07
14 L 0.042 0.021 0.015 0.016 0.015 0.014 0.019 0.022 0.011 0.137 0.288 0.023 0.041 0.121 0.013 0.024 0.032 0.009 0.035 0.102
15 G 0.102 0.041 0.028 0.028 0.012 0.026 0.036 0.138 0.022 0.039 0.061 0.084 0.017 0.116 0.02 0.048 0.034 0.012 0.093 0.045
16 L 0.04 0.02 0.015 0.016 0.014 0.013 0.019 0.022 0.012 0.127 0.233 0.022 0.037 0.19 0.013 0.024 0.031 0.011 0.048 0.094
17 S 0.147 0.038 0.047 0.044 0.018 0.031 0.049 0.067 0.018 0.032 0.045 0.051 0.016 0.021 0.029 0.205 0.074 0.005 0.017 0.046
18 E 0.051 0.045 0.045 0.153 0.007 0.056 0.266 0.037 0.024 0.022 0.034 0.068 0.012 0.016 0.025 0.054 0.036 0.005 0.015 0.029
19 K 0.051 0.139 0.035 0.033 0.01 0.044 0.056 0.036 0.019 0.043 0.112 0.204 0.022 0.023 0.023 0.045 0.037 0.006 0.018 0.044
20 S 0.08 0.03 0.036 0.033 0.017 0.024 0.036 0.043 0.014 0.111 0.088 0.04 0.023 0.029 0.023 0.124 0.102 0.005 0.018 0.122
21 K 0.053 0.156 0.04 0.039 0.008 0.051 0.066 0.04 0.021 0.026 0.043 0.257 0.015 0.016 0.025 0.051 0.038 0.005 0.017 0.032
22 K 0.079 0.062 0.041 0.039 0.014 0.037 0.053 0.048 0.017 0.055 0.059 0.143 0.018 0.021 0.026 0.122 0.057 0.005 0.018 0.086
23 K 0.048 0.131 0.156 0.055 0.008 0.044 0.057 0.049 0.025 0.024 0.038 0.162 0.014 0.017 0.023 0.057 0.042 0.005 0.016 0.03
24 Q 0.05 0.059 0.033 0.034 0.01 0.109 0.063 0.034 0.026 0.081 0.073 0.105 0.022 0.043 0.021 0.043 0.037 0.01 0.082 0.064
25 N 0.054 0.032 0.127 0.046 0.014 0.025 0.035 0.043 0.018 0.117 0.088 0.041 0.022 0.028 0.021 0.062 0.114 0.005 0.018 0.091
26 R 0.058 0.177 0.038 0.034 0.01 0.04 0.05 0.039 0.026 0.029 0.048 0.122 0.016 0.04 0.022 0.081 0.043 0.01 0.08 0.036
27 K 0.054 0.063 0.094 0.043 0.012 0.036 0.049 0.042 0.019 0.048 0.113 0.141 0.022 0.025 0.023 0.058 0.084 0.005 0.018 0.051
28 L 0.042 0.021 0.016 0.017 0.013 0.015 0.02 0.022 0.018 0.158 0.179 0.024 0.033 0.133 0.014 0.026 0.033 0.013 0.096 0.108
29 L 0.043 0.02 0.015 0.016 0.015 0.014 0.019 0.021 0.011 0.172 0.243 0.023 0.039 0.119 0.013 0.024 0.034 0.008 0.034 0.118
30 V 0.065 0.023 0.021 0.021 0.018 0.018 0.025 0.027 0.009 0.164 0.122 0.029 0.03 0.034 0.018 0.042 0.089 0.006 0.02 0.219
31 I 0.056 0.022 0.023 0.023 0.015 0.016 0.024 0.03 0.012 0.189 0.129 0.028 0.03 0.11 0.017 0.067 0.044 0.008 0.033 0.123
32 L 0.045 0.02 0.014 0.016 0.016 0.014 0.018 0.02 0.009 0.216 0.254 0.024 0.041 0.047 0.014 0.024 0.037 0.006 0.021 0.142
33 A 0.259 0.029 0.028 0.03 0.019 0.024 0.037 0.165 0.014 0.038 0.052 0.042 0.016 0.02 0.027 0.077 0.045 0.005 0.016 0.059
34 L 0.045 0.021 0.014 0.016 0.016 0.015 0.019 0.021 0.009 0.182 0.298 0.024 0.044 0.05 0.014 0.024 0.035 0.006 0.021 0.126
35 I 0.097 0.021 0.016 0.019 0.017 0.016 0.022 0.032 0.01 0.202 0.188 0.028 0.035 0.041 0.017 0.036 0.04 0.006 0.02 0.136
36 L 0.045 0.021 0.014 0.016 0.016 0.015 0.019 0.021 0.009 0.182 0.298 0.024 0.044 0.05 0.014 0.024 0.035 0.006 0.021 0.126
37 P 0.056 0.025 0.023 0.03 0.01 0.02 0.035 0.035 0.013 0.025 0.035 0.04 0.01 0.013 0.503 0.043 0.035 0.003 0.013 0.03
38 C 0.121 0.024 0.025 0.025 0.304 0.019 0.028 0.047 0.011 0.041 0.058 0.031 0.016 0.02 0.021 0.088 0.047 0.004 0.014 0.055
39 L 0.051 0.022 0.016 0.017 0.016 0.017 0.021 0.023 0.01 0.189 0.208 0.026 0.066 0.045 0.015 0.028 0.04 0.006 0.021 0.163
40 L 0.044 0.024 0.014 0.015 0.016 0.016 0.02 0.021 0.01 0.113 0.388 0.025 0.049 0.054 0.014 0.024 0.033 0.007 0.022 0.094
41 A 0.304 0.03 0.025 0.029 0.021 0.025 0.04 0.077 0.015 0.042 0.058 0.044 0.017 0.021 0.029 0.083 0.049 0.005 0.017 0.067
42 G 0.122 0.024 0.036 0.032 0.013 0.02 0.028 0.431 0.013 0.023 0.034 0.035 0.011 0.017 0.021 0.057 0.033 0.005 0.012 0.033
43 L 0.042 0.025 0.017 0.017 0.014 0.018 0.022 0.025 0.015 0.087 0.2 0.027 0.091 0.189 0.013 0.029 0.032 0.011 0.049 0.077
44 R 0.044 0.358 0.038 0.03 0.008 0.047 0.051 0.032 0.023 0.023 0.046 0.118 0.015 0.017 0.019 0.044 0.034 0.006 0.017 0.03
45 A 0.265 0.032 0.031 0.033 0.02 0.027 0.042 0.074 0.015 0.04 0.055 0.046 0.017 0.021 0.029 0.114 0.055 0.005 0.017 0.062
46 D 0.041 0.032 0.12 0.344 0.008 0.03 0.081 0.049 0.021 0.022 0.028 0.046 0.009 0.015 0.022 0.055 0.037 0.004 0.012 0.024
47 T 0.054 0.036 0.096 0.041 0.013 0.028 0.04 0.041 0.087 0.052 0.117 0.042 0.023 0.03 0.021 0.063 0.126 0.006 0.026 0.056
48 I 0.046 0.017 0.014 0.017 0.016 0.013 0.017 0.02 0.009 0.285 0.165 0.023 0.036 0.043 0.014 0.025 0.039 0.006 0.02 0.173
49 G 0.077 0.022 0.038 0.033 0.011 0.019 0.025 0.52 0.013 0.019 0.028 0.033 0.009 0.016 0.019 0.05 0.029 0.005 0.011 0.024
50 T 0.072 0.035 0.043 0.037 0.017 0.027 0.039 0.043 0.014 0.052 0.064 0.045 0.019 0.023 0.027 0.091 0.261 0.006 0.017 0.07
51 D 0.04 0.029 0.068 0.409 0.007 0.029 0.09 0.046 0.018 0.022 0.027 0.044 0.009 0.015 0.022 0.051 0.035 0.004 0.011 0.024
52 V 0.069 0.024 0.021 0.021 0.019 0.018 0.026 0.028 0.009 0.14 0.115 0.029 0.029 0.033 0.018 0.044 0.091 0.005 0.02 0.241
53 G 0.059 0.064 0.041 0.051 0.009 0.119 0.121 0.135 0.023 0.024 0.04 0.116 0.015 0.015 0.023 0.053 0.037 0.005 0.017 0.031
54 V 0.069 0.021 0.016 0.017 0.019 0.016 0.023 0.024 0.008 0.161 0.128 0.026 0.031 0.035 0.016 0.032 0.048 0.005 0.02 0.283
55 Y 0.04 0.027 0.021 0.018 0.009 0.021 0.027 0.024 0.046 0.043 0.067 0.031 0.018 0.128 0.015 0.031 0.027 0.027 0.331 0.046
56 L 0.059 0.022 0.015 0.016 0.018 0.016 0.022 0.023 0.009 0.142 0.232 0.025 0.038 0.042 0.015 0.029 0.042 0.006 0.021 0.208
57 R 0.049 0.117 0.094 0.052 0.01 0.045 0.101 0.04 0.023 0.038 0.07 0.114 0.046 0.023 0.021 0.051 0.039 0.006 0.018 0.042
58 P 0.056 0.025 0.023 0.03 0.01 0.02 0.035 0.035 0.013 0.025 0.035 0.04 0.01 0.013 0.503 0.043 0.035 0.003 0.013 0.03
59 L 0.051 0.026 0.021 0.021 0.016 0.02 0.025 0.026 0.012 0.132 0.239 0.031 0.066 0.044 0.017 0.04 0.081 0.007 0.021 0.104
60 F 0.04 0.02 0.017 0.017 0.012 0.014 0.02 0.023 0.019 0.148 0.124 0.023 0.028 0.203 0.013 0.026 0.031 0.014 0.109 0.1
61 N 0.044 0.042 0.22 0.148 0.008 0.038 0.109 0.054 0.027 0.022 0.031 0.055 0.011 0.017 0.021 0.062 0.043 0.004 0.015 0.027
62 A 0.252 0.028 0.023 0.027 0.02 0.023 0.035 0.065 0.013 0.091 0.08 0.04 0.021 0.026 0.026 0.072 0.047 0.005 0.018 0.089
63 A 0.304 0.03 0.025 0.029 0.021 0.025 0.04 0.077 0.015 0.042 0.058 0.044 0.017 0.021 0.029 0.083 0.049 0.005 0.017 0.067
64 L 0.058 0.05 0.031 0.031 0.109 0.067 0.049 0.036 0.016 0.052 0.121 0.094 0.024 0.025 0.021 0.052 0.082 0.006 0.018 0.057
65 E 0.076 0.05 0.046 0.064 0.011 0.084 0.165 0.048 0.023 0.026 0.04 0.069 0.015 0.018 0.026 0.127 0.055 0.005 0.017 0.036
66 S 0.101 0.038 0.051 0.046 0.017 0.031 0.049 0.061 0.018 0.034 0.046 0.051 0.016 0.021 0.029 0.206 0.117 0.005 0.017 0.047
67 N 0.061 0.041 0.162 0.057 0.012 0.033 0.048 0.055 0.092 0.03 0.041 0.05 0.014 0.022 0.023 0.101 0.093 0.005 0.024 0.037
68 S 0.108 0.039 0.053 0.048 0.017 0.033 0.051 0.065 0.019 0.029 0.041 0.053 0.015 0.02 0.029 0.235 0.08 0.005 0.017 0.041
69 F 0.035 0.02 0.016 0.016 0.011 0.011 0.019 0.024 0.015 0.072 0.167 0.02 0.03 0.33 0.011 0.025 0.026 0.015 0.074 0.062
70 L 0.066 0.03 0.041 0.107 0.014 0.024 0.046 0.044 0.016 0.051 0.122 0.039 0.023 0.102 0.021 0.114 0.051 0.007 0.031 0.051
71 E 0.062 0.048 0.049 0.136 0.01 0.084 0.172 0.044 0.023 0.024 0.037 0.067 0.014 0.016 0.025 0.09 0.046 0.005 0.016 0.032
72 Y 0.04 0.027 0.021 0.018 0.009 0.021 0.027 0.024 0.046 0.043 0.067 0.031 0.018 0.128 0.015 0.031 0.027 0.027 0.331 0.046
73 L 0.048 0.042 0.02 0.021 0.014 0.026 0.031 0.027 0.013 0.093 0.28 0.08 0.068 0.045 0.017 0.032 0.035 0.007 0.021 0.081
74 N 0.044 0.05 0.273 0.074 0.009 0.072 0.059 0.059 0.03 0.023 0.034 0.06 0.013 0.017 0.02 0.066 0.047 0.005 0.016 0.028
75 T 0.107 0.038 0.034 0.033 0.015 0.064 0.047 0.045 0.017 0.047 0.069 0.048 0.02 0.096 0.023 0.069 0.127 0.008 0.032 0.059
76 R 0.111 0.167 0.039 0.045 0.012 0.043 0.101 0.048 0.021 0.028 0.045 0.081 0.015 0.018 0.024 0.092 0.047 0.005 0.017 0.04
77 W 0.032 0.023 0.015 0.015 0.009 0.015 0.022 0.028 0.014 0.046 0.119 0.023 0.022 0.058 0.009 0.023 0.024 0.403 0.058 0.043
78 Y 0.054 0.029 0.026 0.024 0.012 0.023 0.03 0.033 0.029 0.055 0.096 0.034 0.051 0.145 0.017 0.071 0.04 0.017 0.158 0.055
79 G 0.065 0.108 0.034 0.03 0.014 0.027 0.035 0.154 0.014 0.064 0.067 0.056 0.019 0.023 0.02 0.055 0.092 0.006 0.016 0.101
80 I 0.064 0.031 0.031 0.043 0.014 0.031 0.098 0.035 0.015 0.154 0.102 0.044 0.025 0.031 0.021 0.084 0.049 0.006 0.019 0.105
81 W 0.03 0.022 0.015 0.015 0.007 0.015 0.022 0.03 0.015 0.03 0.052 0.022 0.015 0.06 0.007 0.022 0.022 0.5 0.067 0.03
82 R 0.051 0.275 0.039 0.032 0.01 0.043 0.048 0.035 0.021 0.03 0.05 0.1 0.016 0.019 0.021 0.056 0.09 0.006 0.017 0.04
83 Y 0.048 0.027 0.025 0.024 0.011 0.02 0.03 0.03 0.027 0.045 0.069 0.033 0.018 0.138 0.114 0.044 0.075 0.016 0.156 0.049
84 L 0.05 0.158 0.025 0.023 0.013 0.031 0.035 0.027 0.016 0.084 0.16 0.064 0.057 0.034 0.017 0.036 0.038 0.006 0.02 0.106
85 Y 0.054 0.029 0.026 0.024 0.012 0.023 0.031 0.032 0.033 0.054 0.126 0.034 0.024 0.092 0.018 0.07 0.039 0.019 0.207 0.055
86 V 0.069 0.021 0.016 0.017 0.019 0.016 0.023 0.024 0.008 0.161 0.128 0.026 0.031 0.035 0.016 0.032 0.048 0.005 0.02 0.283
87 S 0.084 0.053 0.106 0.053 0.014 0.037 0.054 0.06 0.022 0.027 0.039 0.101 0.014 0.019 0.027 0.165 0.066 0.005 0.017 0.036
88 E 0.062 0.054 0.048 0.135 0.009 0.048 0.166 0.044 0.022 0.024 0.037 0.107 0.013 0.017 0.026 0.089 0.045 0.005 0.016 0.032
89 F 0.043 0.019 0.016 0.017 0.013 0.012 0.019 0.024 0.013 0.127 0.126 0.021 0.028 0.255 0.012 0.026 0.032 0.012 0.06 0.124
90 E 0.054 0.049 0.04 0.088 0.007 0.063 0.31 0.034 0.025 0.022 0.036 0.074 0.013 0.016 0.025 0.054 0.036 0.005 0.016 0.031
91 I 0.045 0.087 0.019 0.019 0.014 0.02 0.025 0.023 0.012 0.198 0.185 0.042 0.034 0.04 0.015 0.028 0.037 0.006 0.02 0.129
92 G 0.077 0.022 0.038 0.033 0.011 0.019 0.025 0.52 0.013 0.019 0.028 0.033 0.009 0.016 0.019 0.05 0.029 0.005 0.011 0.024
93 F 0.033 0.019 0.017 0.017 0.01 0.01 0.019 0.025 0.017 0.062 0.112 0.019 0.025 0.399 0.01 0.025 0.025 0.017 0.087 0.054
94 T 0.073 0.038 0.102 0.048 0.016 0.029 0.043 0.051 0.018 0.042 0.053 0.048 0.017 0.022 0.026 0.115 0.183 0.005 0.017 0.055
95 L 0.055 0.028 0.025 0.024 0.017 0.02 0.027 0.03 0.011 0.089 0.258 0.033 0.037 0.041 0.019 0.051 0.124 0.006 0.02 0.084
96 L 0.047 0.022 0.015 0.016 0.015 0.015 0.02 0.022 0.011 0.113 0.281 0.024 0.04 0.119 0.014 0.026 0.034 0.009 0.035 0.124
97 V 0.069 0.021 0.016 0.017 0.019 0.016 0.023 0.024 0.008 0.161 0.128 0.026 0.031 0.035 0.016 0.032 0.048 0.005 0.02 0.283
98 Y 0.04 0.027 0.021 0.018 0.009 0.021 0.027 0.024 0.046 0.043 0.067 0.031 0.018 0.128 0.015 0.031 0.027 0.027 0.331 0.046
99 L 0.048 0.02 0.015 0.017 0.015 0.014 0.019 0.022 0.01 0.181 0.191 0.023 0.035 0.115 0.014 0.026 0.037 0.008 0.034 0.156
100 I 0.056 0.024 0.026 0.025 0.017 0.019 0.026 0.029 0.011 0.192 0.124 0.032 0.029 0.035 0.019 0.051 0.128 0.006 0.019 0.132
101 A 0.164 0.03 0.03 0.03 0.019 0.024 0.036 0.053 0.013 0.07 0.074 0.04 0.021 0.025 0.026 0.076 0.134 0.006 0.018 0.111
102 K 0.053 0.093 0.099 0.049 0.009 0.049 0.065 0.047 0.022 0.026 0.04 0.244 0.014 0.016 0.026 0.056 0.041 0.005 0.017 0.031
103 L 0.055 0.025 0.022 0.022 0.015 0.018 0.025 0.03 0.013 0.121 0.219 0.029 0.035 0.114 0.016 0.066 0.042 0.008 0.034 0.091
104 F 0.044 0.02 0.02 0.02 0.012 0.013 0.02 0.123 0.015 0.064 0.15 0.023 0.027 0.253 0.013 0.03 0.027 0.012 0.059 0.056
105 G 0.07 0.09 0.038 0.033 0.01 0.024 0.03 0.422 0.015 0.019 0.031 0.05 0.01 0.016 0.019 0.049 0.03 0.005 0.012 0.025
106 N 0.113 0.036 0.151 0.051 0.015 0.028 0.042 0.059 0.021 0.055 0.058 0.046 0.017 0.022 0.023 0.097 0.055 0.005 0.017 0.089
107 L 0.048 0.024 0.02 0.02 0.015 0.016 0.023 0.026 0.012 0.125 0.223 0.027 0.036 0.115 0.016 0.038 0.078 0.008 0.034 0.097
108 W 0.044 0.031 0.146 0.045 0.009 0.023 0.033 0.141 0.021 0.024 0.039 0.037 0.012 0.034 0.015 0.046 0.034 0.204 0.035 0.027
109 T 0.066 0.029 0.032 0.029 0.017 0.022 0.031 0.034 0.011 0.121 0.097 0.036 0.025 0.03 0.022 0.066 0.174 0.006 0.019 0.133
110 L 0.054 0.056 0.025 0.026 0.013 0.031 0.04 0.03 0.014 0.088 0.198 0.132 0.032 0.035 0.02 0.037 0.038 0.006 0.02 0.107
111 L 0.044 0.024 0.014 0.015 0.016 0.016 0.02 0.021 0.01 0.115 0.38 0.025 0.049 0.054 0.014 0.024 0.033 0.007 0.022 0.095
112 F 0.044 0.024 0.022 0.021 0.013 0.017 0.024 0.029 0.016 0.067 0.119 0.027 0.054 0.253 0.015 0.04 0.075 0.013 0.06 0.064
113 I 0.05 0.019 0.02 0.02 0.014 0.014 0.019 0.121 0.011 0.187 0.127 0.024 0.028 0.109 0.014 0.03 0.034 0.008 0.032 0.119
114 L 0.045 0.02 0.014 0.016 0.016 0.014 0.018 0.02 0.009 0.216 0.254 0.024 0.041 0.047 0.014 0.024 0.037 0.006 0.021 0.142
115 E 0.102 0.049 0.04 0.058 0.01 0.084 0.163 0.045 0.092 0.027 0.043 0.065 0.016 0.02 0.024 0.058 0.038 0.006 0.025 0.037
116 L 0.099 0.028 0.018 0.02 0.017 0.022 0.027 0.035 0.013 0.093 0.244 0.033 0.094 0.045 0.018 0.04 0.039 0.007 0.022 0.087
117 L 0.045 0.025 0.015 0.016 0.016 0.018 0.021 0.022 0.011 0.11 0.349 0.027 0.074 0.052 0.014 0.026 0.034 0.007 0.022 0.094
118 I 0.052 0.024 0.021 0.022 0.016 0.019 0.024 0.026 0.011 0.201 0.15 0.03 0.061 0.04 0.017 0.04 0.084 0.006 0.02 0.136
119 I 0.056 0.022 0.02 0.021 0.017 0.016 0.023 0.025 0.009 0.214 0.137 0.028 0.032 0.038 0.017 0.039 0.085 0.006 0.02 0.175
120 V 0.105 0.025 0.023 0.023 0.017 0.018 0.027 0.038 0.012 0.121 0.105 0.031 0.026 0.104 0.019 0.051 0.085 0.008 0.032 0.129
121 P 0.056 0.025 0.023 0.03 0.01 0.02 0.035 0.035 0.013 0.025 0.035 0.04 0.01 0.013 0.503 0.043 0.035 0.003 0.013 0.03
122 I 0.049 0.021 0.02 0.021 0.015 0.015 0.022 0.026 0.011 0.194 0.134 0.027 0.03 0.11 0.016 0.038 0.081 0.008 0.033 0.129
123 Y 0.04 0.027 0.021 0.018 0.009 0.021 0.027 0.024 0.046 0.043 0.067 0.031 0.018 0.128 0.015 0.031 0.027 0.027 0.331 0.046
124 L 0.047 0.054 0.025 0.026 0.012 0.029 0.039 0.03 0.015 0.103 0.15 0.13 0.028 0.105 0.019 0.036 0.035 0.008 0.033 0.077
125 G 0.168 0.026 0.033 0.031 0.015 0.021 0.031 0.343 0.014 0.028 0.04 0.037 0.012 0.018 0.023 0.064 0.037 0.005 0.013 0.041
126 I 0.046 0.019 0.014 0.017 0.016 0.014 0.018 0.02 0.009 0.251 0.209 0.023 0.039 0.045 0.014 0.024 0.038 0.006 0.021 0.157
127 K 0.066 0.092 0.043 0.042 0.01 0.048 0.066 0.047 0.02 0.027 0.042 0.244 0.015 0.016 0.027 0.089 0.047 0.005 0.017 0.034
128 K 0.047 0.125 0.032 0.03 0.009 0.039 0.049 0.033 0.031 0.032 0.053 0.153 0.016 0.061 0.021 0.042 0.033 0.014 0.143 0.037
129 Y 0.039 0.025 0.019 0.018 0.01 0.019 0.025 0.026 0.028 0.055 0.098 0.027 0.051 0.152 0.013 0.029 0.028 0.116 0.168 0.053
130 N 0.051 0.049 0.161 0.129 0.009 0.033 0.056 0.147 0.023 0.022 0.032 0.095 0.011 0.016 0.021 0.058 0.04 0.005 0.014 0.027
131 K 0.057 0.107 0.041 0.041 0.009 0.053 0.071 0.043 0.021 0.028 0.043 0.28 0.015 0.015 0.028 0.053 0.04 0.005 0.017 0.033
132 K 0.056 0.091 0.041 0.053 0.008 0.055 0.129 0.041 0.022 0.026 0.041 0.235 0.015 0.016 0.027 0.053 0.038 0.005 0.017 0.032
133 Y 0.046 0.025 0.024 0.021 0.01 0.019 0.025 0.124 0.033 0.042 0.068 0.029 0.018 0.16 0.015 0.033 0.027 0.021 0.218 0.043
134 P 0.053 0.026 0.032 0.106 0.01 0.022 0.046 0.038 0.014 0.025 0.034 0.041 0.01 0.013 0.407 0.045 0.035 0.003 0.012 0.029
135 I 0.154 0.023 0.019 0.022 0.019 0.018 0.027 0.044 0.011 0.163 0.115 0.032 0.027 0.033 0.021 0.05 0.045 0.006 0.019 0.153
136 W 0.033 0.021 0.015 0.015 0.009 0.015 0.021 0.028 0.014 0.081 0.074 0.022 0.019 0.056 0.009 0.023 0.026 0.403 0.058 0.058
137 L 0.042 0.023 0.014 0.015 0.015 0.015 0.02 0.022 0.011 0.103 0.333 0.024 0.044 0.123 0.013 0.024 0.031 0.009 0.035 0.086
138 G 0.08 0.025 0.037 0.033 0.109 0.02 0.029 0.331 0.013 0.026 0.038 0.034 0.012 0.018 0.02 0.085 0.041 0.005 0.012 0.034
139 L 0.051 0.031 0.02 0.02 0.016 0.028 0.028 0.028 0.016 0.098 0.193 0.035 0.177 0.047 0.016 0.035 0.039 0.008 0.024 0.091
140 L 0.047 0.027 0.016 0.017 0.016 0.021 0.023 0.024 0.012 0.107 0.31 0.029 0.1 0.051 0.015 0.028 0.035 0.007 0.023 0.093
141 V 0.076 0.025 0.024 0.024 0.018 0.019 0.029 0.032 0.01 0.135 0.11 0.031 0.028 0.032 0.019 0.073 0.055 0.005 0.02 0.235
142 F 0.033 0.019 0.017 0.017 0.01 0.01 0.019 0.025 0.017 0.062 0.112 0.019 0.025 0.399 0.01 0.025 0.025 0.017 0.087 0.054
143 Y 0.04 0.027 0.021 0.018 0.009 0.021 0.027 0.024 0.046 0.043 0.067 0.031 0.018 0.128 0.015 0.031 0.027 0.027 0.331 0.046
144 L 0.044 0.024 0.014 0.015 0.016 0.016 0.02 0.021 0.01 0.113 0.388 0.025 0.049 0.054 0.014 0.024 0.033 0.007 0.022 0.094
145 L 0.054 0.029 0.023 0.023 0.016 0.025 0.028 0.029 0.014 0.127 0.161 0.035 0.117 0.042 0.018 0.044 0.084 0.007 0.022 0.103
146 F 0.046 0.03 0.085 0.034 0.013 0.022 0.03 0.037 0.019 0.059 0.102 0.034 0.051 0.177 0.017 0.049 0.08 0.01 0.046 0.059
147 Y 0.038 0.026 0.02 0.018 0.009 0.019 0.026 0.025 0.04 0.047 0.076 0.028 0.02 0.182 0.014 0.029 0.027 0.025 0.282 0.047
148 N 0.042 0.044 0.33 0.081 0.009 0.033 0.048 0.064 0.031 0.022 0.031 0.053 0.011 0.018 0.02 0.068 0.048 0.004 0.015 0.026
149 S 0.093 0.035 0.044 0.04 0.018 0.028 0.043 0.052 0.016 0.06 0.063 0.046 0.019 0.024 0.026 0.166 0.11 0.005 0.018 0.095
150 T 0.086 0.037 0.047 0.041 0.017 0.029 0.044 0.052 0.016 0.043 0.055 0.048 0.018 0.022 0.028 0.149 0.189 0.006 0.017 0.058
151 L 0.044 0.024 0.014 0.015 0.016 0.016 0.02 0.021 0.01 0.113 0.388 0.025 0.049 0.054 0.014 0.024 0.033 0.007 0.022 0.094
152 N 0.042 0.044 0.33 0.081 0.009 0.033 0.048 0.064 0.031 0.022 0.031 0.053 0.011 0.018 0.02 0.068 0.048 0.004 0.015 0.026
153 L 0.05 0.03 0.019 0.019 0.016 0.025 0.026 0.026 0.015 0.101 0.232 0.033 0.151 0.049 0.015 0.033 0.038 0.008 0.023 0.091
154 L 0.05 0.029 0.019 0.019 0.016 0.025 0.026 0.026 0.014 0.136 0.187 0.033 0.149 0.046 0.016 0.033 0.039 0.007 0.023 0.107
155 R 0.044 0.358 0.038 0.03 0.008 0.047 0.051 0.032 0.023 0.023 0.046 0.118 0.015 0.017 0.019 0.044 0.034 0.006 0.017 0.03
156 Q 0.055 0.072 0.043 0.046 0.009 0.23 0.101 0.04 0.029 0.026 0.046 0.089 0.02 0.014 0.023 0.055 0.04 0.006 0.02 0.035
157 W 0.062 0.028 0.03 0.028 0.012 0.021 0.033 0.043 0.017 0.036 0.06 0.034 0.017 0.112 0.017 0.108 0.046 0.206 0.051 0.039
158 I 0.046 0.017 0.014 0.017 0.016 0.013 0.017 0.02 0.009 0.285 0.165 0.023 0.036 0.043 0.014 0.025 0.039 0.006 0.02 0.173
159 A 0.304 0.03 0.025 0.029 0.021 0.025 0.04 0.077 0.015 0.042 0.058 0.044 0.017 0.021 0.029 0.083 0.049 0.005 0.017 0.067
160 V 0.057 0.025 0.017 0.018 0.017 0.02 0.024 0.025 0.011 0.161 0.161 0.029 0.09 0.042 0.016 0.032 0.043 0.006 0.022 0.184
161 A 0.265 0.032 0.031 0.033 0.02 0.027 0.042 0.074 0.015 0.04 0.055 0.046 0.017 0.021 0.029 0.114 0.055 0.005 0.017 0.062
162 F 0.038 0.018 0.016 0.017 0.013 0.011 0.018 0.023 0.013 0.151 0.133 0.02 0.029 0.257 0.012 0.025 0.031 0.012 0.06 0.102
163 L 0.05 0.025 0.02 0.02 0.016 0.018 0.023 0.025 0.01 0.135 0.278 0.028 0.04 0.045 0.017 0.037 0.08 0.006 0.021 0.105
164 F 0.037 0.021 0.016 0.016 0.013 0.013 0.019 0.023 0.014 0.083 0.222 0.021 0.034 0.261 0.012 0.024 0.028 0.013 0.061 0.07
165 L 0.039 0.025 0.017 0.016 0.011 0.018 0.023 0.024 0.025 0.068 0.192 0.027 0.03 0.085 0.013 0.026 0.029 0.114 0.155 0.062
166 G 0.168 0.026 0.033 0.031 0.015 0.021 0.031 0.343 0.014 0.028 0.04 0.037 0.012 0.018 0.023 0.064 0.037 0.005 0.013 0.041
167 L 0.04 0.019 0.015 0.017 0.014 0.013 0.018 0.022 0.012 0.162 0.188 0.022 0.034 0.188 0.013 0.025 0.032 0.01 0.047 0.11
168 K 0.066 0.059 0.033 0.032 0.014 0.034 0.047 0.039 0.015 0.072 0.128 0.138 0.025 0.028 0.023 0.079 0.048 0.006 0.019 0.097
169 Y 0.04 0.027 0.021 0.018 0.009 0.021 0.027 0.024 0.046 0.043 0.067 0.031 0.018 0.128 0.015 0.031 0.027 0.027 0.331 0.046
170 F 0.045 0.02 0.016 0.017 0.014 0.013 0.019 0.023 0.012 0.137 0.181 0.022 0.033 0.186 0.013 0.026 0.034 0.01 0.047 0.132
171 L 0.048 0.023 0.016 0.017 0.015 0.016 0.021 0.022 0.016 0.143 0.227 0.026 0.037 0.063 0.015 0.027 0.036 0.011 0.083 0.138
172 E 0.058 0.046 0.04 0.078 0.009 0.056 0.256 0.036 0.023 0.028 0.042 0.068 0.014 0.018 0.026 0.061 0.081 0.005 0.017 0.038
173 K 0.048 0.131 0.156 0.055 0.008 0.044 0.057 0.049 0.025 0.024 0.038 0.162 0.014 0.017 0.023 0.057 0.042 0.005 0.016 0.03
174 N 0.05 0.074 0.157 0.058 0.009 0.08 0.067 0.051 0.026 0.025 0.039 0.156 0.015 0.016 0.023 0.059 0.043 0.005 0.017 0.03
175 K 0.051 0.072 0.032 0.032 0.01 0.038 0.051 0.034 0.023 0.082 0.072 0.186 0.02 0.043 0.022 0.042 0.037 0.01 0.08 0.063
176 K 0.05 0.073 0.031 0.031 0.01 0.039 0.051 0.034 0.023 0.047 0.116 0.186 0.023 0.045 0.022 0.042 0.035 0.01 0.081 0.047
177 K 0.057 0.073 0.036 0.035 0.009 0.039 0.052 0.134 0.024 0.028 0.044 0.188 0.015 0.038 0.023 0.048 0.035 0.01 0.079 0.033
178 F 0.036 0.022 0.018 0.017 0.01 0.015 0.022 0.025 0.028 0.054 0.094 0.023 0.022 0.291 0.012 0.027 0.026 0.021 0.185 0.051
179 I 0.048 0.018 0.015 0.017 0.015 0.013 0.019 0.022 0.01 0.216 0.147 0.023 0.033 0.113 0.014 0.026 0.038 0.008 0.034 0.171
180 I 0.103 0.023 0.022 0.024 0.017 0.018 0.026 0.036 0.011 0.19 0.123 0.032 0.029 0.035 0.02 0.05 0.085 0.006 0.019 0.131
181 V 0.065 0.024 0.024 0.023 0.111 0.019 0.027 0.033 0.018 0.112 0.093 0.03 0.023 0.049 0.018 0.072 0.046 0.01 0.08 0.12
182 V 0.057 0.021 0.016 0.017 0.017 0.015 0.021 0.024 0.01 0.132 0.177 0.024 0.033 0.112 0.015 0.029 0.041 0.008 0.034 0.2
183 L 0.049 0.022 0.014 0.016 0.016 0.015 0.02 0.021 0.009 0.157 0.291 0.025 0.043 0.048 0.014 0.026 0.037 0.006 0.021 0.148
184 L 0.048 0.02 0.015 0.017 0.015 0.014 0.019 0.022 0.01 0.181 0.191 0.023 0.035 0.115 0.014 0.026 0.037 0.008 0.034 0.156
185 A 0.259 0.029 0.028 0.03 0.019 0.024 0.037 0.165 0.014 0.038 0.052 0.042 0.016 0.02 0.027 0.077 0.045 0.005 0.016 0.059
186 C 0.071 0.025 0.024 0.023 0.208 0.02 0.027 0.036 0.012 0.075 0.098 0.031 0.051 0.029 0.019 0.077 0.048 0.005 0.017 0.105
187 L 0.069 0.03 0.03 0.028 0.016 0.023 0.032 0.039 0.013 0.08 0.249 0.036 0.035 0.04 0.02 0.108 0.052 0.006 0.02 0.073
188 F 0.033 0.019 0.017 0.017 0.01 0.01 0.019 0.025 0.017 0.062 0.112 0.019 0.025 0.399 0.01 0.025 0.025 0.017 0.087 0.054
189 H 0.041 0.045 0.052 0.037 0.007 0.037 0.052 0.037 0.368 0.022 0.037 0.045 0.015 0.03 0.019 0.041 0.026 0.007 0.056 0.022
190 K 0.062 0.077 0.041 0.039 0.012 0.042 0.057 0.042 0.018 0.037 0.051 0.193 0.017 0.018 0.027 0.068 0.128 0.005 0.017 0.047
191 S 0.093 0.038 0.049 0.043 0.017 0.03 0.046 0.056 0.017 0.038 0.05 0.05 0.017 0.022 0.028 0.177 0.153 0.005 0.017 0.052
192 A 0.259 0.029 0.028 0.03 0.019 0.024 0.037 0.165 0.014 0.038 0.052 0.042 0.016 0.02 0.027 0.077 0.045 0.005 0.016 0.059
193 L 0.042 0.021 0.015 0.016 0.015 0.014 0.019 0.022 0.011 0.137 0.288 0.023 0.041 0.121 0.013 0.024 0.032 0.009 0.035 0.102
194 I 0.052 0.021 0.016 0.018 0.016 0.017 0.02 0.022 0.01 0.223 0.163 0.026 0.063 0.042 0.015 0.028 0.041 0.006 0.021 0.179
195 G 0.07 0.026 0.032 0.029 0.014 0.02 0.028 0.229 0.013 0.058 0.174 0.034 0.026 0.032 0.019 0.077 0.041 0.006 0.016 0.055
196 L 0.042 0.021 0.015 0.016 0.015 0.014 0.019 0.022 0.011 0.137 0.288 0.023 0.041 0.121 0.013 0.024 0.032 0.009 0.035 0.102
197 L 0.103 0.025 0.018 0.02 0.018 0.02 0.025 0.034 0.011 0.14 0.186 0.031 0.062 0.04 0.018 0.04 0.042 0.006 0.021 0.142
198 I 0.045 0.02 0.016 0.018 0.015 0.015 0.02 0.023 0.012 0.203 0.16 0.025 0.062 0.115 0.014 0.027 0.036 0.008 0.034 0.133
199 Y 0.102 0.026 0.021 0.023 0.014 0.021 0.031 0.037 0.025 0.063 0.071 0.034 0.019 0.065 0.116 0.044 0.038 0.014 0.142 0.095
200 A 0.151 0.025 0.019 0.021 0.017 0.019 0.028 0.045 0.013 0.084 0.149 0.031 0.028 0.106 0.02 0.05 0.041 0.008 0.033 0.113
201 L 0.047 0.027 0.016 0.017 0.016 0.021 0.023 0.024 0.012 0.107 0.31 0.029 0.1 0.051 0.015 0.028 0.035 0.007 0.023 0.093
202 Y 0.038 0.026 0.02 0.018 0.009 0.019 0.026 0.025 0.04 0.047 0.076 0.028 0.02 0.182 0.014 0.029 0.027 0.025 0.282 0.047
203 Y 0.05 0.028 0.023 0.032 0.012 0.027 0.081 0.026 0.027 0.111 0.093 0.037 0.023 0.07 0.017 0.034 0.036 0.014 0.144 0.116
204 F 0.035 0.023 0.018 0.017 0.009 0.016 0.023 0.026 0.028 0.048 0.082 0.024 0.02 0.223 0.012 0.027 0.025 0.118 0.181 0.046
205 I 0.058 0.023 0.022 0.023 0.016 0.018 0.025 0.029 0.011 0.2 0.185 0.029 0.034 0.041 0.017 0.067 0.046 0.006 0.02 0.131
206 R 0.053 0.119 0.037 0.034 0.01 0.076 0.058 0.036 0.026 0.034 0.053 0.115 0.018 0.04 0.022 0.054 0.08 0.01 0.081 0.043
207 P 0.059 0.098 0.092 0.041 0.012 0.03 0.041 0.044 0.019 0.042 0.108 0.058 0.02 0.024 0.117 0.083 0.046 0.005 0.017 0.045
208 K 0.063 0.08 0.101 0.05 0.01 0.045 0.062 0.051 0.022 0.026 0.04 0.197 0.014 0.017 0.026 0.092 0.049 0.005 0.017 0.033
209 S 0.074 0.123 0.046 0.043 0.012 0.079 0.065 0.049 0.022 0.027 0.043 0.121 0.016 0.018 0.025 0.124 0.055 0.005 0.018 0.036
210 K 0.053 0.071 0.036 0.046 0.01 0.083 0.114 0.036 0.021 0.043 0.111 0.155 0.022 0.023 0.023 0.048 0.037 0.006 0.018 0.045
211 L 0.045 0.032 0.028 0.035 0.011 0.03 0.085 0.027 0.091 0.097 0.139 0.039 0.026 0.054 0.018 0.035 0.032 0.011 0.089 0.073
212 D 0.06 0.036 0.104 0.119 0.012 0.03 0.053 0.047 0.089 0.051 0.053 0.044 0.016 0.024 0.021 0.086 0.048 0.005 0.024 0.079
213 K 0.056 0.059 0.032 0.031 0.013 0.035 0.044 0.035 0.016 0.098 0.101 0.138 0.053 0.029 0.022 0.051 0.084 0.006 0.019 0.08
214 L 0.057 0.029 0.025 0.035 0.015 0.027 0.082 0.028 0.013 0.127 0.156 0.038 0.03 0.034 0.019 0.045 0.084 0.006 0.019 0.13
215 V 0.102 0.039 0.023 0.024 0.015 0.023 0.034 0.038 0.014 0.116 0.101 0.081 0.025 0.103 0.019 0.043 0.04 0.008 0.032 0.122
216 N 0.054 0.033 0.149 0.049 0.012 0.024 0.037 0.048 0.021 0.084 0.076 0.04 0.02 0.1 0.019 0.084 0.048 0.007 0.031 0.064
217 R 0.042 0.186 0.027 0.024 0.01 0.03 0.035 0.028 0.018 0.098 0.092 0.07 0.023 0.118 0.016 0.034 0.033 0.008 0.036 0.072
218 R 0.043 0.292 0.035 0.028 0.008 0.042 0.047 0.031 0.027 0.027 0.05 0.1 0.016 0.039 0.018 0.041 0.033 0.01 0.08 0.033
219 K 0.052 0.062 0.028 0.03 0.012 0.033 0.044 0.032 0.015 0.15 0.105 0.152 0.026 0.03 0.021 0.039 0.04 0.006 0.019 0.104
220 I 0.047 0.018 0.015 0.018 0.016 0.013 0.018 0.021 0.009 0.273 0.167 0.024 0.037 0.044 0.015 0.025 0.04 0.006 0.021 0.176
221 I 0.047 0.018 0.015 0.018 0.016 0.013 0.018 0.021 0.009 0.269 0.168 0.024 0.037 0.044 0.015 0.025 0.04 0.006 0.021 0.177
222 S 0.11 0.04 0.054 0.049 0.018 0.033 0.053 0.066 0.019 0.03 0.042 0.054 0.016 0.021 0.03 0.218 0.082 0.005 0.018 0.042
223 P 0.057 0.026 0.023 0.031 0.01 0.021 0.036 0.036 0.013 0.026 0.036 0.041 0.01 0.013 0.492 0.044 0.036 0.003 0.013 0.031
224 R 0.045 0.343 0.039 0.031 0.008 0.049 0.052 0.033 0.023 0.023 0.047 0.121 0.016 0.017 0.019 0.045 0.035 0.006 0.017 0.031
225 I 0.047 0.018 0.015 0.018 0.016 0.013 0.018 0.021 0.009 0.269 0.168 0.024 0.037 0.044 0.015 0.025 0.04 0.006 0.021 0.177
226 H 0.042 0.046 0.054 0.038 0.008 0.038 0.054 0.038 0.353 0.023 0.038 0.046 0.015 0.031 0.019 0.042 0.027 0.008 0.057 0.023
227 I 0.047 0.018 0.015 0.018 0.016 0.013 0.018 0.021 0.009 0.269 0.168 0.024 0.037 0.044 0.015 0.025 0.04 0.006 0.021 0.177
228 C 0.065 0.016 0.016 0.016 0.482 0.012 0.016 0.033 0.008 0.045 0.065 0.02 0.016 0.02 0.016 0.041 0.037 0.004 0.012 0.057
229 L 0.044 0.024 0.014 0.015 0.016 0.016 0.02 0.021 0.01 0.115 0.38 0.025 0.049 0.054 0.014 0.024 0.033 0.007 0.022 0.095
230 D 0.046 0.055 0.059 0.282 0.008 0.037 0.084 0.045 0.019 0.024 0.033 0.124 0.011 0.015 0.024 0.052 0.037 0.004 0.013 0.027
231 G 0.078 0.023 0.039 0.034 0.011 0.019 0.026 0.509 0.014 0.019 0.028 0.034 0.009 0.016 0.019 0.051 0.03 0.005 0.011 0.024
232 I 0.047 0.018 0.015 0.018 0.016 0.013 0.018 0.021 0.009 0.269 0.168 0.024 0.037 0.044 0.015 0.025 0.04 0.006 0.021 0.177
233 K 0.073 0.059 0.038 0.036 0.013 0.034 0.048 0.139 0.016 0.053 0.056 0.139 0.017 0.02 0.024 0.085 0.047 0.005 0.016 0.082
234 E 0.065 0.063 0.043 0.062 0.01 0.088 0.168 0.043 0.024 0.025 0.04 0.117 0.015 0.017 0.026 0.09 0.046 0.005 0.017 0.034
235 L 0.045 0.025 0.015 0.016 0.016 0.018 0.021 0.022 0.011 0.11 0.349 0.027 0.074 0.052 0.014 0.026 0.034 0.007 0.022 0.094
236 K 0.099 0.056 0.092 0.043 0.011 0.072 0.057 0.05 0.028 0.032 0.049 0.102 0.016 0.039 0.023 0.058 0.041 0.01 0.08 0.041
237 K 0.053 0.14 0.037 0.037 0.009 0.045 0.059 0.039 0.019 0.026 0.042 0.207 0.014 0.015 0.121 0.049 0.037 0.005 0.016 0.031
238 V 0.064 0.021 0.016 0.017 0.018 0.016 0.022 0.023 0.008 0.186 0.135 0.025 0.032 0.037 0.016 0.031 0.047 0.005 0.02 0.261
239 F 0.109 0.022 0.019 0.02 0.015 0.016 0.025 0.038 0.014 0.082 0.103 0.027 0.025 0.212 0.017 0.042 0.037 0.011 0.053 0.114
240 L 0.045 0.036 0.02 0.021 0.013 0.021 0.029 0.026 0.013 0.155 0.174 0.076 0.032 0.111 0.016 0.03 0.035 0.008 0.033 0.105
241 I 0.055 0.019 0.015 0.017 0.017 0.014 0.02 0.022 0.008 0.236 0.15 0.024 0.034 0.04 0.015 0.028 0.043 0.006 0.02 0.217
242 L 0.06 0.027 0.028 0.027 0.015 0.02 0.029 0.035 0.013 0.108 0.154 0.033 0.029 0.108 0.019 0.08 0.088 0.008 0.033 0.086
243 V 0.055 0.02 0.015 0.017 0.017 0.015 0.02 0.022 0.009 0.201 0.194 0.024 0.037 0.042 0.015 0.027 0.042 0.006 0.021 0.201
244 L 0.041 0.022 0.016 0.016 0.013 0.015 0.021 0.022 0.018 0.123 0.224 0.024 0.035 0.136 0.014 0.026 0.031 0.013 0.096 0.092
245 G 0.126 0.026 0.034 0.032 0.111 0.021 0.031 0.243 0.014 0.03 0.044 0.037 0.013 0.019 0.022 0.092 0.045 0.005 0.013 0.042
246 V 0.11 0.021 0.018 0.019 0.114 0.016 0.024 0.035 0.009 0.139 0.108 0.028 0.026 0.031 0.018 0.042 0.044 0.005 0.018 0.173
247 L 0.101 0.021 0.017 0.019 0.113 0.016 0.022 0.034 0.01 0.154 0.168 0.027 0.031 0.036 0.018 0.039 0.039 0.006 0.018 0.113
248 G 0.079 0.028 0.035 0.033 0.015 0.022 0.034 0.14 0.015 0.06 0.07 0.037 0.019 0.098 0.021 0.116 0.053 0.007 0.03 0.089
249 L 0.044 0.024 0.014 0.015 0.016 0.016 0.02 0.021 0.01 0.113 0.388 0.025 0.049 0.054 0.014 0.024 0.033 0.007 0.022 0.094
250 L 0.04 0.019 0.015 0.017 0.014 0.013 0.018 0.022 0.012 0.162 0.188 0.022 0.034 0.188 0.013 0.025 0.032 0.01 0.047 0.11
251 S 0.095 0.035 0.045 0.042 0.017 0.029 0.045 0.056 0.017 0.08 0.066 0.047 0.02 0.025 0.026 0.193 0.072 0.005 0.018 0.068
252 L 0.096 0.024 0.016 0.018 0.017 0.017 0.023 0.032 0.011 0.133 0.277 0.028 0.04 0.045 0.017 0.036 0.037 0.006 0.021 0.105
253 N 0.052 0.036 0.21 0.062 0.009 0.028 0.041 0.149 0.024 0.022 0.031 0.046 0.01 0.016 0.116 0.06 0.042 0.004 0.014 0.027
254 L 0.056 0.043 0.028 0.026 0.014 0.028 0.037 0.03 0.083 0.097 0.145 0.083 0.028 0.034 0.018 0.036 0.039 0.006 0.027 0.143
255 L 0.102 0.022 0.017 0.019 0.018 0.017 0.023 0.032 0.01 0.177 0.181 0.028 0.034 0.039 0.018 0.038 0.042 0.006 0.02 0.158
256 A 0.163 0.033 0.031 0.042 0.017 0.032 0.092 0.055 0.016 0.084 0.072 0.047 0.02 0.024 0.025 0.096 0.051 0.005 0.018 0.076
257 A 0.116 0.048 0.093 0.043 0.015 0.032 0.046 0.054 0.019 0.056 0.06 0.093 0.018 0.022 0.024 0.094 0.053 0.005 0.017 0.09
258 L 0.045 0.021 0.014 0.016 0.016 0.015 0.019 0.021 0.009 0.182 0.298 0.024 0.044 0.05 0.014 0.024 0.035 0.006 0.021 0.126
259 L 0.042 0.023 0.014 0.015 0.015 0.015 0.02 0.022 0.011 0.103 0.333 0.024 0.044 0.123 0.013 0.024 0.031 0.009 0.035 0.086
260 D 0.058 0.115 0.106 0.122 0.01 0.039 0.062 0.05 0.022 0.025 0.037 0.112 0.013 0.017 0.023 0.09 0.047 0.005 0.016 0.031
261 L 0.05 0.027 0.022 0.021 0.015 0.021 0.026 0.027 0.019 0.118 0.175 0.032 0.06 0.059 0.017 0.041 0.08 0.011 0.083 0.095
262 I 0.044 0.018 0.015 0.017 0.015 0.013 0.018 0.021 0.01 0.241 0.154 0.022 0.034 0.114 0.014 0.025 0.036 0.008 0.034 0.149
263 G 0.07 0.027 0.097 0.043 0.01 0.021 0.03 0.429 0.017 0.019 0.028 0.037 0.01 0.016 0.019 0.054 0.033 0.005 0.012 0.024
264 L 0.044 0.026 0.017 0.017 0.015 0.019 0.023 0.023 0.018 0.096 0.285 0.028 0.068 0.067 0.015 0.027 0.033 0.011 0.084 0.084
265 N 0.101 0.034 0.158 0.127 0.011 0.028 0.05 0.154 0.022 0.025 0.035 0.045 0.011 0.017 0.022 0.064 0.042 0.005 0.014 0.034
266 S 0.073 0.057 0.042 0.04 0.012 0.074 0.06 0.047 0.027 0.031 0.048 0.104 0.017 0.04 0.025 0.122 0.054 0.01 0.081 0.039
267 Y 0.04 0.027 0.021 0.018 0.009 0.021 0.027 0.024 0.046 0.043 0.067 0.031 0.018 0.128 0.015 0.031 0.027 0.027 0.331 0.046
268 L 0.1 0.024 0.018 0.019 0.016 0.018 0.025 0.033 0.017 0.129 0.161 0.03 0.03 0.056 0.018 0.039 0.039 0.01 0.082 0.133
269 G 0.056 0.035 0.214 0.062 0.01 0.027 0.039 0.246 0.024 0.021 0.03 0.045 0.01 0.017 0.019 0.061 0.041 0.005 0.013 0.025
270 S 0.11 0.04 0.054 0.049 0.018 0.033 0.052 0.066 0.019 0.03 0.042 0.054 0.016 0.021 0.03 0.22 0.082 0.005 0.018 0.042
271 Y 0.04 0.027 0.021 0.018 0.009 0.021 0.027 0.024 0.046 0.043 0.067 0.031 0.018 0.128 0.015 0.031 0.027 0.027 0.331 0.046
272 L 0.045 0.02 0.014 0.016 0.016 0.014 0.018 0.02 0.009 0.216 0.254 0.024 0.041 0.047 0.014 0.024 0.037 0.006 0.021 0.142
273 N 0.054 0.046 0.156 0.066 0.009 0.076 0.107 0.144 0.026 0.022 0.034 0.06 0.013 0.016 0.021 0.059 0.04 0.005 0.016 0.028
274 G 0.077 0.022 0.038 0.033 0.011 0.019 0.025 0.52 0.013 0.019 0.028 0.033 0.009 0.016 0.019 0.05 0.029 0.005 0.011 0.024
275 N 0.043 0.045 0.317 0.083 0.009 0.034 0.049 0.065 0.032 0.022 0.032 0.054 0.011 0.018 0.02 0.07 0.049 0.004 0.016 0.027
276 G 0.078 0.023 0.039 0.034 0.011 0.019 0.026 0.51 0.014 0.019 0.028 0.034 0.009 0.016 0.019 0.051 0.03 0.005 0.011 0.024
277 N 0.064 0.053 0.159 0.058 0.012 0.036 0.051 0.056 0.023 0.031 0.042 0.099 0.014 0.019 0.025 0.103 0.095 0.005 0.016 0.039
278 L 0.04 0.02 0.015 0.016 0.014 0.013 0.019 0.022 0.012 0.127 0.233 0.022 0.037 0.19 0.013 0.024 0.031 0.011 0.048 0.094
279 Y 0.05 0.048 0.036 0.03 0.01 0.032 0.043 0.034 0.099 0.037 0.056 0.089 0.017 0.065 0.021 0.049 0.076 0.015 0.151 0.043
280 F 0.037 0.021 0.016 0.016 0.013 0.013 0.019 0.023 0.014 0.083 0.222 0.021 0.034 0.261 0.012 0.024 0.028 0.013 0.061 0.07
281 L 0.05 0.025 0.016 0.016 0.016 0.018 0.022 0.023 0.011 0.12 0.297 0.027 0.071 0.049 0.015 0.028 0.037 0.007 0.022 0.131
282 P 0.056 0.034 0.024 0.028 0.013 0.061 0.043 0.031 0.014 0.07 0.127 0.044 0.024 0.026 0.212 0.039 0.039 0.005 0.018 0.095
283 N 0.068 0.042 0.219 0.068 0.012 0.033 0.05 0.064 0.026 0.025 0.035 0.053 0.013 0.019 0.024 0.135 0.061 0.005 0.016 0.032
284 Q 0.055 0.067 0.043 0.055 0.008 0.197 0.143 0.039 0.028 0.025 0.044 0.086 0.019 0.015 0.023 0.055 0.04 0.006 0.019 0.034
285 L 0.04 0.019 0.015 0.017 0.014 0.013 0.018 0.022 0.012 0.162 0.188 0.022 0.034 0.188 0.013 0.025 0.032 0.01 0.047 0.11
286 I 0.097 0.021 0.016 0.019 0.017 0.016 0.022 0.032 0.01 0.202 0.188 0.028 0.035 0.041 0.017 0.036 0.04 0.006 0.02 0.136
287 L 0.055 0.028 0.025 0.023 0.014 0.022 0.029 0.033 0.021 0.069 0.16 0.032 0.057 0.13 0.017 0.07 0.041 0.013 0.096 0.065
288 R 0.046 0.245 0.041 0.034 0.008 0.046 0.055 0.035 0.091 0.024 0.043 0.138 0.015 0.019 0.021 0.045 0.034 0.006 0.025 0.029
289 L 0.099 0.026 0.022 0.022 0.016 0.019 0.027 0.037 0.013 0.077 0.202 0.031 0.032 0.11 0.019 0.049 0.08 0.008 0.033 0.076
290 P 0.056 0.025 0.023 0.03 0.01 0.02 0.035 0.035 0.013 0.025 0.035 0.04 0.01 0.013 0.503 0.043 0.035 0.003 0.013 0.03
291 I 0.05 0.019 0.015 0.017 0.016 0.014 0.019 0.021 0.009 0.226 0.202 0.024 0.038 0.044 0.015 0.026 0.04 0.006 0.021 0.179
292 L 0.044 0.022 0.016 0.017 0.015 0.016 0.02 0.023 0.012 0.169 0.204 0.025 0.065 0.117 0.014 0.027 0.035 0.009 0.035 0.117
293 L 0.043 0.02 0.015 0.016 0.015 0.014 0.019 0.021 0.011 0.172 0.243 0.023 0.039 0.119 0.013 0.024 0.034 0.008 0.034 0.118
294 L 0.042 0.023 0.014 0.015 0.015 0.015 0.02 0.022 0.011 0.103 0.333 0.024 0.044 0.123 0.013 0.024 0.031 0.009 0.035 0.086
295 L 0.046 0.023 0.015 0.017 0.016 0.017 0.02 0.022 0.011 0.179 0.26 0.026 0.069 0.048 0.014 0.026 0.037 0.007 0.022 0.125
296 L 0.049 0.02 0.015 0.016 0.111 0.014 0.018 0.023 0.009 0.168 0.234 0.023 0.037 0.043 0.015 0.027 0.036 0.006 0.019 0.118
297 I 0.044 0.021 0.016 0.017 0.015 0.015 0.02 0.021 0.016 0.202 0.19 0.025 0.035 0.062 0.014 0.026 0.035 0.01 0.083 0.132
298 N 0.069 0.105 0.161 0.058 0.012 0.036 0.05 0.058 0.024 0.025 0.038 0.066 0.014 0.019 0.023 0.13 0.058 0.005 0.016 0.033
299 W 0.03 0.022 0.015 0.015 0.007 0.015 0.022 0.03 0.015 0.03 0.052 0.022 0.015 0.059 0.007 0.022 0.022 0.502 0.067 0.03
300 K 0.056 0.075 0.037 0.035 0.01 0.041 0.055 0.039 0.024 0.035 0.052 0.19 0.017 0.039 0.025 0.056 0.081 0.01 0.08 0.042
301 K 0.053 0.156 0.04 0.039 0.008 0.051 0.066 0.04 0.021 0.026 0.043 0.257 0.015 0.016 0.025 0.051 0.038 0.005 0.017 0.032
302 W 0.044 0.025 0.017 0.017 0.012 0.019 0.024 0.027 0.02 0.072 0.098 0.027 0.051 0.066 0.012 0.029 0.032 0.209 0.102 0.096
303 N 0.07 0.04 0.157 0.056 0.014 0.032 0.045 0.057 0.023 0.04 0.067 0.049 0.046 0.025 0.023 0.128 0.059 0.005 0.018 0.045
304 K 0.116 0.066 0.04 0.049 0.012 0.045 0.108 0.052 0.02 0.029 0.044 0.151 0.015 0.018 0.028 0.096 0.049 0.005 0.017 0.041
305 G 0.059 0.045 0.031 0.04 0.011 0.034 0.091 0.129 0.023 0.054 0.06 0.091 0.017 0.042 0.02 0.044 0.036 0.01 0.079 0.083
306 D 0.046 0.037 0.047 0.203 0.008 0.041 0.165 0.037 0.027 0.026 0.039 0.053 0.012 0.038 0.022 0.048 0.034 0.009 0.077 0.031
307 D 0.056 0.035 0.05 0.195 0.01 0.035 0.114 0.043 0.025 0.027 0.04 0.049 0.013 0.039 0.023 0.084 0.043 0.009 0.077 0.033
308 L 0.045 0.045 0.084 0.034 0.012 0.028 0.037 0.034 0.023 0.064 0.183 0.085 0.028 0.054 0.018 0.04 0.036 0.01 0.081 0.059
309 A 0.206 0.029 0.026 0.028 0.019 0.023 0.035 0.059 0.013 0.093 0.081 0.04 0.021 0.026 0.026 0.073 0.089 0.005 0.018 0.089
310 P 0.051 0.158 0.029 0.03 0.009 0.031 0.042 0.034 0.017 0.024 0.04 0.071 0.012 0.014 0.31 0.043 0.035 0.004 0.014 0.03
311 F 0.037 0.021 0.017 0.017 0.011 0.014 0.02 0.025 0.016 0.069 0.128 0.022 0.055 0.329 0.011 0.027 0.028 0.015 0.074 0.061
312 F 0.034 0.02 0.018 0.017 0.01 0.013 0.02 0.025 0.022 0.058 0.103 0.021 0.024 0.345 0.011 0.026 0.025 0.019 0.136 0.052
313 L 0.051 0.022 0.019 0.019 0.015 0.016 0.02 0.121 0.01 0.129 0.271 0.026 0.038 0.044 0.015 0.029 0.033 0.006 0.019 0.096
314 A 0.169 0.03 0.027 0.028 0.019 0.024 0.036 0.054 0.014 0.081 0.089 0.039 0.037 0.028 0.024 0.094 0.054 0.006 0.019 0.129
315 L 0.052 0.029 0.022 0.021 0.016 0.023 0.027 0.028 0.013 0.095 0.245 0.033 0.094 0.045 0.017 0.042 0.081 0.007 0.022 0.088
316 L 0.042 0.025 0.017 0.017 0.014 0.018 0.022 0.025 0.015 0.087 0.2 0.027 0.091 0.189 0.013 0.029 0.032 0.011 0.049 0.077
317 V 0.06 0.02 0.015 0.017 0.018 0.015 0.021 0.023 0.008 0.211 0.142 0.025 0.033 0.038 0.015 0.029 0.045 0.006 0.02 0.239
318 L 0.045 0.021 0.014 0.016 0.016 0.015 0.019 0.021 0.009 0.182 0.298 0.024 0.044 0.05 0.014 0.024 0.035 0.006 0.021 0.126
319 D 0.045 0.034 0.052 0.267 0.009 0.036 0.121 0.04 0.019 0.037 0.062 0.048 0.043 0.021 0.021 0.049 0.036 0.005 0.015 0.039
320 L 0.054 0.023 0.015 0.016 0.017 0.016 0.021 0.022 0.009 0.132 0.284 0.025 0.042 0.046 0.015 0.027 0.039 0.006 0.021 0.17
