#Seq2Logo.py -f /work3/idamei/ssn-clusterings/clustering/2205111339/clusters/0007_382/sequences.afa -o /work3/idamei/ssn-clusterings/clustering/2205111339/clusters/0007_382/sequences.logo
#Position Specific Frequency Matrix
A R N D C Q E G H I L K M F P S T W Y V
0 L 0.051 0.031 0.02 0.02 0.016 0.028 0.028 0.028 0.016 0.098 0.193 0.035 0.177 0.047 0.016 0.035 0.039 0.008 0.024 0.091
1 R 0.114 0.142 0.038 0.034 0.015 0.034 0.044 0.049 0.018 0.04 0.074 0.069 0.019 0.022 0.024 0.098 0.092 0.006 0.017 0.052
2 G 0.1 0.095 0.035 0.032 0.014 0.028 0.037 0.141 0.016 0.046 0.112 0.055 0.021 0.026 0.022 0.088 0.059 0.006 0.017 0.052
3 G 0.094 0.041 0.029 0.028 0.013 0.026 0.036 0.167 0.02 0.057 0.063 0.084 0.018 0.043 0.021 0.048 0.037 0.01 0.079 0.088
4 L 0.124 0.028 0.027 0.028 0.018 0.022 0.033 0.046 0.013 0.115 0.162 0.037 0.03 0.035 0.022 0.089 0.051 0.006 0.019 0.095
5 L 0.048 0.028 0.017 0.018 0.016 0.022 0.024 0.025 0.013 0.108 0.286 0.031 0.104 0.052 0.015 0.03 0.037 0.008 0.023 0.094
6 G 0.07 0.05 0.042 0.037 0.014 0.032 0.044 0.16 0.015 0.038 0.05 0.101 0.016 0.02 0.025 0.072 0.142 0.006 0.016 0.05
7 T 0.077 0.037 0.038 0.048 0.015 0.035 0.104 0.042 0.017 0.067 0.068 0.05 0.02 0.024 0.025 0.101 0.104 0.005 0.018 0.104
8 G 0.099 0.034 0.049 0.044 0.015 0.028 0.043 0.214 0.017 0.026 0.037 0.047 0.014 0.019 0.026 0.164 0.065 0.005 0.015 0.036
9 A 0.207 0.03 0.024 0.026 0.017 0.024 0.036 0.06 0.025 0.043 0.062 0.04 0.018 0.058 0.025 0.067 0.043 0.013 0.118 0.061
10 Y 0.041 0.028 0.022 0.019 0.009 0.022 0.028 0.025 0.047 0.044 0.069 0.031 0.019 0.131 0.016 0.031 0.028 0.028 0.316 0.047
11 I 0.047 0.018 0.015 0.018 0.016 0.013 0.018 0.021 0.009 0.269 0.168 0.024 0.037 0.044 0.015 0.025 0.04 0.006 0.021 0.177
12 R 0.045 0.343 0.039 0.031 0.008 0.049 0.052 0.033 0.023 0.023 0.047 0.121 0.016 0.017 0.019 0.045 0.035 0.006 0.017 0.031
13 N 0.043 0.045 0.315 0.083 0.009 0.034 0.05 0.065 0.032 0.023 0.032 0.054 0.011 0.018 0.02 0.07 0.05 0.005 0.016 0.027
14 Q 0.056 0.074 0.044 0.047 0.009 0.212 0.103 0.041 0.029 0.027 0.047 0.092 0.021 0.015 0.024 0.056 0.041 0.006 0.021 0.035
15 R 0.045 0.343 0.039 0.031 0.008 0.049 0.052 0.033 0.023 0.023 0.047 0.121 0.016 0.017 0.019 0.045 0.035 0.006 0.017 0.031
16 I 0.047 0.018 0.015 0.018 0.016 0.013 0.018 0.021 0.009 0.269 0.168 0.024 0.037 0.044 0.015 0.025 0.04 0.006 0.021 0.177
17 D 0.041 0.03 0.069 0.395 0.008 0.03 0.092 0.047 0.019 0.022 0.028 0.045 0.009 0.015 0.022 0.052 0.036 0.004 0.011 0.024
18 K 0.057 0.107 0.042 0.042 0.009 0.054 0.071 0.043 0.021 0.028 0.043 0.276 0.016 0.016 0.028 0.054 0.04 0.005 0.017 0.033
19 R 0.051 0.227 0.04 0.036 0.008 0.051 0.061 0.038 0.022 0.025 0.045 0.201 0.015 0.016 0.023 0.049 0.037 0.005 0.017 0.032
20 C 0.118 0.104 0.024 0.024 0.134 0.026 0.033 0.042 0.014 0.069 0.075 0.053 0.02 0.024 0.02 0.051 0.042 0.005 0.017 0.107
21 G 0.072 0.053 0.114 0.052 0.011 0.035 0.049 0.172 0.021 0.025 0.036 0.106 0.013 0.018 0.024 0.099 0.05 0.005 0.015 0.031
22 D 0.073 0.032 0.046 0.126 0.015 0.027 0.051 0.045 0.015 0.067 0.066 0.042 0.019 0.024 0.024 0.1 0.104 0.005 0.017 0.102
23 G 0.131 0.11 0.039 0.036 0.014 0.031 0.042 0.172 0.018 0.029 0.044 0.063 0.014 0.019 0.024 0.101 0.049 0.005 0.016 0.041
24 V 0.084 0.032 0.038 0.035 0.018 0.026 0.038 0.045 0.014 0.082 0.079 0.042 0.022 0.027 0.025 0.116 0.127 0.006 0.019 0.128
25 L 0.055 0.023 0.03 0.098 0.014 0.019 0.035 0.126 0.012 0.12 0.147 0.03 0.027 0.032 0.017 0.036 0.037 0.005 0.017 0.12
26 R 0.076 0.163 0.044 0.038 0.012 0.036 0.046 0.143 0.019 0.024 0.04 0.075 0.014 0.018 0.023 0.122 0.052 0.005 0.016 0.033
27 P 0.066 0.04 0.046 0.114 0.012 0.068 0.063 0.046 0.018 0.031 0.043 0.054 0.015 0.017 0.121 0.095 0.09 0.005 0.016 0.04
28 L 0.052 0.043 0.023 0.025 0.013 0.029 0.036 0.031 0.015 0.072 0.17 0.086 0.086 0.035 0.115 0.038 0.037 0.006 0.02 0.068
29 L 0.043 0.089 0.019 0.019 0.014 0.021 0.026 0.023 0.013 0.126 0.256 0.043 0.038 0.067 0.015 0.028 0.034 0.007 0.025 0.095
30 L 0.049 0.022 0.014 0.016 0.016 0.015 0.02 0.021 0.009 0.157 0.291 0.025 0.043 0.048 0.014 0.026 0.037 0.006 0.021 0.148
31 S 0.132 0.033 0.038 0.036 0.018 0.027 0.041 0.055 0.015 0.063 0.066 0.044 0.02 0.024 0.026 0.135 0.104 0.005 0.018 0.1
32 R 0.045 0.343 0.039 0.031 0.008 0.049 0.052 0.033 0.023 0.023 0.047 0.121 0.016 0.017 0.019 0.045 0.035 0.006 0.017 0.031
33 E 0.051 0.045 0.045 0.153 0.007 0.056 0.266 0.037 0.024 0.022 0.034 0.068 0.012 0.016 0.025 0.054 0.036 0.005 0.015 0.029
34 L 0.094 0.023 0.017 0.019 0.016 0.016 0.023 0.033 0.012 0.123 0.222 0.027 0.035 0.114 0.016 0.036 0.036 0.008 0.034 0.097
35 L 0.132 0.026 0.019 0.021 0.017 0.02 0.028 0.042 0.014 0.08 0.166 0.032 0.058 0.109 0.019 0.047 0.039 0.008 0.034 0.089
36 I 0.059 0.03 0.025 0.026 0.014 0.058 0.037 0.125 0.013 0.155 0.106 0.039 0.027 0.03 0.017 0.037 0.039 0.006 0.018 0.138
37 G 0.117 0.024 0.026 0.025 0.112 0.019 0.027 0.138 0.011 0.071 0.073 0.032 0.019 0.024 0.021 0.055 0.071 0.005 0.016 0.114
38 L 0.097 0.023 0.016 0.019 0.017 0.017 0.023 0.032 0.01 0.168 0.233 0.028 0.037 0.043 0.017 0.036 0.038 0.006 0.02 0.121
39 L 0.148 0.026 0.018 0.021 0.018 0.02 0.028 0.043 0.012 0.085 0.256 0.032 0.036 0.041 0.02 0.048 0.039 0.006 0.02 0.084
40 F 0.035 0.02 0.016 0.016 0.011 0.011 0.019 0.024 0.015 0.072 0.167 0.02 0.03 0.33 0.011 0.025 0.026 0.015 0.074 0.062
41 V 0.108 0.022 0.017 0.02 0.018 0.017 0.024 0.033 0.01 0.179 0.126 0.028 0.03 0.035 0.018 0.04 0.045 0.006 0.02 0.203
42 L 0.05 0.022 0.016 0.017 0.016 0.016 0.02 0.054 0.01 0.148 0.284 0.025 0.041 0.047 0.015 0.027 0.036 0.006 0.021 0.131
43 L 0.044 0.024 0.014 0.015 0.016 0.016 0.02 0.021 0.01 0.113 0.388 0.025 0.049 0.054 0.014 0.024 0.033 0.007 0.022 0.094
44 L 0.044 0.023 0.014 0.015 0.016 0.015 0.019 0.021 0.01 0.148 0.343 0.024 0.046 0.052 0.014 0.024 0.034 0.007 0.022 0.11
45 V 0.107 0.023 0.018 0.02 0.113 0.019 0.025 0.036 0.011 0.126 0.121 0.03 0.055 0.033 0.018 0.043 0.042 0.006 0.019 0.134
46 E 0.115 0.043 0.039 0.068 0.012 0.049 0.204 0.049 0.022 0.027 0.042 0.064 0.014 0.018 0.027 0.096 0.048 0.005 0.017 0.04
47 P 0.047 0.037 0.207 0.061 0.009 0.028 0.043 0.053 0.024 0.023 0.033 0.048 0.011 0.016 0.213 0.058 0.043 0.004 0.014 0.028
48 A 0.155 0.028 0.021 0.023 0.114 0.023 0.03 0.048 0.014 0.065 0.113 0.036 0.081 0.031 0.021 0.055 0.043 0.006 0.019 0.074
49 L 0.044 0.024 0.014 0.015 0.016 0.016 0.02 0.021 0.01 0.113 0.388 0.025 0.049 0.054 0.014 0.024 0.033 0.007 0.022 0.094
50 D 0.049 0.055 0.053 0.191 0.008 0.15 0.096 0.043 0.025 0.024 0.039 0.071 0.016 0.014 0.023 0.053 0.038 0.005 0.017 0.03
51 T 0.115 0.039 0.042 0.051 0.015 0.037 0.11 0.052 0.018 0.037 0.05 0.054 0.016 0.02 0.028 0.116 0.124 0.005 0.017 0.052
52 G 0.107 0.118 0.037 0.036 0.011 0.075 0.057 0.142 0.02 0.027 0.044 0.115 0.015 0.017 0.023 0.057 0.038 0.005 0.016 0.038
53 V 0.056 0.022 0.017 0.017 0.015 0.016 0.023 0.024 0.017 0.118 0.112 0.025 0.027 0.126 0.015 0.03 0.04 0.012 0.096 0.19
54 G 0.062 0.027 0.028 0.027 0.013 0.021 0.029 0.132 0.014 0.092 0.096 0.033 0.051 0.037 0.017 0.074 0.042 0.105 0.028 0.072
55 G 0.061 0.046 0.045 0.121 0.009 0.036 0.104 0.232 0.018 0.022 0.032 0.095 0.011 0.016 0.022 0.052 0.034 0.005 0.013 0.027
56 P 0.112 0.028 0.027 0.029 0.015 0.023 0.035 0.045 0.02 0.077 0.071 0.038 0.019 0.045 0.118 0.084 0.047 0.009 0.08 0.079
57 F 0.087 0.021 0.018 0.019 0.013 0.013 0.023 0.035 0.016 0.058 0.101 0.024 0.023 0.323 0.014 0.037 0.03 0.014 0.073 0.057
58 A 0.186 0.036 0.042 0.04 0.019 0.03 0.047 0.07 0.017 0.034 0.048 0.049 0.016 0.021 0.029 0.174 0.068 0.005 0.017 0.052
59 Y 0.04 0.027 0.021 0.018 0.009 0.021 0.027 0.024 0.046 0.043 0.067 0.031 0.018 0.128 0.015 0.031 0.027 0.027 0.331 0.046
60 L 0.149 0.024 0.019 0.022 0.018 0.018 0.027 0.043 0.011 0.154 0.167 0.032 0.031 0.037 0.02 0.048 0.042 0.006 0.019 0.115
61 D 0.04 0.029 0.068 0.409 0.007 0.029 0.09 0.046 0.018 0.022 0.027 0.044 0.009 0.015 0.022 0.051 0.035 0.004 0.011 0.024
62 E 0.054 0.049 0.04 0.088 0.007 0.063 0.31 0.034 0.025 0.022 0.036 0.074 0.013 0.016 0.025 0.054 0.036 0.005 0.016 0.031
63 L 0.065 0.021 0.015 0.017 0.017 0.015 0.021 0.025 0.009 0.184 0.242 0.025 0.039 0.045 0.015 0.029 0.038 0.006 0.021 0.149
64 A 0.162 0.027 0.026 0.028 0.018 0.022 0.033 0.052 0.013 0.137 0.097 0.037 0.024 0.03 0.023 0.09 0.051 0.005 0.018 0.104
65 C 0.192 0.025 0.023 0.024 0.21 0.02 0.03 0.057 0.012 0.044 0.061 0.034 0.017 0.021 0.024 0.066 0.058 0.005 0.015 0.063
66 L 0.045 0.021 0.014 0.016 0.016 0.015 0.019 0.021 0.009 0.182 0.298 0.024 0.044 0.05 0.014 0.024 0.035 0.006 0.021 0.126
67 L 0.044 0.023 0.014 0.015 0.016 0.015 0.019 0.021 0.01 0.148 0.343 0.024 0.046 0.052 0.014 0.024 0.034 0.007 0.022 0.11
68 F 0.037 0.021 0.016 0.016 0.013 0.013 0.019 0.023 0.014 0.083 0.222 0.021 0.034 0.261 0.012 0.024 0.028 0.013 0.061 0.07
69 C 0.114 0.021 0.018 0.019 0.209 0.016 0.023 0.038 0.009 0.091 0.088 0.027 0.022 0.026 0.019 0.046 0.044 0.005 0.016 0.149
70 F 0.059 0.025 0.028 0.026 0.013 0.018 0.027 0.131 0.015 0.057 0.136 0.03 0.025 0.178 0.016 0.072 0.038 0.01 0.045 0.053
71 W 0.142 0.026 0.019 0.021 0.015 0.019 0.029 0.047 0.014 0.051 0.122 0.031 0.023 0.043 0.017 0.047 0.035 0.204 0.038 0.058
72 A 0.259 0.029 0.028 0.03 0.019 0.024 0.037 0.165 0.014 0.038 0.052 0.042 0.016 0.02 0.027 0.077 0.045 0.005 0.016 0.059
73 L 0.048 0.023 0.019 0.019 0.014 0.015 0.021 0.121 0.012 0.084 0.261 0.025 0.036 0.115 0.014 0.029 0.03 0.009 0.033 0.072
74 L 0.043 0.087 0.019 0.019 0.013 0.02 0.025 0.024 0.013 0.154 0.175 0.042 0.032 0.111 0.014 0.028 0.034 0.008 0.033 0.105
75 K 0.074 0.13 0.099 0.047 0.01 0.043 0.057 0.05 0.022 0.027 0.042 0.161 0.015 0.017 0.024 0.08 0.046 0.005 0.017 0.034
76 L 0.049 0.038 0.024 0.027 0.014 0.082 0.047 0.028 0.016 0.138 0.197 0.047 0.036 0.038 0.017 0.035 0.038 0.006 0.021 0.102
77 L 0.055 0.026 0.017 0.018 0.017 0.02 0.024 0.025 0.011 0.126 0.235 0.029 0.081 0.046 0.016 0.031 0.041 0.007 0.022 0.153
78 G 0.099 0.034 0.049 0.044 0.015 0.028 0.043 0.215 0.017 0.026 0.037 0.047 0.014 0.019 0.026 0.165 0.064 0.005 0.015 0.036
79 G 0.067 0.131 0.039 0.033 0.01 0.029 0.034 0.352 0.017 0.02 0.034 0.062 0.011 0.017 0.019 0.049 0.031 0.006 0.013 0.026
80 R 0.045 0.182 0.1 0.044 0.008 0.044 0.055 0.042 0.093 0.023 0.04 0.125 0.014 0.019 0.021 0.05 0.036 0.006 0.025 0.028
81 R 0.06 0.16 0.043 0.107 0.107 0.034 0.052 0.041 0.018 0.028 0.045 0.071 0.014 0.018 0.021 0.083 0.044 0.005 0.015 0.036
82 R 0.062 0.117 0.1 0.054 0.01 0.043 0.087 0.08 0.023 0.024 0.039 0.115 0.014 0.017 0.024 0.091 0.047 0.005 0.016 0.032
83 L 0.058 0.032 0.038 0.116 0.013 0.031 0.098 0.037 0.016 0.094 0.131 0.044 0.024 0.03 0.021 0.078 0.045 0.005 0.017 0.073
84 R 0.1 0.107 0.027 0.027 0.013 0.031 0.041 0.041 0.016 0.057 0.065 0.1 0.019 0.03 0.02 0.047 0.039 0.105 0.028 0.089
85 L 0.049 0.023 0.014 0.015 0.016 0.016 0.02 0.022 0.01 0.123 0.336 0.025 0.045 0.05 0.014 0.026 0.036 0.007 0.022 0.132
86 G 0.081 0.036 0.103 0.049 0.014 0.029 0.043 0.151 0.019 0.03 0.041 0.047 0.014 0.02 0.025 0.136 0.1 0.005 0.016 0.04
87 G 0.069 0.036 0.033 0.032 0.014 0.062 0.044 0.134 0.016 0.078 0.129 0.045 0.025 0.028 0.02 0.079 0.046 0.006 0.018 0.088
88 G 0.051 0.033 0.033 0.038 0.01 0.031 0.087 0.127 0.092 0.044 0.111 0.041 0.021 0.049 0.018 0.04 0.03 0.011 0.087 0.043
89 E 0.051 0.045 0.045 0.153 0.007 0.056 0.266 0.037 0.024 0.022 0.034 0.068 0.012 0.016 0.025 0.054 0.036 0.005 0.015 0.029
90 K 0.051 0.206 0.04 0.037 0.008 0.05 0.062 0.038 0.021 0.025 0.044 0.222 0.015 0.016 0.024 0.049 0.037 0.005 0.017 0.031
91 L 0.055 0.083 0.028 0.026 0.044 0.027 0.034 0.127 0.014 0.095 0.135 0.092 0.025 0.029 0.018 0.039 0.035 0.006 0.017 0.072
92 G 0.064 0.039 0.029 0.028 0.013 0.024 0.032 0.225 0.013 0.068 0.123 0.082 0.023 0.027 0.019 0.042 0.036 0.006 0.016 0.091
93 L 0.045 0.021 0.014 0.016 0.016 0.015 0.019 0.021 0.009 0.182 0.298 0.024 0.044 0.05 0.014 0.024 0.035 0.006 0.021 0.126
94 L 0.184 0.027 0.02 0.023 0.019 0.021 0.031 0.051 0.012 0.079 0.195 0.035 0.031 0.035 0.022 0.056 0.042 0.006 0.019 0.093
95 A 0.206 0.027 0.026 0.027 0.018 0.022 0.033 0.154 0.013 0.052 0.118 0.038 0.022 0.027 0.024 0.065 0.042 0.006 0.017 0.064
96 V 0.073 0.027 0.028 0.027 0.113 0.021 0.03 0.037 0.012 0.083 0.119 0.034 0.025 0.029 0.021 0.085 0.093 0.005 0.018 0.121
97 A 0.157 0.025 0.024 0.025 0.016 0.019 0.029 0.144 0.013 0.065 0.077 0.033 0.02 0.098 0.021 0.055 0.04 0.008 0.03 0.099
98 L 0.052 0.022 0.015 0.016 0.016 0.015 0.021 0.023 0.01 0.122 0.229 0.024 0.037 0.115 0.014 0.027 0.037 0.008 0.034 0.162
99 L 0.044 0.024 0.014 0.015 0.016 0.016 0.02 0.021 0.01 0.113 0.388 0.025 0.049 0.054 0.014 0.024 0.033 0.007 0.022 0.094
100 C 0.066 0.025 0.024 0.023 0.207 0.02 0.026 0.035 0.012 0.066 0.15 0.031 0.055 0.032 0.018 0.075 0.045 0.006 0.017 0.068
101 C 0.111 0.02 0.022 0.022 0.207 0.016 0.023 0.136 0.01 0.087 0.076 0.028 0.019 0.024 0.019 0.048 0.038 0.005 0.014 0.075
102 L 0.054 0.022 0.015 0.016 0.017 0.015 0.021 0.022 0.009 0.167 0.239 0.025 0.039 0.044 0.015 0.027 0.04 0.006 0.021 0.186
103 G 0.077 0.022 0.038 0.033 0.011 0.019 0.025 0.52 0.013 0.019 0.028 0.033 0.009 0.016 0.019 0.05 0.029 0.005 0.011 0.024
104 L 0.042 0.023 0.014 0.015 0.015 0.015 0.02 0.022 0.011 0.103 0.333 0.024 0.044 0.123 0.013 0.024 0.031 0.009 0.035 0.086
105 L 0.153 0.026 0.019 0.021 0.019 0.02 0.028 0.044 0.011 0.094 0.204 0.032 0.033 0.037 0.02 0.049 0.042 0.006 0.02 0.121
106 G 0.085 0.027 0.042 0.037 0.012 0.022 0.032 0.398 0.015 0.021 0.031 0.038 0.011 0.017 0.021 0.1 0.043 0.005 0.012 0.028
107 N 0.042 0.044 0.33 0.081 0.009 0.033 0.048 0.064 0.031 0.022 0.031 0.053 0.011 0.018 0.02 0.068 0.048 0.004 0.015 0.026
108 L 0.052 0.021 0.015 0.017 0.016 0.014 0.02 0.023 0.01 0.157 0.184 0.024 0.034 0.113 0.014 0.028 0.039 0.008 0.034 0.178
109 V 0.075 0.02 0.016 0.018 0.018 0.016 0.022 0.026 0.009 0.203 0.138 0.026 0.032 0.037 0.016 0.033 0.045 0.006 0.02 0.225
110 Y 0.058 0.03 0.031 0.028 0.013 0.023 0.033 0.036 0.028 0.046 0.07 0.035 0.019 0.14 0.019 0.082 0.084 0.016 0.157 0.051
111 G 0.083 0.096 0.044 0.038 0.013 0.03 0.041 0.24 0.017 0.024 0.037 0.058 0.013 0.018 0.023 0.123 0.051 0.005 0.015 0.032
112 Y 0.05 0.023 0.018 0.018 0.013 0.017 0.024 0.024 0.025 0.094 0.1 0.026 0.025 0.145 0.015 0.03 0.035 0.016 0.158 0.142
113 Q 0.055 0.072 0.043 0.046 0.009 0.23 0.101 0.04 0.029 0.026 0.046 0.089 0.02 0.014 0.023 0.055 0.04 0.006 0.02 0.035
114 P 0.065 0.038 0.04 0.088 0.011 0.066 0.058 0.076 0.018 0.025 0.037 0.053 0.013 0.015 0.216 0.085 0.045 0.004 0.015 0.032
115 A 0.128 0.036 0.037 0.046 0.016 0.034 0.095 0.053 0.017 0.057 0.061 0.05 0.018 0.023 0.026 0.128 0.059 0.005 0.018 0.093
116 L 0.097 0.046 0.027 0.038 0.012 0.034 0.092 0.041 0.017 0.047 0.115 0.091 0.022 0.033 0.021 0.047 0.036 0.105 0.028 0.051
117 F 0.054 0.031 0.029 0.038 0.011 0.028 0.085 0.035 0.025 0.044 0.074 0.039 0.019 0.193 0.018 0.074 0.039 0.014 0.108 0.045
118 A 0.304 0.03 0.025 0.029 0.021 0.025 0.04 0.077 0.015 0.042 0.058 0.044 0.017 0.021 0.029 0.083 0.049 0.005 0.017 0.067
119 V 0.06 0.02 0.015 0.017 0.018 0.015 0.021 0.023 0.008 0.211 0.142 0.025 0.033 0.038 0.015 0.029 0.045 0.006 0.02 0.239
120 A 0.304 0.03 0.025 0.029 0.021 0.025 0.04 0.077 0.015 0.042 0.058 0.044 0.017 0.021 0.029 0.083 0.049 0.005 0.017 0.067
121 I 0.055 0.019 0.015 0.017 0.017 0.014 0.02 0.022 0.008 0.236 0.15 0.024 0.034 0.04 0.015 0.028 0.043 0.006 0.02 0.217
122 D 0.04 0.029 0.068 0.409 0.007 0.029 0.09 0.046 0.018 0.022 0.027 0.044 0.009 0.015 0.022 0.051 0.035 0.004 0.011 0.024
123 L 0.094 0.024 0.017 0.018 0.016 0.017 0.024 0.033 0.012 0.089 0.267 0.027 0.038 0.116 0.016 0.036 0.034 0.009 0.034 0.081
124 F 0.035 0.02 0.016 0.016 0.011 0.011 0.019 0.024 0.015 0.072 0.167 0.02 0.03 0.33 0.011 0.025 0.026 0.015 0.074 0.062
125 T 0.072 0.035 0.043 0.037 0.017 0.027 0.039 0.043 0.014 0.052 0.064 0.045 0.019 0.023 0.027 0.091 0.261 0.006 0.017 0.07
126 C 0.064 0.016 0.016 0.016 0.494 0.012 0.016 0.032 0.008 0.044 0.064 0.02 0.016 0.02 0.016 0.04 0.036 0.004 0.012 0.056
127 L 0.047 0.028 0.084 0.033 0.014 0.02 0.029 0.034 0.016 0.107 0.152 0.033 0.028 0.107 0.017 0.046 0.081 0.008 0.032 0.084
128 K 0.056 0.105 0.041 0.041 0.008 0.052 0.069 0.042 0.02 0.027 0.042 0.292 0.015 0.015 0.027 0.052 0.039 0.005 0.017 0.032
129 F 0.043 0.019 0.016 0.017 0.013 0.012 0.019 0.024 0.013 0.127 0.126 0.021 0.028 0.255 0.012 0.026 0.032 0.012 0.06 0.124
130 F 0.051 0.023 0.023 0.023 0.013 0.015 0.025 0.032 0.015 0.1 0.108 0.026 0.025 0.252 0.015 0.067 0.039 0.012 0.06 0.075
131 L 0.101 0.023 0.017 0.019 0.018 0.017 0.024 0.033 0.01 0.143 0.225 0.028 0.036 0.041 0.018 0.038 0.04 0.006 0.02 0.143
132 A 0.257 0.029 0.023 0.027 0.021 0.023 0.036 0.066 0.013 0.066 0.072 0.04 0.02 0.024 0.027 0.073 0.049 0.005 0.018 0.111
133 Y 0.038 0.026 0.02 0.018 0.009 0.019 0.026 0.025 0.04 0.047 0.076 0.028 0.02 0.182 0.014 0.029 0.027 0.025 0.282 0.047
134 L 0.051 0.023 0.017 0.017 0.015 0.016 0.022 0.024 0.018 0.108 0.164 0.025 0.031 0.13 0.014 0.029 0.036 0.012 0.096 0.152
135 S 0.141 0.034 0.045 0.041 0.017 0.028 0.044 0.158 0.017 0.03 0.042 0.047 0.015 0.02 0.027 0.168 0.064 0.005 0.016 0.043
136 L 0.149 0.028 0.02 0.022 0.018 0.022 0.029 0.045 0.013 0.082 0.217 0.034 0.062 0.039 0.02 0.05 0.041 0.006 0.02 0.083
137 L 0.056 0.107 0.03 0.028 0.109 0.031 0.039 0.034 0.015 0.052 0.121 0.1 0.023 0.026 0.021 0.05 0.081 0.006 0.017 0.056
138 I 0.053 0.031 0.022 0.023 0.014 0.059 0.038 0.026 0.02 0.152 0.112 0.039 0.028 0.052 0.017 0.034 0.039 0.01 0.082 0.149
139 L 0.059 0.022 0.015 0.016 0.018 0.016 0.022 0.023 0.009 0.142 0.232 0.025 0.038 0.042 0.015 0.029 0.042 0.006 0.021 0.208
140 L 0.046 0.026 0.078 0.029 0.014 0.018 0.026 0.031 0.015 0.094 0.209 0.029 0.033 0.112 0.015 0.035 0.037 0.008 0.033 0.11
141 D 0.055 0.1 0.102 0.117 0.01 0.033 0.054 0.046 0.027 0.028 0.042 0.06 0.014 0.04 0.021 0.086 0.045 0.009 0.078 0.034
142 D 0.042 0.141 0.054 0.156 0.008 0.039 0.065 0.039 0.133 0.023 0.037 0.07 0.013 0.021 0.02 0.046 0.032 0.006 0.029 0.026
143 G 0.066 0.038 0.034 0.031 0.011 0.024 0.032 0.324 0.014 0.074 0.058 0.083 0.016 0.021 0.019 0.046 0.033 0.005 0.014 0.055
144 R 0.052 0.132 0.093 0.051 0.01 0.042 0.099 0.039 0.022 0.051 0.057 0.101 0.017 0.02 0.021 0.05 0.041 0.005 0.017 0.08
145 C 0.065 0.051 0.033 0.04 0.108 0.029 0.086 0.103 0.017 0.035 0.057 0.045 0.016 0.094 0.02 0.08 0.042 0.007 0.029 0.041
146 V 0.07 0.022 0.017 0.018 0.019 0.017 0.023 0.025 0.008 0.165 0.131 0.026 0.032 0.036 0.017 0.033 0.05 0.006 0.021 0.266
147 R 0.043 0.295 0.041 0.032 0.008 0.045 0.051 0.033 0.092 0.023 0.044 0.103 0.015 0.02 0.019 0.043 0.033 0.006 0.025 0.029
148 L 0.106 0.024 0.022 0.023 0.113 0.019 0.026 0.038 0.011 0.107 0.148 0.031 0.027 0.032 0.02 0.052 0.084 0.006 0.018 0.092
149 L 0.057 0.023 0.015 0.016 0.018 0.016 0.022 0.023 0.009 0.14 0.253 0.026 0.041 0.045 0.015 0.029 0.041 0.006 0.021 0.183
150 L 0.042 0.025 0.017 0.016 0.013 0.018 0.023 0.022 0.024 0.085 0.26 0.027 0.037 0.083 0.014 0.027 0.031 0.015 0.146 0.075
151 S 0.082 0.084 0.053 0.117 0.013 0.035 0.06 0.055 0.019 0.027 0.039 0.076 0.014 0.019 0.026 0.161 0.062 0.005 0.016 0.036
152 L 0.146 0.025 0.019 0.021 0.017 0.018 0.028 0.044 0.013 0.075 0.201 0.031 0.031 0.11 0.019 0.048 0.038 0.008 0.033 0.075
153 C 0.106 0.019 0.018 0.019 0.303 0.014 0.021 0.039 0.011 0.047 0.072 0.024 0.018 0.096 0.017 0.046 0.036 0.007 0.028 0.058
154 L 0.051 0.032 0.02 0.022 0.015 0.058 0.036 0.025 0.013 0.14 0.223 0.038 0.037 0.04 0.016 0.032 0.039 0.006 0.021 0.136
155 G 0.067 0.028 0.091 0.039 0.013 0.022 0.031 0.233 0.015 0.062 0.06 0.037 0.017 0.022 0.019 0.055 0.069 0.005 0.015 0.1
156 V 0.061 0.02 0.016 0.017 0.018 0.015 0.021 0.023 0.008 0.203 0.14 0.025 0.033 0.038 0.016 0.03 0.045 0.006 0.02 0.247
157 G 0.075 0.022 0.034 0.03 0.012 0.018 0.025 0.421 0.012 0.047 0.048 0.032 0.014 0.02 0.018 0.047 0.033 0.005 0.013 0.076
158 K 0.055 0.122 0.041 0.04 0.008 0.052 0.068 0.042 0.02 0.027 0.043 0.281 0.015 0.015 0.027 0.052 0.039 0.005 0.017 0.032
159 L 0.111 0.024 0.017 0.019 0.016 0.018 0.025 0.037 0.012 0.101 0.203 0.029 0.032 0.045 0.017 0.039 0.036 0.105 0.029 0.085
160 F 0.037 0.021 0.017 0.017 0.011 0.014 0.021 0.024 0.021 0.068 0.158 0.022 0.028 0.276 0.012 0.026 0.027 0.017 0.123 0.06
161 V 0.055 0.02 0.015 0.017 0.017 0.015 0.02 0.022 0.009 0.201 0.194 0.024 0.037 0.042 0.015 0.027 0.042 0.006 0.021 0.201
162 A 0.172 0.025 0.02 0.023 0.019 0.02 0.029 0.048 0.011 0.139 0.105 0.033 0.026 0.031 0.022 0.054 0.046 0.005 0.019 0.153
163 I 0.138 0.023 0.018 0.021 0.018 0.018 0.026 0.04 0.01 0.171 0.119 0.031 0.028 0.034 0.02 0.046 0.045 0.006 0.019 0.167
164 A 0.214 0.032 0.03 0.031 0.019 0.027 0.04 0.065 0.016 0.051 0.082 0.044 0.049 0.026 0.026 0.104 0.053 0.006 0.018 0.067
165 L 0.084 0.025 0.018 0.019 0.016 0.018 0.025 0.031 0.013 0.103 0.18 0.028 0.061 0.112 0.016 0.037 0.039 0.008 0.034 0.132
166 I 0.047 0.017 0.015 0.017 0.11 0.012 0.017 0.023 0.01 0.192 0.134 0.022 0.03 0.11 0.014 0.028 0.036 0.008 0.032 0.126
167 G 0.063 0.019 0.025 0.023 0.204 0.014 0.02 0.226 0.012 0.037 0.059 0.025 0.015 0.094 0.016 0.041 0.031 0.007 0.026 0.043
168 L 0.046 0.028 0.018 0.018 0.014 0.022 0.024 0.024 0.019 0.093 0.246 0.03 0.094 0.066 0.015 0.03 0.034 0.011 0.084 0.083
169 L 0.101 0.023 0.017 0.019 0.018 0.017 0.024 0.033 0.01 0.143 0.225 0.028 0.036 0.041 0.018 0.038 0.04 0.006 0.02 0.143
170 L 0.101 0.025 0.017 0.018 0.018 0.018 0.024 0.033 0.01 0.109 0.27 0.029 0.039 0.043 0.017 0.037 0.039 0.006 0.021 0.127
171 N 0.041 0.041 0.167 0.129 0.008 0.034 0.058 0.05 0.163 0.022 0.033 0.048 0.012 0.022 0.02 0.054 0.037 0.005 0.031 0.024
172 Q 0.055 0.052 0.032 0.034 0.012 0.144 0.069 0.033 0.021 0.07 0.131 0.064 0.028 0.026 0.02 0.044 0.04 0.006 0.021 0.096
173 F 0.109 0.026 0.025 0.026 0.016 0.019 0.03 0.043 0.015 0.071 0.09 0.032 0.023 0.175 0.019 0.08 0.046 0.01 0.046 0.1
174 G 0.062 0.022 0.024 0.023 0.014 0.016 0.022 0.221 0.011 0.119 0.147 0.028 0.027 0.033 0.016 0.036 0.036 0.006 0.017 0.12
175 G 0.065 0.023 0.035 0.102 0.013 0.02 0.037 0.226 0.012 0.085 0.07 0.032 0.018 0.024 0.018 0.043 0.037 0.005 0.015 0.12
176 V 0.06 0.02 0.015 0.017 0.018 0.015 0.021 0.023 0.008 0.211 0.142 0.025 0.033 0.038 0.015 0.029 0.045 0.006 0.02 0.239
177 G 0.068 0.033 0.036 0.035 0.01 0.061 0.042 0.327 0.016 0.021 0.033 0.046 0.012 0.015 0.116 0.05 0.033 0.005 0.013 0.027
178 L 0.05 0.03 0.019 0.019 0.016 0.025 0.026 0.026 0.015 0.101 0.232 0.033 0.151 0.049 0.015 0.033 0.038 0.008 0.023 0.091
179 G 0.088 0.032 0.045 0.04 0.015 0.026 0.038 0.242 0.016 0.03 0.04 0.043 0.014 0.019 0.024 0.132 0.096 0.005 0.015 0.04
180 S 0.109 0.04 0.053 0.048 0.017 0.033 0.052 0.066 0.019 0.029 0.041 0.053 0.016 0.021 0.029 0.229 0.081 0.005 0.017 0.041
181 G 0.055 0.026 0.037 0.103 0.012 0.022 0.04 0.131 0.02 0.084 0.07 0.035 0.018 0.045 0.019 0.049 0.078 0.01 0.078 0.067
182 E 0.05 0.172 0.039 0.065 0.007 0.057 0.207 0.033 0.024 0.022 0.04 0.092 0.014 0.017 0.023 0.05 0.035 0.006 0.017 0.031
183 R 0.056 0.102 0.038 0.042 0.012 0.038 0.095 0.034 0.087 0.056 0.062 0.061 0.019 0.024 0.021 0.052 0.081 0.006 0.025 0.087
184 R 0.047 0.225 0.035 0.029 0.01 0.036 0.042 0.033 0.02 0.037 0.063 0.083 0.018 0.095 0.019 0.049 0.078 0.008 0.031 0.043
185 F 0.037 0.021 0.017 0.017 0.011 0.014 0.02 0.025 0.016 0.069 0.128 0.022 0.055 0.329 0.011 0.027 0.028 0.015 0.074 0.061
186 G 0.077 0.022 0.038 0.033 0.011 0.019 0.025 0.52 0.013 0.019 0.028 0.033 0.009 0.016 0.019 0.05 0.029 0.005 0.011 0.024
187 I 0.051 0.018 0.015 0.017 0.016 0.014 0.018 0.021 0.009 0.261 0.157 0.024 0.035 0.042 0.015 0.026 0.041 0.006 0.02 0.195
188 P 0.103 0.109 0.03 0.032 0.011 0.033 0.046 0.044 0.017 0.029 0.043 0.107 0.014 0.016 0.216 0.053 0.039 0.004 0.015 0.038
189 C 0.155 0.027 0.082 0.034 0.208 0.021 0.032 0.056 0.015 0.039 0.055 0.036 0.015 0.02 0.022 0.063 0.044 0.005 0.015 0.055
190 F 0.036 0.022 0.018 0.017 0.01 0.015 0.022 0.025 0.028 0.054 0.094 0.023 0.022 0.291 0.012 0.027 0.026 0.021 0.185 0.051
191 L 0.052 0.101 0.026 0.026 0.013 0.067 0.044 0.029 0.017 0.084 0.16 0.059 0.058 0.033 0.018 0.038 0.039 0.006 0.021 0.107
192 F 0.033 0.019 0.017 0.017 0.01 0.01 0.019 0.025 0.017 0.062 0.112 0.019 0.025 0.399 0.01 0.025 0.025 0.017 0.087 0.054
193 L 0.052 0.021 0.015 0.017 0.016 0.014 0.02 0.023 0.01 0.157 0.184 0.024 0.034 0.113 0.014 0.028 0.039 0.008 0.034 0.178
194 F 0.033 0.019 0.017 0.017 0.01 0.01 0.019 0.025 0.017 0.062 0.112 0.019 0.025 0.399 0.01 0.025 0.025 0.017 0.087 0.054
195 G 0.128 0.027 0.039 0.035 0.014 0.023 0.033 0.34 0.015 0.025 0.037 0.039 0.012 0.018 0.023 0.094 0.043 0.005 0.013 0.036
196 H 0.041 0.045 0.052 0.037 0.007 0.037 0.052 0.037 0.368 0.022 0.037 0.045 0.015 0.03 0.019 0.041 0.026 0.007 0.056 0.022
197 P 0.059 0.027 0.027 0.032 0.012 0.022 0.036 0.037 0.013 0.031 0.041 0.041 0.012 0.015 0.408 0.053 0.081 0.003 0.014 0.038
198 S 0.093 0.038 0.049 0.043 0.017 0.03 0.046 0.056 0.017 0.038 0.05 0.05 0.017 0.022 0.028 0.177 0.153 0.005 0.017 0.052
199 N 0.044 0.045 0.272 0.083 0.009 0.039 0.101 0.058 0.03 0.022 0.032 0.057 0.011 0.017 0.021 0.065 0.046 0.005 0.016 0.027
200 L 0.039 0.022 0.016 0.016 0.012 0.015 0.021 0.023 0.02 0.079 0.213 0.023 0.033 0.207 0.013 0.026 0.029 0.015 0.11 0.068
201 A 0.218 0.03 0.029 0.031 0.02 0.025 0.039 0.064 0.014 0.064 0.069 0.042 0.02 0.024 0.027 0.103 0.055 0.005 0.018 0.105
202 A 0.304 0.03 0.025 0.029 0.021 0.025 0.04 0.077 0.015 0.042 0.058 0.044 0.017 0.021 0.029 0.083 0.049 0.005 0.017 0.067
203 Y 0.12 0.033 0.035 0.032 0.015 0.027 0.039 0.051 0.029 0.037 0.055 0.042 0.017 0.064 0.024 0.123 0.053 0.014 0.143 0.048
204 C 0.058 0.018 0.015 0.017 0.208 0.013 0.018 0.026 0.008 0.164 0.117 0.022 0.027 0.032 0.015 0.032 0.04 0.005 0.017 0.148
205 V 0.069 0.021 0.016 0.017 0.019 0.016 0.023 0.024 0.008 0.161 0.128 0.026 0.031 0.035 0.016 0.032 0.048 0.005 0.02 0.283
206 G 0.077 0.022 0.038 0.033 0.011 0.019 0.025 0.52 0.013 0.019 0.028 0.033 0.009 0.016 0.019 0.05 0.029 0.005 0.011 0.024
207 L 0.052 0.021 0.015 0.017 0.016 0.014 0.02 0.023 0.01 0.157 0.184 0.024 0.034 0.113 0.014 0.028 0.039 0.008 0.034 0.178
208 F 0.065 0.028 0.031 0.029 0.014 0.02 0.032 0.04 0.016 0.059 0.139 0.034 0.026 0.178 0.019 0.109 0.049 0.01 0.046 0.057
209 A 0.304 0.03 0.025 0.029 0.021 0.025 0.04 0.077 0.015 0.042 0.058 0.044 0.017 0.021 0.029 0.083 0.049 0.005 0.017 0.067
210 L 0.044 0.024 0.014 0.015 0.016 0.016 0.02 0.021 0.01 0.113 0.388 0.025 0.049 0.054 0.014 0.024 0.033 0.007 0.022 0.094
211 L 0.045 0.025 0.015 0.016 0.016 0.018 0.021 0.022 0.011 0.11 0.349 0.027 0.074 0.052 0.014 0.026 0.034 0.007 0.022 0.094
212 L 0.045 0.026 0.017 0.017 0.015 0.019 0.023 0.024 0.014 0.097 0.255 0.028 0.095 0.12 0.014 0.029 0.034 0.009 0.036 0.085
213 V 0.095 0.096 0.03 0.028 0.016 0.029 0.037 0.04 0.015 0.075 0.097 0.054 0.052 0.029 0.021 0.067 0.089 0.006 0.019 0.106
214 D 0.048 0.028 0.062 0.334 0.008 0.027 0.077 0.14 0.017 0.021 0.028 0.042 0.009 0.015 0.021 0.051 0.034 0.004 0.011 0.024
215 A 0.148 0.105 0.032 0.054 0.013 0.033 0.047 0.051 0.023 0.035 0.053 0.089 0.016 0.041 0.024 0.059 0.039 0.01 0.08 0.048
216 K 0.051 0.206 0.04 0.037 0.008 0.05 0.062 0.038 0.021 0.025 0.044 0.222 0.015 0.016 0.024 0.049 0.037 0.005 0.017 0.031
217 K 0.066 0.069 0.04 0.041 0.011 0.078 0.065 0.045 0.02 0.027 0.041 0.153 0.015 0.016 0.122 0.088 0.047 0.005 0.017 0.034
218 N 0.045 0.052 0.272 0.076 0.009 0.038 0.069 0.059 0.029 0.023 0.033 0.086 0.012 0.017 0.021 0.065 0.046 0.005 0.016 0.028
219 K 0.103 0.124 0.034 0.033 0.012 0.039 0.051 0.044 0.018 0.065 0.064 0.155 0.019 0.021 0.024 0.056 0.055 0.005 0.017 0.06
220 L 0.053 0.022 0.02 0.019 0.014 0.015 0.021 0.122 0.012 0.094 0.209 0.025 0.032 0.111 0.015 0.031 0.034 0.008 0.032 0.11
221 W 0.089 0.026 0.02 0.019 0.011 0.02 0.028 0.037 0.027 0.037 0.059 0.03 0.017 0.079 0.015 0.038 0.03 0.213 0.163 0.044
222 L 0.045 0.02 0.014 0.016 0.016 0.014 0.018 0.02 0.009 0.216 0.254 0.024 0.041 0.047 0.014 0.024 0.037 0.006 0.021 0.142
223 V 0.126 0.026 0.023 0.024 0.018 0.02 0.029 0.041 0.011 0.129 0.121 0.034 0.027 0.032 0.021 0.055 0.088 0.006 0.019 0.148
224 L 0.108 0.023 0.022 0.022 0.112 0.017 0.024 0.134 0.011 0.069 0.168 0.029 0.027 0.032 0.018 0.045 0.037 0.006 0.017 0.08
225 C 0.081 0.023 0.032 0.1 0.301 0.019 0.037 0.042 0.012 0.037 0.053 0.031 0.015 0.019 0.02 0.071 0.042 0.004 0.013 0.048
226 I 0.052 0.018 0.016 0.017 0.111 0.013 0.018 0.024 0.01 0.168 0.127 0.022 0.029 0.108 0.014 0.029 0.037 0.008 0.032 0.148
227 L 0.049 0.022 0.014 0.016 0.016 0.015 0.02 0.021 0.009 0.157 0.291 0.025 0.043 0.048 0.014 0.026 0.037 0.006 0.021 0.148
228 L 0.045 0.021 0.014 0.016 0.016 0.015 0.019 0.021 0.009 0.182 0.298 0.024 0.044 0.05 0.014 0.024 0.035 0.006 0.021 0.126
229 L 0.044 0.024 0.014 0.015 0.016 0.016 0.02 0.021 0.01 0.113 0.388 0.025 0.049 0.054 0.014 0.024 0.033 0.007 0.022 0.094
230 L 0.044 0.02 0.015 0.016 0.015 0.014 0.019 0.022 0.011 0.164 0.241 0.023 0.039 0.118 0.014 0.025 0.034 0.008 0.034 0.125
231 S 0.087 0.032 0.043 0.039 0.014 0.025 0.04 0.148 0.017 0.034 0.053 0.042 0.016 0.095 0.023 0.156 0.059 0.007 0.03 0.04
232 T 0.079 0.036 0.045 0.039 0.017 0.028 0.041 0.047 0.015 0.048 0.059 0.046 0.019 0.023 0.027 0.12 0.225 0.006 0.017 0.064
233 L 0.056 0.04 0.029 0.028 0.015 0.068 0.044 0.033 0.018 0.075 0.138 0.048 0.114 0.036 0.019 0.05 0.084 0.007 0.022 0.075
234 R 0.044 0.358 0.038 0.03 0.008 0.047 0.051 0.032 0.023 0.023 0.046 0.118 0.015 0.017 0.019 0.044 0.034 0.006 0.017 0.03
235 F 0.143 0.025 0.021 0.022 0.014 0.018 0.029 0.046 0.022 0.05 0.082 0.031 0.02 0.194 0.019 0.049 0.035 0.014 0.108 0.058
236 K 0.056 0.105 0.041 0.041 0.008 0.052 0.069 0.042 0.02 0.027 0.042 0.292 0.015 0.015 0.027 0.052 0.039 0.005 0.017 0.032
237 A 0.304 0.03 0.025 0.029 0.021 0.025 0.04 0.077 0.015 0.042 0.058 0.044 0.017 0.021 0.029 0.083 0.049 0.005 0.017 0.067
238 I 0.055 0.019 0.015 0.017 0.017 0.014 0.02 0.022 0.008 0.236 0.15 0.024 0.034 0.04 0.015 0.028 0.043 0.006 0.02 0.217
239 A 0.259 0.029 0.028 0.03 0.019 0.024 0.037 0.165 0.014 0.038 0.052 0.042 0.016 0.02 0.027 0.077 0.045 0.005 0.016 0.059
240 F 0.039 0.021 0.017 0.017 0.013 0.014 0.02 0.024 0.015 0.114 0.139 0.023 0.058 0.257 0.012 0.027 0.031 0.013 0.061 0.085
241 A 0.21 0.027 0.022 0.024 0.02 0.022 0.033 0.056 0.012 0.09 0.086 0.036 0.023 0.027 0.024 0.063 0.049 0.005 0.018 0.154
242 F 0.15 0.024 0.024 0.025 0.015 0.018 0.028 0.145 0.015 0.046 0.074 0.032 0.019 0.171 0.02 0.053 0.035 0.01 0.044 0.053
243 V 0.063 0.02 0.016 0.017 0.018 0.015 0.021 0.023 0.008 0.194 0.138 0.025 0.032 0.037 0.016 0.03 0.046 0.005 0.02 0.254
244 I 0.048 0.023 0.016 0.018 0.016 0.019 0.022 0.023 0.012 0.199 0.191 0.028 0.093 0.046 0.015 0.029 0.039 0.007 0.022 0.135
245 L 0.052 0.024 0.02 0.02 0.015 0.018 0.022 0.122 0.011 0.126 0.232 0.028 0.064 0.043 0.015 0.032 0.035 0.007 0.02 0.095
246 F 0.042 0.02 0.016 0.016 0.013 0.013 0.02 0.024 0.014 0.092 0.17 0.021 0.031 0.257 0.012 0.026 0.031 0.012 0.061 0.108
247 F 0.149 0.027 0.025 0.026 0.016 0.02 0.031 0.049 0.015 0.052 0.081 0.034 0.021 0.173 0.021 0.061 0.082 0.01 0.045 0.062
248 L 0.048 0.027 0.016 0.017 0.016 0.021 0.023 0.024 0.012 0.11 0.292 0.029 0.099 0.05 0.015 0.029 0.036 0.007 0.022 0.105
249 F 0.049 0.021 0.016 0.017 0.015 0.014 0.021 0.024 0.012 0.112 0.173 0.023 0.032 0.184 0.013 0.028 0.036 0.01 0.047 0.154
250 G 0.107 0.092 0.028 0.026 0.013 0.026 0.033 0.135 0.021 0.058 0.065 0.05 0.018 0.043 0.02 0.048 0.038 0.01 0.079 0.09
251 G 0.077 0.023 0.039 0.033 0.011 0.019 0.025 0.516 0.013 0.019 0.028 0.033 0.009 0.016 0.019 0.051 0.029 0.005 0.011 0.024
252 L 0.171 0.027 0.02 0.022 0.019 0.021 0.03 0.049 0.012 0.078 0.221 0.034 0.033 0.038 0.022 0.054 0.041 0.006 0.02 0.082
253 F 0.094 0.022 0.018 0.019 0.014 0.014 0.024 0.035 0.014 0.078 0.104 0.025 0.025 0.251 0.015 0.038 0.034 0.012 0.06 0.102
254 R 0.065 0.179 0.042 0.037 0.012 0.041 0.052 0.043 0.02 0.031 0.048 0.125 0.016 0.019 0.024 0.093 0.09 0.005 0.017 0.041
255 R 0.044 0.356 0.038 0.03 0.008 0.048 0.051 0.032 0.023 0.023 0.046 0.118 0.015 0.017 0.019 0.044 0.034 0.006 0.017 0.03
256 G 0.063 0.029 0.05 0.159 0.012 0.025 0.051 0.202 0.015 0.031 0.04 0.041 0.013 0.018 0.023 0.064 0.108 0.005 0.013 0.039
257 D 0.049 0.033 0.148 0.216 0.009 0.028 0.062 0.157 0.021 0.021 0.029 0.045 0.01 0.016 0.021 0.057 0.038 0.004 0.012 0.025
258 R 0.055 0.198 0.039 0.035 0.009 0.043 0.052 0.144 0.02 0.023 0.041 0.157 0.014 0.016 0.022 0.048 0.035 0.005 0.016 0.03
259 K 0.051 0.155 0.035 0.033 0.01 0.043 0.054 0.035 0.019 0.078 0.068 0.192 0.019 0.021 0.022 0.045 0.038 0.005 0.018 0.06
260 P 0.059 0.026 0.024 0.026 0.014 0.02 0.03 0.032 0.011 0.075 0.13 0.035 0.024 0.027 0.213 0.047 0.083 0.005 0.017 0.102
261 S 0.082 0.048 0.041 0.038 0.016 0.032 0.047 0.048 0.016 0.06 0.063 0.094 0.019 0.023 0.026 0.129 0.102 0.005 0.018 0.093
262 R 0.063 0.193 0.037 0.033 0.012 0.039 0.048 0.039 0.019 0.052 0.061 0.11 0.018 0.021 0.022 0.081 0.047 0.005 0.018 0.083
263 L 0.039 0.022 0.015 0.016 0.014 0.014 0.019 0.022 0.013 0.093 0.277 0.022 0.039 0.192 0.013 0.024 0.03 0.011 0.048 0.078
264 V 0.072 0.028 0.028 0.027 0.018 0.022 0.031 0.035 0.012 0.103 0.15 0.035 0.029 0.033 0.02 0.083 0.094 0.006 0.019 0.154
265 F 0.034 0.02 0.018 0.017 0.01 0.013 0.02 0.025 0.022 0.058 0.103 0.021 0.024 0.345 0.011 0.026 0.025 0.019 0.136 0.052
266 L 0.058 0.026 0.025 0.023 0.015 0.019 0.025 0.125 0.011 0.085 0.234 0.03 0.034 0.039 0.018 0.043 0.079 0.006 0.019 0.088
267 F 0.09 0.021 0.018 0.019 0.014 0.014 0.023 0.034 0.015 0.103 0.112 0.025 0.026 0.252 0.015 0.037 0.033 0.012 0.06 0.08
268 L 0.049 0.023 0.014 0.015 0.016 0.016 0.02 0.022 0.01 0.123 0.336 0.025 0.045 0.05 0.014 0.026 0.036 0.007 0.022 0.132
269 L 0.056 0.02 0.019 0.02 0.015 0.015 0.02 0.121 0.01 0.173 0.174 0.026 0.032 0.038 0.015 0.031 0.038 0.006 0.019 0.15
270 V 0.115 0.025 0.023 0.023 0.114 0.019 0.028 0.04 0.01 0.092 0.088 0.032 0.023 0.027 0.021 0.056 0.089 0.005 0.017 0.152
271 G 0.189 0.027 0.032 0.031 0.016 0.022 0.033 0.297 0.014 0.031 0.043 0.039 0.013 0.019 0.024 0.067 0.039 0.005 0.014 0.046
272 A 0.257 0.029 0.023 0.027 0.021 0.023 0.036 0.066 0.013 0.066 0.072 0.04 0.02 0.024 0.027 0.073 0.049 0.005 0.018 0.111
273 V 0.059 0.02 0.016 0.018 0.018 0.015 0.021 0.023 0.009 0.217 0.149 0.025 0.034 0.04 0.016 0.029 0.045 0.006 0.021 0.222
274 L 0.057 0.023 0.015 0.017 0.018 0.016 0.022 0.023 0.009 0.14 0.252 0.026 0.041 0.045 0.015 0.029 0.041 0.006 0.021 0.182
275 A 0.199 0.036 0.04 0.039 0.02 0.029 0.047 0.072 0.017 0.037 0.051 0.049 0.017 0.021 0.03 0.152 0.066 0.005 0.018 0.055
276 V 0.079 0.023 0.016 0.018 0.018 0.017 0.023 0.027 0.009 0.144 0.175 0.027 0.034 0.038 0.017 0.034 0.045 0.006 0.02 0.231
277 F 0.053 0.023 0.021 0.021 0.013 0.017 0.023 0.124 0.014 0.081 0.114 0.026 0.053 0.179 0.014 0.034 0.033 0.01 0.046 0.101
278 L 0.1 0.024 0.017 0.018 0.017 0.017 0.024 0.033 0.011 0.105 0.251 0.028 0.037 0.066 0.017 0.037 0.039 0.007 0.025 0.124
279 G 0.213 0.027 0.03 0.031 0.017 0.022 0.034 0.254 0.014 0.033 0.046 0.039 0.014 0.019 0.025 0.07 0.041 0.005 0.015 0.05
280 A 0.192 0.034 0.036 0.035 0.019 0.028 0.043 0.065 0.016 0.045 0.069 0.046 0.038 0.024 0.027 0.138 0.06 0.006 0.018 0.06
281 D 0.04 0.029 0.049 0.253 0.008 0.026 0.065 0.037 0.029 0.03 0.043 0.039 0.013 0.06 0.019 0.043 0.032 0.013 0.139 0.033
282 Q 0.055 0.072 0.043 0.046 0.009 0.23 0.101 0.04 0.029 0.026 0.046 0.089 0.02 0.014 0.023 0.055 0.04 0.006 0.02 0.035
283 L 0.045 0.021 0.014 0.016 0.016 0.015 0.019 0.021 0.009 0.182 0.298 0.024 0.044 0.05 0.014 0.024 0.035 0.006 0.021 0.126
284 D 0.052 0.048 0.053 0.19 0.01 0.109 0.084 0.043 0.022 0.03 0.042 0.062 0.016 0.016 0.023 0.061 0.082 0.005 0.016 0.037
285 F 0.053 0.034 0.033 0.047 0.012 0.034 0.122 0.034 0.019 0.046 0.071 0.046 0.019 0.146 0.021 0.057 0.107 0.009 0.04 0.052
286 Y 0.042 0.023 0.019 0.018 0.012 0.018 0.023 0.023 0.031 0.14 0.106 0.028 0.025 0.094 0.015 0.028 0.032 0.019 0.207 0.097
287 F 0.037 0.024 0.019 0.018 0.01 0.017 0.024 0.025 0.034 0.051 0.085 0.026 0.021 0.237 0.013 0.028 0.026 0.023 0.234 0.049
288 L 0.05 0.024 0.02 0.02 0.014 0.018 0.022 0.123 0.013 0.081 0.222 0.027 0.062 0.114 0.015 0.032 0.032 0.009 0.033 0.071
289 S 0.11 0.04 0.054 0.049 0.018 0.033 0.052 0.066 0.019 0.03 0.042 0.054 0.016 0.021 0.03 0.22 0.082 0.005 0.018 0.042
290 N 0.05 0.036 0.2 0.134 0.009 0.029 0.051 0.15 0.024 0.023 0.032 0.047 0.011 0.017 0.02 0.063 0.056 0.005 0.014 0.028
291 G 0.071 0.043 0.101 0.049 0.013 0.068 0.053 0.146 0.021 0.03 0.042 0.055 0.015 0.018 0.024 0.1 0.092 0.005 0.016 0.039
292 E 0.058 0.039 0.046 0.132 0.011 0.042 0.157 0.04 0.019 0.034 0.045 0.056 0.015 0.019 0.025 0.068 0.126 0.005 0.016 0.045
293 T 0.125 0.035 0.041 0.037 0.018 0.028 0.041 0.054 0.015 0.046 0.058 0.046 0.018 0.022 0.028 0.118 0.183 0.006 0.017 0.063
294 A 0.288 0.03 0.025 0.028 0.021 0.025 0.039 0.073 0.014 0.05 0.063 0.042 0.018 0.022 0.028 0.08 0.049 0.005 0.017 0.082
295 R 0.044 0.358 0.038 0.03 0.008 0.047 0.051 0.032 0.023 0.023 0.046 0.118 0.015 0.017 0.019 0.044 0.034 0.006 0.017 0.03
296 G 0.121 0.028 0.035 0.032 0.014 0.023 0.034 0.241 0.021 0.03 0.044 0.039 0.014 0.04 0.022 0.09 0.043 0.01 0.077 0.04
297 L 0.153 0.026 0.019 0.021 0.019 0.02 0.028 0.044 0.011 0.094 0.204 0.032 0.033 0.037 0.02 0.049 0.042 0.006 0.02 0.121
298 L 0.044 0.024 0.014 0.015 0.016 0.016 0.02 0.021 0.01 0.113 0.388 0.025 0.049 0.054 0.014 0.024 0.033 0.007 0.022 0.094
299 L 0.047 0.035 0.021 0.022 0.014 0.061 0.038 0.026 0.015 0.093 0.28 0.04 0.069 0.045 0.016 0.032 0.036 0.007 0.022 0.082
300 S 0.076 0.043 0.052 0.118 0.014 0.07 0.066 0.052 0.02 0.032 0.044 0.057 0.016 0.019 0.026 0.133 0.099 0.005 0.017 0.042
301 D 0.061 0.101 0.106 0.121 0.012 0.034 0.056 0.05 0.021 0.03 0.042 0.062 0.014 0.019 0.023 0.098 0.092 0.005 0.016 0.038
302 S 0.102 0.036 0.05 0.045 0.016 0.03 0.046 0.156 0.018 0.027 0.038 0.049 0.014 0.02 0.027 0.198 0.07 0.005 0.016 0.038
303 L 0.052 0.026 0.017 0.017 0.016 0.021 0.024 0.024 0.012 0.117 0.258 0.029 0.096 0.047 0.015 0.03 0.039 0.007 0.022 0.131
304 A 0.113 0.11 0.04 0.048 0.012 0.08 0.111 0.05 0.022 0.028 0.045 0.076 0.016 0.018 0.025 0.094 0.048 0.005 0.018 0.041
305 I 0.055 0.019 0.015 0.017 0.017 0.014 0.02 0.022 0.008 0.236 0.15 0.024 0.034 0.04 0.015 0.028 0.043 0.006 0.02 0.217
306 A 0.304 0.03 0.025 0.029 0.021 0.025 0.04 0.077 0.015 0.042 0.058 0.044 0.017 0.021 0.029 0.083 0.049 0.005 0.017 0.067
307 N 0.05 0.047 0.215 0.068 0.009 0.073 0.073 0.118 0.028 0.022 0.034 0.059 0.013 0.017 0.021 0.062 0.043 0.005 0.016 0.028
308 G 0.064 0.062 0.037 0.045 0.01 0.048 0.097 0.137 0.019 0.025 0.04 0.07 0.014 0.026 0.021 0.082 0.041 0.105 0.026 0.032
309 L 0.148 0.026 0.018 0.021 0.018 0.02 0.028 0.043 0.012 0.085 0.256 0.032 0.036 0.041 0.02 0.048 0.039 0.006 0.02 0.084
310 F 0.033 0.019 0.017 0.017 0.01 0.01 0.019 0.025 0.017 0.062 0.112 0.019 0.025 0.399 0.01 0.025 0.025 0.017 0.087 0.054
311 P 0.056 0.025 0.023 0.03 0.01 0.02 0.035 0.035 0.013 0.025 0.035 0.04 0.01 0.013 0.503 0.043 0.035 0.003 0.013 0.03
312 L 0.039 0.021 0.015 0.016 0.013 0.013 0.019 0.023 0.013 0.089 0.259 0.022 0.038 0.215 0.012 0.024 0.029 0.011 0.052 0.075
313 G 0.077 0.022 0.038 0.033 0.011 0.019 0.025 0.52 0.013 0.019 0.028 0.033 0.009 0.016 0.019 0.05 0.029 0.005 0.011 0.024
314 S 0.108 0.039 0.053 0.048 0.017 0.033 0.051 0.065 0.019 0.029 0.041 0.053 0.015 0.02 0.029 0.235 0.08 0.005 0.017 0.041
315 G 0.077 0.022 0.038 0.033 0.011 0.019 0.025 0.52 0.013 0.019 0.028 0.033 0.009 0.016 0.019 0.05 0.029 0.005 0.011 0.024
316 F 0.033 0.019 0.017 0.017 0.01 0.01 0.019 0.025 0.017 0.062 0.112 0.019 0.025 0.399 0.01 0.025 0.025 0.017 0.087 0.054
317 G 0.122 0.024 0.036 0.032 0.013 0.02 0.028 0.431 0.013 0.023 0.034 0.035 0.011 0.017 0.021 0.057 0.033 0.005 0.012 0.033
318 T 0.079 0.036 0.045 0.039 0.017 0.028 0.041 0.047 0.015 0.048 0.059 0.046 0.019 0.023 0.027 0.12 0.225 0.006 0.017 0.064
319 Y 0.038 0.026 0.02 0.018 0.009 0.019 0.026 0.025 0.04 0.047 0.076 0.028 0.02 0.182 0.014 0.029 0.027 0.025 0.282 0.047
320 G 0.122 0.024 0.036 0.032 0.013 0.02 0.028 0.431 0.013 0.023 0.034 0.035 0.011 0.017 0.021 0.057 0.033 0.005 0.012 0.033
