#Seq2Logo.py -f /work3/idamei/ssn-clusterings/clustering/2205161002/clusters/0014_229/sequences.afa -o /work3/idamei/ssn-clusterings/clustering/2205161002/clusters/0014_229/sequences.logo
#Position Specific Frequency Matrix
A R N D C Q E G H I L K M F P S T W Y V
0 M 0.049 0.03 0.019 0.019 0.015 0.027 0.027 0.027 0.015 0.095 0.187 0.034 0.204 0.046 0.015 0.034 0.038 0.008 0.023 0.088
1 L 0.076 0.027 0.052 0.027 0.015 0.02 0.028 0.036 0.014 0.075 0.19 0.032 0.029 0.072 0.017 0.06 0.061 0.053 0.029 0.086
2 P 0.048 0.02 0.017 0.022 0.013 0.016 0.024 0.026 0.01 0.174 0.128 0.029 0.025 0.03 0.225 0.031 0.036 0.004 0.017 0.104
3 Y 0.038 0.027 0.021 0.018 0.009 0.021 0.027 0.024 0.044 0.041 0.065 0.03 0.018 0.124 0.015 0.03 0.027 0.027 0.353 0.044
4 L 0.042 0.02 0.018 0.05 0.014 0.015 0.024 0.022 0.01 0.181 0.248 0.024 0.037 0.075 0.014 0.026 0.034 0.007 0.025 0.114
5 I 0.047 0.021 0.045 0.023 0.014 0.015 0.021 0.067 0.012 0.186 0.146 0.025 0.029 0.1 0.014 0.03 0.036 0.007 0.029 0.134
6 T 0.074 0.029 0.033 0.03 0.099 0.022 0.033 0.04 0.012 0.066 0.095 0.036 0.021 0.026 0.022 0.108 0.131 0.005 0.017 0.1
7 F 0.035 0.018 0.016 0.016 0.052 0.01 0.018 0.025 0.015 0.059 0.104 0.018 0.023 0.386 0.01 0.025 0.025 0.015 0.078 0.052
8 L 0.091 0.024 0.044 0.023 0.056 0.018 0.024 0.034 0.013 0.113 0.204 0.029 0.045 0.069 0.016 0.039 0.037 0.007 0.024 0.087
9 I 0.124 0.024 0.022 0.023 0.017 0.019 0.027 0.039 0.011 0.168 0.133 0.032 0.028 0.033 0.02 0.064 0.064 0.005 0.018 0.128
10 S 0.095 0.036 0.047 0.043 0.016 0.029 0.046 0.058 0.018 0.033 0.047 0.048 0.016 0.053 0.026 0.226 0.091 0.006 0.022 0.043
11 C 0.06 0.021 0.02 0.02 0.263 0.015 0.021 0.031 0.01 0.081 0.155 0.025 0.025 0.03 0.017 0.056 0.059 0.005 0.015 0.073
12 Y 0.04 0.028 0.022 0.019 0.009 0.022 0.028 0.025 0.047 0.044 0.068 0.031 0.019 0.131 0.016 0.031 0.028 0.028 0.318 0.047
13 I 0.047 0.018 0.015 0.018 0.016 0.013 0.018 0.021 0.009 0.271 0.168 0.024 0.037 0.044 0.015 0.025 0.04 0.006 0.021 0.177
14 L 0.045 0.024 0.014 0.015 0.016 0.016 0.02 0.021 0.01 0.115 0.375 0.025 0.05 0.055 0.014 0.024 0.033 0.007 0.022 0.096
15 L 0.064 0.026 0.025 0.024 0.057 0.019 0.027 0.075 0.012 0.08 0.232 0.031 0.032 0.037 0.018 0.087 0.044 0.006 0.018 0.088
16 L 0.04 0.022 0.017 0.017 0.013 0.015 0.021 0.022 0.043 0.123 0.261 0.024 0.037 0.14 0.013 0.025 0.03 0.009 0.039 0.088
17 L 0.041 0.022 0.015 0.016 0.014 0.015 0.02 0.021 0.014 0.144 0.249 0.024 0.051 0.116 0.013 0.025 0.032 0.01 0.059 0.1
18 A 0.14 0.038 0.025 0.026 0.013 0.025 0.036 0.086 0.022 0.061 0.066 0.08 0.018 0.08 0.021 0.051 0.036 0.011 0.106 0.058
19 L 0.042 0.02 0.014 0.016 0.014 0.013 0.018 0.021 0.011 0.167 0.226 0.022 0.036 0.139 0.013 0.024 0.033 0.009 0.036 0.125
20 A 0.166 0.03 0.035 0.034 0.017 0.025 0.038 0.099 0.015 0.078 0.064 0.042 0.018 0.023 0.025 0.143 0.057 0.005 0.017 0.068
21 E 0.048 0.075 0.07 0.131 0.007 0.084 0.205 0.038 0.024 0.022 0.035 0.071 0.013 0.015 0.023 0.052 0.036 0.005 0.016 0.029
22 K 0.054 0.128 0.064 0.04 0.009 0.061 0.06 0.041 0.021 0.032 0.071 0.195 0.017 0.019 0.023 0.066 0.041 0.005 0.017 0.036
23 I 0.057 0.026 0.051 0.028 0.014 0.02 0.028 0.034 0.013 0.128 0.117 0.032 0.025 0.037 0.017 0.073 0.064 0.091 0.026 0.12
24 K 0.053 0.1 0.145 0.052 0.009 0.042 0.057 0.049 0.023 0.024 0.037 0.189 0.013 0.016 0.023 0.073 0.044 0.005 0.016 0.03
25 R 0.058 0.129 0.065 0.069 0.01 0.034 0.049 0.083 0.02 0.037 0.05 0.104 0.015 0.043 0.021 0.081 0.043 0.006 0.029 0.055
26 K 0.074 0.098 0.116 0.047 0.01 0.041 0.056 0.048 0.021 0.028 0.041 0.187 0.014 0.017 0.024 0.059 0.061 0.005 0.016 0.035
27 S 0.073 0.038 0.036 0.034 0.014 0.027 0.039 0.103 0.019 0.095 0.073 0.071 0.02 0.038 0.022 0.113 0.051 0.008 0.057 0.071
28 V 0.145 0.025 0.019 0.022 0.02 0.019 0.029 0.042 0.01 0.123 0.106 0.032 0.027 0.031 0.021 0.05 0.049 0.005 0.019 0.207
29 I 0.047 0.018 0.015 0.018 0.016 0.013 0.018 0.021 0.009 0.271 0.168 0.024 0.037 0.044 0.015 0.025 0.04 0.006 0.021 0.177
30 L 0.058 0.038 0.058 0.035 0.012 0.079 0.046 0.12 0.017 0.071 0.142 0.047 0.025 0.027 0.019 0.064 0.06 0.006 0.018 0.06
31 R 0.056 0.135 0.036 0.032 0.01 0.036 0.046 0.038 0.023 0.033 0.053 0.126 0.016 0.069 0.021 0.081 0.061 0.01 0.078 0.039
32 K 0.058 0.053 0.058 0.035 0.013 0.031 0.043 0.038 0.016 0.095 0.101 0.129 0.022 0.026 0.022 0.067 0.083 0.005 0.018 0.088
33 L 0.049 0.023 0.021 0.021 0.014 0.017 0.024 0.027 0.014 0.143 0.156 0.028 0.029 0.107 0.058 0.051 0.057 0.009 0.057 0.095
34 L 0.039 0.02 0.014 0.015 0.013 0.013 0.019 0.023 0.012 0.125 0.209 0.022 0.033 0.142 0.012 0.024 0.03 0.094 0.044 0.098
35 V 0.063 0.028 0.079 0.033 0.015 0.021 0.031 0.037 0.014 0.125 0.118 0.035 0.026 0.031 0.019 0.078 0.069 0.005 0.018 0.154
36 I 0.047 0.02 0.018 0.019 0.014 0.014 0.021 0.025 0.012 0.187 0.124 0.024 0.028 0.135 0.014 0.044 0.037 0.051 0.039 0.128
37 L 0.048 0.02 0.014 0.016 0.016 0.014 0.019 0.021 0.009 0.192 0.255 0.024 0.039 0.044 0.014 0.025 0.037 0.006 0.02 0.167
38 A 0.263 0.03 0.031 0.032 0.019 0.025 0.039 0.11 0.015 0.037 0.051 0.043 0.016 0.02 0.027 0.113 0.052 0.005 0.016 0.057
39 L 0.047 0.02 0.014 0.016 0.016 0.014 0.018 0.02 0.009 0.217 0.236 0.023 0.038 0.044 0.014 0.025 0.037 0.006 0.02 0.165
40 L 0.066 0.021 0.015 0.017 0.015 0.015 0.02 0.025 0.01 0.177 0.251 0.025 0.042 0.076 0.015 0.028 0.035 0.007 0.025 0.115
41 I 0.053 0.02 0.016 0.018 0.016 0.014 0.019 0.022 0.009 0.237 0.213 0.024 0.037 0.043 0.015 0.029 0.05 0.006 0.02 0.14
42 P 0.054 0.025 0.023 0.029 0.011 0.02 0.033 0.034 0.012 0.034 0.068 0.038 0.014 0.016 0.437 0.044 0.055 0.003 0.013 0.038
43 C 0.117 0.023 0.026 0.025 0.305 0.019 0.028 0.046 0.011 0.039 0.055 0.031 0.015 0.02 0.021 0.101 0.048 0.004 0.014 0.052
44 L 0.051 0.02 0.015 0.016 0.057 0.015 0.019 0.022 0.009 0.181 0.207 0.024 0.049 0.041 0.014 0.028 0.038 0.006 0.02 0.167
45 L 0.044 0.023 0.014 0.015 0.016 0.015 0.019 0.02 0.009 0.113 0.384 0.024 0.046 0.05 0.014 0.024 0.033 0.007 0.021 0.109
46 A 0.327 0.029 0.024 0.028 0.02 0.024 0.038 0.074 0.014 0.041 0.056 0.042 0.017 0.02 0.028 0.081 0.047 0.005 0.017 0.065
47 G 0.095 0.022 0.036 0.032 0.011 0.018 0.025 0.497 0.013 0.02 0.029 0.033 0.01 0.016 0.019 0.051 0.03 0.005 0.011 0.027
48 L 0.07 0.025 0.019 0.019 0.014 0.019 0.024 0.071 0.013 0.083 0.217 0.029 0.094 0.105 0.015 0.034 0.034 0.008 0.031 0.076
49 R 0.042 0.379 0.037 0.029 0.007 0.046 0.05 0.031 0.022 0.022 0.044 0.114 0.015 0.016 0.018 0.042 0.033 0.005 0.016 0.029
50 A 0.266 0.032 0.056 0.035 0.019 0.026 0.041 0.071 0.016 0.037 0.051 0.044 0.016 0.02 0.027 0.109 0.052 0.005 0.016 0.058
51 D 0.045 0.03 0.076 0.269 0.009 0.028 0.081 0.041 0.017 0.035 0.065 0.043 0.014 0.019 0.062 0.051 0.056 0.004 0.013 0.041
52 T 0.061 0.039 0.063 0.036 0.014 0.028 0.039 0.055 0.047 0.049 0.094 0.063 0.035 0.059 0.022 0.087 0.124 0.007 0.026 0.054
53 I 0.047 0.017 0.014 0.017 0.016 0.013 0.017 0.02 0.008 0.292 0.155 0.023 0.034 0.041 0.014 0.025 0.039 0.006 0.02 0.183
54 G 0.074 0.022 0.037 0.032 0.01 0.018 0.024 0.536 0.013 0.018 0.027 0.032 0.009 0.015 0.018 0.049 0.028 0.005 0.01 0.023
55 T 0.069 0.034 0.041 0.036 0.017 0.026 0.037 0.041 0.013 0.051 0.062 0.043 0.019 0.022 0.026 0.088 0.286 0.006 0.017 0.067
56 D 0.039 0.028 0.065 0.429 0.007 0.028 0.087 0.044 0.018 0.021 0.027 0.042 0.009 0.014 0.021 0.049 0.034 0.004 0.011 0.023
57 V 0.067 0.023 0.02 0.02 0.018 0.017 0.025 0.026 0.009 0.138 0.113 0.028 0.028 0.032 0.017 0.041 0.087 0.005 0.019 0.267
58 R 0.074 0.134 0.036 0.042 0.01 0.094 0.105 0.079 0.021 0.048 0.052 0.096 0.017 0.018 0.021 0.05 0.036 0.005 0.017 0.045
59 V 0.067 0.023 0.022 0.021 0.017 0.018 0.025 0.069 0.009 0.127 0.105 0.028 0.026 0.03 0.018 0.042 0.085 0.005 0.018 0.243
60 Y 0.038 0.027 0.021 0.018 0.009 0.021 0.027 0.024 0.044 0.041 0.065 0.03 0.018 0.124 0.015 0.03 0.027 0.027 0.353 0.044
61 V 0.082 0.022 0.016 0.017 0.018 0.016 0.023 0.027 0.009 0.135 0.189 0.026 0.033 0.037 0.016 0.033 0.043 0.006 0.02 0.233
62 E 0.056 0.083 0.063 0.051 0.01 0.079 0.127 0.039 0.022 0.039 0.06 0.108 0.036 0.02 0.022 0.067 0.041 0.005 0.018 0.053
63 P 0.054 0.028 0.024 0.031 0.01 0.039 0.04 0.035 0.014 0.025 0.035 0.043 0.011 0.012 0.478 0.043 0.035 0.003 0.013 0.03
64 L 0.047 0.024 0.017 0.018 0.016 0.018 0.022 0.023 0.011 0.147 0.261 0.028 0.081 0.045 0.015 0.032 0.056 0.007 0.021 0.111
65 F 0.038 0.024 0.019 0.019 0.01 0.034 0.027 0.024 0.024 0.093 0.099 0.028 0.024 0.24 0.013 0.028 0.028 0.016 0.143 0.068
66 N 0.042 0.038 0.2 0.162 0.008 0.035 0.102 0.049 0.024 0.029 0.061 0.05 0.013 0.019 0.02 0.056 0.04 0.004 0.014 0.031
67 A 0.185 0.025 0.02 0.022 0.017 0.019 0.029 0.048 0.013 0.087 0.138 0.032 0.026 0.095 0.02 0.053 0.04 0.007 0.029 0.096
68 A 0.327 0.029 0.024 0.028 0.02 0.024 0.038 0.074 0.014 0.041 0.056 0.042 0.017 0.02 0.028 0.081 0.047 0.005 0.017 0.065
69 K 0.056 0.06 0.09 0.042 0.052 0.054 0.053 0.043 0.05 0.035 0.073 0.136 0.018 0.021 0.022 0.07 0.062 0.005 0.02 0.04
70 S 0.076 0.059 0.045 0.05 0.012 0.093 0.108 0.089 0.021 0.025 0.039 0.078 0.015 0.017 0.025 0.139 0.053 0.005 0.017 0.034
71 S 0.119 0.036 0.047 0.043 0.031 0.03 0.047 0.061 0.017 0.031 0.044 0.049 0.015 0.02 0.028 0.225 0.091 0.005 0.016 0.045
72 N 0.063 0.038 0.147 0.051 0.013 0.03 0.045 0.051 0.082 0.039 0.046 0.046 0.015 0.022 0.022 0.111 0.091 0.005 0.023 0.059
73 S 0.099 0.038 0.076 0.049 0.016 0.032 0.049 0.063 0.019 0.028 0.039 0.051 0.015 0.02 0.027 0.244 0.075 0.005 0.016 0.039
74 F 0.035 0.021 0.017 0.016 0.011 0.014 0.02 0.023 0.022 0.069 0.14 0.022 0.026 0.284 0.012 0.025 0.026 0.017 0.141 0.059
75 G 0.081 0.026 0.058 0.064 0.013 0.02 0.035 0.124 0.016 0.052 0.092 0.034 0.019 0.122 0.018 0.078 0.041 0.008 0.032 0.066
76 E 0.058 0.043 0.048 0.161 0.009 0.064 0.205 0.041 0.022 0.023 0.034 0.062 0.012 0.016 0.024 0.086 0.042 0.005 0.015 0.03
77 F 0.036 0.023 0.019 0.017 0.009 0.016 0.023 0.024 0.032 0.049 0.083 0.025 0.02 0.247 0.013 0.027 0.026 0.022 0.241 0.048
78 L 0.047 0.038 0.022 0.022 0.013 0.06 0.038 0.026 0.017 0.085 0.246 0.06 0.049 0.046 0.016 0.032 0.035 0.008 0.048 0.09
79 N 0.071 0.041 0.247 0.064 0.01 0.048 0.048 0.099 0.026 0.025 0.036 0.051 0.012 0.017 0.021 0.067 0.065 0.005 0.015 0.033
80 S 0.098 0.034 0.038 0.035 0.057 0.044 0.042 0.049 0.016 0.06 0.063 0.044 0.019 0.055 0.024 0.142 0.095 0.006 0.022 0.059
81 K 0.089 0.106 0.039 0.041 0.011 0.056 0.076 0.087 0.019 0.026 0.041 0.107 0.014 0.017 0.066 0.104 0.047 0.005 0.016 0.035
82 W 0.034 0.02 0.014 0.015 0.01 0.014 0.02 0.025 0.013 0.094 0.138 0.021 0.025 0.114 0.01 0.023 0.026 0.264 0.053 0.066
83 L 0.039 0.024 0.019 0.018 0.012 0.018 0.024 0.025 0.052 0.105 0.154 0.027 0.043 0.095 0.013 0.027 0.029 0.104 0.098 0.075
84 G 0.083 0.074 0.064 0.035 0.012 0.05 0.043 0.141 0.018 0.041 0.051 0.076 0.016 0.023 0.02 0.054 0.061 0.056 0.021 0.063
85 F 0.034 0.019 0.017 0.017 0.011 0.011 0.019 0.025 0.017 0.063 0.113 0.019 0.025 0.391 0.011 0.025 0.025 0.017 0.088 0.055
86 I 0.058 0.028 0.027 0.035 0.013 0.026 0.081 0.076 0.016 0.124 0.116 0.038 0.024 0.039 0.019 0.06 0.062 0.007 0.048 0.103
87 W 0.033 0.023 0.016 0.016 0.008 0.016 0.023 0.027 0.022 0.057 0.064 0.024 0.017 0.075 0.01 0.024 0.024 0.337 0.139 0.046
88 R 0.064 0.176 0.037 0.033 0.013 0.034 0.043 0.039 0.017 0.063 0.062 0.071 0.018 0.022 0.022 0.102 0.088 0.005 0.017 0.073
89 Y 0.07 0.057 0.052 0.028 0.012 0.023 0.031 0.035 0.023 0.068 0.097 0.04 0.021 0.083 0.06 0.047 0.076 0.011 0.107 0.061
90 L 0.073 0.09 0.028 0.057 0.013 0.027 0.037 0.074 0.014 0.102 0.122 0.069 0.053 0.03 0.018 0.04 0.037 0.006 0.018 0.092
91 Y 0.047 0.035 0.034 0.093 0.01 0.026 0.044 0.033 0.059 0.038 0.078 0.059 0.017 0.065 0.06 0.055 0.034 0.014 0.159 0.04
92 V 0.059 0.02 0.016 0.018 0.016 0.015 0.022 0.024 0.009 0.163 0.121 0.025 0.029 0.065 0.057 0.03 0.042 0.006 0.024 0.239
93 S 0.109 0.048 0.072 0.046 0.015 0.034 0.051 0.06 0.019 0.028 0.04 0.095 0.015 0.019 0.027 0.194 0.066 0.005 0.016 0.039
94 D 0.06 0.071 0.051 0.182 0.01 0.041 0.134 0.045 0.02 0.023 0.035 0.081 0.012 0.016 0.024 0.102 0.045 0.005 0.014 0.03
95 F 0.044 0.022 0.019 0.019 0.012 0.015 0.022 0.027 0.017 0.088 0.111 0.024 0.039 0.266 0.013 0.046 0.033 0.013 0.085 0.084
96 E 0.052 0.047 0.038 0.085 0.007 0.061 0.333 0.033 0.024 0.021 0.035 0.072 0.012 0.016 0.024 0.052 0.035 0.005 0.016 0.03
97 I 0.053 0.058 0.023 0.024 0.013 0.022 0.03 0.029 0.012 0.161 0.127 0.06 0.026 0.031 0.101 0.051 0.04 0.005 0.018 0.116
98 G 0.093 0.022 0.034 0.03 0.012 0.018 0.025 0.454 0.013 0.027 0.061 0.032 0.013 0.019 0.018 0.049 0.03 0.005 0.012 0.032
99 F 0.034 0.02 0.017 0.016 0.01 0.013 0.02 0.024 0.023 0.055 0.097 0.021 0.022 0.345 0.011 0.025 0.025 0.019 0.151 0.05
100 T 0.072 0.034 0.066 0.04 0.015 0.027 0.039 0.046 0.015 0.045 0.08 0.044 0.019 0.023 0.066 0.12 0.172 0.005 0.017 0.056
101 L 0.077 0.027 0.025 0.024 0.016 0.02 0.028 0.034 0.012 0.078 0.236 0.032 0.033 0.07 0.019 0.064 0.1 0.007 0.025 0.076
102 L 0.041 0.022 0.015 0.015 0.014 0.014 0.02 0.022 0.014 0.095 0.281 0.023 0.037 0.148 0.013 0.025 0.031 0.011 0.064 0.095
103 V 0.061 0.02 0.015 0.017 0.017 0.015 0.021 0.022 0.008 0.194 0.132 0.024 0.031 0.036 0.015 0.029 0.045 0.005 0.02 0.272
104 Y 0.037 0.025 0.019 0.017 0.009 0.019 0.025 0.024 0.036 0.045 0.091 0.028 0.02 0.107 0.013 0.028 0.026 0.107 0.278 0.046
105 I 0.046 0.019 0.014 0.016 0.015 0.013 0.018 0.021 0.01 0.209 0.186 0.022 0.034 0.105 0.013 0.025 0.036 0.007 0.031 0.159
106 I 0.061 0.023 0.024 0.024 0.058 0.018 0.025 0.03 0.01 0.173 0.111 0.03 0.027 0.032 0.019 0.062 0.104 0.005 0.018 0.146
107 A 0.141 0.036 0.037 0.036 0.017 0.045 0.044 0.053 0.015 0.049 0.059 0.047 0.018 0.022 0.026 0.122 0.134 0.005 0.017 0.077
108 K 0.055 0.138 0.066 0.042 0.009 0.047 0.061 0.043 0.021 0.025 0.04 0.238 0.014 0.016 0.024 0.068 0.041 0.005 0.016 0.031
109 L 0.056 0.023 0.02 0.021 0.016 0.017 0.024 0.028 0.011 0.149 0.212 0.028 0.034 0.072 0.016 0.064 0.043 0.007 0.025 0.134
110 F 0.05 0.024 0.03 0.058 0.012 0.017 0.03 0.115 0.014 0.052 0.101 0.029 0.021 0.188 0.017 0.046 0.092 0.01 0.044 0.052
111 G 0.061 0.061 0.043 0.099 0.009 0.026 0.043 0.329 0.046 0.02 0.03 0.065 0.01 0.016 0.019 0.048 0.03 0.005 0.015 0.024
112 N 0.093 0.038 0.172 0.056 0.014 0.03 0.045 0.06 0.022 0.037 0.044 0.048 0.015 0.02 0.023 0.145 0.06 0.005 0.016 0.058
113 L 0.046 0.022 0.016 0.017 0.015 0.015 0.02 0.022 0.01 0.154 0.268 0.025 0.038 0.076 0.015 0.029 0.055 0.007 0.025 0.123
114 W 0.073 0.035 0.082 0.037 0.01 0.061 0.044 0.084 0.022 0.03 0.048 0.044 0.015 0.066 0.06 0.064 0.038 0.093 0.058 0.036
115 L 0.109 0.024 0.022 0.022 0.065 0.019 0.026 0.087 0.012 0.092 0.125 0.03 0.041 0.069 0.019 0.048 0.062 0.007 0.024 0.098
116 L 0.058 0.029 0.078 0.032 0.015 0.021 0.03 0.035 0.014 0.09 0.185 0.034 0.029 0.034 0.018 0.063 0.084 0.006 0.019 0.126
117 L 0.046 0.041 0.021 0.021 0.014 0.042 0.034 0.026 0.013 0.087 0.298 0.079 0.052 0.042 0.016 0.031 0.034 0.006 0.02 0.076
118 F 0.04 0.022 0.02 0.02 0.012 0.014 0.022 0.027 0.015 0.061 0.107 0.024 0.038 0.322 0.013 0.036 0.069 0.014 0.068 0.058
119 I 0.048 0.019 0.018 0.019 0.013 0.013 0.019 0.107 0.011 0.169 0.142 0.023 0.028 0.132 0.014 0.029 0.033 0.008 0.034 0.12
120 L 0.05 0.023 0.021 0.021 0.016 0.017 0.023 0.025 0.01 0.194 0.197 0.028 0.034 0.04 0.017 0.04 0.098 0.006 0.019 0.123
121 E 0.075 0.057 0.04 0.056 0.009 0.153 0.167 0.04 0.056 0.025 0.042 0.074 0.016 0.016 0.023 0.054 0.037 0.006 0.021 0.034
122 L 0.091 0.024 0.017 0.018 0.016 0.018 0.024 0.031 0.012 0.091 0.239 0.028 0.063 0.105 0.016 0.035 0.035 0.008 0.031 0.098
123 L 0.07 0.023 0.018 0.018 0.057 0.017 0.022 0.028 0.011 0.105 0.257 0.027 0.05 0.073 0.016 0.036 0.055 0.007 0.025 0.087
124 I 0.054 0.021 0.019 0.02 0.057 0.016 0.022 0.025 0.01 0.2 0.131 0.027 0.044 0.036 0.016 0.038 0.08 0.006 0.019 0.158
125 I 0.053 0.022 0.048 0.026 0.015 0.017 0.024 0.029 0.011 0.227 0.127 0.029 0.029 0.036 0.017 0.053 0.063 0.005 0.019 0.148
126 V 0.105 0.023 0.022 0.023 0.016 0.018 0.025 0.118 0.011 0.106 0.116 0.03 0.025 0.062 0.018 0.045 0.06 0.006 0.023 0.149
127 P 0.05 0.024 0.02 0.026 0.011 0.018 0.03 0.031 0.012 0.042 0.103 0.035 0.017 0.053 0.393 0.037 0.033 0.004 0.02 0.042
128 I 0.047 0.02 0.019 0.02 0.015 0.015 0.021 0.024 0.01 0.229 0.159 0.026 0.032 0.071 0.016 0.034 0.077 0.007 0.025 0.135
129 Y 0.04 0.025 0.019 0.017 0.01 0.019 0.024 0.023 0.035 0.075 0.13 0.028 0.024 0.105 0.014 0.028 0.028 0.021 0.27 0.062
130 L 0.042 0.035 0.019 0.02 0.012 0.02 0.028 0.025 0.015 0.104 0.196 0.072 0.03 0.111 0.015 0.029 0.031 0.052 0.062 0.082
131 G 0.137 0.025 0.034 0.031 0.013 0.02 0.029 0.379 0.013 0.026 0.037 0.035 0.012 0.017 0.021 0.06 0.054 0.005 0.012 0.037
132 L 0.045 0.02 0.014 0.016 0.016 0.014 0.018 0.02 0.009 0.196 0.281 0.023 0.041 0.046 0.014 0.024 0.035 0.006 0.02 0.141
133 K 0.055 0.088 0.033 0.032 0.01 0.036 0.048 0.039 0.02 0.035 0.075 0.158 0.018 0.035 0.021 0.076 0.04 0.093 0.053 0.038
134 K 0.051 0.148 0.038 0.034 0.009 0.042 0.053 0.037 0.055 0.027 0.045 0.173 0.015 0.035 0.022 0.062 0.037 0.009 0.076 0.033
135 F 0.04 0.052 0.022 0.052 0.011 0.019 0.029 0.026 0.019 0.084 0.121 0.033 0.038 0.147 0.014 0.03 0.031 0.055 0.095 0.082
136 K 0.057 0.107 0.042 0.042 0.009 0.054 0.071 0.043 0.021 0.028 0.043 0.278 0.016 0.016 0.028 0.054 0.04 0.005 0.017 0.033
137 K 0.057 0.107 0.042 0.042 0.009 0.054 0.071 0.043 0.021 0.028 0.043 0.278 0.016 0.016 0.028 0.054 0.04 0.005 0.017 0.033
138 N 0.043 0.045 0.317 0.083 0.009 0.034 0.049 0.065 0.032 0.022 0.032 0.054 0.011 0.018 0.02 0.07 0.049 0.004 0.016 0.027
139 R 0.048 0.205 0.045 0.128 0.008 0.04 0.059 0.098 0.02 0.022 0.038 0.111 0.013 0.016 0.021 0.047 0.034 0.005 0.015 0.028
140 K 0.052 0.063 0.12 0.08 0.008 0.037 0.055 0.128 0.052 0.023 0.034 0.157 0.012 0.017 0.022 0.053 0.037 0.005 0.018 0.027
141 T 0.073 0.036 0.044 0.038 0.018 0.028 0.04 0.044 0.014 0.053 0.065 0.046 0.02 0.024 0.028 0.093 0.244 0.006 0.018 0.071
142 K 0.052 0.084 0.052 0.081 0.008 0.08 0.097 0.041 0.022 0.025 0.039 0.224 0.015 0.015 0.025 0.052 0.038 0.005 0.016 0.031
143 F 0.046 0.032 0.025 0.027 0.011 0.024 0.053 0.07 0.023 0.069 0.086 0.055 0.035 0.149 0.017 0.038 0.051 0.013 0.118 0.058
144 P 0.056 0.031 0.104 0.076 0.011 0.025 0.043 0.045 0.017 0.026 0.036 0.044 0.011 0.015 0.271 0.076 0.063 0.003 0.014 0.032
145 L 0.098 0.022 0.016 0.018 0.017 0.016 0.023 0.03 0.009 0.163 0.192 0.027 0.033 0.038 0.017 0.036 0.041 0.006 0.019 0.178
146 W 0.062 0.022 0.018 0.018 0.052 0.016 0.023 0.047 0.013 0.056 0.061 0.025 0.017 0.046 0.012 0.034 0.048 0.333 0.047 0.048
147 L 0.043 0.023 0.017 0.017 0.015 0.016 0.021 0.023 0.011 0.101 0.31 0.025 0.049 0.11 0.014 0.029 0.052 0.008 0.031 0.085
148 G 0.118 0.024 0.034 0.031 0.054 0.02 0.028 0.377 0.013 0.025 0.036 0.034 0.011 0.017 0.02 0.071 0.036 0.005 0.012 0.034
149 L 0.049 0.03 0.019 0.019 0.015 0.026 0.026 0.026 0.015 0.096 0.205 0.033 0.191 0.046 0.015 0.033 0.038 0.008 0.023 0.088
150 L 0.072 0.025 0.019 0.019 0.056 0.018 0.024 0.031 0.013 0.081 0.232 0.028 0.062 0.104 0.016 0.051 0.037 0.008 0.03 0.075
151 V 0.062 0.021 0.018 0.019 0.017 0.016 0.023 0.025 0.009 0.18 0.149 0.026 0.031 0.036 0.016 0.048 0.046 0.005 0.019 0.232
152 F 0.033 0.019 0.017 0.016 0.01 0.012 0.019 0.024 0.021 0.057 0.101 0.02 0.023 0.37 0.011 0.025 0.024 0.018 0.129 0.051
153 Y 0.041 0.025 0.02 0.017 0.051 0.019 0.025 0.024 0.038 0.047 0.093 0.028 0.02 0.109 0.015 0.03 0.028 0.023 0.297 0.049
154 L 0.066 0.024 0.018 0.018 0.015 0.017 0.023 0.028 0.012 0.085 0.256 0.026 0.049 0.138 0.015 0.034 0.053 0.009 0.036 0.077
155 L 0.081 0.028 0.025 0.025 0.016 0.023 0.029 0.036 0.013 0.114 0.173 0.035 0.087 0.038 0.019 0.077 0.065 0.006 0.02 0.09
156 F 0.039 0.024 0.047 0.023 0.011 0.017 0.024 0.028 0.021 0.06 0.122 0.027 0.038 0.242 0.014 0.035 0.05 0.014 0.107 0.056
157 F 0.036 0.023 0.019 0.017 0.009 0.016 0.023 0.024 0.032 0.049 0.083 0.025 0.02 0.247 0.013 0.027 0.026 0.022 0.241 0.048
158 N 0.04 0.043 0.353 0.079 0.009 0.032 0.047 0.062 0.03 0.021 0.03 0.051 0.011 0.017 0.019 0.066 0.047 0.004 0.015 0.026
159 S 0.073 0.035 0.035 0.038 0.014 0.046 0.067 0.042 0.016 0.057 0.085 0.046 0.02 0.023 0.106 0.117 0.072 0.005 0.017 0.088
160 S 0.09 0.035 0.047 0.042 0.016 0.029 0.043 0.095 0.016 0.035 0.046 0.047 0.016 0.02 0.027 0.185 0.143 0.005 0.016 0.048
161 L 0.043 0.024 0.014 0.015 0.015 0.016 0.02 0.021 0.01 0.108 0.39 0.025 0.06 0.051 0.014 0.024 0.032 0.007 0.021 0.091
162 N 0.04 0.043 0.353 0.079 0.009 0.032 0.047 0.062 0.03 0.021 0.03 0.051 0.011 0.017 0.019 0.066 0.047 0.004 0.015 0.026
163 L 0.049 0.029 0.019 0.019 0.015 0.024 0.026 0.026 0.014 0.095 0.232 0.032 0.15 0.045 0.016 0.036 0.057 0.007 0.022 0.087
164 L 0.05 0.026 0.017 0.018 0.016 0.022 0.024 0.025 0.013 0.154 0.174 0.03 0.147 0.044 0.015 0.031 0.039 0.007 0.022 0.126
165 R 0.042 0.379 0.037 0.029 0.007 0.046 0.05 0.031 0.022 0.022 0.044 0.114 0.015 0.016 0.018 0.042 0.033 0.005 0.016 0.029
166 Q 0.053 0.07 0.042 0.045 0.008 0.256 0.098 0.039 0.028 0.025 0.045 0.086 0.02 0.014 0.022 0.053 0.039 0.006 0.02 0.033
167 W 0.061 0.029 0.03 0.028 0.011 0.022 0.033 0.042 0.019 0.032 0.052 0.034 0.016 0.077 0.017 0.122 0.046 0.222 0.07 0.037
168 I 0.045 0.018 0.014 0.017 0.015 0.014 0.018 0.02 0.009 0.291 0.161 0.023 0.049 0.042 0.014 0.025 0.038 0.006 0.02 0.161
169 A 0.327 0.029 0.024 0.028 0.02 0.024 0.038 0.074 0.014 0.041 0.056 0.042 0.017 0.02 0.028 0.081 0.047 0.005 0.017 0.065
170 I 0.051 0.024 0.017 0.018 0.016 0.02 0.023 0.024 0.012 0.177 0.167 0.029 0.119 0.042 0.015 0.03 0.039 0.007 0.021 0.151
171 A 0.271 0.032 0.031 0.033 0.02 0.026 0.041 0.071 0.015 0.038 0.052 0.044 0.016 0.02 0.028 0.126 0.055 0.005 0.017 0.059
172 F 0.04 0.018 0.015 0.016 0.013 0.012 0.018 0.022 0.012 0.155 0.151 0.021 0.03 0.231 0.012 0.024 0.031 0.011 0.052 0.115
173 L 0.052 0.022 0.018 0.019 0.016 0.016 0.021 0.065 0.01 0.155 0.238 0.026 0.036 0.041 0.015 0.032 0.057 0.006 0.019 0.139
174 L 0.04 0.02 0.015 0.016 0.013 0.013 0.019 0.022 0.012 0.126 0.218 0.021 0.034 0.202 0.012 0.024 0.031 0.01 0.047 0.106
175 L 0.039 0.024 0.017 0.016 0.012 0.017 0.022 0.023 0.023 0.071 0.195 0.025 0.044 0.137 0.013 0.026 0.028 0.058 0.146 0.064
176 G 0.159 0.024 0.033 0.031 0.014 0.02 0.029 0.382 0.013 0.026 0.037 0.035 0.011 0.017 0.021 0.059 0.035 0.005 0.012 0.037
177 F 0.04 0.02 0.017 0.018 0.013 0.013 0.02 0.024 0.013 0.13 0.167 0.022 0.03 0.23 0.013 0.029 0.051 0.011 0.052 0.089
178 K 0.083 0.056 0.035 0.037 0.012 0.036 0.071 0.041 0.047 0.052 0.109 0.133 0.021 0.025 0.023 0.081 0.044 0.005 0.021 0.067
179 Y 0.043 0.025 0.022 0.019 0.051 0.02 0.025 0.067 0.039 0.039 0.061 0.029 0.017 0.106 0.015 0.032 0.027 0.023 0.296 0.043
180 L 0.042 0.021 0.014 0.015 0.014 0.014 0.019 0.022 0.011 0.115 0.284 0.023 0.038 0.111 0.013 0.024 0.031 0.051 0.035 0.104
181 L 0.068 0.045 0.019 0.019 0.014 0.02 0.025 0.027 0.017 0.117 0.182 0.04 0.045 0.085 0.016 0.033 0.035 0.01 0.081 0.103
182 E 0.051 0.049 0.066 0.096 0.008 0.065 0.197 0.037 0.025 0.026 0.04 0.083 0.014 0.025 0.023 0.054 0.057 0.007 0.044 0.034
183 N 0.056 0.085 0.145 0.086 0.009 0.056 0.073 0.089 0.023 0.023 0.036 0.124 0.013 0.016 0.022 0.056 0.039 0.005 0.015 0.029
184 R 0.046 0.144 0.143 0.054 0.008 0.061 0.081 0.045 0.025 0.023 0.038 0.138 0.014 0.016 0.021 0.054 0.039 0.005 0.016 0.029
185 G 0.078 0.023 0.039 0.034 0.011 0.019 0.026 0.51 0.014 0.019 0.028 0.034 0.009 0.016 0.019 0.051 0.03 0.005 0.011 0.024
186 K 0.057 0.107 0.042 0.042 0.009 0.054 0.071 0.043 0.021 0.028 0.043 0.278 0.016 0.016 0.028 0.054 0.04 0.005 0.017 0.033
187 K 0.069 0.085 0.028 0.028 0.01 0.033 0.044 0.036 0.019 0.059 0.086 0.154 0.019 0.037 0.019 0.041 0.034 0.093 0.053 0.051
188 N 0.043 0.045 0.315 0.083 0.009 0.034 0.05 0.065 0.032 0.023 0.032 0.054 0.011 0.018 0.02 0.07 0.05 0.005 0.016 0.027
189 I 0.047 0.018 0.015 0.018 0.016 0.013 0.018 0.021 0.009 0.269 0.168 0.024 0.037 0.044 0.015 0.025 0.04 0.006 0.021 0.177
190 G 0.079 0.023 0.039 0.034 0.011 0.019 0.026 0.508 0.014 0.019 0.028 0.034 0.009 0.016 0.019 0.051 0.03 0.005 0.011 0.024
191 T 0.073 0.036 0.044 0.038 0.018 0.028 0.04 0.044 0.014 0.053 0.065 0.046 0.02 0.024 0.028 0.093 0.244 0.006 0.018 0.071
192 K 0.053 0.062 0.029 0.029 0.011 0.033 0.044 0.074 0.018 0.075 0.12 0.171 0.023 0.034 0.021 0.04 0.036 0.007 0.045 0.076
193 D 0.041 0.03 0.069 0.397 0.008 0.03 0.091 0.047 0.019 0.022 0.028 0.045 0.009 0.015 0.022 0.052 0.035 0.004 0.011 0.024
194 H 0.042 0.046 0.053 0.038 0.008 0.038 0.053 0.038 0.355 0.023 0.038 0.046 0.015 0.03 0.019 0.042 0.027 0.008 0.057 0.023
195 I 0.047 0.018 0.015 0.018 0.016 0.013 0.018 0.021 0.009 0.271 0.168 0.024 0.037 0.044 0.015 0.025 0.04 0.006 0.021 0.177
196 K 0.08 0.072 0.063 0.04 0.01 0.04 0.055 0.087 0.021 0.028 0.042 0.201 0.014 0.025 0.024 0.07 0.041 0.007 0.044 0.035
197 Y 0.063 0.024 0.021 0.019 0.01 0.017 0.024 0.071 0.03 0.046 0.075 0.027 0.019 0.205 0.015 0.034 0.028 0.019 0.207 0.047
198 L 0.068 0.02 0.016 0.017 0.015 0.014 0.02 0.026 0.011 0.166 0.173 0.024 0.032 0.135 0.014 0.03 0.036 0.008 0.036 0.141
199 I 0.072 0.021 0.017 0.019 0.016 0.015 0.022 0.027 0.01 0.186 0.174 0.026 0.032 0.07 0.016 0.035 0.059 0.007 0.025 0.152
200 C 0.056 0.023 0.047 0.025 0.138 0.017 0.025 0.032 0.015 0.086 0.106 0.029 0.022 0.068 0.058 0.054 0.04 0.007 0.05 0.102
201 V 0.055 0.022 0.043 0.022 0.016 0.016 0.023 0.026 0.011 0.142 0.165 0.026 0.031 0.068 0.015 0.032 0.042 0.006 0.025 0.215
202 L 0.069 0.021 0.015 0.017 0.016 0.015 0.021 0.026 0.01 0.143 0.241 0.024 0.036 0.095 0.015 0.029 0.036 0.007 0.029 0.134
203 L 0.046 0.019 0.015 0.016 0.056 0.014 0.019 0.022 0.01 0.181 0.183 0.023 0.047 0.104 0.014 0.026 0.035 0.008 0.03 0.131
204 A 0.285 0.028 0.026 0.029 0.019 0.023 0.036 0.151 0.014 0.037 0.051 0.04 0.015 0.02 0.026 0.075 0.044 0.005 0.016 0.058
205 C 0.06 0.024 0.023 0.022 0.139 0.018 0.025 0.032 0.014 0.089 0.093 0.029 0.037 0.068 0.018 0.06 0.081 0.008 0.05 0.108
206 L 0.061 0.027 0.026 0.025 0.015 0.02 0.029 0.035 0.014 0.074 0.235 0.032 0.032 0.102 0.018 0.102 0.046 0.008 0.03 0.068
207 F 0.032 0.018 0.016 0.016 0.01 0.01 0.018 0.024 0.016 0.06 0.108 0.018 0.024 0.419 0.01 0.024 0.024 0.016 0.084 0.052
208 H 0.04 0.043 0.051 0.036 0.007 0.036 0.051 0.036 0.389 0.022 0.036 0.043 0.015 0.029 0.018 0.04 0.025 0.007 0.054 0.022
209 K 0.085 0.06 0.066 0.041 0.013 0.054 0.054 0.047 0.018 0.035 0.048 0.139 0.016 0.018 0.026 0.085 0.125 0.005 0.017 0.046
210 S 0.093 0.037 0.048 0.043 0.017 0.03 0.046 0.056 0.016 0.036 0.047 0.049 0.016 0.021 0.027 0.203 0.147 0.005 0.017 0.049
211 A 0.248 0.03 0.031 0.032 0.018 0.024 0.038 0.149 0.015 0.035 0.049 0.042 0.015 0.02 0.026 0.105 0.049 0.005 0.016 0.054
212 L 0.045 0.021 0.014 0.016 0.015 0.015 0.019 0.021 0.01 0.175 0.258 0.024 0.053 0.077 0.014 0.025 0.035 0.007 0.026 0.131
213 L 0.048 0.021 0.015 0.016 0.015 0.015 0.02 0.022 0.01 0.162 0.206 0.024 0.049 0.106 0.014 0.026 0.036 0.008 0.031 0.157
214 G 0.071 0.024 0.034 0.03 0.013 0.019 0.027 0.328 0.013 0.059 0.104 0.033 0.018 0.024 0.019 0.078 0.038 0.005 0.014 0.049
215 L 0.04 0.02 0.014 0.015 0.014 0.013 0.018 0.021 0.011 0.147 0.271 0.022 0.038 0.141 0.013 0.023 0.031 0.009 0.036 0.1
216 L 0.076 0.022 0.017 0.018 0.016 0.017 0.022 0.069 0.01 0.14 0.216 0.027 0.048 0.04 0.016 0.033 0.038 0.006 0.019 0.15
217 I 0.048 0.02 0.018 0.019 0.015 0.015 0.021 0.024 0.011 0.226 0.143 0.025 0.046 0.103 0.015 0.044 0.039 0.007 0.03 0.131
218 L 0.066 0.024 0.018 0.018 0.012 0.017 0.025 0.028 0.023 0.07 0.16 0.028 0.026 0.13 0.057 0.032 0.031 0.014 0.141 0.08
219 L 0.137 0.024 0.018 0.02 0.016 0.017 0.026 0.039 0.013 0.078 0.192 0.029 0.03 0.132 0.018 0.043 0.036 0.008 0.035 0.091
220 L 0.046 0.023 0.015 0.016 0.016 0.017 0.02 0.021 0.01 0.161 0.285 0.025 0.069 0.047 0.014 0.026 0.036 0.006 0.021 0.128
221 Y 0.043 0.055 0.024 0.021 0.01 0.022 0.029 0.028 0.036 0.042 0.068 0.036 0.018 0.155 0.015 0.049 0.031 0.021 0.252 0.044
222 Y 0.071 0.032 0.026 0.06 0.012 0.025 0.059 0.031 0.024 0.1 0.082 0.057 0.021 0.059 0.018 0.038 0.036 0.012 0.129 0.106
223 Y 0.04 0.022 0.017 0.017 0.052 0.016 0.022 0.024 0.025 0.094 0.115 0.024 0.024 0.139 0.013 0.027 0.029 0.059 0.173 0.07
224 L 0.048 0.021 0.017 0.018 0.015 0.015 0.02 0.024 0.01 0.198 0.228 0.025 0.036 0.075 0.015 0.043 0.038 0.007 0.025 0.122
225 N 0.052 0.071 0.115 0.076 0.011 0.049 0.05 0.043 0.022 0.045 0.079 0.074 0.018 0.03 0.02 0.069 0.063 0.007 0.045 0.062
226 L 0.054 0.066 0.084 0.042 0.011 0.03 0.063 0.04 0.021 0.059 0.086 0.07 0.019 0.064 0.061 0.078 0.042 0.008 0.05 0.05
227 N 0.056 0.033 0.167 0.05 0.014 0.025 0.036 0.045 0.02 0.093 0.081 0.04 0.021 0.027 0.018 0.051 0.049 0.005 0.018 0.149
228 N 0.049 0.047 0.179 0.087 0.008 0.049 0.173 0.05 0.029 0.022 0.034 0.065 0.012 0.017 0.023 0.062 0.043 0.005 0.016 0.029
229 D 0.049 0.068 0.055 0.22 0.008 0.042 0.081 0.045 0.02 0.025 0.036 0.162 0.012 0.015 0.025 0.053 0.037 0.004 0.014 0.029
230 K 0.058 0.066 0.118 0.049 0.009 0.056 0.056 0.13 0.022 0.024 0.036 0.161 0.013 0.016 0.023 0.072 0.042 0.005 0.015 0.029
231 K 0.107 0.084 0.065 0.045 0.012 0.057 0.078 0.05 0.02 0.03 0.044 0.125 0.015 0.018 0.025 0.095 0.067 0.005 0.017 0.041
232 K 0.075 0.062 0.064 0.076 0.01 0.057 0.081 0.084 0.019 0.033 0.07 0.153 0.017 0.019 0.023 0.053 0.044 0.005 0.016 0.038
233 P 0.057 0.026 0.023 0.031 0.01 0.021 0.036 0.036 0.013 0.026 0.036 0.041 0.01 0.013 0.494 0.044 0.036 0.003 0.013 0.031
234 Y 0.04 0.028 0.022 0.019 0.009 0.022 0.028 0.025 0.047 0.044 0.068 0.031 0.019 0.131 0.016 0.031 0.028 0.028 0.318 0.047
235 K 0.057 0.107 0.042 0.042 0.009 0.054 0.071 0.043 0.021 0.028 0.043 0.278 0.016 0.016 0.028 0.054 0.04 0.005 0.017 0.033
236 N 0.043 0.045 0.317 0.083 0.009 0.034 0.049 0.065 0.032 0.022 0.032 0.054 0.011 0.018 0.02 0.07 0.049 0.004 0.016 0.027
237 L 0.049 0.026 0.023 0.027 0.062 0.022 0.054 0.076 0.052 0.108 0.176 0.032 0.028 0.045 0.016 0.033 0.032 0.008 0.054 0.079
238 S 0.064 0.039 0.07 0.077 0.013 0.029 0.046 0.044 0.053 0.075 0.094 0.067 0.021 0.026 0.021 0.105 0.05 0.005 0.021 0.078
239 K 0.055 0.055 0.028 0.028 0.013 0.031 0.041 0.032 0.015 0.101 0.095 0.141 0.04 0.053 0.02 0.044 0.063 0.006 0.023 0.114
240 L 0.06 0.028 0.029 0.032 0.015 0.024 0.058 0.033 0.013 0.114 0.122 0.037 0.026 0.069 0.02 0.07 0.113 0.007 0.025 0.106
241 G 0.061 0.029 0.027 0.038 0.013 0.028 0.095 0.15 0.014 0.079 0.145 0.039 0.025 0.03 0.018 0.04 0.037 0.006 0.017 0.108
242 F 0.081 0.04 0.113 0.042 0.011 0.026 0.039 0.047 0.02 0.037 0.06 0.075 0.016 0.128 0.089 0.052 0.038 0.008 0.036 0.041
243 N 0.042 0.097 0.284 0.073 0.009 0.035 0.049 0.058 0.029 0.022 0.033 0.063 0.012 0.017 0.02 0.064 0.046 0.005 0.016 0.027
244 F 0.042 0.132 0.023 0.021 0.011 0.024 0.029 0.026 0.016 0.117 0.105 0.053 0.025 0.154 0.015 0.031 0.033 0.009 0.041 0.092
245 R 0.058 0.154 0.036 0.033 0.011 0.038 0.049 0.039 0.019 0.057 0.061 0.142 0.018 0.059 0.022 0.084 0.043 0.006 0.024 0.049
246 I 0.047 0.018 0.015 0.018 0.016 0.013 0.018 0.021 0.009 0.271 0.168 0.024 0.037 0.044 0.015 0.025 0.04 0.006 0.021 0.177
247 L 0.046 0.074 0.055 0.029 0.013 0.026 0.034 0.03 0.015 0.153 0.16 0.092 0.029 0.034 0.017 0.035 0.037 0.006 0.019 0.098
248 R 0.05 0.143 0.041 0.11 0.009 0.056 0.059 0.037 0.022 0.053 0.054 0.093 0.016 0.029 0.02 0.064 0.039 0.007 0.049 0.045
249 I 0.047 0.018 0.015 0.018 0.016 0.013 0.018 0.021 0.009 0.269 0.168 0.024 0.037 0.044 0.015 0.025 0.04 0.006 0.021 0.177
250 S 0.11 0.04 0.054 0.049 0.018 0.033 0.053 0.067 0.019 0.03 0.042 0.054 0.016 0.021 0.03 0.217 0.082 0.005 0.018 0.042
251 P 0.057 0.026 0.023 0.031 0.01 0.021 0.036 0.036 0.013 0.026 0.036 0.041 0.01 0.013 0.492 0.044 0.036 0.003 0.013 0.031
252 R 0.045 0.343 0.039 0.031 0.008 0.049 0.052 0.033 0.023 0.023 0.047 0.121 0.016 0.017 0.019 0.045 0.035 0.006 0.017 0.031
253 I 0.047 0.018 0.015 0.018 0.016 0.013 0.018 0.021 0.009 0.269 0.168 0.024 0.037 0.044 0.015 0.025 0.04 0.006 0.021 0.177
254 H 0.042 0.046 0.054 0.038 0.008 0.038 0.054 0.038 0.353 0.023 0.038 0.046 0.015 0.031 0.019 0.042 0.027 0.008 0.057 0.023
255 I 0.047 0.018 0.015 0.018 0.016 0.013 0.018 0.021 0.009 0.269 0.168 0.024 0.037 0.044 0.015 0.025 0.04 0.006 0.021 0.177
256 C 0.065 0.016 0.016 0.016 0.482 0.012 0.016 0.033 0.008 0.045 0.065 0.02 0.016 0.02 0.016 0.041 0.037 0.004 0.012 0.057
257 L 0.045 0.024 0.014 0.015 0.016 0.016 0.02 0.021 0.01 0.116 0.373 0.025 0.05 0.055 0.014 0.024 0.034 0.007 0.022 0.097
258 K 0.057 0.107 0.042 0.042 0.009 0.054 0.071 0.043 0.021 0.028 0.043 0.276 0.016 0.016 0.028 0.054 0.04 0.005 0.017 0.033
259 G 0.079 0.023 0.039 0.034 0.011 0.019 0.026 0.508 0.014 0.019 0.028 0.034 0.009 0.016 0.019 0.051 0.03 0.005 0.011 0.024
260 I 0.047 0.018 0.015 0.018 0.016 0.013 0.018 0.021 0.009 0.269 0.168 0.024 0.037 0.044 0.015 0.025 0.04 0.006 0.021 0.177
261 L 0.066 0.045 0.092 0.041 0.013 0.03 0.042 0.09 0.018 0.052 0.111 0.09 0.021 0.025 0.022 0.103 0.049 0.005 0.017 0.068
262 E 0.056 0.089 0.039 0.055 0.009 0.084 0.155 0.038 0.022 0.024 0.039 0.134 0.014 0.015 0.066 0.068 0.04 0.005 0.016 0.031
263 L 0.072 0.031 0.02 0.02 0.016 0.021 0.027 0.029 0.011 0.111 0.256 0.052 0.05 0.041 0.017 0.037 0.057 0.006 0.02 0.106
264 K 0.079 0.077 0.059 0.034 0.012 0.05 0.046 0.04 0.02 0.054 0.061 0.098 0.018 0.03 0.066 0.052 0.062 0.007 0.047 0.088
265 K 0.049 0.144 0.031 0.03 0.01 0.038 0.048 0.033 0.017 0.079 0.091 0.169 0.02 0.023 0.062 0.041 0.036 0.005 0.017 0.058
266 V 0.065 0.026 0.023 0.023 0.017 0.02 0.027 0.03 0.011 0.13 0.12 0.031 0.056 0.033 0.018 0.06 0.087 0.006 0.019 0.197
267 L 0.118 0.029 0.019 0.021 0.016 0.019 0.028 0.037 0.012 0.121 0.135 0.052 0.027 0.096 0.018 0.042 0.039 0.007 0.029 0.134
268 L 0.051 0.02 0.016 0.017 0.015 0.014 0.019 0.064 0.01 0.176 0.197 0.024 0.034 0.072 0.014 0.028 0.037 0.007 0.025 0.162
269 V 0.073 0.021 0.019 0.02 0.016 0.016 0.023 0.028 0.01 0.182 0.123 0.027 0.029 0.069 0.017 0.043 0.064 0.006 0.025 0.188
270 I 0.067 0.025 0.027 0.025 0.056 0.019 0.026 0.075 0.012 0.119 0.119 0.031 0.03 0.063 0.019 0.065 0.101 0.006 0.023 0.093
271 L 0.051 0.02 0.018 0.018 0.015 0.015 0.02 0.107 0.01 0.148 0.21 0.025 0.033 0.071 0.014 0.029 0.034 0.007 0.024 0.132
272 L 0.048 0.02 0.015 0.016 0.015 0.015 0.02 0.021 0.012 0.178 0.2 0.024 0.034 0.081 0.014 0.026 0.036 0.008 0.053 0.163
273 G 0.16 0.027 0.031 0.03 0.057 0.022 0.032 0.218 0.013 0.037 0.073 0.037 0.016 0.021 0.022 0.092 0.044 0.005 0.014 0.048
274 L 0.101 0.023 0.019 0.02 0.058 0.017 0.024 0.034 0.01 0.142 0.172 0.028 0.03 0.046 0.018 0.055 0.042 0.006 0.02 0.133
275 L 0.088 0.02 0.016 0.018 0.057 0.015 0.021 0.029 0.01 0.166 0.167 0.025 0.031 0.069 0.016 0.034 0.038 0.006 0.024 0.149
276 V 0.089 0.025 0.027 0.026 0.016 0.019 0.029 0.106 0.012 0.098 0.111 0.032 0.024 0.061 0.019 0.079 0.065 0.006 0.023 0.132
277 L 0.042 0.021 0.014 0.016 0.014 0.015 0.019 0.021 0.011 0.15 0.277 0.023 0.053 0.11 0.013 0.024 0.032 0.008 0.031 0.103
278 L 0.042 0.02 0.014 0.015 0.014 0.014 0.019 0.021 0.011 0.14 0.261 0.022 0.037 0.14 0.013 0.024 0.032 0.009 0.036 0.114
279 S 0.094 0.033 0.089 0.042 0.014 0.026 0.04 0.052 0.018 0.058 0.069 0.043 0.022 0.055 0.064 0.143 0.056 0.006 0.022 0.053
280 L 0.092 0.053 0.02 0.021 0.015 0.02 0.026 0.033 0.012 0.13 0.185 0.036 0.045 0.069 0.017 0.041 0.057 0.007 0.025 0.095
281 N 0.062 0.037 0.143 0.051 0.011 0.046 0.045 0.133 0.021 0.025 0.036 0.048 0.012 0.017 0.105 0.092 0.066 0.004 0.015 0.032
282 L 0.059 0.06 0.022 0.022 0.014 0.023 0.031 0.028 0.043 0.11 0.168 0.059 0.029 0.033 0.059 0.034 0.038 0.006 0.022 0.142
283 L 0.098 0.021 0.016 0.018 0.016 0.016 0.022 0.031 0.01 0.173 0.175 0.026 0.032 0.073 0.016 0.035 0.039 0.007 0.025 0.15
284 A 0.132 0.03 0.056 0.038 0.016 0.026 0.06 0.049 0.015 0.111 0.079 0.041 0.021 0.026 0.022 0.104 0.051 0.005 0.017 0.098
285 N 0.086 0.069 0.115 0.045 0.013 0.03 0.043 0.05 0.019 0.063 0.058 0.072 0.017 0.022 0.023 0.108 0.072 0.005 0.017 0.072
286 L 0.091 0.024 0.016 0.017 0.016 0.017 0.023 0.03 0.011 0.13 0.289 0.028 0.053 0.044 0.016 0.034 0.036 0.006 0.02 0.099
287 L 0.043 0.022 0.014 0.015 0.015 0.014 0.019 0.021 0.01 0.105 0.334 0.023 0.042 0.112 0.013 0.024 0.032 0.008 0.032 0.103
288 N 0.061 0.075 0.121 0.08 0.012 0.034 0.051 0.049 0.02 0.05 0.049 0.097 0.015 0.02 0.023 0.107 0.07 0.005 0.016 0.045
289 I 0.088 0.025 0.025 0.025 0.015 0.02 0.028 0.077 0.015 0.138 0.127 0.033 0.04 0.041 0.019 0.072 0.063 0.007 0.046 0.095
290 I 0.042 0.018 0.014 0.016 0.014 0.012 0.017 0.021 0.01 0.233 0.168 0.022 0.033 0.126 0.013 0.024 0.034 0.008 0.034 0.139
291 G 0.068 0.024 0.066 0.069 0.01 0.02 0.031 0.455 0.015 0.018 0.027 0.034 0.009 0.015 0.018 0.05 0.03 0.005 0.011 0.023
292 L 0.04 0.052 0.017 0.017 0.013 0.018 0.022 0.023 0.015 0.1 0.235 0.031 0.048 0.145 0.013 0.026 0.03 0.011 0.064 0.078
293 G 0.093 0.037 0.095 0.077 0.012 0.028 0.044 0.218 0.018 0.024 0.034 0.065 0.012 0.017 0.022 0.107 0.046 0.005 0.014 0.032
294 S 0.065 0.074 0.072 0.109 0.011 0.065 0.07 0.048 0.023 0.026 0.04 0.081 0.014 0.026 0.023 0.12 0.05 0.007 0.044 0.033
295 Y 0.039 0.026 0.02 0.018 0.009 0.02 0.026 0.023 0.041 0.064 0.073 0.029 0.019 0.117 0.015 0.029 0.027 0.025 0.326 0.055
296 V 0.125 0.024 0.021 0.022 0.017 0.019 0.028 0.038 0.014 0.126 0.14 0.031 0.028 0.041 0.019 0.06 0.044 0.007 0.047 0.149
297 A 0.156 0.04 0.092 0.044 0.014 0.066 0.051 0.156 0.02 0.03 0.044 0.053 0.015 0.018 0.024 0.068 0.043 0.005 0.016 0.044
298 G 0.074 0.028 0.092 0.042 0.011 0.023 0.032 0.378 0.017 0.02 0.029 0.038 0.01 0.016 0.02 0.087 0.04 0.005 0.012 0.026
299 Y 0.038 0.026 0.02 0.017 0.009 0.02 0.026 0.024 0.042 0.04 0.064 0.029 0.017 0.118 0.014 0.029 0.026 0.068 0.329 0.043
300 L 0.048 0.023 0.017 0.017 0.016 0.017 0.021 0.023 0.01 0.157 0.275 0.026 0.053 0.045 0.015 0.03 0.056 0.006 0.02 0.126
301 I 0.047 0.018 0.015 0.018 0.016 0.013 0.018 0.021 0.009 0.271 0.168 0.024 0.037 0.044 0.015 0.025 0.04 0.006 0.021 0.177
302 G 0.065 0.046 0.126 0.055 0.011 0.053 0.075 0.139 0.022 0.025 0.037 0.076 0.013 0.017 0.023 0.096 0.068 0.005 0.015 0.033
303 G 0.066 0.027 0.116 0.044 0.01 0.021 0.03 0.417 0.017 0.019 0.028 0.037 0.009 0.016 0.018 0.053 0.033 0.005 0.011 0.024
304 N 0.043 0.045 0.317 0.083 0.009 0.034 0.049 0.065 0.032 0.022 0.032 0.054 0.011 0.018 0.02 0.07 0.049 0.004 0.016 0.027
305 G 0.067 0.048 0.041 0.04 0.01 0.119 0.064 0.277 0.021 0.023 0.038 0.062 0.015 0.015 0.021 0.053 0.035 0.006 0.016 0.03
306 N 0.062 0.052 0.122 0.082 0.011 0.034 0.052 0.091 0.02 0.028 0.039 0.114 0.013 0.017 0.024 0.095 0.087 0.005 0.015 0.036
307 L 0.046 0.023 0.017 0.022 0.014 0.018 0.046 0.023 0.014 0.146 0.189 0.027 0.032 0.111 0.014 0.028 0.034 0.009 0.058 0.131
308 G 0.066 0.038 0.04 0.034 0.012 0.028 0.04 0.124 0.082 0.035 0.047 0.063 0.015 0.038 0.022 0.097 0.083 0.009 0.078 0.046
309 F 0.038 0.019 0.015 0.016 0.012 0.012 0.018 0.023 0.014 0.097 0.164 0.02 0.029 0.294 0.011 0.024 0.028 0.013 0.063 0.089
310 L 0.081 0.028 0.023 0.023 0.016 0.023 0.029 0.034 0.013 0.089 0.22 0.034 0.09 0.04 0.018 0.072 0.044 0.006 0.02 0.097
311 P 0.074 0.027 0.021 0.025 0.013 0.038 0.034 0.032 0.012 0.082 0.148 0.037 0.024 0.027 0.227 0.039 0.036 0.005 0.017 0.083
312 N 0.063 0.038 0.196 0.058 0.012 0.03 0.044 0.056 0.023 0.054 0.057 0.047 0.03 0.022 0.021 0.125 0.056 0.005 0.017 0.047
313 Q 0.054 0.092 0.04 0.045 0.008 0.185 0.105 0.079 0.025 0.024 0.042 0.102 0.017 0.014 0.022 0.051 0.037 0.005 0.018 0.032
314 L 0.042 0.019 0.014 0.016 0.014 0.013 0.018 0.021 0.01 0.201 0.234 0.022 0.037 0.108 0.013 0.024 0.033 0.008 0.031 0.123
315 L 0.069 0.02 0.015 0.017 0.016 0.015 0.02 0.025 0.009 0.207 0.231 0.025 0.037 0.043 0.015 0.029 0.037 0.006 0.02 0.145
316 L 0.049 0.056 0.05 0.027 0.013 0.022 0.029 0.031 0.017 0.105 0.173 0.038 0.043 0.075 0.017 0.055 0.059 0.008 0.052 0.08
317 R 0.048 0.268 0.036 0.03 0.009 0.041 0.047 0.074 0.05 0.033 0.048 0.111 0.015 0.019 0.019 0.042 0.034 0.006 0.019 0.051
318 L 0.068 0.023 0.017 0.018 0.015 0.016 0.022 0.027 0.011 0.099 0.277 0.026 0.037 0.107 0.015 0.034 0.054 0.008 0.031 0.095
319 P 0.054 0.024 0.022 0.029 0.01 0.02 0.034 0.034 0.012 0.024 0.034 0.039 0.01 0.012 0.52 0.042 0.034 0.002 0.012 0.029
320 L 0.046 0.024 0.017 0.019 0.015 0.035 0.025 0.023 0.011 0.184 0.207 0.029 0.049 0.073 0.014 0.028 0.036 0.007 0.026 0.133
