#Seq2Logo.py -f /work3/idamei/ssn-clusterings/clustering/2205110921/clusters/0026_515/sequences.afa -o /work3/idamei/ssn-clusterings/clustering/2205110921/clusters/0026_515/sequences.logo
#Position Specific Frequency Matrix
A R N D C Q E G H I L K M F P S T W Y V
0 M 0.048 0.029 0.018 0.018 0.015 0.026 0.026 0.026 0.015 0.092 0.181 0.033 0.23 0.044 0.015 0.033 0.037 0.007 0.022 0.085
1 L 0.11 0.027 0.027 0.027 0.016 0.021 0.031 0.041 0.012 0.094 0.13 0.035 0.024 0.05 0.048 0.093 0.094 0.006 0.021 0.094
2 E 0.047 0.038 0.086 0.086 0.009 0.041 0.184 0.036 0.023 0.03 0.061 0.053 0.014 0.027 0.052 0.05 0.051 0.039 0.04 0.035
3 L 0.046 0.02 0.015 0.016 0.014 0.014 0.019 0.022 0.012 0.155 0.226 0.022 0.034 0.141 0.013 0.026 0.036 0.009 0.053 0.109
4 N 0.043 0.045 0.315 0.083 0.009 0.034 0.05 0.065 0.032 0.023 0.032 0.054 0.011 0.018 0.02 0.07 0.05 0.005 0.016 0.027
5 Y 0.036 0.026 0.02 0.018 0.009 0.032 0.028 0.024 0.036 0.041 0.068 0.029 0.018 0.161 0.014 0.029 0.026 0.05 0.293 0.043
6 L 0.04 0.092 0.02 0.019 0.012 0.027 0.027 0.024 0.034 0.088 0.227 0.041 0.031 0.122 0.014 0.028 0.03 0.008 0.034 0.081
7 Y 0.086 0.026 0.058 0.073 0.011 0.02 0.034 0.036 0.024 0.07 0.083 0.032 0.019 0.08 0.016 0.04 0.032 0.068 0.137 0.056
8 L 0.046 0.021 0.015 0.016 0.041 0.015 0.02 0.022 0.009 0.133 0.278 0.025 0.046 0.041 0.068 0.026 0.034 0.006 0.019 0.117
9 L 0.037 0.02 0.014 0.015 0.013 0.013 0.018 0.021 0.012 0.099 0.285 0.021 0.036 0.203 0.012 0.023 0.028 0.01 0.044 0.077
10 I 0.098 0.021 0.018 0.019 0.016 0.016 0.023 0.03 0.01 0.195 0.118 0.027 0.028 0.065 0.017 0.038 0.061 0.006 0.023 0.173
11 L 0.117 0.022 0.02 0.021 0.016 0.017 0.025 0.089 0.011 0.131 0.152 0.029 0.027 0.053 0.018 0.052 0.04 0.006 0.021 0.135
12 L 0.116 0.024 0.021 0.022 0.016 0.018 0.026 0.036 0.011 0.136 0.158 0.03 0.028 0.054 0.019 0.057 0.073 0.006 0.021 0.128
13 C 0.079 0.019 0.019 0.019 0.365 0.014 0.02 0.034 0.009 0.054 0.083 0.024 0.018 0.022 0.017 0.064 0.04 0.004 0.013 0.082
14 I 0.082 0.02 0.017 0.019 0.015 0.015 0.021 0.082 0.01 0.173 0.165 0.025 0.03 0.056 0.015 0.033 0.037 0.006 0.021 0.158
15 G 0.124 0.024 0.027 0.026 0.041 0.019 0.027 0.244 0.012 0.05 0.079 0.032 0.028 0.044 0.019 0.056 0.05 0.006 0.018 0.076
16 L 0.045 0.021 0.016 0.016 0.041 0.015 0.019 0.049 0.01 0.116 0.322 0.024 0.038 0.065 0.014 0.028 0.045 0.007 0.022 0.087
17 L 0.044 0.021 0.014 0.015 0.015 0.014 0.019 0.02 0.01 0.12 0.33 0.023 0.04 0.088 0.013 0.024 0.032 0.007 0.027 0.126
18 A 0.145 0.025 0.025 0.025 0.016 0.019 0.028 0.133 0.012 0.099 0.127 0.033 0.023 0.028 0.02 0.072 0.055 0.005 0.016 0.092
19 W 0.071 0.049 0.021 0.021 0.01 0.033 0.031 0.035 0.015 0.036 0.054 0.049 0.016 0.062 0.013 0.045 0.03 0.312 0.047 0.05
20 G 0.116 0.025 0.033 0.03 0.014 0.02 0.029 0.313 0.012 0.04 0.046 0.034 0.014 0.019 0.02 0.069 0.079 0.005 0.013 0.069
21 L 0.062 0.022 0.015 0.016 0.015 0.016 0.02 0.024 0.01 0.132 0.255 0.025 0.056 0.084 0.014 0.028 0.035 0.007 0.026 0.138
22 I 0.078 0.024 0.022 0.064 0.014 0.018 0.03 0.03 0.011 0.172 0.123 0.043 0.026 0.055 0.016 0.034 0.037 0.033 0.023 0.148
23 R 0.05 0.298 0.038 0.032 0.008 0.044 0.052 0.035 0.02 0.023 0.042 0.152 0.014 0.016 0.02 0.068 0.037 0.005 0.016 0.03
24 P 0.05 0.043 0.019 0.023 0.012 0.019 0.029 0.028 0.012 0.085 0.112 0.036 0.041 0.025 0.289 0.035 0.035 0.004 0.016 0.086
25 E 0.071 0.117 0.04 0.089 0.009 0.059 0.19 0.039 0.021 0.023 0.037 0.072 0.013 0.016 0.023 0.087 0.041 0.005 0.015 0.032
26 R 0.042 0.288 0.031 0.026 0.009 0.039 0.044 0.029 0.019 0.04 0.123 0.116 0.021 0.023 0.018 0.038 0.032 0.006 0.017 0.041
27 I 0.063 0.019 0.016 0.018 0.015 0.014 0.019 0.024 0.009 0.239 0.132 0.024 0.03 0.079 0.015 0.03 0.052 0.006 0.025 0.171
28 Y 0.036 0.024 0.019 0.017 0.009 0.018 0.024 0.023 0.037 0.046 0.089 0.027 0.02 0.166 0.014 0.027 0.026 0.023 0.309 0.046
29 E 0.051 0.058 0.039 0.06 0.008 0.187 0.204 0.035 0.026 0.023 0.039 0.078 0.016 0.014 0.022 0.051 0.036 0.005 0.017 0.031
30 Y 0.036 0.024 0.019 0.017 0.009 0.018 0.024 0.023 0.037 0.044 0.072 0.026 0.018 0.187 0.013 0.028 0.025 0.024 0.313 0.044
31 P 0.052 0.024 0.021 0.028 0.009 0.019 0.033 0.033 0.012 0.024 0.033 0.038 0.009 0.012 0.535 0.04 0.033 0.002 0.012 0.028
32 F 0.033 0.02 0.017 0.016 0.009 0.014 0.02 0.023 0.026 0.051 0.089 0.022 0.021 0.321 0.011 0.025 0.024 0.019 0.189 0.048
33 F 0.033 0.018 0.015 0.015 0.01 0.01 0.018 0.023 0.015 0.066 0.123 0.018 0.025 0.396 0.01 0.024 0.025 0.014 0.075 0.067
34 M 0.047 0.029 0.018 0.018 0.015 0.026 0.026 0.026 0.015 0.091 0.179 0.033 0.237 0.044 0.015 0.033 0.037 0.007 0.022 0.084
35 G 0.193 0.024 0.03 0.029 0.014 0.02 0.029 0.347 0.013 0.027 0.038 0.035 0.012 0.017 0.021 0.06 0.035 0.005 0.012 0.039
36 G 0.196 0.026 0.031 0.031 0.023 0.022 0.033 0.227 0.014 0.031 0.044 0.037 0.013 0.038 0.023 0.101 0.043 0.005 0.017 0.044
37 I 0.081 0.024 0.022 0.022 0.016 0.019 0.025 0.03 0.011 0.177 0.121 0.03 0.061 0.033 0.018 0.045 0.105 0.006 0.018 0.136
38 F 0.033 0.018 0.016 0.016 0.01 0.011 0.018 0.023 0.016 0.085 0.11 0.019 0.034 0.37 0.01 0.024 0.025 0.015 0.086 0.062
39 I 0.139 0.023 0.021 0.022 0.017 0.018 0.026 0.038 0.01 0.156 0.121 0.031 0.026 0.03 0.019 0.049 0.084 0.005 0.018 0.146
40 A 0.159 0.03 0.033 0.032 0.017 0.024 0.037 0.052 0.014 0.068 0.068 0.04 0.029 0.024 0.024 0.148 0.081 0.005 0.017 0.098
41 F 0.031 0.017 0.015 0.015 0.01 0.01 0.017 0.023 0.015 0.058 0.104 0.017 0.023 0.443 0.01 0.023 0.023 0.015 0.081 0.05
42 I 0.044 0.018 0.013 0.015 0.015 0.013 0.017 0.019 0.008 0.246 0.228 0.022 0.036 0.052 0.013 0.023 0.035 0.006 0.021 0.154
43 L 0.045 0.021 0.013 0.014 0.015 0.014 0.019 0.02 0.009 0.123 0.339 0.023 0.04 0.064 0.013 0.024 0.033 0.007 0.023 0.14
44 P 0.052 0.023 0.021 0.028 0.009 0.019 0.033 0.033 0.012 0.023 0.033 0.038 0.009 0.012 0.54 0.04 0.033 0.002 0.012 0.028
45 Q 0.051 0.067 0.04 0.043 0.008 0.286 0.094 0.037 0.027 0.024 0.043 0.083 0.019 0.013 0.021 0.051 0.037 0.005 0.019 0.032
46 A 0.286 0.027 0.023 0.026 0.019 0.022 0.034 0.085 0.012 0.057 0.064 0.037 0.018 0.022 0.024 0.068 0.051 0.005 0.016 0.106
47 I 0.041 0.021 0.017 0.017 0.012 0.015 0.021 0.022 0.021 0.153 0.136 0.024 0.027 0.124 0.014 0.028 0.044 0.014 0.148 0.102
48 A 0.248 0.03 0.031 0.032 0.018 0.025 0.039 0.089 0.014 0.04 0.051 0.042 0.016 0.02 0.026 0.14 0.054 0.005 0.016 0.066
49 L 0.055 0.022 0.013 0.014 0.015 0.015 0.019 0.022 0.009 0.102 0.414 0.024 0.044 0.048 0.014 0.025 0.031 0.006 0.02 0.086
50 I 0.058 0.024 0.018 0.019 0.013 0.017 0.024 0.025 0.019 0.165 0.104 0.04 0.025 0.097 0.015 0.032 0.046 0.012 0.127 0.117
51 N 0.049 0.111 0.179 0.074 0.009 0.032 0.045 0.069 0.021 0.033 0.09 0.083 0.016 0.021 0.018 0.056 0.039 0.005 0.015 0.035
52 N 0.042 0.039 0.213 0.093 0.009 0.031 0.045 0.048 0.029 0.03 0.046 0.063 0.014 0.098 0.018 0.064 0.053 0.006 0.027 0.032
53 P 0.065 0.03 0.023 0.031 0.01 0.035 0.052 0.035 0.013 0.028 0.054 0.055 0.012 0.014 0.416 0.042 0.034 0.003 0.013 0.033
54 G 0.063 0.028 0.03 0.033 0.01 0.023 0.063 0.289 0.014 0.04 0.058 0.048 0.013 0.026 0.017 0.052 0.03 0.107 0.022 0.035
55 P 0.067 0.024 0.024 0.025 0.013 0.018 0.027 0.123 0.012 0.066 0.142 0.032 0.022 0.05 0.149 0.062 0.038 0.005 0.019 0.083
56 V 0.102 0.023 0.019 0.021 0.016 0.018 0.027 0.033 0.01 0.103 0.115 0.03 0.024 0.028 0.109 0.042 0.058 0.005 0.017 0.201
57 G 0.072 0.032 0.073 0.06 0.012 0.037 0.041 0.19 0.016 0.026 0.036 0.043 0.012 0.017 0.071 0.127 0.083 0.005 0.014 0.034
58 P 0.058 0.038 0.041 0.039 0.01 0.092 0.078 0.135 0.018 0.031 0.07 0.051 0.026 0.018 0.135 0.068 0.037 0.005 0.015 0.036
59 E 0.059 0.059 0.035 0.075 0.01 0.072 0.135 0.035 0.018 0.061 0.054 0.073 0.016 0.021 0.046 0.059 0.063 0.03 0.018 0.06
60 A 0.202 0.028 0.026 0.048 0.015 0.024 0.051 0.051 0.02 0.044 0.061 0.038 0.026 0.041 0.022 0.073 0.041 0.034 0.088 0.066
61 L 0.045 0.021 0.013 0.015 0.015 0.014 0.019 0.02 0.009 0.146 0.335 0.023 0.04 0.045 0.013 0.024 0.034 0.006 0.02 0.143
62 E 0.064 0.078 0.038 0.102 0.009 0.068 0.198 0.036 0.02 0.029 0.041 0.078 0.014 0.016 0.047 0.05 0.048 0.005 0.015 0.046
63 R 0.062 0.196 0.065 0.075 0.009 0.06 0.053 0.039 0.02 0.027 0.047 0.096 0.024 0.017 0.045 0.06 0.05 0.005 0.016 0.034
64 V 0.116 0.024 0.02 0.021 0.017 0.018 0.026 0.034 0.01 0.117 0.125 0.03 0.036 0.031 0.018 0.046 0.082 0.005 0.018 0.207
65 L 0.04 0.022 0.013 0.014 0.014 0.015 0.019 0.02 0.01 0.1 0.389 0.023 0.052 0.087 0.013 0.023 0.03 0.007 0.026 0.084
66 L 0.041 0.02 0.013 0.014 0.014 0.014 0.018 0.02 0.009 0.148 0.338 0.022 0.04 0.078 0.013 0.023 0.032 0.007 0.025 0.11
67 M 0.048 0.028 0.019 0.019 0.014 0.024 0.026 0.025 0.033 0.104 0.163 0.031 0.192 0.051 0.015 0.032 0.036 0.007 0.024 0.108
68 S 0.084 0.029 0.038 0.034 0.163 0.024 0.036 0.073 0.014 0.032 0.046 0.039 0.015 0.019 0.023 0.187 0.083 0.005 0.014 0.044
69 C 0.071 0.021 0.038 0.023 0.255 0.015 0.023 0.035 0.012 0.056 0.069 0.026 0.017 0.107 0.017 0.068 0.057 0.007 0.027 0.055
70 L 0.055 0.022 0.014 0.015 0.015 0.015 0.019 0.022 0.01 0.1 0.4 0.024 0.048 0.058 0.014 0.025 0.031 0.007 0.022 0.085
71 C 0.06 0.015 0.015 0.015 0.522 0.011 0.015 0.03 0.008 0.04 0.059 0.019 0.015 0.018 0.015 0.041 0.034 0.004 0.011 0.052
72 L 0.192 0.025 0.018 0.021 0.017 0.019 0.028 0.045 0.012 0.075 0.195 0.032 0.038 0.052 0.02 0.05 0.039 0.006 0.021 0.097
73 A 0.247 0.026 0.023 0.025 0.017 0.021 0.032 0.105 0.013 0.06 0.094 0.036 0.019 0.025 0.023 0.063 0.053 0.031 0.018 0.071
74 A 0.181 0.026 0.02 0.021 0.115 0.022 0.028 0.046 0.013 0.059 0.103 0.033 0.1 0.029 0.02 0.053 0.04 0.006 0.017 0.069
75 C 0.075 0.016 0.017 0.017 0.482 0.013 0.017 0.033 0.008 0.04 0.058 0.021 0.015 0.019 0.016 0.051 0.036 0.004 0.012 0.052
76 W 0.048 0.021 0.015 0.015 0.034 0.014 0.021 0.029 0.014 0.041 0.075 0.022 0.017 0.081 0.009 0.025 0.024 0.375 0.07 0.05
77 L 0.039 0.02 0.014 0.015 0.013 0.013 0.018 0.02 0.011 0.127 0.284 0.021 0.036 0.16 0.012 0.023 0.03 0.009 0.037 0.099
78 G 0.074 0.022 0.037 0.032 0.01 0.018 0.026 0.508 0.013 0.018 0.027 0.032 0.009 0.015 0.018 0.07 0.032 0.005 0.01 0.024
79 Y 0.052 0.026 0.02 0.017 0.009 0.02 0.026 0.025 0.041 0.04 0.062 0.029 0.017 0.114 0.015 0.031 0.026 0.024 0.362 0.043
80 Q 0.068 0.067 0.049 0.038 0.01 0.143 0.081 0.037 0.021 0.04 0.116 0.075 0.022 0.023 0.02 0.057 0.037 0.031 0.02 0.044
81 L 0.043 0.076 0.019 0.019 0.012 0.019 0.025 0.049 0.013 0.096 0.203 0.037 0.042 0.113 0.064 0.033 0.031 0.007 0.03 0.07
82 P 0.079 0.118 0.03 0.031 0.01 0.033 0.045 0.038 0.016 0.026 0.04 0.139 0.013 0.014 0.22 0.048 0.048 0.004 0.014 0.034
83 P 0.095 0.025 0.022 0.029 0.012 0.021 0.047 0.037 0.012 0.053 0.063 0.038 0.025 0.018 0.33 0.046 0.049 0.004 0.014 0.06
84 N 0.056 0.039 0.155 0.069 0.01 0.03 0.047 0.049 0.096 0.029 0.037 0.059 0.013 0.019 0.07 0.107 0.046 0.005 0.022 0.042
85 R 0.064 0.141 0.03 0.03 0.011 0.036 0.056 0.033 0.035 0.056 0.073 0.094 0.018 0.023 0.094 0.049 0.053 0.005 0.026 0.071
86 K 0.074 0.097 0.062 0.038 0.01 0.038 0.051 0.094 0.018 0.025 0.038 0.185 0.013 0.018 0.023 0.095 0.042 0.03 0.017 0.032
87 L 0.038 0.021 0.015 0.016 0.012 0.014 0.02 0.024 0.011 0.094 0.197 0.023 0.028 0.103 0.037 0.026 0.041 0.159 0.04 0.08
88 L 0.058 0.023 0.017 0.037 0.015 0.028 0.026 0.024 0.01 0.142 0.293 0.027 0.037 0.041 0.015 0.028 0.034 0.006 0.019 0.118
89 K 0.08 0.094 0.054 0.045 0.01 0.077 0.102 0.043 0.022 0.026 0.041 0.15 0.015 0.021 0.023 0.085 0.042 0.006 0.033 0.034
90 K 0.065 0.088 0.05 0.056 0.009 0.052 0.057 0.04 0.037 0.033 0.077 0.216 0.017 0.019 0.023 0.059 0.042 0.005 0.018 0.037
91 L 0.04 0.02 0.015 0.016 0.013 0.013 0.019 0.047 0.011 0.104 0.266 0.022 0.034 0.167 0.037 0.024 0.029 0.009 0.038 0.077
92 N 0.056 0.041 0.185 0.114 0.01 0.066 0.057 0.052 0.023 0.024 0.034 0.052 0.013 0.018 0.021 0.114 0.062 0.005 0.021 0.031
93 I 0.063 0.063 0.039 0.025 0.014 0.045 0.032 0.029 0.013 0.149 0.13 0.04 0.026 0.05 0.017 0.039 0.064 0.006 0.021 0.137
94 P 0.077 0.033 0.045 0.033 0.011 0.036 0.039 0.039 0.052 0.053 0.049 0.055 0.014 0.018 0.243 0.069 0.052 0.004 0.018 0.058
95 V 0.052 0.02 0.016 0.017 0.016 0.015 0.02 0.022 0.009 0.196 0.158 0.024 0.041 0.056 0.015 0.03 0.056 0.006 0.022 0.209
96 D 0.047 0.033 0.09 0.338 0.008 0.029 0.073 0.046 0.018 0.022 0.028 0.057 0.01 0.015 0.021 0.084 0.04 0.004 0.012 0.025
97 L 0.065 0.039 0.033 0.087 0.011 0.044 0.115 0.035 0.016 0.056 0.119 0.074 0.02 0.023 0.07 0.058 0.063 0.005 0.016 0.051
98 K 0.095 0.114 0.079 0.081 0.01 0.038 0.068 0.047 0.019 0.027 0.04 0.142 0.013 0.016 0.023 0.078 0.054 0.005 0.015 0.035
99 K 0.047 0.229 0.037 0.034 0.008 0.047 0.057 0.035 0.02 0.023 0.041 0.243 0.014 0.015 0.022 0.045 0.034 0.005 0.016 0.029
100 L 0.038 0.021 0.014 0.014 0.014 0.014 0.018 0.021 0.011 0.093 0.342 0.022 0.049 0.143 0.012 0.023 0.029 0.009 0.035 0.078
101 F 0.038 0.024 0.017 0.017 0.012 0.015 0.021 0.023 0.013 0.074 0.22 0.037 0.04 0.243 0.013 0.027 0.041 0.011 0.05 0.065
102 Q 0.047 0.055 0.052 0.037 0.009 0.16 0.065 0.034 0.088 0.069 0.067 0.061 0.02 0.026 0.019 0.045 0.048 0.007 0.041 0.05
103 G 0.141 0.023 0.029 0.027 0.013 0.018 0.026 0.327 0.012 0.05 0.055 0.032 0.024 0.04 0.019 0.051 0.033 0.006 0.016 0.058
104 G 0.098 0.022 0.034 0.03 0.011 0.018 0.025 0.509 0.012 0.019 0.028 0.032 0.009 0.015 0.018 0.05 0.029 0.005 0.01 0.026
105 I 0.059 0.02 0.033 0.02 0.014 0.015 0.021 0.026 0.011 0.193 0.163 0.025 0.03 0.076 0.014 0.031 0.049 0.032 0.026 0.143
106 V 0.088 0.021 0.016 0.018 0.016 0.016 0.022 0.052 0.009 0.135 0.17 0.025 0.033 0.054 0.016 0.034 0.039 0.006 0.021 0.209
107 L 0.038 0.021 0.014 0.014 0.013 0.014 0.018 0.02 0.012 0.089 0.329 0.022 0.038 0.156 0.012 0.023 0.028 0.01 0.053 0.076
108 V 0.112 0.024 0.019 0.02 0.017 0.019 0.025 0.033 0.011 0.136 0.131 0.03 0.063 0.033 0.018 0.043 0.067 0.006 0.019 0.174
109 L 0.131 0.022 0.017 0.019 0.041 0.016 0.024 0.06 0.01 0.11 0.202 0.028 0.029 0.054 0.017 0.04 0.037 0.006 0.021 0.118
110 I 0.062 0.023 0.017 0.019 0.015 0.04 0.026 0.024 0.011 0.21 0.157 0.029 0.041 0.055 0.015 0.03 0.037 0.006 0.022 0.161
111 G 0.084 0.023 0.037 0.032 0.011 0.019 0.027 0.48 0.013 0.019 0.028 0.033 0.009 0.015 0.019 0.077 0.033 0.005 0.011 0.025
112 Y 0.043 0.041 0.019 0.018 0.06 0.018 0.024 0.025 0.024 0.068 0.126 0.03 0.022 0.09 0.014 0.04 0.03 0.069 0.172 0.068
113 F 0.058 0.02 0.017 0.017 0.013 0.014 0.021 0.037 0.017 0.105 0.131 0.023 0.026 0.177 0.013 0.029 0.032 0.012 0.106 0.131
114 F 0.07 0.021 0.022 0.022 0.074 0.015 0.024 0.034 0.015 0.048 0.082 0.025 0.02 0.281 0.015 0.08 0.036 0.011 0.055 0.049
115 T 0.064 0.036 0.094 0.04 0.013 0.027 0.039 0.07 0.021 0.033 0.046 0.056 0.015 0.035 0.022 0.12 0.125 0.033 0.07 0.042
116 F 0.037 0.056 0.018 0.017 0.01 0.017 0.022 0.023 0.022 0.107 0.096 0.03 0.023 0.213 0.013 0.027 0.028 0.015 0.145 0.08
117 L 0.044 0.037 0.02 0.02 0.013 0.022 0.029 0.026 0.012 0.08 0.305 0.085 0.035 0.06 0.015 0.04 0.033 0.032 0.024 0.069
118 L 0.072 0.039 0.017 0.018 0.014 0.016 0.022 0.027 0.011 0.159 0.199 0.029 0.041 0.096 0.015 0.032 0.047 0.007 0.028 0.11
119 G 0.074 0.031 0.053 0.036 0.012 0.036 0.038 0.167 0.036 0.032 0.063 0.041 0.025 0.035 0.07 0.127 0.046 0.006 0.035 0.037
120 R 0.083 0.121 0.051 0.034 0.012 0.066 0.046 0.089 0.024 0.037 0.081 0.075 0.018 0.02 0.021 0.066 0.09 0.005 0.017 0.044
121 L 0.065 0.049 0.029 0.048 0.014 0.049 0.053 0.032 0.014 0.087 0.163 0.043 0.046 0.03 0.019 0.05 0.115 0.006 0.018 0.072
122 P 0.095 0.033 0.032 0.051 0.012 0.042 0.101 0.041 0.016 0.036 0.045 0.047 0.014 0.017 0.171 0.079 0.093 0.004 0.015 0.055
123 E 0.079 0.051 0.026 0.048 0.012 0.036 0.174 0.031 0.016 0.116 0.099 0.05 0.021 0.026 0.02 0.042 0.036 0.005 0.017 0.096
124 A 0.123 0.044 0.057 0.07 0.012 0.102 0.11 0.049 0.02 0.03 0.044 0.059 0.015 0.017 0.024 0.087 0.073 0.005 0.016 0.042
125 R 0.05 0.137 0.029 0.027 0.013 0.031 0.037 0.03 0.015 0.12 0.122 0.085 0.026 0.03 0.019 0.044 0.072 0.006 0.019 0.089
126 S 0.11 0.04 0.054 0.049 0.018 0.033 0.052 0.066 0.019 0.03 0.042 0.054 0.016 0.021 0.03 0.22 0.082 0.005 0.018 0.042
127 E 0.101 0.031 0.029 0.061 0.013 0.03 0.126 0.037 0.015 0.073 0.085 0.042 0.02 0.063 0.021 0.059 0.071 0.006 0.022 0.095
128 R 0.094 0.106 0.07 0.065 0.011 0.047 0.096 0.093 0.019 0.027 0.041 0.061 0.014 0.017 0.022 0.08 0.079 0.005 0.015 0.038
129 G 0.111 0.032 0.045 0.037 0.013 0.027 0.078 0.115 0.016 0.071 0.109 0.054 0.02 0.029 0.02 0.071 0.05 0.006 0.033 0.063
130 G 0.101 0.103 0.106 0.062 0.012 0.03 0.05 0.131 0.019 0.026 0.039 0.056 0.013 0.017 0.021 0.092 0.069 0.005 0.014 0.036
131 G 0.069 0.032 0.071 0.039 0.012 0.048 0.039 0.256 0.016 0.027 0.038 0.043 0.013 0.019 0.021 0.092 0.105 0.005 0.019 0.036
132 G 0.06 0.041 0.063 0.038 0.011 0.099 0.051 0.114 0.02 0.035 0.056 0.051 0.036 0.024 0.046 0.078 0.096 0.006 0.033 0.043
133 W 0.033 0.022 0.014 0.014 0.01 0.015 0.02 0.024 0.012 0.06 0.201 0.022 0.036 0.053 0.01 0.022 0.025 0.311 0.044 0.053
134 T 0.068 0.033 0.04 0.035 0.016 0.029 0.037 0.04 0.013 0.047 0.058 0.042 0.018 0.021 0.025 0.094 0.299 0.005 0.016 0.063
135 G 0.071 0.021 0.036 0.031 0.01 0.017 0.023 0.555 0.012 0.017 0.026 0.031 0.009 0.015 0.017 0.047 0.027 0.005 0.01 0.022
136 I 0.078 0.043 0.02 0.023 0.013 0.019 0.028 0.031 0.011 0.158 0.124 0.048 0.024 0.029 0.141 0.047 0.038 0.005 0.017 0.103
137 A 0.143 0.059 0.024 0.024 0.015 0.02 0.028 0.139 0.012 0.11 0.092 0.039 0.02 0.025 0.044 0.051 0.038 0.005 0.016 0.098
138 T 0.066 0.032 0.039 0.034 0.016 0.025 0.036 0.039 0.013 0.048 0.059 0.041 0.018 0.022 0.025 0.084 0.315 0.005 0.016 0.065
139 I 0.046 0.017 0.014 0.016 0.015 0.013 0.017 0.019 0.008 0.31 0.148 0.022 0.033 0.039 0.014 0.024 0.037 0.005 0.019 0.186
140 Y 0.037 0.025 0.019 0.016 0.009 0.019 0.024 0.022 0.036 0.05 0.117 0.027 0.021 0.124 0.014 0.027 0.026 0.022 0.314 0.049
141 L 0.071 0.027 0.023 0.022 0.013 0.031 0.029 0.056 0.033 0.072 0.184 0.031 0.047 0.085 0.016 0.057 0.036 0.033 0.046 0.086
142 F 0.036 0.019 0.019 0.018 0.011 0.012 0.02 0.025 0.015 0.056 0.097 0.021 0.022 0.382 0.012 0.032 0.065 0.014 0.072 0.052
143 F 0.031 0.017 0.015 0.015 0.01 0.01 0.017 0.023 0.015 0.059 0.112 0.017 0.024 0.433 0.01 0.023 0.023 0.015 0.079 0.051
144 G 0.139 0.038 0.037 0.034 0.015 0.024 0.036 0.212 0.014 0.038 0.043 0.041 0.014 0.019 0.023 0.135 0.074 0.005 0.014 0.045
145 G 0.088 0.049 0.07 0.039 0.011 0.099 0.052 0.179 0.039 0.025 0.039 0.053 0.014 0.021 0.021 0.076 0.052 0.006 0.034 0.034
146 L 0.057 0.023 0.016 0.017 0.015 0.016 0.021 0.023 0.009 0.105 0.335 0.025 0.039 0.043 0.015 0.031 0.06 0.006 0.019 0.124
147 I 0.07 0.022 0.023 0.042 0.015 0.017 0.027 0.047 0.01 0.18 0.152 0.029 0.028 0.033 0.017 0.069 0.055 0.005 0.018 0.137
148 Y 0.039 0.027 0.072 0.046 0.01 0.021 0.03 0.028 0.033 0.051 0.111 0.031 0.02 0.085 0.015 0.033 0.03 0.018 0.241 0.059
149 P 0.049 0.021 0.018 0.024 0.012 0.016 0.027 0.028 0.01 0.134 0.077 0.032 0.018 0.022 0.339 0.034 0.035 0.003 0.014 0.087
150 G 0.152 0.023 0.032 0.03 0.013 0.019 0.027 0.417 0.013 0.023 0.034 0.033 0.011 0.016 0.02 0.055 0.032 0.005 0.012 0.034
151 F 0.048 0.018 0.015 0.016 0.011 0.011 0.018 0.025 0.014 0.064 0.148 0.019 0.026 0.366 0.011 0.026 0.025 0.014 0.069 0.056
152 A 0.25 0.029 0.029 0.03 0.018 0.024 0.037 0.086 0.014 0.043 0.054 0.041 0.016 0.02 0.026 0.105 0.087 0.005 0.016 0.07
153 I 0.043 0.016 0.013 0.016 0.015 0.012 0.016 0.019 0.008 0.334 0.157 0.021 0.034 0.04 0.013 0.023 0.036 0.005 0.019 0.159
154 C 0.046 0.018 0.016 0.016 0.185 0.012 0.018 0.026 0.011 0.075 0.166 0.021 0.026 0.168 0.013 0.04 0.031 0.008 0.037 0.064
155 L 0.039 0.02 0.014 0.015 0.013 0.013 0.018 0.021 0.012 0.112 0.289 0.022 0.036 0.154 0.012 0.023 0.029 0.01 0.053 0.094
156 L 0.048 0.043 0.021 0.02 0.013 0.02 0.026 0.027 0.019 0.082 0.228 0.032 0.04 0.078 0.015 0.063 0.036 0.011 0.108 0.068
157 C 0.06 0.034 0.03 0.035 0.111 0.063 0.085 0.034 0.034 0.053 0.108 0.044 0.021 0.024 0.02 0.079 0.067 0.005 0.018 0.076
158 A 0.169 0.026 0.024 0.024 0.041 0.02 0.03 0.045 0.012 0.062 0.148 0.034 0.024 0.048 0.021 0.063 0.103 0.006 0.02 0.08
159 L 0.04 0.058 0.015 0.015 0.014 0.017 0.021 0.021 0.011 0.103 0.351 0.031 0.039 0.083 0.013 0.024 0.03 0.007 0.026 0.082
160 K 0.053 0.128 0.054 0.04 0.008 0.057 0.074 0.064 0.02 0.024 0.038 0.242 0.014 0.015 0.023 0.06 0.037 0.005 0.016 0.029
161 R 0.048 0.174 0.039 0.054 0.033 0.05 0.066 0.059 0.072 0.025 0.041 0.124 0.014 0.017 0.02 0.047 0.059 0.005 0.02 0.032
162 P 0.047 0.087 0.042 0.03 0.009 0.037 0.039 0.033 0.015 0.041 0.048 0.077 0.013 0.055 0.291 0.04 0.033 0.005 0.02 0.037
163 Y 0.04 0.028 0.022 0.019 0.009 0.022 0.028 0.025 0.047 0.044 0.068 0.031 0.019 0.131 0.016 0.031 0.028 0.028 0.318 0.047
164 R 0.045 0.345 0.039 0.031 0.008 0.048 0.052 0.033 0.023 0.023 0.047 0.12 0.016 0.017 0.019 0.045 0.035 0.006 0.017 0.031
165 T 0.065 0.054 0.084 0.04 0.012 0.028 0.041 0.07 0.023 0.031 0.043 0.064 0.014 0.022 0.047 0.121 0.125 0.056 0.02 0.04
166 I 0.061 0.024 0.018 0.019 0.013 0.016 0.023 0.027 0.012 0.161 0.127 0.04 0.036 0.119 0.039 0.041 0.036 0.033 0.033 0.122
167 I 0.064 0.028 0.027 0.026 0.014 0.044 0.033 0.058 0.013 0.119 0.117 0.035 0.024 0.088 0.018 0.077 0.086 0.007 0.026 0.096
168 N 0.104 0.079 0.18 0.05 0.011 0.032 0.045 0.053 0.021 0.028 0.039 0.094 0.013 0.017 0.046 0.063 0.068 0.004 0.015 0.037
169 L 0.037 0.02 0.014 0.015 0.012 0.013 0.019 0.022 0.011 0.133 0.207 0.021 0.03 0.092 0.011 0.022 0.029 0.159 0.038 0.095
170 I 0.108 0.022 0.019 0.02 0.016 0.017 0.024 0.033 0.01 0.194 0.158 0.028 0.029 0.035 0.018 0.051 0.06 0.005 0.018 0.135
171 A 0.148 0.023 0.02 0.021 0.035 0.017 0.025 0.089 0.012 0.068 0.138 0.028 0.033 0.13 0.017 0.045 0.034 0.008 0.032 0.076
172 T 0.09 0.03 0.034 0.03 0.016 0.023 0.033 0.04 0.012 0.062 0.099 0.038 0.021 0.025 0.023 0.082 0.227 0.005 0.017 0.091
173 A 0.178 0.023 0.02 0.022 0.016 0.018 0.027 0.093 0.011 0.1 0.146 0.031 0.025 0.049 0.019 0.049 0.039 0.006 0.02 0.109
174 L 0.074 0.019 0.016 0.017 0.039 0.014 0.02 0.051 0.01 0.16 0.178 0.023 0.03 0.114 0.014 0.03 0.034 0.007 0.03 0.12
175 A 0.278 0.029 0.029 0.031 0.018 0.024 0.038 0.09 0.014 0.035 0.049 0.042 0.015 0.019 0.051 0.115 0.049 0.005 0.015 0.054
176 A 0.249 0.027 0.028 0.029 0.042 0.022 0.035 0.134 0.013 0.038 0.066 0.038 0.016 0.02 0.024 0.099 0.046 0.005 0.015 0.054
177 W 0.087 0.023 0.018 0.018 0.013 0.017 0.024 0.032 0.015 0.089 0.12 0.026 0.026 0.067 0.014 0.044 0.034 0.164 0.068 0.1
178 I 0.053 0.021 0.041 0.024 0.015 0.016 0.023 0.061 0.011 0.193 0.139 0.027 0.029 0.061 0.015 0.046 0.041 0.006 0.023 0.155
179 P 0.05 0.023 0.02 0.026 0.01 0.019 0.031 0.031 0.012 0.046 0.065 0.036 0.023 0.016 0.464 0.038 0.033 0.003 0.013 0.04
180 T 0.073 0.036 0.043 0.038 0.018 0.028 0.039 0.043 0.014 0.053 0.065 0.045 0.02 0.024 0.028 0.093 0.246 0.006 0.018 0.071
181 L 0.044 0.022 0.015 0.017 0.014 0.017 0.021 0.022 0.01 0.133 0.269 0.026 0.074 0.061 0.063 0.026 0.033 0.006 0.022 0.103
182 Q 0.047 0.039 0.028 0.028 0.011 0.119 0.05 0.03 0.039 0.09 0.114 0.048 0.024 0.088 0.017 0.048 0.035 0.009 0.063 0.074
183 A 0.148 0.093 0.036 0.054 0.014 0.073 0.052 0.05 0.017 0.035 0.057 0.059 0.017 0.019 0.024 0.092 0.092 0.005 0.016 0.048
184 I 0.139 0.042 0.022 0.023 0.016 0.024 0.029 0.039 0.011 0.161 0.098 0.036 0.024 0.029 0.02 0.055 0.076 0.005 0.017 0.134
185 I 0.05 0.018 0.014 0.016 0.016 0.014 0.018 0.02 0.008 0.233 0.18 0.023 0.033 0.039 0.014 0.025 0.039 0.005 0.019 0.217
186 L 0.053 0.022 0.016 0.019 0.012 0.016 0.036 0.024 0.014 0.079 0.234 0.024 0.035 0.199 0.013 0.027 0.029 0.011 0.06 0.079
187 Y 0.079 0.027 0.042 0.026 0.011 0.032 0.031 0.129 0.027 0.055 0.06 0.034 0.017 0.083 0.017 0.055 0.033 0.014 0.174 0.054
188 G 0.071 0.021 0.036 0.031 0.01 0.017 0.023 0.555 0.012 0.017 0.026 0.031 0.009 0.015 0.017 0.047 0.027 0.005 0.01 0.022
189 R 0.041 0.405 0.035 0.028 0.007 0.044 0.048 0.03 0.021 0.021 0.042 0.109 0.014 0.016 0.018 0.041 0.032 0.005 0.016 0.028
190 R 0.041 0.405 0.035 0.028 0.007 0.044 0.048 0.03 0.021 0.021 0.042 0.109 0.014 0.016 0.018 0.041 0.032 0.005 0.016 0.028
191 E 0.051 0.052 0.038 0.067 0.008 0.133 0.256 0.034 0.024 0.023 0.038 0.072 0.014 0.015 0.023 0.052 0.048 0.005 0.016 0.031
192 P 0.066 0.025 0.025 0.028 0.012 0.02 0.033 0.035 0.012 0.049 0.052 0.037 0.014 0.017 0.33 0.063 0.078 0.003 0.014 0.086
193 T 0.104 0.03 0.033 0.03 0.016 0.024 0.033 0.041 0.012 0.077 0.075 0.039 0.033 0.024 0.024 0.074 0.232 0.005 0.017 0.075
194 A 0.184 0.026 0.019 0.021 0.018 0.022 0.029 0.044 0.012 0.086 0.108 0.033 0.083 0.03 0.02 0.051 0.043 0.006 0.018 0.147
195 T 0.059 0.028 0.03 0.027 0.016 0.021 0.03 0.033 0.012 0.069 0.17 0.034 0.026 0.05 0.02 0.071 0.195 0.006 0.021 0.082
196 F 0.036 0.018 0.015 0.015 0.011 0.011 0.018 0.022 0.013 0.087 0.16 0.019 0.028 0.322 0.011 0.024 0.027 0.012 0.062 0.088
197 L 0.085 0.021 0.015 0.016 0.016 0.015 0.021 0.026 0.009 0.158 0.268 0.025 0.036 0.041 0.015 0.031 0.036 0.006 0.019 0.142
198 L 0.043 0.021 0.014 0.015 0.015 0.015 0.019 0.02 0.01 0.167 0.297 0.023 0.058 0.064 0.013 0.024 0.033 0.007 0.023 0.121
199 T 0.085 0.029 0.035 0.032 0.016 0.024 0.035 0.042 0.013 0.112 0.08 0.039 0.031 0.026 0.023 0.136 0.142 0.005 0.017 0.079
200 I 0.045 0.018 0.013 0.016 0.015 0.013 0.017 0.019 0.008 0.255 0.214 0.022 0.036 0.041 0.013 0.024 0.036 0.006 0.019 0.168
201 G 0.145 0.023 0.03 0.028 0.013 0.019 0.027 0.377 0.012 0.036 0.042 0.033 0.012 0.018 0.02 0.053 0.034 0.005 0.012 0.063
202 L 0.042 0.022 0.014 0.015 0.039 0.015 0.019 0.021 0.011 0.102 0.302 0.023 0.066 0.109 0.013 0.025 0.031 0.008 0.03 0.093
203 S 0.119 0.029 0.037 0.034 0.065 0.024 0.036 0.124 0.014 0.048 0.05 0.04 0.015 0.02 0.023 0.149 0.104 0.005 0.015 0.051
204 L 0.045 0.022 0.017 0.018 0.014 0.015 0.021 0.024 0.012 0.131 0.272 0.025 0.035 0.111 0.014 0.048 0.034 0.008 0.046 0.089
205 F 0.034 0.021 0.017 0.016 0.033 0.015 0.021 0.024 0.026 0.044 0.074 0.022 0.018 0.215 0.011 0.025 0.024 0.123 0.195 0.043
206 F 0.034 0.019 0.016 0.015 0.01 0.012 0.019 0.022 0.017 0.075 0.142 0.02 0.031 0.329 0.011 0.024 0.025 0.015 0.105 0.06
207 L 0.047 0.064 0.023 0.022 0.013 0.034 0.031 0.038 0.05 0.141 0.144 0.051 0.027 0.061 0.016 0.033 0.047 0.006 0.026 0.125
208 R 0.044 0.23 0.05 0.032 0.008 0.04 0.048 0.033 0.021 0.029 0.063 0.158 0.016 0.044 0.019 0.047 0.034 0.007 0.042 0.033
209 R 0.049 0.227 0.068 0.037 0.008 0.041 0.059 0.159 0.02 0.021 0.036 0.105 0.012 0.015 0.019 0.046 0.032 0.005 0.014 0.027
210 L 0.044 0.046 0.024 0.024 0.01 0.038 0.038 0.03 0.019 0.073 0.131 0.119 0.023 0.054 0.017 0.045 0.033 0.093 0.083 0.056
211 V 0.112 0.051 0.024 0.025 0.015 0.035 0.035 0.037 0.012 0.118 0.09 0.067 0.022 0.026 0.045 0.049 0.079 0.005 0.017 0.136
212 P 0.096 0.024 0.022 0.027 0.012 0.019 0.032 0.038 0.012 0.037 0.06 0.037 0.013 0.016 0.392 0.046 0.049 0.003 0.013 0.052
213 P 0.056 0.026 0.041 0.032 0.01 0.021 0.035 0.037 0.013 0.024 0.033 0.039 0.01 0.013 0.458 0.069 0.038 0.003 0.012 0.029
214 R 0.041 0.4 0.035 0.028 0.007 0.044 0.048 0.03 0.021 0.021 0.042 0.113 0.014 0.016 0.018 0.041 0.032 0.005 0.016 0.028
215 W 0.045 0.025 0.018 0.018 0.01 0.017 0.025 0.029 0.013 0.06 0.085 0.04 0.018 0.062 0.061 0.039 0.029 0.293 0.044 0.069
216 L 0.078 0.022 0.017 0.018 0.016 0.016 0.022 0.027 0.01 0.129 0.255 0.026 0.034 0.059 0.015 0.038 0.05 0.006 0.022 0.141
217 V 0.081 0.019 0.015 0.017 0.016 0.014 0.02 0.026 0.009 0.201 0.139 0.024 0.03 0.054 0.015 0.031 0.04 0.006 0.021 0.22
218 I 0.059 0.018 0.014 0.016 0.015 0.013 0.018 0.022 0.009 0.228 0.184 0.023 0.033 0.078 0.014 0.026 0.036 0.006 0.025 0.161
219 G 0.129 0.024 0.027 0.026 0.014 0.018 0.027 0.201 0.012 0.065 0.097 0.032 0.019 0.064 0.019 0.061 0.058 0.006 0.021 0.081
220 A 0.202 0.026 0.027 0.027 0.016 0.021 0.031 0.176 0.013 0.041 0.08 0.035 0.022 0.061 0.022 0.08 0.04 0.006 0.021 0.052
221 I 0.05 0.019 0.014 0.016 0.016 0.014 0.019 0.02 0.008 0.212 0.2 0.023 0.037 0.039 0.014 0.025 0.038 0.005 0.019 0.21
222 L 0.062 0.02 0.016 0.017 0.015 0.015 0.02 0.024 0.01 0.151 0.185 0.024 0.041 0.112 0.014 0.03 0.049 0.007 0.03 0.157
223 F 0.088 0.021 0.02 0.02 0.013 0.015 0.022 0.106 0.013 0.087 0.158 0.025 0.029 0.179 0.015 0.041 0.031 0.009 0.039 0.071
224 A 0.243 0.027 0.025 0.026 0.017 0.022 0.033 0.13 0.013 0.064 0.07 0.037 0.039 0.023 0.023 0.074 0.043 0.005 0.016 0.069
225 L 0.079 0.027 0.021 0.021 0.016 0.022 0.026 0.031 0.012 0.096 0.2 0.032 0.109 0.038 0.017 0.044 0.089 0.006 0.02 0.095
226 L 0.043 0.021 0.016 0.016 0.013 0.014 0.02 0.023 0.013 0.117 0.231 0.023 0.033 0.164 0.013 0.036 0.032 0.01 0.055 0.108
227 A 0.192 0.024 0.018 0.021 0.017 0.018 0.027 0.044 0.011 0.12 0.184 0.031 0.028 0.033 0.02 0.049 0.039 0.005 0.018 0.101
228 I 0.043 0.016 0.013 0.016 0.015 0.012 0.016 0.019 0.008 0.323 0.17 0.022 0.034 0.041 0.013 0.023 0.036 0.005 0.019 0.156
229 P 0.054 0.024 0.023 0.029 0.01 0.019 0.034 0.034 0.012 0.024 0.033 0.038 0.01 0.012 0.515 0.052 0.035 0.002 0.012 0.029
230 L 0.155 0.026 0.022 0.023 0.017 0.02 0.029 0.043 0.012 0.073 0.228 0.033 0.04 0.034 0.02 0.08 0.042 0.006 0.018 0.08
231 T 0.067 0.024 0.025 0.024 0.015 0.018 0.026 0.031 0.011 0.142 0.114 0.03 0.025 0.089 0.018 0.051 0.148 0.007 0.026 0.11
232 G 0.087 0.024 0.038 0.033 0.011 0.02 0.029 0.436 0.032 0.02 0.029 0.034 0.01 0.016 0.019 0.083 0.035 0.005 0.013 0.026
233 E 0.087 0.043 0.039 0.094 0.01 0.065 0.181 0.064 0.019 0.028 0.041 0.07 0.014 0.016 0.023 0.059 0.088 0.005 0.015 0.039
234 Y 0.039 0.025 0.035 0.019 0.01 0.019 0.025 0.024 0.032 0.061 0.142 0.028 0.033 0.093 0.014 0.029 0.029 0.019 0.26 0.061
235 R 0.041 0.405 0.035 0.028 0.007 0.044 0.048 0.03 0.021 0.021 0.042 0.109 0.014 0.016 0.018 0.041 0.032 0.005 0.016 0.028
236 G 0.078 0.106 0.045 0.036 0.011 0.042 0.056 0.193 0.018 0.027 0.044 0.07 0.023 0.02 0.021 0.093 0.053 0.006 0.023 0.035
237 L 0.065 0.027 0.057 0.04 0.013 0.019 0.028 0.09 0.012 0.14 0.168 0.045 0.027 0.032 0.017 0.05 0.05 0.005 0.017 0.097
238 A 0.168 0.025 0.022 0.023 0.016 0.019 0.029 0.045 0.013 0.068 0.104 0.032 0.042 0.119 0.019 0.071 0.042 0.008 0.032 0.104
239 W 0.094 0.077 0.031 0.029 0.01 0.029 0.04 0.067 0.054 0.027 0.043 0.1 0.014 0.029 0.019 0.077 0.037 0.158 0.032 0.034
240 D 0.056 0.041 0.084 0.13 0.01 0.082 0.12 0.043 0.021 0.031 0.041 0.056 0.014 0.017 0.022 0.089 0.075 0.005 0.015 0.048
241 L 0.125 0.027 0.021 0.022 0.017 0.02 0.028 0.039 0.012 0.083 0.253 0.032 0.035 0.039 0.02 0.049 0.071 0.006 0.02 0.082
242 V 0.057 0.021 0.015 0.016 0.017 0.015 0.021 0.022 0.008 0.165 0.209 0.025 0.036 0.041 0.015 0.028 0.042 0.006 0.02 0.22
243 F 0.033 0.019 0.016 0.016 0.011 0.011 0.018 0.024 0.016 0.064 0.126 0.019 0.026 0.387 0.01 0.025 0.025 0.016 0.082 0.055
244 S 0.082 0.043 0.09 0.049 0.015 0.061 0.055 0.056 0.021 0.031 0.044 0.056 0.016 0.019 0.026 0.165 0.106 0.005 0.017 0.043
245 G 0.059 0.047 0.041 0.117 0.009 0.05 0.075 0.333 0.016 0.019 0.029 0.045 0.01 0.014 0.019 0.047 0.03 0.005 0.012 0.024
246 D 0.046 0.052 0.125 0.154 0.008 0.048 0.084 0.092 0.02 0.021 0.03 0.05 0.01 0.014 0.119 0.05 0.035 0.004 0.013 0.025
247 W 0.032 0.02 0.014 0.015 0.009 0.014 0.02 0.025 0.013 0.085 0.111 0.021 0.031 0.089 0.009 0.022 0.025 0.337 0.052 0.057
248 E 0.071 0.044 0.076 0.118 0.009 0.073 0.156 0.07 0.021 0.023 0.035 0.072 0.013 0.016 0.023 0.088 0.042 0.005 0.015 0.031
249 A 0.136 0.048 0.034 0.036 0.013 0.103 0.067 0.104 0.018 0.033 0.051 0.086 0.026 0.018 0.023 0.071 0.066 0.005 0.016 0.044
250 L 0.058 0.02 0.014 0.016 0.015 0.014 0.019 0.023 0.01 0.17 0.233 0.023 0.034 0.08 0.013 0.026 0.034 0.032 0.027 0.139
251 R 0.045 0.134 0.046 0.029 0.01 0.049 0.042 0.033 0.017 0.048 0.109 0.1 0.02 0.035 0.018 0.048 0.061 0.085 0.025 0.046
252 E 0.079 0.05 0.086 0.056 0.01 0.088 0.145 0.044 0.022 0.039 0.043 0.087 0.015 0.017 0.023 0.093 0.044 0.005 0.016 0.039
253 L 0.046 0.021 0.014 0.016 0.016 0.015 0.019 0.021 0.009 0.199 0.255 0.024 0.051 0.045 0.014 0.025 0.036 0.006 0.02 0.147
254 D 0.043 0.085 0.138 0.189 0.008 0.059 0.07 0.047 0.023 0.022 0.033 0.096 0.012 0.015 0.021 0.054 0.038 0.004 0.014 0.027
255 P 0.059 0.023 0.022 0.043 0.012 0.017 0.029 0.03 0.012 0.079 0.134 0.031 0.022 0.085 0.19 0.048 0.048 0.006 0.025 0.084
256 V 0.117 0.028 0.023 0.023 0.016 0.02 0.029 0.037 0.011 0.124 0.132 0.046 0.026 0.03 0.019 0.07 0.062 0.005 0.018 0.164
257 E 0.051 0.062 0.042 0.123 0.008 0.108 0.179 0.11 0.022 0.021 0.034 0.064 0.013 0.014 0.021 0.049 0.033 0.005 0.015 0.027
258 N 0.046 0.072 0.158 0.055 0.009 0.092 0.055 0.043 0.032 0.038 0.077 0.085 0.017 0.02 0.02 0.054 0.065 0.005 0.017 0.039
259 F 0.099 0.023 0.02 0.021 0.014 0.016 0.025 0.035 0.013 0.066 0.181 0.027 0.027 0.19 0.016 0.061 0.048 0.009 0.042 0.067
260 K 0.047 0.066 0.072 0.038 0.01 0.09 0.066 0.036 0.02 0.055 0.079 0.1 0.019 0.1 0.018 0.054 0.037 0.007 0.029 0.057
261 N 0.075 0.075 0.166 0.101 0.009 0.05 0.131 0.048 0.024 0.023 0.034 0.06 0.012 0.016 0.021 0.066 0.04 0.005 0.015 0.03
262 F 0.091 0.026 0.047 0.046 0.013 0.025 0.032 0.037 0.019 0.066 0.076 0.032 0.02 0.156 0.017 0.064 0.054 0.011 0.087 0.08
263 L 0.047 0.023 0.015 0.017 0.015 0.029 0.023 0.022 0.01 0.12 0.246 0.026 0.034 0.098 0.014 0.026 0.035 0.007 0.028 0.165
264 K 0.057 0.107 0.042 0.042 0.009 0.054 0.071 0.043 0.021 0.028 0.043 0.278 0.016 0.016 0.028 0.054 0.04 0.005 0.017 0.033
265 Q 0.056 0.074 0.044 0.047 0.009 0.215 0.103 0.041 0.029 0.026 0.047 0.091 0.021 0.015 0.024 0.056 0.041 0.006 0.021 0.035
266 E 0.055 0.05 0.04 0.09 0.007 0.064 0.296 0.035 0.026 0.022 0.037 0.076 0.013 0.017 0.026 0.055 0.037 0.006 0.017 0.031
267 N 0.065 0.06 0.119 0.085 0.01 0.073 0.068 0.068 0.021 0.034 0.072 0.067 0.026 0.02 0.02 0.066 0.066 0.005 0.016 0.04
268 E 0.052 0.072 0.084 0.054 0.009 0.066 0.142 0.039 0.021 0.029 0.04 0.129 0.014 0.016 0.072 0.061 0.038 0.005 0.015 0.044
269 G 0.086 0.033 0.07 0.086 0.01 0.054 0.103 0.264 0.018 0.021 0.032 0.046 0.011 0.015 0.02 0.052 0.033 0.005 0.013 0.028
270 A 0.119 0.047 0.055 0.082 0.012 0.049 0.107 0.05 0.019 0.03 0.046 0.1 0.024 0.018 0.024 0.112 0.047 0.005 0.016 0.04
271 I 0.063 0.022 0.039 0.063 0.014 0.017 0.028 0.029 0.011 0.199 0.116 0.029 0.026 0.031 0.041 0.037 0.064 0.005 0.017 0.148
272 L 0.05 0.024 0.019 0.019 0.015 0.017 0.023 0.051 0.011 0.09 0.357 0.027 0.039 0.044 0.015 0.062 0.037 0.006 0.019 0.077
273 E 0.05 0.045 0.037 0.082 0.007 0.059 0.36 0.032 0.023 0.02 0.033 0.069 0.012 0.015 0.023 0.05 0.033 0.005 0.015 0.028
274 L 0.041 0.022 0.013 0.014 0.015 0.014 0.018 0.02 0.009 0.11 0.395 0.023 0.043 0.067 0.013 0.023 0.031 0.007 0.023 0.099
275 R 0.045 0.283 0.036 0.036 0.007 0.047 0.082 0.033 0.021 0.022 0.041 0.172 0.014 0.015 0.02 0.044 0.033 0.005 0.016 0.029
276 N 0.038 0.039 0.345 0.07 0.008 0.029 0.043 0.056 0.029 0.022 0.031 0.047 0.011 0.023 0.018 0.06 0.043 0.031 0.034 0.026
277 A 0.341 0.028 0.024 0.027 0.019 0.023 0.036 0.094 0.013 0.038 0.053 0.04 0.016 0.019 0.027 0.076 0.044 0.005 0.016 0.061
278 A 0.313 0.028 0.024 0.027 0.019 0.023 0.036 0.066 0.013 0.045 0.058 0.04 0.017 0.02 0.026 0.076 0.071 0.005 0.016 0.076
279 L 0.104 0.023 0.017 0.018 0.016 0.016 0.023 0.031 0.01 0.102 0.256 0.027 0.033 0.077 0.016 0.037 0.048 0.007 0.025 0.115
280 L 0.06 0.025 0.017 0.018 0.014 0.04 0.027 0.024 0.011 0.132 0.259 0.029 0.035 0.065 0.015 0.029 0.035 0.006 0.023 0.134
281 I 0.059 0.021 0.015 0.017 0.015 0.017 0.02 0.023 0.01 0.247 0.156 0.026 0.096 0.04 0.014 0.028 0.037 0.006 0.02 0.132
282 D 0.1 0.034 0.063 0.26 0.009 0.032 0.108 0.046 0.019 0.025 0.035 0.059 0.011 0.02 0.022 0.053 0.035 0.005 0.03 0.032
283 A 0.264 0.028 0.026 0.028 0.019 0.023 0.036 0.061 0.013 0.054 0.062 0.039 0.018 0.021 0.025 0.092 0.074 0.005 0.016 0.097
284 T 0.167 0.029 0.03 0.029 0.018 0.023 0.034 0.048 0.012 0.059 0.066 0.039 0.019 0.022 0.024 0.077 0.178 0.005 0.016 0.102
285 R 0.072 0.12 0.039 0.051 0.012 0.033 0.092 0.036 0.016 0.066 0.062 0.059 0.018 0.021 0.021 0.078 0.081 0.005 0.016 0.101
286 R 0.075 0.134 0.031 0.035 0.01 0.066 0.079 0.035 0.037 0.074 0.077 0.123 0.019 0.028 0.02 0.044 0.035 0.005 0.019 0.054
287 T 0.066 0.075 0.056 0.038 0.014 0.054 0.046 0.042 0.017 0.04 0.067 0.067 0.018 0.02 0.023 0.111 0.176 0.005 0.016 0.05
288 G 0.062 0.058 0.113 0.063 0.01 0.038 0.041 0.267 0.037 0.02 0.031 0.046 0.011 0.016 0.019 0.085 0.039 0.005 0.015 0.026
289 D 0.06 0.097 0.039 0.132 0.01 0.103 0.065 0.037 0.019 0.039 0.096 0.081 0.022 0.02 0.02 0.047 0.048 0.005 0.016 0.045
290 Y 0.037 0.025 0.02 0.017 0.009 0.019 0.025 0.023 0.041 0.04 0.064 0.028 0.017 0.134 0.014 0.028 0.025 0.025 0.366 0.043
291 G 0.063 0.03 0.037 0.066 0.009 0.042 0.126 0.356 0.016 0.018 0.029 0.044 0.01 0.015 0.019 0.048 0.03 0.005 0.012 0.024
292 Y 0.035 0.022 0.018 0.036 0.034 0.016 0.024 0.025 0.024 0.049 0.124 0.024 0.021 0.126 0.012 0.026 0.025 0.141 0.169 0.047
293 G 0.071 0.021 0.036 0.031 0.01 0.017 0.023 0.555 0.012 0.017 0.026 0.031 0.009 0.015 0.017 0.047 0.027 0.005 0.01 0.022
294 A 0.191 0.029 0.03 0.029 0.018 0.023 0.035 0.052 0.013 0.066 0.065 0.039 0.019 0.022 0.025 0.091 0.139 0.005 0.016 0.092
295 G 0.106 0.045 0.051 0.045 0.011 0.035 0.049 0.367 0.015 0.021 0.032 0.041 0.011 0.016 0.019 0.056 0.032 0.005 0.012 0.029
296 Y 0.035 0.024 0.019 0.016 0.008 0.018 0.024 0.023 0.036 0.038 0.062 0.027 0.017 0.124 0.013 0.027 0.025 0.11 0.313 0.04
297 W 0.028 0.021 0.014 0.014 0.007 0.014 0.021 0.028 0.014 0.028 0.048 0.021 0.014 0.055 0.007 0.021 0.021 0.539 0.062 0.028
298 N 0.038 0.036 0.259 0.219 0.008 0.029 0.059 0.053 0.024 0.02 0.027 0.046 0.01 0.015 0.019 0.057 0.04 0.004 0.013 0.024
299 A 0.126 0.076 0.035 0.039 0.013 0.08 0.081 0.047 0.018 0.048 0.068 0.065 0.018 0.02 0.023 0.107 0.066 0.005 0.017 0.05
300 L 0.044 0.02 0.013 0.015 0.015 0.014 0.018 0.02 0.009 0.185 0.286 0.022 0.038 0.063 0.013 0.023 0.034 0.006 0.022 0.14
301 V 0.056 0.018 0.014 0.016 0.016 0.014 0.019 0.021 0.008 0.223 0.132 0.023 0.031 0.035 0.014 0.027 0.042 0.005 0.019 0.267
302 F 0.032 0.021 0.018 0.018 0.009 0.024 0.022 0.024 0.035 0.054 0.098 0.022 0.022 0.402 0.011 0.025 0.024 0.014 0.076 0.048
303 R 0.047 0.251 0.038 0.034 0.008 0.124 0.063 0.034 0.022 0.024 0.043 0.107 0.016 0.015 0.02 0.052 0.048 0.005 0.017 0.032
304 F 0.032 0.019 0.016 0.016 0.01 0.012 0.019 0.023 0.021 0.055 0.108 0.02 0.022 0.339 0.011 0.024 0.024 0.042 0.139 0.049
305 V 0.056 0.019 0.015 0.016 0.016 0.014 0.02 0.021 0.008 0.199 0.128 0.023 0.03 0.054 0.014 0.028 0.041 0.006 0.022 0.272
306 P 0.052 0.023 0.021 0.028 0.009 0.019 0.033 0.033 0.012 0.023 0.033 0.038 0.009 0.012 0.54 0.04 0.033 0.002 0.012 0.028
307 G 0.24 0.025 0.028 0.028 0.016 0.021 0.031 0.267 0.013 0.03 0.043 0.036 0.013 0.018 0.023 0.065 0.038 0.005 0.013 0.046
308 Q 0.051 0.067 0.04 0.043 0.008 0.286 0.094 0.037 0.027 0.024 0.043 0.083 0.019 0.013 0.021 0.051 0.037 0.005 0.019 0.032
309 L 0.039 0.018 0.014 0.015 0.014 0.012 0.017 0.02 0.01 0.193 0.234 0.021 0.035 0.139 0.012 0.023 0.031 0.008 0.034 0.11
310 L 0.05 0.02 0.014 0.015 0.015 0.014 0.02 0.021 0.009 0.119 0.236 0.023 0.034 0.098 0.013 0.026 0.036 0.007 0.028 0.2
311 G 0.073 0.022 0.036 0.031 0.01 0.018 0.024 0.531 0.013 0.018 0.026 0.032 0.009 0.015 0.018 0.058 0.029 0.005 0.01 0.023
312 F 0.084 0.092 0.032 0.035 0.011 0.043 0.072 0.04 0.022 0.033 0.054 0.08 0.016 0.097 0.02 0.095 0.041 0.01 0.083 0.04
313 D 0.049 0.052 0.073 0.227 0.008 0.046 0.129 0.09 0.019 0.022 0.031 0.052 0.011 0.015 0.021 0.062 0.049 0.004 0.013 0.027
314 F 0.037 0.019 0.016 0.016 0.012 0.012 0.019 0.023 0.013 0.074 0.158 0.02 0.027 0.318 0.011 0.026 0.04 0.012 0.062 0.084
315 K 0.052 0.097 0.038 0.038 0.008 0.049 0.064 0.039 0.019 0.025 0.039 0.344 0.014 0.014 0.025 0.049 0.036 0.005 0.016 0.03
316 N 0.047 0.056 0.156 0.12 0.008 0.067 0.126 0.045 0.024 0.022 0.033 0.097 0.012 0.015 0.021 0.065 0.04 0.004 0.015 0.027
317 S 0.158 0.036 0.053 0.037 0.015 0.039 0.043 0.081 0.017 0.035 0.064 0.059 0.016 0.04 0.024 0.159 0.054 0.005 0.019 0.046
318 L 0.04 0.022 0.013 0.014 0.014 0.014 0.018 0.02 0.009 0.114 0.403 0.023 0.043 0.068 0.013 0.022 0.03 0.007 0.023 0.089
319 Q 0.048 0.045 0.028 0.031 0.011 0.132 0.069 0.03 0.021 0.059 0.123 0.054 0.118 0.034 0.018 0.04 0.036 0.007 0.037 0.059
320 I 0.04 0.018 0.014 0.015 0.013 0.012 0.017 0.021 0.011 0.192 0.178 0.02 0.031 0.178 0.012 0.023 0.031 0.009 0.04 0.124
