#Seq2Logo.py -f /work3/idamei/ssn-clusterings/clustering/2205111239/clusters/0009_196/sequences.afa -o /work3/idamei/ssn-clusterings/clustering/2205111239/clusters/0009_196/sequences.logo
#Position Specific Frequency Matrix
A R N D C Q E G H I L K M F P S T W Y V
0 L 0.051 0.031 0.02 0.02 0.016 0.027 0.027 0.027 0.016 0.097 0.191 0.035 0.185 0.047 0.016 0.035 0.039 0.008 0.023 0.09
1 L 0.045 0.043 0.077 0.043 0.011 0.031 0.081 0.034 0.018 0.089 0.129 0.082 0.025 0.091 0.018 0.041 0.036 0.007 0.029 0.068
2 A 0.087 0.043 0.032 0.04 0.013 0.033 0.085 0.042 0.017 0.079 0.075 0.085 0.02 0.087 0.022 0.08 0.056 0.007 0.029 0.066
3 N 0.052 0.058 0.135 0.049 0.011 0.035 0.048 0.046 0.021 0.073 0.062 0.128 0.018 0.022 0.022 0.059 0.08 0.005 0.017 0.06
4 K 0.052 0.16 0.04 0.039 0.008 0.096 0.072 0.039 0.023 0.026 0.044 0.199 0.016 0.015 0.024 0.051 0.038 0.005 0.018 0.032
5 T 0.059 0.032 0.032 0.038 0.015 0.029 0.078 0.034 0.014 0.097 0.13 0.042 0.026 0.03 0.022 0.062 0.151 0.006 0.018 0.084
6 N 0.093 0.031 0.128 0.044 0.015 0.024 0.035 0.048 0.018 0.12 0.085 0.04 0.022 0.028 0.021 0.059 0.082 0.005 0.017 0.089
7 K 0.063 0.16 0.042 0.039 0.01 0.047 0.061 0.044 0.021 0.026 0.043 0.199 0.015 0.017 0.025 0.087 0.046 0.005 0.017 0.033
8 N 0.045 0.051 0.258 0.073 0.009 0.082 0.062 0.058 0.03 0.023 0.035 0.062 0.013 0.017 0.021 0.065 0.046 0.005 0.017 0.029
9 E 0.056 0.122 0.04 0.061 0.01 0.05 0.177 0.036 0.022 0.03 0.045 0.078 0.015 0.018 0.024 0.061 0.092 0.006 0.017 0.04
10 S 0.11 0.04 0.054 0.049 0.018 0.033 0.052 0.066 0.019 0.03 0.042 0.054 0.016 0.021 0.03 0.22 0.082 0.005 0.018 0.042
11 G 0.078 0.023 0.039 0.034 0.011 0.019 0.026 0.51 0.014 0.019 0.028 0.034 0.009 0.016 0.019 0.051 0.03 0.005 0.011 0.024
12 K 0.052 0.128 0.085 0.119 0.009 0.043 0.066 0.045 0.022 0.025 0.038 0.161 0.013 0.016 0.024 0.065 0.041 0.005 0.016 0.03
13 Y 0.04 0.022 0.018 0.018 0.011 0.017 0.022 0.023 0.028 0.129 0.106 0.026 0.025 0.145 0.014 0.027 0.031 0.018 0.189 0.089
14 L 0.043 0.022 0.015 0.016 0.015 0.016 0.02 0.021 0.015 0.16 0.262 0.025 0.039 0.062 0.014 0.025 0.034 0.01 0.074 0.112
15 L 0.046 0.025 0.02 0.019 0.014 0.018 0.024 0.026 0.017 0.082 0.237 0.028 0.034 0.119 0.016 0.036 0.069 0.012 0.084 0.075
16 L 0.097 0.025 0.023 0.023 0.016 0.019 0.028 0.038 0.013 0.108 0.193 0.031 0.032 0.099 0.018 0.07 0.043 0.008 0.031 0.087
17 L 0.065 0.026 0.026 0.025 0.016 0.02 0.029 0.033 0.012 0.096 0.144 0.032 0.028 0.095 0.019 0.074 0.083 0.007 0.03 0.139
18 L 0.048 0.022 0.015 0.016 0.085 0.016 0.019 0.023 0.01 0.152 0.252 0.025 0.06 0.045 0.014 0.028 0.036 0.006 0.02 0.11
19 F 0.048 0.019 0.016 0.016 0.152 0.012 0.018 0.026 0.012 0.078 0.14 0.021 0.026 0.192 0.013 0.03 0.032 0.01 0.046 0.093
20 C 0.056 0.017 0.016 0.016 0.36 0.012 0.017 0.029 0.009 0.056 0.117 0.02 0.022 0.079 0.015 0.035 0.034 0.006 0.024 0.06
21 S 0.122 0.034 0.042 0.039 0.017 0.028 0.043 0.057 0.016 0.072 0.064 0.046 0.019 0.024 0.026 0.167 0.096 0.005 0.017 0.067
22 F 0.034 0.02 0.017 0.017 0.01 0.012 0.02 0.025 0.021 0.059 0.105 0.02 0.024 0.365 0.011 0.025 0.025 0.018 0.122 0.052
23 F 0.038 0.02 0.015 0.016 0.013 0.012 0.019 0.023 0.013 0.109 0.199 0.021 0.033 0.253 0.012 0.024 0.029 0.012 0.058 0.082
24 S 0.107 0.039 0.053 0.047 0.017 0.032 0.051 0.064 0.019 0.029 0.041 0.053 0.015 0.02 0.029 0.243 0.08 0.005 0.017 0.041
25 I 0.047 0.019 0.015 0.017 0.015 0.013 0.018 0.021 0.01 0.215 0.183 0.023 0.035 0.095 0.014 0.025 0.037 0.007 0.03 0.16
26 N 0.055 0.042 0.213 0.063 0.011 0.032 0.048 0.057 0.075 0.027 0.038 0.05 0.013 0.02 0.022 0.092 0.081 0.005 0.022 0.034
27 D 0.041 0.03 0.069 0.397 0.008 0.03 0.091 0.047 0.019 0.022 0.028 0.045 0.009 0.015 0.022 0.052 0.035 0.004 0.011 0.024
28 F 0.065 0.028 0.033 0.03 0.013 0.021 0.034 0.042 0.021 0.045 0.074 0.035 0.02 0.2 0.019 0.119 0.049 0.013 0.092 0.047
29 L 0.05 0.026 0.019 0.019 0.015 0.018 0.024 0.028 0.012 0.088 0.294 0.028 0.039 0.049 0.015 0.055 0.038 0.078 0.027 0.077
30 P 0.091 0.026 0.025 0.029 0.013 0.02 0.034 0.04 0.013 0.036 0.053 0.038 0.014 0.071 0.3 0.053 0.069 0.005 0.024 0.044
31 I 0.048 0.018 0.014 0.017 0.016 0.013 0.018 0.02 0.008 0.28 0.16 0.023 0.035 0.042 0.014 0.025 0.04 0.006 0.02 0.183
32 N 0.041 0.044 0.337 0.081 0.009 0.033 0.048 0.063 0.031 0.022 0.031 0.052 0.011 0.017 0.02 0.068 0.048 0.004 0.015 0.026
33 P 0.052 0.025 0.02 0.026 0.012 0.019 0.031 0.031 0.012 0.05 0.138 0.036 0.021 0.024 0.367 0.037 0.034 0.004 0.015 0.048
34 I 0.094 0.025 0.024 0.024 0.017 0.019 0.027 0.035 0.011 0.169 0.114 0.032 0.028 0.033 0.02 0.052 0.107 0.006 0.019 0.144
35 Y 0.039 0.027 0.021 0.018 0.009 0.021 0.027 0.024 0.045 0.042 0.067 0.03 0.018 0.127 0.015 0.03 0.027 0.027 0.338 0.045
36 I 0.048 0.021 0.018 0.021 0.013 0.016 0.024 0.025 0.015 0.18 0.113 0.029 0.026 0.046 0.156 0.03 0.036 0.008 0.063 0.113
37 L 0.043 0.024 0.016 0.017 0.014 0.017 0.021 0.023 0.016 0.119 0.245 0.026 0.058 0.112 0.014 0.026 0.032 0.011 0.076 0.091
38 G 0.067 0.023 0.029 0.026 0.013 0.019 0.024 0.31 0.012 0.089 0.084 0.031 0.041 0.027 0.017 0.041 0.034 0.006 0.015 0.092
39 F 0.123 0.022 0.019 0.02 0.13 0.016 0.024 0.064 0.013 0.057 0.121 0.027 0.023 0.135 0.018 0.046 0.035 0.008 0.036 0.062
40 G 0.054 0.02 0.022 0.021 0.013 0.014 0.021 0.166 0.012 0.129 0.104 0.025 0.024 0.137 0.015 0.033 0.033 0.009 0.036 0.112
41 L 0.08 0.024 0.016 0.017 0.016 0.016 0.022 0.029 0.011 0.095 0.305 0.026 0.04 0.099 0.015 0.032 0.034 0.008 0.03 0.084
42 L 0.043 0.02 0.014 0.016 0.015 0.014 0.018 0.021 0.01 0.182 0.254 0.023 0.039 0.099 0.013 0.024 0.034 0.008 0.03 0.121
43 L 0.059 0.023 0.024 0.023 0.083 0.017 0.024 0.101 0.012 0.095 0.17 0.028 0.028 0.087 0.016 0.061 0.039 0.007 0.027 0.076
44 L 0.05 0.022 0.015 0.017 0.016 0.016 0.02 0.022 0.01 0.188 0.226 0.026 0.06 0.045 0.015 0.027 0.039 0.006 0.021 0.16
45 G 0.07 0.026 0.031 0.028 0.015 0.02 0.028 0.174 0.012 0.097 0.12 0.034 0.024 0.029 0.019 0.073 0.075 0.006 0.017 0.102
46 F 0.041 0.021 0.019 0.019 0.012 0.014 0.021 0.027 0.013 0.121 0.11 0.024 0.026 0.197 0.013 0.034 0.063 0.082 0.055 0.086
47 L 0.053 0.026 0.021 0.021 0.015 0.02 0.026 0.029 0.013 0.115 0.212 0.03 0.077 0.095 0.016 0.058 0.041 0.008 0.03 0.09
48 L 0.046 0.047 0.073 0.036 0.011 0.058 0.046 0.035 0.069 0.088 0.158 0.08 0.028 0.032 0.019 0.041 0.037 0.006 0.024 0.068
49 L 0.049 0.02 0.015 0.017 0.015 0.014 0.02 0.023 0.011 0.156 0.169 0.023 0.033 0.145 0.014 0.027 0.037 0.009 0.039 0.166
50 F 0.049 0.025 0.021 0.021 0.014 0.017 0.025 0.03 0.015 0.076 0.193 0.027 0.053 0.198 0.015 0.057 0.037 0.011 0.049 0.068
51 L 0.06 0.026 0.024 0.023 0.017 0.019 0.027 0.03 0.011 0.133 0.214 0.031 0.034 0.04 0.018 0.066 0.076 0.006 0.02 0.125
52 R 0.05 0.191 0.038 0.042 0.008 0.05 0.095 0.036 0.023 0.025 0.043 0.185 0.015 0.021 0.023 0.048 0.036 0.006 0.032 0.032
53 L 0.094 0.028 0.026 0.026 0.015 0.023 0.03 0.108 0.013 0.063 0.137 0.036 0.068 0.031 0.09 0.051 0.07 0.006 0.018 0.066
54 R 0.052 0.206 0.039 0.035 0.009 0.046 0.057 0.038 0.02 0.029 0.046 0.185 0.016 0.017 0.023 0.054 0.069 0.005 0.017 0.036
55 I 0.044 0.018 0.015 0.017 0.015 0.013 0.018 0.021 0.01 0.25 0.157 0.023 0.041 0.095 0.014 0.025 0.037 0.007 0.03 0.151
56 N 0.066 0.063 0.129 0.055 0.011 0.067 0.062 0.054 0.024 0.026 0.039 0.128 0.015 0.017 0.025 0.111 0.053 0.005 0.017 0.033
57 K 0.051 0.091 0.125 0.058 0.008 0.048 0.097 0.046 0.024 0.024 0.038 0.188 0.013 0.016 0.024 0.056 0.041 0.005 0.016 0.03
58 F 0.035 0.02 0.017 0.016 0.011 0.013 0.02 0.024 0.02 0.066 0.145 0.021 0.027 0.315 0.011 0.025 0.026 0.017 0.113 0.058
59 S 0.091 0.037 0.048 0.043 0.017 0.03 0.045 0.055 0.016 0.039 0.05 0.049 0.017 0.021 0.028 0.177 0.161 0.005 0.017 0.053
60 L 0.051 0.024 0.016 0.017 0.016 0.018 0.022 0.023 0.015 0.139 0.209 0.027 0.057 0.056 0.015 0.029 0.038 0.009 0.066 0.153
61 V 0.091 0.024 0.019 0.019 0.016 0.018 0.026 0.031 0.02 0.128 0.105 0.029 0.026 0.06 0.017 0.038 0.041 0.012 0.11 0.171
62 T 0.062 0.03 0.033 0.029 0.015 0.023 0.033 0.037 0.019 0.057 0.114 0.037 0.023 0.096 0.021 0.084 0.138 0.01 0.073 0.063
63 F 0.041 0.018 0.015 0.017 0.014 0.012 0.018 0.022 0.012 0.187 0.139 0.021 0.031 0.198 0.013 0.025 0.033 0.01 0.048 0.127
64 L 0.044 0.022 0.014 0.015 0.016 0.015 0.019 0.021 0.01 0.146 0.324 0.024 0.044 0.067 0.014 0.024 0.034 0.007 0.024 0.116
65 F 0.035 0.02 0.017 0.017 0.011 0.013 0.02 0.025 0.016 0.067 0.122 0.021 0.048 0.354 0.011 0.026 0.027 0.015 0.077 0.059
66 A 0.168 0.03 0.032 0.034 0.017 0.025 0.039 0.058 0.015 0.071 0.064 0.043 0.018 0.023 0.095 0.122 0.056 0.005 0.017 0.068
67 L 0.098 0.028 0.026 0.026 0.017 0.022 0.031 0.04 0.014 0.079 0.141 0.035 0.049 0.086 0.02 0.076 0.077 0.007 0.029 0.1
68 L 0.132 0.025 0.018 0.02 0.017 0.019 0.026 0.04 0.013 0.106 0.189 0.031 0.046 0.091 0.019 0.045 0.038 0.008 0.029 0.09
69 F 0.04 0.019 0.016 0.017 0.012 0.011 0.019 0.024 0.014 0.109 0.121 0.02 0.027 0.3 0.012 0.026 0.03 0.013 0.067 0.104
70 L 0.046 0.024 0.018 0.018 0.015 0.017 0.022 0.024 0.011 0.096 0.306 0.026 0.041 0.099 0.015 0.033 0.065 0.008 0.03 0.084
71 L 0.042 0.02 0.014 0.016 0.015 0.014 0.019 0.021 0.011 0.162 0.263 0.023 0.04 0.117 0.013 0.024 0.033 0.008 0.033 0.112
72 S 0.087 0.034 0.04 0.044 0.153 0.031 0.079 0.051 0.016 0.032 0.046 0.046 0.015 0.02 0.025 0.158 0.061 0.005 0.015 0.043
73 Q 0.054 0.071 0.043 0.046 0.009 0.238 0.1 0.04 0.029 0.026 0.046 0.089 0.02 0.014 0.023 0.054 0.04 0.006 0.02 0.034
74 L 0.049 0.022 0.016 0.017 0.015 0.015 0.021 0.023 0.015 0.134 0.197 0.024 0.034 0.107 0.014 0.027 0.036 0.011 0.075 0.148
75 I 0.045 0.023 0.018 0.027 0.014 0.02 0.061 0.023 0.012 0.195 0.17 0.03 0.033 0.092 0.015 0.028 0.035 0.007 0.029 0.123
76 G 0.143 0.024 0.034 0.032 0.013 0.02 0.029 0.396 0.013 0.025 0.036 0.036 0.011 0.017 0.021 0.059 0.034 0.005 0.012 0.036
77 I 0.045 0.019 0.014 0.016 0.016 0.014 0.018 0.02 0.009 0.241 0.229 0.023 0.039 0.046 0.014 0.024 0.037 0.006 0.02 0.149
78 Y 0.039 0.031 0.063 0.084 0.009 0.025 0.041 0.033 0.098 0.036 0.058 0.035 0.016 0.122 0.016 0.038 0.03 0.016 0.171 0.037
79 L 0.041 0.026 0.062 0.026 0.012 0.019 0.025 0.028 0.024 0.098 0.175 0.029 0.029 0.118 0.015 0.032 0.033 0.014 0.12 0.076
80 V 0.066 0.041 0.075 0.039 0.014 0.028 0.041 0.042 0.016 0.068 0.066 0.077 0.019 0.023 0.092 0.08 0.081 0.005 0.017 0.111
81 K 0.066 0.059 0.083 0.044 0.012 0.037 0.051 0.048 0.024 0.032 0.047 0.13 0.016 0.034 0.025 0.102 0.081 0.008 0.063 0.04
82 P 0.066 0.046 0.111 0.052 0.011 0.078 0.06 0.052 0.023 0.026 0.039 0.059 0.014 0.016 0.143 0.099 0.052 0.004 0.016 0.033
83 N 0.066 0.041 0.118 0.051 0.013 0.033 0.048 0.053 0.107 0.032 0.044 0.049 0.015 0.023 0.024 0.108 0.103 0.006 0.027 0.04
84 L 0.048 0.022 0.019 0.019 0.015 0.015 0.022 0.025 0.012 0.122 0.195 0.025 0.033 0.145 0.015 0.035 0.067 0.009 0.039 0.118
85 G 0.065 0.026 0.031 0.028 0.014 0.021 0.027 0.225 0.013 0.094 0.096 0.034 0.049 0.029 0.019 0.051 0.079 0.006 0.017 0.077
86 Y 0.044 0.028 0.023 0.02 0.011 0.021 0.028 0.026 0.036 0.054 0.113 0.031 0.023 0.102 0.017 0.038 0.062 0.021 0.247 0.056
87 F 0.053 0.027 0.03 0.027 0.014 0.019 0.029 0.034 0.015 0.058 0.09 0.032 0.023 0.205 0.019 0.059 0.135 0.011 0.053 0.063
88 P 0.057 0.027 0.078 0.093 0.01 0.023 0.042 0.18 0.016 0.022 0.031 0.04 0.01 0.014 0.229 0.049 0.035 0.004 0.012 0.027
89 N 0.049 0.044 0.21 0.076 0.01 0.04 0.123 0.052 0.027 0.026 0.037 0.057 0.013 0.018 0.022 0.067 0.076 0.005 0.016 0.034
90 G 0.103 0.03 0.082 0.094 0.013 0.025 0.043 0.189 0.017 0.044 0.048 0.04 0.014 0.02 0.022 0.082 0.045 0.005 0.014 0.071
91 P 0.056 0.023 0.018 0.022 0.014 0.017 0.027 0.028 0.01 0.114 0.131 0.031 0.025 0.029 0.226 0.034 0.039 0.004 0.017 0.134
92 N 0.049 0.037 0.245 0.063 0.012 0.028 0.041 0.052 0.024 0.061 0.058 0.045 0.017 0.022 0.019 0.057 0.048 0.005 0.017 0.102
93 Y 0.049 0.072 0.021 0.019 0.013 0.022 0.028 0.025 0.026 0.109 0.094 0.04 0.024 0.073 0.016 0.032 0.036 0.015 0.156 0.131
94 L 0.046 0.033 0.018 0.019 0.015 0.02 0.026 0.024 0.011 0.151 0.278 0.063 0.04 0.045 0.016 0.028 0.035 0.006 0.02 0.107
95 T 0.086 0.036 0.047 0.041 0.017 0.029 0.044 0.052 0.016 0.042 0.054 0.048 0.017 0.022 0.028 0.155 0.188 0.005 0.017 0.057
96 P 0.056 0.025 0.025 0.029 0.011 0.019 0.033 0.036 0.015 0.036 0.058 0.036 0.015 0.126 0.297 0.066 0.039 0.007 0.034 0.038
97 L 0.042 0.021 0.014 0.016 0.015 0.014 0.019 0.021 0.01 0.156 0.287 0.023 0.041 0.1 0.013 0.024 0.033 0.008 0.03 0.11
98 L 0.044 0.022 0.014 0.015 0.016 0.015 0.019 0.02 0.009 0.164 0.328 0.024 0.045 0.05 0.014 0.024 0.034 0.007 0.021 0.116
99 F 0.033 0.018 0.016 0.016 0.01 0.01 0.018 0.025 0.016 0.062 0.111 0.018 0.025 0.405 0.01 0.025 0.025 0.016 0.086 0.053
100 F 0.056 0.023 0.022 0.021 0.014 0.017 0.025 0.029 0.017 0.115 0.106 0.028 0.026 0.153 0.016 0.059 0.042 0.012 0.084 0.135
101 Y 0.041 0.022 0.018 0.017 0.012 0.016 0.022 0.022 0.025 0.152 0.114 0.025 0.027 0.131 0.014 0.027 0.032 0.016 0.166 0.101
102 S 0.107 0.039 0.053 0.047 0.017 0.032 0.051 0.064 0.019 0.029 0.041 0.053 0.015 0.02 0.029 0.243 0.08 0.005 0.017 0.041
103 I 0.043 0.021 0.015 0.017 0.013 0.016 0.02 0.024 0.011 0.183 0.133 0.025 0.051 0.048 0.013 0.026 0.034 0.149 0.034 0.125
104 L 0.045 0.023 0.014 0.015 0.015 0.015 0.02 0.022 0.01 0.112 0.315 0.024 0.042 0.101 0.014 0.025 0.034 0.008 0.031 0.116
105 L 0.043 0.022 0.016 0.017 0.014 0.016 0.021 0.021 0.019 0.169 0.201 0.025 0.034 0.07 0.014 0.026 0.034 0.012 0.111 0.113
106 S 0.161 0.034 0.043 0.04 0.017 0.028 0.044 0.133 0.017 0.031 0.044 0.047 0.015 0.02 0.027 0.169 0.063 0.005 0.016 0.046
107 I 0.091 0.022 0.021 0.021 0.085 0.017 0.024 0.034 0.011 0.135 0.107 0.028 0.026 0.084 0.018 0.045 0.072 0.007 0.027 0.125
108 C 0.063 0.022 0.024 0.023 0.152 0.016 0.024 0.104 0.013 0.06 0.078 0.027 0.019 0.131 0.016 0.065 0.04 0.008 0.035 0.082
109 I 0.05 0.019 0.015 0.017 0.016 0.014 0.019 0.022 0.01 0.196 0.178 0.023 0.034 0.094 0.014 0.026 0.038 0.007 0.03 0.177
110 L 0.054 0.028 0.076 0.035 0.013 0.021 0.032 0.038 0.016 0.09 0.129 0.035 0.024 0.091 0.099 0.07 0.043 0.007 0.029 0.07
111 E 0.05 0.05 0.125 0.08 0.008 0.079 0.209 0.043 0.027 0.022 0.036 0.069 0.013 0.016 0.023 0.058 0.04 0.005 0.016 0.03
112 G 0.072 0.03 0.035 0.039 0.014 0.027 0.072 0.154 0.015 0.085 0.07 0.041 0.019 0.024 0.022 0.087 0.078 0.005 0.016 0.094
113 F 0.047 0.022 0.021 0.021 0.013 0.015 0.023 0.029 0.015 0.097 0.149 0.025 0.028 0.248 0.014 0.056 0.036 0.012 0.058 0.074
114 R 0.048 0.095 0.034 0.032 0.01 0.063 0.052 0.034 0.074 0.037 0.066 0.093 0.04 0.037 0.089 0.043 0.034 0.009 0.069 0.041
115 G 0.053 0.027 0.031 0.079 0.012 0.022 0.036 0.102 0.018 0.06 0.079 0.033 0.041 0.046 0.017 0.044 0.067 0.08 0.069 0.082
116 L 0.046 0.033 0.018 0.019 0.015 0.02 0.026 0.024 0.011 0.151 0.278 0.063 0.04 0.045 0.016 0.028 0.035 0.006 0.02 0.107
117 P 0.058 0.067 0.122 0.049 0.01 0.034 0.05 0.049 0.021 0.025 0.037 0.111 0.012 0.016 0.162 0.081 0.046 0.004 0.015 0.031
118 K 0.058 0.052 0.032 0.038 0.011 0.036 0.082 0.058 0.026 0.049 0.059 0.115 0.018 0.051 0.021 0.061 0.04 0.011 0.109 0.073
119 D 0.047 0.051 0.048 0.204 0.009 0.038 0.105 0.039 0.018 0.062 0.052 0.118 0.015 0.019 0.023 0.048 0.036 0.005 0.015 0.048
120 T 0.055 0.091 0.085 0.095 0.012 0.033 0.052 0.043 0.019 0.038 0.065 0.09 0.017 0.038 0.023 0.07 0.105 0.006 0.019 0.045
121 R 0.043 0.364 0.038 0.03 0.008 0.047 0.051 0.032 0.023 0.023 0.045 0.117 0.015 0.017 0.019 0.043 0.034 0.006 0.017 0.03
122 L 0.053 0.033 0.069 0.033 0.014 0.051 0.038 0.033 0.015 0.137 0.141 0.04 0.029 0.033 0.018 0.045 0.073 0.006 0.019 0.122
123 R 0.059 0.137 0.035 0.033 0.012 0.044 0.046 0.037 0.017 0.093 0.075 0.1 0.021 0.024 0.022 0.076 0.076 0.006 0.018 0.071
124 I 0.051 0.018 0.015 0.017 0.085 0.014 0.018 0.022 0.009 0.212 0.176 0.023 0.034 0.04 0.015 0.027 0.039 0.006 0.019 0.161
125 Y 0.041 0.033 0.024 0.022 0.009 0.052 0.038 0.026 0.043 0.04 0.064 0.039 0.018 0.111 0.016 0.034 0.029 0.024 0.292 0.044
126 K 0.05 0.047 0.071 0.035 0.011 0.027 0.038 0.105 0.017 0.106 0.083 0.107 0.021 0.079 0.019 0.042 0.037 0.007 0.027 0.073
127 K 0.051 0.11 0.076 0.038 0.01 0.039 0.051 0.038 0.024 0.047 0.056 0.16 0.017 0.034 0.021 0.047 0.039 0.008 0.063 0.07
128 L 0.062 0.023 0.024 0.023 0.084 0.017 0.025 0.101 0.012 0.077 0.165 0.028 0.027 0.086 0.017 0.062 0.04 0.007 0.027 0.093
129 L 0.057 0.024 0.024 0.023 0.014 0.018 0.025 0.099 0.016 0.128 0.178 0.03 0.03 0.051 0.017 0.06 0.04 0.009 0.064 0.091
130 K 0.048 0.101 0.118 0.044 0.01 0.037 0.047 0.041 0.021 0.073 0.078 0.125 0.041 0.025 0.02 0.049 0.041 0.005 0.018 0.058
131 F 0.045 0.021 0.019 0.02 0.013 0.015 0.022 0.025 0.019 0.155 0.119 0.025 0.027 0.16 0.015 0.039 0.045 0.013 0.099 0.103
132 A 0.135 0.027 0.029 0.029 0.016 0.021 0.033 0.05 0.015 0.08 0.083 0.036 0.021 0.134 0.021 0.103 0.049 0.008 0.037 0.07
133 I 0.047 0.018 0.015 0.017 0.015 0.013 0.018 0.021 0.01 0.24 0.15 0.023 0.033 0.093 0.014 0.025 0.038 0.007 0.029 0.172
134 I 0.057 0.02 0.016 0.018 0.015 0.015 0.02 0.024 0.011 0.22 0.155 0.025 0.055 0.094 0.015 0.029 0.037 0.008 0.03 0.138
135 F 0.034 0.02 0.017 0.017 0.01 0.012 0.02 0.025 0.021 0.059 0.105 0.02 0.024 0.365 0.011 0.025 0.025 0.018 0.122 0.052
136 L 0.04 0.022 0.016 0.016 0.013 0.015 0.02 0.023 0.013 0.088 0.244 0.023 0.058 0.203 0.013 0.026 0.03 0.011 0.05 0.076
137 L 0.052 0.024 0.02 0.02 0.015 0.017 0.024 0.028 0.012 0.119 0.244 0.027 0.036 0.113 0.015 0.056 0.039 0.008 0.033 0.099
138 L 0.047 0.019 0.014 0.016 0.085 0.014 0.018 0.022 0.009 0.205 0.215 0.023 0.036 0.043 0.014 0.026 0.036 0.006 0.019 0.133
139 E 0.054 0.048 0.039 0.088 0.007 0.063 0.317 0.034 0.025 0.021 0.036 0.073 0.013 0.016 0.025 0.054 0.036 0.005 0.016 0.03
140 L 0.04 0.022 0.015 0.015 0.014 0.014 0.019 0.022 0.012 0.098 0.313 0.023 0.041 0.154 0.013 0.024 0.03 0.01 0.04 0.082
141 L 0.043 0.019 0.015 0.016 0.015 0.013 0.018 0.021 0.01 0.197 0.219 0.023 0.037 0.115 0.013 0.024 0.034 0.008 0.033 0.127
142 T 0.068 0.032 0.036 0.032 0.017 0.024 0.035 0.039 0.013 0.066 0.154 0.04 0.027 0.031 0.023 0.093 0.174 0.006 0.018 0.072
143 R 0.043 0.364 0.038 0.03 0.008 0.047 0.051 0.032 0.023 0.023 0.045 0.117 0.015 0.017 0.019 0.043 0.034 0.006 0.017 0.03
144 V 0.059 0.023 0.019 0.02 0.017 0.017 0.023 0.025 0.01 0.158 0.162 0.027 0.032 0.055 0.017 0.037 0.074 0.006 0.023 0.197
145 L 0.04 0.022 0.016 0.016 0.013 0.015 0.02 0.022 0.017 0.113 0.233 0.023 0.035 0.163 0.013 0.025 0.03 0.012 0.085 0.086
146 L 0.042 0.032 0.153 0.044 0.012 0.023 0.032 0.039 0.024 0.089 0.158 0.037 0.026 0.047 0.017 0.044 0.039 0.009 0.064 0.069
147 G 0.055 0.025 0.028 0.024 0.01 0.02 0.026 0.239 0.032 0.032 0.05 0.031 0.014 0.079 0.017 0.039 0.028 0.018 0.197 0.036
148 N 0.045 0.092 0.171 0.117 0.008 0.068 0.1 0.049 0.027 0.022 0.035 0.068 0.013 0.016 0.021 0.058 0.041 0.005 0.016 0.028
149 L 0.06 0.041 0.03 0.036 0.013 0.03 0.074 0.104 0.015 0.062 0.19 0.076 0.028 0.032 0.02 0.067 0.04 0.006 0.018 0.058
150 N 0.067 0.037 0.132 0.111 0.011 0.033 0.076 0.123 0.022 0.025 0.035 0.05 0.012 0.018 0.023 0.112 0.062 0.005 0.015 0.032
151 R 0.047 0.145 0.124 0.062 0.008 0.048 0.129 0.043 0.025 0.023 0.038 0.112 0.013 0.017 0.022 0.054 0.039 0.005 0.016 0.029
152 G 0.068 0.031 0.067 0.048 0.011 0.029 0.085 0.318 0.017 0.024 0.034 0.044 0.011 0.017 0.021 0.058 0.066 0.005 0.013 0.032
153 F 0.044 0.02 0.018 0.018 0.012 0.014 0.02 0.095 0.013 0.124 0.146 0.023 0.028 0.146 0.013 0.028 0.03 0.081 0.044 0.085
154 L 0.042 0.021 0.014 0.016 0.015 0.014 0.019 0.021 0.01 0.156 0.287 0.023 0.041 0.1 0.013 0.024 0.033 0.008 0.03 0.11
155 Y 0.039 0.027 0.021 0.018 0.009 0.021 0.027 0.024 0.045 0.042 0.067 0.03 0.018 0.127 0.015 0.03 0.027 0.027 0.338 0.045
156 A 0.248 0.03 0.031 0.032 0.019 0.025 0.039 0.138 0.015 0.037 0.051 0.043 0.016 0.02 0.027 0.101 0.05 0.005 0.016 0.057
157 F 0.035 0.02 0.016 0.016 0.012 0.012 0.019 0.024 0.015 0.074 0.178 0.02 0.03 0.321 0.011 0.024 0.027 0.014 0.071 0.063
158 K 0.055 0.104 0.04 0.04 0.008 0.052 0.069 0.042 0.02 0.027 0.042 0.299 0.015 0.015 0.027 0.052 0.039 0.005 0.017 0.032
159 G 0.098 0.051 0.034 0.032 0.012 0.032 0.044 0.114 0.025 0.032 0.049 0.112 0.015 0.049 0.023 0.077 0.041 0.011 0.108 0.041
160 S 0.107 0.039 0.053 0.047 0.017 0.032 0.051 0.064 0.019 0.029 0.041 0.053 0.015 0.02 0.029 0.243 0.08 0.005 0.017 0.041
161 L 0.048 0.029 0.02 0.021 0.014 0.047 0.032 0.025 0.018 0.109 0.184 0.034 0.032 0.104 0.015 0.031 0.035 0.011 0.075 0.117
162 L 0.04 0.022 0.016 0.016 0.013 0.015 0.02 0.023 0.013 0.088 0.244 0.023 0.058 0.203 0.013 0.026 0.03 0.011 0.05 0.076
163 Y 0.039 0.027 0.021 0.018 0.009 0.021 0.027 0.024 0.045 0.042 0.067 0.03 0.018 0.127 0.015 0.03 0.027 0.027 0.338 0.045
164 F 0.033 0.018 0.016 0.016 0.01 0.01 0.018 0.025 0.016 0.062 0.111 0.018 0.025 0.405 0.01 0.025 0.025 0.016 0.086 0.053
165 D 0.04 0.029 0.067 0.415 0.007 0.029 0.089 0.045 0.018 0.022 0.027 0.043 0.009 0.014 0.022 0.051 0.034 0.004 0.011 0.024
166 S 0.107 0.039 0.053 0.047 0.017 0.032 0.051 0.064 0.019 0.029 0.041 0.053 0.015 0.02 0.029 0.243 0.08 0.005 0.017 0.041
167 N 0.041 0.044 0.337 0.081 0.009 0.033 0.048 0.063 0.031 0.022 0.031 0.052 0.011 0.017 0.02 0.068 0.048 0.004 0.015 0.026
168 F 0.033 0.018 0.016 0.016 0.01 0.01 0.018 0.025 0.016 0.062 0.111 0.018 0.025 0.405 0.01 0.025 0.025 0.016 0.086 0.053
169 T 0.139 0.033 0.037 0.034 0.018 0.026 0.039 0.052 0.014 0.049 0.062 0.044 0.019 0.022 0.027 0.088 0.206 0.006 0.017 0.068
170 G 0.114 0.026 0.038 0.034 0.013 0.021 0.031 0.395 0.014 0.023 0.034 0.037 0.011 0.017 0.021 0.082 0.039 0.005 0.012 0.032
171 L 0.043 0.024 0.014 0.015 0.016 0.016 0.02 0.021 0.01 0.112 0.394 0.025 0.048 0.053 0.014 0.024 0.032 0.007 0.022 0.093
172 V 0.065 0.021 0.016 0.017 0.018 0.016 0.022 0.023 0.008 0.179 0.132 0.025 0.031 0.036 0.016 0.031 0.047 0.005 0.02 0.273
173 L 0.044 0.021 0.022 0.073 0.015 0.016 0.028 0.024 0.01 0.202 0.21 0.026 0.035 0.042 0.015 0.028 0.036 0.006 0.019 0.128
174 L 0.049 0.025 0.019 0.019 0.016 0.019 0.023 0.025 0.011 0.127 0.285 0.029 0.062 0.046 0.016 0.035 0.068 0.007 0.021 0.101
175 S 0.107 0.039 0.053 0.047 0.017 0.032 0.051 0.064 0.019 0.029 0.041 0.053 0.015 0.02 0.029 0.243 0.08 0.005 0.017 0.041
176 L 0.041 0.02 0.015 0.016 0.014 0.013 0.019 0.022 0.011 0.149 0.247 0.022 0.038 0.151 0.013 0.024 0.032 0.009 0.04 0.104
177 L 0.048 0.021 0.016 0.016 0.083 0.015 0.02 0.024 0.015 0.118 0.188 0.024 0.032 0.105 0.014 0.028 0.034 0.01 0.074 0.115
178 A 0.138 0.029 0.028 0.028 0.086 0.024 0.032 0.118 0.014 0.053 0.09 0.037 0.063 0.027 0.022 0.081 0.046 0.006 0.017 0.062
179 F 0.036 0.02 0.016 0.016 0.012 0.012 0.019 0.023 0.016 0.075 0.19 0.021 0.031 0.291 0.012 0.025 0.027 0.014 0.08 0.064
180 L 0.088 0.026 0.022 0.022 0.015 0.019 0.028 0.036 0.018 0.073 0.208 0.031 0.031 0.105 0.018 0.064 0.04 0.011 0.075 0.069
181 L 0.043 0.021 0.014 0.016 0.015 0.014 0.019 0.021 0.01 0.159 0.301 0.024 0.042 0.084 0.014 0.024 0.033 0.007 0.027 0.112
182 F 0.037 0.023 0.019 0.017 0.01 0.017 0.023 0.024 0.033 0.051 0.086 0.025 0.021 0.246 0.013 0.028 0.026 0.023 0.23 0.049
183 L 0.045 0.034 0.018 0.019 0.015 0.02 0.026 0.024 0.011 0.126 0.31 0.064 0.042 0.046 0.016 0.028 0.034 0.006 0.021 0.096
184 K 0.049 0.068 0.122 0.055 0.008 0.044 0.092 0.044 0.027 0.027 0.041 0.158 0.014 0.032 0.023 0.054 0.039 0.008 0.062 0.032
185 K 0.047 0.057 0.119 0.052 0.008 0.039 0.086 0.042 0.031 0.029 0.045 0.12 0.014 0.048 0.021 0.05 0.038 0.011 0.108 0.034
186 V 0.053 0.093 0.073 0.036 0.011 0.06 0.049 0.036 0.023 0.066 0.069 0.091 0.02 0.037 0.019 0.044 0.04 0.008 0.064 0.107
187 L 0.056 0.059 0.03 0.029 0.013 0.033 0.044 0.033 0.014 0.074 0.158 0.145 0.027 0.03 0.022 0.046 0.071 0.006 0.019 0.092
188 G 0.102 0.04 0.032 0.039 0.014 0.031 0.077 0.112 0.015 0.084 0.07 0.078 0.019 0.024 0.023 0.077 0.045 0.005 0.017 0.094
189 V 0.053 0.027 0.067 0.029 0.014 0.021 0.029 0.032 0.023 0.11 0.092 0.033 0.023 0.058 0.018 0.044 0.072 0.012 0.11 0.134
190 K 0.051 0.11 0.083 0.095 0.01 0.04 0.059 0.041 0.02 0.044 0.051 0.162 0.016 0.018 0.022 0.05 0.04 0.005 0.016 0.067
191 F 0.042 0.025 0.069 0.082 0.012 0.018 0.033 0.032 0.017 0.071 0.13 0.029 0.025 0.191 0.015 0.035 0.034 0.01 0.047 0.085
192 K 0.053 0.094 0.09 0.047 0.008 0.049 0.065 0.046 0.022 0.026 0.04 0.257 0.014 0.015 0.026 0.055 0.04 0.005 0.017 0.031
193 Y 0.047 0.059 0.028 0.028 0.01 0.033 0.044 0.031 0.029 0.071 0.07 0.144 0.019 0.067 0.02 0.039 0.034 0.015 0.155 0.058
194 I 0.054 0.038 0.031 0.031 0.013 0.081 0.047 0.033 0.017 0.114 0.094 0.047 0.025 0.081 0.02 0.052 0.103 0.007 0.029 0.086
195 R 0.056 0.145 0.034 0.031 0.011 0.037 0.047 0.036 0.017 0.076 0.11 0.133 0.023 0.026 0.021 0.069 0.042 0.006 0.018 0.061
196 L 0.041 0.12 0.023 0.021 0.011 0.025 0.03 0.025 0.024 0.085 0.127 0.051 0.025 0.113 0.015 0.031 0.031 0.014 0.12 0.067
197 I 0.046 0.02 0.015 0.017 0.016 0.015 0.019 0.021 0.01 0.239 0.2 0.025 0.059 0.045 0.014 0.026 0.038 0.006 0.021 0.149
198 L 0.05 0.024 0.018 0.018 0.085 0.017 0.022 0.025 0.01 0.094 0.299 0.027 0.039 0.044 0.016 0.035 0.067 0.006 0.02 0.084
199 F 0.042 0.024 0.021 0.02 0.012 0.017 0.024 0.026 0.023 0.062 0.132 0.026 0.025 0.221 0.015 0.035 0.061 0.017 0.139 0.059
200 L 0.053 0.021 0.015 0.016 0.016 0.015 0.02 0.023 0.01 0.151 0.206 0.024 0.036 0.094 0.014 0.027 0.039 0.007 0.03 0.183
201 L 0.041 0.023 0.015 0.016 0.014 0.016 0.02 0.023 0.013 0.096 0.284 0.024 0.061 0.153 0.013 0.026 0.031 0.01 0.04 0.081
202 L 0.044 0.022 0.014 0.015 0.016 0.015 0.019 0.02 0.009 0.164 0.328 0.024 0.045 0.05 0.014 0.024 0.034 0.007 0.021 0.116
203 L 0.04 0.021 0.015 0.016 0.014 0.013 0.019 0.022 0.012 0.13 0.255 0.022 0.038 0.168 0.013 0.024 0.031 0.01 0.043 0.095
204 L 0.08 0.024 0.016 0.017 0.016 0.016 0.022 0.029 0.011 0.095 0.305 0.026 0.04 0.099 0.015 0.032 0.034 0.008 0.03 0.084
205 T 0.071 0.034 0.042 0.036 0.017 0.027 0.038 0.042 0.013 0.052 0.063 0.044 0.019 0.023 0.027 0.09 0.268 0.006 0.017 0.069
206 F 0.044 0.021 0.016 0.017 0.014 0.015 0.02 0.024 0.013 0.121 0.172 0.023 0.053 0.199 0.013 0.027 0.033 0.011 0.049 0.115
207 S 0.107 0.039 0.053 0.047 0.017 0.032 0.051 0.064 0.019 0.029 0.041 0.053 0.015 0.02 0.029 0.243 0.08 0.005 0.017 0.041
208 R 0.043 0.364 0.038 0.03 0.008 0.047 0.051 0.032 0.023 0.023 0.045 0.117 0.015 0.017 0.019 0.043 0.034 0.006 0.017 0.03
209 A 0.215 0.029 0.033 0.033 0.017 0.024 0.037 0.202 0.015 0.033 0.047 0.042 0.014 0.019 0.026 0.096 0.047 0.005 0.015 0.051
210 A 0.311 0.03 0.025 0.029 0.021 0.025 0.039 0.076 0.014 0.042 0.058 0.043 0.017 0.021 0.029 0.083 0.048 0.005 0.017 0.067
211 I 0.046 0.019 0.015 0.018 0.016 0.015 0.019 0.021 0.01 0.264 0.167 0.025 0.057 0.043 0.014 0.026 0.039 0.006 0.02 0.16
212 V 0.126 0.022 0.018 0.02 0.017 0.017 0.025 0.038 0.011 0.15 0.115 0.029 0.027 0.086 0.018 0.043 0.042 0.007 0.029 0.159
213 A 0.145 0.032 0.038 0.035 0.017 0.026 0.038 0.124 0.014 0.041 0.053 0.043 0.017 0.021 0.026 0.104 0.144 0.005 0.016 0.058
214 L 0.069 0.028 0.03 0.028 0.015 0.022 0.031 0.106 0.018 0.072 0.156 0.035 0.026 0.046 0.019 0.092 0.047 0.009 0.064 0.09
215 L 0.043 0.019 0.014 0.016 0.015 0.013 0.018 0.021 0.01 0.208 0.221 0.023 0.038 0.098 0.014 0.024 0.035 0.008 0.03 0.132
216 I 0.081 0.02 0.016 0.018 0.015 0.014 0.021 0.029 0.011 0.195 0.16 0.025 0.032 0.11 0.016 0.033 0.037 0.008 0.032 0.127
217 L 0.105 0.031 0.031 0.03 0.017 0.025 0.035 0.045 0.014 0.093 0.136 0.039 0.048 0.032 0.022 0.106 0.084 0.006 0.019 0.082
218 L 0.042 0.073 0.065 0.028 0.012 0.022 0.028 0.029 0.02 0.121 0.139 0.041 0.027 0.101 0.015 0.034 0.035 0.01 0.074 0.085
219 I 0.042 0.019 0.016 0.017 0.013 0.013 0.019 0.022 0.016 0.184 0.133 0.023 0.03 0.158 0.013 0.026 0.033 0.012 0.084 0.125
220 I 0.052 0.02 0.019 0.02 0.014 0.015 0.02 0.093 0.014 0.198 0.125 0.026 0.029 0.05 0.015 0.03 0.037 0.009 0.064 0.149
221 T 0.073 0.036 0.044 0.038 0.018 0.028 0.04 0.044 0.014 0.053 0.065 0.046 0.02 0.024 0.028 0.093 0.244 0.006 0.018 0.071
222 L 0.039 0.025 0.062 0.025 0.012 0.017 0.024 0.028 0.02 0.075 0.214 0.028 0.032 0.159 0.014 0.031 0.032 0.012 0.084 0.066
223 N 0.054 0.036 0.167 0.054 0.01 0.028 0.041 0.12 0.073 0.028 0.044 0.044 0.014 0.075 0.019 0.08 0.043 0.007 0.031 0.031
224 N 0.069 0.039 0.17 0.058 0.012 0.031 0.046 0.058 0.028 0.028 0.04 0.049 0.014 0.034 0.023 0.137 0.059 0.008 0.062 0.035
225 K 0.052 0.057 0.035 0.033 0.012 0.062 0.052 0.035 0.068 0.08 0.112 0.118 0.024 0.028 0.021 0.048 0.069 0.006 0.024 0.065
226 K 0.1 0.095 0.033 0.032 0.014 0.033 0.045 0.044 0.016 0.06 0.107 0.111 0.022 0.025 0.023 0.084 0.048 0.005 0.018 0.084
227 K 0.06 0.138 0.084 0.044 0.011 0.042 0.055 0.046 0.021 0.029 0.044 0.149 0.015 0.018 0.024 0.085 0.077 0.005 0.017 0.037
228 F 0.04 0.02 0.016 0.017 0.013 0.014 0.02 0.023 0.017 0.126 0.158 0.022 0.03 0.211 0.013 0.026 0.031 0.014 0.094 0.097
229 R 0.052 0.229 0.039 0.034 0.008 0.045 0.053 0.106 0.02 0.023 0.042 0.166 0.014 0.016 0.021 0.047 0.035 0.005 0.016 0.03
230 K 0.062 0.06 0.034 0.033 0.012 0.034 0.047 0.062 0.016 0.077 0.109 0.148 0.022 0.028 0.022 0.079 0.044 0.029 0.02 0.062
231 K 0.05 0.215 0.039 0.036 0.008 0.05 0.061 0.038 0.021 0.025 0.043 0.221 0.015 0.016 0.023 0.048 0.037 0.005 0.017 0.031
232 S 0.165 0.036 0.045 0.042 0.018 0.03 0.048 0.068 0.017 0.033 0.046 0.05 0.016 0.02 0.029 0.197 0.071 0.005 0.017 0.048
233 Y 0.044 0.023 0.018 0.017 0.012 0.017 0.023 0.023 0.026 0.108 0.142 0.026 0.028 0.131 0.014 0.028 0.032 0.017 0.166 0.106
234 F 0.037 0.021 0.016 0.016 0.012 0.013 0.02 0.023 0.019 0.073 0.185 0.022 0.03 0.265 0.012 0.025 0.027 0.015 0.104 0.064
235 I 0.061 0.025 0.024 0.024 0.017 0.019 0.027 0.031 0.011 0.166 0.16 0.031 0.039 0.037 0.018 0.066 0.078 0.006 0.02 0.14
236 L 0.044 0.021 0.015 0.016 0.015 0.014 0.019 0.022 0.011 0.13 0.242 0.023 0.037 0.149 0.013 0.025 0.033 0.009 0.04 0.121
237 L 0.102 0.028 0.026 0.025 0.018 0.021 0.03 0.039 0.012 0.095 0.172 0.034 0.03 0.034 0.021 0.075 0.08 0.006 0.019 0.135
238 L 0.085 0.023 0.017 0.019 0.016 0.017 0.023 0.03 0.012 0.151 0.172 0.027 0.054 0.092 0.016 0.035 0.039 0.008 0.03 0.134
239 Y 0.097 0.028 0.027 0.026 0.015 0.022 0.032 0.039 0.022 0.094 0.083 0.036 0.022 0.057 0.021 0.076 0.077 0.012 0.11 0.104
240 L 0.058 0.023 0.016 0.017 0.015 0.017 0.021 0.025 0.011 0.13 0.25 0.026 0.059 0.098 0.015 0.029 0.035 0.008 0.031 0.116
241 V 0.053 0.019 0.015 0.017 0.085 0.014 0.019 0.024 0.01 0.154 0.162 0.023 0.031 0.09 0.014 0.029 0.038 0.007 0.029 0.166
242 V 0.065 0.024 0.023 0.023 0.086 0.018 0.025 0.03 0.01 0.131 0.105 0.03 0.026 0.03 0.019 0.049 0.108 0.005 0.018 0.176
243 F 0.034 0.019 0.016 0.016 0.011 0.011 0.019 0.024 0.015 0.069 0.151 0.019 0.028 0.355 0.011 0.025 0.026 0.015 0.077 0.059
244 S 0.108 0.029 0.032 0.032 0.016 0.023 0.035 0.048 0.015 0.111 0.088 0.038 0.023 0.082 0.022 0.126 0.056 0.007 0.028 0.084
245 Y 0.047 0.026 0.022 0.021 0.013 0.02 0.026 0.026 0.026 0.123 0.111 0.031 0.047 0.077 0.017 0.038 0.067 0.015 0.156 0.091
246 L 0.046 0.027 0.016 0.017 0.016 0.021 0.023 0.024 0.012 0.106 0.307 0.029 0.107 0.05 0.015 0.029 0.035 0.007 0.022 0.092
247 S 0.077 0.031 0.036 0.033 0.085 0.025 0.036 0.045 0.019 0.048 0.101 0.039 0.021 0.041 0.023 0.13 0.086 0.008 0.063 0.055
248 I 0.047 0.022 0.016 0.017 0.014 0.016 0.021 0.022 0.019 0.176 0.163 0.026 0.032 0.067 0.015 0.027 0.036 0.012 0.111 0.141
249 L 0.096 0.044 0.033 0.045 0.013 0.066 0.113 0.043 0.019 0.05 0.115 0.067 0.044 0.027 0.023 0.078 0.045 0.006 0.019 0.055
250 Y 0.039 0.027 0.021 0.018 0.009 0.021 0.027 0.024 0.045 0.042 0.067 0.03 0.018 0.127 0.015 0.03 0.027 0.027 0.338 0.045
251 L 0.055 0.023 0.02 0.021 0.016 0.017 0.024 0.028 0.011 0.151 0.199 0.027 0.034 0.093 0.016 0.056 0.042 0.007 0.03 0.131
252 F 0.038 0.024 0.02 0.027 0.01 0.02 0.063 0.026 0.02 0.081 0.093 0.029 0.022 0.208 0.013 0.029 0.028 0.085 0.1 0.062
253 F 0.048 0.033 0.033 0.09 0.01 0.055 0.084 0.102 0.018 0.046 0.107 0.043 0.021 0.132 0.017 0.04 0.032 0.009 0.036 0.045
254 S 0.06 0.043 0.083 0.094 0.012 0.03 0.05 0.047 0.019 0.039 0.089 0.078 0.018 0.029 0.021 0.1 0.048 0.077 0.024 0.041
255 I 0.062 0.031 0.035 0.085 0.013 0.051 0.046 0.105 0.015 0.12 0.085 0.041 0.022 0.026 0.019 0.068 0.044 0.005 0.017 0.108
256 N 0.066 0.042 0.229 0.068 0.012 0.033 0.049 0.064 0.026 0.025 0.034 0.052 0.013 0.019 0.023 0.134 0.06 0.005 0.016 0.032
257 Y 0.038 0.024 0.019 0.017 0.01 0.017 0.024 0.024 0.032 0.058 0.126 0.026 0.024 0.196 0.014 0.028 0.027 0.021 0.221 0.055
258 S 0.073 0.084 0.038 0.036 0.014 0.058 0.048 0.044 0.018 0.103 0.077 0.058 0.022 0.025 0.022 0.125 0.056 0.005 0.018 0.076
259 N 0.065 0.037 0.174 0.112 0.011 0.03 0.051 0.127 0.023 0.023 0.033 0.048 0.012 0.018 0.022 0.113 0.052 0.005 0.014 0.03
260 I 0.044 0.018 0.015 0.017 0.015 0.013 0.018 0.021 0.01 0.234 0.189 0.023 0.036 0.096 0.014 0.024 0.036 0.007 0.03 0.144
261 D 0.04 0.029 0.067 0.415 0.007 0.029 0.089 0.045 0.018 0.022 0.027 0.043 0.009 0.014 0.022 0.051 0.034 0.004 0.011 0.024
262 G 0.076 0.022 0.038 0.033 0.01 0.018 0.025 0.524 0.013 0.018 0.027 0.033 0.009 0.016 0.018 0.05 0.029 0.005 0.01 0.024
263 S 0.107 0.039 0.053 0.047 0.017 0.032 0.051 0.064 0.019 0.029 0.041 0.053 0.015 0.02 0.029 0.243 0.08 0.005 0.017 0.041
264 F 0.033 0.018 0.016 0.016 0.01 0.01 0.018 0.025 0.016 0.062 0.111 0.018 0.025 0.405 0.01 0.025 0.025 0.016 0.086 0.053
265 N 0.041 0.044 0.337 0.081 0.009 0.033 0.048 0.063 0.031 0.022 0.031 0.052 0.011 0.017 0.02 0.068 0.048 0.004 0.015 0.026
266 S 0.107 0.039 0.053 0.047 0.017 0.032 0.051 0.064 0.019 0.029 0.041 0.053 0.015 0.02 0.029 0.243 0.08 0.005 0.017 0.041
267 K 0.055 0.104 0.04 0.04 0.008 0.052 0.069 0.042 0.02 0.027 0.042 0.299 0.015 0.015 0.027 0.052 0.039 0.005 0.017 0.032
268 F 0.033 0.018 0.016 0.016 0.01 0.01 0.018 0.025 0.016 0.062 0.111 0.018 0.025 0.405 0.01 0.025 0.025 0.016 0.086 0.053
269 Y 0.038 0.026 0.02 0.018 0.009 0.019 0.026 0.024 0.04 0.046 0.075 0.028 0.019 0.18 0.014 0.029 0.027 0.025 0.29 0.047
270 I 0.046 0.017 0.014 0.017 0.016 0.013 0.017 0.02 0.009 0.292 0.163 0.023 0.036 0.043 0.014 0.024 0.039 0.006 0.02 0.172
271 V 0.053 0.019 0.015 0.017 0.016 0.014 0.02 0.022 0.009 0.203 0.14 0.023 0.032 0.091 0.014 0.028 0.041 0.007 0.029 0.206
272 S 0.073 0.057 0.092 0.103 0.012 0.037 0.061 0.055 0.021 0.026 0.038 0.122 0.014 0.018 0.026 0.136 0.057 0.005 0.016 0.034
273 Q 0.09 0.059 0.035 0.044 0.011 0.124 0.106 0.042 0.022 0.066 0.062 0.101 0.02 0.02 0.023 0.054 0.04 0.006 0.019 0.058
274 A 0.311 0.03 0.025 0.029 0.021 0.025 0.039 0.076 0.014 0.042 0.058 0.043 0.017 0.021 0.029 0.083 0.048 0.005 0.017 0.067
275 L 0.043 0.023 0.018 0.027 0.013 0.02 0.061 0.023 0.013 0.162 0.163 0.029 0.031 0.144 0.015 0.028 0.033 0.009 0.039 0.106
276 H 0.059 0.047 0.049 0.1 0.009 0.038 0.093 0.112 0.12 0.023 0.035 0.084 0.013 0.02 0.023 0.076 0.038 0.006 0.026 0.028
277 L 0.042 0.021 0.015 0.016 0.014 0.013 0.02 0.023 0.012 0.097 0.234 0.022 0.036 0.201 0.013 0.025 0.031 0.011 0.049 0.104
278 Y 0.038 0.026 0.02 0.018 0.009 0.02 0.026 0.024 0.041 0.045 0.073 0.029 0.019 0.167 0.014 0.029 0.027 0.026 0.302 0.046
279 E 0.071 0.051 0.045 0.078 0.012 0.046 0.155 0.046 0.021 0.029 0.042 0.094 0.014 0.018 0.026 0.112 0.082 0.005 0.016 0.039
280 S 0.07 0.086 0.086 0.052 0.013 0.037 0.085 0.049 0.02 0.032 0.046 0.062 0.015 0.02 0.025 0.119 0.116 0.005 0.017 0.044
281 L 0.049 0.042 0.027 0.035 0.012 0.087 0.086 0.029 0.018 0.072 0.214 0.051 0.055 0.036 0.018 0.038 0.036 0.006 0.021 0.067
282 P 0.075 0.032 0.042 0.093 0.013 0.027 0.05 0.049 0.016 0.026 0.036 0.046 0.012 0.016 0.233 0.129 0.054 0.004 0.014 0.034
283 L 0.049 0.021 0.018 0.019 0.015 0.015 0.021 0.025 0.012 0.158 0.165 0.025 0.032 0.145 0.015 0.039 0.048 0.009 0.039 0.132
284 L 0.053 0.033 0.034 0.097 0.011 0.035 0.117 0.102 0.017 0.056 0.129 0.045 0.066 0.03 0.019 0.043 0.035 0.006 0.017 0.054
285 L 0.06 0.034 0.117 0.042 0.015 0.026 0.036 0.044 0.018 0.071 0.125 0.041 0.046 0.03 0.02 0.08 0.08 0.006 0.019 0.091
286 H 0.05 0.054 0.038 0.032 0.01 0.035 0.048 0.034 0.168 0.082 0.069 0.111 0.02 0.028 0.02 0.04 0.034 0.006 0.034 0.085
287 L 0.042 0.022 0.015 0.016 0.014 0.016 0.02 0.023 0.012 0.142 0.21 0.024 0.056 0.1 0.013 0.025 0.033 0.08 0.037 0.1
288 F 0.033 0.018 0.016 0.016 0.01 0.01 0.018 0.025 0.016 0.062 0.111 0.018 0.025 0.405 0.01 0.025 0.025 0.016 0.086 0.053
289 G 0.076 0.022 0.038 0.033 0.01 0.018 0.025 0.524 0.013 0.018 0.027 0.033 0.009 0.016 0.018 0.05 0.029 0.005 0.01 0.024
290 I 0.049 0.018 0.015 0.017 0.016 0.013 0.018 0.021 0.008 0.273 0.158 0.023 0.035 0.042 0.015 0.025 0.04 0.006 0.02 0.189
291 G 0.076 0.022 0.038 0.033 0.01 0.018 0.025 0.524 0.013 0.018 0.027 0.033 0.009 0.016 0.018 0.05 0.029 0.005 0.01 0.024
292 L 0.045 0.026 0.017 0.017 0.015 0.02 0.023 0.024 0.013 0.099 0.266 0.028 0.103 0.101 0.014 0.029 0.034 0.009 0.032 0.086
293 G 0.076 0.022 0.038 0.033 0.01 0.018 0.025 0.524 0.013 0.018 0.027 0.033 0.009 0.016 0.018 0.05 0.029 0.005 0.01 0.024
294 N 0.041 0.044 0.337 0.081 0.009 0.033 0.048 0.063 0.031 0.022 0.031 0.052 0.011 0.017 0.02 0.068 0.048 0.004 0.015 0.026
295 T 0.099 0.03 0.034 0.031 0.016 0.023 0.035 0.045 0.015 0.05 0.073 0.038 0.02 0.131 0.023 0.092 0.14 0.009 0.037 0.06
296 E 0.057 0.049 0.043 0.112 0.009 0.046 0.17 0.04 0.025 0.026 0.04 0.092 0.014 0.032 0.024 0.077 0.041 0.008 0.062 0.033
297 D 0.056 0.047 0.085 0.105 0.01 0.092 0.103 0.044 0.023 0.037 0.088 0.06 0.019 0.021 0.022 0.078 0.044 0.005 0.017 0.04
298 F 0.039 0.021 0.016 0.016 0.012 0.014 0.02 0.023 0.018 0.106 0.193 0.023 0.032 0.213 0.013 0.025 0.029 0.014 0.094 0.081
299 L 0.049 0.024 0.019 0.019 0.016 0.018 0.023 0.024 0.011 0.153 0.252 0.028 0.06 0.045 0.016 0.035 0.069 0.007 0.021 0.112
300 G 0.066 0.026 0.085 0.094 0.01 0.022 0.037 0.39 0.016 0.019 0.028 0.037 0.009 0.016 0.019 0.052 0.032 0.005 0.011 0.024
301 I 0.046 0.017 0.014 0.017 0.016 0.013 0.017 0.02 0.009 0.292 0.163 0.023 0.036 0.043 0.014 0.024 0.039 0.006 0.02 0.172
302 F 0.033 0.018 0.016 0.016 0.01 0.01 0.018 0.025 0.016 0.062 0.111 0.018 0.025 0.405 0.01 0.025 0.025 0.016 0.086 0.053
303 A 0.311 0.03 0.025 0.029 0.021 0.025 0.039 0.076 0.014 0.042 0.058 0.043 0.017 0.021 0.029 0.083 0.048 0.005 0.017 0.067
304 H 0.041 0.044 0.052 0.037 0.007 0.037 0.052 0.037 0.374 0.022 0.037 0.044 0.015 0.03 0.019 0.041 0.026 0.007 0.056 0.022
305 N 0.041 0.044 0.337 0.081 0.009 0.033 0.048 0.063 0.031 0.022 0.031 0.052 0.011 0.017 0.02 0.068 0.048 0.004 0.015 0.026
306 I 0.046 0.017 0.014 0.017 0.016 0.013 0.017 0.02 0.009 0.292 0.163 0.023 0.036 0.043 0.014 0.024 0.039 0.006 0.02 0.172
307 F 0.035 0.021 0.018 0.017 0.01 0.013 0.021 0.025 0.025 0.056 0.098 0.022 0.023 0.325 0.012 0.026 0.025 0.019 0.158 0.051
308 V 0.068 0.021 0.016 0.017 0.019 0.016 0.023 0.024 0.008 0.16 0.127 0.025 0.031 0.035 0.016 0.032 0.048 0.005 0.02 0.29
309 T 0.071 0.034 0.042 0.036 0.017 0.027 0.038 0.042 0.013 0.052 0.063 0.044 0.019 0.023 0.027 0.09 0.268 0.006 0.017 0.069
310 L 0.082 0.026 0.019 0.019 0.015 0.02 0.025 0.033 0.015 0.081 0.178 0.03 0.096 0.146 0.016 0.037 0.035 0.01 0.04 0.077
311 F 0.043 0.019 0.015 0.017 0.014 0.013 0.019 0.023 0.012 0.149 0.168 0.022 0.032 0.198 0.013 0.025 0.033 0.01 0.049 0.127
312 L 0.047 0.021 0.014 0.016 0.016 0.015 0.019 0.021 0.009 0.17 0.29 0.024 0.042 0.048 0.014 0.025 0.036 0.006 0.021 0.144
313 E 0.054 0.048 0.039 0.088 0.007 0.063 0.317 0.034 0.025 0.021 0.036 0.073 0.013 0.016 0.025 0.054 0.036 0.005 0.016 0.03
314 F 0.046 0.026 0.021 0.021 0.014 0.02 0.025 0.028 0.016 0.076 0.138 0.029 0.093 0.197 0.015 0.038 0.066 0.011 0.049 0.071
315 G 0.076 0.022 0.038 0.033 0.01 0.018 0.025 0.524 0.013 0.018 0.027 0.033 0.009 0.016 0.018 0.05 0.029 0.005 0.01 0.024
316 I 0.045 0.019 0.015 0.017 0.014 0.014 0.019 0.023 0.011 0.194 0.136 0.023 0.038 0.096 0.013 0.026 0.036 0.079 0.036 0.147
317 I 0.052 0.019 0.015 0.017 0.017 0.014 0.019 0.021 0.009 0.229 0.186 0.024 0.036 0.042 0.015 0.026 0.04 0.006 0.02 0.194
318 G 0.076 0.022 0.038 0.033 0.01 0.018 0.025 0.524 0.013 0.018 0.027 0.033 0.009 0.016 0.018 0.05 0.029 0.005 0.01 0.024
319 S 0.093 0.037 0.049 0.043 0.017 0.03 0.046 0.056 0.017 0.038 0.049 0.049 0.017 0.021 0.028 0.184 0.152 0.005 0.017 0.051
320 L 0.051 0.022 0.015 0.016 0.016 0.015 0.02 0.022 0.01 0.132 0.241 0.024 0.038 0.096 0.014 0.027 0.038 0.008 0.03 0.166
