#Seq2Logo.py -f /work3/idamei/ssn-clusterings/clustering/2205111339/clusters/0012_53/sequences.afa -o /work3/idamei/ssn-clusterings/clustering/2205111339/clusters/0012_53/sequences.logo
#Position Specific Frequency Matrix
A R N D C Q E G H I L K M F P S T W Y V
0 L 0.05 0.031 0.019 0.019 0.016 0.027 0.027 0.027 0.016 0.097 0.19 0.035 0.19 0.047 0.016 0.035 0.039 0.008 0.023 0.089
1 V 0.068 0.024 0.022 0.022 0.018 0.018 0.026 0.028 0.009 0.146 0.116 0.03 0.029 0.033 0.019 0.045 0.097 0.006 0.02 0.225
2 F 0.036 0.023 0.019 0.017 0.01 0.016 0.023 0.024 0.031 0.051 0.087 0.024 0.021 0.262 0.013 0.027 0.026 0.022 0.219 0.049
3 L 0.076 0.023 0.015 0.017 0.016 0.016 0.021 0.027 0.01 0.147 0.3 0.026 0.041 0.047 0.016 0.031 0.036 0.006 0.021 0.108
4 F 0.051 0.02 0.016 0.017 0.013 0.012 0.02 0.025 0.014 0.106 0.151 0.021 0.029 0.261 0.013 0.028 0.031 0.012 0.059 0.101
5 V 0.061 0.023 0.018 0.019 0.018 0.017 0.024 0.025 0.009 0.133 0.194 0.027 0.034 0.038 0.017 0.036 0.07 0.006 0.02 0.211
6 L 0.044 0.023 0.014 0.015 0.035 0.015 0.019 0.021 0.01 0.109 0.384 0.024 0.047 0.051 0.014 0.024 0.032 0.007 0.021 0.091
7 F 0.045 0.023 0.021 0.02 0.013 0.016 0.023 0.029 0.015 0.07 0.157 0.025 0.047 0.261 0.014 0.052 0.034 0.012 0.06 0.062
8 F 0.034 0.02 0.017 0.017 0.01 0.013 0.02 0.024 0.023 0.057 0.1 0.021 0.023 0.34 0.011 0.026 0.025 0.019 0.147 0.051
9 C 0.062 0.018 0.019 0.018 0.385 0.014 0.019 0.031 0.009 0.075 0.075 0.023 0.019 0.023 0.017 0.043 0.064 0.004 0.013 0.07
10 T 0.113 0.035 0.044 0.039 0.018 0.028 0.043 0.054 0.015 0.042 0.054 0.047 0.017 0.022 0.028 0.145 0.176 0.005 0.017 0.058
11 L 0.075 0.023 0.019 0.02 0.015 0.016 0.024 0.031 0.013 0.085 0.204 0.027 0.032 0.173 0.016 0.039 0.06 0.01 0.043 0.076
12 Y 0.04 0.026 0.02 0.018 0.01 0.02 0.026 0.024 0.041 0.073 0.078 0.029 0.02 0.116 0.015 0.029 0.028 0.024 0.303 0.06
13 F 0.04 0.022 0.016 0.017 0.013 0.015 0.02 0.024 0.014 0.106 0.198 0.024 0.068 0.209 0.013 0.026 0.031 0.011 0.05 0.083
14 Y 0.07 0.027 0.021 0.019 0.01 0.021 0.028 0.03 0.041 0.042 0.065 0.031 0.018 0.114 0.017 0.036 0.029 0.025 0.308 0.047
15 L 0.087 0.026 0.026 0.025 0.015 0.019 0.028 0.091 0.013 0.092 0.183 0.032 0.029 0.077 0.019 0.071 0.058 0.007 0.026 0.077
16 I 0.053 0.019 0.015 0.017 0.017 0.014 0.019 0.021 0.008 0.226 0.175 0.024 0.035 0.041 0.015 0.027 0.041 0.006 0.02 0.208
17 E 0.052 0.059 0.041 0.067 0.008 0.099 0.215 0.036 0.064 0.023 0.038 0.099 0.015 0.017 0.024 0.052 0.036 0.006 0.021 0.03
18 K 0.049 0.131 0.118 0.054 0.008 0.047 0.088 0.044 0.024 0.024 0.039 0.179 0.014 0.016 0.023 0.054 0.039 0.005 0.016 0.03
19 K 0.057 0.107 0.042 0.042 0.009 0.054 0.071 0.043 0.021 0.028 0.043 0.278 0.016 0.016 0.028 0.054 0.04 0.005 0.017 0.033
20 N 0.043 0.045 0.317 0.083 0.009 0.034 0.049 0.065 0.032 0.022 0.032 0.054 0.011 0.018 0.02 0.07 0.049 0.004 0.016 0.027
21 Y 0.046 0.024 0.02 0.019 0.012 0.018 0.024 0.024 0.029 0.127 0.099 0.028 0.024 0.087 0.015 0.032 0.046 0.017 0.2 0.109
22 S 0.11 0.04 0.054 0.049 0.018 0.033 0.052 0.066 0.019 0.03 0.042 0.054 0.016 0.021 0.03 0.22 0.082 0.005 0.018 0.042
23 T 0.073 0.036 0.043 0.038 0.018 0.028 0.039 0.043 0.014 0.053 0.065 0.045 0.02 0.024 0.028 0.093 0.246 0.006 0.018 0.071
24 R 0.045 0.345 0.039 0.031 0.008 0.048 0.052 0.033 0.023 0.023 0.047 0.12 0.016 0.017 0.019 0.045 0.035 0.006 0.017 0.031
25 N 0.043 0.045 0.317 0.083 0.009 0.034 0.049 0.065 0.032 0.022 0.032 0.054 0.011 0.018 0.02 0.07 0.049 0.004 0.016 0.027
26 K 0.06 0.148 0.041 0.038 0.01 0.045 0.059 0.042 0.02 0.029 0.044 0.206 0.015 0.017 0.025 0.076 0.068 0.005 0.017 0.036
27 V 0.097 0.024 0.021 0.023 0.017 0.019 0.027 0.034 0.01 0.126 0.132 0.032 0.027 0.031 0.074 0.047 0.077 0.005 0.018 0.158
28 N 0.066 0.083 0.123 0.05 0.011 0.035 0.049 0.106 0.062 0.024 0.036 0.084 0.013 0.019 0.023 0.112 0.05 0.005 0.02 0.031
29 R 0.045 0.343 0.039 0.031 0.008 0.049 0.052 0.033 0.023 0.023 0.047 0.121 0.016 0.017 0.019 0.045 0.035 0.006 0.017 0.031
30 N 0.043 0.045 0.315 0.083 0.009 0.034 0.05 0.065 0.032 0.023 0.032 0.054 0.011 0.018 0.02 0.07 0.05 0.005 0.016 0.027
31 V 0.07 0.022 0.017 0.018 0.019 0.017 0.023 0.025 0.008 0.165 0.131 0.026 0.032 0.036 0.017 0.033 0.05 0.006 0.021 0.266
32 F 0.034 0.019 0.017 0.017 0.011 0.011 0.019 0.025 0.017 0.064 0.115 0.019 0.025 0.385 0.011 0.025 0.025 0.017 0.089 0.055
33 L 0.045 0.024 0.014 0.015 0.016 0.016 0.02 0.021 0.01 0.116 0.373 0.025 0.05 0.055 0.014 0.024 0.034 0.007 0.022 0.097
34 Y 0.041 0.028 0.022 0.019 0.009 0.022 0.028 0.025 0.047 0.044 0.069 0.031 0.019 0.131 0.016 0.031 0.028 0.028 0.316 0.047
35 F 0.041 0.022 0.019 0.018 0.013 0.015 0.022 0.025 0.017 0.097 0.181 0.024 0.03 0.202 0.014 0.032 0.056 0.013 0.083 0.077
36 L 0.046 0.021 0.017 0.018 0.015 0.015 0.02 0.023 0.01 0.175 0.233 0.025 0.037 0.085 0.015 0.031 0.061 0.007 0.027 0.117
37 L 0.115 0.025 0.021 0.022 0.017 0.019 0.027 0.038 0.011 0.128 0.199 0.031 0.032 0.037 0.019 0.063 0.044 0.006 0.019 0.125
38 L 0.045 0.026 0.022 0.021 0.013 0.019 0.025 0.028 0.017 0.068 0.161 0.029 0.045 0.134 0.015 0.04 0.083 0.067 0.076 0.066
39 L 0.038 0.02 0.015 0.016 0.013 0.013 0.019 0.022 0.012 0.11 0.244 0.021 0.036 0.211 0.012 0.024 0.029 0.011 0.05 0.083
40 P 0.055 0.025 0.022 0.03 0.01 0.02 0.035 0.035 0.012 0.025 0.035 0.04 0.01 0.012 0.513 0.042 0.035 0.002 0.012 0.03
41 P 0.143 0.025 0.022 0.028 0.068 0.021 0.034 0.048 0.012 0.032 0.045 0.038 0.013 0.016 0.296 0.055 0.039 0.004 0.014 0.045
42 F 0.035 0.019 0.016 0.016 0.011 0.011 0.018 0.023 0.015 0.093 0.148 0.019 0.028 0.33 0.011 0.024 0.027 0.014 0.071 0.07
43 L 0.049 0.022 0.015 0.017 0.016 0.015 0.02 0.022 0.009 0.169 0.285 0.025 0.041 0.046 0.015 0.033 0.037 0.006 0.021 0.136
44 L 0.06 0.021 0.016 0.017 0.016 0.014 0.021 0.024 0.01 0.143 0.186 0.024 0.033 0.123 0.014 0.029 0.038 0.008 0.035 0.17
45 Y 0.039 0.027 0.021 0.018 0.009 0.021 0.027 0.024 0.045 0.042 0.066 0.03 0.018 0.126 0.015 0.03 0.027 0.027 0.344 0.045
46 F 0.035 0.019 0.016 0.016 0.011 0.011 0.018 0.023 0.015 0.093 0.148 0.019 0.028 0.33 0.011 0.024 0.027 0.014 0.071 0.07
47 L 0.049 0.025 0.019 0.019 0.015 0.018 0.024 0.026 0.012 0.095 0.304 0.028 0.058 0.088 0.015 0.05 0.037 0.008 0.028 0.082
48 V 0.058 0.02 0.015 0.017 0.017 0.015 0.02 0.022 0.008 0.209 0.149 0.024 0.033 0.038 0.015 0.029 0.044 0.005 0.02 0.242
49 A 0.223 0.034 0.037 0.037 0.019 0.028 0.044 0.07 0.016 0.036 0.05 0.047 0.016 0.02 0.029 0.156 0.062 0.005 0.017 0.055
50 G 0.171 0.028 0.035 0.034 0.015 0.023 0.035 0.275 0.014 0.029 0.041 0.04 0.013 0.018 0.024 0.098 0.045 0.005 0.014 0.042
51 L 0.046 0.025 0.017 0.017 0.016 0.017 0.021 0.023 0.01 0.104 0.362 0.026 0.044 0.049 0.015 0.031 0.059 0.007 0.021 0.09
52 Q 0.054 0.071 0.042 0.045 0.008 0.245 0.099 0.04 0.028 0.025 0.045 0.088 0.02 0.014 0.023 0.054 0.04 0.006 0.02 0.034
53 Y 0.038 0.026 0.02 0.018 0.009 0.019 0.026 0.024 0.041 0.045 0.072 0.028 0.019 0.168 0.014 0.029 0.027 0.025 0.306 0.046
54 N 0.053 0.042 0.208 0.06 0.01 0.053 0.049 0.108 0.028 0.025 0.037 0.051 0.013 0.029 0.02 0.08 0.046 0.007 0.052 0.03
55 V 0.067 0.021 0.016 0.017 0.018 0.016 0.022 0.024 0.008 0.158 0.125 0.025 0.03 0.034 0.016 0.032 0.047 0.005 0.02 0.297
56 G 0.075 0.022 0.038 0.032 0.01 0.018 0.025 0.529 0.013 0.018 0.027 0.032 0.009 0.016 0.018 0.049 0.029 0.005 0.01 0.023
57 S 0.106 0.037 0.047 0.042 0.017 0.03 0.046 0.057 0.016 0.037 0.049 0.049 0.016 0.021 0.028 0.187 0.143 0.005 0.017 0.051
58 D 0.039 0.029 0.066 0.421 0.007 0.029 0.088 0.045 0.018 0.022 0.027 0.043 0.009 0.014 0.022 0.05 0.034 0.004 0.011 0.023
59 Y 0.039 0.027 0.021 0.018 0.009 0.021 0.027 0.024 0.045 0.042 0.066 0.03 0.018 0.126 0.015 0.03 0.027 0.027 0.344 0.045
60 P 0.047 0.025 0.056 0.031 0.01 0.019 0.031 0.034 0.015 0.042 0.091 0.035 0.017 0.106 0.291 0.039 0.034 0.006 0.03 0.041
61 S 0.098 0.039 0.084 0.051 0.016 0.032 0.05 0.064 0.02 0.028 0.039 0.052 0.015 0.02 0.028 0.23 0.075 0.005 0.017 0.039
62 Y 0.039 0.027 0.021 0.018 0.009 0.021 0.027 0.024 0.045 0.042 0.066 0.03 0.018 0.126 0.015 0.03 0.027 0.027 0.344 0.045
63 I 0.052 0.02 0.018 0.02 0.016 0.015 0.021 0.025 0.01 0.262 0.157 0.026 0.034 0.04 0.016 0.049 0.043 0.006 0.02 0.153
64 Y 0.047 0.067 0.032 0.068 0.009 0.026 0.04 0.032 0.049 0.035 0.055 0.044 0.016 0.086 0.018 0.058 0.034 0.019 0.224 0.039
65 I 0.045 0.017 0.014 0.017 0.016 0.013 0.017 0.02 0.008 0.299 0.161 0.023 0.035 0.042 0.014 0.024 0.038 0.006 0.02 0.17
66 Y 0.038 0.026 0.02 0.018 0.009 0.02 0.026 0.024 0.042 0.044 0.071 0.029 0.019 0.157 0.014 0.029 0.027 0.026 0.315 0.046
67 E 0.052 0.048 0.073 0.084 0.007 0.066 0.285 0.037 0.026 0.021 0.035 0.071 0.012 0.016 0.024 0.055 0.037 0.005 0.016 0.03
68 N 0.048 0.041 0.28 0.114 0.009 0.032 0.052 0.061 0.028 0.022 0.031 0.051 0.011 0.017 0.021 0.085 0.049 0.004 0.015 0.027
69 P 0.054 0.042 0.03 0.034 0.011 0.11 0.058 0.035 0.018 0.086 0.067 0.056 0.02 0.02 0.184 0.051 0.039 0.005 0.017 0.063
70 W 0.042 0.029 0.026 0.029 0.008 0.024 0.062 0.034 0.057 0.027 0.046 0.033 0.014 0.046 0.013 0.053 0.03 0.343 0.053 0.03
71 Q 0.056 0.074 0.044 0.047 0.009 0.215 0.103 0.041 0.029 0.026 0.047 0.091 0.021 0.015 0.024 0.056 0.041 0.006 0.021 0.035
72 V 0.056 0.06 0.018 0.018 0.016 0.019 0.025 0.024 0.014 0.141 0.144 0.035 0.03 0.045 0.016 0.031 0.041 0.008 0.056 0.202
73 L 0.043 0.031 0.022 0.021 0.013 0.044 0.033 0.026 0.054 0.081 0.266 0.034 0.048 0.046 0.015 0.029 0.032 0.063 0.03 0.071
74 D 0.051 0.038 0.044 0.165 0.009 0.061 0.151 0.11 0.02 0.031 0.073 0.054 0.016 0.019 0.021 0.048 0.034 0.005 0.015 0.034
75 R 0.047 0.222 0.036 0.032 0.008 0.044 0.054 0.035 0.021 0.028 0.051 0.182 0.016 0.06 0.021 0.044 0.034 0.007 0.024 0.033
76 Y 0.039 0.027 0.021 0.018 0.009 0.021 0.027 0.024 0.045 0.042 0.066 0.03 0.018 0.126 0.015 0.03 0.027 0.027 0.344 0.045
77 F 0.035 0.019 0.017 0.017 0.011 0.012 0.019 0.024 0.019 0.085 0.111 0.02 0.025 0.338 0.011 0.025 0.026 0.016 0.107 0.065
78 N 0.045 0.038 0.231 0.106 0.01 0.03 0.058 0.053 0.024 0.056 0.048 0.047 0.014 0.02 0.02 0.062 0.07 0.005 0.015 0.047
79 S 0.083 0.086 0.047 0.043 0.014 0.059 0.056 0.053 0.02 0.03 0.044 0.09 0.016 0.019 0.026 0.165 0.087 0.005 0.017 0.041
80 G 0.077 0.037 0.039 0.034 0.011 0.021 0.028 0.459 0.014 0.019 0.029 0.038 0.01 0.016 0.019 0.071 0.034 0.005 0.011 0.025
81 E 0.053 0.048 0.039 0.087 0.007 0.062 0.324 0.034 0.025 0.021 0.035 0.073 0.012 0.016 0.025 0.053 0.035 0.005 0.016 0.03
82 Y 0.037 0.024 0.019 0.017 0.009 0.017 0.024 0.024 0.035 0.048 0.081 0.026 0.02 0.221 0.013 0.028 0.026 0.023 0.258 0.048
83 F 0.039 0.02 0.019 0.018 0.012 0.013 0.02 0.025 0.014 0.092 0.142 0.022 0.028 0.287 0.013 0.031 0.055 0.013 0.063 0.072
84 F 0.032 0.018 0.016 0.016 0.01 0.01 0.018 0.024 0.016 0.061 0.11 0.018 0.024 0.41 0.01 0.024 0.024 0.016 0.085 0.053
85 Y 0.07 0.027 0.021 0.019 0.01 0.021 0.028 0.03 0.041 0.042 0.065 0.031 0.018 0.114 0.017 0.036 0.029 0.025 0.308 0.047
86 Y 0.038 0.026 0.02 0.018 0.009 0.02 0.026 0.024 0.042 0.044 0.071 0.029 0.019 0.157 0.014 0.029 0.027 0.026 0.315 0.046
87 S 0.117 0.032 0.037 0.035 0.017 0.026 0.039 0.052 0.015 0.075 0.112 0.042 0.023 0.028 0.025 0.148 0.085 0.005 0.018 0.069
88 N 0.044 0.039 0.27 0.066 0.011 0.029 0.042 0.054 0.026 0.047 0.082 0.046 0.017 0.023 0.018 0.058 0.046 0.005 0.016 0.063
89 I 0.052 0.051 0.029 0.034 0.012 0.033 0.071 0.031 0.015 0.136 0.114 0.125 0.025 0.029 0.021 0.044 0.064 0.005 0.018 0.091
90 F 0.071 0.02 0.016 0.018 0.014 0.013 0.02 0.028 0.012 0.161 0.157 0.023 0.031 0.177 0.014 0.031 0.034 0.01 0.044 0.106
91 L 0.043 0.023 0.014 0.015 0.016 0.016 0.019 0.02 0.01 0.111 0.4 0.024 0.048 0.053 0.014 0.023 0.032 0.007 0.021 0.092
92 N 0.055 0.045 0.198 0.071 0.01 0.039 0.109 0.053 0.025 0.026 0.037 0.065 0.013 0.018 0.023 0.086 0.073 0.005 0.016 0.033
93 Y 0.041 0.043 0.064 0.034 0.008 0.052 0.054 0.034 0.069 0.034 0.056 0.07 0.017 0.098 0.017 0.04 0.031 0.069 0.131 0.036
94 L 0.038 0.02 0.015 0.016 0.013 0.013 0.019 0.022 0.012 0.11 0.244 0.021 0.036 0.211 0.012 0.024 0.029 0.011 0.05 0.083
95 E 0.052 0.093 0.118 0.065 0.008 0.048 0.144 0.062 0.024 0.023 0.036 0.122 0.013 0.016 0.023 0.062 0.04 0.005 0.016 0.029
96 F 0.055 0.023 0.02 0.02 0.013 0.015 0.023 0.029 0.014 0.073 0.197 0.025 0.031 0.233 0.014 0.051 0.034 0.011 0.054 0.065
97 P 0.051 0.04 0.033 0.039 0.009 0.032 0.074 0.036 0.096 0.024 0.036 0.074 0.012 0.017 0.295 0.044 0.033 0.004 0.023 0.028
98 P 0.074 0.031 0.036 0.036 0.013 0.025 0.04 0.063 0.018 0.031 0.043 0.043 0.014 0.029 0.206 0.123 0.077 0.007 0.051 0.039
99 Q 0.054 0.071 0.042 0.045 0.008 0.245 0.099 0.04 0.028 0.025 0.045 0.088 0.02 0.014 0.023 0.054 0.04 0.006 0.02 0.034
100 S 0.141 0.033 0.04 0.038 0.016 0.026 0.041 0.114 0.017 0.034 0.05 0.044 0.016 0.063 0.025 0.165 0.06 0.006 0.024 0.046
101 I 0.047 0.019 0.014 0.016 0.016 0.014 0.018 0.02 0.009 0.242 0.21 0.023 0.038 0.044 0.014 0.025 0.038 0.006 0.02 0.167
102 F 0.032 0.018 0.016 0.016 0.01 0.01 0.018 0.024 0.016 0.061 0.11 0.018 0.024 0.41 0.01 0.024 0.024 0.016 0.085 0.053
103 F 0.036 0.019 0.015 0.016 0.012 0.012 0.018 0.023 0.014 0.099 0.18 0.02 0.031 0.29 0.011 0.024 0.028 0.013 0.064 0.075
104 V 0.089 0.022 0.016 0.018 0.018 0.017 0.023 0.029 0.009 0.14 0.18 0.027 0.033 0.037 0.017 0.035 0.044 0.006 0.02 0.221
105 F 0.034 0.018 0.016 0.016 0.011 0.01 0.018 0.024 0.015 0.087 0.116 0.019 0.026 0.37 0.011 0.024 0.026 0.015 0.078 0.066
106 S 0.149 0.036 0.045 0.042 0.018 0.03 0.046 0.064 0.017 0.034 0.047 0.049 0.016 0.021 0.028 0.195 0.094 0.005 0.017 0.049
107 F 0.037 0.02 0.015 0.016 0.013 0.012 0.019 0.023 0.013 0.104 0.212 0.021 0.033 0.25 0.012 0.024 0.029 0.012 0.057 0.079
108 V 0.08 0.02 0.016 0.018 0.016 0.015 0.022 0.029 0.011 0.157 0.123 0.025 0.029 0.132 0.015 0.033 0.039 0.008 0.036 0.175
109 Q 0.054 0.071 0.042 0.045 0.008 0.245 0.099 0.04 0.028 0.025 0.045 0.088 0.02 0.014 0.023 0.054 0.04 0.006 0.02 0.034
110 S 0.102 0.038 0.051 0.046 0.017 0.031 0.049 0.061 0.018 0.031 0.043 0.051 0.016 0.02 0.028 0.232 0.101 0.005 0.017 0.043
111 L 0.048 0.021 0.014 0.016 0.016 0.015 0.019 0.021 0.009 0.167 0.255 0.024 0.039 0.072 0.014 0.025 0.037 0.007 0.025 0.155
112 F 0.039 0.02 0.017 0.019 0.011 0.013 0.022 0.026 0.015 0.058 0.125 0.024 0.024 0.282 0.122 0.028 0.028 0.012 0.062 0.052
113 I 0.046 0.018 0.015 0.018 0.016 0.013 0.018 0.021 0.009 0.29 0.158 0.023 0.035 0.042 0.015 0.026 0.047 0.006 0.02 0.166
114 F 0.032 0.018 0.016 0.016 0.01 0.01 0.018 0.024 0.016 0.061 0.11 0.018 0.024 0.41 0.01 0.024 0.024 0.016 0.085 0.053
115 L 0.045 0.021 0.016 0.016 0.014 0.016 0.021 0.022 0.016 0.159 0.179 0.025 0.032 0.061 0.014 0.026 0.034 0.066 0.085 0.133
116 Y 0.037 0.025 0.02 0.018 0.009 0.018 0.025 0.024 0.037 0.047 0.077 0.027 0.02 0.2 0.014 0.029 0.026 0.024 0.277 0.047
117 F 0.036 0.02 0.015 0.016 0.012 0.012 0.019 0.023 0.014 0.078 0.206 0.02 0.032 0.291 0.011 0.024 0.027 0.013 0.064 0.066
118 K 0.08 0.059 0.046 0.034 0.01 0.034 0.047 0.096 0.061 0.032 0.051 0.145 0.016 0.074 0.022 0.049 0.034 0.009 0.064 0.037
119 K 0.091 0.047 0.032 0.037 0.014 0.034 0.073 0.041 0.016 0.083 0.084 0.101 0.039 0.026 0.023 0.074 0.071 0.006 0.018 0.092
120 L 0.042 0.022 0.014 0.015 0.015 0.014 0.019 0.021 0.01 0.14 0.323 0.023 0.043 0.09 0.013 0.024 0.032 0.008 0.028 0.102
121 K 0.057 0.083 0.076 0.045 0.009 0.046 0.062 0.046 0.061 0.026 0.04 0.22 0.014 0.017 0.025 0.074 0.042 0.005 0.021 0.031
122 K 0.047 0.139 0.108 0.047 0.008 0.066 0.061 0.043 0.064 0.024 0.04 0.154 0.015 0.017 0.022 0.052 0.038 0.005 0.021 0.029
123 R 0.047 0.197 0.07 0.038 0.008 0.044 0.054 0.038 0.025 0.026 0.044 0.169 0.015 0.028 0.021 0.047 0.036 0.008 0.053 0.032
124 G 0.059 0.025 0.032 0.028 0.01 0.019 0.027 0.306 0.057 0.036 0.083 0.031 0.017 0.077 0.016 0.041 0.028 0.009 0.062 0.037
125 N 0.043 0.045 0.315 0.083 0.009 0.034 0.05 0.065 0.032 0.023 0.032 0.054 0.011 0.018 0.02 0.07 0.05 0.005 0.016 0.027
126 D 0.049 0.068 0.055 0.22 0.008 0.042 0.081 0.045 0.02 0.025 0.036 0.162 0.012 0.015 0.025 0.053 0.037 0.004 0.014 0.029
127 F 0.077 0.021 0.019 0.02 0.014 0.015 0.022 0.085 0.016 0.118 0.114 0.026 0.025 0.155 0.015 0.035 0.034 0.011 0.074 0.105
128 I 0.054 0.079 0.027 0.026 0.014 0.028 0.036 0.031 0.014 0.134 0.129 0.1 0.027 0.031 0.019 0.049 0.066 0.006 0.019 0.113
129 L 0.048 0.022 0.015 0.017 0.015 0.015 0.021 0.022 0.009 0.157 0.257 0.026 0.038 0.043 0.07 0.027 0.036 0.006 0.02 0.136
130 W 0.061 0.023 0.016 0.016 0.009 0.016 0.024 0.034 0.015 0.031 0.052 0.024 0.015 0.054 0.01 0.028 0.025 0.456 0.06 0.033
131 L 0.044 0.022 0.014 0.015 0.016 0.015 0.019 0.021 0.01 0.152 0.339 0.024 0.05 0.05 0.014 0.024 0.034 0.007 0.021 0.11
132 F 0.037 0.02 0.015 0.016 0.013 0.012 0.019 0.023 0.013 0.104 0.212 0.021 0.033 0.25 0.012 0.024 0.029 0.012 0.057 0.079
133 F 0.036 0.019 0.016 0.016 0.011 0.011 0.019 0.024 0.015 0.072 0.112 0.019 0.025 0.369 0.011 0.025 0.027 0.015 0.078 0.08
134 F 0.072 0.021 0.016 0.017 0.014 0.014 0.021 0.028 0.013 0.109 0.187 0.024 0.031 0.192 0.014 0.031 0.033 0.01 0.047 0.105
135 I 0.074 0.02 0.015 0.018 0.016 0.014 0.02 0.027 0.01 0.202 0.197 0.025 0.035 0.083 0.015 0.03 0.036 0.007 0.027 0.128
136 F 0.032 0.018 0.016 0.016 0.01 0.01 0.018 0.024 0.016 0.061 0.11 0.018 0.024 0.41 0.01 0.024 0.024 0.016 0.085 0.053
137 F 0.036 0.019 0.015 0.016 0.012 0.011 0.018 0.023 0.014 0.119 0.153 0.02 0.029 0.289 0.011 0.024 0.028 0.013 0.064 0.083
138 C 0.071 0.027 0.03 0.028 0.179 0.021 0.03 0.038 0.011 0.062 0.069 0.034 0.019 0.023 0.022 0.082 0.14 0.005 0.016 0.095
139 V 0.093 0.022 0.017 0.018 0.018 0.016 0.024 0.029 0.009 0.161 0.122 0.027 0.029 0.034 0.017 0.036 0.047 0.005 0.019 0.257
140 T 0.106 0.035 0.042 0.038 0.017 0.028 0.041 0.05 0.015 0.045 0.057 0.045 0.018 0.022 0.027 0.124 0.207 0.005 0.017 0.062
141 N 0.056 0.04 0.261 0.069 0.01 0.031 0.045 0.115 0.026 0.022 0.032 0.05 0.011 0.018 0.021 0.096 0.051 0.005 0.015 0.028
142 I 0.048 0.017 0.014 0.017 0.016 0.013 0.018 0.02 0.008 0.283 0.157 0.023 0.035 0.042 0.014 0.025 0.039 0.006 0.02 0.184
143 Y 0.04 0.026 0.02 0.017 0.01 0.02 0.026 0.023 0.038 0.055 0.128 0.029 0.023 0.112 0.015 0.029 0.028 0.023 0.284 0.054
144 N 0.042 0.046 0.288 0.073 0.009 0.056 0.054 0.058 0.056 0.022 0.032 0.055 0.012 0.018 0.02 0.064 0.045 0.005 0.019 0.027
145 N 0.041 0.043 0.343 0.08 0.009 0.032 0.047 0.063 0.03 0.022 0.03 0.052 0.011 0.017 0.019 0.067 0.047 0.004 0.015 0.026
146 Q 0.054 0.071 0.042 0.045 0.008 0.245 0.099 0.04 0.028 0.025 0.045 0.088 0.02 0.014 0.023 0.054 0.04 0.006 0.02 0.034
147 L 0.044 0.025 0.015 0.016 0.016 0.018 0.021 0.022 0.011 0.108 0.353 0.027 0.08 0.051 0.014 0.026 0.034 0.007 0.022 0.092
148 N 0.048 0.043 0.311 0.076 0.01 0.032 0.048 0.063 0.029 0.022 0.031 0.052 0.011 0.018 0.02 0.087 0.051 0.004 0.015 0.028
149 G 0.075 0.022 0.038 0.032 0.01 0.018 0.025 0.529 0.013 0.018 0.027 0.032 0.009 0.016 0.018 0.049 0.029 0.005 0.01 0.023
150 I 0.045 0.018 0.014 0.017 0.016 0.013 0.017 0.02 0.009 0.278 0.188 0.023 0.037 0.044 0.014 0.024 0.038 0.006 0.02 0.161
151 R 0.043 0.37 0.037 0.03 0.007 0.047 0.05 0.032 0.022 0.022 0.045 0.116 0.015 0.017 0.019 0.043 0.034 0.006 0.017 0.03
152 Q 0.054 0.071 0.042 0.045 0.008 0.245 0.099 0.04 0.028 0.025 0.045 0.088 0.02 0.014 0.023 0.054 0.04 0.006 0.02 0.034
153 Y 0.039 0.027 0.021 0.018 0.009 0.021 0.027 0.024 0.045 0.042 0.066 0.03 0.018 0.126 0.015 0.03 0.027 0.027 0.344 0.045
154 A 0.29 0.029 0.024 0.027 0.021 0.024 0.037 0.07 0.014 0.055 0.065 0.041 0.018 0.022 0.027 0.076 0.048 0.005 0.017 0.092
155 A 0.262 0.028 0.023 0.026 0.02 0.023 0.035 0.064 0.013 0.067 0.072 0.039 0.02 0.024 0.026 0.071 0.048 0.005 0.017 0.117
156 L 0.046 0.022 0.014 0.015 0.016 0.015 0.019 0.021 0.009 0.158 0.316 0.024 0.043 0.048 0.014 0.024 0.035 0.006 0.021 0.132
157 T 0.096 0.03 0.034 0.031 0.072 0.023 0.034 0.042 0.012 0.061 0.069 0.039 0.02 0.023 0.024 0.076 0.198 0.005 0.017 0.092
158 L 0.072 0.024 0.015 0.016 0.016 0.016 0.021 0.027 0.011 0.098 0.329 0.026 0.042 0.089 0.015 0.03 0.033 0.008 0.028 0.085
159 L 0.046 0.022 0.015 0.016 0.015 0.014 0.02 0.022 0.011 0.11 0.274 0.023 0.039 0.128 0.013 0.025 0.034 0.009 0.035 0.129
160 P 0.055 0.025 0.022 0.03 0.01 0.02 0.035 0.035 0.012 0.025 0.035 0.04 0.01 0.012 0.513 0.042 0.035 0.002 0.012 0.03
161 L 0.043 0.023 0.014 0.015 0.016 0.016 0.019 0.021 0.01 0.138 0.356 0.024 0.051 0.051 0.014 0.024 0.033 0.007 0.021 0.104
162 L 0.041 0.02 0.014 0.016 0.014 0.014 0.018 0.021 0.011 0.156 0.265 0.022 0.039 0.129 0.013 0.024 0.032 0.009 0.035 0.107
163 T 0.112 0.035 0.044 0.04 0.017 0.029 0.043 0.054 0.015 0.041 0.053 0.047 0.017 0.021 0.028 0.154 0.17 0.005 0.017 0.057
164 L 0.046 0.023 0.017 0.017 0.014 0.018 0.022 0.023 0.022 0.147 0.164 0.027 0.048 0.071 0.015 0.028 0.035 0.013 0.129 0.122
165 F 0.043 0.023 0.02 0.019 0.012 0.016 0.023 0.026 0.02 0.068 0.122 0.026 0.025 0.183 0.014 0.033 0.056 0.07 0.119 0.082
166 L 0.048 0.021 0.014 0.016 0.07 0.014 0.019 0.022 0.009 0.157 0.27 0.023 0.039 0.044 0.014 0.026 0.036 0.006 0.02 0.131
167 F 0.039 0.024 0.022 0.019 0.064 0.017 0.025 0.026 0.065 0.048 0.082 0.025 0.02 0.23 0.013 0.03 0.027 0.017 0.16 0.047
168 D 0.048 0.037 0.059 0.197 0.009 0.04 0.161 0.039 0.023 0.027 0.038 0.053 0.012 0.028 0.022 0.054 0.061 0.007 0.051 0.033
169 K 0.049 0.195 0.073 0.041 0.008 0.048 0.059 0.04 0.022 0.024 0.041 0.207 0.014 0.016 0.023 0.05 0.037 0.005 0.016 0.03
170 R 0.049 0.216 0.05 0.037 0.008 0.07 0.063 0.038 0.022 0.024 0.043 0.188 0.015 0.016 0.022 0.048 0.037 0.005 0.017 0.031
171 Y 0.041 0.033 0.022 0.02 0.01 0.022 0.029 0.025 0.035 0.071 0.079 0.059 0.02 0.136 0.016 0.031 0.029 0.021 0.243 0.058
172 I 0.048 0.03 0.021 0.022 0.014 0.019 0.026 0.026 0.014 0.154 0.116 0.056 0.027 0.135 0.016 0.035 0.062 0.009 0.048 0.122
173 L 0.051 0.058 0.029 0.028 0.012 0.033 0.043 0.033 0.02 0.058 0.143 0.143 0.043 0.044 0.021 0.044 0.062 0.009 0.067 0.058
174 A 0.145 0.028 0.027 0.026 0.016 0.022 0.033 0.047 0.021 0.056 0.071 0.036 0.019 0.089 0.022 0.078 0.069 0.011 0.098 0.083
175 I 0.049 0.018 0.016 0.017 0.015 0.013 0.019 0.04 0.01 0.222 0.141 0.023 0.032 0.094 0.014 0.027 0.038 0.007 0.029 0.175
176 L 0.049 0.021 0.019 0.02 0.015 0.015 0.022 0.026 0.012 0.174 0.189 0.025 0.033 0.124 0.015 0.049 0.038 0.008 0.034 0.112
177 L 0.089 0.026 0.027 0.025 0.014 0.02 0.028 0.147 0.017 0.059 0.167 0.032 0.026 0.071 0.018 0.07 0.039 0.009 0.058 0.058
178 L 0.05 0.02 0.016 0.017 0.124 0.015 0.019 0.024 0.009 0.158 0.215 0.024 0.04 0.04 0.015 0.03 0.045 0.006 0.019 0.116
179 L 0.064 0.022 0.022 0.022 0.014 0.016 0.024 0.085 0.012 0.123 0.147 0.027 0.028 0.132 0.016 0.055 0.039 0.008 0.036 0.108
180 L 0.047 0.02 0.015 0.016 0.015 0.014 0.019 0.022 0.01 0.166 0.204 0.023 0.035 0.125 0.014 0.026 0.036 0.008 0.035 0.152
181 A 0.213 0.031 0.029 0.03 0.019 0.026 0.038 0.062 0.015 0.058 0.076 0.042 0.038 0.025 0.026 0.108 0.054 0.005 0.018 0.089
182 L 0.065 0.038 0.031 0.03 0.015 0.028 0.036 0.037 0.015 0.112 0.115 0.067 0.073 0.033 0.021 0.09 0.083 0.006 0.019 0.087
183 T 0.064 0.03 0.033 0.03 0.033 0.024 0.032 0.092 0.014 0.057 0.09 0.037 0.057 0.07 0.021 0.075 0.144 0.007 0.025 0.064
184 F 0.036 0.02 0.016 0.016 0.011 0.013 0.019 0.024 0.015 0.07 0.151 0.021 0.046 0.33 0.011 0.025 0.027 0.014 0.071 0.061
185 H 0.04 0.044 0.051 0.037 0.007 0.037 0.051 0.037 0.38 0.022 0.037 0.044 0.015 0.029 0.018 0.04 0.026 0.007 0.055 0.022
186 S 0.099 0.046 0.074 0.043 0.014 0.054 0.051 0.053 0.02 0.035 0.052 0.078 0.017 0.062 0.024 0.124 0.079 0.006 0.025 0.044
187 S 0.095 0.037 0.049 0.044 0.017 0.03 0.047 0.057 0.017 0.035 0.047 0.05 0.016 0.021 0.028 0.202 0.137 0.005 0.017 0.049
188 A 0.205 0.031 0.033 0.033 0.017 0.025 0.039 0.117 0.019 0.036 0.05 0.043 0.016 0.032 0.026 0.116 0.051 0.008 0.052 0.052
189 L 0.044 0.02 0.014 0.016 0.014 0.014 0.019 0.022 0.01 0.171 0.21 0.023 0.035 0.087 0.013 0.024 0.034 0.063 0.033 0.132
190 I 0.047 0.02 0.015 0.017 0.015 0.015 0.019 0.022 0.01 0.214 0.181 0.024 0.052 0.084 0.014 0.026 0.037 0.007 0.028 0.153
191 F 0.036 0.022 0.052 0.023 0.011 0.014 0.022 0.028 0.016 0.068 0.165 0.023 0.028 0.287 0.012 0.029 0.029 0.013 0.063 0.059
192 F 0.042 0.019 0.015 0.016 0.014 0.012 0.018 0.022 0.012 0.159 0.172 0.021 0.032 0.193 0.013 0.025 0.033 0.01 0.047 0.125
193 I 0.091 0.024 0.023 0.024 0.017 0.018 0.026 0.071 0.011 0.157 0.14 0.031 0.029 0.034 0.019 0.067 0.046 0.006 0.019 0.148
194 L 0.045 0.021 0.014 0.016 0.015 0.014 0.019 0.021 0.01 0.152 0.284 0.023 0.04 0.088 0.014 0.025 0.034 0.007 0.028 0.128
195 L 0.044 0.022 0.017 0.019 0.012 0.016 0.023 0.025 0.016 0.102 0.164 0.027 0.034 0.129 0.124 0.029 0.032 0.01 0.069 0.083
196 L 0.054 0.023 0.018 0.021 0.012 0.016 0.025 0.028 0.012 0.074 0.181 0.029 0.027 0.13 0.18 0.032 0.032 0.008 0.035 0.063
197 L 0.042 0.021 0.015 0.016 0.014 0.014 0.019 0.022 0.012 0.12 0.246 0.022 0.037 0.169 0.013 0.025 0.032 0.01 0.042 0.111
198 R 0.081 0.116 0.03 0.029 0.012 0.054 0.046 0.037 0.021 0.074 0.103 0.088 0.023 0.037 0.02 0.059 0.04 0.008 0.054 0.069
199 L 0.041 0.022 0.016 0.017 0.012 0.015 0.022 0.024 0.016 0.077 0.204 0.024 0.031 0.188 0.068 0.027 0.03 0.012 0.08 0.073
200 L 0.054 0.022 0.016 0.017 0.015 0.015 0.021 0.025 0.012 0.127 0.223 0.024 0.053 0.14 0.014 0.028 0.034 0.009 0.038 0.115
201 Y 0.043 0.036 0.096 0.041 0.01 0.029 0.066 0.034 0.055 0.048 0.126 0.05 0.022 0.062 0.017 0.041 0.034 0.013 0.129 0.047
202 K 0.052 0.115 0.043 0.081 0.008 0.049 0.069 0.041 0.02 0.026 0.04 0.263 0.014 0.015 0.025 0.051 0.037 0.005 0.016 0.031
203 L 0.046 0.079 0.024 0.023 0.011 0.026 0.035 0.028 0.017 0.068 0.147 0.097 0.026 0.122 0.035 0.034 0.033 0.01 0.057 0.08
204 F 0.046 0.043 0.024 0.024 0.012 0.025 0.034 0.029 0.029 0.092 0.106 0.097 0.042 0.171 0.016 0.034 0.034 0.01 0.045 0.09
205 N 0.047 0.035 0.168 0.056 0.01 0.029 0.069 0.1 0.035 0.034 0.078 0.045 0.016 0.05 0.073 0.052 0.038 0.006 0.022 0.036
206 R 0.047 0.155 0.078 0.037 0.01 0.039 0.049 0.037 0.02 0.064 0.094 0.149 0.02 0.023 0.02 0.045 0.038 0.005 0.017 0.052
207 K 0.057 0.107 0.042 0.042 0.009 0.054 0.071 0.043 0.021 0.028 0.043 0.278 0.016 0.016 0.028 0.054 0.04 0.005 0.017 0.033
208 Y 0.062 0.045 0.07 0.036 0.012 0.027 0.037 0.096 0.042 0.034 0.05 0.043 0.015 0.059 0.02 0.093 0.069 0.013 0.139 0.041
209 L 0.051 0.026 0.033 0.024 0.067 0.02 0.028 0.03 0.018 0.06 0.145 0.033 0.042 0.048 0.127 0.041 0.06 0.009 0.078 0.06
210 F 0.068 0.02 0.017 0.018 0.012 0.013 0.021 0.03 0.015 0.078 0.108 0.022 0.025 0.312 0.013 0.032 0.03 0.013 0.068 0.086
211 L 0.047 0.025 0.021 0.02 0.013 0.019 0.025 0.026 0.023 0.081 0.186 0.029 0.03 0.111 0.016 0.042 0.059 0.014 0.135 0.078
212 L 0.077 0.021 0.016 0.017 0.016 0.015 0.021 0.027 0.01 0.16 0.218 0.025 0.035 0.083 0.015 0.031 0.037 0.007 0.027 0.138
213 F 0.032 0.018 0.016 0.016 0.01 0.01 0.018 0.024 0.016 0.061 0.11 0.018 0.024 0.41 0.01 0.024 0.024 0.016 0.085 0.053
214 I 0.052 0.022 0.019 0.02 0.016 0.017 0.022 0.026 0.011 0.205 0.204 0.028 0.053 0.043 0.016 0.05 0.041 0.006 0.02 0.129
215 L 0.046 0.023 0.014 0.015 0.016 0.015 0.02 0.021 0.009 0.13 0.351 0.024 0.045 0.05 0.014 0.024 0.034 0.007 0.021 0.121
216 S 0.094 0.037 0.049 0.043 0.017 0.03 0.046 0.056 0.017 0.036 0.048 0.049 0.016 0.021 0.028 0.196 0.144 0.005 0.017 0.05
217 L 0.084 0.025 0.022 0.023 0.016 0.019 0.026 0.034 0.011 0.15 0.205 0.031 0.033 0.039 0.019 0.063 0.068 0.006 0.019 0.107
218 P 0.057 0.024 0.021 0.027 0.012 0.019 0.032 0.032 0.011 0.054 0.055 0.036 0.014 0.017 0.403 0.04 0.038 0.003 0.014 0.089
219 L 0.042 0.019 0.015 0.016 0.068 0.012 0.018 0.023 0.011 0.149 0.186 0.021 0.032 0.165 0.013 0.026 0.032 0.009 0.041 0.101
220 Y 0.039 0.027 0.021 0.018 0.009 0.021 0.027 0.024 0.045 0.042 0.066 0.03 0.018 0.126 0.015 0.03 0.027 0.027 0.344 0.045
221 L 0.045 0.022 0.016 0.017 0.015 0.016 0.021 0.022 0.015 0.143 0.224 0.025 0.053 0.096 0.014 0.027 0.034 0.01 0.064 0.122
222 L 0.04 0.022 0.015 0.016 0.013 0.014 0.02 0.022 0.015 0.11 0.256 0.023 0.037 0.159 0.013 0.024 0.03 0.012 0.075 0.085
223 L 0.048 0.021 0.014 0.016 0.016 0.015 0.019 0.021 0.009 0.189 0.261 0.024 0.04 0.045 0.014 0.025 0.037 0.006 0.021 0.159
224 P 0.109 0.031 0.038 0.038 0.014 0.026 0.041 0.107 0.015 0.028 0.039 0.045 0.013 0.017 0.189 0.14 0.055 0.004 0.015 0.038
225 K 0.057 0.057 0.075 0.084 0.011 0.057 0.059 0.044 0.02 0.037 0.052 0.125 0.016 0.061 0.023 0.076 0.069 0.006 0.024 0.048
226 Y 0.051 0.026 0.021 0.02 0.013 0.02 0.026 0.027 0.026 0.097 0.154 0.03 0.028 0.078 0.016 0.052 0.037 0.015 0.164 0.097
227 V 0.108 0.027 0.027 0.026 0.018 0.021 0.031 0.039 0.011 0.113 0.094 0.035 0.024 0.028 0.022 0.062 0.135 0.005 0.018 0.155
228 P 0.051 0.025 0.055 0.029 0.013 0.019 0.029 0.032 0.013 0.11 0.113 0.034 0.022 0.027 0.237 0.038 0.038 0.004 0.016 0.097
229 T 0.058 0.032 0.07 0.085 0.012 0.028 0.073 0.04 0.017 0.058 0.062 0.043 0.017 0.064 0.076 0.075 0.086 0.006 0.023 0.074
230 L 0.077 0.021 0.015 0.017 0.016 0.015 0.021 0.027 0.01 0.185 0.234 0.026 0.037 0.043 0.016 0.031 0.038 0.006 0.02 0.144
231 L 0.048 0.023 0.014 0.015 0.016 0.016 0.02 0.021 0.009 0.121 0.339 0.024 0.044 0.049 0.014 0.025 0.036 0.006 0.021 0.138
232 E 0.052 0.04 0.041 0.123 0.009 0.048 0.223 0.035 0.021 0.055 0.051 0.059 0.015 0.019 0.023 0.053 0.062 0.005 0.016 0.049
233 L 0.067 0.029 0.041 0.03 0.015 0.023 0.033 0.038 0.017 0.095 0.148 0.036 0.027 0.043 0.02 0.101 0.075 0.008 0.055 0.098
234 F 0.04 0.021 0.018 0.018 0.013 0.013 0.021 0.025 0.014 0.097 0.175 0.023 0.03 0.247 0.013 0.031 0.056 0.012 0.056 0.076
235 G 0.051 0.032 0.075 0.128 0.009 0.029 0.078 0.148 0.058 0.031 0.072 0.043 0.015 0.021 0.074 0.047 0.033 0.005 0.018 0.033
236 L 0.045 0.026 0.057 0.026 0.014 0.019 0.026 0.028 0.013 0.111 0.251 0.031 0.055 0.041 0.077 0.033 0.036 0.006 0.02 0.086
237 R 0.055 0.172 0.074 0.047 0.009 0.047 0.086 0.042 0.022 0.024 0.041 0.16 0.014 0.016 0.023 0.073 0.042 0.005 0.016 0.031
238 Y 0.038 0.025 0.02 0.018 0.009 0.019 0.025 0.024 0.039 0.046 0.076 0.027 0.019 0.189 0.014 0.029 0.026 0.025 0.287 0.047
239 L 0.101 0.031 0.033 0.032 0.017 0.024 0.036 0.046 0.014 0.085 0.152 0.039 0.027 0.031 0.023 0.124 0.088 0.006 0.018 0.075
240 S 0.084 0.04 0.052 0.044 0.014 0.034 0.051 0.055 0.139 0.026 0.039 0.049 0.015 0.023 0.025 0.18 0.061 0.006 0.03 0.034
241 Y 0.039 0.027 0.021 0.018 0.009 0.021 0.027 0.024 0.045 0.042 0.066 0.03 0.018 0.126 0.015 0.03 0.027 0.027 0.344 0.045
242 I 0.049 0.026 0.018 0.02 0.015 0.041 0.028 0.023 0.012 0.21 0.174 0.032 0.052 0.04 0.015 0.029 0.039 0.006 0.02 0.151
243 D 0.046 0.04 0.054 0.235 0.007 0.062 0.144 0.058 0.061 0.022 0.032 0.055 0.012 0.016 0.022 0.05 0.034 0.005 0.018 0.026
244 S 0.099 0.035 0.049 0.044 0.015 0.029 0.045 0.167 0.017 0.026 0.037 0.048 0.014 0.019 0.026 0.205 0.068 0.005 0.015 0.037
245 D 0.048 0.054 0.047 0.186 0.009 0.062 0.111 0.039 0.02 0.054 0.049 0.118 0.015 0.018 0.023 0.048 0.036 0.005 0.015 0.044
246 Y 0.038 0.026 0.02 0.018 0.009 0.02 0.026 0.024 0.042 0.044 0.071 0.029 0.019 0.157 0.014 0.029 0.027 0.026 0.315 0.046
247 F 0.064 0.02 0.017 0.018 0.011 0.012 0.021 0.03 0.016 0.059 0.104 0.021 0.024 0.367 0.012 0.031 0.027 0.015 0.078 0.054
248 E 0.058 0.051 0.042 0.084 0.01 0.067 0.159 0.039 0.061 0.038 0.047 0.087 0.016 0.02 0.023 0.071 0.041 0.005 0.021 0.06
249 P 0.112 0.034 0.049 0.046 0.013 0.031 0.083 0.106 0.017 0.027 0.039 0.049 0.013 0.017 0.134 0.121 0.051 0.005 0.015 0.038
250 G 0.065 0.073 0.075 0.041 0.01 0.052 0.044 0.261 0.059 0.021 0.034 0.053 0.012 0.018 0.02 0.072 0.038 0.005 0.018 0.027
251 D 0.058 0.04 0.086 0.214 0.01 0.031 0.067 0.05 0.019 0.024 0.033 0.075 0.011 0.016 0.078 0.096 0.046 0.004 0.013 0.029
252 L 0.041 0.024 0.017 0.016 0.013 0.018 0.022 0.022 0.025 0.101 0.225 0.027 0.033 0.084 0.014 0.026 0.03 0.016 0.165 0.08
253 I 0.066 0.064 0.03 0.028 0.014 0.023 0.033 0.037 0.014 0.133 0.092 0.043 0.023 0.033 0.019 0.102 0.05 0.062 0.024 0.11
254 V 0.06 0.028 0.06 0.03 0.016 0.021 0.029 0.033 0.012 0.118 0.128 0.034 0.027 0.032 0.019 0.053 0.121 0.006 0.019 0.154
255 I 0.048 0.019 0.015 0.017 0.016 0.013 0.019 0.021 0.009 0.22 0.174 0.023 0.034 0.083 0.014 0.026 0.038 0.007 0.027 0.177
256 I 0.051 0.02 0.015 0.017 0.016 0.015 0.019 0.021 0.009 0.213 0.206 0.024 0.043 0.043 0.015 0.026 0.039 0.006 0.02 0.183
257 T 0.07 0.034 0.042 0.036 0.017 0.027 0.038 0.042 0.013 0.051 0.063 0.044 0.019 0.023 0.027 0.089 0.275 0.006 0.017 0.068
258 K 0.055 0.103 0.04 0.04 0.008 0.051 0.068 0.042 0.02 0.027 0.042 0.306 0.015 0.015 0.027 0.051 0.038 0.005 0.017 0.032
259 L 0.047 0.021 0.014 0.016 0.016 0.015 0.019 0.021 0.009 0.185 0.265 0.025 0.052 0.046 0.014 0.025 0.037 0.006 0.021 0.144
260 Y 0.039 0.027 0.021 0.018 0.009 0.021 0.027 0.024 0.045 0.042 0.066 0.03 0.018 0.126 0.015 0.03 0.027 0.027 0.344 0.045
261 Y 0.039 0.027 0.021 0.018 0.009 0.021 0.027 0.024 0.045 0.042 0.066 0.03 0.018 0.126 0.015 0.03 0.027 0.027 0.344 0.045
262 L 0.044 0.021 0.014 0.015 0.016 0.015 0.019 0.02 0.009 0.174 0.32 0.024 0.044 0.049 0.014 0.024 0.034 0.006 0.021 0.118
263 P 0.055 0.025 0.022 0.03 0.01 0.02 0.035 0.035 0.012 0.025 0.035 0.04 0.01 0.012 0.513 0.042 0.035 0.002 0.012 0.03
264 L 0.128 0.024 0.017 0.019 0.018 0.018 0.025 0.037 0.011 0.118 0.231 0.03 0.035 0.039 0.018 0.042 0.04 0.006 0.02 0.124
265 I 0.044 0.02 0.015 0.017 0.015 0.014 0.019 0.02 0.013 0.229 0.204 0.024 0.036 0.054 0.014 0.025 0.036 0.008 0.056 0.139
266 L 0.041 0.022 0.014 0.015 0.014 0.014 0.019 0.021 0.011 0.1 0.335 0.023 0.043 0.132 0.013 0.024 0.03 0.009 0.036 0.084
267 Y 0.042 0.023 0.018 0.017 0.012 0.017 0.023 0.023 0.026 0.097 0.141 0.026 0.027 0.148 0.014 0.028 0.031 0.017 0.176 0.095
268 F 0.032 0.018 0.016 0.016 0.01 0.01 0.018 0.024 0.016 0.061 0.11 0.018 0.024 0.41 0.01 0.024 0.024 0.016 0.085 0.053
269 F 0.036 0.023 0.019 0.017 0.01 0.016 0.023 0.024 0.031 0.051 0.087 0.024 0.021 0.263 0.013 0.027 0.026 0.022 0.22 0.049
270 Y 0.038 0.025 0.019 0.017 0.01 0.018 0.024 0.024 0.035 0.054 0.113 0.027 0.023 0.181 0.014 0.028 0.027 0.022 0.251 0.052
271 L 0.044 0.058 0.017 0.018 0.015 0.017 0.022 0.021 0.01 0.206 0.228 0.034 0.037 0.043 0.014 0.026 0.036 0.006 0.02 0.129
272 Y 0.038 0.025 0.02 0.018 0.009 0.019 0.025 0.024 0.039 0.046 0.076 0.027 0.019 0.189 0.014 0.029 0.026 0.025 0.287 0.047
273 K 0.062 0.082 0.073 0.081 0.066 0.032 0.049 0.063 0.018 0.036 0.08 0.098 0.017 0.021 0.022 0.092 0.046 0.005 0.016 0.041
274 K 0.063 0.106 0.076 0.05 0.01 0.046 0.088 0.047 0.022 0.025 0.04 0.174 0.014 0.017 0.025 0.097 0.047 0.005 0.016 0.033
275 G 0.071 0.048 0.097 0.086 0.012 0.032 0.05 0.102 0.018 0.042 0.048 0.101 0.015 0.019 0.023 0.079 0.071 0.005 0.015 0.065
276 E 0.064 0.095 0.056 0.094 0.011 0.042 0.115 0.044 0.02 0.028 0.041 0.092 0.014 0.018 0.025 0.101 0.081 0.005 0.016 0.037
277 G 0.072 0.033 0.071 0.046 0.067 0.03 0.078 0.118 0.017 0.046 0.083 0.044 0.018 0.023 0.022 0.114 0.05 0.005 0.016 0.047
278 N 0.05 0.046 0.152 0.056 0.01 0.035 0.076 0.046 0.029 0.031 0.045 0.077 0.014 0.043 0.021 0.065 0.068 0.01 0.091 0.037
279 S 0.087 0.047 0.061 0.043 0.099 0.032 0.048 0.055 0.018 0.031 0.045 0.09 0.015 0.019 0.026 0.16 0.063 0.005 0.016 0.041
280 K 0.051 0.062 0.029 0.033 0.012 0.036 0.064 0.032 0.016 0.105 0.149 0.15 0.028 0.031 0.021 0.04 0.037 0.006 0.019 0.079
281 E 0.053 0.038 0.079 0.055 0.009 0.036 0.123 0.115 0.021 0.028 0.046 0.062 0.013 0.077 0.097 0.049 0.035 0.006 0.026 0.032
282 G 0.068 0.079 0.049 0.032 0.013 0.025 0.033 0.19 0.015 0.086 0.07 0.048 0.019 0.024 0.019 0.073 0.043 0.005 0.016 0.093
283 S 0.11 0.04 0.054 0.049 0.018 0.033 0.053 0.067 0.019 0.03 0.042 0.054 0.016 0.021 0.03 0.217 0.082 0.005 0.018 0.042
284 F 0.034 0.019 0.017 0.017 0.011 0.011 0.019 0.025 0.017 0.064 0.115 0.019 0.025 0.385 0.011 0.025 0.025 0.017 0.089 0.055
285 K 0.056 0.1 0.036 0.032 0.011 0.034 0.044 0.108 0.036 0.069 0.063 0.126 0.018 0.027 0.022 0.05 0.069 0.007 0.034 0.057
286 D 0.046 0.032 0.106 0.126 0.064 0.034 0.058 0.04 0.059 0.045 0.057 0.04 0.016 0.078 0.018 0.046 0.037 0.006 0.029 0.063
287 N 0.062 0.073 0.119 0.067 0.011 0.033 0.075 0.103 0.022 0.027 0.043 0.055 0.014 0.061 0.021 0.103 0.048 0.006 0.023 0.033
288 D 0.051 0.073 0.123 0.137 0.009 0.034 0.084 0.064 0.021 0.025 0.036 0.056 0.012 0.017 0.076 0.065 0.066 0.004 0.014 0.032
289 Y 0.039 0.027 0.02 0.018 0.01 0.02 0.026 0.024 0.041 0.05 0.103 0.029 0.021 0.118 0.015 0.029 0.028 0.025 0.308 0.05
290 F 0.04 0.02 0.016 0.017 0.012 0.013 0.02 0.024 0.014 0.102 0.126 0.021 0.045 0.287 0.012 0.026 0.03 0.013 0.064 0.097
291 N 0.062 0.086 0.111 0.049 0.01 0.058 0.054 0.103 0.062 0.024 0.037 0.088 0.014 0.018 0.022 0.097 0.046 0.005 0.02 0.03
292 F 0.032 0.018 0.016 0.016 0.01 0.01 0.018 0.024 0.016 0.061 0.11 0.018 0.024 0.41 0.01 0.024 0.024 0.016 0.085 0.053
293 C 0.084 0.021 0.018 0.018 0.233 0.016 0.021 0.033 0.011 0.065 0.133 0.025 0.042 0.072 0.017 0.041 0.045 0.006 0.024 0.075
294 I 0.045 0.018 0.014 0.017 0.016 0.013 0.017 0.02 0.009 0.278 0.188 0.023 0.037 0.044 0.014 0.024 0.038 0.006 0.02 0.161
295 F 0.071 0.021 0.016 0.017 0.014 0.014 0.021 0.029 0.013 0.084 0.192 0.024 0.031 0.219 0.014 0.031 0.032 0.011 0.052 0.093
296 I 0.077 0.019 0.016 0.018 0.016 0.015 0.02 0.026 0.009 0.255 0.149 0.026 0.039 0.04 0.016 0.031 0.04 0.006 0.02 0.162
297 F 0.034 0.02 0.017 0.017 0.011 0.012 0.019 0.025 0.016 0.065 0.119 0.02 0.043 0.37 0.011 0.026 0.026 0.015 0.078 0.057
298 S 0.097 0.036 0.047 0.042 0.017 0.03 0.046 0.057 0.017 0.045 0.052 0.048 0.017 0.022 0.027 0.208 0.097 0.005 0.017 0.072
299 C 0.079 0.019 0.016 0.017 0.196 0.014 0.019 0.031 0.01 0.111 0.13 0.023 0.025 0.101 0.016 0.036 0.035 0.007 0.029 0.085
300 T 0.071 0.033 0.04 0.035 0.017 0.026 0.037 0.042 0.013 0.055 0.098 0.042 0.022 0.026 0.025 0.1 0.227 0.006 0.018 0.068
301 Y 0.037 0.026 0.023 0.019 0.009 0.019 0.027 0.026 0.073 0.046 0.077 0.028 0.02 0.21 0.014 0.029 0.026 0.021 0.226 0.045
302 W 0.03 0.021 0.015 0.015 0.008 0.014 0.021 0.029 0.015 0.033 0.057 0.021 0.016 0.097 0.008 0.022 0.022 0.457 0.068 0.032
303 S 0.121 0.035 0.045 0.042 0.017 0.029 0.046 0.061 0.018 0.034 0.05 0.047 0.016 0.064 0.027 0.206 0.069 0.006 0.024 0.045
304 F 0.032 0.018 0.016 0.016 0.01 0.01 0.018 0.024 0.016 0.061 0.11 0.018 0.024 0.41 0.01 0.024 0.024 0.016 0.085 0.053
305 L 0.043 0.022 0.014 0.015 0.016 0.015 0.019 0.02 0.009 0.153 0.347 0.024 0.045 0.05 0.014 0.024 0.033 0.007 0.021 0.11
306 L 0.051 0.029 0.021 0.02 0.016 0.024 0.026 0.027 0.014 0.116 0.195 0.033 0.14 0.044 0.016 0.038 0.064 0.007 0.022 0.096
307 G 0.115 0.032 0.042 0.038 0.016 0.026 0.04 0.164 0.016 0.037 0.079 0.044 0.018 0.023 0.025 0.161 0.059 0.005 0.016 0.045
308 L 0.042 0.024 0.014 0.015 0.015 0.016 0.02 0.021 0.014 0.103 0.362 0.025 0.044 0.061 0.014 0.024 0.032 0.009 0.057 0.087
309 D 0.049 0.045 0.053 0.25 0.009 0.032 0.072 0.044 0.018 0.028 0.041 0.1 0.013 0.059 0.022 0.07 0.039 0.005 0.021 0.03
310 I 0.075 0.019 0.015 0.018 0.016 0.014 0.02 0.026 0.009 0.25 0.176 0.025 0.035 0.041 0.016 0.03 0.039 0.006 0.02 0.15
311 G 0.179 0.028 0.066 0.036 0.015 0.023 0.034 0.276 0.015 0.029 0.041 0.039 0.013 0.018 0.023 0.066 0.039 0.005 0.014 0.043
312 L 0.044 0.019 0.014 0.016 0.016 0.014 0.018 0.02 0.009 0.236 0.241 0.023 0.039 0.046 0.014 0.024 0.036 0.006 0.02 0.144
313 L 0.072 0.024 0.015 0.016 0.016 0.016 0.021 0.027 0.011 0.098 0.329 0.026 0.042 0.089 0.015 0.03 0.033 0.008 0.028 0.085
314 S 0.118 0.036 0.044 0.041 0.016 0.029 0.045 0.058 0.02 0.034 0.047 0.048 0.016 0.032 0.027 0.189 0.091 0.008 0.053 0.047
315 R 0.043 0.37 0.037 0.03 0.007 0.047 0.05 0.032 0.022 0.022 0.045 0.116 0.015 0.017 0.019 0.043 0.034 0.006 0.017 0.03
316 L 0.046 0.02 0.014 0.016 0.015 0.014 0.019 0.021 0.01 0.182 0.239 0.023 0.038 0.086 0.014 0.025 0.036 0.007 0.028 0.147
317 A 0.163 0.038 0.038 0.037 0.016 0.052 0.049 0.06 0.021 0.034 0.049 0.05 0.017 0.031 0.026 0.148 0.058 0.008 0.054 0.049
318 S 0.091 0.038 0.081 0.047 0.015 0.031 0.047 0.059 0.023 0.029 0.042 0.05 0.015 0.032 0.026 0.205 0.07 0.007 0.053 0.039
319 Y 0.039 0.029 0.057 0.025 0.009 0.022 0.029 0.028 0.043 0.04 0.062 0.032 0.017 0.114 0.015 0.034 0.029 0.024 0.307 0.043
320 F 0.036 0.019 0.016 0.016 0.011 0.011 0.019 0.024 0.015 0.072 0.112 0.019 0.025 0.369 0.011 0.025 0.027 0.015 0.078 0.08
