#Seq2Logo.py -f /work3/idamei/ssn-clusterings/clustering/2205181126/clusters/0008_146/sequences.afa -o /work3/idamei/ssn-clusterings/clustering/2205181126/clusters/0008_146/sequences.logo
#Position Specific Frequency Matrix
A R N D C Q E G H I L K M F P S T W Y V
0 L 0.052 0.032 0.02 0.02 0.016 0.028 0.028 0.028 0.016 0.1 0.196 0.036 0.164 0.048 0.016 0.036 0.04 0.008 0.024 0.092
1 L 0.039 0.022 0.015 0.016 0.014 0.014 0.02 0.023 0.013 0.091 0.258 0.022 0.038 0.207 0.013 0.025 0.03 0.012 0.052 0.077
2 L 0.044 0.024 0.014 0.015 0.016 0.016 0.02 0.021 0.01 0.115 0.378 0.025 0.049 0.054 0.014 0.024 0.033 0.007 0.022 0.096
3 L 0.056 0.023 0.015 0.016 0.017 0.016 0.022 0.023 0.009 0.137 0.265 0.026 0.041 0.046 0.015 0.028 0.041 0.006 0.021 0.176
4 F 0.034 0.019 0.017 0.017 0.011 0.011 0.019 0.025 0.017 0.063 0.114 0.019 0.025 0.389 0.011 0.025 0.025 0.017 0.089 0.055
5 L 0.046 0.02 0.014 0.017 0.016 0.014 0.019 0.021 0.009 0.216 0.244 0.024 0.041 0.048 0.014 0.025 0.037 0.006 0.021 0.147
6 L 0.049 0.022 0.016 0.018 0.016 0.017 0.02 0.022 0.01 0.203 0.207 0.026 0.062 0.046 0.015 0.027 0.039 0.006 0.021 0.155
7 F 0.039 0.024 0.019 0.018 0.01 0.017 0.024 0.025 0.032 0.072 0.094 0.026 0.023 0.217 0.014 0.028 0.028 0.022 0.209 0.061
8 C 0.051 0.017 0.017 0.017 0.27 0.011 0.017 0.029 0.012 0.053 0.087 0.02 0.02 0.188 0.014 0.034 0.031 0.01 0.047 0.056
9 G 0.072 0.022 0.025 0.023 0.059 0.017 0.023 0.203 0.01 0.1 0.087 0.028 0.022 0.027 0.017 0.04 0.041 0.005 0.016 0.162
10 L 0.058 0.028 0.018 0.019 0.017 0.023 0.026 0.026 0.013 0.125 0.188 0.031 0.105 0.044 0.016 0.034 0.043 0.007 0.023 0.158
11 F 0.034 0.019 0.017 0.017 0.011 0.011 0.019 0.025 0.017 0.063 0.114 0.019 0.025 0.389 0.011 0.025 0.025 0.017 0.088 0.055
12 L 0.048 0.028 0.017 0.018 0.016 0.023 0.024 0.025 0.013 0.107 0.279 0.031 0.112 0.051 0.015 0.031 0.037 0.008 0.023 0.094
13 F 0.039 0.021 0.016 0.016 0.013 0.013 0.019 0.023 0.014 0.087 0.234 0.022 0.036 0.237 0.012 0.025 0.029 0.012 0.058 0.073
14 F 0.034 0.019 0.017 0.017 0.011 0.011 0.019 0.025 0.017 0.063 0.114 0.019 0.025 0.389 0.011 0.025 0.025 0.017 0.088 0.055
15 P 0.057 0.026 0.023 0.031 0.01 0.021 0.036 0.036 0.013 0.026 0.036 0.041 0.01 0.013 0.496 0.044 0.036 0.003 0.013 0.031
16 I 0.047 0.018 0.015 0.018 0.016 0.013 0.018 0.021 0.009 0.274 0.167 0.024 0.037 0.044 0.015 0.025 0.04 0.006 0.021 0.176
17 I 0.047 0.018 0.015 0.017 0.016 0.014 0.018 0.021 0.009 0.26 0.186 0.024 0.038 0.045 0.015 0.025 0.039 0.006 0.021 0.169
18 L 0.061 0.034 0.031 0.028 0.017 0.028 0.033 0.035 0.015 0.079 0.136 0.04 0.098 0.037 0.021 0.062 0.135 0.007 0.021 0.082
19 A 0.193 0.033 0.034 0.033 0.02 0.026 0.04 0.062 0.014 0.048 0.062 0.045 0.018 0.022 0.029 0.088 0.141 0.006 0.018 0.07
20 P 0.057 0.026 0.023 0.031 0.01 0.021 0.036 0.036 0.013 0.026 0.036 0.041 0.01 0.013 0.496 0.044 0.036 0.003 0.013 0.031
21 I 0.044 0.018 0.016 0.017 0.014 0.013 0.019 0.023 0.012 0.187 0.144 0.022 0.032 0.169 0.013 0.026 0.035 0.01 0.045 0.141
22 L 0.08 0.033 0.036 0.033 0.017 0.025 0.038 0.046 0.015 0.068 0.195 0.041 0.031 0.036 0.023 0.133 0.06 0.006 0.02 0.066
23 L 0.046 0.021 0.014 0.016 0.016 0.015 0.019 0.021 0.009 0.202 0.263 0.024 0.042 0.049 0.014 0.025 0.037 0.006 0.021 0.14
24 G 0.062 0.021 0.028 0.026 0.013 0.016 0.022 0.289 0.012 0.101 0.106 0.029 0.022 0.061 0.017 0.039 0.032 0.007 0.022 0.075
25 P 0.05 0.025 0.018 0.022 0.013 0.018 0.027 0.028 0.011 0.074 0.223 0.032 0.032 0.036 0.233 0.033 0.035 0.005 0.018 0.066
26 L 0.05 0.025 0.018 0.019 0.016 0.021 0.023 0.025 0.013 0.179 0.183 0.03 0.106 0.046 0.015 0.031 0.04 0.007 0.022 0.13
27 L 0.054 0.024 0.016 0.017 0.017 0.017 0.022 0.023 0.01 0.131 0.271 0.026 0.053 0.047 0.015 0.028 0.04 0.007 0.022 0.16
28 L 0.043 0.026 0.018 0.017 0.013 0.019 0.024 0.023 0.027 0.082 0.237 0.028 0.035 0.089 0.015 0.027 0.031 0.017 0.158 0.073
29 R 0.051 0.198 0.042 0.04 0.008 0.141 0.08 0.037 0.027 0.025 0.047 0.104 0.018 0.016 0.022 0.051 0.038 0.006 0.019 0.033
30 F 0.046 0.067 0.03 0.03 0.009 0.034 0.047 0.035 0.019 0.044 0.075 0.162 0.02 0.185 0.02 0.041 0.033 0.01 0.05 0.043
31 K 0.052 0.194 0.04 0.038 0.008 0.051 0.064 0.039 0.022 0.026 0.044 0.222 0.015 0.016 0.025 0.05 0.038 0.005 0.017 0.032
32 Y 0.04 0.028 0.022 0.019 0.009 0.022 0.028 0.025 0.047 0.043 0.068 0.031 0.019 0.13 0.016 0.031 0.028 0.028 0.321 0.047
33 V 0.088 0.03 0.033 0.032 0.018 0.024 0.036 0.043 0.013 0.103 0.09 0.039 0.024 0.029 0.022 0.119 0.064 0.005 0.019 0.167
34 R 0.051 0.216 0.04 0.037 0.008 0.051 0.062 0.038 0.022 0.026 0.045 0.208 0.015 0.016 0.024 0.049 0.037 0.005 0.017 0.032
35 I 0.044 0.022 0.018 0.018 0.013 0.017 0.022 0.022 0.026 0.169 0.122 0.027 0.028 0.083 0.015 0.028 0.034 0.016 0.157 0.117
36 Y 0.04 0.028 0.022 0.019 0.009 0.022 0.028 0.025 0.047 0.043 0.068 0.031 0.019 0.13 0.016 0.031 0.028 0.028 0.321 0.047
37 L 0.044 0.024 0.014 0.015 0.016 0.016 0.02 0.021 0.01 0.115 0.378 0.025 0.049 0.054 0.014 0.024 0.033 0.007 0.022 0.096
38 L 0.049 0.027 0.017 0.017 0.055 0.021 0.023 0.025 0.012 0.102 0.277 0.029 0.096 0.049 0.015 0.03 0.036 0.007 0.022 0.091
39 L 0.039 0.021 0.015 0.016 0.013 0.013 0.019 0.023 0.013 0.089 0.247 0.022 0.037 0.223 0.012 0.025 0.029 0.012 0.055 0.075
40 F 0.033 0.019 0.017 0.017 0.011 0.011 0.019 0.025 0.017 0.063 0.113 0.019 0.025 0.392 0.011 0.025 0.025 0.017 0.088 0.055
41 V 0.069 0.022 0.016 0.018 0.019 0.016 0.023 0.024 0.008 0.163 0.129 0.026 0.031 0.035 0.016 0.033 0.049 0.005 0.02 0.276
42 V 0.058 0.02 0.015 0.017 0.018 0.015 0.021 0.023 0.009 0.207 0.166 0.025 0.035 0.04 0.015 0.029 0.044 0.006 0.021 0.219
43 G 0.078 0.023 0.039 0.033 0.011 0.019 0.025 0.515 0.013 0.019 0.028 0.033 0.009 0.016 0.019 0.051 0.029 0.005 0.011 0.024
44 I 0.047 0.018 0.015 0.018 0.016 0.013 0.018 0.02 0.009 0.278 0.166 0.023 0.036 0.044 0.015 0.025 0.039 0.006 0.02 0.175
45 S 0.109 0.04 0.054 0.048 0.017 0.033 0.052 0.066 0.019 0.029 0.042 0.054 0.016 0.021 0.029 0.227 0.081 0.005 0.017 0.042
46 L 0.047 0.027 0.016 0.017 0.016 0.02 0.023 0.023 0.012 0.109 0.319 0.029 0.089 0.052 0.015 0.028 0.035 0.007 0.023 0.094
47 L 0.046 0.02 0.014 0.017 0.016 0.014 0.018 0.021 0.009 0.224 0.238 0.024 0.041 0.047 0.014 0.025 0.037 0.006 0.021 0.148
48 A 0.222 0.032 0.031 0.032 0.02 0.026 0.04 0.066 0.014 0.046 0.061 0.044 0.018 0.022 0.029 0.087 0.118 0.006 0.017 0.069
49 L 0.044 0.024 0.014 0.015 0.016 0.016 0.02 0.021 0.01 0.114 0.382 0.025 0.049 0.054 0.014 0.024 0.033 0.007 0.022 0.095
50 R 0.044 0.351 0.038 0.031 0.008 0.048 0.052 0.033 0.023 0.023 0.046 0.119 0.015 0.017 0.019 0.044 0.035 0.006 0.017 0.031
51 Y 0.04 0.028 0.022 0.019 0.009 0.022 0.028 0.025 0.046 0.043 0.068 0.031 0.019 0.13 0.015 0.031 0.028 0.028 0.325 0.046
52 I 0.047 0.018 0.015 0.018 0.016 0.013 0.018 0.02 0.009 0.278 0.166 0.023 0.036 0.044 0.015 0.025 0.039 0.006 0.02 0.175
53 P 0.056 0.026 0.023 0.031 0.01 0.02 0.036 0.036 0.013 0.026 0.036 0.041 0.01 0.013 0.499 0.043 0.036 0.003 0.013 0.031
54 Y 0.038 0.026 0.037 0.021 0.01 0.019 0.026 0.027 0.036 0.049 0.081 0.028 0.02 0.211 0.014 0.031 0.028 0.023 0.229 0.048
55 P 0.049 0.023 0.021 0.026 0.01 0.017 0.03 0.032 0.014 0.038 0.062 0.034 0.015 0.14 0.336 0.037 0.032 0.007 0.038 0.039
56 T 0.072 0.035 0.043 0.037 0.018 0.027 0.039 0.043 0.014 0.053 0.064 0.045 0.02 0.023 0.027 0.092 0.254 0.006 0.018 0.07
57 D 0.041 0.03 0.068 0.403 0.007 0.03 0.09 0.046 0.019 0.022 0.028 0.044 0.009 0.015 0.022 0.052 0.035 0.004 0.011 0.024
58 D 0.041 0.03 0.068 0.403 0.007 0.03 0.09 0.046 0.019 0.022 0.028 0.044 0.009 0.015 0.022 0.052 0.035 0.004 0.011 0.024
59 G 0.078 0.023 0.039 0.033 0.011 0.019 0.025 0.515 0.013 0.019 0.028 0.033 0.009 0.016 0.019 0.051 0.029 0.005 0.011 0.024
60 A 0.297 0.031 0.025 0.029 0.021 0.025 0.04 0.078 0.015 0.043 0.059 0.044 0.017 0.021 0.029 0.084 0.049 0.005 0.017 0.068
61 Y 0.04 0.028 0.022 0.019 0.009 0.022 0.028 0.025 0.046 0.043 0.068 0.031 0.019 0.13 0.015 0.031 0.028 0.028 0.325 0.046
62 H 0.042 0.045 0.053 0.038 0.008 0.038 0.053 0.038 0.361 0.023 0.038 0.045 0.015 0.03 0.019 0.042 0.026 0.008 0.057 0.023
63 Y 0.039 0.026 0.021 0.018 0.009 0.019 0.026 0.025 0.04 0.048 0.078 0.028 0.02 0.188 0.014 0.03 0.027 0.025 0.272 0.048
64 K 0.056 0.095 0.042 0.043 0.009 0.109 0.081 0.042 0.023 0.027 0.044 0.22 0.017 0.015 0.026 0.054 0.04 0.005 0.018 0.033
65 A 0.297 0.031 0.025 0.029 0.021 0.025 0.04 0.078 0.015 0.043 0.059 0.044 0.017 0.021 0.029 0.084 0.049 0.005 0.017 0.068
66 A 0.297 0.031 0.025 0.029 0.021 0.025 0.04 0.078 0.015 0.043 0.059 0.044 0.017 0.021 0.029 0.084 0.049 0.005 0.017 0.068
67 Y 0.04 0.028 0.022 0.019 0.009 0.022 0.028 0.025 0.046 0.043 0.068 0.031 0.019 0.13 0.015 0.031 0.028 0.028 0.325 0.046
68 L 0.043 0.025 0.017 0.016 0.014 0.018 0.023 0.022 0.022 0.091 0.277 0.027 0.039 0.079 0.015 0.026 0.031 0.014 0.123 0.079
69 F 0.037 0.024 0.019 0.018 0.01 0.017 0.024 0.025 0.033 0.052 0.088 0.026 0.021 0.247 0.013 0.028 0.027 0.023 0.219 0.05
70 Q 0.073 0.062 0.047 0.047 0.012 0.159 0.085 0.049 0.026 0.027 0.045 0.078 0.019 0.017 0.025 0.113 0.054 0.006 0.019 0.037
71 F 0.065 0.03 0.03 0.028 0.015 0.024 0.033 0.04 0.017 0.064 0.116 0.036 0.07 0.154 0.019 0.096 0.049 0.01 0.043 0.062
72 Y 0.04 0.028 0.022 0.019 0.009 0.022 0.028 0.025 0.046 0.043 0.068 0.031 0.019 0.13 0.015 0.031 0.028 0.028 0.325 0.046
73 D 0.041 0.035 0.153 0.296 0.008 0.031 0.077 0.052 0.023 0.022 0.029 0.047 0.01 0.016 0.021 0.057 0.04 0.004 0.013 0.025
74 N 0.064 0.043 0.234 0.071 0.012 0.033 0.05 0.065 0.027 0.025 0.035 0.053 0.013 0.019 0.023 0.122 0.06 0.005 0.016 0.032
75 I 0.045 0.018 0.015 0.017 0.015 0.013 0.019 0.022 0.011 0.194 0.144 0.022 0.032 0.159 0.013 0.026 0.036 0.009 0.043 0.146
76 F 0.038 0.018 0.016 0.017 0.012 0.011 0.018 0.024 0.014 0.135 0.131 0.02 0.029 0.277 0.012 0.025 0.03 0.013 0.065 0.095
77 D 0.045 0.036 0.059 0.299 0.007 0.041 0.161 0.042 0.021 0.022 0.031 0.054 0.01 0.015 0.023 0.053 0.036 0.004 0.013 0.026
78 W 0.03 0.022 0.015 0.015 0.008 0.015 0.022 0.03 0.015 0.03 0.052 0.022 0.015 0.06 0.008 0.022 0.022 0.497 0.068 0.03
79 F 0.038 0.018 0.016 0.017 0.012 0.011 0.018 0.024 0.014 0.135 0.131 0.02 0.029 0.277 0.012 0.025 0.03 0.013 0.065 0.095
80 K 0.076 0.075 0.045 0.043 0.012 0.042 0.059 0.103 0.019 0.027 0.041 0.18 0.015 0.017 0.027 0.111 0.052 0.005 0.016 0.035
81 D 0.041 0.034 0.138 0.168 0.009 0.028 0.056 0.045 0.032 0.029 0.042 0.043 0.013 0.054 0.019 0.051 0.037 0.012 0.117 0.032
82 L 0.047 0.027 0.016 0.017 0.016 0.02 0.023 0.023 0.012 0.109 0.319 0.029 0.089 0.052 0.015 0.028 0.035 0.007 0.023 0.094
83 L 0.05 0.027 0.018 0.019 0.016 0.023 0.024 0.025 0.014 0.159 0.185 0.032 0.125 0.046 0.015 0.032 0.04 0.007 0.023 0.119
84 D 0.079 0.035 0.054 0.163 0.014 0.03 0.061 0.054 0.018 0.036 0.075 0.047 0.017 0.022 0.025 0.146 0.06 0.005 0.016 0.042
85 K 0.063 0.078 0.04 0.039 0.009 0.042 0.055 0.2 0.018 0.024 0.038 0.201 0.013 0.016 0.024 0.052 0.036 0.005 0.015 0.03
86 D 0.064 0.038 0.149 0.178 0.011 0.032 0.064 0.059 0.023 0.025 0.033 0.05 0.012 0.018 0.024 0.116 0.055 0.004 0.015 0.031
87 I 0.042 0.018 0.015 0.017 0.014 0.012 0.018 0.022 0.011 0.206 0.149 0.022 0.033 0.16 0.013 0.025 0.035 0.009 0.043 0.135
88 P 0.052 0.025 0.02 0.025 0.012 0.019 0.031 0.031 0.012 0.055 0.151 0.036 0.023 0.027 0.337 0.037 0.035 0.004 0.016 0.052
89 T 0.063 0.031 0.033 0.03 0.017 0.024 0.033 0.036 0.012 0.073 0.17 0.038 0.029 0.034 0.023 0.069 0.18 0.006 0.019 0.079
90 E 0.055 0.05 0.041 0.091 0.007 0.065 0.294 0.035 0.026 0.022 0.037 0.076 0.013 0.017 0.026 0.055 0.037 0.006 0.017 0.031
91 E 0.051 0.15 0.04 0.07 0.007 0.059 0.22 0.034 0.025 0.022 0.04 0.09 0.014 0.017 0.023 0.051 0.036 0.006 0.017 0.031
92 Y 0.04 0.028 0.022 0.019 0.009 0.022 0.028 0.025 0.046 0.043 0.068 0.031 0.019 0.13 0.015 0.031 0.028 0.028 0.325 0.046
93 G 0.065 0.025 0.049 0.157 0.01 0.022 0.047 0.359 0.015 0.02 0.028 0.037 0.009 0.016 0.02 0.051 0.031 0.005 0.011 0.024
94 Y 0.04 0.028 0.022 0.019 0.009 0.022 0.028 0.025 0.046 0.043 0.068 0.031 0.019 0.13 0.015 0.031 0.028 0.028 0.325 0.046
95 Y 0.045 0.043 0.029 0.028 0.009 0.089 0.052 0.03 0.041 0.038 0.061 0.051 0.019 0.091 0.018 0.039 0.032 0.02 0.223 0.042
96 N 0.042 0.044 0.324 0.082 0.009 0.033 0.049 0.065 0.031 0.022 0.031 0.053 0.011 0.018 0.02 0.069 0.049 0.004 0.016 0.027
97 Y 0.04 0.027 0.021 0.018 0.009 0.021 0.027 0.025 0.045 0.044 0.07 0.03 0.019 0.144 0.015 0.031 0.028 0.027 0.311 0.047
98 P 0.056 0.026 0.023 0.031 0.01 0.02 0.036 0.036 0.013 0.026 0.036 0.041 0.01 0.013 0.499 0.043 0.036 0.003 0.013 0.031
99 L 0.044 0.024 0.014 0.015 0.016 0.016 0.02 0.021 0.01 0.114 0.382 0.025 0.049 0.054 0.014 0.024 0.033 0.007 0.022 0.095
100 F 0.033 0.019 0.017 0.017 0.01 0.01 0.019 0.025 0.017 0.063 0.113 0.019 0.025 0.393 0.01 0.025 0.025 0.017 0.088 0.054
101 A 0.224 0.028 0.03 0.031 0.018 0.023 0.035 0.223 0.014 0.035 0.049 0.04 0.015 0.02 0.026 0.073 0.043 0.005 0.015 0.053
102 L 0.041 0.022 0.015 0.016 0.014 0.014 0.02 0.022 0.012 0.097 0.292 0.023 0.041 0.167 0.013 0.024 0.03 0.01 0.044 0.082
103 L 0.045 0.022 0.014 0.016 0.016 0.015 0.019 0.021 0.01 0.169 0.31 0.024 0.045 0.051 0.014 0.024 0.035 0.007 0.022 0.122
104 L 0.044 0.024 0.014 0.015 0.016 0.016 0.02 0.021 0.01 0.114 0.382 0.025 0.049 0.054 0.014 0.024 0.033 0.007 0.022 0.095
105 Y 0.04 0.028 0.022 0.019 0.009 0.022 0.028 0.025 0.046 0.043 0.068 0.031 0.019 0.13 0.015 0.031 0.028 0.028 0.325 0.046
106 I 0.047 0.018 0.015 0.018 0.016 0.013 0.018 0.02 0.009 0.278 0.166 0.023 0.036 0.044 0.015 0.025 0.039 0.006 0.02 0.175
107 F 0.036 0.022 0.018 0.017 0.01 0.014 0.022 0.025 0.027 0.056 0.098 0.023 0.023 0.305 0.012 0.027 0.026 0.02 0.167 0.052
108 S 0.109 0.04 0.054 0.048 0.017 0.033 0.052 0.066 0.019 0.029 0.041 0.054 0.016 0.021 0.029 0.228 0.081 0.005 0.017 0.041
109 G 0.059 0.058 0.134 0.052 0.009 0.035 0.048 0.207 0.022 0.023 0.034 0.124 0.012 0.016 0.022 0.058 0.039 0.005 0.014 0.028
110 T 0.072 0.035 0.043 0.037 0.018 0.027 0.039 0.043 0.014 0.053 0.064 0.045 0.02 0.023 0.027 0.092 0.254 0.006 0.018 0.07
111 G 0.078 0.023 0.039 0.033 0.011 0.019 0.025 0.515 0.013 0.019 0.028 0.033 0.009 0.016 0.019 0.051 0.029 0.005 0.011 0.024
112 T 0.065 0.034 0.035 0.031 0.017 0.027 0.035 0.038 0.014 0.068 0.108 0.042 0.069 0.032 0.024 0.073 0.183 0.007 0.02 0.077
113 Y 0.04 0.028 0.022 0.019 0.009 0.022 0.028 0.025 0.046 0.043 0.068 0.031 0.019 0.13 0.015 0.031 0.028 0.028 0.325 0.046
114 S 0.109 0.04 0.054 0.048 0.017 0.033 0.052 0.066 0.019 0.029 0.041 0.054 0.016 0.021 0.029 0.228 0.081 0.005 0.017 0.041
115 L 0.044 0.024 0.014 0.015 0.016 0.016 0.02 0.021 0.01 0.114 0.382 0.025 0.049 0.054 0.014 0.024 0.033 0.007 0.022 0.095
116 I 0.057 0.019 0.015 0.018 0.017 0.015 0.02 0.022 0.008 0.227 0.15 0.024 0.034 0.04 0.015 0.028 0.044 0.006 0.02 0.22
117 S 0.109 0.04 0.054 0.048 0.017 0.033 0.052 0.066 0.019 0.029 0.041 0.054 0.016 0.021 0.029 0.228 0.081 0.005 0.017 0.041
118 F 0.033 0.019 0.017 0.017 0.01 0.01 0.019 0.025 0.017 0.063 0.113 0.019 0.025 0.393 0.01 0.025 0.025 0.017 0.088 0.054
119 T 0.071 0.031 0.034 0.031 0.018 0.024 0.034 0.037 0.012 0.09 0.086 0.039 0.023 0.027 0.024 0.072 0.186 0.006 0.019 0.139
120 V 0.069 0.022 0.016 0.018 0.019 0.016 0.023 0.024 0.008 0.163 0.129 0.026 0.031 0.035 0.016 0.033 0.049 0.005 0.02 0.276
121 C 0.058 0.017 0.016 0.017 0.331 0.012 0.017 0.028 0.008 0.122 0.098 0.021 0.023 0.028 0.016 0.035 0.037 0.005 0.015 0.096
122 L 0.051 0.023 0.017 0.018 0.015 0.017 0.022 0.025 0.013 0.11 0.166 0.026 0.062 0.159 0.014 0.03 0.037 0.01 0.044 0.141
123 L 0.054 0.026 0.024 0.023 0.017 0.019 0.026 0.028 0.011 0.148 0.204 0.031 0.035 0.04 0.019 0.047 0.109 0.006 0.02 0.113
124 V 0.069 0.022 0.016 0.018 0.019 0.016 0.023 0.024 0.008 0.163 0.129 0.026 0.031 0.035 0.016 0.033 0.049 0.005 0.02 0.276
125 Y 0.04 0.028 0.022 0.019 0.009 0.022 0.028 0.025 0.046 0.043 0.068 0.031 0.019 0.13 0.015 0.031 0.028 0.028 0.325 0.046
126 F 0.036 0.022 0.018 0.017 0.01 0.014 0.022 0.025 0.027 0.056 0.098 0.023 0.023 0.305 0.012 0.027 0.026 0.02 0.167 0.052
127 L 0.044 0.024 0.014 0.015 0.016 0.016 0.02 0.021 0.01 0.114 0.382 0.025 0.049 0.054 0.014 0.024 0.033 0.007 0.022 0.095
128 Y 0.044 0.029 0.021 0.019 0.011 0.024 0.028 0.026 0.036 0.062 0.11 0.033 0.069 0.102 0.016 0.033 0.032 0.021 0.224 0.061
129 L 0.075 0.033 0.037 0.034 0.017 0.025 0.037 0.043 0.014 0.065 0.163 0.041 0.028 0.033 0.024 0.114 0.123 0.006 0.019 0.069
130 K 0.068 0.058 0.039 0.036 0.012 0.036 0.05 0.044 0.029 0.033 0.051 0.123 0.016 0.055 0.024 0.104 0.049 0.013 0.12 0.04
131 I 0.055 0.023 0.024 0.024 0.017 0.018 0.025 0.028 0.01 0.203 0.132 0.031 0.031 0.037 0.019 0.047 0.111 0.006 0.019 0.14
132 I 0.054 0.019 0.015 0.018 0.017 0.014 0.019 0.022 0.009 0.24 0.154 0.024 0.035 0.041 0.015 0.027 0.043 0.006 0.02 0.209
133 L 0.051 0.024 0.017 0.017 0.015 0.018 0.024 0.023 0.021 0.107 0.193 0.027 0.033 0.073 0.015 0.029 0.037 0.013 0.122 0.139
134 D 0.042 0.033 0.094 0.333 0.008 0.034 0.11 0.047 0.021 0.022 0.029 0.049 0.01 0.015 0.022 0.054 0.037 0.004 0.012 0.025
135 I 0.055 0.019 0.015 0.018 0.017 0.014 0.02 0.022 0.008 0.233 0.152 0.024 0.034 0.04 0.015 0.028 0.043 0.006 0.02 0.214
136 F 0.039 0.022 0.02 0.019 0.011 0.014 0.023 0.027 0.023 0.057 0.099 0.023 0.023 0.314 0.013 0.038 0.029 0.019 0.137 0.052
137 L 0.05 0.088 0.033 0.034 0.011 0.134 0.069 0.033 0.022 0.055 0.158 0.072 0.029 0.028 0.02 0.044 0.038 0.006 0.021 0.055
138 K 0.056 0.117 0.041 0.043 0.008 0.053 0.082 0.042 0.021 0.027 0.043 0.264 0.015 0.016 0.027 0.053 0.039 0.005 0.017 0.032
139 N 0.064 0.037 0.133 0.05 0.012 0.029 0.043 0.052 0.032 0.032 0.047 0.046 0.015 0.056 0.022 0.109 0.053 0.012 0.119 0.038
140 N 0.048 0.068 0.214 0.066 0.009 0.041 0.057 0.056 0.027 0.024 0.036 0.144 0.013 0.017 0.023 0.063 0.045 0.005 0.016 0.029
141 I 0.042 0.018 0.015 0.017 0.014 0.012 0.018 0.022 0.011 0.206 0.149 0.022 0.033 0.16 0.013 0.025 0.035 0.009 0.043 0.135
142 P 0.091 0.035 0.043 0.043 0.015 0.029 0.047 0.056 0.017 0.028 0.04 0.049 0.014 0.018 0.186 0.166 0.066 0.004 0.016 0.038
143 K 0.056 0.106 0.041 0.041 0.009 0.053 0.07 0.043 0.02 0.027 0.043 0.285 0.015 0.015 0.027 0.053 0.039 0.005 0.017 0.032
144 L 0.037 0.022 0.015 0.016 0.012 0.014 0.02 0.025 0.013 0.081 0.185 0.022 0.03 0.15 0.011 0.024 0.028 0.173 0.055 0.067
145 L 0.044 0.024 0.014 0.015 0.016 0.016 0.02 0.021 0.01 0.114 0.382 0.025 0.049 0.054 0.014 0.024 0.033 0.007 0.022 0.095
146 F 0.033 0.019 0.017 0.017 0.01 0.01 0.019 0.025 0.017 0.063 0.113 0.019 0.025 0.393 0.01 0.025 0.025 0.017 0.088 0.054
147 L 0.045 0.022 0.014 0.016 0.016 0.015 0.019 0.021 0.01 0.169 0.31 0.024 0.045 0.051 0.014 0.024 0.035 0.007 0.022 0.122
148 L 0.052 0.023 0.015 0.016 0.017 0.016 0.021 0.022 0.009 0.13 0.297 0.025 0.043 0.048 0.015 0.027 0.038 0.007 0.022 0.156
149 G 0.14 0.032 0.042 0.039 0.016 0.026 0.04 0.218 0.016 0.029 0.041 0.045 0.014 0.019 0.026 0.137 0.057 0.005 0.015 0.042
150 F 0.037 0.021 0.016 0.016 0.012 0.012 0.019 0.024 0.014 0.08 0.203 0.021 0.033 0.28 0.012 0.025 0.028 0.013 0.066 0.068
151 L 0.045 0.022 0.014 0.016 0.016 0.015 0.019 0.021 0.01 0.169 0.31 0.024 0.045 0.051 0.014 0.024 0.035 0.007 0.022 0.122
152 A 0.139 0.028 0.028 0.028 0.018 0.022 0.032 0.047 0.012 0.125 0.097 0.037 0.024 0.03 0.024 0.067 0.114 0.006 0.018 0.104
153 V 0.056 0.024 0.017 0.018 0.017 0.019 0.023 0.024 0.011 0.18 0.163 0.028 0.079 0.042 0.016 0.031 0.043 0.006 0.022 0.181
154 L 0.046 0.021 0.016 0.016 0.015 0.014 0.02 0.023 0.012 0.126 0.212 0.023 0.036 0.162 0.013 0.026 0.035 0.01 0.043 0.131
155 V 0.121 0.028 0.027 0.027 0.019 0.022 0.032 0.042 0.011 0.1 0.092 0.036 0.024 0.028 0.023 0.064 0.117 0.006 0.019 0.161
156 F 0.063 0.026 0.028 0.027 0.015 0.019 0.03 0.037 0.015 0.114 0.119 0.032 0.026 0.153 0.018 0.092 0.048 0.009 0.042 0.086
157 V 0.062 0.02 0.016 0.018 0.018 0.015 0.021 0.023 0.008 0.201 0.141 0.025 0.033 0.038 0.016 0.03 0.046 0.006 0.02 0.242
158 N 0.042 0.044 0.324 0.082 0.009 0.033 0.049 0.065 0.031 0.022 0.031 0.053 0.011 0.018 0.02 0.069 0.049 0.004 0.016 0.027
159 V 0.052 0.022 0.017 0.018 0.015 0.017 0.023 0.023 0.021 0.161 0.121 0.027 0.029 0.07 0.015 0.029 0.039 0.013 0.122 0.166
160 R 0.044 0.351 0.038 0.031 0.008 0.048 0.052 0.033 0.023 0.023 0.046 0.119 0.015 0.017 0.019 0.044 0.035 0.006 0.017 0.031
161 Y 0.125 0.028 0.022 0.022 0.013 0.022 0.031 0.042 0.032 0.045 0.07 0.034 0.019 0.123 0.02 0.048 0.035 0.019 0.196 0.054
162 T 0.084 0.037 0.047 0.041 0.018 0.029 0.043 0.051 0.015 0.045 0.057 0.048 0.018 0.023 0.028 0.137 0.196 0.006 0.018 0.061
163 T 0.147 0.034 0.037 0.035 0.019 0.027 0.039 0.054 0.014 0.049 0.063 0.045 0.019 0.023 0.028 0.089 0.186 0.006 0.018 0.07
164 S 0.109 0.04 0.054 0.048 0.017 0.033 0.052 0.066 0.019 0.029 0.041 0.054 0.016 0.021 0.029 0.228 0.081 0.005 0.017 0.041
165 G 0.078 0.023 0.039 0.033 0.011 0.019 0.025 0.515 0.013 0.019 0.028 0.033 0.009 0.016 0.019 0.051 0.029 0.005 0.011 0.024
166 L 0.052 0.032 0.02 0.02 0.016 0.028 0.028 0.028 0.016 0.099 0.195 0.036 0.169 0.048 0.016 0.036 0.04 0.008 0.024 0.091
167 R 0.044 0.351 0.038 0.031 0.008 0.048 0.052 0.033 0.023 0.023 0.046 0.119 0.015 0.017 0.019 0.044 0.035 0.006 0.017 0.031
168 Y 0.04 0.028 0.022 0.019 0.009 0.022 0.028 0.025 0.046 0.043 0.068 0.031 0.019 0.13 0.015 0.031 0.028 0.028 0.325 0.046
169 A 0.145 0.035 0.033 0.031 0.017 0.029 0.04 0.054 0.055 0.056 0.098 0.044 0.067 0.031 0.024 0.095 0.051 0.006 0.024 0.065
170 L 0.044 0.024 0.014 0.015 0.016 0.016 0.02 0.021 0.01 0.114 0.382 0.025 0.049 0.054 0.014 0.024 0.033 0.007 0.022 0.095
171 A 0.221 0.028 0.022 0.025 0.021 0.022 0.034 0.06 0.012 0.083 0.082 0.038 0.022 0.026 0.025 0.067 0.049 0.005 0.018 0.137
172 V 0.064 0.025 0.02 0.02 0.017 0.02 0.025 0.08 0.011 0.126 0.14 0.03 0.075 0.037 0.016 0.036 0.044 0.006 0.02 0.187
173 S 0.13 0.039 0.05 0.046 0.018 0.032 0.051 0.067 0.019 0.031 0.043 0.053 0.016 0.021 0.029 0.212 0.078 0.005 0.017 0.044
174 I 0.046 0.018 0.015 0.017 0.016 0.013 0.018 0.02 0.009 0.269 0.178 0.023 0.037 0.044 0.015 0.025 0.039 0.006 0.02 0.171
175 L 0.054 0.027 0.024 0.023 0.017 0.019 0.026 0.028 0.011 0.112 0.252 0.031 0.038 0.043 0.019 0.047 0.107 0.007 0.02 0.096
176 V 0.069 0.022 0.016 0.018 0.019 0.016 0.023 0.024 0.008 0.163 0.129 0.026 0.031 0.035 0.016 0.033 0.049 0.005 0.02 0.276
177 Y 0.062 0.03 0.031 0.028 0.012 0.023 0.034 0.038 0.031 0.043 0.069 0.036 0.019 0.152 0.019 0.095 0.045 0.018 0.17 0.046
178 L 0.044 0.024 0.014 0.015 0.016 0.016 0.02 0.021 0.01 0.114 0.382 0.025 0.049 0.054 0.014 0.024 0.033 0.007 0.022 0.095
179 F 0.033 0.019 0.017 0.017 0.01 0.01 0.019 0.025 0.017 0.063 0.113 0.019 0.025 0.393 0.01 0.025 0.025 0.017 0.088 0.054
180 Y 0.04 0.028 0.022 0.019 0.009 0.022 0.028 0.025 0.046 0.043 0.068 0.031 0.019 0.13 0.015 0.031 0.028 0.028 0.325 0.046
181 K 0.056 0.106 0.041 0.041 0.009 0.053 0.07 0.043 0.02 0.027 0.043 0.285 0.015 0.015 0.027 0.053 0.039 0.005 0.017 0.032
182 E 0.05 0.043 0.05 0.194 0.007 0.052 0.232 0.038 0.023 0.022 0.034 0.065 0.012 0.016 0.024 0.054 0.036 0.005 0.015 0.029
183 I 0.045 0.027 0.118 0.039 0.014 0.02 0.028 0.035 0.016 0.193 0.121 0.033 0.028 0.035 0.016 0.04 0.043 0.005 0.019 0.126
184 N 0.044 0.152 0.169 0.096 0.008 0.04 0.057 0.049 0.026 0.023 0.037 0.1 0.013 0.017 0.021 0.057 0.042 0.005 0.016 0.028
185 G 0.055 0.14 0.134 0.049 0.009 0.033 0.042 0.204 0.023 0.021 0.035 0.069 0.012 0.017 0.019 0.055 0.038 0.005 0.014 0.027
186 G 0.078 0.023 0.039 0.033 0.011 0.019 0.025 0.515 0.013 0.019 0.028 0.033 0.009 0.016 0.019 0.051 0.029 0.005 0.011 0.024
187 F 0.033 0.019 0.017 0.017 0.01 0.01 0.019 0.025 0.017 0.063 0.113 0.019 0.025 0.393 0.01 0.025 0.025 0.017 0.088 0.054
188 K 0.074 0.081 0.045 0.046 0.011 0.047 0.077 0.05 0.02 0.028 0.042 0.196 0.015 0.017 0.028 0.111 0.053 0.005 0.017 0.035
189 L 0.047 0.028 0.118 0.039 0.014 0.021 0.029 0.036 0.016 0.153 0.153 0.034 0.03 0.036 0.016 0.04 0.043 0.006 0.019 0.124
190 N 0.042 0.04 0.239 0.189 0.008 0.032 0.063 0.058 0.027 0.022 0.03 0.05 0.01 0.017 0.021 0.063 0.044 0.004 0.014 0.026
191 K 0.053 0.077 0.032 0.033 0.011 0.04 0.053 0.035 0.017 0.111 0.084 0.198 0.022 0.025 0.023 0.044 0.039 0.005 0.018 0.08
192 F 0.076 0.032 0.039 0.035 0.015 0.024 0.038 0.047 0.017 0.046 0.07 0.04 0.02 0.145 0.023 0.13 0.101 0.009 0.041 0.052
193 L 0.045 0.023 0.014 0.016 0.016 0.015 0.019 0.021 0.01 0.151 0.334 0.025 0.046 0.052 0.014 0.024 0.034 0.007 0.022 0.113
194 F 0.038 0.022 0.016 0.016 0.012 0.014 0.02 0.024 0.018 0.078 0.198 0.022 0.032 0.251 0.012 0.025 0.028 0.015 0.092 0.067
195 Y 0.04 0.025 0.018 0.017 0.012 0.018 0.024 0.024 0.029 0.07 0.18 0.027 0.03 0.148 0.014 0.028 0.029 0.019 0.184 0.064
196 Y 0.04 0.028 0.022 0.019 0.009 0.022 0.028 0.025 0.046 0.043 0.068 0.031 0.019 0.13 0.015 0.031 0.028 0.028 0.325 0.046
197 L 0.044 0.024 0.014 0.015 0.016 0.016 0.02 0.021 0.01 0.114 0.382 0.025 0.049 0.054 0.014 0.024 0.033 0.007 0.022 0.095
198 I 0.049 0.019 0.015 0.018 0.016 0.014 0.019 0.021 0.009 0.255 0.164 0.024 0.043 0.043 0.015 0.026 0.04 0.006 0.021 0.182
199 P 0.056 0.026 0.023 0.031 0.01 0.02 0.036 0.036 0.013 0.026 0.036 0.041 0.01 0.013 0.499 0.043 0.036 0.003 0.013 0.031
200 L 0.05 0.02 0.015 0.017 0.017 0.015 0.019 0.021 0.009 0.204 0.232 0.024 0.04 0.046 0.015 0.026 0.039 0.006 0.021 0.165
201 L 0.043 0.024 0.014 0.015 0.016 0.016 0.02 0.021 0.01 0.111 0.367 0.025 0.048 0.073 0.014 0.024 0.033 0.008 0.026 0.093
202 I 0.047 0.018 0.015 0.018 0.016 0.013 0.018 0.02 0.009 0.278 0.166 0.023 0.036 0.044 0.015 0.025 0.039 0.006 0.02 0.175
203 H 0.042 0.045 0.053 0.038 0.008 0.038 0.053 0.038 0.361 0.023 0.038 0.045 0.015 0.03 0.019 0.042 0.026 0.008 0.057 0.023
204 P 0.154 0.032 0.034 0.036 0.016 0.026 0.043 0.06 0.015 0.033 0.045 0.046 0.014 0.018 0.186 0.118 0.055 0.004 0.016 0.047
205 A 0.18 0.035 0.042 0.04 0.019 0.029 0.046 0.095 0.017 0.034 0.047 0.049 0.016 0.021 0.029 0.162 0.066 0.005 0.017 0.051
206 S 0.134 0.037 0.047 0.043 0.018 0.031 0.048 0.064 0.017 0.036 0.048 0.051 0.017 0.021 0.029 0.181 0.105 0.005 0.017 0.051
207 L 0.051 0.023 0.015 0.016 0.017 0.016 0.021 0.022 0.009 0.128 0.311 0.025 0.044 0.049 0.015 0.026 0.037 0.007 0.022 0.145
208 L 0.046 0.02 0.014 0.017 0.016 0.014 0.018 0.021 0.009 0.224 0.238 0.024 0.041 0.047 0.014 0.025 0.037 0.006 0.021 0.148
209 F 0.036 0.022 0.018 0.017 0.01 0.014 0.022 0.025 0.027 0.056 0.098 0.023 0.023 0.305 0.012 0.027 0.026 0.02 0.167 0.052
210 V 0.062 0.02 0.016 0.018 0.018 0.015 0.021 0.023 0.008 0.201 0.141 0.025 0.033 0.038 0.016 0.03 0.046 0.006 0.02 0.242
211 L 0.086 0.025 0.016 0.017 0.017 0.018 0.023 0.03 0.011 0.102 0.328 0.028 0.044 0.049 0.017 0.034 0.036 0.007 0.021 0.091
212 L 0.049 0.024 0.018 0.019 0.016 0.017 0.022 0.024 0.011 0.17 0.242 0.028 0.054 0.046 0.016 0.033 0.061 0.007 0.021 0.123
213 R 0.044 0.351 0.038 0.031 0.008 0.048 0.052 0.033 0.023 0.023 0.046 0.119 0.015 0.017 0.019 0.044 0.035 0.006 0.017 0.031
214 L 0.053 0.021 0.015 0.017 0.017 0.015 0.02 0.022 0.009 0.182 0.211 0.024 0.038 0.063 0.015 0.027 0.04 0.007 0.025 0.18
215 L 0.067 0.029 0.028 0.027 0.016 0.023 0.032 0.037 0.014 0.111 0.201 0.036 0.056 0.04 0.02 0.094 0.051 0.006 0.021 0.09
216 F 0.036 0.022 0.018 0.017 0.01 0.014 0.022 0.025 0.027 0.056 0.098 0.023 0.023 0.305 0.012 0.027 0.026 0.02 0.167 0.052
217 P 0.053 0.023 0.02 0.026 0.012 0.018 0.03 0.031 0.011 0.11 0.079 0.035 0.019 0.023 0.337 0.037 0.037 0.004 0.015 0.079
218 L 0.036 0.022 0.015 0.016 0.011 0.014 0.02 0.025 0.014 0.069 0.182 0.022 0.03 0.169 0.011 0.024 0.027 0.174 0.059 0.06
219 L 0.043 0.023 0.014 0.015 0.015 0.015 0.02 0.022 0.011 0.109 0.352 0.024 0.046 0.092 0.014 0.024 0.032 0.008 0.029 0.091
220 K 0.056 0.106 0.041 0.041 0.009 0.053 0.07 0.043 0.02 0.027 0.043 0.285 0.015 0.015 0.027 0.053 0.039 0.005 0.017 0.032
221 D 0.046 0.06 0.144 0.176 0.008 0.039 0.07 0.051 0.023 0.024 0.034 0.128 0.012 0.016 0.023 0.058 0.041 0.004 0.015 0.028
222 D 0.087 0.026 0.035 0.149 0.014 0.023 0.047 0.04 0.014 0.124 0.107 0.036 0.046 0.031 0.02 0.045 0.04 0.005 0.017 0.093
223 R 0.063 0.153 0.058 0.039 0.012 0.039 0.05 0.043 0.02 0.034 0.05 0.111 0.017 0.019 0.024 0.083 0.114 0.006 0.017 0.045
224 I 0.052 0.019 0.016 0.017 0.016 0.014 0.02 0.023 0.01 0.204 0.145 0.023 0.033 0.099 0.014 0.027 0.04 0.008 0.032 0.189
225 Y 0.049 0.024 0.019 0.018 0.013 0.018 0.025 0.025 0.029 0.086 0.096 0.027 0.024 0.142 0.015 0.03 0.034 0.018 0.184 0.124
226 K 0.052 0.086 0.135 0.055 0.009 0.046 0.063 0.05 0.024 0.026 0.039 0.208 0.014 0.016 0.025 0.058 0.043 0.005 0.017 0.031
227 K 0.074 0.084 0.045 0.044 0.011 0.046 0.064 0.05 0.02 0.028 0.042 0.208 0.015 0.017 0.028 0.111 0.053 0.005 0.017 0.035
228 L 0.042 0.019 0.015 0.017 0.014 0.013 0.018 0.022 0.012 0.179 0.184 0.022 0.035 0.162 0.013 0.025 0.034 0.01 0.043 0.122
229 L 0.059 0.025 0.026 0.024 0.014 0.019 0.024 0.188 0.012 0.093 0.194 0.03 0.038 0.037 0.017 0.041 0.057 0.006 0.018 0.077
230 L 0.058 0.022 0.015 0.017 0.018 0.016 0.021 0.023 0.009 0.16 0.217 0.025 0.038 0.043 0.015 0.029 0.043 0.006 0.021 0.205
231 L 0.047 0.027 0.016 0.017 0.016 0.02 0.023 0.023 0.012 0.109 0.319 0.029 0.089 0.052 0.015 0.028 0.035 0.007 0.023 0.094
232 F 0.038 0.019 0.016 0.017 0.013 0.012 0.018 0.023 0.014 0.137 0.146 0.021 0.03 0.258 0.012 0.025 0.03 0.013 0.062 0.097
233 T 0.084 0.037 0.047 0.041 0.018 0.029 0.043 0.051 0.015 0.045 0.057 0.048 0.018 0.023 0.028 0.137 0.196 0.006 0.018 0.061
234 L 0.045 0.023 0.018 0.021 0.012 0.016 0.025 0.027 0.013 0.068 0.177 0.028 0.028 0.153 0.174 0.031 0.031 0.009 0.041 0.06
235 P 0.053 0.023 0.02 0.026 0.012 0.018 0.03 0.031 0.011 0.11 0.079 0.035 0.019 0.023 0.337 0.037 0.037 0.004 0.015 0.079
236 I 0.054 0.02 0.016 0.018 0.017 0.015 0.021 0.023 0.009 0.208 0.171 0.025 0.035 0.04 0.042 0.028 0.042 0.006 0.02 0.192
237 L 0.051 0.022 0.015 0.016 0.016 0.015 0.021 0.023 0.01 0.122 0.253 0.024 0.039 0.104 0.014 0.027 0.037 0.008 0.032 0.149
238 I 0.084 0.028 0.031 0.031 0.017 0.022 0.033 0.041 0.013 0.157 0.107 0.037 0.027 0.033 0.022 0.103 0.078 0.006 0.019 0.113
239 N 0.043 0.045 0.314 0.083 0.009 0.034 0.05 0.065 0.032 0.023 0.032 0.054 0.011 0.018 0.02 0.07 0.05 0.005 0.016 0.027
240 V 0.055 0.029 0.02 0.022 0.016 0.05 0.034 0.025 0.012 0.17 0.17 0.036 0.034 0.038 0.017 0.032 0.042 0.006 0.021 0.172
241 L 0.052 0.023 0.015 0.016 0.017 0.016 0.021 0.022 0.009 0.13 0.297 0.025 0.043 0.048 0.015 0.027 0.038 0.007 0.022 0.156
242 P 0.07 0.03 0.03 0.031 0.015 0.023 0.036 0.041 0.014 0.056 0.153 0.04 0.025 0.029 0.181 0.098 0.05 0.005 0.017 0.056
243 P 0.051 0.027 0.038 0.155 0.009 0.024 0.054 0.039 0.015 0.024 0.033 0.042 0.01 0.013 0.34 0.046 0.036 0.003 0.012 0.028
244 V 0.078 0.023 0.016 0.018 0.019 0.017 0.024 0.027 0.009 0.148 0.167 0.027 0.033 0.038 0.017 0.034 0.046 0.006 0.021 0.234
245 L 0.041 0.022 0.015 0.016 0.014 0.014 0.02 0.022 0.012 0.097 0.292 0.023 0.041 0.167 0.013 0.024 0.03 0.01 0.044 0.082
246 E 0.051 0.055 0.136 0.073 0.008 0.107 0.151 0.047 0.029 0.023 0.038 0.073 0.015 0.016 0.023 0.06 0.042 0.005 0.017 0.031
247 K 0.055 0.098 0.041 0.037 0.01 0.043 0.056 0.039 0.075 0.038 0.074 0.169 0.019 0.023 0.024 0.054 0.072 0.006 0.024 0.042
248 L 0.053 0.02 0.015 0.017 0.017 0.015 0.02 0.022 0.009 0.191 0.199 0.024 0.037 0.063 0.015 0.027 0.04 0.007 0.025 0.184
249 N 0.054 0.037 0.229 0.066 0.01 0.028 0.041 0.215 0.025 0.021 0.03 0.047 0.01 0.017 0.02 0.063 0.042 0.005 0.014 0.026
250 N 0.068 0.035 0.131 0.049 0.014 0.027 0.04 0.051 0.02 0.088 0.087 0.044 0.021 0.027 0.021 0.108 0.057 0.005 0.018 0.088
251 G 0.061 0.059 0.087 0.053 0.009 0.04 0.091 0.202 0.021 0.023 0.035 0.128 0.012 0.016 0.023 0.055 0.037 0.005 0.015 0.028
252 Y 0.04 0.028 0.022 0.019 0.009 0.022 0.028 0.025 0.046 0.043 0.068 0.031 0.019 0.13 0.015 0.031 0.028 0.028 0.325 0.046
253 G 0.052 0.022 0.023 0.022 0.012 0.015 0.021 0.187 0.013 0.065 0.174 0.026 0.028 0.154 0.014 0.033 0.029 0.01 0.04 0.058
254 S 0.091 0.062 0.049 0.046 0.014 0.04 0.058 0.058 0.02 0.029 0.042 0.131 0.015 0.019 0.029 0.169 0.067 0.005 0.017 0.038
255 F 0.04 0.023 0.018 0.018 0.012 0.016 0.022 0.026 0.016 0.075 0.14 0.024 0.073 0.278 0.012 0.029 0.03 0.014 0.067 0.067
256 L 0.045 0.022 0.014 0.016 0.016 0.015 0.019 0.021 0.01 0.169 0.31 0.024 0.045 0.051 0.014 0.024 0.035 0.007 0.022 0.122
257 L 0.053 0.021 0.015 0.017 0.017 0.015 0.02 0.022 0.009 0.185 0.226 0.025 0.039 0.044 0.015 0.027 0.04 0.006 0.021 0.182
258 E 0.051 0.048 0.135 0.087 0.008 0.054 0.219 0.045 0.027 0.022 0.035 0.068 0.012 0.017 0.024 0.059 0.041 0.005 0.016 0.03
259 K 0.056 0.106 0.041 0.041 0.009 0.053 0.07 0.043 0.02 0.027 0.043 0.285 0.015 0.015 0.027 0.053 0.039 0.005 0.017 0.032
260 F 0.037 0.021 0.016 0.016 0.012 0.012 0.019 0.024 0.014 0.08 0.203 0.021 0.033 0.28 0.012 0.025 0.028 0.013 0.066 0.068
261 D 0.041 0.031 0.097 0.368 0.008 0.03 0.086 0.048 0.02 0.022 0.028 0.045 0.009 0.015 0.022 0.054 0.037 0.004 0.012 0.024
262 I 0.102 0.028 0.031 0.031 0.018 0.023 0.034 0.045 0.013 0.136 0.1 0.038 0.025 0.031 0.022 0.112 0.058 0.005 0.019 0.128
263 Y 0.04 0.028 0.022 0.019 0.009 0.022 0.028 0.025 0.046 0.043 0.068 0.031 0.019 0.13 0.015 0.031 0.028 0.028 0.325 0.046
264 Q 0.055 0.073 0.044 0.047 0.009 0.222 0.102 0.041 0.029 0.026 0.047 0.09 0.02 0.015 0.023 0.055 0.041 0.006 0.02 0.035
265 I 0.068 0.044 0.083 0.043 0.014 0.03 0.043 0.047 0.018 0.111 0.082 0.082 0.022 0.027 0.023 0.104 0.055 0.005 0.018 0.082
266 T 0.062 0.038 0.137 0.052 0.015 0.029 0.042 0.05 0.02 0.043 0.053 0.048 0.017 0.022 0.025 0.084 0.186 0.005 0.017 0.056
267 E 0.078 0.04 0.048 0.184 0.009 0.046 0.189 0.044 0.021 0.026 0.038 0.06 0.012 0.017 0.025 0.059 0.049 0.005 0.015 0.035
268 N 0.052 0.04 0.131 0.066 0.011 0.039 0.127 0.044 0.023 0.07 0.061 0.054 0.017 0.023 0.022 0.061 0.077 0.005 0.017 0.06
269 Y 0.038 0.025 0.02 0.018 0.01 0.018 0.025 0.025 0.036 0.05 0.083 0.027 0.021 0.217 0.014 0.029 0.027 0.024 0.246 0.049
270 I 0.13 0.022 0.018 0.021 0.018 0.017 0.025 0.039 0.011 0.2 0.13 0.03 0.03 0.036 0.02 0.045 0.043 0.006 0.019 0.139
271 E 0.067 0.048 0.034 0.05 0.013 0.041 0.128 0.037 0.018 0.072 0.07 0.09 0.02 0.023 0.023 0.068 0.058 0.005 0.018 0.116
272 L 0.043 0.025 0.017 0.016 0.014 0.018 0.023 0.022 0.022 0.091 0.277 0.027 0.039 0.079 0.015 0.026 0.031 0.014 0.123 0.079
273 F 0.034 0.02 0.017 0.017 0.01 0.012 0.02 0.025 0.02 0.061 0.108 0.02 0.024 0.364 0.011 0.026 0.025 0.018 0.114 0.054
274 K 0.058 0.116 0.047 0.039 0.01 0.044 0.058 0.043 0.134 0.025 0.041 0.139 0.015 0.022 0.024 0.077 0.041 0.006 0.03 0.03
275 W 0.049 0.027 0.024 0.022 0.014 0.019 0.027 0.031 0.013 0.066 0.166 0.031 0.028 0.046 0.016 0.046 0.103 0.17 0.036 0.065
276 S 0.109 0.04 0.054 0.048 0.017 0.033 0.052 0.066 0.019 0.029 0.041 0.054 0.016 0.021 0.029 0.228 0.081 0.005 0.017 0.041
277 D 0.041 0.035 0.063 0.282 0.007 0.032 0.078 0.043 0.133 0.022 0.031 0.045 0.011 0.02 0.021 0.048 0.032 0.005 0.026 0.024
278 L 0.042 0.025 0.017 0.016 0.013 0.018 0.023 0.023 0.022 0.088 0.262 0.027 0.038 0.098 0.014 0.026 0.031 0.014 0.127 0.077
279 L 0.052 0.023 0.016 0.017 0.016 0.017 0.022 0.023 0.015 0.146 0.209 0.026 0.036 0.059 0.015 0.028 0.039 0.01 0.072 0.161
280 A 0.127 0.034 0.124 0.043 0.013 0.027 0.039 0.056 0.031 0.036 0.053 0.043 0.016 0.056 0.022 0.061 0.042 0.013 0.119 0.047
281 V 0.063 0.025 0.018 0.018 0.018 0.02 0.025 0.026 0.011 0.142 0.151 0.029 0.077 0.039 0.016 0.034 0.046 0.006 0.022 0.215
282 Y 0.04 0.028 0.022 0.019 0.009 0.022 0.028 0.025 0.046 0.043 0.068 0.031 0.019 0.13 0.015 0.031 0.028 0.028 0.325 0.046
283 L 0.055 0.025 0.017 0.018 0.017 0.02 0.023 0.024 0.011 0.153 0.199 0.029 0.081 0.044 0.016 0.031 0.042 0.007 0.022 0.168
284 G 0.076 0.027 0.04 0.035 0.013 0.022 0.03 0.358 0.013 0.03 0.04 0.037 0.013 0.019 0.022 0.064 0.104 0.006 0.013 0.039
285 L 0.137 0.025 0.019 0.021 0.019 0.019 0.028 0.041 0.011 0.107 0.19 0.032 0.033 0.037 0.02 0.047 0.044 0.006 0.02 0.147
286 L 0.039 0.021 0.015 0.016 0.013 0.013 0.019 0.023 0.013 0.089 0.247 0.022 0.037 0.224 0.012 0.025 0.029 0.012 0.055 0.075
287 L 0.046 0.02 0.014 0.017 0.016 0.014 0.018 0.021 0.009 0.224 0.238 0.024 0.041 0.047 0.014 0.025 0.037 0.006 0.021 0.148
288 G 0.091 0.03 0.042 0.038 0.094 0.025 0.037 0.21 0.015 0.028 0.041 0.041 0.014 0.019 0.024 0.137 0.056 0.005 0.014 0.038
289 L 0.052 0.02 0.015 0.017 0.016 0.014 0.02 0.023 0.01 0.177 0.181 0.024 0.035 0.101 0.014 0.027 0.039 0.008 0.032 0.175
290 L 0.129 0.024 0.018 0.021 0.018 0.018 0.026 0.04 0.011 0.145 0.202 0.031 0.034 0.04 0.019 0.044 0.041 0.006 0.02 0.113
291 Y 0.038 0.025 0.02 0.018 0.01 0.018 0.025 0.025 0.036 0.05 0.083 0.027 0.021 0.217 0.014 0.029 0.027 0.024 0.246 0.049
292 I 0.047 0.018 0.015 0.018 0.016 0.013 0.018 0.02 0.009 0.278 0.166 0.023 0.036 0.044 0.015 0.025 0.039 0.006 0.02 0.175
293 V 0.05 0.019 0.016 0.017 0.015 0.013 0.02 0.023 0.011 0.168 0.136 0.023 0.031 0.157 0.014 0.027 0.038 0.009 0.043 0.169
294 F 0.037 0.023 0.018 0.017 0.011 0.015 0.022 0.024 0.025 0.065 0.143 0.024 0.027 0.249 0.013 0.027 0.027 0.019 0.156 0.059
295 Y 0.04 0.028 0.022 0.019 0.009 0.022 0.028 0.025 0.046 0.043 0.068 0.031 0.019 0.13 0.015 0.031 0.028 0.028 0.325 0.046
296 H 0.042 0.038 0.04 0.03 0.01 0.031 0.042 0.032 0.244 0.053 0.152 0.039 0.026 0.038 0.017 0.036 0.029 0.007 0.045 0.047
297 N 0.054 0.032 0.127 0.046 0.014 0.025 0.035 0.043 0.018 0.118 0.087 0.041 0.022 0.028 0.021 0.062 0.114 0.005 0.018 0.091
298 N 0.059 0.04 0.184 0.06 0.013 0.031 0.045 0.055 0.023 0.036 0.047 0.05 0.015 0.02 0.024 0.088 0.142 0.005 0.017 0.047
299 L 0.041 0.02 0.015 0.016 0.014 0.013 0.019 0.022 0.012 0.152 0.22 0.022 0.037 0.164 0.013 0.025 0.033 0.01 0.043 0.108
300 R 0.043 0.244 0.033 0.027 0.008 0.039 0.044 0.03 0.031 0.03 0.053 0.09 0.016 0.055 0.018 0.04 0.032 0.013 0.12 0.036
301 F 0.041 0.048 0.025 0.025 0.01 0.025 0.036 0.031 0.018 0.051 0.09 0.108 0.022 0.267 0.016 0.034 0.03 0.013 0.064 0.047
302 R 0.051 0.164 0.042 0.041 0.008 0.154 0.082 0.038 0.046 0.025 0.046 0.097 0.018 0.016 0.022 0.051 0.038 0.006 0.021 0.033
303 K 0.058 0.098 0.041 0.041 0.01 0.05 0.067 0.043 0.02 0.03 0.045 0.259 0.016 0.016 0.027 0.057 0.063 0.005 0.017 0.037
304 N 0.042 0.044 0.324 0.082 0.009 0.033 0.049 0.065 0.031 0.022 0.031 0.053 0.011 0.018 0.02 0.069 0.049 0.004 0.016 0.027
305 N 0.047 0.043 0.132 0.066 0.009 0.041 0.13 0.043 0.081 0.038 0.092 0.054 0.019 0.025 0.021 0.052 0.038 0.006 0.024 0.039
306 K 0.054 0.096 0.088 0.048 0.009 0.05 0.067 0.046 0.022 0.026 0.041 0.247 0.015 0.016 0.026 0.056 0.041 0.005 0.017 0.032
307 L 0.049 0.026 0.018 0.017 0.014 0.019 0.024 0.024 0.022 0.1 0.2 0.028 0.048 0.074 0.015 0.03 0.036 0.014 0.123 0.119
308 K 0.059 0.07 0.06 0.082 0.011 0.041 0.061 0.044 0.019 0.035 0.048 0.166 0.016 0.018 0.026 0.067 0.111 0.005 0.017 0.044
309 L 0.042 0.032 0.12 0.039 0.011 0.024 0.032 0.037 0.029 0.06 0.16 0.036 0.026 0.067 0.017 0.041 0.037 0.013 0.121 0.056
310 F 0.034 0.019 0.017 0.017 0.01 0.011 0.019 0.025 0.018 0.062 0.111 0.019 0.025 0.378 0.011 0.025 0.025 0.017 0.101 0.054
311 F 0.044 0.04 0.027 0.027 0.01 0.085 0.05 0.03 0.03 0.05 0.106 0.047 0.024 0.141 0.017 0.037 0.032 0.016 0.137 0.05
312 K 0.079 0.06 0.046 0.042 0.014 0.038 0.054 0.05 0.018 0.037 0.05 0.128 0.017 0.02 0.028 0.124 0.125 0.005 0.017 0.048
313 L 0.041 0.022 0.015 0.016 0.014 0.014 0.02 0.022 0.012 0.097 0.292 0.023 0.041 0.167 0.013 0.024 0.03 0.01 0.044 0.082
314 V 0.07 0.026 0.025 0.024 0.019 0.02 0.028 0.031 0.01 0.126 0.107 0.032 0.027 0.031 0.02 0.052 0.117 0.006 0.019 0.208
315 L 0.045 0.028 0.019 0.018 0.014 0.022 0.025 0.025 0.024 0.086 0.215 0.031 0.079 0.077 0.015 0.03 0.034 0.014 0.123 0.078
316 Y 0.04 0.028 0.022 0.019 0.009 0.022 0.028 0.025 0.046 0.043 0.068 0.031 0.019 0.13 0.015 0.031 0.028 0.028 0.325 0.046
317 I 0.054 0.019 0.015 0.018 0.017 0.014 0.019 0.022 0.009 0.24 0.154 0.024 0.035 0.041 0.015 0.027 0.043 0.006 0.02 0.209
318 C 0.142 0.021 0.019 0.021 0.333 0.017 0.024 0.047 0.01 0.044 0.063 0.028 0.017 0.021 0.021 0.055 0.041 0.004 0.014 0.06
319 L 0.045 0.022 0.014 0.016 0.016 0.015 0.019 0.021 0.01 0.169 0.31 0.024 0.045 0.051 0.014 0.024 0.035 0.007 0.022 0.122
320 L 0.044 0.024 0.014 0.015 0.016 0.016 0.02 0.021 0.01 0.114 0.382 0.025 0.049 0.054 0.014 0.024 0.033 0.007 0.022 0.095
