#Seq2Logo.py -f /work3/idamei/ssn-clusterings/clustering/2205111339/clusters/0006_527/sequences.afa -o /work3/idamei/ssn-clusterings/clustering/2205111339/clusters/0006_527/sequences.logo
#Position Specific Frequency Matrix
A R N D C Q E G H I L K M F P S T W Y V
0 L 0.051 0.031 0.02 0.02 0.016 0.028 0.028 0.028 0.016 0.098 0.193 0.035 0.177 0.047 0.016 0.035 0.039 0.008 0.024 0.091
1 V 0.07 0.022 0.017 0.018 0.019 0.017 0.023 0.025 0.008 0.165 0.131 0.026 0.032 0.036 0.017 0.033 0.05 0.006 0.021 0.267
2 R 0.045 0.343 0.039 0.031 0.008 0.049 0.052 0.033 0.023 0.023 0.047 0.121 0.016 0.017 0.019 0.045 0.035 0.006 0.017 0.031
3 G 0.078 0.023 0.039 0.034 0.011 0.019 0.026 0.509 0.014 0.019 0.028 0.034 0.009 0.016 0.019 0.051 0.03 0.005 0.011 0.024
4 N 0.043 0.045 0.315 0.083 0.009 0.034 0.05 0.065 0.032 0.023 0.032 0.054 0.011 0.018 0.02 0.07 0.05 0.005 0.016 0.027
5 I 0.047 0.018 0.015 0.018 0.016 0.013 0.018 0.021 0.009 0.269 0.168 0.024 0.037 0.044 0.015 0.025 0.04 0.006 0.021 0.177
6 L 0.052 0.032 0.02 0.02 0.016 0.028 0.028 0.028 0.016 0.1 0.197 0.036 0.161 0.048 0.016 0.036 0.04 0.008 0.024 0.092
7 N 0.052 0.052 0.214 0.064 0.009 0.034 0.048 0.151 0.025 0.022 0.033 0.097 0.011 0.017 0.021 0.062 0.043 0.005 0.015 0.027
8 K 0.113 0.128 0.04 0.038 0.013 0.042 0.056 0.052 0.019 0.03 0.046 0.16 0.016 0.018 0.026 0.093 0.048 0.005 0.017 0.041
9 L 0.044 0.023 0.014 0.015 0.016 0.015 0.019 0.021 0.01 0.148 0.343 0.024 0.046 0.052 0.014 0.024 0.034 0.007 0.022 0.11
10 K 0.049 0.122 0.032 0.032 0.009 0.037 0.049 0.035 0.019 0.033 0.056 0.152 0.016 0.092 0.117 0.043 0.034 0.007 0.03 0.036
11 S 0.082 0.049 0.043 0.04 0.013 0.033 0.049 0.053 0.018 0.029 0.044 0.095 0.015 0.027 0.024 0.156 0.06 0.105 0.027 0.037
12 W 0.03 0.023 0.015 0.015 0.008 0.015 0.023 0.03 0.015 0.03 0.053 0.023 0.015 0.061 0.008 0.023 0.023 0.491 0.068 0.03
13 W 0.03 0.023 0.015 0.015 0.008 0.015 0.023 0.03 0.015 0.03 0.053 0.023 0.015 0.061 0.008 0.023 0.023 0.491 0.068 0.03
14 T 0.073 0.036 0.044 0.038 0.018 0.028 0.039 0.044 0.014 0.053 0.065 0.046 0.02 0.024 0.028 0.093 0.245 0.006 0.018 0.071
15 K 0.057 0.107 0.042 0.042 0.009 0.054 0.071 0.043 0.021 0.028 0.043 0.276 0.016 0.016 0.028 0.054 0.04 0.005 0.017 0.033
16 T 0.073 0.036 0.044 0.038 0.018 0.028 0.039 0.044 0.014 0.053 0.065 0.046 0.02 0.024 0.028 0.093 0.245 0.006 0.018 0.071
17 D 0.041 0.03 0.069 0.396 0.008 0.03 0.092 0.047 0.019 0.022 0.028 0.045 0.009 0.015 0.022 0.052 0.035 0.004 0.011 0.024
18 R 0.045 0.343 0.039 0.031 0.008 0.049 0.052 0.033 0.023 0.023 0.047 0.121 0.016 0.017 0.019 0.045 0.035 0.006 0.017 0.031
19 N 0.047 0.038 0.169 0.051 0.013 0.031 0.039 0.047 0.024 0.061 0.114 0.045 0.087 0.033 0.018 0.053 0.045 0.006 0.02 0.06
20 K 0.065 0.071 0.042 0.039 0.013 0.04 0.055 0.043 0.017 0.04 0.054 0.163 0.018 0.02 0.028 0.073 0.144 0.006 0.018 0.052
21 L 0.053 0.033 0.025 0.045 0.013 0.035 0.137 0.027 0.016 0.086 0.195 0.045 0.031 0.035 0.019 0.038 0.037 0.006 0.019 0.107
22 L 0.046 0.055 0.025 0.026 0.012 0.029 0.039 0.03 0.015 0.069 0.194 0.131 0.031 0.107 0.018 0.035 0.034 0.008 0.033 0.061
23 G 0.079 0.042 0.042 0.038 0.011 0.028 0.039 0.333 0.016 0.022 0.033 0.089 0.012 0.017 0.022 0.088 0.041 0.005 0.013 0.029
24 K 0.069 0.075 0.044 0.055 0.01 0.05 0.125 0.046 0.021 0.026 0.041 0.177 0.015 0.017 0.027 0.098 0.049 0.005 0.017 0.034
25 F 0.05 0.02 0.016 0.017 0.015 0.013 0.02 0.024 0.012 0.146 0.129 0.022 0.03 0.182 0.014 0.028 0.037 0.01 0.047 0.17
26 D 0.057 0.053 0.109 0.123 0.01 0.037 0.062 0.051 0.091 0.025 0.036 0.097 0.013 0.02 0.023 0.09 0.046 0.005 0.023 0.029
27 L 0.053 0.022 0.02 0.02 0.015 0.016 0.021 0.145 0.01 0.132 0.241 0.027 0.036 0.042 0.015 0.031 0.034 0.006 0.019 0.097
28 W 0.049 0.022 0.024 0.022 0.009 0.016 0.023 0.226 0.014 0.025 0.042 0.027 0.013 0.042 0.012 0.033 0.025 0.304 0.044 0.027
29 Y 0.042 0.025 0.02 0.018 0.011 0.019 0.025 0.023 0.037 0.103 0.092 0.029 0.023 0.108 0.015 0.029 0.03 0.022 0.251 0.078
30 L 0.049 0.023 0.014 0.015 0.016 0.016 0.02 0.022 0.01 0.123 0.336 0.025 0.045 0.05 0.014 0.026 0.036 0.007 0.022 0.132
31 L 0.054 0.023 0.015 0.016 0.017 0.016 0.021 0.022 0.009 0.132 0.284 0.025 0.042 0.046 0.015 0.027 0.039 0.006 0.021 0.17
32 L 0.044 0.024 0.014 0.015 0.016 0.016 0.02 0.021 0.01 0.113 0.388 0.025 0.049 0.054 0.014 0.024 0.033 0.007 0.022 0.094
33 S 0.086 0.032 0.038 0.035 0.112 0.025 0.038 0.05 0.015 0.049 0.115 0.041 0.022 0.027 0.023 0.154 0.062 0.005 0.017 0.055
34 V 0.117 0.029 0.029 0.028 0.019 0.022 0.033 0.042 0.012 0.094 0.088 0.037 0.024 0.028 0.023 0.066 0.134 0.006 0.018 0.155
35 L 0.039 0.022 0.016 0.016 0.012 0.015 0.021 0.023 0.02 0.079 0.213 0.023 0.033 0.207 0.013 0.026 0.029 0.015 0.11 0.068
36 F 0.036 0.026 0.025 0.021 0.01 0.018 0.027 0.027 0.093 0.05 0.088 0.026 0.022 0.271 0.013 0.029 0.026 0.017 0.13 0.046
37 Y 0.038 0.026 0.02 0.018 0.009 0.019 0.026 0.025 0.04 0.047 0.076 0.028 0.02 0.182 0.014 0.029 0.027 0.025 0.282 0.047
38 F 0.034 0.019 0.017 0.017 0.011 0.011 0.019 0.025 0.017 0.063 0.114 0.019 0.025 0.387 0.011 0.025 0.025 0.017 0.089 0.055
39 N 0.043 0.045 0.317 0.083 0.009 0.034 0.049 0.065 0.032 0.022 0.032 0.054 0.011 0.018 0.02 0.07 0.049 0.004 0.016 0.027
40 F 0.037 0.024 0.019 0.018 0.01 0.017 0.024 0.025 0.034 0.051 0.085 0.026 0.021 0.237 0.013 0.028 0.026 0.023 0.234 0.049
41 S 0.09 0.036 0.045 0.042 0.016 0.029 0.046 0.055 0.017 0.033 0.045 0.049 0.015 0.019 0.124 0.168 0.108 0.005 0.016 0.045
42 F 0.102 0.025 0.023 0.023 0.016 0.018 0.028 0.039 0.014 0.076 0.095 0.03 0.023 0.175 0.019 0.051 0.082 0.01 0.046 0.106
43 V 0.06 0.022 0.021 0.021 0.017 0.017 0.024 0.026 0.009 0.189 0.13 0.028 0.031 0.036 0.018 0.041 0.087 0.006 0.02 0.197
44 V 0.051 0.025 0.022 0.021 0.014 0.019 0.026 0.028 0.018 0.114 0.095 0.029 0.024 0.058 0.016 0.04 0.08 0.109 0.091 0.12
45 K 0.056 0.065 0.046 0.123 0.01 0.045 0.115 0.041 0.02 0.03 0.042 0.149 0.014 0.017 0.026 0.06 0.082 0.005 0.016 0.038
46 N 0.051 0.049 0.161 0.129 0.009 0.033 0.056 0.147 0.023 0.022 0.032 0.095 0.011 0.016 0.021 0.058 0.04 0.005 0.014 0.027
47 L 0.049 0.02 0.02 0.02 0.014 0.014 0.02 0.121 0.011 0.153 0.171 0.025 0.031 0.111 0.014 0.03 0.033 0.008 0.032 0.104
48 E 0.076 0.045 0.045 0.072 0.011 0.051 0.207 0.047 0.023 0.025 0.038 0.066 0.014 0.018 0.027 0.127 0.054 0.005 0.017 0.035
49 W 0.044 0.024 0.02 0.02 0.013 0.017 0.024 0.029 0.012 0.102 0.144 0.027 0.027 0.048 0.014 0.037 0.076 0.205 0.039 0.079
50 V 0.055 0.02 0.015 0.017 0.017 0.015 0.02 0.022 0.009 0.201 0.194 0.024 0.037 0.042 0.015 0.027 0.042 0.006 0.021 0.201
51 G 0.067 0.029 0.09 0.039 0.109 0.022 0.032 0.14 0.016 0.045 0.11 0.037 0.02 0.026 0.019 0.084 0.045 0.005 0.015 0.048
52 Y 0.04 0.031 0.083 0.031 0.009 0.024 0.032 0.032 0.043 0.039 0.06 0.035 0.017 0.106 0.016 0.038 0.032 0.023 0.268 0.042
53 L 0.042 0.021 0.015 0.016 0.015 0.014 0.019 0.022 0.011 0.137 0.288 0.023 0.041 0.121 0.013 0.024 0.032 0.009 0.035 0.102
54 L 0.045 0.021 0.015 0.016 0.11 0.014 0.019 0.025 0.01 0.117 0.211 0.023 0.033 0.046 0.013 0.027 0.033 0.105 0.029 0.089
55 Y 0.093 0.024 0.02 0.02 0.013 0.018 0.026 0.034 0.026 0.095 0.094 0.029 0.023 0.144 0.017 0.039 0.034 0.017 0.157 0.077
56 Y 0.04 0.027 0.021 0.018 0.009 0.021 0.027 0.024 0.046 0.043 0.067 0.031 0.018 0.128 0.015 0.031 0.027 0.027 0.331 0.046
57 G 0.118 0.023 0.031 0.029 0.014 0.019 0.027 0.332 0.013 0.064 0.058 0.033 0.016 0.022 0.02 0.053 0.036 0.005 0.014 0.073
58 I 0.046 0.019 0.014 0.017 0.016 0.014 0.018 0.02 0.009 0.251 0.209 0.023 0.039 0.045 0.014 0.024 0.038 0.006 0.021 0.157
59 P 0.057 0.023 0.021 0.028 0.107 0.019 0.032 0.035 0.012 0.029 0.041 0.036 0.011 0.014 0.406 0.042 0.036 0.003 0.013 0.035
60 L 0.042 0.021 0.015 0.016 0.015 0.014 0.019 0.022 0.011 0.137 0.288 0.023 0.041 0.121 0.013 0.024 0.032 0.009 0.035 0.102
61 I 0.097 0.021 0.016 0.019 0.017 0.016 0.022 0.032 0.01 0.202 0.188 0.028 0.035 0.041 0.017 0.036 0.04 0.006 0.02 0.136
62 Y 0.04 0.027 0.021 0.018 0.009 0.021 0.027 0.024 0.046 0.043 0.067 0.031 0.018 0.128 0.015 0.031 0.027 0.027 0.331 0.046
63 L 0.046 0.023 0.015 0.017 0.016 0.017 0.02 0.022 0.011 0.179 0.26 0.026 0.069 0.048 0.014 0.026 0.037 0.007 0.022 0.125
64 C 0.156 0.023 0.019 0.021 0.209 0.018 0.026 0.048 0.011 0.057 0.126 0.03 0.023 0.027 0.021 0.054 0.04 0.005 0.016 0.068
65 V 0.053 0.022 0.016 0.017 0.016 0.017 0.022 0.023 0.016 0.153 0.175 0.026 0.033 0.059 0.015 0.029 0.039 0.01 0.083 0.176
66 N 0.042 0.044 0.219 0.064 0.008 0.035 0.05 0.053 0.166 0.022 0.034 0.05 0.013 0.023 0.019 0.057 0.04 0.006 0.032 0.025
67 Y 0.04 0.027 0.02 0.018 0.01 0.02 0.026 0.024 0.039 0.057 0.131 0.029 0.024 0.113 0.015 0.029 0.029 0.023 0.269 0.055
68 K 0.053 0.075 0.099 0.059 0.008 0.086 0.12 0.045 0.025 0.025 0.04 0.16 0.015 0.016 0.024 0.056 0.041 0.005 0.017 0.031
69 D 0.039 0.026 0.037 0.173 0.009 0.022 0.05 0.033 0.021 0.046 0.112 0.033 0.02 0.054 0.016 0.036 0.03 0.109 0.088 0.043
70 L 0.106 0.024 0.017 0.019 0.018 0.018 0.025 0.033 0.01 0.118 0.218 0.029 0.035 0.04 0.018 0.039 0.042 0.006 0.02 0.165
71 L 0.044 0.038 0.02 0.021 0.013 0.022 0.03 0.027 0.013 0.114 0.207 0.077 0.033 0.045 0.015 0.029 0.033 0.105 0.03 0.085
72 K 0.066 0.06 0.044 0.111 0.012 0.037 0.061 0.044 0.017 0.053 0.056 0.141 0.017 0.02 0.024 0.085 0.048 0.005 0.016 0.082
73 L 0.049 0.02 0.015 0.016 0.111 0.014 0.018 0.023 0.009 0.168 0.234 0.023 0.037 0.043 0.015 0.027 0.036 0.006 0.019 0.118
74 L 0.052 0.021 0.015 0.017 0.016 0.014 0.02 0.023 0.01 0.157 0.184 0.024 0.034 0.113 0.014 0.028 0.039 0.008 0.034 0.178
75 R 0.061 0.193 0.042 0.038 0.01 0.046 0.059 0.043 0.021 0.026 0.043 0.175 0.015 0.017 0.024 0.086 0.045 0.005 0.017 0.033
76 L 0.109 0.031 0.087 0.038 0.016 0.024 0.035 0.049 0.017 0.098 0.137 0.039 0.026 0.031 0.021 0.087 0.05 0.006 0.018 0.081
77 C 0.057 0.017 0.015 0.017 0.303 0.012 0.017 0.027 0.008 0.14 0.104 0.021 0.024 0.029 0.015 0.034 0.037 0.005 0.015 0.103
78 P 0.098 0.025 0.02 0.023 0.015 0.019 0.028 0.037 0.014 0.103 0.113 0.032 0.053 0.105 0.115 0.042 0.038 0.008 0.032 0.083
79 R 0.045 0.182 0.044 0.035 0.008 0.044 0.055 0.036 0.16 0.024 0.042 0.124 0.015 0.022 0.021 0.044 0.032 0.006 0.033 0.028
80 S 0.087 0.039 0.106 0.052 0.016 0.032 0.048 0.06 0.02 0.032 0.044 0.051 0.015 0.02 0.027 0.173 0.11 0.005 0.017 0.044
81 C 0.108 0.043 0.027 0.038 0.205 0.033 0.09 0.043 0.015 0.036 0.053 0.09 0.015 0.018 0.023 0.054 0.039 0.005 0.015 0.048
82 L 0.094 0.024 0.017 0.018 0.016 0.017 0.024 0.033 0.012 0.089 0.267 0.027 0.038 0.116 0.016 0.036 0.034 0.009 0.034 0.081
83 L 0.046 0.055 0.025 0.026 0.012 0.029 0.039 0.03 0.015 0.069 0.194 0.131 0.031 0.107 0.018 0.035 0.034 0.008 0.033 0.061
84 Y 0.042 0.025 0.018 0.017 0.012 0.019 0.024 0.023 0.031 0.105 0.151 0.028 0.028 0.096 0.015 0.028 0.031 0.019 0.207 0.081
85 Y 0.051 0.027 0.025 0.022 0.108 0.021 0.027 0.03 0.032 0.045 0.066 0.031 0.018 0.086 0.018 0.045 0.076 0.018 0.205 0.053
86 L 0.049 0.022 0.014 0.016 0.016 0.015 0.02 0.021 0.009 0.157 0.291 0.025 0.043 0.048 0.014 0.026 0.037 0.006 0.021 0.148
87 L 0.064 0.024 0.027 0.026 0.015 0.019 0.026 0.129 0.012 0.146 0.157 0.031 0.029 0.035 0.018 0.072 0.044 0.006 0.018 0.101
88 S 0.141 0.034 0.045 0.041 0.017 0.028 0.044 0.158 0.017 0.03 0.042 0.047 0.015 0.02 0.027 0.168 0.064 0.005 0.016 0.043
89 I 0.044 0.018 0.015 0.017 0.015 0.013 0.018 0.021 0.01 0.241 0.154 0.022 0.034 0.114 0.014 0.025 0.036 0.008 0.034 0.149
90 V 0.061 0.023 0.017 0.018 0.018 0.018 0.023 0.024 0.01 0.174 0.148 0.027 0.061 0.039 0.016 0.031 0.045 0.006 0.021 0.223
91 L 0.043 0.02 0.015 0.016 0.015 0.013 0.018 0.021 0.011 0.189 0.221 0.023 0.038 0.118 0.013 0.024 0.034 0.008 0.034 0.126
92 L 0.051 0.025 0.017 0.017 0.111 0.02 0.022 0.026 0.012 0.093 0.245 0.028 0.093 0.044 0.015 0.032 0.036 0.007 0.021 0.085
93 A 0.207 0.026 0.026 0.028 0.018 0.021 0.032 0.154 0.013 0.086 0.073 0.037 0.019 0.025 0.024 0.065 0.043 0.005 0.016 0.08
94 L 0.048 0.021 0.014 0.016 0.111 0.015 0.019 0.023 0.009 0.134 0.278 0.023 0.04 0.045 0.014 0.027 0.035 0.006 0.02 0.102
95 L 0.095 0.025 0.016 0.018 0.016 0.017 0.024 0.032 0.011 0.094 0.294 0.028 0.04 0.082 0.017 0.036 0.035 0.008 0.027 0.085
96 S 0.147 0.038 0.047 0.044 0.018 0.031 0.049 0.067 0.018 0.032 0.045 0.051 0.016 0.021 0.029 0.205 0.074 0.005 0.017 0.046
97 L 0.049 0.022 0.014 0.016 0.016 0.015 0.02 0.021 0.009 0.157 0.291 0.025 0.043 0.048 0.014 0.026 0.037 0.006 0.021 0.148
98 V 0.107 0.022 0.017 0.02 0.018 0.017 0.024 0.033 0.01 0.187 0.129 0.028 0.03 0.036 0.018 0.039 0.045 0.006 0.02 0.196
99 L 0.045 0.021 0.014 0.016 0.016 0.015 0.019 0.021 0.009 0.182 0.298 0.024 0.044 0.05 0.014 0.024 0.035 0.006 0.021 0.126
100 P 0.056 0.025 0.023 0.03 0.01 0.02 0.035 0.035 0.013 0.025 0.035 0.04 0.01 0.013 0.503 0.043 0.035 0.003 0.013 0.03
101 I 0.053 0.02 0.016 0.017 0.111 0.015 0.02 0.024 0.016 0.164 0.118 0.024 0.027 0.054 0.015 0.03 0.038 0.01 0.081 0.146
102 L 0.05 0.021 0.015 0.016 0.016 0.015 0.019 0.021 0.009 0.192 0.246 0.024 0.04 0.046 0.015 0.026 0.038 0.006 0.021 0.164
103 Y 0.053 0.03 0.028 0.024 0.011 0.024 0.032 0.033 0.04 0.04 0.062 0.035 0.018 0.107 0.018 0.072 0.038 0.023 0.268 0.045
104 G 0.057 0.063 0.099 0.05 0.009 0.113 0.069 0.141 0.024 0.024 0.039 0.111 0.015 0.016 0.022 0.056 0.039 0.005 0.017 0.03
105 T 0.072 0.035 0.043 0.037 0.017 0.027 0.039 0.043 0.014 0.052 0.064 0.045 0.019 0.023 0.027 0.091 0.261 0.006 0.017 0.07
106 N 0.048 0.033 0.148 0.047 0.009 0.025 0.035 0.139 0.033 0.03 0.045 0.04 0.014 0.062 0.018 0.05 0.036 0.014 0.141 0.034
107 D 0.04 0.029 0.068 0.409 0.007 0.029 0.09 0.046 0.018 0.022 0.027 0.044 0.009 0.015 0.022 0.051 0.035 0.004 0.011 0.024
108 F 0.034 0.02 0.018 0.017 0.01 0.013 0.02 0.025 0.022 0.058 0.103 0.021 0.024 0.345 0.011 0.026 0.025 0.019 0.136 0.052
109 S 0.101 0.038 0.051 0.046 0.017 0.031 0.049 0.061 0.018 0.034 0.046 0.051 0.016 0.021 0.029 0.206 0.117 0.005 0.017 0.047
110 Y 0.04 0.027 0.021 0.018 0.009 0.021 0.027 0.024 0.046 0.043 0.067 0.031 0.018 0.128 0.015 0.031 0.027 0.027 0.331 0.046
111 F 0.036 0.02 0.016 0.016 0.012 0.012 0.019 0.024 0.015 0.075 0.181 0.02 0.031 0.31 0.011 0.025 0.027 0.014 0.071 0.064
112 T 0.066 0.033 0.037 0.032 0.017 0.025 0.035 0.038 0.013 0.064 0.129 0.041 0.025 0.029 0.024 0.077 0.216 0.006 0.018 0.075
113 I 0.044 0.022 0.036 0.174 0.012 0.02 0.046 0.03 0.013 0.18 0.11 0.031 0.025 0.032 0.017 0.035 0.037 0.005 0.017 0.113
114 R 0.062 0.23 0.042 0.035 0.012 0.04 0.049 0.041 0.02 0.03 0.048 0.09 0.016 0.019 0.023 0.091 0.089 0.006 0.017 0.04
115 I 0.043 0.019 0.015 0.017 0.015 0.013 0.018 0.021 0.01 0.206 0.199 0.023 0.036 0.117 0.014 0.024 0.035 0.008 0.034 0.134
116 L 0.044 0.023 0.014 0.015 0.016 0.015 0.019 0.021 0.01 0.148 0.343 0.024 0.046 0.052 0.014 0.024 0.034 0.007 0.022 0.11
117 Q 0.07 0.056 0.044 0.044 0.011 0.148 0.076 0.141 0.024 0.025 0.041 0.071 0.017 0.016 0.023 0.09 0.046 0.006 0.018 0.034
118 I 0.047 0.02 0.015 0.018 0.016 0.016 0.019 0.022 0.01 0.248 0.17 0.026 0.064 0.044 0.015 0.027 0.039 0.006 0.021 0.157
119 G 0.112 0.023 0.024 0.025 0.111 0.018 0.027 0.137 0.011 0.071 0.066 0.032 0.017 0.022 0.116 0.049 0.039 0.005 0.015 0.081
120 K 0.053 0.156 0.04 0.039 0.008 0.051 0.066 0.04 0.021 0.026 0.043 0.257 0.015 0.016 0.025 0.051 0.038 0.005 0.017 0.032
121 E 0.056 0.04 0.035 0.064 0.011 0.046 0.197 0.033 0.02 0.081 0.067 0.058 0.019 0.023 0.023 0.056 0.082 0.006 0.017 0.067
122 G 0.083 0.029 0.039 0.035 0.014 0.024 0.035 0.238 0.015 0.042 0.105 0.039 0.02 0.025 0.022 0.119 0.05 0.006 0.015 0.045
123 I 0.05 0.019 0.015 0.017 0.016 0.014 0.019 0.021 0.009 0.226 0.202 0.024 0.038 0.044 0.015 0.026 0.04 0.006 0.021 0.179
124 K 0.053 0.156 0.04 0.039 0.008 0.051 0.066 0.04 0.021 0.026 0.043 0.257 0.015 0.016 0.025 0.051 0.038 0.005 0.017 0.032
125 L 0.046 0.023 0.015 0.017 0.016 0.017 0.02 0.022 0.011 0.179 0.26 0.026 0.069 0.048 0.014 0.026 0.037 0.007 0.022 0.125
126 L 0.044 0.024 0.014 0.015 0.016 0.016 0.02 0.021 0.01 0.113 0.388 0.025 0.049 0.054 0.014 0.024 0.033 0.007 0.022 0.094
127 F 0.033 0.019 0.017 0.017 0.01 0.01 0.019 0.025 0.017 0.062 0.112 0.019 0.025 0.399 0.01 0.025 0.025 0.017 0.087 0.054
128 L 0.045 0.021 0.014 0.016 0.016 0.015 0.019 0.021 0.009 0.182 0.298 0.024 0.044 0.05 0.014 0.024 0.035 0.006 0.021 0.126
129 V 0.057 0.021 0.016 0.017 0.017 0.015 0.021 0.024 0.01 0.132 0.177 0.024 0.033 0.112 0.015 0.029 0.041 0.008 0.034 0.2
130 L 0.05 0.025 0.016 0.016 0.016 0.018 0.022 0.023 0.011 0.12 0.297 0.027 0.071 0.049 0.015 0.028 0.037 0.007 0.022 0.131
131 L 0.049 0.022 0.014 0.016 0.016 0.015 0.02 0.021 0.009 0.157 0.291 0.025 0.043 0.048 0.014 0.026 0.037 0.006 0.021 0.148
132 F 0.039 0.021 0.017 0.017 0.013 0.014 0.02 0.024 0.015 0.114 0.139 0.023 0.058 0.257 0.012 0.027 0.031 0.013 0.061 0.085
133 I 0.044 0.021 0.016 0.017 0.015 0.015 0.02 0.021 0.016 0.202 0.19 0.025 0.035 0.062 0.014 0.026 0.035 0.01 0.083 0.132
134 K 0.051 0.206 0.04 0.037 0.008 0.05 0.062 0.038 0.021 0.025 0.044 0.222 0.015 0.016 0.024 0.049 0.037 0.005 0.017 0.031
135 Y 0.041 0.097 0.086 0.033 0.009 0.029 0.036 0.034 0.038 0.035 0.056 0.052 0.016 0.084 0.017 0.041 0.033 0.018 0.205 0.039
136 I 0.044 0.018 0.015 0.017 0.015 0.013 0.018 0.021 0.01 0.241 0.154 0.022 0.034 0.114 0.014 0.025 0.036 0.008 0.034 0.149
137 S 0.092 0.037 0.057 0.137 0.015 0.032 0.062 0.061 0.019 0.028 0.038 0.051 0.014 0.019 0.028 0.184 0.07 0.005 0.016 0.037
138 P 0.06 0.025 0.026 0.031 0.01 0.02 0.033 0.132 0.013 0.024 0.034 0.039 0.01 0.013 0.406 0.044 0.034 0.003 0.012 0.029
139 E 0.058 0.059 0.036 0.056 0.01 0.085 0.163 0.035 0.022 0.052 0.058 0.111 0.018 0.019 0.023 0.05 0.04 0.005 0.018 0.082
140 G 0.109 0.024 0.028 0.026 0.013 0.019 0.027 0.232 0.019 0.081 0.069 0.033 0.018 0.045 0.019 0.048 0.035 0.01 0.078 0.067
141 D 0.046 0.03 0.063 0.335 0.009 0.029 0.079 0.045 0.017 0.028 0.035 0.044 0.011 0.016 0.023 0.059 0.08 0.004 0.012 0.033
142 G 0.058 0.041 0.031 0.029 0.012 0.026 0.036 0.13 0.02 0.085 0.073 0.085 0.02 0.045 0.02 0.05 0.079 0.01 0.079 0.069
143 E 0.053 0.066 0.035 0.055 0.009 0.049 0.156 0.035 0.02 0.042 0.109 0.151 0.021 0.023 0.024 0.047 0.037 0.006 0.018 0.044
144 L 0.052 0.042 0.025 0.024 0.015 0.025 0.033 0.03 0.013 0.084 0.254 0.082 0.036 0.04 0.019 0.043 0.08 0.006 0.02 0.077
145 F 0.033 0.019 0.017 0.017 0.01 0.01 0.019 0.025 0.017 0.062 0.112 0.019 0.025 0.399 0.01 0.025 0.025 0.017 0.087 0.054
146 L 0.061 0.03 0.025 0.025 0.016 0.026 0.03 0.034 0.015 0.122 0.157 0.036 0.117 0.041 0.018 0.073 0.048 0.007 0.022 0.097
147 K 0.053 0.156 0.04 0.039 0.008 0.051 0.066 0.04 0.021 0.026 0.043 0.257 0.015 0.016 0.025 0.051 0.038 0.005 0.017 0.032
148 Y 0.04 0.027 0.021 0.018 0.009 0.021 0.027 0.024 0.046 0.043 0.067 0.031 0.018 0.128 0.015 0.031 0.027 0.027 0.331 0.046
149 F 0.034 0.02 0.018 0.017 0.01 0.013 0.02 0.025 0.022 0.058 0.103 0.021 0.024 0.345 0.011 0.026 0.025 0.019 0.136 0.052
150 V 0.072 0.024 0.023 0.024 0.018 0.019 0.027 0.032 0.01 0.16 0.118 0.031 0.029 0.034 0.018 0.071 0.053 0.005 0.02 0.213
151 L 0.094 0.027 0.019 0.019 0.014 0.02 0.027 0.033 0.025 0.071 0.194 0.031 0.03 0.077 0.018 0.038 0.034 0.015 0.145 0.07
152 A 0.179 0.035 0.04 0.038 0.019 0.028 0.044 0.065 0.016 0.039 0.052 0.048 0.017 0.021 0.029 0.146 0.104 0.005 0.017 0.057
153 C 0.068 0.027 0.032 0.028 0.208 0.021 0.03 0.038 0.011 0.049 0.064 0.035 0.018 0.022 0.023 0.07 0.171 0.005 0.015 0.064
154 C 0.065 0.017 0.016 0.016 0.399 0.013 0.017 0.03 0.008 0.067 0.077 0.021 0.019 0.023 0.016 0.038 0.038 0.004 0.014 0.101
155 L 0.046 0.024 0.015 0.016 0.016 0.018 0.021 0.022 0.011 0.145 0.304 0.027 0.072 0.05 0.014 0.026 0.035 0.007 0.022 0.109
156 Y 0.04 0.027 0.021 0.018 0.009 0.021 0.027 0.024 0.046 0.043 0.067 0.031 0.018 0.128 0.015 0.031 0.027 0.027 0.331 0.046
157 I 0.048 0.018 0.015 0.017 0.015 0.013 0.019 0.022 0.01 0.216 0.147 0.023 0.033 0.113 0.014 0.026 0.038 0.008 0.034 0.171
158 L 0.049 0.02 0.015 0.016 0.111 0.014 0.018 0.023 0.009 0.168 0.234 0.023 0.037 0.043 0.015 0.027 0.036 0.006 0.019 0.118
159 G 0.089 0.029 0.044 0.039 0.013 0.024 0.036 0.338 0.015 0.023 0.033 0.041 0.012 0.018 0.023 0.124 0.05 0.005 0.013 0.031
160 T 0.072 0.035 0.043 0.037 0.017 0.027 0.039 0.043 0.014 0.052 0.064 0.045 0.019 0.023 0.027 0.091 0.261 0.006 0.017 0.07
161 C 0.054 0.021 0.016 0.017 0.207 0.016 0.019 0.026 0.01 0.117 0.175 0.025 0.059 0.037 0.015 0.033 0.037 0.006 0.018 0.094
162 I 0.055 0.019 0.015 0.017 0.017 0.014 0.02 0.022 0.008 0.236 0.15 0.024 0.034 0.04 0.015 0.028 0.043 0.006 0.02 0.217
163 I 0.045 0.02 0.016 0.018 0.015 0.015 0.02 0.023 0.012 0.203 0.16 0.025 0.062 0.115 0.014 0.027 0.036 0.008 0.034 0.133
164 I 0.047 0.02 0.015 0.018 0.016 0.016 0.019 0.022 0.01 0.248 0.17 0.026 0.064 0.044 0.015 0.027 0.039 0.006 0.021 0.157
165 C 0.156 0.023 0.019 0.021 0.209 0.018 0.026 0.048 0.011 0.057 0.126 0.03 0.023 0.027 0.021 0.054 0.04 0.005 0.016 0.068
166 I 0.048 0.018 0.015 0.017 0.015 0.013 0.019 0.022 0.01 0.216 0.147 0.023 0.033 0.113 0.014 0.026 0.038 0.008 0.034 0.171
167 P 0.056 0.025 0.023 0.03 0.01 0.02 0.035 0.035 0.013 0.025 0.035 0.04 0.01 0.013 0.503 0.043 0.035 0.003 0.013 0.03
168 G 0.085 0.03 0.041 0.038 0.013 0.024 0.038 0.241 0.015 0.024 0.035 0.043 0.012 0.017 0.12 0.123 0.051 0.005 0.014 0.032
169 L 0.096 0.024 0.016 0.018 0.017 0.017 0.023 0.032 0.011 0.133 0.277 0.028 0.04 0.045 0.017 0.036 0.037 0.006 0.021 0.105
170 K 0.051 0.206 0.04 0.037 0.008 0.05 0.062 0.038 0.021 0.025 0.044 0.222 0.015 0.016 0.024 0.049 0.037 0.005 0.017 0.031
171 D 0.046 0.037 0.047 0.203 0.008 0.041 0.165 0.037 0.027 0.026 0.039 0.053 0.012 0.038 0.022 0.048 0.034 0.009 0.077 0.031
172 L 0.042 0.021 0.015 0.016 0.014 0.013 0.019 0.023 0.012 0.115 0.229 0.022 0.036 0.189 0.013 0.025 0.032 0.011 0.048 0.105
173 L 0.039 0.021 0.015 0.016 0.013 0.014 0.02 0.023 0.012 0.121 0.221 0.023 0.035 0.122 0.012 0.024 0.03 0.108 0.044 0.089
174 L 0.042 0.029 0.079 0.029 0.013 0.02 0.027 0.03 0.021 0.081 0.252 0.032 0.035 0.061 0.015 0.034 0.035 0.011 0.082 0.071
175 D 0.052 0.048 0.053 0.19 0.01 0.109 0.084 0.043 0.022 0.03 0.042 0.062 0.016 0.016 0.023 0.061 0.082 0.005 0.016 0.037
176 L 0.045 0.021 0.014 0.016 0.016 0.015 0.019 0.021 0.009 0.182 0.298 0.024 0.044 0.05 0.014 0.024 0.035 0.006 0.021 0.126
177 N 0.05 0.032 0.146 0.047 0.013 0.024 0.034 0.042 0.019 0.133 0.091 0.039 0.023 0.029 0.019 0.055 0.087 0.005 0.018 0.094
178 K 0.063 0.08 0.101 0.05 0.01 0.045 0.062 0.051 0.022 0.026 0.04 0.197 0.014 0.017 0.026 0.092 0.049 0.005 0.017 0.033
179 A 0.201 0.034 0.037 0.117 0.016 0.034 0.104 0.062 0.017 0.034 0.048 0.05 0.015 0.019 0.027 0.071 0.044 0.005 0.016 0.051
180 D 0.067 0.033 0.062 0.265 0.011 0.031 0.074 0.053 0.019 0.025 0.033 0.048 0.012 0.017 0.025 0.125 0.053 0.004 0.013 0.031
181 D 0.111 0.036 0.041 0.119 0.014 0.036 0.104 0.05 0.019 0.043 0.071 0.05 0.046 0.024 0.024 0.092 0.048 0.005 0.017 0.051
182 N 0.042 0.044 0.258 0.071 0.009 0.034 0.05 0.058 0.114 0.022 0.033 0.051 0.012 0.021 0.02 0.062 0.043 0.005 0.026 0.026
183 A 0.117 0.029 0.031 0.03 0.017 0.022 0.034 0.047 0.014 0.069 0.081 0.037 0.022 0.1 0.022 0.093 0.093 0.008 0.032 0.103
184 I 0.098 0.04 0.023 0.025 0.014 0.025 0.034 0.037 0.02 0.137 0.099 0.083 0.025 0.05 0.02 0.043 0.039 0.01 0.081 0.098
185 R 0.046 0.24 0.034 0.029 0.009 0.042 0.049 0.032 0.02 0.042 0.113 0.134 0.022 0.024 0.02 0.041 0.035 0.006 0.018 0.044
186 L 0.044 0.026 0.017 0.017 0.015 0.019 0.023 0.023 0.018 0.096 0.285 0.028 0.068 0.067 0.015 0.027 0.033 0.011 0.084 0.084
187 A 0.208 0.035 0.032 0.043 0.018 0.033 0.094 0.061 0.016 0.04 0.055 0.05 0.017 0.021 0.028 0.079 0.089 0.005 0.017 0.061
188 A 0.098 0.048 0.032 0.029 0.012 0.033 0.043 0.042 0.093 0.047 0.08 0.089 0.049 0.048 0.021 0.049 0.036 0.011 0.089 0.052
189 L 0.047 0.046 0.035 0.114 0.011 0.035 0.102 0.033 0.017 0.059 0.176 0.092 0.027 0.031 0.02 0.041 0.035 0.006 0.018 0.055
190 P 0.165 0.03 0.03 0.033 0.016 0.025 0.04 0.058 0.015 0.033 0.046 0.044 0.014 0.018 0.219 0.098 0.05 0.004 0.015 0.047
191 S 0.074 0.1 0.042 0.036 0.014 0.032 0.044 0.046 0.024 0.035 0.052 0.06 0.017 0.042 0.024 0.127 0.097 0.01 0.08 0.046
192 Y 0.04 0.027 0.021 0.018 0.009 0.021 0.027 0.024 0.046 0.043 0.067 0.031 0.018 0.128 0.015 0.031 0.027 0.027 0.331 0.046
193 V 0.057 0.037 0.02 0.022 0.016 0.022 0.03 0.026 0.011 0.184 0.125 0.078 0.03 0.034 0.018 0.033 0.043 0.005 0.02 0.189
194 T 0.072 0.035 0.043 0.037 0.017 0.027 0.039 0.043 0.014 0.052 0.064 0.045 0.019 0.023 0.027 0.091 0.261 0.006 0.017 0.07
195 R 0.044 0.358 0.038 0.03 0.008 0.047 0.051 0.032 0.023 0.023 0.046 0.118 0.015 0.017 0.019 0.044 0.034 0.006 0.017 0.03
196 F 0.036 0.022 0.018 0.017 0.01 0.015 0.022 0.025 0.028 0.054 0.094 0.023 0.022 0.291 0.012 0.027 0.026 0.021 0.185 0.051
197 G 0.077 0.022 0.038 0.033 0.011 0.019 0.025 0.52 0.013 0.019 0.028 0.033 0.009 0.016 0.019 0.05 0.029 0.005 0.011 0.024
198 W 0.032 0.023 0.015 0.015 0.009 0.015 0.022 0.028 0.014 0.046 0.119 0.023 0.022 0.058 0.009 0.023 0.024 0.403 0.058 0.043
199 C 0.064 0.02 0.021 0.02 0.302 0.016 0.02 0.129 0.011 0.05 0.082 0.026 0.047 0.025 0.016 0.041 0.035 0.005 0.014 0.056
200 G 0.077 0.022 0.038 0.033 0.011 0.019 0.025 0.52 0.013 0.019 0.028 0.033 0.009 0.016 0.019 0.05 0.029 0.005 0.011 0.024
201 F 0.033 0.019 0.017 0.017 0.01 0.01 0.019 0.025 0.017 0.062 0.112 0.019 0.025 0.399 0.01 0.025 0.025 0.017 0.087 0.054
202 S 0.108 0.039 0.053 0.048 0.017 0.033 0.051 0.065 0.019 0.029 0.041 0.053 0.015 0.02 0.029 0.235 0.08 0.005 0.017 0.041
203 G 0.077 0.022 0.038 0.033 0.011 0.019 0.025 0.52 0.013 0.019 0.028 0.033 0.009 0.016 0.019 0.05 0.029 0.005 0.011 0.024
204 F 0.033 0.019 0.017 0.017 0.01 0.01 0.019 0.025 0.017 0.062 0.112 0.019 0.025 0.399 0.01 0.025 0.025 0.017 0.087 0.054
205 T 0.065 0.045 0.042 0.049 0.014 0.075 0.105 0.04 0.019 0.041 0.055 0.059 0.018 0.02 0.026 0.076 0.172 0.006 0.018 0.055
206 Y 0.045 0.026 0.02 0.018 0.011 0.02 0.027 0.024 0.038 0.066 0.079 0.03 0.021 0.11 0.015 0.031 0.032 0.023 0.269 0.093
207 T 0.118 0.034 0.039 0.035 0.018 0.027 0.039 0.049 0.014 0.05 0.063 0.044 0.019 0.023 0.027 0.089 0.219 0.006 0.017 0.069
208 L 0.039 0.022 0.015 0.016 0.014 0.014 0.019 0.022 0.013 0.093 0.277 0.022 0.039 0.192 0.013 0.024 0.03 0.011 0.048 0.078
209 K 0.051 0.206 0.04 0.037 0.008 0.05 0.062 0.038 0.021 0.025 0.044 0.222 0.015 0.016 0.024 0.049 0.037 0.005 0.017 0.031
210 C 0.058 0.017 0.016 0.016 0.397 0.012 0.017 0.03 0.01 0.047 0.073 0.02 0.018 0.096 0.015 0.037 0.034 0.007 0.027 0.055
211 S 0.139 0.034 0.04 0.038 0.018 0.028 0.043 0.059 0.016 0.058 0.062 0.046 0.019 0.024 0.027 0.164 0.068 0.005 0.018 0.095
212 L 0.045 0.021 0.014 0.016 0.016 0.015 0.019 0.021 0.009 0.182 0.298 0.024 0.044 0.05 0.014 0.024 0.035 0.006 0.021 0.126
213 A 0.257 0.029 0.023 0.027 0.021 0.023 0.036 0.066 0.013 0.066 0.072 0.04 0.02 0.024 0.027 0.073 0.049 0.005 0.018 0.111
214 A 0.157 0.023 0.019 0.022 0.114 0.018 0.027 0.046 0.011 0.115 0.095 0.031 0.023 0.028 0.021 0.053 0.044 0.005 0.017 0.129
215 L 0.056 0.024 0.017 0.018 0.112 0.019 0.022 0.026 0.011 0.137 0.148 0.028 0.087 0.039 0.016 0.033 0.04 0.006 0.02 0.139
216 L 0.041 0.023 0.016 0.017 0.014 0.016 0.021 0.024 0.014 0.09 0.238 0.024 0.065 0.19 0.013 0.027 0.031 0.011 0.048 0.077
217 L 0.059 0.034 0.087 0.037 0.015 0.027 0.035 0.041 0.018 0.072 0.169 0.04 0.086 0.037 0.019 0.08 0.048 0.006 0.02 0.069
218 C 0.071 0.025 0.024 0.023 0.208 0.02 0.027 0.036 0.012 0.075 0.098 0.031 0.051 0.029 0.019 0.077 0.048 0.005 0.017 0.105
219 Y 0.038 0.026 0.02 0.018 0.009 0.019 0.026 0.025 0.04 0.047 0.076 0.028 0.02 0.182 0.014 0.029 0.027 0.025 0.282 0.047
220 L 0.047 0.021 0.015 0.016 0.015 0.014 0.02 0.022 0.011 0.147 0.236 0.023 0.038 0.117 0.014 0.026 0.036 0.008 0.034 0.14
221 I 0.047 0.02 0.015 0.018 0.016 0.016 0.019 0.022 0.01 0.248 0.17 0.026 0.064 0.044 0.015 0.027 0.039 0.006 0.021 0.157
222 Y 0.045 0.033 0.025 0.033 0.01 0.031 0.084 0.027 0.036 0.05 0.086 0.04 0.049 0.09 0.017 0.036 0.032 0.019 0.207 0.052
223 L 0.062 0.033 0.031 0.039 0.015 0.03 0.086 0.033 0.014 0.08 0.136 0.043 0.026 0.03 0.022 0.058 0.128 0.006 0.019 0.109
224 E 0.052 0.115 0.04 0.068 0.008 0.093 0.217 0.035 0.026 0.023 0.04 0.086 0.015 0.016 0.024 0.052 0.037 0.006 0.017 0.031
225 R 0.048 0.113 0.094 0.044 0.01 0.111 0.064 0.039 0.024 0.076 0.067 0.075 0.021 0.021 0.02 0.049 0.04 0.005 0.019 0.06
226 C 0.065 0.016 0.016 0.016 0.484 0.012 0.016 0.032 0.008 0.045 0.065 0.02 0.016 0.02 0.016 0.041 0.037 0.004 0.012 0.057
227 K 0.057 0.107 0.042 0.042 0.009 0.054 0.071 0.043 0.021 0.028 0.043 0.278 0.016 0.016 0.028 0.054 0.04 0.005 0.017 0.033
228 I 0.047 0.018 0.015 0.018 0.016 0.013 0.018 0.021 0.009 0.271 0.168 0.024 0.037 0.044 0.015 0.025 0.04 0.006 0.021 0.177
229 K 0.051 0.076 0.036 0.045 0.009 0.046 0.107 0.037 0.021 0.033 0.055 0.194 0.017 0.092 0.023 0.047 0.036 0.007 0.031 0.036
230 K 0.055 0.085 0.042 0.044 0.009 0.159 0.088 0.041 0.025 0.026 0.045 0.171 0.018 0.015 0.025 0.054 0.04 0.006 0.019 0.034
231 K 0.056 0.089 0.042 0.044 0.009 0.138 0.086 0.042 0.025 0.027 0.045 0.188 0.018 0.015 0.025 0.054 0.04 0.005 0.019 0.034
232 N 0.058 0.111 0.159 0.057 0.01 0.075 0.06 0.053 0.026 0.024 0.039 0.073 0.015 0.017 0.022 0.094 0.05 0.005 0.017 0.032
233 F 0.038 0.018 0.016 0.017 0.013 0.011 0.018 0.023 0.013 0.151 0.133 0.02 0.029 0.257 0.012 0.025 0.031 0.012 0.06 0.102
234 W 0.041 0.029 0.084 0.033 0.01 0.021 0.031 0.039 0.018 0.033 0.05 0.033 0.015 0.044 0.014 0.045 0.075 0.303 0.047 0.037
235 L 0.051 0.025 0.02 0.031 0.109 0.023 0.077 0.027 0.013 0.11 0.127 0.032 0.026 0.105 0.016 0.034 0.035 0.008 0.031 0.1
236 N 0.041 0.041 0.213 0.06 0.009 0.032 0.045 0.051 0.101 0.026 0.039 0.047 0.013 0.042 0.019 0.055 0.04 0.01 0.087 0.03
237 V 0.06 0.024 0.022 0.021 0.112 0.019 0.024 0.029 0.011 0.128 0.123 0.03 0.056 0.034 0.018 0.045 0.085 0.006 0.019 0.134
238 G 0.121 0.026 0.029 0.029 0.017 0.021 0.031 0.141 0.013 0.107 0.084 0.036 0.022 0.027 0.021 0.085 0.049 0.005 0.017 0.118
239 L 0.046 0.024 0.016 0.017 0.016 0.018 0.021 0.022 0.011 0.152 0.282 0.027 0.077 0.05 0.015 0.027 0.036 0.007 0.022 0.114
240 L 0.056 0.028 0.023 0.022 0.015 0.02 0.028 0.03 0.019 0.082 0.254 0.032 0.036 0.062 0.017 0.067 0.041 0.011 0.083 0.074
241 L 0.048 0.024 0.016 0.017 0.015 0.017 0.022 0.024 0.012 0.11 0.242 0.026 0.066 0.118 0.014 0.028 0.036 0.009 0.035 0.123
242 F 0.098 0.024 0.023 0.023 0.015 0.017 0.027 0.038 0.014 0.101 0.102 0.03 0.024 0.177 0.018 0.05 0.08 0.01 0.046 0.084
243 L 0.065 0.025 0.023 0.022 0.112 0.018 0.026 0.033 0.011 0.092 0.202 0.03 0.032 0.037 0.018 0.071 0.046 0.006 0.019 0.114
244 L 0.046 0.023 0.015 0.017 0.016 0.017 0.02 0.022 0.011 0.179 0.26 0.026 0.069 0.048 0.014 0.026 0.037 0.007 0.022 0.125
245 L 0.101 0.025 0.017 0.018 0.018 0.018 0.024 0.033 0.01 0.109 0.27 0.029 0.039 0.043 0.017 0.037 0.039 0.006 0.021 0.127
246 G 0.077 0.022 0.038 0.033 0.011 0.019 0.025 0.52 0.013 0.019 0.028 0.033 0.009 0.016 0.019 0.05 0.029 0.005 0.011 0.024
247 N 0.054 0.04 0.215 0.064 0.012 0.031 0.045 0.055 0.024 0.034 0.044 0.05 0.014 0.02 0.023 0.077 0.134 0.005 0.016 0.044
248 F 0.037 0.021 0.016 0.016 0.013 0.013 0.019 0.023 0.014 0.083 0.222 0.021 0.034 0.261 0.012 0.024 0.028 0.013 0.061 0.07
249 F 0.037 0.021 0.017 0.017 0.011 0.014 0.02 0.025 0.016 0.069 0.128 0.022 0.055 0.329 0.011 0.027 0.028 0.015 0.074 0.061
250 Y 0.04 0.027 0.021 0.018 0.009 0.021 0.027 0.024 0.046 0.043 0.067 0.031 0.018 0.128 0.015 0.031 0.027 0.027 0.331 0.046
251 G 0.077 0.022 0.038 0.033 0.011 0.019 0.025 0.52 0.013 0.019 0.028 0.033 0.009 0.016 0.019 0.05 0.029 0.005 0.011 0.024
252 R 0.044 0.358 0.038 0.03 0.008 0.047 0.051 0.032 0.023 0.023 0.046 0.118 0.015 0.017 0.019 0.044 0.034 0.006 0.017 0.03
253 I 0.055 0.019 0.015 0.017 0.017 0.014 0.02 0.022 0.008 0.236 0.15 0.024 0.034 0.04 0.015 0.028 0.043 0.006 0.02 0.217
254 G 0.077 0.022 0.038 0.033 0.011 0.019 0.025 0.52 0.013 0.019 0.028 0.033 0.009 0.016 0.019 0.05 0.029 0.005 0.011 0.024
255 L 0.059 0.026 0.023 0.023 0.016 0.02 0.027 0.031 0.012 0.162 0.19 0.032 0.063 0.042 0.018 0.069 0.046 0.006 0.021 0.114
256 V 0.106 0.023 0.017 0.019 0.018 0.017 0.025 0.033 0.01 0.153 0.173 0.029 0.033 0.038 0.018 0.039 0.044 0.006 0.02 0.18
257 V 0.109 0.023 0.018 0.02 0.018 0.017 0.025 0.035 0.011 0.118 0.111 0.028 0.027 0.105 0.018 0.041 0.044 0.008 0.033 0.194
258 S 0.094 0.035 0.048 0.043 0.016 0.029 0.044 0.151 0.017 0.032 0.043 0.047 0.015 0.02 0.027 0.169 0.106 0.005 0.016 0.043
259 G 0.114 0.024 0.026 0.026 0.015 0.019 0.027 0.232 0.012 0.071 0.126 0.032 0.023 0.028 0.019 0.048 0.038 0.006 0.016 0.099
260 I 0.049 0.018 0.015 0.017 0.111 0.013 0.018 0.023 0.009 0.203 0.189 0.023 0.035 0.041 0.015 0.027 0.037 0.006 0.019 0.134
261 F 0.043 0.026 0.08 0.03 0.012 0.018 0.027 0.032 0.024 0.07 0.09 0.029 0.022 0.196 0.014 0.036 0.035 0.014 0.108 0.093
262 L 0.059 0.025 0.023 0.022 0.016 0.018 0.026 0.031 0.013 0.096 0.211 0.029 0.034 0.112 0.017 0.068 0.044 0.008 0.034 0.113
263 L 0.049 0.023 0.016 0.017 0.015 0.017 0.021 0.024 0.012 0.144 0.197 0.026 0.064 0.116 0.014 0.028 0.037 0.009 0.035 0.139
264 L 0.048 0.02 0.015 0.017 0.015 0.014 0.019 0.022 0.01 0.181 0.191 0.023 0.035 0.115 0.014 0.026 0.037 0.008 0.034 0.156
265 L 0.042 0.023 0.014 0.015 0.015 0.015 0.02 0.022 0.011 0.103 0.333 0.024 0.044 0.123 0.013 0.024 0.031 0.009 0.035 0.086
266 L 0.044 0.021 0.015 0.016 0.014 0.014 0.02 0.023 0.012 0.102 0.225 0.022 0.036 0.188 0.013 0.026 0.033 0.01 0.048 0.116
267 V 0.06 0.022 0.021 0.021 0.017 0.017 0.024 0.026 0.009 0.189 0.13 0.028 0.031 0.036 0.018 0.041 0.087 0.006 0.02 0.197
268 G 0.107 0.091 0.026 0.025 0.015 0.025 0.032 0.135 0.014 0.072 0.129 0.049 0.024 0.029 0.019 0.047 0.039 0.006 0.017 0.1
269 L 0.048 0.024 0.016 0.017 0.015 0.017 0.022 0.024 0.012 0.11 0.242 0.026 0.066 0.118 0.014 0.028 0.036 0.009 0.035 0.123
270 W 0.09 0.025 0.018 0.019 0.012 0.019 0.026 0.038 0.015 0.052 0.093 0.028 0.05 0.117 0.014 0.038 0.032 0.207 0.052 0.054
271 L 0.049 0.11 0.026 0.025 0.013 0.034 0.039 0.03 0.017 0.072 0.172 0.101 0.087 0.036 0.018 0.038 0.037 0.007 0.021 0.068
272 K 0.055 0.087 0.041 0.051 0.008 0.09 0.124 0.04 0.023 0.026 0.042 0.208 0.016 0.015 0.026 0.053 0.039 0.005 0.017 0.032
273 N 0.047 0.12 0.156 0.064 0.008 0.046 0.106 0.047 0.026 0.023 0.037 0.118 0.013 0.017 0.022 0.057 0.041 0.005 0.016 0.029
274 R 0.051 0.19 0.036 0.035 0.008 0.044 0.055 0.037 0.02 0.025 0.042 0.172 0.014 0.015 0.119 0.047 0.036 0.005 0.016 0.031
275 K 0.052 0.075 0.042 0.11 0.01 0.043 0.065 0.04 0.019 0.04 0.069 0.191 0.046 0.021 0.024 0.049 0.038 0.005 0.017 0.042
276 L 0.044 0.023 0.014 0.015 0.016 0.015 0.019 0.021 0.01 0.148 0.343 0.024 0.046 0.052 0.014 0.024 0.034 0.007 0.022 0.11
277 L 0.091 0.024 0.017 0.018 0.014 0.016 0.024 0.035 0.013 0.072 0.2 0.027 0.031 0.117 0.015 0.036 0.032 0.108 0.043 0.068
278 L 0.063 0.043 0.029 0.028 0.014 0.028 0.038 0.035 0.021 0.075 0.133 0.085 0.026 0.051 0.02 0.075 0.046 0.01 0.081 0.099
279 R 0.051 0.172 0.034 0.03 0.009 0.035 0.043 0.13 0.019 0.031 0.055 0.116 0.016 0.093 0.019 0.043 0.032 0.008 0.03 0.034
280 L 0.073 0.023 0.015 0.017 0.017 0.016 0.022 0.027 0.01 0.145 0.284 0.026 0.041 0.046 0.016 0.031 0.037 0.006 0.021 0.126
281 L 0.044 0.023 0.014 0.015 0.016 0.015 0.019 0.021 0.01 0.148 0.343 0.024 0.046 0.052 0.014 0.024 0.034 0.007 0.022 0.11
282 L 0.051 0.027 0.022 0.02 0.015 0.02 0.027 0.025 0.081 0.127 0.217 0.029 0.035 0.042 0.016 0.03 0.037 0.006 0.028 0.145
283 L 0.109 0.03 0.025 0.025 0.018 0.025 0.031 0.04 0.014 0.091 0.127 0.037 0.084 0.035 0.021 0.055 0.087 0.006 0.02 0.12
284 L 0.053 0.022 0.02 0.02 0.015 0.018 0.021 0.122 0.011 0.16 0.188 0.028 0.061 0.041 0.015 0.032 0.036 0.006 0.019 0.111
285 L 0.058 0.022 0.02 0.02 0.016 0.016 0.021 0.122 0.01 0.143 0.193 0.026 0.033 0.038 0.016 0.032 0.038 0.006 0.019 0.153
286 I 0.059 0.024 0.023 0.023 0.016 0.019 0.025 0.03 0.012 0.198 0.165 0.031 0.047 0.04 0.017 0.068 0.047 0.006 0.02 0.131
287 G 0.073 0.028 0.038 0.033 0.013 0.021 0.032 0.234 0.015 0.036 0.054 0.036 0.016 0.095 0.021 0.09 0.085 0.008 0.029 0.042
288 C 0.066 0.025 0.024 0.023 0.207 0.02 0.026 0.035 0.012 0.066 0.15 0.031 0.055 0.032 0.018 0.075 0.045 0.006 0.017 0.068
289 G 0.066 0.022 0.029 0.026 0.013 0.017 0.023 0.32 0.012 0.078 0.123 0.03 0.022 0.028 0.017 0.041 0.033 0.006 0.015 0.079
290 A 0.159 0.027 0.02 0.023 0.019 0.022 0.031 0.046 0.012 0.101 0.113 0.035 0.055 0.032 0.021 0.053 0.047 0.006 0.02 0.158
291 L 0.096 0.024 0.016 0.018 0.017 0.017 0.023 0.032 0.011 0.133 0.277 0.028 0.04 0.045 0.017 0.036 0.037 0.006 0.021 0.105
292 A 0.159 0.027 0.027 0.028 0.017 0.021 0.033 0.053 0.015 0.092 0.087 0.036 0.022 0.101 0.022 0.09 0.048 0.008 0.032 0.081
293 V 0.111 0.022 0.018 0.02 0.019 0.017 0.025 0.034 0.009 0.162 0.121 0.029 0.029 0.034 0.018 0.041 0.047 0.005 0.02 0.218
294 L 0.1 0.024 0.017 0.018 0.113 0.017 0.023 0.034 0.01 0.085 0.257 0.028 0.036 0.04 0.017 0.039 0.037 0.006 0.019 0.081
295 A 0.147 0.036 0.026 0.028 0.014 0.062 0.045 0.049 0.024 0.043 0.068 0.045 0.02 0.117 0.021 0.055 0.038 0.012 0.095 0.054
296 L 0.057 0.03 0.085 0.035 0.015 0.022 0.031 0.038 0.016 0.113 0.202 0.036 0.032 0.038 0.018 0.075 0.047 0.006 0.019 0.086
297 L 0.051 0.064 0.021 0.021 0.11 0.024 0.028 0.028 0.013 0.113 0.171 0.062 0.059 0.036 0.017 0.034 0.037 0.006 0.019 0.089
298 N 0.073 0.037 0.157 0.055 0.109 0.029 0.043 0.058 0.021 0.029 0.042 0.046 0.014 0.019 0.023 0.129 0.059 0.005 0.015 0.038
299 E 0.055 0.065 0.041 0.07 0.008 0.094 0.22 0.037 0.025 0.024 0.039 0.121 0.015 0.016 0.025 0.054 0.038 0.005 0.017 0.032
300 T 0.112 0.039 0.035 0.036 0.015 0.066 0.051 0.048 0.017 0.04 0.054 0.053 0.017 0.019 0.122 0.073 0.129 0.005 0.017 0.054
301 L 0.107 0.026 0.022 0.023 0.018 0.019 0.028 0.037 0.011 0.131 0.16 0.032 0.03 0.035 0.02 0.051 0.086 0.006 0.019 0.138
302 R 0.047 0.275 0.039 0.035 0.008 0.084 0.063 0.035 0.024 0.024 0.045 0.13 0.016 0.016 0.021 0.047 0.036 0.006 0.018 0.031
303 A 0.156 0.044 0.03 0.031 0.017 0.029 0.041 0.052 0.014 0.09 0.077 0.089 0.021 0.025 0.025 0.067 0.087 0.005 0.018 0.082
304 W 0.03 0.022 0.015 0.015 0.007 0.015 0.022 0.03 0.015 0.03 0.052 0.022 0.015 0.059 0.007 0.022 0.022 0.502 0.067 0.03
305 L 0.047 0.022 0.015 0.016 0.015 0.015 0.02 0.022 0.011 0.113 0.281 0.024 0.04 0.119 0.014 0.026 0.034 0.009 0.035 0.124
306 Y 0.044 0.112 0.09 0.038 0.009 0.035 0.045 0.037 0.033 0.031 0.051 0.105 0.016 0.061 0.019 0.045 0.035 0.014 0.142 0.036
307 W 0.03 0.022 0.015 0.015 0.007 0.015 0.022 0.03 0.015 0.03 0.052 0.022 0.015 0.059 0.007 0.022 0.022 0.502 0.067 0.03
308 A 0.21 0.027 0.022 0.024 0.02 0.022 0.033 0.056 0.012 0.09 0.086 0.036 0.023 0.027 0.024 0.063 0.049 0.005 0.018 0.154
309 F 0.033 0.019 0.017 0.017 0.01 0.01 0.019 0.025 0.017 0.062 0.112 0.019 0.025 0.399 0.01 0.025 0.025 0.017 0.087 0.054
310 Q 0.102 0.055 0.044 0.115 0.011 0.149 0.086 0.049 0.024 0.028 0.045 0.071 0.017 0.016 0.024 0.06 0.041 0.005 0.018 0.039
311 S 0.124 0.032 0.034 0.034 0.016 0.025 0.04 0.053 0.015 0.048 0.113 0.043 0.021 0.026 0.121 0.124 0.056 0.005 0.017 0.055
312 F 0.035 0.02 0.016 0.016 0.011 0.011 0.019 0.024 0.015 0.072 0.167 0.02 0.03 0.33 0.011 0.025 0.026 0.015 0.074 0.062
313 I 0.055 0.019 0.015 0.017 0.017 0.014 0.02 0.022 0.008 0.236 0.15 0.024 0.034 0.04 0.015 0.028 0.043 0.006 0.02 0.217
314 N 0.061 0.041 0.217 0.066 0.012 0.032 0.047 0.06 0.025 0.03 0.04 0.051 0.014 0.019 0.023 0.106 0.097 0.005 0.016 0.038
315 L 0.041 0.024 0.016 0.016 0.013 0.016 0.021 0.022 0.018 0.089 0.268 0.025 0.038 0.138 0.013 0.025 0.03 0.013 0.097 0.077
316 F 0.105 0.025 0.025 0.026 0.015 0.018 0.029 0.042 0.015 0.096 0.098 0.031 0.024 0.177 0.019 0.079 0.044 0.01 0.046 0.078
317 E 0.058 0.062 0.041 0.06 0.01 0.087 0.166 0.039 0.023 0.03 0.045 0.115 0.016 0.017 0.026 0.061 0.083 0.005 0.017 0.04
318 T 0.068 0.042 0.043 0.039 0.016 0.068 0.051 0.042 0.017 0.047 0.06 0.053 0.019 0.021 0.026 0.084 0.217 0.006 0.018 0.063
319 G 0.077 0.022 0.038 0.033 0.011 0.019 0.025 0.52 0.013 0.019 0.028 0.033 0.009 0.016 0.019 0.05 0.029 0.005 0.011 0.024
320 S 0.087 0.066 0.048 0.045 0.014 0.041 0.059 0.056 0.019 0.028 0.042 0.149 0.015 0.018 0.028 0.162 0.064 0.005 0.017 0.038
