#Seq2Logo.py -f /work3/idamei/ssn-clusterings/clustering/2205181315/clusters/0018_22/sequences.afa -o /work3/idamei/ssn-clusterings/clustering/2205181315/clusters/0018_22/sequences.logo
#Position Specific Frequency Matrix
A R N D C Q E G H I L K M F P S T W Y V
0 L 0.051 0.032 0.02 0.02 0.016 0.028 0.028 0.028 0.016 0.099 0.194 0.036 0.173 0.047 0.016 0.036 0.04 0.008 0.024 0.091
1 L 0.044 0.022 0.014 0.016 0.016 0.015 0.019 0.021 0.01 0.156 0.33 0.025 0.046 0.051 0.014 0.024 0.034 0.007 0.022 0.115
2 P 0.056 0.025 0.023 0.031 0.01 0.02 0.036 0.036 0.013 0.025 0.036 0.041 0.01 0.013 0.501 0.043 0.036 0.003 0.013 0.031
3 Y 0.04 0.028 0.021 0.018 0.009 0.021 0.028 0.025 0.046 0.043 0.067 0.031 0.018 0.129 0.015 0.031 0.028 0.028 0.328 0.046
4 L 0.041 0.022 0.015 0.016 0.015 0.014 0.019 0.022 0.012 0.109 0.306 0.023 0.042 0.139 0.013 0.024 0.031 0.009 0.038 0.089
5 L 0.044 0.024 0.014 0.015 0.016 0.016 0.02 0.021 0.01 0.114 0.385 0.025 0.049 0.054 0.014 0.024 0.033 0.007 0.022 0.095
6 L 0.057 0.021 0.015 0.017 0.017 0.016 0.021 0.023 0.009 0.179 0.203 0.025 0.04 0.042 0.015 0.028 0.042 0.006 0.021 0.203
7 L 0.044 0.022 0.014 0.016 0.016 0.015 0.019 0.021 0.01 0.156 0.33 0.025 0.046 0.051 0.014 0.024 0.034 0.007 0.022 0.115
8 L 0.073 0.03 0.034 0.032 0.015 0.023 0.035 0.054 0.016 0.058 0.145 0.037 0.026 0.123 0.02 0.124 0.054 0.008 0.036 0.057
9 F 0.039 0.02 0.015 0.016 0.013 0.013 0.019 0.023 0.013 0.131 0.201 0.022 0.034 0.213 0.012 0.025 0.031 0.011 0.053 0.095
10 V 0.07 0.025 0.023 0.022 0.019 0.019 0.027 0.029 0.009 0.135 0.112 0.03 0.028 0.032 0.019 0.047 0.101 0.006 0.02 0.227
11 T 0.063 0.03 0.031 0.028 0.017 0.024 0.031 0.034 0.013 0.112 0.114 0.037 0.054 0.033 0.022 0.063 0.155 0.006 0.02 0.115
12 F 0.037 0.019 0.016 0.017 0.012 0.011 0.018 0.024 0.014 0.12 0.139 0.02 0.029 0.291 0.012 0.025 0.029 0.013 0.067 0.086
13 W 0.031 0.022 0.015 0.015 0.008 0.015 0.022 0.029 0.015 0.034 0.069 0.022 0.017 0.059 0.008 0.022 0.023 0.475 0.065 0.033
14 I 0.048 0.018 0.015 0.017 0.016 0.013 0.018 0.021 0.009 0.273 0.163 0.023 0.036 0.043 0.015 0.025 0.04 0.006 0.02 0.182
15 L 0.046 0.024 0.017 0.016 0.013 0.017 0.023 0.025 0.02 0.087 0.158 0.026 0.028 0.069 0.013 0.027 0.033 0.135 0.109 0.113
16 L 0.054 0.023 0.015 0.016 0.017 0.016 0.021 0.022 0.009 0.141 0.271 0.025 0.041 0.046 0.015 0.027 0.04 0.006 0.021 0.173
17 E 0.054 0.049 0.04 0.089 0.007 0.064 0.307 0.034 0.025 0.022 0.036 0.074 0.013 0.016 0.025 0.054 0.036 0.005 0.016 0.031
18 K 0.056 0.097 0.042 0.042 0.009 0.096 0.078 0.042 0.023 0.027 0.044 0.239 0.017 0.015 0.026 0.053 0.039 0.005 0.018 0.033
19 K 0.055 0.093 0.042 0.048 0.008 0.053 0.104 0.041 0.046 0.026 0.041 0.239 0.015 0.017 0.026 0.052 0.038 0.005 0.02 0.031
20 S 0.161 0.037 0.046 0.043 0.018 0.031 0.048 0.069 0.018 0.033 0.046 0.051 0.016 0.021 0.029 0.191 0.072 0.005 0.017 0.049
21 L 0.05 0.023 0.015 0.016 0.017 0.016 0.021 0.022 0.009 0.126 0.321 0.025 0.044 0.049 0.015 0.026 0.037 0.007 0.022 0.141
22 N 0.042 0.044 0.327 0.082 0.009 0.033 0.049 0.064 0.031 0.022 0.031 0.053 0.011 0.018 0.02 0.069 0.049 0.004 0.015 0.027
23 R 0.044 0.355 0.038 0.031 0.008 0.048 0.052 0.032 0.023 0.023 0.046 0.118 0.015 0.017 0.019 0.044 0.034 0.006 0.017 0.031
24 K 0.056 0.069 0.114 0.068 0.011 0.04 0.058 0.048 0.021 0.032 0.044 0.157 0.015 0.018 0.025 0.066 0.096 0.005 0.016 0.04
25 S 0.156 0.037 0.046 0.043 0.018 0.031 0.049 0.068 0.018 0.033 0.046 0.051 0.016 0.021 0.029 0.195 0.073 0.005 0.017 0.048
26 F 0.035 0.02 0.016 0.016 0.011 0.011 0.019 0.024 0.016 0.07 0.153 0.02 0.029 0.345 0.011 0.025 0.026 0.015 0.078 0.06
27 W 0.031 0.021 0.015 0.015 0.008 0.014 0.021 0.029 0.015 0.038 0.067 0.021 0.017 0.144 0.008 0.023 0.023 0.379 0.072 0.036
28 L 0.055 0.021 0.015 0.017 0.017 0.015 0.02 0.022 0.009 0.184 0.216 0.025 0.038 0.043 0.015 0.028 0.041 0.006 0.021 0.193
29 P 0.056 0.025 0.023 0.031 0.01 0.02 0.036 0.036 0.013 0.025 0.036 0.041 0.01 0.013 0.501 0.043 0.036 0.003 0.013 0.031
30 L 0.04 0.024 0.014 0.015 0.014 0.016 0.021 0.023 0.011 0.093 0.302 0.024 0.04 0.055 0.012 0.024 0.03 0.13 0.033 0.079
31 F 0.049 0.02 0.018 0.019 0.014 0.014 0.021 0.026 0.013 0.136 0.125 0.023 0.029 0.207 0.014 0.037 0.037 0.011 0.052 0.137
32 L 0.117 0.024 0.019 0.021 0.017 0.018 0.026 0.038 0.011 0.145 0.181 0.031 0.032 0.056 0.019 0.045 0.055 0.007 0.023 0.115
33 L 0.044 0.024 0.014 0.015 0.016 0.016 0.02 0.021 0.01 0.114 0.385 0.025 0.049 0.054 0.014 0.024 0.033 0.007 0.022 0.095
34 S 0.109 0.033 0.04 0.037 0.018 0.027 0.041 0.052 0.015 0.073 0.07 0.044 0.02 0.025 0.026 0.146 0.098 0.005 0.018 0.103
35 L 0.053 0.024 0.02 0.02 0.015 0.017 0.021 0.145 0.011 0.091 0.29 0.027 0.039 0.044 0.015 0.031 0.032 0.007 0.019 0.081
36 F 0.033 0.019 0.017 0.017 0.01 0.01 0.019 0.025 0.017 0.062 0.113 0.019 0.025 0.396 0.01 0.025 0.025 0.017 0.087 0.054
37 A 0.301 0.031 0.025 0.029 0.021 0.025 0.04 0.077 0.015 0.043 0.059 0.044 0.017 0.021 0.029 0.084 0.049 0.005 0.017 0.068
38 G 0.085 0.027 0.042 0.037 0.012 0.022 0.032 0.404 0.015 0.021 0.031 0.038 0.011 0.017 0.021 0.096 0.042 0.005 0.012 0.028
39 I 0.058 0.019 0.018 0.019 0.014 0.014 0.02 0.069 0.011 0.183 0.156 0.024 0.032 0.119 0.015 0.03 0.035 0.008 0.034 0.122
40 R 0.044 0.355 0.038 0.031 0.008 0.048 0.052 0.032 0.023 0.023 0.046 0.118 0.015 0.017 0.019 0.044 0.034 0.006 0.017 0.031
41 S 0.092 0.041 0.122 0.057 0.015 0.033 0.051 0.065 0.022 0.027 0.039 0.053 0.014 0.02 0.027 0.191 0.073 0.005 0.017 0.038
42 Y 0.04 0.028 0.023 0.027 0.009 0.022 0.029 0.025 0.045 0.042 0.067 0.031 0.018 0.126 0.016 0.031 0.028 0.027 0.321 0.046
43 R 0.046 0.165 0.031 0.03 0.01 0.085 0.055 0.032 0.021 0.047 0.131 0.079 0.025 0.029 0.018 0.04 0.035 0.051 0.024 0.048
44 V 0.069 0.022 0.016 0.018 0.019 0.016 0.023 0.024 0.008 0.162 0.128 0.026 0.031 0.035 0.016 0.032 0.049 0.005 0.02 0.28
45 G 0.077 0.023 0.039 0.033 0.011 0.019 0.025 0.517 0.013 0.019 0.028 0.033 0.009 0.016 0.019 0.051 0.029 0.005 0.011 0.024
46 T 0.072 0.035 0.043 0.037 0.018 0.027 0.039 0.043 0.014 0.053 0.064 0.045 0.019 0.023 0.027 0.091 0.258 0.006 0.018 0.07
47 D 0.04 0.029 0.068 0.406 0.007 0.029 0.09 0.046 0.018 0.022 0.028 0.044 0.009 0.015 0.022 0.051 0.035 0.004 0.011 0.024
48 T 0.09 0.037 0.048 0.043 0.017 0.03 0.045 0.054 0.016 0.041 0.053 0.049 0.017 0.022 0.028 0.161 0.169 0.005 0.017 0.056
49 G 0.083 0.109 0.038 0.033 0.011 0.037 0.037 0.331 0.017 0.022 0.036 0.058 0.012 0.017 0.02 0.052 0.038 0.005 0.013 0.03
50 N 0.07 0.04 0.186 0.06 0.013 0.03 0.044 0.056 0.023 0.036 0.046 0.049 0.015 0.02 0.024 0.086 0.134 0.005 0.016 0.047
51 Y 0.04 0.028 0.021 0.018 0.009 0.021 0.028 0.025 0.046 0.043 0.067 0.031 0.018 0.129 0.015 0.031 0.028 0.028 0.328 0.046
52 V 0.069 0.028 0.029 0.027 0.018 0.022 0.031 0.033 0.011 0.113 0.098 0.035 0.026 0.03 0.022 0.061 0.153 0.006 0.019 0.17
53 R 0.048 0.259 0.04 0.036 0.008 0.093 0.066 0.035 0.024 0.024 0.046 0.128 0.017 0.016 0.021 0.048 0.036 0.006 0.018 0.032
54 N 0.042 0.041 0.262 0.163 0.008 0.032 0.059 0.06 0.028 0.022 0.03 0.051 0.011 0.017 0.02 0.064 0.045 0.004 0.014 0.026
55 F 0.033 0.019 0.017 0.017 0.01 0.01 0.019 0.025 0.017 0.062 0.113 0.019 0.025 0.396 0.01 0.025 0.025 0.017 0.087 0.054
56 L 0.044 0.11 0.098 0.036 0.012 0.027 0.034 0.034 0.018 0.11 0.157 0.055 0.028 0.033 0.017 0.04 0.039 0.006 0.019 0.082
57 N 0.054 0.043 0.27 0.075 0.01 0.033 0.049 0.064 0.036 0.023 0.033 0.053 0.012 0.019 0.022 0.098 0.054 0.005 0.017 0.029
58 Q 0.052 0.067 0.114 0.057 0.009 0.154 0.096 0.046 0.029 0.025 0.042 0.098 0.017 0.015 0.023 0.058 0.042 0.005 0.019 0.032
59 L 0.045 0.022 0.014 0.016 0.016 0.015 0.019 0.021 0.01 0.16 0.325 0.024 0.045 0.051 0.014 0.024 0.035 0.007 0.022 0.116
60 N 0.048 0.041 0.25 0.144 0.009 0.032 0.057 0.061 0.027 0.023 0.031 0.051 0.011 0.017 0.021 0.08 0.049 0.004 0.015 0.027
61 A 0.144 0.027 0.022 0.023 0.016 0.022 0.032 0.045 0.028 0.076 0.079 0.035 0.021 0.052 0.054 0.052 0.042 0.011 0.096 0.121
62 E 0.048 0.044 0.105 0.165 0.008 0.057 0.191 0.044 0.025 0.022 0.034 0.063 0.012 0.016 0.023 0.057 0.039 0.005 0.015 0.028
63 Y 0.046 0.029 0.024 0.021 0.01 0.022 0.03 0.028 0.044 0.042 0.065 0.033 0.018 0.119 0.017 0.049 0.032 0.026 0.3 0.046
64 F 0.033 0.019 0.017 0.017 0.01 0.01 0.019 0.025 0.017 0.062 0.113 0.019 0.025 0.396 0.01 0.025 0.025 0.017 0.087 0.054
65 R 0.047 0.122 0.066 0.092 0.01 0.04 0.054 0.037 0.019 0.089 0.071 0.119 0.019 0.023 0.021 0.045 0.038 0.005 0.017 0.066
66 F 0.033 0.019 0.017 0.017 0.01 0.01 0.019 0.025 0.017 0.062 0.113 0.019 0.025 0.396 0.01 0.025 0.025 0.017 0.087 0.054
67 N 0.042 0.086 0.203 0.152 0.009 0.034 0.058 0.053 0.026 0.027 0.05 0.059 0.013 0.019 0.02 0.058 0.042 0.005 0.015 0.03
68 E 0.051 0.058 0.048 0.163 0.008 0.052 0.188 0.04 0.022 0.023 0.035 0.12 0.012 0.016 0.025 0.053 0.037 0.005 0.015 0.029
69 D 0.052 0.035 0.136 0.179 0.011 0.029 0.058 0.098 0.02 0.029 0.038 0.046 0.012 0.018 0.022 0.066 0.094 0.005 0.014 0.036
70 V 0.06 0.02 0.016 0.017 0.018 0.015 0.021 0.023 0.008 0.211 0.144 0.025 0.033 0.039 0.016 0.029 0.045 0.006 0.02 0.236
71 E 0.054 0.049 0.04 0.089 0.007 0.064 0.307 0.034 0.025 0.022 0.036 0.074 0.013 0.016 0.025 0.054 0.036 0.005 0.016 0.031
72 L 0.04 0.022 0.016 0.016 0.013 0.014 0.02 0.023 0.016 0.1 0.235 0.023 0.036 0.192 0.013 0.025 0.03 0.013 0.075 0.08
73 G 0.077 0.023 0.039 0.033 0.011 0.019 0.025 0.517 0.013 0.019 0.028 0.033 0.009 0.016 0.019 0.051 0.029 0.005 0.011 0.024
74 Y 0.04 0.028 0.021 0.018 0.009 0.021 0.028 0.025 0.046 0.043 0.067 0.031 0.018 0.129 0.015 0.031 0.028 0.028 0.328 0.046
75 Q 0.055 0.072 0.043 0.046 0.009 0.226 0.101 0.041 0.029 0.026 0.046 0.09 0.02 0.014 0.023 0.055 0.041 0.006 0.02 0.035
76 L 0.051 0.023 0.015 0.016 0.017 0.016 0.021 0.022 0.009 0.128 0.309 0.025 0.044 0.048 0.015 0.026 0.038 0.007 0.021 0.149
77 L 0.041 0.021 0.015 0.016 0.014 0.014 0.019 0.022 0.012 0.13 0.248 0.022 0.038 0.168 0.013 0.024 0.031 0.01 0.044 0.097
78 E 0.054 0.049 0.04 0.089 0.007 0.064 0.307 0.034 0.025 0.022 0.036 0.074 0.013 0.016 0.025 0.054 0.036 0.005 0.016 0.031
79 Y 0.038 0.025 0.02 0.018 0.009 0.019 0.025 0.025 0.039 0.048 0.079 0.028 0.02 0.196 0.014 0.029 0.027 0.025 0.268 0.048
80 A 0.169 0.032 0.031 0.032 0.019 0.025 0.038 0.058 0.015 0.057 0.135 0.042 0.025 0.029 0.025 0.112 0.065 0.006 0.018 0.067
81 L 0.044 0.024 0.014 0.015 0.016 0.016 0.02 0.021 0.01 0.118 0.38 0.025 0.049 0.054 0.014 0.024 0.033 0.007 0.022 0.097
82 L 0.044 0.024 0.014 0.015 0.016 0.016 0.02 0.021 0.01 0.114 0.385 0.025 0.049 0.054 0.014 0.024 0.033 0.007 0.022 0.095
83 R 0.062 0.149 0.123 0.05 0.011 0.038 0.051 0.051 0.055 0.025 0.04 0.075 0.014 0.019 0.022 0.106 0.051 0.005 0.02 0.032
84 L 0.048 0.021 0.015 0.017 0.016 0.015 0.02 0.022 0.01 0.191 0.214 0.025 0.05 0.071 0.014 0.027 0.038 0.007 0.026 0.152
85 T 0.068 0.053 0.042 0.038 0.015 0.034 0.047 0.043 0.015 0.046 0.059 0.106 0.018 0.021 0.027 0.082 0.203 0.006 0.017 0.061
86 H 0.056 0.038 0.068 0.037 0.012 0.031 0.044 0.039 0.19 0.061 0.062 0.042 0.019 0.029 0.02 0.059 0.059 0.006 0.037 0.093
87 N 0.048 0.046 0.211 0.077 0.009 0.046 0.115 0.054 0.059 0.023 0.034 0.059 0.012 0.019 0.022 0.07 0.045 0.005 0.02 0.028
88 Y 0.04 0.028 0.021 0.018 0.009 0.021 0.028 0.025 0.046 0.043 0.067 0.031 0.018 0.129 0.015 0.031 0.028 0.028 0.328 0.046
89 F 0.033 0.019 0.017 0.017 0.01 0.01 0.019 0.025 0.017 0.062 0.113 0.019 0.025 0.396 0.01 0.025 0.025 0.017 0.087 0.054
90 W 0.04 0.022 0.015 0.016 0.01 0.015 0.023 0.028 0.013 0.063 0.071 0.023 0.019 0.054 0.01 0.025 0.029 0.376 0.055 0.092
91 L 0.041 0.023 0.015 0.015 0.015 0.015 0.02 0.022 0.012 0.101 0.317 0.023 0.043 0.139 0.013 0.024 0.031 0.009 0.038 0.085
92 F 0.036 0.02 0.016 0.016 0.012 0.012 0.019 0.024 0.015 0.078 0.194 0.021 0.032 0.293 0.012 0.025 0.027 0.014 0.068 0.066
93 F 0.04 0.02 0.018 0.018 0.012 0.012 0.02 0.026 0.015 0.091 0.115 0.022 0.026 0.306 0.012 0.03 0.044 0.014 0.071 0.087
94 I 0.054 0.019 0.015 0.017 0.017 0.014 0.019 0.022 0.008 0.24 0.152 0.024 0.034 0.041 0.015 0.027 0.043 0.006 0.02 0.211
95 T 0.072 0.035 0.043 0.037 0.018 0.027 0.039 0.043 0.014 0.053 0.064 0.045 0.019 0.023 0.027 0.091 0.258 0.006 0.018 0.07
96 S 0.156 0.037 0.046 0.043 0.018 0.031 0.049 0.068 0.018 0.033 0.046 0.051 0.016 0.021 0.029 0.195 0.073 0.005 0.017 0.048
97 L 0.057 0.026 0.025 0.024 0.015 0.019 0.027 0.033 0.014 0.077 0.218 0.03 0.033 0.147 0.017 0.076 0.043 0.009 0.04 0.069
98 L 0.051 0.02 0.015 0.017 0.017 0.015 0.02 0.021 0.009 0.203 0.222 0.024 0.039 0.045 0.015 0.026 0.04 0.006 0.021 0.176
99 I 0.057 0.019 0.015 0.017 0.017 0.015 0.02 0.022 0.008 0.228 0.149 0.024 0.034 0.04 0.015 0.028 0.043 0.006 0.02 0.222
100 V 0.069 0.022 0.016 0.018 0.019 0.016 0.023 0.024 0.008 0.162 0.128 0.026 0.031 0.035 0.016 0.032 0.049 0.005 0.02 0.28
101 F 0.037 0.023 0.019 0.018 0.01 0.016 0.023 0.025 0.031 0.053 0.09 0.025 0.022 0.262 0.013 0.028 0.026 0.022 0.208 0.05
102 C 0.075 0.022 0.025 0.024 0.373 0.017 0.025 0.04 0.011 0.04 0.058 0.028 0.016 0.02 0.019 0.088 0.047 0.004 0.013 0.052
103 Y 0.04 0.028 0.021 0.018 0.009 0.021 0.028 0.025 0.046 0.043 0.067 0.031 0.018 0.129 0.015 0.031 0.028 0.028 0.328 0.046
104 L 0.044 0.024 0.014 0.015 0.016 0.016 0.02 0.021 0.01 0.114 0.385 0.025 0.049 0.054 0.014 0.024 0.033 0.007 0.022 0.095
105 Y 0.062 0.07 0.032 0.03 0.013 0.03 0.04 0.037 0.024 0.095 0.079 0.084 0.021 0.052 0.021 0.084 0.046 0.011 0.096 0.073
106 V 0.061 0.02 0.016 0.018 0.018 0.015 0.021 0.023 0.008 0.203 0.141 0.025 0.033 0.038 0.016 0.03 0.045 0.006 0.02 0.244
107 I 0.043 0.018 0.015 0.017 0.015 0.012 0.018 0.021 0.011 0.227 0.152 0.022 0.033 0.132 0.013 0.025 0.036 0.009 0.037 0.144
108 K 0.054 0.149 0.04 0.039 0.008 0.052 0.067 0.041 0.021 0.026 0.043 0.259 0.015 0.016 0.026 0.051 0.038 0.005 0.017 0.032
109 K 0.055 0.128 0.041 0.04 0.008 0.052 0.068 0.042 0.021 0.027 0.043 0.273 0.015 0.015 0.026 0.052 0.039 0.005 0.017 0.032
110 Y 0.041 0.035 0.09 0.036 0.009 0.028 0.038 0.036 0.123 0.034 0.053 0.039 0.016 0.082 0.017 0.041 0.031 0.018 0.198 0.036
111 S 0.108 0.04 0.053 0.048 0.017 0.033 0.052 0.065 0.019 0.029 0.041 0.053 0.015 0.021 0.029 0.231 0.081 0.005 0.017 0.041
112 V 0.067 0.039 0.023 0.023 0.017 0.024 0.033 0.029 0.011 0.13 0.108 0.079 0.027 0.031 0.019 0.039 0.057 0.005 0.02 0.22
113 N 0.042 0.041 0.262 0.163 0.008 0.032 0.059 0.06 0.028 0.022 0.03 0.051 0.011 0.017 0.02 0.064 0.045 0.004 0.014 0.026
114 Y 0.04 0.028 0.021 0.018 0.009 0.021 0.028 0.025 0.046 0.043 0.067 0.031 0.018 0.129 0.015 0.031 0.028 0.028 0.328 0.046
115 G 0.096 0.027 0.031 0.028 0.014 0.021 0.03 0.162 0.014 0.048 0.056 0.035 0.016 0.031 0.02 0.059 0.1 0.129 0.028 0.053
116 L 0.048 0.025 0.023 0.022 0.014 0.017 0.025 0.029 0.014 0.076 0.192 0.028 0.032 0.186 0.016 0.048 0.077 0.011 0.048 0.071
117 S 0.108 0.04 0.053 0.048 0.017 0.033 0.052 0.065 0.019 0.029 0.041 0.053 0.015 0.021 0.029 0.231 0.081 0.005 0.017 0.041
118 V 0.062 0.02 0.016 0.018 0.018 0.015 0.021 0.023 0.008 0.198 0.139 0.025 0.033 0.038 0.016 0.03 0.046 0.006 0.02 0.248
119 F 0.033 0.019 0.017 0.017 0.01 0.01 0.019 0.025 0.017 0.062 0.113 0.019 0.025 0.396 0.01 0.025 0.025 0.017 0.087 0.054
120 L 0.048 0.023 0.014 0.015 0.016 0.016 0.02 0.021 0.01 0.129 0.335 0.025 0.046 0.051 0.014 0.025 0.036 0.007 0.022 0.126
121 F 0.033 0.019 0.017 0.017 0.01 0.01 0.019 0.025 0.017 0.062 0.113 0.019 0.025 0.396 0.01 0.025 0.025 0.017 0.087 0.054
122 I 0.046 0.017 0.014 0.017 0.016 0.013 0.017 0.02 0.009 0.282 0.165 0.023 0.036 0.044 0.014 0.025 0.039 0.006 0.02 0.174
123 T 0.072 0.035 0.043 0.037 0.018 0.027 0.039 0.043 0.014 0.053 0.064 0.045 0.019 0.023 0.027 0.091 0.258 0.006 0.018 0.07
124 L 0.044 0.024 0.014 0.015 0.016 0.016 0.02 0.021 0.01 0.114 0.385 0.025 0.049 0.054 0.014 0.024 0.033 0.007 0.022 0.095
125 G 0.077 0.023 0.039 0.033 0.011 0.019 0.025 0.517 0.013 0.019 0.028 0.033 0.009 0.016 0.019 0.051 0.029 0.005 0.011 0.024
126 V 0.07 0.028 0.03 0.027 0.018 0.022 0.031 0.034 0.011 0.107 0.096 0.035 0.025 0.029 0.022 0.062 0.153 0.006 0.019 0.175
127 Y 0.04 0.028 0.021 0.018 0.009 0.021 0.028 0.025 0.046 0.043 0.067 0.031 0.018 0.129 0.015 0.031 0.028 0.028 0.328 0.046
128 T 0.072 0.035 0.043 0.037 0.018 0.027 0.039 0.043 0.014 0.053 0.064 0.045 0.019 0.023 0.027 0.091 0.258 0.006 0.018 0.07
129 F 0.033 0.019 0.017 0.017 0.01 0.01 0.019 0.025 0.017 0.062 0.113 0.019 0.025 0.396 0.01 0.025 0.025 0.017 0.087 0.054
130 F 0.049 0.023 0.024 0.023 0.012 0.015 0.025 0.033 0.017 0.056 0.098 0.026 0.023 0.319 0.014 0.067 0.036 0.014 0.073 0.052
131 F 0.033 0.019 0.017 0.017 0.01 0.01 0.019 0.025 0.017 0.062 0.113 0.019 0.025 0.396 0.01 0.025 0.025 0.017 0.087 0.054
132 N 0.042 0.044 0.327 0.082 0.009 0.033 0.049 0.064 0.031 0.022 0.031 0.053 0.011 0.018 0.02 0.069 0.049 0.004 0.015 0.027
133 G 0.077 0.023 0.039 0.033 0.011 0.019 0.025 0.517 0.013 0.019 0.028 0.033 0.009 0.016 0.019 0.051 0.029 0.005 0.011 0.024
134 L 0.044 0.024 0.014 0.015 0.016 0.016 0.02 0.021 0.01 0.114 0.385 0.025 0.049 0.054 0.014 0.024 0.033 0.007 0.022 0.095
135 R 0.044 0.355 0.038 0.031 0.008 0.048 0.052 0.032 0.023 0.023 0.046 0.118 0.015 0.017 0.019 0.044 0.034 0.006 0.017 0.031
136 Q 0.055 0.072 0.043 0.046 0.009 0.226 0.101 0.041 0.029 0.026 0.046 0.09 0.02 0.014 0.023 0.055 0.041 0.006 0.02 0.035
137 G 0.077 0.023 0.039 0.033 0.011 0.019 0.025 0.517 0.013 0.019 0.028 0.033 0.009 0.016 0.019 0.051 0.029 0.005 0.011 0.024
138 L 0.046 0.025 0.016 0.017 0.016 0.019 0.022 0.023 0.011 0.142 0.291 0.028 0.08 0.05 0.015 0.027 0.036 0.007 0.022 0.109
139 A 0.301 0.031 0.025 0.029 0.021 0.025 0.04 0.077 0.015 0.043 0.059 0.044 0.017 0.021 0.029 0.084 0.049 0.005 0.017 0.068
140 L 0.051 0.032 0.02 0.02 0.016 0.028 0.028 0.028 0.016 0.099 0.194 0.036 0.173 0.047 0.016 0.036 0.04 0.008 0.024 0.091
141 A 0.301 0.031 0.025 0.029 0.021 0.025 0.04 0.077 0.015 0.043 0.059 0.044 0.017 0.021 0.029 0.084 0.049 0.005 0.017 0.068
142 I 0.043 0.018 0.015 0.017 0.015 0.013 0.018 0.022 0.011 0.212 0.172 0.022 0.035 0.133 0.013 0.025 0.035 0.009 0.037 0.137
143 F 0.036 0.02 0.016 0.016 0.012 0.012 0.019 0.024 0.015 0.075 0.181 0.02 0.031 0.31 0.011 0.025 0.027 0.014 0.071 0.064
144 A 0.186 0.033 0.034 0.033 0.019 0.026 0.039 0.06 0.014 0.048 0.061 0.044 0.018 0.022 0.028 0.088 0.153 0.006 0.017 0.069
145 L 0.041 0.023 0.015 0.015 0.015 0.015 0.02 0.022 0.012 0.101 0.317 0.023 0.043 0.139 0.013 0.024 0.031 0.009 0.038 0.085
146 A 0.253 0.033 0.032 0.034 0.02 0.027 0.043 0.074 0.016 0.039 0.054 0.046 0.017 0.021 0.029 0.121 0.057 0.005 0.017 0.061
147 L 0.056 0.024 0.022 0.022 0.017 0.018 0.024 0.027 0.01 0.162 0.189 0.029 0.034 0.04 0.018 0.042 0.094 0.006 0.02 0.146
148 P 0.069 0.029 0.031 0.035 0.012 0.023 0.04 0.043 0.014 0.026 0.037 0.044 0.011 0.015 0.383 0.09 0.047 0.003 0.014 0.033
149 Y 0.04 0.028 0.022 0.019 0.009 0.022 0.028 0.025 0.053 0.042 0.067 0.031 0.018 0.127 0.015 0.031 0.028 0.027 0.322 0.045
150 L 0.044 0.024 0.014 0.015 0.016 0.016 0.02 0.021 0.01 0.114 0.385 0.025 0.049 0.054 0.014 0.024 0.033 0.007 0.022 0.095
151 L 0.046 0.023 0.014 0.016 0.016 0.015 0.02 0.021 0.01 0.15 0.328 0.025 0.045 0.051 0.014 0.025 0.035 0.007 0.022 0.12
152 E 0.055 0.063 0.04 0.077 0.008 0.061 0.248 0.037 0.024 0.023 0.038 0.128 0.013 0.016 0.026 0.054 0.037 0.005 0.017 0.031
153 R 0.05 0.23 0.04 0.036 0.008 0.05 0.061 0.037 0.022 0.025 0.044 0.204 0.015 0.016 0.023 0.048 0.037 0.005 0.017 0.031
154 R 0.047 0.216 0.058 0.093 0.008 0.046 0.063 0.039 0.022 0.024 0.041 0.155 0.014 0.016 0.022 0.049 0.037 0.005 0.016 0.03
155 F 0.037 0.021 0.016 0.016 0.013 0.013 0.019 0.023 0.014 0.082 0.218 0.021 0.034 0.264 0.012 0.025 0.028 0.013 0.062 0.07
156 F 0.043 0.023 0.018 0.018 0.013 0.016 0.022 0.025 0.02 0.105 0.176 0.025 0.031 0.182 0.014 0.036 0.033 0.014 0.105 0.081
157 P 0.06 0.046 0.026 0.03 0.012 0.028 0.041 0.035 0.014 0.048 0.125 0.099 0.021 0.024 0.239 0.046 0.037 0.004 0.016 0.048
158 Y 0.038 0.025 0.02 0.018 0.009 0.019 0.025 0.025 0.039 0.048 0.079 0.028 0.02 0.196 0.014 0.029 0.027 0.025 0.268 0.048
159 L 0.039 0.021 0.015 0.016 0.013 0.013 0.019 0.023 0.013 0.088 0.249 0.022 0.037 0.225 0.012 0.024 0.029 0.012 0.055 0.074
160 L 0.041 0.023 0.015 0.015 0.015 0.015 0.02 0.022 0.012 0.101 0.317 0.023 0.043 0.139 0.013 0.024 0.031 0.009 0.038 0.085
161 I 0.047 0.018 0.015 0.017 0.016 0.013 0.018 0.021 0.009 0.271 0.161 0.023 0.036 0.044 0.014 0.025 0.039 0.017 0.021 0.176
162 C 0.075 0.022 0.025 0.024 0.373 0.017 0.025 0.04 0.011 0.04 0.058 0.028 0.016 0.02 0.019 0.088 0.047 0.004 0.013 0.052
163 L 0.101 0.022 0.018 0.02 0.016 0.016 0.024 0.046 0.012 0.125 0.18 0.027 0.032 0.129 0.017 0.039 0.036 0.009 0.037 0.097
164 G 0.052 0.02 0.021 0.021 0.013 0.014 0.02 0.146 0.012 0.139 0.138 0.025 0.028 0.125 0.015 0.031 0.033 0.008 0.035 0.103
165 A 0.301 0.031 0.025 0.029 0.021 0.025 0.04 0.077 0.015 0.043 0.059 0.044 0.017 0.021 0.029 0.084 0.049 0.005 0.017 0.068
166 S 0.108 0.04 0.053 0.048 0.017 0.033 0.052 0.065 0.019 0.029 0.041 0.053 0.015 0.021 0.029 0.231 0.081 0.005 0.017 0.041
167 L 0.041 0.023 0.015 0.015 0.014 0.014 0.02 0.022 0.012 0.1 0.312 0.023 0.042 0.146 0.013 0.024 0.031 0.01 0.04 0.084
168 F 0.033 0.019 0.017 0.017 0.01 0.01 0.019 0.025 0.017 0.062 0.113 0.019 0.025 0.396 0.01 0.025 0.025 0.017 0.087 0.054
169 H 0.041 0.045 0.053 0.038 0.007 0.038 0.053 0.038 0.365 0.023 0.038 0.045 0.015 0.03 0.019 0.041 0.026 0.007 0.056 0.023
170 L 0.056 0.025 0.036 0.025 0.016 0.018 0.025 0.029 0.011 0.161 0.186 0.03 0.034 0.039 0.018 0.048 0.074 0.006 0.02 0.141
171 T 0.074 0.035 0.043 0.038 0.018 0.027 0.039 0.044 0.014 0.051 0.063 0.045 0.019 0.023 0.027 0.098 0.249 0.006 0.018 0.069
172 A 0.301 0.031 0.025 0.029 0.021 0.025 0.04 0.077 0.015 0.043 0.059 0.044 0.017 0.021 0.029 0.084 0.049 0.005 0.017 0.068
173 L 0.044 0.024 0.014 0.015 0.016 0.016 0.02 0.021 0.01 0.114 0.385 0.025 0.049 0.054 0.014 0.024 0.033 0.007 0.022 0.095
174 F 0.036 0.02 0.016 0.016 0.012 0.012 0.019 0.024 0.015 0.075 0.181 0.02 0.031 0.31 0.011 0.025 0.027 0.014 0.071 0.064
175 L 0.049 0.027 0.018 0.018 0.016 0.022 0.024 0.025 0.013 0.132 0.237 0.031 0.12 0.048 0.015 0.031 0.038 0.007 0.023 0.105
176 I 0.046 0.018 0.014 0.017 0.016 0.013 0.018 0.02 0.009 0.273 0.176 0.023 0.037 0.044 0.014 0.025 0.039 0.006 0.02 0.17
177 P 0.056 0.025 0.023 0.031 0.01 0.02 0.036 0.036 0.013 0.025 0.036 0.041 0.01 0.013 0.501 0.043 0.036 0.003 0.013 0.031
178 F 0.033 0.019 0.017 0.017 0.01 0.01 0.019 0.025 0.017 0.062 0.113 0.019 0.025 0.396 0.01 0.025 0.025 0.017 0.087 0.054
179 Y 0.04 0.028 0.021 0.018 0.009 0.021 0.028 0.025 0.046 0.043 0.067 0.031 0.018 0.129 0.015 0.031 0.028 0.028 0.328 0.046
180 F 0.035 0.02 0.016 0.016 0.011 0.011 0.019 0.024 0.015 0.071 0.16 0.02 0.029 0.337 0.011 0.025 0.026 0.015 0.076 0.061
181 L 0.044 0.022 0.014 0.016 0.016 0.015 0.019 0.021 0.01 0.156 0.33 0.025 0.046 0.051 0.014 0.024 0.034 0.007 0.022 0.115
182 V 0.063 0.022 0.016 0.017 0.018 0.016 0.022 0.023 0.009 0.15 0.192 0.026 0.036 0.04 0.016 0.03 0.045 0.006 0.021 0.233
183 N 0.042 0.044 0.258 0.071 0.009 0.034 0.05 0.058 0.114 0.022 0.033 0.051 0.012 0.021 0.02 0.062 0.043 0.005 0.026 0.026
184 L 0.044 0.024 0.014 0.015 0.016 0.016 0.02 0.021 0.01 0.114 0.385 0.025 0.049 0.054 0.014 0.024 0.033 0.007 0.022 0.095
185 R 0.044 0.197 0.1 0.043 0.008 0.043 0.053 0.041 0.11 0.023 0.041 0.099 0.014 0.02 0.02 0.049 0.036 0.006 0.027 0.028
186 I 0.053 0.019 0.015 0.017 0.017 0.014 0.019 0.022 0.008 0.245 0.154 0.024 0.035 0.041 0.015 0.027 0.042 0.006 0.02 0.207
187 K 0.055 0.116 0.04 0.04 0.009 0.052 0.068 0.042 0.02 0.033 0.046 0.274 0.016 0.016 0.026 0.052 0.039 0.005 0.017 0.035
188 L 0.063 0.028 0.026 0.027 0.015 0.021 0.032 0.036 0.013 0.079 0.201 0.036 0.03 0.035 0.14 0.081 0.046 0.005 0.018 0.069
189 L 0.109 0.025 0.019 0.023 0.017 0.02 0.039 0.036 0.012 0.135 0.215 0.032 0.035 0.04 0.019 0.042 0.044 0.006 0.02 0.113
190 Y 0.04 0.032 0.098 0.034 0.009 0.024 0.033 0.034 0.042 0.038 0.058 0.036 0.017 0.101 0.017 0.04 0.033 0.022 0.25 0.041
191 K 0.056 0.106 0.041 0.041 0.008 0.053 0.07 0.043 0.02 0.027 0.043 0.289 0.015 0.015 0.027 0.053 0.039 0.005 0.017 0.032
192 I 0.052 0.02 0.015 0.017 0.017 0.015 0.019 0.022 0.009 0.216 0.199 0.024 0.037 0.043 0.015 0.027 0.041 0.006 0.021 0.187
193 L 0.049 0.022 0.016 0.017 0.016 0.015 0.021 0.023 0.01 0.166 0.252 0.025 0.04 0.062 0.015 0.029 0.048 0.007 0.024 0.143
194 L 0.147 0.025 0.019 0.021 0.018 0.019 0.027 0.043 0.011 0.127 0.199 0.032 0.033 0.038 0.02 0.048 0.041 0.006 0.02 0.104
195 T 0.14 0.03 0.031 0.03 0.019 0.024 0.035 0.048 0.013 0.077 0.079 0.04 0.022 0.026 0.025 0.074 0.143 0.006 0.018 0.122
196 F 0.033 0.019 0.017 0.017 0.01 0.01 0.019 0.025 0.017 0.062 0.113 0.019 0.025 0.396 0.01 0.025 0.025 0.017 0.087 0.054
197 L 0.047 0.022 0.016 0.017 0.016 0.016 0.021 0.023 0.011 0.151 0.283 0.025 0.042 0.081 0.015 0.035 0.036 0.007 0.027 0.11
198 G 0.086 0.028 0.043 0.038 0.013 0.023 0.033 0.382 0.015 0.022 0.032 0.039 0.011 0.017 0.022 0.105 0.045 0.005 0.013 0.029
199 S 0.108 0.04 0.053 0.048 0.017 0.033 0.052 0.065 0.019 0.029 0.041 0.053 0.015 0.021 0.029 0.231 0.081 0.005 0.017 0.041
200 L 0.044 0.024 0.014 0.015 0.016 0.016 0.02 0.021 0.01 0.114 0.385 0.025 0.049 0.054 0.014 0.024 0.033 0.007 0.022 0.095
201 F 0.038 0.02 0.016 0.016 0.013 0.012 0.019 0.023 0.014 0.117 0.18 0.021 0.032 0.254 0.012 0.025 0.03 0.012 0.06 0.087
202 L 0.055 0.025 0.022 0.022 0.016 0.017 0.025 0.028 0.012 0.098 0.172 0.029 0.031 0.127 0.017 0.043 0.091 0.009 0.037 0.125
203 S 0.1 0.035 0.05 0.044 0.016 0.029 0.045 0.178 0.018 0.027 0.038 0.048 0.014 0.019 0.027 0.186 0.068 0.005 0.016 0.037
204 R 0.055 0.151 0.039 0.049 0.008 0.049 0.117 0.113 0.021 0.023 0.04 0.145 0.014 0.016 0.023 0.05 0.035 0.005 0.016 0.03
205 F 0.042 0.02 0.016 0.017 0.013 0.013 0.019 0.023 0.014 0.138 0.157 0.022 0.031 0.207 0.013 0.026 0.033 0.012 0.066 0.117
206 L 0.044 0.024 0.014 0.015 0.016 0.016 0.02 0.021 0.01 0.114 0.385 0.025 0.049 0.054 0.014 0.024 0.033 0.007 0.022 0.095
207 V 0.058 0.02 0.015 0.017 0.017 0.015 0.02 0.022 0.008 0.222 0.147 0.024 0.034 0.039 0.015 0.029 0.044 0.006 0.02 0.227
208 L 0.094 0.033 0.037 0.035 0.017 0.026 0.038 0.048 0.015 0.069 0.14 0.042 0.026 0.031 0.024 0.128 0.104 0.006 0.019 0.069
209 Y 0.047 0.026 0.02 0.018 0.012 0.02 0.026 0.024 0.037 0.073 0.083 0.029 0.022 0.105 0.016 0.031 0.033 0.022 0.251 0.104
210 L 0.042 0.02 0.015 0.017 0.015 0.013 0.018 0.022 0.011 0.177 0.218 0.023 0.037 0.135 0.013 0.025 0.034 0.009 0.038 0.12
211 A 0.204 0.035 0.039 0.039 0.019 0.029 0.046 0.071 0.017 0.036 0.05 0.049 0.016 0.021 0.029 0.158 0.065 0.005 0.017 0.055
212 S 0.138 0.035 0.049 0.132 0.016 0.03 0.058 0.062 0.017 0.032 0.043 0.048 0.015 0.019 0.027 0.143 0.07 0.005 0.016 0.045
213 T 0.08 0.035 0.044 0.039 0.017 0.028 0.041 0.047 0.015 0.058 0.063 0.046 0.019 0.024 0.027 0.123 0.203 0.006 0.018 0.068
214 N 0.042 0.044 0.327 0.082 0.009 0.033 0.049 0.064 0.031 0.022 0.031 0.053 0.011 0.018 0.02 0.069 0.049 0.004 0.015 0.027
215 D 0.047 0.04 0.054 0.245 0.007 0.055 0.188 0.041 0.022 0.022 0.032 0.06 0.011 0.015 0.024 0.053 0.036 0.005 0.014 0.028
216 R 0.044 0.355 0.038 0.031 0.008 0.048 0.052 0.032 0.023 0.023 0.046 0.118 0.015 0.017 0.019 0.044 0.034 0.006 0.017 0.031
217 Y 0.04 0.028 0.021 0.018 0.009 0.021 0.028 0.025 0.046 0.043 0.067 0.031 0.018 0.129 0.015 0.031 0.028 0.028 0.328 0.046
218 E 0.054 0.049 0.04 0.089 0.007 0.064 0.307 0.034 0.025 0.022 0.036 0.074 0.013 0.016 0.025 0.054 0.036 0.005 0.016 0.031
219 G 0.084 0.03 0.06 0.075 0.013 0.026 0.042 0.285 0.017 0.023 0.033 0.043 0.012 0.018 0.023 0.119 0.05 0.005 0.013 0.031
220 Y 0.04 0.028 0.021 0.018 0.009 0.021 0.028 0.025 0.046 0.043 0.067 0.031 0.018 0.129 0.015 0.031 0.028 0.028 0.328 0.046
221 A 0.243 0.033 0.034 0.035 0.02 0.027 0.043 0.074 0.016 0.039 0.053 0.047 0.017 0.021 0.029 0.128 0.059 0.005 0.017 0.06
222 E 0.061 0.064 0.042 0.053 0.011 0.092 0.129 0.041 0.022 0.032 0.047 0.119 0.017 0.017 0.026 0.067 0.094 0.006 0.018 0.042
223 A 0.176 0.028 0.026 0.027 0.02 0.023 0.034 0.052 0.012 0.085 0.083 0.038 0.022 0.026 0.024 0.068 0.091 0.005 0.018 0.14
224 S 0.156 0.037 0.046 0.043 0.018 0.031 0.049 0.068 0.018 0.033 0.046 0.051 0.016 0.021 0.029 0.195 0.073 0.005 0.017 0.048
225 E 0.054 0.047 0.043 0.117 0.008 0.06 0.281 0.036 0.025 0.022 0.036 0.071 0.013 0.016 0.025 0.055 0.041 0.005 0.016 0.031
226 E 0.065 0.06 0.115 0.065 0.01 0.046 0.119 0.052 0.024 0.025 0.038 0.117 0.014 0.017 0.025 0.102 0.051 0.005 0.017 0.033
227 A 0.187 0.036 0.042 0.04 0.019 0.03 0.047 0.07 0.017 0.035 0.048 0.049 0.016 0.021 0.029 0.171 0.068 0.005 0.017 0.052
228 G 0.077 0.023 0.039 0.033 0.011 0.019 0.025 0.517 0.013 0.019 0.028 0.033 0.009 0.016 0.019 0.051 0.029 0.005 0.011 0.024
229 G 0.077 0.023 0.039 0.033 0.011 0.019 0.025 0.517 0.013 0.019 0.028 0.033 0.009 0.016 0.019 0.051 0.029 0.005 0.011 0.024
230 L 0.046 0.022 0.015 0.016 0.015 0.014 0.02 0.023 0.012 0.108 0.225 0.023 0.036 0.169 0.013 0.026 0.034 0.01 0.044 0.127
231 L 0.044 0.024 0.014 0.015 0.016 0.016 0.02 0.021 0.01 0.122 0.374 0.025 0.048 0.053 0.014 0.024 0.033 0.007 0.022 0.099
232 T 0.071 0.039 0.043 0.037 0.017 0.028 0.04 0.043 0.014 0.051 0.063 0.057 0.019 0.023 0.027 0.089 0.247 0.006 0.018 0.068
233 L 0.041 0.022 0.015 0.015 0.015 0.015 0.02 0.022 0.012 0.105 0.312 0.023 0.043 0.139 0.013 0.024 0.031 0.009 0.038 0.086
234 G 0.098 0.023 0.03 0.028 0.012 0.017 0.026 0.303 0.014 0.038 0.071 0.031 0.016 0.114 0.018 0.048 0.031 0.008 0.031 0.042
235 F 0.033 0.019 0.017 0.017 0.01 0.01 0.019 0.025 0.017 0.062 0.113 0.019 0.025 0.396 0.01 0.025 0.025 0.017 0.087 0.054
236 Y 0.04 0.028 0.021 0.018 0.009 0.021 0.028 0.025 0.046 0.043 0.067 0.031 0.018 0.129 0.015 0.031 0.028 0.028 0.328 0.046
237 L 0.064 0.028 0.028 0.026 0.04 0.02 0.029 0.033 0.012 0.088 0.159 0.033 0.029 0.07 0.02 0.057 0.136 0.007 0.026 0.094
238 V 0.09 0.021 0.017 0.019 0.018 0.016 0.023 0.03 0.01 0.172 0.128 0.027 0.03 0.072 0.017 0.036 0.044 0.007 0.027 0.197
239 L 0.046 0.023 0.015 0.016 0.016 0.016 0.02 0.021 0.01 0.156 0.31 0.025 0.051 0.05 0.014 0.025 0.036 0.007 0.022 0.123
240 L 0.061 0.029 0.026 0.025 0.016 0.023 0.03 0.034 0.014 0.084 0.224 0.034 0.069 0.078 0.018 0.079 0.046 0.008 0.028 0.076
241 L 0.044 0.019 0.015 0.017 0.015 0.013 0.019 0.022 0.011 0.187 0.19 0.023 0.035 0.133 0.014 0.025 0.035 0.009 0.037 0.137
242 L 0.045 0.024 0.015 0.016 0.016 0.017 0.02 0.022 0.01 0.137 0.333 0.026 0.059 0.052 0.014 0.025 0.035 0.007 0.022 0.106
243 L 0.047 0.021 0.016 0.018 0.016 0.015 0.02 0.022 0.01 0.215 0.222 0.025 0.046 0.046 0.015 0.028 0.048 0.006 0.021 0.143
244 Y 0.04 0.024 0.019 0.018 0.011 0.017 0.023 0.024 0.03 0.095 0.11 0.026 0.031 0.175 0.014 0.028 0.03 0.02 0.191 0.074
245 I 0.049 0.019 0.015 0.017 0.015 0.013 0.019 0.023 0.011 0.199 0.18 0.023 0.035 0.133 0.014 0.026 0.035 0.009 0.037 0.131
246 L 0.093 0.024 0.023 0.023 0.017 0.018 0.026 0.13 0.011 0.101 0.16 0.03 0.029 0.034 0.018 0.05 0.043 0.006 0.018 0.146
247 S 0.075 0.042 0.112 0.049 0.015 0.028 0.042 0.053 0.019 0.09 0.07 0.047 0.02 0.026 0.023 0.135 0.061 0.005 0.018 0.071
248 Y 0.045 0.129 0.031 0.027 0.009 0.036 0.044 0.031 0.034 0.034 0.056 0.117 0.017 0.073 0.019 0.04 0.032 0.017 0.172 0.039
249 L 0.045 0.021 0.015 0.016 0.015 0.014 0.019 0.022 0.011 0.145 0.233 0.023 0.038 0.135 0.014 0.026 0.034 0.009 0.038 0.128
250 Y 0.04 0.028 0.021 0.018 0.009 0.021 0.028 0.025 0.046 0.043 0.067 0.031 0.018 0.129 0.015 0.031 0.028 0.028 0.328 0.046
251 K 0.053 0.09 0.112 0.051 0.009 0.048 0.064 0.048 0.023 0.026 0.04 0.23 0.014 0.016 0.025 0.057 0.042 0.005 0.017 0.031
252 I 0.046 0.017 0.014 0.017 0.016 0.013 0.017 0.02 0.009 0.282 0.165 0.023 0.036 0.044 0.014 0.025 0.039 0.006 0.02 0.174
253 R 0.049 0.241 0.039 0.035 0.008 0.05 0.06 0.037 0.022 0.025 0.044 0.196 0.015 0.016 0.023 0.048 0.037 0.005 0.017 0.031
254 D 0.04 0.03 0.081 0.39 0.007 0.03 0.088 0.047 0.019 0.022 0.028 0.045 0.009 0.015 0.022 0.052 0.036 0.004 0.011 0.024
255 K 0.051 0.08 0.047 0.145 0.008 0.049 0.143 0.04 0.021 0.027 0.039 0.15 0.013 0.016 0.025 0.052 0.037 0.005 0.015 0.035
256 Y 0.053 0.032 0.065 0.117 0.01 0.029 0.066 0.039 0.034 0.034 0.05 0.041 0.015 0.073 0.02 0.06 0.037 0.016 0.171 0.038
257 F 0.038 0.022 0.017 0.017 0.012 0.015 0.021 0.024 0.022 0.07 0.169 0.023 0.029 0.244 0.013 0.026 0.028 0.017 0.131 0.062
258 L 0.047 0.039 0.1 0.04 0.012 0.072 0.047 0.036 0.02 0.128 0.135 0.048 0.028 0.031 0.018 0.043 0.041 0.006 0.019 0.09
259 K 0.056 0.094 0.042 0.043 0.009 0.112 0.081 0.042 0.023 0.027 0.044 0.221 0.017 0.015 0.026 0.054 0.04 0.005 0.018 0.033
260 L 0.045 0.022 0.014 0.016 0.016 0.015 0.019 0.021 0.01 0.173 0.308 0.024 0.044 0.05 0.014 0.024 0.035 0.007 0.021 0.123
261 F 0.039 0.022 0.017 0.017 0.012 0.015 0.021 0.023 0.021 0.098 0.167 0.024 0.03 0.208 0.013 0.026 0.029 0.016 0.124 0.077
262 L 0.08 0.032 0.034 0.031 0.017 0.025 0.035 0.041 0.014 0.068 0.152 0.04 0.04 0.033 0.023 0.09 0.145 0.006 0.019 0.074
263 F 0.033 0.019 0.017 0.017 0.01 0.01 0.019 0.025 0.017 0.062 0.113 0.019 0.025 0.396 0.01 0.025 0.025 0.017 0.087 0.054
264 Y 0.04 0.028 0.021 0.018 0.009 0.021 0.028 0.025 0.046 0.043 0.067 0.031 0.018 0.129 0.015 0.031 0.028 0.028 0.328 0.046
265 A 0.211 0.028 0.027 0.028 0.138 0.023 0.035 0.063 0.013 0.042 0.058 0.039 0.017 0.021 0.026 0.088 0.059 0.005 0.016 0.062
266 L 0.068 0.03 0.031 0.029 0.017 0.023 0.032 0.038 0.013 0.097 0.184 0.037 0.031 0.036 0.021 0.093 0.102 0.006 0.019 0.092
267 G 0.077 0.023 0.039 0.033 0.011 0.019 0.025 0.517 0.013 0.019 0.028 0.033 0.009 0.016 0.019 0.051 0.029 0.005 0.011 0.024
268 V 0.06 0.02 0.016 0.017 0.018 0.015 0.021 0.023 0.008 0.21 0.143 0.025 0.033 0.039 0.016 0.029 0.045 0.006 0.02 0.237
269 V 0.106 0.023 0.018 0.02 0.017 0.017 0.025 0.035 0.012 0.113 0.11 0.028 0.027 0.123 0.017 0.041 0.043 0.008 0.036 0.181
270 F 0.033 0.019 0.017 0.017 0.01 0.01 0.019 0.025 0.017 0.062 0.113 0.019 0.025 0.396 0.01 0.025 0.025 0.017 0.087 0.054
271 L 0.051 0.027 0.017 0.018 0.016 0.021 0.024 0.025 0.013 0.135 0.23 0.03 0.107 0.047 0.015 0.031 0.039 0.007 0.022 0.125
272 I 0.046 0.019 0.014 0.017 0.016 0.014 0.018 0.02 0.009 0.24 0.22 0.024 0.039 0.046 0.014 0.024 0.038 0.006 0.021 0.154
273 P 0.056 0.025 0.023 0.031 0.01 0.02 0.036 0.036 0.013 0.025 0.036 0.041 0.01 0.013 0.501 0.043 0.036 0.003 0.013 0.031
274 L 0.053 0.02 0.015 0.017 0.017 0.015 0.02 0.022 0.009 0.204 0.209 0.024 0.038 0.044 0.015 0.027 0.04 0.006 0.021 0.186
275 A 0.238 0.031 0.024 0.027 0.02 0.026 0.037 0.065 0.015 0.057 0.092 0.042 0.056 0.028 0.026 0.072 0.047 0.006 0.019 0.074
276 L 0.049 0.029 0.018 0.018 0.016 0.023 0.025 0.025 0.014 0.108 0.258 0.032 0.128 0.05 0.015 0.031 0.037 0.008 0.023 0.094
277 L 0.044 0.024 0.014 0.015 0.016 0.016 0.02 0.021 0.01 0.114 0.385 0.025 0.049 0.054 0.014 0.024 0.033 0.007 0.022 0.095
278 G 0.079 0.033 0.043 0.051 0.011 0.033 0.102 0.284 0.018 0.022 0.033 0.049 0.012 0.017 0.023 0.097 0.044 0.005 0.014 0.03
279 A 0.141 0.032 0.032 0.031 0.018 0.025 0.037 0.052 0.014 0.06 0.138 0.041 0.025 0.03 0.025 0.1 0.104 0.006 0.018 0.07
280 N 0.057 0.043 0.265 0.074 0.011 0.033 0.049 0.064 0.028 0.024 0.033 0.053 0.012 0.018 0.022 0.106 0.056 0.005 0.016 0.03
281 P 0.078 0.026 0.023 0.03 0.011 0.021 0.036 0.039 0.013 0.027 0.038 0.041 0.011 0.013 0.458 0.047 0.037 0.003 0.013 0.034
282 S 0.108 0.04 0.053 0.048 0.017 0.033 0.052 0.065 0.019 0.029 0.041 0.053 0.015 0.021 0.029 0.231 0.081 0.005 0.017 0.041
283 G 0.077 0.023 0.039 0.033 0.011 0.019 0.025 0.517 0.013 0.019 0.028 0.033 0.009 0.016 0.019 0.051 0.029 0.005 0.011 0.024
284 P 0.056 0.025 0.023 0.031 0.01 0.02 0.036 0.036 0.013 0.025 0.036 0.041 0.01 0.013 0.501 0.043 0.036 0.003 0.013 0.031
285 Q 0.055 0.072 0.043 0.046 0.009 0.226 0.101 0.041 0.029 0.026 0.046 0.09 0.02 0.014 0.023 0.055 0.041 0.006 0.02 0.035
286 R 0.044 0.355 0.038 0.031 0.008 0.048 0.052 0.032 0.023 0.023 0.046 0.118 0.015 0.017 0.019 0.044 0.034 0.006 0.017 0.031
287 L 0.044 0.023 0.014 0.015 0.016 0.016 0.02 0.021 0.01 0.137 0.354 0.025 0.047 0.052 0.014 0.024 0.034 0.007 0.022 0.106
288 L 0.044 0.023 0.014 0.015 0.016 0.016 0.02 0.021 0.01 0.129 0.365 0.025 0.048 0.053 0.014 0.024 0.033 0.007 0.022 0.102
289 P 0.098 0.035 0.109 0.047 0.014 0.028 0.043 0.055 0.019 0.035 0.046 0.047 0.015 0.019 0.121 0.095 0.108 0.005 0.016 0.047
290 Y 0.04 0.028 0.021 0.018 0.009 0.021 0.028 0.025 0.046 0.043 0.067 0.031 0.018 0.129 0.015 0.031 0.028 0.028 0.328 0.046
291 F 0.033 0.019 0.017 0.017 0.01 0.01 0.019 0.025 0.017 0.062 0.113 0.019 0.025 0.396 0.01 0.025 0.025 0.017 0.087 0.054
292 T 0.072 0.035 0.043 0.037 0.018 0.027 0.039 0.043 0.014 0.053 0.064 0.045 0.019 0.023 0.027 0.091 0.258 0.006 0.018 0.07
293 W 0.03 0.022 0.015 0.015 0.007 0.015 0.022 0.03 0.015 0.03 0.052 0.022 0.015 0.06 0.007 0.022 0.022 0.5 0.067 0.03
294 T 0.074 0.029 0.032 0.029 0.018 0.022 0.032 0.036 0.011 0.108 0.093 0.037 0.025 0.029 0.023 0.067 0.168 0.006 0.019 0.143
295 L 0.044 0.024 0.014 0.015 0.016 0.016 0.02 0.021 0.01 0.114 0.385 0.025 0.049 0.054 0.014 0.024 0.033 0.007 0.022 0.095
296 V 0.126 0.024 0.018 0.02 0.019 0.018 0.027 0.037 0.01 0.138 0.113 0.03 0.028 0.032 0.019 0.045 0.048 0.005 0.02 0.222
297 L 0.044 0.024 0.014 0.015 0.016 0.016 0.02 0.021 0.01 0.114 0.385 0.025 0.049 0.054 0.014 0.024 0.033 0.007 0.022 0.095
298 L 0.045 0.02 0.014 0.016 0.016 0.014 0.018 0.021 0.009 0.216 0.251 0.024 0.041 0.048 0.014 0.024 0.037 0.006 0.021 0.143
299 L 0.045 0.022 0.014 0.016 0.016 0.015 0.019 0.021 0.01 0.157 0.324 0.025 0.045 0.051 0.014 0.024 0.035 0.007 0.022 0.119
300 P 0.056 0.025 0.023 0.031 0.01 0.02 0.036 0.036 0.013 0.025 0.036 0.041 0.01 0.013 0.501 0.043 0.036 0.003 0.013 0.031
301 F 0.042 0.021 0.017 0.017 0.013 0.014 0.021 0.025 0.016 0.101 0.127 0.023 0.043 0.259 0.013 0.027 0.031 0.014 0.076 0.101
302 L 0.117 0.024 0.018 0.02 0.018 0.018 0.025 0.037 0.011 0.155 0.189 0.03 0.04 0.039 0.019 0.042 0.041 0.006 0.02 0.131
303 L 0.04 0.023 0.016 0.016 0.013 0.015 0.021 0.023 0.017 0.089 0.263 0.024 0.038 0.158 0.013 0.025 0.03 0.013 0.086 0.076
304 K 0.056 0.101 0.041 0.044 0.008 0.062 0.083 0.042 0.021 0.027 0.042 0.268 0.015 0.015 0.027 0.053 0.039 0.005 0.017 0.032
305 K 0.052 0.196 0.04 0.037 0.008 0.051 0.063 0.039 0.021 0.026 0.044 0.227 0.015 0.016 0.024 0.05 0.037 0.005 0.017 0.032
306 I 0.047 0.018 0.015 0.017 0.016 0.013 0.018 0.02 0.009 0.278 0.166 0.024 0.039 0.044 0.015 0.025 0.039 0.006 0.02 0.172
307 N 0.042 0.044 0.327 0.082 0.009 0.033 0.049 0.064 0.031 0.022 0.031 0.053 0.011 0.018 0.02 0.069 0.049 0.004 0.015 0.027
308 N 0.042 0.044 0.327 0.082 0.009 0.033 0.049 0.064 0.031 0.022 0.031 0.053 0.011 0.018 0.02 0.069 0.049 0.004 0.015 0.027
309 L 0.054 0.027 0.047 0.025 0.015 0.018 0.025 0.028 0.012 0.184 0.195 0.041 0.035 0.041 0.016 0.032 0.04 0.006 0.02 0.14
310 Y 0.04 0.028 0.021 0.018 0.009 0.021 0.028 0.025 0.046 0.043 0.067 0.031 0.018 0.129 0.015 0.031 0.028 0.028 0.328 0.046
311 I 0.054 0.02 0.015 0.017 0.017 0.015 0.02 0.022 0.009 0.214 0.188 0.024 0.037 0.042 0.015 0.027 0.041 0.006 0.021 0.197
312 Y 0.056 0.032 0.047 0.031 0.013 0.025 0.034 0.036 0.029 0.047 0.064 0.039 0.019 0.071 0.022 0.063 0.144 0.016 0.157 0.057
313 L 0.076 0.027 0.027 0.027 0.017 0.021 0.03 0.036 0.012 0.144 0.177 0.034 0.035 0.038 0.02 0.084 0.064 0.006 0.02 0.106
314 I 0.106 0.027 0.027 0.028 0.017 0.021 0.03 0.041 0.012 0.151 0.113 0.036 0.027 0.032 0.022 0.073 0.1 0.006 0.019 0.113
315 S 0.151 0.036 0.044 0.041 0.018 0.03 0.046 0.065 0.017 0.046 0.053 0.049 0.017 0.022 0.028 0.177 0.08 0.005 0.017 0.056
316 I 0.049 0.018 0.015 0.017 0.016 0.013 0.019 0.022 0.01 0.227 0.151 0.023 0.034 0.095 0.014 0.026 0.039 0.007 0.03 0.176
317 I 0.045 0.019 0.015 0.017 0.015 0.013 0.018 0.022 0.011 0.199 0.156 0.022 0.033 0.146 0.013 0.025 0.036 0.009 0.04 0.146
318 L 0.044 0.022 0.014 0.016 0.016 0.015 0.019 0.021 0.01 0.143 0.325 0.024 0.045 0.069 0.014 0.024 0.034 0.007 0.025 0.111
319 F 0.108 0.026 0.029 0.028 0.014 0.019 0.032 0.07 0.017 0.048 0.08 0.033 0.02 0.208 0.019 0.09 0.044 0.011 0.052 0.052
