#Seq2Logo.py -f /work3/idamei/ssn-clusterings/clustering/2205181126/clusters/0009_175/sequences.afa -o /work3/idamei/ssn-clusterings/clustering/2205181126/clusters/0009_175/sequences.logo
#Position Specific Frequency Matrix
A R N D C Q E G H I L K M F P S T W Y V
0 L 0.051 0.031 0.02 0.02 0.016 0.027 0.027 0.027 0.016 0.098 0.192 0.035 0.183 0.047 0.016 0.035 0.039 0.008 0.023 0.09
1 V 0.067 0.024 0.022 0.022 0.018 0.018 0.026 0.028 0.009 0.151 0.118 0.03 0.029 0.033 0.018 0.044 0.095 0.006 0.02 0.224
2 F 0.036 0.023 0.019 0.017 0.01 0.016 0.023 0.024 0.032 0.051 0.087 0.025 0.021 0.255 0.013 0.028 0.026 0.022 0.221 0.049
3 L 0.085 0.023 0.016 0.018 0.017 0.016 0.022 0.029 0.01 0.156 0.27 0.027 0.04 0.045 0.016 0.033 0.037 0.006 0.02 0.114
4 F 0.058 0.02 0.016 0.017 0.013 0.013 0.02 0.027 0.014 0.103 0.158 0.022 0.029 0.265 0.013 0.029 0.03 0.012 0.061 0.079
5 L 0.059 0.024 0.019 0.019 0.017 0.018 0.024 0.026 0.01 0.125 0.219 0.028 0.036 0.04 0.017 0.038 0.076 0.006 0.02 0.18
6 L 0.045 0.023 0.014 0.015 0.053 0.015 0.019 0.022 0.01 0.107 0.367 0.024 0.046 0.051 0.014 0.025 0.033 0.007 0.021 0.091
7 F 0.049 0.025 0.022 0.021 0.013 0.018 0.025 0.03 0.015 0.074 0.178 0.028 0.053 0.209 0.015 0.059 0.037 0.011 0.051 0.066
8 F 0.035 0.021 0.018 0.017 0.01 0.014 0.021 0.025 0.025 0.056 0.097 0.022 0.023 0.318 0.012 0.026 0.025 0.02 0.163 0.051
9 C 0.064 0.019 0.02 0.019 0.424 0.014 0.019 0.033 0.009 0.045 0.063 0.024 0.016 0.02 0.018 0.047 0.071 0.004 0.013 0.057
10 T 0.113 0.035 0.041 0.037 0.018 0.027 0.04 0.051 0.014 0.047 0.059 0.045 0.018 0.022 0.027 0.112 0.204 0.006 0.017 0.064
11 L 0.085 0.024 0.021 0.021 0.015 0.017 0.025 0.034 0.013 0.09 0.186 0.028 0.031 0.151 0.017 0.043 0.069 0.009 0.04 0.079
12 Y 0.04 0.026 0.02 0.018 0.01 0.02 0.026 0.024 0.04 0.081 0.082 0.029 0.021 0.114 0.015 0.029 0.029 0.024 0.287 0.065
13 F 0.041 0.023 0.017 0.017 0.013 0.016 0.021 0.024 0.014 0.112 0.182 0.025 0.075 0.201 0.013 0.027 0.032 0.011 0.05 0.086
14 Y 0.039 0.027 0.021 0.018 0.009 0.021 0.027 0.024 0.045 0.042 0.067 0.03 0.018 0.127 0.015 0.03 0.027 0.027 0.338 0.045
15 L 0.1 0.027 0.028 0.027 0.016 0.021 0.03 0.11 0.013 0.094 0.163 0.035 0.028 0.033 0.021 0.077 0.076 0.006 0.018 0.08
16 I 0.055 0.019 0.015 0.017 0.017 0.014 0.02 0.022 0.008 0.235 0.147 0.024 0.034 0.039 0.015 0.028 0.043 0.006 0.02 0.222
17 E 0.052 0.062 0.042 0.062 0.008 0.107 0.182 0.037 0.075 0.024 0.04 0.106 0.015 0.017 0.024 0.052 0.036 0.006 0.023 0.031
18 K 0.05 0.162 0.082 0.05 0.008 0.049 0.096 0.041 0.023 0.024 0.04 0.179 0.014 0.016 0.023 0.052 0.038 0.005 0.017 0.03
19 Y 0.047 0.025 0.02 0.019 0.012 0.019 0.025 0.025 0.03 0.113 0.096 0.029 0.024 0.088 0.016 0.034 0.05 0.018 0.201 0.109
20 S 0.11 0.04 0.054 0.049 0.018 0.033 0.052 0.066 0.019 0.03 0.042 0.054 0.016 0.021 0.03 0.22 0.082 0.005 0.018 0.042
21 T 0.073 0.036 0.043 0.038 0.018 0.028 0.039 0.043 0.014 0.053 0.065 0.045 0.02 0.024 0.028 0.093 0.246 0.006 0.018 0.071
22 R 0.045 0.345 0.039 0.031 0.008 0.048 0.052 0.033 0.023 0.023 0.047 0.12 0.016 0.017 0.019 0.045 0.035 0.006 0.017 0.031
23 N 0.043 0.045 0.317 0.083 0.009 0.034 0.049 0.065 0.032 0.022 0.032 0.054 0.011 0.018 0.02 0.07 0.049 0.004 0.016 0.027
24 K 0.061 0.159 0.042 0.038 0.011 0.044 0.057 0.042 0.02 0.029 0.046 0.175 0.016 0.017 0.025 0.082 0.076 0.005 0.017 0.038
25 V 0.096 0.024 0.02 0.022 0.017 0.018 0.027 0.034 0.01 0.119 0.14 0.031 0.028 0.032 0.088 0.043 0.059 0.005 0.019 0.169
26 G 0.063 0.094 0.107 0.047 0.01 0.036 0.049 0.118 0.072 0.024 0.037 0.093 0.013 0.019 0.022 0.093 0.046 0.005 0.021 0.03
27 F 0.044 0.072 0.023 0.021 0.012 0.021 0.027 0.027 0.019 0.092 0.136 0.039 0.027 0.153 0.016 0.037 0.064 0.012 0.084 0.074
28 N 0.043 0.045 0.315 0.083 0.009 0.034 0.05 0.065 0.032 0.023 0.032 0.054 0.011 0.018 0.02 0.07 0.05 0.005 0.016 0.027
29 V 0.07 0.022 0.017 0.018 0.019 0.017 0.023 0.025 0.008 0.165 0.131 0.026 0.032 0.036 0.017 0.033 0.05 0.006 0.021 0.267
30 F 0.034 0.019 0.017 0.017 0.011 0.011 0.019 0.025 0.017 0.064 0.114 0.019 0.025 0.385 0.011 0.025 0.025 0.017 0.089 0.055
31 L 0.045 0.024 0.014 0.015 0.016 0.016 0.02 0.021 0.01 0.116 0.374 0.025 0.05 0.055 0.014 0.024 0.033 0.007 0.022 0.096
32 Y 0.041 0.028 0.022 0.019 0.009 0.022 0.028 0.025 0.047 0.044 0.069 0.031 0.019 0.131 0.016 0.031 0.028 0.028 0.316 0.047
33 F 0.034 0.019 0.017 0.017 0.011 0.011 0.019 0.025 0.017 0.064 0.114 0.019 0.025 0.385 0.011 0.025 0.025 0.017 0.089 0.055
34 L 0.046 0.023 0.018 0.019 0.015 0.016 0.022 0.024 0.011 0.135 0.257 0.026 0.038 0.097 0.015 0.033 0.066 0.008 0.03 0.101
35 L 0.086 0.022 0.016 0.018 0.017 0.016 0.022 0.029 0.01 0.16 0.242 0.027 0.038 0.043 0.016 0.033 0.039 0.006 0.02 0.14
36 L 0.042 0.024 0.02 0.019 0.012 0.016 0.023 0.027 0.018 0.067 0.17 0.026 0.028 0.161 0.014 0.034 0.062 0.084 0.091 0.062
37 L 0.041 0.021 0.015 0.016 0.014 0.014 0.019 0.022 0.012 0.123 0.28 0.023 0.04 0.152 0.013 0.024 0.031 0.009 0.04 0.093
38 P 0.055 0.025 0.023 0.03 0.01 0.02 0.035 0.035 0.013 0.025 0.035 0.04 0.01 0.013 0.508 0.043 0.035 0.003 0.013 0.03
39 P 0.128 0.026 0.023 0.03 0.013 0.021 0.036 0.047 0.013 0.03 0.042 0.041 0.012 0.015 0.371 0.054 0.039 0.003 0.014 0.041
40 F 0.036 0.019 0.016 0.016 0.012 0.011 0.018 0.023 0.014 0.102 0.159 0.02 0.03 0.303 0.011 0.024 0.028 0.014 0.068 0.076
41 L 0.052 0.022 0.017 0.018 0.016 0.016 0.021 0.024 0.01 0.177 0.248 0.026 0.039 0.044 0.015 0.041 0.04 0.006 0.02 0.146
42 V 0.069 0.021 0.016 0.017 0.016 0.015 0.021 0.027 0.011 0.135 0.161 0.024 0.031 0.143 0.015 0.031 0.038 0.009 0.039 0.162
43 Y 0.039 0.027 0.021 0.018 0.009 0.021 0.027 0.024 0.045 0.042 0.067 0.03 0.018 0.127 0.015 0.03 0.027 0.027 0.338 0.045
44 F 0.036 0.019 0.016 0.016 0.012 0.011 0.018 0.023 0.014 0.102 0.159 0.02 0.03 0.303 0.011 0.024 0.028 0.014 0.068 0.076
45 L 0.052 0.026 0.021 0.02 0.015 0.019 0.025 0.028 0.013 0.091 0.274 0.029 0.06 0.098 0.016 0.057 0.039 0.008 0.03 0.08
46 V 0.057 0.02 0.015 0.017 0.017 0.015 0.02 0.022 0.008 0.213 0.161 0.024 0.034 0.04 0.015 0.028 0.043 0.006 0.02 0.225
47 A 0.194 0.035 0.041 0.039 0.019 0.029 0.046 0.069 0.017 0.034 0.048 0.049 0.016 0.021 0.029 0.174 0.066 0.005 0.017 0.052
48 G 0.185 0.03 0.037 0.035 0.017 0.025 0.038 0.201 0.015 0.031 0.044 0.043 0.014 0.019 0.026 0.119 0.052 0.005 0.015 0.047
49 L 0.047 0.025 0.018 0.018 0.016 0.017 0.022 0.024 0.01 0.103 0.346 0.027 0.044 0.049 0.016 0.033 0.066 0.007 0.021 0.09
50 Q 0.054 0.071 0.043 0.046 0.009 0.238 0.1 0.04 0.029 0.026 0.046 0.089 0.02 0.014 0.023 0.054 0.04 0.006 0.02 0.034
51 Y 0.038 0.025 0.02 0.018 0.009 0.019 0.025 0.024 0.039 0.046 0.076 0.028 0.02 0.187 0.014 0.029 0.027 0.025 0.284 0.047
52 N 0.05 0.041 0.251 0.067 0.01 0.031 0.045 0.058 0.031 0.026 0.037 0.049 0.013 0.034 0.02 0.087 0.05 0.008 0.062 0.031
53 V 0.068 0.021 0.016 0.017 0.019 0.016 0.023 0.024 0.008 0.16 0.127 0.025 0.031 0.035 0.016 0.032 0.048 0.005 0.02 0.29
54 G 0.076 0.022 0.038 0.033 0.01 0.018 0.025 0.524 0.013 0.018 0.027 0.033 0.009 0.016 0.018 0.05 0.029 0.005 0.01 0.024
55 S 0.116 0.038 0.049 0.045 0.017 0.031 0.048 0.062 0.018 0.033 0.045 0.051 0.016 0.021 0.029 0.209 0.104 0.005 0.017 0.047
56 D 0.04 0.029 0.067 0.415 0.007 0.029 0.089 0.045 0.018 0.022 0.027 0.043 0.009 0.014 0.022 0.051 0.034 0.004 0.011 0.024
57 Y 0.039 0.027 0.021 0.018 0.009 0.021 0.027 0.024 0.045 0.042 0.067 0.03 0.018 0.127 0.015 0.03 0.027 0.027 0.338 0.045
58 P 0.05 0.024 0.02 0.026 0.011 0.018 0.031 0.032 0.013 0.043 0.097 0.035 0.018 0.074 0.366 0.037 0.033 0.005 0.024 0.042
59 S 0.107 0.039 0.053 0.047 0.017 0.032 0.051 0.064 0.019 0.029 0.041 0.053 0.015 0.02 0.029 0.243 0.08 0.005 0.017 0.041
60 Y 0.039 0.027 0.021 0.018 0.009 0.021 0.027 0.024 0.045 0.042 0.067 0.03 0.018 0.127 0.015 0.03 0.027 0.027 0.338 0.045
61 I 0.046 0.017 0.014 0.017 0.016 0.013 0.017 0.02 0.009 0.292 0.163 0.023 0.036 0.043 0.014 0.024 0.039 0.006 0.02 0.172
62 Y 0.049 0.03 0.028 0.024 0.01 0.024 0.032 0.031 0.065 0.039 0.061 0.034 0.018 0.105 0.017 0.061 0.035 0.023 0.272 0.043
63 I 0.046 0.017 0.014 0.017 0.016 0.013 0.017 0.02 0.009 0.292 0.163 0.023 0.036 0.043 0.014 0.024 0.039 0.006 0.02 0.172
64 Y 0.039 0.027 0.021 0.018 0.009 0.021 0.027 0.024 0.045 0.042 0.067 0.03 0.018 0.127 0.015 0.03 0.027 0.027 0.338 0.045
65 E 0.054 0.05 0.04 0.085 0.007 0.075 0.301 0.034 0.025 0.022 0.036 0.074 0.013 0.016 0.025 0.054 0.036 0.005 0.016 0.031
66 N 0.041 0.044 0.337 0.081 0.009 0.033 0.048 0.063 0.031 0.022 0.031 0.052 0.011 0.017 0.02 0.068 0.048 0.004 0.015 0.026
67 P 0.058 0.049 0.035 0.039 0.01 0.13 0.069 0.04 0.021 0.026 0.041 0.065 0.015 0.014 0.231 0.063 0.041 0.004 0.017 0.033
68 W 0.033 0.026 0.018 0.025 0.007 0.022 0.064 0.03 0.016 0.028 0.049 0.029 0.014 0.053 0.01 0.027 0.024 0.435 0.059 0.03
69 Q 0.056 0.074 0.044 0.047 0.009 0.215 0.103 0.041 0.029 0.026 0.047 0.091 0.021 0.015 0.024 0.056 0.041 0.006 0.021 0.035
70 V 0.061 0.022 0.017 0.017 0.017 0.016 0.022 0.023 0.013 0.162 0.123 0.026 0.03 0.049 0.016 0.031 0.044 0.009 0.065 0.238
71 L 0.042 0.024 0.015 0.015 0.015 0.017 0.021 0.023 0.011 0.098 0.316 0.026 0.063 0.053 0.013 0.025 0.032 0.078 0.028 0.084
72 D 0.049 0.033 0.047 0.21 0.009 0.035 0.135 0.107 0.018 0.034 0.082 0.048 0.016 0.021 0.021 0.048 0.034 0.005 0.014 0.036
73 R 0.048 0.253 0.039 0.034 0.008 0.049 0.058 0.036 0.022 0.024 0.044 0.195 0.015 0.016 0.022 0.047 0.036 0.005 0.017 0.031
74 Y 0.039 0.027 0.021 0.018 0.009 0.021 0.027 0.024 0.045 0.042 0.067 0.03 0.018 0.127 0.015 0.03 0.027 0.027 0.338 0.045
75 F 0.034 0.02 0.017 0.017 0.01 0.012 0.02 0.025 0.021 0.059 0.105 0.02 0.024 0.365 0.011 0.025 0.025 0.018 0.122 0.052
76 N 0.042 0.038 0.252 0.119 0.01 0.029 0.049 0.055 0.026 0.06 0.049 0.047 0.014 0.021 0.019 0.059 0.045 0.004 0.015 0.047
77 S 0.087 0.052 0.048 0.045 0.015 0.064 0.059 0.055 0.02 0.031 0.045 0.092 0.016 0.019 0.027 0.167 0.095 0.005 0.017 0.043
78 G 0.074 0.047 0.038 0.033 0.01 0.02 0.027 0.489 0.014 0.019 0.029 0.039 0.01 0.016 0.018 0.049 0.029 0.005 0.011 0.024
79 E 0.054 0.048 0.039 0.088 0.007 0.063 0.317 0.034 0.025 0.021 0.036 0.073 0.013 0.016 0.025 0.054 0.036 0.005 0.016 0.03
80 Y 0.037 0.025 0.02 0.018 0.009 0.018 0.025 0.024 0.037 0.048 0.079 0.027 0.02 0.206 0.014 0.029 0.026 0.024 0.266 0.048
81 F 0.038 0.021 0.02 0.019 0.011 0.013 0.021 0.027 0.016 0.06 0.104 0.022 0.024 0.35 0.013 0.034 0.059 0.015 0.076 0.056
82 F 0.033 0.018 0.016 0.016 0.01 0.01 0.018 0.025 0.016 0.062 0.111 0.018 0.025 0.405 0.01 0.025 0.025 0.016 0.086 0.053
83 Y 0.039 0.027 0.021 0.018 0.009 0.021 0.027 0.024 0.045 0.042 0.067 0.03 0.018 0.127 0.015 0.03 0.027 0.027 0.338 0.045
84 Y 0.039 0.027 0.021 0.018 0.009 0.021 0.027 0.024 0.045 0.042 0.067 0.03 0.018 0.127 0.015 0.03 0.027 0.027 0.338 0.045
85 S 0.142 0.034 0.041 0.039 0.018 0.028 0.044 0.061 0.016 0.069 0.062 0.046 0.019 0.024 0.027 0.177 0.067 0.005 0.017 0.065
86 N 0.042 0.041 0.291 0.071 0.01 0.03 0.044 0.057 0.028 0.035 0.082 0.048 0.016 0.023 0.019 0.061 0.046 0.005 0.016 0.036
87 I 0.049 0.047 0.025 0.033 0.012 0.032 0.075 0.028 0.014 0.152 0.143 0.109 0.028 0.033 0.019 0.036 0.037 0.006 0.019 0.1
88 I 0.042 0.018 0.015 0.017 0.014 0.013 0.018 0.021 0.011 0.201 0.181 0.022 0.034 0.148 0.013 0.024 0.034 0.009 0.039 0.127
89 L 0.043 0.024 0.014 0.015 0.016 0.016 0.02 0.021 0.01 0.112 0.394 0.025 0.048 0.053 0.014 0.024 0.032 0.007 0.022 0.093
90 N 0.054 0.044 0.211 0.078 0.009 0.041 0.125 0.055 0.027 0.023 0.033 0.058 0.012 0.017 0.022 0.089 0.049 0.005 0.016 0.029
91 Y 0.041 0.037 0.073 0.033 0.009 0.054 0.043 0.034 0.084 0.037 0.061 0.042 0.018 0.121 0.017 0.04 0.031 0.016 0.17 0.039
92 F 0.038 0.02 0.015 0.016 0.013 0.012 0.019 0.023 0.013 0.109 0.199 0.021 0.033 0.253 0.012 0.024 0.029 0.012 0.058 0.082
93 K 0.054 0.108 0.104 0.062 0.009 0.049 0.131 0.044 0.024 0.024 0.038 0.138 0.013 0.017 0.024 0.068 0.042 0.005 0.016 0.031
94 F 0.066 0.024 0.021 0.021 0.014 0.016 0.025 0.033 0.015 0.07 0.178 0.027 0.029 0.222 0.015 0.06 0.036 0.011 0.053 0.064
95 P 0.053 0.042 0.032 0.041 0.009 0.033 0.083 0.036 0.067 0.024 0.036 0.082 0.012 0.016 0.3 0.045 0.034 0.004 0.02 0.029
96 P 0.081 0.032 0.038 0.039 0.013 0.026 0.043 0.05 0.016 0.027 0.038 0.046 0.013 0.016 0.269 0.143 0.057 0.004 0.015 0.035
97 Q 0.054 0.071 0.043 0.046 0.009 0.238 0.1 0.04 0.029 0.026 0.046 0.089 0.02 0.014 0.023 0.054 0.04 0.006 0.02 0.034
98 A 0.15 0.031 0.037 0.036 0.016 0.025 0.039 0.128 0.016 0.036 0.054 0.042 0.016 0.075 0.025 0.138 0.056 0.007 0.026 0.048
99 I 0.049 0.019 0.014 0.017 0.016 0.014 0.018 0.021 0.009 0.248 0.191 0.023 0.037 0.043 0.014 0.025 0.039 0.006 0.02 0.177
100 F 0.033 0.018 0.016 0.016 0.01 0.01 0.018 0.025 0.016 0.062 0.111 0.018 0.025 0.405 0.01 0.025 0.025 0.016 0.086 0.053
101 F 0.035 0.018 0.016 0.017 0.011 0.011 0.018 0.024 0.015 0.095 0.118 0.019 0.026 0.353 0.011 0.025 0.027 0.015 0.077 0.07
102 V 0.064 0.022 0.016 0.017 0.018 0.016 0.022 0.024 0.008 0.153 0.165 0.025 0.033 0.037 0.016 0.031 0.046 0.006 0.02 0.262
103 F 0.033 0.018 0.016 0.016 0.01 0.01 0.018 0.025 0.016 0.062 0.111 0.018 0.025 0.405 0.01 0.025 0.025 0.016 0.086 0.053
104 S 0.16 0.036 0.043 0.041 0.018 0.029 0.046 0.065 0.017 0.036 0.049 0.049 0.016 0.021 0.029 0.175 0.098 0.005 0.017 0.052
105 F 0.038 0.02 0.015 0.016 0.013 0.012 0.019 0.023 0.013 0.109 0.199 0.021 0.033 0.253 0.012 0.024 0.029 0.012 0.058 0.082
106 V 0.093 0.021 0.017 0.019 0.017 0.016 0.023 0.031 0.01 0.157 0.122 0.026 0.029 0.087 0.017 0.036 0.043 0.007 0.029 0.199
107 Q 0.054 0.071 0.043 0.046 0.009 0.238 0.1 0.04 0.029 0.026 0.046 0.089 0.02 0.014 0.023 0.054 0.04 0.006 0.02 0.034
108 S 0.102 0.038 0.051 0.046 0.017 0.031 0.049 0.061 0.018 0.032 0.044 0.051 0.016 0.021 0.029 0.221 0.107 0.005 0.017 0.045
109 L 0.046 0.021 0.015 0.016 0.015 0.014 0.019 0.022 0.01 0.163 0.249 0.023 0.039 0.098 0.014 0.025 0.035 0.008 0.03 0.138
110 F 0.036 0.019 0.017 0.018 0.01 0.012 0.021 0.026 0.016 0.056 0.1 0.022 0.023 0.349 0.081 0.027 0.026 0.014 0.076 0.05
111 I 0.048 0.018 0.016 0.019 0.016 0.014 0.019 0.022 0.009 0.275 0.156 0.024 0.035 0.041 0.015 0.029 0.055 0.006 0.02 0.164
112 F 0.033 0.018 0.016 0.016 0.01 0.01 0.018 0.025 0.016 0.062 0.111 0.018 0.025 0.405 0.01 0.025 0.025 0.016 0.086 0.053
113 L 0.044 0.023 0.016 0.016 0.013 0.017 0.022 0.023 0.02 0.113 0.18 0.026 0.031 0.071 0.014 0.027 0.033 0.084 0.118 0.11
114 Y 0.037 0.024 0.019 0.018 0.009 0.017 0.024 0.024 0.035 0.049 0.082 0.026 0.02 0.226 0.013 0.028 0.026 0.023 0.248 0.048
115 F 0.036 0.02 0.016 0.016 0.012 0.012 0.019 0.024 0.015 0.076 0.192 0.02 0.031 0.304 0.011 0.024 0.027 0.014 0.068 0.065
116 K 0.089 0.061 0.036 0.034 0.011 0.035 0.049 0.113 0.068 0.032 0.051 0.148 0.016 0.074 0.022 0.051 0.035 0.007 0.031 0.037
117 K 0.095 0.053 0.032 0.039 0.014 0.037 0.083 0.041 0.017 0.061 0.08 0.117 0.042 0.025 0.024 0.057 0.074 0.006 0.018 0.087
118 L 0.042 0.022 0.014 0.015 0.015 0.015 0.019 0.021 0.011 0.131 0.32 0.023 0.043 0.102 0.013 0.024 0.032 0.008 0.031 0.099
119 K 0.061 0.086 0.084 0.047 0.01 0.046 0.063 0.048 0.021 0.026 0.04 0.229 0.014 0.016 0.026 0.081 0.046 0.005 0.017 0.032
120 R 0.048 0.157 0.084 0.043 0.008 0.072 0.063 0.041 0.074 0.024 0.041 0.145 0.015 0.018 0.022 0.05 0.037 0.006 0.023 0.03
121 R 0.044 0.233 0.078 0.037 0.008 0.042 0.05 0.037 0.027 0.026 0.046 0.121 0.015 0.032 0.02 0.046 0.036 0.008 0.062 0.032
122 Y 0.041 0.028 0.022 0.019 0.009 0.022 0.028 0.025 0.047 0.044 0.069 0.031 0.019 0.131 0.016 0.031 0.028 0.028 0.316 0.047
123 N 0.043 0.045 0.315 0.083 0.009 0.034 0.05 0.065 0.032 0.023 0.032 0.054 0.011 0.018 0.02 0.07 0.05 0.005 0.016 0.027
124 G 0.061 0.027 0.041 0.085 0.01 0.022 0.037 0.314 0.065 0.033 0.081 0.035 0.016 0.023 0.018 0.045 0.03 0.006 0.019 0.033
125 F 0.087 0.022 0.021 0.021 0.014 0.017 0.024 0.102 0.017 0.1 0.115 0.028 0.025 0.125 0.016 0.038 0.035 0.011 0.078 0.103
126 L 0.058 0.085 0.028 0.027 0.014 0.028 0.036 0.032 0.014 0.118 0.134 0.081 0.027 0.031 0.02 0.057 0.074 0.006 0.019 0.113
127 L 0.047 0.022 0.014 0.016 0.016 0.015 0.02 0.021 0.009 0.157 0.306 0.024 0.043 0.048 0.014 0.025 0.036 0.006 0.021 0.138
128 W 0.029 0.022 0.015 0.015 0.007 0.015 0.022 0.029 0.015 0.029 0.051 0.022 0.015 0.059 0.007 0.022 0.022 0.507 0.066 0.029
129 L 0.044 0.022 0.014 0.015 0.016 0.015 0.019 0.02 0.009 0.164 0.328 0.024 0.045 0.05 0.014 0.024 0.034 0.007 0.021 0.116
130 F 0.038 0.02 0.015 0.016 0.013 0.012 0.019 0.023 0.013 0.109 0.199 0.021 0.033 0.253 0.012 0.024 0.029 0.012 0.058 0.082
131 F 0.038 0.019 0.016 0.017 0.011 0.011 0.019 0.025 0.015 0.076 0.113 0.019 0.026 0.352 0.011 0.026 0.028 0.015 0.077 0.087
132 F 0.081 0.022 0.017 0.018 0.015 0.015 0.022 0.031 0.013 0.087 0.186 0.025 0.031 0.197 0.015 0.034 0.034 0.011 0.048 0.101
133 I 0.044 0.018 0.015 0.017 0.015 0.013 0.018 0.021 0.01 0.234 0.189 0.023 0.036 0.096 0.014 0.024 0.036 0.007 0.03 0.144
134 F 0.033 0.018 0.016 0.016 0.01 0.01 0.018 0.025 0.016 0.062 0.111 0.018 0.025 0.405 0.01 0.025 0.025 0.016 0.086 0.053
135 F 0.036 0.019 0.016 0.016 0.012 0.011 0.018 0.023 0.014 0.102 0.159 0.02 0.03 0.303 0.011 0.024 0.028 0.014 0.068 0.076
136 T 0.074 0.031 0.036 0.032 0.086 0.024 0.035 0.041 0.013 0.063 0.069 0.039 0.02 0.024 0.024 0.096 0.177 0.005 0.017 0.095
137 V 0.103 0.023 0.017 0.019 0.019 0.017 0.025 0.031 0.009 0.143 0.117 0.028 0.029 0.033 0.018 0.039 0.048 0.005 0.02 0.258
138 T 0.115 0.035 0.043 0.038 0.018 0.028 0.042 0.053 0.015 0.044 0.056 0.046 0.018 0.022 0.028 0.133 0.183 0.005 0.017 0.061
139 N 0.055 0.043 0.276 0.074 0.011 0.033 0.049 0.064 0.028 0.023 0.033 0.052 0.012 0.018 0.022 0.105 0.055 0.005 0.016 0.029
140 I 0.049 0.018 0.015 0.017 0.016 0.013 0.018 0.021 0.008 0.273 0.158 0.023 0.035 0.042 0.015 0.025 0.04 0.006 0.02 0.189
141 Y 0.04 0.026 0.019 0.017 0.011 0.02 0.025 0.023 0.035 0.062 0.16 0.029 0.027 0.106 0.015 0.028 0.029 0.021 0.247 0.059
142 N 0.043 0.048 0.254 0.069 0.009 0.063 0.056 0.056 0.079 0.022 0.034 0.056 0.013 0.019 0.02 0.062 0.044 0.005 0.022 0.027
143 N 0.041 0.044 0.337 0.081 0.009 0.033 0.048 0.063 0.031 0.022 0.031 0.052 0.011 0.017 0.02 0.068 0.048 0.004 0.015 0.026
144 Q 0.054 0.071 0.043 0.046 0.009 0.238 0.1 0.04 0.029 0.026 0.046 0.089 0.02 0.014 0.023 0.054 0.04 0.006 0.02 0.034
145 L 0.045 0.026 0.015 0.016 0.016 0.019 0.022 0.023 0.011 0.108 0.336 0.028 0.087 0.051 0.014 0.027 0.034 0.007 0.022 0.092
146 N 0.041 0.044 0.337 0.081 0.009 0.033 0.048 0.063 0.031 0.022 0.031 0.052 0.011 0.017 0.02 0.068 0.048 0.004 0.015 0.026
147 G 0.076 0.022 0.038 0.033 0.01 0.018 0.025 0.524 0.013 0.018 0.027 0.033 0.009 0.016 0.018 0.05 0.029 0.005 0.01 0.024
148 I 0.046 0.017 0.014 0.017 0.016 0.013 0.017 0.02 0.009 0.292 0.163 0.023 0.036 0.043 0.014 0.024 0.039 0.006 0.02 0.172
149 R 0.043 0.364 0.038 0.03 0.008 0.047 0.051 0.032 0.023 0.023 0.045 0.117 0.015 0.017 0.019 0.043 0.034 0.006 0.017 0.03
150 Q 0.054 0.071 0.043 0.046 0.009 0.238 0.1 0.04 0.029 0.026 0.046 0.089 0.02 0.014 0.023 0.054 0.04 0.006 0.02 0.034
151 Y 0.039 0.027 0.021 0.018 0.009 0.021 0.027 0.024 0.045 0.042 0.067 0.03 0.018 0.127 0.015 0.03 0.027 0.027 0.338 0.045
152 A 0.311 0.03 0.025 0.029 0.021 0.025 0.039 0.076 0.014 0.042 0.058 0.043 0.017 0.021 0.029 0.083 0.048 0.005 0.017 0.067
153 A 0.276 0.029 0.024 0.027 0.021 0.024 0.037 0.069 0.013 0.059 0.068 0.041 0.019 0.023 0.027 0.075 0.048 0.005 0.017 0.099
154 L 0.047 0.022 0.014 0.015 0.016 0.015 0.02 0.021 0.009 0.145 0.323 0.024 0.044 0.049 0.014 0.025 0.036 0.007 0.021 0.133
155 T 0.069 0.03 0.035 0.031 0.086 0.023 0.033 0.038 0.012 0.066 0.072 0.038 0.02 0.024 0.024 0.074 0.204 0.005 0.017 0.099
156 L 0.042 0.023 0.014 0.015 0.015 0.015 0.019 0.021 0.011 0.105 0.353 0.024 0.045 0.103 0.013 0.024 0.031 0.008 0.031 0.088
157 L 0.047 0.021 0.015 0.016 0.015 0.014 0.02 0.023 0.011 0.111 0.237 0.023 0.036 0.148 0.013 0.026 0.035 0.009 0.04 0.138
158 P 0.055 0.025 0.023 0.03 0.01 0.02 0.035 0.035 0.013 0.025 0.035 0.04 0.01 0.013 0.508 0.043 0.035 0.003 0.013 0.03
159 L 0.044 0.023 0.014 0.016 0.016 0.016 0.02 0.021 0.01 0.15 0.33 0.025 0.055 0.05 0.014 0.025 0.034 0.007 0.021 0.11
160 L 0.041 0.019 0.015 0.016 0.014 0.013 0.018 0.022 0.011 0.175 0.214 0.022 0.036 0.149 0.013 0.024 0.033 0.009 0.039 0.115
161 T 0.12 0.036 0.044 0.04 0.018 0.029 0.044 0.057 0.016 0.041 0.053 0.048 0.017 0.022 0.028 0.154 0.156 0.005 0.017 0.057
162 L 0.047 0.024 0.017 0.017 0.014 0.018 0.023 0.023 0.02 0.135 0.184 0.027 0.054 0.068 0.015 0.028 0.035 0.012 0.112 0.124
163 F 0.045 0.024 0.02 0.019 0.013 0.016 0.024 0.027 0.018 0.074 0.132 0.026 0.026 0.158 0.014 0.035 0.064 0.084 0.091 0.091
164 L 0.05 0.021 0.014 0.016 0.085 0.015 0.019 0.023 0.009 0.135 0.275 0.024 0.039 0.044 0.014 0.027 0.036 0.006 0.02 0.127
165 F 0.04 0.024 0.023 0.02 0.079 0.017 0.025 0.027 0.075 0.048 0.081 0.026 0.02 0.217 0.014 0.031 0.027 0.016 0.143 0.047
166 D 0.049 0.037 0.054 0.244 0.009 0.041 0.163 0.041 0.02 0.026 0.035 0.054 0.012 0.016 0.024 0.057 0.068 0.005 0.014 0.032
167 K 0.05 0.215 0.039 0.036 0.008 0.05 0.061 0.038 0.021 0.025 0.043 0.221 0.015 0.016 0.023 0.048 0.037 0.005 0.017 0.031
168 K 0.052 0.174 0.04 0.038 0.008 0.077 0.068 0.039 0.022 0.025 0.043 0.217 0.016 0.015 0.024 0.05 0.037 0.005 0.017 0.032
169 Y 0.042 0.038 0.024 0.021 0.009 0.026 0.033 0.027 0.042 0.04 0.063 0.069 0.018 0.111 0.017 0.033 0.029 0.024 0.292 0.043
170 I 0.051 0.034 0.023 0.023 0.014 0.021 0.029 0.028 0.015 0.134 0.108 0.065 0.026 0.118 0.017 0.039 0.069 0.009 0.056 0.12
171 K 0.054 0.072 0.034 0.033 0.011 0.039 0.051 0.036 0.021 0.045 0.099 0.185 0.021 0.038 0.023 0.05 0.069 0.009 0.063 0.048
172 Y 0.095 0.028 0.028 0.026 0.015 0.022 0.032 0.04 0.023 0.061 0.076 0.035 0.02 0.108 0.02 0.076 0.075 0.013 0.119 0.087
173 I 0.049 0.019 0.015 0.017 0.015 0.013 0.019 0.022 0.01 0.205 0.141 0.023 0.032 0.118 0.014 0.027 0.038 0.008 0.034 0.18
174 L 0.05 0.022 0.02 0.021 0.014 0.015 0.023 0.028 0.012 0.163 0.164 0.026 0.031 0.145 0.015 0.055 0.04 0.009 0.039 0.108
175 G 0.103 0.028 0.032 0.03 0.014 0.022 0.032 0.183 0.019 0.044 0.098 0.036 0.02 0.066 0.02 0.087 0.042 0.009 0.067 0.049
176 L 0.053 0.02 0.017 0.017 0.154 0.015 0.019 0.025 0.009 0.143 0.191 0.024 0.032 0.037 0.016 0.034 0.053 0.006 0.018 0.117
177 L 0.044 0.02 0.015 0.016 0.014 0.013 0.019 0.022 0.012 0.152 0.189 0.022 0.034 0.173 0.013 0.025 0.034 0.01 0.044 0.13
178 L 0.048 0.02 0.015 0.016 0.015 0.014 0.02 0.023 0.011 0.15 0.187 0.023 0.034 0.146 0.014 0.026 0.036 0.009 0.039 0.155
179 A 0.215 0.033 0.032 0.033 0.019 0.027 0.041 0.066 0.016 0.046 0.072 0.045 0.04 0.024 0.027 0.121 0.056 0.006 0.018 0.063
180 L 0.063 0.041 0.031 0.03 0.015 0.029 0.037 0.037 0.015 0.096 0.117 0.075 0.08 0.033 0.021 0.077 0.094 0.006 0.02 0.082
181 T 0.067 0.033 0.035 0.031 0.051 0.026 0.034 0.039 0.014 0.063 0.098 0.04 0.066 0.029 0.023 0.082 0.173 0.006 0.019 0.072
182 F 0.037 0.021 0.016 0.017 0.012 0.013 0.02 0.024 0.015 0.074 0.163 0.022 0.051 0.303 0.012 0.026 0.028 0.014 0.068 0.064
183 H 0.041 0.044 0.052 0.037 0.007 0.037 0.052 0.037 0.374 0.022 0.037 0.044 0.015 0.03 0.019 0.041 0.026 0.007 0.056 0.022
184 S 0.113 0.043 0.04 0.038 0.015 0.03 0.045 0.054 0.017 0.038 0.057 0.08 0.017 0.075 0.026 0.14 0.088 0.007 0.027 0.049
185 S 0.096 0.038 0.05 0.044 0.017 0.031 0.047 0.058 0.017 0.035 0.047 0.05 0.016 0.021 0.028 0.199 0.134 0.005 0.017 0.049
186 A 0.18 0.031 0.034 0.033 0.017 0.026 0.039 0.129 0.02 0.035 0.05 0.043 0.016 0.035 0.025 0.116 0.052 0.008 0.062 0.05
187 I 0.047 0.019 0.015 0.017 0.015 0.014 0.019 0.021 0.01 0.202 0.2 0.023 0.036 0.096 0.014 0.025 0.037 0.007 0.03 0.155
188 I 0.049 0.021 0.015 0.017 0.016 0.016 0.02 0.022 0.01 0.22 0.195 0.025 0.058 0.044 0.015 0.027 0.039 0.006 0.021 0.166
189 F 0.036 0.023 0.062 0.025 0.011 0.014 0.023 0.03 0.017 0.063 0.14 0.024 0.026 0.299 0.012 0.031 0.029 0.013 0.067 0.055
190 F 0.042 0.019 0.016 0.017 0.013 0.012 0.019 0.023 0.012 0.145 0.148 0.021 0.03 0.223 0.012 0.026 0.033 0.011 0.053 0.124
191 V 0.103 0.025 0.025 0.025 0.017 0.019 0.028 0.108 0.011 0.116 0.134 0.032 0.027 0.032 0.019 0.07 0.046 0.006 0.018 0.139
192 L 0.046 0.022 0.015 0.016 0.015 0.015 0.02 0.022 0.01 0.137 0.282 0.024 0.041 0.099 0.014 0.025 0.034 0.008 0.03 0.127
193 P 0.047 0.022 0.018 0.021 0.013 0.016 0.025 0.026 0.016 0.112 0.136 0.029 0.026 0.099 0.155 0.031 0.034 0.01 0.073 0.094
194 L 0.06 0.022 0.017 0.019 0.013 0.015 0.023 0.028 0.013 0.077 0.217 0.026 0.032 0.171 0.084 0.031 0.031 0.01 0.043 0.068
195 L 0.042 0.021 0.015 0.016 0.014 0.013 0.02 0.023 0.012 0.097 0.234 0.022 0.036 0.201 0.013 0.025 0.031 0.011 0.049 0.104
196 R 0.056 0.14 0.034 0.032 0.011 0.063 0.051 0.036 0.019 0.076 0.111 0.103 0.023 0.026 0.021 0.069 0.042 0.006 0.018 0.062
197 L 0.041 0.022 0.016 0.018 0.013 0.014 0.021 0.024 0.013 0.082 0.241 0.025 0.034 0.173 0.083 0.027 0.03 0.01 0.043 0.07
198 L 0.061 0.022 0.016 0.017 0.015 0.016 0.021 0.027 0.013 0.129 0.211 0.025 0.056 0.148 0.014 0.03 0.034 0.009 0.04 0.096
199 L 0.044 0.041 0.115 0.048 0.01 0.032 0.077 0.038 0.05 0.051 0.141 0.061 0.023 0.044 0.019 0.045 0.037 0.009 0.066 0.049
200 K 0.052 0.112 0.044 0.093 0.008 0.048 0.07 0.042 0.02 0.026 0.04 0.25 0.014 0.015 0.026 0.051 0.038 0.005 0.016 0.031
201 L 0.045 0.034 0.02 0.02 0.013 0.02 0.028 0.026 0.018 0.082 0.178 0.063 0.03 0.156 0.015 0.03 0.033 0.012 0.084 0.094
202 K 0.051 0.053 0.028 0.027 0.012 0.031 0.04 0.031 0.041 0.098 0.102 0.125 0.046 0.083 0.019 0.038 0.037 0.007 0.031 0.099
203 N 0.049 0.032 0.115 0.049 0.01 0.028 0.073 0.109 0.02 0.04 0.095 0.042 0.018 0.077 0.088 0.047 0.036 0.006 0.025 0.04
204 K 0.048 0.134 0.1 0.043 0.009 0.041 0.053 0.041 0.021 0.063 0.057 0.168 0.017 0.02 0.022 0.05 0.04 0.005 0.017 0.05
205 K 0.057 0.107 0.042 0.042 0.009 0.054 0.071 0.043 0.021 0.028 0.043 0.278 0.016 0.016 0.028 0.054 0.04 0.005 0.017 0.033
206 Y 0.059 0.054 0.034 0.029 0.011 0.026 0.035 0.105 0.054 0.035 0.053 0.043 0.016 0.066 0.02 0.074 0.07 0.015 0.156 0.042
207 L 0.052 0.026 0.022 0.022 0.082 0.021 0.027 0.029 0.021 0.059 0.126 0.032 0.045 0.058 0.087 0.042 0.066 0.012 0.109 0.061
208 F 0.038 0.019 0.016 0.017 0.011 0.011 0.019 0.025 0.015 0.076 0.113 0.019 0.026 0.352 0.011 0.026 0.028 0.015 0.077 0.087
209 L 0.05 0.026 0.022 0.021 0.014 0.018 0.025 0.028 0.017 0.093 0.218 0.029 0.033 0.107 0.016 0.05 0.068 0.011 0.075 0.079
210 L 0.086 0.022 0.016 0.018 0.016 0.016 0.022 0.03 0.011 0.144 0.199 0.026 0.034 0.093 0.016 0.034 0.038 0.007 0.03 0.143
211 F 0.033 0.018 0.016 0.016 0.01 0.01 0.018 0.025 0.016 0.062 0.111 0.018 0.025 0.405 0.01 0.025 0.025 0.016 0.086 0.053
212 I 0.055 0.023 0.02 0.021 0.016 0.018 0.024 0.027 0.011 0.201 0.182 0.029 0.056 0.042 0.016 0.057 0.044 0.006 0.02 0.13
213 L 0.047 0.022 0.014 0.015 0.016 0.015 0.02 0.021 0.009 0.145 0.323 0.024 0.044 0.049 0.014 0.025 0.036 0.007 0.021 0.133
214 S 0.096 0.038 0.05 0.044 0.017 0.031 0.047 0.058 0.017 0.035 0.047 0.05 0.016 0.021 0.028 0.199 0.134 0.005 0.017 0.049
215 L 0.086 0.024 0.02 0.021 0.017 0.018 0.024 0.031 0.011 0.145 0.233 0.03 0.036 0.041 0.018 0.042 0.07 0.006 0.02 0.108
216 P 0.057 0.025 0.022 0.028 0.011 0.02 0.033 0.034 0.012 0.044 0.048 0.038 0.013 0.016 0.438 0.041 0.037 0.003 0.014 0.067
217 F 0.04 0.019 0.015 0.017 0.013 0.012 0.018 0.022 0.012 0.168 0.174 0.021 0.033 0.199 0.012 0.024 0.032 0.01 0.049 0.11
218 Y 0.039 0.027 0.021 0.018 0.009 0.021 0.027 0.024 0.045 0.042 0.067 0.03 0.018 0.127 0.015 0.03 0.027 0.027 0.338 0.045
219 L 0.046 0.023 0.016 0.017 0.014 0.017 0.022 0.023 0.016 0.125 0.206 0.026 0.056 0.109 0.014 0.028 0.035 0.011 0.076 0.12
220 L 0.04 0.021 0.015 0.016 0.014 0.013 0.019 0.022 0.012 0.12 0.26 0.022 0.038 0.177 0.013 0.024 0.031 0.01 0.044 0.09
221 L 0.049 0.021 0.014 0.016 0.016 0.015 0.019 0.021 0.009 0.187 0.254 0.024 0.04 0.046 0.014 0.026 0.038 0.006 0.021 0.163
222 P 0.121 0.034 0.04 0.04 0.016 0.028 0.045 0.058 0.016 0.03 0.042 0.048 0.014 0.018 0.166 0.163 0.062 0.004 0.016 0.041
223 K 0.058 0.063 0.08 0.043 0.011 0.064 0.057 0.044 0.021 0.041 0.057 0.139 0.018 0.073 0.022 0.076 0.045 0.007 0.027 0.054
224 Y 0.05 0.028 0.024 0.021 0.012 0.021 0.028 0.029 0.031 0.06 0.156 0.032 0.026 0.091 0.017 0.059 0.036 0.018 0.202 0.058
225 T 0.084 0.028 0.029 0.028 0.018 0.022 0.031 0.036 0.011 0.116 0.095 0.036 0.025 0.029 0.022 0.063 0.157 0.006 0.018 0.147
226 P 0.054 0.023 0.019 0.024 0.013 0.018 0.029 0.029 0.011 0.095 0.118 0.033 0.022 0.026 0.297 0.036 0.037 0.004 0.016 0.097
227 P 0.052 0.028 0.076 0.089 0.013 0.022 0.04 0.038 0.016 0.073 0.072 0.037 0.019 0.077 0.089 0.052 0.087 0.006 0.026 0.088
228 I 0.086 0.021 0.016 0.019 0.017 0.015 0.021 0.029 0.009 0.212 0.176 0.026 0.034 0.04 0.017 0.034 0.04 0.006 0.02 0.162
229 L 0.043 0.024 0.014 0.015 0.016 0.016 0.02 0.021 0.01 0.112 0.394 0.025 0.048 0.053 0.014 0.024 0.032 0.007 0.022 0.093
230 E 0.055 0.045 0.042 0.104 0.009 0.055 0.261 0.036 0.023 0.026 0.039 0.067 0.013 0.017 0.025 0.059 0.069 0.005 0.016 0.035
231 L 0.068 0.03 0.03 0.028 0.016 0.023 0.033 0.037 0.018 0.077 0.161 0.036 0.028 0.047 0.02 0.098 0.081 0.009 0.065 0.096
232 F 0.043 0.022 0.019 0.019 0.014 0.015 0.021 0.025 0.013 0.108 0.192 0.024 0.032 0.198 0.014 0.034 0.064 0.011 0.048 0.084
233 G 0.055 0.031 0.087 0.156 0.009 0.03 0.09 0.182 0.019 0.021 0.03 0.045 0.01 0.015 0.09 0.052 0.035 0.004 0.012 0.026
234 L 0.044 0.028 0.068 0.027 0.015 0.021 0.026 0.029 0.014 0.095 0.299 0.031 0.065 0.046 0.015 0.033 0.036 0.007 0.021 0.082
235 R 0.057 0.198 0.041 0.044 0.009 0.049 0.094 0.04 0.022 0.025 0.042 0.153 0.015 0.017 0.023 0.076 0.042 0.005 0.017 0.032
236 Y 0.037 0.025 0.02 0.018 0.009 0.018 0.025 0.024 0.037 0.048 0.079 0.027 0.02 0.206 0.014 0.029 0.026 0.024 0.266 0.048
237 L 0.076 0.032 0.036 0.033 0.017 0.025 0.037 0.044 0.014 0.063 0.172 0.041 0.028 0.033 0.023 0.132 0.103 0.006 0.019 0.066
238 S 0.088 0.041 0.052 0.045 0.014 0.034 0.051 0.057 0.12 0.027 0.04 0.05 0.015 0.023 0.026 0.185 0.064 0.006 0.028 0.035
239 Y 0.039 0.027 0.021 0.018 0.009 0.021 0.027 0.024 0.045 0.042 0.067 0.03 0.018 0.127 0.015 0.03 0.027 0.027 0.338 0.045
240 I 0.05 0.02 0.015 0.018 0.016 0.015 0.019 0.022 0.009 0.245 0.162 0.025 0.056 0.042 0.015 0.027 0.04 0.006 0.02 0.177
241 D 0.046 0.036 0.055 0.24 0.007 0.039 0.144 0.075 0.071 0.021 0.031 0.051 0.011 0.017 0.022 0.05 0.033 0.005 0.019 0.025
242 S 0.102 0.037 0.05 0.045 0.016 0.03 0.047 0.13 0.018 0.027 0.039 0.05 0.014 0.02 0.027 0.215 0.072 0.005 0.016 0.038
243 D 0.05 0.066 0.048 0.158 0.008 0.074 0.132 0.041 0.022 0.024 0.037 0.148 0.013 0.015 0.024 0.052 0.037 0.005 0.015 0.03
244 Y 0.039 0.027 0.021 0.018 0.009 0.021 0.027 0.024 0.045 0.042 0.067 0.03 0.018 0.127 0.015 0.03 0.027 0.027 0.338 0.045
245 F 0.033 0.018 0.016 0.016 0.01 0.01 0.018 0.025 0.016 0.062 0.111 0.018 0.025 0.405 0.01 0.025 0.025 0.016 0.086 0.053
246 E 0.061 0.044 0.042 0.082 0.01 0.071 0.152 0.039 0.072 0.043 0.05 0.059 0.017 0.021 0.023 0.076 0.043 0.006 0.023 0.068
247 G 0.108 0.036 0.06 0.051 0.013 0.034 0.1 0.121 0.019 0.027 0.039 0.051 0.013 0.018 0.094 0.111 0.05 0.005 0.015 0.037
248 G 0.071 0.077 0.083 0.041 0.011 0.026 0.036 0.322 0.018 0.021 0.032 0.05 0.011 0.017 0.02 0.079 0.04 0.005 0.013 0.027
249 D 0.052 0.043 0.1 0.261 0.009 0.033 0.075 0.05 0.02 0.023 0.032 0.083 0.011 0.016 0.023 0.081 0.043 0.004 0.013 0.028
250 Y 0.041 0.025 0.018 0.017 0.012 0.018 0.024 0.023 0.03 0.098 0.174 0.028 0.029 0.094 0.015 0.028 0.03 0.018 0.202 0.077
251 I 0.073 0.028 0.031 0.03 0.015 0.022 0.033 0.041 0.014 0.123 0.089 0.036 0.023 0.034 0.02 0.119 0.055 0.077 0.025 0.112
252 V 0.066 0.026 0.027 0.025 0.018 0.02 0.029 0.031 0.01 0.132 0.105 0.033 0.026 0.031 0.02 0.056 0.141 0.006 0.019 0.178
253 I 0.052 0.019 0.015 0.017 0.017 0.014 0.019 0.021 0.009 0.229 0.186 0.024 0.036 0.042 0.015 0.026 0.04 0.006 0.02 0.194
254 L 0.05 0.021 0.015 0.017 0.016 0.015 0.02 0.022 0.009 0.198 0.223 0.025 0.049 0.044 0.015 0.026 0.039 0.006 0.021 0.169
255 T 0.071 0.034 0.042 0.036 0.017 0.027 0.038 0.042 0.013 0.052 0.063 0.044 0.019 0.023 0.027 0.09 0.268 0.006 0.017 0.069
256 K 0.055 0.104 0.04 0.04 0.008 0.052 0.069 0.042 0.02 0.027 0.042 0.299 0.015 0.015 0.027 0.052 0.039 0.005 0.017 0.032
257 L 0.049 0.021 0.015 0.017 0.016 0.015 0.019 0.021 0.009 0.208 0.226 0.025 0.049 0.045 0.014 0.026 0.038 0.006 0.021 0.16
258 Y 0.039 0.027 0.021 0.018 0.009 0.021 0.027 0.024 0.045 0.042 0.067 0.03 0.018 0.127 0.015 0.03 0.027 0.027 0.338 0.045
259 Y 0.039 0.027 0.021 0.018 0.009 0.021 0.027 0.024 0.045 0.042 0.067 0.03 0.018 0.127 0.015 0.03 0.027 0.027 0.338 0.045
260 L 0.044 0.021 0.014 0.016 0.016 0.015 0.019 0.02 0.009 0.189 0.295 0.024 0.043 0.049 0.014 0.024 0.035 0.006 0.021 0.127
261 P 0.055 0.025 0.023 0.03 0.01 0.02 0.035 0.035 0.013 0.025 0.035 0.04 0.01 0.013 0.508 0.043 0.035 0.003 0.013 0.03
262 L 0.144 0.025 0.018 0.021 0.018 0.019 0.027 0.041 0.011 0.123 0.183 0.031 0.032 0.036 0.02 0.047 0.042 0.006 0.019 0.137
263 L 0.044 0.02 0.015 0.017 0.015 0.015 0.019 0.021 0.014 0.205 0.215 0.024 0.037 0.058 0.014 0.025 0.035 0.009 0.066 0.131
264 L 0.042 0.023 0.014 0.015 0.015 0.015 0.019 0.021 0.011 0.105 0.353 0.024 0.045 0.103 0.013 0.024 0.031 0.008 0.031 0.088
265 L 0.044 0.022 0.017 0.017 0.013 0.016 0.022 0.023 0.021 0.114 0.168 0.025 0.03 0.145 0.014 0.027 0.032 0.014 0.125 0.11
266 F 0.033 0.018 0.016 0.016 0.01 0.01 0.018 0.025 0.016 0.062 0.111 0.018 0.025 0.405 0.01 0.025 0.025 0.016 0.086 0.053
267 F 0.036 0.023 0.019 0.017 0.01 0.016 0.023 0.024 0.031 0.052 0.089 0.024 0.021 0.266 0.013 0.027 0.026 0.022 0.212 0.049
268 Y 0.037 0.025 0.02 0.018 0.009 0.018 0.025 0.024 0.037 0.048 0.079 0.027 0.02 0.206 0.014 0.029 0.026 0.024 0.266 0.048
269 L 0.044 0.069 0.017 0.018 0.015 0.019 0.023 0.022 0.011 0.176 0.245 0.037 0.038 0.044 0.015 0.027 0.035 0.006 0.02 0.118
270 Y 0.037 0.025 0.02 0.018 0.009 0.018 0.025 0.024 0.037 0.048 0.079 0.027 0.02 0.206 0.014 0.029 0.026 0.024 0.266 0.048
271 S 0.065 0.042 0.083 0.094 0.082 0.029 0.049 0.047 0.018 0.04 0.091 0.078 0.018 0.023 0.022 0.103 0.05 0.005 0.016 0.045
272 K 0.068 0.069 0.086 0.055 0.011 0.045 0.096 0.05 0.022 0.026 0.039 0.161 0.014 0.017 0.026 0.109 0.051 0.005 0.017 0.033
273 N 0.054 0.053 0.125 0.101 0.01 0.033 0.053 0.115 0.02 0.042 0.047 0.115 0.014 0.019 0.021 0.053 0.041 0.005 0.015 0.065
274 D 0.061 0.094 0.067 0.102 0.011 0.04 0.094 0.045 0.02 0.03 0.043 0.097 0.014 0.018 0.024 0.087 0.093 0.005 0.016 0.039
275 G 0.064 0.03 0.075 0.043 0.082 0.027 0.071 0.144 0.017 0.057 0.098 0.04 0.019 0.025 0.02 0.073 0.042 0.005 0.015 0.052
276 N 0.048 0.049 0.196 0.058 0.01 0.033 0.047 0.051 0.029 0.031 0.043 0.085 0.014 0.035 0.021 0.063 0.077 0.008 0.065 0.037
277 S 0.084 0.047 0.069 0.044 0.102 0.032 0.048 0.055 0.018 0.031 0.044 0.091 0.015 0.019 0.025 0.152 0.062 0.005 0.016 0.041
278 L 0.046 0.051 0.025 0.025 0.012 0.028 0.038 0.03 0.018 0.098 0.142 0.122 0.027 0.108 0.018 0.035 0.034 0.01 0.06 0.074
279 G 0.057 0.035 0.107 0.059 0.009 0.034 0.104 0.163 0.021 0.022 0.033 0.05 0.011 0.016 0.141 0.054 0.037 0.004 0.014 0.028
280 G 0.075 0.025 0.032 0.03 0.015 0.02 0.028 0.23 0.012 0.103 0.078 0.034 0.02 0.026 0.019 0.079 0.045 0.005 0.016 0.109
281 S 0.11 0.04 0.054 0.049 0.018 0.033 0.053 0.066 0.019 0.03 0.042 0.054 0.016 0.021 0.03 0.218 0.082 0.005 0.018 0.042
282 F 0.034 0.019 0.017 0.017 0.011 0.011 0.019 0.025 0.017 0.064 0.114 0.019 0.025 0.385 0.011 0.025 0.025 0.017 0.089 0.055
283 G 0.059 0.107 0.035 0.032 0.012 0.032 0.04 0.131 0.016 0.081 0.069 0.102 0.019 0.023 0.021 0.052 0.081 0.006 0.016 0.066
284 D 0.05 0.035 0.085 0.15 0.079 0.044 0.075 0.04 0.069 0.045 0.05 0.044 0.015 0.021 0.02 0.048 0.038 0.005 0.02 0.068
285 S 0.066 0.085 0.104 0.053 0.012 0.036 0.084 0.049 0.022 0.03 0.048 0.06 0.015 0.074 0.022 0.119 0.052 0.007 0.026 0.036
286 D 0.052 0.081 0.11 0.153 0.01 0.031 0.057 0.047 0.02 0.027 0.038 0.056 0.012 0.017 0.092 0.071 0.074 0.004 0.014 0.034
287 Y 0.04 0.027 0.02 0.018 0.01 0.02 0.026 0.024 0.04 0.052 0.113 0.029 0.022 0.116 0.015 0.029 0.028 0.024 0.293 0.052
288 F 0.04 0.021 0.017 0.017 0.012 0.014 0.02 0.025 0.015 0.081 0.125 0.022 0.048 0.301 0.012 0.027 0.03 0.014 0.068 0.092
289 N 0.064 0.101 0.128 0.053 0.011 0.067 0.06 0.053 0.024 0.025 0.039 0.102 0.015 0.017 0.024 0.11 0.053 0.005 0.017 0.033
290 F 0.033 0.018 0.016 0.016 0.01 0.01 0.018 0.025 0.016 0.062 0.111 0.018 0.025 0.405 0.01 0.025 0.025 0.016 0.086 0.053
291 C 0.092 0.021 0.019 0.019 0.223 0.015 0.022 0.036 0.011 0.065 0.121 0.026 0.023 0.081 0.017 0.044 0.053 0.007 0.026 0.08
292 I 0.045 0.018 0.014 0.017 0.016 0.013 0.018 0.02 0.009 0.266 0.196 0.023 0.038 0.044 0.014 0.024 0.038 0.006 0.02 0.16
293 L 0.082 0.023 0.016 0.018 0.015 0.016 0.023 0.03 0.012 0.094 0.227 0.026 0.034 0.146 0.015 0.034 0.035 0.009 0.039 0.106
294 I 0.047 0.017 0.014 0.017 0.016 0.013 0.018 0.02 0.009 0.283 0.16 0.023 0.035 0.042 0.014 0.025 0.039 0.006 0.02 0.18
295 F 0.033 0.018 0.016 0.016 0.01 0.01 0.018 0.025 0.016 0.062 0.111 0.018 0.025 0.405 0.01 0.025 0.025 0.016 0.086 0.053
296 S 0.101 0.036 0.047 0.043 0.017 0.03 0.047 0.059 0.017 0.048 0.053 0.049 0.017 0.022 0.027 0.213 0.075 0.005 0.017 0.076
297 C 0.049 0.017 0.016 0.016 0.221 0.012 0.017 0.026 0.01 0.12 0.105 0.02 0.024 0.136 0.014 0.031 0.033 0.008 0.035 0.088
298 T 0.076 0.035 0.044 0.038 0.017 0.028 0.04 0.045 0.014 0.048 0.06 0.045 0.019 0.023 0.027 0.112 0.241 0.006 0.017 0.065
299 Y 0.038 0.027 0.024 0.02 0.009 0.02 0.028 0.026 0.084 0.045 0.075 0.029 0.02 0.192 0.014 0.03 0.026 0.021 0.226 0.044
300 W 0.029 0.022 0.015 0.015 0.007 0.015 0.022 0.029 0.015 0.029 0.051 0.022 0.015 0.059 0.007 0.022 0.022 0.507 0.066 0.029
301 S 0.136 0.038 0.049 0.045 0.018 0.031 0.049 0.066 0.018 0.031 0.043 0.051 0.015 0.02 0.029 0.22 0.075 0.005 0.017 0.044
302 F 0.033 0.018 0.016 0.016 0.01 0.01 0.018 0.025 0.016 0.062 0.111 0.018 0.025 0.405 0.01 0.025 0.025 0.016 0.086 0.053
303 L 0.044 0.022 0.014 0.015 0.016 0.015 0.019 0.02 0.009 0.164 0.328 0.024 0.045 0.05 0.014 0.024 0.034 0.007 0.021 0.116
304 L 0.053 0.03 0.022 0.022 0.016 0.025 0.027 0.028 0.014 0.119 0.169 0.035 0.14 0.043 0.017 0.041 0.072 0.007 0.022 0.098
305 G 0.089 0.032 0.043 0.039 0.015 0.026 0.039 0.19 0.016 0.038 0.087 0.043 0.018 0.024 0.024 0.156 0.058 0.005 0.016 0.043
306 L 0.043 0.024 0.014 0.015 0.016 0.016 0.02 0.021 0.01 0.112 0.394 0.025 0.048 0.053 0.014 0.024 0.032 0.007 0.022 0.093
307 D 0.041 0.038 0.056 0.304 0.008 0.03 0.076 0.042 0.018 0.028 0.041 0.076 0.012 0.07 0.021 0.047 0.034 0.006 0.022 0.029
308 I 0.084 0.019 0.016 0.019 0.016 0.015 0.02 0.028 0.009 0.256 0.148 0.026 0.033 0.04 0.016 0.033 0.04 0.006 0.02 0.157
309 A 0.205 0.03 0.073 0.037 0.016 0.024 0.036 0.202 0.016 0.032 0.045 0.042 0.014 0.019 0.025 0.071 0.043 0.005 0.015 0.049
310 I 0.045 0.019 0.014 0.016 0.016 0.014 0.018 0.02 0.009 0.241 0.229 0.023 0.039 0.046 0.014 0.024 0.037 0.006 0.02 0.149
311 L 0.043 0.024 0.014 0.015 0.016 0.016 0.02 0.021 0.01 0.112 0.394 0.025 0.048 0.053 0.014 0.024 0.032 0.007 0.022 0.093
312 S 0.136 0.038 0.049 0.045 0.018 0.031 0.049 0.066 0.018 0.031 0.043 0.051 0.015 0.02 0.029 0.22 0.075 0.005 0.017 0.044
313 R 0.043 0.364 0.038 0.03 0.008 0.047 0.051 0.032 0.023 0.023 0.045 0.117 0.015 0.017 0.019 0.043 0.034 0.006 0.017 0.03
314 L 0.048 0.021 0.014 0.016 0.016 0.015 0.019 0.021 0.009 0.183 0.273 0.024 0.041 0.047 0.014 0.025 0.037 0.006 0.021 0.149
315 A 0.187 0.04 0.039 0.039 0.017 0.058 0.053 0.066 0.018 0.034 0.049 0.054 0.017 0.02 0.028 0.147 0.061 0.005 0.017 0.051
316 S 0.097 0.04 0.093 0.052 0.016 0.032 0.05 0.064 0.02 0.028 0.039 0.052 0.015 0.02 0.028 0.218 0.075 0.005 0.017 0.039
317 Y 0.04 0.03 0.066 0.027 0.009 0.023 0.03 0.03 0.043 0.039 0.061 0.033 0.017 0.111 0.016 0.036 0.03 0.024 0.292 0.043
318 F 0.033 0.018 0.016 0.016 0.01 0.01 0.018 0.025 0.016 0.062 0.111 0.018 0.025 0.405 0.01 0.025 0.025 0.016 0.086 0.053
319 W 0.037 0.021 0.015 0.015 0.01 0.015 0.021 0.027 0.013 0.086 0.078 0.023 0.02 0.053 0.01 0.024 0.028 0.364 0.053 0.087
320 F 0.034 0.019 0.016 0.016 0.011 0.011 0.019 0.024 0.015 0.069 0.151 0.019 0.028 0.355 0.011 0.025 0.026 0.015 0.077 0.059
