#Seq2Logo.py -f /work3/idamei/ssn-clusterings/clustering/2205181126/clusters/0018_177/sequences.afa -o /work3/idamei/ssn-clusterings/clustering/2205181126/clusters/0018_177/sequences.logo
#Position Specific Frequency Matrix
A R N D C Q E G H I L K M F P S T W Y V
0 L 0.051 0.032 0.02 0.02 0.016 0.028 0.028 0.028 0.016 0.099 0.194 0.036 0.172 0.048 0.016 0.036 0.04 0.008 0.024 0.091
1 N 0.043 0.045 0.314 0.083 0.009 0.034 0.05 0.065 0.032 0.023 0.032 0.054 0.011 0.018 0.02 0.07 0.05 0.005 0.016 0.027
2 D 0.041 0.03 0.069 0.395 0.008 0.03 0.092 0.047 0.019 0.022 0.028 0.045 0.009 0.015 0.022 0.052 0.036 0.004 0.011 0.024
3 L 0.045 0.024 0.014 0.015 0.016 0.016 0.02 0.021 0.01 0.116 0.373 0.025 0.05 0.055 0.014 0.024 0.034 0.007 0.022 0.097
4 K 0.051 0.158 0.034 0.032 0.01 0.044 0.052 0.035 0.02 0.046 0.087 0.166 0.06 0.025 0.022 0.045 0.038 0.006 0.019 0.049
5 E 0.05 0.051 0.035 0.05 0.008 0.11 0.138 0.033 0.034 0.03 0.05 0.066 0.017 0.053 0.021 0.047 0.035 0.013 0.122 0.037
6 I 0.056 0.019 0.015 0.017 0.017 0.014 0.02 0.022 0.008 0.232 0.15 0.024 0.034 0.04 0.015 0.028 0.043 0.006 0.02 0.218
7 K 0.062 0.054 0.035 0.033 0.014 0.032 0.044 0.038 0.015 0.11 0.085 0.12 0.023 0.026 0.024 0.071 0.105 0.006 0.018 0.086
8 L 0.046 0.02 0.014 0.017 0.016 0.014 0.018 0.021 0.009 0.225 0.238 0.024 0.04 0.047 0.014 0.024 0.037 0.006 0.021 0.148
9 P 0.056 0.025 0.023 0.031 0.01 0.02 0.036 0.036 0.013 0.025 0.036 0.041 0.01 0.013 0.501 0.043 0.036 0.003 0.013 0.031
10 K 0.076 0.088 0.04 0.042 0.01 0.108 0.078 0.045 0.023 0.028 0.045 0.201 0.017 0.016 0.026 0.056 0.04 0.005 0.018 0.036
11 N 0.062 0.034 0.144 0.051 0.014 0.026 0.039 0.05 0.02 0.111 0.079 0.043 0.021 0.027 0.021 0.1 0.055 0.005 0.018 0.08
12 N 0.046 0.051 0.184 0.13 0.009 0.097 0.074 0.053 0.028 0.023 0.036 0.064 0.014 0.016 0.021 0.061 0.043 0.005 0.016 0.029
13 D 0.053 0.027 0.058 0.282 0.008 0.026 0.068 0.203 0.017 0.021 0.028 0.041 0.009 0.015 0.021 0.051 0.033 0.004 0.011 0.024
14 F 0.122 0.023 0.02 0.021 0.014 0.015 0.026 0.042 0.016 0.056 0.095 0.027 0.022 0.271 0.017 0.045 0.033 0.013 0.064 0.059
15 R 0.044 0.354 0.038 0.031 0.008 0.048 0.052 0.032 0.023 0.023 0.046 0.119 0.015 0.017 0.019 0.044 0.034 0.006 0.017 0.031
16 R 0.057 0.231 0.039 0.032 0.052 0.039 0.046 0.037 0.019 0.032 0.051 0.089 0.016 0.019 0.021 0.068 0.087 0.006 0.017 0.042
17 F 0.048 0.019 0.016 0.017 0.015 0.013 0.02 0.023 0.011 0.165 0.135 0.022 0.031 0.171 0.014 0.027 0.037 0.01 0.045 0.161
18 F 0.033 0.019 0.017 0.017 0.01 0.01 0.019 0.025 0.017 0.063 0.113 0.019 0.025 0.396 0.01 0.025 0.025 0.017 0.088 0.054
19 N 0.042 0.044 0.327 0.082 0.009 0.033 0.049 0.064 0.031 0.022 0.031 0.053 0.011 0.018 0.02 0.069 0.049 0.004 0.015 0.027
20 P 0.056 0.025 0.023 0.031 0.01 0.02 0.036 0.036 0.013 0.025 0.036 0.041 0.01 0.013 0.501 0.043 0.036 0.003 0.013 0.031
21 V 0.069 0.022 0.016 0.018 0.019 0.016 0.023 0.024 0.008 0.162 0.128 0.026 0.031 0.035 0.016 0.032 0.049 0.005 0.02 0.279
22 L 0.047 0.02 0.014 0.017 0.016 0.014 0.019 0.021 0.009 0.217 0.236 0.024 0.04 0.046 0.014 0.025 0.038 0.006 0.021 0.156
23 L 0.044 0.024 0.014 0.015 0.016 0.016 0.02 0.021 0.01 0.114 0.384 0.025 0.049 0.054 0.014 0.024 0.033 0.007 0.022 0.095
24 I 0.054 0.019 0.015 0.017 0.017 0.014 0.019 0.022 0.008 0.242 0.153 0.024 0.035 0.041 0.015 0.027 0.042 0.006 0.02 0.209
25 L 0.051 0.026 0.026 0.024 0.015 0.018 0.027 0.031 0.014 0.073 0.172 0.03 0.03 0.156 0.018 0.05 0.116 0.01 0.042 0.072
26 I 0.053 0.022 0.016 0.018 0.017 0.017 0.021 0.023 0.011 0.199 0.161 0.027 0.067 0.055 0.015 0.029 0.041 0.007 0.024 0.177
27 S 0.122 0.038 0.05 0.046 0.017 0.032 0.05 0.065 0.018 0.03 0.043 0.052 0.015 0.02 0.052 0.21 0.076 0.005 0.017 0.043
28 C 0.059 0.018 0.016 0.017 0.175 0.014 0.019 0.025 0.008 0.167 0.121 0.023 0.028 0.033 0.016 0.032 0.041 0.005 0.018 0.166
29 V 0.061 0.022 0.016 0.017 0.018 0.016 0.022 0.023 0.009 0.146 0.214 0.025 0.037 0.041 0.016 0.03 0.043 0.006 0.021 0.218
30 L 0.05 0.022 0.015 0.016 0.016 0.015 0.021 0.023 0.01 0.121 0.253 0.024 0.039 0.106 0.014 0.027 0.037 0.008 0.033 0.149
31 N 0.042 0.044 0.327 0.082 0.009 0.033 0.049 0.064 0.031 0.022 0.031 0.053 0.011 0.018 0.02 0.069 0.049 0.004 0.015 0.027
32 T 0.072 0.035 0.043 0.037 0.018 0.027 0.039 0.043 0.014 0.053 0.064 0.045 0.019 0.023 0.027 0.091 0.257 0.006 0.018 0.07
33 F 0.038 0.019 0.016 0.017 0.013 0.012 0.018 0.023 0.014 0.132 0.151 0.021 0.03 0.262 0.012 0.025 0.03 0.013 0.062 0.093
34 F 0.033 0.019 0.017 0.017 0.01 0.01 0.019 0.025 0.017 0.063 0.113 0.019 0.025 0.396 0.01 0.025 0.025 0.017 0.088 0.054
35 Q 0.055 0.072 0.043 0.046 0.009 0.226 0.101 0.041 0.029 0.026 0.046 0.09 0.02 0.014 0.023 0.055 0.041 0.006 0.02 0.035
36 L 0.053 0.021 0.015 0.017 0.017 0.015 0.02 0.022 0.009 0.18 0.234 0.025 0.039 0.045 0.015 0.027 0.04 0.006 0.021 0.18
37 Y 0.047 0.047 0.025 0.025 0.011 0.028 0.037 0.028 0.026 0.118 0.093 0.105 0.023 0.067 0.019 0.035 0.035 0.014 0.133 0.085
38 T 0.072 0.035 0.043 0.037 0.018 0.027 0.039 0.043 0.014 0.053 0.064 0.045 0.019 0.023 0.027 0.091 0.257 0.006 0.018 0.07
39 S 0.108 0.04 0.053 0.048 0.017 0.033 0.052 0.065 0.019 0.029 0.041 0.053 0.015 0.021 0.029 0.231 0.081 0.005 0.017 0.041
40 E 0.054 0.067 0.065 0.072 0.008 0.057 0.206 0.04 0.024 0.024 0.038 0.144 0.013 0.016 0.026 0.055 0.038 0.005 0.017 0.031
41 E 0.055 0.054 0.04 0.085 0.007 0.063 0.286 0.035 0.025 0.022 0.037 0.093 0.013 0.016 0.026 0.054 0.037 0.005 0.016 0.031
42 E 0.059 0.06 0.033 0.052 0.011 0.046 0.144 0.034 0.019 0.065 0.066 0.131 0.019 0.022 0.023 0.047 0.041 0.005 0.018 0.105
43 W 0.03 0.022 0.015 0.015 0.007 0.015 0.022 0.03 0.015 0.03 0.052 0.022 0.015 0.06 0.007 0.022 0.022 0.5 0.067 0.03
44 N 0.042 0.044 0.327 0.082 0.009 0.033 0.049 0.064 0.031 0.022 0.031 0.053 0.011 0.018 0.02 0.069 0.049 0.004 0.015 0.027
45 S 0.108 0.04 0.053 0.048 0.017 0.033 0.052 0.065 0.019 0.029 0.041 0.053 0.015 0.021 0.029 0.231 0.081 0.005 0.017 0.041
46 F 0.033 0.019 0.017 0.017 0.01 0.01 0.019 0.025 0.017 0.063 0.113 0.019 0.025 0.396 0.01 0.025 0.025 0.017 0.088 0.054
47 F 0.044 0.031 0.113 0.039 0.01 0.023 0.033 0.04 0.031 0.041 0.067 0.036 0.018 0.163 0.016 0.057 0.038 0.016 0.14 0.042
48 I 0.046 0.017 0.014 0.017 0.016 0.013 0.017 0.02 0.009 0.281 0.166 0.023 0.036 0.044 0.014 0.025 0.039 0.006 0.02 0.174
49 F 0.033 0.019 0.017 0.017 0.01 0.01 0.019 0.025 0.017 0.063 0.113 0.019 0.025 0.396 0.01 0.025 0.025 0.017 0.088 0.054
50 G 0.059 0.037 0.21 0.063 0.01 0.028 0.041 0.215 0.024 0.022 0.031 0.047 0.011 0.017 0.02 0.075 0.045 0.005 0.014 0.027
51 F 0.048 0.037 0.027 0.033 0.012 0.078 0.068 0.03 0.018 0.12 0.102 0.047 0.026 0.123 0.017 0.044 0.037 0.009 0.037 0.086
52 N 0.071 0.056 0.13 0.055 0.013 0.037 0.053 0.057 0.022 0.03 0.042 0.108 0.015 0.019 0.026 0.122 0.085 0.005 0.017 0.039
53 P 0.073 0.03 0.033 0.036 0.013 0.025 0.041 0.046 0.015 0.027 0.038 0.045 0.012 0.015 0.344 0.106 0.051 0.003 0.014 0.034
54 D 0.04 0.029 0.068 0.406 0.007 0.029 0.09 0.046 0.018 0.022 0.028 0.044 0.009 0.015 0.022 0.051 0.035 0.004 0.011 0.024
55 Y 0.043 0.032 0.102 0.036 0.009 0.025 0.034 0.036 0.041 0.037 0.057 0.037 0.016 0.096 0.017 0.048 0.035 0.021 0.235 0.041
56 E 0.055 0.052 0.126 0.068 0.01 0.044 0.135 0.046 0.024 0.03 0.042 0.089 0.014 0.018 0.024 0.067 0.093 0.005 0.016 0.039
57 V 0.061 0.02 0.016 0.018 0.018 0.015 0.021 0.023 0.008 0.202 0.141 0.025 0.033 0.038 0.016 0.03 0.046 0.006 0.02 0.244
58 L 0.041 0.022 0.015 0.015 0.014 0.014 0.02 0.022 0.012 0.099 0.307 0.023 0.042 0.152 0.013 0.024 0.031 0.01 0.041 0.083
59 F 0.041 0.021 0.017 0.018 0.012 0.015 0.021 0.023 0.023 0.139 0.118 0.024 0.027 0.173 0.014 0.027 0.031 0.016 0.142 0.097
60 I 0.054 0.019 0.015 0.017 0.017 0.014 0.019 0.022 0.008 0.242 0.153 0.024 0.035 0.041 0.015 0.027 0.042 0.006 0.02 0.209
61 S 0.075 0.034 0.04 0.035 0.015 0.027 0.04 0.045 0.026 0.041 0.057 0.043 0.018 0.058 0.024 0.123 0.115 0.013 0.121 0.051
62 L 0.044 0.024 0.014 0.015 0.016 0.016 0.02 0.021 0.01 0.114 0.384 0.025 0.049 0.054 0.014 0.024 0.033 0.007 0.022 0.095
63 F 0.047 0.02 0.017 0.017 0.014 0.013 0.02 0.025 0.013 0.099 0.118 0.021 0.027 0.262 0.013 0.028 0.034 0.012 0.063 0.138
64 F 0.033 0.019 0.017 0.017 0.01 0.01 0.019 0.025 0.017 0.063 0.113 0.019 0.025 0.396 0.01 0.025 0.025 0.017 0.088 0.054
65 F 0.036 0.022 0.018 0.017 0.01 0.015 0.022 0.025 0.028 0.055 0.096 0.023 0.023 0.297 0.012 0.027 0.026 0.021 0.176 0.051
66 F 0.034 0.019 0.017 0.017 0.011 0.011 0.019 0.025 0.017 0.063 0.114 0.019 0.025 0.387 0.011 0.025 0.025 0.017 0.089 0.055
67 F 0.034 0.019 0.017 0.017 0.011 0.011 0.019 0.025 0.017 0.063 0.114 0.019 0.025 0.387 0.011 0.025 0.025 0.017 0.089 0.055
68 F 0.04 0.021 0.017 0.017 0.012 0.013 0.02 0.047 0.014 0.079 0.187 0.021 0.031 0.267 0.012 0.026 0.028 0.013 0.063 0.073
69 F 0.122 0.023 0.02 0.021 0.014 0.015 0.026 0.042 0.016 0.056 0.095 0.027 0.022 0.271 0.017 0.045 0.033 0.013 0.064 0.059
70 F 0.033 0.019 0.017 0.017 0.01 0.01 0.019 0.025 0.017 0.063 0.113 0.019 0.025 0.396 0.01 0.025 0.025 0.017 0.088 0.054
71 L 0.065 0.029 0.027 0.026 0.016 0.022 0.03 0.036 0.013 0.086 0.27 0.034 0.038 0.043 0.019 0.093 0.049 0.006 0.02 0.077
72 I 0.045 0.021 0.016 0.018 0.015 0.016 0.02 0.023 0.012 0.189 0.161 0.025 0.068 0.12 0.014 0.027 0.036 0.009 0.036 0.128
73 G 0.077 0.023 0.039 0.033 0.011 0.019 0.025 0.517 0.013 0.019 0.028 0.033 0.009 0.016 0.019 0.051 0.029 0.005 0.011 0.024
74 A 0.237 0.027 0.023 0.026 0.02 0.022 0.034 0.063 0.013 0.102 0.085 0.039 0.022 0.027 0.026 0.069 0.047 0.005 0.018 0.094
75 F 0.037 0.02 0.016 0.016 0.012 0.012 0.019 0.024 0.015 0.078 0.196 0.021 0.032 0.291 0.012 0.025 0.027 0.014 0.067 0.067
76 L 0.075 0.031 0.034 0.032 0.016 0.023 0.036 0.044 0.016 0.072 0.148 0.038 0.027 0.097 0.021 0.13 0.056 0.008 0.031 0.065
77 A 0.192 0.03 0.03 0.031 0.019 0.024 0.038 0.077 0.014 0.069 0.071 0.041 0.02 0.024 0.026 0.103 0.055 0.005 0.018 0.113
78 Y 0.04 0.032 0.098 0.034 0.009 0.024 0.033 0.034 0.042 0.038 0.058 0.036 0.017 0.101 0.017 0.04 0.033 0.022 0.25 0.041
79 L 0.046 0.021 0.015 0.016 0.12 0.014 0.019 0.024 0.011 0.085 0.245 0.022 0.036 0.132 0.014 0.028 0.032 0.009 0.036 0.076
80 F 0.037 0.018 0.016 0.017 0.012 0.011 0.018 0.024 0.015 0.117 0.126 0.02 0.028 0.308 0.011 0.025 0.029 0.014 0.071 0.084
81 L 0.051 0.033 0.083 0.032 0.015 0.022 0.03 0.032 0.015 0.101 0.223 0.048 0.034 0.039 0.017 0.037 0.041 0.006 0.02 0.122
82 Y 0.041 0.109 0.026 0.021 0.009 0.028 0.034 0.027 0.04 0.038 0.062 0.053 0.018 0.101 0.016 0.034 0.029 0.022 0.25 0.042
83 G 0.058 0.044 0.082 0.041 0.011 0.07 0.049 0.16 0.021 0.042 0.075 0.064 0.053 0.024 0.05 0.05 0.038 0.006 0.017 0.044
84 G 0.126 0.062 0.037 0.037 0.013 0.036 0.05 0.171 0.017 0.029 0.043 0.149 0.014 0.017 0.026 0.071 0.042 0.005 0.016 0.04
85 N 0.043 0.045 0.314 0.083 0.009 0.034 0.05 0.065 0.032 0.023 0.032 0.054 0.011 0.018 0.02 0.07 0.05 0.005 0.016 0.027
86 N 0.043 0.045 0.314 0.083 0.009 0.034 0.05 0.065 0.032 0.023 0.032 0.054 0.011 0.018 0.02 0.07 0.05 0.005 0.016 0.027
87 G 0.055 0.046 0.034 0.031 0.011 0.029 0.039 0.153 0.078 0.087 0.088 0.096 0.021 0.031 0.019 0.041 0.034 0.007 0.035 0.064
88 N 0.075 0.042 0.174 0.062 0.013 0.033 0.049 0.093 0.024 0.025 0.036 0.058 0.013 0.019 0.024 0.143 0.062 0.005 0.016 0.033
89 N 0.109 0.056 0.166 0.053 0.013 0.028 0.042 0.059 0.023 0.034 0.053 0.049 0.015 0.082 0.021 0.073 0.046 0.007 0.028 0.043
90 D 0.048 0.025 0.036 0.154 0.012 0.021 0.047 0.034 0.013 0.122 0.118 0.035 0.024 0.029 0.092 0.045 0.038 0.005 0.016 0.086
91 P 0.047 0.115 0.032 0.029 0.01 0.031 0.041 0.032 0.09 0.088 0.072 0.072 0.019 0.025 0.125 0.039 0.034 0.005 0.025 0.065
92 R 0.047 0.193 0.034 0.032 0.01 0.085 0.063 0.032 0.021 0.046 0.13 0.087 0.025 0.026 0.019 0.042 0.036 0.006 0.019 0.048
93 S 0.077 0.061 0.11 0.053 0.013 0.039 0.057 0.058 0.022 0.027 0.039 0.127 0.014 0.018 0.027 0.139 0.061 0.005 0.017 0.035
94 R 0.049 0.209 0.039 0.058 0.008 0.055 0.17 0.034 0.024 0.023 0.042 0.098 0.014 0.017 0.022 0.049 0.035 0.006 0.017 0.031
95 Y 0.044 0.041 0.032 0.029 0.026 0.075 0.05 0.031 0.095 0.036 0.06 0.047 0.019 0.096 0.018 0.039 0.031 0.017 0.176 0.04
96 Y 0.046 0.037 0.026 0.025 0.011 0.071 0.044 0.028 0.033 0.085 0.082 0.044 0.023 0.081 0.017 0.036 0.034 0.017 0.183 0.078
97 L 0.056 0.02 0.015 0.016 0.136 0.014 0.019 0.024 0.009 0.146 0.192 0.024 0.033 0.038 0.015 0.03 0.039 0.006 0.019 0.149
98 Y 0.042 0.108 0.024 0.021 0.01 0.027 0.032 0.026 0.031 0.056 0.141 0.051 0.025 0.082 0.016 0.032 0.031 0.017 0.174 0.054
99 N 0.047 0.052 0.161 0.076 0.01 0.033 0.049 0.047 0.022 0.088 0.067 0.104 0.018 0.023 0.021 0.053 0.043 0.005 0.017 0.065
100 F 0.107 0.032 0.026 0.043 0.012 0.031 0.115 0.041 0.021 0.044 0.073 0.043 0.019 0.168 0.02 0.049 0.035 0.011 0.061 0.05
101 S 0.11 0.04 0.054 0.049 0.018 0.033 0.053 0.067 0.019 0.03 0.042 0.054 0.016 0.021 0.03 0.217 0.082 0.005 0.018 0.042
102 K 0.074 0.058 0.039 0.038 0.014 0.081 0.061 0.044 0.019 0.061 0.065 0.108 0.021 0.022 0.024 0.098 0.053 0.005 0.019 0.097
103 K 0.052 0.074 0.028 0.028 0.012 0.032 0.043 0.033 0.016 0.07 0.084 0.139 0.022 0.126 0.019 0.039 0.037 0.008 0.037 0.1
104 Y 0.046 0.024 0.019 0.018 0.012 0.017 0.024 0.025 0.029 0.078 0.094 0.026 0.023 0.172 0.014 0.03 0.032 0.019 0.191 0.106
105 K 0.047 0.138 0.108 0.128 0.008 0.042 0.065 0.045 0.023 0.024 0.038 0.141 0.013 0.016 0.022 0.054 0.039 0.005 0.015 0.029
106 R 0.063 0.126 0.035 0.03 0.013 0.031 0.038 0.12 0.015 0.061 0.065 0.075 0.019 0.022 0.021 0.055 0.093 0.006 0.017 0.095
107 L 0.058 0.027 0.024 0.024 0.015 0.019 0.028 0.033 0.014 0.081 0.238 0.031 0.035 0.122 0.017 0.076 0.043 0.009 0.035 0.072
108 L 0.046 0.02 0.015 0.016 0.133 0.013 0.019 0.025 0.011 0.082 0.227 0.022 0.034 0.143 0.013 0.028 0.031 0.009 0.038 0.074
109 K 0.054 0.061 0.048 0.032 0.011 0.035 0.046 0.035 0.024 0.065 0.07 0.144 0.02 0.049 0.021 0.043 0.039 0.011 0.095 0.097
110 V 0.054 0.02 0.016 0.017 0.016 0.015 0.021 0.023 0.012 0.163 0.13 0.024 0.03 0.121 0.015 0.029 0.04 0.009 0.054 0.19
111 F 0.045 0.019 0.016 0.017 0.014 0.012 0.019 0.024 0.013 0.146 0.131 0.022 0.03 0.218 0.013 0.026 0.034 0.011 0.054 0.137
112 F 0.036 0.02 0.016 0.016 0.012 0.012 0.019 0.024 0.015 0.077 0.19 0.02 0.032 0.298 0.011 0.025 0.027 0.014 0.069 0.066
113 L 0.044 0.022 0.016 0.017 0.015 0.016 0.021 0.021 0.017 0.161 0.236 0.026 0.038 0.066 0.014 0.026 0.034 0.011 0.087 0.114
114 L 0.063 0.028 0.023 0.023 0.017 0.022 0.028 0.031 0.012 0.107 0.217 0.033 0.066 0.042 0.018 0.066 0.047 0.006 0.021 0.131
115 N 0.051 0.039 0.255 0.07 0.009 0.03 0.043 0.178 0.027 0.021 0.03 0.048 0.011 0.017 0.02 0.064 0.044 0.005 0.014 0.026
116 V 0.061 0.022 0.016 0.017 0.018 0.016 0.022 0.023 0.009 0.153 0.196 0.026 0.04 0.04 0.016 0.03 0.044 0.006 0.021 0.224
117 I 0.058 0.023 0.022 0.022 0.017 0.018 0.024 0.027 0.01 0.184 0.145 0.029 0.032 0.037 0.018 0.043 0.096 0.006 0.02 0.169
118 T 0.071 0.033 0.037 0.033 0.017 0.025 0.036 0.041 0.014 0.064 0.14 0.041 0.026 0.03 0.024 0.1 0.17 0.006 0.019 0.071
119 F 0.036 0.02 0.016 0.016 0.012 0.012 0.019 0.024 0.015 0.073 0.171 0.02 0.03 0.323 0.011 0.025 0.027 0.015 0.073 0.063
120 L 0.05 0.022 0.015 0.016 0.016 0.015 0.02 0.022 0.01 0.159 0.256 0.024 0.04 0.069 0.014 0.026 0.038 0.007 0.025 0.155
121 I 0.115 0.022 0.018 0.02 0.018 0.017 0.024 0.035 0.01 0.196 0.131 0.029 0.03 0.036 0.019 0.041 0.044 0.006 0.02 0.17
122 S 0.09 0.036 0.046 0.041 0.047 0.029 0.044 0.053 0.016 0.04 0.053 0.047 0.017 0.022 0.028 0.158 0.155 0.005 0.017 0.055
123 Q 0.055 0.072 0.043 0.046 0.009 0.226 0.101 0.041 0.029 0.026 0.046 0.09 0.02 0.014 0.023 0.055 0.041 0.006 0.02 0.035
124 Y 0.041 0.027 0.02 0.018 0.011 0.02 0.026 0.024 0.037 0.061 0.147 0.029 0.026 0.11 0.015 0.029 0.029 0.022 0.251 0.058
125 F 0.041 0.035 0.025 0.025 0.01 0.067 0.042 0.029 0.028 0.048 0.083 0.04 0.022 0.226 0.015 0.034 0.03 0.017 0.137 0.047
126 L 0.051 0.032 0.02 0.02 0.016 0.028 0.028 0.028 0.016 0.099 0.194 0.036 0.173 0.047 0.016 0.036 0.04 0.008 0.024 0.091
127 G 0.07 0.029 0.05 0.036 0.01 0.024 0.033 0.386 0.089 0.02 0.031 0.037 0.011 0.019 0.019 0.056 0.031 0.006 0.021 0.024
128 D 0.044 0.04 0.094 0.201 0.008 0.039 0.121 0.044 0.108 0.022 0.032 0.052 0.012 0.019 0.022 0.052 0.035 0.005 0.024 0.025
129 A 0.301 0.031 0.025 0.029 0.021 0.025 0.04 0.077 0.015 0.043 0.059 0.044 0.017 0.021 0.029 0.084 0.049 0.005 0.017 0.068
130 N 0.042 0.044 0.327 0.082 0.009 0.033 0.049 0.064 0.031 0.022 0.031 0.053 0.011 0.018 0.02 0.069 0.049 0.004 0.015 0.027
131 I 0.114 0.021 0.017 0.02 0.017 0.017 0.024 0.036 0.01 0.205 0.152 0.029 0.032 0.038 0.018 0.041 0.042 0.006 0.02 0.14
132 Y 0.043 0.025 0.019 0.018 0.011 0.019 0.025 0.024 0.035 0.108 0.095 0.029 0.024 0.102 0.015 0.029 0.032 0.021 0.233 0.093
133 N 0.042 0.044 0.326 0.082 0.009 0.033 0.049 0.064 0.031 0.022 0.031 0.053 0.011 0.018 0.02 0.069 0.049 0.004 0.015 0.027
134 L 0.045 0.021 0.014 0.016 0.016 0.015 0.019 0.021 0.009 0.198 0.275 0.024 0.043 0.049 0.014 0.024 0.036 0.006 0.021 0.134
135 Y 0.04 0.028 0.021 0.018 0.009 0.021 0.028 0.025 0.046 0.043 0.067 0.031 0.018 0.129 0.015 0.031 0.028 0.028 0.328 0.046
136 I 0.052 0.018 0.015 0.017 0.017 0.014 0.019 0.021 0.009 0.252 0.156 0.024 0.035 0.041 0.015 0.027 0.042 0.006 0.02 0.2
137 G 0.067 0.024 0.03 0.028 0.014 0.019 0.027 0.202 0.013 0.105 0.129 0.032 0.025 0.051 0.018 0.071 0.041 0.006 0.02 0.078
138 G 0.068 0.028 0.111 0.045 0.01 0.022 0.031 0.404 0.018 0.02 0.029 0.038 0.01 0.016 0.019 0.055 0.034 0.005 0.012 0.025
139 G 0.076 0.029 0.05 0.13 0.011 0.025 0.048 0.286 0.016 0.022 0.031 0.041 0.011 0.017 0.022 0.096 0.044 0.005 0.012 0.028
140 V 0.069 0.022 0.016 0.018 0.019 0.016 0.023 0.024 0.008 0.162 0.128 0.026 0.031 0.035 0.016 0.032 0.049 0.005 0.02 0.28
141 S 0.094 0.041 0.114 0.056 0.015 0.033 0.051 0.065 0.022 0.028 0.039 0.053 0.014 0.02 0.027 0.195 0.074 0.005 0.017 0.038
142 A 0.243 0.028 0.023 0.026 0.021 0.023 0.036 0.064 0.013 0.072 0.076 0.039 0.021 0.025 0.026 0.071 0.049 0.005 0.018 0.121
143 Q 0.055 0.081 0.043 0.045 0.009 0.183 0.093 0.041 0.027 0.026 0.045 0.14 0.019 0.015 0.024 0.054 0.04 0.006 0.019 0.034
144 L 0.061 0.033 0.029 0.04 0.015 0.031 0.098 0.031 0.014 0.086 0.144 0.043 0.027 0.031 0.021 0.052 0.1 0.006 0.019 0.118
145 I 0.046 0.017 0.014 0.017 0.016 0.013 0.017 0.02 0.009 0.282 0.165 0.023 0.036 0.044 0.014 0.025 0.039 0.006 0.02 0.174
146 E 0.051 0.048 0.112 0.087 0.008 0.056 0.242 0.042 0.027 0.022 0.035 0.069 0.012 0.017 0.024 0.058 0.039 0.005 0.016 0.03
147 D 0.074 0.036 0.048 0.133 0.014 0.033 0.071 0.049 0.018 0.044 0.076 0.048 0.053 0.026 0.024 0.126 0.056 0.005 0.017 0.049
148 K 0.068 0.098 0.044 0.043 0.011 0.085 0.071 0.047 0.022 0.027 0.043 0.176 0.016 0.017 0.026 0.097 0.05 0.005 0.018 0.035
149 I 0.046 0.019 0.014 0.017 0.016 0.014 0.018 0.02 0.009 0.24 0.22 0.024 0.039 0.046 0.014 0.024 0.038 0.006 0.021 0.154
150 A 0.175 0.053 0.105 0.045 0.015 0.034 0.05 0.065 0.02 0.034 0.048 0.107 0.015 0.019 0.026 0.072 0.047 0.005 0.017 0.049
151 D 0.075 0.038 0.125 0.146 0.013 0.032 0.06 0.06 0.022 0.026 0.035 0.051 0.013 0.018 0.025 0.146 0.061 0.005 0.015 0.033
152 S 0.156 0.037 0.046 0.043 0.018 0.031 0.049 0.068 0.018 0.033 0.046 0.051 0.016 0.021 0.029 0.195 0.073 0.005 0.017 0.048
153 P 0.069 0.029 0.031 0.035 0.012 0.023 0.04 0.043 0.014 0.026 0.037 0.044 0.011 0.015 0.383 0.09 0.047 0.003 0.014 0.033
154 L 0.039 0.021 0.016 0.016 0.013 0.013 0.019 0.023 0.013 0.097 0.23 0.022 0.041 0.224 0.012 0.025 0.03 0.012 0.055 0.079
155 G 0.133 0.025 0.035 0.032 0.013 0.02 0.029 0.407 0.014 0.025 0.036 0.036 0.011 0.017 0.021 0.059 0.034 0.005 0.012 0.035
156 I 0.046 0.019 0.014 0.017 0.016 0.014 0.018 0.02 0.009 0.24 0.22 0.024 0.039 0.046 0.014 0.024 0.038 0.006 0.021 0.154
157 H 0.042 0.045 0.121 0.049 0.008 0.037 0.052 0.044 0.281 0.022 0.036 0.047 0.014 0.027 0.019 0.048 0.032 0.007 0.046 0.024
158 G 0.077 0.023 0.039 0.033 0.011 0.019 0.025 0.517 0.013 0.019 0.028 0.033 0.009 0.016 0.019 0.051 0.029 0.005 0.011 0.024
159 I 0.054 0.019 0.015 0.017 0.017 0.014 0.019 0.022 0.008 0.24 0.152 0.024 0.034 0.041 0.015 0.027 0.043 0.006 0.02 0.211
160 S 0.092 0.036 0.043 0.04 0.017 0.029 0.044 0.054 0.017 0.05 0.127 0.046 0.024 0.029 0.025 0.18 0.069 0.006 0.018 0.055
161 L 0.051 0.02 0.015 0.017 0.017 0.015 0.019 0.021 0.009 0.208 0.22 0.024 0.039 0.045 0.015 0.026 0.039 0.006 0.021 0.174
162 L 0.045 0.026 0.015 0.016 0.016 0.018 0.022 0.022 0.011 0.111 0.344 0.027 0.075 0.053 0.014 0.026 0.034 0.007 0.022 0.094
163 L 0.04 0.024 0.014 0.015 0.014 0.016 0.021 0.023 0.011 0.093 0.302 0.024 0.04 0.055 0.012 0.024 0.03 0.13 0.033 0.079
164 G 0.133 0.025 0.035 0.032 0.013 0.02 0.029 0.407 0.014 0.025 0.036 0.036 0.011 0.017 0.021 0.059 0.034 0.005 0.012 0.035
165 Y 0.04 0.028 0.021 0.018 0.009 0.021 0.028 0.025 0.046 0.043 0.067 0.031 0.018 0.129 0.015 0.031 0.028 0.028 0.328 0.046
166 F 0.051 0.022 0.023 0.021 0.133 0.015 0.023 0.031 0.013 0.059 0.106 0.026 0.023 0.187 0.016 0.045 0.086 0.01 0.047 0.061
167 G 0.055 0.021 0.028 0.025 0.011 0.015 0.022 0.271 0.015 0.041 0.07 0.026 0.017 0.206 0.015 0.038 0.027 0.011 0.049 0.039
168 I 0.046 0.018 0.014 0.017 0.016 0.013 0.018 0.02 0.009 0.271 0.179 0.023 0.037 0.044 0.014 0.025 0.039 0.006 0.02 0.169
169 L 0.05 0.023 0.017 0.02 0.015 0.016 0.024 0.025 0.01 0.133 0.22 0.029 0.034 0.039 0.136 0.03 0.037 0.005 0.019 0.118
170 L 0.047 0.027 0.019 0.019 0.014 0.022 0.025 0.025 0.021 0.131 0.162 0.031 0.096 0.067 0.015 0.031 0.036 0.012 0.099 0.101
171 Y 0.038 0.025 0.02 0.018 0.01 0.018 0.025 0.024 0.035 0.053 0.1 0.027 0.022 0.2 0.014 0.029 0.027 0.023 0.24 0.051
172 G 0.077 0.023 0.039 0.033 0.011 0.019 0.025 0.517 0.013 0.019 0.028 0.033 0.009 0.016 0.019 0.051 0.029 0.005 0.011 0.024
173 I 0.111 0.025 0.019 0.021 0.017 0.02 0.026 0.037 0.012 0.17 0.147 0.032 0.071 0.039 0.019 0.043 0.042 0.006 0.021 0.124
174 S 0.14 0.032 0.038 0.036 0.137 0.026 0.04 0.06 0.015 0.036 0.051 0.043 0.016 0.021 0.026 0.151 0.063 0.005 0.016 0.051
175 R 0.047 0.21 0.033 0.029 0.01 0.041 0.048 0.032 0.019 0.047 0.13 0.138 0.024 0.026 0.02 0.041 0.035 0.006 0.018 0.047
176 L 0.047 0.036 0.021 0.023 0.014 0.069 0.04 0.026 0.015 0.092 0.3 0.041 0.042 0.044 0.016 0.032 0.035 0.007 0.022 0.08
177 L 0.111 0.023 0.019 0.021 0.017 0.018 0.025 0.036 0.011 0.17 0.181 0.03 0.033 0.039 0.019 0.043 0.054 0.006 0.02 0.123
178 G 0.063 0.047 0.121 0.049 0.01 0.03 0.041 0.286 0.02 0.021 0.032 0.094 0.011 0.016 0.021 0.056 0.037 0.005 0.013 0.026
179 D 0.053 0.038 0.054 0.223 0.009 0.076 0.077 0.162 0.02 0.022 0.032 0.053 0.012 0.015 0.021 0.052 0.035 0.005 0.013 0.027
180 N 0.062 0.056 0.179 0.085 0.011 0.037 0.057 0.059 0.025 0.025 0.036 0.105 0.013 0.018 0.024 0.105 0.054 0.005 0.016 0.031
181 R 0.063 0.214 0.043 0.038 0.01 0.045 0.056 0.043 0.021 0.026 0.044 0.145 0.015 0.018 0.024 0.093 0.047 0.005 0.017 0.034
182 A 0.172 0.115 0.029 0.03 0.015 0.031 0.043 0.055 0.016 0.038 0.053 0.077 0.016 0.019 0.105 0.063 0.043 0.005 0.017 0.058
183 I 0.046 0.017 0.014 0.017 0.016 0.013 0.017 0.02 0.009 0.282 0.165 0.023 0.036 0.044 0.014 0.025 0.039 0.006 0.02 0.174
184 V 0.063 0.026 0.022 0.022 0.018 0.019 0.026 0.028 0.01 0.123 0.176 0.03 0.033 0.037 0.018 0.045 0.097 0.006 0.02 0.181
185 L 0.048 0.026 0.024 0.022 0.013 0.019 0.026 0.028 0.021 0.07 0.167 0.03 0.029 0.138 0.017 0.043 0.086 0.014 0.111 0.068
186 L 0.045 0.02 0.014 0.017 0.016 0.014 0.018 0.021 0.009 0.22 0.246 0.024 0.041 0.047 0.014 0.024 0.037 0.006 0.021 0.145
187 S 0.083 0.04 0.119 0.054 0.015 0.031 0.048 0.059 0.021 0.033 0.044 0.051 0.015 0.021 0.026 0.156 0.117 0.005 0.017 0.045
188 L 0.044 0.023 0.014 0.016 0.016 0.015 0.019 0.021 0.01 0.15 0.338 0.025 0.046 0.052 0.014 0.024 0.034 0.007 0.022 0.112
189 L 0.043 0.021 0.015 0.016 0.015 0.014 0.019 0.022 0.011 0.132 0.266 0.023 0.04 0.137 0.013 0.025 0.033 0.009 0.038 0.108
190 I 0.051 0.02 0.015 0.017 0.017 0.014 0.019 0.021 0.009 0.214 0.212 0.024 0.038 0.044 0.015 0.026 0.04 0.006 0.021 0.177
191 I 0.047 0.018 0.015 0.018 0.016 0.013 0.018 0.021 0.009 0.271 0.168 0.024 0.037 0.044 0.015 0.025 0.04 0.006 0.021 0.177
192 I 0.068 0.024 0.025 0.025 0.017 0.019 0.027 0.033 0.011 0.189 0.125 0.031 0.03 0.036 0.019 0.078 0.052 0.006 0.02 0.167
193 L 0.055 0.021 0.02 0.021 0.015 0.015 0.02 0.145 0.01 0.167 0.184 0.026 0.032 0.039 0.015 0.031 0.036 0.006 0.018 0.123
194 L 0.053 0.02 0.015 0.017 0.017 0.015 0.02 0.022 0.009 0.202 0.209 0.024 0.038 0.044 0.015 0.027 0.041 0.006 0.021 0.187
195 K 0.059 0.085 0.035 0.035 0.011 0.044 0.058 0.038 0.017 0.061 0.064 0.223 0.019 0.02 0.024 0.048 0.042 0.005 0.018 0.094
196 F 0.033 0.019 0.017 0.017 0.01 0.01 0.019 0.025 0.017 0.062 0.113 0.019 0.025 0.396 0.01 0.025 0.025 0.017 0.087 0.054
197 I 0.053 0.019 0.015 0.017 0.017 0.014 0.019 0.021 0.009 0.248 0.155 0.024 0.035 0.041 0.015 0.027 0.042 0.006 0.02 0.204
198 S 0.156 0.037 0.046 0.043 0.018 0.031 0.049 0.068 0.018 0.033 0.046 0.051 0.016 0.021 0.029 0.195 0.073 0.005 0.017 0.048
199 Y 0.046 0.027 0.026 0.023 0.012 0.02 0.028 0.029 0.031 0.05 0.078 0.031 0.02 0.169 0.017 0.044 0.084 0.019 0.19 0.054
200 G 0.189 0.027 0.032 0.031 0.016 0.022 0.033 0.297 0.014 0.031 0.043 0.039 0.013 0.019 0.024 0.067 0.039 0.005 0.014 0.046
201 K 0.056 0.106 0.041 0.041 0.008 0.053 0.07 0.043 0.02 0.027 0.043 0.289 0.015 0.015 0.027 0.053 0.039 0.005 0.017 0.032
202 L 0.044 0.024 0.014 0.015 0.016 0.016 0.02 0.021 0.01 0.114 0.385 0.025 0.049 0.054 0.014 0.024 0.033 0.007 0.022 0.095
203 Q 0.055 0.072 0.043 0.046 0.009 0.226 0.101 0.041 0.029 0.026 0.046 0.09 0.02 0.014 0.023 0.055 0.041 0.006 0.02 0.035
204 S 0.108 0.04 0.053 0.048 0.017 0.033 0.052 0.065 0.019 0.029 0.041 0.053 0.015 0.021 0.029 0.231 0.081 0.005 0.017 0.041
205 L 0.044 0.024 0.014 0.015 0.016 0.016 0.02 0.021 0.01 0.114 0.385 0.025 0.049 0.054 0.014 0.024 0.033 0.007 0.022 0.095
206 L 0.05 0.023 0.015 0.016 0.017 0.016 0.021 0.022 0.009 0.126 0.321 0.025 0.044 0.049 0.015 0.026 0.037 0.007 0.022 0.141
207 Y 0.046 0.025 0.02 0.018 0.13 0.019 0.025 0.026 0.037 0.043 0.067 0.028 0.018 0.102 0.016 0.033 0.03 0.022 0.249 0.049
208 L 0.056 0.023 0.015 0.016 0.017 0.016 0.021 0.023 0.009 0.138 0.257 0.025 0.04 0.045 0.015 0.028 0.041 0.006 0.021 0.187
209 F 0.036 0.02 0.016 0.016 0.012 0.012 0.019 0.024 0.015 0.073 0.171 0.02 0.03 0.323 0.011 0.025 0.027 0.015 0.073 0.063
210 F 0.038 0.021 0.015 0.016 0.013 0.013 0.019 0.023 0.014 0.085 0.231 0.021 0.035 0.247 0.012 0.025 0.028 0.012 0.059 0.072
211 A 0.251 0.029 0.028 0.03 0.019 0.024 0.037 0.175 0.014 0.037 0.052 0.041 0.015 0.02 0.027 0.076 0.045 0.005 0.016 0.058
212 L 0.045 0.025 0.017 0.017 0.015 0.018 0.022 0.024 0.013 0.099 0.243 0.027 0.081 0.136 0.014 0.028 0.034 0.01 0.039 0.094
213 L 0.046 0.025 0.018 0.018 0.015 0.02 0.023 0.025 0.014 0.136 0.166 0.028 0.102 0.134 0.014 0.03 0.036 0.01 0.039 0.103
214 L 0.041 0.023 0.015 0.015 0.015 0.015 0.02 0.022 0.012 0.101 0.317 0.023 0.043 0.139 0.013 0.024 0.031 0.009 0.038 0.085
215 F 0.035 0.021 0.018 0.017 0.01 0.014 0.021 0.025 0.025 0.057 0.1 0.022 0.023 0.32 0.012 0.027 0.026 0.02 0.156 0.052
216 S 0.099 0.038 0.051 0.045 0.017 0.031 0.048 0.06 0.018 0.035 0.047 0.051 0.016 0.021 0.029 0.196 0.125 0.005 0.017 0.048
217 P 0.053 0.121 0.032 0.034 0.009 0.036 0.05 0.037 0.017 0.025 0.04 0.135 0.013 0.014 0.249 0.046 0.036 0.004 0.015 0.031
218 K 0.052 0.198 0.04 0.037 0.008 0.051 0.063 0.039 0.021 0.026 0.044 0.225 0.015 0.016 0.024 0.049 0.037 0.005 0.017 0.032
219 R 0.046 0.222 0.111 0.046 0.008 0.045 0.055 0.043 0.024 0.024 0.041 0.14 0.014 0.017 0.021 0.052 0.039 0.005 0.017 0.03
220 V 0.058 0.02 0.015 0.017 0.017 0.015 0.02 0.022 0.008 0.222 0.147 0.024 0.034 0.039 0.015 0.029 0.044 0.006 0.02 0.227
221 G 0.149 0.033 0.043 0.04 0.017 0.027 0.042 0.181 0.016 0.03 0.042 0.046 0.014 0.02 0.027 0.149 0.06 0.005 0.016 0.044
222 F 0.039 0.021 0.017 0.017 0.012 0.014 0.021 0.024 0.022 0.119 0.116 0.023 0.026 0.231 0.013 0.026 0.03 0.016 0.129 0.085
223 L 0.053 0.052 0.114 0.045 0.012 0.032 0.045 0.043 0.019 0.053 0.13 0.103 0.023 0.027 0.022 0.059 0.089 0.006 0.018 0.055
224 K 0.056 0.106 0.041 0.041 0.008 0.053 0.07 0.043 0.02 0.027 0.043 0.289 0.015 0.015 0.027 0.053 0.039 0.005 0.017 0.032
225 G 0.058 0.022 0.027 0.025 0.012 0.016 0.022 0.27 0.013 0.053 0.138 0.028 0.023 0.12 0.015 0.038 0.029 0.009 0.033 0.049
226 L 0.062 0.026 0.025 0.024 0.016 0.019 0.028 0.033 0.013 0.089 0.166 0.031 0.03 0.126 0.018 0.073 0.064 0.009 0.037 0.112
227 I 0.047 0.018 0.015 0.017 0.12 0.012 0.018 0.024 0.011 0.163 0.144 0.022 0.03 0.127 0.014 0.028 0.035 0.008 0.035 0.113
228 L 0.049 0.023 0.017 0.017 0.015 0.017 0.022 0.022 0.018 0.153 0.188 0.026 0.034 0.066 0.015 0.028 0.037 0.011 0.098 0.146
229 G 0.114 0.029 0.026 0.026 0.016 0.025 0.03 0.175 0.015 0.064 0.118 0.037 0.093 0.033 0.02 0.05 0.039 0.007 0.019 0.067
230 G 0.073 0.024 0.03 0.028 0.134 0.019 0.027 0.141 0.012 0.092 0.093 0.032 0.021 0.027 0.019 0.086 0.046 0.005 0.016 0.074
231 L 0.053 0.021 0.016 0.017 0.016 0.015 0.021 0.023 0.01 0.135 0.191 0.024 0.035 0.121 0.014 0.028 0.039 0.008 0.036 0.177
232 I 0.062 0.026 0.028 0.027 0.017 0.02 0.029 0.032 0.011 0.152 0.111 0.034 0.027 0.033 0.021 0.058 0.144 0.006 0.019 0.144
233 I 0.053 0.019 0.015 0.017 0.017 0.014 0.019 0.022 0.008 0.244 0.154 0.024 0.035 0.041 0.015 0.027 0.042 0.006 0.02 0.207
234 L 0.108 0.023 0.018 0.02 0.016 0.016 0.024 0.036 0.012 0.125 0.18 0.028 0.032 0.116 0.017 0.04 0.038 0.008 0.034 0.109
235 L 0.044 0.022 0.014 0.016 0.016 0.015 0.019 0.021 0.01 0.156 0.33 0.025 0.046 0.051 0.014 0.024 0.034 0.007 0.022 0.115
236 F 0.033 0.019 0.017 0.017 0.01 0.01 0.019 0.025 0.017 0.062 0.113 0.019 0.025 0.396 0.01 0.025 0.025 0.017 0.087 0.054
237 S 0.111 0.038 0.049 0.044 0.018 0.031 0.048 0.06 0.017 0.036 0.048 0.051 0.017 0.021 0.029 0.187 0.123 0.005 0.017 0.05
238 F 0.057 0.02 0.017 0.017 0.015 0.013 0.021 0.026 0.013 0.106 0.118 0.023 0.028 0.225 0.014 0.03 0.036 0.011 0.056 0.155
239 T 0.072 0.035 0.043 0.037 0.018 0.027 0.039 0.043 0.014 0.053 0.064 0.045 0.019 0.023 0.027 0.091 0.258 0.006 0.018 0.07
240 R 0.044 0.355 0.038 0.031 0.008 0.048 0.052 0.032 0.023 0.023 0.046 0.118 0.015 0.017 0.019 0.044 0.034 0.006 0.017 0.031
241 I 0.052 0.018 0.015 0.017 0.017 0.014 0.019 0.021 0.009 0.252 0.156 0.024 0.035 0.041 0.015 0.027 0.042 0.006 0.02 0.2
242 I 0.046 0.017 0.014 0.017 0.016 0.013 0.017 0.02 0.009 0.282 0.165 0.023 0.036 0.044 0.014 0.025 0.039 0.006 0.02 0.174
243 R 0.044 0.355 0.038 0.031 0.008 0.048 0.052 0.032 0.023 0.023 0.046 0.118 0.015 0.017 0.019 0.044 0.034 0.006 0.017 0.031
244 N 0.042 0.044 0.327 0.082 0.009 0.033 0.049 0.064 0.031 0.022 0.031 0.053 0.011 0.018 0.02 0.069 0.049 0.004 0.015 0.027
245 P 0.056 0.025 0.023 0.031 0.01 0.02 0.036 0.036 0.013 0.025 0.036 0.041 0.01 0.013 0.501 0.043 0.036 0.003 0.013 0.031
246 D 0.048 0.04 0.053 0.239 0.007 0.047 0.204 0.04 0.022 0.022 0.032 0.06 0.011 0.016 0.024 0.053 0.036 0.005 0.014 0.028
247 Q 0.052 0.066 0.046 0.044 0.008 0.179 0.089 0.04 0.113 0.025 0.044 0.079 0.019 0.018 0.022 0.052 0.037 0.006 0.029 0.032
248 N 0.05 0.035 0.181 0.162 0.009 0.028 0.055 0.172 0.023 0.021 0.029 0.046 0.01 0.016 0.02 0.059 0.04 0.004 0.013 0.025
249 L 0.044 0.024 0.014 0.015 0.016 0.016 0.02 0.021 0.01 0.114 0.385 0.025 0.049 0.054 0.014 0.024 0.033 0.007 0.022 0.095
250 L 0.08 0.031 0.034 0.032 0.017 0.024 0.036 0.043 0.014 0.085 0.15 0.039 0.028 0.033 0.022 0.122 0.071 0.006 0.019 0.116
251 F 0.041 0.027 0.022 0.034 0.011 0.025 0.091 0.027 0.017 0.063 0.152 0.034 0.027 0.228 0.015 0.032 0.03 0.012 0.056 0.057
252 S 0.077 0.038 0.118 0.145 0.013 0.032 0.061 0.06 0.021 0.026 0.036 0.051 0.013 0.018 0.025 0.15 0.062 0.005 0.015 0.034
253 F 0.053 0.02 0.022 0.021 0.013 0.014 0.021 0.148 0.014 0.076 0.095 0.024 0.023 0.211 0.014 0.033 0.032 0.011 0.051 0.103
254 D 0.044 0.034 0.069 0.327 0.007 0.037 0.137 0.044 0.02 0.022 0.03 0.051 0.01 0.015 0.023 0.053 0.036 0.004 0.012 0.026
255 F 0.033 0.019 0.017 0.017 0.01 0.01 0.019 0.025 0.017 0.062 0.113 0.019 0.025 0.396 0.01 0.025 0.025 0.017 0.087 0.054
256 L 0.044 0.022 0.014 0.016 0.016 0.015 0.019 0.021 0.01 0.151 0.336 0.025 0.046 0.052 0.014 0.024 0.034 0.007 0.022 0.112
257 L 0.041 0.022 0.015 0.015 0.014 0.014 0.02 0.022 0.012 0.099 0.309 0.023 0.042 0.149 0.013 0.024 0.031 0.01 0.04 0.084
258 R 0.049 0.212 0.034 0.03 0.01 0.044 0.05 0.034 0.021 0.043 0.082 0.14 0.055 0.024 0.02 0.044 0.037 0.006 0.019 0.046
259 F 0.033 0.019 0.017 0.017 0.01 0.01 0.019 0.025 0.017 0.062 0.113 0.019 0.025 0.396 0.01 0.025 0.025 0.017 0.087 0.054
260 I 0.051 0.018 0.015 0.017 0.017 0.014 0.019 0.021 0.009 0.256 0.157 0.024 0.035 0.042 0.015 0.026 0.041 0.006 0.02 0.197
261 G 0.077 0.023 0.039 0.033 0.011 0.019 0.025 0.517 0.013 0.019 0.028 0.033 0.009 0.016 0.019 0.051 0.029 0.005 0.011 0.024
262 G 0.077 0.023 0.039 0.033 0.011 0.019 0.025 0.517 0.013 0.019 0.028 0.033 0.009 0.016 0.019 0.051 0.029 0.005 0.011 0.024
263 F 0.035 0.021 0.018 0.017 0.01 0.013 0.021 0.025 0.024 0.058 0.101 0.022 0.023 0.329 0.012 0.026 0.026 0.019 0.148 0.052
264 Y 0.04 0.028 0.021 0.018 0.009 0.021 0.028 0.025 0.046 0.043 0.067 0.031 0.018 0.129 0.015 0.031 0.028 0.028 0.328 0.046
265 F 0.036 0.02 0.016 0.016 0.012 0.012 0.019 0.024 0.015 0.075 0.181 0.02 0.031 0.31 0.011 0.025 0.027 0.014 0.071 0.064
266 G 0.077 0.023 0.039 0.033 0.011 0.019 0.025 0.517 0.013 0.019 0.028 0.033 0.009 0.016 0.019 0.051 0.029 0.005 0.011 0.024
267 S 0.108 0.04 0.053 0.048 0.017 0.033 0.052 0.065 0.019 0.029 0.041 0.053 0.015 0.021 0.029 0.231 0.081 0.005 0.017 0.041
268 P 0.056 0.025 0.023 0.031 0.01 0.02 0.036 0.036 0.013 0.025 0.036 0.041 0.01 0.013 0.501 0.043 0.036 0.003 0.013 0.031
269 V 0.065 0.021 0.016 0.018 0.018 0.016 0.022 0.024 0.008 0.182 0.135 0.025 0.032 0.037 0.016 0.031 0.047 0.005 0.02 0.262
270 V 0.127 0.024 0.018 0.02 0.02 0.018 0.027 0.038 0.01 0.132 0.111 0.03 0.028 0.032 0.02 0.045 0.049 0.005 0.02 0.227
271 N 0.042 0.044 0.327 0.082 0.009 0.033 0.049 0.064 0.031 0.022 0.031 0.053 0.011 0.018 0.02 0.069 0.049 0.004 0.015 0.027
272 F 0.063 0.025 0.031 0.029 0.012 0.018 0.029 0.158 0.016 0.043 0.074 0.031 0.019 0.207 0.017 0.083 0.04 0.011 0.051 0.043
273 S 0.071 0.037 0.101 0.045 0.015 0.03 0.042 0.05 0.019 0.051 0.083 0.047 0.055 0.027 0.023 0.113 0.108 0.006 0.019 0.058
274 Y 0.04 0.028 0.021 0.018 0.009 0.021 0.028 0.025 0.046 0.043 0.067 0.031 0.018 0.129 0.015 0.031 0.028 0.028 0.328 0.046
275 I 0.052 0.018 0.015 0.017 0.017 0.014 0.019 0.021 0.009 0.253 0.156 0.024 0.035 0.042 0.015 0.027 0.042 0.006 0.02 0.2
276 L 0.05 0.023 0.017 0.017 0.015 0.017 0.022 0.023 0.018 0.15 0.187 0.026 0.034 0.065 0.015 0.028 0.037 0.011 0.098 0.149
277 K 0.055 0.077 0.042 0.055 0.008 0.131 0.143 0.04 0.025 0.025 0.043 0.148 0.017 0.015 0.025 0.054 0.039 0.005 0.018 0.033
278 N 0.042 0.118 0.178 0.053 0.009 0.034 0.044 0.046 0.033 0.028 0.044 0.064 0.014 0.045 0.019 0.053 0.04 0.011 0.094 0.032
279 N 0.05 0.035 0.19 0.151 0.009 0.029 0.053 0.173 0.023 0.021 0.029 0.046 0.01 0.017 0.02 0.06 0.04 0.004 0.013 0.025
280 I 0.043 0.018 0.015 0.017 0.015 0.012 0.018 0.021 0.011 0.227 0.152 0.022 0.033 0.132 0.013 0.025 0.036 0.009 0.037 0.144
281 H 0.057 0.043 0.042 0.037 0.011 0.07 0.054 0.041 0.129 0.035 0.059 0.05 0.019 0.116 0.02 0.082 0.041 0.009 0.048 0.037
282 D 0.04 0.029 0.068 0.406 0.007 0.029 0.09 0.046 0.018 0.022 0.028 0.044 0.009 0.015 0.022 0.051 0.035 0.004 0.011 0.024
283 L 0.066 0.026 0.024 0.024 0.017 0.019 0.028 0.033 0.011 0.146 0.187 0.032 0.033 0.039 0.018 0.078 0.05 0.006 0.02 0.141
284 F 0.048 0.033 0.024 0.024 0.012 0.067 0.041 0.029 0.019 0.077 0.097 0.039 0.025 0.193 0.015 0.035 0.035 0.012 0.069 0.105
285 Y 0.04 0.028 0.021 0.018 0.009 0.021 0.028 0.025 0.046 0.043 0.067 0.031 0.018 0.129 0.015 0.031 0.028 0.028 0.328 0.046
286 F 0.037 0.018 0.016 0.017 0.012 0.011 0.018 0.024 0.015 0.117 0.126 0.02 0.028 0.308 0.011 0.025 0.029 0.014 0.071 0.084
287 F 0.033 0.019 0.017 0.017 0.01 0.01 0.019 0.025 0.017 0.062 0.113 0.019 0.025 0.396 0.01 0.025 0.025 0.017 0.087 0.054
288 N 0.05 0.042 0.256 0.071 0.011 0.032 0.046 0.059 0.027 0.03 0.039 0.051 0.013 0.019 0.022 0.074 0.101 0.005 0.016 0.037
289 W 0.03 0.022 0.015 0.015 0.007 0.015 0.022 0.03 0.015 0.03 0.052 0.022 0.015 0.06 0.007 0.022 0.022 0.5 0.067 0.03
290 F 0.046 0.024 0.023 0.021 0.014 0.016 0.024 0.028 0.014 0.073 0.168 0.027 0.03 0.217 0.016 0.041 0.085 0.012 0.054 0.068
291 L 0.047 0.021 0.014 0.016 0.016 0.015 0.019 0.021 0.009 0.201 0.259 0.024 0.041 0.048 0.014 0.025 0.037 0.006 0.021 0.146
292 P 0.056 0.025 0.023 0.031 0.01 0.02 0.036 0.036 0.013 0.025 0.036 0.041 0.01 0.013 0.501 0.043 0.036 0.003 0.013 0.031
293 Q 0.055 0.072 0.043 0.046 0.009 0.226 0.101 0.041 0.029 0.026 0.046 0.09 0.02 0.014 0.023 0.055 0.041 0.006 0.02 0.035
294 K 0.056 0.106 0.041 0.041 0.008 0.053 0.07 0.043 0.02 0.027 0.043 0.289 0.015 0.015 0.027 0.053 0.039 0.005 0.017 0.032
295 I 0.046 0.019 0.014 0.017 0.016 0.014 0.018 0.02 0.009 0.24 0.22 0.024 0.039 0.046 0.014 0.024 0.038 0.006 0.021 0.154
296 I 0.053 0.019 0.015 0.017 0.017 0.014 0.019 0.021 0.009 0.249 0.155 0.024 0.035 0.041 0.015 0.027 0.042 0.006 0.02 0.203
297 P 0.122 0.026 0.027 0.031 0.013 0.021 0.034 0.166 0.013 0.028 0.039 0.04 0.012 0.016 0.262 0.055 0.037 0.004 0.013 0.038
298 A 0.231 0.049 0.029 0.032 0.018 0.032 0.047 0.067 0.016 0.043 0.057 0.104 0.017 0.02 0.028 0.074 0.047 0.005 0.017 0.066
299 S 0.108 0.04 0.053 0.048 0.017 0.033 0.052 0.065 0.019 0.029 0.041 0.053 0.015 0.021 0.029 0.231 0.081 0.005 0.017 0.041
300 T 0.075 0.031 0.044 0.127 0.014 0.026 0.051 0.044 0.015 0.038 0.049 0.044 0.015 0.019 0.128 0.071 0.141 0.005 0.015 0.05
301 I 0.046 0.017 0.014 0.017 0.016 0.013 0.017 0.02 0.009 0.282 0.165 0.023 0.036 0.044 0.014 0.025 0.039 0.006 0.02 0.174
302 S 0.094 0.035 0.061 0.043 0.017 0.029 0.044 0.055 0.017 0.062 0.062 0.046 0.019 0.024 0.025 0.171 0.071 0.005 0.018 0.1
303 L 0.039 0.025 0.028 0.113 0.012 0.019 0.038 0.029 0.013 0.07 0.212 0.029 0.03 0.046 0.014 0.03 0.031 0.129 0.031 0.061
304 E 0.064 0.038 0.034 0.046 0.012 0.038 0.111 0.038 0.026 0.048 0.084 0.05 0.055 0.05 0.022 0.089 0.046 0.011 0.088 0.052
305 F 0.036 0.02 0.016 0.016 0.012 0.012 0.019 0.024 0.015 0.075 0.181 0.02 0.031 0.31 0.011 0.025 0.027 0.014 0.071 0.064
306 P 0.056 0.025 0.023 0.031 0.01 0.02 0.036 0.036 0.013 0.025 0.036 0.041 0.01 0.013 0.501 0.043 0.036 0.003 0.013 0.031
307 D 0.04 0.029 0.068 0.406 0.007 0.029 0.09 0.046 0.018 0.022 0.028 0.044 0.009 0.015 0.022 0.051 0.035 0.004 0.011 0.024
308 V 0.074 0.041 0.038 0.036 0.015 0.075 0.053 0.042 0.017 0.079 0.075 0.052 0.022 0.024 0.023 0.097 0.105 0.006 0.019 0.106
309 T 0.072 0.035 0.043 0.037 0.018 0.027 0.039 0.043 0.014 0.053 0.064 0.045 0.019 0.023 0.027 0.091 0.258 0.006 0.018 0.07
310 S 0.108 0.04 0.053 0.048 0.017 0.033 0.052 0.065 0.019 0.029 0.041 0.053 0.015 0.021 0.029 0.231 0.081 0.005 0.017 0.041
311 P 0.056 0.025 0.023 0.031 0.01 0.02 0.036 0.036 0.013 0.025 0.036 0.041 0.01 0.013 0.501 0.043 0.036 0.003 0.013 0.031
312 I 0.046 0.019 0.014 0.017 0.016 0.014 0.018 0.02 0.009 0.24 0.22 0.024 0.039 0.046 0.014 0.024 0.038 0.006 0.021 0.154
313 G 0.077 0.023 0.039 0.033 0.011 0.019 0.025 0.517 0.013 0.019 0.028 0.033 0.009 0.016 0.019 0.051 0.029 0.005 0.011 0.024
314 L 0.038 0.021 0.015 0.016 0.013 0.013 0.019 0.023 0.013 0.087 0.241 0.022 0.036 0.234 0.012 0.025 0.029 0.012 0.057 0.073
315 F 0.051 0.02 0.016 0.017 0.015 0.013 0.021 0.025 0.012 0.112 0.12 0.022 0.028 0.216 0.013 0.029 0.037 0.011 0.054 0.167
316 G 0.085 0.027 0.042 0.037 0.012 0.022 0.032 0.404 0.015 0.021 0.031 0.038 0.011 0.017 0.021 0.096 0.042 0.005 0.012 0.028
317 S 0.099 0.038 0.051 0.045 0.017 0.031 0.048 0.06 0.018 0.035 0.047 0.051 0.016 0.021 0.029 0.196 0.125 0.005 0.017 0.048
318 A 0.201 0.034 0.036 0.035 0.019 0.027 0.042 0.066 0.015 0.042 0.056 0.046 0.017 0.022 0.029 0.118 0.108 0.005 0.017 0.062
319 Y 0.038 0.025 0.02 0.018 0.009 0.019 0.025 0.025 0.039 0.048 0.079 0.028 0.02 0.196 0.014 0.029 0.027 0.025 0.268 0.048
320 L 0.056 0.023 0.015 0.016 0.017 0.016 0.021 0.023 0.009 0.138 0.257 0.025 0.04 0.045 0.015 0.028 0.041 0.006 0.021 0.187
