#Seq2Logo.py -f /work3/idamei/ssn-clusterings/clustering/2205181126/clusters/0122_31/sequences.afa -o /work3/idamei/ssn-clusterings/clustering/2205181126/clusters/0122_31/sequences.logo
#Position Specific Frequency Matrix
A R N D C Q E G H I L K M F P S T W Y V
0 M 0.049 0.03 0.019 0.019 0.015 0.026 0.026 0.026 0.015 0.094 0.184 0.034 0.216 0.045 0.015 0.034 0.038 0.007 0.023 0.086
1 I 0.047 0.018 0.015 0.018 0.016 0.013 0.018 0.021 0.009 0.268 0.169 0.024 0.037 0.044 0.015 0.025 0.04 0.006 0.021 0.178
2 S 0.098 0.037 0.049 0.044 0.016 0.03 0.047 0.059 0.017 0.03 0.042 0.05 0.015 0.02 0.028 0.248 0.104 0.005 0.016 0.043
3 A 0.292 0.029 0.025 0.028 0.02 0.024 0.037 0.067 0.014 0.05 0.061 0.041 0.017 0.021 0.027 0.088 0.052 0.005 0.017 0.086
4 L 0.042 0.021 0.014 0.015 0.015 0.014 0.018 0.02 0.01 0.143 0.327 0.023 0.041 0.083 0.013 0.023 0.032 0.014 0.027 0.106
5 F 0.039 0.019 0.015 0.016 0.013 0.012 0.018 0.022 0.012 0.143 0.178 0.02 0.031 0.227 0.012 0.024 0.03 0.011 0.05 0.109
6 N 0.048 0.041 0.324 0.074 0.009 0.031 0.047 0.061 0.028 0.022 0.031 0.05 0.011 0.017 0.02 0.09 0.05 0.004 0.015 0.027
7 L 0.04 0.022 0.014 0.014 0.014 0.014 0.019 0.02 0.01 0.102 0.376 0.023 0.043 0.1 0.013 0.023 0.03 0.008 0.029 0.085
8 F 0.032 0.018 0.016 0.016 0.01 0.01 0.018 0.024 0.016 0.06 0.109 0.018 0.024 0.424 0.01 0.024 0.024 0.016 0.082 0.052
9 Y 0.038 0.026 0.02 0.017 0.009 0.02 0.026 0.023 0.044 0.041 0.064 0.029 0.017 0.122 0.015 0.029 0.026 0.026 0.362 0.044
10 L 0.043 0.019 0.014 0.015 0.015 0.014 0.018 0.02 0.009 0.219 0.28 0.023 0.04 0.046 0.014 0.023 0.034 0.006 0.02 0.13
11 Y 0.038 0.026 0.02 0.017 0.009 0.02 0.026 0.023 0.044 0.041 0.064 0.029 0.017 0.122 0.015 0.029 0.026 0.026 0.362 0.044
12 D 0.038 0.028 0.064 0.437 0.007 0.028 0.085 0.044 0.017 0.021 0.026 0.042 0.009 0.014 0.021 0.049 0.033 0.003 0.01 0.023
13 P 0.053 0.024 0.022 0.029 0.01 0.019 0.034 0.034 0.012 0.024 0.034 0.039 0.01 0.012 0.527 0.041 0.034 0.002 0.012 0.029
14 W 0.028 0.021 0.014 0.014 0.007 0.014 0.021 0.028 0.014 0.028 0.05 0.021 0.014 0.057 0.007 0.021 0.021 0.526 0.064 0.028
15 L 0.048 0.022 0.014 0.015 0.015 0.014 0.019 0.022 0.01 0.106 0.327 0.023 0.04 0.113 0.013 0.025 0.032 0.008 0.031 0.102
16 F 0.044 0.021 0.017 0.018 0.011 0.019 0.026 0.026 0.016 0.062 0.117 0.023 0.043 0.349 0.012 0.028 0.027 0.016 0.071 0.055
17 H 0.039 0.043 0.05 0.036 0.007 0.036 0.05 0.036 0.397 0.021 0.036 0.043 0.014 0.029 0.018 0.039 0.025 0.007 0.054 0.021
18 F 0.043 0.019 0.017 0.017 0.012 0.012 0.019 0.058 0.013 0.101 0.109 0.021 0.025 0.274 0.012 0.027 0.03 0.012 0.058 0.122
19 L 0.045 0.019 0.015 0.016 0.014 0.013 0.019 0.022 0.011 0.151 0.187 0.022 0.033 0.162 0.013 0.025 0.034 0.009 0.04 0.152
20 R 0.042 0.388 0.036 0.029 0.007 0.045 0.049 0.031 0.022 0.022 0.043 0.112 0.014 0.016 0.018 0.042 0.033 0.005 0.016 0.029
21 M 0.048 0.029 0.018 0.018 0.015 0.025 0.026 0.026 0.015 0.095 0.199 0.033 0.204 0.045 0.015 0.033 0.037 0.007 0.022 0.087
22 A 0.261 0.031 0.032 0.036 0.019 0.026 0.041 0.081 0.015 0.036 0.05 0.044 0.016 0.02 0.027 0.133 0.055 0.005 0.016 0.056
23 F 0.034 0.019 0.015 0.015 0.011 0.011 0.018 0.023 0.014 0.071 0.172 0.019 0.029 0.337 0.011 0.024 0.026 0.017 0.068 0.064
24 L 0.048 0.019 0.015 0.016 0.05 0.013 0.019 0.023 0.01 0.136 0.175 0.022 0.031 0.142 0.013 0.027 0.035 0.008 0.036 0.161
25 A 0.151 0.027 0.027 0.027 0.057 0.022 0.032 0.047 0.012 0.081 0.082 0.036 0.033 0.028 0.022 0.086 0.092 0.005 0.018 0.115
26 G 0.073 0.021 0.037 0.031 0.01 0.018 0.024 0.542 0.013 0.018 0.026 0.031 0.009 0.015 0.018 0.048 0.028 0.005 0.01 0.023
27 L 0.093 0.022 0.021 0.021 0.014 0.016 0.023 0.12 0.012 0.105 0.146 0.027 0.026 0.115 0.016 0.043 0.035 0.008 0.031 0.105
28 I 0.06 0.019 0.015 0.017 0.015 0.014 0.019 0.024 0.01 0.198 0.194 0.023 0.034 0.099 0.014 0.027 0.036 0.007 0.029 0.146
29 A 0.242 0.029 0.028 0.03 0.067 0.024 0.037 0.068 0.014 0.044 0.058 0.04 0.021 0.021 0.026 0.112 0.051 0.005 0.016 0.069
30 L 0.049 0.019 0.014 0.015 0.149 0.014 0.018 0.023 0.009 0.141 0.224 0.022 0.042 0.048 0.014 0.028 0.034 0.006 0.019 0.11
31 L 0.073 0.023 0.02 0.02 0.016 0.017 0.023 0.082 0.01 0.104 0.222 0.027 0.033 0.056 0.016 0.048 0.039 0.006 0.022 0.144
32 W 0.046 0.022 0.016 0.016 0.012 0.016 0.022 0.024 0.017 0.099 0.125 0.025 0.039 0.08 0.013 0.027 0.033 0.137 0.099 0.133
33 L 0.041 0.022 0.014 0.014 0.015 0.015 0.019 0.02 0.01 0.103 0.385 0.023 0.044 0.089 0.013 0.023 0.03 0.008 0.027 0.086
34 A 0.158 0.024 0.024 0.025 0.05 0.019 0.028 0.116 0.011 0.096 0.089 0.033 0.021 0.03 0.021 0.061 0.06 0.005 0.017 0.111
35 Y 0.038 0.026 0.02 0.018 0.01 0.02 0.026 0.023 0.043 0.043 0.065 0.029 0.018 0.124 0.015 0.03 0.026 0.029 0.353 0.045
36 K 0.048 0.177 0.037 0.035 0.008 0.094 0.064 0.035 0.021 0.031 0.07 0.181 0.018 0.018 0.022 0.046 0.036 0.005 0.019 0.035
37 W 0.044 0.022 0.019 0.018 0.011 0.016 0.022 0.094 0.018 0.071 0.105 0.025 0.027 0.058 0.012 0.029 0.031 0.193 0.097 0.087
38 Y 0.041 0.024 0.02 0.018 0.017 0.019 0.024 0.024 0.033 0.083 0.085 0.028 0.023 0.119 0.015 0.031 0.04 0.027 0.257 0.073
39 K 0.051 0.106 0.077 0.044 0.008 0.107 0.07 0.042 0.023 0.025 0.041 0.205 0.015 0.015 0.023 0.055 0.041 0.005 0.017 0.031
40 K 0.054 0.088 0.061 0.041 0.008 0.074 0.064 0.103 0.02 0.024 0.039 0.231 0.014 0.015 0.024 0.051 0.037 0.005 0.016 0.03
41 K 0.055 0.1 0.039 0.047 0.008 0.104 0.118 0.038 0.022 0.025 0.041 0.162 0.015 0.015 0.057 0.058 0.042 0.005 0.017 0.032
42 L 0.046 0.079 0.038 0.025 0.014 0.033 0.034 0.029 0.018 0.077 0.211 0.069 0.031 0.048 0.017 0.039 0.06 0.008 0.055 0.068
43 V 0.07 0.022 0.017 0.018 0.019 0.017 0.023 0.025 0.008 0.165 0.131 0.026 0.032 0.036 0.017 0.033 0.05 0.006 0.021 0.266
44 R 0.045 0.343 0.039 0.031 0.008 0.049 0.052 0.033 0.023 0.023 0.047 0.121 0.016 0.017 0.019 0.045 0.035 0.006 0.017 0.031
45 I 0.047 0.018 0.015 0.018 0.016 0.013 0.018 0.021 0.009 0.269 0.168 0.024 0.037 0.044 0.015 0.025 0.04 0.006 0.021 0.177
46 E 0.055 0.05 0.041 0.091 0.007 0.065 0.294 0.035 0.026 0.022 0.037 0.076 0.013 0.017 0.026 0.055 0.037 0.006 0.017 0.031
47 N 0.043 0.045 0.315 0.083 0.009 0.034 0.05 0.065 0.032 0.023 0.032 0.054 0.011 0.018 0.02 0.07 0.05 0.005 0.016 0.027
48 N 0.043 0.045 0.315 0.083 0.009 0.034 0.05 0.065 0.032 0.023 0.032 0.054 0.011 0.018 0.02 0.07 0.05 0.005 0.016 0.027
49 K 0.057 0.107 0.042 0.042 0.009 0.054 0.071 0.043 0.021 0.028 0.043 0.276 0.016 0.016 0.028 0.054 0.04 0.005 0.017 0.033
50 S 0.11 0.04 0.054 0.049 0.018 0.033 0.053 0.067 0.019 0.03 0.042 0.054 0.016 0.021 0.03 0.217 0.082 0.005 0.018 0.042
51 S 0.11 0.04 0.054 0.049 0.018 0.033 0.053 0.067 0.019 0.03 0.042 0.054 0.016 0.021 0.03 0.217 0.082 0.005 0.018 0.042
52 L 0.052 0.032 0.02 0.02 0.016 0.028 0.028 0.028 0.016 0.101 0.197 0.036 0.158 0.048 0.016 0.036 0.04 0.008 0.024 0.093
53 I 0.047 0.018 0.015 0.018 0.016 0.013 0.018 0.021 0.009 0.269 0.168 0.024 0.037 0.044 0.015 0.025 0.04 0.006 0.021 0.177
54 L 0.045 0.024 0.014 0.015 0.016 0.016 0.02 0.021 0.01 0.116 0.373 0.025 0.05 0.055 0.014 0.024 0.034 0.007 0.022 0.097
55 P 0.065 0.038 0.029 0.03 0.013 0.04 0.039 0.037 0.014 0.089 0.106 0.065 0.022 0.025 0.131 0.085 0.065 0.005 0.017 0.085
56 Q 0.049 0.112 0.06 0.091 0.009 0.131 0.073 0.056 0.023 0.032 0.045 0.111 0.018 0.016 0.021 0.051 0.046 0.005 0.017 0.035
57 G 0.071 0.053 0.04 0.049 0.01 0.042 0.057 0.36 0.016 0.02 0.031 0.046 0.011 0.016 0.02 0.077 0.036 0.005 0.012 0.026
58 I 0.047 0.018 0.014 0.016 0.015 0.013 0.018 0.02 0.009 0.255 0.155 0.022 0.033 0.078 0.014 0.025 0.037 0.006 0.025 0.18
59 I 0.063 0.052 0.022 0.023 0.031 0.034 0.029 0.028 0.012 0.17 0.123 0.037 0.027 0.061 0.017 0.041 0.065 0.006 0.023 0.137
60 L 0.048 0.021 0.014 0.015 0.016 0.014 0.019 0.021 0.009 0.166 0.271 0.023 0.039 0.052 0.014 0.025 0.036 0.006 0.021 0.168
61 P 0.053 0.024 0.022 0.029 0.01 0.02 0.034 0.034 0.012 0.024 0.034 0.039 0.01 0.012 0.526 0.041 0.034 0.002 0.012 0.029
62 L 0.058 0.025 0.016 0.017 0.016 0.017 0.022 0.023 0.009 0.159 0.231 0.039 0.04 0.04 0.015 0.029 0.038 0.006 0.02 0.18
63 D 0.038 0.028 0.064 0.437 0.007 0.028 0.085 0.044 0.017 0.021 0.026 0.042 0.009 0.014 0.021 0.049 0.033 0.003 0.01 0.023
64 S 0.103 0.037 0.051 0.046 0.016 0.031 0.049 0.062 0.018 0.028 0.039 0.051 0.015 0.02 0.028 0.271 0.077 0.005 0.016 0.039
65 L 0.043 0.022 0.014 0.015 0.015 0.015 0.019 0.02 0.009 0.133 0.359 0.023 0.043 0.062 0.013 0.023 0.033 0.007 0.023 0.11
66 A 0.155 0.024 0.02 0.022 0.017 0.019 0.027 0.067 0.011 0.112 0.126 0.031 0.029 0.048 0.019 0.049 0.052 0.022 0.022 0.127
67 V 0.121 0.022 0.017 0.019 0.018 0.017 0.025 0.034 0.009 0.131 0.108 0.028 0.027 0.031 0.018 0.041 0.048 0.005 0.019 0.261
68 I 0.054 0.019 0.017 0.018 0.113 0.014 0.019 0.025 0.009 0.211 0.144 0.024 0.03 0.035 0.015 0.045 0.04 0.005 0.018 0.145
69 L 0.065 0.021 0.017 0.018 0.021 0.015 0.02 0.068 0.01 0.154 0.224 0.025 0.04 0.081 0.015 0.032 0.034 0.007 0.026 0.106
70 G 0.2 0.025 0.026 0.027 0.016 0.02 0.03 0.215 0.013 0.065 0.08 0.035 0.018 0.023 0.022 0.06 0.041 0.005 0.015 0.063
71 L 0.042 0.023 0.013 0.014 0.015 0.015 0.019 0.02 0.009 0.107 0.414 0.024 0.046 0.054 0.013 0.023 0.031 0.007 0.021 0.09
72 I 0.047 0.017 0.014 0.016 0.022 0.013 0.017 0.02 0.008 0.281 0.167 0.022 0.036 0.041 0.014 0.024 0.038 0.006 0.019 0.177
73 L 0.076 0.021 0.019 0.019 0.016 0.016 0.022 0.098 0.01 0.14 0.192 0.026 0.031 0.036 0.016 0.035 0.04 0.006 0.018 0.163
74 L 0.047 0.02 0.014 0.015 0.015 0.014 0.019 0.022 0.01 0.131 0.246 0.022 0.036 0.129 0.013 0.025 0.034 0.008 0.034 0.143
75 S 0.108 0.037 0.049 0.044 0.017 0.03 0.048 0.061 0.017 0.03 0.041 0.05 0.015 0.02 0.028 0.252 0.09 0.005 0.016 0.042
76 V 0.13 0.023 0.018 0.02 0.02 0.017 0.025 0.036 0.01 0.136 0.162 0.029 0.03 0.046 0.018 0.044 0.047 0.006 0.021 0.164
77 I 0.045 0.019 0.014 0.016 0.015 0.013 0.018 0.021 0.009 0.221 0.201 0.023 0.039 0.081 0.014 0.025 0.036 0.007 0.026 0.158
78 P 0.053 0.024 0.022 0.029 0.01 0.019 0.034 0.034 0.012 0.024 0.034 0.039 0.01 0.012 0.527 0.041 0.034 0.002 0.012 0.029
79 L 0.077 0.023 0.016 0.018 0.016 0.017 0.022 0.027 0.01 0.157 0.245 0.027 0.058 0.042 0.016 0.033 0.047 0.006 0.02 0.121
80 L 0.042 0.022 0.013 0.015 0.015 0.015 0.019 0.02 0.009 0.14 0.364 0.023 0.045 0.061 0.013 0.023 0.032 0.007 0.022 0.101
81 I 0.082 0.02 0.016 0.019 0.016 0.015 0.021 0.027 0.009 0.225 0.17 0.026 0.032 0.038 0.016 0.039 0.04 0.006 0.019 0.163
82 N 0.04 0.042 0.242 0.061 0.008 0.033 0.047 0.051 0.167 0.021 0.032 0.047 0.012 0.022 0.018 0.055 0.038 0.005 0.032 0.024
83 G 0.084 0.03 0.041 0.035 0.011 0.039 0.036 0.36 0.058 0.021 0.032 0.04 0.011 0.017 0.02 0.08 0.036 0.005 0.017 0.027
84 T 0.074 0.034 0.042 0.037 0.017 0.027 0.039 0.044 0.014 0.046 0.057 0.044 0.018 0.022 0.026 0.117 0.259 0.005 0.017 0.062
85 K 0.059 0.109 0.085 0.042 0.01 0.046 0.059 0.044 0.047 0.03 0.045 0.115 0.015 0.025 0.022 0.066 0.093 0.007 0.042 0.039
86 D 0.044 0.036 0.053 0.283 0.007 0.042 0.198 0.039 0.02 0.021 0.03 0.054 0.01 0.015 0.022 0.05 0.034 0.004 0.013 0.026
87 F 0.034 0.019 0.016 0.016 0.011 0.011 0.018 0.023 0.016 0.076 0.133 0.019 0.029 0.357 0.011 0.024 0.025 0.015 0.088 0.06
88 G 0.119 0.031 0.042 0.038 0.015 0.026 0.039 0.215 0.017 0.026 0.038 0.043 0.013 0.022 0.024 0.169 0.056 0.006 0.026 0.037
89 V 0.074 0.021 0.016 0.017 0.018 0.016 0.022 0.025 0.008 0.15 0.12 0.025 0.029 0.033 0.016 0.032 0.046 0.005 0.019 0.308
90 L 0.061 0.023 0.019 0.019 0.016 0.017 0.022 0.026 0.01 0.172 0.217 0.028 0.046 0.04 0.016 0.037 0.079 0.006 0.019 0.126
91 L 0.065 0.041 0.028 0.027 0.013 0.024 0.033 0.096 0.013 0.108 0.136 0.087 0.028 0.056 0.019 0.065 0.056 0.006 0.022 0.076
92 M 0.049 0.035 0.022 0.022 0.014 0.057 0.035 0.028 0.017 0.086 0.166 0.04 0.19 0.041 0.016 0.036 0.038 0.007 0.022 0.08
93 Y 0.038 0.026 0.02 0.017 0.01 0.02 0.026 0.023 0.044 0.041 0.064 0.029 0.017 0.122 0.015 0.029 0.026 0.026 0.361 0.044
94 V 0.067 0.021 0.019 0.019 0.037 0.016 0.023 0.027 0.009 0.166 0.117 0.026 0.028 0.06 0.016 0.053 0.045 0.006 0.023 0.22
95 K 0.053 0.1 0.039 0.039 0.008 0.05 0.066 0.04 0.019 0.026 0.04 0.325 0.014 0.014 0.026 0.05 0.037 0.005 0.016 0.031
96 G 0.075 0.03 0.036 0.035 0.015 0.025 0.049 0.147 0.014 0.049 0.101 0.04 0.025 0.025 0.022 0.095 0.141 0.005 0.016 0.055
97 L 0.076 0.023 0.015 0.016 0.015 0.016 0.021 0.027 0.01 0.096 0.349 0.025 0.041 0.076 0.015 0.03 0.032 0.007 0.025 0.084
98 I 0.047 0.02 0.014 0.016 0.015 0.015 0.019 0.021 0.009 0.223 0.209 0.024 0.05 0.052 0.014 0.026 0.037 0.006 0.021 0.163
99 L 0.052 0.023 0.014 0.015 0.015 0.015 0.02 0.022 0.009 0.117 0.376 0.024 0.044 0.049 0.014 0.025 0.034 0.006 0.021 0.104
100 F 0.032 0.018 0.016 0.016 0.01 0.01 0.018 0.024 0.016 0.059 0.107 0.018 0.024 0.427 0.01 0.024 0.024 0.016 0.083 0.051
101 I 0.062 0.021 0.02 0.02 0.022 0.016 0.022 0.072 0.01 0.189 0.163 0.027 0.032 0.036 0.016 0.047 0.049 0.006 0.018 0.154
102 F 0.037 0.019 0.015 0.015 0.062 0.011 0.018 0.023 0.013 0.07 0.182 0.019 0.029 0.289 0.011 0.025 0.027 0.012 0.06 0.062
103 G 0.095 0.022 0.035 0.031 0.011 0.018 0.025 0.503 0.013 0.02 0.029 0.032 0.009 0.016 0.019 0.051 0.029 0.005 0.011 0.026
104 I 0.05 0.018 0.014 0.017 0.016 0.014 0.018 0.02 0.008 0.269 0.148 0.023 0.036 0.039 0.014 0.026 0.04 0.005 0.019 0.205
105 G 0.171 0.024 0.027 0.027 0.016 0.02 0.029 0.234 0.012 0.062 0.061 0.034 0.017 0.022 0.021 0.057 0.044 0.005 0.015 0.104
106 I 0.046 0.018 0.014 0.016 0.015 0.013 0.018 0.02 0.009 0.251 0.209 0.023 0.036 0.05 0.014 0.024 0.037 0.006 0.021 0.161
107 Y 0.037 0.026 0.02 0.017 0.009 0.02 0.026 0.023 0.042 0.042 0.067 0.028 0.018 0.143 0.014 0.029 0.026 0.025 0.344 0.044
108 N 0.04 0.042 0.314 0.071 0.008 0.032 0.047 0.057 0.085 0.021 0.03 0.049 0.011 0.019 0.019 0.061 0.043 0.005 0.021 0.025
109 L 0.074 0.023 0.015 0.016 0.016 0.016 0.022 0.026 0.012 0.11 0.304 0.026 0.039 0.05 0.015 0.03 0.035 0.008 0.043 0.121
110 C 0.065 0.016 0.016 0.016 0.483 0.012 0.016 0.033 0.008 0.045 0.065 0.02 0.016 0.02 0.016 0.041 0.037 0.004 0.012 0.057
111 F 0.035 0.019 0.016 0.016 0.011 0.011 0.018 0.023 0.016 0.07 0.136 0.019 0.026 0.355 0.011 0.024 0.026 0.015 0.082 0.072
112 Y 0.038 0.026 0.02 0.017 0.009 0.02 0.026 0.023 0.044 0.041 0.064 0.029 0.017 0.122 0.015 0.029 0.026 0.026 0.362 0.044
113 A 0.112 0.048 0.028 0.026 0.056 0.044 0.037 0.067 0.048 0.044 0.096 0.041 0.02 0.071 0.019 0.062 0.038 0.01 0.082 0.051
114 N 0.05 0.074 0.102 0.048 0.01 0.057 0.051 0.041 0.097 0.04 0.076 0.074 0.022 0.023 0.054 0.067 0.045 0.005 0.024 0.041
115 A 0.108 0.045 0.057 0.042 0.012 0.057 0.079 0.046 0.074 0.04 0.052 0.079 0.016 0.02 0.06 0.072 0.052 0.005 0.022 0.061
116 N 0.054 0.046 0.192 0.096 0.009 0.08 0.062 0.07 0.028 0.025 0.038 0.065 0.013 0.017 0.021 0.072 0.062 0.005 0.016 0.031
117 Q 0.056 0.074 0.044 0.047 0.009 0.211 0.103 0.041 0.03 0.027 0.047 0.092 0.021 0.015 0.024 0.056 0.041 0.006 0.021 0.035
118 A 0.287 0.031 0.026 0.03 0.022 0.026 0.041 0.079 0.015 0.043 0.06 0.045 0.018 0.022 0.03 0.085 0.05 0.005 0.018 0.069
119 G 0.078 0.034 0.07 0.065 0.01 0.031 0.044 0.328 0.016 0.021 0.031 0.061 0.01 0.015 0.058 0.052 0.033 0.005 0.012 0.027
120 K 0.052 0.087 0.04 0.05 0.008 0.141 0.079 0.04 0.023 0.025 0.042 0.213 0.016 0.014 0.028 0.051 0.038 0.005 0.017 0.031
121 Q 0.092 0.045 0.082 0.044 0.013 0.104 0.067 0.046 0.02 0.048 0.056 0.057 0.018 0.021 0.031 0.087 0.064 0.005 0.018 0.079
122 Q 0.069 0.122 0.043 0.035 0.01 0.127 0.064 0.037 0.024 0.04 0.102 0.104 0.028 0.021 0.021 0.049 0.038 0.006 0.019 0.044
123 L 0.044 0.021 0.015 0.015 0.016 0.014 0.019 0.022 0.011 0.101 0.246 0.022 0.044 0.164 0.013 0.025 0.032 0.009 0.04 0.124
124 I 0.05 0.018 0.014 0.016 0.016 0.014 0.018 0.02 0.008 0.255 0.164 0.023 0.035 0.04 0.014 0.026 0.039 0.005 0.019 0.204
125 R 0.045 0.261 0.087 0.047 0.01 0.042 0.05 0.038 0.03 0.024 0.042 0.108 0.014 0.017 0.02 0.052 0.056 0.008 0.017 0.031
126 D 0.038 0.028 0.064 0.437 0.007 0.028 0.085 0.044 0.017 0.021 0.026 0.042 0.009 0.014 0.021 0.049 0.033 0.003 0.01 0.023
127 L 0.044 0.022 0.014 0.015 0.015 0.015 0.019 0.02 0.009 0.116 0.381 0.024 0.045 0.052 0.013 0.023 0.033 0.007 0.021 0.111
128 K 0.053 0.094 0.049 0.042 0.008 0.071 0.078 0.041 0.021 0.025 0.04 0.284 0.015 0.015 0.025 0.051 0.037 0.005 0.016 0.031
129 I 0.043 0.019 0.014 0.016 0.014 0.014 0.018 0.021 0.01 0.236 0.195 0.023 0.048 0.053 0.013 0.024 0.035 0.047 0.025 0.134
130 G 0.073 0.021 0.037 0.032 0.01 0.018 0.024 0.539 0.013 0.018 0.027 0.032 0.009 0.015 0.018 0.049 0.028 0.005 0.01 0.023
131 I 0.047 0.017 0.014 0.017 0.015 0.013 0.017 0.02 0.008 0.296 0.155 0.022 0.034 0.04 0.014 0.024 0.038 0.005 0.019 0.183
132 G 0.068 0.022 0.025 0.024 0.015 0.018 0.025 0.178 0.011 0.119 0.121 0.029 0.024 0.03 0.017 0.063 0.042 0.005 0.016 0.146
133 V 0.082 0.022 0.018 0.019 0.017 0.016 0.023 0.028 0.009 0.169 0.151 0.027 0.031 0.035 0.017 0.037 0.064 0.005 0.019 0.211
134 Q 0.052 0.069 0.041 0.044 0.008 0.266 0.096 0.039 0.027 0.025 0.044 0.085 0.019 0.014 0.022 0.052 0.039 0.006 0.019 0.033
135 A 0.204 0.027 0.027 0.028 0.018 0.021 0.034 0.06 0.015 0.042 0.064 0.037 0.018 0.119 0.023 0.099 0.047 0.028 0.034 0.055
136 V 0.071 0.023 0.021 0.021 0.016 0.017 0.024 0.041 0.01 0.163 0.157 0.028 0.03 0.045 0.017 0.063 0.051 0.006 0.02 0.175
137 L 0.05 0.02 0.015 0.016 0.026 0.014 0.019 0.021 0.009 0.193 0.193 0.023 0.042 0.066 0.015 0.026 0.038 0.006 0.024 0.183
138 G 0.073 0.021 0.037 0.032 0.01 0.018 0.024 0.541 0.013 0.018 0.026 0.032 0.009 0.015 0.018 0.049 0.028 0.005 0.01 0.023
139 F 0.047 0.019 0.015 0.016 0.013 0.012 0.019 0.023 0.012 0.136 0.154 0.021 0.03 0.236 0.012 0.026 0.031 0.011 0.052 0.117
140 L 0.05 0.023 0.016 0.016 0.015 0.016 0.02 0.034 0.01 0.114 0.337 0.025 0.042 0.061 0.014 0.029 0.047 0.007 0.022 0.103
141 A 0.301 0.028 0.026 0.028 0.019 0.023 0.036 0.136 0.014 0.037 0.052 0.04 0.015 0.02 0.026 0.075 0.044 0.005 0.016 0.059
142 L 0.042 0.023 0.013 0.014 0.015 0.015 0.019 0.02 0.009 0.108 0.416 0.024 0.046 0.051 0.013 0.023 0.031 0.007 0.021 0.09
143 L 0.139 0.026 0.022 0.023 0.033 0.02 0.029 0.042 0.013 0.069 0.171 0.033 0.04 0.076 0.02 0.061 0.072 0.007 0.025 0.078
144 G 0.076 0.023 0.038 0.033 0.011 0.019 0.027 0.491 0.013 0.019 0.028 0.034 0.009 0.016 0.019 0.071 0.033 0.005 0.011 0.024
145 I 0.063 0.019 0.015 0.017 0.016 0.014 0.019 0.023 0.009 0.232 0.183 0.024 0.034 0.04 0.015 0.028 0.039 0.006 0.019 0.187
146 P 0.104 0.03 0.034 0.035 0.014 0.024 0.039 0.057 0.014 0.029 0.04 0.043 0.013 0.016 0.252 0.125 0.072 0.004 0.014 0.04
147 F 0.037 0.019 0.016 0.016 0.012 0.012 0.018 0.023 0.013 0.111 0.164 0.02 0.029 0.29 0.011 0.027 0.03 0.016 0.061 0.077
148 L 0.047 0.023 0.016 0.017 0.014 0.018 0.021 0.024 0.013 0.148 0.167 0.026 0.104 0.131 0.014 0.028 0.034 0.009 0.035 0.11
149 I 0.056 0.019 0.017 0.019 0.016 0.014 0.02 0.024 0.009 0.275 0.142 0.025 0.032 0.038 0.015 0.045 0.041 0.005 0.019 0.168
150 D 0.057 0.03 0.079 0.342 0.009 0.029 0.087 0.046 0.018 0.024 0.031 0.044 0.01 0.015 0.022 0.059 0.053 0.004 0.012 0.029
151 F 0.038 0.019 0.015 0.016 0.012 0.012 0.018 0.022 0.013 0.118 0.184 0.02 0.035 0.256 0.012 0.024 0.029 0.011 0.055 0.091
152 A 0.244 0.029 0.026 0.028 0.018 0.023 0.037 0.078 0.014 0.05 0.112 0.039 0.021 0.025 0.025 0.094 0.047 0.005 0.017 0.066
153 L 0.042 0.022 0.013 0.014 0.015 0.015 0.019 0.02 0.009 0.122 0.396 0.024 0.045 0.05 0.013 0.023 0.033 0.007 0.021 0.095
154 S 0.112 0.034 0.067 0.044 0.015 0.028 0.044 0.143 0.018 0.027 0.038 0.047 0.014 0.019 0.025 0.204 0.064 0.005 0.015 0.037
155 T 0.069 0.032 0.039 0.034 0.017 0.025 0.036 0.04 0.013 0.056 0.064 0.041 0.019 0.023 0.025 0.087 0.274 0.005 0.017 0.082
156 N 0.04 0.042 0.313 0.071 0.008 0.032 0.047 0.057 0.087 0.021 0.03 0.049 0.011 0.019 0.019 0.061 0.043 0.005 0.021 0.025
157 A 0.195 0.028 0.026 0.027 0.018 0.023 0.034 0.053 0.013 0.09 0.083 0.038 0.035 0.026 0.023 0.092 0.065 0.005 0.018 0.105
158 S 0.11 0.04 0.054 0.049 0.018 0.033 0.053 0.067 0.019 0.03 0.042 0.054 0.016 0.021 0.03 0.216 0.082 0.005 0.018 0.042
159 A 0.287 0.031 0.026 0.03 0.022 0.026 0.041 0.079 0.015 0.043 0.06 0.045 0.018 0.022 0.03 0.085 0.05 0.005 0.018 0.069
160 V 0.058 0.025 0.036 0.069 0.015 0.02 0.038 0.03 0.012 0.116 0.14 0.031 0.045 0.034 0.023 0.052 0.043 0.006 0.023 0.184
161 L 0.044 0.025 0.016 0.016 0.015 0.018 0.022 0.022 0.018 0.1 0.305 0.027 0.043 0.072 0.015 0.026 0.032 0.012 0.087 0.086
162 F 0.034 0.019 0.017 0.017 0.011 0.011 0.019 0.025 0.017 0.064 0.115 0.019 0.025 0.384 0.011 0.025 0.025 0.017 0.089 0.055
163 L 0.042 0.024 0.016 0.016 0.014 0.018 0.021 0.022 0.014 0.093 0.287 0.026 0.089 0.103 0.013 0.026 0.032 0.009 0.052 0.081
164 G 0.075 0.056 0.039 0.033 0.011 0.022 0.028 0.461 0.015 0.019 0.03 0.043 0.01 0.016 0.019 0.051 0.03 0.005 0.011 0.025
165 G 0.078 0.023 0.039 0.034 0.011 0.019 0.026 0.509 0.014 0.019 0.028 0.034 0.009 0.016 0.019 0.051 0.03 0.005 0.011 0.024
166 E 0.05 0.051 0.055 0.067 0.008 0.073 0.181 0.038 0.138 0.023 0.038 0.067 0.015 0.021 0.023 0.051 0.034 0.006 0.031 0.029
167 L 0.044 0.024 0.014 0.015 0.016 0.016 0.02 0.022 0.011 0.112 0.357 0.025 0.048 0.077 0.014 0.024 0.033 0.008 0.027 0.094
168 P 0.064 0.026 0.025 0.031 0.011 0.021 0.037 0.038 0.013 0.025 0.035 0.04 0.01 0.013 0.461 0.066 0.039 0.003 0.013 0.031
169 A 0.281 0.032 0.029 0.056 0.02 0.026 0.043 0.072 0.015 0.04 0.055 0.05 0.016 0.02 0.028 0.079 0.053 0.005 0.017 0.063
170 R 0.045 0.321 0.037 0.031 0.01 0.049 0.051 0.033 0.021 0.024 0.044 0.132 0.015 0.016 0.02 0.046 0.051 0.005 0.016 0.032
171 F 0.032 0.018 0.016 0.016 0.01 0.01 0.018 0.024 0.016 0.059 0.107 0.018 0.024 0.427 0.01 0.024 0.024 0.016 0.083 0.051
172 Y 0.04 0.053 0.021 0.019 0.01 0.026 0.028 0.024 0.034 0.089 0.08 0.036 0.021 0.102 0.015 0.031 0.035 0.02 0.252 0.065
173 G 0.068 0.026 0.071 0.037 0.01 0.032 0.03 0.464 0.017 0.018 0.028 0.036 0.01 0.015 0.018 0.05 0.03 0.005 0.011 0.023
174 S 0.103 0.037 0.051 0.046 0.016 0.031 0.049 0.062 0.018 0.028 0.039 0.051 0.015 0.02 0.028 0.271 0.077 0.005 0.016 0.039
175 E 0.052 0.046 0.038 0.084 0.007 0.06 0.343 0.033 0.024 0.021 0.034 0.071 0.012 0.016 0.024 0.052 0.034 0.005 0.016 0.029
176 Q 0.052 0.069 0.041 0.044 0.008 0.266 0.096 0.039 0.027 0.025 0.044 0.085 0.019 0.014 0.022 0.052 0.039 0.006 0.019 0.033
177 E 0.052 0.046 0.038 0.084 0.007 0.06 0.343 0.033 0.024 0.021 0.034 0.071 0.012 0.016 0.024 0.052 0.034 0.005 0.016 0.029
178 Y 0.038 0.026 0.02 0.017 0.009 0.02 0.026 0.023 0.044 0.041 0.064 0.029 0.017 0.122 0.015 0.029 0.026 0.026 0.362 0.044
179 R 0.042 0.388 0.036 0.029 0.007 0.045 0.049 0.031 0.022 0.022 0.043 0.112 0.014 0.016 0.018 0.042 0.033 0.005 0.016 0.029
180 L 0.042 0.023 0.013 0.014 0.015 0.015 0.019 0.02 0.009 0.108 0.416 0.024 0.046 0.051 0.013 0.023 0.031 0.007 0.021 0.09
181 Y 0.038 0.026 0.02 0.017 0.009 0.02 0.026 0.023 0.044 0.041 0.064 0.029 0.017 0.122 0.015 0.029 0.026 0.026 0.362 0.044
182 N 0.04 0.042 0.362 0.078 0.008 0.031 0.046 0.061 0.029 0.021 0.029 0.05 0.01 0.017 0.019 0.065 0.046 0.004 0.015 0.025
183 L 0.039 0.019 0.014 0.016 0.013 0.012 0.018 0.021 0.011 0.173 0.2 0.021 0.033 0.18 0.012 0.023 0.031 0.009 0.042 0.11
184 T 0.068 0.033 0.041 0.035 0.017 0.026 0.037 0.041 0.013 0.05 0.061 0.042 0.018 0.022 0.026 0.087 0.296 0.006 0.017 0.066
185 S 0.122 0.037 0.048 0.044 0.017 0.03 0.048 0.063 0.018 0.029 0.041 0.05 0.015 0.02 0.028 0.255 0.074 0.005 0.016 0.041
186 S 0.126 0.036 0.045 0.041 0.017 0.029 0.045 0.059 0.017 0.035 0.05 0.048 0.024 0.021 0.027 0.215 0.097 0.005 0.017 0.048
187 A 0.282 0.027 0.026 0.028 0.018 0.023 0.035 0.152 0.013 0.04 0.053 0.039 0.015 0.02 0.026 0.072 0.043 0.005 0.015 0.066
188 F 0.032 0.018 0.016 0.016 0.01 0.01 0.018 0.024 0.016 0.059 0.107 0.018 0.024 0.427 0.01 0.024 0.024 0.016 0.083 0.051
189 F 0.032 0.018 0.016 0.016 0.01 0.01 0.018 0.024 0.016 0.059 0.107 0.018 0.024 0.427 0.01 0.024 0.024 0.016 0.083 0.051
190 Q 0.052 0.062 0.038 0.042 0.008 0.228 0.086 0.038 0.025 0.025 0.042 0.078 0.018 0.013 0.1 0.05 0.038 0.005 0.018 0.032
191 L 0.042 0.023 0.013 0.014 0.015 0.015 0.019 0.02 0.009 0.108 0.416 0.024 0.046 0.051 0.013 0.023 0.031 0.007 0.021 0.09
192 S 0.103 0.037 0.051 0.046 0.016 0.031 0.049 0.062 0.018 0.028 0.039 0.051 0.015 0.02 0.028 0.271 0.077 0.005 0.016 0.039
193 L 0.174 0.024 0.018 0.021 0.017 0.018 0.027 0.043 0.011 0.127 0.19 0.031 0.03 0.035 0.02 0.048 0.04 0.006 0.018 0.101
194 F 0.032 0.018 0.016 0.016 0.01 0.01 0.018 0.024 0.016 0.059 0.107 0.018 0.024 0.427 0.01 0.024 0.024 0.016 0.083 0.051
195 Y 0.038 0.026 0.02 0.017 0.009 0.02 0.026 0.023 0.044 0.041 0.064 0.029 0.017 0.122 0.015 0.029 0.026 0.026 0.362 0.044
196 L 0.058 0.022 0.014 0.016 0.016 0.015 0.02 0.023 0.009 0.135 0.303 0.024 0.043 0.045 0.014 0.027 0.036 0.006 0.02 0.153
197 L 0.05 0.026 0.017 0.018 0.015 0.021 0.024 0.025 0.013 0.112 0.177 0.029 0.143 0.083 0.014 0.031 0.037 0.008 0.028 0.13
198 L 0.042 0.023 0.013 0.014 0.015 0.015 0.019 0.02 0.009 0.108 0.416 0.024 0.046 0.051 0.013 0.023 0.031 0.007 0.021 0.09
199 L 0.041 0.023 0.014 0.015 0.015 0.015 0.019 0.021 0.01 0.103 0.38 0.024 0.052 0.082 0.013 0.023 0.031 0.007 0.026 0.087
200 H 0.039 0.043 0.095 0.042 0.007 0.035 0.049 0.039 0.344 0.021 0.035 0.044 0.014 0.027 0.018 0.043 0.028 0.007 0.048 0.022
201 F 0.032 0.018 0.016 0.016 0.01 0.01 0.018 0.024 0.016 0.059 0.107 0.018 0.024 0.427 0.01 0.024 0.024 0.016 0.083 0.051
202 L 0.042 0.022 0.014 0.015 0.015 0.016 0.019 0.02 0.01 0.136 0.364 0.024 0.056 0.049 0.013 0.024 0.032 0.007 0.021 0.1
203 L 0.042 0.023 0.013 0.014 0.015 0.015 0.019 0.02 0.009 0.108 0.416 0.024 0.046 0.051 0.013 0.023 0.031 0.007 0.021 0.09
204 A 0.334 0.029 0.024 0.028 0.02 0.024 0.038 0.073 0.014 0.041 0.056 0.042 0.016 0.02 0.028 0.081 0.047 0.005 0.016 0.065
205 Y 0.038 0.026 0.02 0.018 0.009 0.022 0.027 0.023 0.043 0.041 0.064 0.029 0.018 0.121 0.015 0.029 0.026 0.026 0.358 0.045
206 N 0.047 0.039 0.282 0.124 0.008 0.032 0.052 0.068 0.052 0.021 0.03 0.048 0.011 0.017 0.019 0.061 0.042 0.004 0.017 0.025
207 A 0.171 0.064 0.036 0.106 0.013 0.035 0.101 0.053 0.024 0.033 0.045 0.084 0.014 0.018 0.025 0.062 0.046 0.005 0.016 0.048
208 K 0.057 0.096 0.06 0.041 0.008 0.064 0.066 0.042 0.021 0.026 0.04 0.282 0.015 0.015 0.025 0.052 0.038 0.005 0.016 0.031
209 H 0.048 0.04 0.061 0.04 0.01 0.045 0.074 0.038 0.159 0.031 0.046 0.048 0.016 0.043 0.02 0.052 0.085 0.01 0.098 0.037
210 N 0.049 0.045 0.303 0.083 0.009 0.045 0.062 0.058 0.029 0.022 0.031 0.059 0.011 0.017 0.02 0.066 0.045 0.004 0.015 0.027
211 N 0.043 0.045 0.314 0.083 0.009 0.034 0.05 0.066 0.032 0.023 0.032 0.054 0.011 0.018 0.02 0.07 0.05 0.005 0.016 0.027
212 G 0.079 0.023 0.039 0.034 0.011 0.019 0.026 0.508 0.014 0.019 0.028 0.034 0.009 0.016 0.019 0.052 0.03 0.005 0.011 0.024
213 T 0.073 0.036 0.044 0.038 0.018 0.028 0.04 0.044 0.014 0.054 0.065 0.046 0.02 0.024 0.028 0.093 0.243 0.006 0.018 0.071
214 N 0.082 0.055 0.151 0.052 0.012 0.064 0.053 0.054 0.022 0.031 0.044 0.08 0.015 0.018 0.032 0.091 0.082 0.005 0.016 0.041
215 I 0.044 0.02 0.014 0.016 0.015 0.015 0.018 0.02 0.009 0.233 0.231 0.024 0.054 0.044 0.014 0.024 0.036 0.006 0.02 0.142
216 S 0.067 0.041 0.104 0.046 0.011 0.036 0.047 0.083 0.103 0.024 0.035 0.065 0.013 0.019 0.087 0.114 0.047 0.005 0.023 0.03
217 S 0.121 0.033 0.042 0.039 0.015 0.027 0.046 0.138 0.016 0.028 0.039 0.045 0.013 0.018 0.085 0.167 0.068 0.005 0.015 0.04
218 I 0.05 0.019 0.014 0.016 0.016 0.014 0.019 0.021 0.008 0.231 0.174 0.023 0.034 0.044 0.014 0.026 0.039 0.02 0.021 0.198
219 F 0.035 0.021 0.017 0.016 0.01 0.014 0.021 0.023 0.025 0.06 0.116 0.022 0.023 0.271 0.012 0.026 0.025 0.032 0.177 0.053
220 L 0.053 0.02 0.014 0.016 0.016 0.015 0.02 0.021 0.008 0.17 0.234 0.024 0.037 0.041 0.014 0.026 0.039 0.006 0.02 0.205
221 F 0.033 0.019 0.015 0.016 0.011 0.011 0.018 0.023 0.015 0.068 0.162 0.019 0.028 0.36 0.011 0.024 0.025 0.014 0.072 0.058
222 L 0.042 0.023 0.014 0.015 0.015 0.016 0.019 0.021 0.01 0.104 0.385 0.024 0.056 0.069 0.013 0.024 0.031 0.007 0.024 0.088
223 L 0.044 0.021 0.014 0.016 0.015 0.016 0.019 0.021 0.01 0.204 0.26 0.024 0.067 0.046 0.014 0.025 0.035 0.006 0.02 0.124
224 L 0.042 0.023 0.013 0.014 0.015 0.015 0.019 0.02 0.009 0.108 0.416 0.024 0.046 0.051 0.013 0.023 0.031 0.007 0.021 0.09
225 F 0.05 0.017 0.016 0.016 0.207 0.011 0.017 0.027 0.012 0.053 0.088 0.019 0.02 0.255 0.012 0.031 0.029 0.011 0.053 0.056
226 I 0.044 0.017 0.014 0.017 0.015 0.012 0.017 0.019 0.008 0.316 0.156 0.022 0.034 0.041 0.014 0.023 0.037 0.006 0.019 0.168
227 G 0.073 0.021 0.037 0.031 0.01 0.018 0.024 0.542 0.013 0.018 0.026 0.031 0.009 0.015 0.018 0.048 0.028 0.005 0.01 0.023
228 L 0.045 0.022 0.014 0.015 0.015 0.015 0.019 0.02 0.009 0.114 0.377 0.024 0.044 0.049 0.014 0.024 0.035 0.006 0.021 0.116
229 I 0.044 0.017 0.014 0.017 0.015 0.012 0.017 0.019 0.008 0.317 0.157 0.022 0.034 0.041 0.014 0.023 0.037 0.006 0.019 0.166
230 S 0.113 0.037 0.049 0.045 0.017 0.031 0.049 0.062 0.018 0.028 0.04 0.05 0.015 0.02 0.028 0.263 0.075 0.005 0.016 0.04
231 G 0.073 0.021 0.037 0.031 0.01 0.018 0.024 0.542 0.013 0.018 0.026 0.031 0.009 0.015 0.018 0.048 0.028 0.005 0.01 0.023
232 R 0.042 0.388 0.036 0.029 0.007 0.045 0.049 0.031 0.022 0.022 0.043 0.112 0.014 0.016 0.018 0.042 0.033 0.005 0.016 0.029
233 T 0.07 0.033 0.041 0.035 0.017 0.026 0.037 0.041 0.013 0.05 0.068 0.043 0.019 0.023 0.026 0.097 0.275 0.005 0.017 0.065
234 F 0.032 0.018 0.016 0.016 0.01 0.01 0.018 0.024 0.016 0.059 0.107 0.018 0.024 0.427 0.01 0.024 0.024 0.016 0.083 0.051
235 L 0.038 0.021 0.014 0.015 0.013 0.013 0.018 0.021 0.012 0.089 0.298 0.021 0.038 0.195 0.012 0.023 0.028 0.01 0.045 0.075
236 L 0.067 0.024 0.019 0.02 0.015 0.019 0.024 0.028 0.012 0.137 0.198 0.029 0.076 0.071 0.016 0.038 0.069 0.007 0.025 0.106
237 L 0.039 0.021 0.014 0.015 0.013 0.013 0.018 0.021 0.011 0.104 0.303 0.022 0.04 0.169 0.012 0.023 0.029 0.009 0.04 0.082
238 S 0.103 0.037 0.051 0.046 0.016 0.031 0.049 0.062 0.018 0.028 0.039 0.051 0.015 0.02 0.028 0.271 0.077 0.005 0.016 0.039
239 V 0.07 0.02 0.015 0.017 0.017 0.015 0.021 0.024 0.008 0.18 0.179 0.025 0.033 0.038 0.015 0.03 0.043 0.005 0.019 0.224
240 L 0.051 0.02 0.014 0.016 0.016 0.014 0.019 0.021 0.009 0.194 0.204 0.023 0.035 0.058 0.014 0.026 0.039 0.006 0.022 0.199
241 S 0.103 0.037 0.051 0.046 0.016 0.031 0.049 0.062 0.018 0.028 0.039 0.051 0.015 0.02 0.028 0.271 0.077 0.005 0.016 0.039
242 I 0.046 0.018 0.014 0.016 0.027 0.013 0.017 0.02 0.009 0.255 0.189 0.022 0.035 0.054 0.014 0.024 0.037 0.006 0.021 0.162
243 L 0.12 0.024 0.017 0.018 0.017 0.018 0.024 0.034 0.01 0.113 0.247 0.029 0.041 0.043 0.017 0.039 0.039 0.006 0.02 0.125
244 L 0.066 0.021 0.015 0.016 0.016 0.015 0.02 0.024 0.01 0.146 0.257 0.024 0.037 0.077 0.014 0.028 0.036 0.007 0.025 0.146
245 Y 0.038 0.026 0.02 0.017 0.009 0.02 0.026 0.023 0.044 0.041 0.064 0.029 0.017 0.122 0.015 0.029 0.026 0.026 0.362 0.044
246 F 0.032 0.018 0.016 0.016 0.01 0.01 0.018 0.024 0.016 0.059 0.107 0.018 0.024 0.427 0.01 0.024 0.024 0.016 0.083 0.051
247 K 0.051 0.154 0.039 0.037 0.008 0.049 0.063 0.039 0.02 0.025 0.041 0.285 0.014 0.015 0.024 0.048 0.036 0.005 0.016 0.03
248 W 0.033 0.048 0.016 0.016 0.009 0.016 0.023 0.027 0.014 0.049 0.114 0.028 0.021 0.076 0.009 0.024 0.025 0.347 0.053 0.053
249 R 0.043 0.332 0.038 0.04 0.007 0.047 0.052 0.032 0.028 0.022 0.043 0.139 0.014 0.016 0.019 0.043 0.033 0.005 0.017 0.029
250 Y 0.038 0.026 0.02 0.017 0.009 0.02 0.026 0.023 0.044 0.041 0.064 0.029 0.017 0.122 0.015 0.029 0.026 0.026 0.362 0.044
251 L 0.047 0.02 0.014 0.016 0.027 0.014 0.018 0.02 0.009 0.199 0.251 0.023 0.038 0.043 0.014 0.025 0.036 0.006 0.02 0.16
252 P 0.053 0.025 0.029 0.029 0.01 0.02 0.033 0.034 0.012 0.029 0.053 0.038 0.012 0.014 0.481 0.042 0.039 0.003 0.013 0.033
253 A 0.158 0.026 0.023 0.024 0.016 0.021 0.031 0.044 0.017 0.088 0.079 0.034 0.021 0.042 0.048 0.068 0.046 0.009 0.075 0.132
254 L 0.043 0.022 0.013 0.015 0.015 0.015 0.019 0.02 0.009 0.147 0.359 0.023 0.044 0.049 0.013 0.023 0.033 0.006 0.021 0.112
255 L 0.05 0.02 0.014 0.016 0.015 0.014 0.019 0.026 0.01 0.168 0.269 0.023 0.038 0.09 0.014 0.025 0.034 0.007 0.027 0.121
256 L 0.122 0.025 0.017 0.019 0.017 0.018 0.025 0.036 0.011 0.095 0.284 0.029 0.036 0.041 0.018 0.045 0.04 0.006 0.019 0.098
257 F 0.032 0.018 0.016 0.016 0.01 0.01 0.018 0.024 0.016 0.059 0.107 0.018 0.024 0.427 0.01 0.024 0.024 0.016 0.083 0.051
258 A 0.137 0.025 0.025 0.025 0.016 0.019 0.028 0.137 0.012 0.106 0.109 0.033 0.023 0.028 0.02 0.062 0.066 0.005 0.017 0.107
259 A 0.194 0.025 0.023 0.025 0.017 0.02 0.029 0.144 0.012 0.077 0.117 0.034 0.022 0.027 0.022 0.056 0.042 0.005 0.016 0.093
260 L 0.05 0.02 0.014 0.016 0.015 0.014 0.018 0.021 0.009 0.212 0.268 0.023 0.04 0.045 0.014 0.025 0.037 0.006 0.02 0.132
261 C 0.062 0.018 0.015 0.016 0.224 0.014 0.019 0.026 0.008 0.117 0.102 0.022 0.024 0.028 0.015 0.033 0.041 0.005 0.016 0.196
262 L 0.042 0.023 0.013 0.014 0.015 0.015 0.019 0.02 0.01 0.109 0.397 0.024 0.045 0.059 0.013 0.023 0.032 0.007 0.022 0.098
263 F 0.05 0.021 0.02 0.019 0.012 0.014 0.021 0.103 0.015 0.067 0.141 0.023 0.037 0.25 0.013 0.035 0.028 0.012 0.061 0.058
264 L 0.038 0.021 0.014 0.015 0.013 0.013 0.019 0.021 0.012 0.092 0.316 0.022 0.039 0.173 0.012 0.023 0.029 0.01 0.041 0.077
265 A 0.29 0.029 0.024 0.027 0.02 0.023 0.036 0.066 0.013 0.052 0.062 0.04 0.018 0.022 0.026 0.077 0.063 0.005 0.017 0.089
266 F 0.042 0.025 0.019 0.019 0.012 0.018 0.024 0.024 0.024 0.119 0.125 0.036 0.039 0.144 0.015 0.031 0.048 0.014 0.135 0.086
267 N 0.039 0.042 0.188 0.048 0.009 0.039 0.039 0.043 0.026 0.038 0.06 0.042 0.016 0.15 0.016 0.047 0.037 0.01 0.068 0.043
268 F 0.039 0.022 0.017 0.017 0.011 0.014 0.021 0.024 0.03 0.065 0.151 0.023 0.028 0.263 0.012 0.026 0.026 0.016 0.134 0.06
269 P 0.115 0.029 0.049 0.036 0.013 0.028 0.038 0.046 0.014 0.029 0.04 0.042 0.012 0.015 0.307 0.071 0.058 0.004 0.014 0.039
270 E 0.071 0.044 0.049 0.123 0.009 0.061 0.212 0.061 0.021 0.024 0.037 0.072 0.013 0.016 0.024 0.06 0.05 0.005 0.015 0.033
271 H 0.041 0.042 0.162 0.051 0.008 0.034 0.049 0.045 0.256 0.021 0.034 0.046 0.013 0.024 0.018 0.054 0.034 0.006 0.039 0.023
272 K 0.052 0.096 0.032 0.034 0.009 0.038 0.052 0.037 0.017 0.03 0.048 0.202 0.014 0.015 0.19 0.045 0.036 0.004 0.015 0.033
273 Y 0.038 0.026 0.02 0.017 0.009 0.02 0.026 0.023 0.044 0.041 0.064 0.029 0.017 0.122 0.015 0.029 0.026 0.026 0.362 0.044
274 V 0.064 0.02 0.015 0.017 0.018 0.015 0.021 0.023 0.008 0.163 0.124 0.024 0.03 0.034 0.015 0.03 0.046 0.005 0.019 0.308
275 A 0.233 0.057 0.028 0.039 0.016 0.04 0.097 0.072 0.017 0.037 0.066 0.052 0.017 0.02 0.025 0.068 0.042 0.005 0.016 0.054
276 H 0.039 0.043 0.05 0.036 0.007 0.036 0.05 0.036 0.397 0.021 0.036 0.043 0.014 0.029 0.018 0.039 0.025 0.007 0.054 0.021
277 A 0.337 0.029 0.024 0.028 0.02 0.024 0.038 0.073 0.014 0.04 0.056 0.042 0.016 0.02 0.028 0.079 0.047 0.005 0.016 0.064
278 L 0.042 0.023 0.013 0.014 0.015 0.015 0.019 0.02 0.009 0.107 0.414 0.024 0.046 0.054 0.013 0.023 0.031 0.007 0.021 0.09
279 E 0.052 0.046 0.038 0.084 0.007 0.06 0.343 0.033 0.024 0.021 0.034 0.071 0.012 0.016 0.024 0.052 0.034 0.005 0.016 0.029
280 P 0.052 0.023 0.021 0.028 0.01 0.019 0.032 0.033 0.012 0.05 0.045 0.037 0.012 0.015 0.481 0.039 0.034 0.003 0.013 0.041
281 L 0.054 0.021 0.014 0.016 0.017 0.015 0.02 0.022 0.008 0.136 0.255 0.024 0.037 0.041 0.014 0.027 0.039 0.006 0.02 0.212
282 I 0.044 0.017 0.014 0.017 0.015 0.012 0.017 0.019 0.008 0.315 0.156 0.022 0.034 0.041 0.014 0.024 0.037 0.006 0.019 0.169
283 N 0.04 0.042 0.362 0.078 0.008 0.031 0.046 0.061 0.029 0.021 0.029 0.05 0.01 0.017 0.019 0.065 0.046 0.004 0.015 0.025
284 L 0.042 0.021 0.014 0.015 0.015 0.014 0.019 0.02 0.01 0.137 0.346 0.023 0.042 0.074 0.013 0.023 0.032 0.007 0.025 0.107
285 L 0.044 0.02 0.014 0.015 0.015 0.014 0.018 0.02 0.01 0.173 0.275 0.023 0.039 0.085 0.013 0.024 0.034 0.007 0.027 0.132
286 Y 0.062 0.04 0.07 0.038 0.011 0.045 0.045 0.08 0.092 0.028 0.043 0.057 0.015 0.046 0.021 0.109 0.044 0.011 0.11 0.034
287 G 0.063 0.026 0.047 0.032 0.01 0.026 0.03 0.38 0.071 0.034 0.037 0.034 0.012 0.025 0.017 0.045 0.03 0.007 0.041 0.031
288 G 0.108 0.052 0.037 0.035 0.012 0.066 0.053 0.125 0.02 0.031 0.046 0.118 0.015 0.027 0.023 0.066 0.066 0.007 0.05 0.041
289 D 0.041 0.03 0.069 0.398 0.007 0.03 0.091 0.047 0.019 0.022 0.028 0.045 0.009 0.015 0.022 0.052 0.035 0.004 0.011 0.024
290 V 0.058 0.026 0.018 0.019 0.017 0.022 0.025 0.026 0.012 0.149 0.168 0.031 0.095 0.043 0.016 0.033 0.044 0.007 0.022 0.171
291 G 0.08 0.028 0.044 0.085 0.011 0.029 0.051 0.328 0.015 0.023 0.033 0.039 0.011 0.016 0.021 0.079 0.06 0.005 0.012 0.031
292 V 0.055 0.101 0.121 0.043 0.013 0.029 0.039 0.04 0.019 0.086 0.079 0.057 0.021 0.026 0.018 0.048 0.046 0.005 0.018 0.134
293 S 0.099 0.037 0.047 0.045 0.016 0.031 0.049 0.06 0.018 0.029 0.041 0.051 0.015 0.019 0.132 0.178 0.072 0.005 0.017 0.04
294 S 0.11 0.04 0.054 0.049 0.018 0.033 0.053 0.067 0.019 0.03 0.042 0.054 0.016 0.021 0.03 0.216 0.082 0.005 0.018 0.042
295 S 0.11 0.04 0.054 0.049 0.018 0.033 0.053 0.067 0.019 0.03 0.042 0.054 0.016 0.021 0.03 0.216 0.082 0.005 0.018 0.042
296 A 0.287 0.031 0.026 0.03 0.022 0.026 0.041 0.079 0.015 0.043 0.06 0.045 0.018 0.022 0.03 0.085 0.05 0.005 0.018 0.069
297 E 0.055 0.05 0.041 0.091 0.007 0.065 0.293 0.035 0.026 0.022 0.037 0.076 0.013 0.017 0.026 0.055 0.037 0.006 0.017 0.031
298 Q 0.133 0.06 0.038 0.041 0.013 0.149 0.082 0.054 0.025 0.032 0.051 0.076 0.02 0.017 0.026 0.066 0.044 0.006 0.02 0.047
299 A 0.228 0.034 0.035 0.036 0.02 0.028 0.045 0.075 0.016 0.039 0.054 0.048 0.017 0.021 0.03 0.129 0.061 0.005 0.018 0.06
300 V 0.066 0.051 0.025 0.026 0.016 0.029 0.039 0.031 0.012 0.119 0.102 0.109 0.026 0.029 0.02 0.04 0.046 0.005 0.02 0.188
301 V 0.058 0.021 0.017 0.018 0.016 0.015 0.022 0.025 0.011 0.131 0.125 0.024 0.03 0.152 0.015 0.031 0.042 0.009 0.044 0.195
302 F 0.041 0.018 0.016 0.017 0.014 0.012 0.018 0.023 0.012 0.177 0.145 0.022 0.032 0.195 0.013 0.025 0.034 0.011 0.051 0.123
303 D 0.05 0.035 0.171 0.176 0.009 0.029 0.058 0.158 0.023 0.022 0.03 0.047 0.01 0.017 0.021 0.06 0.041 0.004 0.013 0.026
304 D 0.066 0.031 0.052 0.196 0.013 0.027 0.062 0.048 0.017 0.079 0.064 0.043 0.018 0.024 0.023 0.101 0.052 0.005 0.015 0.064
305 L 0.06 0.025 0.023 0.024 0.017 0.019 0.026 0.031 0.012 0.164 0.209 0.031 0.037 0.043 0.018 0.067 0.047 0.006 0.021 0.12
306 S 0.102 0.039 0.052 0.047 0.018 0.032 0.05 0.061 0.018 0.035 0.047 0.052 0.017 0.022 0.029 0.189 0.118 0.005 0.018 0.049
307 R 0.078 0.107 0.055 0.049 0.011 0.063 0.057 0.052 0.022 0.039 0.094 0.092 0.02 0.062 0.02 0.066 0.039 0.006 0.024 0.043
308 V 0.058 0.02 0.015 0.017 0.016 0.015 0.02 0.023 0.009 0.19 0.184 0.024 0.034 0.047 0.015 0.032 0.041 0.006 0.021 0.215
309 S 0.102 0.037 0.052 0.046 0.016 0.031 0.049 0.062 0.018 0.028 0.039 0.051 0.015 0.02 0.028 0.27 0.077 0.005 0.016 0.039
310 S 0.102 0.037 0.05 0.045 0.016 0.031 0.049 0.062 0.018 0.028 0.04 0.05 0.015 0.023 0.028 0.269 0.076 0.005 0.017 0.039
311 S 0.103 0.037 0.051 0.046 0.016 0.031 0.049 0.062 0.018 0.028 0.039 0.051 0.015 0.02 0.028 0.271 0.077 0.005 0.016 0.039
312 T 0.078 0.034 0.043 0.038 0.017 0.027 0.04 0.046 0.014 0.044 0.055 0.045 0.017 0.021 0.026 0.136 0.237 0.005 0.017 0.059
313 D 0.041 0.031 0.059 0.362 0.007 0.033 0.129 0.041 0.019 0.022 0.029 0.047 0.01 0.018 0.022 0.05 0.039 0.004 0.012 0.025
314 T 0.061 0.035 0.121 0.046 0.015 0.027 0.039 0.046 0.017 0.043 0.054 0.044 0.017 0.024 0.024 0.081 0.23 0.005 0.017 0.056
315 L 0.042 0.023 0.013 0.014 0.015 0.015 0.019 0.02 0.009 0.107 0.414 0.024 0.046 0.054 0.013 0.023 0.031 0.007 0.021 0.09
316 V 0.055 0.023 0.016 0.017 0.016 0.018 0.022 0.023 0.01 0.167 0.16 0.027 0.088 0.039 0.015 0.03 0.041 0.006 0.02 0.206
317 K 0.049 0.066 0.108 0.068 0.008 0.088 0.135 0.042 0.033 0.023 0.037 0.148 0.014 0.015 0.023 0.054 0.038 0.005 0.017 0.029
318 K 0.048 0.081 0.152 0.053 0.008 0.043 0.059 0.047 0.026 0.024 0.036 0.224 0.013 0.015 0.023 0.055 0.04 0.005 0.016 0.029
319 H 0.04 0.044 0.049 0.036 0.007 0.049 0.053 0.036 0.376 0.022 0.036 0.045 0.015 0.028 0.018 0.04 0.026 0.007 0.052 0.022
320 L 0.042 0.023 0.013 0.014 0.015 0.015 0.019 0.02 0.009 0.108 0.416 0.024 0.046 0.051 0.013 0.023 0.031 0.007 0.021 0.09
