#Seq2Logo.py -f /work3/idamei/ssn-clusterings/clustering/2205111339/clusters/0127_62/sequences.afa -o /work3/idamei/ssn-clusterings/clustering/2205111339/clusters/0127_62/sequences.logo
#Position Specific Frequency Matrix
A R N D C Q E G H I L K M F P S T W Y V
0 M 0.048 0.029 0.018 0.018 0.015 0.026 0.026 0.026 0.015 0.092 0.181 0.033 0.23 0.044 0.015 0.033 0.037 0.007 0.022 0.085
1 I 0.047 0.018 0.015 0.018 0.016 0.013 0.018 0.021 0.009 0.267 0.169 0.024 0.037 0.044 0.015 0.025 0.04 0.006 0.021 0.178
2 S 0.085 0.034 0.06 0.041 0.015 0.027 0.042 0.052 0.016 0.065 0.073 0.045 0.018 0.023 0.024 0.212 0.09 0.005 0.017 0.056
3 A 0.253 0.03 0.046 0.032 0.018 0.024 0.037 0.063 0.014 0.047 0.057 0.041 0.017 0.021 0.026 0.096 0.079 0.005 0.016 0.078
4 L 0.044 0.028 0.054 0.024 0.013 0.018 0.025 0.027 0.013 0.119 0.271 0.043 0.035 0.069 0.015 0.042 0.035 0.012 0.024 0.089
5 F 0.038 0.019 0.015 0.015 0.012 0.012 0.018 0.021 0.013 0.131 0.194 0.021 0.031 0.217 0.012 0.024 0.029 0.011 0.065 0.1
6 L 0.069 0.029 0.032 0.03 0.017 0.023 0.032 0.038 0.013 0.118 0.163 0.037 0.03 0.036 0.022 0.091 0.101 0.006 0.02 0.096
7 W 0.037 0.184 0.027 0.023 0.008 0.032 0.037 0.032 0.019 0.027 0.05 0.071 0.015 0.039 0.013 0.034 0.029 0.249 0.043 0.031
8 H 0.042 0.046 0.054 0.038 0.008 0.038 0.054 0.038 0.352 0.023 0.038 0.046 0.015 0.031 0.019 0.042 0.027 0.008 0.058 0.023
9 L 0.052 0.032 0.02 0.02 0.016 0.028 0.028 0.028 0.016 0.101 0.198 0.036 0.157 0.048 0.016 0.036 0.04 0.008 0.024 0.093
10 K 0.057 0.108 0.042 0.042 0.009 0.054 0.071 0.043 0.021 0.028 0.043 0.275 0.016 0.016 0.028 0.054 0.04 0.005 0.017 0.033
11 N 0.043 0.045 0.314 0.083 0.009 0.034 0.05 0.065 0.032 0.023 0.032 0.054 0.011 0.018 0.02 0.07 0.05 0.005 0.016 0.027
12 N 0.043 0.045 0.314 0.083 0.009 0.034 0.05 0.065 0.032 0.023 0.032 0.054 0.011 0.018 0.02 0.07 0.05 0.005 0.016 0.027
13 N 0.043 0.045 0.314 0.083 0.009 0.034 0.05 0.065 0.032 0.023 0.032 0.054 0.011 0.018 0.02 0.07 0.05 0.005 0.016 0.027
14 I 0.047 0.018 0.015 0.018 0.016 0.013 0.018 0.021 0.009 0.268 0.169 0.024 0.037 0.044 0.015 0.025 0.04 0.006 0.021 0.177
15 V 0.07 0.022 0.017 0.018 0.019 0.017 0.023 0.025 0.008 0.165 0.131 0.026 0.032 0.036 0.017 0.033 0.05 0.006 0.021 0.266
16 G 0.079 0.023 0.039 0.034 0.011 0.019 0.026 0.508 0.014 0.019 0.028 0.034 0.009 0.016 0.019 0.052 0.03 0.005 0.011 0.024
17 R 0.048 0.189 0.029 0.026 0.012 0.038 0.04 0.03 0.02 0.062 0.122 0.078 0.088 0.033 0.018 0.04 0.038 0.007 0.021 0.062
18 F 0.034 0.019 0.017 0.017 0.011 0.011 0.019 0.025 0.017 0.063 0.114 0.019 0.025 0.387 0.011 0.025 0.025 0.017 0.089 0.055
19 F 0.052 0.02 0.017 0.017 0.015 0.014 0.021 0.025 0.013 0.114 0.122 0.023 0.028 0.211 0.014 0.029 0.037 0.011 0.055 0.162
20 L 0.045 0.023 0.014 0.016 0.016 0.015 0.02 0.021 0.01 0.154 0.324 0.025 0.046 0.052 0.014 0.024 0.035 0.007 0.022 0.116
21 F 0.04 0.018 0.016 0.017 0.013 0.012 0.018 0.023 0.013 0.168 0.141 0.021 0.031 0.216 0.013 0.025 0.033 0.011 0.055 0.116
22 V 0.06 0.02 0.016 0.018 0.017 0.015 0.021 0.024 0.009 0.179 0.138 0.025 0.032 0.082 0.015 0.03 0.044 0.007 0.029 0.22
23 A 0.139 0.034 0.037 0.036 0.018 0.027 0.041 0.058 0.016 0.054 0.13 0.044 0.025 0.029 0.026 0.138 0.062 0.006 0.019 0.062
24 N 0.051 0.038 0.27 0.064 0.01 0.029 0.043 0.056 0.025 0.026 0.039 0.046 0.012 0.061 0.019 0.104 0.049 0.005 0.022 0.03
25 L 0.041 0.021 0.015 0.016 0.014 0.014 0.019 0.021 0.01 0.119 0.329 0.023 0.039 0.108 0.013 0.026 0.045 0.008 0.03 0.089
26 F 0.033 0.018 0.015 0.015 0.011 0.01 0.017 0.023 0.014 0.078 0.143 0.018 0.026 0.373 0.01 0.023 0.025 0.014 0.071 0.061
27 Y 0.038 0.025 0.019 0.017 0.01 0.019 0.025 0.023 0.038 0.073 0.079 0.028 0.03 0.108 0.014 0.028 0.027 0.023 0.318 0.058
28 L 0.045 0.019 0.013 0.015 0.015 0.014 0.018 0.02 0.008 0.228 0.252 0.022 0.038 0.043 0.013 0.023 0.035 0.006 0.019 0.152
29 Y 0.037 0.025 0.02 0.017 0.009 0.019 0.025 0.023 0.04 0.042 0.067 0.027 0.018 0.153 0.014 0.028 0.025 0.025 0.343 0.044
30 D 0.038 0.027 0.063 0.447 0.007 0.027 0.084 0.043 0.017 0.021 0.026 0.041 0.009 0.014 0.021 0.048 0.032 0.003 0.01 0.022
31 P 0.052 0.024 0.021 0.028 0.009 0.019 0.033 0.033 0.012 0.024 0.033 0.038 0.009 0.012 0.535 0.04 0.033 0.002 0.012 0.028
32 W 0.028 0.021 0.014 0.014 0.007 0.014 0.021 0.028 0.014 0.028 0.049 0.021 0.014 0.056 0.007 0.021 0.021 0.534 0.063 0.028
33 L 0.044 0.02 0.014 0.015 0.013 0.013 0.019 0.022 0.011 0.095 0.285 0.022 0.036 0.182 0.012 0.024 0.029 0.009 0.041 0.091
34 F 0.041 0.02 0.017 0.017 0.01 0.017 0.024 0.025 0.016 0.06 0.113 0.021 0.04 0.374 0.011 0.026 0.025 0.016 0.072 0.054
35 H 0.044 0.04 0.046 0.035 0.007 0.045 0.047 0.117 0.326 0.021 0.034 0.042 0.013 0.025 0.018 0.041 0.026 0.007 0.044 0.022
36 F 0.046 0.019 0.017 0.018 0.013 0.013 0.02 0.051 0.012 0.103 0.123 0.022 0.026 0.228 0.013 0.03 0.046 0.01 0.049 0.14
37 L 0.063 0.02 0.017 0.018 0.014 0.014 0.02 0.08 0.011 0.129 0.176 0.023 0.03 0.135 0.014 0.03 0.033 0.008 0.034 0.132
38 R 0.041 0.399 0.036 0.028 0.007 0.044 0.048 0.03 0.021 0.021 0.043 0.11 0.014 0.016 0.018 0.041 0.032 0.005 0.016 0.028
39 M 0.053 0.027 0.022 0.021 0.014 0.023 0.025 0.136 0.014 0.077 0.161 0.032 0.173 0.038 0.015 0.035 0.035 0.007 0.019 0.072
40 A 0.224 0.028 0.028 0.032 0.018 0.023 0.036 0.068 0.014 0.055 0.063 0.039 0.018 0.044 0.024 0.113 0.051 0.005 0.02 0.098
41 F 0.038 0.018 0.015 0.015 0.012 0.012 0.018 0.022 0.013 0.106 0.165 0.02 0.029 0.28 0.011 0.024 0.029 0.015 0.057 0.102
42 L 0.046 0.019 0.014 0.016 0.043 0.013 0.018 0.022 0.01 0.165 0.185 0.021 0.032 0.123 0.013 0.026 0.035 0.008 0.032 0.16
43 A 0.15 0.026 0.027 0.026 0.048 0.021 0.03 0.099 0.012 0.085 0.077 0.035 0.03 0.027 0.021 0.079 0.081 0.005 0.016 0.106
44 G 0.073 0.022 0.037 0.032 0.01 0.018 0.025 0.525 0.013 0.018 0.027 0.032 0.009 0.015 0.018 0.06 0.03 0.005 0.01 0.023
45 L 0.086 0.021 0.021 0.021 0.014 0.016 0.023 0.102 0.012 0.123 0.14 0.027 0.026 0.12 0.016 0.052 0.036 0.008 0.031 0.105
46 I 0.047 0.018 0.015 0.018 0.016 0.013 0.018 0.021 0.009 0.268 0.169 0.024 0.037 0.044 0.015 0.025 0.04 0.006 0.021 0.177
47 L 0.055 0.019 0.014 0.016 0.014 0.013 0.018 0.023 0.01 0.189 0.195 0.022 0.033 0.13 0.013 0.026 0.034 0.008 0.033 0.134
48 A 0.211 0.029 0.029 0.029 0.057 0.023 0.035 0.06 0.013 0.049 0.061 0.039 0.021 0.021 0.025 0.104 0.091 0.005 0.016 0.081
49 L 0.049 0.019 0.014 0.015 0.15 0.014 0.018 0.023 0.009 0.134 0.233 0.022 0.04 0.046 0.014 0.028 0.034 0.006 0.019 0.116
50 L 0.069 0.022 0.021 0.021 0.015 0.017 0.023 0.098 0.01 0.119 0.198 0.027 0.031 0.05 0.016 0.048 0.052 0.006 0.02 0.137
51 L 0.047 0.022 0.017 0.017 0.013 0.016 0.022 0.025 0.016 0.105 0.136 0.025 0.037 0.091 0.013 0.039 0.034 0.112 0.086 0.125
52 L 0.039 0.021 0.013 0.014 0.014 0.014 0.018 0.02 0.01 0.097 0.367 0.022 0.041 0.122 0.012 0.022 0.029 0.008 0.032 0.081
53 A 0.152 0.023 0.022 0.023 0.043 0.018 0.027 0.099 0.012 0.09 0.106 0.031 0.022 0.073 0.019 0.056 0.054 0.006 0.024 0.101
54 Y 0.042 0.025 0.021 0.019 0.01 0.019 0.026 0.025 0.036 0.064 0.073 0.028 0.019 0.124 0.015 0.042 0.03 0.024 0.294 0.065
55 G 0.079 0.023 0.039 0.034 0.011 0.019 0.026 0.508 0.014 0.019 0.028 0.034 0.009 0.016 0.019 0.052 0.03 0.005 0.011 0.024
56 R 0.047 0.193 0.036 0.034 0.008 0.093 0.062 0.035 0.021 0.03 0.069 0.179 0.018 0.018 0.021 0.045 0.035 0.005 0.018 0.034
57 W 0.043 0.022 0.018 0.018 0.011 0.016 0.022 0.09 0.017 0.07 0.105 0.025 0.027 0.081 0.012 0.028 0.03 0.184 0.097 0.086
58 Y 0.043 0.024 0.021 0.019 0.016 0.018 0.025 0.025 0.031 0.079 0.083 0.028 0.022 0.131 0.015 0.045 0.042 0.025 0.239 0.069
59 K 0.05 0.115 0.068 0.04 0.008 0.095 0.065 0.039 0.021 0.04 0.046 0.208 0.016 0.016 0.022 0.051 0.039 0.005 0.017 0.037
60 K 0.055 0.102 0.058 0.04 0.009 0.07 0.062 0.094 0.02 0.024 0.038 0.226 0.014 0.015 0.023 0.063 0.038 0.005 0.016 0.03
61 K 0.069 0.093 0.038 0.044 0.009 0.093 0.105 0.039 0.041 0.025 0.04 0.171 0.015 0.016 0.05 0.057 0.041 0.005 0.018 0.032
62 L 0.046 0.08 0.038 0.025 0.014 0.033 0.034 0.029 0.018 0.077 0.213 0.069 0.03 0.048 0.017 0.039 0.06 0.008 0.056 0.067
63 V 0.07 0.022 0.017 0.018 0.019 0.017 0.023 0.025 0.008 0.165 0.131 0.026 0.032 0.036 0.017 0.033 0.05 0.006 0.021 0.265
64 R 0.045 0.342 0.039 0.031 0.008 0.049 0.053 0.033 0.023 0.023 0.047 0.121 0.016 0.017 0.019 0.045 0.035 0.006 0.017 0.031
65 I 0.047 0.018 0.015 0.018 0.016 0.013 0.018 0.021 0.009 0.267 0.169 0.024 0.037 0.044 0.015 0.025 0.04 0.006 0.021 0.178
66 E 0.055 0.05 0.041 0.091 0.007 0.065 0.293 0.035 0.026 0.022 0.037 0.076 0.013 0.017 0.026 0.055 0.037 0.006 0.017 0.031
67 N 0.043 0.045 0.314 0.084 0.009 0.034 0.05 0.066 0.032 0.023 0.032 0.054 0.011 0.018 0.02 0.07 0.05 0.005 0.016 0.027
68 N 0.043 0.045 0.314 0.084 0.009 0.034 0.05 0.066 0.032 0.023 0.032 0.054 0.011 0.018 0.02 0.07 0.05 0.005 0.016 0.027
69 K 0.057 0.108 0.042 0.042 0.009 0.054 0.071 0.043 0.021 0.028 0.043 0.275 0.016 0.016 0.028 0.054 0.04 0.005 0.017 0.033
70 S 0.11 0.04 0.054 0.049 0.018 0.033 0.053 0.067 0.019 0.03 0.042 0.054 0.016 0.021 0.03 0.216 0.082 0.005 0.018 0.042
71 S 0.11 0.04 0.054 0.049 0.018 0.033 0.053 0.067 0.019 0.03 0.042 0.054 0.016 0.021 0.03 0.216 0.082 0.005 0.018 0.042
72 L 0.052 0.032 0.02 0.02 0.016 0.028 0.028 0.028 0.016 0.101 0.198 0.036 0.156 0.048 0.016 0.036 0.04 0.008 0.024 0.093
73 I 0.047 0.018 0.015 0.018 0.016 0.013 0.018 0.021 0.009 0.267 0.169 0.024 0.037 0.044 0.015 0.025 0.04 0.006 0.021 0.178
74 L 0.045 0.024 0.014 0.015 0.016 0.016 0.02 0.021 0.01 0.116 0.372 0.025 0.05 0.055 0.014 0.024 0.034 0.007 0.022 0.097
75 P 0.064 0.038 0.029 0.03 0.013 0.041 0.039 0.036 0.014 0.09 0.106 0.065 0.022 0.025 0.132 0.087 0.065 0.005 0.017 0.085
76 Q 0.051 0.101 0.073 0.085 0.009 0.117 0.084 0.054 0.022 0.03 0.042 0.115 0.017 0.016 0.022 0.063 0.046 0.005 0.016 0.033
77 G 0.081 0.051 0.055 0.053 0.01 0.043 0.087 0.299 0.017 0.021 0.032 0.048 0.011 0.016 0.02 0.075 0.036 0.005 0.013 0.028
78 I 0.046 0.022 0.015 0.017 0.015 0.015 0.02 0.021 0.009 0.257 0.146 0.039 0.031 0.07 0.014 0.026 0.037 0.006 0.024 0.17
79 I 0.059 0.05 0.042 0.026 0.027 0.034 0.03 0.029 0.036 0.149 0.108 0.037 0.025 0.06 0.016 0.041 0.06 0.007 0.043 0.12
80 I 0.047 0.018 0.015 0.018 0.016 0.013 0.018 0.021 0.009 0.267 0.169 0.024 0.037 0.044 0.015 0.025 0.04 0.006 0.021 0.178
81 L 0.048 0.041 0.015 0.016 0.015 0.016 0.02 0.021 0.009 0.167 0.247 0.028 0.036 0.048 0.014 0.026 0.036 0.006 0.021 0.17
82 P 0.049 0.025 0.043 0.054 0.009 0.02 0.036 0.035 0.013 0.025 0.037 0.038 0.01 0.036 0.448 0.041 0.033 0.003 0.016 0.029
83 L 0.056 0.024 0.015 0.017 0.015 0.016 0.021 0.023 0.009 0.151 0.225 0.036 0.038 0.06 0.014 0.028 0.037 0.006 0.023 0.187
84 D 0.04 0.039 0.059 0.383 0.007 0.031 0.081 0.042 0.017 0.021 0.028 0.088 0.009 0.014 0.021 0.048 0.033 0.004 0.011 0.024
85 S 0.092 0.034 0.044 0.04 0.016 0.028 0.043 0.054 0.016 0.048 0.087 0.045 0.019 0.024 0.025 0.238 0.069 0.005 0.017 0.056
86 L 0.042 0.022 0.014 0.015 0.015 0.015 0.019 0.02 0.01 0.124 0.35 0.023 0.052 0.079 0.013 0.023 0.032 0.007 0.025 0.103
87 L 0.133 0.023 0.019 0.02 0.016 0.017 0.025 0.057 0.011 0.115 0.159 0.029 0.036 0.068 0.018 0.043 0.047 0.019 0.025 0.12
88 V 0.108 0.022 0.017 0.018 0.018 0.017 0.024 0.031 0.009 0.134 0.127 0.027 0.033 0.032 0.017 0.038 0.046 0.005 0.019 0.259
89 I 0.05 0.019 0.016 0.017 0.093 0.014 0.019 0.023 0.009 0.206 0.188 0.023 0.032 0.037 0.015 0.041 0.038 0.005 0.018 0.136
90 L 0.076 0.021 0.017 0.018 0.02 0.015 0.021 0.062 0.011 0.151 0.205 0.025 0.047 0.093 0.015 0.033 0.034 0.007 0.027 0.102
91 A 0.181 0.024 0.024 0.025 0.016 0.019 0.028 0.177 0.012 0.088 0.105 0.033 0.021 0.026 0.02 0.053 0.04 0.005 0.016 0.089
92 L 0.039 0.021 0.014 0.014 0.014 0.014 0.018 0.02 0.011 0.096 0.357 0.022 0.041 0.134 0.012 0.023 0.029 0.008 0.034 0.08
93 I 0.049 0.02 0.018 0.019 0.02 0.015 0.02 0.023 0.009 0.242 0.163 0.025 0.033 0.038 0.015 0.034 0.08 0.005 0.019 0.154
94 L 0.072 0.021 0.019 0.019 0.015 0.016 0.021 0.11 0.01 0.142 0.178 0.026 0.04 0.035 0.016 0.034 0.039 0.006 0.018 0.162
95 L 0.047 0.02 0.014 0.015 0.014 0.014 0.019 0.021 0.012 0.136 0.237 0.023 0.034 0.116 0.013 0.025 0.033 0.009 0.049 0.147
96 S 0.106 0.036 0.048 0.044 0.016 0.03 0.047 0.06 0.017 0.029 0.04 0.049 0.015 0.019 0.027 0.268 0.087 0.005 0.016 0.04
97 L 0.114 0.022 0.017 0.018 0.019 0.016 0.023 0.032 0.01 0.153 0.189 0.027 0.032 0.046 0.017 0.039 0.043 0.006 0.02 0.158
98 I 0.044 0.019 0.014 0.016 0.015 0.013 0.018 0.02 0.009 0.225 0.22 0.022 0.039 0.074 0.013 0.024 0.035 0.006 0.024 0.151
99 P 0.052 0.024 0.021 0.028 0.009 0.019 0.033 0.033 0.012 0.024 0.033 0.038 0.009 0.012 0.535 0.04 0.033 0.002 0.012 0.028
100 L 0.135 0.024 0.018 0.02 0.017 0.018 0.025 0.036 0.011 0.134 0.207 0.03 0.05 0.037 0.018 0.042 0.047 0.006 0.019 0.108
101 L 0.042 0.021 0.013 0.015 0.015 0.014 0.018 0.02 0.009 0.159 0.339 0.023 0.042 0.056 0.013 0.023 0.033 0.006 0.021 0.117
102 I 0.075 0.021 0.017 0.018 0.015 0.016 0.022 0.026 0.014 0.197 0.15 0.026 0.029 0.05 0.015 0.037 0.038 0.009 0.075 0.153
103 N 0.039 0.041 0.258 0.062 0.008 0.032 0.046 0.051 0.161 0.021 0.031 0.047 0.012 0.021 0.018 0.055 0.038 0.005 0.03 0.024
104 G 0.075 0.028 0.037 0.032 0.01 0.035 0.033 0.321 0.054 0.024 0.036 0.037 0.012 0.033 0.019 0.071 0.033 0.008 0.073 0.029
105 T 0.071 0.033 0.041 0.036 0.016 0.026 0.038 0.043 0.013 0.046 0.057 0.043 0.018 0.021 0.026 0.111 0.278 0.005 0.016 0.062
106 K 0.057 0.091 0.073 0.037 0.011 0.039 0.052 0.041 0.041 0.037 0.07 0.098 0.017 0.069 0.02 0.07 0.083 0.007 0.044 0.042
107 D 0.043 0.036 0.052 0.283 0.007 0.042 0.206 0.038 0.02 0.02 0.029 0.054 0.01 0.014 0.022 0.049 0.033 0.004 0.013 0.025
108 F 0.039 0.021 0.019 0.018 0.011 0.013 0.021 0.026 0.016 0.072 0.124 0.022 0.037 0.315 0.012 0.041 0.043 0.013 0.076 0.059
109 G 0.112 0.03 0.041 0.038 0.014 0.025 0.038 0.235 0.016 0.025 0.036 0.042 0.013 0.02 0.023 0.174 0.054 0.005 0.023 0.035
110 V 0.072 0.02 0.015 0.017 0.018 0.015 0.022 0.024 0.008 0.148 0.118 0.024 0.029 0.032 0.015 0.031 0.045 0.005 0.019 0.322
111 L 0.055 0.022 0.018 0.018 0.014 0.016 0.022 0.025 0.012 0.15 0.192 0.026 0.042 0.106 0.015 0.034 0.068 0.008 0.048 0.109
112 L 0.059 0.039 0.026 0.026 0.012 0.035 0.034 0.081 0.014 0.1 0.144 0.078 0.028 0.094 0.018 0.058 0.05 0.007 0.027 0.07
113 M 0.048 0.033 0.021 0.021 0.014 0.051 0.033 0.027 0.016 0.086 0.167 0.038 0.208 0.041 0.015 0.035 0.037 0.007 0.022 0.08
114 Y 0.037 0.026 0.02 0.017 0.01 0.02 0.026 0.023 0.043 0.04 0.063 0.029 0.017 0.12 0.014 0.029 0.026 0.026 0.373 0.043
115 V 0.063 0.02 0.017 0.018 0.033 0.015 0.022 0.025 0.009 0.18 0.136 0.025 0.029 0.056 0.015 0.047 0.043 0.006 0.022 0.218
116 K 0.052 0.114 0.038 0.038 0.008 0.049 0.064 0.039 0.019 0.025 0.04 0.326 0.014 0.014 0.025 0.049 0.036 0.005 0.016 0.03
117 T 0.069 0.029 0.032 0.031 0.015 0.024 0.044 0.122 0.013 0.061 0.115 0.037 0.057 0.028 0.02 0.083 0.123 0.006 0.017 0.074
118 L 0.072 0.023 0.016 0.016 0.042 0.016 0.021 0.026 0.01 0.09 0.334 0.025 0.038 0.068 0.015 0.032 0.046 0.007 0.023 0.08
119 L 0.045 0.02 0.014 0.016 0.015 0.014 0.018 0.02 0.009 0.215 0.24 0.023 0.048 0.051 0.014 0.025 0.036 0.006 0.021 0.151
120 L 0.049 0.023 0.015 0.015 0.014 0.016 0.021 0.022 0.016 0.1 0.317 0.025 0.038 0.063 0.014 0.026 0.032 0.01 0.095 0.091
121 F 0.035 0.019 0.018 0.017 0.01 0.012 0.02 0.025 0.018 0.055 0.097 0.02 0.022 0.382 0.011 0.038 0.026 0.016 0.109 0.049
122 I 0.057 0.02 0.018 0.019 0.02 0.015 0.02 0.061 0.01 0.208 0.158 0.025 0.031 0.057 0.015 0.042 0.045 0.006 0.021 0.15
123 F 0.038 0.019 0.014 0.015 0.053 0.012 0.017 0.022 0.012 0.1 0.206 0.02 0.031 0.243 0.012 0.024 0.028 0.011 0.05 0.074
124 G 0.087 0.022 0.033 0.029 0.038 0.018 0.025 0.41 0.014 0.026 0.053 0.031 0.012 0.023 0.018 0.059 0.031 0.006 0.03 0.032
125 I 0.051 0.019 0.016 0.018 0.015 0.014 0.02 0.023 0.011 0.234 0.132 0.024 0.033 0.062 0.015 0.039 0.04 0.007 0.041 0.187
126 G 0.15 0.023 0.026 0.025 0.015 0.018 0.027 0.247 0.012 0.059 0.078 0.032 0.018 0.044 0.019 0.051 0.04 0.006 0.018 0.093
127 I 0.043 0.018 0.014 0.016 0.014 0.013 0.017 0.02 0.009 0.233 0.207 0.022 0.035 0.09 0.013 0.023 0.034 0.007 0.027 0.145
128 Y 0.056 0.025 0.019 0.018 0.01 0.019 0.025 0.025 0.036 0.053 0.071 0.028 0.019 0.122 0.015 0.031 0.029 0.022 0.302 0.074
129 N 0.044 0.058 0.262 0.061 0.036 0.03 0.043 0.052 0.071 0.027 0.053 0.049 0.013 0.02 0.018 0.068 0.042 0.005 0.019 0.03
130 L 0.086 0.022 0.015 0.016 0.043 0.016 0.021 0.028 0.011 0.116 0.266 0.026 0.035 0.044 0.015 0.032 0.036 0.007 0.038 0.128
131 C 0.065 0.016 0.016 0.016 0.482 0.012 0.016 0.033 0.008 0.045 0.065 0.02 0.016 0.02 0.016 0.041 0.037 0.004 0.012 0.057
132 F 0.035 0.018 0.015 0.016 0.011 0.011 0.018 0.023 0.015 0.095 0.134 0.019 0.026 0.337 0.011 0.024 0.026 0.013 0.075 0.08
133 Y 0.037 0.026 0.02 0.017 0.009 0.02 0.026 0.023 0.043 0.04 0.063 0.029 0.017 0.121 0.014 0.029 0.026 0.026 0.371 0.043
134 A 0.113 0.048 0.027 0.026 0.056 0.045 0.037 0.067 0.048 0.044 0.096 0.041 0.02 0.071 0.019 0.062 0.037 0.01 0.083 0.051
135 N 0.049 0.074 0.103 0.047 0.01 0.058 0.05 0.041 0.098 0.04 0.076 0.074 0.022 0.023 0.054 0.067 0.044 0.005 0.024 0.04
136 A 0.109 0.045 0.057 0.041 0.012 0.057 0.08 0.045 0.075 0.039 0.052 0.079 0.016 0.02 0.06 0.072 0.052 0.005 0.022 0.061
137 N 0.052 0.049 0.158 0.081 0.009 0.071 0.057 0.061 0.025 0.029 0.059 0.091 0.015 0.018 0.05 0.064 0.056 0.005 0.016 0.034
138 Q 0.056 0.074 0.044 0.047 0.009 0.211 0.103 0.041 0.03 0.027 0.047 0.092 0.021 0.015 0.024 0.056 0.041 0.006 0.021 0.035
139 A 0.287 0.031 0.026 0.03 0.022 0.026 0.041 0.079 0.015 0.043 0.06 0.045 0.018 0.022 0.03 0.085 0.05 0.005 0.018 0.069
140 G 0.072 0.038 0.065 0.081 0.01 0.045 0.049 0.271 0.016 0.022 0.033 0.075 0.011 0.015 0.051 0.052 0.047 0.005 0.013 0.029
141 K 0.051 0.104 0.039 0.046 0.008 0.126 0.074 0.038 0.022 0.025 0.041 0.232 0.016 0.014 0.027 0.049 0.037 0.005 0.017 0.031
142 E 0.085 0.043 0.076 0.068 0.012 0.095 0.097 0.045 0.02 0.042 0.05 0.056 0.017 0.02 0.03 0.092 0.06 0.005 0.017 0.07
143 Q 0.067 0.108 0.043 0.059 0.01 0.113 0.079 0.038 0.022 0.036 0.088 0.109 0.025 0.02 0.021 0.061 0.039 0.005 0.017 0.04
144 L 0.041 0.02 0.015 0.015 0.015 0.013 0.019 0.022 0.012 0.093 0.236 0.021 0.041 0.204 0.012 0.024 0.03 0.01 0.045 0.112
145 I 0.049 0.018 0.014 0.016 0.042 0.013 0.018 0.02 0.008 0.249 0.17 0.022 0.034 0.039 0.014 0.025 0.038 0.005 0.019 0.187
146 R 0.043 0.219 0.085 0.043 0.01 0.038 0.046 0.036 0.048 0.03 0.064 0.1 0.016 0.041 0.018 0.048 0.05 0.008 0.022 0.034
147 D 0.041 0.03 0.055 0.358 0.008 0.027 0.073 0.039 0.018 0.036 0.038 0.054 0.011 0.021 0.02 0.045 0.034 0.005 0.031 0.056
148 L 0.043 0.022 0.013 0.014 0.015 0.015 0.019 0.02 0.009 0.124 0.383 0.023 0.044 0.051 0.013 0.023 0.032 0.006 0.021 0.11
149 K 0.053 0.09 0.047 0.04 0.008 0.066 0.073 0.04 0.02 0.026 0.041 0.287 0.015 0.015 0.025 0.052 0.051 0.005 0.016 0.032
150 I 0.044 0.025 0.021 0.041 0.013 0.018 0.026 0.051 0.031 0.196 0.161 0.042 0.041 0.045 0.014 0.028 0.033 0.038 0.024 0.109
151 G 0.091 0.024 0.037 0.033 0.011 0.02 0.028 0.446 0.013 0.02 0.029 0.034 0.01 0.016 0.019 0.087 0.036 0.005 0.011 0.027
152 I 0.047 0.017 0.014 0.016 0.015 0.013 0.017 0.02 0.008 0.281 0.163 0.022 0.033 0.04 0.014 0.024 0.038 0.005 0.019 0.192
153 G 0.062 0.022 0.023 0.022 0.014 0.017 0.024 0.147 0.014 0.11 0.114 0.028 0.024 0.061 0.016 0.056 0.039 0.008 0.057 0.142
154 V 0.075 0.021 0.017 0.018 0.016 0.015 0.022 0.026 0.009 0.171 0.145 0.025 0.03 0.056 0.016 0.035 0.059 0.006 0.022 0.216
155 Q 0.051 0.067 0.04 0.043 0.008 0.28 0.094 0.038 0.027 0.024 0.043 0.084 0.019 0.013 0.022 0.051 0.038 0.005 0.019 0.032
156 A 0.177 0.025 0.025 0.026 0.071 0.02 0.031 0.053 0.014 0.043 0.065 0.033 0.017 0.122 0.021 0.089 0.057 0.024 0.033 0.054
157 V 0.067 0.022 0.019 0.02 0.016 0.016 0.023 0.036 0.01 0.158 0.182 0.027 0.031 0.044 0.016 0.056 0.048 0.006 0.02 0.185
158 V 0.049 0.019 0.014 0.016 0.023 0.014 0.019 0.021 0.009 0.191 0.179 0.023 0.039 0.08 0.015 0.026 0.037 0.007 0.026 0.192
159 G 0.067 0.02 0.031 0.028 0.011 0.016 0.022 0.438 0.011 0.074 0.051 0.029 0.014 0.02 0.017 0.043 0.03 0.005 0.012 0.061
160 F 0.062 0.019 0.015 0.016 0.013 0.013 0.019 0.025 0.012 0.146 0.169 0.022 0.03 0.198 0.013 0.028 0.032 0.01 0.044 0.115
161 L 0.047 0.022 0.015 0.016 0.015 0.015 0.02 0.031 0.01 0.121 0.331 0.024 0.04 0.078 0.014 0.027 0.044 0.007 0.025 0.101
162 A 0.258 0.025 0.023 0.025 0.125 0.02 0.031 0.114 0.012 0.038 0.053 0.035 0.015 0.019 0.024 0.066 0.041 0.005 0.014 0.056
163 L 0.043 0.022 0.013 0.014 0.015 0.015 0.019 0.02 0.009 0.111 0.395 0.023 0.044 0.048 0.013 0.023 0.032 0.006 0.02 0.114
164 L 0.121 0.024 0.02 0.021 0.029 0.018 0.026 0.037 0.012 0.085 0.195 0.03 0.04 0.091 0.018 0.053 0.064 0.007 0.027 0.082
165 G 0.09 0.025 0.056 0.036 0.012 0.021 0.03 0.407 0.014 0.021 0.03 0.036 0.01 0.016 0.02 0.094 0.038 0.005 0.012 0.028
166 I 0.059 0.019 0.015 0.017 0.015 0.014 0.02 0.023 0.009 0.208 0.174 0.024 0.032 0.071 0.043 0.028 0.037 0.006 0.024 0.165
167 P 0.097 0.029 0.033 0.034 0.013 0.023 0.038 0.08 0.014 0.028 0.038 0.042 0.012 0.016 0.261 0.123 0.066 0.004 0.014 0.037
168 F 0.052 0.02 0.019 0.039 0.011 0.013 0.023 0.026 0.015 0.097 0.142 0.022 0.026 0.265 0.013 0.03 0.03 0.015 0.072 0.069
169 L 0.048 0.022 0.016 0.017 0.014 0.017 0.021 0.023 0.012 0.15 0.156 0.025 0.092 0.133 0.013 0.028 0.035 0.008 0.035 0.136
170 I 0.053 0.045 0.02 0.021 0.014 0.031 0.027 0.025 0.011 0.246 0.125 0.048 0.029 0.034 0.016 0.045 0.04 0.005 0.018 0.145
171 D 0.054 0.031 0.091 0.332 0.008 0.03 0.098 0.045 0.019 0.023 0.03 0.045 0.01 0.015 0.021 0.057 0.05 0.004 0.012 0.027
172 F 0.036 0.018 0.015 0.015 0.012 0.012 0.018 0.022 0.013 0.12 0.171 0.02 0.033 0.277 0.011 0.023 0.028 0.012 0.056 0.088
173 A 0.21 0.026 0.023 0.025 0.018 0.021 0.033 0.065 0.012 0.089 0.118 0.035 0.023 0.027 0.022 0.08 0.045 0.005 0.017 0.103
174 L 0.039 0.021 0.014 0.015 0.014 0.014 0.019 0.02 0.012 0.107 0.34 0.023 0.04 0.114 0.013 0.023 0.031 0.009 0.049 0.084
175 S 0.109 0.034 0.064 0.044 0.015 0.028 0.044 0.126 0.017 0.026 0.037 0.047 0.014 0.019 0.025 0.228 0.065 0.005 0.015 0.037
176 T 0.067 0.029 0.033 0.03 0.017 0.023 0.032 0.036 0.011 0.075 0.075 0.037 0.021 0.025 0.023 0.074 0.235 0.005 0.017 0.134
177 N 0.039 0.041 0.265 0.063 0.008 0.032 0.047 0.052 0.155 0.021 0.031 0.047 0.012 0.02 0.018 0.055 0.038 0.005 0.027 0.024
178 A 0.172 0.029 0.029 0.029 0.017 0.023 0.034 0.05 0.013 0.082 0.077 0.038 0.032 0.025 0.024 0.091 0.116 0.005 0.017 0.097
179 S 0.11 0.04 0.054 0.049 0.018 0.033 0.053 0.067 0.019 0.03 0.042 0.054 0.016 0.021 0.03 0.216 0.082 0.005 0.018 0.042
180 A 0.287 0.031 0.026 0.03 0.022 0.026 0.041 0.079 0.015 0.043 0.06 0.045 0.018 0.022 0.03 0.085 0.05 0.005 0.018 0.069
181 V 0.074 0.024 0.032 0.059 0.016 0.019 0.035 0.03 0.011 0.116 0.132 0.03 0.042 0.032 0.022 0.05 0.043 0.005 0.022 0.205
182 L 0.044 0.025 0.016 0.016 0.015 0.017 0.022 0.022 0.018 0.1 0.306 0.027 0.043 0.072 0.015 0.026 0.032 0.012 0.088 0.085
183 F 0.034 0.019 0.017 0.017 0.011 0.011 0.019 0.025 0.017 0.064 0.114 0.019 0.025 0.386 0.011 0.025 0.025 0.017 0.089 0.055
184 L 0.043 0.026 0.02 0.046 0.012 0.023 0.06 0.025 0.015 0.077 0.236 0.032 0.076 0.085 0.042 0.03 0.032 0.008 0.044 0.068
185 G 0.074 0.056 0.039 0.033 0.01 0.022 0.028 0.465 0.014 0.019 0.03 0.042 0.01 0.016 0.019 0.05 0.03 0.005 0.011 0.025
186 G 0.078 0.023 0.039 0.033 0.011 0.019 0.025 0.514 0.013 0.019 0.028 0.033 0.009 0.016 0.019 0.051 0.029 0.005 0.011 0.024
187 E 0.05 0.051 0.055 0.066 0.008 0.074 0.184 0.038 0.14 0.023 0.038 0.066 0.014 0.021 0.023 0.051 0.034 0.006 0.031 0.029
188 L 0.043 0.024 0.014 0.015 0.016 0.016 0.02 0.021 0.01 0.111 0.363 0.025 0.048 0.077 0.014 0.024 0.033 0.008 0.027 0.093
189 P 0.058 0.027 0.048 0.08 0.01 0.024 0.059 0.038 0.014 0.024 0.033 0.042 0.01 0.013 0.374 0.064 0.038 0.003 0.012 0.029
190 A 0.281 0.032 0.029 0.056 0.02 0.026 0.043 0.072 0.015 0.04 0.055 0.05 0.016 0.02 0.028 0.079 0.053 0.005 0.017 0.063
191 R 0.043 0.289 0.034 0.029 0.01 0.045 0.048 0.031 0.021 0.026 0.048 0.13 0.015 0.044 0.019 0.043 0.047 0.007 0.038 0.033
192 F 0.031 0.018 0.016 0.016 0.01 0.01 0.018 0.023 0.017 0.057 0.103 0.018 0.023 0.421 0.01 0.024 0.023 0.016 0.097 0.05
193 Y 0.039 0.049 0.022 0.019 0.01 0.025 0.028 0.024 0.053 0.083 0.093 0.034 0.021 0.096 0.015 0.03 0.033 0.019 0.248 0.06
194 G 0.062 0.029 0.066 0.079 0.01 0.031 0.036 0.379 0.016 0.035 0.034 0.051 0.011 0.016 0.018 0.048 0.031 0.005 0.012 0.031
195 S 0.101 0.037 0.05 0.045 0.016 0.03 0.048 0.061 0.018 0.027 0.038 0.05 0.014 0.019 0.027 0.284 0.075 0.005 0.016 0.038
196 E 0.051 0.046 0.037 0.083 0.007 0.059 0.355 0.032 0.024 0.02 0.034 0.069 0.012 0.015 0.024 0.051 0.034 0.005 0.015 0.029
197 Q 0.051 0.067 0.04 0.043 0.008 0.28 0.094 0.038 0.027 0.024 0.043 0.084 0.019 0.013 0.022 0.051 0.038 0.005 0.019 0.032
198 E 0.083 0.042 0.036 0.074 0.008 0.053 0.304 0.064 0.022 0.022 0.036 0.064 0.012 0.016 0.024 0.053 0.035 0.005 0.015 0.032
199 Y 0.037 0.026 0.02 0.017 0.009 0.02 0.026 0.023 0.043 0.04 0.063 0.029 0.017 0.12 0.014 0.029 0.026 0.026 0.374 0.043
200 R 0.041 0.399 0.036 0.028 0.007 0.044 0.048 0.03 0.021 0.021 0.043 0.11 0.014 0.016 0.018 0.041 0.032 0.005 0.016 0.028
201 L 0.041 0.022 0.013 0.014 0.015 0.015 0.019 0.02 0.009 0.106 0.427 0.023 0.046 0.05 0.013 0.022 0.031 0.007 0.02 0.088
202 Y 0.037 0.025 0.02 0.017 0.009 0.019 0.025 0.023 0.04 0.042 0.067 0.027 0.018 0.153 0.014 0.028 0.025 0.025 0.343 0.044
203 N 0.039 0.036 0.298 0.064 0.009 0.027 0.039 0.052 0.025 0.057 0.05 0.043 0.014 0.063 0.017 0.055 0.042 0.005 0.022 0.042
204 L 0.038 0.018 0.014 0.015 0.013 0.012 0.017 0.021 0.011 0.169 0.2 0.02 0.032 0.196 0.012 0.023 0.03 0.01 0.043 0.104
205 T 0.069 0.033 0.04 0.035 0.016 0.026 0.037 0.041 0.013 0.048 0.059 0.042 0.018 0.022 0.025 0.096 0.296 0.005 0.016 0.064
206 S 0.117 0.036 0.048 0.044 0.016 0.03 0.047 0.062 0.017 0.028 0.04 0.049 0.015 0.019 0.027 0.271 0.073 0.005 0.016 0.04
207 S 0.118 0.035 0.043 0.04 0.016 0.029 0.044 0.057 0.017 0.036 0.054 0.047 0.034 0.022 0.026 0.223 0.091 0.005 0.017 0.047
208 A 0.277 0.028 0.028 0.029 0.018 0.023 0.036 0.134 0.014 0.038 0.051 0.04 0.015 0.019 0.026 0.094 0.046 0.005 0.015 0.062
209 F 0.031 0.017 0.016 0.016 0.01 0.01 0.017 0.023 0.016 0.058 0.105 0.017 0.023 0.438 0.01 0.023 0.023 0.016 0.081 0.05
210 F 0.031 0.017 0.016 0.016 0.01 0.01 0.017 0.023 0.016 0.058 0.105 0.017 0.023 0.438 0.01 0.023 0.023 0.016 0.081 0.05
211 Q 0.051 0.062 0.038 0.041 0.008 0.248 0.087 0.037 0.025 0.024 0.042 0.078 0.018 0.013 0.085 0.05 0.037 0.005 0.018 0.032
212 L 0.04 0.022 0.013 0.014 0.015 0.015 0.018 0.02 0.01 0.103 0.41 0.023 0.044 0.071 0.013 0.022 0.03 0.007 0.024 0.086
213 S 0.101 0.037 0.05 0.045 0.016 0.03 0.048 0.061 0.018 0.027 0.038 0.05 0.014 0.019 0.027 0.284 0.075 0.005 0.016 0.038
214 L 0.15 0.023 0.017 0.019 0.017 0.017 0.025 0.038 0.011 0.124 0.242 0.029 0.033 0.037 0.018 0.042 0.037 0.006 0.019 0.097
215 F 0.031 0.017 0.016 0.016 0.01 0.01 0.017 0.023 0.016 0.058 0.105 0.017 0.023 0.438 0.01 0.023 0.023 0.016 0.081 0.05
216 Y 0.036 0.024 0.019 0.017 0.009 0.018 0.024 0.023 0.037 0.045 0.086 0.027 0.019 0.146 0.013 0.027 0.025 0.05 0.308 0.045
217 L 0.06 0.021 0.019 0.019 0.015 0.016 0.021 0.133 0.01 0.109 0.249 0.025 0.036 0.038 0.015 0.031 0.034 0.006 0.018 0.127
218 L 0.047 0.024 0.017 0.017 0.014 0.019 0.022 0.024 0.013 0.105 0.161 0.027 0.124 0.137 0.014 0.029 0.035 0.009 0.036 0.129
219 L 0.043 0.022 0.013 0.014 0.015 0.015 0.019 0.02 0.009 0.111 0.395 0.023 0.044 0.048 0.013 0.023 0.032 0.006 0.02 0.114
220 L 0.038 0.021 0.014 0.015 0.014 0.014 0.018 0.021 0.011 0.092 0.329 0.022 0.046 0.157 0.012 0.023 0.029 0.009 0.037 0.078
221 H 0.039 0.042 0.137 0.046 0.007 0.034 0.048 0.042 0.305 0.021 0.033 0.044 0.013 0.025 0.018 0.045 0.03 0.006 0.042 0.022
222 F 0.032 0.018 0.015 0.015 0.01 0.01 0.017 0.023 0.015 0.061 0.122 0.018 0.024 0.417 0.01 0.023 0.024 0.015 0.078 0.052
223 L 0.057 0.022 0.014 0.016 0.015 0.016 0.02 0.023 0.011 0.121 0.317 0.024 0.06 0.088 0.014 0.027 0.032 0.007 0.027 0.091
224 L 0.042 0.023 0.013 0.014 0.015 0.015 0.019 0.02 0.009 0.108 0.398 0.024 0.054 0.049 0.013 0.023 0.032 0.006 0.02 0.101
225 A 0.33 0.029 0.042 0.03 0.019 0.024 0.038 0.071 0.014 0.039 0.053 0.041 0.016 0.02 0.027 0.078 0.046 0.005 0.016 0.062
226 L 0.045 0.023 0.014 0.016 0.016 0.015 0.02 0.021 0.01 0.154 0.324 0.025 0.046 0.052 0.014 0.024 0.035 0.007 0.022 0.116
227 Y 0.037 0.026 0.02 0.017 0.009 0.021 0.026 0.023 0.043 0.04 0.063 0.029 0.017 0.119 0.014 0.029 0.026 0.025 0.371 0.044
228 N 0.046 0.044 0.254 0.107 0.009 0.032 0.05 0.061 0.045 0.026 0.051 0.077 0.013 0.018 0.019 0.057 0.041 0.004 0.016 0.029
229 A 0.149 0.061 0.045 0.101 0.012 0.045 0.141 0.048 0.024 0.03 0.042 0.081 0.014 0.017 0.024 0.059 0.043 0.005 0.016 0.044
230 K 0.055 0.092 0.077 0.043 0.008 0.061 0.064 0.042 0.021 0.025 0.039 0.278 0.014 0.015 0.024 0.052 0.038 0.005 0.016 0.03
231 H 0.048 0.046 0.058 0.039 0.009 0.045 0.073 0.038 0.145 0.03 0.045 0.081 0.015 0.039 0.02 0.051 0.081 0.009 0.09 0.036
232 N 0.052 0.045 0.272 0.074 0.009 0.042 0.058 0.054 0.026 0.029 0.036 0.07 0.012 0.017 0.02 0.074 0.046 0.004 0.015 0.043
233 N 0.043 0.045 0.314 0.083 0.009 0.034 0.05 0.065 0.032 0.023 0.032 0.054 0.011 0.018 0.02 0.07 0.05 0.005 0.016 0.027
234 G 0.079 0.023 0.039 0.034 0.011 0.019 0.026 0.508 0.014 0.019 0.028 0.034 0.009 0.016 0.019 0.052 0.03 0.005 0.011 0.024
235 T 0.073 0.036 0.044 0.038 0.018 0.028 0.04 0.044 0.014 0.054 0.065 0.046 0.02 0.024 0.028 0.093 0.243 0.006 0.018 0.071
236 N 0.076 0.057 0.148 0.05 0.011 0.06 0.052 0.052 0.021 0.03 0.043 0.104 0.014 0.017 0.03 0.086 0.088 0.005 0.016 0.04
237 L 0.046 0.024 0.015 0.017 0.015 0.016 0.021 0.021 0.009 0.212 0.221 0.04 0.049 0.041 0.014 0.026 0.036 0.006 0.019 0.151
238 S 0.068 0.039 0.092 0.043 0.011 0.034 0.044 0.101 0.086 0.026 0.037 0.06 0.013 0.019 0.075 0.119 0.074 0.005 0.021 0.033
239 S 0.105 0.03 0.036 0.034 0.014 0.024 0.041 0.114 0.015 0.04 0.1 0.04 0.018 0.023 0.098 0.142 0.06 0.005 0.015 0.046
240 I 0.048 0.019 0.014 0.016 0.015 0.014 0.019 0.021 0.01 0.208 0.192 0.023 0.033 0.048 0.014 0.025 0.037 0.018 0.039 0.187
241 F 0.052 0.021 0.017 0.016 0.011 0.014 0.021 0.025 0.022 0.076 0.131 0.023 0.024 0.236 0.013 0.028 0.027 0.027 0.153 0.061
242 L 0.051 0.02 0.014 0.016 0.016 0.015 0.02 0.021 0.009 0.168 0.231 0.024 0.035 0.039 0.043 0.026 0.038 0.005 0.019 0.19
243 F 0.034 0.018 0.015 0.015 0.011 0.011 0.018 0.022 0.014 0.096 0.172 0.019 0.029 0.321 0.011 0.023 0.026 0.013 0.063 0.07
244 L 0.074 0.023 0.015 0.016 0.015 0.016 0.021 0.026 0.01 0.096 0.362 0.025 0.051 0.062 0.015 0.029 0.032 0.007 0.022 0.084
245 L 0.044 0.02 0.014 0.016 0.042 0.015 0.018 0.021 0.009 0.219 0.234 0.023 0.06 0.043 0.014 0.025 0.035 0.006 0.019 0.125
246 L 0.072 0.022 0.014 0.016 0.015 0.015 0.02 0.025 0.01 0.094 0.354 0.024 0.04 0.088 0.014 0.028 0.031 0.007 0.026 0.082
247 F 0.05 0.017 0.015 0.016 0.169 0.011 0.017 0.026 0.012 0.078 0.094 0.019 0.022 0.235 0.012 0.029 0.03 0.01 0.048 0.089
248 I 0.047 0.016 0.014 0.016 0.123 0.012 0.016 0.021 0.008 0.268 0.134 0.021 0.03 0.036 0.014 0.026 0.036 0.005 0.017 0.141
249 G 0.072 0.021 0.036 0.031 0.01 0.017 0.023 0.551 0.012 0.017 0.026 0.031 0.009 0.015 0.017 0.047 0.027 0.005 0.01 0.022
250 L 0.061 0.022 0.014 0.015 0.016 0.016 0.02 0.023 0.009 0.121 0.332 0.025 0.05 0.045 0.014 0.027 0.036 0.006 0.02 0.126
251 I 0.042 0.017 0.014 0.016 0.014 0.013 0.017 0.02 0.009 0.288 0.151 0.022 0.043 0.083 0.013 0.024 0.035 0.007 0.026 0.147
252 S 0.109 0.037 0.049 0.044 0.016 0.03 0.048 0.061 0.017 0.028 0.039 0.049 0.014 0.019 0.027 0.277 0.074 0.005 0.016 0.039
253 G 0.072 0.021 0.036 0.031 0.01 0.017 0.023 0.551 0.012 0.017 0.026 0.031 0.009 0.015 0.017 0.047 0.027 0.005 0.01 0.022
254 R 0.041 0.399 0.036 0.028 0.007 0.044 0.048 0.03 0.021 0.021 0.043 0.11 0.014 0.016 0.018 0.041 0.032 0.005 0.016 0.028
255 T 0.073 0.033 0.04 0.035 0.016 0.026 0.038 0.043 0.013 0.051 0.065 0.042 0.018 0.022 0.025 0.123 0.24 0.005 0.016 0.074
256 F 0.031 0.017 0.016 0.016 0.01 0.01 0.017 0.023 0.016 0.058 0.105 0.017 0.023 0.438 0.01 0.023 0.023 0.016 0.081 0.05
257 L 0.038 0.021 0.014 0.015 0.013 0.013 0.018 0.021 0.012 0.1 0.285 0.022 0.047 0.187 0.012 0.023 0.029 0.01 0.042 0.079
258 L 0.063 0.023 0.018 0.018 0.015 0.018 0.022 0.026 0.011 0.146 0.216 0.027 0.07 0.066 0.015 0.034 0.063 0.007 0.024 0.118
259 L 0.036 0.02 0.014 0.015 0.013 0.012 0.018 0.021 0.012 0.094 0.266 0.021 0.036 0.228 0.012 0.023 0.028 0.011 0.048 0.074
260 S 0.153 0.035 0.044 0.041 0.017 0.029 0.046 0.063 0.017 0.03 0.042 0.048 0.015 0.019 0.027 0.241 0.069 0.005 0.016 0.044
261 V 0.114 0.021 0.016 0.018 0.017 0.016 0.023 0.031 0.009 0.157 0.156 0.027 0.03 0.034 0.017 0.037 0.043 0.005 0.019 0.209
262 I 0.049 0.019 0.014 0.016 0.016 0.013 0.018 0.02 0.008 0.225 0.194 0.022 0.034 0.054 0.014 0.025 0.038 0.006 0.021 0.194
263 S 0.099 0.037 0.049 0.044 0.016 0.03 0.047 0.06 0.017 0.028 0.04 0.049 0.015 0.019 0.027 0.274 0.088 0.005 0.016 0.04
264 I 0.047 0.018 0.014 0.016 0.025 0.013 0.017 0.02 0.008 0.258 0.178 0.022 0.034 0.05 0.014 0.024 0.037 0.006 0.021 0.179
265 L 0.105 0.022 0.016 0.017 0.016 0.016 0.023 0.031 0.01 0.12 0.257 0.027 0.04 0.064 0.016 0.035 0.037 0.006 0.023 0.12
266 L 0.059 0.02 0.015 0.016 0.014 0.014 0.019 0.024 0.01 0.142 0.23 0.023 0.034 0.132 0.013 0.027 0.033 0.008 0.034 0.133
267 Y 0.041 0.026 0.022 0.019 0.009 0.021 0.027 0.025 0.042 0.039 0.062 0.03 0.017 0.115 0.015 0.042 0.028 0.025 0.355 0.043
268 G 0.078 0.023 0.039 0.034 0.011 0.019 0.026 0.511 0.013 0.019 0.028 0.034 0.009 0.016 0.019 0.051 0.03 0.005 0.011 0.024
269 F 0.032 0.018 0.015 0.015 0.01 0.01 0.017 0.023 0.015 0.075 0.124 0.018 0.025 0.396 0.01 0.023 0.024 0.015 0.075 0.058
270 K 0.049 0.134 0.091 0.043 0.008 0.045 0.059 0.041 0.021 0.024 0.038 0.258 0.014 0.015 0.023 0.05 0.037 0.005 0.016 0.029
271 W 0.035 0.042 0.015 0.015 0.01 0.015 0.021 0.025 0.012 0.096 0.137 0.027 0.024 0.069 0.01 0.023 0.027 0.28 0.045 0.072
272 R 0.044 0.306 0.037 0.039 0.007 0.046 0.053 0.033 0.026 0.022 0.041 0.168 0.014 0.016 0.02 0.043 0.033 0.005 0.016 0.029
273 Y 0.039 0.026 0.021 0.018 0.009 0.02 0.026 0.024 0.039 0.044 0.082 0.029 0.019 0.111 0.015 0.031 0.041 0.024 0.337 0.046
274 L 0.047 0.019 0.014 0.015 0.024 0.014 0.018 0.02 0.008 0.208 0.245 0.023 0.037 0.042 0.014 0.024 0.036 0.006 0.019 0.166
275 P 0.051 0.023 0.027 0.028 0.01 0.018 0.031 0.032 0.012 0.06 0.061 0.036 0.014 0.017 0.444 0.039 0.038 0.003 0.013 0.045
276 A 0.153 0.026 0.023 0.023 0.016 0.02 0.03 0.043 0.017 0.081 0.093 0.034 0.021 0.043 0.042 0.065 0.058 0.009 0.083 0.12
277 L 0.046 0.023 0.017 0.017 0.014 0.016 0.022 0.023 0.013 0.125 0.301 0.026 0.037 0.053 0.015 0.04 0.048 0.008 0.057 0.097
278 L 0.067 0.021 0.016 0.018 0.015 0.015 0.021 0.029 0.01 0.162 0.251 0.025 0.035 0.078 0.015 0.041 0.036 0.007 0.025 0.114
279 L 0.108 0.023 0.016 0.018 0.016 0.017 0.023 0.032 0.01 0.123 0.274 0.027 0.035 0.04 0.017 0.041 0.039 0.006 0.019 0.116
280 F 0.067 0.019 0.016 0.017 0.011 0.012 0.02 0.028 0.014 0.075 0.103 0.02 0.023 0.351 0.012 0.029 0.028 0.013 0.068 0.072
281 A 0.155 0.025 0.025 0.026 0.016 0.02 0.029 0.12 0.012 0.096 0.116 0.034 0.022 0.028 0.021 0.073 0.063 0.005 0.016 0.098
282 A 0.17 0.024 0.023 0.024 0.016 0.019 0.028 0.121 0.012 0.09 0.114 0.032 0.022 0.048 0.02 0.063 0.042 0.006 0.02 0.104
283 L 0.055 0.021 0.017 0.018 0.015 0.015 0.02 0.051 0.009 0.19 0.23 0.025 0.035 0.04 0.015 0.04 0.039 0.006 0.019 0.14
284 V 0.057 0.018 0.015 0.016 0.182 0.013 0.018 0.024 0.008 0.138 0.141 0.022 0.027 0.031 0.015 0.03 0.038 0.005 0.017 0.186
285 L 0.045 0.022 0.015 0.016 0.015 0.016 0.02 0.022 0.011 0.123 0.343 0.025 0.04 0.057 0.014 0.037 0.034 0.007 0.04 0.098
286 F 0.046 0.021 0.019 0.018 0.011 0.014 0.021 0.087 0.018 0.062 0.129 0.023 0.034 0.261 0.013 0.033 0.027 0.013 0.096 0.055
287 L 0.038 0.02 0.014 0.015 0.013 0.013 0.018 0.021 0.011 0.115 0.299 0.021 0.037 0.169 0.012 0.023 0.029 0.009 0.039 0.084
288 A 0.294 0.028 0.023 0.026 0.019 0.023 0.035 0.064 0.013 0.052 0.079 0.039 0.019 0.023 0.025 0.073 0.059 0.005 0.017 0.085
289 F 0.042 0.024 0.018 0.018 0.012 0.017 0.023 0.023 0.023 0.126 0.121 0.033 0.036 0.148 0.014 0.03 0.045 0.014 0.135 0.098
290 N 0.039 0.045 0.197 0.049 0.009 0.039 0.041 0.044 0.046 0.034 0.053 0.057 0.015 0.125 0.017 0.048 0.036 0.009 0.06 0.039
291 F 0.037 0.02 0.017 0.016 0.01 0.013 0.02 0.023 0.027 0.063 0.142 0.021 0.027 0.304 0.011 0.025 0.025 0.016 0.124 0.057
292 P 0.108 0.033 0.048 0.037 0.012 0.055 0.045 0.046 0.016 0.028 0.04 0.047 0.013 0.015 0.251 0.091 0.058 0.004 0.014 0.038
293 D 0.064 0.04 0.051 0.192 0.008 0.054 0.19 0.057 0.02 0.023 0.034 0.065 0.012 0.015 0.023 0.057 0.046 0.005 0.014 0.03
294 H 0.04 0.042 0.21 0.056 0.008 0.033 0.047 0.048 0.214 0.021 0.032 0.046 0.012 0.022 0.018 0.055 0.036 0.006 0.033 0.023
295 K 0.051 0.084 0.029 0.031 0.01 0.034 0.047 0.034 0.015 0.068 0.062 0.186 0.017 0.018 0.156 0.042 0.036 0.004 0.015 0.061
296 Y 0.037 0.025 0.02 0.017 0.009 0.019 0.025 0.023 0.04 0.042 0.067 0.027 0.018 0.153 0.014 0.028 0.025 0.025 0.343 0.044
297 V 0.06 0.019 0.015 0.016 0.017 0.015 0.02 0.022 0.008 0.187 0.127 0.023 0.03 0.034 0.015 0.029 0.044 0.005 0.019 0.296
298 A 0.198 0.071 0.028 0.038 0.014 0.039 0.102 0.062 0.02 0.035 0.062 0.053 0.016 0.03 0.023 0.061 0.039 0.007 0.054 0.05
299 H 0.039 0.042 0.049 0.035 0.007 0.035 0.049 0.035 0.408 0.021 0.035 0.042 0.014 0.028 0.018 0.039 0.024 0.007 0.053 0.021
300 A 0.349 0.028 0.023 0.027 0.02 0.023 0.037 0.072 0.014 0.04 0.054 0.041 0.016 0.02 0.027 0.078 0.046 0.005 0.016 0.063
301 L 0.041 0.023 0.013 0.014 0.015 0.015 0.019 0.02 0.01 0.105 0.412 0.024 0.055 0.052 0.013 0.023 0.031 0.007 0.021 0.088
302 E 0.051 0.046 0.037 0.083 0.007 0.059 0.355 0.032 0.024 0.02 0.034 0.069 0.012 0.015 0.024 0.051 0.034 0.005 0.015 0.029
303 P 0.051 0.023 0.021 0.028 0.01 0.019 0.032 0.032 0.012 0.045 0.042 0.037 0.011 0.014 0.499 0.039 0.033 0.003 0.012 0.038
304 L 0.052 0.021 0.014 0.015 0.016 0.015 0.02 0.021 0.008 0.142 0.264 0.023 0.037 0.041 0.014 0.026 0.038 0.006 0.02 0.207
305 I 0.043 0.017 0.013 0.016 0.015 0.012 0.016 0.019 0.008 0.316 0.168 0.022 0.034 0.041 0.013 0.023 0.036 0.005 0.019 0.161
306 N 0.04 0.043 0.356 0.075 0.008 0.044 0.048 0.059 0.029 0.021 0.03 0.051 0.011 0.016 0.019 0.063 0.045 0.004 0.015 0.025
307 L 0.04 0.021 0.014 0.015 0.013 0.014 0.019 0.021 0.014 0.119 0.297 0.023 0.037 0.117 0.013 0.023 0.03 0.01 0.067 0.094
308 L 0.043 0.019 0.014 0.015 0.015 0.013 0.018 0.02 0.009 0.209 0.252 0.022 0.037 0.076 0.013 0.023 0.034 0.007 0.025 0.137
309 N 0.057 0.041 0.117 0.044 0.01 0.056 0.047 0.074 0.08 0.026 0.04 0.057 0.014 0.039 0.02 0.101 0.043 0.009 0.092 0.032
310 G 0.058 0.028 0.082 0.058 0.01 0.027 0.034 0.315 0.062 0.032 0.036 0.036 0.012 0.023 0.018 0.049 0.046 0.006 0.035 0.031
311 G 0.1 0.049 0.036 0.034 0.011 0.059 0.049 0.188 0.019 0.028 0.042 0.118 0.014 0.024 0.022 0.062 0.059 0.007 0.043 0.037
312 D 0.041 0.03 0.069 0.401 0.007 0.03 0.091 0.046 0.019 0.022 0.028 0.045 0.009 0.015 0.022 0.052 0.035 0.004 0.011 0.024
313 V 0.058 0.026 0.018 0.019 0.017 0.022 0.025 0.026 0.012 0.149 0.167 0.03 0.097 0.043 0.016 0.033 0.043 0.007 0.022 0.172
314 G 0.074 0.048 0.041 0.079 0.01 0.032 0.081 0.296 0.016 0.022 0.033 0.045 0.011 0.016 0.02 0.073 0.055 0.005 0.012 0.03
315 V 0.055 0.101 0.121 0.043 0.013 0.029 0.038 0.04 0.019 0.086 0.079 0.056 0.021 0.026 0.018 0.048 0.046 0.005 0.018 0.135
316 S 0.098 0.037 0.047 0.045 0.016 0.03 0.049 0.06 0.018 0.029 0.041 0.051 0.015 0.019 0.133 0.18 0.072 0.005 0.016 0.04
317 S 0.11 0.04 0.054 0.049 0.018 0.033 0.052 0.066 0.019 0.03 0.042 0.054 0.016 0.021 0.03 0.219 0.082 0.005 0.018 0.042
318 S 0.11 0.04 0.054 0.049 0.018 0.033 0.052 0.066 0.019 0.03 0.042 0.054 0.016 0.021 0.03 0.219 0.082 0.005 0.018 0.042
319 A 0.29 0.031 0.026 0.03 0.022 0.026 0.041 0.078 0.015 0.043 0.059 0.045 0.018 0.022 0.03 0.085 0.05 0.005 0.018 0.069
320 E 0.055 0.05 0.041 0.09 0.007 0.065 0.296 0.035 0.026 0.022 0.037 0.076 0.013 0.017 0.026 0.055 0.037 0.006 0.017 0.031
