#Seq2Logo.py -f /work3/idamei/ssn-clusterings/clustering/2205111239/clusters/0016_20/sequences.afa -o /work3/idamei/ssn-clusterings/clustering/2205111239/clusters/0016_20/sequences.logo
#Position Specific Frequency Matrix
A R N D C Q E G H I L K M F P S T W Y V
0 M 0.049 0.03 0.019 0.019 0.015 0.026 0.026 0.026 0.015 0.094 0.185 0.034 0.212 0.045 0.015 0.034 0.038 0.008 0.023 0.087
1 K 0.059 0.111 0.114 0.047 0.011 0.039 0.052 0.047 0.021 0.028 0.042 0.142 0.014 0.017 0.023 0.091 0.084 0.005 0.016 0.036
2 T 0.055 0.095 0.083 0.038 0.012 0.031 0.041 0.039 0.017 0.097 0.071 0.093 0.02 0.024 0.021 0.07 0.1 0.005 0.017 0.07
3 K 0.059 0.097 0.09 0.073 0.01 0.037 0.054 0.083 0.02 0.034 0.043 0.147 0.014 0.017 0.023 0.083 0.044 0.005 0.015 0.052
4 R 0.056 0.137 0.07 0.037 0.012 0.047 0.047 0.039 0.02 0.066 0.073 0.094 0.037 0.024 0.021 0.072 0.069 0.006 0.018 0.057
5 L 0.051 0.024 0.061 0.028 0.013 0.017 0.024 0.153 0.013 0.12 0.182 0.029 0.029 0.059 0.015 0.036 0.034 0.006 0.022 0.084
6 N 0.042 0.045 0.322 0.082 0.009 0.033 0.049 0.065 0.031 0.022 0.031 0.053 0.011 0.018 0.02 0.069 0.049 0.004 0.016 0.027
7 Y 0.075 0.034 0.038 0.034 0.013 0.027 0.04 0.045 0.033 0.036 0.055 0.042 0.017 0.075 0.022 0.128 0.055 0.016 0.17 0.044
8 N 0.049 0.075 0.182 0.062 0.009 0.043 0.06 0.054 0.026 0.025 0.037 0.168 0.013 0.017 0.024 0.061 0.044 0.005 0.016 0.03
9 L 0.077 0.032 0.034 0.032 0.017 0.025 0.036 0.043 0.015 0.072 0.211 0.039 0.032 0.038 0.022 0.125 0.057 0.006 0.02 0.069
10 K 0.083 0.073 0.047 0.045 0.013 0.043 0.061 0.054 0.02 0.028 0.042 0.169 0.015 0.018 0.028 0.139 0.06 0.005 0.017 0.037
11 I 0.085 0.027 0.06 0.07 0.015 0.021 0.036 0.039 0.013 0.139 0.095 0.035 0.024 0.029 0.02 0.068 0.07 0.005 0.017 0.133
12 S 0.081 0.083 0.045 0.042 0.013 0.038 0.054 0.052 0.018 0.029 0.042 0.138 0.015 0.018 0.026 0.169 0.078 0.005 0.016 0.038
13 I 0.047 0.018 0.015 0.018 0.016 0.013 0.018 0.021 0.009 0.271 0.168 0.024 0.037 0.044 0.015 0.025 0.04 0.006 0.021 0.177
14 E 0.055 0.05 0.04 0.09 0.007 0.064 0.296 0.035 0.026 0.022 0.037 0.076 0.013 0.017 0.026 0.055 0.037 0.006 0.017 0.031
15 N 0.043 0.045 0.317 0.083 0.009 0.034 0.049 0.065 0.032 0.022 0.032 0.054 0.011 0.018 0.02 0.07 0.049 0.004 0.016 0.027
16 K 0.057 0.107 0.042 0.042 0.009 0.054 0.071 0.043 0.021 0.028 0.043 0.278 0.016 0.016 0.028 0.054 0.04 0.005 0.017 0.033
17 S 0.11 0.04 0.054 0.049 0.018 0.033 0.052 0.066 0.019 0.03 0.042 0.054 0.016 0.021 0.03 0.22 0.082 0.005 0.018 0.042
18 Q 0.056 0.074 0.044 0.047 0.009 0.215 0.103 0.041 0.029 0.026 0.047 0.091 0.021 0.015 0.024 0.056 0.041 0.006 0.021 0.035
19 N 0.043 0.045 0.317 0.083 0.009 0.034 0.049 0.065 0.032 0.022 0.032 0.054 0.011 0.018 0.02 0.07 0.049 0.004 0.016 0.027
20 R 0.045 0.345 0.039 0.031 0.008 0.048 0.052 0.033 0.023 0.023 0.047 0.12 0.016 0.017 0.019 0.045 0.035 0.006 0.017 0.031
21 S 0.087 0.041 0.144 0.06 0.015 0.033 0.051 0.065 0.023 0.027 0.038 0.053 0.014 0.02 0.026 0.175 0.07 0.005 0.017 0.037
22 I 0.05 0.047 0.023 0.025 0.014 0.026 0.035 0.028 0.013 0.195 0.125 0.111 0.029 0.034 0.019 0.034 0.039 0.006 0.019 0.127
23 V 0.05 0.021 0.016 0.016 0.015 0.015 0.021 0.022 0.015 0.153 0.167 0.024 0.031 0.086 0.014 0.027 0.037 0.01 0.081 0.177
24 K 0.073 0.115 0.03 0.029 0.011 0.036 0.046 0.036 0.019 0.086 0.071 0.163 0.02 0.031 0.021 0.044 0.037 0.007 0.045 0.08
25 N 0.043 0.045 0.317 0.083 0.009 0.034 0.049 0.065 0.032 0.022 0.032 0.054 0.011 0.018 0.02 0.07 0.049 0.004 0.016 0.027
26 D 0.059 0.033 0.043 0.133 0.011 0.032 0.095 0.04 0.048 0.039 0.047 0.046 0.015 0.027 0.061 0.085 0.08 0.006 0.044 0.057
27 L 0.046 0.022 0.015 0.016 0.015 0.016 0.02 0.022 0.013 0.14 0.248 0.025 0.051 0.083 0.014 0.026 0.035 0.009 0.054 0.133
28 L 0.044 0.019 0.014 0.016 0.015 0.013 0.018 0.021 0.01 0.182 0.22 0.022 0.036 0.119 0.013 0.024 0.034 0.008 0.033 0.136
29 L 0.042 0.104 0.021 0.02 0.013 0.022 0.027 0.025 0.015 0.12 0.177 0.046 0.031 0.128 0.015 0.029 0.033 0.009 0.037 0.088
30 F 0.055 0.023 0.023 0.022 0.053 0.017 0.024 0.067 0.014 0.077 0.111 0.028 0.023 0.127 0.017 0.043 0.093 0.009 0.058 0.116
31 L 0.041 0.023 0.041 0.02 0.013 0.016 0.022 0.025 0.015 0.102 0.239 0.025 0.033 0.11 0.013 0.027 0.032 0.049 0.059 0.094
32 L 0.044 0.02 0.016 0.017 0.014 0.014 0.019 0.061 0.011 0.141 0.231 0.023 0.034 0.131 0.013 0.026 0.032 0.008 0.034 0.111
33 N 0.048 0.031 0.152 0.044 0.05 0.023 0.033 0.041 0.047 0.12 0.102 0.037 0.022 0.028 0.017 0.061 0.042 0.005 0.02 0.077
34 Y 0.039 0.025 0.044 0.022 0.01 0.018 0.025 0.026 0.03 0.09 0.11 0.028 0.023 0.143 0.014 0.03 0.03 0.018 0.211 0.066
35 L 0.057 0.025 0.022 0.022 0.095 0.019 0.025 0.032 0.013 0.076 0.198 0.029 0.056 0.099 0.016 0.064 0.041 0.008 0.03 0.071
36 V 0.06 0.022 0.016 0.018 0.017 0.017 0.022 0.024 0.009 0.182 0.147 0.026 0.057 0.039 0.016 0.031 0.044 0.006 0.021 0.225
37 L 0.057 0.025 0.022 0.021 0.054 0.018 0.025 0.029 0.011 0.106 0.259 0.029 0.035 0.04 0.017 0.067 0.06 0.006 0.019 0.101
38 F 0.05 0.024 0.023 0.022 0.013 0.017 0.025 0.03 0.014 0.086 0.162 0.028 0.042 0.2 0.015 0.067 0.056 0.01 0.046 0.07
39 F 0.039 0.022 0.02 0.023 0.01 0.017 0.044 0.063 0.019 0.082 0.107 0.026 0.023 0.256 0.013 0.029 0.027 0.014 0.105 0.061
40 L 0.043 0.022 0.014 0.015 0.015 0.015 0.019 0.021 0.011 0.135 0.287 0.023 0.053 0.105 0.013 0.025 0.033 0.008 0.03 0.113
41 L 0.05 0.022 0.019 0.019 0.014 0.015 0.021 0.064 0.011 0.137 0.213 0.026 0.033 0.099 0.015 0.04 0.054 0.007 0.029 0.11
42 L 0.108 0.024 0.021 0.023 0.016 0.018 0.027 0.037 0.011 0.154 0.198 0.031 0.032 0.037 0.019 0.071 0.044 0.006 0.019 0.104
43 A 0.29 0.031 0.026 0.03 0.022 0.026 0.04 0.078 0.015 0.043 0.059 0.045 0.018 0.022 0.03 0.085 0.05 0.005 0.018 0.069
44 A 0.29 0.031 0.026 0.03 0.022 0.026 0.04 0.078 0.015 0.043 0.059 0.045 0.018 0.022 0.03 0.085 0.05 0.005 0.018 0.069
45 I 0.047 0.018 0.015 0.018 0.016 0.013 0.018 0.021 0.009 0.271 0.168 0.024 0.037 0.044 0.015 0.025 0.04 0.006 0.021 0.177
46 F 0.034 0.019 0.016 0.016 0.011 0.012 0.019 0.023 0.017 0.083 0.143 0.02 0.027 0.328 0.011 0.024 0.026 0.015 0.093 0.064
47 A 0.148 0.028 0.029 0.029 0.016 0.021 0.034 0.05 0.015 0.067 0.098 0.036 0.021 0.117 0.022 0.115 0.049 0.008 0.033 0.064
48 Y 0.042 0.024 0.023 0.05 0.01 0.019 0.029 0.044 0.031 0.089 0.078 0.029 0.02 0.089 0.015 0.031 0.03 0.038 0.228 0.08
49 W 0.034 0.022 0.028 0.018 0.01 0.015 0.021 0.026 0.016 0.079 0.127 0.023 0.023 0.114 0.01 0.025 0.027 0.247 0.076 0.059
50 L 0.103 0.034 0.08 0.037 0.015 0.042 0.04 0.046 0.016 0.06 0.137 0.043 0.024 0.028 0.022 0.088 0.085 0.005 0.018 0.078
51 W 0.063 0.027 0.077 0.062 0.011 0.02 0.033 0.037 0.021 0.05 0.089 0.031 0.019 0.083 0.015 0.038 0.033 0.138 0.091 0.064
52 N 0.059 0.04 0.124 0.054 0.012 0.052 0.085 0.068 0.021 0.038 0.076 0.052 0.017 0.021 0.022 0.082 0.11 0.005 0.016 0.045
53 N 0.047 0.039 0.231 0.058 0.011 0.028 0.041 0.05 0.023 0.061 0.105 0.055 0.019 0.025 0.019 0.071 0.046 0.005 0.016 0.05
54 F 0.054 0.088 0.044 0.033 0.012 0.028 0.058 0.034 0.019 0.071 0.074 0.05 0.02 0.098 0.019 0.065 0.09 0.009 0.056 0.078
55 N 0.062 0.034 0.137 0.049 0.012 0.026 0.038 0.13 0.021 0.034 0.051 0.042 0.015 0.083 0.021 0.09 0.083 0.007 0.027 0.04
56 D 0.054 0.036 0.115 0.117 0.012 0.033 0.093 0.045 0.02 0.072 0.059 0.048 0.017 0.022 0.022 0.074 0.081 0.005 0.016 0.059
57 T 0.065 0.034 0.097 0.044 0.014 0.026 0.039 0.048 0.019 0.044 0.062 0.043 0.018 0.096 0.023 0.102 0.135 0.008 0.031 0.052
58 I 0.064 0.031 0.091 0.04 0.014 0.024 0.035 0.043 0.017 0.121 0.081 0.04 0.021 0.032 0.021 0.108 0.095 0.006 0.033 0.083
59 Y 0.043 0.03 0.091 0.049 0.011 0.04 0.036 0.033 0.024 0.097 0.107 0.036 0.023 0.085 0.016 0.038 0.036 0.011 0.108 0.086
60 S 0.075 0.027 0.032 0.03 0.015 0.022 0.033 0.082 0.016 0.12 0.084 0.036 0.022 0.036 0.02 0.127 0.054 0.007 0.045 0.115
61 N 0.078 0.04 0.144 0.062 0.01 0.038 0.117 0.05 0.056 0.026 0.038 0.053 0.013 0.027 0.022 0.091 0.045 0.007 0.047 0.033
62 N 0.06 0.034 0.141 0.053 0.011 0.029 0.064 0.089 0.02 0.049 0.046 0.046 0.014 0.019 0.105 0.09 0.067 0.004 0.015 0.044
63 W 0.033 0.024 0.017 0.016 0.008 0.017 0.024 0.026 0.029 0.035 0.057 0.025 0.016 0.09 0.011 0.025 0.024 0.273 0.21 0.036
64 E 0.127 0.04 0.062 0.054 0.013 0.055 0.136 0.089 0.02 0.029 0.042 0.056 0.014 0.018 0.025 0.095 0.064 0.005 0.016 0.041
65 L 0.049 0.053 0.054 0.064 0.011 0.029 0.062 0.034 0.019 0.073 0.118 0.082 0.022 0.066 0.018 0.055 0.038 0.028 0.05 0.074
66 I 0.045 0.022 0.067 0.026 0.014 0.016 0.023 0.027 0.013 0.174 0.164 0.027 0.03 0.097 0.014 0.031 0.037 0.007 0.029 0.138
67 I 0.045 0.018 0.014 0.016 0.015 0.013 0.018 0.02 0.009 0.254 0.214 0.023 0.037 0.043 0.014 0.024 0.037 0.006 0.02 0.16
68 F 0.068 0.028 0.034 0.031 0.013 0.021 0.034 0.043 0.017 0.044 0.073 0.035 0.019 0.206 0.02 0.14 0.069 0.01 0.047 0.047
69 P 0.078 0.054 0.024 0.027 0.013 0.022 0.033 0.036 0.013 0.091 0.067 0.042 0.017 0.021 0.27 0.059 0.04 0.004 0.015 0.073
70 W 0.036 0.021 0.014 0.015 0.012 0.014 0.02 0.024 0.011 0.119 0.186 0.022 0.029 0.052 0.011 0.022 0.028 0.244 0.041 0.079
71 I 0.112 0.026 0.027 0.027 0.017 0.021 0.031 0.042 0.012 0.147 0.098 0.035 0.025 0.03 0.021 0.108 0.053 0.005 0.018 0.145
72 I 0.046 0.019 0.017 0.018 0.053 0.013 0.019 0.023 0.01 0.194 0.139 0.023 0.03 0.126 0.014 0.03 0.054 0.008 0.033 0.132
73 L 0.078 0.024 0.025 0.024 0.015 0.018 0.026 0.111 0.012 0.103 0.193 0.03 0.029 0.065 0.018 0.064 0.058 0.007 0.023 0.079
74 L 0.07 0.03 0.032 0.03 0.016 0.023 0.033 0.04 0.013 0.069 0.215 0.037 0.03 0.035 0.021 0.126 0.089 0.006 0.019 0.067
75 L 0.042 0.021 0.014 0.016 0.015 0.015 0.019 0.021 0.01 0.167 0.293 0.024 0.054 0.077 0.013 0.024 0.033 0.007 0.025 0.111
76 S 0.11 0.04 0.054 0.049 0.018 0.033 0.052 0.066 0.019 0.03 0.042 0.054 0.016 0.021 0.03 0.22 0.082 0.005 0.018 0.042
77 L 0.053 0.022 0.021 0.021 0.053 0.016 0.022 0.067 0.011 0.112 0.18 0.026 0.029 0.11 0.016 0.051 0.056 0.008 0.03 0.098
78 I 0.046 0.02 0.016 0.017 0.014 0.015 0.02 0.022 0.018 0.159 0.14 0.024 0.029 0.118 0.014 0.027 0.034 0.012 0.108 0.148
79 Q 0.076 0.055 0.09 0.047 0.01 0.154 0.073 0.047 0.053 0.027 0.043 0.068 0.017 0.017 0.023 0.075 0.062 0.005 0.021 0.037
80 L 0.046 0.022 0.016 0.017 0.015 0.016 0.021 0.023 0.01 0.15 0.263 0.025 0.051 0.074 0.014 0.03 0.054 0.007 0.025 0.12
81 L 0.049 0.021 0.018 0.019 0.015 0.015 0.02 0.062 0.009 0.195 0.216 0.025 0.035 0.041 0.015 0.031 0.055 0.006 0.019 0.136
82 G 0.071 0.031 0.058 0.035 0.09 0.04 0.037 0.12 0.018 0.061 0.058 0.04 0.017 0.029 0.02 0.111 0.048 0.006 0.042 0.069
83 F 0.036 0.024 0.018 0.018 0.011 0.031 0.025 0.024 0.017 0.067 0.17 0.025 0.028 0.283 0.012 0.026 0.027 0.014 0.085 0.059
84 F 0.045 0.019 0.016 0.017 0.014 0.013 0.019 0.023 0.012 0.172 0.136 0.022 0.031 0.184 0.013 0.026 0.035 0.01 0.047 0.148
85 L 0.087 0.107 0.025 0.025 0.012 0.029 0.037 0.035 0.018 0.069 0.122 0.1 0.023 0.095 0.019 0.041 0.034 0.009 0.054 0.06
86 I 0.046 0.027 0.019 0.019 0.013 0.018 0.024 0.024 0.016 0.165 0.121 0.048 0.041 0.109 0.015 0.031 0.044 0.01 0.081 0.126
87 K 0.047 0.087 0.028 0.027 0.01 0.034 0.044 0.031 0.018 0.054 0.153 0.168 0.032 0.066 0.019 0.038 0.034 0.008 0.049 0.052
88 K 0.054 0.088 0.064 0.042 0.008 0.063 0.064 0.08 0.02 0.025 0.039 0.26 0.014 0.015 0.025 0.052 0.037 0.005 0.016 0.03
89 V 0.061 0.023 0.022 0.022 0.054 0.018 0.025 0.029 0.013 0.129 0.102 0.028 0.025 0.068 0.017 0.056 0.081 0.008 0.049 0.17
90 G 0.062 0.069 0.061 0.037 0.011 0.03 0.042 0.119 0.046 0.032 0.066 0.089 0.015 0.02 0.099 0.082 0.06 0.005 0.018 0.037
91 F 0.039 0.02 0.016 0.017 0.012 0.014 0.02 0.023 0.017 0.12 0.154 0.023 0.028 0.2 0.052 0.026 0.029 0.013 0.096 0.081
92 F 0.051 0.025 0.025 0.023 0.051 0.018 0.026 0.031 0.021 0.069 0.082 0.029 0.021 0.17 0.017 0.059 0.092 0.013 0.116 0.061
93 D 0.046 0.032 0.06 0.35 0.008 0.033 0.122 0.044 0.019 0.022 0.029 0.047 0.01 0.015 0.022 0.066 0.037 0.004 0.012 0.025
94 F 0.038 0.018 0.016 0.017 0.011 0.011 0.019 0.024 0.014 0.094 0.109 0.021 0.024 0.317 0.05 0.026 0.028 0.013 0.066 0.083
95 G 0.104 0.139 0.035 0.031 0.012 0.047 0.041 0.196 0.017 0.034 0.046 0.063 0.015 0.018 0.02 0.067 0.038 0.005 0.015 0.056
96 L 0.043 0.02 0.014 0.015 0.015 0.014 0.018 0.021 0.01 0.168 0.265 0.022 0.038 0.104 0.013 0.024 0.033 0.008 0.03 0.125
97 W 0.032 0.022 0.015 0.015 0.008 0.015 0.022 0.028 0.016 0.039 0.057 0.022 0.016 0.06 0.008 0.023 0.024 0.444 0.083 0.052
98 F 0.033 0.019 0.017 0.016 0.01 0.012 0.019 0.024 0.02 0.057 0.101 0.02 0.023 0.377 0.011 0.025 0.024 0.018 0.126 0.051
99 I 0.054 0.024 0.023 0.022 0.015 0.019 0.025 0.028 0.016 0.148 0.112 0.03 0.04 0.078 0.017 0.055 0.078 0.01 0.076 0.13
100 L 0.046 0.022 0.016 0.017 0.015 0.016 0.021 0.022 0.012 0.138 0.265 0.025 0.037 0.077 0.014 0.029 0.052 0.008 0.049 0.12
101 L 0.047 0.023 0.017 0.017 0.015 0.015 0.021 0.024 0.011 0.114 0.304 0.025 0.039 0.1 0.014 0.041 0.035 0.008 0.029 0.103
102 S 0.096 0.036 0.046 0.042 0.052 0.029 0.045 0.057 0.017 0.034 0.051 0.047 0.029 0.021 0.026 0.234 0.071 0.005 0.017 0.044
103 Y 0.039 0.055 0.095 0.032 0.009 0.024 0.033 0.033 0.06 0.055 0.063 0.039 0.017 0.102 0.016 0.038 0.032 0.016 0.195 0.047
104 L 0.05 0.022 0.016 0.017 0.086 0.016 0.021 0.025 0.01 0.107 0.267 0.026 0.048 0.04 0.051 0.036 0.036 0.006 0.019 0.1
105 F 0.032 0.018 0.016 0.016 0.01 0.01 0.018 0.024 0.016 0.06 0.107 0.018 0.024 0.424 0.01 0.024 0.024 0.016 0.083 0.052
106 L 0.046 0.027 0.018 0.018 0.015 0.023 0.024 0.025 0.014 0.11 0.21 0.03 0.162 0.073 0.014 0.031 0.036 0.008 0.026 0.09
107 F 0.032 0.018 0.016 0.016 0.01 0.01 0.018 0.024 0.016 0.06 0.107 0.018 0.024 0.424 0.01 0.024 0.024 0.016 0.083 0.052
108 G 0.074 0.022 0.037 0.032 0.01 0.018 0.024 0.539 0.013 0.018 0.027 0.032 0.009 0.015 0.018 0.048 0.028 0.005 0.01 0.023
109 R 0.04 0.144 0.083 0.035 0.008 0.05 0.045 0.035 0.085 0.029 0.05 0.064 0.016 0.074 0.017 0.042 0.032 0.011 0.106 0.033
110 V 0.054 0.019 0.015 0.016 0.017 0.014 0.019 0.021 0.008 0.209 0.181 0.024 0.034 0.039 0.015 0.027 0.041 0.006 0.02 0.222
111 F 0.033 0.02 0.017 0.016 0.009 0.013 0.02 0.024 0.022 0.053 0.093 0.021 0.022 0.326 0.011 0.025 0.024 0.057 0.145 0.048
112 L 0.047 0.023 0.017 0.017 0.015 0.015 0.021 0.024 0.011 0.114 0.295 0.025 0.038 0.104 0.014 0.042 0.035 0.008 0.03 0.104
113 K 0.054 0.053 0.081 0.046 0.011 0.036 0.089 0.038 0.018 0.101 0.071 0.128 0.019 0.023 0.021 0.062 0.042 0.005 0.017 0.083
114 V 0.145 0.027 0.023 0.025 0.016 0.037 0.032 0.119 0.012 0.113 0.087 0.035 0.022 0.026 0.02 0.049 0.042 0.005 0.017 0.148
115 F 0.034 0.019 0.016 0.016 0.011 0.012 0.019 0.023 0.017 0.081 0.123 0.02 0.032 0.342 0.011 0.025 0.026 0.015 0.095 0.063
116 N 0.043 0.041 0.218 0.181 0.008 0.031 0.058 0.091 0.024 0.021 0.029 0.067 0.01 0.016 0.02 0.058 0.04 0.004 0.013 0.025
117 L 0.045 0.057 0.018 0.018 0.014 0.022 0.026 0.023 0.014 0.093 0.289 0.055 0.051 0.05 0.015 0.028 0.033 0.008 0.046 0.094
118 D 0.072 0.049 0.095 0.143 0.009 0.056 0.107 0.047 0.05 0.024 0.036 0.095 0.013 0.017 0.023 0.071 0.04 0.005 0.018 0.031
119 T 0.067 0.035 0.068 0.078 0.013 0.032 0.089 0.083 0.017 0.035 0.046 0.048 0.015 0.019 0.024 0.102 0.16 0.005 0.015 0.047
120 N 0.08 0.035 0.11 0.051 0.013 0.031 0.084 0.047 0.019 0.056 0.057 0.047 0.017 0.052 0.022 0.094 0.103 0.006 0.021 0.054
121 L 0.044 0.021 0.014 0.015 0.015 0.014 0.019 0.02 0.009 0.175 0.312 0.023 0.042 0.047 0.014 0.024 0.034 0.006 0.02 0.131
122 L 0.068 0.022 0.018 0.019 0.014 0.015 0.023 0.029 0.013 0.114 0.207 0.026 0.032 0.167 0.015 0.048 0.035 0.009 0.041 0.084
123 W 0.034 0.023 0.017 0.017 0.008 0.016 0.024 0.031 0.015 0.028 0.049 0.024 0.014 0.054 0.009 0.04 0.026 0.482 0.061 0.029
124 N 0.052 0.04 0.168 0.145 0.009 0.064 0.06 0.127 0.023 0.022 0.031 0.051 0.012 0.016 0.02 0.073 0.042 0.004 0.014 0.027
125 P 0.049 0.023 0.018 0.023 0.012 0.017 0.028 0.028 0.011 0.061 0.158 0.032 0.023 0.029 0.288 0.033 0.033 0.044 0.019 0.07
126 G 0.078 0.025 0.026 0.029 0.014 0.022 0.049 0.149 0.013 0.111 0.121 0.033 0.051 0.061 0.018 0.056 0.037 0.007 0.022 0.078
127 I 0.051 0.032 0.054 0.06 0.013 0.023 0.036 0.033 0.043 0.139 0.1 0.055 0.037 0.061 0.018 0.057 0.059 0.006 0.026 0.096
128 R 0.041 0.164 0.053 0.028 0.009 0.03 0.036 0.031 0.028 0.036 0.06 0.062 0.017 0.112 0.017 0.041 0.05 0.013 0.132 0.04
129 F 0.036 0.024 0.021 0.018 0.009 0.018 0.025 0.025 0.06 0.047 0.079 0.026 0.02 0.231 0.013 0.028 0.025 0.021 0.229 0.045
130 P 0.073 0.034 0.04 0.041 0.013 0.029 0.065 0.045 0.045 0.031 0.042 0.047 0.014 0.019 0.16 0.13 0.108 0.005 0.018 0.041
131 R 0.05 0.124 0.064 0.099 0.009 0.077 0.061 0.039 0.02 0.046 0.047 0.088 0.015 0.017 0.079 0.063 0.039 0.005 0.016 0.04
132 D 0.053 0.034 0.061 0.103 0.011 0.047 0.091 0.075 0.02 0.077 0.086 0.045 0.019 0.031 0.02 0.063 0.058 0.007 0.042 0.058
133 L 0.066 0.032 0.102 0.074 0.012 0.028 0.082 0.038 0.018 0.061 0.195 0.041 0.027 0.032 0.019 0.046 0.047 0.005 0.017 0.058
134 L 0.044 0.03 0.016 0.017 0.015 0.02 0.024 0.023 0.011 0.1 0.349 0.048 0.069 0.048 0.015 0.027 0.033 0.007 0.021 0.085
135 F 0.041 0.022 0.02 0.019 0.011 0.015 0.023 0.026 0.024 0.075 0.116 0.025 0.024 0.242 0.013 0.044 0.03 0.017 0.153 0.06
136 K 0.044 0.112 0.097 0.045 0.008 0.04 0.072 0.04 0.05 0.026 0.044 0.15 0.014 0.051 0.02 0.047 0.035 0.046 0.028 0.03
137 S 0.126 0.032 0.04 0.037 0.016 0.026 0.04 0.131 0.015 0.042 0.05 0.043 0.016 0.021 0.025 0.158 0.095 0.005 0.016 0.066
138 S 0.123 0.032 0.038 0.035 0.054 0.026 0.04 0.092 0.02 0.032 0.047 0.042 0.015 0.035 0.024 0.167 0.058 0.008 0.068 0.044
139 L 0.045 0.024 0.017 0.017 0.015 0.017 0.022 0.022 0.041 0.12 0.292 0.026 0.038 0.052 0.014 0.026 0.033 0.008 0.049 0.122
140 F 0.034 0.021 0.018 0.017 0.009 0.014 0.021 0.024 0.028 0.052 0.089 0.023 0.021 0.296 0.012 0.026 0.025 0.02 0.2 0.048
141 A 0.151 0.026 0.026 0.027 0.018 0.021 0.032 0.047 0.012 0.127 0.091 0.035 0.023 0.028 0.022 0.099 0.052 0.005 0.018 0.139
142 L 0.043 0.021 0.014 0.015 0.015 0.014 0.018 0.02 0.009 0.172 0.334 0.023 0.043 0.048 0.014 0.023 0.033 0.006 0.02 0.114
143 C 0.081 0.025 0.02 0.021 0.207 0.035 0.028 0.033 0.011 0.072 0.148 0.03 0.025 0.029 0.017 0.055 0.04 0.005 0.016 0.1
144 C 0.065 0.024 0.026 0.024 0.167 0.019 0.027 0.074 0.019 0.047 0.063 0.03 0.017 0.075 0.018 0.088 0.042 0.01 0.099 0.065
145 L 0.047 0.024 0.019 0.019 0.015 0.017 0.023 0.024 0.039 0.159 0.276 0.027 0.038 0.044 0.015 0.043 0.036 0.006 0.023 0.105
146 Q 0.057 0.049 0.065 0.045 0.011 0.12 0.085 0.041 0.053 0.031 0.047 0.062 0.017 0.026 0.022 0.075 0.098 0.007 0.047 0.04
147 F 0.12 0.026 0.024 0.024 0.053 0.02 0.029 0.042 0.016 0.061 0.109 0.032 0.036 0.126 0.019 0.077 0.042 0.009 0.059 0.078
148 F 0.039 0.018 0.015 0.016 0.013 0.012 0.017 0.021 0.011 0.185 0.178 0.021 0.032 0.19 0.012 0.024 0.031 0.01 0.044 0.111
149 F 0.062 0.03 0.056 0.033 0.051 0.039 0.036 0.08 0.017 0.043 0.089 0.037 0.02 0.145 0.018 0.107 0.045 0.008 0.037 0.045
150 F 0.04 0.02 0.016 0.016 0.013 0.013 0.019 0.023 0.012 0.124 0.182 0.022 0.031 0.19 0.012 0.026 0.04 0.05 0.048 0.102
151 G 0.071 0.021 0.033 0.029 0.011 0.017 0.023 0.459 0.012 0.051 0.044 0.03 0.012 0.019 0.017 0.045 0.03 0.005 0.012 0.056
152 Y 0.037 0.024 0.044 0.021 0.01 0.017 0.024 0.026 0.029 0.073 0.121 0.027 0.023 0.181 0.014 0.029 0.029 0.018 0.193 0.059
153 L 0.047 0.022 0.043 0.022 0.014 0.016 0.022 0.026 0.012 0.16 0.186 0.026 0.032 0.098 0.015 0.033 0.056 0.007 0.029 0.135
154 L 0.048 0.022 0.018 0.018 0.053 0.016 0.021 0.026 0.012 0.104 0.227 0.025 0.047 0.13 0.014 0.045 0.036 0.008 0.034 0.097
155 F 0.048 0.031 0.049 0.027 0.011 0.021 0.03 0.085 0.047 0.057 0.074 0.05 0.019 0.155 0.016 0.039 0.05 0.012 0.099 0.08
156 Y 0.06 0.033 0.06 0.063 0.012 0.034 0.041 0.076 0.038 0.038 0.074 0.041 0.017 0.051 0.02 0.095 0.078 0.011 0.115 0.044
157 D 0.055 0.057 0.092 0.157 0.01 0.036 0.063 0.046 0.019 0.033 0.041 0.143 0.013 0.017 0.023 0.082 0.044 0.004 0.015 0.049
158 S 0.059 0.064 0.035 0.063 0.012 0.03 0.062 0.073 0.017 0.076 0.075 0.083 0.032 0.08 0.02 0.087 0.042 0.007 0.026 0.058
159 N 0.076 0.042 0.188 0.066 0.013 0.033 0.051 0.065 0.025 0.026 0.036 0.054 0.013 0.019 0.025 0.147 0.065 0.005 0.016 0.034
160 K 0.056 0.096 0.061 0.045 0.01 0.044 0.087 0.041 0.02 0.033 0.068 0.194 0.017 0.019 0.024 0.068 0.059 0.005 0.017 0.038
161 I 0.054 0.094 0.029 0.04 0.012 0.035 0.109 0.031 0.016 0.129 0.086 0.077 0.022 0.026 0.02 0.057 0.04 0.005 0.018 0.1
162 Q 0.056 0.074 0.044 0.047 0.009 0.215 0.103 0.041 0.029 0.026 0.047 0.091 0.021 0.015 0.024 0.056 0.041 0.006 0.021 0.035
163 S 0.11 0.04 0.054 0.049 0.018 0.033 0.052 0.066 0.019 0.03 0.042 0.054 0.016 0.021 0.03 0.22 0.082 0.005 0.018 0.042
164 N 0.043 0.045 0.317 0.083 0.009 0.034 0.049 0.065 0.032 0.022 0.032 0.054 0.011 0.018 0.02 0.07 0.049 0.004 0.016 0.027
165 K 0.057 0.107 0.042 0.042 0.009 0.054 0.071 0.043 0.021 0.028 0.043 0.278 0.016 0.016 0.028 0.054 0.04 0.005 0.017 0.033
166 K 0.057 0.054 0.032 0.037 0.012 0.074 0.077 0.034 0.017 0.115 0.081 0.122 0.022 0.024 0.021 0.061 0.042 0.005 0.018 0.094
167 R 0.05 0.099 0.036 0.04 0.009 0.072 0.096 0.034 0.079 0.069 0.06 0.082 0.018 0.03 0.02 0.059 0.037 0.007 0.049 0.052
168 N 0.053 0.047 0.117 0.086 0.011 0.031 0.048 0.044 0.022 0.043 0.075 0.1 0.017 0.057 0.02 0.078 0.043 0.007 0.045 0.057
169 S 0.082 0.057 0.049 0.048 0.013 0.126 0.077 0.053 0.024 0.028 0.044 0.072 0.018 0.018 0.026 0.14 0.061 0.006 0.019 0.038
170 K 0.057 0.107 0.042 0.042 0.009 0.054 0.071 0.043 0.021 0.028 0.043 0.278 0.016 0.016 0.028 0.054 0.04 0.005 0.017 0.033
171 K 0.057 0.107 0.042 0.042 0.009 0.054 0.071 0.043 0.021 0.028 0.043 0.278 0.016 0.016 0.028 0.054 0.04 0.005 0.017 0.033
172 L 0.052 0.032 0.02 0.02 0.016 0.028 0.028 0.028 0.016 0.1 0.197 0.036 0.161 0.048 0.016 0.036 0.04 0.008 0.024 0.092
173 T 0.073 0.036 0.043 0.038 0.018 0.028 0.039 0.043 0.014 0.053 0.065 0.045 0.02 0.024 0.028 0.093 0.246 0.006 0.018 0.071
174 F 0.038 0.032 0.168 0.05 0.01 0.022 0.034 0.045 0.024 0.043 0.073 0.036 0.018 0.203 0.015 0.047 0.037 0.011 0.052 0.041
175 T 0.073 0.036 0.043 0.038 0.018 0.028 0.039 0.043 0.014 0.053 0.065 0.045 0.02 0.024 0.028 0.093 0.246 0.006 0.018 0.071
176 F 0.034 0.019 0.017 0.017 0.011 0.011 0.019 0.025 0.017 0.063 0.114 0.019 0.025 0.387 0.011 0.025 0.025 0.017 0.089 0.055
177 T 0.073 0.036 0.043 0.038 0.018 0.028 0.039 0.043 0.014 0.053 0.065 0.045 0.02 0.024 0.028 0.093 0.246 0.006 0.018 0.071
178 N 0.043 0.045 0.317 0.083 0.009 0.034 0.049 0.065 0.032 0.022 0.032 0.054 0.011 0.018 0.02 0.07 0.049 0.004 0.016 0.027
179 K 0.057 0.107 0.042 0.042 0.009 0.054 0.071 0.043 0.021 0.028 0.043 0.278 0.016 0.016 0.028 0.054 0.04 0.005 0.017 0.033
180 F 0.049 0.042 0.108 0.099 0.01 0.029 0.049 0.044 0.061 0.032 0.051 0.08 0.015 0.109 0.019 0.077 0.04 0.008 0.046 0.034
181 L 0.04 0.021 0.015 0.016 0.014 0.013 0.019 0.022 0.012 0.125 0.26 0.022 0.038 0.168 0.013 0.024 0.031 0.01 0.043 0.093
182 G 0.059 0.035 0.083 0.043 0.011 0.044 0.062 0.113 0.072 0.057 0.056 0.044 0.017 0.051 0.02 0.079 0.059 0.006 0.026 0.063
183 G 0.078 0.023 0.039 0.034 0.011 0.019 0.026 0.509 0.014 0.019 0.028 0.034 0.009 0.016 0.019 0.051 0.03 0.005 0.011 0.024
184 S 0.11 0.04 0.054 0.049 0.018 0.033 0.053 0.066 0.019 0.03 0.042 0.054 0.016 0.021 0.03 0.218 0.082 0.005 0.018 0.042
185 D 0.041 0.03 0.069 0.396 0.008 0.03 0.092 0.047 0.019 0.022 0.028 0.045 0.009 0.015 0.022 0.052 0.035 0.004 0.011 0.024
186 I 0.047 0.018 0.015 0.018 0.016 0.013 0.018 0.021 0.009 0.269 0.168 0.024 0.037 0.044 0.015 0.025 0.04 0.006 0.021 0.177
187 E 0.053 0.062 0.085 0.087 0.008 0.043 0.154 0.077 0.022 0.023 0.036 0.105 0.012 0.019 0.022 0.066 0.038 0.042 0.018 0.029
188 I 0.043 0.025 0.089 0.03 0.013 0.018 0.025 0.03 0.019 0.154 0.147 0.029 0.028 0.076 0.015 0.034 0.037 0.009 0.072 0.11
189 C 0.06 0.045 0.03 0.032 0.247 0.114 0.059 0.037 0.019 0.036 0.056 0.056 0.018 0.017 0.02 0.048 0.039 0.005 0.016 0.046
190 N 0.043 0.045 0.315 0.083 0.009 0.034 0.05 0.065 0.032 0.023 0.032 0.054 0.011 0.018 0.02 0.07 0.05 0.005 0.016 0.027
191 T 0.06 0.07 0.083 0.041 0.011 0.047 0.047 0.079 0.021 0.031 0.045 0.09 0.015 0.028 0.022 0.087 0.096 0.044 0.044 0.039
192 K 0.053 0.052 0.104 0.05 0.01 0.053 0.091 0.041 0.025 0.043 0.049 0.109 0.016 0.033 0.022 0.067 0.059 0.008 0.065 0.05
193 S 0.11 0.04 0.054 0.049 0.018 0.033 0.052 0.066 0.019 0.03 0.042 0.054 0.016 0.021 0.03 0.22 0.082 0.005 0.018 0.042
194 E 0.07 0.051 0.092 0.121 0.009 0.041 0.138 0.044 0.022 0.027 0.042 0.107 0.013 0.049 0.022 0.054 0.037 0.006 0.021 0.033
195 K 0.053 0.071 0.115 0.053 0.01 0.041 0.097 0.043 0.022 0.053 0.059 0.131 0.031 0.021 0.022 0.068 0.043 0.005 0.017 0.046
196 L 0.056 0.036 0.067 0.037 0.013 0.027 0.058 0.036 0.016 0.104 0.139 0.061 0.04 0.031 0.04 0.068 0.054 0.005 0.018 0.093
197 D 0.041 0.03 0.069 0.397 0.008 0.03 0.091 0.047 0.019 0.022 0.028 0.045 0.009 0.015 0.022 0.052 0.035 0.004 0.011 0.024
198 N 0.052 0.069 0.16 0.142 0.009 0.052 0.081 0.05 0.024 0.023 0.033 0.077 0.012 0.016 0.022 0.086 0.045 0.004 0.015 0.028
199 K 0.056 0.072 0.106 0.071 0.011 0.033 0.048 0.044 0.021 0.057 0.055 0.107 0.016 0.027 0.021 0.082 0.062 0.006 0.041 0.064
200 L 0.049 0.066 0.077 0.034 0.011 0.029 0.039 0.035 0.072 0.088 0.116 0.081 0.023 0.036 0.018 0.055 0.038 0.007 0.047 0.078
201 L 0.049 0.035 0.019 0.02 0.014 0.024 0.028 0.025 0.013 0.133 0.202 0.07 0.097 0.04 0.016 0.032 0.037 0.006 0.02 0.118
202 F 0.04 0.041 0.024 0.026 0.009 0.026 0.055 0.028 0.028 0.042 0.071 0.091 0.019 0.189 0.016 0.034 0.028 0.017 0.173 0.043
203 N 0.051 0.088 0.126 0.045 0.011 0.034 0.046 0.043 0.02 0.057 0.084 0.119 0.032 0.023 0.021 0.067 0.06 0.005 0.017 0.05
204 V 0.117 0.023 0.021 0.022 0.053 0.018 0.026 0.036 0.012 0.134 0.098 0.03 0.024 0.036 0.019 0.048 0.077 0.007 0.042 0.155
205 G 0.074 0.022 0.037 0.032 0.01 0.018 0.024 0.54 0.013 0.018 0.027 0.032 0.009 0.015 0.018 0.048 0.028 0.005 0.01 0.023
206 L 0.043 0.046 0.016 0.017 0.049 0.016 0.021 0.023 0.014 0.128 0.192 0.029 0.031 0.102 0.013 0.026 0.032 0.046 0.056 0.102
207 I 0.053 0.02 0.017 0.018 0.016 0.015 0.021 0.024 0.01 0.201 0.172 0.025 0.033 0.066 0.015 0.043 0.041 0.006 0.024 0.18
208 L 0.043 0.021 0.014 0.016 0.015 0.015 0.018 0.02 0.009 0.196 0.288 0.024 0.053 0.047 0.014 0.024 0.034 0.006 0.02 0.122
209 L 0.047 0.024 0.019 0.019 0.014 0.017 0.023 0.025 0.016 0.086 0.198 0.026 0.037 0.135 0.015 0.035 0.069 0.011 0.082 0.104
210 L 0.045 0.02 0.016 0.017 0.014 0.015 0.019 0.058 0.01 0.186 0.232 0.024 0.042 0.044 0.014 0.025 0.034 0.043 0.023 0.121
211 I 0.046 0.018 0.015 0.016 0.05 0.013 0.018 0.022 0.01 0.183 0.17 0.022 0.032 0.122 0.013 0.026 0.035 0.008 0.033 0.149
212 G 0.082 0.027 0.04 0.036 0.013 0.022 0.032 0.332 0.014 0.043 0.04 0.038 0.013 0.019 0.021 0.125 0.046 0.005 0.013 0.039
213 F 0.064 0.022 0.019 0.019 0.013 0.015 0.022 0.047 0.013 0.088 0.198 0.025 0.03 0.205 0.014 0.046 0.033 0.01 0.047 0.071
214 P 0.054 0.022 0.022 0.025 0.012 0.017 0.027 0.067 0.012 0.101 0.077 0.032 0.019 0.08 0.233 0.051 0.037 0.006 0.025 0.082
215 F 0.059 0.024 0.027 0.025 0.121 0.017 0.027 0.036 0.014 0.048 0.076 0.029 0.019 0.193 0.017 0.088 0.076 0.009 0.044 0.052
216 R 0.071 0.2 0.083 0.04 0.01 0.041 0.051 0.043 0.021 0.026 0.043 0.134 0.014 0.017 0.022 0.069 0.058 0.005 0.016 0.035
217 L 0.048 0.022 0.014 0.016 0.016 0.015 0.02 0.021 0.009 0.162 0.28 0.024 0.052 0.045 0.014 0.025 0.036 0.006 0.02 0.154
218 L 0.041 0.022 0.017 0.017 0.012 0.016 0.021 0.022 0.021 0.125 0.156 0.025 0.041 0.148 0.013 0.026 0.031 0.014 0.131 0.101
219 L 0.057 0.031 0.098 0.041 0.014 0.026 0.054 0.038 0.016 0.1 0.107 0.039 0.036 0.029 0.02 0.067 0.097 0.005 0.018 0.106
220 D 0.054 0.03 0.056 0.292 0.01 0.027 0.07 0.046 0.018 0.026 0.037 0.042 0.012 0.049 0.022 0.101 0.043 0.006 0.03 0.03
221 L 0.05 0.024 0.021 0.021 0.013 0.018 0.025 0.028 0.019 0.134 0.152 0.028 0.041 0.112 0.015 0.06 0.038 0.012 0.101 0.089
222 K 0.05 0.083 0.056 0.036 0.01 0.083 0.055 0.036 0.022 0.059 0.061 0.132 0.019 0.045 0.021 0.047 0.055 0.008 0.056 0.065
223 V 0.078 0.026 0.05 0.056 0.015 0.02 0.033 0.036 0.012 0.117 0.089 0.033 0.023 0.03 0.019 0.061 0.08 0.042 0.021 0.158
224 V 0.075 0.02 0.015 0.017 0.017 0.015 0.021 0.025 0.008 0.201 0.151 0.025 0.032 0.037 0.016 0.031 0.042 0.005 0.019 0.227
225 L 0.072 0.067 0.05 0.029 0.014 0.023 0.031 0.071 0.014 0.096 0.125 0.051 0.024 0.057 0.019 0.049 0.091 0.006 0.022 0.089
226 A 0.166 0.035 0.031 0.032 0.017 0.058 0.045 0.053 0.015 0.072 0.068 0.046 0.02 0.023 0.024 0.106 0.069 0.005 0.017 0.098
227 T 0.142 0.028 0.029 0.028 0.018 0.022 0.033 0.045 0.012 0.089 0.08 0.037 0.021 0.025 0.023 0.068 0.151 0.005 0.017 0.126
228 Q 0.051 0.128 0.038 0.037 0.009 0.164 0.072 0.037 0.026 0.028 0.05 0.08 0.018 0.052 0.02 0.062 0.038 0.008 0.047 0.035
229 S 0.125 0.06 0.062 0.039 0.016 0.03 0.043 0.055 0.018 0.04 0.064 0.051 0.043 0.023 0.025 0.157 0.076 0.005 0.017 0.051
230 A 0.164 0.03 0.052 0.032 0.017 0.024 0.036 0.053 0.014 0.078 0.093 0.039 0.021 0.026 0.023 0.104 0.069 0.005 0.017 0.101
231 G 0.068 0.027 0.107 0.043 0.01 0.022 0.031 0.403 0.017 0.019 0.028 0.037 0.01 0.016 0.019 0.068 0.035 0.005 0.012 0.025
232 S 0.092 0.035 0.046 0.041 0.016 0.029 0.044 0.091 0.017 0.035 0.052 0.047 0.029 0.022 0.026 0.209 0.101 0.005 0.016 0.045
233 Y 0.038 0.026 0.02 0.018 0.009 0.02 0.026 0.023 0.044 0.041 0.064 0.029 0.018 0.123 0.015 0.029 0.026 0.026 0.359 0.044
234 S 0.076 0.036 0.04 0.036 0.015 0.043 0.043 0.045 0.02 0.046 0.056 0.046 0.018 0.036 0.024 0.143 0.134 0.008 0.066 0.068
235 A 0.189 0.031 0.069 0.039 0.016 0.025 0.039 0.169 0.016 0.03 0.043 0.043 0.014 0.019 0.025 0.118 0.05 0.005 0.015 0.045
236 Y 0.04 0.023 0.017 0.017 0.012 0.017 0.022 0.022 0.027 0.116 0.162 0.026 0.028 0.112 0.014 0.026 0.03 0.017 0.194 0.081
237 A 0.18 0.035 0.041 0.039 0.018 0.029 0.045 0.066 0.016 0.036 0.05 0.048 0.016 0.021 0.028 0.165 0.092 0.005 0.017 0.054
238 N 0.064 0.04 0.121 0.11 0.011 0.039 0.12 0.051 0.022 0.027 0.038 0.055 0.013 0.018 0.024 0.109 0.079 0.005 0.016 0.036
239 A 0.182 0.026 0.021 0.024 0.02 0.021 0.032 0.051 0.011 0.103 0.094 0.035 0.024 0.028 0.023 0.059 0.049 0.005 0.019 0.171
240 A 0.199 0.033 0.029 0.034 0.017 0.043 0.062 0.055 0.015 0.066 0.065 0.045 0.019 0.022 0.025 0.083 0.082 0.005 0.017 0.083
241 T 0.094 0.03 0.036 0.036 0.016 0.026 0.056 0.115 0.014 0.06 0.062 0.041 0.018 0.022 0.023 0.105 0.12 0.005 0.016 0.105
242 S 0.095 0.062 0.038 0.036 0.015 0.029 0.042 0.048 0.016 0.057 0.079 0.068 0.019 0.023 0.06 0.146 0.09 0.005 0.017 0.056
243 S 0.08 0.035 0.087 0.044 0.015 0.028 0.042 0.052 0.017 0.061 0.057 0.045 0.017 0.022 0.024 0.166 0.114 0.005 0.017 0.072
244 G 0.074 0.022 0.037 0.032 0.01 0.018 0.024 0.54 0.013 0.018 0.027 0.032 0.009 0.015 0.018 0.048 0.028 0.005 0.01 0.023
245 L 0.047 0.021 0.015 0.017 0.015 0.015 0.02 0.022 0.01 0.178 0.215 0.025 0.047 0.069 0.05 0.026 0.036 0.006 0.024 0.142
246 L 0.08 0.025 0.024 0.024 0.016 0.02 0.027 0.034 0.011 0.148 0.153 0.032 0.042 0.035 0.019 0.073 0.081 0.006 0.019 0.131
247 D 0.106 0.041 0.049 0.241 0.01 0.035 0.109 0.048 0.018 0.026 0.036 0.086 0.012 0.016 0.024 0.056 0.037 0.004 0.013 0.034
248 D 0.047 0.031 0.059 0.321 0.009 0.029 0.074 0.044 0.044 0.026 0.033 0.043 0.011 0.017 0.022 0.069 0.073 0.004 0.015 0.03
249 F 0.036 0.019 0.015 0.016 0.012 0.011 0.018 0.022 0.013 0.107 0.18 0.02 0.03 0.29 0.011 0.024 0.027 0.012 0.061 0.076
250 A 0.263 0.029 0.03 0.031 0.018 0.024 0.038 0.139 0.014 0.035 0.049 0.042 0.015 0.019 0.026 0.102 0.048 0.005 0.016 0.055
251 L 0.047 0.034 0.024 0.024 0.012 0.071 0.039 0.027 0.024 0.099 0.136 0.04 0.039 0.059 0.017 0.037 0.053 0.012 0.117 0.09
252 L 0.042 0.023 0.014 0.015 0.015 0.016 0.019 0.02 0.01 0.115 0.388 0.024 0.058 0.051 0.013 0.024 0.032 0.007 0.021 0.093
253 L 0.047 0.024 0.019 0.019 0.014 0.018 0.023 0.025 0.012 0.119 0.191 0.027 0.07 0.123 0.015 0.035 0.07 0.008 0.034 0.105
254 V 0.053 0.02 0.014 0.016 0.016 0.014 0.019 0.021 0.008 0.202 0.197 0.024 0.035 0.04 0.014 0.027 0.04 0.006 0.02 0.213
255 P 0.053 0.024 0.022 0.029 0.01 0.019 0.034 0.034 0.012 0.024 0.034 0.039 0.01 0.012 0.524 0.041 0.034 0.002 0.012 0.029
256 G 0.098 0.026 0.039 0.034 0.012 0.021 0.03 0.404 0.014 0.022 0.031 0.036 0.011 0.017 0.021 0.097 0.04 0.005 0.012 0.029
257 L 0.058 0.022 0.019 0.02 0.016 0.017 0.023 0.027 0.01 0.184 0.186 0.027 0.033 0.038 0.016 0.06 0.044 0.006 0.019 0.174
258 F 0.046 0.02 0.017 0.018 0.014 0.013 0.02 0.023 0.011 0.156 0.143 0.023 0.029 0.176 0.014 0.03 0.052 0.009 0.042 0.144
259 F 0.063 0.023 0.019 0.019 0.012 0.016 0.023 0.029 0.02 0.081 0.159 0.026 0.027 0.195 0.015 0.046 0.032 0.014 0.115 0.066
260 L 0.047 0.02 0.014 0.016 0.016 0.015 0.019 0.021 0.009 0.203 0.246 0.024 0.051 0.044 0.014 0.025 0.037 0.006 0.02 0.154
261 L 0.041 0.02 0.014 0.015 0.014 0.014 0.018 0.02 0.01 0.161 0.297 0.022 0.04 0.102 0.013 0.023 0.032 0.008 0.029 0.106
262 C 0.088 0.026 0.091 0.031 0.12 0.019 0.028 0.04 0.02 0.061 0.071 0.031 0.018 0.094 0.017 0.045 0.037 0.009 0.074 0.079
263 S 0.136 0.036 0.047 0.043 0.017 0.03 0.048 0.064 0.017 0.03 0.042 0.05 0.015 0.02 0.028 0.241 0.073 0.005 0.016 0.043
264 G 0.058 0.097 0.064 0.071 0.01 0.068 0.075 0.149 0.02 0.024 0.038 0.1 0.013 0.016 0.022 0.068 0.056 0.005 0.015 0.031
265 K 0.052 0.073 0.06 0.042 0.066 0.067 0.08 0.039 0.022 0.028 0.044 0.196 0.015 0.024 0.023 0.049 0.037 0.006 0.042 0.034
266 L 0.043 0.064 0.021 0.021 0.011 0.024 0.032 0.027 0.016 0.096 0.161 0.093 0.027 0.071 0.015 0.031 0.032 0.082 0.054 0.077
267 N 0.058 0.05 0.13 0.051 0.011 0.035 0.068 0.047 0.048 0.066 0.053 0.106 0.016 0.021 0.022 0.097 0.047 0.005 0.019 0.05
268 K 0.049 0.163 0.059 0.04 0.009 0.044 0.074 0.037 0.02 0.032 0.068 0.184 0.017 0.018 0.022 0.05 0.054 0.005 0.016 0.037
269 R 0.053 0.142 0.106 0.044 0.01 0.055 0.053 0.043 0.021 0.035 0.046 0.134 0.015 0.018 0.022 0.068 0.06 0.005 0.016 0.053
270 T 0.064 0.043 0.033 0.032 0.015 0.028 0.039 0.037 0.014 0.116 0.082 0.097 0.022 0.026 0.022 0.085 0.126 0.005 0.017 0.098
271 K 0.132 0.058 0.103 0.047 0.012 0.037 0.071 0.09 0.02 0.028 0.041 0.145 0.014 0.017 0.024 0.062 0.041 0.005 0.015 0.039
272 K 0.047 0.126 0.077 0.036 0.01 0.035 0.044 0.036 0.019 0.06 0.091 0.133 0.033 0.052 0.02 0.046 0.055 0.006 0.022 0.052
273 L 0.045 0.024 0.014 0.015 0.016 0.016 0.02 0.021 0.01 0.115 0.375 0.025 0.05 0.055 0.014 0.024 0.033 0.007 0.022 0.096
274 L 0.05 0.022 0.021 0.021 0.015 0.016 0.023 0.027 0.011 0.16 0.178 0.027 0.031 0.094 0.016 0.05 0.073 0.026 0.03 0.111
275 L 0.043 0.02 0.014 0.016 0.015 0.013 0.018 0.021 0.01 0.186 0.248 0.022 0.037 0.099 0.013 0.024 0.034 0.007 0.029 0.13
276 F 0.066 0.022 0.019 0.019 0.014 0.015 0.023 0.029 0.012 0.099 0.168 0.026 0.029 0.175 0.015 0.038 0.07 0.009 0.042 0.109
277 L 0.055 0.025 0.024 0.023 0.013 0.018 0.026 0.066 0.017 0.1 0.152 0.03 0.026 0.077 0.016 0.066 0.056 0.046 0.075 0.089
278 L 0.068 0.022 0.019 0.02 0.051 0.016 0.022 0.064 0.01 0.13 0.169 0.026 0.03 0.063 0.016 0.048 0.04 0.006 0.023 0.158
279 I 0.063 0.026 0.028 0.026 0.016 0.02 0.029 0.033 0.012 0.136 0.105 0.033 0.038 0.059 0.019 0.079 0.117 0.006 0.023 0.132
280 L 0.05 0.021 0.017 0.018 0.051 0.015 0.02 0.024 0.009 0.19 0.231 0.025 0.036 0.041 0.015 0.042 0.038 0.006 0.019 0.132
281 L 0.071 0.022 0.02 0.02 0.068 0.016 0.023 0.03 0.011 0.116 0.166 0.026 0.029 0.118 0.016 0.052 0.055 0.008 0.032 0.1
282 Y 0.038 0.024 0.019 0.017 0.01 0.018 0.024 0.023 0.035 0.068 0.102 0.027 0.022 0.155 0.014 0.028 0.027 0.022 0.272 0.057
283 F 0.041 0.024 0.067 0.026 0.012 0.016 0.024 0.031 0.016 0.066 0.179 0.027 0.028 0.231 0.013 0.047 0.033 0.011 0.051 0.058
284 V 0.072 0.02 0.015 0.017 0.017 0.015 0.021 0.025 0.009 0.194 0.193 0.025 0.034 0.039 0.015 0.03 0.04 0.006 0.019 0.195
285 L 0.07 0.022 0.019 0.019 0.051 0.016 0.022 0.028 0.011 0.134 0.172 0.026 0.03 0.091 0.016 0.039 0.072 0.007 0.028 0.125
286 I 0.046 0.023 0.019 0.023 0.013 0.019 0.044 0.024 0.016 0.158 0.139 0.029 0.041 0.105 0.015 0.032 0.052 0.01 0.077 0.115
287 M 0.049 0.03 0.019 0.019 0.015 0.026 0.026 0.026 0.015 0.094 0.185 0.034 0.212 0.045 0.015 0.034 0.038 0.008 0.023 0.087
288 I 0.05 0.02 0.018 0.019 0.015 0.016 0.02 0.059 0.01 0.232 0.143 0.026 0.057 0.038 0.015 0.032 0.056 0.006 0.019 0.148
289 L 0.061 0.022 0.014 0.016 0.015 0.015 0.02 0.024 0.011 0.111 0.326 0.024 0.04 0.102 0.014 0.027 0.032 0.008 0.029 0.088
290 T 0.081 0.035 0.044 0.039 0.017 0.028 0.041 0.048 0.015 0.042 0.053 0.046 0.017 0.021 0.027 0.151 0.216 0.005 0.017 0.057
291 G 0.074 0.022 0.037 0.032 0.01 0.018 0.024 0.54 0.013 0.018 0.027 0.032 0.009 0.015 0.018 0.048 0.028 0.005 0.01 0.023
292 D 0.075 0.034 0.057 0.212 0.012 0.03 0.065 0.054 0.018 0.025 0.034 0.047 0.012 0.017 0.025 0.174 0.058 0.004 0.014 0.032
293 R 0.042 0.385 0.036 0.029 0.007 0.045 0.049 0.031 0.022 0.022 0.044 0.113 0.015 0.016 0.018 0.042 0.033 0.005 0.016 0.029
294 K 0.049 0.222 0.038 0.035 0.008 0.048 0.059 0.036 0.02 0.024 0.042 0.232 0.015 0.015 0.023 0.047 0.035 0.005 0.016 0.03
295 Y 0.053 0.026 0.025 0.023 0.013 0.02 0.028 0.029 0.025 0.109 0.086 0.032 0.022 0.07 0.018 0.058 0.091 0.014 0.164 0.094
296 Q 0.075 0.054 0.037 0.039 0.01 0.177 0.075 0.041 0.025 0.027 0.045 0.069 0.017 0.022 0.094 0.067 0.04 0.006 0.042 0.036
297 I 0.051 0.019 0.014 0.016 0.016 0.014 0.019 0.021 0.009 0.21 0.178 0.023 0.034 0.067 0.014 0.026 0.039 0.006 0.024 0.2
298 F 0.044 0.022 0.023 0.022 0.013 0.015 0.023 0.028 0.014 0.093 0.101 0.026 0.024 0.255 0.015 0.042 0.103 0.011 0.055 0.072
299 S 0.143 0.033 0.042 0.038 0.016 0.027 0.041 0.13 0.016 0.032 0.044 0.045 0.015 0.02 0.026 0.17 0.094 0.005 0.016 0.046
300 I 0.045 0.017 0.014 0.016 0.051 0.013 0.017 0.02 0.008 0.281 0.169 0.022 0.034 0.041 0.014 0.024 0.037 0.005 0.019 0.152
301 L 0.044 0.02 0.014 0.015 0.015 0.014 0.018 0.02 0.009 0.186 0.301 0.023 0.041 0.047 0.014 0.024 0.035 0.006 0.02 0.133
302 V 0.116 0.029 0.033 0.031 0.017 0.024 0.036 0.047 0.013 0.09 0.077 0.039 0.021 0.026 0.023 0.13 0.092 0.005 0.018 0.134
303 L 0.049 0.02 0.014 0.016 0.016 0.014 0.019 0.021 0.009 0.196 0.239 0.023 0.037 0.043 0.014 0.025 0.038 0.006 0.02 0.181
304 V 0.056 0.021 0.017 0.018 0.016 0.016 0.022 0.025 0.01 0.163 0.185 0.025 0.033 0.066 0.015 0.044 0.042 0.006 0.024 0.196
305 L 0.041 0.022 0.014 0.015 0.015 0.015 0.019 0.02 0.01 0.12 0.373 0.023 0.044 0.077 0.013 0.023 0.031 0.007 0.025 0.093
306 C 0.062 0.023 0.048 0.027 0.156 0.017 0.025 0.108 0.013 0.055 0.069 0.028 0.018 0.107 0.017 0.07 0.04 0.007 0.029 0.082
307 Y 0.038 0.024 0.021 0.018 0.01 0.018 0.025 0.025 0.034 0.047 0.076 0.027 0.019 0.202 0.014 0.032 0.045 0.022 0.256 0.048
308 L 0.046 0.057 0.048 0.035 0.012 0.044 0.076 0.029 0.017 0.097 0.163 0.045 0.053 0.061 0.017 0.04 0.053 0.007 0.023 0.074
309 L 0.073 0.041 0.028 0.031 0.011 0.044 0.061 0.037 0.021 0.047 0.083 0.079 0.019 0.07 0.019 0.071 0.039 0.083 0.078 0.062
310 L 0.063 0.037 0.028 0.027 0.015 0.024 0.034 0.034 0.013 0.096 0.152 0.073 0.027 0.059 0.019 0.086 0.064 0.006 0.023 0.12
311 Y 0.047 0.067 0.076 0.033 0.01 0.03 0.039 0.035 0.055 0.041 0.084 0.083 0.031 0.06 0.018 0.056 0.036 0.013 0.142 0.043
312 G 0.059 0.125 0.066 0.098 0.01 0.035 0.071 0.132 0.019 0.024 0.037 0.082 0.013 0.017 0.021 0.082 0.058 0.005 0.014 0.031
313 G 0.078 0.023 0.039 0.034 0.011 0.019 0.026 0.51 0.014 0.019 0.028 0.034 0.009 0.016 0.019 0.051 0.03 0.005 0.011 0.024
314 I 0.05 0.039 0.023 0.04 0.013 0.025 0.044 0.027 0.012 0.158 0.13 0.091 0.04 0.032 0.054 0.034 0.038 0.005 0.018 0.127
315 K 0.058 0.093 0.062 0.04 0.01 0.041 0.055 0.043 0.046 0.033 0.068 0.188 0.017 0.02 0.024 0.082 0.06 0.005 0.019 0.038
316 K 0.059 0.072 0.041 0.038 0.009 0.04 0.054 0.179 0.069 0.024 0.037 0.188 0.013 0.017 0.023 0.05 0.034 0.005 0.02 0.028
317 L 0.042 0.03 0.055 0.03 0.012 0.021 0.049 0.029 0.016 0.127 0.14 0.051 0.026 0.119 0.052 0.033 0.034 0.008 0.044 0.082
318 K 0.061 0.118 0.062 0.04 0.01 0.042 0.055 0.044 0.019 0.031 0.067 0.193 0.017 0.019 0.024 0.095 0.045 0.005 0.017 0.036
319 L 0.05 0.034 0.023 0.023 0.013 0.021 0.029 0.028 0.015 0.123 0.164 0.069 0.029 0.097 0.017 0.05 0.055 0.009 0.052 0.1
320 K 0.072 0.101 0.035 0.033 0.013 0.035 0.046 0.04 0.017 0.064 0.091 0.13 0.033 0.024 0.022 0.094 0.064 0.005 0.017 0.064
