#Seq2Logo.py -f /work3/idamei/ssn-clusterings/2206011120/clusters/0009_154/sequences.afa -m 0.0001 -b 50 -o /work3/idamei/ssn-clusterings/2206011120/clusters/0009_154/sequences.logo
#Position Specific Frequency Matrix
A R N D C Q E G H I L K M F P S T W Y V
0 M 0.048 0.029 0.018 0.018 0.015 0.026 0.026 0.026 0.015 0.092 0.18 0.033 0.232 0.044 0.015 0.033 0.037 0.007 0.022 0.085
1 D 0.043 0.093 0.079 0.178 0.009 0.027 0.052 0.035 0.022 0.047 0.052 0.049 0.015 0.036 0.018 0.042 0.035 0.008 0.078 0.082
2 L 0.045 0.049 0.022 0.022 0.012 0.027 0.035 0.027 0.013 0.077 0.291 0.135 0.034 0.037 0.017 0.032 0.033 0.006 0.019 0.068
3 L 0.136 0.027 0.027 0.028 0.017 0.022 0.032 0.047 0.013 0.121 0.143 0.036 0.027 0.032 0.022 0.102 0.051 0.006 0.018 0.092
4 I 0.047 0.018 0.015 0.018 0.016 0.013 0.018 0.021 0.009 0.269 0.168 0.024 0.037 0.044 0.015 0.025 0.04 0.006 0.021 0.177
5 F 0.034 0.019 0.017 0.017 0.011 0.011 0.019 0.025 0.017 0.064 0.115 0.019 0.025 0.385 0.011 0.025 0.025 0.017 0.089 0.055
6 K 0.057 0.107 0.042 0.042 0.009 0.054 0.071 0.043 0.021 0.028 0.043 0.276 0.016 0.016 0.028 0.054 0.04 0.005 0.017 0.033
7 D 0.041 0.03 0.069 0.395 0.008 0.03 0.092 0.047 0.019 0.022 0.028 0.045 0.009 0.015 0.022 0.052 0.036 0.004 0.011 0.024
8 V 0.07 0.022 0.017 0.018 0.019 0.017 0.023 0.025 0.008 0.165 0.131 0.026 0.032 0.036 0.017 0.033 0.05 0.006 0.021 0.266
9 L 0.045 0.024 0.014 0.015 0.016 0.016 0.02 0.021 0.01 0.116 0.373 0.025 0.05 0.055 0.014 0.024 0.034 0.007 0.022 0.097
10 I 0.047 0.018 0.015 0.018 0.016 0.013 0.018 0.021 0.009 0.269 0.168 0.024 0.037 0.044 0.015 0.025 0.04 0.006 0.021 0.177
11 S 0.11 0.04 0.054 0.049 0.018 0.033 0.053 0.067 0.019 0.03 0.042 0.054 0.016 0.021 0.03 0.217 0.082 0.005 0.018 0.042
12 L 0.052 0.032 0.02 0.02 0.016 0.028 0.028 0.028 0.016 0.101 0.197 0.036 0.158 0.048 0.016 0.036 0.04 0.008 0.024 0.093
13 I 0.047 0.018 0.015 0.018 0.016 0.013 0.018 0.021 0.009 0.269 0.168 0.024 0.037 0.044 0.015 0.025 0.04 0.006 0.021 0.177
14 I 0.048 0.019 0.014 0.016 0.016 0.014 0.018 0.02 0.008 0.239 0.205 0.023 0.036 0.042 0.014 0.025 0.038 0.006 0.02 0.182
15 K 0.051 0.162 0.038 0.037 0.008 0.049 0.062 0.038 0.02 0.025 0.041 0.281 0.014 0.015 0.024 0.048 0.036 0.005 0.016 0.03
16 F 0.045 0.039 0.026 0.025 0.012 0.023 0.032 0.03 0.015 0.057 0.127 0.09 0.024 0.199 0.017 0.043 0.086 0.01 0.045 0.055
17 H 0.056 0.034 0.045 0.106 0.01 0.029 0.05 0.041 0.128 0.028 0.043 0.041 0.014 0.049 0.02 0.101 0.041 0.011 0.119 0.033
18 L 0.045 0.024 0.014 0.015 0.016 0.016 0.02 0.021 0.01 0.115 0.375 0.025 0.05 0.055 0.014 0.024 0.033 0.007 0.022 0.096
19 S 0.11 0.04 0.054 0.049 0.018 0.033 0.052 0.066 0.019 0.03 0.042 0.054 0.016 0.021 0.03 0.22 0.082 0.005 0.018 0.042
20 Y 0.045 0.06 0.029 0.027 0.008 0.034 0.044 0.031 0.033 0.034 0.053 0.163 0.016 0.073 0.02 0.039 0.031 0.017 0.204 0.038
21 F 0.057 0.035 0.031 0.03 0.011 0.065 0.043 0.037 0.026 0.039 0.065 0.042 0.019 0.157 0.018 0.097 0.042 0.014 0.129 0.043
22 D 0.045 0.056 0.134 0.159 0.008 0.097 0.074 0.046 0.024 0.023 0.035 0.107 0.013 0.015 0.022 0.055 0.039 0.004 0.015 0.028
23 L 0.047 0.018 0.014 0.016 0.106 0.013 0.017 0.022 0.008 0.21 0.21 0.022 0.034 0.04 0.014 0.026 0.035 0.006 0.018 0.125
24 Y 0.038 0.021 0.017 0.017 0.011 0.015 0.021 0.022 0.026 0.121 0.101 0.024 0.024 0.183 0.013 0.026 0.029 0.018 0.192 0.079
25 V 0.046 0.021 0.016 0.017 0.013 0.015 0.021 0.022 0.019 0.15 0.113 0.024 0.027 0.131 0.014 0.027 0.034 0.013 0.124 0.152
26 I 0.044 0.017 0.014 0.017 0.015 0.012 0.017 0.019 0.008 0.317 0.157 0.022 0.034 0.041 0.014 0.023 0.037 0.006 0.019 0.166
27 V 0.053 0.022 0.016 0.017 0.015 0.016 0.022 0.024 0.011 0.117 0.129 0.024 0.061 0.142 0.014 0.029 0.039 0.008 0.037 0.201
28 L 0.072 0.029 0.032 0.029 0.017 0.023 0.033 0.038 0.012 0.083 0.136 0.036 0.026 0.03 0.021 0.11 0.119 0.005 0.018 0.131
29 F 0.034 0.019 0.015 0.016 0.011 0.011 0.018 0.023 0.015 0.068 0.163 0.019 0.028 0.357 0.011 0.024 0.025 0.014 0.072 0.059
30 L 0.042 0.023 0.013 0.014 0.015 0.015 0.019 0.02 0.009 0.108 0.415 0.024 0.046 0.051 0.013 0.023 0.031 0.007 0.021 0.09
31 L 0.042 0.021 0.013 0.015 0.015 0.014 0.018 0.02 0.009 0.165 0.344 0.023 0.043 0.049 0.013 0.023 0.033 0.006 0.02 0.111
32 M 0.049 0.03 0.019 0.019 0.015 0.026 0.026 0.026 0.015 0.094 0.184 0.034 0.213 0.045 0.015 0.034 0.038 0.008 0.023 0.087
33 L 0.046 0.02 0.014 0.015 0.106 0.014 0.018 0.022 0.009 0.153 0.28 0.022 0.038 0.043 0.014 0.026 0.033 0.006 0.019 0.104
34 L 0.063 0.026 0.024 0.023 0.016 0.02 0.028 0.032 0.011 0.095 0.259 0.031 0.035 0.039 0.018 0.091 0.046 0.006 0.019 0.117
35 E 0.073 0.036 0.038 0.048 0.014 0.035 0.12 0.041 0.016 0.055 0.059 0.049 0.018 0.022 0.024 0.117 0.119 0.005 0.017 0.094
36 Y 0.121 0.035 0.025 0.025 0.012 0.066 0.042 0.04 0.033 0.038 0.058 0.043 0.018 0.075 0.02 0.047 0.034 0.017 0.205 0.047
37 F 0.037 0.018 0.015 0.016 0.012 0.012 0.018 0.022 0.013 0.138 0.177 0.02 0.031 0.253 0.012 0.024 0.029 0.011 0.054 0.09
38 I 0.047 0.022 0.02 0.02 0.014 0.017 0.023 0.024 0.019 0.193 0.114 0.028 0.027 0.06 0.016 0.037 0.081 0.011 0.112 0.114
39 P 0.101 0.03 0.114 0.042 0.011 0.024 0.038 0.049 0.017 0.026 0.037 0.042 0.011 0.015 0.297 0.055 0.04 0.003 0.014 0.034
40 L 0.07 0.03 0.03 0.029 0.016 0.022 0.033 0.039 0.013 0.072 0.244 0.036 0.032 0.037 0.02 0.135 0.052 0.006 0.019 0.067
41 A 0.146 0.041 0.034 0.035 0.016 0.09 0.054 0.052 0.018 0.053 0.06 0.053 0.019 0.021 0.024 0.115 0.053 0.005 0.018 0.095
42 P 0.06 0.037 0.03 0.033 0.012 0.086 0.049 0.036 0.016 0.105 0.071 0.049 0.02 0.022 0.158 0.081 0.044 0.005 0.017 0.069
43 I 0.045 0.02 0.015 0.017 0.015 0.016 0.019 0.021 0.01 0.264 0.163 0.025 0.08 0.042 0.014 0.026 0.037 0.006 0.02 0.145
44 G 0.139 0.023 0.033 0.03 0.013 0.019 0.027 0.426 0.013 0.023 0.034 0.034 0.011 0.016 0.02 0.056 0.032 0.005 0.012 0.033
45 W 0.04 0.022 0.016 0.016 0.01 0.016 0.023 0.026 0.02 0.063 0.071 0.024 0.019 0.067 0.011 0.026 0.029 0.271 0.128 0.105
46 I 0.055 0.022 0.023 0.024 0.014 0.016 0.025 0.031 0.013 0.182 0.115 0.028 0.027 0.133 0.016 0.086 0.044 0.008 0.034 0.105
47 A 0.139 0.029 0.027 0.027 0.017 0.024 0.034 0.046 0.014 0.079 0.1 0.037 0.07 0.029 0.021 0.104 0.052 0.006 0.019 0.127
48 L 0.04 0.02 0.014 0.015 0.014 0.013 0.018 0.021 0.011 0.149 0.275 0.022 0.038 0.143 0.013 0.023 0.031 0.009 0.036 0.099
49 G 0.13 0.023 0.022 0.022 0.016 0.018 0.026 0.165 0.011 0.08 0.155 0.03 0.025 0.03 0.018 0.045 0.038 0.005 0.017 0.124
50 L 0.043 0.021 0.014 0.014 0.077 0.014 0.018 0.022 0.01 0.093 0.334 0.022 0.04 0.094 0.013 0.025 0.031 0.007 0.027 0.08
51 T 0.053 0.025 0.028 0.026 0.015 0.018 0.027 0.031 0.012 0.12 0.096 0.031 0.024 0.129 0.019 0.055 0.164 0.008 0.034 0.087
52 V 0.067 0.023 0.019 0.02 0.017 0.017 0.025 0.027 0.009 0.132 0.148 0.027 0.03 0.034 0.017 0.06 0.048 0.005 0.019 0.255
53 L 0.056 0.02 0.02 0.02 0.015 0.015 0.02 0.151 0.009 0.15 0.181 0.025 0.03 0.035 0.015 0.031 0.035 0.006 0.017 0.149
54 P 0.121 0.036 0.025 0.029 0.013 0.082 0.047 0.041 0.016 0.049 0.138 0.047 0.023 0.024 0.148 0.049 0.037 0.005 0.017 0.054
55 I 0.051 0.019 0.019 0.02 0.014 0.014 0.019 0.15 0.01 0.192 0.189 0.025 0.031 0.037 0.015 0.029 0.033 0.006 0.017 0.11
56 V 0.128 0.023 0.017 0.019 0.018 0.017 0.025 0.035 0.01 0.114 0.179 0.028 0.03 0.034 0.018 0.041 0.042 0.005 0.019 0.198
57 G 0.051 0.088 0.028 0.025 0.01 0.022 0.03 0.12 0.02 0.032 0.053 0.043 0.015 0.111 0.015 0.075 0.034 0.099 0.094 0.035
58 N 0.053 0.059 0.155 0.051 0.009 0.037 0.052 0.049 0.088 0.023 0.035 0.146 0.013 0.018 0.022 0.092 0.043 0.005 0.021 0.028
59 L 0.049 0.022 0.019 0.02 0.014 0.016 0.023 0.027 0.011 0.156 0.209 0.026 0.031 0.042 0.014 0.067 0.038 0.094 0.026 0.094
60 N 0.041 0.111 0.21 0.055 0.008 0.037 0.049 0.047 0.09 0.021 0.034 0.107 0.012 0.018 0.019 0.053 0.038 0.005 0.021 0.025
61 F 0.093 0.04 0.086 0.034 0.011 0.026 0.038 0.041 0.083 0.083 0.069 0.086 0.018 0.093 0.018 0.046 0.035 0.007 0.033 0.058
62 L 0.045 0.024 0.014 0.015 0.016 0.016 0.02 0.021 0.01 0.115 0.375 0.025 0.05 0.055 0.014 0.024 0.033 0.007 0.022 0.096
63 P 0.05 0.022 0.02 0.026 0.01 0.018 0.03 0.031 0.011 0.076 0.053 0.035 0.013 0.016 0.452 0.037 0.033 0.003 0.013 0.05
64 K 0.113 0.065 0.038 0.036 0.013 0.037 0.052 0.048 0.017 0.032 0.045 0.194 0.015 0.017 0.026 0.1 0.091 0.005 0.016 0.042
65 E 0.097 0.044 0.028 0.043 0.011 0.037 0.144 0.036 0.022 0.042 0.109 0.095 0.019 0.039 0.021 0.046 0.034 0.009 0.077 0.047
66 L 0.04 0.022 0.013 0.014 0.015 0.015 0.018 0.019 0.009 0.105 0.432 0.023 0.045 0.05 0.013 0.022 0.03 0.006 0.02 0.087
67 L 0.049 0.02 0.014 0.015 0.016 0.014 0.019 0.02 0.008 0.159 0.281 0.023 0.038 0.042 0.014 0.025 0.036 0.006 0.02 0.182
68 Y 0.041 0.02 0.016 0.016 0.098 0.015 0.02 0.023 0.021 0.103 0.145 0.023 0.025 0.131 0.013 0.027 0.029 0.014 0.148 0.072
69 L 0.049 0.023 0.022 0.021 0.013 0.016 0.024 0.03 0.014 0.072 0.219 0.026 0.031 0.197 0.015 0.074 0.037 0.01 0.044 0.064
70 Q 0.047 0.059 0.036 0.038 0.008 0.24 0.081 0.035 0.025 0.03 0.053 0.072 0.019 0.085 0.019 0.046 0.035 0.007 0.029 0.035
71 L 0.041 0.02 0.013 0.015 0.015 0.014 0.018 0.019 0.009 0.182 0.339 0.022 0.041 0.047 0.013 0.022 0.032 0.006 0.02 0.112
72 L 0.039 0.021 0.015 0.015 0.013 0.014 0.019 0.02 0.016 0.125 0.269 0.023 0.035 0.125 0.013 0.023 0.029 0.011 0.09 0.086
73 Y 0.035 0.023 0.018 0.016 0.009 0.016 0.023 0.023 0.033 0.046 0.076 0.025 0.019 0.227 0.013 0.027 0.025 0.022 0.28 0.045
74 V 0.057 0.022 0.018 0.019 0.016 0.016 0.022 0.024 0.009 0.157 0.167 0.026 0.03 0.035 0.016 0.036 0.086 0.005 0.019 0.22
75 L 0.043 0.018 0.014 0.015 0.185 0.012 0.017 0.024 0.011 0.068 0.198 0.02 0.028 0.17 0.012 0.027 0.029 0.009 0.037 0.063
76 F 0.044 0.047 0.031 0.04 0.008 0.156 0.113 0.032 0.022 0.035 0.062 0.059 0.019 0.157 0.018 0.041 0.032 0.009 0.039 0.037
77 F 0.054 0.023 0.022 0.021 0.013 0.017 0.025 0.029 0.018 0.08 0.091 0.027 0.022 0.181 0.015 0.071 0.039 0.012 0.099 0.142
78 Q 0.051 0.067 0.04 0.043 0.008 0.286 0.094 0.037 0.027 0.024 0.043 0.083 0.019 0.013 0.021 0.051 0.037 0.005 0.019 0.032
79 F 0.035 0.023 0.02 0.018 0.011 0.016 0.023 0.024 0.08 0.067 0.202 0.023 0.029 0.243 0.012 0.025 0.026 0.011 0.056 0.058
80 Y 0.038 0.024 0.018 0.016 0.011 0.018 0.023 0.022 0.031 0.061 0.186 0.027 0.026 0.096 0.014 0.026 0.027 0.019 0.26 0.057
81 I 0.05 0.017 0.014 0.016 0.016 0.013 0.018 0.02 0.008 0.275 0.141 0.022 0.032 0.038 0.014 0.025 0.039 0.005 0.019 0.219
82 S 0.089 0.035 0.051 0.112 0.014 0.03 0.054 0.057 0.017 0.026 0.036 0.048 0.013 0.018 0.026 0.25 0.067 0.004 0.015 0.035
83 Y 0.129 0.03 0.029 0.027 0.013 0.024 0.035 0.045 0.03 0.037 0.056 0.038 0.016 0.071 0.021 0.103 0.044 0.016 0.19 0.048
84 L 0.047 0.033 0.027 0.025 0.011 0.064 0.037 0.114 0.08 0.063 0.233 0.037 0.029 0.034 0.016 0.034 0.03 0.006 0.024 0.056
85 G 0.065 0.025 0.032 0.029 0.012 0.02 0.029 0.208 0.018 0.081 0.061 0.034 0.017 0.038 0.019 0.087 0.084 0.008 0.075 0.058
86 L 0.042 0.021 0.015 0.015 0.013 0.015 0.02 0.022 0.012 0.094 0.228 0.023 0.067 0.177 0.012 0.026 0.031 0.009 0.04 0.116
87 P 0.102 0.024 0.022 0.028 0.011 0.02 0.034 0.039 0.012 0.026 0.036 0.038 0.01 0.013 0.454 0.046 0.035 0.003 0.012 0.034
88 L 0.056 0.094 0.089 0.036 0.013 0.028 0.037 0.039 0.017 0.052 0.13 0.051 0.056 0.028 0.019 0.089 0.089 0.006 0.017 0.054
89 G 0.117 0.03 0.039 0.034 0.013 0.025 0.036 0.219 0.08 0.028 0.04 0.039 0.013 0.02 0.022 0.097 0.086 0.005 0.02 0.038
90 L 0.046 0.021 0.014 0.016 0.015 0.016 0.019 0.021 0.009 0.188 0.245 0.024 0.07 0.043 0.014 0.025 0.036 0.006 0.02 0.153
91 S 0.089 0.035 0.046 0.041 0.016 0.028 0.044 0.053 0.016 0.034 0.045 0.047 0.015 0.02 0.026 0.222 0.155 0.005 0.016 0.047
92 F 0.036 0.022 0.016 0.015 0.011 0.015 0.02 0.022 0.022 0.067 0.199 0.023 0.028 0.204 0.012 0.025 0.026 0.016 0.16 0.06
93 L 0.043 0.02 0.014 0.015 0.014 0.013 0.018 0.02 0.01 0.143 0.279 0.022 0.037 0.111 0.013 0.024 0.033 0.008 0.03 0.135
94 C 0.068 0.024 0.029 0.026 0.273 0.019 0.027 0.038 0.011 0.041 0.056 0.031 0.016 0.02 0.02 0.095 0.134 0.004 0.014 0.054
95 D 0.037 0.027 0.063 0.452 0.007 0.027 0.083 0.042 0.017 0.02 0.025 0.041 0.008 0.014 0.02 0.047 0.032 0.003 0.01 0.022
96 I 0.096 0.02 0.016 0.017 0.015 0.014 0.021 0.029 0.01 0.171 0.169 0.025 0.03 0.104 0.015 0.033 0.036 0.007 0.029 0.143
97 I 0.049 0.018 0.014 0.016 0.016 0.013 0.018 0.02 0.008 0.236 0.188 0.022 0.034 0.039 0.014 0.025 0.038 0.005 0.019 0.207
98 N 0.048 0.035 0.205 0.051 0.012 0.026 0.037 0.046 0.02 0.044 0.106 0.042 0.019 0.024 0.02 0.063 0.133 0.005 0.016 0.048
99 L 0.049 0.019 0.017 0.018 0.1 0.014 0.018 0.11 0.009 0.157 0.209 0.023 0.03 0.036 0.014 0.029 0.032 0.005 0.016 0.095
100 I 0.092 0.019 0.015 0.017 0.015 0.014 0.02 0.028 0.01 0.202 0.175 0.024 0.031 0.105 0.015 0.032 0.035 0.007 0.029 0.114
101 L 0.042 0.021 0.014 0.015 0.015 0.016 0.019 0.02 0.01 0.18 0.297 0.024 0.073 0.046 0.013 0.024 0.033 0.006 0.02 0.111
102 L 0.038 0.019 0.014 0.015 0.013 0.013 0.018 0.02 0.011 0.128 0.276 0.021 0.036 0.179 0.012 0.023 0.029 0.009 0.04 0.087
103 F 0.088 0.02 0.016 0.017 0.013 0.013 0.021 0.03 0.013 0.109 0.158 0.023 0.027 0.24 0.014 0.032 0.03 0.01 0.05 0.077
104 N 0.044 0.043 0.146 0.043 0.095 0.029 0.04 0.041 0.09 0.028 0.042 0.088 0.013 0.035 0.018 0.046 0.035 0.008 0.081 0.032
105 L 0.04 0.022 0.014 0.015 0.014 0.015 0.019 0.02 0.015 0.133 0.324 0.024 0.038 0.06 0.013 0.023 0.031 0.009 0.08 0.092
106 L 0.043 0.019 0.014 0.015 0.014 0.013 0.018 0.02 0.01 0.182 0.232 0.022 0.035 0.109 0.013 0.024 0.034 0.007 0.03 0.147
107 L 0.095 0.099 0.024 0.023 0.012 0.027 0.035 0.034 0.019 0.095 0.13 0.094 0.023 0.043 0.018 0.04 0.034 0.009 0.078 0.069
108 E 0.052 0.034 0.038 0.116 0.009 0.036 0.15 0.035 0.028 0.028 0.042 0.047 0.013 0.05 0.02 0.083 0.037 0.012 0.136 0.034
109 Y 0.058 0.026 0.026 0.024 0.014 0.02 0.029 0.031 0.022 0.107 0.082 0.032 0.021 0.058 0.018 0.081 0.087 0.012 0.138 0.114
110 G 0.053 0.05 0.031 0.033 0.01 0.112 0.054 0.12 0.018 0.036 0.103 0.1 0.019 0.019 0.106 0.043 0.034 0.005 0.016 0.039
111 K 0.052 0.046 0.026 0.025 0.011 0.026 0.035 0.116 0.014 0.063 0.126 0.13 0.022 0.095 0.017 0.036 0.033 0.007 0.027 0.092
112 L 0.051 0.036 0.087 0.036 0.013 0.066 0.041 0.036 0.016 0.059 0.176 0.043 0.026 0.029 0.019 0.054 0.129 0.006 0.018 0.06
113 A 0.116 0.04 0.107 0.042 0.013 0.08 0.05 0.049 0.02 0.098 0.073 0.051 0.021 0.023 0.021 0.056 0.043 0.005 0.018 0.073
114 R 0.039 0.288 0.031 0.026 0.007 0.038 0.043 0.031 0.02 0.024 0.046 0.091 0.015 0.027 0.016 0.037 0.03 0.133 0.029 0.029
115 K 0.05 0.113 0.029 0.036 0.01 0.038 0.096 0.03 0.016 0.096 0.071 0.152 0.019 0.022 0.02 0.04 0.036 0.005 0.017 0.102
116 L 0.044 0.021 0.018 0.018 0.014 0.015 0.02 0.023 0.01 0.165 0.222 0.025 0.033 0.107 0.015 0.033 0.079 0.007 0.029 0.102
117 R 0.041 0.159 0.095 0.038 0.008 0.034 0.045 0.037 0.152 0.021 0.036 0.065 0.013 0.019 0.105 0.043 0.032 0.005 0.027 0.025
118 K 0.06 0.067 0.097 0.045 0.011 0.039 0.054 0.046 0.019 0.029 0.041 0.195 0.014 0.017 0.024 0.097 0.09 0.005 0.016 0.036
119 I 0.047 0.018 0.015 0.018 0.016 0.013 0.018 0.021 0.009 0.273 0.167 0.024 0.037 0.044 0.015 0.025 0.04 0.006 0.021 0.176
120 L 0.039 0.026 0.101 0.03 0.012 0.018 0.025 0.031 0.016 0.074 0.243 0.029 0.032 0.137 0.014 0.033 0.033 0.008 0.035 0.064
121 L 0.043 0.03 0.022 0.037 0.011 0.03 0.134 0.024 0.019 0.066 0.238 0.039 0.029 0.05 0.017 0.032 0.031 0.009 0.078 0.06
122 K 0.046 0.071 0.03 0.03 0.009 0.036 0.049 0.033 0.017 0.044 0.116 0.236 0.021 0.091 0.02 0.04 0.033 0.007 0.027 0.043
123 P 0.062 0.026 0.026 0.027 0.014 0.02 0.031 0.035 0.012 0.063 0.119 0.035 0.021 0.024 0.193 0.084 0.088 0.004 0.016 0.097
124 I 0.092 0.02 0.016 0.018 0.014 0.015 0.021 0.029 0.016 0.191 0.113 0.025 0.026 0.117 0.015 0.033 0.034 0.01 0.089 0.106
125 I 0.04 0.022 0.017 0.017 0.012 0.016 0.021 0.022 0.022 0.15 0.119 0.025 0.06 0.134 0.013 0.026 0.03 0.014 0.15 0.09
126 F 0.043 0.019 0.015 0.015 0.013 0.013 0.019 0.023 0.011 0.13 0.108 0.021 0.025 0.174 0.012 0.025 0.032 0.097 0.047 0.16
127 I 0.058 0.021 0.02 0.02 0.101 0.016 0.022 0.028 0.01 0.166 0.159 0.026 0.028 0.033 0.016 0.071 0.043 0.005 0.017 0.139
128 W 0.044 0.024 0.021 0.02 0.01 0.017 0.025 0.03 0.019 0.047 0.122 0.027 0.021 0.123 0.013 0.068 0.032 0.188 0.103 0.046
129 V 0.057 0.022 0.02 0.02 0.015 0.016 0.024 0.028 0.011 0.138 0.161 0.026 0.029 0.103 0.015 0.07 0.042 0.007 0.029 0.168
130 L 0.044 0.02 0.013 0.014 0.101 0.014 0.017 0.021 0.009 0.133 0.323 0.022 0.038 0.043 0.013 0.025 0.032 0.006 0.018 0.094
131 F 0.031 0.017 0.015 0.015 0.01 0.01 0.017 0.023 0.015 0.058 0.104 0.017 0.023 0.443 0.01 0.023 0.023 0.015 0.081 0.05
132 F 0.038 0.018 0.015 0.016 0.012 0.011 0.018 0.022 0.013 0.12 0.114 0.019 0.026 0.307 0.011 0.024 0.029 0.012 0.06 0.116
133 L 0.046 0.024 0.023 0.021 0.014 0.016 0.024 0.027 0.012 0.07 0.198 0.027 0.029 0.171 0.016 0.043 0.123 0.009 0.039 0.067
134 L 0.043 0.02 0.014 0.016 0.015 0.015 0.018 0.02 0.01 0.219 0.25 0.024 0.071 0.044 0.013 0.024 0.034 0.006 0.02 0.123
135 G 0.071 0.021 0.036 0.031 0.01 0.017 0.023 0.555 0.012 0.017 0.026 0.031 0.009 0.015 0.017 0.047 0.027 0.005 0.01 0.022
136 F 0.045 0.022 0.023 0.022 0.013 0.015 0.023 0.028 0.013 0.101 0.097 0.026 0.023 0.235 0.015 0.043 0.123 0.01 0.049 0.073
137 L 0.044 0.022 0.015 0.015 0.014 0.016 0.02 0.022 0.011 0.102 0.283 0.024 0.071 0.111 0.013 0.025 0.033 0.008 0.03 0.122
138 S 0.084 0.032 0.044 0.039 0.015 0.026 0.04 0.136 0.015 0.033 0.043 0.043 0.015 0.019 0.025 0.181 0.147 0.005 0.015 0.044
139 N 0.144 0.037 0.26 0.059 0.012 0.028 0.042 0.063 0.024 0.027 0.037 0.046 0.012 0.017 0.021 0.068 0.045 0.004 0.015 0.037
140 L 0.04 0.022 0.015 0.016 0.013 0.016 0.02 0.021 0.016 0.123 0.227 0.024 0.067 0.124 0.013 0.025 0.03 0.011 0.09 0.085
141 L 0.042 0.021 0.015 0.015 0.013 0.015 0.02 0.021 0.015 0.094 0.264 0.023 0.034 0.124 0.013 0.025 0.031 0.011 0.09 0.115
142 Y 0.044 0.035 0.112 0.036 0.01 0.066 0.041 0.034 0.031 0.051 0.06 0.042 0.018 0.061 0.017 0.041 0.036 0.013 0.168 0.085
143 G 0.054 0.03 0.155 0.116 0.01 0.025 0.043 0.218 0.019 0.024 0.032 0.04 0.011 0.016 0.019 0.059 0.082 0.004 0.012 0.03
144 F 0.045 0.021 0.022 0.021 0.012 0.014 0.022 0.114 0.013 0.057 0.138 0.024 0.023 0.236 0.014 0.037 0.074 0.01 0.048 0.054
145 N 0.055 0.037 0.158 0.127 0.01 0.034 0.103 0.049 0.021 0.026 0.036 0.05 0.012 0.017 0.022 0.1 0.091 0.004 0.014 0.034
146 I 0.045 0.02 0.016 0.02 0.013 0.015 0.022 0.024 0.009 0.194 0.159 0.027 0.027 0.032 0.189 0.028 0.034 0.005 0.017 0.104
147 L 0.097 0.021 0.015 0.017 0.016 0.015 0.021 0.028 0.009 0.179 0.224 0.026 0.034 0.039 0.016 0.033 0.037 0.006 0.019 0.149
148 L 0.042 0.098 0.021 0.02 0.012 0.025 0.031 0.024 0.013 0.078 0.302 0.091 0.035 0.038 0.016 0.03 0.032 0.006 0.019 0.068
149 Y 0.035 0.022 0.017 0.016 0.009 0.017 0.022 0.024 0.027 0.085 0.073 0.025 0.019 0.085 0.012 0.025 0.026 0.193 0.214 0.057
150 L 0.102 0.024 0.016 0.018 0.016 0.018 0.024 0.03 0.01 0.107 0.222 0.028 0.067 0.038 0.016 0.036 0.039 0.006 0.019 0.165
151 W 0.028 0.02 0.014 0.014 0.007 0.013 0.02 0.027 0.014 0.033 0.057 0.02 0.015 0.12 0.007 0.021 0.021 0.451 0.065 0.031
152 A 0.18 0.031 0.038 0.036 0.016 0.026 0.04 0.146 0.015 0.029 0.041 0.043 0.014 0.019 0.025 0.179 0.057 0.005 0.015 0.044
153 L 0.047 0.021 0.014 0.015 0.015 0.014 0.019 0.021 0.01 0.112 0.273 0.022 0.036 0.109 0.013 0.025 0.034 0.007 0.03 0.164
154 R 0.041 0.405 0.035 0.028 0.007 0.044 0.048 0.03 0.021 0.021 0.042 0.109 0.014 0.016 0.018 0.041 0.032 0.005 0.016 0.028
155 N 0.039 0.041 0.379 0.076 0.008 0.031 0.045 0.059 0.029 0.02 0.029 0.049 0.01 0.016 0.018 0.063 0.045 0.004 0.014 0.025
156 N 0.036 0.03 0.198 0.046 0.009 0.022 0.032 0.041 0.027 0.036 0.059 0.035 0.016 0.176 0.015 0.044 0.034 0.011 0.097 0.036
157 G 0.108 0.02 0.023 0.023 0.014 0.016 0.023 0.207 0.01 0.15 0.088 0.028 0.021 0.027 0.017 0.041 0.036 0.005 0.015 0.127
158 R 0.041 0.405 0.035 0.028 0.007 0.044 0.048 0.03 0.021 0.021 0.042 0.109 0.014 0.016 0.018 0.041 0.032 0.005 0.016 0.028
159 F 0.035 0.017 0.015 0.016 0.011 0.01 0.017 0.022 0.013 0.151 0.12 0.019 0.027 0.308 0.011 0.023 0.027 0.012 0.06 0.087
160 L 0.042 0.018 0.014 0.015 0.013 0.012 0.018 0.021 0.011 0.174 0.177 0.021 0.031 0.175 0.012 0.024 0.032 0.009 0.04 0.141
161 L 0.097 0.021 0.015 0.017 0.016 0.015 0.021 0.028 0.009 0.179 0.224 0.026 0.034 0.039 0.016 0.033 0.037 0.006 0.019 0.149
162 F 0.032 0.018 0.015 0.015 0.01 0.01 0.017 0.022 0.014 0.066 0.159 0.018 0.027 0.377 0.01 0.023 0.024 0.014 0.071 0.056
163 F 0.031 0.017 0.015 0.015 0.01 0.01 0.017 0.023 0.015 0.058 0.104 0.017 0.023 0.443 0.01 0.023 0.023 0.015 0.081 0.05
164 I 0.054 0.023 0.022 0.022 0.016 0.017 0.024 0.026 0.01 0.171 0.162 0.029 0.029 0.034 0.017 0.044 0.13 0.005 0.018 0.146
165 A 0.164 0.027 0.029 0.029 0.016 0.021 0.034 0.051 0.014 0.088 0.073 0.036 0.019 0.093 0.022 0.13 0.05 0.007 0.027 0.069
166 C 0.129 0.028 0.033 0.032 0.188 0.023 0.035 0.052 0.013 0.034 0.048 0.037 0.015 0.019 0.023 0.171 0.056 0.004 0.014 0.047
167 L 0.064 0.025 0.025 0.025 0.101 0.019 0.027 0.035 0.011 0.107 0.192 0.031 0.028 0.033 0.018 0.114 0.047 0.005 0.017 0.077
168 V 0.048 0.024 0.021 0.019 0.013 0.019 0.025 0.023 0.081 0.134 0.153 0.027 0.028 0.05 0.015 0.029 0.034 0.009 0.085 0.164
169 F 0.038 0.02 0.017 0.016 0.011 0.014 0.021 0.023 0.023 0.067 0.092 0.022 0.022 0.266 0.012 0.026 0.028 0.017 0.17 0.095
170 L 0.042 0.019 0.013 0.015 0.015 0.013 0.017 0.019 0.009 0.221 0.292 0.022 0.039 0.045 0.013 0.022 0.033 0.006 0.02 0.124
171 D 0.05 0.034 0.109 0.26 0.009 0.034 0.117 0.046 0.02 0.021 0.029 0.048 0.01 0.015 0.022 0.091 0.042 0.004 0.013 0.026
172 P 0.056 0.049 0.03 0.032 0.01 0.029 0.043 0.038 0.016 0.03 0.048 0.138 0.014 0.086 0.194 0.082 0.039 0.006 0.025 0.034
173 K 0.063 0.053 0.036 0.033 0.011 0.033 0.046 0.041 0.026 0.031 0.047 0.14 0.015 0.051 0.022 0.123 0.045 0.012 0.137 0.037
174 L 0.05 0.027 0.036 0.166 0.012 0.023 0.046 0.035 0.014 0.061 0.189 0.035 0.06 0.032 0.018 0.077 0.039 0.005 0.016 0.057
175 I 0.043 0.018 0.015 0.016 0.013 0.013 0.019 0.021 0.015 0.21 0.124 0.022 0.028 0.119 0.013 0.025 0.034 0.01 0.089 0.152
176 R 0.051 0.162 0.152 0.056 0.009 0.04 0.099 0.045 0.023 0.022 0.036 0.072 0.012 0.016 0.02 0.091 0.044 0.005 0.015 0.029
177 K 0.048 0.072 0.029 0.03 0.01 0.037 0.049 0.033 0.016 0.052 0.17 0.237 0.024 0.026 0.021 0.04 0.034 0.005 0.017 0.049
178 L 0.083 0.024 0.026 0.025 0.014 0.018 0.026 0.122 0.013 0.098 0.135 0.03 0.024 0.098 0.018 0.081 0.062 0.007 0.027 0.07
179 R 0.041 0.16 0.09 0.052 0.007 0.042 0.147 0.035 0.022 0.022 0.038 0.071 0.013 0.022 0.018 0.044 0.033 0.094 0.023 0.028
180 R 0.062 0.167 0.038 0.033 0.01 0.036 0.047 0.04 0.023 0.027 0.044 0.115 0.015 0.034 0.021 0.123 0.046 0.008 0.077 0.034
181 L 0.103 0.026 0.021 0.021 0.016 0.019 0.026 0.035 0.011 0.081 0.304 0.03 0.035 0.04 0.018 0.076 0.04 0.006 0.019 0.075
182 F 0.04 0.018 0.015 0.015 0.013 0.012 0.018 0.022 0.012 0.127 0.169 0.02 0.029 0.242 0.012 0.024 0.03 0.01 0.05 0.122
183 Y 0.056 0.078 0.034 0.031 0.011 0.032 0.042 0.036 0.026 0.034 0.05 0.12 0.016 0.051 0.021 0.088 0.085 0.012 0.137 0.041
184 I 0.049 0.018 0.014 0.016 0.016 0.013 0.018 0.02 0.008 0.236 0.188 0.022 0.034 0.039 0.014 0.025 0.038 0.005 0.019 0.207
185 A 0.197 0.022 0.019 0.021 0.016 0.017 0.027 0.046 0.012 0.142 0.095 0.03 0.023 0.097 0.02 0.05 0.039 0.007 0.028 0.093
186 F 0.093 0.022 0.022 0.02 0.011 0.017 0.024 0.12 0.024 0.042 0.069 0.027 0.017 0.193 0.015 0.038 0.028 0.015 0.158 0.045
187 H 0.04 0.029 0.03 0.024 0.01 0.022 0.032 0.03 0.146 0.047 0.119 0.031 0.021 0.104 0.015 0.038 0.073 0.097 0.047 0.045
188 F 0.035 0.017 0.015 0.016 0.011 0.01 0.017 0.022 0.013 0.151 0.12 0.019 0.027 0.308 0.011 0.023 0.027 0.012 0.06 0.087
189 N 0.052 0.036 0.263 0.06 0.097 0.027 0.04 0.054 0.023 0.025 0.035 0.044 0.012 0.017 0.019 0.097 0.048 0.004 0.014 0.031
190 F 0.095 0.021 0.02 0.021 0.014 0.015 0.023 0.032 0.012 0.146 0.104 0.027 0.024 0.168 0.016 0.042 0.08 0.009 0.038 0.091
191 L 0.043 0.019 0.014 0.015 0.014 0.013 0.018 0.02 0.01 0.182 0.232 0.022 0.035 0.109 0.013 0.024 0.034 0.007 0.03 0.147
192 L 0.04 0.029 0.019 0.02 0.012 0.06 0.032 0.025 0.015 0.073 0.216 0.033 0.065 0.174 0.014 0.029 0.03 0.009 0.04 0.065
193 C 0.059 0.02 0.019 0.019 0.188 0.015 0.021 0.027 0.008 0.128 0.094 0.025 0.023 0.027 0.016 0.04 0.085 0.005 0.016 0.167
194 L 0.104 0.025 0.021 0.022 0.015 0.019 0.027 0.037 0.012 0.076 0.187 0.03 0.027 0.038 0.017 0.077 0.041 0.094 0.026 0.106
195 I 0.039 0.019 0.016 0.016 0.012 0.014 0.019 0.021 0.021 0.191 0.114 0.023 0.026 0.134 0.013 0.025 0.03 0.014 0.149 0.103
196 Q 0.051 0.067 0.04 0.043 0.008 0.286 0.094 0.037 0.027 0.024 0.043 0.083 0.019 0.013 0.021 0.051 0.037 0.005 0.019 0.032
197 F 0.034 0.021 0.018 0.016 0.009 0.015 0.021 0.023 0.029 0.049 0.083 0.023 0.02 0.281 0.012 0.026 0.024 0.02 0.23 0.046
198 F 0.035 0.02 0.015 0.015 0.011 0.013 0.019 0.022 0.018 0.07 0.206 0.021 0.029 0.258 0.011 0.024 0.026 0.014 0.11 0.061
199 V 0.06 0.023 0.02 0.019 0.016 0.017 0.024 0.025 0.014 0.114 0.099 0.027 0.025 0.045 0.017 0.039 0.087 0.008 0.078 0.241
200 L 0.042 0.035 0.018 0.018 0.013 0.021 0.027 0.023 0.016 0.081 0.305 0.077 0.035 0.055 0.015 0.028 0.03 0.009 0.079 0.07
201 G 0.056 0.047 0.03 0.03 0.01 0.028 0.038 0.207 0.014 0.035 0.099 0.135 0.017 0.02 0.106 0.042 0.032 0.005 0.014 0.037
202 F 0.037 0.032 0.018 0.019 0.011 0.018 0.025 0.025 0.014 0.068 0.203 0.074 0.029 0.24 0.013 0.027 0.028 0.011 0.05 0.059
203 K 0.111 0.116 0.037 0.035 0.012 0.037 0.049 0.047 0.017 0.031 0.045 0.155 0.015 0.017 0.024 0.098 0.09 0.005 0.016 0.042
204 G 0.111 0.031 0.031 0.03 0.012 0.064 0.038 0.3 0.015 0.034 0.059 0.041 0.05 0.02 0.019 0.05 0.033 0.005 0.014 0.041
205 D 0.037 0.027 0.063 0.452 0.007 0.027 0.083 0.042 0.017 0.02 0.025 0.041 0.008 0.014 0.02 0.047 0.032 0.003 0.01 0.022
206 F 0.036 0.033 0.021 0.02 0.009 0.02 0.028 0.026 0.025 0.046 0.079 0.075 0.02 0.263 0.014 0.029 0.026 0.017 0.17 0.044
207 I 0.042 0.018 0.013 0.015 0.015 0.013 0.017 0.019 0.008 0.26 0.246 0.022 0.037 0.043 0.013 0.023 0.034 0.006 0.019 0.136
208 G 0.071 0.021 0.036 0.031 0.01 0.017 0.023 0.555 0.012 0.017 0.026 0.031 0.009 0.015 0.017 0.047 0.027 0.005 0.01 0.022
209 G 0.071 0.021 0.036 0.031 0.01 0.017 0.023 0.555 0.012 0.017 0.026 0.031 0.009 0.015 0.017 0.047 0.027 0.005 0.01 0.022
210 I 0.05 0.017 0.014 0.016 0.016 0.013 0.018 0.02 0.008 0.275 0.141 0.022 0.032 0.038 0.014 0.025 0.039 0.005 0.019 0.219
211 F 0.031 0.017 0.015 0.015 0.01 0.01 0.017 0.023 0.015 0.058 0.104 0.017 0.023 0.443 0.01 0.023 0.023 0.015 0.081 0.05
212 G 0.071 0.021 0.036 0.031 0.01 0.017 0.023 0.555 0.012 0.017 0.026 0.031 0.009 0.015 0.017 0.047 0.027 0.005 0.01 0.022
213 T 0.052 0.037 0.154 0.048 0.012 0.029 0.041 0.045 0.085 0.035 0.045 0.044 0.015 0.021 0.022 0.07 0.177 0.005 0.022 0.044
214 E 0.062 0.039 0.097 0.059 0.012 0.038 0.148 0.044 0.02 0.031 0.042 0.053 0.014 0.018 0.024 0.104 0.136 0.005 0.015 0.041
215 I 0.047 0.036 0.023 0.022 0.013 0.023 0.031 0.026 0.078 0.162 0.155 0.079 0.028 0.034 0.016 0.031 0.035 0.006 0.024 0.132
216 G 0.071 0.021 0.036 0.031 0.01 0.017 0.023 0.555 0.012 0.017 0.026 0.031 0.009 0.015 0.017 0.047 0.027 0.005 0.01 0.022
217 V 0.089 0.025 0.026 0.027 0.015 0.02 0.03 0.037 0.011 0.113 0.081 0.034 0.021 0.025 0.107 0.087 0.091 0.005 0.016 0.138
218 A 0.312 0.03 0.028 0.03 0.019 0.024 0.039 0.069 0.014 0.037 0.051 0.042 0.016 0.02 0.027 0.113 0.05 0.005 0.016 0.058
219 N 0.039 0.041 0.379 0.076 0.008 0.031 0.045 0.059 0.029 0.02 0.029 0.049 0.01 0.016 0.018 0.063 0.045 0.004 0.014 0.025
220 T 0.066 0.032 0.039 0.034 0.016 0.025 0.036 0.039 0.013 0.048 0.059 0.041 0.018 0.022 0.025 0.084 0.315 0.005 0.016 0.065
221 Y 0.035 0.025 0.019 0.016 0.008 0.019 0.025 0.023 0.038 0.038 0.06 0.027 0.016 0.108 0.013 0.027 0.025 0.111 0.327 0.04
222 L 0.042 0.021 0.014 0.015 0.015 0.016 0.019 0.02 0.01 0.18 0.297 0.024 0.073 0.046 0.013 0.024 0.033 0.006 0.02 0.111
223 H 0.038 0.041 0.159 0.048 0.007 0.033 0.047 0.043 0.285 0.021 0.033 0.044 0.013 0.024 0.018 0.047 0.031 0.006 0.039 0.022
224 I 0.05 0.017 0.014 0.016 0.016 0.013 0.018 0.02 0.008 0.275 0.141 0.022 0.032 0.038 0.014 0.025 0.039 0.005 0.019 0.219
225 L 0.036 0.02 0.014 0.015 0.012 0.012 0.018 0.021 0.012 0.081 0.268 0.02 0.034 0.246 0.011 0.023 0.027 0.011 0.05 0.069
226 L 0.041 0.021 0.013 0.014 0.015 0.014 0.018 0.019 0.009 0.144 0.386 0.023 0.043 0.048 0.013 0.022 0.031 0.006 0.02 0.1
227 L 0.045 0.02 0.013 0.015 0.015 0.014 0.018 0.02 0.008 0.19 0.287 0.023 0.038 0.044 0.013 0.024 0.035 0.006 0.02 0.153
228 V 0.048 0.02 0.015 0.016 0.015 0.015 0.02 0.021 0.014 0.186 0.173 0.024 0.031 0.052 0.014 0.026 0.036 0.009 0.079 0.187
229 F 0.041 0.02 0.015 0.016 0.012 0.013 0.019 0.022 0.016 0.124 0.162 0.022 0.028 0.188 0.012 0.025 0.031 0.012 0.1 0.121
230 L 0.041 0.019 0.014 0.015 0.013 0.013 0.018 0.021 0.011 0.135 0.224 0.021 0.033 0.176 0.012 0.024 0.031 0.009 0.04 0.128
231 C 0.108 0.021 0.02 0.02 0.188 0.016 0.023 0.035 0.009 0.109 0.084 0.027 0.021 0.025 0.018 0.048 0.085 0.005 0.015 0.121
232 L 0.04 0.022 0.015 0.016 0.013 0.016 0.02 0.021 0.016 0.123 0.227 0.024 0.067 0.124 0.013 0.025 0.03 0.011 0.09 0.085
233 S 0.185 0.034 0.041 0.039 0.017 0.028 0.044 0.064 0.016 0.031 0.043 0.046 0.015 0.019 0.027 0.22 0.065 0.005 0.016 0.046
234 L 0.049 0.019 0.014 0.015 0.016 0.014 0.019 0.02 0.008 0.197 0.234 0.023 0.036 0.041 0.014 0.025 0.037 0.006 0.019 0.194
235 V 0.071 0.027 0.029 0.027 0.017 0.021 0.03 0.034 0.011 0.095 0.085 0.034 0.023 0.027 0.02 0.092 0.14 0.005 0.017 0.196
236 D 0.04 0.043 0.157 0.185 0.008 0.031 0.058 0.044 0.025 0.024 0.035 0.092 0.011 0.032 0.019 0.05 0.036 0.008 0.074 0.028
237 Y 0.034 0.026 0.078 0.026 0.008 0.02 0.027 0.03 0.031 0.032 0.052 0.029 0.015 0.081 0.012 0.032 0.027 0.193 0.213 0.034
238 L 0.043 0.023 0.02 0.018 0.013 0.017 0.023 0.023 0.077 0.129 0.212 0.025 0.032 0.107 0.014 0.026 0.032 0.008 0.035 0.124
239 S 0.067 0.031 0.092 0.038 0.099 0.024 0.036 0.045 0.021 0.034 0.048 0.039 0.015 0.036 0.021 0.132 0.095 0.008 0.076 0.043
240 R 0.059 0.158 0.102 0.112 0.01 0.034 0.053 0.047 0.02 0.023 0.036 0.068 0.013 0.017 0.021 0.129 0.048 0.005 0.015 0.03
241 N 0.048 0.051 0.208 0.056 0.008 0.074 0.053 0.135 0.024 0.021 0.032 0.101 0.012 0.015 0.02 0.056 0.039 0.005 0.015 0.026
242 I 0.055 0.048 0.027 0.028 0.013 0.028 0.038 0.033 0.013 0.143 0.142 0.134 0.026 0.03 0.019 0.076 0.042 0.005 0.018 0.084
243 G 0.08 0.032 0.1 0.045 0.013 0.026 0.039 0.225 0.018 0.023 0.032 0.043 0.012 0.017 0.022 0.172 0.054 0.005 0.014 0.03
244 F 0.047 0.019 0.018 0.018 0.013 0.013 0.019 0.11 0.011 0.121 0.156 0.022 0.027 0.17 0.013 0.028 0.031 0.009 0.038 0.118
245 L 0.046 0.019 0.013 0.015 0.015 0.013 0.018 0.02 0.008 0.229 0.24 0.022 0.037 0.042 0.013 0.024 0.036 0.006 0.019 0.165
246 K 0.048 0.054 0.093 0.039 0.01 0.033 0.046 0.038 0.083 0.08 0.059 0.14 0.017 0.022 0.021 0.051 0.082 0.005 0.022 0.055
247 L 0.036 0.02 0.014 0.015 0.012 0.012 0.018 0.021 0.012 0.081 0.268 0.02 0.034 0.246 0.011 0.023 0.027 0.011 0.05 0.069
248 L 0.101 0.024 0.019 0.02 0.016 0.018 0.025 0.032 0.01 0.092 0.255 0.029 0.033 0.037 0.018 0.043 0.083 0.006 0.019 0.121
249 I 0.064 0.025 0.027 0.026 0.015 0.02 0.029 0.034 0.017 0.153 0.094 0.032 0.024 0.045 0.018 0.114 0.049 0.008 0.078 0.129
250 Y 0.043 0.021 0.017 0.017 0.012 0.016 0.022 0.021 0.025 0.157 0.102 0.025 0.024 0.078 0.014 0.027 0.032 0.015 0.199 0.131
251 V 0.052 0.018 0.014 0.016 0.102 0.013 0.018 0.022 0.008 0.187 0.172 0.022 0.031 0.036 0.014 0.027 0.038 0.005 0.018 0.189
252 I 0.101 0.02 0.015 0.017 0.102 0.015 0.021 0.03 0.009 0.168 0.162 0.025 0.029 0.033 0.016 0.035 0.038 0.005 0.017 0.143
253 E 0.069 0.034 0.035 0.05 0.012 0.035 0.145 0.04 0.017 0.045 0.049 0.049 0.015 0.019 0.109 0.125 0.049 0.004 0.015 0.083
254 I 0.062 0.023 0.024 0.024 0.102 0.018 0.025 0.032 0.01 0.157 0.097 0.029 0.024 0.029 0.018 0.081 0.09 0.005 0.017 0.135
255 L 0.092 0.021 0.015 0.017 0.015 0.015 0.021 0.029 0.011 0.125 0.268 0.025 0.035 0.109 0.015 0.032 0.033 0.008 0.029 0.089
256 L 0.052 0.024 0.021 0.02 0.013 0.017 0.025 0.028 0.017 0.081 0.198 0.027 0.029 0.119 0.015 0.069 0.038 0.011 0.089 0.107
257 V 0.053 0.018 0.014 0.016 0.016 0.014 0.019 0.021 0.008 0.243 0.136 0.023 0.031 0.036 0.014 0.026 0.041 0.005 0.019 0.248
258 A 0.27 0.031 0.032 0.033 0.018 0.026 0.04 0.068 0.015 0.035 0.049 0.043 0.015 0.019 0.027 0.148 0.055 0.005 0.016 0.054
259 A 0.258 0.025 0.021 0.023 0.019 0.021 0.032 0.055 0.011 0.076 0.075 0.035 0.02 0.024 0.023 0.061 0.045 0.005 0.017 0.153
260 L 0.052 0.02 0.014 0.015 0.016 0.014 0.019 0.021 0.008 0.166 0.229 0.023 0.035 0.04 0.014 0.026 0.039 0.006 0.019 0.224
261 G 0.175 0.028 0.036 0.034 0.015 0.024 0.036 0.229 0.014 0.028 0.039 0.04 0.013 0.018 0.024 0.138 0.049 0.005 0.014 0.041
262 E 0.05 0.045 0.037 0.082 0.007 0.059 0.36 0.032 0.023 0.02 0.033 0.069 0.012 0.015 0.023 0.05 0.033 0.005 0.015 0.028
263 L 0.04 0.022 0.013 0.014 0.015 0.015 0.018 0.019 0.009 0.105 0.432 0.023 0.045 0.05 0.013 0.022 0.03 0.006 0.02 0.087
264 K 0.052 0.097 0.038 0.038 0.008 0.049 0.064 0.039 0.019 0.025 0.039 0.344 0.014 0.014 0.025 0.049 0.036 0.005 0.016 0.03
265 I 0.039 0.016 0.014 0.016 0.013 0.011 0.016 0.02 0.01 0.244 0.136 0.02 0.03 0.174 0.012 0.023 0.032 0.009 0.039 0.124
266 L 0.044 0.021 0.015 0.016 0.014 0.015 0.019 0.021 0.011 0.141 0.236 0.024 0.069 0.11 0.013 0.025 0.034 0.008 0.03 0.134
267 F 0.032 0.019 0.016 0.016 0.009 0.011 0.019 0.023 0.02 0.055 0.097 0.019 0.022 0.389 0.01 0.024 0.023 0.017 0.131 0.049
268 I 0.048 0.018 0.014 0.016 0.015 0.013 0.018 0.02 0.008 0.252 0.191 0.022 0.034 0.04 0.014 0.024 0.037 0.005 0.019 0.192
269 E 0.05 0.045 0.037 0.082 0.007 0.059 0.36 0.032 0.023 0.02 0.033 0.069 0.012 0.015 0.023 0.05 0.033 0.005 0.015 0.028
270 L 0.095 0.022 0.016 0.018 0.016 0.017 0.022 0.029 0.01 0.169 0.234 0.027 0.068 0.041 0.016 0.033 0.036 0.006 0.019 0.107
271 I 0.051 0.019 0.015 0.018 0.015 0.014 0.021 0.022 0.008 0.222 0.121 0.025 0.028 0.033 0.102 0.028 0.039 0.005 0.018 0.197
272 I 0.046 0.017 0.014 0.016 0.015 0.013 0.017 0.019 0.008 0.306 0.147 0.022 0.033 0.039 0.014 0.024 0.038 0.005 0.019 0.19
273 I 0.049 0.018 0.014 0.016 0.016 0.013 0.018 0.02 0.008 0.236 0.188 0.022 0.034 0.039 0.014 0.025 0.038 0.005 0.019 0.207
274 L 0.091 0.021 0.016 0.018 0.014 0.015 0.022 0.029 0.016 0.153 0.16 0.025 0.028 0.119 0.015 0.033 0.033 0.01 0.089 0.094
275 L 0.041 0.02 0.013 0.015 0.015 0.014 0.018 0.019 0.009 0.182 0.339 0.022 0.041 0.047 0.013 0.022 0.032 0.006 0.02 0.112
276 L 0.042 0.019 0.013 0.015 0.015 0.013 0.017 0.019 0.009 0.221 0.292 0.022 0.039 0.045 0.013 0.022 0.033 0.006 0.02 0.124
277 C 0.071 0.025 0.03 0.028 0.187 0.02 0.029 0.04 0.012 0.087 0.068 0.033 0.018 0.023 0.02 0.127 0.094 0.005 0.015 0.067
278 L 0.042 0.025 0.049 0.023 0.011 0.018 0.025 0.028 0.024 0.062 0.188 0.028 0.027 0.133 0.014 0.05 0.032 0.014 0.149 0.057
279 L 0.093 0.022 0.015 0.016 0.016 0.016 0.021 0.028 0.01 0.133 0.323 0.026 0.038 0.043 0.015 0.031 0.034 0.006 0.019 0.095
280 L 0.037 0.02 0.015 0.015 0.012 0.013 0.019 0.021 0.017 0.117 0.215 0.022 0.031 0.191 0.012 0.024 0.028 0.012 0.1 0.08
281 G 0.109 0.036 0.029 0.029 0.013 0.024 0.034 0.128 0.014 0.084 0.069 0.084 0.018 0.092 0.02 0.085 0.04 0.007 0.026 0.061
282 K 0.052 0.117 0.033 0.032 0.009 0.076 0.052 0.12 0.018 0.075 0.057 0.155 0.017 0.019 0.02 0.043 0.034 0.005 0.016 0.05
283 K 0.045 0.059 0.026 0.026 0.01 0.031 0.041 0.03 0.015 0.057 0.181 0.182 0.026 0.097 0.018 0.036 0.032 0.007 0.028 0.052
284 T 0.068 0.03 0.044 0.105 0.014 0.025 0.044 0.129 0.014 0.035 0.044 0.041 0.014 0.019 0.023 0.106 0.18 0.005 0.014 0.046
285 I 0.038 0.02 0.016 0.016 0.011 0.015 0.02 0.022 0.02 0.186 0.105 0.024 0.025 0.069 0.013 0.024 0.03 0.101 0.146 0.099
286 K 0.05 0.143 0.038 0.037 0.008 0.087 0.066 0.037 0.021 0.024 0.04 0.261 0.015 0.014 0.023 0.048 0.036 0.005 0.016 0.03
287 R 0.054 0.165 0.032 0.029 0.011 0.034 0.041 0.034 0.017 0.087 0.082 0.111 0.054 0.025 0.019 0.079 0.041 0.005 0.017 0.061
288 L 0.041 0.019 0.014 0.015 0.013 0.013 0.018 0.021 0.011 0.135 0.224 0.021 0.033 0.176 0.012 0.024 0.031 0.009 0.04 0.128
289 A 0.153 0.026 0.024 0.024 0.015 0.02 0.03 0.045 0.019 0.051 0.124 0.033 0.022 0.112 0.02 0.086 0.041 0.01 0.088 0.057
290 K 0.048 0.139 0.094 0.042 0.008 0.045 0.058 0.041 0.021 0.024 0.038 0.256 0.013 0.015 0.023 0.05 0.037 0.005 0.015 0.029
291 L 0.054 0.024 0.021 0.021 0.015 0.018 0.024 0.028 0.012 0.128 0.171 0.028 0.064 0.105 0.015 0.07 0.041 0.007 0.029 0.126
292 L 0.046 0.021 0.017 0.017 0.014 0.015 0.019 0.108 0.01 0.129 0.318 0.024 0.037 0.042 0.014 0.026 0.031 0.006 0.018 0.089
293 L 0.053 0.023 0.02 0.02 0.015 0.016 0.024 0.027 0.011 0.092 0.26 0.027 0.034 0.107 0.015 0.068 0.039 0.007 0.029 0.114
294 I 0.048 0.019 0.016 0.017 0.015 0.014 0.019 0.021 0.008 0.243 0.186 0.024 0.033 0.039 0.015 0.029 0.06 0.005 0.019 0.17
295 V 0.066 0.024 0.028 0.026 0.014 0.019 0.028 0.12 0.012 0.075 0.077 0.031 0.02 0.094 0.018 0.084 0.088 0.007 0.027 0.141
296 L 0.051 0.02 0.018 0.018 0.101 0.015 0.021 0.025 0.01 0.123 0.154 0.024 0.027 0.101 0.015 0.037 0.08 0.007 0.028 0.125
297 L 0.048 0.021 0.016 0.018 0.014 0.016 0.022 0.023 0.01 0.174 0.178 0.027 0.064 0.036 0.101 0.028 0.036 0.005 0.018 0.143
298 G 0.063 0.023 0.027 0.025 0.013 0.017 0.025 0.206 0.012 0.062 0.124 0.029 0.021 0.096 0.016 0.077 0.038 0.007 0.026 0.093
299 I 0.051 0.019 0.017 0.018 0.014 0.014 0.019 0.109 0.009 0.214 0.172 0.024 0.03 0.036 0.014 0.028 0.035 0.005 0.018 0.154
300 V 0.109 0.021 0.016 0.018 0.017 0.016 0.023 0.03 0.009 0.163 0.113 0.026 0.027 0.032 0.017 0.037 0.044 0.005 0.018 0.261
301 L 0.106 0.022 0.019 0.02 0.016 0.017 0.023 0.118 0.01 0.094 0.197 0.027 0.029 0.033 0.017 0.038 0.037 0.005 0.017 0.155
302 L 0.042 0.022 0.018 0.018 0.013 0.015 0.021 0.024 0.012 0.08 0.261 0.024 0.033 0.176 0.014 0.033 0.075 0.009 0.04 0.071
303 I 0.112 0.022 0.025 0.025 0.101 0.018 0.026 0.126 0.011 0.133 0.08 0.03 0.02 0.025 0.019 0.083 0.042 0.005 0.015 0.083
304 V 0.053 0.018 0.014 0.016 0.016 0.014 0.019 0.021 0.008 0.243 0.136 0.023 0.031 0.036 0.014 0.026 0.041 0.005 0.019 0.248
305 A 0.174 0.032 0.037 0.035 0.017 0.026 0.04 0.057 0.014 0.038 0.05 0.044 0.016 0.02 0.026 0.151 0.145 0.005 0.016 0.055
306 I 0.046 0.018 0.014 0.016 0.015 0.013 0.017 0.019 0.008 0.267 0.194 0.022 0.035 0.04 0.014 0.024 0.037 0.005 0.019 0.178
307 P 0.052 0.023 0.021 0.028 0.009 0.019 0.033 0.033 0.012 0.023 0.033 0.038 0.009 0.012 0.54 0.04 0.033 0.002 0.012 0.028
308 I 0.046 0.017 0.014 0.016 0.015 0.013 0.017 0.019 0.008 0.306 0.147 0.022 0.033 0.039 0.014 0.024 0.038 0.005 0.019 0.19
309 L 0.042 0.023 0.014 0.015 0.015 0.017 0.02 0.02 0.01 0.103 0.39 0.025 0.077 0.049 0.013 0.024 0.031 0.007 0.021 0.087
310 Y 0.044 0.028 0.022 0.028 0.01 0.025 0.081 0.024 0.033 0.055 0.067 0.034 0.018 0.087 0.016 0.032 0.03 0.019 0.259 0.089
311 Q 0.057 0.12 0.04 0.046 0.009 0.126 0.118 0.039 0.022 0.024 0.04 0.123 0.015 0.015 0.023 0.089 0.042 0.005 0.017 0.031
312 L 0.047 0.023 0.015 0.016 0.015 0.018 0.021 0.022 0.011 0.147 0.249 0.026 0.104 0.043 0.014 0.027 0.036 0.006 0.02 0.14
313 F 0.054 0.024 0.027 0.025 0.012 0.016 0.027 0.035 0.016 0.047 0.082 0.028 0.02 0.301 0.015 0.112 0.04 0.012 0.059 0.046
314 P 0.052 0.023 0.021 0.028 0.009 0.019 0.033 0.033 0.012 0.023 0.033 0.038 0.009 0.012 0.54 0.04 0.033 0.002 0.012 0.028
315 F 0.048 0.024 0.029 0.094 0.012 0.019 0.034 0.032 0.015 0.099 0.1 0.03 0.057 0.167 0.016 0.073 0.038 0.009 0.038 0.067
316 F 0.031 0.017 0.015 0.015 0.01 0.01 0.017 0.023 0.015 0.058 0.104 0.017 0.023 0.443 0.01 0.023 0.023 0.015 0.081 0.05
317 K 0.043 0.118 0.155 0.118 0.008 0.038 0.058 0.045 0.022 0.022 0.034 0.156 0.012 0.015 0.021 0.052 0.038 0.004 0.014 0.026
318 N 0.046 0.036 0.212 0.132 0.008 0.032 0.1 0.134 0.023 0.02 0.028 0.048 0.01 0.015 0.019 0.056 0.038 0.004 0.013 0.024
319 F 0.031 0.017 0.015 0.015 0.01 0.01 0.017 0.023 0.015 0.058 0.104 0.017 0.023 0.443 0.01 0.023 0.023 0.015 0.081 0.05
320 F 0.032 0.018 0.015 0.015 0.01 0.01 0.017 0.022 0.014 0.066 0.159 0.018 0.027 0.377 0.01 0.023 0.024 0.014 0.071 0.056
