#Seq2Logo.py -f /work3/idamei/ssn-clusterings/clustering/2205110921/clusters/0023_180/sequences.afa -o /work3/idamei/ssn-clusterings/clustering/2205110921/clusters/0023_180/sequences.logo
#Position Specific Frequency Matrix
A R N D C Q E G H I L K M F P S T W Y V
0 M 0.05 0.031 0.019 0.019 0.015 0.027 0.027 0.027 0.015 0.096 0.187 0.034 0.201 0.046 0.015 0.034 0.038 0.008 0.023 0.088
1 I 0.047 0.018 0.015 0.018 0.016 0.013 0.018 0.021 0.009 0.271 0.168 0.024 0.037 0.044 0.015 0.025 0.04 0.006 0.021 0.177
2 T 0.073 0.036 0.043 0.038 0.018 0.028 0.039 0.043 0.014 0.053 0.065 0.045 0.02 0.024 0.028 0.093 0.246 0.006 0.018 0.071
3 G 0.118 0.025 0.034 0.031 0.013 0.02 0.029 0.36 0.013 0.026 0.036 0.036 0.011 0.017 0.066 0.058 0.055 0.005 0.012 0.035
4 Y 0.064 0.025 0.022 0.02 0.011 0.02 0.026 0.073 0.035 0.064 0.075 0.03 0.019 0.098 0.016 0.035 0.029 0.021 0.259 0.056
5 I 0.047 0.018 0.016 0.019 0.016 0.014 0.019 0.022 0.009 0.283 0.151 0.024 0.034 0.04 0.015 0.03 0.06 0.006 0.019 0.159
6 A 0.287 0.031 0.026 0.03 0.022 0.026 0.041 0.079 0.015 0.043 0.06 0.045 0.018 0.022 0.03 0.085 0.05 0.005 0.018 0.069
7 L 0.052 0.021 0.017 0.018 0.016 0.015 0.021 0.023 0.009 0.189 0.208 0.025 0.036 0.041 0.015 0.032 0.061 0.006 0.02 0.175
8 L 0.076 0.021 0.017 0.018 0.061 0.016 0.021 0.028 0.01 0.169 0.211 0.026 0.034 0.04 0.016 0.041 0.039 0.006 0.019 0.131
9 V 0.115 0.025 0.023 0.024 0.018 0.02 0.029 0.039 0.011 0.143 0.113 0.032 0.026 0.031 0.02 0.08 0.05 0.005 0.019 0.177
10 L 0.051 0.023 0.017 0.018 0.016 0.017 0.022 0.023 0.01 0.159 0.244 0.027 0.053 0.043 0.015 0.032 0.059 0.006 0.02 0.146
11 F 0.034 0.019 0.016 0.016 0.01 0.012 0.019 0.024 0.018 0.063 0.132 0.02 0.026 0.357 0.011 0.025 0.025 0.016 0.103 0.055
12 L 0.055 0.022 0.021 0.021 0.015 0.016 0.023 0.072 0.011 0.15 0.178 0.027 0.031 0.072 0.016 0.044 0.06 0.007 0.025 0.137
13 L 0.049 0.021 0.018 0.019 0.015 0.015 0.021 0.025 0.011 0.169 0.203 0.025 0.034 0.11 0.015 0.046 0.038 0.008 0.032 0.127
14 T 0.113 0.029 0.031 0.029 0.062 0.022 0.033 0.043 0.012 0.078 0.075 0.037 0.02 0.025 0.024 0.072 0.174 0.005 0.017 0.1
15 S 0.096 0.028 0.032 0.03 0.061 0.022 0.033 0.088 0.013 0.085 0.1 0.037 0.022 0.027 0.022 0.108 0.093 0.005 0.017 0.081
16 L 0.044 0.021 0.017 0.018 0.014 0.015 0.02 0.023 0.011 0.163 0.198 0.025 0.049 0.128 0.014 0.031 0.056 0.008 0.035 0.108
17 L 0.066 0.023 0.015 0.016 0.06 0.016 0.021 0.026 0.011 0.093 0.297 0.025 0.054 0.079 0.015 0.03 0.033 0.007 0.026 0.086
18 C 0.186 0.025 0.023 0.025 0.19 0.02 0.03 0.054 0.012 0.051 0.063 0.034 0.017 0.021 0.023 0.08 0.046 0.005 0.015 0.081
19 L 0.039 0.024 0.017 0.016 0.012 0.016 0.022 0.022 0.023 0.076 0.228 0.025 0.032 0.145 0.013 0.026 0.029 0.016 0.152 0.067
20 L 0.044 0.021 0.015 0.017 0.015 0.015 0.019 0.022 0.01 0.173 0.264 0.024 0.046 0.08 0.014 0.027 0.045 0.007 0.026 0.115
21 E 0.053 0.047 0.039 0.086 0.007 0.061 0.33 0.033 0.025 0.021 0.035 0.072 0.012 0.016 0.025 0.053 0.035 0.005 0.016 0.03
22 E 0.051 0.106 0.047 0.141 0.008 0.051 0.15 0.039 0.055 0.022 0.036 0.084 0.013 0.017 0.023 0.067 0.038 0.005 0.019 0.029
23 Y 0.04 0.091 0.026 0.021 0.009 0.026 0.032 0.026 0.068 0.042 0.09 0.046 0.02 0.09 0.016 0.032 0.028 0.019 0.233 0.044
24 L 0.043 0.021 0.014 0.016 0.015 0.015 0.019 0.021 0.01 0.193 0.247 0.024 0.054 0.08 0.014 0.025 0.034 0.007 0.026 0.123
25 G 0.061 0.104 0.041 0.037 0.009 0.057 0.053 0.175 0.052 0.023 0.037 0.14 0.014 0.017 0.022 0.067 0.037 0.005 0.019 0.029
26 K 0.052 0.125 0.04 0.076 0.009 0.064 0.089 0.037 0.026 0.036 0.048 0.182 0.016 0.017 0.023 0.048 0.037 0.005 0.017 0.055
27 Y 0.066 0.037 0.083 0.032 0.01 0.026 0.035 0.037 0.037 0.036 0.056 0.061 0.016 0.086 0.018 0.043 0.033 0.019 0.229 0.042
28 Y 0.048 0.051 0.033 0.033 0.009 0.12 0.065 0.033 0.038 0.035 0.058 0.061 0.02 0.073 0.019 0.043 0.034 0.017 0.17 0.041
29 K 0.05 0.166 0.067 0.041 0.008 0.084 0.066 0.04 0.023 0.025 0.042 0.194 0.015 0.015 0.023 0.05 0.038 0.005 0.017 0.031
30 L 0.044 0.064 0.052 0.026 0.012 0.023 0.03 0.03 0.015 0.085 0.184 0.062 0.029 0.083 0.016 0.037 0.055 0.054 0.031 0.069
31 P 0.078 0.029 0.025 0.027 0.013 0.041 0.037 0.036 0.017 0.053 0.091 0.039 0.02 0.067 0.189 0.05 0.059 0.007 0.053 0.071
32 L 0.07 0.021 0.016 0.017 0.016 0.015 0.021 0.026 0.01 0.181 0.258 0.026 0.038 0.05 0.015 0.031 0.043 0.006 0.021 0.119
33 Y 0.038 0.025 0.02 0.018 0.01 0.019 0.025 0.024 0.037 0.05 0.084 0.028 0.036 0.17 0.014 0.029 0.027 0.023 0.272 0.05
34 L 0.041 0.019 0.014 0.016 0.014 0.013 0.018 0.021 0.011 0.185 0.213 0.022 0.035 0.147 0.013 0.024 0.033 0.009 0.038 0.116
35 L 0.057 0.025 0.024 0.023 0.015 0.018 0.026 0.031 0.012 0.103 0.21 0.03 0.032 0.102 0.017 0.073 0.064 0.008 0.03 0.1
36 L 0.043 0.021 0.015 0.016 0.015 0.015 0.019 0.021 0.01 0.175 0.266 0.024 0.057 0.081 0.014 0.025 0.034 0.007 0.027 0.116
37 G 0.073 0.024 0.035 0.031 0.057 0.019 0.027 0.354 0.013 0.033 0.069 0.033 0.014 0.02 0.019 0.068 0.057 0.005 0.013 0.038
38 V 0.05 0.02 0.016 0.017 0.015 0.015 0.02 0.023 0.011 0.157 0.16 0.023 0.047 0.131 0.014 0.027 0.037 0.008 0.036 0.173
39 V 0.087 0.025 0.023 0.024 0.016 0.019 0.029 0.036 0.012 0.113 0.126 0.032 0.034 0.066 0.064 0.076 0.047 0.006 0.024 0.141
40 L 0.043 0.024 0.014 0.015 0.015 0.016 0.02 0.021 0.01 0.109 0.385 0.025 0.061 0.052 0.014 0.024 0.032 0.007 0.021 0.091
41 I 0.053 0.018 0.015 0.017 0.016 0.014 0.019 0.021 0.008 0.252 0.147 0.023 0.033 0.039 0.015 0.027 0.041 0.005 0.02 0.218
42 L 0.042 0.022 0.014 0.015 0.015 0.015 0.019 0.02 0.01 0.134 0.354 0.024 0.044 0.073 0.013 0.023 0.032 0.007 0.025 0.1
43 L 0.053 0.021 0.017 0.018 0.016 0.016 0.021 0.023 0.009 0.183 0.207 0.026 0.035 0.041 0.016 0.032 0.061 0.006 0.02 0.18
44 A 0.324 0.03 0.024 0.028 0.021 0.024 0.039 0.075 0.014 0.041 0.057 0.042 0.017 0.021 0.028 0.081 0.048 0.005 0.017 0.066
45 G 0.093 0.022 0.036 0.032 0.011 0.018 0.025 0.499 0.013 0.02 0.029 0.033 0.01 0.016 0.019 0.051 0.03 0.005 0.011 0.026
46 L 0.046 0.023 0.019 0.018 0.014 0.016 0.021 0.07 0.011 0.087 0.286 0.025 0.037 0.112 0.014 0.032 0.053 0.008 0.031 0.076
47 R 0.042 0.376 0.037 0.03 0.007 0.046 0.05 0.031 0.022 0.022 0.044 0.114 0.015 0.017 0.018 0.042 0.033 0.006 0.017 0.03
48 E 0.053 0.047 0.034 0.065 0.008 0.05 0.225 0.034 0.021 0.029 0.049 0.084 0.029 0.018 0.114 0.049 0.035 0.005 0.016 0.035
49 V 0.061 0.02 0.015 0.017 0.018 0.015 0.021 0.022 0.008 0.197 0.134 0.024 0.031 0.036 0.015 0.029 0.045 0.005 0.02 0.267
50 G 0.075 0.022 0.037 0.032 0.01 0.018 0.024 0.533 0.013 0.018 0.027 0.032 0.009 0.015 0.018 0.049 0.028 0.005 0.01 0.023
51 I 0.048 0.019 0.016 0.018 0.015 0.014 0.018 0.067 0.009 0.222 0.214 0.024 0.036 0.042 0.014 0.026 0.036 0.006 0.019 0.138
52 D 0.039 0.028 0.066 0.426 0.007 0.028 0.087 0.044 0.018 0.021 0.027 0.043 0.009 0.014 0.021 0.05 0.034 0.004 0.011 0.023
53 P 0.054 0.025 0.022 0.03 0.01 0.02 0.034 0.034 0.012 0.025 0.034 0.039 0.01 0.012 0.518 0.042 0.034 0.002 0.012 0.03
54 D 0.039 0.028 0.066 0.426 0.007 0.028 0.087 0.044 0.018 0.021 0.027 0.043 0.009 0.014 0.021 0.05 0.034 0.004 0.011 0.023
55 S 0.105 0.038 0.052 0.047 0.017 0.032 0.05 0.063 0.018 0.028 0.04 0.052 0.015 0.02 0.028 0.257 0.078 0.005 0.017 0.04
56 L 0.074 0.033 0.044 0.078 0.012 0.035 0.116 0.035 0.016 0.079 0.171 0.044 0.026 0.031 0.027 0.052 0.038 0.006 0.018 0.066
57 N 0.041 0.043 0.349 0.079 0.009 0.032 0.047 0.062 0.03 0.021 0.03 0.051 0.011 0.017 0.019 0.066 0.047 0.004 0.015 0.026
58 Y 0.039 0.027 0.021 0.018 0.009 0.021 0.027 0.024 0.044 0.042 0.065 0.03 0.018 0.125 0.015 0.03 0.027 0.027 0.35 0.044
59 E 0.077 0.046 0.037 0.081 0.008 0.058 0.304 0.037 0.024 0.023 0.037 0.069 0.013 0.016 0.025 0.055 0.036 0.005 0.016 0.033
60 Y 0.085 0.039 0.058 0.037 0.012 0.05 0.068 0.04 0.028 0.048 0.069 0.058 0.036 0.055 0.02 0.066 0.044 0.012 0.124 0.051
61 T 0.096 0.032 0.037 0.033 0.017 0.025 0.037 0.045 0.013 0.061 0.094 0.041 0.021 0.026 0.025 0.107 0.18 0.006 0.018 0.086
62 F 0.036 0.023 0.019 0.017 0.009 0.016 0.023 0.024 0.032 0.05 0.085 0.024 0.021 0.257 0.013 0.027 0.026 0.022 0.23 0.048
63 L 0.05 0.128 0.031 0.028 0.012 0.059 0.044 0.031 0.05 0.077 0.169 0.061 0.028 0.031 0.018 0.055 0.037 0.006 0.022 0.063
64 N 0.046 0.043 0.223 0.062 0.009 0.033 0.049 0.054 0.148 0.022 0.033 0.049 0.012 0.021 0.02 0.075 0.043 0.005 0.028 0.026
65 Y 0.041 0.027 0.023 0.02 0.009 0.021 0.029 0.025 0.069 0.062 0.068 0.031 0.018 0.098 0.061 0.031 0.028 0.021 0.263 0.052
66 D 0.044 0.027 0.036 0.144 0.01 0.022 0.045 0.033 0.024 0.045 0.091 0.033 0.019 0.124 0.017 0.05 0.054 0.013 0.124 0.046
67 S 0.1 0.045 0.06 0.078 0.014 0.052 0.056 0.054 0.018 0.032 0.044 0.075 0.015 0.019 0.026 0.146 0.1 0.005 0.016 0.044
68 S 0.11 0.04 0.054 0.049 0.018 0.033 0.052 0.066 0.019 0.03 0.042 0.054 0.016 0.021 0.03 0.22 0.082 0.005 0.018 0.042
69 S 0.11 0.04 0.054 0.049 0.018 0.033 0.052 0.066 0.019 0.03 0.042 0.054 0.016 0.021 0.03 0.22 0.082 0.005 0.018 0.042
70 S 0.101 0.032 0.066 0.04 0.014 0.026 0.04 0.097 0.016 0.052 0.049 0.044 0.015 0.02 0.122 0.141 0.056 0.004 0.015 0.049
71 N 0.061 0.053 0.187 0.057 0.012 0.03 0.043 0.121 0.022 0.027 0.038 0.05 0.013 0.018 0.022 0.099 0.092 0.005 0.015 0.036
72 A 0.15 0.061 0.03 0.068 0.015 0.029 0.066 0.047 0.015 0.08 0.084 0.048 0.036 0.025 0.023 0.058 0.063 0.005 0.017 0.081
73 L 0.07 0.032 0.03 0.055 0.015 0.044 0.046 0.035 0.014 0.079 0.168 0.04 0.043 0.032 0.02 0.067 0.089 0.006 0.019 0.093
74 G 0.054 0.038 0.043 0.148 0.008 0.035 0.128 0.173 0.018 0.024 0.038 0.07 0.012 0.052 0.021 0.051 0.033 0.006 0.019 0.029
75 N 0.052 0.035 0.146 0.046 0.012 0.028 0.038 0.089 0.054 0.05 0.108 0.042 0.066 0.029 0.018 0.067 0.042 0.006 0.021 0.049
76 V 0.06 0.022 0.018 0.018 0.017 0.016 0.022 0.024 0.009 0.174 0.153 0.026 0.034 0.037 0.016 0.034 0.065 0.006 0.02 0.231
77 E 0.051 0.045 0.041 0.122 0.007 0.058 0.304 0.035 0.024 0.021 0.034 0.069 0.012 0.016 0.024 0.052 0.035 0.005 0.015 0.029
78 Y 0.042 0.026 0.02 0.02 0.01 0.02 0.027 0.026 0.033 0.045 0.075 0.031 0.034 0.124 0.106 0.032 0.029 0.02 0.235 0.046
79 S 0.101 0.038 0.051 0.046 0.017 0.031 0.049 0.061 0.018 0.03 0.042 0.051 0.015 0.02 0.028 0.242 0.097 0.005 0.017 0.042
80 F 0.035 0.022 0.018 0.017 0.01 0.015 0.022 0.024 0.029 0.052 0.089 0.023 0.021 0.284 0.012 0.027 0.025 0.021 0.205 0.049
81 L 0.053 0.022 0.018 0.019 0.016 0.016 0.022 0.024 0.009 0.168 0.215 0.026 0.035 0.04 0.016 0.034 0.072 0.006 0.02 0.167
82 L 0.043 0.022 0.014 0.015 0.06 0.015 0.019 0.022 0.01 0.099 0.347 0.023 0.042 0.082 0.013 0.025 0.031 0.007 0.026 0.085
83 L 0.042 0.021 0.014 0.015 0.015 0.014 0.018 0.02 0.01 0.171 0.297 0.023 0.041 0.082 0.013 0.023 0.033 0.007 0.026 0.114
84 S 0.121 0.038 0.049 0.045 0.017 0.031 0.049 0.064 0.018 0.029 0.041 0.051 0.015 0.02 0.028 0.244 0.076 0.005 0.017 0.042
85 A 0.105 0.043 0.061 0.04 0.013 0.052 0.071 0.046 0.021 0.048 0.075 0.072 0.05 0.033 0.022 0.074 0.062 0.008 0.048 0.054
86 L 0.043 0.019 0.014 0.016 0.015 0.013 0.018 0.02 0.01 0.21 0.235 0.023 0.038 0.088 0.013 0.024 0.034 0.007 0.028 0.132
87 L 0.065 0.022 0.015 0.016 0.014 0.015 0.02 0.026 0.012 0.108 0.27 0.024 0.037 0.148 0.014 0.029 0.032 0.009 0.038 0.086
88 N 0.054 0.056 0.267 0.069 0.01 0.032 0.047 0.082 0.027 0.023 0.032 0.053 0.012 0.018 0.021 0.099 0.051 0.005 0.015 0.028
89 L 0.073 0.03 0.038 0.025 0.036 0.021 0.029 0.033 0.047 0.094 0.171 0.047 0.028 0.087 0.017 0.043 0.051 0.007 0.031 0.093
90 F 0.036 0.018 0.016 0.016 0.012 0.011 0.018 0.023 0.014 0.127 0.123 0.019 0.027 0.314 0.011 0.024 0.028 0.013 0.067 0.084
91 T 0.071 0.033 0.041 0.036 0.016 0.026 0.037 0.086 0.013 0.047 0.058 0.042 0.018 0.022 0.026 0.087 0.256 0.006 0.016 0.063
92 D 0.048 0.036 0.137 0.191 0.009 0.031 0.062 0.049 0.088 0.025 0.034 0.046 0.012 0.019 0.021 0.075 0.062 0.005 0.021 0.029
93 D 0.045 0.032 0.116 0.329 0.008 0.029 0.076 0.049 0.02 0.022 0.028 0.045 0.01 0.015 0.022 0.072 0.04 0.004 0.012 0.025
94 V 0.066 0.021 0.016 0.018 0.018 0.016 0.023 0.025 0.008 0.145 0.116 0.026 0.028 0.032 0.061 0.032 0.046 0.005 0.019 0.279
95 H 0.04 0.044 0.051 0.036 0.007 0.036 0.051 0.036 0.386 0.022 0.036 0.044 0.015 0.029 0.018 0.04 0.025 0.007 0.055 0.022
96 I 0.097 0.02 0.016 0.019 0.016 0.015 0.022 0.031 0.01 0.197 0.154 0.026 0.031 0.072 0.016 0.035 0.039 0.007 0.025 0.151
97 L 0.043 0.023 0.014 0.015 0.015 0.015 0.019 0.02 0.01 0.128 0.383 0.024 0.046 0.051 0.014 0.023 0.032 0.007 0.021 0.099
98 F 0.032 0.018 0.016 0.016 0.01 0.01 0.018 0.024 0.016 0.06 0.109 0.018 0.024 0.416 0.01 0.024 0.024 0.016 0.085 0.052
99 L 0.042 0.022 0.014 0.015 0.015 0.015 0.019 0.021 0.01 0.122 0.351 0.023 0.044 0.09 0.013 0.023 0.032 0.008 0.028 0.094
100 F 0.041 0.019 0.015 0.016 0.013 0.012 0.019 0.023 0.013 0.113 0.158 0.021 0.03 0.254 0.012 0.025 0.031 0.012 0.057 0.117
101 Y 0.039 0.027 0.021 0.018 0.009 0.021 0.027 0.024 0.044 0.042 0.065 0.03 0.018 0.125 0.015 0.03 0.027 0.027 0.35 0.044
102 A 0.324 0.03 0.024 0.028 0.021 0.024 0.039 0.075 0.014 0.041 0.057 0.042 0.017 0.021 0.028 0.081 0.048 0.005 0.017 0.066
103 L 0.041 0.02 0.015 0.016 0.014 0.014 0.019 0.021 0.011 0.158 0.236 0.022 0.044 0.148 0.013 0.024 0.032 0.009 0.038 0.105
104 L 0.041 0.023 0.015 0.016 0.014 0.016 0.02 0.023 0.012 0.109 0.257 0.025 0.067 0.117 0.013 0.025 0.031 0.055 0.037 0.085
105 G 0.075 0.022 0.037 0.032 0.01 0.018 0.024 0.533 0.013 0.018 0.027 0.032 0.009 0.015 0.018 0.049 0.028 0.005 0.01 0.023
106 V 0.062 0.021 0.015 0.017 0.018 0.016 0.022 0.023 0.008 0.148 0.175 0.025 0.033 0.037 0.015 0.03 0.044 0.006 0.02 0.265
107 G 0.098 0.029 0.037 0.034 0.015 0.023 0.033 0.225 0.014 0.04 0.076 0.039 0.017 0.022 0.023 0.095 0.112 0.005 0.015 0.049
108 L 0.041 0.02 0.014 0.016 0.014 0.013 0.018 0.021 0.01 0.172 0.262 0.022 0.039 0.115 0.013 0.024 0.033 0.008 0.032 0.112
109 K 0.054 0.102 0.04 0.04 0.008 0.051 0.067 0.041 0.02 0.026 0.041 0.312 0.015 0.015 0.026 0.051 0.038 0.005 0.016 0.031
110 F 0.04 0.024 0.017 0.017 0.013 0.017 0.021 0.024 0.015 0.082 0.191 0.025 0.093 0.215 0.013 0.028 0.031 0.011 0.051 0.072
111 L 0.043 0.022 0.017 0.017 0.013 0.016 0.021 0.023 0.021 0.128 0.149 0.025 0.044 0.145 0.014 0.027 0.032 0.014 0.124 0.107
112 A 0.301 0.029 0.026 0.029 0.02 0.024 0.037 0.116 0.014 0.039 0.054 0.041 0.016 0.02 0.027 0.078 0.046 0.005 0.016 0.062
113 F 0.034 0.018 0.016 0.016 0.011 0.011 0.018 0.023 0.015 0.087 0.14 0.019 0.027 0.349 0.011 0.024 0.026 0.014 0.073 0.066
114 R 0.047 0.295 0.038 0.032 0.008 0.045 0.052 0.034 0.021 0.026 0.045 0.144 0.015 0.017 0.021 0.048 0.057 0.005 0.017 0.033
115 K 0.053 0.121 0.04 0.04 0.008 0.087 0.071 0.04 0.021 0.026 0.042 0.253 0.016 0.015 0.025 0.051 0.038 0.005 0.017 0.032
116 L 0.046 0.029 0.038 0.024 0.013 0.021 0.028 0.028 0.055 0.07 0.214 0.032 0.031 0.064 0.016 0.045 0.055 0.012 0.113 0.065
117 S 0.091 0.036 0.046 0.041 0.017 0.029 0.044 0.054 0.016 0.041 0.078 0.047 0.019 0.023 0.026 0.197 0.12 0.005 0.017 0.051
118 E 0.062 0.05 0.085 0.081 0.01 0.064 0.158 0.045 0.023 0.026 0.039 0.085 0.014 0.017 0.024 0.095 0.068 0.005 0.016 0.035
119 F 0.054 0.06 0.03 0.027 0.057 0.027 0.033 0.034 0.046 0.048 0.08 0.04 0.035 0.14 0.018 0.071 0.07 0.01 0.069 0.051
120 W 0.037 0.024 0.019 0.018 0.01 0.017 0.024 0.027 0.023 0.061 0.069 0.026 0.018 0.091 0.012 0.031 0.049 0.245 0.148 0.051
121 F 0.033 0.018 0.016 0.016 0.011 0.01 0.018 0.024 0.015 0.083 0.113 0.018 0.025 0.382 0.01 0.024 0.025 0.015 0.079 0.063
122 L 0.046 0.023 0.014 0.015 0.016 0.015 0.02 0.021 0.009 0.125 0.356 0.024 0.044 0.049 0.014 0.024 0.034 0.007 0.021 0.124
123 P 0.082 0.026 0.025 0.029 0.012 0.021 0.034 0.04 0.014 0.035 0.055 0.039 0.027 0.053 0.337 0.066 0.04 0.005 0.021 0.04
124 L 0.052 0.022 0.015 0.016 0.016 0.016 0.02 0.022 0.01 0.158 0.221 0.025 0.051 0.065 0.014 0.027 0.039 0.007 0.024 0.18
125 L 0.128 0.026 0.02 0.022 0.017 0.021 0.028 0.039 0.012 0.109 0.166 0.033 0.06 0.035 0.019 0.048 0.063 0.006 0.019 0.127
126 V 0.055 0.02 0.015 0.016 0.061 0.014 0.02 0.023 0.009 0.156 0.175 0.023 0.032 0.072 0.014 0.029 0.039 0.006 0.025 0.195
127 Y 0.039 0.027 0.021 0.018 0.009 0.021 0.027 0.024 0.044 0.042 0.065 0.03 0.018 0.125 0.015 0.03 0.027 0.027 0.35 0.044
128 I 0.045 0.02 0.015 0.017 0.015 0.015 0.019 0.021 0.01 0.233 0.219 0.024 0.06 0.045 0.014 0.025 0.037 0.006 0.02 0.14
129 S 0.118 0.034 0.044 0.041 0.061 0.028 0.043 0.104 0.016 0.03 0.042 0.046 0.015 0.02 0.026 0.202 0.067 0.005 0.016 0.042
130 Y 0.036 0.025 0.049 0.023 0.009 0.018 0.025 0.027 0.033 0.047 0.078 0.027 0.019 0.221 0.014 0.031 0.028 0.021 0.223 0.046
131 Y 0.037 0.025 0.02 0.017 0.009 0.019 0.025 0.024 0.039 0.045 0.073 0.028 0.019 0.178 0.014 0.029 0.026 0.025 0.302 0.046
132 F 0.036 0.023 0.019 0.017 0.009 0.016 0.023 0.024 0.032 0.05 0.085 0.024 0.021 0.257 0.013 0.027 0.026 0.022 0.23 0.048
133 I 0.055 0.027 0.024 0.037 0.059 0.028 0.105 0.027 0.013 0.154 0.102 0.038 0.025 0.03 0.018 0.04 0.061 0.005 0.018 0.136
134 L 0.051 0.026 0.019 0.019 0.015 0.02 0.024 0.027 0.012 0.098 0.26 0.029 0.082 0.079 0.015 0.048 0.038 0.008 0.027 0.102
135 H 0.04 0.044 0.051 0.036 0.007 0.036 0.051 0.036 0.386 0.022 0.036 0.044 0.015 0.029 0.018 0.04 0.025 0.007 0.055 0.022
136 E 0.05 0.044 0.044 0.148 0.007 0.055 0.286 0.035 0.023 0.021 0.034 0.067 0.012 0.016 0.024 0.052 0.035 0.005 0.015 0.029
137 L 0.054 0.022 0.016 0.016 0.195 0.017 0.02 0.026 0.01 0.086 0.195 0.025 0.076 0.037 0.015 0.033 0.036 0.006 0.018 0.096
138 T 0.061 0.032 0.031 0.028 0.016 0.027 0.033 0.035 0.014 0.071 0.119 0.039 0.101 0.033 0.021 0.064 0.171 0.007 0.02 0.077
139 Q 0.053 0.07 0.042 0.045 0.008 0.252 0.098 0.039 0.028 0.025 0.045 0.087 0.02 0.014 0.022 0.053 0.039 0.006 0.02 0.034
140 I 0.045 0.018 0.014 0.017 0.015 0.014 0.018 0.02 0.009 0.287 0.162 0.024 0.05 0.042 0.014 0.025 0.038 0.006 0.02 0.161
141 R 0.042 0.376 0.037 0.03 0.007 0.046 0.05 0.031 0.022 0.022 0.044 0.114 0.015 0.017 0.018 0.042 0.033 0.006 0.017 0.03
142 T 0.139 0.033 0.037 0.034 0.018 0.026 0.038 0.05 0.013 0.048 0.061 0.043 0.018 0.022 0.027 0.086 0.218 0.005 0.017 0.067
143 G 0.097 0.023 0.036 0.032 0.011 0.019 0.026 0.492 0.013 0.02 0.03 0.033 0.01 0.016 0.019 0.052 0.03 0.005 0.011 0.027
144 V 0.082 0.02 0.016 0.018 0.017 0.015 0.022 0.027 0.009 0.2 0.131 0.026 0.031 0.036 0.016 0.033 0.044 0.005 0.019 0.233
145 L 0.073 0.024 0.015 0.017 0.016 0.017 0.022 0.026 0.01 0.111 0.303 0.027 0.055 0.045 0.015 0.031 0.037 0.006 0.021 0.127
146 S 0.105 0.038 0.052 0.047 0.017 0.032 0.05 0.063 0.018 0.028 0.04 0.052 0.015 0.02 0.028 0.257 0.078 0.005 0.017 0.04
147 G 0.165 0.025 0.033 0.031 0.014 0.02 0.03 0.367 0.013 0.026 0.038 0.036 0.012 0.017 0.022 0.061 0.035 0.005 0.013 0.039
148 L 0.048 0.023 0.016 0.016 0.06 0.017 0.021 0.024 0.011 0.117 0.24 0.026 0.081 0.078 0.014 0.029 0.035 0.007 0.026 0.11
149 F 0.035 0.02 0.015 0.016 0.012 0.012 0.018 0.023 0.014 0.076 0.203 0.02 0.032 0.3 0.011 0.024 0.027 0.013 0.064 0.065
150 L 0.042 0.023 0.014 0.014 0.015 0.015 0.019 0.02 0.01 0.11 0.405 0.024 0.047 0.052 0.014 0.023 0.032 0.007 0.021 0.092
151 L 0.046 0.022 0.014 0.016 0.016 0.016 0.02 0.021 0.01 0.148 0.315 0.025 0.057 0.048 0.014 0.025 0.035 0.006 0.021 0.125
152 A 0.218 0.032 0.034 0.034 0.018 0.027 0.042 0.066 0.018 0.037 0.051 0.045 0.016 0.03 0.027 0.14 0.057 0.007 0.047 0.054
153 L 0.047 0.02 0.014 0.016 0.016 0.014 0.019 0.021 0.009 0.192 0.265 0.024 0.04 0.045 0.014 0.025 0.037 0.006 0.02 0.156
154 K 0.05 0.057 0.033 0.03 0.011 0.034 0.045 0.034 0.058 0.042 0.084 0.136 0.019 0.051 0.021 0.048 0.078 0.011 0.111 0.046
155 P 0.072 0.036 0.026 0.031 0.011 0.028 0.062 0.034 0.054 0.044 0.11 0.063 0.02 0.043 0.155 0.041 0.033 0.009 0.08 0.046
156 I 0.046 0.024 0.019 0.021 0.014 0.036 0.027 0.024 0.011 0.232 0.131 0.03 0.03 0.039 0.015 0.032 0.059 0.052 0.023 0.134
157 G 0.163 0.026 0.031 0.03 0.061 0.021 0.031 0.231 0.013 0.035 0.047 0.037 0.014 0.019 0.023 0.067 0.082 0.005 0.014 0.049
158 E 0.05 0.051 0.044 0.14 0.007 0.072 0.241 0.037 0.023 0.022 0.035 0.09 0.013 0.015 0.024 0.052 0.035 0.005 0.015 0.029
159 G 0.063 0.071 0.066 0.04 0.009 0.031 0.053 0.31 0.017 0.021 0.032 0.11 0.011 0.016 0.02 0.051 0.033 0.005 0.013 0.026
160 K 0.049 0.132 0.068 0.048 0.008 0.058 0.098 0.04 0.055 0.024 0.04 0.185 0.014 0.017 0.023 0.05 0.036 0.005 0.02 0.029
161 K 0.049 0.214 0.038 0.035 0.008 0.049 0.06 0.037 0.021 0.025 0.042 0.231 0.015 0.016 0.023 0.047 0.036 0.005 0.017 0.031
162 K 0.046 0.11 0.03 0.029 0.009 0.037 0.048 0.033 0.017 0.044 0.115 0.18 0.021 0.062 0.02 0.04 0.033 0.053 0.028 0.044
163 K 0.051 0.089 0.03 0.029 0.011 0.034 0.044 0.033 0.015 0.082 0.099 0.156 0.022 0.028 0.02 0.043 0.058 0.052 0.022 0.081
164 A 0.324 0.03 0.024 0.028 0.021 0.024 0.039 0.075 0.014 0.041 0.057 0.042 0.017 0.021 0.028 0.081 0.048 0.005 0.017 0.066
165 L 0.083 0.022 0.017 0.018 0.015 0.015 0.022 0.03 0.012 0.102 0.239 0.026 0.034 0.145 0.015 0.034 0.04 0.009 0.038 0.083
166 L 0.073 0.023 0.019 0.019 0.015 0.016 0.023 0.074 0.013 0.095 0.226 0.027 0.033 0.101 0.016 0.035 0.045 0.009 0.044 0.097
167 L 0.042 0.021 0.015 0.015 0.037 0.015 0.019 0.021 0.013 0.131 0.283 0.023 0.038 0.094 0.013 0.025 0.032 0.009 0.057 0.095
168 L 0.044 0.02 0.014 0.016 0.015 0.014 0.018 0.02 0.009 0.217 0.271 0.023 0.041 0.047 0.014 0.024 0.035 0.006 0.02 0.133
169 L 0.05 0.023 0.017 0.018 0.016 0.017 0.022 0.024 0.01 0.13 0.312 0.026 0.041 0.052 0.015 0.045 0.038 0.006 0.021 0.115
170 I 0.125 0.022 0.019 0.021 0.017 0.017 0.024 0.082 0.01 0.176 0.139 0.029 0.028 0.034 0.018 0.042 0.04 0.006 0.018 0.132
171 G 0.078 0.022 0.037 0.032 0.01 0.018 0.025 0.526 0.013 0.018 0.027 0.032 0.009 0.016 0.018 0.049 0.029 0.005 0.01 0.024
172 S 0.094 0.032 0.04 0.037 0.016 0.025 0.04 0.051 0.017 0.047 0.089 0.042 0.02 0.095 0.023 0.177 0.068 0.007 0.029 0.051
173 F 0.043 0.02 0.015 0.016 0.058 0.013 0.019 0.023 0.012 0.088 0.201 0.021 0.032 0.212 0.012 0.026 0.031 0.011 0.049 0.099
174 F 0.033 0.018 0.016 0.016 0.011 0.01 0.018 0.024 0.015 0.083 0.113 0.018 0.025 0.382 0.01 0.024 0.025 0.015 0.079 0.063
175 H 0.04 0.044 0.051 0.036 0.007 0.036 0.051 0.036 0.386 0.022 0.036 0.044 0.015 0.029 0.018 0.04 0.025 0.007 0.055 0.022
176 Y 0.044 0.024 0.018 0.018 0.012 0.019 0.024 0.023 0.029 0.127 0.107 0.028 0.04 0.087 0.015 0.029 0.033 0.017 0.2 0.108
177 S 0.105 0.038 0.052 0.047 0.017 0.032 0.05 0.063 0.018 0.028 0.04 0.052 0.015 0.02 0.028 0.257 0.078 0.005 0.017 0.04
178 G 0.193 0.028 0.034 0.033 0.016 0.023 0.035 0.239 0.014 0.03 0.043 0.04 0.014 0.019 0.025 0.101 0.046 0.005 0.014 0.045
179 L 0.043 0.022 0.014 0.015 0.015 0.015 0.019 0.02 0.009 0.146 0.361 0.024 0.045 0.05 0.014 0.023 0.033 0.007 0.021 0.106
180 L 0.123 0.024 0.02 0.021 0.017 0.019 0.026 0.037 0.011 0.156 0.17 0.031 0.046 0.037 0.019 0.046 0.062 0.006 0.019 0.11
181 L 0.068 0.023 0.015 0.016 0.016 0.016 0.021 0.025 0.01 0.101 0.36 0.025 0.043 0.066 0.015 0.028 0.033 0.007 0.024 0.087
182 L 0.041 0.022 0.014 0.015 0.015 0.015 0.019 0.021 0.01 0.112 0.354 0.023 0.044 0.101 0.013 0.023 0.031 0.008 0.03 0.09
183 P 0.054 0.025 0.022 0.03 0.01 0.02 0.034 0.034 0.012 0.025 0.034 0.039 0.01 0.012 0.518 0.042 0.034 0.002 0.012 0.03
184 L 0.047 0.023 0.019 0.019 0.015 0.016 0.022 0.025 0.011 0.119 0.243 0.026 0.035 0.111 0.015 0.036 0.078 0.008 0.032 0.1
185 L 0.043 0.022 0.014 0.015 0.015 0.015 0.019 0.02 0.009 0.137 0.372 0.024 0.046 0.051 0.014 0.023 0.033 0.007 0.021 0.102
186 F 0.037 0.019 0.016 0.016 0.012 0.011 0.019 0.023 0.014 0.077 0.16 0.02 0.029 0.321 0.011 0.025 0.028 0.014 0.068 0.082
187 L 0.041 0.022 0.014 0.015 0.014 0.014 0.019 0.021 0.011 0.101 0.351 0.023 0.043 0.118 0.013 0.023 0.03 0.008 0.033 0.084
188 G 0.082 0.04 0.087 0.055 0.013 0.03 0.045 0.189 0.019 0.024 0.035 0.07 0.013 0.018 0.024 0.151 0.056 0.005 0.015 0.032
189 N 0.052 0.042 0.295 0.073 0.01 0.032 0.048 0.062 0.028 0.023 0.032 0.051 0.011 0.018 0.021 0.101 0.053 0.004 0.015 0.028
190 K 0.051 0.089 0.043 0.078 0.008 0.048 0.091 0.04 0.053 0.025 0.039 0.239 0.014 0.016 0.025 0.05 0.036 0.005 0.019 0.029
191 P 0.052 0.033 0.03 0.075 0.01 0.049 0.097 0.034 0.019 0.037 0.046 0.048 0.014 0.025 0.247 0.043 0.035 0.006 0.045 0.056
192 L 0.043 0.024 0.016 0.017 0.014 0.018 0.022 0.023 0.013 0.114 0.25 0.027 0.098 0.115 0.014 0.027 0.033 0.009 0.033 0.09
193 N 0.054 0.044 0.208 0.06 0.011 0.032 0.046 0.054 0.023 0.028 0.038 0.073 0.013 0.018 0.067 0.084 0.091 0.004 0.015 0.035
194 K 0.052 0.098 0.033 0.032 0.01 0.038 0.049 0.08 0.018 0.042 0.093 0.191 0.035 0.058 0.021 0.044 0.035 0.006 0.023 0.043
195 K 0.053 0.127 0.039 0.039 0.008 0.051 0.066 0.04 0.02 0.026 0.041 0.294 0.015 0.015 0.026 0.05 0.037 0.005 0.016 0.031
196 E 0.054 0.103 0.036 0.045 0.01 0.077 0.118 0.102 0.02 0.032 0.046 0.067 0.015 0.021 0.02 0.051 0.064 0.052 0.021 0.046
197 R 0.054 0.18 0.053 0.037 0.01 0.058 0.055 0.039 0.02 0.03 0.051 0.146 0.016 0.018 0.023 0.064 0.083 0.005 0.017 0.038
198 L 0.047 0.021 0.017 0.018 0.015 0.015 0.021 0.023 0.013 0.189 0.193 0.025 0.034 0.066 0.015 0.031 0.058 0.008 0.053 0.137
199 L 0.068 0.029 0.018 0.019 0.014 0.019 0.026 0.028 0.015 0.116 0.201 0.052 0.039 0.117 0.016 0.032 0.033 0.01 0.062 0.086
200 W 0.033 0.021 0.014 0.015 0.01 0.014 0.02 0.026 0.013 0.072 0.13 0.022 0.023 0.088 0.009 0.022 0.025 0.332 0.055 0.055
201 L 0.079 0.023 0.023 0.022 0.059 0.018 0.024 0.122 0.014 0.102 0.14 0.03 0.041 0.049 0.017 0.042 0.057 0.008 0.049 0.08
202 A 0.146 0.027 0.025 0.025 0.107 0.021 0.03 0.047 0.012 0.06 0.138 0.035 0.032 0.029 0.022 0.075 0.076 0.005 0.017 0.072
203 L 0.105 0.025 0.019 0.02 0.017 0.018 0.026 0.035 0.011 0.094 0.283 0.03 0.037 0.042 0.018 0.053 0.04 0.006 0.02 0.102
204 I 0.05 0.018 0.014 0.017 0.016 0.014 0.018 0.021 0.008 0.25 0.173 0.023 0.035 0.041 0.014 0.026 0.04 0.006 0.02 0.196
205 P 0.052 0.024 0.02 0.026 0.011 0.018 0.03 0.031 0.012 0.048 0.083 0.035 0.016 0.055 0.38 0.038 0.034 0.004 0.02 0.062
206 L 0.124 0.026 0.022 0.023 0.017 0.019 0.028 0.039 0.012 0.103 0.18 0.032 0.032 0.069 0.02 0.051 0.082 0.007 0.025 0.09
207 G 0.131 0.029 0.04 0.037 0.014 0.024 0.036 0.279 0.015 0.026 0.037 0.041 0.013 0.018 0.024 0.13 0.05 0.005 0.014 0.037
208 Y 0.039 0.027 0.021 0.018 0.009 0.021 0.027 0.024 0.044 0.042 0.065 0.03 0.018 0.125 0.015 0.03 0.027 0.027 0.35 0.044
209 L 0.051 0.021 0.014 0.016 0.016 0.015 0.02 0.021 0.009 0.164 0.246 0.024 0.038 0.055 0.014 0.026 0.038 0.006 0.022 0.183
210 I 0.047 0.018 0.014 0.017 0.015 0.013 0.018 0.021 0.009 0.239 0.171 0.023 0.034 0.076 0.014 0.025 0.038 0.007 0.026 0.175
211 F 0.068 0.024 0.022 0.021 0.011 0.018 0.026 0.032 0.028 0.048 0.08 0.028 0.02 0.225 0.015 0.053 0.032 0.018 0.181 0.049
212 F 0.04 0.021 0.019 0.018 0.012 0.014 0.021 0.024 0.019 0.105 0.133 0.024 0.027 0.226 0.013 0.031 0.051 0.014 0.109 0.077
213 L 0.085 0.027 0.028 0.026 0.015 0.021 0.029 0.127 0.012 0.085 0.167 0.034 0.042 0.033 0.02 0.067 0.084 0.006 0.018 0.074
214 G 0.072 0.022 0.035 0.03 0.011 0.018 0.024 0.487 0.013 0.026 0.061 0.031 0.012 0.019 0.018 0.047 0.029 0.005 0.011 0.029
215 L 0.079 0.028 0.024 0.024 0.015 0.039 0.032 0.078 0.013 0.096 0.122 0.034 0.033 0.1 0.018 0.045 0.07 0.008 0.03 0.113
216 S 0.11 0.037 0.102 0.05 0.015 0.03 0.046 0.107 0.02 0.027 0.038 0.049 0.014 0.019 0.026 0.187 0.065 0.005 0.016 0.038
217 F 0.048 0.021 0.018 0.019 0.014 0.015 0.021 0.025 0.012 0.14 0.127 0.024 0.044 0.175 0.014 0.032 0.057 0.01 0.043 0.14
218 L 0.044 0.025 0.048 0.023 0.014 0.018 0.024 0.027 0.013 0.104 0.244 0.028 0.05 0.111 0.015 0.034 0.056 0.008 0.032 0.083
219 L 0.048 0.023 0.016 0.016 0.015 0.017 0.021 0.023 0.011 0.111 0.235 0.025 0.066 0.112 0.014 0.028 0.036 0.008 0.033 0.142
220 G 0.078 0.023 0.039 0.034 0.011 0.019 0.026 0.51 0.014 0.019 0.028 0.034 0.009 0.016 0.019 0.051 0.03 0.005 0.011 0.024
221 N 0.081 0.036 0.163 0.093 0.012 0.029 0.046 0.099 0.021 0.033 0.05 0.046 0.029 0.02 0.022 0.089 0.069 0.005 0.015 0.04
222 F 0.046 0.026 0.071 0.032 0.013 0.018 0.027 0.033 0.016 0.124 0.11 0.031 0.026 0.151 0.016 0.044 0.071 0.009 0.042 0.094
223 G 0.077 0.036 0.137 0.055 0.012 0.029 0.042 0.214 0.021 0.024 0.034 0.047 0.012 0.018 0.023 0.114 0.054 0.005 0.015 0.031
224 L 0.062 0.028 0.028 0.027 0.016 0.021 0.031 0.034 0.012 0.077 0.183 0.035 0.029 0.033 0.066 0.072 0.133 0.006 0.018 0.091
225 D 0.052 0.035 0.158 0.241 0.009 0.03 0.067 0.054 0.022 0.023 0.03 0.047 0.011 0.016 0.022 0.093 0.046 0.004 0.013 0.027
226 L 0.046 0.019 0.014 0.016 0.016 0.014 0.018 0.02 0.009 0.23 0.235 0.023 0.038 0.045 0.014 0.024 0.037 0.006 0.02 0.156
227 P 0.054 0.025 0.022 0.03 0.01 0.02 0.034 0.034 0.012 0.025 0.034 0.039 0.01 0.012 0.518 0.042 0.034 0.002 0.012 0.03
228 Y 0.038 0.024 0.018 0.017 0.011 0.017 0.023 0.023 0.03 0.06 0.146 0.026 0.025 0.183 0.013 0.027 0.027 0.02 0.217 0.056
229 I 0.045 0.017 0.014 0.017 0.015 0.013 0.017 0.02 0.008 0.306 0.16 0.022 0.035 0.042 0.014 0.024 0.038 0.006 0.02 0.168
230 G 0.077 0.023 0.039 0.033 0.011 0.019 0.027 0.491 0.013 0.019 0.028 0.034 0.009 0.016 0.019 0.068 0.033 0.005 0.011 0.025
231 D 0.099 0.036 0.158 0.162 0.011 0.032 0.082 0.057 0.022 0.026 0.035 0.049 0.012 0.017 0.023 0.081 0.045 0.004 0.014 0.034
232 K 0.054 0.102 0.04 0.04 0.008 0.051 0.067 0.041 0.02 0.026 0.041 0.312 0.015 0.015 0.026 0.051 0.038 0.005 0.016 0.031
233 L 0.043 0.023 0.014 0.015 0.015 0.015 0.019 0.02 0.01 0.128 0.383 0.024 0.046 0.051 0.014 0.023 0.032 0.007 0.021 0.099
234 A 0.211 0.029 0.029 0.03 0.018 0.024 0.036 0.105 0.014 0.066 0.072 0.041 0.034 0.024 0.025 0.101 0.05 0.005 0.017 0.068
235 L 0.077 0.026 0.051 0.027 0.015 0.019 0.027 0.035 0.013 0.141 0.196 0.032 0.032 0.043 0.018 0.06 0.063 0.006 0.02 0.099
236 Y 0.039 0.027 0.021 0.018 0.009 0.021 0.027 0.024 0.044 0.042 0.065 0.03 0.018 0.125 0.015 0.03 0.027 0.027 0.35 0.044
237 Q 0.053 0.07 0.042 0.045 0.008 0.252 0.098 0.039 0.028 0.025 0.045 0.087 0.02 0.014 0.022 0.053 0.039 0.006 0.02 0.034
238 K 0.091 0.07 0.036 0.041 0.011 0.1 0.087 0.043 0.021 0.035 0.058 0.158 0.033 0.019 0.024 0.056 0.05 0.005 0.018 0.043
239 A 0.227 0.029 0.029 0.035 0.016 0.026 0.061 0.195 0.015 0.033 0.047 0.042 0.014 0.019 0.025 0.07 0.045 0.005 0.015 0.051
240 V 0.061 0.037 0.032 0.044 0.014 0.054 0.118 0.033 0.016 0.073 0.081 0.049 0.037 0.025 0.022 0.055 0.106 0.006 0.018 0.12
241 E 0.052 0.053 0.041 0.109 0.007 0.075 0.263 0.036 0.024 0.022 0.036 0.092 0.013 0.015 0.024 0.052 0.036 0.005 0.016 0.03
242 K 0.065 0.064 0.038 0.036 0.013 0.038 0.051 0.042 0.017 0.045 0.091 0.165 0.035 0.023 0.024 0.091 0.089 0.005 0.018 0.05
243 G 0.075 0.022 0.037 0.032 0.01 0.018 0.024 0.533 0.013 0.018 0.027 0.032 0.009 0.015 0.018 0.049 0.028 0.005 0.01 0.023
244 K 0.053 0.082 0.031 0.03 0.012 0.052 0.046 0.033 0.016 0.095 0.114 0.121 0.039 0.027 0.021 0.048 0.082 0.006 0.018 0.073
245 G 0.078 0.023 0.039 0.034 0.011 0.019 0.026 0.51 0.014 0.019 0.028 0.034 0.009 0.016 0.019 0.051 0.03 0.005 0.011 0.024
246 D 0.041 0.03 0.069 0.397 0.008 0.03 0.091 0.047 0.019 0.022 0.028 0.045 0.009 0.015 0.022 0.052 0.035 0.004 0.011 0.024
247 A 0.149 0.028 0.028 0.028 0.017 0.022 0.032 0.116 0.014 0.09 0.113 0.037 0.042 0.029 0.022 0.089 0.046 0.006 0.017 0.076
248 T 0.064 0.036 0.036 0.067 0.014 0.026 0.041 0.039 0.015 0.08 0.083 0.063 0.036 0.061 0.022 0.09 0.111 0.006 0.023 0.086
249 V 0.136 0.025 0.022 0.023 0.018 0.019 0.028 0.085 0.011 0.099 0.117 0.032 0.025 0.029 0.02 0.051 0.065 0.005 0.018 0.173
250 S 0.087 0.034 0.068 0.045 0.013 0.029 0.066 0.118 0.021 0.03 0.046 0.045 0.015 0.064 0.023 0.143 0.054 0.008 0.052 0.038
251 V 0.058 0.022 0.018 0.019 0.017 0.017 0.022 0.024 0.009 0.189 0.136 0.027 0.046 0.037 0.016 0.034 0.065 0.006 0.02 0.22
252 N 0.042 0.042 0.295 0.111 0.008 0.034 0.076 0.058 0.028 0.021 0.03 0.052 0.011 0.017 0.02 0.064 0.045 0.004 0.015 0.026
253 V 0.059 0.02 0.015 0.017 0.017 0.015 0.02 0.022 0.008 0.193 0.159 0.024 0.033 0.038 0.015 0.029 0.043 0.005 0.02 0.247
254 F 0.037 0.019 0.016 0.016 0.011 0.011 0.019 0.024 0.015 0.075 0.146 0.019 0.028 0.337 0.011 0.025 0.027 0.014 0.071 0.08
255 S 0.076 0.065 0.077 0.114 0.012 0.03 0.052 0.142 0.019 0.024 0.035 0.052 0.012 0.017 0.023 0.145 0.054 0.005 0.014 0.032
256 P 0.054 0.025 0.022 0.03 0.01 0.02 0.034 0.034 0.012 0.025 0.034 0.039 0.01 0.012 0.518 0.042 0.034 0.002 0.012 0.03
257 L 0.048 0.023 0.014 0.016 0.016 0.016 0.02 0.021 0.01 0.135 0.312 0.025 0.057 0.047 0.014 0.026 0.036 0.006 0.021 0.137
258 H 0.041 0.067 0.061 0.032 0.009 0.048 0.042 0.032 0.127 0.039 0.085 0.047 0.019 0.089 0.017 0.038 0.03 0.013 0.125 0.039
259 L 0.044 0.024 0.015 0.016 0.015 0.018 0.021 0.022 0.011 0.12 0.339 0.026 0.081 0.05 0.014 0.026 0.034 0.007 0.022 0.096
260 F 0.04 0.02 0.016 0.016 0.013 0.013 0.019 0.023 0.013 0.104 0.176 0.022 0.046 0.248 0.012 0.026 0.03 0.012 0.056 0.096
261 S 0.082 0.035 0.1 0.047 0.015 0.028 0.043 0.1 0.019 0.053 0.05 0.046 0.016 0.021 0.024 0.167 0.083 0.005 0.016 0.05
262 L 0.053 0.021 0.017 0.018 0.016 0.016 0.021 0.023 0.009 0.187 0.208 0.025 0.036 0.041 0.015 0.032 0.061 0.006 0.02 0.176
263 L 0.067 0.024 0.017 0.018 0.014 0.018 0.023 0.028 0.013 0.095 0.222 0.027 0.079 0.146 0.014 0.032 0.033 0.009 0.038 0.081
264 L 0.043 0.021 0.014 0.015 0.015 0.015 0.019 0.02 0.009 0.163 0.338 0.024 0.044 0.049 0.014 0.023 0.033 0.006 0.021 0.113
265 Y 0.037 0.024 0.019 0.017 0.01 0.018 0.024 0.024 0.032 0.053 0.091 0.026 0.037 0.217 0.013 0.028 0.027 0.021 0.23 0.051
266 Y 0.041 0.025 0.019 0.017 0.011 0.018 0.024 0.023 0.032 0.066 0.136 0.027 0.025 0.13 0.014 0.028 0.029 0.02 0.236 0.077
267 Y 0.038 0.026 0.02 0.018 0.009 0.02 0.026 0.024 0.042 0.043 0.069 0.029 0.018 0.151 0.014 0.029 0.026 0.026 0.326 0.045
268 L 0.046 0.024 0.017 0.017 0.016 0.017 0.021 0.023 0.01 0.121 0.332 0.027 0.057 0.048 0.015 0.03 0.056 0.007 0.021 0.096
269 L 0.05 0.026 0.019 0.019 0.015 0.019 0.024 0.026 0.012 0.113 0.27 0.029 0.083 0.071 0.015 0.048 0.038 0.007 0.025 0.09
270 Y 0.04 0.023 0.018 0.017 0.011 0.017 0.022 0.022 0.028 0.122 0.128 0.026 0.026 0.135 0.014 0.027 0.03 0.018 0.194 0.084
271 F 0.032 0.018 0.016 0.016 0.01 0.01 0.018 0.024 0.016 0.06 0.109 0.018 0.024 0.416 0.01 0.024 0.024 0.016 0.085 0.052
272 Y 0.055 0.107 0.038 0.033 0.01 0.057 0.05 0.038 0.089 0.029 0.048 0.083 0.016 0.048 0.02 0.08 0.039 0.011 0.114 0.035
273 D 0.045 0.054 0.068 0.255 0.008 0.057 0.092 0.043 0.02 0.023 0.033 0.122 0.012 0.015 0.023 0.051 0.036 0.004 0.013 0.027
274 T 0.093 0.034 0.04 0.035 0.017 0.026 0.038 0.045 0.013 0.049 0.061 0.043 0.018 0.022 0.027 0.091 0.256 0.006 0.017 0.067
275 L 0.046 0.019 0.014 0.016 0.016 0.014 0.018 0.02 0.009 0.23 0.235 0.023 0.038 0.045 0.014 0.024 0.037 0.006 0.02 0.156
276 T 0.061 0.061 0.032 0.034 0.014 0.027 0.06 0.035 0.014 0.1 0.083 0.045 0.022 0.061 0.021 0.076 0.126 0.006 0.024 0.096
277 K 0.076 0.074 0.037 0.045 0.01 0.058 0.112 0.04 0.053 0.034 0.074 0.173 0.018 0.02 0.024 0.05 0.036 0.005 0.02 0.039
278 K 0.045 0.057 0.033 0.035 0.009 0.036 0.071 0.033 0.087 0.04 0.087 0.136 0.019 0.104 0.02 0.04 0.031 0.01 0.067 0.04
279 N 0.049 0.035 0.206 0.054 0.056 0.026 0.038 0.049 0.025 0.055 0.081 0.042 0.017 0.032 0.018 0.071 0.045 0.007 0.046 0.048
280 K 0.057 0.071 0.065 0.054 0.01 0.042 0.082 0.042 0.019 0.037 0.046 0.192 0.015 0.017 0.069 0.064 0.042 0.005 0.016 0.056
281 Y 0.043 0.027 0.067 0.044 0.1 0.021 0.03 0.031 0.035 0.038 0.058 0.031 0.016 0.086 0.016 0.037 0.031 0.018 0.228 0.043
282 F 0.045 0.023 0.02 0.019 0.011 0.015 0.023 0.027 0.023 0.057 0.118 0.025 0.024 0.267 0.013 0.044 0.03 0.017 0.145 0.053
283 P 0.057 0.028 0.055 0.034 0.012 0.022 0.035 0.037 0.014 0.041 0.047 0.04 0.013 0.017 0.337 0.052 0.082 0.003 0.014 0.061
284 L 0.048 0.02 0.014 0.016 0.016 0.014 0.019 0.021 0.009 0.207 0.243 0.023 0.039 0.044 0.014 0.025 0.037 0.006 0.02 0.165
285 L 0.047 0.024 0.015 0.016 0.016 0.018 0.021 0.022 0.011 0.128 0.298 0.027 0.086 0.048 0.014 0.027 0.036 0.007 0.021 0.117
286 L 0.044 0.021 0.015 0.017 0.015 0.016 0.019 0.022 0.011 0.192 0.227 0.025 0.067 0.08 0.014 0.026 0.035 0.007 0.027 0.122
287 K 0.054 0.102 0.04 0.04 0.008 0.051 0.067 0.041 0.02 0.026 0.041 0.312 0.015 0.015 0.026 0.051 0.038 0.005 0.016 0.031
288 V 0.057 0.021 0.017 0.018 0.017 0.016 0.021 0.023 0.009 0.197 0.157 0.026 0.032 0.038 0.016 0.033 0.064 0.006 0.02 0.214
289 F 0.045 0.022 0.019 0.019 0.013 0.015 0.022 0.027 0.016 0.078 0.181 0.024 0.03 0.22 0.014 0.046 0.033 0.013 0.079 0.084
290 A 0.176 0.028 0.032 0.031 0.017 0.023 0.034 0.167 0.014 0.061 0.059 0.039 0.017 0.022 0.024 0.086 0.088 0.005 0.016 0.063
291 L 0.045 0.022 0.015 0.016 0.015 0.015 0.02 0.022 0.01 0.143 0.293 0.024 0.04 0.08 0.014 0.027 0.045 0.007 0.026 0.12
292 G 0.097 0.023 0.036 0.032 0.011 0.019 0.026 0.492 0.013 0.02 0.03 0.033 0.01 0.016 0.019 0.052 0.03 0.005 0.011 0.027
293 L 0.042 0.02 0.014 0.015 0.015 0.014 0.018 0.02 0.01 0.177 0.289 0.023 0.041 0.082 0.013 0.023 0.033 0.007 0.026 0.116
294 F 0.048 0.021 0.019 0.019 0.058 0.014 0.022 0.028 0.014 0.076 0.128 0.023 0.026 0.247 0.013 0.048 0.035 0.011 0.055 0.097
295 L 0.111 0.027 0.027 0.026 0.061 0.02 0.03 0.043 0.014 0.069 0.146 0.033 0.025 0.1 0.02 0.099 0.046 0.007 0.03 0.066
296 Y 0.038 0.028 0.025 0.021 0.009 0.022 0.03 0.026 0.101 0.041 0.068 0.03 0.018 0.16 0.015 0.031 0.026 0.021 0.248 0.042
297 A 0.137 0.03 0.029 0.034 0.017 0.026 0.061 0.046 0.013 0.085 0.075 0.041 0.02 0.025 0.046 0.08 0.101 0.005 0.017 0.111
298 A 0.18 0.031 0.033 0.032 0.018 0.025 0.038 0.058 0.014 0.068 0.093 0.042 0.021 0.025 0.025 0.127 0.076 0.005 0.017 0.069
299 L 0.038 0.021 0.015 0.015 0.013 0.013 0.019 0.022 0.013 0.087 0.266 0.021 0.036 0.223 0.012 0.024 0.028 0.011 0.051 0.073
300 A 0.189 0.032 0.038 0.036 0.017 0.026 0.041 0.153 0.016 0.032 0.044 0.044 0.015 0.019 0.026 0.147 0.057 0.005 0.016 0.047
301 F 0.04 0.02 0.019 0.019 0.011 0.012 0.021 0.027 0.016 0.08 0.107 0.022 0.024 0.346 0.012 0.045 0.03 0.014 0.072 0.062
302 L 0.04 0.021 0.014 0.015 0.014 0.014 0.019 0.021 0.011 0.114 0.302 0.022 0.04 0.15 0.013 0.023 0.03 0.009 0.038 0.088
303 P 0.054 0.025 0.022 0.03 0.01 0.02 0.034 0.034 0.012 0.025 0.034 0.039 0.01 0.012 0.518 0.042 0.034 0.002 0.012 0.03
304 V 0.09 0.022 0.017 0.018 0.018 0.017 0.024 0.028 0.008 0.146 0.118 0.026 0.029 0.033 0.017 0.036 0.047 0.005 0.019 0.282
305 L 0.043 0.022 0.014 0.015 0.015 0.015 0.019 0.021 0.011 0.14 0.314 0.024 0.057 0.083 0.013 0.024 0.033 0.007 0.027 0.102
306 A 0.281 0.03 0.028 0.03 0.019 0.024 0.038 0.115 0.014 0.038 0.052 0.042 0.016 0.02 0.027 0.094 0.049 0.005 0.016 0.059
307 L 0.051 0.049 0.031 0.041 0.011 0.131 0.112 0.032 0.021 0.06 0.149 0.061 0.027 0.027 0.02 0.043 0.037 0.006 0.019 0.073
308 R 0.042 0.376 0.037 0.03 0.007 0.046 0.05 0.031 0.022 0.022 0.044 0.114 0.015 0.017 0.018 0.042 0.033 0.006 0.017 0.03
309 V 0.058 0.021 0.02 0.02 0.016 0.016 0.022 0.071 0.01 0.149 0.14 0.026 0.029 0.069 0.016 0.035 0.062 0.006 0.025 0.19
310 S 0.099 0.033 0.094 0.043 0.104 0.026 0.04 0.055 0.02 0.032 0.046 0.043 0.015 0.029 0.023 0.146 0.057 0.007 0.046 0.043
311 L 0.047 0.037 0.024 0.029 0.012 0.068 0.066 0.028 0.023 0.069 0.165 0.045 0.089 0.053 0.017 0.037 0.035 0.01 0.081 0.066
312 L 0.042 0.023 0.014 0.014 0.015 0.015 0.019 0.02 0.01 0.11 0.405 0.024 0.047 0.052 0.014 0.023 0.032 0.007 0.021 0.092
313 L 0.039 0.024 0.017 0.016 0.011 0.017 0.022 0.023 0.027 0.07 0.197 0.026 0.03 0.151 0.014 0.026 0.028 0.018 0.182 0.063
314 R 0.054 0.13 0.044 0.034 0.123 0.033 0.064 0.035 0.02 0.037 0.081 0.082 0.018 0.03 0.019 0.061 0.038 0.007 0.046 0.043
315 I 0.053 0.021 0.019 0.02 0.016 0.016 0.022 0.024 0.009 0.232 0.136 0.027 0.031 0.037 0.017 0.037 0.084 0.006 0.019 0.175
316 V 0.067 0.021 0.016 0.017 0.018 0.016 0.022 0.024 0.008 0.157 0.124 0.025 0.03 0.034 0.016 0.031 0.047 0.005 0.02 0.304
317 N 0.064 0.035 0.148 0.051 0.013 0.027 0.04 0.095 0.025 0.056 0.052 0.045 0.016 0.021 0.022 0.101 0.114 0.005 0.016 0.052
318 I 0.051 0.019 0.017 0.019 0.016 0.014 0.02 0.022 0.009 0.255 0.144 0.025 0.033 0.039 0.015 0.031 0.062 0.006 0.019 0.184
319 I 0.042 0.02 0.016 0.018 0.013 0.014 0.02 0.022 0.014 0.176 0.175 0.024 0.031 0.117 0.059 0.026 0.033 0.009 0.061 0.109
320 L 0.043 0.024 0.014 0.015 0.015 0.016 0.02 0.021 0.01 0.109 0.385 0.025 0.061 0.052 0.014 0.024 0.032 0.007 0.021 0.091
