#Seq2Logo.py -f /work3/idamei/ssn-clusterings/clustering/2205111239/clusters/0056_75/sequences.afa -o /work3/idamei/ssn-clusterings/clustering/2205111239/clusters/0056_75/sequences.logo
#Position Specific Frequency Matrix
A R N D C Q E G H I L K M F P S T W Y V
0 L 0.052 0.032 0.02 0.02 0.016 0.028 0.028 0.028 0.016 0.101 0.198 0.036 0.157 0.048 0.016 0.036 0.04 0.008 0.024 0.093
1 K 0.057 0.108 0.042 0.042 0.009 0.054 0.071 0.043 0.021 0.028 0.043 0.275 0.016 0.016 0.028 0.054 0.04 0.005 0.017 0.033
2 M 0.05 0.031 0.019 0.019 0.015 0.027 0.027 0.027 0.015 0.097 0.189 0.035 0.193 0.046 0.015 0.035 0.039 0.008 0.023 0.089
3 L 0.045 0.023 0.015 0.017 0.015 0.015 0.021 0.022 0.01 0.158 0.262 0.032 0.039 0.086 0.014 0.025 0.035 0.007 0.028 0.13
4 K 0.052 0.126 0.074 0.044 0.008 0.07 0.067 0.042 0.022 0.025 0.041 0.23 0.015 0.015 0.024 0.052 0.039 0.005 0.017 0.031
5 Q 0.056 0.074 0.044 0.047 0.009 0.211 0.103 0.041 0.03 0.027 0.047 0.092 0.021 0.015 0.024 0.056 0.041 0.006 0.021 0.035
6 A 0.179 0.027 0.021 0.024 0.02 0.021 0.032 0.052 0.012 0.104 0.095 0.035 0.025 0.029 0.023 0.059 0.05 0.005 0.019 0.168
7 Q 0.056 0.074 0.044 0.047 0.009 0.212 0.103 0.041 0.03 0.027 0.047 0.092 0.021 0.015 0.024 0.056 0.041 0.006 0.021 0.035
8 F 0.054 0.027 0.03 0.027 0.014 0.019 0.029 0.035 0.015 0.059 0.09 0.032 0.023 0.204 0.019 0.059 0.135 0.011 0.053 0.063
9 R 0.045 0.343 0.039 0.031 0.008 0.049 0.052 0.033 0.023 0.023 0.047 0.121 0.016 0.017 0.019 0.045 0.035 0.006 0.017 0.031
10 G 0.062 0.024 0.027 0.025 0.014 0.018 0.023 0.265 0.012 0.067 0.201 0.03 0.03 0.036 0.017 0.038 0.032 0.006 0.017 0.06
11 D 0.049 0.069 0.055 0.218 0.008 0.042 0.081 0.045 0.02 0.025 0.036 0.16 0.012 0.015 0.025 0.053 0.038 0.004 0.014 0.029
12 F 0.045 0.034 0.029 0.054 0.009 0.038 0.157 0.03 0.021 0.043 0.076 0.047 0.019 0.201 0.018 0.04 0.031 0.011 0.053 0.043
13 I 0.048 0.02 0.015 0.017 0.016 0.015 0.019 0.021 0.009 0.237 0.193 0.024 0.053 0.043 0.014 0.026 0.038 0.006 0.02 0.165
14 K 0.051 0.11 0.047 0.092 0.008 0.05 0.124 0.039 0.021 0.025 0.039 0.195 0.014 0.015 0.025 0.052 0.04 0.005 0.016 0.031
15 F 0.074 0.062 0.025 0.024 0.013 0.02 0.028 0.035 0.016 0.06 0.088 0.038 0.022 0.226 0.017 0.047 0.084 0.011 0.053 0.059
16 D 0.044 0.035 0.057 0.306 0.007 0.04 0.168 0.041 0.02 0.021 0.03 0.053 0.01 0.015 0.023 0.051 0.034 0.004 0.013 0.026
17 N 0.048 0.063 0.146 0.103 0.008 0.045 0.12 0.047 0.024 0.023 0.035 0.14 0.012 0.016 0.023 0.057 0.04 0.005 0.015 0.028
18 L 0.042 0.023 0.014 0.015 0.015 0.015 0.019 0.021 0.01 0.105 0.367 0.024 0.045 0.092 0.013 0.023 0.031 0.008 0.029 0.088
19 L 0.043 0.023 0.014 0.015 0.016 0.016 0.019 0.02 0.01 0.111 0.4 0.024 0.048 0.053 0.014 0.023 0.032 0.007 0.021 0.092
20 V 0.054 0.019 0.015 0.017 0.016 0.014 0.02 0.023 0.01 0.174 0.131 0.023 0.03 0.12 0.014 0.028 0.04 0.008 0.034 0.209
21 G 0.075 0.024 0.041 0.03 0.012 0.019 0.028 0.242 0.014 0.063 0.065 0.032 0.017 0.108 0.018 0.07 0.05 0.008 0.03 0.053
22 L 0.07 0.022 0.016 0.018 0.015 0.016 0.022 0.027 0.012 0.144 0.185 0.026 0.05 0.117 0.018 0.032 0.037 0.008 0.034 0.133
23 V 0.072 0.023 0.022 0.022 0.017 0.018 0.026 0.084 0.01 0.128 0.105 0.029 0.026 0.031 0.018 0.058 0.049 0.005 0.018 0.238
24 L 0.048 0.022 0.015 0.016 0.015 0.015 0.02 0.023 0.011 0.109 0.274 0.023 0.039 0.128 0.013 0.026 0.034 0.009 0.035 0.127
25 A 0.142 0.029 0.03 0.03 0.018 0.023 0.035 0.049 0.013 0.098 0.082 0.038 0.022 0.043 0.024 0.099 0.095 0.006 0.021 0.104
26 I 0.049 0.02 0.017 0.019 0.014 0.015 0.023 0.025 0.011 0.139 0.138 0.026 0.028 0.117 0.124 0.03 0.036 0.007 0.033 0.13
27 V 0.055 0.021 0.017 0.017 0.016 0.016 0.022 0.023 0.016 0.168 0.125 0.026 0.029 0.057 0.015 0.029 0.04 0.01 0.092 0.206
28 I 0.053 0.02 0.015 0.017 0.017 0.015 0.02 0.022 0.009 0.205 0.2 0.024 0.036 0.042 0.015 0.028 0.046 0.006 0.02 0.191
29 G 0.089 0.023 0.025 0.025 0.014 0.017 0.026 0.145 0.013 0.109 0.091 0.03 0.022 0.112 0.018 0.062 0.04 0.008 0.032 0.1
30 I 0.041 0.02 0.016 0.016 0.012 0.014 0.02 0.024 0.016 0.14 0.114 0.023 0.026 0.136 0.012 0.025 0.031 0.123 0.081 0.112
31 D 0.044 0.033 0.119 0.263 0.009 0.032 0.098 0.045 0.02 0.037 0.04 0.046 0.012 0.017 0.021 0.052 0.039 0.004 0.013 0.055
32 T 0.065 0.03 0.028 0.026 0.016 0.025 0.03 0.034 0.014 0.076 0.126 0.036 0.097 0.077 0.02 0.056 0.127 0.008 0.027 0.083
33 L 0.041 0.02 0.014 0.016 0.014 0.013 0.018 0.021 0.011 0.166 0.249 0.022 0.038 0.131 0.013 0.024 0.033 0.009 0.035 0.111
34 G 0.072 0.032 0.105 0.045 0.012 0.027 0.036 0.266 0.018 0.03 0.048 0.042 0.03 0.02 0.021 0.097 0.047 0.005 0.014 0.035
35 T 0.07 0.034 0.042 0.036 0.017 0.027 0.038 0.042 0.013 0.051 0.063 0.044 0.019 0.023 0.027 0.089 0.275 0.006 0.017 0.068
36 T 0.075 0.035 0.043 0.038 0.017 0.027 0.04 0.045 0.014 0.048 0.059 0.045 0.018 0.022 0.027 0.112 0.247 0.006 0.017 0.064
37 L 0.053 0.029 0.019 0.019 0.016 0.025 0.026 0.027 0.014 0.106 0.18 0.033 0.169 0.045 0.016 0.034 0.04 0.007 0.023 0.119
38 L 0.041 0.022 0.014 0.015 0.014 0.014 0.019 0.021 0.011 0.1 0.335 0.023 0.043 0.132 0.013 0.024 0.03 0.009 0.036 0.084
39 N 0.106 0.032 0.134 0.093 0.012 0.026 0.045 0.109 0.019 0.026 0.036 0.044 0.012 0.016 0.131 0.062 0.043 0.004 0.014 0.035
40 R 0.047 0.268 0.036 0.032 0.008 0.044 0.052 0.034 0.021 0.024 0.043 0.142 0.014 0.016 0.087 0.045 0.037 0.005 0.016 0.03
41 T 0.062 0.03 0.032 0.036 0.015 0.027 0.071 0.098 0.013 0.081 0.119 0.04 0.023 0.028 0.021 0.058 0.13 0.006 0.017 0.093
42 L 0.044 0.021 0.015 0.016 0.015 0.014 0.019 0.022 0.011 0.131 0.265 0.023 0.039 0.128 0.013 0.025 0.033 0.009 0.035 0.123
43 P 0.049 0.023 0.02 0.026 0.01 0.018 0.03 0.032 0.013 0.04 0.082 0.034 0.016 0.095 0.369 0.037 0.033 0.006 0.028 0.04
44 T 0.058 0.053 0.088 0.046 0.011 0.104 0.063 0.045 0.075 0.032 0.046 0.063 0.017 0.02 0.023 0.076 0.108 0.006 0.023 0.041
45 L 0.053 0.021 0.015 0.017 0.016 0.016 0.021 0.022 0.009 0.189 0.2 0.025 0.058 0.042 0.015 0.028 0.04 0.006 0.021 0.184
46 P 0.056 0.035 0.037 0.033 0.01 0.024 0.039 0.071 0.014 0.024 0.035 0.072 0.011 0.013 0.401 0.046 0.035 0.003 0.013 0.03
47 A 0.103 0.068 0.062 0.034 0.015 0.027 0.037 0.046 0.02 0.081 0.072 0.048 0.02 0.036 0.021 0.096 0.058 0.008 0.054 0.096
48 F 0.09 0.028 0.066 0.034 0.014 0.021 0.032 0.099 0.016 0.067 0.078 0.035 0.02 0.129 0.019 0.089 0.045 0.008 0.035 0.075
49 L 0.051 0.023 0.018 0.019 0.015 0.016 0.022 0.025 0.012 0.146 0.248 0.026 0.037 0.075 0.015 0.042 0.044 0.008 0.04 0.118
50 L 0.052 0.027 0.024 0.023 0.014 0.02 0.028 0.029 0.053 0.082 0.216 0.031 0.032 0.08 0.071 0.054 0.038 0.007 0.031 0.09
51 L 0.08 0.023 0.02 0.021 0.015 0.016 0.025 0.033 0.013 0.104 0.17 0.027 0.03 0.159 0.016 0.056 0.039 0.009 0.041 0.102
52 L 0.055 0.021 0.016 0.016 0.108 0.015 0.02 0.041 0.009 0.106 0.202 0.023 0.032 0.074 0.015 0.03 0.037 0.007 0.025 0.148
53 V 0.147 0.024 0.021 0.023 0.018 0.019 0.028 0.103 0.011 0.099 0.091 0.031 0.023 0.047 0.02 0.05 0.044 0.006 0.021 0.177
54 V 0.074 0.043 0.03 0.029 0.016 0.028 0.039 0.037 0.013 0.104 0.087 0.094 0.023 0.027 0.022 0.078 0.075 0.005 0.018 0.158
55 L 0.122 0.025 0.017 0.019 0.016 0.019 0.026 0.041 0.012 0.08 0.245 0.03 0.042 0.046 0.017 0.041 0.036 0.063 0.025 0.078
56 L 0.048 0.02 0.015 0.016 0.07 0.014 0.019 0.022 0.01 0.146 0.235 0.023 0.036 0.086 0.014 0.027 0.035 0.007 0.027 0.131
57 L 0.043 0.023 0.014 0.015 0.016 0.016 0.019 0.02 0.01 0.111 0.4 0.024 0.048 0.053 0.014 0.023 0.032 0.007 0.021 0.092
58 I 0.047 0.018 0.015 0.018 0.016 0.013 0.018 0.021 0.009 0.268 0.169 0.024 0.037 0.044 0.015 0.025 0.04 0.006 0.021 0.177
59 F 0.034 0.019 0.017 0.017 0.011 0.011 0.019 0.025 0.017 0.064 0.115 0.019 0.025 0.385 0.011 0.025 0.025 0.017 0.089 0.055
60 P 0.172 0.029 0.025 0.03 0.016 0.023 0.038 0.057 0.014 0.035 0.048 0.043 0.014 0.017 0.261 0.065 0.043 0.004 0.015 0.05
61 L 0.119 0.023 0.021 0.022 0.095 0.017 0.025 0.102 0.012 0.074 0.134 0.029 0.024 0.071 0.018 0.052 0.039 0.007 0.024 0.091
62 L 0.075 0.022 0.016 0.017 0.016 0.016 0.021 0.027 0.01 0.166 0.235 0.026 0.042 0.072 0.015 0.031 0.037 0.007 0.025 0.125
63 R 0.053 0.295 0.039 0.032 0.009 0.042 0.047 0.09 0.021 0.023 0.042 0.099 0.014 0.017 0.02 0.067 0.038 0.005 0.016 0.03
64 F 0.066 0.019 0.017 0.018 0.012 0.012 0.02 0.03 0.015 0.085 0.11 0.021 0.025 0.326 0.013 0.031 0.029 0.014 0.07 0.067
65 L 0.049 0.071 0.021 0.021 0.012 0.022 0.029 0.028 0.015 0.093 0.176 0.065 0.032 0.148 0.015 0.034 0.032 0.026 0.041 0.072
66 F 0.037 0.025 0.057 0.068 0.009 0.019 0.032 0.031 0.031 0.045 0.076 0.029 0.019 0.218 0.014 0.034 0.029 0.018 0.166 0.044
67 I 0.049 0.054 0.025 0.027 0.012 0.029 0.039 0.029 0.013 0.179 0.114 0.144 0.027 0.031 0.019 0.036 0.038 0.005 0.018 0.109
68 K 0.052 0.097 0.035 0.035 0.01 0.067 0.06 0.037 0.028 0.061 0.07 0.203 0.036 0.022 0.023 0.046 0.038 0.006 0.021 0.052
69 K 0.063 0.094 0.099 0.047 0.011 0.041 0.054 0.049 0.048 0.028 0.042 0.134 0.015 0.019 0.024 0.099 0.074 0.005 0.019 0.036
70 F 0.039 0.02 0.016 0.016 0.011 0.014 0.02 0.024 0.016 0.117 0.106 0.022 0.025 0.177 0.012 0.025 0.03 0.124 0.088 0.098
71 S 0.085 0.035 0.043 0.046 0.014 0.031 0.074 0.105 0.017 0.027 0.039 0.049 0.013 0.018 0.114 0.158 0.073 0.005 0.015 0.037
72 L 0.057 0.024 0.021 0.02 0.014 0.018 0.025 0.028 0.018 0.117 0.187 0.029 0.031 0.088 0.016 0.055 0.041 0.011 0.092 0.108
73 N 0.052 0.047 0.103 0.043 0.01 0.054 0.048 0.042 0.052 0.035 0.057 0.077 0.017 0.073 0.02 0.07 0.051 0.011 0.097 0.04
74 F 0.036 0.023 0.019 0.017 0.009 0.016 0.023 0.024 0.033 0.05 0.085 0.025 0.021 0.248 0.013 0.028 0.026 0.022 0.233 0.048
75 L 0.041 0.021 0.014 0.016 0.014 0.014 0.019 0.021 0.011 0.142 0.282 0.023 0.04 0.13 0.013 0.024 0.032 0.009 0.035 0.101
76 I 0.049 0.019 0.014 0.017 0.016 0.014 0.019 0.021 0.009 0.232 0.207 0.023 0.037 0.043 0.014 0.025 0.039 0.006 0.02 0.177
77 F 0.05 0.023 0.022 0.021 0.014 0.016 0.024 0.028 0.013 0.105 0.151 0.027 0.029 0.181 0.016 0.049 0.074 0.01 0.045 0.103
78 A 0.208 0.034 0.038 0.038 0.019 0.028 0.044 0.085 0.016 0.035 0.048 0.047 0.016 0.02 0.028 0.161 0.062 0.005 0.017 0.052
79 P 0.099 0.024 0.021 0.025 0.014 0.019 0.03 0.038 0.012 0.096 0.118 0.035 0.022 0.026 0.236 0.047 0.043 0.004 0.016 0.074
80 L 0.056 0.023 0.017 0.019 0.015 0.017 0.022 0.025 0.01 0.145 0.251 0.028 0.048 0.048 0.07 0.031 0.044 0.006 0.021 0.105
81 L 0.042 0.023 0.014 0.015 0.015 0.015 0.019 0.021 0.011 0.105 0.364 0.024 0.046 0.095 0.013 0.024 0.031 0.008 0.029 0.088
82 L 0.05 0.024 0.018 0.019 0.016 0.017 0.023 0.025 0.011 0.124 0.329 0.027 0.042 0.05 0.015 0.049 0.038 0.007 0.021 0.096
83 L 0.08 0.023 0.017 0.018 0.016 0.017 0.023 0.03 0.012 0.119 0.245 0.027 0.044 0.1 0.016 0.039 0.036 0.008 0.03 0.099
84 V 0.114 0.029 0.031 0.03 0.018 0.023 0.034 0.044 0.013 0.107 0.087 0.038 0.023 0.028 0.023 0.098 0.109 0.005 0.018 0.131
85 G 0.095 0.024 0.038 0.034 0.012 0.02 0.028 0.446 0.014 0.021 0.031 0.035 0.01 0.016 0.02 0.074 0.035 0.005 0.012 0.028
86 I 0.086 0.023 0.02 0.021 0.022 0.018 0.025 0.048 0.012 0.151 0.136 0.029 0.046 0.084 0.017 0.054 0.042 0.007 0.028 0.13
87 L 0.08 0.027 0.019 0.026 0.032 0.023 0.057 0.03 0.012 0.109 0.217 0.033 0.06 0.039 0.017 0.037 0.038 0.006 0.02 0.117
88 V 0.067 0.021 0.016 0.017 0.018 0.016 0.022 0.024 0.008 0.159 0.126 0.025 0.031 0.034 0.016 0.032 0.047 0.005 0.02 0.295
89 Y 0.098 0.025 0.02 0.019 0.011 0.019 0.027 0.037 0.027 0.042 0.067 0.029 0.018 0.126 0.016 0.039 0.03 0.128 0.174 0.047
90 L 0.045 0.03 0.056 0.027 0.066 0.043 0.033 0.032 0.021 0.061 0.14 0.035 0.035 0.093 0.015 0.039 0.034 0.065 0.065 0.064
91 K 0.089 0.079 0.043 0.041 0.011 0.118 0.073 0.047 0.038 0.028 0.044 0.145 0.017 0.017 0.025 0.079 0.046 0.005 0.02 0.037
92 T 0.081 0.033 0.036 0.032 0.017 0.026 0.035 0.04 0.014 0.061 0.091 0.041 0.058 0.028 0.024 0.076 0.207 0.006 0.018 0.074
93 G 0.071 0.075 0.06 0.065 0.011 0.03 0.044 0.249 0.023 0.022 0.034 0.078 0.012 0.017 0.022 0.094 0.043 0.005 0.014 0.029
94 N 0.056 0.096 0.177 0.098 0.009 0.036 0.054 0.089 0.024 0.023 0.035 0.107 0.012 0.016 0.021 0.058 0.041 0.005 0.015 0.028
95 L 0.082 0.027 0.025 0.024 0.016 0.02 0.028 0.034 0.015 0.096 0.181 0.033 0.03 0.052 0.02 0.053 0.115 0.009 0.056 0.084
96 N 0.056 0.036 0.212 0.104 0.01 0.029 0.047 0.164 0.024 0.022 0.03 0.047 0.011 0.017 0.02 0.082 0.045 0.005 0.014 0.027
97 F 0.057 0.019 0.017 0.018 0.012 0.012 0.02 0.049 0.014 0.095 0.11 0.022 0.025 0.287 0.013 0.03 0.03 0.013 0.063 0.093
98 L 0.043 0.023 0.014 0.015 0.015 0.015 0.019 0.021 0.01 0.13 0.362 0.024 0.045 0.063 0.014 0.025 0.033 0.007 0.023 0.1
99 L 0.141 0.025 0.018 0.021 0.018 0.02 0.027 0.04 0.011 0.118 0.175 0.032 0.048 0.036 0.019 0.046 0.042 0.006 0.02 0.137
100 Y 0.04 0.026 0.019 0.017 0.011 0.019 0.025 0.023 0.036 0.058 0.142 0.028 0.025 0.123 0.015 0.03 0.028 0.022 0.258 0.056
101 S 0.079 0.035 0.039 0.035 0.016 0.028 0.039 0.046 0.016 0.058 0.106 0.044 0.063 0.03 0.024 0.142 0.112 0.006 0.019 0.063
102 L 0.059 0.024 0.02 0.02 0.016 0.018 0.024 0.028 0.011 0.143 0.229 0.029 0.051 0.056 0.016 0.054 0.049 0.007 0.023 0.124
103 L 0.043 0.023 0.014 0.015 0.016 0.016 0.019 0.02 0.01 0.111 0.4 0.024 0.048 0.053 0.014 0.023 0.032 0.007 0.021 0.092
104 L 0.046 0.023 0.016 0.017 0.016 0.018 0.021 0.022 0.011 0.184 0.231 0.027 0.09 0.046 0.014 0.027 0.037 0.007 0.021 0.125
105 V 0.061 0.024 0.018 0.018 0.017 0.019 0.024 0.025 0.01 0.144 0.164 0.028 0.068 0.039 0.016 0.039 0.045 0.006 0.021 0.216
106 L 0.056 0.024 0.024 0.022 0.014 0.017 0.024 0.139 0.012 0.074 0.235 0.028 0.032 0.093 0.016 0.054 0.035 0.008 0.028 0.066
107 L 0.104 0.025 0.016 0.018 0.017 0.018 0.024 0.033 0.011 0.096 0.323 0.028 0.041 0.046 0.017 0.036 0.036 0.006 0.02 0.087
108 Y 0.045 0.025 0.019 0.017 0.012 0.019 0.025 0.023 0.033 0.08 0.117 0.028 0.024 0.098 0.015 0.029 0.032 0.02 0.236 0.102
109 N 0.048 0.098 0.141 0.128 0.008 0.045 0.064 0.048 0.023 0.024 0.036 0.137 0.013 0.016 0.022 0.062 0.041 0.005 0.015 0.028
110 A 0.183 0.026 0.02 0.023 0.019 0.021 0.03 0.049 0.012 0.104 0.133 0.035 0.044 0.032 0.022 0.055 0.044 0.006 0.019 0.123
111 D 0.042 0.038 0.062 0.363 0.007 0.033 0.096 0.044 0.019 0.022 0.029 0.074 0.01 0.014 0.022 0.05 0.035 0.004 0.012 0.025
112 I 0.053 0.06 0.021 0.021 0.015 0.022 0.027 0.026 0.012 0.153 0.15 0.038 0.074 0.042 0.017 0.037 0.065 0.006 0.021 0.139
113 D 0.048 0.096 0.048 0.176 0.008 0.046 0.129 0.04 0.021 0.023 0.036 0.145 0.012 0.015 0.024 0.05 0.036 0.005 0.015 0.028
114 V 0.066 0.043 0.03 0.029 0.014 0.027 0.039 0.037 0.018 0.076 0.079 0.093 0.022 0.079 0.02 0.084 0.048 0.009 0.062 0.126
115 I 0.08 0.019 0.016 0.018 0.017 0.015 0.021 0.027 0.009 0.243 0.143 0.025 0.032 0.038 0.016 0.032 0.041 0.006 0.019 0.183
116 L 0.043 0.022 0.014 0.015 0.016 0.015 0.019 0.02 0.009 0.153 0.347 0.024 0.045 0.05 0.014 0.024 0.033 0.007 0.021 0.11
117 K 0.053 0.117 0.043 0.081 0.009 0.046 0.065 0.041 0.019 0.028 0.043 0.226 0.015 0.016 0.025 0.055 0.064 0.005 0.016 0.035
118 V 0.058 0.025 0.056 0.028 0.016 0.019 0.027 0.031 0.012 0.161 0.115 0.032 0.027 0.033 0.018 0.047 0.1 0.005 0.019 0.172
119 Y 0.038 0.026 0.02 0.018 0.009 0.02 0.026 0.024 0.042 0.044 0.071 0.029 0.019 0.157 0.014 0.029 0.027 0.026 0.315 0.046
120 V 0.066 0.025 0.022 0.022 0.017 0.018 0.026 0.029 0.01 0.131 0.173 0.03 0.032 0.036 0.018 0.063 0.062 0.006 0.02 0.196
121 I 0.082 0.031 0.024 0.024 0.014 0.021 0.029 0.088 0.013 0.133 0.097 0.059 0.024 0.072 0.018 0.044 0.063 0.032 0.027 0.104
122 V 0.056 0.02 0.017 0.018 0.016 0.015 0.021 0.024 0.009 0.191 0.134 0.025 0.031 0.078 0.015 0.032 0.056 0.007 0.027 0.209
123 A 0.157 0.029 0.029 0.029 0.018 0.023 0.035 0.07 0.013 0.079 0.077 0.038 0.021 0.025 0.024 0.094 0.078 0.005 0.018 0.139
124 G 0.066 0.022 0.03 0.028 0.012 0.017 0.023 0.345 0.012 0.09 0.095 0.03 0.019 0.028 0.017 0.049 0.033 0.006 0.014 0.064
125 L 0.093 0.027 0.029 0.029 0.015 0.021 0.032 0.042 0.014 0.084 0.113 0.036 0.023 0.094 0.075 0.092 0.074 0.007 0.029 0.071
126 I 0.044 0.02 0.015 0.017 0.014 0.014 0.019 0.022 0.011 0.201 0.173 0.023 0.051 0.125 0.013 0.026 0.035 0.008 0.035 0.133
127 V 0.057 0.023 0.018 0.019 0.017 0.018 0.023 0.025 0.01 0.157 0.182 0.028 0.051 0.039 0.016 0.035 0.067 0.006 0.02 0.187
128 L 0.081 0.022 0.016 0.017 0.017 0.016 0.022 0.028 0.01 0.151 0.226 0.026 0.036 0.048 0.016 0.033 0.04 0.006 0.021 0.169
129 L 0.075 0.025 0.026 0.024 0.015 0.019 0.026 0.157 0.012 0.073 0.207 0.031 0.032 0.04 0.018 0.054 0.066 0.006 0.018 0.076
130 V 0.121 0.025 0.023 0.024 0.018 0.02 0.029 0.039 0.011 0.132 0.102 0.033 0.026 0.03 0.021 0.055 0.097 0.005 0.019 0.171
131 F 0.048 0.019 0.016 0.017 0.014 0.013 0.02 0.024 0.013 0.111 0.118 0.021 0.027 0.244 0.013 0.028 0.036 0.011 0.056 0.151
132 L 0.071 0.022 0.016 0.017 0.015 0.015 0.021 0.028 0.012 0.099 0.266 0.025 0.037 0.144 0.014 0.03 0.033 0.009 0.038 0.088
133 L 0.072 0.023 0.015 0.016 0.016 0.016 0.021 0.027 0.011 0.097 0.327 0.026 0.041 0.092 0.015 0.03 0.033 0.008 0.029 0.085
134 S 0.111 0.038 0.051 0.047 0.017 0.032 0.05 0.064 0.018 0.029 0.041 0.052 0.015 0.02 0.029 0.246 0.078 0.005 0.017 0.041
135 L 0.044 0.024 0.018 0.017 0.015 0.017 0.021 0.023 0.011 0.118 0.304 0.027 0.06 0.092 0.014 0.028 0.034 0.008 0.029 0.098
136 L 0.052 0.021 0.015 0.016 0.017 0.015 0.02 0.022 0.009 0.164 0.258 0.024 0.04 0.044 0.015 0.026 0.039 0.006 0.021 0.178
137 G 0.059 0.035 0.061 0.125 0.009 0.027 0.048 0.291 0.056 0.02 0.03 0.065 0.01 0.017 0.02 0.05 0.031 0.005 0.016 0.024
138 V 0.064 0.022 0.016 0.018 0.017 0.017 0.026 0.024 0.009 0.176 0.173 0.026 0.046 0.042 0.016 0.031 0.042 0.006 0.021 0.207
139 I 0.049 0.018 0.014 0.017 0.016 0.013 0.018 0.021 0.008 0.266 0.164 0.023 0.035 0.041 0.014 0.025 0.04 0.006 0.02 0.19
140 P 0.055 0.025 0.022 0.03 0.01 0.02 0.035 0.035 0.012 0.025 0.035 0.04 0.01 0.012 0.513 0.042 0.035 0.002 0.012 0.03
141 N 0.041 0.043 0.343 0.08 0.009 0.032 0.047 0.063 0.03 0.022 0.03 0.052 0.011 0.017 0.019 0.067 0.047 0.004 0.015 0.026
142 L 0.043 0.023 0.014 0.015 0.016 0.016 0.019 0.02 0.01 0.111 0.4 0.024 0.048 0.053 0.014 0.023 0.032 0.007 0.021 0.092
143 Q 0.054 0.071 0.042 0.045 0.008 0.245 0.099 0.04 0.028 0.025 0.045 0.088 0.02 0.014 0.023 0.054 0.04 0.006 0.02 0.034
144 F 0.035 0.022 0.018 0.017 0.01 0.015 0.022 0.024 0.029 0.052 0.09 0.023 0.022 0.284 0.012 0.027 0.026 0.021 0.2 0.049
145 V 0.093 0.026 0.055 0.028 0.017 0.02 0.029 0.038 0.012 0.147 0.106 0.033 0.026 0.031 0.019 0.065 0.049 0.005 0.019 0.182
146 Q 0.052 0.154 0.042 0.042 0.008 0.178 0.087 0.038 0.027 0.025 0.046 0.098 0.019 0.015 0.022 0.052 0.039 0.006 0.019 0.033
147 L 0.059 0.036 0.09 0.049 0.013 0.034 0.09 0.04 0.02 0.077 0.091 0.047 0.05 0.031 0.021 0.067 0.065 0.006 0.026 0.09
148 R 0.044 0.357 0.038 0.03 0.008 0.048 0.051 0.032 0.023 0.023 0.046 0.118 0.015 0.017 0.019 0.044 0.034 0.006 0.017 0.03
149 P 0.101 0.032 0.072 0.039 0.014 0.025 0.039 0.05 0.016 0.041 0.09 0.043 0.018 0.022 0.191 0.091 0.049 0.004 0.016 0.047
150 R 0.077 0.147 0.043 0.083 0.012 0.038 0.081 0.044 0.019 0.035 0.047 0.072 0.015 0.019 0.023 0.098 0.074 0.005 0.016 0.051
151 G 0.096 0.026 0.039 0.035 0.013 0.022 0.035 0.37 0.014 0.026 0.036 0.037 0.012 0.017 0.021 0.082 0.064 0.005 0.013 0.036
152 G 0.084 0.024 0.027 0.025 0.015 0.018 0.026 0.219 0.011 0.08 0.106 0.031 0.022 0.033 0.018 0.047 0.064 0.006 0.017 0.126
153 V 0.093 0.022 0.017 0.018 0.018 0.016 0.024 0.029 0.009 0.162 0.122 0.027 0.029 0.034 0.017 0.036 0.046 0.005 0.019 0.256
154 V 0.061 0.023 0.021 0.021 0.017 0.017 0.024 0.027 0.009 0.178 0.122 0.028 0.029 0.034 0.018 0.042 0.095 0.005 0.019 0.207
155 R 0.043 0.37 0.037 0.03 0.007 0.047 0.05 0.032 0.022 0.022 0.045 0.116 0.015 0.017 0.019 0.043 0.034 0.006 0.017 0.03
156 N 0.041 0.043 0.343 0.08 0.009 0.032 0.047 0.063 0.03 0.022 0.03 0.052 0.011 0.017 0.019 0.067 0.047 0.004 0.015 0.026
157 S 0.106 0.039 0.052 0.047 0.017 0.032 0.05 0.064 0.018 0.029 0.04 0.052 0.015 0.02 0.029 0.25 0.079 0.005 0.017 0.04
158 F 0.034 0.019 0.016 0.016 0.011 0.011 0.018 0.024 0.016 0.067 0.142 0.019 0.027 0.371 0.011 0.024 0.025 0.015 0.078 0.057
159 G 0.075 0.022 0.038 0.032 0.01 0.018 0.025 0.529 0.013 0.018 0.027 0.032 0.009 0.016 0.018 0.049 0.029 0.005 0.01 0.023
160 F 0.035 0.018 0.016 0.016 0.011 0.011 0.018 0.023 0.015 0.114 0.121 0.019 0.027 0.329 0.011 0.024 0.028 0.014 0.071 0.079
161 I 0.045 0.017 0.014 0.017 0.016 0.013 0.017 0.02 0.008 0.299 0.161 0.023 0.035 0.042 0.014 0.024 0.038 0.006 0.02 0.17
162 Y 0.039 0.027 0.021 0.018 0.009 0.021 0.027 0.024 0.045 0.042 0.066 0.03 0.018 0.126 0.015 0.03 0.027 0.027 0.344 0.045
163 P 0.055 0.025 0.022 0.03 0.01 0.02 0.035 0.035 0.012 0.025 0.035 0.04 0.01 0.012 0.513 0.042 0.035 0.002 0.012 0.03
164 T 0.07 0.034 0.042 0.036 0.017 0.027 0.038 0.042 0.013 0.051 0.063 0.044 0.019 0.023 0.027 0.089 0.275 0.006 0.017 0.068
165 D 0.039 0.029 0.066 0.421 0.007 0.029 0.088 0.045 0.018 0.022 0.027 0.043 0.009 0.014 0.022 0.05 0.034 0.004 0.011 0.023
166 F 0.032 0.018 0.016 0.016 0.01 0.01 0.018 0.024 0.016 0.061 0.11 0.018 0.024 0.41 0.01 0.024 0.024 0.016 0.085 0.053
167 A 0.317 0.03 0.025 0.029 0.021 0.025 0.039 0.075 0.014 0.042 0.057 0.043 0.017 0.021 0.029 0.082 0.048 0.005 0.017 0.066
168 S 0.167 0.036 0.044 0.042 0.018 0.03 0.047 0.067 0.017 0.032 0.045 0.049 0.016 0.02 0.029 0.201 0.07 0.005 0.017 0.048
169 H 0.04 0.044 0.051 0.037 0.007 0.037 0.051 0.037 0.38 0.022 0.037 0.044 0.015 0.029 0.018 0.04 0.026 0.007 0.055 0.022
170 C 0.061 0.016 0.016 0.016 0.395 0.012 0.017 0.029 0.008 0.084 0.08 0.02 0.019 0.024 0.016 0.037 0.037 0.004 0.014 0.094
171 F 0.032 0.018 0.016 0.016 0.01 0.01 0.018 0.024 0.016 0.061 0.11 0.018 0.024 0.41 0.01 0.024 0.024 0.016 0.085 0.053
172 Y 0.038 0.026 0.02 0.018 0.009 0.02 0.026 0.024 0.042 0.044 0.071 0.029 0.019 0.157 0.014 0.029 0.027 0.026 0.315 0.046
173 L 0.045 0.024 0.017 0.017 0.015 0.016 0.021 0.023 0.011 0.102 0.326 0.026 0.042 0.089 0.015 0.031 0.058 0.008 0.028 0.087
174 F 0.035 0.022 0.018 0.017 0.01 0.015 0.022 0.024 0.029 0.052 0.09 0.024 0.021 0.28 0.012 0.027 0.026 0.021 0.204 0.049
175 L 0.081 0.024 0.018 0.019 0.017 0.017 0.024 0.029 0.01 0.139 0.229 0.028 0.037 0.041 0.017 0.039 0.064 0.006 0.02 0.141
176 A 0.254 0.027 0.023 0.026 0.018 0.021 0.034 0.064 0.015 0.046 0.069 0.037 0.019 0.107 0.024 0.069 0.043 0.008 0.032 0.063
177 L 0.056 0.025 0.023 0.023 0.015 0.018 0.026 0.031 0.013 0.136 0.183 0.03 0.032 0.06 0.016 0.074 0.043 0.063 0.038 0.095
178 S 0.145 0.032 0.04 0.038 0.071 0.027 0.041 0.114 0.016 0.032 0.045 0.044 0.015 0.02 0.026 0.167 0.062 0.005 0.016 0.046
179 Y 0.039 0.027 0.021 0.018 0.009 0.021 0.027 0.024 0.045 0.042 0.066 0.03 0.018 0.126 0.015 0.03 0.027 0.027 0.344 0.045
180 L 0.046 0.023 0.014 0.015 0.016 0.015 0.02 0.021 0.009 0.128 0.347 0.024 0.045 0.049 0.014 0.025 0.035 0.007 0.021 0.126
181 L 0.041 0.025 0.054 0.023 0.013 0.017 0.023 0.026 0.017 0.085 0.274 0.027 0.036 0.112 0.014 0.029 0.032 0.01 0.066 0.073
182 R 0.046 0.203 0.033 0.03 0.009 0.041 0.049 0.033 0.019 0.038 0.09 0.158 0.02 0.064 0.02 0.042 0.034 0.007 0.025 0.04
183 D 0.045 0.046 0.093 0.171 0.008 0.041 0.14 0.042 0.022 0.023 0.035 0.088 0.012 0.02 0.021 0.051 0.036 0.061 0.02 0.028
184 K 0.051 0.184 0.039 0.037 0.008 0.05 0.063 0.039 0.021 0.025 0.043 0.248 0.015 0.015 0.024 0.049 0.037 0.005 0.017 0.031
185 F 0.039 0.099 0.022 0.02 0.01 0.022 0.028 0.025 0.024 0.076 0.105 0.044 0.023 0.184 0.014 0.03 0.029 0.015 0.13 0.061
186 I 0.047 0.019 0.016 0.02 0.014 0.015 0.021 0.023 0.009 0.217 0.16 0.027 0.031 0.037 0.125 0.028 0.037 0.005 0.018 0.13
187 W 0.046 0.021 0.019 0.019 0.011 0.015 0.021 0.116 0.012 0.099 0.086 0.024 0.021 0.071 0.012 0.029 0.03 0.214 0.042 0.093
188 L 0.048 0.024 0.02 0.02 0.015 0.017 0.023 0.025 0.011 0.122 0.261 0.027 0.04 0.085 0.016 0.037 0.081 0.007 0.027 0.095
189 R 0.042 0.293 0.032 0.027 0.009 0.039 0.043 0.03 0.02 0.037 0.091 0.095 0.02 0.064 0.017 0.039 0.032 0.007 0.025 0.039
190 S 0.088 0.036 0.046 0.041 0.017 0.029 0.044 0.052 0.016 0.043 0.053 0.047 0.017 0.022 0.027 0.168 0.168 0.005 0.017 0.062
191 L 0.096 0.022 0.019 0.02 0.016 0.016 0.023 0.087 0.011 0.145 0.191 0.028 0.032 0.051 0.017 0.037 0.038 0.006 0.021 0.125
192 L 0.056 0.023 0.02 0.021 0.016 0.017 0.024 0.032 0.011 0.146 0.223 0.028 0.035 0.07 0.016 0.058 0.042 0.007 0.025 0.131
193 G 0.075 0.022 0.038 0.032 0.01 0.018 0.025 0.529 0.013 0.018 0.027 0.032 0.009 0.016 0.018 0.049 0.029 0.005 0.01 0.023
194 L 0.051 0.022 0.015 0.016 0.016 0.015 0.02 0.022 0.009 0.138 0.276 0.024 0.04 0.06 0.014 0.026 0.038 0.007 0.023 0.168
195 L 0.107 0.025 0.023 0.023 0.015 0.018 0.026 0.12 0.013 0.068 0.199 0.031 0.029 0.09 0.018 0.057 0.037 0.007 0.028 0.066
196 L 0.046 0.024 0.017 0.017 0.016 0.016 0.021 0.023 0.01 0.125 0.336 0.026 0.043 0.048 0.015 0.031 0.06 0.007 0.021 0.098
197 A 0.212 0.032 0.036 0.036 0.018 0.027 0.042 0.121 0.016 0.034 0.048 0.045 0.015 0.02 0.027 0.141 0.057 0.005 0.016 0.052
198 A 0.151 0.025 0.02 0.022 0.016 0.019 0.028 0.052 0.018 0.062 0.133 0.032 0.024 0.125 0.019 0.049 0.038 0.011 0.083 0.072
199 F 0.034 0.018 0.016 0.016 0.011 0.01 0.018 0.024 0.015 0.087 0.116 0.019 0.026 0.37 0.011 0.024 0.026 0.015 0.078 0.066
200 I 0.05 0.02 0.014 0.016 0.016 0.014 0.019 0.021 0.009 0.215 0.213 0.024 0.037 0.043 0.014 0.026 0.039 0.006 0.02 0.182
201 I 0.044 0.02 0.015 0.017 0.015 0.015 0.019 0.02 0.013 0.222 0.21 0.024 0.038 0.054 0.014 0.025 0.035 0.008 0.056 0.136
202 K 0.05 0.13 0.038 0.035 0.009 0.044 0.057 0.037 0.022 0.033 0.052 0.228 0.016 0.062 0.023 0.046 0.036 0.007 0.033 0.04
203 F 0.039 0.022 0.018 0.017 0.011 0.015 0.022 0.024 0.025 0.065 0.097 0.023 0.023 0.271 0.012 0.027 0.028 0.019 0.167 0.077
204 C 0.1 0.022 0.025 0.024 0.342 0.018 0.026 0.043 0.011 0.04 0.057 0.029 0.016 0.02 0.02 0.091 0.046 0.004 0.013 0.053
205 D 0.039 0.029 0.066 0.421 0.007 0.029 0.088 0.045 0.018 0.022 0.027 0.043 0.009 0.014 0.022 0.05 0.034 0.004 0.011 0.023
206 A 0.317 0.03 0.025 0.029 0.021 0.025 0.039 0.075 0.014 0.042 0.057 0.043 0.017 0.021 0.029 0.082 0.048 0.005 0.017 0.066
207 R 0.043 0.37 0.037 0.03 0.007 0.047 0.05 0.032 0.022 0.022 0.045 0.116 0.015 0.017 0.019 0.043 0.034 0.006 0.017 0.03
208 L 0.044 0.024 0.014 0.015 0.016 0.017 0.02 0.021 0.01 0.109 0.378 0.025 0.063 0.052 0.014 0.025 0.033 0.007 0.022 0.092
209 N 0.041 0.04 0.282 0.156 0.008 0.032 0.056 0.059 0.028 0.022 0.03 0.05 0.01 0.017 0.02 0.063 0.045 0.004 0.014 0.025
210 A 0.306 0.03 0.025 0.029 0.021 0.025 0.039 0.074 0.014 0.043 0.058 0.043 0.017 0.021 0.028 0.087 0.049 0.005 0.017 0.069
211 L 0.061 0.024 0.017 0.018 0.015 0.018 0.023 0.05 0.016 0.125 0.238 0.028 0.057 0.057 0.015 0.031 0.034 0.009 0.067 0.097
212 S 0.098 0.038 0.05 0.045 0.017 0.031 0.048 0.059 0.017 0.034 0.045 0.05 0.016 0.021 0.028 0.214 0.123 0.005 0.017 0.047
213 I 0.049 0.021 0.017 0.019 0.016 0.015 0.02 0.023 0.009 0.222 0.199 0.026 0.036 0.042 0.016 0.032 0.064 0.006 0.02 0.151
214 L 0.051 0.022 0.015 0.016 0.015 0.015 0.02 0.024 0.011 0.105 0.282 0.024 0.039 0.128 0.014 0.028 0.039 0.009 0.035 0.108
215 L 0.07 0.021 0.015 0.017 0.017 0.015 0.021 0.025 0.009 0.192 0.202 0.025 0.036 0.041 0.016 0.03 0.04 0.006 0.02 0.183
216 A 0.22 0.032 0.033 0.033 0.019 0.026 0.04 0.082 0.015 0.042 0.06 0.044 0.025 0.022 0.027 0.117 0.08 0.005 0.017 0.06
217 V 0.1 0.027 0.028 0.027 0.018 0.021 0.03 0.038 0.011 0.127 0.097 0.035 0.025 0.029 0.022 0.064 0.138 0.006 0.018 0.139
218 L 0.055 0.022 0.016 0.017 0.016 0.015 0.02 0.053 0.009 0.15 0.263 0.025 0.038 0.047 0.015 0.028 0.037 0.006 0.021 0.147
219 I 0.047 0.019 0.014 0.016 0.016 0.014 0.018 0.02 0.009 0.241 0.229 0.023 0.039 0.045 0.014 0.024 0.037 0.006 0.02 0.149
220 F 0.033 0.018 0.016 0.016 0.01 0.01 0.018 0.024 0.016 0.061 0.11 0.018 0.024 0.409 0.01 0.024 0.024 0.016 0.087 0.053
221 L 0.082 0.023 0.016 0.017 0.017 0.016 0.022 0.028 0.01 0.14 0.27 0.027 0.041 0.049 0.016 0.032 0.037 0.006 0.021 0.13
222 F 0.044 0.022 0.017 0.017 0.013 0.016 0.022 0.024 0.02 0.113 0.124 0.025 0.045 0.182 0.013 0.028 0.033 0.014 0.112 0.118
223 F 0.04 0.02 0.016 0.017 0.012 0.013 0.02 0.024 0.014 0.102 0.126 0.021 0.045 0.287 0.012 0.026 0.03 0.013 0.064 0.097
224 Y 0.04 0.103 0.025 0.021 0.009 0.027 0.032 0.026 0.04 0.038 0.061 0.049 0.017 0.102 0.016 0.033 0.028 0.022 0.271 0.042
225 F 0.038 0.022 0.018 0.017 0.011 0.015 0.022 0.024 0.027 0.065 0.106 0.024 0.023 0.243 0.013 0.027 0.028 0.019 0.185 0.071
226 L 0.056 0.076 0.07 0.035 0.013 0.031 0.039 0.038 0.017 0.062 0.144 0.076 0.043 0.03 0.02 0.065 0.093 0.006 0.018 0.068
227 P 0.057 0.05 0.034 0.039 0.01 0.116 0.07 0.039 0.021 0.026 0.042 0.066 0.016 0.014 0.258 0.05 0.039 0.004 0.017 0.033
228 K 0.059 0.085 0.087 0.047 0.009 0.045 0.066 0.063 0.021 0.026 0.039 0.225 0.014 0.016 0.025 0.076 0.044 0.005 0.016 0.031
229 D 0.05 0.04 0.12 0.165 0.008 0.037 0.126 0.131 0.022 0.021 0.031 0.065 0.011 0.016 0.022 0.055 0.037 0.005 0.013 0.026
230 K 0.053 0.122 0.034 0.032 0.011 0.038 0.048 0.035 0.017 0.07 0.101 0.16 0.022 0.024 0.022 0.05 0.078 0.006 0.018 0.06
231 K 0.048 0.067 0.069 0.042 0.009 0.044 0.073 0.038 0.06 0.038 0.087 0.157 0.019 0.065 0.027 0.046 0.035 0.007 0.029 0.039
232 L 0.048 0.076 0.031 0.026 0.012 0.026 0.035 0.032 0.096 0.063 0.157 0.044 0.026 0.082 0.017 0.059 0.036 0.036 0.043 0.055
233 K 0.053 0.155 0.034 0.033 0.009 0.042 0.053 0.053 0.019 0.035 0.059 0.179 0.034 0.019 0.077 0.046 0.036 0.008 0.017 0.038
234 L 0.051 0.02 0.014 0.016 0.016 0.015 0.019 0.021 0.009 0.197 0.227 0.024 0.038 0.046 0.014 0.026 0.039 0.006 0.021 0.181
235 F 0.068 0.023 0.019 0.018 0.012 0.017 0.024 0.029 0.026 0.057 0.12 0.026 0.025 0.217 0.014 0.033 0.029 0.018 0.169 0.056
236 G 0.14 0.08 0.037 0.034 0.014 0.031 0.044 0.14 0.042 0.03 0.045 0.08 0.015 0.023 0.024 0.096 0.046 0.006 0.029 0.043
237 L 0.046 0.02 0.014 0.016 0.015 0.014 0.019 0.021 0.01 0.186 0.236 0.023 0.038 0.088 0.014 0.025 0.036 0.007 0.028 0.145
238 L 0.088 0.028 0.024 0.024 0.016 0.021 0.029 0.037 0.013 0.084 0.268 0.033 0.047 0.041 0.019 0.081 0.045 0.006 0.02 0.078
239 P 0.086 0.026 0.025 0.03 0.012 0.021 0.036 0.04 0.013 0.03 0.04 0.04 0.012 0.014 0.405 0.052 0.063 0.003 0.013 0.038
240 L 0.042 0.023 0.017 0.016 0.013 0.016 0.022 0.023 0.022 0.085 0.208 0.025 0.032 0.139 0.014 0.027 0.031 0.015 0.138 0.093
241 S 0.12 0.035 0.045 0.041 0.017 0.029 0.045 0.059 0.017 0.035 0.051 0.047 0.017 0.054 0.027 0.193 0.092 0.006 0.023 0.048
242 A 0.168 0.027 0.026 0.026 0.019 0.022 0.032 0.049 0.012 0.103 0.087 0.037 0.023 0.027 0.023 0.067 0.098 0.005 0.018 0.132
243 P 0.088 0.024 0.021 0.024 0.014 0.018 0.028 0.089 0.011 0.087 0.125 0.033 0.023 0.027 0.183 0.041 0.038 0.005 0.016 0.106
244 L 0.075 0.02 0.016 0.018 0.016 0.015 0.021 0.027 0.01 0.193 0.193 0.025 0.035 0.083 0.015 0.031 0.037 0.007 0.027 0.136
245 F 0.138 0.025 0.022 0.023 0.023 0.019 0.029 0.045 0.014 0.062 0.148 0.032 0.026 0.151 0.019 0.069 0.04 0.009 0.04 0.065
246 S 0.161 0.034 0.04 0.038 0.072 0.028 0.043 0.063 0.016 0.034 0.048 0.046 0.016 0.02 0.027 0.178 0.065 0.005 0.016 0.049
247 G 0.085 0.031 0.038 0.035 0.014 0.024 0.036 0.16 0.019 0.04 0.087 0.04 0.018 0.048 0.022 0.135 0.06 0.008 0.055 0.045
248 L 0.079 0.023 0.017 0.018 0.016 0.016 0.022 0.062 0.01 0.128 0.254 0.027 0.037 0.052 0.016 0.033 0.037 0.006 0.021 0.126
249 L 0.063 0.031 0.026 0.025 0.016 0.027 0.031 0.035 0.015 0.094 0.151 0.037 0.136 0.04 0.018 0.082 0.048 0.007 0.021 0.095
250 Y 0.042 0.025 0.02 0.019 0.011 0.019 0.025 0.024 0.03 0.095 0.107 0.028 0.031 0.129 0.015 0.032 0.045 0.019 0.207 0.075
251 Y 0.038 0.026 0.02 0.018 0.009 0.02 0.026 0.024 0.042 0.044 0.071 0.029 0.019 0.157 0.014 0.029 0.027 0.026 0.315 0.046
252 L 0.042 0.023 0.014 0.015 0.015 0.015 0.02 0.022 0.01 0.102 0.349 0.024 0.043 0.058 0.013 0.023 0.031 0.063 0.027 0.09
253 T 0.085 0.036 0.046 0.041 0.017 0.029 0.043 0.051 0.015 0.042 0.053 0.047 0.017 0.022 0.027 0.157 0.193 0.005 0.017 0.057
254 Y 0.094 0.041 0.052 0.034 0.013 0.03 0.041 0.046 0.026 0.048 0.059 0.073 0.018 0.053 0.022 0.104 0.049 0.012 0.115 0.071
255 H 0.043 0.084 0.076 0.038 0.009 0.037 0.047 0.038 0.147 0.036 0.054 0.089 0.017 0.096 0.018 0.044 0.039 0.008 0.046 0.035
256 F 0.033 0.019 0.017 0.016 0.01 0.011 0.019 0.024 0.019 0.059 0.105 0.02 0.024 0.379 0.011 0.025 0.025 0.017 0.114 0.052
257 S 0.079 0.038 0.113 0.051 0.015 0.03 0.045 0.056 0.019 0.035 0.046 0.049 0.015 0.02 0.026 0.154 0.139 0.005 0.017 0.047
258 W 0.064 0.023 0.017 0.018 0.009 0.016 0.025 0.035 0.014 0.031 0.052 0.026 0.015 0.061 0.066 0.031 0.026 0.382 0.055 0.034
259 S 0.111 0.079 0.044 0.04 0.014 0.033 0.047 0.117 0.018 0.029 0.042 0.083 0.015 0.019 0.026 0.155 0.066 0.005 0.016 0.04
260 S 0.075 0.04 0.068 0.086 0.013 0.057 0.057 0.051 0.048 0.056 0.052 0.052 0.017 0.022 0.024 0.148 0.058 0.005 0.02 0.05
261 P 0.065 0.025 0.03 0.032 0.011 0.022 0.033 0.202 0.013 0.023 0.033 0.039 0.01 0.014 0.307 0.061 0.036 0.004 0.012 0.029
262 F 0.038 0.059 0.018 0.018 0.012 0.016 0.023 0.024 0.015 0.084 0.176 0.032 0.037 0.243 0.013 0.027 0.03 0.012 0.056 0.068
263 Y 0.039 0.025 0.019 0.017 0.011 0.019 0.024 0.023 0.034 0.059 0.144 0.028 0.025 0.136 0.014 0.028 0.028 0.021 0.248 0.056
264 V 0.09 0.022 0.022 0.063 0.017 0.018 0.031 0.031 0.01 0.146 0.111 0.029 0.027 0.032 0.018 0.038 0.045 0.005 0.018 0.227
265 A 0.162 0.077 0.044 0.035 0.016 0.045 0.047 0.056 0.017 0.042 0.089 0.072 0.021 0.025 0.025 0.1 0.051 0.005 0.018 0.054
266 L 0.078 0.021 0.015 0.018 0.017 0.015 0.021 0.027 0.009 0.186 0.224 0.026 0.037 0.042 0.016 0.031 0.039 0.006 0.02 0.152
267 N 0.041 0.043 0.343 0.08 0.009 0.032 0.047 0.063 0.03 0.022 0.03 0.052 0.011 0.017 0.019 0.067 0.047 0.004 0.015 0.026
268 N 0.049 0.057 0.197 0.073 0.009 0.057 0.056 0.107 0.025 0.023 0.034 0.113 0.012 0.016 0.021 0.059 0.042 0.005 0.015 0.028
269 L 0.046 0.023 0.019 0.019 0.014 0.016 0.022 0.027 0.013 0.085 0.262 0.025 0.036 0.169 0.014 0.049 0.035 0.01 0.042 0.073
270 L 0.047 0.022 0.019 0.019 0.014 0.016 0.022 0.025 0.012 0.131 0.159 0.026 0.048 0.156 0.015 0.034 0.064 0.009 0.041 0.119
271 S 0.096 0.037 0.053 0.044 0.017 0.03 0.046 0.079 0.017 0.033 0.045 0.049 0.016 0.02 0.028 0.203 0.12 0.005 0.017 0.046
272 G 0.061 0.027 0.027 0.025 0.013 0.023 0.026 0.25 0.014 0.062 0.117 0.034 0.111 0.033 0.017 0.041 0.034 0.007 0.017 0.06
273 R 0.043 0.37 0.037 0.03 0.007 0.047 0.05 0.032 0.022 0.022 0.045 0.116 0.015 0.017 0.019 0.043 0.034 0.006 0.017 0.03
274 L 0.043 0.023 0.014 0.015 0.016 0.016 0.019 0.02 0.01 0.111 0.4 0.024 0.048 0.053 0.014 0.023 0.032 0.007 0.021 0.092
275 A 0.137 0.071 0.036 0.031 0.013 0.03 0.042 0.05 0.121 0.034 0.054 0.049 0.017 0.071 0.022 0.077 0.04 0.008 0.051 0.044
276 L 0.043 0.023 0.014 0.015 0.016 0.016 0.019 0.02 0.01 0.111 0.4 0.024 0.048 0.053 0.014 0.023 0.032 0.007 0.021 0.092
277 G 0.075 0.022 0.038 0.032 0.01 0.018 0.025 0.529 0.013 0.018 0.027 0.032 0.009 0.016 0.018 0.049 0.029 0.005 0.01 0.023
278 K 0.048 0.175 0.074 0.041 0.008 0.046 0.058 0.04 0.062 0.024 0.041 0.188 0.014 0.017 0.022 0.049 0.036 0.005 0.021 0.029
279 N 0.052 0.081 0.145 0.106 0.009 0.064 0.12 0.048 0.025 0.023 0.035 0.067 0.013 0.017 0.022 0.078 0.044 0.005 0.016 0.029
280 A 0.317 0.03 0.025 0.029 0.021 0.025 0.039 0.075 0.014 0.042 0.057 0.043 0.017 0.021 0.029 0.082 0.048 0.005 0.017 0.066
281 L 0.041 0.023 0.015 0.016 0.014 0.015 0.02 0.022 0.012 0.107 0.294 0.024 0.058 0.138 0.013 0.025 0.031 0.009 0.037 0.087
282 N 0.053 0.052 0.159 0.149 0.009 0.036 0.069 0.053 0.023 0.024 0.034 0.107 0.012 0.016 0.023 0.083 0.049 0.004 0.015 0.029
283 T 0.061 0.055 0.036 0.033 0.014 0.033 0.045 0.038 0.015 0.055 0.127 0.127 0.024 0.026 0.024 0.069 0.136 0.006 0.018 0.06
284 Y 0.038 0.026 0.02 0.018 0.009 0.02 0.026 0.024 0.042 0.044 0.071 0.029 0.019 0.157 0.014 0.029 0.027 0.026 0.315 0.046
285 G 0.104 0.031 0.04 0.088 0.012 0.026 0.058 0.248 0.015 0.025 0.035 0.05 0.012 0.017 0.062 0.08 0.045 0.005 0.013 0.034
286 L 0.05 0.021 0.014 0.016 0.016 0.015 0.02 0.021 0.009 0.171 0.262 0.024 0.04 0.045 0.014 0.026 0.038 0.006 0.021 0.17
287 H 0.045 0.125 0.117 0.047 0.008 0.06 0.06 0.043 0.126 0.023 0.038 0.095 0.014 0.02 0.033 0.05 0.036 0.006 0.027 0.027
288 L 0.043 0.024 0.017 0.019 0.012 0.018 0.025 0.025 0.015 0.072 0.228 0.028 0.031 0.052 0.124 0.028 0.031 0.082 0.062 0.064
289 F 0.032 0.018 0.016 0.016 0.01 0.01 0.018 0.024 0.016 0.061 0.11 0.018 0.024 0.41 0.01 0.024 0.024 0.016 0.085 0.053
290 G 0.075 0.022 0.038 0.032 0.01 0.018 0.025 0.529 0.013 0.018 0.027 0.032 0.009 0.016 0.018 0.049 0.029 0.005 0.01 0.023
291 T 0.07 0.044 0.073 0.041 0.014 0.075 0.052 0.043 0.018 0.06 0.062 0.059 0.019 0.021 0.024 0.073 0.166 0.005 0.018 0.062
292 R 0.059 0.185 0.047 0.034 0.009 0.037 0.047 0.037 0.019 0.026 0.042 0.111 0.014 0.016 0.162 0.049 0.052 0.005 0.015 0.034
293 G 0.065 0.029 0.066 0.05 0.011 0.027 0.083 0.268 0.016 0.05 0.051 0.04 0.015 0.02 0.019 0.048 0.036 0.005 0.014 0.086
294 V 0.058 0.021 0.018 0.019 0.017 0.016 0.022 0.024 0.009 0.208 0.134 0.026 0.031 0.037 0.016 0.035 0.069 0.005 0.02 0.216
295 K 0.059 0.073 0.041 0.047 0.01 0.126 0.104 0.041 0.023 0.03 0.059 0.152 0.018 0.017 0.024 0.073 0.043 0.005 0.018 0.036
296 F 0.032 0.018 0.016 0.016 0.01 0.01 0.018 0.024 0.016 0.061 0.11 0.018 0.024 0.41 0.01 0.024 0.024 0.016 0.085 0.053
297 I 0.05 0.059 0.018 0.019 0.015 0.018 0.023 0.022 0.01 0.235 0.139 0.038 0.032 0.037 0.015 0.028 0.041 0.006 0.019 0.177
298 G 0.075 0.022 0.038 0.032 0.01 0.018 0.025 0.529 0.013 0.018 0.027 0.032 0.009 0.016 0.018 0.049 0.029 0.005 0.01 0.023
299 Y 0.054 0.033 0.099 0.038 0.011 0.026 0.037 0.041 0.036 0.034 0.052 0.04 0.016 0.078 0.019 0.087 0.043 0.017 0.198 0.04
300 G 0.075 0.022 0.038 0.032 0.01 0.018 0.025 0.529 0.013 0.018 0.027 0.032 0.009 0.016 0.018 0.049 0.029 0.005 0.01 0.023
301 G 0.075 0.022 0.038 0.032 0.01 0.018 0.025 0.529 0.013 0.018 0.027 0.032 0.009 0.016 0.018 0.049 0.029 0.005 0.01 0.023
302 S 0.076 0.071 0.044 0.041 0.014 0.037 0.052 0.049 0.017 0.035 0.048 0.128 0.016 0.019 0.027 0.129 0.129 0.005 0.017 0.046
303 T 0.07 0.034 0.042 0.036 0.017 0.027 0.038 0.042 0.013 0.051 0.063 0.044 0.019 0.023 0.027 0.089 0.275 0.006 0.017 0.068
304 E 0.053 0.054 0.039 0.082 0.007 0.061 0.295 0.035 0.024 0.022 0.036 0.099 0.013 0.016 0.025 0.053 0.036 0.005 0.016 0.03
305 S 0.1 0.035 0.044 0.041 0.016 0.029 0.044 0.055 0.016 0.035 0.047 0.048 0.016 0.02 0.082 0.172 0.13 0.005 0.016 0.048
306 V 0.067 0.021 0.016 0.017 0.018 0.016 0.022 0.024 0.008 0.161 0.126 0.025 0.03 0.034 0.016 0.032 0.047 0.005 0.02 0.295
307 S 0.11 0.04 0.054 0.049 0.018 0.033 0.053 0.067 0.019 0.03 0.042 0.054 0.016 0.021 0.03 0.217 0.082 0.005 0.018 0.042
308 E 0.055 0.05 0.041 0.091 0.007 0.065 0.293 0.035 0.026 0.022 0.037 0.076 0.013 0.017 0.026 0.055 0.037 0.006 0.017 0.031
309 L 0.056 0.027 0.025 0.023 0.015 0.021 0.028 0.031 0.027 0.098 0.225 0.032 0.037 0.058 0.017 0.076 0.042 0.01 0.074 0.079
310 N 0.072 0.039 0.186 0.067 0.012 0.031 0.047 0.111 0.023 0.024 0.034 0.05 0.012 0.018 0.023 0.141 0.058 0.005 0.015 0.032
311 Y 0.039 0.027 0.021 0.018 0.009 0.021 0.027 0.024 0.045 0.042 0.066 0.03 0.018 0.126 0.015 0.03 0.027 0.027 0.344 0.045
312 N 0.044 0.041 0.279 0.113 0.009 0.031 0.051 0.058 0.027 0.025 0.034 0.05 0.011 0.018 0.02 0.068 0.071 0.004 0.015 0.03
313 Y 0.038 0.025 0.02 0.018 0.009 0.019 0.025 0.024 0.039 0.046 0.076 0.027 0.019 0.189 0.014 0.029 0.026 0.025 0.287 0.047
314 V 0.067 0.021 0.016 0.017 0.018 0.016 0.022 0.024 0.008 0.158 0.125 0.025 0.03 0.034 0.016 0.032 0.047 0.005 0.02 0.297
315 D 0.039 0.029 0.066 0.421 0.007 0.029 0.088 0.045 0.018 0.022 0.027 0.043 0.009 0.014 0.022 0.05 0.034 0.004 0.011 0.023
316 S 0.106 0.039 0.052 0.047 0.017 0.032 0.05 0.064 0.018 0.029 0.04 0.052 0.015 0.02 0.029 0.25 0.079 0.005 0.017 0.04
317 S 0.106 0.039 0.052 0.047 0.017 0.032 0.05 0.064 0.018 0.029 0.04 0.052 0.015 0.02 0.029 0.25 0.079 0.005 0.017 0.04
318 Y 0.039 0.027 0.021 0.018 0.009 0.021 0.027 0.024 0.045 0.042 0.066 0.03 0.018 0.126 0.015 0.03 0.027 0.027 0.344 0.045
319 I 0.052 0.02 0.015 0.017 0.017 0.014 0.019 0.021 0.009 0.21 0.202 0.024 0.036 0.042 0.015 0.026 0.04 0.006 0.02 0.195
320 Q 0.054 0.078 0.042 0.044 0.008 0.202 0.092 0.04 0.026 0.026 0.044 0.136 0.019 0.014 0.023 0.053 0.039 0.006 0.019 0.033
