#Seq2Logo.py -f /work3/idamei/ssn-clusterings/clustering/2205111339/clusters/0017_252/sequences.afa -o /work3/idamei/ssn-clusterings/clustering/2205111339/clusters/0017_252/sequences.logo
#Position Specific Frequency Matrix
A R N D C Q E G H I L K M F P S T W Y V
0 M 0.049 0.03 0.019 0.019 0.015 0.026 0.026 0.026 0.015 0.094 0.184 0.034 0.216 0.045 0.015 0.034 0.038 0.007 0.023 0.086
1 R 0.046 0.115 0.08 0.093 0.01 0.05 0.072 0.037 0.019 0.041 0.114 0.096 0.02 0.023 0.02 0.047 0.053 0.005 0.016 0.043
2 G 0.053 0.048 0.034 0.065 0.01 0.064 0.088 0.135 0.02 0.039 0.098 0.102 0.031 0.029 0.02 0.044 0.033 0.007 0.039 0.041
3 K 0.057 0.129 0.038 0.035 0.01 0.053 0.051 0.109 0.045 0.046 0.049 0.138 0.016 0.019 0.022 0.064 0.055 0.005 0.019 0.042
4 V 0.112 0.022 0.017 0.02 0.019 0.017 0.025 0.034 0.009 0.163 0.12 0.029 0.029 0.034 0.018 0.041 0.046 0.005 0.019 0.221
5 R 0.046 0.133 0.106 0.042 0.01 0.037 0.047 0.04 0.021 0.046 0.127 0.123 0.022 0.026 0.02 0.047 0.038 0.006 0.018 0.046
6 V 0.056 0.026 0.095 0.033 0.016 0.02 0.028 0.033 0.014 0.158 0.112 0.032 0.027 0.033 0.017 0.039 0.046 0.005 0.019 0.193
7 R 0.039 0.242 0.031 0.025 0.008 0.037 0.042 0.032 0.02 0.025 0.048 0.087 0.015 0.031 0.015 0.037 0.031 0.17 0.034 0.03
8 N 0.047 0.065 0.229 0.069 0.009 0.04 0.056 0.057 0.028 0.024 0.035 0.131 0.013 0.017 0.022 0.064 0.046 0.005 0.016 0.029
9 R 0.048 0.27 0.039 0.034 0.008 0.05 0.058 0.036 0.022 0.024 0.045 0.174 0.015 0.017 0.022 0.047 0.036 0.006 0.017 0.031
10 I 0.045 0.025 0.021 0.035 0.012 0.025 0.092 0.025 0.015 0.165 0.119 0.035 0.027 0.126 0.016 0.032 0.035 0.008 0.036 0.107
11 F 0.046 0.021 0.021 0.02 0.012 0.014 0.02 0.148 0.014 0.064 0.16 0.024 0.027 0.218 0.013 0.031 0.028 0.011 0.051 0.056
12 R 0.047 0.116 0.096 0.044 0.008 0.115 0.065 0.04 0.031 0.028 0.047 0.075 0.017 0.038 0.02 0.05 0.038 0.01 0.082 0.034
13 N 0.041 0.038 0.232 0.06 0.009 0.029 0.041 0.05 0.035 0.029 0.042 0.045 0.013 0.054 0.018 0.055 0.041 0.012 0.123 0.033
14 K 0.05 0.099 0.119 0.096 0.009 0.064 0.063 0.046 0.023 0.027 0.04 0.125 0.014 0.017 0.023 0.059 0.069 0.005 0.016 0.034
15 L 0.069 0.038 0.023 0.028 0.012 0.027 0.057 0.031 0.019 0.097 0.157 0.08 0.026 0.047 0.06 0.038 0.035 0.009 0.074 0.074
16 A 0.095 0.091 0.057 0.062 0.048 0.031 0.045 0.045 0.022 0.035 0.056 0.09 0.029 0.034 0.021 0.08 0.042 0.008 0.065 0.043
17 L 0.041 0.024 0.064 0.026 0.012 0.017 0.024 0.028 0.02 0.125 0.139 0.028 0.026 0.131 0.015 0.034 0.05 0.012 0.1 0.083
18 D 0.048 0.121 0.087 0.124 0.009 0.054 0.08 0.041 0.021 0.026 0.039 0.119 0.013 0.016 0.022 0.055 0.071 0.005 0.015 0.033
19 K 0.055 0.093 0.029 0.028 0.011 0.03 0.04 0.066 0.016 0.058 0.083 0.12 0.019 0.028 0.087 0.043 0.053 0.006 0.039 0.094
20 P 0.075 0.071 0.038 0.065 0.01 0.049 0.071 0.075 0.043 0.026 0.039 0.107 0.013 0.016 0.124 0.066 0.055 0.005 0.017 0.034
21 E 0.053 0.04 0.083 0.089 0.01 0.043 0.184 0.038 0.046 0.035 0.044 0.055 0.014 0.019 0.023 0.058 0.088 0.005 0.018 0.054
22 I 0.052 0.026 0.019 0.02 0.015 0.018 0.024 0.025 0.012 0.2 0.163 0.045 0.031 0.043 0.016 0.043 0.04 0.007 0.042 0.16
23 L 0.044 0.019 0.014 0.015 0.048 0.013 0.018 0.021 0.01 0.17 0.245 0.022 0.036 0.095 0.013 0.025 0.033 0.007 0.028 0.123
24 F 0.035 0.019 0.017 0.016 0.044 0.012 0.019 0.024 0.021 0.054 0.095 0.02 0.022 0.339 0.011 0.026 0.025 0.017 0.134 0.05
25 F 0.04 0.021 0.018 0.017 0.011 0.015 0.021 0.057 0.021 0.082 0.176 0.024 0.028 0.192 0.013 0.026 0.028 0.015 0.132 0.065
26 I 0.126 0.023 0.02 0.021 0.016 0.018 0.026 0.038 0.012 0.15 0.132 0.03 0.039 0.086 0.018 0.056 0.041 0.007 0.027 0.115
27 G 0.212 0.025 0.028 0.029 0.016 0.021 0.031 0.257 0.013 0.05 0.051 0.036 0.015 0.02 0.023 0.063 0.038 0.005 0.014 0.054
28 L 0.038 0.021 0.015 0.015 0.011 0.014 0.02 0.023 0.016 0.087 0.177 0.022 0.028 0.16 0.011 0.024 0.028 0.115 0.091 0.081
29 F 0.083 0.022 0.021 0.021 0.014 0.016 0.024 0.033 0.013 0.11 0.121 0.027 0.025 0.19 0.016 0.044 0.084 0.01 0.044 0.081
30 L 0.049 0.02 0.014 0.016 0.016 0.014 0.019 0.021 0.009 0.19 0.251 0.023 0.038 0.043 0.014 0.025 0.037 0.006 0.02 0.175
31 F 0.036 0.025 0.024 0.02 0.009 0.018 0.026 0.026 0.099 0.064 0.084 0.026 0.021 0.24 0.013 0.028 0.026 0.016 0.147 0.051
32 L 0.047 0.028 0.02 0.03 0.013 0.026 0.085 0.024 0.016 0.101 0.208 0.034 0.056 0.07 0.016 0.032 0.034 0.008 0.047 0.107
33 L 0.073 0.024 0.023 0.023 0.015 0.018 0.025 0.065 0.011 0.136 0.202 0.029 0.031 0.063 0.017 0.066 0.057 0.006 0.023 0.093
34 S 0.137 0.032 0.039 0.036 0.051 0.026 0.04 0.055 0.015 0.044 0.054 0.043 0.017 0.021 0.026 0.164 0.11 0.005 0.016 0.069
35 V 0.059 0.027 0.046 0.026 0.015 0.02 0.028 0.064 0.037 0.099 0.157 0.031 0.04 0.033 0.017 0.053 0.059 0.006 0.021 0.162
36 L 0.044 0.021 0.015 0.016 0.015 0.015 0.019 0.021 0.009 0.18 0.308 0.024 0.041 0.046 0.014 0.026 0.045 0.006 0.02 0.116
37 L 0.042 0.021 0.014 0.016 0.014 0.015 0.019 0.021 0.011 0.156 0.275 0.024 0.063 0.098 0.013 0.024 0.033 0.008 0.029 0.104
38 D 0.053 0.055 0.088 0.177 0.01 0.029 0.075 0.077 0.018 0.028 0.057 0.048 0.013 0.018 0.088 0.077 0.04 0.004 0.013 0.031
39 L 0.07 0.061 0.031 0.029 0.013 0.072 0.045 0.035 0.043 0.055 0.149 0.05 0.025 0.035 0.02 0.052 0.104 0.007 0.044 0.059
40 T 0.073 0.035 0.064 0.04 0.016 0.027 0.04 0.046 0.015 0.043 0.054 0.045 0.017 0.021 0.026 0.122 0.235 0.005 0.016 0.058
41 A 0.13 0.028 0.024 0.028 0.016 0.024 0.05 0.041 0.015 0.113 0.104 0.037 0.06 0.037 0.02 0.064 0.059 0.007 0.041 0.1
42 W 0.06 0.021 0.015 0.016 0.013 0.014 0.021 0.027 0.012 0.111 0.136 0.023 0.026 0.096 0.012 0.028 0.032 0.18 0.043 0.115
43 A 0.117 0.036 0.029 0.033 0.014 0.042 0.06 0.044 0.02 0.07 0.069 0.06 0.019 0.063 0.021 0.091 0.046 0.009 0.068 0.089
44 F 0.072 0.03 0.023 0.023 0.013 0.02 0.029 0.033 0.019 0.068 0.109 0.051 0.023 0.164 0.017 0.056 0.056 0.012 0.091 0.093
45 L 0.045 0.024 0.014 0.015 0.016 0.016 0.02 0.021 0.01 0.115 0.375 0.025 0.05 0.055 0.014 0.024 0.033 0.007 0.022 0.096
46 A 0.135 0.093 0.064 0.043 0.014 0.033 0.067 0.095 0.018 0.03 0.044 0.058 0.014 0.019 0.024 0.114 0.07 0.005 0.016 0.043
47 L 0.072 0.034 0.028 0.035 0.012 0.046 0.082 0.073 0.045 0.05 0.106 0.044 0.062 0.057 0.096 0.043 0.034 0.006 0.025 0.051
48 G 0.057 0.033 0.101 0.118 0.01 0.03 0.073 0.18 0.053 0.028 0.045 0.044 0.028 0.02 0.02 0.069 0.038 0.005 0.017 0.031
49 N 0.042 0.044 0.324 0.082 0.009 0.033 0.049 0.065 0.031 0.022 0.031 0.053 0.011 0.018 0.02 0.069 0.049 0.004 0.016 0.027
50 D 0.049 0.034 0.111 0.21 0.008 0.034 0.115 0.144 0.021 0.021 0.029 0.048 0.01 0.015 0.021 0.053 0.036 0.004 0.012 0.025
51 S 0.11 0.04 0.054 0.049 0.018 0.033 0.053 0.067 0.019 0.03 0.042 0.054 0.016 0.021 0.03 0.217 0.082 0.005 0.018 0.042
52 A 0.128 0.066 0.041 0.091 0.013 0.06 0.089 0.113 0.019 0.028 0.042 0.058 0.014 0.017 0.024 0.092 0.045 0.005 0.015 0.04
53 L 0.073 0.033 0.052 0.033 0.014 0.046 0.061 0.034 0.016 0.113 0.16 0.041 0.075 0.035 0.018 0.041 0.039 0.006 0.02 0.092
54 T 0.095 0.042 0.102 0.046 0.014 0.03 0.044 0.102 0.018 0.034 0.045 0.072 0.015 0.019 0.025 0.109 0.12 0.005 0.016 0.046
55 P 0.097 0.032 0.051 0.033 0.013 0.039 0.039 0.044 0.018 0.043 0.098 0.042 0.019 0.056 0.122 0.093 0.061 0.007 0.044 0.049
56 L 0.06 0.021 0.015 0.016 0.014 0.014 0.02 0.025 0.011 0.122 0.256 0.023 0.036 0.147 0.014 0.027 0.032 0.009 0.037 0.103
57 G 0.063 0.074 0.077 0.035 0.011 0.024 0.032 0.274 0.018 0.039 0.045 0.045 0.014 0.025 0.018 0.061 0.036 0.006 0.037 0.066
58 I 0.047 0.018 0.015 0.018 0.016 0.013 0.018 0.021 0.009 0.271 0.168 0.024 0.037 0.044 0.015 0.025 0.04 0.006 0.021 0.177
59 L 0.057 0.026 0.047 0.028 0.014 0.02 0.029 0.034 0.016 0.097 0.122 0.032 0.037 0.117 0.017 0.082 0.06 0.009 0.054 0.101
60 L 0.062 0.02 0.017 0.017 0.014 0.014 0.02 0.06 0.012 0.126 0.192 0.023 0.031 0.169 0.014 0.029 0.032 0.009 0.04 0.101
61 L 0.128 0.025 0.024 0.024 0.049 0.019 0.027 0.074 0.012 0.075 0.141 0.032 0.024 0.082 0.02 0.054 0.088 0.007 0.026 0.071
62 K 0.053 0.085 0.059 0.04 0.009 0.06 0.062 0.041 0.02 0.032 0.051 0.253 0.028 0.017 0.024 0.053 0.055 0.005 0.017 0.037
63 L 0.069 0.026 0.022 0.025 0.013 0.021 0.046 0.064 0.021 0.095 0.131 0.032 0.037 0.083 0.017 0.05 0.036 0.012 0.114 0.086
64 L 0.069 0.022 0.017 0.019 0.016 0.016 0.022 0.027 0.01 0.199 0.211 0.027 0.047 0.041 0.016 0.045 0.039 0.006 0.02 0.135
65 R 0.044 0.326 0.037 0.032 0.007 0.075 0.056 0.032 0.022 0.022 0.043 0.123 0.015 0.016 0.019 0.044 0.034 0.005 0.017 0.03
66 Y 0.058 0.029 0.02 0.019 0.01 0.02 0.027 0.028 0.032 0.048 0.094 0.047 0.02 0.164 0.015 0.032 0.028 0.02 0.238 0.049
67 L 0.05 0.023 0.019 0.019 0.015 0.017 0.022 0.025 0.01 0.127 0.251 0.027 0.035 0.067 0.016 0.037 0.086 0.007 0.024 0.123
68 A 0.205 0.03 0.032 0.032 0.051 0.024 0.038 0.095 0.014 0.042 0.053 0.041 0.016 0.02 0.025 0.135 0.055 0.005 0.016 0.069
69 Y 0.038 0.026 0.02 0.017 0.009 0.02 0.026 0.023 0.044 0.041 0.064 0.029 0.017 0.122 0.015 0.029 0.026 0.026 0.362 0.044
70 L 0.066 0.02 0.019 0.02 0.013 0.014 0.02 0.128 0.011 0.132 0.183 0.025 0.029 0.114 0.015 0.032 0.032 0.008 0.03 0.087
71 L 0.047 0.021 0.014 0.015 0.016 0.015 0.019 0.02 0.009 0.145 0.323 0.024 0.041 0.046 0.014 0.024 0.035 0.006 0.02 0.145
72 L 0.066 0.02 0.016 0.016 0.182 0.014 0.019 0.028 0.011 0.071 0.196 0.023 0.041 0.113 0.014 0.033 0.032 0.007 0.03 0.068
73 L 0.165 0.025 0.02 0.021 0.084 0.019 0.027 0.078 0.012 0.065 0.183 0.031 0.039 0.032 0.02 0.05 0.038 0.006 0.017 0.07
74 L 0.087 0.022 0.017 0.019 0.015 0.016 0.022 0.063 0.011 0.137 0.175 0.026 0.042 0.089 0.016 0.035 0.037 0.007 0.027 0.137
75 K 0.075 0.072 0.035 0.038 0.01 0.041 0.072 0.074 0.017 0.051 0.073 0.211 0.018 0.02 0.024 0.063 0.039 0.005 0.016 0.046
76 I 0.047 0.018 0.014 0.016 0.015 0.013 0.018 0.02 0.009 0.254 0.164 0.022 0.034 0.066 0.014 0.025 0.038 0.006 0.024 0.183
77 L 0.067 0.021 0.017 0.018 0.049 0.015 0.021 0.026 0.01 0.154 0.216 0.025 0.033 0.065 0.015 0.033 0.053 0.006 0.023 0.132
78 Y 0.068 0.053 0.028 0.052 0.045 0.038 0.037 0.035 0.024 0.042 0.083 0.04 0.019 0.105 0.017 0.067 0.036 0.047 0.12 0.045
79 D 0.061 0.084 0.047 0.15 0.011 0.05 0.098 0.043 0.019 0.031 0.063 0.059 0.015 0.019 0.023 0.108 0.063 0.005 0.015 0.037
80 T 0.073 0.036 0.043 0.038 0.018 0.028 0.039 0.043 0.014 0.053 0.065 0.045 0.02 0.024 0.028 0.093 0.246 0.006 0.018 0.071
81 C 0.056 0.063 0.075 0.04 0.112 0.06 0.064 0.039 0.018 0.036 0.071 0.069 0.017 0.019 0.054 0.067 0.074 0.005 0.016 0.044
82 K 0.057 0.073 0.046 0.113 0.009 0.041 0.065 0.138 0.018 0.024 0.036 0.191 0.013 0.015 0.024 0.052 0.036 0.005 0.014 0.029
83 I 0.046 0.022 0.017 0.021 0.013 0.018 0.042 0.022 0.019 0.189 0.137 0.028 0.029 0.061 0.015 0.028 0.035 0.011 0.111 0.139
84 K 0.051 0.098 0.034 0.057 0.009 0.033 0.045 0.135 0.022 0.046 0.05 0.14 0.015 0.038 0.02 0.042 0.032 0.009 0.084 0.04
85 K 0.052 0.06 0.123 0.05 0.01 0.052 0.072 0.044 0.021 0.034 0.068 0.141 0.017 0.046 0.022 0.068 0.058 0.006 0.021 0.038
86 K 0.053 0.15 0.08 0.039 0.01 0.039 0.051 0.041 0.022 0.045 0.049 0.155 0.016 0.025 0.022 0.076 0.042 0.006 0.039 0.04
87 N 0.044 0.075 0.167 0.077 0.009 0.05 0.053 0.045 0.05 0.043 0.045 0.107 0.014 0.025 0.02 0.052 0.039 0.006 0.041 0.037
88 I 0.046 0.022 0.02 0.024 0.013 0.018 0.043 0.026 0.012 0.162 0.152 0.028 0.029 0.116 0.015 0.046 0.052 0.042 0.035 0.099
89 L 0.043 0.021 0.017 0.018 0.013 0.015 0.021 0.024 0.013 0.165 0.174 0.024 0.03 0.101 0.013 0.04 0.034 0.078 0.057 0.1
90 G 0.092 0.032 0.026 0.027 0.013 0.021 0.031 0.139 0.014 0.091 0.076 0.069 0.019 0.103 0.052 0.057 0.036 0.007 0.029 0.065
91 L 0.07 0.021 0.017 0.017 0.015 0.015 0.021 0.06 0.01 0.12 0.21 0.025 0.032 0.09 0.015 0.031 0.036 0.007 0.027 0.159
92 I 0.082 0.021 0.017 0.018 0.014 0.015 0.022 0.028 0.017 0.18 0.116 0.026 0.027 0.106 0.015 0.033 0.035 0.011 0.096 0.122
93 L 0.088 0.021 0.016 0.017 0.088 0.016 0.021 0.029 0.01 0.148 0.223 0.026 0.046 0.039 0.016 0.034 0.036 0.006 0.019 0.102
94 F 0.041 0.025 0.028 0.089 0.011 0.021 0.057 0.028 0.023 0.103 0.093 0.032 0.022 0.147 0.016 0.033 0.032 0.013 0.113 0.075
95 V 0.098 0.026 0.023 0.023 0.016 0.02 0.028 0.035 0.013 0.119 0.142 0.032 0.04 0.039 0.019 0.071 0.062 0.007 0.042 0.145
96 L 0.11 0.026 0.022 0.026 0.015 0.021 0.047 0.07 0.013 0.09 0.154 0.033 0.039 0.085 0.018 0.056 0.039 0.007 0.027 0.103
97 G 0.116 0.022 0.022 0.022 0.082 0.017 0.024 0.172 0.011 0.067 0.113 0.028 0.021 0.053 0.018 0.045 0.036 0.006 0.02 0.105
98 I 0.047 0.019 0.015 0.016 0.015 0.013 0.018 0.021 0.01 0.195 0.172 0.022 0.033 0.118 0.013 0.025 0.036 0.008 0.032 0.173
99 L 0.087 0.023 0.022 0.022 0.015 0.017 0.025 0.033 0.012 0.129 0.144 0.028 0.027 0.139 0.017 0.056 0.071 0.008 0.036 0.09
100 G 0.098 0.022 0.023 0.023 0.015 0.017 0.024 0.168 0.01 0.111 0.127 0.029 0.024 0.029 0.018 0.043 0.055 0.005 0.016 0.138
101 I 0.048 0.019 0.015 0.017 0.015 0.014 0.018 0.055 0.009 0.22 0.213 0.023 0.035 0.041 0.014 0.026 0.036 0.006 0.019 0.156
102 S 0.154 0.033 0.037 0.039 0.017 0.029 0.061 0.056 0.016 0.049 0.056 0.045 0.017 0.021 0.026 0.161 0.076 0.005 0.017 0.084
103 F 0.128 0.022 0.02 0.021 0.082 0.016 0.024 0.107 0.012 0.062 0.099 0.027 0.021 0.132 0.017 0.045 0.035 0.008 0.033 0.089
104 L 0.046 0.02 0.015 0.016 0.015 0.014 0.019 0.021 0.012 0.176 0.206 0.023 0.034 0.099 0.013 0.025 0.035 0.008 0.051 0.152
105 G 0.102 0.057 0.056 0.035 0.047 0.026 0.037 0.114 0.016 0.035 0.053 0.062 0.016 0.073 0.022 0.099 0.078 0.006 0.024 0.044
106 S 0.13 0.035 0.045 0.041 0.017 0.029 0.045 0.061 0.017 0.049 0.049 0.047 0.016 0.021 0.027 0.229 0.07 0.005 0.017 0.051
107 G 0.061 0.111 0.037 0.033 0.01 0.046 0.042 0.206 0.017 0.028 0.044 0.092 0.014 0.044 0.02 0.066 0.069 0.006 0.019 0.035
108 N 0.043 0.038 0.217 0.145 0.008 0.034 0.092 0.084 0.05 0.021 0.03 0.05 0.01 0.017 0.02 0.057 0.039 0.004 0.016 0.025
109 K 0.08 0.095 0.082 0.041 0.012 0.034 0.047 0.047 0.019 0.033 0.049 0.109 0.016 0.045 0.023 0.103 0.097 0.006 0.021 0.042
110 T 0.078 0.03 0.054 0.032 0.016 0.023 0.033 0.039 0.013 0.077 0.096 0.037 0.022 0.053 0.022 0.068 0.193 0.006 0.022 0.087
111 L 0.043 0.021 0.015 0.016 0.014 0.015 0.02 0.022 0.012 0.151 0.198 0.024 0.07 0.146 0.013 0.026 0.033 0.009 0.037 0.114
112 L 0.047 0.02 0.015 0.016 0.082 0.014 0.018 0.022 0.01 0.154 0.204 0.023 0.045 0.092 0.014 0.027 0.035 0.007 0.027 0.13
113 L 0.039 0.022 0.016 0.016 0.013 0.014 0.02 0.023 0.014 0.078 0.242 0.023 0.033 0.18 0.013 0.028 0.045 0.046 0.067 0.068
114 Y 0.043 0.028 0.023 0.021 0.01 0.035 0.03 0.06 0.032 0.063 0.092 0.032 0.021 0.111 0.016 0.035 0.046 0.019 0.229 0.055
115 L 0.089 0.024 0.021 0.021 0.015 0.017 0.026 0.034 0.013 0.079 0.192 0.028 0.029 0.116 0.016 0.065 0.039 0.042 0.035 0.098
116 L 0.042 0.02 0.014 0.015 0.015 0.014 0.018 0.02 0.01 0.161 0.286 0.022 0.039 0.097 0.013 0.024 0.033 0.007 0.029 0.12
117 I 0.066 0.02 0.015 0.017 0.016 0.015 0.02 0.024 0.009 0.235 0.182 0.025 0.046 0.04 0.015 0.029 0.038 0.006 0.019 0.163
118 F 0.039 0.021 0.016 0.016 0.013 0.014 0.019 0.022 0.015 0.124 0.186 0.023 0.056 0.203 0.012 0.025 0.03 0.011 0.068 0.086
119 I 0.048 0.019 0.014 0.016 0.015 0.013 0.019 0.021 0.009 0.198 0.193 0.022 0.034 0.093 0.014 0.025 0.037 0.007 0.028 0.175
120 A 0.255 0.03 0.031 0.032 0.018 0.025 0.038 0.133 0.014 0.035 0.048 0.042 0.015 0.019 0.026 0.114 0.05 0.005 0.016 0.054
121 A 0.181 0.03 0.034 0.033 0.017 0.024 0.037 0.124 0.014 0.038 0.053 0.041 0.016 0.047 0.025 0.111 0.098 0.006 0.02 0.053
122 L 0.049 0.028 0.042 0.024 0.046 0.019 0.027 0.029 0.017 0.118 0.133 0.047 0.026 0.073 0.015 0.047 0.037 0.043 0.071 0.108
123 G 0.061 0.04 0.079 0.068 0.078 0.044 0.063 0.175 0.017 0.033 0.042 0.079 0.013 0.017 0.02 0.063 0.038 0.005 0.014 0.05
124 V 0.097 0.022 0.02 0.021 0.05 0.017 0.025 0.033 0.01 0.171 0.111 0.028 0.027 0.032 0.018 0.055 0.061 0.005 0.018 0.18
125 D 0.057 0.036 0.092 0.186 0.01 0.035 0.118 0.047 0.02 0.024 0.034 0.05 0.012 0.016 0.057 0.098 0.061 0.004 0.014 0.031
126 D 0.102 0.04 0.042 0.118 0.012 0.031 0.072 0.082 0.019 0.036 0.045 0.081 0.014 0.025 0.024 0.11 0.047 0.006 0.038 0.055
127 R 0.048 0.212 0.079 0.04 0.008 0.042 0.068 0.07 0.021 0.031 0.044 0.133 0.014 0.017 0.02 0.047 0.036 0.005 0.016 0.048
128 K 0.059 0.102 0.037 0.034 0.012 0.036 0.048 0.039 0.019 0.039 0.059 0.145 0.029 0.027 0.023 0.073 0.125 0.007 0.04 0.047
129 I 0.051 0.019 0.037 0.021 0.049 0.014 0.02 0.024 0.009 0.236 0.133 0.024 0.03 0.036 0.015 0.029 0.04 0.005 0.018 0.189
130 L 0.049 0.021 0.016 0.018 0.015 0.016 0.02 0.023 0.01 0.203 0.235 0.025 0.049 0.043 0.015 0.041 0.038 0.006 0.02 0.137
131 K 0.057 0.1 0.037 0.036 0.01 0.042 0.056 0.04 0.018 0.033 0.07 0.234 0.017 0.045 0.024 0.075 0.041 0.006 0.021 0.037
132 L 0.134 0.026 0.023 0.024 0.017 0.02 0.029 0.041 0.011 0.124 0.155 0.033 0.028 0.032 0.02 0.076 0.062 0.005 0.018 0.12
133 S 0.113 0.032 0.037 0.034 0.016 0.025 0.038 0.05 0.014 0.063 0.061 0.042 0.018 0.025 0.024 0.147 0.123 0.04 0.02 0.076
134 L 0.068 0.021 0.017 0.018 0.082 0.015 0.021 0.027 0.01 0.132 0.189 0.024 0.031 0.089 0.015 0.034 0.052 0.007 0.027 0.122
135 I 0.063 0.043 0.017 0.017 0.081 0.015 0.021 0.027 0.011 0.147 0.128 0.028 0.026 0.114 0.014 0.031 0.034 0.042 0.034 0.108
136 I 0.13 0.024 0.022 0.023 0.017 0.019 0.027 0.038 0.011 0.169 0.106 0.032 0.026 0.031 0.02 0.052 0.093 0.005 0.018 0.139
137 Q 0.056 0.069 0.042 0.044 0.009 0.236 0.091 0.04 0.026 0.025 0.043 0.099 0.019 0.014 0.023 0.067 0.041 0.005 0.019 0.033
138 G 0.109 0.027 0.034 0.031 0.015 0.022 0.033 0.181 0.014 0.059 0.101 0.037 0.019 0.051 0.021 0.12 0.047 0.006 0.02 0.054
139 L 0.067 0.019 0.015 0.017 0.048 0.014 0.02 0.026 0.011 0.14 0.156 0.023 0.029 0.14 0.014 0.03 0.036 0.008 0.036 0.151
140 L 0.065 0.023 0.018 0.019 0.015 0.018 0.023 0.027 0.012 0.145 0.156 0.027 0.079 0.117 0.015 0.035 0.053 0.008 0.033 0.113
141 L 0.04 0.022 0.014 0.014 0.014 0.015 0.019 0.021 0.01 0.113 0.354 0.023 0.042 0.076 0.013 0.023 0.03 0.042 0.028 0.088
142 L 0.1 0.022 0.017 0.018 0.015 0.016 0.023 0.032 0.012 0.112 0.192 0.026 0.043 0.142 0.016 0.036 0.035 0.009 0.036 0.099
143 I 0.053 0.02 0.018 0.019 0.015 0.016 0.021 0.059 0.01 0.2 0.149 0.026 0.043 0.063 0.015 0.044 0.04 0.006 0.023 0.16
144 T 0.065 0.026 0.029 0.027 0.05 0.02 0.028 0.067 0.011 0.12 0.088 0.033 0.023 0.027 0.02 0.069 0.144 0.005 0.017 0.131
145 V 0.059 0.02 0.015 0.017 0.017 0.014 0.02 0.022 0.008 0.18 0.128 0.023 0.03 0.061 0.015 0.029 0.043 0.006 0.024 0.269
146 L 0.055 0.022 0.021 0.021 0.015 0.016 0.022 0.094 0.01 0.16 0.169 0.027 0.03 0.062 0.016 0.048 0.055 0.006 0.022 0.129
147 L 0.11 0.025 0.022 0.023 0.049 0.019 0.027 0.072 0.012 0.065 0.184 0.032 0.039 0.058 0.053 0.06 0.055 0.006 0.022 0.066
148 S 0.144 0.033 0.041 0.038 0.084 0.027 0.042 0.06 0.016 0.032 0.045 0.045 0.015 0.02 0.026 0.202 0.065 0.005 0.016 0.046
149 L 0.067 0.088 0.028 0.028 0.012 0.104 0.051 0.066 0.018 0.057 0.177 0.058 0.04 0.029 0.018 0.041 0.035 0.006 0.019 0.056
150 I 0.076 0.024 0.023 0.023 0.016 0.018 0.026 0.031 0.01 0.166 0.151 0.03 0.029 0.034 0.018 0.058 0.093 0.006 0.019 0.151
151 G 0.071 0.023 0.058 0.035 0.01 0.019 0.025 0.51 0.014 0.018 0.027 0.033 0.009 0.015 0.018 0.049 0.029 0.005 0.01 0.023
152 I 0.05 0.02 0.015 0.016 0.016 0.014 0.019 0.021 0.011 0.203 0.191 0.024 0.034 0.046 0.014 0.026 0.038 0.007 0.042 0.193
153 I 0.066 0.021 0.038 0.021 0.015 0.016 0.022 0.027 0.011 0.215 0.173 0.027 0.045 0.039 0.015 0.031 0.039 0.006 0.019 0.154
154 E 0.051 0.048 0.056 0.063 0.008 0.077 0.209 0.035 0.022 0.028 0.061 0.081 0.015 0.017 0.09 0.049 0.036 0.005 0.016 0.034
155 D 0.039 0.033 0.164 0.317 0.007 0.029 0.072 0.049 0.021 0.021 0.027 0.045 0.009 0.015 0.02 0.054 0.037 0.004 0.012 0.024
156 Y 0.064 0.034 0.025 0.022 0.011 0.039 0.035 0.03 0.058 0.052 0.066 0.054 0.019 0.083 0.017 0.036 0.032 0.018 0.227 0.078
157 I 0.051 0.019 0.018 0.044 0.016 0.015 0.023 0.022 0.009 0.23 0.154 0.024 0.032 0.037 0.015 0.027 0.04 0.005 0.019 0.201
158 F 0.036 0.099 0.044 0.024 0.009 0.021 0.029 0.029 0.018 0.047 0.084 0.059 0.02 0.29 0.013 0.032 0.028 0.012 0.061 0.044
159 D 0.052 0.031 0.085 0.171 0.011 0.04 0.053 0.108 0.017 0.061 0.08 0.041 0.029 0.023 0.019 0.06 0.039 0.005 0.015 0.063
160 D 0.084 0.06 0.044 0.204 0.009 0.035 0.12 0.043 0.018 0.024 0.035 0.071 0.011 0.015 0.09 0.052 0.035 0.004 0.013 0.031
161 R 0.046 0.2 0.11 0.058 0.008 0.048 0.114 0.041 0.026 0.023 0.04 0.091 0.014 0.017 0.021 0.053 0.039 0.005 0.017 0.03
162 G 0.062 0.041 0.083 0.074 0.011 0.032 0.083 0.178 0.018 0.029 0.06 0.082 0.014 0.019 0.022 0.082 0.057 0.005 0.014 0.035
163 G 0.062 0.031 0.059 0.065 0.013 0.026 0.056 0.162 0.015 0.042 0.078 0.04 0.029 0.022 0.021 0.067 0.139 0.005 0.015 0.05
164 R 0.042 0.388 0.036 0.029 0.007 0.045 0.049 0.031 0.022 0.022 0.043 0.112 0.014 0.016 0.018 0.042 0.033 0.005 0.016 0.029
165 V 0.074 0.059 0.05 0.031 0.013 0.041 0.039 0.036 0.04 0.098 0.099 0.062 0.022 0.027 0.053 0.059 0.058 0.005 0.02 0.114
166 R 0.042 0.388 0.036 0.029 0.007 0.045 0.049 0.031 0.022 0.022 0.043 0.112 0.014 0.016 0.018 0.042 0.033 0.005 0.016 0.029
167 H 0.041 0.04 0.046 0.063 0.008 0.035 0.069 0.035 0.298 0.027 0.047 0.043 0.027 0.034 0.018 0.04 0.027 0.008 0.067 0.028
168 G 0.077 0.023 0.028 0.026 0.012 0.018 0.026 0.205 0.014 0.06 0.076 0.03 0.031 0.157 0.017 0.069 0.035 0.009 0.037 0.051
169 L 0.042 0.023 0.014 0.015 0.015 0.016 0.019 0.02 0.01 0.107 0.401 0.024 0.058 0.051 0.013 0.023 0.032 0.007 0.021 0.09
170 G 0.073 0.021 0.037 0.031 0.01 0.018 0.024 0.542 0.013 0.018 0.026 0.031 0.009 0.015 0.018 0.048 0.028 0.005 0.01 0.023
171 F 0.032 0.018 0.016 0.016 0.01 0.01 0.018 0.024 0.016 0.059 0.107 0.018 0.024 0.427 0.01 0.024 0.024 0.016 0.083 0.051
172 S 0.09 0.041 0.062 0.047 0.014 0.064 0.089 0.049 0.019 0.037 0.069 0.054 0.018 0.021 0.025 0.133 0.103 0.005 0.017 0.047
173 W 0.028 0.021 0.014 0.014 0.007 0.014 0.021 0.028 0.014 0.028 0.05 0.021 0.014 0.057 0.007 0.021 0.021 0.526 0.064 0.028
174 T 0.137 0.029 0.031 0.029 0.051 0.023 0.033 0.046 0.012 0.072 0.07 0.038 0.019 0.023 0.024 0.074 0.178 0.005 0.017 0.088
175 T 0.071 0.033 0.041 0.036 0.017 0.026 0.038 0.042 0.013 0.048 0.059 0.043 0.018 0.022 0.026 0.099 0.281 0.005 0.017 0.065
176 T 0.064 0.031 0.036 0.031 0.016 0.024 0.034 0.037 0.014 0.074 0.072 0.039 0.02 0.031 0.024 0.075 0.244 0.007 0.04 0.088
177 G 0.141 0.025 0.031 0.03 0.013 0.02 0.03 0.282 0.013 0.031 0.062 0.036 0.014 0.019 0.089 0.069 0.037 0.005 0.013 0.04
178 P 0.114 0.027 0.026 0.03 0.013 0.021 0.035 0.044 0.013 0.051 0.05 0.039 0.014 0.017 0.293 0.069 0.074 0.004 0.014 0.051
179 I 0.046 0.018 0.016 0.018 0.015 0.013 0.018 0.021 0.009 0.301 0.151 0.023 0.033 0.04 0.015 0.028 0.054 0.006 0.019 0.159
180 L 0.044 0.021 0.014 0.015 0.015 0.015 0.019 0.02 0.009 0.166 0.312 0.024 0.053 0.047 0.014 0.024 0.034 0.006 0.02 0.125
181 F 0.034 0.02 0.016 0.016 0.01 0.013 0.02 0.023 0.021 0.062 0.139 0.021 0.026 0.316 0.011 0.025 0.025 0.017 0.131 0.055
182 F 0.038 0.021 0.016 0.016 0.012 0.013 0.019 0.023 0.015 0.08 0.193 0.022 0.043 0.255 0.012 0.025 0.028 0.013 0.077 0.081
183 F 0.034 0.023 0.022 0.019 0.009 0.016 0.024 0.025 0.074 0.049 0.086 0.024 0.021 0.293 0.012 0.027 0.025 0.017 0.154 0.045
184 I 0.043 0.019 0.015 0.016 0.048 0.014 0.018 0.022 0.011 0.204 0.161 0.023 0.056 0.118 0.013 0.026 0.034 0.008 0.032 0.119
185 L 0.072 0.023 0.018 0.019 0.049 0.017 0.023 0.029 0.011 0.14 0.181 0.027 0.055 0.064 0.016 0.047 0.04 0.006 0.023 0.14
186 L 0.042 0.022 0.014 0.015 0.014 0.015 0.019 0.021 0.011 0.1 0.319 0.023 0.052 0.125 0.013 0.024 0.031 0.008 0.033 0.097
187 G 0.079 0.039 0.035 0.046 0.011 0.08 0.125 0.173 0.019 0.034 0.087 0.054 0.018 0.02 0.021 0.063 0.037 0.005 0.016 0.039
188 Y 0.042 0.025 0.021 0.018 0.009 0.019 0.025 0.058 0.037 0.048 0.068 0.028 0.018 0.129 0.015 0.03 0.027 0.023 0.297 0.061
189 I 0.045 0.017 0.014 0.017 0.049 0.013 0.017 0.02 0.009 0.285 0.152 0.023 0.045 0.04 0.014 0.025 0.037 0.006 0.019 0.152
190 Y 0.058 0.025 0.02 0.018 0.01 0.019 0.026 0.026 0.037 0.06 0.072 0.029 0.019 0.13 0.015 0.032 0.028 0.023 0.298 0.054
191 L 0.043 0.022 0.014 0.015 0.015 0.015 0.019 0.02 0.01 0.149 0.349 0.024 0.055 0.049 0.013 0.024 0.033 0.006 0.021 0.105
192 R 0.045 0.246 0.08 0.039 0.008 0.045 0.054 0.038 0.022 0.023 0.041 0.175 0.014 0.016 0.021 0.048 0.036 0.005 0.016 0.029
193 K 0.058 0.156 0.039 0.043 0.009 0.045 0.093 0.073 0.02 0.024 0.039 0.178 0.014 0.016 0.023 0.077 0.04 0.005 0.016 0.031
194 E 0.055 0.087 0.036 0.055 0.008 0.043 0.179 0.169 0.02 0.021 0.035 0.079 0.012 0.018 0.021 0.047 0.032 0.04 0.017 0.028
195 K 0.049 0.172 0.04 0.063 0.008 0.047 0.063 0.038 0.02 0.024 0.04 0.25 0.014 0.015 0.023 0.048 0.036 0.005 0.016 0.03
196 L 0.065 0.021 0.017 0.018 0.014 0.015 0.022 0.027 0.012 0.13 0.213 0.025 0.033 0.144 0.015 0.044 0.035 0.009 0.036 0.105
197 N 0.062 0.054 0.128 0.049 0.011 0.035 0.05 0.083 0.046 0.027 0.039 0.121 0.014 0.018 0.023 0.102 0.08 0.005 0.018 0.035
198 L 0.042 0.021 0.038 0.02 0.013 0.014 0.021 0.025 0.012 0.144 0.171 0.024 0.03 0.12 0.013 0.027 0.033 0.077 0.038 0.12
199 L 0.044 0.02 0.016 0.017 0.013 0.015 0.02 0.056 0.014 0.172 0.175 0.024 0.03 0.079 0.013 0.026 0.033 0.044 0.072 0.118
200 E 0.053 0.044 0.058 0.073 0.008 0.066 0.264 0.068 0.023 0.03 0.04 0.065 0.013 0.017 0.023 0.051 0.036 0.005 0.016 0.048
201 A 0.14 0.025 0.024 0.049 0.014 0.02 0.032 0.042 0.019 0.084 0.1 0.032 0.022 0.099 0.019 0.049 0.053 0.011 0.095 0.071
202 I 0.068 0.019 0.015 0.017 0.049 0.015 0.02 0.025 0.009 0.202 0.152 0.024 0.043 0.063 0.015 0.03 0.038 0.006 0.023 0.163
203 L 0.067 0.021 0.015 0.017 0.049 0.015 0.02 0.025 0.009 0.174 0.227 0.025 0.047 0.041 0.015 0.03 0.037 0.006 0.019 0.141
204 L 0.08 0.023 0.015 0.017 0.015 0.016 0.022 0.027 0.013 0.119 0.29 0.026 0.037 0.075 0.015 0.031 0.033 0.008 0.047 0.091
205 E 0.085 0.038 0.096 0.061 0.011 0.041 0.178 0.041 0.021 0.04 0.106 0.053 0.019 0.032 0.021 0.052 0.038 0.005 0.018 0.044
206 V 0.097 0.022 0.019 0.02 0.016 0.016 0.023 0.098 0.009 0.136 0.144 0.027 0.028 0.033 0.017 0.037 0.041 0.005 0.018 0.193
207 I 0.049 0.018 0.014 0.016 0.016 0.014 0.018 0.02 0.008 0.247 0.182 0.023 0.035 0.04 0.014 0.025 0.039 0.006 0.019 0.196
208 N 0.054 0.039 0.233 0.06 0.044 0.03 0.044 0.055 0.049 0.029 0.044 0.047 0.026 0.02 0.02 0.101 0.049 0.005 0.018 0.034
209 L 0.047 0.021 0.019 0.019 0.013 0.016 0.021 0.058 0.017 0.14 0.146 0.025 0.028 0.106 0.015 0.031 0.05 0.011 0.096 0.12
210 L 0.066 0.022 0.019 0.019 0.013 0.016 0.023 0.062 0.015 0.119 0.135 0.026 0.026 0.076 0.015 0.034 0.05 0.078 0.074 0.11
211 L 0.038 0.021 0.014 0.015 0.013 0.013 0.018 0.021 0.011 0.106 0.296 0.022 0.038 0.176 0.012 0.023 0.029 0.01 0.041 0.082
212 Y 0.035 0.023 0.019 0.017 0.009 0.016 0.023 0.023 0.033 0.048 0.081 0.025 0.02 0.244 0.013 0.027 0.025 0.022 0.251 0.047
213 I 0.05 0.09 0.028 0.027 0.012 0.044 0.041 0.029 0.04 0.127 0.109 0.102 0.024 0.028 0.019 0.039 0.054 0.006 0.02 0.11
214 L 0.043 0.028 0.018 0.018 0.013 0.035 0.027 0.024 0.017 0.086 0.262 0.031 0.084 0.082 0.014 0.029 0.032 0.01 0.071 0.076
215 T 0.068 0.033 0.041 0.035 0.017 0.026 0.037 0.041 0.013 0.05 0.061 0.042 0.018 0.022 0.026 0.087 0.296 0.006 0.017 0.066
216 D 0.039 0.034 0.183 0.293 0.008 0.029 0.07 0.051 0.022 0.021 0.027 0.045 0.009 0.015 0.02 0.055 0.038 0.004 0.012 0.024
217 T 0.118 0.034 0.042 0.038 0.017 0.028 0.042 0.053 0.015 0.04 0.051 0.046 0.017 0.021 0.027 0.159 0.175 0.005 0.016 0.055
218 R 0.046 0.364 0.037 0.03 0.008 0.044 0.049 0.033 0.022 0.022 0.043 0.108 0.014 0.016 0.019 0.057 0.036 0.005 0.016 0.03
219 L 0.046 0.028 0.018 0.018 0.014 0.023 0.025 0.026 0.015 0.09 0.189 0.031 0.179 0.096 0.014 0.032 0.035 0.009 0.03 0.082
220 A 0.16 0.027 0.027 0.027 0.084 0.021 0.033 0.049 0.012 0.062 0.067 0.036 0.018 0.022 0.057 0.088 0.081 0.005 0.016 0.108
221 F 0.032 0.018 0.016 0.016 0.01 0.011 0.018 0.024 0.018 0.058 0.104 0.019 0.023 0.407 0.01 0.024 0.024 0.016 0.102 0.051
222 L 0.123 0.025 0.018 0.019 0.016 0.019 0.026 0.036 0.018 0.096 0.178 0.03 0.041 0.054 0.018 0.041 0.037 0.01 0.088 0.109
223 L 0.05 0.023 0.016 0.017 0.016 0.017 0.021 0.023 0.01 0.153 0.251 0.026 0.061 0.043 0.015 0.03 0.054 0.006 0.02 0.148
224 S 0.078 0.032 0.039 0.039 0.049 0.027 0.057 0.079 0.015 0.072 0.061 0.043 0.018 0.023 0.024 0.144 0.121 0.005 0.016 0.062
225 L 0.06 0.027 0.028 0.026 0.016 0.021 0.029 0.033 0.012 0.105 0.157 0.034 0.04 0.059 0.019 0.079 0.127 0.006 0.023 0.098
226 L 0.087 0.022 0.017 0.018 0.016 0.016 0.022 0.062 0.01 0.137 0.25 0.026 0.035 0.04 0.016 0.033 0.036 0.006 0.019 0.131
227 F 0.093 0.028 0.026 0.029 0.014 0.023 0.05 0.038 0.015 0.063 0.112 0.035 0.048 0.135 0.019 0.076 0.075 0.008 0.035 0.077
228 L 0.049 0.023 0.019 0.019 0.016 0.017 0.022 0.024 0.01 0.156 0.256 0.027 0.036 0.042 0.016 0.036 0.087 0.006 0.019 0.12
229 L 0.087 0.022 0.017 0.019 0.016 0.016 0.022 0.029 0.01 0.171 0.219 0.027 0.034 0.039 0.016 0.036 0.055 0.006 0.019 0.14
230 F 0.038 0.021 0.019 0.018 0.044 0.014 0.022 0.025 0.045 0.075 0.095 0.023 0.022 0.26 0.012 0.027 0.027 0.015 0.124 0.073
231 F 0.04 0.02 0.019 0.018 0.012 0.013 0.02 0.026 0.014 0.082 0.105 0.022 0.024 0.321 0.013 0.033 0.062 0.013 0.066 0.079
232 A 0.146 0.026 0.022 0.023 0.016 0.02 0.029 0.043 0.015 0.08 0.142 0.032 0.025 0.065 0.02 0.063 0.057 0.042 0.048 0.087
233 V 0.051 0.02 0.015 0.016 0.049 0.014 0.019 0.022 0.011 0.185 0.184 0.023 0.033 0.045 0.014 0.027 0.038 0.007 0.042 0.185
234 F 0.044 0.04 0.07 0.036 0.01 0.073 0.064 0.033 0.022 0.053 0.099 0.062 0.034 0.138 0.017 0.04 0.034 0.01 0.058 0.063
235 G 0.062 0.134 0.082 0.04 0.01 0.033 0.043 0.211 0.019 0.022 0.035 0.097 0.012 0.016 0.02 0.079 0.039 0.005 0.014 0.028
236 L 0.043 0.051 0.027 0.049 0.012 0.022 0.032 0.027 0.07 0.067 0.18 0.035 0.027 0.079 0.016 0.034 0.048 0.011 0.096 0.074
237 L 0.057 0.023 0.015 0.016 0.018 0.016 0.022 0.023 0.009 0.139 0.254 0.026 0.04 0.045 0.015 0.028 0.041 0.006 0.021 0.184
238 L 0.061 0.056 0.068 0.033 0.01 0.025 0.051 0.068 0.019 0.061 0.108 0.057 0.021 0.09 0.016 0.039 0.032 0.077 0.055 0.052
239 W 0.03 0.023 0.015 0.015 0.008 0.015 0.023 0.03 0.015 0.03 0.053 0.023 0.015 0.061 0.008 0.023 0.023 0.492 0.068 0.03
240 K 0.052 0.08 0.037 0.063 0.043 0.053 0.073 0.069 0.068 0.038 0.054 0.142 0.028 0.02 0.021 0.045 0.035 0.005 0.021 0.053
241 N 0.045 0.099 0.164 0.049 0.009 0.035 0.047 0.079 0.022 0.043 0.044 0.127 0.014 0.02 0.019 0.051 0.038 0.039 0.019 0.037
242 R 0.045 0.345 0.039 0.031 0.008 0.048 0.052 0.033 0.023 0.023 0.047 0.12 0.016 0.017 0.019 0.045 0.035 0.006 0.017 0.031
243 R 0.046 0.163 0.097 0.039 0.009 0.036 0.046 0.038 0.02 0.034 0.048 0.121 0.015 0.044 0.087 0.046 0.037 0.005 0.02 0.049
244 I 0.047 0.018 0.015 0.018 0.016 0.013 0.018 0.021 0.009 0.269 0.168 0.024 0.037 0.044 0.015 0.025 0.04 0.006 0.021 0.177
245 G 0.072 0.038 0.032 0.055 0.01 0.024 0.037 0.173 0.016 0.031 0.051 0.089 0.015 0.103 0.018 0.057 0.033 0.076 0.034 0.035
246 R 0.053 0.157 0.079 0.044 0.01 0.038 0.083 0.073 0.021 0.031 0.068 0.087 0.016 0.046 0.02 0.075 0.04 0.006 0.02 0.035
247 L 0.048 0.056 0.025 0.05 0.012 0.023 0.034 0.029 0.015 0.128 0.137 0.072 0.026 0.09 0.017 0.047 0.037 0.008 0.049 0.097
248 L 0.078 0.033 0.049 0.029 0.015 0.024 0.033 0.037 0.014 0.106 0.139 0.054 0.051 0.032 0.02 0.075 0.079 0.006 0.018 0.11
249 K 0.057 0.107 0.042 0.042 0.009 0.054 0.071 0.043 0.021 0.028 0.043 0.278 0.016 0.016 0.028 0.054 0.04 0.005 0.017 0.033
250 R 0.05 0.221 0.039 0.038 0.008 0.061 0.076 0.036 0.046 0.023 0.041 0.156 0.015 0.017 0.021 0.06 0.037 0.005 0.019 0.03
251 K 0.069 0.07 0.055 0.036 0.01 0.053 0.055 0.04 0.044 0.04 0.072 0.193 0.018 0.022 0.022 0.047 0.037 0.04 0.022 0.055
252 L 0.063 0.022 0.017 0.017 0.015 0.015 0.021 0.026 0.011 0.118 0.261 0.025 0.036 0.126 0.015 0.032 0.05 0.008 0.033 0.089
253 K 0.057 0.107 0.042 0.042 0.009 0.054 0.071 0.043 0.021 0.028 0.043 0.278 0.016 0.016 0.028 0.054 0.04 0.005 0.017 0.033
254 R 0.045 0.345 0.039 0.031 0.008 0.048 0.052 0.033 0.023 0.023 0.047 0.12 0.016 0.017 0.019 0.045 0.035 0.006 0.017 0.031
255 K 0.051 0.108 0.08 0.046 0.008 0.042 0.09 0.107 0.022 0.024 0.038 0.167 0.013 0.022 0.022 0.049 0.035 0.006 0.038 0.029
256 W 0.044 0.064 0.029 0.026 0.009 0.027 0.036 0.099 0.068 0.051 0.075 0.093 0.017 0.039 0.016 0.035 0.029 0.146 0.057 0.041
257 I 0.071 0.025 0.018 0.02 0.015 0.017 0.024 0.061 0.01 0.18 0.153 0.046 0.029 0.034 0.05 0.033 0.038 0.005 0.018 0.151
258 F 0.039 0.023 0.019 0.018 0.011 0.016 0.023 0.026 0.018 0.058 0.13 0.025 0.036 0.183 0.013 0.033 0.062 0.116 0.095 0.055
259 L 0.044 0.02 0.015 0.017 0.014 0.014 0.02 0.022 0.01 0.164 0.218 0.024 0.033 0.092 0.082 0.026 0.034 0.007 0.027 0.117
260 L 0.125 0.05 0.021 0.021 0.016 0.022 0.028 0.071 0.013 0.102 0.173 0.037 0.077 0.035 0.018 0.044 0.038 0.006 0.019 0.084
261 L 0.09 0.024 0.018 0.02 0.016 0.018 0.024 0.031 0.011 0.154 0.204 0.029 0.057 0.039 0.017 0.05 0.041 0.006 0.02 0.133
262 P 0.053 0.024 0.022 0.029 0.01 0.019 0.034 0.034 0.012 0.024 0.034 0.039 0.01 0.012 0.527 0.041 0.034 0.002 0.012 0.029
263 W 0.062 0.022 0.018 0.019 0.013 0.016 0.023 0.029 0.012 0.111 0.13 0.026 0.025 0.069 0.014 0.035 0.066 0.18 0.038 0.092
264 L 0.068 0.02 0.016 0.018 0.015 0.014 0.02 0.059 0.01 0.17 0.18 0.024 0.031 0.09 0.015 0.03 0.036 0.007 0.027 0.149
265 L 0.047 0.019 0.015 0.016 0.115 0.013 0.018 0.023 0.01 0.117 0.208 0.022 0.032 0.116 0.014 0.028 0.039 0.008 0.031 0.11
266 A 0.203 0.024 0.02 0.022 0.118 0.019 0.029 0.052 0.013 0.054 0.076 0.032 0.031 0.077 0.021 0.057 0.04 0.006 0.025 0.079
267 I 0.073 0.02 0.018 0.019 0.016 0.015 0.021 0.094 0.009 0.188 0.158 0.025 0.03 0.036 0.016 0.032 0.038 0.005 0.018 0.17
268 L 0.043 0.02 0.015 0.016 0.047 0.013 0.019 0.023 0.012 0.103 0.197 0.022 0.043 0.196 0.012 0.026 0.031 0.01 0.045 0.107
269 S 0.16 0.034 0.04 0.038 0.018 0.028 0.043 0.061 0.016 0.041 0.05 0.046 0.016 0.021 0.027 0.192 0.081 0.005 0.017 0.066
270 I 0.047 0.018 0.014 0.016 0.048 0.013 0.018 0.021 0.009 0.205 0.171 0.022 0.032 0.091 0.014 0.026 0.036 0.007 0.027 0.163
271 L 0.066 0.024 0.02 0.019 0.013 0.017 0.024 0.062 0.02 0.087 0.147 0.028 0.026 0.086 0.015 0.035 0.05 0.046 0.117 0.098
272 L 0.093 0.025 0.022 0.023 0.049 0.019 0.027 0.036 0.012 0.09 0.177 0.03 0.041 0.087 0.018 0.07 0.058 0.007 0.027 0.09
273 A 0.129 0.041 0.038 0.034 0.012 0.075 0.052 0.081 0.121 0.03 0.046 0.05 0.016 0.028 0.022 0.071 0.055 0.007 0.05 0.041
274 Y 0.066 0.042 0.023 0.023 0.045 0.025 0.034 0.031 0.021 0.101 0.082 0.106 0.021 0.078 0.018 0.037 0.034 0.011 0.113 0.085
275 F 0.079 0.024 0.04 0.022 0.013 0.018 0.024 0.032 0.018 0.111 0.13 0.028 0.05 0.152 0.015 0.036 0.034 0.011 0.082 0.08
276 Y 0.037 0.025 0.02 0.017 0.009 0.019 0.025 0.023 0.04 0.043 0.07 0.028 0.018 0.163 0.014 0.028 0.026 0.025 0.325 0.045
277 N 0.05 0.035 0.192 0.134 0.011 0.028 0.049 0.05 0.021 0.054 0.048 0.044 0.014 0.02 0.02 0.073 0.078 0.004 0.015 0.06
278 P 0.054 0.062 0.032 0.051 0.009 0.054 0.148 0.07 0.018 0.024 0.037 0.059 0.012 0.015 0.202 0.05 0.052 0.004 0.014 0.032
279 N 0.072 0.04 0.151 0.13 0.01 0.045 0.055 0.118 0.021 0.025 0.035 0.066 0.012 0.016 0.021 0.074 0.059 0.004 0.014 0.032
280 N 0.055 0.04 0.215 0.113 0.01 0.045 0.054 0.055 0.024 0.031 0.038 0.05 0.013 0.018 0.021 0.101 0.05 0.004 0.015 0.048
281 A 0.133 0.057 0.032 0.03 0.014 0.026 0.037 0.114 0.04 0.051 0.053 0.062 0.016 0.023 0.056 0.072 0.073 0.04 0.021 0.052
282 L 0.05 0.047 0.022 0.021 0.014 0.019 0.025 0.027 0.012 0.138 0.153 0.033 0.041 0.114 0.016 0.051 0.071 0.008 0.032 0.107
283 W 0.032 0.021 0.015 0.015 0.009 0.014 0.02 0.025 0.016 0.051 0.135 0.022 0.023 0.134 0.009 0.023 0.024 0.287 0.079 0.046
284 L 0.069 0.064 0.026 0.036 0.012 0.047 0.099 0.032 0.017 0.066 0.116 0.084 0.023 0.079 0.019 0.041 0.036 0.007 0.026 0.101
285 K 0.079 0.108 0.036 0.035 0.011 0.053 0.053 0.075 0.018 0.039 0.056 0.166 0.029 0.019 0.023 0.078 0.043 0.005 0.017 0.056
286 L 0.104 0.022 0.016 0.018 0.016 0.016 0.022 0.031 0.01 0.153 0.215 0.027 0.033 0.065 0.016 0.035 0.037 0.006 0.023 0.133
287 N 0.04 0.042 0.362 0.078 0.008 0.031 0.046 0.061 0.029 0.021 0.029 0.05 0.01 0.017 0.019 0.065 0.046 0.004 0.015 0.025
288 K 0.095 0.064 0.056 0.041 0.012 0.039 0.071 0.046 0.018 0.038 0.091 0.175 0.019 0.021 0.024 0.081 0.043 0.005 0.017 0.044
289 L 0.046 0.027 0.018 0.019 0.014 0.017 0.024 0.025 0.012 0.118 0.25 0.044 0.035 0.119 0.015 0.042 0.035 0.008 0.032 0.1
290 L 0.044 0.022 0.014 0.015 0.015 0.015 0.019 0.021 0.01 0.111 0.356 0.023 0.043 0.074 0.013 0.024 0.033 0.007 0.025 0.118
291 S 0.094 0.038 0.071 0.047 0.015 0.031 0.049 0.06 0.044 0.027 0.038 0.05 0.014 0.02 0.027 0.242 0.071 0.005 0.019 0.037
292 G 0.057 0.032 0.188 0.053 0.01 0.024 0.036 0.251 0.021 0.023 0.034 0.041 0.011 0.044 0.018 0.069 0.039 0.005 0.018 0.027
293 R 0.042 0.388 0.036 0.029 0.007 0.045 0.049 0.031 0.022 0.022 0.043 0.112 0.014 0.016 0.018 0.042 0.033 0.005 0.016 0.029
294 L 0.042 0.023 0.013 0.014 0.015 0.015 0.019 0.02 0.009 0.108 0.416 0.024 0.046 0.051 0.013 0.023 0.031 0.007 0.021 0.09
295 Y 0.07 0.04 0.051 0.034 0.011 0.06 0.062 0.071 0.024 0.042 0.074 0.063 0.055 0.046 0.019 0.059 0.037 0.044 0.09 0.046
296 L 0.041 0.023 0.014 0.015 0.014 0.016 0.02 0.02 0.014 0.099 0.369 0.024 0.043 0.061 0.013 0.024 0.031 0.009 0.066 0.084
297 G 0.089 0.025 0.036 0.032 0.011 0.035 0.03 0.477 0.014 0.02 0.03 0.036 0.01 0.015 0.019 0.05 0.03 0.005 0.011 0.026
298 H 0.046 0.041 0.105 0.042 0.042 0.061 0.049 0.041 0.174 0.027 0.044 0.046 0.015 0.056 0.018 0.06 0.035 0.008 0.058 0.03
299 N 0.064 0.083 0.148 0.127 0.01 0.045 0.054 0.048 0.022 0.031 0.065 0.055 0.015 0.046 0.02 0.067 0.041 0.005 0.02 0.035
300 A 0.284 0.027 0.026 0.029 0.018 0.023 0.035 0.167 0.014 0.036 0.05 0.04 0.015 0.019 0.026 0.073 0.043 0.005 0.015 0.056
301 I 0.042 0.019 0.014 0.016 0.014 0.014 0.018 0.021 0.01 0.239 0.183 0.023 0.046 0.07 0.013 0.024 0.034 0.041 0.027 0.133
302 K 0.052 0.114 0.063 0.071 0.008 0.074 0.084 0.041 0.047 0.024 0.039 0.174 0.014 0.016 0.023 0.064 0.039 0.005 0.019 0.03
303 E 0.049 0.076 0.058 0.074 0.009 0.057 0.125 0.036 0.024 0.032 0.052 0.118 0.028 0.032 0.022 0.049 0.052 0.008 0.062 0.037
304 Y 0.038 0.026 0.02 0.017 0.009 0.02 0.026 0.024 0.04 0.046 0.075 0.029 0.031 0.137 0.014 0.029 0.027 0.024 0.321 0.047
305 G 0.072 0.027 0.037 0.032 0.01 0.02 0.027 0.509 0.013 0.018 0.027 0.051 0.009 0.015 0.018 0.048 0.028 0.005 0.01 0.023
306 I 0.039 0.017 0.015 0.016 0.013 0.012 0.017 0.021 0.011 0.201 0.154 0.02 0.031 0.196 0.012 0.023 0.031 0.01 0.045 0.115
307 H 0.067 0.037 0.045 0.038 0.013 0.03 0.044 0.044 0.142 0.033 0.045 0.044 0.015 0.023 0.057 0.117 0.13 0.006 0.029 0.042
308 L 0.044 0.023 0.014 0.015 0.015 0.016 0.019 0.02 0.01 0.124 0.364 0.024 0.056 0.049 0.014 0.024 0.033 0.007 0.021 0.11
309 F 0.036 0.019 0.015 0.016 0.011 0.011 0.018 0.023 0.014 0.075 0.17 0.019 0.029 0.326 0.011 0.024 0.027 0.013 0.066 0.077
310 G 0.073 0.021 0.037 0.031 0.01 0.018 0.024 0.542 0.013 0.018 0.026 0.031 0.009 0.015 0.018 0.048 0.028 0.005 0.01 0.023
311 Q 0.051 0.082 0.105 0.048 0.009 0.158 0.073 0.043 0.025 0.027 0.043 0.09 0.017 0.016 0.022 0.059 0.074 0.005 0.018 0.035
312 P 0.053 0.059 0.033 0.064 0.009 0.051 0.074 0.037 0.017 0.033 0.043 0.158 0.014 0.015 0.191 0.046 0.036 0.004 0.015 0.049
313 I 0.046 0.018 0.014 0.017 0.015 0.014 0.018 0.02 0.009 0.293 0.156 0.023 0.046 0.041 0.014 0.025 0.038 0.006 0.019 0.17
314 E 0.053 0.064 0.035 0.057 0.009 0.05 0.189 0.034 0.02 0.051 0.051 0.166 0.016 0.018 0.024 0.048 0.036 0.005 0.016 0.058
315 W 0.029 0.021 0.014 0.014 0.008 0.014 0.021 0.028 0.014 0.034 0.074 0.021 0.016 0.056 0.008 0.021 0.022 0.491 0.061 0.032
316 V 0.054 0.021 0.038 0.021 0.016 0.016 0.022 0.024 0.01 0.207 0.134 0.026 0.043 0.036 0.015 0.03 0.042 0.005 0.019 0.221
317 G 0.073 0.021 0.037 0.031 0.01 0.018 0.024 0.542 0.013 0.018 0.026 0.031 0.009 0.015 0.018 0.048 0.028 0.005 0.01 0.023
318 F 0.039 0.025 0.045 0.024 0.01 0.018 0.027 0.029 0.052 0.046 0.078 0.028 0.02 0.244 0.014 0.046 0.03 0.017 0.165 0.044
319 G 0.102 0.032 0.067 0.069 0.014 0.027 0.044 0.189 0.017 0.025 0.035 0.044 0.013 0.018 0.024 0.17 0.057 0.005 0.014 0.034
320 I 0.048 0.023 0.02 0.019 0.014 0.017 0.023 0.024 0.04 0.165 0.139 0.027 0.041 0.075 0.015 0.032 0.053 0.009 0.072 0.145
