#Seq2Logo.py -f /work3/idamei/ssn-clusterings/2206011120/clusters/0018_7/sequences.afa -m 0.0001 -b 50 -o /work3/idamei/ssn-clusterings/2206011120/clusters/0018_7/sequences.logo
#Position Specific Frequency Matrix
A R N D C Q E G H I L K M F P S T W Y V
0 M 0.047 0.029 0.018 0.018 0.015 0.026 0.026 0.026 0.015 0.091 0.179 0.033 0.237 0.044 0.015 0.033 0.037 0.007 0.022 0.084
1 I 0.043 0.02 0.019 0.019 0.013 0.016 0.022 0.021 0.076 0.279 0.132 0.025 0.03 0.038 0.014 0.026 0.034 0.006 0.024 0.142
2 Y 0.038 0.026 0.02 0.017 0.009 0.02 0.026 0.023 0.043 0.04 0.063 0.029 0.017 0.121 0.014 0.029 0.026 0.026 0.368 0.043
3 L 0.04 0.02 0.014 0.015 0.014 0.013 0.018 0.02 0.01 0.161 0.292 0.022 0.039 0.113 0.013 0.023 0.031 0.008 0.031 0.104
4 L 0.061 0.028 0.029 0.027 0.016 0.021 0.03 0.034 0.012 0.111 0.187 0.034 0.029 0.034 0.02 0.088 0.133 0.006 0.018 0.085
5 Y 0.037 0.023 0.018 0.017 0.01 0.017 0.023 0.022 0.032 0.092 0.086 0.026 0.021 0.161 0.014 0.027 0.027 0.021 0.259 0.065
6 F 0.033 0.022 0.076 0.026 0.01 0.013 0.022 0.03 0.018 0.052 0.093 0.023 0.021 0.361 0.011 0.031 0.027 0.014 0.071 0.046
7 F 0.065 0.019 0.015 0.017 0.013 0.013 0.019 0.026 0.012 0.133 0.177 0.022 0.03 0.208 0.013 0.028 0.031 0.01 0.046 0.101
8 L 0.111 0.026 0.026 0.026 0.016 0.02 0.03 0.04 0.012 0.146 0.148 0.034 0.027 0.032 0.02 0.102 0.063 0.005 0.018 0.096
9 L 0.108 0.028 0.026 0.025 0.016 0.021 0.03 0.039 0.012 0.072 0.231 0.034 0.031 0.035 0.02 0.087 0.088 0.006 0.018 0.072
10 F 0.041 0.022 0.019 0.018 0.013 0.014 0.021 0.025 0.013 0.074 0.206 0.024 0.03 0.231 0.014 0.034 0.074 0.011 0.05 0.067
11 V 0.047 0.022 0.016 0.017 0.014 0.017 0.021 0.023 0.012 0.139 0.142 0.025 0.089 0.141 0.013 0.028 0.036 0.009 0.036 0.151
12 I 0.053 0.02 0.018 0.02 0.016 0.015 0.021 0.024 0.009 0.237 0.136 0.026 0.031 0.037 0.016 0.035 0.079 0.005 0.019 0.182
13 F 0.061 0.025 0.027 0.025 0.099 0.019 0.028 0.036 0.019 0.065 0.072 0.03 0.019 0.143 0.017 0.115 0.043 0.011 0.092 0.054
14 S 0.115 0.029 0.032 0.03 0.015 0.022 0.034 0.046 0.014 0.051 0.121 0.037 0.022 0.095 0.021 0.131 0.094 0.007 0.027 0.057
15 F 0.032 0.018 0.015 0.015 0.01 0.01 0.017 0.022 0.014 0.066 0.159 0.018 0.027 0.377 0.01 0.023 0.024 0.014 0.071 0.056
16 L 0.047 0.02 0.014 0.015 0.015 0.014 0.019 0.021 0.009 0.151 0.226 0.022 0.034 0.108 0.013 0.025 0.035 0.007 0.03 0.176
17 T 0.063 0.157 0.04 0.034 0.013 0.032 0.042 0.04 0.016 0.036 0.05 0.065 0.016 0.019 0.023 0.104 0.18 0.005 0.016 0.048
18 H 0.052 0.034 0.038 0.03 0.01 0.028 0.04 0.035 0.218 0.046 0.054 0.038 0.017 0.042 0.018 0.077 0.036 0.009 0.095 0.08
19 R 0.042 0.29 0.093 0.038 0.007 0.062 0.052 0.036 0.023 0.022 0.04 0.117 0.014 0.016 0.019 0.046 0.035 0.005 0.016 0.028
20 K 0.048 0.2 0.037 0.035 0.008 0.047 0.059 0.036 0.02 0.024 0.04 0.266 0.014 0.015 0.023 0.046 0.035 0.005 0.016 0.029
21 Q 0.11 0.055 0.039 0.04 0.011 0.2 0.076 0.047 0.023 0.027 0.044 0.07 0.018 0.015 0.023 0.095 0.045 0.005 0.018 0.038
22 A 0.252 0.029 0.024 0.034 0.017 0.027 0.087 0.056 0.014 0.086 0.067 0.042 0.018 0.022 0.024 0.064 0.042 0.005 0.016 0.073
23 L 0.046 0.085 0.02 0.019 0.013 0.02 0.024 0.11 0.012 0.083 0.292 0.039 0.034 0.038 0.014 0.029 0.03 0.006 0.018 0.069
24 F 0.057 0.025 0.027 0.025 0.013 0.019 0.028 0.034 0.019 0.107 0.086 0.031 0.021 0.158 0.017 0.113 0.044 0.011 0.095 0.069
25 V 0.055 0.021 0.019 0.019 0.015 0.015 0.022 0.025 0.01 0.149 0.112 0.025 0.027 0.1 0.016 0.037 0.085 0.007 0.029 0.214
26 V 0.075 0.02 0.018 0.019 0.102 0.015 0.022 0.029 0.009 0.175 0.108 0.026 0.026 0.031 0.016 0.055 0.05 0.005 0.017 0.182
27 L 0.054 0.023 0.02 0.02 0.015 0.016 0.024 0.028 0.011 0.116 0.218 0.027 0.032 0.105 0.015 0.07 0.047 0.007 0.029 0.122
28 F 0.09 0.02 0.016 0.018 0.013 0.014 0.021 0.03 0.012 0.124 0.16 0.024 0.028 0.206 0.014 0.034 0.039 0.01 0.044 0.083
29 L 0.04 0.021 0.013 0.015 0.014 0.014 0.018 0.02 0.01 0.146 0.343 0.022 0.046 0.08 0.013 0.023 0.031 0.007 0.025 0.098
30 T 0.062 0.029 0.031 0.028 0.016 0.022 0.03 0.033 0.011 0.075 0.131 0.035 0.024 0.028 0.021 0.065 0.223 0.005 0.017 0.113
31 F 0.038 0.019 0.015 0.015 0.012 0.011 0.018 0.022 0.013 0.081 0.161 0.019 0.028 0.309 0.011 0.024 0.028 0.012 0.06 0.104
32 L 0.055 0.025 0.023 0.023 0.028 0.018 0.026 0.031 0.017 0.108 0.188 0.03 0.028 0.084 0.016 0.091 0.041 0.01 0.084 0.076
33 F 0.037 0.019 0.016 0.016 0.011 0.012 0.019 0.023 0.019 0.07 0.099 0.02 0.023 0.32 0.011 0.025 0.027 0.015 0.12 0.096
34 L 0.04 0.019 0.014 0.015 0.014 0.013 0.018 0.02 0.01 0.169 0.283 0.022 0.037 0.112 0.013 0.023 0.031 0.008 0.03 0.11
35 A 0.192 0.022 0.023 0.024 0.188 0.018 0.027 0.136 0.011 0.039 0.053 0.031 0.015 0.019 0.021 0.063 0.039 0.005 0.013 0.061
36 L 0.037 0.02 0.014 0.014 0.013 0.013 0.018 0.021 0.011 0.088 0.314 0.021 0.037 0.192 0.012 0.022 0.028 0.01 0.042 0.074
37 S 0.086 0.035 0.042 0.038 0.016 0.029 0.042 0.051 0.016 0.041 0.065 0.045 0.052 0.024 0.025 0.213 0.108 0.005 0.017 0.05
38 Y 0.036 0.024 0.019 0.017 0.009 0.018 0.024 0.023 0.037 0.043 0.071 0.026 0.018 0.184 0.013 0.027 0.025 0.023 0.32 0.044
39 P 0.052 0.023 0.021 0.028 0.009 0.019 0.033 0.033 0.012 0.023 0.033 0.038 0.009 0.012 0.54 0.04 0.033 0.002 0.012 0.028
40 A 0.215 0.03 0.035 0.034 0.017 0.025 0.038 0.148 0.015 0.031 0.044 0.042 0.014 0.019 0.025 0.149 0.053 0.005 0.015 0.047
41 G 0.076 0.023 0.038 0.033 0.011 0.019 0.027 0.472 0.013 0.019 0.028 0.034 0.01 0.015 0.019 0.087 0.035 0.005 0.011 0.025
42 G 0.058 0.029 0.174 0.049 0.009 0.023 0.032 0.355 0.019 0.019 0.027 0.038 0.009 0.015 0.018 0.053 0.034 0.005 0.012 0.023
43 D 0.037 0.027 0.063 0.452 0.007 0.027 0.083 0.042 0.017 0.02 0.025 0.041 0.008 0.014 0.02 0.047 0.032 0.003 0.01 0.022
44 W 0.028 0.02 0.014 0.014 0.007 0.013 0.02 0.027 0.014 0.033 0.057 0.02 0.015 0.12 0.007 0.021 0.021 0.451 0.065 0.031
45 I 0.05 0.017 0.014 0.016 0.016 0.013 0.018 0.02 0.008 0.275 0.141 0.022 0.032 0.038 0.014 0.025 0.039 0.005 0.019 0.219
46 G 0.071 0.021 0.036 0.031 0.01 0.017 0.023 0.555 0.012 0.017 0.026 0.031 0.009 0.015 0.017 0.047 0.027 0.005 0.01 0.022
47 Y 0.037 0.025 0.02 0.017 0.008 0.02 0.025 0.023 0.042 0.04 0.062 0.028 0.017 0.119 0.014 0.028 0.025 0.025 0.38 0.042
48 F 0.031 0.017 0.015 0.015 0.01 0.01 0.017 0.023 0.015 0.058 0.104 0.017 0.023 0.443 0.01 0.023 0.023 0.015 0.081 0.05
49 L 0.101 0.033 0.025 0.026 0.013 0.084 0.041 0.122 0.015 0.098 0.158 0.042 0.026 0.028 0.018 0.043 0.035 0.005 0.017 0.071
50 N 0.039 0.041 0.324 0.069 0.008 0.031 0.046 0.055 0.093 0.021 0.03 0.048 0.011 0.018 0.018 0.059 0.041 0.005 0.021 0.024
51 Y 0.037 0.025 0.02 0.017 0.008 0.02 0.025 0.023 0.042 0.04 0.062 0.028 0.017 0.119 0.014 0.028 0.025 0.025 0.38 0.042
52 D 0.037 0.027 0.063 0.452 0.007 0.027 0.083 0.042 0.017 0.02 0.025 0.041 0.008 0.014 0.02 0.047 0.032 0.003 0.01 0.022
53 C 0.059 0.015 0.015 0.015 0.531 0.011 0.015 0.03 0.007 0.041 0.059 0.018 0.015 0.018 0.015 0.037 0.033 0.004 0.011 0.052
54 L 0.053 0.033 0.025 0.024 0.014 0.051 0.035 0.03 0.025 0.095 0.236 0.045 0.066 0.037 0.017 0.073 0.04 0.006 0.02 0.075
55 V 0.055 0.026 0.019 0.021 0.015 0.059 0.032 0.024 0.011 0.191 0.117 0.033 0.029 0.032 0.016 0.031 0.041 0.005 0.019 0.227
56 N 0.039 0.041 0.379 0.076 0.008 0.031 0.045 0.059 0.029 0.02 0.029 0.049 0.01 0.016 0.018 0.063 0.045 0.004 0.014 0.025
57 N 0.045 0.039 0.201 0.116 0.008 0.038 0.153 0.09 0.024 0.02 0.03 0.053 0.01 0.015 0.02 0.056 0.038 0.004 0.014 0.025
58 I 0.049 0.045 0.027 0.028 0.012 0.089 0.047 0.029 0.048 0.149 0.091 0.093 0.024 0.027 0.018 0.037 0.037 0.005 0.021 0.124
59 C 0.059 0.015 0.015 0.015 0.531 0.011 0.015 0.03 0.007 0.041 0.059 0.018 0.015 0.018 0.015 0.037 0.033 0.004 0.011 0.052
60 N 0.04 0.049 0.21 0.124 0.008 0.058 0.062 0.046 0.028 0.024 0.036 0.05 0.012 0.033 0.018 0.052 0.038 0.008 0.075 0.028
61 S 0.062 0.035 0.128 0.121 0.011 0.03 0.076 0.05 0.02 0.023 0.032 0.047 0.011 0.016 0.109 0.132 0.05 0.004 0.014 0.03
62 G 0.054 0.026 0.102 0.179 0.009 0.023 0.047 0.301 0.017 0.019 0.026 0.037 0.009 0.015 0.018 0.05 0.032 0.004 0.011 0.022
63 F 0.062 0.023 0.079 0.028 0.011 0.016 0.025 0.034 0.017 0.049 0.083 0.026 0.02 0.301 0.014 0.039 0.053 0.012 0.059 0.048
64 V 0.058 0.022 0.02 0.021 0.015 0.017 0.025 0.026 0.009 0.14 0.1 0.028 0.024 0.04 0.104 0.039 0.086 0.005 0.019 0.202
65 L 0.052 0.046 0.028 0.036 0.012 0.055 0.094 0.032 0.017 0.06 0.151 0.095 0.094 0.03 0.019 0.06 0.038 0.006 0.019 0.058
66 F 0.031 0.017 0.015 0.015 0.01 0.01 0.017 0.023 0.015 0.058 0.104 0.017 0.023 0.443 0.01 0.023 0.023 0.015 0.081 0.05
67 E 0.05 0.045 0.037 0.082 0.007 0.059 0.36 0.032 0.023 0.02 0.033 0.069 0.012 0.015 0.023 0.05 0.033 0.005 0.015 0.028
68 P 0.051 0.036 0.023 0.026 0.01 0.023 0.035 0.031 0.017 0.047 0.053 0.085 0.015 0.033 0.279 0.038 0.034 0.007 0.075 0.082
69 G 0.071 0.021 0.036 0.031 0.01 0.017 0.023 0.555 0.012 0.017 0.026 0.031 0.009 0.015 0.017 0.047 0.027 0.005 0.01 0.022
70 Y 0.036 0.024 0.019 0.017 0.009 0.018 0.024 0.023 0.038 0.043 0.069 0.027 0.018 0.173 0.013 0.027 0.025 0.024 0.33 0.044
71 E 0.047 0.044 0.122 0.08 0.007 0.052 0.282 0.039 0.025 0.02 0.032 0.064 0.011 0.015 0.022 0.053 0.036 0.005 0.015 0.027
72 L 0.037 0.021 0.014 0.014 0.013 0.013 0.018 0.021 0.011 0.09 0.332 0.021 0.038 0.17 0.012 0.022 0.028 0.009 0.039 0.076
73 I 0.042 0.017 0.013 0.016 0.015 0.013 0.016 0.019 0.008 0.299 0.199 0.022 0.035 0.042 0.013 0.023 0.035 0.006 0.019 0.148
74 V 0.064 0.02 0.015 0.016 0.017 0.015 0.021 0.022 0.007 0.15 0.118 0.024 0.029 0.032 0.015 0.03 0.045 0.005 0.019 0.335
75 S 0.058 0.044 0.091 0.038 0.012 0.03 0.041 0.042 0.024 0.041 0.067 0.091 0.051 0.042 0.021 0.101 0.067 0.009 0.087 0.045
76 L 0.103 0.024 0.022 0.023 0.016 0.018 0.026 0.034 0.01 0.153 0.154 0.031 0.028 0.033 0.019 0.049 0.115 0.005 0.018 0.12
77 F 0.042 0.02 0.019 0.019 0.013 0.013 0.02 0.025 0.012 0.139 0.111 0.023 0.025 0.238 0.014 0.034 0.077 0.01 0.049 0.099
78 G 0.071 0.021 0.036 0.031 0.01 0.017 0.023 0.555 0.012 0.017 0.026 0.031 0.009 0.015 0.017 0.047 0.027 0.005 0.01 0.022
79 Y 0.044 0.033 0.053 0.028 0.01 0.064 0.038 0.032 0.026 0.056 0.098 0.039 0.02 0.062 0.015 0.055 0.034 0.101 0.146 0.048
80 L 0.046 0.022 0.017 0.017 0.014 0.015 0.019 0.109 0.01 0.09 0.365 0.024 0.039 0.044 0.014 0.026 0.03 0.006 0.019 0.077
81 G 0.071 0.021 0.036 0.031 0.01 0.017 0.023 0.555 0.012 0.017 0.026 0.031 0.009 0.015 0.017 0.047 0.027 0.005 0.01 0.022
82 F 0.032 0.019 0.016 0.016 0.009 0.012 0.019 0.023 0.021 0.054 0.095 0.02 0.022 0.371 0.011 0.024 0.024 0.018 0.147 0.048
83 Q 0.049 0.059 0.036 0.038 0.009 0.241 0.081 0.034 0.024 0.038 0.108 0.073 0.023 0.019 0.02 0.046 0.036 0.006 0.019 0.041
84 G 0.09 0.027 0.033 0.031 0.013 0.021 0.033 0.129 0.014 0.035 0.052 0.037 0.015 0.088 0.108 0.106 0.095 0.006 0.025 0.043
85 L 0.041 0.02 0.014 0.015 0.014 0.014 0.018 0.02 0.014 0.204 0.239 0.023 0.035 0.057 0.013 0.023 0.032 0.009 0.079 0.115
86 L 0.041 0.022 0.074 0.025 0.014 0.016 0.022 0.026 0.012 0.207 0.225 0.027 0.033 0.039 0.014 0.029 0.036 0.006 0.019 0.114
87 I 0.041 0.016 0.014 0.016 0.014 0.012 0.016 0.02 0.009 0.285 0.144 0.021 0.032 0.107 0.013 0.023 0.034 0.007 0.029 0.147
88 F 0.047 0.021 0.021 0.02 0.012 0.014 0.023 0.029 0.014 0.086 0.099 0.024 0.023 0.293 0.013 0.068 0.035 0.012 0.058 0.089
89 I 0.047 0.017 0.014 0.016 0.015 0.013 0.017 0.019 0.008 0.301 0.146 0.022 0.033 0.039 0.014 0.024 0.038 0.005 0.019 0.195
90 A 0.283 0.026 0.025 0.027 0.018 0.022 0.033 0.148 0.013 0.045 0.055 0.037 0.016 0.02 0.024 0.068 0.042 0.005 0.015 0.079
91 L 0.091 0.02 0.015 0.017 0.014 0.014 0.02 0.029 0.011 0.166 0.186 0.024 0.031 0.139 0.015 0.032 0.033 0.008 0.034 0.1
92 I 0.044 0.018 0.014 0.016 0.014 0.013 0.018 0.02 0.009 0.221 0.185 0.021 0.033 0.108 0.013 0.024 0.034 0.007 0.029 0.159
93 N 0.039 0.041 0.379 0.076 0.008 0.031 0.045 0.059 0.029 0.02 0.029 0.049 0.01 0.016 0.018 0.063 0.045 0.004 0.014 0.025
94 I 0.057 0.019 0.015 0.017 0.016 0.014 0.019 0.022 0.009 0.229 0.186 0.024 0.039 0.039 0.014 0.028 0.045 0.005 0.019 0.185
95 F 0.038 0.019 0.016 0.016 0.012 0.013 0.019 0.021 0.016 0.154 0.158 0.022 0.028 0.188 0.013 0.025 0.037 0.012 0.1 0.091
96 L 0.104 0.023 0.021 0.022 0.101 0.017 0.026 0.037 0.012 0.061 0.177 0.028 0.026 0.111 0.017 0.079 0.039 0.007 0.029 0.062
97 I 0.043 0.017 0.013 0.016 0.015 0.013 0.017 0.019 0.008 0.287 0.206 0.022 0.036 0.042 0.013 0.023 0.035 0.006 0.019 0.151
98 Y 0.049 0.09 0.033 0.095 0.01 0.026 0.041 0.033 0.025 0.042 0.11 0.046 0.019 0.056 0.018 0.076 0.037 0.012 0.137 0.043
99 S 0.062 0.048 0.095 0.043 0.011 0.066 0.051 0.047 0.031 0.03 0.048 0.097 0.016 0.088 0.021 0.128 0.048 0.007 0.028 0.035
100 F 0.032 0.018 0.016 0.016 0.009 0.011 0.018 0.023 0.019 0.055 0.098 0.019 0.022 0.398 0.01 0.024 0.023 0.017 0.122 0.049
101 A 0.222 0.032 0.035 0.034 0.018 0.026 0.04 0.062 0.015 0.037 0.05 0.044 0.016 0.02 0.027 0.15 0.1 0.005 0.016 0.055
102 K 0.048 0.135 0.033 0.033 0.009 0.042 0.054 0.034 0.017 0.076 0.059 0.251 0.017 0.019 0.022 0.043 0.035 0.005 0.016 0.051
103 K 0.048 0.071 0.039 0.047 0.008 0.081 0.062 0.051 0.088 0.025 0.041 0.198 0.015 0.028 0.022 0.045 0.033 0.007 0.062 0.03
104 F 0.031 0.017 0.015 0.015 0.01 0.01 0.017 0.023 0.015 0.058 0.104 0.017 0.023 0.443 0.01 0.023 0.023 0.015 0.081 0.05
105 E 0.046 0.04 0.045 0.195 0.007 0.049 0.276 0.035 0.021 0.02 0.031 0.06 0.011 0.015 0.023 0.049 0.033 0.005 0.014 0.027
106 N 0.041 0.131 0.208 0.054 0.008 0.037 0.048 0.046 0.058 0.022 0.035 0.11 0.012 0.02 0.019 0.053 0.038 0.005 0.028 0.026
107 G 0.064 0.101 0.036 0.033 0.01 0.029 0.04 0.212 0.016 0.022 0.034 0.1 0.011 0.015 0.107 0.086 0.038 0.004 0.013 0.028
108 A 0.22 0.029 0.03 0.031 0.104 0.024 0.037 0.061 0.014 0.035 0.05 0.04 0.015 0.019 0.025 0.142 0.053 0.005 0.015 0.053
109 F 0.035 0.018 0.015 0.015 0.011 0.011 0.018 0.022 0.015 0.111 0.164 0.02 0.028 0.292 0.011 0.023 0.027 0.013 0.077 0.074
110 V 0.05 0.018 0.014 0.016 0.015 0.013 0.019 0.021 0.009 0.207 0.129 0.022 0.03 0.104 0.013 0.026 0.038 0.007 0.029 0.22
111 V 0.05 0.02 0.016 0.016 0.014 0.014 0.02 0.022 0.015 0.152 0.113 0.023 0.027 0.117 0.014 0.027 0.036 0.01 0.089 0.205
112 L 0.047 0.02 0.014 0.015 0.015 0.014 0.019 0.021 0.009 0.151 0.226 0.022 0.034 0.108 0.013 0.025 0.035 0.007 0.03 0.176
113 A 0.183 0.027 0.027 0.027 0.015 0.02 0.033 0.052 0.015 0.042 0.067 0.035 0.018 0.16 0.021 0.113 0.045 0.008 0.038 0.052
114 I 0.039 0.019 0.015 0.016 0.013 0.014 0.018 0.021 0.012 0.197 0.149 0.022 0.064 0.175 0.012 0.025 0.032 0.009 0.04 0.109
115 L 0.046 0.028 0.017 0.018 0.015 0.024 0.024 0.025 0.014 0.094 0.221 0.031 0.205 0.045 0.014 0.031 0.036 0.007 0.022 0.085
116 C 0.07 0.021 0.026 0.024 0.329 0.016 0.024 0.124 0.01 0.034 0.049 0.027 0.014 0.018 0.018 0.095 0.041 0.004 0.012 0.044
117 L 0.049 0.023 0.016 0.017 0.015 0.018 0.022 0.023 0.012 0.107 0.174 0.026 0.111 0.107 0.014 0.029 0.036 0.008 0.03 0.163
118 F 0.035 0.02 0.015 0.016 0.011 0.013 0.019 0.023 0.014 0.071 0.171 0.021 0.062 0.311 0.011 0.025 0.027 0.013 0.061 0.062
119 L 0.093 0.024 0.016 0.017 0.014 0.018 0.023 0.029 0.016 0.082 0.279 0.028 0.057 0.056 0.016 0.034 0.033 0.009 0.08 0.075
120 W 0.028 0.021 0.014 0.014 0.007 0.014 0.021 0.028 0.014 0.028 0.048 0.021 0.014 0.055 0.007 0.021 0.021 0.539 0.062 0.028
121 S 0.082 0.034 0.041 0.037 0.015 0.028 0.041 0.049 0.029 0.051 0.069 0.044 0.053 0.025 0.024 0.196 0.105 0.005 0.018 0.054
122 L 0.046 0.022 0.014 0.015 0.015 0.016 0.02 0.021 0.01 0.145 0.29 0.025 0.072 0.044 0.014 0.025 0.035 0.006 0.02 0.144
123 Y 0.037 0.025 0.02 0.017 0.008 0.02 0.025 0.023 0.042 0.04 0.062 0.028 0.017 0.119 0.014 0.028 0.025 0.025 0.38 0.042
124 I 0.053 0.022 0.019 0.019 0.016 0.017 0.022 0.024 0.01 0.182 0.156 0.027 0.065 0.037 0.016 0.036 0.084 0.006 0.019 0.169
125 E 0.05 0.045 0.037 0.082 0.007 0.059 0.36 0.032 0.023 0.02 0.033 0.069 0.012 0.015 0.023 0.05 0.033 0.005 0.015 0.028
126 A 0.355 0.028 0.023 0.027 0.02 0.023 0.037 0.071 0.013 0.039 0.054 0.04 0.016 0.02 0.027 0.077 0.045 0.005 0.016 0.063
127 I 0.046 0.018 0.014 0.016 0.015 0.013 0.017 0.019 0.008 0.267 0.194 0.022 0.035 0.04 0.014 0.024 0.037 0.005 0.019 0.178
128 R 0.041 0.405 0.035 0.028 0.007 0.044 0.048 0.03 0.021 0.021 0.042 0.109 0.014 0.016 0.018 0.041 0.032 0.005 0.016 0.028
129 Q 0.051 0.067 0.04 0.043 0.008 0.286 0.094 0.037 0.027 0.024 0.043 0.083 0.019 0.013 0.021 0.051 0.037 0.005 0.019 0.032
130 S 0.185 0.034 0.041 0.039 0.017 0.028 0.044 0.064 0.016 0.031 0.043 0.046 0.015 0.019 0.027 0.22 0.065 0.005 0.016 0.046
131 L 0.041 0.02 0.013 0.015 0.015 0.014 0.017 0.019 0.009 0.195 0.324 0.022 0.041 0.046 0.013 0.022 0.033 0.006 0.02 0.116
132 A 0.348 0.028 0.024 0.027 0.02 0.023 0.037 0.071 0.014 0.039 0.054 0.041 0.016 0.02 0.027 0.083 0.046 0.005 0.016 0.062
133 I 0.041 0.019 0.014 0.016 0.014 0.014 0.018 0.021 0.011 0.211 0.195 0.023 0.068 0.109 0.013 0.024 0.033 0.008 0.03 0.117
134 S 0.1 0.036 0.049 0.044 0.016 0.03 0.048 0.06 0.017 0.027 0.038 0.049 0.014 0.019 0.027 0.291 0.075 0.005 0.016 0.038
135 L 0.042 0.02 0.013 0.015 0.015 0.014 0.018 0.019 0.009 0.177 0.338 0.023 0.041 0.046 0.013 0.023 0.033 0.006 0.02 0.117
136 L 0.05 0.021 0.014 0.015 0.016 0.015 0.019 0.021 0.008 0.136 0.286 0.023 0.038 0.042 0.014 0.025 0.037 0.006 0.02 0.195
137 L 0.042 0.021 0.014 0.015 0.015 0.016 0.019 0.02 0.01 0.18 0.297 0.024 0.073 0.046 0.013 0.024 0.033 0.006 0.02 0.111
138 F 0.035 0.02 0.015 0.015 0.011 0.013 0.019 0.022 0.017 0.105 0.152 0.021 0.026 0.201 0.011 0.023 0.026 0.101 0.099 0.07
139 G 0.123 0.025 0.036 0.032 0.012 0.02 0.03 0.392 0.013 0.022 0.032 0.035 0.011 0.016 0.02 0.092 0.038 0.005 0.012 0.032
140 I 0.049 0.017 0.014 0.016 0.015 0.013 0.018 0.02 0.008 0.285 0.143 0.022 0.032 0.038 0.014 0.025 0.039 0.005 0.019 0.209
141 F 0.05 0.071 0.041 0.029 0.01 0.026 0.037 0.035 0.098 0.032 0.052 0.044 0.015 0.106 0.104 0.077 0.035 0.01 0.094 0.034
142 F 0.049 0.033 0.026 0.024 0.011 0.021 0.031 0.032 0.031 0.052 0.13 0.063 0.023 0.182 0.016 0.079 0.036 0.012 0.1 0.05
143 L 0.04 0.022 0.013 0.014 0.015 0.015 0.018 0.019 0.009 0.105 0.432 0.023 0.045 0.05 0.013 0.022 0.03 0.006 0.02 0.087
144 F 0.037 0.02 0.016 0.016 0.011 0.014 0.02 0.021 0.022 0.145 0.106 0.022 0.025 0.201 0.012 0.025 0.028 0.015 0.16 0.084
145 L 0.047 0.076 0.035 0.034 0.083 0.033 0.09 0.03 0.015 0.053 0.172 0.118 0.024 0.027 0.019 0.038 0.033 0.005 0.016 0.052
146 G 0.056 0.132 0.033 0.028 0.009 0.027 0.033 0.292 0.02 0.022 0.037 0.069 0.012 0.032 0.017 0.042 0.029 0.008 0.073 0.028
147 K 0.057 0.121 0.058 0.052 0.009 0.047 0.14 0.04 0.021 0.023 0.037 0.163 0.013 0.016 0.023 0.089 0.042 0.005 0.016 0.03
148 L 0.044 0.032 0.018 0.02 0.014 0.02 0.026 0.023 0.01 0.206 0.21 0.076 0.039 0.038 0.016 0.029 0.042 0.006 0.019 0.114
149 K 0.048 0.135 0.033 0.033 0.009 0.042 0.054 0.034 0.017 0.076 0.059 0.251 0.017 0.019 0.022 0.043 0.035 0.005 0.016 0.051
150 K 0.051 0.087 0.066 0.048 0.008 0.047 0.109 0.039 0.02 0.026 0.039 0.242 0.014 0.015 0.024 0.053 0.06 0.005 0.016 0.032
151 F 0.034 0.021 0.017 0.016 0.009 0.014 0.021 0.023 0.028 0.049 0.084 0.023 0.02 0.29 0.012 0.026 0.024 0.02 0.222 0.046
152 I 0.049 0.017 0.014 0.016 0.016 0.013 0.018 0.02 0.008 0.28 0.142 0.022 0.032 0.038 0.014 0.025 0.039 0.005 0.019 0.214
153 L 0.048 0.023 0.018 0.018 0.015 0.016 0.022 0.024 0.011 0.102 0.24 0.025 0.039 0.107 0.015 0.034 0.08 0.007 0.029 0.128
154 L 0.039 0.019 0.013 0.015 0.014 0.013 0.017 0.02 0.01 0.172 0.274 0.021 0.037 0.112 0.012 0.022 0.031 0.022 0.031 0.104
155 V 0.057 0.019 0.014 0.016 0.017 0.014 0.019 0.021 0.008 0.212 0.13 0.023 0.03 0.035 0.014 0.028 0.042 0.005 0.019 0.277
156 L 0.04 0.02 0.014 0.015 0.014 0.014 0.018 0.02 0.01 0.141 0.313 0.022 0.038 0.113 0.013 0.024 0.038 0.008 0.03 0.095
157 L 0.039 0.021 0.013 0.014 0.014 0.014 0.018 0.02 0.01 0.11 0.362 0.022 0.041 0.115 0.012 0.022 0.029 0.008 0.03 0.085
158 A 0.312 0.03 0.028 0.03 0.019 0.024 0.039 0.069 0.014 0.037 0.051 0.042 0.016 0.02 0.027 0.113 0.05 0.005 0.016 0.058
159 S 0.1 0.036 0.049 0.044 0.016 0.03 0.048 0.06 0.017 0.027 0.038 0.049 0.014 0.019 0.027 0.291 0.075 0.005 0.016 0.038
160 L 0.052 0.026 0.027 0.024 0.015 0.019 0.027 0.03 0.012 0.069 0.191 0.031 0.028 0.101 0.018 0.053 0.171 0.007 0.028 0.07
161 F 0.036 0.018 0.015 0.015 0.011 0.011 0.018 0.023 0.014 0.073 0.106 0.018 0.024 0.374 0.011 0.024 0.027 0.014 0.07 0.098
162 H 0.038 0.042 0.049 0.035 0.007 0.035 0.049 0.035 0.414 0.021 0.035 0.042 0.014 0.028 0.017 0.038 0.024 0.007 0.052 0.021
163 I 0.047 0.019 0.018 0.02 0.015 0.015 0.02 0.023 0.009 0.281 0.134 0.025 0.03 0.037 0.016 0.035 0.09 0.005 0.018 0.142
164 T 0.072 0.033 0.041 0.036 0.016 0.026 0.038 0.043 0.013 0.045 0.056 0.043 0.017 0.021 0.025 0.119 0.275 0.005 0.016 0.06
165 A 0.355 0.028 0.023 0.027 0.02 0.023 0.037 0.071 0.013 0.039 0.054 0.04 0.016 0.02 0.027 0.077 0.045 0.005 0.016 0.063
166 L 0.042 0.02 0.013 0.015 0.015 0.014 0.018 0.019 0.009 0.188 0.324 0.023 0.046 0.046 0.013 0.023 0.033 0.006 0.02 0.114
167 I 0.048 0.017 0.014 0.016 0.015 0.013 0.017 0.02 0.008 0.29 0.144 0.022 0.032 0.038 0.014 0.025 0.038 0.005 0.019 0.204
168 C 0.108 0.023 0.026 0.025 0.274 0.018 0.027 0.057 0.011 0.039 0.054 0.031 0.015 0.019 0.02 0.093 0.089 0.004 0.013 0.052
169 L 0.039 0.02 0.013 0.015 0.014 0.013 0.018 0.02 0.01 0.154 0.298 0.022 0.038 0.124 0.012 0.022 0.03 0.008 0.032 0.098
170 L 0.045 0.021 0.013 0.015 0.015 0.014 0.018 0.02 0.009 0.158 0.326 0.023 0.04 0.045 0.013 0.024 0.034 0.006 0.02 0.143
171 F 0.038 0.019 0.015 0.015 0.012 0.011 0.018 0.022 0.013 0.081 0.161 0.019 0.028 0.309 0.011 0.024 0.028 0.012 0.06 0.104
172 L 0.051 0.024 0.019 0.019 0.016 0.018 0.023 0.024 0.01 0.132 0.228 0.028 0.068 0.039 0.016 0.036 0.083 0.006 0.019 0.144
173 I 0.045 0.02 0.018 0.018 0.015 0.015 0.02 0.023 0.01 0.208 0.203 0.025 0.033 0.073 0.015 0.033 0.08 0.006 0.024 0.117
174 P 0.05 0.026 0.081 0.036 0.009 0.021 0.035 0.037 0.015 0.023 0.032 0.039 0.01 0.012 0.453 0.044 0.035 0.003 0.012 0.028
175 I 0.044 0.021 0.016 0.016 0.013 0.016 0.021 0.021 0.02 0.163 0.162 0.024 0.029 0.067 0.014 0.026 0.033 0.012 0.139 0.143
176 F 0.036 0.019 0.015 0.015 0.011 0.013 0.019 0.022 0.017 0.111 0.171 0.021 0.028 0.243 0.012 0.024 0.027 0.014 0.108 0.075
177 S 0.093 0.033 0.046 0.041 0.015 0.027 0.043 0.142 0.017 0.026 0.038 0.045 0.014 0.03 0.025 0.243 0.065 0.005 0.017 0.036
178 K 0.06 0.073 0.03 0.031 0.01 0.035 0.047 0.078 0.015 0.038 0.103 0.198 0.018 0.02 0.108 0.043 0.034 0.005 0.015 0.039
179 R 0.055 0.255 0.035 0.032 0.008 0.045 0.054 0.035 0.02 0.027 0.043 0.203 0.015 0.016 0.021 0.045 0.034 0.005 0.016 0.038
180 L 0.039 0.019 0.014 0.015 0.014 0.013 0.018 0.02 0.01 0.16 0.291 0.021 0.038 0.123 0.012 0.022 0.031 0.008 0.032 0.1
181 S 0.081 0.034 0.079 0.042 0.015 0.027 0.042 0.052 0.017 0.04 0.104 0.044 0.019 0.024 0.024 0.209 0.077 0.005 0.016 0.046
182 K 0.05 0.121 0.038 0.037 0.008 0.048 0.062 0.038 0.035 0.025 0.039 0.312 0.014 0.015 0.024 0.048 0.035 0.005 0.017 0.029
183 L 0.041 0.019 0.014 0.015 0.014 0.013 0.017 0.02 0.01 0.203 0.236 0.021 0.035 0.11 0.013 0.023 0.033 0.007 0.03 0.128
184 L 0.059 0.022 0.02 0.02 0.016 0.017 0.024 0.027 0.01 0.165 0.192 0.027 0.032 0.036 0.016 0.07 0.044 0.005 0.019 0.18
185 S 0.136 0.032 0.039 0.036 0.017 0.026 0.041 0.07 0.015 0.049 0.054 0.043 0.017 0.021 0.025 0.205 0.063 0.005 0.016 0.091
186 Y 0.046 0.025 0.022 0.021 0.011 0.018 0.026 0.029 0.024 0.059 0.102 0.028 0.029 0.133 0.014 0.069 0.034 0.103 0.156 0.051
187 G 0.071 0.025 0.033 0.03 0.013 0.02 0.029 0.211 0.013 0.088 0.119 0.034 0.021 0.026 0.019 0.12 0.045 0.005 0.015 0.061
188 L 0.045 0.023 0.017 0.018 0.015 0.016 0.021 0.023 0.01 0.133 0.314 0.026 0.038 0.054 0.015 0.033 0.079 0.006 0.021 0.095
189 L 0.044 0.022 0.013 0.014 0.015 0.015 0.019 0.02 0.009 0.112 0.38 0.023 0.042 0.047 0.013 0.023 0.033 0.006 0.02 0.129
190 L 0.057 0.023 0.025 0.024 0.014 0.018 0.024 0.13 0.011 0.135 0.171 0.029 0.027 0.032 0.017 0.06 0.083 0.005 0.017 0.096
191 F 0.054 0.022 0.023 0.023 0.013 0.016 0.025 0.031 0.013 0.108 0.124 0.027 0.025 0.203 0.015 0.09 0.041 0.009 0.044 0.092
192 S 0.135 0.031 0.038 0.036 0.016 0.026 0.04 0.083 0.015 0.049 0.053 0.042 0.017 0.021 0.024 0.198 0.062 0.005 0.016 0.091
193 F 0.051 0.023 0.022 0.021 0.07 0.017 0.024 0.044 0.013 0.064 0.162 0.027 0.06 0.17 0.015 0.071 0.037 0.009 0.039 0.06
194 L 0.091 0.021 0.015 0.017 0.015 0.015 0.021 0.029 0.011 0.124 0.259 0.025 0.034 0.12 0.015 0.032 0.032 0.008 0.031 0.088
195 F 0.031 0.017 0.015 0.015 0.01 0.01 0.017 0.023 0.015 0.058 0.104 0.017 0.023 0.443 0.01 0.023 0.023 0.015 0.081 0.05
196 F 0.097 0.021 0.016 0.017 0.015 0.015 0.022 0.03 0.011 0.093 0.155 0.024 0.027 0.17 0.015 0.034 0.035 0.009 0.039 0.153
197 F 0.103 0.024 0.023 0.023 0.014 0.018 0.028 0.037 0.018 0.063 0.089 0.03 0.021 0.168 0.017 0.079 0.04 0.012 0.097 0.097
198 F 0.045 0.026 0.08 0.029 0.013 0.019 0.027 0.032 0.016 0.088 0.111 0.03 0.058 0.156 0.015 0.042 0.081 0.009 0.037 0.088
199 P 0.075 0.028 0.03 0.033 0.012 0.022 0.038 0.042 0.014 0.025 0.035 0.041 0.011 0.014 0.369 0.118 0.046 0.003 0.013 0.032
200 V 0.054 0.028 0.037 0.035 0.013 0.025 0.082 0.031 0.014 0.108 0.086 0.036 0.022 0.095 0.019 0.06 0.107 0.007 0.028 0.115
201 P 0.054 0.035 0.091 0.063 0.012 0.067 0.047 0.04 0.017 0.08 0.059 0.046 0.017 0.02 0.107 0.073 0.094 0.004 0.016 0.058
202 I 0.039 0.017 0.014 0.016 0.013 0.011 0.017 0.02 0.01 0.238 0.144 0.02 0.03 0.175 0.012 0.023 0.032 0.009 0.039 0.122
203 L 0.041 0.021 0.013 0.014 0.015 0.014 0.018 0.019 0.009 0.144 0.386 0.023 0.043 0.048 0.013 0.022 0.031 0.006 0.02 0.1
204 E 0.056 0.046 0.144 0.066 0.009 0.082 0.159 0.047 0.024 0.022 0.034 0.061 0.013 0.016 0.022 0.101 0.046 0.005 0.016 0.03
205 L 0.093 0.02 0.016 0.017 0.014 0.014 0.021 0.029 0.011 0.143 0.182 0.024 0.03 0.15 0.015 0.032 0.034 0.008 0.036 0.112
206 L 0.113 0.022 0.016 0.017 0.016 0.016 0.022 0.031 0.01 0.134 0.267 0.027 0.035 0.04 0.016 0.035 0.036 0.006 0.019 0.122
207 L 0.04 0.019 0.013 0.015 0.014 0.013 0.017 0.02 0.01 0.174 0.284 0.022 0.038 0.112 0.013 0.022 0.031 0.008 0.03 0.106
208 A 0.159 0.034 0.03 0.042 0.015 0.066 0.044 0.092 0.016 0.047 0.123 0.045 0.027 0.024 0.022 0.093 0.044 0.005 0.017 0.054
209 L 0.045 0.019 0.014 0.015 0.014 0.013 0.018 0.021 0.01 0.151 0.226 0.022 0.034 0.131 0.013 0.024 0.034 0.008 0.033 0.155
210 L 0.04 0.022 0.013 0.014 0.015 0.015 0.018 0.019 0.009 0.105 0.432 0.023 0.045 0.05 0.013 0.022 0.03 0.006 0.02 0.087
211 P 0.052 0.031 0.024 0.031 0.009 0.063 0.043 0.034 0.014 0.024 0.035 0.045 0.011 0.012 0.453 0.042 0.034 0.003 0.013 0.029
212 E 0.059 0.043 0.028 0.044 0.01 0.036 0.144 0.031 0.016 0.051 0.112 0.095 0.019 0.022 0.107 0.043 0.043 0.005 0.016 0.075
213 G 0.055 0.03 0.099 0.14 0.008 0.029 0.096 0.271 0.018 0.019 0.027 0.042 0.009 0.015 0.019 0.05 0.032 0.004 0.012 0.024
214 S 0.1 0.036 0.049 0.044 0.016 0.03 0.048 0.06 0.017 0.027 0.038 0.049 0.014 0.019 0.027 0.291 0.075 0.005 0.016 0.038
215 I 0.043 0.019 0.014 0.016 0.015 0.015 0.018 0.02 0.009 0.258 0.204 0.024 0.069 0.042 0.013 0.024 0.035 0.006 0.02 0.136
216 A 0.283 0.026 0.025 0.027 0.018 0.022 0.033 0.148 0.013 0.045 0.055 0.037 0.016 0.02 0.024 0.068 0.042 0.005 0.015 0.079
217 G 0.069 0.028 0.035 0.031 0.011 0.022 0.032 0.213 0.024 0.028 0.042 0.036 0.013 0.051 0.019 0.122 0.042 0.012 0.135 0.034
218 E 0.101 0.043 0.032 0.056 0.01 0.085 0.206 0.038 0.021 0.036 0.063 0.06 0.051 0.02 0.022 0.052 0.037 0.005 0.017 0.044
219 K 0.052 0.097 0.038 0.038 0.008 0.049 0.064 0.039 0.019 0.025 0.039 0.344 0.014 0.014 0.025 0.049 0.036 0.005 0.016 0.03
220 L 0.04 0.022 0.013 0.014 0.015 0.015 0.018 0.019 0.009 0.105 0.432 0.023 0.045 0.05 0.013 0.022 0.03 0.006 0.02 0.087
221 N 0.061 0.036 0.199 0.054 0.012 0.028 0.041 0.053 0.021 0.037 0.099 0.045 0.017 0.023 0.021 0.139 0.053 0.005 0.016 0.04
222 F 0.031 0.017 0.015 0.015 0.01 0.01 0.017 0.023 0.015 0.058 0.104 0.017 0.023 0.443 0.01 0.023 0.023 0.015 0.081 0.05
223 Y 0.037 0.025 0.02 0.017 0.008 0.02 0.025 0.023 0.042 0.04 0.062 0.028 0.017 0.119 0.014 0.028 0.025 0.025 0.38 0.042
224 L 0.041 0.021 0.013 0.014 0.015 0.014 0.018 0.019 0.009 0.144 0.386 0.023 0.043 0.048 0.013 0.022 0.031 0.006 0.02 0.1
225 T 0.115 0.031 0.063 0.036 0.015 0.024 0.037 0.049 0.016 0.041 0.058 0.04 0.017 0.09 0.023 0.123 0.139 0.007 0.027 0.052
226 S 0.094 0.036 0.048 0.043 0.016 0.029 0.046 0.057 0.017 0.031 0.042 0.048 0.015 0.019 0.027 0.256 0.115 0.005 0.016 0.042
227 D 0.042 0.034 0.053 0.308 0.007 0.039 0.191 0.038 0.02 0.02 0.029 0.052 0.01 0.014 0.022 0.049 0.033 0.004 0.012 0.025
228 A 0.139 0.05 0.029 0.032 0.013 0.113 0.056 0.044 0.018 0.086 0.067 0.101 0.02 0.021 0.022 0.053 0.04 0.005 0.017 0.075
229 Y 0.037 0.025 0.02 0.017 0.008 0.02 0.025 0.023 0.042 0.04 0.062 0.028 0.017 0.119 0.014 0.028 0.025 0.025 0.38 0.042
230 K 0.056 0.198 0.039 0.035 0.009 0.044 0.056 0.039 0.019 0.024 0.04 0.21 0.014 0.016 0.023 0.086 0.041 0.005 0.016 0.031
231 P 0.052 0.023 0.021 0.028 0.009 0.019 0.033 0.033 0.012 0.023 0.033 0.038 0.009 0.012 0.54 0.04 0.033 0.002 0.012 0.028
232 Q 0.052 0.052 0.032 0.034 0.011 0.197 0.069 0.032 0.021 0.064 0.091 0.064 0.04 0.022 0.019 0.043 0.038 0.006 0.019 0.094
233 L 0.043 0.021 0.014 0.014 0.014 0.014 0.019 0.02 0.01 0.104 0.325 0.022 0.039 0.112 0.013 0.024 0.032 0.008 0.03 0.123
234 S 0.1 0.036 0.049 0.044 0.016 0.03 0.048 0.06 0.017 0.027 0.038 0.049 0.014 0.019 0.027 0.291 0.075 0.005 0.016 0.038
235 I 0.094 0.019 0.015 0.018 0.015 0.014 0.02 0.028 0.01 0.231 0.126 0.024 0.029 0.103 0.015 0.032 0.036 0.007 0.029 0.136
236 G 0.071 0.021 0.036 0.031 0.01 0.017 0.023 0.555 0.012 0.017 0.026 0.031 0.009 0.015 0.017 0.047 0.027 0.005 0.01 0.022
237 I 0.064 0.024 0.025 0.025 0.016 0.019 0.028 0.033 0.011 0.164 0.156 0.031 0.028 0.033 0.018 0.107 0.056 0.005 0.018 0.137
238 G 0.071 0.021 0.036 0.031 0.01 0.017 0.023 0.555 0.012 0.017 0.026 0.031 0.009 0.015 0.017 0.047 0.027 0.005 0.01 0.022
239 T 0.117 0.032 0.038 0.034 0.017 0.025 0.037 0.046 0.013 0.045 0.057 0.042 0.017 0.021 0.026 0.1 0.25 0.005 0.016 0.062
240 I 0.076 0.019 0.015 0.017 0.014 0.014 0.019 0.026 0.01 0.207 0.187 0.023 0.032 0.107 0.014 0.029 0.034 0.007 0.029 0.122
241 L 0.041 0.022 0.015 0.016 0.013 0.015 0.021 0.022 0.011 0.083 0.311 0.024 0.035 0.109 0.1 0.025 0.03 0.007 0.029 0.071
242 D 0.037 0.027 0.063 0.452 0.007 0.027 0.083 0.042 0.017 0.02 0.025 0.041 0.008 0.014 0.02 0.047 0.032 0.003 0.01 0.022
243 V 0.049 0.019 0.015 0.016 0.015 0.013 0.019 0.022 0.01 0.165 0.149 0.022 0.03 0.138 0.013 0.026 0.036 0.008 0.034 0.205
244 L 0.046 0.019 0.014 0.015 0.015 0.014 0.018 0.02 0.008 0.21 0.255 0.022 0.037 0.042 0.014 0.024 0.036 0.006 0.019 0.166
245 L 0.041 0.023 0.014 0.014 0.015 0.016 0.019 0.02 0.01 0.103 0.397 0.024 0.072 0.049 0.013 0.024 0.031 0.007 0.02 0.087
246 I 0.042 0.018 0.013 0.015 0.015 0.013 0.017 0.019 0.008 0.266 0.238 0.022 0.037 0.043 0.013 0.023 0.034 0.006 0.019 0.138
247 G 0.07 0.02 0.026 0.024 0.012 0.016 0.022 0.29 0.012 0.063 0.07 0.027 0.023 0.092 0.016 0.039 0.032 0.007 0.025 0.117
248 L 0.04 0.021 0.014 0.015 0.014 0.015 0.019 0.02 0.014 0.139 0.316 0.024 0.038 0.059 0.013 0.023 0.031 0.009 0.08 0.094
249 L 0.044 0.019 0.013 0.015 0.015 0.013 0.017 0.019 0.008 0.225 0.266 0.022 0.038 0.044 0.013 0.023 0.034 0.006 0.019 0.145
250 L 0.065 0.02 0.018 0.018 0.1 0.015 0.02 0.07 0.013 0.11 0.199 0.024 0.028 0.076 0.015 0.038 0.033 0.008 0.052 0.079
251 L 0.049 0.02 0.014 0.015 0.015 0.014 0.019 0.021 0.009 0.134 0.263 0.023 0.036 0.075 0.013 0.025 0.036 0.007 0.025 0.186
252 S 0.077 0.033 0.097 0.043 0.1 0.026 0.04 0.052 0.017 0.032 0.044 0.043 0.014 0.019 0.023 0.176 0.103 0.005 0.015 0.043
253 F 0.033 0.019 0.016 0.015 0.01 0.012 0.019 0.022 0.019 0.063 0.152 0.02 0.026 0.323 0.011 0.024 0.025 0.016 0.121 0.055
254 K 0.043 0.124 0.03 0.029 0.008 0.037 0.048 0.033 0.022 0.027 0.045 0.198 0.015 0.039 0.019 0.039 0.031 0.097 0.084 0.031
255 R 0.047 0.254 0.037 0.033 0.008 0.103 0.059 0.077 0.022 0.022 0.041 0.122 0.015 0.015 0.019 0.045 0.033 0.005 0.016 0.029
256 I 0.108 0.024 0.077 0.028 0.015 0.018 0.026 0.037 0.012 0.16 0.128 0.03 0.026 0.031 0.017 0.042 0.041 0.005 0.018 0.156
257 K 0.046 0.188 0.034 0.031 0.008 0.042 0.052 0.033 0.024 0.026 0.044 0.213 0.015 0.032 0.021 0.043 0.033 0.008 0.076 0.031
258 L 0.053 0.146 0.038 0.028 0.01 0.035 0.044 0.032 0.016 0.051 0.171 0.162 0.024 0.027 0.019 0.039 0.034 0.005 0.017 0.049
259 Y 0.053 0.046 0.071 0.043 0.009 0.035 0.095 0.038 0.029 0.029 0.045 0.102 0.014 0.053 0.02 0.084 0.039 0.012 0.147 0.035
260 D 0.057 0.05 0.039 0.155 0.01 0.041 0.057 0.037 0.017 0.046 0.103 0.129 0.06 0.024 0.02 0.052 0.036 0.005 0.016 0.046
261 L 0.041 0.025 0.02 0.064 0.013 0.02 0.059 0.023 0.011 0.088 0.35 0.029 0.038 0.043 0.015 0.028 0.031 0.006 0.019 0.075
262 A 0.116 0.044 0.031 0.035 0.012 0.032 0.073 0.045 0.022 0.031 0.047 0.101 0.015 0.041 0.022 0.096 0.042 0.062 0.093 0.04
263 N 0.045 0.05 0.256 0.06 0.009 0.033 0.046 0.051 0.024 0.03 0.072 0.105 0.015 0.019 0.02 0.068 0.043 0.004 0.015 0.033
264 D 0.043 0.029 0.043 0.195 0.009 0.025 0.053 0.034 0.087 0.041 0.048 0.036 0.014 0.043 0.018 0.044 0.059 0.01 0.104 0.062
265 I 0.044 0.029 0.14 0.053 0.012 0.029 0.033 0.036 0.016 0.158 0.122 0.036 0.024 0.03 0.017 0.044 0.066 0.005 0.017 0.09
266 R 0.093 0.159 0.07 0.033 0.01 0.053 0.044 0.039 0.062 0.031 0.062 0.065 0.016 0.036 0.019 0.047 0.034 0.009 0.08 0.038
267 F 0.089 0.119 0.024 0.022 0.011 0.023 0.031 0.033 0.049 0.05 0.129 0.047 0.023 0.165 0.016 0.038 0.03 0.009 0.041 0.05
268 H 0.039 0.035 0.148 0.042 0.009 0.028 0.038 0.038 0.156 0.038 0.104 0.039 0.018 0.043 0.016 0.042 0.032 0.009 0.089 0.037
269 N 0.039 0.038 0.206 0.06 0.008 0.032 0.094 0.045 0.09 0.027 0.043 0.046 0.013 0.089 0.018 0.05 0.036 0.007 0.032 0.029
270 V 0.047 0.019 0.014 0.015 0.014 0.014 0.019 0.022 0.009 0.179 0.169 0.022 0.03 0.041 0.013 0.025 0.036 0.094 0.026 0.189
271 V 0.053 0.02 0.014 0.016 0.016 0.015 0.019 0.021 0.008 0.194 0.184 0.023 0.044 0.038 0.014 0.027 0.039 0.005 0.019 0.229
272 L 0.038 0.022 0.016 0.015 0.012 0.016 0.021 0.021 0.021 0.075 0.254 0.024 0.032 0.138 0.013 0.024 0.028 0.014 0.15 0.066
273 L 0.048 0.021 0.018 0.019 0.013 0.015 0.021 0.111 0.01 0.115 0.251 0.026 0.031 0.036 0.101 0.029 0.031 0.005 0.017 0.079
274 G 0.071 0.021 0.036 0.031 0.01 0.017 0.023 0.555 0.012 0.017 0.026 0.031 0.009 0.015 0.017 0.047 0.027 0.005 0.01 0.022
275 V 0.059 0.018 0.016 0.017 0.159 0.014 0.02 0.026 0.008 0.159 0.106 0.023 0.025 0.03 0.015 0.045 0.041 0.005 0.016 0.196
276 C 0.152 0.021 0.017 0.019 0.188 0.016 0.023 0.04 0.01 0.1 0.135 0.027 0.023 0.028 0.018 0.046 0.037 0.005 0.015 0.079
277 L 0.04 0.022 0.013 0.014 0.015 0.015 0.018 0.019 0.009 0.105 0.432 0.023 0.045 0.05 0.013 0.022 0.03 0.006 0.02 0.087
278 Y 0.036 0.024 0.019 0.017 0.009 0.018 0.024 0.023 0.038 0.043 0.069 0.027 0.018 0.173 0.013 0.027 0.025 0.024 0.33 0.044
279 L 0.046 0.019 0.014 0.015 0.015 0.014 0.018 0.02 0.008 0.223 0.239 0.022 0.036 0.042 0.014 0.024 0.036 0.006 0.019 0.17
280 S 0.167 0.03 0.035 0.034 0.017 0.025 0.039 0.056 0.015 0.083 0.063 0.042 0.018 0.023 0.025 0.175 0.066 0.005 0.016 0.067
281 F 0.031 0.017 0.015 0.015 0.01 0.01 0.017 0.023 0.015 0.058 0.104 0.017 0.023 0.443 0.01 0.023 0.023 0.015 0.081 0.05
282 G 0.149 0.027 0.036 0.033 0.014 0.022 0.033 0.31 0.014 0.025 0.036 0.038 0.012 0.017 0.022 0.115 0.043 0.005 0.013 0.036
283 I 0.05 0.017 0.014 0.016 0.016 0.013 0.018 0.02 0.008 0.275 0.141 0.022 0.032 0.038 0.014 0.025 0.039 0.005 0.019 0.219
284 F 0.033 0.017 0.015 0.015 0.01 0.01 0.017 0.022 0.014 0.104 0.112 0.018 0.025 0.376 0.01 0.023 0.025 0.014 0.07 0.068
285 I 0.147 0.02 0.017 0.02 0.016 0.016 0.023 0.036 0.01 0.238 0.12 0.028 0.028 0.033 0.018 0.041 0.039 0.005 0.018 0.128
286 G 0.071 0.021 0.036 0.031 0.01 0.017 0.023 0.555 0.012 0.017 0.026 0.031 0.009 0.015 0.017 0.047 0.027 0.005 0.01 0.022
287 K 0.052 0.097 0.038 0.038 0.008 0.049 0.064 0.039 0.019 0.025 0.039 0.344 0.014 0.014 0.025 0.049 0.036 0.005 0.016 0.03
288 M 0.045 0.027 0.018 0.018 0.014 0.023 0.024 0.025 0.015 0.086 0.166 0.03 0.201 0.11 0.014 0.031 0.034 0.009 0.032 0.078
289 M 0.047 0.029 0.018 0.018 0.015 0.026 0.026 0.026 0.015 0.091 0.179 0.033 0.237 0.044 0.015 0.033 0.037 0.007 0.022 0.084
290 P 0.052 0.023 0.021 0.028 0.009 0.019 0.033 0.033 0.012 0.023 0.033 0.038 0.009 0.012 0.54 0.04 0.033 0.002 0.012 0.028
291 V 0.064 0.02 0.015 0.016 0.017 0.015 0.021 0.022 0.007 0.15 0.118 0.024 0.029 0.032 0.015 0.03 0.045 0.005 0.019 0.335
292 F 0.041 0.023 0.016 0.017 0.013 0.018 0.021 0.024 0.014 0.121 0.15 0.026 0.132 0.176 0.013 0.028 0.032 0.01 0.041 0.085
293 T 0.066 0.032 0.039 0.034 0.016 0.025 0.036 0.039 0.013 0.048 0.059 0.041 0.018 0.022 0.025 0.084 0.315 0.005 0.016 0.065
294 R 0.041 0.405 0.035 0.028 0.007 0.044 0.048 0.03 0.021 0.021 0.042 0.109 0.014 0.016 0.018 0.041 0.032 0.005 0.016 0.028
295 I 0.046 0.018 0.014 0.016 0.015 0.013 0.017 0.019 0.008 0.267 0.194 0.022 0.035 0.04 0.014 0.024 0.037 0.005 0.019 0.178
296 G 0.071 0.021 0.036 0.031 0.01 0.017 0.023 0.555 0.012 0.017 0.026 0.031 0.009 0.015 0.017 0.047 0.027 0.005 0.01 0.022
297 W 0.028 0.021 0.014 0.014 0.007 0.014 0.021 0.028 0.014 0.028 0.048 0.021 0.014 0.055 0.007 0.021 0.021 0.539 0.062 0.028
298 Y 0.037 0.025 0.02 0.017 0.008 0.02 0.025 0.023 0.042 0.04 0.062 0.028 0.017 0.119 0.014 0.028 0.025 0.025 0.38 0.042
299 G 0.071 0.021 0.036 0.031 0.01 0.017 0.023 0.555 0.012 0.017 0.026 0.031 0.009 0.015 0.017 0.047 0.027 0.005 0.01 0.022
300 L 0.038 0.022 0.015 0.015 0.012 0.015 0.02 0.021 0.017 0.088 0.267 0.023 0.045 0.159 0.012 0.024 0.028 0.012 0.095 0.072
301 P 0.052 0.023 0.021 0.028 0.009 0.019 0.033 0.033 0.012 0.023 0.033 0.038 0.009 0.012 0.54 0.04 0.033 0.002 0.012 0.028
302 F 0.033 0.019 0.015 0.015 0.01 0.011 0.018 0.022 0.017 0.064 0.155 0.019 0.026 0.35 0.011 0.023 0.024 0.015 0.096 0.056
303 V 0.055 0.019 0.014 0.016 0.016 0.014 0.019 0.021 0.008 0.189 0.179 0.023 0.033 0.037 0.014 0.027 0.04 0.005 0.019 0.25
304 I 0.094 0.019 0.015 0.018 0.016 0.014 0.02 0.028 0.009 0.249 0.183 0.025 0.032 0.038 0.016 0.032 0.037 0.005 0.019 0.132
305 I 0.046 0.017 0.014 0.016 0.015 0.013 0.017 0.02 0.008 0.299 0.148 0.022 0.038 0.039 0.014 0.024 0.038 0.005 0.019 0.188
306 L 0.038 0.021 0.014 0.015 0.013 0.014 0.019 0.021 0.012 0.089 0.293 0.022 0.053 0.18 0.012 0.024 0.029 0.009 0.041 0.082
307 L 0.042 0.022 0.014 0.015 0.015 0.016 0.019 0.02 0.01 0.154 0.328 0.024 0.074 0.047 0.013 0.024 0.033 0.006 0.02 0.103
308 Y 0.037 0.028 0.08 0.027 0.008 0.022 0.029 0.029 0.04 0.036 0.057 0.032 0.016 0.102 0.015 0.034 0.029 0.022 0.319 0.039
309 S 0.083 0.028 0.033 0.031 0.016 0.023 0.034 0.041 0.013 0.127 0.081 0.037 0.022 0.026 0.022 0.133 0.131 0.005 0.017 0.097
310 N 0.051 0.05 0.23 0.06 0.009 0.034 0.049 0.053 0.068 0.022 0.033 0.097 0.012 0.018 0.021 0.096 0.046 0.005 0.019 0.027
311 I 0.044 0.018 0.013 0.015 0.015 0.013 0.017 0.019 0.008 0.244 0.243 0.022 0.037 0.043 0.013 0.023 0.035 0.006 0.019 0.151
312 G 0.069 0.023 0.034 0.03 0.01 0.019 0.027 0.384 0.013 0.021 0.032 0.032 0.01 0.022 0.017 0.083 0.034 0.094 0.02 0.026
313 D 0.043 0.107 0.095 0.115 0.008 0.038 0.104 0.038 0.025 0.024 0.039 0.107 0.013 0.032 0.02 0.046 0.034 0.008 0.075 0.029
314 S 0.1 0.036 0.049 0.044 0.016 0.03 0.048 0.06 0.017 0.027 0.038 0.049 0.014 0.019 0.027 0.291 0.075 0.005 0.016 0.038
315 I 0.048 0.037 0.023 0.031 0.012 0.028 0.084 0.027 0.014 0.124 0.106 0.085 0.058 0.087 0.017 0.034 0.035 0.007 0.027 0.115
316 Y 0.036 0.024 0.018 0.016 0.01 0.017 0.023 0.022 0.032 0.054 0.131 0.026 0.023 0.161 0.013 0.026 0.026 0.021 0.27 0.051
317 Y 0.037 0.023 0.018 0.017 0.01 0.017 0.023 0.023 0.029 0.054 0.096 0.025 0.056 0.214 0.013 0.027 0.027 0.019 0.22 0.052
318 K 0.049 0.128 0.037 0.071 0.008 0.042 0.07 0.037 0.018 0.024 0.037 0.217 0.013 0.014 0.109 0.046 0.034 0.004 0.015 0.029
319 K 0.049 0.117 0.094 0.043 0.008 0.045 0.06 0.042 0.021 0.024 0.038 0.272 0.013 0.015 0.023 0.05 0.037 0.005 0.015 0.029
320 V 0.054 0.023 0.022 0.021 0.013 0.018 0.026 0.028 0.029 0.118 0.113 0.028 0.024 0.118 0.016 0.071 0.04 0.011 0.1 0.13
