#Seq2Logo.py -f /work3/idamei/ssn-clusterings/clustering/2205110921/clusters/0010_186/sequences.afa -o /work3/idamei/ssn-clusterings/clustering/2205110921/clusters/0010_186/sequences.logo
#Position Specific Frequency Matrix
A R N D C Q E G H I L K M F P S T W Y V
0 L 0.051 0.031 0.02 0.02 0.016 0.027 0.027 0.027 0.016 0.097 0.191 0.035 0.185 0.047 0.016 0.035 0.039 0.008 0.023 0.09
1 L 0.039 0.021 0.015 0.015 0.013 0.014 0.019 0.023 0.012 0.115 0.251 0.023 0.037 0.128 0.012 0.024 0.03 0.08 0.042 0.087
2 L 0.134 0.029 0.027 0.028 0.018 0.024 0.033 0.047 0.014 0.095 0.138 0.038 0.048 0.033 0.022 0.083 0.079 0.006 0.019 0.085
3 Y 0.039 0.027 0.021 0.018 0.009 0.021 0.027 0.024 0.045 0.042 0.067 0.03 0.018 0.127 0.015 0.03 0.027 0.027 0.338 0.045
4 W 0.03 0.021 0.015 0.015 0.008 0.013 0.021 0.028 0.015 0.039 0.068 0.021 0.018 0.158 0.008 0.023 0.023 0.367 0.072 0.036
5 L 0.045 0.023 0.019 0.019 0.014 0.015 0.022 0.025 0.012 0.115 0.233 0.025 0.036 0.148 0.015 0.033 0.065 0.009 0.039 0.09
6 L 0.049 0.028 0.018 0.019 0.016 0.024 0.025 0.025 0.014 0.124 0.212 0.032 0.152 0.047 0.015 0.032 0.038 0.007 0.023 0.1
7 Y 0.038 0.026 0.02 0.018 0.009 0.02 0.026 0.024 0.042 0.045 0.072 0.029 0.019 0.162 0.014 0.029 0.027 0.026 0.309 0.046
8 L 0.08 0.029 0.03 0.028 0.016 0.022 0.032 0.039 0.014 0.069 0.188 0.035 0.029 0.081 0.02 0.095 0.089 0.007 0.027 0.069
9 L 0.052 0.02 0.015 0.016 0.017 0.015 0.02 0.021 0.009 0.195 0.224 0.024 0.038 0.043 0.015 0.026 0.039 0.006 0.02 0.185
10 P 0.152 0.027 0.023 0.029 0.014 0.022 0.037 0.05 0.013 0.031 0.043 0.041 0.013 0.016 0.33 0.057 0.04 0.004 0.014 0.044
11 A 0.254 0.028 0.028 0.03 0.018 0.023 0.036 0.188 0.014 0.036 0.05 0.04 0.015 0.02 0.026 0.074 0.043 0.005 0.015 0.056
12 L 0.051 0.024 0.02 0.02 0.014 0.017 0.024 0.028 0.017 0.097 0.191 0.027 0.031 0.144 0.015 0.054 0.038 0.011 0.077 0.1
13 A 0.151 0.028 0.021 0.023 0.017 0.023 0.031 0.045 0.013 0.077 0.139 0.036 0.065 0.032 0.082 0.052 0.042 0.006 0.019 0.099
14 A 0.314 0.03 0.025 0.029 0.021 0.025 0.039 0.076 0.014 0.042 0.057 0.043 0.017 0.021 0.029 0.082 0.048 0.005 0.017 0.066
15 I 0.043 0.019 0.014 0.016 0.015 0.013 0.018 0.021 0.01 0.22 0.214 0.023 0.037 0.091 0.014 0.024 0.035 0.007 0.029 0.137
16 F 0.089 0.029 0.105 0.04 0.013 0.022 0.034 0.108 0.018 0.052 0.067 0.037 0.018 0.118 0.019 0.074 0.044 0.008 0.033 0.073
17 N 0.052 0.034 0.143 0.051 0.012 0.03 0.07 0.103 0.02 0.059 0.108 0.043 0.04 0.027 0.018 0.049 0.041 0.005 0.017 0.076
18 A 0.146 0.078 0.035 0.033 0.016 0.028 0.04 0.123 0.016 0.049 0.057 0.052 0.017 0.021 0.024 0.111 0.052 0.005 0.016 0.08
19 S 0.071 0.088 0.089 0.054 0.012 0.039 0.089 0.051 0.073 0.025 0.039 0.063 0.014 0.02 0.024 0.133 0.055 0.005 0.022 0.033
20 R 0.045 0.334 0.038 0.031 0.008 0.047 0.053 0.033 0.022 0.023 0.045 0.139 0.015 0.017 0.02 0.044 0.034 0.006 0.017 0.03
21 L 0.05 0.027 0.024 0.022 0.015 0.021 0.028 0.026 0.098 0.145 0.179 0.03 0.033 0.041 0.016 0.031 0.037 0.006 0.03 0.143
22 R 0.083 0.219 0.03 0.028 0.011 0.036 0.042 0.037 0.018 0.039 0.095 0.082 0.019 0.022 0.089 0.046 0.036 0.005 0.017 0.044
23 R 0.053 0.122 0.062 0.115 0.01 0.063 0.093 0.04 0.021 0.057 0.054 0.07 0.016 0.02 0.021 0.072 0.042 0.005 0.016 0.048
24 H 0.053 0.113 0.041 0.034 0.01 0.064 0.053 0.038 0.126 0.032 0.056 0.065 0.028 0.039 0.02 0.07 0.038 0.009 0.075 0.036
25 S 0.081 0.034 0.08 0.044 0.015 0.027 0.041 0.114 0.018 0.037 0.067 0.045 0.017 0.046 0.024 0.152 0.087 0.006 0.021 0.044
26 L 0.047 0.037 0.062 0.03 0.012 0.023 0.032 0.034 0.016 0.064 0.184 0.065 0.028 0.085 0.017 0.05 0.051 0.07 0.033 0.059
27 L 0.054 0.088 0.025 0.024 0.013 0.023 0.031 0.031 0.014 0.096 0.142 0.046 0.026 0.078 0.079 0.059 0.04 0.007 0.027 0.097
28 P 0.064 0.028 0.028 0.03 0.014 0.022 0.034 0.037 0.012 0.058 0.097 0.038 0.02 0.023 0.236 0.073 0.086 0.004 0.016 0.079
29 W 0.032 0.023 0.015 0.015 0.009 0.016 0.022 0.028 0.015 0.042 0.076 0.023 0.038 0.101 0.009 0.024 0.024 0.385 0.063 0.04
30 L 0.05 0.021 0.017 0.018 0.015 0.015 0.02 0.084 0.01 0.16 0.225 0.025 0.036 0.065 0.014 0.028 0.035 0.007 0.023 0.131
31 L 0.064 0.022 0.018 0.019 0.014 0.017 0.022 0.089 0.011 0.141 0.187 0.027 0.051 0.043 0.015 0.032 0.034 0.069 0.025 0.098
32 L 0.052 0.022 0.016 0.017 0.016 0.016 0.021 0.023 0.01 0.144 0.204 0.025 0.055 0.088 0.014 0.028 0.039 0.007 0.029 0.172
33 G 0.064 0.022 0.032 0.028 0.01 0.017 0.024 0.402 0.013 0.021 0.033 0.03 0.01 0.026 0.016 0.043 0.027 0.131 0.024 0.025
34 L 0.076 0.023 0.015 0.017 0.016 0.016 0.022 0.028 0.011 0.12 0.289 0.026 0.04 0.092 0.015 0.031 0.034 0.008 0.029 0.094
35 L 0.048 0.021 0.015 0.016 0.016 0.015 0.02 0.022 0.01 0.14 0.264 0.024 0.039 0.091 0.014 0.026 0.036 0.008 0.029 0.148
36 F 0.036 0.021 0.017 0.017 0.011 0.014 0.021 0.024 0.023 0.063 0.135 0.022 0.026 0.293 0.012 0.026 0.026 0.018 0.142 0.056
37 V 0.072 0.028 0.03 0.028 0.018 0.022 0.032 0.035 0.011 0.111 0.094 0.035 0.025 0.029 0.021 0.08 0.135 0.005 0.019 0.17
38 L 0.051 0.022 0.015 0.017 0.016 0.016 0.021 0.022 0.01 0.168 0.245 0.026 0.058 0.045 0.015 0.027 0.039 0.006 0.021 0.162
39 L 0.077 0.02 0.016 0.018 0.076 0.014 0.021 0.03 0.011 0.128 0.182 0.024 0.031 0.131 0.015 0.033 0.034 0.008 0.035 0.094
40 I 0.047 0.017 0.014 0.017 0.016 0.013 0.017 0.02 0.008 0.287 0.16 0.023 0.035 0.042 0.014 0.025 0.039 0.006 0.02 0.178
41 G 0.076 0.022 0.038 0.033 0.01 0.018 0.025 0.527 0.013 0.018 0.027 0.033 0.009 0.016 0.018 0.05 0.029 0.005 0.01 0.023
42 L 0.039 0.022 0.015 0.015 0.014 0.014 0.019 0.022 0.012 0.093 0.289 0.022 0.039 0.186 0.012 0.024 0.029 0.01 0.046 0.078
43 R 0.043 0.367 0.037 0.03 0.008 0.047 0.051 0.032 0.023 0.023 0.045 0.116 0.015 0.017 0.019 0.043 0.034 0.006 0.017 0.03
44 F 0.037 0.026 0.026 0.048 0.01 0.02 0.047 0.027 0.065 0.055 0.122 0.029 0.024 0.232 0.014 0.031 0.027 0.014 0.097 0.05
45 E 0.051 0.093 0.041 0.063 0.008 0.102 0.198 0.035 0.069 0.023 0.039 0.079 0.015 0.017 0.023 0.051 0.035 0.006 0.022 0.03
46 V 0.065 0.021 0.016 0.017 0.018 0.016 0.022 0.023 0.008 0.176 0.13 0.025 0.031 0.036 0.016 0.031 0.047 0.005 0.02 0.278
47 G 0.076 0.022 0.038 0.033 0.01 0.018 0.025 0.527 0.013 0.018 0.027 0.033 0.009 0.016 0.018 0.05 0.029 0.005 0.01 0.023
48 G 0.076 0.022 0.038 0.033 0.01 0.018 0.025 0.527 0.013 0.018 0.027 0.033 0.009 0.016 0.018 0.05 0.029 0.005 0.01 0.023
49 D 0.04 0.029 0.067 0.418 0.007 0.029 0.088 0.045 0.018 0.022 0.027 0.043 0.009 0.014 0.022 0.05 0.034 0.004 0.011 0.023
50 W 0.029 0.022 0.015 0.015 0.007 0.015 0.022 0.029 0.015 0.029 0.051 0.022 0.015 0.059 0.007 0.022 0.022 0.51 0.066 0.029
51 F 0.05 0.025 0.068 0.056 0.01 0.019 0.031 0.159 0.021 0.039 0.065 0.031 0.017 0.177 0.016 0.052 0.033 0.012 0.081 0.039
52 N 0.122 0.039 0.207 0.061 0.013 0.031 0.046 0.066 0.024 0.028 0.039 0.05 0.013 0.019 0.024 0.105 0.054 0.005 0.016 0.039
53 Y 0.039 0.027 0.021 0.018 0.009 0.021 0.027 0.024 0.045 0.042 0.066 0.03 0.018 0.126 0.015 0.03 0.027 0.027 0.341 0.045
54 L 0.043 0.023 0.015 0.015 0.015 0.016 0.02 0.021 0.014 0.126 0.326 0.025 0.043 0.061 0.014 0.024 0.032 0.009 0.061 0.097
55 R 0.049 0.172 0.076 0.039 0.009 0.039 0.048 0.099 0.065 0.04 0.047 0.118 0.015 0.02 0.02 0.047 0.035 0.006 0.021 0.037
56 Y 0.04 0.097 0.036 0.027 0.008 0.032 0.041 0.03 0.165 0.031 0.051 0.052 0.016 0.069 0.017 0.036 0.028 0.016 0.173 0.034
57 Y 0.038 0.025 0.02 0.018 0.009 0.018 0.025 0.024 0.038 0.047 0.077 0.027 0.02 0.197 0.014 0.029 0.026 0.024 0.277 0.047
58 D 0.048 0.043 0.043 0.164 0.009 0.038 0.126 0.036 0.045 0.042 0.049 0.079 0.015 0.032 0.021 0.046 0.035 0.008 0.058 0.063
59 L 0.048 0.039 0.034 0.077 0.011 0.078 0.054 0.034 0.045 0.051 0.115 0.047 0.043 0.088 0.018 0.052 0.036 0.01 0.07 0.05
60 L 0.123 0.031 0.027 0.034 0.016 0.028 0.068 0.044 0.015 0.09 0.146 0.041 0.046 0.032 0.022 0.075 0.059 0.006 0.019 0.08
61 G 0.054 0.034 0.028 0.028 0.012 0.073 0.041 0.152 0.019 0.093 0.131 0.043 0.025 0.041 0.017 0.039 0.034 0.008 0.058 0.069
62 G 0.057 0.04 0.036 0.037 0.009 0.031 0.071 0.218 0.069 0.026 0.041 0.072 0.013 0.045 0.019 0.044 0.03 0.011 0.1 0.031
63 L 0.06 0.071 0.023 0.028 0.012 0.028 0.065 0.029 0.024 0.059 0.142 0.045 0.045 0.104 0.017 0.037 0.032 0.013 0.108 0.058
64 P 0.097 0.03 0.036 0.08 0.015 0.024 0.043 0.045 0.014 0.05 0.056 0.041 0.016 0.02 0.146 0.084 0.103 0.004 0.015 0.078
65 L 0.041 0.023 0.016 0.016 0.013 0.016 0.021 0.023 0.02 0.085 0.226 0.024 0.034 0.159 0.013 0.026 0.03 0.014 0.117 0.084
66 D 0.086 0.051 0.041 0.114 0.011 0.062 0.096 0.045 0.019 0.03 0.042 0.101 0.014 0.016 0.086 0.059 0.067 0.005 0.015 0.039
67 D 0.062 0.047 0.053 0.193 0.01 0.052 0.121 0.047 0.02 0.024 0.035 0.086 0.013 0.016 0.025 0.1 0.047 0.005 0.015 0.031
68 V 0.09 0.022 0.017 0.02 0.017 0.017 0.025 0.031 0.01 0.147 0.147 0.029 0.029 0.034 0.079 0.037 0.043 0.005 0.019 0.184
69 L 0.046 0.021 0.015 0.017 0.015 0.015 0.019 0.052 0.009 0.175 0.286 0.024 0.041 0.047 0.014 0.025 0.034 0.006 0.02 0.118
70 A 0.29 0.031 0.026 0.03 0.022 0.026 0.04 0.078 0.015 0.043 0.059 0.045 0.018 0.022 0.03 0.085 0.05 0.005 0.018 0.069
71 S 0.11 0.04 0.054 0.049 0.018 0.033 0.052 0.066 0.019 0.03 0.042 0.054 0.016 0.021 0.03 0.22 0.082 0.005 0.018 0.042
72 D 0.041 0.03 0.069 0.397 0.008 0.03 0.091 0.047 0.019 0.022 0.028 0.045 0.009 0.015 0.022 0.052 0.035 0.004 0.011 0.024
73 P 0.057 0.026 0.023 0.031 0.01 0.021 0.036 0.036 0.013 0.026 0.036 0.041 0.01 0.013 0.494 0.044 0.036 0.003 0.013 0.031
74 G 0.078 0.023 0.039 0.034 0.011 0.019 0.026 0.51 0.014 0.019 0.028 0.034 0.009 0.016 0.019 0.051 0.03 0.005 0.011 0.024
75 Y 0.04 0.028 0.022 0.019 0.009 0.022 0.028 0.025 0.047 0.044 0.068 0.031 0.019 0.131 0.016 0.031 0.028 0.028 0.318 0.047
76 R 0.045 0.345 0.039 0.031 0.008 0.048 0.052 0.033 0.023 0.023 0.047 0.12 0.016 0.017 0.019 0.045 0.035 0.006 0.017 0.031
77 L 0.045 0.024 0.014 0.015 0.016 0.016 0.02 0.021 0.01 0.115 0.375 0.025 0.05 0.055 0.014 0.024 0.033 0.007 0.022 0.096
78 L 0.045 0.024 0.014 0.015 0.016 0.016 0.02 0.021 0.01 0.115 0.375 0.025 0.05 0.055 0.014 0.024 0.033 0.007 0.022 0.096
79 N 0.043 0.045 0.317 0.083 0.009 0.034 0.049 0.065 0.032 0.022 0.032 0.054 0.011 0.018 0.02 0.07 0.049 0.004 0.016 0.027
80 R 0.045 0.345 0.039 0.031 0.008 0.048 0.052 0.033 0.023 0.023 0.047 0.12 0.016 0.017 0.019 0.045 0.035 0.006 0.017 0.031
81 L 0.045 0.024 0.014 0.015 0.016 0.016 0.02 0.021 0.01 0.115 0.375 0.025 0.05 0.055 0.014 0.024 0.033 0.007 0.022 0.096
82 Y 0.04 0.028 0.022 0.019 0.009 0.022 0.028 0.025 0.047 0.044 0.068 0.031 0.019 0.131 0.016 0.031 0.028 0.028 0.318 0.047
83 Y 0.04 0.028 0.022 0.019 0.009 0.022 0.028 0.025 0.047 0.044 0.068 0.031 0.019 0.131 0.016 0.031 0.028 0.028 0.318 0.047
84 N 0.043 0.045 0.317 0.083 0.009 0.034 0.049 0.065 0.032 0.022 0.032 0.054 0.011 0.018 0.02 0.07 0.049 0.004 0.016 0.027
85 L 0.045 0.024 0.014 0.015 0.016 0.016 0.02 0.021 0.01 0.115 0.375 0.025 0.05 0.055 0.014 0.024 0.033 0.007 0.022 0.096
86 I 0.047 0.018 0.015 0.018 0.016 0.013 0.018 0.021 0.009 0.271 0.168 0.024 0.037 0.044 0.015 0.025 0.04 0.006 0.021 0.177
87 E 0.055 0.05 0.04 0.09 0.007 0.064 0.296 0.035 0.026 0.022 0.037 0.076 0.013 0.017 0.026 0.055 0.037 0.006 0.017 0.031
88 A 0.29 0.031 0.026 0.03 0.022 0.026 0.04 0.078 0.015 0.043 0.059 0.045 0.018 0.022 0.03 0.085 0.05 0.005 0.018 0.069
89 P 0.057 0.026 0.023 0.031 0.01 0.021 0.036 0.036 0.013 0.026 0.036 0.041 0.01 0.013 0.494 0.044 0.036 0.003 0.013 0.031
90 T 0.073 0.036 0.043 0.038 0.018 0.028 0.039 0.043 0.014 0.053 0.065 0.045 0.02 0.024 0.028 0.093 0.246 0.006 0.018 0.071
91 D 0.041 0.03 0.069 0.397 0.008 0.03 0.091 0.047 0.019 0.022 0.028 0.045 0.009 0.015 0.022 0.052 0.035 0.004 0.011 0.024
92 V 0.07 0.022 0.016 0.018 0.019 0.016 0.023 0.025 0.008 0.165 0.13 0.026 0.032 0.036 0.016 0.033 0.049 0.006 0.021 0.269
93 L 0.045 0.024 0.014 0.015 0.016 0.016 0.02 0.021 0.01 0.115 0.375 0.025 0.05 0.055 0.014 0.024 0.033 0.007 0.022 0.096
94 L 0.094 0.074 0.028 0.026 0.014 0.023 0.032 0.109 0.015 0.057 0.153 0.045 0.025 0.084 0.019 0.07 0.04 0.007 0.027 0.057
95 G 0.078 0.023 0.039 0.034 0.011 0.019 0.025 0.513 0.013 0.019 0.028 0.034 0.009 0.016 0.019 0.051 0.03 0.005 0.011 0.024
96 K 0.057 0.107 0.041 0.041 0.009 0.053 0.071 0.043 0.021 0.028 0.043 0.28 0.015 0.015 0.028 0.053 0.04 0.005 0.017 0.033
97 G 0.067 0.09 0.038 0.038 0.011 0.035 0.061 0.163 0.017 0.058 0.053 0.115 0.016 0.02 0.022 0.083 0.043 0.005 0.016 0.048
98 G 0.07 0.041 0.045 0.095 0.01 0.035 0.098 0.227 0.018 0.022 0.033 0.079 0.012 0.016 0.023 0.088 0.041 0.005 0.014 0.029
99 D 0.04 0.029 0.067 0.418 0.007 0.029 0.088 0.045 0.018 0.022 0.027 0.043 0.009 0.014 0.022 0.05 0.034 0.004 0.011 0.023
100 P 0.056 0.03 0.024 0.03 0.011 0.047 0.041 0.034 0.014 0.042 0.048 0.044 0.014 0.015 0.388 0.043 0.037 0.003 0.014 0.063
101 G 0.076 0.022 0.038 0.033 0.01 0.018 0.025 0.527 0.013 0.018 0.027 0.033 0.009 0.016 0.018 0.05 0.029 0.005 0.01 0.023
102 Y 0.039 0.029 0.025 0.02 0.009 0.023 0.03 0.026 0.087 0.04 0.063 0.032 0.018 0.114 0.015 0.031 0.027 0.025 0.305 0.042
103 V 0.085 0.056 0.025 0.026 0.014 0.074 0.044 0.034 0.016 0.104 0.112 0.048 0.026 0.075 0.018 0.042 0.04 0.007 0.028 0.126
104 L 0.043 0.023 0.018 0.018 0.014 0.016 0.022 0.025 0.012 0.086 0.262 0.025 0.036 0.138 0.014 0.032 0.06 0.041 0.04 0.076
105 L 0.043 0.023 0.014 0.015 0.016 0.015 0.019 0.02 0.01 0.135 0.367 0.024 0.046 0.052 0.014 0.024 0.033 0.007 0.021 0.103
106 N 0.075 0.042 0.301 0.074 0.01 0.032 0.047 0.065 0.028 0.024 0.034 0.051 0.012 0.018 0.021 0.069 0.048 0.004 0.015 0.031
107 W 0.034 0.087 0.02 0.018 0.008 0.021 0.027 0.029 0.02 0.034 0.059 0.04 0.016 0.103 0.011 0.027 0.025 0.293 0.094 0.034
108 L 0.045 0.022 0.015 0.016 0.016 0.016 0.02 0.021 0.01 0.179 0.283 0.025 0.061 0.048 0.014 0.025 0.035 0.007 0.021 0.122
109 L 0.125 0.029 0.024 0.025 0.017 0.024 0.031 0.043 0.014 0.107 0.127 0.036 0.085 0.035 0.02 0.071 0.047 0.006 0.02 0.113
110 A 0.162 0.03 0.028 0.026 0.014 0.024 0.035 0.08 0.071 0.038 0.056 0.038 0.017 0.061 0.022 0.055 0.036 0.014 0.143 0.05
111 N 0.046 0.095 0.118 0.095 0.009 0.063 0.062 0.044 0.068 0.04 0.045 0.108 0.015 0.019 0.021 0.052 0.038 0.005 0.021 0.037
112 W 0.038 0.029 0.096 0.032 0.011 0.021 0.028 0.035 0.018 0.056 0.15 0.032 0.044 0.045 0.013 0.035 0.033 0.195 0.037 0.052
113 D 0.048 0.033 0.058 0.299 0.008 0.053 0.078 0.135 0.018 0.022 0.029 0.047 0.01 0.015 0.021 0.051 0.034 0.004 0.012 0.025
114 W 0.031 0.043 0.016 0.016 0.008 0.016 0.023 0.029 0.015 0.033 0.058 0.027 0.016 0.1 0.008 0.024 0.023 0.416 0.065 0.032
115 G 0.065 0.037 0.044 0.107 0.009 0.038 0.047 0.345 0.016 0.02 0.03 0.072 0.01 0.015 0.02 0.05 0.032 0.005 0.012 0.025
116 E 0.055 0.05 0.04 0.09 0.007 0.064 0.296 0.035 0.026 0.022 0.037 0.076 0.013 0.017 0.026 0.055 0.037 0.006 0.017 0.031
117 I 0.053 0.023 0.017 0.018 0.016 0.019 0.022 0.024 0.011 0.187 0.164 0.028 0.092 0.042 0.015 0.03 0.041 0.006 0.021 0.171
118 Y 0.05 0.028 0.028 0.03 0.009 0.026 0.063 0.151 0.035 0.034 0.053 0.036 0.015 0.085 0.017 0.038 0.029 0.019 0.218 0.038
119 G 0.06 0.023 0.03 0.027 0.012 0.017 0.024 0.277 0.013 0.045 0.099 0.029 0.019 0.119 0.017 0.045 0.059 0.008 0.032 0.045
120 V 0.068 0.023 0.019 0.02 0.018 0.017 0.024 0.026 0.009 0.146 0.118 0.028 0.029 0.033 0.017 0.039 0.076 0.005 0.02 0.265
121 N 0.045 0.043 0.322 0.078 0.009 0.033 0.048 0.063 0.03 0.022 0.031 0.052 0.011 0.018 0.02 0.079 0.05 0.004 0.015 0.027
122 L 0.047 0.023 0.018 0.018 0.015 0.016 0.022 0.025 0.012 0.097 0.249 0.025 0.036 0.136 0.015 0.033 0.062 0.009 0.037 0.105
123 V 0.059 0.02 0.015 0.017 0.017 0.015 0.02 0.022 0.008 0.21 0.14 0.024 0.032 0.038 0.015 0.029 0.044 0.005 0.02 0.248
124 C 0.06 0.017 0.016 0.016 0.44 0.013 0.017 0.03 0.012 0.043 0.063 0.021 0.016 0.033 0.016 0.038 0.034 0.007 0.053 0.054
125 G 0.195 0.026 0.031 0.031 0.016 0.021 0.032 0.301 0.014 0.03 0.042 0.038 0.013 0.018 0.023 0.066 0.038 0.005 0.014 0.045
126 I 0.118 0.024 0.02 0.022 0.018 0.018 0.026 0.037 0.011 0.162 0.148 0.031 0.03 0.035 0.02 0.048 0.07 0.006 0.019 0.138
127 I 0.044 0.018 0.015 0.017 0.014 0.012 0.018 0.022 0.011 0.205 0.141 0.022 0.031 0.156 0.013 0.025 0.035 0.009 0.04 0.149
128 F 0.033 0.018 0.016 0.016 0.01 0.01 0.018 0.025 0.016 0.061 0.11 0.018 0.025 0.408 0.01 0.025 0.025 0.016 0.086 0.053
129 L 0.056 0.026 0.02 0.02 0.017 0.021 0.025 0.026 0.012 0.133 0.18 0.031 0.091 0.041 0.017 0.038 0.069 0.007 0.021 0.148
130 T 0.064 0.029 0.03 0.028 0.016 0.022 0.031 0.035 0.016 0.099 0.123 0.036 0.026 0.043 0.021 0.078 0.13 0.008 0.059 0.106
131 G 0.076 0.022 0.038 0.033 0.01 0.018 0.025 0.527 0.013 0.018 0.027 0.033 0.009 0.016 0.018 0.05 0.029 0.005 0.01 0.023
132 L 0.043 0.023 0.014 0.015 0.016 0.016 0.02 0.021 0.01 0.111 0.397 0.024 0.048 0.053 0.014 0.023 0.032 0.007 0.022 0.093
133 I 0.047 0.019 0.014 0.017 0.016 0.014 0.018 0.021 0.009 0.229 0.198 0.023 0.037 0.066 0.014 0.025 0.038 0.007 0.024 0.164
134 V 0.082 0.06 0.069 0.036 0.015 0.028 0.04 0.042 0.016 0.08 0.076 0.076 0.021 0.025 0.022 0.077 0.078 0.005 0.018 0.137
135 F 0.037 0.019 0.017 0.016 0.071 0.012 0.019 0.025 0.019 0.057 0.099 0.02 0.023 0.324 0.012 0.027 0.026 0.016 0.108 0.052
136 C 0.103 0.024 0.026 0.025 0.259 0.019 0.028 0.044 0.012 0.048 0.098 0.031 0.02 0.024 0.02 0.094 0.048 0.005 0.015 0.058
137 R 0.051 0.326 0.039 0.032 0.009 0.045 0.051 0.036 0.022 0.023 0.044 0.108 0.015 0.017 0.02 0.068 0.039 0.006 0.017 0.031
138 Q 0.053 0.098 0.039 0.037 0.009 0.113 0.065 0.098 0.067 0.033 0.06 0.099 0.038 0.021 0.021 0.048 0.036 0.006 0.023 0.037
139 Q 0.051 0.056 0.035 0.043 0.01 0.162 0.107 0.034 0.023 0.047 0.132 0.07 0.026 0.024 0.021 0.046 0.037 0.006 0.02 0.048
140 P 0.055 0.028 0.033 0.079 0.011 0.023 0.041 0.037 0.017 0.033 0.045 0.04 0.013 0.03 0.267 0.054 0.093 0.007 0.054 0.041
141 A 0.126 0.117 0.106 0.04 0.012 0.031 0.042 0.052 0.024 0.031 0.048 0.061 0.015 0.035 0.021 0.058 0.04 0.039 0.06 0.042
142 P 0.094 0.027 0.027 0.032 0.012 0.022 0.037 0.044 0.013 0.028 0.038 0.042 0.011 0.014 0.39 0.073 0.042 0.003 0.014 0.036
143 W 0.029 0.022 0.015 0.015 0.007 0.015 0.022 0.029 0.015 0.029 0.051 0.022 0.015 0.059 0.007 0.022 0.022 0.51 0.066 0.029
144 L 0.047 0.023 0.015 0.016 0.016 0.017 0.021 0.022 0.01 0.139 0.308 0.026 0.062 0.049 0.014 0.026 0.036 0.007 0.021 0.127
145 G 0.134 0.024 0.032 0.03 0.014 0.02 0.028 0.351 0.013 0.042 0.047 0.034 0.014 0.019 0.021 0.055 0.036 0.005 0.013 0.068
146 F 0.039 0.021 0.016 0.016 0.013 0.014 0.02 0.023 0.014 0.108 0.198 0.023 0.052 0.228 0.012 0.026 0.03 0.012 0.054 0.082
147 A 0.253 0.031 0.029 0.031 0.02 0.025 0.039 0.067 0.014 0.044 0.059 0.043 0.017 0.021 0.028 0.084 0.104 0.005 0.017 0.067
148 V 0.068 0.021 0.016 0.017 0.019 0.016 0.023 0.024 0.008 0.159 0.126 0.025 0.031 0.034 0.016 0.032 0.048 0.005 0.02 0.294
149 A 0.314 0.03 0.025 0.029 0.021 0.025 0.039 0.076 0.014 0.042 0.057 0.043 0.017 0.021 0.029 0.082 0.048 0.005 0.017 0.066
150 V 0.06 0.02 0.016 0.017 0.017 0.015 0.021 0.023 0.009 0.164 0.128 0.024 0.03 0.082 0.015 0.03 0.044 0.007 0.028 0.248
151 P 0.055 0.025 0.023 0.03 0.01 0.02 0.035 0.035 0.012 0.025 0.035 0.04 0.01 0.012 0.511 0.042 0.035 0.003 0.012 0.03
152 Y 0.039 0.027 0.021 0.018 0.009 0.021 0.027 0.024 0.045 0.042 0.066 0.03 0.018 0.126 0.015 0.03 0.027 0.027 0.341 0.045
153 L 0.046 0.025 0.017 0.017 0.016 0.017 0.022 0.023 0.01 0.104 0.355 0.027 0.044 0.049 0.015 0.032 0.062 0.007 0.021 0.09
154 I 0.053 0.019 0.015 0.017 0.017 0.014 0.019 0.021 0.008 0.221 0.178 0.024 0.035 0.041 0.015 0.027 0.041 0.006 0.02 0.207
155 I 0.059 0.023 0.022 0.022 0.017 0.017 0.024 0.027 0.01 0.192 0.126 0.029 0.03 0.035 0.018 0.043 0.1 0.006 0.019 0.184
156 V 0.068 0.021 0.016 0.017 0.019 0.016 0.023 0.024 0.008 0.159 0.126 0.025 0.031 0.034 0.016 0.032 0.048 0.005 0.02 0.294
157 V 0.06 0.024 0.017 0.017 0.017 0.019 0.023 0.024 0.01 0.138 0.176 0.028 0.072 0.04 0.016 0.032 0.044 0.006 0.021 0.217
158 A 0.206 0.032 0.037 0.036 0.018 0.027 0.042 0.128 0.016 0.034 0.047 0.045 0.015 0.02 0.027 0.14 0.057 0.005 0.016 0.051
159 L 0.05 0.031 0.019 0.019 0.016 0.027 0.027 0.027 0.016 0.097 0.19 0.035 0.189 0.047 0.016 0.035 0.039 0.008 0.023 0.089
160 G 0.076 0.022 0.038 0.033 0.01 0.018 0.025 0.527 0.013 0.018 0.027 0.033 0.009 0.016 0.018 0.05 0.029 0.005 0.01 0.023
161 Y 0.039 0.027 0.021 0.018 0.009 0.021 0.027 0.024 0.045 0.042 0.066 0.03 0.018 0.126 0.015 0.03 0.027 0.027 0.341 0.045
162 T 0.079 0.035 0.045 0.039 0.017 0.028 0.041 0.047 0.015 0.046 0.057 0.046 0.018 0.022 0.027 0.129 0.224 0.006 0.017 0.062
163 R 0.043 0.367 0.037 0.03 0.008 0.047 0.051 0.032 0.023 0.023 0.045 0.116 0.015 0.017 0.019 0.043 0.034 0.006 0.017 0.03
164 Q 0.054 0.071 0.043 0.046 0.009 0.241 0.099 0.04 0.028 0.026 0.046 0.088 0.02 0.014 0.023 0.054 0.04 0.006 0.02 0.034
165 G 0.139 0.026 0.036 0.033 0.014 0.022 0.032 0.356 0.014 0.025 0.036 0.038 0.012 0.018 0.022 0.082 0.04 0.005 0.013 0.036
166 V 0.065 0.021 0.016 0.017 0.018 0.016 0.022 0.023 0.008 0.176 0.13 0.025 0.031 0.036 0.016 0.031 0.047 0.005 0.02 0.278
167 A 0.314 0.03 0.025 0.029 0.021 0.025 0.039 0.076 0.014 0.042 0.057 0.043 0.017 0.021 0.029 0.082 0.048 0.005 0.017 0.066
168 L 0.044 0.022 0.014 0.015 0.016 0.015 0.019 0.02 0.009 0.158 0.338 0.024 0.045 0.05 0.014 0.024 0.034 0.007 0.021 0.112
169 G 0.076 0.022 0.038 0.033 0.01 0.018 0.025 0.527 0.013 0.018 0.027 0.033 0.009 0.016 0.018 0.05 0.029 0.005 0.01 0.023
170 L 0.039 0.022 0.015 0.015 0.014 0.014 0.019 0.022 0.012 0.093 0.289 0.022 0.039 0.186 0.012 0.024 0.029 0.01 0.046 0.078
171 F 0.046 0.019 0.015 0.017 0.014 0.013 0.019 0.023 0.011 0.151 0.163 0.022 0.032 0.179 0.013 0.026 0.035 0.01 0.045 0.148
172 F 0.039 0.022 0.017 0.017 0.013 0.015 0.021 0.024 0.015 0.08 0.184 0.024 0.07 0.251 0.012 0.027 0.03 0.012 0.058 0.07
173 W 0.035 0.022 0.014 0.015 0.011 0.015 0.021 0.025 0.013 0.067 0.206 0.023 0.03 0.078 0.01 0.023 0.027 0.259 0.048 0.059
174 G 0.225 0.027 0.03 0.03 0.017 0.022 0.034 0.245 0.014 0.033 0.046 0.039 0.014 0.019 0.025 0.07 0.041 0.005 0.014 0.05
175 L 0.046 0.022 0.014 0.015 0.016 0.015 0.02 0.021 0.009 0.14 0.333 0.024 0.044 0.049 0.014 0.025 0.035 0.007 0.021 0.128
176 A 0.185 0.029 0.064 0.033 0.018 0.023 0.035 0.056 0.015 0.087 0.076 0.039 0.02 0.025 0.024 0.068 0.075 0.005 0.017 0.103
177 Y 0.079 0.028 0.03 0.072 0.011 0.022 0.038 0.039 0.027 0.035 0.053 0.034 0.016 0.069 0.017 0.064 0.036 0.139 0.15 0.041
178 L 0.044 0.024 0.014 0.016 0.016 0.017 0.02 0.021 0.01 0.133 0.342 0.026 0.064 0.051 0.014 0.025 0.034 0.007 0.022 0.102
179 E 0.051 0.092 0.042 0.115 0.007 0.055 0.226 0.036 0.023 0.022 0.036 0.103 0.013 0.016 0.024 0.051 0.036 0.005 0.016 0.03
180 R 0.049 0.224 0.039 0.042 0.008 0.074 0.095 0.036 0.023 0.024 0.043 0.154 0.015 0.016 0.022 0.048 0.036 0.005 0.017 0.031
181 G 0.063 0.111 0.075 0.038 0.009 0.027 0.034 0.345 0.018 0.02 0.032 0.056 0.011 0.016 0.019 0.05 0.032 0.005 0.013 0.025
182 K 0.052 0.066 0.079 0.043 0.009 0.064 0.059 0.103 0.09 0.025 0.04 0.145 0.014 0.025 0.022 0.05 0.035 0.007 0.044 0.029
183 F 0.037 0.021 0.016 0.016 0.012 0.014 0.02 0.024 0.015 0.078 0.192 0.022 0.051 0.274 0.012 0.026 0.028 0.013 0.062 0.068
184 L 0.043 0.044 0.062 0.03 0.011 0.026 0.035 0.033 0.016 0.086 0.154 0.096 0.026 0.083 0.017 0.036 0.034 0.07 0.033 0.066
185 R 0.058 0.115 0.037 0.032 0.011 0.03 0.04 0.1 0.062 0.027 0.043 0.058 0.014 0.024 0.081 0.072 0.066 0.068 0.026 0.034
186 F 0.036 0.023 0.019 0.017 0.01 0.016 0.023 0.024 0.031 0.052 0.088 0.024 0.021 0.267 0.013 0.027 0.026 0.022 0.213 0.049
187 L 0.042 0.021 0.014 0.016 0.015 0.014 0.019 0.021 0.01 0.163 0.288 0.023 0.041 0.094 0.013 0.024 0.033 0.008 0.029 0.112
188 F 0.074 0.021 0.017 0.018 0.014 0.014 0.021 0.03 0.013 0.104 0.165 0.024 0.03 0.224 0.014 0.032 0.032 0.011 0.053 0.092
189 F 0.034 0.021 0.016 0.016 0.01 0.013 0.02 0.025 0.019 0.061 0.133 0.021 0.025 0.284 0.011 0.025 0.025 0.078 0.107 0.054
190 I 0.055 0.019 0.015 0.017 0.017 0.014 0.019 0.022 0.008 0.236 0.146 0.024 0.033 0.039 0.015 0.027 0.043 0.006 0.02 0.224
191 L 0.12 0.023 0.02 0.022 0.016 0.017 0.025 0.099 0.012 0.111 0.133 0.029 0.026 0.079 0.018 0.044 0.039 0.007 0.026 0.133
192 L 0.051 0.021 0.015 0.016 0.016 0.015 0.02 0.022 0.01 0.146 0.23 0.024 0.037 0.089 0.014 0.027 0.038 0.007 0.029 0.173
193 A 0.284 0.029 0.026 0.029 0.02 0.024 0.037 0.132 0.014 0.039 0.054 0.042 0.016 0.02 0.027 0.078 0.046 0.005 0.016 0.061
194 A 0.222 0.03 0.028 0.029 0.02 0.024 0.037 0.061 0.013 0.059 0.067 0.041 0.019 0.023 0.027 0.078 0.104 0.005 0.017 0.095
195 L 0.05 0.026 0.022 0.021 0.015 0.019 0.025 0.027 0.012 0.088 0.252 0.03 0.055 0.089 0.017 0.042 0.092 0.008 0.029 0.081
196 F 0.033 0.018 0.016 0.016 0.01 0.01 0.018 0.025 0.016 0.061 0.11 0.018 0.025 0.408 0.01 0.025 0.025 0.016 0.086 0.053
197 H 0.041 0.044 0.052 0.037 0.007 0.037 0.052 0.037 0.377 0.022 0.037 0.044 0.015 0.029 0.018 0.041 0.026 0.007 0.055 0.022
198 K 0.055 0.103 0.04 0.04 0.008 0.052 0.068 0.042 0.02 0.027 0.042 0.303 0.015 0.015 0.027 0.052 0.038 0.005 0.017 0.032
199 S 0.093 0.037 0.048 0.043 0.017 0.03 0.046 0.056 0.017 0.037 0.049 0.049 0.017 0.021 0.028 0.188 0.152 0.005 0.017 0.051
200 A 0.314 0.03 0.025 0.029 0.021 0.025 0.039 0.076 0.014 0.042 0.057 0.043 0.017 0.021 0.029 0.082 0.048 0.005 0.017 0.066
201 V 0.057 0.022 0.016 0.017 0.017 0.017 0.021 0.023 0.009 0.179 0.177 0.026 0.054 0.04 0.015 0.029 0.042 0.006 0.021 0.212
202 L 0.047 0.022 0.014 0.016 0.016 0.015 0.019 0.021 0.009 0.163 0.304 0.024 0.043 0.048 0.014 0.025 0.036 0.006 0.021 0.137
203 L 0.048 0.028 0.017 0.018 0.016 0.023 0.024 0.025 0.013 0.102 0.268 0.031 0.136 0.049 0.015 0.031 0.036 0.007 0.023 0.091
204 V 0.054 0.021 0.015 0.017 0.017 0.016 0.021 0.022 0.009 0.197 0.181 0.025 0.054 0.041 0.015 0.028 0.041 0.006 0.021 0.197
205 P 0.122 0.026 0.025 0.03 0.013 0.021 0.035 0.107 0.013 0.028 0.04 0.04 0.012 0.015 0.329 0.053 0.038 0.004 0.013 0.038
206 L 0.042 0.023 0.014 0.015 0.015 0.015 0.019 0.021 0.011 0.105 0.361 0.024 0.045 0.097 0.013 0.024 0.031 0.008 0.03 0.088
207 G 0.076 0.022 0.038 0.033 0.01 0.018 0.025 0.527 0.013 0.018 0.027 0.033 0.009 0.016 0.018 0.05 0.029 0.005 0.01 0.023
208 I 0.049 0.019 0.015 0.017 0.016 0.014 0.019 0.022 0.009 0.209 0.176 0.023 0.034 0.088 0.014 0.026 0.038 0.007 0.028 0.177
209 F 0.033 0.019 0.016 0.016 0.011 0.011 0.018 0.024 0.016 0.064 0.128 0.019 0.026 0.385 0.01 0.024 0.025 0.016 0.082 0.056
210 L 0.058 0.031 0.024 0.025 0.015 0.046 0.034 0.03 0.013 0.127 0.21 0.037 0.034 0.038 0.018 0.06 0.057 0.006 0.02 0.117
211 T 0.055 0.04 0.076 0.039 0.012 0.054 0.047 0.041 0.071 0.037 0.053 0.048 0.017 0.048 0.021 0.071 0.111 0.011 0.103 0.046
212 H 0.049 0.06 0.049 0.043 0.008 0.127 0.078 0.04 0.193 0.025 0.043 0.068 0.018 0.023 0.021 0.049 0.034 0.007 0.039 0.029
213 G 0.056 0.162 0.036 0.031 0.009 0.033 0.04 0.218 0.021 0.024 0.041 0.097 0.013 0.03 0.019 0.045 0.032 0.008 0.055 0.03
214 G 0.062 0.085 0.039 0.037 0.009 0.063 0.055 0.223 0.019 0.023 0.037 0.163 0.013 0.015 0.023 0.051 0.035 0.005 0.015 0.029
215 G 0.065 0.031 0.152 0.051 0.01 0.024 0.035 0.324 0.02 0.02 0.029 0.041 0.01 0.017 0.019 0.069 0.039 0.005 0.013 0.026
216 W 0.037 0.043 0.021 0.021 0.009 0.024 0.033 0.031 0.015 0.039 0.092 0.092 0.019 0.047 0.013 0.03 0.027 0.321 0.048 0.038
217 L 0.047 0.034 0.021 0.021 0.014 0.021 0.028 0.026 0.012 0.087 0.275 0.061 0.037 0.089 0.017 0.035 0.062 0.008 0.028 0.077
218 L 0.039 0.023 0.016 0.016 0.012 0.016 0.021 0.023 0.02 0.101 0.206 0.025 0.032 0.115 0.013 0.025 0.029 0.076 0.115 0.078
219 R 0.047 0.283 0.038 0.033 0.008 0.06 0.058 0.035 0.022 0.024 0.044 0.161 0.015 0.016 0.021 0.046 0.035 0.005 0.017 0.031
220 L 0.089 0.023 0.021 0.021 0.016 0.018 0.024 0.124 0.011 0.138 0.15 0.029 0.048 0.035 0.017 0.039 0.039 0.006 0.018 0.133
221 L 0.081 0.021 0.016 0.018 0.016 0.015 0.022 0.029 0.011 0.148 0.156 0.025 0.031 0.13 0.015 0.033 0.038 0.008 0.036 0.149
222 A 0.209 0.03 0.027 0.029 0.019 0.025 0.037 0.06 0.014 0.062 0.081 0.041 0.04 0.026 0.025 0.091 0.065 0.006 0.018 0.095
223 V 0.062 0.021 0.015 0.017 0.018 0.016 0.021 0.023 0.008 0.17 0.164 0.025 0.033 0.038 0.015 0.03 0.045 0.006 0.02 0.253
224 G 0.138 0.024 0.023 0.024 0.016 0.019 0.027 0.164 0.012 0.092 0.152 0.032 0.026 0.031 0.02 0.049 0.038 0.006 0.017 0.09
225 L 0.08 0.027 0.027 0.028 0.016 0.021 0.031 0.038 0.012 0.118 0.162 0.035 0.028 0.033 0.081 0.09 0.062 0.005 0.018 0.088
226 V 0.136 0.022 0.018 0.021 0.018 0.018 0.026 0.039 0.01 0.174 0.118 0.03 0.028 0.033 0.019 0.045 0.044 0.005 0.019 0.177
227 G 0.16 0.025 0.027 0.027 0.016 0.02 0.029 0.231 0.012 0.056 0.097 0.035 0.02 0.025 0.021 0.056 0.039 0.005 0.015 0.082
228 Y 0.107 0.027 0.021 0.021 0.012 0.021 0.029 0.037 0.034 0.044 0.07 0.032 0.019 0.135 0.018 0.042 0.032 0.02 0.228 0.051
229 G 0.075 0.022 0.035 0.031 0.011 0.018 0.024 0.464 0.012 0.036 0.04 0.032 0.012 0.018 0.018 0.047 0.031 0.005 0.012 0.057
230 L 0.08 0.023 0.015 0.017 0.017 0.016 0.022 0.028 0.01 0.132 0.291 0.027 0.04 0.045 0.016 0.032 0.037 0.006 0.021 0.124
231 W 0.029 0.022 0.015 0.015 0.007 0.015 0.022 0.029 0.015 0.029 0.051 0.022 0.015 0.059 0.007 0.022 0.022 0.51 0.066 0.029
232 D 0.056 0.029 0.071 0.229 0.01 0.026 0.062 0.107 0.018 0.028 0.04 0.041 0.012 0.065 0.021 0.085 0.042 0.006 0.022 0.031
233 L 0.119 0.027 0.021 0.022 0.017 0.02 0.028 0.04 0.012 0.084 0.267 0.033 0.036 0.041 0.019 0.066 0.042 0.006 0.02 0.08
234 L 0.043 0.022 0.018 0.018 0.014 0.015 0.021 0.025 0.013 0.108 0.218 0.024 0.034 0.181 0.014 0.032 0.06 0.01 0.045 0.085
235 L 0.052 0.023 0.015 0.016 0.017 0.016 0.021 0.022 0.009 0.129 0.295 0.025 0.041 0.046 0.015 0.027 0.038 0.006 0.021 0.168
236 A 0.179 0.035 0.04 0.093 0.016 0.034 0.101 0.061 0.018 0.032 0.045 0.051 0.015 0.019 0.027 0.114 0.052 0.005 0.016 0.048
237 E 0.05 0.056 0.047 0.154 0.008 0.097 0.176 0.039 0.023 0.023 0.037 0.098 0.014 0.015 0.024 0.053 0.037 0.005 0.016 0.03
238 G 0.099 0.04 0.04 0.043 0.012 0.059 0.083 0.108 0.067 0.029 0.044 0.052 0.015 0.033 0.023 0.1 0.045 0.008 0.062 0.038
239 Q 0.085 0.047 0.031 0.033 0.012 0.13 0.063 0.038 0.024 0.08 0.074 0.059 0.023 0.035 0.021 0.048 0.04 0.008 0.06 0.089
240 D 0.048 0.036 0.055 0.267 0.008 0.039 0.155 0.041 0.02 0.025 0.034 0.053 0.011 0.016 0.023 0.056 0.064 0.004 0.013 0.031
241 D 0.088 0.084 0.043 0.106 0.012 0.034 0.055 0.045 0.084 0.043 0.051 0.084 0.016 0.022 0.022 0.074 0.042 0.005 0.023 0.066
242 L 0.044 0.024 0.014 0.016 0.016 0.017 0.02 0.021 0.01 0.133 0.342 0.026 0.064 0.051 0.014 0.025 0.034 0.007 0.022 0.102
243 W 0.033 0.021 0.015 0.015 0.009 0.014 0.021 0.027 0.013 0.096 0.079 0.022 0.02 0.055 0.009 0.022 0.026 0.384 0.054 0.065
244 K 0.096 0.08 0.037 0.036 0.013 0.062 0.056 0.046 0.018 0.048 0.057 0.133 0.018 0.02 0.025 0.082 0.075 0.005 0.018 0.075
245 N 0.08 0.038 0.221 0.062 0.012 0.03 0.059 0.055 0.024 0.047 0.069 0.047 0.016 0.022 0.02 0.061 0.046 0.005 0.016 0.069
246 Y 0.04 0.028 0.022 0.019 0.009 0.022 0.028 0.025 0.047 0.044 0.068 0.031 0.019 0.131 0.016 0.031 0.028 0.028 0.318 0.047
247 Y 0.039 0.027 0.021 0.018 0.009 0.021 0.027 0.024 0.045 0.042 0.066 0.03 0.018 0.126 0.015 0.03 0.027 0.027 0.341 0.045
248 V 0.065 0.021 0.016 0.017 0.018 0.016 0.022 0.023 0.008 0.153 0.16 0.025 0.033 0.037 0.016 0.031 0.046 0.006 0.02 0.269
249 V 0.07 0.022 0.016 0.018 0.019 0.016 0.023 0.025 0.008 0.165 0.13 0.026 0.032 0.036 0.016 0.033 0.049 0.006 0.021 0.269
250 D 0.049 0.037 0.053 0.246 0.008 0.041 0.169 0.04 0.02 0.025 0.035 0.054 0.012 0.016 0.024 0.056 0.064 0.004 0.014 0.032
251 N 0.043 0.045 0.317 0.083 0.009 0.034 0.049 0.065 0.032 0.022 0.032 0.054 0.011 0.018 0.02 0.07 0.049 0.004 0.016 0.027
252 A 0.186 0.045 0.033 0.041 0.016 0.072 0.087 0.057 0.019 0.036 0.052 0.072 0.017 0.019 0.027 0.072 0.072 0.005 0.017 0.054
253 Q 0.054 0.067 0.042 0.056 0.008 0.185 0.153 0.038 0.027 0.025 0.043 0.098 0.018 0.015 0.024 0.054 0.039 0.006 0.019 0.033
254 L 0.049 0.031 0.02 0.019 0.015 0.026 0.027 0.027 0.019 0.09 0.175 0.034 0.168 0.057 0.015 0.034 0.037 0.01 0.063 0.084
255 E 0.054 0.058 0.035 0.048 0.009 0.117 0.132 0.035 0.026 0.043 0.055 0.096 0.019 0.031 0.022 0.048 0.038 0.008 0.059 0.067
256 S 0.106 0.039 0.052 0.047 0.017 0.032 0.051 0.064 0.019 0.029 0.04 0.052 0.015 0.02 0.029 0.246 0.079 0.005 0.017 0.04
257 Q 0.065 0.058 0.048 0.092 0.01 0.162 0.086 0.047 0.025 0.026 0.042 0.074 0.017 0.016 0.024 0.102 0.049 0.005 0.018 0.034
258 G 0.076 0.022 0.038 0.033 0.01 0.018 0.025 0.527 0.013 0.018 0.027 0.033 0.009 0.016 0.018 0.05 0.029 0.005 0.01 0.023
259 A 0.314 0.03 0.025 0.029 0.021 0.025 0.039 0.076 0.014 0.042 0.057 0.043 0.017 0.021 0.029 0.082 0.048 0.005 0.017 0.066
260 K 0.046 0.114 0.028 0.027 0.01 0.034 0.042 0.031 0.021 0.052 0.117 0.13 0.042 0.087 0.019 0.038 0.034 0.01 0.067 0.051
261 I 0.054 0.019 0.015 0.017 0.017 0.014 0.019 0.021 0.008 0.244 0.149 0.024 0.034 0.04 0.015 0.027 0.042 0.006 0.02 0.217
262 R 0.043 0.367 0.037 0.03 0.008 0.047 0.051 0.032 0.023 0.023 0.045 0.116 0.015 0.017 0.019 0.043 0.034 0.006 0.017 0.03
263 V 0.065 0.022 0.019 0.02 0.018 0.017 0.024 0.026 0.009 0.163 0.123 0.027 0.03 0.034 0.017 0.038 0.075 0.005 0.02 0.25
264 L 0.146 0.025 0.019 0.021 0.017 0.018 0.027 0.042 0.012 0.082 0.182 0.03 0.03 0.105 0.019 0.047 0.039 0.008 0.032 0.101
265 L 0.05 0.03 0.019 0.019 0.016 0.026 0.026 0.026 0.015 0.099 0.216 0.034 0.171 0.047 0.015 0.033 0.038 0.008 0.023 0.09
266 N 0.041 0.043 0.34 0.08 0.009 0.033 0.048 0.063 0.03 0.022 0.03 0.052 0.011 0.017 0.02 0.067 0.048 0.004 0.015 0.026
267 L 0.051 0.025 0.019 0.019 0.016 0.018 0.023 0.026 0.011 0.101 0.352 0.028 0.044 0.049 0.016 0.051 0.038 0.007 0.021 0.086
268 L 0.085 0.022 0.016 0.018 0.017 0.016 0.023 0.029 0.01 0.137 0.188 0.026 0.033 0.085 0.016 0.034 0.04 0.007 0.028 0.17
269 P 0.087 0.026 0.023 0.03 0.011 0.021 0.035 0.04 0.013 0.027 0.038 0.04 0.011 0.014 0.45 0.047 0.037 0.003 0.013 0.035
270 G 0.201 0.029 0.034 0.033 0.017 0.024 0.037 0.214 0.015 0.032 0.045 0.041 0.014 0.019 0.025 0.103 0.048 0.005 0.015 0.048
271 L 0.049 0.022 0.015 0.016 0.016 0.016 0.02 0.022 0.01 0.165 0.261 0.025 0.059 0.046 0.014 0.027 0.038 0.006 0.021 0.15
272 L 0.047 0.022 0.015 0.016 0.015 0.014 0.02 0.022 0.011 0.111 0.257 0.023 0.038 0.137 0.013 0.026 0.034 0.009 0.037 0.133
273 L 0.042 0.023 0.014 0.015 0.015 0.015 0.019 0.021 0.011 0.105 0.361 0.024 0.045 0.097 0.013 0.024 0.031 0.008 0.03 0.088
274 L 0.042 0.022 0.014 0.015 0.015 0.015 0.019 0.021 0.01 0.128 0.332 0.023 0.043 0.096 0.013 0.024 0.032 0.008 0.029 0.098
275 L 0.049 0.032 0.018 0.019 0.075 0.019 0.025 0.025 0.011 0.092 0.241 0.058 0.035 0.086 0.015 0.03 0.034 0.007 0.028 0.101
276 Y 0.037 0.024 0.019 0.017 0.009 0.017 0.024 0.024 0.034 0.049 0.083 0.026 0.02 0.232 0.013 0.028 0.026 0.023 0.245 0.048
277 R 0.075 0.201 0.037 0.03 0.009 0.038 0.046 0.038 0.109 0.026 0.045 0.077 0.015 0.026 0.018 0.045 0.032 0.069 0.033 0.032
278 K 0.054 0.136 0.04 0.039 0.008 0.051 0.066 0.04 0.02 0.026 0.042 0.279 0.015 0.015 0.026 0.051 0.038 0.005 0.017 0.031
279 R 0.048 0.213 0.039 0.048 0.008 0.099 0.13 0.034 0.025 0.023 0.043 0.098 0.016 0.016 0.021 0.048 0.036 0.006 0.017 0.031
280 W 0.029 0.022 0.015 0.015 0.007 0.015 0.022 0.029 0.015 0.029 0.051 0.022 0.015 0.059 0.007 0.022 0.022 0.51 0.066 0.029
281 K 0.052 0.126 0.036 0.036 0.009 0.047 0.06 0.038 0.019 0.037 0.086 0.244 0.019 0.02 0.024 0.047 0.037 0.005 0.017 0.039
282 R 0.051 0.171 0.034 0.044 0.009 0.058 0.118 0.032 0.021 0.046 0.074 0.11 0.019 0.021 0.021 0.045 0.037 0.006 0.017 0.067
283 L 0.096 0.027 0.025 0.025 0.017 0.021 0.03 0.039 0.012 0.111 0.202 0.034 0.032 0.037 0.02 0.088 0.049 0.006 0.019 0.111
284 F 0.034 0.021 0.018 0.017 0.01 0.013 0.021 0.024 0.024 0.056 0.099 0.021 0.023 0.337 0.011 0.026 0.025 0.019 0.15 0.051
285 P 0.05 0.03 0.107 0.091 0.009 0.024 0.045 0.043 0.018 0.024 0.033 0.043 0.01 0.014 0.327 0.05 0.038 0.003 0.013 0.028
286 D 0.076 0.035 0.126 0.243 0.009 0.033 0.101 0.052 0.022 0.024 0.033 0.049 0.011 0.016 0.022 0.059 0.04 0.004 0.013 0.03
287 G 0.081 0.024 0.025 0.023 0.011 0.018 0.026 0.156 0.026 0.041 0.066 0.029 0.017 0.156 0.016 0.04 0.029 0.016 0.154 0.044
288 G 0.059 0.119 0.036 0.033 0.011 0.068 0.046 0.188 0.018 0.037 0.086 0.064 0.019 0.021 0.02 0.051 0.063 0.006 0.016 0.041
289 F 0.038 0.02 0.016 0.016 0.012 0.012 0.019 0.023 0.014 0.095 0.186 0.021 0.031 0.273 0.012 0.025 0.029 0.013 0.061 0.085
290 W 0.029 0.022 0.015 0.015 0.007 0.015 0.022 0.029 0.015 0.029 0.051 0.022 0.015 0.059 0.007 0.022 0.022 0.51 0.066 0.029
291 F 0.048 0.024 0.021 0.021 0.013 0.017 0.025 0.029 0.018 0.095 0.148 0.027 0.047 0.189 0.015 0.054 0.036 0.013 0.085 0.075
292 W 0.039 0.022 0.015 0.016 0.011 0.016 0.022 0.027 0.013 0.087 0.092 0.024 0.041 0.052 0.01 0.025 0.029 0.321 0.049 0.088
293 L 0.049 0.024 0.016 0.017 0.016 0.019 0.022 0.023 0.011 0.158 0.227 0.028 0.096 0.046 0.015 0.029 0.038 0.007 0.022 0.136
294 A 0.288 0.031 0.028 0.031 0.02 0.026 0.041 0.074 0.015 0.04 0.055 0.044 0.017 0.021 0.029 0.103 0.052 0.005 0.017 0.063
295 L 0.045 0.022 0.015 0.016 0.015 0.015 0.02 0.022 0.015 0.126 0.256 0.024 0.038 0.103 0.014 0.026 0.033 0.01 0.069 0.117
296 G 0.131 0.024 0.032 0.029 0.014 0.02 0.028 0.351 0.013 0.036 0.081 0.034 0.016 0.022 0.02 0.054 0.034 0.005 0.013 0.043
297 S 0.184 0.035 0.042 0.04 0.018 0.029 0.046 0.068 0.017 0.034 0.047 0.049 0.016 0.02 0.029 0.185 0.068 0.005 0.017 0.05
298 I 0.053 0.019 0.015 0.017 0.017 0.014 0.019 0.021 0.008 0.221 0.178 0.024 0.035 0.041 0.015 0.027 0.041 0.006 0.02 0.207
299 A 0.231 0.027 0.022 0.025 0.019 0.021 0.033 0.059 0.013 0.075 0.079 0.036 0.021 0.072 0.024 0.065 0.045 0.007 0.026 0.1
300 A 0.157 0.031 0.035 0.034 0.078 0.025 0.039 0.059 0.016 0.039 0.057 0.041 0.017 0.069 0.025 0.141 0.057 0.006 0.025 0.052
301 V 0.089 0.023 0.017 0.019 0.017 0.017 0.024 0.03 0.011 0.141 0.128 0.027 0.049 0.082 0.017 0.037 0.043 0.007 0.028 0.194
302 F 0.086 0.021 0.023 0.022 0.014 0.015 0.023 0.156 0.013 0.081 0.089 0.027 0.022 0.169 0.016 0.039 0.034 0.009 0.042 0.1
303 L 0.049 0.022 0.014 0.016 0.016 0.015 0.02 0.022 0.01 0.143 0.282 0.024 0.041 0.069 0.014 0.026 0.036 0.007 0.025 0.15
304 V 0.068 0.021 0.016 0.017 0.019 0.016 0.023 0.024 0.008 0.159 0.126 0.025 0.031 0.034 0.016 0.032 0.048 0.005 0.02 0.294
305 G 0.072 0.034 0.1 0.076 0.011 0.031 0.076 0.232 0.019 0.022 0.032 0.047 0.011 0.017 0.022 0.103 0.046 0.005 0.014 0.029
306 F 0.068 0.02 0.017 0.018 0.012 0.012 0.021 0.031 0.016 0.062 0.122 0.022 0.025 0.337 0.013 0.032 0.028 0.014 0.073 0.057
307 A 0.314 0.03 0.025 0.029 0.021 0.025 0.039 0.076 0.014 0.042 0.057 0.043 0.017 0.021 0.029 0.082 0.048 0.005 0.017 0.066
308 S 0.097 0.038 0.05 0.044 0.017 0.031 0.047 0.059 0.017 0.034 0.046 0.05 0.016 0.021 0.028 0.207 0.127 0.005 0.017 0.048
309 T 0.071 0.034 0.042 0.036 0.017 0.027 0.038 0.042 0.013 0.051 0.063 0.044 0.019 0.023 0.027 0.09 0.272 0.006 0.017 0.069
310 A 0.314 0.03 0.025 0.029 0.021 0.025 0.039 0.076 0.014 0.042 0.057 0.043 0.017 0.021 0.029 0.082 0.048 0.005 0.017 0.066
311 V 0.068 0.021 0.016 0.017 0.019 0.016 0.023 0.024 0.008 0.159 0.126 0.025 0.031 0.034 0.016 0.032 0.048 0.005 0.02 0.294
312 D 0.04 0.029 0.067 0.418 0.007 0.029 0.088 0.045 0.018 0.022 0.027 0.043 0.009 0.014 0.022 0.05 0.034 0.004 0.011 0.023
313 R 0.043 0.367 0.037 0.03 0.008 0.047 0.051 0.032 0.023 0.023 0.045 0.116 0.015 0.017 0.019 0.043 0.034 0.006 0.017 0.03
314 L 0.054 0.025 0.017 0.017 0.017 0.02 0.023 0.024 0.011 0.132 0.22 0.028 0.095 0.044 0.015 0.03 0.04 0.007 0.022 0.159
315 A 0.236 0.033 0.035 0.036 0.019 0.027 0.043 0.071 0.016 0.037 0.051 0.046 0.016 0.021 0.029 0.144 0.06 0.005 0.017 0.057
316 L 0.043 0.023 0.014 0.015 0.016 0.016 0.02 0.021 0.01 0.111 0.397 0.024 0.048 0.053 0.014 0.023 0.032 0.007 0.022 0.093
317 Y 0.039 0.027 0.021 0.018 0.009 0.021 0.027 0.024 0.045 0.042 0.066 0.03 0.018 0.126 0.015 0.03 0.027 0.027 0.341 0.045
318 L 0.039 0.022 0.015 0.015 0.014 0.014 0.019 0.022 0.012 0.093 0.289 0.022 0.039 0.186 0.012 0.024 0.029 0.01 0.046 0.078
319 T 0.061 0.028 0.032 0.029 0.017 0.021 0.03 0.034 0.012 0.143 0.1 0.036 0.025 0.03 0.022 0.065 0.184 0.006 0.018 0.107
320 P 0.055 0.025 0.023 0.03 0.01 0.02 0.035 0.035 0.012 0.025 0.035 0.04 0.01 0.012 0.511 0.042 0.035 0.003 0.012 0.03
