#Seq2Logo.py -f /work3/idamei/ssn-clusterings/clustering/2205110921/clusters/0007_83/sequences.afa -o /work3/idamei/ssn-clusterings/clustering/2205110921/clusters/0007_83/sequences.logo
#Position Specific Frequency Matrix
A R N D C Q E G H I L K M F P S T W Y V
0 L 0.051 0.031 0.02 0.02 0.016 0.028 0.028 0.028 0.016 0.098 0.193 0.035 0.177 0.047 0.016 0.035 0.039 0.008 0.024 0.091
1 T 0.091 0.033 0.038 0.036 0.016 0.026 0.04 0.047 0.014 0.049 0.057 0.044 0.017 0.021 0.122 0.106 0.152 0.005 0.017 0.07
2 A 0.127 0.028 0.033 0.109 0.015 0.023 0.046 0.048 0.013 0.061 0.062 0.039 0.017 0.021 0.126 0.057 0.058 0.004 0.016 0.096
3 P 0.059 0.105 0.031 0.031 0.011 0.07 0.049 0.103 0.017 0.053 0.059 0.063 0.018 0.019 0.123 0.045 0.038 0.005 0.017 0.084
4 A 0.175 0.031 0.031 0.033 0.018 0.025 0.04 0.059 0.015 0.045 0.055 0.044 0.016 0.02 0.13 0.104 0.068 0.005 0.016 0.069
5 V 0.082 0.027 0.027 0.026 0.017 0.021 0.03 0.034 0.043 0.141 0.107 0.034 0.027 0.033 0.02 0.052 0.101 0.006 0.023 0.151
6 P 0.054 0.067 0.029 0.032 0.012 0.077 0.05 0.033 0.017 0.097 0.078 0.057 0.021 0.023 0.151 0.046 0.058 0.005 0.018 0.075
7 L 0.07 0.071 0.033 0.032 0.015 0.027 0.038 0.041 0.015 0.06 0.169 0.05 0.027 0.032 0.081 0.105 0.052 0.006 0.019 0.059
8 T 0.086 0.037 0.047 0.041 0.018 0.029 0.044 0.052 0.016 0.044 0.056 0.048 0.018 0.022 0.028 0.142 0.188 0.006 0.018 0.06
9 S 0.078 0.051 0.046 0.051 0.012 0.106 0.099 0.109 0.023 0.026 0.041 0.068 0.016 0.017 0.025 0.119 0.054 0.005 0.018 0.036
10 S 0.104 0.039 0.052 0.047 0.017 0.032 0.05 0.063 0.018 0.033 0.045 0.053 0.016 0.021 0.029 0.206 0.106 0.005 0.017 0.046
11 F 0.149 0.025 0.021 0.024 0.015 0.018 0.03 0.049 0.015 0.049 0.079 0.033 0.02 0.179 0.088 0.053 0.037 0.01 0.047 0.057
12 P 0.133 0.026 0.022 0.026 0.016 0.021 0.033 0.045 0.012 0.072 0.071 0.037 0.019 0.022 0.213 0.052 0.044 0.004 0.016 0.116
13 P 0.129 0.027 0.024 0.03 0.014 0.022 0.037 0.048 0.013 0.031 0.043 0.042 0.012 0.015 0.358 0.056 0.04 0.003 0.014 0.042
14 A 0.165 0.103 0.027 0.027 0.016 0.028 0.037 0.088 0.015 0.053 0.129 0.056 0.023 0.027 0.023 0.058 0.04 0.006 0.018 0.062
15 E 0.055 0.054 0.039 0.071 0.008 0.107 0.217 0.037 0.025 0.024 0.039 0.076 0.015 0.015 0.072 0.054 0.038 0.005 0.017 0.032
16 R 0.124 0.223 0.034 0.031 0.012 0.038 0.046 0.094 0.02 0.028 0.048 0.088 0.015 0.018 0.022 0.057 0.038 0.006 0.017 0.041
17 R 0.044 0.348 0.039 0.031 0.008 0.048 0.052 0.033 0.023 0.023 0.046 0.12 0.015 0.017 0.019 0.044 0.035 0.006 0.017 0.031
18 A 0.29 0.031 0.026 0.03 0.022 0.026 0.04 0.078 0.015 0.043 0.059 0.045 0.018 0.022 0.03 0.085 0.05 0.005 0.018 0.069
19 P 0.085 0.033 0.04 0.04 0.014 0.027 0.044 0.052 0.016 0.028 0.039 0.048 0.013 0.017 0.243 0.145 0.06 0.004 0.015 0.036
20 P 0.086 0.025 0.029 0.031 0.011 0.02 0.032 0.214 0.013 0.025 0.035 0.038 0.01 0.015 0.282 0.05 0.035 0.004 0.012 0.032
21 R 0.053 0.234 0.033 0.028 0.012 0.037 0.043 0.031 0.018 0.064 0.07 0.087 0.02 0.023 0.019 0.045 0.059 0.006 0.018 0.102
22 A 0.224 0.062 0.034 0.035 0.019 0.029 0.044 0.07 0.017 0.037 0.053 0.053 0.017 0.021 0.028 0.12 0.057 0.005 0.017 0.057
23 P 0.055 0.03 0.026 0.043 0.01 0.03 0.094 0.035 0.015 0.025 0.036 0.048 0.011 0.013 0.4 0.045 0.036 0.003 0.013 0.031
24 R 0.06 0.265 0.041 0.034 0.01 0.042 0.05 0.074 0.021 0.024 0.043 0.098 0.015 0.018 0.021 0.085 0.044 0.006 0.017 0.032
25 L 0.045 0.19 0.027 0.024 0.011 0.032 0.037 0.028 0.017 0.062 0.191 0.073 0.029 0.032 0.051 0.035 0.034 0.006 0.019 0.058
26 R 0.059 0.191 0.041 0.034 0.013 0.038 0.046 0.038 0.019 0.038 0.056 0.083 0.018 0.021 0.023 0.069 0.141 0.006 0.018 0.051
27 G 0.054 0.177 0.033 0.028 0.01 0.031 0.036 0.179 0.017 0.042 0.119 0.071 0.021 0.025 0.018 0.041 0.032 0.006 0.016 0.043
28 P 0.123 0.029 0.031 0.032 0.015 0.023 0.038 0.052 0.016 0.039 0.06 0.04 0.017 0.106 0.134 0.107 0.05 0.007 0.032 0.048
29 A 0.222 0.032 0.036 0.121 0.017 0.029 0.072 0.067 0.016 0.036 0.05 0.046 0.015 0.019 0.027 0.074 0.045 0.005 0.016 0.055
30 L 0.049 0.101 0.022 0.02 0.013 0.025 0.03 0.025 0.021 0.087 0.174 0.048 0.03 0.058 0.016 0.032 0.036 0.011 0.091 0.112
31 L 0.1 0.028 0.024 0.025 0.018 0.021 0.03 0.039 0.012 0.096 0.21 0.034 0.033 0.038 0.02 0.079 0.049 0.006 0.02 0.119
32 L 0.106 0.028 0.025 0.026 0.015 0.021 0.032 0.042 0.013 0.054 0.124 0.036 0.023 0.032 0.124 0.055 0.084 0.076 0.024 0.06
33 V 0.119 0.03 0.033 0.032 0.018 0.025 0.038 0.049 0.014 0.088 0.081 0.04 0.022 0.027 0.024 0.126 0.062 0.005 0.018 0.148
34 A 0.234 0.029 0.026 0.03 0.018 0.024 0.038 0.1 0.014 0.037 0.051 0.042 0.015 0.019 0.13 0.072 0.045 0.005 0.016 0.056
35 G 0.061 0.023 0.027 0.024 0.013 0.017 0.023 0.267 0.012 0.067 0.203 0.029 0.029 0.035 0.016 0.038 0.031 0.006 0.016 0.06
36 L 0.118 0.026 0.023 0.023 0.015 0.02 0.028 0.137 0.019 0.058 0.145 0.032 0.025 0.075 0.019 0.046 0.035 0.011 0.085 0.061
37 G 0.198 0.027 0.031 0.031 0.016 0.022 0.033 0.283 0.014 0.031 0.044 0.039 0.013 0.019 0.024 0.068 0.04 0.005 0.014 0.047
38 A 0.211 0.027 0.026 0.028 0.019 0.022 0.033 0.155 0.013 0.061 0.066 0.038 0.018 0.023 0.024 0.067 0.045 0.005 0.016 0.102
39 L 0.089 0.026 0.022 0.022 0.017 0.019 0.027 0.033 0.011 0.101 0.227 0.031 0.035 0.039 0.019 0.047 0.084 0.006 0.02 0.124
40 L 0.115 0.027 0.025 0.025 0.05 0.021 0.03 0.042 0.012 0.087 0.179 0.034 0.03 0.035 0.021 0.081 0.049 0.006 0.019 0.114
41 A 0.179 0.03 0.029 0.029 0.019 0.024 0.036 0.055 0.013 0.069 0.074 0.04 0.021 0.025 0.026 0.076 0.12 0.005 0.018 0.111
42 V 0.084 0.022 0.021 0.021 0.017 0.017 0.024 0.127 0.01 0.118 0.102 0.028 0.025 0.055 0.017 0.039 0.043 0.006 0.023 0.202
43 L 0.09 0.024 0.016 0.018 0.018 0.017 0.024 0.03 0.01 0.126 0.222 0.028 0.036 0.041 0.017 0.036 0.042 0.006 0.02 0.179
44 L 0.053 0.022 0.016 0.016 0.016 0.015 0.021 0.023 0.01 0.125 0.211 0.024 0.036 0.114 0.014 0.028 0.038 0.008 0.034 0.174
45 V 0.096 0.027 0.024 0.024 0.018 0.02 0.029 0.035 0.011 0.107 0.153 0.033 0.03 0.034 0.02 0.053 0.102 0.006 0.019 0.16
46 A 0.23 0.029 0.03 0.031 0.018 0.024 0.037 0.194 0.014 0.035 0.049 0.041 0.015 0.02 0.026 0.085 0.046 0.005 0.015 0.054
47 A 0.165 0.031 0.029 0.029 0.018 0.024 0.036 0.055 0.014 0.062 0.163 0.04 0.027 0.032 0.024 0.104 0.052 0.006 0.019 0.069
48 A 0.2 0.029 0.024 0.026 0.019 0.023 0.034 0.057 0.013 0.065 0.166 0.038 0.028 0.032 0.024 0.076 0.046 0.006 0.019 0.074
49 L 0.099 0.024 0.017 0.018 0.017 0.017 0.024 0.034 0.011 0.1 0.229 0.028 0.035 0.067 0.017 0.037 0.038 0.04 0.028 0.12
50 L 0.047 0.02 0.015 0.017 0.015 0.014 0.019 0.022 0.01 0.17 0.206 0.023 0.036 0.116 0.014 0.026 0.036 0.008 0.034 0.15
51 G 0.07 0.037 0.04 0.041 0.01 0.074 0.068 0.358 0.018 0.021 0.033 0.051 0.012 0.016 0.02 0.052 0.033 0.005 0.014 0.027
52 P 0.059 0.024 0.021 0.027 0.012 0.019 0.032 0.033 0.012 0.06 0.059 0.037 0.015 0.018 0.38 0.041 0.039 0.003 0.015 0.093
53 A 0.137 0.11 0.027 0.03 0.016 0.031 0.059 0.045 0.016 0.072 0.098 0.059 0.022 0.026 0.022 0.054 0.043 0.006 0.018 0.111
54 L 0.11 0.027 0.024 0.024 0.018 0.021 0.03 0.039 0.011 0.096 0.166 0.034 0.03 0.034 0.021 0.056 0.101 0.006 0.019 0.133
55 P 0.051 0.024 0.022 0.028 0.01 0.018 0.032 0.033 0.013 0.033 0.051 0.036 0.013 0.09 0.405 0.039 0.033 0.005 0.028 0.035
56 L 0.046 0.023 0.015 0.016 0.016 0.016 0.02 0.021 0.01 0.15 0.313 0.025 0.054 0.05 0.014 0.025 0.035 0.007 0.022 0.122
57 A 0.183 0.026 0.02 0.023 0.019 0.02 0.03 0.051 0.012 0.11 0.167 0.035 0.029 0.034 0.022 0.056 0.043 0.006 0.019 0.096
58 V 0.062 0.022 0.016 0.017 0.018 0.016 0.022 0.023 0.009 0.149 0.197 0.025 0.036 0.04 0.016 0.03 0.044 0.006 0.021 0.233
59 L 0.099 0.024 0.017 0.019 0.016 0.017 0.024 0.034 0.012 0.098 0.215 0.027 0.034 0.112 0.017 0.038 0.038 0.008 0.034 0.119
60 G 0.12 0.024 0.034 0.031 0.013 0.019 0.028 0.398 0.013 0.041 0.043 0.034 0.013 0.019 0.02 0.055 0.034 0.005 0.013 0.043
61 G 0.187 0.03 0.034 0.033 0.017 0.025 0.037 0.189 0.015 0.037 0.056 0.042 0.025 0.021 0.025 0.102 0.049 0.005 0.016 0.052
62 V 0.07 0.022 0.016 0.018 0.019 0.016 0.023 0.025 0.008 0.164 0.13 0.026 0.032 0.036 0.016 0.033 0.049 0.005 0.021 0.27
63 A 0.291 0.031 0.026 0.03 0.022 0.026 0.04 0.078 0.015 0.043 0.059 0.044 0.017 0.022 0.03 0.085 0.05 0.005 0.017 0.069
64 L 0.057 0.023 0.015 0.016 0.018 0.016 0.022 0.023 0.009 0.14 0.253 0.026 0.041 0.045 0.015 0.029 0.041 0.006 0.021 0.183
65 L 0.102 0.026 0.022 0.023 0.017 0.019 0.027 0.036 0.011 0.133 0.198 0.032 0.033 0.038 0.02 0.049 0.083 0.006 0.02 0.105
66 L 0.111 0.025 0.024 0.024 0.017 0.019 0.027 0.134 0.011 0.089 0.159 0.032 0.028 0.033 0.019 0.048 0.055 0.006 0.018 0.124
67 L 0.113 0.024 0.019 0.02 0.016 0.017 0.025 0.07 0.013 0.078 0.221 0.029 0.033 0.112 0.018 0.042 0.035 0.008 0.033 0.074
68 V 0.067 0.022 0.016 0.017 0.019 0.016 0.023 0.024 0.008 0.158 0.145 0.026 0.032 0.036 0.016 0.032 0.047 0.005 0.02 0.271
69 L 0.095 0.026 0.018 0.018 0.016 0.019 0.025 0.033 0.018 0.085 0.258 0.03 0.036 0.062 0.017 0.037 0.035 0.011 0.083 0.079
70 L 0.053 0.025 0.02 0.02 0.017 0.018 0.024 0.026 0.01 0.119 0.273 0.029 0.04 0.044 0.017 0.038 0.081 0.006 0.021 0.12
71 A 0.25 0.028 0.023 0.027 0.019 0.022 0.035 0.066 0.015 0.046 0.069 0.039 0.019 0.097 0.025 0.072 0.044 0.008 0.031 0.065
72 W 0.148 0.028 0.025 0.025 0.015 0.021 0.033 0.051 0.014 0.039 0.057 0.035 0.017 0.037 0.02 0.06 0.081 0.204 0.037 0.053
73 F 0.092 0.023 0.02 0.021 0.012 0.016 0.026 0.039 0.016 0.05 0.084 0.027 0.021 0.23 0.015 0.05 0.033 0.111 0.064 0.051
74 R 0.043 0.295 0.041 0.032 0.008 0.045 0.051 0.033 0.092 0.023 0.044 0.103 0.015 0.02 0.019 0.043 0.033 0.006 0.025 0.029
75 P 0.056 0.025 0.023 0.03 0.01 0.02 0.035 0.035 0.013 0.025 0.035 0.04 0.01 0.013 0.503 0.043 0.035 0.003 0.013 0.03
76 K 0.053 0.156 0.04 0.039 0.008 0.051 0.066 0.04 0.021 0.026 0.043 0.257 0.015 0.016 0.025 0.051 0.038 0.005 0.017 0.032
77 A 0.188 0.027 0.02 0.023 0.019 0.021 0.031 0.051 0.012 0.085 0.16 0.035 0.028 0.033 0.022 0.057 0.045 0.006 0.019 0.118
78 F 0.096 0.022 0.023 0.022 0.013 0.015 0.024 0.134 0.015 0.049 0.084 0.027 0.02 0.247 0.016 0.042 0.031 0.012 0.058 0.051
79 A 0.217 0.028 0.022 0.025 0.02 0.022 0.033 0.059 0.013 0.07 0.146 0.038 0.026 0.031 0.024 0.065 0.045 0.006 0.019 0.092
80 L 0.109 0.024 0.017 0.019 0.017 0.018 0.024 0.035 0.011 0.138 0.248 0.029 0.038 0.043 0.018 0.039 0.039 0.006 0.02 0.108
81 L 0.052 0.025 0.021 0.021 0.016 0.018 0.024 0.026 0.011 0.14 0.25 0.029 0.038 0.044 0.017 0.041 0.091 0.006 0.02 0.108
82 G 0.169 0.03 0.034 0.033 0.017 0.024 0.036 0.176 0.014 0.04 0.053 0.041 0.016 0.021 0.026 0.078 0.114 0.005 0.016 0.058
83 L 0.051 0.024 0.015 0.016 0.017 0.017 0.021 0.022 0.01 0.125 0.305 0.026 0.052 0.048 0.015 0.027 0.037 0.007 0.022 0.144
84 L 0.065 0.025 0.023 0.023 0.017 0.019 0.027 0.031 0.011 0.147 0.187 0.03 0.034 0.039 0.018 0.069 0.049 0.006 0.02 0.162
85 A 0.226 0.027 0.022 0.025 0.02 0.022 0.034 0.059 0.012 0.082 0.081 0.038 0.022 0.026 0.025 0.066 0.049 0.005 0.018 0.139
86 I 0.056 0.024 0.026 0.025 0.017 0.019 0.026 0.029 0.011 0.192 0.124 0.032 0.029 0.035 0.019 0.051 0.128 0.006 0.019 0.132
87 V 0.058 0.022 0.016 0.018 0.017 0.017 0.022 0.024 0.01 0.19 0.153 0.027 0.062 0.04 0.016 0.03 0.043 0.006 0.021 0.208
88 L 0.101 0.023 0.017 0.019 0.018 0.017 0.024 0.033 0.01 0.143 0.225 0.028 0.036 0.041 0.018 0.038 0.04 0.006 0.02 0.143
89 S 0.097 0.041 0.05 0.056 0.015 0.039 0.103 0.059 0.02 0.028 0.04 0.057 0.015 0.02 0.028 0.199 0.072 0.005 0.017 0.039
90 A 0.171 0.033 0.088 0.041 0.016 0.026 0.04 0.061 0.017 0.036 0.049 0.045 0.015 0.019 0.122 0.073 0.074 0.005 0.016 0.052
91 P 0.056 0.034 0.024 0.028 0.013 0.061 0.043 0.031 0.014 0.07 0.127 0.044 0.024 0.026 0.212 0.039 0.039 0.005 0.018 0.095
92 L 0.044 0.023 0.014 0.015 0.016 0.016 0.019 0.021 0.01 0.136 0.358 0.025 0.047 0.052 0.014 0.024 0.034 0.007 0.022 0.105
93 Q 0.055 0.119 0.037 0.037 0.01 0.151 0.075 0.036 0.023 0.052 0.062 0.082 0.021 0.019 0.021 0.048 0.041 0.006 0.02 0.083
94 N 0.103 0.045 0.154 0.055 0.013 0.07 0.055 0.058 0.024 0.033 0.046 0.057 0.016 0.019 0.024 0.073 0.089 0.005 0.017 0.045
95 V 0.113 0.034 0.025 0.027 0.017 0.061 0.043 0.039 0.014 0.103 0.093 0.043 0.025 0.027 0.021 0.051 0.061 0.005 0.019 0.176
96 L 0.05 0.025 0.016 0.016 0.016 0.018 0.022 0.023 0.011 0.12 0.297 0.027 0.071 0.049 0.015 0.028 0.037 0.007 0.022 0.131
97 G 0.077 0.022 0.038 0.033 0.011 0.019 0.025 0.52 0.013 0.019 0.028 0.033 0.009 0.016 0.019 0.05 0.029 0.005 0.011 0.024
98 P 0.136 0.034 0.033 0.036 0.015 0.039 0.045 0.055 0.016 0.031 0.044 0.048 0.014 0.017 0.218 0.106 0.051 0.004 0.016 0.043
99 V 0.125 0.023 0.018 0.02 0.019 0.018 0.026 0.037 0.01 0.151 0.134 0.03 0.029 0.034 0.019 0.044 0.046 0.006 0.019 0.191
100 G 0.122 0.024 0.036 0.032 0.013 0.02 0.028 0.431 0.013 0.023 0.034 0.035 0.011 0.017 0.021 0.057 0.033 0.005 0.012 0.033
101 G 0.08 0.028 0.041 0.036 0.013 0.023 0.032 0.332 0.014 0.029 0.039 0.039 0.013 0.018 0.022 0.086 0.098 0.005 0.013 0.038
102 Y 0.094 0.029 0.083 0.033 0.013 0.023 0.032 0.042 0.029 0.087 0.078 0.036 0.02 0.068 0.019 0.047 0.038 0.014 0.143 0.072
103 A 0.205 0.03 0.026 0.028 0.019 0.024 0.036 0.059 0.013 0.058 0.125 0.04 0.024 0.028 0.026 0.073 0.088 0.006 0.018 0.073
104 D 0.048 0.028 0.062 0.334 0.008 0.027 0.077 0.14 0.017 0.021 0.028 0.042 0.009 0.015 0.021 0.051 0.034 0.004 0.011 0.024
105 E 0.054 0.049 0.04 0.088 0.007 0.063 0.31 0.034 0.025 0.022 0.036 0.074 0.013 0.016 0.025 0.054 0.036 0.005 0.016 0.031
106 G 0.168 0.026 0.033 0.031 0.015 0.021 0.031 0.343 0.014 0.028 0.04 0.037 0.012 0.018 0.023 0.064 0.037 0.005 0.013 0.041
107 L 0.107 0.027 0.019 0.021 0.018 0.022 0.028 0.036 0.013 0.109 0.157 0.033 0.088 0.038 0.018 0.043 0.044 0.006 0.021 0.15
108 I 0.049 0.018 0.015 0.017 0.016 0.013 0.018 0.021 0.009 0.269 0.16 0.023 0.035 0.042 0.015 0.026 0.04 0.006 0.02 0.188
109 A 0.157 0.025 0.024 0.025 0.016 0.019 0.029 0.144 0.013 0.065 0.077 0.033 0.02 0.098 0.021 0.055 0.04 0.008 0.03 0.099
110 L 0.055 0.023 0.019 0.019 0.015 0.016 0.021 0.121 0.01 0.104 0.264 0.027 0.037 0.042 0.015 0.031 0.035 0.006 0.019 0.118
111 A 0.259 0.029 0.028 0.03 0.019 0.024 0.037 0.165 0.014 0.038 0.052 0.042 0.016 0.02 0.027 0.077 0.045 0.005 0.016 0.059
112 A 0.239 0.028 0.023 0.026 0.02 0.022 0.035 0.063 0.013 0.067 0.076 0.038 0.02 0.049 0.025 0.069 0.047 0.006 0.022 0.11
113 V 0.112 0.025 0.023 0.024 0.018 0.02 0.028 0.038 0.011 0.141 0.108 0.032 0.027 0.032 0.021 0.053 0.089 0.006 0.019 0.175
114 A 0.21 0.027 0.022 0.024 0.02 0.022 0.033 0.056 0.012 0.09 0.086 0.036 0.023 0.027 0.024 0.063 0.049 0.005 0.018 0.154
115 L 0.046 0.02 0.015 0.016 0.015 0.014 0.02 0.023 0.011 0.14 0.199 0.023 0.035 0.163 0.013 0.026 0.035 0.01 0.043 0.134
116 T 0.083 0.033 0.04 0.036 0.017 0.026 0.039 0.078 0.014 0.064 0.067 0.043 0.02 0.024 0.025 0.125 0.143 0.005 0.017 0.1
117 T 0.117 0.03 0.032 0.03 0.019 0.024 0.035 0.045 0.012 0.079 0.08 0.039 0.022 0.026 0.025 0.074 0.162 0.006 0.018 0.126
118 R 0.044 0.358 0.038 0.03 0.008 0.047 0.051 0.032 0.023 0.023 0.046 0.118 0.015 0.017 0.019 0.044 0.034 0.006 0.017 0.03
119 R 0.044 0.358 0.038 0.03 0.008 0.047 0.051 0.032 0.023 0.023 0.046 0.118 0.015 0.017 0.019 0.044 0.034 0.006 0.017 0.03
120 L 0.096 0.025 0.016 0.018 0.017 0.018 0.024 0.032 0.011 0.099 0.322 0.029 0.042 0.047 0.017 0.036 0.036 0.007 0.021 0.089
121 V 0.059 0.021 0.015 0.017 0.018 0.015 0.021 0.023 0.009 0.177 0.187 0.025 0.036 0.04 0.015 0.029 0.043 0.006 0.021 0.223
122 T 0.112 0.096 0.033 0.03 0.017 0.029 0.038 0.044 0.014 0.066 0.072 0.055 0.02 0.024 0.024 0.068 0.131 0.006 0.018 0.104
123 E 0.054 0.049 0.04 0.088 0.007 0.063 0.31 0.034 0.025 0.022 0.036 0.074 0.013 0.016 0.025 0.054 0.036 0.005 0.016 0.031
124 G 0.064 0.157 0.038 0.032 0.009 0.03 0.036 0.325 0.017 0.02 0.035 0.067 0.012 0.016 0.019 0.048 0.031 0.005 0.013 0.026
125 R 0.056 0.232 0.044 0.035 0.01 0.042 0.052 0.04 0.091 0.024 0.043 0.09 0.015 0.02 0.021 0.082 0.042 0.006 0.025 0.031
126 L 0.054 0.022 0.015 0.016 0.017 0.015 0.021 0.022 0.009 0.167 0.239 0.025 0.039 0.044 0.015 0.027 0.04 0.006 0.021 0.186
127 V 0.067 0.021 0.016 0.017 0.019 0.016 0.022 0.024 0.008 0.17 0.13 0.025 0.031 0.036 0.016 0.032 0.048 0.005 0.02 0.276
128 W 0.035 0.09 0.019 0.018 0.009 0.022 0.028 0.028 0.015 0.045 0.118 0.042 0.022 0.05 0.011 0.027 0.027 0.304 0.048 0.043
129 L 0.042 0.023 0.014 0.015 0.015 0.015 0.02 0.022 0.011 0.103 0.333 0.024 0.044 0.123 0.013 0.024 0.031 0.009 0.035 0.086
130 P 0.056 0.025 0.023 0.03 0.01 0.02 0.035 0.035 0.013 0.025 0.035 0.04 0.01 0.013 0.503 0.043 0.035 0.003 0.013 0.03
131 G 0.077 0.022 0.038 0.033 0.011 0.019 0.025 0.52 0.013 0.019 0.028 0.033 0.009 0.016 0.019 0.05 0.029 0.005 0.011 0.024
132 L 0.061 0.03 0.028 0.026 0.016 0.023 0.031 0.034 0.013 0.083 0.216 0.036 0.062 0.04 0.02 0.072 0.101 0.007 0.02 0.08
133 G 0.116 0.024 0.031 0.029 0.014 0.019 0.027 0.331 0.013 0.042 0.106 0.034 0.019 0.024 0.02 0.052 0.034 0.006 0.014 0.047
134 W 0.03 0.022 0.015 0.015 0.007 0.015 0.022 0.03 0.015 0.03 0.052 0.022 0.015 0.059 0.007 0.022 0.022 0.502 0.067 0.03
135 F 0.033 0.019 0.017 0.017 0.01 0.01 0.019 0.025 0.017 0.062 0.112 0.019 0.025 0.399 0.01 0.025 0.025 0.017 0.087 0.054
136 L 0.115 0.028 0.029 0.028 0.016 0.022 0.031 0.141 0.013 0.063 0.181 0.036 0.028 0.033 0.021 0.083 0.045 0.006 0.018 0.064
137 G 0.109 0.025 0.026 0.025 0.015 0.019 0.026 0.232 0.012 0.061 0.178 0.032 0.027 0.032 0.019 0.046 0.035 0.006 0.016 0.061
138 F 0.035 0.022 0.018 0.017 0.01 0.014 0.022 0.025 0.026 0.056 0.097 0.023 0.023 0.309 0.012 0.027 0.026 0.02 0.168 0.051
139 L 0.053 0.022 0.02 0.019 0.014 0.015 0.021 0.122 0.012 0.094 0.209 0.025 0.032 0.111 0.015 0.031 0.034 0.008 0.032 0.11
140 V 0.072 0.022 0.016 0.018 0.017 0.016 0.023 0.027 0.011 0.124 0.172 0.025 0.032 0.111 0.015 0.033 0.041 0.008 0.034 0.185
141 A 0.198 0.025 0.021 0.024 0.018 0.02 0.031 0.055 0.014 0.095 0.09 0.035 0.022 0.101 0.022 0.06 0.042 0.008 0.032 0.086
142 G 0.077 0.022 0.038 0.033 0.011 0.019 0.025 0.52 0.013 0.019 0.028 0.033 0.009 0.016 0.019 0.05 0.029 0.005 0.011 0.024
143 L 0.059 0.025 0.021 0.02 0.017 0.018 0.025 0.027 0.01 0.12 0.219 0.029 0.036 0.04 0.017 0.041 0.085 0.006 0.02 0.165
144 L 0.097 0.025 0.016 0.018 0.017 0.018 0.024 0.032 0.011 0.102 0.305 0.029 0.041 0.046 0.017 0.036 0.037 0.007 0.021 0.102
145 S 0.102 0.036 0.05 0.045 0.016 0.03 0.046 0.156 0.018 0.027 0.038 0.049 0.014 0.02 0.027 0.198 0.07 0.005 0.016 0.038
146 S 0.173 0.036 0.044 0.042 0.018 0.03 0.047 0.069 0.017 0.034 0.047 0.05 0.016 0.021 0.029 0.185 0.07 0.005 0.017 0.05
147 V 0.106 0.023 0.017 0.019 0.018 0.017 0.025 0.033 0.01 0.153 0.173 0.029 0.033 0.038 0.018 0.039 0.044 0.006 0.02 0.18
148 L 0.106 0.024 0.017 0.019 0.018 0.018 0.025 0.033 0.01 0.118 0.218 0.029 0.035 0.04 0.018 0.039 0.042 0.006 0.02 0.165
149 A 0.148 0.033 0.029 0.027 0.015 0.027 0.037 0.049 0.092 0.05 0.083 0.04 0.049 0.05 0.022 0.055 0.038 0.011 0.089 0.059
150 G 0.055 0.037 0.047 0.128 0.008 0.039 0.139 0.167 0.089 0.021 0.032 0.051 0.011 0.019 0.022 0.05 0.032 0.005 0.022 0.026
151 V 0.069 0.024 0.021 0.021 0.019 0.018 0.026 0.028 0.009 0.14 0.115 0.029 0.029 0.033 0.018 0.044 0.091 0.005 0.02 0.241
152 P 0.07 0.029 0.031 0.035 0.012 0.024 0.04 0.043 0.014 0.026 0.037 0.044 0.012 0.015 0.377 0.094 0.047 0.003 0.014 0.033
153 A 0.153 0.029 0.026 0.026 0.017 0.023 0.033 0.048 0.02 0.059 0.127 0.037 0.024 0.049 0.023 0.062 0.084 0.01 0.081 0.069
154 D 0.085 0.035 0.047 0.123 0.013 0.035 0.104 0.112 0.018 0.03 0.041 0.05 0.014 0.018 0.025 0.099 0.09 0.005 0.015 0.041
155 L 0.048 0.023 0.018 0.019 0.016 0.016 0.021 0.023 0.01 0.174 0.255 0.027 0.04 0.045 0.016 0.033 0.066 0.006 0.021 0.123
156 A 0.113 0.032 0.031 0.03 0.016 0.025 0.036 0.048 0.016 0.05 0.082 0.04 0.049 0.034 0.022 0.093 0.09 0.105 0.028 0.06
157 L 0.064 0.024 0.015 0.016 0.017 0.017 0.022 0.025 0.01 0.115 0.331 0.026 0.044 0.049 0.015 0.029 0.036 0.007 0.021 0.118
158 P 0.055 0.053 0.035 0.04 0.009 0.146 0.075 0.038 0.022 0.026 0.042 0.07 0.016 0.014 0.215 0.05 0.038 0.004 0.017 0.033
159 G 0.158 0.029 0.037 0.035 0.016 0.024 0.036 0.249 0.015 0.031 0.043 0.041 0.014 0.019 0.025 0.101 0.061 0.005 0.015 0.045
160 A 0.167 0.029 0.031 0.031 0.017 0.023 0.035 0.152 0.014 0.049 0.115 0.04 0.022 0.026 0.024 0.095 0.048 0.006 0.017 0.059
161 L 0.047 0.025 0.022 0.021 0.014 0.018 0.025 0.027 0.021 0.11 0.156 0.029 0.029 0.111 0.017 0.039 0.077 0.013 0.112 0.087
162 L 0.049 0.022 0.014 0.016 0.016 0.015 0.02 0.021 0.009 0.157 0.291 0.025 0.043 0.048 0.014 0.026 0.037 0.006 0.021 0.148
163 L 0.148 0.025 0.018 0.021 0.018 0.019 0.027 0.043 0.011 0.119 0.211 0.032 0.034 0.039 0.02 0.048 0.04 0.006 0.02 0.099
164 L 0.104 0.024 0.017 0.019 0.018 0.018 0.025 0.033 0.01 0.115 0.235 0.029 0.036 0.041 0.018 0.039 0.041 0.006 0.02 0.152
165 K 0.056 0.105 0.041 0.041 0.008 0.052 0.069 0.042 0.02 0.027 0.042 0.292 0.015 0.015 0.027 0.052 0.039 0.005 0.017 0.032
166 G 0.12 0.023 0.031 0.029 0.109 0.019 0.026 0.334 0.012 0.028 0.041 0.033 0.012 0.018 0.02 0.055 0.034 0.005 0.012 0.039
167 V 0.064 0.022 0.016 0.017 0.018 0.016 0.022 0.024 0.008 0.152 0.18 0.025 0.035 0.039 0.016 0.031 0.045 0.006 0.021 0.245
168 L 0.054 0.022 0.015 0.016 0.017 0.015 0.021 0.022 0.009 0.167 0.239 0.025 0.039 0.044 0.015 0.027 0.04 0.006 0.021 0.186
169 F 0.043 0.019 0.016 0.017 0.013 0.012 0.019 0.024 0.013 0.127 0.126 0.021 0.028 0.255 0.012 0.026 0.032 0.012 0.06 0.124
170 A 0.259 0.029 0.028 0.03 0.019 0.024 0.037 0.165 0.014 0.038 0.052 0.042 0.016 0.02 0.027 0.077 0.045 0.005 0.016 0.059
171 F 0.037 0.024 0.023 0.021 0.011 0.016 0.025 0.026 0.085 0.099 0.108 0.025 0.025 0.254 0.013 0.028 0.028 0.013 0.068 0.071
172 A 0.258 0.031 0.029 0.031 0.02 0.025 0.039 0.07 0.014 0.044 0.059 0.044 0.018 0.022 0.029 0.085 0.091 0.005 0.017 0.068
173 L 0.101 0.024 0.017 0.018 0.018 0.018 0.024 0.033 0.01 0.12 0.255 0.029 0.038 0.043 0.017 0.037 0.04 0.006 0.02 0.132
174 A 0.265 0.032 0.031 0.033 0.02 0.027 0.042 0.074 0.015 0.04 0.055 0.046 0.017 0.021 0.029 0.114 0.055 0.005 0.017 0.062
175 Q 0.055 0.072 0.043 0.046 0.009 0.23 0.101 0.04 0.029 0.026 0.046 0.089 0.02 0.014 0.023 0.055 0.04 0.006 0.02 0.035
176 L 0.049 0.023 0.014 0.015 0.016 0.016 0.02 0.022 0.01 0.123 0.336 0.025 0.045 0.05 0.014 0.026 0.036 0.007 0.022 0.132
177 H 0.043 0.124 0.05 0.109 0.008 0.037 0.058 0.038 0.182 0.023 0.037 0.064 0.014 0.022 0.052 0.044 0.031 0.006 0.034 0.025
178 W 0.03 0.022 0.015 0.015 0.007 0.015 0.022 0.03 0.015 0.03 0.052 0.022 0.015 0.059 0.007 0.022 0.022 0.502 0.067 0.03
179 T 0.08 0.033 0.044 0.038 0.016 0.026 0.038 0.142 0.015 0.041 0.052 0.044 0.017 0.021 0.026 0.112 0.179 0.006 0.016 0.055
180 D 0.045 0.16 0.047 0.182 0.008 0.035 0.063 0.038 0.019 0.023 0.036 0.073 0.012 0.015 0.117 0.047 0.035 0.004 0.014 0.028
181 E 0.06 0.102 0.039 0.075 0.011 0.042 0.134 0.038 0.02 0.042 0.109 0.067 0.021 0.025 0.022 0.082 0.044 0.006 0.017 0.045
182 D 0.043 0.033 0.062 0.345 0.007 0.036 0.134 0.043 0.02 0.022 0.029 0.05 0.01 0.015 0.023 0.052 0.035 0.004 0.012 0.025
183 L 0.042 0.023 0.014 0.015 0.015 0.015 0.02 0.022 0.011 0.103 0.333 0.024 0.044 0.123 0.013 0.024 0.031 0.009 0.035 0.086
184 V 0.121 0.096 0.03 0.027 0.015 0.029 0.039 0.042 0.085 0.074 0.075 0.053 0.021 0.027 0.021 0.05 0.041 0.006 0.026 0.123
185 V 0.066 0.091 0.029 0.026 0.015 0.025 0.032 0.129 0.013 0.086 0.099 0.049 0.023 0.027 0.019 0.055 0.057 0.006 0.017 0.138
186 L 0.046 0.022 0.014 0.016 0.016 0.015 0.02 0.021 0.01 0.151 0.326 0.025 0.045 0.05 0.014 0.025 0.035 0.007 0.021 0.123
187 V 0.109 0.023 0.017 0.019 0.019 0.018 0.025 0.034 0.01 0.136 0.168 0.029 0.032 0.037 0.018 0.04 0.045 0.006 0.02 0.195
188 R 0.046 0.307 0.039 0.032 0.008 0.048 0.055 0.034 0.022 0.024 0.045 0.153 0.015 0.017 0.021 0.045 0.035 0.006 0.017 0.031
189 A 0.222 0.028 0.022 0.025 0.02 0.022 0.034 0.059 0.013 0.076 0.116 0.038 0.024 0.028 0.025 0.065 0.047 0.006 0.018 0.114
190 G 0.077 0.022 0.038 0.033 0.011 0.019 0.025 0.52 0.013 0.019 0.028 0.033 0.009 0.016 0.019 0.05 0.029 0.005 0.011 0.024
191 I 0.055 0.022 0.021 0.021 0.016 0.016 0.023 0.027 0.011 0.161 0.124 0.027 0.029 0.108 0.017 0.04 0.083 0.008 0.033 0.158
192 V 0.085 0.027 0.026 0.025 0.019 0.02 0.029 0.034 0.01 0.117 0.102 0.033 0.026 0.03 0.021 0.055 0.119 0.006 0.019 0.198
193 A 0.189 0.027 0.02 0.023 0.019 0.021 0.031 0.052 0.012 0.088 0.143 0.035 0.027 0.031 0.023 0.058 0.046 0.006 0.019 0.13
194 I 0.152 0.023 0.019 0.022 0.018 0.018 0.027 0.043 0.011 0.172 0.117 0.032 0.028 0.033 0.021 0.049 0.044 0.006 0.019 0.146
195 V 0.11 0.024 0.018 0.019 0.019 0.019 0.026 0.034 0.01 0.124 0.17 0.03 0.041 0.037 0.018 0.041 0.045 0.006 0.02 0.189
196 V 0.064 0.022 0.018 0.019 0.018 0.016 0.023 0.025 0.009 0.179 0.131 0.026 0.031 0.036 0.017 0.035 0.061 0.005 0.02 0.247
197 L 0.054 0.025 0.016 0.017 0.017 0.019 0.023 0.024 0.011 0.125 0.249 0.028 0.077 0.046 0.015 0.03 0.04 0.007 0.022 0.156
198 A 0.205 0.026 0.021 0.024 0.02 0.021 0.032 0.055 0.012 0.115 0.093 0.036 0.024 0.028 0.024 0.061 0.047 0.005 0.018 0.132
199 V 0.111 0.026 0.023 0.023 0.018 0.02 0.029 0.038 0.011 0.114 0.12 0.032 0.027 0.056 0.02 0.053 0.088 0.006 0.024 0.162
200 T 0.084 0.036 0.046 0.04 0.017 0.029 0.043 0.05 0.015 0.045 0.056 0.047 0.018 0.022 0.028 0.139 0.201 0.006 0.017 0.06
201 G 0.092 0.023 0.037 0.033 0.011 0.019 0.026 0.49 0.013 0.02 0.03 0.034 0.01 0.016 0.019 0.052 0.03 0.005 0.011 0.027
202 L 0.083 0.024 0.016 0.017 0.017 0.017 0.023 0.029 0.01 0.113 0.292 0.027 0.041 0.046 0.016 0.033 0.038 0.006 0.021 0.129
203 L 0.107 0.024 0.017 0.019 0.018 0.018 0.025 0.034 0.01 0.121 0.201 0.029 0.034 0.038 0.018 0.04 0.043 0.006 0.02 0.177
204 N 0.042 0.044 0.33 0.081 0.009 0.033 0.048 0.064 0.031 0.022 0.031 0.053 0.011 0.018 0.02 0.068 0.048 0.004 0.015 0.026
205 L 0.049 0.023 0.014 0.015 0.016 0.016 0.02 0.022 0.01 0.123 0.336 0.025 0.045 0.05 0.014 0.026 0.036 0.007 0.022 0.132
206 A 0.224 0.027 0.022 0.025 0.02 0.022 0.034 0.059 0.012 0.09 0.084 0.037 0.022 0.026 0.025 0.066 0.048 0.005 0.018 0.132
207 F 0.073 0.02 0.017 0.018 0.013 0.013 0.021 0.031 0.014 0.108 0.134 0.023 0.028 0.254 0.014 0.033 0.031 0.012 0.06 0.082
208 P 0.056 0.025 0.023 0.03 0.01 0.02 0.035 0.035 0.013 0.025 0.035 0.04 0.01 0.013 0.503 0.043 0.035 0.003 0.013 0.03
209 G 0.148 0.03 0.034 0.043 0.013 0.03 0.087 0.275 0.016 0.027 0.04 0.045 0.013 0.018 0.023 0.062 0.037 0.005 0.014 0.04
210 P 0.087 0.027 0.026 0.029 0.013 0.02 0.033 0.04 0.014 0.04 0.059 0.037 0.016 0.093 0.246 0.054 0.08 0.006 0.029 0.048
211 W 0.03 0.022 0.015 0.015 0.007 0.015 0.022 0.03 0.015 0.03 0.052 0.022 0.015 0.059 0.007 0.022 0.022 0.502 0.067 0.03
212 A 0.159 0.098 0.035 0.032 0.017 0.03 0.042 0.054 0.016 0.042 0.058 0.059 0.018 0.021 0.026 0.078 0.131 0.006 0.017 0.061
213 G 0.123 0.035 0.059 0.04 0.014 0.052 0.045 0.246 0.018 0.027 0.039 0.048 0.014 0.018 0.023 0.096 0.046 0.005 0.015 0.038
214 L 0.043 0.022 0.014 0.016 0.016 0.015 0.019 0.021 0.01 0.144 0.325 0.024 0.045 0.075 0.014 0.024 0.033 0.007 0.026 0.107
215 V 0.065 0.027 0.026 0.025 0.018 0.02 0.029 0.031 0.011 0.108 0.154 0.033 0.03 0.034 0.02 0.054 0.13 0.006 0.019 0.16
216 A 0.166 0.031 0.035 0.033 0.018 0.025 0.036 0.152 0.014 0.042 0.054 0.042 0.016 0.021 0.026 0.08 0.13 0.005 0.016 0.06
217 G 0.072 0.032 0.039 0.036 0.01 0.061 0.04 0.424 0.016 0.02 0.031 0.044 0.011 0.016 0.019 0.051 0.031 0.005 0.013 0.026
218 S 0.074 0.082 0.123 0.052 0.014 0.034 0.048 0.056 0.022 0.031 0.044 0.06 0.015 0.02 0.025 0.136 0.102 0.005 0.017 0.041
219 P 0.141 0.03 0.029 0.032 0.016 0.024 0.038 0.051 0.014 0.038 0.05 0.043 0.015 0.018 0.225 0.069 0.096 0.004 0.015 0.053
220 P 0.056 0.025 0.023 0.031 0.01 0.02 0.036 0.036 0.013 0.025 0.036 0.041 0.01 0.013 0.5 0.043 0.036 0.003 0.013 0.031
221 L 0.051 0.02 0.015 0.017 0.017 0.015 0.019 0.021 0.009 0.21 0.211 0.024 0.038 0.044 0.015 0.026 0.04 0.006 0.021 0.181
222 S 0.079 0.047 0.046 0.053 0.014 0.077 0.111 0.049 0.021 0.032 0.046 0.063 0.017 0.019 0.027 0.134 0.1 0.005 0.018 0.043
223 Y 0.042 0.031 0.027 0.022 0.01 0.025 0.032 0.028 0.102 0.051 0.089 0.034 0.05 0.11 0.016 0.033 0.029 0.019 0.198 0.051
224 L 0.053 0.026 0.023 0.021 0.015 0.02 0.027 0.025 0.081 0.137 0.184 0.029 0.033 0.04 0.016 0.031 0.039 0.006 0.028 0.166
225 G 0.077 0.022 0.038 0.033 0.011 0.019 0.025 0.52 0.013 0.019 0.028 0.033 0.009 0.016 0.019 0.05 0.029 0.005 0.011 0.024
226 P 0.064 0.024 0.029 0.031 0.01 0.02 0.031 0.229 0.013 0.023 0.032 0.038 0.01 0.014 0.309 0.046 0.033 0.004 0.012 0.028
227 V 0.055 0.021 0.015 0.017 0.017 0.015 0.02 0.023 0.009 0.178 0.189 0.024 0.035 0.065 0.015 0.028 0.041 0.007 0.025 0.201
228 P 0.109 0.028 0.027 0.031 0.014 0.023 0.037 0.045 0.013 0.034 0.046 0.042 0.013 0.016 0.313 0.061 0.083 0.004 0.015 0.046
229 A 0.265 0.032 0.031 0.033 0.02 0.027 0.042 0.074 0.015 0.04 0.055 0.046 0.017 0.021 0.029 0.114 0.055 0.005 0.017 0.062
230 L 0.049 0.021 0.015 0.016 0.016 0.015 0.02 0.021 0.009 0.18 0.261 0.024 0.041 0.046 0.015 0.026 0.038 0.006 0.021 0.158
231 N 0.051 0.04 0.147 0.049 0.012 0.065 0.048 0.043 0.021 0.103 0.08 0.049 0.022 0.026 0.019 0.05 0.045 0.005 0.018 0.109
232 G 0.077 0.022 0.038 0.033 0.011 0.019 0.025 0.52 0.013 0.019 0.028 0.033 0.009 0.016 0.019 0.05 0.029 0.005 0.011 0.024
233 P 0.055 0.023 0.018 0.022 0.014 0.017 0.027 0.028 0.01 0.114 0.148 0.031 0.027 0.031 0.21 0.034 0.039 0.005 0.018 0.13
234 F 0.033 0.019 0.017 0.017 0.01 0.01 0.019 0.025 0.017 0.062 0.112 0.019 0.025 0.399 0.01 0.025 0.025 0.017 0.087 0.054
235 Q 0.053 0.129 0.042 0.043 0.008 0.194 0.091 0.039 0.028 0.025 0.046 0.095 0.019 0.015 0.022 0.053 0.039 0.006 0.02 0.034
236 H 0.044 0.046 0.043 0.035 0.009 0.072 0.056 0.035 0.228 0.041 0.109 0.05 0.023 0.032 0.019 0.04 0.03 0.007 0.042 0.039
237 P 0.056 0.025 0.023 0.03 0.01 0.02 0.035 0.035 0.013 0.025 0.035 0.04 0.01 0.013 0.503 0.043 0.035 0.003 0.013 0.03
238 A 0.304 0.03 0.025 0.029 0.021 0.025 0.04 0.077 0.015 0.042 0.058 0.044 0.017 0.021 0.029 0.083 0.049 0.005 0.017 0.067
239 A 0.304 0.03 0.025 0.029 0.021 0.025 0.04 0.077 0.015 0.042 0.058 0.044 0.017 0.021 0.029 0.083 0.049 0.005 0.017 0.067
240 F 0.036 0.022 0.018 0.017 0.01 0.015 0.022 0.025 0.028 0.054 0.094 0.023 0.022 0.291 0.012 0.027 0.026 0.021 0.185 0.051
241 G 0.089 0.029 0.044 0.039 0.013 0.024 0.036 0.338 0.015 0.023 0.033 0.041 0.012 0.018 0.023 0.124 0.05 0.005 0.013 0.031
242 R 0.044 0.358 0.038 0.03 0.008 0.047 0.051 0.032 0.023 0.023 0.046 0.118 0.015 0.017 0.019 0.044 0.034 0.006 0.017 0.03
243 F 0.039 0.021 0.017 0.017 0.013 0.014 0.02 0.024 0.015 0.114 0.139 0.023 0.058 0.257 0.012 0.027 0.031 0.013 0.061 0.085
244 A 0.167 0.029 0.03 0.03 0.146 0.023 0.035 0.056 0.013 0.043 0.059 0.039 0.017 0.021 0.025 0.094 0.092 0.005 0.016 0.061
245 G 0.12 0.026 0.032 0.03 0.016 0.021 0.03 0.237 0.013 0.059 0.061 0.036 0.017 0.022 0.022 0.061 0.083 0.005 0.015 0.094
246 V 0.06 0.02 0.015 0.017 0.018 0.015 0.021 0.023 0.008 0.211 0.142 0.025 0.033 0.038 0.015 0.029 0.045 0.006 0.02 0.239
247 L 0.044 0.024 0.014 0.015 0.016 0.016 0.02 0.021 0.01 0.113 0.388 0.025 0.049 0.054 0.014 0.024 0.033 0.007 0.022 0.094
248 A 0.304 0.03 0.025 0.029 0.021 0.025 0.04 0.077 0.015 0.042 0.058 0.044 0.017 0.021 0.029 0.083 0.049 0.005 0.017 0.067
249 V 0.124 0.027 0.025 0.026 0.019 0.021 0.032 0.043 0.011 0.111 0.097 0.035 0.025 0.029 0.021 0.083 0.055 0.005 0.019 0.192
250 G 0.174 0.029 0.036 0.034 0.016 0.024 0.036 0.252 0.015 0.03 0.043 0.041 0.014 0.019 0.025 0.1 0.047 0.005 0.015 0.045
251 A 0.191 0.028 0.027 0.029 0.019 0.023 0.034 0.088 0.013 0.091 0.079 0.039 0.021 0.026 0.025 0.071 0.088 0.005 0.017 0.086
252 L 0.049 0.023 0.014 0.015 0.016 0.016 0.02 0.022 0.01 0.123 0.336 0.025 0.045 0.05 0.014 0.026 0.036 0.007 0.022 0.132
253 A 0.163 0.028 0.025 0.026 0.019 0.022 0.033 0.049 0.012 0.092 0.087 0.037 0.023 0.027 0.024 0.064 0.091 0.005 0.018 0.154
254 Y 0.04 0.027 0.021 0.018 0.009 0.021 0.027 0.024 0.046 0.043 0.067 0.031 0.018 0.128 0.015 0.031 0.027 0.027 0.331 0.046
255 G 0.113 0.044 0.038 0.038 0.012 0.104 0.058 0.239 0.02 0.026 0.041 0.058 0.015 0.016 0.022 0.059 0.038 0.005 0.016 0.037
256 L 0.048 0.022 0.014 0.015 0.111 0.015 0.019 0.023 0.01 0.099 0.323 0.024 0.042 0.047 0.014 0.027 0.033 0.006 0.02 0.087
257 V 0.062 0.021 0.016 0.017 0.017 0.015 0.022 0.024 0.01 0.142 0.125 0.024 0.03 0.108 0.015 0.031 0.044 0.008 0.034 0.237
258 V 0.069 0.021 0.016 0.017 0.019 0.016 0.023 0.024 0.008 0.161 0.128 0.026 0.031 0.035 0.016 0.032 0.048 0.005 0.02 0.283
259 R 0.046 0.307 0.039 0.032 0.008 0.048 0.055 0.034 0.022 0.024 0.045 0.153 0.015 0.017 0.021 0.045 0.035 0.006 0.017 0.031
260 R 0.114 0.164 0.039 0.035 0.014 0.036 0.046 0.05 0.019 0.034 0.051 0.075 0.016 0.02 0.025 0.099 0.092 0.006 0.017 0.048
261 S 0.108 0.039 0.053 0.048 0.017 0.033 0.051 0.065 0.019 0.029 0.041 0.053 0.015 0.02 0.029 0.235 0.08 0.005 0.017 0.041
262 L 0.091 0.024 0.017 0.018 0.014 0.016 0.024 0.035 0.013 0.072 0.2 0.027 0.031 0.117 0.015 0.036 0.032 0.108 0.043 0.068
263 G 0.144 0.092 0.029 0.028 0.015 0.026 0.035 0.175 0.015 0.056 0.061 0.052 0.017 0.022 0.022 0.056 0.041 0.005 0.016 0.092
264 G 0.056 0.035 0.214 0.062 0.01 0.027 0.039 0.246 0.024 0.021 0.03 0.045 0.01 0.017 0.019 0.061 0.041 0.005 0.013 0.025
265 Y 0.122 0.028 0.029 0.027 0.014 0.023 0.032 0.14 0.027 0.039 0.056 0.036 0.016 0.063 0.021 0.057 0.065 0.014 0.141 0.05
266 L 0.105 0.023 0.017 0.019 0.018 0.017 0.024 0.033 0.01 0.161 0.176 0.028 0.033 0.038 0.018 0.039 0.043 0.006 0.02 0.173
267 L 0.049 0.026 0.02 0.019 0.016 0.018 0.024 0.025 0.011 0.101 0.323 0.029 0.043 0.048 0.017 0.037 0.078 0.007 0.021 0.089
268 L 0.105 0.023 0.017 0.019 0.018 0.017 0.024 0.033 0.01 0.149 0.191 0.028 0.034 0.039 0.018 0.039 0.042 0.006 0.02 0.168
269 L 0.073 0.024 0.02 0.02 0.016 0.017 0.023 0.125 0.011 0.099 0.242 0.028 0.035 0.04 0.016 0.035 0.036 0.006 0.019 0.116
270 L 0.154 0.026 0.019 0.021 0.019 0.02 0.029 0.044 0.011 0.098 0.187 0.033 0.031 0.036 0.021 0.05 0.043 0.006 0.02 0.134
271 L 0.075 0.032 0.035 0.032 0.017 0.025 0.036 0.043 0.014 0.067 0.184 0.04 0.029 0.034 0.023 0.122 0.098 0.006 0.019 0.068
272 G 0.075 0.022 0.034 0.03 0.012 0.018 0.025 0.421 0.012 0.047 0.048 0.032 0.014 0.02 0.018 0.047 0.033 0.005 0.013 0.076
273 G 0.122 0.024 0.036 0.032 0.013 0.02 0.028 0.431 0.013 0.023 0.034 0.035 0.011 0.017 0.021 0.057 0.033 0.005 0.012 0.033
274 L 0.042 0.023 0.014 0.015 0.015 0.015 0.02 0.022 0.011 0.103 0.333 0.024 0.044 0.123 0.013 0.024 0.031 0.009 0.035 0.086
275 A 0.179 0.035 0.04 0.038 0.019 0.028 0.044 0.065 0.016 0.039 0.052 0.048 0.017 0.021 0.029 0.146 0.104 0.005 0.017 0.057
276 L 0.049 0.025 0.02 0.02 0.016 0.017 0.024 0.026 0.011 0.097 0.269 0.028 0.038 0.092 0.016 0.038 0.078 0.008 0.03 0.097
277 L 0.044 0.024 0.014 0.015 0.016 0.016 0.02 0.021 0.01 0.113 0.388 0.025 0.049 0.054 0.014 0.024 0.033 0.007 0.022 0.094
278 T 0.079 0.036 0.045 0.039 0.017 0.028 0.041 0.047 0.015 0.048 0.059 0.046 0.019 0.023 0.027 0.12 0.225 0.006 0.017 0.064
279 F 0.036 0.02 0.016 0.016 0.012 0.012 0.019 0.024 0.015 0.076 0.186 0.02 0.031 0.307 0.011 0.025 0.027 0.014 0.07 0.065
280 R 0.05 0.182 0.04 0.048 0.008 0.124 0.123 0.036 0.026 0.024 0.044 0.098 0.017 0.016 0.022 0.05 0.037 0.006 0.018 0.032
281 V 0.069 0.021 0.016 0.017 0.019 0.016 0.023 0.024 0.008 0.161 0.128 0.026 0.031 0.035 0.016 0.032 0.048 0.005 0.02 0.283
282 K 0.056 0.105 0.041 0.041 0.008 0.052 0.069 0.042 0.02 0.027 0.042 0.292 0.015 0.015 0.027 0.052 0.039 0.005 0.017 0.032
283 S 0.147 0.038 0.047 0.044 0.018 0.031 0.049 0.067 0.018 0.032 0.045 0.051 0.016 0.021 0.029 0.205 0.074 0.005 0.017 0.046
284 I 0.043 0.019 0.015 0.017 0.015 0.013 0.018 0.021 0.01 0.206 0.199 0.023 0.036 0.117 0.014 0.024 0.035 0.008 0.034 0.134
285 V 0.069 0.021 0.016 0.017 0.019 0.016 0.023 0.024 0.008 0.161 0.128 0.026 0.031 0.035 0.016 0.032 0.048 0.005 0.02 0.283
286 G 0.077 0.022 0.038 0.033 0.011 0.019 0.025 0.52 0.013 0.019 0.028 0.033 0.009 0.016 0.019 0.05 0.029 0.005 0.011 0.024
287 L 0.044 0.024 0.014 0.015 0.016 0.016 0.02 0.021 0.01 0.113 0.388 0.025 0.049 0.054 0.014 0.024 0.033 0.007 0.022 0.094
288 L 0.049 0.023 0.014 0.015 0.016 0.016 0.02 0.022 0.01 0.123 0.336 0.025 0.045 0.05 0.014 0.026 0.036 0.007 0.022 0.132
289 L 0.154 0.026 0.023 0.024 0.017 0.02 0.029 0.143 0.012 0.066 0.184 0.034 0.028 0.033 0.021 0.053 0.038 0.006 0.018 0.069
290 A 0.164 0.03 0.03 0.03 0.019 0.024 0.036 0.053 0.013 0.07 0.074 0.04 0.021 0.025 0.026 0.076 0.134 0.006 0.018 0.111
291 L 0.062 0.029 0.027 0.026 0.016 0.021 0.03 0.034 0.012 0.084 0.254 0.034 0.036 0.041 0.02 0.08 0.088 0.006 0.02 0.079
292 G 0.182 0.029 0.033 0.032 0.017 0.023 0.035 0.218 0.014 0.036 0.049 0.04 0.015 0.02 0.025 0.074 0.085 0.005 0.015 0.053
293 G 0.097 0.022 0.026 0.025 0.015 0.017 0.025 0.228 0.011 0.121 0.088 0.03 0.022 0.028 0.018 0.044 0.038 0.005 0.016 0.121
294 L 0.054 0.023 0.015 0.016 0.017 0.016 0.021 0.022 0.009 0.132 0.284 0.025 0.042 0.046 0.015 0.027 0.039 0.006 0.021 0.17
295 G 0.072 0.025 0.03 0.028 0.015 0.019 0.027 0.226 0.011 0.082 0.075 0.032 0.02 0.025 0.019 0.051 0.083 0.005 0.016 0.137
296 L 0.071 0.025 0.022 0.021 0.015 0.018 0.024 0.126 0.011 0.089 0.255 0.029 0.036 0.041 0.017 0.038 0.049 0.006 0.019 0.089
297 R 0.044 0.358 0.038 0.03 0.008 0.047 0.051 0.032 0.023 0.023 0.046 0.118 0.015 0.017 0.019 0.044 0.034 0.006 0.017 0.03
298 Y 0.144 0.027 0.022 0.022 0.014 0.021 0.031 0.045 0.027 0.046 0.073 0.033 0.019 0.14 0.02 0.051 0.036 0.016 0.157 0.056
299 G 0.064 0.023 0.029 0.026 0.013 0.017 0.023 0.32 0.012 0.056 0.172 0.03 0.025 0.031 0.017 0.04 0.031 0.006 0.015 0.052
300 R 0.043 0.295 0.096 0.041 0.008 0.045 0.051 0.039 0.024 0.023 0.043 0.105 0.014 0.017 0.019 0.049 0.037 0.005 0.017 0.03
301 P 0.105 0.026 0.023 0.03 0.012 0.021 0.036 0.044 0.013 0.029 0.04 0.041 0.012 0.014 0.409 0.051 0.038 0.003 0.014 0.038
302 L 0.067 0.022 0.016 0.017 0.016 0.016 0.022 0.027 0.01 0.142 0.167 0.025 0.031 0.044 0.014 0.03 0.038 0.105 0.03 0.158
303 G 0.062 0.022 0.024 0.023 0.014 0.016 0.022 0.221 0.011 0.119 0.147 0.028 0.027 0.033 0.016 0.036 0.036 0.006 0.017 0.12
304 L 0.105 0.023 0.017 0.019 0.018 0.017 0.024 0.033 0.01 0.161 0.176 0.028 0.033 0.038 0.018 0.039 0.043 0.006 0.02 0.173
305 A 0.205 0.094 0.026 0.027 0.018 0.028 0.039 0.057 0.015 0.062 0.07 0.055 0.02 0.023 0.025 0.065 0.046 0.005 0.018 0.103
306 L 0.138 0.025 0.02 0.022 0.018 0.019 0.028 0.041 0.011 0.13 0.16 0.032 0.03 0.035 0.02 0.05 0.058 0.006 0.019 0.137
307 L 0.106 0.024 0.017 0.019 0.018 0.018 0.025 0.033 0.01 0.118 0.218 0.029 0.035 0.04 0.018 0.039 0.042 0.006 0.02 0.165
308 L 0.102 0.025 0.017 0.018 0.018 0.018 0.025 0.033 0.01 0.112 0.253 0.029 0.038 0.042 0.018 0.038 0.04 0.006 0.02 0.139
309 C 0.177 0.024 0.02 0.022 0.178 0.019 0.028 0.051 0.011 0.067 0.074 0.032 0.02 0.024 0.022 0.059 0.044 0.005 0.016 0.107
310 V 0.108 0.023 0.022 0.022 0.112 0.017 0.026 0.039 0.012 0.08 0.089 0.029 0.022 0.1 0.019 0.05 0.07 0.007 0.031 0.12
311 L 0.122 0.025 0.023 0.024 0.016 0.019 0.027 0.169 0.012 0.069 0.204 0.032 0.03 0.035 0.019 0.047 0.036 0.006 0.018 0.068
312 P 0.056 0.025 0.023 0.03 0.01 0.02 0.035 0.035 0.013 0.025 0.035 0.04 0.01 0.013 0.503 0.043 0.035 0.003 0.013 0.03
313 L 0.146 0.025 0.019 0.021 0.017 0.018 0.028 0.044 0.013 0.075 0.201 0.031 0.031 0.11 0.019 0.048 0.038 0.008 0.033 0.075
314 V 0.147 0.024 0.019 0.021 0.02 0.019 0.028 0.042 0.01 0.122 0.105 0.032 0.026 0.03 0.02 0.049 0.049 0.005 0.019 0.211
315 L 0.096 0.024 0.016 0.018 0.017 0.017 0.023 0.032 0.011 0.133 0.277 0.028 0.04 0.045 0.017 0.036 0.037 0.006 0.021 0.105
316 L 0.148 0.026 0.018 0.021 0.018 0.019 0.028 0.043 0.012 0.096 0.241 0.032 0.035 0.04 0.02 0.048 0.04 0.006 0.02 0.089
317 L 0.055 0.022 0.015 0.016 0.017 0.016 0.021 0.022 0.009 0.147 0.252 0.025 0.04 0.044 0.015 0.028 0.04 0.006 0.021 0.188
318 A 0.19 0.026 0.022 0.025 0.019 0.021 0.032 0.053 0.012 0.115 0.094 0.036 0.024 0.029 0.023 0.062 0.061 0.005 0.018 0.132
319 G 0.135 0.024 0.027 0.027 0.016 0.019 0.028 0.236 0.012 0.072 0.069 0.033 0.019 0.024 0.021 0.053 0.041 0.005 0.016 0.122
320 P 0.056 0.025 0.023 0.03 0.01 0.02 0.035 0.035 0.013 0.025 0.035 0.04 0.01 0.013 0.503 0.043 0.035 0.003 0.013 0.03
