#Seq2Logo.py -f /work3/idamei/ssn-clusterings/clustering/2205181304/clusters/0011_51/sequences.afa -o /work3/idamei/ssn-clusterings/clustering/2205181304/clusters/0011_51/sequences.logo
#Position Specific Frequency Matrix
A R N D C Q E G H I L K M F P S T W Y V
0 L 0.051 0.032 0.02 0.02 0.016 0.028 0.028 0.028 0.016 0.099 0.194 0.036 0.173 0.047 0.016 0.036 0.04 0.008 0.024 0.091
1 S 0.078 0.033 0.052 0.039 0.016 0.027 0.04 0.047 0.03 0.098 0.077 0.043 0.021 0.027 0.024 0.13 0.111 0.006 0.02 0.08
2 E 0.063 0.079 0.034 0.045 0.013 0.037 0.107 0.055 0.017 0.067 0.069 0.067 0.02 0.023 0.023 0.057 0.096 0.006 0.018 0.105
3 E 0.052 0.053 0.109 0.059 0.011 0.043 0.113 0.042 0.023 0.044 0.079 0.095 0.054 0.025 0.022 0.055 0.051 0.006 0.018 0.048
4 I 0.051 0.036 0.027 0.028 0.013 0.072 0.044 0.03 0.023 0.133 0.1 0.045 0.026 0.052 0.019 0.043 0.065 0.011 0.086 0.097
5 R 0.11 0.119 0.035 0.03 0.013 0.041 0.046 0.044 0.107 0.044 0.106 0.062 0.022 0.028 0.021 0.051 0.036 0.006 0.028 0.05
6 P 0.051 0.047 0.125 0.074 0.009 0.084 0.094 0.046 0.024 0.024 0.037 0.062 0.013 0.015 0.147 0.056 0.041 0.004 0.016 0.03
7 P 0.069 0.036 0.037 0.051 0.011 0.036 0.111 0.043 0.033 0.025 0.037 0.053 0.012 0.017 0.232 0.095 0.047 0.004 0.017 0.033
8 L 0.054 0.024 0.017 0.017 0.016 0.017 0.023 0.023 0.019 0.124 0.181 0.027 0.033 0.065 0.015 0.03 0.039 0.012 0.101 0.165
9 E 0.054 0.048 0.034 0.053 0.011 0.105 0.149 0.033 0.022 0.092 0.076 0.065 0.022 0.023 0.022 0.047 0.039 0.006 0.019 0.081
10 E 0.05 0.186 0.039 0.063 0.008 0.057 0.188 0.034 0.024 0.022 0.041 0.095 0.014 0.017 0.023 0.05 0.036 0.006 0.017 0.031
11 L 0.062 0.035 0.037 0.134 0.011 0.037 0.138 0.035 0.018 0.056 0.158 0.048 0.025 0.03 0.021 0.045 0.036 0.006 0.017 0.054
12 K 0.074 0.066 0.045 0.058 0.011 0.049 0.132 0.048 0.021 0.026 0.04 0.142 0.015 0.018 0.028 0.115 0.053 0.005 0.017 0.035
13 S 0.09 0.054 0.062 0.044 0.016 0.03 0.046 0.056 0.018 0.073 0.063 0.052 0.019 0.024 0.026 0.172 0.069 0.005 0.018 0.063
14 D 0.068 0.031 0.048 0.165 0.014 0.027 0.056 0.046 0.016 0.083 0.073 0.042 0.027 0.025 0.023 0.107 0.053 0.005 0.016 0.076
15 G 0.057 0.044 0.046 0.038 0.009 0.075 0.055 0.207 0.161 0.022 0.036 0.052 0.014 0.022 0.02 0.048 0.031 0.006 0.032 0.026
16 F 0.051 0.022 0.02 0.02 0.015 0.015 0.023 0.028 0.013 0.147 0.155 0.026 0.031 0.158 0.015 0.048 0.04 0.009 0.043 0.122
17 Q 0.054 0.119 0.043 0.044 0.009 0.189 0.094 0.04 0.028 0.026 0.047 0.096 0.02 0.015 0.023 0.054 0.04 0.006 0.02 0.034
18 E 0.057 0.095 0.04 0.071 0.008 0.054 0.212 0.114 0.023 0.022 0.037 0.076 0.013 0.017 0.024 0.053 0.035 0.006 0.016 0.03
19 I 0.059 0.073 0.093 0.037 0.013 0.025 0.034 0.038 0.017 0.134 0.093 0.048 0.023 0.028 0.086 0.044 0.041 0.005 0.018 0.093
20 N 0.044 0.045 0.271 0.119 0.009 0.033 0.054 0.06 0.028 0.024 0.032 0.061 0.011 0.017 0.021 0.067 0.055 0.004 0.015 0.028
21 G 0.072 0.053 0.103 0.049 0.012 0.034 0.048 0.171 0.02 0.026 0.037 0.107 0.013 0.018 0.024 0.102 0.058 0.005 0.015 0.033
22 Y 0.127 0.03 0.028 0.026 0.014 0.024 0.035 0.047 0.031 0.044 0.074 0.038 0.019 0.076 0.022 0.079 0.043 0.016 0.173 0.054
23 R 0.047 0.215 0.111 0.046 0.008 0.045 0.055 0.043 0.024 0.024 0.041 0.145 0.014 0.017 0.021 0.052 0.039 0.005 0.017 0.03
24 Q 0.065 0.054 0.039 0.04 0.012 0.126 0.069 0.101 0.022 0.04 0.099 0.074 0.023 0.022 0.022 0.079 0.045 0.006 0.019 0.044
25 A 0.106 0.032 0.03 0.029 0.016 0.026 0.036 0.045 0.024 0.059 0.093 0.04 0.057 0.055 0.022 0.094 0.058 0.012 0.097 0.07
26 N 0.054 0.051 0.148 0.067 0.011 0.042 0.113 0.049 0.024 0.03 0.042 0.086 0.014 0.018 0.024 0.069 0.097 0.005 0.016 0.039
27 T 0.08 0.032 0.038 0.037 0.015 0.026 0.048 0.045 0.016 0.047 0.069 0.042 0.019 0.115 0.024 0.108 0.137 0.008 0.035 0.057
28 L 0.05 0.026 0.023 0.022 0.015 0.02 0.026 0.027 0.02 0.116 0.18 0.031 0.031 0.063 0.018 0.043 0.089 0.012 0.097 0.093
29 Y 0.043 0.024 0.018 0.017 0.013 0.018 0.023 0.023 0.028 0.12 0.171 0.027 0.03 0.089 0.015 0.028 0.032 0.017 0.175 0.09
30 F 0.04 0.108 0.062 0.029 0.01 0.026 0.033 0.031 0.026 0.07 0.081 0.052 0.021 0.143 0.016 0.037 0.033 0.014 0.113 0.058
31 N 0.052 0.04 0.178 0.068 0.011 0.037 0.107 0.047 0.024 0.057 0.057 0.052 0.016 0.022 0.02 0.056 0.046 0.005 0.017 0.091
32 L 0.069 0.031 0.03 0.029 0.016 0.025 0.034 0.039 0.015 0.076 0.197 0.038 0.066 0.054 0.02 0.105 0.052 0.007 0.023 0.072
33 F 0.034 0.019 0.017 0.017 0.011 0.011 0.019 0.025 0.017 0.064 0.114 0.019 0.025 0.385 0.011 0.025 0.025 0.017 0.089 0.055
34 L 0.045 0.024 0.014 0.015 0.016 0.016 0.02 0.021 0.01 0.116 0.374 0.025 0.05 0.055 0.014 0.024 0.033 0.007 0.022 0.096
35 L 0.055 0.025 0.022 0.021 0.016 0.018 0.025 0.028 0.011 0.109 0.186 0.029 0.033 0.098 0.017 0.043 0.092 0.008 0.031 0.131
36 F 0.037 0.018 0.016 0.017 0.012 0.011 0.018 0.024 0.015 0.117 0.126 0.02 0.028 0.308 0.011 0.025 0.029 0.014 0.071 0.084
37 G 0.077 0.023 0.039 0.033 0.011 0.019 0.025 0.517 0.013 0.019 0.028 0.033 0.009 0.016 0.019 0.051 0.029 0.005 0.011 0.024
38 L 0.046 0.023 0.015 0.016 0.016 0.016 0.02 0.042 0.01 0.138 0.333 0.025 0.045 0.051 0.014 0.025 0.034 0.007 0.021 0.105
39 C 0.069 0.026 0.03 0.027 0.252 0.02 0.028 0.038 0.011 0.049 0.065 0.033 0.018 0.022 0.022 0.066 0.143 0.005 0.015 0.064
40 I 0.047 0.018 0.015 0.018 0.016 0.013 0.018 0.02 0.009 0.275 0.167 0.023 0.037 0.044 0.015 0.025 0.04 0.006 0.02 0.176
41 F 0.039 0.02 0.016 0.016 0.013 0.013 0.019 0.023 0.013 0.109 0.199 0.021 0.034 0.237 0.012 0.025 0.03 0.012 0.057 0.09
42 L 0.124 0.029 0.027 0.027 0.018 0.022 0.033 0.046 0.013 0.075 0.217 0.037 0.033 0.037 0.022 0.091 0.049 0.006 0.02 0.075
43 V 0.058 0.02 0.016 0.018 0.017 0.015 0.021 0.023 0.009 0.217 0.144 0.025 0.033 0.039 0.016 0.031 0.053 0.006 0.02 0.218
44 A 0.18 0.036 0.043 0.041 0.019 0.03 0.047 0.07 0.017 0.034 0.048 0.05 0.016 0.021 0.029 0.176 0.069 0.005 0.017 0.051
45 F 0.033 0.019 0.017 0.017 0.01 0.01 0.019 0.025 0.017 0.062 0.113 0.019 0.025 0.396 0.01 0.025 0.025 0.017 0.087 0.054
46 R 0.044 0.355 0.038 0.031 0.008 0.048 0.052 0.032 0.023 0.023 0.046 0.118 0.015 0.017 0.019 0.044 0.034 0.006 0.017 0.031
47 L 0.047 0.02 0.015 0.017 0.015 0.014 0.02 0.022 0.011 0.16 0.199 0.023 0.036 0.132 0.014 0.026 0.036 0.009 0.038 0.146
48 L 0.049 0.048 0.029 0.031 0.012 0.121 0.061 0.031 0.019 0.07 0.216 0.057 0.035 0.034 0.019 0.04 0.037 0.006 0.021 0.065
49 L 0.051 0.02 0.015 0.017 0.017 0.015 0.019 0.021 0.009 0.21 0.211 0.024 0.038 0.044 0.015 0.026 0.04 0.006 0.021 0.181
50 P 0.053 0.024 0.019 0.023 0.013 0.018 0.028 0.029 0.011 0.097 0.151 0.033 0.026 0.03 0.258 0.035 0.037 0.004 0.017 0.096
51 A 0.228 0.034 0.036 0.036 0.02 0.028 0.044 0.073 0.016 0.038 0.052 0.047 0.017 0.021 0.029 0.139 0.061 0.005 0.017 0.058
52 L 0.051 0.022 0.015 0.016 0.017 0.015 0.02 0.022 0.009 0.168 0.266 0.025 0.041 0.047 0.015 0.026 0.038 0.006 0.021 0.161
53 L 0.046 0.021 0.014 0.016 0.016 0.015 0.019 0.021 0.009 0.193 0.274 0.024 0.042 0.048 0.014 0.025 0.036 0.006 0.021 0.139
54 F 0.038 0.022 0.017 0.017 0.012 0.014 0.021 0.025 0.016 0.072 0.141 0.022 0.057 0.309 0.012 0.027 0.028 0.014 0.071 0.064
55 L 0.046 0.024 0.016 0.017 0.016 0.018 0.021 0.022 0.011 0.152 0.282 0.027 0.077 0.05 0.015 0.027 0.036 0.007 0.022 0.114
56 L 0.109 0.022 0.017 0.02 0.017 0.017 0.024 0.035 0.01 0.18 0.194 0.029 0.035 0.041 0.018 0.039 0.04 0.006 0.02 0.128
57 L 0.09 0.024 0.024 0.024 0.016 0.019 0.026 0.096 0.012 0.14 0.173 0.031 0.031 0.037 0.019 0.061 0.043 0.006 0.019 0.11
58 A 0.137 0.028 0.029 0.029 0.117 0.022 0.034 0.051 0.013 0.069 0.072 0.037 0.02 0.024 0.023 0.105 0.056 0.005 0.017 0.111
59 I 0.125 0.026 0.027 0.028 0.018 0.021 0.032 0.046 0.013 0.159 0.108 0.036 0.026 0.032 0.022 0.091 0.052 0.006 0.019 0.114
60 L 0.061 0.025 0.024 0.025 0.016 0.019 0.027 0.032 0.012 0.177 0.189 0.031 0.034 0.04 0.018 0.076 0.048 0.006 0.02 0.121
61 V 0.045 0.02 0.016 0.017 0.013 0.014 0.02 0.025 0.012 0.134 0.115 0.023 0.027 0.134 0.012 0.026 0.034 0.132 0.049 0.134
62 R 0.063 0.115 0.107 0.043 0.013 0.032 0.043 0.045 0.02 0.062 0.068 0.062 0.025 0.024 0.021 0.086 0.051 0.005 0.018 0.097
63 L 0.053 0.022 0.02 0.02 0.015 0.016 0.021 0.145 0.01 0.132 0.241 0.027 0.036 0.042 0.015 0.031 0.034 0.006 0.019 0.097
64 L 0.057 0.046 0.028 0.028 0.015 0.027 0.037 0.032 0.013 0.102 0.148 0.095 0.028 0.047 0.021 0.049 0.093 0.006 0.022 0.104
65 T 0.074 0.116 0.044 0.038 0.015 0.034 0.045 0.046 0.017 0.039 0.054 0.065 0.017 0.021 0.026 0.115 0.158 0.006 0.017 0.053
66 F 0.036 0.02 0.016 0.016 0.012 0.012 0.019 0.024 0.015 0.075 0.181 0.02 0.031 0.31 0.011 0.025 0.027 0.014 0.071 0.064
67 K 0.053 0.16 0.041 0.04 0.008 0.095 0.073 0.04 0.023 0.026 0.044 0.196 0.017 0.016 0.024 0.051 0.038 0.005 0.018 0.032
68 A 0.178 0.051 0.034 0.038 0.015 0.126 0.071 0.059 0.022 0.034 0.052 0.067 0.019 0.018 0.026 0.069 0.045 0.006 0.019 0.051
69 P 0.06 0.115 0.109 0.047 0.011 0.033 0.046 0.048 0.021 0.025 0.038 0.066 0.013 0.017 0.162 0.089 0.048 0.004 0.015 0.032
70 L 0.048 0.108 0.023 0.021 0.014 0.028 0.03 0.026 0.015 0.127 0.166 0.052 0.089 0.039 0.016 0.034 0.038 0.007 0.021 0.097
71 R 0.127 0.143 0.039 0.037 0.014 0.039 0.052 0.054 0.019 0.03 0.047 0.119 0.016 0.019 0.026 0.103 0.051 0.005 0.017 0.043
72 G 0.084 0.03 0.043 0.038 0.014 0.024 0.035 0.286 0.015 0.03 0.04 0.041 0.013 0.019 0.023 0.106 0.099 0.005 0.014 0.04
73 W 0.033 0.023 0.017 0.016 0.009 0.015 0.023 0.027 0.023 0.041 0.071 0.024 0.018 0.161 0.01 0.025 0.024 0.261 0.137 0.04
74 L 0.096 0.024 0.017 0.018 0.016 0.017 0.024 0.034 0.013 0.088 0.238 0.027 0.036 0.132 0.016 0.037 0.035 0.009 0.037 0.087
75 W 0.036 0.023 0.016 0.017 0.01 0.016 0.022 0.028 0.015 0.063 0.102 0.024 0.051 0.141 0.01 0.026 0.027 0.256 0.061 0.055
76 L 0.049 0.023 0.016 0.017 0.015 0.017 0.022 0.024 0.012 0.117 0.204 0.026 0.064 0.133 0.014 0.029 0.037 0.009 0.038 0.133
77 G 0.069 0.023 0.032 0.029 0.012 0.018 0.024 0.393 0.012 0.042 0.117 0.031 0.019 0.025 0.017 0.044 0.03 0.006 0.013 0.042
78 F 0.054 0.028 0.065 0.032 0.011 0.021 0.03 0.117 0.025 0.045 0.091 0.033 0.02 0.143 0.017 0.062 0.037 0.014 0.112 0.045
79 I 0.049 0.018 0.015 0.017 0.016 0.013 0.018 0.021 0.009 0.267 0.161 0.024 0.036 0.042 0.015 0.026 0.04 0.006 0.02 0.187
80 L 0.069 0.033 0.032 0.03 0.017 0.026 0.035 0.039 0.015 0.074 0.171 0.04 0.064 0.036 0.022 0.096 0.103 0.006 0.02 0.074
81 L 0.045 0.023 0.016 0.016 0.015 0.016 0.021 0.023 0.012 0.105 0.261 0.025 0.056 0.136 0.014 0.027 0.034 0.009 0.038 0.107
82 F 0.033 0.019 0.017 0.017 0.01 0.01 0.019 0.025 0.017 0.062 0.113 0.019 0.025 0.396 0.01 0.025 0.025 0.017 0.087 0.054
83 F 0.036 0.02 0.016 0.016 0.012 0.012 0.019 0.024 0.015 0.075 0.181 0.02 0.031 0.31 0.011 0.025 0.027 0.014 0.071 0.064
84 G 0.128 0.026 0.032 0.03 0.095 0.021 0.03 0.187 0.013 0.039 0.054 0.036 0.016 0.036 0.023 0.066 0.092 0.006 0.017 0.053
85 L 0.059 0.022 0.016 0.018 0.016 0.016 0.021 0.025 0.01 0.191 0.247 0.026 0.04 0.046 0.016 0.035 0.039 0.006 0.021 0.131
86 Y 0.037 0.026 0.02 0.018 0.009 0.02 0.026 0.026 0.038 0.04 0.064 0.029 0.018 0.112 0.013 0.029 0.026 0.146 0.263 0.042
87 L 0.042 0.026 0.018 0.017 0.013 0.019 0.024 0.023 0.028 0.078 0.226 0.028 0.034 0.091 0.015 0.027 0.03 0.017 0.175 0.07
88 F 0.045 0.021 0.016 0.016 0.014 0.013 0.02 0.024 0.013 0.1 0.185 0.022 0.033 0.22 0.013 0.027 0.033 0.011 0.054 0.121
89 F 0.038 0.021 0.015 0.016 0.013 0.013 0.019 0.023 0.014 0.086 0.237 0.022 0.036 0.239 0.012 0.025 0.029 0.012 0.057 0.073
90 G 0.077 0.023 0.039 0.033 0.011 0.019 0.025 0.517 0.013 0.019 0.028 0.033 0.009 0.016 0.019 0.051 0.029 0.005 0.011 0.024
91 L 0.046 0.026 0.015 0.016 0.016 0.019 0.022 0.023 0.011 0.11 0.337 0.028 0.08 0.052 0.014 0.027 0.035 0.007 0.022 0.094
92 G 0.075 0.034 0.121 0.142 0.011 0.028 0.053 0.174 0.02 0.024 0.033 0.046 0.011 0.017 0.022 0.094 0.047 0.005 0.014 0.03
93 H 0.042 0.045 0.121 0.049 0.008 0.037 0.052 0.044 0.281 0.022 0.036 0.047 0.014 0.027 0.019 0.048 0.032 0.007 0.046 0.024
94 Y 0.038 0.025 0.02 0.018 0.009 0.019 0.025 0.025 0.039 0.048 0.079 0.028 0.02 0.196 0.014 0.029 0.027 0.025 0.268 0.048
95 E 0.054 0.049 0.04 0.089 0.007 0.064 0.307 0.034 0.025 0.022 0.036 0.074 0.013 0.016 0.025 0.054 0.036 0.005 0.016 0.031
96 R 0.044 0.355 0.038 0.031 0.008 0.048 0.052 0.032 0.023 0.023 0.046 0.118 0.015 0.017 0.019 0.044 0.034 0.006 0.017 0.031
97 G 0.077 0.023 0.039 0.033 0.011 0.019 0.025 0.517 0.013 0.019 0.028 0.033 0.009 0.016 0.019 0.051 0.029 0.005 0.011 0.024
98 P 0.178 0.028 0.024 0.03 0.016 0.023 0.038 0.056 0.014 0.034 0.047 0.042 0.014 0.017 0.265 0.063 0.042 0.004 0.015 0.049
99 D 0.053 0.033 0.054 0.234 0.008 0.035 0.128 0.161 0.019 0.021 0.03 0.049 0.01 0.015 0.022 0.052 0.034 0.005 0.012 0.026
100 K 0.056 0.106 0.041 0.041 0.008 0.053 0.07 0.043 0.02 0.027 0.043 0.289 0.015 0.015 0.027 0.053 0.039 0.005 0.017 0.032
101 F 0.033 0.019 0.017 0.017 0.01 0.01 0.019 0.025 0.017 0.062 0.113 0.019 0.025 0.396 0.01 0.025 0.025 0.017 0.087 0.054
102 L 0.059 0.028 0.028 0.027 0.017 0.021 0.029 0.032 0.011 0.125 0.17 0.034 0.031 0.036 0.021 0.058 0.147 0.006 0.019 0.102
103 N 0.062 0.038 0.183 0.061 0.011 0.03 0.046 0.057 0.023 0.025 0.035 0.05 0.012 0.017 0.143 0.103 0.053 0.004 0.015 0.031
104 R 0.108 0.191 0.029 0.026 0.013 0.034 0.041 0.041 0.018 0.051 0.134 0.076 0.024 0.027 0.02 0.049 0.038 0.006 0.018 0.056
105 V 0.055 0.023 0.023 0.022 0.016 0.017 0.024 0.028 0.012 0.14 0.118 0.028 0.028 0.125 0.017 0.043 0.093 0.008 0.036 0.144
106 L 0.06 0.028 0.024 0.023 0.016 0.02 0.028 0.032 0.012 0.093 0.299 0.032 0.041 0.046 0.018 0.076 0.045 0.007 0.021 0.081
107 L 0.056 0.023 0.015 0.016 0.017 0.016 0.021 0.023 0.009 0.138 0.257 0.025 0.04 0.045 0.015 0.028 0.041 0.006 0.021 0.187
108 I 0.046 0.017 0.014 0.017 0.016 0.013 0.017 0.02 0.009 0.282 0.165 0.023 0.036 0.044 0.014 0.025 0.039 0.006 0.02 0.174
109 Y 0.048 0.025 0.018 0.017 0.013 0.019 0.025 0.024 0.028 0.09 0.162 0.028 0.029 0.087 0.015 0.029 0.034 0.017 0.175 0.117
110 L 0.042 0.024 0.016 0.017 0.014 0.017 0.021 0.024 0.014 0.091 0.235 0.025 0.071 0.181 0.013 0.027 0.032 0.011 0.047 0.079
111 Y 0.074 0.034 0.037 0.033 0.013 0.027 0.04 0.045 0.032 0.036 0.054 0.042 0.017 0.075 0.022 0.131 0.054 0.016 0.173 0.044
112 F 0.036 0.02 0.018 0.018 0.011 0.011 0.02 0.027 0.017 0.061 0.11 0.02 0.025 0.38 0.011 0.034 0.027 0.016 0.085 0.054
113 L 0.055 0.021 0.015 0.017 0.017 0.015 0.02 0.022 0.009 0.19 0.205 0.025 0.037 0.043 0.015 0.028 0.042 0.006 0.021 0.198
114 F 0.036 0.02 0.016 0.016 0.012 0.012 0.019 0.024 0.015 0.075 0.181 0.02 0.031 0.31 0.011 0.025 0.027 0.014 0.071 0.064
115 F 0.033 0.019 0.017 0.017 0.01 0.01 0.019 0.025 0.017 0.062 0.113 0.019 0.025 0.396 0.01 0.025 0.025 0.017 0.087 0.054
116 F 0.037 0.023 0.019 0.018 0.01 0.016 0.023 0.025 0.031 0.053 0.09 0.025 0.022 0.262 0.013 0.028 0.026 0.022 0.208 0.05
117 G 0.075 0.025 0.031 0.029 0.016 0.02 0.029 0.157 0.012 0.123 0.091 0.034 0.023 0.029 0.02 0.085 0.049 0.005 0.017 0.13
118 L 0.044 0.024 0.014 0.015 0.016 0.016 0.02 0.021 0.01 0.114 0.385 0.025 0.049 0.054 0.014 0.024 0.033 0.007 0.022 0.095
119 G 0.077 0.023 0.039 0.033 0.011 0.019 0.025 0.517 0.013 0.019 0.028 0.033 0.009 0.016 0.019 0.051 0.029 0.005 0.011 0.024
120 Y 0.063 0.028 0.028 0.025 0.132 0.022 0.031 0.037 0.03 0.04 0.06 0.034 0.017 0.075 0.019 0.083 0.043 0.016 0.171 0.047
121 G 0.064 0.066 0.035 0.034 0.012 0.078 0.054 0.156 0.018 0.058 0.061 0.102 0.019 0.02 0.021 0.047 0.039 0.005 0.017 0.093
122 E 0.048 0.121 0.047 0.154 0.007 0.051 0.189 0.037 0.023 0.022 0.036 0.078 0.012 0.016 0.023 0.051 0.035 0.005 0.015 0.029
123 A 0.127 0.051 0.038 0.049 0.015 0.037 0.108 0.051 0.018 0.039 0.053 0.056 0.017 0.021 0.027 0.09 0.126 0.006 0.017 0.056
124 Q 0.073 0.052 0.041 0.041 0.013 0.126 0.07 0.044 0.022 0.06 0.064 0.066 0.021 0.021 0.023 0.101 0.054 0.006 0.019 0.083
125 T 0.067 0.04 0.045 0.086 0.013 0.04 0.132 0.043 0.019 0.038 0.05 0.056 0.016 0.02 0.027 0.087 0.147 0.005 0.017 0.051
126 G 0.059 0.109 0.072 0.052 0.012 0.029 0.039 0.139 0.018 0.087 0.069 0.057 0.019 0.024 0.019 0.067 0.042 0.005 0.016 0.066
127 R 0.044 0.267 0.111 0.044 0.008 0.044 0.052 0.041 0.025 0.023 0.042 0.109 0.014 0.017 0.02 0.05 0.038 0.005 0.017 0.03
128 K 0.053 0.069 0.034 0.047 0.01 0.046 0.116 0.035 0.019 0.089 0.072 0.169 0.02 0.023 0.024 0.046 0.038 0.005 0.018 0.067
129 K 0.057 0.15 0.041 0.037 0.011 0.045 0.057 0.04 0.019 0.032 0.049 0.185 0.016 0.018 0.025 0.06 0.093 0.005 0.017 0.041
130 W 0.037 0.106 0.021 0.019 0.01 0.023 0.029 0.028 0.016 0.049 0.134 0.047 0.024 0.048 0.012 0.028 0.028 0.253 0.043 0.046
131 L 0.044 0.022 0.014 0.016 0.016 0.015 0.019 0.021 0.01 0.156 0.33 0.025 0.046 0.051 0.014 0.024 0.034 0.007 0.022 0.115
132 N 0.075 0.042 0.19 0.065 0.013 0.033 0.05 0.065 0.025 0.026 0.036 0.053 0.013 0.019 0.025 0.15 0.065 0.005 0.016 0.034
133 F 0.04 0.041 0.023 0.023 0.01 0.022 0.032 0.029 0.02 0.052 0.091 0.087 0.022 0.279 0.015 0.032 0.029 0.015 0.09 0.048
134 F 0.033 0.019 0.017 0.017 0.01 0.01 0.019 0.025 0.017 0.062 0.113 0.019 0.025 0.396 0.01 0.025 0.025 0.017 0.087 0.054
135 S 0.097 0.034 0.044 0.04 0.136 0.028 0.043 0.057 0.016 0.033 0.047 0.045 0.016 0.02 0.026 0.184 0.07 0.005 0.016 0.045
136 L 0.044 0.024 0.014 0.015 0.016 0.016 0.02 0.021 0.01 0.114 0.385 0.025 0.049 0.054 0.014 0.024 0.033 0.007 0.022 0.095
137 C 0.049 0.017 0.016 0.016 0.251 0.011 0.017 0.029 0.012 0.053 0.088 0.019 0.021 0.208 0.013 0.033 0.031 0.01 0.05 0.055
138 S 0.108 0.04 0.053 0.048 0.017 0.033 0.052 0.065 0.019 0.029 0.041 0.053 0.015 0.021 0.029 0.231 0.081 0.005 0.017 0.041
139 V 0.058 0.02 0.015 0.017 0.017 0.015 0.02 0.022 0.008 0.222 0.147 0.024 0.034 0.039 0.015 0.029 0.044 0.006 0.02 0.227
140 I 0.113 0.022 0.019 0.022 0.017 0.017 0.025 0.037 0.011 0.206 0.132 0.03 0.03 0.037 0.019 0.048 0.044 0.006 0.019 0.146
141 Y 0.04 0.028 0.021 0.018 0.009 0.021 0.028 0.025 0.046 0.043 0.067 0.031 0.018 0.129 0.015 0.031 0.028 0.028 0.328 0.046
142 V 0.069 0.022 0.016 0.018 0.019 0.016 0.023 0.024 0.008 0.162 0.128 0.026 0.031 0.035 0.016 0.032 0.049 0.005 0.02 0.28
143 L 0.042 0.024 0.018 0.017 0.013 0.018 0.023 0.023 0.028 0.113 0.18 0.027 0.031 0.089 0.015 0.027 0.032 0.017 0.175 0.087
144 L 0.113 0.025 0.021 0.022 0.018 0.019 0.027 0.038 0.011 0.146 0.179 0.032 0.032 0.038 0.02 0.048 0.068 0.006 0.02 0.119
145 V 0.069 0.022 0.016 0.018 0.019 0.016 0.023 0.024 0.008 0.162 0.128 0.026 0.031 0.035 0.016 0.032 0.049 0.005 0.02 0.28
146 C 0.064 0.016 0.016 0.016 0.491 0.012 0.016 0.032 0.008 0.044 0.064 0.02 0.016 0.02 0.016 0.04 0.036 0.004 0.012 0.056
147 I 0.053 0.019 0.015 0.017 0.017 0.014 0.019 0.021 0.008 0.247 0.155 0.024 0.035 0.041 0.015 0.027 0.042 0.006 0.02 0.205
148 Y 0.04 0.028 0.021 0.018 0.009 0.021 0.028 0.025 0.046 0.043 0.067 0.031 0.018 0.129 0.015 0.031 0.028 0.028 0.328 0.046
149 S 0.108 0.04 0.053 0.048 0.017 0.033 0.052 0.065 0.019 0.029 0.041 0.053 0.015 0.021 0.029 0.231 0.081 0.005 0.017 0.041
150 K 0.054 0.077 0.036 0.037 0.01 0.088 0.066 0.037 0.021 0.068 0.078 0.174 0.039 0.023 0.023 0.048 0.04 0.006 0.019 0.058
151 L 0.047 0.021 0.016 0.018 0.016 0.015 0.02 0.023 0.01 0.192 0.249 0.025 0.04 0.062 0.015 0.033 0.038 0.007 0.024 0.131
152 N 0.062 0.059 0.118 0.052 0.011 0.039 0.056 0.052 0.109 0.025 0.038 0.11 0.014 0.021 0.024 0.099 0.049 0.006 0.027 0.031
153 G 0.077 0.023 0.039 0.033 0.011 0.019 0.025 0.517 0.013 0.019 0.028 0.033 0.009 0.016 0.019 0.051 0.029 0.005 0.011 0.024
154 Y 0.04 0.028 0.021 0.018 0.009 0.021 0.028 0.025 0.046 0.043 0.067 0.031 0.018 0.129 0.015 0.031 0.028 0.028 0.328 0.046
155 P 0.056 0.025 0.023 0.031 0.01 0.02 0.036 0.036 0.013 0.025 0.036 0.041 0.01 0.013 0.501 0.043 0.036 0.003 0.013 0.031
156 G 0.077 0.023 0.039 0.033 0.011 0.019 0.025 0.517 0.013 0.019 0.028 0.033 0.009 0.016 0.019 0.051 0.029 0.005 0.011 0.024
157 Y 0.04 0.028 0.021 0.018 0.009 0.021 0.028 0.025 0.046 0.043 0.067 0.031 0.018 0.129 0.015 0.031 0.028 0.028 0.328 0.046
158 N 0.042 0.044 0.327 0.082 0.009 0.033 0.049 0.064 0.031 0.022 0.031 0.053 0.011 0.018 0.02 0.069 0.049 0.004 0.015 0.027
159 G 0.06 0.023 0.026 0.024 0.013 0.017 0.023 0.269 0.012 0.066 0.206 0.029 0.029 0.035 0.016 0.037 0.031 0.006 0.016 0.059
160 V 0.058 0.02 0.015 0.017 0.017 0.015 0.02 0.022 0.008 0.222 0.147 0.024 0.034 0.039 0.015 0.029 0.044 0.006 0.02 0.227
161 Y 0.04 0.028 0.021 0.018 0.009 0.021 0.028 0.025 0.046 0.043 0.067 0.031 0.018 0.129 0.015 0.031 0.028 0.028 0.328 0.046
162 D 0.04 0.029 0.068 0.406 0.007 0.029 0.09 0.046 0.018 0.022 0.028 0.044 0.009 0.015 0.022 0.051 0.035 0.004 0.011 0.024
163 V 0.066 0.023 0.018 0.021 0.017 0.017 0.026 0.027 0.009 0.128 0.105 0.029 0.026 0.03 0.137 0.035 0.045 0.005 0.018 0.217
164 F 0.045 0.019 0.016 0.017 0.014 0.013 0.019 0.024 0.013 0.142 0.13 0.022 0.029 0.218 0.013 0.027 0.034 0.011 0.054 0.141
165 N 0.042 0.044 0.327 0.082 0.009 0.033 0.049 0.064 0.031 0.022 0.031 0.053 0.011 0.018 0.02 0.069 0.049 0.004 0.015 0.027
166 G 0.061 0.175 0.038 0.031 0.01 0.032 0.037 0.275 0.018 0.024 0.043 0.072 0.019 0.018 0.019 0.047 0.032 0.006 0.014 0.03
167 N 0.074 0.041 0.19 0.064 0.013 0.032 0.049 0.084 0.025 0.025 0.036 0.052 0.013 0.019 0.024 0.143 0.063 0.005 0.016 0.033
168 E 0.051 0.044 0.047 0.168 0.007 0.055 0.253 0.037 0.024 0.022 0.034 0.067 0.012 0.016 0.025 0.054 0.036 0.005 0.015 0.029
169 E 0.054 0.049 0.04 0.089 0.007 0.064 0.307 0.034 0.025 0.022 0.036 0.074 0.013 0.016 0.025 0.054 0.036 0.005 0.016 0.031
170 N 0.042 0.044 0.327 0.082 0.009 0.033 0.049 0.064 0.031 0.022 0.031 0.053 0.011 0.018 0.02 0.069 0.049 0.004 0.015 0.027
171 S 0.108 0.04 0.053 0.048 0.017 0.033 0.052 0.065 0.019 0.029 0.041 0.053 0.015 0.021 0.029 0.231 0.081 0.005 0.017 0.041
172 P 0.056 0.025 0.023 0.031 0.01 0.02 0.036 0.036 0.013 0.025 0.036 0.041 0.01 0.013 0.501 0.043 0.036 0.003 0.013 0.031
173 L 0.044 0.024 0.014 0.015 0.016 0.016 0.02 0.021 0.01 0.114 0.385 0.025 0.049 0.054 0.014 0.024 0.033 0.007 0.022 0.095
174 Y 0.04 0.028 0.021 0.018 0.009 0.021 0.028 0.025 0.046 0.043 0.067 0.031 0.018 0.129 0.015 0.031 0.028 0.028 0.328 0.046
175 A 0.301 0.031 0.025 0.029 0.021 0.025 0.04 0.077 0.015 0.043 0.059 0.044 0.017 0.021 0.029 0.084 0.049 0.005 0.017 0.068
176 L 0.044 0.024 0.014 0.015 0.016 0.016 0.02 0.021 0.01 0.114 0.385 0.025 0.049 0.054 0.014 0.024 0.033 0.007 0.022 0.095
177 Q 0.055 0.072 0.043 0.046 0.009 0.226 0.101 0.041 0.029 0.026 0.046 0.09 0.02 0.014 0.023 0.055 0.041 0.006 0.02 0.035
178 L 0.044 0.024 0.014 0.015 0.016 0.016 0.02 0.021 0.01 0.114 0.385 0.025 0.049 0.054 0.014 0.024 0.033 0.007 0.022 0.095
179 I 0.057 0.019 0.015 0.017 0.017 0.015 0.02 0.022 0.008 0.227 0.148 0.024 0.034 0.04 0.015 0.028 0.044 0.006 0.02 0.222
180 L 0.044 0.022 0.014 0.016 0.016 0.015 0.019 0.021 0.01 0.156 0.33 0.025 0.046 0.051 0.014 0.024 0.034 0.007 0.022 0.115
181 F 0.033 0.019 0.017 0.017 0.01 0.01 0.019 0.025 0.017 0.062 0.113 0.019 0.025 0.396 0.01 0.025 0.025 0.017 0.087 0.054
182 T 0.079 0.036 0.045 0.039 0.017 0.028 0.041 0.047 0.015 0.048 0.059 0.047 0.019 0.023 0.028 0.121 0.221 0.006 0.017 0.064
183 I 0.046 0.017 0.014 0.017 0.016 0.013 0.017 0.02 0.009 0.282 0.165 0.023 0.036 0.044 0.014 0.025 0.039 0.006 0.02 0.174
184 L 0.121 0.028 0.025 0.025 0.018 0.021 0.03 0.041 0.012 0.093 0.159 0.035 0.029 0.033 0.022 0.058 0.097 0.006 0.019 0.128
185 Y 0.037 0.026 0.02 0.018 0.009 0.02 0.026 0.026 0.038 0.04 0.064 0.029 0.018 0.112 0.013 0.029 0.026 0.146 0.263 0.042
186 L 0.051 0.022 0.015 0.016 0.017 0.015 0.02 0.022 0.009 0.168 0.266 0.025 0.041 0.047 0.015 0.026 0.038 0.006 0.021 0.161
187 H 0.042 0.045 0.19 0.06 0.008 0.035 0.051 0.051 0.198 0.022 0.034 0.049 0.013 0.024 0.019 0.055 0.037 0.006 0.036 0.025
188 L 0.041 0.028 0.093 0.032 0.013 0.019 0.027 0.033 0.017 0.078 0.228 0.03 0.033 0.13 0.015 0.035 0.035 0.009 0.037 0.068
189 N 0.042 0.044 0.327 0.082 0.009 0.033 0.049 0.064 0.031 0.022 0.031 0.053 0.011 0.018 0.02 0.069 0.049 0.004 0.015 0.027
190 W 0.104 0.045 0.024 0.025 0.011 0.027 0.039 0.045 0.016 0.032 0.051 0.094 0.016 0.039 0.018 0.045 0.033 0.253 0.042 0.04
191 G 0.071 0.045 0.116 0.052 0.011 0.078 0.057 0.172 0.023 0.024 0.037 0.057 0.014 0.017 0.023 0.101 0.05 0.005 0.016 0.032
192 K 0.054 0.097 0.036 0.035 0.01 0.046 0.058 0.038 0.019 0.045 0.081 0.218 0.055 0.023 0.024 0.048 0.039 0.006 0.019 0.047
193 V 0.054 0.118 0.028 0.028 0.013 0.069 0.047 0.029 0.017 0.123 0.096 0.073 0.026 0.028 0.018 0.039 0.041 0.006 0.019 0.13
194 N 0.062 0.108 0.118 0.05 0.011 0.037 0.051 0.051 0.109 0.024 0.039 0.065 0.014 0.022 0.022 0.104 0.049 0.006 0.027 0.031
195 R 0.047 0.21 0.033 0.029 0.01 0.041 0.048 0.032 0.019 0.047 0.13 0.138 0.024 0.026 0.02 0.041 0.035 0.006 0.018 0.047
196 F 0.041 0.019 0.015 0.017 0.014 0.012 0.018 0.022 0.012 0.176 0.162 0.022 0.033 0.191 0.013 0.025 0.033 0.01 0.048 0.118
197 F 0.037 0.023 0.017 0.017 0.011 0.016 0.022 0.027 0.016 0.063 0.118 0.024 0.06 0.225 0.011 0.027 0.028 0.135 0.066 0.057
198 L 0.047 0.028 0.093 0.032 0.015 0.02 0.027 0.032 0.015 0.118 0.237 0.032 0.036 0.041 0.016 0.036 0.04 0.006 0.02 0.111
199 L 0.06 0.025 0.027 0.026 0.015 0.019 0.025 0.15 0.011 0.117 0.161 0.032 0.028 0.034 0.019 0.048 0.09 0.006 0.018 0.091
200 L 0.101 0.023 0.018 0.019 0.016 0.016 0.024 0.035 0.012 0.105 0.175 0.027 0.031 0.128 0.017 0.039 0.039 0.009 0.037 0.129
201 L 0.044 0.024 0.014 0.015 0.016 0.016 0.02 0.021 0.01 0.114 0.385 0.025 0.049 0.054 0.014 0.024 0.033 0.007 0.022 0.095
202 I 0.069 0.026 0.026 0.026 0.017 0.021 0.029 0.034 0.012 0.164 0.123 0.033 0.04 0.035 0.019 0.082 0.061 0.006 0.02 0.156
203 L 0.11 0.024 0.017 0.019 0.017 0.018 0.024 0.035 0.011 0.14 0.238 0.029 0.037 0.042 0.018 0.039 0.039 0.006 0.02 0.116
204 L 0.06 0.025 0.022 0.022 0.017 0.018 0.025 0.027 0.01 0.143 0.183 0.03 0.033 0.038 0.018 0.044 0.095 0.006 0.02 0.163
205 S 0.145 0.031 0.037 0.035 0.137 0.026 0.04 0.06 0.015 0.036 0.051 0.043 0.016 0.021 0.026 0.147 0.062 0.005 0.016 0.052
206 F 0.052 0.023 0.023 0.022 0.014 0.016 0.025 0.029 0.014 0.085 0.104 0.027 0.025 0.213 0.016 0.043 0.089 0.011 0.053 0.115
207 Y 0.046 0.024 0.019 0.018 0.012 0.018 0.024 0.024 0.029 0.087 0.096 0.027 0.024 0.158 0.015 0.03 0.033 0.019 0.188 0.111
208 F 0.033 0.019 0.017 0.017 0.01 0.01 0.019 0.025 0.017 0.062 0.113 0.019 0.025 0.396 0.01 0.025 0.025 0.017 0.087 0.054
209 S 0.108 0.04 0.053 0.048 0.017 0.033 0.052 0.065 0.019 0.029 0.041 0.053 0.015 0.021 0.029 0.231 0.081 0.005 0.017 0.041
210 V 0.127 0.024 0.018 0.02 0.02 0.018 0.027 0.038 0.01 0.132 0.111 0.03 0.028 0.032 0.02 0.045 0.049 0.005 0.02 0.227
211 V 0.056 0.02 0.015 0.017 0.017 0.015 0.021 0.023 0.009 0.183 0.17 0.024 0.034 0.07 0.015 0.028 0.042 0.007 0.026 0.207
212 Y 0.038 0.025 0.02 0.018 0.009 0.019 0.025 0.025 0.039 0.048 0.079 0.028 0.02 0.196 0.014 0.029 0.027 0.025 0.268 0.048
213 L 0.044 0.024 0.014 0.015 0.016 0.016 0.02 0.021 0.01 0.114 0.385 0.025 0.049 0.054 0.014 0.024 0.033 0.007 0.022 0.095
214 G 0.077 0.023 0.039 0.033 0.011 0.019 0.025 0.517 0.013 0.019 0.028 0.033 0.009 0.016 0.019 0.051 0.029 0.005 0.011 0.024
215 S 0.108 0.04 0.053 0.048 0.017 0.033 0.052 0.065 0.019 0.029 0.041 0.053 0.015 0.021 0.029 0.231 0.081 0.005 0.017 0.041
216 R 0.044 0.355 0.038 0.031 0.008 0.048 0.052 0.032 0.023 0.023 0.046 0.118 0.015 0.017 0.019 0.044 0.034 0.006 0.017 0.031
217 A 0.301 0.031 0.025 0.029 0.021 0.025 0.04 0.077 0.015 0.043 0.059 0.044 0.017 0.021 0.029 0.084 0.049 0.005 0.017 0.068
218 A 0.204 0.035 0.039 0.039 0.019 0.029 0.046 0.071 0.017 0.036 0.05 0.049 0.016 0.021 0.029 0.158 0.065 0.005 0.017 0.055
219 F 0.033 0.019 0.017 0.017 0.01 0.01 0.019 0.025 0.017 0.062 0.113 0.019 0.025 0.396 0.01 0.025 0.025 0.017 0.087 0.054
220 L 0.042 0.019 0.015 0.017 0.015 0.013 0.018 0.022 0.011 0.185 0.207 0.023 0.037 0.134 0.013 0.025 0.034 0.009 0.038 0.124
221 L 0.044 0.024 0.014 0.015 0.016 0.016 0.02 0.021 0.01 0.114 0.385 0.025 0.049 0.054 0.014 0.024 0.033 0.007 0.022 0.095
222 L 0.044 0.023 0.014 0.015 0.016 0.015 0.019 0.021 0.01 0.149 0.339 0.025 0.046 0.052 0.014 0.024 0.034 0.007 0.022 0.111
223 V 0.063 0.021 0.016 0.018 0.018 0.016 0.022 0.023 0.009 0.189 0.14 0.026 0.038 0.038 0.016 0.031 0.046 0.006 0.02 0.245
224 L 0.049 0.022 0.02 0.02 0.014 0.015 0.023 0.028 0.013 0.126 0.185 0.026 0.033 0.175 0.015 0.05 0.038 0.01 0.046 0.093
225 F 0.037 0.023 0.019 0.018 0.01 0.016 0.023 0.025 0.031 0.053 0.09 0.025 0.022 0.262 0.013 0.028 0.026 0.022 0.208 0.05
226 F 0.034 0.019 0.016 0.017 0.011 0.011 0.019 0.025 0.016 0.063 0.121 0.019 0.026 0.368 0.01 0.025 0.025 0.036 0.084 0.055
227 L 0.125 0.027 0.023 0.024 0.018 0.02 0.029 0.042 0.012 0.122 0.168 0.034 0.03 0.035 0.021 0.056 0.086 0.006 0.019 0.102
228 L 0.039 0.021 0.015 0.016 0.013 0.013 0.019 0.023 0.013 0.088 0.249 0.022 0.037 0.225 0.012 0.024 0.029 0.012 0.055 0.074
229 K 0.056 0.069 0.106 0.045 0.011 0.039 0.053 0.043 0.02 0.06 0.061 0.164 0.018 0.021 0.023 0.052 0.044 0.005 0.017 0.093
230 I 0.055 0.022 0.022 0.022 0.016 0.017 0.024 0.027 0.01 0.2 0.133 0.029 0.031 0.052 0.018 0.042 0.094 0.006 0.022 0.156
231 I 0.059 0.023 0.025 0.025 0.015 0.017 0.026 0.033 0.013 0.164 0.121 0.03 0.028 0.126 0.017 0.076 0.046 0.008 0.036 0.111
232 K 0.072 0.071 0.043 0.041 0.013 0.041 0.057 0.048 0.018 0.034 0.05 0.168 0.017 0.034 0.027 0.104 0.094 0.006 0.02 0.043
233 H 0.044 0.081 0.118 0.049 0.008 0.04 0.054 0.045 0.195 0.023 0.037 0.094 0.014 0.023 0.021 0.05 0.035 0.006 0.036 0.026
234 K 0.056 0.085 0.036 0.038 0.009 0.045 0.061 0.041 0.018 0.027 0.041 0.227 0.014 0.015 0.146 0.05 0.038 0.004 0.016 0.032
235 K 0.057 0.075 0.054 0.04 0.011 0.042 0.057 0.042 0.063 0.033 0.048 0.177 0.016 0.024 0.025 0.061 0.092 0.006 0.035 0.041
236 R 0.064 0.117 0.098 0.044 0.013 0.035 0.045 0.047 0.022 0.044 0.078 0.065 0.054 0.026 0.021 0.102 0.052 0.006 0.018 0.048
237 L 0.047 0.026 0.016 0.016 0.016 0.019 0.022 0.023 0.011 0.112 0.326 0.028 0.079 0.052 0.015 0.027 0.035 0.007 0.022 0.102
238 L 0.044 0.024 0.014 0.015 0.016 0.016 0.02 0.021 0.01 0.114 0.385 0.025 0.049 0.054 0.014 0.024 0.033 0.007 0.022 0.095
239 L 0.042 0.021 0.015 0.017 0.014 0.014 0.02 0.023 0.012 0.137 0.236 0.023 0.037 0.149 0.033 0.025 0.032 0.009 0.04 0.1
240 I 0.05 0.021 0.02 0.021 0.015 0.016 0.023 0.028 0.013 0.172 0.145 0.026 0.037 0.144 0.015 0.051 0.04 0.009 0.04 0.116
241 F 0.044 0.02 0.016 0.016 0.132 0.012 0.018 0.026 0.013 0.073 0.18 0.021 0.03 0.202 0.013 0.028 0.03 0.011 0.05 0.066
242 L 0.114 0.023 0.017 0.02 0.018 0.018 0.025 0.036 0.01 0.148 0.195 0.029 0.034 0.039 0.018 0.041 0.042 0.006 0.02 0.146
243 V 0.058 0.021 0.017 0.018 0.017 0.016 0.022 0.024 0.009 0.193 0.181 0.026 0.035 0.041 0.016 0.036 0.044 0.006 0.02 0.199
244 G 0.067 0.025 0.031 0.029 0.014 0.019 0.029 0.157 0.014 0.079 0.104 0.032 0.022 0.12 0.018 0.083 0.043 0.008 0.034 0.071
245 I 0.051 0.019 0.015 0.017 0.016 0.014 0.019 0.022 0.009 0.243 0.154 0.024 0.035 0.056 0.015 0.027 0.041 0.006 0.023 0.195
246 P 0.052 0.024 0.019 0.024 0.013 0.019 0.028 0.029 0.012 0.091 0.156 0.034 0.038 0.031 0.258 0.035 0.036 0.005 0.017 0.08
247 V 0.083 0.022 0.019 0.02 0.016 0.016 0.024 0.031 0.012 0.148 0.121 0.027 0.028 0.125 0.017 0.04 0.057 0.008 0.036 0.149
248 V 0.116 0.024 0.019 0.021 0.019 0.018 0.027 0.037 0.01 0.147 0.115 0.03 0.028 0.033 0.019 0.05 0.049 0.005 0.02 0.212
249 L 0.06 0.025 0.025 0.025 0.016 0.019 0.026 0.09 0.011 0.127 0.144 0.032 0.028 0.033 0.059 0.047 0.092 0.006 0.018 0.117
250 L 0.052 0.023 0.021 0.022 0.016 0.017 0.023 0.026 0.01 0.182 0.195 0.029 0.035 0.041 0.018 0.041 0.092 0.006 0.02 0.128
251 L 0.066 0.027 0.027 0.027 0.016 0.021 0.03 0.036 0.013 0.132 0.209 0.034 0.034 0.04 0.019 0.093 0.051 0.006 0.02 0.099
252 I 0.108 0.024 0.02 0.021 0.016 0.018 0.026 0.038 0.013 0.135 0.125 0.03 0.045 0.126 0.018 0.044 0.047 0.009 0.037 0.103
253 L 0.055 0.026 0.074 0.033 0.014 0.019 0.027 0.154 0.014 0.12 0.158 0.032 0.028 0.034 0.017 0.047 0.038 0.006 0.017 0.087
254 F 0.035 0.021 0.018 0.017 0.01 0.013 0.021 0.025 0.024 0.06 0.113 0.022 0.024 0.315 0.012 0.026 0.026 0.019 0.145 0.054
255 L 0.153 0.025 0.02 0.023 0.018 0.019 0.028 0.045 0.012 0.131 0.171 0.033 0.031 0.036 0.021 0.052 0.051 0.006 0.019 0.106
256 N 0.062 0.056 0.109 0.047 0.012 0.077 0.054 0.066 0.022 0.074 0.066 0.057 0.02 0.023 0.021 0.081 0.049 0.005 0.018 0.081
257 D 0.041 0.034 0.075 0.301 0.007 0.032 0.079 0.045 0.105 0.022 0.03 0.045 0.011 0.019 0.021 0.05 0.033 0.005 0.023 0.024
258 F 0.039 0.02 0.016 0.017 0.013 0.013 0.019 0.023 0.014 0.127 0.181 0.022 0.033 0.225 0.012 0.025 0.03 0.012 0.067 0.092
259 S 0.11 0.04 0.054 0.049 0.018 0.033 0.053 0.067 0.019 0.03 0.042 0.054 0.016 0.021 0.03 0.217 0.082 0.005 0.018 0.042
260 N 0.042 0.121 0.244 0.083 0.009 0.037 0.051 0.056 0.028 0.022 0.035 0.069 0.012 0.017 0.02 0.062 0.045 0.005 0.016 0.027
261 I 0.038 0.019 0.015 0.017 0.012 0.013 0.019 0.024 0.013 0.155 0.122 0.022 0.028 0.15 0.012 0.024 0.031 0.132 0.052 0.103
262 L 0.05 0.027 0.023 0.022 0.015 0.02 0.026 0.029 0.014 0.082 0.189 0.031 0.067 0.13 0.017 0.044 0.089 0.009 0.038 0.077
263 N 0.06 0.042 0.247 0.071 0.011 0.032 0.048 0.083 0.027 0.024 0.033 0.052 0.012 0.018 0.022 0.109 0.056 0.005 0.016 0.03
264 Y 0.058 0.03 0.028 0.025 0.013 0.023 0.032 0.034 0.03 0.057 0.14 0.035 0.025 0.083 0.018 0.079 0.042 0.017 0.174 0.057
265 L 0.041 0.023 0.015 0.015 0.015 0.015 0.02 0.022 0.012 0.101 0.317 0.023 0.043 0.139 0.013 0.024 0.031 0.009 0.038 0.085
266 D 0.041 0.033 0.133 0.325 0.008 0.03 0.08 0.05 0.022 0.022 0.028 0.046 0.01 0.015 0.022 0.056 0.038 0.004 0.012 0.025
267 F 0.033 0.019 0.017 0.017 0.01 0.01 0.019 0.025 0.017 0.062 0.113 0.019 0.025 0.396 0.01 0.025 0.025 0.017 0.087 0.054
268 G 0.077 0.023 0.039 0.033 0.011 0.019 0.025 0.517 0.013 0.019 0.028 0.033 0.009 0.016 0.019 0.051 0.029 0.005 0.011 0.024
269 G 0.077 0.023 0.039 0.033 0.011 0.019 0.025 0.517 0.013 0.019 0.028 0.033 0.009 0.016 0.019 0.051 0.029 0.005 0.011 0.024
270 F 0.033 0.019 0.017 0.017 0.01 0.01 0.019 0.025 0.017 0.062 0.113 0.019 0.025 0.396 0.01 0.025 0.025 0.017 0.087 0.054
271 S 0.082 0.058 0.047 0.057 0.013 0.045 0.12 0.052 0.021 0.027 0.04 0.117 0.015 0.018 0.028 0.142 0.059 0.005 0.017 0.036
272 E 0.064 0.045 0.116 0.09 0.01 0.047 0.169 0.05 0.025 0.024 0.036 0.063 0.013 0.018 0.025 0.102 0.05 0.005 0.016 0.032
273 R 0.044 0.355 0.038 0.031 0.008 0.048 0.052 0.032 0.023 0.023 0.046 0.118 0.015 0.017 0.019 0.044 0.034 0.006 0.017 0.031
274 G 0.077 0.023 0.039 0.033 0.011 0.019 0.025 0.517 0.013 0.019 0.028 0.033 0.009 0.016 0.019 0.051 0.029 0.005 0.011 0.024
275 L 0.044 0.022 0.014 0.016 0.016 0.015 0.019 0.021 0.01 0.156 0.33 0.025 0.046 0.051 0.014 0.024 0.034 0.007 0.022 0.115
276 D 0.057 0.032 0.064 0.317 0.01 0.03 0.08 0.051 0.019 0.024 0.031 0.046 0.011 0.016 0.024 0.096 0.046 0.004 0.013 0.028
277 S 0.108 0.04 0.053 0.048 0.017 0.033 0.052 0.065 0.019 0.029 0.041 0.053 0.015 0.021 0.029 0.231 0.081 0.005 0.017 0.041
278 P 0.056 0.025 0.023 0.031 0.01 0.02 0.036 0.036 0.013 0.025 0.036 0.041 0.01 0.013 0.501 0.043 0.036 0.003 0.013 0.031
279 R 0.044 0.355 0.038 0.031 0.008 0.048 0.052 0.032 0.023 0.023 0.046 0.118 0.015 0.017 0.019 0.044 0.034 0.006 0.017 0.031
280 F 0.033 0.019 0.017 0.017 0.01 0.01 0.019 0.025 0.017 0.062 0.113 0.019 0.025 0.396 0.01 0.025 0.025 0.017 0.087 0.054
281 S 0.108 0.04 0.053 0.048 0.017 0.033 0.052 0.065 0.019 0.029 0.041 0.053 0.015 0.021 0.029 0.231 0.081 0.005 0.017 0.041
282 L 0.051 0.032 0.02 0.02 0.016 0.028 0.028 0.028 0.016 0.099 0.194 0.036 0.173 0.047 0.016 0.036 0.04 0.008 0.024 0.091
283 L 0.041 0.023 0.015 0.015 0.015 0.015 0.02 0.022 0.012 0.101 0.317 0.023 0.043 0.139 0.013 0.024 0.031 0.009 0.038 0.085
284 E 0.057 0.034 0.028 0.053 0.012 0.039 0.164 0.029 0.017 0.117 0.09 0.05 0.023 0.028 0.02 0.042 0.04 0.006 0.018 0.133
285 Y 0.04 0.028 0.021 0.018 0.009 0.021 0.028 0.025 0.046 0.043 0.067 0.031 0.018 0.129 0.015 0.031 0.028 0.028 0.328 0.046
286 G 0.077 0.023 0.039 0.033 0.011 0.019 0.025 0.517 0.013 0.019 0.028 0.033 0.009 0.016 0.019 0.051 0.029 0.005 0.011 0.024
287 L 0.043 0.02 0.015 0.017 0.015 0.013 0.019 0.022 0.011 0.18 0.205 0.023 0.036 0.134 0.013 0.025 0.034 0.009 0.038 0.129
288 S 0.097 0.047 0.05 0.046 0.016 0.035 0.052 0.06 0.018 0.032 0.044 0.082 0.016 0.02 0.029 0.192 0.098 0.005 0.017 0.044
289 N 0.042 0.044 0.316 0.08 0.009 0.033 0.049 0.063 0.045 0.022 0.031 0.053 0.011 0.018 0.02 0.068 0.048 0.005 0.017 0.026
290 F 0.033 0.019 0.017 0.017 0.01 0.01 0.019 0.025 0.017 0.062 0.113 0.019 0.025 0.396 0.01 0.025 0.025 0.017 0.087 0.054
291 L 0.046 0.026 0.015 0.016 0.016 0.019 0.022 0.023 0.011 0.11 0.337 0.028 0.08 0.052 0.014 0.027 0.035 0.007 0.022 0.094
292 N 0.045 0.056 0.191 0.153 0.008 0.037 0.064 0.054 0.025 0.023 0.033 0.11 0.012 0.016 0.022 0.06 0.043 0.004 0.015 0.027
293 Y 0.04 0.028 0.021 0.018 0.009 0.021 0.028 0.025 0.046 0.043 0.067 0.031 0.018 0.129 0.015 0.031 0.028 0.028 0.328 0.046
294 P 0.056 0.025 0.023 0.031 0.01 0.02 0.036 0.036 0.013 0.025 0.036 0.041 0.01 0.013 0.501 0.043 0.036 0.003 0.013 0.031
295 F 0.037 0.021 0.016 0.016 0.011 0.013 0.02 0.025 0.014 0.071 0.166 0.021 0.029 0.211 0.011 0.024 0.027 0.135 0.063 0.068
296 G 0.077 0.023 0.039 0.033 0.011 0.019 0.025 0.517 0.013 0.019 0.028 0.033 0.009 0.016 0.019 0.051 0.029 0.005 0.011 0.024
297 G 0.077 0.023 0.039 0.033 0.011 0.019 0.025 0.517 0.013 0.019 0.028 0.033 0.009 0.016 0.019 0.051 0.029 0.005 0.011 0.024
298 L 0.046 0.026 0.015 0.016 0.016 0.019 0.022 0.023 0.011 0.11 0.337 0.028 0.08 0.052 0.014 0.027 0.035 0.007 0.022 0.094
299 Q 0.053 0.067 0.036 0.038 0.01 0.13 0.072 0.036 0.022 0.09 0.075 0.123 0.023 0.022 0.022 0.047 0.04 0.006 0.019 0.069
300 V 0.127 0.024 0.018 0.02 0.02 0.018 0.027 0.038 0.01 0.132 0.111 0.03 0.028 0.032 0.02 0.045 0.049 0.005 0.02 0.227
301 H 0.045 0.052 0.05 0.04 0.008 0.085 0.065 0.038 0.281 0.023 0.04 0.056 0.016 0.026 0.02 0.045 0.03 0.007 0.047 0.026
302 G 0.189 0.027 0.032 0.031 0.016 0.022 0.033 0.297 0.014 0.031 0.043 0.039 0.013 0.019 0.024 0.067 0.039 0.005 0.014 0.046
303 E 0.052 0.04 0.035 0.084 0.009 0.05 0.225 0.031 0.021 0.087 0.068 0.06 0.018 0.023 0.023 0.047 0.037 0.005 0.017 0.066
304 G 0.077 0.023 0.039 0.033 0.011 0.019 0.025 0.517 0.013 0.019 0.028 0.033 0.009 0.016 0.019 0.051 0.029 0.005 0.011 0.024
305 Y 0.04 0.028 0.021 0.018 0.009 0.021 0.028 0.025 0.046 0.043 0.067 0.031 0.018 0.129 0.015 0.031 0.028 0.028 0.328 0.046
306 T 0.06 0.037 0.048 0.142 0.012 0.037 0.119 0.041 0.018 0.037 0.048 0.052 0.015 0.019 0.025 0.072 0.147 0.005 0.016 0.049
307 G 0.077 0.023 0.039 0.033 0.011 0.019 0.025 0.517 0.013 0.019 0.028 0.033 0.009 0.016 0.019 0.051 0.029 0.005 0.011 0.024
308 I 0.046 0.017 0.014 0.017 0.016 0.013 0.017 0.02 0.009 0.282 0.165 0.023 0.036 0.044 0.014 0.025 0.039 0.006 0.02 0.174
309 W 0.03 0.022 0.015 0.015 0.007 0.015 0.022 0.03 0.015 0.03 0.052 0.022 0.015 0.06 0.007 0.022 0.022 0.5 0.067 0.03
310 F 0.035 0.019 0.016 0.016 0.011 0.011 0.019 0.025 0.016 0.069 0.147 0.019 0.028 0.353 0.011 0.025 0.026 0.015 0.079 0.059
311 H 0.041 0.045 0.053 0.038 0.007 0.038 0.053 0.038 0.365 0.023 0.038 0.045 0.015 0.03 0.019 0.041 0.026 0.007 0.056 0.023
312 N 0.042 0.044 0.327 0.082 0.009 0.033 0.049 0.064 0.031 0.022 0.031 0.053 0.011 0.018 0.02 0.069 0.049 0.004 0.015 0.027
313 L 0.051 0.032 0.02 0.02 0.016 0.028 0.028 0.028 0.016 0.099 0.194 0.036 0.173 0.047 0.016 0.036 0.04 0.008 0.024 0.091
314 L 0.044 0.024 0.014 0.015 0.016 0.016 0.02 0.021 0.01 0.114 0.385 0.025 0.049 0.054 0.014 0.024 0.033 0.007 0.022 0.095
315 L 0.044 0.024 0.014 0.015 0.016 0.016 0.02 0.021 0.01 0.114 0.385 0.025 0.049 0.054 0.014 0.024 0.033 0.007 0.022 0.095
316 D 0.04 0.029 0.068 0.406 0.007 0.029 0.09 0.046 0.018 0.022 0.028 0.044 0.009 0.015 0.022 0.051 0.035 0.004 0.011 0.024
317 L 0.045 0.02 0.014 0.016 0.016 0.014 0.019 0.021 0.009 0.205 0.266 0.024 0.042 0.048 0.014 0.024 0.036 0.006 0.021 0.138
318 V 0.069 0.022 0.016 0.018 0.019 0.016 0.023 0.024 0.008 0.162 0.128 0.026 0.031 0.035 0.016 0.032 0.049 0.005 0.02 0.28
319 R 0.044 0.355 0.038 0.031 0.008 0.048 0.052 0.032 0.023 0.023 0.046 0.118 0.015 0.017 0.019 0.044 0.034 0.006 0.017 0.031
