#Seq2Logo.py -f /work3/idamei/ssn-clusterings/clustering/2205111339/clusters/0026_4/sequences.afa -o /work3/idamei/ssn-clusterings/clustering/2205111339/clusters/0026_4/sequences.logo
#Position Specific Frequency Matrix
A R N D C Q E G H I L K M F P S T W Y V
0 M 0.049 0.03 0.019 0.019 0.015 0.027 0.027 0.027 0.015 0.095 0.186 0.034 0.207 0.046 0.015 0.034 0.038 0.008 0.023 0.087
1 E 0.077 0.036 0.041 0.133 0.011 0.04 0.175 0.04 0.019 0.055 0.052 0.053 0.015 0.02 0.023 0.07 0.06 0.005 0.015 0.06
2 I 0.047 0.021 0.017 0.021 0.013 0.017 0.036 0.064 0.011 0.176 0.117 0.026 0.026 0.041 0.013 0.028 0.034 0.127 0.029 0.136
3 L 0.082 0.023 0.022 0.022 0.016 0.017 0.025 0.074 0.011 0.138 0.146 0.029 0.028 0.067 0.018 0.044 0.079 0.007 0.024 0.129
4 L 0.045 0.021 0.016 0.017 0.015 0.016 0.02 0.022 0.01 0.197 0.226 0.025 0.057 0.069 0.014 0.028 0.048 0.007 0.024 0.123
5 I 0.045 0.017 0.014 0.017 0.015 0.013 0.017 0.02 0.009 0.268 0.165 0.022 0.034 0.072 0.014 0.024 0.037 0.006 0.025 0.165
6 I 0.046 0.018 0.014 0.017 0.016 0.013 0.017 0.02 0.008 0.283 0.176 0.023 0.035 0.042 0.014 0.024 0.038 0.006 0.02 0.172
7 L 0.056 0.022 0.02 0.02 0.016 0.016 0.023 0.027 0.011 0.149 0.17 0.027 0.031 0.088 0.016 0.05 0.06 0.007 0.028 0.165
8 L 0.042 0.024 0.015 0.015 0.015 0.017 0.02 0.022 0.011 0.102 0.343 0.025 0.07 0.09 0.013 0.025 0.032 0.008 0.028 0.086
9 A 0.153 0.027 0.029 0.029 0.016 0.021 0.033 0.129 0.014 0.056 0.067 0.036 0.018 0.085 0.022 0.097 0.047 0.007 0.027 0.09
10 L 0.047 0.02 0.014 0.016 0.015 0.014 0.019 0.021 0.009 0.197 0.223 0.023 0.037 0.073 0.014 0.025 0.037 0.007 0.025 0.165
11 L 0.045 0.025 0.015 0.016 0.015 0.019 0.022 0.022 0.011 0.119 0.313 0.027 0.103 0.049 0.014 0.027 0.034 0.007 0.022 0.095
12 L 0.065 0.022 0.014 0.016 0.016 0.016 0.02 0.024 0.01 0.137 0.327 0.025 0.042 0.047 0.015 0.028 0.035 0.006 0.02 0.116
13 T 0.073 0.035 0.043 0.037 0.018 0.028 0.039 0.043 0.014 0.053 0.065 0.045 0.02 0.024 0.028 0.092 0.249 0.006 0.018 0.071
14 V 0.106 0.023 0.021 0.022 0.017 0.017 0.025 0.071 0.01 0.157 0.122 0.029 0.027 0.032 0.018 0.048 0.061 0.005 0.018 0.172
15 A 0.161 0.027 0.028 0.028 0.017 0.021 0.032 0.134 0.013 0.073 0.113 0.036 0.022 0.027 0.022 0.082 0.062 0.005 0.017 0.081
16 F 0.033 0.019 0.017 0.016 0.01 0.012 0.019 0.024 0.02 0.055 0.097 0.02 0.022 0.351 0.01 0.025 0.024 0.054 0.122 0.049
17 L 0.044 0.047 0.021 0.02 0.013 0.02 0.027 0.05 0.04 0.079 0.225 0.051 0.036 0.115 0.015 0.029 0.031 0.021 0.036 0.082
18 V 0.097 0.022 0.019 0.019 0.053 0.017 0.024 0.051 0.013 0.099 0.111 0.027 0.025 0.084 0.017 0.04 0.049 0.008 0.051 0.174
19 F 0.036 0.021 0.016 0.016 0.011 0.014 0.02 0.023 0.018 0.071 0.185 0.022 0.038 0.266 0.012 0.025 0.027 0.015 0.104 0.062
20 K 0.047 0.191 0.04 0.035 0.008 0.047 0.058 0.037 0.074 0.024 0.041 0.21 0.015 0.017 0.022 0.046 0.034 0.005 0.022 0.029
21 W 0.03 0.023 0.015 0.015 0.008 0.015 0.023 0.03 0.015 0.03 0.053 0.023 0.015 0.06 0.008 0.023 0.023 0.494 0.068 0.03
22 Y 0.04 0.028 0.022 0.019 0.009 0.022 0.028 0.025 0.047 0.043 0.068 0.031 0.019 0.13 0.016 0.031 0.028 0.028 0.32 0.047
23 K 0.135 0.07 0.037 0.039 0.013 0.099 0.071 0.054 0.022 0.032 0.05 0.139 0.018 0.017 0.027 0.065 0.043 0.005 0.018 0.045
24 L 0.044 0.024 0.014 0.015 0.016 0.016 0.02 0.021 0.01 0.115 0.378 0.025 0.049 0.055 0.014 0.024 0.033 0.007 0.022 0.096
25 D 0.041 0.03 0.069 0.399 0.007 0.03 0.091 0.046 0.019 0.022 0.028 0.045 0.009 0.015 0.022 0.052 0.035 0.004 0.011 0.024
26 A 0.292 0.031 0.026 0.03 0.022 0.026 0.04 0.078 0.015 0.043 0.059 0.044 0.017 0.022 0.03 0.085 0.05 0.005 0.017 0.069
27 F 0.034 0.019 0.017 0.017 0.011 0.011 0.019 0.025 0.017 0.063 0.114 0.019 0.025 0.389 0.011 0.025 0.025 0.017 0.089 0.055
28 S 0.11 0.04 0.054 0.049 0.017 0.033 0.052 0.066 0.019 0.03 0.042 0.054 0.016 0.021 0.03 0.222 0.082 0.005 0.017 0.042
29 Q 0.056 0.073 0.044 0.047 0.009 0.217 0.103 0.041 0.029 0.026 0.047 0.091 0.021 0.015 0.023 0.056 0.041 0.006 0.021 0.035
30 P 0.057 0.026 0.023 0.031 0.01 0.021 0.036 0.036 0.013 0.026 0.036 0.041 0.01 0.013 0.495 0.044 0.036 0.003 0.013 0.031
31 L 0.044 0.024 0.014 0.015 0.016 0.016 0.02 0.021 0.01 0.115 0.378 0.025 0.049 0.055 0.014 0.024 0.033 0.007 0.022 0.096
32 T 0.146 0.034 0.037 0.035 0.019 0.027 0.04 0.055 0.014 0.05 0.063 0.045 0.019 0.023 0.028 0.09 0.183 0.006 0.018 0.07
33 I 0.094 0.046 0.017 0.019 0.016 0.018 0.024 0.03 0.01 0.203 0.16 0.033 0.035 0.037 0.017 0.035 0.039 0.006 0.019 0.142
34 G 0.073 0.022 0.037 0.032 0.011 0.018 0.025 0.504 0.013 0.02 0.029 0.032 0.01 0.016 0.018 0.051 0.047 0.005 0.011 0.026
35 D 0.041 0.028 0.063 0.405 0.007 0.027 0.081 0.079 0.017 0.021 0.026 0.041 0.009 0.014 0.021 0.049 0.033 0.004 0.01 0.023
36 V 0.089 0.022 0.017 0.018 0.015 0.016 0.023 0.03 0.015 0.134 0.141 0.026 0.028 0.077 0.016 0.034 0.037 0.034 0.074 0.152
37 F 0.032 0.018 0.016 0.016 0.01 0.01 0.018 0.024 0.016 0.06 0.107 0.018 0.024 0.424 0.01 0.024 0.024 0.016 0.083 0.052
38 S 0.174 0.035 0.043 0.04 0.018 0.029 0.046 0.066 0.017 0.032 0.044 0.048 0.015 0.02 0.028 0.209 0.068 0.005 0.016 0.047
39 P 0.053 0.024 0.022 0.029 0.01 0.019 0.034 0.034 0.012 0.024 0.034 0.039 0.01 0.012 0.524 0.041 0.034 0.002 0.012 0.029
40 W 0.028 0.021 0.014 0.014 0.007 0.014 0.021 0.028 0.014 0.028 0.05 0.021 0.014 0.057 0.007 0.021 0.021 0.523 0.064 0.028
41 F 0.046 0.025 0.032 0.023 0.013 0.018 0.026 0.03 0.016 0.078 0.105 0.029 0.049 0.204 0.016 0.045 0.104 0.011 0.063 0.068
42 I 0.044 0.018 0.014 0.016 0.015 0.013 0.017 0.019 0.008 0.276 0.206 0.022 0.037 0.043 0.014 0.023 0.036 0.006 0.02 0.152
43 T 0.066 0.034 0.041 0.035 0.016 0.027 0.038 0.04 0.04 0.048 0.059 0.043 0.018 0.023 0.025 0.084 0.273 0.006 0.019 0.063
44 T 0.1 0.029 0.031 0.028 0.053 0.022 0.032 0.04 0.012 0.069 0.095 0.037 0.022 0.026 0.023 0.069 0.185 0.005 0.017 0.105
45 G 0.104 0.025 0.028 0.026 0.014 0.02 0.027 0.242 0.012 0.056 0.134 0.033 0.035 0.028 0.019 0.05 0.062 0.006 0.015 0.067
46 V 0.056 0.021 0.017 0.018 0.016 0.016 0.022 0.023 0.036 0.204 0.129 0.025 0.03 0.036 0.015 0.029 0.042 0.005 0.022 0.238
47 W 0.028 0.021 0.014 0.014 0.007 0.014 0.021 0.028 0.014 0.028 0.05 0.021 0.014 0.057 0.007 0.021 0.021 0.523 0.064 0.028
48 L 0.062 0.022 0.016 0.017 0.014 0.015 0.02 0.062 0.012 0.083 0.273 0.024 0.035 0.153 0.014 0.029 0.03 0.009 0.038 0.073
49 A 0.207 0.025 0.023 0.025 0.017 0.02 0.03 0.124 0.013 0.066 0.093 0.034 0.02 0.072 0.022 0.058 0.04 0.006 0.024 0.082
50 I 0.045 0.018 0.014 0.017 0.015 0.013 0.017 0.02 0.009 0.292 0.163 0.023 0.043 0.042 0.014 0.024 0.038 0.006 0.02 0.167
51 L 0.048 0.024 0.015 0.017 0.016 0.018 0.028 0.022 0.01 0.128 0.298 0.026 0.065 0.046 0.014 0.027 0.036 0.006 0.021 0.136
52 L 0.05 0.021 0.016 0.017 0.015 0.015 0.02 0.023 0.01 0.142 0.223 0.024 0.035 0.101 0.014 0.034 0.038 0.007 0.03 0.165
53 L 0.065 0.026 0.017 0.017 0.015 0.021 0.024 0.027 0.013 0.093 0.26 0.029 0.12 0.073 0.015 0.032 0.035 0.008 0.026 0.084
54 F 0.034 0.02 0.016 0.016 0.011 0.013 0.019 0.024 0.018 0.064 0.13 0.021 0.038 0.338 0.011 0.025 0.026 0.016 0.104 0.056
55 Q 0.055 0.05 0.036 0.036 0.011 0.153 0.066 0.06 0.02 0.044 0.109 0.062 0.023 0.023 0.021 0.054 0.091 0.018 0.02 0.049
56 F 0.054 0.027 0.019 0.02 0.013 0.049 0.031 0.027 0.014 0.097 0.161 0.031 0.029 0.188 0.014 0.031 0.033 0.01 0.045 0.109
57 S 0.086 0.047 0.04 0.042 0.012 0.114 0.082 0.045 0.025 0.031 0.047 0.06 0.017 0.032 0.024 0.115 0.066 0.008 0.066 0.041
58 G 0.082 0.026 0.063 0.052 0.011 0.022 0.033 0.386 0.015 0.021 0.03 0.037 0.01 0.016 0.02 0.092 0.039 0.005 0.012 0.027
59 D 0.064 0.06 0.051 0.221 0.009 0.031 0.069 0.133 0.053 0.022 0.032 0.066 0.011 0.016 0.021 0.059 0.035 0.005 0.016 0.027
60 L 0.048 0.025 0.019 0.018 0.015 0.018 0.023 0.025 0.011 0.094 0.323 0.027 0.052 0.073 0.015 0.046 0.053 0.007 0.025 0.082
61 L 0.042 0.023 0.013 0.014 0.015 0.015 0.019 0.02 0.009 0.109 0.407 0.024 0.046 0.051 0.013 0.023 0.032 0.007 0.021 0.096
62 Y 0.038 0.026 0.023 0.047 0.009 0.02 0.03 0.025 0.04 0.041 0.065 0.029 0.017 0.137 0.015 0.03 0.027 0.024 0.315 0.043
63 P 0.053 0.024 0.022 0.029 0.01 0.019 0.034 0.034 0.012 0.024 0.034 0.039 0.01 0.012 0.524 0.041 0.034 0.002 0.012 0.029
64 L 0.044 0.022 0.014 0.015 0.015 0.015 0.019 0.021 0.009 0.139 0.355 0.024 0.043 0.048 0.014 0.025 0.039 0.006 0.021 0.111
65 G 0.07 0.041 0.04 0.044 0.011 0.064 0.087 0.256 0.018 0.024 0.036 0.069 0.013 0.016 0.022 0.084 0.057 0.005 0.014 0.031
66 D 0.05 0.035 0.061 0.263 0.009 0.033 0.112 0.043 0.018 0.029 0.051 0.057 0.013 0.017 0.022 0.073 0.063 0.004 0.013 0.033
67 R 0.048 0.185 0.04 0.037 0.008 0.139 0.072 0.036 0.051 0.024 0.043 0.126 0.017 0.016 0.021 0.047 0.035 0.006 0.02 0.031
68 F 0.033 0.019 0.016 0.016 0.011 0.011 0.018 0.023 0.015 0.067 0.151 0.019 0.027 0.371 0.01 0.024 0.025 0.015 0.074 0.057
69 Y 0.038 0.054 0.022 0.02 0.009 0.022 0.029 0.025 0.056 0.047 0.107 0.044 0.021 0.134 0.014 0.03 0.027 0.054 0.2 0.046
70 T 0.061 0.03 0.088 0.035 0.013 0.023 0.033 0.056 0.022 0.084 0.071 0.037 0.019 0.046 0.02 0.062 0.123 0.01 0.09 0.078
71 C 0.069 0.02 0.022 0.021 0.42 0.015 0.022 0.037 0.01 0.039 0.057 0.025 0.015 0.019 0.018 0.082 0.042 0.004 0.012 0.051
72 L 0.051 0.021 0.014 0.015 0.016 0.015 0.02 0.021 0.009 0.145 0.282 0.024 0.039 0.044 0.014 0.026 0.037 0.006 0.02 0.18
73 L 0.115 0.028 0.024 0.024 0.015 0.022 0.03 0.041 0.016 0.082 0.156 0.034 0.065 0.043 0.019 0.079 0.043 0.044 0.047 0.073
74 L 0.043 0.02 0.014 0.015 0.015 0.014 0.018 0.02 0.009 0.187 0.316 0.023 0.042 0.048 0.014 0.023 0.034 0.006 0.02 0.119
75 W 0.028 0.021 0.014 0.014 0.007 0.014 0.021 0.028 0.014 0.028 0.05 0.021 0.014 0.057 0.007 0.021 0.021 0.523 0.064 0.028
76 V 0.06 0.021 0.016 0.017 0.017 0.016 0.021 0.023 0.01 0.158 0.142 0.025 0.03 0.042 0.015 0.029 0.043 0.007 0.044 0.264
77 P 0.073 0.025 0.022 0.029 0.01 0.02 0.034 0.037 0.012 0.025 0.036 0.039 0.01 0.013 0.489 0.044 0.035 0.003 0.012 0.032
78 I 0.048 0.018 0.016 0.018 0.015 0.013 0.018 0.057 0.009 0.268 0.164 0.023 0.033 0.04 0.014 0.026 0.037 0.006 0.019 0.161
79 F 0.04 0.021 0.016 0.016 0.013 0.014 0.02 0.023 0.013 0.092 0.201 0.022 0.057 0.226 0.012 0.026 0.03 0.011 0.051 0.094
80 C 0.076 0.022 0.023 0.022 0.302 0.017 0.024 0.037 0.01 0.057 0.089 0.027 0.019 0.023 0.018 0.086 0.045 0.004 0.014 0.084
81 V 0.092 0.02 0.017 0.019 0.016 0.015 0.022 0.048 0.011 0.151 0.115 0.025 0.027 0.117 0.016 0.035 0.039 0.008 0.032 0.176
82 S 0.119 0.035 0.044 0.04 0.017 0.029 0.044 0.056 0.016 0.037 0.049 0.047 0.016 0.021 0.027 0.183 0.148 0.005 0.017 0.052
83 S 0.154 0.033 0.042 0.04 0.016 0.028 0.043 0.133 0.016 0.029 0.041 0.046 0.014 0.019 0.026 0.191 0.063 0.005 0.016 0.043
84 L 0.042 0.02 0.014 0.016 0.015 0.014 0.018 0.02 0.01 0.198 0.27 0.023 0.043 0.073 0.013 0.023 0.034 0.007 0.025 0.122
85 L 0.05 0.022 0.018 0.019 0.016 0.016 0.022 0.024 0.01 0.158 0.215 0.026 0.043 0.068 0.015 0.034 0.073 0.007 0.024 0.141
86 T 0.081 0.033 0.039 0.034 0.017 0.026 0.037 0.042 0.013 0.052 0.062 0.042 0.019 0.022 0.026 0.085 0.275 0.006 0.017 0.072
87 Y 0.038 0.026 0.02 0.018 0.009 0.02 0.026 0.023 0.044 0.041 0.064 0.029 0.018 0.123 0.015 0.029 0.026 0.026 0.359 0.044
88 Y 0.049 0.051 0.021 0.018 0.01 0.021 0.027 0.026 0.036 0.053 0.068 0.034 0.018 0.112 0.015 0.031 0.028 0.058 0.267 0.057
89 A 0.165 0.025 0.021 0.023 0.018 0.02 0.03 0.044 0.011 0.088 0.135 0.033 0.025 0.029 0.057 0.06 0.045 0.005 0.018 0.148
90 L 0.043 0.023 0.015 0.015 0.05 0.016 0.02 0.022 0.011 0.095 0.312 0.024 0.065 0.101 0.013 0.026 0.031 0.008 0.029 0.082
91 P 0.059 0.025 0.025 0.058 0.01 0.02 0.038 0.036 0.013 0.024 0.034 0.039 0.01 0.012 0.477 0.043 0.034 0.003 0.012 0.03
92 S 0.117 0.06 0.041 0.06 0.014 0.05 0.072 0.075 0.018 0.032 0.045 0.082 0.015 0.018 0.037 0.127 0.069 0.005 0.016 0.048
93 V 0.078 0.065 0.051 0.061 0.012 0.062 0.051 0.05 0.017 0.08 0.07 0.106 0.02 0.022 0.021 0.052 0.041 0.005 0.017 0.117
94 K 0.065 0.054 0.078 0.051 0.01 0.056 0.104 0.062 0.05 0.027 0.041 0.111 0.014 0.025 0.023 0.085 0.06 0.007 0.043 0.035
95 G 0.066 0.059 0.047 0.062 0.011 0.034 0.041 0.17 0.027 0.049 0.048 0.064 0.014 0.026 0.08 0.067 0.043 0.006 0.04 0.047
96 P 0.074 0.038 0.062 0.094 0.01 0.033 0.095 0.055 0.046 0.028 0.042 0.067 0.013 0.047 0.11 0.07 0.051 0.005 0.022 0.035
97 Q 0.05 0.051 0.092 0.055 0.01 0.108 0.068 0.039 0.024 0.065 0.063 0.079 0.024 0.029 0.02 0.052 0.06 0.007 0.046 0.059
98 Q 0.056 0.074 0.044 0.047 0.009 0.212 0.103 0.041 0.029 0.027 0.047 0.092 0.021 0.015 0.024 0.056 0.041 0.006 0.021 0.035
99 Q 0.056 0.074 0.044 0.047 0.009 0.212 0.103 0.041 0.029 0.027 0.047 0.092 0.021 0.015 0.024 0.056 0.041 0.006 0.021 0.035
100 Q 0.056 0.074 0.044 0.047 0.009 0.212 0.103 0.041 0.029 0.027 0.047 0.092 0.021 0.015 0.024 0.056 0.041 0.006 0.021 0.035
101 G 0.079 0.023 0.039 0.034 0.011 0.019 0.026 0.508 0.014 0.019 0.028 0.034 0.009 0.016 0.019 0.051 0.03 0.005 0.011 0.024
102 T 0.073 0.036 0.044 0.038 0.018 0.028 0.04 0.044 0.014 0.053 0.065 0.046 0.02 0.024 0.028 0.093 0.244 0.006 0.018 0.071
103 A 0.158 0.042 0.049 0.085 0.014 0.057 0.094 0.055 0.019 0.033 0.047 0.067 0.015 0.018 0.026 0.082 0.07 0.005 0.016 0.048
104 R 0.08 0.116 0.034 0.04 0.011 0.036 0.091 0.06 0.018 0.034 0.059 0.084 0.015 0.018 0.106 0.069 0.06 0.005 0.016 0.047
105 E 0.07 0.044 0.044 0.068 0.012 0.049 0.184 0.043 0.021 0.032 0.045 0.063 0.015 0.019 0.027 0.096 0.103 0.006 0.017 0.044
106 A 0.202 0.027 0.022 0.025 0.021 0.022 0.034 0.057 0.012 0.092 0.088 0.037 0.023 0.027 0.024 0.064 0.05 0.005 0.019 0.149
107 N 0.051 0.062 0.153 0.062 0.009 0.142 0.082 0.051 0.03 0.025 0.041 0.076 0.017 0.016 0.022 0.061 0.045 0.005 0.019 0.032
108 D 0.041 0.03 0.069 0.395 0.008 0.03 0.092 0.047 0.019 0.022 0.028 0.045 0.009 0.015 0.022 0.052 0.036 0.004 0.011 0.024
109 N 0.043 0.045 0.315 0.083 0.009 0.034 0.05 0.065 0.032 0.023 0.032 0.054 0.011 0.018 0.02 0.07 0.05 0.005 0.016 0.027
110 G 0.079 0.023 0.039 0.034 0.011 0.019 0.026 0.508 0.014 0.019 0.028 0.034 0.009 0.016 0.019 0.051 0.03 0.005 0.011 0.024
111 S 0.11 0.04 0.054 0.049 0.018 0.033 0.053 0.067 0.019 0.03 0.042 0.054 0.016 0.021 0.03 0.217 0.082 0.005 0.018 0.042
112 H 0.042 0.046 0.054 0.038 0.008 0.038 0.054 0.038 0.353 0.023 0.038 0.046 0.015 0.031 0.019 0.042 0.027 0.008 0.057 0.023
113 P 0.057 0.026 0.023 0.031 0.01 0.021 0.036 0.036 0.013 0.026 0.036 0.041 0.01 0.013 0.492 0.044 0.036 0.003 0.013 0.031
114 A 0.288 0.031 0.026 0.03 0.022 0.026 0.041 0.079 0.015 0.043 0.06 0.045 0.018 0.022 0.03 0.085 0.05 0.005 0.018 0.069
115 A 0.288 0.031 0.026 0.03 0.022 0.026 0.041 0.079 0.015 0.043 0.06 0.045 0.018 0.022 0.03 0.085 0.05 0.005 0.018 0.069
116 A 0.288 0.031 0.026 0.03 0.022 0.026 0.041 0.079 0.015 0.043 0.06 0.045 0.018 0.022 0.03 0.085 0.05 0.005 0.018 0.069
117 I 0.046 0.078 0.019 0.02 0.015 0.02 0.024 0.023 0.011 0.228 0.145 0.041 0.033 0.039 0.015 0.028 0.039 0.006 0.02 0.15
118 P 0.06 0.025 0.026 0.031 0.01 0.02 0.034 0.123 0.013 0.024 0.035 0.04 0.01 0.013 0.409 0.045 0.035 0.003 0.012 0.03
119 P 0.057 0.026 0.023 0.031 0.01 0.021 0.036 0.036 0.013 0.026 0.036 0.041 0.01 0.013 0.492 0.044 0.036 0.003 0.013 0.031
120 I 0.074 0.043 0.026 0.028 0.015 0.025 0.041 0.035 0.013 0.126 0.123 0.06 0.055 0.032 0.047 0.073 0.055 0.006 0.019 0.105
121 A 0.098 0.096 0.032 0.031 0.013 0.046 0.043 0.066 0.026 0.058 0.082 0.074 0.036 0.026 0.057 0.083 0.043 0.006 0.026 0.054
122 E 0.094 0.075 0.062 0.086 0.022 0.074 0.114 0.104 0.02 0.026 0.04 0.068 0.014 0.016 0.022 0.061 0.047 0.005 0.015 0.035
123 R 0.045 0.345 0.039 0.031 0.008 0.048 0.052 0.033 0.023 0.023 0.047 0.12 0.016 0.017 0.019 0.045 0.035 0.006 0.017 0.031
124 D 0.05 0.052 0.039 0.157 0.011 0.026 0.069 0.059 0.015 0.085 0.062 0.044 0.016 0.021 0.092 0.048 0.071 0.004 0.014 0.065
125 P 0.049 0.022 0.018 0.021 0.013 0.017 0.024 0.062 0.011 0.128 0.154 0.029 0.048 0.06 0.16 0.032 0.034 0.006 0.022 0.09
126 P 0.075 0.035 0.059 0.09 0.011 0.046 0.086 0.042 0.017 0.034 0.066 0.048 0.015 0.019 0.148 0.07 0.076 0.004 0.015 0.041
127 I 0.047 0.021 0.017 0.018 0.015 0.016 0.021 0.023 0.011 0.193 0.193 0.025 0.046 0.072 0.015 0.031 0.06 0.007 0.036 0.134
128 N 0.048 0.04 0.284 0.069 0.009 0.031 0.045 0.094 0.053 0.022 0.031 0.049 0.011 0.018 0.02 0.082 0.046 0.005 0.017 0.026
129 D 0.052 0.093 0.066 0.094 0.009 0.039 0.053 0.088 0.088 0.027 0.047 0.086 0.014 0.027 0.02 0.07 0.043 0.007 0.046 0.031
130 L 0.063 0.043 0.031 0.029 0.013 0.027 0.038 0.049 0.014 0.052 0.121 0.096 0.022 0.066 0.021 0.069 0.119 0.044 0.027 0.056
131 L 0.044 0.02 0.015 0.016 0.014 0.013 0.019 0.022 0.011 0.131 0.23 0.022 0.035 0.153 0.013 0.025 0.033 0.009 0.038 0.137
132 F 0.033 0.019 0.016 0.016 0.01 0.011 0.019 0.024 0.017 0.062 0.126 0.019 0.025 0.376 0.011 0.024 0.025 0.016 0.099 0.054
133 L 0.047 0.056 0.09 0.077 0.012 0.026 0.039 0.037 0.021 0.053 0.119 0.043 0.047 0.042 0.019 0.051 0.09 0.008 0.066 0.055
134 L 0.063 0.021 0.019 0.019 0.013 0.015 0.021 0.099 0.012 0.116 0.13 0.025 0.03 0.128 0.014 0.033 0.039 0.045 0.036 0.12
135 L 0.037 0.02 0.015 0.015 0.013 0.013 0.018 0.022 0.012 0.101 0.257 0.021 0.035 0.219 0.012 0.023 0.028 0.011 0.049 0.078
136 F 0.036 0.022 0.017 0.016 0.011 0.015 0.021 0.023 0.024 0.065 0.165 0.023 0.027 0.228 0.012 0.026 0.027 0.017 0.167 0.058
137 L 0.098 0.021 0.017 0.018 0.015 0.015 0.023 0.031 0.012 0.13 0.153 0.026 0.029 0.122 0.016 0.036 0.037 0.008 0.045 0.147
138 I 0.048 0.018 0.014 0.016 0.016 0.014 0.018 0.02 0.008 0.251 0.187 0.023 0.035 0.041 0.014 0.025 0.038 0.006 0.02 0.187
139 S 0.094 0.036 0.047 0.042 0.016 0.029 0.045 0.056 0.017 0.037 0.069 0.048 0.018 0.022 0.027 0.224 0.105 0.005 0.017 0.047
140 L 0.051 0.026 0.018 0.019 0.016 0.021 0.024 0.025 0.012 0.143 0.184 0.03 0.122 0.042 0.016 0.034 0.056 0.007 0.021 0.133
141 V 0.055 0.019 0.015 0.017 0.017 0.015 0.02 0.022 0.008 0.213 0.159 0.024 0.037 0.038 0.015 0.027 0.042 0.005 0.02 0.234
142 L 0.065 0.019 0.015 0.017 0.086 0.014 0.019 0.026 0.01 0.171 0.185 0.023 0.036 0.094 0.014 0.03 0.034 0.007 0.028 0.108
143 T 0.087 0.033 0.04 0.035 0.017 0.026 0.037 0.043 0.013 0.049 0.061 0.043 0.018 0.022 0.026 0.087 0.275 0.006 0.017 0.067
144 P 0.053 0.024 0.022 0.029 0.01 0.019 0.034 0.034 0.012 0.024 0.034 0.039 0.01 0.012 0.524 0.041 0.034 0.002 0.012 0.029
145 L 0.047 0.023 0.014 0.015 0.016 0.016 0.02 0.021 0.01 0.117 0.335 0.025 0.055 0.047 0.014 0.025 0.035 0.006 0.021 0.138
146 Y 0.038 0.026 0.02 0.018 0.009 0.02 0.026 0.023 0.044 0.041 0.064 0.029 0.018 0.123 0.015 0.029 0.026 0.026 0.359 0.044
147 L 0.044 0.021 0.014 0.015 0.015 0.015 0.019 0.02 0.009 0.156 0.338 0.023 0.043 0.048 0.014 0.024 0.034 0.006 0.02 0.122
148 Y 0.039 0.026 0.02 0.018 0.009 0.021 0.026 0.023 0.042 0.045 0.078 0.029 0.028 0.117 0.015 0.029 0.027 0.025 0.335 0.047
149 Q 0.065 0.067 0.085 0.052 0.009 0.146 0.105 0.044 0.025 0.025 0.041 0.127 0.016 0.015 0.023 0.06 0.04 0.005 0.017 0.033
150 I 0.047 0.018 0.014 0.017 0.016 0.013 0.018 0.02 0.008 0.287 0.153 0.023 0.038 0.04 0.014 0.025 0.039 0.006 0.019 0.185
151 L 0.042 0.025 0.017 0.016 0.013 0.019 0.023 0.023 0.023 0.092 0.191 0.027 0.058 0.074 0.014 0.027 0.031 0.051 0.145 0.089
152 K 0.052 0.092 0.04 0.039 0.008 0.08 0.07 0.04 0.047 0.025 0.041 0.268 0.015 0.015 0.025 0.05 0.037 0.005 0.019 0.03
153 V 0.056 0.021 0.04 0.022 0.016 0.016 0.022 0.025 0.01 0.201 0.127 0.026 0.03 0.035 0.015 0.033 0.052 0.005 0.019 0.23
154 V 0.064 0.02 0.015 0.017 0.018 0.015 0.022 0.023 0.008 0.166 0.125 0.024 0.03 0.034 0.015 0.03 0.046 0.005 0.019 0.303
155 S 0.069 0.032 0.04 0.031 0.016 0.027 0.035 0.041 0.016 0.08 0.12 0.04 0.099 0.033 0.021 0.121 0.082 0.006 0.019 0.072
156 M 0.053 0.033 0.023 0.026 0.014 0.038 0.053 0.03 0.016 0.082 0.159 0.04 0.177 0.04 0.017 0.053 0.04 0.007 0.022 0.077
157 F 0.033 0.019 0.016 0.016 0.01 0.012 0.019 0.024 0.018 0.061 0.11 0.02 0.037 0.376 0.011 0.025 0.025 0.016 0.099 0.054
158 D 0.054 0.031 0.098 0.222 0.009 0.027 0.06 0.154 0.045 0.021 0.029 0.042 0.01 0.016 0.021 0.077 0.039 0.004 0.015 0.025
159 W 0.03 0.023 0.015 0.015 0.008 0.015 0.023 0.03 0.015 0.03 0.053 0.023 0.015 0.06 0.008 0.023 0.023 0.494 0.068 0.03
160 S 0.11 0.04 0.054 0.049 0.017 0.033 0.052 0.066 0.019 0.03 0.042 0.054 0.016 0.021 0.03 0.222 0.082 0.005 0.017 0.042
161 G 0.089 0.029 0.044 0.039 0.013 0.024 0.034 0.363 0.015 0.022 0.033 0.04 0.011 0.018 0.022 0.108 0.047 0.005 0.013 0.03
162 T 0.086 0.03 0.033 0.03 0.016 0.024 0.033 0.076 0.013 0.074 0.116 0.038 0.049 0.029 0.034 0.094 0.131 0.006 0.018 0.07
163 A 0.133 0.036 0.042 0.097 0.014 0.046 0.073 0.088 0.044 0.031 0.043 0.048 0.014 0.019 0.025 0.105 0.076 0.005 0.018 0.043
164 D 0.041 0.033 0.103 0.333 0.007 0.033 0.116 0.045 0.02 0.021 0.028 0.047 0.009 0.015 0.021 0.052 0.035 0.004 0.012 0.024
165 L 0.045 0.026 0.015 0.016 0.015 0.019 0.022 0.022 0.012 0.103 0.326 0.028 0.11 0.049 0.014 0.027 0.034 0.007 0.022 0.089
166 L 0.041 0.021 0.014 0.015 0.015 0.014 0.019 0.021 0.01 0.127 0.332 0.023 0.041 0.103 0.013 0.023 0.031 0.008 0.03 0.099
167 Y 0.039 0.054 0.082 0.03 0.009 0.023 0.031 0.032 0.031 0.038 0.062 0.038 0.017 0.127 0.015 0.039 0.049 0.053 0.188 0.041
168 N 0.061 0.041 0.335 0.074 0.009 0.031 0.046 0.062 0.028 0.023 0.031 0.05 0.011 0.017 0.02 0.066 0.046 0.004 0.015 0.028
169 L 0.043 0.022 0.014 0.015 0.015 0.016 0.019 0.021 0.01 0.146 0.34 0.025 0.062 0.049 0.014 0.024 0.033 0.007 0.021 0.104
170 R 0.042 0.385 0.036 0.029 0.007 0.045 0.049 0.031 0.022 0.022 0.044 0.113 0.015 0.016 0.018 0.042 0.033 0.005 0.016 0.029
171 I 0.046 0.019 0.018 0.046 0.015 0.015 0.023 0.022 0.009 0.247 0.17 0.025 0.042 0.04 0.015 0.027 0.037 0.006 0.019 0.161
172 L 0.041 0.023 0.014 0.015 0.015 0.015 0.019 0.02 0.012 0.102 0.381 0.024 0.044 0.065 0.013 0.023 0.031 0.008 0.047 0.086
173 A 0.264 0.031 0.052 0.033 0.019 0.025 0.039 0.067 0.015 0.04 0.054 0.043 0.016 0.02 0.027 0.089 0.083 0.005 0.016 0.061
174 L 0.054 0.024 0.067 0.027 0.015 0.018 0.025 0.065 0.012 0.135 0.166 0.029 0.029 0.034 0.016 0.038 0.058 0.005 0.018 0.162
175 Y 0.083 0.034 0.035 0.042 0.011 0.032 0.101 0.077 0.039 0.031 0.049 0.045 0.015 0.066 0.022 0.107 0.044 0.011 0.114 0.039
176 G 0.065 0.032 0.04 0.076 0.009 0.047 0.106 0.344 0.017 0.019 0.03 0.046 0.01 0.015 0.02 0.05 0.031 0.005 0.012 0.025
177 D 0.053 0.036 0.061 0.211 0.009 0.04 0.166 0.042 0.022 0.023 0.034 0.053 0.011 0.023 0.023 0.08 0.04 0.006 0.038 0.029
178 E 0.051 0.056 0.041 0.11 0.008 0.079 0.162 0.073 0.023 0.024 0.038 0.117 0.013 0.022 0.023 0.049 0.035 0.006 0.04 0.03
179 D 0.056 0.035 0.106 0.199 0.01 0.031 0.08 0.084 0.019 0.029 0.058 0.052 0.013 0.019 0.022 0.094 0.044 0.004 0.014 0.032
180 S 0.067 0.086 0.034 0.032 0.014 0.029 0.038 0.04 0.016 0.085 0.089 0.053 0.046 0.028 0.075 0.098 0.074 0.006 0.018 0.071
181 G 0.065 0.024 0.027 0.025 0.014 0.019 0.024 0.273 0.012 0.071 0.132 0.031 0.048 0.031 0.017 0.04 0.035 0.006 0.016 0.09
182 F 0.068 0.032 0.028 0.027 0.011 0.054 0.039 0.035 0.037 0.044 0.07 0.039 0.019 0.165 0.018 0.06 0.07 0.014 0.12 0.048
183 G 0.076 0.03 0.039 0.034 0.011 0.023 0.032 0.4 0.014 0.022 0.032 0.056 0.011 0.016 0.02 0.082 0.054 0.005 0.012 0.029
184 L 0.043 0.021 0.015 0.016 0.014 0.013 0.019 0.022 0.011 0.161 0.182 0.029 0.032 0.169 0.013 0.025 0.033 0.009 0.041 0.131
185 L 0.042 0.022 0.013 0.014 0.015 0.015 0.019 0.02 0.009 0.123 0.395 0.024 0.046 0.051 0.013 0.023 0.032 0.007 0.021 0.096
186 K 0.052 0.068 0.142 0.051 0.009 0.063 0.058 0.083 0.023 0.025 0.038 0.169 0.014 0.016 0.023 0.058 0.058 0.005 0.016 0.031
187 Y 0.038 0.026 0.02 0.017 0.009 0.02 0.026 0.024 0.042 0.042 0.072 0.029 0.018 0.118 0.014 0.029 0.026 0.049 0.337 0.044
188 V 0.097 0.029 0.032 0.031 0.017 0.023 0.035 0.043 0.013 0.098 0.082 0.038 0.022 0.027 0.022 0.126 0.092 0.005 0.018 0.152
189 Y 0.042 0.079 0.096 0.033 0.009 0.025 0.032 0.069 0.031 0.053 0.061 0.045 0.017 0.093 0.016 0.039 0.032 0.015 0.168 0.046
190 V 0.141 0.023 0.022 0.023 0.017 0.019 0.027 0.076 0.011 0.138 0.098 0.031 0.024 0.029 0.02 0.061 0.045 0.005 0.018 0.17
191 L 0.046 0.02 0.014 0.016 0.016 0.015 0.019 0.021 0.009 0.193 0.264 0.024 0.047 0.045 0.014 0.025 0.036 0.006 0.02 0.151
192 N 0.047 0.04 0.314 0.072 0.009 0.031 0.045 0.095 0.028 0.021 0.03 0.049 0.011 0.017 0.02 0.079 0.047 0.004 0.015 0.026
193 Q 0.053 0.071 0.041 0.044 0.008 0.253 0.095 0.039 0.027 0.025 0.044 0.097 0.019 0.014 0.022 0.052 0.039 0.006 0.019 0.033
194 A 0.178 0.026 0.022 0.023 0.019 0.021 0.03 0.046 0.011 0.09 0.111 0.034 0.031 0.028 0.022 0.057 0.069 0.005 0.018 0.159
195 L 0.043 0.024 0.014 0.015 0.015 0.017 0.02 0.021 0.01 0.106 0.381 0.025 0.07 0.05 0.014 0.024 0.032 0.007 0.021 0.09
196 L 0.04 0.021 0.015 0.016 0.013 0.014 0.019 0.022 0.015 0.092 0.223 0.022 0.033 0.207 0.012 0.025 0.029 0.012 0.078 0.093
197 V 0.057 0.019 0.015 0.017 0.017 0.014 0.02 0.022 0.008 0.218 0.136 0.024 0.032 0.037 0.015 0.028 0.043 0.005 0.019 0.256
198 V 0.069 0.02 0.015 0.017 0.017 0.016 0.021 0.024 0.009 0.206 0.137 0.025 0.044 0.037 0.015 0.031 0.042 0.005 0.019 0.229
199 A 0.24 0.027 0.028 0.029 0.053 0.022 0.034 0.157 0.013 0.037 0.051 0.039 0.015 0.019 0.025 0.076 0.061 0.005 0.015 0.055
200 L 0.046 0.021 0.014 0.016 0.015 0.015 0.019 0.021 0.01 0.155 0.279 0.024 0.052 0.073 0.014 0.025 0.035 0.007 0.025 0.135
201 W 0.03 0.021 0.014 0.014 0.031 0.014 0.021 0.028 0.014 0.03 0.052 0.021 0.015 0.064 0.008 0.022 0.022 0.487 0.062 0.03
202 R 0.046 0.216 0.035 0.037 0.008 0.068 0.085 0.033 0.021 0.028 0.053 0.128 0.029 0.021 0.02 0.043 0.034 0.042 0.02 0.034
203 Y 0.039 0.045 0.022 0.019 0.009 0.022 0.028 0.024 0.042 0.04 0.063 0.04 0.017 0.115 0.015 0.03 0.027 0.025 0.335 0.043
204 P 0.053 0.042 0.023 0.029 0.01 0.026 0.036 0.034 0.013 0.024 0.035 0.043 0.01 0.012 0.488 0.042 0.034 0.003 0.012 0.029
205 K 0.048 0.134 0.065 0.068 0.008 0.055 0.063 0.04 0.065 0.024 0.039 0.201 0.014 0.017 0.023 0.049 0.035 0.005 0.02 0.029
206 I 0.052 0.018 0.016 0.018 0.016 0.014 0.019 0.058 0.008 0.238 0.15 0.024 0.032 0.038 0.015 0.027 0.039 0.005 0.019 0.194
207 P 0.064 0.04 0.056 0.038 0.011 0.028 0.043 0.043 0.016 0.027 0.038 0.083 0.012 0.015 0.275 0.096 0.063 0.004 0.014 0.034
208 K 0.049 0.066 0.029 0.029 0.011 0.036 0.046 0.033 0.016 0.055 0.15 0.189 0.044 0.03 0.02 0.04 0.041 0.043 0.022 0.052
209 W 0.043 0.025 0.021 0.021 0.01 0.018 0.027 0.033 0.014 0.037 0.075 0.028 0.017 0.045 0.061 0.05 0.066 0.326 0.046 0.039
210 Q 0.056 0.081 0.037 0.04 0.011 0.141 0.088 0.036 0.021 0.06 0.06 0.097 0.02 0.019 0.022 0.06 0.058 0.005 0.018 0.071
211 L 0.043 0.021 0.014 0.015 0.015 0.014 0.019 0.021 0.01 0.137 0.327 0.023 0.041 0.084 0.013 0.024 0.033 0.007 0.027 0.113
212 L 0.09 0.026 0.025 0.024 0.016 0.02 0.028 0.036 0.011 0.1 0.168 0.032 0.028 0.035 0.019 0.064 0.104 0.043 0.022 0.11
213 L 0.074 0.025 0.024 0.023 0.087 0.019 0.026 0.033 0.011 0.085 0.172 0.031 0.027 0.06 0.019 0.052 0.126 0.006 0.022 0.077
214 I 0.047 0.017 0.014 0.017 0.016 0.013 0.017 0.02 0.008 0.293 0.153 0.022 0.034 0.04 0.014 0.025 0.039 0.005 0.019 0.187
215 I 0.051 0.019 0.015 0.017 0.016 0.014 0.019 0.021 0.011 0.224 0.157 0.024 0.032 0.045 0.014 0.026 0.039 0.007 0.044 0.205
216 L 0.055 0.02 0.015 0.017 0.015 0.015 0.019 0.046 0.009 0.178 0.246 0.024 0.037 0.052 0.014 0.027 0.036 0.006 0.021 0.148
217 A 0.313 0.029 0.023 0.027 0.02 0.023 0.037 0.07 0.014 0.045 0.081 0.04 0.019 0.023 0.027 0.076 0.046 0.005 0.017 0.066
218 N 0.071 0.036 0.218 0.057 0.023 0.028 0.041 0.066 0.025 0.044 0.046 0.045 0.014 0.027 0.02 0.081 0.064 0.006 0.04 0.048
219 L 0.064 0.021 0.015 0.017 0.015 0.015 0.02 0.024 0.01 0.178 0.238 0.024 0.041 0.08 0.014 0.028 0.035 0.007 0.026 0.129
220 L 0.045 0.026 0.017 0.017 0.015 0.021 0.023 0.024 0.013 0.112 0.243 0.029 0.139 0.074 0.014 0.029 0.035 0.008 0.026 0.091
221 C 0.076 0.027 0.056 0.033 0.229 0.021 0.032 0.081 0.014 0.034 0.049 0.035 0.015 0.019 0.021 0.126 0.068 0.004 0.014 0.045
222 A 0.261 0.032 0.028 0.031 0.054 0.041 0.042 0.066 0.015 0.038 0.053 0.045 0.016 0.02 0.027 0.102 0.05 0.005 0.016 0.058
223 F 0.062 0.019 0.016 0.017 0.014 0.013 0.02 0.026 0.012 0.141 0.141 0.022 0.029 0.217 0.013 0.029 0.033 0.01 0.049 0.12
224 A 0.317 0.03 0.026 0.029 0.02 0.025 0.039 0.073 0.014 0.04 0.055 0.042 0.016 0.02 0.028 0.093 0.049 0.005 0.016 0.063
225 I 0.046 0.017 0.014 0.016 0.015 0.013 0.017 0.02 0.008 0.289 0.173 0.022 0.035 0.042 0.014 0.024 0.038 0.006 0.019 0.171
226 M 0.049 0.03 0.019 0.019 0.015 0.026 0.026 0.026 0.015 0.094 0.185 0.034 0.212 0.045 0.015 0.034 0.038 0.008 0.023 0.087
227 E 0.053 0.045 0.038 0.081 0.007 0.058 0.317 0.069 0.023 0.021 0.034 0.068 0.012 0.016 0.024 0.052 0.034 0.005 0.015 0.029
228 K 0.054 0.101 0.039 0.039 0.008 0.05 0.066 0.041 0.019 0.026 0.041 0.322 0.015 0.015 0.026 0.05 0.037 0.005 0.016 0.031
229 G 0.07 0.025 0.06 0.035 0.011 0.02 0.027 0.434 0.014 0.023 0.032 0.035 0.01 0.016 0.019 0.055 0.067 0.005 0.011 0.029
230 G 0.105 0.029 0.029 0.028 0.015 0.024 0.033 0.114 0.016 0.057 0.094 0.037 0.067 0.034 0.056 0.092 0.045 0.007 0.042 0.073
231 L 0.043 0.02 0.014 0.015 0.015 0.014 0.018 0.02 0.009 0.182 0.297 0.023 0.041 0.065 0.013 0.023 0.034 0.007 0.023 0.123
232 F 0.035 0.018 0.016 0.016 0.011 0.011 0.018 0.024 0.015 0.07 0.13 0.019 0.026 0.37 0.011 0.024 0.026 0.014 0.074 0.073
233 F 0.033 0.019 0.016 0.016 0.01 0.011 0.019 0.024 0.016 0.062 0.112 0.019 0.037 0.39 0.01 0.025 0.025 0.016 0.086 0.054
234 L 0.065 0.025 0.016 0.017 0.016 0.02 0.023 0.026 0.012 0.123 0.276 0.028 0.102 0.046 0.015 0.031 0.035 0.007 0.021 0.096
235 L 0.043 0.02 0.014 0.015 0.014 0.013 0.019 0.021 0.011 0.121 0.26 0.022 0.037 0.154 0.013 0.024 0.032 0.009 0.038 0.118
236 L 0.08 0.022 0.02 0.021 0.015 0.016 0.024 0.031 0.012 0.147 0.168 0.027 0.03 0.111 0.016 0.052 0.056 0.008 0.031 0.113
237 V 0.102 0.028 0.03 0.029 0.017 0.022 0.033 0.053 0.012 0.092 0.082 0.036 0.022 0.026 0.022 0.098 0.111 0.005 0.018 0.162
238 T 0.081 0.028 0.03 0.028 0.017 0.022 0.031 0.036 0.011 0.103 0.115 0.036 0.025 0.029 0.022 0.065 0.184 0.006 0.018 0.114
239 L 0.069 0.022 0.015 0.016 0.016 0.016 0.021 0.025 0.009 0.135 0.282 0.025 0.043 0.043 0.015 0.029 0.037 0.006 0.02 0.154
240 F 0.032 0.018 0.016 0.016 0.01 0.011 0.018 0.024 0.016 0.057 0.102 0.018 0.023 0.391 0.01 0.024 0.024 0.052 0.089 0.05
241 V 0.058 0.02 0.017 0.018 0.052 0.015 0.021 0.024 0.008 0.182 0.144 0.025 0.03 0.035 0.016 0.033 0.062 0.005 0.019 0.214
242 L 0.041 0.022 0.014 0.014 0.015 0.015 0.019 0.02 0.01 0.105 0.392 0.023 0.045 0.078 0.013 0.023 0.031 0.007 0.025 0.088
243 Y 0.037 0.025 0.02 0.017 0.009 0.019 0.025 0.023 0.04 0.044 0.07 0.028 0.018 0.166 0.014 0.029 0.026 0.025 0.32 0.045
244 E 0.052 0.052 0.039 0.075 0.007 0.109 0.282 0.034 0.025 0.022 0.037 0.074 0.014 0.015 0.024 0.052 0.036 0.005 0.016 0.03
245 K 0.053 0.119 0.039 0.039 0.008 0.065 0.067 0.04 0.02 0.026 0.041 0.29 0.015 0.015 0.025 0.05 0.037 0.005 0.016 0.031
246 R 0.055 0.191 0.037 0.036 0.008 0.039 0.066 0.191 0.019 0.021 0.037 0.127 0.013 0.016 0.02 0.046 0.032 0.005 0.014 0.028
247 V 0.054 0.083 0.027 0.026 0.012 0.031 0.04 0.03 0.018 0.091 0.08 0.133 0.021 0.038 0.019 0.04 0.047 0.008 0.067 0.134
248 I 0.046 0.017 0.014 0.016 0.015 0.013 0.017 0.02 0.008 0.289 0.173 0.022 0.035 0.042 0.014 0.024 0.038 0.006 0.019 0.171
249 K 0.051 0.14 0.039 0.037 0.008 0.047 0.061 0.038 0.046 0.025 0.04 0.254 0.014 0.016 0.048 0.048 0.035 0.005 0.019 0.03
250 L 0.067 0.025 0.017 0.019 0.015 0.02 0.024 0.027 0.012 0.135 0.218 0.03 0.1 0.042 0.052 0.033 0.037 0.006 0.02 0.103
251 R 0.054 0.285 0.038 0.032 0.009 0.04 0.047 0.037 0.021 0.024 0.043 0.093 0.015 0.02 0.019 0.089 0.041 0.042 0.02 0.031
252 S 0.081 0.087 0.068 0.043 0.014 0.033 0.047 0.053 0.046 0.031 0.05 0.058 0.029 0.021 0.024 0.184 0.067 0.005 0.019 0.04
253 I 0.044 0.017 0.014 0.017 0.015 0.013 0.017 0.02 0.008 0.31 0.158 0.022 0.039 0.042 0.014 0.024 0.037 0.006 0.019 0.164
254 L 0.087 0.02 0.016 0.018 0.015 0.015 0.021 0.041 0.01 0.175 0.181 0.025 0.032 0.089 0.016 0.033 0.037 0.007 0.027 0.135
255 L 0.046 0.02 0.016 0.017 0.015 0.015 0.02 0.022 0.011 0.179 0.186 0.024 0.052 0.11 0.014 0.028 0.044 0.008 0.031 0.142
256 W 0.119 0.03 0.033 0.031 0.015 0.024 0.037 0.051 0.015 0.036 0.057 0.039 0.016 0.032 0.021 0.13 0.085 0.153 0.03 0.046
257 G 0.135 0.025 0.027 0.027 0.016 0.02 0.029 0.187 0.012 0.075 0.112 0.034 0.021 0.026 0.02 0.075 0.042 0.005 0.016 0.095
258 V 0.063 0.021 0.017 0.018 0.016 0.015 0.021 0.061 0.009 0.166 0.165 0.025 0.031 0.055 0.015 0.036 0.04 0.006 0.022 0.198
259 V 0.093 0.024 0.022 0.023 0.016 0.019 0.027 0.07 0.011 0.118 0.136 0.031 0.039 0.046 0.054 0.062 0.043 0.006 0.02 0.14
260 I 0.058 0.019 0.015 0.017 0.016 0.014 0.019 0.023 0.009 0.238 0.217 0.024 0.036 0.042 0.015 0.028 0.043 0.006 0.02 0.142
261 L 0.048 0.02 0.015 0.016 0.015 0.014 0.019 0.022 0.01 0.152 0.209 0.022 0.034 0.124 0.013 0.026 0.036 0.008 0.034 0.166
262 L 0.047 0.021 0.018 0.018 0.014 0.014 0.02 0.06 0.011 0.13 0.183 0.024 0.031 0.149 0.014 0.031 0.051 0.009 0.037 0.119
263 L 0.075 0.022 0.017 0.018 0.016 0.016 0.022 0.063 0.01 0.114 0.196 0.025 0.032 0.074 0.015 0.033 0.038 0.007 0.025 0.184
264 F 0.053 0.019 0.016 0.017 0.011 0.011 0.019 0.027 0.016 0.058 0.104 0.02 0.023 0.395 0.011 0.028 0.025 0.015 0.079 0.053
265 F 0.035 0.022 0.018 0.017 0.009 0.015 0.022 0.024 0.03 0.05 0.086 0.024 0.021 0.274 0.012 0.027 0.025 0.021 0.221 0.048
266 G 0.054 0.021 0.024 0.022 0.012 0.015 0.021 0.243 0.012 0.092 0.167 0.026 0.025 0.088 0.015 0.034 0.03 0.007 0.025 0.067
267 F 0.038 0.018 0.015 0.016 0.012 0.012 0.018 0.022 0.012 0.174 0.132 0.02 0.035 0.242 0.012 0.024 0.03 0.011 0.053 0.103
268 N 0.045 0.041 0.306 0.071 0.01 0.031 0.045 0.058 0.027 0.026 0.035 0.049 0.012 0.018 0.02 0.069 0.087 0.004 0.015 0.032
269 L 0.046 0.022 0.042 0.022 0.013 0.016 0.022 0.074 0.013 0.115 0.192 0.026 0.037 0.13 0.014 0.031 0.039 0.008 0.034 0.104
270 L 0.144 0.026 0.021 0.023 0.017 0.02 0.028 0.042 0.012 0.108 0.211 0.033 0.031 0.036 0.02 0.071 0.043 0.006 0.019 0.092
271 R 0.043 0.365 0.037 0.03 0.007 0.046 0.05 0.032 0.022 0.022 0.043 0.128 0.015 0.016 0.019 0.042 0.033 0.005 0.016 0.029
272 D 0.065 0.063 0.048 0.14 0.012 0.051 0.1 0.045 0.019 0.029 0.041 0.057 0.014 0.018 0.024 0.115 0.101 0.005 0.015 0.039
273 G 0.069 0.028 0.03 0.031 0.012 0.024 0.053 0.108 0.022 0.064 0.065 0.037 0.022 0.058 0.055 0.086 0.042 0.011 0.107 0.074
274 E 0.099 0.108 0.039 0.073 0.011 0.073 0.113 0.043 0.02 0.029 0.044 0.106 0.015 0.017 0.024 0.063 0.063 0.005 0.016 0.039
275 E 0.07 0.039 0.07 0.116 0.011 0.04 0.15 0.048 0.02 0.026 0.037 0.056 0.013 0.017 0.025 0.137 0.07 0.005 0.015 0.035
276 S 0.11 0.04 0.054 0.049 0.018 0.033 0.053 0.067 0.019 0.03 0.042 0.054 0.016 0.021 0.03 0.217 0.082 0.005 0.018 0.042
277 D 0.043 0.032 0.082 0.343 0.008 0.032 0.098 0.046 0.019 0.024 0.031 0.046 0.01 0.015 0.022 0.055 0.051 0.004 0.012 0.027
278 A 0.143 0.034 0.051 0.059 0.015 0.03 0.075 0.132 0.017 0.032 0.044 0.047 0.014 0.019 0.026 0.118 0.078 0.005 0.015 0.045
279 D 0.07 0.04 0.073 0.213 0.011 0.031 0.072 0.046 0.018 0.039 0.044 0.076 0.014 0.018 0.023 0.074 0.064 0.004 0.014 0.058
280 P 0.12 0.028 0.033 0.088 0.014 0.023 0.043 0.046 0.013 0.048 0.061 0.04 0.016 0.02 0.155 0.081 0.074 0.004 0.015 0.077
281 D 0.076 0.038 0.095 0.155 0.012 0.047 0.079 0.048 0.019 0.037 0.045 0.055 0.014 0.018 0.023 0.084 0.08 0.005 0.015 0.057
282 E 0.048 0.044 0.098 0.163 0.008 0.044 0.179 0.042 0.022 0.024 0.035 0.076 0.012 0.016 0.023 0.057 0.061 0.005 0.014 0.031
283 A 0.128 0.037 0.105 0.063 0.014 0.034 0.1 0.055 0.02 0.034 0.067 0.05 0.016 0.021 0.024 0.111 0.056 0.005 0.016 0.044
284 L 0.053 0.033 0.074 0.032 0.013 0.027 0.034 0.036 0.044 0.071 0.125 0.039 0.116 0.034 0.054 0.06 0.062 0.006 0.022 0.066
285 T 0.077 0.034 0.043 0.038 0.017 0.027 0.04 0.046 0.014 0.045 0.056 0.045 0.018 0.022 0.026 0.13 0.241 0.005 0.017 0.06
286 F 0.035 0.019 0.015 0.016 0.011 0.011 0.018 0.023 0.014 0.088 0.176 0.019 0.029 0.317 0.011 0.024 0.026 0.013 0.065 0.068
287 L 0.048 0.023 0.016 0.017 0.015 0.016 0.021 0.035 0.01 0.134 0.313 0.026 0.053 0.046 0.014 0.037 0.036 0.006 0.02 0.113
288 D 0.04 0.03 0.062 0.393 0.007 0.032 0.116 0.042 0.018 0.021 0.027 0.045 0.009 0.014 0.021 0.049 0.033 0.004 0.011 0.024
289 F 0.032 0.018 0.016 0.016 0.01 0.01 0.018 0.024 0.016 0.06 0.107 0.018 0.024 0.424 0.01 0.024 0.024 0.016 0.083 0.052
290 F 0.037 0.019 0.015 0.016 0.012 0.012 0.018 0.023 0.014 0.112 0.151 0.02 0.041 0.289 0.011 0.025 0.028 0.012 0.061 0.083
291 G 0.155 0.031 0.061 0.039 0.015 0.025 0.038 0.213 0.016 0.028 0.039 0.042 0.013 0.018 0.024 0.132 0.051 0.005 0.014 0.04
292 I 0.048 0.022 0.015 0.017 0.016 0.017 0.02 0.022 0.01 0.2 0.197 0.026 0.086 0.043 0.014 0.027 0.038 0.006 0.021 0.154
293 Y 0.038 0.026 0.02 0.018 0.009 0.02 0.026 0.023 0.044 0.041 0.064 0.029 0.018 0.123 0.015 0.029 0.026 0.026 0.359 0.044
294 V 0.058 0.019 0.015 0.017 0.017 0.014 0.02 0.022 0.008 0.216 0.136 0.024 0.032 0.037 0.015 0.028 0.043 0.005 0.019 0.257
295 L 0.044 0.024 0.016 0.016 0.015 0.017 0.021 0.022 0.01 0.103 0.364 0.026 0.062 0.049 0.014 0.029 0.051 0.007 0.021 0.088
296 S 0.103 0.038 0.051 0.046 0.016 0.031 0.049 0.062 0.018 0.028 0.039 0.051 0.015 0.02 0.028 0.268 0.077 0.005 0.016 0.039
297 P 0.056 0.025 0.023 0.03 0.01 0.02 0.035 0.035 0.012 0.024 0.034 0.039 0.01 0.012 0.501 0.052 0.036 0.003 0.012 0.03
298 S 0.149 0.032 0.037 0.037 0.016 0.027 0.043 0.058 0.016 0.03 0.042 0.046 0.014 0.018 0.146 0.167 0.059 0.004 0.015 0.043
299 V 0.101 0.022 0.017 0.018 0.018 0.017 0.024 0.03 0.009 0.14 0.114 0.027 0.028 0.032 0.017 0.037 0.046 0.005 0.019 0.281
300 A 0.333 0.029 0.024 0.028 0.02 0.024 0.038 0.074 0.014 0.041 0.056 0.042 0.016 0.02 0.028 0.08 0.047 0.005 0.016 0.065
301 F 0.032 0.019 0.016 0.016 0.01 0.011 0.019 0.024 0.019 0.057 0.102 0.019 0.023 0.388 0.011 0.024 0.024 0.017 0.116 0.051
302 G 0.06 0.035 0.036 0.061 0.044 0.042 0.204 0.214 0.019 0.021 0.034 0.053 0.011 0.016 0.021 0.05 0.032 0.005 0.013 0.029
303 Y 0.046 0.117 0.031 0.029 0.009 0.097 0.054 0.031 0.03 0.038 0.06 0.084 0.027 0.053 0.019 0.042 0.04 0.012 0.132 0.049
304 V 0.082 0.021 0.016 0.018 0.018 0.017 0.023 0.027 0.009 0.157 0.125 0.026 0.042 0.034 0.016 0.034 0.045 0.005 0.019 0.265
305 Q 0.055 0.054 0.041 0.068 0.009 0.159 0.125 0.038 0.023 0.028 0.043 0.071 0.017 0.015 0.059 0.061 0.075 0.005 0.017 0.037
306 E 0.052 0.043 0.035 0.072 0.008 0.057 0.274 0.032 0.022 0.041 0.052 0.064 0.015 0.018 0.059 0.049 0.041 0.005 0.016 0.045
307 D 0.047 0.056 0.096 0.214 0.008 0.036 0.069 0.069 0.02 0.023 0.032 0.143 0.011 0.015 0.022 0.057 0.037 0.004 0.013 0.026
308 L 0.054 0.023 0.016 0.017 0.016 0.016 0.022 0.024 0.01 0.11 0.326 0.026 0.04 0.045 0.033 0.03 0.052 0.006 0.02 0.114
309 T 0.074 0.035 0.064 0.042 0.015 0.029 0.054 0.047 0.016 0.059 0.058 0.046 0.018 0.022 0.025 0.133 0.18 0.005 0.017 0.061
310 P 0.058 0.036 0.059 0.077 0.01 0.049 0.11 0.04 0.018 0.03 0.04 0.051 0.013 0.016 0.191 0.073 0.07 0.004 0.015 0.041
311 Q 0.052 0.068 0.041 0.045 0.008 0.258 0.102 0.039 0.028 0.025 0.044 0.085 0.019 0.014 0.022 0.052 0.039 0.006 0.019 0.033
312 F 0.032 0.019 0.016 0.016 0.01 0.012 0.019 0.024 0.017 0.058 0.119 0.02 0.024 0.328 0.01 0.024 0.024 0.082 0.096 0.051
313 G 0.074 0.022 0.037 0.032 0.01 0.018 0.024 0.54 0.013 0.018 0.027 0.032 0.009 0.015 0.018 0.048 0.028 0.005 0.01 0.023
314 S 0.112 0.036 0.074 0.047 0.015 0.03 0.059 0.059 0.019 0.03 0.045 0.049 0.015 0.048 0.026 0.203 0.065 0.006 0.021 0.041
315 H 0.045 0.174 0.052 0.035 0.008 0.039 0.05 0.037 0.208 0.022 0.039 0.077 0.014 0.023 0.019 0.058 0.033 0.006 0.035 0.026
316 T 0.074 0.034 0.042 0.037 0.017 0.027 0.039 0.044 0.014 0.046 0.057 0.044 0.018 0.022 0.026 0.117 0.257 0.005 0.017 0.062
317 F 0.033 0.018 0.016 0.016 0.01 0.01 0.018 0.023 0.015 0.064 0.136 0.018 0.026 0.389 0.01 0.024 0.025 0.015 0.077 0.055
318 A 0.174 0.042 0.033 0.039 0.014 0.09 0.082 0.053 0.046 0.034 0.052 0.055 0.017 0.048 0.024 0.077 0.042 0.006 0.025 0.047
319 F 0.069 0.025 0.025 0.023 0.013 0.018 0.027 0.034 0.016 0.072 0.098 0.029 0.027 0.204 0.017 0.06 0.092 0.011 0.07 0.069
320 F 0.042 0.018 0.015 0.016 0.013 0.012 0.018 0.022 0.012 0.163 0.155 0.021 0.03 0.205 0.012 0.025 0.032 0.01 0.047 0.131
