#Seq2Logo.py -f /work3/idamei/ssn-clusterings/clustering/2205111339/clusters/0010_141/sequences.afa -o /work3/idamei/ssn-clusterings/clustering/2205111339/clusters/0010_141/sequences.logo
#Position Specific Frequency Matrix
A R N D C Q E G H I L K M F P S T W Y V
0 L 0.051 0.031 0.02 0.02 0.016 0.027 0.027 0.027 0.016 0.097 0.191 0.035 0.185 0.047 0.016 0.035 0.039 0.008 0.023 0.09
1 I 0.088 0.026 0.023 0.032 0.015 0.024 0.066 0.033 0.012 0.183 0.116 0.036 0.027 0.033 0.02 0.046 0.072 0.006 0.019 0.122
2 Y 0.04 0.027 0.02 0.018 0.01 0.02 0.026 0.024 0.04 0.052 0.113 0.029 0.022 0.116 0.015 0.029 0.028 0.024 0.293 0.052
3 L 0.045 0.02 0.014 0.016 0.016 0.014 0.018 0.02 0.009 0.215 0.262 0.024 0.041 0.047 0.014 0.024 0.036 0.006 0.021 0.138
4 I 0.045 0.019 0.015 0.017 0.015 0.014 0.019 0.021 0.014 0.257 0.149 0.024 0.033 0.055 0.014 0.025 0.037 0.009 0.065 0.154
5 I 0.066 0.027 0.029 0.028 0.016 0.021 0.03 0.036 0.012 0.157 0.147 0.035 0.029 0.035 0.02 0.096 0.082 0.006 0.019 0.108
6 N 0.043 0.052 0.294 0.075 0.009 0.035 0.051 0.06 0.029 0.023 0.032 0.088 0.011 0.017 0.021 0.065 0.047 0.004 0.015 0.027
7 F 0.054 0.026 0.029 0.027 0.013 0.018 0.029 0.035 0.016 0.054 0.087 0.031 0.022 0.241 0.018 0.074 0.102 0.012 0.057 0.056
8 L 0.044 0.021 0.014 0.016 0.016 0.015 0.019 0.02 0.009 0.181 0.306 0.024 0.043 0.049 0.014 0.024 0.035 0.006 0.021 0.123
9 T 0.114 0.031 0.036 0.034 0.087 0.025 0.037 0.05 0.014 0.053 0.062 0.041 0.018 0.023 0.025 0.12 0.129 0.005 0.017 0.08
10 L 0.052 0.027 0.023 0.022 0.016 0.019 0.026 0.028 0.011 0.092 0.284 0.031 0.038 0.043 0.018 0.046 0.111 0.007 0.02 0.085
11 I 0.047 0.019 0.016 0.017 0.083 0.014 0.019 0.024 0.015 0.147 0.117 0.023 0.027 0.137 0.014 0.028 0.035 0.011 0.08 0.126
12 F 0.042 0.023 0.019 0.017 0.011 0.016 0.023 0.024 0.028 0.07 0.094 0.025 0.023 0.219 0.013 0.028 0.03 0.019 0.186 0.089
13 L 0.042 0.021 0.015 0.017 0.014 0.014 0.019 0.023 0.012 0.153 0.2 0.023 0.051 0.166 0.013 0.026 0.033 0.01 0.043 0.106
14 Y 0.038 0.026 0.02 0.018 0.009 0.019 0.026 0.025 0.04 0.043 0.07 0.028 0.019 0.152 0.014 0.029 0.027 0.066 0.286 0.045
15 L 0.044 0.022 0.014 0.016 0.016 0.015 0.019 0.021 0.009 0.172 0.316 0.024 0.044 0.05 0.014 0.024 0.035 0.007 0.021 0.12
16 Y 0.039 0.026 0.021 0.018 0.009 0.02 0.026 0.024 0.042 0.045 0.072 0.029 0.019 0.158 0.015 0.03 0.027 0.026 0.308 0.046
17 N 0.067 0.04 0.133 0.116 0.012 0.033 0.057 0.056 0.081 0.025 0.035 0.05 0.013 0.02 0.023 0.128 0.054 0.005 0.022 0.031
18 K 0.108 0.054 0.031 0.031 0.014 0.032 0.045 0.044 0.021 0.057 0.065 0.123 0.019 0.039 0.024 0.065 0.062 0.009 0.071 0.087
19 Y 0.037 0.024 0.02 0.018 0.009 0.018 0.024 0.024 0.036 0.049 0.081 0.026 0.02 0.219 0.014 0.028 0.026 0.024 0.253 0.048
20 N 0.043 0.103 0.115 0.042 0.009 0.034 0.045 0.04 0.027 0.033 0.055 0.108 0.016 0.099 0.019 0.047 0.036 0.011 0.081 0.036
21 K 0.054 0.084 0.041 0.088 0.009 0.036 0.055 0.04 0.052 0.03 0.046 0.121 0.015 0.046 0.022 0.072 0.039 0.011 0.103 0.035
22 S 0.08 0.046 0.087 0.047 0.014 0.033 0.048 0.054 0.019 0.055 0.054 0.084 0.017 0.022 0.026 0.151 0.088 0.005 0.017 0.053
23 P 0.06 0.047 0.03 0.032 0.012 0.029 0.042 0.037 0.014 0.102 0.074 0.111 0.02 0.023 0.161 0.069 0.043 0.005 0.017 0.073
24 L 0.058 0.031 0.032 0.027 0.082 0.024 0.034 0.034 0.118 0.065 0.125 0.034 0.024 0.041 0.018 0.064 0.039 0.008 0.059 0.084
25 N 0.098 0.037 0.121 0.054 0.013 0.032 0.079 0.099 0.021 0.039 0.089 0.048 0.018 0.023 0.023 0.093 0.048 0.005 0.016 0.045
26 R 0.044 0.291 0.036 0.029 0.008 0.044 0.049 0.032 0.026 0.026 0.048 0.122 0.015 0.032 0.019 0.042 0.033 0.009 0.063 0.032
27 L 0.043 0.022 0.016 0.017 0.014 0.016 0.021 0.021 0.02 0.152 0.223 0.026 0.035 0.071 0.014 0.026 0.033 0.012 0.111 0.106
28 F 0.039 0.02 0.015 0.016 0.013 0.012 0.018 0.022 0.013 0.131 0.204 0.021 0.034 0.218 0.012 0.024 0.03 0.011 0.052 0.093
29 L 0.049 0.021 0.018 0.019 0.016 0.016 0.021 0.023 0.01 0.206 0.215 0.026 0.037 0.043 0.016 0.033 0.07 0.006 0.02 0.135
30 G 0.084 0.03 0.042 0.037 0.013 0.025 0.036 0.256 0.02 0.026 0.039 0.041 0.013 0.034 0.022 0.13 0.05 0.008 0.06 0.034
31 G 0.064 0.021 0.026 0.025 0.014 0.017 0.023 0.204 0.011 0.157 0.101 0.029 0.024 0.03 0.017 0.05 0.039 0.005 0.016 0.126
32 L 0.093 0.028 0.025 0.024 0.016 0.023 0.028 0.106 0.013 0.092 0.157 0.035 0.078 0.036 0.019 0.049 0.071 0.006 0.019 0.082
33 L 0.051 0.019 0.015 0.016 0.153 0.013 0.018 0.025 0.01 0.118 0.188 0.022 0.031 0.09 0.014 0.03 0.035 0.007 0.028 0.116
34 I 0.051 0.018 0.015 0.017 0.016 0.014 0.018 0.021 0.008 0.261 0.154 0.023 0.035 0.041 0.015 0.026 0.041 0.006 0.02 0.2
35 F 0.037 0.021 0.016 0.017 0.012 0.013 0.02 0.024 0.015 0.074 0.163 0.022 0.051 0.303 0.012 0.026 0.028 0.014 0.068 0.064
36 L 0.038 0.022 0.016 0.016 0.012 0.015 0.021 0.024 0.014 0.079 0.208 0.023 0.054 0.187 0.012 0.025 0.029 0.082 0.053 0.068
37 L 0.049 0.024 0.016 0.017 0.016 0.018 0.021 0.023 0.011 0.15 0.263 0.027 0.076 0.047 0.015 0.028 0.037 0.007 0.022 0.136
38 A 0.19 0.031 0.033 0.033 0.018 0.025 0.04 0.062 0.016 0.042 0.061 0.042 0.018 0.076 0.026 0.121 0.075 0.007 0.027 0.058
39 L 0.051 0.025 0.02 0.02 0.015 0.017 0.024 0.027 0.012 0.093 0.303 0.028 0.04 0.099 0.015 0.055 0.038 0.008 0.03 0.08
40 L 0.044 0.023 0.014 0.015 0.016 0.015 0.019 0.021 0.01 0.138 0.361 0.024 0.046 0.052 0.014 0.024 0.033 0.007 0.021 0.105
41 P 0.055 0.025 0.023 0.03 0.01 0.02 0.035 0.035 0.013 0.025 0.035 0.04 0.01 0.013 0.508 0.043 0.035 0.003 0.013 0.03
42 A 0.219 0.031 0.035 0.035 0.018 0.026 0.041 0.137 0.015 0.035 0.049 0.044 0.015 0.02 0.027 0.124 0.055 0.005 0.016 0.053
43 F 0.037 0.021 0.015 0.016 0.013 0.013 0.019 0.023 0.014 0.083 0.232 0.021 0.035 0.254 0.012 0.024 0.028 0.012 0.059 0.071
44 Q 0.054 0.071 0.043 0.046 0.009 0.238 0.1 0.04 0.029 0.026 0.046 0.089 0.02 0.014 0.023 0.054 0.04 0.006 0.02 0.034
45 Y 0.038 0.026 0.02 0.018 0.009 0.02 0.026 0.024 0.041 0.045 0.073 0.029 0.019 0.167 0.014 0.029 0.027 0.026 0.302 0.046
46 G 0.068 0.037 0.081 0.041 0.01 0.025 0.034 0.39 0.017 0.02 0.03 0.074 0.01 0.016 0.02 0.053 0.033 0.005 0.012 0.025
47 V 0.068 0.021 0.016 0.017 0.019 0.016 0.023 0.024 0.008 0.16 0.127 0.025 0.031 0.035 0.016 0.032 0.048 0.005 0.02 0.29
48 G 0.076 0.022 0.038 0.033 0.01 0.018 0.025 0.524 0.013 0.018 0.027 0.033 0.009 0.016 0.018 0.05 0.029 0.005 0.01 0.024
49 T 0.076 0.035 0.044 0.038 0.017 0.028 0.04 0.045 0.014 0.048 0.06 0.045 0.019 0.023 0.027 0.112 0.241 0.006 0.017 0.065
50 D 0.04 0.029 0.067 0.415 0.007 0.029 0.089 0.045 0.018 0.022 0.027 0.043 0.009 0.014 0.022 0.051 0.034 0.004 0.011 0.024
51 Y 0.039 0.027 0.021 0.018 0.009 0.021 0.027 0.024 0.045 0.042 0.067 0.03 0.018 0.127 0.015 0.03 0.027 0.027 0.338 0.045
52 F 0.037 0.023 0.019 0.026 0.011 0.019 0.061 0.025 0.017 0.063 0.141 0.027 0.026 0.299 0.013 0.029 0.027 0.013 0.067 0.056
53 S 0.107 0.039 0.053 0.047 0.017 0.032 0.051 0.064 0.019 0.029 0.041 0.053 0.015 0.02 0.029 0.243 0.08 0.005 0.017 0.041
54 Y 0.039 0.027 0.021 0.018 0.009 0.021 0.027 0.024 0.045 0.042 0.067 0.03 0.018 0.127 0.015 0.03 0.027 0.027 0.338 0.045
55 E 0.053 0.058 0.037 0.059 0.009 0.104 0.177 0.035 0.023 0.062 0.058 0.103 0.018 0.019 0.023 0.049 0.038 0.005 0.018 0.052
56 N 0.051 0.089 0.253 0.069 0.01 0.035 0.049 0.059 0.028 0.023 0.034 0.062 0.012 0.018 0.021 0.089 0.05 0.005 0.016 0.029
57 I 0.046 0.017 0.014 0.017 0.016 0.013 0.017 0.02 0.009 0.292 0.163 0.023 0.036 0.043 0.014 0.024 0.039 0.006 0.02 0.172
58 Y 0.042 0.024 0.019 0.018 0.011 0.017 0.024 0.024 0.032 0.065 0.088 0.026 0.022 0.193 0.014 0.029 0.029 0.021 0.22 0.083
59 N 0.045 0.045 0.252 0.083 0.008 0.041 0.125 0.055 0.029 0.022 0.032 0.058 0.011 0.017 0.021 0.064 0.044 0.005 0.015 0.027
60 N 0.055 0.042 0.254 0.07 0.011 0.032 0.047 0.06 0.026 0.027 0.037 0.051 0.013 0.019 0.022 0.096 0.084 0.005 0.016 0.034
61 P 0.13 0.029 0.031 0.059 0.015 0.024 0.041 0.049 0.014 0.035 0.047 0.042 0.014 0.017 0.233 0.065 0.089 0.004 0.015 0.048
62 N 0.062 0.041 0.175 0.12 0.011 0.036 0.093 0.057 0.025 0.024 0.034 0.054 0.012 0.018 0.023 0.113 0.053 0.005 0.015 0.031
63 V 0.062 0.031 0.029 0.039 0.015 0.03 0.096 0.031 0.014 0.115 0.092 0.042 0.024 0.028 0.021 0.053 0.107 0.006 0.018 0.148
64 L 0.047 0.023 0.014 0.015 0.016 0.016 0.02 0.021 0.01 0.119 0.356 0.025 0.046 0.05 0.014 0.025 0.035 0.007 0.021 0.122
65 D 0.055 0.039 0.053 0.222 0.009 0.044 0.181 0.043 0.021 0.023 0.033 0.058 0.011 0.016 0.024 0.079 0.041 0.005 0.014 0.029
66 Y 0.072 0.042 0.032 0.029 0.013 0.029 0.039 0.036 0.074 0.056 0.066 0.074 0.019 0.054 0.021 0.052 0.085 0.012 0.115 0.082
67 F 0.037 0.023 0.019 0.017 0.01 0.017 0.023 0.024 0.033 0.051 0.086 0.025 0.021 0.246 0.013 0.028 0.026 0.023 0.23 0.049
68 Y 0.047 0.026 0.024 0.022 0.011 0.02 0.028 0.03 0.033 0.046 0.075 0.03 0.02 0.191 0.016 0.059 0.034 0.021 0.22 0.047
69 D 0.041 0.03 0.069 0.395 0.008 0.03 0.092 0.047 0.019 0.022 0.028 0.045 0.009 0.015 0.022 0.052 0.036 0.004 0.011 0.024
70 N 0.047 0.058 0.125 0.05 0.008 0.093 0.063 0.044 0.08 0.027 0.043 0.094 0.016 0.034 0.021 0.052 0.038 0.009 0.069 0.031
71 N 0.044 0.048 0.248 0.066 0.01 0.033 0.047 0.054 0.026 0.061 0.051 0.083 0.015 0.021 0.02 0.059 0.045 0.005 0.016 0.048
72 N 0.052 0.066 0.167 0.057 0.009 0.039 0.054 0.12 0.024 0.023 0.035 0.155 0.012 0.016 0.023 0.058 0.041 0.005 0.015 0.028
73 E 0.054 0.048 0.039 0.088 0.007 0.063 0.317 0.034 0.025 0.021 0.036 0.073 0.013 0.016 0.025 0.054 0.036 0.005 0.016 0.03
74 Y 0.039 0.025 0.02 0.018 0.01 0.018 0.025 0.024 0.036 0.081 0.087 0.028 0.022 0.155 0.014 0.029 0.028 0.023 0.256 0.065
75 L 0.119 0.024 0.017 0.019 0.016 0.017 0.025 0.037 0.012 0.111 0.224 0.029 0.034 0.093 0.018 0.041 0.037 0.008 0.029 0.091
76 F 0.033 0.018 0.016 0.016 0.01 0.01 0.018 0.025 0.016 0.062 0.111 0.018 0.025 0.405 0.01 0.025 0.025 0.016 0.086 0.053
77 Y 0.039 0.027 0.021 0.018 0.009 0.021 0.027 0.024 0.045 0.042 0.067 0.03 0.018 0.127 0.015 0.03 0.027 0.027 0.338 0.045
78 Y 0.095 0.027 0.023 0.022 0.011 0.022 0.029 0.082 0.036 0.04 0.061 0.033 0.017 0.096 0.018 0.042 0.031 0.021 0.245 0.047
79 L 0.042 0.025 0.017 0.016 0.013 0.018 0.023 0.022 0.025 0.082 0.253 0.027 0.035 0.085 0.014 0.026 0.03 0.016 0.157 0.073
80 V 0.067 0.024 0.02 0.02 0.018 0.019 0.025 0.027 0.009 0.138 0.124 0.029 0.044 0.034 0.018 0.041 0.079 0.006 0.02 0.239
81 K 0.052 0.118 0.037 0.036 0.008 0.047 0.061 0.038 0.024 0.029 0.046 0.243 0.015 0.031 0.024 0.048 0.036 0.008 0.063 0.034
82 L 0.04 0.021 0.015 0.016 0.014 0.014 0.019 0.022 0.012 0.121 0.266 0.022 0.039 0.169 0.013 0.024 0.031 0.01 0.043 0.091
83 L 0.052 0.022 0.02 0.019 0.084 0.016 0.022 0.027 0.014 0.11 0.143 0.026 0.028 0.114 0.016 0.037 0.068 0.01 0.062 0.112
84 Q 0.051 0.095 0.036 0.034 0.01 0.118 0.063 0.035 0.03 0.034 0.054 0.07 0.019 0.048 0.021 0.051 0.068 0.012 0.11 0.042
85 L 0.053 0.03 0.071 0.033 0.013 0.022 0.032 0.037 0.021 0.059 0.144 0.035 0.025 0.117 0.018 0.072 0.073 0.011 0.077 0.058
86 L 0.047 0.022 0.017 0.018 0.015 0.015 0.021 0.023 0.011 0.154 0.237 0.025 0.037 0.096 0.015 0.031 0.057 0.008 0.03 0.122
87 G 0.071 0.023 0.042 0.087 0.01 0.02 0.034 0.456 0.014 0.019 0.027 0.034 0.009 0.016 0.019 0.05 0.03 0.005 0.011 0.024
88 F 0.082 0.022 0.021 0.021 0.012 0.015 0.023 0.127 0.014 0.055 0.122 0.026 0.023 0.193 0.015 0.037 0.03 0.058 0.051 0.053
89 D 0.062 0.028 0.05 0.198 0.01 0.025 0.057 0.183 0.016 0.022 0.03 0.041 0.01 0.015 0.091 0.077 0.039 0.004 0.012 0.027
90 S 0.076 0.031 0.038 0.034 0.014 0.024 0.038 0.047 0.022 0.04 0.064 0.04 0.018 0.145 0.022 0.15 0.056 0.011 0.083 0.045
91 K 0.053 0.088 0.038 0.038 0.008 0.074 0.067 0.039 0.025 0.029 0.046 0.231 0.016 0.031 0.025 0.049 0.037 0.008 0.063 0.034
92 G 0.111 0.03 0.038 0.035 0.015 0.024 0.036 0.166 0.015 0.037 0.054 0.04 0.016 0.075 0.023 0.114 0.091 0.007 0.025 0.048
93 F 0.035 0.02 0.017 0.016 0.011 0.013 0.02 0.024 0.02 0.066 0.145 0.021 0.027 0.315 0.011 0.025 0.026 0.017 0.113 0.058
94 F 0.043 0.019 0.016 0.017 0.013 0.012 0.019 0.023 0.013 0.135 0.126 0.021 0.028 0.248 0.012 0.026 0.032 0.012 0.058 0.127
95 I 0.067 0.019 0.016 0.018 0.015 0.013 0.02 0.027 0.011 0.202 0.138 0.024 0.031 0.144 0.015 0.03 0.036 0.009 0.039 0.128
96 L 0.042 0.021 0.016 0.017 0.014 0.015 0.02 0.022 0.017 0.169 0.192 0.024 0.034 0.113 0.014 0.025 0.033 0.012 0.09 0.112
97 T 0.067 0.03 0.034 0.031 0.017 0.023 0.033 0.036 0.012 0.102 0.087 0.038 0.023 0.028 0.023 0.072 0.204 0.006 0.018 0.115
98 S 0.155 0.037 0.046 0.043 0.018 0.03 0.048 0.067 0.018 0.032 0.045 0.05 0.016 0.02 0.029 0.205 0.072 0.005 0.017 0.047
99 L 0.044 0.022 0.014 0.015 0.016 0.015 0.019 0.02 0.009 0.164 0.328 0.024 0.045 0.05 0.014 0.024 0.034 0.007 0.021 0.116
100 L 0.044 0.021 0.014 0.016 0.016 0.015 0.019 0.02 0.009 0.189 0.295 0.024 0.043 0.049 0.014 0.024 0.035 0.006 0.021 0.127
101 Q 0.054 0.066 0.039 0.042 0.01 0.208 0.09 0.038 0.027 0.036 0.066 0.081 0.044 0.019 0.022 0.052 0.04 0.006 0.02 0.042
102 S 0.136 0.038 0.049 0.045 0.018 0.031 0.049 0.066 0.018 0.031 0.043 0.051 0.015 0.02 0.029 0.22 0.075 0.005 0.017 0.044
103 L 0.043 0.021 0.015 0.016 0.014 0.013 0.019 0.022 0.012 0.127 0.222 0.022 0.035 0.175 0.013 0.025 0.033 0.01 0.044 0.118
104 L 0.044 0.023 0.014 0.015 0.016 0.015 0.019 0.021 0.01 0.138 0.361 0.024 0.046 0.052 0.014 0.024 0.033 0.007 0.021 0.105
105 I 0.048 0.018 0.014 0.017 0.016 0.013 0.018 0.02 0.008 0.28 0.16 0.023 0.035 0.042 0.014 0.025 0.04 0.006 0.02 0.183
106 F 0.041 0.019 0.016 0.016 0.013 0.012 0.019 0.023 0.013 0.116 0.161 0.021 0.03 0.25 0.012 0.025 0.031 0.012 0.058 0.11
107 I 0.064 0.031 0.118 0.044 0.014 0.024 0.036 0.045 0.018 0.127 0.087 0.04 0.022 0.028 0.02 0.1 0.054 0.005 0.018 0.104
108 I 0.052 0.021 0.02 0.021 0.015 0.016 0.023 0.027 0.011 0.196 0.171 0.027 0.033 0.093 0.016 0.055 0.042 0.007 0.029 0.125
109 L 0.042 0.02 0.015 0.016 0.014 0.013 0.019 0.023 0.012 0.129 0.203 0.022 0.034 0.2 0.013 0.025 0.032 0.011 0.049 0.11
110 T 0.058 0.109 0.031 0.027 0.014 0.027 0.035 0.033 0.015 0.074 0.083 0.054 0.022 0.087 0.02 0.054 0.111 0.007 0.03 0.11
111 N 0.047 0.054 0.119 0.047 0.01 0.09 0.058 0.042 0.027 0.065 0.061 0.091 0.019 0.035 0.02 0.05 0.04 0.008 0.064 0.053
112 L 0.045 0.022 0.015 0.016 0.016 0.016 0.02 0.021 0.01 0.175 0.287 0.025 0.06 0.049 0.014 0.025 0.035 0.007 0.021 0.121
113 L 0.057 0.029 0.026 0.033 0.08 0.026 0.075 0.033 0.017 0.059 0.164 0.037 0.026 0.044 0.018 0.067 0.04 0.063 0.05 0.058
114 K 0.053 0.147 0.04 0.039 0.008 0.051 0.066 0.04 0.021 0.026 0.043 0.267 0.015 0.015 0.026 0.051 0.038 0.005 0.017 0.032
115 K 0.055 0.102 0.125 0.049 0.01 0.037 0.05 0.116 0.021 0.027 0.04 0.128 0.014 0.017 0.022 0.06 0.072 0.005 0.016 0.034
116 Y 0.048 0.088 0.033 0.028 0.009 0.031 0.04 0.101 0.081 0.031 0.05 0.083 0.016 0.065 0.018 0.04 0.03 0.015 0.159 0.035
117 G 0.063 0.026 0.08 0.065 0.01 0.022 0.033 0.353 0.021 0.023 0.033 0.036 0.011 0.032 0.018 0.05 0.032 0.008 0.058 0.027
118 Y 0.049 0.044 0.032 0.028 0.011 0.04 0.042 0.032 0.079 0.046 0.075 0.076 0.041 0.065 0.019 0.045 0.065 0.014 0.146 0.049
119 S 0.078 0.037 0.091 0.101 0.013 0.03 0.052 0.056 0.024 0.029 0.041 0.048 0.014 0.034 0.025 0.16 0.061 0.008 0.062 0.037
120 L 0.043 0.022 0.014 0.016 0.015 0.015 0.019 0.021 0.01 0.156 0.313 0.024 0.043 0.076 0.014 0.024 0.033 0.007 0.026 0.111
121 V 0.095 0.023 0.019 0.023 0.016 0.018 0.028 0.034 0.01 0.13 0.098 0.032 0.024 0.028 0.158 0.041 0.043 0.005 0.017 0.161
122 I 0.052 0.019 0.015 0.017 0.017 0.014 0.019 0.021 0.008 0.237 0.175 0.024 0.035 0.042 0.015 0.026 0.041 0.006 0.02 0.198
123 L 0.05 0.02 0.015 0.017 0.016 0.014 0.019 0.021 0.009 0.209 0.22 0.024 0.038 0.044 0.015 0.026 0.039 0.006 0.02 0.177
124 F 0.035 0.018 0.016 0.017 0.011 0.011 0.018 0.024 0.015 0.095 0.118 0.019 0.026 0.353 0.011 0.025 0.027 0.015 0.077 0.07
125 F 0.033 0.018 0.016 0.016 0.01 0.01 0.018 0.025 0.016 0.062 0.111 0.018 0.025 0.405 0.01 0.025 0.025 0.016 0.086 0.053
126 L 0.059 0.026 0.024 0.023 0.085 0.019 0.026 0.032 0.011 0.082 0.249 0.031 0.035 0.039 0.018 0.067 0.073 0.006 0.019 0.077
127 F 0.033 0.018 0.016 0.016 0.01 0.01 0.018 0.025 0.016 0.062 0.111 0.018 0.025 0.405 0.01 0.025 0.025 0.016 0.086 0.053
128 W 0.033 0.021 0.015 0.015 0.01 0.013 0.02 0.026 0.015 0.055 0.126 0.021 0.024 0.206 0.01 0.023 0.025 0.225 0.068 0.049
129 T 0.065 0.031 0.036 0.032 0.016 0.023 0.034 0.038 0.013 0.063 0.076 0.039 0.021 0.079 0.023 0.075 0.213 0.007 0.027 0.088
130 V 0.056 0.021 0.016 0.018 0.017 0.016 0.021 0.023 0.009 0.208 0.151 0.026 0.055 0.04 0.015 0.029 0.043 0.006 0.02 0.211
131 T 0.071 0.034 0.042 0.036 0.017 0.027 0.038 0.042 0.013 0.052 0.063 0.044 0.019 0.023 0.027 0.09 0.268 0.006 0.017 0.069
132 N 0.046 0.041 0.294 0.074 0.009 0.031 0.045 0.129 0.028 0.021 0.03 0.05 0.011 0.017 0.019 0.065 0.045 0.004 0.015 0.026
133 L 0.045 0.026 0.015 0.016 0.016 0.019 0.022 0.023 0.011 0.108 0.336 0.028 0.087 0.051 0.014 0.027 0.034 0.007 0.022 0.092
134 L 0.044 0.026 0.017 0.017 0.014 0.019 0.023 0.023 0.017 0.093 0.262 0.028 0.081 0.095 0.014 0.028 0.033 0.011 0.073 0.082
135 H 0.041 0.044 0.052 0.037 0.007 0.037 0.052 0.037 0.374 0.022 0.037 0.044 0.015 0.03 0.019 0.041 0.026 0.007 0.056 0.022
136 T 0.067 0.036 0.084 0.043 0.016 0.028 0.04 0.045 0.016 0.047 0.059 0.045 0.018 0.022 0.026 0.087 0.237 0.006 0.017 0.063
137 Q 0.054 0.071 0.043 0.046 0.009 0.238 0.1 0.04 0.029 0.026 0.046 0.089 0.02 0.014 0.023 0.054 0.04 0.006 0.02 0.034
138 L 0.05 0.03 0.019 0.019 0.016 0.026 0.026 0.026 0.015 0.1 0.22 0.034 0.165 0.048 0.015 0.033 0.038 0.008 0.023 0.09
139 N 0.041 0.044 0.337 0.081 0.009 0.033 0.048 0.063 0.031 0.022 0.031 0.052 0.011 0.017 0.02 0.068 0.048 0.004 0.015 0.026
140 I 0.05 0.019 0.018 0.019 0.015 0.014 0.019 0.092 0.009 0.227 0.177 0.025 0.034 0.04 0.015 0.028 0.036 0.006 0.019 0.139
141 I 0.046 0.017 0.014 0.017 0.016 0.013 0.017 0.02 0.009 0.292 0.163 0.023 0.036 0.043 0.014 0.024 0.039 0.006 0.02 0.172
142 R 0.043 0.364 0.038 0.03 0.008 0.047 0.051 0.032 0.023 0.023 0.045 0.117 0.015 0.017 0.019 0.043 0.034 0.006 0.017 0.03
143 A 0.208 0.03 0.029 0.029 0.02 0.024 0.037 0.059 0.013 0.062 0.069 0.041 0.02 0.024 0.026 0.077 0.111 0.005 0.018 0.099
144 S 0.097 0.037 0.048 0.043 0.016 0.031 0.047 0.059 0.022 0.031 0.044 0.049 0.016 0.036 0.027 0.212 0.072 0.008 0.063 0.041
145 F 0.035 0.018 0.016 0.017 0.011 0.011 0.018 0.024 0.015 0.095 0.118 0.019 0.026 0.353 0.011 0.025 0.027 0.015 0.077 0.07
146 A 0.204 0.035 0.039 0.039 0.019 0.029 0.045 0.07 0.017 0.035 0.049 0.048 0.016 0.021 0.029 0.166 0.065 0.005 0.017 0.053
147 I 0.047 0.018 0.015 0.017 0.015 0.013 0.018 0.021 0.01 0.24 0.15 0.023 0.033 0.093 0.014 0.025 0.038 0.007 0.029 0.172
148 Y 0.039 0.027 0.021 0.018 0.009 0.021 0.027 0.024 0.045 0.042 0.067 0.03 0.018 0.127 0.015 0.03 0.027 0.027 0.338 0.045
149 L 0.044 0.023 0.014 0.015 0.016 0.015 0.019 0.021 0.01 0.133 0.366 0.024 0.047 0.052 0.014 0.024 0.033 0.007 0.021 0.103
150 F 0.033 0.018 0.016 0.016 0.01 0.01 0.018 0.025 0.016 0.062 0.111 0.018 0.025 0.405 0.01 0.025 0.025 0.016 0.086 0.053
151 I 0.115 0.021 0.017 0.02 0.018 0.017 0.024 0.034 0.01 0.195 0.127 0.028 0.03 0.035 0.018 0.04 0.044 0.006 0.019 0.181
152 I 0.043 0.022 0.061 0.026 0.014 0.016 0.022 0.027 0.013 0.195 0.17 0.027 0.032 0.092 0.014 0.03 0.037 0.007 0.029 0.123
153 A 0.194 0.035 0.041 0.039 0.019 0.029 0.046 0.069 0.017 0.034 0.048 0.049 0.016 0.021 0.029 0.174 0.066 0.005 0.017 0.052
154 L 0.049 0.022 0.015 0.017 0.016 0.017 0.021 0.022 0.01 0.185 0.229 0.026 0.067 0.045 0.015 0.027 0.038 0.006 0.021 0.151
155 L 0.043 0.024 0.014 0.015 0.016 0.016 0.02 0.021 0.01 0.112 0.394 0.025 0.048 0.053 0.014 0.024 0.032 0.007 0.022 0.093
156 L 0.04 0.024 0.017 0.016 0.012 0.017 0.022 0.023 0.025 0.076 0.215 0.026 0.032 0.148 0.014 0.026 0.029 0.016 0.154 0.067
157 K 0.05 0.17 0.041 0.037 0.008 0.048 0.061 0.038 0.071 0.025 0.042 0.211 0.015 0.018 0.023 0.048 0.035 0.006 0.022 0.03
158 F 0.04 0.02 0.016 0.016 0.082 0.012 0.018 0.025 0.013 0.073 0.185 0.02 0.03 0.249 0.012 0.026 0.028 0.012 0.057 0.065
159 R 0.047 0.145 0.124 0.062 0.008 0.048 0.129 0.043 0.025 0.023 0.038 0.112 0.013 0.017 0.022 0.054 0.039 0.005 0.016 0.029
160 G 0.059 0.09 0.083 0.066 0.009 0.036 0.083 0.226 0.02 0.021 0.034 0.092 0.012 0.016 0.021 0.052 0.035 0.005 0.014 0.027
161 K 0.05 0.124 0.125 0.05 0.008 0.046 0.06 0.047 0.023 0.025 0.039 0.203 0.014 0.016 0.024 0.055 0.041 0.005 0.016 0.03
162 N 0.049 0.044 0.16 0.05 0.012 0.029 0.041 0.045 0.02 0.087 0.097 0.078 0.021 0.026 0.02 0.056 0.075 0.005 0.017 0.067
163 L 0.048 0.044 0.022 0.023 0.014 0.025 0.032 0.026 0.012 0.173 0.183 0.102 0.033 0.037 0.018 0.032 0.037 0.006 0.019 0.113
164 L 0.049 0.036 0.064 0.029 0.014 0.023 0.031 0.03 0.014 0.128 0.209 0.068 0.033 0.038 0.017 0.035 0.039 0.006 0.019 0.118
165 S 0.088 0.032 0.04 0.037 0.108 0.025 0.04 0.052 0.016 0.036 0.055 0.041 0.017 0.075 0.024 0.173 0.063 0.006 0.026 0.045
166 L 0.044 0.022 0.015 0.016 0.015 0.014 0.02 0.022 0.011 0.104 0.275 0.023 0.039 0.151 0.013 0.025 0.032 0.009 0.04 0.11
167 L 0.089 0.026 0.025 0.025 0.016 0.019 0.029 0.037 0.013 0.122 0.142 0.032 0.028 0.087 0.019 0.072 0.076 0.007 0.029 0.106
168 L 0.046 0.023 0.015 0.016 0.084 0.016 0.02 0.024 0.011 0.093 0.277 0.024 0.06 0.098 0.014 0.028 0.033 0.008 0.03 0.082
169 I 0.048 0.023 0.017 0.018 0.014 0.018 0.022 0.024 0.017 0.149 0.145 0.027 0.074 0.107 0.014 0.029 0.036 0.011 0.076 0.13
170 I 0.047 0.019 0.014 0.017 0.016 0.014 0.018 0.021 0.009 0.228 0.225 0.024 0.039 0.045 0.014 0.025 0.038 0.006 0.02 0.161
171 L 0.071 0.023 0.016 0.018 0.016 0.017 0.022 0.027 0.011 0.163 0.256 0.027 0.061 0.046 0.016 0.031 0.037 0.006 0.021 0.116
172 A 0.277 0.029 0.027 0.029 0.019 0.024 0.037 0.14 0.014 0.039 0.053 0.042 0.016 0.02 0.027 0.078 0.046 0.005 0.016 0.061
173 I 0.047 0.019 0.015 0.017 0.015 0.013 0.018 0.021 0.01 0.223 0.172 0.023 0.035 0.094 0.014 0.025 0.037 0.007 0.03 0.164
174 G 0.056 0.022 0.025 0.023 0.013 0.016 0.022 0.237 0.012 0.065 0.196 0.027 0.028 0.087 0.015 0.035 0.03 0.008 0.026 0.058
175 F 0.032 0.019 0.016 0.016 0.01 0.011 0.019 0.025 0.016 0.057 0.102 0.019 0.023 0.355 0.01 0.024 0.024 0.087 0.083 0.05
176 H 0.041 0.044 0.052 0.037 0.007 0.037 0.052 0.037 0.374 0.022 0.037 0.044 0.015 0.03 0.019 0.041 0.026 0.007 0.056 0.022
177 R 0.05 0.211 0.04 0.037 0.008 0.076 0.065 0.037 0.022 0.025 0.044 0.191 0.016 0.016 0.023 0.049 0.037 0.005 0.017 0.031
178 S 0.102 0.038 0.051 0.046 0.017 0.031 0.049 0.061 0.018 0.032 0.044 0.051 0.016 0.021 0.029 0.221 0.107 0.005 0.017 0.045
179 A 0.209 0.03 0.03 0.031 0.019 0.024 0.038 0.062 0.014 0.077 0.071 0.042 0.02 0.024 0.026 0.098 0.083 0.005 0.017 0.078
180 L 0.041 0.019 0.015 0.016 0.014 0.013 0.018 0.022 0.011 0.175 0.214 0.022 0.036 0.149 0.013 0.024 0.033 0.009 0.039 0.115
181 L 0.088 0.022 0.017 0.02 0.016 0.017 0.024 0.031 0.01 0.165 0.168 0.029 0.031 0.036 0.087 0.036 0.04 0.005 0.019 0.138
182 G 0.065 0.02 0.022 0.021 0.084 0.015 0.022 0.168 0.011 0.089 0.087 0.026 0.022 0.08 0.016 0.037 0.037 0.007 0.026 0.147
183 L 0.118 0.023 0.018 0.02 0.016 0.016 0.024 0.037 0.012 0.119 0.181 0.028 0.031 0.125 0.017 0.041 0.036 0.008 0.035 0.093
184 P 0.058 0.021 0.019 0.022 0.152 0.016 0.025 0.03 0.01 0.088 0.074 0.03 0.018 0.022 0.227 0.038 0.038 0.004 0.014 0.095
185 F 0.036 0.019 0.016 0.016 0.012 0.011 0.018 0.023 0.014 0.102 0.159 0.02 0.03 0.303 0.011 0.024 0.028 0.014 0.068 0.076
186 L 0.077 0.023 0.015 0.017 0.017 0.016 0.022 0.027 0.01 0.133 0.302 0.027 0.041 0.047 0.016 0.031 0.036 0.006 0.021 0.115
187 L 0.046 0.023 0.014 0.015 0.016 0.016 0.02 0.021 0.01 0.117 0.368 0.025 0.046 0.051 0.014 0.024 0.034 0.007 0.021 0.112
188 I 0.045 0.018 0.014 0.017 0.016 0.013 0.018 0.02 0.009 0.266 0.196 0.023 0.038 0.044 0.014 0.024 0.038 0.006 0.02 0.16
189 P 0.055 0.025 0.023 0.03 0.01 0.02 0.035 0.035 0.013 0.025 0.035 0.04 0.01 0.013 0.508 0.043 0.035 0.003 0.013 0.03
190 V 0.086 0.029 0.113 0.075 0.014 0.023 0.037 0.044 0.017 0.104 0.117 0.037 0.024 0.029 0.019 0.049 0.044 0.005 0.018 0.117
191 K 0.063 0.12 0.038 0.037 0.011 0.043 0.057 0.041 0.019 0.045 0.054 0.199 0.017 0.019 0.024 0.075 0.045 0.005 0.017 0.07
192 L 0.044 0.022 0.018 0.018 0.013 0.015 0.021 0.026 0.013 0.121 0.154 0.025 0.037 0.148 0.013 0.031 0.054 0.081 0.046 0.101
193 Y 0.039 0.027 0.021 0.018 0.009 0.021 0.027 0.024 0.045 0.042 0.067 0.03 0.018 0.127 0.015 0.03 0.027 0.027 0.338 0.045
194 L 0.047 0.085 0.027 0.024 0.012 0.027 0.035 0.029 0.021 0.06 0.157 0.08 0.027 0.086 0.018 0.041 0.065 0.011 0.086 0.059
195 F 0.044 0.023 0.022 0.021 0.011 0.016 0.025 0.031 0.021 0.05 0.086 0.026 0.021 0.261 0.013 0.056 0.032 0.086 0.109 0.047
196 A 0.158 0.024 0.02 0.021 0.085 0.018 0.027 0.047 0.013 0.058 0.122 0.03 0.023 0.135 0.02 0.051 0.038 0.008 0.037 0.065
197 Y 0.051 0.028 0.025 0.022 0.057 0.022 0.029 0.031 0.038 0.041 0.062 0.032 0.018 0.102 0.017 0.062 0.035 0.022 0.261 0.046
198 K 0.049 0.159 0.096 0.052 0.008 0.048 0.095 0.042 0.024 0.024 0.04 0.168 0.014 0.016 0.023 0.053 0.039 0.005 0.016 0.03
199 H 0.045 0.061 0.089 0.044 0.008 0.041 0.056 0.042 0.224 0.023 0.038 0.118 0.014 0.024 0.021 0.048 0.033 0.006 0.039 0.026
200 I 0.115 0.023 0.018 0.02 0.018 0.019 0.025 0.035 0.011 0.17 0.132 0.03 0.051 0.036 0.018 0.042 0.043 0.006 0.02 0.166
201 L 0.042 0.022 0.015 0.015 0.015 0.014 0.019 0.022 0.011 0.102 0.314 0.023 0.042 0.136 0.013 0.024 0.031 0.009 0.037 0.093
202 F 0.049 0.047 0.027 0.028 0.011 0.027 0.038 0.033 0.016 0.052 0.114 0.106 0.022 0.133 0.089 0.044 0.066 0.008 0.037 0.052
203 I 0.047 0.021 0.018 0.019 0.015 0.015 0.021 0.024 0.01 0.205 0.175 0.026 0.034 0.085 0.016 0.034 0.069 0.007 0.028 0.132
204 Y 0.039 0.027 0.021 0.018 0.009 0.021 0.027 0.024 0.045 0.042 0.067 0.03 0.018 0.127 0.015 0.03 0.027 0.027 0.338 0.045
205 F 0.041 0.019 0.015 0.016 0.013 0.012 0.019 0.023 0.012 0.144 0.168 0.021 0.032 0.216 0.012 0.025 0.032 0.011 0.052 0.115
206 L 0.052 0.023 0.02 0.02 0.015 0.017 0.023 0.027 0.012 0.144 0.237 0.027 0.037 0.096 0.016 0.055 0.04 0.008 0.03 0.102
207 T 0.088 0.037 0.047 0.042 0.017 0.029 0.044 0.053 0.016 0.041 0.052 0.048 0.017 0.022 0.028 0.163 0.179 0.005 0.017 0.055
208 F 0.042 0.021 0.019 0.019 0.013 0.014 0.021 0.026 0.014 0.1 0.152 0.024 0.029 0.248 0.014 0.034 0.063 0.012 0.058 0.078
209 L 0.052 0.022 0.02 0.021 0.015 0.016 0.023 0.027 0.011 0.17 0.204 0.027 0.035 0.094 0.016 0.055 0.041 0.007 0.03 0.114
210 L 0.044 0.022 0.014 0.015 0.016 0.015 0.019 0.02 0.009 0.164 0.328 0.024 0.045 0.05 0.014 0.024 0.034 0.007 0.021 0.116
211 F 0.034 0.02 0.017 0.017 0.01 0.012 0.02 0.025 0.021 0.059 0.105 0.02 0.024 0.365 0.011 0.025 0.025 0.018 0.122 0.052
212 L 0.054 0.023 0.021 0.021 0.015 0.016 0.024 0.029 0.012 0.121 0.179 0.027 0.032 0.144 0.015 0.057 0.041 0.009 0.039 0.123
213 L 0.05 0.025 0.024 0.023 0.015 0.018 0.025 0.029 0.012 0.106 0.183 0.029 0.031 0.125 0.017 0.046 0.11 0.009 0.035 0.087
214 P 0.057 0.034 0.162 0.054 0.01 0.026 0.041 0.12 0.021 0.023 0.033 0.045 0.011 0.016 0.183 0.073 0.044 0.004 0.014 0.029
215 P 0.05 0.022 0.019 0.023 0.012 0.017 0.027 0.028 0.015 0.091 0.084 0.03 0.02 0.106 0.226 0.034 0.035 0.008 0.06 0.093
216 L 0.04 0.022 0.016 0.018 0.013 0.014 0.021 0.024 0.013 0.078 0.221 0.024 0.033 0.198 0.083 0.027 0.029 0.01 0.048 0.067
217 H 0.05 0.04 0.082 0.04 0.01 0.049 0.047 0.041 0.143 0.032 0.052 0.045 0.017 0.093 0.019 0.071 0.038 0.011 0.086 0.034
218 E 0.062 0.043 0.034 0.042 0.011 0.09 0.093 0.037 0.024 0.047 0.057 0.057 0.018 0.034 0.091 0.073 0.044 0.008 0.063 0.072
219 I 0.045 0.018 0.015 0.017 0.015 0.013 0.018 0.021 0.01 0.227 0.187 0.023 0.036 0.096 0.014 0.025 0.036 0.007 0.03 0.149
220 V 0.066 0.026 0.025 0.025 0.017 0.021 0.028 0.032 0.011 0.148 0.123 0.033 0.05 0.035 0.019 0.069 0.08 0.006 0.02 0.166
221 F 0.047 0.041 0.07 0.04 0.01 0.03 0.075 0.034 0.026 0.055 0.07 0.075 0.019 0.119 0.018 0.041 0.035 0.012 0.107 0.075
222 Y 0.042 0.026 0.023 0.02 0.011 0.019 0.026 0.027 0.033 0.049 0.079 0.029 0.02 0.191 0.015 0.037 0.061 0.021 0.22 0.051
223 I 0.052 0.02 0.019 0.02 0.016 0.015 0.021 0.024 0.009 0.239 0.144 0.026 0.033 0.039 0.016 0.035 0.073 0.006 0.02 0.174
224 V 0.058 0.02 0.015 0.017 0.017 0.015 0.02 0.022 0.008 0.217 0.142 0.024 0.033 0.038 0.015 0.029 0.044 0.006 0.02 0.239
225 Q 0.057 0.049 0.045 0.093 0.01 0.118 0.073 0.041 0.072 0.063 0.058 0.061 0.019 0.021 0.022 0.074 0.043 0.006 0.023 0.052
226 N 0.079 0.036 0.112 0.105 0.013 0.032 0.081 0.05 0.02 0.048 0.052 0.048 0.016 0.021 0.023 0.088 0.081 0.005 0.016 0.075
227 F 0.036 0.021 0.017 0.016 0.011 0.013 0.02 0.024 0.019 0.07 0.165 0.021 0.029 0.29 0.012 0.025 0.027 0.016 0.108 0.061
228 F 0.037 0.021 0.015 0.016 0.013 0.013 0.019 0.023 0.014 0.083 0.232 0.021 0.035 0.254 0.012 0.024 0.028 0.012 0.059 0.071
229 P 0.055 0.025 0.023 0.03 0.01 0.02 0.035 0.035 0.013 0.025 0.035 0.04 0.01 0.013 0.508 0.043 0.035 0.003 0.013 0.03
230 Y 0.038 0.027 0.024 0.02 0.009 0.02 0.028 0.026 0.084 0.045 0.075 0.029 0.02 0.192 0.014 0.03 0.026 0.021 0.226 0.044
231 Y 0.039 0.027 0.021 0.018 0.009 0.021 0.027 0.024 0.045 0.042 0.067 0.03 0.018 0.127 0.015 0.03 0.027 0.027 0.338 0.045
232 S 0.092 0.039 0.049 0.051 0.016 0.036 0.086 0.056 0.019 0.032 0.044 0.054 0.016 0.02 0.028 0.187 0.109 0.005 0.017 0.045
233 H 0.053 0.038 0.042 0.034 0.01 0.031 0.045 0.038 0.219 0.036 0.088 0.042 0.019 0.029 0.089 0.067 0.036 0.006 0.039 0.036
234 Y 0.039 0.027 0.021 0.018 0.009 0.021 0.027 0.024 0.045 0.042 0.067 0.03 0.018 0.127 0.015 0.03 0.027 0.027 0.338 0.045
235 L 0.044 0.025 0.015 0.015 0.016 0.017 0.021 0.022 0.011 0.11 0.365 0.026 0.068 0.052 0.014 0.025 0.033 0.007 0.022 0.093
236 E 0.054 0.035 0.076 0.052 0.012 0.033 0.114 0.038 0.02 0.073 0.072 0.047 0.019 0.096 0.021 0.069 0.073 0.007 0.03 0.061
237 S 0.089 0.042 0.048 0.061 0.014 0.042 0.139 0.054 0.021 0.026 0.039 0.06 0.014 0.019 0.028 0.178 0.065 0.005 0.017 0.037
238 G 0.055 0.023 0.027 0.024 0.011 0.018 0.024 0.239 0.019 0.045 0.08 0.029 0.04 0.147 0.015 0.038 0.029 0.012 0.081 0.045
239 V 0.07 0.022 0.016 0.018 0.019 0.016 0.023 0.025 0.008 0.165 0.13 0.026 0.032 0.036 0.016 0.033 0.049 0.006 0.021 0.269
240 I 0.047 0.018 0.015 0.018 0.016 0.013 0.018 0.021 0.009 0.271 0.168 0.024 0.037 0.044 0.015 0.025 0.04 0.006 0.021 0.177
241 D 0.054 0.04 0.134 0.173 0.009 0.04 0.137 0.05 0.024 0.023 0.033 0.056 0.011 0.017 0.023 0.084 0.045 0.005 0.014 0.029
242 F 0.092 0.033 0.03 0.043 0.013 0.033 0.113 0.041 0.019 0.048 0.083 0.045 0.042 0.133 0.021 0.074 0.041 0.009 0.037 0.052
243 S 0.077 0.038 0.101 0.056 0.013 0.034 0.083 0.122 0.02 0.028 0.039 0.051 0.014 0.019 0.025 0.133 0.087 0.005 0.016 0.038
244 G 0.119 0.052 0.037 0.036 0.014 0.034 0.047 0.121 0.017 0.039 0.064 0.116 0.039 0.022 0.025 0.1 0.049 0.006 0.017 0.048
245 V 0.096 0.025 0.022 0.022 0.017 0.02 0.028 0.033 0.061 0.142 0.109 0.03 0.027 0.033 0.018 0.039 0.044 0.006 0.025 0.203
246 S 0.107 0.039 0.053 0.047 0.017 0.032 0.051 0.064 0.019 0.029 0.041 0.053 0.015 0.02 0.029 0.243 0.08 0.005 0.017 0.041
247 I 0.047 0.019 0.018 0.019 0.014 0.014 0.019 0.093 0.011 0.183 0.167 0.024 0.032 0.109 0.014 0.028 0.034 0.008 0.031 0.117
248 L 0.049 0.022 0.015 0.017 0.015 0.016 0.021 0.024 0.01 0.16 0.167 0.025 0.046 0.045 0.014 0.027 0.037 0.101 0.029 0.159
249 N 0.041 0.044 0.337 0.081 0.009 0.033 0.048 0.063 0.031 0.022 0.031 0.052 0.011 0.017 0.02 0.068 0.048 0.004 0.015 0.026
250 I 0.055 0.022 0.019 0.02 0.017 0.016 0.022 0.024 0.009 0.194 0.171 0.027 0.034 0.039 0.016 0.036 0.073 0.006 0.02 0.18
251 L 0.075 0.023 0.016 0.017 0.016 0.016 0.022 0.028 0.011 0.1 0.294 0.026 0.04 0.098 0.015 0.031 0.034 0.008 0.03 0.099
252 T 0.081 0.036 0.045 0.04 0.017 0.028 0.042 0.048 0.015 0.045 0.057 0.046 0.018 0.022 0.027 0.134 0.214 0.006 0.017 0.061
253 K 0.055 0.104 0.04 0.04 0.008 0.052 0.069 0.042 0.02 0.027 0.042 0.299 0.015 0.015 0.027 0.052 0.039 0.005 0.017 0.032
254 L 0.045 0.024 0.015 0.016 0.016 0.018 0.021 0.022 0.011 0.143 0.302 0.027 0.078 0.05 0.014 0.026 0.035 0.007 0.022 0.107
255 Y 0.039 0.027 0.021 0.018 0.009 0.021 0.027 0.024 0.045 0.042 0.067 0.03 0.018 0.127 0.015 0.03 0.027 0.027 0.338 0.045
256 W 0.035 0.025 0.018 0.017 0.008 0.018 0.025 0.026 0.032 0.037 0.06 0.027 0.017 0.098 0.012 0.027 0.025 0.233 0.221 0.039
257 L 0.052 0.023 0.015 0.016 0.017 0.017 0.021 0.023 0.01 0.141 0.266 0.026 0.062 0.046 0.015 0.028 0.038 0.006 0.021 0.157
258 P 0.055 0.025 0.023 0.03 0.01 0.02 0.035 0.035 0.013 0.025 0.035 0.04 0.01 0.013 0.508 0.043 0.035 0.003 0.013 0.03
259 I 0.045 0.018 0.015 0.017 0.015 0.013 0.018 0.022 0.011 0.207 0.143 0.022 0.032 0.145 0.013 0.025 0.036 0.009 0.039 0.155
260 G 0.05 0.04 0.11 0.045 0.01 0.058 0.048 0.134 0.122 0.06 0.053 0.047 0.017 0.024 0.019 0.048 0.036 0.006 0.027 0.046
261 L 0.042 0.021 0.014 0.016 0.015 0.014 0.019 0.021 0.01 0.156 0.287 0.023 0.041 0.1 0.013 0.024 0.033 0.008 0.03 0.11
262 L 0.052 0.022 0.016 0.017 0.015 0.016 0.022 0.023 0.015 0.117 0.199 0.025 0.034 0.098 0.015 0.028 0.037 0.01 0.074 0.166
263 F 0.033 0.018 0.016 0.016 0.01 0.01 0.018 0.025 0.016 0.062 0.111 0.018 0.025 0.405 0.01 0.025 0.025 0.016 0.086 0.053
264 I 0.044 0.018 0.015 0.017 0.015 0.013 0.018 0.021 0.01 0.242 0.178 0.022 0.035 0.096 0.014 0.024 0.036 0.007 0.03 0.147
265 Y 0.05 0.028 0.025 0.022 0.011 0.022 0.03 0.03 0.038 0.064 0.072 0.033 0.019 0.104 0.017 0.06 0.036 0.022 0.262 0.057
266 L 0.047 0.021 0.014 0.016 0.016 0.015 0.019 0.021 0.009 0.17 0.29 0.024 0.042 0.048 0.014 0.025 0.036 0.006 0.021 0.144
267 I 0.045 0.019 0.015 0.017 0.015 0.014 0.019 0.021 0.014 0.239 0.171 0.024 0.034 0.056 0.014 0.025 0.036 0.009 0.066 0.146
268 L 0.045 0.024 0.014 0.015 0.016 0.016 0.02 0.021 0.01 0.116 0.374 0.025 0.05 0.055 0.014 0.024 0.033 0.007 0.022 0.096
269 K 0.059 0.181 0.041 0.038 0.009 0.047 0.06 0.042 0.021 0.026 0.043 0.203 0.015 0.016 0.024 0.076 0.043 0.005 0.017 0.033
270 N 0.048 0.04 0.203 0.057 0.103 0.056 0.047 0.05 0.024 0.035 0.074 0.049 0.017 0.021 0.019 0.056 0.043 0.005 0.016 0.039
271 K 0.05 0.075 0.155 0.057 0.009 0.075 0.066 0.05 0.026 0.025 0.038 0.167 0.014 0.016 0.023 0.059 0.043 0.005 0.017 0.03
272 L 0.113 0.051 0.026 0.027 0.015 0.03 0.041 0.041 0.014 0.082 0.127 0.119 0.025 0.028 0.022 0.049 0.043 0.006 0.019 0.121
273 L 0.046 0.023 0.061 0.026 0.015 0.017 0.023 0.027 0.013 0.161 0.2 0.028 0.034 0.075 0.015 0.031 0.038 0.007 0.026 0.134
274 L 0.047 0.081 0.022 0.022 0.013 0.024 0.031 0.026 0.013 0.137 0.169 0.076 0.031 0.08 0.016 0.032 0.036 0.007 0.027 0.112
275 L 0.044 0.02 0.014 0.016 0.015 0.014 0.019 0.021 0.01 0.173 0.252 0.023 0.039 0.098 0.014 0.025 0.035 0.008 0.03 0.13
276 G 0.064 0.052 0.088 0.098 0.01 0.034 0.054 0.187 0.019 0.023 0.034 0.116 0.012 0.016 0.023 0.081 0.042 0.005 0.014 0.029
277 D 0.048 0.052 0.046 0.186 0.009 0.038 0.103 0.062 0.018 0.036 0.085 0.118 0.017 0.02 0.022 0.048 0.035 0.005 0.015 0.037
278 Y 0.045 0.025 0.056 0.08 0.103 0.02 0.034 0.032 0.028 0.073 0.071 0.031 0.018 0.068 0.017 0.038 0.033 0.014 0.153 0.06
279 E 0.061 0.047 0.041 0.082 0.009 0.058 0.279 0.038 0.024 0.023 0.036 0.07 0.013 0.017 0.026 0.081 0.042 0.005 0.016 0.032
280 R 0.064 0.146 0.086 0.046 0.011 0.069 0.06 0.048 0.023 0.025 0.041 0.111 0.015 0.017 0.024 0.107 0.05 0.005 0.017 0.033
281 G 0.06 0.091 0.033 0.03 0.012 0.031 0.04 0.127 0.015 0.085 0.072 0.107 0.02 0.023 0.021 0.049 0.07 0.005 0.017 0.092
282 L 0.044 0.022 0.014 0.015 0.016 0.015 0.019 0.02 0.009 0.164 0.328 0.024 0.045 0.05 0.014 0.024 0.034 0.007 0.021 0.116
283 I 0.061 0.021 0.02 0.022 0.017 0.017 0.024 0.027 0.01 0.217 0.135 0.028 0.031 0.037 0.017 0.058 0.047 0.006 0.02 0.187
284 G 0.07 0.022 0.035 0.03 0.01 0.017 0.024 0.453 0.014 0.025 0.039 0.031 0.011 0.071 0.017 0.046 0.028 0.007 0.021 0.028
285 L 0.039 0.022 0.015 0.016 0.013 0.014 0.02 0.023 0.013 0.089 0.253 0.023 0.051 0.203 0.012 0.025 0.03 0.011 0.049 0.076
286 W 0.029 0.022 0.015 0.015 0.007 0.015 0.022 0.029 0.015 0.029 0.051 0.022 0.015 0.059 0.007 0.022 0.022 0.507 0.066 0.029
287 V 0.128 0.026 0.023 0.024 0.019 0.02 0.03 0.042 0.011 0.116 0.119 0.033 0.027 0.031 0.021 0.073 0.051 0.005 0.019 0.182
288 L 0.048 0.021 0.014 0.016 0.016 0.015 0.019 0.021 0.009 0.196 0.257 0.024 0.04 0.046 0.014 0.025 0.037 0.006 0.021 0.155
289 T 0.072 0.031 0.036 0.033 0.017 0.024 0.035 0.04 0.013 0.098 0.083 0.04 0.023 0.027 0.024 0.094 0.177 0.006 0.018 0.111
290 A 0.149 0.028 0.033 0.032 0.086 0.023 0.035 0.147 0.014 0.045 0.054 0.039 0.016 0.021 0.024 0.111 0.052 0.005 0.015 0.071
291 N 0.041 0.044 0.337 0.081 0.009 0.033 0.048 0.063 0.031 0.022 0.031 0.052 0.011 0.017 0.02 0.068 0.048 0.004 0.015 0.026
292 V 0.062 0.024 0.025 0.024 0.015 0.019 0.026 0.101 0.013 0.126 0.115 0.03 0.048 0.086 0.017 0.062 0.043 0.007 0.028 0.129
293 Y 0.037 0.025 0.02 0.018 0.009 0.018 0.025 0.024 0.037 0.048 0.079 0.027 0.02 0.206 0.014 0.029 0.026 0.024 0.266 0.048
294 L 0.043 0.02 0.014 0.016 0.015 0.014 0.018 0.021 0.01 0.182 0.254 0.023 0.039 0.099 0.013 0.024 0.034 0.008 0.03 0.121
295 L 0.043 0.024 0.014 0.015 0.016 0.016 0.02 0.021 0.01 0.112 0.394 0.025 0.048 0.053 0.014 0.024 0.032 0.007 0.022 0.093
296 L 0.053 0.026 0.021 0.021 0.016 0.02 0.025 0.027 0.013 0.132 0.147 0.03 0.088 0.092 0.016 0.039 0.071 0.008 0.03 0.126
297 L 0.043 0.024 0.015 0.015 0.015 0.017 0.021 0.021 0.015 0.102 0.347 0.025 0.044 0.064 0.014 0.025 0.032 0.01 0.067 0.087
298 H 0.056 0.041 0.102 0.045 0.01 0.033 0.047 0.047 0.177 0.027 0.041 0.046 0.015 0.039 0.021 0.092 0.043 0.009 0.079 0.031
299 F 0.033 0.02 0.017 0.016 0.01 0.012 0.02 0.025 0.02 0.054 0.096 0.021 0.022 0.316 0.011 0.025 0.025 0.088 0.119 0.049
300 D 0.04 0.03 0.08 0.399 0.007 0.029 0.087 0.046 0.019 0.022 0.027 0.044 0.009 0.015 0.022 0.051 0.035 0.004 0.011 0.024
301 F 0.034 0.022 0.062 0.026 0.01 0.013 0.023 0.03 0.018 0.056 0.099 0.023 0.023 0.349 0.012 0.031 0.028 0.015 0.076 0.05
302 F 0.043 0.019 0.016 0.017 0.013 0.012 0.019 0.023 0.013 0.135 0.126 0.021 0.028 0.248 0.012 0.026 0.032 0.012 0.058 0.127
303 S 0.125 0.035 0.043 0.04 0.017 0.028 0.045 0.06 0.018 0.035 0.053 0.046 0.017 0.075 0.026 0.189 0.067 0.007 0.027 0.046
304 R 0.043 0.364 0.038 0.03 0.008 0.047 0.051 0.032 0.023 0.023 0.045 0.117 0.015 0.017 0.019 0.043 0.034 0.006 0.017 0.03
305 V 0.063 0.022 0.019 0.02 0.017 0.018 0.023 0.095 0.01 0.15 0.127 0.027 0.05 0.035 0.016 0.034 0.043 0.006 0.019 0.207
306 N 0.041 0.041 0.292 0.072 0.009 0.031 0.045 0.058 0.033 0.025 0.036 0.049 0.012 0.033 0.019 0.062 0.045 0.008 0.061 0.029
307 F 0.041 0.026 0.023 0.02 0.011 0.019 0.027 0.026 0.077 0.063 0.086 0.028 0.022 0.192 0.014 0.03 0.029 0.018 0.168 0.08
308 F 0.037 0.023 0.019 0.017 0.01 0.017 0.023 0.024 0.033 0.051 0.086 0.025 0.021 0.246 0.013 0.028 0.026 0.023 0.23 0.049
309 F 0.034 0.019 0.016 0.016 0.011 0.011 0.019 0.024 0.015 0.069 0.151 0.019 0.028 0.355 0.011 0.025 0.026 0.015 0.077 0.059
310 V 0.099 0.022 0.017 0.019 0.019 0.017 0.024 0.031 0.009 0.162 0.122 0.028 0.029 0.034 0.018 0.038 0.047 0.005 0.02 0.241
311 F 0.037 0.019 0.017 0.017 0.011 0.012 0.019 0.023 0.019 0.114 0.117 0.021 0.026 0.279 0.012 0.025 0.028 0.015 0.106 0.08
312 F 0.033 0.018 0.016 0.016 0.01 0.01 0.018 0.025 0.016 0.062 0.111 0.018 0.025 0.405 0.01 0.025 0.025 0.016 0.086 0.053
313 Y 0.049 0.029 0.026 0.022 0.01 0.023 0.031 0.03 0.042 0.04 0.063 0.033 0.018 0.112 0.017 0.061 0.035 0.024 0.292 0.045
314 I 0.046 0.018 0.014 0.017 0.016 0.013 0.018 0.02 0.009 0.26 0.194 0.023 0.037 0.044 0.014 0.025 0.038 0.006 0.02 0.166
315 I 0.05 0.019 0.015 0.017 0.016 0.013 0.019 0.022 0.01 0.221 0.145 0.023 0.033 0.092 0.014 0.027 0.039 0.007 0.029 0.189
316 P 0.055 0.025 0.023 0.03 0.01 0.02 0.035 0.035 0.013 0.025 0.035 0.04 0.01 0.013 0.508 0.043 0.035 0.003 0.013 0.03
317 I 0.085 0.021 0.016 0.018 0.016 0.015 0.022 0.029 0.011 0.179 0.168 0.026 0.033 0.092 0.016 0.034 0.038 0.007 0.029 0.145
318 Y 0.093 0.025 0.019 0.019 0.014 0.019 0.026 0.033 0.026 0.112 0.135 0.03 0.026 0.076 0.017 0.038 0.035 0.015 0.156 0.086
319 Y 0.038 0.026 0.02 0.018 0.009 0.02 0.026 0.024 0.041 0.045 0.073 0.029 0.019 0.167 0.014 0.029 0.027 0.026 0.302 0.046
320 L 0.067 0.026 0.024 0.024 0.017 0.02 0.028 0.031 0.011 0.112 0.182 0.032 0.032 0.036 0.019 0.068 0.08 0.006 0.02 0.167
