#Seq2Logo.py -f /work3/idamei/ssn-clusterings/clustering/2205110921/clusters/0045_69/sequences.afa -o /work3/idamei/ssn-clusterings/clustering/2205110921/clusters/0045_69/sequences.logo
#Position Specific Frequency Matrix
A R N D C Q E G H I L K M F P S T W Y V
0 L 0.052 0.032 0.02 0.02 0.016 0.028 0.028 0.028 0.016 0.1 0.197 0.036 0.161 0.048 0.016 0.036 0.04 0.008 0.024 0.092
1 V 0.07 0.022 0.016 0.018 0.019 0.016 0.023 0.025 0.008 0.165 0.13 0.026 0.032 0.036 0.016 0.033 0.049 0.006 0.021 0.269
2 L 0.045 0.024 0.014 0.015 0.016 0.016 0.02 0.021 0.01 0.115 0.375 0.025 0.05 0.055 0.014 0.024 0.033 0.007 0.022 0.096
3 F 0.034 0.019 0.017 0.017 0.011 0.011 0.019 0.025 0.017 0.063 0.114 0.019 0.025 0.387 0.011 0.025 0.025 0.017 0.089 0.055
4 I 0.047 0.018 0.015 0.018 0.016 0.013 0.018 0.021 0.009 0.271 0.168 0.024 0.037 0.044 0.015 0.025 0.04 0.006 0.021 0.177
5 N 0.043 0.045 0.317 0.083 0.009 0.034 0.049 0.065 0.032 0.022 0.032 0.054 0.011 0.018 0.02 0.07 0.049 0.004 0.016 0.027
6 N 0.043 0.045 0.317 0.083 0.009 0.034 0.049 0.065 0.032 0.022 0.032 0.054 0.011 0.018 0.02 0.07 0.049 0.004 0.016 0.027
7 K 0.057 0.107 0.042 0.042 0.009 0.054 0.071 0.043 0.021 0.028 0.043 0.278 0.016 0.016 0.028 0.054 0.04 0.005 0.017 0.033
8 D 0.041 0.03 0.069 0.397 0.008 0.03 0.091 0.047 0.019 0.022 0.028 0.045 0.009 0.015 0.022 0.052 0.035 0.004 0.011 0.024
9 M 0.047 0.029 0.018 0.018 0.015 0.025 0.025 0.025 0.015 0.091 0.178 0.033 0.24 0.044 0.015 0.033 0.036 0.007 0.022 0.084
10 L 0.059 0.05 0.021 0.024 0.012 0.023 0.043 0.051 0.014 0.113 0.181 0.074 0.037 0.057 0.016 0.038 0.033 0.035 0.039 0.077
11 I 0.047 0.018 0.015 0.018 0.016 0.013 0.018 0.021 0.009 0.269 0.168 0.024 0.037 0.044 0.015 0.025 0.04 0.006 0.021 0.177
12 A 0.288 0.031 0.026 0.03 0.022 0.026 0.041 0.078 0.015 0.043 0.06 0.045 0.018 0.022 0.03 0.085 0.05 0.005 0.018 0.069
13 A 0.288 0.031 0.026 0.03 0.022 0.026 0.041 0.078 0.015 0.043 0.06 0.045 0.018 0.022 0.03 0.085 0.05 0.005 0.018 0.069
14 K 0.057 0.107 0.042 0.042 0.009 0.054 0.071 0.043 0.021 0.028 0.043 0.276 0.016 0.016 0.028 0.054 0.04 0.005 0.017 0.033
15 N 0.045 0.031 0.167 0.05 0.013 0.023 0.033 0.043 0.02 0.148 0.099 0.039 0.024 0.031 0.017 0.047 0.044 0.005 0.018 0.102
16 K 0.048 0.193 0.037 0.035 0.008 0.052 0.059 0.036 0.038 0.024 0.04 0.248 0.014 0.015 0.022 0.046 0.034 0.005 0.017 0.029
17 F 0.056 0.02 0.017 0.017 0.013 0.014 0.02 0.025 0.014 0.153 0.14 0.023 0.027 0.165 0.013 0.038 0.034 0.034 0.067 0.108
18 L 0.04 0.02 0.013 0.015 0.014 0.013 0.018 0.02 0.01 0.156 0.299 0.022 0.038 0.091 0.012 0.022 0.031 0.031 0.029 0.105
19 A 0.157 0.039 0.024 0.026 0.014 0.036 0.037 0.067 0.014 0.075 0.128 0.09 0.032 0.044 0.038 0.052 0.038 0.006 0.02 0.065
20 I 0.047 0.024 0.021 0.02 0.013 0.029 0.025 0.07 0.033 0.177 0.115 0.029 0.054 0.062 0.015 0.032 0.046 0.008 0.065 0.115
21 L 0.057 0.02 0.016 0.017 0.014 0.014 0.019 0.023 0.01 0.194 0.21 0.023 0.033 0.098 0.014 0.029 0.052 0.007 0.028 0.122
22 L 0.063 0.021 0.019 0.02 0.014 0.015 0.022 0.05 0.011 0.155 0.197 0.026 0.035 0.102 0.015 0.056 0.037 0.007 0.028 0.107
23 T 0.075 0.027 0.044 0.028 0.015 0.021 0.029 0.058 0.012 0.103 0.121 0.034 0.024 0.028 0.02 0.067 0.157 0.005 0.017 0.115
24 G 0.112 0.022 0.029 0.027 0.036 0.018 0.025 0.295 0.011 0.074 0.058 0.031 0.016 0.021 0.019 0.059 0.048 0.005 0.013 0.082
25 I 0.047 0.019 0.014 0.016 0.038 0.014 0.018 0.021 0.009 0.232 0.165 0.023 0.05 0.056 0.014 0.026 0.04 0.006 0.021 0.17
26 L 0.11 0.021 0.016 0.018 0.016 0.016 0.022 0.03 0.009 0.169 0.199 0.026 0.032 0.036 0.016 0.038 0.039 0.005 0.018 0.161
27 V 0.062 0.025 0.024 0.023 0.039 0.019 0.026 0.029 0.01 0.101 0.122 0.03 0.03 0.029 0.018 0.05 0.146 0.005 0.017 0.196
28 S 0.099 0.036 0.049 0.044 0.016 0.03 0.047 0.06 0.017 0.027 0.038 0.049 0.014 0.019 0.027 0.297 0.074 0.005 0.016 0.038
29 L 0.043 0.019 0.016 0.016 0.102 0.013 0.018 0.069 0.012 0.068 0.201 0.021 0.037 0.188 0.012 0.027 0.028 0.009 0.04 0.061
30 Y 0.035 0.023 0.018 0.016 0.009 0.017 0.023 0.023 0.034 0.044 0.074 0.025 0.019 0.214 0.013 0.027 0.025 0.022 0.296 0.044
31 Y 0.038 0.022 0.017 0.016 0.011 0.016 0.021 0.022 0.024 0.079 0.143 0.024 0.034 0.181 0.013 0.026 0.028 0.016 0.186 0.083
32 F 0.03 0.017 0.015 0.015 0.01 0.01 0.017 0.023 0.015 0.057 0.103 0.017 0.023 0.448 0.01 0.023 0.023 0.015 0.08 0.05
33 P 0.056 0.025 0.024 0.03 0.01 0.02 0.034 0.036 0.012 0.024 0.033 0.038 0.01 0.012 0.488 0.067 0.037 0.003 0.012 0.029
34 F 0.038 0.017 0.015 0.016 0.012 0.011 0.017 0.022 0.012 0.137 0.116 0.019 0.026 0.294 0.011 0.024 0.029 0.011 0.057 0.116
35 E 0.085 0.034 0.074 0.06 0.011 0.033 0.129 0.126 0.018 0.032 0.042 0.047 0.013 0.036 0.022 0.099 0.067 0.005 0.017 0.048
36 F 0.038 0.02 0.017 0.017 0.012 0.013 0.019 0.023 0.014 0.081 0.165 0.021 0.027 0.284 0.012 0.028 0.052 0.012 0.071 0.075
37 T 0.092 0.042 0.034 0.033 0.015 0.026 0.038 0.043 0.013 0.055 0.056 0.061 0.016 0.02 0.103 0.105 0.162 0.005 0.015 0.067
38 F 0.057 0.02 0.017 0.018 0.011 0.024 0.022 0.049 0.015 0.083 0.112 0.023 0.024 0.305 0.012 0.029 0.028 0.012 0.066 0.072
39 L 0.054 0.022 0.014 0.015 0.015 0.015 0.019 0.022 0.01 0.11 0.39 0.024 0.051 0.056 0.013 0.025 0.031 0.007 0.021 0.088
40 P 0.055 0.025 0.024 0.032 0.01 0.021 0.048 0.035 0.013 0.023 0.033 0.04 0.01 0.012 0.477 0.062 0.036 0.003 0.012 0.029
41 P 0.12 0.075 0.04 0.053 0.014 0.029 0.048 0.052 0.017 0.029 0.043 0.054 0.014 0.026 0.149 0.124 0.052 0.005 0.017 0.04
42 G 0.083 0.028 0.058 0.054 0.012 0.034 0.036 0.277 0.015 0.043 0.043 0.039 0.013 0.018 0.02 0.098 0.06 0.005 0.013 0.051
43 L 0.078 0.023 0.018 0.019 0.015 0.017 0.023 0.05 0.01 0.125 0.205 0.027 0.058 0.054 0.016 0.045 0.05 0.006 0.021 0.139
44 N 0.04 0.04 0.371 0.073 0.008 0.03 0.044 0.058 0.028 0.021 0.03 0.048 0.01 0.016 0.018 0.064 0.056 0.004 0.014 0.026
45 T 0.068 0.032 0.039 0.034 0.016 0.025 0.035 0.062 0.013 0.047 0.06 0.041 0.027 0.022 0.024 0.098 0.277 0.005 0.016 0.061
46 K 0.051 0.096 0.037 0.037 0.008 0.048 0.064 0.039 0.019 0.025 0.039 0.351 0.014 0.014 0.025 0.048 0.036 0.005 0.016 0.029
47 M 0.047 0.034 0.067 0.027 0.013 0.037 0.032 0.031 0.016 0.084 0.14 0.05 0.18 0.036 0.016 0.039 0.05 0.006 0.02 0.073
48 V 0.076 0.021 0.017 0.018 0.015 0.017 0.022 0.048 0.011 0.154 0.15 0.026 0.068 0.056 0.015 0.032 0.037 0.007 0.037 0.174
49 L 0.042 0.023 0.014 0.015 0.014 0.017 0.019 0.02 0.01 0.129 0.344 0.025 0.093 0.046 0.013 0.024 0.032 0.006 0.02 0.093
50 A 0.337 0.027 0.024 0.027 0.018 0.022 0.035 0.119 0.013 0.036 0.05 0.039 0.015 0.019 0.025 0.073 0.043 0.005 0.015 0.057
51 V 0.127 0.022 0.019 0.02 0.016 0.017 0.024 0.119 0.01 0.097 0.146 0.028 0.034 0.03 0.017 0.041 0.038 0.005 0.017 0.172
52 V 0.1 0.021 0.016 0.018 0.037 0.016 0.022 0.03 0.01 0.141 0.159 0.026 0.037 0.051 0.016 0.036 0.049 0.027 0.022 0.166
53 G 0.072 0.022 0.036 0.031 0.01 0.018 0.025 0.523 0.012 0.018 0.026 0.031 0.009 0.015 0.018 0.066 0.03 0.005 0.01 0.023
54 L 0.05 0.02 0.014 0.015 0.015 0.014 0.019 0.031 0.009 0.179 0.249 0.023 0.044 0.049 0.014 0.025 0.035 0.006 0.02 0.17
55 L 0.062 0.02 0.016 0.017 0.014 0.014 0.02 0.067 0.01 0.163 0.17 0.024 0.047 0.103 0.014 0.029 0.034 0.007 0.028 0.143
56 L 0.055 0.02 0.015 0.016 0.035 0.014 0.019 0.023 0.01 0.129 0.259 0.023 0.033 0.101 0.013 0.028 0.043 0.029 0.029 0.107
57 L 0.079 0.021 0.017 0.018 0.035 0.014 0.021 0.05 0.011 0.089 0.189 0.024 0.028 0.153 0.014 0.042 0.034 0.008 0.035 0.117
58 G 0.081 0.02 0.022 0.021 0.019 0.015 0.021 0.211 0.01 0.092 0.134 0.026 0.023 0.07 0.015 0.036 0.033 0.006 0.021 0.122
59 L 0.04 0.025 0.017 0.017 0.012 0.018 0.023 0.022 0.021 0.106 0.17 0.038 0.051 0.098 0.014 0.027 0.036 0.034 0.145 0.084
60 E 0.044 0.098 0.107 0.1 0.008 0.091 0.109 0.039 0.047 0.026 0.038 0.097 0.014 0.016 0.02 0.049 0.036 0.005 0.017 0.04
61 L 0.07 0.027 0.02 0.02 0.094 0.029 0.026 0.072 0.011 0.076 0.19 0.041 0.044 0.034 0.016 0.05 0.035 0.051 0.02 0.074
62 L 0.099 0.02 0.017 0.019 0.057 0.015 0.022 0.052 0.01 0.167 0.182 0.026 0.028 0.033 0.037 0.045 0.037 0.005 0.017 0.11
63 R 0.044 0.213 0.077 0.037 0.008 0.073 0.054 0.036 0.021 0.028 0.059 0.155 0.022 0.017 0.02 0.045 0.038 0.005 0.016 0.032
64 K 0.061 0.094 0.106 0.071 0.009 0.041 0.087 0.042 0.021 0.028 0.043 0.111 0.014 0.053 0.021 0.072 0.056 0.006 0.028 0.036
65 R 0.047 0.236 0.043 0.033 0.008 0.041 0.057 0.102 0.051 0.022 0.038 0.134 0.013 0.016 0.019 0.044 0.043 0.005 0.018 0.028
66 E 0.051 0.099 0.043 0.088 0.009 0.072 0.128 0.058 0.036 0.025 0.038 0.116 0.013 0.016 0.022 0.063 0.07 0.005 0.016 0.032
67 I 0.089 0.024 0.037 0.024 0.014 0.028 0.027 0.076 0.014 0.127 0.105 0.03 0.023 0.1 0.017 0.059 0.049 0.007 0.042 0.109
68 S 0.073 0.053 0.038 0.087 0.012 0.029 0.07 0.039 0.015 0.056 0.07 0.082 0.017 0.029 0.043 0.097 0.086 0.005 0.017 0.082
69 I 0.046 0.018 0.015 0.017 0.014 0.013 0.019 0.022 0.01 0.215 0.167 0.022 0.035 0.105 0.013 0.035 0.036 0.007 0.028 0.163
70 S 0.072 0.052 0.1 0.062 0.012 0.03 0.046 0.051 0.035 0.024 0.035 0.061 0.012 0.017 0.104 0.182 0.055 0.004 0.016 0.032
71 K 0.048 0.175 0.05 0.035 0.008 0.045 0.054 0.036 0.035 0.026 0.055 0.226 0.015 0.017 0.021 0.054 0.035 0.016 0.018 0.031
72 E 0.047 0.037 0.082 0.138 0.008 0.057 0.157 0.09 0.02 0.036 0.039 0.055 0.012 0.033 0.041 0.049 0.045 0.005 0.016 0.033
73 L 0.039 0.021 0.015 0.016 0.013 0.016 0.026 0.021 0.013 0.106 0.252 0.023 0.064 0.146 0.012 0.024 0.029 0.031 0.051 0.083
74 L 0.041 0.021 0.014 0.015 0.014 0.014 0.018 0.02 0.011 0.119 0.304 0.022 0.045 0.113 0.012 0.023 0.031 0.008 0.044 0.111
75 G 0.055 0.039 0.038 0.025 0.013 0.029 0.026 0.155 0.012 0.142 0.102 0.033 0.041 0.045 0.016 0.038 0.057 0.006 0.018 0.111
76 L 0.126 0.025 0.023 0.024 0.015 0.019 0.029 0.039 0.012 0.09 0.188 0.032 0.027 0.048 0.051 0.092 0.043 0.006 0.02 0.092
77 L 0.086 0.026 0.028 0.027 0.015 0.02 0.03 0.069 0.012 0.11 0.125 0.033 0.032 0.046 0.019 0.115 0.074 0.006 0.019 0.107
78 L 0.063 0.02 0.018 0.018 0.021 0.015 0.02 0.115 0.01 0.125 0.22 0.024 0.035 0.059 0.014 0.03 0.033 0.006 0.021 0.134
79 L 0.053 0.02 0.015 0.016 0.013 0.014 0.019 0.024 0.012 0.165 0.21 0.023 0.031 0.111 0.013 0.036 0.032 0.051 0.047 0.095
80 A 0.303 0.027 0.025 0.027 0.04 0.022 0.035 0.063 0.013 0.044 0.056 0.039 0.016 0.02 0.025 0.09 0.058 0.005 0.016 0.076
81 V 0.121 0.022 0.02 0.021 0.089 0.017 0.025 0.058 0.011 0.093 0.117 0.028 0.041 0.062 0.018 0.062 0.046 0.006 0.021 0.121
82 L 0.047 0.021 0.016 0.017 0.014 0.015 0.02 0.044 0.01 0.145 0.23 0.024 0.05 0.089 0.014 0.033 0.046 0.007 0.026 0.134
83 F 0.046 0.019 0.015 0.016 0.013 0.013 0.019 0.022 0.012 0.1 0.11 0.021 0.034 0.221 0.012 0.026 0.034 0.01 0.06 0.194
84 S 0.098 0.036 0.048 0.044 0.016 0.03 0.047 0.059 0.017 0.026 0.037 0.048 0.014 0.019 0.026 0.305 0.073 0.005 0.016 0.037
85 L 0.043 0.02 0.014 0.015 0.014 0.014 0.018 0.042 0.009 0.132 0.301 0.022 0.036 0.092 0.013 0.024 0.032 0.007 0.026 0.126
86 I 0.087 0.02 0.016 0.018 0.036 0.015 0.021 0.028 0.009 0.187 0.11 0.025 0.03 0.035 0.015 0.034 0.049 0.07 0.023 0.174
87 C 0.066 0.021 0.041 0.026 0.26 0.017 0.023 0.205 0.011 0.03 0.044 0.028 0.012 0.017 0.017 0.077 0.048 0.004 0.011 0.039
88 L 0.039 0.022 0.017 0.017 0.012 0.025 0.022 0.042 0.017 0.083 0.217 0.025 0.038 0.171 0.013 0.026 0.028 0.012 0.099 0.076
89 I 0.056 0.019 0.015 0.016 0.013 0.014 0.019 0.022 0.013 0.182 0.141 0.022 0.028 0.127 0.013 0.026 0.033 0.01 0.076 0.154
90 S 0.164 0.032 0.038 0.036 0.027 0.026 0.04 0.057 0.015 0.038 0.048 0.043 0.015 0.02 0.025 0.194 0.103 0.005 0.016 0.06
91 V 0.08 0.022 0.02 0.021 0.016 0.017 0.024 0.029 0.01 0.169 0.125 0.028 0.044 0.032 0.017 0.05 0.088 0.005 0.018 0.184
92 D 0.073 0.029 0.069 0.184 0.012 0.026 0.063 0.04 0.015 0.053 0.068 0.039 0.024 0.021 0.021 0.058 0.126 0.005 0.014 0.06
93 Y 0.041 0.022 0.016 0.016 0.012 0.016 0.021 0.021 0.024 0.128 0.148 0.025 0.026 0.085 0.014 0.026 0.03 0.015 0.2 0.115
94 N 0.041 0.039 0.366 0.071 0.009 0.03 0.044 0.057 0.027 0.021 0.03 0.048 0.01 0.016 0.019 0.072 0.056 0.004 0.014 0.026
95 N 0.05 0.062 0.117 0.106 0.008 0.055 0.096 0.091 0.106 0.021 0.033 0.063 0.012 0.02 0.019 0.048 0.033 0.005 0.03 0.025
96 T 0.066 0.032 0.039 0.034 0.016 0.025 0.036 0.04 0.012 0.046 0.057 0.041 0.017 0.021 0.025 0.093 0.318 0.005 0.016 0.062
97 P 0.054 0.045 0.085 0.115 0.011 0.024 0.043 0.038 0.024 0.051 0.063 0.052 0.015 0.023 0.131 0.053 0.074 0.005 0.029 0.064
98 D 0.037 0.027 0.074 0.449 0.007 0.027 0.08 0.042 0.017 0.02 0.025 0.04 0.008 0.013 0.02 0.047 0.032 0.003 0.01 0.022
99 Y 0.042 0.026 0.038 0.038 0.01 0.021 0.028 0.047 0.03 0.046 0.086 0.03 0.044 0.096 0.015 0.037 0.063 0.017 0.236 0.048
100 S 0.149 0.032 0.038 0.037 0.016 0.027 0.052 0.054 0.015 0.036 0.049 0.044 0.016 0.036 0.025 0.171 0.132 0.005 0.018 0.05
101 Y 0.036 0.025 0.019 0.017 0.009 0.019 0.025 0.022 0.039 0.041 0.067 0.027 0.026 0.126 0.014 0.028 0.025 0.024 0.367 0.043
102 A 0.222 0.026 0.024 0.025 0.018 0.021 0.032 0.05 0.011 0.069 0.084 0.035 0.02 0.024 0.023 0.068 0.094 0.005 0.016 0.134
103 T 0.062 0.034 0.081 0.04 0.013 0.041 0.052 0.067 0.016 0.051 0.067 0.043 0.017 0.037 0.022 0.105 0.175 0.005 0.018 0.053
104 Y 0.036 0.025 0.019 0.017 0.008 0.019 0.025 0.022 0.042 0.039 0.061 0.028 0.017 0.116 0.014 0.028 0.025 0.025 0.394 0.042
105 I 0.042 0.017 0.014 0.016 0.013 0.012 0.017 0.02 0.011 0.211 0.138 0.021 0.029 0.153 0.012 0.024 0.033 0.009 0.049 0.158
106 I 0.063 0.055 0.02 0.02 0.014 0.019 0.025 0.026 0.011 0.159 0.142 0.045 0.045 0.049 0.016 0.036 0.071 0.006 0.02 0.158
107 S 0.093 0.036 0.047 0.043 0.015 0.04 0.047 0.057 0.017 0.028 0.039 0.049 0.014 0.019 0.026 0.279 0.091 0.005 0.016 0.039
108 F 0.075 0.023 0.017 0.017 0.012 0.017 0.022 0.029 0.016 0.067 0.133 0.026 0.102 0.23 0.013 0.032 0.03 0.011 0.065 0.063
109 W 0.101 0.021 0.017 0.018 0.016 0.015 0.023 0.034 0.013 0.072 0.13 0.025 0.022 0.141 0.014 0.046 0.031 0.154 0.044 0.063
110 V 0.061 0.022 0.021 0.021 0.017 0.017 0.024 0.026 0.009 0.135 0.103 0.028 0.026 0.029 0.017 0.043 0.12 0.005 0.018 0.258
111 W 0.027 0.02 0.014 0.014 0.007 0.014 0.02 0.027 0.014 0.027 0.047 0.02 0.014 0.054 0.007 0.02 0.02 0.549 0.061 0.027
112 L 0.056 0.024 0.016 0.017 0.015 0.018 0.022 0.024 0.012 0.102 0.309 0.027 0.079 0.046 0.015 0.031 0.055 0.007 0.034 0.093
113 G 0.077 0.022 0.032 0.029 0.021 0.017 0.025 0.358 0.013 0.027 0.043 0.03 0.012 0.1 0.017 0.08 0.033 0.007 0.024 0.031
114 G 0.121 0.022 0.033 0.029 0.011 0.018 0.025 0.479 0.012 0.021 0.03 0.032 0.01 0.015 0.018 0.051 0.03 0.005 0.011 0.028
115 A 0.369 0.028 0.023 0.026 0.019 0.023 0.036 0.07 0.013 0.038 0.053 0.04 0.016 0.019 0.026 0.076 0.044 0.005 0.016 0.061
116 Y 0.038 0.024 0.019 0.017 0.009 0.018 0.024 0.023 0.034 0.057 0.098 0.027 0.02 0.143 0.014 0.037 0.027 0.021 0.3 0.05
117 A 0.19 0.026 0.027 0.027 0.037 0.021 0.031 0.089 0.012 0.052 0.088 0.035 0.019 0.039 0.022 0.078 0.104 0.005 0.018 0.08
118 V 0.079 0.021 0.016 0.017 0.017 0.016 0.022 0.026 0.008 0.141 0.11 0.025 0.027 0.031 0.016 0.035 0.06 0.005 0.018 0.311
119 C 0.065 0.019 0.019 0.018 0.278 0.014 0.02 0.04 0.01 0.084 0.101 0.024 0.02 0.028 0.016 0.056 0.049 0.005 0.029 0.106
120 A 0.133 0.078 0.044 0.031 0.033 0.037 0.039 0.044 0.048 0.037 0.057 0.059 0.027 0.053 0.021 0.07 0.084 0.027 0.032 0.047
121 L 0.099 0.021 0.017 0.019 0.075 0.016 0.023 0.031 0.01 0.126 0.163 0.026 0.041 0.056 0.036 0.046 0.039 0.027 0.022 0.106
122 I 0.043 0.019 0.014 0.016 0.014 0.015 0.018 0.02 0.009 0.263 0.194 0.024 0.081 0.041 0.013 0.024 0.035 0.006 0.019 0.132
123 K 0.046 0.195 0.036 0.033 0.007 0.053 0.056 0.045 0.035 0.023 0.039 0.232 0.014 0.016 0.021 0.044 0.033 0.026 0.019 0.028
124 L 0.099 0.035 0.021 0.022 0.023 0.043 0.033 0.035 0.015 0.062 0.146 0.052 0.032 0.054 0.016 0.052 0.035 0.111 0.044 0.072
125 V 0.067 0.021 0.017 0.017 0.036 0.015 0.021 0.045 0.009 0.122 0.151 0.025 0.036 0.065 0.015 0.033 0.055 0.006 0.022 0.221
126 H 0.038 0.039 0.045 0.033 0.007 0.032 0.045 0.033 0.381 0.023 0.037 0.04 0.014 0.034 0.017 0.038 0.036 0.008 0.076 0.024
127 G 0.064 0.038 0.049 0.036 0.009 0.024 0.055 0.443 0.014 0.018 0.027 0.067 0.009 0.014 0.018 0.047 0.029 0.005 0.011 0.023
128 K 0.049 0.081 0.068 0.041 0.009 0.054 0.088 0.037 0.024 0.032 0.045 0.168 0.015 0.028 0.021 0.057 0.053 0.028 0.056 0.047
129 V 0.134 0.022 0.018 0.035 0.027 0.017 0.026 0.034 0.009 0.131 0.14 0.028 0.026 0.031 0.017 0.04 0.041 0.005 0.017 0.203
130 D 0.058 0.048 0.118 0.173 0.011 0.028 0.054 0.048 0.018 0.028 0.037 0.046 0.012 0.017 0.022 0.118 0.112 0.004 0.014 0.035
131 L 0.044 0.018 0.014 0.015 0.014 0.013 0.018 0.02 0.009 0.181 0.212 0.021 0.033 0.12 0.013 0.024 0.033 0.007 0.03 0.162
132 R 0.065 0.156 0.034 0.037 0.009 0.049 0.085 0.037 0.018 0.025 0.04 0.116 0.014 0.017 0.082 0.077 0.06 0.026 0.017 0.033
133 L 0.043 0.04 0.017 0.017 0.014 0.017 0.022 0.022 0.01 0.114 0.348 0.04 0.038 0.042 0.014 0.028 0.054 0.006 0.019 0.095
134 L 0.058 0.02 0.014 0.015 0.015 0.014 0.019 0.022 0.009 0.18 0.247 0.023 0.039 0.056 0.014 0.026 0.035 0.006 0.021 0.168
135 T 0.098 0.025 0.029 0.027 0.076 0.02 0.028 0.099 0.011 0.086 0.069 0.033 0.019 0.023 0.02 0.069 0.156 0.005 0.015 0.094
136 N 0.042 0.036 0.166 0.043 0.01 0.035 0.037 0.06 0.037 0.053 0.102 0.062 0.018 0.091 0.016 0.053 0.036 0.008 0.051 0.044
137 Y 0.036 0.025 0.019 0.017 0.009 0.019 0.025 0.022 0.04 0.041 0.076 0.028 0.018 0.114 0.014 0.027 0.025 0.024 0.379 0.043
138 L 0.062 0.021 0.014 0.015 0.014 0.014 0.019 0.023 0.01 0.106 0.365 0.023 0.039 0.077 0.013 0.026 0.031 0.007 0.024 0.097
139 A 0.157 0.024 0.023 0.024 0.017 0.019 0.028 0.041 0.011 0.143 0.09 0.032 0.023 0.027 0.02 0.063 0.1 0.005 0.017 0.136
140 G 0.147 0.023 0.023 0.023 0.035 0.018 0.026 0.15 0.012 0.068 0.095 0.03 0.024 0.075 0.018 0.057 0.047 0.027 0.024 0.079
141 V 0.072 0.02 0.016 0.017 0.017 0.015 0.021 0.024 0.008 0.158 0.114 0.024 0.028 0.032 0.015 0.032 0.054 0.005 0.018 0.309
142 C 0.06 0.015 0.016 0.016 0.519 0.012 0.016 0.03 0.008 0.039 0.057 0.019 0.014 0.018 0.015 0.047 0.034 0.004 0.011 0.05
143 V 0.09 0.021 0.017 0.018 0.016 0.015 0.023 0.029 0.01 0.116 0.119 0.025 0.026 0.107 0.016 0.037 0.061 0.007 0.029 0.22
144 A 0.119 0.024 0.025 0.025 0.015 0.018 0.028 0.07 0.012 0.114 0.083 0.031 0.021 0.108 0.019 0.091 0.067 0.007 0.028 0.095
145 Q 0.05 0.065 0.039 0.042 0.008 0.302 0.091 0.037 0.026 0.024 0.042 0.081 0.018 0.013 0.021 0.05 0.037 0.005 0.018 0.031
146 C 0.058 0.015 0.015 0.015 0.521 0.011 0.015 0.049 0.007 0.039 0.057 0.019 0.014 0.018 0.015 0.037 0.032 0.004 0.011 0.049
147 I 0.09 0.019 0.015 0.017 0.015 0.014 0.02 0.027 0.009 0.227 0.135 0.024 0.029 0.067 0.015 0.032 0.04 0.006 0.023 0.177
148 L 0.076 0.022 0.016 0.017 0.015 0.017 0.021 0.026 0.011 0.152 0.251 0.026 0.077 0.065 0.015 0.035 0.034 0.007 0.023 0.097
149 A 0.359 0.028 0.024 0.027 0.019 0.023 0.036 0.069 0.013 0.038 0.052 0.04 0.015 0.019 0.026 0.084 0.045 0.005 0.016 0.06
150 L 0.04 0.022 0.014 0.015 0.014 0.016 0.019 0.02 0.012 0.146 0.299 0.024 0.068 0.051 0.013 0.024 0.031 0.028 0.05 0.095
151 L 0.078 0.022 0.015 0.016 0.014 0.017 0.021 0.026 0.01 0.13 0.275 0.026 0.07 0.043 0.014 0.03 0.033 0.048 0.022 0.09
152 I 0.044 0.021 0.03 0.02 0.014 0.015 0.02 0.023 0.01 0.292 0.135 0.036 0.039 0.053 0.014 0.036 0.037 0.006 0.02 0.135
153 D 0.04 0.03 0.054 0.356 0.007 0.037 0.128 0.039 0.019 0.022 0.029 0.045 0.01 0.018 0.02 0.048 0.043 0.005 0.026 0.025
154 N 0.045 0.105 0.148 0.043 0.01 0.026 0.036 0.04 0.021 0.048 0.069 0.05 0.016 0.092 0.016 0.075 0.039 0.028 0.041 0.051
155 I 0.05 0.023 0.062 0.026 0.013 0.017 0.024 0.029 0.015 0.195 0.105 0.028 0.025 0.058 0.015 0.061 0.04 0.008 0.063 0.142
156 P 0.051 0.023 0.022 0.044 0.01 0.019 0.033 0.032 0.011 0.047 0.056 0.036 0.012 0.015 0.447 0.048 0.034 0.003 0.012 0.044
157 A 0.198 0.028 0.024 0.029 0.015 0.033 0.054 0.049 0.014 0.053 0.077 0.038 0.026 0.056 0.072 0.074 0.041 0.026 0.022 0.07
158 L 0.044 0.019 0.015 0.016 0.014 0.013 0.019 0.022 0.011 0.121 0.185 0.021 0.03 0.182 0.013 0.027 0.044 0.009 0.04 0.158
159 K 0.048 0.155 0.036 0.035 0.008 0.121 0.065 0.034 0.022 0.029 0.044 0.191 0.016 0.019 0.021 0.045 0.035 0.006 0.031 0.042
160 L 0.074 0.041 0.076 0.057 0.011 0.073 0.083 0.059 0.027 0.048 0.12 0.053 0.029 0.04 0.019 0.063 0.054 0.006 0.02 0.048
161 F 0.06 0.019 0.015 0.015 0.012 0.013 0.019 0.025 0.012 0.085 0.197 0.021 0.028 0.221 0.012 0.026 0.027 0.072 0.049 0.071
162 V 0.084 0.023 0.016 0.017 0.017 0.016 0.023 0.026 0.008 0.145 0.11 0.037 0.027 0.031 0.016 0.033 0.043 0.005 0.018 0.304
163 D 0.037 0.029 0.102 0.364 0.007 0.028 0.084 0.042 0.034 0.033 0.031 0.041 0.01 0.015 0.019 0.047 0.033 0.004 0.013 0.027
164 S 0.119 0.079 0.046 0.037 0.015 0.039 0.044 0.051 0.016 0.034 0.059 0.053 0.016 0.02 0.024 0.181 0.102 0.005 0.016 0.045
165 Y 0.04 0.024 0.033 0.019 0.011 0.018 0.024 0.024 0.043 0.092 0.122 0.026 0.023 0.097 0.014 0.028 0.029 0.037 0.207 0.092
166 I 0.05 0.018 0.015 0.016 0.015 0.014 0.019 0.021 0.008 0.24 0.132 0.023 0.038 0.052 0.014 0.028 0.05 0.006 0.021 0.221
167 A 0.105 0.036 0.058 0.078 0.011 0.035 0.104 0.104 0.018 0.033 0.053 0.044 0.032 0.056 0.021 0.091 0.04 0.006 0.034 0.04
168 T 0.073 0.036 0.044 0.038 0.018 0.028 0.039 0.044 0.014 0.053 0.065 0.046 0.02 0.024 0.028 0.093 0.245 0.006 0.018 0.071
169 E 0.055 0.05 0.041 0.09 0.007 0.065 0.295 0.035 0.026 0.022 0.037 0.076 0.013 0.017 0.026 0.055 0.037 0.006 0.017 0.031
170 N 0.043 0.045 0.315 0.083 0.009 0.034 0.05 0.065 0.032 0.023 0.032 0.054 0.011 0.018 0.02 0.07 0.05 0.005 0.016 0.027
171 T 0.073 0.036 0.044 0.038 0.018 0.028 0.039 0.044 0.014 0.053 0.065 0.046 0.02 0.024 0.028 0.093 0.245 0.006 0.018 0.071
172 I 0.047 0.018 0.015 0.018 0.016 0.013 0.018 0.021 0.009 0.269 0.168 0.024 0.037 0.044 0.015 0.025 0.04 0.006 0.021 0.177
173 Q 0.064 0.053 0.053 0.065 0.009 0.212 0.075 0.091 0.023 0.027 0.045 0.067 0.026 0.015 0.02 0.051 0.048 0.005 0.017 0.034
174 F 0.034 0.019 0.017 0.017 0.011 0.011 0.019 0.026 0.017 0.064 0.115 0.019 0.026 0.384 0.011 0.026 0.026 0.017 0.089 0.055
175 D 0.041 0.03 0.069 0.395 0.008 0.03 0.092 0.047 0.019 0.023 0.028 0.045 0.009 0.015 0.023 0.052 0.036 0.004 0.011 0.024
176 W 0.03 0.023 0.015 0.015 0.008 0.015 0.023 0.03 0.015 0.03 0.053 0.023 0.015 0.061 0.008 0.023 0.023 0.49 0.069 0.03
177 V 0.07 0.022 0.017 0.018 0.019 0.017 0.023 0.025 0.008 0.165 0.131 0.026 0.032 0.036 0.017 0.033 0.05 0.006 0.021 0.266
178 G 0.077 0.022 0.035 0.065 0.01 0.019 0.042 0.443 0.013 0.023 0.03 0.033 0.01 0.015 0.038 0.046 0.029 0.005 0.01 0.036
179 Q 0.087 0.053 0.051 0.058 0.01 0.207 0.087 0.042 0.023 0.027 0.044 0.068 0.017 0.031 0.021 0.063 0.05 0.005 0.019 0.036
180 D 0.071 0.032 0.045 0.227 0.009 0.034 0.149 0.089 0.033 0.033 0.036 0.048 0.011 0.016 0.021 0.049 0.038 0.004 0.014 0.042
181 F 0.047 0.022 0.032 0.02 0.01 0.024 0.023 0.027 0.018 0.053 0.108 0.024 0.022 0.325 0.012 0.03 0.037 0.014 0.102 0.05
182 L 0.039 0.022 0.016 0.024 0.013 0.016 0.021 0.022 0.015 0.082 0.261 0.024 0.076 0.137 0.013 0.025 0.029 0.01 0.079 0.076
183 E 0.049 0.068 0.106 0.074 0.008 0.071 0.116 0.1 0.037 0.026 0.058 0.091 0.014 0.017 0.02 0.058 0.036 0.005 0.016 0.03
184 L 0.061 0.048 0.091 0.042 0.013 0.032 0.043 0.044 0.019 0.092 0.095 0.091 0.05 0.029 0.021 0.083 0.05 0.006 0.019 0.073
185 P 0.053 0.035 0.107 0.044 0.011 0.028 0.041 0.043 0.066 0.033 0.046 0.044 0.014 0.033 0.141 0.06 0.092 0.008 0.059 0.04
186 E 0.05 0.078 0.073 0.101 0.008 0.043 0.167 0.038 0.02 0.023 0.035 0.117 0.012 0.015 0.043 0.066 0.059 0.005 0.014 0.03
187 A 0.287 0.031 0.026 0.03 0.022 0.026 0.041 0.079 0.015 0.043 0.06 0.045 0.018 0.022 0.03 0.085 0.05 0.005 0.018 0.069
188 V 0.056 0.022 0.02 0.04 0.015 0.019 0.05 0.065 0.01 0.135 0.129 0.029 0.039 0.031 0.016 0.033 0.05 0.005 0.017 0.218
189 G 0.052 0.063 0.127 0.112 0.008 0.038 0.06 0.231 0.019 0.02 0.03 0.059 0.01 0.015 0.019 0.051 0.045 0.004 0.012 0.025
190 R 0.04 0.418 0.034 0.028 0.007 0.043 0.046 0.029 0.021 0.021 0.041 0.107 0.014 0.015 0.017 0.04 0.031 0.005 0.015 0.028
191 L 0.04 0.022 0.013 0.014 0.014 0.015 0.018 0.019 0.009 0.116 0.407 0.023 0.06 0.048 0.013 0.022 0.03 0.006 0.02 0.089
192 Y 0.041 0.025 0.021 0.019 0.009 0.02 0.026 0.025 0.039 0.038 0.061 0.029 0.017 0.122 0.015 0.049 0.028 0.023 0.352 0.041
193 G 0.071 0.021 0.035 0.03 0.01 0.017 0.024 0.545 0.012 0.017 0.026 0.031 0.009 0.015 0.017 0.056 0.028 0.005 0.01 0.022
194 I 0.042 0.016 0.013 0.016 0.014 0.012 0.016 0.018 0.008 0.328 0.178 0.021 0.034 0.04 0.013 0.022 0.035 0.005 0.018 0.15
195 G 0.07 0.02 0.035 0.03 0.01 0.017 0.023 0.565 0.012 0.017 0.025 0.03 0.008 0.014 0.017 0.046 0.026 0.005 0.01 0.022
196 A 0.357 0.027 0.022 0.026 0.039 0.022 0.035 0.068 0.013 0.038 0.053 0.039 0.016 0.019 0.026 0.074 0.044 0.005 0.015 0.061
197 A 0.216 0.032 0.05 0.037 0.017 0.027 0.042 0.064 0.016 0.032 0.044 0.044 0.015 0.019 0.026 0.194 0.059 0.005 0.015 0.047
198 L 0.04 0.022 0.013 0.014 0.014 0.014 0.018 0.019 0.009 0.103 0.445 0.022 0.044 0.049 0.013 0.022 0.03 0.006 0.02 0.086
199 D 0.036 0.027 0.061 0.464 0.007 0.027 0.081 0.041 0.017 0.02 0.025 0.04 0.008 0.013 0.02 0.046 0.031 0.003 0.01 0.022
200 P 0.06 0.025 0.042 0.028 0.014 0.02 0.03 0.033 0.011 0.071 0.067 0.034 0.018 0.021 0.188 0.062 0.108 0.004 0.015 0.148
201 A 0.325 0.028 0.026 0.028 0.018 0.023 0.036 0.107 0.013 0.036 0.049 0.039 0.015 0.019 0.026 0.091 0.045 0.005 0.015 0.056
202 G 0.07 0.02 0.035 0.03 0.01 0.017 0.023 0.565 0.012 0.017 0.025 0.03 0.008 0.014 0.017 0.046 0.026 0.005 0.01 0.022
203 V 0.066 0.026 0.026 0.025 0.016 0.02 0.029 0.033 0.011 0.11 0.143 0.032 0.035 0.031 0.019 0.108 0.082 0.005 0.018 0.167
204 R 0.04 0.418 0.034 0.028 0.007 0.043 0.046 0.029 0.021 0.021 0.041 0.107 0.014 0.015 0.017 0.04 0.031 0.005 0.015 0.028
205 F 0.03 0.017 0.015 0.015 0.009 0.009 0.017 0.023 0.015 0.056 0.102 0.017 0.023 0.455 0.009 0.023 0.023 0.015 0.079 0.049
206 S 0.193 0.033 0.039 0.037 0.017 0.027 0.042 0.062 0.015 0.031 0.044 0.045 0.015 0.019 0.026 0.216 0.073 0.005 0.016 0.047
207 A 0.167 0.023 0.019 0.021 0.037 0.018 0.026 0.04 0.01 0.123 0.149 0.03 0.026 0.03 0.019 0.048 0.062 0.005 0.017 0.132
208 V 0.096 0.021 0.023 0.018 0.037 0.016 0.023 0.029 0.008 0.138 0.106 0.026 0.026 0.03 0.016 0.036 0.049 0.005 0.018 0.282
209 L 0.052 0.022 0.013 0.014 0.015 0.015 0.019 0.021 0.009 0.1 0.43 0.023 0.043 0.047 0.013 0.024 0.03 0.006 0.02 0.085
210 V 0.069 0.019 0.014 0.016 0.016 0.014 0.02 0.023 0.008 0.186 0.178 0.023 0.031 0.052 0.014 0.028 0.038 0.006 0.021 0.222
211 L 0.07 0.025 0.017 0.017 0.015 0.02 0.023 0.047 0.012 0.107 0.246 0.029 0.14 0.042 0.015 0.032 0.034 0.006 0.02 0.085
212 L 0.043 0.019 0.014 0.015 0.015 0.014 0.018 0.02 0.009 0.232 0.251 0.023 0.053 0.042 0.013 0.024 0.039 0.006 0.019 0.132
213 A 0.257 0.027 0.027 0.028 0.017 0.022 0.033 0.129 0.013 0.05 0.057 0.038 0.025 0.02 0.024 0.078 0.075 0.005 0.015 0.06
214 F 0.091 0.025 0.026 0.022 0.011 0.019 0.028 0.094 0.098 0.042 0.065 0.029 0.017 0.173 0.015 0.037 0.028 0.012 0.114 0.052
215 L 0.045 0.023 0.016 0.017 0.014 0.036 0.024 0.021 0.01 0.159 0.261 0.027 0.039 0.056 0.014 0.027 0.04 0.006 0.021 0.143
216 L 0.056 0.022 0.015 0.016 0.015 0.02 0.021 0.023 0.009 0.15 0.331 0.025 0.038 0.043 0.014 0.036 0.034 0.006 0.019 0.107
217 V 0.081 0.026 0.054 0.028 0.075 0.021 0.029 0.049 0.028 0.085 0.113 0.033 0.039 0.027 0.018 0.093 0.056 0.005 0.018 0.12
218 K 0.052 0.089 0.088 0.048 0.009 0.061 0.104 0.04 0.024 0.027 0.053 0.164 0.015 0.017 0.022 0.075 0.056 0.005 0.016 0.033
219 D 0.045 0.046 0.123 0.176 0.009 0.029 0.076 0.041 0.02 0.042 0.059 0.044 0.023 0.024 0.019 0.069 0.06 0.026 0.03 0.038
220 E 0.072 0.061 0.049 0.097 0.009 0.064 0.138 0.037 0.027 0.043 0.047 0.102 0.015 0.034 0.041 0.049 0.046 0.005 0.018 0.049
221 K 0.069 0.084 0.059 0.064 0.009 0.087 0.118 0.039 0.037 0.031 0.041 0.122 0.014 0.017 0.043 0.061 0.037 0.005 0.019 0.044
222 V 0.056 0.037 0.035 0.046 0.014 0.022 0.045 0.031 0.013 0.124 0.113 0.048 0.023 0.032 0.019 0.066 0.109 0.006 0.032 0.128
223 R 0.057 0.176 0.043 0.035 0.022 0.036 0.059 0.06 0.018 0.033 0.068 0.119 0.016 0.019 0.021 0.09 0.065 0.005 0.015 0.044
224 R 0.057 0.092 0.081 0.066 0.01 0.08 0.066 0.04 0.054 0.029 0.047 0.073 0.024 0.039 0.02 0.08 0.062 0.006 0.036 0.035
225 N 0.061 0.078 0.175 0.085 0.009 0.033 0.05 0.051 0.037 0.033 0.038 0.112 0.013 0.017 0.021 0.075 0.053 0.004 0.016 0.038
226 K 0.074 0.093 0.079 0.04 0.01 0.036 0.05 0.05 0.038 0.042 0.047 0.164 0.015 0.038 0.022 0.091 0.046 0.005 0.02 0.039
227 W 0.045 0.036 0.022 0.022 0.01 0.021 0.029 0.107 0.013 0.064 0.119 0.089 0.021 0.062 0.014 0.033 0.029 0.166 0.034 0.063
228 L 0.062 0.056 0.03 0.029 0.011 0.078 0.045 0.035 0.019 0.042 0.103 0.076 0.024 0.043 0.039 0.071 0.075 0.06 0.059 0.046
229 I 0.05 0.032 0.034 0.024 0.014 0.03 0.039 0.046 0.013 0.168 0.116 0.032 0.047 0.051 0.016 0.036 0.064 0.006 0.034 0.149
230 V 0.077 0.02 0.018 0.019 0.014 0.015 0.022 0.049 0.01 0.15 0.121 0.025 0.025 0.09 0.015 0.043 0.051 0.048 0.029 0.158
231 L 0.07 0.021 0.019 0.019 0.033 0.015 0.022 0.069 0.012 0.091 0.181 0.025 0.027 0.11 0.015 0.04 0.054 0.049 0.038 0.089
232 L 0.051 0.024 0.018 0.017 0.011 0.018 0.023 0.024 0.041 0.065 0.203 0.027 0.044 0.093 0.014 0.028 0.028 0.015 0.196 0.06
233 L 0.054 0.021 0.015 0.016 0.014 0.015 0.02 0.023 0.01 0.14 0.306 0.024 0.045 0.075 0.014 0.029 0.054 0.007 0.024 0.094
234 L 0.071 0.021 0.017 0.018 0.014 0.015 0.021 0.046 0.01 0.153 0.191 0.025 0.03 0.092 0.015 0.034 0.062 0.007 0.026 0.131
235 A 0.265 0.027 0.026 0.028 0.058 0.022 0.034 0.08 0.013 0.042 0.067 0.038 0.017 0.02 0.024 0.105 0.047 0.005 0.015 0.067
236 F 0.031 0.018 0.016 0.015 0.009 0.011 0.018 0.023 0.019 0.054 0.095 0.019 0.022 0.403 0.01 0.023 0.023 0.017 0.127 0.048
237 F 0.067 0.019 0.016 0.017 0.013 0.013 0.019 0.056 0.012 0.138 0.136 0.022 0.035 0.196 0.013 0.029 0.031 0.009 0.041 0.118
238 I 0.046 0.02 0.019 0.019 0.014 0.015 0.021 0.024 0.01 0.2 0.128 0.025 0.027 0.115 0.015 0.036 0.1 0.007 0.029 0.129
239 I 0.043 0.017 0.014 0.016 0.014 0.013 0.017 0.019 0.008 0.311 0.169 0.022 0.042 0.039 0.014 0.025 0.046 0.005 0.018 0.145
240 A 0.179 0.027 0.029 0.028 0.036 0.021 0.032 0.09 0.013 0.068 0.062 0.036 0.017 0.038 0.023 0.098 0.105 0.005 0.018 0.073
241 V 0.052 0.019 0.015 0.016 0.016 0.014 0.019 0.021 0.008 0.226 0.153 0.023 0.031 0.036 0.014 0.028 0.05 0.005 0.018 0.237
242 I 0.062 0.019 0.015 0.017 0.016 0.014 0.019 0.022 0.008 0.222 0.171 0.024 0.036 0.037 0.015 0.029 0.049 0.005 0.018 0.202
243 G 0.07 0.02 0.035 0.03 0.01 0.017 0.023 0.565 0.012 0.017 0.025 0.03 0.008 0.014 0.017 0.046 0.026 0.005 0.01 0.022
244 N 0.053 0.038 0.345 0.084 0.029 0.029 0.044 0.057 0.026 0.022 0.03 0.046 0.01 0.016 0.018 0.066 0.044 0.004 0.014 0.027
245 M 0.068 0.028 0.019 0.019 0.015 0.024 0.026 0.029 0.014 0.095 0.161 0.033 0.22 0.04 0.015 0.045 0.039 0.007 0.021 0.082
246 I 0.044 0.019 0.014 0.016 0.015 0.015 0.018 0.02 0.009 0.276 0.153 0.024 0.083 0.04 0.013 0.025 0.036 0.006 0.019 0.155
247 A 0.244 0.031 0.034 0.034 0.018 0.026 0.041 0.065 0.015 0.033 0.046 0.043 0.015 0.019 0.026 0.182 0.058 0.005 0.016 0.05
248 R 0.04 0.418 0.034 0.028 0.007 0.043 0.046 0.029 0.021 0.021 0.041 0.107 0.014 0.015 0.017 0.04 0.031 0.005 0.015 0.028
249 T 0.065 0.032 0.039 0.033 0.016 0.025 0.035 0.039 0.012 0.047 0.058 0.04 0.018 0.021 0.025 0.082 0.33 0.005 0.016 0.063
250 T 0.065 0.032 0.039 0.033 0.016 0.025 0.035 0.039 0.012 0.047 0.058 0.04 0.018 0.021 0.025 0.082 0.33 0.005 0.016 0.063
251 L 0.063 0.026 0.029 0.027 0.015 0.02 0.03 0.045 0.012 0.125 0.127 0.033 0.033 0.046 0.019 0.114 0.113 0.006 0.019 0.096
252 V 0.08 0.021 0.016 0.017 0.016 0.016 0.022 0.026 0.008 0.162 0.14 0.025 0.037 0.033 0.016 0.034 0.055 0.005 0.018 0.252
253 G 0.07 0.02 0.035 0.03 0.01 0.017 0.023 0.565 0.012 0.017 0.025 0.03 0.008 0.014 0.017 0.046 0.026 0.005 0.01 0.022
254 L 0.076 0.023 0.02 0.028 0.035 0.018 0.024 0.049 0.011 0.107 0.187 0.028 0.064 0.059 0.016 0.05 0.049 0.006 0.021 0.13
255 G 0.087 0.02 0.021 0.021 0.014 0.016 0.021 0.189 0.01 0.133 0.156 0.027 0.034 0.031 0.016 0.036 0.034 0.005 0.016 0.114
256 L 0.067 0.022 0.015 0.016 0.023 0.016 0.02 0.024 0.01 0.129 0.316 0.025 0.063 0.047 0.014 0.031 0.034 0.006 0.02 0.102
257 A 0.211 0.028 0.033 0.032 0.016 0.023 0.035 0.205 0.014 0.029 0.041 0.039 0.013 0.018 0.024 0.131 0.047 0.005 0.014 0.044
258 L 0.044 0.019 0.014 0.015 0.035 0.014 0.018 0.02 0.009 0.178 0.258 0.022 0.044 0.065 0.013 0.024 0.034 0.006 0.022 0.147
259 L 0.14 0.021 0.018 0.019 0.015 0.016 0.023 0.068 0.011 0.144 0.152 0.028 0.035 0.067 0.017 0.04 0.036 0.006 0.022 0.12
260 Y 0.036 0.025 0.019 0.017 0.008 0.019 0.025 0.023 0.038 0.04 0.074 0.028 0.017 0.107 0.034 0.028 0.025 0.043 0.352 0.042
261 L 0.049 0.02 0.014 0.015 0.013 0.014 0.019 0.023 0.011 0.128 0.242 0.022 0.04 0.117 0.012 0.024 0.029 0.091 0.036 0.083
262 I 0.084 0.02 0.015 0.017 0.015 0.015 0.02 0.026 0.009 0.197 0.185 0.025 0.049 0.045 0.015 0.031 0.037 0.006 0.02 0.17
263 Y 0.054 0.022 0.016 0.016 0.032 0.017 0.022 0.024 0.022 0.091 0.161 0.025 0.034 0.086 0.014 0.028 0.03 0.034 0.167 0.104
264 S 0.101 0.049 0.064 0.052 0.034 0.027 0.04 0.077 0.047 0.039 0.068 0.055 0.034 0.022 0.021 0.133 0.059 0.005 0.018 0.054
265 S 0.072 0.032 0.051 0.037 0.014 0.026 0.05 0.044 0.016 0.05 0.083 0.041 0.018 0.044 0.033 0.16 0.127 0.006 0.034 0.062
266 L 0.045 0.024 0.014 0.015 0.016 0.016 0.02 0.021 0.01 0.115 0.375 0.025 0.05 0.055 0.014 0.024 0.033 0.007 0.022 0.096
267 R 0.045 0.345 0.039 0.031 0.008 0.048 0.052 0.033 0.023 0.023 0.047 0.12 0.016 0.017 0.019 0.045 0.035 0.006 0.017 0.031
268 N 0.043 0.045 0.317 0.083 0.009 0.034 0.049 0.065 0.032 0.022 0.032 0.054 0.011 0.018 0.02 0.07 0.049 0.004 0.016 0.027
269 F 0.034 0.019 0.017 0.017 0.011 0.011 0.019 0.025 0.017 0.063 0.114 0.019 0.025 0.387 0.011 0.025 0.025 0.017 0.089 0.055
270 G 0.06 0.03 0.034 0.072 0.031 0.021 0.034 0.318 0.013 0.036 0.052 0.069 0.022 0.044 0.018 0.053 0.031 0.005 0.016 0.04
271 L 0.056 0.026 0.018 0.021 0.013 0.018 0.037 0.046 0.011 0.164 0.191 0.052 0.034 0.061 0.036 0.029 0.033 0.028 0.023 0.103
272 F 0.04 0.025 0.021 0.022 0.011 0.029 0.04 0.026 0.061 0.074 0.131 0.028 0.032 0.156 0.034 0.03 0.04 0.071 0.044 0.086
273 R 0.045 0.198 0.062 0.051 0.008 0.054 0.052 0.035 0.019 0.027 0.052 0.161 0.023 0.016 0.051 0.046 0.045 0.005 0.015 0.032
274 L 0.044 0.068 0.044 0.025 0.012 0.026 0.042 0.027 0.031 0.085 0.226 0.048 0.039 0.079 0.015 0.042 0.034 0.007 0.026 0.083
275 G 0.078 0.023 0.039 0.033 0.011 0.019 0.025 0.513 0.013 0.019 0.028 0.033 0.009 0.016 0.019 0.051 0.03 0.005 0.011 0.024
276 G 0.078 0.023 0.039 0.033 0.011 0.019 0.025 0.513 0.013 0.019 0.028 0.033 0.009 0.016 0.019 0.051 0.03 0.005 0.011 0.024
277 I 0.063 0.034 0.045 0.059 0.012 0.037 0.052 0.057 0.034 0.097 0.088 0.064 0.03 0.062 0.018 0.05 0.062 0.007 0.04 0.088
278 N 0.043 0.045 0.315 0.083 0.009 0.034 0.05 0.065 0.032 0.023 0.032 0.054 0.011 0.018 0.02 0.07 0.05 0.005 0.016 0.027
279 I 0.045 0.048 0.017 0.02 0.013 0.018 0.037 0.022 0.01 0.195 0.176 0.038 0.035 0.054 0.038 0.027 0.035 0.006 0.021 0.142
280 K 0.059 0.112 0.055 0.057 0.01 0.055 0.055 0.042 0.019 0.029 0.057 0.166 0.015 0.017 0.035 0.105 0.057 0.005 0.016 0.035
281 G 0.079 0.088 0.051 0.032 0.01 0.029 0.049 0.116 0.02 0.046 0.05 0.057 0.014 0.034 0.087 0.055 0.041 0.008 0.078 0.053
282 R 0.064 0.107 0.075 0.092 0.01 0.036 0.093 0.044 0.024 0.03 0.041 0.091 0.014 0.02 0.022 0.104 0.056 0.005 0.027 0.046
283 S 0.07 0.043 0.083 0.037 0.011 0.06 0.045 0.042 0.047 0.033 0.057 0.081 0.016 0.084 0.02 0.094 0.052 0.009 0.078 0.038
284 L 0.047 0.077 0.031 0.024 0.011 0.033 0.032 0.039 0.014 0.081 0.139 0.075 0.024 0.119 0.016 0.055 0.038 0.028 0.032 0.084
285 S 0.146 0.036 0.044 0.041 0.018 0.03 0.046 0.063 0.017 0.039 0.052 0.049 0.017 0.022 0.029 0.156 0.116 0.005 0.017 0.056
286 K 0.053 0.129 0.06 0.033 0.01 0.035 0.045 0.076 0.017 0.045 0.055 0.165 0.025 0.019 0.02 0.056 0.054 0.005 0.016 0.082
287 L 0.043 0.023 0.017 0.017 0.013 0.015 0.021 0.023 0.011 0.105 0.258 0.036 0.033 0.152 0.013 0.037 0.043 0.008 0.035 0.097
288 W 0.042 0.025 0.023 0.021 0.009 0.017 0.025 0.097 0.042 0.046 0.061 0.038 0.016 0.143 0.013 0.049 0.028 0.17 0.096 0.039
289 L 0.072 0.056 0.026 0.025 0.014 0.021 0.03 0.034 0.013 0.088 0.166 0.038 0.025 0.034 0.038 0.098 0.066 0.027 0.033 0.095
290 V 0.055 0.025 0.019 0.019 0.013 0.017 0.024 0.026 0.013 0.128 0.145 0.038 0.026 0.043 0.015 0.043 0.063 0.09 0.053 0.145
291 L 0.052 0.019 0.015 0.016 0.013 0.013 0.019 0.045 0.012 0.11 0.209 0.022 0.039 0.205 0.012 0.026 0.029 0.01 0.043 0.092
292 G 0.098 0.022 0.026 0.025 0.013 0.017 0.024 0.247 0.011 0.084 0.1 0.029 0.019 0.049 0.017 0.048 0.061 0.006 0.018 0.086
293 L 0.069 0.021 0.022 0.022 0.044 0.016 0.023 0.135 0.01 0.112 0.149 0.027 0.024 0.058 0.016 0.06 0.048 0.006 0.02 0.116
294 L 0.063 0.021 0.017 0.017 0.057 0.016 0.021 0.025 0.01 0.142 0.189 0.025 0.057 0.053 0.015 0.033 0.059 0.006 0.021 0.154
295 L 0.094 0.022 0.017 0.018 0.015 0.016 0.022 0.049 0.01 0.116 0.26 0.026 0.044 0.064 0.015 0.034 0.045 0.006 0.022 0.105
296 L 0.101 0.02 0.017 0.018 0.075 0.015 0.021 0.092 0.01 0.117 0.19 0.025 0.027 0.051 0.016 0.036 0.034 0.006 0.019 0.108
297 L 0.083 0.021 0.016 0.017 0.016 0.016 0.021 0.026 0.009 0.148 0.213 0.025 0.032 0.038 0.015 0.035 0.051 0.005 0.019 0.193
298 A 0.127 0.026 0.027 0.026 0.015 0.02 0.029 0.081 0.012 0.068 0.087 0.033 0.029 0.082 0.02 0.071 0.126 0.006 0.024 0.089
299 I 0.076 0.02 0.018 0.019 0.015 0.015 0.021 0.046 0.009 0.21 0.142 0.025 0.029 0.034 0.016 0.035 0.066 0.005 0.018 0.183
300 P 0.117 0.022 0.021 0.024 0.014 0.018 0.027 0.088 0.011 0.104 0.1 0.031 0.02 0.041 0.151 0.057 0.038 0.005 0.017 0.096
301 L 0.052 0.019 0.014 0.015 0.015 0.014 0.019 0.021 0.01 0.201 0.214 0.023 0.033 0.043 0.013 0.025 0.037 0.027 0.035 0.171
302 S 0.094 0.025 0.028 0.027 0.055 0.02 0.029 0.09 0.012 0.106 0.104 0.033 0.03 0.043 0.019 0.112 0.067 0.005 0.018 0.082
303 V 0.077 0.022 0.02 0.02 0.016 0.017 0.024 0.028 0.009 0.163 0.107 0.027 0.026 0.039 0.017 0.049 0.087 0.005 0.019 0.229
304 Y 0.055 0.033 0.022 0.02 0.01 0.02 0.027 0.028 0.039 0.044 0.082 0.031 0.027 0.131 0.015 0.053 0.042 0.019 0.257 0.046
305 L 0.038 0.024 0.014 0.015 0.013 0.015 0.02 0.021 0.011 0.09 0.353 0.035 0.047 0.125 0.013 0.023 0.029 0.008 0.031 0.076
306 Y 0.036 0.025 0.019 0.017 0.008 0.019 0.025 0.022 0.042 0.039 0.061 0.028 0.017 0.116 0.014 0.028 0.025 0.025 0.394 0.042
307 N 0.045 0.049 0.193 0.055 0.008 0.115 0.071 0.047 0.042 0.023 0.037 0.069 0.014 0.023 0.019 0.063 0.045 0.006 0.046 0.029
308 T 0.112 0.035 0.079 0.039 0.014 0.039 0.042 0.049 0.048 0.036 0.047 0.044 0.015 0.02 0.024 0.115 0.169 0.005 0.018 0.049
309 D 0.046 0.033 0.196 0.234 0.009 0.028 0.06 0.05 0.021 0.022 0.029 0.044 0.01 0.024 0.02 0.09 0.042 0.004 0.014 0.025
310 P 0.091 0.032 0.029 0.072 0.011 0.056 0.069 0.045 0.023 0.055 0.067 0.048 0.016 0.037 0.162 0.054 0.037 0.005 0.025 0.066
311 E 0.096 0.038 0.052 0.064 0.012 0.076 0.097 0.039 0.018 0.074 0.066 0.059 0.027 0.054 0.02 0.061 0.055 0.006 0.021 0.066
312 F 0.036 0.018 0.016 0.016 0.011 0.011 0.018 0.023 0.014 0.077 0.106 0.019 0.032 0.366 0.011 0.026 0.037 0.013 0.066 0.084
313 Y 0.04 0.103 0.034 0.028 0.008 0.058 0.046 0.03 0.142 0.027 0.045 0.093 0.015 0.052 0.017 0.037 0.028 0.012 0.152 0.031
314 D 0.05 0.092 0.074 0.126 0.008 0.047 0.096 0.091 0.035 0.022 0.033 0.12 0.012 0.015 0.021 0.068 0.042 0.005 0.015 0.027
315 N 0.04 0.037 0.156 0.092 0.01 0.069 0.048 0.039 0.039 0.043 0.124 0.045 0.037 0.031 0.017 0.045 0.036 0.006 0.043 0.042
316 L 0.046 0.023 0.017 0.018 0.014 0.018 0.022 0.024 0.012 0.142 0.211 0.027 0.107 0.081 0.014 0.042 0.046 0.007 0.025 0.103
317 R 0.04 0.403 0.035 0.028 0.007 0.043 0.047 0.029 0.036 0.021 0.041 0.104 0.014 0.016 0.017 0.04 0.031 0.005 0.017 0.027
318 F 0.031 0.018 0.015 0.015 0.009 0.01 0.018 0.023 0.017 0.055 0.098 0.018 0.022 0.429 0.01 0.023 0.023 0.016 0.103 0.048
319 A 0.265 0.025 0.027 0.028 0.016 0.021 0.031 0.241 0.013 0.031 0.043 0.036 0.013 0.018 0.023 0.065 0.038 0.005 0.013 0.047
320 F 0.03 0.017 0.015 0.015 0.009 0.009 0.017 0.023 0.015 0.056 0.102 0.017 0.023 0.455 0.009 0.023 0.023 0.015 0.079 0.049
