#Seq2Logo.py -f /work3/idamei/ssn-clusterings/clustering/2205111339/clusters/0004_193/sequences.afa -o /work3/idamei/ssn-clusterings/clustering/2205111339/clusters/0004_193/sequences.logo
#Position Specific Frequency Matrix
A R N D C Q E G H I L K M F P S T W Y V
0 L 0.051 0.032 0.02 0.02 0.016 0.028 0.028 0.028 0.016 0.099 0.194 0.036 0.173 0.047 0.016 0.036 0.04 0.008 0.024 0.091
1 N 0.059 0.121 0.186 0.061 0.011 0.037 0.05 0.057 0.026 0.024 0.037 0.069 0.013 0.018 0.022 0.103 0.053 0.005 0.016 0.031
2 N 0.123 0.04 0.183 0.06 0.014 0.031 0.047 0.068 0.024 0.029 0.04 0.051 0.014 0.019 0.025 0.113 0.057 0.005 0.016 0.041
3 L 0.05 0.065 0.027 0.028 0.012 0.034 0.045 0.032 0.015 0.07 0.214 0.157 0.032 0.035 0.021 0.038 0.036 0.006 0.02 0.064
4 N 0.076 0.042 0.187 0.066 0.013 0.033 0.051 0.065 0.025 0.026 0.037 0.054 0.013 0.019 0.025 0.147 0.065 0.005 0.017 0.034
5 F 0.034 0.019 0.017 0.017 0.011 0.011 0.019 0.025 0.017 0.063 0.114 0.019 0.025 0.387 0.011 0.025 0.025 0.017 0.089 0.055
6 Y 0.04 0.028 0.022 0.019 0.009 0.022 0.028 0.025 0.047 0.044 0.068 0.031 0.019 0.131 0.016 0.031 0.028 0.028 0.318 0.047
7 F 0.045 0.019 0.016 0.017 0.014 0.013 0.019 0.024 0.013 0.142 0.13 0.022 0.029 0.218 0.013 0.027 0.034 0.011 0.054 0.141
8 G 0.072 0.046 0.037 0.035 0.013 0.029 0.041 0.161 0.015 0.089 0.069 0.1 0.019 0.024 0.022 0.09 0.047 0.005 0.016 0.068
9 K 0.056 0.097 0.042 0.042 0.009 0.096 0.078 0.042 0.023 0.027 0.044 0.239 0.017 0.015 0.026 0.053 0.039 0.005 0.018 0.033
10 L 0.044 0.022 0.014 0.016 0.016 0.015 0.019 0.021 0.01 0.156 0.33 0.025 0.046 0.051 0.014 0.024 0.034 0.007 0.022 0.115
11 L 0.054 0.039 0.029 0.028 0.015 0.071 0.045 0.031 0.016 0.077 0.22 0.046 0.034 0.036 0.02 0.049 0.091 0.006 0.02 0.074
12 V 0.069 0.022 0.016 0.018 0.019 0.016 0.023 0.024 0.008 0.163 0.129 0.026 0.031 0.035 0.016 0.033 0.049 0.005 0.02 0.276
13 F 0.048 0.02 0.024 0.022 0.011 0.013 0.021 0.188 0.016 0.048 0.085 0.024 0.02 0.267 0.013 0.034 0.027 0.013 0.062 0.044
14 V 0.05 0.019 0.016 0.017 0.015 0.013 0.02 0.023 0.011 0.168 0.136 0.023 0.031 0.157 0.014 0.027 0.038 0.009 0.043 0.169
15 F 0.04 0.018 0.016 0.017 0.013 0.012 0.018 0.023 0.013 0.172 0.139 0.021 0.031 0.22 0.012 0.025 0.032 0.011 0.054 0.114
16 G 0.091 0.034 0.047 0.042 0.016 0.028 0.042 0.173 0.016 0.032 0.044 0.046 0.015 0.02 0.026 0.151 0.112 0.005 0.016 0.044
17 L 0.05 0.023 0.015 0.016 0.017 0.016 0.021 0.022 0.009 0.126 0.321 0.025 0.044 0.049 0.015 0.026 0.037 0.007 0.022 0.141
18 L 0.039 0.021 0.015 0.016 0.013 0.013 0.019 0.023 0.013 0.088 0.249 0.022 0.037 0.225 0.012 0.024 0.029 0.012 0.055 0.074
19 L 0.059 0.025 0.018 0.018 0.135 0.021 0.024 0.028 0.012 0.101 0.145 0.029 0.098 0.038 0.016 0.036 0.041 0.006 0.02 0.129
20 L 0.05 0.023 0.015 0.016 0.017 0.016 0.021 0.022 0.009 0.126 0.321 0.025 0.044 0.049 0.015 0.026 0.037 0.007 0.022 0.141
21 F 0.108 0.021 0.019 0.02 0.133 0.015 0.023 0.04 0.014 0.053 0.087 0.025 0.021 0.208 0.017 0.043 0.034 0.011 0.051 0.058
22 L 0.051 0.027 0.021 0.02 0.016 0.019 0.025 0.026 0.011 0.098 0.305 0.03 0.042 0.046 0.017 0.041 0.089 0.007 0.021 0.089
23 G 0.066 0.024 0.028 0.026 0.016 0.019 0.026 0.151 0.011 0.129 0.096 0.032 0.024 0.03 0.019 0.05 0.094 0.006 0.017 0.137
24 F 0.045 0.023 0.023 0.021 0.009 0.016 0.023 0.149 0.023 0.038 0.065 0.026 0.017 0.15 0.013 0.032 0.026 0.137 0.123 0.038
25 L 0.058 0.025 0.025 0.024 0.015 0.018 0.027 0.033 0.014 0.122 0.176 0.03 0.031 0.128 0.017 0.076 0.044 0.009 0.037 0.091
26 L 0.068 0.029 0.026 0.025 0.017 0.023 0.031 0.035 0.013 0.101 0.187 0.035 0.067 0.039 0.019 0.081 0.05 0.006 0.021 0.127
27 D 0.061 0.037 0.057 0.237 0.01 0.039 0.135 0.048 0.02 0.024 0.033 0.054 0.012 0.017 0.025 0.097 0.047 0.004 0.014 0.03
28 S 0.091 0.037 0.057 0.138 0.015 0.032 0.061 0.06 0.019 0.027 0.038 0.051 0.014 0.019 0.027 0.186 0.069 0.005 0.016 0.037
29 I 0.109 0.028 0.027 0.025 0.015 0.022 0.032 0.039 0.099 0.157 0.107 0.034 0.026 0.035 0.019 0.044 0.038 0.006 0.029 0.11
30 L 0.053 0.024 0.017 0.02 0.015 0.017 0.025 0.025 0.01 0.104 0.233 0.029 0.035 0.039 0.136 0.031 0.038 0.005 0.019 0.125
31 V 0.111 0.023 0.018 0.02 0.016 0.017 0.026 0.038 0.012 0.129 0.101 0.029 0.025 0.04 0.017 0.041 0.04 0.129 0.031 0.138
32 G 0.133 0.028 0.033 0.032 0.016 0.022 0.034 0.17 0.014 0.093 0.073 0.038 0.02 0.025 0.023 0.098 0.05 0.005 0.016 0.077
33 V 0.069 0.022 0.016 0.018 0.019 0.016 0.023 0.024 0.008 0.162 0.128 0.026 0.031 0.035 0.016 0.032 0.049 0.005 0.02 0.28
34 I 0.047 0.018 0.015 0.018 0.016 0.013 0.018 0.021 0.009 0.271 0.168 0.024 0.037 0.044 0.015 0.025 0.04 0.006 0.021 0.177
35 A 0.132 0.031 0.029 0.029 0.018 0.025 0.036 0.049 0.014 0.083 0.106 0.04 0.059 0.031 0.023 0.096 0.055 0.006 0.02 0.12
36 L 0.043 0.023 0.016 0.016 0.014 0.017 0.021 0.022 0.019 0.138 0.251 0.026 0.038 0.07 0.014 0.026 0.033 0.012 0.098 0.102
37 V 0.059 0.023 0.017 0.018 0.017 0.018 0.023 0.024 0.01 0.176 0.154 0.028 0.068 0.04 0.016 0.031 0.044 0.006 0.021 0.206
38 Y 0.04 0.023 0.019 0.018 0.011 0.017 0.023 0.024 0.029 0.108 0.103 0.026 0.025 0.174 0.014 0.028 0.03 0.019 0.191 0.08
39 I 0.049 0.019 0.015 0.017 0.015 0.013 0.019 0.022 0.011 0.197 0.143 0.023 0.032 0.13 0.014 0.027 0.038 0.008 0.037 0.171
40 Y 0.04 0.028 0.021 0.018 0.009 0.021 0.028 0.025 0.046 0.043 0.067 0.031 0.018 0.129 0.015 0.031 0.028 0.028 0.328 0.046
41 T 0.084 0.037 0.047 0.041 0.018 0.029 0.043 0.051 0.015 0.045 0.057 0.048 0.018 0.023 0.028 0.137 0.196 0.006 0.018 0.061
42 L 0.04 0.024 0.014 0.015 0.014 0.016 0.021 0.023 0.011 0.093 0.302 0.024 0.04 0.055 0.012 0.024 0.03 0.13 0.033 0.079
43 L 0.067 0.026 0.025 0.025 0.017 0.02 0.028 0.033 0.011 0.147 0.18 0.032 0.033 0.038 0.018 0.078 0.05 0.006 0.02 0.147
44 I 0.051 0.025 0.093 0.034 0.015 0.019 0.027 0.032 0.014 0.187 0.123 0.031 0.029 0.035 0.016 0.038 0.044 0.005 0.019 0.164
45 V 0.073 0.027 0.025 0.025 0.018 0.02 0.029 0.034 0.011 0.117 0.171 0.032 0.032 0.036 0.019 0.08 0.053 0.006 0.02 0.174
46 F 0.05 0.041 0.028 0.027 0.01 0.023 0.033 0.152 0.017 0.043 0.074 0.09 0.019 0.206 0.017 0.038 0.03 0.011 0.051 0.041
47 L 0.05 0.023 0.015 0.016 0.017 0.016 0.021 0.022 0.009 0.126 0.321 0.025 0.044 0.049 0.015 0.026 0.037 0.007 0.022 0.141
48 N 0.039 0.034 0.173 0.05 0.009 0.025 0.036 0.045 0.031 0.037 0.061 0.039 0.016 0.14 0.016 0.048 0.037 0.013 0.112 0.038
49 A 0.193 0.029 0.03 0.031 0.138 0.024 0.037 0.063 0.014 0.04 0.056 0.04 0.017 0.021 0.026 0.11 0.054 0.005 0.016 0.058
50 K 0.057 0.15 0.041 0.037 0.011 0.045 0.057 0.04 0.019 0.032 0.049 0.185 0.016 0.018 0.025 0.06 0.093 0.005 0.017 0.041
51 E 0.048 0.061 0.115 0.062 0.008 0.047 0.119 0.045 0.11 0.023 0.037 0.115 0.014 0.02 0.023 0.054 0.038 0.006 0.026 0.028
52 G 0.076 0.028 0.038 0.033 0.012 0.023 0.032 0.281 0.023 0.027 0.041 0.038 0.013 0.045 0.02 0.091 0.042 0.011 0.092 0.034
53 L 0.115 0.023 0.017 0.02 0.018 0.018 0.025 0.036 0.01 0.15 0.184 0.029 0.033 0.038 0.018 0.041 0.042 0.006 0.02 0.154
54 A 0.188 0.031 0.029 0.03 0.019 0.025 0.038 0.06 0.015 0.057 0.136 0.041 0.025 0.029 0.025 0.106 0.053 0.006 0.018 0.068
55 D 0.04 0.029 0.068 0.406 0.007 0.029 0.09 0.046 0.018 0.022 0.028 0.044 0.009 0.015 0.022 0.051 0.035 0.004 0.011 0.024
56 P 0.056 0.025 0.023 0.031 0.01 0.02 0.036 0.036 0.013 0.025 0.036 0.041 0.01 0.013 0.501 0.043 0.036 0.003 0.013 0.031
57 R 0.044 0.355 0.038 0.031 0.008 0.048 0.052 0.032 0.023 0.023 0.046 0.118 0.015 0.017 0.019 0.044 0.034 0.006 0.017 0.031
58 V 0.08 0.029 0.032 0.03 0.018 0.023 0.034 0.039 0.012 0.102 0.091 0.037 0.024 0.029 0.022 0.097 0.109 0.005 0.019 0.168
59 L 0.039 0.021 0.015 0.016 0.013 0.013 0.019 0.023 0.013 0.088 0.249 0.022 0.037 0.225 0.012 0.024 0.029 0.012 0.055 0.074
60 P 0.045 0.022 0.02 0.024 0.01 0.015 0.027 0.03 0.015 0.044 0.074 0.03 0.018 0.204 0.256 0.034 0.03 0.01 0.05 0.042
61 L 0.044 0.024 0.014 0.015 0.016 0.016 0.02 0.021 0.01 0.114 0.385 0.025 0.049 0.054 0.014 0.024 0.033 0.007 0.022 0.095
62 A 0.181 0.025 0.026 0.027 0.017 0.021 0.031 0.173 0.013 0.096 0.078 0.036 0.02 0.026 0.023 0.061 0.042 0.005 0.016 0.083
63 F 0.038 0.022 0.017 0.017 0.012 0.015 0.021 0.026 0.016 0.072 0.133 0.023 0.062 0.309 0.012 0.028 0.029 0.014 0.072 0.063
64 L 0.047 0.029 0.019 0.018 0.014 0.023 0.026 0.025 0.022 0.089 0.21 0.032 0.103 0.069 0.015 0.031 0.035 0.013 0.099 0.081
65 A 0.195 0.031 0.03 0.031 0.02 0.025 0.039 0.061 0.014 0.069 0.072 0.042 0.02 0.025 0.026 0.108 0.057 0.005 0.018 0.114
66 V 0.062 0.019 0.016 0.017 0.136 0.014 0.02 0.025 0.008 0.163 0.122 0.024 0.029 0.033 0.016 0.032 0.043 0.005 0.018 0.197
67 Y 0.04 0.028 0.021 0.018 0.009 0.021 0.028 0.025 0.046 0.043 0.067 0.031 0.018 0.129 0.015 0.031 0.028 0.028 0.328 0.046
68 F 0.119 0.027 0.028 0.028 0.015 0.02 0.032 0.048 0.017 0.049 0.081 0.034 0.021 0.208 0.02 0.091 0.045 0.011 0.052 0.054
69 T 0.071 0.032 0.036 0.032 0.018 0.024 0.035 0.038 0.012 0.08 0.08 0.04 0.022 0.026 0.024 0.077 0.205 0.006 0.018 0.122
70 F 0.036 0.019 0.016 0.016 0.011 0.012 0.019 0.025 0.014 0.109 0.111 0.021 0.025 0.224 0.011 0.024 0.028 0.135 0.066 0.078
71 F 0.033 0.019 0.017 0.017 0.01 0.01 0.019 0.025 0.017 0.062 0.113 0.019 0.025 0.396 0.01 0.025 0.025 0.017 0.087 0.054
72 P 0.069 0.029 0.031 0.035 0.012 0.023 0.04 0.043 0.014 0.026 0.037 0.044 0.011 0.015 0.383 0.09 0.047 0.003 0.014 0.033
73 L 0.044 0.024 0.014 0.015 0.016 0.016 0.02 0.021 0.01 0.114 0.385 0.025 0.049 0.054 0.014 0.024 0.033 0.007 0.022 0.095
74 R 0.047 0.284 0.04 0.035 0.008 0.092 0.064 0.034 0.024 0.024 0.046 0.111 0.017 0.016 0.02 0.047 0.036 0.006 0.018 0.032
75 A 0.179 0.025 0.02 0.023 0.019 0.02 0.03 0.05 0.011 0.132 0.103 0.034 0.025 0.03 0.022 0.056 0.047 0.005 0.019 0.147
76 L 0.044 0.022 0.016 0.017 0.014 0.016 0.021 0.022 0.018 0.18 0.196 0.026 0.035 0.067 0.015 0.026 0.035 0.012 0.098 0.122
77 F 0.039 0.02 0.015 0.016 0.013 0.012 0.019 0.023 0.013 0.13 0.194 0.021 0.034 0.222 0.012 0.025 0.031 0.012 0.054 0.094
78 F 0.045 0.025 0.024 0.022 0.012 0.017 0.026 0.029 0.023 0.055 0.089 0.028 0.022 0.236 0.016 0.043 0.084 0.017 0.13 0.056
79 G 0.077 0.023 0.039 0.033 0.011 0.019 0.025 0.517 0.013 0.019 0.028 0.033 0.009 0.016 0.019 0.051 0.029 0.005 0.011 0.024
80 P 0.062 0.029 0.028 0.028 0.013 0.023 0.034 0.037 0.022 0.053 0.132 0.037 0.023 0.054 0.14 0.082 0.044 0.011 0.095 0.053
81 E 0.055 0.05 0.04 0.09 0.007 0.064 0.296 0.035 0.026 0.022 0.037 0.076 0.013 0.017 0.026 0.055 0.037 0.006 0.017 0.031
82 G 0.07 0.032 0.04 0.048 0.012 0.032 0.099 0.278 0.016 0.028 0.039 0.046 0.013 0.018 0.022 0.062 0.088 0.005 0.014 0.037
83 N 0.047 0.033 0.173 0.053 0.011 0.025 0.038 0.046 0.021 0.088 0.066 0.043 0.017 0.023 0.139 0.051 0.043 0.004 0.016 0.064
84 L 0.044 0.024 0.014 0.015 0.016 0.016 0.02 0.021 0.01 0.114 0.385 0.025 0.049 0.054 0.014 0.024 0.033 0.007 0.022 0.095
85 P 0.06 0.028 0.028 0.032 0.012 0.022 0.036 0.037 0.013 0.032 0.043 0.042 0.012 0.015 0.383 0.055 0.091 0.003 0.014 0.04
86 F 0.041 0.022 0.017 0.018 0.013 0.015 0.021 0.025 0.014 0.126 0.146 0.024 0.065 0.221 0.013 0.028 0.032 0.012 0.055 0.093
87 D 0.04 0.029 0.068 0.406 0.007 0.029 0.09 0.046 0.018 0.022 0.028 0.044 0.009 0.015 0.022 0.051 0.035 0.004 0.011 0.024
88 E 0.063 0.039 0.037 0.061 0.011 0.043 0.171 0.04 0.022 0.034 0.057 0.055 0.016 0.112 0.023 0.091 0.045 0.008 0.034 0.039
89 G 0.059 0.03 0.118 0.139 0.009 0.025 0.047 0.286 0.019 0.02 0.029 0.041 0.01 0.016 0.02 0.055 0.036 0.005 0.012 0.025
90 V 0.121 0.023 0.018 0.02 0.019 0.018 0.026 0.037 0.01 0.162 0.12 0.03 0.029 0.034 0.019 0.043 0.046 0.005 0.02 0.2
91 L 0.044 0.024 0.014 0.015 0.016 0.016 0.02 0.021 0.01 0.114 0.385 0.025 0.049 0.054 0.014 0.024 0.033 0.007 0.022 0.095
92 L 0.109 0.024 0.017 0.019 0.017 0.018 0.024 0.035 0.011 0.138 0.248 0.029 0.038 0.043 0.018 0.039 0.039 0.006 0.02 0.108
93 L 0.065 0.046 0.038 0.05 0.012 0.085 0.12 0.04 0.021 0.048 0.127 0.061 0.024 0.026 0.023 0.091 0.048 0.006 0.019 0.05
94 S 0.108 0.04 0.053 0.048 0.017 0.033 0.052 0.065 0.019 0.029 0.041 0.053 0.015 0.021 0.029 0.231 0.081 0.005 0.017 0.041
95 L 0.051 0.022 0.015 0.016 0.017 0.015 0.02 0.022 0.009 0.168 0.266 0.025 0.041 0.047 0.015 0.026 0.038 0.006 0.021 0.161
96 R 0.044 0.272 0.032 0.027 0.01 0.04 0.044 0.03 0.02 0.046 0.131 0.095 0.024 0.026 0.018 0.039 0.034 0.006 0.018 0.047
97 L 0.043 0.025 0.016 0.016 0.014 0.017 0.022 0.022 0.019 0.096 0.305 0.026 0.041 0.073 0.014 0.026 0.032 0.012 0.098 0.083
98 Q 0.055 0.072 0.043 0.046 0.009 0.226 0.101 0.041 0.029 0.026 0.046 0.09 0.02 0.014 0.023 0.055 0.041 0.006 0.02 0.035
99 L 0.059 0.028 0.026 0.025 0.015 0.022 0.029 0.035 0.015 0.076 0.183 0.033 0.066 0.129 0.017 0.079 0.045 0.009 0.038 0.07
100 L 0.054 0.021 0.016 0.017 0.016 0.015 0.021 0.024 0.011 0.125 0.188 0.024 0.034 0.13 0.014 0.028 0.039 0.009 0.038 0.177
101 G 0.189 0.027 0.032 0.031 0.016 0.022 0.033 0.297 0.014 0.031 0.043 0.039 0.013 0.019 0.024 0.067 0.039 0.005 0.014 0.046
102 I 0.053 0.022 0.016 0.018 0.017 0.018 0.021 0.023 0.01 0.206 0.163 0.027 0.069 0.042 0.015 0.029 0.042 0.006 0.021 0.18
103 L 0.115 0.023 0.017 0.02 0.018 0.018 0.025 0.036 0.01 0.15 0.184 0.029 0.033 0.038 0.018 0.041 0.042 0.006 0.02 0.154
104 V 0.07 0.025 0.023 0.022 0.019 0.019 0.027 0.029 0.009 0.135 0.112 0.03 0.028 0.032 0.019 0.047 0.101 0.006 0.02 0.227
105 F 0.038 0.022 0.017 0.017 0.012 0.015 0.021 0.026 0.016 0.072 0.133 0.023 0.062 0.309 0.012 0.028 0.029 0.014 0.072 0.063
106 V 0.058 0.02 0.015 0.017 0.017 0.015 0.02 0.022 0.008 0.222 0.147 0.024 0.034 0.039 0.015 0.029 0.044 0.006 0.02 0.227
107 L 0.121 0.028 0.025 0.025 0.018 0.021 0.03 0.041 0.012 0.093 0.159 0.035 0.029 0.033 0.022 0.058 0.097 0.006 0.019 0.128
108 V 0.063 0.021 0.016 0.018 0.018 0.015 0.022 0.023 0.008 0.192 0.138 0.025 0.032 0.037 0.016 0.03 0.046 0.006 0.02 0.253
109 C 0.078 0.028 0.035 0.032 0.134 0.022 0.035 0.047 0.016 0.041 0.065 0.036 0.018 0.114 0.021 0.132 0.056 0.008 0.033 0.048
110 N 0.044 0.041 0.25 0.066 0.011 0.032 0.043 0.055 0.027 0.041 0.072 0.049 0.052 0.025 0.019 0.06 0.046 0.005 0.018 0.043
111 V 0.057 0.021 0.015 0.017 0.017 0.015 0.021 0.022 0.009 0.18 0.202 0.025 0.037 0.042 0.015 0.028 0.042 0.006 0.021 0.207
112 L 0.108 0.025 0.019 0.021 0.016 0.019 0.026 0.038 0.014 0.121 0.133 0.03 0.063 0.127 0.018 0.042 0.038 0.009 0.037 0.097
113 I 0.056 0.018 0.015 0.017 0.136 0.014 0.018 0.024 0.008 0.192 0.131 0.023 0.03 0.036 0.015 0.03 0.041 0.005 0.018 0.171
114 D 0.063 0.027 0.039 0.122 0.013 0.022 0.046 0.04 0.016 0.069 0.077 0.035 0.02 0.117 0.02 0.085 0.047 0.008 0.034 0.1
115 E 0.048 0.121 0.047 0.154 0.007 0.051 0.189 0.037 0.023 0.022 0.036 0.078 0.012 0.016 0.023 0.051 0.035 0.005 0.015 0.029
116 S 0.172 0.037 0.044 0.042 0.019 0.03 0.048 0.07 0.018 0.034 0.047 0.05 0.016 0.021 0.029 0.18 0.071 0.005 0.017 0.05
117 R 0.06 0.276 0.042 0.035 0.01 0.044 0.052 0.041 0.022 0.025 0.045 0.102 0.015 0.018 0.022 0.091 0.046 0.006 0.017 0.033
118 Q 0.055 0.048 0.031 0.032 0.011 0.123 0.063 0.033 0.028 0.064 0.072 0.059 0.023 0.048 0.019 0.043 0.039 0.011 0.097 0.099
119 S 0.11 0.04 0.054 0.049 0.018 0.033 0.052 0.066 0.019 0.03 0.042 0.054 0.016 0.021 0.03 0.22 0.082 0.005 0.018 0.042
120 L 0.05 0.111 0.099 0.036 0.013 0.028 0.036 0.035 0.018 0.08 0.147 0.056 0.027 0.031 0.017 0.042 0.041 0.006 0.019 0.108
121 S 0.082 0.05 0.047 0.058 0.013 0.089 0.128 0.051 0.023 0.027 0.041 0.068 0.016 0.018 0.027 0.143 0.06 0.005 0.018 0.037
122 P 0.064 0.109 0.032 0.032 0.013 0.028 0.039 0.038 0.016 0.09 0.072 0.059 0.019 0.023 0.141 0.086 0.048 0.005 0.017 0.069
123 R 0.06 0.13 0.037 0.034 0.011 0.036 0.048 0.041 0.02 0.035 0.061 0.12 0.018 0.112 0.022 0.088 0.045 0.008 0.035 0.04
124 A 0.131 0.037 0.112 0.049 0.016 0.03 0.045 0.062 0.02 0.037 0.049 0.049 0.016 0.021 0.026 0.119 0.109 0.005 0.017 0.051
125 F 0.033 0.019 0.017 0.017 0.01 0.01 0.019 0.025 0.017 0.062 0.113 0.019 0.025 0.396 0.01 0.025 0.025 0.017 0.087 0.054
126 F 0.041 0.018 0.017 0.017 0.131 0.011 0.018 0.027 0.014 0.058 0.1 0.019 0.023 0.302 0.012 0.029 0.028 0.013 0.069 0.055
127 D 0.048 0.04 0.054 0.245 0.007 0.047 0.195 0.041 0.022 0.022 0.032 0.06 0.011 0.016 0.024 0.053 0.036 0.005 0.014 0.028
128 G 0.074 0.022 0.028 0.026 0.015 0.018 0.024 0.269 0.011 0.091 0.079 0.03 0.02 0.026 0.018 0.042 0.039 0.005 0.016 0.148
129 N 0.043 0.045 0.317 0.083 0.009 0.034 0.049 0.065 0.032 0.022 0.032 0.054 0.011 0.018 0.02 0.07 0.049 0.004 0.016 0.027
130 A 0.29 0.031 0.026 0.03 0.022 0.026 0.04 0.078 0.015 0.043 0.059 0.045 0.018 0.022 0.03 0.085 0.05 0.005 0.018 0.069
131 E 0.055 0.05 0.04 0.09 0.007 0.064 0.296 0.035 0.026 0.022 0.037 0.076 0.013 0.017 0.026 0.055 0.037 0.006 0.017 0.031
132 L 0.05 0.037 0.027 0.052 0.012 0.04 0.16 0.028 0.018 0.068 0.208 0.05 0.031 0.035 0.02 0.04 0.035 0.006 0.019 0.063
133 D 0.075 0.038 0.125 0.146 0.013 0.032 0.06 0.06 0.022 0.026 0.035 0.051 0.013 0.018 0.025 0.146 0.061 0.005 0.015 0.033
134 V 0.124 0.045 0.025 0.026 0.017 0.028 0.039 0.042 0.013 0.099 0.089 0.096 0.024 0.027 0.022 0.05 0.046 0.005 0.019 0.165
135 G 0.127 0.037 0.036 0.036 0.013 0.072 0.048 0.288 0.018 0.026 0.04 0.05 0.014 0.017 0.022 0.06 0.037 0.005 0.015 0.038
136 F 0.047 0.106 0.023 0.021 0.012 0.024 0.03 0.027 0.023 0.073 0.089 0.048 0.022 0.144 0.015 0.033 0.034 0.014 0.113 0.103
137 K 0.114 0.149 0.036 0.035 0.011 0.045 0.058 0.049 0.02 0.03 0.047 0.185 0.016 0.017 0.026 0.058 0.04 0.005 0.017 0.041
138 S 0.078 0.043 0.118 0.067 0.013 0.041 0.115 0.057 0.024 0.026 0.037 0.059 0.014 0.019 0.026 0.146 0.062 0.005 0.017 0.035
139 R 0.051 0.109 0.029 0.026 0.013 0.027 0.034 0.03 0.023 0.1 0.086 0.054 0.022 0.053 0.019 0.048 0.09 0.011 0.096 0.08
140 T 0.074 0.033 0.038 0.034 0.017 0.026 0.037 0.043 0.014 0.062 0.139 0.042 0.026 0.03 0.024 0.11 0.157 0.006 0.019 0.069
141 S 0.108 0.04 0.053 0.048 0.017 0.033 0.052 0.065 0.019 0.029 0.041 0.053 0.015 0.021 0.029 0.231 0.081 0.005 0.017 0.041
142 E 0.054 0.049 0.04 0.089 0.007 0.064 0.307 0.034 0.025 0.022 0.036 0.074 0.013 0.016 0.025 0.054 0.036 0.005 0.016 0.031
143 R 0.047 0.292 0.039 0.033 0.008 0.049 0.056 0.035 0.022 0.024 0.045 0.161 0.015 0.017 0.021 0.046 0.036 0.006 0.017 0.031
144 L 0.109 0.022 0.017 0.02 0.017 0.017 0.024 0.035 0.01 0.18 0.194 0.029 0.035 0.041 0.018 0.039 0.04 0.006 0.02 0.128
145 L 0.051 0.022 0.015 0.016 0.017 0.015 0.02 0.022 0.009 0.168 0.266 0.025 0.041 0.047 0.015 0.026 0.038 0.006 0.021 0.161
146 F 0.037 0.018 0.016 0.017 0.012 0.011 0.018 0.024 0.015 0.117 0.126 0.02 0.028 0.308 0.011 0.025 0.029 0.014 0.071 0.084
147 V 0.05 0.021 0.016 0.017 0.014 0.014 0.022 0.026 0.012 0.104 0.105 0.023 0.026 0.132 0.013 0.028 0.036 0.132 0.049 0.161
148 I 0.046 0.02 0.017 0.021 0.013 0.014 0.022 0.025 0.012 0.163 0.12 0.026 0.027 0.124 0.135 0.029 0.035 0.008 0.035 0.108
149 V 0.121 0.024 0.018 0.02 0.019 0.018 0.026 0.037 0.01 0.12 0.175 0.03 0.032 0.036 0.019 0.043 0.045 0.006 0.02 0.18
150 L 0.041 0.023 0.015 0.015 0.015 0.015 0.02 0.022 0.012 0.101 0.317 0.023 0.043 0.139 0.013 0.024 0.031 0.009 0.038 0.085
151 P 0.047 0.023 0.019 0.023 0.012 0.017 0.027 0.029 0.013 0.057 0.142 0.031 0.024 0.119 0.257 0.034 0.032 0.007 0.034 0.053
152 F 0.037 0.018 0.016 0.017 0.012 0.011 0.018 0.024 0.015 0.117 0.126 0.02 0.028 0.308 0.011 0.025 0.029 0.014 0.071 0.084
153 V 0.063 0.021 0.016 0.018 0.018 0.015 0.022 0.023 0.008 0.192 0.138 0.025 0.032 0.037 0.016 0.03 0.046 0.006 0.02 0.253
154 V 0.057 0.021 0.015 0.017 0.017 0.015 0.021 0.022 0.009 0.18 0.202 0.025 0.037 0.042 0.015 0.028 0.042 0.006 0.021 0.207
155 F 0.047 0.021 0.017 0.018 0.014 0.015 0.022 0.024 0.02 0.137 0.118 0.025 0.028 0.151 0.014 0.028 0.035 0.014 0.114 0.138
156 G 0.135 0.03 0.035 0.035 0.015 0.024 0.038 0.174 0.015 0.029 0.041 0.043 0.013 0.018 0.145 0.102 0.049 0.005 0.014 0.041
157 L 0.054 0.026 0.022 0.021 0.015 0.02 0.023 0.147 0.012 0.086 0.248 0.03 0.07 0.043 0.016 0.033 0.034 0.007 0.02 0.076
158 V 0.063 0.022 0.016 0.017 0.018 0.016 0.022 0.023 0.009 0.15 0.192 0.026 0.036 0.04 0.016 0.03 0.045 0.006 0.021 0.233
159 L 0.051 0.022 0.015 0.016 0.017 0.015 0.02 0.022 0.009 0.168 0.266 0.025 0.041 0.047 0.015 0.026 0.038 0.006 0.021 0.161
160 I 0.058 0.023 0.022 0.022 0.017 0.017 0.024 0.027 0.01 0.195 0.131 0.029 0.031 0.036 0.018 0.043 0.096 0.006 0.02 0.174
161 L 0.106 0.023 0.018 0.02 0.016 0.016 0.024 0.036 0.012 0.125 0.18 0.028 0.032 0.129 0.017 0.039 0.037 0.009 0.037 0.098
162 G 0.123 0.066 0.036 0.036 0.012 0.037 0.051 0.17 0.017 0.029 0.043 0.164 0.014 0.017 0.026 0.06 0.039 0.005 0.015 0.039
163 S 0.1 0.035 0.05 0.044 0.016 0.029 0.045 0.178 0.018 0.027 0.038 0.048 0.014 0.019 0.027 0.186 0.068 0.005 0.016 0.037
164 G 0.077 0.023 0.039 0.033 0.011 0.019 0.025 0.517 0.013 0.019 0.028 0.033 0.009 0.016 0.019 0.051 0.029 0.005 0.011 0.024
165 A 0.236 0.034 0.032 0.031 0.018 0.028 0.043 0.067 0.102 0.038 0.053 0.044 0.017 0.023 0.027 0.073 0.043 0.006 0.027 0.056
166 T 0.073 0.032 0.042 0.036 0.016 0.025 0.035 0.161 0.014 0.044 0.055 0.042 0.017 0.022 0.025 0.081 0.201 0.006 0.016 0.058
167 S 0.099 0.038 0.051 0.045 0.017 0.031 0.048 0.06 0.018 0.035 0.047 0.051 0.016 0.021 0.029 0.196 0.125 0.005 0.017 0.048
168 K 0.056 0.106 0.041 0.041 0.008 0.053 0.07 0.043 0.02 0.027 0.043 0.289 0.015 0.015 0.027 0.053 0.039 0.005 0.017 0.032
169 R 0.044 0.355 0.038 0.031 0.008 0.048 0.052 0.032 0.023 0.023 0.046 0.118 0.015 0.017 0.019 0.044 0.034 0.006 0.017 0.031
170 E 0.054 0.049 0.04 0.089 0.007 0.064 0.307 0.034 0.025 0.022 0.036 0.074 0.013 0.016 0.025 0.054 0.036 0.005 0.016 0.031
171 L 0.051 0.02 0.015 0.017 0.017 0.015 0.019 0.021 0.009 0.21 0.211 0.024 0.038 0.044 0.015 0.026 0.04 0.006 0.021 0.181
172 L 0.044 0.024 0.014 0.015 0.016 0.016 0.02 0.021 0.01 0.114 0.385 0.025 0.049 0.054 0.014 0.024 0.033 0.007 0.022 0.095
173 D 0.04 0.029 0.068 0.406 0.007 0.029 0.09 0.046 0.018 0.022 0.028 0.044 0.009 0.015 0.022 0.051 0.035 0.004 0.011 0.024
174 S 0.092 0.041 0.122 0.057 0.015 0.033 0.051 0.065 0.022 0.027 0.039 0.053 0.014 0.02 0.027 0.191 0.073 0.005 0.017 0.038
175 G 0.049 0.027 0.099 0.037 0.011 0.02 0.028 0.157 0.018 0.054 0.139 0.032 0.024 0.121 0.016 0.042 0.034 0.008 0.034 0.05
176 S 0.156 0.037 0.046 0.043 0.018 0.031 0.049 0.068 0.018 0.033 0.046 0.051 0.016 0.021 0.029 0.195 0.073 0.005 0.017 0.048
177 G 0.139 0.029 0.033 0.032 0.017 0.023 0.035 0.171 0.014 0.063 0.064 0.039 0.018 0.023 0.023 0.1 0.052 0.005 0.016 0.103
178 V 0.057 0.021 0.015 0.017 0.017 0.015 0.021 0.022 0.009 0.18 0.202 0.025 0.037 0.042 0.015 0.028 0.042 0.006 0.021 0.207
179 K 0.053 0.09 0.112 0.051 0.009 0.048 0.064 0.048 0.023 0.026 0.04 0.23 0.014 0.016 0.025 0.057 0.042 0.005 0.017 0.031
180 S 0.141 0.032 0.037 0.036 0.018 0.026 0.04 0.057 0.015 0.096 0.077 0.043 0.021 0.027 0.026 0.143 0.062 0.005 0.018 0.081
181 L 0.051 0.02 0.015 0.017 0.017 0.015 0.019 0.021 0.009 0.21 0.211 0.024 0.038 0.044 0.015 0.026 0.04 0.006 0.021 0.181
182 S 0.141 0.032 0.037 0.036 0.018 0.026 0.04 0.057 0.015 0.096 0.077 0.043 0.021 0.027 0.026 0.143 0.062 0.005 0.018 0.081
183 D 0.053 0.033 0.054 0.234 0.008 0.035 0.128 0.161 0.019 0.021 0.03 0.049 0.01 0.015 0.022 0.052 0.034 0.005 0.012 0.026
184 L 0.04 0.024 0.017 0.016 0.013 0.016 0.022 0.023 0.021 0.083 0.237 0.025 0.035 0.158 0.013 0.026 0.03 0.015 0.115 0.072
185 A 0.128 0.028 0.028 0.028 0.017 0.021 0.033 0.048 0.015 0.074 0.085 0.035 0.022 0.118 0.021 0.093 0.051 0.008 0.036 0.111
186 L 0.048 0.02 0.015 0.017 0.015 0.014 0.02 0.023 0.011 0.155 0.198 0.023 0.035 0.132 0.014 0.027 0.036 0.009 0.038 0.151
187 L 0.043 0.025 0.016 0.016 0.014 0.017 0.022 0.022 0.019 0.096 0.305 0.026 0.041 0.073 0.014 0.026 0.032 0.012 0.098 0.083
188 I 0.049 0.019 0.015 0.017 0.015 0.013 0.019 0.022 0.011 0.197 0.143 0.023 0.032 0.13 0.014 0.027 0.038 0.008 0.037 0.171
189 L 0.058 0.023 0.021 0.02 0.015 0.017 0.022 0.146 0.01 0.102 0.231 0.027 0.035 0.04 0.016 0.033 0.036 0.006 0.019 0.123
190 L 0.058 0.029 0.028 0.026 0.017 0.022 0.029 0.032 0.012 0.083 0.224 0.035 0.034 0.039 0.021 0.058 0.145 0.006 0.02 0.082
191 V 0.063 0.021 0.016 0.018 0.018 0.015 0.022 0.023 0.008 0.192 0.138 0.025 0.032 0.037 0.016 0.03 0.046 0.006 0.02 0.253
192 L 0.108 0.026 0.017 0.019 0.017 0.018 0.025 0.035 0.011 0.096 0.303 0.03 0.041 0.046 0.018 0.039 0.037 0.007 0.021 0.088
193 V 0.058 0.02 0.015 0.017 0.017 0.015 0.02 0.022 0.008 0.222 0.147 0.024 0.034 0.039 0.015 0.029 0.044 0.006 0.02 0.227
194 F 0.046 0.021 0.017 0.017 0.132 0.015 0.02 0.027 0.014 0.067 0.121 0.023 0.06 0.215 0.013 0.031 0.031 0.011 0.053 0.064
195 L 0.044 0.024 0.014 0.015 0.016 0.016 0.02 0.021 0.01 0.114 0.385 0.025 0.049 0.054 0.014 0.024 0.033 0.007 0.022 0.095
196 R 0.052 0.272 0.038 0.031 0.008 0.04 0.045 0.154 0.021 0.022 0.041 0.097 0.014 0.017 0.019 0.046 0.033 0.006 0.016 0.029
197 A 0.301 0.031 0.025 0.029 0.021 0.025 0.04 0.077 0.015 0.043 0.059 0.044 0.017 0.021 0.029 0.084 0.049 0.005 0.017 0.068
198 L 0.115 0.028 0.024 0.024 0.018 0.021 0.03 0.04 0.012 0.081 0.223 0.035 0.034 0.038 0.021 0.056 0.093 0.006 0.02 0.082
199 R 0.044 0.355 0.038 0.031 0.008 0.048 0.052 0.032 0.023 0.023 0.046 0.118 0.015 0.017 0.019 0.044 0.034 0.006 0.017 0.031
200 I 0.051 0.103 0.021 0.021 0.015 0.023 0.027 0.024 0.012 0.187 0.126 0.048 0.03 0.035 0.016 0.031 0.04 0.006 0.02 0.165
201 G 0.085 0.027 0.042 0.037 0.012 0.022 0.032 0.404 0.015 0.021 0.031 0.038 0.011 0.017 0.021 0.096 0.042 0.005 0.012 0.028
202 R 0.05 0.23 0.04 0.036 0.008 0.05 0.061 0.037 0.022 0.025 0.044 0.204 0.015 0.016 0.023 0.048 0.037 0.005 0.017 0.031
203 F 0.112 0.11 0.031 0.028 0.014 0.028 0.037 0.044 0.017 0.045 0.07 0.056 0.019 0.114 0.022 0.061 0.092 0.008 0.035 0.056
204 F 0.04 0.023 0.017 0.017 0.013 0.016 0.021 0.025 0.015 0.084 0.201 0.024 0.068 0.223 0.013 0.027 0.031 0.012 0.055 0.074
205 C 0.057 0.034 0.024 0.025 0.132 0.069 0.042 0.03 0.023 0.069 0.077 0.042 0.021 0.05 0.018 0.04 0.038 0.011 0.095 0.104
206 T 0.073 0.036 0.043 0.038 0.018 0.028 0.039 0.043 0.014 0.053 0.065 0.045 0.02 0.024 0.028 0.093 0.246 0.006 0.018 0.071
207 L 0.043 0.044 0.023 0.023 0.011 0.025 0.034 0.028 0.023 0.062 0.152 0.091 0.027 0.148 0.017 0.033 0.031 0.014 0.114 0.057
208 D 0.044 0.048 0.061 0.315 0.008 0.035 0.085 0.045 0.019 0.023 0.031 0.105 0.011 0.015 0.023 0.052 0.036 0.004 0.013 0.026
209 L 0.111 0.026 0.019 0.022 0.016 0.019 0.029 0.039 0.012 0.074 0.216 0.034 0.031 0.035 0.14 0.044 0.038 0.005 0.018 0.072
210 F 0.045 0.019 0.016 0.017 0.014 0.013 0.019 0.024 0.013 0.142 0.13 0.022 0.029 0.218 0.013 0.027 0.034 0.011 0.054 0.141
211 L 0.045 0.021 0.014 0.016 0.016 0.015 0.019 0.021 0.009 0.198 0.275 0.024 0.043 0.049 0.014 0.024 0.036 0.006 0.021 0.134
212 V 0.052 0.025 0.018 0.018 0.015 0.02 0.024 0.024 0.02 0.146 0.139 0.029 0.065 0.064 0.015 0.031 0.039 0.012 0.098 0.148
213 L 0.063 0.021 0.021 0.02 0.134 0.016 0.021 0.149 0.01 0.085 0.151 0.026 0.026 0.031 0.016 0.037 0.037 0.005 0.016 0.114
214 F 0.037 0.023 0.019 0.018 0.01 0.016 0.023 0.025 0.031 0.053 0.09 0.025 0.022 0.262 0.013 0.028 0.026 0.022 0.208 0.05
215 L 0.047 0.022 0.015 0.016 0.015 0.015 0.02 0.023 0.011 0.113 0.253 0.024 0.038 0.135 0.014 0.026 0.035 0.009 0.038 0.131
216 G 0.067 0.021 0.027 0.025 0.014 0.017 0.023 0.27 0.011 0.12 0.087 0.029 0.021 0.028 0.017 0.04 0.037 0.005 0.015 0.125
217 L 0.041 0.022 0.015 0.016 0.014 0.014 0.02 0.022 0.012 0.097 0.292 0.023 0.041 0.167 0.013 0.024 0.03 0.01 0.044 0.082
218 C 0.058 0.019 0.015 0.016 0.331 0.013 0.017 0.028 0.009 0.068 0.17 0.022 0.027 0.031 0.015 0.035 0.035 0.005 0.015 0.069
219 L 0.05 0.023 0.015 0.016 0.017 0.016 0.021 0.022 0.009 0.126 0.321 0.025 0.044 0.049 0.015 0.026 0.037 0.007 0.022 0.141
220 F 0.053 0.02 0.022 0.021 0.013 0.014 0.021 0.148 0.014 0.076 0.095 0.024 0.023 0.211 0.014 0.033 0.032 0.011 0.051 0.103
221 Y 0.04 0.032 0.098 0.034 0.009 0.024 0.033 0.034 0.042 0.038 0.058 0.036 0.017 0.101 0.017 0.04 0.033 0.022 0.25 0.041
222 L 0.058 0.025 0.017 0.017 0.017 0.019 0.023 0.024 0.01 0.134 0.209 0.028 0.071 0.043 0.016 0.031 0.042 0.006 0.022 0.186
223 L 0.044 0.024 0.014 0.015 0.016 0.016 0.02 0.021 0.01 0.114 0.385 0.025 0.049 0.054 0.014 0.024 0.033 0.007 0.022 0.095
224 L 0.05 0.023 0.015 0.016 0.017 0.016 0.021 0.022 0.009 0.126 0.321 0.025 0.044 0.049 0.015 0.026 0.037 0.007 0.022 0.141
225 T 0.065 0.032 0.036 0.031 0.017 0.024 0.034 0.037 0.013 0.068 0.144 0.04 0.027 0.031 0.024 0.074 0.201 0.006 0.019 0.076
226 G 0.077 0.023 0.039 0.033 0.011 0.019 0.025 0.517 0.013 0.019 0.028 0.033 0.009 0.016 0.019 0.051 0.029 0.005 0.011 0.024
227 E 0.054 0.049 0.04 0.089 0.007 0.064 0.307 0.034 0.025 0.022 0.036 0.074 0.013 0.016 0.025 0.054 0.036 0.005 0.016 0.031
228 R 0.044 0.355 0.038 0.031 0.008 0.048 0.052 0.032 0.023 0.023 0.046 0.118 0.015 0.017 0.019 0.044 0.034 0.006 0.017 0.031
229 D 0.04 0.029 0.068 0.406 0.007 0.029 0.09 0.046 0.018 0.022 0.028 0.044 0.009 0.015 0.022 0.051 0.035 0.004 0.011 0.024
230 I 0.077 0.028 0.034 0.033 0.017 0.023 0.035 0.043 0.014 0.156 0.103 0.038 0.026 0.032 0.022 0.128 0.06 0.005 0.019 0.108
231 L 0.041 0.023 0.015 0.015 0.015 0.015 0.02 0.022 0.012 0.101 0.317 0.023 0.043 0.139 0.013 0.024 0.031 0.009 0.038 0.085
232 F 0.033 0.019 0.017 0.017 0.01 0.01 0.019 0.025 0.017 0.062 0.113 0.019 0.025 0.396 0.01 0.025 0.025 0.017 0.087 0.054
233 R 0.05 0.23 0.04 0.036 0.008 0.05 0.061 0.037 0.022 0.025 0.044 0.204 0.015 0.016 0.023 0.048 0.037 0.005 0.017 0.031
234 L 0.112 0.024 0.018 0.02 0.017 0.017 0.025 0.037 0.012 0.095 0.171 0.028 0.031 0.127 0.017 0.041 0.039 0.009 0.037 0.124
235 L 0.109 0.024 0.017 0.019 0.017 0.018 0.024 0.035 0.011 0.138 0.248 0.029 0.038 0.043 0.018 0.039 0.039 0.006 0.02 0.108
236 F 0.04 0.018 0.016 0.017 0.013 0.012 0.018 0.023 0.013 0.172 0.139 0.021 0.031 0.22 0.012 0.025 0.032 0.011 0.054 0.114
237 G 0.06 0.023 0.026 0.024 0.013 0.017 0.023 0.269 0.012 0.066 0.206 0.029 0.029 0.035 0.016 0.037 0.031 0.006 0.016 0.059
238 F 0.042 0.025 0.018 0.018 0.013 0.019 0.023 0.026 0.016 0.081 0.153 0.027 0.099 0.222 0.013 0.03 0.032 0.012 0.056 0.073
239 L 0.043 0.025 0.016 0.017 0.015 0.018 0.022 0.024 0.013 0.097 0.269 0.026 0.074 0.138 0.014 0.027 0.033 0.01 0.039 0.084
240 L 0.042 0.019 0.015 0.017 0.015 0.013 0.018 0.022 0.011 0.185 0.207 0.023 0.037 0.134 0.013 0.025 0.034 0.009 0.038 0.124
241 L 0.051 0.02 0.015 0.017 0.017 0.015 0.019 0.021 0.009 0.21 0.211 0.024 0.038 0.044 0.015 0.026 0.04 0.006 0.021 0.181
242 F 0.037 0.023 0.019 0.018 0.01 0.016 0.023 0.025 0.031 0.053 0.09 0.025 0.022 0.262 0.013 0.028 0.026 0.022 0.208 0.05
243 F 0.044 0.022 0.018 0.017 0.012 0.015 0.022 0.025 0.022 0.083 0.105 0.023 0.025 0.239 0.013 0.028 0.032 0.017 0.131 0.109
244 D 0.04 0.029 0.068 0.406 0.007 0.029 0.09 0.046 0.018 0.022 0.028 0.044 0.009 0.015 0.022 0.051 0.035 0.004 0.011 0.024
245 R 0.047 0.138 0.035 0.034 0.009 0.084 0.06 0.035 0.022 0.035 0.062 0.129 0.019 0.111 0.02 0.044 0.035 0.008 0.035 0.038
246 R 0.046 0.215 0.042 0.035 0.008 0.046 0.056 0.036 0.108 0.024 0.043 0.143 0.015 0.02 0.021 0.045 0.034 0.006 0.027 0.029
247 G 0.055 0.132 0.111 0.047 0.009 0.038 0.049 0.164 0.022 0.023 0.037 0.123 0.013 0.017 0.021 0.054 0.038 0.005 0.015 0.028
248 R 0.061 0.118 0.11 0.045 0.012 0.035 0.045 0.047 0.022 0.043 0.078 0.065 0.054 0.026 0.021 0.095 0.051 0.006 0.018 0.047
249 F 0.106 0.023 0.02 0.023 0.013 0.017 0.028 0.041 0.015 0.048 0.08 0.03 0.019 0.206 0.138 0.044 0.034 0.01 0.051 0.052
250 G 0.115 0.035 0.179 0.057 0.012 0.028 0.041 0.181 0.022 0.026 0.037 0.046 0.012 0.018 0.022 0.068 0.044 0.005 0.015 0.036
251 F 0.033 0.019 0.017 0.017 0.01 0.01 0.019 0.025 0.017 0.062 0.113 0.019 0.025 0.396 0.01 0.025 0.025 0.017 0.087 0.054
252 F 0.042 0.042 0.022 0.022 0.011 0.022 0.032 0.028 0.016 0.066 0.163 0.088 0.029 0.215 0.016 0.032 0.031 0.011 0.053 0.059
253 R 0.064 0.129 0.037 0.034 0.012 0.037 0.048 0.04 0.018 0.09 0.074 0.121 0.021 0.024 0.023 0.088 0.048 0.005 0.018 0.07
254 L 0.061 0.03 0.025 0.024 0.017 0.025 0.029 0.031 0.013 0.103 0.145 0.035 0.099 0.038 0.019 0.049 0.096 0.007 0.021 0.133
255 L 0.056 0.023 0.015 0.016 0.017 0.016 0.021 0.023 0.009 0.138 0.257 0.025 0.04 0.045 0.015 0.028 0.041 0.006 0.021 0.187
256 F 0.167 0.025 0.021 0.023 0.016 0.018 0.029 0.051 0.016 0.053 0.086 0.031 0.021 0.209 0.02 0.054 0.037 0.011 0.052 0.061
257 L 0.051 0.02 0.015 0.017 0.017 0.015 0.019 0.021 0.009 0.21 0.211 0.024 0.038 0.044 0.015 0.026 0.04 0.006 0.021 0.181
258 F 0.045 0.021 0.016 0.016 0.014 0.013 0.02 0.024 0.013 0.1 0.185 0.022 0.033 0.22 0.013 0.027 0.033 0.011 0.054 0.121
259 G 0.069 0.026 0.03 0.028 0.015 0.02 0.029 0.156 0.013 0.111 0.155 0.034 0.027 0.033 0.019 0.083 0.046 0.006 0.018 0.084
260 A 0.174 0.029 0.021 0.023 0.019 0.024 0.032 0.051 0.014 0.074 0.174 0.037 0.064 0.036 0.022 0.057 0.043 0.006 0.02 0.08
261 L 0.172 0.027 0.02 0.022 0.019 0.021 0.03 0.049 0.012 0.078 0.222 0.034 0.033 0.038 0.022 0.054 0.041 0.006 0.02 0.081
262 V 0.063 0.022 0.016 0.017 0.018 0.016 0.022 0.023 0.009 0.15 0.192 0.026 0.036 0.04 0.016 0.03 0.045 0.006 0.021 0.233
263 F 0.046 0.024 0.023 0.021 0.014 0.016 0.024 0.028 0.014 0.073 0.168 0.027 0.03 0.217 0.016 0.041 0.085 0.012 0.054 0.068
264 V 0.058 0.02 0.015 0.017 0.017 0.015 0.02 0.022 0.008 0.222 0.147 0.024 0.034 0.039 0.015 0.029 0.044 0.006 0.02 0.227
265 V 0.069 0.022 0.016 0.018 0.019 0.016 0.023 0.024 0.008 0.162 0.128 0.026 0.031 0.035 0.016 0.032 0.049 0.005 0.02 0.28
266 P 0.056 0.025 0.023 0.031 0.01 0.02 0.036 0.036 0.013 0.025 0.036 0.041 0.01 0.013 0.501 0.043 0.036 0.003 0.013 0.031
267 L 0.051 0.02 0.015 0.017 0.017 0.015 0.019 0.021 0.009 0.21 0.211 0.024 0.038 0.044 0.015 0.026 0.04 0.006 0.021 0.181
268 S 0.108 0.04 0.053 0.048 0.017 0.033 0.052 0.065 0.019 0.029 0.041 0.053 0.015 0.021 0.029 0.231 0.081 0.005 0.017 0.041
269 Q 0.055 0.072 0.043 0.046 0.009 0.226 0.101 0.041 0.029 0.026 0.046 0.09 0.02 0.014 0.023 0.055 0.041 0.006 0.02 0.035
270 Y 0.05 0.025 0.024 0.021 0.011 0.019 0.025 0.147 0.029 0.055 0.137 0.03 0.024 0.082 0.016 0.034 0.029 0.017 0.172 0.053
271 F 0.036 0.02 0.016 0.016 0.012 0.012 0.019 0.024 0.015 0.075 0.181 0.02 0.031 0.31 0.011 0.025 0.027 0.014 0.071 0.064
272 K 0.056 0.106 0.041 0.041 0.008 0.053 0.07 0.043 0.02 0.027 0.043 0.289 0.015 0.015 0.027 0.053 0.039 0.005 0.017 0.032
273 G 0.149 0.033 0.043 0.04 0.017 0.027 0.042 0.181 0.016 0.03 0.042 0.046 0.014 0.02 0.027 0.149 0.06 0.005 0.016 0.044
274 V 0.127 0.024 0.018 0.02 0.02 0.018 0.027 0.038 0.01 0.132 0.111 0.03 0.028 0.032 0.02 0.045 0.049 0.005 0.02 0.227
275 L 0.041 0.023 0.015 0.015 0.015 0.015 0.02 0.022 0.012 0.101 0.317 0.023 0.043 0.139 0.013 0.024 0.031 0.009 0.038 0.085
276 L 0.044 0.024 0.014 0.015 0.016 0.016 0.02 0.021 0.01 0.114 0.385 0.025 0.049 0.054 0.014 0.024 0.033 0.007 0.022 0.095
277 S 0.108 0.04 0.053 0.048 0.017 0.033 0.052 0.065 0.019 0.029 0.041 0.053 0.015 0.021 0.029 0.231 0.081 0.005 0.017 0.041
278 G 0.077 0.023 0.039 0.033 0.011 0.019 0.025 0.517 0.013 0.019 0.028 0.033 0.009 0.016 0.019 0.051 0.029 0.005 0.011 0.024
279 D 0.126 0.037 0.047 0.143 0.013 0.038 0.122 0.056 0.019 0.029 0.041 0.054 0.014 0.018 0.027 0.105 0.05 0.005 0.015 0.041
280 V 0.058 0.02 0.015 0.017 0.017 0.015 0.02 0.022 0.008 0.222 0.147 0.024 0.034 0.039 0.015 0.029 0.044 0.006 0.02 0.227
281 G 0.115 0.032 0.115 0.138 0.012 0.027 0.051 0.176 0.019 0.026 0.036 0.044 0.012 0.017 0.022 0.064 0.04 0.005 0.014 0.036
282 F 0.042 0.019 0.017 0.017 0.013 0.012 0.02 0.025 0.015 0.087 0.116 0.02 0.027 0.306 0.012 0.027 0.031 0.014 0.071 0.111
283 D 0.113 0.028 0.044 0.215 0.014 0.025 0.061 0.048 0.015 0.062 0.061 0.039 0.017 0.021 0.022 0.055 0.042 0.005 0.015 0.099
284 R 0.055 0.201 0.04 0.035 0.009 0.085 0.057 0.156 0.022 0.023 0.041 0.09 0.015 0.016 0.02 0.048 0.035 0.006 0.016 0.03
285 L 0.047 0.027 0.035 0.119 0.013 0.021 0.042 0.034 0.015 0.063 0.147 0.033 0.026 0.122 0.018 0.048 0.088 0.008 0.035 0.061
286 G 0.068 0.024 0.046 0.126 0.01 0.021 0.041 0.399 0.015 0.019 0.028 0.036 0.009 0.016 0.019 0.051 0.031 0.005 0.011 0.024
287 L 0.049 0.023 0.02 0.02 0.013 0.016 0.022 0.147 0.012 0.069 0.212 0.026 0.03 0.046 0.014 0.03 0.029 0.13 0.03 0.061
288 D 0.061 0.037 0.057 0.237 0.01 0.039 0.135 0.048 0.02 0.024 0.033 0.054 0.012 0.017 0.025 0.097 0.047 0.004 0.014 0.03
289 L 0.044 0.024 0.014 0.015 0.016 0.016 0.02 0.021 0.01 0.114 0.385 0.025 0.049 0.054 0.014 0.024 0.033 0.007 0.022 0.095
290 L 0.051 0.02 0.015 0.017 0.017 0.015 0.019 0.021 0.009 0.21 0.211 0.024 0.038 0.044 0.015 0.026 0.04 0.006 0.021 0.181
291 L 0.041 0.023 0.015 0.015 0.015 0.015 0.02 0.022 0.012 0.101 0.317 0.023 0.043 0.139 0.013 0.024 0.031 0.009 0.038 0.085
292 Y 0.074 0.034 0.037 0.033 0.013 0.027 0.04 0.045 0.032 0.036 0.054 0.042 0.017 0.075 0.022 0.131 0.054 0.016 0.173 0.044
293 N 0.075 0.042 0.19 0.065 0.013 0.033 0.05 0.065 0.025 0.026 0.036 0.053 0.013 0.019 0.025 0.15 0.065 0.005 0.016 0.034
294 E 0.054 0.049 0.04 0.089 0.007 0.064 0.307 0.034 0.025 0.022 0.036 0.074 0.013 0.016 0.025 0.054 0.036 0.005 0.016 0.031
295 F 0.033 0.019 0.017 0.017 0.01 0.01 0.019 0.025 0.017 0.062 0.113 0.019 0.025 0.396 0.01 0.025 0.025 0.017 0.087 0.054
296 L 0.055 0.026 0.018 0.019 0.017 0.021 0.024 0.025 0.012 0.16 0.17 0.03 0.103 0.043 0.016 0.032 0.042 0.007 0.022 0.159
297 S 0.108 0.04 0.053 0.048 0.017 0.033 0.052 0.065 0.019 0.029 0.041 0.053 0.015 0.021 0.029 0.231 0.081 0.005 0.017 0.041
298 A 0.253 0.033 0.032 0.034 0.02 0.027 0.043 0.074 0.016 0.039 0.054 0.046 0.017 0.021 0.029 0.121 0.057 0.005 0.017 0.061
299 G 0.093 0.031 0.046 0.041 0.014 0.026 0.038 0.291 0.016 0.024 0.035 0.043 0.012 0.018 0.024 0.141 0.055 0.005 0.014 0.033
300 R 0.047 0.284 0.04 0.035 0.008 0.092 0.064 0.034 0.024 0.024 0.046 0.111 0.017 0.016 0.02 0.047 0.036 0.006 0.018 0.032
301 N 0.042 0.044 0.327 0.082 0.009 0.033 0.049 0.064 0.031 0.022 0.031 0.053 0.011 0.018 0.02 0.069 0.049 0.004 0.015 0.027
302 L 0.039 0.021 0.015 0.016 0.013 0.013 0.019 0.023 0.013 0.088 0.249 0.022 0.037 0.225 0.012 0.024 0.029 0.012 0.055 0.074
303 Y 0.04 0.028 0.021 0.018 0.009 0.021 0.028 0.025 0.046 0.043 0.067 0.031 0.018 0.129 0.015 0.031 0.028 0.028 0.328 0.046
304 S 0.108 0.04 0.053 0.048 0.017 0.033 0.052 0.065 0.019 0.029 0.041 0.053 0.015 0.021 0.029 0.231 0.081 0.005 0.017 0.041
305 L 0.044 0.024 0.014 0.015 0.016 0.016 0.02 0.021 0.01 0.114 0.385 0.025 0.049 0.054 0.014 0.024 0.033 0.007 0.022 0.095
306 L 0.046 0.024 0.016 0.017 0.016 0.018 0.021 0.022 0.011 0.152 0.282 0.027 0.077 0.05 0.015 0.027 0.036 0.007 0.022 0.114
307 Y 0.046 0.024 0.019 0.018 0.012 0.017 0.024 0.025 0.029 0.078 0.094 0.026 0.023 0.172 0.014 0.03 0.032 0.019 0.191 0.106
308 F 0.035 0.021 0.018 0.017 0.01 0.013 0.021 0.025 0.024 0.058 0.101 0.022 0.023 0.329 0.012 0.026 0.026 0.019 0.148 0.052
309 G 0.068 0.024 0.046 0.126 0.01 0.021 0.041 0.399 0.015 0.019 0.028 0.036 0.009 0.016 0.019 0.051 0.031 0.005 0.011 0.024
310 V 0.127 0.024 0.018 0.02 0.02 0.018 0.027 0.038 0.01 0.132 0.111 0.03 0.028 0.032 0.02 0.045 0.049 0.005 0.02 0.227
311 D 0.057 0.032 0.064 0.317 0.01 0.03 0.08 0.051 0.019 0.024 0.031 0.046 0.011 0.016 0.024 0.096 0.046 0.004 0.013 0.028
312 Q 0.048 0.059 0.117 0.053 0.008 0.131 0.076 0.046 0.113 0.024 0.04 0.069 0.017 0.019 0.021 0.055 0.039 0.006 0.028 0.03
313 D 0.075 0.038 0.125 0.146 0.013 0.032 0.06 0.06 0.022 0.026 0.035 0.051 0.013 0.018 0.025 0.146 0.061 0.005 0.015 0.033
314 I 0.049 0.019 0.015 0.017 0.015 0.013 0.019 0.022 0.011 0.197 0.143 0.023 0.032 0.13 0.014 0.027 0.038 0.008 0.037 0.171
315 S 0.092 0.036 0.043 0.04 0.017 0.029 0.044 0.054 0.017 0.05 0.127 0.046 0.024 0.029 0.025 0.18 0.069 0.006 0.018 0.055
316 F 0.033 0.019 0.017 0.017 0.01 0.01 0.019 0.025 0.017 0.062 0.113 0.019 0.025 0.396 0.01 0.025 0.025 0.017 0.087 0.054
317 L 0.051 0.022 0.015 0.016 0.017 0.015 0.02 0.022 0.009 0.168 0.266 0.025 0.041 0.047 0.015 0.026 0.038 0.006 0.021 0.161
318 F 0.036 0.02 0.016 0.016 0.012 0.012 0.019 0.024 0.015 0.075 0.181 0.02 0.031 0.31 0.011 0.025 0.027 0.014 0.071 0.064
319 S 0.083 0.04 0.119 0.054 0.015 0.031 0.048 0.059 0.021 0.033 0.044 0.051 0.015 0.021 0.026 0.156 0.117 0.005 0.017 0.045
