#Seq2Logo.py -f /work3/idamei/ssn-clusterings/2206011120/clusters/0055_18/sequences.afa -m 0.0001 -b 50 -o /work3/idamei/ssn-clusterings/2206011120/clusters/0055_18/sequences.logo
#Position Specific Frequency Matrix
A R N D C Q E G H I L K M F P S T W Y V
0 L 0.052 0.032 0.02 0.02 0.016 0.028 0.028 0.028 0.016 0.1 0.197 0.036 0.162 0.048 0.016 0.036 0.04 0.008 0.024 0.092
1 M 0.034 0.021 0.013 0.013 0.011 0.018 0.018 0.018 0.011 0.066 0.129 0.024 0.448 0.032 0.011 0.024 0.026 0.005 0.016 0.061
2 G 0.078 0.023 0.039 0.034 0.011 0.019 0.026 0.51 0.013 0.019 0.028 0.034 0.009 0.016 0.019 0.051 0.03 0.005 0.011 0.024
3 K 0.038 0.068 0.083 0.027 0.031 0.027 0.036 0.052 0.014 0.059 0.037 0.305 0.011 0.016 0.016 0.051 0.045 0.004 0.031 0.048
4 I 0.053 0.057 0.034 0.016 0.01 0.03 0.019 0.02 0.008 0.297 0.13 0.025 0.021 0.046 0.011 0.056 0.028 0.004 0.015 0.119
5 A 0.278 0.032 0.026 0.03 0.022 0.026 0.041 0.08 0.015 0.044 0.06 0.045 0.018 0.022 0.03 0.086 0.051 0.005 0.018 0.07
6 D 0.042 0.03 0.07 0.387 0.008 0.03 0.093 0.047 0.019 0.023 0.028 0.046 0.009 0.015 0.023 0.053 0.036 0.004 0.011 0.025
7 G 0.08 0.023 0.04 0.034 0.011 0.019 0.026 0.502 0.014 0.019 0.029 0.034 0.01 0.016 0.019 0.052 0.03 0.005 0.011 0.025
8 L 0.045 0.025 0.014 0.015 0.016 0.016 0.021 0.022 0.01 0.117 0.365 0.026 0.05 0.056 0.014 0.025 0.034 0.007 0.023 0.098
9 I 0.048 0.018 0.015 0.018 0.016 0.014 0.018 0.021 0.009 0.258 0.171 0.024 0.037 0.045 0.015 0.025 0.04 0.006 0.021 0.18
10 S 0.112 0.041 0.055 0.05 0.018 0.034 0.053 0.067 0.02 0.03 0.043 0.055 0.016 0.021 0.03 0.206 0.083 0.005 0.018 0.043
11 R 0.045 0.334 0.039 0.032 0.008 0.049 0.053 0.033 0.024 0.024 0.047 0.122 0.016 0.018 0.02 0.045 0.036 0.006 0.018 0.032
12 V 0.071 0.022 0.017 0.018 0.02 0.017 0.024 0.025 0.008 0.167 0.133 0.027 0.032 0.036 0.017 0.033 0.05 0.006 0.021 0.256
13 Q 0.057 0.075 0.045 0.048 0.009 0.201 0.105 0.042 0.03 0.027 0.048 0.093 0.021 0.015 0.024 0.057 0.042 0.006 0.021 0.036
14 P 0.058 0.026 0.024 0.032 0.01 0.021 0.037 0.037 0.013 0.026 0.037 0.042 0.01 0.013 0.485 0.045 0.037 0.003 0.013 0.032
15 A 0.278 0.032 0.026 0.03 0.022 0.026 0.041 0.08 0.015 0.044 0.06 0.045 0.018 0.022 0.03 0.086 0.051 0.005 0.018 0.07
16 V 0.071 0.022 0.017 0.018 0.02 0.017 0.024 0.025 0.008 0.167 0.133 0.027 0.032 0.036 0.017 0.033 0.05 0.006 0.021 0.256
17 T 0.074 0.036 0.044 0.038 0.018 0.028 0.04 0.044 0.014 0.054 0.066 0.046 0.02 0.024 0.028 0.094 0.233 0.006 0.018 0.072
18 A 0.278 0.032 0.026 0.03 0.022 0.026 0.041 0.08 0.015 0.044 0.06 0.045 0.018 0.022 0.03 0.086 0.051 0.005 0.018 0.07
19 L 0.045 0.025 0.014 0.015 0.016 0.016 0.021 0.022 0.01 0.117 0.365 0.026 0.05 0.056 0.014 0.025 0.034 0.007 0.023 0.098
20 K 0.057 0.107 0.041 0.041 0.009 0.053 0.071 0.043 0.021 0.028 0.043 0.28 0.015 0.015 0.028 0.053 0.04 0.005 0.017 0.033
21 F 0.045 0.063 0.029 0.029 0.01 0.032 0.045 0.034 0.019 0.045 0.078 0.15 0.02 0.202 0.019 0.039 0.032 0.011 0.053 0.044
22 K 0.04 0.116 0.043 0.022 0.008 0.022 0.029 0.075 0.011 0.04 0.124 0.157 0.015 0.039 0.014 0.067 0.074 0.004 0.014 0.086
23 N 0.044 0.046 0.304 0.085 0.009 0.034 0.05 0.066 0.032 0.023 0.032 0.055 0.011 0.018 0.021 0.071 0.05 0.005 0.016 0.028
24 L 0.045 0.025 0.014 0.015 0.017 0.017 0.021 0.022 0.01 0.118 0.364 0.026 0.051 0.056 0.014 0.025 0.034 0.007 0.023 0.098
25 I 0.036 0.018 0.017 0.04 0.01 0.014 0.049 0.032 0.008 0.278 0.121 0.041 0.02 0.035 0.037 0.043 0.082 0.004 0.013 0.102
26 R 0.051 0.224 0.04 0.037 0.008 0.051 0.062 0.038 0.022 0.026 0.045 0.197 0.016 0.017 0.024 0.049 0.038 0.006 0.017 0.032
27 T 0.063 0.034 0.032 0.029 0.017 0.028 0.034 0.036 0.015 0.077 0.132 0.041 0.087 0.036 0.022 0.065 0.141 0.007 0.021 0.082
28 K 0.064 0.065 0.029 0.03 0.014 0.035 0.047 0.034 0.015 0.097 0.087 0.15 0.024 0.026 0.022 0.044 0.045 0.005 0.019 0.148
29 L 0.058 0.023 0.015 0.017 0.018 0.016 0.022 0.023 0.009 0.141 0.251 0.026 0.041 0.046 0.015 0.029 0.042 0.006 0.022 0.18
30 K 0.035 0.093 0.069 0.074 0.006 0.123 0.045 0.053 0.015 0.04 0.054 0.228 0.012 0.015 0.015 0.034 0.026 0.004 0.033 0.027
31 F 0.034 0.019 0.017 0.017 0.011 0.011 0.019 0.026 0.017 0.065 0.116 0.019 0.026 0.375 0.011 0.026 0.026 0.017 0.09 0.056
32 F 0.034 0.019 0.017 0.017 0.011 0.011 0.019 0.026 0.017 0.065 0.116 0.019 0.026 0.375 0.011 0.026 0.026 0.017 0.09 0.056
33 D 0.042 0.03 0.07 0.386 0.008 0.03 0.093 0.047 0.019 0.023 0.029 0.046 0.009 0.015 0.023 0.053 0.036 0.004 0.011 0.025
34 K 0.058 0.109 0.042 0.042 0.009 0.055 0.072 0.044 0.021 0.028 0.044 0.264 0.016 0.016 0.028 0.055 0.04 0.005 0.018 0.033
35 K 0.058 0.109 0.042 0.042 0.009 0.055 0.072 0.044 0.021 0.028 0.044 0.264 0.016 0.016 0.028 0.055 0.04 0.005 0.018 0.033
36 N 0.044 0.046 0.304 0.085 0.009 0.034 0.05 0.066 0.032 0.023 0.032 0.055 0.011 0.018 0.021 0.071 0.05 0.005 0.016 0.028
37 V 0.071 0.022 0.017 0.018 0.02 0.017 0.024 0.025 0.008 0.168 0.133 0.027 0.032 0.036 0.017 0.034 0.05 0.006 0.021 0.255
38 Q 0.057 0.075 0.045 0.048 0.009 0.2 0.105 0.042 0.03 0.027 0.048 0.093 0.021 0.015 0.024 0.057 0.042 0.006 0.021 0.036
39 T 0.074 0.036 0.044 0.038 0.018 0.028 0.04 0.044 0.014 0.054 0.066 0.046 0.02 0.024 0.028 0.094 0.232 0.006 0.018 0.072
40 G 0.08 0.023 0.04 0.034 0.011 0.019 0.026 0.501 0.014 0.019 0.029 0.034 0.01 0.017 0.019 0.052 0.03 0.006 0.011 0.025
41 V 0.071 0.022 0.017 0.018 0.02 0.017 0.024 0.025 0.008 0.168 0.133 0.027 0.032 0.036 0.017 0.034 0.05 0.006 0.021 0.255
42 F 0.034 0.019 0.017 0.017 0.011 0.011 0.019 0.026 0.017 0.065 0.116 0.019 0.026 0.375 0.011 0.026 0.026 0.017 0.09 0.056
43 K 0.035 0.169 0.045 0.024 0.007 0.045 0.036 0.026 0.013 0.053 0.051 0.219 0.029 0.016 0.015 0.051 0.064 0.057 0.015 0.032
44 Y 0.04 0.028 0.022 0.019 0.009 0.022 0.028 0.025 0.047 0.044 0.068 0.031 0.019 0.131 0.016 0.031 0.028 0.028 0.318 0.047
45 K 0.057 0.107 0.041 0.041 0.009 0.053 0.071 0.043 0.021 0.028 0.043 0.28 0.015 0.015 0.028 0.053 0.04 0.005 0.017 0.033
46 G 0.063 0.02 0.027 0.026 0.013 0.016 0.022 0.266 0.011 0.146 0.098 0.029 0.023 0.03 0.017 0.038 0.035 0.006 0.016 0.1
47 R 0.044 0.347 0.039 0.031 0.008 0.048 0.052 0.033 0.023 0.023 0.046 0.12 0.015 0.017 0.019 0.044 0.035 0.006 0.017 0.031
48 L 0.059 0.03 0.029 0.026 0.017 0.022 0.03 0.032 0.012 0.084 0.221 0.035 0.035 0.039 0.021 0.058 0.141 0.006 0.02 0.083
49 D 0.049 0.055 0.043 0.157 0.01 0.036 0.062 0.038 0.018 0.049 0.087 0.124 0.068 0.026 0.022 0.046 0.038 0.006 0.017 0.049
50 L 0.045 0.039 0.03 0.028 0.012 0.078 0.047 0.029 0.107 0.115 0.161 0.045 0.029 0.035 0.017 0.035 0.034 0.006 0.029 0.079
51 L 0.035 0.03 0.064 0.036 0.009 0.016 0.042 0.022 0.011 0.162 0.192 0.065 0.02 0.028 0.037 0.052 0.045 0.005 0.054 0.076
52 S 0.048 0.054 0.129 0.033 0.009 0.024 0.053 0.035 0.014 0.041 0.036 0.12 0.027 0.021 0.042 0.188 0.082 0.004 0.012 0.031
53 L 0.045 0.025 0.014 0.015 0.016 0.016 0.021 0.022 0.01 0.117 0.365 0.026 0.05 0.056 0.014 0.025 0.034 0.007 0.023 0.098
54 R 0.045 0.334 0.039 0.032 0.008 0.049 0.053 0.033 0.024 0.024 0.047 0.122 0.016 0.018 0.02 0.045 0.036 0.006 0.018 0.032
55 Q 0.057 0.075 0.045 0.048 0.009 0.201 0.105 0.042 0.03 0.027 0.048 0.093 0.021 0.015 0.024 0.057 0.042 0.006 0.021 0.036
56 W 0.031 0.023 0.015 0.015 0.008 0.015 0.023 0.031 0.015 0.031 0.054 0.023 0.015 0.062 0.008 0.023 0.023 0.484 0.069 0.031
57 L 0.045 0.025 0.014 0.015 0.016 0.016 0.021 0.022 0.01 0.117 0.365 0.026 0.05 0.056 0.014 0.025 0.034 0.007 0.023 0.098
58 N 0.043 0.046 0.305 0.085 0.009 0.034 0.05 0.066 0.032 0.023 0.032 0.055 0.011 0.018 0.021 0.071 0.05 0.005 0.016 0.027
59 P 0.058 0.026 0.024 0.032 0.01 0.021 0.037 0.037 0.013 0.026 0.037 0.042 0.01 0.013 0.485 0.045 0.037 0.003 0.013 0.032
60 W 0.031 0.023 0.015 0.015 0.008 0.015 0.023 0.031 0.015 0.031 0.054 0.023 0.015 0.062 0.008 0.023 0.023 0.484 0.069 0.031
61 F 0.034 0.019 0.017 0.017 0.011 0.011 0.019 0.026 0.017 0.065 0.116 0.019 0.026 0.376 0.011 0.026 0.026 0.017 0.09 0.056
62 L 0.055 0.017 0.019 0.083 0.01 0.014 0.022 0.072 0.009 0.12 0.237 0.022 0.037 0.049 0.012 0.061 0.062 0.005 0.035 0.059
63 N 0.051 0.049 0.148 0.077 0.007 0.038 0.034 0.096 0.035 0.017 0.024 0.072 0.008 0.011 0.14 0.123 0.032 0.003 0.011 0.021
64 E 0.032 0.028 0.073 0.243 0.005 0.048 0.275 0.027 0.037 0.017 0.044 0.04 0.009 0.012 0.015 0.035 0.024 0.003 0.011 0.02
65 L 0.031 0.061 0.013 0.013 0.009 0.014 0.018 0.017 0.01 0.155 0.209 0.06 0.032 0.117 0.01 0.021 0.038 0.031 0.042 0.096
66 L 0.049 0.015 0.01 0.011 0.011 0.01 0.013 0.016 0.007 0.192 0.379 0.017 0.028 0.076 0.01 0.018 0.024 0.005 0.018 0.093
67 F 0.087 0.016 0.014 0.013 0.009 0.011 0.016 0.047 0.013 0.045 0.122 0.018 0.017 0.296 0.01 0.041 0.022 0.01 0.116 0.076
68 F 0.026 0.016 0.013 0.012 0.032 0.028 0.017 0.017 0.017 0.066 0.112 0.018 0.017 0.266 0.009 0.019 0.019 0.037 0.217 0.041
69 L 0.091 0.016 0.014 0.015 0.047 0.012 0.017 0.023 0.008 0.156 0.189 0.02 0.037 0.078 0.012 0.082 0.03 0.005 0.017 0.132
70 A 0.334 0.021 0.022 0.022 0.012 0.017 0.027 0.117 0.01 0.027 0.035 0.029 0.011 0.014 0.042 0.156 0.036 0.003 0.011 0.054
71 Y 0.028 0.017 0.012 0.011 0.008 0.012 0.016 0.015 0.018 0.069 0.273 0.018 0.021 0.08 0.01 0.018 0.02 0.011 0.276 0.065
72 G 0.109 0.016 0.02 0.018 0.034 0.013 0.018 0.283 0.008 0.081 0.085 0.022 0.013 0.038 0.013 0.051 0.068 0.004 0.012 0.093
73 L 0.052 0.015 0.012 0.012 0.011 0.011 0.014 0.017 0.007 0.259 0.278 0.018 0.027 0.029 0.011 0.037 0.044 0.004 0.014 0.127
74 Y 0.025 0.016 0.013 0.012 0.007 0.011 0.016 0.016 0.022 0.035 0.076 0.017 0.014 0.272 0.009 0.019 0.018 0.039 0.332 0.033
75 L 0.029 0.015 0.009 0.01 0.01 0.01 0.013 0.014 0.007 0.157 0.484 0.016 0.03 0.055 0.009 0.016 0.022 0.005 0.016 0.071
76 V 0.075 0.016 0.015 0.015 0.01 0.012 0.017 0.07 0.008 0.124 0.149 0.019 0.035 0.132 0.011 0.059 0.05 0.005 0.021 0.157
77 F 0.11 0.037 0.015 0.015 0.01 0.013 0.018 0.024 0.01 0.149 0.075 0.022 0.052 0.153 0.012 0.061 0.045 0.006 0.043 0.13
78 S 0.11 0.023 0.087 0.029 0.01 0.019 0.028 0.135 0.012 0.025 0.07 0.031 0.011 0.015 0.017 0.242 0.092 0.004 0.011 0.031
79 L 0.031 0.014 0.01 0.011 0.01 0.01 0.013 0.014 0.007 0.249 0.294 0.016 0.058 0.074 0.009 0.017 0.024 0.005 0.017 0.115
80 L 0.03 0.016 0.01 0.011 0.01 0.011 0.014 0.039 0.007 0.085 0.496 0.017 0.045 0.038 0.009 0.017 0.022 0.029 0.016 0.078
81 S 0.071 0.048 0.137 0.05 0.009 0.039 0.035 0.063 0.014 0.038 0.031 0.054 0.018 0.014 0.017 0.269 0.05 0.003 0.011 0.029
82 T 0.064 0.042 0.064 0.024 0.011 0.017 0.025 0.029 0.01 0.082 0.049 0.03 0.014 0.038 0.016 0.082 0.315 0.004 0.013 0.072
83 S 0.062 0.025 0.033 0.029 0.011 0.02 0.031 0.037 0.011 0.025 0.033 0.033 0.011 0.014 0.019 0.323 0.232 0.004 0.011 0.035
84 F 0.024 0.013 0.011 0.011 0.007 0.007 0.013 0.016 0.01 0.047 0.127 0.013 0.018 0.522 0.007 0.017 0.018 0.01 0.052 0.057
85 Y 0.026 0.017 0.013 0.012 0.007 0.013 0.017 0.016 0.025 0.035 0.093 0.019 0.031 0.156 0.01 0.02 0.019 0.016 0.421 0.035
86 Y 0.154 0.019 0.018 0.017 0.01 0.015 0.022 0.053 0.018 0.054 0.047 0.024 0.013 0.066 0.014 0.099 0.028 0.01 0.235 0.085
87 K 0.065 0.109 0.026 0.048 0.007 0.125 0.071 0.076 0.014 0.037 0.033 0.208 0.011 0.033 0.016 0.051 0.026 0.004 0.013 0.026
88 Y 0.028 0.019 0.017 0.036 0.006 0.032 0.022 0.018 0.047 0.03 0.066 0.022 0.013 0.133 0.011 0.039 0.02 0.015 0.396 0.031
89 I 0.031 0.014 0.012 0.012 0.009 0.01 0.014 0.016 0.011 0.205 0.117 0.017 0.02 0.186 0.01 0.021 0.059 0.008 0.105 0.123
90 P 0.063 0.021 0.056 0.07 0.009 0.019 0.065 0.078 0.011 0.046 0.043 0.029 0.059 0.036 0.16 0.139 0.032 0.003 0.012 0.049
91 G 0.047 0.025 0.047 0.09 0.007 0.017 0.045 0.398 0.01 0.028 0.025 0.055 0.008 0.012 0.024 0.084 0.025 0.003 0.008 0.039
92 I 0.096 0.09 0.041 0.02 0.009 0.019 0.027 0.052 0.012 0.102 0.095 0.082 0.023 0.047 0.014 0.052 0.088 0.005 0.057 0.07
93 L 0.057 0.019 0.015 0.016 0.011 0.014 0.019 0.021 0.008 0.113 0.204 0.04 0.037 0.057 0.087 0.029 0.097 0.004 0.016 0.136
94 Y 0.031 0.018 0.038 0.016 0.032 0.014 0.02 0.045 0.087 0.037 0.054 0.02 0.03 0.177 0.01 0.042 0.022 0.011 0.218 0.077
95 K 0.037 0.065 0.083 0.027 0.007 0.042 0.035 0.028 0.056 0.061 0.044 0.212 0.044 0.031 0.015 0.068 0.063 0.005 0.045 0.033
96 L 0.134 0.017 0.015 0.015 0.01 0.013 0.018 0.074 0.01 0.15 0.165 0.021 0.018 0.04 0.012 0.062 0.044 0.054 0.056 0.07
97 I 0.124 0.015 0.013 0.014 0.011 0.012 0.016 0.071 0.008 0.187 0.141 0.019 0.027 0.069 0.012 0.027 0.044 0.005 0.036 0.148
98 L 0.034 0.066 0.037 0.018 0.033 0.052 0.025 0.021 0.01 0.147 0.183 0.084 0.068 0.037 0.012 0.043 0.053 0.004 0.014 0.06
99 L 0.081 0.015 0.012 0.012 0.01 0.011 0.015 0.043 0.01 0.164 0.203 0.018 0.045 0.083 0.011 0.022 0.025 0.006 0.077 0.134
100 L 0.11 0.016 0.014 0.015 0.011 0.012 0.017 0.037 0.008 0.148 0.197 0.02 0.026 0.087 0.012 0.046 0.085 0.005 0.018 0.114
101 C 0.108 0.018 0.021 0.02 0.277 0.014 0.022 0.032 0.009 0.048 0.047 0.024 0.012 0.015 0.015 0.197 0.054 0.003 0.01 0.056
102 V 0.037 0.014 0.01 0.011 0.011 0.01 0.014 0.015 0.006 0.207 0.239 0.016 0.025 0.035 0.01 0.018 0.027 0.004 0.014 0.275
103 L 0.056 0.016 0.015 0.015 0.034 0.012 0.016 0.094 0.009 0.093 0.259 0.019 0.026 0.114 0.011 0.073 0.025 0.006 0.039 0.068
104 L 0.049 0.016 0.01 0.011 0.035 0.011 0.014 0.016 0.007 0.106 0.468 0.017 0.045 0.045 0.01 0.018 0.023 0.005 0.015 0.082
105 L 0.03 0.015 0.009 0.01 0.011 0.011 0.013 0.014 0.007 0.138 0.49 0.017 0.048 0.034 0.009 0.016 0.023 0.004 0.014 0.086
106 V 0.054 0.015 0.012 0.013 0.011 0.011 0.015 0.018 0.008 0.137 0.185 0.018 0.053 0.136 0.01 0.046 0.027 0.005 0.022 0.204
107 L 0.053 0.014 0.012 0.012 0.034 0.01 0.014 0.041 0.007 0.186 0.205 0.017 0.022 0.095 0.01 0.022 0.045 0.005 0.018 0.179
108 K 0.053 0.141 0.101 0.028 0.006 0.026 0.051 0.075 0.056 0.021 0.031 0.176 0.01 0.039 0.014 0.049 0.026 0.005 0.053 0.04
109 E 0.035 0.032 0.064 0.058 0.005 0.04 0.507 0.024 0.017 0.014 0.024 0.048 0.008 0.011 0.016 0.037 0.024 0.004 0.011 0.02
110 L 0.036 0.014 0.01 0.011 0.033 0.01 0.013 0.016 0.008 0.178 0.281 0.016 0.025 0.116 0.009 0.025 0.024 0.031 0.041 0.1
111 I 0.034 0.038 0.034 0.016 0.01 0.014 0.018 0.019 0.01 0.181 0.176 0.04 0.067 0.08 0.011 0.055 0.044 0.005 0.046 0.102
112 I 0.048 0.018 0.015 0.018 0.017 0.014 0.018 0.021 0.009 0.257 0.171 0.024 0.037 0.045 0.015 0.025 0.041 0.006 0.021 0.18
113 K 0.077 0.03 0.082 0.058 0.058 0.021 0.069 0.047 0.048 0.03 0.058 0.105 0.012 0.059 0.015 0.08 0.074 0.004 0.016 0.058
114 G 0.08 0.023 0.04 0.034 0.011 0.019 0.026 0.502 0.014 0.019 0.029 0.034 0.01 0.016 0.019 0.052 0.03 0.005 0.011 0.025
115 G 0.07 0.09 0.099 0.028 0.032 0.053 0.057 0.11 0.013 0.028 0.093 0.037 0.013 0.064 0.014 0.1 0.046 0.004 0.015 0.038
116 P 0.058 0.026 0.024 0.031 0.01 0.021 0.037 0.037 0.013 0.026 0.037 0.042 0.01 0.013 0.487 0.044 0.037 0.003 0.013 0.031
117 K 0.037 0.136 0.046 0.03 0.006 0.046 0.092 0.05 0.015 0.021 0.032 0.258 0.01 0.035 0.016 0.065 0.027 0.004 0.032 0.04
118 Y 0.047 0.022 0.023 0.014 0.008 0.014 0.019 0.043 0.017 0.041 0.127 0.073 0.047 0.184 0.011 0.023 0.021 0.01 0.202 0.054
119 T 0.042 0.026 0.131 0.115 0.009 0.02 0.051 0.067 0.012 0.044 0.053 0.066 0.011 0.014 0.016 0.113 0.146 0.003 0.011 0.049
120 L 0.069 0.12 0.017 0.016 0.009 0.017 0.022 0.022 0.012 0.092 0.162 0.066 0.018 0.118 0.012 0.053 0.042 0.006 0.065 0.063
121 K 0.058 0.109 0.042 0.042 0.009 0.054 0.072 0.044 0.021 0.028 0.044 0.266 0.016 0.016 0.028 0.054 0.04 0.005 0.018 0.033
122 R 0.035 0.275 0.045 0.027 0.006 0.056 0.065 0.061 0.015 0.016 0.028 0.227 0.01 0.011 0.015 0.049 0.025 0.004 0.011 0.021
123 T 0.119 0.029 0.037 0.061 0.01 0.054 0.059 0.056 0.032 0.026 0.034 0.077 0.011 0.014 0.017 0.094 0.188 0.027 0.013 0.042
124 L 0.039 0.016 0.012 0.012 0.009 0.027 0.016 0.041 0.009 0.083 0.223 0.017 0.021 0.175 0.009 0.019 0.022 0.078 0.047 0.127
125 I 0.053 0.015 0.013 0.015 0.01 0.012 0.034 0.042 0.008 0.17 0.121 0.019 0.034 0.127 0.034 0.039 0.043 0.029 0.022 0.158
126 G 0.135 0.021 0.04 0.023 0.01 0.017 0.042 0.137 0.01 0.099 0.082 0.044 0.013 0.018 0.038 0.123 0.048 0.027 0.012 0.061
127 L 0.091 0.015 0.012 0.013 0.034 0.011 0.015 0.067 0.007 0.139 0.293 0.018 0.023 0.068 0.011 0.039 0.025 0.005 0.016 0.095
128 L 0.181 0.017 0.013 0.014 0.014 0.013 0.018 0.027 0.009 0.088 0.204 0.021 0.052 0.123 0.037 0.031 0.043 0.005 0.021 0.071
129 V 0.048 0.014 0.014 0.014 0.01 0.011 0.015 0.099 0.007 0.172 0.131 0.018 0.019 0.106 0.011 0.027 0.061 0.005 0.019 0.199
130 L 0.075 0.015 0.013 0.014 0.11 0.011 0.015 0.05 0.008 0.141 0.168 0.018 0.019 0.122 0.011 0.035 0.06 0.005 0.02 0.091
131 G 0.108 0.016 0.017 0.017 0.034 0.013 0.018 0.166 0.008 0.116 0.107 0.021 0.037 0.054 0.013 0.076 0.035 0.004 0.014 0.126
132 L 0.073 0.016 0.014 0.014 0.011 0.012 0.016 0.044 0.007 0.155 0.238 0.019 0.038 0.059 0.011 0.049 0.061 0.004 0.016 0.142
133 L 0.046 0.021 0.014 0.016 0.016 0.015 0.019 0.021 0.009 0.194 0.272 0.024 0.043 0.049 0.014 0.025 0.037 0.006 0.021 0.136
134 L 0.069 0.016 0.011 0.012 0.011 0.012 0.015 0.018 0.008 0.13 0.303 0.018 0.108 0.073 0.01 0.021 0.025 0.005 0.017 0.118
135 Y 0.044 0.017 0.017 0.016 0.099 0.013 0.018 0.022 0.014 0.074 0.078 0.02 0.031 0.147 0.012 0.096 0.057 0.009 0.155 0.061
136 G 0.117 0.016 0.014 0.015 0.01 0.012 0.017 0.14 0.009 0.104 0.116 0.02 0.056 0.114 0.011 0.027 0.025 0.005 0.038 0.134
137 L 0.032 0.015 0.03 0.013 0.01 0.011 0.014 0.016 0.008 0.227 0.297 0.018 0.041 0.032 0.01 0.02 0.042 0.005 0.033 0.128
138 I 0.093 0.016 0.014 0.015 0.011 0.012 0.017 0.022 0.007 0.224 0.1 0.02 0.035 0.065 0.012 0.059 0.064 0.004 0.016 0.195
139 Y 0.073 0.018 0.037 0.018 0.009 0.014 0.02 0.118 0.034 0.071 0.125 0.023 0.031 0.055 0.036 0.062 0.059 0.007 0.131 0.058
140 R 0.045 0.334 0.039 0.032 0.008 0.049 0.053 0.033 0.024 0.024 0.047 0.122 0.016 0.018 0.02 0.045 0.036 0.006 0.018 0.032
141 L 0.063 0.107 0.018 0.017 0.009 0.018 0.026 0.022 0.013 0.052 0.148 0.077 0.027 0.082 0.012 0.066 0.036 0.007 0.094 0.107
142 T 0.073 0.035 0.043 0.037 0.018 0.028 0.039 0.043 0.014 0.053 0.065 0.045 0.02 0.024 0.028 0.093 0.247 0.006 0.018 0.071
143 H 0.042 0.046 0.053 0.038 0.008 0.038 0.053 0.038 0.355 0.023 0.038 0.046 0.015 0.03 0.019 0.042 0.027 0.008 0.057 0.023
144 D 0.041 0.03 0.069 0.397 0.007 0.03 0.091 0.047 0.019 0.022 0.028 0.045 0.009 0.015 0.022 0.052 0.035 0.004 0.011 0.024
145 S 0.064 0.022 0.079 0.024 0.01 0.017 0.025 0.029 0.031 0.118 0.059 0.044 0.04 0.022 0.014 0.161 0.053 0.004 0.033 0.152
146 G 0.065 0.136 0.04 0.034 0.012 0.031 0.039 0.196 0.017 0.032 0.046 0.066 0.015 0.019 0.022 0.063 0.105 0.006 0.015 0.042
147 Y 0.166 0.029 0.024 0.024 0.015 0.024 0.034 0.051 0.031 0.043 0.064 0.038 0.018 0.076 0.023 0.058 0.039 0.017 0.169 0.058
148 E 0.061 0.045 0.041 0.072 0.011 0.052 0.213 0.038 0.022 0.032 0.046 0.065 0.015 0.019 0.026 0.067 0.108 0.006 0.017 0.044
149 T 0.06 0.025 0.067 0.089 0.032 0.052 0.05 0.08 0.012 0.042 0.037 0.048 0.011 0.058 0.015 0.097 0.154 0.004 0.033 0.033
150 G 0.09 0.041 0.057 0.026 0.009 0.034 0.026 0.27 0.031 0.053 0.031 0.031 0.01 0.014 0.015 0.174 0.043 0.004 0.011 0.03
151 S 0.112 0.041 0.055 0.05 0.018 0.034 0.053 0.067 0.02 0.03 0.043 0.055 0.016 0.021 0.03 0.207 0.083 0.005 0.018 0.043
152 L 0.054 0.036 0.016 0.015 0.01 0.013 0.017 0.068 0.009 0.14 0.146 0.022 0.034 0.137 0.011 0.059 0.077 0.006 0.041 0.09
153 G 0.078 0.023 0.039 0.034 0.011 0.019 0.026 0.51 0.013 0.019 0.028 0.034 0.009 0.016 0.019 0.051 0.03 0.005 0.011 0.024
154 L 0.047 0.02 0.065 0.02 0.01 0.032 0.022 0.024 0.012 0.068 0.165 0.024 0.035 0.161 0.012 0.064 0.084 0.006 0.046 0.083
155 S 0.089 0.075 0.133 0.036 0.009 0.077 0.04 0.041 0.018 0.021 0.031 0.063 0.011 0.019 0.018 0.202 0.041 0.005 0.045 0.028
156 T 0.041 0.025 0.108 0.091 0.009 0.019 0.036 0.031 0.053 0.032 0.094 0.047 0.013 0.039 0.039 0.103 0.125 0.028 0.017 0.05
157 V 0.061 0.023 0.016 0.017 0.018 0.016 0.022 0.024 0.009 0.148 0.212 0.026 0.037 0.042 0.016 0.03 0.044 0.006 0.021 0.213
158 V 0.044 0.016 0.012 0.013 0.01 0.028 0.017 0.017 0.01 0.141 0.115 0.019 0.068 0.105 0.034 0.021 0.026 0.006 0.077 0.22
159 A 0.178 0.018 0.016 0.018 0.011 0.014 0.021 0.077 0.009 0.071 0.091 0.024 0.03 0.059 0.113 0.073 0.041 0.004 0.015 0.12
160 L 0.067 0.016 0.013 0.033 0.056 0.012 0.017 0.019 0.011 0.118 0.201 0.019 0.052 0.076 0.011 0.023 0.041 0.03 0.095 0.089
161 L 0.042 0.017 0.017 0.016 0.034 0.014 0.018 0.108 0.008 0.135 0.167 0.021 0.097 0.045 0.012 0.095 0.047 0.004 0.014 0.09
162 L 0.028 0.014 0.01 0.011 0.009 0.009 0.013 0.015 0.008 0.171 0.303 0.016 0.024 0.178 0.056 0.017 0.021 0.006 0.025 0.065
163 I 0.086 0.014 0.011 0.013 0.011 0.011 0.015 0.019 0.007 0.241 0.23 0.018 0.023 0.061 0.058 0.029 0.026 0.004 0.016 0.109
164 F 0.026 0.014 0.011 0.011 0.008 0.009 0.013 0.016 0.012 0.085 0.166 0.015 0.019 0.345 0.008 0.017 0.019 0.01 0.115 0.08
165 I 0.04 0.014 0.013 0.014 0.034 0.011 0.016 0.018 0.007 0.29 0.106 0.019 0.036 0.025 0.035 0.07 0.03 0.004 0.013 0.206
166 F 0.024 0.015 0.012 0.011 0.007 0.01 0.015 0.016 0.018 0.054 0.081 0.016 0.015 0.338 0.008 0.018 0.018 0.037 0.25 0.037
167 C 0.124 0.016 0.016 0.016 0.268 0.012 0.018 0.041 0.009 0.035 0.083 0.02 0.013 0.081 0.013 0.105 0.031 0.005 0.035 0.059
168 A 0.219 0.018 0.017 0.017 0.011 0.014 0.021 0.126 0.009 0.043 0.215 0.024 0.018 0.023 0.014 0.084 0.029 0.004 0.031 0.061
169 R 0.03 0.53 0.025 0.021 0.005 0.032 0.035 0.022 0.015 0.015 0.03 0.119 0.01 0.011 0.013 0.029 0.023 0.004 0.011 0.02
170 D 0.028 0.068 0.234 0.274 0.005 0.023 0.045 0.034 0.036 0.015 0.021 0.089 0.007 0.011 0.014 0.038 0.026 0.003 0.01 0.017
171 I 0.033 0.015 0.012 0.013 0.01 0.027 0.016 0.016 0.008 0.283 0.142 0.018 0.069 0.11 0.01 0.035 0.026 0.005 0.02 0.132
172 D 0.06 0.022 0.069 0.214 0.007 0.02 0.078 0.033 0.012 0.017 0.023 0.032 0.008 0.011 0.177 0.151 0.032 0.003 0.009 0.021
173 F 0.025 0.013 0.012 0.011 0.007 0.008 0.013 0.04 0.011 0.045 0.111 0.014 0.033 0.481 0.008 0.018 0.018 0.01 0.068 0.055
174 K 0.035 0.078 0.069 0.137 0.006 0.029 0.14 0.027 0.014 0.022 0.031 0.189 0.025 0.012 0.039 0.051 0.035 0.003 0.011 0.046
175 K 0.036 0.102 0.049 0.06 0.006 0.063 0.044 0.028 0.014 0.018 0.028 0.344 0.01 0.013 0.04 0.05 0.038 0.004 0.031 0.022
176 I 0.051 0.013 0.01 0.012 0.011 0.01 0.013 0.015 0.006 0.369 0.155 0.017 0.039 0.028 0.01 0.019 0.027 0.004 0.014 0.178
177 A 0.373 0.019 0.017 0.019 0.013 0.016 0.024 0.042 0.009 0.041 0.06 0.027 0.013 0.044 0.017 0.095 0.034 0.004 0.014 0.119
178 R 0.059 0.256 0.025 0.044 0.006 0.032 0.055 0.025 0.013 0.038 0.054 0.234 0.011 0.033 0.015 0.032 0.024 0.004 0.013 0.027
179 F 0.031 0.014 0.012 0.012 0.009 0.009 0.014 0.017 0.009 0.154 0.117 0.016 0.019 0.304 0.009 0.036 0.043 0.007 0.035 0.133
180 S 0.099 0.021 0.025 0.023 0.058 0.017 0.025 0.032 0.009 0.056 0.045 0.028 0.013 0.016 0.017 0.196 0.192 0.004 0.012 0.11
181 L 0.085 0.016 0.012 0.014 0.034 0.012 0.034 0.019 0.009 0.11 0.321 0.019 0.039 0.082 0.011 0.023 0.041 0.005 0.037 0.076
182 V 0.05 0.027 0.014 0.026 0.009 0.014 0.021 0.02 0.011 0.139 0.06 0.075 0.015 0.069 0.129 0.024 0.025 0.053 0.076 0.146
183 I 0.053 0.015 0.012 0.014 0.011 0.012 0.034 0.018 0.008 0.261 0.16 0.019 0.037 0.049 0.011 0.038 0.044 0.005 0.034 0.164
184 S 0.055 0.022 0.027 0.027 0.057 0.019 0.063 0.032 0.011 0.08 0.064 0.03 0.029 0.038 0.016 0.279 0.092 0.004 0.013 0.042
185 L 0.077 0.017 0.016 0.018 0.034 0.014 0.037 0.047 0.008 0.156 0.158 0.022 0.022 0.043 0.013 0.093 0.065 0.004 0.014 0.142
186 I 0.079 0.015 0.014 0.014 0.018 0.011 0.016 0.046 0.008 0.212 0.122 0.019 0.019 0.13 0.011 0.044 0.078 0.005 0.021 0.118
187 L 0.072 0.017 0.015 0.016 0.011 0.014 0.036 0.02 0.008 0.139 0.207 0.021 0.063 0.056 0.012 0.03 0.121 0.004 0.016 0.123
188 L 0.03 0.015 0.01 0.01 0.034 0.01 0.013 0.015 0.007 0.088 0.465 0.016 0.029 0.094 0.009 0.017 0.022 0.005 0.019 0.094
189 L 0.116 0.016 0.013 0.014 0.011 0.012 0.017 0.046 0.008 0.132 0.247 0.02 0.037 0.093 0.012 0.06 0.027 0.005 0.018 0.096
190 F 0.042 0.014 0.011 0.011 0.008 0.008 0.013 0.017 0.01 0.049 0.188 0.014 0.035 0.438 0.008 0.018 0.019 0.009 0.045 0.043
191 V 0.039 0.014 0.012 0.013 0.012 0.011 0.015 0.016 0.006 0.287 0.091 0.018 0.021 0.025 0.011 0.023 0.081 0.004 0.013 0.291
192 I 0.036 0.013 0.01 0.011 0.011 0.009 0.013 0.014 0.006 0.351 0.099 0.016 0.022 0.047 0.01 0.018 0.028 0.004 0.015 0.267
193 L 0.07 0.015 0.01 0.011 0.034 0.01 0.014 0.017 0.007 0.165 0.329 0.017 0.025 0.093 0.01 0.02 0.027 0.005 0.018 0.101
194 S 0.085 0.025 0.033 0.03 0.011 0.021 0.033 0.043 0.012 0.023 0.035 0.034 0.042 0.015 0.019 0.443 0.05 0.004 0.012 0.03
195 S 0.271 0.023 0.027 0.026 0.012 0.019 0.03 0.069 0.011 0.023 0.032 0.032 0.011 0.014 0.019 0.289 0.043 0.003 0.011 0.034
196 K 0.051 0.052 0.023 0.023 0.006 0.051 0.062 0.024 0.052 0.024 0.035 0.241 0.011 0.034 0.014 0.03 0.023 0.032 0.17 0.042
197 L 0.051 0.016 0.011 0.012 0.011 0.011 0.015 0.017 0.007 0.133 0.362 0.018 0.027 0.05 0.01 0.021 0.059 0.004 0.015 0.149
198 G 0.051 0.015 0.025 0.022 0.007 0.012 0.017 0.682 0.009 0.012 0.018 0.022 0.006 0.011 0.012 0.033 0.019 0.004 0.007 0.016
199 I 0.031 0.013 0.01 0.011 0.01 0.009 0.012 0.014 0.007 0.373 0.149 0.016 0.039 0.077 0.009 0.017 0.025 0.005 0.027 0.145
200 I 0.032 0.012 0.01 0.011 0.011 0.009 0.012 0.014 0.006 0.489 0.107 0.015 0.024 0.028 0.01 0.017 0.026 0.004 0.013 0.151
201 D 0.036 0.049 0.046 0.132 0.007 0.089 0.093 0.026 0.013 0.034 0.076 0.072 0.043 0.014 0.078 0.045 0.1 0.003 0.011 0.031
202 N 0.027 0.027 0.447 0.173 0.006 0.021 0.038 0.04 0.019 0.015 0.02 0.034 0.007 0.011 0.013 0.043 0.03 0.003 0.01 0.017
203 Y 0.047 0.018 0.014 0.012 0.007 0.014 0.018 0.017 0.027 0.037 0.049 0.02 0.013 0.076 0.011 0.022 0.02 0.016 0.479 0.084
204 V 0.062 0.018 0.015 0.017 0.011 0.014 0.037 0.021 0.007 0.15 0.107 0.039 0.019 0.022 0.012 0.074 0.049 0.004 0.013 0.308
205 E 0.053 0.044 0.039 0.035 0.007 0.027 0.244 0.046 0.014 0.053 0.054 0.035 0.075 0.063 0.014 0.036 0.025 0.005 0.048 0.086
206 D 0.055 0.026 0.043 0.208 0.013 0.023 0.057 0.036 0.013 0.093 0.079 0.035 0.02 0.025 0.019 0.042 0.042 0.005 0.016 0.147
207 I 0.053 0.021 0.056 0.042 0.009 0.017 0.059 0.022 0.032 0.137 0.125 0.042 0.017 0.047 0.013 0.045 0.078 0.006 0.073 0.105
208 S 0.082 0.105 0.046 0.049 0.009 0.039 0.069 0.032 0.013 0.041 0.054 0.057 0.012 0.038 0.016 0.194 0.069 0.011 0.033 0.032
209 D 0.042 0.03 0.07 0.386 0.008 0.03 0.093 0.047 0.019 0.023 0.029 0.046 0.009 0.015 0.023 0.053 0.036 0.004 0.011 0.025
210 S 0.121 0.043 0.048 0.114 0.009 0.021 0.079 0.128 0.012 0.021 0.038 0.034 0.01 0.013 0.055 0.128 0.084 0.003 0.01 0.028
211 N 0.043 0.045 0.317 0.083 0.009 0.034 0.049 0.065 0.031 0.022 0.031 0.054 0.011 0.018 0.02 0.07 0.049 0.004 0.016 0.027
212 G 0.048 0.021 0.045 0.046 0.009 0.017 0.042 0.288 0.01 0.042 0.064 0.044 0.011 0.014 0.021 0.059 0.174 0.004 0.01 0.033
213 R 0.031 0.515 0.025 0.02 0.006 0.03 0.032 0.045 0.014 0.019 0.032 0.072 0.01 0.012 0.013 0.03 0.04 0.004 0.011 0.039
214 N 0.042 0.045 0.321 0.083 0.009 0.033 0.049 0.065 0.031 0.022 0.031 0.054 0.011 0.018 0.02 0.069 0.049 0.004 0.016 0.027
215 V 0.038 0.058 0.055 0.019 0.01 0.015 0.038 0.021 0.011 0.134 0.101 0.026 0.017 0.028 0.036 0.045 0.088 0.005 0.071 0.185
216 R 0.03 0.555 0.025 0.02 0.005 0.031 0.033 0.021 0.015 0.018 0.032 0.076 0.01 0.012 0.013 0.029 0.023 0.004 0.011 0.038
217 H 0.051 0.029 0.032 0.033 0.006 0.072 0.186 0.024 0.22 0.018 0.03 0.036 0.01 0.046 0.014 0.04 0.024 0.006 0.1 0.022
218 Y 0.025 0.017 0.013 0.012 0.006 0.012 0.017 0.016 0.026 0.031 0.051 0.018 0.013 0.205 0.009 0.019 0.018 0.017 0.441 0.032
219 L 0.029 0.016 0.009 0.01 0.01 0.011 0.013 0.014 0.007 0.105 0.523 0.017 0.046 0.035 0.009 0.016 0.022 0.028 0.016 0.065
220 G 0.051 0.015 0.025 0.022 0.007 0.012 0.017 0.682 0.009 0.012 0.018 0.022 0.006 0.011 0.012 0.033 0.019 0.004 0.007 0.016
221 F 0.022 0.013 0.011 0.011 0.007 0.007 0.013 0.016 0.012 0.041 0.073 0.013 0.016 0.583 0.007 0.017 0.017 0.011 0.075 0.036
222 R 0.029 0.437 0.022 0.018 0.006 0.027 0.03 0.02 0.013 0.028 0.151 0.081 0.015 0.016 0.012 0.026 0.023 0.004 0.012 0.029
223 Y 0.026 0.018 0.014 0.012 0.006 0.014 0.018 0.016 0.03 0.029 0.046 0.02 0.012 0.103 0.01 0.02 0.018 0.018 0.539 0.031
224 A 0.287 0.023 0.026 0.026 0.012 0.019 0.03 0.046 0.011 0.023 0.032 0.032 0.011 0.014 0.043 0.273 0.043 0.003 0.011 0.035
225 L 0.029 0.016 0.009 0.01 0.011 0.011 0.013 0.014 0.007 0.075 0.594 0.016 0.032 0.036 0.009 0.016 0.022 0.005 0.014 0.062
226 F 0.024 0.016 0.032 0.013 0.007 0.011 0.016 0.017 0.02 0.035 0.071 0.017 0.015 0.343 0.009 0.019 0.018 0.014 0.273 0.033
227 P 0.058 0.017 0.018 0.021 0.007 0.014 0.023 0.119 0.009 0.019 0.044 0.026 0.008 0.01 0.495 0.055 0.025 0.002 0.009 0.022
228 S 0.181 0.023 0.027 0.026 0.011 0.019 0.03 0.064 0.011 0.021 0.029 0.032 0.01 0.013 0.135 0.284 0.042 0.003 0.011 0.03
229 T 0.19 0.022 0.024 0.022 0.035 0.033 0.026 0.105 0.009 0.044 0.04 0.029 0.012 0.015 0.017 0.068 0.253 0.004 0.011 0.043
230 I 0.033 0.014 0.011 0.012 0.01 0.011 0.014 0.015 0.029 0.258 0.174 0.017 0.038 0.073 0.01 0.018 0.025 0.006 0.056 0.177
231 L 0.033 0.017 0.012 0.012 0.011 0.013 0.016 0.04 0.008 0.118 0.29 0.02 0.183 0.038 0.01 0.021 0.042 0.005 0.015 0.098
232 F 0.049 0.016 0.014 0.014 0.032 0.011 0.016 0.043 0.01 0.048 0.206 0.018 0.048 0.247 0.01 0.041 0.074 0.007 0.049 0.045
233 N 0.028 0.029 0.5 0.05 0.006 0.022 0.032 0.04 0.06 0.018 0.023 0.034 0.008 0.013 0.013 0.043 0.031 0.003 0.012 0.035
234 I 0.032 0.012 0.01 0.012 0.011 0.009 0.012 0.014 0.006 0.473 0.107 0.016 0.039 0.028 0.01 0.017 0.028 0.004 0.013 0.148
235 T 0.045 0.019 0.022 0.02 0.035 0.015 0.021 0.024 0.008 0.16 0.062 0.024 0.016 0.019 0.015 0.075 0.288 0.004 0.012 0.117
236 A 0.264 0.019 0.018 0.019 0.035 0.015 0.022 0.095 0.009 0.068 0.109 0.025 0.015 0.059 0.016 0.101 0.048 0.004 0.015 0.046
237 L 0.031 0.016 0.01 0.011 0.011 0.011 0.014 0.015 0.007 0.137 0.47 0.017 0.045 0.033 0.01 0.026 0.033 0.004 0.014 0.085
238 Y 0.035 0.039 0.017 0.016 0.055 0.015 0.02 0.021 0.035 0.053 0.067 0.041 0.014 0.08 0.011 0.068 0.072 0.103 0.157 0.081
239 L 0.032 0.014 0.01 0.011 0.034 0.01 0.013 0.015 0.007 0.178 0.249 0.016 0.039 0.135 0.009 0.018 0.024 0.005 0.022 0.16
240 Y 0.026 0.018 0.033 0.013 0.006 0.013 0.018 0.017 0.026 0.03 0.054 0.02 0.013 0.148 0.01 0.02 0.018 0.04 0.447 0.031
241 L 0.049 0.018 0.031 0.014 0.01 0.012 0.016 0.018 0.009 0.097 0.403 0.036 0.026 0.073 0.01 0.036 0.024 0.005 0.036 0.075
242 K 0.054 0.165 0.027 0.025 0.006 0.047 0.057 0.05 0.035 0.018 0.029 0.291 0.01 0.016 0.016 0.049 0.025 0.005 0.051 0.022
243 K 0.036 0.193 0.045 0.026 0.006 0.077 0.04 0.12 0.014 0.016 0.027 0.271 0.01 0.01 0.015 0.034 0.024 0.004 0.011 0.02
244 D 0.054 0.054 0.095 0.176 0.006 0.037 0.169 0.054 0.025 0.016 0.024 0.127 0.008 0.011 0.016 0.069 0.027 0.003 0.01 0.02
245 K 0.065 0.085 0.081 0.029 0.007 0.045 0.039 0.062 0.054 0.018 0.028 0.286 0.01 0.012 0.016 0.07 0.052 0.004 0.013 0.023
246 I 0.044 0.013 0.01 0.011 0.057 0.01 0.013 0.016 0.007 0.298 0.15 0.016 0.053 0.068 0.01 0.019 0.026 0.004 0.016 0.158
247 K 0.043 0.065 0.066 0.069 0.008 0.033 0.037 0.054 0.014 0.023 0.068 0.212 0.011 0.014 0.028 0.126 0.083 0.004 0.015 0.027
248 W 0.035 0.015 0.011 0.011 0.008 0.011 0.015 0.017 0.014 0.14 0.135 0.017 0.017 0.076 0.032 0.018 0.02 0.198 0.16 0.05
249 R 0.077 0.124 0.018 0.018 0.008 0.026 0.026 0.023 0.032 0.068 0.085 0.104 0.014 0.085 0.073 0.036 0.024 0.029 0.058 0.071
250 E 0.078 0.086 0.043 0.056 0.007 0.061 0.214 0.05 0.015 0.022 0.052 0.042 0.026 0.018 0.015 0.062 0.043 0.052 0.033 0.027
251 L 0.049 0.015 0.011 0.012 0.01 0.011 0.015 0.017 0.008 0.13 0.315 0.017 0.024 0.094 0.01 0.035 0.024 0.053 0.04 0.111
252 L 0.087 0.015 0.013 0.013 0.01 0.011 0.016 0.052 0.008 0.152 0.249 0.018 0.022 0.119 0.011 0.04 0.042 0.005 0.02 0.096
253 L 0.074 0.014 0.011 0.012 0.026 0.01 0.014 0.042 0.007 0.169 0.227 0.017 0.038 0.131 0.01 0.021 0.024 0.005 0.021 0.125
254 L 0.029 0.016 0.009 0.01 0.033 0.011 0.013 0.015 0.008 0.068 0.515 0.016 0.029 0.037 0.009 0.016 0.021 0.053 0.036 0.057
255 L 0.066 0.017 0.017 0.016 0.033 0.012 0.017 0.14 0.008 0.046 0.248 0.02 0.019 0.096 0.012 0.079 0.046 0.029 0.019 0.059
256 L 0.078 0.015 0.012 0.013 0.034 0.011 0.015 0.066 0.007 0.106 0.301 0.018 0.023 0.049 0.011 0.039 0.026 0.004 0.015 0.155
257 L 0.153 0.018 0.017 0.017 0.037 0.014 0.02 0.036 0.008 0.136 0.168 0.023 0.034 0.022 0.014 0.119 0.032 0.004 0.013 0.116
258 N 0.055 0.026 0.404 0.065 0.007 0.02 0.03 0.038 0.017 0.028 0.031 0.032 0.009 0.013 0.014 0.059 0.051 0.003 0.011 0.087
259 Y 0.033 0.017 0.016 0.015 0.008 0.013 0.018 0.057 0.017 0.089 0.13 0.02 0.023 0.109 0.011 0.071 0.041 0.057 0.213 0.044
260 W 0.024 0.015 0.011 0.01 0.006 0.01 0.015 0.018 0.013 0.035 0.104 0.016 0.014 0.105 0.007 0.016 0.017 0.378 0.121 0.064
261 I 0.052 0.014 0.01 0.012 0.011 0.011 0.014 0.016 0.006 0.29 0.177 0.017 0.07 0.028 0.01 0.02 0.027 0.004 0.014 0.197
262 F 0.024 0.015 0.012 0.011 0.007 0.01 0.015 0.016 0.02 0.035 0.061 0.016 0.015 0.371 0.008 0.018 0.017 0.014 0.281 0.033
263 L 0.088 0.066 0.039 0.031 0.008 0.052 0.03 0.031 0.035 0.055 0.123 0.084 0.031 0.05 0.013 0.047 0.043 0.006 0.102 0.066
264 Q 0.053 0.043 0.043 0.029 0.007 0.189 0.103 0.026 0.016 0.026 0.062 0.166 0.06 0.037 0.015 0.033 0.026 0.005 0.034 0.029
265 T 0.048 0.023 0.028 0.025 0.012 0.018 0.026 0.029 0.009 0.034 0.042 0.03 0.013 0.015 0.018 0.076 0.494 0.004 0.012 0.045
266 D 0.028 0.024 0.207 0.368 0.005 0.053 0.049 0.033 0.015 0.033 0.023 0.033 0.008 0.011 0.014 0.037 0.026 0.003 0.009 0.02
267 S 0.105 0.026 0.034 0.031 0.012 0.021 0.033 0.044 0.012 0.02 0.028 0.035 0.01 0.014 0.019 0.462 0.052 0.003 0.011 0.028
268 R 0.029 0.557 0.025 0.02 0.005 0.032 0.034 0.022 0.015 0.015 0.03 0.094 0.01 0.011 0.013 0.029 0.023 0.004 0.011 0.02
269 L 0.03 0.016 0.009 0.01 0.011 0.011 0.013 0.014 0.007 0.092 0.542 0.017 0.047 0.035 0.009 0.016 0.022 0.005 0.014 0.081
270 S 0.076 0.023 0.028 0.025 0.035 0.018 0.028 0.034 0.011 0.048 0.04 0.03 0.012 0.018 0.017 0.24 0.226 0.004 0.031 0.057
271 F 0.059 0.013 0.011 0.012 0.007 0.008 0.013 0.019 0.011 0.04 0.072 0.014 0.016 0.56 0.008 0.019 0.018 0.01 0.054 0.036
272 Y 0.033 0.015 0.013 0.013 0.055 0.011 0.015 0.087 0.014 0.148 0.122 0.017 0.017 0.103 0.01 0.02 0.022 0.009 0.172 0.104
273 L 0.043 0.02 0.035 0.019 0.011 0.015 0.021 0.024 0.009 0.053 0.286 0.024 0.068 0.046 0.013 0.145 0.083 0.004 0.015 0.066
274 S 0.146 0.023 0.028 0.026 0.035 0.018 0.028 0.062 0.011 0.042 0.036 0.03 0.011 0.035 0.018 0.286 0.11 0.004 0.013 0.036
275 L 0.053 0.015 0.012 0.015 0.074 0.013 0.052 0.017 0.007 0.184 0.233 0.019 0.03 0.026 0.011 0.026 0.026 0.004 0.013 0.171
276 L 0.072 0.015 0.01 0.011 0.034 0.011 0.014 0.017 0.007 0.174 0.311 0.017 0.041 0.05 0.01 0.02 0.025 0.004 0.015 0.141
277 L 0.053 0.017 0.013 0.013 0.011 0.013 0.016 0.019 0.008 0.085 0.314 0.02 0.118 0.052 0.011 0.04 0.06 0.005 0.016 0.118
278 L 0.03 0.014 0.01 0.011 0.011 0.01 0.013 0.014 0.007 0.254 0.368 0.016 0.059 0.032 0.009 0.017 0.024 0.004 0.014 0.083
279 L 0.087 0.015 0.011 0.012 0.058 0.011 0.015 0.031 0.007 0.171 0.234 0.018 0.023 0.047 0.011 0.031 0.028 0.004 0.015 0.173
280 L 0.096 0.015 0.012 0.012 0.12 0.011 0.015 0.021 0.007 0.131 0.237 0.018 0.021 0.087 0.011 0.04 0.025 0.005 0.017 0.1
281 A 0.126 0.02 0.07 0.023 0.058 0.016 0.023 0.117 0.011 0.05 0.05 0.025 0.06 0.06 0.014 0.111 0.066 0.029 0.016 0.056
282 L 0.075 0.015 0.012 0.013 0.01 0.011 0.015 0.066 0.008 0.141 0.237 0.018 0.037 0.099 0.01 0.023 0.036 0.029 0.02 0.127
283 L 0.043 0.014 0.012 0.013 0.057 0.01 0.014 0.041 0.007 0.175 0.217 0.017 0.027 0.098 0.01 0.038 0.043 0.005 0.018 0.14
284 L 0.03 0.016 0.011 0.011 0.033 0.011 0.014 0.016 0.01 0.109 0.25 0.017 0.1 0.119 0.009 0.019 0.024 0.031 0.08 0.091
285 K 0.035 0.102 0.046 0.027 0.006 0.082 0.045 0.027 0.034 0.036 0.031 0.391 0.011 0.011 0.017 0.034 0.026 0.004 0.012 0.024
286 L 0.028 0.05 0.033 0.015 0.008 0.015 0.019 0.018 0.015 0.109 0.188 0.058 0.018 0.064 0.01 0.022 0.039 0.079 0.164 0.048
287 F 0.03 0.08 0.015 0.015 0.008 0.015 0.02 0.019 0.012 0.078 0.103 0.078 0.032 0.267 0.01 0.042 0.022 0.008 0.07 0.075
288 P 0.055 0.022 0.036 0.023 0.007 0.044 0.045 0.025 0.011 0.021 0.028 0.047 0.008 0.012 0.468 0.032 0.042 0.003 0.029 0.04
289 K 0.042 0.06 0.053 0.099 0.007 0.043 0.065 0.054 0.034 0.018 0.027 0.21 0.01 0.014 0.024 0.127 0.055 0.004 0.031 0.023
290 I 0.032 0.055 0.012 0.013 0.01 0.011 0.015 0.016 0.009 0.231 0.182 0.021 0.022 0.14 0.01 0.035 0.025 0.006 0.042 0.113
291 L 0.032 0.032 0.032 0.015 0.01 0.013 0.017 0.018 0.009 0.128 0.289 0.045 0.039 0.107 0.035 0.037 0.025 0.005 0.02 0.093
292 E 0.058 0.038 0.024 0.057 0.032 0.037 0.23 0.049 0.013 0.055 0.059 0.1 0.012 0.036 0.015 0.065 0.037 0.004 0.013 0.067
293 K 0.036 0.133 0.084 0.027 0.007 0.028 0.036 0.051 0.013 0.068 0.045 0.276 0.027 0.014 0.015 0.058 0.036 0.004 0.011 0.032
294 L 0.039 0.047 0.038 0.019 0.034 0.018 0.024 0.024 0.01 0.103 0.139 0.099 0.05 0.088 0.013 0.084 0.029 0.03 0.02 0.094
295 P 0.057 0.026 0.023 0.031 0.01 0.021 0.036 0.036 0.013 0.026 0.036 0.041 0.01 0.013 0.494 0.044 0.036 0.003 0.013 0.031
296 C 0.065 0.016 0.016 0.016 0.484 0.012 0.016 0.032 0.008 0.045 0.065 0.02 0.016 0.02 0.016 0.041 0.037 0.004 0.012 0.057
297 R 0.045 0.345 0.039 0.031 0.008 0.048 0.052 0.033 0.023 0.023 0.046 0.12 0.015 0.017 0.019 0.045 0.035 0.006 0.017 0.031
298 K 0.057 0.107 0.041 0.041 0.009 0.053 0.071 0.043 0.021 0.028 0.043 0.278 0.015 0.015 0.028 0.053 0.04 0.005 0.017 0.033
299 K 0.057 0.107 0.041 0.041 0.009 0.053 0.071 0.043 0.021 0.028 0.043 0.278 0.015 0.015 0.028 0.053 0.04 0.005 0.017 0.033
300 R 0.045 0.345 0.039 0.031 0.008 0.048 0.052 0.033 0.023 0.023 0.046 0.12 0.015 0.017 0.019 0.045 0.035 0.006 0.017 0.031
301 K 0.057 0.107 0.041 0.041 0.009 0.053 0.071 0.043 0.021 0.028 0.043 0.278 0.015 0.015 0.028 0.053 0.04 0.005 0.017 0.033
302 R 0.045 0.345 0.039 0.031 0.008 0.048 0.052 0.033 0.023 0.023 0.046 0.12 0.015 0.017 0.019 0.045 0.035 0.006 0.017 0.031
303 R 0.037 0.224 0.044 0.026 0.006 0.044 0.053 0.11 0.014 0.038 0.034 0.173 0.011 0.014 0.039 0.04 0.025 0.004 0.021 0.043
304 Y 0.04 0.028 0.022 0.019 0.009 0.022 0.028 0.025 0.047 0.044 0.068 0.031 0.019 0.131 0.016 0.031 0.028 0.028 0.318 0.047
305 K 0.057 0.107 0.042 0.042 0.009 0.054 0.071 0.043 0.021 0.028 0.043 0.278 0.016 0.016 0.028 0.054 0.04 0.005 0.017 0.033
306 A 0.29 0.031 0.026 0.03 0.022 0.026 0.04 0.078 0.015 0.043 0.059 0.045 0.018 0.022 0.03 0.085 0.05 0.005 0.018 0.069
307 V 0.07 0.022 0.016 0.018 0.019 0.016 0.023 0.025 0.008 0.165 0.13 0.026 0.032 0.036 0.016 0.033 0.049 0.006 0.021 0.269
308 L 0.045 0.024 0.014 0.015 0.016 0.016 0.02 0.021 0.01 0.115 0.376 0.025 0.05 0.055 0.014 0.024 0.033 0.007 0.022 0.096
309 L 0.045 0.024 0.014 0.015 0.016 0.016 0.02 0.021 0.01 0.115 0.376 0.025 0.05 0.055 0.014 0.024 0.033 0.007 0.022 0.096
310 G 0.078 0.023 0.039 0.034 0.011 0.019 0.026 0.51 0.014 0.019 0.028 0.034 0.009 0.016 0.019 0.051 0.03 0.005 0.011 0.024
311 L 0.077 0.039 0.043 0.019 0.009 0.017 0.023 0.07 0.033 0.118 0.143 0.096 0.032 0.025 0.028 0.035 0.042 0.028 0.04 0.083
312 L 0.033 0.014 0.01 0.011 0.011 0.01 0.013 0.015 0.007 0.154 0.352 0.016 0.029 0.093 0.009 0.017 0.024 0.005 0.019 0.16
313 L 0.052 0.032 0.02 0.02 0.016 0.028 0.028 0.028 0.016 0.1 0.197 0.036 0.161 0.048 0.016 0.036 0.04 0.008 0.024 0.092
314 L 0.071 0.022 0.076 0.021 0.056 0.032 0.023 0.05 0.051 0.037 0.177 0.042 0.032 0.043 0.012 0.063 0.06 0.076 0.019 0.037
315 F 0.07 0.082 0.019 0.017 0.009 0.016 0.022 0.023 0.01 0.125 0.081 0.093 0.016 0.165 0.012 0.061 0.034 0.029 0.025 0.09
316 L 0.044 0.015 0.015 0.015 0.033 0.011 0.015 0.16 0.007 0.129 0.18 0.018 0.024 0.08 0.034 0.032 0.044 0.004 0.016 0.123
317 L 0.048 0.017 0.012 0.012 0.01 0.013 0.016 0.017 0.029 0.078 0.274 0.018 0.147 0.154 0.01 0.02 0.023 0.006 0.025 0.072
318 I 0.073 0.025 0.016 0.017 0.01 0.031 0.021 0.021 0.008 0.302 0.08 0.072 0.019 0.022 0.013 0.053 0.071 0.004 0.013 0.13
319 F 0.048 0.014 0.012 0.014 0.031 0.01 0.016 0.051 0.01 0.073 0.144 0.018 0.016 0.236 0.154 0.022 0.021 0.022 0.048 0.041
320 S 0.099 0.025 0.032 0.029 0.012 0.02 0.031 0.04 0.011 0.03 0.051 0.033 0.012 0.015 0.019 0.378 0.116 0.004 0.012 0.033
