#Seq2Logo.py -f /work3/idamei/ssn-clusterings/clustering/2205110921/clusters/0020_190/sequences.afa -o /work3/idamei/ssn-clusterings/clustering/2205110921/clusters/0020_190/sequences.logo
#Position Specific Frequency Matrix
A R N D C Q E G H I L K M F P S T W Y V
0 L 0.052 0.032 0.02 0.02 0.016 0.028 0.028 0.028 0.016 0.1 0.195 0.036 0.166 0.048 0.016 0.036 0.04 0.008 0.024 0.092
1 I 0.047 0.018 0.015 0.018 0.016 0.013 0.018 0.021 0.009 0.269 0.168 0.024 0.037 0.044 0.015 0.025 0.04 0.006 0.021 0.177
2 A 0.288 0.031 0.026 0.03 0.022 0.026 0.041 0.079 0.015 0.043 0.06 0.045 0.018 0.022 0.03 0.085 0.05 0.005 0.018 0.069
3 T 0.073 0.036 0.044 0.038 0.018 0.028 0.04 0.044 0.014 0.053 0.065 0.046 0.02 0.024 0.028 0.093 0.244 0.006 0.018 0.071
4 T 0.073 0.036 0.044 0.038 0.018 0.028 0.04 0.044 0.014 0.053 0.065 0.046 0.02 0.024 0.028 0.093 0.244 0.006 0.018 0.071
5 I 0.047 0.018 0.015 0.018 0.016 0.013 0.018 0.021 0.009 0.269 0.168 0.024 0.037 0.044 0.015 0.025 0.04 0.006 0.021 0.177
6 H 0.042 0.046 0.054 0.038 0.008 0.038 0.054 0.038 0.353 0.023 0.038 0.046 0.015 0.031 0.019 0.042 0.027 0.008 0.057 0.023
7 A 0.288 0.031 0.026 0.03 0.022 0.026 0.041 0.079 0.015 0.043 0.06 0.045 0.018 0.022 0.03 0.085 0.05 0.005 0.018 0.069
8 I 0.047 0.018 0.015 0.018 0.016 0.013 0.018 0.021 0.009 0.269 0.168 0.024 0.037 0.044 0.015 0.025 0.04 0.006 0.021 0.177
9 L 0.052 0.032 0.02 0.02 0.016 0.028 0.028 0.028 0.016 0.101 0.197 0.036 0.158 0.048 0.016 0.036 0.04 0.008 0.024 0.093
10 F 0.034 0.019 0.017 0.017 0.011 0.011 0.019 0.025 0.017 0.064 0.114 0.019 0.025 0.386 0.011 0.025 0.025 0.017 0.089 0.055
11 S 0.11 0.04 0.054 0.049 0.018 0.033 0.053 0.066 0.019 0.03 0.042 0.054 0.016 0.021 0.03 0.218 0.082 0.005 0.018 0.042
12 R 0.045 0.344 0.039 0.031 0.008 0.049 0.052 0.033 0.023 0.023 0.047 0.12 0.016 0.017 0.019 0.045 0.035 0.006 0.017 0.031
13 K 0.057 0.107 0.042 0.042 0.009 0.054 0.071 0.043 0.021 0.028 0.043 0.276 0.016 0.016 0.028 0.054 0.04 0.005 0.017 0.033
14 F 0.034 0.019 0.017 0.017 0.011 0.011 0.019 0.025 0.017 0.064 0.114 0.019 0.025 0.386 0.011 0.025 0.025 0.017 0.089 0.055
15 K 0.057 0.107 0.042 0.042 0.009 0.054 0.071 0.043 0.021 0.028 0.043 0.276 0.016 0.016 0.028 0.054 0.04 0.005 0.017 0.033
16 I 0.047 0.018 0.015 0.018 0.016 0.013 0.018 0.021 0.009 0.269 0.168 0.024 0.037 0.044 0.015 0.025 0.04 0.006 0.021 0.177
17 R 0.045 0.344 0.039 0.031 0.008 0.049 0.052 0.033 0.023 0.023 0.047 0.12 0.016 0.017 0.019 0.045 0.035 0.006 0.017 0.031
18 K 0.057 0.107 0.042 0.042 0.009 0.054 0.071 0.043 0.021 0.028 0.043 0.276 0.016 0.016 0.028 0.054 0.04 0.005 0.017 0.033
19 I 0.047 0.018 0.015 0.018 0.016 0.013 0.018 0.021 0.009 0.269 0.168 0.024 0.037 0.044 0.015 0.025 0.04 0.006 0.021 0.177
20 L 0.045 0.024 0.014 0.015 0.016 0.016 0.02 0.021 0.01 0.116 0.374 0.025 0.05 0.055 0.014 0.024 0.033 0.007 0.022 0.096
21 N 0.043 0.045 0.316 0.083 0.009 0.034 0.049 0.065 0.032 0.023 0.032 0.054 0.011 0.018 0.02 0.07 0.049 0.005 0.016 0.027
22 L 0.052 0.032 0.02 0.02 0.016 0.028 0.028 0.028 0.016 0.1 0.197 0.036 0.16 0.048 0.016 0.036 0.04 0.008 0.024 0.092
23 N 0.049 0.06 0.142 0.051 0.011 0.035 0.049 0.046 0.022 0.089 0.07 0.129 0.019 0.024 0.021 0.052 0.043 0.005 0.017 0.067
24 P 0.08 0.028 0.029 0.03 0.016 0.022 0.032 0.038 0.012 0.106 0.085 0.038 0.022 0.026 0.144 0.061 0.121 0.005 0.017 0.089
25 T 0.086 0.037 0.047 0.041 0.018 0.03 0.044 0.052 0.016 0.044 0.056 0.048 0.018 0.023 0.028 0.141 0.188 0.006 0.018 0.06
26 I 0.047 0.018 0.015 0.018 0.016 0.013 0.018 0.02 0.009 0.275 0.167 0.023 0.037 0.044 0.015 0.025 0.04 0.006 0.02 0.176
27 P 0.057 0.035 0.025 0.032 0.01 0.024 0.04 0.037 0.014 0.026 0.037 0.069 0.011 0.013 0.442 0.045 0.036 0.003 0.013 0.031
28 G 0.096 0.033 0.048 0.042 0.015 0.027 0.041 0.252 0.017 0.025 0.036 0.045 0.013 0.019 0.025 0.151 0.06 0.005 0.015 0.034
29 A 0.228 0.052 0.03 0.033 0.018 0.033 0.049 0.068 0.016 0.039 0.055 0.111 0.017 0.02 0.029 0.076 0.047 0.005 0.017 0.058
30 K 0.055 0.101 0.042 0.041 0.008 0.052 0.069 0.042 0.05 0.027 0.042 0.263 0.015 0.017 0.027 0.052 0.038 0.005 0.021 0.032
31 Y 0.042 0.026 0.035 0.037 0.011 0.02 0.029 0.026 0.035 0.101 0.09 0.031 0.022 0.098 0.016 0.032 0.032 0.02 0.219 0.078
32 K 0.07 0.082 0.043 0.042 0.011 0.045 0.063 0.048 0.02 0.028 0.042 0.204 0.015 0.017 0.068 0.096 0.05 0.005 0.017 0.035
33 L 0.045 0.025 0.015 0.016 0.016 0.017 0.021 0.022 0.011 0.113 0.359 0.026 0.063 0.054 0.014 0.025 0.034 0.007 0.022 0.095
34 G 0.118 0.034 0.045 0.041 0.016 0.028 0.043 0.166 0.019 0.03 0.042 0.046 0.015 0.028 0.026 0.155 0.062 0.007 0.039 0.041
35 W 0.034 0.021 0.015 0.016 0.01 0.014 0.021 0.027 0.014 0.09 0.085 0.022 0.021 0.094 0.009 0.023 0.027 0.331 0.059 0.066
36 I 0.051 0.019 0.017 0.019 0.016 0.015 0.02 0.023 0.009 0.249 0.155 0.025 0.035 0.041 0.016 0.031 0.057 0.006 0.02 0.177
37 F 0.038 0.022 0.017 0.017 0.012 0.015 0.021 0.026 0.017 0.072 0.133 0.023 0.061 0.309 0.012 0.028 0.029 0.015 0.072 0.063
38 L 0.054 0.021 0.015 0.017 0.017 0.015 0.02 0.022 0.009 0.197 0.206 0.025 0.038 0.043 0.015 0.027 0.041 0.006 0.021 0.192
39 L 0.049 0.022 0.015 0.015 0.133 0.015 0.019 0.024 0.009 0.097 0.304 0.024 0.041 0.046 0.015 0.028 0.034 0.006 0.02 0.085
40 L 0.047 0.023 0.016 0.017 0.016 0.018 0.021 0.022 0.011 0.191 0.229 0.027 0.074 0.047 0.015 0.027 0.038 0.007 0.022 0.133
41 Y 0.038 0.026 0.02 0.018 0.009 0.019 0.026 0.025 0.039 0.047 0.078 0.028 0.02 0.19 0.014 0.029 0.027 0.025 0.272 0.048
42 F 0.071 0.025 0.023 0.023 0.014 0.017 0.026 0.036 0.015 0.067 0.158 0.028 0.028 0.221 0.016 0.065 0.039 0.012 0.055 0.063
43 L 0.045 0.021 0.014 0.016 0.016 0.015 0.019 0.021 0.01 0.19 0.279 0.025 0.047 0.049 0.014 0.025 0.036 0.006 0.021 0.131
44 P 0.056 0.025 0.023 0.031 0.01 0.02 0.036 0.036 0.013 0.025 0.036 0.041 0.01 0.013 0.5 0.043 0.036 0.003 0.013 0.031
45 S 0.096 0.047 0.051 0.048 0.015 0.077 0.063 0.06 0.021 0.029 0.043 0.062 0.017 0.019 0.028 0.19 0.072 0.005 0.018 0.04
46 F 0.037 0.019 0.016 0.017 0.012 0.011 0.019 0.024 0.015 0.104 0.145 0.02 0.029 0.306 0.011 0.025 0.028 0.014 0.07 0.078
47 I 0.054 0.019 0.015 0.017 0.017 0.014 0.019 0.022 0.008 0.243 0.154 0.024 0.035 0.041 0.015 0.027 0.042 0.006 0.02 0.207
48 F 0.033 0.019 0.017 0.017 0.01 0.01 0.019 0.025 0.017 0.063 0.113 0.019 0.025 0.395 0.01 0.025 0.025 0.017 0.088 0.054
49 V 0.069 0.022 0.016 0.018 0.019 0.016 0.023 0.024 0.008 0.162 0.129 0.026 0.031 0.035 0.016 0.032 0.049 0.005 0.02 0.279
50 F 0.048 0.025 0.025 0.023 0.011 0.018 0.027 0.032 0.027 0.05 0.085 0.029 0.021 0.24 0.015 0.062 0.036 0.018 0.158 0.049
51 F 0.038 0.021 0.016 0.016 0.013 0.013 0.019 0.023 0.014 0.083 0.221 0.021 0.035 0.259 0.012 0.025 0.028 0.013 0.061 0.071
52 K 0.052 0.083 0.045 0.041 0.008 0.088 0.073 0.041 0.111 0.026 0.042 0.18 0.016 0.019 0.024 0.05 0.036 0.006 0.028 0.03
53 Q 0.055 0.073 0.044 0.046 0.009 0.225 0.102 0.041 0.029 0.026 0.046 0.09 0.02 0.015 0.023 0.055 0.041 0.006 0.02 0.035
54 S 0.091 0.037 0.057 0.14 0.015 0.032 0.062 0.06 0.019 0.027 0.038 0.051 0.014 0.019 0.027 0.184 0.069 0.005 0.016 0.037
55 S 0.108 0.04 0.053 0.048 0.017 0.033 0.052 0.065 0.019 0.029 0.041 0.053 0.015 0.021 0.029 0.23 0.081 0.005 0.017 0.041
56 L 0.044 0.024 0.014 0.015 0.016 0.016 0.02 0.021 0.01 0.114 0.384 0.025 0.049 0.054 0.014 0.024 0.033 0.007 0.022 0.095
57 A 0.299 0.031 0.025 0.029 0.021 0.025 0.04 0.077 0.015 0.043 0.059 0.044 0.017 0.021 0.029 0.084 0.049 0.005 0.017 0.068
58 V 0.07 0.026 0.026 0.027 0.017 0.021 0.031 0.034 0.011 0.101 0.089 0.035 0.023 0.027 0.13 0.062 0.084 0.005 0.018 0.166
59 G 0.077 0.023 0.039 0.033 0.011 0.019 0.025 0.517 0.013 0.019 0.028 0.033 0.009 0.016 0.019 0.051 0.029 0.005 0.011 0.024
60 I 0.049 0.024 0.017 0.019 0.016 0.02 0.022 0.024 0.012 0.192 0.18 0.029 0.102 0.046 0.015 0.03 0.039 0.007 0.022 0.134
61 I 0.119 0.029 0.026 0.026 0.018 0.023 0.031 0.042 0.013 0.119 0.119 0.037 0.058 0.034 0.022 0.06 0.098 0.006 0.02 0.101
62 I 0.051 0.02 0.015 0.017 0.017 0.014 0.019 0.021 0.009 0.225 0.195 0.024 0.037 0.043 0.015 0.026 0.04 0.006 0.021 0.185
63 A 0.175 0.025 0.02 0.023 0.019 0.02 0.03 0.049 0.011 0.135 0.104 0.034 0.026 0.031 0.022 0.055 0.047 0.005 0.019 0.149
64 C 0.083 0.028 0.035 0.033 0.139 0.023 0.035 0.047 0.014 0.091 0.076 0.038 0.02 0.026 0.023 0.134 0.06 0.005 0.017 0.076
65 F 0.114 0.024 0.021 0.023 0.016 0.018 0.027 0.039 0.013 0.124 0.109 0.03 0.026 0.125 0.019 0.049 0.064 0.008 0.037 0.116
66 L 0.077 0.024 0.017 0.019 0.016 0.017 0.024 0.029 0.01 0.128 0.248 0.029 0.037 0.042 0.072 0.034 0.038 0.006 0.02 0.114
67 V 0.058 0.02 0.015 0.018 0.018 0.015 0.02 0.022 0.008 0.22 0.147 0.025 0.034 0.039 0.015 0.029 0.044 0.006 0.02 0.228
68 L 0.044 0.021 0.016 0.017 0.014 0.016 0.02 0.021 0.018 0.183 0.199 0.025 0.035 0.066 0.015 0.026 0.035 0.011 0.091 0.125
69 L 0.058 0.021 0.021 0.021 0.015 0.016 0.021 0.149 0.01 0.15 0.18 0.027 0.032 0.038 0.016 0.033 0.037 0.006 0.018 0.133
70 Y 0.039 0.024 0.018 0.017 0.011 0.017 0.023 0.024 0.029 0.066 0.16 0.026 0.028 0.178 0.014 0.028 0.028 0.02 0.187 0.061
71 G 0.067 0.034 0.124 0.145 0.011 0.029 0.055 0.163 0.021 0.023 0.032 0.046 0.011 0.017 0.023 0.102 0.049 0.005 0.014 0.029
72 L 0.108 0.023 0.018 0.02 0.016 0.016 0.024 0.036 0.013 0.125 0.174 0.028 0.031 0.131 0.017 0.04 0.037 0.009 0.037 0.098
73 N 0.054 0.109 0.133 0.047 0.012 0.032 0.043 0.046 0.022 0.047 0.127 0.061 0.023 0.027 0.02 0.079 0.047 0.006 0.018 0.048
74 Y 0.061 0.043 0.037 0.034 0.066 0.077 0.053 0.04 0.066 0.035 0.054 0.052 0.018 0.048 0.021 0.079 0.061 0.011 0.102 0.043
75 I 0.05 0.021 0.016 0.018 0.016 0.017 0.02 0.022 0.01 0.226 0.169 0.027 0.07 0.044 0.015 0.028 0.04 0.006 0.021 0.162
76 A 0.117 0.05 0.033 0.031 0.014 0.032 0.044 0.047 0.024 0.041 0.058 0.102 0.018 0.047 0.025 0.065 0.093 0.011 0.095 0.054
77 K 0.047 0.061 0.105 0.043 0.01 0.045 0.05 0.042 0.022 0.045 0.093 0.131 0.032 0.085 0.02 0.048 0.039 0.007 0.03 0.045
78 L 0.047 0.127 0.027 0.025 0.012 0.033 0.04 0.029 0.016 0.069 0.214 0.114 0.032 0.035 0.019 0.036 0.035 0.006 0.02 0.063
79 R 0.095 0.133 0.042 0.038 0.013 0.04 0.053 0.05 0.019 0.032 0.048 0.126 0.016 0.019 0.026 0.104 0.08 0.005 0.017 0.043
80 F 0.045 0.019 0.016 0.017 0.014 0.013 0.019 0.024 0.013 0.142 0.13 0.022 0.029 0.218 0.013 0.027 0.034 0.011 0.054 0.141
81 G 0.077 0.11 0.042 0.036 0.012 0.029 0.038 0.283 0.017 0.022 0.036 0.06 0.012 0.017 0.021 0.094 0.043 0.005 0.014 0.03
82 A 0.133 0.049 0.034 0.034 0.016 0.032 0.046 0.052 0.015 0.065 0.068 0.103 0.02 0.023 0.025 0.1 0.054 0.005 0.018 0.105
83 K 0.063 0.063 0.034 0.033 0.011 0.035 0.046 0.156 0.016 0.069 0.063 0.159 0.018 0.021 0.022 0.046 0.038 0.005 0.016 0.083
84 G 0.068 0.047 0.063 0.039 0.01 0.03 0.041 0.282 0.02 0.024 0.036 0.1 0.012 0.026 0.021 0.066 0.037 0.007 0.04 0.03
85 L 0.042 0.021 0.015 0.016 0.015 0.014 0.019 0.022 0.011 0.143 0.262 0.023 0.04 0.137 0.013 0.024 0.033 0.009 0.038 0.104
86 L 0.068 0.022 0.015 0.017 0.017 0.016 0.021 0.026 0.01 0.168 0.263 0.026 0.041 0.046 0.016 0.03 0.038 0.006 0.021 0.134
87 L 0.042 0.023 0.014 0.015 0.015 0.015 0.019 0.022 0.011 0.119 0.321 0.024 0.044 0.11 0.013 0.024 0.032 0.009 0.033 0.095
88 F 0.036 0.019 0.017 0.017 0.011 0.011 0.019 0.025 0.016 0.071 0.114 0.019 0.026 0.366 0.011 0.026 0.027 0.016 0.082 0.073
89 V 0.078 0.025 0.024 0.024 0.018 0.02 0.029 0.034 0.011 0.145 0.135 0.032 0.03 0.035 0.019 0.076 0.053 0.006 0.02 0.188
90 L 0.104 0.028 0.026 0.026 0.017 0.021 0.031 0.041 0.013 0.118 0.19 0.035 0.036 0.038 0.021 0.086 0.049 0.006 0.02 0.094
91 V 0.101 0.026 0.019 0.02 0.018 0.021 0.027 0.047 0.011 0.118 0.152 0.031 0.065 0.037 0.018 0.042 0.045 0.006 0.021 0.175
92 I 0.063 0.021 0.018 0.02 0.017 0.016 0.022 0.026 0.01 0.217 0.163 0.027 0.034 0.04 0.016 0.045 0.044 0.006 0.02 0.174
93 L 0.042 0.024 0.016 0.017 0.014 0.017 0.021 0.024 0.014 0.093 0.246 0.026 0.072 0.166 0.013 0.027 0.032 0.01 0.044 0.08
94 L 0.044 0.021 0.014 0.016 0.016 0.014 0.019 0.021 0.01 0.18 0.274 0.024 0.042 0.074 0.014 0.024 0.035 0.007 0.026 0.125
95 L 0.044 0.024 0.014 0.015 0.016 0.016 0.02 0.021 0.01 0.114 0.385 0.025 0.049 0.054 0.014 0.024 0.033 0.007 0.022 0.095
96 L 0.041 0.022 0.015 0.016 0.014 0.014 0.02 0.023 0.012 0.096 0.289 0.023 0.044 0.168 0.013 0.025 0.03 0.01 0.044 0.081
97 I 0.133 0.022 0.018 0.021 0.018 0.017 0.025 0.04 0.011 0.192 0.127 0.03 0.029 0.035 0.02 0.045 0.043 0.006 0.019 0.147
98 E 0.055 0.061 0.042 0.068 0.008 0.145 0.204 0.038 0.027 0.024 0.041 0.082 0.017 0.015 0.024 0.055 0.038 0.006 0.018 0.033
99 S 0.108 0.04 0.053 0.048 0.017 0.033 0.052 0.065 0.019 0.029 0.041 0.053 0.015 0.021 0.029 0.231 0.081 0.005 0.017 0.041
100 G 0.065 0.027 0.032 0.029 0.012 0.021 0.031 0.158 0.024 0.038 0.062 0.034 0.017 0.14 0.018 0.084 0.041 0.014 0.111 0.041
101 Y 0.04 0.032 0.029 0.023 0.009 0.026 0.034 0.028 0.126 0.038 0.06 0.034 0.018 0.104 0.016 0.033 0.027 0.023 0.26 0.04
102 L 0.077 0.03 0.034 0.032 0.017 0.024 0.035 0.043 0.014 0.113 0.158 0.039 0.029 0.035 0.022 0.128 0.058 0.006 0.019 0.088
103 V 0.113 0.023 0.018 0.02 0.017 0.017 0.025 0.036 0.011 0.142 0.139 0.028 0.029 0.095 0.018 0.041 0.041 0.007 0.031 0.147
104 V 0.114 0.024 0.019 0.021 0.016 0.019 0.027 0.037 0.019 0.132 0.105 0.031 0.026 0.057 0.019 0.043 0.041 0.011 0.096 0.142
105 S 0.072 0.052 0.04 0.037 0.014 0.033 0.047 0.045 0.017 0.046 0.072 0.104 0.035 0.065 0.025 0.107 0.104 0.007 0.026 0.053
106 F 0.05 0.03 0.025 0.037 0.01 0.028 0.096 0.032 0.022 0.039 0.066 0.038 0.018 0.138 0.016 0.044 0.043 0.135 0.09 0.042
107 N 0.047 0.039 0.211 0.196 0.009 0.032 0.064 0.058 0.025 0.023 0.031 0.05 0.011 0.017 0.021 0.076 0.046 0.004 0.014 0.027
108 D 0.046 0.031 0.12 0.228 0.01 0.027 0.062 0.045 0.019 0.067 0.057 0.042 0.016 0.021 0.02 0.05 0.041 0.004 0.014 0.08
109 S 0.085 0.036 0.044 0.039 0.015 0.029 0.043 0.051 0.025 0.037 0.052 0.046 0.017 0.048 0.025 0.158 0.097 0.011 0.095 0.047
110 K 0.056 0.106 0.041 0.041 0.008 0.053 0.07 0.043 0.02 0.027 0.043 0.289 0.015 0.015 0.027 0.053 0.039 0.005 0.017 0.032
111 P 0.056 0.025 0.023 0.031 0.01 0.02 0.036 0.036 0.013 0.025 0.036 0.041 0.01 0.013 0.501 0.043 0.036 0.003 0.013 0.031
112 L 0.046 0.024 0.016 0.017 0.015 0.018 0.021 0.023 0.012 0.148 0.26 0.027 0.075 0.078 0.014 0.027 0.036 0.008 0.027 0.11
113 F 0.043 0.027 0.019 0.019 0.013 0.021 0.025 0.026 0.021 0.077 0.146 0.029 0.098 0.177 0.014 0.031 0.033 0.014 0.096 0.071
114 T 0.09 0.037 0.048 0.043 0.017 0.03 0.045 0.054 0.016 0.041 0.053 0.049 0.017 0.022 0.028 0.161 0.169 0.005 0.017 0.056
115 L 0.051 0.02 0.015 0.017 0.017 0.015 0.019 0.021 0.009 0.21 0.211 0.024 0.038 0.044 0.015 0.026 0.04 0.006 0.021 0.181
116 P 0.056 0.025 0.023 0.031 0.01 0.02 0.036 0.036 0.013 0.025 0.036 0.041 0.01 0.013 0.501 0.043 0.036 0.003 0.013 0.031
117 A 0.243 0.028 0.023 0.026 0.021 0.023 0.036 0.064 0.013 0.072 0.076 0.039 0.021 0.025 0.026 0.071 0.049 0.005 0.018 0.121
118 L 0.051 0.022 0.015 0.016 0.017 0.015 0.02 0.022 0.009 0.168 0.266 0.025 0.041 0.047 0.015 0.026 0.038 0.006 0.021 0.161
119 I 0.046 0.02 0.015 0.017 0.016 0.014 0.019 0.021 0.009 0.233 0.217 0.024 0.039 0.046 0.015 0.026 0.044 0.006 0.021 0.151
120 L 0.109 0.023 0.017 0.019 0.017 0.017 0.024 0.035 0.011 0.152 0.23 0.029 0.037 0.042 0.018 0.039 0.039 0.006 0.02 0.114
121 I 0.053 0.022 0.016 0.018 0.017 0.018 0.021 0.023 0.01 0.206 0.163 0.027 0.069 0.042 0.015 0.029 0.042 0.006 0.021 0.18
122 L 0.041 0.019 0.015 0.017 0.014 0.013 0.018 0.022 0.012 0.167 0.203 0.022 0.036 0.164 0.013 0.025 0.033 0.01 0.043 0.114
123 L 0.051 0.02 0.015 0.017 0.017 0.015 0.019 0.021 0.009 0.21 0.211 0.024 0.038 0.044 0.015 0.026 0.04 0.006 0.021 0.181
124 G 0.149 0.033 0.043 0.04 0.017 0.027 0.042 0.181 0.016 0.03 0.042 0.046 0.014 0.02 0.027 0.149 0.06 0.005 0.016 0.044
125 A 0.253 0.033 0.032 0.034 0.02 0.027 0.043 0.074 0.016 0.039 0.054 0.046 0.017 0.021 0.029 0.121 0.057 0.005 0.017 0.061
126 W 0.043 0.023 0.019 0.019 0.012 0.016 0.024 0.029 0.013 0.1 0.11 0.026 0.024 0.049 0.013 0.033 0.061 0.253 0.044 0.09
127 L 0.076 0.032 0.034 0.032 0.017 0.024 0.036 0.043 0.014 0.071 0.213 0.039 0.032 0.037 0.022 0.128 0.057 0.006 0.02 0.068
128 L 0.042 0.023 0.014 0.015 0.015 0.015 0.02 0.022 0.011 0.107 0.347 0.024 0.046 0.101 0.013 0.024 0.032 0.008 0.031 0.089
129 S 0.114 0.039 0.053 0.048 0.017 0.033 0.051 0.066 0.019 0.03 0.042 0.053 0.016 0.021 0.029 0.227 0.08 0.005 0.017 0.042
130 F 0.089 0.028 0.096 0.035 0.014 0.02 0.031 0.043 0.018 0.074 0.087 0.033 0.022 0.149 0.017 0.048 0.041 0.009 0.041 0.106
131 R 0.047 0.292 0.039 0.033 0.008 0.049 0.056 0.035 0.022 0.024 0.045 0.161 0.015 0.017 0.021 0.046 0.036 0.006 0.017 0.031
132 L 0.046 0.02 0.014 0.017 0.016 0.014 0.018 0.021 0.009 0.226 0.239 0.024 0.04 0.047 0.014 0.024 0.037 0.006 0.021 0.148
133 E 0.112 0.064 0.03 0.051 0.013 0.041 0.147 0.042 0.019 0.05 0.13 0.058 0.023 0.027 0.023 0.053 0.038 0.006 0.018 0.056
134 E 0.055 0.079 0.112 0.061 0.01 0.044 0.115 0.045 0.023 0.031 0.044 0.101 0.015 0.018 0.024 0.066 0.095 0.005 0.017 0.04
135 L 0.083 0.032 0.035 0.033 0.017 0.025 0.037 0.045 0.014 0.082 0.133 0.04 0.038 0.032 0.022 0.131 0.061 0.006 0.019 0.114
136 P 0.053 0.029 0.048 0.22 0.009 0.026 0.064 0.043 0.016 0.024 0.032 0.043 0.01 0.014 0.222 0.063 0.039 0.003 0.012 0.028
137 E 0.056 0.037 0.033 0.059 0.009 0.041 0.17 0.036 0.02 0.03 0.049 0.055 0.014 0.079 0.142 0.061 0.038 0.007 0.027 0.036
138 G 0.118 0.046 0.03 0.035 0.014 0.031 0.062 0.124 0.015 0.093 0.074 0.101 0.02 0.024 0.023 0.053 0.04 0.005 0.017 0.075
139 V 0.059 0.034 0.031 0.087 0.016 0.021 0.037 0.031 0.012 0.14 0.104 0.035 0.026 0.031 0.019 0.047 0.09 0.005 0.018 0.157
140 V 0.063 0.022 0.016 0.017 0.018 0.016 0.022 0.023 0.009 0.15 0.192 0.026 0.036 0.04 0.016 0.03 0.045 0.006 0.021 0.233
141 A 0.119 0.054 0.035 0.047 0.014 0.041 0.112 0.047 0.018 0.055 0.059 0.111 0.018 0.021 0.026 0.065 0.077 0.005 0.017 0.059
142 S 0.073 0.034 0.074 0.135 0.013 0.028 0.056 0.054 0.019 0.032 0.049 0.045 0.015 0.081 0.024 0.138 0.057 0.007 0.027 0.038
143 S 0.137 0.034 0.04 0.038 0.018 0.028 0.043 0.059 0.016 0.061 0.064 0.045 0.019 0.024 0.026 0.158 0.068 0.005 0.018 0.099
144 F 0.039 0.02 0.015 0.016 0.013 0.013 0.019 0.023 0.013 0.116 0.212 0.022 0.035 0.223 0.012 0.025 0.03 0.012 0.054 0.088
145 R 0.05 0.23 0.04 0.036 0.008 0.05 0.061 0.037 0.022 0.025 0.044 0.204 0.015 0.016 0.023 0.048 0.037 0.005 0.017 0.031
146 F 0.103 0.025 0.044 0.025 0.014 0.017 0.027 0.041 0.016 0.063 0.138 0.029 0.026 0.214 0.017 0.043 0.034 0.011 0.053 0.062
147 A 0.243 0.028 0.023 0.026 0.021 0.023 0.036 0.064 0.013 0.072 0.076 0.039 0.021 0.025 0.026 0.071 0.049 0.005 0.018 0.121
148 L 0.058 0.029 0.028 0.026 0.017 0.022 0.029 0.032 0.012 0.083 0.224 0.035 0.034 0.039 0.021 0.058 0.145 0.006 0.02 0.082
149 Y 0.046 0.025 0.02 0.018 0.13 0.019 0.025 0.026 0.037 0.043 0.067 0.028 0.018 0.102 0.016 0.033 0.03 0.022 0.249 0.049
150 V 0.061 0.024 0.023 0.022 0.016 0.018 0.026 0.029 0.012 0.11 0.108 0.029 0.027 0.122 0.018 0.045 0.095 0.008 0.036 0.171
151 F 0.036 0.02 0.016 0.016 0.012 0.012 0.019 0.024 0.015 0.075 0.181 0.02 0.031 0.31 0.011 0.025 0.027 0.014 0.071 0.064
152 L 0.043 0.024 0.014 0.015 0.016 0.016 0.02 0.021 0.011 0.109 0.362 0.024 0.047 0.082 0.014 0.024 0.032 0.008 0.027 0.091
153 F 0.038 0.021 0.015 0.016 0.013 0.013 0.019 0.023 0.013 0.101 0.223 0.022 0.035 0.234 0.012 0.025 0.029 0.012 0.056 0.08
154 F 0.044 0.019 0.016 0.016 0.132 0.012 0.018 0.026 0.013 0.071 0.168 0.021 0.029 0.216 0.013 0.029 0.03 0.011 0.052 0.065
155 G 0.077 0.023 0.039 0.033 0.011 0.019 0.025 0.517 0.013 0.019 0.028 0.033 0.009 0.016 0.019 0.051 0.029 0.005 0.011 0.024
156 W 0.03 0.022 0.015 0.015 0.007 0.015 0.022 0.03 0.015 0.03 0.052 0.022 0.015 0.06 0.007 0.022 0.022 0.5 0.067 0.03
157 L 0.05 0.021 0.015 0.016 0.095 0.015 0.019 0.023 0.009 0.134 0.273 0.024 0.04 0.045 0.015 0.027 0.036 0.006 0.02 0.117
158 A 0.22 0.034 0.037 0.037 0.02 0.028 0.045 0.072 0.016 0.037 0.051 0.048 0.017 0.021 0.029 0.145 0.062 0.005 0.017 0.057
159 V 0.063 0.021 0.016 0.018 0.018 0.015 0.022 0.023 0.008 0.192 0.138 0.025 0.032 0.037 0.016 0.03 0.046 0.006 0.02 0.253
160 F 0.042 0.018 0.016 0.017 0.013 0.012 0.019 0.023 0.013 0.162 0.136 0.021 0.03 0.219 0.013 0.025 0.033 0.011 0.054 0.123
161 R 0.042 0.194 0.036 0.029 0.009 0.037 0.044 0.031 0.106 0.041 0.106 0.076 0.022 0.058 0.017 0.038 0.031 0.007 0.034 0.041
162 T 0.061 0.133 0.041 0.036 0.013 0.039 0.05 0.04 0.018 0.039 0.054 0.124 0.017 0.02 0.025 0.07 0.147 0.006 0.017 0.051
163 I 0.045 0.018 0.015 0.017 0.016 0.013 0.018 0.021 0.009 0.249 0.179 0.023 0.036 0.074 0.014 0.025 0.038 0.007 0.026 0.157
164 D 0.042 0.09 0.061 0.313 0.008 0.034 0.082 0.043 0.019 0.023 0.032 0.077 0.011 0.015 0.022 0.05 0.035 0.004 0.013 0.026
165 I 0.044 0.018 0.015 0.017 0.015 0.013 0.018 0.021 0.01 0.245 0.157 0.022 0.034 0.102 0.014 0.025 0.037 0.008 0.031 0.154
166 G 0.077 0.023 0.039 0.033 0.011 0.019 0.025 0.517 0.013 0.019 0.028 0.033 0.009 0.016 0.019 0.051 0.029 0.005 0.011 0.024
167 N 0.062 0.038 0.183 0.061 0.011 0.03 0.046 0.057 0.023 0.025 0.035 0.05 0.012 0.017 0.143 0.103 0.053 0.004 0.015 0.031
168 Y 0.04 0.028 0.021 0.018 0.009 0.021 0.028 0.025 0.046 0.043 0.067 0.031 0.018 0.129 0.015 0.031 0.028 0.028 0.328 0.046
169 A 0.237 0.034 0.03 0.04 0.019 0.032 0.085 0.068 0.017 0.041 0.055 0.049 0.017 0.021 0.028 0.09 0.05 0.005 0.017 0.065
170 L 0.124 0.029 0.027 0.027 0.018 0.022 0.033 0.046 0.013 0.075 0.217 0.037 0.033 0.037 0.022 0.091 0.049 0.006 0.02 0.075
171 K 0.05 0.091 0.035 0.035 0.009 0.042 0.056 0.038 0.02 0.036 0.06 0.217 0.018 0.11 0.023 0.046 0.035 0.008 0.035 0.038
172 G 0.062 0.026 0.042 0.128 0.01 0.023 0.054 0.262 0.015 0.021 0.03 0.039 0.01 0.015 0.14 0.049 0.033 0.004 0.011 0.026
173 K 0.056 0.106 0.041 0.041 0.008 0.053 0.07 0.043 0.02 0.027 0.043 0.289 0.015 0.015 0.027 0.053 0.039 0.005 0.017 0.032
174 G 0.128 0.025 0.031 0.032 0.013 0.021 0.032 0.287 0.013 0.026 0.037 0.038 0.011 0.016 0.142 0.057 0.036 0.005 0.013 0.037
175 A 0.185 0.026 0.021 0.023 0.02 0.021 0.031 0.051 0.011 0.102 0.093 0.035 0.024 0.028 0.023 0.058 0.049 0.005 0.019 0.174
176 F 0.037 0.018 0.016 0.017 0.012 0.011 0.018 0.024 0.015 0.117 0.126 0.02 0.028 0.308 0.011 0.025 0.029 0.014 0.071 0.084
177 P 0.056 0.025 0.023 0.031 0.01 0.02 0.036 0.036 0.013 0.025 0.036 0.041 0.01 0.013 0.501 0.043 0.036 0.003 0.013 0.031
178 F 0.033 0.019 0.017 0.017 0.01 0.01 0.019 0.025 0.017 0.062 0.113 0.019 0.025 0.396 0.01 0.025 0.025 0.017 0.087 0.054
179 S 0.108 0.04 0.053 0.048 0.017 0.033 0.052 0.065 0.019 0.029 0.041 0.053 0.015 0.021 0.029 0.231 0.081 0.005 0.017 0.041
180 E 0.054 0.049 0.04 0.089 0.007 0.064 0.307 0.034 0.025 0.022 0.036 0.074 0.013 0.016 0.025 0.054 0.036 0.005 0.016 0.031
181 D 0.047 0.039 0.054 0.248 0.007 0.047 0.198 0.04 0.022 0.022 0.032 0.059 0.011 0.016 0.024 0.053 0.036 0.005 0.014 0.027
182 S 0.108 0.04 0.053 0.048 0.017 0.033 0.052 0.065 0.019 0.029 0.041 0.053 0.015 0.021 0.029 0.231 0.081 0.005 0.017 0.041
183 H 0.041 0.045 0.053 0.038 0.007 0.038 0.053 0.038 0.365 0.023 0.038 0.045 0.015 0.03 0.019 0.041 0.026 0.007 0.056 0.023
184 Y 0.04 0.028 0.021 0.018 0.009 0.021 0.028 0.025 0.046 0.043 0.067 0.031 0.018 0.129 0.015 0.031 0.028 0.028 0.328 0.046
185 A 0.301 0.031 0.025 0.029 0.021 0.025 0.04 0.077 0.015 0.043 0.059 0.044 0.017 0.021 0.029 0.084 0.049 0.005 0.017 0.068
186 L 0.044 0.024 0.014 0.015 0.016 0.016 0.02 0.021 0.01 0.114 0.385 0.025 0.049 0.054 0.014 0.024 0.033 0.007 0.022 0.095
187 C 0.066 0.021 0.023 0.021 0.373 0.016 0.022 0.035 0.009 0.046 0.064 0.026 0.017 0.021 0.019 0.053 0.091 0.004 0.013 0.06
188 V 0.135 0.028 0.028 0.028 0.019 0.022 0.034 0.047 0.012 0.109 0.092 0.037 0.024 0.029 0.023 0.094 0.056 0.005 0.019 0.158
189 G 0.077 0.023 0.039 0.033 0.011 0.019 0.025 0.517 0.013 0.019 0.028 0.033 0.009 0.016 0.019 0.051 0.029 0.005 0.011 0.024
190 F 0.036 0.019 0.016 0.017 0.012 0.011 0.019 0.024 0.015 0.103 0.144 0.02 0.029 0.309 0.011 0.025 0.028 0.014 0.071 0.078
191 L 0.041 0.023 0.015 0.015 0.015 0.015 0.02 0.022 0.012 0.101 0.317 0.023 0.043 0.139 0.013 0.024 0.031 0.009 0.038 0.085
192 G 0.091 0.031 0.04 0.037 0.016 0.025 0.038 0.168 0.015 0.06 0.06 0.041 0.018 0.023 0.023 0.136 0.06 0.005 0.016 0.097
193 C 0.061 0.016 0.016 0.016 0.412 0.012 0.016 0.03 0.008 0.084 0.081 0.021 0.019 0.024 0.016 0.038 0.037 0.004 0.013 0.076
194 I 0.112 0.022 0.02 0.022 0.017 0.017 0.025 0.036 0.011 0.203 0.13 0.03 0.03 0.036 0.019 0.045 0.06 0.006 0.019 0.139
195 V 0.089 0.031 0.035 0.033 0.018 0.024 0.037 0.045 0.013 0.096 0.085 0.04 0.023 0.028 0.023 0.132 0.065 0.005 0.019 0.16
196 G 0.077 0.023 0.039 0.033 0.011 0.019 0.025 0.517 0.013 0.019 0.028 0.033 0.009 0.016 0.019 0.051 0.029 0.005 0.011 0.024
197 S 0.076 0.031 0.036 0.033 0.015 0.025 0.037 0.044 0.023 0.096 0.079 0.04 0.021 0.053 0.022 0.13 0.057 0.011 0.096 0.076
198 L 0.055 0.025 0.022 0.022 0.016 0.017 0.025 0.028 0.012 0.098 0.172 0.029 0.031 0.127 0.017 0.043 0.091 0.009 0.037 0.125
199 S 0.094 0.038 0.045 0.041 0.017 0.031 0.046 0.056 0.018 0.047 0.079 0.049 0.055 0.027 0.026 0.182 0.07 0.006 0.019 0.054
200 S 0.09 0.056 0.073 0.049 0.014 0.038 0.056 0.06 0.02 0.028 0.041 0.112 0.015 0.019 0.028 0.173 0.068 0.005 0.017 0.038
201 G 0.071 0.048 0.105 0.043 0.01 0.029 0.042 0.126 0.02 0.035 0.056 0.099 0.016 0.112 0.02 0.052 0.037 0.008 0.033 0.038
202 K 0.051 0.158 0.088 0.045 0.008 0.048 0.062 0.044 0.023 0.025 0.041 0.207 0.015 0.016 0.024 0.053 0.04 0.005 0.017 0.031
203 E 0.057 0.041 0.043 0.062 0.008 0.046 0.173 0.156 0.107 0.021 0.035 0.057 0.012 0.02 0.022 0.05 0.032 0.006 0.025 0.027
204 R 0.05 0.23 0.04 0.036 0.008 0.05 0.061 0.037 0.022 0.025 0.044 0.204 0.015 0.016 0.023 0.048 0.037 0.005 0.017 0.031
205 L 0.052 0.043 0.021 0.023 0.015 0.025 0.032 0.027 0.012 0.142 0.196 0.091 0.038 0.038 0.018 0.033 0.039 0.006 0.02 0.13
206 F 0.044 0.019 0.016 0.017 0.013 0.012 0.02 0.024 0.013 0.124 0.125 0.021 0.028 0.247 0.013 0.027 0.033 0.012 0.059 0.131
207 I 0.046 0.019 0.014 0.017 0.016 0.014 0.018 0.02 0.009 0.24 0.22 0.024 0.039 0.046 0.014 0.024 0.038 0.006 0.021 0.154
208 L 0.041 0.023 0.015 0.015 0.015 0.015 0.02 0.022 0.012 0.101 0.317 0.023 0.043 0.139 0.013 0.024 0.031 0.009 0.038 0.085
209 L 0.146 0.025 0.022 0.023 0.017 0.019 0.028 0.099 0.013 0.081 0.155 0.032 0.027 0.093 0.02 0.05 0.038 0.008 0.03 0.076
210 N 0.042 0.044 0.327 0.082 0.009 0.033 0.049 0.064 0.031 0.022 0.031 0.053 0.011 0.018 0.02 0.069 0.049 0.004 0.015 0.027
211 L 0.046 0.021 0.015 0.016 0.016 0.015 0.019 0.021 0.01 0.197 0.264 0.025 0.049 0.048 0.014 0.025 0.036 0.006 0.021 0.134
212 L 0.065 0.029 0.031 0.029 0.016 0.022 0.032 0.038 0.014 0.083 0.155 0.036 0.028 0.094 0.021 0.093 0.1 0.008 0.03 0.075
213 L 0.117 0.024 0.023 0.024 0.016 0.018 0.026 0.159 0.012 0.114 0.159 0.031 0.028 0.034 0.019 0.046 0.038 0.006 0.018 0.09
214 Q 0.055 0.072 0.043 0.046 0.009 0.226 0.101 0.041 0.029 0.026 0.046 0.09 0.02 0.014 0.023 0.055 0.041 0.006 0.02 0.035
215 A 0.269 0.032 0.03 0.032 0.021 0.026 0.042 0.075 0.015 0.04 0.056 0.045 0.017 0.021 0.029 0.108 0.054 0.005 0.017 0.063
216 V 0.057 0.021 0.015 0.017 0.017 0.015 0.021 0.022 0.009 0.18 0.202 0.025 0.037 0.042 0.015 0.028 0.042 0.006 0.021 0.207
217 L 0.044 0.022 0.014 0.016 0.016 0.015 0.019 0.021 0.01 0.156 0.33 0.025 0.046 0.051 0.014 0.024 0.034 0.007 0.022 0.115
218 F 0.033 0.019 0.017 0.017 0.01 0.01 0.019 0.025 0.017 0.062 0.113 0.019 0.025 0.396 0.01 0.025 0.025 0.017 0.087 0.054
219 P 0.056 0.025 0.023 0.031 0.01 0.02 0.036 0.036 0.013 0.025 0.036 0.041 0.01 0.013 0.501 0.043 0.036 0.003 0.013 0.031
220 N 0.075 0.042 0.19 0.065 0.013 0.033 0.05 0.065 0.025 0.026 0.036 0.053 0.013 0.019 0.025 0.15 0.065 0.005 0.016 0.034
221 L 0.044 0.024 0.014 0.015 0.016 0.016 0.02 0.021 0.01 0.114 0.385 0.025 0.049 0.054 0.014 0.024 0.033 0.007 0.022 0.095
222 T 0.072 0.035 0.043 0.037 0.018 0.027 0.039 0.043 0.014 0.053 0.064 0.045 0.019 0.023 0.027 0.091 0.258 0.006 0.018 0.07
223 L 0.044 0.024 0.014 0.015 0.016 0.016 0.02 0.021 0.01 0.114 0.385 0.025 0.049 0.054 0.014 0.024 0.033 0.007 0.022 0.095
224 L 0.041 0.023 0.015 0.015 0.015 0.015 0.02 0.022 0.012 0.101 0.317 0.023 0.043 0.139 0.013 0.024 0.031 0.009 0.038 0.085
225 V 0.063 0.021 0.016 0.018 0.018 0.015 0.022 0.023 0.008 0.192 0.138 0.025 0.032 0.037 0.016 0.03 0.046 0.006 0.02 0.253
226 F 0.033 0.019 0.017 0.017 0.01 0.01 0.019 0.025 0.017 0.062 0.113 0.019 0.025 0.396 0.01 0.025 0.025 0.017 0.087 0.054
227 S 0.097 0.034 0.044 0.04 0.136 0.028 0.043 0.057 0.016 0.033 0.047 0.045 0.016 0.02 0.026 0.184 0.07 0.005 0.016 0.045
228 L 0.046 0.023 0.016 0.017 0.015 0.017 0.021 0.024 0.013 0.129 0.211 0.026 0.07 0.135 0.014 0.028 0.035 0.009 0.038 0.112
229 L 0.054 0.025 0.017 0.018 0.017 0.02 0.023 0.024 0.012 0.162 0.186 0.029 0.093 0.044 0.015 0.031 0.041 0.007 0.022 0.159
230 C 0.147 0.024 0.024 0.025 0.256 0.019 0.029 0.051 0.012 0.043 0.06 0.033 0.017 0.021 0.022 0.075 0.063 0.005 0.015 0.06
231 C 0.056 0.017 0.015 0.017 0.254 0.013 0.017 0.026 0.008 0.16 0.114 0.022 0.026 0.032 0.015 0.033 0.038 0.005 0.016 0.118
232 F 0.04 0.019 0.016 0.017 0.012 0.012 0.019 0.025 0.015 0.097 0.12 0.02 0.027 0.306 0.012 0.026 0.03 0.014 0.071 0.102
233 L 0.048 0.021 0.014 0.016 0.016 0.015 0.019 0.021 0.009 0.184 0.271 0.024 0.042 0.048 0.014 0.025 0.037 0.006 0.021 0.146
234 F 0.033 0.019 0.017 0.017 0.01 0.01 0.019 0.025 0.017 0.062 0.113 0.019 0.025 0.396 0.01 0.025 0.025 0.017 0.087 0.054
235 W 0.03 0.022 0.015 0.015 0.007 0.015 0.022 0.03 0.015 0.03 0.052 0.022 0.015 0.06 0.007 0.022 0.022 0.5 0.067 0.03
236 F 0.04 0.023 0.017 0.017 0.013 0.016 0.021 0.025 0.015 0.084 0.201 0.024 0.068 0.223 0.013 0.027 0.031 0.012 0.055 0.074
237 S 0.147 0.036 0.044 0.041 0.018 0.029 0.045 0.063 0.017 0.038 0.051 0.049 0.017 0.021 0.029 0.159 0.117 0.005 0.017 0.055
238 K 0.05 0.152 0.112 0.049 0.008 0.047 0.06 0.045 0.024 0.025 0.04 0.187 0.014 0.016 0.023 0.055 0.04 0.005 0.017 0.03
239 R 0.043 0.277 0.11 0.043 0.008 0.044 0.051 0.04 0.025 0.023 0.042 0.102 0.014 0.017 0.019 0.05 0.038 0.005 0.017 0.03
240 L 0.044 0.02 0.015 0.017 0.015 0.013 0.019 0.022 0.011 0.175 0.204 0.023 0.036 0.134 0.013 0.025 0.035 0.009 0.038 0.133
241 L 0.115 0.028 0.024 0.024 0.018 0.021 0.03 0.04 0.012 0.081 0.223 0.035 0.034 0.038 0.021 0.056 0.093 0.006 0.02 0.082
242 L 0.111 0.046 0.024 0.025 0.015 0.027 0.037 0.04 0.014 0.074 0.218 0.096 0.033 0.036 0.021 0.046 0.039 0.006 0.02 0.072
243 L 0.046 0.026 0.015 0.016 0.016 0.019 0.022 0.023 0.011 0.11 0.337 0.028 0.08 0.052 0.014 0.027 0.035 0.007 0.022 0.094
244 L 0.11 0.024 0.018 0.019 0.016 0.017 0.025 0.037 0.012 0.091 0.192 0.028 0.032 0.128 0.017 0.041 0.038 0.009 0.037 0.109
245 V 0.061 0.024 0.022 0.022 0.017 0.018 0.025 0.028 0.01 0.156 0.12 0.029 0.029 0.064 0.018 0.045 0.097 0.007 0.025 0.182
246 L 0.044 0.02 0.015 0.017 0.015 0.013 0.019 0.022 0.011 0.175 0.204 0.023 0.036 0.134 0.013 0.025 0.035 0.009 0.038 0.133
247 I 0.058 0.024 0.025 0.025 0.015 0.018 0.027 0.033 0.013 0.15 0.139 0.03 0.029 0.127 0.017 0.076 0.046 0.008 0.036 0.104
248 L 0.076 0.021 0.016 0.017 0.136 0.015 0.021 0.03 0.01 0.098 0.191 0.025 0.032 0.067 0.016 0.035 0.038 0.007 0.024 0.126
249 V 0.061 0.021 0.016 0.017 0.018 0.015 0.021 0.023 0.008 0.191 0.16 0.025 0.034 0.039 0.016 0.03 0.045 0.006 0.02 0.235
250 L 0.117 0.025 0.018 0.02 0.018 0.019 0.027 0.037 0.011 0.111 0.202 0.031 0.045 0.039 0.019 0.043 0.043 0.006 0.02 0.149
251 I 0.115 0.022 0.018 0.02 0.018 0.017 0.024 0.035 0.01 0.181 0.149 0.029 0.031 0.037 0.019 0.041 0.043 0.006 0.02 0.164
252 V 0.129 0.027 0.029 0.028 0.018 0.022 0.032 0.124 0.012 0.081 0.078 0.036 0.021 0.026 0.023 0.063 0.098 0.005 0.017 0.132
253 S 0.137 0.033 0.037 0.036 0.057 0.027 0.041 0.058 0.016 0.048 0.104 0.044 0.021 0.026 0.026 0.148 0.062 0.005 0.018 0.057
254 G 0.064 0.021 0.027 0.025 0.013 0.016 0.023 0.271 0.013 0.065 0.074 0.028 0.019 0.116 0.016 0.04 0.033 0.008 0.032 0.095
255 A 0.118 0.028 0.026 0.026 0.016 0.022 0.032 0.042 0.021 0.085 0.083 0.036 0.022 0.053 0.022 0.059 0.095 0.011 0.096 0.107
256 L 0.042 0.02 0.015 0.017 0.014 0.013 0.019 0.022 0.012 0.154 0.199 0.022 0.035 0.173 0.013 0.025 0.033 0.01 0.045 0.117
257 V 0.101 0.026 0.021 0.023 0.018 0.021 0.028 0.036 0.012 0.145 0.135 0.033 0.064 0.037 0.019 0.056 0.047 0.006 0.02 0.151
258 L 0.048 0.023 0.015 0.017 0.016 0.017 0.021 0.022 0.01 0.157 0.277 0.026 0.065 0.049 0.015 0.027 0.037 0.007 0.022 0.129
259 Q 0.056 0.056 0.114 0.053 0.011 0.128 0.073 0.047 0.026 0.032 0.047 0.069 0.018 0.018 0.023 0.068 0.097 0.005 0.018 0.042
260 S 0.079 0.032 0.036 0.033 0.015 0.026 0.038 0.045 0.023 0.062 0.091 0.041 0.022 0.053 0.022 0.131 0.058 0.011 0.096 0.087
261 F 0.042 0.025 0.018 0.018 0.013 0.019 0.023 0.026 0.016 0.081 0.153 0.027 0.099 0.222 0.013 0.03 0.032 0.012 0.056 0.073
262 S 0.082 0.056 0.048 0.047 0.013 0.13 0.077 0.053 0.024 0.028 0.044 0.072 0.018 0.018 0.026 0.143 0.061 0.005 0.019 0.038
263 G 0.059 0.026 0.053 0.22 0.009 0.024 0.058 0.282 0.016 0.02 0.028 0.039 0.009 0.015 0.02 0.051 0.032 0.004 0.011 0.024
264 T 0.074 0.033 0.038 0.034 0.017 0.026 0.037 0.043 0.014 0.062 0.139 0.042 0.026 0.03 0.024 0.11 0.157 0.006 0.019 0.069
265 P 0.111 0.023 0.02 0.023 0.015 0.018 0.028 0.04 0.013 0.093 0.09 0.032 0.022 0.118 0.139 0.045 0.038 0.008 0.034 0.09
266 A 0.301 0.031 0.025 0.029 0.021 0.025 0.04 0.077 0.015 0.043 0.059 0.044 0.017 0.021 0.029 0.084 0.049 0.005 0.017 0.068
267 G 0.06 0.02 0.027 0.025 0.012 0.015 0.022 0.27 0.012 0.114 0.088 0.027 0.021 0.088 0.016 0.038 0.032 0.007 0.027 0.079
268 D 0.109 0.04 0.051 0.222 0.011 0.078 0.08 0.052 0.02 0.028 0.04 0.055 0.014 0.016 0.024 0.06 0.04 0.005 0.015 0.038
269 Y 0.04 0.028 0.021 0.018 0.009 0.021 0.028 0.025 0.046 0.043 0.067 0.031 0.018 0.129 0.015 0.031 0.028 0.028 0.328 0.046
270 F 0.036 0.02 0.016 0.016 0.012 0.012 0.019 0.024 0.015 0.075 0.181 0.02 0.031 0.31 0.011 0.025 0.027 0.014 0.071 0.064
271 L 0.1 0.026 0.025 0.025 0.016 0.02 0.027 0.158 0.012 0.071 0.213 0.033 0.031 0.036 0.019 0.058 0.039 0.006 0.018 0.068
272 S 0.108 0.04 0.053 0.048 0.017 0.033 0.052 0.065 0.019 0.029 0.041 0.053 0.015 0.021 0.029 0.231 0.081 0.005 0.017 0.041
273 R 0.044 0.355 0.038 0.031 0.008 0.048 0.052 0.032 0.023 0.023 0.046 0.118 0.015 0.017 0.019 0.044 0.034 0.006 0.017 0.031
274 L 0.048 0.028 0.017 0.017 0.016 0.022 0.024 0.024 0.013 0.106 0.289 0.03 0.111 0.051 0.015 0.03 0.036 0.007 0.023 0.093
275 D 0.074 0.034 0.124 0.232 0.011 0.03 0.067 0.054 0.02 0.029 0.037 0.046 0.012 0.017 0.023 0.065 0.071 0.004 0.014 0.036
276 L 0.042 0.021 0.015 0.016 0.015 0.014 0.019 0.022 0.011 0.143 0.262 0.023 0.04 0.137 0.013 0.024 0.033 0.009 0.038 0.104
277 S 0.108 0.04 0.053 0.048 0.017 0.033 0.052 0.065 0.019 0.029 0.041 0.053 0.015 0.021 0.029 0.231 0.081 0.005 0.017 0.041
278 D 0.081 0.055 0.048 0.144 0.01 0.044 0.129 0.048 0.02 0.026 0.038 0.114 0.013 0.017 0.026 0.085 0.045 0.005 0.015 0.034
279 D 0.042 0.114 0.125 0.231 0.008 0.035 0.07 0.047 0.023 0.022 0.033 0.065 0.011 0.016 0.021 0.054 0.038 0.004 0.014 0.026
280 S 0.099 0.038 0.051 0.045 0.017 0.031 0.048 0.06 0.018 0.035 0.047 0.051 0.016 0.021 0.029 0.196 0.125 0.005 0.017 0.048
281 N 0.058 0.039 0.194 0.155 0.011 0.032 0.06 0.06 0.025 0.024 0.033 0.051 0.012 0.018 0.023 0.105 0.053 0.004 0.015 0.03
282 N 0.042 0.044 0.327 0.082 0.009 0.033 0.049 0.064 0.031 0.022 0.031 0.053 0.011 0.018 0.02 0.069 0.049 0.004 0.015 0.027
283 L 0.046 0.026 0.015 0.016 0.016 0.019 0.022 0.023 0.011 0.11 0.337 0.028 0.08 0.052 0.014 0.027 0.035 0.007 0.022 0.094
284 T 0.072 0.035 0.043 0.037 0.018 0.027 0.039 0.043 0.014 0.053 0.064 0.045 0.019 0.023 0.027 0.091 0.258 0.006 0.018 0.07
285 T 0.072 0.035 0.043 0.037 0.018 0.027 0.039 0.043 0.014 0.053 0.064 0.045 0.019 0.023 0.027 0.091 0.258 0.006 0.018 0.07
286 L 0.044 0.024 0.014 0.015 0.016 0.016 0.02 0.021 0.01 0.114 0.385 0.025 0.049 0.054 0.014 0.024 0.033 0.007 0.022 0.095
287 V 0.069 0.022 0.016 0.018 0.019 0.016 0.023 0.024 0.008 0.162 0.128 0.026 0.031 0.035 0.016 0.032 0.049 0.005 0.02 0.28
288 F 0.033 0.019 0.017 0.017 0.01 0.01 0.019 0.025 0.017 0.062 0.113 0.019 0.025 0.396 0.01 0.025 0.025 0.017 0.087 0.054
289 L 0.044 0.024 0.014 0.015 0.016 0.016 0.02 0.021 0.01 0.114 0.385 0.025 0.049 0.054 0.014 0.024 0.033 0.007 0.022 0.095
290 Q 0.055 0.072 0.043 0.046 0.009 0.226 0.101 0.041 0.029 0.026 0.046 0.09 0.02 0.014 0.023 0.055 0.041 0.006 0.02 0.035
291 G 0.077 0.023 0.039 0.033 0.011 0.019 0.025 0.517 0.013 0.019 0.028 0.033 0.009 0.016 0.019 0.051 0.029 0.005 0.011 0.024
292 I 0.046 0.019 0.014 0.017 0.016 0.014 0.018 0.02 0.009 0.24 0.22 0.024 0.039 0.046 0.014 0.024 0.038 0.006 0.021 0.154
293 D 0.04 0.029 0.068 0.406 0.007 0.029 0.09 0.046 0.018 0.022 0.028 0.044 0.009 0.015 0.022 0.051 0.035 0.004 0.011 0.024
294 D 0.04 0.029 0.068 0.406 0.007 0.029 0.09 0.046 0.018 0.022 0.028 0.044 0.009 0.015 0.022 0.051 0.035 0.004 0.011 0.024
295 A 0.204 0.035 0.039 0.039 0.019 0.029 0.046 0.071 0.017 0.036 0.05 0.049 0.016 0.021 0.029 0.158 0.065 0.005 0.017 0.055
296 R 0.047 0.126 0.029 0.027 0.01 0.034 0.042 0.03 0.025 0.094 0.08 0.115 0.021 0.051 0.019 0.038 0.035 0.011 0.096 0.071
297 R 0.043 0.277 0.11 0.043 0.008 0.044 0.051 0.04 0.025 0.023 0.042 0.102 0.014 0.017 0.019 0.05 0.038 0.005 0.017 0.03
298 A 0.253 0.033 0.032 0.034 0.02 0.027 0.043 0.074 0.016 0.039 0.054 0.046 0.017 0.021 0.029 0.121 0.057 0.005 0.017 0.061
299 L 0.044 0.022 0.014 0.016 0.016 0.015 0.019 0.021 0.01 0.156 0.33 0.025 0.046 0.051 0.014 0.024 0.034 0.007 0.022 0.115
300 L 0.057 0.034 0.031 0.041 0.014 0.032 0.098 0.032 0.015 0.083 0.157 0.045 0.039 0.033 0.021 0.055 0.11 0.006 0.019 0.077
301 D 0.044 0.038 0.126 0.246 0.008 0.039 0.134 0.048 0.023 0.022 0.031 0.054 0.011 0.016 0.022 0.056 0.039 0.004 0.013 0.026
302 T 0.081 0.036 0.045 0.04 0.017 0.029 0.042 0.048 0.015 0.047 0.058 0.047 0.018 0.023 0.028 0.126 0.213 0.006 0.017 0.063
303 Y 0.058 0.036 0.037 0.031 0.011 0.034 0.041 0.038 0.11 0.035 0.054 0.041 0.017 0.077 0.02 0.084 0.041 0.017 0.181 0.039
304 G 0.077 0.023 0.039 0.033 0.011 0.019 0.025 0.517 0.013 0.019 0.028 0.033 0.009 0.016 0.019 0.051 0.029 0.005 0.011 0.024
305 L 0.052 0.024 0.021 0.021 0.016 0.018 0.024 0.026 0.01 0.156 0.224 0.029 0.037 0.042 0.018 0.041 0.092 0.006 0.02 0.12
306 G 0.077 0.023 0.039 0.033 0.011 0.019 0.025 0.517 0.013 0.019 0.028 0.033 0.009 0.016 0.019 0.051 0.029 0.005 0.011 0.024
307 L 0.044 0.024 0.014 0.015 0.016 0.016 0.02 0.021 0.01 0.114 0.385 0.025 0.049 0.054 0.014 0.024 0.033 0.007 0.022 0.095
308 G 0.077 0.023 0.039 0.033 0.011 0.019 0.025 0.517 0.013 0.019 0.028 0.033 0.009 0.016 0.019 0.051 0.029 0.005 0.011 0.024
309 F 0.036 0.02 0.016 0.016 0.012 0.012 0.019 0.024 0.015 0.075 0.181 0.02 0.031 0.31 0.011 0.025 0.027 0.014 0.071 0.064
310 Q 0.055 0.072 0.043 0.046 0.009 0.226 0.101 0.041 0.029 0.026 0.046 0.09 0.02 0.014 0.023 0.055 0.041 0.006 0.02 0.035
311 R 0.048 0.193 0.029 0.025 0.012 0.038 0.04 0.03 0.019 0.061 0.12 0.077 0.094 0.032 0.017 0.04 0.037 0.007 0.02 0.061
312 A 0.301 0.031 0.025 0.029 0.021 0.025 0.04 0.077 0.015 0.043 0.059 0.044 0.017 0.021 0.029 0.084 0.049 0.005 0.017 0.068
313 G 0.077 0.023 0.039 0.033 0.011 0.019 0.025 0.517 0.013 0.019 0.028 0.033 0.009 0.016 0.019 0.051 0.029 0.005 0.011 0.024
314 T 0.072 0.035 0.043 0.037 0.018 0.027 0.039 0.043 0.014 0.053 0.064 0.045 0.019 0.023 0.027 0.091 0.258 0.006 0.018 0.07
315 D 0.041 0.033 0.133 0.325 0.008 0.03 0.08 0.05 0.022 0.022 0.028 0.046 0.01 0.015 0.022 0.056 0.038 0.004 0.012 0.025
316 G 0.065 0.045 0.042 0.052 0.011 0.084 0.119 0.146 0.02 0.03 0.044 0.061 0.016 0.018 0.024 0.068 0.092 0.006 0.016 0.04
317 V 0.059 0.023 0.017 0.02 0.016 0.017 0.025 0.026 0.01 0.116 0.169 0.029 0.03 0.034 0.137 0.033 0.041 0.005 0.019 0.171
318 G 0.077 0.023 0.039 0.033 0.011 0.019 0.025 0.517 0.013 0.019 0.028 0.033 0.009 0.016 0.019 0.051 0.029 0.005 0.011 0.024
319 E 0.114 0.043 0.031 0.045 0.013 0.077 0.116 0.043 0.019 0.093 0.077 0.063 0.021 0.024 0.023 0.054 0.041 0.006 0.018 0.077
