#Seq2Logo.py -f /work3/idamei/ssn-clusterings/2206011120/clusters/0010_292/sequences.afa -m 0.0001 -b 50 -o /work3/idamei/ssn-clusterings/2206011120/clusters/0010_292/sequences.logo -p 640x1000 -l 30
#Position Specific Frequency Matrix
A R N D C Q E G H I L K M F P S T W Y V
0 M 0.046 0.028 0.018 0.018 0.014 0.025 0.025 0.025 0.014 0.088 0.173 0.032 0.264 0.042 0.014 0.032 0.035 0.007 0.021 0.081
1 F 0.049 0.082 0.026 0.025 0.012 0.023 0.032 0.031 0.014 0.086 0.122 0.079 0.022 0.135 0.017 0.071 0.073 0.008 0.032 0.061
2 L 0.047 0.027 0.073 0.027 0.013 0.02 0.027 0.031 0.018 0.071 0.271 0.031 0.031 0.05 0.016 0.069 0.037 0.008 0.071 0.064
3 R 0.045 0.345 0.039 0.031 0.008 0.048 0.052 0.033 0.023 0.023 0.047 0.12 0.016 0.017 0.019 0.045 0.035 0.006 0.017 0.031
4 Y 0.04 0.028 0.022 0.019 0.009 0.022 0.028 0.025 0.047 0.044 0.068 0.031 0.019 0.131 0.016 0.031 0.028 0.028 0.318 0.047
5 F 0.034 0.019 0.017 0.017 0.011 0.011 0.019 0.025 0.017 0.063 0.114 0.019 0.025 0.387 0.011 0.025 0.025 0.017 0.089 0.055
6 A 0.149 0.021 0.021 0.022 0.015 0.016 0.024 0.126 0.012 0.138 0.09 0.029 0.022 0.096 0.018 0.045 0.036 0.007 0.027 0.086
7 S 0.11 0.04 0.054 0.049 0.018 0.033 0.052 0.066 0.019 0.03 0.042 0.054 0.016 0.021 0.03 0.22 0.082 0.005 0.018 0.042
8 I 0.047 0.018 0.015 0.018 0.016 0.013 0.018 0.021 0.009 0.271 0.168 0.024 0.037 0.044 0.015 0.025 0.04 0.006 0.021 0.177
9 F 0.034 0.019 0.017 0.017 0.011 0.011 0.019 0.025 0.017 0.063 0.114 0.019 0.025 0.387 0.011 0.025 0.025 0.017 0.089 0.055
10 R 0.045 0.345 0.039 0.031 0.008 0.048 0.052 0.033 0.023 0.023 0.047 0.12 0.016 0.017 0.019 0.045 0.035 0.006 0.017 0.031
11 K 0.103 0.126 0.035 0.034 0.011 0.04 0.052 0.043 0.017 0.031 0.046 0.204 0.015 0.017 0.024 0.058 0.083 0.005 0.016 0.041
12 K 0.044 0.133 0.11 0.126 0.008 0.04 0.061 0.042 0.021 0.023 0.035 0.175 0.012 0.015 0.022 0.05 0.037 0.004 0.014 0.027
13 P 0.057 0.026 0.026 0.034 0.01 0.023 0.074 0.101 0.013 0.064 0.046 0.039 0.013 0.016 0.288 0.073 0.037 0.004 0.013 0.044
14 R 0.043 0.251 0.033 0.029 0.007 0.041 0.049 0.031 0.022 0.024 0.042 0.194 0.014 0.027 0.019 0.041 0.031 0.007 0.064 0.03
15 F 0.041 0.031 0.021 0.02 0.011 0.019 0.027 0.025 0.02 0.09 0.127 0.067 0.023 0.159 0.015 0.034 0.066 0.012 0.128 0.064
16 L 0.042 0.019 0.014 0.016 0.014 0.013 0.018 0.02 0.009 0.221 0.247 0.023 0.034 0.039 0.081 0.024 0.032 0.005 0.018 0.113
17 W 0.029 0.019 0.014 0.014 0.008 0.012 0.019 0.024 0.013 0.076 0.073 0.019 0.018 0.154 0.008 0.021 0.022 0.351 0.059 0.048
18 L 0.043 0.021 0.015 0.015 0.014 0.015 0.018 0.088 0.009 0.091 0.399 0.023 0.039 0.044 0.013 0.024 0.029 0.006 0.018 0.077
19 L 0.089 0.023 0.018 0.019 0.015 0.017 0.023 0.03 0.01 0.116 0.312 0.027 0.035 0.039 0.016 0.065 0.037 0.006 0.018 0.084
20 L 0.09 0.022 0.021 0.021 0.013 0.016 0.024 0.1 0.012 0.094 0.171 0.027 0.025 0.139 0.016 0.068 0.035 0.008 0.032 0.067
21 F 0.032 0.022 0.02 0.018 0.009 0.015 0.022 0.024 0.074 0.047 0.082 0.022 0.02 0.321 0.011 0.025 0.023 0.016 0.155 0.043
22 L 0.045 0.019 0.013 0.015 0.015 0.013 0.018 0.019 0.008 0.209 0.253 0.022 0.035 0.04 0.013 0.023 0.035 0.005 0.019 0.179
23 I 0.042 0.018 0.013 0.015 0.014 0.012 0.017 0.019 0.009 0.231 0.213 0.021 0.033 0.093 0.013 0.023 0.033 0.007 0.026 0.149
24 L 0.081 0.024 0.024 0.024 0.015 0.019 0.027 0.034 0.011 0.144 0.179 0.031 0.028 0.033 0.018 0.118 0.047 0.005 0.017 0.12
25 N 0.037 0.039 0.401 0.073 0.008 0.03 0.043 0.057 0.028 0.02 0.028 0.047 0.01 0.016 0.018 0.061 0.043 0.004 0.014 0.024
26 I 0.044 0.018 0.014 0.016 0.015 0.014 0.018 0.019 0.009 0.267 0.184 0.023 0.062 0.039 0.013 0.024 0.035 0.005 0.019 0.162
27 I 0.044 0.021 0.019 0.018 0.012 0.016 0.022 0.022 0.021 0.173 0.099 0.026 0.024 0.064 0.015 0.032 0.07 0.012 0.162 0.126
28 A 0.179 0.028 0.027 0.027 0.014 0.023 0.034 0.048 0.024 0.035 0.051 0.037 0.015 0.055 0.021 0.117 0.044 0.012 0.16 0.047
29 C 0.097 0.023 0.026 0.024 0.147 0.017 0.027 0.038 0.012 0.043 0.065 0.029 0.017 0.13 0.018 0.084 0.113 0.007 0.03 0.052
30 F 0.042 0.019 0.017 0.017 0.013 0.013 0.019 0.023 0.011 0.148 0.152 0.022 0.027 0.196 0.013 0.03 0.069 0.009 0.04 0.12
31 L 0.039 0.022 0.018 0.017 0.013 0.016 0.021 0.021 0.066 0.18 0.237 0.025 0.032 0.05 0.013 0.024 0.03 0.008 0.071 0.097
32 I 0.04 0.02 0.015 0.016 0.013 0.016 0.019 0.021 0.014 0.214 0.137 0.024 0.087 0.102 0.013 0.025 0.032 0.009 0.074 0.109
33 L 0.037 0.018 0.014 0.015 0.012 0.013 0.017 0.02 0.014 0.179 0.201 0.021 0.031 0.156 0.012 0.023 0.029 0.01 0.081 0.096
34 S 0.056 0.033 0.083 0.092 0.012 0.059 0.047 0.041 0.017 0.072 0.059 0.042 0.017 0.075 0.02 0.114 0.081 0.006 0.023 0.052
35 T 0.06 0.038 0.13 0.045 0.013 0.062 0.045 0.045 0.018 0.034 0.045 0.048 0.015 0.018 0.022 0.102 0.194 0.005 0.015 0.046
36 G 0.055 0.085 0.126 0.041 0.009 0.027 0.036 0.308 0.018 0.019 0.029 0.086 0.01 0.015 0.018 0.049 0.032 0.005 0.012 0.024
37 E 0.05 0.089 0.059 0.046 0.009 0.072 0.132 0.035 0.072 0.033 0.055 0.06 0.045 0.021 0.02 0.065 0.073 0.005 0.021 0.038
38 L 0.038 0.021 0.013 0.014 0.014 0.014 0.018 0.019 0.01 0.096 0.408 0.022 0.041 0.1 0.012 0.021 0.028 0.007 0.027 0.08
39 L 0.04 0.02 0.015 0.015 0.012 0.014 0.019 0.02 0.017 0.15 0.192 0.023 0.029 0.112 0.013 0.024 0.03 0.011 0.122 0.121
40 G 0.069 0.02 0.034 0.03 0.009 0.017 0.022 0.57 0.012 0.017 0.025 0.03 0.008 0.014 0.017 0.045 0.026 0.005 0.009 0.021
41 E 0.044 0.037 0.045 0.226 0.007 0.045 0.269 0.035 0.02 0.019 0.029 0.056 0.01 0.014 0.022 0.047 0.032 0.004 0.013 0.025
42 V 0.06 0.024 0.024 0.023 0.015 0.018 0.026 0.03 0.011 0.089 0.131 0.029 0.025 0.083 0.017 0.076 0.116 0.006 0.025 0.171
43 K 0.058 0.056 0.13 0.053 0.009 0.072 0.097 0.047 0.022 0.023 0.035 0.134 0.013 0.015 0.022 0.118 0.046 0.005 0.015 0.03
44 G 0.057 0.028 0.033 0.083 0.011 0.055 0.039 0.233 0.013 0.048 0.095 0.037 0.017 0.021 0.018 0.045 0.07 0.005 0.014 0.078
45 V 0.054 0.02 0.018 0.018 0.015 0.014 0.021 0.024 0.01 0.11 0.104 0.023 0.025 0.138 0.014 0.034 0.075 0.007 0.033 0.244
46 P 0.053 0.033 0.074 0.04 0.01 0.061 0.083 0.036 0.017 0.042 0.052 0.044 0.015 0.072 0.153 0.075 0.039 0.005 0.023 0.073
47 I 0.041 0.018 0.015 0.017 0.012 0.013 0.02 0.022 0.014 0.175 0.106 0.023 0.024 0.15 0.08 0.026 0.031 0.01 0.08 0.124
48 N 0.053 0.042 0.172 0.054 0.009 0.032 0.084 0.113 0.02 0.021 0.031 0.086 0.011 0.015 0.087 0.085 0.041 0.004 0.013 0.027
49 D 0.055 0.036 0.136 0.167 0.009 0.035 0.138 0.047 0.021 0.021 0.03 0.05 0.011 0.015 0.022 0.118 0.045 0.004 0.013 0.027
50 G 0.095 0.037 0.035 0.091 0.01 0.029 0.086 0.108 0.019 0.026 0.038 0.081 0.012 0.027 0.088 0.08 0.037 0.007 0.062 0.033
51 E 0.051 0.032 0.031 0.045 0.01 0.033 0.16 0.098 0.02 0.033 0.05 0.044 0.014 0.085 0.019 0.05 0.106 0.009 0.07 0.04
52 P 0.093 0.024 0.022 0.024 0.014 0.018 0.028 0.033 0.01 0.098 0.118 0.032 0.021 0.025 0.153 0.048 0.112 0.004 0.016 0.105
53 L 0.095 0.024 0.022 0.022 0.015 0.018 0.026 0.033 0.01 0.115 0.221 0.03 0.03 0.034 0.018 0.073 0.078 0.005 0.018 0.116
54 F 0.04 0.02 0.017 0.017 0.012 0.014 0.019 0.09 0.012 0.104 0.194 0.022 0.057 0.197 0.012 0.026 0.028 0.009 0.04 0.071
55 L 0.036 0.071 0.017 0.016 0.011 0.017 0.022 0.022 0.02 0.096 0.177 0.032 0.026 0.163 0.013 0.025 0.027 0.013 0.129 0.066
56 I 0.062 0.024 0.026 0.026 0.015 0.019 0.027 0.033 0.011 0.203 0.144 0.031 0.027 0.032 0.018 0.132 0.048 0.005 0.017 0.102
57 L 0.08 0.024 0.063 0.023 0.013 0.017 0.023 0.03 0.012 0.077 0.305 0.027 0.033 0.092 0.014 0.033 0.032 0.007 0.026 0.069
58 L 0.085 0.02 0.014 0.016 0.015 0.014 0.019 0.025 0.009 0.196 0.246 0.024 0.034 0.039 0.015 0.029 0.035 0.005 0.018 0.142
59 L 0.039 0.021 0.013 0.014 0.014 0.014 0.017 0.019 0.009 0.134 0.414 0.022 0.042 0.047 0.013 0.021 0.03 0.006 0.019 0.093
60 L 0.043 0.018 0.013 0.015 0.015 0.013 0.017 0.019 0.008 0.236 0.258 0.022 0.036 0.041 0.013 0.023 0.034 0.006 0.019 0.154
61 L 0.09 0.019 0.015 0.016 0.082 0.014 0.02 0.027 0.008 0.161 0.192 0.024 0.03 0.034 0.015 0.032 0.036 0.005 0.017 0.163
62 I 0.084 0.019 0.018 0.019 0.013 0.015 0.02 0.095 0.011 0.167 0.111 0.024 0.054 0.14 0.014 0.033 0.032 0.008 0.032 0.091
63 F 0.067 0.028 0.034 0.031 0.013 0.021 0.034 0.042 0.015 0.04 0.063 0.035 0.017 0.185 0.02 0.176 0.087 0.008 0.039 0.044
64 Y 0.035 0.024 0.019 0.016 0.008 0.018 0.024 0.022 0.038 0.04 0.065 0.026 0.017 0.158 0.013 0.027 0.024 0.023 0.361 0.042
65 V 0.047 0.018 0.014 0.015 0.08 0.013 0.018 0.022 0.009 0.127 0.143 0.021 0.026 0.089 0.012 0.026 0.034 0.075 0.03 0.18
66 F 0.039 0.019 0.016 0.015 0.011 0.013 0.02 0.022 0.019 0.073 0.094 0.021 0.022 0.268 0.012 0.025 0.028 0.015 0.144 0.124
67 F 0.078 0.019 0.015 0.016 0.012 0.012 0.02 0.028 0.013 0.07 0.14 0.021 0.025 0.301 0.012 0.03 0.028 0.011 0.055 0.093
68 L 0.043 0.036 0.069 0.029 0.012 0.093 0.041 0.029 0.017 0.068 0.227 0.042 0.088 0.034 0.016 0.036 0.034 0.006 0.019 0.063
69 V 0.049 0.02 0.019 0.019 0.013 0.015 0.021 0.092 0.01 0.112 0.132 0.024 0.024 0.087 0.014 0.034 0.07 0.075 0.03 0.139
70 F 0.042 0.018 0.016 0.018 0.011 0.013 0.021 0.024 0.011 0.135 0.097 0.023 0.022 0.19 0.147 0.027 0.03 0.008 0.039 0.108
71 L 0.039 0.02 0.013 0.014 0.013 0.013 0.018 0.02 0.01 0.124 0.277 0.021 0.034 0.097 0.012 0.022 0.03 0.076 0.032 0.116
72 F 0.03 0.018 0.015 0.015 0.009 0.011 0.018 0.022 0.018 0.053 0.095 0.018 0.022 0.419 0.01 0.023 0.023 0.016 0.118 0.047
73 N 0.047 0.133 0.171 0.051 0.009 0.034 0.083 0.042 0.021 0.063 0.048 0.061 0.014 0.019 0.019 0.081 0.041 0.005 0.015 0.043
74 F 0.091 0.025 0.024 0.023 0.012 0.018 0.028 0.037 0.017 0.046 0.111 0.03 0.02 0.149 0.016 0.102 0.038 0.079 0.085 0.048
75 L 0.096 0.022 0.019 0.02 0.015 0.017 0.024 0.031 0.01 0.094 0.18 0.027 0.028 0.086 0.016 0.068 0.041 0.006 0.025 0.174
76 V 0.049 0.082 0.03 0.08 0.011 0.025 0.039 0.031 0.018 0.086 0.07 0.081 0.018 0.088 0.017 0.068 0.037 0.008 0.071 0.09
77 R 0.05 0.204 0.038 0.033 0.008 0.041 0.052 0.036 0.071 0.023 0.038 0.188 0.014 0.016 0.021 0.076 0.036 0.005 0.02 0.028
78 I 0.042 0.016 0.013 0.015 0.014 0.012 0.016 0.019 0.009 0.295 0.137 0.02 0.03 0.091 0.013 0.023 0.034 0.006 0.026 0.167
79 R 0.042 0.202 0.034 0.03 0.007 0.039 0.048 0.032 0.071 0.026 0.046 0.184 0.015 0.072 0.019 0.04 0.03 0.006 0.027 0.03
80 V 0.051 0.02 0.018 0.019 0.014 0.015 0.022 0.024 0.009 0.16 0.103 0.025 0.025 0.083 0.082 0.034 0.074 0.006 0.024 0.19
81 N 0.042 0.044 0.123 0.094 0.009 0.029 0.045 0.038 0.021 0.066 0.049 0.119 0.014 0.03 0.086 0.044 0.035 0.007 0.062 0.044
82 K 0.065 0.051 0.034 0.033 0.077 0.031 0.043 0.108 0.015 0.025 0.038 0.16 0.012 0.015 0.089 0.111 0.042 0.004 0.013 0.032
83 L 0.041 0.022 0.062 0.022 0.013 0.015 0.021 0.024 0.012 0.123 0.275 0.025 0.033 0.092 0.013 0.027 0.033 0.007 0.026 0.115
84 R 0.042 0.145 0.027 0.027 0.009 0.066 0.045 0.029 0.017 0.079 0.112 0.135 0.021 0.077 0.017 0.036 0.032 0.006 0.024 0.054
85 F 0.051 0.024 0.029 0.085 0.011 0.022 0.075 0.098 0.014 0.087 0.073 0.032 0.018 0.132 0.016 0.069 0.036 0.007 0.03 0.09
86 N 0.057 0.043 0.219 0.054 0.011 0.03 0.043 0.051 0.021 0.037 0.042 0.084 0.014 0.018 0.02 0.119 0.049 0.004 0.015 0.069
87 D 0.042 0.075 0.038 0.191 0.009 0.025 0.049 0.033 0.018 0.036 0.089 0.044 0.016 0.031 0.085 0.043 0.069 0.007 0.062 0.038
88 D 0.041 0.03 0.07 0.391 0.008 0.03 0.092 0.047 0.019 0.023 0.028 0.045 0.009 0.015 0.023 0.053 0.036 0.004 0.011 0.025
89 C 0.055 0.035 0.076 0.046 0.143 0.065 0.126 0.038 0.018 0.026 0.04 0.047 0.013 0.015 0.087 0.079 0.039 0.004 0.014 0.034
90 N 0.045 0.093 0.124 0.041 0.009 0.066 0.048 0.038 0.072 0.037 0.044 0.093 0.014 0.018 0.086 0.045 0.036 0.005 0.019 0.068
91 L 0.047 0.07 0.017 0.018 0.013 0.018 0.023 0.022 0.01 0.157 0.188 0.034 0.029 0.033 0.082 0.028 0.035 0.005 0.017 0.156
92 N 0.048 0.074 0.189 0.06 0.009 0.042 0.058 0.053 0.025 0.024 0.036 0.176 0.013 0.016 0.023 0.06 0.043 0.005 0.016 0.029
93 W 0.029 0.022 0.015 0.015 0.007 0.015 0.022 0.029 0.015 0.029 0.051 0.022 0.015 0.059 0.007 0.022 0.022 0.507 0.066 0.029
94 C 0.052 0.03 0.176 0.048 0.254 0.022 0.032 0.047 0.019 0.033 0.047 0.036 0.013 0.019 0.018 0.054 0.042 0.004 0.014 0.041
95 R 0.049 0.234 0.039 0.035 0.008 0.049 0.06 0.037 0.021 0.025 0.044 0.208 0.015 0.016 0.023 0.048 0.036 0.005 0.017 0.031
96 A 0.132 0.029 0.072 0.037 0.013 0.026 0.075 0.044 0.016 0.081 0.078 0.039 0.048 0.079 0.019 0.081 0.041 0.006 0.024 0.062
97 E 0.055 0.05 0.04 0.09 0.007 0.064 0.296 0.035 0.026 0.022 0.037 0.076 0.013 0.017 0.026 0.055 0.037 0.006 0.017 0.031
98 D 0.051 0.044 0.041 0.155 0.009 0.071 0.143 0.037 0.018 0.064 0.047 0.091 0.015 0.017 0.021 0.078 0.038 0.004 0.014 0.044
99 D 0.043 0.04 0.034 0.136 0.009 0.026 0.046 0.099 0.018 0.037 0.095 0.113 0.017 0.087 0.017 0.038 0.029 0.008 0.07 0.037
100 R 0.04 0.223 0.027 0.023 0.009 0.028 0.034 0.027 0.017 0.043 0.109 0.065 0.02 0.132 0.015 0.038 0.067 0.008 0.032 0.044
101 I 0.038 0.018 0.013 0.015 0.012 0.012 0.018 0.021 0.01 0.179 0.15 0.02 0.027 0.096 0.011 0.022 0.03 0.144 0.036 0.126
102 G 0.072 0.022 0.036 0.031 0.01 0.018 0.025 0.506 0.012 0.018 0.026 0.032 0.009 0.015 0.018 0.079 0.032 0.005 0.01 0.023
103 I 0.038 0.036 0.019 0.02 0.01 0.021 0.028 0.026 0.013 0.155 0.089 0.107 0.022 0.089 0.014 0.028 0.03 0.144 0.035 0.078
104 L 0.043 0.02 0.017 0.017 0.013 0.014 0.02 0.022 0.01 0.121 0.234 0.023 0.032 0.145 0.013 0.03 0.069 0.008 0.033 0.116
105 L 0.042 0.018 0.013 0.015 0.014 0.013 0.017 0.019 0.009 0.198 0.252 0.021 0.035 0.094 0.012 0.023 0.032 0.007 0.026 0.141
106 L 0.122 0.02 0.016 0.017 0.014 0.014 0.021 0.032 0.011 0.139 0.188 0.025 0.028 0.142 0.015 0.035 0.033 0.008 0.033 0.087
107 F 0.043 0.017 0.014 0.015 0.013 0.012 0.018 0.022 0.011 0.127 0.111 0.02 0.026 0.248 0.012 0.025 0.032 0.01 0.048 0.178
108 L 0.041 0.022 0.014 0.015 0.014 0.016 0.019 0.02 0.01 0.163 0.306 0.024 0.096 0.044 0.013 0.024 0.032 0.006 0.02 0.101
109 Q 0.049 0.064 0.039 0.041 0.008 0.311 0.09 0.036 0.026 0.023 0.041 0.08 0.018 0.013 0.021 0.049 0.036 0.005 0.018 0.031
110 I 0.089 0.019 0.017 0.019 0.015 0.015 0.021 0.027 0.009 0.254 0.12 0.026 0.028 0.033 0.016 0.037 0.075 0.005 0.017 0.157
111 L 0.057 0.023 0.023 0.022 0.08 0.018 0.023 0.163 0.011 0.061 0.209 0.028 0.055 0.031 0.016 0.067 0.035 0.005 0.016 0.058
112 F 0.03 0.017 0.015 0.015 0.009 0.009 0.017 0.022 0.015 0.056 0.1 0.017 0.022 0.462 0.009 0.022 0.022 0.015 0.078 0.048
113 V 0.087 0.02 0.015 0.017 0.015 0.015 0.021 0.027 0.01 0.162 0.163 0.025 0.058 0.089 0.015 0.031 0.036 0.007 0.026 0.163
114 L 0.122 0.02 0.016 0.017 0.014 0.014 0.021 0.032 0.011 0.139 0.188 0.025 0.028 0.142 0.015 0.035 0.033 0.008 0.033 0.087
115 Y 0.033 0.022 0.018 0.016 0.009 0.015 0.022 0.022 0.031 0.045 0.075 0.023 0.019 0.245 0.012 0.025 0.024 0.021 0.28 0.044
116 F 0.045 0.028 0.164 0.04 0.01 0.02 0.031 0.04 0.019 0.05 0.067 0.033 0.017 0.185 0.015 0.074 0.039 0.008 0.039 0.076
117 L 0.051 0.022 0.021 0.02 0.081 0.016 0.023 0.028 0.011 0.104 0.219 0.026 0.029 0.088 0.016 0.068 0.074 0.007 0.025 0.076
118 F 0.042 0.02 0.017 0.017 0.011 0.013 0.019 0.09 0.015 0.071 0.176 0.022 0.026 0.205 0.012 0.026 0.027 0.011 0.088 0.092
119 T 0.098 0.033 0.08 0.042 0.013 0.029 0.079 0.044 0.02 0.035 0.048 0.043 0.015 0.031 0.022 0.096 0.154 0.007 0.063 0.047
120 G 0.065 0.022 0.08 0.035 0.009 0.018 0.025 0.506 0.014 0.017 0.025 0.032 0.008 0.014 0.017 0.047 0.028 0.005 0.01 0.022
121 V 0.075 0.028 0.033 0.03 0.016 0.022 0.034 0.039 0.012 0.076 0.071 0.036 0.02 0.024 0.021 0.15 0.128 0.005 0.016 0.164
122 F 0.034 0.077 0.162 0.038 0.008 0.022 0.031 0.036 0.024 0.036 0.061 0.041 0.016 0.195 0.014 0.04 0.032 0.011 0.086 0.035
123 V 0.097 0.02 0.02 0.02 0.015 0.016 0.022 0.164 0.009 0.121 0.131 0.026 0.024 0.029 0.016 0.037 0.036 0.005 0.016 0.177
124 A 0.377 0.027 0.022 0.026 0.019 0.022 0.036 0.069 0.013 0.038 0.052 0.039 0.015 0.019 0.026 0.075 0.044 0.005 0.015 0.06
125 G 0.061 0.025 0.126 0.04 0.009 0.02 0.028 0.442 0.016 0.017 0.026 0.034 0.009 0.015 0.017 0.049 0.03 0.005 0.011 0.022
126 S 0.092 0.035 0.046 0.042 0.015 0.029 0.045 0.056 0.016 0.029 0.039 0.047 0.014 0.019 0.026 0.286 0.105 0.005 0.015 0.04
127 G 0.062 0.027 0.079 0.034 0.012 0.021 0.029 0.238 0.013 0.044 0.048 0.035 0.014 0.019 0.019 0.059 0.148 0.005 0.013 0.079
128 N 0.093 0.038 0.218 0.054 0.01 0.062 0.046 0.12 0.022 0.023 0.033 0.048 0.012 0.016 0.02 0.091 0.044 0.004 0.014 0.031
129 R 0.097 0.237 0.036 0.032 0.011 0.037 0.047 0.042 0.018 0.024 0.041 0.115 0.014 0.016 0.021 0.114 0.043 0.005 0.015 0.034
130 V 0.082 0.032 0.037 0.034 0.018 0.025 0.037 0.043 0.013 0.08 0.077 0.041 0.022 0.026 0.024 0.122 0.132 0.005 0.018 0.133
131 D 0.091 0.03 0.048 0.258 0.01 0.03 0.102 0.045 0.016 0.026 0.035 0.044 0.011 0.016 0.022 0.088 0.076 0.004 0.013 0.034
132 G 0.104 0.033 0.086 0.095 0.011 0.06 0.048 0.182 0.018 0.023 0.034 0.045 0.012 0.016 0.021 0.119 0.044 0.004 0.013 0.032
133 S 0.089 0.033 0.045 0.04 0.015 0.027 0.042 0.12 0.016 0.027 0.038 0.044 0.014 0.018 0.025 0.253 0.1 0.005 0.015 0.038
134 L 0.043 0.019 0.015 0.018 0.013 0.014 0.02 0.022 0.009 0.179 0.233 0.025 0.031 0.035 0.148 0.026 0.032 0.005 0.017 0.097
135 L 0.038 0.018 0.013 0.015 0.013 0.012 0.017 0.019 0.01 0.187 0.25 0.02 0.034 0.148 0.012 0.022 0.03 0.008 0.034 0.102
136 S 0.167 0.033 0.041 0.039 0.016 0.027 0.043 0.061 0.016 0.029 0.041 0.045 0.014 0.018 0.026 0.255 0.065 0.005 0.015 0.043
137 L 0.128 0.037 0.022 0.024 0.014 0.058 0.037 0.036 0.014 0.129 0.138 0.078 0.054 0.029 0.019 0.043 0.037 0.005 0.018 0.082
138 I 0.038 0.017 0.013 0.015 0.013 0.012 0.016 0.019 0.01 0.219 0.212 0.02 0.033 0.147 0.012 0.022 0.03 0.008 0.033 0.111
139 W 0.027 0.02 0.013 0.013 0.007 0.013 0.02 0.027 0.013 0.027 0.046 0.02 0.013 0.053 0.007 0.02 0.02 0.555 0.06 0.027
140 V 0.061 0.019 0.014 0.016 0.017 0.014 0.02 0.022 0.007 0.144 0.114 0.023 0.028 0.031 0.014 0.029 0.043 0.005 0.018 0.359
141 L 0.04 0.018 0.013 0.015 0.013 0.012 0.017 0.02 0.01 0.16 0.246 0.021 0.033 0.147 0.012 0.023 0.031 0.008 0.034 0.127
142 I 0.041 0.017 0.014 0.015 0.013 0.012 0.017 0.02 0.01 0.225 0.169 0.02 0.031 0.145 0.012 0.023 0.032 0.008 0.033 0.145
143 P 0.061 0.026 0.027 0.031 0.011 0.021 0.035 0.038 0.013 0.023 0.033 0.039 0.01 0.013 0.423 0.108 0.042 0.003 0.012 0.03
144 V 0.095 0.021 0.017 0.02 0.015 0.016 0.025 0.03 0.009 0.128 0.09 0.028 0.022 0.026 0.151 0.036 0.039 0.004 0.016 0.213
145 D 0.036 0.026 0.061 0.471 0.007 0.026 0.08 0.041 0.016 0.02 0.025 0.039 0.008 0.013 0.02 0.046 0.031 0.003 0.01 0.021
146 L 0.087 0.027 0.112 0.031 0.014 0.02 0.028 0.036 0.014 0.082 0.177 0.032 0.055 0.031 0.016 0.041 0.039 0.005 0.017 0.134
147 L 0.038 0.02 0.013 0.014 0.014 0.013 0.017 0.019 0.009 0.144 0.351 0.021 0.039 0.098 0.012 0.022 0.029 0.007 0.027 0.093
148 F 0.031 0.017 0.015 0.015 0.01 0.01 0.017 0.022 0.014 0.061 0.144 0.017 0.025 0.41 0.01 0.022 0.023 0.014 0.071 0.053
149 V 0.047 0.019 0.014 0.015 0.014 0.012 0.019 0.022 0.01 0.106 0.151 0.02 0.028 0.195 0.012 0.025 0.034 0.009 0.041 0.208
150 I 0.046 0.017 0.013 0.015 0.015 0.013 0.017 0.019 0.008 0.274 0.177 0.021 0.033 0.038 0.013 0.024 0.036 0.005 0.018 0.197
151 Y 0.035 0.024 0.019 0.016 0.008 0.018 0.024 0.022 0.038 0.04 0.065 0.026 0.017 0.158 0.013 0.027 0.024 0.023 0.361 0.042
152 Y 0.036 0.025 0.019 0.016 0.008 0.019 0.025 0.022 0.041 0.038 0.06 0.027 0.016 0.115 0.014 0.027 0.025 0.025 0.402 0.041
153 G 0.145 0.023 0.029 0.028 0.08 0.019 0.029 0.246 0.012 0.027 0.038 0.034 0.012 0.016 0.087 0.084 0.038 0.004 0.012 0.037
154 F 0.084 0.021 0.018 0.018 0.013 0.014 0.022 0.029 0.012 0.107 0.14 0.024 0.025 0.193 0.015 0.037 0.07 0.009 0.04 0.108
155 F 0.036 0.02 0.017 0.016 0.076 0.014 0.02 0.023 0.027 0.045 0.075 0.022 0.018 0.233 0.012 0.027 0.025 0.018 0.231 0.045
156 R 0.039 0.425 0.034 0.027 0.007 0.042 0.046 0.029 0.02 0.02 0.041 0.105 0.014 0.015 0.017 0.039 0.031 0.005 0.015 0.027
157 D 0.041 0.098 0.043 0.196 0.007 0.068 0.066 0.036 0.022 0.024 0.036 0.133 0.012 0.026 0.02 0.043 0.032 0.007 0.062 0.028
158 S 0.084 0.037 0.044 0.052 0.013 0.036 0.13 0.051 0.018 0.024 0.036 0.052 0.013 0.017 0.025 0.249 0.062 0.005 0.015 0.034
159 K 0.05 0.168 0.036 0.033 0.008 0.042 0.053 0.102 0.018 0.022 0.037 0.259 0.013 0.014 0.021 0.045 0.033 0.005 0.014 0.027
160 Y 0.037 0.023 0.017 0.016 0.011 0.017 0.022 0.021 0.026 0.062 0.177 0.025 0.055 0.132 0.013 0.026 0.027 0.017 0.218 0.058
161 F 0.117 0.019 0.017 0.018 0.012 0.013 0.021 0.034 0.014 0.051 0.088 0.022 0.021 0.351 0.013 0.035 0.028 0.012 0.062 0.051
162 K 0.049 0.084 0.033 0.034 0.008 0.043 0.056 0.035 0.017 0.066 0.052 0.323 0.016 0.017 0.023 0.044 0.035 0.005 0.016 0.045
163 L 0.042 0.021 0.016 0.015 0.012 0.016 0.021 0.021 0.021 0.083 0.177 0.024 0.027 0.121 0.013 0.026 0.03 0.014 0.17 0.132
164 N 0.037 0.039 0.401 0.073 0.008 0.03 0.043 0.057 0.028 0.02 0.028 0.047 0.01 0.016 0.018 0.061 0.043 0.004 0.014 0.024
165 L 0.043 0.018 0.013 0.014 0.147 0.012 0.016 0.022 0.009 0.112 0.271 0.02 0.032 0.091 0.013 0.025 0.03 0.007 0.024 0.08
166 A 0.138 0.023 0.022 0.023 0.015 0.018 0.026 0.105 0.011 0.136 0.128 0.03 0.024 0.028 0.018 0.075 0.041 0.005 0.016 0.116
167 L 0.044 0.018 0.013 0.015 0.014 0.013 0.017 0.02 0.009 0.204 0.209 0.021 0.033 0.092 0.013 0.024 0.034 0.007 0.026 0.175
168 W 0.159 0.025 0.065 0.026 0.011 0.019 0.029 0.046 0.015 0.03 0.046 0.031 0.014 0.036 0.015 0.046 0.032 0.28 0.037 0.039
169 L 0.043 0.019 0.013 0.014 0.015 0.013 0.017 0.019 0.008 0.204 0.296 0.022 0.037 0.042 0.013 0.022 0.033 0.006 0.019 0.145
170 L 0.046 0.022 0.017 0.017 0.014 0.016 0.021 0.023 0.011 0.092 0.195 0.024 0.058 0.143 0.014 0.032 0.071 0.008 0.033 0.141
171 S 0.096 0.035 0.047 0.043 0.015 0.029 0.046 0.058 0.017 0.026 0.037 0.047 0.014 0.018 0.026 0.316 0.072 0.005 0.015 0.037
172 N 0.06 0.038 0.268 0.062 0.011 0.029 0.044 0.058 0.024 0.022 0.031 0.047 0.011 0.017 0.021 0.157 0.054 0.004 0.014 0.029
173 L 0.04 0.018 0.013 0.014 0.014 0.013 0.017 0.018 0.008 0.231 0.3 0.021 0.038 0.043 0.013 0.022 0.032 0.006 0.019 0.12
174 L 0.044 0.025 0.016 0.018 0.014 0.051 0.027 0.021 0.01 0.162 0.282 0.029 0.036 0.039 0.014 0.026 0.033 0.006 0.019 0.13
175 R 0.039 0.425 0.034 0.027 0.007 0.042 0.046 0.029 0.02 0.02 0.041 0.105 0.014 0.015 0.017 0.039 0.031 0.005 0.015 0.027
176 G 0.069 0.02 0.034 0.03 0.009 0.017 0.022 0.57 0.012 0.017 0.025 0.03 0.008 0.014 0.017 0.045 0.026 0.005 0.009 0.021
177 W 0.028 0.071 0.016 0.015 0.007 0.017 0.023 0.027 0.014 0.026 0.046 0.031 0.013 0.048 0.008 0.022 0.021 0.486 0.054 0.027
178 S 0.158 0.031 0.037 0.035 0.015 0.025 0.04 0.056 0.016 0.033 0.049 0.042 0.015 0.074 0.024 0.219 0.059 0.006 0.023 0.044
179 G 0.068 0.023 0.039 0.086 0.01 0.019 0.033 0.44 0.013 0.018 0.026 0.033 0.009 0.015 0.018 0.079 0.032 0.005 0.01 0.023
180 V 0.051 0.017 0.014 0.016 0.016 0.013 0.018 0.02 0.007 0.252 0.131 0.022 0.03 0.035 0.014 0.025 0.039 0.005 0.018 0.257
181 F 0.041 0.018 0.014 0.015 0.013 0.012 0.018 0.021 0.011 0.127 0.198 0.02 0.03 0.198 0.012 0.024 0.031 0.009 0.041 0.148
182 L 0.043 0.019 0.013 0.014 0.015 0.013 0.017 0.019 0.008 0.204 0.296 0.022 0.037 0.042 0.013 0.022 0.033 0.006 0.019 0.145
183 F 0.045 0.023 0.023 0.022 0.013 0.016 0.023 0.027 0.012 0.096 0.134 0.027 0.024 0.192 0.016 0.044 0.144 0.009 0.04 0.071
184 I 0.086 0.02 0.015 0.017 0.015 0.015 0.02 0.026 0.009 0.227 0.173 0.025 0.06 0.037 0.015 0.031 0.036 0.005 0.018 0.151
185 L 0.046 0.019 0.014 0.015 0.015 0.015 0.018 0.02 0.009 0.208 0.218 0.023 0.063 0.04 0.013 0.025 0.036 0.006 0.019 0.179
186 F 0.03 0.017 0.015 0.015 0.009 0.009 0.017 0.022 0.015 0.056 0.1 0.017 0.022 0.462 0.009 0.022 0.022 0.015 0.078 0.048
187 F 0.037 0.016 0.014 0.015 0.012 0.011 0.016 0.02 0.011 0.195 0.122 0.019 0.027 0.25 0.011 0.023 0.029 0.01 0.048 0.114
188 E 0.048 0.044 0.036 0.079 0.006 0.057 0.383 0.031 0.023 0.019 0.032 0.066 0.011 0.015 0.023 0.048 0.032 0.005 0.015 0.027
189 L 0.059 0.026 0.026 0.025 0.014 0.019 0.028 0.034 0.012 0.096 0.208 0.031 0.027 0.036 0.017 0.132 0.045 0.074 0.023 0.068
190 C 0.063 0.018 0.021 0.02 0.413 0.014 0.019 0.1 0.009 0.035 0.05 0.023 0.013 0.017 0.016 0.072 0.036 0.004 0.011 0.045
191 R 0.04 0.231 0.032 0.027 0.008 0.068 0.045 0.028 0.074 0.065 0.056 0.074 0.017 0.032 0.017 0.036 0.03 0.008 0.069 0.044
192 L 0.04 0.131 0.021 0.02 0.012 0.025 0.03 0.024 0.013 0.071 0.298 0.086 0.032 0.036 0.015 0.029 0.03 0.006 0.018 0.063
193 Y 0.086 0.021 0.017 0.017 0.013 0.017 0.023 0.027 0.021 0.145 0.094 0.026 0.023 0.063 0.015 0.032 0.034 0.012 0.162 0.151
194 R 0.04 0.384 0.034 0.028 0.007 0.043 0.048 0.03 0.02 0.021 0.04 0.138 0.014 0.015 0.018 0.04 0.031 0.005 0.015 0.027
195 K 0.089 0.065 0.037 0.1 0.009 0.044 0.141 0.04 0.018 0.024 0.037 0.21 0.013 0.014 0.023 0.051 0.035 0.004 0.014 0.031
196 G 0.055 0.133 0.08 0.035 0.008 0.028 0.036 0.304 0.017 0.019 0.031 0.093 0.01 0.015 0.018 0.046 0.03 0.005 0.012 0.024
197 K 0.135 0.153 0.034 0.032 0.011 0.037 0.049 0.046 0.017 0.027 0.042 0.18 0.014 0.016 0.023 0.085 0.041 0.005 0.015 0.037
198 L 0.039 0.021 0.013 0.014 0.014 0.014 0.017 0.019 0.009 0.134 0.414 0.022 0.042 0.047 0.013 0.021 0.03 0.006 0.019 0.093
199 K 0.068 0.105 0.04 0.037 0.011 0.037 0.051 0.044 0.017 0.027 0.04 0.173 0.014 0.016 0.024 0.151 0.086 0.005 0.015 0.036
200 I 0.081 0.018 0.016 0.018 0.013 0.013 0.02 0.027 0.011 0.202 0.109 0.024 0.025 0.139 0.081 0.031 0.032 0.007 0.032 0.101
201 K 0.059 0.102 0.035 0.034 0.01 0.034 0.046 0.105 0.016 0.026 0.038 0.17 0.013 0.015 0.089 0.083 0.075 0.004 0.014 0.033
202 R 0.044 0.143 0.029 0.026 0.009 0.033 0.041 0.029 0.071 0.049 0.102 0.132 0.019 0.035 0.017 0.036 0.031 0.008 0.069 0.077
203 L 0.047 0.019 0.014 0.015 0.015 0.013 0.018 0.02 0.009 0.144 0.243 0.022 0.034 0.092 0.013 0.024 0.034 0.007 0.026 0.192
204 L 0.137 0.025 0.024 0.024 0.015 0.019 0.029 0.041 0.012 0.093 0.166 0.032 0.025 0.084 0.019 0.108 0.043 0.006 0.025 0.071
205 I 0.081 0.038 0.021 0.022 0.011 0.023 0.031 0.031 0.017 0.116 0.079 0.11 0.02 0.094 0.016 0.035 0.031 0.077 0.078 0.068
206 G 0.091 0.019 0.02 0.02 0.013 0.015 0.021 0.163 0.01 0.137 0.133 0.025 0.024 0.083 0.015 0.035 0.033 0.006 0.023 0.113
207 G 0.143 0.023 0.025 0.025 0.081 0.018 0.027 0.176 0.011 0.052 0.102 0.031 0.018 0.023 0.019 0.08 0.04 0.005 0.014 0.087
208 L 0.087 0.021 0.017 0.017 0.014 0.015 0.021 0.095 0.01 0.082 0.263 0.025 0.031 0.09 0.015 0.032 0.032 0.007 0.025 0.103
209 L 0.128 0.021 0.018 0.019 0.015 0.016 0.022 0.1 0.01 0.14 0.223 0.027 0.029 0.034 0.016 0.038 0.034 0.005 0.017 0.088
210 L 0.047 0.019 0.014 0.015 0.081 0.014 0.018 0.022 0.009 0.129 0.201 0.022 0.059 0.09 0.013 0.026 0.034 0.007 0.025 0.153
211 L 0.082 0.021 0.015 0.016 0.014 0.014 0.02 0.026 0.011 0.087 0.272 0.023 0.033 0.146 0.014 0.029 0.031 0.008 0.033 0.107
212 L 0.051 0.02 0.017 0.017 0.082 0.014 0.02 0.023 0.008 0.162 0.193 0.024 0.03 0.034 0.015 0.033 0.073 0.005 0.017 0.164
213 L 0.091 0.023 0.021 0.021 0.014 0.017 0.024 0.099 0.011 0.068 0.253 0.028 0.029 0.088 0.016 0.068 0.035 0.007 0.025 0.063
214 Y 0.036 0.025 0.019 0.016 0.008 0.019 0.025 0.022 0.041 0.038 0.06 0.027 0.016 0.115 0.014 0.027 0.025 0.025 0.402 0.041
215 P 0.05 0.023 0.02 0.027 0.009 0.018 0.032 0.032 0.011 0.023 0.032 0.036 0.009 0.011 0.556 0.039 0.032 0.002 0.011 0.027
216 F 0.083 0.02 0.015 0.016 0.014 0.013 0.02 0.027 0.011 0.087 0.186 0.022 0.028 0.196 0.013 0.03 0.032 0.009 0.041 0.136
217 L 0.043 0.018 0.013 0.015 0.015 0.013 0.017 0.019 0.008 0.236 0.258 0.022 0.036 0.041 0.013 0.023 0.034 0.006 0.019 0.154
218 L 0.045 0.024 0.021 0.019 0.013 0.018 0.023 0.024 0.018 0.104 0.217 0.028 0.029 0.057 0.016 0.038 0.106 0.01 0.114 0.077
219 F 0.165 0.021 0.017 0.019 0.014 0.015 0.024 0.039 0.012 0.098 0.09 0.026 0.022 0.189 0.017 0.043 0.035 0.009 0.039 0.105
220 L 0.094 0.022 0.021 0.021 0.014 0.017 0.024 0.1 0.011 0.105 0.172 0.028 0.026 0.085 0.016 0.069 0.038 0.006 0.024 0.106
221 K 0.05 0.094 0.036 0.036 0.008 0.047 0.062 0.038 0.018 0.024 0.038 0.367 0.014 0.014 0.024 0.047 0.035 0.005 0.015 0.029
222 L 0.034 0.02 0.015 0.015 0.01 0.014 0.02 0.022 0.019 0.094 0.171 0.022 0.025 0.117 0.011 0.023 0.026 0.149 0.132 0.063
223 F 0.094 0.021 0.022 0.022 0.013 0.016 0.024 0.101 0.013 0.067 0.08 0.026 0.02 0.188 0.016 0.07 0.037 0.009 0.039 0.123
224 I 0.045 0.017 0.014 0.015 0.014 0.012 0.017 0.019 0.008 0.268 0.133 0.021 0.03 0.09 0.013 0.024 0.035 0.006 0.026 0.193
225 R 0.039 0.425 0.034 0.027 0.007 0.042 0.046 0.029 0.02 0.02 0.041 0.105 0.014 0.015 0.017 0.039 0.031 0.005 0.015 0.027
226 D 0.086 0.025 0.032 0.134 0.011 0.021 0.041 0.037 0.021 0.042 0.101 0.032 0.018 0.1 0.018 0.073 0.035 0.011 0.119 0.044
227 Y 0.058 0.027 0.028 0.026 0.012 0.021 0.031 0.035 0.025 0.044 0.105 0.033 0.02 0.114 0.018 0.134 0.043 0.014 0.169 0.046
228 A 0.176 0.025 0.024 0.024 0.015 0.019 0.028 0.112 0.013 0.052 0.153 0.032 0.022 0.081 0.019 0.081 0.039 0.006 0.023 0.057
229 G 0.091 0.03 0.024 0.023 0.012 0.02 0.028 0.166 0.016 0.054 0.108 0.069 0.019 0.09 0.017 0.039 0.031 0.009 0.071 0.083
230 L 0.05 0.082 0.03 0.08 0.011 0.025 0.038 0.097 0.013 0.059 0.15 0.081 0.022 0.026 0.018 0.041 0.07 0.005 0.015 0.086
231 G 0.058 0.031 0.09 0.1 0.009 0.06 0.044 0.341 0.017 0.019 0.028 0.041 0.01 0.014 0.018 0.049 0.031 0.005 0.012 0.023
232 F 0.052 0.034 0.083 0.043 0.01 0.065 0.087 0.113 0.02 0.031 0.053 0.044 0.015 0.14 0.018 0.079 0.037 0.008 0.033 0.034
233 G 0.078 0.023 0.039 0.034 0.011 0.019 0.026 0.51 0.014 0.019 0.028 0.034 0.009 0.016 0.019 0.051 0.03 0.005 0.011 0.024
234 N 0.099 0.036 0.167 0.117 0.011 0.032 0.096 0.054 0.021 0.024 0.034 0.049 0.012 0.017 0.022 0.112 0.047 0.004 0.014 0.032
235 F 0.038 0.02 0.024 0.081 0.01 0.014 0.027 0.102 0.014 0.052 0.129 0.023 0.022 0.27 0.012 0.029 0.026 0.011 0.051 0.047
236 F 0.051 0.035 0.031 0.029 0.011 0.079 0.043 0.097 0.017 0.039 0.062 0.043 0.018 0.125 0.018 0.049 0.096 0.073 0.039 0.044
237 E 0.07 0.052 0.044 0.059 0.011 0.115 0.159 0.045 0.024 0.025 0.04 0.07 0.016 0.017 0.025 0.121 0.051 0.005 0.017 0.034
238 S 0.092 0.032 0.04 0.037 0.017 0.026 0.041 0.05 0.015 0.071 0.068 0.043 0.02 0.025 0.024 0.182 0.068 0.005 0.018 0.128
239 L 0.039 0.021 0.014 0.015 0.014 0.014 0.019 0.022 0.012 0.093 0.306 0.022 0.04 0.173 0.012 0.023 0.029 0.01 0.042 0.079
240 D 0.047 0.031 0.056 0.348 0.008 0.032 0.118 0.043 0.018 0.021 0.028 0.045 0.01 0.014 0.021 0.084 0.038 0.004 0.011 0.025
241 F 0.045 0.082 0.018 0.018 0.013 0.018 0.023 0.023 0.012 0.129 0.107 0.035 0.025 0.168 0.013 0.028 0.034 0.009 0.039 0.16
242 L 0.061 0.027 0.029 0.027 0.014 0.021 0.028 0.109 0.012 0.097 0.135 0.034 0.055 0.03 0.019 0.084 0.122 0.006 0.017 0.073
243 F 0.044 0.022 0.02 0.019 0.011 0.016 0.024 0.029 0.018 0.054 0.073 0.025 0.019 0.169 0.013 0.064 0.033 0.165 0.101 0.083
244 D 0.058 0.028 0.041 0.153 0.012 0.023 0.047 0.04 0.015 0.043 0.104 0.037 0.018 0.084 0.02 0.118 0.084 0.006 0.024 0.045
245 G 0.097 0.03 0.029 0.04 0.01 0.03 0.125 0.186 0.024 0.027 0.042 0.041 0.013 0.044 0.019 0.046 0.03 0.011 0.121 0.035
246 L 0.045 0.019 0.014 0.015 0.014 0.013 0.019 0.021 0.01 0.123 0.208 0.021 0.032 0.157 0.013 0.025 0.033 0.008 0.036 0.174
247 L 0.039 0.019 0.014 0.014 0.013 0.012 0.017 0.02 0.011 0.122 0.24 0.02 0.032 0.2 0.012 0.023 0.029 0.009 0.041 0.114
248 N 0.054 0.09 0.174 0.048 0.01 0.031 0.043 0.113 0.02 0.024 0.035 0.091 0.012 0.016 0.02 0.089 0.079 0.004 0.014 0.031
249 N 0.085 0.084 0.166 0.043 0.011 0.062 0.042 0.043 0.02 0.048 0.098 0.051 0.018 0.022 0.018 0.05 0.039 0.005 0.016 0.079
250 Y 0.037 0.031 0.119 0.04 0.009 0.026 0.075 0.033 0.077 0.039 0.099 0.037 0.018 0.102 0.015 0.038 0.03 0.011 0.124 0.039
251 G 0.06 0.036 0.08 0.049 0.01 0.066 0.126 0.172 0.018 0.036 0.042 0.049 0.014 0.017 0.02 0.08 0.039 0.005 0.014 0.068
252 E 0.062 0.031 0.036 0.097 0.011 0.03 0.125 0.104 0.015 0.047 0.094 0.043 0.017 0.022 0.02 0.109 0.042 0.005 0.015 0.077
253 L 0.044 0.025 0.022 0.075 0.013 0.052 0.034 0.024 0.011 0.184 0.191 0.031 0.03 0.034 0.015 0.029 0.034 0.005 0.017 0.131
254 D 0.056 0.025 0.049 0.252 0.009 0.023 0.054 0.242 0.015 0.019 0.026 0.037 0.009 0.014 0.019 0.079 0.034 0.004 0.01 0.023
255 Y 0.045 0.023 0.017 0.016 0.011 0.017 0.023 0.022 0.028 0.078 0.08 0.026 0.021 0.083 0.014 0.028 0.032 0.017 0.258 0.16
256 L 0.046 0.019 0.016 0.016 0.014 0.014 0.018 0.088 0.009 0.161 0.28 0.023 0.034 0.039 0.013 0.025 0.032 0.006 0.018 0.128
257 D 0.088 0.035 0.131 0.152 0.01 0.062 0.055 0.048 0.023 0.026 0.037 0.046 0.012 0.028 0.02 0.085 0.041 0.007 0.062 0.032
258 L 0.131 0.022 0.02 0.021 0.014 0.017 0.023 0.169 0.01 0.097 0.207 0.028 0.026 0.031 0.017 0.041 0.033 0.005 0.016 0.071
259 L 0.04 0.021 0.013 0.014 0.014 0.015 0.018 0.019 0.009 0.132 0.379 0.023 0.07 0.046 0.013 0.023 0.031 0.006 0.02 0.093
260 L 0.05 0.026 0.024 0.028 0.011 0.023 0.069 0.095 0.02 0.088 0.158 0.033 0.023 0.051 0.016 0.066 0.034 0.01 0.112 0.061
261 F 0.048 0.022 0.023 0.028 0.011 0.019 0.067 0.095 0.014 0.119 0.086 0.029 0.021 0.189 0.015 0.065 0.033 0.009 0.039 0.068
262 G 0.149 0.024 0.033 0.03 0.013 0.02 0.029 0.381 0.013 0.023 0.033 0.034 0.011 0.016 0.02 0.086 0.036 0.005 0.012 0.033
263 L 0.037 0.019 0.013 0.014 0.013 0.012 0.017 0.019 0.01 0.155 0.288 0.02 0.035 0.149 0.012 0.022 0.029 0.008 0.034 0.093
264 E 0.052 0.043 0.038 0.106 0.009 0.108 0.184 0.035 0.02 0.031 0.087 0.058 0.017 0.019 0.021 0.078 0.038 0.005 0.016 0.036
265 Q 0.044 0.055 0.042 0.038 0.007 0.207 0.074 0.035 0.179 0.022 0.038 0.065 0.016 0.018 0.019 0.044 0.031 0.006 0.03 0.027
266 I 0.083 0.018 0.015 0.016 0.014 0.013 0.019 0.026 0.01 0.185 0.158 0.022 0.028 0.142 0.014 0.029 0.033 0.008 0.033 0.133
267 F 0.041 0.017 0.017 0.017 0.011 0.011 0.018 0.09 0.012 0.138 0.104 0.02 0.024 0.246 0.012 0.026 0.029 0.01 0.047 0.11
268 G 0.064 0.028 0.09 0.149 0.01 0.024 0.045 0.246 0.016 0.02 0.028 0.039 0.01 0.015 0.02 0.115 0.041 0.004 0.012 0.025
269 R 0.039 0.425 0.034 0.027 0.007 0.042 0.046 0.029 0.02 0.02 0.041 0.105 0.014 0.015 0.017 0.039 0.031 0.005 0.015 0.027
270 L 0.04 0.019 0.013 0.014 0.014 0.013 0.017 0.018 0.008 0.198 0.338 0.022 0.039 0.045 0.013 0.022 0.031 0.006 0.019 0.111
271 Q 0.049 0.064 0.039 0.041 0.008 0.311 0.09 0.036 0.026 0.023 0.041 0.08 0.018 0.013 0.021 0.049 0.036 0.005 0.018 0.031
272 L 0.046 0.023 0.019 0.018 0.015 0.016 0.022 0.023 0.01 0.12 0.315 0.026 0.036 0.04 0.015 0.036 0.107 0.006 0.018 0.088
273 V 0.046 0.019 0.017 0.017 0.014 0.014 0.02 0.023 0.01 0.159 0.154 0.023 0.028 0.142 0.014 0.031 0.071 0.008 0.033 0.159
274 S 0.096 0.035 0.047 0.043 0.015 0.029 0.046 0.058 0.017 0.026 0.037 0.047 0.014 0.018 0.026 0.316 0.072 0.005 0.015 0.037
275 S 0.103 0.031 0.124 0.041 0.014 0.024 0.037 0.049 0.017 0.077 0.102 0.04 0.019 0.024 0.021 0.148 0.051 0.005 0.016 0.057
276 L 0.176 0.025 0.021 0.022 0.016 0.019 0.028 0.043 0.011 0.073 0.208 0.032 0.027 0.031 0.02 0.079 0.042 0.005 0.017 0.104
277 I 0.053 0.023 0.069 0.028 0.014 0.018 0.026 0.031 0.012 0.21 0.103 0.03 0.025 0.03 0.017 0.072 0.08 0.005 0.017 0.138
278 E 0.101 0.031 0.03 0.046 0.012 0.033 0.162 0.104 0.015 0.053 0.055 0.045 0.016 0.02 0.021 0.08 0.041 0.005 0.015 0.115
279 V 0.055 0.023 0.023 0.022 0.015 0.017 0.024 0.027 0.009 0.156 0.143 0.029 0.027 0.031 0.017 0.046 0.15 0.005 0.017 0.162
280 Y 0.079 0.022 0.017 0.017 0.011 0.016 0.023 0.027 0.026 0.121 0.086 0.026 0.021 0.127 0.014 0.031 0.029 0.016 0.217 0.073
281 S 0.06 0.091 0.082 0.045 0.011 0.103 0.096 0.041 0.02 0.038 0.046 0.062 0.016 0.017 0.021 0.113 0.046 0.005 0.016 0.072
282 L 0.039 0.021 0.013 0.014 0.014 0.015 0.018 0.02 0.01 0.126 0.335 0.022 0.067 0.098 0.012 0.023 0.03 0.007 0.027 0.088
283 K 0.101 0.112 0.037 0.036 0.011 0.039 0.053 0.046 0.017 0.026 0.04 0.213 0.014 0.016 0.024 0.117 0.045 0.005 0.015 0.035
284 D 0.049 0.04 0.094 0.204 0.009 0.03 0.059 0.043 0.07 0.024 0.033 0.082 0.012 0.017 0.021 0.085 0.076 0.004 0.017 0.029
285 E 0.091 0.046 0.032 0.048 0.01 0.074 0.174 0.036 0.018 0.036 0.092 0.093 0.018 0.02 0.022 0.052 0.072 0.005 0.016 0.044
286 L 0.038 0.02 0.013 0.014 0.014 0.013 0.017 0.019 0.009 0.128 0.37 0.021 0.039 0.099 0.012 0.022 0.029 0.007 0.027 0.089
287 S 0.103 0.039 0.035 0.04 0.012 0.099 0.091 0.11 0.018 0.034 0.09 0.051 0.018 0.02 0.021 0.115 0.043 0.005 0.016 0.041
288 F 0.042 0.082 0.078 0.044 0.009 0.033 0.121 0.033 0.071 0.032 0.053 0.05 0.015 0.129 0.017 0.045 0.068 0.008 0.035 0.036
289 L 0.083 0.025 0.07 0.081 0.012 0.02 0.033 0.034 0.018 0.063 0.125 0.031 0.051 0.093 0.016 0.039 0.034 0.009 0.072 0.09
290 Y 0.043 0.022 0.016 0.016 0.012 0.016 0.021 0.022 0.022 0.113 0.104 0.025 0.053 0.119 0.013 0.027 0.032 0.014 0.17 0.141
291 D 0.055 0.032 0.043 0.197 0.011 0.061 0.058 0.04 0.016 0.073 0.064 0.043 0.046 0.021 0.02 0.109 0.043 0.005 0.015 0.051
292 A 0.132 0.054 0.037 0.089 0.011 0.101 0.061 0.046 0.018 0.03 0.043 0.131 0.015 0.016 0.023 0.059 0.075 0.005 0.015 0.04
293 G 0.057 0.027 0.127 0.041 0.009 0.022 0.031 0.375 0.069 0.018 0.027 0.035 0.009 0.016 0.017 0.048 0.03 0.005 0.016 0.022
294 L 0.093 0.036 0.078 0.088 0.012 0.025 0.041 0.109 0.015 0.043 0.139 0.077 0.019 0.024 0.019 0.079 0.039 0.005 0.015 0.045
295 F 0.045 0.019 0.015 0.016 0.013 0.013 0.019 0.022 0.011 0.131 0.12 0.021 0.056 0.195 0.012 0.026 0.033 0.009 0.041 0.182
296 Y 0.084 0.032 0.071 0.029 0.011 0.057 0.037 0.036 0.026 0.043 0.101 0.039 0.019 0.058 0.018 0.046 0.071 0.012 0.161 0.048
297 P 0.061 0.026 0.027 0.031 0.011 0.021 0.035 0.038 0.013 0.023 0.033 0.039 0.01 0.013 0.423 0.108 0.042 0.003 0.012 0.03
298 F 0.03 0.018 0.015 0.015 0.009 0.011 0.018 0.022 0.018 0.053 0.095 0.018 0.022 0.419 0.01 0.023 0.023 0.016 0.118 0.047
299 W 0.027 0.02 0.013 0.013 0.007 0.013 0.02 0.027 0.013 0.027 0.046 0.02 0.013 0.053 0.007 0.02 0.02 0.555 0.06 0.027
300 L 0.084 0.04 0.07 0.03 0.012 0.06 0.039 0.035 0.02 0.054 0.162 0.08 0.053 0.039 0.018 0.042 0.035 0.008 0.066 0.054
301 E 0.048 0.044 0.036 0.079 0.006 0.057 0.383 0.031 0.023 0.019 0.032 0.066 0.011 0.015 0.023 0.048 0.032 0.005 0.015 0.027
302 G 0.069 0.02 0.034 0.03 0.009 0.017 0.022 0.57 0.012 0.017 0.025 0.03 0.008 0.014 0.017 0.045 0.026 0.005 0.009 0.021
303 L 0.04 0.018 0.013 0.014 0.014 0.013 0.017 0.018 0.008 0.231 0.3 0.021 0.038 0.043 0.013 0.022 0.032 0.006 0.019 0.12
304 H 0.036 0.033 0.036 0.027 0.007 0.027 0.038 0.029 0.283 0.029 0.048 0.034 0.015 0.103 0.015 0.033 0.024 0.012 0.142 0.029
305 G 0.072 0.022 0.036 0.031 0.01 0.018 0.025 0.506 0.012 0.018 0.026 0.032 0.009 0.015 0.018 0.079 0.032 0.005 0.01 0.023
306 L 0.04 0.018 0.013 0.014 0.014 0.013 0.017 0.018 0.008 0.231 0.3 0.021 0.038 0.043 0.013 0.022 0.032 0.006 0.019 0.12
307 I 0.166 0.021 0.017 0.019 0.015 0.016 0.023 0.038 0.011 0.169 0.144 0.027 0.026 0.085 0.017 0.042 0.036 0.006 0.025 0.097
308 I 0.034 0.018 0.014 0.015 0.01 0.012 0.018 0.022 0.015 0.161 0.099 0.02 0.023 0.158 0.011 0.022 0.027 0.147 0.091 0.082
309 D 0.038 0.03 0.1 0.373 0.007 0.03 0.113 0.042 0.019 0.02 0.026 0.044 0.009 0.014 0.02 0.048 0.033 0.004 0.011 0.022
310 R 0.042 0.288 0.032 0.029 0.008 0.073 0.05 0.03 0.019 0.064 0.054 0.124 0.016 0.018 0.018 0.039 0.032 0.005 0.016 0.044
311 L 0.045 0.019 0.013 0.014 0.015 0.014 0.018 0.019 0.008 0.177 0.291 0.022 0.037 0.042 0.013 0.023 0.034 0.006 0.019 0.171
312 F 0.041 0.019 0.018 0.018 0.011 0.013 0.02 0.026 0.013 0.096 0.142 0.022 0.025 0.302 0.012 0.059 0.031 0.011 0.055 0.065
313 G 0.067 0.025 0.039 0.086 0.01 0.021 0.036 0.308 0.017 0.022 0.032 0.035 0.011 0.028 0.019 0.111 0.038 0.007 0.06 0.028
314 N 0.053 0.031 0.126 0.1 0.011 0.027 0.082 0.107 0.017 0.046 0.093 0.04 0.017 0.021 0.018 0.078 0.04 0.005 0.014 0.075
315 P 0.052 0.028 0.026 0.04 0.008 0.028 0.118 0.099 0.014 0.021 0.031 0.043 0.01 0.012 0.355 0.042 0.031 0.003 0.012 0.027
316 K 0.053 0.101 0.037 0.033 0.009 0.069 0.052 0.037 0.073 0.028 0.043 0.134 0.015 0.029 0.021 0.08 0.074 0.008 0.068 0.034
317 K 0.094 0.047 0.08 0.037 0.012 0.031 0.043 0.044 0.068 0.07 0.054 0.121 0.016 0.021 0.022 0.086 0.078 0.005 0.02 0.052
318 L 0.042 0.074 0.065 0.024 0.012 0.021 0.026 0.026 0.017 0.109 0.183 0.037 0.056 0.044 0.014 0.032 0.034 0.008 0.066 0.107
319 N 0.057 0.034 0.177 0.104 0.011 0.027 0.046 0.05 0.02 0.025 0.034 0.044 0.011 0.016 0.088 0.123 0.084 0.004 0.014 0.032
320 L 0.124 0.022 0.015 0.017 0.015 0.016 0.022 0.031 0.01 0.118 0.314 0.026 0.035 0.04 0.016 0.035 0.034 0.006 0.018 0.087
