#Seq2Logo.py -f /work3/idamei/ssn-clusterings/clustering/2205111339/clusters/0010_283/sequences.afa -o /work3/idamei/ssn-clusterings/clustering/2205111339/clusters/0010_283/sequences.logo
#Position Specific Frequency Matrix
A R N D C Q E G H I L K M F P S T W Y V
0 L 0.05 0.031 0.019 0.019 0.016 0.027 0.027 0.027 0.016 0.097 0.19 0.035 0.189 0.047 0.016 0.035 0.039 0.008 0.023 0.089
1 N 0.05 0.076 0.181 0.062 0.009 0.043 0.06 0.054 0.026 0.025 0.037 0.168 0.013 0.017 0.024 0.061 0.044 0.005 0.016 0.03
2 R 0.045 0.345 0.039 0.031 0.008 0.048 0.052 0.033 0.023 0.023 0.047 0.12 0.016 0.017 0.019 0.045 0.035 0.006 0.017 0.031
3 V 0.07 0.022 0.016 0.018 0.019 0.016 0.023 0.025 0.008 0.165 0.13 0.026 0.032 0.036 0.016 0.033 0.049 0.006 0.021 0.269
4 L 0.047 0.022 0.016 0.018 0.016 0.016 0.02 0.022 0.01 0.181 0.269 0.026 0.041 0.047 0.015 0.03 0.055 0.006 0.021 0.125
5 Q 0.053 0.112 0.042 0.043 0.008 0.193 0.089 0.039 0.027 0.025 0.045 0.118 0.019 0.015 0.023 0.052 0.039 0.006 0.019 0.033
6 D 0.049 0.058 0.09 0.166 0.008 0.046 0.142 0.044 0.023 0.023 0.034 0.126 0.012 0.016 0.024 0.054 0.038 0.005 0.015 0.028
7 F 0.035 0.02 0.017 0.016 0.011 0.013 0.02 0.024 0.02 0.066 0.145 0.021 0.027 0.314 0.012 0.025 0.026 0.017 0.113 0.058
8 I 0.047 0.018 0.015 0.017 0.015 0.013 0.018 0.021 0.009 0.249 0.151 0.023 0.034 0.087 0.014 0.025 0.038 0.007 0.028 0.171
9 N 0.049 0.039 0.236 0.161 0.009 0.032 0.058 0.059 0.026 0.023 0.031 0.05 0.011 0.017 0.021 0.085 0.048 0.004 0.014 0.027
10 K 0.049 0.111 0.111 0.046 0.009 0.042 0.055 0.043 0.022 0.036 0.084 0.182 0.018 0.021 0.022 0.051 0.039 0.005 0.017 0.038
11 I 0.059 0.035 0.035 0.032 0.013 0.051 0.042 0.036 0.064 0.102 0.08 0.044 0.022 0.04 0.021 0.075 0.099 0.008 0.063 0.078
12 F 0.038 0.018 0.016 0.016 0.072 0.011 0.018 0.025 0.014 0.088 0.111 0.019 0.025 0.314 0.011 0.026 0.028 0.013 0.068 0.068
13 F 0.04 0.024 0.021 0.019 0.011 0.016 0.024 0.027 0.027 0.053 0.088 0.026 0.021 0.254 0.014 0.035 0.056 0.019 0.173 0.052
14 L 0.082 0.043 0.088 0.044 0.012 0.033 0.075 0.043 0.024 0.044 0.092 0.076 0.019 0.043 0.022 0.056 0.067 0.009 0.078 0.05
15 L 0.043 0.023 0.015 0.015 0.015 0.016 0.02 0.021 0.014 0.126 0.326 0.025 0.043 0.061 0.014 0.024 0.032 0.009 0.061 0.097
16 F 0.037 0.021 0.016 0.016 0.012 0.014 0.02 0.023 0.017 0.078 0.212 0.022 0.032 0.239 0.012 0.025 0.028 0.014 0.094 0.067
17 L 0.047 0.02 0.014 0.016 0.016 0.014 0.019 0.021 0.009 0.21 0.246 0.024 0.04 0.045 0.014 0.025 0.037 0.006 0.021 0.157
18 F 0.034 0.019 0.016 0.016 0.011 0.011 0.019 0.025 0.015 0.09 0.11 0.02 0.025 0.303 0.01 0.024 0.026 0.085 0.074 0.067
19 T 0.072 0.033 0.042 0.036 0.016 0.026 0.036 0.111 0.013 0.047 0.058 0.043 0.018 0.022 0.026 0.084 0.233 0.006 0.016 0.063
20 L 0.041 0.023 0.014 0.015 0.015 0.016 0.02 0.022 0.01 0.101 0.353 0.024 0.044 0.054 0.013 0.023 0.031 0.07 0.027 0.085
21 I 0.078 0.02 0.016 0.018 0.016 0.015 0.02 0.027 0.01 0.215 0.19 0.025 0.035 0.065 0.016 0.031 0.038 0.007 0.024 0.136
22 F 0.035 0.019 0.017 0.018 0.01 0.011 0.02 0.026 0.016 0.057 0.101 0.021 0.023 0.358 0.073 0.027 0.026 0.015 0.077 0.05
23 G 0.105 0.023 0.036 0.032 0.012 0.019 0.027 0.47 0.013 0.021 0.031 0.034 0.01 0.016 0.02 0.054 0.031 0.005 0.011 0.029
24 V 0.059 0.023 0.019 0.019 0.017 0.017 0.023 0.025 0.009 0.162 0.179 0.027 0.034 0.038 0.017 0.036 0.072 0.006 0.02 0.198
25 L 0.05 0.021 0.015 0.017 0.016 0.016 0.02 0.022 0.01 0.199 0.218 0.025 0.057 0.044 0.015 0.027 0.039 0.006 0.021 0.164
26 L 0.039 0.021 0.015 0.016 0.014 0.013 0.019 0.022 0.012 0.116 0.26 0.022 0.038 0.185 0.012 0.024 0.03 0.01 0.045 0.088
27 Y 0.041 0.027 0.021 0.02 0.009 0.021 0.028 0.025 0.041 0.04 0.062 0.031 0.017 0.112 0.077 0.032 0.028 0.024 0.3 0.043
28 D 0.056 0.029 0.072 0.252 0.01 0.027 0.065 0.106 0.017 0.039 0.041 0.041 0.013 0.018 0.021 0.074 0.042 0.004 0.013 0.06
29 L 0.052 0.034 0.022 0.023 0.014 0.022 0.03 0.028 0.013 0.109 0.163 0.063 0.049 0.082 0.048 0.039 0.066 0.007 0.028 0.108
30 I 0.05 0.031 0.021 0.022 0.015 0.02 0.026 0.025 0.011 0.208 0.164 0.061 0.032 0.038 0.017 0.036 0.067 0.006 0.019 0.131
31 D 0.167 0.03 0.047 0.215 0.014 0.028 0.066 0.062 0.017 0.033 0.043 0.044 0.013 0.018 0.026 0.068 0.042 0.005 0.014 0.046
32 R 0.051 0.227 0.04 0.036 0.008 0.051 0.061 0.038 0.022 0.025 0.045 0.201 0.015 0.016 0.023 0.049 0.037 0.005 0.017 0.032
33 L 0.043 0.034 0.167 0.049 0.013 0.025 0.035 0.043 0.021 0.069 0.205 0.039 0.03 0.036 0.017 0.047 0.041 0.006 0.019 0.061
34 G 0.067 0.032 0.033 0.031 0.011 0.022 0.031 0.341 0.013 0.055 0.047 0.066 0.013 0.019 0.08 0.046 0.032 0.005 0.013 0.044
35 F 0.038 0.019 0.016 0.016 0.012 0.012 0.019 0.024 0.014 0.08 0.148 0.02 0.028 0.317 0.011 0.025 0.028 0.014 0.07 0.088
36 L 0.045 0.024 0.014 0.015 0.016 0.016 0.02 0.021 0.01 0.116 0.374 0.025 0.05 0.055 0.014 0.024 0.033 0.007 0.022 0.096
37 D 0.066 0.042 0.054 0.183 0.012 0.032 0.064 0.049 0.017 0.031 0.041 0.078 0.014 0.018 0.025 0.109 0.105 0.005 0.015 0.04
38 F 0.05 0.025 0.025 0.023 0.011 0.018 0.026 0.092 0.027 0.045 0.075 0.029 0.019 0.205 0.015 0.057 0.033 0.018 0.163 0.045
39 I 0.091 0.026 0.026 0.026 0.017 0.02 0.028 0.036 0.011 0.155 0.107 0.034 0.026 0.032 0.021 0.057 0.128 0.006 0.019 0.135
40 D 0.04 0.029 0.067 0.418 0.007 0.029 0.088 0.045 0.018 0.022 0.027 0.043 0.009 0.014 0.022 0.05 0.034 0.004 0.011 0.023
41 E 0.053 0.048 0.039 0.087 0.007 0.062 0.32 0.034 0.025 0.021 0.036 0.073 0.012 0.016 0.025 0.053 0.036 0.005 0.016 0.03
42 L 0.044 0.021 0.014 0.016 0.016 0.015 0.019 0.02 0.009 0.181 0.309 0.024 0.043 0.049 0.014 0.024 0.035 0.006 0.021 0.122
43 C 0.058 0.017 0.015 0.016 0.38 0.012 0.016 0.029 0.008 0.083 0.117 0.021 0.022 0.027 0.015 0.035 0.035 0.005 0.014 0.074
44 A 0.314 0.03 0.025 0.029 0.021 0.025 0.039 0.076 0.014 0.042 0.057 0.043 0.017 0.021 0.029 0.082 0.048 0.005 0.017 0.066
45 L 0.052 0.022 0.018 0.018 0.015 0.015 0.021 0.085 0.011 0.105 0.247 0.025 0.036 0.088 0.014 0.029 0.035 0.007 0.028 0.129
46 L 0.11 0.025 0.018 0.019 0.016 0.019 0.025 0.036 0.012 0.086 0.25 0.03 0.055 0.088 0.017 0.04 0.036 0.008 0.029 0.081
47 L 0.045 0.023 0.015 0.016 0.016 0.016 0.02 0.021 0.01 0.156 0.312 0.025 0.062 0.05 0.014 0.025 0.035 0.007 0.021 0.112
48 L 0.053 0.02 0.018 0.018 0.075 0.014 0.02 0.087 0.011 0.114 0.14 0.023 0.027 0.127 0.014 0.031 0.035 0.008 0.034 0.129
49 I 0.085 0.021 0.019 0.02 0.016 0.016 0.022 0.092 0.011 0.151 0.148 0.027 0.029 0.082 0.016 0.036 0.038 0.007 0.027 0.138
50 L 0.043 0.024 0.016 0.017 0.014 0.017 0.021 0.023 0.013 0.107 0.249 0.026 0.078 0.145 0.013 0.027 0.033 0.01 0.039 0.087
51 F 0.07 0.023 0.019 0.019 0.011 0.016 0.024 0.031 0.027 0.052 0.087 0.026 0.021 0.254 0.014 0.034 0.028 0.019 0.173 0.052
52 G 0.123 0.023 0.023 0.024 0.016 0.018 0.025 0.161 0.011 0.123 0.127 0.031 0.025 0.031 0.019 0.046 0.039 0.006 0.017 0.113
53 F 0.072 0.023 0.019 0.019 0.012 0.016 0.024 0.03 0.026 0.081 0.094 0.026 0.023 0.208 0.015 0.034 0.03 0.018 0.165 0.066
54 Y 0.064 0.071 0.033 0.074 0.011 0.027 0.042 0.036 0.068 0.047 0.058 0.045 0.017 0.053 0.018 0.052 0.035 0.074 0.108 0.068
55 L 0.087 0.024 0.02 0.021 0.078 0.018 0.025 0.033 0.011 0.137 0.153 0.03 0.049 0.035 0.018 0.044 0.069 0.006 0.019 0.126
56 F 0.06 0.025 0.026 0.024 0.014 0.018 0.028 0.034 0.017 0.076 0.094 0.029 0.023 0.2 0.017 0.082 0.044 0.011 0.068 0.11
57 R 0.058 0.14 0.04 0.036 0.01 0.065 0.058 0.039 0.065 0.042 0.053 0.131 0.018 0.02 0.022 0.07 0.042 0.006 0.022 0.064
58 T 0.074 0.041 0.082 0.046 0.015 0.056 0.05 0.05 0.019 0.039 0.051 0.053 0.017 0.02 0.026 0.122 0.167 0.005 0.017 0.052
59 P 0.053 0.109 0.034 0.044 0.009 0.058 0.1 0.036 0.02 0.025 0.04 0.111 0.013 0.015 0.198 0.048 0.036 0.004 0.016 0.031
60 D 0.09 0.035 0.107 0.133 0.011 0.032 0.089 0.12 0.02 0.028 0.039 0.048 0.013 0.018 0.023 0.065 0.072 0.005 0.014 0.038
61 W 0.032 0.032 0.018 0.018 0.007 0.019 0.028 0.031 0.015 0.029 0.05 0.057 0.015 0.053 0.01 0.026 0.024 0.446 0.06 0.03
62 R 0.086 0.167 0.038 0.06 0.011 0.039 0.068 0.043 0.023 0.029 0.046 0.104 0.015 0.031 0.022 0.074 0.041 0.008 0.057 0.038
63 I 0.048 0.062 0.018 0.019 0.014 0.017 0.023 0.024 0.012 0.169 0.126 0.034 0.029 0.129 0.014 0.029 0.037 0.008 0.036 0.154
64 N 0.049 0.041 0.264 0.068 0.01 0.031 0.046 0.058 0.031 0.025 0.036 0.049 0.012 0.031 0.02 0.085 0.049 0.007 0.056 0.03
65 K 0.056 0.128 0.04 0.038 0.009 0.048 0.062 0.041 0.019 0.029 0.045 0.247 0.015 0.016 0.026 0.055 0.067 0.005 0.017 0.036
66 L 0.112 0.028 0.027 0.033 0.016 0.025 0.066 0.102 0.014 0.097 0.117 0.038 0.024 0.029 0.021 0.071 0.045 0.005 0.018 0.112
67 F 0.035 0.02 0.016 0.016 0.012 0.012 0.019 0.024 0.015 0.074 0.182 0.02 0.03 0.319 0.011 0.024 0.026 0.014 0.07 0.063
68 L 0.045 0.022 0.014 0.015 0.015 0.015 0.02 0.022 0.01 0.13 0.29 0.024 0.04 0.05 0.013 0.024 0.034 0.069 0.027 0.12
69 L 0.052 0.023 0.021 0.021 0.014 0.016 0.024 0.028 0.016 0.132 0.147 0.027 0.029 0.142 0.015 0.054 0.039 0.011 0.076 0.115
70 T 0.059 0.026 0.029 0.027 0.016 0.02 0.028 0.032 0.012 0.127 0.102 0.033 0.025 0.077 0.02 0.058 0.155 0.007 0.027 0.12
71 L 0.063 0.025 0.024 0.024 0.016 0.019 0.027 0.032 0.011 0.166 0.186 0.031 0.033 0.039 0.018 0.08 0.048 0.006 0.02 0.134
72 G 0.143 0.024 0.025 0.025 0.077 0.019 0.027 0.198 0.012 0.058 0.1 0.032 0.02 0.025 0.02 0.053 0.038 0.005 0.015 0.083
73 V 0.059 0.02 0.015 0.017 0.017 0.015 0.02 0.022 0.008 0.21 0.14 0.024 0.032 0.038 0.015 0.029 0.044 0.005 0.02 0.248
74 F 0.07 0.021 0.018 0.018 0.012 0.014 0.022 0.031 0.016 0.063 0.114 0.024 0.044 0.314 0.013 0.033 0.029 0.014 0.069 0.059
75 L 0.052 0.022 0.02 0.02 0.076 0.016 0.022 0.027 0.011 0.134 0.146 0.026 0.029 0.105 0.016 0.039 0.08 0.008 0.031 0.121
76 F 0.033 0.018 0.016 0.016 0.01 0.01 0.018 0.025 0.016 0.061 0.11 0.018 0.025 0.408 0.01 0.025 0.025 0.016 0.086 0.053
77 Y 0.039 0.027 0.021 0.018 0.009 0.021 0.027 0.024 0.045 0.042 0.066 0.03 0.018 0.126 0.015 0.03 0.027 0.027 0.341 0.045
78 L 0.079 0.025 0.019 0.019 0.016 0.017 0.024 0.031 0.012 0.089 0.277 0.028 0.038 0.089 0.017 0.039 0.063 0.008 0.028 0.082
79 C 0.089 0.021 0.022 0.022 0.136 0.016 0.023 0.097 0.014 0.104 0.087 0.027 0.021 0.08 0.017 0.053 0.038 0.008 0.044 0.08
80 Y 0.039 0.027 0.021 0.018 0.009 0.021 0.027 0.024 0.045 0.042 0.066 0.03 0.018 0.126 0.015 0.03 0.027 0.027 0.341 0.045
81 S 0.106 0.039 0.052 0.047 0.017 0.032 0.051 0.064 0.019 0.029 0.04 0.052 0.015 0.02 0.029 0.246 0.079 0.005 0.017 0.04
82 F 0.037 0.019 0.015 0.016 0.012 0.012 0.018 0.023 0.014 0.103 0.188 0.02 0.032 0.273 0.012 0.024 0.028 0.013 0.061 0.078
83 I 0.047 0.018 0.015 0.018 0.016 0.013 0.018 0.021 0.009 0.273 0.167 0.024 0.037 0.044 0.015 0.025 0.04 0.006 0.021 0.176
84 Y 0.073 0.026 0.02 0.019 0.011 0.019 0.027 0.03 0.033 0.053 0.112 0.03 0.022 0.139 0.016 0.035 0.03 0.02 0.229 0.055
85 I 0.046 0.019 0.015 0.017 0.016 0.015 0.018 0.021 0.009 0.271 0.166 0.024 0.055 0.043 0.014 0.025 0.039 0.006 0.02 0.161
86 G 0.058 0.044 0.082 0.042 0.009 0.032 0.045 0.196 0.153 0.022 0.034 0.074 0.013 0.021 0.02 0.061 0.034 0.006 0.029 0.025
87 S 0.092 0.034 0.043 0.04 0.016 0.027 0.043 0.054 0.017 0.049 0.06 0.045 0.018 0.07 0.025 0.192 0.068 0.006 0.026 0.074
88 N 0.041 0.043 0.34 0.08 0.009 0.033 0.048 0.063 0.03 0.022 0.03 0.052 0.011 0.017 0.02 0.067 0.048 0.004 0.015 0.026
89 T 0.081 0.032 0.039 0.035 0.017 0.026 0.038 0.044 0.014 0.071 0.072 0.042 0.021 0.025 0.025 0.124 0.156 0.005 0.018 0.116
90 K 0.056 0.069 0.031 0.033 0.01 0.037 0.051 0.036 0.016 0.048 0.073 0.185 0.018 0.019 0.146 0.045 0.038 0.005 0.016 0.068
91 K 0.106 0.059 0.075 0.042 0.012 0.061 0.055 0.111 0.02 0.031 0.045 0.13 0.015 0.017 0.025 0.064 0.07 0.005 0.016 0.041
92 A 0.258 0.03 0.03 0.031 0.019 0.025 0.039 0.131 0.015 0.037 0.052 0.043 0.016 0.02 0.027 0.099 0.05 0.005 0.016 0.058
93 I 0.046 0.019 0.015 0.017 0.016 0.015 0.018 0.021 0.009 0.271 0.166 0.024 0.055 0.043 0.014 0.025 0.039 0.006 0.02 0.161
94 L 0.081 0.021 0.016 0.018 0.017 0.015 0.021 0.028 0.009 0.201 0.203 0.026 0.036 0.041 0.016 0.032 0.039 0.006 0.02 0.154
95 L 0.101 0.033 0.033 0.031 0.017 0.027 0.036 0.045 0.015 0.063 0.13 0.041 0.064 0.032 0.023 0.106 0.108 0.006 0.019 0.07
96 D 0.04 0.029 0.067 0.418 0.007 0.029 0.088 0.045 0.018 0.022 0.027 0.043 0.009 0.014 0.022 0.05 0.034 0.004 0.011 0.023
97 F 0.034 0.019 0.016 0.016 0.011 0.011 0.019 0.025 0.015 0.064 0.139 0.02 0.026 0.32 0.01 0.024 0.025 0.077 0.075 0.055
98 I 0.047 0.02 0.018 0.019 0.015 0.015 0.02 0.023 0.01 0.213 0.173 0.025 0.034 0.087 0.015 0.032 0.065 0.007 0.028 0.134
99 I 0.048 0.018 0.014 0.017 0.016 0.013 0.018 0.02 0.008 0.279 0.158 0.023 0.035 0.042 0.014 0.025 0.04 0.006 0.02 0.186
100 Q 0.054 0.071 0.043 0.046 0.009 0.241 0.099 0.04 0.028 0.026 0.046 0.088 0.02 0.014 0.023 0.054 0.04 0.006 0.02 0.034
101 L 0.047 0.021 0.015 0.017 0.015 0.015 0.02 0.022 0.011 0.178 0.213 0.024 0.056 0.09 0.014 0.026 0.036 0.008 0.029 0.142
102 K 0.055 0.103 0.04 0.04 0.008 0.052 0.068 0.042 0.02 0.027 0.042 0.303 0.015 0.015 0.027 0.052 0.038 0.005 0.017 0.032
103 P 0.055 0.025 0.023 0.03 0.01 0.02 0.035 0.035 0.012 0.025 0.035 0.04 0.01 0.012 0.511 0.042 0.035 0.003 0.012 0.03
104 Y 0.038 0.026 0.02 0.018 0.009 0.02 0.026 0.024 0.042 0.045 0.072 0.029 0.019 0.162 0.014 0.029 0.027 0.026 0.309 0.046
105 L 0.046 0.022 0.014 0.015 0.016 0.015 0.02 0.021 0.009 0.14 0.333 0.024 0.044 0.049 0.014 0.025 0.035 0.007 0.021 0.128
106 A 0.236 0.029 0.027 0.03 0.018 0.024 0.038 0.095 0.014 0.039 0.053 0.042 0.016 0.02 0.088 0.076 0.073 0.005 0.016 0.059
107 F 0.033 0.018 0.016 0.016 0.01 0.01 0.018 0.025 0.016 0.061 0.11 0.018 0.025 0.408 0.01 0.025 0.025 0.016 0.086 0.053
108 F 0.038 0.02 0.017 0.017 0.011 0.012 0.02 0.024 0.019 0.071 0.107 0.021 0.024 0.326 0.012 0.026 0.028 0.016 0.109 0.082
109 C 0.127 0.022 0.021 0.022 0.26 0.017 0.025 0.043 0.01 0.058 0.069 0.029 0.018 0.022 0.02 0.055 0.07 0.005 0.015 0.089
110 V 0.056 0.02 0.015 0.017 0.017 0.014 0.02 0.023 0.009 0.19 0.135 0.024 0.031 0.084 0.015 0.028 0.042 0.007 0.028 0.225
111 Y 0.04 0.027 0.02 0.018 0.01 0.02 0.026 0.024 0.041 0.051 0.107 0.029 0.022 0.117 0.015 0.029 0.028 0.025 0.301 0.051
112 A 0.129 0.044 0.075 0.043 0.014 0.081 0.057 0.056 0.025 0.032 0.048 0.056 0.017 0.032 0.024 0.108 0.051 0.008 0.058 0.044
113 L 0.046 0.023 0.015 0.016 0.015 0.016 0.021 0.022 0.011 0.109 0.301 0.025 0.06 0.094 0.014 0.026 0.034 0.008 0.03 0.113
114 R 0.127 0.134 0.035 0.034 0.013 0.037 0.049 0.05 0.018 0.03 0.046 0.115 0.015 0.017 0.09 0.082 0.045 0.005 0.016 0.042
115 P 0.058 0.026 0.024 0.029 0.012 0.02 0.034 0.034 0.012 0.045 0.05 0.039 0.014 0.017 0.388 0.047 0.066 0.003 0.014 0.068
116 R 0.051 0.124 0.071 0.036 0.012 0.032 0.042 0.037 0.018 0.049 0.082 0.09 0.02 0.07 0.02 0.055 0.095 0.007 0.026 0.063
117 F 0.035 0.02 0.016 0.016 0.012 0.012 0.019 0.024 0.015 0.074 0.182 0.02 0.03 0.319 0.011 0.024 0.026 0.014 0.07 0.063
118 T 0.072 0.037 0.102 0.071 0.015 0.029 0.046 0.052 0.018 0.038 0.049 0.047 0.016 0.021 0.026 0.122 0.167 0.005 0.016 0.051
119 K 0.055 0.103 0.074 0.046 0.011 0.042 0.086 0.04 0.02 0.045 0.053 0.152 0.017 0.019 0.023 0.055 0.069 0.005 0.017 0.068
120 N 0.049 0.087 0.126 0.045 0.011 0.057 0.048 0.041 0.021 0.091 0.072 0.087 0.02 0.024 0.019 0.048 0.042 0.005 0.018 0.089
121 Q 0.054 0.066 0.04 0.042 0.009 0.21 0.09 0.038 0.027 0.035 0.065 0.081 0.042 0.019 0.022 0.052 0.04 0.006 0.02 0.042
122 K 0.054 0.139 0.04 0.039 0.008 0.051 0.066 0.041 0.02 0.026 0.042 0.275 0.015 0.015 0.026 0.051 0.038 0.005 0.017 0.032
123 K 0.072 0.066 0.048 0.091 0.011 0.065 0.068 0.05 0.02 0.027 0.04 0.149 0.015 0.017 0.026 0.125 0.053 0.005 0.016 0.034
124 L 0.052 0.025 0.06 0.028 0.015 0.019 0.026 0.031 0.013 0.159 0.218 0.031 0.035 0.041 0.016 0.057 0.042 0.006 0.02 0.107
125 L 0.044 0.022 0.014 0.015 0.016 0.015 0.019 0.02 0.009 0.158 0.338 0.024 0.045 0.05 0.014 0.024 0.034 0.007 0.021 0.112
126 R 0.049 0.231 0.039 0.036 0.008 0.073 0.063 0.037 0.022 0.024 0.044 0.183 0.016 0.016 0.022 0.048 0.036 0.005 0.017 0.031
127 Y 0.043 0.037 0.07 0.103 0.01 0.026 0.044 0.034 0.026 0.074 0.105 0.068 0.021 0.058 0.018 0.04 0.034 0.012 0.118 0.059
128 L 0.048 0.021 0.018 0.019 0.016 0.015 0.02 0.023 0.009 0.208 0.223 0.026 0.037 0.043 0.016 0.032 0.066 0.006 0.02 0.134
129 C 0.137 0.026 0.027 0.027 0.2 0.021 0.031 0.05 0.012 0.054 0.064 0.034 0.018 0.022 0.022 0.101 0.051 0.005 0.015 0.084
130 L 0.048 0.019 0.015 0.016 0.076 0.013 0.018 0.023 0.01 0.172 0.197 0.023 0.034 0.087 0.014 0.027 0.036 0.007 0.028 0.137
131 L 0.044 0.02 0.015 0.016 0.015 0.014 0.019 0.021 0.01 0.174 0.238 0.023 0.038 0.114 0.013 0.024 0.034 0.008 0.033 0.127
132 F 0.038 0.023 0.056 0.024 0.012 0.015 0.022 0.028 0.016 0.087 0.193 0.025 0.031 0.225 0.013 0.03 0.031 0.011 0.053 0.07
133 W 0.115 0.028 0.025 0.025 0.013 0.021 0.032 0.047 0.015 0.035 0.053 0.034 0.016 0.04 0.018 0.073 0.067 0.257 0.041 0.045
134 L 0.082 0.022 0.019 0.02 0.015 0.015 0.022 0.092 0.012 0.108 0.173 0.026 0.03 0.129 0.016 0.035 0.035 0.008 0.035 0.106
135 I 0.05 0.02 0.016 0.017 0.075 0.015 0.02 0.023 0.017 0.175 0.119 0.025 0.028 0.059 0.015 0.029 0.037 0.011 0.099 0.148
136 L 0.045 0.023 0.015 0.016 0.076 0.016 0.02 0.023 0.011 0.095 0.293 0.024 0.059 0.092 0.014 0.027 0.033 0.008 0.029 0.083
137 L 0.08 0.023 0.015 0.017 0.077 0.016 0.021 0.029 0.01 0.117 0.283 0.026 0.038 0.043 0.016 0.033 0.035 0.006 0.02 0.095
138 P 0.05 0.023 0.018 0.022 0.013 0.017 0.027 0.028 0.012 0.075 0.161 0.031 0.026 0.083 0.225 0.033 0.035 0.006 0.027 0.089
139 L 0.05 0.02 0.015 0.017 0.016 0.014 0.019 0.021 0.009 0.212 0.221 0.024 0.038 0.044 0.015 0.026 0.039 0.006 0.021 0.175
140 G 0.076 0.022 0.038 0.033 0.011 0.018 0.025 0.523 0.013 0.018 0.028 0.033 0.009 0.016 0.018 0.05 0.029 0.005 0.011 0.024
141 L 0.049 0.024 0.019 0.018 0.016 0.017 0.023 0.025 0.011 0.103 0.267 0.027 0.038 0.096 0.016 0.035 0.067 0.008 0.03 0.112
142 L 0.09 0.027 0.025 0.025 0.016 0.02 0.03 0.037 0.012 0.097 0.193 0.034 0.03 0.035 0.081 0.069 0.071 0.006 0.019 0.082
143 G 0.08 0.034 0.081 0.051 0.012 0.031 0.074 0.234 0.019 0.023 0.034 0.047 0.012 0.018 0.023 0.126 0.051 0.005 0.014 0.031
144 L 0.044 0.024 0.018 0.025 0.013 0.02 0.057 0.024 0.013 0.102 0.214 0.029 0.033 0.156 0.014 0.029 0.033 0.009 0.041 0.103
145 F 0.04 0.019 0.016 0.017 0.012 0.011 0.019 0.024 0.014 0.109 0.121 0.02 0.027 0.3 0.012 0.026 0.03 0.013 0.067 0.104
146 D 0.042 0.027 0.076 0.14 0.011 0.022 0.044 0.034 0.02 0.115 0.124 0.034 0.024 0.045 0.017 0.039 0.036 0.008 0.062 0.079
147 G 0.067 0.024 0.031 0.032 0.01 0.02 0.031 0.275 0.013 0.022 0.032 0.037 0.01 0.014 0.258 0.047 0.033 0.004 0.012 0.027
148 P 0.054 0.046 0.078 0.067 0.01 0.059 0.052 0.11 0.019 0.034 0.058 0.084 0.037 0.019 0.125 0.05 0.038 0.005 0.016 0.038
149 L 0.055 0.08 0.041 0.081 0.012 0.057 0.053 0.039 0.063 0.044 0.088 0.056 0.04 0.049 0.021 0.073 0.069 0.007 0.027 0.048
150 L 0.044 0.025 0.058 0.027 0.013 0.019 0.026 0.029 0.018 0.119 0.144 0.031 0.046 0.094 0.077 0.034 0.035 0.01 0.067 0.085
151 L 0.043 0.02 0.014 0.016 0.015 0.014 0.018 0.021 0.01 0.174 0.273 0.023 0.04 0.093 0.013 0.024 0.034 0.008 0.029 0.117
152 L 0.052 0.038 0.031 0.075 0.012 0.049 0.045 0.093 0.015 0.09 0.117 0.07 0.024 0.075 0.018 0.039 0.036 0.007 0.026 0.09
153 A 0.114 0.038 0.03 0.077 0.012 0.026 0.043 0.043 0.024 0.044 0.07 0.07 0.028 0.1 0.021 0.049 0.036 0.013 0.111 0.05
154 L 0.078 0.021 0.016 0.018 0.015 0.015 0.021 0.029 0.011 0.142 0.19 0.025 0.033 0.133 0.015 0.032 0.036 0.009 0.036 0.124
155 L 0.047 0.027 0.018 0.018 0.015 0.022 0.024 0.025 0.014 0.119 0.202 0.03 0.132 0.092 0.014 0.031 0.036 0.008 0.03 0.095
156 G 0.072 0.029 0.036 0.032 0.012 0.021 0.03 0.344 0.014 0.034 0.046 0.05 0.013 0.066 0.019 0.07 0.036 0.007 0.022 0.047
157 H 0.044 0.041 0.047 0.034 0.009 0.034 0.048 0.035 0.331 0.039 0.048 0.042 0.017 0.03 0.018 0.039 0.029 0.007 0.051 0.056
158 P 0.055 0.035 0.027 0.043 0.011 0.057 0.111 0.032 0.017 0.075 0.064 0.05 0.018 0.02 0.204 0.043 0.038 0.004 0.016 0.081
159 A 0.18 0.035 0.041 0.039 0.018 0.029 0.045 0.066 0.016 0.036 0.05 0.048 0.016 0.021 0.028 0.165 0.092 0.005 0.017 0.054
160 R 0.043 0.153 0.026 0.022 0.01 0.029 0.034 0.027 0.028 0.052 0.071 0.06 0.019 0.109 0.016 0.035 0.032 0.015 0.147 0.071
161 F 0.038 0.021 0.017 0.018 0.011 0.013 0.021 0.025 0.016 0.068 0.17 0.023 0.028 0.252 0.074 0.027 0.028 0.013 0.077 0.06
162 A 0.284 0.029 0.026 0.029 0.02 0.024 0.037 0.132 0.014 0.039 0.054 0.042 0.016 0.02 0.027 0.078 0.046 0.005 0.016 0.061
163 A 0.163 0.031 0.035 0.033 0.018 0.025 0.037 0.115 0.014 0.044 0.056 0.042 0.017 0.021 0.026 0.082 0.158 0.005 0.016 0.062
164 A 0.218 0.032 0.032 0.033 0.019 0.026 0.041 0.066 0.015 0.052 0.061 0.044 0.018 0.022 0.027 0.127 0.058 0.005 0.017 0.087
165 V 0.123 0.023 0.018 0.02 0.018 0.018 0.026 0.036 0.01 0.141 0.147 0.029 0.03 0.034 0.019 0.042 0.045 0.006 0.019 0.196
166 I 0.057 0.025 0.025 0.024 0.017 0.019 0.026 0.029 0.01 0.164 0.15 0.031 0.03 0.036 0.019 0.05 0.126 0.006 0.019 0.138
167 A 0.182 0.025 0.02 0.023 0.019 0.02 0.029 0.048 0.011 0.129 0.135 0.033 0.027 0.032 0.022 0.054 0.044 0.006 0.019 0.124
168 L 0.056 0.024 0.019 0.019 0.077 0.018 0.023 0.026 0.01 0.106 0.22 0.028 0.054 0.04 0.016 0.037 0.067 0.006 0.02 0.135
169 A 0.18 0.033 0.04 0.038 0.018 0.028 0.043 0.126 0.016 0.032 0.045 0.046 0.015 0.02 0.027 0.16 0.061 0.005 0.016 0.048
170 L 0.045 0.024 0.017 0.017 0.015 0.017 0.021 0.023 0.011 0.123 0.285 0.026 0.059 0.093 0.014 0.029 0.048 0.008 0.029 0.096
171 L 0.055 0.025 0.022 0.022 0.016 0.019 0.025 0.027 0.011 0.147 0.195 0.03 0.053 0.04 0.018 0.043 0.096 0.006 0.02 0.131
172 Y 0.038 0.026 0.02 0.018 0.009 0.02 0.026 0.024 0.042 0.045 0.072 0.029 0.019 0.162 0.014 0.029 0.027 0.026 0.309 0.046
173 L 0.075 0.024 0.016 0.017 0.015 0.017 0.023 0.028 0.016 0.088 0.277 0.027 0.037 0.102 0.015 0.032 0.033 0.01 0.069 0.079
174 Y 0.037 0.024 0.019 0.017 0.009 0.017 0.024 0.024 0.034 0.049 0.083 0.026 0.02 0.232 0.013 0.028 0.026 0.023 0.245 0.048
175 C 0.064 0.018 0.019 0.018 0.441 0.014 0.019 0.033 0.009 0.044 0.063 0.023 0.016 0.02 0.017 0.046 0.065 0.004 0.012 0.057
176 S 0.096 0.079 0.05 0.044 0.015 0.033 0.049 0.089 0.019 0.027 0.04 0.059 0.015 0.019 0.027 0.209 0.07 0.005 0.016 0.038
177 D 0.049 0.045 0.072 0.236 0.008 0.036 0.103 0.104 0.019 0.022 0.031 0.095 0.011 0.015 0.022 0.052 0.035 0.004 0.013 0.026
178 F 0.047 0.071 0.066 0.031 0.01 0.024 0.033 0.035 0.03 0.04 0.067 0.043 0.018 0.156 0.017 0.062 0.036 0.016 0.155 0.042
179 N 0.043 0.045 0.319 0.083 0.009 0.034 0.049 0.065 0.031 0.022 0.031 0.054 0.011 0.018 0.02 0.07 0.049 0.004 0.016 0.027
180 H 0.042 0.046 0.053 0.038 0.008 0.038 0.053 0.038 0.357 0.023 0.038 0.046 0.015 0.03 0.019 0.042 0.027 0.008 0.057 0.023
181 I 0.047 0.018 0.015 0.018 0.016 0.013 0.018 0.021 0.009 0.273 0.167 0.024 0.037 0.044 0.015 0.025 0.04 0.006 0.021 0.176
182 T 0.063 0.077 0.079 0.041 0.015 0.03 0.041 0.043 0.017 0.044 0.057 0.054 0.018 0.021 0.025 0.081 0.214 0.006 0.017 0.058
183 L 0.057 0.052 0.032 0.032 0.013 0.044 0.046 0.036 0.016 0.055 0.127 0.11 0.034 0.027 0.087 0.054 0.098 0.005 0.018 0.058
184 K 0.053 0.13 0.04 0.045 0.008 0.052 0.098 0.04 0.021 0.025 0.041 0.251 0.015 0.015 0.025 0.051 0.037 0.005 0.017 0.031
185 D 0.041 0.032 0.101 0.349 0.007 0.032 0.099 0.047 0.02 0.022 0.028 0.047 0.01 0.015 0.022 0.053 0.036 0.004 0.012 0.024
186 K 0.085 0.116 0.035 0.035 0.011 0.043 0.056 0.042 0.018 0.062 0.059 0.212 0.018 0.019 0.024 0.051 0.039 0.005 0.017 0.053
187 L 0.048 0.02 0.015 0.016 0.075 0.014 0.019 0.024 0.01 0.13 0.181 0.023 0.031 0.088 0.013 0.027 0.034 0.07 0.033 0.127
188 I 0.051 0.018 0.015 0.017 0.016 0.014 0.018 0.021 0.008 0.261 0.153 0.023 0.034 0.041 0.015 0.026 0.041 0.006 0.02 0.201
189 F 0.037 0.021 0.017 0.017 0.011 0.014 0.02 0.024 0.019 0.093 0.121 0.022 0.046 0.282 0.012 0.026 0.028 0.015 0.102 0.071
190 L 0.047 0.021 0.014 0.016 0.016 0.015 0.019 0.021 0.009 0.186 0.275 0.024 0.041 0.047 0.014 0.025 0.037 0.006 0.021 0.147
191 L 0.117 0.023 0.02 0.021 0.077 0.017 0.024 0.099 0.011 0.094 0.177 0.029 0.028 0.057 0.018 0.044 0.036 0.006 0.022 0.08
192 L 0.048 0.027 0.017 0.018 0.016 0.022 0.024 0.025 0.013 0.125 0.238 0.031 0.135 0.048 0.015 0.031 0.037 0.007 0.022 0.1
193 L 0.043 0.024 0.014 0.015 0.016 0.016 0.02 0.021 0.01 0.111 0.384 0.025 0.057 0.052 0.014 0.024 0.033 0.007 0.022 0.093
194 S 0.132 0.038 0.049 0.045 0.017 0.031 0.049 0.066 0.018 0.03 0.043 0.051 0.015 0.02 0.029 0.226 0.075 0.005 0.017 0.044
195 L 0.087 0.022 0.016 0.018 0.017 0.016 0.022 0.029 0.009 0.167 0.194 0.027 0.034 0.039 0.017 0.034 0.042 0.006 0.02 0.184
196 G 0.074 0.021 0.035 0.03 0.072 0.017 0.024 0.465 0.012 0.021 0.032 0.031 0.01 0.016 0.018 0.048 0.03 0.005 0.011 0.027
197 L 0.042 0.022 0.014 0.015 0.015 0.014 0.019 0.021 0.01 0.14 0.317 0.023 0.043 0.095 0.013 0.024 0.032 0.008 0.029 0.103
198 L 0.075 0.022 0.016 0.017 0.015 0.015 0.021 0.028 0.012 0.113 0.253 0.025 0.037 0.136 0.015 0.031 0.033 0.009 0.037 0.089
199 S 0.101 0.036 0.048 0.043 0.077 0.03 0.046 0.06 0.017 0.031 0.043 0.048 0.015 0.02 0.027 0.22 0.074 0.005 0.016 0.042
200 G 0.07 0.023 0.036 0.031 0.011 0.018 0.026 0.403 0.013 0.028 0.042 0.032 0.012 0.066 0.018 0.051 0.059 0.007 0.021 0.033
201 R 0.045 0.334 0.038 0.031 0.008 0.047 0.053 0.033 0.022 0.023 0.045 0.139 0.015 0.017 0.02 0.044 0.034 0.006 0.017 0.03
202 S 0.119 0.038 0.051 0.046 0.017 0.032 0.05 0.065 0.018 0.03 0.042 0.052 0.015 0.02 0.029 0.236 0.077 0.005 0.017 0.042
203 K 0.055 0.103 0.04 0.04 0.008 0.052 0.068 0.042 0.02 0.027 0.042 0.303 0.015 0.015 0.027 0.052 0.038 0.005 0.017 0.032
204 F 0.07 0.022 0.018 0.018 0.012 0.014 0.022 0.03 0.019 0.063 0.134 0.024 0.026 0.28 0.014 0.032 0.029 0.015 0.101 0.059
205 Y 0.038 0.026 0.02 0.018 0.009 0.02 0.026 0.024 0.042 0.045 0.072 0.029 0.019 0.162 0.014 0.029 0.027 0.026 0.309 0.046
206 G 0.105 0.023 0.036 0.032 0.012 0.019 0.027 0.47 0.013 0.021 0.031 0.034 0.01 0.016 0.02 0.054 0.031 0.005 0.011 0.029
207 F 0.037 0.023 0.019 0.025 0.011 0.017 0.056 0.025 0.017 0.063 0.137 0.026 0.026 0.314 0.013 0.028 0.027 0.014 0.069 0.055
208 F 0.035 0.022 0.017 0.016 0.01 0.014 0.021 0.025 0.022 0.059 0.128 0.023 0.025 0.249 0.012 0.025 0.026 0.079 0.139 0.053
209 A 0.167 0.025 0.021 0.023 0.018 0.02 0.029 0.046 0.011 0.129 0.135 0.033 0.027 0.032 0.021 0.054 0.058 0.006 0.019 0.124
210 L 0.08 0.022 0.015 0.017 0.077 0.016 0.021 0.029 0.01 0.14 0.254 0.026 0.037 0.042 0.016 0.033 0.036 0.006 0.019 0.104
211 A 0.205 0.031 0.034 0.034 0.079 0.026 0.041 0.066 0.015 0.037 0.052 0.044 0.016 0.02 0.027 0.138 0.058 0.005 0.016 0.055
212 I 0.056 0.023 0.021 0.022 0.017 0.017 0.024 0.026 0.01 0.186 0.16 0.029 0.032 0.037 0.018 0.042 0.098 0.006 0.019 0.159
213 L 0.05 0.019 0.015 0.016 0.076 0.013 0.019 0.024 0.01 0.148 0.157 0.022 0.031 0.13 0.014 0.028 0.036 0.008 0.036 0.148
214 L 0.049 0.023 0.017 0.018 0.016 0.017 0.022 0.024 0.011 0.162 0.275 0.027 0.06 0.047 0.015 0.039 0.038 0.006 0.021 0.114
215 L 0.052 0.022 0.018 0.019 0.016 0.016 0.022 0.024 0.01 0.156 0.193 0.026 0.034 0.086 0.016 0.034 0.067 0.007 0.028 0.155
216 L 0.043 0.02 0.015 0.016 0.014 0.013 0.019 0.022 0.012 0.133 0.211 0.022 0.035 0.182 0.013 0.025 0.032 0.01 0.045 0.118
217 Y 0.038 0.025 0.02 0.018 0.009 0.019 0.025 0.024 0.04 0.046 0.075 0.028 0.019 0.183 0.014 0.029 0.027 0.025 0.287 0.047
218 F 0.046 0.024 0.021 0.021 0.012 0.017 0.025 0.029 0.019 0.066 0.142 0.027 0.046 0.235 0.014 0.054 0.034 0.014 0.093 0.06
219 N 0.067 0.036 0.153 0.054 0.012 0.028 0.043 0.115 0.021 0.027 0.037 0.047 0.013 0.018 0.084 0.11 0.08 0.005 0.015 0.035
220 R 0.052 0.167 0.072 0.036 0.01 0.037 0.046 0.039 0.024 0.037 0.089 0.101 0.019 0.035 0.02 0.069 0.041 0.008 0.058 0.041
221 V 0.074 0.037 0.067 0.035 0.013 0.025 0.037 0.041 0.016 0.083 0.076 0.07 0.02 0.071 0.082 0.072 0.059 0.006 0.025 0.089
222 F 0.082 0.044 0.089 0.052 0.011 0.036 0.11 0.045 0.021 0.035 0.057 0.079 0.016 0.115 0.021 0.064 0.04 0.008 0.034 0.041
223 R 0.045 0.137 0.113 0.044 0.009 0.039 0.051 0.041 0.067 0.034 0.083 0.126 0.018 0.023 0.02 0.049 0.037 0.006 0.022 0.036
224 L 0.048 0.025 0.058 0.026 0.014 0.019 0.024 0.09 0.013 0.133 0.22 0.03 0.053 0.04 0.015 0.034 0.036 0.006 0.019 0.095
225 K 0.055 0.114 0.04 0.05 0.009 0.051 0.125 0.039 0.021 0.028 0.043 0.189 0.015 0.016 0.025 0.056 0.066 0.005 0.017 0.036
226 L 0.04 0.021 0.015 0.016 0.014 0.014 0.019 0.022 0.012 0.115 0.247 0.023 0.046 0.184 0.013 0.025 0.031 0.01 0.046 0.088
227 N 0.057 0.04 0.234 0.114 0.011 0.032 0.054 0.061 0.026 0.023 0.033 0.051 0.012 0.018 0.022 0.11 0.054 0.004 0.015 0.029
228 L 0.111 0.025 0.019 0.021 0.015 0.019 0.027 0.038 0.013 0.072 0.187 0.031 0.049 0.106 0.079 0.042 0.036 0.008 0.032 0.071
229 K 0.051 0.202 0.039 0.036 0.008 0.05 0.062 0.038 0.021 0.025 0.043 0.233 0.015 0.016 0.024 0.048 0.037 0.005 0.017 0.031
230 N 0.047 0.08 0.206 0.058 0.011 0.031 0.043 0.05 0.024 0.039 0.084 0.055 0.018 0.023 0.02 0.063 0.086 0.005 0.017 0.043
231 I 0.05 0.032 0.022 0.023 0.015 0.021 0.027 0.026 0.011 0.207 0.138 0.062 0.05 0.037 0.017 0.037 0.068 0.006 0.02 0.13
232 L 0.053 0.022 0.019 0.02 0.015 0.016 0.023 0.027 0.011 0.167 0.177 0.026 0.033 0.109 0.015 0.053 0.041 0.008 0.032 0.133
233 L 0.077 0.02 0.016 0.018 0.016 0.015 0.021 0.028 0.011 0.189 0.201 0.025 0.035 0.088 0.015 0.031 0.036 0.007 0.028 0.124
234 F 0.051 0.022 0.023 0.022 0.013 0.016 0.023 0.091 0.014 0.094 0.169 0.026 0.029 0.176 0.015 0.055 0.036 0.01 0.043 0.073
235 L 0.047 0.022 0.018 0.019 0.015 0.015 0.021 0.025 0.011 0.132 0.206 0.025 0.034 0.134 0.015 0.033 0.063 0.009 0.037 0.12
236 V 0.056 0.019 0.015 0.016 0.137 0.014 0.019 0.025 0.009 0.129 0.147 0.023 0.029 0.081 0.015 0.031 0.039 0.007 0.026 0.163
237 T 0.099 0.028 0.031 0.03 0.017 0.022 0.033 0.041 0.012 0.122 0.092 0.037 0.024 0.029 0.023 0.085 0.134 0.006 0.018 0.118
238 L 0.08 0.023 0.017 0.019 0.015 0.017 0.024 0.03 0.011 0.103 0.225 0.028 0.033 0.085 0.078 0.034 0.036 0.007 0.028 0.107
239 A 0.17 0.027 0.024 0.025 0.018 0.021 0.03 0.11 0.012 0.072 0.147 0.035 0.026 0.03 0.022 0.058 0.056 0.006 0.018 0.096
240 L 0.083 0.023 0.02 0.02 0.015 0.017 0.023 0.122 0.011 0.108 0.256 0.028 0.035 0.041 0.017 0.036 0.034 0.006 0.019 0.086
241 L 0.058 0.025 0.022 0.022 0.017 0.019 0.025 0.027 0.011 0.153 0.161 0.03 0.051 0.037 0.018 0.044 0.098 0.006 0.02 0.156
242 L 0.085 0.021 0.019 0.02 0.046 0.016 0.022 0.092 0.01 0.136 0.177 0.027 0.03 0.059 0.016 0.036 0.037 0.006 0.022 0.121
243 F 0.077 0.023 0.018 0.018 0.014 0.017 0.024 0.03 0.022 0.101 0.134 0.027 0.027 0.135 0.016 0.034 0.034 0.014 0.132 0.102
244 V 0.098 0.022 0.017 0.019 0.019 0.017 0.025 0.03 0.009 0.144 0.117 0.027 0.029 0.033 0.018 0.038 0.048 0.005 0.02 0.265
245 A 0.229 0.029 0.031 0.032 0.018 0.024 0.037 0.187 0.015 0.034 0.048 0.042 0.015 0.019 0.026 0.095 0.047 0.005 0.015 0.052
246 W 0.034 0.075 0.021 0.02 0.007 0.023 0.031 0.031 0.016 0.028 0.049 0.069 0.015 0.048 0.011 0.028 0.025 0.384 0.054 0.03
247 D 0.087 0.044 0.086 0.167 0.011 0.084 0.09 0.051 0.022 0.026 0.038 0.059 0.014 0.016 0.024 0.082 0.045 0.005 0.015 0.034
248 K 0.055 0.103 0.04 0.04 0.008 0.052 0.068 0.042 0.02 0.027 0.042 0.303 0.015 0.015 0.027 0.052 0.038 0.005 0.017 0.032
249 I 0.042 0.018 0.015 0.017 0.014 0.013 0.018 0.021 0.011 0.214 0.179 0.022 0.034 0.135 0.013 0.024 0.034 0.009 0.037 0.132
250 D 0.054 0.046 0.051 0.148 0.009 0.079 0.137 0.042 0.089 0.023 0.036 0.06 0.014 0.018 0.023 0.074 0.04 0.005 0.023 0.029
251 L 0.045 0.024 0.016 0.016 0.014 0.017 0.022 0.022 0.018 0.1 0.28 0.026 0.038 0.069 0.014 0.026 0.033 0.012 0.101 0.106
252 Y 0.039 0.027 0.021 0.018 0.009 0.021 0.027 0.024 0.045 0.042 0.066 0.03 0.018 0.126 0.015 0.03 0.027 0.027 0.341 0.045
253 F 0.033 0.018 0.016 0.016 0.01 0.01 0.018 0.025 0.016 0.061 0.11 0.018 0.025 0.408 0.01 0.025 0.025 0.016 0.086 0.053
254 I 0.085 0.022 0.017 0.019 0.017 0.017 0.023 0.029 0.01 0.182 0.173 0.028 0.053 0.04 0.017 0.035 0.041 0.006 0.02 0.169
255 I 0.047 0.018 0.015 0.018 0.016 0.013 0.018 0.021 0.009 0.271 0.168 0.024 0.037 0.044 0.015 0.025 0.04 0.006 0.021 0.177
256 Q 0.08 0.05 0.041 0.046 0.012 0.112 0.097 0.044 0.023 0.034 0.05 0.064 0.018 0.025 0.025 0.087 0.102 0.007 0.038 0.046
257 G 0.076 0.022 0.038 0.033 0.01 0.018 0.025 0.527 0.013 0.018 0.027 0.033 0.009 0.016 0.018 0.05 0.029 0.005 0.01 0.023
258 G 0.054 0.026 0.03 0.08 0.012 0.024 0.067 0.152 0.014 0.121 0.114 0.036 0.043 0.03 0.018 0.039 0.035 0.006 0.016 0.083
259 F 0.094 0.037 0.031 0.03 0.015 0.025 0.037 0.042 0.015 0.06 0.076 0.068 0.021 0.119 0.022 0.08 0.101 0.008 0.035 0.084
260 G 0.068 0.03 0.076 0.046 0.011 0.027 0.066 0.347 0.017 0.023 0.033 0.041 0.011 0.017 0.02 0.057 0.062 0.005 0.013 0.03
261 G 0.078 0.023 0.039 0.034 0.011 0.019 0.026 0.51 0.014 0.019 0.028 0.034 0.009 0.016 0.019 0.051 0.03 0.005 0.011 0.024
262 G 0.078 0.023 0.039 0.034 0.011 0.019 0.026 0.51 0.014 0.019 0.028 0.034 0.009 0.016 0.019 0.051 0.03 0.005 0.011 0.024
263 E 0.056 0.087 0.049 0.167 0.009 0.046 0.176 0.041 0.022 0.023 0.035 0.068 0.012 0.016 0.024 0.078 0.041 0.005 0.015 0.03
264 L 0.06 0.03 0.032 0.088 0.013 0.028 0.078 0.034 0.019 0.078 0.117 0.039 0.023 0.043 0.02 0.066 0.044 0.008 0.063 0.116
265 R 0.045 0.343 0.039 0.031 0.008 0.049 0.052 0.033 0.023 0.023 0.047 0.121 0.016 0.017 0.019 0.045 0.035 0.006 0.017 0.031
266 E 0.055 0.05 0.041 0.09 0.007 0.065 0.295 0.035 0.026 0.022 0.037 0.076 0.013 0.017 0.026 0.055 0.037 0.006 0.017 0.031
267 E 0.052 0.042 0.046 0.163 0.008 0.05 0.227 0.038 0.022 0.025 0.037 0.062 0.012 0.016 0.024 0.057 0.065 0.005 0.015 0.033
268 E 0.061 0.054 0.043 0.098 0.01 0.042 0.124 0.042 0.019 0.028 0.04 0.116 0.014 0.016 0.086 0.08 0.071 0.005 0.015 0.036
269 E 0.055 0.05 0.041 0.09 0.007 0.065 0.295 0.035 0.026 0.022 0.037 0.076 0.013 0.017 0.026 0.055 0.037 0.006 0.017 0.031
270 V 0.07 0.022 0.016 0.018 0.019 0.016 0.023 0.025 0.008 0.164 0.13 0.026 0.032 0.036 0.016 0.033 0.049 0.005 0.021 0.271
271 L 0.044 0.024 0.014 0.015 0.016 0.016 0.02 0.021 0.01 0.115 0.377 0.025 0.049 0.055 0.014 0.024 0.033 0.007 0.022 0.096
272 D 0.046 0.034 0.128 0.244 0.008 0.033 0.099 0.108 0.021 0.021 0.029 0.048 0.01 0.016 0.021 0.055 0.037 0.004 0.013 0.025
273 L 0.054 0.032 0.026 0.037 0.014 0.031 0.1 0.03 0.015 0.077 0.236 0.041 0.053 0.039 0.019 0.06 0.04 0.006 0.02 0.07
274 L 0.042 0.024 0.018 0.017 0.012 0.018 0.023 0.023 0.024 0.123 0.153 0.027 0.048 0.121 0.014 0.028 0.032 0.015 0.149 0.089
275 A 0.314 0.03 0.025 0.029 0.021 0.025 0.039 0.076 0.014 0.042 0.057 0.043 0.017 0.021 0.029 0.082 0.048 0.005 0.017 0.066
276 R 0.043 0.367 0.037 0.03 0.008 0.047 0.051 0.032 0.023 0.023 0.045 0.116 0.015 0.017 0.019 0.043 0.034 0.006 0.017 0.03
277 P 0.05 0.026 0.019 0.021 0.013 0.021 0.028 0.027 0.02 0.075 0.138 0.032 0.064 0.057 0.139 0.034 0.035 0.011 0.099 0.089
278 A 0.189 0.027 0.021 0.023 0.019 0.022 0.031 0.05 0.012 0.093 0.1 0.035 0.044 0.029 0.022 0.057 0.047 0.006 0.019 0.155
279 L 0.043 0.023 0.014 0.015 0.016 0.016 0.02 0.021 0.01 0.111 0.397 0.024 0.048 0.053 0.014 0.023 0.032 0.007 0.022 0.093
280 Y 0.039 0.027 0.021 0.018 0.009 0.021 0.027 0.024 0.045 0.042 0.066 0.03 0.018 0.126 0.015 0.03 0.027 0.027 0.341 0.045
281 A 0.158 0.028 0.025 0.025 0.017 0.023 0.033 0.048 0.021 0.07 0.075 0.036 0.02 0.051 0.022 0.077 0.047 0.011 0.099 0.115
282 T 0.057 0.031 0.073 0.037 0.014 0.023 0.034 0.04 0.016 0.05 0.071 0.039 0.019 0.118 0.022 0.071 0.182 0.008 0.034 0.059
283 S 0.102 0.037 0.05 0.045 0.016 0.03 0.047 0.122 0.018 0.027 0.039 0.05 0.014 0.02 0.027 0.222 0.073 0.005 0.016 0.038
284 I 0.081 0.023 0.02 0.021 0.016 0.017 0.024 0.03 0.015 0.179 0.154 0.029 0.031 0.049 0.018 0.04 0.067 0.008 0.06 0.12
285 D 0.051 0.031 0.076 0.135 0.011 0.027 0.066 0.04 0.021 0.042 0.105 0.042 0.019 0.037 0.081 0.069 0.04 0.007 0.056 0.043
286 I 0.051 0.018 0.015 0.017 0.016 0.014 0.018 0.021 0.008 0.261 0.153 0.023 0.034 0.041 0.015 0.026 0.041 0.006 0.02 0.201
287 F 0.037 0.021 0.016 0.016 0.012 0.013 0.019 0.023 0.014 0.079 0.205 0.021 0.042 0.274 0.012 0.025 0.028 0.013 0.062 0.068
288 L 0.051 0.049 0.065 0.04 0.012 0.034 0.074 0.034 0.017 0.095 0.128 0.105 0.045 0.03 0.02 0.042 0.04 0.006 0.019 0.096
289 D 0.041 0.034 0.064 0.371 0.007 0.055 0.09 0.044 0.019 0.022 0.029 0.049 0.01 0.014 0.022 0.051 0.035 0.004 0.012 0.025
290 Y 0.039 0.027 0.021 0.018 0.009 0.021 0.027 0.024 0.045 0.042 0.066 0.03 0.018 0.126 0.015 0.03 0.027 0.027 0.341 0.045
291 F 0.045 0.023 0.017 0.017 0.014 0.017 0.022 0.024 0.014 0.117 0.162 0.025 0.08 0.18 0.013 0.029 0.034 0.01 0.046 0.112
292 P 0.055 0.025 0.023 0.03 0.01 0.02 0.035 0.035 0.012 0.025 0.035 0.04 0.01 0.012 0.511 0.042 0.035 0.003 0.012 0.03
293 F 0.033 0.019 0.016 0.016 0.011 0.011 0.018 0.024 0.016 0.064 0.128 0.019 0.026 0.385 0.01 0.024 0.025 0.016 0.082 0.056
294 G 0.076 0.022 0.038 0.033 0.01 0.018 0.025 0.527 0.013 0.018 0.027 0.033 0.009 0.016 0.018 0.05 0.029 0.005 0.01 0.023
295 S 0.106 0.039 0.052 0.047 0.017 0.032 0.051 0.064 0.019 0.029 0.04 0.052 0.015 0.02 0.029 0.246 0.079 0.005 0.017 0.04
296 G 0.076 0.022 0.038 0.033 0.01 0.018 0.025 0.527 0.013 0.018 0.027 0.033 0.009 0.016 0.018 0.05 0.029 0.005 0.01 0.023
297 F 0.037 0.02 0.015 0.016 0.012 0.012 0.019 0.023 0.014 0.08 0.218 0.021 0.033 0.275 0.012 0.024 0.027 0.013 0.062 0.068
298 A 0.284 0.029 0.026 0.029 0.02 0.024 0.037 0.132 0.014 0.039 0.054 0.042 0.016 0.02 0.027 0.078 0.046 0.005 0.016 0.061
299 S 0.102 0.038 0.051 0.046 0.017 0.031 0.049 0.061 0.018 0.032 0.043 0.051 0.016 0.021 0.028 0.227 0.103 0.005 0.017 0.044
300 F 0.035 0.022 0.018 0.017 0.01 0.014 0.022 0.024 0.027 0.054 0.094 0.023 0.022 0.302 0.012 0.027 0.025 0.02 0.181 0.05
301 A 0.223 0.026 0.027 0.028 0.078 0.021 0.033 0.183 0.013 0.036 0.051 0.037 0.015 0.019 0.024 0.069 0.042 0.005 0.015 0.054
302 T 0.079 0.035 0.045 0.039 0.017 0.028 0.041 0.047 0.015 0.046 0.057 0.046 0.018 0.022 0.027 0.129 0.224 0.006 0.017 0.062
303 F 0.036 0.027 0.026 0.022 0.009 0.02 0.029 0.028 0.113 0.043 0.074 0.028 0.019 0.199 0.013 0.03 0.025 0.078 0.139 0.04
304 A 0.223 0.031 0.03 0.031 0.018 0.025 0.039 0.064 0.019 0.041 0.057 0.043 0.017 0.034 0.027 0.097 0.077 0.008 0.057 0.061
305 S 0.106 0.039 0.052 0.047 0.017 0.032 0.051 0.064 0.019 0.029 0.04 0.052 0.015 0.02 0.029 0.246 0.079 0.005 0.017 0.04
306 G 0.138 0.028 0.037 0.034 0.015 0.023 0.033 0.295 0.014 0.03 0.041 0.039 0.013 0.018 0.023 0.087 0.07 0.005 0.014 0.042
307 V 0.09 0.039 0.033 0.085 0.013 0.081 0.089 0.038 0.017 0.077 0.074 0.051 0.021 0.023 0.021 0.049 0.043 0.005 0.018 0.134
308 Y 0.041 0.026 0.027 0.069 0.009 0.021 0.035 0.028 0.036 0.039 0.06 0.032 0.016 0.116 0.078 0.034 0.029 0.02 0.243 0.041
309 Y 0.039 0.027 0.021 0.018 0.009 0.021 0.027 0.024 0.045 0.042 0.066 0.03 0.018 0.126 0.015 0.03 0.027 0.027 0.341 0.045
310 S 0.106 0.039 0.052 0.047 0.017 0.032 0.051 0.064 0.019 0.029 0.04 0.052 0.015 0.02 0.029 0.246 0.079 0.005 0.017 0.04
311 P 0.053 0.039 0.072 0.087 0.01 0.027 0.048 0.041 0.016 0.028 0.038 0.075 0.012 0.015 0.267 0.054 0.067 0.004 0.014 0.034
312 L 0.044 0.02 0.014 0.016 0.016 0.014 0.018 0.02 0.009 0.204 0.279 0.024 0.042 0.048 0.014 0.024 0.035 0.006 0.021 0.132
313 Y 0.039 0.027 0.021 0.018 0.009 0.021 0.027 0.024 0.045 0.042 0.066 0.03 0.018 0.126 0.015 0.03 0.027 0.027 0.341 0.045
314 A 0.122 0.036 0.111 0.044 0.014 0.028 0.042 0.056 0.068 0.048 0.053 0.044 0.016 0.036 0.023 0.094 0.048 0.008 0.062 0.05
315 K 0.053 0.119 0.04 0.051 0.008 0.077 0.133 0.038 0.023 0.025 0.041 0.195 0.015 0.015 0.025 0.051 0.037 0.005 0.017 0.031
316 Y 0.038 0.026 0.02 0.018 0.009 0.02 0.026 0.024 0.042 0.045 0.072 0.029 0.019 0.162 0.014 0.029 0.027 0.026 0.309 0.046
317 G 0.075 0.027 0.041 0.035 0.011 0.022 0.031 0.408 0.059 0.02 0.03 0.036 0.011 0.018 0.02 0.073 0.035 0.005 0.017 0.025
318 I 0.046 0.021 0.015 0.017 0.016 0.017 0.02 0.022 0.01 0.223 0.199 0.026 0.075 0.045 0.014 0.027 0.038 0.006 0.021 0.141
319 D 0.052 0.033 0.098 0.306 0.009 0.03 0.076 0.051 0.02 0.023 0.03 0.046 0.01 0.016 0.023 0.089 0.044 0.004 0.013 0.027
320 K 0.06 0.053 0.097 0.044 0.011 0.034 0.048 0.106 0.086 0.041 0.047 0.107 0.015 0.021 0.022 0.074 0.043 0.005 0.023 0.062
