#Seq2Logo.py -f /work3/idamei/ssn-clusterings/clustering/2205110921/clusters/0016_121/sequences.afa -o /work3/idamei/ssn-clusterings/clustering/2205110921/clusters/0016_121/sequences.logo
#Position Specific Frequency Matrix
A R N D C Q E G H I L K M F P S T W Y V
0 L 0.052 0.032 0.02 0.02 0.016 0.028 0.028 0.028 0.016 0.099 0.194 0.036 0.171 0.048 0.016 0.036 0.04 0.008 0.024 0.091
1 V 0.064 0.026 0.026 0.025 0.018 0.02 0.028 0.03 0.01 0.154 0.115 0.032 0.028 0.033 0.02 0.053 0.124 0.006 0.019 0.169
2 L 0.043 0.023 0.014 0.015 0.015 0.015 0.02 0.022 0.011 0.107 0.343 0.024 0.046 0.103 0.014 0.024 0.032 0.008 0.031 0.089
3 F 0.058 0.025 0.027 0.026 0.014 0.018 0.029 0.036 0.016 0.073 0.121 0.03 0.026 0.221 0.017 0.083 0.044 0.011 0.055 0.071
4 F 0.042 0.021 0.021 0.02 0.011 0.013 0.023 0.03 0.017 0.06 0.106 0.023 0.024 0.348 0.013 0.047 0.032 0.016 0.081 0.053
5 S 0.085 0.033 0.04 0.036 0.018 0.026 0.039 0.047 0.014 0.085 0.077 0.043 0.022 0.026 0.025 0.132 0.12 0.005 0.018 0.107
6 A 0.156 0.03 0.033 0.033 0.041 0.025 0.038 0.057 0.015 0.088 0.076 0.042 0.021 0.026 0.025 0.123 0.059 0.005 0.018 0.088
7 L 0.157 0.028 0.023 0.024 0.018 0.021 0.03 0.094 0.013 0.071 0.186 0.035 0.036 0.035 0.022 0.056 0.051 0.006 0.019 0.075
8 F 0.039 0.023 0.017 0.017 0.012 0.015 0.021 0.024 0.022 0.075 0.192 0.024 0.032 0.217 0.013 0.026 0.028 0.016 0.122 0.066
9 L 0.051 0.03 0.019 0.019 0.016 0.026 0.026 0.027 0.015 0.124 0.19 0.034 0.154 0.047 0.016 0.034 0.04 0.008 0.023 0.102
10 L 0.059 0.026 0.018 0.019 0.017 0.02 0.025 0.026 0.011 0.126 0.212 0.029 0.074 0.043 0.016 0.04 0.043 0.007 0.022 0.167
11 F 0.05 0.019 0.018 0.018 0.033 0.012 0.02 0.05 0.015 0.071 0.119 0.021 0.025 0.313 0.012 0.029 0.028 0.014 0.071 0.061
12 V 0.08 0.029 0.033 0.032 0.017 0.023 0.035 0.042 0.014 0.132 0.102 0.038 0.032 0.031 0.022 0.121 0.06 0.006 0.019 0.134
13 F 0.036 0.022 0.019 0.017 0.01 0.015 0.022 0.025 0.029 0.054 0.094 0.024 0.022 0.287 0.012 0.027 0.026 0.021 0.186 0.051
14 L 0.043 0.023 0.014 0.015 0.015 0.015 0.02 0.021 0.011 0.109 0.36 0.024 0.047 0.085 0.014 0.024 0.032 0.008 0.028 0.091
15 L 0.127 0.025 0.018 0.02 0.018 0.019 0.026 0.039 0.012 0.101 0.235 0.031 0.036 0.057 0.019 0.044 0.039 0.007 0.023 0.105
16 F 0.035 0.019 0.016 0.016 0.011 0.011 0.019 0.024 0.016 0.069 0.15 0.02 0.028 0.349 0.011 0.025 0.026 0.015 0.079 0.06
17 R 0.044 0.355 0.038 0.031 0.008 0.048 0.052 0.032 0.023 0.023 0.046 0.118 0.015 0.017 0.019 0.044 0.034 0.006 0.017 0.031
18 N 0.042 0.044 0.327 0.082 0.009 0.033 0.049 0.064 0.031 0.022 0.031 0.053 0.011 0.018 0.02 0.069 0.049 0.004 0.015 0.027
19 K 0.056 0.106 0.041 0.041 0.008 0.053 0.07 0.043 0.02 0.027 0.043 0.289 0.015 0.015 0.027 0.053 0.039 0.005 0.017 0.032
20 K 0.067 0.126 0.044 0.043 0.011 0.054 0.073 0.046 0.037 0.026 0.042 0.164 0.015 0.018 0.026 0.1 0.049 0.005 0.019 0.034
21 I 0.127 0.023 0.018 0.021 0.018 0.018 0.025 0.038 0.011 0.186 0.129 0.03 0.036 0.036 0.019 0.044 0.043 0.006 0.019 0.152
22 L 0.045 0.021 0.014 0.016 0.016 0.015 0.019 0.021 0.009 0.194 0.28 0.024 0.043 0.049 0.014 0.024 0.036 0.006 0.021 0.133
23 C 0.085 0.022 0.029 0.027 0.263 0.018 0.026 0.166 0.012 0.035 0.05 0.03 0.014 0.019 0.02 0.078 0.043 0.005 0.013 0.046
24 P 0.056 0.025 0.023 0.031 0.01 0.02 0.036 0.036 0.013 0.025 0.036 0.041 0.01 0.013 0.501 0.043 0.036 0.003 0.013 0.031
25 S 0.108 0.039 0.053 0.048 0.017 0.033 0.052 0.065 0.019 0.029 0.041 0.053 0.015 0.021 0.029 0.232 0.081 0.005 0.017 0.041
26 N 0.042 0.044 0.328 0.082 0.009 0.033 0.049 0.064 0.031 0.022 0.031 0.053 0.011 0.018 0.02 0.069 0.049 0.004 0.015 0.027
27 V 0.059 0.02 0.015 0.017 0.018 0.015 0.021 0.023 0.008 0.214 0.144 0.025 0.033 0.039 0.015 0.029 0.045 0.006 0.02 0.234
28 V 0.069 0.022 0.016 0.018 0.019 0.016 0.023 0.024 0.008 0.162 0.128 0.026 0.031 0.035 0.016 0.032 0.049 0.005 0.02 0.28
29 F 0.033 0.019 0.017 0.017 0.01 0.01 0.019 0.025 0.017 0.062 0.112 0.019 0.025 0.396 0.01 0.025 0.025 0.017 0.087 0.054
30 G 0.127 0.025 0.029 0.027 0.015 0.02 0.028 0.273 0.013 0.05 0.129 0.034 0.022 0.027 0.02 0.052 0.035 0.006 0.015 0.054
31 N 0.056 0.043 0.268 0.074 0.011 0.033 0.049 0.064 0.028 0.024 0.033 0.053 0.012 0.018 0.022 0.104 0.056 0.005 0.016 0.03
32 Y 0.04 0.028 0.021 0.018 0.009 0.021 0.028 0.025 0.046 0.043 0.067 0.031 0.018 0.129 0.015 0.031 0.028 0.028 0.328 0.046
33 F 0.103 0.022 0.019 0.02 0.013 0.014 0.024 0.039 0.016 0.057 0.098 0.025 0.023 0.299 0.015 0.04 0.031 0.014 0.069 0.058
34 L 0.044 0.024 0.014 0.015 0.016 0.016 0.02 0.021 0.01 0.114 0.385 0.025 0.049 0.054 0.014 0.024 0.033 0.007 0.022 0.095
35 Y 0.04 0.028 0.035 0.021 0.009 0.022 0.028 0.026 0.045 0.042 0.066 0.032 0.018 0.124 0.016 0.032 0.028 0.027 0.315 0.045
36 L 0.038 0.021 0.015 0.016 0.013 0.013 0.019 0.023 0.013 0.087 0.243 0.022 0.036 0.233 0.012 0.024 0.029 0.012 0.056 0.074
37 V 0.06 0.02 0.016 0.017 0.018 0.015 0.021 0.023 0.009 0.194 0.139 0.025 0.032 0.053 0.015 0.03 0.045 0.006 0.023 0.238
38 F 0.033 0.019 0.017 0.017 0.01 0.01 0.019 0.025 0.017 0.062 0.112 0.019 0.025 0.396 0.01 0.025 0.025 0.017 0.087 0.054
39 P 0.056 0.025 0.023 0.031 0.01 0.02 0.036 0.036 0.013 0.025 0.036 0.041 0.01 0.013 0.501 0.043 0.036 0.003 0.013 0.031
40 A 0.271 0.029 0.026 0.029 0.041 0.024 0.038 0.113 0.014 0.041 0.056 0.042 0.016 0.021 0.028 0.079 0.047 0.005 0.016 0.063
41 T 0.083 0.031 0.034 0.031 0.018 0.024 0.034 0.04 0.012 0.086 0.095 0.039 0.024 0.028 0.024 0.082 0.16 0.006 0.019 0.132
42 L 0.044 0.024 0.014 0.015 0.016 0.016 0.02 0.021 0.01 0.114 0.385 0.025 0.049 0.054 0.014 0.024 0.033 0.007 0.022 0.095
43 F 0.033 0.019 0.017 0.017 0.01 0.01 0.019 0.025 0.017 0.062 0.112 0.019 0.025 0.396 0.01 0.025 0.025 0.017 0.087 0.054
44 Y 0.04 0.028 0.021 0.018 0.009 0.021 0.028 0.025 0.046 0.043 0.067 0.031 0.018 0.129 0.015 0.031 0.028 0.028 0.328 0.046
45 I 0.044 0.018 0.015 0.017 0.014 0.012 0.018 0.022 0.011 0.195 0.144 0.022 0.032 0.166 0.013 0.025 0.035 0.01 0.044 0.142
46 L 0.044 0.024 0.014 0.015 0.016 0.016 0.02 0.021 0.01 0.114 0.385 0.025 0.049 0.054 0.014 0.024 0.033 0.007 0.022 0.095
47 E 0.054 0.048 0.041 0.103 0.007 0.062 0.298 0.035 0.025 0.022 0.036 0.073 0.013 0.016 0.025 0.054 0.036 0.005 0.016 0.031
48 W 0.148 0.026 0.02 0.021 0.014 0.019 0.03 0.05 0.015 0.038 0.06 0.031 0.017 0.072 0.017 0.049 0.034 0.243 0.047 0.048
49 L 0.045 0.023 0.014 0.015 0.016 0.016 0.02 0.021 0.01 0.138 0.345 0.025 0.046 0.052 0.014 0.024 0.034 0.007 0.022 0.113
50 S 0.079 0.041 0.078 0.063 0.013 0.034 0.053 0.056 0.125 0.026 0.039 0.05 0.015 0.023 0.025 0.152 0.059 0.006 0.029 0.034
51 W 0.03 0.022 0.015 0.015 0.007 0.015 0.022 0.03 0.015 0.03 0.052 0.022 0.015 0.06 0.007 0.022 0.022 0.5 0.067 0.03
52 D 0.048 0.042 0.052 0.216 0.008 0.067 0.163 0.04 0.037 0.029 0.038 0.06 0.013 0.017 0.023 0.052 0.036 0.005 0.016 0.039
53 Y 0.04 0.028 0.021 0.018 0.009 0.021 0.028 0.025 0.046 0.043 0.067 0.031 0.018 0.129 0.015 0.031 0.028 0.028 0.328 0.046
54 V 0.069 0.022 0.016 0.018 0.019 0.016 0.023 0.024 0.008 0.162 0.128 0.026 0.031 0.035 0.016 0.032 0.049 0.005 0.02 0.28
55 L 0.044 0.024 0.014 0.015 0.016 0.016 0.02 0.021 0.01 0.114 0.385 0.025 0.049 0.054 0.014 0.024 0.033 0.007 0.022 0.095
56 P 0.056 0.025 0.023 0.031 0.01 0.02 0.036 0.036 0.013 0.025 0.036 0.041 0.01 0.013 0.501 0.043 0.036 0.003 0.013 0.031
57 W 0.03 0.022 0.015 0.015 0.007 0.015 0.022 0.03 0.015 0.03 0.052 0.022 0.015 0.06 0.007 0.022 0.022 0.5 0.067 0.03
58 G 0.077 0.023 0.038 0.033 0.011 0.019 0.025 0.518 0.013 0.019 0.028 0.033 0.009 0.016 0.019 0.051 0.029 0.005 0.011 0.024
59 K 0.056 0.105 0.041 0.041 0.008 0.053 0.07 0.043 0.02 0.027 0.043 0.289 0.015 0.015 0.027 0.053 0.039 0.005 0.017 0.032
60 L 0.048 0.026 0.017 0.018 0.016 0.02 0.023 0.024 0.012 0.132 0.266 0.029 0.094 0.049 0.015 0.031 0.045 0.007 0.022 0.104
61 N 0.042 0.044 0.328 0.082 0.009 0.033 0.049 0.064 0.031 0.022 0.031 0.053 0.011 0.018 0.02 0.069 0.049 0.004 0.015 0.027
62 D 0.04 0.029 0.068 0.407 0.007 0.029 0.09 0.046 0.018 0.022 0.028 0.044 0.009 0.015 0.022 0.051 0.035 0.004 0.011 0.024
63 W 0.03 0.022 0.015 0.015 0.007 0.015 0.022 0.03 0.015 0.03 0.052 0.022 0.015 0.06 0.007 0.022 0.022 0.501 0.067 0.03
64 A 0.211 0.034 0.038 0.037 0.019 0.028 0.044 0.089 0.016 0.036 0.05 0.047 0.016 0.021 0.029 0.145 0.062 0.005 0.017 0.055
65 A 0.173 0.043 0.04 0.039 0.018 0.031 0.047 0.083 0.017 0.035 0.049 0.075 0.016 0.02 0.028 0.137 0.075 0.005 0.017 0.052
66 L 0.057 0.023 0.015 0.016 0.018 0.016 0.022 0.023 0.009 0.14 0.247 0.025 0.039 0.044 0.015 0.028 0.041 0.006 0.021 0.195
67 S 0.108 0.039 0.053 0.048 0.017 0.033 0.052 0.065 0.019 0.029 0.041 0.053 0.015 0.021 0.029 0.233 0.081 0.005 0.017 0.041
68 E 0.051 0.058 0.079 0.102 0.008 0.137 0.14 0.042 0.04 0.024 0.04 0.075 0.016 0.016 0.023 0.055 0.039 0.005 0.019 0.031
69 E 0.06 0.043 0.04 0.076 0.008 0.053 0.243 0.146 0.023 0.021 0.034 0.065 0.012 0.016 0.024 0.053 0.035 0.005 0.015 0.029
70 A 0.293 0.03 0.025 0.029 0.021 0.025 0.039 0.075 0.014 0.047 0.061 0.043 0.018 0.022 0.029 0.082 0.049 0.005 0.017 0.076
71 I 0.057 0.02 0.015 0.017 0.017 0.015 0.02 0.022 0.008 0.221 0.157 0.024 0.034 0.04 0.015 0.028 0.043 0.006 0.02 0.22
72 L 0.043 0.024 0.014 0.015 0.016 0.016 0.02 0.021 0.011 0.109 0.359 0.025 0.052 0.079 0.014 0.024 0.032 0.008 0.027 0.091
73 S 0.173 0.036 0.044 0.042 0.019 0.03 0.048 0.069 0.017 0.034 0.047 0.05 0.016 0.021 0.029 0.183 0.07 0.005 0.017 0.05
74 Y 0.04 0.027 0.021 0.018 0.009 0.021 0.027 0.024 0.045 0.044 0.069 0.03 0.019 0.139 0.015 0.03 0.027 0.027 0.321 0.046
75 L 0.121 0.026 0.018 0.02 0.018 0.019 0.026 0.038 0.011 0.09 0.277 0.031 0.038 0.043 0.019 0.044 0.046 0.006 0.02 0.086
76 Y 0.04 0.028 0.021 0.018 0.009 0.021 0.028 0.024 0.046 0.043 0.067 0.031 0.018 0.129 0.015 0.031 0.028 0.028 0.33 0.046
77 V 0.068 0.021 0.016 0.017 0.019 0.016 0.023 0.024 0.008 0.166 0.129 0.026 0.031 0.035 0.016 0.032 0.048 0.005 0.02 0.277
78 F 0.033 0.019 0.017 0.017 0.01 0.01 0.019 0.025 0.017 0.062 0.112 0.019 0.025 0.397 0.01 0.025 0.025 0.017 0.087 0.054
79 T 0.076 0.031 0.036 0.033 0.017 0.024 0.034 0.04 0.013 0.103 0.085 0.04 0.023 0.028 0.024 0.081 0.196 0.006 0.018 0.092
80 L 0.046 0.025 0.015 0.016 0.016 0.019 0.022 0.023 0.011 0.112 0.334 0.027 0.076 0.052 0.014 0.027 0.035 0.007 0.022 0.101
81 F 0.033 0.019 0.017 0.017 0.01 0.01 0.019 0.025 0.017 0.062 0.112 0.019 0.025 0.397 0.01 0.025 0.025 0.017 0.087 0.054
82 F 0.033 0.019 0.017 0.017 0.01 0.011 0.019 0.025 0.018 0.062 0.111 0.019 0.025 0.387 0.011 0.025 0.025 0.017 0.096 0.054
83 L 0.045 0.023 0.017 0.017 0.014 0.016 0.021 0.04 0.017 0.133 0.235 0.025 0.036 0.089 0.014 0.027 0.033 0.011 0.083 0.104
84 F 0.037 0.019 0.016 0.017 0.012 0.012 0.019 0.024 0.015 0.115 0.137 0.021 0.034 0.293 0.012 0.025 0.029 0.014 0.068 0.083
85 T 0.07 0.033 0.039 0.034 0.018 0.025 0.036 0.04 0.013 0.067 0.083 0.042 0.022 0.026 0.025 0.082 0.228 0.006 0.018 0.094
86 R 0.044 0.356 0.038 0.03 0.008 0.048 0.051 0.032 0.023 0.023 0.046 0.118 0.015 0.017 0.019 0.044 0.034 0.006 0.017 0.03
87 L 0.047 0.023 0.02 0.019 0.014 0.016 0.022 0.062 0.013 0.083 0.243 0.026 0.035 0.163 0.014 0.042 0.033 0.01 0.043 0.072
88 L 0.041 0.022 0.016 0.016 0.014 0.014 0.02 0.023 0.013 0.1 0.243 0.023 0.047 0.192 0.013 0.026 0.031 0.011 0.049 0.088
89 E 0.054 0.049 0.04 0.089 0.007 0.063 0.309 0.034 0.025 0.022 0.036 0.074 0.013 0.016 0.025 0.054 0.036 0.005 0.016 0.031
90 L 0.07 0.026 0.025 0.024 0.017 0.02 0.027 0.032 0.011 0.144 0.151 0.032 0.03 0.035 0.02 0.056 0.107 0.006 0.019 0.146
91 L 0.053 0.023 0.02 0.02 0.015 0.017 0.021 0.132 0.011 0.108 0.264 0.027 0.042 0.043 0.015 0.031 0.034 0.006 0.019 0.098
92 L 0.043 0.022 0.016 0.017 0.014 0.016 0.021 0.024 0.013 0.133 0.193 0.025 0.065 0.164 0.013 0.027 0.034 0.01 0.044 0.105
93 D 0.047 0.027 0.053 0.294 0.116 0.026 0.079 0.041 0.016 0.032 0.04 0.039 0.012 0.017 0.021 0.048 0.036 0.004 0.012 0.041
94 R 0.053 0.309 0.04 0.033 0.009 0.045 0.051 0.037 0.022 0.024 0.045 0.109 0.015 0.018 0.021 0.072 0.041 0.006 0.017 0.032
95 V 0.08 0.084 0.029 0.027 0.016 0.032 0.036 0.036 0.014 0.09 0.114 0.05 0.025 0.029 0.021 0.063 0.089 0.006 0.019 0.141
96 E 0.055 0.061 0.039 0.078 0.01 0.043 0.151 0.035 0.089 0.05 0.055 0.058 0.017 0.023 0.038 0.052 0.038 0.006 0.025 0.079
97 R 0.081 0.133 0.098 0.057 0.011 0.057 0.056 0.049 0.022 0.033 0.047 0.095 0.016 0.018 0.023 0.077 0.06 0.005 0.017 0.046
98 V 0.111 0.041 0.033 0.032 0.017 0.025 0.037 0.063 0.014 0.075 0.072 0.043 0.02 0.024 0.071 0.111 0.064 0.005 0.018 0.124
99 D 0.057 0.038 0.105 0.185 0.009 0.039 0.139 0.047 0.022 0.023 0.033 0.055 0.011 0.016 0.071 0.062 0.04 0.004 0.014 0.029
100 I 0.072 0.023 0.029 0.026 0.015 0.018 0.042 0.03 0.013 0.163 0.13 0.03 0.029 0.108 0.032 0.035 0.038 0.008 0.033 0.128
101 F 0.046 0.021 0.019 0.019 0.014 0.014 0.021 0.025 0.013 0.143 0.128 0.024 0.034 0.194 0.014 0.033 0.056 0.01 0.049 0.123
102 Y 0.078 0.044 0.026 0.037 0.011 0.038 0.097 0.034 0.029 0.044 0.085 0.045 0.02 0.111 0.019 0.043 0.033 0.015 0.142 0.049
103 E 0.07 0.046 0.043 0.071 0.011 0.057 0.207 0.044 0.024 0.026 0.04 0.066 0.014 0.021 0.026 0.109 0.057 0.006 0.027 0.036
104 Y 0.04 0.028 0.022 0.019 0.009 0.022 0.028 0.025 0.055 0.044 0.077 0.031 0.019 0.122 0.015 0.031 0.028 0.026 0.312 0.047
105 R 0.098 0.226 0.037 0.034 0.011 0.086 0.061 0.043 0.023 0.027 0.048 0.096 0.017 0.017 0.022 0.054 0.039 0.006 0.018 0.039
106 A 0.202 0.027 0.022 0.025 0.02 0.022 0.033 0.055 0.012 0.098 0.088 0.037 0.023 0.027 0.024 0.067 0.049 0.005 0.018 0.146
107 R 0.044 0.347 0.048 0.032 0.008 0.047 0.051 0.033 0.023 0.023 0.045 0.116 0.015 0.017 0.019 0.045 0.035 0.006 0.017 0.03
108 P 0.066 0.028 0.029 0.034 0.012 0.023 0.039 0.041 0.014 0.026 0.037 0.043 0.011 0.014 0.409 0.081 0.044 0.003 0.014 0.033
109 L 0.055 0.025 0.017 0.018 0.015 0.019 0.023 0.041 0.015 0.115 0.254 0.028 0.066 0.067 0.015 0.03 0.035 0.009 0.055 0.098
110 A 0.194 0.028 0.027 0.03 0.017 0.023 0.036 0.139 0.014 0.038 0.05 0.041 0.015 0.019 0.138 0.072 0.044 0.005 0.015 0.058
111 I 0.043 0.018 0.015 0.017 0.015 0.013 0.018 0.021 0.01 0.223 0.176 0.022 0.035 0.115 0.014 0.025 0.036 0.008 0.034 0.141
112 F 0.079 0.021 0.018 0.019 0.012 0.013 0.022 0.034 0.016 0.059 0.11 0.023 0.024 0.313 0.014 0.035 0.029 0.031 0.073 0.057
113 L 0.048 0.022 0.014 0.016 0.016 0.015 0.02 0.021 0.009 0.15 0.307 0.025 0.044 0.049 0.014 0.025 0.036 0.007 0.021 0.139
114 C 0.054 0.019 0.017 0.017 0.285 0.013 0.018 0.03 0.011 0.057 0.119 0.021 0.023 0.125 0.015 0.04 0.034 0.008 0.033 0.06
115 A 0.238 0.028 0.024 0.028 0.02 0.023 0.036 0.064 0.013 0.091 0.079 0.04 0.021 0.026 0.026 0.077 0.055 0.005 0.018 0.088
116 L 0.057 0.026 0.023 0.022 0.015 0.019 0.026 0.047 0.012 0.094 0.271 0.03 0.038 0.08 0.017 0.067 0.042 0.007 0.027 0.08
117 L 0.112 0.031 0.031 0.03 0.017 0.024 0.035 0.047 0.015 0.069 0.157 0.039 0.037 0.057 0.022 0.113 0.054 0.007 0.024 0.08
118 L 0.046 0.022 0.014 0.016 0.016 0.015 0.019 0.021 0.009 0.168 0.303 0.024 0.044 0.049 0.014 0.025 0.036 0.007 0.021 0.131
119 L 0.041 0.023 0.015 0.016 0.014 0.015 0.02 0.022 0.012 0.099 0.308 0.024 0.047 0.145 0.013 0.024 0.031 0.01 0.039 0.083
120 L 0.061 0.021 0.015 0.017 0.015 0.014 0.02 0.025 0.011 0.169 0.213 0.024 0.036 0.116 0.014 0.029 0.035 0.008 0.034 0.122
121 G 0.077 0.022 0.038 0.033 0.011 0.019 0.025 0.52 0.013 0.019 0.028 0.033 0.009 0.016 0.019 0.05 0.029 0.005 0.011 0.024
122 C 0.077 0.019 0.025 0.023 0.285 0.015 0.02 0.228 0.01 0.034 0.049 0.026 0.013 0.018 0.017 0.046 0.034 0.005 0.012 0.043
123 I 0.067 0.021 0.016 0.018 0.016 0.016 0.021 0.026 0.01 0.188 0.168 0.026 0.043 0.077 0.015 0.031 0.04 0.007 0.027 0.167
124 Y 0.041 0.025 0.02 0.018 0.01 0.02 0.025 0.024 0.038 0.091 0.087 0.029 0.022 0.111 0.015 0.029 0.03 0.023 0.269 0.071
125 F 0.033 0.019 0.017 0.017 0.01 0.01 0.019 0.025 0.017 0.062 0.112 0.019 0.025 0.399 0.01 0.025 0.025 0.017 0.087 0.054
126 L 0.041 0.021 0.015 0.016 0.014 0.013 0.019 0.022 0.012 0.131 0.251 0.022 0.038 0.167 0.013 0.024 0.031 0.01 0.043 0.097
127 Q 0.054 0.07 0.043 0.047 0.009 0.218 0.106 0.04 0.04 0.026 0.046 0.087 0.02 0.015 0.023 0.054 0.04 0.006 0.021 0.034
128 V 0.067 0.022 0.016 0.017 0.019 0.017 0.023 0.024 0.008 0.158 0.139 0.026 0.036 0.036 0.016 0.032 0.048 0.006 0.02 0.271
129 T 0.072 0.035 0.043 0.037 0.017 0.027 0.039 0.043 0.014 0.052 0.064 0.045 0.019 0.023 0.027 0.091 0.261 0.006 0.017 0.07
130 G 0.077 0.022 0.038 0.033 0.011 0.019 0.025 0.52 0.013 0.019 0.028 0.033 0.009 0.016 0.019 0.05 0.029 0.005 0.011 0.024
131 G 0.077 0.022 0.038 0.033 0.011 0.019 0.025 0.52 0.013 0.019 0.028 0.033 0.009 0.016 0.019 0.05 0.029 0.005 0.011 0.024
132 L 0.061 0.024 0.016 0.017 0.017 0.017 0.022 0.025 0.01 0.128 0.268 0.027 0.049 0.045 0.016 0.031 0.046 0.006 0.021 0.152
133 D 0.045 0.033 0.063 0.344 0.008 0.035 0.125 0.044 0.02 0.022 0.029 0.049 0.01 0.015 0.023 0.058 0.036 0.004 0.012 0.026
134 A 0.176 0.042 0.04 0.04 0.017 0.069 0.057 0.065 0.019 0.034 0.049 0.057 0.017 0.02 0.028 0.138 0.06 0.005 0.018 0.05
135 W 0.03 0.022 0.015 0.015 0.007 0.015 0.022 0.03 0.015 0.03 0.052 0.022 0.015 0.059 0.007 0.022 0.022 0.502 0.067 0.03
136 L 0.057 0.022 0.018 0.018 0.016 0.016 0.023 0.026 0.011 0.122 0.18 0.026 0.033 0.111 0.015 0.038 0.048 0.008 0.034 0.178
137 G 0.068 0.037 0.08 0.062 0.01 0.039 0.136 0.22 0.021 0.022 0.033 0.053 0.012 0.017 0.023 0.079 0.041 0.005 0.014 0.029
138 D 0.057 0.038 0.178 0.183 0.01 0.032 0.063 0.058 0.024 0.024 0.032 0.05 0.011 0.017 0.023 0.102 0.051 0.004 0.014 0.029
139 Y 0.04 0.027 0.021 0.018 0.009 0.021 0.027 0.024 0.046 0.043 0.067 0.031 0.018 0.128 0.015 0.031 0.027 0.027 0.331 0.046
140 S 0.108 0.039 0.053 0.048 0.017 0.033 0.051 0.065 0.019 0.029 0.041 0.053 0.015 0.02 0.029 0.235 0.08 0.005 0.017 0.041
141 E 0.051 0.052 0.046 0.156 0.007 0.059 0.22 0.038 0.023 0.023 0.035 0.097 0.012 0.016 0.025 0.053 0.036 0.005 0.015 0.029
142 T 0.072 0.035 0.043 0.037 0.017 0.027 0.039 0.043 0.014 0.052 0.064 0.045 0.019 0.023 0.027 0.091 0.261 0.006 0.017 0.07
143 Y 0.039 0.027 0.021 0.018 0.009 0.021 0.027 0.024 0.045 0.043 0.069 0.03 0.019 0.137 0.015 0.03 0.027 0.027 0.323 0.046
144 L 0.044 0.024 0.014 0.015 0.016 0.016 0.02 0.021 0.01 0.119 0.38 0.025 0.048 0.053 0.014 0.024 0.033 0.007 0.022 0.097
145 S 0.093 0.054 0.047 0.054 0.014 0.042 0.106 0.055 0.02 0.028 0.041 0.105 0.015 0.019 0.028 0.157 0.062 0.005 0.017 0.038
146 K 0.053 0.091 0.108 0.05 0.009 0.048 0.065 0.047 0.023 0.026 0.04 0.236 0.014 0.016 0.025 0.056 0.041 0.005 0.017 0.031
147 K 0.055 0.122 0.041 0.04 0.008 0.052 0.068 0.042 0.02 0.027 0.043 0.281 0.015 0.015 0.027 0.052 0.039 0.005 0.017 0.032
148 K 0.056 0.105 0.041 0.041 0.008 0.052 0.069 0.042 0.02 0.027 0.042 0.292 0.015 0.015 0.027 0.052 0.039 0.005 0.017 0.032
149 G 0.077 0.022 0.038 0.033 0.011 0.019 0.025 0.52 0.013 0.019 0.028 0.033 0.009 0.016 0.019 0.05 0.029 0.005 0.011 0.024
150 Y 0.04 0.027 0.021 0.018 0.009 0.021 0.027 0.024 0.044 0.046 0.079 0.03 0.02 0.135 0.015 0.03 0.028 0.026 0.313 0.048
151 G 0.077 0.022 0.038 0.033 0.011 0.019 0.025 0.52 0.013 0.019 0.028 0.033 0.009 0.016 0.019 0.05 0.029 0.005 0.011 0.024
152 L 0.049 0.023 0.014 0.015 0.016 0.016 0.02 0.022 0.01 0.123 0.336 0.025 0.045 0.05 0.014 0.026 0.036 0.007 0.022 0.132
153 L 0.046 0.024 0.014 0.015 0.016 0.016 0.02 0.021 0.01 0.118 0.362 0.025 0.047 0.052 0.014 0.025 0.034 0.007 0.022 0.113
154 N 0.042 0.044 0.33 0.081 0.009 0.033 0.048 0.064 0.031 0.022 0.031 0.053 0.011 0.018 0.02 0.068 0.048 0.004 0.015 0.026
155 F 0.034 0.02 0.017 0.017 0.01 0.011 0.02 0.025 0.019 0.06 0.107 0.02 0.024 0.372 0.011 0.025 0.025 0.018 0.111 0.053
156 L 0.039 0.022 0.015 0.016 0.014 0.014 0.019 0.022 0.013 0.093 0.277 0.022 0.039 0.192 0.013 0.024 0.03 0.011 0.048 0.078
157 L 0.044 0.024 0.014 0.015 0.016 0.016 0.02 0.021 0.01 0.113 0.388 0.025 0.049 0.054 0.014 0.024 0.033 0.007 0.022 0.094
158 I 0.046 0.018 0.014 0.017 0.016 0.014 0.018 0.02 0.009 0.257 0.202 0.023 0.038 0.045 0.014 0.024 0.038 0.006 0.02 0.16
159 L 0.055 0.029 0.019 0.019 0.016 0.025 0.027 0.027 0.014 0.111 0.18 0.033 0.148 0.045 0.016 0.035 0.041 0.007 0.023 0.129
160 W 0.054 0.023 0.027 0.024 0.009 0.018 0.025 0.228 0.014 0.025 0.042 0.029 0.013 0.039 0.013 0.048 0.029 0.27 0.041 0.028
161 S 0.154 0.037 0.047 0.044 0.018 0.031 0.049 0.068 0.018 0.032 0.045 0.051 0.016 0.021 0.029 0.2 0.073 0.005 0.017 0.047
162 N 0.042 0.044 0.33 0.081 0.009 0.033 0.048 0.064 0.031 0.022 0.031 0.053 0.011 0.018 0.02 0.068 0.048 0.004 0.015 0.026
163 F 0.033 0.019 0.017 0.017 0.01 0.01 0.019 0.025 0.017 0.062 0.112 0.019 0.025 0.399 0.01 0.025 0.025 0.017 0.087 0.054
164 L 0.044 0.024 0.014 0.015 0.016 0.016 0.02 0.021 0.01 0.113 0.381 0.025 0.053 0.053 0.014 0.024 0.033 0.007 0.022 0.094
165 A 0.291 0.031 0.027 0.03 0.021 0.026 0.04 0.076 0.015 0.041 0.057 0.044 0.017 0.021 0.029 0.093 0.051 0.005 0.017 0.066
166 F 0.033 0.019 0.017 0.017 0.01 0.01 0.019 0.025 0.017 0.062 0.112 0.019 0.025 0.399 0.01 0.025 0.025 0.017 0.087 0.054
167 W 0.077 0.024 0.017 0.018 0.012 0.017 0.025 0.035 0.013 0.063 0.071 0.027 0.019 0.047 0.013 0.035 0.04 0.304 0.048 0.095
168 L 0.045 0.023 0.014 0.015 0.016 0.016 0.02 0.021 0.01 0.122 0.363 0.025 0.047 0.052 0.014 0.024 0.034 0.007 0.022 0.11
169 G 0.077 0.022 0.038 0.033 0.011 0.019 0.025 0.52 0.013 0.019 0.028 0.033 0.009 0.016 0.019 0.05 0.029 0.005 0.011 0.024
170 F 0.039 0.019 0.017 0.017 0.012 0.011 0.019 0.025 0.015 0.079 0.115 0.02 0.026 0.338 0.011 0.026 0.029 0.015 0.076 0.092
171 Y 0.04 0.03 0.026 0.021 0.009 0.024 0.031 0.026 0.089 0.04 0.063 0.032 0.018 0.115 0.016 0.032 0.027 0.025 0.295 0.043
172 W 0.039 0.019 0.016 0.016 0.122 0.012 0.019 0.028 0.014 0.046 0.079 0.02 0.019 0.186 0.011 0.027 0.026 0.192 0.062 0.045
173 R 0.049 0.24 0.039 0.035 0.008 0.05 0.06 0.037 0.022 0.025 0.044 0.199 0.015 0.016 0.023 0.048 0.036 0.005 0.017 0.031
174 T 0.071 0.032 0.037 0.033 0.018 0.025 0.035 0.039 0.012 0.074 0.077 0.041 0.022 0.026 0.025 0.079 0.219 0.006 0.018 0.112
175 S 0.094 0.051 0.043 0.051 0.014 0.047 0.104 0.051 0.019 0.036 0.048 0.096 0.016 0.019 0.027 0.126 0.084 0.005 0.017 0.051
176 H 0.061 0.069 0.043 0.039 0.009 0.039 0.061 0.088 0.146 0.026 0.04 0.121 0.014 0.021 0.055 0.051 0.048 0.006 0.03 0.031
177 R 0.048 0.326 0.049 0.033 0.008 0.046 0.051 0.035 0.023 0.023 0.045 0.111 0.015 0.017 0.02 0.057 0.038 0.006 0.017 0.031
178 K 0.053 0.108 0.028 0.028 0.012 0.034 0.044 0.031 0.015 0.088 0.137 0.138 0.026 0.029 0.02 0.039 0.039 0.006 0.019 0.104
179 S 0.086 0.041 0.145 0.059 0.014 0.033 0.05 0.065 0.023 0.027 0.038 0.053 0.014 0.02 0.026 0.18 0.07 0.005 0.017 0.036
180 W 0.041 0.022 0.015 0.016 0.011 0.015 0.022 0.027 0.014 0.075 0.096 0.024 0.022 0.055 0.01 0.025 0.03 0.321 0.06 0.098
181 F 0.048 0.023 0.019 0.02 0.013 0.017 0.024 0.027 0.014 0.084 0.137 0.027 0.056 0.181 0.079 0.033 0.042 0.01 0.047 0.1
182 L 0.044 0.024 0.014 0.015 0.016 0.016 0.02 0.021 0.01 0.113 0.388 0.025 0.049 0.054 0.014 0.024 0.033 0.007 0.022 0.094
183 V 0.061 0.021 0.016 0.017 0.017 0.015 0.022 0.024 0.009 0.155 0.155 0.025 0.032 0.074 0.015 0.03 0.044 0.007 0.027 0.234
184 V 0.064 0.022 0.016 0.017 0.017 0.015 0.022 0.025 0.01 0.126 0.183 0.025 0.033 0.112 0.015 0.031 0.04 0.008 0.034 0.186
185 F 0.04 0.022 0.018 0.018 0.012 0.014 0.022 0.025 0.021 0.075 0.14 0.023 0.027 0.262 0.013 0.033 0.03 0.016 0.12 0.069
186 V 0.116 0.023 0.018 0.02 0.019 0.018 0.026 0.035 0.009 0.138 0.114 0.029 0.028 0.032 0.019 0.042 0.049 0.005 0.02 0.24
187 L 0.046 0.023 0.014 0.015 0.032 0.016 0.02 0.022 0.01 0.114 0.342 0.025 0.045 0.062 0.014 0.025 0.034 0.007 0.024 0.111
188 L 0.055 0.026 0.021 0.02 0.017 0.019 0.025 0.027 0.011 0.115 0.244 0.03 0.052 0.043 0.017 0.04 0.082 0.006 0.021 0.129
189 V 0.076 0.022 0.016 0.018 0.019 0.016 0.023 0.026 0.008 0.157 0.125 0.026 0.031 0.035 0.017 0.034 0.048 0.005 0.02 0.276
190 L 0.044 0.024 0.014 0.015 0.016 0.016 0.02 0.021 0.01 0.113 0.388 0.025 0.049 0.054 0.014 0.024 0.033 0.007 0.022 0.094
191 G 0.112 0.024 0.028 0.027 0.016 0.019 0.028 0.233 0.012 0.08 0.073 0.032 0.019 0.025 0.02 0.055 0.042 0.005 0.016 0.135
192 F 0.034 0.019 0.017 0.017 0.027 0.01 0.019 0.025 0.016 0.062 0.11 0.019 0.025 0.386 0.011 0.025 0.025 0.016 0.085 0.054
193 C 0.064 0.016 0.016 0.016 0.494 0.012 0.016 0.032 0.008 0.044 0.064 0.02 0.016 0.02 0.016 0.04 0.036 0.004 0.012 0.056
194 A 0.304 0.03 0.025 0.029 0.021 0.025 0.04 0.077 0.015 0.042 0.058 0.044 0.017 0.021 0.029 0.083 0.049 0.005 0.017 0.067
195 Y 0.039 0.027 0.021 0.018 0.009 0.021 0.027 0.024 0.045 0.043 0.069 0.03 0.019 0.137 0.015 0.03 0.027 0.027 0.323 0.046
196 L 0.054 0.022 0.015 0.016 0.017 0.015 0.021 0.022 0.009 0.167 0.239 0.025 0.039 0.044 0.015 0.027 0.04 0.006 0.021 0.186
197 Q 0.055 0.072 0.043 0.046 0.009 0.23 0.101 0.04 0.029 0.026 0.046 0.089 0.02 0.014 0.023 0.055 0.04 0.006 0.02 0.035
198 G 0.077 0.022 0.038 0.033 0.011 0.019 0.025 0.52 0.013 0.019 0.028 0.033 0.009 0.016 0.019 0.05 0.029 0.005 0.011 0.024
199 I 0.052 0.018 0.015 0.017 0.017 0.014 0.019 0.021 0.008 0.252 0.155 0.024 0.035 0.041 0.015 0.027 0.042 0.006 0.02 0.203
200 K 0.056 0.105 0.041 0.041 0.008 0.052 0.069 0.042 0.02 0.027 0.042 0.292 0.015 0.015 0.027 0.052 0.039 0.005 0.017 0.032
201 S 0.108 0.039 0.053 0.048 0.017 0.033 0.051 0.065 0.019 0.029 0.041 0.053 0.015 0.02 0.029 0.235 0.08 0.005 0.017 0.041
202 R 0.044 0.358 0.038 0.03 0.008 0.047 0.051 0.032 0.023 0.023 0.046 0.118 0.015 0.017 0.019 0.044 0.034 0.006 0.017 0.03
203 I 0.052 0.019 0.015 0.017 0.017 0.014 0.019 0.022 0.009 0.246 0.156 0.024 0.039 0.041 0.015 0.027 0.042 0.006 0.02 0.2
204 F 0.033 0.019 0.017 0.017 0.01 0.01 0.019 0.025 0.017 0.062 0.112 0.019 0.025 0.399 0.01 0.025 0.025 0.017 0.087 0.054
205 L 0.042 0.026 0.018 0.017 0.013 0.019 0.024 0.023 0.027 0.08 0.232 0.028 0.039 0.088 0.015 0.027 0.03 0.017 0.166 0.072
206 F 0.034 0.02 0.018 0.017 0.01 0.013 0.02 0.025 0.022 0.058 0.103 0.021 0.024 0.345 0.011 0.026 0.025 0.019 0.136 0.052
207 G 0.132 0.025 0.031 0.029 0.014 0.02 0.028 0.319 0.013 0.04 0.089 0.035 0.022 0.023 0.021 0.055 0.035 0.006 0.014 0.047
208 I 0.051 0.018 0.015 0.017 0.016 0.014 0.018 0.021 0.009 0.261 0.157 0.024 0.035 0.042 0.015 0.026 0.041 0.006 0.02 0.195
209 F 0.033 0.019 0.017 0.017 0.01 0.01 0.019 0.025 0.017 0.062 0.112 0.019 0.025 0.399 0.01 0.025 0.025 0.017 0.087 0.054
210 F 0.033 0.019 0.017 0.017 0.01 0.01 0.019 0.025 0.017 0.062 0.112 0.019 0.025 0.399 0.01 0.025 0.025 0.017 0.087 0.054
211 S 0.108 0.039 0.053 0.048 0.017 0.033 0.051 0.065 0.019 0.029 0.041 0.053 0.015 0.02 0.029 0.235 0.08 0.005 0.017 0.041
212 L 0.049 0.023 0.014 0.015 0.016 0.016 0.02 0.022 0.009 0.129 0.328 0.025 0.045 0.05 0.014 0.026 0.036 0.007 0.021 0.135
213 P 0.056 0.025 0.023 0.03 0.01 0.02 0.035 0.035 0.013 0.025 0.035 0.04 0.01 0.013 0.503 0.043 0.035 0.003 0.013 0.03
214 W 0.03 0.022 0.015 0.015 0.007 0.015 0.022 0.03 0.015 0.03 0.052 0.022 0.015 0.059 0.007 0.022 0.022 0.502 0.067 0.03
215 L 0.044 0.023 0.014 0.015 0.016 0.016 0.02 0.021 0.01 0.125 0.373 0.025 0.048 0.053 0.014 0.024 0.033 0.007 0.022 0.1
216 A 0.195 0.026 0.023 0.025 0.099 0.021 0.032 0.055 0.012 0.07 0.075 0.036 0.02 0.024 0.024 0.069 0.055 0.005 0.017 0.115
217 S 0.079 0.033 0.038 0.034 0.016 0.026 0.039 0.045 0.021 0.059 0.066 0.042 0.019 0.045 0.024 0.127 0.107 0.01 0.081 0.089
218 A 0.242 0.028 0.023 0.026 0.019 0.022 0.035 0.065 0.015 0.05 0.083 0.039 0.025 0.086 0.025 0.07 0.044 0.007 0.029 0.067
219 R 0.046 0.316 0.038 0.032 0.008 0.048 0.054 0.034 0.022 0.024 0.045 0.147 0.015 0.017 0.02 0.045 0.035 0.006 0.017 0.031
220 L 0.049 0.023 0.014 0.015 0.017 0.016 0.021 0.022 0.009 0.124 0.327 0.025 0.045 0.049 0.014 0.026 0.036 0.007 0.021 0.138
221 S 0.092 0.039 0.078 0.048 0.016 0.031 0.048 0.059 0.019 0.035 0.046 0.051 0.016 0.021 0.028 0.18 0.125 0.005 0.017 0.047
222 L 0.046 0.022 0.014 0.016 0.016 0.015 0.019 0.021 0.009 0.157 0.318 0.024 0.045 0.05 0.014 0.025 0.035 0.007 0.021 0.125
223 K 0.06 0.093 0.046 0.036 0.011 0.037 0.05 0.042 0.019 0.053 0.074 0.147 0.024 0.061 0.022 0.082 0.045 0.023 0.026 0.049
224 K 0.055 0.089 0.042 0.043 0.009 0.141 0.085 0.041 0.025 0.027 0.044 0.191 0.018 0.015 0.025 0.054 0.04 0.005 0.019 0.033
225 G 0.1 0.024 0.037 0.033 0.028 0.019 0.027 0.444 0.013 0.022 0.032 0.034 0.01 0.017 0.02 0.059 0.033 0.005 0.012 0.03
226 I 0.111 0.023 0.022 0.023 0.018 0.018 0.027 0.07 0.011 0.161 0.113 0.031 0.027 0.033 0.02 0.056 0.053 0.006 0.019 0.159
227 V 0.107 0.023 0.018 0.019 0.033 0.017 0.025 0.035 0.011 0.111 0.151 0.028 0.03 0.072 0.018 0.04 0.042 0.023 0.028 0.17
228 L 0.049 0.022 0.014 0.016 0.016 0.015 0.02 0.021 0.009 0.151 0.299 0.025 0.043 0.048 0.014 0.026 0.037 0.006 0.021 0.145
229 F 0.033 0.019 0.017 0.017 0.01 0.01 0.019 0.025 0.017 0.062 0.112 0.019 0.025 0.399 0.01 0.025 0.025 0.017 0.087 0.054
230 L 0.085 0.023 0.016 0.018 0.017 0.017 0.023 0.03 0.011 0.113 0.238 0.027 0.037 0.078 0.016 0.034 0.039 0.007 0.027 0.143
231 G 0.13 0.024 0.035 0.032 0.013 0.02 0.029 0.416 0.014 0.024 0.035 0.036 0.011 0.017 0.021 0.058 0.034 0.005 0.012 0.034
232 F 0.033 0.019 0.017 0.017 0.01 0.01 0.019 0.025 0.017 0.062 0.112 0.019 0.025 0.399 0.01 0.025 0.025 0.017 0.087 0.054
233 L 0.057 0.028 0.018 0.019 0.017 0.023 0.026 0.026 0.013 0.12 0.178 0.032 0.124 0.043 0.016 0.034 0.042 0.007 0.022 0.155
234 F 0.045 0.02 0.016 0.016 0.014 0.013 0.02 0.024 0.013 0.106 0.173 0.022 0.032 0.221 0.013 0.027 0.033 0.011 0.054 0.127
235 L 0.104 0.025 0.017 0.018 0.017 0.018 0.024 0.034 0.011 0.097 0.311 0.029 0.041 0.046 0.017 0.038 0.037 0.007 0.021 0.088
236 F 0.033 0.019 0.017 0.017 0.01 0.01 0.019 0.025 0.017 0.062 0.112 0.019 0.025 0.399 0.01 0.025 0.025 0.017 0.087 0.054
237 S 0.103 0.037 0.045 0.042 0.017 0.031 0.046 0.058 0.018 0.043 0.072 0.049 0.048 0.026 0.026 0.19 0.071 0.006 0.018 0.052
238 G 0.059 0.021 0.03 0.026 0.011 0.015 0.023 0.322 0.015 0.036 0.061 0.027 0.015 0.169 0.015 0.04 0.027 0.01 0.041 0.036
239 A 0.252 0.033 0.033 0.034 0.02 0.027 0.043 0.074 0.016 0.039 0.054 0.046 0.017 0.021 0.029 0.124 0.057 0.005 0.017 0.06
240 L 0.051 0.031 0.02 0.02 0.016 0.028 0.028 0.028 0.016 0.098 0.193 0.035 0.177 0.047 0.016 0.035 0.039 0.008 0.024 0.091
241 Y 0.041 0.027 0.021 0.018 0.009 0.021 0.027 0.024 0.045 0.047 0.069 0.03 0.019 0.125 0.015 0.031 0.028 0.027 0.321 0.054
242 V 0.054 0.021 0.016 0.017 0.015 0.014 0.021 0.025 0.012 0.12 0.124 0.023 0.033 0.181 0.014 0.029 0.039 0.01 0.047 0.185
243 R 0.044 0.358 0.038 0.03 0.008 0.047 0.051 0.032 0.023 0.023 0.046 0.118 0.015 0.017 0.019 0.044 0.034 0.006 0.017 0.03
244 S 0.108 0.039 0.053 0.048 0.017 0.033 0.051 0.065 0.019 0.029 0.041 0.053 0.015 0.02 0.029 0.235 0.08 0.005 0.017 0.041
245 N 0.042 0.044 0.322 0.092 0.009 0.033 0.05 0.063 0.03 0.022 0.031 0.053 0.011 0.018 0.02 0.068 0.048 0.004 0.015 0.026
246 G 0.084 0.023 0.038 0.033 0.011 0.019 0.026 0.505 0.013 0.019 0.029 0.033 0.009 0.016 0.019 0.051 0.03 0.005 0.011 0.025
247 F 0.033 0.019 0.017 0.017 0.01 0.01 0.019 0.025 0.017 0.062 0.112 0.019 0.025 0.399 0.01 0.025 0.025 0.017 0.087 0.054
248 Y 0.04 0.027 0.021 0.018 0.009 0.021 0.027 0.024 0.046 0.043 0.067 0.031 0.018 0.128 0.015 0.031 0.027 0.027 0.331 0.046
249 N 0.069 0.044 0.21 0.067 0.012 0.033 0.05 0.064 0.026 0.025 0.035 0.061 0.013 0.019 0.024 0.135 0.061 0.005 0.016 0.033
250 T 0.085 0.036 0.046 0.041 0.017 0.029 0.043 0.051 0.015 0.044 0.055 0.048 0.018 0.022 0.028 0.144 0.195 0.006 0.017 0.059
251 P 0.056 0.025 0.023 0.03 0.01 0.02 0.035 0.035 0.013 0.025 0.035 0.04 0.01 0.013 0.503 0.043 0.035 0.003 0.013 0.03
252 E 0.056 0.047 0.04 0.085 0.007 0.06 0.291 0.067 0.024 0.021 0.036 0.071 0.012 0.016 0.025 0.054 0.036 0.005 0.016 0.03
253 L 0.051 0.031 0.02 0.02 0.016 0.028 0.028 0.028 0.016 0.098 0.193 0.035 0.177 0.047 0.016 0.035 0.039 0.008 0.024 0.091
254 L 0.044 0.024 0.014 0.015 0.016 0.016 0.02 0.021 0.01 0.113 0.388 0.025 0.049 0.054 0.014 0.024 0.033 0.007 0.022 0.094
255 L 0.044 0.024 0.014 0.015 0.016 0.016 0.02 0.021 0.01 0.113 0.388 0.025 0.049 0.054 0.014 0.024 0.033 0.007 0.022 0.094
256 E 0.054 0.049 0.04 0.088 0.007 0.063 0.31 0.034 0.025 0.022 0.036 0.074 0.013 0.016 0.025 0.054 0.036 0.005 0.016 0.031
257 Y 0.04 0.027 0.021 0.018 0.009 0.021 0.027 0.024 0.046 0.043 0.067 0.031 0.018 0.128 0.015 0.031 0.027 0.027 0.331 0.046
258 F 0.033 0.019 0.017 0.017 0.01 0.01 0.019 0.025 0.017 0.062 0.112 0.019 0.025 0.399 0.01 0.025 0.025 0.017 0.087 0.054
259 L 0.044 0.024 0.014 0.015 0.016 0.016 0.02 0.021 0.01 0.113 0.388 0.025 0.049 0.054 0.014 0.024 0.033 0.007 0.022 0.094
260 T 0.08 0.037 0.065 0.043 0.017 0.029 0.043 0.051 0.016 0.043 0.055 0.048 0.018 0.022 0.027 0.133 0.193 0.005 0.017 0.058
261 Y 0.04 0.027 0.021 0.018 0.009 0.021 0.027 0.024 0.046 0.043 0.067 0.031 0.018 0.128 0.015 0.031 0.027 0.027 0.331 0.046
262 F 0.033 0.019 0.017 0.017 0.01 0.01 0.019 0.025 0.017 0.062 0.112 0.019 0.025 0.399 0.01 0.025 0.025 0.017 0.087 0.054
263 N 0.042 0.044 0.33 0.081 0.009 0.033 0.048 0.064 0.031 0.022 0.031 0.053 0.011 0.018 0.02 0.068 0.048 0.004 0.015 0.026
264 T 0.072 0.035 0.043 0.037 0.017 0.027 0.039 0.043 0.014 0.052 0.064 0.045 0.019 0.023 0.027 0.091 0.261 0.006 0.017 0.07
265 I 0.046 0.017 0.014 0.017 0.016 0.013 0.017 0.02 0.009 0.285 0.165 0.023 0.036 0.043 0.014 0.025 0.039 0.006 0.02 0.173
266 F 0.033 0.019 0.017 0.017 0.01 0.01 0.019 0.025 0.017 0.062 0.112 0.019 0.025 0.399 0.01 0.025 0.025 0.017 0.087 0.054
267 L 0.044 0.024 0.014 0.015 0.016 0.016 0.02 0.021 0.01 0.113 0.388 0.025 0.049 0.054 0.014 0.024 0.033 0.007 0.022 0.094
268 H 0.041 0.045 0.052 0.037 0.007 0.037 0.052 0.037 0.368 0.022 0.037 0.045 0.015 0.03 0.019 0.041 0.026 0.007 0.056 0.022
269 D 0.04 0.029 0.068 0.409 0.007 0.029 0.09 0.046 0.018 0.022 0.027 0.044 0.009 0.015 0.022 0.051 0.035 0.004 0.011 0.024
270 L 0.055 0.097 0.026 0.025 0.014 0.031 0.034 0.032 0.017 0.089 0.146 0.053 0.119 0.038 0.018 0.056 0.042 0.007 0.021 0.079
271 I 0.048 0.018 0.015 0.017 0.016 0.013 0.018 0.021 0.009 0.273 0.161 0.023 0.036 0.042 0.015 0.025 0.04 0.006 0.02 0.184
272 L 0.044 0.023 0.014 0.015 0.016 0.015 0.019 0.021 0.01 0.148 0.343 0.024 0.046 0.052 0.014 0.024 0.034 0.007 0.022 0.11
273 H 0.045 0.16 0.047 0.036 0.008 0.047 0.054 0.037 0.218 0.023 0.041 0.073 0.015 0.024 0.019 0.049 0.031 0.007 0.039 0.026
274 D 0.04 0.029 0.068 0.409 0.007 0.029 0.09 0.046 0.018 0.022 0.027 0.044 0.009 0.015 0.022 0.051 0.035 0.004 0.011 0.024
275 L 0.051 0.031 0.02 0.02 0.016 0.028 0.028 0.028 0.016 0.098 0.193 0.035 0.177 0.047 0.016 0.035 0.039 0.008 0.024 0.091
276 P 0.057 0.048 0.045 0.115 0.01 0.115 0.077 0.043 0.033 0.025 0.039 0.064 0.015 0.015 0.135 0.069 0.042 0.005 0.017 0.032
277 P 0.072 0.026 0.023 0.03 0.011 0.021 0.036 0.038 0.013 0.026 0.037 0.041 0.011 0.013 0.472 0.046 0.036 0.003 0.013 0.033
278 D 0.047 0.04 0.067 0.269 0.008 0.072 0.108 0.076 0.021 0.023 0.032 0.056 0.012 0.015 0.022 0.053 0.036 0.004 0.013 0.027
279 F 0.037 0.023 0.019 0.018 0.01 0.016 0.023 0.025 0.032 0.052 0.088 0.025 0.021 0.255 0.013 0.028 0.026 0.022 0.217 0.05
280 F 0.038 0.021 0.015 0.016 0.013 0.013 0.019 0.023 0.014 0.084 0.231 0.021 0.035 0.249 0.012 0.024 0.028 0.012 0.059 0.071
281 L 0.143 0.045 0.025 0.027 0.016 0.035 0.04 0.047 0.015 0.066 0.167 0.088 0.042 0.032 0.023 0.054 0.041 0.006 0.019 0.07
282 T 0.072 0.035 0.043 0.037 0.017 0.027 0.039 0.043 0.014 0.052 0.064 0.045 0.019 0.023 0.027 0.091 0.261 0.006 0.017 0.07
283 L 0.049 0.026 0.018 0.018 0.015 0.021 0.024 0.025 0.014 0.136 0.167 0.029 0.109 0.104 0.015 0.031 0.038 0.009 0.033 0.12
284 G 0.089 0.032 0.047 0.091 0.013 0.034 0.056 0.243 0.017 0.024 0.035 0.045 0.012 0.018 0.024 0.12 0.05 0.005 0.014 0.032
285 F 0.035 0.021 0.018 0.017 0.01 0.013 0.021 0.025 0.024 0.057 0.1 0.022 0.023 0.327 0.012 0.026 0.026 0.019 0.152 0.052
286 P 0.056 0.025 0.023 0.03 0.01 0.02 0.035 0.035 0.013 0.025 0.035 0.04 0.01 0.013 0.503 0.043 0.035 0.003 0.013 0.03
287 L 0.049 0.021 0.015 0.016 0.015 0.014 0.02 0.023 0.011 0.127 0.231 0.023 0.037 0.128 0.014 0.027 0.036 0.009 0.036 0.147
288 N 0.046 0.052 0.274 0.086 0.009 0.035 0.053 0.06 0.029 0.023 0.033 0.084 0.012 0.017 0.021 0.071 0.048 0.004 0.016 0.028
289 K 0.056 0.105 0.041 0.041 0.008 0.052 0.069 0.042 0.02 0.027 0.042 0.292 0.015 0.015 0.027 0.052 0.039 0.005 0.017 0.032
290 W 0.03 0.022 0.015 0.015 0.007 0.015 0.022 0.03 0.015 0.03 0.052 0.022 0.015 0.059 0.007 0.022 0.022 0.502 0.067 0.03
291 L 0.044 0.025 0.014 0.015 0.016 0.017 0.021 0.022 0.01 0.112 0.368 0.026 0.061 0.053 0.014 0.025 0.033 0.007 0.022 0.094
292 T 0.073 0.035 0.043 0.037 0.017 0.027 0.039 0.043 0.014 0.051 0.063 0.045 0.019 0.023 0.027 0.096 0.255 0.006 0.017 0.069
293 F 0.033 0.019 0.016 0.017 0.011 0.011 0.019 0.025 0.016 0.064 0.121 0.019 0.026 0.387 0.011 0.025 0.025 0.016 0.085 0.055
294 V 0.056 0.02 0.015 0.017 0.017 0.014 0.02 0.023 0.009 0.195 0.148 0.024 0.033 0.075 0.015 0.028 0.042 0.007 0.027 0.214
295 G 0.077 0.022 0.038 0.033 0.011 0.019 0.025 0.52 0.013 0.019 0.028 0.033 0.009 0.016 0.019 0.05 0.029 0.005 0.011 0.024
296 V 0.059 0.02 0.015 0.017 0.018 0.015 0.02 0.022 0.008 0.215 0.144 0.025 0.033 0.039 0.015 0.029 0.044 0.006 0.02 0.236
297 P 0.065 0.026 0.024 0.03 0.011 0.021 0.036 0.037 0.013 0.027 0.039 0.04 0.011 0.026 0.455 0.05 0.037 0.003 0.015 0.033
298 S 0.108 0.039 0.053 0.048 0.017 0.033 0.051 0.065 0.019 0.029 0.041 0.053 0.015 0.02 0.029 0.235 0.08 0.005 0.017 0.041
299 P 0.055 0.036 0.031 0.057 0.009 0.04 0.164 0.035 0.019 0.024 0.036 0.056 0.011 0.014 0.28 0.048 0.036 0.004 0.014 0.031
300 D 0.046 0.028 0.063 0.347 0.008 0.028 0.079 0.125 0.017 0.021 0.028 0.042 0.009 0.015 0.021 0.051 0.034 0.004 0.011 0.024
301 Y 0.04 0.03 0.023 0.02 0.009 0.029 0.031 0.025 0.056 0.042 0.065 0.033 0.018 0.121 0.016 0.032 0.028 0.026 0.312 0.045
302 L 0.044 0.024 0.014 0.015 0.016 0.016 0.02 0.021 0.011 0.11 0.366 0.025 0.056 0.065 0.014 0.025 0.033 0.007 0.024 0.093
303 H 0.041 0.045 0.052 0.037 0.007 0.037 0.052 0.037 0.368 0.022 0.037 0.045 0.015 0.03 0.019 0.041 0.026 0.007 0.056 0.022
304 D 0.04 0.029 0.068 0.409 0.007 0.029 0.09 0.046 0.018 0.022 0.027 0.044 0.009 0.015 0.022 0.051 0.035 0.004 0.011 0.024
305 I 0.046 0.017 0.014 0.017 0.016 0.013 0.017 0.02 0.009 0.285 0.165 0.023 0.036 0.043 0.014 0.025 0.039 0.006 0.02 0.173
306 S 0.108 0.039 0.053 0.048 0.017 0.033 0.051 0.065 0.019 0.029 0.041 0.053 0.015 0.02 0.029 0.235 0.08 0.005 0.017 0.041
307 R 0.044 0.358 0.038 0.03 0.008 0.047 0.051 0.032 0.023 0.023 0.046 0.118 0.015 0.017 0.019 0.044 0.034 0.006 0.017 0.03
308 W 0.03 0.022 0.015 0.015 0.007 0.015 0.022 0.03 0.015 0.03 0.052 0.022 0.015 0.059 0.007 0.022 0.022 0.502 0.067 0.03
309 L 0.044 0.024 0.014 0.015 0.016 0.016 0.02 0.021 0.01 0.113 0.388 0.025 0.049 0.054 0.014 0.024 0.033 0.007 0.022 0.094
310 T 0.072 0.035 0.043 0.037 0.017 0.027 0.039 0.043 0.014 0.052 0.064 0.045 0.019 0.023 0.027 0.091 0.261 0.006 0.017 0.07
311 S 0.121 0.039 0.051 0.047 0.017 0.032 0.051 0.066 0.019 0.03 0.042 0.052 0.016 0.021 0.029 0.225 0.078 0.005 0.017 0.043
312 I 0.046 0.018 0.015 0.017 0.016 0.014 0.018 0.02 0.009 0.279 0.166 0.024 0.041 0.043 0.014 0.025 0.039 0.006 0.02 0.17
313 Y 0.04 0.027 0.021 0.018 0.009 0.021 0.027 0.024 0.046 0.043 0.067 0.031 0.018 0.128 0.015 0.031 0.027 0.027 0.331 0.046
314 F 0.034 0.02 0.017 0.017 0.01 0.011 0.02 0.025 0.019 0.06 0.107 0.02 0.024 0.372 0.011 0.025 0.025 0.018 0.111 0.053
315 P 0.056 0.025 0.023 0.03 0.01 0.02 0.035 0.035 0.013 0.025 0.035 0.04 0.01 0.013 0.503 0.043 0.035 0.003 0.013 0.03
316 S 0.152 0.039 0.046 0.043 0.018 0.031 0.049 0.067 0.018 0.032 0.045 0.059 0.016 0.02 0.029 0.194 0.072 0.005 0.017 0.047
317 Q 0.055 0.072 0.043 0.046 0.009 0.23 0.101 0.04 0.029 0.026 0.046 0.089 0.02 0.014 0.023 0.055 0.04 0.006 0.02 0.035
318 W 0.03 0.022 0.015 0.015 0.007 0.015 0.022 0.03 0.015 0.03 0.052 0.022 0.015 0.059 0.007 0.022 0.022 0.502 0.067 0.03
319 F 0.034 0.019 0.016 0.017 0.011 0.01 0.019 0.025 0.016 0.07 0.114 0.019 0.025 0.387 0.011 0.025 0.025 0.016 0.085 0.058
320 D 0.051 0.064 0.058 0.163 0.008 0.046 0.13 0.058 0.021 0.024 0.036 0.15 0.012 0.015 0.025 0.053 0.037 0.005 0.015 0.029
