#Seq2Logo.py -f /work3/idamei/ssn-clusterings/clustering/2205171701/clusters/0005_127/sequences.afa -o /work3/idamei/ssn-clusterings/clustering/2205171701/clusters/0005_127/sequences.logo
#Position Specific Frequency Matrix
A R N D C Q E G H I L K M F P S T W Y V
0 L 0.051 0.032 0.02 0.02 0.016 0.028 0.028 0.028 0.016 0.099 0.194 0.036 0.173 0.047 0.016 0.036 0.04 0.008 0.024 0.091
1 E 0.058 0.048 0.035 0.06 0.011 0.092 0.185 0.033 0.022 0.058 0.062 0.066 0.019 0.021 0.023 0.049 0.04 0.006 0.018 0.094
2 F 0.049 0.027 0.027 0.024 0.012 0.02 0.029 0.031 0.026 0.053 0.082 0.032 0.021 0.182 0.018 0.049 0.102 0.017 0.143 0.057
3 L 0.06 0.028 0.024 0.023 0.016 0.02 0.028 0.032 0.012 0.093 0.299 0.032 0.041 0.046 0.018 0.076 0.045 0.007 0.021 0.081
4 I 0.042 0.02 0.017 0.017 0.013 0.015 0.02 0.023 0.02 0.167 0.128 0.024 0.029 0.153 0.014 0.026 0.033 0.014 0.114 0.112
5 L 0.109 0.029 0.032 0.118 0.015 0.025 0.044 0.043 0.015 0.069 0.166 0.037 0.062 0.034 0.02 0.049 0.039 0.006 0.018 0.069
6 F 0.047 0.027 0.022 0.035 0.012 0.025 0.092 0.027 0.017 0.077 0.097 0.034 0.023 0.211 0.016 0.034 0.034 0.011 0.053 0.105
7 L 0.045 0.021 0.014 0.016 0.016 0.015 0.019 0.021 0.009 0.198 0.275 0.024 0.043 0.049 0.014 0.024 0.036 0.006 0.021 0.134
8 I 0.046 0.017 0.014 0.017 0.016 0.013 0.017 0.02 0.009 0.282 0.165 0.023 0.036 0.044 0.014 0.025 0.039 0.006 0.02 0.174
9 L 0.039 0.021 0.015 0.016 0.013 0.013 0.019 0.023 0.013 0.088 0.249 0.022 0.037 0.225 0.012 0.024 0.029 0.012 0.055 0.074
10 C 0.078 0.028 0.035 0.032 0.134 0.022 0.035 0.047 0.016 0.041 0.065 0.036 0.018 0.114 0.021 0.132 0.056 0.008 0.033 0.048
11 L 0.042 0.019 0.015 0.017 0.015 0.013 0.018 0.022 0.011 0.185 0.207 0.023 0.037 0.134 0.013 0.025 0.034 0.009 0.038 0.124
12 C 0.127 0.026 0.028 0.028 0.135 0.02 0.032 0.05 0.015 0.045 0.069 0.034 0.018 0.114 0.021 0.095 0.048 0.008 0.033 0.055
13 L 0.044 0.024 0.014 0.015 0.016 0.016 0.02 0.021 0.01 0.114 0.385 0.025 0.049 0.054 0.014 0.024 0.033 0.007 0.022 0.095
14 S 0.138 0.032 0.037 0.036 0.017 0.025 0.04 0.058 0.017 0.041 0.063 0.042 0.018 0.115 0.025 0.143 0.059 0.008 0.035 0.051
15 L 0.076 0.032 0.034 0.032 0.017 0.024 0.036 0.043 0.015 0.072 0.212 0.039 0.032 0.037 0.022 0.126 0.057 0.006 0.02 0.068
16 C 0.049 0.017 0.016 0.016 0.25 0.011 0.017 0.029 0.012 0.054 0.089 0.019 0.021 0.207 0.013 0.033 0.031 0.01 0.05 0.055
17 L 0.039 0.021 0.015 0.016 0.013 0.013 0.019 0.023 0.013 0.088 0.249 0.022 0.037 0.225 0.012 0.024 0.029 0.012 0.055 0.074
18 P 0.048 0.022 0.019 0.024 0.012 0.016 0.027 0.029 0.013 0.099 0.087 0.031 0.02 0.116 0.257 0.034 0.034 0.007 0.033 0.072
19 L 0.044 0.022 0.014 0.016 0.016 0.015 0.019 0.021 0.01 0.156 0.33 0.025 0.046 0.051 0.014 0.024 0.034 0.007 0.022 0.115
20 L 0.058 0.023 0.021 0.02 0.015 0.017 0.022 0.146 0.01 0.102 0.231 0.027 0.035 0.04 0.016 0.033 0.036 0.006 0.019 0.123
21 L 0.044 0.022 0.016 0.017 0.014 0.016 0.021 0.022 0.018 0.18 0.196 0.026 0.035 0.067 0.015 0.026 0.035 0.012 0.098 0.122
22 L 0.041 0.131 0.023 0.021 0.011 0.025 0.03 0.026 0.017 0.067 0.18 0.054 0.03 0.155 0.015 0.031 0.031 0.01 0.042 0.06
23 S 0.085 0.052 0.041 0.039 0.015 0.034 0.049 0.049 0.017 0.062 0.063 0.105 0.019 0.023 0.025 0.137 0.062 0.005 0.018 0.099
24 V 0.054 0.125 0.027 0.027 0.013 0.032 0.04 0.03 0.015 0.124 0.096 0.114 0.024 0.028 0.019 0.038 0.04 0.006 0.019 0.129
25 K 0.115 0.065 0.03 0.032 0.014 0.036 0.049 0.046 0.016 0.095 0.077 0.161 0.021 0.024 0.025 0.053 0.042 0.005 0.018 0.077
26 H 0.045 0.06 0.118 0.05 0.008 0.04 0.056 0.046 0.195 0.024 0.037 0.108 0.014 0.023 0.021 0.051 0.035 0.006 0.036 0.026
27 F 0.035 0.021 0.018 0.017 0.01 0.013 0.021 0.025 0.024 0.058 0.101 0.022 0.023 0.329 0.012 0.026 0.026 0.019 0.148 0.052
28 G 0.093 0.031 0.046 0.041 0.014 0.026 0.038 0.291 0.016 0.024 0.035 0.043 0.012 0.018 0.024 0.141 0.055 0.005 0.014 0.033
29 G 0.077 0.11 0.042 0.036 0.012 0.029 0.038 0.283 0.017 0.022 0.036 0.06 0.012 0.017 0.021 0.094 0.043 0.005 0.014 0.03
30 V 0.071 0.022 0.022 0.021 0.017 0.017 0.024 0.148 0.009 0.126 0.103 0.028 0.026 0.03 0.017 0.037 0.044 0.005 0.018 0.216
31 L 0.047 0.022 0.015 0.016 0.015 0.015 0.02 0.023 0.011 0.113 0.253 0.024 0.038 0.135 0.014 0.026 0.035 0.009 0.038 0.131
32 E 0.113 0.043 0.108 0.072 0.011 0.046 0.176 0.053 0.024 0.027 0.041 0.061 0.013 0.018 0.025 0.065 0.043 0.005 0.016 0.039
33 L 0.044 0.024 0.014 0.015 0.016 0.016 0.02 0.021 0.01 0.114 0.385 0.025 0.049 0.054 0.014 0.024 0.033 0.007 0.022 0.095
34 N 0.042 0.041 0.262 0.163 0.008 0.032 0.059 0.06 0.028 0.022 0.03 0.051 0.011 0.017 0.02 0.064 0.045 0.004 0.014 0.026
35 F 0.037 0.023 0.019 0.018 0.01 0.016 0.023 0.025 0.031 0.053 0.09 0.025 0.022 0.262 0.013 0.028 0.026 0.022 0.208 0.05
36 F 0.04 0.018 0.016 0.017 0.013 0.012 0.018 0.023 0.013 0.172 0.139 0.021 0.031 0.22 0.012 0.025 0.032 0.011 0.054 0.114
37 N 0.075 0.042 0.19 0.065 0.013 0.033 0.05 0.065 0.025 0.026 0.036 0.053 0.013 0.019 0.025 0.15 0.065 0.005 0.016 0.034
38 I 0.049 0.019 0.015 0.017 0.015 0.013 0.019 0.022 0.011 0.197 0.143 0.023 0.032 0.13 0.014 0.027 0.038 0.008 0.037 0.171
39 W 0.03 0.022 0.015 0.015 0.007 0.015 0.022 0.03 0.015 0.03 0.052 0.022 0.015 0.06 0.007 0.022 0.022 0.5 0.067 0.03
40 F 0.033 0.019 0.017 0.017 0.01 0.01 0.019 0.025 0.017 0.062 0.113 0.019 0.025 0.396 0.01 0.025 0.025 0.017 0.087 0.054
41 I 0.052 0.021 0.022 0.022 0.013 0.017 0.022 0.146 0.019 0.156 0.107 0.028 0.025 0.058 0.016 0.033 0.034 0.011 0.095 0.105
42 L 0.055 0.025 0.022 0.022 0.016 0.017 0.025 0.028 0.012 0.098 0.172 0.029 0.031 0.127 0.017 0.043 0.091 0.009 0.037 0.125
43 Y 0.038 0.025 0.02 0.018 0.009 0.019 0.025 0.025 0.039 0.048 0.079 0.028 0.02 0.196 0.014 0.029 0.027 0.025 0.268 0.048
44 L 0.042 0.019 0.015 0.017 0.015 0.013 0.018 0.022 0.011 0.185 0.207 0.023 0.037 0.134 0.013 0.025 0.034 0.009 0.038 0.124
45 L 0.048 0.02 0.015 0.017 0.015 0.014 0.02 0.023 0.011 0.155 0.198 0.023 0.035 0.132 0.014 0.027 0.036 0.009 0.038 0.151
46 L 0.039 0.021 0.015 0.016 0.013 0.013 0.019 0.023 0.013 0.088 0.249 0.022 0.037 0.225 0.012 0.024 0.029 0.012 0.055 0.074
47 A 0.241 0.027 0.023 0.026 0.139 0.022 0.034 0.066 0.013 0.043 0.06 0.038 0.017 0.021 0.026 0.073 0.046 0.005 0.016 0.065
48 F 0.035 0.021 0.016 0.016 0.011 0.013 0.02 0.025 0.015 0.067 0.165 0.021 0.028 0.226 0.011 0.024 0.026 0.135 0.066 0.058
49 L 0.045 0.021 0.014 0.016 0.016 0.015 0.019 0.021 0.009 0.198 0.275 0.024 0.043 0.049 0.014 0.024 0.036 0.006 0.021 0.134
50 G 0.077 0.023 0.039 0.033 0.011 0.019 0.025 0.517 0.013 0.019 0.028 0.033 0.009 0.016 0.019 0.051 0.029 0.005 0.011 0.024
51 A 0.189 0.03 0.03 0.031 0.019 0.024 0.037 0.06 0.014 0.099 0.081 0.041 0.022 0.027 0.026 0.106 0.055 0.005 0.018 0.088
52 L 0.052 0.024 0.02 0.02 0.015 0.017 0.021 0.145 0.011 0.09 0.296 0.027 0.039 0.044 0.015 0.031 0.032 0.007 0.019 0.077
53 L 0.045 0.021 0.014 0.016 0.016 0.015 0.019 0.021 0.009 0.198 0.275 0.024 0.043 0.049 0.014 0.024 0.036 0.006 0.021 0.134
54 L 0.059 0.028 0.028 0.027 0.017 0.021 0.029 0.032 0.011 0.125 0.17 0.034 0.031 0.036 0.021 0.058 0.147 0.006 0.019 0.102
55 L 0.068 0.029 0.031 0.029 0.017 0.022 0.032 0.037 0.013 0.119 0.164 0.037 0.03 0.035 0.021 0.093 0.103 0.006 0.019 0.095
56 L 0.051 0.027 0.021 0.02 0.016 0.019 0.025 0.026 0.011 0.098 0.305 0.03 0.042 0.046 0.017 0.041 0.089 0.007 0.021 0.089
57 G 0.068 0.024 0.046 0.126 0.01 0.021 0.041 0.399 0.015 0.019 0.028 0.036 0.009 0.016 0.019 0.051 0.031 0.005 0.011 0.024
58 F 0.048 0.019 0.022 0.021 0.012 0.013 0.02 0.147 0.014 0.106 0.105 0.023 0.024 0.213 0.013 0.031 0.03 0.011 0.051 0.077
59 G 0.189 0.027 0.032 0.031 0.016 0.022 0.033 0.297 0.014 0.031 0.043 0.039 0.013 0.019 0.024 0.067 0.039 0.005 0.014 0.046
60 K 0.049 0.149 0.047 0.13 0.008 0.046 0.07 0.041 0.021 0.025 0.04 0.185 0.014 0.016 0.024 0.05 0.037 0.005 0.016 0.03
61 D 0.044 0.034 0.061 0.327 0.007 0.038 0.144 0.043 0.02 0.022 0.03 0.052 0.01 0.015 0.023 0.052 0.035 0.004 0.012 0.026
62 S 0.108 0.04 0.053 0.048 0.017 0.033 0.052 0.065 0.019 0.029 0.041 0.053 0.015 0.021 0.029 0.231 0.081 0.005 0.017 0.041
63 Y 0.04 0.028 0.021 0.018 0.009 0.021 0.028 0.025 0.046 0.043 0.067 0.031 0.018 0.129 0.015 0.031 0.028 0.028 0.328 0.046
64 F 0.033 0.019 0.017 0.017 0.01 0.01 0.019 0.025 0.017 0.062 0.113 0.019 0.025 0.396 0.01 0.025 0.025 0.017 0.087 0.054
65 I 0.052 0.018 0.015 0.017 0.017 0.014 0.019 0.021 0.009 0.252 0.156 0.024 0.035 0.041 0.015 0.027 0.042 0.006 0.02 0.2
66 S 0.078 0.045 0.043 0.04 0.013 0.078 0.058 0.049 0.028 0.032 0.049 0.057 0.017 0.046 0.024 0.137 0.057 0.011 0.096 0.041
67 G 0.067 0.024 0.031 0.032 0.01 0.02 0.03 0.277 0.013 0.022 0.032 0.037 0.01 0.014 0.26 0.047 0.032 0.004 0.012 0.027
68 I 0.046 0.019 0.014 0.017 0.016 0.014 0.018 0.02 0.009 0.24 0.22 0.024 0.039 0.046 0.014 0.024 0.038 0.006 0.021 0.154
69 L 0.063 0.048 0.031 0.03 0.014 0.029 0.04 0.037 0.015 0.071 0.213 0.098 0.032 0.036 0.021 0.083 0.046 0.006 0.02 0.066
70 A 0.294 0.031 0.025 0.03 0.021 0.025 0.04 0.078 0.015 0.043 0.059 0.044 0.017 0.021 0.03 0.085 0.05 0.005 0.017 0.068
71 H 0.041 0.037 0.049 0.125 0.008 0.032 0.056 0.036 0.198 0.028 0.043 0.041 0.014 0.051 0.019 0.041 0.029 0.012 0.113 0.029
72 K 0.117 0.087 0.037 0.038 0.012 0.046 0.062 0.051 0.019 0.031 0.047 0.228 0.016 0.017 0.028 0.06 0.042 0.005 0.017 0.041
73 R 0.052 0.113 0.029 0.039 0.011 0.037 0.102 0.029 0.026 0.062 0.069 0.062 0.019 0.049 0.019 0.04 0.037 0.011 0.095 0.097
74 N 0.045 0.042 0.19 0.165 0.008 0.04 0.124 0.052 0.026 0.022 0.031 0.056 0.011 0.017 0.022 0.061 0.042 0.004 0.015 0.027
75 V 0.069 0.022 0.016 0.018 0.019 0.016 0.023 0.024 0.008 0.162 0.128 0.026 0.031 0.035 0.016 0.032 0.049 0.005 0.02 0.28
76 L 0.054 0.021 0.016 0.017 0.016 0.015 0.021 0.024 0.011 0.125 0.188 0.024 0.034 0.13 0.014 0.028 0.039 0.009 0.038 0.177
77 F 0.05 0.033 0.029 0.028 0.01 0.066 0.041 0.152 0.019 0.042 0.075 0.04 0.02 0.206 0.016 0.039 0.03 0.011 0.051 0.042
78 L 0.056 0.022 0.021 0.021 0.014 0.015 0.022 0.147 0.012 0.089 0.163 0.026 0.029 0.125 0.015 0.033 0.034 0.009 0.035 0.113
79 G 0.077 0.023 0.039 0.033 0.011 0.019 0.025 0.517 0.013 0.019 0.028 0.033 0.009 0.016 0.019 0.051 0.029 0.005 0.011 0.024
80 S 0.156 0.037 0.046 0.043 0.018 0.031 0.049 0.068 0.018 0.033 0.046 0.051 0.016 0.021 0.029 0.195 0.073 0.005 0.017 0.048
81 L 0.044 0.024 0.014 0.015 0.016 0.016 0.02 0.021 0.01 0.114 0.385 0.025 0.049 0.054 0.014 0.024 0.033 0.007 0.022 0.095
82 L 0.109 0.028 0.02 0.021 0.016 0.023 0.028 0.039 0.016 0.076 0.14 0.033 0.097 0.128 0.018 0.045 0.038 0.009 0.038 0.076
83 V 0.071 0.022 0.022 0.021 0.017 0.017 0.024 0.148 0.009 0.126 0.103 0.028 0.026 0.03 0.017 0.037 0.044 0.005 0.018 0.216
84 L 0.044 0.022 0.014 0.016 0.016 0.015 0.019 0.021 0.01 0.156 0.33 0.025 0.046 0.051 0.014 0.024 0.034 0.007 0.022 0.115
85 W 0.032 0.024 0.017 0.016 0.008 0.017 0.024 0.029 0.023 0.033 0.056 0.024 0.016 0.077 0.009 0.024 0.024 0.382 0.132 0.034
86 A 0.204 0.035 0.039 0.039 0.019 0.029 0.046 0.071 0.017 0.036 0.05 0.049 0.016 0.021 0.029 0.158 0.065 0.005 0.017 0.055
87 G 0.077 0.023 0.039 0.033 0.011 0.019 0.025 0.517 0.013 0.019 0.028 0.033 0.009 0.016 0.019 0.051 0.029 0.005 0.011 0.024
88 L 0.053 0.02 0.02 0.021 0.015 0.015 0.02 0.145 0.01 0.174 0.186 0.026 0.033 0.039 0.015 0.031 0.035 0.006 0.018 0.117
89 G 0.077 0.023 0.039 0.033 0.011 0.019 0.025 0.517 0.013 0.019 0.028 0.033 0.009 0.016 0.019 0.051 0.029 0.005 0.011 0.024
90 L 0.119 0.032 0.027 0.026 0.018 0.027 0.034 0.044 0.015 0.073 0.128 0.04 0.096 0.035 0.022 0.062 0.097 0.007 0.021 0.08
91 F 0.033 0.019 0.017 0.017 0.01 0.01 0.019 0.025 0.017 0.062 0.113 0.019 0.025 0.396 0.01 0.025 0.025 0.017 0.087 0.054
92 Y 0.055 0.028 0.028 0.025 0.012 0.022 0.031 0.035 0.032 0.044 0.072 0.033 0.019 0.169 0.018 0.079 0.04 0.019 0.19 0.047
93 V 0.083 0.03 0.034 0.033 0.017 0.024 0.036 0.044 0.014 0.126 0.094 0.039 0.025 0.03 0.022 0.13 0.062 0.005 0.019 0.134
94 F 0.033 0.019 0.017 0.017 0.01 0.01 0.019 0.025 0.017 0.062 0.113 0.019 0.025 0.396 0.01 0.025 0.025 0.017 0.087 0.054
95 L 0.042 0.019 0.015 0.017 0.015 0.013 0.018 0.022 0.011 0.185 0.207 0.023 0.037 0.134 0.013 0.025 0.034 0.009 0.038 0.124
96 L 0.048 0.02 0.015 0.017 0.015 0.014 0.02 0.023 0.011 0.155 0.198 0.023 0.035 0.132 0.014 0.027 0.036 0.009 0.038 0.151
97 V 0.055 0.023 0.023 0.022 0.016 0.017 0.024 0.028 0.012 0.14 0.118 0.028 0.028 0.125 0.017 0.043 0.093 0.008 0.036 0.144
98 L 0.044 0.024 0.014 0.015 0.016 0.016 0.02 0.021 0.01 0.114 0.385 0.025 0.049 0.054 0.014 0.024 0.033 0.007 0.022 0.095
99 L 0.063 0.048 0.031 0.03 0.014 0.029 0.04 0.037 0.015 0.071 0.213 0.098 0.032 0.036 0.021 0.083 0.046 0.006 0.02 0.066
100 L 0.056 0.023 0.015 0.016 0.017 0.016 0.021 0.023 0.009 0.138 0.257 0.025 0.04 0.045 0.015 0.028 0.041 0.006 0.021 0.187
101 F 0.039 0.02 0.015 0.016 0.013 0.012 0.019 0.023 0.013 0.13 0.194 0.021 0.034 0.222 0.012 0.025 0.031 0.012 0.054 0.094
102 D 0.042 0.032 0.119 0.227 0.01 0.027 0.062 0.044 0.019 0.045 0.118 0.042 0.02 0.025 0.02 0.049 0.038 0.005 0.015 0.042
103 F 0.062 0.136 0.036 0.032 0.012 0.031 0.041 0.041 0.02 0.039 0.067 0.064 0.019 0.143 0.02 0.098 0.047 0.009 0.041 0.042
104 G 0.081 0.037 0.044 0.057 0.012 0.039 0.126 0.204 0.019 0.023 0.035 0.054 0.013 0.018 0.025 0.11 0.049 0.005 0.015 0.032
105 G 0.125 0.025 0.029 0.028 0.015 0.02 0.028 0.283 0.013 0.048 0.125 0.034 0.021 0.027 0.02 0.052 0.035 0.006 0.015 0.053
106 K 0.069 0.089 0.044 0.043 0.011 0.048 0.065 0.048 0.02 0.028 0.042 0.23 0.015 0.017 0.028 0.097 0.05 0.005 0.017 0.035
107 C 0.048 0.032 0.102 0.038 0.131 0.025 0.034 0.039 0.103 0.051 0.129 0.036 0.023 0.03 0.017 0.044 0.036 0.006 0.026 0.05
108 K 0.047 0.147 0.034 0.032 0.008 0.042 0.053 0.037 0.02 0.027 0.046 0.18 0.015 0.027 0.02 0.043 0.034 0.129 0.03 0.031
109 W 0.033 0.023 0.017 0.016 0.009 0.015 0.023 0.027 0.023 0.041 0.071 0.024 0.018 0.161 0.01 0.025 0.024 0.261 0.137 0.04
110 R 0.049 0.138 0.112 0.061 0.008 0.049 0.119 0.043 0.025 0.024 0.039 0.134 0.014 0.017 0.023 0.055 0.04 0.005 0.017 0.03
111 N 0.045 0.045 0.255 0.084 0.008 0.041 0.113 0.057 0.03 0.022 0.032 0.058 0.011 0.017 0.021 0.065 0.046 0.005 0.016 0.028
112 F 0.05 0.043 0.024 0.023 0.012 0.025 0.035 0.029 0.023 0.074 0.088 0.091 0.022 0.144 0.017 0.035 0.035 0.014 0.113 0.103
113 V 0.057 0.021 0.015 0.017 0.017 0.015 0.021 0.022 0.009 0.18 0.202 0.025 0.037 0.042 0.015 0.028 0.042 0.006 0.021 0.207
114 I 0.047 0.038 0.1 0.041 0.012 0.071 0.046 0.036 0.019 0.153 0.102 0.047 0.026 0.03 0.018 0.043 0.042 0.005 0.019 0.102
115 R 0.05 0.132 0.033 0.044 0.01 0.044 0.111 0.032 0.019 0.088 0.073 0.126 0.02 0.023 0.022 0.044 0.037 0.006 0.018 0.067
116 K 0.05 0.152 0.112 0.049 0.008 0.047 0.06 0.045 0.024 0.025 0.04 0.187 0.014 0.016 0.023 0.055 0.04 0.005 0.017 0.03
117 I 0.053 0.017 0.015 0.017 0.174 0.013 0.017 0.024 0.008 0.2 0.132 0.022 0.03 0.036 0.015 0.03 0.038 0.005 0.018 0.135
118 D 0.049 0.028 0.043 0.152 0.012 0.022 0.049 0.038 0.016 0.046 0.068 0.036 0.018 0.144 0.02 0.056 0.105 0.009 0.039 0.05
119 D 0.063 0.033 0.063 0.285 0.011 0.031 0.078 0.053 0.019 0.025 0.032 0.047 0.011 0.017 0.025 0.11 0.05 0.004 0.013 0.03
120 E 0.05 0.048 0.044 0.072 0.007 0.055 0.22 0.036 0.137 0.022 0.037 0.065 0.014 0.021 0.023 0.05 0.033 0.006 0.03 0.028
121 L 0.063 0.053 0.109 0.046 0.013 0.034 0.047 0.048 0.02 0.048 0.125 0.105 0.023 0.027 0.023 0.094 0.05 0.005 0.018 0.049
122 C 0.054 0.027 0.095 0.033 0.132 0.021 0.029 0.036 0.023 0.068 0.073 0.032 0.019 0.05 0.017 0.043 0.04 0.01 0.094 0.102
123 D 0.047 0.039 0.054 0.248 0.007 0.047 0.198 0.04 0.022 0.022 0.032 0.059 0.011 0.016 0.024 0.053 0.036 0.005 0.014 0.027
124 K 0.055 0.065 0.03 0.029 0.011 0.036 0.048 0.033 0.024 0.065 0.07 0.158 0.02 0.049 0.022 0.042 0.039 0.011 0.096 0.098
125 I 0.046 0.017 0.014 0.017 0.016 0.013 0.017 0.02 0.009 0.282 0.165 0.023 0.036 0.044 0.014 0.025 0.039 0.006 0.02 0.174
126 I 0.058 0.023 0.022 0.022 0.017 0.017 0.024 0.027 0.01 0.195 0.131 0.029 0.031 0.036 0.018 0.043 0.096 0.006 0.02 0.174
127 L 0.061 0.025 0.024 0.025 0.016 0.019 0.027 0.032 0.012 0.177 0.189 0.031 0.034 0.04 0.018 0.076 0.048 0.006 0.02 0.121
128 L 0.106 0.032 0.028 0.025 0.013 0.025 0.035 0.04 0.109 0.055 0.137 0.036 0.025 0.059 0.019 0.045 0.034 0.012 0.106 0.058
129 F 0.04 0.023 0.017 0.017 0.013 0.016 0.021 0.025 0.015 0.084 0.201 0.024 0.068 0.223 0.013 0.027 0.031 0.012 0.055 0.074
130 L 0.039 0.021 0.015 0.016 0.013 0.013 0.019 0.023 0.013 0.088 0.249 0.022 0.037 0.225 0.012 0.024 0.029 0.012 0.055 0.074
131 F 0.071 0.029 0.035 0.032 0.014 0.022 0.035 0.045 0.018 0.046 0.077 0.036 0.02 0.208 0.02 0.128 0.053 0.011 0.052 0.048
132 I 0.043 0.018 0.015 0.017 0.015 0.012 0.018 0.021 0.011 0.227 0.152 0.022 0.033 0.132 0.013 0.025 0.036 0.009 0.037 0.144
133 F 0.04 0.018 0.016 0.017 0.013 0.012 0.018 0.023 0.013 0.172 0.139 0.021 0.031 0.22 0.012 0.025 0.032 0.011 0.054 0.114
134 L 0.064 0.029 0.032 0.029 0.015 0.022 0.032 0.039 0.015 0.064 0.151 0.035 0.027 0.123 0.02 0.093 0.099 0.009 0.036 0.065
135 F 0.047 0.023 0.017 0.018 0.014 0.016 0.022 0.026 0.014 0.097 0.137 0.025 0.064 0.219 0.013 0.03 0.035 0.012 0.055 0.12
136 L 0.042 0.021 0.015 0.016 0.015 0.014 0.019 0.022 0.011 0.143 0.262 0.023 0.04 0.137 0.013 0.024 0.033 0.009 0.038 0.104
137 S 0.098 0.035 0.044 0.041 0.018 0.029 0.044 0.055 0.016 0.062 0.063 0.046 0.019 0.024 0.026 0.182 0.073 0.005 0.018 0.101
138 F 0.036 0.02 0.016 0.016 0.012 0.012 0.019 0.024 0.015 0.075 0.181 0.02 0.031 0.31 0.011 0.025 0.027 0.014 0.071 0.064
139 L 0.048 0.02 0.015 0.017 0.015 0.014 0.02 0.023 0.011 0.155 0.198 0.023 0.035 0.132 0.014 0.027 0.036 0.009 0.038 0.151
140 Y 0.04 0.028 0.021 0.018 0.009 0.021 0.028 0.025 0.046 0.043 0.067 0.031 0.018 0.129 0.015 0.031 0.028 0.028 0.328 0.046
141 Y 0.04 0.028 0.021 0.018 0.009 0.021 0.028 0.025 0.046 0.043 0.067 0.031 0.018 0.129 0.015 0.031 0.028 0.028 0.328 0.046
142 L 0.049 0.048 0.029 0.031 0.012 0.121 0.061 0.031 0.019 0.07 0.216 0.057 0.035 0.034 0.019 0.04 0.037 0.006 0.021 0.065
143 V 0.056 0.022 0.017 0.018 0.016 0.017 0.023 0.023 0.018 0.162 0.122 0.026 0.029 0.061 0.016 0.03 0.041 0.011 0.097 0.195
144 K 0.066 0.059 0.038 0.038 0.013 0.081 0.06 0.042 0.019 0.091 0.074 0.114 0.022 0.023 0.024 0.091 0.05 0.005 0.019 0.071
145 I 0.058 0.023 0.022 0.022 0.017 0.017 0.024 0.027 0.01 0.195 0.131 0.029 0.031 0.036 0.018 0.043 0.096 0.006 0.02 0.174
146 F 0.037 0.023 0.019 0.018 0.01 0.016 0.023 0.025 0.031 0.053 0.09 0.025 0.022 0.262 0.013 0.028 0.026 0.022 0.208 0.05
147 P 0.056 0.025 0.023 0.031 0.01 0.02 0.036 0.036 0.013 0.025 0.036 0.041 0.01 0.013 0.501 0.043 0.036 0.003 0.013 0.031
148 S 0.108 0.04 0.053 0.048 0.017 0.033 0.052 0.065 0.019 0.029 0.041 0.053 0.015 0.021 0.029 0.231 0.081 0.005 0.017 0.041
149 P 0.056 0.025 0.023 0.031 0.01 0.02 0.036 0.036 0.013 0.025 0.036 0.041 0.01 0.013 0.501 0.043 0.036 0.003 0.013 0.031
150 F 0.046 0.024 0.023 0.021 0.014 0.016 0.024 0.028 0.014 0.073 0.168 0.027 0.03 0.217 0.016 0.041 0.085 0.012 0.054 0.068
151 I 0.042 0.02 0.017 0.017 0.013 0.015 0.02 0.023 0.02 0.167 0.128 0.024 0.029 0.153 0.014 0.026 0.033 0.014 0.114 0.112
152 L 0.048 0.028 0.017 0.017 0.016 0.022 0.024 0.024 0.013 0.106 0.289 0.03 0.111 0.051 0.015 0.03 0.036 0.007 0.023 0.093
153 A 0.245 0.029 0.029 0.03 0.019 0.024 0.036 0.187 0.014 0.037 0.051 0.041 0.015 0.02 0.027 0.075 0.044 0.005 0.016 0.057
154 L 0.044 0.022 0.014 0.016 0.016 0.015 0.019 0.021 0.01 0.156 0.33 0.025 0.046 0.051 0.014 0.024 0.034 0.007 0.022 0.115
155 D 0.046 0.041 0.113 0.138 0.01 0.076 0.064 0.043 0.022 0.088 0.068 0.053 0.019 0.023 0.02 0.05 0.041 0.005 0.017 0.065
156 G 0.06 0.034 0.181 0.058 0.01 0.026 0.037 0.29 0.022 0.02 0.03 0.043 0.01 0.017 0.019 0.06 0.039 0.005 0.013 0.025
157 G 0.131 0.024 0.03 0.028 0.015 0.02 0.028 0.284 0.012 0.06 0.061 0.034 0.017 0.022 0.021 0.054 0.039 0.005 0.015 0.099
158 D 0.057 0.032 0.064 0.317 0.01 0.03 0.08 0.051 0.019 0.024 0.031 0.046 0.011 0.016 0.024 0.096 0.046 0.004 0.013 0.028
159 S 0.143 0.034 0.039 0.039 0.016 0.028 0.045 0.061 0.016 0.032 0.044 0.048 0.015 0.019 0.147 0.147 0.062 0.005 0.016 0.045
160 L 0.05 0.041 0.028 0.042 0.012 0.08 0.111 0.029 0.018 0.111 0.158 0.053 0.03 0.032 0.019 0.04 0.037 0.006 0.02 0.084
161 G 0.062 0.031 0.046 0.14 0.009 0.033 0.112 0.279 0.018 0.02 0.03 0.046 0.01 0.016 0.021 0.052 0.032 0.005 0.012 0.026
162 A 0.173 0.024 0.02 0.023 0.019 0.019 0.029 0.049 0.012 0.162 0.112 0.034 0.027 0.032 0.022 0.054 0.044 0.006 0.019 0.121
163 A 0.301 0.031 0.025 0.029 0.021 0.025 0.04 0.077 0.015 0.043 0.059 0.044 0.017 0.021 0.029 0.084 0.049 0.005 0.017 0.068
164 L 0.051 0.02 0.015 0.017 0.017 0.015 0.019 0.021 0.009 0.21 0.211 0.024 0.038 0.044 0.015 0.026 0.04 0.006 0.021 0.181
165 R 0.047 0.292 0.039 0.033 0.008 0.049 0.056 0.035 0.022 0.024 0.045 0.161 0.015 0.017 0.021 0.046 0.036 0.006 0.017 0.031
166 R 0.044 0.355 0.038 0.031 0.008 0.048 0.052 0.032 0.023 0.023 0.046 0.118 0.015 0.017 0.019 0.044 0.034 0.006 0.017 0.031
167 I 0.046 0.017 0.014 0.017 0.016 0.013 0.017 0.02 0.009 0.282 0.165 0.023 0.036 0.044 0.014 0.025 0.039 0.006 0.02 0.174
168 E 0.112 0.039 0.043 0.153 0.011 0.045 0.186 0.048 0.021 0.027 0.04 0.059 0.013 0.017 0.026 0.061 0.039 0.005 0.015 0.038
169 I 0.052 0.018 0.015 0.017 0.017 0.014 0.019 0.021 0.009 0.252 0.156 0.024 0.035 0.041 0.015 0.027 0.042 0.006 0.02 0.2
170 T 0.072 0.035 0.043 0.037 0.018 0.027 0.039 0.043 0.014 0.053 0.064 0.045 0.019 0.023 0.027 0.091 0.258 0.006 0.018 0.07
171 K 0.053 0.168 0.04 0.038 0.008 0.051 0.065 0.04 0.021 0.026 0.043 0.246 0.015 0.016 0.025 0.051 0.038 0.005 0.017 0.032
172 N 0.042 0.041 0.262 0.163 0.008 0.032 0.059 0.06 0.028 0.022 0.03 0.051 0.011 0.017 0.02 0.064 0.045 0.004 0.014 0.026
173 L 0.044 0.024 0.014 0.015 0.016 0.016 0.02 0.021 0.01 0.114 0.385 0.025 0.049 0.054 0.014 0.024 0.033 0.007 0.022 0.095
174 G 0.084 0.036 0.118 0.053 0.013 0.029 0.044 0.178 0.021 0.025 0.035 0.048 0.013 0.019 0.024 0.146 0.06 0.005 0.015 0.033
175 D 0.046 0.051 0.112 0.136 0.01 0.033 0.057 0.043 0.02 0.046 0.121 0.103 0.021 0.025 0.021 0.049 0.039 0.005 0.016 0.044
176 Y 0.043 0.024 0.018 0.017 0.013 0.018 0.023 0.023 0.028 0.12 0.171 0.027 0.03 0.089 0.015 0.028 0.032 0.017 0.175 0.09
177 A 0.245 0.029 0.029 0.03 0.019 0.024 0.036 0.187 0.014 0.037 0.051 0.041 0.015 0.02 0.027 0.075 0.044 0.005 0.016 0.057
178 N 0.042 0.044 0.327 0.082 0.009 0.033 0.049 0.064 0.031 0.022 0.031 0.053 0.011 0.018 0.02 0.069 0.049 0.004 0.015 0.027
179 T 0.072 0.035 0.043 0.037 0.018 0.027 0.039 0.043 0.014 0.053 0.064 0.045 0.019 0.023 0.027 0.091 0.258 0.006 0.018 0.07
180 Y 0.04 0.028 0.021 0.018 0.009 0.021 0.028 0.025 0.046 0.043 0.067 0.031 0.018 0.129 0.015 0.031 0.028 0.028 0.328 0.046
181 I 0.046 0.019 0.014 0.017 0.016 0.014 0.018 0.02 0.009 0.24 0.22 0.024 0.039 0.046 0.014 0.024 0.038 0.006 0.021 0.154
182 I 0.052 0.018 0.015 0.017 0.017 0.014 0.019 0.021 0.009 0.252 0.156 0.024 0.035 0.041 0.015 0.027 0.042 0.006 0.02 0.2
183 A 0.253 0.033 0.032 0.034 0.02 0.027 0.043 0.074 0.016 0.039 0.054 0.046 0.017 0.021 0.029 0.121 0.057 0.005 0.017 0.061
184 F 0.041 0.022 0.017 0.018 0.013 0.015 0.021 0.025 0.014 0.126 0.146 0.024 0.065 0.221 0.013 0.028 0.032 0.012 0.055 0.093
185 G 0.074 0.021 0.033 0.029 0.131 0.017 0.023 0.396 0.012 0.025 0.037 0.03 0.011 0.017 0.018 0.048 0.031 0.005 0.011 0.032
186 L 0.054 0.036 0.102 0.04 0.015 0.029 0.036 0.041 0.019 0.068 0.121 0.042 0.094 0.034 0.02 0.058 0.096 0.007 0.02 0.07
187 L 0.045 0.021 0.014 0.016 0.016 0.015 0.019 0.021 0.009 0.198 0.275 0.024 0.043 0.049 0.014 0.024 0.036 0.006 0.021 0.134
188 L 0.046 0.024 0.016 0.017 0.016 0.018 0.021 0.022 0.011 0.152 0.282 0.027 0.077 0.05 0.015 0.027 0.036 0.007 0.022 0.114
189 S 0.092 0.036 0.043 0.04 0.017 0.029 0.044 0.054 0.017 0.05 0.127 0.046 0.024 0.029 0.025 0.18 0.069 0.006 0.018 0.055
190 Y 0.047 0.05 0.032 0.032 0.009 0.124 0.064 0.033 0.037 0.035 0.057 0.06 0.019 0.072 0.019 0.043 0.034 0.017 0.174 0.04
191 I 0.046 0.019 0.014 0.017 0.016 0.014 0.018 0.02 0.009 0.24 0.22 0.024 0.039 0.046 0.014 0.024 0.038 0.006 0.021 0.154
192 L 0.053 0.02 0.016 0.016 0.134 0.014 0.019 0.026 0.011 0.096 0.172 0.022 0.03 0.126 0.014 0.03 0.036 0.008 0.035 0.121
193 S 0.108 0.04 0.053 0.048 0.017 0.033 0.052 0.065 0.019 0.029 0.041 0.053 0.015 0.021 0.029 0.231 0.081 0.005 0.017 0.041
194 Y 0.043 0.023 0.018 0.018 0.013 0.017 0.023 0.022 0.027 0.162 0.116 0.027 0.027 0.086 0.015 0.028 0.033 0.017 0.174 0.11
195 A 0.13 0.054 0.041 0.043 0.014 0.128 0.074 0.056 0.023 0.031 0.048 0.069 0.018 0.018 0.026 0.106 0.053 0.006 0.019 0.045
196 L 0.044 0.028 0.019 0.018 0.013 0.022 0.026 0.024 0.029 0.075 0.178 0.03 0.065 0.09 0.015 0.03 0.032 0.018 0.175 0.069
197 L 0.051 0.022 0.015 0.016 0.017 0.015 0.02 0.022 0.009 0.168 0.266 0.025 0.041 0.047 0.015 0.026 0.038 0.006 0.021 0.161
198 I 0.108 0.023 0.019 0.021 0.016 0.018 0.026 0.036 0.019 0.162 0.114 0.03 0.027 0.059 0.018 0.041 0.039 0.011 0.096 0.115
199 R 0.045 0.188 0.026 0.023 0.012 0.031 0.035 0.027 0.016 0.11 0.16 0.071 0.029 0.033 0.017 0.034 0.035 0.006 0.019 0.082
200 G 0.113 0.025 0.025 0.024 0.013 0.019 0.028 0.161 0.023 0.042 0.067 0.032 0.017 0.141 0.018 0.048 0.033 0.014 0.111 0.048
201 G 0.081 0.056 0.044 0.041 0.012 0.035 0.049 0.208 0.018 0.025 0.037 0.125 0.013 0.017 0.025 0.111 0.05 0.005 0.015 0.033
202 Y 0.043 0.03 0.12 0.039 0.011 0.023 0.031 0.036 0.029 0.115 0.088 0.036 0.022 0.064 0.017 0.041 0.039 0.013 0.121 0.082
203 N 0.064 0.043 0.144 0.056 0.011 0.035 0.051 0.056 0.138 0.025 0.037 0.051 0.014 0.023 0.023 0.113 0.052 0.006 0.03 0.03
204 R 0.05 0.139 0.034 0.033 0.01 0.086 0.061 0.034 0.021 0.047 0.13 0.13 0.025 0.025 0.021 0.044 0.037 0.006 0.019 0.048
205 K 0.053 0.168 0.04 0.038 0.008 0.051 0.065 0.04 0.021 0.026 0.043 0.246 0.015 0.016 0.025 0.051 0.038 0.005 0.017 0.032
206 E 0.053 0.035 0.029 0.053 0.129 0.04 0.164 0.031 0.026 0.033 0.051 0.05 0.015 0.045 0.021 0.045 0.034 0.011 0.093 0.041
207 K 0.056 0.085 0.036 0.038 0.009 0.045 0.061 0.041 0.018 0.027 0.041 0.227 0.014 0.015 0.146 0.05 0.038 0.004 0.016 0.032
208 L 0.041 0.022 0.017 0.017 0.013 0.015 0.021 0.023 0.02 0.125 0.183 0.024 0.032 0.156 0.014 0.026 0.031 0.014 0.114 0.092
209 L 0.06 0.111 0.03 0.027 0.014 0.028 0.036 0.035 0.015 0.07 0.214 0.055 0.032 0.036 0.019 0.081 0.045 0.006 0.02 0.065
210 K 0.057 0.067 0.035 0.033 0.013 0.037 0.05 0.037 0.016 0.055 0.133 0.162 0.025 0.027 0.024 0.055 0.092 0.006 0.018 0.057
211 Y 0.046 0.024 0.019 0.018 0.012 0.017 0.024 0.025 0.029 0.078 0.094 0.026 0.023 0.172 0.014 0.03 0.032 0.019 0.191 0.106
212 F 0.039 0.02 0.015 0.016 0.013 0.012 0.019 0.023 0.013 0.13 0.194 0.021 0.034 0.222 0.012 0.025 0.031 0.012 0.054 0.094
213 L 0.071 0.034 0.034 0.031 0.017 0.029 0.036 0.041 0.016 0.07 0.123 0.042 0.095 0.035 0.022 0.098 0.104 0.007 0.021 0.073
214 L 0.051 0.022 0.015 0.016 0.017 0.015 0.02 0.022 0.009 0.168 0.266 0.025 0.041 0.047 0.015 0.026 0.038 0.006 0.021 0.161
215 L 0.046 0.021 0.015 0.016 0.133 0.014 0.019 0.025 0.011 0.083 0.237 0.022 0.035 0.131 0.014 0.028 0.032 0.009 0.036 0.075
216 I 0.046 0.019 0.014 0.017 0.016 0.014 0.018 0.02 0.009 0.24 0.22 0.024 0.039 0.046 0.014 0.024 0.038 0.006 0.021 0.154
217 A 0.204 0.035 0.039 0.039 0.019 0.029 0.046 0.071 0.017 0.036 0.05 0.049 0.016 0.021 0.029 0.158 0.065 0.005 0.017 0.055
218 I 0.066 0.023 0.025 0.025 0.135 0.018 0.026 0.034 0.011 0.159 0.109 0.03 0.026 0.032 0.019 0.08 0.049 0.005 0.017 0.111
219 L 0.058 0.025 0.025 0.024 0.015 0.018 0.027 0.033 0.014 0.122 0.176 0.03 0.031 0.128 0.017 0.076 0.044 0.009 0.037 0.091
220 F 0.036 0.02 0.016 0.016 0.012 0.012 0.019 0.024 0.015 0.075 0.181 0.02 0.031 0.31 0.011 0.025 0.027 0.014 0.071 0.064
221 L 0.044 0.022 0.014 0.016 0.016 0.015 0.019 0.021 0.01 0.156 0.33 0.025 0.046 0.051 0.014 0.024 0.034 0.007 0.022 0.115
222 L 0.045 0.021 0.014 0.016 0.016 0.015 0.019 0.021 0.009 0.198 0.275 0.024 0.043 0.049 0.014 0.024 0.036 0.006 0.021 0.134
223 S 0.086 0.047 0.048 0.045 0.015 0.08 0.061 0.053 0.02 0.034 0.048 0.06 0.018 0.02 0.027 0.152 0.115 0.005 0.018 0.047
224 T 0.074 0.038 0.116 0.051 0.015 0.03 0.044 0.054 0.019 0.039 0.05 0.049 0.016 0.021 0.026 0.121 0.161 0.005 0.017 0.052
225 G 0.093 0.031 0.046 0.041 0.014 0.026 0.038 0.291 0.016 0.024 0.035 0.043 0.012 0.018 0.024 0.141 0.055 0.005 0.014 0.033
226 E 0.054 0.049 0.04 0.089 0.007 0.064 0.307 0.034 0.025 0.022 0.036 0.074 0.013 0.016 0.025 0.054 0.036 0.005 0.016 0.031
227 K 0.056 0.106 0.041 0.041 0.008 0.053 0.07 0.043 0.02 0.027 0.043 0.289 0.015 0.015 0.027 0.053 0.039 0.005 0.017 0.032
228 G 0.133 0.025 0.035 0.032 0.013 0.02 0.029 0.407 0.014 0.025 0.036 0.036 0.011 0.017 0.021 0.059 0.034 0.005 0.012 0.035
229 P 0.056 0.025 0.023 0.031 0.01 0.02 0.036 0.036 0.013 0.025 0.036 0.041 0.01 0.013 0.501 0.043 0.036 0.003 0.013 0.031
230 I 0.107 0.021 0.018 0.02 0.016 0.015 0.023 0.036 0.012 0.167 0.125 0.027 0.029 0.126 0.017 0.04 0.038 0.008 0.036 0.118
231 L 0.048 0.02 0.015 0.017 0.015 0.014 0.02 0.023 0.011 0.155 0.198 0.023 0.035 0.132 0.014 0.027 0.036 0.009 0.038 0.151
232 F 0.033 0.019 0.017 0.017 0.01 0.01 0.019 0.025 0.017 0.062 0.113 0.019 0.025 0.396 0.01 0.025 0.025 0.017 0.087 0.054
233 Y 0.038 0.025 0.02 0.018 0.009 0.019 0.025 0.025 0.039 0.048 0.079 0.028 0.02 0.196 0.014 0.029 0.027 0.025 0.268 0.048
234 L 0.051 0.022 0.015 0.016 0.017 0.015 0.02 0.022 0.009 0.168 0.266 0.025 0.041 0.047 0.015 0.026 0.038 0.006 0.021 0.161
235 L 0.042 0.021 0.015 0.016 0.015 0.014 0.019 0.022 0.011 0.143 0.262 0.023 0.04 0.137 0.013 0.024 0.033 0.009 0.038 0.104
236 G 0.085 0.027 0.042 0.037 0.012 0.022 0.032 0.404 0.015 0.021 0.031 0.038 0.011 0.017 0.021 0.096 0.042 0.005 0.012 0.028
237 A 0.173 0.026 0.02 0.023 0.019 0.02 0.029 0.049 0.012 0.12 0.167 0.034 0.03 0.035 0.022 0.054 0.043 0.006 0.019 0.101
238 L 0.04 0.024 0.017 0.016 0.013 0.016 0.022 0.023 0.021 0.083 0.237 0.025 0.035 0.158 0.013 0.026 0.03 0.015 0.115 0.072
239 V 0.059 0.023 0.017 0.018 0.017 0.018 0.023 0.024 0.01 0.176 0.154 0.028 0.068 0.04 0.016 0.031 0.044 0.006 0.021 0.206
240 C 0.182 0.023 0.021 0.023 0.256 0.019 0.028 0.055 0.011 0.043 0.061 0.032 0.017 0.021 0.023 0.062 0.043 0.005 0.015 0.062
241 Y 0.043 0.023 0.018 0.017 0.129 0.017 0.023 0.028 0.029 0.04 0.063 0.026 0.017 0.084 0.014 0.031 0.028 0.14 0.184 0.044
242 G 0.084 0.03 0.043 0.038 0.014 0.024 0.035 0.286 0.015 0.03 0.04 0.041 0.013 0.019 0.023 0.106 0.099 0.005 0.014 0.04
243 L 0.045 0.025 0.017 0.018 0.014 0.02 0.023 0.023 0.02 0.134 0.203 0.029 0.069 0.068 0.015 0.029 0.035 0.012 0.098 0.101
244 S 0.147 0.036 0.044 0.041 0.018 0.029 0.045 0.063 0.017 0.038 0.051 0.049 0.017 0.021 0.029 0.159 0.117 0.005 0.017 0.055
245 K 0.056 0.089 0.042 0.044 0.009 0.14 0.086 0.042 0.025 0.027 0.044 0.189 0.018 0.015 0.025 0.054 0.04 0.005 0.019 0.034
246 K 0.058 0.147 0.04 0.036 0.009 0.043 0.054 0.159 0.019 0.024 0.04 0.182 0.014 0.016 0.023 0.05 0.035 0.005 0.015 0.03
247 K 0.069 0.089 0.044 0.043 0.011 0.048 0.065 0.048 0.02 0.028 0.042 0.23 0.015 0.017 0.028 0.097 0.05 0.005 0.017 0.035
248 I 0.048 0.021 0.016 0.018 0.016 0.017 0.02 0.022 0.01 0.236 0.173 0.026 0.07 0.045 0.015 0.027 0.039 0.006 0.021 0.153
249 L 0.048 0.125 0.027 0.026 0.012 0.032 0.04 0.029 0.015 0.111 0.16 0.114 0.029 0.032 0.019 0.036 0.036 0.006 0.019 0.083
250 K 0.053 0.168 0.04 0.038 0.008 0.051 0.065 0.04 0.021 0.026 0.043 0.246 0.015 0.016 0.025 0.051 0.038 0.005 0.017 0.032
251 V 0.063 0.022 0.016 0.017 0.018 0.016 0.022 0.023 0.009 0.15 0.192 0.026 0.036 0.04 0.016 0.03 0.045 0.006 0.021 0.233
252 N 0.058 0.039 0.194 0.155 0.011 0.032 0.06 0.06 0.025 0.024 0.033 0.051 0.012 0.018 0.023 0.105 0.053 0.004 0.015 0.03
253 L 0.048 0.02 0.015 0.017 0.015 0.014 0.02 0.023 0.011 0.155 0.198 0.023 0.035 0.132 0.014 0.027 0.036 0.009 0.038 0.151
254 R 0.05 0.23 0.04 0.036 0.008 0.05 0.061 0.037 0.022 0.025 0.044 0.204 0.015 0.016 0.023 0.048 0.037 0.005 0.017 0.031
255 L 0.042 0.021 0.015 0.016 0.015 0.014 0.019 0.022 0.011 0.143 0.262 0.023 0.04 0.137 0.013 0.024 0.033 0.009 0.038 0.104
256 G 0.07 0.026 0.031 0.029 0.015 0.021 0.029 0.157 0.013 0.13 0.104 0.035 0.041 0.031 0.019 0.084 0.047 0.006 0.018 0.093
257 L 0.109 0.024 0.017 0.019 0.017 0.018 0.024 0.035 0.011 0.138 0.248 0.029 0.038 0.043 0.018 0.039 0.039 0.006 0.02 0.108
258 I 0.052 0.021 0.022 0.022 0.013 0.017 0.022 0.146 0.019 0.156 0.107 0.028 0.025 0.058 0.016 0.033 0.034 0.011 0.095 0.105
259 T 0.056 0.027 0.029 0.027 0.015 0.019 0.028 0.033 0.013 0.112 0.102 0.033 0.025 0.122 0.02 0.058 0.145 0.009 0.036 0.092
260 F 0.103 0.023 0.018 0.019 0.015 0.016 0.024 0.037 0.014 0.07 0.167 0.027 0.029 0.217 0.016 0.039 0.033 0.011 0.054 0.068
261 L 0.058 0.025 0.025 0.024 0.015 0.018 0.027 0.033 0.014 0.122 0.176 0.03 0.031 0.128 0.017 0.076 0.044 0.009 0.037 0.091
262 L 0.057 0.027 0.024 0.024 0.015 0.019 0.028 0.033 0.014 0.08 0.231 0.03 0.035 0.131 0.017 0.076 0.043 0.009 0.037 0.071
263 L 0.044 0.022 0.014 0.016 0.016 0.015 0.019 0.021 0.01 0.156 0.33 0.025 0.046 0.051 0.014 0.024 0.034 0.007 0.022 0.115
264 F 0.036 0.02 0.016 0.016 0.012 0.012 0.019 0.024 0.015 0.075 0.181 0.02 0.031 0.31 0.011 0.025 0.027 0.014 0.071 0.064
265 L 0.06 0.028 0.024 0.023 0.016 0.02 0.028 0.032 0.012 0.093 0.299 0.032 0.041 0.046 0.018 0.076 0.045 0.007 0.021 0.081
266 I 0.048 0.021 0.016 0.018 0.016 0.017 0.02 0.022 0.01 0.236 0.173 0.026 0.07 0.045 0.015 0.027 0.039 0.006 0.021 0.153
267 Y 0.04 0.028 0.021 0.018 0.009 0.021 0.028 0.025 0.046 0.043 0.067 0.031 0.018 0.129 0.015 0.031 0.028 0.028 0.328 0.046
268 Y 0.038 0.025 0.02 0.018 0.009 0.019 0.025 0.025 0.039 0.048 0.079 0.028 0.02 0.196 0.014 0.029 0.027 0.025 0.268 0.048
269 F 0.039 0.02 0.015 0.016 0.013 0.012 0.019 0.023 0.013 0.13 0.194 0.021 0.034 0.222 0.012 0.025 0.031 0.012 0.054 0.094
270 F 0.042 0.019 0.017 0.017 0.013 0.012 0.02 0.025 0.015 0.087 0.116 0.02 0.027 0.306 0.012 0.027 0.031 0.014 0.071 0.111
271 V 0.069 0.022 0.016 0.018 0.019 0.016 0.023 0.024 0.008 0.162 0.128 0.026 0.031 0.035 0.016 0.032 0.049 0.005 0.02 0.28
272 S 0.099 0.038 0.051 0.045 0.017 0.031 0.048 0.06 0.018 0.035 0.047 0.051 0.016 0.021 0.029 0.196 0.125 0.005 0.017 0.048
273 D 0.075 0.038 0.125 0.146 0.013 0.032 0.06 0.06 0.022 0.026 0.035 0.051 0.013 0.018 0.025 0.146 0.061 0.005 0.015 0.033
274 D 0.044 0.034 0.061 0.327 0.007 0.038 0.144 0.043 0.02 0.022 0.03 0.052 0.01 0.015 0.023 0.052 0.035 0.004 0.012 0.026
275 L 0.047 0.022 0.015 0.016 0.015 0.015 0.02 0.023 0.011 0.113 0.253 0.024 0.038 0.135 0.014 0.026 0.035 0.009 0.038 0.131
276 N 0.065 0.037 0.181 0.057 0.013 0.029 0.043 0.055 0.022 0.059 0.058 0.046 0.017 0.023 0.021 0.1 0.057 0.005 0.017 0.094
277 E 0.051 0.038 0.028 0.053 0.012 0.043 0.165 0.029 0.019 0.064 0.163 0.052 0.062 0.034 0.02 0.042 0.036 0.006 0.02 0.062
278 I 0.046 0.017 0.014 0.017 0.016 0.013 0.017 0.02 0.009 0.282 0.165 0.023 0.036 0.044 0.014 0.025 0.039 0.006 0.02 0.174
279 K 0.054 0.066 0.035 0.034 0.011 0.036 0.049 0.038 0.018 0.042 0.065 0.16 0.019 0.112 0.023 0.055 0.09 0.008 0.035 0.047
280 E 0.113 0.057 0.108 0.06 0.011 0.044 0.116 0.055 0.023 0.028 0.042 0.115 0.014 0.018 0.025 0.065 0.043 0.005 0.017 0.039
281 L 0.044 0.024 0.014 0.015 0.016 0.016 0.02 0.021 0.01 0.114 0.385 0.025 0.049 0.054 0.014 0.024 0.033 0.007 0.022 0.095
282 I 0.046 0.019 0.014 0.017 0.016 0.014 0.018 0.02 0.009 0.24 0.22 0.024 0.039 0.046 0.014 0.024 0.038 0.006 0.021 0.154
283 F 0.033 0.019 0.017 0.017 0.01 0.01 0.019 0.025 0.017 0.062 0.113 0.019 0.025 0.396 0.01 0.025 0.025 0.017 0.087 0.054
284 D 0.047 0.039 0.054 0.248 0.007 0.047 0.198 0.04 0.022 0.022 0.032 0.059 0.011 0.016 0.024 0.053 0.036 0.005 0.014 0.027
285 R 0.044 0.355 0.038 0.031 0.008 0.048 0.052 0.032 0.023 0.023 0.046 0.118 0.015 0.017 0.019 0.044 0.034 0.006 0.017 0.031
286 I 0.046 0.019 0.014 0.017 0.016 0.014 0.018 0.02 0.009 0.24 0.22 0.024 0.039 0.046 0.014 0.024 0.038 0.006 0.021 0.154
287 L 0.039 0.021 0.015 0.016 0.013 0.013 0.019 0.023 0.013 0.088 0.249 0.022 0.037 0.225 0.012 0.024 0.029 0.012 0.055 0.074
288 F 0.04 0.018 0.016 0.017 0.013 0.012 0.018 0.023 0.013 0.172 0.139 0.021 0.031 0.22 0.012 0.025 0.032 0.011 0.054 0.114
289 A 0.301 0.031 0.025 0.029 0.021 0.025 0.04 0.077 0.015 0.043 0.059 0.044 0.017 0.021 0.029 0.084 0.049 0.005 0.017 0.068
290 Q 0.055 0.072 0.043 0.046 0.009 0.226 0.101 0.041 0.029 0.026 0.046 0.09 0.02 0.014 0.023 0.055 0.041 0.006 0.02 0.035
291 V 0.06 0.027 0.018 0.019 0.017 0.022 0.025 0.026 0.012 0.131 0.161 0.031 0.102 0.041 0.016 0.034 0.044 0.007 0.022 0.185
292 A 0.189 0.03 0.03 0.031 0.019 0.024 0.037 0.06 0.014 0.099 0.081 0.041 0.022 0.027 0.026 0.106 0.055 0.005 0.018 0.088
293 I 0.125 0.026 0.027 0.028 0.018 0.021 0.032 0.046 0.013 0.159 0.108 0.036 0.026 0.032 0.022 0.091 0.052 0.006 0.019 0.114
294 V 0.069 0.022 0.016 0.018 0.019 0.016 0.023 0.024 0.008 0.162 0.128 0.026 0.031 0.035 0.016 0.032 0.049 0.005 0.02 0.28
295 Y 0.04 0.028 0.021 0.018 0.009 0.021 0.028 0.025 0.046 0.043 0.067 0.031 0.018 0.129 0.015 0.031 0.028 0.028 0.328 0.046
296 L 0.042 0.026 0.018 0.017 0.013 0.019 0.024 0.023 0.028 0.078 0.226 0.028 0.034 0.091 0.015 0.027 0.03 0.017 0.175 0.07
297 S 0.108 0.04 0.053 0.048 0.017 0.033 0.052 0.065 0.019 0.029 0.041 0.053 0.015 0.021 0.029 0.231 0.081 0.005 0.017 0.041
298 F 0.042 0.019 0.017 0.017 0.013 0.012 0.02 0.025 0.015 0.087 0.116 0.02 0.027 0.306 0.012 0.027 0.031 0.014 0.071 0.111
299 D 0.04 0.029 0.068 0.406 0.007 0.029 0.09 0.046 0.018 0.022 0.028 0.044 0.009 0.015 0.022 0.051 0.035 0.004 0.011 0.024
300 F 0.035 0.021 0.018 0.017 0.01 0.013 0.021 0.025 0.024 0.058 0.101 0.022 0.023 0.329 0.012 0.026 0.026 0.019 0.148 0.052
301 Y 0.04 0.028 0.021 0.018 0.009 0.021 0.028 0.025 0.046 0.043 0.067 0.031 0.018 0.129 0.015 0.031 0.028 0.028 0.328 0.046
302 N 0.058 0.043 0.19 0.062 0.011 0.034 0.05 0.058 0.111 0.024 0.035 0.051 0.013 0.022 0.022 0.103 0.051 0.005 0.026 0.029
303 D 0.065 0.034 0.116 0.138 0.013 0.028 0.053 0.05 0.019 0.059 0.057 0.044 0.017 0.022 0.022 0.096 0.053 0.005 0.016 0.093
304 E 0.055 0.05 0.04 0.09 0.007 0.064 0.296 0.035 0.026 0.022 0.037 0.076 0.013 0.017 0.026 0.055 0.037 0.006 0.017 0.031
305 G 0.066 0.026 0.031 0.028 0.014 0.019 0.029 0.157 0.015 0.056 0.142 0.033 0.025 0.122 0.018 0.083 0.042 0.009 0.034 0.054
306 G 0.06 0.033 0.183 0.058 0.01 0.026 0.037 0.291 0.022 0.02 0.029 0.043 0.01 0.017 0.019 0.06 0.039 0.005 0.013 0.025
307 F 0.045 0.025 0.036 0.119 0.011 0.019 0.042 0.035 0.016 0.05 0.079 0.032 0.02 0.207 0.018 0.048 0.086 0.011 0.051 0.051
308 I 0.046 0.019 0.014 0.017 0.016 0.014 0.018 0.02 0.009 0.24 0.22 0.024 0.039 0.046 0.014 0.024 0.038 0.006 0.021 0.154
309 G 0.069 0.023 0.032 0.029 0.012 0.018 0.024 0.393 0.012 0.042 0.117 0.031 0.019 0.025 0.017 0.044 0.03 0.006 0.013 0.042
310 F 0.037 0.018 0.016 0.017 0.012 0.011 0.018 0.024 0.015 0.117 0.126 0.02 0.028 0.308 0.011 0.025 0.029 0.014 0.071 0.084
311 G 0.135 0.035 0.039 0.05 0.014 0.035 0.106 0.174 0.018 0.028 0.041 0.051 0.014 0.019 0.026 0.105 0.049 0.005 0.015 0.041
312 S 0.108 0.04 0.053 0.048 0.017 0.033 0.052 0.065 0.019 0.029 0.041 0.053 0.015 0.021 0.029 0.231 0.081 0.005 0.017 0.041
313 L 0.05 0.023 0.015 0.016 0.017 0.016 0.021 0.022 0.009 0.126 0.321 0.025 0.044 0.049 0.015 0.026 0.037 0.007 0.022 0.141
314 G 0.079 0.039 0.043 0.04 0.012 0.074 0.051 0.285 0.019 0.023 0.036 0.052 0.014 0.017 0.022 0.097 0.045 0.005 0.015 0.031
315 G 0.068 0.028 0.111 0.045 0.01 0.022 0.031 0.404 0.018 0.02 0.029 0.038 0.01 0.016 0.019 0.055 0.034 0.005 0.012 0.025
316 F 0.043 0.019 0.016 0.017 0.014 0.012 0.019 0.023 0.013 0.157 0.134 0.021 0.03 0.219 0.013 0.026 0.033 0.011 0.054 0.127
317 F 0.033 0.019 0.017 0.017 0.01 0.01 0.019 0.025 0.017 0.062 0.113 0.019 0.025 0.396 0.01 0.025 0.025 0.017 0.087 0.054
318 N 0.047 0.036 0.178 0.054 0.011 0.026 0.039 0.049 0.023 0.04 0.06 0.042 0.017 0.114 0.019 0.063 0.095 0.008 0.034 0.044
319 K 0.056 0.106 0.041 0.041 0.008 0.053 0.07 0.043 0.02 0.027 0.043 0.289 0.015 0.015 0.027 0.053 0.039 0.005 0.017 0.032
