#Seq2Logo.py -f /work3/idamei/ssn-clusterings/clustering/2205181126/clusters/0005_206/sequences.afa -o /work3/idamei/ssn-clusterings/clustering/2205181126/clusters/0005_206/sequences.logo
#Position Specific Frequency Matrix
A R N D C Q E G H I L K M F P S T W Y V
0 L 0.051 0.032 0.02 0.02 0.016 0.028 0.028 0.028 0.016 0.099 0.194 0.036 0.173 0.047 0.016 0.036 0.04 0.008 0.024 0.091
1 T 0.091 0.038 0.049 0.043 0.018 0.03 0.046 0.055 0.016 0.041 0.053 0.05 0.018 0.022 0.029 0.158 0.166 0.006 0.018 0.056
2 V 0.063 0.022 0.016 0.017 0.018 0.016 0.022 0.024 0.009 0.152 0.192 0.026 0.036 0.04 0.016 0.031 0.045 0.006 0.021 0.228
3 H 0.047 0.063 0.04 0.034 0.008 0.039 0.053 0.036 0.156 0.029 0.047 0.133 0.016 0.049 0.021 0.043 0.031 0.012 0.11 0.032
4 I 0.044 0.018 0.015 0.017 0.015 0.013 0.018 0.021 0.01 0.233 0.186 0.023 0.036 0.089 0.014 0.025 0.037 0.007 0.029 0.149
5 S 0.086 0.055 0.048 0.044 0.015 0.036 0.053 0.054 0.018 0.035 0.047 0.11 0.016 0.02 0.028 0.152 0.115 0.005 0.017 0.046
6 K 0.055 0.137 0.041 0.04 0.008 0.052 0.067 0.041 0.021 0.027 0.043 0.267 0.015 0.016 0.026 0.052 0.039 0.005 0.017 0.032
7 K 0.052 0.199 0.04 0.037 0.008 0.051 0.063 0.039 0.021 0.026 0.044 0.225 0.015 0.016 0.024 0.049 0.037 0.005 0.017 0.032
8 R 0.066 0.132 0.042 0.037 0.012 0.038 0.05 0.102 0.018 0.032 0.047 0.124 0.016 0.019 0.024 0.082 0.097 0.005 0.016 0.041
9 I 0.116 0.022 0.018 0.02 0.018 0.017 0.024 0.036 0.01 0.192 0.129 0.029 0.03 0.036 0.019 0.041 0.044 0.006 0.02 0.174
10 I 0.054 0.048 0.028 0.041 0.012 0.036 0.104 0.03 0.016 0.138 0.098 0.103 0.024 0.029 0.021 0.04 0.04 0.005 0.018 0.116
11 L 0.051 0.024 0.016 0.016 0.135 0.018 0.021 0.025 0.011 0.093 0.257 0.026 0.072 0.044 0.015 0.031 0.035 0.006 0.02 0.084
12 F 0.033 0.019 0.017 0.017 0.01 0.01 0.019 0.025 0.017 0.062 0.113 0.019 0.025 0.396 0.01 0.025 0.025 0.017 0.087 0.054
13 L 0.045 0.021 0.014 0.016 0.016 0.015 0.019 0.021 0.009 0.198 0.275 0.024 0.043 0.049 0.014 0.024 0.036 0.006 0.021 0.134
14 L 0.044 0.024 0.014 0.015 0.016 0.016 0.02 0.021 0.01 0.114 0.385 0.025 0.049 0.054 0.014 0.024 0.033 0.007 0.022 0.095
15 L 0.051 0.027 0.021 0.02 0.016 0.019 0.025 0.026 0.011 0.098 0.305 0.03 0.042 0.046 0.017 0.041 0.089 0.007 0.021 0.089
16 I 0.049 0.025 0.017 0.019 0.016 0.02 0.023 0.024 0.012 0.19 0.18 0.029 0.105 0.046 0.015 0.03 0.039 0.007 0.022 0.133
17 P 0.058 0.023 0.021 0.027 0.13 0.018 0.031 0.035 0.012 0.03 0.043 0.036 0.012 0.015 0.38 0.042 0.036 0.003 0.013 0.037
18 V 0.063 0.021 0.016 0.018 0.018 0.015 0.022 0.023 0.008 0.192 0.138 0.025 0.032 0.037 0.016 0.03 0.046 0.006 0.02 0.253
19 F 0.033 0.019 0.017 0.017 0.01 0.01 0.019 0.025 0.017 0.062 0.113 0.019 0.025 0.396 0.01 0.025 0.025 0.017 0.087 0.054
20 L 0.054 0.044 0.023 0.023 0.133 0.027 0.033 0.031 0.014 0.071 0.171 0.092 0.063 0.034 0.018 0.038 0.037 0.006 0.019 0.069
21 P 0.056 0.025 0.023 0.031 0.01 0.02 0.036 0.036 0.013 0.025 0.036 0.041 0.01 0.013 0.501 0.043 0.036 0.003 0.013 0.031
22 I 0.046 0.019 0.014 0.017 0.016 0.014 0.018 0.02 0.009 0.24 0.22 0.024 0.039 0.046 0.014 0.024 0.038 0.006 0.021 0.154
23 C 0.08 0.031 0.036 0.033 0.134 0.025 0.037 0.047 0.023 0.036 0.054 0.039 0.016 0.048 0.022 0.133 0.056 0.01 0.094 0.046
24 L 0.055 0.024 0.016 0.017 0.017 0.019 0.023 0.024 0.011 0.149 0.213 0.028 0.072 0.044 0.015 0.03 0.041 0.006 0.022 0.173
25 D 0.04 0.029 0.068 0.406 0.007 0.029 0.09 0.046 0.018 0.022 0.028 0.044 0.009 0.015 0.022 0.051 0.035 0.004 0.011 0.024
26 Y 0.038 0.025 0.02 0.018 0.009 0.019 0.025 0.025 0.039 0.048 0.079 0.028 0.02 0.196 0.014 0.029 0.027 0.025 0.268 0.048
27 F 0.037 0.018 0.016 0.017 0.012 0.011 0.018 0.024 0.015 0.117 0.126 0.02 0.028 0.308 0.011 0.025 0.029 0.014 0.071 0.084
28 T 0.072 0.035 0.043 0.037 0.018 0.027 0.039 0.043 0.014 0.053 0.064 0.045 0.019 0.023 0.027 0.091 0.258 0.006 0.018 0.07
29 T 0.128 0.031 0.032 0.03 0.019 0.024 0.035 0.047 0.012 0.077 0.079 0.04 0.022 0.026 0.025 0.075 0.153 0.006 0.018 0.122
30 S 0.099 0.038 0.051 0.045 0.017 0.031 0.048 0.06 0.018 0.035 0.047 0.051 0.016 0.021 0.029 0.196 0.125 0.005 0.017 0.048
31 L 0.059 0.026 0.024 0.024 0.016 0.019 0.027 0.032 0.013 0.128 0.21 0.031 0.034 0.086 0.017 0.076 0.045 0.007 0.029 0.096
32 H 0.038 0.039 0.043 0.032 0.007 0.032 0.045 0.036 0.277 0.024 0.041 0.039 0.015 0.037 0.016 0.037 0.025 0.131 0.059 0.024
33 F 0.037 0.021 0.016 0.016 0.013 0.013 0.019 0.024 0.014 0.082 0.215 0.021 0.034 0.268 0.012 0.025 0.028 0.013 0.063 0.069
34 Y 0.04 0.032 0.098 0.034 0.009 0.024 0.033 0.034 0.042 0.038 0.058 0.036 0.017 0.101 0.017 0.04 0.033 0.022 0.25 0.041
35 R 0.063 0.214 0.043 0.038 0.01 0.045 0.056 0.043 0.021 0.026 0.044 0.145 0.015 0.018 0.024 0.093 0.047 0.005 0.017 0.034
36 L 0.044 0.02 0.015 0.016 0.015 0.014 0.019 0.021 0.01 0.191 0.241 0.023 0.04 0.091 0.014 0.024 0.035 0.008 0.029 0.129
37 L 0.09 0.026 0.021 0.022 0.018 0.019 0.027 0.034 0.011 0.106 0.237 0.031 0.036 0.041 0.018 0.059 0.045 0.006 0.02 0.131
38 T 0.077 0.045 0.046 0.042 0.015 0.078 0.058 0.048 0.019 0.04 0.054 0.058 0.019 0.02 0.027 0.117 0.159 0.006 0.018 0.054
39 Y 0.041 0.027 0.02 0.018 0.011 0.02 0.026 0.024 0.037 0.061 0.147 0.029 0.026 0.11 0.015 0.029 0.029 0.022 0.251 0.058
40 V 0.121 0.023 0.018 0.02 0.019 0.018 0.026 0.037 0.01 0.162 0.12 0.03 0.029 0.034 0.019 0.043 0.046 0.005 0.02 0.2
41 A 0.142 0.031 0.032 0.032 0.019 0.025 0.038 0.053 0.014 0.082 0.078 0.041 0.022 0.026 0.024 0.12 0.061 0.005 0.018 0.137
42 F 0.043 0.024 0.03 0.115 0.011 0.019 0.039 0.029 0.022 0.087 0.089 0.03 0.022 0.145 0.016 0.034 0.033 0.013 0.112 0.088
43 A 0.208 0.026 0.021 0.025 0.02 0.021 0.032 0.056 0.012 0.117 0.094 0.036 0.024 0.029 0.024 0.063 0.047 0.005 0.018 0.121
44 Y 0.047 0.026 0.02 0.018 0.012 0.02 0.026 0.024 0.037 0.073 0.083 0.029 0.022 0.105 0.016 0.031 0.033 0.022 0.251 0.104
45 L 0.048 0.02 0.015 0.017 0.016 0.015 0.019 0.021 0.009 0.204 0.243 0.024 0.04 0.046 0.015 0.025 0.038 0.006 0.021 0.158
46 L 0.082 0.021 0.016 0.018 0.135 0.015 0.021 0.031 0.01 0.129 0.209 0.026 0.034 0.039 0.017 0.036 0.037 0.006 0.018 0.102
47 L 0.053 0.019 0.015 0.016 0.135 0.014 0.018 0.024 0.009 0.165 0.19 0.023 0.034 0.039 0.015 0.029 0.038 0.006 0.019 0.138
48 R 0.055 0.209 0.039 0.034 0.009 0.042 0.05 0.156 0.02 0.023 0.041 0.14 0.014 0.016 0.021 0.048 0.034 0.005 0.015 0.029
49 L 0.039 0.021 0.015 0.016 0.013 0.013 0.019 0.023 0.013 0.088 0.249 0.022 0.037 0.225 0.012 0.024 0.029 0.012 0.055 0.074
50 V 0.058 0.02 0.015 0.017 0.017 0.015 0.02 0.022 0.008 0.222 0.147 0.024 0.034 0.039 0.015 0.029 0.044 0.006 0.02 0.227
51 F 0.044 0.047 0.1 0.039 0.011 0.028 0.039 0.038 0.019 0.077 0.115 0.096 0.023 0.119 0.018 0.043 0.037 0.008 0.035 0.062
52 L 0.067 0.036 0.109 0.045 0.015 0.027 0.04 0.048 0.018 0.054 0.13 0.044 0.024 0.029 0.023 0.104 0.105 0.006 0.018 0.058
53 K 0.053 0.16 0.041 0.04 0.008 0.095 0.073 0.04 0.023 0.026 0.044 0.196 0.017 0.016 0.024 0.051 0.038 0.005 0.018 0.032
54 K 0.054 0.133 0.041 0.04 0.008 0.074 0.071 0.041 0.022 0.027 0.043 0.243 0.016 0.015 0.026 0.052 0.039 0.005 0.017 0.032
55 A 0.175 0.13 0.032 0.032 0.015 0.038 0.05 0.057 0.018 0.034 0.051 0.124 0.016 0.019 0.026 0.066 0.043 0.005 0.017 0.05
56 P 0.051 0.023 0.019 0.023 0.013 0.017 0.027 0.028 0.011 0.112 0.155 0.032 0.026 0.031 0.258 0.034 0.036 0.004 0.017 0.082
57 S 0.09 0.034 0.044 0.04 0.016 0.027 0.043 0.055 0.018 0.038 0.059 0.045 0.018 0.114 0.025 0.18 0.067 0.008 0.035 0.045
58 L 0.077 0.022 0.016 0.018 0.017 0.016 0.021 0.028 0.01 0.189 0.234 0.026 0.039 0.045 0.016 0.032 0.038 0.006 0.021 0.131
59 V 0.06 0.034 0.023 0.024 0.016 0.068 0.041 0.027 0.014 0.137 0.145 0.041 0.031 0.033 0.017 0.036 0.043 0.006 0.021 0.182
60 T 0.072 0.035 0.043 0.037 0.018 0.027 0.039 0.043 0.014 0.053 0.064 0.045 0.019 0.023 0.027 0.091 0.258 0.006 0.018 0.07
61 L 0.082 0.029 0.094 0.034 0.016 0.022 0.03 0.04 0.015 0.094 0.191 0.035 0.031 0.036 0.018 0.045 0.043 0.006 0.019 0.121
62 L 0.043 0.021 0.015 0.016 0.015 0.014 0.019 0.021 0.01 0.17 0.268 0.024 0.041 0.093 0.014 0.024 0.034 0.008 0.03 0.119
63 A 0.189 0.03 0.03 0.031 0.019 0.024 0.037 0.06 0.014 0.099 0.081 0.041 0.022 0.027 0.026 0.106 0.055 0.005 0.018 0.088
64 I 0.11 0.022 0.017 0.02 0.017 0.016 0.023 0.035 0.01 0.201 0.166 0.029 0.033 0.039 0.018 0.039 0.041 0.006 0.02 0.138
65 C 0.087 0.022 0.022 0.022 0.134 0.016 0.024 0.037 0.013 0.106 0.098 0.028 0.023 0.12 0.018 0.062 0.041 0.008 0.034 0.085
66 L 0.05 0.03 0.018 0.019 0.016 0.025 0.026 0.026 0.014 0.103 0.242 0.033 0.142 0.049 0.015 0.033 0.038 0.008 0.023 0.092
67 Q 0.051 0.055 0.037 0.05 0.008 0.134 0.134 0.035 0.032 0.029 0.049 0.071 0.018 0.044 0.022 0.049 0.036 0.011 0.096 0.037
68 A 0.197 0.031 0.036 0.035 0.018 0.025 0.039 0.184 0.015 0.033 0.047 0.044 0.015 0.02 0.027 0.112 0.052 0.005 0.016 0.05
69 W 0.034 0.021 0.015 0.016 0.01 0.015 0.021 0.027 0.013 0.093 0.081 0.023 0.02 0.056 0.009 0.023 0.027 0.376 0.055 0.066
70 I 0.053 0.022 0.022 0.022 0.016 0.017 0.023 0.026 0.01 0.224 0.14 0.029 0.032 0.038 0.018 0.041 0.094 0.006 0.02 0.148
71 L 0.043 0.023 0.014 0.015 0.015 0.015 0.02 0.021 0.011 0.107 0.351 0.024 0.046 0.097 0.014 0.024 0.032 0.008 0.03 0.09
72 L 0.042 0.021 0.015 0.016 0.015 0.014 0.019 0.022 0.011 0.143 0.262 0.023 0.04 0.137 0.013 0.024 0.033 0.009 0.038 0.104
73 A 0.18 0.036 0.043 0.041 0.019 0.03 0.047 0.07 0.017 0.034 0.048 0.05 0.016 0.021 0.029 0.176 0.069 0.005 0.017 0.051
74 T 0.072 0.035 0.043 0.037 0.018 0.027 0.039 0.043 0.014 0.053 0.064 0.045 0.019 0.023 0.027 0.091 0.258 0.006 0.018 0.07
75 A 0.173 0.024 0.02 0.023 0.019 0.019 0.029 0.049 0.012 0.162 0.112 0.034 0.027 0.032 0.022 0.054 0.044 0.006 0.019 0.121
76 I 0.045 0.061 0.017 0.018 0.015 0.018 0.022 0.022 0.011 0.207 0.205 0.036 0.037 0.043 0.015 0.027 0.037 0.006 0.02 0.136
77 G 0.076 0.028 0.038 0.033 0.012 0.023 0.032 0.281 0.023 0.027 0.041 0.038 0.013 0.045 0.02 0.091 0.042 0.011 0.092 0.034
78 H 0.05 0.039 0.118 0.048 0.009 0.032 0.045 0.164 0.193 0.021 0.034 0.044 0.013 0.023 0.019 0.05 0.033 0.006 0.035 0.024
79 G 0.077 0.023 0.039 0.033 0.011 0.019 0.025 0.517 0.013 0.019 0.028 0.033 0.009 0.016 0.019 0.051 0.029 0.005 0.011 0.024
80 D 0.042 0.031 0.108 0.13 0.01 0.025 0.047 0.039 0.026 0.05 0.128 0.038 0.022 0.054 0.018 0.044 0.036 0.011 0.094 0.048
81 L 0.053 0.027 0.023 0.022 0.016 0.021 0.026 0.028 0.012 0.137 0.202 0.032 0.069 0.042 0.018 0.044 0.092 0.007 0.021 0.107
82 D 0.057 0.032 0.064 0.317 0.01 0.03 0.08 0.051 0.019 0.024 0.031 0.046 0.011 0.016 0.024 0.096 0.046 0.004 0.013 0.028
83 G 0.061 0.038 0.112 0.06 0.011 0.036 0.105 0.165 0.021 0.029 0.04 0.051 0.013 0.018 0.023 0.066 0.093 0.005 0.015 0.038
84 A 0.301 0.031 0.025 0.029 0.021 0.025 0.04 0.077 0.015 0.043 0.059 0.044 0.017 0.021 0.029 0.084 0.049 0.005 0.017 0.068
85 L 0.052 0.025 0.021 0.021 0.016 0.018 0.024 0.026 0.011 0.14 0.25 0.029 0.038 0.044 0.017 0.041 0.091 0.006 0.02 0.108
86 L 0.058 0.029 0.026 0.024 0.014 0.023 0.03 0.036 0.015 0.068 0.168 0.034 0.063 0.045 0.017 0.078 0.044 0.13 0.033 0.064
87 L 0.075 0.052 0.039 0.037 0.015 0.033 0.047 0.046 0.016 0.053 0.13 0.104 0.024 0.028 0.025 0.117 0.081 0.006 0.018 0.056
88 L 0.047 0.022 0.015 0.016 0.015 0.015 0.02 0.023 0.011 0.113 0.253 0.024 0.038 0.135 0.014 0.026 0.035 0.009 0.038 0.131
89 L 0.044 0.022 0.014 0.016 0.016 0.015 0.019 0.021 0.01 0.156 0.33 0.025 0.046 0.051 0.014 0.024 0.034 0.007 0.022 0.115
90 R 0.06 0.276 0.042 0.035 0.01 0.044 0.052 0.041 0.022 0.025 0.045 0.102 0.015 0.018 0.022 0.091 0.046 0.006 0.017 0.033
91 L 0.045 0.02 0.014 0.017 0.016 0.014 0.018 0.021 0.009 0.219 0.248 0.024 0.041 0.047 0.014 0.024 0.037 0.006 0.021 0.144
92 V 0.071 0.03 0.031 0.029 0.017 0.024 0.032 0.097 0.013 0.084 0.105 0.037 0.059 0.031 0.021 0.075 0.1 0.006 0.019 0.118
93 Y 0.043 0.023 0.018 0.018 0.013 0.017 0.023 0.022 0.027 0.162 0.116 0.027 0.027 0.086 0.015 0.028 0.033 0.017 0.174 0.11
94 V 0.089 0.023 0.019 0.022 0.016 0.018 0.027 0.033 0.01 0.143 0.106 0.031 0.025 0.03 0.139 0.04 0.043 0.005 0.018 0.165
95 C 0.115 0.02 0.018 0.02 0.254 0.015 0.023 0.042 0.012 0.048 0.075 0.026 0.019 0.114 0.018 0.047 0.037 0.008 0.032 0.059
96 L 0.049 0.026 0.016 0.017 0.016 0.019 0.022 0.023 0.011 0.116 0.305 0.028 0.078 0.05 0.015 0.028 0.037 0.007 0.022 0.117
97 L 0.051 0.022 0.015 0.016 0.017 0.015 0.02 0.022 0.009 0.168 0.266 0.025 0.041 0.047 0.015 0.026 0.038 0.006 0.021 0.161
98 F 0.042 0.019 0.017 0.017 0.013 0.012 0.02 0.025 0.015 0.087 0.116 0.02 0.027 0.306 0.012 0.027 0.031 0.014 0.071 0.111
99 D 0.04 0.029 0.068 0.406 0.007 0.029 0.09 0.046 0.018 0.022 0.028 0.044 0.009 0.015 0.022 0.051 0.035 0.004 0.011 0.024
100 L 0.048 0.02 0.015 0.017 0.015 0.014 0.02 0.023 0.011 0.155 0.198 0.023 0.035 0.132 0.014 0.027 0.036 0.009 0.038 0.151
101 S 0.11 0.04 0.054 0.049 0.018 0.033 0.052 0.066 0.019 0.03 0.042 0.054 0.016 0.021 0.03 0.22 0.082 0.005 0.018 0.042
102 V 0.07 0.022 0.016 0.018 0.019 0.016 0.023 0.025 0.008 0.165 0.13 0.026 0.032 0.036 0.016 0.033 0.049 0.006 0.021 0.269
103 Y 0.044 0.047 0.026 0.024 0.009 0.029 0.038 0.029 0.04 0.039 0.061 0.095 0.018 0.1 0.018 0.036 0.03 0.022 0.25 0.043
104 R 0.047 0.278 0.039 0.045 0.008 0.052 0.115 0.033 0.024 0.023 0.043 0.107 0.015 0.017 0.021 0.047 0.035 0.006 0.017 0.031
105 D 0.044 0.038 0.126 0.246 0.008 0.039 0.134 0.048 0.023 0.022 0.031 0.054 0.011 0.016 0.022 0.056 0.039 0.004 0.013 0.026
106 D 0.057 0.062 0.051 0.134 0.009 0.086 0.078 0.045 0.065 0.025 0.039 0.118 0.015 0.017 0.024 0.074 0.042 0.005 0.021 0.031
107 L 0.048 0.02 0.015 0.017 0.015 0.014 0.02 0.023 0.011 0.155 0.198 0.023 0.035 0.132 0.014 0.027 0.036 0.009 0.038 0.151
108 E 0.06 0.055 0.038 0.048 0.011 0.042 0.112 0.039 0.027 0.033 0.05 0.111 0.016 0.046 0.024 0.075 0.068 0.011 0.095 0.041
109 L 0.058 0.029 0.028 0.026 0.017 0.022 0.029 0.032 0.012 0.083 0.224 0.035 0.034 0.039 0.021 0.058 0.145 0.006 0.02 0.082
110 L 0.044 0.024 0.014 0.015 0.016 0.016 0.02 0.021 0.01 0.114 0.385 0.025 0.049 0.054 0.014 0.024 0.033 0.007 0.022 0.095
111 L 0.051 0.021 0.015 0.017 0.017 0.015 0.02 0.022 0.009 0.189 0.238 0.024 0.04 0.045 0.015 0.026 0.039 0.006 0.021 0.171
112 R 0.047 0.292 0.039 0.033 0.008 0.049 0.056 0.035 0.022 0.024 0.045 0.161 0.015 0.017 0.021 0.046 0.036 0.006 0.017 0.031
113 V 0.059 0.04 0.101 0.041 0.014 0.073 0.049 0.038 0.019 0.093 0.084 0.049 0.023 0.026 0.019 0.047 0.047 0.005 0.019 0.155
114 L 0.046 0.026 0.015 0.016 0.016 0.019 0.022 0.023 0.011 0.11 0.337 0.028 0.08 0.052 0.014 0.027 0.035 0.007 0.022 0.094
115 L 0.05 0.028 0.018 0.019 0.016 0.024 0.025 0.026 0.014 0.145 0.187 0.032 0.139 0.047 0.016 0.033 0.04 0.007 0.023 0.112
116 L 0.045 0.022 0.014 0.016 0.016 0.015 0.019 0.021 0.009 0.177 0.302 0.024 0.044 0.05 0.014 0.024 0.035 0.007 0.021 0.125
117 H 0.041 0.045 0.053 0.038 0.007 0.038 0.053 0.038 0.365 0.023 0.038 0.045 0.015 0.03 0.019 0.041 0.026 0.007 0.056 0.023
118 C 0.076 0.027 0.03 0.028 0.195 0.021 0.03 0.042 0.013 0.056 0.136 0.034 0.024 0.029 0.02 0.108 0.052 0.005 0.016 0.06
119 E 0.054 0.049 0.04 0.089 0.007 0.064 0.307 0.034 0.025 0.022 0.036 0.074 0.013 0.016 0.025 0.054 0.036 0.005 0.016 0.031
120 L 0.045 0.022 0.014 0.016 0.016 0.015 0.019 0.021 0.009 0.177 0.302 0.024 0.044 0.05 0.014 0.024 0.035 0.007 0.021 0.125
121 C 0.064 0.016 0.016 0.016 0.491 0.012 0.016 0.032 0.008 0.044 0.064 0.02 0.016 0.02 0.016 0.04 0.036 0.004 0.012 0.056
122 V 0.064 0.024 0.022 0.022 0.018 0.018 0.026 0.028 0.01 0.165 0.122 0.03 0.029 0.034 0.019 0.045 0.099 0.006 0.02 0.201
123 Y 0.04 0.028 0.021 0.018 0.009 0.021 0.028 0.025 0.046 0.043 0.067 0.031 0.018 0.129 0.015 0.031 0.028 0.028 0.328 0.046
124 I 0.06 0.02 0.021 0.021 0.015 0.015 0.021 0.146 0.01 0.186 0.122 0.026 0.028 0.035 0.016 0.033 0.039 0.006 0.018 0.163
125 N 0.042 0.044 0.327 0.082 0.009 0.033 0.049 0.064 0.031 0.022 0.031 0.053 0.011 0.018 0.02 0.069 0.049 0.004 0.015 0.027
126 L 0.105 0.024 0.017 0.019 0.016 0.017 0.025 0.036 0.013 0.083 0.235 0.028 0.035 0.131 0.017 0.039 0.035 0.009 0.037 0.078
127 L 0.041 0.023 0.015 0.015 0.015 0.015 0.02 0.022 0.012 0.101 0.317 0.023 0.043 0.139 0.013 0.024 0.031 0.009 0.038 0.085
128 T 0.081 0.036 0.045 0.04 0.017 0.029 0.042 0.048 0.015 0.047 0.058 0.047 0.018 0.023 0.028 0.126 0.213 0.006 0.017 0.063
129 L 0.057 0.022 0.015 0.017 0.017 0.016 0.021 0.023 0.009 0.159 0.229 0.025 0.038 0.043 0.015 0.028 0.042 0.006 0.021 0.197
130 L 0.044 0.024 0.014 0.015 0.016 0.016 0.02 0.021 0.01 0.114 0.385 0.025 0.049 0.054 0.014 0.024 0.033 0.007 0.022 0.095
131 I 0.049 0.019 0.015 0.017 0.015 0.013 0.019 0.022 0.011 0.197 0.143 0.023 0.032 0.13 0.014 0.027 0.038 0.008 0.037 0.171
132 A 0.239 0.049 0.029 0.032 0.018 0.032 0.047 0.068 0.016 0.039 0.055 0.105 0.017 0.02 0.029 0.076 0.047 0.005 0.017 0.059
133 P 0.056 0.025 0.023 0.031 0.01 0.02 0.036 0.036 0.013 0.025 0.036 0.041 0.01 0.013 0.501 0.043 0.036 0.003 0.013 0.031
134 N 0.044 0.045 0.291 0.083 0.009 0.037 0.081 0.061 0.03 0.022 0.032 0.056 0.011 0.018 0.021 0.067 0.047 0.005 0.016 0.027
135 G 0.077 0.023 0.039 0.033 0.011 0.019 0.025 0.517 0.013 0.019 0.028 0.033 0.009 0.016 0.019 0.051 0.029 0.005 0.011 0.024
136 L 0.039 0.021 0.015 0.016 0.013 0.013 0.019 0.023 0.013 0.088 0.249 0.022 0.037 0.225 0.012 0.024 0.029 0.012 0.055 0.074
137 Y 0.039 0.024 0.018 0.017 0.011 0.017 0.023 0.024 0.03 0.066 0.158 0.026 0.028 0.177 0.014 0.028 0.028 0.02 0.191 0.06
138 S 0.108 0.04 0.053 0.048 0.017 0.033 0.052 0.065 0.019 0.029 0.041 0.053 0.015 0.021 0.029 0.231 0.081 0.005 0.017 0.041
139 R 0.044 0.355 0.038 0.031 0.008 0.048 0.052 0.032 0.023 0.023 0.046 0.118 0.015 0.017 0.019 0.044 0.034 0.006 0.017 0.031
140 S 0.108 0.04 0.053 0.048 0.017 0.033 0.052 0.065 0.019 0.029 0.041 0.053 0.015 0.021 0.029 0.231 0.081 0.005 0.017 0.041
141 V 0.054 0.026 0.093 0.034 0.015 0.019 0.027 0.033 0.014 0.172 0.118 0.032 0.028 0.034 0.017 0.039 0.045 0.005 0.019 0.177
142 S 0.093 0.034 0.044 0.04 0.017 0.028 0.043 0.054 0.016 0.092 0.072 0.046 0.021 0.026 0.026 0.18 0.07 0.005 0.018 0.074
143 A 0.245 0.029 0.029 0.03 0.019 0.024 0.036 0.187 0.014 0.037 0.051 0.041 0.015 0.02 0.027 0.075 0.044 0.005 0.016 0.057
144 Y 0.04 0.028 0.021 0.018 0.009 0.021 0.028 0.025 0.046 0.043 0.067 0.031 0.018 0.129 0.015 0.031 0.028 0.028 0.328 0.046
145 G 0.133 0.025 0.035 0.032 0.013 0.02 0.029 0.407 0.014 0.025 0.036 0.036 0.011 0.017 0.021 0.059 0.034 0.005 0.012 0.035
146 V 0.09 0.046 0.024 0.025 0.016 0.029 0.038 0.036 0.014 0.098 0.115 0.096 0.061 0.032 0.021 0.045 0.044 0.006 0.02 0.144
147 T 0.09 0.037 0.048 0.043 0.017 0.03 0.045 0.054 0.016 0.041 0.053 0.049 0.017 0.022 0.028 0.161 0.169 0.005 0.017 0.056
148 Q 0.055 0.069 0.043 0.052 0.008 0.206 0.127 0.04 0.029 0.026 0.045 0.088 0.019 0.015 0.023 0.055 0.04 0.006 0.02 0.034
149 E 0.054 0.049 0.04 0.089 0.007 0.064 0.307 0.034 0.025 0.022 0.036 0.074 0.013 0.016 0.025 0.054 0.036 0.005 0.016 0.031
150 W 0.03 0.022 0.015 0.015 0.007 0.015 0.022 0.03 0.015 0.03 0.052 0.022 0.015 0.06 0.007 0.022 0.022 0.5 0.067 0.03
151 F 0.035 0.019 0.016 0.016 0.011 0.011 0.019 0.025 0.016 0.069 0.147 0.019 0.028 0.353 0.011 0.025 0.026 0.015 0.079 0.059
152 L 0.044 0.024 0.014 0.015 0.016 0.016 0.02 0.021 0.01 0.114 0.385 0.025 0.049 0.054 0.014 0.024 0.033 0.007 0.022 0.095
153 G 0.077 0.023 0.039 0.033 0.011 0.019 0.025 0.517 0.013 0.019 0.028 0.033 0.009 0.016 0.019 0.051 0.029 0.005 0.011 0.024
154 V 0.137 0.028 0.028 0.028 0.019 0.023 0.034 0.048 0.012 0.099 0.089 0.037 0.024 0.028 0.023 0.095 0.057 0.005 0.019 0.167
155 D 0.04 0.029 0.068 0.406 0.007 0.029 0.09 0.046 0.018 0.022 0.028 0.044 0.009 0.015 0.022 0.051 0.035 0.004 0.011 0.024
156 N 0.107 0.041 0.183 0.058 0.012 0.032 0.047 0.061 0.11 0.027 0.04 0.049 0.014 0.022 0.022 0.066 0.043 0.005 0.026 0.036
157 Y 0.04 0.028 0.021 0.018 0.009 0.021 0.028 0.025 0.046 0.043 0.067 0.031 0.018 0.129 0.015 0.031 0.028 0.028 0.328 0.046
158 F 0.033 0.019 0.017 0.017 0.01 0.01 0.019 0.025 0.017 0.062 0.113 0.019 0.025 0.396 0.01 0.025 0.025 0.017 0.087 0.054
159 V 0.058 0.02 0.015 0.017 0.017 0.015 0.02 0.022 0.008 0.222 0.147 0.024 0.034 0.039 0.015 0.029 0.044 0.006 0.02 0.227
160 Q 0.052 0.048 0.03 0.033 0.012 0.123 0.062 0.032 0.021 0.108 0.113 0.06 0.062 0.03 0.019 0.043 0.04 0.006 0.021 0.084
161 W 0.03 0.022 0.015 0.015 0.007 0.015 0.022 0.03 0.015 0.03 0.052 0.022 0.015 0.06 0.007 0.022 0.022 0.5 0.067 0.03
162 L 0.109 0.024 0.017 0.019 0.017 0.018 0.024 0.035 0.011 0.138 0.248 0.029 0.038 0.043 0.018 0.039 0.039 0.006 0.02 0.108
163 F 0.045 0.021 0.016 0.016 0.014 0.013 0.02 0.024 0.013 0.1 0.185 0.022 0.033 0.22 0.013 0.027 0.033 0.011 0.054 0.121
164 P 0.056 0.025 0.023 0.031 0.01 0.02 0.036 0.036 0.013 0.025 0.036 0.041 0.01 0.013 0.501 0.043 0.036 0.003 0.013 0.031
165 A 0.301 0.031 0.025 0.029 0.021 0.025 0.04 0.077 0.015 0.043 0.059 0.044 0.017 0.021 0.029 0.084 0.049 0.005 0.017 0.068
166 L 0.041 0.023 0.015 0.015 0.015 0.015 0.02 0.022 0.012 0.101 0.317 0.023 0.043 0.139 0.013 0.024 0.031 0.009 0.038 0.085
167 V 0.057 0.021 0.015 0.017 0.017 0.015 0.021 0.022 0.009 0.18 0.202 0.025 0.037 0.042 0.015 0.028 0.042 0.006 0.021 0.207
168 I 0.052 0.018 0.015 0.017 0.017 0.014 0.019 0.021 0.009 0.252 0.156 0.024 0.035 0.041 0.015 0.027 0.042 0.006 0.02 0.2
169 A 0.253 0.033 0.032 0.034 0.02 0.027 0.043 0.074 0.016 0.039 0.054 0.046 0.017 0.021 0.029 0.121 0.057 0.005 0.017 0.061
170 W 0.03 0.022 0.015 0.015 0.007 0.015 0.022 0.03 0.015 0.03 0.052 0.022 0.015 0.06 0.007 0.022 0.022 0.5 0.067 0.03
171 A 0.176 0.025 0.02 0.023 0.019 0.02 0.029 0.049 0.012 0.147 0.107 0.034 0.026 0.031 0.022 0.055 0.045 0.006 0.019 0.134
172 Y 0.038 0.025 0.02 0.018 0.009 0.019 0.025 0.025 0.039 0.048 0.079 0.028 0.02 0.196 0.014 0.029 0.027 0.025 0.268 0.048
173 A 0.111 0.049 0.102 0.042 0.014 0.031 0.044 0.051 0.019 0.093 0.074 0.102 0.02 0.024 0.023 0.057 0.044 0.005 0.018 0.075
174 A 0.117 0.036 0.032 0.043 0.014 0.034 0.103 0.045 0.025 0.04 0.057 0.048 0.017 0.047 0.024 0.065 0.093 0.011 0.095 0.054
175 Y 0.043 0.024 0.018 0.017 0.013 0.018 0.023 0.023 0.028 0.12 0.171 0.027 0.03 0.089 0.015 0.028 0.032 0.017 0.175 0.09
176 F 0.053 0.027 0.03 0.027 0.014 0.019 0.029 0.034 0.015 0.057 0.088 0.032 0.022 0.21 0.019 0.058 0.141 0.011 0.053 0.062
177 G 0.058 0.131 0.041 0.035 0.01 0.038 0.048 0.158 0.061 0.027 0.042 0.121 0.014 0.019 0.022 0.053 0.061 0.006 0.02 0.033
178 R 0.072 0.129 0.045 0.053 0.011 0.047 0.118 0.047 0.022 0.026 0.041 0.104 0.015 0.018 0.026 0.118 0.053 0.005 0.017 0.035
179 K 0.056 0.094 0.041 0.048 0.008 0.076 0.103 0.041 0.022 0.026 0.042 0.237 0.016 0.015 0.026 0.053 0.039 0.005 0.017 0.032
180 R 0.058 0.115 0.073 0.038 0.012 0.032 0.042 0.041 0.027 0.036 0.053 0.062 0.017 0.047 0.022 0.079 0.096 0.011 0.095 0.045
181 R 0.047 0.292 0.039 0.033 0.008 0.049 0.056 0.035 0.022 0.024 0.045 0.161 0.015 0.017 0.021 0.046 0.036 0.006 0.017 0.031
182 G 0.13 0.023 0.03 0.028 0.133 0.019 0.027 0.286 0.012 0.031 0.045 0.033 0.013 0.018 0.021 0.056 0.036 0.005 0.013 0.043
183 Y 0.042 0.024 0.019 0.018 0.012 0.019 0.024 0.024 0.029 0.112 0.113 0.028 0.043 0.131 0.015 0.029 0.032 0.018 0.183 0.085
184 V 0.088 0.024 0.018 0.02 0.018 0.019 0.025 0.031 0.011 0.161 0.145 0.03 0.066 0.039 0.017 0.038 0.044 0.006 0.021 0.18
185 L 0.044 0.022 0.014 0.016 0.016 0.015 0.019 0.021 0.01 0.156 0.33 0.025 0.046 0.051 0.014 0.024 0.034 0.007 0.022 0.115
186 S 0.088 0.033 0.041 0.037 0.136 0.026 0.04 0.051 0.015 0.039 0.053 0.043 0.017 0.021 0.025 0.149 0.114 0.005 0.016 0.052
187 L 0.109 0.022 0.017 0.02 0.017 0.017 0.024 0.035 0.01 0.18 0.194 0.029 0.035 0.041 0.018 0.039 0.04 0.006 0.02 0.128
188 A 0.182 0.026 0.021 0.023 0.02 0.02 0.031 0.05 0.011 0.117 0.098 0.034 0.025 0.029 0.023 0.057 0.048 0.005 0.019 0.161
189 V 0.128 0.029 0.028 0.028 0.019 0.023 0.033 0.044 0.012 0.091 0.087 0.037 0.023 0.027 0.024 0.067 0.127 0.006 0.018 0.148
190 V 0.057 0.021 0.015 0.017 0.017 0.015 0.021 0.022 0.009 0.18 0.202 0.025 0.037 0.042 0.015 0.028 0.042 0.006 0.021 0.207
191 L 0.115 0.023 0.017 0.02 0.018 0.018 0.025 0.036 0.01 0.15 0.184 0.029 0.033 0.038 0.018 0.041 0.042 0.006 0.02 0.154
192 T 0.066 0.031 0.036 0.032 0.017 0.024 0.033 0.037 0.012 0.11 0.089 0.039 0.024 0.028 0.024 0.075 0.203 0.006 0.018 0.096
193 E 0.055 0.055 0.041 0.078 0.008 0.104 0.256 0.036 0.026 0.023 0.039 0.078 0.015 0.016 0.025 0.055 0.037 0.006 0.017 0.032
194 F 0.037 0.018 0.016 0.017 0.012 0.011 0.018 0.024 0.015 0.117 0.126 0.02 0.028 0.308 0.011 0.025 0.029 0.014 0.071 0.084
195 I 0.053 0.022 0.016 0.018 0.017 0.018 0.021 0.023 0.01 0.206 0.163 0.027 0.069 0.042 0.015 0.029 0.042 0.006 0.021 0.18
196 R 0.043 0.2 0.045 0.034 0.008 0.043 0.052 0.035 0.194 0.023 0.042 0.082 0.015 0.024 0.019 0.043 0.03 0.007 0.037 0.027
197 G 0.077 0.023 0.039 0.033 0.011 0.019 0.025 0.517 0.013 0.019 0.028 0.033 0.009 0.016 0.019 0.051 0.029 0.005 0.011 0.024
198 S 0.108 0.04 0.053 0.048 0.017 0.033 0.052 0.065 0.019 0.029 0.041 0.053 0.015 0.021 0.029 0.231 0.081 0.005 0.017 0.041
199 A 0.245 0.029 0.029 0.03 0.019 0.024 0.036 0.187 0.014 0.037 0.051 0.041 0.015 0.02 0.027 0.075 0.044 0.005 0.016 0.057
200 T 0.072 0.035 0.043 0.037 0.018 0.027 0.039 0.043 0.014 0.053 0.064 0.045 0.019 0.023 0.027 0.091 0.258 0.006 0.018 0.07
201 G 0.077 0.023 0.039 0.033 0.011 0.019 0.025 0.517 0.013 0.019 0.028 0.033 0.009 0.016 0.019 0.051 0.029 0.005 0.011 0.024
202 I 0.046 0.017 0.014 0.017 0.016 0.013 0.017 0.02 0.009 0.282 0.165 0.023 0.036 0.044 0.014 0.025 0.039 0.006 0.02 0.174
203 V 0.063 0.021 0.016 0.018 0.018 0.015 0.022 0.023 0.008 0.192 0.138 0.025 0.032 0.037 0.016 0.03 0.046 0.006 0.02 0.253
204 G 0.075 0.022 0.033 0.029 0.013 0.018 0.025 0.394 0.012 0.055 0.053 0.031 0.015 0.021 0.018 0.046 0.034 0.005 0.013 0.088
205 V 0.057 0.021 0.015 0.017 0.017 0.015 0.021 0.022 0.009 0.18 0.202 0.025 0.037 0.042 0.015 0.028 0.042 0.006 0.021 0.207
206 V 0.075 0.03 0.03 0.028 0.018 0.025 0.033 0.038 0.013 0.099 0.115 0.037 0.061 0.033 0.021 0.09 0.081 0.006 0.02 0.147
207 L 0.044 0.022 0.014 0.016 0.016 0.015 0.019 0.021 0.01 0.156 0.33 0.025 0.046 0.051 0.014 0.024 0.034 0.007 0.022 0.115
208 F 0.033 0.019 0.017 0.017 0.01 0.01 0.019 0.025 0.017 0.062 0.113 0.019 0.025 0.396 0.01 0.025 0.025 0.017 0.087 0.054
209 F 0.063 0.029 0.032 0.029 0.015 0.021 0.032 0.039 0.016 0.058 0.117 0.035 0.024 0.166 0.02 0.093 0.098 0.01 0.044 0.06
210 I 0.078 0.021 0.016 0.018 0.017 0.015 0.021 0.028 0.01 0.21 0.207 0.026 0.037 0.043 0.016 0.032 0.039 0.006 0.02 0.141
211 L 0.047 0.023 0.015 0.016 0.015 0.016 0.021 0.024 0.011 0.105 0.238 0.024 0.036 0.051 0.013 0.026 0.034 0.13 0.033 0.125
212 L 0.048 0.028 0.017 0.017 0.016 0.022 0.024 0.024 0.013 0.106 0.289 0.03 0.111 0.051 0.015 0.03 0.036 0.007 0.023 0.093
213 I 0.055 0.02 0.015 0.017 0.017 0.015 0.02 0.022 0.009 0.216 0.179 0.024 0.036 0.042 0.015 0.027 0.042 0.006 0.021 0.204
214 I 0.052 0.018 0.015 0.017 0.017 0.014 0.019 0.021 0.009 0.252 0.156 0.024 0.035 0.041 0.015 0.027 0.042 0.006 0.02 0.2
215 P 0.056 0.025 0.023 0.031 0.01 0.02 0.036 0.036 0.013 0.025 0.036 0.041 0.01 0.013 0.501 0.043 0.036 0.003 0.013 0.031
216 W 0.047 0.056 0.028 0.035 0.01 0.035 0.074 0.033 0.017 0.091 0.075 0.129 0.02 0.034 0.019 0.038 0.035 0.129 0.03 0.067
217 I 0.087 0.021 0.016 0.019 0.018 0.016 0.022 0.029 0.009 0.207 0.138 0.027 0.032 0.038 0.017 0.035 0.044 0.006 0.02 0.2
218 K 0.057 0.126 0.04 0.039 0.009 0.048 0.062 0.101 0.02 0.026 0.041 0.236 0.015 0.016 0.025 0.051 0.037 0.005 0.016 0.031
219 K 0.049 0.068 0.033 0.031 0.01 0.038 0.05 0.034 0.064 0.05 0.131 0.16 0.024 0.041 0.021 0.041 0.035 0.009 0.062 0.048
220 F 0.045 0.019 0.016 0.017 0.014 0.013 0.019 0.024 0.013 0.142 0.13 0.022 0.029 0.218 0.013 0.027 0.034 0.011 0.054 0.141
221 F 0.04 0.023 0.017 0.017 0.013 0.016 0.021 0.025 0.015 0.084 0.201 0.024 0.068 0.223 0.013 0.027 0.031 0.012 0.055 0.074
222 T 0.072 0.035 0.043 0.037 0.018 0.027 0.039 0.043 0.014 0.053 0.064 0.045 0.019 0.023 0.027 0.091 0.258 0.006 0.018 0.07
223 P 0.056 0.025 0.023 0.031 0.01 0.02 0.036 0.036 0.013 0.025 0.036 0.041 0.01 0.013 0.501 0.043 0.036 0.003 0.013 0.031
224 I 0.045 0.02 0.016 0.018 0.014 0.015 0.02 0.021 0.018 0.222 0.141 0.025 0.032 0.065 0.015 0.026 0.036 0.011 0.097 0.142
225 R 0.047 0.292 0.039 0.033 0.008 0.049 0.056 0.035 0.022 0.024 0.045 0.161 0.015 0.017 0.021 0.046 0.036 0.006 0.017 0.031
226 S 0.108 0.04 0.053 0.048 0.017 0.033 0.052 0.065 0.019 0.029 0.041 0.053 0.015 0.021 0.029 0.231 0.081 0.005 0.017 0.041
227 V 0.059 0.023 0.017 0.018 0.017 0.018 0.023 0.024 0.01 0.176 0.154 0.028 0.068 0.04 0.016 0.031 0.044 0.006 0.021 0.206
228 L 0.085 0.024 0.016 0.018 0.018 0.017 0.024 0.029 0.01 0.123 0.248 0.028 0.038 0.043 0.017 0.035 0.041 0.006 0.021 0.161
229 I 0.046 0.017 0.014 0.017 0.016 0.013 0.017 0.02 0.009 0.282 0.165 0.023 0.036 0.044 0.014 0.025 0.039 0.006 0.02 0.174
230 G 0.173 0.032 0.039 0.037 0.017 0.026 0.041 0.183 0.016 0.032 0.044 0.045 0.015 0.02 0.027 0.131 0.056 0.005 0.016 0.047
231 V 0.083 0.028 0.03 0.029 0.077 0.022 0.033 0.041 0.012 0.098 0.088 0.035 0.023 0.028 0.021 0.108 0.059 0.005 0.018 0.162
232 I 0.054 0.02 0.019 0.021 0.016 0.016 0.022 0.026 0.01 0.25 0.15 0.027 0.034 0.041 0.016 0.05 0.044 0.006 0.02 0.157
233 L 0.118 0.024 0.018 0.02 0.018 0.018 0.026 0.036 0.01 0.135 0.18 0.03 0.033 0.037 0.019 0.042 0.044 0.006 0.02 0.167
234 W 0.034 0.022 0.015 0.015 0.01 0.014 0.021 0.026 0.014 0.059 0.15 0.022 0.026 0.142 0.01 0.023 0.026 0.256 0.061 0.052
235 L 0.044 0.024 0.014 0.015 0.016 0.016 0.02 0.021 0.01 0.114 0.385 0.025 0.049 0.054 0.014 0.024 0.033 0.007 0.022 0.095
236 L 0.113 0.024 0.017 0.019 0.136 0.017 0.024 0.038 0.011 0.078 0.223 0.028 0.033 0.037 0.018 0.043 0.038 0.006 0.018 0.078
237 I 0.052 0.018 0.015 0.017 0.017 0.014 0.019 0.021 0.009 0.252 0.156 0.024 0.035 0.041 0.015 0.027 0.042 0.006 0.02 0.2
238 V 0.063 0.021 0.016 0.018 0.018 0.015 0.022 0.023 0.008 0.192 0.138 0.025 0.032 0.037 0.016 0.03 0.046 0.006 0.02 0.253
239 F 0.045 0.019 0.016 0.017 0.014 0.013 0.019 0.024 0.013 0.142 0.13 0.022 0.029 0.218 0.013 0.027 0.034 0.011 0.054 0.141
240 L 0.039 0.021 0.015 0.016 0.013 0.013 0.019 0.023 0.013 0.088 0.249 0.022 0.037 0.225 0.012 0.024 0.029 0.012 0.055 0.074
241 R 0.044 0.355 0.038 0.031 0.008 0.048 0.052 0.032 0.023 0.023 0.046 0.118 0.015 0.017 0.019 0.044 0.034 0.006 0.017 0.031
242 A 0.111 0.035 0.102 0.054 0.013 0.034 0.103 0.049 0.02 0.092 0.073 0.049 0.019 0.025 0.022 0.058 0.043 0.005 0.017 0.075
243 D 0.111 0.025 0.032 0.117 0.015 0.02 0.043 0.043 0.014 0.072 0.082 0.033 0.021 0.117 0.02 0.048 0.039 0.008 0.034 0.106
244 D 0.058 0.036 0.129 0.236 0.01 0.031 0.07 0.055 0.022 0.024 0.032 0.049 0.011 0.017 0.023 0.101 0.05 0.004 0.014 0.029
245 L 0.042 0.019 0.015 0.017 0.015 0.013 0.018 0.022 0.011 0.185 0.207 0.023 0.037 0.134 0.013 0.025 0.034 0.009 0.038 0.124
246 F 0.039 0.02 0.015 0.016 0.013 0.012 0.019 0.023 0.013 0.13 0.194 0.021 0.034 0.222 0.012 0.025 0.031 0.012 0.054 0.094
247 A 0.181 0.033 0.027 0.041 0.017 0.033 0.102 0.053 0.016 0.067 0.07 0.047 0.02 0.024 0.025 0.064 0.046 0.005 0.018 0.112
248 P 0.056 0.025 0.023 0.031 0.01 0.02 0.036 0.036 0.013 0.025 0.036 0.041 0.01 0.013 0.501 0.043 0.036 0.003 0.013 0.031
249 L 0.045 0.021 0.014 0.016 0.016 0.015 0.019 0.021 0.009 0.198 0.275 0.024 0.043 0.049 0.014 0.024 0.036 0.006 0.021 0.134
250 V 0.057 0.021 0.015 0.017 0.017 0.015 0.021 0.022 0.009 0.18 0.202 0.025 0.037 0.042 0.015 0.028 0.042 0.006 0.021 0.207
251 V 0.07 0.022 0.016 0.018 0.019 0.016 0.023 0.025 0.008 0.165 0.13 0.026 0.032 0.036 0.016 0.033 0.049 0.006 0.021 0.269
252 N 0.059 0.038 0.18 0.057 0.013 0.029 0.042 0.054 0.023 0.047 0.122 0.046 0.022 0.027 0.021 0.098 0.053 0.005 0.018 0.047
253 L 0.059 0.078 0.028 0.026 0.015 0.027 0.036 0.031 0.013 0.088 0.155 0.075 0.029 0.032 0.02 0.049 0.094 0.006 0.019 0.119
254 L 0.044 0.024 0.014 0.015 0.016 0.016 0.02 0.021 0.01 0.114 0.385 0.025 0.049 0.054 0.014 0.024 0.033 0.007 0.022 0.095
255 G 0.071 0.029 0.039 0.047 0.01 0.03 0.096 0.397 0.016 0.019 0.03 0.043 0.01 0.016 0.02 0.052 0.031 0.005 0.012 0.026
256 K 0.056 0.106 0.041 0.041 0.008 0.053 0.07 0.043 0.02 0.027 0.043 0.289 0.015 0.015 0.027 0.053 0.039 0.005 0.017 0.032
257 D 0.041 0.033 0.133 0.325 0.008 0.03 0.08 0.05 0.022 0.022 0.028 0.046 0.01 0.015 0.022 0.056 0.038 0.004 0.012 0.025
258 L 0.048 0.026 0.017 0.018 0.016 0.021 0.023 0.024 0.013 0.148 0.234 0.03 0.108 0.048 0.015 0.03 0.038 0.007 0.022 0.113
259 T 0.072 0.035 0.043 0.037 0.018 0.027 0.039 0.043 0.014 0.053 0.064 0.045 0.019 0.023 0.027 0.091 0.258 0.006 0.018 0.07
260 F 0.033 0.019 0.017 0.017 0.01 0.01 0.019 0.025 0.017 0.062 0.113 0.019 0.025 0.396 0.01 0.025 0.025 0.017 0.087 0.054
261 T 0.081 0.036 0.045 0.04 0.017 0.029 0.042 0.048 0.015 0.047 0.058 0.047 0.018 0.023 0.028 0.126 0.213 0.006 0.017 0.063
262 G 0.085 0.027 0.042 0.037 0.012 0.022 0.032 0.404 0.015 0.021 0.031 0.038 0.011 0.017 0.021 0.096 0.042 0.005 0.012 0.028
263 R 0.044 0.355 0.038 0.031 0.008 0.048 0.052 0.032 0.023 0.023 0.046 0.118 0.015 0.017 0.019 0.044 0.034 0.006 0.017 0.031
264 L 0.044 0.022 0.014 0.016 0.016 0.015 0.019 0.021 0.01 0.156 0.33 0.025 0.046 0.051 0.014 0.024 0.034 0.007 0.022 0.115
265 G 0.123 0.033 0.108 0.045 0.015 0.026 0.038 0.175 0.018 0.034 0.045 0.044 0.014 0.02 0.024 0.074 0.096 0.005 0.015 0.047
266 I 0.046 0.017 0.014 0.017 0.016 0.013 0.017 0.02 0.009 0.282 0.165 0.023 0.036 0.044 0.014 0.025 0.039 0.006 0.02 0.174
267 W 0.03 0.022 0.015 0.015 0.007 0.015 0.022 0.03 0.015 0.03 0.052 0.022 0.015 0.06 0.007 0.022 0.022 0.5 0.067 0.03
268 D 0.04 0.029 0.068 0.406 0.007 0.029 0.09 0.046 0.018 0.022 0.028 0.044 0.009 0.015 0.022 0.051 0.035 0.004 0.011 0.024
269 N 0.042 0.044 0.327 0.082 0.009 0.033 0.049 0.064 0.031 0.022 0.031 0.053 0.011 0.018 0.02 0.069 0.049 0.004 0.015 0.027
270 A 0.301 0.031 0.025 0.029 0.021 0.025 0.04 0.077 0.015 0.043 0.059 0.044 0.017 0.021 0.029 0.084 0.049 0.005 0.017 0.068
271 I 0.046 0.019 0.014 0.017 0.016 0.014 0.018 0.02 0.009 0.24 0.22 0.024 0.039 0.046 0.014 0.024 0.038 0.006 0.021 0.154
272 R 0.047 0.134 0.11 0.045 0.009 0.04 0.051 0.042 0.065 0.056 0.055 0.124 0.017 0.022 0.021 0.05 0.039 0.005 0.022 0.047
273 A 0.184 0.025 0.021 0.023 0.138 0.02 0.03 0.053 0.011 0.073 0.077 0.033 0.02 0.024 0.023 0.06 0.046 0.005 0.017 0.118
274 I 0.046 0.017 0.014 0.017 0.016 0.013 0.017 0.02 0.009 0.282 0.165 0.023 0.036 0.044 0.014 0.025 0.039 0.006 0.02 0.174
275 I 0.064 0.027 0.03 0.029 0.017 0.021 0.03 0.034 0.012 0.164 0.112 0.035 0.027 0.033 0.021 0.075 0.126 0.006 0.019 0.118
276 A 0.11 0.039 0.106 0.057 0.012 0.037 0.108 0.051 0.064 0.06 0.057 0.051 0.017 0.023 0.023 0.06 0.042 0.005 0.022 0.056
277 N 0.046 0.06 0.255 0.072 0.009 0.038 0.054 0.059 0.028 0.023 0.034 0.112 0.012 0.017 0.022 0.065 0.046 0.005 0.016 0.028
278 P 0.056 0.025 0.023 0.031 0.01 0.02 0.036 0.036 0.013 0.025 0.036 0.041 0.01 0.013 0.501 0.043 0.036 0.003 0.013 0.031
279 I 0.052 0.018 0.015 0.017 0.017 0.014 0.019 0.021 0.009 0.252 0.156 0.024 0.035 0.041 0.015 0.027 0.042 0.006 0.02 0.2
280 L 0.041 0.02 0.015 0.017 0.014 0.013 0.019 0.022 0.012 0.158 0.2 0.022 0.035 0.178 0.013 0.025 0.032 0.01 0.046 0.109
281 G 0.077 0.023 0.039 0.033 0.011 0.019 0.025 0.517 0.013 0.019 0.028 0.033 0.009 0.016 0.019 0.051 0.029 0.005 0.011 0.024
282 Y 0.04 0.032 0.029 0.023 0.009 0.026 0.034 0.028 0.126 0.038 0.06 0.034 0.018 0.104 0.016 0.033 0.027 0.023 0.26 0.04
283 G 0.077 0.023 0.039 0.033 0.011 0.019 0.025 0.517 0.013 0.019 0.028 0.033 0.009 0.016 0.019 0.051 0.029 0.005 0.011 0.024
284 V 0.058 0.02 0.015 0.017 0.017 0.015 0.02 0.022 0.008 0.222 0.147 0.024 0.034 0.039 0.015 0.029 0.044 0.006 0.02 0.227
285 L 0.044 0.024 0.014 0.015 0.016 0.016 0.02 0.021 0.01 0.114 0.385 0.025 0.049 0.054 0.014 0.024 0.033 0.007 0.022 0.095
286 T 0.064 0.033 0.037 0.032 0.015 0.026 0.036 0.038 0.022 0.05 0.065 0.041 0.019 0.05 0.024 0.076 0.2 0.011 0.095 0.064
287 N 0.059 0.043 0.259 0.073 0.011 0.033 0.049 0.065 0.028 0.024 0.034 0.053 0.012 0.018 0.022 0.109 0.057 0.005 0.016 0.03
288 D 0.041 0.033 0.133 0.325 0.008 0.03 0.08 0.05 0.022 0.022 0.028 0.046 0.01 0.015 0.022 0.056 0.038 0.004 0.012 0.025
289 A 0.178 0.046 0.033 0.048 0.015 0.085 0.122 0.057 0.021 0.033 0.05 0.063 0.017 0.018 0.027 0.069 0.044 0.005 0.018 0.05
290 L 0.05 0.028 0.018 0.019 0.016 0.024 0.025 0.026 0.014 0.145 0.187 0.032 0.139 0.047 0.016 0.033 0.04 0.007 0.023 0.112
291 V 0.069 0.022 0.016 0.018 0.019 0.016 0.023 0.024 0.008 0.162 0.128 0.026 0.031 0.035 0.016 0.032 0.049 0.005 0.02 0.28
292 G 0.06 0.054 0.041 0.054 0.009 0.134 0.134 0.158 0.024 0.023 0.039 0.072 0.016 0.015 0.023 0.054 0.037 0.006 0.017 0.031
293 Y 0.044 0.039 0.027 0.025 0.009 0.073 0.046 0.029 0.042 0.039 0.062 0.046 0.019 0.1 0.017 0.037 0.031 0.022 0.251 0.043
294 L 0.044 0.024 0.014 0.015 0.016 0.016 0.02 0.021 0.01 0.114 0.385 0.025 0.049 0.054 0.014 0.024 0.033 0.007 0.022 0.095
295 G 0.077 0.023 0.039 0.033 0.011 0.019 0.025 0.517 0.013 0.019 0.028 0.033 0.009 0.016 0.019 0.051 0.029 0.005 0.011 0.024
296 L 0.066 0.06 0.038 0.038 0.013 0.082 0.061 0.042 0.02 0.049 0.129 0.114 0.025 0.026 0.023 0.091 0.048 0.006 0.019 0.051
297 S 0.093 0.034 0.044 0.04 0.017 0.028 0.043 0.054 0.016 0.092 0.072 0.046 0.021 0.026 0.026 0.18 0.07 0.005 0.018 0.074
298 S 0.1 0.035 0.05 0.044 0.016 0.029 0.045 0.178 0.018 0.027 0.038 0.048 0.014 0.019 0.027 0.186 0.068 0.005 0.016 0.037
299 N 0.069 0.042 0.116 0.064 0.013 0.039 0.112 0.052 0.022 0.031 0.043 0.056 0.015 0.02 0.025 0.111 0.106 0.005 0.017 0.042
300 G 0.069 0.021 0.033 0.029 0.012 0.017 0.023 0.393 0.012 0.084 0.062 0.031 0.016 0.023 0.018 0.044 0.032 0.005 0.013 0.061
301 L 0.051 0.022 0.015 0.016 0.017 0.015 0.02 0.022 0.009 0.168 0.266 0.025 0.041 0.047 0.015 0.026 0.038 0.006 0.021 0.161
302 W 0.03 0.022 0.015 0.015 0.007 0.015 0.022 0.03 0.015 0.03 0.052 0.022 0.015 0.06 0.007 0.022 0.022 0.5 0.067 0.03
303 V 0.067 0.046 0.029 0.028 0.016 0.028 0.039 0.033 0.013 0.101 0.091 0.096 0.024 0.027 0.022 0.052 0.099 0.005 0.019 0.165
304 G 0.077 0.023 0.039 0.033 0.011 0.019 0.025 0.517 0.013 0.019 0.028 0.033 0.009 0.016 0.019 0.051 0.029 0.005 0.011 0.024
305 A 0.301 0.031 0.025 0.029 0.021 0.025 0.04 0.077 0.015 0.043 0.059 0.044 0.017 0.021 0.029 0.084 0.049 0.005 0.017 0.068
306 T 0.072 0.035 0.043 0.037 0.018 0.027 0.039 0.043 0.014 0.053 0.064 0.045 0.019 0.023 0.027 0.091 0.258 0.006 0.018 0.07
307 H 0.041 0.045 0.053 0.038 0.007 0.038 0.053 0.038 0.365 0.023 0.038 0.045 0.015 0.03 0.019 0.041 0.026 0.007 0.056 0.023
308 C 0.064 0.016 0.016 0.016 0.491 0.012 0.016 0.032 0.008 0.044 0.064 0.02 0.016 0.02 0.016 0.04 0.036 0.004 0.012 0.056
309 H 0.041 0.045 0.053 0.038 0.007 0.038 0.053 0.038 0.365 0.023 0.038 0.045 0.015 0.03 0.019 0.041 0.026 0.007 0.056 0.023
310 D 0.063 0.03 0.084 0.179 0.131 0.026 0.057 0.05 0.018 0.029 0.041 0.042 0.013 0.018 0.022 0.096 0.048 0.004 0.013 0.037
311 Q 0.055 0.072 0.043 0.046 0.009 0.226 0.101 0.041 0.029 0.026 0.046 0.09 0.02 0.014 0.023 0.055 0.041 0.006 0.02 0.035
312 L 0.045 0.02 0.014 0.017 0.016 0.014 0.018 0.021 0.009 0.219 0.248 0.024 0.041 0.047 0.014 0.024 0.037 0.006 0.021 0.144
313 L 0.044 0.024 0.014 0.015 0.016 0.016 0.02 0.021 0.01 0.114 0.385 0.025 0.049 0.054 0.014 0.024 0.033 0.007 0.022 0.095
314 Q 0.055 0.072 0.043 0.046 0.009 0.226 0.101 0.041 0.029 0.026 0.046 0.09 0.02 0.014 0.023 0.055 0.041 0.006 0.02 0.035
315 V 0.064 0.024 0.022 0.022 0.018 0.018 0.026 0.028 0.01 0.165 0.122 0.03 0.029 0.034 0.019 0.045 0.099 0.006 0.02 0.201
316 A 0.238 0.031 0.024 0.027 0.02 0.026 0.037 0.065 0.015 0.057 0.092 0.042 0.056 0.028 0.026 0.072 0.047 0.006 0.019 0.074
317 F 0.033 0.019 0.017 0.017 0.01 0.01 0.019 0.025 0.017 0.062 0.113 0.019 0.025 0.396 0.01 0.025 0.025 0.017 0.087 0.054
318 Q 0.055 0.072 0.043 0.046 0.009 0.226 0.101 0.041 0.029 0.026 0.046 0.09 0.02 0.014 0.023 0.055 0.041 0.006 0.02 0.035
319 G 0.085 0.027 0.042 0.037 0.012 0.022 0.032 0.404 0.015 0.021 0.031 0.038 0.011 0.017 0.021 0.096 0.042 0.005 0.012 0.028
