#Seq2Logo.py -f /work3/idamei/ssn-clusterings/2206011120/clusters/0025_12/sequences.afa -m 0.0001 -b 50 -o /work3/idamei/ssn-clusterings/2206011120/clusters/0025_12/sequences.logo
#Position Specific Frequency Matrix
A R N D C Q E G H I L K M F P S T W Y V
0 M 0.044 0.027 0.017 0.017 0.014 0.024 0.024 0.024 0.014 0.085 0.167 0.031 0.286 0.041 0.014 0.031 0.034 0.007 0.021 0.079
1 K 0.048 0.052 0.074 0.052 0.009 0.042 0.083 0.036 0.037 0.028 0.042 0.15 0.014 0.033 0.021 0.064 0.085 0.008 0.086 0.035
2 I 0.064 0.04 0.082 0.033 0.012 0.025 0.035 0.036 0.014 0.172 0.083 0.112 0.021 0.025 0.019 0.08 0.041 0.005 0.016 0.084
3 N 0.049 0.086 0.133 0.099 0.009 0.065 0.072 0.043 0.02 0.023 0.034 0.069 0.012 0.015 0.084 0.083 0.058 0.004 0.014 0.029
4 K 0.057 0.107 0.042 0.042 0.009 0.054 0.071 0.043 0.021 0.028 0.043 0.278 0.016 0.016 0.028 0.054 0.04 0.005 0.017 0.033
5 D 0.041 0.03 0.069 0.397 0.008 0.03 0.091 0.047 0.019 0.022 0.028 0.045 0.009 0.015 0.022 0.052 0.035 0.004 0.011 0.024
6 N 0.046 0.053 0.123 0.036 0.011 0.021 0.029 0.106 0.016 0.077 0.113 0.037 0.02 0.083 0.016 0.045 0.074 0.006 0.024 0.065
7 L 0.047 0.038 0.023 0.023 0.013 0.023 0.031 0.027 0.017 0.089 0.201 0.086 0.028 0.05 0.018 0.039 0.083 0.009 0.084 0.071
8 K 0.047 0.075 0.155 0.072 0.008 0.042 0.06 0.047 0.023 0.024 0.036 0.218 0.013 0.015 0.023 0.055 0.04 0.005 0.015 0.028
9 I 0.115 0.03 0.025 0.026 0.015 0.021 0.031 0.062 0.012 0.159 0.093 0.06 0.023 0.028 0.02 0.086 0.045 0.005 0.017 0.126
10 K 0.045 0.102 0.107 0.04 0.009 0.036 0.048 0.039 0.02 0.039 0.106 0.179 0.019 0.044 0.02 0.045 0.036 0.006 0.02 0.039
11 L 0.045 0.024 0.014 0.015 0.016 0.016 0.02 0.021 0.01 0.115 0.375 0.025 0.05 0.055 0.014 0.024 0.033 0.007 0.022 0.096
12 K 0.047 0.083 0.089 0.102 0.01 0.03 0.047 0.037 0.017 0.084 0.059 0.117 0.017 0.022 0.019 0.054 0.052 0.025 0.017 0.073
13 N 0.041 0.049 0.17 0.159 0.007 0.091 0.064 0.044 0.023 0.022 0.032 0.105 0.012 0.017 0.02 0.051 0.036 0.005 0.026 0.026
14 S 0.08 0.032 0.13 0.043 0.03 0.026 0.038 0.049 0.018 0.048 0.048 0.041 0.015 0.022 0.022 0.159 0.109 0.005 0.027 0.058
15 L 0.041 0.022 0.014 0.015 0.013 0.014 0.019 0.02 0.009 0.126 0.308 0.034 0.035 0.09 0.012 0.023 0.031 0.022 0.026 0.126
16 S 0.073 0.027 0.033 0.078 0.013 0.022 0.037 0.039 0.016 0.086 0.106 0.035 0.02 0.035 0.019 0.155 0.048 0.007 0.06 0.091
17 L 0.115 0.026 0.025 0.025 0.015 0.021 0.029 0.038 0.012 0.067 0.162 0.033 0.052 0.054 0.019 0.107 0.078 0.006 0.02 0.096
18 L 0.084 0.019 0.015 0.016 0.075 0.014 0.02 0.027 0.009 0.147 0.19 0.023 0.028 0.082 0.014 0.038 0.035 0.006 0.023 0.135
19 L 0.044 0.02 0.013 0.015 0.104 0.014 0.018 0.021 0.009 0.083 0.328 0.023 0.033 0.037 0.074 0.026 0.03 0.005 0.017 0.087
20 F 0.028 0.017 0.014 0.014 0.009 0.01 0.017 0.023 0.014 0.048 0.086 0.017 0.02 0.379 0.009 0.021 0.021 0.137 0.072 0.043
21 F 0.049 0.02 0.021 0.02 0.012 0.014 0.021 0.087 0.012 0.13 0.113 0.024 0.023 0.177 0.014 0.062 0.051 0.008 0.036 0.105
22 I 0.046 0.017 0.016 0.016 0.013 0.012 0.017 0.082 0.009 0.199 0.152 0.021 0.028 0.107 0.013 0.026 0.032 0.007 0.027 0.161
23 L 0.039 0.018 0.014 0.015 0.013 0.013 0.017 0.02 0.01 0.18 0.229 0.021 0.052 0.133 0.012 0.024 0.039 0.007 0.03 0.116
24 L 0.044 0.017 0.013 0.014 0.13 0.012 0.016 0.02 0.008 0.179 0.203 0.02 0.029 0.066 0.013 0.025 0.032 0.006 0.02 0.136
25 F 0.031 0.017 0.014 0.014 0.01 0.01 0.016 0.02 0.013 0.08 0.178 0.017 0.026 0.368 0.01 0.021 0.023 0.012 0.06 0.059
26 F 0.037 0.016 0.014 0.014 0.041 0.01 0.016 0.02 0.011 0.158 0.109 0.018 0.024 0.27 0.011 0.023 0.028 0.01 0.047 0.123
27 L 0.039 0.02 0.013 0.013 0.013 0.015 0.017 0.018 0.009 0.13 0.37 0.022 0.086 0.042 0.012 0.022 0.03 0.006 0.018 0.104
28 T 0.06 0.027 0.032 0.029 0.014 0.021 0.031 0.035 0.012 0.051 0.06 0.035 0.017 0.064 0.021 0.092 0.289 0.006 0.02 0.086
29 R 0.036 0.422 0.03 0.024 0.006 0.037 0.041 0.027 0.019 0.02 0.039 0.091 0.013 0.018 0.015 0.035 0.028 0.057 0.018 0.025
30 Q 0.05 0.055 0.035 0.037 0.008 0.295 0.075 0.035 0.022 0.028 0.049 0.068 0.043 0.015 0.019 0.073 0.037 0.005 0.017 0.034
31 F 0.043 0.018 0.016 0.016 0.012 0.013 0.019 0.022 0.013 0.084 0.092 0.021 0.022 0.227 0.012 0.029 0.062 0.01 0.078 0.191
32 P 0.045 0.021 0.019 0.024 0.008 0.016 0.028 0.029 0.011 0.024 0.036 0.032 0.01 0.055 0.532 0.035 0.029 0.003 0.016 0.027
33 F 0.031 0.017 0.013 0.013 0.011 0.01 0.016 0.019 0.012 0.083 0.239 0.018 0.028 0.312 0.01 0.021 0.024 0.011 0.05 0.062
34 A 0.11 0.032 0.063 0.029 0.013 0.023 0.032 0.039 0.015 0.083 0.106 0.067 0.045 0.028 0.019 0.11 0.058 0.006 0.035 0.088
35 S 0.059 0.041 0.047 0.082 0.01 0.103 0.087 0.04 0.018 0.03 0.078 0.074 0.016 0.039 0.02 0.156 0.044 0.005 0.017 0.035
36 Y 0.034 0.022 0.017 0.015 0.009 0.017 0.022 0.02 0.033 0.047 0.135 0.025 0.02 0.096 0.013 0.025 0.024 0.02 0.363 0.046
37 S 0.086 0.031 0.041 0.038 0.014 0.026 0.04 0.051 0.015 0.059 0.044 0.042 0.014 0.019 0.023 0.329 0.064 0.004 0.015 0.044
38 L 0.044 0.024 0.022 0.041 0.01 0.017 0.027 0.029 0.012 0.08 0.119 0.042 0.019 0.107 0.109 0.082 0.033 0.103 0.031 0.05
39 I 0.045 0.019 0.018 0.018 0.013 0.014 0.02 0.024 0.01 0.245 0.173 0.023 0.028 0.092 0.014 0.077 0.036 0.006 0.024 0.103
40 A 0.197 0.025 0.02 0.024 0.019 0.02 0.03 0.052 0.012 0.149 0.103 0.035 0.025 0.03 0.023 0.058 0.044 0.005 0.018 0.112
41 L 0.091 0.024 0.019 0.02 0.013 0.02 0.024 0.074 0.012 0.076 0.167 0.029 0.161 0.031 0.06 0.06 0.034 0.005 0.017 0.064
42 N 0.047 0.033 0.29 0.054 0.009 0.026 0.052 0.069 0.021 0.025 0.063 0.041 0.012 0.017 0.04 0.112 0.042 0.004 0.013 0.028
43 L 0.05 0.018 0.013 0.014 0.013 0.013 0.017 0.064 0.008 0.191 0.303 0.021 0.032 0.037 0.012 0.023 0.03 0.005 0.017 0.119
44 A 0.208 0.026 0.03 0.029 0.014 0.021 0.033 0.094 0.013 0.034 0.062 0.036 0.015 0.056 0.021 0.166 0.073 0.005 0.018 0.045
45 L 0.042 0.019 0.014 0.014 0.057 0.013 0.017 0.02 0.008 0.115 0.341 0.021 0.033 0.037 0.013 0.026 0.058 0.005 0.017 0.13
46 L 0.04 0.016 0.012 0.014 0.057 0.011 0.016 0.019 0.008 0.199 0.215 0.019 0.029 0.108 0.012 0.022 0.03 0.006 0.025 0.144
47 G 0.081 0.019 0.02 0.019 0.061 0.014 0.019 0.223 0.009 0.088 0.213 0.024 0.024 0.029 0.014 0.034 0.029 0.005 0.014 0.061
48 F 0.034 0.017 0.014 0.014 0.059 0.011 0.016 0.021 0.012 0.09 0.165 0.018 0.037 0.313 0.01 0.022 0.025 0.011 0.051 0.062
49 F 0.038 0.017 0.013 0.014 0.012 0.012 0.017 0.019 0.012 0.169 0.165 0.02 0.027 0.181 0.011 0.022 0.029 0.009 0.071 0.139
50 I 0.057 0.017 0.014 0.015 0.013 0.013 0.018 0.022 0.01 0.207 0.119 0.021 0.05 0.153 0.012 0.025 0.032 0.007 0.032 0.164
51 L 0.048 0.018 0.019 0.018 0.1 0.013 0.019 0.113 0.01 0.109 0.139 0.022 0.021 0.118 0.013 0.055 0.044 0.006 0.025 0.089
52 F 0.047 0.033 0.124 0.034 0.032 0.048 0.035 0.037 0.017 0.047 0.062 0.064 0.039 0.131 0.016 0.101 0.038 0.006 0.028 0.06
53 L 0.077 0.02 0.017 0.017 0.012 0.015 0.021 0.025 0.014 0.114 0.165 0.024 0.036 0.116 0.014 0.034 0.078 0.009 0.092 0.1
54 F 0.041 0.096 0.022 0.022 0.009 0.021 0.029 0.069 0.013 0.092 0.08 0.093 0.017 0.128 0.1 0.04 0.037 0.006 0.026 0.059
55 F 0.036 0.034 0.02 0.02 0.009 0.046 0.03 0.024 0.02 0.045 0.129 0.088 0.02 0.161 0.013 0.029 0.04 0.058 0.136 0.043
56 I 0.037 0.019 0.03 0.069 0.011 0.015 0.024 0.022 0.014 0.174 0.172 0.023 0.025 0.082 0.013 0.026 0.039 0.008 0.089 0.108
57 L 0.1 0.066 0.022 0.022 0.011 0.047 0.033 0.031 0.012 0.127 0.15 0.093 0.022 0.061 0.016 0.06 0.033 0.005 0.02 0.067
58 N 0.073 0.083 0.122 0.04 0.01 0.029 0.094 0.036 0.016 0.087 0.083 0.073 0.016 0.02 0.018 0.069 0.063 0.004 0.014 0.05
59 N 0.042 0.15 0.237 0.064 0.008 0.037 0.049 0.053 0.028 0.022 0.035 0.074 0.012 0.017 0.019 0.06 0.043 0.005 0.016 0.028
60 V 0.052 0.027 0.122 0.038 0.014 0.021 0.029 0.036 0.016 0.158 0.107 0.034 0.026 0.032 0.017 0.041 0.045 0.005 0.018 0.163
61 G 0.047 0.042 0.184 0.043 0.008 0.051 0.039 0.246 0.018 0.018 0.027 0.122 0.01 0.013 0.017 0.047 0.032 0.004 0.012 0.022
62 I 0.042 0.06 0.018 0.022 0.011 0.02 0.054 0.022 0.011 0.176 0.091 0.085 0.022 0.095 0.014 0.028 0.032 0.006 0.023 0.168
63 Y 0.039 0.083 0.023 0.056 0.05 0.023 0.033 0.025 0.02 0.05 0.056 0.117 0.015 0.078 0.015 0.031 0.028 0.031 0.146 0.081
64 N 0.041 0.136 0.142 0.037 0.008 0.029 0.039 0.056 0.051 0.028 0.07 0.118 0.014 0.053 0.017 0.06 0.048 0.005 0.02 0.03
65 S 0.11 0.04 0.054 0.049 0.018 0.033 0.052 0.066 0.019 0.03 0.042 0.054 0.016 0.021 0.03 0.22 0.082 0.005 0.018 0.042
66 D 0.048 0.04 0.055 0.244 0.007 0.047 0.194 0.041 0.022 0.022 0.032 0.06 0.011 0.016 0.024 0.054 0.036 0.005 0.014 0.028
67 K 0.057 0.107 0.042 0.042 0.009 0.054 0.071 0.043 0.021 0.028 0.043 0.278 0.016 0.016 0.028 0.054 0.04 0.005 0.017 0.033
68 Y 0.061 0.03 0.03 0.029 0.011 0.024 0.035 0.037 0.031 0.035 0.053 0.039 0.016 0.072 0.141 0.085 0.043 0.016 0.173 0.041
69 F 0.04 0.018 0.015 0.017 0.013 0.012 0.018 0.023 0.013 0.174 0.138 0.021 0.03 0.221 0.012 0.025 0.032 0.011 0.054 0.114
70 D 0.079 0.072 0.069 0.12 0.01 0.028 0.077 0.036 0.018 0.068 0.051 0.076 0.014 0.026 0.018 0.07 0.036 0.006 0.052 0.074
71 H 0.046 0.025 0.028 0.067 0.01 0.02 0.032 0.08 0.099 0.075 0.093 0.03 0.017 0.039 0.067 0.061 0.031 0.008 0.097 0.076
72 L 0.045 0.02 0.014 0.016 0.016 0.014 0.018 0.02 0.009 0.201 0.278 0.024 0.042 0.048 0.014 0.024 0.036 0.006 0.021 0.133
73 K 0.052 0.148 0.039 0.038 0.008 0.05 0.065 0.04 0.02 0.026 0.042 0.278 0.015 0.015 0.025 0.05 0.037 0.005 0.017 0.031
74 L 0.041 0.095 0.021 0.021 0.011 0.072 0.032 0.024 0.013 0.109 0.176 0.042 0.024 0.063 0.059 0.032 0.057 0.005 0.02 0.083
75 L 0.035 0.019 0.015 0.018 0.011 0.015 0.047 0.02 0.011 0.107 0.238 0.022 0.035 0.206 0.012 0.026 0.052 0.008 0.036 0.067
76 L 0.043 0.018 0.015 0.016 0.081 0.013 0.018 0.033 0.009 0.119 0.253 0.021 0.027 0.069 0.012 0.056 0.031 0.048 0.022 0.095
77 L 0.035 0.017 0.012 0.014 0.011 0.012 0.016 0.019 0.009 0.136 0.281 0.019 0.03 0.162 0.053 0.021 0.026 0.007 0.031 0.088
78 L 0.038 0.019 0.047 0.019 0.011 0.014 0.02 0.023 0.015 0.125 0.175 0.022 0.024 0.154 0.012 0.043 0.03 0.009 0.092 0.108
79 L 0.048 0.018 0.014 0.014 0.027 0.013 0.017 0.02 0.008 0.178 0.276 0.021 0.031 0.082 0.012 0.025 0.055 0.006 0.022 0.113
80 L 0.067 0.017 0.012 0.014 0.054 0.012 0.017 0.021 0.008 0.189 0.244 0.02 0.029 0.036 0.012 0.024 0.03 0.047 0.019 0.126
81 F 0.094 0.02 0.018 0.018 0.01 0.015 0.021 0.112 0.017 0.039 0.102 0.024 0.017 0.149 0.013 0.043 0.026 0.095 0.127 0.041
82 L 0.039 0.017 0.012 0.013 0.054 0.012 0.015 0.018 0.008 0.185 0.337 0.019 0.034 0.038 0.012 0.021 0.029 0.005 0.017 0.117
83 S 0.118 0.025 0.027 0.026 0.055 0.019 0.03 0.04 0.012 0.06 0.117 0.032 0.019 0.058 0.019 0.185 0.059 0.005 0.018 0.076
84 L 0.045 0.024 0.014 0.015 0.016 0.016 0.02 0.021 0.01 0.115 0.375 0.025 0.05 0.055 0.014 0.024 0.033 0.007 0.022 0.096
85 L 0.038 0.017 0.013 0.014 0.012 0.012 0.016 0.019 0.009 0.199 0.223 0.019 0.029 0.138 0.011 0.033 0.03 0.007 0.028 0.131
86 L 0.069 0.024 0.051 0.022 0.012 0.018 0.025 0.028 0.079 0.092 0.256 0.027 0.049 0.033 0.014 0.054 0.032 0.005 0.021 0.088
87 L 0.079 0.02 0.02 0.02 0.013 0.015 0.022 0.111 0.01 0.119 0.167 0.025 0.023 0.062 0.015 0.079 0.036 0.005 0.019 0.141
88 L 0.094 0.022 0.016 0.018 0.012 0.04 0.024 0.026 0.013 0.146 0.149 0.027 0.045 0.103 0.055 0.031 0.03 0.007 0.055 0.087
89 Y 0.031 0.021 0.017 0.015 0.008 0.016 0.021 0.02 0.034 0.037 0.06 0.023 0.016 0.162 0.012 0.024 0.022 0.021 0.403 0.038
90 S 0.112 0.031 0.041 0.038 0.014 0.026 0.041 0.053 0.015 0.024 0.034 0.042 0.013 0.017 0.024 0.358 0.063 0.004 0.014 0.035
91 L 0.035 0.018 0.012 0.013 0.012 0.012 0.016 0.017 0.01 0.155 0.363 0.02 0.034 0.08 0.011 0.02 0.027 0.007 0.053 0.085
92 F 0.033 0.017 0.014 0.014 0.01 0.012 0.017 0.019 0.016 0.138 0.152 0.019 0.024 0.221 0.011 0.021 0.025 0.012 0.131 0.094
93 V 0.059 0.02 0.016 0.018 0.018 0.015 0.021 0.023 0.008 0.218 0.149 0.025 0.034 0.04 0.016 0.029 0.045 0.006 0.021 0.223
94 L 0.043 0.052 0.086 0.031 0.01 0.064 0.053 0.031 0.016 0.049 0.185 0.113 0.066 0.025 0.016 0.06 0.034 0.005 0.016 0.047
95 G 0.059 0.027 0.064 0.035 0.009 0.047 0.061 0.367 0.048 0.017 0.026 0.037 0.009 0.014 0.017 0.09 0.032 0.004 0.013 0.022
96 N 0.034 0.036 0.458 0.066 0.007 0.027 0.039 0.052 0.025 0.018 0.025 0.043 0.009 0.014 0.016 0.055 0.039 0.004 0.012 0.021
97 D 0.045 0.032 0.073 0.238 0.007 0.035 0.215 0.037 0.018 0.019 0.027 0.047 0.009 0.013 0.02 0.092 0.035 0.004 0.012 0.024
98 P 0.043 0.019 0.015 0.018 0.011 0.014 0.021 0.022 0.009 0.128 0.16 0.025 0.022 0.039 0.222 0.028 0.044 0.005 0.026 0.128
99 S 0.117 0.028 0.062 0.035 0.013 0.023 0.062 0.085 0.014 0.037 0.056 0.037 0.014 0.053 0.02 0.172 0.084 0.005 0.018 0.066
100 L 0.068 0.02 0.014 0.015 0.013 0.014 0.019 0.023 0.009 0.106 0.412 0.023 0.035 0.039 0.013 0.049 0.031 0.005 0.017 0.076
101 I 0.069 0.018 0.044 0.018 0.013 0.013 0.018 0.023 0.009 0.256 0.166 0.022 0.027 0.032 0.013 0.027 0.034 0.005 0.016 0.176
102 L 0.073 0.019 0.017 0.019 0.012 0.015 0.022 0.027 0.009 0.163 0.181 0.025 0.024 0.064 0.098 0.071 0.034 0.005 0.019 0.102
103 R 0.036 0.42 0.032 0.026 0.006 0.038 0.043 0.027 0.052 0.019 0.036 0.115 0.012 0.014 0.016 0.036 0.028 0.005 0.016 0.024
104 F 0.027 0.015 0.013 0.013 0.008 0.008 0.015 0.02 0.013 0.05 0.091 0.015 0.02 0.513 0.008 0.02 0.02 0.013 0.07 0.044
105 Y 0.085 0.023 0.02 0.019 0.011 0.017 0.024 0.029 0.02 0.062 0.157 0.027 0.036 0.091 0.015 0.08 0.041 0.012 0.178 0.053
106 L 0.04 0.017 0.014 0.015 0.012 0.012 0.017 0.02 0.009 0.188 0.22 0.02 0.029 0.138 0.012 0.046 0.031 0.007 0.028 0.124
107 I 0.068 0.016 0.012 0.015 0.014 0.012 0.016 0.02 0.007 0.329 0.149 0.02 0.028 0.033 0.013 0.024 0.033 0.005 0.016 0.169
108 L 0.037 0.017 0.012 0.013 0.013 0.012 0.015 0.017 0.008 0.228 0.309 0.019 0.033 0.056 0.011 0.02 0.029 0.005 0.019 0.126
109 L 0.05 0.017 0.013 0.013 0.012 0.011 0.016 0.02 0.01 0.111 0.243 0.019 0.028 0.207 0.011 0.022 0.027 0.008 0.036 0.125
110 L 0.032 0.017 0.012 0.013 0.011 0.011 0.016 0.018 0.01 0.1 0.33 0.018 0.032 0.211 0.01 0.02 0.025 0.008 0.036 0.069
111 I 0.038 0.017 0.012 0.014 0.013 0.012 0.016 0.017 0.008 0.282 0.239 0.02 0.054 0.037 0.012 0.021 0.031 0.005 0.017 0.137
112 L 0.036 0.023 0.14 0.028 0.052 0.017 0.023 0.028 0.013 0.102 0.228 0.027 0.054 0.065 0.013 0.032 0.031 0.005 0.019 0.063
113 L 0.086 0.02 0.018 0.018 0.054 0.014 0.021 0.069 0.01 0.072 0.221 0.024 0.025 0.098 0.014 0.047 0.074 0.006 0.023 0.085
114 A 0.199 0.024 0.026 0.026 0.014 0.02 0.031 0.087 0.011 0.07 0.054 0.033 0.015 0.019 0.062 0.143 0.044 0.004 0.014 0.102
115 Y 0.033 0.021 0.047 0.018 0.009 0.016 0.022 0.022 0.025 0.047 0.152 0.024 0.02 0.136 0.054 0.026 0.025 0.015 0.245 0.044
116 F 0.03 0.018 0.015 0.015 0.009 0.012 0.018 0.02 0.047 0.106 0.149 0.019 0.023 0.314 0.01 0.021 0.023 0.011 0.081 0.06
117 L 0.071 0.017 0.013 0.014 0.096 0.012 0.017 0.022 0.007 0.182 0.215 0.02 0.028 0.032 0.013 0.026 0.032 0.005 0.016 0.162
118 K 0.106 0.075 0.028 0.031 0.01 0.029 0.068 0.037 0.014 0.052 0.042 0.153 0.013 0.015 0.145 0.091 0.036 0.004 0.013 0.039
119 P 0.036 0.024 0.048 0.022 0.009 0.016 0.024 0.025 0.014 0.069 0.124 0.053 0.018 0.168 0.179 0.029 0.027 0.008 0.061 0.046
120 D 0.039 0.034 0.121 0.122 0.008 0.024 0.054 0.075 0.019 0.041 0.071 0.089 0.013 0.029 0.058 0.039 0.03 0.006 0.076 0.05
121 K 0.061 0.043 0.034 0.035 0.011 0.03 0.06 0.069 0.018 0.029 0.041 0.117 0.013 0.027 0.083 0.114 0.112 0.006 0.059 0.038
122 K 0.046 0.059 0.025 0.029 0.01 0.054 0.068 0.028 0.014 0.1 0.123 0.18 0.02 0.022 0.018 0.058 0.034 0.005 0.015 0.092
123 S 0.11 0.04 0.054 0.049 0.018 0.033 0.052 0.066 0.019 0.03 0.042 0.054 0.016 0.021 0.03 0.22 0.082 0.005 0.018 0.042
124 N 0.047 0.072 0.151 0.038 0.009 0.027 0.038 0.038 0.017 0.06 0.05 0.123 0.014 0.07 0.017 0.101 0.039 0.005 0.02 0.064
125 Y 0.037 0.019 0.015 0.014 0.052 0.015 0.019 0.019 0.021 0.111 0.158 0.022 0.045 0.081 0.012 0.024 0.027 0.013 0.208 0.09
126 I 0.045 0.019 0.016 0.017 0.013 0.014 0.019 0.021 0.01 0.205 0.188 0.023 0.027 0.038 0.014 0.051 0.06 0.006 0.048 0.165
127 K 0.049 0.05 0.153 0.04 0.009 0.03 0.042 0.04 0.019 0.031 0.039 0.177 0.013 0.022 0.019 0.094 0.065 0.005 0.045 0.057
128 I 0.138 0.051 0.016 0.017 0.013 0.016 0.022 0.029 0.011 0.212 0.137 0.029 0.024 0.034 0.015 0.034 0.033 0.006 0.047 0.116
129 F 0.057 0.016 0.014 0.014 0.01 0.01 0.016 0.023 0.013 0.055 0.147 0.017 0.022 0.411 0.01 0.023 0.022 0.012 0.059 0.049
130 I 0.063 0.054 0.11 0.026 0.011 0.017 0.023 0.029 0.014 0.141 0.14 0.03 0.022 0.131 0.013 0.032 0.031 0.006 0.027 0.081
131 F 0.062 0.019 0.015 0.015 0.011 0.013 0.019 0.023 0.014 0.096 0.188 0.021 0.024 0.215 0.012 0.028 0.052 0.011 0.099 0.063
132 L 0.095 0.018 0.013 0.015 0.054 0.013 0.018 0.025 0.009 0.137 0.238 0.021 0.028 0.102 0.013 0.028 0.03 0.006 0.024 0.115
133 F 0.097 0.022 0.05 0.022 0.012 0.017 0.024 0.031 0.014 0.102 0.115 0.027 0.065 0.137 0.015 0.06 0.059 0.008 0.059 0.064
134 L 0.049 0.019 0.018 0.018 0.054 0.014 0.02 0.066 0.01 0.109 0.171 0.023 0.024 0.115 0.013 0.075 0.034 0.006 0.025 0.138
135 I 0.043 0.018 0.016 0.017 0.013 0.013 0.018 0.021 0.008 0.249 0.18 0.022 0.028 0.068 0.013 0.05 0.06 0.005 0.02 0.138
136 Q 0.043 0.053 0.034 0.035 0.007 0.314 0.073 0.031 0.072 0.026 0.07 0.065 0.018 0.015 0.018 0.041 0.031 0.005 0.02 0.03
137 A 0.303 0.023 0.021 0.022 0.126 0.018 0.028 0.051 0.011 0.04 0.051 0.031 0.014 0.018 0.021 0.088 0.04 0.004 0.013 0.077
138 L 0.039 0.018 0.012 0.013 0.013 0.013 0.016 0.018 0.008 0.173 0.292 0.02 0.054 0.072 0.012 0.021 0.03 0.006 0.021 0.148
139 F 0.039 0.017 0.014 0.014 0.011 0.011 0.017 0.02 0.01 0.105 0.126 0.018 0.024 0.272 0.011 0.024 0.041 0.009 0.043 0.174
140 L 0.041 0.018 0.012 0.013 0.014 0.013 0.016 0.018 0.007 0.15 0.337 0.02 0.034 0.038 0.012 0.021 0.031 0.005 0.017 0.184
141 I 0.041 0.015 0.014 0.016 0.013 0.012 0.016 0.019 0.008 0.393 0.126 0.02 0.028 0.034 0.013 0.046 0.034 0.005 0.016 0.133
142 G 0.059 0.02 0.026 0.024 0.053 0.016 0.022 0.279 0.01 0.115 0.058 0.027 0.015 0.02 0.016 0.086 0.06 0.004 0.012 0.08
143 F 0.062 0.017 0.013 0.014 0.011 0.012 0.017 0.022 0.011 0.117 0.202 0.019 0.048 0.241 0.011 0.024 0.026 0.009 0.04 0.082
144 E 0.076 0.037 0.033 0.057 0.008 0.066 0.3 0.074 0.052 0.019 0.031 0.054 0.011 0.014 0.02 0.069 0.032 0.004 0.015 0.027
145 I 0.068 0.017 0.014 0.016 0.013 0.012 0.017 0.022 0.009 0.252 0.138 0.021 0.026 0.101 0.013 0.028 0.058 0.006 0.024 0.146
146 F 0.064 0.019 0.015 0.015 0.011 0.014 0.019 0.023 0.019 0.108 0.111 0.022 0.021 0.175 0.012 0.027 0.04 0.013 0.172 0.099
147 L 0.036 0.02 0.012 0.013 0.013 0.014 0.017 0.018 0.009 0.113 0.428 0.021 0.081 0.042 0.012 0.021 0.028 0.006 0.018 0.08
148 L 0.068 0.024 0.111 0.028 0.012 0.018 0.025 0.031 0.013 0.108 0.142 0.029 0.065 0.062 0.056 0.037 0.059 0.005 0.019 0.089
149 L 0.067 0.023 0.016 0.016 0.012 0.015 0.021 0.023 0.012 0.121 0.234 0.05 0.027 0.107 0.013 0.028 0.046 0.007 0.056 0.105
150 F 0.035 0.024 0.084 0.024 0.009 0.016 0.023 0.027 0.017 0.063 0.076 0.039 0.03 0.251 0.012 0.032 0.055 0.011 0.096 0.073
151 F 0.031 0.017 0.015 0.014 0.009 0.01 0.017 0.062 0.016 0.048 0.11 0.018 0.02 0.386 0.01 0.022 0.021 0.013 0.118 0.043
152 S 0.06 0.06 0.068 0.104 0.01 0.024 0.04 0.124 0.015 0.023 0.033 0.041 0.011 0.018 0.019 0.166 0.094 0.046 0.015 0.03
153 I 0.069 0.024 0.054 0.063 0.01 0.043 0.059 0.112 0.013 0.142 0.097 0.032 0.018 0.057 0.056 0.035 0.03 0.005 0.018 0.064
154 D 0.05 0.038 0.07 0.18 0.008 0.03 0.106 0.141 0.016 0.019 0.027 0.109 0.01 0.013 0.019 0.091 0.034 0.004 0.011 0.023
155 D 0.042 0.027 0.097 0.176 0.009 0.024 0.072 0.035 0.019 0.028 0.04 0.036 0.012 0.063 0.018 0.071 0.111 0.007 0.08 0.033
156 Y 0.119 0.023 0.018 0.017 0.009 0.018 0.024 0.029 0.032 0.035 0.053 0.027 0.015 0.085 0.015 0.034 0.026 0.018 0.363 0.041
157 S 0.056 0.032 0.06 0.033 0.011 0.024 0.061 0.077 0.015 0.04 0.137 0.063 0.018 0.028 0.018 0.138 0.092 0.006 0.046 0.043
158 I 0.12 0.019 0.017 0.019 0.013 0.015 0.023 0.03 0.01 0.135 0.088 0.026 0.02 0.079 0.119 0.037 0.059 0.006 0.036 0.129
159 I 0.04 0.016 0.012 0.013 0.013 0.012 0.015 0.017 0.007 0.263 0.247 0.02 0.032 0.037 0.012 0.021 0.031 0.005 0.017 0.17
160 R 0.035 0.48 0.031 0.025 0.006 0.038 0.042 0.026 0.018 0.018 0.037 0.095 0.012 0.014 0.015 0.035 0.028 0.005 0.014 0.025
161 H 0.068 0.037 0.126 0.041 0.008 0.078 0.073 0.038 0.187 0.022 0.036 0.043 0.013 0.053 0.017 0.067 0.032 0.005 0.029 0.026
162 Y 0.032 0.024 0.016 0.015 0.008 0.016 0.022 0.021 0.024 0.044 0.094 0.05 0.018 0.182 0.011 0.024 0.023 0.079 0.244 0.053
163 F 0.035 0.016 0.014 0.014 0.01 0.01 0.017 0.02 0.013 0.072 0.092 0.017 0.021 0.346 0.01 0.022 0.026 0.011 0.083 0.151
164 L 0.04 0.026 0.016 0.018 0.012 0.041 0.024 0.021 0.01 0.204 0.261 0.054 0.041 0.034 0.013 0.04 0.031 0.005 0.017 0.091
165 D 0.045 0.031 0.146 0.205 0.008 0.029 0.121 0.04 0.018 0.024 0.061 0.042 0.011 0.016 0.018 0.104 0.038 0.004 0.012 0.027
166 N 0.04 0.075 0.216 0.045 0.008 0.054 0.044 0.041 0.087 0.024 0.064 0.101 0.013 0.017 0.017 0.069 0.035 0.004 0.018 0.027
167 G 0.054 0.028 0.126 0.072 0.008 0.04 0.035 0.348 0.024 0.017 0.025 0.049 0.009 0.013 0.016 0.068 0.031 0.004 0.011 0.021
168 W 0.028 0.018 0.013 0.013 0.008 0.012 0.017 0.021 0.015 0.069 0.127 0.019 0.019 0.154 0.009 0.02 0.021 0.263 0.108 0.046
169 G 0.062 0.018 0.031 0.027 0.009 0.015 0.02 0.611 0.011 0.015 0.022 0.027 0.007 0.013 0.015 0.041 0.024 0.004 0.009 0.019
170 D 0.033 0.024 0.055 0.522 0.006 0.024 0.073 0.037 0.015 0.018 0.022 0.036 0.007 0.012 0.018 0.041 0.028 0.003 0.009 0.019
171 V 0.05 0.017 0.013 0.014 0.015 0.013 0.017 0.019 0.007 0.19 0.138 0.02 0.027 0.031 0.013 0.024 0.037 0.005 0.016 0.335
172 Y 0.032 0.022 0.017 0.015 0.007 0.017 0.022 0.02 0.037 0.035 0.054 0.025 0.015 0.104 0.012 0.025 0.022 0.022 0.459 0.037
173 T 0.056 0.028 0.064 0.032 0.013 0.022 0.031 0.036 0.012 0.04 0.051 0.036 0.015 0.054 0.021 0.09 0.325 0.005 0.018 0.051
174 Y 0.032 0.021 0.017 0.015 0.007 0.016 0.021 0.02 0.035 0.036 0.058 0.024 0.015 0.148 0.012 0.024 0.022 0.021 0.417 0.038
175 N 0.052 0.031 0.228 0.051 0.009 0.026 0.065 0.177 0.019 0.02 0.028 0.04 0.01 0.015 0.018 0.102 0.067 0.004 0.012 0.026
176 G 0.058 0.023 0.077 0.031 0.009 0.03 0.026 0.448 0.015 0.018 0.026 0.031 0.009 0.02 0.016 0.066 0.028 0.005 0.042 0.022
177 Y 0.038 0.02 0.02 0.018 0.009 0.015 0.021 0.147 0.054 0.064 0.091 0.023 0.017 0.157 0.012 0.027 0.023 0.013 0.186 0.043
178 F 0.031 0.016 0.013 0.013 0.01 0.01 0.016 0.019 0.013 0.086 0.165 0.017 0.024 0.349 0.01 0.021 0.023 0.012 0.083 0.069
179 Y 0.031 0.021 0.016 0.014 0.007 0.016 0.021 0.02 0.032 0.034 0.055 0.023 0.015 0.125 0.011 0.023 0.021 0.104 0.373 0.036
180 R 0.037 0.269 0.124 0.036 0.007 0.036 0.044 0.034 0.053 0.019 0.033 0.151 0.012 0.014 0.017 0.041 0.031 0.004 0.016 0.024
181 I 0.044 0.015 0.012 0.014 0.014 0.011 0.016 0.018 0.007 0.318 0.123 0.019 0.028 0.033 0.012 0.022 0.034 0.005 0.016 0.24
182 Q 0.044 0.056 0.034 0.036 0.007 0.351 0.078 0.032 0.022 0.021 0.037 0.07 0.016 0.012 0.06 0.044 0.032 0.004 0.016 0.028
183 I 0.039 0.016 0.012 0.013 0.013 0.012 0.015 0.017 0.007 0.286 0.235 0.019 0.032 0.036 0.012 0.021 0.031 0.005 0.017 0.162
184 K 0.044 0.07 0.025 0.026 0.009 0.032 0.042 0.028 0.013 0.086 0.12 0.274 0.019 0.021 0.018 0.035 0.032 0.004 0.015 0.088
185 G 0.062 0.018 0.031 0.027 0.009 0.015 0.02 0.611 0.011 0.015 0.022 0.027 0.007 0.013 0.015 0.041 0.024 0.004 0.009 0.019
186 N 0.034 0.036 0.458 0.066 0.007 0.027 0.039 0.052 0.025 0.018 0.025 0.043 0.009 0.014 0.016 0.055 0.039 0.004 0.012 0.021
187 A 0.409 0.024 0.02 0.024 0.017 0.02 0.032 0.06 0.012 0.033 0.046 0.035 0.013 0.017 0.065 0.065 0.039 0.004 0.014 0.052
188 L 0.036 0.019 0.011 0.012 0.013 0.013 0.016 0.017 0.008 0.128 0.45 0.02 0.038 0.042 0.011 0.02 0.028 0.005 0.018 0.095
189 L 0.036 0.017 0.011 0.013 0.013 0.012 0.015 0.017 0.008 0.233 0.345 0.02 0.035 0.04 0.011 0.02 0.029 0.005 0.017 0.104
190 P 0.044 0.02 0.018 0.024 0.009 0.016 0.028 0.028 0.01 0.026 0.063 0.032 0.01 0.013 0.556 0.034 0.029 0.002 0.011 0.028
191 F 0.031 0.015 0.013 0.014 0.01 0.009 0.015 0.02 0.012 0.102 0.097 0.016 0.022 0.41 0.009 0.021 0.023 0.012 0.059 0.091
192 A 0.261 0.024 0.022 0.023 0.015 0.019 0.029 0.048 0.012 0.072 0.091 0.032 0.018 0.056 0.02 0.11 0.041 0.005 0.019 0.084
193 F 0.03 0.016 0.014 0.014 0.05 0.01 0.016 0.02 0.018 0.046 0.08 0.017 0.019 0.39 0.01 0.022 0.021 0.015 0.149 0.042
194 F 0.035 0.021 0.015 0.015 0.011 0.016 0.019 0.021 0.014 0.067 0.15 0.023 0.178 0.213 0.011 0.025 0.027 0.01 0.069 0.06
195 L 0.042 0.017 0.012 0.013 0.014 0.012 0.016 0.018 0.007 0.215 0.257 0.02 0.032 0.036 0.012 0.022 0.032 0.005 0.017 0.202
196 S 0.075 0.031 0.07 0.038 0.054 0.025 0.039 0.048 0.049 0.025 0.035 0.04 0.012 0.017 0.022 0.286 0.082 0.004 0.016 0.034
197 F 0.033 0.021 0.016 0.018 0.009 0.016 0.049 0.02 0.021 0.077 0.14 0.024 0.043 0.196 0.012 0.024 0.024 0.014 0.19 0.054
198 F 0.065 0.018 0.014 0.015 0.011 0.012 0.018 0.022 0.015 0.12 0.119 0.02 0.022 0.199 0.012 0.026 0.028 0.011 0.113 0.14
199 L 0.07 0.031 0.052 0.024 0.011 0.021 0.028 0.029 0.047 0.148 0.157 0.084 0.023 0.033 0.015 0.056 0.033 0.006 0.049 0.083
200 Y 0.035 0.06 0.021 0.026 0.008 0.023 0.085 0.023 0.039 0.06 0.059 0.062 0.015 0.151 0.055 0.029 0.025 0.012 0.17 0.041
201 R 0.044 0.14 0.061 0.065 0.009 0.079 0.047 0.032 0.016 0.051 0.078 0.135 0.016 0.018 0.017 0.062 0.034 0.004 0.014 0.076
202 F 0.051 0.036 0.025 0.025 0.011 0.066 0.037 0.03 0.017 0.057 0.102 0.084 0.02 0.116 0.017 0.09 0.037 0.008 0.065 0.105
203 P 0.057 0.039 0.064 0.036 0.009 0.037 0.083 0.084 0.018 0.027 0.041 0.104 0.012 0.066 0.121 0.044 0.062 0.007 0.057 0.032
204 G 0.043 0.071 0.121 0.052 0.008 0.05 0.038 0.158 0.02 0.026 0.066 0.109 0.013 0.028 0.016 0.04 0.029 0.007 0.076 0.029
205 G 0.042 0.031 0.079 0.063 0.019 0.02 0.031 0.114 0.016 0.071 0.068 0.084 0.015 0.097 0.015 0.058 0.03 0.049 0.056 0.042
206 E 0.055 0.05 0.04 0.09 0.007 0.064 0.296 0.035 0.026 0.022 0.037 0.076 0.013 0.017 0.026 0.055 0.037 0.006 0.017 0.031
207 N 0.043 0.045 0.317 0.083 0.009 0.034 0.049 0.065 0.032 0.022 0.032 0.054 0.011 0.018 0.02 0.07 0.049 0.004 0.016 0.027
208 K 0.042 0.249 0.033 0.03 0.007 0.041 0.051 0.031 0.018 0.021 0.036 0.282 0.012 0.013 0.019 0.04 0.03 0.004 0.014 0.026
209 Y 0.036 0.022 0.017 0.016 0.01 0.016 0.021 0.022 0.027 0.06 0.166 0.024 0.025 0.183 0.013 0.025 0.026 0.018 0.217 0.055
210 K 0.046 0.173 0.031 0.029 0.008 0.036 0.046 0.032 0.019 0.046 0.045 0.221 0.014 0.026 0.019 0.067 0.033 0.007 0.066 0.036
211 L 0.046 0.044 0.055 0.025 0.011 0.019 0.027 0.029 0.013 0.132 0.156 0.059 0.023 0.101 0.015 0.083 0.063 0.006 0.024 0.069
212 L 0.044 0.019 0.018 0.018 0.013 0.014 0.02 0.024 0.01 0.183 0.212 0.023 0.027 0.102 0.014 0.075 0.06 0.006 0.024 0.094
213 F 0.068 0.02 0.019 0.018 0.011 0.015 0.022 0.026 0.036 0.152 0.091 0.024 0.043 0.174 0.013 0.055 0.056 0.009 0.075 0.072
214 A 0.136 0.122 0.026 0.024 0.013 0.023 0.031 0.037 0.012 0.055 0.088 0.045 0.018 0.021 0.018 0.094 0.091 0.005 0.015 0.125
215 V 0.07 0.021 0.022 0.021 0.054 0.016 0.023 0.071 0.01 0.128 0.11 0.027 0.037 0.061 0.015 0.116 0.04 0.005 0.019 0.133
216 L 0.037 0.017 0.012 0.013 0.013 0.012 0.016 0.017 0.008 0.197 0.29 0.019 0.032 0.098 0.011 0.02 0.029 0.006 0.024 0.13
217 L 0.069 0.022 0.019 0.018 0.011 0.016 0.023 0.027 0.02 0.052 0.185 0.025 0.022 0.126 0.014 0.076 0.031 0.012 0.182 0.05
218 F 0.111 0.018 0.014 0.015 0.012 0.012 0.019 0.027 0.011 0.062 0.215 0.021 0.025 0.256 0.012 0.029 0.026 0.009 0.041 0.063
219 L 0.056 0.017 0.013 0.014 0.013 0.013 0.017 0.02 0.008 0.194 0.215 0.021 0.029 0.068 0.013 0.025 0.045 0.005 0.02 0.192
220 G 0.253 0.023 0.027 0.027 0.014 0.019 0.029 0.257 0.012 0.026 0.036 0.033 0.011 0.016 0.021 0.103 0.038 0.004 0.012 0.039
221 C 0.077 0.018 0.018 0.018 0.179 0.014 0.019 0.027 0.008 0.161 0.082 0.023 0.02 0.024 0.015 0.039 0.112 0.004 0.014 0.129
222 L 0.055 0.017 0.012 0.014 0.054 0.012 0.016 0.02 0.008 0.207 0.222 0.02 0.029 0.068 0.012 0.023 0.031 0.005 0.02 0.155
223 F 0.038 0.015 0.013 0.014 0.012 0.01 0.016 0.019 0.01 0.179 0.106 0.018 0.024 0.238 0.011 0.022 0.029 0.008 0.04 0.179
224 A 0.329 0.023 0.02 0.022 0.14 0.018 0.029 0.054 0.011 0.034 0.047 0.032 0.014 0.017 0.021 0.082 0.039 0.004 0.013 0.051
225 G 0.091 0.02 0.031 0.027 0.01 0.016 0.023 0.532 0.011 0.017 0.025 0.029 0.008 0.013 0.016 0.067 0.028 0.004 0.009 0.023
226 N 0.034 0.036 0.458 0.066 0.007 0.027 0.039 0.052 0.025 0.018 0.025 0.043 0.009 0.014 0.016 0.055 0.039 0.004 0.012 0.021
227 F 0.03 0.017 0.013 0.013 0.01 0.01 0.015 0.019 0.011 0.065 0.238 0.017 0.027 0.346 0.009 0.02 0.022 0.011 0.052 0.055
228 A 0.353 0.025 0.021 0.023 0.016 0.021 0.031 0.054 0.012 0.041 0.063 0.034 0.06 0.02 0.022 0.062 0.064 0.005 0.015 0.057
229 F 0.028 0.017 0.015 0.014 0.008 0.011 0.017 0.02 0.02 0.046 0.08 0.018 0.019 0.396 0.01 0.021 0.021 0.016 0.181 0.042
230 L 0.034 0.018 0.013 0.014 0.01 0.012 0.017 0.019 0.015 0.139 0.178 0.02 0.025 0.155 0.011 0.021 0.026 0.053 0.126 0.095
231 L 0.038 0.017 0.012 0.013 0.013 0.012 0.015 0.017 0.007 0.259 0.29 0.019 0.033 0.038 0.012 0.02 0.03 0.005 0.017 0.133
232 A 0.2 0.025 0.029 0.028 0.014 0.02 0.031 0.172 0.013 0.03 0.042 0.034 0.013 0.052 0.02 0.147 0.061 0.005 0.017 0.047
233 I 0.04 0.017 0.015 0.016 0.013 0.013 0.017 0.02 0.009 0.225 0.141 0.021 0.048 0.119 0.012 0.027 0.07 0.006 0.026 0.145
234 F 0.085 0.017 0.015 0.015 0.053 0.012 0.018 0.067 0.011 0.091 0.135 0.02 0.022 0.235 0.012 0.029 0.027 0.008 0.038 0.092
235 L 0.067 0.018 0.015 0.016 0.012 0.013 0.018 0.023 0.01 0.158 0.242 0.021 0.028 0.138 0.013 0.049 0.031 0.007 0.028 0.093
236 F 0.028 0.017 0.016 0.015 0.008 0.011 0.018 0.021 0.049 0.047 0.084 0.017 0.019 0.449 0.009 0.021 0.02 0.014 0.096 0.041
237 F 0.066 0.02 0.017 0.017 0.012 0.014 0.021 0.023 0.078 0.144 0.149 0.022 0.024 0.152 0.012 0.026 0.028 0.007 0.034 0.133
238 F 0.078 0.02 0.021 0.021 0.012 0.015 0.023 0.113 0.011 0.07 0.084 0.026 0.04 0.145 0.056 0.081 0.034 0.007 0.028 0.116
239 L 0.042 0.02 0.016 0.016 0.012 0.015 0.019 0.063 0.012 0.097 0.255 0.023 0.072 0.092 0.013 0.049 0.03 0.007 0.054 0.092
240 Y 0.037 0.021 0.018 0.017 0.009 0.015 0.021 0.022 0.04 0.1 0.107 0.023 0.02 0.173 0.012 0.05 0.027 0.014 0.214 0.057
241 Y 0.043 0.026 0.023 0.031 0.01 0.024 0.118 0.025 0.019 0.097 0.106 0.034 0.019 0.083 0.016 0.053 0.085 0.01 0.121 0.058
242 L 0.05 0.017 0.012 0.014 0.012 0.011 0.016 0.02 0.009 0.164 0.234 0.019 0.029 0.173 0.011 0.022 0.028 0.007 0.032 0.119
243 I 0.047 0.018 0.015 0.018 0.016 0.013 0.018 0.021 0.009 0.271 0.168 0.024 0.037 0.044 0.015 0.025 0.04 0.006 0.021 0.177
244 I 0.038 0.017 0.013 0.014 0.056 0.012 0.016 0.019 0.013 0.205 0.179 0.02 0.027 0.094 0.012 0.022 0.029 0.008 0.089 0.117
245 F 0.053 0.124 0.031 0.028 0.01 0.028 0.038 0.036 0.016 0.032 0.054 0.118 0.015 0.158 0.018 0.128 0.039 0.007 0.032 0.035
246 K 0.046 0.048 0.026 0.028 0.01 0.029 0.065 0.069 0.013 0.074 0.089 0.199 0.018 0.055 0.018 0.037 0.057 0.005 0.018 0.097
247 S 0.084 0.101 0.06 0.068 0.01 0.053 0.044 0.082 0.016 0.027 0.067 0.094 0.014 0.017 0.02 0.151 0.042 0.004 0.013 0.033
248 N 0.037 0.112 0.25 0.046 0.007 0.041 0.041 0.04 0.02 0.027 0.036 0.104 0.012 0.017 0.016 0.045 0.035 0.046 0.016 0.051
249 N 0.049 0.047 0.18 0.086 0.008 0.049 0.175 0.05 0.029 0.022 0.034 0.064 0.012 0.017 0.023 0.062 0.043 0.005 0.016 0.029
250 S 0.113 0.069 0.034 0.068 0.012 0.029 0.07 0.042 0.014 0.033 0.057 0.099 0.014 0.017 0.021 0.145 0.095 0.004 0.014 0.052
251 R 0.045 0.221 0.033 0.03 0.008 0.041 0.05 0.032 0.018 0.069 0.056 0.201 0.017 0.018 0.02 0.041 0.034 0.005 0.016 0.047
252 F 0.034 0.018 0.014 0.014 0.01 0.013 0.018 0.019 0.016 0.15 0.133 0.021 0.068 0.187 0.011 0.022 0.026 0.011 0.127 0.086
253 I 0.048 0.018 0.015 0.018 0.016 0.013 0.018 0.021 0.009 0.264 0.17 0.024 0.037 0.045 0.015 0.025 0.04 0.006 0.021 0.178
254 N 0.071 0.102 0.119 0.034 0.009 0.052 0.039 0.078 0.018 0.04 0.093 0.101 0.015 0.024 0.017 0.066 0.034 0.006 0.046 0.037
255 K 0.056 0.043 0.022 0.023 0.01 0.074 0.038 0.027 0.015 0.069 0.137 0.145 0.021 0.031 0.016 0.033 0.031 0.048 0.05 0.111
256 L 0.047 0.026 0.052 0.024 0.012 0.018 0.025 0.028 0.011 0.15 0.209 0.055 0.025 0.065 0.015 0.101 0.037 0.005 0.02 0.074
257 Q 0.056 0.074 0.044 0.047 0.009 0.215 0.103 0.041 0.029 0.026 0.047 0.091 0.021 0.015 0.024 0.056 0.041 0.006 0.021 0.035
258 L 0.047 0.106 0.025 0.025 0.011 0.072 0.043 0.028 0.015 0.071 0.187 0.102 0.027 0.029 0.017 0.035 0.035 0.005 0.018 0.101
259 L 0.05 0.029 0.023 0.022 0.013 0.02 0.027 0.027 0.013 0.095 0.197 0.061 0.026 0.038 0.042 0.065 0.095 0.007 0.054 0.096
260 K 0.041 0.135 0.059 0.031 0.007 0.058 0.046 0.032 0.017 0.044 0.047 0.228 0.014 0.085 0.018 0.046 0.031 0.006 0.022 0.034
261 N 0.071 0.032 0.13 0.032 0.011 0.021 0.03 0.075 0.014 0.11 0.095 0.086 0.018 0.04 0.016 0.04 0.051 0.005 0.016 0.107
262 F 0.034 0.019 0.017 0.017 0.011 0.011 0.019 0.025 0.017 0.063 0.114 0.019 0.025 0.387 0.011 0.025 0.025 0.017 0.089 0.055
263 I 0.047 0.018 0.015 0.018 0.016 0.013 0.018 0.021 0.009 0.271 0.168 0.024 0.037 0.044 0.015 0.025 0.04 0.006 0.021 0.177
264 F 0.034 0.019 0.017 0.017 0.011 0.011 0.019 0.025 0.017 0.063 0.114 0.019 0.025 0.387 0.011 0.025 0.025 0.017 0.089 0.055
265 I 0.047 0.018 0.015 0.018 0.016 0.013 0.018 0.021 0.009 0.271 0.168 0.024 0.037 0.044 0.015 0.025 0.04 0.006 0.021 0.177
266 L 0.045 0.024 0.014 0.015 0.016 0.016 0.02 0.021 0.01 0.115 0.375 0.025 0.05 0.055 0.014 0.024 0.033 0.007 0.022 0.096
267 K 0.057 0.107 0.042 0.042 0.009 0.054 0.071 0.043 0.021 0.028 0.043 0.278 0.016 0.016 0.028 0.054 0.04 0.005 0.017 0.033
268 F 0.034 0.017 0.013 0.013 0.011 0.011 0.016 0.019 0.013 0.112 0.211 0.019 0.027 0.232 0.01 0.021 0.025 0.01 0.085 0.1
269 L 0.065 0.017 0.014 0.015 0.012 0.012 0.017 0.022 0.01 0.182 0.189 0.02 0.027 0.177 0.012 0.032 0.029 0.007 0.033 0.109
270 N 0.05 0.076 0.179 0.062 0.009 0.044 0.06 0.054 0.026 0.025 0.037 0.166 0.013 0.017 0.024 0.062 0.045 0.005 0.016 0.03
271 S 0.11 0.04 0.054 0.049 0.018 0.033 0.052 0.066 0.019 0.03 0.042 0.054 0.016 0.021 0.03 0.22 0.082 0.005 0.018 0.042
272 R 0.045 0.345 0.039 0.031 0.008 0.048 0.052 0.033 0.023 0.023 0.047 0.12 0.016 0.017 0.019 0.045 0.035 0.006 0.017 0.031
273 T 0.063 0.034 0.032 0.029 0.017 0.028 0.034 0.036 0.015 0.077 0.131 0.041 0.09 0.036 0.022 0.064 0.143 0.007 0.021 0.082
274 R 0.045 0.345 0.039 0.031 0.008 0.048 0.052 0.033 0.023 0.023 0.047 0.12 0.016 0.017 0.019 0.045 0.035 0.006 0.017 0.031
275 V 0.059 0.02 0.016 0.018 0.018 0.015 0.021 0.023 0.008 0.218 0.149 0.025 0.034 0.04 0.016 0.029 0.045 0.006 0.021 0.223
276 L 0.039 0.022 0.016 0.016 0.013 0.013 0.02 0.023 0.013 0.089 0.245 0.022 0.038 0.221 0.012 0.025 0.029 0.012 0.056 0.076
277 L 0.048 0.028 0.017 0.018 0.016 0.022 0.024 0.025 0.013 0.108 0.286 0.031 0.105 0.051 0.015 0.03 0.037 0.008 0.023 0.094
278 G 0.061 0.024 0.027 0.024 0.014 0.018 0.023 0.266 0.012 0.067 0.202 0.03 0.03 0.035 0.017 0.038 0.032 0.006 0.017 0.06
279 A 0.18 0.026 0.021 0.024 0.02 0.021 0.032 0.052 0.012 0.104 0.095 0.035 0.025 0.029 0.023 0.059 0.05 0.005 0.019 0.169
280 F 0.045 0.017 0.019 0.018 0.062 0.012 0.018 0.162 0.011 0.077 0.13 0.021 0.02 0.176 0.012 0.044 0.027 0.008 0.046 0.076
281 A 0.2 0.036 0.04 0.039 0.02 0.029 0.046 0.072 0.017 0.036 0.051 0.049 0.017 0.021 0.03 0.152 0.066 0.005 0.018 0.055
282 I 0.045 0.018 0.015 0.017 0.014 0.013 0.019 0.022 0.011 0.193 0.14 0.022 0.031 0.162 0.013 0.026 0.036 0.009 0.042 0.152
283 L 0.051 0.019 0.021 0.02 0.059 0.015 0.021 0.122 0.01 0.152 0.164 0.025 0.023 0.068 0.014 0.082 0.035 0.005 0.019 0.075
284 L 0.084 0.02 0.018 0.018 0.014 0.015 0.021 0.027 0.009 0.163 0.168 0.025 0.036 0.065 0.015 0.064 0.062 0.005 0.02 0.152
285 L 0.047 0.02 0.019 0.019 0.013 0.015 0.021 0.025 0.01 0.096 0.158 0.024 0.024 0.138 0.014 0.059 0.112 0.007 0.028 0.151
286 L 0.037 0.018 0.012 0.013 0.012 0.012 0.016 0.018 0.009 0.142 0.306 0.02 0.054 0.124 0.011 0.021 0.028 0.007 0.027 0.114
287 G 0.055 0.021 0.023 0.021 0.051 0.016 0.021 0.181 0.01 0.067 0.173 0.026 0.024 0.06 0.015 0.039 0.075 0.006 0.019 0.098
288 V 0.08 0.018 0.015 0.016 0.014 0.014 0.019 0.044 0.008 0.149 0.182 0.022 0.026 0.065 0.014 0.031 0.059 0.005 0.02 0.197
289 L 0.079 0.022 0.02 0.02 0.013 0.016 0.023 0.029 0.01 0.118 0.178 0.026 0.054 0.076 0.015 0.102 0.039 0.006 0.021 0.132
290 S 0.11 0.04 0.054 0.049 0.018 0.033 0.052 0.066 0.019 0.03 0.042 0.054 0.016 0.021 0.03 0.22 0.082 0.005 0.018 0.042
291 L 0.063 0.02 0.021 0.02 0.012 0.015 0.022 0.07 0.011 0.087 0.18 0.025 0.023 0.15 0.014 0.101 0.035 0.007 0.029 0.095
292 P 0.051 0.024 0.086 0.031 0.01 0.019 0.029 0.117 0.013 0.03 0.043 0.032 0.023 0.068 0.224 0.087 0.048 0.004 0.018 0.044
293 Y 0.039 0.027 0.021 0.018 0.009 0.021 0.027 0.024 0.045 0.042 0.067 0.03 0.018 0.127 0.015 0.03 0.027 0.027 0.338 0.045
294 F 0.041 0.018 0.017 0.018 0.01 0.012 0.02 0.065 0.011 0.091 0.089 0.022 0.019 0.256 0.095 0.05 0.028 0.008 0.041 0.09
295 I 0.047 0.018 0.015 0.018 0.016 0.013 0.018 0.021 0.009 0.267 0.169 0.024 0.037 0.044 0.015 0.025 0.04 0.006 0.021 0.178
296 P 0.057 0.026 0.023 0.031 0.01 0.021 0.036 0.036 0.013 0.026 0.036 0.042 0.01 0.013 0.491 0.044 0.036 0.003 0.013 0.031
297 V 0.046 0.017 0.017 0.017 0.012 0.013 0.018 0.104 0.009 0.139 0.124 0.021 0.023 0.132 0.013 0.029 0.056 0.006 0.027 0.177
298 L 0.065 0.019 0.014 0.014 0.012 0.014 0.019 0.021 0.014 0.142 0.255 0.022 0.045 0.051 0.013 0.025 0.029 0.009 0.112 0.103
299 D 0.048 0.032 0.126 0.135 0.009 0.026 0.081 0.059 0.016 0.054 0.039 0.066 0.012 0.016 0.06 0.093 0.063 0.004 0.012 0.049
300 Y 0.033 0.021 0.016 0.015 0.008 0.016 0.021 0.02 0.032 0.044 0.063 0.023 0.016 0.157 0.012 0.024 0.023 0.02 0.372 0.065
301 I 0.061 0.018 0.016 0.017 0.013 0.014 0.02 0.023 0.009 0.19 0.144 0.023 0.025 0.082 0.014 0.053 0.061 0.006 0.022 0.19
302 V 0.045 0.025 0.04 0.064 0.011 0.034 0.088 0.027 0.016 0.091 0.087 0.033 0.018 0.069 0.016 0.059 0.059 0.008 0.082 0.128
303 S 0.058 0.041 0.098 0.065 0.01 0.033 0.129 0.041 0.017 0.024 0.034 0.1 0.012 0.015 0.021 0.158 0.096 0.004 0.013 0.032
304 V 0.075 0.023 0.08 0.024 0.013 0.017 0.024 0.029 0.011 0.107 0.144 0.027 0.045 0.028 0.015 0.039 0.088 0.005 0.016 0.191
305 I 0.04 0.017 0.013 0.014 0.013 0.013 0.017 0.018 0.01 0.219 0.205 0.02 0.051 0.058 0.012 0.022 0.031 0.007 0.05 0.17
306 L 0.045 0.028 0.027 0.074 0.01 0.029 0.176 0.027 0.031 0.074 0.186 0.039 0.021 0.025 0.017 0.073 0.033 0.005 0.016 0.063
307 L 0.04 0.07 0.022 0.025 0.01 0.075 0.065 0.024 0.014 0.065 0.228 0.096 0.086 0.029 0.015 0.031 0.03 0.005 0.017 0.055
308 K 0.046 0.087 0.034 0.034 0.007 0.044 0.058 0.035 0.017 0.022 0.035 0.411 0.013 0.013 0.022 0.044 0.032 0.004 0.014 0.027
309 L 0.065 0.028 0.031 0.029 0.014 0.021 0.032 0.039 0.014 0.054 0.168 0.035 0.024 0.091 0.019 0.158 0.091 0.007 0.025 0.055
310 V 0.045 0.03 0.083 0.095 0.011 0.061 0.043 0.033 0.016 0.096 0.073 0.038 0.019 0.085 0.017 0.044 0.079 0.006 0.024 0.1
311 G 0.068 0.02 0.034 0.029 0.009 0.016 0.022 0.573 0.012 0.016 0.025 0.029 0.008 0.014 0.016 0.045 0.026 0.005 0.009 0.021
312 G 0.079 0.023 0.039 0.034 0.011 0.019 0.026 0.505 0.014 0.019 0.029 0.034 0.009 0.016 0.019 0.052 0.03 0.005 0.011 0.025
313 S 0.112 0.04 0.036 0.104 0.011 0.029 0.073 0.084 0.015 0.027 0.042 0.122 0.034 0.016 0.021 0.142 0.041 0.004 0.013 0.034
314 N 0.041 0.044 0.337 0.081 0.009 0.033 0.048 0.063 0.031 0.022 0.031 0.052 0.011 0.017 0.02 0.068 0.048 0.004 0.015 0.026
315 G 0.055 0.027 0.041 0.071 0.01 0.037 0.105 0.184 0.014 0.038 0.044 0.037 0.013 0.052 0.017 0.089 0.061 0.005 0.016 0.084
316 S 0.063 0.048 0.038 0.077 0.01 0.031 0.127 0.04 0.051 0.026 0.036 0.045 0.012 0.023 0.02 0.209 0.046 0.006 0.047 0.043
317 S 0.087 0.032 0.043 0.039 0.014 0.026 0.042 0.053 0.015 0.024 0.033 0.043 0.012 0.017 0.024 0.381 0.065 0.004 0.014 0.033
318 L 0.039 0.023 0.109 0.026 0.011 0.018 0.022 0.068 0.013 0.115 0.24 0.027 0.092 0.033 0.013 0.031 0.031 0.005 0.016 0.069
319 G 0.087 0.023 0.03 0.028 0.009 0.042 0.028 0.408 0.012 0.018 0.027 0.033 0.009 0.013 0.1 0.066 0.029 0.004 0.01 0.024
320 T 0.052 0.025 0.027 0.024 0.013 0.02 0.027 0.029 0.044 0.11 0.077 0.031 0.041 0.024 0.018 0.053 0.244 0.005 0.017 0.119
