#Seq2Logo.py -f /work3/idamei/ssn-clusterings/clustering/2205181126/clusters/0007_143/sequences.afa -o /work3/idamei/ssn-clusterings/clustering/2205181126/clusters/0007_143/sequences.logo
#Position Specific Frequency Matrix
A R N D C Q E G H I L K M F P S T W Y V
0 L 0.052 0.032 0.02 0.02 0.016 0.028 0.028 0.028 0.016 0.1 0.197 0.036 0.161 0.048 0.016 0.036 0.04 0.008 0.024 0.092
1 D 0.041 0.03 0.069 0.397 0.008 0.03 0.091 0.047 0.019 0.022 0.028 0.045 0.009 0.015 0.022 0.052 0.035 0.004 0.011 0.024
2 F 0.034 0.019 0.017 0.017 0.011 0.011 0.019 0.025 0.017 0.063 0.114 0.019 0.025 0.387 0.011 0.025 0.025 0.017 0.089 0.055
3 S 0.11 0.04 0.054 0.049 0.018 0.033 0.052 0.066 0.019 0.03 0.042 0.054 0.016 0.021 0.03 0.22 0.082 0.005 0.018 0.042
4 E 0.055 0.05 0.04 0.09 0.007 0.064 0.296 0.035 0.026 0.022 0.037 0.076 0.013 0.017 0.026 0.055 0.037 0.006 0.017 0.031
5 I 0.047 0.018 0.015 0.018 0.016 0.013 0.018 0.021 0.009 0.271 0.168 0.024 0.037 0.044 0.015 0.025 0.04 0.006 0.021 0.177
6 I 0.047 0.018 0.015 0.018 0.016 0.013 0.018 0.021 0.009 0.271 0.168 0.024 0.037 0.044 0.015 0.025 0.04 0.006 0.021 0.177
7 K 0.057 0.107 0.042 0.042 0.009 0.054 0.071 0.043 0.021 0.028 0.043 0.278 0.016 0.016 0.028 0.054 0.04 0.005 0.017 0.033
8 L 0.054 0.03 0.019 0.02 0.016 0.026 0.027 0.027 0.015 0.107 0.186 0.034 0.155 0.046 0.016 0.035 0.041 0.008 0.023 0.115
9 S 0.099 0.084 0.051 0.046 0.016 0.035 0.052 0.061 0.02 0.028 0.042 0.063 0.015 0.02 0.028 0.204 0.074 0.005 0.017 0.04
10 D 0.04 0.03 0.068 0.405 0.007 0.03 0.09 0.046 0.018 0.022 0.028 0.044 0.009 0.015 0.022 0.052 0.035 0.004 0.011 0.024
11 G 0.064 0.027 0.033 0.03 0.014 0.021 0.029 0.171 0.017 0.085 0.074 0.035 0.02 0.04 0.021 0.058 0.117 0.009 0.06 0.073
12 D 0.045 0.034 0.052 0.259 0.009 0.037 0.142 0.039 0.019 0.035 0.081 0.05 0.016 0.021 0.022 0.048 0.035 0.005 0.014 0.036
13 F 0.033 0.019 0.017 0.017 0.01 0.01 0.019 0.025 0.017 0.063 0.113 0.019 0.025 0.395 0.01 0.025 0.025 0.017 0.088 0.054
14 F 0.033 0.019 0.017 0.017 0.01 0.01 0.019 0.025 0.017 0.063 0.113 0.019 0.025 0.395 0.01 0.025 0.025 0.017 0.088 0.054
15 N 0.046 0.058 0.127 0.102 0.008 0.038 0.059 0.047 0.091 0.026 0.039 0.115 0.013 0.03 0.022 0.053 0.038 0.007 0.053 0.029
16 F 0.033 0.019 0.017 0.017 0.01 0.01 0.019 0.025 0.017 0.063 0.113 0.019 0.025 0.395 0.01 0.025 0.025 0.017 0.088 0.054
17 I 0.046 0.018 0.014 0.017 0.016 0.014 0.018 0.02 0.009 0.257 0.197 0.024 0.038 0.045 0.014 0.025 0.038 0.006 0.021 0.163
18 F 0.033 0.019 0.017 0.017 0.01 0.01 0.019 0.025 0.017 0.063 0.113 0.019 0.025 0.395 0.01 0.025 0.025 0.017 0.088 0.054
19 N 0.061 0.041 0.133 0.106 0.011 0.034 0.057 0.054 0.121 0.024 0.035 0.05 0.013 0.022 0.023 0.105 0.05 0.005 0.027 0.029
20 H 0.042 0.045 0.17 0.057 0.008 0.036 0.051 0.049 0.221 0.022 0.035 0.049 0.013 0.025 0.019 0.053 0.036 0.006 0.039 0.024
21 W 0.041 0.025 0.02 0.02 0.009 0.018 0.027 0.035 0.016 0.03 0.051 0.027 0.015 0.054 0.011 0.052 0.031 0.429 0.06 0.032
22 G 0.066 0.039 0.036 0.035 0.013 0.079 0.049 0.174 0.017 0.064 0.102 0.05 0.022 0.025 0.021 0.067 0.061 0.006 0.017 0.058
23 E 0.055 0.056 0.041 0.077 0.008 0.11 0.247 0.036 0.026 0.023 0.039 0.079 0.015 0.016 0.025 0.055 0.038 0.006 0.018 0.032
24 Y 0.039 0.026 0.021 0.018 0.009 0.02 0.026 0.025 0.042 0.046 0.074 0.029 0.019 0.167 0.015 0.03 0.027 0.026 0.293 0.047
25 L 0.044 0.024 0.014 0.015 0.016 0.016 0.02 0.021 0.01 0.114 0.384 0.025 0.049 0.054 0.014 0.024 0.033 0.007 0.022 0.095
26 I 0.046 0.019 0.014 0.017 0.016 0.014 0.018 0.021 0.009 0.233 0.228 0.024 0.04 0.047 0.014 0.024 0.037 0.006 0.021 0.152
27 Y 0.048 0.026 0.02 0.018 0.012 0.02 0.026 0.025 0.035 0.077 0.085 0.029 0.022 0.102 0.016 0.031 0.034 0.021 0.239 0.112
28 L 0.127 0.031 0.027 0.027 0.018 0.025 0.033 0.045 0.014 0.072 0.145 0.039 0.067 0.034 0.023 0.064 0.103 0.006 0.02 0.079
29 L 0.123 0.028 0.022 0.023 0.017 0.022 0.03 0.042 0.014 0.081 0.143 0.035 0.067 0.087 0.02 0.052 0.061 0.008 0.03 0.095
30 P 0.065 0.025 0.023 0.025 0.015 0.019 0.03 0.031 0.011 0.095 0.084 0.034 0.021 0.025 0.202 0.045 0.073 0.004 0.017 0.154
31 I 0.047 0.022 0.02 0.021 0.015 0.015 0.022 0.026 0.012 0.159 0.152 0.026 0.031 0.141 0.016 0.037 0.076 0.009 0.039 0.113
32 V 0.063 0.023 0.023 0.023 0.085 0.018 0.025 0.03 0.01 0.148 0.112 0.03 0.027 0.032 0.019 0.048 0.104 0.005 0.018 0.157
33 F 0.115 0.022 0.019 0.02 0.015 0.016 0.025 0.039 0.014 0.098 0.106 0.027 0.025 0.204 0.017 0.043 0.036 0.011 0.052 0.097
34 L 0.044 0.022 0.014 0.016 0.015 0.015 0.019 0.021 0.01 0.157 0.296 0.024 0.043 0.083 0.014 0.024 0.034 0.008 0.028 0.114
35 C 0.061 0.017 0.016 0.016 0.423 0.013 0.017 0.03 0.008 0.054 0.11 0.021 0.021 0.025 0.016 0.038 0.036 0.004 0.013 0.062
36 Y 0.039 0.026 0.021 0.018 0.009 0.02 0.026 0.025 0.042 0.046 0.074 0.029 0.019 0.167 0.015 0.03 0.027 0.026 0.293 0.047
37 L 0.047 0.027 0.016 0.017 0.016 0.02 0.023 0.024 0.012 0.108 0.312 0.029 0.096 0.052 0.015 0.028 0.036 0.007 0.023 0.094
38 T 0.078 0.035 0.042 0.037 0.017 0.027 0.04 0.046 0.015 0.055 0.103 0.044 0.023 0.027 0.026 0.121 0.174 0.006 0.018 0.065
39 V 0.075 0.024 0.022 0.022 0.019 0.019 0.027 0.03 0.01 0.143 0.116 0.03 0.029 0.033 0.018 0.061 0.053 0.005 0.02 0.245
40 R 0.046 0.318 0.039 0.032 0.008 0.048 0.054 0.034 0.023 0.024 0.045 0.143 0.015 0.017 0.02 0.045 0.035 0.006 0.017 0.031
41 K 0.051 0.112 0.122 0.052 0.009 0.047 0.062 0.048 0.024 0.025 0.04 0.205 0.014 0.016 0.024 0.057 0.041 0.005 0.017 0.031
42 L 0.049 0.034 0.031 0.026 0.014 0.027 0.034 0.031 0.113 0.075 0.185 0.037 0.07 0.041 0.018 0.042 0.065 0.007 0.032 0.07
43 A 0.267 0.029 0.024 0.028 0.021 0.024 0.038 0.07 0.014 0.06 0.069 0.041 0.019 0.023 0.027 0.077 0.049 0.005 0.018 0.098
44 G 0.058 0.022 0.023 0.022 0.014 0.017 0.023 0.147 0.019 0.126 0.097 0.028 0.024 0.056 0.016 0.035 0.036 0.011 0.095 0.131
45 G 0.067 0.033 0.11 0.045 0.011 0.027 0.038 0.168 0.027 0.028 0.042 0.043 0.014 0.046 0.021 0.095 0.047 0.011 0.093 0.034
46 I 0.047 0.018 0.015 0.017 0.016 0.013 0.018 0.021 0.009 0.254 0.158 0.023 0.035 0.072 0.014 0.025 0.039 0.007 0.026 0.173
47 L 0.042 0.019 0.015 0.017 0.015 0.013 0.018 0.022 0.011 0.185 0.207 0.023 0.037 0.134 0.013 0.025 0.034 0.009 0.038 0.124
48 D 0.04 0.029 0.068 0.406 0.007 0.029 0.09 0.046 0.018 0.022 0.028 0.044 0.009 0.015 0.022 0.051 0.035 0.004 0.011 0.024
49 P 0.056 0.025 0.023 0.031 0.01 0.02 0.036 0.036 0.013 0.025 0.036 0.041 0.01 0.013 0.501 0.043 0.036 0.003 0.013 0.031
50 I 0.043 0.018 0.015 0.017 0.015 0.012 0.018 0.021 0.011 0.227 0.152 0.022 0.033 0.132 0.013 0.025 0.036 0.009 0.037 0.144
51 H 0.041 0.045 0.053 0.038 0.007 0.038 0.053 0.038 0.365 0.023 0.038 0.045 0.015 0.03 0.019 0.041 0.026 0.007 0.056 0.023
52 F 0.035 0.021 0.018 0.017 0.01 0.013 0.021 0.025 0.024 0.058 0.101 0.022 0.023 0.329 0.012 0.026 0.026 0.019 0.148 0.052
53 Y 0.038 0.025 0.02 0.018 0.009 0.019 0.025 0.025 0.039 0.048 0.079 0.028 0.02 0.196 0.014 0.029 0.027 0.025 0.268 0.048
54 F 0.035 0.021 0.018 0.017 0.01 0.013 0.021 0.025 0.024 0.058 0.101 0.022 0.023 0.329 0.012 0.026 0.026 0.019 0.148 0.052
55 T 0.129 0.034 0.038 0.035 0.018 0.027 0.039 0.051 0.014 0.05 0.063 0.045 0.019 0.023 0.028 0.089 0.206 0.006 0.017 0.069
56 F 0.033 0.019 0.017 0.017 0.01 0.01 0.019 0.025 0.017 0.062 0.113 0.019 0.025 0.396 0.01 0.025 0.025 0.017 0.087 0.054
57 T 0.073 0.032 0.042 0.036 0.016 0.025 0.035 0.161 0.014 0.044 0.055 0.042 0.017 0.022 0.025 0.081 0.201 0.006 0.016 0.058
58 F 0.043 0.023 0.023 0.022 0.012 0.015 0.024 0.029 0.016 0.06 0.1 0.025 0.024 0.303 0.015 0.042 0.083 0.014 0.07 0.058
59 G 0.077 0.023 0.039 0.033 0.011 0.019 0.025 0.517 0.013 0.019 0.028 0.033 0.009 0.016 0.019 0.051 0.029 0.005 0.011 0.024
60 T 0.072 0.035 0.043 0.037 0.018 0.027 0.039 0.043 0.014 0.053 0.064 0.045 0.019 0.023 0.027 0.091 0.258 0.006 0.018 0.07
61 S 0.156 0.037 0.046 0.043 0.018 0.031 0.049 0.068 0.018 0.033 0.046 0.051 0.016 0.021 0.029 0.195 0.073 0.005 0.017 0.048
62 Y 0.04 0.028 0.021 0.018 0.009 0.021 0.028 0.025 0.046 0.043 0.067 0.031 0.018 0.129 0.015 0.031 0.028 0.028 0.328 0.046
63 A 0.253 0.033 0.032 0.034 0.02 0.027 0.043 0.074 0.016 0.039 0.054 0.046 0.017 0.021 0.029 0.121 0.057 0.005 0.017 0.061
64 V 0.058 0.02 0.015 0.017 0.017 0.015 0.02 0.022 0.008 0.222 0.147 0.024 0.034 0.039 0.015 0.029 0.044 0.006 0.02 0.227
65 V 0.063 0.021 0.016 0.018 0.018 0.015 0.022 0.023 0.008 0.192 0.138 0.025 0.032 0.037 0.016 0.03 0.046 0.006 0.02 0.253
66 L 0.109 0.027 0.018 0.02 0.017 0.021 0.027 0.037 0.013 0.088 0.233 0.032 0.07 0.073 0.018 0.042 0.038 0.008 0.027 0.084
67 I 0.046 0.02 0.015 0.017 0.016 0.015 0.019 0.021 0.01 0.225 0.223 0.025 0.051 0.046 0.014 0.025 0.038 0.006 0.021 0.147
68 L 0.046 0.026 0.015 0.016 0.016 0.019 0.022 0.023 0.011 0.11 0.337 0.028 0.08 0.052 0.014 0.027 0.035 0.007 0.022 0.094
69 W 0.041 0.022 0.017 0.016 0.129 0.016 0.022 0.029 0.021 0.037 0.059 0.024 0.016 0.067 0.012 0.029 0.027 0.258 0.119 0.04
70 I 0.052 0.021 0.041 0.023 0.016 0.016 0.021 0.025 0.01 0.23 0.145 0.026 0.033 0.039 0.015 0.03 0.042 0.006 0.02 0.188
71 H 0.042 0.047 0.046 0.035 0.008 0.036 0.05 0.036 0.283 0.026 0.043 0.063 0.016 0.045 0.019 0.041 0.028 0.011 0.098 0.027
72 D 0.05 0.03 0.104 0.259 0.008 0.027 0.067 0.167 0.019 0.021 0.028 0.043 0.009 0.016 0.021 0.054 0.036 0.004 0.012 0.024
73 Y 0.041 0.027 0.02 0.018 0.011 0.02 0.026 0.024 0.037 0.061 0.147 0.029 0.026 0.11 0.015 0.029 0.029 0.022 0.251 0.058
74 I 0.046 0.017 0.014 0.017 0.016 0.013 0.017 0.02 0.009 0.282 0.165 0.023 0.036 0.044 0.014 0.025 0.039 0.006 0.02 0.174
75 P 0.052 0.026 0.034 0.124 0.009 0.023 0.049 0.038 0.014 0.025 0.034 0.042 0.01 0.013 0.381 0.045 0.035 0.003 0.012 0.029
76 D 0.042 0.03 0.119 0.228 0.01 0.026 0.062 0.044 0.019 0.087 0.063 0.041 0.016 0.023 0.02 0.049 0.039 0.004 0.014 0.062
77 H 0.042 0.036 0.047 0.124 0.01 0.03 0.054 0.036 0.189 0.045 0.122 0.04 0.022 0.032 0.018 0.04 0.03 0.006 0.036 0.041
78 L 0.043 0.024 0.016 0.016 0.014 0.017 0.022 0.022 0.019 0.11 0.287 0.026 0.04 0.072 0.014 0.026 0.032 0.012 0.098 0.089
79 F 0.053 0.024 0.026 0.024 0.013 0.016 0.027 0.035 0.017 0.058 0.117 0.028 0.025 0.274 0.015 0.077 0.04 0.013 0.064 0.054
80 S 0.11 0.04 0.054 0.049 0.017 0.033 0.052 0.066 0.019 0.03 0.042 0.054 0.016 0.021 0.03 0.221 0.082 0.005 0.017 0.042
81 Y 0.105 0.028 0.022 0.021 0.012 0.022 0.031 0.038 0.038 0.043 0.065 0.034 0.018 0.102 0.019 0.044 0.033 0.022 0.25 0.051
82 L 0.05 0.03 0.018 0.019 0.016 0.025 0.026 0.026 0.014 0.103 0.242 0.033 0.142 0.049 0.015 0.033 0.038 0.008 0.023 0.092
83 L 0.051 0.02 0.015 0.017 0.017 0.015 0.019 0.021 0.009 0.21 0.211 0.024 0.038 0.044 0.015 0.026 0.04 0.006 0.021 0.181
84 L 0.042 0.02 0.015 0.016 0.015 0.013 0.019 0.022 0.011 0.171 0.225 0.023 0.038 0.135 0.013 0.024 0.034 0.009 0.038 0.118
85 S 0.088 0.032 0.037 0.035 0.017 0.026 0.039 0.048 0.015 0.077 0.12 0.042 0.025 0.03 0.023 0.147 0.065 0.006 0.019 0.11
86 N 0.042 0.044 0.327 0.082 0.009 0.033 0.049 0.064 0.031 0.022 0.031 0.053 0.011 0.018 0.02 0.069 0.049 0.004 0.015 0.027
87 W 0.072 0.024 0.016 0.017 0.013 0.017 0.024 0.033 0.013 0.069 0.146 0.026 0.026 0.05 0.013 0.032 0.032 0.253 0.044 0.082
88 L 0.053 0.022 0.015 0.016 0.017 0.016 0.021 0.022 0.009 0.158 0.263 0.025 0.041 0.046 0.015 0.027 0.039 0.006 0.021 0.17
89 L 0.112 0.024 0.018 0.02 0.017 0.017 0.025 0.037 0.012 0.095 0.171 0.028 0.031 0.127 0.017 0.041 0.039 0.009 0.037 0.124
90 L 0.043 0.025 0.016 0.017 0.015 0.018 0.022 0.024 0.013 0.097 0.269 0.026 0.074 0.138 0.014 0.027 0.033 0.01 0.039 0.084
91 A 0.179 0.025 0.02 0.023 0.019 0.02 0.03 0.05 0.011 0.132 0.103 0.034 0.025 0.03 0.022 0.056 0.047 0.005 0.019 0.147
92 I 0.093 0.028 0.032 0.031 0.017 0.022 0.034 0.044 0.013 0.157 0.105 0.037 0.026 0.032 0.022 0.116 0.057 0.005 0.019 0.11
93 G 0.065 0.027 0.032 0.029 0.012 0.021 0.031 0.158 0.024 0.038 0.062 0.034 0.017 0.14 0.018 0.084 0.041 0.014 0.111 0.041
94 L 0.058 0.029 0.026 0.024 0.014 0.023 0.03 0.036 0.015 0.068 0.168 0.034 0.063 0.045 0.017 0.078 0.044 0.13 0.033 0.064
95 R 0.06 0.142 0.038 0.032 0.012 0.034 0.044 0.039 0.076 0.047 0.128 0.067 0.024 0.029 0.02 0.085 0.044 0.006 0.025 0.048
96 A 0.188 0.031 0.029 0.03 0.019 0.025 0.038 0.06 0.015 0.057 0.136 0.041 0.025 0.029 0.025 0.106 0.053 0.006 0.018 0.068
97 A 0.188 0.036 0.042 0.04 0.019 0.03 0.047 0.07 0.017 0.035 0.048 0.049 0.016 0.021 0.029 0.17 0.068 0.005 0.017 0.052
98 Y 0.042 0.106 0.024 0.021 0.011 0.025 0.03 0.025 0.028 0.099 0.09 0.05 0.023 0.102 0.016 0.032 0.032 0.016 0.153 0.075
99 R 0.064 0.154 0.038 0.034 0.012 0.04 0.049 0.041 0.02 0.044 0.081 0.11 0.055 0.025 0.022 0.09 0.048 0.006 0.019 0.049
100 T 0.072 0.035 0.043 0.037 0.018 0.027 0.039 0.043 0.014 0.053 0.065 0.045 0.02 0.024 0.027 0.092 0.253 0.006 0.018 0.07
101 P 0.055 0.089 0.031 0.034 0.009 0.034 0.049 0.038 0.017 0.026 0.039 0.131 0.013 0.014 0.288 0.047 0.037 0.004 0.015 0.031
102 K 0.065 0.146 0.067 0.044 0.011 0.045 0.059 0.048 0.022 0.026 0.042 0.168 0.015 0.017 0.025 0.097 0.049 0.005 0.017 0.034
103 F 0.054 0.03 0.103 0.041 0.012 0.022 0.034 0.045 0.021 0.044 0.074 0.036 0.019 0.208 0.018 0.088 0.045 0.011 0.052 0.044
104 K 0.056 0.107 0.034 0.032 0.012 0.036 0.046 0.035 0.016 0.096 0.079 0.133 0.022 0.025 0.023 0.054 0.093 0.006 0.018 0.077
105 L 0.081 0.032 0.035 0.031 0.015 0.026 0.037 0.041 0.101 0.106 0.13 0.038 0.026 0.034 0.02 0.085 0.046 0.006 0.029 0.081
106 L 0.113 0.027 0.025 0.025 0.016 0.019 0.029 0.041 0.014 0.082 0.137 0.033 0.027 0.123 0.02 0.056 0.092 0.009 0.036 0.078
107 G 0.068 0.028 0.111 0.045 0.01 0.022 0.031 0.404 0.018 0.02 0.029 0.038 0.01 0.016 0.019 0.055 0.034 0.005 0.012 0.025
108 L 0.055 0.026 0.027 0.025 0.015 0.019 0.027 0.031 0.013 0.1 0.134 0.031 0.028 0.124 0.019 0.053 0.127 0.009 0.036 0.1
109 T 0.065 0.028 0.03 0.028 0.016 0.021 0.031 0.036 0.013 0.08 0.09 0.034 0.023 0.119 0.02 0.072 0.133 0.008 0.036 0.116
110 K 0.064 0.05 0.042 0.102 0.012 0.035 0.075 0.043 0.017 0.09 0.07 0.105 0.019 0.024 0.024 0.09 0.049 0.005 0.017 0.068
111 R 0.047 0.215 0.111 0.046 0.008 0.045 0.055 0.043 0.024 0.024 0.041 0.145 0.014 0.017 0.021 0.052 0.039 0.005 0.017 0.03
112 L 0.055 0.021 0.021 0.021 0.015 0.015 0.02 0.145 0.01 0.164 0.183 0.026 0.032 0.039 0.016 0.032 0.036 0.006 0.018 0.126
113 F 0.044 0.02 0.022 0.021 0.01 0.012 0.02 0.148 0.016 0.052 0.091 0.022 0.021 0.301 0.012 0.031 0.026 0.014 0.068 0.047
114 Y 0.041 0.036 0.106 0.039 0.009 0.028 0.039 0.038 0.122 0.033 0.051 0.04 0.016 0.076 0.017 0.043 0.033 0.017 0.182 0.035
115 T 0.074 0.033 0.038 0.034 0.017 0.026 0.037 0.043 0.014 0.062 0.139 0.042 0.026 0.03 0.024 0.11 0.157 0.006 0.019 0.069
116 C 0.055 0.018 0.015 0.016 0.254 0.013 0.017 0.026 0.009 0.121 0.17 0.022 0.029 0.034 0.015 0.032 0.036 0.005 0.017 0.095
117 D 0.047 0.125 0.071 0.149 0.008 0.048 0.148 0.04 0.023 0.023 0.037 0.094 0.013 0.016 0.023 0.052 0.037 0.005 0.015 0.029
118 L 0.073 0.042 0.028 0.027 0.014 0.027 0.037 0.036 0.022 0.06 0.141 0.077 0.026 0.056 0.021 0.052 0.09 0.011 0.096 0.064
119 N 0.042 0.044 0.327 0.082 0.009 0.033 0.049 0.064 0.031 0.022 0.031 0.053 0.011 0.018 0.02 0.069 0.049 0.004 0.015 0.027
120 R 0.062 0.118 0.038 0.047 0.01 0.041 0.109 0.039 0.028 0.029 0.048 0.069 0.015 0.046 0.022 0.09 0.045 0.011 0.095 0.037
121 N 0.057 0.136 0.138 0.053 0.01 0.042 0.055 0.051 0.024 0.025 0.039 0.128 0.014 0.017 0.023 0.086 0.048 0.005 0.017 0.031
122 V 0.113 0.023 0.019 0.02 0.017 0.017 0.026 0.037 0.013 0.122 0.119 0.029 0.039 0.124 0.018 0.042 0.041 0.008 0.037 0.137
123 I 0.052 0.018 0.015 0.017 0.017 0.014 0.019 0.021 0.009 0.252 0.156 0.024 0.035 0.041 0.015 0.027 0.042 0.006 0.02 0.2
124 F 0.045 0.021 0.016 0.016 0.014 0.013 0.02 0.024 0.013 0.1 0.185 0.022 0.033 0.22 0.013 0.027 0.033 0.011 0.054 0.121
125 F 0.058 0.039 0.033 0.032 0.011 0.072 0.049 0.039 0.025 0.039 0.066 0.047 0.02 0.134 0.019 0.085 0.043 0.053 0.092 0.043
126 L 0.042 0.02 0.015 0.016 0.015 0.013 0.019 0.022 0.011 0.171 0.225 0.023 0.038 0.135 0.013 0.024 0.034 0.009 0.038 0.118
127 L 0.044 0.024 0.014 0.015 0.016 0.016 0.02 0.021 0.01 0.114 0.385 0.025 0.049 0.054 0.014 0.024 0.033 0.007 0.022 0.095
128 L 0.038 0.021 0.015 0.016 0.012 0.014 0.02 0.024 0.013 0.122 0.179 0.022 0.031 0.138 0.012 0.024 0.03 0.132 0.049 0.088
129 F 0.045 0.02 0.016 0.017 0.014 0.013 0.02 0.024 0.013 0.128 0.148 0.022 0.03 0.219 0.013 0.027 0.034 0.011 0.054 0.134
130 L 0.054 0.024 0.019 0.019 0.016 0.019 0.023 0.025 0.012 0.155 0.169 0.028 0.068 0.071 0.016 0.035 0.058 0.007 0.027 0.154
131 Y 0.037 0.026 0.02 0.018 0.009 0.02 0.026 0.026 0.038 0.04 0.064 0.029 0.018 0.112 0.013 0.029 0.026 0.146 0.263 0.042
132 L 0.052 0.022 0.018 0.018 0.016 0.015 0.022 0.025 0.011 0.126 0.186 0.025 0.033 0.13 0.015 0.033 0.055 0.009 0.037 0.151
133 A 0.136 0.031 0.034 0.033 0.018 0.026 0.038 0.054 0.015 0.102 0.089 0.042 0.034 0.029 0.024 0.126 0.059 0.006 0.019 0.085
134 L 0.046 0.026 0.015 0.016 0.016 0.019 0.022 0.023 0.011 0.11 0.337 0.028 0.08 0.052 0.014 0.027 0.035 0.007 0.022 0.094
135 T 0.065 0.032 0.036 0.031 0.017 0.024 0.034 0.037 0.013 0.068 0.144 0.04 0.027 0.031 0.024 0.074 0.201 0.006 0.019 0.076
136 L 0.112 0.026 0.022 0.023 0.016 0.019 0.028 0.04 0.013 0.077 0.16 0.031 0.029 0.125 0.019 0.051 0.074 0.009 0.036 0.089
137 I 0.043 0.018 0.015 0.017 0.015 0.012 0.018 0.021 0.011 0.227 0.152 0.022 0.033 0.132 0.013 0.025 0.036 0.009 0.037 0.144
138 Y 0.04 0.028 0.021 0.018 0.009 0.021 0.028 0.025 0.046 0.043 0.067 0.031 0.018 0.129 0.015 0.031 0.028 0.028 0.328 0.046
139 L 0.053 0.02 0.015 0.017 0.017 0.015 0.02 0.022 0.009 0.2 0.208 0.024 0.038 0.043 0.015 0.027 0.041 0.006 0.021 0.189
140 K 0.069 0.056 0.047 0.041 0.013 0.038 0.053 0.047 0.104 0.033 0.046 0.108 0.016 0.022 0.026 0.104 0.101 0.006 0.027 0.042
141 S 0.09 0.056 0.073 0.049 0.014 0.038 0.056 0.06 0.02 0.028 0.041 0.112 0.015 0.019 0.028 0.173 0.068 0.005 0.017 0.038
142 V 0.067 0.021 0.016 0.018 0.019 0.016 0.022 0.024 0.008 0.172 0.131 0.026 0.032 0.036 0.016 0.032 0.048 0.005 0.02 0.271
143 S 0.108 0.04 0.053 0.048 0.017 0.033 0.052 0.065 0.019 0.029 0.041 0.053 0.015 0.021 0.029 0.231 0.081 0.005 0.017 0.041
144 F 0.037 0.018 0.016 0.017 0.012 0.011 0.018 0.024 0.015 0.117 0.126 0.02 0.028 0.308 0.011 0.025 0.029 0.014 0.071 0.084
145 D 0.172 0.032 0.044 0.191 0.014 0.03 0.083 0.061 0.017 0.032 0.044 0.047 0.013 0.018 0.026 0.068 0.042 0.005 0.015 0.046
146 A 0.245 0.029 0.029 0.03 0.019 0.024 0.036 0.187 0.014 0.037 0.051 0.041 0.015 0.02 0.027 0.075 0.044 0.005 0.016 0.057
147 F 0.036 0.02 0.016 0.016 0.012 0.012 0.019 0.024 0.015 0.075 0.181 0.02 0.031 0.31 0.011 0.025 0.027 0.014 0.071 0.064
148 V 0.061 0.022 0.016 0.017 0.018 0.016 0.022 0.023 0.009 0.16 0.196 0.025 0.036 0.041 0.016 0.03 0.044 0.006 0.021 0.225
149 L 0.114 0.05 0.032 0.034 0.014 0.123 0.066 0.045 0.021 0.052 0.134 0.062 0.027 0.026 0.022 0.054 0.041 0.006 0.02 0.058
150 S 0.108 0.04 0.053 0.048 0.017 0.033 0.052 0.065 0.019 0.029 0.041 0.053 0.015 0.021 0.029 0.231 0.081 0.005 0.017 0.041
151 R 0.044 0.355 0.038 0.031 0.008 0.048 0.052 0.032 0.023 0.023 0.046 0.118 0.015 0.017 0.019 0.044 0.034 0.006 0.017 0.031
152 F 0.033 0.019 0.017 0.017 0.01 0.01 0.019 0.025 0.017 0.062 0.113 0.019 0.025 0.396 0.01 0.025 0.025 0.017 0.087 0.054
153 E 0.051 0.044 0.047 0.168 0.007 0.055 0.253 0.037 0.024 0.022 0.034 0.067 0.012 0.016 0.025 0.054 0.036 0.005 0.015 0.029
154 A 0.301 0.031 0.025 0.029 0.021 0.025 0.04 0.077 0.015 0.043 0.059 0.044 0.017 0.021 0.029 0.084 0.049 0.005 0.017 0.068
155 N 0.042 0.044 0.327 0.082 0.009 0.033 0.049 0.064 0.031 0.022 0.031 0.053 0.011 0.018 0.02 0.069 0.049 0.004 0.015 0.027
156 K 0.054 0.147 0.04 0.039 0.008 0.052 0.067 0.041 0.021 0.026 0.043 0.26 0.015 0.016 0.026 0.051 0.038 0.005 0.017 0.032
157 G 0.077 0.023 0.039 0.033 0.011 0.019 0.025 0.517 0.013 0.019 0.028 0.033 0.009 0.016 0.019 0.051 0.029 0.005 0.011 0.024
158 L 0.044 0.024 0.014 0.015 0.016 0.016 0.02 0.021 0.01 0.114 0.385 0.025 0.049 0.054 0.014 0.024 0.033 0.007 0.022 0.095
159 G 0.077 0.023 0.039 0.033 0.011 0.019 0.025 0.517 0.013 0.019 0.028 0.033 0.009 0.016 0.019 0.051 0.029 0.005 0.011 0.024
160 G 0.164 0.027 0.027 0.03 0.016 0.022 0.034 0.172 0.013 0.042 0.051 0.039 0.015 0.019 0.143 0.061 0.041 0.005 0.015 0.065
161 I 0.052 0.019 0.015 0.017 0.017 0.014 0.019 0.021 0.009 0.238 0.174 0.024 0.036 0.042 0.015 0.027 0.041 0.006 0.02 0.194
162 V 0.069 0.022 0.016 0.018 0.019 0.016 0.023 0.024 0.008 0.162 0.128 0.026 0.031 0.035 0.016 0.032 0.049 0.005 0.02 0.28
163 R 0.044 0.355 0.038 0.031 0.008 0.048 0.052 0.032 0.023 0.023 0.046 0.118 0.015 0.017 0.019 0.044 0.034 0.006 0.017 0.031
164 L 0.055 0.021 0.015 0.017 0.017 0.015 0.02 0.022 0.009 0.19 0.205 0.025 0.037 0.043 0.015 0.028 0.042 0.006 0.021 0.198
165 L 0.046 0.026 0.015 0.016 0.016 0.019 0.022 0.023 0.011 0.11 0.337 0.028 0.08 0.052 0.014 0.027 0.035 0.007 0.022 0.094
166 D 0.04 0.029 0.068 0.406 0.007 0.029 0.09 0.046 0.018 0.022 0.028 0.044 0.009 0.015 0.022 0.051 0.035 0.004 0.011 0.024
167 V 0.137 0.024 0.019 0.021 0.018 0.018 0.028 0.042 0.012 0.097 0.101 0.03 0.025 0.121 0.019 0.048 0.043 0.008 0.036 0.153
168 L 0.051 0.02 0.015 0.017 0.017 0.015 0.019 0.021 0.009 0.21 0.211 0.024 0.038 0.044 0.015 0.026 0.04 0.006 0.021 0.181
169 R 0.044 0.355 0.038 0.031 0.008 0.048 0.052 0.032 0.023 0.023 0.046 0.118 0.015 0.017 0.019 0.044 0.034 0.006 0.017 0.031
170 L 0.044 0.022 0.014 0.016 0.016 0.015 0.019 0.021 0.01 0.156 0.33 0.025 0.046 0.051 0.014 0.024 0.034 0.007 0.022 0.115
171 L 0.055 0.028 0.024 0.023 0.016 0.023 0.027 0.029 0.013 0.134 0.17 0.034 0.09 0.041 0.018 0.046 0.093 0.007 0.021 0.107
172 L 0.044 0.022 0.014 0.016 0.016 0.015 0.019 0.021 0.01 0.156 0.33 0.025 0.046 0.051 0.014 0.024 0.034 0.007 0.022 0.115
173 A 0.186 0.029 0.027 0.028 0.02 0.023 0.035 0.055 0.013 0.075 0.077 0.04 0.021 0.025 0.025 0.073 0.101 0.005 0.018 0.121
174 G 0.148 0.024 0.028 0.028 0.134 0.019 0.028 0.249 0.012 0.033 0.047 0.033 0.014 0.019 0.022 0.059 0.038 0.005 0.013 0.047
175 Y 0.054 0.029 0.028 0.025 0.011 0.023 0.032 0.036 0.031 0.036 0.057 0.034 0.017 0.085 0.017 0.079 0.04 0.14 0.185 0.041
176 L 0.043 0.025 0.016 0.017 0.015 0.018 0.022 0.024 0.013 0.097 0.269 0.026 0.074 0.138 0.014 0.027 0.033 0.01 0.039 0.084
177 S 0.097 0.031 0.034 0.032 0.016 0.025 0.037 0.046 0.023 0.067 0.071 0.04 0.02 0.051 0.023 0.119 0.057 0.011 0.096 0.104
178 I 0.054 0.019 0.015 0.017 0.017 0.014 0.019 0.022 0.008 0.242 0.153 0.024 0.035 0.041 0.015 0.027 0.042 0.006 0.02 0.209
179 L 0.052 0.03 0.095 0.034 0.133 0.024 0.029 0.037 0.017 0.067 0.137 0.035 0.083 0.034 0.017 0.044 0.04 0.006 0.019 0.066
180 A 0.187 0.032 0.031 0.031 0.017 0.026 0.04 0.061 0.024 0.039 0.056 0.043 0.017 0.048 0.026 0.107 0.052 0.011 0.095 0.056
181 I 0.049 0.021 0.017 0.018 0.015 0.016 0.021 0.022 0.018 0.202 0.135 0.026 0.031 0.063 0.015 0.027 0.038 0.011 0.097 0.16
182 K 0.052 0.189 0.04 0.037 0.008 0.051 0.064 0.039 0.021 0.026 0.044 0.232 0.015 0.016 0.024 0.05 0.038 0.005 0.017 0.032
183 S 0.087 0.041 0.143 0.06 0.015 0.033 0.051 0.065 0.023 0.027 0.038 0.054 0.014 0.02 0.026 0.174 0.071 0.005 0.017 0.037
184 L 0.064 0.082 0.035 0.033 0.013 0.035 0.047 0.04 0.017 0.07 0.138 0.128 0.025 0.029 0.023 0.087 0.048 0.006 0.019 0.062
185 G 0.077 0.023 0.039 0.033 0.011 0.019 0.025 0.517 0.013 0.019 0.028 0.033 0.009 0.016 0.019 0.051 0.029 0.005 0.011 0.024
186 F 0.043 0.042 0.022 0.022 0.012 0.023 0.032 0.028 0.015 0.071 0.186 0.088 0.031 0.187 0.016 0.032 0.031 0.011 0.048 0.062
187 K 0.06 0.088 0.041 0.04 0.011 0.046 0.062 0.043 0.019 0.034 0.048 0.228 0.016 0.017 0.027 0.062 0.094 0.005 0.017 0.042
188 R 0.047 0.292 0.039 0.033 0.008 0.049 0.056 0.035 0.022 0.024 0.045 0.161 0.015 0.017 0.021 0.046 0.036 0.006 0.017 0.031
189 F 0.075 0.022 0.017 0.018 0.015 0.015 0.023 0.031 0.013 0.096 0.136 0.025 0.028 0.158 0.015 0.034 0.036 0.064 0.048 0.131
190 S 0.078 0.039 0.139 0.056 0.014 0.031 0.047 0.061 0.023 0.031 0.046 0.05 0.015 0.061 0.024 0.152 0.064 0.006 0.025 0.038
191 L 0.044 0.026 0.02 0.019 0.013 0.019 0.025 0.025 0.028 0.087 0.181 0.029 0.03 0.088 0.016 0.033 0.049 0.017 0.174 0.075
192 A 0.173 0.026 0.02 0.023 0.019 0.02 0.029 0.049 0.012 0.12 0.167 0.034 0.03 0.035 0.022 0.054 0.043 0.006 0.019 0.101
193 L 0.064 0.023 0.017 0.019 0.015 0.017 0.023 0.029 0.014 0.129 0.164 0.027 0.066 0.161 0.015 0.032 0.035 0.01 0.043 0.098
194 L 0.043 0.021 0.015 0.016 0.015 0.014 0.019 0.021 0.011 0.161 0.266 0.023 0.041 0.107 0.014 0.024 0.034 0.008 0.032 0.114
195 A 0.301 0.031 0.025 0.029 0.021 0.025 0.04 0.077 0.015 0.043 0.059 0.044 0.017 0.021 0.029 0.084 0.049 0.005 0.017 0.068
196 L 0.109 0.022 0.017 0.02 0.017 0.017 0.024 0.035 0.01 0.18 0.194 0.029 0.035 0.041 0.018 0.039 0.04 0.006 0.02 0.128
197 L 0.051 0.021 0.015 0.016 0.017 0.015 0.02 0.022 0.009 0.182 0.248 0.025 0.04 0.046 0.015 0.026 0.039 0.006 0.021 0.167
198 I 0.049 0.019 0.015 0.017 0.015 0.013 0.019 0.022 0.011 0.197 0.143 0.023 0.032 0.13 0.014 0.027 0.038 0.008 0.037 0.171
199 S 0.098 0.035 0.044 0.041 0.018 0.029 0.044 0.055 0.016 0.062 0.063 0.046 0.019 0.024 0.026 0.182 0.073 0.005 0.018 0.101
200 V 0.06 0.019 0.016 0.017 0.136 0.014 0.019 0.025 0.008 0.173 0.125 0.023 0.029 0.034 0.016 0.032 0.042 0.005 0.018 0.189
201 V 0.058 0.02 0.015 0.017 0.017 0.015 0.02 0.022 0.008 0.222 0.147 0.024 0.034 0.039 0.015 0.029 0.044 0.006 0.02 0.227
202 A 0.204 0.035 0.039 0.039 0.019 0.029 0.046 0.071 0.017 0.036 0.05 0.049 0.016 0.021 0.029 0.158 0.065 0.005 0.017 0.055
203 S 0.156 0.037 0.046 0.043 0.018 0.031 0.049 0.068 0.018 0.033 0.046 0.051 0.016 0.021 0.029 0.195 0.073 0.005 0.017 0.048
204 F 0.033 0.019 0.017 0.017 0.01 0.01 0.019 0.025 0.017 0.062 0.113 0.019 0.025 0.396 0.01 0.025 0.025 0.017 0.087 0.054
205 V 0.06 0.021 0.016 0.017 0.017 0.015 0.022 0.025 0.01 0.137 0.124 0.024 0.03 0.125 0.015 0.031 0.043 0.008 0.037 0.223
206 S 0.099 0.038 0.051 0.045 0.017 0.031 0.048 0.06 0.018 0.035 0.047 0.051 0.016 0.021 0.029 0.196 0.125 0.005 0.017 0.048
207 G 0.077 0.023 0.039 0.033 0.011 0.019 0.025 0.517 0.013 0.019 0.028 0.033 0.009 0.016 0.019 0.051 0.029 0.005 0.011 0.024
208 A 0.301 0.031 0.025 0.029 0.021 0.025 0.04 0.077 0.015 0.043 0.059 0.044 0.017 0.021 0.029 0.084 0.049 0.005 0.017 0.068
209 K 0.056 0.106 0.041 0.041 0.008 0.053 0.07 0.043 0.02 0.027 0.043 0.289 0.015 0.015 0.027 0.053 0.039 0.005 0.017 0.032
210 F 0.034 0.019 0.016 0.017 0.011 0.011 0.019 0.025 0.016 0.067 0.135 0.019 0.027 0.367 0.011 0.025 0.026 0.016 0.082 0.058
211 A 0.204 0.035 0.039 0.039 0.019 0.029 0.046 0.071 0.017 0.036 0.05 0.049 0.016 0.021 0.029 0.158 0.065 0.005 0.017 0.055
212 L 0.044 0.024 0.014 0.015 0.016 0.016 0.02 0.021 0.01 0.114 0.385 0.025 0.049 0.054 0.014 0.024 0.033 0.007 0.022 0.095
213 L 0.044 0.024 0.014 0.015 0.016 0.016 0.02 0.021 0.01 0.114 0.385 0.025 0.049 0.054 0.014 0.024 0.033 0.007 0.022 0.095
214 E 0.054 0.049 0.04 0.089 0.007 0.064 0.307 0.034 0.025 0.022 0.036 0.074 0.013 0.016 0.025 0.054 0.036 0.005 0.016 0.031
215 H 0.062 0.051 0.05 0.042 0.01 0.084 0.065 0.045 0.194 0.025 0.041 0.058 0.016 0.024 0.023 0.092 0.043 0.006 0.038 0.03
216 L 0.109 0.026 0.018 0.019 0.017 0.019 0.026 0.036 0.012 0.115 0.252 0.031 0.055 0.044 0.018 0.04 0.039 0.007 0.021 0.097
217 L 0.043 0.025 0.016 0.016 0.014 0.017 0.022 0.022 0.019 0.096 0.305 0.026 0.041 0.073 0.014 0.026 0.032 0.012 0.098 0.083
218 V 0.07 0.025 0.023 0.022 0.019 0.019 0.027 0.029 0.009 0.135 0.112 0.03 0.028 0.032 0.019 0.047 0.101 0.006 0.02 0.227
219 A 0.127 0.03 0.028 0.029 0.018 0.025 0.034 0.048 0.015 0.113 0.115 0.039 0.06 0.033 0.022 0.094 0.052 0.006 0.02 0.094
220 L 0.042 0.02 0.015 0.016 0.015 0.014 0.019 0.022 0.011 0.157 0.244 0.023 0.039 0.136 0.013 0.024 0.033 0.009 0.038 0.111
221 V 0.064 0.024 0.022 0.022 0.018 0.018 0.026 0.028 0.01 0.165 0.122 0.03 0.029 0.034 0.019 0.045 0.099 0.006 0.02 0.201
222 A 0.285 0.031 0.028 0.031 0.021 0.026 0.041 0.076 0.015 0.041 0.057 0.045 0.017 0.021 0.029 0.096 0.052 0.005 0.017 0.066
223 I 0.06 0.02 0.021 0.021 0.015 0.015 0.021 0.146 0.01 0.186 0.122 0.026 0.028 0.035 0.016 0.033 0.039 0.006 0.018 0.163
224 Y 0.038 0.025 0.02 0.018 0.009 0.019 0.025 0.025 0.039 0.048 0.079 0.028 0.02 0.196 0.014 0.029 0.027 0.025 0.268 0.048
225 I 0.052 0.018 0.015 0.017 0.017 0.014 0.019 0.021 0.009 0.252 0.156 0.024 0.035 0.041 0.015 0.027 0.042 0.006 0.02 0.2
226 F 0.047 0.025 0.027 0.023 0.01 0.018 0.026 0.149 0.055 0.042 0.07 0.029 0.018 0.181 0.015 0.035 0.027 0.017 0.146 0.041
227 S 0.088 0.04 0.046 0.055 0.054 0.038 0.111 0.053 0.019 0.031 0.044 0.055 0.015 0.02 0.027 0.16 0.081 0.005 0.017 0.042
228 G 0.069 0.106 0.038 0.033 0.01 0.026 0.032 0.396 0.016 0.02 0.032 0.055 0.011 0.016 0.019 0.049 0.031 0.005 0.012 0.026
229 W 0.035 0.049 0.017 0.017 0.01 0.017 0.024 0.028 0.014 0.092 0.08 0.031 0.02 0.052 0.01 0.025 0.028 0.335 0.051 0.066
230 K 0.053 0.168 0.04 0.038 0.008 0.051 0.065 0.04 0.021 0.026 0.043 0.246 0.015 0.016 0.025 0.051 0.038 0.005 0.017 0.032
231 P 0.054 0.023 0.021 0.027 0.012 0.019 0.031 0.032 0.012 0.09 0.068 0.036 0.017 0.02 0.379 0.039 0.037 0.003 0.015 0.066
232 K 0.058 0.105 0.035 0.034 0.011 0.043 0.057 0.037 0.018 0.061 0.064 0.209 0.019 0.02 0.024 0.047 0.041 0.005 0.018 0.094
233 L 0.047 0.022 0.015 0.016 0.015 0.015 0.02 0.023 0.011 0.113 0.253 0.024 0.038 0.135 0.014 0.026 0.035 0.009 0.038 0.131
234 T 0.06 0.079 0.115 0.048 0.013 0.033 0.046 0.048 0.063 0.036 0.048 0.057 0.016 0.022 0.023 0.085 0.134 0.006 0.022 0.046
235 L 0.044 0.021 0.017 0.017 0.014 0.014 0.02 0.063 0.012 0.121 0.25 0.024 0.038 0.135 0.014 0.027 0.032 0.009 0.037 0.092
236 K 0.053 0.168 0.04 0.038 0.008 0.051 0.065 0.04 0.021 0.026 0.043 0.246 0.015 0.016 0.025 0.051 0.038 0.005 0.017 0.032
237 T 0.068 0.032 0.038 0.034 0.016 0.024 0.036 0.042 0.015 0.051 0.072 0.04 0.02 0.116 0.023 0.098 0.17 0.008 0.035 0.061
238 I 0.069 0.019 0.015 0.018 0.017 0.015 0.02 0.025 0.009 0.238 0.172 0.025 0.035 0.042 0.016 0.03 0.04 0.006 0.02 0.167
239 L 0.056 0.024 0.016 0.017 0.017 0.019 0.023 0.024 0.011 0.144 0.212 0.028 0.071 0.044 0.015 0.03 0.042 0.006 0.022 0.178
240 L 0.055 0.021 0.015 0.017 0.017 0.015 0.02 0.022 0.009 0.19 0.205 0.025 0.037 0.043 0.015 0.028 0.042 0.006 0.021 0.198
241 A 0.122 0.027 0.027 0.028 0.016 0.02 0.032 0.047 0.015 0.104 0.094 0.035 0.023 0.12 0.021 0.091 0.049 0.008 0.036 0.084
242 G 0.063 0.023 0.026 0.024 0.014 0.017 0.023 0.269 0.011 0.07 0.185 0.029 0.028 0.033 0.016 0.038 0.032 0.006 0.016 0.075
243 L 0.053 0.024 0.017 0.018 0.017 0.017 0.022 0.024 0.01 0.135 0.276 0.027 0.041 0.046 0.016 0.032 0.056 0.006 0.021 0.146
244 L 0.042 0.022 0.015 0.016 0.015 0.014 0.019 0.022 0.011 0.129 0.28 0.023 0.041 0.138 0.013 0.024 0.032 0.009 0.038 0.098
245 G 0.1 0.031 0.037 0.035 0.016 0.024 0.036 0.168 0.015 0.049 0.125 0.04 0.022 0.028 0.023 0.122 0.053 0.006 0.017 0.053
246 V 0.077 0.026 0.025 0.025 0.018 0.02 0.03 0.034 0.011 0.139 0.11 0.032 0.028 0.032 0.019 0.082 0.056 0.005 0.02 0.211
247 A 0.143 0.025 0.022 0.025 0.018 0.02 0.031 0.045 0.012 0.13 0.099 0.035 0.025 0.03 0.062 0.065 0.048 0.005 0.018 0.142
248 L 0.046 0.027 0.016 0.017 0.016 0.02 0.022 0.023 0.012 0.109 0.321 0.028 0.09 0.052 0.015 0.028 0.035 0.007 0.023 0.094
249 I 0.045 0.018 0.015 0.017 0.015 0.013 0.018 0.022 0.011 0.217 0.149 0.022 0.033 0.131 0.014 0.025 0.036 0.008 0.037 0.153
250 G 0.148 0.028 0.03 0.03 0.017 0.023 0.033 0.171 0.014 0.052 0.13 0.038 0.023 0.028 0.023 0.085 0.045 0.006 0.017 0.059
251 F 0.037 0.023 0.019 0.018 0.01 0.016 0.023 0.025 0.031 0.053 0.09 0.025 0.022 0.262 0.013 0.028 0.026 0.022 0.208 0.05
252 V 0.063 0.021 0.016 0.018 0.018 0.015 0.022 0.023 0.008 0.192 0.138 0.025 0.032 0.037 0.016 0.03 0.046 0.006 0.02 0.253
253 L 0.044 0.024 0.014 0.015 0.016 0.016 0.02 0.021 0.01 0.114 0.385 0.025 0.049 0.054 0.014 0.024 0.033 0.007 0.022 0.095
254 F 0.035 0.021 0.018 0.017 0.01 0.013 0.021 0.025 0.024 0.058 0.101 0.022 0.023 0.329 0.012 0.026 0.026 0.019 0.148 0.052
255 L 0.048 0.028 0.017 0.017 0.016 0.022 0.024 0.024 0.013 0.106 0.289 0.03 0.111 0.051 0.015 0.03 0.036 0.007 0.023 0.093
256 L 0.044 0.023 0.014 0.015 0.016 0.015 0.019 0.021 0.01 0.142 0.348 0.025 0.047 0.052 0.014 0.024 0.034 0.007 0.022 0.108
257 T 0.077 0.045 0.046 0.042 0.015 0.078 0.058 0.048 0.019 0.04 0.054 0.058 0.019 0.02 0.027 0.117 0.159 0.006 0.018 0.054
258 F 0.042 0.044 0.025 0.023 0.009 0.026 0.035 0.029 0.03 0.046 0.076 0.091 0.02 0.189 0.017 0.034 0.03 0.018 0.17 0.045
259 L 0.136 0.032 0.077 0.036 0.017 0.025 0.036 0.052 0.016 0.059 0.137 0.041 0.025 0.029 0.023 0.068 0.097 0.006 0.018 0.068
260 S 0.108 0.04 0.053 0.048 0.017 0.033 0.052 0.065 0.019 0.029 0.041 0.053 0.015 0.021 0.029 0.231 0.081 0.005 0.017 0.041
261 E 0.076 0.044 0.047 0.156 0.009 0.063 0.192 0.044 0.023 0.025 0.037 0.064 0.013 0.017 0.025 0.071 0.041 0.005 0.016 0.033
262 G 0.133 0.034 0.045 0.041 0.016 0.028 0.043 0.18 0.017 0.029 0.041 0.047 0.014 0.02 0.027 0.162 0.063 0.005 0.016 0.041
263 L 0.045 0.021 0.014 0.016 0.016 0.015 0.019 0.021 0.009 0.184 0.293 0.024 0.044 0.05 0.014 0.024 0.036 0.007 0.021 0.128
264 G 0.077 0.023 0.039 0.033 0.011 0.019 0.025 0.517 0.013 0.019 0.028 0.033 0.009 0.016 0.019 0.051 0.029 0.005 0.011 0.024
265 Y 0.04 0.028 0.021 0.018 0.009 0.021 0.028 0.025 0.046 0.043 0.067 0.031 0.018 0.129 0.015 0.031 0.028 0.028 0.328 0.046
266 T 0.068 0.044 0.043 0.039 0.015 0.077 0.054 0.042 0.017 0.046 0.06 0.056 0.02 0.021 0.026 0.082 0.203 0.006 0.018 0.061
267 K 0.066 0.074 0.116 0.053 0.011 0.043 0.06 0.054 0.023 0.026 0.039 0.171 0.014 0.017 0.026 0.101 0.052 0.005 0.017 0.033
268 S 0.124 0.039 0.051 0.047 0.018 0.032 0.051 0.066 0.019 0.03 0.043 0.053 0.016 0.021 0.029 0.219 0.078 0.005 0.017 0.043
269 N 0.045 0.051 0.256 0.073 0.009 0.081 0.062 0.058 0.031 0.023 0.035 0.062 0.013 0.017 0.021 0.065 0.047 0.005 0.017 0.029
270 Y 0.04 0.028 0.021 0.018 0.009 0.021 0.028 0.025 0.046 0.043 0.067 0.031 0.018 0.129 0.015 0.031 0.028 0.028 0.328 0.046
271 I 0.049 0.025 0.017 0.019 0.016 0.02 0.023 0.024 0.012 0.19 0.18 0.029 0.105 0.046 0.015 0.03 0.039 0.007 0.022 0.133
272 P 0.057 0.026 0.023 0.031 0.01 0.021 0.036 0.036 0.013 0.026 0.036 0.041 0.01 0.013 0.494 0.044 0.036 0.003 0.013 0.031
273 D 0.05 0.031 0.125 0.232 0.009 0.028 0.063 0.168 0.02 0.021 0.029 0.044 0.01 0.016 0.021 0.056 0.037 0.004 0.012 0.025
274 A 0.301 0.031 0.025 0.029 0.021 0.025 0.04 0.077 0.015 0.043 0.059 0.044 0.017 0.021 0.029 0.084 0.049 0.005 0.017 0.068
275 P 0.056 0.025 0.023 0.031 0.01 0.02 0.036 0.036 0.013 0.025 0.036 0.041 0.01 0.013 0.501 0.043 0.036 0.003 0.013 0.031
276 V 0.069 0.022 0.016 0.018 0.019 0.016 0.023 0.024 0.008 0.162 0.128 0.026 0.031 0.035 0.016 0.032 0.049 0.005 0.02 0.28
277 V 0.07 0.025 0.023 0.022 0.019 0.019 0.027 0.029 0.009 0.135 0.112 0.03 0.028 0.032 0.019 0.047 0.101 0.006 0.02 0.227
278 V 0.063 0.022 0.016 0.017 0.018 0.016 0.022 0.023 0.009 0.15 0.192 0.026 0.036 0.04 0.016 0.03 0.045 0.006 0.021 0.233
279 E 0.054 0.049 0.04 0.089 0.007 0.064 0.307 0.034 0.025 0.022 0.036 0.074 0.013 0.016 0.025 0.054 0.036 0.005 0.016 0.031
280 L 0.045 0.025 0.015 0.016 0.016 0.018 0.021 0.022 0.011 0.111 0.353 0.027 0.07 0.053 0.014 0.026 0.034 0.007 0.022 0.094
281 F 0.035 0.02 0.016 0.016 0.011 0.011 0.019 0.024 0.016 0.071 0.158 0.02 0.029 0.339 0.011 0.025 0.026 0.015 0.077 0.061
282 F 0.037 0.018 0.016 0.017 0.012 0.011 0.018 0.024 0.015 0.117 0.126 0.02 0.028 0.308 0.011 0.025 0.029 0.014 0.071 0.084
283 L 0.05 0.03 0.018 0.019 0.016 0.025 0.026 0.026 0.014 0.103 0.242 0.033 0.142 0.049 0.015 0.033 0.038 0.008 0.023 0.092
284 R 0.044 0.355 0.038 0.031 0.008 0.048 0.052 0.032 0.023 0.023 0.046 0.118 0.015 0.017 0.019 0.044 0.034 0.006 0.017 0.031
285 I 0.048 0.018 0.015 0.017 0.016 0.013 0.018 0.021 0.009 0.272 0.162 0.023 0.036 0.043 0.015 0.025 0.04 0.006 0.02 0.183
286 F 0.036 0.02 0.016 0.016 0.012 0.012 0.019 0.024 0.015 0.075 0.181 0.02 0.031 0.31 0.011 0.025 0.027 0.014 0.071 0.064
287 A 0.301 0.031 0.025 0.029 0.021 0.025 0.04 0.077 0.015 0.043 0.059 0.044 0.017 0.021 0.029 0.084 0.049 0.005 0.017 0.068
288 N 0.042 0.044 0.327 0.082 0.009 0.033 0.049 0.064 0.031 0.022 0.031 0.053 0.011 0.018 0.02 0.069 0.049 0.004 0.015 0.027
289 G 0.077 0.023 0.039 0.033 0.011 0.019 0.025 0.517 0.013 0.019 0.028 0.033 0.009 0.016 0.019 0.051 0.029 0.005 0.011 0.024
290 D 0.04 0.029 0.068 0.406 0.007 0.029 0.09 0.046 0.018 0.022 0.028 0.044 0.009 0.015 0.022 0.051 0.035 0.004 0.011 0.024
291 A 0.19 0.033 0.031 0.032 0.019 0.028 0.04 0.062 0.016 0.053 0.088 0.044 0.056 0.028 0.026 0.109 0.055 0.006 0.019 0.067
292 Y 0.04 0.028 0.021 0.018 0.009 0.021 0.028 0.025 0.046 0.043 0.067 0.031 0.018 0.129 0.015 0.031 0.028 0.028 0.328 0.046
293 Y 0.04 0.028 0.021 0.018 0.009 0.021 0.028 0.025 0.046 0.043 0.067 0.031 0.018 0.129 0.015 0.031 0.028 0.028 0.328 0.046
294 F 0.036 0.02 0.016 0.016 0.012 0.012 0.019 0.024 0.015 0.075 0.181 0.02 0.031 0.31 0.011 0.025 0.027 0.014 0.071 0.064
295 S 0.108 0.04 0.053 0.048 0.017 0.033 0.052 0.065 0.019 0.029 0.041 0.053 0.015 0.021 0.029 0.231 0.081 0.005 0.017 0.041
296 L 0.044 0.024 0.014 0.015 0.016 0.016 0.02 0.021 0.01 0.114 0.385 0.025 0.049 0.054 0.014 0.024 0.033 0.007 0.022 0.095
297 P 0.06 0.028 0.028 0.032 0.012 0.022 0.036 0.037 0.013 0.032 0.043 0.042 0.012 0.015 0.383 0.055 0.091 0.003 0.014 0.04
298 N 0.045 0.051 0.256 0.073 0.009 0.081 0.062 0.058 0.031 0.023 0.035 0.062 0.013 0.017 0.021 0.065 0.047 0.005 0.017 0.029
299 G 0.116 0.113 0.041 0.037 0.014 0.032 0.043 0.172 0.018 0.027 0.042 0.063 0.014 0.019 0.024 0.115 0.051 0.005 0.016 0.039
300 V 0.069 0.022 0.016 0.018 0.019 0.016 0.023 0.024 0.008 0.162 0.128 0.026 0.031 0.035 0.016 0.032 0.049 0.005 0.02 0.28
301 I 0.048 0.019 0.015 0.017 0.016 0.014 0.019 0.021 0.009 0.23 0.217 0.024 0.039 0.045 0.015 0.025 0.038 0.006 0.021 0.163
302 D 0.04 0.029 0.068 0.406 0.007 0.029 0.09 0.046 0.018 0.022 0.028 0.044 0.009 0.015 0.022 0.051 0.035 0.004 0.011 0.024
303 G 0.067 0.03 0.047 0.128 0.013 0.025 0.047 0.202 0.015 0.036 0.052 0.041 0.026 0.021 0.022 0.075 0.093 0.005 0.014 0.042
304 L 0.044 0.022 0.014 0.016 0.016 0.015 0.019 0.021 0.01 0.156 0.33 0.025 0.046 0.051 0.014 0.024 0.034 0.007 0.022 0.115
305 H 0.061 0.048 0.12 0.053 0.01 0.067 0.06 0.052 0.139 0.025 0.038 0.057 0.015 0.022 0.022 0.098 0.048 0.006 0.03 0.03
306 V 0.063 0.021 0.016 0.018 0.018 0.015 0.022 0.023 0.008 0.192 0.138 0.025 0.032 0.037 0.016 0.03 0.046 0.006 0.02 0.253
307 E 0.056 0.056 0.113 0.076 0.009 0.052 0.182 0.046 0.025 0.023 0.036 0.103 0.013 0.017 0.025 0.072 0.044 0.005 0.016 0.031
308 N 0.056 0.037 0.181 0.057 0.011 0.027 0.042 0.055 0.024 0.034 0.054 0.045 0.016 0.113 0.02 0.098 0.051 0.008 0.034 0.037
309 P 0.081 0.031 0.027 0.033 0.012 0.039 0.043 0.042 0.015 0.027 0.039 0.046 0.012 0.014 0.383 0.063 0.041 0.003 0.014 0.035
310 V 0.056 0.02 0.016 0.017 0.017 0.014 0.02 0.023 0.01 0.185 0.138 0.024 0.032 0.098 0.015 0.029 0.042 0.007 0.031 0.207
311 Y 0.042 0.026 0.018 0.017 0.012 0.019 0.024 0.023 0.031 0.072 0.2 0.028 0.031 0.098 0.015 0.028 0.03 0.019 0.2 0.066
312 Q 0.055 0.072 0.043 0.046 0.009 0.226 0.101 0.041 0.029 0.026 0.046 0.09 0.02 0.014 0.023 0.055 0.041 0.006 0.02 0.035
313 L 0.041 0.023 0.015 0.015 0.015 0.015 0.02 0.022 0.012 0.101 0.317 0.023 0.043 0.139 0.013 0.024 0.031 0.009 0.038 0.085
314 F 0.033 0.019 0.017 0.017 0.01 0.01 0.019 0.025 0.017 0.062 0.113 0.019 0.025 0.396 0.01 0.025 0.025 0.017 0.087 0.054
315 G 0.085 0.027 0.042 0.037 0.012 0.022 0.032 0.404 0.015 0.021 0.031 0.038 0.011 0.017 0.021 0.096 0.042 0.005 0.012 0.028
316 Y 0.04 0.032 0.098 0.034 0.009 0.024 0.033 0.034 0.042 0.038 0.058 0.036 0.017 0.101 0.017 0.04 0.033 0.022 0.25 0.041
317 I 0.052 0.018 0.015 0.017 0.017 0.014 0.019 0.021 0.009 0.252 0.156 0.024 0.035 0.041 0.015 0.027 0.042 0.006 0.02 0.2
318 I 0.107 0.021 0.018 0.02 0.016 0.015 0.023 0.036 0.012 0.167 0.125 0.027 0.029 0.126 0.017 0.04 0.038 0.008 0.036 0.118
319 G 0.077 0.023 0.039 0.033 0.011 0.019 0.025 0.517 0.013 0.019 0.028 0.033 0.009 0.016 0.019 0.051 0.029 0.005 0.011 0.024
