#Seq2Logo.py -f /work3/idamei/ssn-clusterings/clustering/2205110921/clusters/0011_25/sequences.afa -o /work3/idamei/ssn-clusterings/clustering/2205110921/clusters/0011_25/sequences.logo
#Position Specific Frequency Matrix
A R N D C Q E G H I L K M F P S T W Y V
0 L 0.052 0.032 0.02 0.02 0.016 0.028 0.028 0.028 0.016 0.1 0.197 0.036 0.161 0.048 0.016 0.036 0.04 0.008 0.024 0.092
1 D 0.041 0.03 0.069 0.397 0.008 0.03 0.091 0.047 0.019 0.022 0.028 0.045 0.009 0.015 0.022 0.052 0.035 0.004 0.011 0.024
2 F 0.034 0.019 0.017 0.017 0.011 0.011 0.019 0.025 0.017 0.063 0.114 0.019 0.025 0.387 0.011 0.025 0.025 0.017 0.089 0.055
3 S 0.11 0.04 0.054 0.049 0.018 0.033 0.052 0.066 0.019 0.03 0.042 0.054 0.016 0.021 0.03 0.22 0.082 0.005 0.018 0.042
4 E 0.055 0.05 0.04 0.09 0.007 0.064 0.296 0.035 0.026 0.022 0.037 0.076 0.013 0.017 0.026 0.055 0.037 0.006 0.017 0.031
5 I 0.047 0.018 0.015 0.018 0.016 0.013 0.018 0.021 0.009 0.271 0.168 0.024 0.037 0.044 0.015 0.025 0.04 0.006 0.021 0.177
6 I 0.047 0.018 0.015 0.018 0.016 0.013 0.018 0.021 0.009 0.271 0.168 0.024 0.037 0.044 0.015 0.025 0.04 0.006 0.021 0.177
7 K 0.057 0.107 0.042 0.042 0.009 0.054 0.071 0.043 0.021 0.028 0.043 0.278 0.016 0.016 0.028 0.054 0.04 0.005 0.017 0.033
8 L 0.052 0.03 0.019 0.019 0.016 0.026 0.027 0.027 0.015 0.103 0.187 0.034 0.171 0.046 0.016 0.035 0.04 0.008 0.023 0.105
9 S 0.083 0.163 0.047 0.041 0.013 0.038 0.051 0.052 0.02 0.027 0.043 0.077 0.015 0.019 0.025 0.165 0.062 0.005 0.017 0.037
10 D 0.04 0.029 0.067 0.414 0.007 0.029 0.089 0.045 0.018 0.022 0.027 0.044 0.009 0.015 0.022 0.051 0.034 0.004 0.011 0.024
11 Y 0.063 0.029 0.032 0.029 0.013 0.023 0.032 0.11 0.026 0.064 0.066 0.036 0.018 0.064 0.02 0.077 0.086 0.014 0.139 0.059
12 D 0.049 0.033 0.038 0.16 0.011 0.034 0.132 0.033 0.017 0.064 0.129 0.046 0.023 0.027 0.02 0.043 0.037 0.005 0.016 0.083
13 F 0.033 0.018 0.016 0.016 0.01 0.01 0.018 0.025 0.016 0.062 0.111 0.018 0.025 0.403 0.01 0.025 0.025 0.016 0.086 0.054
14 F 0.033 0.018 0.016 0.016 0.01 0.01 0.018 0.025 0.016 0.062 0.111 0.018 0.025 0.403 0.01 0.025 0.025 0.016 0.086 0.054
15 D 0.055 0.049 0.094 0.14 0.009 0.039 0.102 0.047 0.059 0.025 0.036 0.089 0.013 0.024 0.023 0.081 0.043 0.006 0.036 0.03
16 F 0.033 0.018 0.016 0.016 0.01 0.01 0.018 0.025 0.016 0.062 0.111 0.018 0.025 0.403 0.01 0.025 0.025 0.016 0.086 0.054
17 I 0.049 0.019 0.014 0.017 0.016 0.014 0.019 0.021 0.009 0.229 0.211 0.024 0.038 0.044 0.014 0.025 0.039 0.006 0.02 0.172
18 F 0.033 0.018 0.016 0.016 0.01 0.01 0.018 0.025 0.016 0.062 0.111 0.018 0.025 0.403 0.01 0.025 0.025 0.016 0.086 0.054
19 S 0.076 0.039 0.096 0.078 0.014 0.032 0.052 0.055 0.074 0.03 0.041 0.049 0.015 0.021 0.025 0.146 0.092 0.005 0.022 0.039
20 N 0.041 0.044 0.204 0.061 0.008 0.035 0.05 0.051 0.188 0.022 0.034 0.049 0.013 0.023 0.019 0.055 0.038 0.006 0.034 0.024
21 W 0.039 0.025 0.02 0.018 0.009 0.018 0.026 0.031 0.025 0.033 0.055 0.027 0.016 0.077 0.011 0.041 0.028 0.32 0.146 0.035
22 I 0.097 0.031 0.027 0.028 0.015 0.052 0.038 0.113 0.014 0.13 0.114 0.04 0.025 0.03 0.02 0.056 0.052 0.006 0.018 0.094
23 E 0.057 0.048 0.04 0.073 0.008 0.083 0.238 0.11 0.024 0.022 0.036 0.07 0.013 0.016 0.024 0.053 0.035 0.005 0.016 0.03
24 Y 0.039 0.027 0.021 0.018 0.009 0.02 0.027 0.024 0.043 0.044 0.07 0.029 0.019 0.149 0.015 0.03 0.027 0.026 0.317 0.046
25 L 0.045 0.024 0.015 0.016 0.016 0.017 0.02 0.022 0.011 0.137 0.326 0.026 0.067 0.051 0.014 0.026 0.034 0.007 0.022 0.105
26 L 0.049 0.022 0.018 0.019 0.016 0.016 0.021 0.024 0.01 0.185 0.236 0.027 0.038 0.044 0.016 0.034 0.071 0.006 0.02 0.126
27 Y 0.044 0.026 0.019 0.018 0.012 0.02 0.025 0.024 0.034 0.071 0.126 0.029 0.025 0.102 0.015 0.03 0.031 0.021 0.239 0.09
28 A 0.138 0.029 0.027 0.027 0.092 0.023 0.032 0.047 0.013 0.059 0.107 0.037 0.045 0.028 0.023 0.067 0.111 0.006 0.018 0.071
29 F 0.084 0.024 0.019 0.02 0.015 0.017 0.025 0.033 0.014 0.079 0.171 0.028 0.053 0.179 0.016 0.039 0.046 0.01 0.046 0.082
30 L 0.053 0.023 0.019 0.021 0.015 0.017 0.025 0.027 0.011 0.094 0.182 0.029 0.03 0.092 0.116 0.035 0.054 0.007 0.029 0.123
31 F 0.047 0.02 0.018 0.019 0.088 0.014 0.02 0.026 0.011 0.148 0.133 0.023 0.028 0.149 0.015 0.034 0.057 0.009 0.039 0.103
32 C 0.1 0.022 0.021 0.021 0.203 0.017 0.024 0.037 0.01 0.101 0.088 0.029 0.022 0.026 0.019 0.051 0.076 0.005 0.016 0.113
33 F 0.08 0.021 0.017 0.018 0.014 0.014 0.022 0.032 0.014 0.089 0.151 0.024 0.028 0.244 0.014 0.034 0.032 0.012 0.057 0.083
34 L 0.046 0.023 0.019 0.019 0.015 0.016 0.022 0.025 0.012 0.12 0.249 0.026 0.037 0.119 0.015 0.034 0.068 0.009 0.034 0.094
35 C 0.056 0.019 0.015 0.015 0.312 0.013 0.017 0.027 0.009 0.07 0.19 0.022 0.028 0.033 0.015 0.033 0.034 0.005 0.016 0.07
36 Y 0.037 0.024 0.019 0.018 0.01 0.017 0.024 0.024 0.034 0.05 0.084 0.026 0.021 0.233 0.013 0.028 0.026 0.023 0.24 0.049
37 L 0.088 0.039 0.021 0.022 0.015 0.025 0.032 0.034 0.013 0.085 0.246 0.072 0.066 0.041 0.019 0.039 0.037 0.007 0.021 0.079
38 L 0.103 0.03 0.03 0.029 0.017 0.023 0.033 0.043 0.013 0.07 0.186 0.038 0.029 0.034 0.022 0.087 0.114 0.006 0.019 0.074
39 V 0.074 0.027 0.028 0.027 0.018 0.021 0.031 0.036 0.011 0.133 0.103 0.034 0.026 0.031 0.02 0.088 0.088 0.005 0.019 0.18
40 R 0.046 0.254 0.084 0.04 0.008 0.046 0.055 0.039 0.023 0.024 0.042 0.149 0.014 0.017 0.021 0.049 0.037 0.005 0.017 0.03
41 K 0.049 0.188 0.085 0.043 0.008 0.047 0.059 0.042 0.023 0.025 0.041 0.195 0.014 0.016 0.023 0.051 0.038 0.005 0.017 0.03
42 L 0.057 0.045 0.036 0.031 0.014 0.031 0.041 0.036 0.069 0.06 0.126 0.079 0.048 0.031 0.022 0.058 0.124 0.006 0.025 0.063
43 A 0.171 0.028 0.024 0.025 0.019 0.022 0.032 0.049 0.012 0.089 0.093 0.036 0.034 0.028 0.023 0.062 0.079 0.006 0.019 0.149
44 G 0.057 0.034 0.027 0.025 0.012 0.023 0.03 0.169 0.022 0.086 0.074 0.068 0.019 0.054 0.018 0.038 0.034 0.012 0.108 0.09
45 G 0.06 0.035 0.125 0.047 0.01 0.028 0.039 0.186 0.075 0.025 0.037 0.042 0.013 0.035 0.02 0.078 0.041 0.008 0.066 0.03
46 I 0.044 0.018 0.015 0.017 0.015 0.013 0.018 0.021 0.01 0.242 0.151 0.022 0.033 0.111 0.014 0.025 0.036 0.008 0.033 0.155
47 L 0.042 0.02 0.016 0.017 0.014 0.015 0.019 0.022 0.012 0.173 0.185 0.024 0.056 0.148 0.013 0.026 0.034 0.009 0.04 0.115
48 D 0.04 0.029 0.067 0.415 0.007 0.029 0.089 0.045 0.018 0.022 0.027 0.043 0.009 0.014 0.022 0.051 0.034 0.004 0.011 0.024
49 P 0.055 0.025 0.023 0.03 0.01 0.02 0.035 0.035 0.013 0.025 0.035 0.04 0.01 0.013 0.508 0.043 0.035 0.003 0.013 0.03
50 F 0.078 0.02 0.017 0.019 0.014 0.013 0.021 0.03 0.013 0.158 0.126 0.024 0.028 0.195 0.015 0.033 0.034 0.01 0.048 0.106
51 H 0.041 0.044 0.052 0.037 0.007 0.037 0.052 0.037 0.374 0.022 0.037 0.044 0.015 0.03 0.019 0.041 0.026 0.007 0.056 0.022
52 F 0.035 0.021 0.018 0.017 0.01 0.013 0.021 0.025 0.025 0.056 0.098 0.022 0.023 0.325 0.012 0.026 0.025 0.019 0.158 0.051
53 F 0.037 0.023 0.019 0.017 0.01 0.017 0.023 0.024 0.033 0.051 0.086 0.025 0.021 0.246 0.013 0.028 0.026 0.023 0.23 0.049
54 F 0.036 0.022 0.018 0.017 0.01 0.015 0.022 0.024 0.029 0.053 0.092 0.024 0.022 0.286 0.012 0.027 0.026 0.021 0.194 0.05
55 T 0.174 0.033 0.035 0.033 0.019 0.026 0.039 0.057 0.014 0.048 0.061 0.044 0.018 0.022 0.028 0.087 0.174 0.006 0.017 0.068
56 F 0.033 0.018 0.016 0.016 0.01 0.01 0.018 0.025 0.016 0.062 0.111 0.018 0.025 0.405 0.01 0.025 0.025 0.016 0.086 0.053
57 T 0.072 0.031 0.041 0.035 0.015 0.024 0.034 0.18 0.013 0.042 0.053 0.041 0.016 0.021 0.024 0.079 0.2 0.006 0.015 0.056
58 F 0.05 0.025 0.026 0.024 0.012 0.017 0.027 0.033 0.02 0.053 0.088 0.029 0.022 0.256 0.016 0.066 0.068 0.015 0.102 0.053
59 G 0.076 0.022 0.038 0.033 0.01 0.018 0.025 0.524 0.013 0.018 0.027 0.033 0.009 0.016 0.018 0.05 0.029 0.005 0.01 0.024
60 T 0.071 0.034 0.042 0.036 0.017 0.027 0.038 0.042 0.013 0.052 0.063 0.044 0.019 0.023 0.027 0.09 0.268 0.006 0.017 0.069
61 S 0.161 0.034 0.043 0.04 0.017 0.028 0.044 0.133 0.017 0.031 0.044 0.047 0.015 0.02 0.027 0.169 0.063 0.005 0.016 0.046
62 Y 0.039 0.027 0.021 0.018 0.009 0.021 0.027 0.024 0.045 0.042 0.067 0.03 0.018 0.127 0.015 0.03 0.027 0.027 0.338 0.045
63 A 0.252 0.033 0.033 0.034 0.02 0.027 0.043 0.073 0.016 0.038 0.053 0.046 0.016 0.021 0.029 0.128 0.057 0.005 0.017 0.059
64 V 0.058 0.02 0.015 0.017 0.017 0.015 0.02 0.022 0.008 0.217 0.142 0.024 0.033 0.038 0.015 0.029 0.044 0.006 0.02 0.239
65 V 0.058 0.02 0.015 0.017 0.017 0.015 0.02 0.022 0.008 0.217 0.142 0.024 0.033 0.038 0.015 0.029 0.044 0.006 0.02 0.239
66 L 0.082 0.024 0.016 0.018 0.016 0.018 0.023 0.03 0.011 0.123 0.27 0.028 0.06 0.063 0.016 0.034 0.036 0.007 0.024 0.098
67 I 0.046 0.019 0.014 0.017 0.016 0.014 0.018 0.02 0.009 0.257 0.197 0.024 0.045 0.045 0.014 0.025 0.038 0.006 0.02 0.156
68 L 0.044 0.025 0.015 0.015 0.016 0.017 0.021 0.022 0.011 0.11 0.365 0.026 0.068 0.052 0.014 0.025 0.033 0.007 0.022 0.093
69 Y 0.039 0.023 0.018 0.017 0.079 0.016 0.023 0.027 0.027 0.042 0.068 0.025 0.018 0.132 0.012 0.028 0.027 0.159 0.178 0.043
70 I 0.089 0.022 0.032 0.022 0.017 0.017 0.024 0.031 0.01 0.18 0.164 0.028 0.032 0.038 0.017 0.037 0.042 0.006 0.02 0.172
71 H 0.041 0.043 0.044 0.033 0.008 0.034 0.047 0.034 0.279 0.027 0.044 0.053 0.016 0.052 0.018 0.039 0.027 0.012 0.121 0.028
72 G 0.061 0.027 0.076 0.165 0.009 0.023 0.048 0.321 0.016 0.02 0.028 0.038 0.009 0.015 0.02 0.052 0.033 0.005 0.011 0.024
73 Y 0.039 0.025 0.019 0.017 0.01 0.019 0.025 0.024 0.036 0.055 0.12 0.028 0.023 0.156 0.014 0.029 0.028 0.023 0.257 0.053
74 I 0.052 0.018 0.015 0.017 0.017 0.014 0.019 0.021 0.008 0.254 0.153 0.024 0.034 0.041 0.015 0.026 0.041 0.006 0.02 0.205
75 P 0.051 0.029 0.066 0.2 0.009 0.026 0.06 0.044 0.017 0.024 0.032 0.043 0.01 0.014 0.231 0.062 0.039 0.003 0.012 0.028
76 D 0.045 0.029 0.11 0.23 0.01 0.026 0.06 0.042 0.018 0.08 0.062 0.04 0.016 0.022 0.019 0.048 0.04 0.004 0.014 0.083
77 H 0.041 0.03 0.034 0.08 0.01 0.025 0.041 0.03 0.125 0.079 0.113 0.034 0.023 0.061 0.017 0.034 0.03 0.012 0.12 0.061
78 L 0.042 0.025 0.017 0.016 0.013 0.018 0.023 0.022 0.025 0.091 0.242 0.027 0.035 0.084 0.014 0.026 0.03 0.016 0.157 0.077
79 F 0.033 0.019 0.017 0.017 0.01 0.01 0.019 0.025 0.017 0.063 0.113 0.019 0.025 0.394 0.01 0.025 0.025 0.017 0.088 0.054
80 S 0.115 0.032 0.038 0.036 0.016 0.025 0.04 0.054 0.017 0.042 0.077 0.042 0.019 0.113 0.024 0.157 0.06 0.008 0.034 0.05
81 Y 0.079 0.026 0.021 0.02 0.012 0.021 0.027 0.031 0.036 0.078 0.079 0.031 0.02 0.1 0.017 0.037 0.032 0.021 0.246 0.066
82 L 0.047 0.028 0.017 0.017 0.016 0.022 0.024 0.024 0.013 0.104 0.278 0.031 0.126 0.05 0.015 0.03 0.036 0.007 0.023 0.091
83 L 0.055 0.021 0.015 0.017 0.017 0.015 0.02 0.022 0.009 0.184 0.213 0.024 0.037 0.042 0.015 0.027 0.041 0.006 0.02 0.2
84 L 0.043 0.02 0.014 0.016 0.015 0.014 0.019 0.021 0.01 0.173 0.265 0.023 0.04 0.099 0.013 0.024 0.034 0.008 0.03 0.117
85 S 0.086 0.033 0.038 0.035 0.017 0.026 0.039 0.048 0.015 0.067 0.137 0.042 0.025 0.03 0.023 0.16 0.064 0.006 0.019 0.089
86 N 0.051 0.037 0.251 0.067 0.009 0.029 0.041 0.195 0.026 0.021 0.03 0.047 0.01 0.017 0.019 0.063 0.042 0.005 0.014 0.025
87 L 0.068 0.025 0.021 0.021 0.013 0.018 0.026 0.034 0.014 0.068 0.162 0.028 0.027 0.097 0.015 0.059 0.037 0.151 0.042 0.074
88 L 0.052 0.02 0.015 0.017 0.017 0.015 0.02 0.022 0.009 0.197 0.217 0.024 0.038 0.043 0.015 0.027 0.04 0.006 0.02 0.189
89 F 0.081 0.021 0.017 0.018 0.015 0.014 0.022 0.031 0.013 0.113 0.153 0.024 0.029 0.195 0.015 0.034 0.034 0.01 0.048 0.112
90 L 0.041 0.023 0.015 0.016 0.014 0.016 0.02 0.023 0.013 0.096 0.284 0.024 0.061 0.153 0.013 0.026 0.031 0.01 0.04 0.081
91 V 0.127 0.023 0.018 0.02 0.018 0.018 0.025 0.037 0.01 0.157 0.155 0.03 0.031 0.036 0.019 0.043 0.043 0.006 0.019 0.164
92 I 0.082 0.028 0.03 0.03 0.016 0.023 0.033 0.041 0.014 0.152 0.115 0.037 0.048 0.034 0.021 0.112 0.055 0.006 0.019 0.105
93 F 0.056 0.025 0.029 0.026 0.012 0.018 0.028 0.104 0.02 0.047 0.076 0.031 0.019 0.2 0.017 0.07 0.068 0.013 0.092 0.048
94 L 0.049 0.027 0.021 0.021 0.013 0.02 0.027 0.031 0.018 0.065 0.17 0.03 0.049 0.06 0.015 0.057 0.036 0.153 0.079 0.06
95 L 0.055 0.14 0.031 0.027 0.081 0.03 0.037 0.034 0.05 0.052 0.146 0.06 0.025 0.029 0.018 0.065 0.039 0.006 0.021 0.053
96 A 0.137 0.028 0.028 0.029 0.017 0.022 0.034 0.049 0.014 0.087 0.123 0.037 0.025 0.083 0.022 0.103 0.05 0.007 0.028 0.076
97 S 0.155 0.037 0.046 0.043 0.018 0.03 0.048 0.067 0.018 0.032 0.045 0.05 0.016 0.02 0.029 0.205 0.072 0.005 0.017 0.047
98 F 0.051 0.085 0.029 0.027 0.011 0.028 0.037 0.033 0.024 0.075 0.078 0.081 0.021 0.121 0.018 0.064 0.038 0.013 0.107 0.06
99 S 0.073 0.059 0.037 0.034 0.015 0.031 0.042 0.043 0.016 0.087 0.091 0.074 0.047 0.028 0.023 0.112 0.09 0.006 0.019 0.074
100 T 0.062 0.031 0.033 0.029 0.017 0.023 0.032 0.035 0.012 0.072 0.172 0.038 0.029 0.033 0.023 0.068 0.186 0.006 0.019 0.078
101 P 0.051 0.103 0.072 0.035 0.01 0.031 0.042 0.036 0.022 0.046 0.055 0.09 0.016 0.034 0.136 0.044 0.038 0.008 0.062 0.069
102 K 0.059 0.117 0.052 0.038 0.011 0.042 0.055 0.042 0.019 0.064 0.059 0.187 0.018 0.02 0.024 0.075 0.044 0.005 0.017 0.053
103 F 0.05 0.042 0.117 0.043 0.01 0.027 0.04 0.044 0.025 0.038 0.062 0.075 0.017 0.144 0.019 0.073 0.042 0.011 0.082 0.04
104 K 0.055 0.095 0.034 0.034 0.011 0.038 0.051 0.037 0.017 0.068 0.062 0.169 0.018 0.02 0.093 0.051 0.07 0.005 0.017 0.057
105 I 0.113 0.029 0.029 0.028 0.016 0.023 0.034 0.043 0.072 0.127 0.124 0.036 0.026 0.033 0.021 0.076 0.045 0.006 0.025 0.093
106 A 0.126 0.049 0.029 0.03 0.015 0.029 0.042 0.046 0.015 0.06 0.099 0.11 0.022 0.079 0.023 0.058 0.072 0.007 0.027 0.063
107 G 0.075 0.028 0.083 0.042 0.011 0.022 0.032 0.393 0.016 0.02 0.03 0.038 0.01 0.017 0.02 0.08 0.039 0.005 0.012 0.026
108 L 0.052 0.024 0.021 0.021 0.016 0.017 0.024 0.027 0.011 0.122 0.21 0.028 0.034 0.093 0.017 0.041 0.09 0.008 0.029 0.116
109 F 0.052 0.073 0.027 0.025 0.013 0.021 0.03 0.032 0.015 0.066 0.089 0.041 0.022 0.187 0.017 0.054 0.09 0.01 0.047 0.087
110 N 0.053 0.044 0.123 0.084 0.011 0.032 0.061 0.046 0.025 0.065 0.058 0.08 0.017 0.036 0.021 0.077 0.045 0.008 0.062 0.053
111 R 0.083 0.233 0.079 0.039 0.01 0.042 0.051 0.044 0.022 0.026 0.044 0.123 0.015 0.017 0.022 0.054 0.039 0.005 0.017 0.035
112 L 0.05 0.022 0.017 0.018 0.015 0.015 0.02 0.093 0.01 0.144 0.274 0.025 0.039 0.044 0.015 0.028 0.034 0.006 0.02 0.111
113 F 0.051 0.026 0.07 0.032 0.011 0.018 0.028 0.107 0.018 0.045 0.077 0.03 0.019 0.239 0.015 0.066 0.036 0.011 0.055 0.043
114 Y 0.042 0.077 0.071 0.031 0.01 0.026 0.034 0.032 0.076 0.105 0.082 0.046 0.021 0.058 0.017 0.037 0.034 0.012 0.115 0.073
115 S 0.08 0.037 0.042 0.045 0.015 0.033 0.081 0.047 0.017 0.046 0.097 0.049 0.021 0.025 0.026 0.141 0.121 0.006 0.018 0.055
116 V 0.057 0.019 0.015 0.016 0.155 0.014 0.019 0.025 0.008 0.158 0.157 0.023 0.03 0.035 0.015 0.031 0.04 0.005 0.018 0.161
117 D 0.051 0.084 0.093 0.102 0.079 0.035 0.098 0.039 0.02 0.045 0.052 0.067 0.015 0.019 0.02 0.049 0.039 0.005 0.015 0.069
118 L 0.071 0.042 0.077 0.046 0.013 0.033 0.08 0.043 0.023 0.044 0.097 0.07 0.02 0.039 0.022 0.081 0.076 0.009 0.063 0.05
119 N 0.045 0.052 0.253 0.071 0.009 0.091 0.063 0.057 0.03 0.023 0.035 0.063 0.013 0.017 0.021 0.064 0.046 0.005 0.017 0.029
120 E 0.056 0.086 0.036 0.054 0.009 0.044 0.158 0.035 0.03 0.029 0.047 0.064 0.015 0.049 0.022 0.072 0.039 0.012 0.108 0.036
121 R 0.091 0.15 0.095 0.044 0.011 0.041 0.054 0.05 0.022 0.027 0.043 0.14 0.015 0.017 0.024 0.075 0.044 0.005 0.017 0.036
122 F 0.081 0.022 0.017 0.018 0.015 0.015 0.022 0.031 0.013 0.104 0.155 0.025 0.036 0.195 0.015 0.034 0.035 0.01 0.048 0.108
123 I 0.057 0.022 0.02 0.021 0.016 0.017 0.023 0.027 0.01 0.21 0.173 0.028 0.034 0.04 0.017 0.056 0.045 0.006 0.02 0.159
124 F 0.046 0.021 0.016 0.016 0.014 0.013 0.02 0.023 0.012 0.104 0.196 0.022 0.033 0.199 0.013 0.026 0.034 0.011 0.049 0.132
125 K 0.057 0.067 0.036 0.035 0.01 0.065 0.057 0.04 0.023 0.034 0.055 0.155 0.017 0.084 0.022 0.072 0.041 0.033 0.06 0.038
126 L 0.042 0.019 0.015 0.017 0.014 0.013 0.018 0.021 0.011 0.192 0.192 0.022 0.035 0.148 0.013 0.024 0.033 0.009 0.039 0.123
127 L 0.044 0.023 0.014 0.015 0.016 0.015 0.019 0.021 0.01 0.138 0.361 0.024 0.046 0.052 0.014 0.024 0.033 0.007 0.021 0.105
128 L 0.05 0.024 0.021 0.021 0.013 0.017 0.025 0.03 0.014 0.102 0.147 0.027 0.039 0.146 0.014 0.056 0.038 0.081 0.046 0.09
129 V 0.051 0.02 0.016 0.017 0.015 0.014 0.02 0.023 0.011 0.161 0.143 0.023 0.031 0.143 0.014 0.028 0.038 0.009 0.039 0.185
130 L 0.054 0.024 0.018 0.018 0.016 0.019 0.023 0.025 0.011 0.142 0.197 0.028 0.078 0.06 0.015 0.033 0.051 0.007 0.024 0.157
131 Y 0.038 0.026 0.02 0.018 0.009 0.02 0.026 0.025 0.041 0.04 0.064 0.029 0.018 0.117 0.014 0.029 0.026 0.096 0.299 0.043
132 L 0.05 0.021 0.017 0.018 0.015 0.014 0.021 0.024 0.011 0.145 0.164 0.024 0.032 0.144 0.014 0.03 0.048 0.009 0.039 0.161
133 V 0.104 0.027 0.026 0.026 0.018 0.021 0.031 0.04 0.012 0.121 0.143 0.034 0.036 0.034 0.02 0.087 0.052 0.006 0.019 0.144
134 L 0.047 0.024 0.015 0.016 0.085 0.017 0.02 0.023 0.01 0.1 0.318 0.025 0.063 0.047 0.014 0.028 0.034 0.007 0.02 0.087
135 T 0.061 0.029 0.031 0.028 0.016 0.021 0.031 0.034 0.013 0.077 0.126 0.035 0.026 0.084 0.021 0.063 0.168 0.007 0.028 0.102
136 L 0.122 0.025 0.02 0.022 0.017 0.018 0.027 0.039 0.012 0.107 0.18 0.031 0.031 0.089 0.019 0.047 0.06 0.007 0.029 0.098
137 F 0.079 0.021 0.017 0.019 0.014 0.015 0.022 0.03 0.017 0.155 0.119 0.026 0.027 0.155 0.015 0.034 0.034 0.012 0.084 0.105
138 Y 0.039 0.027 0.021 0.018 0.009 0.021 0.027 0.024 0.045 0.042 0.067 0.03 0.018 0.127 0.015 0.03 0.027 0.027 0.338 0.045
139 L 0.049 0.022 0.014 0.016 0.016 0.015 0.02 0.021 0.009 0.164 0.288 0.024 0.042 0.047 0.014 0.025 0.037 0.006 0.021 0.149
140 S 0.076 0.046 0.044 0.039 0.014 0.033 0.047 0.048 0.068 0.043 0.094 0.081 0.02 0.026 0.025 0.133 0.086 0.006 0.023 0.048
141 S 0.072 0.058 0.102 0.052 0.012 0.094 0.067 0.054 0.024 0.026 0.04 0.098 0.016 0.017 0.025 0.128 0.056 0.005 0.017 0.035
142 V 0.064 0.02 0.016 0.017 0.018 0.015 0.022 0.023 0.008 0.185 0.133 0.025 0.032 0.036 0.016 0.03 0.046 0.005 0.02 0.268
143 S 0.107 0.039 0.053 0.047 0.017 0.032 0.051 0.064 0.019 0.029 0.041 0.053 0.015 0.02 0.029 0.243 0.08 0.005 0.017 0.041
144 F 0.041 0.019 0.016 0.016 0.013 0.012 0.019 0.023 0.013 0.116 0.161 0.021 0.03 0.25 0.012 0.025 0.031 0.012 0.058 0.11
145 A 0.141 0.034 0.046 0.13 0.015 0.03 0.067 0.059 0.017 0.034 0.045 0.047 0.015 0.019 0.027 0.12 0.085 0.005 0.016 0.048
146 A 0.182 0.032 0.034 0.033 0.018 0.026 0.039 0.13 0.016 0.043 0.068 0.043 0.039 0.024 0.025 0.117 0.053 0.006 0.017 0.056
147 F 0.036 0.02 0.016 0.016 0.012 0.012 0.019 0.024 0.015 0.076 0.192 0.02 0.031 0.304 0.011 0.024 0.027 0.014 0.068 0.065
148 V 0.056 0.021 0.019 0.019 0.015 0.015 0.021 0.094 0.01 0.144 0.155 0.025 0.03 0.089 0.015 0.031 0.038 0.007 0.028 0.168
149 A 0.128 0.044 0.033 0.041 0.014 0.09 0.093 0.047 0.019 0.046 0.1 0.058 0.022 0.023 0.024 0.063 0.073 0.006 0.018 0.056
150 S 0.107 0.039 0.053 0.047 0.017 0.032 0.051 0.064 0.019 0.029 0.041 0.053 0.015 0.02 0.029 0.243 0.08 0.005 0.017 0.041
151 R 0.043 0.364 0.038 0.03 0.008 0.047 0.051 0.032 0.023 0.023 0.045 0.117 0.015 0.017 0.019 0.043 0.034 0.006 0.017 0.03
152 F 0.033 0.018 0.016 0.016 0.01 0.01 0.018 0.025 0.016 0.062 0.111 0.018 0.025 0.405 0.01 0.025 0.025 0.016 0.086 0.053
153 E 0.052 0.046 0.043 0.134 0.007 0.058 0.284 0.036 0.024 0.021 0.035 0.069 0.012 0.016 0.025 0.053 0.036 0.005 0.015 0.029
154 A 0.311 0.03 0.025 0.029 0.021 0.025 0.039 0.076 0.014 0.042 0.058 0.043 0.017 0.021 0.029 0.083 0.048 0.005 0.017 0.067
155 N 0.041 0.044 0.337 0.081 0.009 0.033 0.048 0.063 0.031 0.022 0.031 0.052 0.011 0.017 0.02 0.068 0.048 0.004 0.015 0.026
156 K 0.052 0.166 0.04 0.038 0.008 0.051 0.064 0.04 0.021 0.026 0.043 0.256 0.015 0.015 0.025 0.05 0.037 0.005 0.017 0.031
157 G 0.076 0.022 0.038 0.033 0.01 0.018 0.025 0.524 0.013 0.018 0.027 0.033 0.009 0.016 0.018 0.05 0.029 0.005 0.01 0.024
158 L 0.044 0.023 0.014 0.015 0.016 0.015 0.019 0.021 0.01 0.138 0.361 0.024 0.046 0.052 0.014 0.024 0.033 0.007 0.021 0.105
159 G 0.076 0.022 0.038 0.033 0.01 0.018 0.025 0.524 0.013 0.018 0.027 0.033 0.009 0.016 0.018 0.05 0.029 0.005 0.01 0.024
160 A 0.117 0.023 0.022 0.024 0.015 0.018 0.027 0.109 0.012 0.097 0.086 0.031 0.021 0.08 0.089 0.046 0.039 0.007 0.026 0.111
161 I 0.049 0.018 0.014 0.017 0.016 0.013 0.018 0.021 0.009 0.265 0.169 0.023 0.036 0.042 0.014 0.025 0.04 0.006 0.02 0.185
162 V 0.068 0.021 0.016 0.017 0.019 0.016 0.023 0.024 0.008 0.16 0.127 0.025 0.031 0.035 0.016 0.032 0.048 0.005 0.02 0.29
163 R 0.043 0.364 0.038 0.03 0.008 0.047 0.051 0.032 0.023 0.023 0.045 0.117 0.015 0.017 0.019 0.043 0.034 0.006 0.017 0.03
164 L 0.05 0.02 0.015 0.017 0.016 0.014 0.019 0.021 0.009 0.209 0.22 0.024 0.038 0.044 0.015 0.026 0.039 0.006 0.02 0.177
165 L 0.046 0.027 0.016 0.017 0.016 0.021 0.023 0.024 0.012 0.106 0.307 0.029 0.107 0.05 0.015 0.029 0.035 0.007 0.022 0.092
166 D 0.04 0.029 0.067 0.415 0.007 0.029 0.089 0.045 0.018 0.022 0.027 0.043 0.009 0.014 0.022 0.051 0.034 0.004 0.011 0.024
167 V 0.144 0.024 0.019 0.021 0.018 0.018 0.028 0.041 0.011 0.106 0.101 0.03 0.025 0.083 0.019 0.048 0.045 0.007 0.028 0.182
168 L 0.051 0.021 0.015 0.016 0.017 0.015 0.02 0.021 0.009 0.177 0.251 0.024 0.04 0.045 0.015 0.026 0.039 0.006 0.021 0.172
169 R 0.043 0.364 0.038 0.03 0.008 0.047 0.051 0.032 0.023 0.023 0.045 0.117 0.015 0.017 0.019 0.043 0.034 0.006 0.017 0.03
170 L 0.047 0.022 0.014 0.015 0.016 0.015 0.02 0.021 0.009 0.145 0.323 0.024 0.044 0.049 0.014 0.025 0.036 0.007 0.021 0.133
171 L 0.053 0.025 0.02 0.02 0.016 0.019 0.024 0.026 0.011 0.158 0.194 0.029 0.071 0.042 0.017 0.037 0.072 0.006 0.021 0.139
172 L 0.044 0.023 0.014 0.015 0.016 0.015 0.019 0.021 0.01 0.138 0.361 0.024 0.046 0.052 0.014 0.024 0.033 0.007 0.021 0.105
173 A 0.213 0.031 0.03 0.031 0.02 0.025 0.038 0.062 0.014 0.058 0.066 0.042 0.019 0.023 0.027 0.099 0.084 0.005 0.017 0.095
174 G 0.186 0.025 0.029 0.028 0.085 0.021 0.03 0.24 0.013 0.033 0.047 0.036 0.014 0.019 0.023 0.064 0.039 0.005 0.014 0.049
175 W 0.046 0.027 0.023 0.021 0.01 0.021 0.028 0.033 0.024 0.043 0.074 0.031 0.04 0.071 0.014 0.058 0.034 0.227 0.131 0.044
176 L 0.041 0.024 0.016 0.016 0.013 0.017 0.021 0.023 0.018 0.086 0.237 0.025 0.057 0.163 0.013 0.026 0.03 0.013 0.085 0.075
177 Y 0.11 0.028 0.028 0.027 0.015 0.022 0.033 0.044 0.024 0.059 0.074 0.036 0.02 0.108 0.02 0.09 0.046 0.013 0.119 0.084
178 I 0.049 0.02 0.016 0.017 0.015 0.015 0.02 0.021 0.014 0.206 0.175 0.025 0.034 0.055 0.015 0.026 0.038 0.009 0.066 0.165
179 L 0.05 0.03 0.109 0.036 0.082 0.024 0.031 0.037 0.022 0.07 0.11 0.035 0.059 0.045 0.017 0.043 0.04 0.009 0.064 0.089
180 A 0.126 0.027 0.025 0.025 0.015 0.021 0.031 0.044 0.023 0.079 0.08 0.034 0.021 0.109 0.02 0.074 0.042 0.013 0.119 0.07
181 L 0.045 0.022 0.016 0.017 0.014 0.016 0.021 0.022 0.019 0.157 0.198 0.026 0.034 0.069 0.015 0.027 0.034 0.012 0.111 0.124
182 K 0.049 0.182 0.082 0.043 0.008 0.048 0.06 0.042 0.022 0.025 0.041 0.203 0.014 0.016 0.023 0.051 0.038 0.005 0.017 0.03
183 S 0.073 0.034 0.081 0.042 0.015 0.026 0.04 0.049 0.018 0.048 0.103 0.042 0.021 0.08 0.022 0.133 0.087 0.007 0.027 0.052
184 K 0.067 0.102 0.042 0.04 0.011 0.044 0.059 0.046 0.019 0.049 0.053 0.193 0.017 0.019 0.026 0.094 0.049 0.005 0.017 0.046
185 G 0.066 0.028 0.083 0.04 0.01 0.023 0.032 0.389 0.067 0.019 0.029 0.037 0.01 0.018 0.019 0.051 0.031 0.005 0.018 0.024
186 K 0.057 0.107 0.042 0.042 0.009 0.054 0.071 0.043 0.021 0.028 0.043 0.276 0.016 0.016 0.028 0.054 0.04 0.005 0.017 0.033
187 L 0.045 0.075 0.026 0.025 0.011 0.03 0.039 0.03 0.016 0.063 0.176 0.128 0.028 0.121 0.018 0.035 0.033 0.008 0.035 0.057
188 K 0.055 0.104 0.083 0.045 0.01 0.045 0.06 0.044 0.021 0.029 0.044 0.214 0.015 0.017 0.025 0.059 0.072 0.005 0.017 0.036
189 R 0.045 0.327 0.038 0.032 0.008 0.048 0.053 0.033 0.022 0.023 0.045 0.143 0.015 0.017 0.02 0.045 0.035 0.006 0.017 0.03
190 Y 0.094 0.025 0.02 0.019 0.013 0.019 0.027 0.034 0.027 0.064 0.095 0.03 0.022 0.127 0.017 0.039 0.034 0.04 0.167 0.087
191 S 0.07 0.033 0.109 0.046 0.014 0.026 0.04 0.051 0.019 0.093 0.076 0.043 0.02 0.057 0.022 0.121 0.058 0.006 0.023 0.072
192 L 0.046 0.024 0.018 0.019 0.014 0.017 0.023 0.023 0.019 0.147 0.205 0.028 0.035 0.067 0.016 0.032 0.052 0.012 0.097 0.107
193 L 0.119 0.023 0.017 0.02 0.016 0.017 0.024 0.037 0.012 0.136 0.191 0.029 0.032 0.091 0.018 0.041 0.038 0.007 0.029 0.102
194 I 0.055 0.021 0.016 0.018 0.014 0.015 0.02 0.025 0.013 0.167 0.156 0.024 0.053 0.164 0.014 0.029 0.034 0.01 0.042 0.112
195 L 0.05 0.024 0.021 0.021 0.014 0.017 0.024 0.028 0.017 0.112 0.185 0.028 0.031 0.141 0.015 0.056 0.038 0.012 0.081 0.084
196 A 0.276 0.029 0.024 0.027 0.021 0.024 0.037 0.069 0.013 0.059 0.068 0.041 0.019 0.023 0.027 0.075 0.048 0.005 0.017 0.099
197 L 0.086 0.021 0.016 0.018 0.017 0.016 0.022 0.029 0.01 0.186 0.209 0.027 0.036 0.042 0.016 0.033 0.04 0.006 0.02 0.151
198 L 0.084 0.022 0.016 0.018 0.016 0.016 0.022 0.029 0.011 0.136 0.223 0.026 0.035 0.094 0.016 0.033 0.037 0.008 0.03 0.127
199 V 0.053 0.019 0.015 0.017 0.016 0.014 0.02 0.022 0.009 0.203 0.14 0.023 0.032 0.091 0.014 0.028 0.041 0.007 0.029 0.206
200 S 0.13 0.035 0.043 0.04 0.018 0.029 0.045 0.06 0.017 0.049 0.055 0.047 0.018 0.022 0.027 0.19 0.071 0.005 0.017 0.08
201 V 0.056 0.019 0.015 0.017 0.086 0.014 0.019 0.023 0.008 0.18 0.168 0.024 0.033 0.038 0.015 0.029 0.041 0.005 0.019 0.189
202 I 0.052 0.018 0.015 0.017 0.017 0.014 0.019 0.021 0.008 0.254 0.153 0.024 0.034 0.041 0.015 0.026 0.041 0.006 0.02 0.205
203 G 0.185 0.03 0.037 0.035 0.017 0.025 0.038 0.201 0.015 0.031 0.044 0.043 0.014 0.019 0.026 0.119 0.052 0.005 0.015 0.047
204 A 0.194 0.035 0.041 0.039 0.019 0.029 0.046 0.069 0.017 0.034 0.048 0.049 0.016 0.021 0.029 0.174 0.066 0.005 0.017 0.052
205 F 0.037 0.021 0.016 0.017 0.012 0.013 0.02 0.024 0.015 0.074 0.163 0.022 0.051 0.303 0.012 0.026 0.028 0.014 0.068 0.064
206 V 0.056 0.021 0.016 0.017 0.017 0.015 0.021 0.023 0.01 0.158 0.168 0.024 0.033 0.091 0.015 0.029 0.041 0.007 0.03 0.211
207 S 0.102 0.038 0.051 0.046 0.017 0.031 0.049 0.061 0.018 0.032 0.044 0.051 0.016 0.021 0.029 0.221 0.107 0.005 0.017 0.045
208 G 0.076 0.022 0.038 0.033 0.01 0.018 0.025 0.524 0.013 0.018 0.027 0.033 0.009 0.016 0.018 0.05 0.029 0.005 0.01 0.024
209 A 0.311 0.03 0.025 0.029 0.021 0.025 0.039 0.076 0.014 0.042 0.058 0.043 0.017 0.021 0.029 0.083 0.048 0.005 0.017 0.067
210 K 0.055 0.104 0.04 0.04 0.008 0.052 0.069 0.042 0.02 0.027 0.042 0.299 0.015 0.015 0.027 0.052 0.039 0.005 0.017 0.032
211 F 0.033 0.019 0.016 0.016 0.011 0.011 0.019 0.024 0.016 0.064 0.124 0.019 0.026 0.388 0.01 0.025 0.025 0.016 0.083 0.055
212 A 0.223 0.034 0.037 0.037 0.019 0.028 0.044 0.071 0.016 0.036 0.05 0.047 0.016 0.021 0.029 0.151 0.062 0.005 0.017 0.056
213 L 0.043 0.024 0.015 0.016 0.015 0.017 0.021 0.022 0.012 0.103 0.324 0.025 0.064 0.102 0.014 0.025 0.032 0.008 0.031 0.087
214 L 0.043 0.024 0.014 0.015 0.016 0.016 0.02 0.021 0.01 0.112 0.394 0.025 0.048 0.053 0.014 0.024 0.032 0.007 0.022 0.093
215 E 0.054 0.048 0.039 0.088 0.007 0.063 0.317 0.034 0.025 0.021 0.036 0.073 0.013 0.016 0.025 0.054 0.036 0.005 0.016 0.03
216 H 0.056 0.055 0.048 0.042 0.009 0.122 0.072 0.042 0.175 0.025 0.041 0.065 0.017 0.022 0.022 0.075 0.04 0.006 0.035 0.03
217 L 0.123 0.024 0.018 0.02 0.017 0.018 0.025 0.037 0.011 0.146 0.198 0.03 0.044 0.039 0.019 0.042 0.04 0.006 0.02 0.122
218 L 0.041 0.024 0.016 0.016 0.013 0.017 0.022 0.022 0.021 0.085 0.26 0.025 0.036 0.124 0.014 0.026 0.03 0.014 0.121 0.074
219 V 0.068 0.023 0.02 0.02 0.018 0.018 0.025 0.027 0.009 0.144 0.117 0.028 0.029 0.033 0.018 0.04 0.079 0.005 0.02 0.259
220 L 0.101 0.028 0.027 0.027 0.017 0.023 0.032 0.042 0.013 0.128 0.15 0.036 0.05 0.035 0.021 0.096 0.051 0.006 0.019 0.096
221 L 0.045 0.019 0.015 0.016 0.084 0.013 0.018 0.023 0.011 0.151 0.209 0.022 0.034 0.12 0.013 0.026 0.033 0.008 0.034 0.105
222 V 0.1 0.026 0.024 0.024 0.018 0.02 0.029 0.036 0.011 0.131 0.104 0.033 0.026 0.031 0.021 0.055 0.11 0.005 0.019 0.178
223 A 0.266 0.029 0.025 0.028 0.02 0.024 0.037 0.068 0.014 0.058 0.067 0.041 0.019 0.023 0.027 0.083 0.05 0.005 0.017 0.097
224 G 0.095 0.021 0.023 0.023 0.015 0.017 0.023 0.173 0.011 0.159 0.104 0.029 0.025 0.031 0.018 0.041 0.039 0.005 0.017 0.131
225 F 0.037 0.023 0.019 0.017 0.01 0.017 0.023 0.024 0.033 0.051 0.086 0.025 0.021 0.246 0.013 0.028 0.026 0.023 0.23 0.049
226 I 0.049 0.018 0.015 0.017 0.016 0.013 0.018 0.021 0.008 0.273 0.158 0.023 0.035 0.042 0.015 0.025 0.04 0.006 0.02 0.189
227 Y 0.048 0.026 0.026 0.023 0.012 0.019 0.027 0.098 0.041 0.053 0.114 0.03 0.022 0.134 0.016 0.04 0.062 0.015 0.139 0.053
228 S 0.083 0.048 0.045 0.049 0.037 0.037 0.087 0.051 0.018 0.033 0.046 0.088 0.016 0.019 0.027 0.15 0.101 0.005 0.017 0.044
229 G 0.062 0.169 0.038 0.032 0.009 0.031 0.036 0.313 0.017 0.02 0.035 0.069 0.012 0.016 0.019 0.047 0.031 0.005 0.013 0.026
230 W 0.044 0.098 0.023 0.022 0.01 0.026 0.034 0.03 0.015 0.084 0.076 0.08 0.02 0.039 0.015 0.032 0.033 0.197 0.037 0.087
231 K 0.071 0.113 0.044 0.04 0.012 0.042 0.057 0.047 0.019 0.03 0.045 0.166 0.016 0.018 0.026 0.111 0.082 0.005 0.017 0.039
232 P 0.049 0.022 0.019 0.024 0.012 0.017 0.028 0.029 0.012 0.107 0.082 0.032 0.019 0.077 0.296 0.035 0.035 0.005 0.025 0.074
233 K 0.053 0.179 0.036 0.034 0.01 0.045 0.056 0.036 0.019 0.044 0.055 0.199 0.017 0.018 0.023 0.046 0.038 0.005 0.017 0.068
234 L 0.044 0.02 0.015 0.016 0.015 0.013 0.019 0.022 0.011 0.156 0.209 0.022 0.035 0.148 0.013 0.025 0.034 0.009 0.039 0.132
235 N 0.052 0.064 0.211 0.062 0.011 0.033 0.046 0.054 0.05 0.029 0.04 0.054 0.014 0.02 0.022 0.078 0.099 0.005 0.019 0.037
236 L 0.044 0.021 0.015 0.016 0.015 0.014 0.019 0.045 0.011 0.143 0.281 0.024 0.04 0.099 0.014 0.025 0.033 0.008 0.03 0.103
237 K 0.054 0.141 0.04 0.039 0.008 0.051 0.066 0.041 0.02 0.026 0.042 0.273 0.015 0.015 0.026 0.051 0.038 0.005 0.017 0.032
238 T 0.069 0.031 0.037 0.033 0.015 0.023 0.036 0.042 0.016 0.049 0.071 0.039 0.02 0.131 0.023 0.108 0.154 0.009 0.037 0.058
239 L 0.059 0.021 0.015 0.017 0.016 0.016 0.02 0.024 0.01 0.2 0.235 0.025 0.049 0.045 0.015 0.028 0.038 0.006 0.021 0.14
240 L 0.087 0.024 0.017 0.018 0.016 0.018 0.024 0.031 0.012 0.113 0.202 0.028 0.055 0.093 0.016 0.036 0.039 0.008 0.03 0.134
241 L 0.05 0.02 0.015 0.017 0.016 0.014 0.019 0.021 0.009 0.209 0.22 0.024 0.038 0.044 0.015 0.026 0.039 0.006 0.02 0.177
242 S 0.106 0.027 0.031 0.031 0.016 0.022 0.033 0.081 0.014 0.11 0.087 0.036 0.022 0.081 0.021 0.112 0.052 0.007 0.027 0.082
243 L 0.058 0.022 0.021 0.021 0.015 0.016 0.021 0.165 0.01 0.12 0.205 0.027 0.032 0.037 0.016 0.033 0.035 0.006 0.018 0.122
244 L 0.052 0.021 0.016 0.017 0.017 0.015 0.021 0.022 0.009 0.183 0.225 0.025 0.038 0.043 0.015 0.029 0.05 0.006 0.02 0.175
245 L 0.051 0.024 0.02 0.02 0.015 0.017 0.023 0.027 0.012 0.136 0.248 0.027 0.037 0.096 0.016 0.055 0.04 0.008 0.03 0.099
246 A 0.136 0.029 0.033 0.031 0.016 0.023 0.035 0.121 0.015 0.047 0.104 0.038 0.021 0.079 0.023 0.111 0.05 0.007 0.027 0.054
247 V 0.075 0.026 0.026 0.026 0.018 0.02 0.03 0.035 0.011 0.148 0.109 0.033 0.027 0.032 0.019 0.091 0.055 0.005 0.019 0.196
248 V 0.143 0.025 0.02 0.023 0.018 0.019 0.029 0.043 0.011 0.12 0.139 0.033 0.028 0.032 0.044 0.057 0.045 0.005 0.019 0.146
249 L 0.045 0.026 0.017 0.017 0.015 0.02 0.023 0.024 0.014 0.098 0.257 0.029 0.11 0.1 0.014 0.029 0.034 0.009 0.032 0.086
250 I 0.043 0.019 0.015 0.017 0.014 0.013 0.018 0.022 0.011 0.194 0.179 0.022 0.034 0.147 0.013 0.025 0.034 0.009 0.039 0.132
251 L 0.143 0.026 0.025 0.025 0.017 0.02 0.03 0.115 0.012 0.093 0.163 0.034 0.027 0.032 0.021 0.068 0.043 0.006 0.018 0.081
252 F 0.036 0.022 0.018 0.017 0.01 0.015 0.022 0.024 0.029 0.053 0.092 0.024 0.022 0.286 0.012 0.027 0.026 0.021 0.194 0.05
253 V 0.067 0.023 0.021 0.022 0.018 0.017 0.025 0.029 0.01 0.179 0.125 0.029 0.03 0.035 0.017 0.06 0.05 0.005 0.02 0.221
254 L 0.042 0.023 0.014 0.015 0.015 0.015 0.019 0.021 0.011 0.105 0.353 0.024 0.045 0.103 0.013 0.024 0.031 0.008 0.031 0.088
255 F 0.036 0.022 0.018 0.017 0.01 0.015 0.022 0.024 0.029 0.053 0.092 0.024 0.022 0.286 0.012 0.027 0.026 0.021 0.194 0.05
256 L 0.044 0.024 0.016 0.017 0.015 0.018 0.021 0.023 0.012 0.126 0.262 0.026 0.082 0.1 0.014 0.027 0.034 0.008 0.031 0.098
257 L 0.044 0.021 0.014 0.016 0.016 0.015 0.019 0.02 0.009 0.181 0.306 0.024 0.043 0.049 0.014 0.024 0.035 0.006 0.021 0.123
258 T 0.076 0.046 0.045 0.042 0.015 0.089 0.059 0.048 0.019 0.038 0.052 0.059 0.018 0.02 0.026 0.123 0.149 0.006 0.018 0.051
259 F 0.042 0.094 0.027 0.026 0.009 0.03 0.04 0.031 0.025 0.041 0.071 0.115 0.019 0.172 0.017 0.036 0.031 0.014 0.116 0.042
260 L 0.103 0.031 0.056 0.031 0.016 0.024 0.032 0.042 0.015 0.071 0.172 0.038 0.05 0.034 0.021 0.06 0.105 0.006 0.019 0.074
261 S 0.107 0.039 0.053 0.047 0.017 0.032 0.051 0.064 0.019 0.029 0.041 0.053 0.015 0.02 0.029 0.243 0.08 0.005 0.017 0.041
262 E 0.068 0.041 0.04 0.118 0.01 0.056 0.206 0.038 0.021 0.043 0.049 0.06 0.015 0.019 0.024 0.06 0.04 0.005 0.016 0.069
263 S 0.104 0.035 0.084 0.044 0.015 0.029 0.042 0.126 0.019 0.037 0.06 0.046 0.038 0.023 0.024 0.145 0.059 0.005 0.017 0.046
264 L 0.045 0.019 0.014 0.016 0.016 0.014 0.018 0.02 0.009 0.232 0.24 0.023 0.04 0.046 0.014 0.024 0.037 0.006 0.021 0.146
265 G 0.076 0.022 0.038 0.033 0.01 0.018 0.025 0.524 0.013 0.018 0.027 0.033 0.009 0.016 0.018 0.05 0.029 0.005 0.01 0.024
266 Y 0.039 0.027 0.021 0.018 0.009 0.021 0.027 0.024 0.045 0.042 0.067 0.03 0.018 0.127 0.015 0.03 0.027 0.027 0.338 0.045
267 T 0.065 0.037 0.038 0.035 0.016 0.055 0.044 0.039 0.015 0.082 0.075 0.047 0.022 0.025 0.024 0.076 0.203 0.006 0.018 0.079
268 S 0.073 0.059 0.13 0.055 0.012 0.038 0.055 0.058 0.022 0.026 0.038 0.123 0.014 0.018 0.026 0.138 0.059 0.005 0.016 0.034
269 S 0.116 0.039 0.051 0.047 0.017 0.032 0.05 0.065 0.018 0.029 0.041 0.052 0.015 0.02 0.029 0.235 0.078 0.005 0.017 0.042
270 N 0.049 0.059 0.169 0.061 0.009 0.15 0.078 0.05 0.029 0.024 0.039 0.073 0.016 0.016 0.021 0.06 0.043 0.005 0.018 0.031
271 Y 0.039 0.027 0.021 0.018 0.009 0.021 0.027 0.024 0.045 0.042 0.067 0.03 0.018 0.127 0.015 0.03 0.027 0.027 0.338 0.045
272 L 0.05 0.025 0.02 0.02 0.016 0.019 0.023 0.025 0.011 0.176 0.19 0.03 0.078 0.043 0.016 0.037 0.071 0.006 0.021 0.122
273 P 0.047 0.029 0.087 0.202 0.009 0.026 0.06 0.043 0.018 0.023 0.031 0.043 0.01 0.014 0.23 0.05 0.037 0.003 0.012 0.027
274 G 0.077 0.023 0.039 0.033 0.011 0.019 0.025 0.516 0.013 0.019 0.028 0.033 0.009 0.016 0.019 0.051 0.029 0.005 0.011 0.024
275 A 0.235 0.029 0.023 0.025 0.019 0.024 0.035 0.061 0.014 0.06 0.125 0.039 0.045 0.029 0.025 0.067 0.045 0.006 0.019 0.074
276 P 0.055 0.025 0.023 0.03 0.01 0.02 0.035 0.035 0.013 0.025 0.035 0.04 0.01 0.013 0.508 0.043 0.035 0.003 0.013 0.03
277 V 0.068 0.021 0.016 0.017 0.019 0.016 0.023 0.024 0.008 0.16 0.127 0.025 0.031 0.035 0.016 0.032 0.048 0.005 0.02 0.29
278 V 0.1 0.024 0.021 0.022 0.018 0.018 0.026 0.033 0.01 0.146 0.113 0.03 0.028 0.032 0.019 0.046 0.078 0.005 0.019 0.21
279 V 0.051 0.02 0.016 0.017 0.015 0.014 0.02 0.023 0.011 0.144 0.165 0.023 0.032 0.144 0.014 0.028 0.038 0.009 0.039 0.177
280 E 0.054 0.048 0.039 0.088 0.007 0.063 0.317 0.034 0.025 0.021 0.036 0.073 0.013 0.016 0.025 0.054 0.036 0.005 0.016 0.03
281 L 0.044 0.024 0.014 0.015 0.016 0.017 0.02 0.021 0.01 0.111 0.374 0.026 0.061 0.053 0.014 0.025 0.033 0.007 0.022 0.093
282 F 0.035 0.02 0.016 0.016 0.012 0.012 0.019 0.024 0.015 0.074 0.178 0.02 0.03 0.321 0.011 0.024 0.027 0.014 0.071 0.063
283 L 0.039 0.02 0.015 0.016 0.013 0.013 0.019 0.022 0.012 0.116 0.24 0.022 0.036 0.202 0.012 0.024 0.03 0.011 0.049 0.087
284 L 0.048 0.028 0.018 0.018 0.016 0.023 0.024 0.025 0.013 0.116 0.247 0.031 0.135 0.048 0.015 0.031 0.037 0.007 0.023 0.097
285 R 0.043 0.364 0.038 0.03 0.008 0.047 0.051 0.032 0.023 0.023 0.045 0.117 0.015 0.017 0.019 0.043 0.034 0.006 0.017 0.03
286 I 0.047 0.017 0.014 0.017 0.016 0.013 0.017 0.02 0.009 0.286 0.161 0.023 0.035 0.043 0.014 0.025 0.039 0.006 0.02 0.177
287 L 0.039 0.02 0.015 0.016 0.013 0.013 0.019 0.022 0.012 0.116 0.24 0.022 0.036 0.202 0.012 0.024 0.03 0.011 0.049 0.087
288 A 0.311 0.03 0.025 0.029 0.021 0.025 0.039 0.076 0.014 0.042 0.058 0.043 0.017 0.021 0.029 0.083 0.048 0.005 0.017 0.067
289 N 0.041 0.044 0.337 0.081 0.009 0.033 0.048 0.063 0.031 0.022 0.031 0.052 0.011 0.017 0.02 0.068 0.048 0.004 0.015 0.026
290 G 0.11 0.023 0.036 0.032 0.012 0.019 0.027 0.46 0.013 0.022 0.032 0.034 0.01 0.016 0.02 0.054 0.032 0.005 0.011 0.03
291 D 0.04 0.029 0.067 0.415 0.007 0.029 0.089 0.045 0.018 0.022 0.027 0.043 0.009 0.014 0.022 0.051 0.034 0.004 0.011 0.024
292 A 0.215 0.033 0.032 0.033 0.019 0.027 0.041 0.066 0.016 0.046 0.072 0.045 0.04 0.024 0.027 0.121 0.056 0.006 0.018 0.063
293 Y 0.039 0.027 0.021 0.018 0.009 0.021 0.027 0.024 0.045 0.042 0.067 0.03 0.018 0.127 0.015 0.03 0.027 0.027 0.338 0.045
294 Y 0.039 0.027 0.021 0.018 0.009 0.021 0.027 0.024 0.045 0.042 0.067 0.03 0.018 0.127 0.015 0.03 0.027 0.027 0.338 0.045
295 F 0.037 0.021 0.015 0.016 0.013 0.013 0.019 0.023 0.014 0.083 0.232 0.021 0.035 0.254 0.012 0.024 0.028 0.012 0.059 0.071
296 S 0.107 0.039 0.053 0.047 0.017 0.032 0.051 0.064 0.019 0.029 0.041 0.053 0.015 0.02 0.029 0.243 0.08 0.005 0.017 0.041
297 L 0.043 0.024 0.014 0.015 0.016 0.016 0.02 0.021 0.01 0.112 0.394 0.025 0.048 0.053 0.014 0.024 0.032 0.007 0.022 0.093
298 P 0.062 0.029 0.031 0.033 0.013 0.023 0.036 0.038 0.013 0.036 0.047 0.042 0.014 0.017 0.302 0.063 0.135 0.004 0.015 0.047
299 N 0.046 0.047 0.165 0.069 0.008 0.069 0.129 0.046 0.031 0.025 0.039 0.06 0.014 0.032 0.021 0.056 0.04 0.008 0.062 0.031
300 G 0.084 0.082 0.088 0.097 0.011 0.032 0.051 0.12 0.07 0.025 0.037 0.056 0.013 0.019 0.022 0.09 0.044 0.005 0.02 0.032
301 V 0.065 0.023 0.02 0.02 0.018 0.017 0.024 0.026 0.009 0.163 0.123 0.028 0.03 0.034 0.017 0.039 0.078 0.005 0.02 0.242
302 I 0.046 0.019 0.014 0.016 0.016 0.014 0.018 0.02 0.009 0.234 0.227 0.023 0.039 0.045 0.014 0.024 0.037 0.006 0.02 0.155
303 D 0.04 0.031 0.106 0.367 0.007 0.03 0.083 0.048 0.02 0.022 0.028 0.045 0.009 0.015 0.021 0.053 0.036 0.004 0.011 0.024
304 G 0.062 0.087 0.04 0.086 0.012 0.031 0.047 0.131 0.016 0.05 0.06 0.086 0.024 0.021 0.021 0.061 0.072 0.005 0.016 0.074
305 L 0.046 0.02 0.014 0.016 0.016 0.014 0.019 0.021 0.009 0.206 0.259 0.024 0.041 0.047 0.014 0.025 0.037 0.006 0.021 0.147
306 N 0.056 0.039 0.122 0.046 0.012 0.048 0.046 0.044 0.088 0.082 0.067 0.046 0.02 0.026 0.02 0.075 0.046 0.006 0.025 0.087
307 V 0.062 0.02 0.016 0.017 0.018 0.015 0.021 0.023 0.008 0.198 0.137 0.025 0.032 0.037 0.016 0.03 0.045 0.005 0.02 0.256
308 E 0.053 0.058 0.087 0.12 0.008 0.05 0.174 0.043 0.023 0.023 0.035 0.119 0.013 0.016 0.024 0.064 0.04 0.005 0.015 0.03
309 N 0.051 0.038 0.164 0.052 0.011 0.029 0.042 0.049 0.074 0.039 0.067 0.044 0.039 0.079 0.019 0.078 0.045 0.007 0.033 0.041
310 P 0.07 0.028 0.025 0.032 0.011 0.031 0.039 0.039 0.014 0.026 0.037 0.043 0.011 0.013 0.439 0.055 0.038 0.003 0.013 0.033
311 L 0.046 0.02 0.015 0.016 0.014 0.014 0.02 0.024 0.011 0.136 0.157 0.023 0.03 0.13 0.013 0.026 0.035 0.08 0.043 0.146
312 L 0.042 0.024 0.016 0.016 0.013 0.017 0.022 0.022 0.021 0.115 0.252 0.026 0.036 0.076 0.014 0.026 0.032 0.013 0.127 0.089
313 Q 0.054 0.071 0.043 0.046 0.009 0.238 0.1 0.04 0.029 0.026 0.046 0.089 0.02 0.014 0.023 0.054 0.04 0.006 0.02 0.034
314 L 0.04 0.022 0.015 0.015 0.014 0.014 0.019 0.022 0.012 0.098 0.313 0.023 0.041 0.154 0.013 0.024 0.03 0.01 0.04 0.082
315 F 0.034 0.019 0.016 0.016 0.011 0.011 0.019 0.024 0.015 0.069 0.151 0.019 0.028 0.355 0.011 0.025 0.026 0.015 0.077 0.059
316 G 0.089 0.029 0.044 0.039 0.013 0.024 0.036 0.327 0.015 0.023 0.033 0.041 0.012 0.018 0.023 0.132 0.051 0.005 0.013 0.031
317 Y 0.04 0.034 0.156 0.045 0.009 0.026 0.036 0.041 0.039 0.034 0.051 0.04 0.015 0.08 0.017 0.046 0.036 0.017 0.199 0.037
318 I 0.056 0.021 0.019 0.02 0.017 0.016 0.022 0.024 0.009 0.22 0.138 0.027 0.032 0.038 0.017 0.036 0.074 0.006 0.02 0.191
319 F 0.082 0.02 0.02 0.021 0.013 0.014 0.022 0.102 0.013 0.118 0.106 0.025 0.025 0.191 0.015 0.036 0.033 0.01 0.047 0.085
320 G 0.076 0.022 0.038 0.033 0.01 0.018 0.025 0.524 0.013 0.018 0.027 0.033 0.009 0.016 0.018 0.05 0.029 0.005 0.01 0.024
