#Seq2Logo.py -f /work3/idamei/ssn-clusterings/clustering/2205111339/clusters/0004_200/sequences.afa -o /work3/idamei/ssn-clusterings/clustering/2205111339/clusters/0004_200/sequences.logo
#Position Specific Frequency Matrix
A R N D C Q E G H I L K M F P S T W Y V
0 L 0.051 0.032 0.02 0.02 0.016 0.028 0.028 0.028 0.016 0.099 0.194 0.036 0.173 0.047 0.016 0.036 0.04 0.008 0.024 0.091
1 A 0.178 0.031 0.04 0.125 0.017 0.027 0.052 0.061 0.015 0.04 0.052 0.044 0.016 0.02 0.027 0.078 0.098 0.005 0.016 0.057
2 E 0.05 0.043 0.05 0.194 0.007 0.052 0.232 0.038 0.023 0.022 0.034 0.065 0.012 0.016 0.024 0.054 0.036 0.005 0.015 0.029
3 L 0.137 0.025 0.019 0.021 0.019 0.019 0.028 0.041 0.011 0.107 0.19 0.032 0.033 0.037 0.02 0.047 0.044 0.006 0.02 0.147
4 L 0.137 0.025 0.019 0.021 0.019 0.019 0.028 0.041 0.011 0.107 0.19 0.032 0.033 0.037 0.02 0.047 0.044 0.006 0.02 0.147
5 F 0.059 0.026 0.029 0.027 0.013 0.018 0.03 0.039 0.017 0.052 0.089 0.03 0.022 0.269 0.017 0.093 0.044 0.013 0.064 0.05
6 L 0.036 0.022 0.015 0.016 0.011 0.014 0.02 0.025 0.014 0.069 0.182 0.022 0.03 0.169 0.011 0.024 0.027 0.174 0.059 0.06
7 L 0.128 0.026 0.018 0.02 0.018 0.019 0.027 0.04 0.012 0.09 0.274 0.031 0.039 0.043 0.019 0.044 0.039 0.006 0.02 0.086
8 L 0.044 0.029 0.117 0.038 0.014 0.021 0.029 0.035 0.017 0.138 0.193 0.034 0.032 0.039 0.016 0.039 0.04 0.006 0.019 0.099
9 L 0.059 0.021 0.016 0.016 0.175 0.015 0.02 0.026 0.009 0.107 0.192 0.024 0.032 0.037 0.016 0.032 0.039 0.006 0.018 0.143
10 L 0.044 0.024 0.014 0.015 0.016 0.016 0.02 0.021 0.01 0.114 0.382 0.025 0.049 0.054 0.014 0.024 0.033 0.007 0.022 0.095
11 L 0.052 0.03 0.118 0.038 0.015 0.022 0.031 0.037 0.016 0.1 0.181 0.035 0.03 0.036 0.017 0.042 0.044 0.006 0.019 0.133
12 T 0.147 0.034 0.037 0.035 0.019 0.027 0.039 0.054 0.014 0.049 0.063 0.045 0.019 0.023 0.028 0.089 0.186 0.006 0.018 0.07
13 A 0.183 0.033 0.034 0.033 0.02 0.026 0.04 0.061 0.014 0.048 0.062 0.045 0.019 0.023 0.029 0.088 0.15 0.006 0.018 0.07
14 C 0.087 0.028 0.035 0.032 0.252 0.023 0.034 0.049 0.014 0.037 0.053 0.037 0.016 0.02 0.023 0.132 0.059 0.005 0.015 0.049
15 G 0.151 0.025 0.034 0.032 0.014 0.021 0.03 0.369 0.014 0.027 0.038 0.037 0.012 0.018 0.022 0.062 0.036 0.005 0.013 0.039
16 V 0.056 0.024 0.017 0.018 0.017 0.019 0.023 0.024 0.011 0.18 0.163 0.028 0.079 0.042 0.016 0.031 0.043 0.006 0.022 0.181
17 L 0.053 0.024 0.017 0.017 0.174 0.019 0.021 0.027 0.011 0.086 0.214 0.027 0.078 0.041 0.015 0.033 0.036 0.006 0.019 0.081
18 L 0.045 0.021 0.014 0.016 0.016 0.015 0.019 0.021 0.009 0.198 0.275 0.024 0.043 0.049 0.014 0.024 0.036 0.006 0.021 0.134
19 A 0.29 0.031 0.026 0.03 0.022 0.026 0.04 0.078 0.015 0.043 0.059 0.045 0.018 0.022 0.03 0.085 0.05 0.005 0.018 0.069
20 G 0.136 0.024 0.027 0.027 0.014 0.018 0.028 0.206 0.015 0.041 0.067 0.032 0.017 0.143 0.02 0.053 0.035 0.009 0.039 0.049
21 G 0.052 0.106 0.04 0.122 0.01 0.027 0.046 0.154 0.016 0.086 0.067 0.055 0.017 0.023 0.019 0.043 0.034 0.005 0.015 0.063
22 G 0.127 0.031 0.036 0.046 0.012 0.032 0.099 0.287 0.017 0.025 0.038 0.046 0.012 0.017 0.023 0.06 0.036 0.005 0.014 0.037
23 L 0.039 0.021 0.015 0.016 0.013 0.013 0.019 0.023 0.013 0.088 0.249 0.022 0.037 0.225 0.012 0.024 0.029 0.012 0.055 0.074
24 L 0.111 0.036 0.024 0.027 0.015 0.07 0.045 0.04 0.016 0.116 0.164 0.045 0.031 0.033 0.02 0.047 0.04 0.006 0.02 0.093
25 R 0.047 0.284 0.04 0.035 0.008 0.092 0.064 0.034 0.024 0.024 0.046 0.111 0.017 0.016 0.02 0.047 0.036 0.006 0.018 0.032
26 R 0.047 0.272 0.034 0.031 0.008 0.041 0.048 0.033 0.02 0.024 0.043 0.099 0.014 0.016 0.14 0.044 0.035 0.005 0.016 0.031
27 G 0.063 0.035 0.042 0.048 0.009 0.035 0.102 0.277 0.104 0.02 0.032 0.046 0.012 0.02 0.02 0.049 0.03 0.006 0.024 0.025
28 G 0.077 0.023 0.039 0.033 0.011 0.019 0.025 0.517 0.013 0.019 0.028 0.033 0.009 0.016 0.019 0.051 0.029 0.005 0.011 0.024
29 Y 0.04 0.028 0.021 0.018 0.009 0.021 0.028 0.025 0.046 0.043 0.067 0.031 0.018 0.129 0.015 0.031 0.028 0.028 0.328 0.046
30 L 0.046 0.024 0.016 0.017 0.016 0.018 0.021 0.022 0.011 0.152 0.282 0.027 0.077 0.05 0.015 0.027 0.036 0.007 0.022 0.114
31 E 0.056 0.059 0.044 0.051 0.01 0.045 0.117 0.039 0.106 0.031 0.045 0.113 0.016 0.021 0.025 0.06 0.09 0.006 0.027 0.039
32 L 0.052 0.025 0.016 0.017 0.017 0.019 0.023 0.023 0.011 0.122 0.273 0.028 0.075 0.048 0.015 0.029 0.039 0.007 0.022 0.14
33 P 0.056 0.025 0.023 0.031 0.01 0.02 0.036 0.036 0.013 0.025 0.036 0.041 0.01 0.013 0.501 0.043 0.036 0.003 0.013 0.031
34 F 0.048 0.021 0.018 0.02 0.012 0.014 0.024 0.028 0.014 0.078 0.097 0.026 0.023 0.21 0.135 0.031 0.034 0.01 0.052 0.105
35 L 0.044 0.024 0.014 0.015 0.016 0.016 0.02 0.021 0.01 0.114 0.385 0.025 0.049 0.054 0.014 0.024 0.033 0.007 0.022 0.095
36 C 0.069 0.027 0.032 0.029 0.134 0.021 0.031 0.041 0.014 0.047 0.07 0.034 0.019 0.115 0.021 0.097 0.1 0.008 0.034 0.055
37 A 0.253 0.033 0.032 0.034 0.02 0.027 0.043 0.074 0.016 0.039 0.054 0.046 0.017 0.021 0.029 0.121 0.057 0.005 0.017 0.061
38 A 0.236 0.029 0.022 0.026 0.02 0.023 0.035 0.063 0.013 0.06 0.14 0.039 0.025 0.029 0.025 0.069 0.045 0.006 0.018 0.075
39 L 0.058 0.025 0.017 0.017 0.017 0.019 0.023 0.024 0.01 0.134 0.209 0.028 0.071 0.043 0.016 0.031 0.042 0.006 0.022 0.186
40 Y 0.038 0.025 0.02 0.018 0.009 0.019 0.025 0.025 0.039 0.048 0.079 0.028 0.02 0.196 0.014 0.029 0.027 0.025 0.268 0.048
41 G 0.123 0.025 0.023 0.024 0.017 0.019 0.027 0.16 0.011 0.084 0.15 0.032 0.027 0.032 0.02 0.048 0.04 0.006 0.018 0.117
42 G 0.083 0.027 0.037 0.033 0.014 0.022 0.031 0.281 0.013 0.057 0.056 0.036 0.016 0.022 0.021 0.091 0.047 0.005 0.015 0.092
43 W 0.03 0.022 0.015 0.015 0.007 0.015 0.022 0.03 0.015 0.03 0.052 0.022 0.015 0.06 0.007 0.022 0.022 0.5 0.067 0.03
44 L 0.047 0.023 0.017 0.017 0.014 0.016 0.022 0.024 0.02 0.095 0.173 0.025 0.031 0.153 0.014 0.028 0.034 0.014 0.114 0.119
45 L 0.05 0.023 0.015 0.016 0.017 0.016 0.021 0.022 0.009 0.126 0.321 0.025 0.044 0.049 0.015 0.026 0.037 0.007 0.022 0.141
46 P 0.056 0.025 0.023 0.031 0.01 0.02 0.036 0.036 0.013 0.025 0.036 0.041 0.01 0.013 0.501 0.043 0.036 0.003 0.013 0.031
47 Q 0.055 0.072 0.043 0.046 0.009 0.226 0.101 0.041 0.029 0.026 0.046 0.09 0.02 0.014 0.023 0.055 0.041 0.006 0.02 0.035
48 L 0.172 0.027 0.02 0.022 0.019 0.021 0.03 0.049 0.012 0.078 0.222 0.034 0.033 0.038 0.022 0.054 0.041 0.006 0.02 0.081
49 W 0.098 0.024 0.018 0.019 0.011 0.018 0.027 0.042 0.015 0.033 0.054 0.028 0.016 0.05 0.013 0.038 0.029 0.376 0.055 0.039
50 A 0.134 0.044 0.041 0.04 0.016 0.078 0.058 0.056 0.019 0.038 0.053 0.058 0.018 0.02 0.027 0.115 0.107 0.006 0.018 0.053
51 L 0.044 0.024 0.014 0.015 0.016 0.016 0.02 0.021 0.01 0.114 0.385 0.025 0.049 0.054 0.014 0.024 0.033 0.007 0.022 0.095
52 L 0.05 0.106 0.021 0.02 0.015 0.024 0.029 0.025 0.013 0.103 0.236 0.048 0.036 0.04 0.016 0.031 0.037 0.006 0.02 0.125
53 D 0.057 0.026 0.048 0.216 0.011 0.023 0.057 0.158 0.015 0.056 0.053 0.037 0.015 0.02 0.02 0.046 0.037 0.005 0.013 0.088
54 D 0.045 0.121 0.043 0.125 0.008 0.081 0.068 0.036 0.029 0.029 0.047 0.071 0.016 0.044 0.02 0.045 0.034 0.011 0.094 0.034
55 P 0.063 0.111 0.032 0.031 0.013 0.029 0.04 0.039 0.016 0.048 0.127 0.059 0.022 0.026 0.141 0.086 0.046 0.005 0.017 0.049
56 G 0.078 0.023 0.039 0.034 0.011 0.019 0.026 0.51 0.014 0.019 0.028 0.034 0.009 0.016 0.019 0.051 0.03 0.005 0.011 0.024
57 T 0.064 0.034 0.107 0.043 0.016 0.026 0.037 0.044 0.017 0.072 0.072 0.042 0.02 0.025 0.023 0.071 0.153 0.005 0.018 0.112
58 L 0.109 0.024 0.017 0.019 0.017 0.018 0.024 0.035 0.011 0.138 0.248 0.029 0.038 0.043 0.018 0.039 0.039 0.006 0.02 0.108
59 P 0.113 0.028 0.035 0.124 0.012 0.024 0.05 0.049 0.015 0.029 0.039 0.042 0.012 0.015 0.263 0.055 0.039 0.004 0.013 0.038
60 E 0.116 0.038 0.032 0.059 0.012 0.043 0.172 0.045 0.02 0.028 0.042 0.058 0.013 0.017 0.145 0.059 0.039 0.005 0.016 0.04
61 G 0.058 0.032 0.034 0.043 0.011 0.031 0.098 0.156 0.017 0.031 0.045 0.044 0.014 0.029 0.02 0.055 0.086 0.129 0.028 0.039
62 G 0.131 0.03 0.035 0.032 0.015 0.025 0.036 0.171 0.023 0.033 0.049 0.04 0.015 0.047 0.023 0.099 0.047 0.011 0.093 0.045
63 L 0.044 0.024 0.014 0.015 0.016 0.016 0.02 0.021 0.01 0.114 0.385 0.025 0.049 0.054 0.014 0.024 0.033 0.007 0.022 0.095
64 A 0.243 0.028 0.023 0.026 0.021 0.023 0.036 0.064 0.013 0.072 0.076 0.039 0.021 0.025 0.026 0.071 0.049 0.005 0.018 0.121
65 R 0.109 0.189 0.029 0.027 0.013 0.033 0.04 0.041 0.017 0.093 0.079 0.076 0.021 0.025 0.02 0.049 0.039 0.006 0.018 0.076
66 L 0.05 0.023 0.015 0.016 0.017 0.016 0.021 0.022 0.009 0.126 0.321 0.025 0.044 0.049 0.015 0.026 0.037 0.007 0.022 0.141
67 L 0.043 0.029 0.092 0.032 0.014 0.02 0.027 0.032 0.015 0.091 0.296 0.032 0.039 0.045 0.015 0.035 0.037 0.006 0.02 0.078
68 F 0.103 0.023 0.018 0.019 0.015 0.016 0.024 0.037 0.014 0.07 0.167 0.027 0.029 0.217 0.016 0.039 0.033 0.011 0.054 0.068
69 L 0.047 0.028 0.019 0.019 0.015 0.023 0.025 0.027 0.016 0.09 0.174 0.031 0.136 0.135 0.015 0.033 0.036 0.01 0.04 0.082
70 S 0.09 0.034 0.044 0.04 0.016 0.027 0.043 0.055 0.018 0.038 0.059 0.045 0.018 0.114 0.025 0.18 0.067 0.008 0.035 0.045
71 L 0.11 0.028 0.018 0.02 0.017 0.021 0.027 0.037 0.013 0.092 0.255 0.032 0.072 0.044 0.018 0.042 0.039 0.007 0.021 0.087
72 L 0.108 0.026 0.017 0.019 0.017 0.018 0.025 0.035 0.011 0.096 0.303 0.03 0.041 0.046 0.018 0.039 0.037 0.007 0.021 0.088
73 C 0.064 0.016 0.016 0.016 0.491 0.012 0.016 0.032 0.008 0.044 0.064 0.02 0.016 0.02 0.016 0.04 0.036 0.004 0.012 0.056
74 L 0.041 0.023 0.015 0.015 0.015 0.015 0.02 0.022 0.012 0.101 0.317 0.023 0.043 0.139 0.013 0.024 0.031 0.009 0.038 0.085
75 G 0.11 0.024 0.024 0.024 0.012 0.017 0.027 0.162 0.015 0.038 0.063 0.03 0.017 0.123 0.016 0.045 0.031 0.132 0.046 0.044
76 A 0.253 0.033 0.032 0.034 0.02 0.027 0.043 0.074 0.016 0.039 0.054 0.046 0.017 0.021 0.029 0.121 0.057 0.005 0.017 0.061
77 V 0.059 0.023 0.017 0.018 0.017 0.018 0.023 0.024 0.01 0.176 0.154 0.028 0.068 0.04 0.016 0.031 0.044 0.006 0.021 0.206
78 W 0.047 0.027 0.025 0.022 0.012 0.02 0.029 0.028 0.099 0.124 0.096 0.029 0.024 0.042 0.014 0.03 0.034 0.13 0.041 0.127
79 L 0.044 0.022 0.014 0.016 0.016 0.015 0.019 0.021 0.01 0.156 0.33 0.025 0.046 0.051 0.014 0.024 0.034 0.007 0.022 0.115
80 G 0.077 0.023 0.039 0.033 0.011 0.019 0.025 0.517 0.013 0.019 0.028 0.033 0.009 0.016 0.019 0.051 0.029 0.005 0.011 0.024
81 W 0.03 0.022 0.015 0.015 0.007 0.015 0.022 0.03 0.015 0.03 0.052 0.022 0.015 0.06 0.007 0.022 0.022 0.5 0.067 0.03
82 R 0.043 0.2 0.045 0.034 0.008 0.043 0.052 0.035 0.194 0.023 0.042 0.082 0.015 0.024 0.019 0.043 0.03 0.007 0.037 0.027
83 W 0.045 0.129 0.028 0.027 0.01 0.036 0.043 0.033 0.019 0.045 0.084 0.116 0.055 0.035 0.017 0.039 0.034 0.13 0.031 0.046
84 G 0.077 0.023 0.039 0.033 0.011 0.019 0.025 0.517 0.013 0.019 0.028 0.033 0.009 0.016 0.019 0.051 0.029 0.005 0.011 0.024
85 L 0.058 0.024 0.022 0.022 0.017 0.018 0.025 0.027 0.01 0.153 0.186 0.03 0.034 0.039 0.018 0.043 0.095 0.006 0.02 0.155
86 R 0.053 0.187 0.032 0.028 0.01 0.032 0.036 0.151 0.017 0.087 0.071 0.073 0.019 0.023 0.018 0.041 0.034 0.006 0.016 0.065
87 R 0.116 0.191 0.035 0.031 0.012 0.035 0.042 0.165 0.018 0.027 0.045 0.078 0.014 0.018 0.022 0.056 0.037 0.006 0.016 0.038
88 W 0.114 0.034 0.031 0.043 0.013 0.033 0.102 0.046 0.017 0.037 0.053 0.046 0.016 0.03 0.022 0.063 0.091 0.129 0.03 0.05
89 P 0.122 0.023 0.02 0.023 0.135 0.018 0.029 0.042 0.011 0.069 0.072 0.033 0.019 0.022 0.141 0.05 0.042 0.004 0.016 0.109
90 K 0.048 0.062 0.108 0.047 0.009 0.083 0.062 0.043 0.032 0.03 0.047 0.116 0.016 0.044 0.021 0.052 0.039 0.011 0.095 0.035
91 P 0.053 0.119 0.032 0.035 0.009 0.079 0.056 0.036 0.019 0.025 0.041 0.072 0.014 0.014 0.261 0.046 0.037 0.004 0.016 0.032
92 L 0.056 0.023 0.015 0.016 0.017 0.016 0.021 0.023 0.009 0.138 0.257 0.025 0.04 0.045 0.015 0.028 0.041 0.006 0.021 0.187
93 A 0.239 0.041 0.03 0.034 0.018 0.075 0.055 0.068 0.018 0.038 0.055 0.055 0.018 0.02 0.028 0.077 0.047 0.005 0.018 0.06
94 L 0.045 0.024 0.014 0.015 0.016 0.016 0.02 0.021 0.01 0.115 0.375 0.025 0.05 0.055 0.014 0.024 0.033 0.007 0.022 0.096
95 L 0.055 0.024 0.022 0.021 0.014 0.017 0.022 0.186 0.011 0.082 0.264 0.028 0.036 0.041 0.016 0.033 0.032 0.006 0.018 0.072
96 L 0.046 0.118 0.105 0.054 0.01 0.04 0.107 0.038 0.022 0.045 0.124 0.068 0.022 0.026 0.02 0.048 0.038 0.006 0.018 0.046
97 L 0.051 0.022 0.015 0.016 0.017 0.015 0.02 0.022 0.009 0.168 0.266 0.025 0.041 0.047 0.015 0.026 0.038 0.006 0.021 0.161
98 P 0.056 0.025 0.023 0.031 0.01 0.02 0.036 0.036 0.013 0.025 0.036 0.041 0.01 0.013 0.501 0.043 0.036 0.003 0.013 0.031
99 V 0.069 0.022 0.016 0.018 0.019 0.016 0.023 0.024 0.008 0.163 0.129 0.026 0.031 0.035 0.016 0.033 0.049 0.005 0.02 0.276
100 R 0.108 0.274 0.035 0.03 0.011 0.042 0.049 0.044 0.021 0.028 0.049 0.1 0.016 0.018 0.022 0.054 0.038 0.006 0.017 0.04
101 V 0.07 0.022 0.016 0.018 0.019 0.016 0.023 0.025 0.008 0.164 0.13 0.026 0.031 0.036 0.016 0.033 0.049 0.005 0.02 0.273
102 F 0.038 0.032 0.035 0.027 0.009 0.024 0.036 0.032 0.188 0.043 0.076 0.032 0.02 0.21 0.015 0.034 0.026 0.012 0.073 0.039
103 A 0.174 0.04 0.033 0.06 0.014 0.045 0.17 0.056 0.02 0.032 0.048 0.06 0.015 0.019 0.028 0.07 0.043 0.005 0.017 0.05
104 G 0.094 0.031 0.046 0.041 0.014 0.026 0.039 0.289 0.016 0.024 0.035 0.044 0.012 0.018 0.024 0.137 0.056 0.005 0.014 0.033
105 Q 0.056 0.074 0.044 0.047 0.009 0.215 0.103 0.041 0.029 0.026 0.047 0.091 0.021 0.015 0.024 0.056 0.041 0.006 0.021 0.035
106 R 0.045 0.345 0.039 0.031 0.008 0.048 0.052 0.033 0.023 0.023 0.047 0.12 0.016 0.017 0.019 0.045 0.035 0.006 0.017 0.031
107 G 0.054 0.128 0.046 0.128 0.009 0.037 0.059 0.16 0.019 0.023 0.036 0.121 0.012 0.016 0.022 0.05 0.034 0.005 0.014 0.028
108 L 0.051 0.022 0.015 0.016 0.017 0.015 0.02 0.022 0.009 0.168 0.266 0.025 0.041 0.047 0.015 0.026 0.038 0.006 0.021 0.161
109 G 0.075 0.027 0.031 0.028 0.016 0.021 0.03 0.157 0.013 0.081 0.146 0.034 0.026 0.031 0.02 0.085 0.048 0.006 0.018 0.11
110 L 0.043 0.127 0.027 0.025 0.01 0.033 0.041 0.031 0.017 0.048 0.131 0.114 0.024 0.037 0.017 0.036 0.032 0.129 0.031 0.047
111 P 0.12 0.026 0.022 0.027 0.015 0.021 0.034 0.043 0.012 0.064 0.065 0.038 0.017 0.02 0.262 0.051 0.042 0.004 0.016 0.102
112 T 0.128 0.031 0.032 0.03 0.019 0.024 0.035 0.047 0.012 0.077 0.079 0.04 0.022 0.026 0.025 0.075 0.153 0.006 0.018 0.122
113 L 0.057 0.024 0.023 0.021 0.014 0.018 0.024 0.147 0.019 0.084 0.152 0.029 0.027 0.058 0.016 0.034 0.035 0.011 0.095 0.111
114 L 0.058 0.024 0.022 0.022 0.017 0.018 0.025 0.027 0.01 0.153 0.186 0.03 0.034 0.039 0.018 0.043 0.095 0.006 0.02 0.155
115 L 0.051 0.022 0.015 0.016 0.017 0.015 0.02 0.022 0.009 0.168 0.266 0.025 0.041 0.047 0.015 0.026 0.038 0.006 0.021 0.161
116 T 0.072 0.035 0.043 0.037 0.018 0.027 0.039 0.043 0.014 0.053 0.064 0.045 0.019 0.023 0.027 0.091 0.258 0.006 0.018 0.07
117 L 0.052 0.024 0.02 0.02 0.015 0.017 0.021 0.145 0.011 0.09 0.296 0.027 0.039 0.044 0.015 0.031 0.032 0.007 0.019 0.077
118 F 0.042 0.019 0.017 0.017 0.013 0.012 0.02 0.025 0.015 0.087 0.116 0.02 0.027 0.306 0.012 0.027 0.031 0.014 0.071 0.111
119 A 0.301 0.031 0.025 0.029 0.021 0.025 0.04 0.077 0.015 0.043 0.059 0.044 0.017 0.021 0.029 0.084 0.049 0.005 0.017 0.068
120 L 0.106 0.027 0.018 0.02 0.015 0.021 0.027 0.039 0.014 0.071 0.172 0.032 0.064 0.046 0.017 0.041 0.036 0.13 0.033 0.071
121 V 0.073 0.025 0.025 0.025 0.018 0.02 0.029 0.034 0.011 0.159 0.116 0.032 0.028 0.034 0.019 0.08 0.054 0.005 0.02 0.194
122 L 0.056 0.027 0.023 0.022 0.015 0.022 0.025 0.148 0.014 0.083 0.2 0.032 0.101 0.041 0.016 0.036 0.035 0.007 0.02 0.075
123 W 0.037 0.11 0.031 0.025 0.008 0.028 0.036 0.031 0.105 0.034 0.062 0.051 0.018 0.126 0.014 0.033 0.027 0.132 0.057 0.034
124 L 0.109 0.022 0.017 0.02 0.017 0.017 0.024 0.035 0.01 0.18 0.194 0.029 0.035 0.041 0.018 0.039 0.04 0.006 0.02 0.128
125 L 0.116 0.025 0.023 0.023 0.016 0.019 0.026 0.159 0.012 0.072 0.214 0.032 0.031 0.036 0.019 0.046 0.036 0.006 0.018 0.07
126 L 0.047 0.023 0.016 0.017 0.016 0.017 0.021 0.022 0.011 0.194 0.227 0.027 0.074 0.047 0.015 0.027 0.038 0.007 0.022 0.133
127 G 0.071 0.029 0.039 0.047 0.01 0.03 0.096 0.397 0.016 0.019 0.03 0.043 0.01 0.016 0.02 0.052 0.031 0.005 0.012 0.026
128 A 0.128 0.033 0.03 0.029 0.018 0.028 0.037 0.049 0.016 0.067 0.122 0.042 0.095 0.034 0.023 0.097 0.052 0.007 0.02 0.073
129 Q 0.049 0.132 0.048 0.132 0.008 0.132 0.086 0.04 0.025 0.024 0.042 0.086 0.016 0.015 0.022 0.051 0.038 0.005 0.017 0.031
130 P 0.069 0.029 0.031 0.035 0.012 0.023 0.04 0.043 0.014 0.026 0.037 0.044 0.011 0.015 0.383 0.09 0.047 0.003 0.014 0.033
131 L 0.047 0.024 0.03 0.117 0.012 0.02 0.041 0.031 0.012 0.111 0.153 0.033 0.026 0.031 0.138 0.036 0.036 0.005 0.017 0.081
132 E 0.051 0.044 0.047 0.168 0.007 0.055 0.253 0.037 0.024 0.022 0.034 0.067 0.012 0.016 0.025 0.054 0.036 0.005 0.015 0.029
133 V 0.123 0.031 0.024 0.038 0.017 0.03 0.098 0.04 0.014 0.097 0.088 0.042 0.023 0.027 0.022 0.051 0.046 0.005 0.019 0.165
134 R 0.047 0.284 0.04 0.035 0.008 0.092 0.064 0.034 0.024 0.024 0.046 0.111 0.017 0.016 0.02 0.047 0.036 0.006 0.018 0.032
135 G 0.122 0.03 0.102 0.04 0.015 0.023 0.034 0.171 0.017 0.061 0.061 0.039 0.017 0.023 0.021 0.059 0.044 0.005 0.016 0.1
136 G 0.073 0.036 0.038 0.048 0.013 0.036 0.103 0.161 0.018 0.042 0.075 0.049 0.053 0.025 0.022 0.093 0.046 0.006 0.017 0.047
137 G 0.066 0.112 0.041 0.034 0.013 0.03 0.039 0.159 0.016 0.037 0.05 0.06 0.016 0.02 0.023 0.069 0.145 0.006 0.016 0.049
138 L 0.057 0.039 0.025 0.026 0.015 0.074 0.045 0.03 0.017 0.097 0.141 0.047 0.099 0.036 0.018 0.04 0.042 0.007 0.022 0.124
139 W 0.03 0.022 0.015 0.015 0.007 0.015 0.022 0.03 0.015 0.03 0.052 0.022 0.015 0.06 0.007 0.022 0.022 0.5 0.067 0.03
140 T 0.081 0.036 0.045 0.04 0.017 0.029 0.042 0.048 0.015 0.047 0.058 0.047 0.018 0.023 0.028 0.126 0.213 0.006 0.017 0.063
141 G 0.077 0.023 0.039 0.033 0.011 0.019 0.025 0.517 0.013 0.019 0.028 0.033 0.009 0.016 0.019 0.051 0.029 0.005 0.011 0.024
142 P 0.05 0.028 0.028 0.029 0.011 0.023 0.035 0.032 0.1 0.089 0.069 0.037 0.018 0.025 0.259 0.038 0.034 0.005 0.026 0.064
143 L 0.109 0.022 0.017 0.02 0.017 0.017 0.024 0.035 0.01 0.18 0.194 0.029 0.035 0.041 0.018 0.039 0.04 0.006 0.02 0.128
144 T 0.129 0.034 0.038 0.035 0.018 0.027 0.039 0.051 0.014 0.05 0.063 0.045 0.019 0.023 0.028 0.089 0.206 0.006 0.017 0.069
145 I 0.046 0.017 0.014 0.017 0.016 0.013 0.017 0.02 0.009 0.282 0.165 0.023 0.036 0.044 0.014 0.025 0.039 0.006 0.02 0.174
146 L 0.046 0.025 0.018 0.018 0.015 0.02 0.023 0.025 0.014 0.136 0.166 0.028 0.102 0.134 0.014 0.03 0.036 0.01 0.039 0.103
147 A 0.187 0.032 0.031 0.031 0.017 0.026 0.04 0.061 0.024 0.039 0.056 0.043 0.017 0.048 0.026 0.107 0.052 0.011 0.095 0.056
148 F 0.036 0.02 0.016 0.016 0.012 0.012 0.019 0.024 0.015 0.075 0.181 0.02 0.031 0.31 0.011 0.025 0.027 0.014 0.071 0.064
149 F 0.037 0.018 0.016 0.017 0.012 0.011 0.018 0.024 0.015 0.117 0.126 0.02 0.028 0.308 0.011 0.025 0.029 0.014 0.071 0.084
150 L 0.076 0.032 0.034 0.032 0.017 0.024 0.036 0.043 0.014 0.071 0.213 0.039 0.032 0.037 0.022 0.128 0.057 0.006 0.02 0.068
151 S 0.092 0.041 0.122 0.057 0.015 0.033 0.051 0.065 0.022 0.027 0.039 0.053 0.014 0.02 0.027 0.191 0.073 0.005 0.017 0.038
152 V 0.057 0.021 0.015 0.017 0.017 0.015 0.021 0.022 0.009 0.18 0.202 0.025 0.037 0.042 0.015 0.028 0.042 0.006 0.021 0.207
153 G 0.074 0.068 0.043 0.041 0.011 0.039 0.054 0.167 0.018 0.026 0.039 0.166 0.014 0.017 0.026 0.097 0.047 0.005 0.015 0.032
154 V 0.075 0.032 0.033 0.031 0.017 0.026 0.035 0.04 0.014 0.086 0.107 0.04 0.06 0.032 0.022 0.098 0.107 0.006 0.02 0.12
155 L 0.115 0.023 0.017 0.02 0.018 0.018 0.025 0.036 0.01 0.15 0.184 0.029 0.033 0.038 0.018 0.041 0.042 0.006 0.02 0.154
156 S 0.108 0.04 0.053 0.048 0.017 0.033 0.052 0.065 0.019 0.029 0.041 0.053 0.015 0.021 0.029 0.231 0.081 0.005 0.017 0.041
157 L 0.045 0.026 0.018 0.018 0.015 0.02 0.023 0.025 0.015 0.093 0.221 0.029 0.105 0.136 0.014 0.03 0.034 0.01 0.039 0.083
158 A 0.176 0.025 0.021 0.023 0.018 0.019 0.03 0.051 0.013 0.077 0.089 0.033 0.023 0.118 0.021 0.056 0.043 0.008 0.036 0.117
159 L 0.044 0.024 0.014 0.015 0.016 0.016 0.02 0.021 0.01 0.114 0.385 0.025 0.049 0.054 0.014 0.024 0.033 0.007 0.022 0.095
160 S 0.108 0.04 0.053 0.048 0.017 0.033 0.052 0.065 0.019 0.029 0.041 0.053 0.015 0.021 0.029 0.231 0.081 0.005 0.017 0.041
161 L 0.058 0.029 0.028 0.026 0.017 0.022 0.029 0.032 0.012 0.083 0.224 0.035 0.034 0.039 0.021 0.058 0.145 0.006 0.02 0.082
162 A 0.173 0.03 0.023 0.024 0.017 0.025 0.034 0.052 0.023 0.057 0.095 0.038 0.056 0.055 0.022 0.058 0.041 0.012 0.097 0.068
163 L 0.047 0.029 0.019 0.018 0.014 0.023 0.026 0.025 0.022 0.089 0.21 0.032 0.103 0.069 0.015 0.031 0.035 0.013 0.099 0.081
164 L 0.048 0.02 0.015 0.017 0.015 0.014 0.02 0.023 0.011 0.155 0.198 0.023 0.035 0.132 0.014 0.027 0.036 0.009 0.038 0.151
165 L 0.044 0.024 0.014 0.015 0.016 0.016 0.02 0.021 0.01 0.114 0.385 0.025 0.049 0.054 0.014 0.024 0.033 0.007 0.022 0.095
166 R 0.047 0.292 0.039 0.033 0.008 0.049 0.056 0.035 0.022 0.024 0.045 0.161 0.015 0.017 0.021 0.046 0.036 0.006 0.017 0.031
167 R 0.044 0.208 0.033 0.03 0.009 0.04 0.048 0.033 0.021 0.034 0.062 0.136 0.018 0.111 0.019 0.041 0.033 0.008 0.035 0.037
168 K 0.114 0.149 0.036 0.035 0.011 0.045 0.058 0.049 0.02 0.03 0.047 0.185 0.016 0.017 0.026 0.058 0.04 0.005 0.017 0.041
169 T 0.074 0.038 0.116 0.051 0.015 0.03 0.044 0.054 0.019 0.039 0.05 0.049 0.016 0.021 0.026 0.121 0.161 0.005 0.017 0.052
170 L 0.053 0.105 0.026 0.024 0.013 0.024 0.029 0.148 0.014 0.109 0.156 0.05 0.027 0.033 0.017 0.036 0.034 0.006 0.018 0.081
171 A 0.178 0.027 0.02 0.023 0.019 0.021 0.031 0.05 0.012 0.09 0.158 0.035 0.029 0.033 0.022 0.056 0.045 0.006 0.019 0.128
172 T 0.138 0.035 0.041 0.038 0.018 0.028 0.042 0.057 0.015 0.044 0.057 0.047 0.018 0.022 0.028 0.124 0.161 0.006 0.017 0.062
173 V 0.063 0.026 0.022 0.022 0.018 0.019 0.026 0.028 0.01 0.123 0.176 0.03 0.033 0.037 0.018 0.045 0.097 0.006 0.02 0.181
174 A 0.178 0.027 0.02 0.023 0.019 0.021 0.031 0.05 0.012 0.09 0.158 0.035 0.029 0.033 0.022 0.056 0.045 0.006 0.019 0.128
175 L 0.044 0.022 0.014 0.016 0.016 0.015 0.019 0.021 0.01 0.156 0.33 0.025 0.046 0.051 0.014 0.024 0.034 0.007 0.022 0.115
176 F 0.036 0.02 0.016 0.016 0.012 0.012 0.019 0.024 0.015 0.075 0.181 0.02 0.031 0.31 0.011 0.025 0.027 0.014 0.071 0.064
177 L 0.13 0.029 0.027 0.027 0.018 0.023 0.034 0.047 0.013 0.087 0.153 0.037 0.028 0.033 0.022 0.093 0.053 0.006 0.019 0.121
178 L 0.109 0.022 0.017 0.02 0.017 0.017 0.024 0.035 0.01 0.18 0.194 0.029 0.035 0.041 0.018 0.039 0.04 0.006 0.02 0.128
179 N 0.042 0.044 0.327 0.082 0.009 0.033 0.049 0.064 0.031 0.022 0.031 0.053 0.011 0.018 0.02 0.069 0.049 0.004 0.015 0.027
180 L 0.114 0.025 0.017 0.019 0.018 0.018 0.026 0.036 0.011 0.108 0.239 0.03 0.037 0.041 0.018 0.041 0.041 0.006 0.02 0.134
181 L 0.116 0.027 0.019 0.02 0.018 0.021 0.028 0.038 0.012 0.104 0.191 0.033 0.068 0.039 0.019 0.044 0.043 0.006 0.021 0.133
182 L 0.053 0.027 0.023 0.022 0.016 0.021 0.026 0.028 0.012 0.137 0.202 0.032 0.069 0.042 0.018 0.044 0.092 0.007 0.021 0.107
183 Y 0.038 0.025 0.02 0.018 0.009 0.019 0.025 0.025 0.039 0.048 0.079 0.028 0.02 0.196 0.014 0.029 0.027 0.025 0.268 0.048
184 A 0.17 0.026 0.02 0.023 0.017 0.019 0.03 0.05 0.014 0.065 0.154 0.033 0.027 0.123 0.021 0.054 0.039 0.009 0.036 0.071
185 P 0.056 0.025 0.023 0.031 0.01 0.02 0.036 0.036 0.013 0.025 0.036 0.041 0.01 0.013 0.501 0.043 0.036 0.003 0.013 0.031
186 L 0.045 0.031 0.022 0.034 0.012 0.029 0.094 0.025 0.023 0.073 0.218 0.039 0.032 0.063 0.017 0.033 0.032 0.012 0.097 0.067
187 V 0.058 0.02 0.015 0.017 0.017 0.015 0.02 0.022 0.008 0.222 0.147 0.024 0.034 0.039 0.015 0.029 0.044 0.006 0.02 0.227
188 L 0.042 0.021 0.015 0.016 0.015 0.014 0.019 0.022 0.011 0.143 0.262 0.023 0.04 0.137 0.013 0.024 0.033 0.009 0.038 0.104
189 I 0.049 0.019 0.015 0.017 0.015 0.013 0.019 0.022 0.011 0.197 0.143 0.023 0.032 0.13 0.014 0.027 0.038 0.008 0.037 0.171
190 Y 0.04 0.028 0.021 0.018 0.009 0.021 0.028 0.025 0.046 0.043 0.067 0.031 0.018 0.129 0.015 0.031 0.028 0.028 0.328 0.046
191 F 0.033 0.019 0.017 0.017 0.01 0.01 0.019 0.025 0.017 0.062 0.113 0.019 0.025 0.396 0.01 0.025 0.025 0.017 0.087 0.054
192 R 0.044 0.355 0.038 0.031 0.008 0.048 0.052 0.032 0.023 0.023 0.046 0.118 0.015 0.017 0.019 0.044 0.034 0.006 0.017 0.031
193 R 0.044 0.355 0.038 0.031 0.008 0.048 0.052 0.032 0.023 0.023 0.046 0.118 0.015 0.017 0.019 0.044 0.034 0.006 0.017 0.031
194 A 0.172 0.115 0.035 0.032 0.014 0.034 0.046 0.056 0.104 0.033 0.05 0.063 0.016 0.022 0.024 0.063 0.04 0.006 0.027 0.047
195 A 0.13 0.03 0.041 0.125 0.016 0.026 0.051 0.053 0.015 0.064 0.064 0.042 0.018 0.023 0.024 0.1 0.053 0.005 0.016 0.103
196 T 0.06 0.03 0.03 0.028 0.017 0.024 0.031 0.033 0.013 0.121 0.122 0.037 0.062 0.034 0.021 0.061 0.149 0.006 0.02 0.101
197 L 0.039 0.021 0.015 0.016 0.013 0.013 0.019 0.023 0.013 0.088 0.249 0.022 0.037 0.225 0.012 0.024 0.029 0.012 0.055 0.074
198 E 0.055 0.055 0.041 0.078 0.008 0.104 0.256 0.036 0.026 0.023 0.039 0.078 0.015 0.016 0.025 0.055 0.037 0.006 0.017 0.032
199 L 0.105 0.024 0.017 0.019 0.016 0.017 0.025 0.036 0.013 0.083 0.235 0.028 0.035 0.131 0.017 0.039 0.035 0.009 0.037 0.078
200 G 0.061 0.02 0.022 0.021 0.133 0.014 0.021 0.15 0.012 0.072 0.083 0.024 0.02 0.117 0.015 0.037 0.035 0.008 0.033 0.103
201 L 0.042 0.021 0.015 0.016 0.015 0.014 0.019 0.022 0.011 0.143 0.262 0.023 0.04 0.137 0.013 0.024 0.033 0.009 0.038 0.104
202 A 0.181 0.025 0.026 0.027 0.017 0.021 0.031 0.173 0.013 0.096 0.078 0.036 0.02 0.026 0.023 0.061 0.042 0.005 0.016 0.083
203 L 0.119 0.023 0.018 0.019 0.137 0.017 0.025 0.039 0.01 0.091 0.159 0.029 0.028 0.033 0.019 0.045 0.042 0.005 0.018 0.125
204 L 0.124 0.029 0.027 0.027 0.018 0.022 0.033 0.046 0.013 0.075 0.217 0.037 0.033 0.037 0.022 0.091 0.049 0.006 0.02 0.075
205 L 0.043 0.023 0.016 0.016 0.014 0.017 0.021 0.022 0.019 0.138 0.251 0.026 0.038 0.07 0.014 0.026 0.033 0.012 0.098 0.102
206 A 0.245 0.029 0.029 0.03 0.019 0.024 0.036 0.187 0.014 0.037 0.051 0.041 0.015 0.02 0.027 0.075 0.044 0.005 0.016 0.057
207 L 0.039 0.021 0.015 0.016 0.013 0.013 0.019 0.023 0.013 0.088 0.249 0.022 0.037 0.225 0.012 0.024 0.029 0.012 0.055 0.074
208 F 0.037 0.023 0.017 0.016 0.011 0.016 0.022 0.025 0.022 0.062 0.154 0.024 0.027 0.16 0.012 0.026 0.027 0.138 0.126 0.056
209 F 0.042 0.019 0.017 0.017 0.013 0.012 0.02 0.025 0.015 0.087 0.116 0.02 0.027 0.306 0.012 0.027 0.031 0.014 0.071 0.111
210 V 0.127 0.024 0.018 0.02 0.02 0.018 0.027 0.038 0.01 0.132 0.111 0.03 0.028 0.032 0.02 0.045 0.049 0.005 0.02 0.227
211 R 0.047 0.284 0.04 0.035 0.008 0.092 0.064 0.034 0.024 0.024 0.046 0.111 0.017 0.016 0.02 0.047 0.036 0.006 0.018 0.032
212 G 0.077 0.11 0.042 0.036 0.012 0.029 0.038 0.283 0.017 0.022 0.036 0.06 0.012 0.017 0.021 0.094 0.043 0.005 0.014 0.03
213 W 0.104 0.109 0.025 0.023 0.011 0.027 0.035 0.041 0.025 0.035 0.056 0.054 0.016 0.057 0.018 0.045 0.033 0.135 0.107 0.044
214 T 0.128 0.031 0.032 0.03 0.019 0.024 0.035 0.047 0.012 0.077 0.079 0.04 0.022 0.026 0.025 0.075 0.153 0.006 0.018 0.122
215 L 0.051 0.02 0.015 0.017 0.017 0.015 0.019 0.021 0.009 0.21 0.211 0.024 0.038 0.044 0.015 0.026 0.04 0.006 0.021 0.181
216 P 0.069 0.029 0.031 0.035 0.012 0.023 0.04 0.043 0.014 0.026 0.037 0.044 0.011 0.015 0.383 0.09 0.047 0.003 0.014 0.033
217 R 0.044 0.355 0.038 0.031 0.008 0.048 0.052 0.032 0.023 0.023 0.046 0.118 0.015 0.017 0.019 0.044 0.034 0.006 0.017 0.031
218 V 0.063 0.105 0.022 0.021 0.016 0.024 0.03 0.026 0.012 0.127 0.108 0.049 0.027 0.031 0.017 0.035 0.045 0.005 0.02 0.217
219 G 0.189 0.027 0.032 0.031 0.016 0.022 0.033 0.297 0.014 0.031 0.043 0.039 0.013 0.019 0.024 0.067 0.039 0.005 0.014 0.046
220 L 0.056 0.023 0.015 0.016 0.017 0.016 0.021 0.023 0.009 0.138 0.257 0.025 0.04 0.045 0.015 0.028 0.041 0.006 0.021 0.187
221 L 0.051 0.02 0.015 0.017 0.017 0.015 0.019 0.021 0.009 0.21 0.211 0.024 0.038 0.044 0.015 0.026 0.04 0.006 0.021 0.181
222 A 0.178 0.027 0.02 0.023 0.019 0.021 0.031 0.05 0.012 0.09 0.158 0.035 0.029 0.033 0.022 0.056 0.045 0.006 0.019 0.128
223 G 0.125 0.025 0.029 0.028 0.015 0.02 0.028 0.283 0.013 0.048 0.125 0.034 0.021 0.027 0.02 0.052 0.035 0.006 0.015 0.053
224 L 0.117 0.03 0.025 0.025 0.018 0.024 0.032 0.042 0.013 0.077 0.175 0.037 0.065 0.037 0.022 0.059 0.095 0.007 0.02 0.081
225 P 0.054 0.023 0.018 0.021 0.133 0.018 0.024 0.029 0.011 0.113 0.115 0.03 0.059 0.031 0.137 0.036 0.038 0.005 0.017 0.088
226 V 0.063 0.022 0.016 0.017 0.018 0.016 0.022 0.023 0.009 0.15 0.192 0.026 0.036 0.04 0.016 0.03 0.045 0.006 0.021 0.233
227 G 0.076 0.026 0.04 0.034 0.012 0.021 0.029 0.399 0.013 0.027 0.037 0.036 0.012 0.018 0.021 0.061 0.086 0.005 0.012 0.035
228 F 0.062 0.028 0.032 0.03 0.014 0.02 0.032 0.04 0.016 0.052 0.083 0.034 0.021 0.209 0.019 0.093 0.097 0.011 0.052 0.055
229 F 0.041 0.022 0.017 0.018 0.013 0.015 0.021 0.025 0.014 0.126 0.146 0.024 0.065 0.221 0.013 0.028 0.032 0.012 0.055 0.093
230 F 0.053 0.02 0.022 0.021 0.013 0.014 0.021 0.148 0.014 0.076 0.095 0.024 0.023 0.211 0.014 0.033 0.032 0.011 0.051 0.103
231 V 0.059 0.023 0.017 0.018 0.017 0.018 0.023 0.024 0.01 0.176 0.154 0.028 0.068 0.04 0.016 0.031 0.044 0.006 0.021 0.206
232 F 0.038 0.031 0.172 0.049 0.01 0.022 0.034 0.045 0.024 0.042 0.072 0.036 0.018 0.207 0.015 0.047 0.037 0.011 0.051 0.04
233 A 0.245 0.029 0.029 0.03 0.019 0.024 0.036 0.187 0.014 0.037 0.051 0.041 0.015 0.02 0.027 0.075 0.044 0.005 0.016 0.057
234 V 0.127 0.024 0.018 0.02 0.02 0.018 0.027 0.038 0.01 0.132 0.111 0.03 0.028 0.032 0.02 0.045 0.049 0.005 0.02 0.227
235 G 0.071 0.029 0.039 0.047 0.01 0.03 0.096 0.397 0.016 0.019 0.03 0.043 0.01 0.016 0.02 0.052 0.031 0.005 0.012 0.026
236 E 0.113 0.043 0.039 0.061 0.011 0.047 0.177 0.046 0.107 0.027 0.042 0.059 0.014 0.021 0.025 0.058 0.037 0.006 0.027 0.038
237 L 0.044 0.022 0.014 0.016 0.016 0.015 0.019 0.021 0.01 0.156 0.33 0.025 0.046 0.051 0.014 0.024 0.034 0.007 0.022 0.115
238 R 0.044 0.355 0.038 0.031 0.008 0.048 0.052 0.032 0.023 0.023 0.046 0.118 0.015 0.017 0.019 0.044 0.034 0.006 0.017 0.031
239 G 0.132 0.028 0.036 0.033 0.015 0.022 0.032 0.289 0.014 0.033 0.045 0.039 0.014 0.019 0.023 0.069 0.091 0.005 0.014 0.046
240 L 0.044 0.022 0.014 0.016 0.016 0.015 0.019 0.021 0.01 0.156 0.33 0.025 0.046 0.051 0.014 0.024 0.034 0.007 0.022 0.115
241 G 0.141 0.029 0.039 0.036 0.015 0.024 0.035 0.294 0.015 0.027 0.039 0.041 0.013 0.018 0.024 0.104 0.047 0.005 0.014 0.039
242 G 0.069 0.106 0.038 0.033 0.01 0.026 0.032 0.396 0.016 0.02 0.032 0.055 0.011 0.016 0.019 0.049 0.031 0.005 0.012 0.026
243 G 0.078 0.023 0.039 0.033 0.011 0.019 0.025 0.515 0.013 0.019 0.028 0.033 0.009 0.016 0.019 0.051 0.029 0.005 0.011 0.024
244 Y 0.04 0.028 0.022 0.019 0.009 0.022 0.028 0.025 0.046 0.043 0.068 0.031 0.019 0.13 0.016 0.031 0.028 0.028 0.321 0.046
245 R 0.169 0.19 0.032 0.03 0.015 0.037 0.046 0.055 0.019 0.033 0.053 0.082 0.016 0.019 0.024 0.064 0.042 0.006 0.017 0.05
246 L 0.046 0.021 0.014 0.016 0.016 0.015 0.019 0.021 0.009 0.195 0.273 0.024 0.043 0.049 0.014 0.025 0.036 0.006 0.021 0.136
247 G 0.06 0.034 0.18 0.058 0.01 0.026 0.037 0.289 0.022 0.021 0.03 0.044 0.01 0.017 0.019 0.06 0.039 0.005 0.013 0.026
248 D 0.167 0.03 0.047 0.215 0.014 0.028 0.066 0.062 0.017 0.033 0.043 0.044 0.013 0.018 0.026 0.068 0.042 0.005 0.014 0.046
249 D 0.074 0.035 0.055 0.163 0.014 0.03 0.06 0.052 0.017 0.035 0.045 0.048 0.015 0.02 0.026 0.124 0.123 0.005 0.015 0.045
250 G 0.078 0.023 0.039 0.033 0.011 0.019 0.025 0.515 0.013 0.019 0.028 0.033 0.009 0.016 0.019 0.051 0.029 0.005 0.011 0.024
251 V 0.066 0.054 0.033 0.032 0.015 0.032 0.044 0.037 0.014 0.081 0.079 0.119 0.022 0.025 0.024 0.059 0.114 0.005 0.018 0.126
252 L 0.045 0.022 0.014 0.016 0.016 0.015 0.019 0.021 0.01 0.169 0.31 0.024 0.045 0.051 0.014 0.024 0.035 0.007 0.022 0.122
253 E 0.054 0.049 0.04 0.089 0.007 0.064 0.307 0.034 0.025 0.022 0.036 0.074 0.013 0.016 0.025 0.054 0.036 0.005 0.016 0.031
254 G 0.12 0.028 0.03 0.029 0.014 0.022 0.032 0.167 0.014 0.036 0.051 0.036 0.015 0.03 0.021 0.062 0.09 0.129 0.028 0.048
255 R 0.047 0.284 0.04 0.035 0.008 0.092 0.064 0.034 0.024 0.024 0.046 0.111 0.017 0.016 0.02 0.047 0.036 0.006 0.018 0.032
256 L 0.053 0.024 0.016 0.017 0.017 0.018 0.022 0.023 0.011 0.164 0.218 0.027 0.072 0.045 0.015 0.029 0.04 0.007 0.022 0.16
257 P 0.056 0.025 0.023 0.031 0.01 0.02 0.036 0.036 0.013 0.025 0.036 0.041 0.01 0.013 0.501 0.043 0.036 0.003 0.013 0.031
258 T 0.074 0.116 0.044 0.038 0.015 0.034 0.045 0.046 0.017 0.039 0.054 0.065 0.017 0.021 0.026 0.115 0.158 0.006 0.017 0.053
259 L 0.041 0.023 0.015 0.015 0.015 0.015 0.02 0.022 0.012 0.101 0.317 0.023 0.043 0.139 0.013 0.024 0.031 0.009 0.038 0.085
260 S 0.143 0.045 0.044 0.043 0.016 0.079 0.061 0.062 0.02 0.032 0.047 0.06 0.017 0.019 0.028 0.15 0.063 0.005 0.018 0.046
261 E 0.051 0.044 0.047 0.168 0.007 0.055 0.253 0.037 0.024 0.022 0.034 0.067 0.012 0.016 0.025 0.054 0.036 0.005 0.015 0.029
262 I 0.046 0.017 0.014 0.017 0.016 0.013 0.017 0.02 0.009 0.282 0.165 0.023 0.036 0.044 0.014 0.025 0.039 0.006 0.02 0.174
263 A 0.19 0.033 0.031 0.032 0.019 0.028 0.04 0.062 0.016 0.053 0.088 0.044 0.056 0.028 0.026 0.109 0.055 0.006 0.019 0.067
264 D 0.113 0.054 0.043 0.141 0.011 0.043 0.127 0.05 0.02 0.028 0.041 0.113 0.014 0.017 0.026 0.061 0.04 0.005 0.015 0.039
265 I 0.046 0.017 0.014 0.017 0.016 0.013 0.017 0.02 0.009 0.282 0.165 0.023 0.036 0.044 0.014 0.025 0.039 0.006 0.02 0.174
266 D 0.04 0.029 0.068 0.406 0.007 0.029 0.09 0.046 0.018 0.022 0.028 0.044 0.009 0.015 0.022 0.051 0.035 0.004 0.011 0.024
267 W 0.032 0.021 0.016 0.016 0.009 0.013 0.021 0.027 0.016 0.046 0.082 0.021 0.02 0.228 0.009 0.024 0.024 0.258 0.077 0.042
268 L 0.04 0.024 0.014 0.015 0.014 0.016 0.021 0.023 0.011 0.093 0.302 0.024 0.04 0.055 0.012 0.024 0.03 0.13 0.033 0.079
269 A 0.204 0.035 0.039 0.039 0.019 0.029 0.046 0.071 0.017 0.036 0.05 0.049 0.016 0.021 0.029 0.158 0.065 0.005 0.017 0.055
270 L 0.114 0.025 0.017 0.019 0.018 0.018 0.026 0.036 0.011 0.108 0.239 0.03 0.037 0.041 0.018 0.041 0.041 0.006 0.02 0.134
271 A 0.121 0.033 0.103 0.041 0.017 0.025 0.038 0.052 0.017 0.07 0.071 0.042 0.02 0.024 0.023 0.069 0.101 0.005 0.018 0.111
272 P 0.048 0.027 0.045 0.218 0.009 0.025 0.063 0.041 0.016 0.024 0.032 0.042 0.01 0.014 0.262 0.047 0.035 0.003 0.012 0.027
273 G 0.078 0.023 0.039 0.034 0.011 0.019 0.026 0.51 0.014 0.019 0.028 0.034 0.009 0.016 0.019 0.051 0.03 0.005 0.011 0.024
274 F 0.039 0.02 0.015 0.016 0.013 0.012 0.019 0.023 0.013 0.13 0.194 0.021 0.034 0.222 0.012 0.025 0.031 0.012 0.054 0.094
275 N 0.068 0.039 0.109 0.059 0.013 0.036 0.108 0.047 0.021 0.059 0.059 0.052 0.018 0.022 0.023 0.097 0.054 0.005 0.017 0.095
276 D 0.062 0.055 0.122 0.144 0.01 0.037 0.065 0.055 0.022 0.025 0.036 0.11 0.013 0.017 0.025 0.101 0.051 0.005 0.015 0.031
277 P 0.078 0.033 0.049 0.133 0.013 0.029 0.057 0.053 0.017 0.027 0.036 0.048 0.013 0.017 0.145 0.139 0.058 0.004 0.015 0.034
278 R 0.056 0.13 0.035 0.035 0.011 0.129 0.069 0.034 0.022 0.059 0.067 0.081 0.022 0.02 0.02 0.047 0.041 0.006 0.02 0.095
279 A 0.126 0.047 0.044 0.04 0.014 0.08 0.061 0.055 0.107 0.03 0.046 0.058 0.017 0.022 0.025 0.103 0.049 0.006 0.028 0.042
280 S 0.077 0.113 0.04 0.036 0.015 0.032 0.043 0.046 0.017 0.091 0.073 0.062 0.021 0.025 0.023 0.133 0.059 0.005 0.018 0.072
281 P 0.082 0.032 0.038 0.039 0.014 0.027 0.044 0.05 0.016 0.027 0.038 0.047 0.013 0.017 0.265 0.137 0.058 0.004 0.015 0.036
282 E 0.054 0.049 0.04 0.089 0.007 0.064 0.307 0.034 0.025 0.022 0.036 0.074 0.013 0.016 0.025 0.054 0.036 0.005 0.016 0.031
283 T 0.065 0.027 0.029 0.027 0.017 0.021 0.03 0.033 0.011 0.137 0.106 0.035 0.027 0.031 0.021 0.06 0.151 0.006 0.019 0.148
284 R 0.055 0.118 0.035 0.044 0.012 0.042 0.106 0.034 0.019 0.049 0.085 0.068 0.055 0.026 0.022 0.056 0.092 0.006 0.019 0.056
285 N 0.042 0.044 0.327 0.082 0.009 0.033 0.049 0.064 0.031 0.022 0.031 0.053 0.011 0.018 0.02 0.069 0.049 0.004 0.015 0.027
286 A 0.301 0.031 0.025 0.029 0.021 0.025 0.04 0.077 0.015 0.043 0.059 0.044 0.017 0.021 0.029 0.084 0.049 0.005 0.017 0.068
287 V 0.118 0.023 0.019 0.02 0.017 0.017 0.026 0.038 0.012 0.107 0.107 0.028 0.026 0.122 0.018 0.043 0.043 0.008 0.036 0.17
288 V 0.055 0.029 0.095 0.034 0.014 0.022 0.031 0.034 0.023 0.097 0.089 0.034 0.023 0.054 0.017 0.041 0.043 0.011 0.096 0.158
289 L 0.057 0.027 0.024 0.024 0.015 0.019 0.028 0.033 0.014 0.08 0.231 0.03 0.035 0.131 0.017 0.076 0.043 0.009 0.037 0.071
290 V 0.06 0.027 0.018 0.019 0.017 0.022 0.025 0.026 0.012 0.131 0.161 0.031 0.102 0.041 0.016 0.034 0.044 0.007 0.022 0.185
291 D 0.062 0.118 0.05 0.143 0.01 0.043 0.125 0.045 0.021 0.024 0.038 0.073 0.013 0.017 0.024 0.095 0.047 0.005 0.015 0.032
292 A 0.178 0.027 0.02 0.023 0.019 0.021 0.031 0.05 0.012 0.09 0.158 0.035 0.029 0.033 0.022 0.056 0.045 0.006 0.019 0.128
293 V 0.073 0.025 0.025 0.025 0.018 0.02 0.029 0.034 0.011 0.159 0.116 0.032 0.028 0.034 0.019 0.08 0.054 0.005 0.02 0.194
294 A 0.191 0.043 0.037 0.038 0.017 0.077 0.058 0.065 0.019 0.035 0.051 0.058 0.018 0.019 0.028 0.113 0.055 0.005 0.018 0.053
295 E 0.053 0.047 0.034 0.06 0.01 0.092 0.183 0.032 0.022 0.088 0.071 0.065 0.02 0.023 0.022 0.047 0.038 0.006 0.018 0.068
296 L 0.123 0.03 0.028 0.028 0.016 0.024 0.035 0.047 0.022 0.057 0.138 0.038 0.025 0.056 0.022 0.092 0.048 0.011 0.096 0.062
297 G 0.068 0.024 0.046 0.126 0.01 0.021 0.041 0.399 0.015 0.019 0.028 0.036 0.009 0.016 0.019 0.051 0.031 0.005 0.011 0.024
298 P 0.062 0.112 0.034 0.032 0.011 0.031 0.042 0.039 0.025 0.03 0.048 0.061 0.015 0.045 0.141 0.087 0.045 0.01 0.094 0.037
299 F 0.037 0.028 0.027 0.022 0.009 0.02 0.029 0.028 0.111 0.048 0.083 0.028 0.021 0.238 0.014 0.031 0.026 0.017 0.14 0.044
300 T 0.072 0.035 0.043 0.037 0.018 0.027 0.039 0.043 0.014 0.053 0.064 0.045 0.019 0.023 0.027 0.091 0.258 0.006 0.018 0.07
301 L 0.041 0.023 0.015 0.015 0.015 0.015 0.02 0.022 0.012 0.101 0.317 0.023 0.043 0.139 0.013 0.024 0.031 0.009 0.038 0.085
302 G 0.077 0.023 0.039 0.033 0.011 0.019 0.025 0.517 0.013 0.019 0.028 0.033 0.009 0.016 0.019 0.051 0.029 0.005 0.011 0.024
303 G 0.189 0.027 0.032 0.031 0.016 0.022 0.033 0.297 0.014 0.031 0.043 0.039 0.013 0.019 0.024 0.067 0.039 0.005 0.014 0.046
304 E 0.068 0.058 0.045 0.057 0.01 0.137 0.14 0.045 0.026 0.026 0.043 0.077 0.017 0.016 0.025 0.099 0.05 0.006 0.019 0.035
305 F 0.052 0.024 0.026 0.025 0.012 0.016 0.027 0.035 0.017 0.054 0.095 0.027 0.023 0.302 0.015 0.077 0.039 0.014 0.07 0.051
306 W 0.031 0.021 0.015 0.015 0.008 0.014 0.021 0.029 0.015 0.038 0.067 0.021 0.017 0.144 0.008 0.023 0.023 0.379 0.072 0.036
307 N 0.042 0.044 0.327 0.082 0.009 0.033 0.049 0.064 0.031 0.022 0.031 0.053 0.011 0.018 0.02 0.069 0.049 0.004 0.015 0.027
308 R 0.06 0.276 0.042 0.035 0.01 0.044 0.052 0.041 0.022 0.025 0.045 0.102 0.015 0.018 0.022 0.091 0.046 0.006 0.017 0.033
309 L 0.044 0.023 0.016 0.017 0.015 0.017 0.021 0.023 0.013 0.139 0.214 0.026 0.071 0.135 0.014 0.027 0.034 0.009 0.038 0.104
310 V 0.063 0.022 0.016 0.017 0.018 0.016 0.022 0.023 0.009 0.15 0.192 0.026 0.036 0.04 0.016 0.03 0.045 0.006 0.021 0.233
311 F 0.036 0.103 0.022 0.02 0.01 0.02 0.027 0.027 0.018 0.053 0.096 0.044 0.023 0.301 0.013 0.03 0.027 0.014 0.07 0.048
312 Q 0.113 0.055 0.11 0.051 0.012 0.128 0.073 0.056 0.026 0.029 0.046 0.069 0.017 0.017 0.024 0.066 0.045 0.005 0.018 0.041
313 Y 0.037 0.026 0.02 0.018 0.009 0.02 0.026 0.026 0.038 0.04 0.064 0.029 0.018 0.112 0.013 0.029 0.026 0.146 0.263 0.042
314 V 0.058 0.02 0.015 0.017 0.017 0.015 0.02 0.022 0.008 0.222 0.147 0.024 0.034 0.039 0.015 0.029 0.044 0.006 0.02 0.227
315 P 0.056 0.025 0.023 0.031 0.01 0.02 0.036 0.036 0.013 0.025 0.036 0.041 0.01 0.013 0.501 0.043 0.036 0.003 0.013 0.031
316 G 0.189 0.027 0.032 0.031 0.016 0.022 0.033 0.297 0.014 0.031 0.043 0.039 0.013 0.019 0.024 0.067 0.039 0.005 0.014 0.046
317 Q 0.055 0.072 0.043 0.046 0.009 0.226 0.101 0.041 0.029 0.026 0.046 0.09 0.02 0.014 0.023 0.055 0.041 0.006 0.02 0.035
318 L 0.042 0.019 0.015 0.017 0.015 0.013 0.018 0.022 0.011 0.185 0.207 0.023 0.037 0.134 0.013 0.025 0.034 0.009 0.038 0.124
319 V 0.063 0.022 0.016 0.017 0.018 0.016 0.022 0.023 0.009 0.15 0.192 0.026 0.036 0.04 0.016 0.03 0.045 0.006 0.021 0.233
