#Seq2Logo.py -f /work3/idamei/ssn-clusterings/2206011120/clusters/0013_181/sequences.afa -m 0.0001 -b 50 -o /work3/idamei/ssn-clusterings/2206011120/clusters/0013_181/sequences.logo
#Position Specific Frequency Matrix
A R N D C Q E G H I L K M F P S T W Y V
0 M 0.047 0.029 0.018 0.018 0.015 0.026 0.026 0.026 0.015 0.091 0.179 0.033 0.237 0.044 0.015 0.033 0.037 0.007 0.022 0.084
1 S 0.072 0.029 0.045 0.034 0.015 0.023 0.035 0.042 0.025 0.134 0.079 0.038 0.021 0.027 0.022 0.154 0.1 0.005 0.018 0.082
2 E 0.055 0.129 0.034 0.046 0.011 0.04 0.145 0.047 0.018 0.047 0.054 0.073 0.016 0.019 0.021 0.057 0.083 0.005 0.016 0.086
3 K 0.058 0.056 0.093 0.05 0.011 0.04 0.1 0.043 0.021 0.036 0.062 0.131 0.049 0.021 0.023 0.09 0.052 0.005 0.017 0.041
4 I 0.058 0.046 0.032 0.031 0.012 0.069 0.047 0.036 0.02 0.107 0.075 0.093 0.021 0.038 0.021 0.082 0.065 0.008 0.068 0.071
5 R 0.117 0.125 0.033 0.029 0.012 0.042 0.044 0.042 0.114 0.042 0.109 0.06 0.021 0.027 0.02 0.049 0.035 0.006 0.027 0.048
6 P 0.049 0.045 0.132 0.073 0.009 0.091 0.096 0.044 0.023 0.023 0.035 0.059 0.013 0.015 0.152 0.054 0.039 0.004 0.015 0.029
7 P 0.066 0.035 0.035 0.049 0.011 0.034 0.117 0.041 0.033 0.024 0.036 0.051 0.012 0.016 0.241 0.102 0.045 0.004 0.016 0.032
8 L 0.052 0.023 0.016 0.016 0.015 0.017 0.022 0.022 0.018 0.12 0.184 0.026 0.031 0.062 0.015 0.028 0.037 0.011 0.107 0.177
9 E 0.052 0.047 0.033 0.051 0.01 0.113 0.155 0.032 0.021 0.097 0.074 0.063 0.021 0.023 0.021 0.045 0.038 0.005 0.018 0.08
10 E 0.048 0.194 0.038 0.061 0.007 0.055 0.199 0.033 0.024 0.022 0.04 0.092 0.014 0.016 0.022 0.048 0.035 0.005 0.016 0.03
11 L 0.062 0.034 0.036 0.137 0.011 0.035 0.145 0.034 0.017 0.054 0.164 0.047 0.024 0.029 0.02 0.043 0.035 0.005 0.017 0.052
12 K 0.072 0.064 0.044 0.056 0.011 0.048 0.137 0.047 0.021 0.026 0.039 0.148 0.014 0.017 0.027 0.123 0.052 0.005 0.016 0.034
13 S 0.087 0.055 0.062 0.043 0.016 0.029 0.044 0.054 0.018 0.076 0.061 0.05 0.018 0.024 0.025 0.189 0.067 0.005 0.017 0.062
14 D 0.066 0.03 0.046 0.171 0.013 0.026 0.055 0.045 0.016 0.086 0.07 0.041 0.028 0.024 0.022 0.115 0.051 0.005 0.016 0.075
15 G 0.056 0.042 0.044 0.037 0.009 0.08 0.053 0.212 0.168 0.021 0.035 0.05 0.014 0.021 0.019 0.047 0.03 0.006 0.031 0.025
16 I 0.044 0.018 0.015 0.017 0.015 0.013 0.018 0.021 0.01 0.239 0.164 0.022 0.034 0.108 0.013 0.024 0.036 0.008 0.031 0.152
17 Q 0.052 0.12 0.042 0.043 0.008 0.206 0.092 0.039 0.028 0.025 0.046 0.093 0.019 0.015 0.022 0.052 0.039 0.006 0.019 0.034
18 E 0.056 0.097 0.039 0.069 0.008 0.053 0.224 0.115 0.023 0.021 0.036 0.074 0.012 0.016 0.023 0.051 0.034 0.005 0.015 0.029
19 N 0.068 0.12 0.161 0.05 0.01 0.032 0.044 0.049 0.022 0.024 0.037 0.064 0.012 0.016 0.144 0.056 0.041 0.004 0.015 0.031
20 N 0.041 0.042 0.301 0.119 0.009 0.031 0.051 0.057 0.027 0.022 0.031 0.06 0.011 0.016 0.02 0.063 0.054 0.004 0.014 0.027
21 G 0.068 0.05 0.109 0.046 0.011 0.032 0.046 0.176 0.019 0.024 0.035 0.115 0.012 0.017 0.023 0.11 0.057 0.005 0.014 0.031
22 Y 0.137 0.029 0.026 0.025 0.014 0.023 0.033 0.044 0.029 0.041 0.072 0.036 0.018 0.072 0.02 0.084 0.041 0.016 0.192 0.051
23 R 0.044 0.231 0.119 0.043 0.008 0.043 0.052 0.04 0.023 0.022 0.039 0.151 0.013 0.016 0.02 0.049 0.037 0.005 0.016 0.028
24 Q 0.053 0.044 0.033 0.041 0.01 0.115 0.105 0.078 0.02 0.038 0.093 0.062 0.02 0.09 0.019 0.069 0.037 0.007 0.027 0.04
25 Y 0.088 0.04 0.028 0.027 0.012 0.028 0.037 0.038 0.025 0.047 0.074 0.087 0.053 0.056 0.02 0.083 0.048 0.012 0.138 0.058
26 N 0.046 0.043 0.184 0.129 0.009 0.035 0.104 0.047 0.022 0.025 0.035 0.074 0.012 0.016 0.021 0.061 0.085 0.004 0.014 0.032
27 T 0.07 0.105 0.035 0.033 0.013 0.028 0.048 0.039 0.016 0.039 0.06 0.053 0.017 0.104 0.021 0.103 0.133 0.007 0.029 0.048
28 L 0.045 0.086 0.022 0.021 0.013 0.021 0.027 0.025 0.017 0.142 0.158 0.041 0.027 0.048 0.016 0.037 0.079 0.009 0.078 0.089
29 L 0.044 0.024 0.02 0.019 0.013 0.018 0.023 0.024 0.021 0.112 0.2 0.028 0.029 0.066 0.015 0.035 0.077 0.012 0.139 0.081
30 L 0.038 0.087 0.049 0.022 0.011 0.021 0.026 0.026 0.019 0.085 0.194 0.039 0.028 0.118 0.014 0.03 0.03 0.011 0.089 0.065
31 N 0.065 0.037 0.151 0.056 0.012 0.033 0.094 0.049 0.021 0.044 0.048 0.048 0.015 0.02 0.022 0.131 0.053 0.005 0.016 0.082
32 L 0.057 0.026 0.023 0.023 0.015 0.02 0.026 0.031 0.012 0.121 0.236 0.031 0.067 0.05 0.017 0.091 0.043 0.006 0.021 0.086
33 F 0.034 0.019 0.017 0.017 0.011 0.011 0.019 0.026 0.017 0.064 0.116 0.019 0.026 0.377 0.011 0.026 0.026 0.017 0.09 0.056
34 L 0.045 0.025 0.014 0.015 0.016 0.016 0.021 0.022 0.01 0.117 0.365 0.026 0.05 0.056 0.014 0.025 0.034 0.007 0.023 0.098
35 L 0.048 0.022 0.018 0.018 0.015 0.015 0.021 0.024 0.01 0.143 0.227 0.025 0.033 0.084 0.015 0.034 0.081 0.007 0.026 0.135
36 F 0.037 0.017 0.014 0.016 0.012 0.011 0.017 0.021 0.012 0.197 0.128 0.019 0.028 0.241 0.012 0.023 0.03 0.01 0.05 0.105
37 G 0.065 0.023 0.032 0.028 0.012 0.018 0.025 0.38 0.012 0.037 0.099 0.031 0.016 0.022 0.018 0.049 0.076 0.005 0.013 0.04
38 L 0.048 0.023 0.022 0.021 0.014 0.016 0.023 0.048 0.012 0.112 0.19 0.027 0.03 0.134 0.016 0.04 0.096 0.008 0.035 0.084
39 C 0.142 0.029 0.033 0.031 0.142 0.023 0.035 0.052 0.013 0.04 0.054 0.039 0.016 0.02 0.024 0.118 0.113 0.005 0.015 0.056
40 I 0.042 0.018 0.013 0.015 0.015 0.013 0.017 0.019 0.008 0.26 0.246 0.022 0.037 0.043 0.013 0.023 0.034 0.006 0.019 0.136
41 F 0.035 0.018 0.015 0.015 0.011 0.011 0.017 0.022 0.013 0.093 0.172 0.019 0.028 0.321 0.011 0.023 0.026 0.013 0.062 0.074
42 L 0.123 0.03 0.033 0.031 0.016 0.024 0.036 0.048 0.014 0.055 0.172 0.039 0.025 0.029 0.022 0.166 0.055 0.005 0.017 0.059
43 I 0.05 0.018 0.015 0.017 0.016 0.013 0.018 0.02 0.008 0.272 0.14 0.023 0.032 0.037 0.014 0.027 0.047 0.005 0.019 0.211
44 S 0.164 0.034 0.043 0.04 0.017 0.028 0.045 0.063 0.016 0.03 0.042 0.047 0.015 0.019 0.027 0.237 0.067 0.005 0.016 0.044
45 F 0.032 0.018 0.015 0.015 0.01 0.01 0.017 0.022 0.014 0.066 0.159 0.018 0.027 0.377 0.01 0.023 0.024 0.014 0.071 0.056
46 R 0.041 0.405 0.035 0.028 0.007 0.044 0.048 0.03 0.021 0.021 0.042 0.109 0.014 0.016 0.018 0.041 0.032 0.005 0.016 0.028
47 L 0.043 0.019 0.014 0.015 0.014 0.013 0.018 0.02 0.01 0.187 0.233 0.022 0.035 0.109 0.013 0.024 0.033 0.007 0.03 0.142
48 L 0.042 0.037 0.024 0.024 0.011 0.105 0.044 0.027 0.022 0.059 0.186 0.043 0.028 0.115 0.015 0.033 0.031 0.011 0.09 0.055
49 I 0.107 0.023 0.021 0.022 0.016 0.018 0.026 0.035 0.011 0.166 0.158 0.03 0.028 0.034 0.018 0.078 0.045 0.005 0.018 0.141
50 L 0.046 0.022 0.016 0.019 0.013 0.016 0.023 0.024 0.01 0.101 0.25 0.028 0.031 0.035 0.189 0.029 0.033 0.005 0.017 0.094
51 A 0.2 0.032 0.037 0.035 0.018 0.026 0.041 0.061 0.015 0.036 0.048 0.044 0.016 0.02 0.027 0.167 0.102 0.005 0.016 0.053
52 L 0.043 0.019 0.014 0.015 0.014 0.013 0.018 0.02 0.01 0.182 0.232 0.022 0.035 0.109 0.013 0.024 0.034 0.007 0.03 0.147
53 L 0.042 0.019 0.013 0.015 0.015 0.013 0.017 0.019 0.009 0.216 0.292 0.022 0.039 0.045 0.013 0.023 0.034 0.006 0.019 0.129
54 F 0.035 0.02 0.015 0.015 0.011 0.013 0.019 0.023 0.014 0.072 0.178 0.021 0.057 0.311 0.011 0.024 0.026 0.013 0.061 0.062
55 L 0.062 0.027 0.026 0.025 0.015 0.021 0.029 0.034 0.013 0.115 0.212 0.033 0.065 0.037 0.018 0.114 0.047 0.006 0.019 0.083
56 L 0.094 0.02 0.015 0.017 0.016 0.015 0.02 0.028 0.009 0.21 0.229 0.025 0.034 0.04 0.015 0.032 0.036 0.006 0.019 0.12
57 L 0.075 0.022 0.019 0.019 0.015 0.016 0.022 0.072 0.01 0.139 0.263 0.027 0.034 0.039 0.016 0.051 0.037 0.006 0.018 0.099
58 S 0.125 0.029 0.033 0.031 0.088 0.023 0.035 0.048 0.013 0.055 0.061 0.038 0.018 0.022 0.023 0.142 0.099 0.005 0.016 0.098
59 I 0.104 0.022 0.021 0.023 0.016 0.017 0.025 0.034 0.01 0.236 0.117 0.029 0.027 0.033 0.018 0.077 0.044 0.005 0.018 0.124
60 I 0.055 0.021 0.02 0.02 0.015 0.016 0.023 0.026 0.01 0.216 0.174 0.027 0.031 0.037 0.016 0.068 0.043 0.005 0.019 0.157
61 W 0.037 0.019 0.014 0.015 0.011 0.012 0.019 0.024 0.012 0.11 0.096 0.02 0.023 0.178 0.01 0.023 0.028 0.186 0.054 0.109
62 V 0.052 0.09 0.084 0.032 0.012 0.025 0.033 0.035 0.021 0.101 0.078 0.046 0.026 0.041 0.017 0.072 0.042 0.008 0.077 0.106
63 L 0.043 0.019 0.018 0.018 0.012 0.013 0.018 0.11 0.012 0.113 0.208 0.022 0.03 0.173 0.013 0.027 0.028 0.009 0.038 0.076
64 L 0.05 0.048 0.026 0.026 0.013 0.027 0.037 0.03 0.013 0.091 0.181 0.133 0.027 0.042 0.019 0.042 0.081 0.006 0.019 0.09
65 T 0.071 0.107 0.042 0.037 0.013 0.034 0.046 0.045 0.017 0.033 0.046 0.106 0.015 0.019 0.024 0.14 0.141 0.005 0.016 0.044
66 F 0.036 0.031 0.019 0.019 0.01 0.017 0.025 0.025 0.015 0.06 0.148 0.073 0.025 0.306 0.013 0.027 0.026 0.012 0.06 0.053
67 K 0.048 0.195 0.037 0.035 0.008 0.087 0.064 0.036 0.021 0.024 0.041 0.222 0.015 0.015 0.022 0.046 0.035 0.005 0.016 0.03
68 A 0.152 0.039 0.027 0.029 0.014 0.109 0.051 0.044 0.022 0.053 0.062 0.05 0.019 0.036 0.021 0.052 0.039 0.008 0.078 0.095
69 R 0.05 0.158 0.149 0.046 0.009 0.033 0.044 0.044 0.021 0.022 0.035 0.067 0.012 0.016 0.121 0.083 0.042 0.004 0.015 0.028
70 R 0.047 0.15 0.022 0.021 0.013 0.027 0.03 0.025 0.014 0.119 0.133 0.054 0.083 0.032 0.015 0.033 0.036 0.006 0.019 0.12
71 R 0.106 0.187 0.036 0.034 0.011 0.04 0.051 0.045 0.019 0.026 0.043 0.159 0.014 0.016 0.023 0.091 0.042 0.005 0.016 0.036
72 G 0.063 0.026 0.04 0.101 0.011 0.021 0.038 0.212 0.014 0.031 0.046 0.035 0.013 0.088 0.019 0.09 0.083 0.006 0.024 0.036
73 W 0.038 0.02 0.015 0.015 0.011 0.014 0.02 0.024 0.017 0.107 0.089 0.022 0.022 0.124 0.011 0.024 0.028 0.188 0.104 0.107
74 L 0.097 0.026 0.025 0.024 0.015 0.019 0.029 0.037 0.013 0.067 0.188 0.032 0.027 0.101 0.019 0.085 0.086 0.007 0.028 0.073
75 W 0.044 0.023 0.021 0.02 0.011 0.017 0.025 0.031 0.015 0.055 0.086 0.026 0.049 0.176 0.012 0.068 0.033 0.187 0.054 0.048
76 L 0.043 0.02 0.015 0.016 0.013 0.014 0.019 0.022 0.011 0.14 0.181 0.022 0.059 0.175 0.012 0.025 0.032 0.009 0.04 0.13
77 G 0.055 0.02 0.025 0.023 0.011 0.015 0.02 0.288 0.012 0.092 0.128 0.026 0.021 0.096 0.015 0.035 0.028 0.007 0.025 0.061
78 F 0.055 0.026 0.057 0.03 0.011 0.019 0.029 0.094 0.021 0.042 0.084 0.032 0.018 0.178 0.016 0.097 0.039 0.012 0.098 0.043
79 I 0.048 0.017 0.014 0.016 0.015 0.013 0.017 0.02 0.008 0.29 0.144 0.022 0.032 0.038 0.014 0.025 0.038 0.005 0.019 0.204
80 L 0.055 0.026 0.025 0.024 0.014 0.02 0.027 0.031 0.013 0.111 0.161 0.031 0.062 0.103 0.017 0.079 0.086 0.007 0.029 0.081
81 L 0.041 0.022 0.014 0.015 0.014 0.015 0.019 0.021 0.011 0.1 0.33 0.023 0.056 0.113 0.013 0.024 0.031 0.008 0.03 0.102
82 F 0.031 0.017 0.015 0.015 0.01 0.01 0.017 0.023 0.015 0.058 0.104 0.017 0.023 0.443 0.01 0.023 0.023 0.015 0.081 0.05
83 F 0.033 0.019 0.016 0.015 0.01 0.012 0.019 0.022 0.019 0.063 0.152 0.02 0.026 0.323 0.011 0.024 0.025 0.016 0.121 0.055
84 I 0.106 0.022 0.024 0.024 0.072 0.017 0.024 0.136 0.011 0.137 0.084 0.029 0.021 0.037 0.018 0.048 0.082 0.005 0.017 0.086
85 L 0.05 0.02 0.015 0.016 0.014 0.014 0.019 0.022 0.01 0.17 0.263 0.023 0.036 0.11 0.013 0.031 0.033 0.007 0.03 0.104
86 Y 0.035 0.025 0.019 0.016 0.008 0.019 0.025 0.023 0.038 0.038 0.06 0.027 0.016 0.108 0.013 0.027 0.025 0.111 0.327 0.04
87 L 0.04 0.022 0.015 0.015 0.013 0.016 0.02 0.02 0.02 0.122 0.262 0.025 0.034 0.071 0.013 0.024 0.03 0.013 0.14 0.085
88 F 0.043 0.019 0.015 0.015 0.013 0.012 0.019 0.022 0.012 0.096 0.163 0.02 0.029 0.24 0.012 0.025 0.032 0.01 0.05 0.151
89 F 0.036 0.019 0.014 0.015 0.012 0.012 0.017 0.021 0.012 0.119 0.212 0.02 0.032 0.256 0.011 0.023 0.027 0.011 0.052 0.08
90 G 0.071 0.021 0.036 0.031 0.01 0.017 0.023 0.555 0.012 0.017 0.026 0.031 0.009 0.015 0.017 0.047 0.027 0.005 0.01 0.022
91 L 0.042 0.022 0.014 0.015 0.015 0.016 0.019 0.02 0.01 0.141 0.343 0.024 0.075 0.047 0.013 0.024 0.032 0.006 0.02 0.099
92 N 0.061 0.034 0.213 0.125 0.01 0.028 0.048 0.139 0.022 0.021 0.03 0.044 0.01 0.016 0.02 0.09 0.044 0.004 0.013 0.027
93 H 0.038 0.041 0.214 0.055 0.008 0.033 0.047 0.047 0.221 0.021 0.032 0.045 0.012 0.022 0.018 0.051 0.035 0.006 0.033 0.023
94 G 0.08 0.023 0.04 0.034 0.011 0.019 0.026 0.502 0.014 0.019 0.029 0.034 0.01 0.016 0.019 0.052 0.03 0.005 0.011 0.025
95 V 0.071 0.022 0.017 0.018 0.02 0.017 0.024 0.025 0.008 0.167 0.133 0.027 0.032 0.036 0.017 0.033 0.05 0.006 0.021 0.257
96 Y 0.037 0.026 0.078 0.026 0.01 0.019 0.026 0.028 0.03 0.05 0.125 0.029 0.022 0.144 0.014 0.032 0.029 0.017 0.209 0.048
97 E 0.052 0.038 0.033 0.063 0.01 0.045 0.249 0.031 0.019 0.078 0.058 0.056 0.016 0.02 0.022 0.051 0.081 0.005 0.016 0.056
98 R 0.041 0.32 0.042 0.111 0.007 0.041 0.056 0.033 0.021 0.021 0.04 0.097 0.013 0.016 0.019 0.043 0.032 0.005 0.015 0.027
99 G 0.07 0.024 0.042 0.103 0.01 0.021 0.037 0.387 0.014 0.019 0.028 0.035 0.009 0.015 0.019 0.087 0.036 0.005 0.011 0.025
100 P 0.151 0.036 0.023 0.027 0.013 0.024 0.037 0.044 0.013 0.081 0.061 0.087 0.016 0.019 0.195 0.051 0.038 0.004 0.015 0.062
101 D 0.045 0.031 0.107 0.257 0.008 0.031 0.113 0.129 0.019 0.02 0.027 0.045 0.009 0.014 0.02 0.05 0.034 0.004 0.012 0.024
102 K 0.049 0.085 0.035 0.034 0.008 0.044 0.058 0.037 0.023 0.028 0.043 0.291 0.015 0.032 0.023 0.045 0.034 0.008 0.076 0.032
103 F 0.031 0.017 0.015 0.015 0.01 0.01 0.017 0.023 0.015 0.058 0.104 0.017 0.023 0.443 0.01 0.023 0.023 0.015 0.081 0.05
104 L 0.05 0.023 0.022 0.021 0.015 0.017 0.023 0.026 0.01 0.164 0.215 0.029 0.032 0.037 0.017 0.043 0.127 0.006 0.018 0.104
105 N 0.05 0.03 0.143 0.042 0.011 0.022 0.034 0.042 0.019 0.042 0.111 0.037 0.019 0.093 0.104 0.084 0.042 0.006 0.026 0.042
106 R 0.097 0.176 0.03 0.029 0.011 0.037 0.046 0.038 0.017 0.039 0.108 0.162 0.02 0.022 0.021 0.046 0.035 0.005 0.017 0.044
107 V 0.059 0.031 0.029 0.028 0.014 0.063 0.039 0.034 0.015 0.107 0.086 0.039 0.023 0.095 0.019 0.084 0.089 0.007 0.028 0.113
108 L 0.052 0.026 0.02 0.02 0.015 0.019 0.024 0.027 0.011 0.09 0.324 0.029 0.072 0.044 0.016 0.069 0.039 0.006 0.02 0.079
109 L 0.048 0.021 0.014 0.015 0.016 0.015 0.019 0.02 0.009 0.12 0.328 0.023 0.04 0.044 0.014 0.025 0.035 0.006 0.02 0.17
110 I 0.039 0.016 0.014 0.016 0.013 0.011 0.016 0.02 0.01 0.244 0.136 0.02 0.03 0.174 0.012 0.023 0.032 0.009 0.039 0.124
111 L 0.043 0.022 0.016 0.016 0.013 0.016 0.021 0.021 0.02 0.129 0.21 0.025 0.031 0.068 0.014 0.026 0.032 0.012 0.14 0.126
112 L 0.053 0.024 0.021 0.02 0.014 0.018 0.025 0.029 0.013 0.085 0.19 0.028 0.064 0.139 0.015 0.07 0.039 0.008 0.035 0.111
113 S 0.073 0.032 0.038 0.034 0.013 0.026 0.038 0.044 0.025 0.035 0.05 0.041 0.016 0.053 0.022 0.169 0.098 0.012 0.137 0.044
114 F 0.051 0.022 0.025 0.024 0.011 0.015 0.024 0.119 0.015 0.045 0.078 0.026 0.019 0.289 0.014 0.079 0.034 0.012 0.056 0.043
115 L 0.056 0.022 0.02 0.02 0.015 0.016 0.023 0.028 0.011 0.148 0.163 0.026 0.029 0.103 0.015 0.069 0.042 0.007 0.029 0.158
116 F 0.034 0.019 0.015 0.015 0.011 0.011 0.018 0.022 0.013 0.073 0.213 0.019 0.03 0.312 0.011 0.023 0.026 0.012 0.061 0.062
117 F 0.031 0.017 0.015 0.015 0.01 0.01 0.017 0.023 0.015 0.058 0.104 0.017 0.023 0.443 0.01 0.023 0.023 0.015 0.081 0.05
118 F 0.034 0.021 0.018 0.016 0.009 0.015 0.021 0.023 0.029 0.049 0.083 0.023 0.02 0.281 0.012 0.026 0.024 0.02 0.23 0.046
119 L 0.06 0.023 0.023 0.022 0.015 0.017 0.024 0.116 0.011 0.123 0.2 0.028 0.029 0.034 0.016 0.072 0.041 0.005 0.017 0.122
120 L 0.04 0.022 0.013 0.014 0.015 0.015 0.018 0.019 0.009 0.105 0.432 0.023 0.045 0.05 0.013 0.022 0.03 0.006 0.02 0.087
121 G 0.065 0.022 0.031 0.03 0.01 0.018 0.026 0.381 0.012 0.019 0.028 0.033 0.009 0.014 0.191 0.044 0.029 0.004 0.01 0.024
122 A 0.278 0.032 0.026 0.03 0.022 0.026 0.041 0.08 0.015 0.044 0.06 0.045 0.018 0.022 0.03 0.086 0.051 0.005 0.018 0.07
123 F 0.049 0.023 0.022 0.021 0.097 0.017 0.025 0.03 0.023 0.044 0.072 0.026 0.018 0.193 0.015 0.072 0.034 0.015 0.158 0.046
124 G 0.053 0.114 0.029 0.028 0.011 0.071 0.044 0.117 0.016 0.057 0.117 0.096 0.022 0.023 0.018 0.04 0.034 0.005 0.017 0.089
125 D 0.047 0.095 0.042 0.185 0.009 0.038 0.159 0.033 0.018 0.042 0.046 0.059 0.014 0.018 0.02 0.044 0.035 0.004 0.014 0.077
126 T 0.122 0.047 0.036 0.043 0.015 0.033 0.102 0.045 0.016 0.039 0.051 0.05 0.016 0.02 0.025 0.088 0.178 0.005 0.016 0.054
127 Q 0.061 0.044 0.043 0.12 0.011 0.128 0.069 0.041 0.019 0.051 0.052 0.057 0.018 0.018 0.021 0.102 0.046 0.005 0.016 0.076
128 E 0.06 0.041 0.041 0.086 0.011 0.046 0.208 0.038 0.02 0.031 0.043 0.059 0.014 0.018 0.025 0.075 0.122 0.005 0.016 0.042
129 N 0.051 0.103 0.12 0.053 0.01 0.031 0.042 0.113 0.019 0.074 0.054 0.101 0.015 0.02 0.019 0.067 0.039 0.005 0.015 0.049
130 R 0.042 0.212 0.089 0.043 0.009 0.039 0.095 0.034 0.021 0.035 0.103 0.085 0.018 0.021 0.018 0.043 0.034 0.005 0.016 0.038
131 K 0.044 0.052 0.087 0.044 0.009 0.035 0.095 0.035 0.019 0.081 0.066 0.141 0.018 0.09 0.019 0.043 0.035 0.007 0.027 0.054
132 K 0.05 0.128 0.094 0.042 0.009 0.041 0.054 0.041 0.02 0.028 0.041 0.205 0.014 0.016 0.023 0.056 0.083 0.005 0.016 0.034
133 W 0.036 0.085 0.018 0.017 0.01 0.02 0.025 0.024 0.018 0.093 0.131 0.037 0.023 0.056 0.012 0.026 0.028 0.187 0.093 0.062
134 L 0.041 0.021 0.013 0.014 0.015 0.014 0.018 0.019 0.009 0.144 0.386 0.023 0.043 0.048 0.013 0.022 0.031 0.006 0.02 0.1
135 N 0.063 0.05 0.155 0.06 0.01 0.038 0.102 0.052 0.022 0.023 0.034 0.101 0.012 0.017 0.023 0.135 0.051 0.005 0.015 0.031
136 F 0.038 0.044 0.023 0.023 0.009 0.023 0.033 0.028 0.018 0.046 0.08 0.127 0.02 0.282 0.015 0.032 0.028 0.012 0.076 0.043
137 F 0.032 0.019 0.016 0.016 0.009 0.011 0.019 0.023 0.02 0.055 0.097 0.019 0.022 0.389 0.01 0.024 0.023 0.017 0.131 0.049
138 S 0.126 0.029 0.033 0.032 0.102 0.023 0.035 0.05 0.014 0.044 0.11 0.038 0.02 0.024 0.023 0.168 0.055 0.005 0.016 0.053
139 L 0.041 0.021 0.013 0.014 0.015 0.014 0.018 0.019 0.009 0.144 0.386 0.023 0.043 0.048 0.013 0.022 0.031 0.006 0.02 0.1
140 L 0.043 0.018 0.014 0.015 0.185 0.012 0.017 0.024 0.011 0.068 0.198 0.02 0.028 0.17 0.012 0.027 0.029 0.009 0.037 0.063
141 S 0.1 0.036 0.049 0.044 0.016 0.03 0.048 0.06 0.017 0.027 0.038 0.049 0.014 0.019 0.027 0.291 0.075 0.005 0.016 0.038
142 I 0.049 0.018 0.014 0.016 0.016 0.013 0.018 0.02 0.008 0.236 0.188 0.022 0.034 0.039 0.014 0.025 0.038 0.005 0.019 0.207
143 I 0.102 0.02 0.02 0.021 0.015 0.015 0.022 0.118 0.01 0.22 0.111 0.027 0.026 0.032 0.017 0.043 0.037 0.005 0.017 0.123
144 Y 0.037 0.025 0.02 0.017 0.008 0.02 0.025 0.023 0.042 0.04 0.062 0.028 0.017 0.119 0.014 0.028 0.025 0.025 0.38 0.042
145 V 0.059 0.021 0.016 0.016 0.016 0.016 0.022 0.022 0.013 0.131 0.109 0.024 0.027 0.047 0.015 0.03 0.042 0.008 0.079 0.287
146 Y 0.038 0.024 0.018 0.016 0.011 0.018 0.023 0.021 0.031 0.094 0.147 0.026 0.025 0.095 0.014 0.026 0.028 0.019 0.26 0.068
147 I 0.106 0.024 0.023 0.024 0.016 0.019 0.027 0.036 0.011 0.168 0.155 0.031 0.028 0.033 0.019 0.082 0.067 0.005 0.018 0.109
148 V 0.057 0.019 0.014 0.016 0.017 0.014 0.019 0.021 0.008 0.212 0.13 0.023 0.03 0.035 0.014 0.028 0.042 0.005 0.019 0.277
149 C 0.109 0.018 0.016 0.017 0.36 0.014 0.02 0.035 0.008 0.059 0.068 0.023 0.017 0.021 0.017 0.043 0.037 0.004 0.013 0.101
150 I 0.046 0.018 0.014 0.016 0.015 0.013 0.017 0.02 0.008 0.262 0.193 0.022 0.034 0.04 0.014 0.024 0.037 0.005 0.019 0.182
151 Y 0.037 0.025 0.02 0.017 0.008 0.02 0.025 0.023 0.042 0.04 0.062 0.028 0.017 0.119 0.014 0.028 0.025 0.025 0.38 0.042
152 S 0.1 0.036 0.049 0.044 0.016 0.03 0.048 0.06 0.017 0.027 0.038 0.049 0.014 0.019 0.027 0.291 0.075 0.005 0.016 0.038
153 K 0.046 0.056 0.028 0.028 0.009 0.074 0.049 0.031 0.027 0.061 0.069 0.142 0.036 0.054 0.019 0.039 0.033 0.012 0.138 0.05
154 L 0.043 0.022 0.016 0.017 0.014 0.017 0.021 0.022 0.016 0.166 0.215 0.026 0.067 0.067 0.014 0.033 0.034 0.01 0.082 0.101
155 N 0.051 0.05 0.212 0.057 0.009 0.034 0.049 0.052 0.089 0.022 0.033 0.097 0.012 0.018 0.021 0.095 0.045 0.005 0.021 0.027
156 G 0.071 0.021 0.036 0.031 0.01 0.017 0.023 0.555 0.012 0.017 0.026 0.031 0.009 0.015 0.017 0.047 0.027 0.005 0.01 0.022
157 Y 0.035 0.023 0.018 0.016 0.009 0.016 0.023 0.023 0.033 0.046 0.076 0.025 0.019 0.227 0.013 0.027 0.025 0.022 0.28 0.045
158 P 0.052 0.086 0.022 0.026 0.01 0.022 0.033 0.031 0.013 0.044 0.049 0.047 0.013 0.016 0.365 0.038 0.035 0.003 0.014 0.079
159 G 0.071 0.021 0.036 0.031 0.01 0.017 0.023 0.555 0.012 0.017 0.026 0.031 0.009 0.015 0.017 0.047 0.027 0.005 0.01 0.022
160 Y 0.037 0.025 0.02 0.017 0.008 0.02 0.025 0.023 0.042 0.04 0.062 0.028 0.017 0.119 0.014 0.028 0.025 0.025 0.38 0.042
161 N 0.039 0.041 0.379 0.076 0.008 0.031 0.045 0.059 0.029 0.02 0.029 0.049 0.01 0.016 0.018 0.063 0.045 0.004 0.014 0.025
162 G 0.05 0.023 0.037 0.166 0.01 0.02 0.042 0.205 0.013 0.047 0.161 0.031 0.021 0.026 0.017 0.039 0.03 0.005 0.013 0.044
163 I 0.049 0.018 0.014 0.016 0.016 0.013 0.018 0.02 0.008 0.236 0.188 0.022 0.034 0.039 0.014 0.025 0.038 0.005 0.019 0.207
164 Y 0.037 0.025 0.02 0.017 0.008 0.02 0.025 0.023 0.042 0.04 0.062 0.028 0.017 0.119 0.014 0.028 0.025 0.025 0.38 0.042
165 D 0.038 0.029 0.115 0.389 0.007 0.028 0.077 0.045 0.019 0.02 0.026 0.042 0.009 0.014 0.02 0.05 0.034 0.003 0.011 0.022
166 P 0.058 0.022 0.018 0.022 0.013 0.017 0.027 0.028 0.01 0.087 0.076 0.031 0.019 0.022 0.277 0.035 0.039 0.004 0.015 0.182
167 F 0.038 0.018 0.015 0.016 0.012 0.011 0.018 0.022 0.013 0.12 0.114 0.019 0.026 0.307 0.011 0.024 0.029 0.012 0.06 0.116
168 N 0.04 0.033 0.257 0.056 0.01 0.024 0.035 0.046 0.022 0.126 0.07 0.04 0.018 0.024 0.017 0.05 0.042 0.005 0.016 0.07
169 G 0.053 0.154 0.093 0.038 0.009 0.033 0.041 0.211 0.019 0.022 0.038 0.11 0.018 0.016 0.019 0.048 0.033 0.005 0.014 0.027
170 N 0.062 0.038 0.152 0.056 0.011 0.034 0.095 0.063 0.022 0.034 0.057 0.049 0.049 0.021 0.021 0.125 0.05 0.005 0.016 0.039
171 E 0.048 0.039 0.039 0.135 0.007 0.047 0.26 0.034 0.02 0.021 0.032 0.059 0.011 0.014 0.109 0.048 0.033 0.004 0.014 0.027
172 E 0.048 0.035 0.029 0.06 0.009 0.043 0.246 0.027 0.018 0.126 0.073 0.053 0.019 0.023 0.02 0.041 0.034 0.005 0.016 0.073
173 N 0.039 0.041 0.379 0.076 0.008 0.031 0.045 0.059 0.029 0.02 0.029 0.049 0.01 0.016 0.018 0.063 0.045 0.004 0.014 0.025
174 S 0.1 0.036 0.049 0.044 0.016 0.03 0.048 0.06 0.017 0.027 0.038 0.049 0.014 0.019 0.027 0.291 0.075 0.005 0.016 0.038
175 P 0.052 0.023 0.021 0.028 0.009 0.019 0.033 0.033 0.012 0.023 0.033 0.038 0.009 0.012 0.54 0.04 0.033 0.002 0.012 0.028
176 L 0.04 0.022 0.013 0.014 0.015 0.015 0.018 0.019 0.009 0.105 0.432 0.023 0.045 0.05 0.013 0.022 0.03 0.006 0.02 0.087
177 Y 0.039 0.022 0.018 0.017 0.011 0.017 0.022 0.021 0.031 0.139 0.092 0.026 0.022 0.093 0.014 0.026 0.029 0.019 0.259 0.082
178 A 0.312 0.03 0.028 0.03 0.019 0.024 0.039 0.069 0.014 0.037 0.051 0.042 0.016 0.02 0.027 0.113 0.05 0.005 0.016 0.058
179 L 0.04 0.022 0.013 0.014 0.015 0.015 0.018 0.019 0.009 0.105 0.432 0.023 0.045 0.05 0.013 0.022 0.03 0.006 0.02 0.087
180 Q 0.047 0.052 0.031 0.033 0.01 0.196 0.068 0.031 0.021 0.051 0.173 0.063 0.028 0.025 0.019 0.041 0.035 0.006 0.019 0.051
181 L 0.098 0.023 0.018 0.019 0.015 0.017 0.022 0.117 0.01 0.079 0.301 0.027 0.034 0.039 0.016 0.035 0.032 0.006 0.018 0.072
182 V 0.057 0.021 0.018 0.019 0.016 0.016 0.022 0.024 0.008 0.201 0.121 0.026 0.029 0.033 0.016 0.036 0.087 0.005 0.018 0.227
183 L 0.041 0.02 0.013 0.015 0.015 0.014 0.018 0.019 0.009 0.182 0.339 0.022 0.041 0.047 0.013 0.022 0.032 0.006 0.02 0.112
184 F 0.096 0.022 0.022 0.022 0.012 0.015 0.026 0.037 0.015 0.049 0.085 0.026 0.02 0.302 0.015 0.077 0.035 0.012 0.059 0.05
185 T 0.114 0.031 0.035 0.032 0.015 0.025 0.036 0.045 0.018 0.042 0.056 0.04 0.017 0.037 0.024 0.102 0.188 0.009 0.077 0.057
186 I 0.043 0.016 0.013 0.016 0.015 0.012 0.016 0.019 0.008 0.337 0.153 0.021 0.033 0.04 0.013 0.023 0.036 0.005 0.019 0.161
187 V 0.115 0.026 0.026 0.025 0.017 0.021 0.03 0.039 0.011 0.086 0.137 0.034 0.025 0.029 0.02 0.089 0.093 0.005 0.018 0.154
188 Y 0.036 0.024 0.017 0.015 0.01 0.017 0.022 0.022 0.027 0.059 0.183 0.025 0.026 0.085 0.013 0.025 0.026 0.105 0.207 0.055
189 C 0.065 0.016 0.016 0.016 0.484 0.012 0.016 0.032 0.008 0.045 0.065 0.02 0.016 0.02 0.016 0.041 0.037 0.004 0.012 0.057
190 L 0.05 0.024 0.018 0.026 0.014 0.022 0.076 0.022 0.011 0.144 0.215 0.031 0.032 0.037 0.015 0.029 0.037 0.006 0.019 0.172
191 N 0.043 0.037 0.16 0.118 0.009 0.03 0.051 0.045 0.152 0.025 0.035 0.044 0.012 0.021 0.019 0.056 0.081 0.005 0.027 0.03
192 L 0.039 0.022 0.074 0.025 0.013 0.016 0.022 0.026 0.013 0.16 0.217 0.026 0.032 0.106 0.013 0.029 0.034 0.007 0.029 0.095
193 N 0.041 0.045 0.323 0.07 0.008 0.073 0.053 0.056 0.028 0.021 0.031 0.055 0.012 0.016 0.019 0.061 0.044 0.004 0.015 0.026
194 W 0.094 0.055 0.028 0.029 0.01 0.072 0.05 0.04 0.018 0.028 0.045 0.142 0.015 0.029 0.019 0.044 0.033 0.183 0.032 0.035
195 G 0.068 0.038 0.095 0.043 0.012 0.07 0.047 0.133 0.02 0.034 0.059 0.049 0.05 0.021 0.021 0.129 0.049 0.005 0.016 0.04
196 K 0.053 0.084 0.035 0.034 0.01 0.041 0.053 0.037 0.017 0.04 0.066 0.235 0.052 0.02 0.023 0.052 0.083 0.005 0.017 0.045
197 G 0.08 0.023 0.04 0.034 0.011 0.019 0.026 0.502 0.014 0.019 0.029 0.034 0.01 0.016 0.019 0.052 0.03 0.005 0.011 0.025
198 G 0.053 0.105 0.029 0.028 0.011 0.064 0.044 0.117 0.016 0.096 0.07 0.109 0.019 0.022 0.018 0.04 0.036 0.005 0.016 0.101
199 N 0.051 0.091 0.212 0.056 0.009 0.033 0.046 0.051 0.09 0.022 0.033 0.056 0.012 0.019 0.02 0.1 0.045 0.005 0.021 0.027
200 R 0.045 0.176 0.03 0.027 0.01 0.038 0.045 0.031 0.017 0.048 0.129 0.16 0.056 0.026 0.019 0.039 0.034 0.006 0.018 0.048
201 I 0.039 0.018 0.014 0.015 0.013 0.012 0.017 0.02 0.01 0.208 0.201 0.021 0.033 0.154 0.012 0.023 0.031 0.008 0.036 0.114
202 F 0.033 0.02 0.016 0.016 0.01 0.013 0.019 0.024 0.015 0.058 0.107 0.02 0.057 0.312 0.01 0.024 0.025 0.101 0.068 0.052
203 L 0.042 0.028 0.135 0.035 0.013 0.02 0.027 0.033 0.015 0.1 0.248 0.032 0.031 0.036 0.015 0.037 0.037 0.005 0.018 0.093
204 L 0.049 0.021 0.022 0.021 0.013 0.015 0.021 0.112 0.011 0.15 0.154 0.026 0.027 0.102 0.015 0.037 0.078 0.007 0.027 0.091
205 V 0.091 0.02 0.016 0.017 0.015 0.015 0.021 0.028 0.01 0.148 0.166 0.024 0.03 0.103 0.015 0.033 0.037 0.007 0.029 0.175
206 L 0.04 0.022 0.013 0.014 0.015 0.015 0.018 0.019 0.009 0.105 0.432 0.023 0.045 0.05 0.013 0.022 0.03 0.006 0.02 0.087
207 I 0.056 0.022 0.021 0.021 0.015 0.017 0.024 0.027 0.01 0.194 0.173 0.028 0.042 0.037 0.016 0.071 0.051 0.005 0.019 0.15
208 L 0.102 0.023 0.02 0.02 0.016 0.017 0.025 0.032 0.01 0.132 0.199 0.029 0.031 0.035 0.018 0.043 0.084 0.006 0.018 0.14
209 I 0.06 0.024 0.024 0.023 0.016 0.018 0.026 0.03 0.01 0.157 0.157 0.03 0.029 0.033 0.018 0.079 0.09 0.005 0.018 0.151
210 S 0.116 0.029 0.088 0.037 0.101 0.023 0.035 0.05 0.015 0.082 0.062 0.038 0.017 0.022 0.021 0.13 0.051 0.005 0.015 0.063
211 F 0.046 0.021 0.019 0.018 0.014 0.014 0.021 0.024 0.011 0.126 0.162 0.024 0.029 0.172 0.014 0.034 0.079 0.009 0.039 0.125
212 Y 0.041 0.023 0.017 0.016 0.011 0.017 0.022 0.022 0.026 0.08 0.142 0.025 0.025 0.136 0.013 0.027 0.029 0.017 0.208 0.103
213 F 0.037 0.018 0.015 0.015 0.097 0.011 0.017 0.024 0.013 0.063 0.151 0.018 0.025 0.306 0.011 0.025 0.026 0.012 0.059 0.057
214 S 0.093 0.033 0.043 0.04 0.102 0.027 0.042 0.055 0.016 0.029 0.042 0.044 0.014 0.019 0.025 0.249 0.068 0.005 0.015 0.04
215 V 0.108 0.021 0.02 0.02 0.015 0.016 0.023 0.119 0.011 0.094 0.09 0.027 0.022 0.096 0.016 0.039 0.038 0.007 0.027 0.19
216 I 0.049 0.018 0.014 0.016 0.015 0.013 0.018 0.02 0.008 0.24 0.162 0.022 0.032 0.061 0.014 0.025 0.038 0.006 0.022 0.207
217 Y 0.036 0.024 0.019 0.017 0.009 0.018 0.024 0.023 0.038 0.043 0.069 0.027 0.018 0.173 0.013 0.027 0.025 0.024 0.33 0.044
218 L 0.04 0.022 0.013 0.014 0.015 0.015 0.018 0.019 0.009 0.105 0.432 0.023 0.045 0.05 0.013 0.022 0.03 0.006 0.02 0.087
219 G 0.071 0.021 0.036 0.031 0.01 0.017 0.023 0.555 0.012 0.017 0.026 0.031 0.009 0.015 0.017 0.047 0.027 0.005 0.01 0.022
220 S 0.1 0.036 0.049 0.044 0.016 0.03 0.048 0.06 0.017 0.027 0.038 0.049 0.014 0.019 0.027 0.291 0.075 0.005 0.016 0.038
221 R 0.041 0.405 0.035 0.028 0.007 0.044 0.048 0.03 0.021 0.021 0.042 0.109 0.014 0.016 0.018 0.041 0.032 0.005 0.016 0.028
222 A 0.355 0.028 0.023 0.027 0.02 0.023 0.037 0.071 0.013 0.039 0.054 0.04 0.016 0.02 0.027 0.077 0.045 0.005 0.016 0.063
223 S 0.185 0.034 0.041 0.039 0.017 0.028 0.044 0.064 0.016 0.031 0.043 0.046 0.015 0.019 0.027 0.22 0.065 0.005 0.016 0.046
224 F 0.032 0.018 0.015 0.015 0.01 0.01 0.017 0.022 0.014 0.066 0.159 0.018 0.027 0.377 0.01 0.023 0.024 0.014 0.071 0.056
225 I 0.038 0.017 0.014 0.015 0.013 0.012 0.017 0.02 0.011 0.205 0.183 0.02 0.032 0.176 0.012 0.023 0.031 0.009 0.04 0.112
226 L 0.041 0.021 0.013 0.014 0.015 0.014 0.018 0.019 0.009 0.144 0.386 0.023 0.043 0.048 0.013 0.022 0.031 0.006 0.02 0.1
227 L 0.042 0.021 0.014 0.015 0.015 0.016 0.019 0.02 0.01 0.174 0.305 0.024 0.074 0.046 0.013 0.024 0.033 0.006 0.02 0.109
228 V 0.052 0.019 0.014 0.016 0.016 0.014 0.019 0.021 0.008 0.203 0.184 0.023 0.039 0.038 0.014 0.026 0.039 0.005 0.019 0.229
229 I 0.044 0.019 0.017 0.018 0.014 0.013 0.019 0.023 0.011 0.203 0.177 0.023 0.031 0.141 0.013 0.045 0.035 0.008 0.034 0.111
230 Y 0.035 0.023 0.018 0.016 0.009 0.016 0.023 0.023 0.033 0.046 0.076 0.025 0.019 0.227 0.013 0.027 0.025 0.022 0.28 0.045
231 F 0.035 0.017 0.015 0.016 0.011 0.011 0.017 0.022 0.013 0.151 0.128 0.019 0.027 0.287 0.011 0.023 0.028 0.026 0.058 0.087
232 L 0.12 0.028 0.029 0.028 0.016 0.022 0.032 0.042 0.012 0.101 0.132 0.036 0.024 0.029 0.022 0.097 0.129 0.005 0.017 0.08
233 L 0.036 0.02 0.014 0.015 0.012 0.012 0.018 0.021 0.012 0.081 0.268 0.02 0.034 0.246 0.011 0.023 0.027 0.011 0.05 0.069
234 K 0.05 0.126 0.09 0.039 0.009 0.039 0.051 0.038 0.019 0.044 0.051 0.202 0.016 0.018 0.021 0.047 0.038 0.005 0.016 0.08
235 I 0.045 0.021 0.019 0.019 0.013 0.015 0.022 0.024 0.016 0.17 0.11 0.025 0.026 0.128 0.015 0.035 0.079 0.011 0.091 0.118
236 L 0.059 0.024 0.026 0.025 0.014 0.018 0.027 0.033 0.013 0.149 0.153 0.03 0.027 0.102 0.017 0.112 0.046 0.007 0.028 0.089
237 K 0.061 0.057 0.035 0.033 0.012 0.033 0.046 0.039 0.016 0.047 0.123 0.159 0.021 0.038 0.023 0.097 0.088 0.006 0.019 0.05
238 H 0.04 0.07 0.106 0.039 0.008 0.034 0.045 0.038 0.183 0.025 0.04 0.085 0.014 0.041 0.018 0.043 0.031 0.01 0.103 0.028
239 K 0.048 0.067 0.03 0.031 0.009 0.035 0.049 0.035 0.017 0.031 0.051 0.216 0.015 0.099 0.125 0.042 0.033 0.006 0.028 0.034
240 K 0.053 0.075 0.05 0.037 0.009 0.041 0.055 0.039 0.058 0.03 0.043 0.231 0.015 0.021 0.024 0.055 0.09 0.006 0.032 0.036
241 G 0.06 0.105 0.083 0.038 0.011 0.033 0.042 0.128 0.019 0.034 0.059 0.102 0.05 0.021 0.02 0.093 0.043 0.005 0.016 0.038
242 L 0.042 0.023 0.014 0.015 0.015 0.017 0.02 0.02 0.01 0.104 0.381 0.025 0.077 0.048 0.013 0.024 0.032 0.007 0.021 0.094
243 L 0.054 0.024 0.019 0.019 0.015 0.017 0.024 0.027 0.01 0.099 0.314 0.027 0.037 0.042 0.016 0.068 0.04 0.006 0.019 0.121
244 L 0.044 0.021 0.018 0.019 0.014 0.015 0.021 0.024 0.011 0.161 0.202 0.025 0.031 0.117 0.029 0.033 0.078 0.008 0.031 0.099
245 N 0.043 0.045 0.317 0.083 0.009 0.034 0.049 0.065 0.032 0.022 0.032 0.054 0.011 0.018 0.02 0.07 0.049 0.004 0.016 0.027
246 K 0.057 0.107 0.042 0.042 0.009 0.054 0.071 0.043 0.021 0.028 0.043 0.278 0.016 0.016 0.028 0.054 0.04 0.005 0.017 0.033
247 I 0.046 0.034 0.022 0.022 0.012 0.021 0.029 0.027 0.018 0.142 0.108 0.078 0.03 0.126 0.016 0.051 0.035 0.011 0.09 0.083
248 F 0.051 0.021 0.02 0.02 0.099 0.015 0.022 0.029 0.012 0.105 0.157 0.025 0.026 0.158 0.015 0.07 0.037 0.008 0.036 0.074
249 I 0.097 0.02 0.015 0.017 0.016 0.015 0.021 0.028 0.009 0.216 0.186 0.025 0.032 0.038 0.016 0.033 0.038 0.005 0.019 0.154
250 V 0.069 0.025 0.027 0.026 0.016 0.02 0.029 0.035 0.011 0.147 0.133 0.032 0.027 0.031 0.019 0.121 0.052 0.005 0.018 0.157
251 I 0.055 0.021 0.023 0.023 0.013 0.016 0.023 0.116 0.012 0.167 0.119 0.027 0.025 0.1 0.016 0.072 0.039 0.007 0.027 0.099
252 I 0.049 0.017 0.014 0.016 0.015 0.013 0.018 0.02 0.008 0.267 0.14 0.022 0.032 0.049 0.014 0.025 0.039 0.006 0.02 0.216
253 L 0.046 0.021 0.016 0.019 0.013 0.016 0.023 0.024 0.01 0.136 0.206 0.028 0.04 0.034 0.189 0.029 0.033 0.005 0.017 0.093
254 V 0.083 0.023 0.024 0.025 0.014 0.018 0.028 0.035 0.012 0.114 0.086 0.031 0.021 0.095 0.105 0.079 0.058 0.006 0.027 0.115
255 V 0.106 0.023 0.022 0.023 0.017 0.018 0.027 0.036 0.01 0.157 0.102 0.03 0.025 0.03 0.019 0.085 0.049 0.005 0.018 0.196
256 L 0.06 0.025 0.026 0.025 0.015 0.019 0.027 0.075 0.011 0.113 0.176 0.032 0.027 0.032 0.047 0.081 0.087 0.005 0.017 0.1
257 L 0.046 0.021 0.018 0.018 0.015 0.015 0.02 0.022 0.009 0.212 0.23 0.025 0.035 0.04 0.015 0.033 0.081 0.006 0.019 0.12
258 L 0.103 0.024 0.021 0.022 0.016 0.018 0.026 0.035 0.011 0.152 0.218 0.03 0.032 0.037 0.018 0.076 0.042 0.006 0.018 0.097
259 I 0.046 0.019 0.016 0.017 0.014 0.014 0.019 0.022 0.01 0.206 0.137 0.023 0.05 0.118 0.014 0.028 0.045 0.008 0.032 0.162
260 L 0.045 0.023 0.06 0.026 0.011 0.017 0.024 0.115 0.018 0.105 0.138 0.028 0.024 0.114 0.014 0.04 0.032 0.01 0.087 0.069
261 F 0.034 0.02 0.016 0.015 0.01 0.012 0.019 0.022 0.019 0.064 0.161 0.02 0.026 0.312 0.011 0.024 0.025 0.015 0.119 0.056
262 L 0.134 0.026 0.022 0.023 0.016 0.02 0.028 0.039 0.012 0.119 0.158 0.033 0.061 0.033 0.02 0.051 0.092 0.006 0.018 0.09
263 N 0.061 0.05 0.151 0.049 0.012 0.07 0.049 0.062 0.021 0.06 0.052 0.051 0.016 0.02 0.021 0.117 0.05 0.005 0.016 0.067
264 D 0.039 0.034 0.132 0.276 0.007 0.03 0.069 0.046 0.097 0.021 0.029 0.044 0.01 0.017 0.02 0.05 0.034 0.004 0.02 0.023
265 F 0.038 0.018 0.015 0.016 0.013 0.012 0.018 0.021 0.013 0.173 0.177 0.021 0.031 0.202 0.012 0.023 0.03 0.01 0.056 0.102
266 S 0.111 0.04 0.054 0.049 0.018 0.033 0.053 0.067 0.019 0.03 0.042 0.054 0.016 0.021 0.03 0.215 0.083 0.005 0.018 0.042
267 N 0.04 0.111 0.291 0.079 0.008 0.034 0.048 0.054 0.027 0.021 0.032 0.062 0.011 0.016 0.019 0.059 0.043 0.004 0.015 0.026
268 F 0.037 0.022 0.018 0.026 0.01 0.019 0.075 0.024 0.014 0.132 0.098 0.028 0.023 0.184 0.013 0.027 0.028 0.098 0.048 0.076
269 L 0.061 0.023 0.022 0.021 0.014 0.018 0.024 0.115 0.012 0.078 0.153 0.028 0.06 0.101 0.016 0.04 0.072 0.007 0.028 0.107
270 N 0.05 0.037 0.262 0.132 0.009 0.03 0.051 0.07 0.024 0.021 0.03 0.047 0.011 0.016 0.02 0.098 0.047 0.004 0.014 0.026
271 L 0.053 0.025 0.022 0.02 0.013 0.019 0.026 0.028 0.021 0.078 0.191 0.029 0.028 0.065 0.016 0.07 0.039 0.012 0.139 0.106
272 L 0.039 0.021 0.013 0.014 0.014 0.014 0.018 0.02 0.01 0.097 0.378 0.022 0.041 0.115 0.012 0.022 0.029 0.008 0.03 0.081
273 D 0.04 0.041 0.111 0.32 0.007 0.031 0.074 0.045 0.019 0.021 0.028 0.093 0.01 0.014 0.021 0.05 0.035 0.004 0.012 0.024
274 F 0.038 0.019 0.015 0.015 0.012 0.011 0.018 0.022 0.013 0.081 0.161 0.019 0.028 0.309 0.011 0.024 0.028 0.012 0.06 0.104
275 G 0.071 0.021 0.036 0.031 0.01 0.017 0.023 0.555 0.012 0.017 0.026 0.031 0.009 0.015 0.017 0.047 0.027 0.005 0.01 0.022
276 G 0.071 0.021 0.036 0.031 0.01 0.017 0.023 0.555 0.012 0.017 0.026 0.031 0.009 0.015 0.017 0.047 0.027 0.005 0.01 0.022
277 F 0.031 0.017 0.015 0.015 0.01 0.01 0.017 0.023 0.015 0.058 0.104 0.017 0.023 0.443 0.01 0.023 0.023 0.015 0.081 0.05
278 E 0.118 0.048 0.039 0.053 0.012 0.042 0.153 0.049 0.019 0.026 0.039 0.103 0.014 0.017 0.026 0.135 0.05 0.005 0.016 0.038
279 E 0.065 0.05 0.099 0.071 0.01 0.042 0.147 0.047 0.021 0.023 0.035 0.104 0.013 0.016 0.024 0.132 0.049 0.005 0.015 0.031
280 R 0.041 0.405 0.035 0.028 0.007 0.044 0.048 0.03 0.021 0.021 0.042 0.109 0.014 0.016 0.018 0.041 0.032 0.005 0.016 0.028
281 G 0.071 0.021 0.036 0.031 0.01 0.017 0.023 0.555 0.012 0.017 0.026 0.031 0.009 0.015 0.017 0.047 0.027 0.005 0.01 0.022
282 L 0.041 0.021 0.013 0.014 0.015 0.014 0.018 0.019 0.009 0.144 0.386 0.023 0.043 0.048 0.013 0.022 0.031 0.006 0.02 0.1
283 D 0.052 0.038 0.052 0.254 0.009 0.076 0.125 0.043 0.02 0.022 0.032 0.054 0.012 0.015 0.022 0.089 0.04 0.004 0.013 0.027
284 S 0.1 0.036 0.049 0.044 0.016 0.03 0.048 0.06 0.017 0.027 0.038 0.049 0.014 0.019 0.027 0.291 0.075 0.005 0.016 0.038
285 P 0.068 0.028 0.031 0.034 0.012 0.023 0.038 0.042 0.014 0.025 0.035 0.041 0.011 0.014 0.369 0.124 0.047 0.003 0.013 0.031
286 R 0.041 0.405 0.035 0.028 0.007 0.044 0.048 0.03 0.021 0.021 0.042 0.109 0.014 0.016 0.018 0.041 0.032 0.005 0.016 0.028
287 F 0.031 0.017 0.015 0.015 0.01 0.01 0.017 0.023 0.015 0.058 0.104 0.017 0.023 0.443 0.01 0.023 0.023 0.015 0.081 0.05
288 S 0.085 0.032 0.049 0.11 0.013 0.028 0.049 0.14 0.017 0.024 0.034 0.045 0.012 0.017 0.024 0.21 0.06 0.005 0.014 0.033
289 M 0.047 0.027 0.017 0.018 0.015 0.023 0.024 0.024 0.014 0.132 0.175 0.031 0.203 0.043 0.014 0.031 0.036 0.007 0.021 0.097
290 L 0.038 0.022 0.014 0.015 0.013 0.015 0.019 0.021 0.016 0.086 0.316 0.023 0.037 0.127 0.013 0.023 0.028 0.011 0.09 0.074
291 E 0.055 0.043 0.03 0.045 0.012 0.036 0.143 0.031 0.016 0.095 0.072 0.095 0.019 0.023 0.021 0.048 0.083 0.005 0.017 0.113
292 Y 0.037 0.028 0.08 0.027 0.008 0.022 0.029 0.029 0.04 0.036 0.057 0.032 0.016 0.102 0.015 0.034 0.029 0.022 0.319 0.039
293 G 0.071 0.021 0.036 0.031 0.01 0.017 0.023 0.555 0.012 0.017 0.026 0.031 0.009 0.015 0.017 0.047 0.027 0.005 0.01 0.022
294 L 0.039 0.019 0.014 0.015 0.013 0.012 0.017 0.02 0.011 0.161 0.229 0.021 0.034 0.177 0.012 0.023 0.03 0.009 0.04 0.104
295 S 0.083 0.042 0.102 0.048 0.014 0.031 0.048 0.057 0.019 0.028 0.038 0.073 0.014 0.018 0.025 0.216 0.086 0.005 0.016 0.037
296 N 0.04 0.039 0.255 0.058 0.009 0.031 0.042 0.049 0.101 0.032 0.055 0.045 0.049 0.023 0.018 0.053 0.04 0.005 0.023 0.034
297 F 0.036 0.021 0.016 0.016 0.011 0.015 0.02 0.024 0.015 0.069 0.129 0.022 0.094 0.31 0.011 0.026 0.028 0.013 0.061 0.061
298 L 0.037 0.023 0.014 0.015 0.012 0.016 0.02 0.023 0.012 0.077 0.262 0.024 0.067 0.051 0.011 0.023 0.028 0.184 0.034 0.067
299 D 0.04 0.043 0.164 0.258 0.007 0.032 0.067 0.047 0.021 0.021 0.029 0.094 0.01 0.015 0.02 0.053 0.037 0.004 0.012 0.024
300 Y 0.036 0.024 0.019 0.017 0.009 0.018 0.024 0.023 0.038 0.043 0.069 0.027 0.018 0.173 0.013 0.027 0.025 0.024 0.33 0.044
301 P 0.052 0.023 0.021 0.028 0.009 0.019 0.033 0.033 0.012 0.023 0.033 0.038 0.009 0.012 0.54 0.04 0.033 0.002 0.012 0.028
302 F 0.033 0.019 0.015 0.015 0.01 0.011 0.018 0.023 0.014 0.063 0.15 0.019 0.025 0.301 0.01 0.023 0.024 0.101 0.066 0.06
303 G 0.071 0.021 0.036 0.031 0.01 0.017 0.023 0.555 0.012 0.017 0.026 0.031 0.009 0.015 0.017 0.047 0.027 0.005 0.01 0.022
304 G 0.071 0.021 0.036 0.031 0.01 0.017 0.023 0.555 0.012 0.017 0.026 0.031 0.009 0.015 0.017 0.047 0.027 0.005 0.01 0.022
305 L 0.042 0.023 0.014 0.015 0.015 0.017 0.02 0.02 0.01 0.103 0.39 0.025 0.077 0.049 0.013 0.024 0.031 0.007 0.021 0.087
306 K 0.05 0.074 0.034 0.036 0.009 0.122 0.066 0.035 0.02 0.077 0.059 0.203 0.019 0.018 0.022 0.045 0.037 0.005 0.017 0.052
307 V 0.112 0.021 0.016 0.018 0.018 0.016 0.024 0.031 0.008 0.131 0.108 0.027 0.027 0.03 0.017 0.038 0.045 0.005 0.018 0.29
308 H 0.045 0.039 0.036 0.03 0.01 0.07 0.046 0.031 0.214 0.057 0.116 0.042 0.022 0.03 0.017 0.036 0.031 0.006 0.036 0.086
309 G 0.175 0.028 0.036 0.034 0.015 0.024 0.036 0.229 0.014 0.028 0.039 0.04 0.013 0.018 0.024 0.138 0.049 0.005 0.014 0.041
310 E 0.047 0.048 0.036 0.066 0.008 0.044 0.194 0.032 0.085 0.074 0.054 0.101 0.016 0.021 0.021 0.043 0.033 0.005 0.022 0.049
311 G 0.065 0.024 0.034 0.029 0.011 0.019 0.026 0.38 0.017 0.026 0.037 0.032 0.012 0.033 0.018 0.05 0.075 0.008 0.073 0.033
312 Y 0.037 0.025 0.02 0.017 0.008 0.02 0.025 0.023 0.042 0.04 0.062 0.028 0.017 0.119 0.014 0.028 0.025 0.025 0.38 0.042
313 D 0.06 0.033 0.048 0.183 0.011 0.032 0.108 0.043 0.017 0.031 0.04 0.047 0.013 0.017 0.024 0.101 0.134 0.005 0.014 0.04
314 G 0.071 0.021 0.036 0.031 0.01 0.017 0.023 0.555 0.012 0.017 0.026 0.031 0.009 0.015 0.017 0.047 0.027 0.005 0.01 0.022
315 I 0.052 0.02 0.019 0.02 0.015 0.016 0.022 0.026 0.01 0.247 0.18 0.026 0.032 0.038 0.016 0.067 0.042 0.005 0.019 0.128
316 W 0.028 0.021 0.014 0.014 0.007 0.014 0.021 0.028 0.014 0.028 0.048 0.021 0.014 0.055 0.007 0.021 0.021 0.539 0.062 0.028
317 F 0.032 0.018 0.015 0.015 0.01 0.01 0.017 0.023 0.015 0.062 0.131 0.018 0.025 0.41 0.01 0.023 0.024 0.015 0.076 0.053
318 H 0.038 0.042 0.049 0.035 0.007 0.035 0.049 0.035 0.414 0.021 0.035 0.042 0.014 0.028 0.017 0.038 0.024 0.007 0.052 0.021
319 N 0.039 0.041 0.379 0.076 0.008 0.031 0.045 0.059 0.029 0.02 0.029 0.049 0.01 0.016 0.018 0.063 0.045 0.004 0.014 0.025
320 M 0.047 0.027 0.017 0.018 0.015 0.023 0.024 0.024 0.014 0.132 0.175 0.031 0.203 0.043 0.014 0.031 0.036 0.007 0.021 0.097
