#Seq2Logo.py -f /work3/idamei/ssn-clusterings/clustering/2205111339/clusters/0009_14/sequences.afa -o /work3/idamei/ssn-clusterings/clustering/2205111339/clusters/0009_14/sequences.logo
#Position Specific Frequency Matrix
A R N D C Q E G H I L K M F P S T W Y V
0 L 0.051 0.031 0.02 0.02 0.016 0.027 0.027 0.027 0.016 0.097 0.191 0.035 0.185 0.047 0.016 0.035 0.039 0.008 0.023 0.09
1 L 0.059 0.086 0.031 0.029 0.014 0.029 0.038 0.034 0.015 0.118 0.13 0.083 0.026 0.031 0.021 0.071 0.076 0.006 0.019 0.087
2 Y 0.045 0.045 0.082 0.038 0.009 0.031 0.043 0.038 0.088 0.03 0.047 0.082 0.015 0.055 0.1 0.044 0.034 0.012 0.128 0.034
3 L 0.067 0.099 0.035 0.033 0.014 0.033 0.044 0.041 0.017 0.055 0.158 0.095 0.026 0.03 0.022 0.103 0.05 0.006 0.019 0.055
4 C 0.054 0.098 0.028 0.028 0.172 0.062 0.045 0.033 0.016 0.075 0.071 0.094 0.02 0.022 0.019 0.042 0.037 0.005 0.016 0.063
5 L 0.062 0.027 0.028 0.027 0.015 0.02 0.03 0.037 0.015 0.069 0.179 0.032 0.03 0.156 0.018 0.093 0.046 0.01 0.042 0.064
6 R 0.044 0.347 0.039 0.031 0.008 0.048 0.052 0.033 0.023 0.023 0.046 0.12 0.015 0.017 0.019 0.044 0.035 0.006 0.017 0.031
7 D 0.075 0.035 0.061 0.225 0.012 0.031 0.071 0.056 0.019 0.026 0.035 0.049 0.012 0.018 0.026 0.139 0.058 0.004 0.014 0.033
8 P 0.045 0.022 0.02 0.024 0.01 0.016 0.027 0.031 0.015 0.044 0.075 0.03 0.018 0.202 0.254 0.034 0.031 0.01 0.05 0.043
9 A 0.175 0.04 0.033 0.06 0.014 0.045 0.171 0.056 0.02 0.032 0.048 0.06 0.015 0.019 0.028 0.07 0.043 0.005 0.017 0.05
10 I 0.047 0.018 0.015 0.018 0.016 0.013 0.018 0.021 0.009 0.273 0.167 0.024 0.037 0.044 0.015 0.025 0.04 0.006 0.021 0.176
11 K 0.057 0.107 0.041 0.041 0.009 0.053 0.071 0.043 0.021 0.028 0.043 0.28 0.015 0.015 0.028 0.053 0.04 0.005 0.017 0.033
12 R 0.057 0.186 0.027 0.024 0.013 0.032 0.038 0.029 0.016 0.093 0.088 0.073 0.023 0.026 0.018 0.038 0.042 0.006 0.019 0.153
13 F 0.047 0.028 0.029 0.025 0.01 0.021 0.032 0.034 0.08 0.041 0.07 0.031 0.019 0.173 0.015 0.064 0.034 0.096 0.108 0.041
14 I 0.097 0.023 0.025 0.025 0.015 0.018 0.026 0.118 0.012 0.125 0.098 0.031 0.024 0.091 0.019 0.049 0.074 0.007 0.029 0.093
15 L 0.047 0.105 0.034 0.031 0.011 0.067 0.052 0.032 0.077 0.054 0.159 0.099 0.027 0.03 0.019 0.04 0.034 0.006 0.026 0.051
16 L 0.093 0.028 0.021 0.022 0.017 0.021 0.027 0.035 0.012 0.088 0.248 0.033 0.06 0.042 0.019 0.047 0.075 0.007 0.021 0.085
17 L 0.044 0.021 0.015 0.017 0.015 0.015 0.02 0.022 0.011 0.19 0.198 0.025 0.06 0.105 0.014 0.026 0.036 0.008 0.032 0.126
18 L 0.046 0.021 0.015 0.016 0.015 0.015 0.02 0.023 0.01 0.165 0.215 0.024 0.036 0.048 0.013 0.025 0.036 0.089 0.028 0.141
19 S 0.072 0.033 0.095 0.042 0.109 0.026 0.039 0.05 0.024 0.033 0.049 0.042 0.015 0.041 0.022 0.122 0.055 0.009 0.079 0.042
20 Q 0.056 0.074 0.044 0.047 0.009 0.215 0.103 0.041 0.029 0.026 0.047 0.091 0.021 0.015 0.024 0.056 0.041 0.006 0.021 0.035
21 L 0.115 0.028 0.024 0.024 0.018 0.021 0.03 0.041 0.012 0.081 0.222 0.035 0.034 0.038 0.021 0.056 0.093 0.006 0.02 0.082
22 V 0.112 0.022 0.018 0.02 0.017 0.016 0.025 0.037 0.012 0.137 0.116 0.028 0.027 0.124 0.018 0.042 0.041 0.008 0.036 0.144
23 F 0.035 0.02 0.016 0.016 0.011 0.012 0.02 0.025 0.015 0.066 0.155 0.021 0.028 0.261 0.011 0.024 0.026 0.112 0.07 0.057
24 L 0.051 0.024 0.02 0.019 0.014 0.018 0.023 0.095 0.016 0.09 0.207 0.028 0.054 0.08 0.015 0.031 0.034 0.01 0.07 0.101
25 L 0.162 0.025 0.019 0.021 0.018 0.019 0.028 0.045 0.011 0.115 0.179 0.032 0.031 0.035 0.021 0.05 0.042 0.006 0.019 0.121
26 L 0.093 0.024 0.02 0.021 0.018 0.018 0.026 0.032 0.01 0.133 0.189 0.03 0.033 0.037 0.019 0.044 0.074 0.006 0.02 0.153
27 S 0.083 0.034 0.048 0.094 0.015 0.028 0.05 0.052 0.016 0.069 0.059 0.046 0.018 0.023 0.025 0.162 0.094 0.005 0.017 0.061
28 L 0.057 0.025 0.02 0.021 0.085 0.019 0.024 0.029 0.011 0.114 0.234 0.029 0.057 0.041 0.017 0.059 0.041 0.006 0.02 0.091
29 F 0.068 0.028 0.031 0.03 0.015 0.021 0.032 0.04 0.015 0.088 0.129 0.035 0.026 0.138 0.019 0.118 0.051 0.009 0.038 0.071
30 Y 0.04 0.028 0.022 0.019 0.009 0.022 0.028 0.025 0.047 0.044 0.068 0.031 0.019 0.131 0.016 0.031 0.028 0.028 0.318 0.047
31 I 0.047 0.018 0.015 0.018 0.016 0.013 0.018 0.021 0.009 0.271 0.168 0.024 0.037 0.044 0.015 0.025 0.04 0.006 0.021 0.177
32 I 0.047 0.018 0.015 0.018 0.016 0.013 0.018 0.021 0.009 0.271 0.168 0.024 0.037 0.044 0.015 0.025 0.04 0.006 0.021 0.177
33 L 0.047 0.021 0.014 0.016 0.085 0.014 0.018 0.022 0.009 0.154 0.281 0.023 0.04 0.045 0.014 0.026 0.035 0.006 0.02 0.11
34 L 0.048 0.021 0.014 0.016 0.016 0.015 0.019 0.021 0.009 0.196 0.257 0.024 0.04 0.046 0.014 0.025 0.037 0.006 0.021 0.155
35 W 0.085 0.028 0.031 0.08 0.011 0.023 0.04 0.042 0.024 0.034 0.052 0.035 0.015 0.061 0.018 0.069 0.037 0.155 0.122 0.04
36 L 0.044 0.025 0.061 0.025 0.014 0.017 0.024 0.028 0.014 0.092 0.223 0.027 0.034 0.146 0.014 0.031 0.035 0.009 0.039 0.1
37 L 0.052 0.033 0.018 0.019 0.084 0.02 0.026 0.026 0.011 0.123 0.225 0.063 0.035 0.039 0.016 0.031 0.037 0.006 0.019 0.118
38 Y 0.04 0.028 0.022 0.019 0.009 0.022 0.028 0.025 0.047 0.043 0.068 0.031 0.019 0.13 0.016 0.031 0.028 0.028 0.32 0.047
39 L 0.043 0.034 0.168 0.049 0.013 0.025 0.035 0.043 0.021 0.068 0.206 0.039 0.03 0.036 0.017 0.047 0.041 0.006 0.019 0.061
40 N 0.076 0.042 0.188 0.066 0.013 0.033 0.051 0.065 0.025 0.026 0.036 0.054 0.013 0.019 0.025 0.147 0.065 0.005 0.016 0.034
41 G 0.059 0.026 0.054 0.218 0.009 0.024 0.058 0.28 0.016 0.02 0.028 0.039 0.009 0.015 0.02 0.051 0.032 0.005 0.011 0.024
42 P 0.049 0.045 0.074 0.053 0.008 0.038 0.12 0.039 0.02 0.024 0.038 0.086 0.012 0.021 0.16 0.048 0.036 0.076 0.022 0.03
43 L 0.053 0.028 0.035 0.135 0.013 0.023 0.045 0.035 0.014 0.098 0.177 0.035 0.05 0.035 0.019 0.064 0.042 0.006 0.018 0.077
44 S 0.093 0.085 0.049 0.043 0.016 0.034 0.049 0.057 0.018 0.031 0.045 0.06 0.016 0.02 0.027 0.192 0.1 0.005 0.017 0.043
45 D 0.042 0.032 0.063 0.368 0.007 0.034 0.121 0.044 0.019 0.022 0.028 0.048 0.01 0.015 0.022 0.051 0.035 0.004 0.012 0.025
46 F 0.052 0.043 0.029 0.028 0.011 0.054 0.043 0.034 0.022 0.051 0.116 0.076 0.024 0.148 0.018 0.065 0.038 0.012 0.084 0.05
47 L 0.054 0.031 0.032 0.096 0.012 0.031 0.116 0.1 0.016 0.067 0.149 0.042 0.024 0.029 0.019 0.041 0.035 0.006 0.017 0.084
48 Y 0.039 0.025 0.02 0.018 0.01 0.019 0.025 0.025 0.033 0.056 0.097 0.028 0.044 0.195 0.014 0.029 0.028 0.021 0.221 0.054
49 S 0.136 0.038 0.049 0.045 0.018 0.031 0.049 0.066 0.018 0.031 0.043 0.051 0.015 0.02 0.029 0.22 0.075 0.005 0.017 0.044
50 V 0.06 0.023 0.021 0.021 0.016 0.017 0.024 0.029 0.011 0.149 0.158 0.028 0.031 0.09 0.016 0.058 0.045 0.007 0.029 0.167
51 L 0.042 0.021 0.015 0.017 0.014 0.015 0.02 0.023 0.012 0.147 0.218 0.024 0.057 0.15 0.013 0.026 0.033 0.009 0.04 0.104
52 F 0.042 0.026 0.019 0.018 0.012 0.021 0.025 0.026 0.024 0.071 0.133 0.029 0.092 0.172 0.014 0.031 0.032 0.016 0.131 0.067
53 C 0.06 0.017 0.016 0.016 0.292 0.013 0.018 0.027 0.008 0.122 0.098 0.022 0.023 0.028 0.016 0.035 0.039 0.005 0.015 0.131
54 L 0.089 0.025 0.02 0.021 0.017 0.018 0.025 0.032 0.011 0.126 0.227 0.03 0.035 0.04 0.018 0.043 0.072 0.006 0.02 0.125
55 Y 0.045 0.033 0.114 0.038 0.011 0.025 0.035 0.037 0.078 0.06 0.107 0.037 0.022 0.058 0.017 0.042 0.037 0.012 0.115 0.078
56 F 0.076 0.023 0.019 0.018 0.012 0.016 0.024 0.031 0.023 0.06 0.131 0.026 0.025 0.22 0.015 0.034 0.03 0.017 0.139 0.059
57 I 0.045 0.019 0.014 0.016 0.016 0.014 0.018 0.02 0.009 0.241 0.229 0.023 0.039 0.046 0.014 0.024 0.037 0.006 0.02 0.149
58 L 0.042 0.022 0.018 0.018 0.012 0.015 0.021 0.096 0.013 0.068 0.203 0.024 0.03 0.1 0.012 0.027 0.028 0.151 0.042 0.059
59 S 0.079 0.032 0.036 0.033 0.017 0.026 0.037 0.044 0.015 0.073 0.128 0.041 0.047 0.031 0.023 0.13 0.09 0.006 0.019 0.095
60 L 0.045 0.024 0.015 0.016 0.016 0.017 0.02 0.022 0.01 0.136 0.332 0.026 0.066 0.051 0.014 0.025 0.034 0.007 0.022 0.104
61 F 0.039 0.023 0.018 0.017 0.011 0.016 0.022 0.023 0.027 0.093 0.14 0.025 0.027 0.184 0.013 0.027 0.029 0.018 0.175 0.073
62 L 0.069 0.035 0.034 0.032 0.015 0.053 0.043 0.04 0.016 0.067 0.117 0.044 0.025 0.081 0.021 0.101 0.082 0.007 0.028 0.089
63 L 0.047 0.019 0.014 0.016 0.085 0.014 0.018 0.022 0.009 0.205 0.215 0.023 0.036 0.043 0.014 0.026 0.036 0.006 0.019 0.133
64 W 0.031 0.023 0.016 0.015 0.008 0.016 0.023 0.029 0.019 0.031 0.054 0.023 0.015 0.069 0.008 0.023 0.023 0.439 0.105 0.032
65 F 0.047 0.094 0.033 0.082 0.01 0.031 0.048 0.033 0.017 0.054 0.072 0.117 0.019 0.129 0.019 0.04 0.035 0.008 0.036 0.073
66 G 0.067 0.033 0.11 0.045 0.011 0.027 0.038 0.168 0.027 0.028 0.042 0.043 0.014 0.046 0.021 0.095 0.047 0.011 0.093 0.034
67 G 0.084 0.036 0.118 0.053 0.013 0.029 0.044 0.178 0.021 0.025 0.035 0.048 0.013 0.019 0.024 0.146 0.06 0.005 0.015 0.033
68 A 0.136 0.033 0.078 0.039 0.015 0.027 0.04 0.124 0.068 0.048 0.054 0.042 0.016 0.023 0.023 0.085 0.047 0.005 0.022 0.077
69 E 0.054 0.1 0.082 0.058 0.008 0.073 0.132 0.11 0.024 0.023 0.037 0.105 0.014 0.016 0.022 0.053 0.037 0.005 0.016 0.03
70 K 0.052 0.174 0.04 0.038 0.008 0.077 0.068 0.039 0.022 0.025 0.043 0.217 0.016 0.015 0.024 0.05 0.037 0.005 0.017 0.032
71 L 0.046 0.021 0.015 0.016 0.015 0.014 0.019 0.022 0.01 0.163 0.249 0.023 0.039 0.098 0.014 0.025 0.035 0.008 0.03 0.138
72 S 0.079 0.083 0.087 0.046 0.014 0.032 0.045 0.122 0.019 0.029 0.041 0.058 0.014 0.019 0.024 0.14 0.088 0.005 0.016 0.039
73 P 0.052 0.024 0.02 0.026 0.012 0.018 0.03 0.031 0.012 0.076 0.105 0.035 0.019 0.023 0.367 0.037 0.035 0.004 0.015 0.059
74 F 0.035 0.021 0.018 0.017 0.01 0.013 0.021 0.025 0.025 0.056 0.098 0.022 0.023 0.325 0.012 0.026 0.025 0.019 0.158 0.051
75 L 0.039 0.02 0.015 0.016 0.013 0.013 0.018 0.022 0.012 0.142 0.207 0.021 0.035 0.201 0.012 0.024 0.031 0.011 0.049 0.099
76 L 0.048 0.026 0.019 0.019 0.016 0.019 0.023 0.025 0.011 0.101 0.318 0.029 0.064 0.048 0.016 0.035 0.067 0.007 0.021 0.089
77 F 0.034 0.02 0.017 0.017 0.01 0.012 0.02 0.025 0.021 0.059 0.105 0.02 0.024 0.365 0.011 0.025 0.025 0.018 0.122 0.052
78 L 0.048 0.028 0.022 0.021 0.014 0.022 0.026 0.028 0.019 0.08 0.172 0.032 0.095 0.107 0.016 0.039 0.067 0.011 0.076 0.076
79 L 0.086 0.024 0.017 0.018 0.017 0.018 0.024 0.03 0.011 0.133 0.246 0.029 0.059 0.044 0.017 0.035 0.039 0.006 0.021 0.128
80 T 0.076 0.035 0.044 0.038 0.017 0.028 0.04 0.045 0.014 0.048 0.06 0.045 0.019 0.023 0.027 0.112 0.241 0.006 0.017 0.065
81 F 0.035 0.02 0.017 0.017 0.011 0.013 0.02 0.025 0.016 0.067 0.122 0.021 0.048 0.354 0.011 0.026 0.027 0.015 0.077 0.059
82 G 0.072 0.03 0.04 0.034 0.083 0.024 0.035 0.181 0.065 0.034 0.046 0.039 0.015 0.021 0.022 0.086 0.105 0.005 0.02 0.043
83 L 0.043 0.025 0.017 0.017 0.014 0.018 0.022 0.025 0.014 0.092 0.23 0.027 0.081 0.165 0.013 0.028 0.033 0.011 0.045 0.08
84 L 0.047 0.023 0.014 0.015 0.016 0.016 0.02 0.021 0.01 0.119 0.356 0.025 0.046 0.05 0.014 0.025 0.035 0.007 0.021 0.122
85 F 0.033 0.018 0.016 0.016 0.01 0.01 0.018 0.025 0.016 0.062 0.111 0.018 0.025 0.405 0.01 0.025 0.025 0.016 0.086 0.053
86 I 0.045 0.018 0.014 0.017 0.016 0.013 0.018 0.02 0.009 0.266 0.196 0.023 0.038 0.044 0.014 0.024 0.038 0.006 0.02 0.16
87 G 0.076 0.022 0.038 0.033 0.01 0.018 0.025 0.524 0.013 0.018 0.027 0.033 0.009 0.016 0.018 0.05 0.029 0.005 0.01 0.024
88 G 0.076 0.022 0.038 0.033 0.01 0.018 0.025 0.524 0.013 0.018 0.027 0.033 0.009 0.016 0.018 0.05 0.029 0.005 0.01 0.024
89 R 0.045 0.327 0.038 0.032 0.008 0.048 0.053 0.033 0.022 0.023 0.045 0.143 0.015 0.017 0.02 0.045 0.035 0.006 0.017 0.03
90 F 0.033 0.018 0.016 0.016 0.01 0.01 0.018 0.025 0.016 0.062 0.111 0.018 0.025 0.405 0.01 0.025 0.025 0.016 0.086 0.053
91 W 0.032 0.021 0.015 0.015 0.009 0.014 0.021 0.027 0.014 0.072 0.076 0.022 0.019 0.106 0.009 0.023 0.025 0.365 0.062 0.053
92 A 0.209 0.027 0.027 0.028 0.018 0.022 0.033 0.197 0.013 0.052 0.059 0.038 0.017 0.021 0.024 0.066 0.043 0.005 0.016 0.086
93 N 0.05 0.031 0.111 0.045 0.081 0.027 0.071 0.037 0.022 0.086 0.074 0.039 0.019 0.039 0.018 0.045 0.04 0.008 0.062 0.092
94 L 0.046 0.023 0.014 0.015 0.016 0.015 0.02 0.021 0.01 0.115 0.335 0.024 0.044 0.076 0.014 0.025 0.034 0.007 0.026 0.119
95 L 0.044 0.02 0.015 0.016 0.015 0.013 0.019 0.022 0.011 0.156 0.209 0.022 0.035 0.148 0.013 0.025 0.034 0.009 0.039 0.132
96 G 0.068 0.031 0.042 0.095 0.011 0.029 0.08 0.249 0.017 0.032 0.054 0.043 0.036 0.021 0.021 0.076 0.039 0.005 0.014 0.036
97 P 0.049 0.078 0.072 0.035 0.01 0.027 0.037 0.037 0.026 0.033 0.049 0.051 0.014 0.048 0.159 0.05 0.068 0.011 0.107 0.039
98 D 0.046 0.045 0.055 0.268 0.007 0.042 0.151 0.042 0.02 0.022 0.032 0.089 0.011 0.015 0.023 0.052 0.035 0.004 0.013 0.027
99 G 0.095 0.041 0.035 0.07 0.011 0.034 0.1 0.18 0.017 0.037 0.088 0.081 0.017 0.022 0.022 0.052 0.035 0.005 0.015 0.042
100 D 0.042 0.029 0.088 0.199 0.01 0.024 0.056 0.041 0.019 0.037 0.057 0.038 0.015 0.128 0.019 0.051 0.067 0.008 0.034 0.039
101 L 0.051 0.027 0.02 0.029 0.014 0.024 0.065 0.026 0.013 0.117 0.191 0.035 0.053 0.037 0.087 0.034 0.037 0.006 0.019 0.114
102 F 0.035 0.02 0.015 0.016 0.011 0.012 0.019 0.024 0.014 0.071 0.183 0.021 0.03 0.255 0.011 0.024 0.027 0.084 0.065 0.061
103 R 0.059 0.14 0.038 0.041 0.012 0.04 0.085 0.038 0.019 0.041 0.095 0.104 0.02 0.023 0.023 0.078 0.075 0.006 0.018 0.046
104 R 0.041 0.241 0.031 0.026 0.009 0.035 0.041 0.03 0.021 0.036 0.068 0.086 0.019 0.142 0.016 0.038 0.031 0.009 0.041 0.039
105 P 0.059 0.027 0.028 0.037 0.011 0.025 0.07 0.173 0.014 0.035 0.084 0.041 0.016 0.02 0.229 0.044 0.033 0.004 0.014 0.037
106 N 0.054 0.038 0.172 0.109 0.012 0.03 0.05 0.052 0.021 0.035 0.044 0.048 0.014 0.019 0.023 0.075 0.141 0.005 0.015 0.044
107 F 0.045 0.022 0.021 0.021 0.012 0.014 0.023 0.03 0.015 0.085 0.1 0.024 0.023 0.249 0.013 0.055 0.034 0.083 0.064 0.065
108 F 0.033 0.018 0.016 0.016 0.01 0.01 0.018 0.025 0.016 0.062 0.111 0.018 0.025 0.405 0.01 0.025 0.025 0.016 0.086 0.053
109 Y 0.088 0.056 0.073 0.034 0.012 0.027 0.037 0.043 0.031 0.038 0.056 0.045 0.017 0.066 0.021 0.068 0.072 0.015 0.154 0.048
110 E 0.056 0.038 0.085 0.11 0.01 0.037 0.126 0.045 0.021 0.028 0.041 0.052 0.013 0.024 0.022 0.083 0.075 0.077 0.023 0.036
111 Y 0.042 0.031 0.027 0.031 0.009 0.028 0.071 0.027 0.084 0.072 0.072 0.037 0.019 0.085 0.017 0.034 0.03 0.018 0.206 0.058
112 D 0.061 0.034 0.085 0.125 0.012 0.03 0.07 0.046 0.023 0.04 0.09 0.045 0.018 0.038 0.022 0.101 0.048 0.008 0.062 0.042
113 V 0.055 0.02 0.015 0.017 0.017 0.015 0.02 0.022 0.008 0.21 0.18 0.024 0.035 0.041 0.015 0.027 0.042 0.006 0.02 0.211
114 P 0.065 0.038 0.037 0.088 0.012 0.027 0.047 0.11 0.015 0.044 0.048 0.076 0.014 0.018 0.161 0.073 0.043 0.004 0.014 0.067
115 L 0.048 0.033 0.032 0.081 0.012 0.052 0.045 0.031 0.024 0.084 0.118 0.041 0.024 0.057 0.019 0.043 0.067 0.012 0.109 0.069
116 E 0.088 0.037 0.08 0.107 0.012 0.036 0.124 0.045 0.019 0.042 0.092 0.051 0.018 0.023 0.023 0.06 0.072 0.005 0.016 0.049
117 R 0.045 0.138 0.076 0.036 0.01 0.035 0.044 0.035 0.07 0.061 0.125 0.097 0.023 0.028 0.019 0.042 0.035 0.006 0.023 0.052
118 K 0.049 0.106 0.032 0.03 0.008 0.036 0.047 0.106 0.018 0.026 0.043 0.156 0.014 0.028 0.019 0.042 0.032 0.149 0.03 0.03
119 V 0.056 0.096 0.03 0.031 0.012 0.088 0.055 0.032 0.018 0.102 0.085 0.095 0.024 0.025 0.02 0.042 0.041 0.006 0.019 0.126
120 D 0.047 0.087 0.088 0.158 0.008 0.065 0.104 0.042 0.022 0.023 0.035 0.065 0.012 0.015 0.091 0.052 0.037 0.004 0.015 0.028
121 L 0.061 0.028 0.025 0.024 0.016 0.02 0.029 0.033 0.012 0.088 0.293 0.033 0.039 0.044 0.018 0.086 0.046 0.006 0.02 0.078
122 L 0.044 0.024 0.016 0.017 0.015 0.018 0.021 0.023 0.012 0.126 0.262 0.026 0.082 0.1 0.014 0.027 0.034 0.008 0.031 0.098
123 L 0.051 0.08 0.073 0.034 0.013 0.028 0.036 0.036 0.022 0.057 0.122 0.05 0.045 0.044 0.02 0.054 0.102 0.009 0.064 0.06
124 Y 0.041 0.032 0.024 0.022 0.009 0.051 0.036 0.027 0.039 0.043 0.07 0.037 0.019 0.151 0.016 0.033 0.029 0.023 0.256 0.045
125 V 0.055 0.02 0.015 0.017 0.017 0.015 0.02 0.022 0.008 0.21 0.18 0.024 0.035 0.041 0.015 0.027 0.042 0.006 0.02 0.211
126 L 0.045 0.023 0.015 0.016 0.015 0.016 0.02 0.021 0.014 0.144 0.278 0.025 0.04 0.06 0.014 0.025 0.034 0.009 0.066 0.117
127 L 0.108 0.03 0.034 0.032 0.016 0.024 0.035 0.116 0.014 0.056 0.145 0.039 0.025 0.03 0.023 0.108 0.081 0.006 0.017 0.061
128 F 0.035 0.02 0.017 0.017 0.011 0.013 0.02 0.025 0.016 0.067 0.122 0.021 0.048 0.354 0.011 0.026 0.027 0.015 0.077 0.059
129 L 0.053 0.026 0.017 0.018 0.017 0.021 0.024 0.024 0.012 0.119 0.231 0.029 0.102 0.045 0.015 0.031 0.04 0.007 0.022 0.148
130 Y 0.051 0.023 0.021 0.02 0.081 0.017 0.023 0.097 0.026 0.059 0.075 0.027 0.019 0.122 0.015 0.034 0.031 0.016 0.163 0.08
131 L 0.042 0.02 0.015 0.016 0.082 0.013 0.019 0.024 0.012 0.081 0.225 0.021 0.033 0.199 0.013 0.026 0.03 0.011 0.048 0.071
132 S 0.09 0.035 0.042 0.039 0.017 0.029 0.043 0.053 0.017 0.076 0.08 0.046 0.042 0.027 0.025 0.182 0.068 0.006 0.018 0.066
133 T 0.076 0.035 0.083 0.043 0.016 0.028 0.041 0.049 0.017 0.056 0.061 0.045 0.018 0.023 0.025 0.122 0.151 0.005 0.017 0.086
134 L 0.048 0.022 0.02 0.021 0.013 0.016 0.023 0.029 0.013 0.125 0.148 0.026 0.028 0.147 0.014 0.055 0.037 0.08 0.045 0.088
135 G 0.075 0.022 0.035 0.031 0.012 0.018 0.025 0.453 0.012 0.039 0.042 0.032 0.012 0.018 0.018 0.047 0.032 0.005 0.012 0.062
136 Y 0.039 0.028 0.025 0.021 0.009 0.022 0.029 0.026 0.088 0.042 0.069 0.031 0.019 0.153 0.015 0.031 0.027 0.023 0.261 0.043
137 L 0.049 0.022 0.016 0.016 0.084 0.016 0.02 0.023 0.014 0.125 0.229 0.025 0.035 0.055 0.015 0.028 0.035 0.009 0.065 0.12
138 L 0.049 0.024 0.02 0.02 0.014 0.017 0.024 0.028 0.013 0.086 0.262 0.027 0.037 0.149 0.015 0.055 0.037 0.009 0.039 0.074
139 R 0.053 0.122 0.029 0.025 0.08 0.027 0.034 0.033 0.026 0.038 0.063 0.055 0.017 0.105 0.018 0.065 0.037 0.013 0.118 0.043
140 P 0.047 0.087 0.07 0.034 0.011 0.03 0.039 0.035 0.022 0.075 0.082 0.085 0.041 0.04 0.088 0.042 0.037 0.008 0.063 0.061
141 K 0.06 0.099 0.034 0.04 0.08 0.039 0.084 0.038 0.018 0.066 0.062 0.126 0.018 0.021 0.022 0.072 0.043 0.005 0.016 0.056
142 K 0.048 0.159 0.038 0.034 0.008 0.044 0.055 0.036 0.075 0.027 0.046 0.172 0.015 0.034 0.022 0.045 0.034 0.009 0.068 0.032
143 K 0.093 0.053 0.034 0.033 0.013 0.033 0.047 0.043 0.067 0.046 0.062 0.114 0.028 0.022 0.093 0.056 0.071 0.005 0.023 0.063
144 F 0.04 0.022 0.033 0.146 0.011 0.018 0.042 0.03 0.015 0.122 0.102 0.029 0.024 0.151 0.016 0.034 0.033 0.009 0.04 0.084
145 K 0.11 0.071 0.033 0.034 0.013 0.039 0.053 0.046 0.017 0.07 0.064 0.187 0.019 0.021 0.025 0.057 0.057 0.005 0.017 0.062
146 I 0.047 0.018 0.015 0.018 0.016 0.013 0.018 0.021 0.009 0.269 0.168 0.024 0.037 0.044 0.015 0.025 0.04 0.006 0.021 0.177
147 N 0.043 0.045 0.315 0.083 0.009 0.034 0.05 0.065 0.032 0.023 0.032 0.054 0.011 0.018 0.02 0.07 0.05 0.005 0.016 0.027
148 K 0.057 0.107 0.042 0.042 0.009 0.054 0.071 0.043 0.021 0.028 0.043 0.276 0.016 0.016 0.028 0.054 0.04 0.005 0.017 0.033
149 P 0.061 0.032 0.038 0.098 0.011 0.031 0.102 0.108 0.017 0.036 0.085 0.046 0.016 0.021 0.126 0.073 0.04 0.005 0.015 0.039
150 G 0.059 0.045 0.03 0.031 0.092 0.061 0.046 0.116 0.016 0.04 0.068 0.085 0.042 0.021 0.101 0.046 0.036 0.005 0.016 0.044
151 P 0.05 0.027 0.028 0.087 0.012 0.025 0.076 0.03 0.014 0.103 0.119 0.038 0.023 0.027 0.158 0.038 0.036 0.005 0.016 0.087
152 E 0.052 0.034 0.077 0.103 0.011 0.034 0.12 0.036 0.023 0.064 0.064 0.046 0.018 0.037 0.02 0.046 0.04 0.008 0.062 0.105
153 L 0.044 0.022 0.015 0.018 0.014 0.015 0.021 0.023 0.011 0.118 0.269 0.026 0.038 0.096 0.084 0.027 0.033 0.007 0.029 0.09
154 S 0.075 0.041 0.13 0.061 0.013 0.036 0.086 0.057 0.022 0.029 0.04 0.054 0.014 0.019 0.025 0.144 0.091 0.005 0.016 0.039
155 F 0.062 0.026 0.027 0.026 0.014 0.019 0.029 0.035 0.019 0.096 0.094 0.031 0.023 0.151 0.018 0.089 0.046 0.012 0.083 0.099
156 E 0.067 0.051 0.047 0.116 0.01 0.048 0.173 0.045 0.022 0.024 0.037 0.095 0.013 0.017 0.026 0.107 0.048 0.005 0.016 0.033
157 G 0.095 0.079 0.039 0.094 0.012 0.032 0.084 0.114 0.018 0.031 0.049 0.054 0.015 0.073 0.022 0.078 0.041 0.007 0.025 0.038
158 T 0.06 0.04 0.033 0.031 0.015 0.026 0.036 0.035 0.013 0.127 0.093 0.079 0.024 0.028 0.023 0.062 0.152 0.006 0.018 0.097
159 F 0.073 0.029 0.079 0.035 0.014 0.021 0.032 0.041 0.017 0.059 0.079 0.035 0.02 0.149 0.019 0.059 0.113 0.009 0.04 0.075
160 S 0.071 0.04 0.038 0.046 0.013 0.066 0.095 0.043 0.019 0.07 0.06 0.055 0.018 0.021 0.104 0.109 0.052 0.005 0.017 0.058
161 L 0.05 0.034 0.03 0.033 0.013 0.031 0.073 0.03 0.071 0.064 0.14 0.041 0.069 0.049 0.019 0.044 0.067 0.01 0.071 0.063
162 K 0.063 0.106 0.04 0.039 0.011 0.067 0.059 0.042 0.019 0.03 0.045 0.134 0.016 0.017 0.094 0.082 0.076 0.005 0.017 0.038
163 I 0.049 0.02 0.016 0.017 0.015 0.015 0.02 0.022 0.014 0.202 0.174 0.025 0.034 0.055 0.015 0.027 0.038 0.009 0.066 0.168
164 D 0.045 0.082 0.096 0.204 0.009 0.033 0.065 0.044 0.071 0.026 0.037 0.055 0.012 0.019 0.021 0.056 0.068 0.005 0.02 0.031
165 L 0.048 0.073 0.051 0.082 0.012 0.023 0.036 0.101 0.015 0.105 0.164 0.043 0.027 0.032 0.017 0.037 0.035 0.006 0.017 0.076
166 V 0.049 0.02 0.015 0.017 0.015 0.014 0.02 0.023 0.01 0.174 0.127 0.023 0.029 0.094 0.013 0.027 0.038 0.079 0.036 0.177
167 L 0.061 0.028 0.025 0.024 0.016 0.02 0.029 0.033 0.012 0.088 0.293 0.033 0.039 0.044 0.018 0.086 0.046 0.006 0.02 0.078
168 R 0.072 0.139 0.041 0.037 0.013 0.037 0.049 0.046 0.019 0.039 0.093 0.102 0.02 0.023 0.024 0.127 0.054 0.005 0.018 0.044
169 L 0.073 0.03 0.069 0.032 0.014 0.022 0.031 0.073 0.02 0.066 0.194 0.035 0.029 0.049 0.018 0.068 0.042 0.009 0.064 0.063
170 C 0.09 0.02 0.017 0.018 0.154 0.015 0.021 0.033 0.01 0.108 0.14 0.025 0.027 0.085 0.016 0.038 0.038 0.007 0.027 0.112
171 F 0.037 0.023 0.018 0.017 0.011 0.016 0.022 0.025 0.025 0.061 0.11 0.024 0.046 0.274 0.012 0.028 0.027 0.018 0.149 0.056
172 P 0.052 0.022 0.019 0.021 0.082 0.016 0.025 0.028 0.016 0.067 0.079 0.028 0.02 0.119 0.155 0.034 0.035 0.01 0.076 0.097
173 I 0.042 0.018 0.015 0.017 0.014 0.013 0.018 0.021 0.011 0.201 0.181 0.022 0.034 0.148 0.013 0.024 0.034 0.009 0.039 0.127
174 L 0.039 0.02 0.015 0.016 0.013 0.013 0.019 0.022 0.012 0.116 0.24 0.022 0.036 0.202 0.012 0.024 0.03 0.011 0.049 0.087
175 A 0.241 0.027 0.022 0.025 0.089 0.022 0.034 0.062 0.013 0.059 0.068 0.037 0.019 0.023 0.025 0.069 0.047 0.005 0.017 0.097
176 I 0.056 0.021 0.02 0.023 0.014 0.016 0.024 0.097 0.01 0.158 0.102 0.03 0.024 0.029 0.156 0.034 0.038 0.005 0.017 0.127
177 L 0.044 0.024 0.021 0.019 0.082 0.018 0.024 0.026 0.067 0.098 0.175 0.026 0.029 0.104 0.015 0.03 0.031 0.011 0.079 0.076
178 V 0.062 0.025 0.023 0.022 0.017 0.019 0.026 0.028 0.01 0.141 0.152 0.03 0.031 0.035 0.019 0.046 0.107 0.006 0.019 0.182
179 L 0.043 0.024 0.014 0.015 0.016 0.016 0.02 0.021 0.01 0.112 0.394 0.025 0.048 0.053 0.014 0.024 0.032 0.007 0.022 0.093
180 Y 0.042 0.035 0.021 0.02 0.011 0.023 0.03 0.026 0.027 0.084 0.121 0.066 0.024 0.079 0.015 0.03 0.03 0.087 0.163 0.066
181 D 0.085 0.032 0.042 0.139 0.012 0.028 0.052 0.042 0.071 0.043 0.067 0.041 0.039 0.039 0.021 0.054 0.068 0.009 0.068 0.049
182 V 0.102 0.025 0.026 0.026 0.016 0.02 0.029 0.108 0.017 0.106 0.087 0.033 0.022 0.042 0.02 0.07 0.046 0.008 0.063 0.133
183 F 0.052 0.025 0.022 0.021 0.013 0.018 0.026 0.03 0.023 0.073 0.131 0.029 0.026 0.167 0.016 0.058 0.038 0.015 0.129 0.089
184 N 0.091 0.037 0.124 0.108 0.012 0.033 0.087 0.052 0.021 0.039 0.088 0.049 0.018 0.023 0.022 0.084 0.047 0.005 0.016 0.044
185 S 0.078 0.103 0.045 0.041 0.013 0.039 0.054 0.05 0.019 0.031 0.045 0.131 0.016 0.019 0.027 0.138 0.088 0.005 0.017 0.041
186 L 0.083 0.023 0.016 0.017 0.016 0.016 0.023 0.03 0.011 0.102 0.267 0.026 0.038 0.096 0.016 0.033 0.036 0.008 0.03 0.112
187 I 0.057 0.078 0.029 0.027 0.013 0.04 0.037 0.032 0.045 0.123 0.092 0.048 0.024 0.044 0.018 0.063 0.043 0.009 0.067 0.111
188 T 0.066 0.044 0.036 0.041 0.014 0.034 0.08 0.039 0.021 0.055 0.063 0.081 0.019 0.037 0.024 0.084 0.109 0.008 0.063 0.082
189 A 0.247 0.03 0.028 0.03 0.02 0.025 0.039 0.067 0.014 0.057 0.065 0.042 0.019 0.023 0.027 0.098 0.053 0.005 0.017 0.095
190 L 0.062 0.027 0.025 0.025 0.016 0.02 0.029 0.034 0.013 0.084 0.233 0.032 0.034 0.093 0.018 0.087 0.046 0.008 0.029 0.087
191 S 0.087 0.034 0.04 0.037 0.017 0.027 0.041 0.051 0.016 0.058 0.155 0.044 0.027 0.032 0.024 0.16 0.065 0.006 0.019 0.059
192 G 0.069 0.038 0.084 0.051 0.01 0.06 0.084 0.254 0.02 0.022 0.034 0.052 0.012 0.016 0.022 0.081 0.041 0.005 0.014 0.029
193 G 0.097 0.03 0.076 0.044 0.012 0.027 0.071 0.252 0.017 0.036 0.086 0.042 0.017 0.022 0.02 0.054 0.036 0.005 0.014 0.041
194 G 0.076 0.022 0.038 0.033 0.01 0.018 0.025 0.524 0.013 0.018 0.027 0.033 0.009 0.016 0.018 0.05 0.029 0.005 0.01 0.024
195 Y 0.039 0.027 0.021 0.018 0.009 0.021 0.027 0.024 0.045 0.042 0.067 0.03 0.018 0.127 0.015 0.03 0.027 0.027 0.338 0.045
196 L 0.085 0.026 0.019 0.02 0.017 0.019 0.025 0.032 0.011 0.093 0.298 0.03 0.04 0.044 0.018 0.041 0.068 0.006 0.02 0.086
197 S 0.096 0.034 0.042 0.039 0.017 0.028 0.043 0.053 0.016 0.066 0.065 0.045 0.02 0.024 0.025 0.182 0.071 0.005 0.018 0.112
198 L 0.047 0.023 0.014 0.015 0.016 0.016 0.02 0.021 0.01 0.119 0.356 0.025 0.046 0.05 0.014 0.025 0.035 0.007 0.021 0.122
199 Y 0.04 0.029 0.023 0.028 0.009 0.026 0.067 0.026 0.038 0.042 0.068 0.035 0.018 0.151 0.016 0.033 0.028 0.023 0.256 0.044
200 L 0.047 0.035 0.024 0.031 0.013 0.056 0.075 0.027 0.02 0.1 0.184 0.043 0.053 0.05 0.017 0.035 0.035 0.009 0.066 0.08
201 G 0.094 0.031 0.046 0.041 0.014 0.026 0.039 0.289 0.016 0.024 0.035 0.044 0.013 0.019 0.024 0.137 0.056 0.005 0.014 0.033
202 D 0.089 0.048 0.042 0.15 0.011 0.064 0.104 0.044 0.019 0.046 0.052 0.088 0.016 0.019 0.023 0.054 0.04 0.005 0.016 0.072
203 Q 0.055 0.062 0.085 0.049 0.01 0.178 0.084 0.044 0.027 0.029 0.046 0.077 0.019 0.016 0.023 0.061 0.074 0.006 0.019 0.038
204 D 0.058 0.036 0.045 0.143 0.013 0.056 0.059 0.04 0.016 0.064 0.062 0.047 0.018 0.022 0.023 0.065 0.137 0.005 0.016 0.074
205 G 0.104 0.037 0.039 0.058 0.011 0.04 0.156 0.184 0.019 0.025 0.037 0.054 0.013 0.017 0.024 0.084 0.042 0.005 0.015 0.035
206 E 0.052 0.069 0.037 0.057 0.008 0.052 0.169 0.036 0.026 0.027 0.043 0.164 0.014 0.031 0.024 0.05 0.036 0.008 0.062 0.033
207 Y 0.05 0.039 0.027 0.024 0.011 0.026 0.035 0.029 0.078 0.071 0.076 0.069 0.021 0.071 0.018 0.035 0.035 0.015 0.161 0.11
208 G 0.078 0.023 0.039 0.034 0.011 0.019 0.026 0.51 0.014 0.019 0.028 0.034 0.009 0.016 0.019 0.051 0.03 0.005 0.011 0.024
209 V 0.07 0.022 0.016 0.018 0.019 0.016 0.023 0.025 0.008 0.165 0.13 0.026 0.032 0.036 0.016 0.033 0.049 0.006 0.021 0.269
210 S 0.155 0.035 0.04 0.038 0.017 0.029 0.044 0.062 0.021 0.035 0.049 0.047 0.016 0.036 0.027 0.167 0.063 0.008 0.063 0.049
211 A 0.139 0.03 0.032 0.032 0.017 0.024 0.037 0.051 0.014 0.076 0.069 0.041 0.019 0.023 0.095 0.094 0.112 0.005 0.017 0.073
212 G 0.069 0.022 0.032 0.028 0.012 0.017 0.024 0.381 0.013 0.045 0.054 0.03 0.014 0.074 0.017 0.044 0.031 0.007 0.023 0.066
213 S 0.113 0.037 0.087 0.046 0.014 0.03 0.045 0.128 0.07 0.027 0.039 0.047 0.014 0.021 0.025 0.138 0.056 0.005 0.021 0.037
214 G 0.07 0.051 0.083 0.044 0.011 0.032 0.044 0.255 0.018 0.023 0.034 0.114 0.012 0.016 0.022 0.081 0.042 0.005 0.014 0.029
215 F 0.037 0.021 0.015 0.016 0.013 0.013 0.019 0.023 0.014 0.083 0.232 0.021 0.035 0.254 0.012 0.024 0.028 0.012 0.059 0.071
216 I 0.123 0.024 0.019 0.021 0.017 0.018 0.026 0.038 0.012 0.141 0.124 0.03 0.049 0.088 0.018 0.044 0.041 0.007 0.029 0.13
217 D 0.121 0.031 0.08 0.145 0.013 0.027 0.052 0.053 0.018 0.039 0.061 0.043 0.037 0.021 0.092 0.059 0.041 0.005 0.015 0.047
218 V 0.108 0.03 0.032 0.031 0.017 0.025 0.035 0.045 0.014 0.1 0.098 0.039 0.045 0.03 0.023 0.107 0.086 0.006 0.019 0.11
219 L 0.043 0.023 0.015 0.016 0.015 0.016 0.02 0.022 0.011 0.128 0.291 0.025 0.063 0.101 0.014 0.025 0.033 0.008 0.031 0.098
220 L 0.044 0.027 0.061 0.025 0.015 0.019 0.024 0.028 0.013 0.123 0.28 0.03 0.061 0.046 0.015 0.032 0.036 0.006 0.021 0.094
221 Y 0.056 0.029 0.027 0.025 0.013 0.023 0.031 0.032 0.027 0.085 0.094 0.035 0.044 0.073 0.019 0.069 0.072 0.015 0.156 0.072
222 V 0.053 0.02 0.015 0.017 0.016 0.014 0.02 0.022 0.01 0.177 0.173 0.024 0.034 0.093 0.014 0.028 0.04 0.007 0.03 0.194
223 F 0.051 0.023 0.024 0.023 0.012 0.015 0.024 0.101 0.015 0.058 0.129 0.026 0.024 0.244 0.015 0.059 0.034 0.012 0.056 0.053
224 L 0.044 0.022 0.015 0.016 0.015 0.014 0.02 0.022 0.011 0.104 0.275 0.023 0.039 0.151 0.013 0.025 0.032 0.009 0.04 0.11
225 G 0.114 0.026 0.038 0.034 0.013 0.021 0.031 0.395 0.014 0.023 0.034 0.037 0.011 0.017 0.021 0.082 0.039 0.005 0.012 0.032
226 L 0.046 0.021 0.015 0.017 0.016 0.016 0.019 0.021 0.01 0.213 0.233 0.025 0.061 0.046 0.014 0.026 0.037 0.006 0.021 0.138
227 A 0.213 0.031 0.03 0.031 0.02 0.025 0.038 0.062 0.014 0.058 0.066 0.042 0.019 0.023 0.027 0.099 0.084 0.005 0.017 0.095
228 L 0.044 0.025 0.017 0.017 0.014 0.019 0.022 0.024 0.017 0.116 0.216 0.027 0.078 0.111 0.014 0.028 0.033 0.011 0.076 0.091
229 V 0.105 0.023 0.024 0.023 0.017 0.018 0.026 0.174 0.01 0.103 0.088 0.03 0.023 0.027 0.019 0.044 0.043 0.005 0.017 0.182
230 Y 0.038 0.026 0.02 0.018 0.009 0.02 0.026 0.024 0.041 0.045 0.073 0.029 0.019 0.167 0.014 0.029 0.027 0.026 0.302 0.046
231 G 0.105 0.026 0.079 0.039 0.012 0.021 0.03 0.394 0.016 0.022 0.032 0.037 0.01 0.017 0.02 0.057 0.034 0.005 0.012 0.03
232 K 0.047 0.062 0.086 0.149 0.009 0.037 0.064 0.043 0.02 0.037 0.086 0.152 0.017 0.021 0.022 0.05 0.038 0.005 0.016 0.037
233 K 0.059 0.103 0.123 0.048 0.011 0.038 0.051 0.047 0.022 0.044 0.051 0.128 0.016 0.02 0.022 0.08 0.048 0.005 0.017 0.068
234 S 0.076 0.092 0.043 0.038 0.013 0.035 0.048 0.048 0.022 0.033 0.048 0.093 0.016 0.035 0.025 0.135 0.087 0.008 0.063 0.043
235 L 0.057 0.033 0.081 0.037 0.015 0.024 0.034 0.039 0.015 0.067 0.167 0.039 0.028 0.032 0.021 0.064 0.151 0.006 0.018 0.07
236 K 0.052 0.133 0.082 0.045 0.008 0.048 0.063 0.044 0.022 0.025 0.041 0.238 0.014 0.016 0.025 0.053 0.039 0.005 0.017 0.031
237 K 0.049 0.153 0.032 0.031 0.01 0.039 0.049 0.033 0.018 0.101 0.077 0.168 0.021 0.024 0.021 0.042 0.037 0.005 0.018 0.071
238 K 0.048 0.061 0.072 0.036 0.011 0.034 0.046 0.036 0.022 0.053 0.144 0.147 0.024 0.042 0.02 0.043 0.037 0.009 0.064 0.051
239 Y 0.038 0.026 0.02 0.018 0.009 0.02 0.026 0.024 0.041 0.045 0.073 0.029 0.019 0.167 0.014 0.029 0.027 0.026 0.302 0.046
240 L 0.042 0.023 0.014 0.015 0.015 0.015 0.019 0.021 0.011 0.105 0.353 0.024 0.045 0.103 0.013 0.024 0.031 0.008 0.031 0.088
241 F 0.051 0.021 0.02 0.019 0.014 0.015 0.021 0.096 0.013 0.115 0.121 0.025 0.048 0.167 0.014 0.031 0.034 0.01 0.043 0.122
242 L 0.043 0.024 0.014 0.015 0.016 0.016 0.02 0.021 0.01 0.112 0.394 0.025 0.048 0.053 0.014 0.024 0.032 0.007 0.022 0.093
243 F 0.043 0.024 0.021 0.02 0.012 0.017 0.024 0.026 0.022 0.095 0.139 0.027 0.027 0.169 0.015 0.035 0.063 0.015 0.13 0.076
244 F 0.078 0.02 0.017 0.018 0.014 0.014 0.021 0.03 0.013 0.132 0.159 0.024 0.03 0.196 0.015 0.033 0.033 0.01 0.048 0.095
245 V 0.056 0.021 0.016 0.018 0.017 0.016 0.021 0.023 0.009 0.208 0.151 0.026 0.055 0.04 0.015 0.029 0.043 0.006 0.02 0.211
246 K 0.047 0.053 0.073 0.043 0.009 0.036 0.082 0.036 0.028 0.068 0.064 0.115 0.018 0.052 0.02 0.044 0.036 0.011 0.109 0.055
247 A 0.19 0.033 0.039 0.037 0.018 0.027 0.042 0.135 0.016 0.033 0.046 0.046 0.015 0.02 0.027 0.146 0.059 0.005 0.016 0.049
248 L 0.044 0.021 0.015 0.016 0.015 0.014 0.019 0.022 0.011 0.13 0.242 0.023 0.037 0.149 0.013 0.025 0.033 0.009 0.04 0.121
249 V 0.055 0.023 0.02 0.019 0.016 0.016 0.023 0.026 0.011 0.109 0.151 0.026 0.03 0.141 0.016 0.037 0.071 0.009 0.039 0.163
250 F 0.046 0.03 0.073 0.093 0.011 0.027 0.077 0.035 0.019 0.064 0.09 0.038 0.042 0.134 0.017 0.041 0.036 0.008 0.037 0.081
251 L 0.048 0.02 0.014 0.017 0.016 0.014 0.019 0.021 0.009 0.222 0.224 0.024 0.039 0.045 0.014 0.025 0.038 0.006 0.02 0.166
252 L 0.049 0.022 0.015 0.016 0.016 0.015 0.02 0.022 0.01 0.118 0.277 0.024 0.04 0.098 0.014 0.026 0.036 0.008 0.03 0.144
253 I 0.055 0.022 0.02 0.022 0.016 0.018 0.023 0.027 0.011 0.227 0.15 0.029 0.054 0.04 0.017 0.057 0.045 0.006 0.02 0.141
254 G 0.076 0.022 0.038 0.033 0.01 0.018 0.025 0.524 0.013 0.018 0.027 0.033 0.009 0.016 0.018 0.05 0.029 0.005 0.01 0.024
255 S 0.111 0.046 0.043 0.041 0.015 0.088 0.06 0.053 0.019 0.036 0.051 0.059 0.018 0.019 0.027 0.122 0.118 0.005 0.018 0.051
256 R 0.043 0.364 0.038 0.03 0.008 0.047 0.051 0.032 0.023 0.023 0.045 0.117 0.015 0.017 0.019 0.043 0.034 0.006 0.017 0.03
257 A 0.209 0.028 0.031 0.031 0.017 0.023 0.035 0.199 0.014 0.037 0.05 0.04 0.015 0.02 0.026 0.074 0.074 0.005 0.015 0.055
258 A 0.143 0.06 0.04 0.04 0.014 0.065 0.06 0.058 0.019 0.032 0.047 0.125 0.016 0.018 0.027 0.115 0.053 0.005 0.017 0.045
259 F 0.037 0.021 0.016 0.017 0.012 0.013 0.02 0.024 0.015 0.074 0.163 0.022 0.051 0.303 0.012 0.026 0.028 0.014 0.068 0.064
260 G 0.11 0.023 0.036 0.032 0.012 0.019 0.027 0.46 0.013 0.022 0.032 0.034 0.01 0.016 0.02 0.054 0.032 0.005 0.011 0.03
261 A 0.189 0.033 0.035 0.035 0.019 0.027 0.042 0.064 0.015 0.053 0.06 0.045 0.018 0.023 0.027 0.144 0.062 0.005 0.017 0.088
262 L 0.05 0.025 0.02 0.02 0.016 0.02 0.024 0.025 0.012 0.151 0.223 0.03 0.08 0.044 0.016 0.037 0.07 0.007 0.021 0.111
263 L 0.042 0.023 0.014 0.015 0.015 0.015 0.019 0.021 0.011 0.105 0.353 0.024 0.045 0.103 0.013 0.024 0.031 0.008 0.031 0.088
264 L 0.044 0.023 0.014 0.015 0.016 0.015 0.019 0.021 0.01 0.138 0.361 0.024 0.046 0.052 0.014 0.024 0.033 0.007 0.021 0.105
265 F 0.036 0.02 0.016 0.016 0.012 0.012 0.019 0.024 0.015 0.076 0.192 0.02 0.031 0.304 0.011 0.024 0.027 0.014 0.068 0.065
266 L 0.044 0.022 0.018 0.018 0.013 0.015 0.021 0.094 0.012 0.08 0.252 0.024 0.034 0.099 0.013 0.027 0.029 0.079 0.036 0.069
267 L 0.047 0.021 0.014 0.016 0.016 0.015 0.019 0.021 0.009 0.17 0.29 0.024 0.042 0.048 0.014 0.025 0.036 0.006 0.021 0.144
268 W 0.031 0.022 0.015 0.015 0.009 0.015 0.022 0.028 0.014 0.041 0.1 0.022 0.02 0.058 0.008 0.022 0.024 0.436 0.06 0.039
269 I 0.048 0.023 0.017 0.018 0.014 0.018 0.022 0.023 0.02 0.174 0.134 0.027 0.051 0.066 0.015 0.029 0.037 0.012 0.111 0.141
270 Y 0.039 0.028 0.024 0.02 0.01 0.021 0.028 0.026 0.083 0.052 0.115 0.03 0.023 0.142 0.015 0.03 0.027 0.02 0.216 0.05
271 S 0.116 0.033 0.038 0.036 0.016 0.026 0.04 0.054 0.016 0.047 0.104 0.042 0.022 0.08 0.024 0.157 0.061 0.007 0.028 0.054
272 R 0.049 0.147 0.034 0.032 0.01 0.095 0.06 0.033 0.021 0.048 0.115 0.11 0.045 0.025 0.02 0.044 0.037 0.006 0.019 0.049
273 N 0.054 0.042 0.166 0.069 0.01 0.04 0.122 0.049 0.029 0.026 0.039 0.055 0.013 0.033 0.022 0.083 0.046 0.008 0.062 0.032
274 H 0.045 0.105 0.042 0.034 0.008 0.04 0.053 0.036 0.176 0.026 0.044 0.126 0.015 0.038 0.02 0.043 0.031 0.009 0.079 0.029
275 K 0.05 0.124 0.125 0.05 0.008 0.046 0.06 0.047 0.023 0.025 0.039 0.203 0.014 0.016 0.024 0.055 0.041 0.005 0.016 0.03
276 V 0.062 0.02 0.016 0.017 0.018 0.015 0.021 0.023 0.008 0.198 0.137 0.025 0.032 0.037 0.016 0.03 0.045 0.005 0.02 0.256
277 N 0.055 0.087 0.211 0.062 0.011 0.034 0.047 0.056 0.025 0.027 0.039 0.06 0.013 0.019 0.022 0.092 0.082 0.005 0.016 0.035
278 L 0.047 0.021 0.018 0.018 0.014 0.015 0.02 0.093 0.011 0.143 0.235 0.024 0.036 0.095 0.014 0.028 0.033 0.008 0.029 0.1
279 L 0.053 0.046 0.026 0.026 0.013 0.027 0.036 0.031 0.014 0.104 0.134 0.105 0.027 0.084 0.019 0.043 0.07 0.007 0.028 0.106
280 K 0.052 0.178 0.04 0.037 0.008 0.051 0.064 0.039 0.021 0.026 0.043 0.247 0.015 0.016 0.025 0.049 0.037 0.005 0.017 0.031
281 L 0.044 0.02 0.014 0.016 0.016 0.014 0.018 0.02 0.009 0.202 0.278 0.024 0.042 0.048 0.014 0.024 0.036 0.006 0.021 0.132
282 G 0.09 0.022 0.023 0.022 0.014 0.017 0.023 0.173 0.012 0.094 0.168 0.028 0.027 0.087 0.017 0.04 0.033 0.007 0.027 0.075
283 L 0.051 0.021 0.015 0.016 0.017 0.015 0.02 0.021 0.009 0.177 0.251 0.024 0.04 0.045 0.015 0.026 0.039 0.006 0.021 0.172
284 F 0.053 0.025 0.026 0.023 0.012 0.018 0.027 0.101 0.024 0.052 0.117 0.03 0.023 0.165 0.016 0.061 0.035 0.015 0.128 0.051
285 L 0.098 0.024 0.025 0.025 0.085 0.019 0.027 0.108 0.012 0.093 0.163 0.031 0.027 0.032 0.019 0.069 0.042 0.006 0.017 0.078
286 G 0.059 0.02 0.028 0.026 0.011 0.015 0.022 0.31 0.013 0.07 0.071 0.027 0.017 0.131 0.015 0.039 0.029 0.009 0.033 0.053
287 G 0.103 0.024 0.028 0.027 0.084 0.019 0.028 0.18 0.012 0.079 0.11 0.033 0.021 0.027 0.02 0.073 0.042 0.005 0.015 0.068
288 A 0.184 0.029 0.033 0.033 0.087 0.024 0.037 0.13 0.014 0.035 0.049 0.041 0.015 0.02 0.025 0.117 0.053 0.005 0.015 0.052
289 L 0.049 0.025 0.016 0.017 0.016 0.019 0.022 0.023 0.011 0.14 0.265 0.027 0.083 0.047 0.015 0.028 0.037 0.007 0.022 0.132
290 V 0.054 0.021 0.02 0.02 0.084 0.015 0.022 0.027 0.011 0.119 0.109 0.025 0.026 0.138 0.016 0.038 0.07 0.008 0.037 0.14
291 L 0.144 0.024 0.019 0.021 0.018 0.019 0.027 0.041 0.011 0.144 0.155 0.032 0.041 0.036 0.02 0.047 0.043 0.006 0.019 0.134
292 L 0.043 0.024 0.014 0.015 0.016 0.016 0.02 0.021 0.01 0.112 0.394 0.025 0.048 0.053 0.014 0.024 0.032 0.007 0.022 0.093
293 L 0.049 0.025 0.019 0.019 0.016 0.019 0.023 0.025 0.011 0.127 0.285 0.029 0.062 0.046 0.016 0.035 0.068 0.007 0.021 0.101
294 L 0.047 0.022 0.016 0.017 0.014 0.015 0.021 0.024 0.016 0.122 0.148 0.024 0.029 0.108 0.013 0.027 0.034 0.082 0.082 0.139
295 L 0.051 0.02 0.015 0.017 0.017 0.015 0.019 0.021 0.009 0.203 0.218 0.024 0.038 0.043 0.015 0.026 0.04 0.006 0.02 0.183
296 F 0.112 0.022 0.019 0.02 0.013 0.014 0.024 0.039 0.016 0.056 0.096 0.026 0.022 0.295 0.016 0.041 0.031 0.013 0.066 0.057
297 S 0.107 0.039 0.053 0.047 0.017 0.032 0.051 0.064 0.019 0.029 0.041 0.053 0.015 0.02 0.029 0.243 0.08 0.005 0.017 0.041
298 L 0.038 0.022 0.016 0.016 0.012 0.014 0.02 0.023 0.018 0.08 0.226 0.023 0.034 0.214 0.012 0.025 0.028 0.014 0.094 0.069
299 S 0.107 0.039 0.053 0.047 0.017 0.032 0.051 0.064 0.019 0.029 0.041 0.053 0.015 0.02 0.029 0.243 0.08 0.005 0.017 0.041
300 I 0.121 0.021 0.017 0.02 0.017 0.017 0.024 0.036 0.01 0.208 0.149 0.029 0.031 0.037 0.018 0.041 0.041 0.006 0.019 0.136
301 R 0.043 0.364 0.038 0.03 0.008 0.047 0.051 0.032 0.023 0.023 0.045 0.117 0.015 0.017 0.019 0.043 0.034 0.006 0.017 0.03
302 A 0.133 0.042 0.033 0.041 0.014 0.089 0.092 0.116 0.019 0.048 0.057 0.056 0.018 0.02 0.023 0.058 0.041 0.005 0.017 0.078
303 L 0.094 0.034 0.032 0.037 0.014 0.032 0.076 0.041 0.067 0.086 0.102 0.044 0.066 0.032 0.021 0.073 0.044 0.006 0.025 0.073
304 G 0.078 0.036 0.042 0.111 0.01 0.04 0.161 0.179 0.019 0.024 0.036 0.053 0.012 0.017 0.023 0.057 0.051 0.005 0.014 0.033
305 L 0.122 0.025 0.028 0.079 0.014 0.02 0.036 0.113 0.014 0.059 0.153 0.033 0.025 0.083 0.019 0.048 0.036 0.007 0.026 0.06
306 G 0.058 0.03 0.049 0.181 0.009 0.032 0.11 0.248 0.017 0.02 0.029 0.045 0.01 0.015 0.021 0.051 0.032 0.005 0.012 0.025
307 L 0.057 0.028 0.039 0.153 0.014 0.023 0.049 0.037 0.014 0.076 0.167 0.036 0.027 0.032 0.019 0.07 0.044 0.005 0.017 0.094
308 L 0.063 0.033 0.029 0.027 0.015 0.028 0.034 0.037 0.024 0.068 0.125 0.039 0.092 0.062 0.019 0.082 0.047 0.012 0.097 0.068
309 R 0.077 0.195 0.046 0.04 0.013 0.04 0.052 0.049 0.021 0.026 0.044 0.087 0.015 0.019 0.024 0.135 0.058 0.005 0.017 0.036
310 L 0.042 0.026 0.018 0.017 0.013 0.019 0.024 0.023 0.028 0.079 0.224 0.028 0.034 0.092 0.015 0.028 0.03 0.017 0.173 0.071
311 G 0.067 0.047 0.038 0.043 0.011 0.062 0.086 0.178 0.018 0.049 0.071 0.086 0.018 0.021 0.022 0.075 0.041 0.005 0.016 0.045
312 F 0.035 0.021 0.018 0.017 0.01 0.013 0.021 0.025 0.025 0.056 0.098 0.022 0.023 0.325 0.012 0.026 0.025 0.019 0.158 0.051
313 S 0.117 0.034 0.047 0.102 0.016 0.029 0.051 0.056 0.016 0.038 0.049 0.047 0.016 0.02 0.027 0.132 0.129 0.005 0.016 0.052
314 D 0.06 0.035 0.112 0.197 0.012 0.03 0.064 0.053 0.02 0.029 0.038 0.048 0.013 0.018 0.024 0.099 0.092 0.005 0.014 0.037
315 L 0.053 0.024 0.021 0.023 0.014 0.018 0.027 0.029 0.012 0.078 0.165 0.031 0.027 0.085 0.157 0.04 0.068 0.007 0.027 0.094
316 F 0.041 0.023 0.019 0.019 0.012 0.015 0.022 0.027 0.014 0.07 0.176 0.024 0.029 0.2 0.013 0.033 0.061 0.082 0.055 0.064
317 D 0.048 0.035 0.056 0.267 0.009 0.038 0.147 0.042 0.019 0.026 0.035 0.052 0.011 0.016 0.023 0.057 0.068 0.004 0.013 0.032
318 L 0.094 0.025 0.023 0.023 0.016 0.019 0.026 0.104 0.011 0.113 0.175 0.031 0.03 0.035 0.019 0.047 0.071 0.006 0.018 0.115
319 L 0.048 0.023 0.015 0.016 0.016 0.017 0.021 0.022 0.01 0.143 0.294 0.026 0.063 0.048 0.014 0.027 0.036 0.007 0.021 0.132
