#Seq2Logo.py -f /work3/idamei/ssn-clusterings/clustering/2205111339/clusters/0020_243/sequences.afa -o /work3/idamei/ssn-clusterings/clustering/2205111339/clusters/0020_243/sequences.logo
#Position Specific Frequency Matrix
A R N D C Q E G H I L K M F P S T W Y V
0 M 0.048 0.03 0.019 0.019 0.015 0.026 0.026 0.026 0.015 0.093 0.182 0.033 0.223 0.045 0.015 0.033 0.037 0.007 0.022 0.086
1 L 0.045 0.062 0.105 0.036 0.011 0.026 0.037 0.037 0.018 0.065 0.106 0.09 0.021 0.098 0.017 0.054 0.038 0.038 0.031 0.065
2 L 0.045 0.085 0.049 0.027 0.011 0.024 0.032 0.031 0.019 0.075 0.152 0.063 0.026 0.128 0.016 0.051 0.035 0.01 0.059 0.061
3 L 0.058 0.083 0.08 0.036 0.012 0.026 0.035 0.078 0.017 0.066 0.126 0.048 0.022 0.073 0.018 0.09 0.044 0.007 0.025 0.056
4 F 0.04 0.029 0.035 0.132 0.009 0.029 0.108 0.033 0.019 0.042 0.072 0.039 0.018 0.205 0.017 0.039 0.03 0.011 0.051 0.041
5 E 0.05 0.05 0.035 0.052 0.008 0.102 0.144 0.033 0.034 0.031 0.05 0.065 0.017 0.054 0.021 0.047 0.035 0.013 0.12 0.037
6 L 0.052 0.03 0.117 0.038 0.015 0.022 0.031 0.037 0.016 0.1 0.18 0.035 0.031 0.036 0.017 0.042 0.044 0.006 0.019 0.132
7 L 0.045 0.024 0.014 0.015 0.016 0.016 0.02 0.021 0.01 0.115 0.375 0.025 0.05 0.055 0.014 0.024 0.033 0.007 0.022 0.096
8 D 0.041 0.03 0.069 0.397 0.008 0.03 0.091 0.047 0.019 0.022 0.028 0.045 0.009 0.015 0.022 0.052 0.035 0.004 0.011 0.024
9 F 0.058 0.034 0.066 0.079 0.012 0.048 0.073 0.04 0.019 0.073 0.072 0.044 0.02 0.1 0.02 0.083 0.045 0.007 0.031 0.077
10 G 0.067 0.052 0.041 0.078 0.011 0.032 0.049 0.204 0.016 0.038 0.045 0.125 0.014 0.018 0.022 0.07 0.04 0.005 0.014 0.058
11 K 0.051 0.14 0.036 0.046 0.009 0.049 0.115 0.035 0.02 0.054 0.054 0.179 0.017 0.019 0.023 0.047 0.037 0.005 0.017 0.046
12 V 0.07 0.022 0.017 0.018 0.019 0.017 0.023 0.025 0.008 0.165 0.131 0.026 0.032 0.036 0.017 0.033 0.05 0.006 0.021 0.267
13 L 0.045 0.019 0.015 0.016 0.015 0.013 0.019 0.022 0.01 0.187 0.199 0.022 0.035 0.125 0.013 0.025 0.035 0.008 0.035 0.141
14 L 0.052 0.028 0.064 0.071 0.061 0.022 0.036 0.085 0.051 0.07 0.098 0.034 0.02 0.065 0.018 0.05 0.082 0.006 0.026 0.06
15 Y 0.041 0.028 0.022 0.019 0.009 0.022 0.028 0.025 0.047 0.044 0.069 0.031 0.019 0.131 0.016 0.031 0.028 0.028 0.316 0.047
16 T 0.073 0.036 0.044 0.038 0.018 0.028 0.039 0.044 0.014 0.053 0.065 0.046 0.02 0.024 0.028 0.093 0.245 0.006 0.018 0.071
17 D 0.041 0.03 0.069 0.396 0.008 0.03 0.092 0.047 0.019 0.022 0.028 0.045 0.009 0.015 0.022 0.052 0.035 0.004 0.011 0.024
18 T 0.073 0.036 0.044 0.038 0.018 0.028 0.039 0.044 0.014 0.053 0.065 0.046 0.02 0.024 0.028 0.093 0.245 0.006 0.018 0.071
19 Q 0.056 0.074 0.044 0.047 0.009 0.213 0.103 0.041 0.029 0.027 0.047 0.091 0.021 0.015 0.024 0.056 0.041 0.006 0.021 0.035
20 G 0.072 0.044 0.048 0.112 0.011 0.03 0.053 0.237 0.017 0.023 0.034 0.09 0.012 0.017 0.023 0.087 0.043 0.005 0.013 0.029
21 R 0.054 0.139 0.096 0.057 0.009 0.045 0.126 0.042 0.023 0.025 0.04 0.097 0.014 0.017 0.023 0.074 0.063 0.005 0.016 0.033
22 K 0.063 0.064 0.063 0.047 0.012 0.038 0.093 0.042 0.018 0.047 0.08 0.106 0.019 0.022 0.023 0.089 0.086 0.005 0.017 0.066
23 S 0.11 0.04 0.054 0.049 0.018 0.033 0.052 0.066 0.019 0.03 0.042 0.054 0.016 0.021 0.03 0.22 0.082 0.005 0.018 0.042
24 L 0.077 0.059 0.034 0.089 0.014 0.025 0.042 0.038 0.014 0.081 0.098 0.062 0.022 0.056 0.02 0.065 0.079 0.006 0.022 0.098
25 F 0.098 0.023 0.019 0.02 0.014 0.017 0.025 0.034 0.018 0.086 0.14 0.027 0.026 0.167 0.016 0.045 0.035 0.012 0.09 0.087
26 K 0.057 0.111 0.03 0.028 0.012 0.032 0.042 0.033 0.015 0.092 0.077 0.132 0.021 0.047 0.02 0.066 0.042 0.006 0.021 0.117
27 R 0.051 0.143 0.12 0.041 0.011 0.032 0.041 0.04 0.021 0.048 0.093 0.078 0.019 0.026 0.019 0.072 0.042 0.006 0.027 0.071
28 L 0.051 0.024 0.022 0.021 0.014 0.017 0.024 0.027 0.015 0.122 0.174 0.028 0.029 0.093 0.016 0.051 0.083 0.009 0.067 0.113
29 L 0.045 0.02 0.014 0.015 0.014 0.013 0.019 0.021 0.01 0.145 0.23 0.022 0.035 0.135 0.013 0.025 0.034 0.008 0.034 0.148
30 F 0.088 0.024 0.024 0.024 0.03 0.018 0.027 0.036 0.013 0.106 0.111 0.03 0.024 0.136 0.018 0.072 0.086 0.008 0.035 0.092
31 A 0.223 0.027 0.028 0.028 0.017 0.022 0.033 0.146 0.013 0.05 0.058 0.038 0.017 0.021 0.024 0.074 0.074 0.005 0.015 0.086
32 L 0.103 0.022 0.02 0.021 0.015 0.017 0.024 0.094 0.011 0.157 0.158 0.028 0.028 0.057 0.017 0.051 0.038 0.006 0.021 0.112
33 L 0.071 0.021 0.015 0.016 0.045 0.015 0.02 0.026 0.01 0.11 0.28 0.024 0.036 0.088 0.014 0.029 0.034 0.007 0.027 0.112
34 Y 0.037 0.025 0.02 0.017 0.009 0.019 0.025 0.023 0.04 0.043 0.068 0.028 0.018 0.158 0.014 0.028 0.026 0.025 0.335 0.044
35 I 0.098 0.025 0.022 0.023 0.046 0.032 0.029 0.035 0.011 0.17 0.141 0.032 0.028 0.033 0.018 0.066 0.05 0.005 0.018 0.118
36 F 0.114 0.022 0.02 0.02 0.013 0.016 0.024 0.096 0.016 0.093 0.103 0.028 0.022 0.124 0.016 0.04 0.033 0.041 0.074 0.083
37 L 0.065 0.023 0.019 0.019 0.015 0.017 0.022 0.056 0.01 0.129 0.273 0.027 0.047 0.041 0.016 0.035 0.065 0.006 0.019 0.094
38 F 0.035 0.021 0.017 0.016 0.01 0.014 0.021 0.023 0.025 0.058 0.092 0.022 0.022 0.299 0.012 0.026 0.026 0.019 0.179 0.064
39 H 0.062 0.126 0.04 0.032 0.009 0.049 0.049 0.037 0.178 0.027 0.046 0.076 0.016 0.061 0.019 0.056 0.032 0.007 0.048 0.031
40 Y 0.06 0.028 0.022 0.021 0.01 0.034 0.031 0.03 0.032 0.045 0.064 0.032 0.018 0.108 0.015 0.047 0.031 0.08 0.233 0.059
41 I 0.106 0.022 0.02 0.021 0.015 0.017 0.023 0.123 0.011 0.163 0.112 0.029 0.048 0.032 0.017 0.04 0.038 0.005 0.017 0.14
42 Y 0.036 0.027 0.023 0.019 0.008 0.021 0.028 0.025 0.08 0.036 0.058 0.029 0.016 0.099 0.014 0.029 0.025 0.113 0.277 0.038
43 V 0.056 0.032 0.024 0.023 0.015 0.021 0.029 0.028 0.011 0.121 0.137 0.064 0.033 0.055 0.018 0.044 0.101 0.006 0.022 0.159
44 E 0.072 0.033 0.074 0.092 0.012 0.03 0.095 0.04 0.019 0.065 0.063 0.044 0.023 0.028 0.021 0.069 0.095 0.006 0.037 0.083
45 Y 0.038 0.024 0.02 0.018 0.009 0.018 0.025 0.024 0.035 0.045 0.073 0.027 0.019 0.189 0.014 0.031 0.042 0.022 0.28 0.046
46 L 0.051 0.021 0.016 0.017 0.105 0.015 0.02 0.024 0.009 0.134 0.253 0.024 0.035 0.039 0.015 0.041 0.037 0.006 0.018 0.12
47 V 0.053 0.03 0.087 0.036 0.042 0.025 0.051 0.035 0.064 0.067 0.07 0.036 0.019 0.06 0.018 0.056 0.055 0.008 0.066 0.121
48 P 0.053 0.027 0.025 0.032 0.01 0.023 0.052 0.033 0.035 0.033 0.04 0.04 0.012 0.015 0.411 0.043 0.05 0.003 0.015 0.048
49 V 0.074 0.025 0.043 0.049 0.016 0.019 0.03 0.032 0.011 0.114 0.132 0.03 0.026 0.043 0.018 0.045 0.087 0.006 0.02 0.182
50 F 0.031 0.019 0.015 0.015 0.009 0.012 0.019 0.025 0.017 0.047 0.083 0.019 0.02 0.281 0.009 0.023 0.023 0.198 0.092 0.042
51 G 0.079 0.033 0.04 0.072 0.01 0.034 0.129 0.235 0.063 0.021 0.032 0.047 0.011 0.017 0.021 0.07 0.035 0.005 0.018 0.028
52 Y 0.073 0.026 0.021 0.019 0.01 0.021 0.027 0.029 0.04 0.04 0.062 0.03 0.017 0.109 0.016 0.035 0.028 0.023 0.327 0.046
53 A 0.183 0.025 0.02 0.022 0.046 0.019 0.028 0.047 0.017 0.067 0.1 0.032 0.033 0.109 0.02 0.051 0.037 0.01 0.07 0.067
54 G 0.054 0.049 0.037 0.03 0.009 0.024 0.032 0.273 0.13 0.025 0.041 0.037 0.013 0.074 0.016 0.041 0.026 0.008 0.053 0.027
55 Y 0.036 0.024 0.019 0.017 0.009 0.018 0.024 0.023 0.038 0.044 0.071 0.027 0.018 0.176 0.014 0.028 0.026 0.024 0.318 0.045
56 Y 0.064 0.079 0.078 0.057 0.011 0.028 0.039 0.052 0.022 0.05 0.08 0.078 0.018 0.063 0.018 0.045 0.051 0.009 0.082 0.074
57 Y 0.041 0.03 0.065 0.075 0.01 0.022 0.035 0.03 0.027 0.101 0.095 0.049 0.021 0.067 0.016 0.035 0.033 0.014 0.161 0.074
58 I 0.062 0.029 0.103 0.04 0.012 0.025 0.066 0.035 0.039 0.134 0.107 0.037 0.023 0.053 0.017 0.041 0.038 0.006 0.023 0.109
59 P 0.049 0.032 0.077 0.144 0.009 0.032 0.121 0.038 0.018 0.031 0.038 0.047 0.012 0.016 0.171 0.05 0.051 0.004 0.013 0.046
60 R 0.054 0.115 0.033 0.032 0.04 0.03 0.055 0.065 0.063 0.033 0.068 0.055 0.016 0.051 0.079 0.069 0.052 0.007 0.044 0.038
61 D 0.075 0.075 0.043 0.121 0.012 0.032 0.076 0.072 0.04 0.036 0.07 0.052 0.027 0.021 0.022 0.091 0.072 0.005 0.017 0.042
62 L 0.045 0.026 0.023 0.028 0.012 0.022 0.062 0.058 0.016 0.072 0.133 0.032 0.04 0.132 0.046 0.037 0.061 0.04 0.056 0.061
63 L 0.047 0.024 0.046 0.074 0.012 0.018 0.032 0.061 0.017 0.099 0.119 0.03 0.023 0.111 0.046 0.049 0.042 0.009 0.069 0.074
64 N 0.047 0.038 0.172 0.051 0.012 0.031 0.038 0.046 0.024 0.061 0.113 0.045 0.09 0.033 0.018 0.052 0.044 0.006 0.02 0.059
65 P 0.048 0.027 0.022 0.025 0.01 0.021 0.032 0.03 0.03 0.034 0.052 0.036 0.014 0.071 0.257 0.037 0.032 0.015 0.169 0.038
66 W 0.044 0.026 0.022 0.021 0.012 0.018 0.026 0.031 0.013 0.057 0.138 0.029 0.025 0.049 0.014 0.04 0.083 0.252 0.044 0.056
67 E 0.05 0.059 0.03 0.041 0.009 0.074 0.115 0.062 0.022 0.037 0.09 0.053 0.019 0.059 0.049 0.054 0.034 0.039 0.064 0.04
68 L 0.045 0.026 0.023 0.05 0.011 0.023 0.064 0.056 0.02 0.106 0.13 0.032 0.047 0.056 0.015 0.032 0.032 0.041 0.103 0.086
69 L 0.065 0.019 0.015 0.017 0.045 0.014 0.02 0.025 0.01 0.168 0.171 0.024 0.03 0.083 0.045 0.03 0.036 0.006 0.026 0.15
70 L 0.062 0.022 0.019 0.019 0.014 0.016 0.023 0.027 0.013 0.104 0.19 0.026 0.029 0.135 0.045 0.035 0.063 0.009 0.054 0.092
71 T 0.101 0.03 0.036 0.032 0.016 0.024 0.034 0.133 0.013 0.059 0.065 0.039 0.029 0.023 0.023 0.088 0.173 0.005 0.016 0.062
72 Y 0.038 0.027 0.065 0.074 0.009 0.022 0.034 0.03 0.035 0.049 0.08 0.032 0.018 0.099 0.015 0.035 0.03 0.019 0.245 0.045
73 L 0.09 0.021 0.016 0.017 0.015 0.015 0.022 0.029 0.01 0.138 0.194 0.025 0.032 0.108 0.015 0.033 0.036 0.007 0.03 0.147
74 L 0.044 0.02 0.014 0.015 0.044 0.013 0.018 0.022 0.01 0.137 0.235 0.022 0.034 0.134 0.013 0.025 0.033 0.008 0.034 0.126
75 A 0.28 0.028 0.025 0.027 0.034 0.023 0.036 0.064 0.013 0.052 0.061 0.039 0.018 0.021 0.026 0.089 0.048 0.005 0.016 0.092
76 L 0.061 0.021 0.014 0.016 0.015 0.015 0.02 0.024 0.01 0.141 0.268 0.024 0.036 0.067 0.014 0.027 0.034 0.037 0.026 0.129
77 I 0.088 0.02 0.016 0.018 0.015 0.014 0.021 0.028 0.01 0.179 0.166 0.025 0.031 0.107 0.015 0.032 0.036 0.007 0.03 0.142
78 P 0.053 0.024 0.022 0.029 0.01 0.019 0.034 0.034 0.012 0.024 0.034 0.038 0.01 0.012 0.531 0.041 0.034 0.002 0.012 0.029
79 I 0.069 0.021 0.017 0.018 0.016 0.015 0.021 0.026 0.009 0.205 0.189 0.026 0.033 0.039 0.016 0.043 0.041 0.006 0.019 0.173
80 L 0.06 0.022 0.015 0.016 0.014 0.015 0.021 0.024 0.014 0.108 0.27 0.024 0.036 0.099 0.014 0.028 0.032 0.01 0.068 0.11
81 F 0.107 0.021 0.017 0.018 0.042 0.014 0.022 0.035 0.014 0.054 0.106 0.024 0.022 0.266 0.014 0.037 0.03 0.042 0.058 0.055
82 Y 0.038 0.027 0.02 0.019 0.009 0.033 0.028 0.024 0.037 0.058 0.073 0.03 0.019 0.147 0.014 0.029 0.027 0.022 0.294 0.051
83 R 0.065 0.195 0.061 0.039 0.011 0.04 0.051 0.045 0.02 0.024 0.04 0.125 0.014 0.017 0.023 0.128 0.049 0.005 0.016 0.032
84 G 0.114 0.029 0.077 0.088 0.012 0.025 0.058 0.228 0.016 0.032 0.039 0.04 0.012 0.018 0.021 0.081 0.041 0.005 0.013 0.05
85 L 0.055 0.077 0.03 0.051 0.013 0.026 0.037 0.032 0.015 0.111 0.119 0.076 0.024 0.034 0.019 0.068 0.071 0.006 0.038 0.096
86 K 0.049 0.102 0.092 0.04 0.009 0.037 0.049 0.04 0.019 0.034 0.07 0.169 0.027 0.019 0.082 0.05 0.053 0.005 0.016 0.038
87 R 0.084 0.097 0.07 0.056 0.012 0.028 0.04 0.039 0.039 0.057 0.083 0.066 0.019 0.047 0.019 0.05 0.069 0.006 0.022 0.093
88 P 0.084 0.021 0.018 0.022 0.014 0.016 0.026 0.031 0.01 0.165 0.097 0.03 0.023 0.027 0.198 0.037 0.038 0.004 0.016 0.123
89 S 0.141 0.034 0.043 0.04 0.017 0.028 0.045 0.061 0.016 0.047 0.049 0.047 0.016 0.021 0.027 0.228 0.068 0.005 0.016 0.051
90 N 0.081 0.037 0.139 0.097 0.012 0.043 0.051 0.054 0.022 0.033 0.042 0.048 0.014 0.024 0.022 0.134 0.053 0.006 0.036 0.051
91 F 0.054 0.02 0.016 0.016 0.041 0.014 0.021 0.027 0.019 0.071 0.126 0.022 0.024 0.217 0.012 0.028 0.027 0.075 0.111 0.059
92 I 0.052 0.019 0.021 0.021 0.013 0.014 0.019 0.175 0.01 0.18 0.125 0.024 0.026 0.079 0.014 0.031 0.033 0.007 0.024 0.114
93 A 0.174 0.028 0.03 0.03 0.077 0.023 0.036 0.055 0.013 0.066 0.064 0.039 0.018 0.022 0.024 0.135 0.055 0.005 0.016 0.09
94 I 0.087 0.022 0.02 0.021 0.016 0.017 0.024 0.031 0.01 0.196 0.153 0.029 0.03 0.035 0.018 0.053 0.072 0.005 0.018 0.143
95 L 0.041 0.02 0.014 0.015 0.014 0.014 0.018 0.021 0.01 0.162 0.274 0.023 0.049 0.115 0.013 0.024 0.032 0.008 0.031 0.104
96 L 0.045 0.02 0.015 0.017 0.015 0.014 0.019 0.021 0.009 0.228 0.234 0.024 0.037 0.042 0.014 0.027 0.051 0.006 0.019 0.143
97 Y 0.036 0.024 0.019 0.017 0.009 0.018 0.024 0.023 0.038 0.044 0.072 0.027 0.019 0.185 0.013 0.028 0.025 0.024 0.309 0.045
98 V 0.085 0.023 0.019 0.019 0.015 0.018 0.024 0.029 0.017 0.144 0.109 0.028 0.037 0.063 0.017 0.037 0.054 0.01 0.093 0.16
99 L 0.043 0.022 0.015 0.016 0.014 0.016 0.02 0.022 0.012 0.123 0.261 0.025 0.081 0.114 0.013 0.026 0.033 0.008 0.032 0.104
100 C 0.076 0.02 0.02 0.02 0.164 0.015 0.021 0.091 0.009 0.102 0.14 0.026 0.025 0.029 0.016 0.05 0.038 0.005 0.016 0.116
101 Y 0.038 0.027 0.022 0.018 0.009 0.021 0.027 0.024 0.064 0.039 0.062 0.03 0.017 0.116 0.015 0.029 0.026 0.025 0.35 0.042
102 V 0.105 0.021 0.016 0.018 0.017 0.016 0.023 0.03 0.009 0.178 0.155 0.026 0.03 0.035 0.017 0.036 0.041 0.005 0.019 0.203
103 P 0.053 0.024 0.022 0.029 0.01 0.019 0.034 0.034 0.012 0.024 0.034 0.038 0.01 0.012 0.531 0.041 0.034 0.002 0.012 0.029
104 I 0.141 0.024 0.025 0.025 0.017 0.019 0.028 0.072 0.011 0.157 0.095 0.033 0.023 0.029 0.021 0.067 0.088 0.005 0.017 0.101
105 L 0.051 0.036 0.023 0.027 0.013 0.099 0.053 0.027 0.015 0.14 0.155 0.044 0.03 0.031 0.017 0.035 0.038 0.006 0.019 0.142
106 L 0.043 0.021 0.015 0.016 0.015 0.014 0.019 0.021 0.009 0.178 0.288 0.024 0.039 0.068 0.014 0.027 0.049 0.007 0.023 0.112
107 T 0.085 0.031 0.036 0.032 0.016 0.025 0.035 0.102 0.014 0.05 0.075 0.04 0.053 0.025 0.023 0.094 0.182 0.006 0.017 0.061
108 L 0.045 0.022 0.015 0.016 0.015 0.016 0.02 0.021 0.012 0.158 0.274 0.025 0.06 0.05 0.014 0.025 0.035 0.007 0.041 0.131
109 L 0.044 0.036 0.043 0.027 0.041 0.091 0.042 0.029 0.017 0.065 0.21 0.042 0.03 0.103 0.016 0.035 0.033 0.008 0.03 0.06
110 F 0.053 0.021 0.017 0.017 0.011 0.015 0.022 0.026 0.024 0.07 0.109 0.024 0.023 0.253 0.013 0.029 0.027 0.018 0.172 0.058
111 N 0.045 0.034 0.129 0.063 0.011 0.027 0.038 0.039 0.047 0.049 0.084 0.039 0.075 0.044 0.018 0.049 0.068 0.009 0.082 0.05
112 F 0.036 0.025 0.037 0.021 0.011 0.03 0.026 0.027 0.017 0.068 0.156 0.027 0.037 0.186 0.012 0.028 0.028 0.103 0.07 0.057
113 D 0.067 0.038 0.072 0.099 0.011 0.029 0.071 0.039 0.016 0.075 0.079 0.074 0.018 0.022 0.081 0.05 0.069 0.005 0.015 0.071
114 D 0.048 0.104 0.041 0.139 0.008 0.038 0.124 0.095 0.019 0.027 0.046 0.092 0.025 0.041 0.02 0.045 0.033 0.005 0.018 0.031
115 E 0.055 0.05 0.041 0.09 0.007 0.065 0.295 0.035 0.026 0.022 0.037 0.076 0.013 0.017 0.026 0.055 0.037 0.006 0.017 0.031
116 D 0.054 0.034 0.054 0.096 0.011 0.028 0.07 0.038 0.022 0.041 0.071 0.057 0.016 0.062 0.08 0.082 0.04 0.009 0.081 0.054
117 G 0.071 0.025 0.076 0.061 0.012 0.019 0.031 0.113 0.017 0.079 0.099 0.032 0.021 0.094 0.017 0.042 0.036 0.008 0.052 0.093
118 E 0.065 0.042 0.051 0.157 0.01 0.048 0.187 0.045 0.022 0.024 0.036 0.062 0.013 0.017 0.026 0.097 0.047 0.005 0.015 0.032
119 L 0.071 0.033 0.087 0.035 0.012 0.052 0.039 0.07 0.019 0.055 0.103 0.041 0.032 0.033 0.048 0.065 0.048 0.037 0.04 0.078
120 E 0.065 0.033 0.055 0.118 0.01 0.034 0.134 0.036 0.042 0.047 0.074 0.045 0.017 0.051 0.02 0.047 0.051 0.007 0.042 0.072
121 V 0.089 0.026 0.017 0.018 0.017 0.018 0.025 0.029 0.009 0.136 0.182 0.044 0.031 0.035 0.017 0.035 0.041 0.005 0.019 0.206
122 V 0.083 0.021 0.017 0.018 0.015 0.015 0.022 0.028 0.01 0.157 0.151 0.025 0.029 0.105 0.016 0.035 0.053 0.007 0.03 0.16
123 L 0.053 0.051 0.024 0.026 0.012 0.023 0.047 0.089 0.015 0.083 0.157 0.053 0.037 0.06 0.047 0.048 0.036 0.007 0.042 0.091
124 Y 0.049 0.025 0.039 0.022 0.013 0.019 0.026 0.026 0.022 0.083 0.14 0.029 0.025 0.064 0.046 0.034 0.051 0.013 0.142 0.133
125 Q 0.066 0.053 0.034 0.041 0.009 0.174 0.105 0.037 0.023 0.033 0.06 0.067 0.041 0.023 0.02 0.047 0.036 0.067 0.024 0.04
126 L 0.063 0.023 0.018 0.018 0.015 0.016 0.022 0.026 0.011 0.118 0.257 0.026 0.046 0.088 0.015 0.035 0.065 0.007 0.027 0.103
127 L 0.126 0.024 0.02 0.021 0.076 0.018 0.026 0.038 0.011 0.086 0.142 0.03 0.026 0.053 0.019 0.059 0.057 0.006 0.021 0.141
128 L 0.038 0.021 0.014 0.015 0.013 0.013 0.019 0.021 0.012 0.089 0.309 0.022 0.038 0.176 0.012 0.023 0.028 0.01 0.051 0.075
129 A 0.123 0.025 0.023 0.023 0.105 0.019 0.028 0.041 0.013 0.057 0.121 0.031 0.045 0.099 0.019 0.074 0.056 0.007 0.028 0.062
130 L 0.125 0.023 0.02 0.021 0.016 0.017 0.025 0.067 0.011 0.124 0.17 0.029 0.028 0.081 0.018 0.045 0.059 0.007 0.025 0.089
131 G 0.152 0.031 0.041 0.038 0.016 0.026 0.04 0.178 0.016 0.028 0.04 0.044 0.014 0.018 0.025 0.177 0.058 0.005 0.015 0.041
132 M 0.048 0.034 0.021 0.021 0.014 0.054 0.034 0.027 0.016 0.083 0.161 0.038 0.187 0.064 0.015 0.035 0.037 0.008 0.025 0.077
133 S 0.085 0.027 0.031 0.029 0.045 0.021 0.031 0.085 0.013 0.097 0.1 0.035 0.033 0.051 0.02 0.112 0.078 0.006 0.02 0.08
134 L 0.086 0.023 0.019 0.02 0.016 0.018 0.024 0.031 0.011 0.156 0.223 0.029 0.045 0.039 0.017 0.06 0.041 0.006 0.019 0.116
135 L 0.038 0.02 0.015 0.015 0.012 0.013 0.019 0.021 0.015 0.121 0.221 0.022 0.033 0.192 0.012 0.024 0.029 0.012 0.083 0.083
136 F 0.033 0.021 0.017 0.017 0.01 0.026 0.022 0.024 0.016 0.06 0.121 0.022 0.025 0.385 0.011 0.025 0.025 0.015 0.075 0.052
137 L 0.042 0.048 0.02 0.019 0.041 0.019 0.026 0.026 0.019 0.064 0.156 0.047 0.025 0.135 0.014 0.032 0.045 0.043 0.106 0.071
138 A 0.178 0.026 0.025 0.026 0.077 0.021 0.031 0.051 0.013 0.08 0.097 0.035 0.032 0.05 0.022 0.093 0.046 0.006 0.02 0.072
139 D 0.095 0.031 0.051 0.228 0.012 0.027 0.063 0.051 0.016 0.027 0.036 0.044 0.012 0.017 0.054 0.121 0.063 0.004 0.013 0.035
140 R 0.048 0.234 0.034 0.03 0.009 0.038 0.046 0.034 0.019 0.043 0.05 0.128 0.015 0.02 0.05 0.057 0.051 0.036 0.019 0.04
141 I 0.067 0.053 0.068 0.055 0.013 0.024 0.036 0.036 0.039 0.118 0.1 0.056 0.022 0.033 0.018 0.056 0.055 0.006 0.04 0.103
142 G 0.066 0.064 0.073 0.037 0.011 0.036 0.041 0.1 0.04 0.07 0.061 0.094 0.017 0.046 0.02 0.074 0.056 0.006 0.022 0.066
143 L 0.044 0.024 0.014 0.015 0.016 0.016 0.02 0.021 0.01 0.115 0.379 0.025 0.049 0.054 0.014 0.024 0.033 0.007 0.022 0.096
144 G 0.094 0.031 0.046 0.041 0.014 0.026 0.039 0.289 0.016 0.024 0.035 0.044 0.012 0.018 0.024 0.137 0.056 0.005 0.014 0.033
145 G 0.054 0.061 0.08 0.041 0.01 0.027 0.069 0.127 0.019 0.063 0.058 0.045 0.016 0.074 0.048 0.07 0.038 0.007 0.043 0.048
146 I 0.054 0.019 0.015 0.018 0.017 0.014 0.019 0.022 0.009 0.238 0.155 0.024 0.035 0.041 0.015 0.027 0.043 0.006 0.02 0.208
147 K 0.054 0.121 0.055 0.044 0.009 0.042 0.102 0.067 0.019 0.048 0.05 0.159 0.015 0.018 0.022 0.06 0.038 0.005 0.016 0.055
148 N 0.049 0.047 0.18 0.086 0.008 0.049 0.174 0.05 0.029 0.022 0.034 0.065 0.012 0.017 0.023 0.062 0.043 0.005 0.016 0.029
149 L 0.077 0.032 0.034 0.032 0.017 0.025 0.036 0.044 0.015 0.072 0.209 0.04 0.033 0.038 0.022 0.123 0.058 0.006 0.02 0.069
150 L 0.043 0.035 0.034 0.027 0.012 0.027 0.037 0.03 0.183 0.069 0.208 0.035 0.032 0.042 0.017 0.033 0.03 0.007 0.04 0.059
151 N 0.043 0.045 0.319 0.083 0.009 0.034 0.049 0.065 0.031 0.022 0.031 0.054 0.011 0.018 0.02 0.07 0.049 0.004 0.016 0.027
152 G 0.063 0.02 0.027 0.026 0.013 0.016 0.022 0.266 0.011 0.146 0.098 0.029 0.023 0.03 0.017 0.038 0.035 0.006 0.016 0.1
153 S 0.11 0.04 0.054 0.049 0.017 0.033 0.052 0.066 0.019 0.03 0.042 0.054 0.016 0.021 0.03 0.222 0.082 0.005 0.017 0.042
154 K 0.055 0.074 0.049 0.031 0.012 0.043 0.042 0.035 0.019 0.069 0.065 0.096 0.018 0.033 0.08 0.058 0.063 0.007 0.058 0.094
155 S 0.11 0.04 0.054 0.049 0.018 0.033 0.052 0.066 0.019 0.03 0.042 0.054 0.016 0.021 0.03 0.22 0.082 0.005 0.018 0.042
156 T 0.073 0.036 0.043 0.038 0.018 0.028 0.039 0.043 0.014 0.053 0.065 0.045 0.02 0.024 0.028 0.093 0.246 0.006 0.018 0.071
157 S 0.11 0.04 0.054 0.049 0.018 0.033 0.052 0.066 0.019 0.03 0.042 0.054 0.016 0.021 0.03 0.22 0.082 0.005 0.018 0.042
158 P 0.057 0.026 0.023 0.031 0.01 0.021 0.036 0.036 0.013 0.026 0.036 0.041 0.01 0.013 0.494 0.044 0.036 0.003 0.013 0.031
159 L 0.045 0.024 0.014 0.015 0.016 0.016 0.02 0.021 0.01 0.115 0.375 0.025 0.05 0.055 0.014 0.024 0.033 0.007 0.022 0.096
160 K 0.056 0.087 0.031 0.029 0.041 0.058 0.044 0.064 0.02 0.061 0.086 0.1 0.031 0.034 0.019 0.067 0.039 0.008 0.058 0.066
161 I 0.063 0.032 0.048 0.058 0.012 0.026 0.071 0.033 0.06 0.128 0.104 0.053 0.023 0.053 0.018 0.041 0.051 0.006 0.025 0.093
162 K 0.051 0.097 0.032 0.038 0.011 0.068 0.09 0.033 0.018 0.075 0.086 0.098 0.02 0.022 0.057 0.048 0.073 0.005 0.017 0.059
163 S 0.11 0.04 0.054 0.049 0.018 0.033 0.053 0.066 0.019 0.03 0.042 0.054 0.016 0.021 0.03 0.218 0.082 0.005 0.018 0.042
164 L 0.114 0.097 0.027 0.031 0.014 0.033 0.063 0.041 0.016 0.073 0.144 0.094 0.025 0.029 0.021 0.049 0.038 0.006 0.018 0.067
165 P 0.069 0.058 0.05 0.058 0.011 0.029 0.059 0.037 0.021 0.054 0.055 0.077 0.016 0.037 0.11 0.059 0.053 0.008 0.077 0.061
166 S 0.071 0.065 0.059 0.042 0.013 0.047 0.065 0.045 0.018 0.042 0.07 0.085 0.018 0.021 0.024 0.134 0.098 0.005 0.017 0.06
167 D 0.048 0.112 0.092 0.15 0.008 0.033 0.072 0.101 0.02 0.024 0.037 0.082 0.012 0.04 0.02 0.061 0.036 0.005 0.017 0.028
168 I 0.047 0.018 0.015 0.018 0.016 0.013 0.018 0.021 0.009 0.271 0.168 0.024 0.037 0.044 0.015 0.025 0.04 0.006 0.021 0.177
169 V 0.07 0.022 0.016 0.018 0.019 0.016 0.023 0.025 0.008 0.165 0.13 0.026 0.032 0.036 0.016 0.033 0.049 0.006 0.021 0.269
170 L 0.047 0.062 0.023 0.027 0.045 0.027 0.053 0.028 0.016 0.09 0.123 0.093 0.023 0.086 0.051 0.035 0.034 0.008 0.049 0.08
171 I 0.079 0.065 0.041 0.048 0.014 0.02 0.029 0.031 0.012 0.197 0.129 0.038 0.027 0.033 0.017 0.036 0.038 0.005 0.018 0.125
172 T 0.073 0.036 0.044 0.038 0.018 0.028 0.039 0.044 0.014 0.053 0.065 0.046 0.02 0.024 0.028 0.093 0.245 0.006 0.018 0.071
173 P 0.049 0.028 0.046 0.215 0.009 0.025 0.064 0.041 0.016 0.024 0.032 0.043 0.01 0.014 0.259 0.048 0.036 0.003 0.012 0.028
174 P 0.051 0.059 0.07 0.06 0.009 0.028 0.044 0.039 0.039 0.028 0.057 0.079 0.013 0.017 0.261 0.058 0.037 0.004 0.016 0.032
175 L 0.049 0.03 0.02 0.02 0.014 0.019 0.026 0.026 0.012 0.115 0.194 0.054 0.032 0.114 0.016 0.034 0.06 0.008 0.033 0.125
176 A 0.292 0.031 0.026 0.03 0.022 0.026 0.04 0.078 0.015 0.043 0.059 0.044 0.017 0.022 0.03 0.085 0.05 0.005 0.017 0.069
177 I 0.051 0.053 0.028 0.052 0.012 0.038 0.055 0.03 0.018 0.126 0.088 0.057 0.022 0.086 0.017 0.062 0.039 0.009 0.066 0.091
178 K 0.071 0.055 0.052 0.033 0.012 0.033 0.045 0.039 0.041 0.047 0.119 0.141 0.033 0.031 0.022 0.068 0.062 0.007 0.04 0.05
179 L 0.048 0.024 0.02 0.019 0.013 0.017 0.024 0.026 0.015 0.087 0.163 0.027 0.027 0.095 0.015 0.038 0.087 0.071 0.073 0.111
180 I 0.044 0.042 0.017 0.017 0.013 0.016 0.021 0.022 0.015 0.168 0.137 0.029 0.039 0.095 0.013 0.027 0.034 0.04 0.07 0.139
181 L 0.06 0.046 0.043 0.024 0.011 0.019 0.027 0.062 0.039 0.068 0.141 0.033 0.024 0.122 0.015 0.047 0.032 0.071 0.059 0.056
182 I 0.049 0.02 0.018 0.018 0.013 0.015 0.02 0.084 0.012 0.145 0.141 0.024 0.027 0.089 0.014 0.029 0.041 0.054 0.05 0.136
183 L 0.047 0.022 0.018 0.018 0.014 0.015 0.021 0.025 0.011 0.106 0.253 0.025 0.035 0.134 0.014 0.042 0.05 0.008 0.034 0.108
184 G 0.127 0.03 0.055 0.035 0.015 0.024 0.035 0.168 0.014 0.039 0.049 0.04 0.015 0.02 0.024 0.089 0.142 0.005 0.015 0.058
185 I 0.069 0.02 0.017 0.019 0.015 0.015 0.02 0.085 0.009 0.199 0.158 0.025 0.036 0.036 0.015 0.031 0.038 0.005 0.018 0.168
186 I 0.047 0.018 0.015 0.018 0.016 0.013 0.018 0.021 0.009 0.271 0.168 0.024 0.037 0.044 0.015 0.025 0.04 0.006 0.021 0.177
187 L 0.045 0.024 0.014 0.015 0.016 0.016 0.02 0.021 0.01 0.115 0.375 0.025 0.05 0.055 0.014 0.024 0.033 0.007 0.022 0.096
188 L 0.066 0.02 0.015 0.016 0.046 0.014 0.02 0.024 0.009 0.173 0.22 0.024 0.034 0.051 0.015 0.029 0.037 0.006 0.021 0.161
189 V 0.084 0.025 0.028 0.027 0.045 0.02 0.029 0.097 0.012 0.097 0.104 0.033 0.034 0.052 0.019 0.096 0.061 0.006 0.021 0.112
190 L 0.103 0.027 0.024 0.023 0.016 0.02 0.028 0.036 0.012 0.087 0.188 0.033 0.051 0.058 0.019 0.052 0.114 0.007 0.022 0.079
191 L 0.066 0.022 0.019 0.019 0.014 0.016 0.022 0.087 0.011 0.106 0.213 0.026 0.042 0.096 0.015 0.034 0.049 0.007 0.028 0.107
192 L 0.064 0.023 0.018 0.018 0.014 0.017 0.023 0.027 0.017 0.108 0.178 0.026 0.04 0.123 0.015 0.044 0.035 0.011 0.092 0.106
193 L 0.066 0.025 0.017 0.018 0.015 0.032 0.026 0.026 0.011 0.117 0.245 0.029 0.057 0.064 0.015 0.031 0.036 0.007 0.024 0.141
194 L 0.062 0.019 0.015 0.016 0.015 0.014 0.019 0.024 0.01 0.179 0.197 0.023 0.033 0.11 0.014 0.028 0.035 0.007 0.03 0.148
195 F 0.079 0.022 0.02 0.042 0.013 0.016 0.026 0.029 0.017 0.099 0.132 0.026 0.025 0.143 0.015 0.034 0.034 0.011 0.095 0.12
196 L 0.051 0.037 0.023 0.023 0.013 0.023 0.032 0.028 0.018 0.074 0.118 0.081 0.023 0.092 0.048 0.039 0.066 0.01 0.087 0.115
197 Y 0.037 0.028 0.101 0.031 0.009 0.02 0.029 0.032 0.033 0.04 0.065 0.031 0.017 0.17 0.014 0.036 0.03 0.018 0.218 0.041
198 G 0.078 0.023 0.039 0.034 0.011 0.019 0.026 0.51 0.014 0.019 0.028 0.034 0.009 0.016 0.019 0.051 0.03 0.005 0.011 0.024
199 G 0.054 0.094 0.036 0.03 0.009 0.028 0.037 0.156 0.107 0.027 0.059 0.049 0.015 0.026 0.048 0.066 0.033 0.067 0.029 0.03
200 G 0.076 0.031 0.082 0.069 0.012 0.027 0.058 0.258 0.017 0.022 0.031 0.043 0.011 0.017 0.022 0.131 0.047 0.005 0.013 0.029
201 H 0.054 0.087 0.112 0.046 0.009 0.049 0.052 0.046 0.157 0.023 0.036 0.073 0.014 0.021 0.021 0.095 0.042 0.006 0.029 0.028
202 L 0.046 0.026 0.016 0.017 0.015 0.021 0.023 0.023 0.013 0.112 0.265 0.029 0.149 0.047 0.014 0.029 0.035 0.007 0.022 0.091
203 R 0.042 0.335 0.056 0.035 0.007 0.045 0.067 0.033 0.022 0.022 0.042 0.118 0.014 0.016 0.019 0.044 0.033 0.005 0.016 0.029
204 L 0.039 0.021 0.014 0.015 0.014 0.014 0.018 0.021 0.011 0.108 0.332 0.022 0.04 0.14 0.012 0.023 0.03 0.009 0.035 0.084
205 V 0.065 0.02 0.015 0.016 0.018 0.015 0.022 0.023 0.008 0.152 0.121 0.024 0.029 0.033 0.015 0.03 0.046 0.005 0.019 0.323
206 S 0.095 0.054 0.046 0.064 0.014 0.028 0.044 0.173 0.017 0.025 0.036 0.048 0.013 0.018 0.024 0.19 0.059 0.005 0.014 0.034
207 F 0.032 0.018 0.016 0.016 0.01 0.01 0.018 0.023 0.015 0.062 0.124 0.018 0.025 0.41 0.01 0.023 0.024 0.015 0.079 0.053
208 A 0.149 0.036 0.055 0.048 0.014 0.034 0.113 0.053 0.02 0.032 0.046 0.05 0.015 0.025 0.025 0.116 0.079 0.006 0.037 0.046
209 D 0.044 0.055 0.058 0.35 0.008 0.032 0.095 0.043 0.018 0.021 0.029 0.065 0.01 0.014 0.021 0.062 0.036 0.004 0.012 0.025
210 V 0.061 0.02 0.015 0.016 0.017 0.015 0.021 0.022 0.008 0.17 0.142 0.024 0.031 0.035 0.015 0.029 0.044 0.005 0.019 0.291
211 Y 0.038 0.026 0.02 0.017 0.009 0.02 0.026 0.023 0.043 0.04 0.063 0.029 0.017 0.121 0.014 0.029 0.026 0.026 0.368 0.043
212 D 0.046 0.036 0.064 0.29 0.008 0.051 0.152 0.042 0.02 0.021 0.03 0.052 0.011 0.015 0.022 0.063 0.036 0.004 0.013 0.026
213 L 0.042 0.025 0.015 0.016 0.015 0.03 0.023 0.021 0.01 0.102 0.4 0.027 0.044 0.048 0.014 0.024 0.031 0.007 0.021 0.086
214 R 0.041 0.394 0.036 0.029 0.007 0.045 0.048 0.03 0.022 0.022 0.043 0.111 0.014 0.016 0.018 0.041 0.032 0.005 0.016 0.029
215 F 0.073 0.029 0.028 0.036 0.012 0.026 0.085 0.037 0.017 0.051 0.08 0.037 0.031 0.191 0.018 0.092 0.041 0.01 0.044 0.063
216 E 0.086 0.039 0.045 0.175 0.01 0.055 0.183 0.043 0.02 0.025 0.037 0.056 0.012 0.016 0.024 0.069 0.054 0.005 0.014 0.034
217 N 0.115 0.037 0.192 0.054 0.013 0.028 0.042 0.059 0.021 0.031 0.042 0.047 0.014 0.019 0.023 0.097 0.102 0.005 0.015 0.043
218 A 0.138 0.06 0.077 0.087 0.012 0.072 0.056 0.053 0.044 0.029 0.043 0.054 0.015 0.024 0.023 0.085 0.043 0.006 0.039 0.04
219 E 0.058 0.042 0.044 0.131 0.009 0.05 0.195 0.114 0.02 0.021 0.033 0.073 0.012 0.015 0.023 0.077 0.038 0.005 0.014 0.028
220 L 0.114 0.052 0.043 0.027 0.015 0.023 0.032 0.039 0.013 0.092 0.157 0.055 0.026 0.03 0.019 0.06 0.057 0.005 0.018 0.121
221 G 0.102 0.045 0.036 0.038 0.013 0.045 0.063 0.172 0.016 0.036 0.046 0.098 0.015 0.018 0.023 0.085 0.074 0.005 0.015 0.056
222 G 0.059 0.113 0.057 0.034 0.011 0.046 0.041 0.146 0.017 0.056 0.099 0.076 0.019 0.023 0.019 0.075 0.04 0.005 0.016 0.048
223 S 0.11 0.04 0.054 0.049 0.017 0.033 0.052 0.066 0.019 0.03 0.042 0.054 0.016 0.021 0.03 0.222 0.082 0.005 0.017 0.042
224 G 0.068 0.116 0.115 0.048 0.011 0.033 0.044 0.17 0.021 0.023 0.036 0.064 0.013 0.018 0.022 0.099 0.048 0.005 0.015 0.031
225 G 0.073 0.028 0.076 0.084 0.011 0.022 0.039 0.163 0.039 0.031 0.047 0.037 0.014 0.091 0.049 0.076 0.053 0.007 0.027 0.035
226 G 0.085 0.023 0.025 0.026 0.013 0.018 0.027 0.155 0.012 0.066 0.086 0.032 0.019 0.071 0.108 0.057 0.052 0.006 0.023 0.095
227 L 0.042 0.02 0.015 0.016 0.014 0.013 0.018 0.052 0.011 0.137 0.26 0.022 0.036 0.136 0.013 0.025 0.031 0.008 0.034 0.098
228 V 0.074 0.026 0.024 0.027 0.015 0.022 0.046 0.033 0.013 0.12 0.11 0.033 0.059 0.079 0.018 0.069 0.073 0.007 0.026 0.125
229 G 0.114 0.03 0.076 0.065 0.011 0.039 0.057 0.287 0.017 0.023 0.034 0.042 0.011 0.016 0.021 0.069 0.037 0.005 0.013 0.032
230 Y 0.038 0.026 0.02 0.017 0.009 0.02 0.026 0.023 0.043 0.04 0.063 0.029 0.017 0.121 0.014 0.029 0.026 0.026 0.368 0.043
231 L 0.039 0.02 0.014 0.015 0.013 0.013 0.018 0.021 0.011 0.156 0.236 0.022 0.046 0.16 0.012 0.024 0.031 0.009 0.038 0.1
232 L 0.06 0.033 0.047 0.03 0.015 0.037 0.035 0.034 0.014 0.128 0.146 0.053 0.027 0.031 0.019 0.082 0.076 0.005 0.018 0.112
233 L 0.081 0.029 0.028 0.027 0.015 0.023 0.032 0.039 0.014 0.069 0.19 0.036 0.073 0.059 0.019 0.119 0.049 0.007 0.023 0.067
234 W 0.028 0.021 0.014 0.014 0.007 0.014 0.021 0.028 0.014 0.028 0.049 0.021 0.014 0.056 0.007 0.021 0.021 0.53 0.063 0.028
235 L 0.12 0.026 0.021 0.022 0.016 0.02 0.027 0.038 0.012 0.106 0.231 0.032 0.055 0.038 0.018 0.067 0.041 0.006 0.019 0.086
236 S 0.115 0.032 0.04 0.037 0.016 0.026 0.039 0.113 0.015 0.037 0.068 0.042 0.017 0.045 0.024 0.175 0.088 0.006 0.02 0.047
237 Y 0.051 0.051 0.09 0.059 0.011 0.025 0.037 0.067 0.027 0.056 0.057 0.041 0.016 0.056 0.018 0.071 0.054 0.012 0.14 0.061
238 F 0.084 0.021 0.018 0.019 0.133 0.015 0.022 0.033 0.012 0.067 0.117 0.024 0.029 0.17 0.015 0.049 0.035 0.009 0.039 0.089
239 F 0.042 0.021 0.019 0.019 0.012 0.014 0.021 0.026 0.015 0.084 0.141 0.023 0.032 0.272 0.013 0.043 0.046 0.012 0.066 0.079
240 L 0.067 0.043 0.02 0.02 0.014 0.017 0.024 0.058 0.013 0.143 0.159 0.031 0.028 0.087 0.015 0.045 0.037 0.008 0.046 0.124
241 P 0.055 0.025 0.023 0.029 0.01 0.02 0.034 0.034 0.012 0.029 0.057 0.038 0.012 0.015 0.471 0.054 0.036 0.003 0.013 0.033
242 L 0.04 0.022 0.016 0.016 0.013 0.015 0.02 0.022 0.019 0.096 0.214 0.024 0.037 0.155 0.013 0.025 0.03 0.013 0.117 0.094
243 Y 0.04 0.022 0.018 0.017 0.041 0.016 0.022 0.024 0.025 0.087 0.126 0.025 0.024 0.165 0.014 0.03 0.044 0.016 0.177 0.066
244 F 0.075 0.02 0.016 0.017 0.014 0.014 0.021 0.028 0.012 0.12 0.17 0.023 0.041 0.201 0.014 0.031 0.032 0.01 0.045 0.097
245 A 0.221 0.027 0.026 0.027 0.048 0.022 0.034 0.056 0.012 0.071 0.069 0.037 0.019 0.023 0.024 0.08 0.084 0.005 0.016 0.098
246 I 0.043 0.07 0.02 0.019 0.012 0.021 0.027 0.023 0.023 0.148 0.117 0.053 0.025 0.065 0.015 0.029 0.033 0.013 0.142 0.102
247 G 0.088 0.022 0.035 0.031 0.011 0.018 0.025 0.519 0.013 0.019 0.028 0.032 0.009 0.015 0.018 0.049 0.029 0.005 0.01 0.025
248 L 0.048 0.021 0.016 0.017 0.045 0.015 0.02 0.024 0.01 0.136 0.244 0.024 0.046 0.088 0.014 0.04 0.036 0.007 0.027 0.12
249 L 0.046 0.023 0.016 0.018 0.014 0.03 0.024 0.023 0.013 0.143 0.192 0.027 0.043 0.114 0.014 0.027 0.034 0.009 0.051 0.14
250 G 0.091 0.071 0.032 0.031 0.011 0.045 0.045 0.13 0.021 0.036 0.049 0.129 0.015 0.035 0.021 0.061 0.037 0.009 0.078 0.053
251 K 0.054 0.147 0.039 0.037 0.008 0.048 0.062 0.04 0.02 0.025 0.04 0.276 0.014 0.015 0.024 0.062 0.038 0.005 0.016 0.031
252 K 0.053 0.095 0.119 0.071 0.009 0.054 0.059 0.046 0.044 0.024 0.037 0.164 0.013 0.016 0.023 0.079 0.042 0.005 0.018 0.029
253 K 0.044 0.107 0.03 0.029 0.008 0.037 0.048 0.034 0.019 0.031 0.066 0.197 0.016 0.033 0.019 0.039 0.032 0.13 0.048 0.034
254 L 0.068 0.055 0.024 0.027 0.013 0.025 0.05 0.062 0.013 0.104 0.141 0.072 0.036 0.031 0.048 0.05 0.037 0.036 0.02 0.086
255 Y 0.059 0.03 0.046 0.074 0.01 0.022 0.037 0.033 0.024 0.04 0.071 0.05 0.022 0.121 0.107 0.038 0.031 0.012 0.13 0.042
256 L 0.045 0.023 0.016 0.017 0.014 0.029 0.023 0.022 0.013 0.163 0.219 0.026 0.034 0.092 0.014 0.026 0.034 0.008 0.048 0.135
257 L 0.096 0.022 0.017 0.018 0.044 0.016 0.023 0.062 0.013 0.095 0.161 0.026 0.026 0.089 0.015 0.036 0.033 0.07 0.051 0.087
258 L 0.062 0.021 0.016 0.017 0.015 0.015 0.021 0.025 0.011 0.159 0.164 0.024 0.053 0.132 0.014 0.031 0.043 0.008 0.034 0.134
259 G 0.14 0.025 0.035 0.032 0.013 0.021 0.03 0.378 0.013 0.024 0.034 0.036 0.011 0.017 0.021 0.082 0.038 0.005 0.012 0.034
260 L 0.07 0.021 0.019 0.019 0.045 0.016 0.022 0.028 0.01 0.154 0.157 0.026 0.029 0.082 0.016 0.048 0.055 0.007 0.026 0.151
261 L 0.079 0.024 0.021 0.022 0.015 0.018 0.025 0.062 0.012 0.114 0.193 0.029 0.041 0.083 0.017 0.062 0.047 0.007 0.026 0.103
262 L 0.11 0.025 0.025 0.024 0.045 0.02 0.027 0.129 0.012 0.089 0.147 0.032 0.058 0.031 0.019 0.07 0.04 0.006 0.017 0.073
263 S 0.122 0.032 0.056 0.037 0.044 0.026 0.04 0.053 0.041 0.034 0.051 0.041 0.016 0.074 0.023 0.157 0.054 0.007 0.046 0.044
264 L 0.044 0.02 0.014 0.015 0.015 0.015 0.018 0.02 0.009 0.199 0.28 0.023 0.05 0.045 0.014 0.024 0.035 0.006 0.02 0.133
265 L 0.049 0.02 0.014 0.015 0.015 0.014 0.019 0.021 0.009 0.143 0.247 0.023 0.036 0.088 0.014 0.026 0.036 0.007 0.027 0.176
266 L 0.048 0.02 0.014 0.016 0.016 0.014 0.019 0.02 0.008 0.202 0.24 0.023 0.037 0.042 0.014 0.025 0.037 0.006 0.02 0.18
267 Y 0.037 0.025 0.02 0.017 0.009 0.019 0.025 0.023 0.04 0.043 0.068 0.028 0.018 0.158 0.014 0.028 0.026 0.025 0.335 0.044
268 L 0.05 0.029 0.02 0.02 0.015 0.024 0.026 0.027 0.014 0.104 0.2 0.033 0.179 0.044 0.015 0.046 0.039 0.007 0.022 0.088
269 A 0.193 0.026 0.025 0.026 0.017 0.021 0.032 0.081 0.013 0.109 0.084 0.036 0.032 0.026 0.023 0.074 0.074 0.005 0.017 0.085
270 T 0.058 0.034 0.093 0.039 0.014 0.039 0.038 0.041 0.017 0.056 0.07 0.042 0.03 0.071 0.021 0.077 0.164 0.006 0.025 0.065
271 G 0.12 0.023 0.034 0.031 0.012 0.019 0.026 0.463 0.013 0.021 0.031 0.033 0.01 0.016 0.019 0.053 0.031 0.005 0.011 0.03
272 A 0.187 0.033 0.033 0.033 0.017 0.039 0.041 0.087 0.015 0.043 0.091 0.044 0.019 0.023 0.025 0.128 0.067 0.005 0.017 0.055
273 K 0.053 0.099 0.038 0.038 0.008 0.05 0.066 0.04 0.019 0.026 0.04 0.332 0.014 0.014 0.026 0.05 0.037 0.005 0.016 0.03
274 A 0.159 0.032 0.037 0.035 0.017 0.026 0.039 0.086 0.015 0.04 0.07 0.043 0.017 0.022 0.026 0.145 0.115 0.005 0.016 0.054
275 A 0.164 0.03 0.053 0.058 0.016 0.025 0.039 0.083 0.016 0.044 0.054 0.041 0.016 0.026 0.024 0.094 0.107 0.006 0.036 0.068
276 L 0.04 0.019 0.014 0.015 0.014 0.013 0.018 0.02 0.01 0.188 0.256 0.022 0.037 0.114 0.013 0.023 0.032 0.008 0.031 0.113
277 L 0.047 0.023 0.017 0.018 0.014 0.016 0.021 0.054 0.011 0.093 0.307 0.025 0.049 0.09 0.014 0.04 0.034 0.007 0.027 0.091
278 L 0.1 0.026 0.02 0.02 0.015 0.021 0.027 0.034 0.014 0.092 0.183 0.031 0.108 0.085 0.017 0.052 0.038 0.008 0.027 0.08
279 P 0.052 0.024 0.021 0.027 0.01 0.019 0.031 0.062 0.012 0.033 0.079 0.036 0.014 0.017 0.44 0.039 0.033 0.003 0.013 0.035
280 L 0.045 0.021 0.015 0.017 0.014 0.015 0.02 0.037 0.01 0.152 0.258 0.025 0.035 0.064 0.074 0.026 0.033 0.006 0.022 0.111
281 I 0.082 0.023 0.019 0.02 0.015 0.03 0.026 0.029 0.011 0.167 0.132 0.029 0.028 0.104 0.016 0.036 0.053 0.007 0.03 0.142
282 L 0.103 0.024 0.019 0.023 0.016 0.02 0.043 0.032 0.011 0.148 0.165 0.031 0.041 0.035 0.018 0.04 0.055 0.006 0.019 0.152
283 Y 0.038 0.022 0.018 0.017 0.04 0.016 0.022 0.023 0.027 0.07 0.109 0.025 0.034 0.193 0.013 0.027 0.027 0.018 0.202 0.058
284 G 0.106 0.023 0.028 0.026 0.014 0.018 0.026 0.278 0.012 0.067 0.099 0.031 0.019 0.036 0.018 0.059 0.036 0.006 0.016 0.082
285 L 0.046 0.021 0.015 0.016 0.044 0.015 0.019 0.022 0.01 0.127 0.239 0.023 0.051 0.111 0.013 0.026 0.034 0.008 0.031 0.13
286 Y 0.051 0.024 0.025 0.022 0.041 0.019 0.026 0.118 0.048 0.063 0.086 0.029 0.019 0.089 0.016 0.047 0.032 0.014 0.166 0.065
287 K 0.065 0.094 0.027 0.026 0.011 0.043 0.041 0.034 0.021 0.048 0.071 0.097 0.018 0.067 0.018 0.052 0.035 0.071 0.088 0.072
288 L 0.072 0.021 0.015 0.016 0.074 0.015 0.02 0.027 0.012 0.121 0.214 0.024 0.032 0.09 0.015 0.031 0.034 0.008 0.046 0.114
289 L 0.04 0.022 0.015 0.015 0.013 0.015 0.02 0.022 0.017 0.097 0.233 0.024 0.044 0.129 0.013 0.025 0.03 0.042 0.095 0.089
290 K 0.069 0.109 0.034 0.077 0.011 0.032 0.046 0.111 0.016 0.048 0.092 0.125 0.018 0.021 0.02 0.044 0.035 0.005 0.015 0.071
291 K 0.049 0.089 0.056 0.069 0.009 0.033 0.048 0.053 0.046 0.027 0.043 0.115 0.014 0.04 0.019 0.068 0.036 0.07 0.085 0.031
292 G 0.06 0.042 0.056 0.039 0.011 0.058 0.062 0.205 0.017 0.08 0.059 0.081 0.017 0.021 0.02 0.06 0.037 0.005 0.015 0.056
293 R 0.053 0.16 0.033 0.033 0.01 0.038 0.065 0.105 0.02 0.043 0.053 0.132 0.016 0.026 0.02 0.043 0.035 0.007 0.04 0.07
294 K 0.051 0.06 0.029 0.028 0.012 0.036 0.044 0.033 0.024 0.059 0.108 0.136 0.079 0.051 0.02 0.041 0.037 0.011 0.082 0.059
295 K 0.052 0.072 0.106 0.046 0.01 0.042 0.054 0.044 0.022 0.044 0.078 0.165 0.053 0.024 0.023 0.053 0.042 0.006 0.018 0.046
296 R 0.045 0.345 0.039 0.031 0.008 0.048 0.052 0.033 0.023 0.023 0.047 0.12 0.016 0.017 0.019 0.045 0.035 0.006 0.017 0.031
297 Y 0.04 0.028 0.022 0.019 0.009 0.022 0.028 0.025 0.047 0.044 0.068 0.031 0.019 0.131 0.016 0.031 0.028 0.028 0.318 0.047
298 D 0.055 0.035 0.135 0.178 0.009 0.028 0.055 0.168 0.019 0.021 0.029 0.059 0.01 0.016 0.021 0.079 0.04 0.004 0.012 0.026
299 F 0.057 0.02 0.016 0.017 0.013 0.014 0.021 0.026 0.014 0.103 0.177 0.023 0.029 0.206 0.043 0.028 0.03 0.011 0.065 0.088
300 L 0.047 0.067 0.086 0.035 0.011 0.029 0.039 0.036 0.018 0.051 0.144 0.108 0.034 0.075 0.048 0.054 0.037 0.006 0.025 0.049
301 L 0.068 0.032 0.024 0.024 0.013 0.035 0.032 0.062 0.019 0.077 0.19 0.05 0.028 0.073 0.017 0.062 0.037 0.01 0.084 0.065
302 L 0.054 0.13 0.052 0.029 0.012 0.027 0.034 0.069 0.016 0.062 0.179 0.055 0.026 0.03 0.018 0.069 0.04 0.006 0.018 0.072
303 L 0.042 0.021 0.017 0.017 0.013 0.014 0.02 0.024 0.012 0.099 0.252 0.023 0.034 0.19 0.013 0.039 0.032 0.01 0.044 0.084
304 P 0.075 0.028 0.027 0.028 0.013 0.035 0.034 0.081 0.015 0.049 0.134 0.037 0.022 0.055 0.139 0.076 0.054 0.007 0.04 0.05
305 L 0.064 0.022 0.017 0.018 0.015 0.016 0.022 0.026 0.012 0.158 0.229 0.026 0.045 0.079 0.015 0.042 0.037 0.007 0.035 0.115
306 L 0.083 0.02 0.017 0.018 0.045 0.015 0.021 0.058 0.01 0.16 0.163 0.025 0.029 0.06 0.015 0.033 0.036 0.037 0.024 0.133
307 L 0.065 0.026 0.027 0.025 0.016 0.019 0.027 0.13 0.011 0.088 0.142 0.032 0.026 0.031 0.019 0.051 0.11 0.006 0.017 0.134
308 L 0.06 0.021 0.016 0.017 0.014 0.016 0.021 0.025 0.012 0.156 0.18 0.025 0.071 0.134 0.014 0.029 0.034 0.008 0.035 0.114
309 G 0.1 0.025 0.03 0.028 0.074 0.019 0.029 0.161 0.013 0.059 0.081 0.033 0.018 0.071 0.019 0.093 0.057 0.006 0.022 0.061
310 L 0.124 0.024 0.019 0.021 0.016 0.018 0.026 0.037 0.012 0.114 0.162 0.03 0.04 0.084 0.018 0.055 0.041 0.007 0.027 0.128
311 A 0.288 0.031 0.026 0.03 0.022 0.026 0.041 0.078 0.015 0.043 0.06 0.045 0.018 0.022 0.03 0.085 0.05 0.005 0.018 0.069
312 L 0.051 0.021 0.015 0.015 0.174 0.015 0.019 0.025 0.009 0.091 0.276 0.023 0.038 0.043 0.015 0.029 0.034 0.006 0.019 0.082
313 L 0.109 0.023 0.022 0.022 0.015 0.017 0.025 0.137 0.012 0.097 0.147 0.029 0.025 0.083 0.018 0.044 0.052 0.007 0.025 0.09
314 V 0.072 0.021 0.017 0.018 0.016 0.017 0.022 0.06 0.01 0.173 0.169 0.026 0.056 0.038 0.016 0.032 0.039 0.006 0.019 0.174
315 L 0.082 0.023 0.018 0.019 0.015 0.017 0.023 0.06 0.011 0.099 0.219 0.027 0.043 0.074 0.016 0.036 0.05 0.038 0.027 0.106
316 L 0.055 0.024 0.022 0.022 0.015 0.018 0.025 0.029 0.012 0.106 0.146 0.029 0.05 0.128 0.016 0.063 0.071 0.008 0.034 0.126
317 L 0.045 0.022 0.018 0.018 0.013 0.015 0.022 0.025 0.012 0.097 0.245 0.025 0.033 0.114 0.014 0.042 0.048 0.069 0.036 0.089
318 F 0.045 0.021 0.017 0.017 0.013 0.014 0.021 0.024 0.014 0.113 0.156 0.023 0.029 0.193 0.014 0.03 0.052 0.011 0.07 0.122
319 L 0.097 0.031 0.026 0.051 0.013 0.023 0.051 0.037 0.018 0.052 0.125 0.05 0.022 0.111 0.018 0.051 0.057 0.04 0.072 0.054
320 L 0.063 0.022 0.014 0.016 0.016 0.015 0.02 0.023 0.009 0.149 0.311 0.024 0.04 0.045 0.014 0.027 0.035 0.006 0.02 0.131
