#Seq2Logo.py -f /work3/idamei/ssn-clusterings/2206011120/clusters/0019_127/sequences.afa -m 0.0001 -b 50 -o /work3/idamei/ssn-clusterings/2206011120/clusters/0019_127/sequences.logo
#Position Specific Frequency Matrix
A R N D C Q E G H I L K M F P S T W Y V
0 M 0.042 0.026 0.016 0.016 0.013 0.023 0.023 0.023 0.013 0.081 0.159 0.029 0.323 0.039 0.013 0.029 0.032 0.006 0.019 0.075
1 E 0.056 0.05 0.041 0.091 0.008 0.065 0.287 0.035 0.026 0.022 0.037 0.077 0.013 0.017 0.026 0.056 0.037 0.006 0.017 0.032
2 S 0.111 0.041 0.055 0.05 0.018 0.034 0.053 0.067 0.019 0.03 0.042 0.055 0.016 0.021 0.03 0.209 0.083 0.005 0.018 0.042
3 R 0.045 0.336 0.039 0.031 0.008 0.049 0.053 0.033 0.024 0.024 0.047 0.122 0.016 0.018 0.02 0.045 0.035 0.006 0.018 0.031
4 F 0.034 0.019 0.017 0.017 0.011 0.011 0.019 0.026 0.017 0.064 0.116 0.019 0.026 0.379 0.011 0.026 0.026 0.017 0.09 0.056
5 G 0.079 0.023 0.04 0.034 0.011 0.019 0.026 0.503 0.014 0.019 0.029 0.034 0.01 0.016 0.019 0.052 0.03 0.005 0.011 0.025
6 Q 0.057 0.074 0.045 0.048 0.009 0.204 0.104 0.042 0.03 0.027 0.048 0.092 0.021 0.015 0.024 0.057 0.042 0.006 0.021 0.036
7 D 0.042 0.03 0.07 0.389 0.008 0.03 0.093 0.047 0.019 0.023 0.028 0.045 0.009 0.015 0.023 0.053 0.036 0.004 0.011 0.025
8 D 0.042 0.03 0.07 0.389 0.008 0.03 0.093 0.047 0.019 0.023 0.028 0.045 0.009 0.015 0.023 0.053 0.036 0.004 0.011 0.025
9 G 0.079 0.023 0.04 0.034 0.011 0.019 0.026 0.503 0.014 0.019 0.029 0.034 0.01 0.016 0.019 0.052 0.03 0.005 0.011 0.025
10 D 0.042 0.03 0.07 0.389 0.008 0.03 0.093 0.047 0.019 0.023 0.028 0.045 0.009 0.015 0.023 0.053 0.036 0.004 0.011 0.025
11 F 0.034 0.019 0.017 0.017 0.011 0.011 0.019 0.026 0.017 0.064 0.116 0.019 0.026 0.379 0.011 0.026 0.026 0.017 0.09 0.056
12 R 0.045 0.336 0.039 0.031 0.008 0.049 0.053 0.033 0.024 0.024 0.047 0.122 0.016 0.018 0.02 0.045 0.035 0.006 0.018 0.031
13 A 0.281 0.031 0.026 0.03 0.022 0.026 0.041 0.079 0.015 0.044 0.06 0.045 0.018 0.022 0.03 0.086 0.051 0.005 0.018 0.07
14 Y 0.041 0.028 0.022 0.019 0.009 0.022 0.028 0.025 0.047 0.044 0.069 0.032 0.019 0.133 0.016 0.032 0.028 0.028 0.309 0.047
15 P 0.058 0.026 0.024 0.031 0.01 0.021 0.037 0.037 0.013 0.026 0.037 0.042 0.01 0.013 0.487 0.044 0.037 0.003 0.013 0.031
16 V 0.071 0.022 0.017 0.018 0.019 0.017 0.024 0.025 0.008 0.167 0.132 0.026 0.032 0.036 0.017 0.033 0.05 0.006 0.021 0.259
17 W 0.031 0.023 0.015 0.015 0.008 0.015 0.023 0.031 0.015 0.031 0.054 0.023 0.015 0.061 0.008 0.023 0.023 0.486 0.069 0.031
18 R 0.045 0.336 0.039 0.031 0.008 0.049 0.053 0.033 0.024 0.024 0.047 0.122 0.016 0.018 0.02 0.045 0.035 0.006 0.018 0.031
19 Q 0.057 0.074 0.045 0.048 0.009 0.204 0.104 0.042 0.03 0.027 0.048 0.092 0.021 0.015 0.024 0.057 0.042 0.006 0.021 0.036
20 R 0.045 0.336 0.039 0.031 0.008 0.049 0.053 0.033 0.024 0.024 0.047 0.122 0.016 0.018 0.02 0.045 0.035 0.006 0.018 0.031
21 E 0.056 0.05 0.041 0.091 0.008 0.065 0.287 0.035 0.026 0.022 0.037 0.077 0.013 0.017 0.026 0.056 0.037 0.006 0.017 0.032
22 K 0.058 0.109 0.042 0.042 0.009 0.054 0.072 0.044 0.021 0.028 0.044 0.268 0.016 0.016 0.028 0.054 0.04 0.005 0.018 0.033
23 L 0.053 0.033 0.02 0.02 0.016 0.028 0.028 0.028 0.016 0.102 0.199 0.037 0.149 0.049 0.016 0.037 0.041 0.008 0.024 0.094
24 F 0.039 0.069 0.022 0.021 0.009 0.022 0.03 0.024 0.05 0.106 0.076 0.118 0.019 0.141 0.014 0.029 0.029 0.008 0.064 0.108
25 I 0.048 0.018 0.015 0.018 0.016 0.013 0.018 0.021 0.009 0.261 0.17 0.024 0.037 0.045 0.015 0.025 0.04 0.006 0.021 0.179
26 N 0.043 0.046 0.308 0.084 0.009 0.034 0.05 0.066 0.032 0.023 0.032 0.055 0.011 0.018 0.02 0.071 0.05 0.005 0.016 0.027
27 Q 0.057 0.074 0.045 0.048 0.009 0.204 0.104 0.042 0.03 0.027 0.048 0.092 0.021 0.015 0.024 0.057 0.042 0.006 0.021 0.036
28 V 0.071 0.022 0.017 0.018 0.019 0.017 0.024 0.025 0.008 0.167 0.132 0.026 0.032 0.036 0.017 0.033 0.05 0.006 0.021 0.259
29 L 0.045 0.025 0.014 0.015 0.016 0.016 0.02 0.022 0.01 0.117 0.367 0.026 0.05 0.055 0.014 0.025 0.034 0.007 0.023 0.097
30 A 0.281 0.031 0.026 0.03 0.022 0.026 0.041 0.079 0.015 0.044 0.06 0.045 0.018 0.022 0.03 0.086 0.051 0.005 0.018 0.07
31 C 0.066 0.017 0.017 0.017 0.477 0.012 0.017 0.033 0.008 0.045 0.066 0.021 0.017 0.021 0.017 0.041 0.037 0.004 0.012 0.058
32 R 0.045 0.336 0.039 0.031 0.008 0.049 0.053 0.033 0.024 0.024 0.047 0.122 0.016 0.018 0.02 0.045 0.035 0.006 0.018 0.031
33 R 0.045 0.336 0.039 0.031 0.008 0.049 0.053 0.033 0.024 0.024 0.047 0.122 0.016 0.018 0.02 0.045 0.035 0.006 0.018 0.031
34 G 0.079 0.023 0.04 0.034 0.011 0.019 0.026 0.503 0.014 0.019 0.029 0.034 0.01 0.016 0.019 0.052 0.03 0.005 0.011 0.025
35 N 0.043 0.046 0.308 0.084 0.009 0.034 0.05 0.066 0.032 0.023 0.032 0.055 0.011 0.018 0.02 0.071 0.05 0.005 0.016 0.027
36 C 0.066 0.017 0.017 0.017 0.477 0.012 0.017 0.033 0.008 0.045 0.066 0.021 0.017 0.021 0.017 0.041 0.037 0.004 0.012 0.058
37 Y 0.041 0.028 0.022 0.019 0.009 0.022 0.028 0.025 0.047 0.044 0.069 0.032 0.019 0.133 0.016 0.032 0.028 0.028 0.309 0.047
38 G 0.079 0.023 0.04 0.034 0.011 0.019 0.026 0.503 0.014 0.019 0.029 0.034 0.01 0.016 0.019 0.052 0.03 0.005 0.011 0.025
39 G 0.079 0.023 0.04 0.034 0.011 0.019 0.026 0.503 0.014 0.019 0.029 0.034 0.01 0.016 0.019 0.052 0.03 0.005 0.011 0.025
40 W 0.031 0.023 0.015 0.015 0.008 0.015 0.023 0.031 0.015 0.031 0.054 0.023 0.015 0.061 0.008 0.023 0.023 0.486 0.069 0.031
41 E 0.056 0.05 0.041 0.091 0.008 0.065 0.287 0.035 0.026 0.022 0.037 0.077 0.013 0.017 0.026 0.056 0.037 0.006 0.017 0.032
42 V 0.071 0.022 0.017 0.018 0.019 0.017 0.024 0.025 0.008 0.167 0.132 0.026 0.032 0.036 0.017 0.033 0.05 0.006 0.021 0.259
43 N 0.043 0.046 0.308 0.084 0.009 0.034 0.05 0.066 0.032 0.023 0.032 0.055 0.011 0.018 0.02 0.071 0.05 0.005 0.016 0.027
44 R 0.045 0.336 0.039 0.031 0.008 0.049 0.053 0.033 0.024 0.024 0.047 0.122 0.016 0.018 0.02 0.045 0.035 0.006 0.018 0.031
45 Y 0.041 0.028 0.022 0.019 0.009 0.022 0.028 0.025 0.047 0.044 0.069 0.032 0.019 0.133 0.016 0.032 0.028 0.028 0.309 0.047
46 A 0.281 0.031 0.026 0.03 0.022 0.026 0.041 0.079 0.015 0.044 0.06 0.045 0.018 0.022 0.03 0.086 0.051 0.005 0.018 0.07
47 V 0.071 0.022 0.017 0.018 0.019 0.017 0.024 0.025 0.008 0.167 0.132 0.026 0.032 0.036 0.017 0.033 0.05 0.006 0.021 0.259
48 P 0.058 0.026 0.024 0.031 0.01 0.021 0.037 0.037 0.013 0.026 0.037 0.042 0.01 0.013 0.487 0.044 0.037 0.003 0.013 0.031
49 L 0.045 0.025 0.014 0.015 0.016 0.016 0.02 0.022 0.01 0.117 0.367 0.026 0.05 0.055 0.014 0.025 0.034 0.007 0.023 0.097
50 P 0.058 0.026 0.024 0.031 0.01 0.021 0.037 0.037 0.013 0.026 0.037 0.042 0.01 0.013 0.487 0.044 0.037 0.003 0.013 0.031
51 F 0.034 0.019 0.017 0.017 0.011 0.011 0.019 0.026 0.017 0.064 0.116 0.019 0.026 0.379 0.011 0.026 0.026 0.017 0.09 0.056
52 S 0.111 0.041 0.055 0.05 0.018 0.034 0.053 0.067 0.019 0.03 0.042 0.055 0.016 0.021 0.03 0.209 0.083 0.005 0.018 0.042
53 L 0.045 0.025 0.014 0.015 0.016 0.016 0.02 0.022 0.01 0.117 0.367 0.026 0.05 0.055 0.014 0.025 0.034 0.007 0.023 0.097
54 K 0.083 0.088 0.067 0.034 0.01 0.032 0.044 0.04 0.016 0.059 0.048 0.172 0.014 0.017 0.071 0.075 0.068 0.004 0.014 0.044
55 N 0.056 0.048 0.142 0.057 0.011 0.036 0.094 0.046 0.022 0.072 0.055 0.094 0.016 0.021 0.022 0.087 0.047 0.005 0.016 0.053
56 N 0.056 0.057 0.128 0.047 0.012 0.034 0.047 0.044 0.02 0.071 0.067 0.122 0.019 0.023 0.021 0.051 0.046 0.005 0.018 0.113
57 Q 0.056 0.074 0.044 0.047 0.009 0.215 0.103 0.041 0.029 0.026 0.047 0.091 0.021 0.015 0.024 0.056 0.041 0.006 0.021 0.035
58 S 0.11 0.04 0.054 0.049 0.018 0.033 0.052 0.066 0.019 0.03 0.042 0.054 0.016 0.021 0.03 0.22 0.082 0.005 0.018 0.042
59 L 0.045 0.024 0.014 0.015 0.016 0.016 0.02 0.021 0.01 0.115 0.375 0.025 0.05 0.055 0.014 0.024 0.033 0.007 0.022 0.096
60 K 0.057 0.107 0.042 0.042 0.009 0.054 0.071 0.043 0.021 0.028 0.043 0.278 0.016 0.016 0.028 0.054 0.04 0.005 0.017 0.033
61 E 0.055 0.05 0.04 0.09 0.007 0.064 0.297 0.035 0.026 0.022 0.037 0.076 0.013 0.017 0.026 0.055 0.037 0.006 0.017 0.031
62 T 0.073 0.036 0.043 0.038 0.018 0.028 0.039 0.043 0.014 0.053 0.065 0.045 0.02 0.024 0.028 0.093 0.247 0.006 0.018 0.071
63 I 0.047 0.018 0.015 0.018 0.016 0.013 0.018 0.021 0.009 0.271 0.168 0.024 0.037 0.044 0.015 0.025 0.04 0.006 0.021 0.177
64 K 0.057 0.107 0.042 0.042 0.009 0.054 0.071 0.043 0.021 0.028 0.043 0.278 0.016 0.016 0.028 0.054 0.04 0.005 0.017 0.033
65 L 0.045 0.024 0.014 0.015 0.016 0.016 0.02 0.021 0.01 0.115 0.375 0.025 0.05 0.055 0.014 0.024 0.033 0.007 0.022 0.096
66 F 0.034 0.019 0.017 0.017 0.011 0.011 0.019 0.025 0.017 0.063 0.114 0.019 0.025 0.387 0.011 0.025 0.025 0.017 0.089 0.055
67 A 0.29 0.031 0.026 0.03 0.022 0.026 0.04 0.078 0.015 0.043 0.059 0.045 0.018 0.022 0.03 0.085 0.05 0.005 0.018 0.069
68 N 0.043 0.045 0.317 0.083 0.009 0.034 0.049 0.065 0.032 0.022 0.032 0.054 0.011 0.018 0.02 0.07 0.049 0.004 0.016 0.027
69 D 0.041 0.03 0.069 0.397 0.008 0.03 0.091 0.047 0.019 0.022 0.028 0.045 0.009 0.015 0.022 0.052 0.035 0.004 0.011 0.024
70 E 0.055 0.05 0.04 0.09 0.007 0.064 0.297 0.035 0.026 0.022 0.037 0.076 0.013 0.017 0.026 0.055 0.037 0.006 0.017 0.031
71 H 0.042 0.046 0.053 0.038 0.008 0.038 0.053 0.038 0.355 0.023 0.038 0.046 0.015 0.03 0.019 0.042 0.027 0.008 0.057 0.023
72 Y 0.04 0.028 0.022 0.019 0.009 0.022 0.028 0.025 0.047 0.044 0.068 0.031 0.019 0.131 0.016 0.031 0.028 0.028 0.318 0.047
73 H 0.042 0.046 0.053 0.038 0.008 0.038 0.053 0.038 0.355 0.023 0.038 0.046 0.015 0.03 0.019 0.042 0.027 0.008 0.057 0.023
74 H 0.042 0.046 0.053 0.038 0.008 0.038 0.053 0.038 0.355 0.023 0.038 0.046 0.015 0.03 0.019 0.042 0.027 0.008 0.057 0.023
75 L 0.045 0.024 0.014 0.015 0.016 0.016 0.02 0.021 0.01 0.115 0.375 0.025 0.05 0.055 0.014 0.024 0.033 0.007 0.022 0.096
76 R 0.048 0.147 0.117 0.048 0.008 0.095 0.066 0.044 0.025 0.024 0.04 0.141 0.015 0.016 0.022 0.053 0.039 0.005 0.017 0.03
77 I 0.047 0.026 0.053 0.023 0.012 0.018 0.025 0.027 0.013 0.193 0.151 0.056 0.024 0.035 0.015 0.079 0.037 0.006 0.049 0.11
78 T 0.061 0.032 0.035 0.03 0.015 0.025 0.035 0.036 0.024 0.049 0.065 0.04 0.019 0.058 0.023 0.07 0.186 0.013 0.123 0.061
79 D 0.043 0.023 0.041 0.213 0.012 0.021 0.053 0.033 0.013 0.154 0.096 0.034 0.023 0.029 0.018 0.038 0.037 0.005 0.016 0.099
80 K 0.049 0.117 0.088 0.036 0.008 0.059 0.048 0.038 0.056 0.023 0.036 0.158 0.013 0.022 0.019 0.101 0.046 0.006 0.05 0.028
81 R 0.043 0.2 0.032 0.027 0.01 0.033 0.039 0.028 0.078 0.116 0.082 0.072 0.022 0.027 0.017 0.036 0.034 0.006 0.024 0.075
82 K 0.051 0.083 0.094 0.034 0.008 0.056 0.044 0.035 0.055 0.03 0.075 0.159 0.015 0.062 0.018 0.057 0.032 0.007 0.055 0.032
83 K 0.048 0.045 0.094 0.041 0.009 0.057 0.102 0.035 0.017 0.062 0.111 0.129 0.018 0.02 0.019 0.091 0.037 0.004 0.015 0.044
84 T 0.058 0.037 0.035 0.071 0.012 0.028 0.07 0.037 0.014 0.054 0.08 0.097 0.016 0.019 0.021 0.126 0.159 0.004 0.014 0.048
85 L 0.036 0.051 0.014 0.014 0.012 0.013 0.018 0.019 0.01 0.187 0.217 0.025 0.029 0.144 0.011 0.022 0.028 0.007 0.029 0.113
86 I 0.067 0.016 0.013 0.015 0.013 0.012 0.017 0.021 0.009 0.248 0.174 0.02 0.028 0.119 0.012 0.024 0.03 0.006 0.027 0.129
87 L 0.032 0.017 0.012 0.013 0.011 0.011 0.016 0.019 0.011 0.098 0.282 0.018 0.03 0.256 0.01 0.02 0.024 0.009 0.043 0.067
88 F 0.033 0.017 0.015 0.015 0.01 0.011 0.016 0.064 0.013 0.109 0.153 0.018 0.023 0.294 0.01 0.022 0.024 0.011 0.079 0.062
89 S 0.111 0.041 0.055 0.05 0.018 0.034 0.053 0.067 0.019 0.03 0.042 0.055 0.016 0.021 0.03 0.209 0.083 0.005 0.018 0.042
90 F 0.039 0.018 0.016 0.016 0.011 0.013 0.018 0.065 0.012 0.118 0.182 0.021 0.025 0.184 0.012 0.027 0.054 0.009 0.066 0.094
91 L 0.048 0.02 0.017 0.017 0.013 0.014 0.02 0.068 0.01 0.123 0.188 0.023 0.049 0.105 0.013 0.06 0.034 0.006 0.025 0.148
92 C 0.066 0.017 0.017 0.017 0.477 0.012 0.017 0.033 0.008 0.045 0.066 0.021 0.017 0.021 0.017 0.041 0.037 0.004 0.012 0.058
93 G 0.197 0.023 0.025 0.024 0.013 0.018 0.027 0.22 0.012 0.028 0.04 0.031 0.012 0.021 0.018 0.053 0.086 0.095 0.019 0.04
94 I 0.042 0.017 0.015 0.016 0.057 0.012 0.017 0.05 0.008 0.212 0.195 0.021 0.028 0.069 0.013 0.027 0.058 0.006 0.02 0.12
95 L 0.104 0.02 0.017 0.017 0.014 0.015 0.02 0.071 0.009 0.154 0.213 0.024 0.027 0.031 0.015 0.034 0.06 0.005 0.016 0.134
96 L 0.036 0.02 0.011 0.012 0.013 0.013 0.016 0.017 0.008 0.093 0.496 0.02 0.04 0.044 0.011 0.02 0.027 0.006 0.018 0.078
97 I 0.047 0.017 0.016 0.017 0.013 0.013 0.019 0.022 0.008 0.31 0.117 0.022 0.027 0.044 0.014 0.066 0.037 0.005 0.018 0.167
98 L 0.039 0.017 0.012 0.013 0.1 0.012 0.016 0.019 0.009 0.105 0.308 0.019 0.031 0.109 0.011 0.022 0.028 0.006 0.025 0.098
99 I 0.103 0.019 0.017 0.018 0.014 0.014 0.021 0.028 0.009 0.226 0.162 0.025 0.026 0.043 0.015 0.05 0.062 0.005 0.018 0.125
100 A 0.347 0.026 0.024 0.026 0.017 0.021 0.033 0.058 0.012 0.041 0.05 0.036 0.015 0.018 0.023 0.112 0.044 0.004 0.014 0.079
101 G 0.063 0.019 0.032 0.027 0.009 0.016 0.022 0.561 0.011 0.017 0.025 0.028 0.008 0.014 0.016 0.044 0.052 0.004 0.009 0.022
102 F 0.031 0.017 0.013 0.013 0.011 0.011 0.016 0.019 0.011 0.07 0.279 0.018 0.029 0.293 0.01 0.02 0.023 0.01 0.047 0.06
103 R 0.038 0.383 0.032 0.027 0.006 0.04 0.046 0.028 0.018 0.02 0.037 0.171 0.012 0.014 0.017 0.038 0.029 0.005 0.014 0.025
104 P 0.047 0.029 0.022 0.027 0.009 0.046 0.035 0.03 0.012 0.026 0.034 0.066 0.01 0.012 0.445 0.04 0.058 0.003 0.012 0.038
105 I 0.043 0.018 0.014 0.017 0.012 0.013 0.02 0.021 0.008 0.2 0.154 0.024 0.024 0.028 0.19 0.026 0.032 0.004 0.015 0.138
106 G 0.06 0.022 0.032 0.034 0.008 0.021 0.084 0.516 0.012 0.016 0.024 0.032 0.008 0.013 0.016 0.042 0.025 0.004 0.009 0.02
107 L 0.034 0.017 0.013 0.014 0.011 0.012 0.016 0.018 0.014 0.173 0.224 0.02 0.028 0.157 0.011 0.021 0.026 0.01 0.096 0.084
108 D 0.032 0.023 0.049 0.437 0.006 0.022 0.065 0.035 0.015 0.023 0.033 0.033 0.009 0.088 0.017 0.039 0.027 0.005 0.019 0.023
109 R 0.098 0.342 0.03 0.026 0.008 0.062 0.045 0.033 0.018 0.022 0.039 0.11 0.013 0.014 0.018 0.042 0.031 0.005 0.014 0.03
110 D 0.033 0.024 0.056 0.514 0.006 0.024 0.074 0.038 0.015 0.018 0.023 0.036 0.008 0.012 0.018 0.042 0.029 0.003 0.009 0.02
111 S 0.112 0.031 0.041 0.038 0.014 0.026 0.041 0.053 0.015 0.026 0.036 0.042 0.013 0.017 0.024 0.325 0.089 0.004 0.014 0.037
112 L 0.041 0.022 0.019 0.022 0.011 0.018 0.053 0.023 0.047 0.137 0.207 0.027 0.026 0.094 0.058 0.051 0.03 0.006 0.037 0.071
113 N 0.043 0.032 0.221 0.044 0.01 0.049 0.036 0.039 0.018 0.069 0.083 0.039 0.016 0.02 0.017 0.052 0.119 0.004 0.014 0.074
114 Y 0.033 0.023 0.018 0.015 0.008 0.018 0.023 0.02 0.038 0.035 0.055 0.025 0.015 0.105 0.013 0.025 0.023 0.023 0.45 0.038
115 V 0.107 0.02 0.016 0.017 0.015 0.015 0.021 0.028 0.009 0.165 0.188 0.024 0.027 0.031 0.015 0.056 0.037 0.005 0.016 0.188
116 E 0.052 0.035 0.102 0.121 0.009 0.031 0.134 0.127 0.017 0.021 0.03 0.072 0.01 0.014 0.02 0.098 0.064 0.004 0.012 0.027
117 L 0.045 0.031 0.021 0.027 0.012 0.027 0.088 0.026 0.013 0.09 0.17 0.063 0.161 0.032 0.015 0.057 0.034 0.006 0.017 0.066
118 I 0.038 0.017 0.013 0.014 0.013 0.013 0.016 0.017 0.01 0.309 0.187 0.02 0.053 0.043 0.012 0.021 0.031 0.006 0.05 0.119
119 N 0.07 0.066 0.144 0.036 0.009 0.075 0.038 0.08 0.021 0.034 0.107 0.044 0.017 0.033 0.016 0.05 0.033 0.007 0.081 0.037
120 R 0.102 0.131 0.094 0.071 0.01 0.036 0.059 0.039 0.016 0.059 0.079 0.052 0.016 0.019 0.018 0.072 0.063 0.004 0.014 0.045
121 P 0.058 0.026 0.061 0.032 0.01 0.02 0.032 0.082 0.016 0.026 0.038 0.035 0.012 0.059 0.195 0.142 0.068 0.006 0.05 0.032
122 A 0.236 0.034 0.035 0.036 0.02 0.028 0.044 0.073 0.016 0.038 0.053 0.047 0.017 0.021 0.029 0.133 0.06 0.005 0.017 0.059
123 G 0.077 0.023 0.039 0.033 0.011 0.019 0.025 0.517 0.013 0.019 0.028 0.033 0.009 0.016 0.019 0.051 0.029 0.005 0.011 0.024
124 L 0.07 0.017 0.013 0.015 0.012 0.012 0.017 0.022 0.01 0.2 0.203 0.02 0.029 0.163 0.012 0.025 0.029 0.007 0.032 0.093
125 D 0.084 0.034 0.072 0.122 0.011 0.036 0.068 0.04 0.015 0.037 0.117 0.072 0.017 0.02 0.019 0.104 0.071 0.004 0.014 0.041
126 D 0.041 0.029 0.044 0.248 0.008 0.058 0.059 0.102 0.02 0.027 0.041 0.039 0.012 0.082 0.017 0.041 0.029 0.008 0.068 0.028
127 A 0.125 0.026 0.031 0.077 0.013 0.024 0.07 0.095 0.013 0.106 0.066 0.037 0.018 0.022 0.02 0.1 0.043 0.005 0.015 0.093
128 D 0.044 0.03 0.074 0.222 0.007 0.052 0.083 0.124 0.054 0.02 0.029 0.04 0.01 0.021 0.018 0.067 0.031 0.005 0.047 0.023
129 L 0.034 0.019 0.014 0.018 0.011 0.014 0.048 0.019 0.011 0.122 0.27 0.022 0.03 0.194 0.011 0.022 0.026 0.008 0.035 0.072
130 L 0.033 0.053 0.014 0.014 0.01 0.015 0.019 0.021 0.013 0.086 0.199 0.026 0.024 0.082 0.01 0.022 0.025 0.187 0.066 0.082
131 S 0.055 0.025 0.032 0.101 0.011 0.02 0.035 0.079 0.013 0.043 0.122 0.032 0.041 0.097 0.017 0.138 0.067 0.006 0.023 0.044
132 R 0.073 0.19 0.032 0.031 0.008 0.113 0.055 0.034 0.018 0.024 0.039 0.181 0.014 0.014 0.02 0.046 0.059 0.005 0.015 0.031
133 E 0.045 0.04 0.033 0.073 0.006 0.052 0.433 0.028 0.021 0.018 0.03 0.061 0.01 0.013 0.021 0.045 0.03 0.004 0.013 0.025
134 P 0.046 0.021 0.019 0.025 0.008 0.017 0.029 0.029 0.01 0.021 0.029 0.033 0.008 0.01 0.592 0.035 0.029 0.002 0.01 0.025
135 T 0.171 0.027 0.029 0.027 0.015 0.021 0.03 0.087 0.012 0.041 0.057 0.035 0.038 0.02 0.022 0.067 0.228 0.005 0.014 0.055
136 F 0.027 0.015 0.014 0.014 0.009 0.009 0.015 0.02 0.014 0.051 0.092 0.015 0.02 0.506 0.009 0.02 0.02 0.014 0.072 0.044
137 W 0.031 0.02 0.079 0.021 0.009 0.014 0.02 0.026 0.012 0.148 0.103 0.023 0.019 0.039 0.01 0.025 0.027 0.275 0.034 0.064
138 L 0.079 0.019 0.015 0.015 0.013 0.014 0.019 0.068 0.01 0.102 0.278 0.022 0.052 0.096 0.013 0.028 0.029 0.006 0.024 0.097
139 I 0.038 0.016 0.012 0.014 0.013 0.011 0.015 0.017 0.008 0.265 0.241 0.019 0.032 0.074 0.012 0.021 0.03 0.006 0.021 0.136
140 V 0.048 0.036 0.122 0.035 0.011 0.126 0.044 0.033 0.017 0.065 0.062 0.044 0.018 0.02 0.016 0.043 0.065 0.004 0.016 0.176
141 L 0.073 0.033 0.024 0.031 0.01 0.102 0.1 0.03 0.019 0.07 0.123 0.042 0.02 0.07 0.017 0.061 0.033 0.008 0.076 0.059
142 I 0.036 0.015 0.012 0.014 0.012 0.01 0.015 0.018 0.009 0.287 0.121 0.018 0.027 0.18 0.011 0.021 0.029 0.007 0.034 0.126
143 N 0.066 0.034 0.383 0.06 0.052 0.025 0.037 0.051 0.023 0.021 0.029 0.041 0.01 0.015 0.017 0.055 0.039 0.004 0.013 0.026
144 R 0.042 0.147 0.064 0.036 0.007 0.111 0.08 0.076 0.054 0.025 0.069 0.118 0.015 0.016 0.017 0.04 0.03 0.005 0.017 0.029
145 L 0.038 0.023 0.015 0.015 0.011 0.015 0.02 0.021 0.013 0.102 0.189 0.051 0.049 0.173 0.012 0.024 0.028 0.009 0.066 0.126
146 L 0.067 0.019 0.013 0.014 0.013 0.013 0.017 0.021 0.009 0.137 0.345 0.021 0.034 0.075 0.012 0.024 0.029 0.006 0.021 0.109
147 F 0.03 0.016 0.014 0.014 0.009 0.01 0.017 0.021 0.013 0.055 0.149 0.017 0.023 0.396 0.054 0.021 0.022 0.012 0.059 0.048
148 G 0.051 0.023 0.071 0.18 0.009 0.02 0.041 0.257 0.014 0.022 0.031 0.032 0.01 0.051 0.017 0.069 0.058 0.005 0.015 0.026
149 G 0.057 0.028 0.099 0.072 0.009 0.021 0.032 0.39 0.014 0.017 0.025 0.062 0.009 0.013 0.017 0.069 0.031 0.004 0.01 0.022
150 D 0.074 0.034 0.136 0.153 0.01 0.026 0.047 0.09 0.018 0.021 0.03 0.069 0.01 0.017 0.02 0.147 0.043 0.004 0.023 0.027
151 Y 0.04 0.024 0.023 0.064 0.009 0.022 0.088 0.024 0.032 0.078 0.067 0.03 0.017 0.12 0.015 0.033 0.056 0.011 0.147 0.102
152 T 0.077 0.106 0.032 0.033 0.01 0.132 0.079 0.033 0.017 0.058 0.05 0.058 0.016 0.017 0.019 0.053 0.143 0.005 0.015 0.047
153 T 0.11 0.024 0.026 0.025 0.014 0.019 0.028 0.036 0.011 0.124 0.069 0.032 0.018 0.025 0.019 0.08 0.201 0.05 0.018 0.072
154 F 0.03 0.016 0.014 0.014 0.009 0.009 0.016 0.02 0.013 0.057 0.093 0.016 0.021 0.469 0.009 0.021 0.022 0.013 0.067 0.073
155 F 0.028 0.016 0.013 0.014 0.009 0.009 0.015 0.02 0.013 0.054 0.123 0.016 0.022 0.47 0.009 0.02 0.021 0.013 0.067 0.047
156 L 0.035 0.019 0.012 0.013 0.012 0.012 0.016 0.018 0.009 0.102 0.397 0.02 0.043 0.126 0.011 0.02 0.026 0.007 0.028 0.075
157 I 0.101 0.018 0.016 0.018 0.014 0.014 0.019 0.027 0.009 0.281 0.14 0.023 0.026 0.056 0.014 0.055 0.035 0.005 0.019 0.111
158 F 0.03 0.019 0.016 0.014 0.008 0.013 0.019 0.02 0.027 0.043 0.072 0.021 0.018 0.29 0.011 0.023 0.022 0.018 0.275 0.041
159 A 0.428 0.025 0.021 0.024 0.017 0.021 0.033 0.063 0.012 0.035 0.048 0.036 0.014 0.017 0.024 0.069 0.04 0.004 0.014 0.055
160 L 0.118 0.02 0.014 0.016 0.014 0.015 0.02 0.027 0.009 0.171 0.267 0.024 0.053 0.035 0.014 0.031 0.032 0.005 0.017 0.1
161 L 0.039 0.018 0.012 0.013 0.013 0.013 0.016 0.018 0.008 0.148 0.381 0.02 0.036 0.04 0.012 0.021 0.03 0.005 0.018 0.139
162 G 0.065 0.02 0.032 0.028 0.009 0.016 0.022 0.562 0.011 0.016 0.024 0.028 0.008 0.013 0.016 0.067 0.027 0.004 0.009 0.021
163 V 0.053 0.018 0.013 0.014 0.015 0.014 0.018 0.02 0.007 0.172 0.114 0.021 0.049 0.031 0.013 0.026 0.038 0.005 0.017 0.343
164 G 0.096 0.024 0.033 0.029 0.012 0.02 0.029 0.259 0.012 0.034 0.04 0.033 0.013 0.017 0.019 0.126 0.121 0.004 0.012 0.064
165 L 0.041 0.018 0.014 0.015 0.013 0.013 0.017 0.02 0.008 0.241 0.264 0.021 0.032 0.062 0.012 0.047 0.032 0.006 0.02 0.104
166 K 0.045 0.083 0.065 0.036 0.007 0.042 0.056 0.036 0.017 0.022 0.034 0.389 0.012 0.013 0.022 0.044 0.033 0.004 0.014 0.026
167 I 0.04 0.017 0.014 0.015 0.013 0.012 0.017 0.018 0.008 0.272 0.229 0.021 0.031 0.036 0.013 0.025 0.059 0.005 0.017 0.138
168 L 0.036 0.024 0.016 0.016 0.011 0.016 0.021 0.02 0.047 0.197 0.221 0.052 0.028 0.077 0.013 0.023 0.028 0.007 0.057 0.088
169 A 0.401 0.025 0.022 0.024 0.032 0.021 0.033 0.062 0.012 0.034 0.047 0.036 0.014 0.017 0.024 0.083 0.041 0.004 0.014 0.054
170 I 0.038 0.014 0.012 0.014 0.013 0.011 0.014 0.017 0.007 0.412 0.135 0.019 0.03 0.036 0.012 0.02 0.032 0.005 0.017 0.142
171 K 0.044 0.088 0.127 0.038 0.008 0.058 0.047 0.037 0.02 0.028 0.07 0.191 0.014 0.023 0.019 0.068 0.035 0.006 0.048 0.031
172 R 0.042 0.257 0.031 0.028 0.007 0.038 0.047 0.03 0.017 0.03 0.042 0.229 0.014 0.015 0.019 0.039 0.04 0.004 0.014 0.056
173 L 0.045 0.02 0.017 0.018 0.013 0.015 0.02 0.023 0.009 0.204 0.26 0.024 0.054 0.036 0.014 0.075 0.035 0.005 0.017 0.096
174 S 0.077 0.03 0.054 0.1 0.012 0.026 0.045 0.05 0.015 0.023 0.032 0.042 0.012 0.016 0.067 0.295 0.058 0.004 0.013 0.031
175 P 0.082 0.03 0.028 0.067 0.011 0.024 0.066 0.036 0.013 0.039 0.139 0.065 0.017 0.021 0.151 0.114 0.038 0.004 0.014 0.041
176 Y 0.042 0.023 0.052 0.021 0.01 0.018 0.024 0.07 0.022 0.051 0.128 0.027 0.042 0.06 0.013 0.054 0.03 0.057 0.186 0.071
177 P 0.045 0.065 0.023 0.03 0.008 0.05 0.068 0.03 0.013 0.021 0.031 0.073 0.01 0.011 0.415 0.037 0.03 0.003 0.012 0.025
178 L 0.054 0.017 0.013 0.014 0.012 0.011 0.017 0.021 0.01 0.149 0.201 0.019 0.027 0.182 0.011 0.023 0.027 0.053 0.037 0.103
179 V 0.07 0.022 0.016 0.018 0.019 0.016 0.023 0.025 0.008 0.165 0.13 0.026 0.032 0.036 0.016 0.033 0.049 0.006 0.021 0.269
180 L 0.035 0.02 0.013 0.014 0.012 0.014 0.017 0.019 0.012 0.103 0.3 0.021 0.077 0.142 0.011 0.022 0.027 0.009 0.062 0.072
181 S 0.156 0.029 0.038 0.035 0.014 0.024 0.038 0.112 0.014 0.025 0.036 0.04 0.012 0.017 0.023 0.275 0.056 0.004 0.014 0.037
182 L 0.068 0.018 0.013 0.014 0.013 0.013 0.017 0.022 0.009 0.136 0.274 0.021 0.031 0.121 0.012 0.025 0.03 0.007 0.027 0.131
183 F 0.034 0.017 0.013 0.014 0.01 0.012 0.017 0.019 0.014 0.166 0.138 0.019 0.024 0.193 0.011 0.021 0.026 0.055 0.103 0.094
184 L 0.105 0.02 0.017 0.017 0.058 0.015 0.021 0.028 0.008 0.14 0.181 0.024 0.026 0.03 0.015 0.037 0.08 0.005 0.016 0.158
185 Y 0.032 0.022 0.017 0.015 0.008 0.017 0.022 0.02 0.036 0.036 0.058 0.024 0.015 0.136 0.012 0.025 0.022 0.022 0.421 0.038
186 I 0.074 0.017 0.013 0.015 0.014 0.013 0.018 0.021 0.007 0.25 0.155 0.021 0.028 0.033 0.013 0.026 0.035 0.005 0.017 0.225
187 C 0.105 0.019 0.018 0.018 0.188 0.014 0.021 0.032 0.01 0.048 0.128 0.023 0.019 0.134 0.015 0.063 0.059 0.006 0.027 0.052
188 L 0.033 0.018 0.012 0.013 0.012 0.011 0.016 0.018 0.01 0.105 0.344 0.019 0.033 0.185 0.011 0.02 0.025 0.008 0.034 0.072
189 Y 0.032 0.022 0.017 0.015 0.008 0.017 0.022 0.02 0.036 0.036 0.058 0.024 0.015 0.136 0.012 0.025 0.022 0.022 0.421 0.038
190 F 0.029 0.018 0.015 0.014 0.008 0.012 0.018 0.02 0.023 0.045 0.078 0.019 0.018 0.352 0.01 0.022 0.021 0.017 0.217 0.042
191 I 0.125 0.02 0.017 0.019 0.014 0.015 0.022 0.03 0.009 0.177 0.121 0.026 0.023 0.027 0.06 0.046 0.064 0.004 0.015 0.163
192 L 0.037 0.019 0.012 0.012 0.013 0.013 0.016 0.017 0.008 0.096 0.466 0.02 0.039 0.043 0.012 0.02 0.028 0.006 0.018 0.103
193 H 0.034 0.037 0.043 0.031 0.006 0.031 0.043 0.031 0.48 0.018 0.031 0.037 0.012 0.025 0.015 0.034 0.022 0.006 0.046 0.018
194 D 0.04 0.032 0.043 0.273 0.007 0.037 0.236 0.033 0.017 0.02 0.028 0.048 0.009 0.013 0.02 0.046 0.057 0.004 0.011 0.025
195 L 0.039 0.023 0.014 0.014 0.013 0.018 0.02 0.02 0.011 0.083 0.283 0.025 0.191 0.077 0.012 0.025 0.029 0.007 0.023 0.073
196 T 0.085 0.029 0.066 0.033 0.014 0.023 0.032 0.039 0.012 0.04 0.05 0.037 0.015 0.019 0.022 0.073 0.338 0.005 0.014 0.054
197 Q 0.045 0.059 0.036 0.038 0.007 0.367 0.083 0.033 0.024 0.021 0.038 0.074 0.017 0.012 0.019 0.045 0.033 0.005 0.017 0.028
198 I 0.038 0.014 0.012 0.014 0.013 0.011 0.014 0.017 0.007 0.405 0.135 0.019 0.03 0.035 0.012 0.02 0.032 0.005 0.017 0.149
199 R 0.036 0.472 0.031 0.025 0.006 0.039 0.042 0.027 0.019 0.019 0.038 0.097 0.012 0.014 0.016 0.036 0.028 0.005 0.014 0.025
200 A 0.226 0.021 0.017 0.019 0.016 0.016 0.025 0.04 0.009 0.109 0.081 0.028 0.021 0.024 0.018 0.045 0.039 0.004 0.015 0.226
201 G 0.065 0.02 0.032 0.028 0.009 0.016 0.022 0.562 0.011 0.016 0.024 0.028 0.008 0.013 0.016 0.067 0.027 0.004 0.009 0.021
202 V 0.055 0.017 0.013 0.014 0.015 0.013 0.018 0.02 0.007 0.154 0.107 0.021 0.026 0.029 0.013 0.026 0.039 0.004 0.017 0.39
203 A 0.384 0.026 0.024 0.026 0.017 0.021 0.034 0.062 0.012 0.033 0.046 0.037 0.014 0.017 0.024 0.107 0.044 0.004 0.014 0.053
204 S 0.131 0.027 0.033 0.031 0.102 0.022 0.034 0.048 0.013 0.057 0.047 0.036 0.014 0.018 0.021 0.245 0.054 0.004 0.014 0.047
205 G 0.203 0.021 0.027 0.026 0.012 0.017 0.025 0.397 0.011 0.023 0.032 0.031 0.01 0.015 0.019 0.052 0.03 0.004 0.011 0.033
206 L 0.036 0.018 0.012 0.013 0.012 0.012 0.016 0.018 0.009 0.136 0.317 0.019 0.033 0.148 0.011 0.02 0.027 0.007 0.03 0.106
207 F 0.03 0.016 0.013 0.014 0.009 0.009 0.016 0.02 0.013 0.061 0.124 0.016 0.022 0.433 0.009 0.021 0.022 0.012 0.063 0.075
208 L 0.035 0.019 0.012 0.012 0.013 0.013 0.016 0.017 0.009 0.09 0.465 0.02 0.038 0.08 0.011 0.02 0.026 0.006 0.022 0.075
209 L 0.035 0.019 0.012 0.012 0.013 0.013 0.016 0.018 0.008 0.088 0.461 0.02 0.038 0.044 0.011 0.019 0.026 0.051 0.021 0.073
210 A 0.297 0.028 0.029 0.03 0.016 0.023 0.036 0.059 0.013 0.031 0.042 0.039 0.014 0.017 0.024 0.185 0.05 0.004 0.014 0.047
211 I 0.038 0.016 0.012 0.014 0.013 0.011 0.015 0.017 0.007 0.338 0.219 0.019 0.032 0.038 0.012 0.02 0.031 0.005 0.017 0.128
212 P 0.042 0.07 0.057 0.029 0.008 0.05 0.038 0.03 0.019 0.027 0.042 0.099 0.013 0.065 0.194 0.039 0.057 0.007 0.084 0.031
213 D 0.034 0.025 0.042 0.327 0.006 0.024 0.086 0.031 0.022 0.023 0.033 0.035 0.01 0.041 0.017 0.037 0.027 0.009 0.145 0.026
214 I 0.039 0.086 0.015 0.016 0.012 0.016 0.019 0.018 0.009 0.281 0.174 0.031 0.028 0.033 0.012 0.023 0.031 0.005 0.016 0.135
215 V 0.106 0.021 0.022 0.093 0.013 0.017 0.03 0.03 0.012 0.081 0.104 0.027 0.02 0.03 0.06 0.035 0.035 0.006 0.048 0.212
216 N 0.044 0.039 0.228 0.121 0.008 0.027 0.045 0.088 0.019 0.028 0.033 0.097 0.011 0.015 0.018 0.073 0.038 0.004 0.012 0.053
217 R 0.052 0.179 0.069 0.071 0.008 0.033 0.046 0.082 0.017 0.02 0.033 0.145 0.012 0.014 0.019 0.117 0.038 0.004 0.013 0.026
218 N 0.037 0.148 0.257 0.05 0.007 0.034 0.044 0.042 0.022 0.019 0.03 0.142 0.011 0.014 0.018 0.049 0.035 0.004 0.013 0.024
219 F 0.041 0.039 0.089 0.03 0.009 0.024 0.033 0.032 0.051 0.048 0.123 0.118 0.019 0.134 0.015 0.06 0.032 0.007 0.03 0.067
220 K 0.045 0.14 0.03 0.029 0.009 0.036 0.046 0.031 0.015 0.062 0.05 0.27 0.015 0.016 0.02 0.041 0.06 0.004 0.014 0.067
221 A 0.141 0.037 0.064 0.07 0.011 0.051 0.042 0.132 0.015 0.054 0.042 0.097 0.013 0.016 0.02 0.098 0.038 0.004 0.013 0.041
222 F 0.095 0.02 0.018 0.018 0.01 0.014 0.022 0.029 0.019 0.061 0.075 0.023 0.018 0.276 0.013 0.056 0.028 0.013 0.143 0.049
223 L 0.068 0.019 0.013 0.014 0.013 0.013 0.018 0.021 0.009 0.123 0.344 0.021 0.034 0.075 0.012 0.024 0.03 0.006 0.021 0.123
224 I 0.042 0.018 0.016 0.016 0.067 0.013 0.018 0.022 0.01 0.187 0.181 0.022 0.029 0.122 0.013 0.029 0.062 0.007 0.029 0.099
225 K 0.041 0.06 0.025 0.025 0.009 0.031 0.041 0.028 0.014 0.046 0.181 0.265 0.022 0.06 0.018 0.034 0.03 0.005 0.02 0.044
226 V 0.053 0.029 0.057 0.028 0.013 0.071 0.034 0.03 0.012 0.121 0.076 0.036 0.02 0.023 0.017 0.068 0.121 0.005 0.016 0.17
227 L 0.075 0.019 0.017 0.017 0.057 0.014 0.02 0.07 0.01 0.104 0.206 0.023 0.025 0.104 0.014 0.054 0.032 0.006 0.024 0.11
228 L 0.117 0.02 0.015 0.016 0.013 0.015 0.02 0.043 0.01 0.12 0.223 0.024 0.073 0.107 0.014 0.032 0.03 0.007 0.025 0.076
229 A 0.345 0.025 0.024 0.026 0.016 0.02 0.032 0.146 0.012 0.031 0.043 0.035 0.013 0.017 0.023 0.088 0.04 0.004 0.013 0.048
230 T 0.09 0.023 0.023 0.022 0.014 0.018 0.025 0.031 0.01 0.117 0.105 0.029 0.044 0.063 0.017 0.071 0.146 0.005 0.02 0.124
231 L 0.099 0.019 0.014 0.015 0.101 0.014 0.019 0.026 0.009 0.097 0.285 0.022 0.052 0.058 0.014 0.03 0.03 0.006 0.019 0.072
232 F 0.027 0.015 0.014 0.014 0.009 0.009 0.015 0.02 0.014 0.051 0.092 0.015 0.02 0.506 0.009 0.02 0.02 0.014 0.072 0.044
233 H 0.034 0.037 0.043 0.031 0.006 0.031 0.043 0.031 0.48 0.018 0.031 0.037 0.012 0.025 0.015 0.034 0.022 0.006 0.046 0.018
234 Y 0.033 0.023 0.018 0.015 0.008 0.018 0.023 0.02 0.038 0.035 0.055 0.025 0.015 0.105 0.013 0.025 0.023 0.023 0.45 0.038
235 S 0.089 0.032 0.044 0.039 0.014 0.027 0.042 0.053 0.015 0.024 0.034 0.044 0.013 0.017 0.024 0.371 0.066 0.004 0.014 0.034
236 A 0.428 0.025 0.021 0.024 0.017 0.021 0.033 0.063 0.012 0.035 0.048 0.036 0.014 0.017 0.024 0.069 0.04 0.004 0.014 0.055
237 I 0.039 0.015 0.012 0.014 0.013 0.011 0.015 0.017 0.007 0.342 0.189 0.019 0.031 0.036 0.012 0.021 0.032 0.005 0.017 0.153
238 I 0.041 0.017 0.012 0.014 0.013 0.013 0.016 0.018 0.008 0.263 0.215 0.02 0.054 0.037 0.012 0.022 0.032 0.005 0.017 0.17
239 G 0.108 0.022 0.022 0.021 0.012 0.018 0.023 0.208 0.012 0.049 0.113 0.028 0.11 0.062 0.016 0.041 0.057 0.006 0.019 0.051
240 L 0.035 0.018 0.012 0.013 0.012 0.012 0.016 0.018 0.01 0.108 0.314 0.019 0.032 0.184 0.011 0.02 0.026 0.008 0.034 0.098
241 P 0.055 0.018 0.015 0.018 0.056 0.014 0.021 0.024 0.01 0.093 0.081 0.024 0.041 0.097 0.191 0.03 0.032 0.005 0.023 0.152
242 I 0.041 0.018 0.016 0.016 0.013 0.013 0.018 0.02 0.008 0.232 0.2 0.022 0.029 0.071 0.013 0.029 0.086 0.006 0.021 0.127
243 Y 0.032 0.02 0.016 0.014 0.009 0.015 0.02 0.02 0.028 0.048 0.132 0.022 0.02 0.188 0.011 0.023 0.023 0.018 0.296 0.045
244 L 0.034 0.017 0.013 0.013 0.055 0.011 0.015 0.019 0.01 0.095 0.258 0.018 0.029 0.242 0.01 0.021 0.025 0.009 0.041 0.066
245 L 0.038 0.017 0.012 0.013 0.013 0.012 0.016 0.018 0.009 0.164 0.27 0.019 0.031 0.134 0.011 0.021 0.029 0.007 0.028 0.137
246 S 0.064 0.101 0.166 0.046 0.011 0.029 0.042 0.049 0.019 0.021 0.032 0.052 0.012 0.016 0.02 0.223 0.052 0.004 0.014 0.029
247 L 0.106 0.066 0.057 0.026 0.059 0.022 0.03 0.036 0.013 0.043 0.121 0.067 0.018 0.061 0.065 0.047 0.09 0.005 0.019 0.048
248 K 0.041 0.13 0.13 0.04 0.007 0.038 0.05 0.037 0.055 0.02 0.033 0.253 0.012 0.014 0.019 0.044 0.032 0.004 0.016 0.025
249 K 0.042 0.103 0.096 0.037 0.007 0.038 0.051 0.036 0.02 0.022 0.035 0.305 0.012 0.02 0.02 0.043 0.032 0.006 0.047 0.026
250 I 0.041 0.017 0.014 0.016 0.013 0.013 0.017 0.02 0.008 0.3 0.22 0.021 0.031 0.036 0.013 0.047 0.033 0.005 0.017 0.117
251 F 0.034 0.019 0.017 0.017 0.011 0.011 0.019 0.025 0.017 0.063 0.114 0.019 0.025 0.387 0.011 0.025 0.025 0.017 0.089 0.055
252 R 0.045 0.345 0.039 0.031 0.008 0.048 0.052 0.033 0.023 0.023 0.047 0.12 0.016 0.017 0.019 0.045 0.035 0.006 0.017 0.031
253 N 0.038 0.035 0.356 0.096 0.008 0.027 0.043 0.05 0.059 0.019 0.026 0.042 0.009 0.015 0.017 0.078 0.04 0.004 0.015 0.022
254 K 0.041 0.122 0.027 0.026 0.008 0.057 0.044 0.028 0.015 0.089 0.091 0.219 0.018 0.057 0.017 0.035 0.03 0.005 0.019 0.05
255 F 0.036 0.037 0.055 0.023 0.009 0.022 0.029 0.026 0.016 0.077 0.133 0.121 0.045 0.153 0.014 0.03 0.028 0.025 0.067 0.052
256 L 0.034 0.022 0.014 0.015 0.026 0.013 0.019 0.02 0.01 0.145 0.221 0.049 0.028 0.205 0.011 0.022 0.026 0.008 0.036 0.076
257 Y 0.032 0.022 0.017 0.015 0.007 0.016 0.022 0.02 0.034 0.036 0.057 0.024 0.015 0.132 0.012 0.024 0.022 0.066 0.39 0.037
258 F 0.074 0.02 0.019 0.018 0.012 0.015 0.021 0.071 0.015 0.08 0.139 0.024 0.022 0.15 0.014 0.056 0.04 0.01 0.095 0.108
259 I 0.093 0.02 0.019 0.019 0.013 0.015 0.022 0.03 0.011 0.163 0.137 0.025 0.047 0.14 0.015 0.081 0.035 0.007 0.029 0.08
260 L 0.037 0.019 0.012 0.013 0.013 0.013 0.016 0.017 0.008 0.111 0.437 0.02 0.038 0.054 0.012 0.02 0.028 0.006 0.019 0.106
261 P 0.048 0.02 0.018 0.023 0.01 0.016 0.027 0.027 0.01 0.047 0.047 0.03 0.012 0.015 0.458 0.033 0.032 0.003 0.012 0.114
262 I 0.042 0.016 0.012 0.014 0.014 0.012 0.016 0.017 0.007 0.29 0.193 0.02 0.031 0.036 0.012 0.022 0.033 0.005 0.017 0.193
263 I 0.07 0.018 0.013 0.015 0.014 0.013 0.018 0.021 0.008 0.222 0.207 0.022 0.052 0.059 0.013 0.025 0.032 0.005 0.02 0.152
264 G 0.116 0.024 0.034 0.03 0.012 0.019 0.029 0.35 0.012 0.022 0.031 0.033 0.01 0.015 0.019 0.132 0.065 0.004 0.011 0.031
265 L 0.04 0.017 0.013 0.014 0.013 0.012 0.016 0.062 0.008 0.213 0.291 0.02 0.032 0.037 0.012 0.022 0.03 0.005 0.017 0.124
266 I 0.107 0.018 0.014 0.016 0.013 0.013 0.019 0.027 0.01 0.165 0.165 0.022 0.049 0.142 0.013 0.03 0.031 0.007 0.029 0.11
267 L 0.097 0.018 0.013 0.015 0.013 0.013 0.018 0.025 0.009 0.186 0.225 0.022 0.029 0.107 0.013 0.028 0.03 0.006 0.025 0.108
268 A 0.237 0.027 0.028 0.028 0.015 0.023 0.034 0.053 0.013 0.039 0.085 0.037 0.039 0.021 0.022 0.178 0.049 0.005 0.015 0.05
269 L 0.042 0.035 0.02 0.02 0.011 0.021 0.028 0.024 0.013 0.088 0.261 0.114 0.027 0.074 0.015 0.053 0.031 0.007 0.054 0.062
270 L 0.068 0.018 0.015 0.016 0.012 0.013 0.019 0.024 0.01 0.126 0.185 0.021 0.026 0.155 0.013 0.029 0.057 0.037 0.033 0.124
271 L 0.045 0.022 0.063 0.023 0.012 0.017 0.021 0.149 0.012 0.101 0.253 0.026 0.057 0.034 0.014 0.031 0.03 0.005 0.016 0.068
272 T 0.073 0.036 0.043 0.038 0.018 0.028 0.039 0.043 0.014 0.053 0.065 0.045 0.02 0.024 0.028 0.093 0.247 0.006 0.018 0.071
273 I 0.047 0.018 0.015 0.018 0.016 0.013 0.018 0.021 0.009 0.271 0.168 0.024 0.037 0.044 0.015 0.025 0.04 0.006 0.021 0.177
274 F 0.034 0.019 0.017 0.017 0.011 0.011 0.019 0.025 0.017 0.063 0.114 0.019 0.025 0.387 0.011 0.025 0.025 0.017 0.089 0.055
275 D 0.049 0.026 0.095 0.107 0.011 0.021 0.036 0.079 0.014 0.041 0.08 0.034 0.03 0.019 0.106 0.071 0.099 0.004 0.013 0.066
276 G 0.081 0.036 0.105 0.037 0.009 0.112 0.045 0.192 0.059 0.027 0.073 0.045 0.015 0.018 0.017 0.046 0.032 0.005 0.017 0.032
277 D 0.046 0.025 0.067 0.19 0.01 0.021 0.043 0.035 0.016 0.043 0.112 0.032 0.017 0.065 0.017 0.103 0.037 0.006 0.051 0.065
278 L 0.048 0.033 0.021 0.021 0.013 0.021 0.027 0.074 0.016 0.142 0.154 0.071 0.056 0.047 0.016 0.031 0.034 0.009 0.069 0.099
279 L 0.04 0.022 0.017 0.025 0.012 0.019 0.067 0.022 0.013 0.147 0.202 0.027 0.031 0.155 0.014 0.026 0.03 0.008 0.036 0.089
280 F 0.057 0.033 0.076 0.036 0.012 0.055 0.04 0.04 0.017 0.076 0.07 0.04 0.019 0.128 0.019 0.108 0.079 0.007 0.032 0.057
281 I 0.075 0.019 0.019 0.019 0.013 0.014 0.02 0.071 0.01 0.168 0.152 0.024 0.024 0.103 0.014 0.057 0.06 0.006 0.024 0.107
282 L 0.038 0.019 0.013 0.013 0.013 0.014 0.017 0.018 0.009 0.14 0.328 0.021 0.079 0.076 0.012 0.022 0.029 0.006 0.022 0.11
283 L 0.08 0.069 0.026 0.028 0.012 0.026 0.063 0.076 0.013 0.05 0.149 0.097 0.02 0.023 0.018 0.068 0.089 0.005 0.015 0.075
284 F 0.045 0.026 0.09 0.029 0.011 0.019 0.027 0.076 0.016 0.043 0.096 0.04 0.04 0.14 0.015 0.067 0.105 0.008 0.061 0.045
285 V 0.104 0.019 0.016 0.017 0.014 0.014 0.021 0.028 0.01 0.155 0.156 0.024 0.025 0.103 0.014 0.056 0.035 0.006 0.025 0.157
286 A 0.195 0.025 0.023 0.027 0.014 0.021 0.059 0.041 0.011 0.101 0.129 0.034 0.02 0.024 0.02 0.076 0.092 0.005 0.015 0.069
287 S 0.051 0.032 0.086 0.087 0.01 0.077 0.075 0.037 0.017 0.037 0.077 0.042 0.015 0.055 0.062 0.115 0.04 0.005 0.018 0.062
288 Y 0.067 0.02 0.018 0.017 0.011 0.015 0.022 0.024 0.054 0.136 0.083 0.024 0.02 0.126 0.013 0.029 0.037 0.012 0.16 0.111
289 L 0.037 0.02 0.012 0.013 0.013 0.014 0.017 0.018 0.009 0.092 0.462 0.021 0.069 0.044 0.012 0.021 0.027 0.006 0.018 0.077
290 P 0.046 0.021 0.019 0.025 0.008 0.017 0.029 0.029 0.01 0.021 0.029 0.033 0.008 0.01 0.592 0.035 0.029 0.002 0.01 0.025
291 S 0.05 0.03 0.099 0.116 0.009 0.027 0.101 0.039 0.019 0.025 0.037 0.04 0.012 0.059 0.063 0.12 0.066 0.006 0.051 0.031
292 F 0.035 0.018 0.015 0.019 0.01 0.014 0.048 0.021 0.013 0.091 0.098 0.021 0.044 0.322 0.011 0.024 0.026 0.01 0.05 0.109
293 L 0.037 0.019 0.012 0.013 0.013 0.013 0.016 0.017 0.008 0.152 0.412 0.02 0.037 0.042 0.012 0.02 0.029 0.005 0.018 0.106
294 G 0.129 0.029 0.036 0.033 0.012 0.048 0.037 0.223 0.014 0.023 0.033 0.039 0.012 0.015 0.021 0.19 0.055 0.004 0.013 0.033
295 N 0.042 0.027 0.155 0.036 0.009 0.021 0.03 0.036 0.056 0.056 0.086 0.032 0.016 0.109 0.015 0.087 0.035 0.009 0.093 0.05
296 K 0.046 0.086 0.033 0.033 0.007 0.043 0.057 0.035 0.017 0.022 0.035 0.418 0.012 0.012 0.022 0.043 0.032 0.004 0.014 0.026
297 I 0.041 0.016 0.012 0.014 0.013 0.012 0.015 0.017 0.007 0.313 0.185 0.02 0.031 0.036 0.012 0.021 0.033 0.005 0.017 0.181
298 N 0.048 0.065 0.192 0.046 0.01 0.027 0.066 0.041 0.019 0.074 0.047 0.044 0.014 0.021 0.018 0.1 0.095 0.005 0.025 0.045
299 I 0.075 0.024 0.086 0.027 0.013 0.018 0.025 0.032 0.012 0.161 0.149 0.03 0.046 0.029 0.016 0.065 0.091 0.005 0.016 0.081
300 Y 0.033 0.023 0.018 0.015 0.008 0.018 0.023 0.02 0.038 0.035 0.055 0.025 0.015 0.105 0.013 0.025 0.023 0.023 0.45 0.038
301 L 0.038 0.017 0.012 0.013 0.013 0.012 0.016 0.017 0.008 0.216 0.296 0.02 0.033 0.075 0.012 0.02 0.029 0.006 0.021 0.126
302 T 0.05 0.029 0.098 0.112 0.011 0.025 0.069 0.037 0.017 0.061 0.054 0.038 0.037 0.026 0.019 0.099 0.12 0.006 0.047 0.046
303 L 0.038 0.019 0.013 0.014 0.012 0.013 0.016 0.063 0.009 0.124 0.374 0.021 0.042 0.076 0.012 0.022 0.027 0.006 0.021 0.079
304 L 0.043 0.03 0.02 0.021 0.012 0.097 0.035 0.024 0.013 0.094 0.275 0.036 0.075 0.033 0.014 0.054 0.033 0.005 0.017 0.067
305 E 0.049 0.042 0.131 0.09 0.008 0.036 0.165 0.039 0.019 0.028 0.035 0.104 0.012 0.015 0.02 0.096 0.039 0.004 0.013 0.055
306 N 0.067 0.039 0.149 0.064 0.011 0.036 0.11 0.108 0.023 0.023 0.034 0.053 0.012 0.017 0.023 0.128 0.052 0.005 0.015 0.031
307 N 0.05 0.07 0.174 0.081 0.01 0.053 0.045 0.043 0.019 0.028 0.068 0.066 0.014 0.017 0.019 0.123 0.069 0.004 0.014 0.032
308 G 0.058 0.024 0.036 0.11 0.008 0.023 0.094 0.386 0.013 0.017 0.025 0.035 0.008 0.013 0.017 0.067 0.029 0.004 0.01 0.022
309 E 0.073 0.033 0.028 0.109 0.01 0.054 0.131 0.029 0.014 0.104 0.095 0.068 0.018 0.021 0.017 0.038 0.032 0.004 0.014 0.108
310 F 0.034 0.029 0.021 0.02 0.009 0.045 0.029 0.024 0.089 0.096 0.102 0.057 0.02 0.151 0.013 0.027 0.025 0.055 0.103 0.053
311 S 0.088 0.036 0.098 0.043 0.011 0.03 0.099 0.044 0.019 0.028 0.044 0.072 0.036 0.024 0.02 0.171 0.046 0.006 0.048 0.035
312 D 0.041 0.072 0.07 0.155 0.007 0.06 0.142 0.034 0.053 0.021 0.031 0.079 0.011 0.014 0.063 0.045 0.058 0.004 0.015 0.026
313 I 0.038 0.015 0.012 0.014 0.013 0.011 0.015 0.017 0.008 0.335 0.126 0.019 0.028 0.107 0.011 0.021 0.031 0.006 0.025 0.148
314 N 0.035 0.07 0.386 0.061 0.007 0.028 0.04 0.049 0.06 0.018 0.027 0.047 0.01 0.015 0.016 0.053 0.038 0.004 0.015 0.022
315 I 0.044 0.026 0.018 0.02 0.012 0.094 0.032 0.022 0.011 0.203 0.126 0.033 0.025 0.027 0.058 0.029 0.034 0.005 0.016 0.164
316 F 0.029 0.017 0.014 0.014 0.009 0.01 0.017 0.02 0.017 0.052 0.118 0.017 0.021 0.409 0.009 0.021 0.021 0.014 0.126 0.046
317 N 0.039 0.036 0.418 0.065 0.008 0.027 0.04 0.053 0.025 0.019 0.026 0.043 0.009 0.015 0.017 0.08 0.042 0.004 0.013 0.023
318 F 0.034 0.017 0.014 0.014 0.01 0.011 0.017 0.02 0.013 0.091 0.182 0.019 0.025 0.257 0.055 0.022 0.025 0.01 0.075 0.086
319 Y 0.034 0.021 0.017 0.016 0.008 0.015 0.021 0.065 0.029 0.041 0.093 0.023 0.017 0.165 0.012 0.025 0.023 0.018 0.315 0.041
320 Y 0.035 0.025 0.054 0.021 0.008 0.019 0.026 0.024 0.066 0.062 0.057 0.028 0.016 0.08 0.014 0.032 0.053 0.017 0.318 0.045
