#Seq2Logo.py -f /work3/idamei/ssn-clusterings/clustering/2205161002/clusters/0029_114/sequences.afa -o /work3/idamei/ssn-clusterings/clustering/2205161002/clusters/0029_114/sequences.logo
#Position Specific Frequency Matrix
A R N D C Q E G H I L K M F P S T W Y V
0 M 0.049 0.03 0.019 0.019 0.015 0.026 0.026 0.026 0.015 0.093 0.183 0.034 0.219 0.045 0.015 0.034 0.037 0.007 0.022 0.086
1 T 0.062 0.034 0.032 0.029 0.017 0.028 0.034 0.036 0.015 0.076 0.13 0.041 0.092 0.036 0.022 0.064 0.145 0.007 0.021 0.081
2 L 0.052 0.032 0.02 0.02 0.016 0.028 0.028 0.028 0.016 0.1 0.196 0.036 0.165 0.048 0.016 0.036 0.04 0.008 0.024 0.092
3 K 0.048 0.158 0.075 0.039 0.009 0.049 0.055 0.039 0.021 0.032 0.061 0.193 0.027 0.018 0.022 0.049 0.047 0.005 0.017 0.036
4 E 0.055 0.05 0.041 0.091 0.007 0.065 0.294 0.035 0.026 0.022 0.037 0.076 0.013 0.017 0.026 0.055 0.037 0.006 0.017 0.031
5 I 0.047 0.018 0.015 0.018 0.016 0.013 0.018 0.021 0.009 0.269 0.168 0.024 0.037 0.044 0.015 0.025 0.04 0.006 0.021 0.177
6 I 0.047 0.018 0.015 0.018 0.016 0.013 0.018 0.021 0.009 0.269 0.168 0.024 0.037 0.044 0.015 0.025 0.04 0.006 0.021 0.177
7 S 0.11 0.04 0.054 0.049 0.018 0.033 0.053 0.067 0.019 0.03 0.042 0.054 0.016 0.021 0.03 0.217 0.082 0.005 0.018 0.042
8 E 0.055 0.05 0.041 0.091 0.007 0.065 0.294 0.035 0.026 0.022 0.037 0.076 0.013 0.017 0.026 0.055 0.037 0.006 0.017 0.031
9 I 0.047 0.018 0.015 0.018 0.016 0.013 0.018 0.021 0.009 0.269 0.168 0.024 0.037 0.044 0.015 0.025 0.04 0.006 0.021 0.177
10 K 0.057 0.107 0.042 0.042 0.009 0.054 0.071 0.043 0.021 0.028 0.043 0.276 0.016 0.016 0.028 0.054 0.04 0.005 0.017 0.033
11 R 0.045 0.343 0.039 0.031 0.008 0.049 0.052 0.033 0.023 0.023 0.047 0.121 0.016 0.017 0.019 0.045 0.035 0.006 0.017 0.031
12 G 0.079 0.023 0.039 0.034 0.011 0.019 0.026 0.508 0.014 0.019 0.028 0.034 0.009 0.016 0.019 0.051 0.03 0.005 0.011 0.024
13 I 0.047 0.018 0.015 0.018 0.016 0.013 0.018 0.021 0.009 0.269 0.168 0.024 0.037 0.044 0.015 0.025 0.04 0.006 0.021 0.177
14 I 0.047 0.018 0.015 0.018 0.016 0.013 0.018 0.021 0.009 0.269 0.168 0.024 0.037 0.044 0.015 0.025 0.04 0.006 0.021 0.177
15 V 0.07 0.022 0.017 0.018 0.019 0.017 0.023 0.025 0.008 0.165 0.131 0.026 0.032 0.036 0.017 0.033 0.05 0.006 0.021 0.266
16 T 0.073 0.036 0.044 0.038 0.018 0.028 0.04 0.044 0.014 0.053 0.065 0.046 0.02 0.024 0.028 0.093 0.244 0.006 0.018 0.071
17 K 0.057 0.107 0.041 0.041 0.009 0.053 0.071 0.043 0.021 0.028 0.043 0.279 0.015 0.015 0.028 0.053 0.04 0.005 0.017 0.033
18 L 0.053 0.023 0.015 0.016 0.017 0.016 0.021 0.022 0.009 0.132 0.294 0.026 0.044 0.048 0.015 0.027 0.039 0.007 0.022 0.154
19 V 0.07 0.022 0.016 0.018 0.019 0.016 0.023 0.025 0.008 0.164 0.13 0.026 0.032 0.036 0.016 0.033 0.049 0.005 0.021 0.27
20 K 0.057 0.107 0.041 0.041 0.009 0.053 0.071 0.043 0.021 0.028 0.043 0.279 0.015 0.015 0.028 0.053 0.04 0.005 0.017 0.033
21 G 0.078 0.023 0.039 0.034 0.011 0.019 0.026 0.511 0.013 0.019 0.028 0.034 0.009 0.016 0.019 0.051 0.03 0.005 0.011 0.024
22 T 0.073 0.035 0.043 0.037 0.018 0.028 0.039 0.043 0.014 0.053 0.065 0.045 0.02 0.024 0.028 0.093 0.247 0.006 0.018 0.071
23 L 0.052 0.032 0.02 0.02 0.016 0.028 0.028 0.028 0.016 0.1 0.197 0.036 0.161 0.048 0.016 0.036 0.04 0.008 0.024 0.092
24 I 0.047 0.023 0.029 0.02 0.014 0.017 0.022 0.024 0.013 0.195 0.164 0.033 0.042 0.067 0.015 0.031 0.052 0.007 0.044 0.141
25 V 0.07 0.022 0.016 0.018 0.019 0.016 0.023 0.025 0.008 0.165 0.13 0.026 0.032 0.036 0.016 0.033 0.049 0.006 0.021 0.269
26 N 0.06 0.087 0.192 0.058 0.011 0.048 0.051 0.055 0.024 0.024 0.035 0.076 0.013 0.017 0.022 0.123 0.052 0.005 0.016 0.031
27 K 0.049 0.12 0.034 0.033 0.009 0.042 0.055 0.036 0.018 0.05 0.074 0.247 0.018 0.043 0.022 0.044 0.035 0.006 0.021 0.043
28 I 0.051 0.018 0.015 0.018 0.017 0.014 0.019 0.021 0.009 0.254 0.159 0.024 0.035 0.042 0.015 0.026 0.041 0.006 0.02 0.195
29 S 0.063 0.059 0.057 0.065 0.012 0.032 0.079 0.041 0.02 0.053 0.097 0.065 0.019 0.034 0.022 0.113 0.062 0.007 0.051 0.05
30 L 0.061 0.026 0.028 0.026 0.014 0.02 0.028 0.095 0.013 0.065 0.151 0.032 0.036 0.102 0.018 0.084 0.087 0.007 0.029 0.075
31 P 0.062 0.022 0.017 0.02 0.044 0.016 0.024 0.027 0.012 0.105 0.144 0.028 0.025 0.059 0.159 0.033 0.036 0.006 0.041 0.119
32 L 0.046 0.065 0.017 0.017 0.044 0.018 0.023 0.023 0.011 0.102 0.229 0.033 0.033 0.075 0.014 0.027 0.034 0.038 0.027 0.124
33 S 0.096 0.031 0.04 0.037 0.046 0.025 0.039 0.112 0.015 0.052 0.071 0.042 0.017 0.022 0.024 0.184 0.075 0.005 0.016 0.051
34 F 0.044 0.021 0.017 0.018 0.043 0.014 0.021 0.025 0.014 0.099 0.173 0.023 0.04 0.197 0.013 0.041 0.033 0.011 0.065 0.088
35 I 0.074 0.021 0.019 0.02 0.066 0.016 0.023 0.03 0.01 0.157 0.128 0.026 0.027 0.08 0.016 0.06 0.042 0.006 0.026 0.151
36 L 0.098 0.024 0.02 0.021 0.015 0.018 0.025 0.094 0.011 0.096 0.194 0.029 0.052 0.059 0.017 0.041 0.052 0.006 0.022 0.105
37 L 0.076 0.029 0.032 0.03 0.016 0.022 0.033 0.039 0.013 0.08 0.152 0.036 0.026 0.054 0.021 0.116 0.113 0.006 0.022 0.084
38 F 0.053 0.023 0.037 0.02 0.043 0.017 0.022 0.028 0.014 0.101 0.159 0.026 0.073 0.179 0.014 0.031 0.032 0.01 0.042 0.077
39 L 0.043 0.021 0.015 0.016 0.015 0.014 0.019 0.021 0.01 0.173 0.269 0.023 0.038 0.091 0.014 0.027 0.048 0.007 0.027 0.11
40 L 0.068 0.025 0.08 0.029 0.045 0.018 0.026 0.034 0.013 0.134 0.149 0.03 0.027 0.056 0.016 0.051 0.041 0.006 0.022 0.128
41 P 0.053 0.024 0.022 0.029 0.01 0.019 0.034 0.034 0.012 0.024 0.034 0.038 0.01 0.012 0.529 0.041 0.034 0.002 0.012 0.029
42 L 0.043 0.019 0.014 0.016 0.015 0.013 0.018 0.02 0.009 0.227 0.238 0.022 0.037 0.067 0.013 0.023 0.035 0.006 0.023 0.14
43 L 0.101 0.022 0.019 0.02 0.016 0.017 0.023 0.093 0.011 0.119 0.163 0.028 0.04 0.062 0.017 0.038 0.038 0.006 0.023 0.145
44 G 0.108 0.024 0.037 0.033 0.012 0.02 0.028 0.43 0.013 0.021 0.031 0.035 0.01 0.016 0.02 0.079 0.036 0.005 0.012 0.03
45 L 0.083 0.021 0.017 0.018 0.015 0.015 0.022 0.059 0.013 0.118 0.171 0.025 0.029 0.112 0.015 0.033 0.035 0.009 0.051 0.137
46 L 0.043 0.019 0.014 0.016 0.015 0.013 0.018 0.02 0.01 0.198 0.245 0.022 0.037 0.096 0.013 0.024 0.034 0.007 0.028 0.131
47 L 0.067 0.024 0.021 0.02 0.044 0.018 0.024 0.06 0.017 0.094 0.167 0.028 0.038 0.09 0.016 0.049 0.05 0.01 0.087 0.074
48 S 0.123 0.034 0.043 0.039 0.016 0.028 0.043 0.087 0.016 0.039 0.048 0.046 0.016 0.02 0.026 0.2 0.095 0.005 0.016 0.061
49 F 0.038 0.019 0.015 0.016 0.012 0.012 0.018 0.022 0.012 0.123 0.185 0.02 0.031 0.253 0.012 0.024 0.029 0.011 0.054 0.096
50 F 0.055 0.042 0.017 0.017 0.042 0.014 0.021 0.026 0.014 0.069 0.192 0.027 0.029 0.24 0.013 0.029 0.028 0.011 0.052 0.062
51 S 0.103 0.046 0.038 0.036 0.014 0.044 0.047 0.079 0.016 0.048 0.091 0.096 0.019 0.023 0.024 0.137 0.068 0.005 0.017 0.05
52 L 0.046 0.02 0.014 0.016 0.015 0.014 0.019 0.021 0.011 0.194 0.22 0.023 0.035 0.071 0.014 0.025 0.035 0.008 0.044 0.156
53 N 0.049 0.062 0.198 0.104 0.03 0.033 0.051 0.051 0.023 0.026 0.037 0.087 0.012 0.017 0.021 0.074 0.074 0.004 0.015 0.033
54 K 0.052 0.178 0.038 0.059 0.008 0.045 0.06 0.038 0.019 0.024 0.04 0.229 0.014 0.015 0.047 0.047 0.035 0.005 0.016 0.03
55 K 0.054 0.09 0.075 0.053 0.008 0.058 0.094 0.072 0.044 0.024 0.037 0.185 0.014 0.016 0.023 0.064 0.038 0.005 0.018 0.029
56 K 0.057 0.106 0.041 0.041 0.009 0.053 0.07 0.043 0.021 0.027 0.043 0.284 0.015 0.015 0.027 0.053 0.039 0.005 0.017 0.033
57 N 0.051 0.038 0.251 0.063 0.01 0.029 0.042 0.135 0.047 0.023 0.032 0.05 0.011 0.018 0.02 0.074 0.059 0.005 0.016 0.028
58 A 0.105 0.081 0.049 0.034 0.013 0.031 0.057 0.042 0.019 0.063 0.099 0.077 0.055 0.032 0.021 0.075 0.042 0.007 0.039 0.059
59 N 0.042 0.044 0.328 0.082 0.009 0.033 0.049 0.064 0.031 0.022 0.031 0.053 0.011 0.018 0.02 0.069 0.049 0.004 0.015 0.027
60 K 0.049 0.179 0.073 0.039 0.008 0.044 0.056 0.07 0.021 0.023 0.039 0.213 0.014 0.015 0.022 0.049 0.036 0.005 0.016 0.029
61 L 0.088 0.043 0.035 0.025 0.013 0.021 0.03 0.074 0.018 0.077 0.096 0.036 0.032 0.067 0.017 0.073 0.04 0.071 0.068 0.075
62 L 0.059 0.024 0.022 0.023 0.045 0.018 0.027 0.03 0.011 0.124 0.153 0.031 0.038 0.032 0.109 0.069 0.043 0.005 0.017 0.121
63 I 0.041 0.02 0.036 0.02 0.013 0.014 0.02 0.023 0.014 0.177 0.158 0.023 0.03 0.154 0.013 0.027 0.033 0.01 0.058 0.117
64 L 0.061 0.021 0.017 0.018 0.014 0.015 0.021 0.025 0.011 0.161 0.184 0.024 0.043 0.131 0.014 0.031 0.05 0.008 0.034 0.116
65 L 0.064 0.025 0.059 0.026 0.014 0.018 0.025 0.031 0.012 0.135 0.227 0.03 0.032 0.038 0.047 0.042 0.046 0.006 0.018 0.105
66 L 0.046 0.02 0.014 0.016 0.015 0.015 0.019 0.021 0.009 0.215 0.235 0.024 0.06 0.044 0.014 0.025 0.036 0.006 0.02 0.146
67 S 0.122 0.034 0.042 0.039 0.047 0.027 0.043 0.058 0.016 0.033 0.048 0.045 0.016 0.044 0.026 0.21 0.08 0.005 0.02 0.045
68 L 0.043 0.021 0.014 0.015 0.015 0.015 0.019 0.021 0.01 0.145 0.298 0.024 0.056 0.085 0.013 0.024 0.033 0.007 0.027 0.114
69 F 0.039 0.019 0.017 0.017 0.012 0.012 0.02 0.025 0.014 0.083 0.134 0.021 0.026 0.324 0.012 0.039 0.03 0.013 0.065 0.077
70 V 0.077 0.027 0.045 0.027 0.015 0.021 0.03 0.035 0.021 0.079 0.078 0.033 0.021 0.053 0.019 0.071 0.074 0.011 0.115 0.145
71 F 0.068 0.019 0.017 0.017 0.011 0.012 0.02 0.03 0.015 0.057 0.1 0.021 0.023 0.381 0.012 0.03 0.026 0.014 0.075 0.053
72 F 0.075 0.019 0.016 0.017 0.073 0.012 0.02 0.03 0.013 0.092 0.102 0.022 0.023 0.261 0.013 0.032 0.031 0.011 0.055 0.083
73 I 0.042 0.019 0.015 0.016 0.014 0.014 0.018 0.021 0.012 0.206 0.191 0.023 0.045 0.11 0.013 0.024 0.033 0.009 0.051 0.125
74 L 0.075 0.027 0.025 0.024 0.016 0.02 0.028 0.033 0.012 0.086 0.18 0.032 0.04 0.058 0.019 0.062 0.118 0.006 0.022 0.117
75 L 0.078 0.021 0.017 0.018 0.015 0.016 0.021 0.028 0.012 0.171 0.19 0.026 0.035 0.09 0.015 0.034 0.05 0.008 0.047 0.107
76 K 0.045 0.16 0.052 0.032 0.009 0.038 0.047 0.034 0.023 0.031 0.052 0.161 0.016 0.077 0.02 0.045 0.049 0.009 0.065 0.036
77 I 0.066 0.021 0.018 0.019 0.015 0.016 0.022 0.025 0.011 0.2 0.176 0.026 0.032 0.043 0.016 0.035 0.068 0.007 0.039 0.145
78 P 0.052 0.024 0.021 0.028 0.009 0.019 0.033 0.033 0.014 0.025 0.035 0.038 0.01 0.018 0.501 0.04 0.033 0.004 0.033 0.03
79 P 0.053 0.024 0.022 0.029 0.01 0.019 0.034 0.034 0.012 0.024 0.034 0.038 0.01 0.012 0.531 0.041 0.034 0.002 0.012 0.029
80 Y 0.036 0.023 0.017 0.016 0.01 0.016 0.022 0.023 0.027 0.06 0.157 0.024 0.025 0.174 0.013 0.026 0.026 0.049 0.201 0.055
81 Q 0.06 0.055 0.04 0.041 0.009 0.199 0.076 0.159 0.023 0.023 0.039 0.07 0.016 0.014 0.021 0.064 0.038 0.005 0.017 0.031
82 D 0.038 0.028 0.064 0.442 0.007 0.028 0.085 0.043 0.017 0.021 0.026 0.041 0.009 0.014 0.021 0.048 0.033 0.003 0.01 0.022
83 L 0.052 0.026 0.02 0.02 0.015 0.018 0.024 0.027 0.011 0.092 0.34 0.029 0.051 0.045 0.016 0.068 0.039 0.006 0.02 0.08
84 Y 0.037 0.025 0.02 0.017 0.009 0.019 0.025 0.023 0.04 0.043 0.068 0.028 0.018 0.158 0.014 0.028 0.026 0.025 0.335 0.044
85 R 0.042 0.372 0.035 0.028 0.007 0.043 0.047 0.031 0.021 0.023 0.046 0.106 0.015 0.036 0.018 0.043 0.032 0.006 0.019 0.03
86 R 0.041 0.394 0.036 0.029 0.007 0.045 0.048 0.03 0.022 0.022 0.043 0.111 0.014 0.016 0.018 0.041 0.032 0.005 0.016 0.029
87 Y 0.036 0.024 0.019 0.017 0.009 0.017 0.024 0.023 0.036 0.045 0.075 0.026 0.019 0.205 0.013 0.027 0.025 0.023 0.291 0.045
88 L 0.045 0.023 0.018 0.018 0.014 0.016 0.021 0.054 0.01 0.113 0.284 0.025 0.036 0.067 0.014 0.031 0.062 0.038 0.025 0.085
89 E 0.051 0.04 0.044 0.174 0.009 0.068 0.185 0.037 0.02 0.034 0.061 0.057 0.015 0.018 0.022 0.061 0.037 0.005 0.015 0.049
90 T 0.068 0.035 0.067 0.04 0.016 0.027 0.039 0.043 0.015 0.049 0.06 0.044 0.018 0.022 0.026 0.087 0.256 0.006 0.017 0.065
91 Y 0.038 0.025 0.019 0.017 0.01 0.019 0.025 0.023 0.038 0.076 0.079 0.028 0.02 0.131 0.014 0.028 0.027 0.023 0.3 0.06
92 L 0.051 0.03 0.024 0.023 0.013 0.036 0.032 0.03 0.032 0.07 0.207 0.034 0.053 0.079 0.017 0.066 0.038 0.011 0.089 0.065
93 I 0.082 0.029 0.029 0.032 0.014 0.038 0.053 0.069 0.014 0.13 0.105 0.039 0.023 0.028 0.052 0.095 0.047 0.005 0.017 0.098
94 Y 0.037 0.025 0.02 0.017 0.009 0.02 0.025 0.023 0.042 0.041 0.066 0.028 0.018 0.139 0.014 0.029 0.026 0.025 0.352 0.044
95 N 0.092 0.039 0.194 0.056 0.012 0.043 0.046 0.087 0.022 0.028 0.038 0.049 0.013 0.018 0.022 0.105 0.08 0.005 0.015 0.037
96 S 0.085 0.058 0.043 0.077 0.012 0.059 0.079 0.046 0.018 0.033 0.043 0.055 0.014 0.017 0.113 0.126 0.05 0.004 0.015 0.051
97 N 0.072 0.04 0.136 0.072 0.011 0.07 0.052 0.079 0.044 0.036 0.056 0.05 0.016 0.043 0.02 0.092 0.045 0.006 0.022 0.038
98 T 0.068 0.033 0.044 0.035 0.016 0.026 0.037 0.041 0.015 0.047 0.059 0.042 0.018 0.026 0.025 0.094 0.273 0.006 0.033 0.063
99 T 0.065 0.047 0.081 0.049 0.014 0.031 0.06 0.045 0.051 0.037 0.048 0.048 0.016 0.021 0.024 0.107 0.183 0.005 0.019 0.049
100 L 0.043 0.022 0.016 0.016 0.013 0.016 0.021 0.021 0.019 0.13 0.209 0.024 0.032 0.094 0.014 0.026 0.032 0.013 0.127 0.114
101 L 0.082 0.033 0.03 0.028 0.014 0.024 0.034 0.04 0.016 0.08 0.112 0.053 0.033 0.037 0.02 0.108 0.077 0.068 0.044 0.066
102 D 0.053 0.038 0.051 0.228 0.009 0.064 0.139 0.072 0.02 0.023 0.032 0.054 0.012 0.015 0.022 0.077 0.046 0.004 0.013 0.028
103 A 0.222 0.024 0.02 0.023 0.018 0.019 0.03 0.052 0.012 0.096 0.084 0.033 0.021 0.073 0.022 0.057 0.042 0.006 0.025 0.12
104 L 0.06 0.02 0.015 0.016 0.015 0.015 0.019 0.023 0.01 0.211 0.231 0.024 0.051 0.061 0.014 0.027 0.035 0.006 0.023 0.124
105 S 0.07 0.076 0.048 0.088 0.012 0.031 0.064 0.09 0.019 0.03 0.042 0.053 0.014 0.024 0.023 0.133 0.102 0.006 0.036 0.039
106 G 0.076 0.028 0.076 0.05 0.01 0.035 0.034 0.387 0.016 0.024 0.032 0.038 0.011 0.016 0.019 0.064 0.034 0.005 0.012 0.034
107 H 0.044 0.072 0.045 0.038 0.007 0.039 0.068 0.066 0.267 0.022 0.036 0.098 0.014 0.024 0.019 0.042 0.028 0.006 0.04 0.024
108 V 0.059 0.022 0.038 0.023 0.015 0.017 0.025 0.028 0.01 0.136 0.1 0.029 0.025 0.029 0.107 0.037 0.058 0.005 0.017 0.22
109 D 0.038 0.028 0.064 0.442 0.007 0.028 0.085 0.043 0.017 0.021 0.026 0.041 0.009 0.014 0.021 0.048 0.033 0.003 0.01 0.022
110 I 0.046 0.018 0.015 0.016 0.014 0.013 0.018 0.021 0.011 0.219 0.133 0.022 0.03 0.113 0.013 0.025 0.036 0.008 0.051 0.176
111 L 0.043 0.022 0.015 0.016 0.014 0.015 0.02 0.022 0.01 0.11 0.311 0.023 0.039 0.115 0.013 0.027 0.047 0.008 0.031 0.099
112 F 0.036 0.021 0.016 0.016 0.011 0.014 0.02 0.023 0.017 0.072 0.184 0.022 0.052 0.26 0.012 0.025 0.027 0.014 0.094 0.063
113 Y 0.037 0.026 0.02 0.017 0.009 0.02 0.026 0.023 0.042 0.04 0.063 0.028 0.017 0.117 0.014 0.028 0.026 0.056 0.35 0.042
114 L 0.068 0.021 0.016 0.017 0.016 0.015 0.021 0.025 0.01 0.15 0.198 0.025 0.033 0.073 0.015 0.033 0.053 0.006 0.025 0.179
115 N 0.05 0.031 0.146 0.042 0.027 0.024 0.033 0.07 0.041 0.078 0.11 0.037 0.032 0.039 0.017 0.058 0.059 0.006 0.021 0.079
116 A 0.171 0.029 0.032 0.031 0.017 0.023 0.035 0.114 0.014 0.072 0.081 0.039 0.019 0.024 0.024 0.124 0.066 0.005 0.016 0.065
117 L 0.039 0.021 0.015 0.015 0.012 0.014 0.02 0.023 0.014 0.081 0.221 0.022 0.031 0.118 0.012 0.024 0.029 0.132 0.065 0.093
118 F 0.082 0.021 0.018 0.019 0.02 0.015 0.022 0.03 0.012 0.131 0.127 0.025 0.027 0.174 0.015 0.046 0.037 0.009 0.041 0.129
119 F 0.052 0.018 0.016 0.016 0.011 0.011 0.019 0.026 0.014 0.092 0.127 0.02 0.026 0.34 0.011 0.027 0.027 0.013 0.067 0.067
120 K 0.046 0.086 0.032 0.031 0.008 0.064 0.053 0.033 0.026 0.033 0.054 0.181 0.017 0.089 0.02 0.041 0.033 0.011 0.107 0.036
121 K 0.049 0.081 0.074 0.039 0.009 0.04 0.054 0.039 0.022 0.033 0.065 0.223 0.016 0.03 0.023 0.049 0.052 0.007 0.058 0.037
122 L 0.043 0.026 0.077 0.03 0.013 0.02 0.043 0.028 0.014 0.124 0.255 0.03 0.034 0.051 0.015 0.032 0.036 0.006 0.021 0.102
123 G 0.053 0.032 0.142 0.105 0.009 0.025 0.042 0.248 0.043 0.021 0.03 0.048 0.01 0.022 0.018 0.051 0.034 0.006 0.035 0.025
124 I 0.044 0.018 0.014 0.016 0.015 0.013 0.017 0.019 0.009 0.277 0.192 0.022 0.035 0.053 0.014 0.023 0.036 0.006 0.021 0.157
125 P 0.063 0.024 0.028 0.049 0.01 0.02 0.036 0.036 0.012 0.024 0.034 0.039 0.01 0.012 0.481 0.043 0.034 0.003 0.012 0.03
126 F 0.032 0.019 0.016 0.016 0.01 0.011 0.019 0.023 0.019 0.057 0.101 0.019 0.023 0.396 0.01 0.024 0.024 0.017 0.116 0.05
127 F 0.036 0.022 0.018 0.017 0.009 0.016 0.023 0.024 0.029 0.047 0.08 0.025 0.02 0.25 0.043 0.027 0.025 0.02 0.223 0.046
128 F 0.038 0.019 0.015 0.016 0.012 0.013 0.019 0.022 0.016 0.143 0.142 0.021 0.028 0.195 0.012 0.024 0.03 0.043 0.09 0.101
129 I 0.061 0.019 0.015 0.017 0.015 0.015 0.019 0.023 0.01 0.24 0.181 0.024 0.056 0.064 0.014 0.028 0.036 0.006 0.023 0.133
130 P 0.058 0.025 0.025 0.031 0.01 0.021 0.035 0.037 0.013 0.024 0.034 0.04 0.01 0.013 0.472 0.069 0.039 0.003 0.012 0.03
131 A 0.31 0.028 0.023 0.026 0.02 0.023 0.036 0.067 0.013 0.053 0.063 0.039 0.018 0.022 0.026 0.073 0.046 0.005 0.017 0.094
132 L 0.06 0.022 0.017 0.017 0.014 0.015 0.021 0.025 0.011 0.128 0.228 0.025 0.05 0.13 0.014 0.031 0.048 0.008 0.034 0.1
133 Y 0.043 0.028 0.021 0.022 0.01 0.036 0.048 0.024 0.032 0.06 0.098 0.033 0.033 0.108 0.015 0.031 0.03 0.018 0.228 0.08
134 G 0.131 0.029 0.037 0.035 0.015 0.024 0.036 0.201 0.014 0.041 0.048 0.04 0.015 0.02 0.023 0.146 0.053 0.005 0.015 0.072
135 A 0.199 0.028 0.03 0.03 0.016 0.022 0.035 0.117 0.015 0.038 0.057 0.038 0.016 0.092 0.023 0.112 0.047 0.007 0.027 0.051
136 L 0.051 0.022 0.037 0.021 0.015 0.016 0.022 0.026 0.011 0.146 0.222 0.026 0.034 0.062 0.015 0.042 0.039 0.006 0.023 0.162
137 S 0.085 0.033 0.036 0.033 0.016 0.027 0.038 0.045 0.015 0.058 0.09 0.042 0.077 0.028 0.023 0.152 0.102 0.006 0.018 0.075
138 V 0.059 0.02 0.018 0.018 0.076 0.015 0.021 0.025 0.009 0.152 0.112 0.025 0.027 0.055 0.016 0.036 0.072 0.006 0.022 0.217
139 Y 0.038 0.026 0.021 0.018 0.009 0.02 0.026 0.025 0.038 0.039 0.062 0.029 0.017 0.108 0.014 0.031 0.042 0.084 0.312 0.043
140 L 0.042 0.024 0.058 0.023 0.072 0.016 0.023 0.028 0.015 0.07 0.216 0.026 0.03 0.135 0.014 0.034 0.047 0.009 0.054 0.064
141 L 0.048 0.023 0.022 0.021 0.013 0.017 0.025 0.057 0.059 0.118 0.135 0.026 0.026 0.133 0.015 0.043 0.034 0.009 0.058 0.117
142 L 0.063 0.024 0.017 0.018 0.015 0.018 0.023 0.026 0.013 0.106 0.313 0.027 0.061 0.05 0.015 0.043 0.035 0.008 0.041 0.086
143 A 0.137 0.041 0.078 0.04 0.015 0.029 0.043 0.054 0.017 0.053 0.06 0.077 0.028 0.022 0.024 0.122 0.082 0.005 0.017 0.055
144 A 0.186 0.032 0.037 0.036 0.017 0.026 0.041 0.09 0.015 0.036 0.048 0.044 0.015 0.02 0.027 0.154 0.102 0.005 0.016 0.052
145 L 0.089 0.022 0.018 0.018 0.015 0.016 0.023 0.03 0.013 0.114 0.194 0.026 0.03 0.112 0.016 0.036 0.05 0.009 0.051 0.118
146 L 0.045 0.024 0.014 0.015 0.016 0.016 0.02 0.021 0.01 0.115 0.375 0.025 0.05 0.055 0.014 0.024 0.033 0.007 0.022 0.096
147 R 0.056 0.125 0.093 0.039 0.011 0.032 0.043 0.071 0.019 0.039 0.106 0.091 0.019 0.023 0.02 0.088 0.058 0.005 0.016 0.042
148 N 0.063 0.036 0.117 0.091 0.013 0.027 0.045 0.047 0.018 0.065 0.079 0.059 0.018 0.023 0.021 0.117 0.066 0.005 0.016 0.074
149 V 0.088 0.022 0.02 0.02 0.015 0.017 0.023 0.121 0.011 0.127 0.126 0.027 0.048 0.079 0.016 0.037 0.036 0.007 0.025 0.136
150 L 0.05 0.023 0.021 0.021 0.014 0.017 0.024 0.027 0.011 0.14 0.171 0.028 0.04 0.063 0.016 0.05 0.083 0.068 0.028 0.106
151 S 0.11 0.04 0.054 0.049 0.018 0.033 0.052 0.066 0.019 0.03 0.042 0.054 0.016 0.021 0.03 0.22 0.082 0.005 0.018 0.042
152 N 0.043 0.045 0.317 0.083 0.009 0.034 0.049 0.065 0.032 0.022 0.032 0.054 0.011 0.018 0.02 0.07 0.049 0.004 0.016 0.027
153 V 0.07 0.022 0.016 0.018 0.019 0.016 0.023 0.025 0.008 0.165 0.13 0.026 0.032 0.036 0.016 0.033 0.049 0.006 0.021 0.269
154 L 0.05 0.08 0.082 0.046 0.011 0.045 0.077 0.037 0.021 0.059 0.118 0.068 0.021 0.054 0.019 0.069 0.043 0.007 0.041 0.051
155 K 0.055 0.088 0.046 0.073 0.01 0.034 0.074 0.067 0.019 0.078 0.059 0.117 0.017 0.026 0.021 0.077 0.041 0.006 0.036 0.054
156 D 0.073 0.031 0.054 0.154 0.01 0.026 0.076 0.089 0.017 0.06 0.061 0.051 0.016 0.099 0.019 0.046 0.034 0.007 0.028 0.049
157 K 0.049 0.072 0.106 0.096 0.009 0.037 0.09 0.041 0.02 0.035 0.062 0.123 0.015 0.018 0.051 0.057 0.05 0.005 0.015 0.047
158 D 0.058 0.033 0.037 0.127 0.071 0.025 0.047 0.038 0.017 0.071 0.062 0.063 0.017 0.033 0.045 0.074 0.047 0.007 0.052 0.076
159 G 0.066 0.036 0.04 0.062 0.009 0.041 0.163 0.274 0.02 0.02 0.032 0.054 0.011 0.016 0.022 0.053 0.033 0.005 0.014 0.028
160 R 0.059 0.116 0.11 0.045 0.011 0.034 0.045 0.047 0.03 0.029 0.047 0.064 0.015 0.046 0.021 0.093 0.048 0.011 0.094 0.036
161 E 0.082 0.044 0.047 0.069 0.012 0.048 0.178 0.05 0.022 0.026 0.039 0.064 0.014 0.019 0.027 0.142 0.059 0.005 0.017 0.036
162 N 0.054 0.04 0.182 0.072 0.009 0.037 0.107 0.17 0.025 0.021 0.032 0.054 0.011 0.017 0.021 0.061 0.041 0.005 0.015 0.027
163 R 0.049 0.201 0.039 0.06 0.008 0.056 0.178 0.034 0.024 0.022 0.041 0.097 0.014 0.017 0.022 0.049 0.035 0.006 0.017 0.031
164 E 0.055 0.038 0.05 0.071 0.037 0.041 0.113 0.071 0.023 0.033 0.059 0.064 0.015 0.063 0.02 0.075 0.047 0.009 0.078 0.038
165 L 0.054 0.049 0.028 0.049 0.013 0.023 0.033 0.032 0.019 0.096 0.102 0.041 0.034 0.048 0.018 0.068 0.079 0.04 0.086 0.091
166 S 0.074 0.051 0.076 0.071 0.012 0.036 0.07 0.081 0.019 0.026 0.038 0.115 0.013 0.017 0.025 0.152 0.069 0.005 0.015 0.035
167 G 0.06 0.06 0.068 0.088 0.01 0.043 0.051 0.161 0.018 0.033 0.041 0.08 0.013 0.02 0.051 0.075 0.047 0.005 0.024 0.05
168 K 0.054 0.097 0.04 0.057 0.009 0.047 0.05 0.082 0.023 0.029 0.047 0.128 0.015 0.059 0.021 0.071 0.045 0.009 0.081 0.035
169 N 0.048 0.11 0.111 0.044 0.01 0.048 0.064 0.069 0.02 0.051 0.054 0.107 0.016 0.043 0.02 0.05 0.053 0.006 0.02 0.057
170 E 0.055 0.05 0.04 0.09 0.007 0.064 0.296 0.035 0.026 0.022 0.037 0.076 0.013 0.017 0.026 0.055 0.037 0.006 0.017 0.031
171 I 0.047 0.018 0.015 0.018 0.016 0.013 0.018 0.021 0.009 0.271 0.168 0.024 0.037 0.044 0.015 0.025 0.04 0.006 0.021 0.177
172 N 0.043 0.045 0.317 0.083 0.009 0.034 0.049 0.065 0.032 0.022 0.032 0.054 0.011 0.018 0.02 0.07 0.049 0.004 0.016 0.027
173 F 0.048 0.036 0.034 0.028 0.012 0.024 0.05 0.031 0.017 0.069 0.12 0.074 0.023 0.147 0.047 0.051 0.05 0.009 0.056 0.075
174 L 0.092 0.066 0.051 0.029 0.013 0.028 0.038 0.037 0.015 0.113 0.12 0.118 0.024 0.027 0.02 0.044 0.039 0.005 0.017 0.104
175 L 0.043 0.021 0.016 0.017 0.014 0.014 0.02 0.023 0.011 0.142 0.266 0.024 0.036 0.105 0.013 0.038 0.033 0.038 0.032 0.094
176 L 0.128 0.026 0.025 0.026 0.016 0.02 0.03 0.072 0.012 0.096 0.135 0.034 0.024 0.029 0.051 0.077 0.074 0.005 0.017 0.103
177 F 0.041 0.023 0.022 0.02 0.011 0.017 0.025 0.026 0.064 0.089 0.111 0.026 0.024 0.214 0.014 0.042 0.03 0.013 0.111 0.077
178 L 0.042 0.019 0.014 0.016 0.014 0.013 0.018 0.021 0.011 0.156 0.211 0.021 0.033 0.161 0.013 0.024 0.032 0.009 0.039 0.133
179 L 0.067 0.022 0.02 0.02 0.045 0.016 0.023 0.029 0.011 0.122 0.194 0.027 0.03 0.106 0.016 0.05 0.067 0.007 0.03 0.098
180 L 0.076 0.024 0.023 0.023 0.015 0.018 0.026 0.062 0.015 0.114 0.147 0.03 0.027 0.067 0.017 0.075 0.042 0.008 0.063 0.126
181 F 0.038 0.018 0.015 0.016 0.012 0.011 0.018 0.023 0.013 0.104 0.15 0.02 0.028 0.299 0.011 0.024 0.028 0.012 0.061 0.099
182 S 0.082 0.031 0.037 0.034 0.075 0.024 0.038 0.048 0.015 0.045 0.113 0.04 0.021 0.049 0.022 0.189 0.06 0.006 0.02 0.05
183 F 0.101 0.022 0.019 0.02 0.014 0.016 0.024 0.034 0.014 0.078 0.137 0.026 0.039 0.221 0.016 0.04 0.052 0.01 0.048 0.068
184 I 0.045 0.018 0.014 0.016 0.015 0.013 0.018 0.021 0.01 0.209 0.188 0.022 0.033 0.11 0.013 0.024 0.035 0.007 0.03 0.159
185 N 0.041 0.035 0.238 0.179 0.008 0.029 0.056 0.052 0.024 0.021 0.029 0.046 0.01 0.015 0.08 0.057 0.04 0.004 0.013 0.025
186 I 0.049 0.019 0.016 0.017 0.015 0.014 0.019 0.022 0.009 0.24 0.154 0.023 0.032 0.062 0.014 0.029 0.053 0.006 0.023 0.184
187 L 0.048 0.019 0.014 0.016 0.016 0.014 0.018 0.02 0.008 0.22 0.226 0.023 0.036 0.042 0.014 0.025 0.037 0.006 0.02 0.179
188 N 0.089 0.034 0.107 0.039 0.013 0.053 0.04 0.103 0.018 0.07 0.093 0.043 0.043 0.025 0.019 0.063 0.042 0.005 0.017 0.085
189 L 0.046 0.021 0.017 0.018 0.014 0.015 0.02 0.053 0.012 0.166 0.19 0.025 0.042 0.069 0.014 0.029 0.049 0.038 0.046 0.115
190 A 0.281 0.029 0.026 0.028 0.019 0.023 0.037 0.065 0.013 0.057 0.062 0.04 0.018 0.022 0.026 0.096 0.049 0.005 0.017 0.087
191 L 0.068 0.026 0.022 0.022 0.015 0.019 0.026 0.037 0.011 0.085 0.311 0.03 0.037 0.042 0.017 0.074 0.056 0.006 0.019 0.077
192 G 0.071 0.024 0.037 0.032 0.012 0.019 0.027 0.427 0.013 0.025 0.034 0.034 0.011 0.017 0.019 0.057 0.092 0.005 0.012 0.033
193 L 0.045 0.021 0.014 0.015 0.015 0.014 0.018 0.02 0.009 0.164 0.324 0.023 0.041 0.046 0.014 0.024 0.034 0.006 0.02 0.134
194 R 0.041 0.394 0.036 0.029 0.007 0.045 0.048 0.03 0.022 0.022 0.043 0.111 0.014 0.016 0.018 0.041 0.032 0.005 0.016 0.029
195 F 0.034 0.021 0.017 0.016 0.01 0.014 0.02 0.024 0.02 0.056 0.101 0.022 0.045 0.288 0.011 0.025 0.025 0.077 0.123 0.051
196 G 0.069 0.022 0.034 0.029 0.01 0.018 0.024 0.485 0.014 0.024 0.052 0.031 0.011 0.023 0.017 0.045 0.028 0.006 0.032 0.028
197 L 0.075 0.023 0.017 0.018 0.013 0.016 0.023 0.03 0.013 0.083 0.177 0.026 0.051 0.157 0.014 0.034 0.046 0.071 0.043 0.07
198 A 0.277 0.03 0.03 0.031 0.019 0.025 0.039 0.098 0.014 0.036 0.05 0.042 0.015 0.02 0.027 0.118 0.051 0.005 0.016 0.056
199 V 0.073 0.022 0.017 0.018 0.017 0.017 0.023 0.026 0.009 0.171 0.146 0.027 0.053 0.036 0.016 0.035 0.057 0.006 0.019 0.213
200 A 0.206 0.03 0.031 0.031 0.018 0.024 0.038 0.058 0.014 0.065 0.064 0.041 0.018 0.023 0.025 0.129 0.07 0.005 0.017 0.095
201 L 0.039 0.022 0.014 0.015 0.013 0.015 0.019 0.022 0.012 0.089 0.297 0.023 0.06 0.14 0.012 0.024 0.029 0.04 0.038 0.076
202 L 0.132 0.025 0.02 0.021 0.016 0.02 0.027 0.039 0.013 0.097 0.135 0.031 0.082 0.104 0.018 0.046 0.053 0.008 0.03 0.081
203 V 0.057 0.022 0.018 0.019 0.016 0.016 0.022 0.024 0.009 0.159 0.14 0.026 0.041 0.058 0.016 0.035 0.072 0.006 0.023 0.221
204 Y 0.059 0.144 0.029 0.026 0.009 0.032 0.039 0.032 0.031 0.032 0.053 0.091 0.016 0.066 0.018 0.055 0.034 0.015 0.182 0.038
205 G 0.138 0.024 0.034 0.031 0.013 0.02 0.028 0.406 0.013 0.023 0.034 0.035 0.011 0.016 0.02 0.068 0.035 0.005 0.012 0.033
206 V 0.075 0.021 0.018 0.019 0.016 0.016 0.023 0.027 0.011 0.176 0.136 0.026 0.029 0.04 0.016 0.045 0.043 0.006 0.039 0.218
207 V 0.066 0.025 0.028 0.027 0.016 0.02 0.029 0.064 0.011 0.129 0.093 0.032 0.024 0.052 0.019 0.086 0.107 0.006 0.021 0.145
208 C 0.065 0.031 0.032 0.052 0.134 0.023 0.035 0.038 0.014 0.057 0.106 0.051 0.02 0.03 0.02 0.101 0.09 0.006 0.036 0.057
209 Y 0.039 0.024 0.017 0.016 0.017 0.017 0.023 0.022 0.029 0.078 0.177 0.026 0.027 0.116 0.014 0.026 0.028 0.018 0.221 0.064
210 Y 0.047 0.024 0.021 0.02 0.042 0.018 0.025 0.027 0.026 0.078 0.148 0.028 0.025 0.109 0.015 0.056 0.034 0.015 0.178 0.064
211 F 0.042 0.022 0.045 0.022 0.013 0.015 0.022 0.026 0.017 0.134 0.141 0.025 0.028 0.181 0.013 0.029 0.033 0.011 0.073 0.107
212 S 0.061 0.062 0.073 0.042 0.012 0.032 0.076 0.04 0.019 0.062 0.097 0.081 0.02 0.03 0.021 0.1 0.061 0.006 0.037 0.066
213 G 0.054 0.121 0.048 0.091 0.008 0.076 0.088 0.201 0.02 0.021 0.034 0.066 0.012 0.015 0.02 0.048 0.032 0.005 0.014 0.027
214 K 0.065 0.071 0.042 0.039 0.013 0.04 0.055 0.043 0.017 0.04 0.054 0.163 0.018 0.02 0.028 0.073 0.144 0.006 0.018 0.052
215 K 0.074 0.122 0.079 0.068 0.01 0.041 0.073 0.046 0.02 0.025 0.039 0.16 0.014 0.016 0.023 0.092 0.044 0.005 0.016 0.032
216 K 0.054 0.1 0.036 0.036 0.009 0.044 0.058 0.039 0.018 0.035 0.067 0.268 0.017 0.03 0.024 0.06 0.038 0.005 0.018 0.043
217 W 0.037 0.023 0.015 0.015 0.012 0.016 0.021 0.026 0.013 0.073 0.215 0.024 0.032 0.058 0.011 0.023 0.028 0.25 0.045 0.063
218 K 0.068 0.071 0.028 0.028 0.012 0.03 0.04 0.064 0.015 0.062 0.107 0.14 0.021 0.084 0.02 0.044 0.058 0.007 0.026 0.075
219 K 0.049 0.142 0.032 0.03 0.01 0.037 0.047 0.033 0.017 0.056 0.093 0.173 0.02 0.046 0.021 0.046 0.066 0.006 0.021 0.055
220 G 0.11 0.026 0.036 0.033 0.043 0.021 0.032 0.287 0.014 0.027 0.04 0.036 0.013 0.042 0.021 0.117 0.044 0.006 0.017 0.036
221 I 0.08 0.042 0.018 0.019 0.029 0.017 0.023 0.059 0.014 0.15 0.14 0.03 0.027 0.089 0.015 0.034 0.034 0.009 0.06 0.11
222 L 0.084 0.022 0.018 0.019 0.015 0.016 0.023 0.044 0.01 0.145 0.185 0.027 0.03 0.059 0.046 0.036 0.052 0.006 0.022 0.139
223 F 0.075 0.026 0.017 0.018 0.013 0.016 0.024 0.029 0.015 0.081 0.189 0.042 0.029 0.194 0.015 0.032 0.031 0.011 0.064 0.081
224 L 0.047 0.022 0.017 0.017 0.044 0.017 0.021 0.024 0.011 0.13 0.243 0.026 0.068 0.089 0.014 0.041 0.035 0.007 0.027 0.099
225 L 0.053 0.019 0.014 0.016 0.05 0.013 0.018 0.029 0.01 0.173 0.232 0.023 0.035 0.088 0.014 0.026 0.034 0.007 0.026 0.121
226 L 0.064 0.022 0.017 0.018 0.015 0.016 0.021 0.026 0.011 0.135 0.278 0.025 0.041 0.08 0.015 0.042 0.036 0.007 0.026 0.108
227 A 0.22 0.033 0.036 0.036 0.018 0.027 0.042 0.066 0.015 0.035 0.048 0.045 0.016 0.02 0.027 0.167 0.074 0.005 0.016 0.053
228 L 0.103 0.021 0.017 0.018 0.136 0.016 0.022 0.033 0.01 0.12 0.165 0.026 0.039 0.033 0.017 0.04 0.046 0.005 0.017 0.117
229 L 0.052 0.025 0.022 0.021 0.045 0.018 0.024 0.029 0.012 0.093 0.239 0.029 0.049 0.086 0.016 0.062 0.068 0.007 0.026 0.078
230 L 0.053 0.025 0.02 0.02 0.075 0.02 0.024 0.027 0.012 0.114 0.149 0.029 0.101 0.06 0.016 0.039 0.076 0.007 0.023 0.114
231 H 0.039 0.042 0.049 0.035 0.007 0.035 0.049 0.035 0.403 0.021 0.035 0.042 0.014 0.028 0.018 0.039 0.025 0.007 0.053 0.021
232 F 0.056 0.019 0.018 0.018 0.012 0.012 0.021 0.028 0.015 0.077 0.103 0.022 0.024 0.337 0.012 0.042 0.03 0.013 0.067 0.074
233 S 0.116 0.037 0.049 0.044 0.016 0.03 0.048 0.062 0.018 0.028 0.04 0.05 0.015 0.019 0.027 0.266 0.074 0.005 0.016 0.04
234 M 0.049 0.03 0.02 0.02 0.015 0.026 0.027 0.027 0.015 0.09 0.175 0.034 0.211 0.043 0.016 0.037 0.053 0.007 0.022 0.084
235 L 0.079 0.022 0.015 0.017 0.015 0.016 0.021 0.027 0.012 0.134 0.258 0.026 0.041 0.07 0.015 0.031 0.035 0.008 0.044 0.115
236 L 0.041 0.021 0.016 0.016 0.013 0.014 0.019 0.052 0.015 0.121 0.235 0.023 0.033 0.145 0.013 0.025 0.029 0.011 0.075 0.084
237 V 0.052 0.02 0.016 0.018 0.015 0.015 0.021 0.023 0.009 0.182 0.134 0.025 0.028 0.057 0.105 0.029 0.038 0.005 0.022 0.185
238 V 0.052 0.02 0.016 0.017 0.016 0.014 0.02 0.023 0.009 0.169 0.187 0.023 0.033 0.085 0.014 0.034 0.039 0.007 0.027 0.197
239 L 0.1 0.021 0.017 0.019 0.074 0.016 0.024 0.033 0.011 0.099 0.132 0.027 0.036 0.101 0.077 0.038 0.036 0.007 0.028 0.103
240 V 0.141 0.023 0.023 0.023 0.107 0.019 0.028 0.072 0.011 0.091 0.079 0.031 0.021 0.025 0.02 0.074 0.046 0.005 0.016 0.146
241 F 0.041 0.02 0.016 0.017 0.013 0.013 0.019 0.023 0.012 0.138 0.19 0.022 0.031 0.203 0.013 0.027 0.046 0.01 0.045 0.103
242 I 0.042 0.018 0.014 0.016 0.014 0.012 0.017 0.021 0.01 0.214 0.162 0.021 0.032 0.147 0.013 0.024 0.034 0.008 0.036 0.144
243 A 0.195 0.026 0.025 0.026 0.047 0.021 0.031 0.126 0.012 0.072 0.092 0.035 0.02 0.024 0.022 0.073 0.057 0.005 0.016 0.075
244 S 0.137 0.036 0.083 0.046 0.016 0.03 0.046 0.063 0.018 0.029 0.041 0.049 0.014 0.019 0.026 0.217 0.067 0.005 0.016 0.042
245 R 0.052 0.139 0.054 0.031 0.041 0.032 0.041 0.042 0.017 0.058 0.098 0.107 0.037 0.048 0.019 0.068 0.039 0.006 0.021 0.051
246 F 0.034 0.019 0.016 0.016 0.01 0.012 0.019 0.023 0.018 0.067 0.133 0.02 0.025 0.341 0.011 0.024 0.025 0.016 0.107 0.063
247 I 0.05 0.019 0.015 0.016 0.03 0.014 0.02 0.021 0.013 0.198 0.142 0.024 0.03 0.062 0.014 0.027 0.037 0.009 0.072 0.187
248 K 0.053 0.144 0.058 0.039 0.008 0.049 0.061 0.041 0.02 0.025 0.04 0.257 0.014 0.015 0.024 0.062 0.039 0.005 0.016 0.03
249 L 0.045 0.02 0.014 0.015 0.015 0.015 0.019 0.02 0.009 0.194 0.272 0.024 0.05 0.045 0.014 0.024 0.035 0.006 0.02 0.144
250 N 0.054 0.051 0.234 0.065 0.01 0.036 0.068 0.055 0.025 0.023 0.033 0.101 0.012 0.017 0.022 0.099 0.049 0.004 0.015 0.029
251 K 0.051 0.156 0.045 0.036 0.009 0.044 0.056 0.038 0.019 0.026 0.042 0.228 0.014 0.018 0.023 0.056 0.052 0.036 0.019 0.032
252 K 0.05 0.063 0.029 0.029 0.011 0.033 0.045 0.033 0.016 0.079 0.129 0.187 0.023 0.073 0.02 0.052 0.036 0.006 0.025 0.059
253 K 0.057 0.106 0.041 0.041 0.009 0.053 0.07 0.043 0.021 0.027 0.043 0.284 0.015 0.015 0.027 0.053 0.039 0.005 0.017 0.033
254 L 0.05 0.037 0.046 0.029 0.012 0.065 0.04 0.032 0.019 0.095 0.138 0.057 0.025 0.097 0.017 0.063 0.041 0.009 0.059 0.068
255 L 0.056 0.023 0.021 0.021 0.075 0.016 0.023 0.028 0.01 0.115 0.154 0.027 0.028 0.08 0.017 0.053 0.085 0.007 0.025 0.137
256 I 0.048 0.02 0.016 0.019 0.014 0.015 0.022 0.024 0.01 0.147 0.146 0.026 0.027 0.091 0.135 0.029 0.035 0.006 0.027 0.142
257 L 0.047 0.021 0.016 0.019 0.013 0.015 0.022 0.025 0.011 0.137 0.146 0.026 0.038 0.081 0.129 0.029 0.034 0.037 0.028 0.126
258 L 0.06 0.021 0.017 0.017 0.043 0.014 0.02 0.056 0.014 0.077 0.222 0.024 0.031 0.156 0.014 0.029 0.03 0.01 0.067 0.078
259 S 0.091 0.027 0.032 0.03 0.105 0.021 0.033 0.045 0.014 0.069 0.087 0.035 0.02 0.072 0.021 0.149 0.054 0.006 0.024 0.066
260 I 0.047 0.019 0.015 0.016 0.015 0.014 0.018 0.021 0.009 0.23 0.19 0.023 0.034 0.064 0.014 0.026 0.045 0.006 0.023 0.171
261 L 0.044 0.02 0.014 0.016 0.015 0.014 0.019 0.021 0.01 0.164 0.241 0.023 0.047 0.108 0.013 0.025 0.034 0.008 0.03 0.135
262 F 0.091 0.026 0.027 0.026 0.014 0.019 0.029 0.07 0.015 0.051 0.1 0.032 0.032 0.193 0.018 0.095 0.056 0.01 0.044 0.053
263 Y 0.056 0.023 0.017 0.017 0.041 0.016 0.022 0.026 0.025 0.071 0.138 0.025 0.024 0.143 0.014 0.029 0.028 0.047 0.176 0.061
264 L 0.062 0.021 0.015 0.017 0.014 0.014 0.021 0.025 0.011 0.121 0.222 0.024 0.033 0.128 0.044 0.029 0.034 0.008 0.033 0.126
265 L 0.063 0.023 0.018 0.019 0.014 0.016 0.023 0.028 0.012 0.096 0.249 0.026 0.045 0.134 0.015 0.046 0.05 0.008 0.034 0.081
266 S 0.095 0.033 0.047 0.042 0.015 0.028 0.043 0.176 0.017 0.025 0.036 0.046 0.013 0.018 0.025 0.224 0.065 0.005 0.015 0.035
267 S 0.095 0.046 0.062 0.042 0.014 0.032 0.047 0.053 0.017 0.048 0.049 0.096 0.016 0.02 0.026 0.17 0.096 0.005 0.016 0.049
268 L 0.073 0.025 0.025 0.023 0.015 0.019 0.027 0.032 0.016 0.084 0.123 0.031 0.024 0.112 0.018 0.052 0.122 0.01 0.07 0.099
269 L 0.083 0.021 0.015 0.017 0.016 0.015 0.021 0.027 0.009 0.178 0.221 0.025 0.035 0.04 0.016 0.031 0.038 0.006 0.019 0.167
270 L 0.045 0.021 0.014 0.015 0.015 0.014 0.019 0.02 0.009 0.151 0.303 0.023 0.04 0.068 0.013 0.024 0.034 0.007 0.024 0.141
271 P 0.05 0.089 0.025 0.028 0.01 0.024 0.035 0.033 0.014 0.027 0.041 0.05 0.012 0.038 0.38 0.042 0.049 0.004 0.017 0.032
272 F 0.05 0.023 0.022 0.021 0.013 0.016 0.024 0.029 0.017 0.096 0.151 0.027 0.027 0.186 0.015 0.069 0.037 0.012 0.082 0.084
273 I 0.049 0.019 0.014 0.016 0.016 0.014 0.018 0.02 0.008 0.233 0.194 0.023 0.04 0.041 0.014 0.025 0.038 0.006 0.019 0.191
274 L 0.058 0.022 0.014 0.015 0.015 0.015 0.02 0.023 0.01 0.106 0.353 0.024 0.041 0.093 0.014 0.026 0.031 0.008 0.028 0.086
275 S 0.068 0.034 0.118 0.07 0.013 0.027 0.044 0.08 0.018 0.032 0.059 0.045 0.015 0.019 0.083 0.135 0.082 0.004 0.015 0.039
276 K 0.065 0.08 0.045 0.038 0.011 0.051 0.054 0.074 0.064 0.042 0.045 0.151 0.015 0.019 0.023 0.111 0.046 0.005 0.02 0.039
277 F 0.043 0.018 0.016 0.017 0.013 0.012 0.018 0.054 0.011 0.157 0.158 0.021 0.029 0.186 0.013 0.026 0.032 0.009 0.042 0.123
278 N 0.073 0.036 0.159 0.052 0.012 0.044 0.043 0.142 0.021 0.045 0.043 0.047 0.014 0.019 0.021 0.107 0.059 0.005 0.015 0.042
279 F 0.037 0.02 0.015 0.016 0.012 0.013 0.019 0.023 0.013 0.076 0.226 0.021 0.032 0.25 0.046 0.024 0.027 0.011 0.053 0.065
280 G 0.058 0.022 0.028 0.025 0.011 0.017 0.023 0.332 0.013 0.038 0.08 0.028 0.038 0.075 0.015 0.038 0.028 0.068 0.027 0.038
281 G 0.064 0.024 0.052 0.031 0.011 0.019 0.026 0.335 0.027 0.065 0.051 0.032 0.014 0.029 0.017 0.056 0.033 0.007 0.045 0.06
282 L 0.047 0.02 0.014 0.015 0.016 0.014 0.019 0.02 0.009 0.18 0.263 0.023 0.038 0.055 0.014 0.025 0.036 0.006 0.022 0.165
283 G 0.106 0.031 0.116 0.045 0.012 0.024 0.036 0.262 0.018 0.023 0.033 0.041 0.011 0.017 0.021 0.107 0.045 0.005 0.013 0.032
284 D 0.066 0.059 0.085 0.189 0.009 0.063 0.12 0.074 0.021 0.023 0.033 0.057 0.012 0.015 0.022 0.066 0.038 0.004 0.014 0.029
285 Y 0.038 0.027 0.022 0.018 0.009 0.021 0.027 0.024 0.064 0.039 0.062 0.03 0.017 0.116 0.015 0.029 0.026 0.025 0.35 0.042
286 A 0.207 0.025 0.022 0.024 0.017 0.02 0.031 0.051 0.013 0.079 0.08 0.033 0.021 0.096 0.021 0.069 0.043 0.007 0.029 0.112
287 L 0.054 0.033 0.024 0.024 0.015 0.037 0.033 0.03 0.013 0.121 0.208 0.052 0.066 0.038 0.018 0.063 0.057 0.006 0.02 0.089
288 G 0.133 0.03 0.074 0.061 0.015 0.025 0.042 0.141 0.015 0.045 0.051 0.04 0.015 0.02 0.023 0.097 0.077 0.005 0.015 0.076
289 G 0.071 0.021 0.035 0.03 0.01 0.017 0.023 0.515 0.012 0.036 0.034 0.031 0.01 0.017 0.017 0.046 0.028 0.005 0.011 0.031
290 Y 0.038 0.026 0.02 0.017 0.009 0.02 0.026 0.023 0.043 0.04 0.063 0.029 0.017 0.121 0.014 0.029 0.026 0.026 0.368 0.043
291 V 0.075 0.02 0.017 0.018 0.017 0.015 0.021 0.055 0.008 0.189 0.121 0.025 0.029 0.034 0.016 0.032 0.042 0.005 0.018 0.243
292 D 0.045 0.035 0.11 0.27 0.008 0.036 0.138 0.045 0.021 0.021 0.029 0.05 0.01 0.015 0.022 0.065 0.038 0.004 0.013 0.025
293 G 0.067 0.03 0.098 0.066 0.011 0.024 0.037 0.255 0.018 0.025 0.035 0.04 0.012 0.023 0.02 0.095 0.072 0.006 0.034 0.032
294 D 0.098 0.043 0.04 0.108 0.013 0.032 0.068 0.076 0.016 0.045 0.056 0.093 0.027 0.02 0.023 0.103 0.047 0.005 0.015 0.072
295 G 0.086 0.033 0.045 0.04 0.015 0.026 0.039 0.208 0.015 0.034 0.045 0.044 0.015 0.02 0.025 0.123 0.121 0.005 0.015 0.045
296 F 0.034 0.024 0.038 0.023 0.009 0.017 0.041 0.027 0.021 0.049 0.113 0.026 0.021 0.195 0.012 0.028 0.026 0.136 0.113 0.046
297 A 0.247 0.03 0.031 0.032 0.018 0.025 0.038 0.094 0.014 0.039 0.071 0.042 0.017 0.021 0.026 0.125 0.052 0.005 0.016 0.056
298 N 0.081 0.059 0.193 0.086 0.01 0.035 0.099 0.081 0.023 0.025 0.035 0.054 0.012 0.017 0.021 0.062 0.056 0.005 0.015 0.033
299 L 0.099 0.033 0.044 0.031 0.013 0.065 0.057 0.037 0.016 0.103 0.121 0.042 0.025 0.075 0.019 0.046 0.053 0.007 0.026 0.088
300 G 0.081 0.049 0.056 0.082 0.012 0.024 0.041 0.133 0.015 0.04 0.046 0.043 0.014 0.018 0.111 0.09 0.058 0.004 0.014 0.067
301 D 0.058 0.031 0.102 0.138 0.011 0.026 0.048 0.135 0.017 0.029 0.038 0.042 0.012 0.017 0.052 0.075 0.116 0.004 0.013 0.037
302 N 0.058 0.042 0.218 0.133 0.009 0.033 0.071 0.054 0.024 0.023 0.032 0.066 0.011 0.017 0.021 0.086 0.053 0.004 0.014 0.029
303 L 0.063 0.027 0.028 0.026 0.015 0.02 0.028 0.093 0.012 0.08 0.189 0.033 0.028 0.048 0.019 0.075 0.116 0.006 0.024 0.071
304 N 0.043 0.041 0.311 0.07 0.009 0.032 0.046 0.057 0.072 0.021 0.03 0.049 0.011 0.018 0.019 0.074 0.045 0.005 0.019 0.025
305 T 0.115 0.038 0.037 0.043 0.015 0.033 0.093 0.076 0.016 0.038 0.05 0.064 0.016 0.019 0.025 0.085 0.165 0.005 0.016 0.053
306 L 0.042 0.029 0.018 0.018 0.013 0.033 0.027 0.024 0.013 0.112 0.253 0.045 0.064 0.112 0.014 0.028 0.032 0.008 0.031 0.084
307 I 0.054 0.019 0.017 0.018 0.014 0.014 0.019 0.083 0.01 0.22 0.164 0.024 0.036 0.08 0.014 0.028 0.034 0.007 0.025 0.121
308 V 0.074 0.021 0.016 0.017 0.017 0.016 0.022 0.025 0.009 0.131 0.17 0.025 0.042 0.059 0.015 0.032 0.041 0.006 0.023 0.237
309 T 0.095 0.034 0.033 0.031 0.014 0.053 0.041 0.042 0.019 0.047 0.087 0.043 0.031 0.075 0.022 0.099 0.105 0.009 0.065 0.055
310 L 0.081 0.022 0.019 0.02 0.014 0.016 0.023 0.061 0.014 0.119 0.153 0.026 0.029 0.123 0.015 0.047 0.035 0.04 0.054 0.09
311 Y 0.043 0.022 0.017 0.016 0.012 0.016 0.022 0.022 0.023 0.121 0.13 0.025 0.026 0.098 0.014 0.027 0.032 0.045 0.169 0.12
312 R 0.057 0.155 0.037 0.033 0.01 0.051 0.049 0.085 0.022 0.028 0.045 0.131 0.015 0.029 0.021 0.076 0.054 0.008 0.057 0.037
313 Y 0.042 0.069 0.063 0.026 0.01 0.023 0.03 0.03 0.028 0.051 0.068 0.039 0.018 0.113 0.015 0.037 0.047 0.046 0.172 0.074
314 L 0.071 0.024 0.023 0.022 0.015 0.018 0.025 0.091 0.012 0.096 0.169 0.029 0.039 0.08 0.017 0.049 0.082 0.007 0.025 0.104
315 L 0.06 0.022 0.016 0.017 0.013 0.016 0.022 0.025 0.015 0.109 0.216 0.025 0.043 0.12 0.044 0.029 0.032 0.01 0.071 0.094
316 L 0.086 0.029 0.025 0.025 0.013 0.048 0.034 0.095 0.015 0.063 0.147 0.036 0.036 0.112 0.017 0.056 0.051 0.008 0.031 0.073
317 L 0.103 0.024 0.022 0.022 0.015 0.018 0.026 0.066 0.012 0.085 0.18 0.03 0.028 0.104 0.018 0.057 0.068 0.007 0.029 0.086
318 L 0.076 0.022 0.019 0.02 0.014 0.016 0.023 0.06 0.014 0.113 0.146 0.026 0.027 0.134 0.015 0.046 0.037 0.009 0.058 0.127
319 F 0.034 0.019 0.017 0.017 0.011 0.011 0.019 0.025 0.017 0.063 0.114 0.019 0.025 0.388 0.011 0.025 0.025 0.017 0.089 0.055
320 T 0.073 0.035 0.043 0.037 0.018 0.028 0.039 0.043 0.014 0.053 0.065 0.045 0.02 0.024 0.028 0.093 0.247 0.006 0.018 0.071
