#Seq2Logo.py -f /work3/idamei/ssn-clusterings/clustering/2205111339/clusters/0009_530/sequences.afa -o /work3/idamei/ssn-clusterings/clustering/2205111339/clusters/0009_530/sequences.logo
#Position Specific Frequency Matrix
A R N D C Q E G H I L K M F P S T W Y V
0 L 0.051 0.031 0.02 0.02 0.016 0.027 0.027 0.027 0.016 0.098 0.192 0.035 0.181 0.047 0.016 0.035 0.039 0.008 0.024 0.09
1 V 0.064 0.035 0.032 0.031 0.014 0.057 0.043 0.036 0.021 0.1 0.085 0.044 0.023 0.044 0.021 0.078 0.083 0.009 0.072 0.108
2 L 0.055 0.043 0.056 0.042 0.012 0.032 0.081 0.115 0.017 0.084 0.118 0.083 0.023 0.027 0.02 0.047 0.055 0.006 0.017 0.067
3 T 0.054 0.046 0.092 0.04 0.013 0.029 0.04 0.04 0.017 0.094 0.105 0.09 0.023 0.027 0.022 0.058 0.108 0.005 0.018 0.076
4 K 0.052 0.052 0.095 0.053 0.01 0.039 0.099 0.041 0.027 0.033 0.048 0.099 0.015 0.04 0.023 0.059 0.083 0.01 0.08 0.041
5 D 0.074 0.059 0.053 0.136 0.012 0.038 0.067 0.053 0.019 0.027 0.038 0.13 0.014 0.017 0.027 0.128 0.055 0.005 0.016 0.034
6 I 0.052 0.021 0.017 0.018 0.015 0.016 0.022 0.023 0.018 0.183 0.128 0.026 0.03 0.062 0.015 0.029 0.039 0.011 0.098 0.178
7 P 0.057 0.047 0.03 0.031 0.013 0.029 0.041 0.035 0.014 0.054 0.133 0.101 0.023 0.026 0.143 0.052 0.092 0.005 0.017 0.056
8 K 0.055 0.061 0.092 0.046 0.01 0.037 0.063 0.042 0.019 0.045 0.051 0.144 0.016 0.018 0.119 0.051 0.041 0.004 0.016 0.069
9 W 0.046 0.024 0.02 0.019 0.013 0.016 0.024 0.029 0.013 0.074 0.133 0.026 0.025 0.105 0.014 0.036 0.069 0.174 0.046 0.094
10 R 0.06 0.208 0.037 0.033 0.011 0.04 0.049 0.038 0.019 0.047 0.058 0.121 0.018 0.02 0.021 0.076 0.045 0.005 0.017 0.075
11 L 0.059 0.099 0.027 0.026 0.013 0.05 0.038 0.11 0.015 0.083 0.127 0.054 0.026 0.028 0.018 0.039 0.038 0.006 0.018 0.126
12 D 0.052 0.054 0.087 0.101 0.012 0.03 0.048 0.04 0.023 0.054 0.06 0.075 0.017 0.039 0.021 0.054 0.077 0.009 0.069 0.081
13 L 0.046 0.022 0.015 0.018 0.015 0.016 0.021 0.023 0.01 0.157 0.256 0.027 0.038 0.043 0.096 0.027 0.035 0.006 0.02 0.109
14 F 0.061 0.026 0.03 0.027 0.014 0.019 0.029 0.117 0.015 0.056 0.124 0.032 0.024 0.153 0.018 0.075 0.076 0.009 0.04 0.056
15 K 0.061 0.056 0.04 0.036 0.01 0.034 0.047 0.122 0.077 0.031 0.05 0.123 0.016 0.083 0.022 0.077 0.04 0.007 0.034 0.034
16 I 0.049 0.022 0.019 0.02 0.015 0.015 0.022 0.025 0.011 0.177 0.175 0.026 0.033 0.101 0.016 0.036 0.074 0.008 0.031 0.127
17 L 0.042 0.022 0.014 0.016 0.015 0.014 0.019 0.021 0.011 0.133 0.306 0.023 0.042 0.11 0.013 0.024 0.032 0.008 0.032 0.1
18 D 0.042 0.032 0.063 0.358 0.007 0.035 0.127 0.044 0.019 0.022 0.029 0.049 0.01 0.015 0.022 0.051 0.035 0.004 0.012 0.025
19 Y 0.037 0.024 0.02 0.018 0.009 0.018 0.024 0.024 0.036 0.049 0.082 0.026 0.02 0.219 0.014 0.029 0.026 0.024 0.252 0.048
20 L 0.043 0.024 0.015 0.016 0.015 0.017 0.021 0.023 0.012 0.102 0.311 0.025 0.067 0.11 0.014 0.026 0.032 0.009 0.033 0.087
21 I 0.053 0.019 0.015 0.017 0.017 0.014 0.019 0.021 0.008 0.246 0.152 0.024 0.034 0.04 0.015 0.027 0.042 0.006 0.02 0.211
22 V 0.072 0.026 0.026 0.026 0.018 0.02 0.029 0.033 0.011 0.142 0.108 0.033 0.027 0.032 0.02 0.075 0.088 0.005 0.019 0.19
23 L 0.084 0.023 0.017 0.018 0.015 0.016 0.023 0.031 0.013 0.084 0.242 0.026 0.035 0.164 0.015 0.034 0.033 0.01 0.043 0.076
24 L 0.043 0.028 0.02 0.028 0.012 0.024 0.07 0.024 0.019 0.077 0.231 0.033 0.033 0.118 0.015 0.03 0.031 0.012 0.084 0.069
25 I 0.05 0.021 0.019 0.02 0.016 0.016 0.021 0.024 0.01 0.227 0.175 0.027 0.035 0.041 0.016 0.035 0.076 0.006 0.02 0.145
26 I 0.05 0.018 0.015 0.017 0.016 0.013 0.018 0.021 0.008 0.267 0.158 0.023 0.035 0.042 0.015 0.026 0.04 0.006 0.02 0.191
27 L 0.044 0.023 0.014 0.015 0.016 0.015 0.019 0.021 0.01 0.142 0.353 0.024 0.046 0.052 0.014 0.024 0.034 0.007 0.021 0.107
28 N 0.064 0.036 0.136 0.058 0.091 0.032 0.084 0.13 0.021 0.026 0.038 0.047 0.012 0.018 0.021 0.086 0.046 0.005 0.014 0.034
29 T 0.07 0.032 0.038 0.033 0.097 0.024 0.035 0.041 0.013 0.051 0.063 0.04 0.019 0.023 0.025 0.082 0.227 0.005 0.016 0.067
30 H 0.046 0.106 0.047 0.039 0.008 0.104 0.068 0.037 0.199 0.024 0.042 0.072 0.017 0.022 0.02 0.046 0.032 0.007 0.037 0.028
31 S 0.107 0.039 0.053 0.048 0.017 0.032 0.051 0.065 0.019 0.029 0.041 0.053 0.015 0.02 0.029 0.239 0.08 0.005 0.017 0.041
32 V 0.068 0.021 0.016 0.017 0.019 0.016 0.023 0.024 0.008 0.161 0.127 0.025 0.031 0.035 0.016 0.032 0.048 0.005 0.02 0.287
33 Y 0.037 0.024 0.02 0.018 0.009 0.018 0.024 0.024 0.036 0.049 0.082 0.026 0.02 0.219 0.014 0.029 0.026 0.024 0.252 0.048
34 Y 0.052 0.035 0.131 0.044 0.01 0.027 0.038 0.044 0.036 0.033 0.05 0.042 0.015 0.073 0.019 0.078 0.043 0.016 0.175 0.038
35 L 0.105 0.026 0.023 0.024 0.017 0.019 0.029 0.039 0.013 0.094 0.143 0.032 0.028 0.094 0.019 0.072 0.047 0.007 0.03 0.138
36 A 0.191 0.033 0.037 0.036 0.039 0.027 0.042 0.065 0.015 0.039 0.053 0.046 0.017 0.021 0.028 0.134 0.095 0.005 0.017 0.058
37 V 0.067 0.026 0.026 0.025 0.017 0.02 0.029 0.033 0.011 0.134 0.152 0.033 0.03 0.035 0.019 0.074 0.085 0.006 0.019 0.158
38 G 0.11 0.029 0.04 0.096 0.014 0.025 0.043 0.21 0.016 0.038 0.062 0.04 0.04 0.022 0.022 0.085 0.043 0.005 0.015 0.045
39 G 0.063 0.099 0.088 0.044 0.01 0.034 0.047 0.127 0.02 0.024 0.037 0.099 0.013 0.016 0.103 0.083 0.044 0.005 0.015 0.031
40 D 0.058 0.035 0.149 0.178 0.01 0.029 0.058 0.134 0.022 0.023 0.031 0.046 0.011 0.017 0.022 0.088 0.046 0.004 0.013 0.027
41 Y 0.041 0.039 0.024 0.022 0.009 0.025 0.033 0.027 0.036 0.043 0.07 0.073 0.019 0.155 0.016 0.033 0.029 0.022 0.24 0.045
42 H 0.043 0.052 0.092 0.042 0.008 0.036 0.05 0.04 0.201 0.026 0.042 0.085 0.015 0.042 0.02 0.046 0.032 0.01 0.089 0.028
43 L 0.053 0.023 0.019 0.02 0.017 0.017 0.023 0.025 0.01 0.169 0.217 0.028 0.036 0.042 0.017 0.036 0.076 0.006 0.02 0.148
44 L 0.052 0.036 0.02 0.023 0.014 0.022 0.031 0.027 0.012 0.121 0.192 0.072 0.031 0.035 0.098 0.033 0.038 0.005 0.019 0.118
45 P 0.053 0.033 0.024 0.026 0.012 0.061 0.041 0.029 0.021 0.108 0.088 0.042 0.023 0.047 0.115 0.037 0.038 0.009 0.081 0.114
46 L 0.047 0.02 0.014 0.016 0.016 0.014 0.019 0.021 0.009 0.219 0.236 0.024 0.04 0.046 0.014 0.025 0.038 0.006 0.021 0.156
47 L 0.056 0.025 0.019 0.019 0.017 0.018 0.024 0.025 0.01 0.118 0.248 0.028 0.038 0.042 0.017 0.038 0.077 0.006 0.02 0.154
48 V 0.121 0.03 0.074 0.033 0.017 0.024 0.033 0.046 0.015 0.088 0.099 0.038 0.048 0.03 0.021 0.056 0.065 0.006 0.019 0.138
49 L 0.095 0.024 0.021 0.022 0.016 0.019 0.024 0.114 0.012 0.141 0.166 0.03 0.055 0.037 0.018 0.04 0.038 0.006 0.019 0.103
50 L 0.046 0.022 0.015 0.016 0.015 0.015 0.02 0.022 0.011 0.112 0.3 0.024 0.042 0.108 0.014 0.025 0.034 0.008 0.032 0.119
51 L 0.049 0.024 0.015 0.016 0.016 0.017 0.021 0.022 0.01 0.148 0.276 0.026 0.065 0.048 0.015 0.027 0.037 0.007 0.021 0.138
52 G 0.067 0.024 0.029 0.027 0.093 0.018 0.026 0.198 0.013 0.047 0.11 0.03 0.02 0.088 0.018 0.071 0.039 0.007 0.026 0.049
53 L 0.061 0.021 0.016 0.017 0.015 0.014 0.021 0.026 0.011 0.113 0.174 0.024 0.032 0.16 0.014 0.03 0.037 0.009 0.042 0.16
54 R 0.055 0.204 0.038 0.034 0.01 0.072 0.055 0.038 0.027 0.028 0.048 0.087 0.017 0.036 0.021 0.076 0.042 0.009 0.07 0.035
55 I 0.053 0.02 0.015 0.017 0.017 0.014 0.019 0.022 0.009 0.217 0.189 0.024 0.036 0.042 0.015 0.027 0.041 0.006 0.02 0.197
56 L 0.092 0.022 0.017 0.018 0.096 0.016 0.023 0.033 0.011 0.087 0.201 0.026 0.032 0.098 0.016 0.037 0.036 0.008 0.03 0.1
57 V 0.06 0.025 0.025 0.024 0.096 0.019 0.027 0.031 0.016 0.107 0.091 0.031 0.023 0.045 0.019 0.051 0.113 0.009 0.07 0.116
58 S 0.11 0.04 0.054 0.049 0.018 0.033 0.052 0.066 0.019 0.03 0.042 0.054 0.016 0.021 0.03 0.22 0.082 0.005 0.018 0.042
59 L 0.04 0.022 0.015 0.015 0.014 0.014 0.019 0.022 0.012 0.103 0.288 0.023 0.04 0.169 0.013 0.024 0.03 0.01 0.043 0.084
60 P 0.049 0.024 0.02 0.024 0.012 0.019 0.028 0.03 0.013 0.087 0.096 0.033 0.045 0.088 0.26 0.035 0.035 0.006 0.028 0.068
61 G 0.072 0.03 0.043 0.097 0.015 0.025 0.044 0.123 0.014 0.056 0.058 0.041 0.017 0.022 0.023 0.092 0.12 0.005 0.016 0.086
62 L 0.079 0.024 0.02 0.021 0.016 0.019 0.024 0.111 0.011 0.13 0.166 0.029 0.055 0.037 0.017 0.037 0.039 0.006 0.019 0.141
63 F 0.042 0.028 0.072 0.039 0.011 0.024 0.073 0.031 0.018 0.095 0.141 0.035 0.026 0.156 0.016 0.037 0.034 0.009 0.041 0.072
64 R 0.065 0.272 0.033 0.028 0.01 0.041 0.045 0.034 0.02 0.04 0.103 0.097 0.021 0.024 0.019 0.044 0.035 0.006 0.018 0.044
65 P 0.062 0.048 0.033 0.034 0.011 0.03 0.045 0.043 0.017 0.028 0.043 0.102 0.014 0.027 0.142 0.088 0.044 0.129 0.028 0.033
66 D 0.041 0.03 0.069 0.395 0.008 0.03 0.092 0.047 0.019 0.022 0.028 0.045 0.009 0.015 0.022 0.052 0.036 0.004 0.011 0.024
67 F 0.034 0.019 0.017 0.017 0.011 0.011 0.019 0.025 0.017 0.064 0.115 0.019 0.025 0.385 0.011 0.025 0.025 0.017 0.089 0.055
68 H 0.042 0.046 0.054 0.038 0.008 0.038 0.054 0.038 0.353 0.023 0.038 0.046 0.015 0.031 0.019 0.042 0.027 0.008 0.058 0.023
69 V 0.062 0.05 0.033 0.041 0.013 0.068 0.095 0.035 0.017 0.075 0.074 0.092 0.021 0.023 0.022 0.053 0.079 0.005 0.018 0.123
70 D 0.044 0.044 0.088 0.101 0.009 0.031 0.051 0.039 0.082 0.071 0.061 0.082 0.017 0.041 0.019 0.044 0.036 0.009 0.076 0.054
71 L 0.043 0.022 0.016 0.016 0.013 0.015 0.021 0.023 0.018 0.092 0.2 0.024 0.033 0.179 0.013 0.027 0.032 0.013 0.095 0.105
72 R 0.045 0.345 0.039 0.031 0.008 0.048 0.052 0.033 0.023 0.023 0.047 0.12 0.016 0.017 0.019 0.045 0.035 0.006 0.017 0.031
73 G 0.071 0.066 0.042 0.039 0.011 0.038 0.051 0.206 0.018 0.024 0.037 0.168 0.013 0.016 0.024 0.083 0.042 0.005 0.015 0.031
74 K 0.06 0.117 0.091 0.055 0.01 0.047 0.1 0.046 0.023 0.025 0.04 0.148 0.014 0.017 0.024 0.085 0.046 0.005 0.017 0.032
75 L 0.041 0.023 0.014 0.015 0.015 0.015 0.019 0.022 0.011 0.103 0.334 0.023 0.044 0.123 0.013 0.024 0.031 0.009 0.035 0.086
76 L 0.047 0.023 0.019 0.02 0.015 0.016 0.022 0.025 0.011 0.153 0.214 0.026 0.035 0.103 0.016 0.035 0.072 0.008 0.031 0.109
77 L 0.048 0.022 0.017 0.019 0.015 0.017 0.022 0.024 0.011 0.184 0.185 0.028 0.058 0.04 0.096 0.029 0.037 0.006 0.02 0.122
78 F 0.061 0.023 0.023 0.022 0.013 0.015 0.025 0.033 0.016 0.068 0.099 0.026 0.024 0.277 0.015 0.064 0.038 0.013 0.064 0.081
79 L 0.143 0.026 0.024 0.026 0.018 0.021 0.031 0.046 0.012 0.134 0.146 0.035 0.028 0.034 0.022 0.08 0.048 0.006 0.019 0.102
80 L 0.068 0.026 0.029 0.027 0.016 0.02 0.029 0.095 0.012 0.116 0.14 0.034 0.027 0.033 0.02 0.076 0.083 0.006 0.018 0.125
81 L 0.053 0.021 0.015 0.016 0.015 0.014 0.02 0.024 0.011 0.153 0.264 0.024 0.04 0.107 0.014 0.027 0.034 0.008 0.032 0.109
82 W 0.03 0.022 0.015 0.015 0.007 0.015 0.022 0.03 0.015 0.03 0.052 0.022 0.015 0.059 0.007 0.022 0.022 0.505 0.067 0.03
83 G 0.069 0.032 0.087 0.042 0.014 0.025 0.036 0.126 0.016 0.077 0.065 0.042 0.018 0.024 0.023 0.094 0.121 0.005 0.016 0.067
84 L 0.143 0.03 0.025 0.026 0.018 0.024 0.033 0.048 0.014 0.073 0.188 0.037 0.055 0.036 0.022 0.081 0.047 0.006 0.02 0.075
85 Y 0.04 0.027 0.021 0.018 0.009 0.021 0.027 0.024 0.046 0.043 0.067 0.03 0.018 0.128 0.015 0.03 0.027 0.027 0.334 0.046
86 L 0.047 0.023 0.016 0.018 0.016 0.018 0.021 0.023 0.011 0.196 0.211 0.027 0.086 0.046 0.015 0.028 0.038 0.007 0.022 0.132
87 G 0.064 0.024 0.029 0.027 0.013 0.018 0.026 0.196 0.013 0.088 0.127 0.031 0.024 0.092 0.017 0.069 0.039 0.007 0.028 0.068
88 L 0.053 0.021 0.015 0.016 0.017 0.015 0.02 0.022 0.009 0.187 0.227 0.024 0.038 0.044 0.015 0.027 0.04 0.006 0.021 0.184
89 Y 0.039 0.025 0.019 0.017 0.01 0.019 0.025 0.024 0.035 0.057 0.128 0.027 0.024 0.161 0.014 0.028 0.028 0.022 0.241 0.055
90 I 0.136 0.024 0.019 0.021 0.017 0.019 0.027 0.04 0.017 0.144 0.106 0.031 0.026 0.048 0.02 0.046 0.042 0.009 0.071 0.135
91 L 0.05 0.023 0.015 0.017 0.016 0.017 0.021 0.022 0.01 0.15 0.265 0.026 0.065 0.047 0.015 0.027 0.038 0.007 0.021 0.147
92 V 0.061 0.02 0.016 0.017 0.018 0.015 0.021 0.023 0.008 0.203 0.139 0.025 0.033 0.038 0.016 0.03 0.045 0.005 0.02 0.249
93 S 0.13 0.038 0.095 0.05 0.016 0.031 0.049 0.066 0.02 0.03 0.042 0.051 0.015 0.02 0.027 0.184 0.069 0.005 0.017 0.043
94 P 0.104 0.025 0.028 0.031 0.012 0.02 0.033 0.204 0.013 0.026 0.037 0.038 0.011 0.015 0.264 0.052 0.035 0.004 0.013 0.034
95 G 0.077 0.033 0.038 0.035 0.013 0.056 0.042 0.283 0.016 0.045 0.049 0.044 0.016 0.019 0.021 0.079 0.043 0.005 0.015 0.072
96 E 0.055 0.05 0.041 0.091 0.007 0.065 0.294 0.035 0.026 0.022 0.037 0.076 0.013 0.017 0.026 0.055 0.037 0.006 0.017 0.031
97 K 0.054 0.059 0.093 0.116 0.008 0.041 0.102 0.125 0.021 0.023 0.034 0.132 0.012 0.016 0.023 0.055 0.038 0.005 0.014 0.028
98 L 0.044 0.024 0.067 0.027 0.015 0.017 0.023 0.028 0.013 0.193 0.208 0.028 0.035 0.042 0.015 0.031 0.039 0.006 0.02 0.125
99 K 0.071 0.055 0.037 0.035 0.013 0.033 0.047 0.044 0.017 0.056 0.067 0.123 0.019 0.085 0.023 0.107 0.052 0.007 0.029 0.081
100 G 0.055 0.092 0.046 0.099 0.009 0.064 0.057 0.2 0.078 0.022 0.035 0.06 0.013 0.018 0.02 0.048 0.032 0.005 0.021 0.026
101 L 0.044 0.022 0.015 0.016 0.014 0.014 0.02 0.023 0.012 0.104 0.254 0.023 0.038 0.166 0.013 0.025 0.033 0.01 0.043 0.113
102 L 0.049 0.02 0.014 0.016 0.016 0.014 0.019 0.021 0.009 0.209 0.233 0.024 0.039 0.045 0.014 0.025 0.038 0.006 0.021 0.165
103 L 0.106 0.045 0.037 0.037 0.015 0.095 0.058 0.047 0.019 0.048 0.107 0.057 0.023 0.024 0.024 0.091 0.084 0.006 0.019 0.057
104 K 0.054 0.176 0.036 0.033 0.01 0.045 0.055 0.036 0.019 0.048 0.057 0.191 0.018 0.019 0.022 0.046 0.039 0.005 0.017 0.074
105 F 0.034 0.02 0.017 0.017 0.01 0.012 0.02 0.025 0.021 0.059 0.104 0.021 0.024 0.356 0.011 0.026 0.025 0.018 0.128 0.052
106 L 0.051 0.02 0.016 0.017 0.095 0.015 0.02 0.024 0.015 0.156 0.163 0.024 0.031 0.054 0.015 0.029 0.037 0.009 0.071 0.138
107 L 0.054 0.021 0.015 0.016 0.017 0.015 0.02 0.022 0.009 0.177 0.224 0.025 0.038 0.043 0.015 0.027 0.041 0.006 0.021 0.194
108 L 0.04 0.022 0.016 0.016 0.013 0.014 0.02 0.023 0.018 0.113 0.206 0.023 0.033 0.18 0.013 0.025 0.03 0.013 0.095 0.085
109 F 0.04 0.021 0.017 0.018 0.012 0.014 0.022 0.025 0.014 0.073 0.192 0.024 0.03 0.221 0.094 0.027 0.029 0.011 0.053 0.063
110 L 0.059 0.024 0.021 0.022 0.016 0.017 0.025 0.029 0.012 0.132 0.182 0.028 0.032 0.1 0.016 0.062 0.044 0.008 0.031 0.14
111 L 0.044 0.023 0.014 0.015 0.016 0.016 0.02 0.021 0.01 0.127 0.372 0.025 0.047 0.053 0.014 0.024 0.033 0.007 0.022 0.1
112 L 0.045 0.027 0.017 0.017 0.015 0.021 0.024 0.024 0.018 0.096 0.271 0.029 0.088 0.064 0.015 0.029 0.034 0.011 0.074 0.085
113 V 0.05 0.021 0.016 0.017 0.015 0.015 0.021 0.023 0.016 0.167 0.127 0.024 0.029 0.114 0.014 0.028 0.038 0.011 0.084 0.17
114 V 0.058 0.021 0.019 0.019 0.016 0.015 0.021 0.105 0.009 0.172 0.167 0.026 0.032 0.038 0.016 0.031 0.039 0.006 0.019 0.173
115 Y 0.038 0.026 0.02 0.018 0.009 0.02 0.026 0.025 0.04 0.04 0.064 0.029 0.018 0.116 0.014 0.029 0.026 0.107 0.29 0.043
116 F 0.042 0.019 0.016 0.017 0.013 0.012 0.019 0.024 0.013 0.126 0.125 0.021 0.028 0.266 0.012 0.026 0.032 0.012 0.062 0.117
117 W 0.042 0.03 0.028 0.023 0.01 0.023 0.032 0.031 0.084 0.036 0.056 0.032 0.017 0.071 0.015 0.039 0.065 0.18 0.146 0.04
118 L 0.057 0.026 0.026 0.024 0.013 0.019 0.027 0.113 0.019 0.063 0.171 0.031 0.027 0.112 0.017 0.065 0.038 0.011 0.082 0.059
119 Y 0.039 0.032 0.029 0.023 0.009 0.025 0.033 0.029 0.143 0.045 0.108 0.033 0.022 0.071 0.015 0.031 0.027 0.097 0.145 0.043
120 K 0.05 0.057 0.027 0.027 0.012 0.033 0.042 0.031 0.022 0.096 0.102 0.135 0.052 0.05 0.02 0.039 0.037 0.01 0.082 0.075
121 E 0.056 0.048 0.03 0.05 0.012 0.042 0.146 0.031 0.018 0.103 0.081 0.098 0.022 0.025 0.022 0.043 0.04 0.005 0.018 0.11
122 R 0.05 0.184 0.039 0.056 0.008 0.055 0.159 0.035 0.023 0.023 0.041 0.135 0.014 0.016 0.023 0.05 0.036 0.005 0.017 0.031
123 G 0.063 0.049 0.112 0.047 0.01 0.031 0.042 0.286 0.019 0.022 0.032 0.103 0.011 0.016 0.021 0.055 0.036 0.005 0.013 0.027
124 T 0.054 0.088 0.044 0.097 0.011 0.031 0.051 0.039 0.075 0.033 0.045 0.056 0.015 0.02 0.103 0.06 0.11 0.005 0.022 0.041
125 L 0.058 0.025 0.026 0.025 0.015 0.019 0.027 0.032 0.013 0.139 0.156 0.031 0.03 0.097 0.018 0.071 0.08 0.008 0.031 0.1
126 K 0.056 0.136 0.04 0.038 0.01 0.047 0.061 0.041 0.019 0.03 0.046 0.224 0.016 0.017 0.026 0.057 0.076 0.005 0.017 0.038
127 D 0.047 0.047 0.055 0.236 0.008 0.103 0.13 0.042 0.023 0.023 0.035 0.064 0.013 0.015 0.023 0.053 0.037 0.005 0.015 0.028
128 L 0.042 0.022 0.014 0.016 0.015 0.014 0.019 0.021 0.011 0.133 0.306 0.023 0.042 0.11 0.013 0.024 0.032 0.008 0.032 0.1
129 L 0.04 0.022 0.015 0.015 0.014 0.014 0.019 0.022 0.012 0.096 0.298 0.023 0.041 0.17 0.013 0.024 0.03 0.01 0.043 0.08
130 R 0.092 0.163 0.033 0.031 0.011 0.039 0.049 0.041 0.018 0.072 0.066 0.149 0.019 0.021 0.023 0.05 0.039 0.005 0.017 0.061
131 L 0.047 0.097 0.03 0.027 0.012 0.032 0.039 0.03 0.075 0.095 0.145 0.09 0.052 0.034 0.018 0.037 0.035 0.006 0.026 0.073
132 Y 0.04 0.027 0.021 0.018 0.009 0.021 0.027 0.024 0.046 0.043 0.067 0.03 0.018 0.128 0.015 0.03 0.027 0.027 0.334 0.046
133 S 0.116 0.031 0.035 0.035 0.016 0.025 0.039 0.051 0.014 0.078 0.067 0.043 0.019 0.023 0.106 0.12 0.091 0.005 0.017 0.07
134 N 0.046 0.056 0.192 0.124 0.008 0.069 0.067 0.053 0.027 0.023 0.035 0.098 0.013 0.016 0.022 0.06 0.043 0.005 0.016 0.028
135 I 0.047 0.017 0.014 0.017 0.016 0.013 0.017 0.02 0.009 0.283 0.162 0.023 0.036 0.043 0.014 0.025 0.039 0.006 0.02 0.177
136 V 0.057 0.019 0.015 0.017 0.017 0.015 0.02 0.022 0.008 0.225 0.145 0.024 0.033 0.039 0.015 0.028 0.044 0.006 0.02 0.23
137 F 0.064 0.028 0.033 0.03 0.014 0.02 0.033 0.041 0.017 0.049 0.08 0.034 0.021 0.212 0.019 0.107 0.083 0.011 0.052 0.052
138 I 0.051 0.02 0.019 0.02 0.016 0.015 0.021 0.024 0.009 0.244 0.146 0.027 0.033 0.039 0.017 0.036 0.077 0.006 0.02 0.16
139 I 0.046 0.018 0.014 0.017 0.016 0.013 0.018 0.02 0.009 0.259 0.202 0.023 0.038 0.045 0.014 0.024 0.038 0.006 0.02 0.159
140 A 0.307 0.03 0.025 0.029 0.021 0.025 0.04 0.076 0.014 0.042 0.058 0.043 0.017 0.021 0.029 0.083 0.049 0.005 0.017 0.067
141 L 0.049 0.02 0.014 0.016 0.016 0.014 0.019 0.021 0.009 0.209 0.233 0.024 0.039 0.045 0.014 0.025 0.038 0.006 0.021 0.165
142 I 0.046 0.018 0.014 0.017 0.016 0.013 0.018 0.02 0.009 0.259 0.202 0.023 0.038 0.045 0.014 0.024 0.038 0.006 0.02 0.159
143 S 0.124 0.038 0.05 0.046 0.017 0.032 0.05 0.066 0.018 0.03 0.042 0.052 0.015 0.02 0.029 0.226 0.077 0.005 0.017 0.043
144 L 0.047 0.023 0.014 0.015 0.016 0.016 0.02 0.021 0.01 0.126 0.348 0.025 0.046 0.051 0.014 0.025 0.035 0.007 0.021 0.121
145 F 0.039 0.019 0.016 0.017 0.012 0.011 0.019 0.025 0.015 0.078 0.114 0.02 0.026 0.341 0.011 0.026 0.029 0.015 0.076 0.093
146 F 0.036 0.021 0.017 0.017 0.011 0.013 0.02 0.025 0.016 0.068 0.125 0.021 0.051 0.343 0.011 0.027 0.027 0.015 0.076 0.06
147 W 0.03 0.022 0.015 0.015 0.007 0.015 0.022 0.03 0.015 0.03 0.052 0.022 0.015 0.059 0.007 0.022 0.022 0.505 0.067 0.03
148 L 0.05 0.022 0.015 0.016 0.016 0.015 0.021 0.023 0.01 0.12 0.256 0.024 0.039 0.105 0.014 0.027 0.036 0.008 0.032 0.151
149 F 0.046 0.024 0.025 0.023 0.013 0.016 0.025 0.031 0.015 0.059 0.095 0.027 0.023 0.276 0.016 0.047 0.105 0.013 0.064 0.059
150 G 0.113 0.023 0.032 0.029 0.093 0.018 0.026 0.366 0.013 0.027 0.039 0.032 0.012 0.017 0.02 0.054 0.033 0.005 0.012 0.036
151 S 0.107 0.039 0.053 0.048 0.017 0.032 0.051 0.065 0.019 0.029 0.041 0.053 0.015 0.02 0.029 0.239 0.08 0.005 0.017 0.041
152 L 0.047 0.02 0.015 0.016 0.015 0.014 0.019 0.022 0.01 0.171 0.225 0.023 0.037 0.105 0.014 0.026 0.036 0.008 0.032 0.145
153 L 0.087 0.025 0.016 0.017 0.017 0.017 0.023 0.03 0.011 0.101 0.335 0.028 0.043 0.048 0.016 0.034 0.035 0.007 0.021 0.089
154 G 0.055 0.047 0.139 0.051 0.009 0.032 0.045 0.208 0.08 0.022 0.033 0.085 0.012 0.019 0.02 0.055 0.037 0.005 0.021 0.026
155 W 0.039 0.021 0.016 0.017 0.012 0.015 0.021 0.024 0.017 0.161 0.11 0.024 0.026 0.063 0.012 0.025 0.031 0.176 0.088 0.104
156 F 0.043 0.02 0.016 0.016 0.014 0.013 0.019 0.023 0.013 0.125 0.169 0.021 0.032 0.223 0.013 0.026 0.032 0.011 0.054 0.119
157 P 0.056 0.045 0.036 0.043 0.009 0.035 0.088 0.118 0.076 0.023 0.036 0.088 0.012 0.017 0.183 0.047 0.033 0.005 0.021 0.028
158 P 0.115 0.031 0.033 0.036 0.014 0.025 0.041 0.052 0.015 0.029 0.041 0.045 0.013 0.017 0.267 0.115 0.052 0.004 0.015 0.04
159 T 0.079 0.036 0.045 0.039 0.017 0.028 0.041 0.047 0.015 0.047 0.059 0.046 0.018 0.023 0.027 0.121 0.226 0.006 0.017 0.063
160 G 0.076 0.052 0.039 0.034 0.011 0.022 0.029 0.443 0.014 0.02 0.03 0.042 0.01 0.016 0.019 0.065 0.034 0.005 0.012 0.026
161 T 0.07 0.029 0.032 0.031 0.016 0.023 0.034 0.038 0.012 0.101 0.082 0.038 0.022 0.026 0.103 0.087 0.122 0.005 0.017 0.111
162 L 0.047 0.024 0.016 0.016 0.015 0.017 0.021 0.023 0.012 0.11 0.267 0.026 0.064 0.107 0.014 0.027 0.035 0.008 0.033 0.119
163 R 0.044 0.144 0.092 0.104 0.008 0.036 0.054 0.041 0.08 0.023 0.037 0.069 0.013 0.018 0.101 0.048 0.035 0.005 0.021 0.027
164 I 0.046 0.017 0.014 0.017 0.016 0.013 0.017 0.02 0.009 0.289 0.164 0.023 0.036 0.043 0.014 0.024 0.039 0.006 0.02 0.172
165 F 0.041 0.03 0.074 0.039 0.01 0.026 0.074 0.032 0.024 0.054 0.125 0.036 0.023 0.17 0.016 0.038 0.032 0.013 0.093 0.051
166 W 0.03 0.022 0.015 0.015 0.007 0.015 0.022 0.03 0.015 0.03 0.052 0.022 0.015 0.059 0.007 0.022 0.022 0.505 0.067 0.03
167 G 0.076 0.022 0.038 0.033 0.011 0.018 0.025 0.522 0.013 0.018 0.028 0.033 0.009 0.016 0.018 0.05 0.029 0.005 0.011 0.024
168 A 0.141 0.056 0.084 0.042 0.013 0.034 0.048 0.137 0.019 0.03 0.043 0.127 0.014 0.018 0.025 0.065 0.042 0.005 0.016 0.041
169 D 0.045 0.038 0.102 0.249 0.008 0.041 0.157 0.045 0.023 0.022 0.031 0.055 0.011 0.016 0.023 0.055 0.037 0.004 0.013 0.026
170 R 0.048 0.247 0.03 0.026 0.011 0.036 0.041 0.029 0.018 0.09 0.079 0.086 0.021 0.024 0.018 0.038 0.037 0.006 0.018 0.097
171 F 0.049 0.079 0.024 0.022 0.013 0.021 0.028 0.028 0.014 0.108 0.104 0.041 0.025 0.154 0.016 0.04 0.073 0.009 0.041 0.111
172 I 0.097 0.023 0.021 0.022 0.017 0.018 0.025 0.034 0.01 0.187 0.123 0.03 0.029 0.035 0.019 0.046 0.08 0.006 0.019 0.157
173 G 0.072 0.034 0.042 0.036 0.013 0.027 0.04 0.127 0.075 0.03 0.044 0.042 0.015 0.028 0.022 0.114 0.084 0.089 0.031 0.038
174 S 0.096 0.04 0.1 0.053 0.016 0.032 0.051 0.065 0.021 0.028 0.039 0.053 0.015 0.02 0.027 0.21 0.075 0.005 0.017 0.038
175 Y 0.037 0.024 0.02 0.018 0.009 0.018 0.024 0.024 0.036 0.049 0.082 0.026 0.02 0.219 0.014 0.029 0.026 0.024 0.252 0.048
176 F 0.036 0.026 0.024 0.021 0.009 0.018 0.027 0.027 0.085 0.049 0.084 0.027 0.021 0.248 0.013 0.029 0.026 0.019 0.164 0.046
177 G 0.059 0.03 0.134 0.047 0.01 0.024 0.033 0.286 0.024 0.024 0.035 0.039 0.011 0.035 0.018 0.053 0.035 0.009 0.066 0.028
178 I 0.053 0.02 0.015 0.017 0.017 0.015 0.02 0.022 0.009 0.209 0.199 0.024 0.037 0.042 0.015 0.027 0.041 0.006 0.02 0.194
179 Y 0.04 0.027 0.021 0.018 0.009 0.021 0.027 0.024 0.046 0.043 0.067 0.03 0.018 0.128 0.015 0.03 0.027 0.027 0.334 0.046
180 F 0.034 0.02 0.017 0.017 0.01 0.012 0.02 0.025 0.021 0.059 0.104 0.021 0.024 0.356 0.011 0.026 0.025 0.018 0.128 0.052
181 Q 0.05 0.063 0.046 0.043 0.008 0.168 0.084 0.039 0.143 0.025 0.043 0.074 0.018 0.019 0.021 0.05 0.035 0.006 0.032 0.03
182 W 0.03 0.022 0.015 0.015 0.007 0.015 0.022 0.03 0.015 0.03 0.052 0.022 0.015 0.059 0.007 0.022 0.022 0.505 0.067 0.03
183 Q 0.055 0.072 0.043 0.046 0.009 0.234 0.1 0.04 0.029 0.026 0.046 0.089 0.02 0.014 0.023 0.055 0.04 0.006 0.02 0.034
184 N 0.041 0.044 0.24 0.066 0.008 0.034 0.049 0.055 0.144 0.022 0.033 0.05 0.012 0.022 0.019 0.059 0.041 0.005 0.029 0.025
185 D 0.04 0.029 0.067 0.412 0.007 0.029 0.089 0.045 0.018 0.022 0.027 0.044 0.009 0.015 0.022 0.051 0.035 0.004 0.011 0.024
186 A 0.172 0.024 0.02 0.023 0.017 0.018 0.029 0.05 0.014 0.09 0.093 0.032 0.023 0.152 0.02 0.054 0.039 0.009 0.041 0.08
187 V 0.064 0.029 0.027 0.036 0.014 0.026 0.077 0.035 0.015 0.076 0.08 0.039 0.021 0.087 0.1 0.071 0.045 0.007 0.029 0.121
188 I 0.047 0.019 0.015 0.017 0.015 0.014 0.019 0.022 0.01 0.2 0.187 0.023 0.035 0.103 0.014 0.026 0.037 0.008 0.031 0.159
189 L 0.039 0.029 0.027 0.023 0.011 0.021 0.03 0.028 0.132 0.066 0.18 0.029 0.029 0.162 0.014 0.03 0.028 0.01 0.055 0.057
190 G 0.076 0.022 0.038 0.033 0.011 0.018 0.025 0.522 0.013 0.018 0.028 0.033 0.009 0.016 0.018 0.05 0.029 0.005 0.011 0.024
191 K 0.048 0.115 0.04 0.034 0.009 0.042 0.053 0.036 0.137 0.037 0.066 0.139 0.043 0.026 0.021 0.044 0.034 0.006 0.031 0.038
192 T 0.058 0.092 0.034 0.031 0.013 0.062 0.046 0.034 0.022 0.059 0.069 0.058 0.02 0.04 0.021 0.057 0.113 0.009 0.071 0.089
193 F 0.039 0.019 0.015 0.016 0.013 0.012 0.018 0.023 0.013 0.146 0.175 0.021 0.032 0.224 0.012 0.024 0.031 0.011 0.054 0.1
194 Y 0.037 0.024 0.02 0.018 0.009 0.018 0.024 0.024 0.036 0.049 0.082 0.026 0.02 0.219 0.014 0.029 0.026 0.024 0.252 0.048
195 R 0.044 0.361 0.038 0.03 0.008 0.047 0.051 0.032 0.023 0.023 0.045 0.117 0.015 0.017 0.019 0.044 0.034 0.006 0.017 0.03
196 N 0.042 0.044 0.334 0.081 0.009 0.033 0.048 0.064 0.031 0.022 0.031 0.053 0.011 0.018 0.02 0.068 0.048 0.004 0.015 0.026
197 I 0.046 0.017 0.014 0.017 0.016 0.013 0.017 0.02 0.009 0.289 0.164 0.023 0.036 0.043 0.014 0.024 0.039 0.006 0.02 0.172
198 G 0.076 0.022 0.038 0.033 0.011 0.018 0.025 0.522 0.013 0.018 0.028 0.033 0.009 0.016 0.018 0.05 0.029 0.005 0.011 0.024
199 I 0.046 0.017 0.014 0.017 0.016 0.013 0.017 0.02 0.009 0.289 0.164 0.023 0.036 0.043 0.014 0.024 0.039 0.006 0.02 0.172
200 F 0.033 0.019 0.016 0.016 0.01 0.01 0.019 0.025 0.016 0.062 0.111 0.019 0.025 0.402 0.01 0.025 0.025 0.016 0.087 0.054
201 G 0.116 0.029 0.036 0.033 0.097 0.024 0.035 0.13 0.014 0.04 0.053 0.04 0.016 0.021 0.024 0.099 0.121 0.005 0.015 0.054
202 E 0.054 0.048 0.04 0.088 0.007 0.063 0.314 0.034 0.025 0.022 0.036 0.074 0.013 0.016 0.025 0.054 0.036 0.005 0.016 0.031
203 A 0.269 0.029 0.027 0.03 0.019 0.024 0.037 0.151 0.014 0.038 0.053 0.042 0.016 0.02 0.027 0.077 0.045 0.005 0.016 0.06
204 P 0.055 0.025 0.023 0.03 0.01 0.02 0.035 0.035 0.013 0.025 0.035 0.04 0.01 0.013 0.506 0.043 0.035 0.003 0.013 0.03
205 L 0.051 0.031 0.02 0.02 0.016 0.027 0.027 0.027 0.016 0.098 0.192 0.035 0.181 0.047 0.016 0.035 0.039 0.008 0.024 0.09
206 Y 0.038 0.026 0.02 0.018 0.009 0.019 0.026 0.024 0.041 0.046 0.074 0.028 0.019 0.173 0.014 0.029 0.027 0.026 0.293 0.047
207 S 0.101 0.036 0.047 0.043 0.017 0.03 0.046 0.058 0.017 0.051 0.055 0.048 0.018 0.023 0.027 0.204 0.075 0.005 0.018 0.082
208 L 0.044 0.023 0.014 0.015 0.016 0.015 0.019 0.021 0.01 0.142 0.353 0.024 0.046 0.052 0.014 0.024 0.034 0.007 0.021 0.107
209 H 0.041 0.044 0.146 0.052 0.008 0.036 0.051 0.046 0.257 0.022 0.035 0.047 0.014 0.026 0.019 0.05 0.033 0.006 0.042 0.024
210 L 0.043 0.024 0.014 0.015 0.016 0.016 0.02 0.021 0.01 0.113 0.391 0.025 0.048 0.053 0.014 0.024 0.033 0.007 0.022 0.094
211 S 0.094 0.035 0.045 0.041 0.097 0.028 0.043 0.055 0.016 0.035 0.048 0.046 0.016 0.021 0.026 0.181 0.103 0.005 0.016 0.048
212 I 0.058 0.024 0.024 0.024 0.017 0.018 0.025 0.028 0.01 0.188 0.124 0.031 0.029 0.035 0.019 0.048 0.116 0.006 0.019 0.157
213 A 0.307 0.03 0.025 0.029 0.021 0.025 0.04 0.076 0.014 0.042 0.058 0.043 0.017 0.021 0.029 0.083 0.049 0.005 0.017 0.067
214 F 0.036 0.02 0.016 0.016 0.012 0.012 0.019 0.023 0.014 0.079 0.205 0.021 0.033 0.286 0.012 0.024 0.027 0.013 0.065 0.067
215 L 0.048 0.026 0.017 0.018 0.016 0.021 0.023 0.024 0.013 0.135 0.254 0.03 0.113 0.048 0.015 0.03 0.037 0.007 0.022 0.105
216 F 0.049 0.023 0.022 0.022 0.013 0.015 0.024 0.03 0.014 0.103 0.155 0.026 0.029 0.22 0.015 0.06 0.038 0.011 0.053 0.078
217 D 0.051 0.031 0.065 0.351 0.009 0.03 0.083 0.049 0.018 0.023 0.03 0.045 0.01 0.016 0.023 0.082 0.042 0.004 0.012 0.027
218 L 0.041 0.023 0.017 0.017 0.013 0.016 0.022 0.023 0.023 0.11 0.198 0.025 0.032 0.134 0.014 0.026 0.031 0.015 0.137 0.084
219 L 0.042 0.024 0.016 0.017 0.014 0.017 0.022 0.024 0.014 0.091 0.24 0.026 0.079 0.168 0.013 0.027 0.032 0.01 0.044 0.079
220 L 0.056 0.023 0.021 0.022 0.016 0.017 0.024 0.028 0.011 0.181 0.217 0.029 0.036 0.042 0.017 0.06 0.044 0.006 0.02 0.129
221 N 0.044 0.051 0.231 0.063 0.01 0.033 0.047 0.053 0.025 0.038 0.093 0.088 0.018 0.023 0.02 0.058 0.044 0.005 0.017 0.039
222 G 0.055 0.033 0.05 0.169 0.008 0.033 0.099 0.201 0.076 0.021 0.031 0.045 0.011 0.018 0.021 0.049 0.031 0.005 0.019 0.025
223 R 0.044 0.154 0.14 0.051 0.008 0.072 0.058 0.045 0.084 0.023 0.039 0.079 0.015 0.019 0.02 0.053 0.038 0.006 0.023 0.028
224 R 0.047 0.17 0.09 0.043 0.008 0.045 0.057 0.042 0.081 0.024 0.041 0.154 0.014 0.019 0.022 0.05 0.037 0.006 0.023 0.029
225 K 0.081 0.065 0.046 0.043 0.014 0.04 0.056 0.052 0.019 0.032 0.045 0.148 0.016 0.019 0.028 0.142 0.091 0.005 0.017 0.042
226 K 0.098 0.067 0.034 0.034 0.013 0.037 0.051 0.044 0.016 0.048 0.106 0.167 0.022 0.024 0.025 0.059 0.077 0.006 0.018 0.054
227 F 0.047 0.079 0.026 0.024 0.011 0.02 0.029 0.033 0.018 0.05 0.089 0.041 0.022 0.274 0.015 0.064 0.036 0.013 0.063 0.048
228 R 0.048 0.275 0.039 0.034 0.008 0.049 0.057 0.035 0.022 0.024 0.044 0.177 0.015 0.016 0.022 0.046 0.036 0.005 0.017 0.031
229 W 0.035 0.025 0.018 0.017 0.008 0.018 0.025 0.027 0.031 0.036 0.06 0.027 0.017 0.095 0.011 0.027 0.025 0.263 0.197 0.038
230 F 0.033 0.019 0.017 0.017 0.01 0.01 0.019 0.025 0.017 0.063 0.113 0.019 0.025 0.394 0.01 0.025 0.025 0.017 0.088 0.054
231 R 0.044 0.353 0.038 0.031 0.008 0.048 0.052 0.032 0.023 0.023 0.046 0.119 0.015 0.017 0.019 0.044 0.034 0.006 0.017 0.031
232 L 0.046 0.021 0.016 0.017 0.014 0.016 0.021 0.023 0.016 0.151 0.172 0.025 0.038 0.117 0.014 0.027 0.035 0.011 0.084 0.134
233 A 0.18 0.027 0.021 0.023 0.099 0.022 0.03 0.052 0.013 0.063 0.137 0.035 0.049 0.031 0.022 0.058 0.042 0.006 0.018 0.073
234 V 0.058 0.022 0.016 0.017 0.016 0.016 0.022 0.024 0.009 0.131 0.158 0.025 0.031 0.042 0.014 0.029 0.041 0.089 0.028 0.212
235 Y 0.04 0.025 0.018 0.017 0.012 0.018 0.023 0.023 0.029 0.069 0.182 0.027 0.029 0.149 0.014 0.027 0.029 0.019 0.189 0.063
236 L 0.089 0.022 0.017 0.018 0.096 0.015 0.022 0.032 0.011 0.11 0.196 0.026 0.032 0.099 0.016 0.037 0.036 0.008 0.03 0.089
237 L 0.05 0.02 0.018 0.019 0.015 0.015 0.019 0.104 0.01 0.185 0.217 0.025 0.036 0.042 0.015 0.028 0.035 0.006 0.019 0.121
238 T 0.111 0.034 0.039 0.035 0.018 0.027 0.039 0.048 0.014 0.05 0.063 0.044 0.019 0.023 0.027 0.089 0.229 0.006 0.017 0.069
239 I 0.047 0.02 0.015 0.018 0.016 0.015 0.019 0.021 0.01 0.257 0.169 0.025 0.06 0.044 0.015 0.026 0.039 0.006 0.021 0.159
240 L 0.092 0.022 0.016 0.018 0.017 0.016 0.023 0.03 0.01 0.168 0.216 0.027 0.036 0.041 0.017 0.035 0.04 0.006 0.02 0.148
241 T 0.083 0.036 0.046 0.04 0.017 0.029 0.043 0.05 0.015 0.044 0.056 0.047 0.018 0.022 0.028 0.14 0.203 0.006 0.017 0.06
242 T 0.077 0.035 0.044 0.038 0.017 0.028 0.041 0.046 0.014 0.048 0.06 0.046 0.019 0.023 0.027 0.115 0.234 0.006 0.017 0.065
243 F 0.042 0.02 0.017 0.017 0.012 0.014 0.02 0.024 0.019 0.113 0.115 0.022 0.027 0.235 0.013 0.027 0.031 0.015 0.106 0.111
244 S 0.107 0.039 0.053 0.048 0.017 0.032 0.051 0.065 0.019 0.029 0.041 0.053 0.015 0.02 0.029 0.239 0.08 0.005 0.017 0.041
245 V 0.062 0.024 0.024 0.024 0.017 0.019 0.026 0.029 0.01 0.167 0.118 0.031 0.029 0.034 0.019 0.049 0.117 0.006 0.019 0.176
246 T 0.111 0.034 0.039 0.035 0.018 0.027 0.039 0.048 0.014 0.05 0.063 0.044 0.019 0.023 0.027 0.089 0.229 0.006 0.017 0.069
247 G 0.076 0.022 0.038 0.033 0.011 0.018 0.025 0.522 0.013 0.018 0.028 0.033 0.009 0.016 0.018 0.05 0.029 0.005 0.011 0.024
248 I 0.048 0.021 0.017 0.018 0.014 0.016 0.022 0.022 0.021 0.185 0.125 0.026 0.029 0.07 0.015 0.028 0.037 0.013 0.125 0.149
249 L 0.044 0.023 0.014 0.015 0.016 0.015 0.019 0.021 0.01 0.142 0.353 0.024 0.046 0.052 0.014 0.024 0.034 0.007 0.021 0.107
250 L 0.04 0.021 0.015 0.016 0.014 0.014 0.019 0.022 0.012 0.125 0.26 0.022 0.038 0.168 0.013 0.024 0.031 0.01 0.043 0.094
251 I 0.095 0.025 0.018 0.02 0.017 0.02 0.025 0.033 0.012 0.163 0.149 0.031 0.08 0.039 0.018 0.039 0.042 0.006 0.021 0.146
252 L 0.09 0.026 0.018 0.019 0.017 0.021 0.025 0.032 0.012 0.125 0.231 0.031 0.085 0.044 0.017 0.038 0.039 0.007 0.021 0.101
253 L 0.097 0.026 0.022 0.022 0.016 0.021 0.026 0.116 0.013 0.112 0.168 0.032 0.073 0.037 0.018 0.042 0.038 0.006 0.019 0.098
254 L 0.103 0.028 0.024 0.024 0.017 0.022 0.03 0.039 0.013 0.092 0.2 0.034 0.057 0.038 0.02 0.073 0.047 0.006 0.02 0.112
255 V 0.057 0.02 0.015 0.017 0.017 0.015 0.02 0.022 0.009 0.195 0.183 0.025 0.035 0.041 0.015 0.028 0.042 0.006 0.02 0.216
256 V 0.111 0.027 0.028 0.028 0.018 0.022 0.032 0.042 0.012 0.122 0.097 0.036 0.025 0.03 0.022 0.083 0.088 0.005 0.019 0.154
257 L 0.048 0.024 0.016 0.017 0.015 0.018 0.022 0.023 0.016 0.141 0.223 0.027 0.061 0.06 0.015 0.028 0.036 0.01 0.074 0.126
258 D 0.057 0.06 0.123 0.145 0.01 0.038 0.066 0.052 0.022 0.025 0.035 0.131 0.013 0.016 0.024 0.087 0.047 0.005 0.015 0.03
259 L 0.046 0.091 0.022 0.022 0.013 0.026 0.032 0.026 0.013 0.142 0.199 0.085 0.033 0.038 0.017 0.032 0.036 0.006 0.02 0.099
260 L 0.089 0.025 0.019 0.019 0.014 0.018 0.026 0.032 0.023 0.077 0.137 0.029 0.026 0.128 0.017 0.037 0.035 0.015 0.136 0.099
261 F 0.085 0.037 0.022 0.023 0.013 0.023 0.032 0.037 0.017 0.059 0.104 0.072 0.048 0.215 0.017 0.041 0.033 0.011 0.053 0.058
262 D 0.062 0.046 0.043 0.107 0.012 0.036 0.096 0.041 0.017 0.073 0.062 0.089 0.018 0.022 0.024 0.085 0.082 0.005 0.016 0.061
263 L 0.066 0.043 0.033 0.031 0.014 0.028 0.04 0.04 0.02 0.059 0.162 0.08 0.027 0.048 0.021 0.101 0.049 0.009 0.071 0.058
264 I 0.046 0.021 0.015 0.017 0.016 0.016 0.019 0.021 0.01 0.228 0.206 0.025 0.062 0.045 0.014 0.026 0.038 0.006 0.021 0.146
265 K 0.055 0.066 0.031 0.031 0.011 0.036 0.048 0.035 0.024 0.058 0.066 0.161 0.019 0.048 0.022 0.046 0.052 0.011 0.096 0.085
266 R 0.043 0.199 0.182 0.056 0.008 0.041 0.05 0.048 0.027 0.023 0.039 0.086 0.013 0.017 0.02 0.056 0.042 0.005 0.016 0.029
267 A 0.299 0.031 0.025 0.029 0.021 0.025 0.04 0.077 0.015 0.043 0.059 0.044 0.017 0.021 0.029 0.084 0.049 0.005 0.017 0.068
268 R 0.044 0.353 0.038 0.031 0.008 0.048 0.052 0.032 0.023 0.023 0.046 0.119 0.015 0.017 0.019 0.044 0.034 0.006 0.017 0.031
269 S 0.109 0.04 0.053 0.048 0.017 0.033 0.052 0.065 0.019 0.029 0.041 0.053 0.016 0.021 0.029 0.23 0.081 0.005 0.017 0.041
270 E 0.054 0.049 0.04 0.089 0.007 0.064 0.306 0.035 0.025 0.022 0.036 0.074 0.013 0.016 0.025 0.054 0.036 0.005 0.016 0.031
271 D 0.041 0.035 0.117 0.269 0.008 0.032 0.074 0.048 0.091 0.022 0.03 0.046 0.011 0.018 0.021 0.053 0.036 0.005 0.021 0.024
272 F 0.05 0.029 0.028 0.038 0.011 0.026 0.084 0.032 0.017 0.045 0.072 0.039 0.018 0.17 0.115 0.048 0.077 0.009 0.044 0.048
273 L 0.101 0.029 0.022 0.033 0.015 0.026 0.082 0.036 0.015 0.08 0.144 0.037 0.027 0.105 0.019 0.044 0.038 0.008 0.033 0.106
274 R 0.066 0.101 0.037 0.043 0.013 0.039 0.09 0.039 0.018 0.057 0.062 0.101 0.019 0.022 0.023 0.083 0.075 0.005 0.018 0.091
275 R 0.086 0.198 0.043 0.095 0.01 0.039 0.056 0.043 0.079 0.026 0.043 0.081 0.014 0.019 0.021 0.051 0.035 0.006 0.022 0.034
276 K 0.051 0.124 0.138 0.053 0.009 0.044 0.058 0.049 0.024 0.025 0.039 0.175 0.014 0.016 0.023 0.064 0.043 0.005 0.016 0.03
277 K 0.051 0.137 0.089 0.046 0.008 0.048 0.063 0.044 0.022 0.025 0.041 0.225 0.014 0.016 0.024 0.053 0.04 0.005 0.017 0.031
278 A 0.136 0.024 0.022 0.023 0.016 0.018 0.027 0.123 0.013 0.094 0.135 0.031 0.025 0.093 0.019 0.048 0.037 0.007 0.029 0.08
279 K 0.052 0.109 0.08 0.038 0.011 0.036 0.046 0.037 0.018 0.091 0.075 0.135 0.021 0.024 0.02 0.045 0.041 0.005 0.018 0.097
280 F 0.044 0.046 0.024 0.025 0.012 0.033 0.037 0.029 0.016 0.096 0.144 0.104 0.028 0.155 0.017 0.034 0.033 0.009 0.042 0.073
281 V 0.103 0.032 0.025 0.026 0.016 0.054 0.038 0.118 0.014 0.087 0.129 0.04 0.026 0.029 0.019 0.046 0.041 0.006 0.018 0.132
282 L 0.048 0.021 0.014 0.016 0.016 0.015 0.019 0.021 0.009 0.179 0.271 0.024 0.041 0.047 0.014 0.025 0.037 0.006 0.021 0.152
283 I 0.05 0.02 0.015 0.017 0.016 0.014 0.019 0.022 0.01 0.184 0.182 0.023 0.035 0.102 0.014 0.027 0.038 0.008 0.031 0.173
284 L 0.074 0.027 0.026 0.025 0.017 0.02 0.029 0.034 0.012 0.123 0.182 0.033 0.032 0.037 0.02 0.075 0.084 0.006 0.019 0.125
285 L 0.091 0.024 0.018 0.019 0.016 0.018 0.024 0.032 0.012 0.127 0.174 0.028 0.056 0.1 0.017 0.037 0.039 0.008 0.032 0.127
286 P 0.061 0.028 0.029 0.032 0.012 0.022 0.036 0.038 0.013 0.034 0.045 0.042 0.013 0.016 0.346 0.059 0.112 0.004 0.014 0.043
287 V 0.057 0.02 0.015 0.017 0.017 0.015 0.02 0.022 0.009 0.195 0.183 0.025 0.035 0.041 0.015 0.028 0.042 0.006 0.02 0.216
288 L 0.087 0.025 0.017 0.018 0.016 0.018 0.024 0.032 0.013 0.09 0.256 0.029 0.061 0.105 0.016 0.036 0.035 0.008 0.032 0.082
289 G 0.143 0.024 0.026 0.026 0.016 0.019 0.028 0.206 0.012 0.087 0.121 0.033 0.023 0.028 0.021 0.052 0.038 0.006 0.016 0.075
290 L 0.092 0.022 0.016 0.018 0.017 0.016 0.023 0.03 0.01 0.168 0.216 0.027 0.036 0.041 0.017 0.035 0.04 0.006 0.02 0.148
291 I 0.092 0.02 0.02 0.022 0.015 0.015 0.022 0.114 0.012 0.165 0.115 0.027 0.026 0.095 0.017 0.038 0.036 0.007 0.029 0.11
292 L 0.092 0.024 0.016 0.018 0.017 0.017 0.024 0.031 0.01 0.109 0.291 0.028 0.04 0.045 0.017 0.035 0.038 0.006 0.021 0.122
293 L 0.132 0.024 0.019 0.021 0.016 0.019 0.027 0.04 0.017 0.136 0.15 0.031 0.029 0.052 0.019 0.045 0.039 0.009 0.072 0.103
294 L 0.128 0.024 0.018 0.02 0.016 0.017 0.026 0.041 0.014 0.072 0.187 0.029 0.03 0.159 0.018 0.044 0.035 0.01 0.042 0.072
295 L 0.053 0.021 0.015 0.016 0.017 0.015 0.02 0.022 0.009 0.187 0.227 0.024 0.038 0.044 0.015 0.027 0.04 0.006 0.021 0.184
296 G 0.114 0.023 0.032 0.03 0.014 0.019 0.027 0.365 0.013 0.046 0.049 0.033 0.014 0.02 0.02 0.053 0.035 0.005 0.013 0.075
297 Y 0.042 0.097 0.078 0.034 0.009 0.031 0.04 0.035 0.03 0.036 0.061 0.091 0.017 0.118 0.018 0.042 0.033 0.014 0.134 0.039
298 E 0.059 0.055 0.087 0.053 0.011 0.072 0.1 0.044 0.022 0.04 0.098 0.098 0.02 0.023 0.023 0.082 0.046 0.005 0.018 0.043
299 L 0.044 0.023 0.014 0.015 0.016 0.015 0.019 0.021 0.01 0.142 0.353 0.024 0.046 0.052 0.014 0.024 0.034 0.007 0.021 0.107
300 L 0.049 0.02 0.014 0.016 0.016 0.014 0.019 0.021 0.009 0.209 0.233 0.024 0.039 0.045 0.014 0.025 0.038 0.006 0.021 0.165
301 A 0.163 0.033 0.039 0.037 0.017 0.027 0.041 0.141 0.015 0.035 0.048 0.045 0.016 0.02 0.027 0.131 0.092 0.005 0.016 0.051
302 D 0.048 0.042 0.148 0.178 0.01 0.064 0.069 0.05 0.023 0.028 0.038 0.054 0.013 0.017 0.022 0.064 0.078 0.005 0.015 0.034
303 K 0.056 0.104 0.04 0.04 0.008 0.052 0.069 0.042 0.02 0.027 0.042 0.296 0.015 0.015 0.027 0.052 0.039 0.005 0.017 0.032
304 L 0.043 0.024 0.014 0.015 0.016 0.016 0.02 0.021 0.01 0.113 0.391 0.025 0.048 0.053 0.014 0.024 0.033 0.007 0.022 0.094
305 A 0.198 0.036 0.037 0.045 0.017 0.034 0.089 0.065 0.018 0.034 0.049 0.052 0.016 0.02 0.028 0.13 0.057 0.005 0.017 0.052
306 S 0.095 0.038 0.049 0.044 0.017 0.031 0.047 0.057 0.017 0.037 0.048 0.05 0.017 0.021 0.028 0.189 0.142 0.005 0.017 0.05
307 A 0.175 0.143 0.081 0.038 0.015 0.034 0.045 0.059 0.02 0.032 0.049 0.07 0.015 0.019 0.024 0.067 0.044 0.005 0.017 0.048
308 S 0.107 0.039 0.053 0.048 0.017 0.032 0.051 0.065 0.019 0.029 0.041 0.053 0.015 0.02 0.029 0.239 0.08 0.005 0.017 0.041
309 G 0.076 0.022 0.038 0.033 0.011 0.018 0.025 0.522 0.013 0.018 0.028 0.033 0.009 0.016 0.018 0.05 0.029 0.005 0.011 0.024
310 G 0.085 0.03 0.042 0.038 0.014 0.024 0.037 0.21 0.017 0.031 0.048 0.04 0.015 0.082 0.022 0.14 0.054 0.007 0.026 0.037
311 S 0.095 0.035 0.045 0.041 0.017 0.029 0.044 0.054 0.016 0.055 0.059 0.047 0.019 0.023 0.026 0.18 0.106 0.005 0.018 0.087
312 R 0.044 0.361 0.038 0.03 0.008 0.047 0.051 0.032 0.023 0.023 0.045 0.117 0.015 0.017 0.019 0.044 0.034 0.006 0.017 0.03
313 L 0.053 0.04 0.025 0.025 0.015 0.027 0.033 0.03 0.014 0.113 0.174 0.076 0.08 0.038 0.019 0.044 0.076 0.007 0.021 0.091
314 E 0.05 0.048 0.094 0.134 0.008 0.081 0.196 0.042 0.026 0.022 0.035 0.068 0.013 0.016 0.023 0.056 0.038 0.005 0.016 0.029
315 D 0.04 0.029 0.067 0.412 0.007 0.029 0.089 0.045 0.018 0.022 0.027 0.044 0.009 0.015 0.022 0.051 0.035 0.004 0.011 0.024
316 Y 0.037 0.024 0.02 0.018 0.009 0.018 0.024 0.024 0.036 0.049 0.082 0.026 0.02 0.219 0.014 0.029 0.026 0.024 0.252 0.048
317 I 0.05 0.091 0.024 0.023 0.013 0.027 0.034 0.027 0.019 0.138 0.102 0.086 0.025 0.047 0.018 0.035 0.038 0.009 0.071 0.123
318 N 0.109 0.036 0.135 0.051 0.015 0.028 0.043 0.059 0.02 0.072 0.061 0.046 0.018 0.023 0.023 0.12 0.057 0.005 0.017 0.062
319 G 0.076 0.022 0.038 0.033 0.011 0.018 0.025 0.522 0.013 0.018 0.028 0.033 0.009 0.016 0.018 0.05 0.029 0.005 0.011 0.024
320 F 0.035 0.021 0.018 0.017 0.01 0.014 0.021 0.025 0.026 0.055 0.097 0.023 0.023 0.31 0.012 0.027 0.026 0.02 0.169 0.051
