#Seq2Logo.py -f /work3/idamei/ssn-clusterings/clustering/2205111339/clusters/0005_8/sequences.afa -o /work3/idamei/ssn-clusterings/clustering/2205111339/clusters/0005_8/sequences.logo
#Position Specific Frequency Matrix
A R N D C Q E G H I L K M F P S T W Y V
0 L 0.051 0.032 0.02 0.02 0.016 0.028 0.028 0.028 0.016 0.099 0.194 0.036 0.173 0.047 0.016 0.036 0.04 0.008 0.024 0.091
1 K 0.062 0.082 0.042 0.04 0.012 0.044 0.06 0.043 0.018 0.036 0.05 0.206 0.017 0.018 0.027 0.066 0.111 0.005 0.017 0.045
2 K 0.057 0.107 0.041 0.041 0.009 0.053 0.07 0.043 0.021 0.027 0.043 0.282 0.015 0.015 0.027 0.053 0.04 0.005 0.017 0.033
3 S 0.109 0.04 0.054 0.049 0.017 0.033 0.052 0.066 0.019 0.03 0.042 0.054 0.016 0.021 0.03 0.224 0.082 0.005 0.017 0.042
4 I 0.06 0.026 0.029 0.027 0.017 0.02 0.028 0.032 0.011 0.164 0.116 0.034 0.028 0.034 0.021 0.059 0.145 0.006 0.019 0.123
5 L 0.046 0.021 0.014 0.016 0.016 0.015 0.019 0.021 0.009 0.195 0.273 0.024 0.043 0.049 0.014 0.025 0.036 0.006 0.021 0.136
6 F 0.034 0.019 0.017 0.017 0.011 0.011 0.019 0.025 0.017 0.063 0.114 0.019 0.025 0.39 0.011 0.025 0.025 0.017 0.088 0.055
7 L 0.047 0.024 0.016 0.017 0.016 0.019 0.022 0.023 0.012 0.164 0.248 0.028 0.085 0.048 0.015 0.028 0.037 0.007 0.022 0.12
8 F 0.048 0.023 0.018 0.018 0.013 0.016 0.023 0.025 0.024 0.089 0.103 0.025 0.025 0.186 0.014 0.029 0.034 0.017 0.145 0.126
9 I 0.042 0.018 0.015 0.017 0.014 0.012 0.018 0.022 0.011 0.208 0.148 0.022 0.033 0.161 0.013 0.025 0.035 0.009 0.043 0.134
10 D 0.039 0.031 0.137 0.168 0.009 0.024 0.053 0.045 0.022 0.036 0.057 0.039 0.015 0.142 0.018 0.048 0.036 0.008 0.038 0.035
11 V 0.142 0.024 0.019 0.021 0.019 0.019 0.028 0.041 0.01 0.142 0.112 0.031 0.027 0.032 0.02 0.048 0.047 0.005 0.019 0.191
12 L 0.049 0.024 0.02 0.02 0.015 0.016 0.023 0.027 0.013 0.095 0.197 0.026 0.033 0.159 0.015 0.037 0.07 0.01 0.043 0.108
13 L 0.051 0.021 0.015 0.015 0.174 0.015 0.019 0.025 0.009 0.091 0.277 0.023 0.038 0.043 0.015 0.029 0.034 0.006 0.019 0.082
14 F 0.058 0.025 0.025 0.024 0.016 0.018 0.027 0.031 0.013 0.093 0.102 0.03 0.025 0.151 0.018 0.05 0.11 0.009 0.042 0.134
15 F 0.033 0.019 0.017 0.017 0.01 0.01 0.019 0.025 0.017 0.063 0.113 0.019 0.025 0.394 0.01 0.025 0.025 0.017 0.088 0.054
16 L 0.04 0.022 0.015 0.016 0.014 0.014 0.02 0.022 0.012 0.097 0.293 0.023 0.041 0.168 0.013 0.024 0.03 0.01 0.044 0.081
17 L 0.044 0.024 0.014 0.015 0.016 0.016 0.02 0.021 0.01 0.114 0.383 0.025 0.049 0.054 0.014 0.024 0.033 0.007 0.022 0.095
18 I 0.047 0.017 0.015 0.017 0.016 0.013 0.017 0.02 0.009 0.28 0.166 0.023 0.036 0.044 0.015 0.025 0.039 0.006 0.02 0.175
19 N 0.039 0.036 0.222 0.06 0.009 0.026 0.039 0.051 0.026 0.036 0.058 0.042 0.016 0.143 0.017 0.054 0.041 0.009 0.04 0.036
20 G 0.088 0.028 0.044 0.038 0.013 0.023 0.034 0.366 0.015 0.022 0.032 0.04 0.011 0.018 0.022 0.11 0.047 0.005 0.013 0.03
21 F 0.033 0.019 0.017 0.017 0.01 0.01 0.019 0.025 0.017 0.063 0.113 0.019 0.025 0.394 0.01 0.025 0.025 0.017 0.088 0.054
22 Y 0.04 0.028 0.022 0.018 0.009 0.022 0.028 0.025 0.046 0.043 0.068 0.031 0.018 0.129 0.015 0.031 0.028 0.028 0.326 0.046
23 I 0.054 0.019 0.015 0.018 0.017 0.014 0.019 0.022 0.008 0.241 0.153 0.024 0.035 0.041 0.015 0.027 0.042 0.006 0.02 0.209
24 V 0.06 0.028 0.027 0.024 0.015 0.022 0.03 0.031 0.023 0.086 0.087 0.034 0.023 0.063 0.02 0.052 0.111 0.013 0.121 0.131
25 P 0.06 0.034 0.129 0.051 0.011 0.027 0.043 0.05 0.02 0.025 0.035 0.047 0.011 0.016 0.261 0.083 0.048 0.004 0.014 0.031
26 P 0.05 0.024 0.02 0.026 0.011 0.018 0.03 0.032 0.013 0.046 0.107 0.034 0.019 0.083 0.337 0.037 0.034 0.006 0.027 0.045
27 I 0.042 0.018 0.015 0.017 0.014 0.012 0.018 0.022 0.011 0.208 0.148 0.022 0.033 0.161 0.013 0.025 0.035 0.009 0.043 0.134
28 N 0.052 0.041 0.231 0.067 0.012 0.031 0.045 0.057 0.025 0.032 0.042 0.05 0.014 0.02 0.022 0.076 0.118 0.005 0.016 0.041
29 S 0.109 0.04 0.053 0.048 0.017 0.033 0.052 0.065 0.019 0.029 0.041 0.053 0.016 0.021 0.029 0.23 0.081 0.005 0.017 0.041
30 A 0.16 0.035 0.041 0.038 0.019 0.028 0.044 0.062 0.016 0.042 0.055 0.047 0.017 0.022 0.029 0.135 0.129 0.005 0.017 0.06
31 L 0.042 0.022 0.017 0.017 0.013 0.016 0.021 0.023 0.023 0.137 0.16 0.025 0.031 0.132 0.014 0.027 0.032 0.015 0.134 0.098
32 L 0.05 0.023 0.015 0.016 0.017 0.016 0.021 0.022 0.009 0.126 0.321 0.025 0.044 0.049 0.015 0.026 0.037 0.007 0.022 0.141
33 A 0.185 0.026 0.021 0.023 0.02 0.021 0.031 0.051 0.011 0.102 0.093 0.035 0.024 0.028 0.023 0.058 0.049 0.005 0.019 0.174
34 P 0.057 0.022 0.019 0.024 0.014 0.018 0.028 0.029 0.011 0.124 0.091 0.033 0.022 0.026 0.258 0.036 0.04 0.004 0.017 0.129
35 G 0.063 0.024 0.028 0.026 0.013 0.02 0.024 0.271 0.013 0.104 0.104 0.031 0.057 0.031 0.017 0.04 0.034 0.006 0.016 0.078
36 L 0.042 0.019 0.015 0.017 0.015 0.013 0.018 0.022 0.011 0.185 0.207 0.023 0.037 0.134 0.013 0.025 0.034 0.009 0.038 0.124
37 V 0.12 0.021 0.018 0.02 0.137 0.017 0.024 0.038 0.01 0.133 0.104 0.028 0.025 0.03 0.019 0.045 0.043 0.005 0.017 0.144
38 L 0.045 0.021 0.014 0.016 0.016 0.015 0.019 0.021 0.009 0.198 0.275 0.024 0.043 0.049 0.014 0.024 0.036 0.006 0.021 0.134
39 L 0.041 0.022 0.016 0.018 0.013 0.014 0.021 0.024 0.013 0.083 0.239 0.025 0.035 0.177 0.074 0.027 0.03 0.01 0.045 0.072
40 L 0.053 0.021 0.02 0.02 0.015 0.016 0.02 0.145 0.01 0.153 0.213 0.026 0.034 0.041 0.015 0.031 0.034 0.006 0.019 0.107
41 G 0.119 0.027 0.062 0.032 0.015 0.021 0.03 0.165 0.014 0.067 0.138 0.035 0.024 0.029 0.02 0.052 0.04 0.006 0.017 0.085
42 L 0.108 0.026 0.017 0.019 0.017 0.018 0.025 0.035 0.011 0.096 0.303 0.03 0.041 0.046 0.018 0.039 0.037 0.007 0.021 0.088
43 L 0.051 0.027 0.021 0.02 0.016 0.019 0.025 0.026 0.011 0.098 0.305 0.03 0.042 0.046 0.017 0.041 0.089 0.007 0.021 0.089
44 L 0.046 0.047 0.061 0.03 0.012 0.028 0.037 0.032 0.02 0.072 0.215 0.095 0.032 0.049 0.018 0.038 0.036 0.009 0.058 0.065
45 R 0.057 0.222 0.041 0.037 0.009 0.048 0.058 0.04 0.021 0.025 0.044 0.174 0.015 0.017 0.023 0.071 0.042 0.005 0.017 0.033
46 G 0.058 0.049 0.107 0.047 0.01 0.031 0.045 0.165 0.019 0.023 0.034 0.104 0.011 0.015 0.142 0.054 0.038 0.004 0.014 0.028
47 K 0.049 0.115 0.034 0.034 0.009 0.042 0.055 0.037 0.02 0.035 0.06 0.2 0.018 0.111 0.022 0.045 0.035 0.008 0.035 0.038
48 F 0.04 0.021 0.017 0.017 0.012 0.015 0.021 0.023 0.021 0.119 0.149 0.024 0.029 0.198 0.013 0.026 0.03 0.015 0.123 0.087
49 I 0.061 0.03 0.101 0.042 0.015 0.023 0.034 0.043 0.017 0.151 0.102 0.039 0.025 0.032 0.02 0.086 0.052 0.005 0.018 0.105
50 N 0.057 0.037 0.179 0.058 0.011 0.028 0.042 0.055 0.025 0.034 0.054 0.045 0.016 0.112 0.02 0.097 0.051 0.008 0.034 0.037
51 D 0.044 0.024 0.042 0.21 0.012 0.021 0.054 0.033 0.014 0.149 0.097 0.034 0.023 0.029 0.018 0.038 0.037 0.005 0.016 0.1
52 S 0.102 0.051 0.039 0.037 0.015 0.033 0.047 0.05 0.016 0.068 0.065 0.105 0.019 0.023 0.026 0.107 0.105 0.005 0.018 0.066
53 L 0.049 0.021 0.016 0.017 0.015 0.015 0.021 0.023 0.012 0.153 0.174 0.024 0.051 0.131 0.014 0.028 0.037 0.009 0.038 0.15
54 K 0.054 0.098 0.077 0.046 0.009 0.05 0.067 0.045 0.022 0.027 0.041 0.259 0.015 0.016 0.026 0.055 0.04 0.005 0.017 0.032
55 L 0.045 0.025 0.018 0.02 0.012 0.018 0.026 0.026 0.02 0.068 0.184 0.03 0.029 0.105 0.136 0.031 0.031 0.012 0.104 0.061
56 F 0.043 0.042 0.022 0.022 0.012 0.023 0.032 0.028 0.015 0.094 0.17 0.088 0.03 0.171 0.016 0.032 0.032 0.01 0.045 0.074
57 S 0.085 0.052 0.041 0.039 0.015 0.034 0.049 0.049 0.017 0.062 0.063 0.105 0.019 0.023 0.025 0.137 0.062 0.005 0.018 0.099
58 N 0.045 0.042 0.19 0.165 0.008 0.04 0.124 0.052 0.026 0.022 0.031 0.056 0.011 0.017 0.022 0.061 0.042 0.004 0.015 0.027
59 L 0.046 0.146 0.027 0.025 0.012 0.032 0.038 0.028 0.016 0.097 0.178 0.1 0.03 0.034 0.018 0.036 0.036 0.006 0.019 0.076
60 L 0.047 0.058 0.127 0.046 0.011 0.034 0.046 0.043 0.021 0.054 0.152 0.122 0.025 0.029 0.02 0.049 0.04 0.006 0.018 0.051
61 I 0.042 0.021 0.028 0.114 0.012 0.017 0.036 0.028 0.013 0.162 0.118 0.027 0.027 0.124 0.015 0.031 0.035 0.008 0.035 0.107
62 G 0.12 0.025 0.025 0.027 0.015 0.02 0.03 0.163 0.012 0.071 0.099 0.035 0.02 0.025 0.141 0.05 0.038 0.005 0.015 0.064
63 F 0.063 0.029 0.03 0.028 0.015 0.023 0.032 0.037 0.016 0.089 0.116 0.035 0.06 0.124 0.019 0.088 0.073 0.009 0.037 0.077
64 L 0.042 0.021 0.015 0.016 0.015 0.014 0.019 0.022 0.011 0.143 0.262 0.023 0.04 0.137 0.013 0.024 0.033 0.009 0.038 0.104
65 F 0.039 0.02 0.015 0.016 0.013 0.012 0.019 0.023 0.013 0.13 0.194 0.021 0.034 0.222 0.012 0.025 0.031 0.012 0.054 0.094
66 F 0.065 0.025 0.026 0.025 0.015 0.018 0.029 0.035 0.014 0.092 0.101 0.03 0.025 0.167 0.017 0.079 0.048 0.01 0.045 0.136
67 W 0.05 0.026 0.025 0.024 0.011 0.018 0.029 0.038 0.016 0.038 0.065 0.029 0.018 0.134 0.014 0.075 0.038 0.255 0.06 0.039
68 F 0.051 0.02 0.016 0.017 0.015 0.013 0.021 0.025 0.012 0.112 0.12 0.022 0.028 0.216 0.013 0.029 0.037 0.011 0.054 0.167
69 L 0.047 0.022 0.015 0.016 0.015 0.015 0.02 0.023 0.011 0.113 0.253 0.024 0.038 0.135 0.014 0.026 0.035 0.009 0.038 0.131
70 F 0.109 0.022 0.019 0.02 0.015 0.016 0.025 0.038 0.014 0.082 0.103 0.027 0.025 0.212 0.017 0.042 0.037 0.011 0.053 0.114
71 V 0.069 0.028 0.026 0.026 0.017 0.022 0.03 0.034 0.013 0.143 0.132 0.034 0.064 0.037 0.019 0.081 0.052 0.006 0.02 0.147
72 V 0.066 0.027 0.026 0.025 0.015 0.021 0.03 0.034 0.02 0.129 0.101 0.033 0.025 0.057 0.019 0.08 0.049 0.011 0.096 0.135
73 A 0.209 0.026 0.022 0.024 0.138 0.021 0.031 0.059 0.012 0.052 0.101 0.036 0.021 0.025 0.024 0.065 0.044 0.005 0.017 0.068
74 F 0.047 0.021 0.017 0.018 0.014 0.015 0.022 0.024 0.02 0.137 0.118 0.025 0.028 0.151 0.014 0.028 0.035 0.014 0.114 0.138
75 C 0.105 0.034 0.109 0.046 0.134 0.027 0.041 0.058 0.019 0.033 0.047 0.044 0.015 0.02 0.024 0.124 0.058 0.005 0.015 0.045
76 L 0.052 0.025 0.021 0.021 0.016 0.018 0.024 0.026 0.011 0.14 0.25 0.029 0.038 0.044 0.017 0.041 0.091 0.006 0.02 0.108
77 V 0.075 0.026 0.025 0.025 0.077 0.02 0.029 0.035 0.011 0.108 0.131 0.032 0.028 0.032 0.019 0.082 0.053 0.005 0.019 0.169
78 I 0.046 0.017 0.014 0.017 0.016 0.013 0.017 0.02 0.009 0.282 0.165 0.023 0.036 0.044 0.014 0.025 0.039 0.006 0.02 0.174
79 P 0.13 0.03 0.031 0.035 0.015 0.025 0.041 0.053 0.015 0.031 0.043 0.045 0.013 0.017 0.265 0.1 0.05 0.004 0.015 0.043
80 L 0.051 0.02 0.015 0.017 0.017 0.015 0.019 0.021 0.009 0.21 0.211 0.024 0.038 0.044 0.015 0.026 0.04 0.006 0.021 0.181
81 L 0.042 0.021 0.015 0.016 0.015 0.014 0.019 0.022 0.011 0.143 0.262 0.023 0.04 0.137 0.013 0.024 0.033 0.009 0.038 0.104
82 H 0.058 0.044 0.053 0.04 0.01 0.036 0.052 0.045 0.278 0.024 0.039 0.047 0.015 0.028 0.021 0.089 0.04 0.007 0.047 0.027
83 G 0.074 0.06 0.044 0.042 0.011 0.083 0.062 0.166 0.02 0.025 0.04 0.116 0.015 0.017 0.025 0.097 0.047 0.005 0.016 0.033
84 T 0.072 0.035 0.043 0.037 0.018 0.027 0.039 0.043 0.014 0.053 0.064 0.045 0.019 0.023 0.027 0.091 0.258 0.006 0.018 0.07
85 F 0.035 0.021 0.018 0.017 0.01 0.013 0.021 0.025 0.024 0.058 0.101 0.022 0.023 0.329 0.012 0.026 0.026 0.019 0.148 0.052
86 D 0.04 0.029 0.068 0.406 0.007 0.029 0.09 0.046 0.018 0.022 0.028 0.044 0.009 0.015 0.022 0.051 0.035 0.004 0.011 0.024
87 L 0.039 0.021 0.015 0.016 0.013 0.013 0.019 0.023 0.013 0.088 0.249 0.022 0.037 0.225 0.012 0.024 0.029 0.012 0.055 0.074
88 S 0.092 0.041 0.122 0.057 0.015 0.033 0.051 0.065 0.022 0.027 0.039 0.053 0.014 0.02 0.027 0.191 0.073 0.005 0.017 0.038
89 Y 0.04 0.028 0.021 0.018 0.009 0.021 0.028 0.025 0.046 0.043 0.067 0.031 0.018 0.129 0.015 0.031 0.028 0.028 0.328 0.046
90 V 0.066 0.031 0.103 0.041 0.015 0.024 0.035 0.044 0.017 0.124 0.092 0.039 0.023 0.029 0.02 0.089 0.054 0.005 0.018 0.13
91 K 0.087 0.096 0.039 0.039 0.01 0.049 0.066 0.047 0.02 0.029 0.045 0.258 0.016 0.016 0.027 0.057 0.04 0.005 0.017 0.037
92 N 0.042 0.044 0.327 0.082 0.009 0.033 0.049 0.064 0.031 0.022 0.031 0.053 0.011 0.018 0.02 0.069 0.049 0.004 0.015 0.027
93 F 0.045 0.021 0.016 0.016 0.014 0.013 0.02 0.024 0.013 0.1 0.185 0.022 0.033 0.22 0.013 0.027 0.033 0.011 0.054 0.121
94 L 0.109 0.022 0.017 0.02 0.017 0.017 0.024 0.035 0.01 0.18 0.194 0.029 0.035 0.041 0.018 0.039 0.04 0.006 0.02 0.128
95 S 0.108 0.04 0.053 0.048 0.017 0.033 0.052 0.065 0.019 0.029 0.041 0.053 0.015 0.021 0.029 0.231 0.081 0.005 0.017 0.041
96 Q 0.054 0.062 0.038 0.04 0.01 0.177 0.083 0.037 0.026 0.044 0.083 0.076 0.058 0.023 0.021 0.05 0.04 0.006 0.021 0.049
97 L 0.045 0.021 0.014 0.016 0.016 0.015 0.019 0.021 0.009 0.198 0.275 0.024 0.043 0.049 0.014 0.024 0.036 0.006 0.021 0.134
98 V 0.067 0.023 0.019 0.02 0.018 0.017 0.024 0.026 0.009 0.163 0.125 0.028 0.03 0.035 0.017 0.039 0.074 0.006 0.02 0.24
99 Q 0.052 0.066 0.046 0.044 0.008 0.179 0.089 0.04 0.113 0.025 0.044 0.079 0.019 0.018 0.022 0.052 0.037 0.006 0.029 0.032
100 L 0.041 0.02 0.015 0.016 0.014 0.013 0.019 0.022 0.012 0.137 0.228 0.022 0.037 0.18 0.013 0.025 0.032 0.01 0.046 0.099
101 V 0.118 0.022 0.018 0.02 0.018 0.017 0.025 0.036 0.01 0.177 0.125 0.029 0.03 0.035 0.019 0.042 0.045 0.006 0.02 0.187
102 L 0.051 0.022 0.016 0.017 0.135 0.017 0.02 0.025 0.011 0.135 0.202 0.026 0.069 0.041 0.015 0.031 0.037 0.006 0.02 0.104
103 I 0.056 0.018 0.015 0.017 0.136 0.014 0.018 0.024 0.008 0.192 0.131 0.023 0.03 0.036 0.015 0.03 0.041 0.005 0.018 0.171
104 L 0.042 0.022 0.016 0.017 0.014 0.016 0.021 0.022 0.019 0.153 0.189 0.025 0.034 0.112 0.014 0.026 0.033 0.013 0.106 0.107
105 F 0.052 0.022 0.021 0.021 0.013 0.015 0.024 0.03 0.015 0.083 0.108 0.025 0.025 0.259 0.014 0.053 0.038 0.012 0.062 0.109
106 F 0.045 0.02 0.017 0.017 0.013 0.012 0.02 0.025 0.014 0.096 0.118 0.021 0.027 0.274 0.012 0.028 0.033 0.013 0.065 0.128
107 I 0.068 0.024 0.025 0.025 0.017 0.019 0.027 0.033 0.011 0.189 0.125 0.031 0.03 0.036 0.019 0.078 0.052 0.006 0.02 0.167
108 C 0.073 0.026 0.03 0.028 0.193 0.019 0.03 0.043 0.014 0.043 0.068 0.032 0.018 0.114 0.02 0.108 0.05 0.008 0.033 0.05
109 F 0.037 0.023 0.019 0.018 0.01 0.016 0.023 0.025 0.031 0.053 0.09 0.025 0.022 0.262 0.013 0.028 0.026 0.022 0.208 0.05
110 L 0.047 0.023 0.016 0.017 0.016 0.017 0.021 0.022 0.011 0.194 0.227 0.027 0.074 0.047 0.015 0.027 0.038 0.007 0.022 0.133
111 L 0.047 0.022 0.015 0.016 0.015 0.015 0.02 0.023 0.011 0.113 0.253 0.024 0.038 0.135 0.014 0.026 0.035 0.009 0.038 0.131
112 H 0.061 0.032 0.036 0.03 0.072 0.026 0.037 0.038 0.109 0.064 0.065 0.038 0.019 0.053 0.02 0.084 0.043 0.011 0.104 0.056
113 D 0.041 0.03 0.069 0.396 0.008 0.03 0.092 0.047 0.019 0.022 0.028 0.045 0.009 0.015 0.022 0.052 0.035 0.004 0.011 0.024
114 H 0.063 0.037 0.043 0.035 0.011 0.031 0.044 0.043 0.143 0.032 0.049 0.043 0.016 0.06 0.021 0.101 0.045 0.013 0.133 0.037
115 K 0.053 0.069 0.034 0.047 0.01 0.046 0.116 0.035 0.019 0.089 0.072 0.169 0.02 0.023 0.024 0.046 0.038 0.005 0.018 0.067
116 G 0.07 0.049 0.05 0.132 0.011 0.033 0.059 0.168 0.018 0.024 0.035 0.105 0.012 0.017 0.024 0.097 0.046 0.005 0.014 0.03
117 G 0.07 0.035 0.05 0.144 0.011 0.036 0.118 0.166 0.019 0.023 0.033 0.051 0.012 0.017 0.024 0.097 0.045 0.005 0.014 0.03
118 R 0.11 0.119 0.065 0.035 0.013 0.032 0.042 0.046 0.018 0.093 0.077 0.089 0.02 0.025 0.022 0.053 0.042 0.005 0.018 0.075
119 Y 0.04 0.023 0.019 0.018 0.011 0.017 0.023 0.024 0.029 0.108 0.103 0.026 0.025 0.174 0.014 0.028 0.03 0.019 0.191 0.08
120 S 0.099 0.038 0.051 0.045 0.017 0.031 0.048 0.06 0.018 0.035 0.047 0.051 0.016 0.021 0.029 0.196 0.125 0.005 0.017 0.048
121 L 0.045 0.024 0.014 0.015 0.016 0.016 0.02 0.021 0.01 0.116 0.374 0.025 0.05 0.055 0.014 0.024 0.033 0.007 0.022 0.096
122 L 0.052 0.031 0.035 0.132 0.012 0.031 0.11 0.031 0.015 0.08 0.144 0.042 0.025 0.03 0.019 0.041 0.038 0.005 0.017 0.107
123 Y 0.05 0.044 0.025 0.023 0.13 0.027 0.035 0.031 0.03 0.039 0.06 0.093 0.017 0.073 0.018 0.039 0.033 0.016 0.171 0.045
124 F 0.039 0.02 0.015 0.016 0.013 0.012 0.019 0.023 0.013 0.13 0.194 0.021 0.034 0.222 0.012 0.025 0.031 0.012 0.054 0.094
125 E 0.06 0.042 0.04 0.075 0.008 0.052 0.236 0.155 0.022 0.021 0.034 0.064 0.012 0.016 0.024 0.053 0.035 0.005 0.015 0.029
126 K 0.052 0.086 0.036 0.035 0.009 0.045 0.059 0.038 0.027 0.031 0.049 0.224 0.016 0.044 0.024 0.047 0.036 0.011 0.095 0.036
127 L 0.048 0.021 0.014 0.016 0.016 0.015 0.019 0.021 0.009 0.183 0.27 0.024 0.042 0.048 0.014 0.025 0.037 0.006 0.021 0.148
128 L 0.042 0.019 0.015 0.017 0.015 0.013 0.018 0.022 0.011 0.185 0.207 0.023 0.037 0.134 0.013 0.025 0.034 0.009 0.038 0.124
129 V 0.063 0.021 0.016 0.018 0.018 0.015 0.022 0.023 0.008 0.192 0.138 0.025 0.032 0.037 0.016 0.03 0.046 0.006 0.02 0.253
130 Y 0.037 0.026 0.02 0.018 0.009 0.02 0.026 0.026 0.038 0.04 0.064 0.029 0.018 0.112 0.013 0.029 0.026 0.146 0.263 0.042
131 A 0.224 0.033 0.034 0.035 0.02 0.027 0.043 0.07 0.016 0.04 0.055 0.046 0.017 0.021 0.029 0.122 0.083 0.005 0.017 0.061
132 F 0.033 0.019 0.017 0.017 0.01 0.01 0.019 0.025 0.017 0.062 0.113 0.019 0.025 0.396 0.01 0.025 0.025 0.017 0.087 0.054
133 L 0.057 0.022 0.015 0.017 0.017 0.016 0.021 0.023 0.009 0.159 0.229 0.025 0.038 0.043 0.015 0.028 0.042 0.006 0.021 0.197
134 L 0.078 0.026 0.017 0.018 0.017 0.02 0.024 0.03 0.012 0.122 0.269 0.03 0.074 0.047 0.016 0.034 0.037 0.007 0.022 0.1
135 Q 0.055 0.072 0.043 0.046 0.009 0.226 0.101 0.041 0.029 0.026 0.046 0.09 0.02 0.014 0.023 0.055 0.041 0.006 0.02 0.035
136 S 0.099 0.038 0.051 0.045 0.017 0.031 0.048 0.06 0.018 0.035 0.047 0.051 0.016 0.021 0.029 0.196 0.125 0.005 0.017 0.048
137 V 0.057 0.021 0.015 0.017 0.017 0.015 0.021 0.022 0.009 0.18 0.202 0.025 0.037 0.042 0.015 0.028 0.042 0.006 0.021 0.207
138 V 0.058 0.02 0.015 0.017 0.017 0.015 0.02 0.022 0.008 0.222 0.147 0.024 0.034 0.039 0.015 0.029 0.044 0.006 0.02 0.227
139 Q 0.055 0.067 0.043 0.057 0.008 0.186 0.153 0.039 0.028 0.025 0.044 0.086 0.018 0.015 0.024 0.055 0.04 0.006 0.019 0.034
140 I 0.046 0.019 0.014 0.017 0.016 0.014 0.018 0.02 0.009 0.24 0.22 0.024 0.039 0.046 0.014 0.024 0.038 0.006 0.021 0.154
141 L 0.115 0.024 0.017 0.019 0.018 0.018 0.025 0.036 0.01 0.129 0.212 0.03 0.035 0.04 0.018 0.041 0.042 0.006 0.02 0.144
142 A 0.253 0.033 0.032 0.034 0.02 0.027 0.043 0.074 0.016 0.039 0.054 0.046 0.017 0.021 0.029 0.121 0.057 0.005 0.017 0.061
143 F 0.033 0.019 0.017 0.017 0.01 0.01 0.019 0.025 0.017 0.062 0.113 0.019 0.025 0.396 0.01 0.025 0.025 0.017 0.087 0.054
144 L 0.052 0.025 0.021 0.021 0.016 0.018 0.024 0.026 0.011 0.14 0.25 0.029 0.038 0.044 0.017 0.041 0.091 0.006 0.02 0.108
145 F 0.044 0.022 0.018 0.017 0.012 0.015 0.022 0.025 0.022 0.083 0.105 0.023 0.025 0.239 0.013 0.028 0.032 0.017 0.131 0.109
146 P 0.063 0.027 0.027 0.033 0.011 0.022 0.038 0.039 0.013 0.026 0.036 0.042 0.011 0.014 0.442 0.067 0.041 0.003 0.013 0.032
147 G 0.129 0.034 0.034 0.035 0.014 0.048 0.044 0.171 0.016 0.029 0.041 0.047 0.014 0.017 0.144 0.08 0.044 0.005 0.015 0.04
148 F 0.041 0.019 0.016 0.017 0.013 0.012 0.019 0.024 0.014 0.13 0.128 0.021 0.029 0.263 0.012 0.026 0.032 0.013 0.062 0.112
149 A 0.236 0.029 0.022 0.026 0.02 0.023 0.035 0.063 0.013 0.06 0.14 0.039 0.025 0.029 0.025 0.069 0.045 0.006 0.018 0.075
150 D 0.066 0.037 0.123 0.143 0.013 0.031 0.057 0.055 0.02 0.032 0.041 0.049 0.014 0.019 0.025 0.111 0.105 0.005 0.015 0.04
151 L 0.049 0.021 0.015 0.016 0.016 0.015 0.02 0.022 0.01 0.161 0.232 0.024 0.038 0.089 0.014 0.026 0.037 0.008 0.029 0.156
152 V 0.058 0.02 0.015 0.017 0.017 0.015 0.02 0.022 0.008 0.222 0.147 0.024 0.034 0.039 0.015 0.029 0.044 0.006 0.02 0.227
153 H 0.041 0.045 0.053 0.038 0.007 0.038 0.053 0.038 0.365 0.023 0.038 0.045 0.015 0.03 0.019 0.041 0.026 0.007 0.056 0.023
154 L 0.06 0.027 0.025 0.024 0.015 0.02 0.028 0.032 0.017 0.105 0.232 0.033 0.035 0.054 0.018 0.077 0.045 0.009 0.059 0.085
155 F 0.053 0.027 0.03 0.027 0.014 0.019 0.029 0.034 0.015 0.057 0.088 0.032 0.022 0.21 0.019 0.058 0.141 0.011 0.053 0.062
156 Y 0.04 0.028 0.021 0.018 0.009 0.021 0.028 0.025 0.046 0.043 0.067 0.031 0.018 0.129 0.015 0.031 0.028 0.028 0.328 0.046
157 L 0.053 0.048 0.041 0.125 0.012 0.031 0.055 0.038 0.016 0.054 0.13 0.101 0.023 0.027 0.023 0.055 0.091 0.005 0.017 0.055
158 D 0.109 0.049 0.051 0.221 0.011 0.034 0.072 0.053 0.018 0.028 0.039 0.105 0.013 0.016 0.025 0.06 0.04 0.004 0.014 0.037
159 D 0.052 0.037 0.081 0.146 0.01 0.037 0.118 0.042 0.024 0.032 0.044 0.051 0.014 0.032 0.023 0.062 0.092 0.008 0.054 0.04
160 Q 0.053 0.072 0.045 0.095 0.008 0.138 0.118 0.041 0.025 0.025 0.042 0.132 0.017 0.015 0.024 0.054 0.039 0.005 0.018 0.032
161 I 0.052 0.018 0.015 0.017 0.017 0.014 0.019 0.021 0.009 0.252 0.156 0.024 0.035 0.041 0.015 0.027 0.042 0.006 0.02 0.2
162 E 0.061 0.037 0.037 0.06 0.01 0.041 0.167 0.154 0.019 0.057 0.054 0.054 0.016 0.021 0.023 0.054 0.063 0.005 0.016 0.052
163 R 0.043 0.194 0.104 0.039 0.01 0.036 0.043 0.038 0.022 0.045 0.127 0.079 0.023 0.026 0.018 0.045 0.038 0.006 0.018 0.046
164 L 0.046 0.024 0.016 0.017 0.016 0.018 0.021 0.022 0.011 0.152 0.282 0.027 0.077 0.05 0.015 0.027 0.036 0.007 0.022 0.114
165 Y 0.04 0.028 0.021 0.018 0.009 0.021 0.028 0.025 0.046 0.043 0.067 0.031 0.018 0.129 0.015 0.031 0.028 0.028 0.328 0.046
166 E 0.049 0.04 0.037 0.058 0.01 0.044 0.171 0.032 0.106 0.087 0.069 0.054 0.019 0.027 0.021 0.044 0.035 0.006 0.027 0.065
167 G 0.068 0.115 0.114 0.048 0.011 0.033 0.044 0.17 0.022 0.023 0.037 0.065 0.013 0.018 0.022 0.099 0.048 0.005 0.015 0.031
168 Y 0.057 0.031 0.029 0.026 0.011 0.024 0.034 0.035 0.039 0.04 0.061 0.036 0.018 0.102 0.019 0.081 0.041 0.022 0.25 0.045
169 G 0.133 0.025 0.035 0.032 0.013 0.02 0.029 0.407 0.014 0.025 0.036 0.036 0.011 0.017 0.021 0.059 0.034 0.005 0.012 0.035
170 G 0.072 0.043 0.039 0.035 0.01 0.027 0.036 0.399 0.015 0.021 0.032 0.097 0.011 0.016 0.021 0.051 0.032 0.005 0.012 0.026
171 V 0.057 0.021 0.015 0.017 0.017 0.015 0.021 0.022 0.009 0.18 0.202 0.025 0.037 0.042 0.015 0.028 0.042 0.006 0.021 0.207
172 R 0.044 0.355 0.038 0.031 0.008 0.048 0.052 0.032 0.023 0.023 0.046 0.118 0.015 0.017 0.019 0.044 0.034 0.006 0.017 0.031
173 G 0.077 0.023 0.039 0.033 0.011 0.019 0.025 0.517 0.013 0.019 0.028 0.033 0.009 0.016 0.019 0.051 0.029 0.005 0.011 0.024
174 L 0.044 0.024 0.014 0.015 0.016 0.016 0.02 0.021 0.01 0.114 0.385 0.025 0.049 0.054 0.014 0.024 0.033 0.007 0.022 0.095
175 A 0.253 0.033 0.032 0.034 0.02 0.027 0.043 0.074 0.016 0.039 0.054 0.046 0.017 0.021 0.029 0.121 0.057 0.005 0.017 0.061
176 L 0.044 0.024 0.014 0.015 0.016 0.016 0.02 0.021 0.01 0.114 0.385 0.025 0.049 0.054 0.014 0.024 0.033 0.007 0.022 0.095
177 T 0.138 0.035 0.041 0.038 0.018 0.028 0.042 0.057 0.015 0.044 0.057 0.047 0.018 0.022 0.028 0.124 0.161 0.006 0.017 0.062
178 G 0.085 0.027 0.042 0.037 0.012 0.022 0.032 0.404 0.015 0.021 0.031 0.038 0.011 0.017 0.021 0.096 0.042 0.005 0.012 0.028
179 S 0.108 0.04 0.053 0.048 0.017 0.033 0.052 0.065 0.019 0.029 0.041 0.053 0.015 0.021 0.029 0.231 0.081 0.005 0.017 0.041
180 P 0.121 0.029 0.028 0.032 0.015 0.023 0.038 0.048 0.013 0.036 0.048 0.042 0.014 0.018 0.265 0.065 0.095 0.004 0.015 0.05
181 G 0.085 0.027 0.042 0.037 0.012 0.022 0.032 0.404 0.015 0.021 0.031 0.038 0.011 0.017 0.021 0.096 0.042 0.005 0.012 0.028
182 W 0.03 0.022 0.015 0.015 0.007 0.015 0.022 0.03 0.015 0.03 0.052 0.022 0.015 0.06 0.007 0.022 0.022 0.5 0.067 0.03
183 G 0.077 0.023 0.039 0.033 0.011 0.019 0.025 0.517 0.013 0.019 0.028 0.033 0.009 0.016 0.019 0.051 0.029 0.005 0.011 0.024
184 L 0.044 0.022 0.014 0.016 0.016 0.015 0.019 0.021 0.01 0.156 0.33 0.025 0.046 0.051 0.014 0.024 0.034 0.007 0.022 0.115
185 S 0.147 0.036 0.044 0.041 0.018 0.029 0.045 0.063 0.017 0.038 0.051 0.049 0.017 0.021 0.029 0.159 0.117 0.005 0.017 0.055
186 V 0.063 0.021 0.016 0.018 0.018 0.015 0.022 0.023 0.008 0.192 0.138 0.025 0.032 0.037 0.016 0.03 0.046 0.006 0.02 0.253
187 G 0.077 0.023 0.039 0.033 0.011 0.019 0.025 0.517 0.013 0.019 0.028 0.033 0.009 0.016 0.019 0.051 0.029 0.005 0.011 0.024
188 Y 0.038 0.025 0.02 0.018 0.009 0.019 0.025 0.025 0.039 0.048 0.079 0.028 0.02 0.196 0.014 0.029 0.027 0.025 0.268 0.048
189 G 0.189 0.027 0.032 0.031 0.016 0.022 0.033 0.297 0.014 0.031 0.043 0.039 0.013 0.019 0.024 0.067 0.039 0.005 0.014 0.046
190 I 0.048 0.017 0.015 0.017 0.133 0.012 0.017 0.024 0.01 0.168 0.127 0.021 0.028 0.126 0.014 0.029 0.035 0.008 0.035 0.115
191 A 0.195 0.034 0.037 0.036 0.019 0.028 0.043 0.066 0.015 0.042 0.056 0.046 0.017 0.022 0.029 0.123 0.109 0.005 0.017 0.062
192 F 0.033 0.019 0.017 0.017 0.01 0.01 0.019 0.025 0.017 0.062 0.113 0.019 0.025 0.396 0.01 0.025 0.025 0.017 0.087 0.054
193 L 0.044 0.022 0.014 0.016 0.016 0.015 0.019 0.021 0.01 0.156 0.33 0.025 0.046 0.051 0.014 0.024 0.034 0.007 0.022 0.115
194 L 0.039 0.021 0.015 0.016 0.013 0.013 0.019 0.023 0.013 0.088 0.249 0.022 0.037 0.225 0.012 0.024 0.029 0.012 0.055 0.074
195 F 0.033 0.019 0.017 0.017 0.01 0.01 0.019 0.025 0.017 0.062 0.113 0.019 0.025 0.396 0.01 0.025 0.025 0.017 0.087 0.054
196 F 0.052 0.023 0.023 0.022 0.014 0.016 0.025 0.029 0.014 0.085 0.104 0.027 0.025 0.213 0.016 0.043 0.089 0.011 0.053 0.115
197 K 0.056 0.106 0.041 0.041 0.008 0.053 0.07 0.043 0.02 0.027 0.043 0.289 0.015 0.015 0.027 0.053 0.039 0.005 0.017 0.032
198 L 0.107 0.036 0.105 0.041 0.013 0.028 0.04 0.05 0.105 0.05 0.128 0.042 0.023 0.031 0.02 0.054 0.039 0.006 0.028 0.053
199 Y 0.039 0.024 0.018 0.017 0.011 0.017 0.023 0.024 0.03 0.066 0.158 0.026 0.028 0.177 0.014 0.028 0.028 0.02 0.191 0.06
200 L 0.053 0.021 0.015 0.017 0.017 0.015 0.02 0.022 0.009 0.186 0.226 0.025 0.039 0.044 0.015 0.027 0.04 0.006 0.021 0.182
201 I 0.054 0.019 0.015 0.018 0.017 0.014 0.019 0.022 0.008 0.241 0.153 0.024 0.035 0.041 0.015 0.027 0.042 0.006 0.02 0.209
202 N 0.05 0.044 0.293 0.078 0.01 0.033 0.049 0.064 0.03 0.023 0.032 0.053 0.012 0.018 0.021 0.089 0.053 0.005 0.016 0.028
203 K 0.069 0.081 0.045 0.044 0.011 0.091 0.073 0.048 0.022 0.027 0.043 0.18 0.017 0.016 0.027 0.098 0.05 0.005 0.018 0.035
204 K 0.05 0.085 0.034 0.034 0.008 0.043 0.058 0.039 0.019 0.028 0.045 0.222 0.015 0.026 0.022 0.045 0.035 0.129 0.03 0.032
205 L 0.116 0.027 0.024 0.025 0.018 0.02 0.029 0.04 0.012 0.123 0.168 0.034 0.03 0.036 0.021 0.056 0.095 0.006 0.019 0.102
206 K 0.119 0.061 0.073 0.042 0.014 0.037 0.052 0.054 0.019 0.037 0.051 0.137 0.016 0.019 0.027 0.072 0.097 0.005 0.017 0.05
207 F 0.047 0.019 0.016 0.017 0.015 0.013 0.019 0.023 0.012 0.17 0.136 0.022 0.031 0.174 0.013 0.027 0.036 0.01 0.045 0.156
208 F 0.057 0.031 0.104 0.043 0.012 0.023 0.037 0.046 0.02 0.039 0.065 0.039 0.017 0.16 0.079 0.09 0.046 0.009 0.043 0.041
209 T 0.077 0.054 0.045 0.041 0.015 0.035 0.05 0.048 0.017 0.04 0.053 0.108 0.017 0.021 0.028 0.117 0.159 0.005 0.017 0.053
210 L 0.042 0.019 0.015 0.017 0.015 0.013 0.018 0.022 0.011 0.185 0.207 0.023 0.037 0.134 0.013 0.025 0.034 0.009 0.038 0.124
211 L 0.045 0.021 0.014 0.016 0.016 0.015 0.019 0.021 0.009 0.198 0.275 0.024 0.043 0.049 0.014 0.024 0.036 0.006 0.021 0.134
212 L 0.052 0.023 0.015 0.017 0.017 0.017 0.021 0.022 0.01 0.166 0.242 0.026 0.057 0.046 0.015 0.028 0.039 0.006 0.021 0.16
213 G 0.122 0.024 0.03 0.028 0.013 0.018 0.027 0.284 0.014 0.036 0.057 0.032 0.015 0.112 0.019 0.052 0.033 0.008 0.032 0.042
214 L 0.045 0.021 0.014 0.016 0.016 0.015 0.019 0.021 0.009 0.198 0.275 0.024 0.043 0.049 0.014 0.024 0.036 0.006 0.021 0.134
215 L 0.048 0.023 0.018 0.019 0.016 0.016 0.021 0.023 0.01 0.169 0.262 0.027 0.04 0.046 0.016 0.033 0.063 0.006 0.021 0.121
216 L 0.044 0.024 0.014 0.015 0.016 0.016 0.02 0.021 0.01 0.114 0.385 0.025 0.049 0.054 0.014 0.024 0.033 0.007 0.022 0.095
217 L 0.054 0.021 0.016 0.017 0.016 0.015 0.021 0.024 0.011 0.125 0.188 0.024 0.034 0.13 0.014 0.028 0.039 0.009 0.038 0.177
218 L 0.05 0.019 0.015 0.016 0.135 0.014 0.018 0.023 0.009 0.18 0.195 0.023 0.034 0.04 0.015 0.028 0.037 0.006 0.019 0.125
219 G 0.077 0.023 0.039 0.033 0.011 0.019 0.025 0.517 0.013 0.019 0.028 0.033 0.009 0.016 0.019 0.051 0.029 0.005 0.011 0.024
220 A 0.177 0.03 0.098 0.039 0.136 0.024 0.036 0.063 0.017 0.038 0.053 0.04 0.015 0.02 0.024 0.069 0.046 0.005 0.015 0.055
221 F 0.038 0.022 0.017 0.017 0.012 0.015 0.021 0.026 0.016 0.072 0.133 0.023 0.062 0.309 0.012 0.028 0.029 0.014 0.072 0.063
222 F 0.033 0.019 0.017 0.017 0.01 0.01 0.019 0.025 0.017 0.062 0.113 0.019 0.025 0.396 0.01 0.025 0.025 0.017 0.087 0.054
223 A 0.195 0.034 0.037 0.036 0.019 0.028 0.043 0.066 0.015 0.042 0.056 0.046 0.017 0.022 0.029 0.123 0.109 0.005 0.017 0.062
224 G 0.077 0.023 0.039 0.033 0.011 0.019 0.025 0.517 0.013 0.019 0.028 0.033 0.009 0.016 0.019 0.051 0.029 0.005 0.011 0.024
225 R 0.044 0.355 0.038 0.031 0.008 0.048 0.052 0.032 0.023 0.023 0.046 0.118 0.015 0.017 0.019 0.044 0.034 0.006 0.017 0.031
226 S 0.099 0.038 0.051 0.045 0.017 0.031 0.048 0.06 0.018 0.035 0.047 0.051 0.016 0.021 0.029 0.196 0.125 0.005 0.017 0.048
227 A 0.197 0.031 0.036 0.035 0.018 0.025 0.039 0.184 0.015 0.033 0.047 0.044 0.015 0.02 0.027 0.112 0.052 0.005 0.016 0.05
228 F 0.033 0.019 0.017 0.017 0.01 0.01 0.019 0.025 0.017 0.062 0.113 0.019 0.025 0.396 0.01 0.025 0.025 0.017 0.087 0.054
229 L 0.054 0.021 0.015 0.017 0.017 0.015 0.02 0.022 0.009 0.174 0.234 0.025 0.039 0.044 0.015 0.027 0.04 0.006 0.021 0.184
230 G 0.077 0.023 0.039 0.033 0.011 0.019 0.025 0.517 0.013 0.019 0.028 0.033 0.009 0.016 0.019 0.051 0.029 0.005 0.011 0.024
231 L 0.118 0.024 0.018 0.02 0.018 0.018 0.026 0.036 0.01 0.135 0.18 0.03 0.033 0.037 0.019 0.042 0.044 0.006 0.02 0.167
232 L 0.109 0.022 0.017 0.02 0.017 0.017 0.024 0.035 0.01 0.18 0.194 0.029 0.035 0.041 0.018 0.039 0.04 0.006 0.02 0.128
233 L 0.041 0.023 0.015 0.015 0.015 0.015 0.02 0.022 0.012 0.101 0.317 0.023 0.043 0.139 0.013 0.024 0.031 0.009 0.038 0.085
234 G 0.085 0.027 0.042 0.037 0.012 0.022 0.032 0.404 0.015 0.021 0.031 0.038 0.011 0.017 0.021 0.096 0.042 0.005 0.012 0.028
235 L 0.059 0.022 0.021 0.02 0.015 0.016 0.022 0.146 0.01 0.123 0.204 0.027 0.033 0.038 0.016 0.033 0.037 0.006 0.019 0.133
236 V 0.068 0.021 0.022 0.021 0.016 0.016 0.023 0.147 0.009 0.141 0.108 0.027 0.026 0.031 0.017 0.036 0.043 0.005 0.018 0.203
237 Y 0.04 0.028 0.021 0.018 0.009 0.021 0.028 0.025 0.046 0.043 0.067 0.031 0.018 0.129 0.015 0.031 0.028 0.028 0.328 0.046
238 Y 0.04 0.028 0.021 0.018 0.009 0.021 0.028 0.025 0.046 0.043 0.067 0.031 0.018 0.129 0.015 0.031 0.028 0.028 0.328 0.046
239 L 0.043 0.022 0.014 0.016 0.015 0.015 0.019 0.021 0.01 0.149 0.296 0.024 0.043 0.094 0.014 0.024 0.033 0.008 0.03 0.11
240 L 0.055 0.024 0.022 0.022 0.016 0.017 0.025 0.028 0.012 0.119 0.145 0.028 0.03 0.126 0.017 0.043 0.092 0.009 0.037 0.135
241 S 0.095 0.056 0.05 0.046 0.015 0.038 0.056 0.06 0.019 0.029 0.042 0.112 0.015 0.019 0.029 0.187 0.07 0.005 0.017 0.039
242 G 0.06 0.044 0.035 0.047 0.011 0.084 0.115 0.155 0.021 0.041 0.076 0.058 0.054 0.024 0.021 0.049 0.036 0.006 0.018 0.045
243 G 0.061 0.051 0.036 0.048 0.009 0.039 0.109 0.158 0.018 0.023 0.036 0.109 0.012 0.015 0.143 0.05 0.035 0.005 0.014 0.029
244 K 0.059 0.078 0.049 0.133 0.009 0.044 0.073 0.046 0.02 0.026 0.039 0.198 0.014 0.016 0.026 0.075 0.043 0.005 0.016 0.031
245 V 0.068 0.044 0.032 0.03 0.016 0.028 0.039 0.036 0.013 0.092 0.086 0.085 0.023 0.027 0.023 0.06 0.128 0.006 0.019 0.144
246 L 0.058 0.045 0.031 0.029 0.015 0.028 0.038 0.034 0.014 0.072 0.186 0.085 0.031 0.034 0.022 0.057 0.122 0.006 0.019 0.073
247 K 0.056 0.053 0.032 0.04 0.011 0.036 0.084 0.113 0.016 0.109 0.08 0.121 0.021 0.025 0.021 0.043 0.037 0.005 0.017 0.078
248 K 0.056 0.106 0.041 0.041 0.008 0.053 0.07 0.043 0.02 0.027 0.043 0.287 0.015 0.015 0.027 0.053 0.039 0.005 0.017 0.032
249 L 0.043 0.02 0.015 0.017 0.015 0.014 0.019 0.021 0.01 0.188 0.229 0.023 0.039 0.106 0.014 0.025 0.035 0.008 0.032 0.128
250 K 0.052 0.188 0.04 0.038 0.008 0.051 0.064 0.039 0.021 0.026 0.044 0.231 0.015 0.016 0.025 0.05 0.038 0.005 0.017 0.032
251 D 0.053 0.054 0.12 0.142 0.011 0.036 0.062 0.049 0.021 0.031 0.041 0.108 0.014 0.018 0.024 0.066 0.095 0.005 0.015 0.038
252 I 0.049 0.026 0.025 0.022 0.014 0.02 0.028 0.026 0.098 0.16 0.118 0.029 0.028 0.082 0.016 0.031 0.037 0.007 0.038 0.148
253 L 0.042 0.02 0.015 0.016 0.015 0.014 0.019 0.022 0.011 0.164 0.234 0.023 0.038 0.136 0.013 0.024 0.033 0.009 0.038 0.114
254 F 0.037 0.021 0.017 0.016 0.012 0.013 0.02 0.024 0.019 0.073 0.175 0.022 0.03 0.277 0.012 0.025 0.027 0.016 0.101 0.063
255 G 0.06 0.024 0.028 0.026 0.014 0.018 0.026 0.152 0.013 0.089 0.088 0.03 0.022 0.119 0.018 0.049 0.089 0.008 0.034 0.094
256 L 0.044 0.022 0.014 0.016 0.016 0.015 0.019 0.021 0.01 0.156 0.33 0.025 0.046 0.051 0.014 0.024 0.034 0.007 0.022 0.115
257 S 0.141 0.032 0.037 0.036 0.018 0.026 0.04 0.057 0.015 0.096 0.077 0.043 0.021 0.027 0.026 0.143 0.062 0.005 0.018 0.081
258 L 0.039 0.021 0.015 0.016 0.013 0.013 0.019 0.023 0.013 0.088 0.249 0.022 0.037 0.225 0.012 0.024 0.029 0.012 0.055 0.074
259 L 0.044 0.023 0.017 0.019 0.013 0.016 0.024 0.026 0.012 0.079 0.229 0.027 0.033 0.129 0.135 0.029 0.032 0.008 0.036 0.069
260 G 0.123 0.023 0.024 0.024 0.017 0.018 0.026 0.16 0.011 0.126 0.095 0.032 0.023 0.029 0.02 0.048 0.042 0.005 0.017 0.136
261 L 0.07 0.029 0.028 0.027 0.017 0.022 0.031 0.036 0.012 0.097 0.195 0.035 0.032 0.037 0.02 0.086 0.077 0.006 0.02 0.125
262 I 0.051 0.017 0.015 0.017 0.135 0.013 0.017 0.023 0.008 0.222 0.14 0.022 0.031 0.038 0.015 0.028 0.038 0.005 0.018 0.145
263 I 0.06 0.02 0.019 0.02 0.136 0.015 0.021 0.027 0.009 0.164 0.118 0.026 0.028 0.033 0.017 0.039 0.068 0.005 0.018 0.158
264 L 0.047 0.026 0.017 0.018 0.015 0.02 0.023 0.025 0.013 0.142 0.2 0.029 0.105 0.091 0.015 0.03 0.037 0.008 0.031 0.108
265 L 0.104 0.024 0.018 0.019 0.015 0.016 0.024 0.037 0.014 0.077 0.201 0.027 0.032 0.174 0.016 0.039 0.034 0.01 0.045 0.073
266 V 0.055 0.023 0.023 0.022 0.016 0.017 0.024 0.028 0.012 0.14 0.118 0.028 0.028 0.125 0.017 0.043 0.093 0.008 0.036 0.144
267 L 0.045 0.024 0.014 0.015 0.016 0.016 0.02 0.021 0.01 0.116 0.374 0.025 0.05 0.055 0.014 0.024 0.033 0.007 0.022 0.096
268 S 0.11 0.04 0.054 0.049 0.018 0.033 0.053 0.066 0.019 0.03 0.042 0.054 0.016 0.021 0.03 0.218 0.082 0.005 0.018 0.042
269 Y 0.039 0.024 0.018 0.017 0.011 0.017 0.023 0.024 0.03 0.066 0.158 0.026 0.028 0.177 0.014 0.028 0.028 0.02 0.191 0.06
270 I 0.048 0.023 0.02 0.02 0.015 0.018 0.023 0.026 0.013 0.153 0.147 0.028 0.066 0.13 0.015 0.036 0.063 0.009 0.038 0.11
271 L 0.044 0.025 0.018 0.018 0.014 0.019 0.023 0.024 0.021 0.107 0.196 0.028 0.068 0.113 0.014 0.029 0.033 0.013 0.107 0.086
272 L 0.05 0.027 0.016 0.017 0.016 0.02 0.023 0.024 0.012 0.114 0.281 0.029 0.093 0.049 0.015 0.029 0.037 0.007 0.022 0.116
273 P 0.055 0.037 0.03 0.047 0.009 0.057 0.112 0.036 0.018 0.025 0.037 0.055 0.012 0.014 0.322 0.048 0.036 0.004 0.015 0.031
274 L 0.127 0.05 0.033 0.033 0.016 0.032 0.045 0.052 0.016 0.053 0.132 0.103 0.024 0.028 0.025 0.098 0.05 0.006 0.018 0.059
275 L 0.041 0.022 0.017 0.017 0.013 0.015 0.021 0.023 0.02 0.125 0.183 0.024 0.032 0.156 0.014 0.026 0.031 0.014 0.114 0.092
276 S 0.078 0.049 0.119 0.056 0.013 0.081 0.063 0.059 0.024 0.027 0.04 0.062 0.016 0.018 0.025 0.147 0.063 0.005 0.018 0.036
277 E 0.081 0.044 0.047 0.069 0.012 0.048 0.179 0.05 0.022 0.026 0.039 0.064 0.014 0.018 0.027 0.143 0.059 0.005 0.017 0.036
278 L 0.053 0.035 0.022 0.023 0.015 0.069 0.041 0.027 0.014 0.104 0.236 0.041 0.037 0.039 0.017 0.034 0.039 0.006 0.021 0.126
279 L 0.045 0.024 0.014 0.015 0.016 0.016 0.02 0.021 0.01 0.116 0.374 0.025 0.05 0.055 0.014 0.024 0.033 0.007 0.022 0.096
280 L 0.106 0.023 0.018 0.019 0.016 0.017 0.024 0.036 0.013 0.104 0.208 0.028 0.033 0.13 0.017 0.039 0.036 0.009 0.037 0.088
281 L 0.053 0.02 0.02 0.021 0.015 0.015 0.02 0.145 0.01 0.174 0.186 0.026 0.033 0.039 0.015 0.031 0.035 0.006 0.018 0.117
282 N 0.043 0.045 0.315 0.083 0.009 0.034 0.05 0.065 0.032 0.023 0.032 0.054 0.011 0.018 0.02 0.07 0.05 0.005 0.016 0.027
283 D 0.048 0.055 0.087 0.195 0.008 0.044 0.134 0.045 0.022 0.023 0.034 0.114 0.012 0.016 0.024 0.055 0.038 0.005 0.014 0.028
284 K 0.053 0.154 0.04 0.05 0.008 0.054 0.124 0.038 0.022 0.025 0.042 0.193 0.015 0.016 0.025 0.051 0.037 0.005 0.017 0.032
285 V 0.063 0.026 0.022 0.022 0.018 0.019 0.026 0.028 0.01 0.123 0.176 0.03 0.033 0.037 0.018 0.045 0.097 0.006 0.02 0.181
286 F 0.037 0.018 0.016 0.017 0.012 0.011 0.018 0.024 0.015 0.117 0.126 0.02 0.028 0.308 0.011 0.025 0.029 0.014 0.071 0.084
287 P 0.057 0.047 0.067 0.04 0.01 0.03 0.045 0.101 0.017 0.025 0.036 0.103 0.011 0.014 0.262 0.05 0.037 0.004 0.014 0.03
288 F 0.033 0.019 0.017 0.017 0.01 0.01 0.019 0.025 0.017 0.062 0.113 0.019 0.025 0.396 0.01 0.025 0.025 0.017 0.087 0.054
289 A 0.185 0.026 0.021 0.023 0.02 0.021 0.031 0.051 0.011 0.102 0.093 0.035 0.024 0.028 0.023 0.058 0.049 0.005 0.019 0.174
290 F 0.036 0.02 0.016 0.016 0.012 0.012 0.019 0.024 0.015 0.075 0.181 0.02 0.031 0.31 0.011 0.025 0.027 0.014 0.071 0.064
291 E 0.054 0.049 0.04 0.089 0.007 0.064 0.307 0.034 0.025 0.022 0.036 0.074 0.013 0.016 0.025 0.054 0.036 0.005 0.016 0.031
292 F 0.106 0.023 0.02 0.023 0.013 0.017 0.028 0.041 0.015 0.048 0.08 0.03 0.019 0.206 0.138 0.044 0.034 0.01 0.051 0.052
293 Y 0.041 0.026 0.02 0.018 0.011 0.02 0.025 0.024 0.037 0.082 0.119 0.029 0.024 0.109 0.015 0.029 0.03 0.022 0.251 0.068
294 Y 0.044 0.026 0.02 0.018 0.011 0.02 0.026 0.024 0.037 0.067 0.115 0.029 0.024 0.108 0.015 0.03 0.031 0.022 0.251 0.081
295 N 0.049 0.075 0.184 0.061 0.009 0.043 0.059 0.053 0.026 0.025 0.037 0.171 0.013 0.017 0.024 0.061 0.044 0.005 0.016 0.029
296 Y 0.04 0.028 0.021 0.018 0.009 0.021 0.028 0.025 0.046 0.043 0.067 0.031 0.018 0.129 0.015 0.031 0.028 0.028 0.328 0.046
297 E 0.05 0.061 0.035 0.048 0.009 0.088 0.124 0.036 0.023 0.034 0.059 0.118 0.018 0.111 0.022 0.047 0.035 0.008 0.035 0.038
298 N 0.062 0.038 0.158 0.149 0.012 0.031 0.059 0.057 0.023 0.028 0.037 0.05 0.013 0.018 0.024 0.108 0.079 0.005 0.015 0.035
299 S 0.083 0.04 0.119 0.054 0.015 0.031 0.048 0.059 0.021 0.033 0.044 0.051 0.015 0.021 0.026 0.156 0.117 0.005 0.017 0.045
300 G 0.077 0.023 0.039 0.033 0.011 0.019 0.025 0.517 0.013 0.019 0.028 0.033 0.009 0.016 0.019 0.051 0.029 0.005 0.011 0.024
301 V 0.062 0.049 0.028 0.041 0.013 0.037 0.106 0.031 0.015 0.093 0.084 0.104 0.023 0.025 0.021 0.043 0.043 0.005 0.018 0.156
302 L 0.109 0.024 0.017 0.019 0.017 0.018 0.024 0.035 0.011 0.138 0.248 0.029 0.038 0.043 0.018 0.039 0.039 0.006 0.02 0.108
303 E 0.068 0.052 0.044 0.068 0.01 0.097 0.192 0.044 0.025 0.025 0.04 0.073 0.015 0.017 0.026 0.099 0.048 0.005 0.018 0.034
304 T 0.072 0.035 0.043 0.037 0.018 0.027 0.039 0.043 0.014 0.053 0.064 0.045 0.019 0.023 0.027 0.091 0.258 0.006 0.018 0.07
305 G 0.067 0.13 0.041 0.037 0.011 0.037 0.048 0.162 0.018 0.027 0.042 0.122 0.014 0.018 0.023 0.077 0.068 0.005 0.016 0.036
306 S 0.108 0.04 0.053 0.048 0.017 0.033 0.052 0.065 0.019 0.029 0.041 0.053 0.015 0.021 0.029 0.231 0.081 0.005 0.017 0.041
307 T 0.072 0.035 0.043 0.037 0.018 0.027 0.039 0.043 0.014 0.053 0.064 0.045 0.019 0.023 0.027 0.091 0.258 0.006 0.018 0.07
308 N 0.042 0.041 0.262 0.163 0.008 0.032 0.059 0.06 0.028 0.022 0.03 0.051 0.011 0.017 0.02 0.064 0.045 0.004 0.014 0.026
309 I 0.055 0.044 0.028 0.028 0.014 0.027 0.036 0.031 0.013 0.161 0.109 0.095 0.027 0.031 0.021 0.048 0.094 0.006 0.019 0.113
310 L 0.044 0.024 0.014 0.015 0.016 0.016 0.02 0.021 0.01 0.114 0.385 0.025 0.049 0.054 0.014 0.024 0.033 0.007 0.022 0.095
311 L 0.043 0.025 0.016 0.017 0.015 0.018 0.022 0.024 0.013 0.097 0.269 0.026 0.074 0.138 0.014 0.027 0.033 0.01 0.039 0.084
312 N 0.07 0.044 0.153 0.071 0.012 0.041 0.114 0.057 0.025 0.025 0.036 0.058 0.013 0.018 0.025 0.126 0.058 0.005 0.016 0.033
313 L 0.051 0.032 0.02 0.02 0.016 0.028 0.028 0.028 0.016 0.099 0.194 0.036 0.173 0.047 0.016 0.036 0.04 0.008 0.024 0.091
314 W 0.03 0.022 0.015 0.015 0.007 0.015 0.022 0.03 0.015 0.03 0.052 0.022 0.015 0.06 0.007 0.022 0.022 0.5 0.067 0.03
315 D 0.058 0.038 0.161 0.195 0.01 0.032 0.065 0.058 0.023 0.024 0.032 0.05 0.011 0.017 0.023 0.103 0.052 0.004 0.014 0.029
316 L 0.056 0.105 0.021 0.02 0.015 0.024 0.029 0.026 0.012 0.115 0.172 0.049 0.032 0.035 0.016 0.033 0.041 0.006 0.02 0.171
317 P 0.05 0.045 0.112 0.102 0.009 0.082 0.096 0.045 0.024 0.024 0.036 0.061 0.013 0.015 0.142 0.055 0.04 0.004 0.016 0.03
318 I 0.049 0.021 0.017 0.018 0.014 0.016 0.022 0.023 0.019 0.165 0.125 0.025 0.029 0.107 0.015 0.028 0.037 0.013 0.106 0.153
319 S 0.087 0.036 0.056 0.136 0.015 0.031 0.06 0.058 0.018 0.03 0.041 0.05 0.014 0.019 0.027 0.169 0.091 0.005 0.016 0.041
