#Seq2Logo.py -f /work3/idamei/ssn-clusterings/clustering/2205111239/clusters/0009_214/sequences.afa -o /work3/idamei/ssn-clusterings/clustering/2205111239/clusters/0009_214/sequences.logo
#Position Specific Frequency Matrix
A R N D C Q E G H I L K M F P S T W Y V
0 L 0.051 0.032 0.02 0.02 0.016 0.028 0.028 0.028 0.016 0.099 0.194 0.036 0.174 0.047 0.016 0.036 0.04 0.008 0.024 0.091
1 L 0.047 0.03 0.094 0.036 0.013 0.021 0.031 0.037 0.017 0.067 0.167 0.035 0.028 0.118 0.018 0.05 0.087 0.008 0.035 0.064
2 K 0.083 0.073 0.048 0.045 0.013 0.043 0.061 0.055 0.02 0.029 0.042 0.167 0.016 0.018 0.029 0.138 0.061 0.005 0.017 0.037
3 L 0.042 0.026 0.018 0.017 0.013 0.019 0.024 0.023 0.028 0.079 0.223 0.028 0.034 0.092 0.015 0.028 0.031 0.017 0.171 0.071
4 R 0.051 0.227 0.04 0.036 0.008 0.051 0.061 0.038 0.022 0.025 0.045 0.2 0.015 0.016 0.023 0.049 0.037 0.005 0.017 0.032
5 L 0.045 0.024 0.014 0.015 0.016 0.016 0.02 0.021 0.01 0.115 0.375 0.025 0.05 0.055 0.014 0.024 0.033 0.007 0.022 0.096
6 Y 0.049 0.067 0.032 0.03 0.009 0.037 0.049 0.034 0.034 0.035 0.056 0.156 0.017 0.073 0.022 0.042 0.034 0.017 0.169 0.04
7 D 0.045 0.041 0.162 0.181 0.008 0.041 0.138 0.05 0.026 0.022 0.032 0.057 0.011 0.016 0.022 0.059 0.041 0.005 0.014 0.027
8 S 0.153 0.037 0.047 0.044 0.018 0.031 0.049 0.068 0.018 0.032 0.045 0.051 0.016 0.021 0.029 0.198 0.073 0.005 0.017 0.047
9 F 0.045 0.02 0.016 0.017 0.014 0.013 0.02 0.024 0.012 0.114 0.183 0.022 0.033 0.207 0.013 0.026 0.033 0.011 0.052 0.125
10 L 0.042 0.021 0.015 0.016 0.015 0.014 0.019 0.022 0.011 0.141 0.272 0.023 0.04 0.131 0.013 0.024 0.032 0.009 0.037 0.104
11 L 0.046 0.019 0.014 0.017 0.016 0.014 0.018 0.02 0.009 0.231 0.233 0.024 0.04 0.047 0.014 0.024 0.037 0.006 0.021 0.149
12 F 0.043 0.023 0.022 0.021 0.012 0.015 0.023 0.029 0.015 0.064 0.122 0.025 0.026 0.284 0.015 0.04 0.08 0.013 0.066 0.061
13 L 0.043 0.019 0.015 0.017 0.015 0.013 0.018 0.022 0.011 0.193 0.204 0.023 0.037 0.127 0.013 0.025 0.034 0.009 0.036 0.128
14 L 0.072 0.033 0.034 0.031 0.017 0.026 0.036 0.041 0.015 0.07 0.161 0.041 0.061 0.035 0.022 0.106 0.101 0.006 0.02 0.072
15 L 0.044 0.024 0.014 0.015 0.016 0.016 0.02 0.021 0.01 0.114 0.386 0.025 0.049 0.054 0.014 0.024 0.033 0.007 0.022 0.095
16 L 0.05 0.023 0.014 0.016 0.017 0.016 0.021 0.022 0.01 0.125 0.326 0.025 0.045 0.049 0.014 0.026 0.036 0.007 0.022 0.138
17 L 0.044 0.022 0.014 0.016 0.016 0.015 0.019 0.021 0.01 0.153 0.335 0.024 0.046 0.051 0.014 0.024 0.034 0.007 0.022 0.113
18 S 0.1 0.038 0.051 0.046 0.017 0.031 0.049 0.06 0.018 0.035 0.046 0.051 0.016 0.021 0.029 0.2 0.122 0.005 0.017 0.048
19 S 0.097 0.038 0.05 0.045 0.017 0.031 0.048 0.058 0.017 0.036 0.048 0.051 0.017 0.021 0.029 0.189 0.135 0.005 0.017 0.05
20 K 0.056 0.105 0.041 0.041 0.008 0.053 0.07 0.042 0.02 0.027 0.042 0.29 0.015 0.015 0.027 0.053 0.039 0.005 0.017 0.032
21 F 0.037 0.022 0.017 0.017 0.011 0.014 0.021 0.024 0.022 0.07 0.165 0.023 0.029 0.256 0.012 0.026 0.027 0.017 0.128 0.062
22 L 0.051 0.032 0.02 0.02 0.016 0.028 0.028 0.028 0.016 0.099 0.193 0.035 0.176 0.047 0.016 0.035 0.039 0.008 0.024 0.091
23 L 0.048 0.02 0.015 0.017 0.015 0.014 0.019 0.022 0.01 0.188 0.19 0.023 0.035 0.11 0.014 0.026 0.037 0.008 0.033 0.157
24 F 0.039 0.022 0.019 0.019 0.01 0.015 0.024 0.027 0.021 0.055 0.107 0.025 0.022 0.254 0.104 0.029 0.028 0.015 0.115 0.051
25 S 0.108 0.039 0.053 0.048 0.017 0.033 0.051 0.065 0.019 0.029 0.041 0.053 0.015 0.021 0.029 0.234 0.081 0.005 0.017 0.041
26 V 0.102 0.023 0.017 0.019 0.018 0.017 0.024 0.032 0.01 0.161 0.173 0.028 0.033 0.038 0.018 0.038 0.043 0.006 0.02 0.18
27 L 0.042 0.026 0.026 0.09 0.013 0.02 0.035 0.026 0.02 0.079 0.24 0.03 0.034 0.065 0.016 0.031 0.032 0.011 0.097 0.069
28 G 0.071 0.029 0.037 0.044 0.01 0.028 0.082 0.309 0.016 0.021 0.032 0.043 0.01 0.016 0.111 0.061 0.035 0.005 0.012 0.027
29 I 0.043 0.023 0.074 0.029 0.014 0.016 0.024 0.029 0.014 0.183 0.144 0.028 0.03 0.106 0.015 0.033 0.038 0.008 0.032 0.119
30 G 0.068 0.03 0.09 0.041 0.013 0.023 0.033 0.224 0.017 0.056 0.107 0.038 0.02 0.026 0.02 0.082 0.044 0.005 0.015 0.05
31 P 0.061 0.046 0.088 0.042 0.012 0.03 0.044 0.045 0.018 0.042 0.103 0.089 0.019 0.023 0.143 0.082 0.047 0.005 0.017 0.044
32 Y 0.069 0.028 0.078 0.031 0.012 0.022 0.03 0.036 0.03 0.095 0.084 0.034 0.021 0.073 0.017 0.042 0.038 0.015 0.155 0.09
33 A 0.163 0.028 0.024 0.026 0.019 0.022 0.032 0.049 0.012 0.103 0.141 0.036 0.027 0.032 0.023 0.063 0.084 0.006 0.019 0.093
34 L 0.044 0.033 0.133 0.041 0.013 0.025 0.032 0.038 0.019 0.076 0.217 0.037 0.058 0.039 0.017 0.043 0.04 0.006 0.02 0.068
35 L 0.046 0.022 0.015 0.016 0.015 0.015 0.02 0.022 0.011 0.113 0.287 0.024 0.041 0.115 0.014 0.026 0.034 0.008 0.034 0.122
36 L 0.042 0.022 0.015 0.016 0.015 0.014 0.019 0.022 0.011 0.136 0.294 0.023 0.042 0.116 0.013 0.024 0.033 0.009 0.034 0.102
37 A 0.218 0.031 0.028 0.03 0.019 0.025 0.038 0.064 0.014 0.053 0.117 0.042 0.023 0.027 0.026 0.101 0.052 0.006 0.018 0.068
38 C 0.059 0.031 0.102 0.039 0.103 0.024 0.033 0.044 0.019 0.049 0.085 0.037 0.046 0.095 0.018 0.08 0.046 0.007 0.03 0.052
39 L 0.048 0.023 0.015 0.017 0.016 0.017 0.021 0.022 0.01 0.178 0.251 0.026 0.067 0.047 0.015 0.027 0.037 0.007 0.021 0.135
40 L 0.043 0.021 0.015 0.016 0.045 0.014 0.019 0.022 0.011 0.131 0.273 0.023 0.04 0.114 0.014 0.025 0.033 0.008 0.033 0.099
41 G 0.078 0.023 0.039 0.034 0.011 0.019 0.026 0.51 0.014 0.019 0.028 0.034 0.009 0.016 0.019 0.051 0.03 0.005 0.011 0.024
42 S 0.079 0.038 0.115 0.05 0.015 0.03 0.045 0.057 0.02 0.043 0.103 0.048 0.021 0.026 0.024 0.153 0.064 0.005 0.018 0.047
43 L 0.05 0.022 0.017 0.017 0.014 0.016 0.022 0.024 0.018 0.105 0.161 0.025 0.03 0.147 0.014 0.029 0.036 0.013 0.095 0.146
44 F 0.044 0.021 0.017 0.017 0.013 0.014 0.021 0.024 0.018 0.133 0.12 0.023 0.028 0.191 0.013 0.027 0.033 0.014 0.103 0.125
45 L 0.055 0.022 0.019 0.019 0.015 0.016 0.021 0.115 0.01 0.147 0.215 0.026 0.035 0.041 0.015 0.031 0.037 0.006 0.019 0.136
46 I 0.05 0.019 0.015 0.017 0.016 0.014 0.019 0.021 0.009 0.229 0.2 0.024 0.038 0.044 0.015 0.026 0.04 0.006 0.021 0.179
47 L 0.046 0.022 0.016 0.017 0.014 0.015 0.021 0.023 0.017 0.132 0.185 0.025 0.033 0.127 0.014 0.027 0.034 0.012 0.091 0.128
48 K 0.049 0.115 0.032 0.052 0.099 0.035 0.048 0.036 0.017 0.03 0.048 0.142 0.015 0.025 0.02 0.043 0.034 0.098 0.025 0.035
49 N 0.055 0.097 0.164 0.054 0.012 0.032 0.044 0.05 0.023 0.073 0.061 0.06 0.017 0.023 0.02 0.087 0.05 0.005 0.017 0.058
50 R 0.061 0.154 0.036 0.031 0.013 0.033 0.042 0.038 0.019 0.048 0.114 0.069 0.023 0.033 0.021 0.084 0.085 0.007 0.038 0.053
51 F 0.04 0.032 0.024 0.035 0.01 0.026 0.089 0.029 0.019 0.05 0.09 0.052 0.021 0.278 0.015 0.034 0.029 0.013 0.066 0.047
52 C 0.065 0.016 0.016 0.016 0.484 0.012 0.016 0.032 0.008 0.045 0.065 0.02 0.016 0.02 0.016 0.041 0.037 0.004 0.012 0.057
53 R 0.059 0.102 0.092 0.052 0.011 0.039 0.094 0.043 0.021 0.073 0.062 0.078 0.018 0.023 0.022 0.083 0.047 0.005 0.017 0.059
54 V 0.055 0.024 0.022 0.021 0.016 0.019 0.026 0.025 0.076 0.181 0.125 0.028 0.03 0.037 0.016 0.031 0.041 0.006 0.027 0.193
55 L 0.052 0.06 0.033 0.045 0.011 0.084 0.116 0.034 0.02 0.052 0.147 0.112 0.026 0.027 0.022 0.045 0.037 0.006 0.019 0.052
56 R 0.045 0.162 0.028 0.026 0.04 0.034 0.041 0.031 0.017 0.075 0.07 0.109 0.019 0.03 0.017 0.038 0.034 0.098 0.027 0.059
57 L 0.048 0.038 0.022 0.024 0.013 0.024 0.032 0.029 0.015 0.101 0.134 0.074 0.067 0.095 0.098 0.035 0.036 0.008 0.03 0.078
58 N 0.071 0.051 0.143 0.056 0.013 0.035 0.051 0.057 0.022 0.03 0.041 0.092 0.014 0.019 0.025 0.126 0.093 0.005 0.017 0.039
59 K 0.057 0.056 0.085 0.041 0.012 0.033 0.045 0.122 0.018 0.043 0.099 0.124 0.02 0.023 0.022 0.056 0.075 0.005 0.016 0.046
60 E 0.073 0.039 0.04 0.054 0.014 0.039 0.131 0.043 0.019 0.044 0.101 0.054 0.021 0.025 0.025 0.117 0.088 0.006 0.018 0.051
61 R 0.048 0.203 0.089 0.044 0.008 0.077 0.063 0.041 0.024 0.024 0.042 0.141 0.015 0.016 0.022 0.051 0.038 0.005 0.017 0.031
62 K 0.05 0.062 0.027 0.028 0.012 0.033 0.044 0.031 0.015 0.128 0.141 0.16 0.028 0.031 0.021 0.038 0.038 0.006 0.019 0.089
63 L 0.047 0.022 0.016 0.016 0.095 0.016 0.02 0.023 0.015 0.119 0.244 0.025 0.036 0.058 0.015 0.028 0.033 0.01 0.072 0.093
64 A 0.189 0.026 0.024 0.026 0.019 0.021 0.031 0.133 0.012 0.078 0.076 0.036 0.02 0.025 0.023 0.061 0.045 0.005 0.017 0.133
65 L 0.055 0.021 0.015 0.016 0.097 0.015 0.02 0.024 0.009 0.146 0.21 0.024 0.035 0.04 0.015 0.029 0.039 0.006 0.019 0.165
66 I 0.1 0.023 0.023 0.024 0.017 0.018 0.027 0.037 0.011 0.204 0.126 0.031 0.029 0.036 0.019 0.07 0.047 0.006 0.019 0.133
67 F 0.042 0.02 0.016 0.016 0.093 0.012 0.018 0.025 0.013 0.076 0.197 0.021 0.031 0.222 0.012 0.027 0.029 0.011 0.053 0.067
68 F 0.058 0.025 0.029 0.027 0.013 0.018 0.029 0.038 0.017 0.051 0.088 0.03 0.022 0.275 0.017 0.096 0.043 0.013 0.063 0.049
69 F 0.05 0.025 0.024 0.023 0.015 0.017 0.025 0.029 0.013 0.105 0.151 0.029 0.029 0.158 0.017 0.046 0.108 0.01 0.042 0.085
70 L 0.048 0.021 0.014 0.016 0.016 0.015 0.019 0.021 0.009 0.179 0.271 0.024 0.041 0.047 0.014 0.025 0.037 0.006 0.021 0.152
71 S 0.135 0.037 0.046 0.043 0.018 0.03 0.047 0.063 0.017 0.035 0.047 0.05 0.016 0.021 0.029 0.188 0.106 0.005 0.017 0.05
72 L 0.041 0.023 0.016 0.016 0.014 0.016 0.021 0.023 0.013 0.093 0.265 0.024 0.063 0.168 0.013 0.026 0.031 0.01 0.044 0.08
73 L 0.047 0.019 0.015 0.016 0.174 0.013 0.018 0.026 0.011 0.073 0.189 0.021 0.03 0.158 0.013 0.029 0.031 0.009 0.04 0.068
74 L 0.052 0.022 0.015 0.016 0.017 0.015 0.02 0.022 0.009 0.158 0.265 0.025 0.04 0.045 0.015 0.027 0.039 0.006 0.021 0.171
75 F 0.039 0.018 0.015 0.017 0.013 0.012 0.018 0.022 0.013 0.175 0.138 0.021 0.03 0.222 0.012 0.025 0.032 0.011 0.053 0.113
76 N 0.042 0.044 0.334 0.081 0.009 0.033 0.048 0.064 0.031 0.022 0.031 0.053 0.011 0.018 0.02 0.068 0.048 0.004 0.015 0.026
77 I 0.051 0.02 0.016 0.018 0.016 0.016 0.02 0.022 0.01 0.236 0.162 0.025 0.059 0.042 0.015 0.027 0.04 0.006 0.021 0.178
78 S 0.128 0.034 0.04 0.038 0.018 0.028 0.042 0.056 0.015 0.057 0.062 0.045 0.019 0.023 0.026 0.154 0.1 0.005 0.018 0.091
79 K 0.054 0.147 0.04 0.039 0.008 0.051 0.066 0.04 0.021 0.026 0.043 0.266 0.015 0.015 0.026 0.051 0.038 0.005 0.017 0.032
80 L 0.039 0.023 0.016 0.016 0.013 0.015 0.021 0.023 0.018 0.084 0.244 0.024 0.035 0.182 0.013 0.025 0.029 0.014 0.095 0.072
81 N 0.068 0.041 0.191 0.063 0.013 0.032 0.048 0.06 0.024 0.029 0.04 0.051 0.014 0.019 0.024 0.129 0.095 0.005 0.016 0.038
82 G 0.078 0.033 0.09 0.083 0.012 0.027 0.044 0.129 0.023 0.032 0.045 0.043 0.014 0.037 0.022 0.09 0.081 0.009 0.068 0.041
83 D 0.06 0.033 0.047 0.169 0.012 0.032 0.1 0.042 0.017 0.073 0.06 0.047 0.017 0.022 0.023 0.085 0.081 0.005 0.015 0.06
84 L 0.047 0.023 0.023 0.082 0.015 0.018 0.031 0.025 0.011 0.135 0.248 0.028 0.037 0.042 0.016 0.03 0.037 0.006 0.019 0.127
85 T 0.076 0.031 0.037 0.034 0.016 0.024 0.037 0.044 0.015 0.064 0.075 0.04 0.021 0.087 0.023 0.119 0.127 0.007 0.029 0.093
86 L 0.051 0.022 0.021 0.022 0.014 0.016 0.024 0.029 0.013 0.14 0.164 0.027 0.031 0.161 0.015 0.06 0.04 0.009 0.042 0.098
87 G 0.066 0.039 0.031 0.031 0.013 0.025 0.037 0.119 0.015 0.054 0.064 0.078 0.018 0.083 0.101 0.073 0.043 0.007 0.027 0.078
88 D 0.042 0.037 0.099 0.23 0.008 0.061 0.072 0.044 0.022 0.029 0.045 0.049 0.014 0.08 0.02 0.05 0.036 0.006 0.026 0.031
89 A 0.141 0.025 0.031 0.09 0.016 0.021 0.039 0.127 0.013 0.096 0.077 0.035 0.02 0.025 0.021 0.054 0.041 0.005 0.016 0.107
90 L 0.044 0.021 0.015 0.017 0.015 0.015 0.02 0.021 0.015 0.189 0.223 0.025 0.037 0.061 0.014 0.025 0.035 0.01 0.073 0.125
91 Y 0.039 0.024 0.019 0.018 0.01 0.018 0.024 0.024 0.035 0.087 0.09 0.027 0.022 0.159 0.014 0.028 0.029 0.022 0.241 0.068
92 P 0.055 0.025 0.023 0.03 0.01 0.02 0.035 0.035 0.013 0.025 0.035 0.04 0.01 0.013 0.506 0.043 0.035 0.003 0.013 0.03
93 T 0.067 0.032 0.038 0.033 0.017 0.025 0.035 0.039 0.013 0.091 0.08 0.041 0.022 0.026 0.025 0.079 0.227 0.006 0.018 0.086
94 D 0.052 0.027 0.058 0.286 0.008 0.026 0.068 0.204 0.017 0.021 0.027 0.04 0.009 0.015 0.021 0.051 0.033 0.004 0.011 0.024
95 L 0.051 0.024 0.02 0.02 0.016 0.018 0.023 0.025 0.011 0.188 0.19 0.029 0.059 0.042 0.017 0.037 0.076 0.006 0.02 0.128
96 F 0.04 0.027 0.028 0.024 0.011 0.02 0.029 0.027 0.132 0.124 0.104 0.029 0.025 0.158 0.014 0.03 0.03 0.01 0.054 0.083
97 L 0.047 0.023 0.016 0.018 0.016 0.018 0.021 0.023 0.011 0.196 0.211 0.027 0.086 0.046 0.015 0.028 0.038 0.007 0.022 0.132
98 L 0.046 0.021 0.015 0.016 0.015 0.014 0.02 0.022 0.01 0.141 0.262 0.024 0.039 0.107 0.014 0.025 0.035 0.008 0.032 0.132
99 L 0.052 0.026 0.022 0.022 0.014 0.019 0.026 0.031 0.015 0.079 0.206 0.029 0.057 0.163 0.016 0.062 0.039 0.01 0.043 0.071
100 S 0.119 0.033 0.037 0.035 0.016 0.027 0.04 0.054 0.017 0.048 0.081 0.043 0.045 0.089 0.024 0.143 0.059 0.007 0.03 0.056
101 L 0.046 0.022 0.016 0.017 0.014 0.015 0.021 0.022 0.016 0.13 0.208 0.024 0.034 0.119 0.014 0.027 0.034 0.011 0.084 0.124
102 L 0.043 0.021 0.014 0.016 0.015 0.014 0.019 0.021 0.011 0.163 0.269 0.023 0.04 0.108 0.013 0.024 0.033 0.008 0.032 0.113
103 L 0.101 0.025 0.023 0.024 0.016 0.019 0.028 0.038 0.013 0.116 0.149 0.031 0.029 0.096 0.019 0.071 0.046 0.007 0.03 0.119
104 V 0.099 0.022 0.018 0.021 0.017 0.017 0.026 0.033 0.01 0.161 0.113 0.03 0.027 0.032 0.099 0.04 0.043 0.005 0.018 0.169
105 L 0.045 0.02 0.015 0.016 0.095 0.014 0.018 0.023 0.01 0.122 0.252 0.023 0.037 0.104 0.014 0.027 0.033 0.008 0.031 0.094
106 L 0.1 0.026 0.023 0.023 0.016 0.019 0.029 0.039 0.013 0.086 0.186 0.032 0.031 0.097 0.019 0.071 0.044 0.008 0.031 0.106
107 L 0.057 0.026 0.026 0.025 0.015 0.019 0.027 0.032 0.013 0.109 0.194 0.031 0.032 0.099 0.018 0.071 0.079 0.008 0.031 0.087
108 P 0.056 0.048 0.091 0.116 0.009 0.038 0.1 0.046 0.021 0.024 0.035 0.092 0.012 0.016 0.131 0.074 0.043 0.004 0.015 0.03
109 K 0.065 0.067 0.039 0.037 0.01 0.038 0.052 0.123 0.023 0.028 0.044 0.167 0.015 0.035 0.024 0.079 0.042 0.009 0.069 0.034
110 K 0.052 0.09 0.036 0.036 0.009 0.045 0.061 0.039 0.02 0.033 0.054 0.25 0.017 0.08 0.024 0.048 0.036 0.007 0.029 0.036
111 L 0.056 0.031 0.086 0.1 0.014 0.025 0.043 0.04 0.016 0.07 0.117 0.039 0.023 0.028 0.021 0.059 0.116 0.005 0.017 0.095
112 L 0.045 0.02 0.014 0.016 0.016 0.014 0.018 0.02 0.009 0.201 0.277 0.024 0.042 0.048 0.014 0.024 0.036 0.006 0.021 0.133
113 L 0.046 0.021 0.016 0.017 0.014 0.015 0.02 0.022 0.016 0.159 0.171 0.024 0.032 0.117 0.014 0.027 0.035 0.011 0.084 0.137
114 L 0.049 0.043 0.085 0.1 0.012 0.029 0.047 0.039 0.017 0.058 0.158 0.081 0.025 0.03 0.021 0.051 0.075 0.005 0.017 0.057
115 A 0.157 0.032 0.038 0.035 0.017 0.026 0.039 0.137 0.015 0.039 0.052 0.044 0.016 0.021 0.027 0.106 0.123 0.005 0.016 0.056
116 L 0.056 0.023 0.015 0.016 0.017 0.016 0.021 0.022 0.009 0.137 0.259 0.025 0.04 0.044 0.015 0.028 0.04 0.006 0.021 0.19
117 K 0.05 0.123 0.085 0.042 0.01 0.042 0.054 0.04 0.02 0.069 0.061 0.18 0.018 0.021 0.022 0.049 0.04 0.005 0.017 0.054
118 Y 0.044 0.052 0.025 0.025 0.01 0.03 0.039 0.031 0.026 0.047 0.11 0.117 0.022 0.066 0.018 0.035 0.031 0.096 0.132 0.046
119 Y 0.04 0.027 0.021 0.018 0.009 0.021 0.027 0.024 0.046 0.043 0.067 0.03 0.018 0.128 0.015 0.03 0.027 0.027 0.334 0.046
120 L 0.054 0.03 0.074 0.031 0.015 0.021 0.03 0.035 0.015 0.084 0.272 0.034 0.037 0.042 0.017 0.067 0.043 0.006 0.02 0.074
121 N 0.09 0.038 0.229 0.062 0.012 0.029 0.043 0.059 0.024 0.048 0.051 0.047 0.015 0.021 0.021 0.065 0.048 0.005 0.016 0.077
122 F 0.043 0.02 0.016 0.016 0.014 0.013 0.019 0.023 0.013 0.125 0.169 0.021 0.032 0.223 0.013 0.026 0.032 0.011 0.054 0.119
123 L 0.045 0.03 0.122 0.039 0.013 0.022 0.03 0.036 0.017 0.139 0.162 0.035 0.054 0.037 0.016 0.041 0.041 0.006 0.019 0.097
124 A 0.262 0.028 0.024 0.027 0.019 0.023 0.036 0.068 0.015 0.045 0.067 0.039 0.018 0.085 0.026 0.073 0.045 0.007 0.029 0.065
125 L 0.046 0.021 0.015 0.016 0.015 0.015 0.02 0.023 0.01 0.165 0.215 0.024 0.036 0.048 0.013 0.025 0.036 0.089 0.028 0.141
126 V 0.063 0.023 0.021 0.022 0.017 0.018 0.025 0.029 0.01 0.173 0.169 0.029 0.033 0.038 0.017 0.063 0.048 0.006 0.02 0.175
127 L 0.052 0.02 0.015 0.016 0.096 0.014 0.019 0.023 0.009 0.168 0.217 0.023 0.036 0.041 0.015 0.028 0.038 0.006 0.019 0.146
128 V 0.065 0.024 0.022 0.022 0.017 0.018 0.026 0.03 0.012 0.114 0.154 0.029 0.03 0.097 0.017 0.064 0.047 0.007 0.031 0.175
129 L 0.043 0.021 0.014 0.016 0.015 0.014 0.019 0.021 0.011 0.163 0.269 0.023 0.04 0.108 0.013 0.024 0.033 0.008 0.032 0.113
130 G 0.076 0.022 0.038 0.033 0.011 0.018 0.025 0.522 0.013 0.018 0.028 0.033 0.009 0.016 0.018 0.05 0.029 0.005 0.011 0.024
131 L 0.049 0.02 0.014 0.016 0.016 0.014 0.019 0.021 0.009 0.209 0.233 0.024 0.039 0.045 0.014 0.025 0.038 0.006 0.021 0.165
132 V 0.063 0.023 0.021 0.02 0.017 0.017 0.025 0.027 0.01 0.126 0.114 0.027 0.028 0.094 0.017 0.041 0.08 0.007 0.031 0.212
133 L 0.131 0.026 0.018 0.02 0.018 0.019 0.026 0.039 0.011 0.089 0.28 0.031 0.038 0.043 0.019 0.043 0.038 0.006 0.02 0.085
134 Y 0.038 0.026 0.02 0.018 0.009 0.019 0.026 0.024 0.041 0.046 0.074 0.028 0.019 0.173 0.014 0.029 0.027 0.026 0.293 0.047
135 L 0.085 0.022 0.016 0.018 0.015 0.015 0.022 0.031 0.012 0.132 0.209 0.026 0.034 0.133 0.016 0.034 0.035 0.009 0.037 0.099
136 L 0.047 0.022 0.014 0.015 0.096 0.015 0.019 0.023 0.01 0.101 0.336 0.024 0.043 0.048 0.014 0.026 0.033 0.006 0.02 0.087
137 N 0.051 0.036 0.19 0.12 0.01 0.028 0.051 0.054 0.024 0.03 0.045 0.045 0.014 0.082 0.02 0.086 0.047 0.006 0.027 0.033
138 L 0.054 0.028 0.026 0.024 0.015 0.022 0.028 0.03 0.018 0.108 0.157 0.034 0.054 0.053 0.019 0.049 0.111 0.01 0.072 0.09
139 F 0.039 0.02 0.015 0.016 0.013 0.013 0.019 0.023 0.013 0.117 0.213 0.021 0.035 0.226 0.012 0.024 0.03 0.012 0.054 0.087
140 G 0.055 0.044 0.095 0.106 0.009 0.031 0.051 0.205 0.078 0.022 0.032 0.084 0.011 0.018 0.021 0.052 0.034 0.005 0.02 0.025
141 L 0.046 0.021 0.015 0.016 0.015 0.014 0.02 0.022 0.01 0.141 0.262 0.024 0.039 0.107 0.014 0.025 0.035 0.008 0.032 0.132
142 I 0.048 0.019 0.015 0.017 0.016 0.014 0.018 0.021 0.009 0.234 0.172 0.023 0.035 0.072 0.014 0.026 0.039 0.007 0.026 0.175
143 S 0.082 0.046 0.051 0.105 0.013 0.033 0.056 0.134 0.018 0.026 0.037 0.088 0.013 0.018 0.026 0.145 0.057 0.005 0.015 0.034
144 P 0.106 0.028 0.028 0.033 0.013 0.023 0.039 0.047 0.014 0.029 0.04 0.043 0.012 0.015 0.347 0.082 0.045 0.003 0.014 0.038
145 S 0.081 0.031 0.038 0.036 0.017 0.025 0.038 0.046 0.014 0.119 0.086 0.041 0.023 0.028 0.024 0.143 0.097 0.005 0.018 0.089
146 G 0.087 0.028 0.043 0.038 0.013 0.023 0.034 0.37 0.015 0.022 0.032 0.04 0.011 0.017 0.022 0.113 0.046 0.005 0.013 0.029
147 L 0.048 0.021 0.014 0.016 0.016 0.015 0.019 0.021 0.009 0.179 0.271 0.024 0.041 0.047 0.014 0.025 0.037 0.006 0.021 0.152
148 V 0.065 0.021 0.016 0.017 0.018 0.016 0.022 0.023 0.008 0.182 0.133 0.025 0.032 0.036 0.016 0.031 0.047 0.005 0.02 0.268
149 S 0.112 0.089 0.039 0.035 0.015 0.032 0.045 0.05 0.076 0.051 0.058 0.056 0.018 0.024 0.023 0.113 0.053 0.006 0.024 0.081
150 A 0.307 0.03 0.025 0.029 0.021 0.025 0.04 0.076 0.014 0.042 0.058 0.043 0.017 0.021 0.029 0.083 0.049 0.005 0.017 0.067
151 P 0.108 0.028 0.027 0.031 0.015 0.022 0.037 0.045 0.013 0.051 0.055 0.04 0.016 0.019 0.265 0.08 0.047 0.004 0.015 0.081
152 D 0.04 0.029 0.067 0.412 0.007 0.029 0.089 0.045 0.018 0.022 0.027 0.044 0.009 0.015 0.022 0.051 0.035 0.004 0.011 0.024
153 H 0.041 0.045 0.052 0.037 0.007 0.037 0.052 0.037 0.371 0.022 0.037 0.045 0.015 0.03 0.019 0.041 0.026 0.007 0.056 0.022
154 A 0.307 0.03 0.025 0.029 0.021 0.025 0.04 0.076 0.014 0.042 0.058 0.043 0.017 0.021 0.029 0.083 0.049 0.005 0.017 0.067
155 N 0.055 0.053 0.238 0.069 0.01 0.036 0.052 0.06 0.027 0.024 0.034 0.093 0.012 0.018 0.022 0.094 0.052 0.005 0.016 0.03
156 L 0.06 0.056 0.035 0.035 0.012 0.097 0.06 0.038 0.019 0.055 0.159 0.096 0.028 0.028 0.022 0.075 0.044 0.006 0.02 0.055
157 D 0.098 0.03 0.041 0.156 0.014 0.026 0.053 0.047 0.016 0.054 0.123 0.041 0.047 0.028 0.022 0.08 0.045 0.005 0.017 0.057
158 G 0.076 0.022 0.038 0.033 0.011 0.018 0.025 0.522 0.013 0.018 0.028 0.033 0.009 0.016 0.018 0.05 0.029 0.005 0.011 0.024
159 Y 0.04 0.027 0.021 0.018 0.009 0.021 0.027 0.024 0.046 0.043 0.067 0.03 0.018 0.128 0.015 0.03 0.027 0.027 0.334 0.046
160 L 0.104 0.038 0.081 0.039 0.015 0.059 0.047 0.048 0.018 0.065 0.116 0.048 0.024 0.027 0.022 0.083 0.05 0.005 0.019 0.092
161 S 0.085 0.041 0.146 0.059 0.014 0.033 0.05 0.064 0.023 0.027 0.037 0.053 0.014 0.019 0.026 0.182 0.069 0.005 0.016 0.036
162 L 0.044 0.023 0.014 0.015 0.016 0.015 0.019 0.021 0.01 0.142 0.353 0.024 0.046 0.052 0.014 0.024 0.034 0.007 0.021 0.107
163 Y 0.04 0.027 0.02 0.018 0.01 0.02 0.026 0.024 0.04 0.054 0.121 0.029 0.023 0.115 0.015 0.029 0.028 0.024 0.282 0.054
164 G 0.063 0.03 0.084 0.039 0.011 0.024 0.034 0.203 0.028 0.029 0.043 0.039 0.014 0.054 0.019 0.078 0.04 0.012 0.12 0.034
165 L 0.042 0.022 0.014 0.016 0.015 0.014 0.019 0.021 0.011 0.133 0.306 0.023 0.042 0.11 0.013 0.024 0.032 0.008 0.032 0.1
166 A 0.241 0.033 0.034 0.035 0.02 0.027 0.043 0.072 0.016 0.038 0.052 0.047 0.016 0.021 0.029 0.135 0.059 0.005 0.017 0.058
167 Y 0.04 0.027 0.021 0.018 0.009 0.021 0.027 0.024 0.046 0.043 0.067 0.03 0.018 0.128 0.015 0.03 0.027 0.027 0.334 0.046
168 Y 0.045 0.028 0.024 0.021 0.012 0.021 0.028 0.027 0.034 0.056 0.12 0.032 0.023 0.098 0.017 0.039 0.068 0.02 0.229 0.058
169 P 0.055 0.025 0.023 0.03 0.01 0.02 0.035 0.035 0.013 0.025 0.035 0.04 0.01 0.013 0.506 0.043 0.035 0.003 0.013 0.03
170 S 0.141 0.038 0.048 0.045 0.018 0.031 0.049 0.067 0.018 0.031 0.044 0.051 0.016 0.021 0.029 0.213 0.075 0.005 0.017 0.045
171 W 0.03 0.022 0.015 0.015 0.007 0.015 0.022 0.03 0.015 0.03 0.052 0.022 0.015 0.059 0.007 0.022 0.022 0.505 0.067 0.03
172 I 0.046 0.017 0.014 0.017 0.016 0.013 0.017 0.02 0.009 0.289 0.164 0.023 0.036 0.043 0.014 0.024 0.039 0.006 0.02 0.172
173 N 0.059 0.042 0.142 0.062 0.011 0.038 0.092 0.051 0.082 0.028 0.04 0.053 0.014 0.021 0.023 0.093 0.084 0.005 0.023 0.036
174 L 0.044 0.022 0.015 0.017 0.015 0.016 0.02 0.022 0.012 0.16 0.235 0.025 0.062 0.107 0.014 0.026 0.034 0.008 0.032 0.113
175 P 0.056 0.054 0.039 0.098 0.01 0.033 0.056 0.04 0.016 0.03 0.041 0.127 0.013 0.016 0.186 0.055 0.075 0.004 0.015 0.036
176 F 0.043 0.019 0.016 0.017 0.014 0.012 0.019 0.023 0.012 0.154 0.131 0.021 0.029 0.221 0.013 0.026 0.033 0.011 0.053 0.132
177 S 0.092 0.041 0.121 0.057 0.015 0.033 0.051 0.065 0.022 0.028 0.039 0.053 0.014 0.02 0.027 0.188 0.073 0.005 0.017 0.038
178 G 0.085 0.027 0.042 0.037 0.012 0.022 0.032 0.403 0.015 0.021 0.031 0.038 0.011 0.017 0.021 0.095 0.042 0.005 0.012 0.028
179 L 0.044 0.023 0.016 0.017 0.015 0.017 0.021 0.024 0.013 0.139 0.214 0.026 0.07 0.135 0.014 0.027 0.034 0.009 0.039 0.104
180 G 0.068 0.023 0.028 0.026 0.015 0.018 0.025 0.192 0.011 0.116 0.089 0.031 0.023 0.028 0.018 0.047 0.076 0.005 0.016 0.144
181 F 0.039 0.018 0.015 0.017 0.013 0.012 0.018 0.022 0.013 0.175 0.138 0.021 0.03 0.222 0.012 0.025 0.032 0.011 0.053 0.113
182 H 0.059 0.049 0.044 0.036 0.011 0.035 0.048 0.041 0.14 0.033 0.048 0.085 0.016 0.041 0.023 0.082 0.077 0.01 0.083 0.039
183 R 0.044 0.361 0.038 0.03 0.008 0.047 0.051 0.032 0.023 0.023 0.045 0.117 0.015 0.017 0.019 0.044 0.034 0.006 0.017 0.03
184 F 0.033 0.019 0.016 0.016 0.01 0.01 0.019 0.025 0.016 0.062 0.111 0.019 0.025 0.402 0.01 0.025 0.025 0.016 0.087 0.054
185 A 0.168 0.035 0.042 0.04 0.018 0.029 0.045 0.065 0.016 0.037 0.05 0.048 0.017 0.021 0.029 0.162 0.1 0.005 0.017 0.054
186 G 0.097 0.034 0.048 0.043 0.015 0.028 0.042 0.217 0.017 0.025 0.036 0.046 0.013 0.019 0.025 0.176 0.063 0.005 0.015 0.035
187 V 0.065 0.021 0.016 0.017 0.018 0.016 0.022 0.023 0.008 0.182 0.133 0.025 0.032 0.036 0.016 0.031 0.047 0.005 0.02 0.268
188 F 0.033 0.019 0.016 0.016 0.01 0.01 0.019 0.025 0.016 0.062 0.111 0.019 0.025 0.402 0.01 0.025 0.025 0.016 0.087 0.054
189 W 0.03 0.022 0.015 0.015 0.007 0.015 0.022 0.03 0.015 0.03 0.052 0.022 0.015 0.059 0.007 0.022 0.022 0.505 0.067 0.03
190 E 0.054 0.048 0.04 0.088 0.007 0.063 0.314 0.034 0.025 0.022 0.036 0.074 0.013 0.016 0.025 0.054 0.036 0.005 0.016 0.031
191 P 0.055 0.025 0.023 0.03 0.01 0.02 0.035 0.035 0.013 0.025 0.035 0.04 0.01 0.013 0.506 0.043 0.035 0.003 0.013 0.03
192 G 0.076 0.022 0.038 0.033 0.011 0.018 0.025 0.522 0.013 0.018 0.028 0.033 0.009 0.016 0.018 0.05 0.029 0.005 0.011 0.024
193 T 0.071 0.035 0.042 0.037 0.017 0.027 0.038 0.042 0.013 0.052 0.064 0.044 0.019 0.023 0.027 0.09 0.265 0.006 0.017 0.069
194 L 0.041 0.023 0.016 0.016 0.014 0.016 0.021 0.023 0.013 0.093 0.265 0.024 0.063 0.168 0.013 0.026 0.031 0.01 0.044 0.08
195 G 0.115 0.024 0.036 0.032 0.012 0.02 0.027 0.448 0.013 0.022 0.033 0.035 0.01 0.017 0.02 0.056 0.032 0.005 0.012 0.031
196 L 0.043 0.024 0.014 0.015 0.016 0.016 0.02 0.021 0.01 0.113 0.391 0.025 0.048 0.053 0.014 0.024 0.033 0.007 0.022 0.094
197 Y 0.04 0.027 0.021 0.018 0.009 0.021 0.027 0.024 0.046 0.043 0.067 0.03 0.018 0.128 0.015 0.03 0.027 0.027 0.334 0.046
198 L 0.048 0.023 0.014 0.015 0.016 0.016 0.02 0.021 0.01 0.121 0.347 0.025 0.045 0.05 0.014 0.025 0.035 0.007 0.021 0.126
199 I 0.046 0.017 0.014 0.017 0.016 0.013 0.017 0.02 0.009 0.289 0.164 0.023 0.036 0.043 0.014 0.024 0.039 0.006 0.02 0.172
200 F 0.082 0.023 0.018 0.019 0.013 0.016 0.024 0.034 0.016 0.065 0.116 0.025 0.05 0.279 0.014 0.036 0.031 0.013 0.065 0.062
201 L 0.04 0.022 0.015 0.015 0.014 0.014 0.019 0.022 0.012 0.096 0.298 0.023 0.041 0.17 0.013 0.024 0.03 0.01 0.043 0.08
202 L 0.045 0.019 0.014 0.016 0.016 0.014 0.018 0.02 0.009 0.23 0.239 0.024 0.04 0.047 0.014 0.024 0.037 0.006 0.021 0.146
203 C 0.07 0.027 0.031 0.028 0.177 0.021 0.03 0.039 0.012 0.055 0.114 0.034 0.022 0.027 0.021 0.087 0.119 0.005 0.016 0.064
204 I 0.047 0.017 0.014 0.017 0.016 0.013 0.018 0.02 0.009 0.282 0.162 0.023 0.036 0.043 0.014 0.025 0.039 0.006 0.02 0.179
205 E 0.052 0.045 0.044 0.142 0.007 0.057 0.276 0.036 0.024 0.022 0.034 0.069 0.012 0.016 0.025 0.053 0.036 0.005 0.015 0.029
206 L 0.087 0.031 0.022 0.024 0.013 0.053 0.037 0.034 0.021 0.096 0.139 0.038 0.027 0.11 0.018 0.04 0.035 0.011 0.083 0.078
207 L 0.055 0.021 0.015 0.016 0.097 0.015 0.02 0.024 0.009 0.146 0.21 0.024 0.035 0.04 0.015 0.029 0.039 0.006 0.019 0.165
208 F 0.036 0.02 0.016 0.016 0.012 0.012 0.019 0.023 0.014 0.079 0.205 0.021 0.033 0.286 0.012 0.024 0.027 0.013 0.065 0.067
209 F 0.037 0.019 0.016 0.016 0.012 0.012 0.019 0.023 0.014 0.108 0.167 0.02 0.031 0.284 0.012 0.025 0.028 0.013 0.065 0.08
210 R 0.053 0.161 0.036 0.042 0.01 0.077 0.101 0.034 0.021 0.047 0.057 0.12 0.018 0.019 0.021 0.047 0.039 0.005 0.018 0.074
211 V 0.051 0.044 0.031 0.036 0.011 0.034 0.084 0.03 0.08 0.094 0.079 0.082 0.021 0.044 0.019 0.039 0.036 0.009 0.077 0.098
212 K 0.053 0.069 0.034 0.047 0.01 0.045 0.116 0.035 0.019 0.09 0.072 0.169 0.02 0.023 0.024 0.046 0.038 0.005 0.018 0.067
213 R 0.046 0.137 0.115 0.048 0.008 0.043 0.056 0.044 0.11 0.024 0.039 0.126 0.014 0.02 0.021 0.052 0.037 0.006 0.027 0.028
214 E 0.066 0.045 0.042 0.073 0.011 0.052 0.224 0.041 0.022 0.028 0.041 0.065 0.014 0.018 0.026 0.091 0.081 0.005 0.017 0.039
215 R 0.048 0.163 0.031 0.029 0.011 0.038 0.047 0.032 0.018 0.054 0.159 0.146 0.026 0.028 0.02 0.04 0.035 0.006 0.019 0.052
216 L 0.043 0.135 0.025 0.021 0.011 0.028 0.033 0.026 0.026 0.06 0.166 0.058 0.028 0.067 0.016 0.033 0.032 0.013 0.122 0.057
217 G 0.05 0.031 0.025 0.024 0.011 0.052 0.036 0.111 0.021 0.056 0.072 0.036 0.02 0.109 0.015 0.036 0.032 0.094 0.09 0.079
218 S 0.075 0.037 0.093 0.046 0.014 0.03 0.045 0.053 0.078 0.07 0.059 0.046 0.018 0.025 0.023 0.142 0.059 0.005 0.024 0.057
219 K 0.097 0.109 0.033 0.032 0.013 0.036 0.047 0.043 0.017 0.077 0.069 0.137 0.02 0.022 0.024 0.058 0.077 0.005 0.018 0.067
220 L 0.087 0.078 0.02 0.021 0.014 0.021 0.027 0.032 0.013 0.136 0.156 0.042 0.03 0.097 0.017 0.037 0.036 0.008 0.03 0.098
221 R 0.044 0.361 0.038 0.03 0.008 0.047 0.051 0.032 0.023 0.023 0.045 0.117 0.015 0.017 0.019 0.044 0.034 0.006 0.017 0.03
222 I 0.051 0.019 0.018 0.019 0.015 0.014 0.019 0.104 0.01 0.214 0.179 0.025 0.034 0.04 0.015 0.029 0.036 0.006 0.019 0.135
223 F 0.1 0.027 0.024 0.024 0.016 0.02 0.03 0.04 0.015 0.076 0.107 0.032 0.049 0.155 0.018 0.073 0.044 0.009 0.042 0.099
224 V 0.057 0.019 0.015 0.017 0.017 0.015 0.02 0.022 0.008 0.225 0.145 0.024 0.033 0.039 0.015 0.028 0.044 0.006 0.02 0.23
225 F 0.035 0.021 0.018 0.017 0.01 0.014 0.021 0.025 0.026 0.055 0.097 0.023 0.023 0.31 0.012 0.027 0.026 0.02 0.169 0.051
226 L 0.047 0.02 0.015 0.016 0.015 0.014 0.019 0.022 0.01 0.171 0.225 0.023 0.037 0.105 0.014 0.026 0.036 0.008 0.032 0.145
227 I 0.047 0.019 0.015 0.017 0.015 0.014 0.019 0.022 0.01 0.2 0.187 0.023 0.035 0.103 0.014 0.026 0.037 0.008 0.031 0.159
228 S 0.174 0.036 0.044 0.041 0.018 0.03 0.047 0.069 0.017 0.033 0.047 0.05 0.016 0.021 0.029 0.187 0.07 0.005 0.017 0.05
229 G 0.076 0.022 0.038 0.033 0.011 0.018 0.025 0.522 0.013 0.018 0.028 0.033 0.009 0.016 0.018 0.05 0.029 0.005 0.011 0.024
230 L 0.048 0.022 0.016 0.017 0.015 0.016 0.02 0.023 0.011 0.168 0.191 0.025 0.059 0.104 0.014 0.027 0.037 0.008 0.032 0.145
231 L 0.066 0.024 0.018 0.018 0.015 0.017 0.023 0.028 0.012 0.093 0.289 0.027 0.039 0.106 0.016 0.034 0.052 0.008 0.032 0.083
232 S 0.107 0.039 0.053 0.048 0.017 0.032 0.051 0.065 0.019 0.029 0.041 0.053 0.015 0.02 0.029 0.239 0.08 0.005 0.017 0.041
233 L 0.038 0.021 0.015 0.016 0.013 0.013 0.019 0.023 0.013 0.087 0.251 0.022 0.037 0.228 0.012 0.024 0.029 0.012 0.054 0.074
234 S 0.107 0.039 0.053 0.048 0.017 0.032 0.051 0.065 0.019 0.029 0.041 0.053 0.015 0.02 0.029 0.239 0.08 0.005 0.017 0.041
235 L 0.18 0.027 0.02 0.022 0.019 0.02 0.03 0.049 0.012 0.085 0.18 0.034 0.03 0.034 0.022 0.055 0.043 0.006 0.019 0.113
236 L 0.043 0.024 0.014 0.015 0.016 0.016 0.02 0.021 0.01 0.113 0.391 0.025 0.048 0.053 0.014 0.024 0.033 0.007 0.022 0.094
237 F 0.033 0.019 0.016 0.016 0.01 0.01 0.019 0.025 0.016 0.062 0.111 0.019 0.025 0.402 0.01 0.025 0.025 0.016 0.087 0.054
238 Y 0.041 0.023 0.018 0.018 0.012 0.017 0.023 0.023 0.028 0.128 0.107 0.026 0.025 0.145 0.014 0.027 0.031 0.018 0.188 0.089
239 L 0.056 0.021 0.015 0.017 0.017 0.015 0.021 0.022 0.009 0.166 0.221 0.025 0.038 0.042 0.015 0.028 0.041 0.006 0.021 0.203
240 L 0.057 0.029 0.023 0.022 0.016 0.023 0.028 0.031 0.013 0.113 0.23 0.033 0.093 0.044 0.017 0.064 0.044 0.007 0.021 0.092
241 L 0.092 0.023 0.016 0.018 0.017 0.017 0.023 0.03 0.01 0.138 0.254 0.028 0.038 0.043 0.017 0.035 0.039 0.006 0.02 0.135
242 F 0.048 0.021 0.017 0.019 0.013 0.014 0.023 0.026 0.013 0.089 0.104 0.024 0.024 0.215 0.095 0.03 0.034 0.01 0.052 0.127
243 V 0.055 0.022 0.017 0.019 0.015 0.016 0.023 0.025 0.011 0.121 0.155 0.027 0.03 0.096 0.096 0.031 0.039 0.007 0.03 0.167
244 L 0.091 0.025 0.017 0.018 0.016 0.018 0.025 0.031 0.016 0.097 0.237 0.029 0.035 0.057 0.017 0.036 0.037 0.01 0.073 0.113
245 V 0.062 0.025 0.022 0.022 0.016 0.019 0.027 0.03 0.016 0.132 0.153 0.03 0.03 0.052 0.017 0.064 0.046 0.009 0.072 0.154
246 L 0.049 0.02 0.016 0.017 0.015 0.014 0.02 0.023 0.011 0.141 0.172 0.023 0.033 0.162 0.014 0.027 0.036 0.009 0.043 0.158
247 L 0.041 0.019 0.015 0.017 0.014 0.013 0.018 0.022 0.011 0.184 0.184 0.022 0.034 0.164 0.013 0.024 0.033 0.01 0.043 0.12
248 W 0.056 0.031 0.033 0.029 0.012 0.024 0.035 0.036 0.079 0.077 0.071 0.036 0.02 0.051 0.019 0.075 0.077 0.093 0.085 0.063
249 L 0.044 0.022 0.015 0.016 0.014 0.014 0.02 0.023 0.012 0.104 0.254 0.023 0.038 0.166 0.013 0.025 0.033 0.01 0.043 0.113
250 I 0.046 0.027 0.121 0.038 0.013 0.02 0.029 0.036 0.017 0.141 0.105 0.033 0.025 0.093 0.016 0.04 0.041 0.007 0.03 0.123
251 W 0.049 0.029 0.075 0.032 0.011 0.022 0.031 0.039 0.022 0.074 0.068 0.034 0.018 0.054 0.016 0.068 0.04 0.175 0.087 0.057
252 C 0.05 0.048 0.078 0.037 0.091 0.061 0.047 0.038 0.02 0.046 0.081 0.085 0.045 0.086 0.019 0.046 0.038 0.007 0.029 0.049
253 K 0.056 0.104 0.04 0.04 0.008 0.052 0.069 0.042 0.02 0.027 0.042 0.296 0.015 0.015 0.027 0.052 0.039 0.005 0.017 0.032
254 K 0.054 0.125 0.089 0.045 0.01 0.044 0.057 0.044 0.021 0.03 0.044 0.184 0.015 0.017 0.024 0.06 0.077 0.005 0.017 0.037
255 D 0.043 0.027 0.041 0.208 0.012 0.023 0.056 0.034 0.014 0.069 0.203 0.035 0.029 0.035 0.018 0.038 0.034 0.005 0.017 0.06
256 R 0.061 0.164 0.038 0.033 0.012 0.035 0.044 0.039 0.025 0.034 0.052 0.073 0.017 0.041 0.022 0.089 0.088 0.01 0.08 0.043
257 F 0.039 0.042 0.126 0.042 0.009 0.026 0.037 0.041 0.022 0.037 0.063 0.077 0.017 0.152 0.016 0.043 0.034 0.092 0.048 0.037
258 V 0.057 0.079 0.024 0.023 0.016 0.022 0.028 0.027 0.012 0.162 0.115 0.043 0.028 0.033 0.018 0.041 0.079 0.006 0.019 0.17
259 L 0.044 0.024 0.014 0.015 0.016 0.016 0.02 0.021 0.01 0.115 0.378 0.025 0.049 0.054 0.014 0.024 0.033 0.007 0.022 0.096
260 L 0.046 0.021 0.014 0.016 0.016 0.015 0.019 0.021 0.009 0.194 0.273 0.024 0.043 0.049 0.014 0.025 0.036 0.006 0.021 0.136
261 A 0.211 0.029 0.022 0.025 0.02 0.022 0.034 0.059 0.013 0.067 0.166 0.038 0.028 0.032 0.024 0.064 0.044 0.006 0.019 0.077
262 F 0.039 0.024 0.018 0.017 0.012 0.016 0.022 0.024 0.024 0.074 0.187 0.025 0.031 0.192 0.013 0.027 0.029 0.017 0.144 0.066
263 S 0.088 0.143 0.049 0.043 0.014 0.038 0.052 0.055 0.02 0.027 0.043 0.076 0.016 0.02 0.026 0.164 0.066 0.005 0.017 0.038
264 L 0.045 0.02 0.014 0.016 0.016 0.014 0.018 0.02 0.009 0.201 0.277 0.024 0.042 0.048 0.014 0.024 0.036 0.006 0.021 0.133
265 L 0.045 0.02 0.014 0.016 0.016 0.014 0.018 0.02 0.009 0.201 0.277 0.024 0.042 0.048 0.014 0.024 0.036 0.006 0.021 0.133
266 L 0.092 0.022 0.016 0.018 0.017 0.016 0.023 0.03 0.01 0.168 0.216 0.027 0.036 0.041 0.017 0.035 0.04 0.006 0.02 0.148
267 C 0.102 0.022 0.022 0.022 0.257 0.017 0.024 0.039 0.01 0.086 0.079 0.028 0.02 0.024 0.02 0.053 0.077 0.005 0.015 0.079
268 L 0.057 0.023 0.021 0.022 0.016 0.017 0.024 0.029 0.012 0.157 0.166 0.028 0.032 0.099 0.016 0.061 0.044 0.008 0.031 0.137
269 L 0.045 0.024 0.014 0.015 0.016 0.016 0.02 0.021 0.01 0.115 0.375 0.025 0.05 0.055 0.014 0.024 0.033 0.007 0.022 0.096
270 C 0.065 0.022 0.021 0.021 0.177 0.017 0.024 0.032 0.01 0.113 0.142 0.028 0.027 0.032 0.018 0.066 0.045 0.005 0.017 0.117
271 V 0.105 0.027 0.026 0.026 0.018 0.021 0.03 0.038 0.011 0.126 0.101 0.034 0.026 0.03 0.022 0.059 0.119 0.006 0.019 0.159
272 V 0.07 0.022 0.016 0.018 0.019 0.016 0.023 0.025 0.008 0.165 0.13 0.026 0.032 0.036 0.016 0.033 0.049 0.006 0.021 0.269
273 I 0.047 0.018 0.015 0.018 0.016 0.013 0.018 0.021 0.009 0.271 0.168 0.024 0.037 0.044 0.015 0.025 0.04 0.006 0.021 0.177
274 L 0.054 0.026 0.022 0.022 0.015 0.019 0.026 0.03 0.013 0.117 0.215 0.03 0.059 0.103 0.016 0.062 0.041 0.008 0.032 0.091
275 I 0.088 0.02 0.017 0.019 0.016 0.015 0.022 0.031 0.011 0.199 0.139 0.026 0.039 0.099 0.016 0.035 0.038 0.008 0.031 0.13
276 L 0.087 0.022 0.017 0.018 0.095 0.015 0.022 0.033 0.013 0.072 0.188 0.025 0.03 0.159 0.016 0.037 0.033 0.009 0.041 0.07
277 L 0.047 0.02 0.015 0.016 0.015 0.014 0.019 0.022 0.01 0.171 0.225 0.023 0.037 0.105 0.014 0.026 0.036 0.008 0.032 0.145
278 L 0.047 0.022 0.017 0.017 0.014 0.017 0.022 0.022 0.021 0.156 0.163 0.026 0.031 0.072 0.015 0.028 0.036 0.013 0.125 0.136
279 F 0.04 0.027 0.07 0.028 0.012 0.02 0.027 0.031 0.022 0.066 0.151 0.03 0.051 0.175 0.014 0.034 0.033 0.013 0.095 0.061
280 Y 0.037 0.024 0.02 0.018 0.009 0.018 0.024 0.024 0.036 0.049 0.082 0.026 0.02 0.219 0.014 0.029 0.026 0.024 0.252 0.048
281 D 0.041 0.034 0.156 0.302 0.008 0.03 0.076 0.052 0.022 0.022 0.028 0.047 0.01 0.016 0.021 0.057 0.039 0.004 0.012 0.025
282 L 0.049 0.053 0.029 0.03 0.011 0.095 0.056 0.031 0.024 0.087 0.126 0.092 0.026 0.045 0.019 0.04 0.036 0.009 0.072 0.069
283 L 0.046 0.022 0.015 0.016 0.015 0.015 0.02 0.022 0.011 0.112 0.3 0.024 0.042 0.108 0.014 0.025 0.034 0.008 0.032 0.119
284 Y 0.04 0.03 0.073 0.029 0.009 0.023 0.031 0.031 0.043 0.039 0.061 0.034 0.017 0.109 0.016 0.037 0.031 0.023 0.281 0.042
285 E 0.05 0.052 0.094 0.127 0.008 0.109 0.161 0.043 0.026 0.023 0.037 0.07 0.014 0.016 0.023 0.056 0.039 0.005 0.016 0.03
286 L 0.087 0.025 0.016 0.017 0.017 0.017 0.023 0.03 0.011 0.101 0.335 0.028 0.043 0.048 0.016 0.034 0.035 0.007 0.021 0.089
287 I 0.048 0.018 0.015 0.017 0.015 0.013 0.018 0.022 0.01 0.23 0.149 0.023 0.033 0.102 0.014 0.026 0.038 0.007 0.031 0.172
288 L 0.042 0.023 0.014 0.015 0.015 0.015 0.02 0.021 0.011 0.104 0.344 0.024 0.044 0.111 0.013 0.024 0.031 0.009 0.033 0.087
289 Y 0.04 0.027 0.021 0.018 0.009 0.021 0.027 0.024 0.046 0.043 0.067 0.03 0.018 0.128 0.015 0.03 0.027 0.027 0.334 0.046
290 R 0.044 0.361 0.038 0.03 0.008 0.047 0.051 0.032 0.023 0.023 0.045 0.117 0.015 0.017 0.019 0.044 0.034 0.006 0.017 0.03
291 L 0.04 0.022 0.015 0.015 0.014 0.014 0.019 0.022 0.012 0.096 0.298 0.023 0.041 0.17 0.013 0.024 0.03 0.01 0.043 0.08
292 D 0.098 0.037 0.051 0.171 0.011 0.036 0.106 0.051 0.078 0.026 0.038 0.05 0.013 0.019 0.024 0.086 0.043 0.005 0.021 0.035
293 Y 0.037 0.024 0.02 0.018 0.009 0.018 0.024 0.024 0.036 0.049 0.082 0.026 0.02 0.219 0.014 0.029 0.026 0.024 0.252 0.048
294 D 0.04 0.029 0.067 0.412 0.007 0.029 0.089 0.045 0.018 0.022 0.027 0.044 0.009 0.015 0.022 0.051 0.035 0.004 0.011 0.024
295 P 0.067 0.029 0.031 0.034 0.012 0.023 0.038 0.041 0.014 0.03 0.041 0.043 0.012 0.016 0.347 0.083 0.081 0.003 0.014 0.039
296 D 0.061 0.042 0.092 0.115 0.011 0.068 0.104 0.045 0.022 0.047 0.051 0.056 0.016 0.02 0.022 0.083 0.048 0.005 0.017 0.074
297 R 0.044 0.361 0.038 0.03 0.008 0.047 0.051 0.032 0.023 0.023 0.045 0.117 0.015 0.017 0.019 0.044 0.034 0.006 0.017 0.03
298 G 0.076 0.022 0.038 0.033 0.011 0.018 0.025 0.522 0.013 0.018 0.028 0.033 0.009 0.016 0.018 0.05 0.029 0.005 0.011 0.024
299 F 0.033 0.019 0.016 0.016 0.01 0.01 0.019 0.025 0.016 0.062 0.111 0.019 0.025 0.402 0.01 0.025 0.025 0.016 0.087 0.054
300 V 0.068 0.021 0.016 0.017 0.019 0.016 0.023 0.024 0.008 0.161 0.127 0.025 0.031 0.035 0.016 0.032 0.048 0.005 0.02 0.287
301 G 0.076 0.022 0.038 0.033 0.011 0.018 0.025 0.522 0.013 0.018 0.028 0.033 0.009 0.016 0.018 0.05 0.029 0.005 0.011 0.024
302 N 0.042 0.044 0.334 0.081 0.009 0.033 0.048 0.064 0.031 0.022 0.031 0.053 0.011 0.018 0.02 0.068 0.048 0.004 0.015 0.026
303 N 0.056 0.039 0.188 0.059 0.013 0.03 0.043 0.053 0.022 0.037 0.047 0.048 0.015 0.02 0.023 0.079 0.157 0.005 0.016 0.048
304 R 0.044 0.361 0.038 0.03 0.008 0.047 0.051 0.032 0.023 0.023 0.045 0.117 0.015 0.017 0.019 0.044 0.034 0.006 0.017 0.03
305 S 0.141 0.038 0.048 0.045 0.018 0.031 0.049 0.067 0.018 0.031 0.044 0.051 0.016 0.021 0.029 0.213 0.075 0.005 0.017 0.045
306 G 0.081 0.027 0.041 0.036 0.013 0.022 0.032 0.366 0.014 0.026 0.036 0.038 0.012 0.018 0.022 0.088 0.077 0.005 0.013 0.034
307 A 0.185 0.027 0.025 0.026 0.019 0.022 0.033 0.053 0.012 0.105 0.088 0.037 0.023 0.027 0.024 0.066 0.083 0.005 0.018 0.122
308 F 0.041 0.022 0.017 0.016 0.012 0.015 0.021 0.025 0.019 0.078 0.143 0.023 0.027 0.18 0.012 0.026 0.03 0.096 0.103 0.094
309 S 0.084 0.034 0.049 0.103 0.014 0.028 0.052 0.055 0.018 0.033 0.05 0.046 0.016 0.083 0.025 0.172 0.063 0.007 0.028 0.04
310 F 0.041 0.029 0.081 0.105 0.01 0.026 0.084 0.035 0.019 0.08 0.08 0.038 0.02 0.149 0.017 0.041 0.035 0.009 0.039 0.06
311 F 0.038 0.024 0.019 0.018 0.011 0.017 0.023 0.025 0.026 0.061 0.11 0.025 0.049 0.251 0.013 0.028 0.028 0.019 0.159 0.057
312 L 0.052 0.025 0.021 0.021 0.015 0.018 0.025 0.029 0.012 0.114 0.238 0.029 0.035 0.047 0.015 0.059 0.04 0.089 0.028 0.087
313 N 0.05 0.045 0.143 0.124 0.01 0.07 0.106 0.048 0.025 0.028 0.039 0.059 0.014 0.017 0.023 0.064 0.079 0.005 0.016 0.035
314 S 0.123 0.049 0.045 0.044 0.015 0.098 0.066 0.058 0.021 0.03 0.045 0.063 0.017 0.018 0.027 0.151 0.062 0.005 0.018 0.043
315 F 0.044 0.021 0.017 0.017 0.014 0.015 0.021 0.024 0.014 0.122 0.136 0.023 0.054 0.222 0.013 0.028 0.033 0.011 0.054 0.118
316 S 0.069 0.047 0.043 0.038 0.013 0.032 0.047 0.046 0.076 0.037 0.056 0.085 0.017 0.085 0.023 0.114 0.086 0.007 0.035 0.043
317 N 0.055 0.048 0.238 0.07 0.01 0.066 0.057 0.06 0.028 0.024 0.035 0.059 0.013 0.017 0.022 0.094 0.052 0.005 0.016 0.03
318 G 0.07 0.025 0.035 0.03 0.013 0.019 0.026 0.359 0.013 0.04 0.094 0.033 0.017 0.023 0.019 0.052 0.069 0.006 0.014 0.043
319 G 0.063 0.031 0.048 0.13 0.01 0.027 0.052 0.165 0.075 0.023 0.033 0.042 0.011 0.018 0.102 0.079 0.039 0.005 0.02 0.027
320 L 0.037 0.021 0.015 0.016 0.012 0.014 0.02 0.024 0.012 0.106 0.193 0.023 0.031 0.112 0.011 0.023 0.029 0.174 0.047 0.079
