#Seq2Logo.py -f /work3/idamei/ssn-clusterings/2206011120/clusters/0008_204/sequences.afa -m 0.0001 -b 50 -o /work3/idamei/ssn-clusterings/2206011120/clusters/0008_204/sequences.logo -p 640x1000 -l 30
#Position Specific Frequency Matrix
A R N D C Q E G H I L K M F P S T W Y V
0 M 0.048 0.03 0.019 0.019 0.015 0.026 0.026 0.026 0.015 0.093 0.182 0.033 0.223 0.045 0.015 0.033 0.037 0.007 0.022 0.086
1 Y 0.037 0.025 0.02 0.017 0.009 0.019 0.025 0.023 0.04 0.042 0.068 0.028 0.018 0.152 0.014 0.028 0.026 0.025 0.34 0.044
2 W 0.028 0.021 0.014 0.014 0.007 0.014 0.021 0.028 0.014 0.028 0.05 0.021 0.014 0.057 0.007 0.021 0.021 0.526 0.064 0.028
3 I 0.041 0.017 0.014 0.016 0.014 0.012 0.017 0.02 0.01 0.261 0.146 0.021 0.032 0.127 0.013 0.023 0.034 0.008 0.033 0.14
4 Y 0.045 0.028 0.025 0.021 0.01 0.022 0.029 0.027 0.037 0.043 0.063 0.032 0.018 0.1 0.017 0.042 0.086 0.022 0.286 0.049
5 S 0.089 0.03 0.039 0.036 0.183 0.024 0.038 0.051 0.014 0.032 0.046 0.04 0.015 0.019 0.024 0.193 0.062 0.005 0.015 0.044
6 L 0.105 0.023 0.016 0.018 0.015 0.016 0.023 0.033 0.012 0.082 0.267 0.026 0.035 0.128 0.016 0.036 0.033 0.008 0.034 0.076
7 G 0.085 0.024 0.026 0.025 0.014 0.018 0.026 0.147 0.013 0.057 0.142 0.03 0.023 0.117 0.018 0.049 0.089 0.008 0.031 0.058
8 L 0.041 0.021 0.014 0.015 0.015 0.014 0.018 0.02 0.01 0.149 0.324 0.023 0.041 0.091 0.013 0.023 0.032 0.007 0.027 0.102
9 L 0.041 0.023 0.015 0.016 0.014 0.016 0.02 0.022 0.012 0.094 0.296 0.025 0.079 0.133 0.013 0.025 0.031 0.009 0.035 0.081
10 L 0.039 0.02 0.014 0.015 0.013 0.013 0.018 0.021 0.011 0.139 0.255 0.021 0.036 0.174 0.012 0.023 0.03 0.009 0.041 0.094
11 P 0.051 0.025 0.02 0.022 0.013 0.021 0.026 0.084 0.013 0.12 0.127 0.032 0.107 0.034 0.129 0.035 0.036 0.006 0.018 0.084
12 L 0.054 0.025 0.023 0.022 0.015 0.018 0.025 0.028 0.012 0.088 0.164 0.029 0.028 0.121 0.017 0.046 0.121 0.008 0.033 0.124
13 S 0.087 0.033 0.043 0.039 0.015 0.026 0.042 0.053 0.017 0.035 0.054 0.043 0.017 0.11 0.024 0.216 0.065 0.007 0.031 0.042
14 L 0.039 0.022 0.014 0.015 0.014 0.014 0.019 0.021 0.011 0.097 0.348 0.022 0.041 0.135 0.013 0.023 0.03 0.009 0.035 0.081
15 L 0.04 0.02 0.014 0.015 0.014 0.013 0.018 0.021 0.011 0.144 0.29 0.022 0.039 0.132 0.013 0.023 0.031 0.008 0.034 0.098
16 E 0.046 0.041 0.116 0.161 0.007 0.047 0.22 0.041 0.024 0.021 0.031 0.06 0.011 0.015 0.022 0.054 0.037 0.005 0.014 0.027
17 K 0.049 0.184 0.038 0.046 0.008 0.051 0.122 0.035 0.021 0.023 0.04 0.198 0.014 0.015 0.023 0.048 0.035 0.005 0.016 0.03
18 F 0.034 0.019 0.017 0.017 0.011 0.011 0.019 0.025 0.017 0.063 0.114 0.019 0.025 0.387 0.011 0.025 0.025 0.017 0.089 0.055
19 S 0.11 0.04 0.054 0.049 0.018 0.033 0.052 0.066 0.019 0.03 0.042 0.054 0.016 0.021 0.03 0.22 0.082 0.005 0.018 0.042
20 N 0.043 0.045 0.317 0.083 0.009 0.034 0.049 0.065 0.032 0.022 0.032 0.054 0.011 0.018 0.02 0.07 0.049 0.004 0.016 0.027
21 G 0.066 0.022 0.031 0.028 0.011 0.017 0.023 0.426 0.012 0.038 0.113 0.03 0.017 0.023 0.017 0.042 0.029 0.005 0.012 0.038
22 R 0.054 0.193 0.11 0.042 0.01 0.036 0.046 0.044 0.025 0.025 0.042 0.076 0.014 0.029 0.02 0.096 0.045 0.007 0.054 0.032
23 Y 0.04 0.035 0.024 0.023 0.009 0.074 0.041 0.027 0.037 0.039 0.064 0.04 0.019 0.132 0.016 0.034 0.029 0.02 0.255 0.042
24 S 0.081 0.065 0.045 0.043 0.013 0.039 0.057 0.052 0.019 0.027 0.04 0.173 0.015 0.017 0.027 0.173 0.059 0.005 0.016 0.035
25 K 0.092 0.062 0.036 0.035 0.013 0.036 0.049 0.044 0.016 0.042 0.088 0.167 0.019 0.021 0.025 0.083 0.099 0.005 0.017 0.05
26 V 0.053 0.02 0.014 0.016 0.016 0.014 0.019 0.021 0.008 0.199 0.199 0.023 0.035 0.04 0.014 0.027 0.04 0.006 0.02 0.216
27 I 0.146 0.022 0.018 0.02 0.017 0.017 0.025 0.038 0.01 0.189 0.115 0.029 0.027 0.033 0.019 0.044 0.042 0.005 0.018 0.165
28 Y 0.039 0.107 0.024 0.02 0.008 0.026 0.031 0.025 0.039 0.037 0.059 0.048 0.017 0.099 0.015 0.032 0.028 0.022 0.286 0.04
29 K 0.051 0.083 0.033 0.033 0.01 0.042 0.056 0.036 0.017 0.044 0.124 0.258 0.022 0.023 0.023 0.044 0.036 0.005 0.017 0.044
30 L 0.11 0.024 0.018 0.02 0.015 0.018 0.026 0.035 0.011 0.074 0.251 0.031 0.032 0.036 0.131 0.039 0.035 0.005 0.018 0.071
31 S 0.094 0.034 0.043 0.039 0.017 0.028 0.043 0.053 0.016 0.056 0.058 0.045 0.018 0.023 0.025 0.218 0.07 0.005 0.017 0.101
32 L 0.039 0.022 0.014 0.015 0.014 0.014 0.019 0.021 0.011 0.097 0.348 0.022 0.041 0.135 0.013 0.023 0.03 0.009 0.035 0.081
33 F 0.034 0.019 0.015 0.015 0.011 0.011 0.018 0.023 0.014 0.07 0.176 0.019 0.029 0.343 0.011 0.024 0.025 0.014 0.069 0.06
34 I 0.051 0.019 0.014 0.016 0.016 0.014 0.019 0.021 0.008 0.217 0.203 0.023 0.035 0.041 0.014 0.026 0.039 0.006 0.02 0.199
35 F 0.035 0.018 0.015 0.016 0.012 0.011 0.018 0.022 0.013 0.122 0.152 0.019 0.029 0.3 0.011 0.024 0.028 0.012 0.062 0.081
36 F 0.032 0.018 0.016 0.016 0.01 0.01 0.018 0.024 0.016 0.059 0.107 0.018 0.024 0.427 0.01 0.024 0.024 0.016 0.083 0.051
37 I 0.044 0.017 0.014 0.017 0.015 0.012 0.017 0.019 0.008 0.319 0.157 0.022 0.034 0.041 0.014 0.023 0.037 0.006 0.019 0.165
38 F 0.11 0.021 0.017 0.019 0.015 0.015 0.023 0.034 0.012 0.134 0.11 0.025 0.026 0.163 0.016 0.038 0.037 0.009 0.04 0.139
39 V 0.122 0.024 0.023 0.023 0.018 0.019 0.028 0.037 0.01 0.142 0.101 0.032 0.025 0.03 0.02 0.052 0.1 0.005 0.018 0.171
40 T 0.076 0.034 0.043 0.037 0.017 0.027 0.04 0.045 0.014 0.045 0.056 0.044 0.018 0.022 0.026 0.128 0.247 0.005 0.017 0.06
41 G 0.073 0.021 0.037 0.031 0.01 0.018 0.024 0.542 0.013 0.018 0.026 0.031 0.009 0.015 0.018 0.048 0.028 0.005 0.01 0.023
42 N 0.068 0.04 0.223 0.063 0.012 0.031 0.047 0.061 0.024 0.024 0.034 0.05 0.012 0.018 0.023 0.157 0.06 0.004 0.015 0.031
43 Y 0.038 0.026 0.02 0.017 0.009 0.02 0.026 0.023 0.044 0.041 0.064 0.029 0.017 0.122 0.015 0.029 0.026 0.026 0.362 0.044
44 Y 0.038 0.026 0.02 0.017 0.009 0.02 0.026 0.023 0.044 0.041 0.064 0.029 0.017 0.122 0.015 0.029 0.026 0.026 0.362 0.044
45 N 0.04 0.042 0.362 0.078 0.008 0.031 0.046 0.061 0.029 0.021 0.029 0.05 0.01 0.017 0.019 0.065 0.046 0.004 0.015 0.025
46 G 0.073 0.021 0.037 0.031 0.01 0.018 0.024 0.542 0.013 0.018 0.026 0.031 0.009 0.015 0.018 0.048 0.028 0.005 0.01 0.023
47 I 0.054 0.018 0.014 0.017 0.016 0.014 0.019 0.021 0.008 0.245 0.141 0.023 0.032 0.038 0.014 0.027 0.041 0.005 0.019 0.233
48 D 0.038 0.028 0.064 0.437 0.007 0.028 0.085 0.044 0.017 0.021 0.026 0.042 0.009 0.014 0.021 0.049 0.033 0.003 0.01 0.023
49 W 0.028 0.021 0.014 0.014 0.007 0.014 0.021 0.028 0.014 0.028 0.05 0.021 0.014 0.057 0.007 0.021 0.021 0.526 0.064 0.028
50 I 0.044 0.017 0.014 0.017 0.015 0.012 0.017 0.019 0.008 0.319 0.157 0.022 0.034 0.041 0.014 0.023 0.037 0.006 0.019 0.165
51 N 0.04 0.042 0.362 0.078 0.008 0.031 0.046 0.061 0.029 0.021 0.029 0.05 0.01 0.017 0.019 0.065 0.046 0.004 0.015 0.025
52 Y 0.038 0.026 0.02 0.017 0.009 0.02 0.026 0.023 0.044 0.041 0.064 0.029 0.017 0.122 0.015 0.029 0.026 0.026 0.362 0.044
53 Q 0.053 0.046 0.029 0.032 0.012 0.154 0.062 0.031 0.019 0.119 0.086 0.058 0.025 0.024 0.019 0.041 0.04 0.005 0.019 0.125
54 Y 0.045 0.061 0.032 0.029 0.008 0.035 0.047 0.032 0.072 0.032 0.05 0.162 0.016 0.064 0.02 0.04 0.031 0.015 0.174 0.035
55 H 0.039 0.039 0.043 0.032 0.007 0.032 0.045 0.033 0.319 0.026 0.042 0.04 0.015 0.049 0.017 0.037 0.025 0.011 0.122 0.026
56 Y 0.038 0.026 0.02 0.017 0.009 0.02 0.026 0.023 0.044 0.041 0.064 0.029 0.017 0.122 0.015 0.029 0.026 0.026 0.362 0.044
57 E 0.059 0.049 0.106 0.07 0.009 0.047 0.2 0.045 0.023 0.022 0.035 0.088 0.012 0.016 0.024 0.099 0.045 0.005 0.015 0.03
58 F 0.053 0.067 0.03 0.037 0.011 0.03 0.095 0.033 0.023 0.042 0.095 0.047 0.019 0.124 0.018 0.083 0.038 0.011 0.1 0.044
59 I 0.043 0.017 0.014 0.016 0.015 0.013 0.017 0.019 0.008 0.303 0.182 0.022 0.035 0.042 0.014 0.023 0.036 0.006 0.019 0.156
60 V 0.068 0.025 0.027 0.025 0.014 0.02 0.028 0.135 0.018 0.078 0.074 0.032 0.02 0.044 0.018 0.083 0.044 0.009 0.087 0.15
61 N 0.041 0.044 0.239 0.061 0.008 0.057 0.052 0.051 0.141 0.021 0.032 0.051 0.012 0.02 0.019 0.056 0.039 0.005 0.027 0.025
62 N 0.059 0.037 0.238 0.061 0.01 0.028 0.042 0.158 0.024 0.022 0.03 0.046 0.011 0.017 0.02 0.104 0.048 0.004 0.014 0.027
63 G 0.078 0.026 0.038 0.034 0.012 0.021 0.031 0.348 0.014 0.029 0.07 0.036 0.014 0.02 0.02 0.114 0.042 0.005 0.013 0.034
64 L 0.045 0.024 0.014 0.015 0.016 0.016 0.02 0.021 0.01 0.115 0.375 0.025 0.05 0.055 0.014 0.024 0.033 0.007 0.022 0.096
65 G 0.05 0.023 0.025 0.023 0.012 0.017 0.024 0.13 0.018 0.098 0.082 0.028 0.02 0.126 0.016 0.042 0.083 0.012 0.099 0.069
66 S 0.092 0.034 0.044 0.042 0.015 0.028 0.046 0.056 0.017 0.027 0.038 0.048 0.014 0.018 0.128 0.23 0.067 0.004 0.015 0.037
67 T 0.13 0.03 0.035 0.033 0.017 0.024 0.037 0.049 0.013 0.079 0.068 0.04 0.019 0.024 0.024 0.13 0.131 0.005 0.017 0.093
68 E 0.051 0.033 0.038 0.131 0.009 0.036 0.165 0.135 0.017 0.037 0.108 0.047 0.017 0.022 0.02 0.044 0.032 0.005 0.014 0.038
69 Y 0.05 0.027 0.026 0.023 0.01 0.021 0.03 0.031 0.035 0.04 0.063 0.032 0.017 0.132 0.017 0.078 0.036 0.021 0.269 0.043
70 F 0.032 0.018 0.015 0.015 0.01 0.01 0.018 0.023 0.015 0.064 0.137 0.018 0.026 0.394 0.01 0.023 0.024 0.015 0.076 0.055
71 A 0.17 0.026 0.025 0.027 0.016 0.021 0.032 0.048 0.012 0.096 0.072 0.037 0.019 0.023 0.125 0.061 0.093 0.005 0.016 0.077
72 Y 0.038 0.026 0.02 0.017 0.009 0.02 0.026 0.023 0.043 0.04 0.063 0.029 0.017 0.121 0.014 0.029 0.026 0.026 0.368 0.043
73 E 0.051 0.046 0.038 0.084 0.007 0.06 0.349 0.032 0.024 0.02 0.034 0.07 0.012 0.015 0.024 0.051 0.034 0.005 0.015 0.029
74 P 0.053 0.024 0.022 0.029 0.01 0.019 0.034 0.034 0.012 0.024 0.034 0.038 0.01 0.012 0.531 0.041 0.034 0.002 0.012 0.029
75 G 0.072 0.021 0.036 0.031 0.01 0.018 0.024 0.546 0.012 0.018 0.026 0.031 0.009 0.015 0.018 0.048 0.028 0.005 0.01 0.022
76 F 0.031 0.018 0.016 0.016 0.01 0.01 0.018 0.024 0.016 0.059 0.106 0.018 0.024 0.432 0.01 0.024 0.024 0.016 0.082 0.051
77 L 0.054 0.024 0.016 0.017 0.016 0.02 0.023 0.023 0.011 0.12 0.206 0.028 0.11 0.041 0.015 0.03 0.039 0.006 0.021 0.181
78 L 0.038 0.022 0.015 0.015 0.013 0.015 0.02 0.021 0.017 0.084 0.287 0.023 0.036 0.141 0.013 0.024 0.028 0.012 0.103 0.072
79 L 0.046 0.021 0.014 0.015 0.016 0.015 0.019 0.02 0.009 0.16 0.308 0.023 0.04 0.045 0.014 0.024 0.035 0.006 0.02 0.151
80 L 0.045 0.031 0.087 0.029 0.014 0.025 0.028 0.032 0.017 0.081 0.2 0.035 0.145 0.04 0.015 0.037 0.038 0.007 0.02 0.074
81 Y 0.034 0.023 0.018 0.016 0.009 0.017 0.023 0.024 0.032 0.042 0.069 0.025 0.018 0.17 0.012 0.026 0.024 0.125 0.25 0.042
82 F 0.037 0.019 0.014 0.015 0.012 0.012 0.018 0.021 0.012 0.126 0.21 0.02 0.032 0.24 0.012 0.023 0.028 0.011 0.051 0.085
83 F 0.036 0.018 0.015 0.015 0.062 0.011 0.018 0.023 0.014 0.067 0.164 0.019 0.027 0.315 0.011 0.025 0.026 0.013 0.063 0.059
84 G 0.181 0.024 0.031 0.03 0.014 0.02 0.029 0.357 0.013 0.026 0.038 0.035 0.012 0.017 0.022 0.06 0.035 0.005 0.012 0.039
85 N 0.091 0.037 0.171 0.053 0.014 0.029 0.043 0.056 0.02 0.033 0.043 0.047 0.014 0.019 0.023 0.115 0.129 0.005 0.016 0.044
86 I 0.052 0.018 0.014 0.016 0.016 0.014 0.018 0.021 0.008 0.256 0.142 0.023 0.032 0.038 0.014 0.026 0.04 0.005 0.019 0.227
87 L 0.044 0.021 0.013 0.015 0.015 0.014 0.019 0.02 0.009 0.155 0.338 0.023 0.042 0.047 0.013 0.023 0.034 0.006 0.02 0.127
88 K 0.051 0.058 0.109 0.125 0.008 0.035 0.057 0.146 0.019 0.022 0.032 0.157 0.011 0.015 0.022 0.052 0.036 0.004 0.013 0.026
89 F 0.043 0.018 0.015 0.016 0.013 0.012 0.018 0.022 0.011 0.184 0.129 0.021 0.029 0.196 0.012 0.025 0.033 0.009 0.044 0.15
90 E 0.065 0.052 0.041 0.057 0.011 0.045 0.17 0.041 0.02 0.029 0.041 0.113 0.014 0.017 0.025 0.103 0.097 0.005 0.016 0.039
91 N 0.04 0.042 0.368 0.077 0.008 0.031 0.046 0.06 0.029 0.021 0.029 0.05 0.01 0.017 0.019 0.065 0.046 0.004 0.015 0.025
92 F 0.031 0.018 0.016 0.016 0.01 0.01 0.018 0.024 0.016 0.059 0.106 0.018 0.024 0.432 0.01 0.024 0.024 0.016 0.082 0.051
93 H 0.041 0.048 0.048 0.037 0.007 0.083 0.059 0.036 0.328 0.022 0.037 0.051 0.015 0.025 0.019 0.041 0.027 0.007 0.046 0.023
94 I 0.167 0.022 0.018 0.021 0.018 0.017 0.026 0.041 0.01 0.176 0.108 0.03 0.026 0.031 0.02 0.047 0.042 0.005 0.018 0.156
95 I 0.052 0.018 0.014 0.016 0.016 0.014 0.018 0.021 0.008 0.256 0.142 0.023 0.032 0.038 0.014 0.026 0.04 0.005 0.019 0.227
96 V 0.062 0.021 0.017 0.019 0.016 0.016 0.024 0.025 0.008 0.127 0.103 0.027 0.025 0.029 0.118 0.032 0.043 0.005 0.018 0.264
97 F 0.034 0.017 0.015 0.016 0.011 0.01 0.017 0.023 0.014 0.112 0.116 0.018 0.026 0.354 0.011 0.023 0.026 0.014 0.07 0.073
98 F 0.052 0.022 0.022 0.022 0.013 0.015 0.025 0.031 0.014 0.071 0.095 0.025 0.023 0.27 0.014 0.076 0.038 0.011 0.056 0.103
99 S 0.107 0.029 0.033 0.032 0.017 0.023 0.036 0.046 0.013 0.113 0.08 0.038 0.022 0.026 0.022 0.157 0.059 0.005 0.017 0.123
100 S 0.093 0.033 0.043 0.039 0.117 0.027 0.042 0.055 0.016 0.03 0.043 0.044 0.015 0.019 0.025 0.23 0.068 0.005 0.015 0.042
101 A 0.159 0.031 0.034 0.033 0.017 0.025 0.038 0.054 0.014 0.049 0.122 0.041 0.022 0.026 0.024 0.148 0.081 0.005 0.017 0.059
102 V 0.054 0.018 0.014 0.016 0.016 0.014 0.019 0.021 0.008 0.239 0.138 0.023 0.032 0.037 0.014 0.027 0.041 0.005 0.019 0.243
103 F 0.122 0.028 0.031 0.03 0.014 0.021 0.034 0.048 0.016 0.042 0.069 0.035 0.018 0.185 0.02 0.136 0.049 0.009 0.043 0.049
104 V 0.054 0.021 0.02 0.02 0.015 0.016 0.023 0.026 0.01 0.148 0.113 0.026 0.027 0.112 0.016 0.039 0.091 0.007 0.031 0.185
105 L 0.041 0.022 0.015 0.015 0.014 0.015 0.02 0.02 0.016 0.137 0.297 0.024 0.038 0.063 0.014 0.024 0.031 0.01 0.09 0.095
106 S 0.095 0.036 0.048 0.043 0.016 0.03 0.046 0.057 0.017 0.032 0.043 0.048 0.015 0.02 0.027 0.239 0.121 0.005 0.016 0.044
107 L 0.043 0.019 0.013 0.015 0.015 0.013 0.017 0.019 0.009 0.238 0.262 0.022 0.039 0.045 0.013 0.023 0.034 0.006 0.02 0.134
108 S 0.069 0.03 0.036 0.031 0.115 0.024 0.036 0.041 0.091 0.089 0.066 0.037 0.018 0.025 0.02 0.131 0.049 0.005 0.023 0.063
109 K 0.052 0.063 0.031 0.03 0.01 0.035 0.047 0.035 0.022 0.045 0.121 0.181 0.021 0.043 0.021 0.063 0.037 0.009 0.087 0.046
110 F 0.045 0.021 0.023 0.022 0.011 0.014 0.024 0.031 0.016 0.052 0.092 0.024 0.022 0.35 0.013 0.074 0.034 0.013 0.069 0.048
111 I 0.043 0.018 0.014 0.016 0.015 0.013 0.017 0.019 0.008 0.281 0.209 0.022 0.036 0.043 0.014 0.023 0.036 0.006 0.019 0.149
112 K 0.05 0.158 0.038 0.036 0.008 0.049 0.062 0.038 0.02 0.025 0.041 0.288 0.014 0.015 0.024 0.048 0.036 0.005 0.016 0.03
113 K 0.049 0.069 0.031 0.032 0.01 0.084 0.057 0.033 0.018 0.072 0.129 0.19 0.024 0.024 0.021 0.042 0.036 0.005 0.018 0.056
114 I 0.048 0.017 0.014 0.016 0.016 0.013 0.017 0.02 0.008 0.29 0.148 0.022 0.033 0.039 0.014 0.025 0.039 0.005 0.019 0.196
115 P 0.05 0.04 0.033 0.113 0.009 0.027 0.05 0.037 0.014 0.024 0.033 0.098 0.01 0.013 0.328 0.044 0.034 0.003 0.012 0.028
116 F 0.036 0.036 0.021 0.02 0.009 0.021 0.03 0.028 0.022 0.042 0.073 0.083 0.019 0.211 0.013 0.029 0.026 0.118 0.122 0.041
117 G 0.053 0.091 0.103 0.053 0.008 0.041 0.108 0.143 0.021 0.022 0.034 0.141 0.012 0.015 0.021 0.052 0.036 0.005 0.014 0.027
118 F 0.04 0.018 0.015 0.016 0.012 0.011 0.018 0.022 0.013 0.131 0.119 0.02 0.027 0.274 0.012 0.025 0.031 0.011 0.057 0.128
119 N 0.04 0.042 0.368 0.077 0.008 0.031 0.046 0.06 0.029 0.021 0.029 0.05 0.01 0.017 0.019 0.065 0.046 0.004 0.015 0.025
120 R 0.044 0.26 0.032 0.028 0.009 0.04 0.046 0.03 0.019 0.039 0.118 0.138 0.021 0.023 0.019 0.039 0.033 0.006 0.017 0.041
121 S 0.102 0.037 0.05 0.045 0.016 0.031 0.049 0.061 0.018 0.028 0.039 0.05 0.015 0.019 0.028 0.278 0.076 0.005 0.016 0.039
122 L 0.102 0.024 0.015 0.017 0.016 0.017 0.022 0.03 0.01 0.093 0.348 0.027 0.04 0.045 0.016 0.034 0.034 0.006 0.02 0.084
123 F 0.037 0.02 0.016 0.016 0.012 0.013 0.019 0.022 0.018 0.118 0.17 0.022 0.029 0.215 0.012 0.024 0.028 0.014 0.114 0.08
124 L 0.042 0.021 0.014 0.015 0.014 0.014 0.019 0.021 0.01 0.124 0.302 0.022 0.039 0.124 0.013 0.024 0.032 0.008 0.033 0.112
125 F 0.047 0.022 0.022 0.021 0.012 0.015 0.024 0.03 0.015 0.062 0.156 0.025 0.026 0.273 0.014 0.074 0.035 0.012 0.057 0.056
126 L 0.052 0.024 0.02 0.02 0.015 0.018 0.023 0.078 0.011 0.131 0.243 0.029 0.072 0.041 0.015 0.053 0.038 0.006 0.019 0.092
127 L 0.05 0.024 0.021 0.021 0.015 0.018 0.024 0.026 0.01 0.133 0.26 0.029 0.035 0.04 0.017 0.042 0.114 0.006 0.019 0.097
128 L 0.047 0.02 0.014 0.015 0.016 0.014 0.018 0.02 0.009 0.203 0.255 0.023 0.038 0.043 0.014 0.024 0.036 0.006 0.02 0.166
129 A 0.223 0.025 0.02 0.023 0.018 0.02 0.03 0.051 0.012 0.11 0.148 0.034 0.026 0.03 0.022 0.056 0.041 0.005 0.018 0.089
130 F 0.031 0.018 0.016 0.016 0.01 0.01 0.018 0.024 0.016 0.059 0.106 0.018 0.024 0.432 0.01 0.024 0.024 0.016 0.082 0.051
131 L 0.045 0.019 0.014 0.015 0.015 0.014 0.018 0.02 0.009 0.22 0.258 0.023 0.038 0.044 0.014 0.024 0.035 0.006 0.02 0.15
132 Y 0.099 0.026 0.019 0.019 0.012 0.02 0.027 0.032 0.031 0.054 0.133 0.03 0.023 0.087 0.017 0.038 0.031 0.018 0.228 0.056
133 P 0.053 0.024 0.022 0.029 0.01 0.019 0.034 0.034 0.012 0.024 0.034 0.038 0.01 0.012 0.531 0.041 0.034 0.002 0.012 0.029
134 L 0.041 0.022 0.013 0.014 0.015 0.015 0.019 0.02 0.009 0.107 0.422 0.023 0.046 0.051 0.013 0.022 0.031 0.007 0.021 0.089
135 F 0.033 0.019 0.017 0.016 0.01 0.012 0.019 0.023 0.021 0.055 0.097 0.02 0.022 0.37 0.011 0.025 0.024 0.018 0.139 0.049
136 N 0.04 0.042 0.368 0.077 0.008 0.031 0.046 0.06 0.029 0.021 0.029 0.05 0.01 0.017 0.019 0.065 0.046 0.004 0.015 0.025
137 D 0.038 0.028 0.064 0.442 0.007 0.028 0.085 0.043 0.017 0.021 0.026 0.041 0.009 0.014 0.021 0.048 0.033 0.003 0.01 0.022
138 A 0.261 0.028 0.028 0.029 0.018 0.023 0.035 0.164 0.013 0.036 0.05 0.039 0.015 0.019 0.025 0.073 0.068 0.005 0.015 0.056
139 I 0.047 0.019 0.015 0.017 0.014 0.014 0.019 0.021 0.015 0.234 0.13 0.024 0.03 0.055 0.014 0.026 0.036 0.009 0.089 0.171
140 R 0.041 0.394 0.036 0.029 0.007 0.045 0.048 0.03 0.022 0.022 0.043 0.111 0.014 0.016 0.018 0.041 0.032 0.005 0.016 0.029
141 Q 0.052 0.068 0.041 0.044 0.008 0.273 0.095 0.038 0.027 0.025 0.044 0.084 0.019 0.014 0.022 0.052 0.038 0.005 0.019 0.033
142 L 0.041 0.022 0.013 0.014 0.015 0.015 0.019 0.02 0.009 0.107 0.422 0.023 0.046 0.051 0.013 0.022 0.031 0.007 0.021 0.089
143 L 0.1 0.022 0.016 0.018 0.015 0.015 0.022 0.031 0.011 0.127 0.232 0.026 0.033 0.119 0.015 0.034 0.034 0.008 0.032 0.091
144 A 0.343 0.029 0.024 0.028 0.02 0.024 0.038 0.072 0.014 0.04 0.055 0.041 0.016 0.02 0.028 0.079 0.046 0.005 0.016 0.064
145 F 0.037 0.021 0.016 0.016 0.012 0.014 0.02 0.023 0.014 0.075 0.184 0.022 0.068 0.278 0.012 0.025 0.028 0.012 0.058 0.065
146 A 0.19 0.029 0.033 0.032 0.119 0.024 0.037 0.06 0.014 0.035 0.05 0.04 0.015 0.02 0.025 0.15 0.056 0.005 0.015 0.052
147 I 0.048 0.017 0.014 0.016 0.016 0.013 0.017 0.02 0.008 0.29 0.148 0.022 0.033 0.039 0.014 0.025 0.039 0.005 0.019 0.196
148 L 0.043 0.019 0.013 0.015 0.015 0.013 0.017 0.019 0.009 0.238 0.262 0.022 0.039 0.045 0.013 0.023 0.034 0.006 0.02 0.134
149 L 0.041 0.022 0.013 0.014 0.015 0.015 0.019 0.02 0.009 0.107 0.422 0.023 0.046 0.051 0.013 0.022 0.031 0.007 0.021 0.089
150 P 0.053 0.024 0.022 0.029 0.01 0.019 0.034 0.034 0.012 0.024 0.034 0.038 0.01 0.012 0.531 0.041 0.034 0.002 0.012 0.029
151 L 0.037 0.021 0.016 0.015 0.012 0.014 0.02 0.022 0.019 0.074 0.224 0.022 0.031 0.217 0.012 0.024 0.027 0.014 0.115 0.065
152 L 0.041 0.022 0.013 0.014 0.015 0.015 0.019 0.02 0.009 0.107 0.422 0.023 0.046 0.051 0.013 0.022 0.031 0.007 0.021 0.089
153 P 0.048 0.023 0.02 0.026 0.01 0.017 0.03 0.032 0.013 0.031 0.048 0.034 0.012 0.096 0.427 0.037 0.032 0.005 0.026 0.033
154 K 0.051 0.129 0.138 0.053 0.009 0.042 0.083 0.046 0.023 0.023 0.037 0.149 0.013 0.016 0.022 0.075 0.042 0.005 0.016 0.029
155 I 0.043 0.018 0.014 0.016 0.015 0.013 0.017 0.019 0.008 0.281 0.209 0.022 0.036 0.043 0.014 0.023 0.036 0.006 0.019 0.149
156 R 0.045 0.123 0.107 0.093 0.007 0.043 0.115 0.041 0.061 0.022 0.035 0.121 0.012 0.017 0.021 0.05 0.036 0.005 0.019 0.027
157 S 0.073 0.12 0.046 0.08 0.012 0.037 0.056 0.049 0.019 0.025 0.039 0.118 0.014 0.017 0.025 0.162 0.055 0.005 0.016 0.033
158 I 0.063 0.024 0.027 0.026 0.117 0.018 0.027 0.034 0.011 0.154 0.094 0.031 0.023 0.028 0.019 0.09 0.097 0.005 0.016 0.097
159 S 0.15 0.035 0.045 0.042 0.017 0.029 0.046 0.064 0.017 0.03 0.042 0.048 0.015 0.019 0.028 0.238 0.07 0.005 0.016 0.044
160 L 0.045 0.02 0.016 0.017 0.015 0.015 0.019 0.021 0.009 0.21 0.252 0.025 0.037 0.043 0.015 0.029 0.061 0.006 0.019 0.124
161 K 0.05 0.085 0.035 0.034 0.008 0.044 0.058 0.037 0.024 0.029 0.045 0.271 0.015 0.036 0.023 0.045 0.035 0.009 0.086 0.033
162 K 0.053 0.099 0.038 0.038 0.008 0.05 0.066 0.04 0.019 0.026 0.04 0.332 0.014 0.014 0.026 0.05 0.037 0.005 0.016 0.03
163 I 0.04 0.019 0.014 0.015 0.013 0.013 0.018 0.021 0.01 0.222 0.187 0.022 0.032 0.046 0.012 0.023 0.033 0.111 0.028 0.122
164 I 0.04 0.017 0.014 0.016 0.013 0.012 0.017 0.02 0.01 0.245 0.141 0.021 0.031 0.158 0.012 0.023 0.033 0.009 0.038 0.13
165 I 0.044 0.018 0.015 0.016 0.014 0.012 0.018 0.021 0.01 0.189 0.16 0.021 0.031 0.158 0.013 0.025 0.034 0.009 0.038 0.154
166 I 0.051 0.02 0.019 0.02 0.016 0.015 0.021 0.024 0.009 0.253 0.133 0.026 0.03 0.036 0.016 0.036 0.091 0.005 0.019 0.16
167 C 0.061 0.016 0.015 0.015 0.421 0.012 0.016 0.029 0.008 0.064 0.072 0.02 0.018 0.022 0.015 0.036 0.036 0.004 0.013 0.107
168 L 0.05 0.021 0.018 0.018 0.014 0.015 0.02 0.125 0.01 0.137 0.259 0.025 0.034 0.04 0.014 0.028 0.033 0.006 0.018 0.114
169 L 0.049 0.019 0.018 0.019 0.064 0.014 0.018 0.126 0.01 0.165 0.168 0.023 0.028 0.075 0.014 0.029 0.032 0.006 0.023 0.098
170 A 0.246 0.032 0.034 0.035 0.018 0.027 0.042 0.068 0.015 0.035 0.049 0.045 0.016 0.02 0.028 0.158 0.058 0.005 0.016 0.054
171 S 0.15 0.035 0.045 0.042 0.017 0.029 0.046 0.064 0.017 0.03 0.042 0.048 0.015 0.019 0.028 0.238 0.07 0.005 0.016 0.044
172 L 0.044 0.025 0.015 0.016 0.015 0.019 0.022 0.022 0.012 0.101 0.326 0.027 0.117 0.048 0.014 0.027 0.033 0.007 0.021 0.088
173 F 0.031 0.018 0.016 0.016 0.01 0.01 0.018 0.024 0.016 0.059 0.106 0.018 0.024 0.432 0.01 0.024 0.024 0.016 0.082 0.051
174 H 0.039 0.042 0.049 0.035 0.007 0.035 0.049 0.035 0.403 0.021 0.035 0.042 0.014 0.028 0.018 0.039 0.025 0.007 0.053 0.021
175 A 0.232 0.028 0.027 0.029 0.017 0.022 0.036 0.06 0.015 0.041 0.062 0.038 0.017 0.102 0.024 0.107 0.048 0.007 0.029 0.056
176 S 0.102 0.037 0.05 0.045 0.016 0.031 0.049 0.061 0.018 0.028 0.039 0.05 0.015 0.019 0.028 0.278 0.076 0.005 0.016 0.039
177 A 0.235 0.028 0.027 0.029 0.018 0.023 0.035 0.06 0.013 0.095 0.072 0.039 0.019 0.024 0.025 0.107 0.05 0.005 0.017 0.079
178 I 0.044 0.016 0.014 0.016 0.015 0.012 0.016 0.019 0.008 0.325 0.155 0.022 0.034 0.041 0.014 0.023 0.037 0.005 0.019 0.164
179 L 0.041 0.022 0.013 0.014 0.015 0.015 0.019 0.02 0.009 0.107 0.422 0.023 0.046 0.051 0.013 0.022 0.031 0.007 0.021 0.089
180 L 0.045 0.027 0.016 0.017 0.015 0.022 0.023 0.023 0.013 0.099 0.278 0.029 0.152 0.047 0.014 0.029 0.035 0.007 0.022 0.087
181 I 0.048 0.017 0.014 0.016 0.016 0.013 0.017 0.02 0.008 0.29 0.148 0.022 0.033 0.039 0.014 0.025 0.039 0.005 0.019 0.196
182 P 0.053 0.024 0.022 0.029 0.01 0.019 0.034 0.034 0.012 0.024 0.034 0.038 0.01 0.012 0.531 0.041 0.034 0.002 0.012 0.029
183 V 0.049 0.019 0.015 0.016 0.015 0.014 0.019 0.022 0.01 0.159 0.185 0.022 0.032 0.118 0.013 0.026 0.037 0.008 0.032 0.19
184 F 0.037 0.019 0.014 0.015 0.012 0.012 0.018 0.021 0.012 0.126 0.21 0.02 0.032 0.24 0.012 0.023 0.028 0.011 0.051 0.085
185 I 0.039 0.018 0.014 0.016 0.013 0.012 0.017 0.021 0.011 0.201 0.194 0.021 0.033 0.16 0.012 0.023 0.032 0.009 0.038 0.115
186 L 0.044 0.022 0.013 0.014 0.015 0.015 0.019 0.02 0.009 0.111 0.392 0.023 0.044 0.049 0.013 0.023 0.032 0.006 0.02 0.112
187 L 0.043 0.023 0.014 0.015 0.015 0.017 0.02 0.021 0.01 0.148 0.321 0.025 0.079 0.048 0.014 0.025 0.033 0.007 0.021 0.103
188 R 0.046 0.276 0.037 0.033 0.008 0.047 0.055 0.034 0.021 0.023 0.042 0.199 0.014 0.015 0.021 0.045 0.034 0.005 0.016 0.029
189 I 0.048 0.096 0.02 0.019 0.115 0.023 0.025 0.026 0.013 0.138 0.122 0.043 0.083 0.033 0.015 0.033 0.035 0.006 0.018 0.091
190 P 0.047 0.044 0.103 0.054 0.008 0.084 0.115 0.04 0.099 0.022 0.035 0.057 0.013 0.017 0.123 0.049 0.035 0.005 0.023 0.027
191 L 0.037 0.021 0.014 0.015 0.013 0.013 0.018 0.021 0.012 0.088 0.295 0.021 0.037 0.203 0.012 0.023 0.028 0.01 0.045 0.074
192 T 0.076 0.036 0.11 0.047 0.015 0.029 0.043 0.053 0.018 0.035 0.045 0.047 0.015 0.02 0.025 0.158 0.16 0.005 0.016 0.047
193 K 0.056 0.08 0.039 0.039 0.01 0.089 0.066 0.04 0.019 0.03 0.045 0.224 0.016 0.016 0.025 0.057 0.09 0.005 0.017 0.038
194 K 0.049 0.143 0.04 0.038 0.008 0.114 0.069 0.037 0.06 0.024 0.041 0.184 0.016 0.016 0.022 0.047 0.035 0.005 0.021 0.03
195 N 0.041 0.119 0.165 0.047 0.008 0.033 0.045 0.043 0.023 0.03 0.049 0.112 0.015 0.099 0.018 0.049 0.037 0.007 0.029 0.032
196 I 0.046 0.024 0.017 0.018 0.015 0.021 0.022 0.023 0.012 0.186 0.172 0.029 0.147 0.043 0.014 0.029 0.037 0.007 0.021 0.117
197 I 0.041 0.018 0.014 0.016 0.014 0.012 0.017 0.02 0.01 0.228 0.199 0.021 0.034 0.121 0.013 0.023 0.033 0.008 0.032 0.126
198 L 0.041 0.025 0.017 0.016 0.012 0.019 0.023 0.022 0.024 0.077 0.231 0.028 0.07 0.078 0.014 0.027 0.03 0.014 0.16 0.07
199 L 0.065 0.029 0.029 0.027 0.014 0.022 0.032 0.037 0.02 0.062 0.197 0.035 0.028 0.052 0.019 0.126 0.048 0.01 0.088 0.06
200 F 0.042 0.019 0.015 0.016 0.013 0.012 0.018 0.022 0.011 0.14 0.182 0.021 0.031 0.198 0.012 0.025 0.032 0.01 0.045 0.136
201 I 0.055 0.022 0.021 0.022 0.015 0.017 0.023 0.028 0.01 0.222 0.185 0.028 0.033 0.039 0.016 0.074 0.043 0.006 0.019 0.124
202 F 0.101 0.02 0.017 0.018 0.115 0.014 0.021 0.034 0.012 0.061 0.15 0.024 0.025 0.191 0.015 0.037 0.032 0.009 0.043 0.061
203 A 0.211 0.029 0.03 0.031 0.018 0.024 0.037 0.058 0.014 0.093 0.07 0.04 0.019 0.024 0.025 0.127 0.053 0.005 0.017 0.076
204 L 0.119 0.025 0.023 0.024 0.017 0.019 0.029 0.039 0.011 0.13 0.158 0.032 0.028 0.033 0.019 0.087 0.047 0.005 0.018 0.136
205 L 0.047 0.019 0.014 0.015 0.116 0.013 0.018 0.022 0.009 0.137 0.234 0.022 0.033 0.079 0.014 0.027 0.033 0.007 0.024 0.116
206 F 0.033 0.019 0.015 0.015 0.011 0.011 0.018 0.023 0.014 0.068 0.169 0.019 0.028 0.356 0.01 0.023 0.025 0.014 0.07 0.059
207 I 0.045 0.018 0.014 0.016 0.015 0.013 0.017 0.02 0.008 0.264 0.205 0.022 0.036 0.042 0.014 0.024 0.037 0.006 0.019 0.165
208 I 0.059 0.023 0.021 0.022 0.016 0.017 0.024 0.028 0.01 0.187 0.178 0.028 0.032 0.037 0.017 0.075 0.045 0.005 0.019 0.156
209 L 0.046 0.022 0.014 0.015 0.016 0.015 0.019 0.02 0.009 0.116 0.362 0.024 0.043 0.047 0.014 0.024 0.034 0.006 0.02 0.136
210 L 0.039 0.022 0.014 0.014 0.014 0.014 0.018 0.02 0.011 0.097 0.359 0.022 0.041 0.127 0.012 0.023 0.029 0.008 0.033 0.081
211 L 0.04 0.019 0.014 0.015 0.014 0.013 0.018 0.02 0.01 0.184 0.252 0.022 0.037 0.123 0.013 0.023 0.032 0.008 0.032 0.111
212 S 0.077 0.039 0.177 0.058 0.013 0.031 0.047 0.061 0.022 0.025 0.035 0.05 0.013 0.018 0.024 0.192 0.064 0.005 0.016 0.033
213 L 0.042 0.021 0.013 0.015 0.015 0.014 0.018 0.02 0.009 0.15 0.368 0.023 0.044 0.049 0.013 0.023 0.032 0.006 0.02 0.104
214 P 0.06 0.034 0.1 0.053 0.01 0.032 0.102 0.044 0.019 0.023 0.034 0.049 0.011 0.015 0.226 0.095 0.045 0.004 0.014 0.03
215 F 0.044 0.02 0.016 0.016 0.012 0.014 0.02 0.023 0.018 0.11 0.107 0.022 0.025 0.211 0.013 0.027 0.032 0.014 0.114 0.142
216 I 0.047 0.018 0.014 0.016 0.016 0.013 0.018 0.02 0.008 0.247 0.202 0.023 0.035 0.041 0.014 0.024 0.037 0.006 0.019 0.181
217 V 0.054 0.02 0.014 0.016 0.016 0.014 0.019 0.021 0.008 0.195 0.191 0.023 0.034 0.039 0.014 0.027 0.04 0.006 0.019 0.228
218 S 0.069 0.034 0.102 0.043 0.013 0.028 0.04 0.049 0.018 0.039 0.065 0.044 0.054 0.022 0.124 0.139 0.054 0.005 0.016 0.043
219 I 0.067 0.027 0.031 0.03 0.015 0.021 0.032 0.037 0.012 0.151 0.089 0.036 0.023 0.028 0.072 0.114 0.101 0.005 0.017 0.093
220 L 0.044 0.021 0.014 0.016 0.015 0.016 0.019 0.021 0.01 0.191 0.267 0.025 0.077 0.046 0.014 0.025 0.035 0.006 0.02 0.118
221 G 0.067 0.033 0.106 0.054 0.01 0.031 0.098 0.249 0.019 0.021 0.031 0.046 0.011 0.016 0.021 0.098 0.042 0.005 0.013 0.028
222 G 0.132 0.033 0.106 0.045 0.014 0.027 0.041 0.16 0.018 0.027 0.038 0.045 0.013 0.018 0.024 0.149 0.054 0.005 0.015 0.038
223 I 0.043 0.018 0.014 0.016 0.014 0.013 0.018 0.02 0.01 0.211 0.195 0.022 0.034 0.12 0.013 0.024 0.034 0.008 0.032 0.142
224 I 0.043 0.018 0.014 0.016 0.015 0.013 0.017 0.019 0.008 0.281 0.209 0.022 0.036 0.043 0.014 0.023 0.036 0.006 0.019 0.149
225 P 0.053 0.024 0.022 0.029 0.01 0.019 0.034 0.034 0.012 0.024 0.034 0.038 0.01 0.012 0.531 0.041 0.034 0.002 0.012 0.029
226 A 0.119 0.058 0.071 0.043 0.012 0.106 0.063 0.052 0.021 0.028 0.043 0.115 0.016 0.016 0.025 0.103 0.048 0.005 0.017 0.039
227 L 0.043 0.097 0.02 0.019 0.013 0.023 0.026 0.023 0.016 0.124 0.209 0.043 0.07 0.048 0.015 0.029 0.033 0.008 0.055 0.087
228 L 0.04 0.02 0.014 0.015 0.014 0.013 0.018 0.02 0.01 0.163 0.279 0.022 0.038 0.124 0.013 0.023 0.031 0.008 0.032 0.104
229 Y 0.038 0.029 0.026 0.021 0.008 0.023 0.031 0.026 0.115 0.037 0.058 0.032 0.017 0.103 0.015 0.031 0.026 0.022 0.305 0.039
230 A 0.202 0.03 0.093 0.037 0.017 0.024 0.037 0.059 0.016 0.057 0.061 0.04 0.017 0.022 0.023 0.086 0.049 0.005 0.016 0.105
231 K 0.053 0.099 0.038 0.038 0.008 0.05 0.066 0.04 0.019 0.026 0.04 0.332 0.014 0.014 0.026 0.05 0.037 0.005 0.016 0.03
232 L 0.041 0.022 0.013 0.014 0.015 0.015 0.019 0.02 0.009 0.107 0.422 0.023 0.046 0.051 0.013 0.022 0.031 0.007 0.021 0.089
233 V 0.059 0.022 0.02 0.02 0.017 0.016 0.023 0.025 0.009 0.184 0.119 0.027 0.028 0.033 0.017 0.039 0.094 0.005 0.019 0.224
234 G 0.072 0.031 0.104 0.043 0.013 0.024 0.037 0.15 0.017 0.084 0.058 0.041 0.016 0.022 0.021 0.138 0.052 0.005 0.015 0.058
235 Y 0.038 0.026 0.02 0.017 0.009 0.02 0.026 0.023 0.043 0.04 0.063 0.029 0.017 0.121 0.014 0.029 0.026 0.026 0.368 0.043
236 L 0.047 0.02 0.014 0.015 0.016 0.014 0.019 0.02 0.009 0.181 0.282 0.023 0.039 0.044 0.014 0.024 0.036 0.006 0.02 0.158
237 S 0.07 0.035 0.113 0.128 0.013 0.029 0.052 0.053 0.019 0.033 0.073 0.046 0.016 0.021 0.023 0.164 0.057 0.005 0.015 0.038
238 K 0.049 0.074 0.1 0.042 0.009 0.041 0.054 0.041 0.02 0.038 0.066 0.216 0.055 0.021 0.022 0.049 0.039 0.005 0.017 0.04
239 L 0.052 0.025 0.021 0.021 0.015 0.019 0.024 0.027 0.011 0.134 0.246 0.03 0.073 0.042 0.016 0.057 0.065 0.006 0.02 0.096
240 D 0.048 0.039 0.054 0.246 0.007 0.047 0.197 0.04 0.022 0.022 0.032 0.06 0.011 0.016 0.024 0.053 0.036 0.005 0.014 0.028
241 G 0.081 0.027 0.041 0.036 0.013 0.022 0.032 0.35 0.014 0.024 0.033 0.038 0.011 0.017 0.021 0.12 0.07 0.005 0.013 0.032
242 D 0.049 0.035 0.111 0.179 0.008 0.036 0.144 0.144 0.021 0.02 0.029 0.05 0.01 0.015 0.021 0.052 0.035 0.004 0.013 0.025
243 F 0.035 0.02 0.015 0.015 0.012 0.012 0.018 0.022 0.013 0.078 0.232 0.02 0.032 0.28 0.011 0.023 0.026 0.012 0.058 0.066
244 K 0.05 0.158 0.038 0.036 0.008 0.049 0.062 0.038 0.02 0.025 0.041 0.288 0.014 0.015 0.024 0.048 0.036 0.005 0.016 0.03
245 L 0.042 0.02 0.015 0.015 0.013 0.013 0.019 0.022 0.012 0.097 0.235 0.021 0.034 0.2 0.012 0.024 0.031 0.01 0.045 0.121
246 G 0.072 0.021 0.036 0.031 0.01 0.018 0.024 0.546 0.012 0.018 0.026 0.031 0.009 0.015 0.018 0.048 0.028 0.005 0.01 0.022
247 F 0.033 0.019 0.015 0.015 0.011 0.011 0.018 0.023 0.014 0.068 0.169 0.019 0.028 0.356 0.01 0.023 0.025 0.014 0.07 0.059
248 F 0.031 0.018 0.016 0.016 0.01 0.01 0.018 0.024 0.016 0.059 0.106 0.018 0.024 0.432 0.01 0.024 0.024 0.016 0.082 0.051
249 A 0.26 0.03 0.025 0.027 0.019 0.025 0.036 0.062 0.014 0.049 0.079 0.041 0.057 0.025 0.025 0.09 0.047 0.005 0.017 0.066
250 I 0.052 0.018 0.014 0.016 0.016 0.014 0.018 0.021 0.008 0.256 0.142 0.023 0.032 0.038 0.014 0.026 0.04 0.005 0.019 0.227
251 I 0.044 0.016 0.014 0.016 0.015 0.012 0.016 0.019 0.008 0.325 0.155 0.022 0.034 0.041 0.014 0.023 0.037 0.005 0.019 0.164
252 D 0.038 0.028 0.064 0.442 0.007 0.028 0.085 0.043 0.017 0.021 0.026 0.041 0.009 0.014 0.021 0.048 0.033 0.003 0.01 0.022
253 C 0.044 0.018 0.015 0.015 0.166 0.012 0.017 0.024 0.01 0.116 0.165 0.02 0.028 0.154 0.013 0.027 0.031 0.008 0.036 0.082
254 L 0.047 0.02 0.014 0.015 0.016 0.014 0.019 0.02 0.009 0.181 0.282 0.023 0.039 0.044 0.014 0.024 0.036 0.006 0.02 0.158
255 G 0.072 0.021 0.036 0.031 0.01 0.018 0.024 0.546 0.012 0.018 0.026 0.031 0.009 0.015 0.018 0.048 0.028 0.005 0.01 0.022
256 I 0.043 0.018 0.014 0.016 0.015 0.013 0.017 0.019 0.008 0.281 0.209 0.022 0.036 0.043 0.014 0.023 0.036 0.006 0.019 0.149
257 L 0.057 0.022 0.021 0.021 0.116 0.016 0.023 0.03 0.011 0.117 0.188 0.027 0.029 0.074 0.016 0.077 0.041 0.006 0.024 0.083
258 L 0.042 0.019 0.013 0.015 0.015 0.014 0.018 0.019 0.009 0.216 0.289 0.023 0.04 0.046 0.013 0.023 0.034 0.006 0.02 0.126
259 I 0.051 0.02 0.02 0.02 0.116 0.015 0.021 0.027 0.01 0.143 0.104 0.025 0.025 0.11 0.016 0.039 0.088 0.007 0.03 0.115
260 L 0.043 0.02 0.016 0.016 0.114 0.014 0.019 0.023 0.017 0.114 0.161 0.022 0.027 0.133 0.013 0.027 0.03 0.011 0.1 0.08
261 F 0.097 0.021 0.017 0.018 0.013 0.014 0.022 0.032 0.013 0.069 0.19 0.024 0.029 0.235 0.014 0.034 0.03 0.011 0.051 0.065
262 T 0.061 0.028 0.03 0.028 0.016 0.021 0.03 0.034 0.012 0.114 0.149 0.035 0.027 0.031 0.021 0.08 0.172 0.006 0.018 0.087
263 S 0.067 0.048 0.042 0.036 0.011 0.033 0.048 0.044 0.1 0.028 0.043 0.101 0.015 0.04 0.023 0.135 0.048 0.009 0.094 0.034
264 R 0.05 0.151 0.045 0.126 0.008 0.042 0.118 0.038 0.059 0.022 0.036 0.098 0.013 0.017 0.021 0.069 0.037 0.005 0.019 0.028
265 R 0.054 0.154 0.1 0.04 0.011 0.036 0.046 0.04 0.019 0.049 0.055 0.12 0.017 0.02 0.02 0.069 0.043 0.005 0.016 0.088
266 F 0.044 0.022 0.025 0.062 0.063 0.016 0.028 0.029 0.013 0.061 0.147 0.026 0.025 0.191 0.015 0.04 0.083 0.009 0.042 0.059
267 R 0.044 0.195 0.178 0.057 0.008 0.041 0.051 0.049 0.027 0.023 0.039 0.087 0.013 0.018 0.02 0.057 0.042 0.005 0.017 0.029
268 K 0.051 0.133 0.04 0.035 0.009 0.041 0.053 0.037 0.095 0.029 0.044 0.172 0.015 0.019 0.022 0.053 0.087 0.006 0.024 0.035
269 E 0.061 0.045 0.107 0.061 0.01 0.087 0.145 0.096 0.023 0.022 0.035 0.061 0.013 0.016 0.023 0.099 0.045 0.005 0.016 0.03
270 N 0.043 0.042 0.238 0.115 0.008 0.039 0.14 0.05 0.026 0.021 0.03 0.055 0.011 0.016 0.02 0.059 0.041 0.004 0.014 0.026
271 R 0.052 0.139 0.116 0.044 0.01 0.038 0.049 0.044 0.021 0.034 0.085 0.13 0.018 0.021 0.021 0.075 0.043 0.005 0.017 0.038
272 D 0.055 0.039 0.054 0.237 0.009 0.085 0.077 0.107 0.02 0.023 0.033 0.053 0.012 0.015 0.022 0.077 0.04 0.004 0.013 0.028
273 K 0.048 0.128 0.029 0.028 0.011 0.036 0.044 0.031 0.017 0.098 0.092 0.166 0.06 0.026 0.02 0.039 0.036 0.006 0.018 0.068
274 N 0.063 0.035 0.168 0.05 0.013 0.027 0.04 0.049 0.019 0.054 0.056 0.043 0.017 0.022 0.021 0.105 0.103 0.005 0.016 0.096
275 L 0.049 0.021 0.014 0.015 0.016 0.015 0.019 0.021 0.009 0.164 0.278 0.023 0.039 0.043 0.014 0.025 0.037 0.006 0.02 0.174
276 Y 0.048 0.027 0.025 0.022 0.01 0.021 0.029 0.032 0.032 0.035 0.056 0.032 0.016 0.088 0.016 0.077 0.035 0.123 0.237 0.039
277 A 0.265 0.03 0.028 0.03 0.019 0.025 0.038 0.066 0.014 0.043 0.057 0.042 0.017 0.021 0.028 0.082 0.108 0.005 0.017 0.065
278 L 0.049 0.03 0.092 0.033 0.014 0.024 0.03 0.034 0.016 0.116 0.122 0.036 0.102 0.034 0.018 0.048 0.092 0.006 0.019 0.085
279 G 0.132 0.026 0.036 0.033 0.013 0.021 0.031 0.355 0.014 0.024 0.034 0.037 0.011 0.017 0.022 0.1 0.041 0.005 0.012 0.034
280 G 0.13 0.031 0.038 0.035 0.016 0.025 0.037 0.152 0.014 0.037 0.048 0.041 0.015 0.02 0.025 0.115 0.151 0.005 0.015 0.051
281 F 0.034 0.021 0.017 0.016 0.009 0.014 0.021 0.023 0.027 0.051 0.089 0.022 0.021 0.308 0.012 0.026 0.024 0.02 0.197 0.048
282 L 0.043 0.022 0.016 0.017 0.014 0.017 0.021 0.021 0.017 0.178 0.196 0.026 0.071 0.06 0.014 0.026 0.034 0.01 0.09 0.109
283 F 0.033 0.019 0.017 0.016 0.01 0.012 0.019 0.023 0.021 0.055 0.097 0.02 0.022 0.37 0.011 0.025 0.024 0.018 0.139 0.049
284 F 0.031 0.018 0.016 0.016 0.01 0.01 0.018 0.024 0.016 0.059 0.106 0.018 0.024 0.432 0.01 0.024 0.024 0.016 0.082 0.051
285 L 0.042 0.021 0.013 0.015 0.015 0.014 0.018 0.02 0.009 0.15 0.368 0.023 0.044 0.049 0.013 0.023 0.032 0.006 0.02 0.104
286 L 0.041 0.019 0.015 0.015 0.114 0.012 0.018 0.023 0.012 0.075 0.223 0.02 0.031 0.197 0.012 0.026 0.029 0.01 0.043 0.067
287 H 0.039 0.042 0.049 0.035 0.007 0.035 0.049 0.035 0.403 0.021 0.035 0.042 0.014 0.028 0.018 0.039 0.025 0.007 0.053 0.021
288 L 0.041 0.022 0.013 0.014 0.015 0.015 0.019 0.02 0.009 0.107 0.422 0.023 0.046 0.051 0.013 0.022 0.031 0.007 0.021 0.089
289 A 0.227 0.026 0.02 0.023 0.019 0.02 0.031 0.052 0.012 0.076 0.141 0.034 0.025 0.029 0.022 0.058 0.043 0.005 0.018 0.121
290 F 0.031 0.018 0.016 0.016 0.01 0.01 0.018 0.024 0.016 0.059 0.106 0.018 0.024 0.432 0.01 0.024 0.024 0.016 0.082 0.051
291 Y 0.038 0.026 0.02 0.017 0.009 0.02 0.026 0.023 0.043 0.04 0.063 0.029 0.017 0.121 0.014 0.029 0.026 0.026 0.368 0.043
292 T 0.057 0.027 0.03 0.027 0.014 0.021 0.028 0.135 0.014 0.054 0.087 0.033 0.058 0.107 0.019 0.055 0.139 0.008 0.03 0.058
293 A 0.239 0.031 0.032 0.032 0.019 0.025 0.04 0.064 0.014 0.039 0.053 0.043 0.016 0.02 0.027 0.12 0.103 0.005 0.016 0.059
294 P 0.053 0.024 0.022 0.029 0.01 0.019 0.034 0.034 0.012 0.024 0.034 0.038 0.01 0.012 0.531 0.041 0.034 0.002 0.012 0.029
295 F 0.031 0.018 0.016 0.016 0.01 0.01 0.018 0.024 0.016 0.059 0.106 0.018 0.024 0.432 0.01 0.024 0.024 0.016 0.082 0.051
296 L 0.041 0.022 0.013 0.014 0.015 0.015 0.019 0.02 0.009 0.107 0.422 0.023 0.046 0.051 0.013 0.022 0.031 0.007 0.021 0.089
297 Q 0.052 0.068 0.041 0.044 0.008 0.273 0.095 0.038 0.027 0.025 0.044 0.084 0.019 0.014 0.022 0.052 0.038 0.005 0.019 0.033
298 R 0.041 0.394 0.036 0.029 0.007 0.045 0.048 0.03 0.022 0.022 0.043 0.111 0.014 0.016 0.018 0.041 0.032 0.005 0.016 0.029
299 L 0.041 0.022 0.013 0.014 0.015 0.015 0.019 0.02 0.009 0.107 0.422 0.023 0.046 0.051 0.013 0.022 0.031 0.007 0.021 0.089
300 L 0.041 0.022 0.013 0.014 0.015 0.015 0.019 0.02 0.009 0.107 0.422 0.023 0.046 0.051 0.013 0.022 0.031 0.007 0.021 0.089
301 Y 0.036 0.024 0.019 0.017 0.009 0.018 0.024 0.023 0.038 0.044 0.072 0.027 0.019 0.183 0.014 0.028 0.025 0.024 0.311 0.045
302 Y 0.037 0.025 0.02 0.017 0.009 0.019 0.025 0.023 0.04 0.042 0.068 0.028 0.018 0.152 0.014 0.028 0.026 0.025 0.34 0.044
303 I 0.043 0.018 0.014 0.016 0.015 0.013 0.017 0.019 0.008 0.281 0.209 0.022 0.036 0.043 0.014 0.023 0.036 0.006 0.019 0.149
304 F 0.033 0.019 0.017 0.016 0.01 0.012 0.019 0.023 0.021 0.055 0.097 0.02 0.022 0.37 0.011 0.025 0.024 0.018 0.139 0.049
305 P 0.053 0.024 0.022 0.029 0.01 0.019 0.034 0.034 0.012 0.024 0.034 0.038 0.01 0.012 0.531 0.041 0.034 0.002 0.012 0.029
306 L 0.042 0.021 0.013 0.015 0.015 0.014 0.018 0.02 0.009 0.15 0.368 0.023 0.044 0.049 0.013 0.023 0.032 0.006 0.02 0.104
307 L 0.051 0.022 0.014 0.015 0.016 0.015 0.02 0.021 0.009 0.125 0.301 0.024 0.039 0.044 0.014 0.026 0.037 0.006 0.02 0.183
308 I 0.065 0.022 0.026 0.025 0.015 0.018 0.025 0.134 0.011 0.169 0.099 0.03 0.024 0.03 0.018 0.08 0.045 0.005 0.017 0.142
309 L 0.051 0.02 0.014 0.016 0.016 0.015 0.019 0.021 0.008 0.169 0.248 0.023 0.037 0.042 0.014 0.026 0.038 0.006 0.02 0.198
310 Y 0.038 0.032 0.096 0.033 0.008 0.025 0.035 0.033 0.112 0.033 0.051 0.036 0.015 0.082 0.016 0.038 0.03 0.018 0.235 0.035
311 A 0.217 0.034 0.038 0.037 0.018 0.028 0.044 0.068 0.016 0.034 0.048 0.047 0.016 0.02 0.028 0.172 0.062 0.005 0.017 0.052
312 L 0.048 0.033 0.057 0.034 0.114 0.071 0.069 0.031 0.016 0.104 0.143 0.042 0.025 0.028 0.017 0.039 0.036 0.005 0.017 0.073
313 F 0.041 0.02 0.015 0.015 0.013 0.012 0.019 0.022 0.012 0.092 0.204 0.021 0.031 0.238 0.012 0.025 0.03 0.011 0.051 0.117
314 I 0.057 0.021 0.021 0.022 0.016 0.016 0.023 0.028 0.01 0.248 0.129 0.028 0.03 0.036 0.017 0.075 0.046 0.005 0.018 0.155
315 F 0.035 0.02 0.016 0.016 0.011 0.013 0.019 0.024 0.015 0.066 0.121 0.021 0.063 0.355 0.011 0.026 0.026 0.014 0.07 0.058
316 S 0.07 0.119 0.039 0.034 0.013 0.03 0.042 0.045 0.019 0.034 0.058 0.058 0.017 0.119 0.021 0.149 0.053 0.008 0.033 0.04
317 R 0.047 0.207 0.035 0.028 0.01 0.036 0.043 0.03 0.111 0.055 0.062 0.074 0.018 0.024 0.018 0.039 0.034 0.006 0.027 0.098
318 G 0.074 0.022 0.033 0.029 0.137 0.018 0.025 0.352 0.012 0.025 0.037 0.031 0.011 0.017 0.018 0.073 0.036 0.005 0.011 0.033
319 R 0.083 0.143 0.077 0.042 0.01 0.122 0.068 0.044 0.024 0.026 0.043 0.112 0.016 0.016 0.022 0.055 0.039 0.005 0.017 0.035
320 R 0.049 0.111 0.026 0.025 0.012 0.028 0.036 0.029 0.015 0.089 0.083 0.103 0.022 0.105 0.018 0.04 0.062 0.007 0.03 0.11
