#Seq2Logo.py -f /work3/idamei/ssn-clusterings/clustering/2205181126/clusters/0022_3/sequences.afa -o /work3/idamei/ssn-clusterings/clustering/2205181126/clusters/0022_3/sequences.logo
#Position Specific Frequency Matrix
A R N D C Q E G H I L K M F P S T W Y V
0 M 0.05 0.031 0.019 0.019 0.015 0.027 0.027 0.027 0.015 0.097 0.189 0.035 0.193 0.046 0.015 0.035 0.039 0.008 0.023 0.089
1 L 0.057 0.068 0.075 0.035 0.014 0.026 0.034 0.038 0.016 0.102 0.148 0.046 0.038 0.032 0.019 0.078 0.071 0.006 0.019 0.079
2 V 0.07 0.022 0.017 0.018 0.019 0.017 0.023 0.025 0.008 0.165 0.131 0.026 0.032 0.036 0.017 0.033 0.05 0.006 0.021 0.266
3 L 0.045 0.024 0.014 0.015 0.016 0.016 0.02 0.021 0.01 0.116 0.373 0.025 0.05 0.055 0.014 0.024 0.034 0.007 0.022 0.097
4 D 0.052 0.032 0.122 0.138 0.011 0.026 0.05 0.046 0.019 0.065 0.061 0.041 0.017 0.069 0.02 0.077 0.072 0.006 0.024 0.053
5 E 0.049 0.119 0.035 0.057 0.008 0.05 0.17 0.032 0.03 0.028 0.047 0.075 0.015 0.045 0.022 0.046 0.034 0.011 0.093 0.035
6 V 0.07 0.022 0.017 0.018 0.019 0.017 0.023 0.025 0.008 0.165 0.131 0.026 0.032 0.036 0.017 0.033 0.05 0.006 0.021 0.266
7 K 0.057 0.108 0.042 0.042 0.009 0.054 0.071 0.043 0.021 0.028 0.043 0.275 0.016 0.016 0.028 0.054 0.04 0.005 0.017 0.033
8 R 0.045 0.342 0.039 0.031 0.008 0.049 0.053 0.033 0.023 0.023 0.047 0.121 0.016 0.017 0.019 0.045 0.035 0.006 0.017 0.031
9 K 0.057 0.108 0.042 0.042 0.009 0.054 0.071 0.043 0.021 0.028 0.043 0.275 0.016 0.016 0.028 0.054 0.04 0.005 0.017 0.033
10 S 0.11 0.04 0.054 0.049 0.018 0.033 0.053 0.067 0.019 0.03 0.042 0.054 0.016 0.021 0.03 0.217 0.082 0.005 0.018 0.042
11 C 0.065 0.016 0.016 0.016 0.482 0.012 0.016 0.033 0.008 0.045 0.065 0.02 0.016 0.02 0.016 0.041 0.037 0.004 0.012 0.057
12 K 0.057 0.108 0.042 0.042 0.009 0.054 0.071 0.043 0.021 0.028 0.043 0.275 0.016 0.016 0.028 0.054 0.04 0.005 0.017 0.033
13 K 0.057 0.108 0.042 0.042 0.009 0.054 0.071 0.043 0.021 0.028 0.043 0.275 0.016 0.016 0.028 0.054 0.04 0.005 0.017 0.033
14 I 0.047 0.018 0.015 0.018 0.016 0.013 0.018 0.021 0.009 0.268 0.169 0.024 0.037 0.044 0.015 0.025 0.04 0.006 0.021 0.177
15 E 0.055 0.05 0.041 0.091 0.007 0.065 0.294 0.035 0.026 0.022 0.037 0.076 0.013 0.017 0.026 0.055 0.037 0.006 0.017 0.031
16 D 0.041 0.03 0.069 0.395 0.008 0.03 0.092 0.047 0.019 0.022 0.028 0.045 0.009 0.015 0.022 0.052 0.036 0.004 0.011 0.024
17 V 0.07 0.022 0.017 0.018 0.019 0.017 0.023 0.025 0.008 0.165 0.131 0.026 0.032 0.036 0.017 0.033 0.05 0.006 0.021 0.266
18 L 0.052 0.032 0.02 0.02 0.016 0.028 0.028 0.028 0.016 0.101 0.198 0.036 0.157 0.048 0.016 0.036 0.04 0.008 0.024 0.093
19 A 0.287 0.031 0.026 0.03 0.022 0.026 0.041 0.079 0.015 0.043 0.06 0.045 0.018 0.022 0.03 0.085 0.05 0.005 0.018 0.069
20 F 0.034 0.019 0.017 0.017 0.011 0.011 0.019 0.026 0.017 0.064 0.115 0.019 0.026 0.384 0.011 0.026 0.026 0.017 0.089 0.055
21 D 0.049 0.065 0.105 0.119 0.009 0.038 0.114 0.043 0.062 0.053 0.048 0.065 0.015 0.021 0.021 0.065 0.04 0.005 0.02 0.044
22 L 0.048 0.078 0.062 0.031 0.011 0.028 0.037 0.06 0.035 0.081 0.099 0.086 0.022 0.056 0.018 0.039 0.036 0.01 0.081 0.083
23 L 0.049 0.029 0.073 0.032 0.014 0.022 0.029 0.033 0.018 0.113 0.143 0.034 0.051 0.074 0.017 0.045 0.074 0.009 0.051 0.089
24 L 0.052 0.032 0.02 0.02 0.016 0.028 0.028 0.028 0.016 0.1 0.197 0.036 0.16 0.048 0.016 0.036 0.04 0.008 0.024 0.092
25 I 0.047 0.018 0.015 0.018 0.016 0.013 0.018 0.021 0.009 0.271 0.168 0.024 0.037 0.044 0.015 0.025 0.04 0.006 0.021 0.177
26 R 0.045 0.345 0.039 0.031 0.008 0.048 0.052 0.033 0.023 0.023 0.047 0.12 0.016 0.017 0.019 0.045 0.035 0.006 0.017 0.031
27 N 0.043 0.045 0.317 0.083 0.009 0.034 0.049 0.065 0.032 0.023 0.032 0.054 0.011 0.018 0.02 0.07 0.049 0.005 0.016 0.027
28 E 0.052 0.096 0.04 0.066 0.008 0.094 0.214 0.036 0.025 0.023 0.039 0.113 0.014 0.016 0.024 0.052 0.036 0.005 0.017 0.031
29 N 0.062 0.089 0.128 0.05 0.011 0.036 0.05 0.05 0.022 0.055 0.052 0.112 0.016 0.02 0.023 0.105 0.051 0.005 0.017 0.047
30 N 0.043 0.045 0.315 0.083 0.009 0.034 0.05 0.065 0.032 0.023 0.032 0.054 0.011 0.018 0.02 0.07 0.05 0.005 0.016 0.027
31 A 0.11 0.099 0.029 0.031 0.013 0.039 0.054 0.096 0.017 0.064 0.07 0.06 0.019 0.093 0.02 0.056 0.037 0.007 0.029 0.058
32 E 0.055 0.05 0.041 0.091 0.007 0.065 0.294 0.035 0.026 0.022 0.037 0.076 0.013 0.017 0.026 0.055 0.037 0.006 0.017 0.031
33 L 0.045 0.024 0.014 0.015 0.016 0.016 0.02 0.021 0.01 0.116 0.373 0.025 0.05 0.055 0.014 0.024 0.034 0.007 0.022 0.097
34 I 0.047 0.018 0.015 0.018 0.016 0.013 0.018 0.021 0.009 0.268 0.169 0.024 0.037 0.044 0.015 0.025 0.04 0.006 0.021 0.177
35 R 0.045 0.343 0.039 0.031 0.008 0.049 0.052 0.033 0.023 0.023 0.047 0.121 0.016 0.017 0.019 0.045 0.035 0.006 0.017 0.031
36 P 0.057 0.026 0.023 0.031 0.01 0.021 0.036 0.036 0.013 0.026 0.036 0.041 0.01 0.013 0.492 0.044 0.036 0.003 0.013 0.031
37 V 0.072 0.045 0.032 0.037 0.013 0.032 0.07 0.091 0.015 0.088 0.074 0.098 0.02 0.024 0.022 0.066 0.069 0.005 0.017 0.111
38 L 0.049 0.02 0.015 0.016 0.016 0.014 0.019 0.021 0.009 0.196 0.2 0.023 0.036 0.084 0.014 0.026 0.038 0.007 0.027 0.171
39 L 0.044 0.037 0.028 0.022 0.013 0.022 0.029 0.026 0.013 0.128 0.235 0.079 0.035 0.082 0.016 0.03 0.034 0.007 0.027 0.092
40 F 0.067 0.026 0.026 0.025 0.014 0.019 0.029 0.036 0.016 0.062 0.13 0.031 0.043 0.2 0.017 0.082 0.057 0.011 0.049 0.06
41 F 0.038 0.025 0.035 0.147 0.009 0.02 0.045 0.032 0.027 0.042 0.069 0.031 0.018 0.18 0.016 0.036 0.029 0.016 0.142 0.041
42 A 0.109 0.027 0.059 0.03 0.014 0.021 0.031 0.043 0.021 0.098 0.086 0.034 0.022 0.108 0.019 0.068 0.042 0.011 0.083 0.076
43 V 0.092 0.029 0.03 0.029 0.017 0.023 0.034 0.041 0.017 0.08 0.115 0.037 0.03 0.041 0.021 0.107 0.07 0.008 0.055 0.124
44 L 0.044 0.024 0.014 0.015 0.016 0.016 0.02 0.021 0.01 0.115 0.378 0.025 0.049 0.054 0.014 0.024 0.033 0.007 0.022 0.096
45 I 0.047 0.018 0.015 0.018 0.016 0.013 0.018 0.021 0.009 0.274 0.167 0.023 0.037 0.044 0.015 0.025 0.04 0.006 0.021 0.176
46 L 0.043 0.019 0.015 0.016 0.014 0.013 0.019 0.022 0.011 0.162 0.193 0.022 0.034 0.166 0.013 0.025 0.033 0.009 0.042 0.128
47 L 0.055 0.025 0.023 0.022 0.015 0.018 0.026 0.031 0.013 0.081 0.224 0.029 0.033 0.144 0.016 0.074 0.041 0.009 0.038 0.081
48 L 0.072 0.021 0.016 0.018 0.015 0.015 0.021 0.027 0.015 0.16 0.184 0.025 0.032 0.113 0.015 0.031 0.034 0.01 0.067 0.108
49 V 0.065 0.024 0.028 0.026 0.015 0.019 0.028 0.089 0.013 0.11 0.095 0.031 0.023 0.113 0.018 0.082 0.058 0.008 0.033 0.121
50 L 0.059 0.024 0.023 0.023 0.016 0.018 0.026 0.031 0.012 0.148 0.179 0.03 0.038 0.08 0.017 0.075 0.045 0.007 0.027 0.122
51 F 0.034 0.019 0.017 0.017 0.011 0.011 0.019 0.025 0.017 0.063 0.114 0.019 0.025 0.39 0.011 0.025 0.025 0.017 0.088 0.055
52 L 0.044 0.024 0.014 0.015 0.016 0.016 0.02 0.021 0.01 0.115 0.378 0.025 0.049 0.054 0.014 0.024 0.033 0.007 0.022 0.096
53 F 0.048 0.021 0.02 0.019 0.121 0.014 0.021 0.03 0.014 0.059 0.124 0.023 0.024 0.24 0.014 0.053 0.034 0.011 0.054 0.056
54 I 0.057 0.022 0.021 0.022 0.015 0.017 0.023 0.083 0.011 0.163 0.141 0.028 0.028 0.039 0.016 0.053 0.041 0.062 0.024 0.136
55 L 0.053 0.021 0.018 0.018 0.051 0.016 0.02 0.097 0.01 0.138 0.224 0.025 0.043 0.04 0.015 0.03 0.035 0.006 0.019 0.119
56 L 0.053 0.022 0.019 0.019 0.069 0.016 0.022 0.027 0.011 0.145 0.209 0.026 0.034 0.081 0.015 0.051 0.039 0.007 0.026 0.11
57 A 0.141 0.029 0.031 0.03 0.016 0.023 0.034 0.105 0.015 0.056 0.103 0.038 0.027 0.069 0.022 0.107 0.05 0.007 0.025 0.074
58 G 0.154 0.027 0.028 0.028 0.071 0.022 0.031 0.159 0.013 0.054 0.071 0.036 0.036 0.024 0.022 0.078 0.045 0.005 0.016 0.081
59 F 0.04 0.021 0.017 0.017 0.012 0.015 0.021 0.022 0.022 0.14 0.145 0.024 0.029 0.153 0.013 0.026 0.031 0.015 0.143 0.094
60 S 0.106 0.039 0.052 0.047 0.017 0.032 0.05 0.064 0.018 0.029 0.04 0.052 0.015 0.02 0.029 0.25 0.079 0.005 0.017 0.04
61 P 0.055 0.025 0.022 0.03 0.01 0.02 0.035 0.035 0.012 0.025 0.035 0.04 0.01 0.012 0.513 0.042 0.035 0.002 0.012 0.03
62 L 0.052 0.022 0.015 0.016 0.017 0.015 0.02 0.022 0.009 0.155 0.268 0.024 0.04 0.045 0.015 0.026 0.038 0.006 0.021 0.176
63 L 0.044 0.024 0.015 0.016 0.016 0.016 0.02 0.022 0.01 0.108 0.381 0.025 0.046 0.051 0.014 0.027 0.046 0.007 0.021 0.091
64 G 0.075 0.022 0.038 0.032 0.01 0.018 0.025 0.529 0.013 0.018 0.027 0.032 0.009 0.016 0.018 0.049 0.029 0.005 0.01 0.023
65 F 0.032 0.018 0.016 0.016 0.01 0.01 0.018 0.024 0.016 0.061 0.11 0.018 0.024 0.41 0.01 0.024 0.024 0.016 0.085 0.053
66 Y 0.042 0.026 0.02 0.018 0.064 0.02 0.026 0.025 0.041 0.042 0.065 0.029 0.018 0.114 0.015 0.031 0.028 0.024 0.307 0.046
67 I 0.055 0.019 0.015 0.017 0.06 0.014 0.019 0.034 0.008 0.202 0.164 0.024 0.033 0.038 0.015 0.028 0.04 0.006 0.019 0.19
68 P 0.067 0.027 0.028 0.032 0.012 0.022 0.037 0.04 0.013 0.04 0.046 0.041 0.013 0.017 0.35 0.087 0.046 0.003 0.014 0.062
69 L 0.044 0.021 0.014 0.015 0.016 0.015 0.019 0.02 0.009 0.174 0.32 0.024 0.044 0.049 0.014 0.024 0.034 0.006 0.021 0.118
70 I 0.044 0.019 0.015 0.017 0.015 0.014 0.018 0.021 0.011 0.226 0.169 0.023 0.052 0.105 0.014 0.025 0.036 0.008 0.031 0.137
71 F 0.038 0.02 0.016 0.016 0.065 0.012 0.019 0.025 0.018 0.062 0.132 0.02 0.025 0.296 0.012 0.027 0.027 0.015 0.099 0.057
72 L 0.043 0.023 0.014 0.015 0.016 0.016 0.019 0.02 0.01 0.111 0.4 0.024 0.048 0.053 0.014 0.023 0.032 0.007 0.021 0.092
73 A 0.183 0.027 0.028 0.029 0.127 0.022 0.034 0.057 0.013 0.068 0.066 0.037 0.018 0.023 0.024 0.103 0.051 0.005 0.016 0.069
74 L 0.061 0.022 0.015 0.016 0.015 0.015 0.02 0.025 0.011 0.127 0.26 0.024 0.038 0.127 0.014 0.028 0.033 0.009 0.035 0.105
75 N 0.054 0.042 0.142 0.093 0.011 0.075 0.057 0.101 0.022 0.041 0.047 0.053 0.015 0.019 0.021 0.059 0.067 0.005 0.016 0.062
76 F 0.076 0.02 0.019 0.019 0.068 0.014 0.021 0.085 0.012 0.111 0.133 0.024 0.026 0.158 0.015 0.035 0.033 0.009 0.04 0.082
77 G 0.06 0.03 0.028 0.026 0.038 0.019 0.027 0.251 0.014 0.048 0.065 0.057 0.017 0.128 0.016 0.04 0.031 0.008 0.033 0.065
78 S 0.077 0.04 0.12 0.066 0.014 0.043 0.051 0.057 0.021 0.032 0.043 0.052 0.015 0.019 0.025 0.152 0.111 0.005 0.016 0.042
79 L 0.085 0.032 0.096 0.04 0.014 0.025 0.05 0.07 0.02 0.062 0.131 0.039 0.023 0.04 0.02 0.069 0.044 0.008 0.054 0.079
80 R 0.083 0.162 0.036 0.034 0.011 0.04 0.052 0.043 0.019 0.031 0.052 0.157 0.016 0.061 0.023 0.071 0.041 0.006 0.024 0.038
81 G 0.056 0.047 0.031 0.03 0.012 0.052 0.043 0.115 0.019 0.07 0.105 0.099 0.031 0.037 0.02 0.046 0.061 0.008 0.054 0.064
82 L 0.073 0.024 0.02 0.02 0.014 0.017 0.024 0.031 0.018 0.092 0.162 0.027 0.028 0.162 0.016 0.039 0.059 0.012 0.087 0.077
83 R 0.043 0.37 0.037 0.03 0.007 0.047 0.05 0.032 0.022 0.022 0.045 0.116 0.015 0.017 0.019 0.043 0.034 0.006 0.017 0.03
84 L 0.056 0.025 0.02 0.02 0.015 0.019 0.025 0.026 0.018 0.122 0.152 0.029 0.047 0.058 0.016 0.045 0.053 0.011 0.092 0.149
85 L 0.053 0.023 0.055 0.027 0.027 0.017 0.026 0.071 0.013 0.113 0.125 0.03 0.025 0.072 0.098 0.036 0.038 0.006 0.025 0.122
86 L 0.075 0.021 0.016 0.017 0.016 0.015 0.021 0.027 0.01 0.158 0.233 0.025 0.036 0.084 0.015 0.031 0.036 0.007 0.027 0.127
87 V 0.117 0.028 0.03 0.029 0.072 0.022 0.033 0.046 0.013 0.094 0.08 0.037 0.022 0.026 0.022 0.107 0.079 0.005 0.017 0.121
88 L 0.043 0.022 0.015 0.016 0.015 0.015 0.019 0.021 0.011 0.166 0.265 0.024 0.057 0.088 0.014 0.025 0.034 0.008 0.028 0.113
89 I 0.046 0.018 0.015 0.017 0.015 0.013 0.018 0.021 0.009 0.257 0.152 0.022 0.034 0.082 0.014 0.025 0.038 0.007 0.027 0.171
90 A 0.186 0.03 0.031 0.032 0.018 0.024 0.038 0.059 0.014 0.094 0.075 0.041 0.02 0.025 0.025 0.125 0.056 0.005 0.017 0.081
91 I 0.046 0.019 0.014 0.016 0.016 0.014 0.018 0.02 0.009 0.249 0.212 0.023 0.038 0.044 0.014 0.024 0.037 0.006 0.02 0.16
92 F 0.039 0.022 0.017 0.017 0.012 0.015 0.021 0.023 0.023 0.093 0.158 0.024 0.028 0.195 0.013 0.026 0.029 0.016 0.15 0.078
93 S 0.09 0.035 0.079 0.046 0.069 0.028 0.043 0.112 0.018 0.028 0.04 0.046 0.014 0.019 0.025 0.184 0.065 0.005 0.015 0.038
94 G 0.16 0.027 0.032 0.031 0.125 0.022 0.033 0.164 0.013 0.034 0.048 0.037 0.014 0.019 0.023 0.102 0.048 0.005 0.014 0.048
95 A 0.187 0.031 0.03 0.031 0.018 0.026 0.038 0.058 0.015 0.054 0.107 0.042 0.04 0.027 0.025 0.104 0.077 0.006 0.018 0.067
96 F 0.034 0.02 0.017 0.017 0.01 0.013 0.02 0.024 0.023 0.057 0.1 0.021 0.023 0.347 0.011 0.026 0.025 0.019 0.143 0.051
97 I 0.048 0.02 0.018 0.019 0.015 0.014 0.02 0.024 0.011 0.203 0.135 0.024 0.031 0.121 0.015 0.032 0.063 0.008 0.034 0.147
98 F 0.103 0.021 0.018 0.019 0.016 0.015 0.024 0.034 0.012 0.118 0.111 0.026 0.026 0.158 0.016 0.038 0.039 0.009 0.041 0.155
99 A 0.266 0.032 0.031 0.033 0.02 0.026 0.042 0.072 0.015 0.038 0.053 0.045 0.016 0.021 0.029 0.123 0.056 0.005 0.017 0.06
100 S 0.106 0.039 0.052 0.047 0.017 0.032 0.05 0.064 0.018 0.029 0.04 0.052 0.015 0.02 0.029 0.25 0.079 0.005 0.017 0.04
101 R 0.043 0.37 0.037 0.03 0.007 0.047 0.05 0.032 0.022 0.022 0.045 0.116 0.015 0.017 0.019 0.043 0.034 0.006 0.017 0.03
102 N 0.042 0.044 0.309 0.081 0.008 0.036 0.078 0.059 0.03 0.022 0.031 0.054 0.011 0.017 0.02 0.065 0.046 0.004 0.015 0.026
103 I 0.048 0.022 0.019 0.019 0.014 0.016 0.022 0.024 0.018 0.172 0.119 0.026 0.028 0.099 0.015 0.033 0.062 0.012 0.099 0.132
104 L 0.079 0.024 0.019 0.025 0.015 0.021 0.055 0.029 0.012 0.14 0.175 0.031 0.031 0.078 0.017 0.035 0.038 0.007 0.027 0.141
105 S 0.08 0.033 0.043 0.079 0.015 0.028 0.046 0.049 0.02 0.051 0.068 0.044 0.036 0.036 0.023 0.155 0.06 0.008 0.054 0.073
106 G 0.11 0.023 0.036 0.032 0.012 0.019 0.027 0.46 0.013 0.022 0.032 0.034 0.01 0.016 0.02 0.055 0.032 0.005 0.011 0.03
107 S 0.108 0.034 0.074 0.04 0.016 0.027 0.04 0.053 0.017 0.058 0.099 0.043 0.021 0.026 0.024 0.134 0.08 0.005 0.018 0.083
108 L 0.055 0.031 0.059 0.031 0.014 0.045 0.036 0.034 0.015 0.124 0.15 0.039 0.028 0.032 0.073 0.06 0.043 0.005 0.018 0.107
109 G 0.087 0.063 0.033 0.032 0.011 0.054 0.047 0.149 0.02 0.058 0.057 0.115 0.017 0.031 0.022 0.054 0.037 0.008 0.052 0.051
110 D 0.047 0.03 0.065 0.379 0.008 0.029 0.084 0.047 0.018 0.022 0.028 0.044 0.01 0.015 0.022 0.072 0.039 0.004 0.011 0.025
111 D 0.039 0.029 0.066 0.421 0.007 0.029 0.088 0.045 0.018 0.022 0.027 0.043 0.009 0.014 0.022 0.05 0.034 0.004 0.011 0.023
112 F 0.035 0.019 0.016 0.016 0.011 0.011 0.019 0.024 0.015 0.072 0.174 0.02 0.03 0.331 0.011 0.024 0.026 0.014 0.071 0.062
113 A 0.197 0.03 0.024 0.03 0.017 0.026 0.057 0.055 0.02 0.052 0.113 0.041 0.022 0.044 0.024 0.062 0.041 0.009 0.071 0.065
114 N 0.042 0.045 0.279 0.114 0.008 0.056 0.058 0.058 0.029 0.022 0.032 0.055 0.012 0.017 0.02 0.064 0.045 0.004 0.015 0.027
115 I 0.054 0.019 0.015 0.017 0.017 0.014 0.02 0.022 0.008 0.219 0.173 0.024 0.035 0.04 0.015 0.027 0.041 0.006 0.02 0.215
116 Y 0.039 0.029 0.057 0.025 0.009 0.022 0.029 0.028 0.043 0.04 0.062 0.032 0.017 0.114 0.015 0.034 0.029 0.024 0.307 0.043
117 Y 0.039 0.027 0.055 0.024 0.01 0.02 0.027 0.028 0.035 0.051 0.106 0.03 0.022 0.153 0.015 0.032 0.029 0.02 0.229 0.049
118 P 0.058 0.026 0.036 0.056 0.011 0.02 0.036 0.034 0.016 0.051 0.088 0.036 0.017 0.03 0.293 0.04 0.036 0.006 0.044 0.068
119 V 0.151 0.024 0.019 0.021 0.019 0.019 0.028 0.041 0.01 0.119 0.103 0.031 0.026 0.03 0.02 0.048 0.048 0.005 0.019 0.22
120 Y 0.038 0.025 0.02 0.018 0.009 0.019 0.025 0.024 0.039 0.046 0.076 0.027 0.019 0.189 0.014 0.029 0.026 0.025 0.287 0.047
121 N 0.047 0.046 0.136 0.06 0.009 0.083 0.115 0.042 0.028 0.035 0.08 0.059 0.018 0.032 0.02 0.052 0.039 0.008 0.054 0.038
122 L 0.05 0.065 0.034 0.112 0.012 0.025 0.043 0.033 0.018 0.105 0.124 0.043 0.042 0.042 0.018 0.059 0.039 0.008 0.054 0.076
123 V 0.055 0.023 0.016 0.017 0.017 0.018 0.022 0.023 0.01 0.167 0.182 0.027 0.079 0.042 0.015 0.03 0.041 0.006 0.021 0.188
124 N 0.08 0.081 0.103 0.05 0.011 0.081 0.085 0.045 0.022 0.059 0.057 0.064 0.018 0.02 0.022 0.059 0.067 0.005 0.017 0.054
125 N 0.053 0.049 0.155 0.075 0.009 0.036 0.054 0.051 0.135 0.023 0.035 0.077 0.013 0.021 0.022 0.087 0.044 0.005 0.028 0.028
126 G 0.075 0.022 0.038 0.032 0.01 0.018 0.025 0.529 0.013 0.018 0.027 0.032 0.009 0.016 0.018 0.049 0.029 0.005 0.01 0.023
127 G 0.072 0.026 0.043 0.089 0.01 0.024 0.056 0.38 0.015 0.02 0.029 0.039 0.01 0.016 0.02 0.072 0.035 0.005 0.012 0.026
128 T 0.087 0.036 0.047 0.041 0.017 0.029 0.044 0.052 0.016 0.04 0.052 0.048 0.017 0.021 0.028 0.167 0.181 0.005 0.017 0.055
129 I 0.048 0.018 0.014 0.017 0.016 0.013 0.018 0.02 0.008 0.282 0.157 0.023 0.035 0.042 0.014 0.025 0.039 0.006 0.02 0.185
130 F 0.034 0.019 0.016 0.016 0.011 0.011 0.018 0.024 0.016 0.067 0.142 0.019 0.027 0.371 0.011 0.024 0.025 0.015 0.078 0.057
131 Y 0.042 0.026 0.02 0.018 0.01 0.02 0.026 0.024 0.041 0.055 0.072 0.029 0.019 0.116 0.015 0.03 0.029 0.025 0.308 0.073
132 K 0.055 0.05 0.041 0.083 0.01 0.037 0.082 0.039 0.065 0.031 0.046 0.103 0.015 0.043 0.023 0.072 0.064 0.01 0.093 0.037
133 D 0.056 0.043 0.053 0.203 0.009 0.101 0.086 0.099 0.021 0.023 0.035 0.058 0.013 0.015 0.022 0.074 0.04 0.005 0.015 0.029
134 F 0.041 0.021 0.02 0.02 0.011 0.013 0.022 0.029 0.016 0.057 0.102 0.022 0.023 0.367 0.012 0.049 0.03 0.015 0.078 0.051
135 S 0.098 0.038 0.05 0.045 0.017 0.031 0.048 0.059 0.017 0.034 0.045 0.05 0.016 0.021 0.028 0.214 0.123 0.005 0.017 0.047
136 G 0.099 0.033 0.086 0.042 0.012 0.025 0.035 0.322 0.017 0.023 0.033 0.057 0.011 0.017 0.021 0.078 0.04 0.005 0.013 0.031
137 G 0.075 0.022 0.038 0.032 0.01 0.018 0.025 0.529 0.013 0.018 0.027 0.032 0.009 0.016 0.018 0.049 0.029 0.005 0.01 0.023
138 V 0.061 0.019 0.016 0.017 0.016 0.014 0.02 0.024 0.01 0.182 0.132 0.023 0.03 0.12 0.014 0.029 0.039 0.008 0.034 0.189
139 E 0.053 0.048 0.039 0.087 0.007 0.062 0.324 0.034 0.025 0.021 0.035 0.073 0.012 0.016 0.025 0.053 0.035 0.005 0.016 0.03
140 F 0.032 0.018 0.016 0.016 0.01 0.01 0.018 0.024 0.016 0.061 0.11 0.018 0.024 0.41 0.01 0.024 0.024 0.016 0.085 0.053
141 L 0.039 0.02 0.015 0.016 0.013 0.013 0.018 0.022 0.012 0.132 0.229 0.021 0.035 0.196 0.012 0.024 0.03 0.01 0.047 0.094
142 L 0.042 0.022 0.014 0.015 0.015 0.015 0.019 0.021 0.01 0.126 0.341 0.023 0.044 0.091 0.013 0.024 0.032 0.008 0.028 0.097
143 P 0.054 0.027 0.024 0.028 0.011 0.022 0.033 0.034 0.016 0.038 0.059 0.039 0.032 0.03 0.348 0.045 0.061 0.006 0.051 0.042
144 L 0.047 0.023 0.016 0.017 0.015 0.016 0.02 0.077 0.01 0.122 0.332 0.025 0.042 0.047 0.014 0.026 0.032 0.007 0.02 0.093
145 Y 0.037 0.025 0.02 0.018 0.009 0.018 0.025 0.024 0.038 0.047 0.077 0.027 0.02 0.195 0.014 0.029 0.026 0.024 0.281 0.047
146 F 0.034 0.019 0.016 0.016 0.011 0.011 0.018 0.024 0.016 0.067 0.142 0.019 0.027 0.371 0.011 0.024 0.025 0.015 0.078 0.057
147 K 0.052 0.094 0.037 0.037 0.008 0.047 0.063 0.04 0.019 0.027 0.043 0.274 0.015 0.02 0.024 0.048 0.036 0.061 0.022 0.031
148 I 0.081 0.021 0.016 0.018 0.017 0.016 0.022 0.028 0.01 0.194 0.174 0.027 0.045 0.04 0.016 0.033 0.041 0.006 0.02 0.175
149 L 0.049 0.019 0.014 0.016 0.07 0.014 0.018 0.022 0.009 0.206 0.208 0.023 0.036 0.042 0.014 0.026 0.037 0.006 0.019 0.151
150 G 0.066 0.028 0.033 0.029 0.011 0.022 0.031 0.201 0.028 0.031 0.047 0.036 0.014 0.066 0.019 0.085 0.039 0.015 0.16 0.037
151 F 0.044 0.03 0.097 0.035 0.01 0.023 0.032 0.091 0.066 0.043 0.095 0.034 0.019 0.119 0.016 0.045 0.033 0.013 0.113 0.042
152 I 0.051 0.021 0.015 0.017 0.016 0.015 0.02 0.022 0.01 0.197 0.177 0.025 0.052 0.07 0.014 0.027 0.039 0.007 0.025 0.179
153 F 0.036 0.02 0.016 0.016 0.011 0.013 0.019 0.023 0.018 0.07 0.169 0.021 0.029 0.299 0.011 0.025 0.026 0.015 0.1 0.061
154 G 0.066 0.025 0.057 0.121 0.01 0.022 0.041 0.347 0.015 0.025 0.049 0.036 0.012 0.018 0.019 0.06 0.034 0.005 0.012 0.028
155 I 0.052 0.022 0.025 0.065 0.015 0.018 0.03 0.028 0.011 0.216 0.136 0.03 0.048 0.037 0.017 0.053 0.042 0.006 0.019 0.13
156 A 0.124 0.088 0.038 0.042 0.013 0.061 0.085 0.051 0.019 0.036 0.049 0.104 0.017 0.019 0.025 0.101 0.049 0.005 0.017 0.056
157 E 0.086 0.043 0.11 0.101 0.011 0.061 0.117 0.051 0.022 0.028 0.04 0.058 0.014 0.018 0.024 0.085 0.071 0.005 0.016 0.038
158 P 0.054 0.035 0.027 0.033 0.01 0.07 0.049 0.036 0.016 0.025 0.037 0.05 0.012 0.013 0.404 0.045 0.036 0.003 0.014 0.031
159 V 0.09 0.029 0.023 0.024 0.017 0.043 0.034 0.033 0.012 0.108 0.1 0.035 0.026 0.071 0.019 0.045 0.069 0.007 0.026 0.19
160 Y 0.056 0.027 0.029 0.048 0.012 0.022 0.033 0.088 0.024 0.07 0.077 0.035 0.037 0.059 0.073 0.062 0.051 0.012 0.125 0.059
161 I 0.051 0.02 0.015 0.017 0.016 0.015 0.02 0.022 0.012 0.207 0.166 0.024 0.033 0.05 0.015 0.027 0.039 0.008 0.056 0.186
162 L 0.045 0.024 0.016 0.017 0.015 0.018 0.021 0.023 0.012 0.142 0.244 0.027 0.091 0.088 0.014 0.027 0.035 0.008 0.029 0.104
163 F 0.163 0.024 0.02 0.022 0.016 0.017 0.028 0.047 0.014 0.063 0.088 0.03 0.022 0.195 0.019 0.051 0.037 0.01 0.048 0.086
164 A 0.174 0.029 0.029 0.03 0.018 0.023 0.036 0.055 0.014 0.066 0.074 0.039 0.02 0.067 0.024 0.109 0.053 0.006 0.025 0.109
165 V 0.064 0.022 0.019 0.019 0.017 0.016 0.024 0.026 0.009 0.136 0.117 0.026 0.028 0.075 0.016 0.037 0.07 0.007 0.027 0.244
166 S 0.082 0.031 0.037 0.034 0.071 0.025 0.037 0.046 0.014 0.059 0.097 0.04 0.021 0.026 0.024 0.141 0.109 0.005 0.017 0.082
167 F 0.129 0.023 0.021 0.022 0.015 0.017 0.025 0.095 0.013 0.084 0.123 0.029 0.024 0.156 0.018 0.045 0.035 0.009 0.04 0.077
168 L 0.071 0.023 0.015 0.017 0.015 0.015 0.021 0.027 0.012 0.092 0.297 0.025 0.039 0.129 0.015 0.03 0.032 0.009 0.035 0.081
169 C 0.062 0.022 0.019 0.019 0.395 0.038 0.026 0.031 0.01 0.054 0.068 0.028 0.018 0.021 0.016 0.04 0.037 0.004 0.014 0.079
170 L 0.043 0.023 0.015 0.015 0.015 0.016 0.02 0.021 0.013 0.124 0.336 0.025 0.043 0.06 0.014 0.024 0.032 0.009 0.057 0.096
171 L 0.057 0.024 0.025 0.023 0.014 0.017 0.025 0.085 0.013 0.1 0.159 0.029 0.028 0.118 0.017 0.06 0.065 0.008 0.033 0.099
172 L 0.049 0.023 0.018 0.019 0.014 0.017 0.022 0.079 0.011 0.091 0.292 0.027 0.043 0.053 0.07 0.029 0.033 0.006 0.021 0.084
173 F 0.034 0.02 0.016 0.016 0.011 0.012 0.019 0.024 0.019 0.064 0.137 0.02 0.026 0.339 0.011 0.025 0.026 0.016 0.107 0.056
174 Y 0.039 0.027 0.021 0.018 0.009 0.021 0.027 0.024 0.045 0.042 0.066 0.03 0.018 0.126 0.015 0.03 0.027 0.027 0.344 0.045
175 I 0.048 0.018 0.014 0.017 0.016 0.014 0.018 0.02 0.009 0.257 0.183 0.023 0.036 0.042 0.014 0.025 0.039 0.006 0.02 0.18
176 W 0.029 0.022 0.015 0.015 0.007 0.015 0.022 0.029 0.015 0.029 0.051 0.022 0.015 0.058 0.007 0.022 0.022 0.512 0.066 0.029
177 L 0.044 0.024 0.014 0.015 0.016 0.017 0.02 0.021 0.01 0.12 0.363 0.025 0.063 0.051 0.014 0.025 0.033 0.007 0.022 0.096
178 E 0.053 0.048 0.039 0.087 0.007 0.062 0.324 0.034 0.025 0.021 0.035 0.073 0.012 0.016 0.025 0.053 0.035 0.005 0.016 0.03
179 K 0.049 0.105 0.031 0.031 0.009 0.038 0.05 0.035 0.018 0.044 0.067 0.19 0.018 0.067 0.02 0.042 0.035 0.063 0.03 0.057
180 Y 0.037 0.024 0.024 0.062 0.009 0.018 0.031 0.026 0.032 0.046 0.076 0.028 0.019 0.208 0.014 0.03 0.027 0.021 0.221 0.045
181 G 0.076 0.022 0.032 0.029 0.012 0.017 0.024 0.406 0.012 0.065 0.054 0.031 0.015 0.021 0.018 0.045 0.032 0.005 0.013 0.071
182 L 0.046 0.024 0.018 0.018 0.015 0.017 0.022 0.024 0.011 0.118 0.28 0.027 0.057 0.087 0.015 0.032 0.06 0.008 0.028 0.094
183 E 0.054 0.09 0.035 0.051 0.009 0.058 0.144 0.035 0.02 0.043 0.05 0.138 0.016 0.017 0.078 0.048 0.037 0.005 0.016 0.057
184 N 0.053 0.043 0.184 0.121 0.009 0.031 0.052 0.134 0.024 0.023 0.032 0.075 0.011 0.019 0.021 0.072 0.043 0.005 0.021 0.027
185 I 0.051 0.018 0.015 0.017 0.016 0.014 0.019 0.021 0.008 0.26 0.151 0.023 0.034 0.04 0.015 0.026 0.041 0.006 0.02 0.205
186 D 0.062 0.039 0.083 0.161 0.011 0.039 0.138 0.047 0.021 0.026 0.037 0.055 0.013 0.017 0.024 0.102 0.073 0.005 0.015 0.034
187 P 0.069 0.079 0.037 0.088 0.01 0.038 0.111 0.04 0.018 0.033 0.05 0.086 0.014 0.017 0.132 0.071 0.041 0.004 0.015 0.045
188 D 0.054 0.082 0.109 0.144 0.01 0.038 0.09 0.047 0.021 0.026 0.038 0.086 0.013 0.017 0.023 0.08 0.069 0.005 0.015 0.033
189 K 0.051 0.087 0.042 0.081 0.008 0.046 0.067 0.041 0.041 0.027 0.041 0.247 0.014 0.022 0.025 0.049 0.036 0.006 0.036 0.031
190 R 0.048 0.242 0.039 0.035 0.008 0.07 0.062 0.036 0.022 0.024 0.044 0.18 0.015 0.016 0.022 0.047 0.036 0.005 0.017 0.031
191 S 0.122 0.038 0.081 0.049 0.016 0.031 0.049 0.065 0.019 0.029 0.041 0.051 0.015 0.02 0.028 0.211 0.072 0.005 0.017 0.042
192 L 0.043 0.023 0.014 0.015 0.016 0.015 0.019 0.02 0.01 0.132 0.373 0.024 0.046 0.051 0.014 0.023 0.033 0.007 0.021 0.101
193 C 0.062 0.016 0.016 0.016 0.504 0.012 0.016 0.031 0.008 0.043 0.062 0.02 0.016 0.02 0.016 0.039 0.035 0.004 0.012 0.055
194 V 0.086 0.021 0.016 0.018 0.018 0.016 0.022 0.028 0.009 0.179 0.158 0.026 0.032 0.037 0.017 0.034 0.043 0.006 0.02 0.213
195 A 0.317 0.03 0.025 0.029 0.021 0.025 0.039 0.075 0.014 0.042 0.057 0.043 0.017 0.021 0.029 0.082 0.048 0.005 0.017 0.066
196 S 0.153 0.037 0.046 0.043 0.018 0.03 0.048 0.066 0.018 0.031 0.044 0.05 0.015 0.02 0.029 0.213 0.072 0.005 0.017 0.046
197 S 0.144 0.034 0.041 0.038 0.072 0.027 0.043 0.06 0.016 0.036 0.049 0.045 0.016 0.02 0.027 0.171 0.089 0.005 0.016 0.051
198 L 0.041 0.022 0.014 0.015 0.014 0.014 0.019 0.021 0.011 0.121 0.309 0.023 0.041 0.131 0.013 0.024 0.031 0.009 0.035 0.092
199 G 0.104 0.024 0.037 0.033 0.012 0.02 0.028 0.426 0.013 0.024 0.042 0.035 0.011 0.018 0.02 0.069 0.035 0.005 0.012 0.031
200 L 0.042 0.023 0.014 0.015 0.015 0.015 0.019 0.021 0.01 0.105 0.367 0.024 0.045 0.092 0.013 0.023 0.031 0.008 0.029 0.088
201 L 0.04 0.022 0.015 0.016 0.013 0.015 0.02 0.023 0.013 0.09 0.263 0.023 0.055 0.191 0.013 0.025 0.03 0.011 0.047 0.077
202 V 0.064 0.025 0.059 0.029 0.015 0.019 0.028 0.089 0.013 0.11 0.095 0.031 0.024 0.071 0.017 0.061 0.046 0.006 0.025 0.174
203 L 0.042 0.019 0.015 0.016 0.068 0.012 0.018 0.023 0.011 0.149 0.186 0.021 0.032 0.165 0.013 0.026 0.032 0.009 0.041 0.101
204 F 0.1 0.023 0.018 0.019 0.014 0.016 0.024 0.034 0.017 0.092 0.163 0.027 0.028 0.172 0.016 0.038 0.033 0.012 0.077 0.077
205 V 0.076 0.028 0.028 0.027 0.017 0.022 0.032 0.037 0.012 0.124 0.108 0.035 0.044 0.032 0.02 0.104 0.056 0.006 0.019 0.174
206 T 0.064 0.031 0.036 0.032 0.016 0.023 0.034 0.038 0.013 0.079 0.078 0.039 0.021 0.068 0.023 0.078 0.217 0.007 0.025 0.077
207 T 0.082 0.036 0.045 0.04 0.017 0.028 0.042 0.049 0.015 0.044 0.055 0.046 0.018 0.022 0.027 0.143 0.21 0.005 0.017 0.059
208 Q 0.054 0.071 0.042 0.045 0.008 0.245 0.099 0.04 0.028 0.025 0.045 0.088 0.02 0.014 0.023 0.054 0.04 0.006 0.02 0.034
209 N 0.053 0.034 0.168 0.05 0.013 0.025 0.037 0.046 0.02 0.097 0.105 0.041 0.022 0.028 0.019 0.075 0.073 0.005 0.017 0.072
210 L 0.049 0.03 0.019 0.019 0.015 0.026 0.026 0.026 0.015 0.098 0.213 0.034 0.177 0.047 0.015 0.033 0.038 0.008 0.023 0.089
211 R 0.043 0.37 0.037 0.03 0.007 0.047 0.05 0.032 0.022 0.022 0.045 0.116 0.015 0.017 0.019 0.043 0.034 0.006 0.017 0.03
212 Q 0.054 0.071 0.042 0.045 0.008 0.245 0.099 0.04 0.028 0.025 0.045 0.088 0.02 0.014 0.023 0.054 0.04 0.006 0.02 0.034
213 A 0.203 0.028 0.024 0.026 0.072 0.023 0.032 0.11 0.014 0.051 0.084 0.037 0.055 0.026 0.023 0.063 0.042 0.006 0.017 0.065
214 L 0.044 0.019 0.015 0.016 0.015 0.013 0.018 0.021 0.01 0.189 0.199 0.022 0.035 0.126 0.013 0.025 0.035 0.008 0.035 0.141
215 S 0.102 0.037 0.05 0.045 0.016 0.03 0.048 0.115 0.018 0.027 0.039 0.05 0.014 0.02 0.027 0.228 0.073 0.005 0.016 0.038
216 C 0.075 0.027 0.032 0.029 0.233 0.021 0.031 0.042 0.012 0.043 0.058 0.035 0.017 0.021 0.022 0.103 0.125 0.005 0.015 0.056
217 V 0.083 0.021 0.016 0.018 0.072 0.016 0.022 0.028 0.008 0.156 0.118 0.026 0.028 0.033 0.017 0.035 0.045 0.005 0.019 0.234
218 F 0.032 0.018 0.016 0.016 0.01 0.01 0.018 0.024 0.016 0.061 0.11 0.018 0.024 0.41 0.01 0.024 0.024 0.016 0.085 0.053
219 L 0.051 0.021 0.014 0.016 0.071 0.015 0.019 0.022 0.009 0.136 0.269 0.024 0.039 0.043 0.014 0.027 0.037 0.006 0.02 0.147
220 L 0.043 0.023 0.014 0.015 0.016 0.015 0.019 0.02 0.01 0.132 0.373 0.024 0.046 0.051 0.014 0.023 0.033 0.007 0.021 0.101
221 F 0.036 0.023 0.019 0.017 0.009 0.016 0.023 0.024 0.032 0.05 0.085 0.025 0.021 0.252 0.013 0.028 0.026 0.022 0.229 0.048
222 A 0.266 0.03 0.027 0.029 0.02 0.024 0.038 0.068 0.014 0.053 0.063 0.042 0.018 0.022 0.027 0.095 0.051 0.005 0.017 0.089
223 I 0.045 0.018 0.014 0.017 0.016 0.013 0.018 0.02 0.009 0.258 0.208 0.023 0.038 0.044 0.014 0.024 0.037 0.006 0.02 0.157
224 S 0.09 0.036 0.046 0.041 0.017 0.03 0.044 0.054 0.017 0.042 0.063 0.048 0.036 0.024 0.027 0.181 0.129 0.005 0.018 0.053
225 F 0.039 0.024 0.018 0.017 0.011 0.017 0.023 0.024 0.026 0.066 0.152 0.025 0.045 0.203 0.013 0.027 0.028 0.018 0.163 0.061
226 F 0.035 0.022 0.017 0.016 0.01 0.014 0.021 0.024 0.024 0.057 0.122 0.023 0.024 0.247 0.012 0.026 0.026 0.073 0.153 0.052
227 L 0.045 0.102 0.023 0.027 0.012 0.027 0.061 0.026 0.015 0.075 0.184 0.049 0.029 0.109 0.016 0.034 0.038 0.008 0.032 0.086
228 R 0.046 0.124 0.078 0.107 0.008 0.067 0.114 0.04 0.063 0.023 0.038 0.1 0.014 0.017 0.022 0.05 0.036 0.005 0.02 0.028
229 K 0.052 0.163 0.042 0.078 0.008 0.044 0.06 0.093 0.02 0.024 0.039 0.191 0.014 0.015 0.023 0.049 0.035 0.005 0.015 0.029
230 K 0.052 0.075 0.072 0.048 0.009 0.091 0.096 0.041 0.023 0.033 0.057 0.173 0.035 0.019 0.023 0.052 0.039 0.005 0.018 0.038
231 R 0.045 0.204 0.034 0.03 0.008 0.042 0.05 0.034 0.023 0.027 0.047 0.159 0.015 0.033 0.02 0.042 0.033 0.064 0.058 0.032
232 L 0.06 0.03 0.021 0.021 0.014 0.019 0.026 0.082 0.012 0.127 0.205 0.057 0.032 0.08 0.016 0.034 0.039 0.007 0.026 0.091
233 L 0.058 0.083 0.03 0.029 0.013 0.031 0.041 0.036 0.017 0.057 0.17 0.104 0.026 0.035 0.053 0.076 0.042 0.007 0.036 0.055
234 F 0.055 0.02 0.019 0.019 0.052 0.013 0.021 0.03 0.016 0.058 0.109 0.022 0.023 0.313 0.013 0.041 0.03 0.014 0.076 0.054
235 L 0.063 0.025 0.025 0.025 0.016 0.019 0.028 0.033 0.013 0.148 0.177 0.032 0.031 0.055 0.018 0.088 0.048 0.007 0.034 0.115
236 L 0.051 0.02 0.015 0.016 0.016 0.014 0.019 0.021 0.009 0.205 0.217 0.024 0.037 0.043 0.015 0.026 0.039 0.006 0.02 0.186
237 F 0.032 0.018 0.016 0.016 0.01 0.01 0.018 0.024 0.016 0.061 0.11 0.018 0.024 0.41 0.01 0.024 0.024 0.016 0.085 0.053
238 F 0.067 0.023 0.022 0.021 0.012 0.016 0.025 0.033 0.019 0.059 0.124 0.027 0.024 0.252 0.015 0.057 0.041 0.014 0.092 0.057
239 L 0.066 0.02 0.015 0.017 0.015 0.014 0.02 0.026 0.011 0.177 0.199 0.024 0.034 0.125 0.014 0.029 0.035 0.008 0.035 0.116
240 L 0.073 0.024 0.015 0.016 0.016 0.016 0.021 0.027 0.01 0.114 0.348 0.026 0.044 0.048 0.015 0.03 0.034 0.007 0.021 0.094
241 A 0.263 0.032 0.032 0.033 0.02 0.027 0.042 0.072 0.015 0.038 0.053 0.045 0.016 0.021 0.029 0.125 0.056 0.005 0.017 0.059
242 I 0.063 0.023 0.022 0.023 0.017 0.018 0.025 0.029 0.01 0.191 0.124 0.029 0.03 0.035 0.018 0.059 0.072 0.005 0.019 0.189
243 I 0.057 0.023 0.023 0.023 0.069 0.017 0.025 0.031 0.012 0.135 0.107 0.028 0.026 0.115 0.017 0.061 0.076 0.008 0.033 0.116
244 S 0.161 0.036 0.045 0.042 0.018 0.03 0.047 0.067 0.017 0.032 0.045 0.05 0.016 0.02 0.029 0.206 0.071 0.005 0.017 0.047
245 H 0.04 0.044 0.051 0.037 0.007 0.037 0.051 0.037 0.38 0.022 0.037 0.044 0.015 0.029 0.018 0.04 0.026 0.007 0.055 0.022
246 L 0.055 0.028 0.024 0.023 0.016 0.022 0.027 0.029 0.012 0.104 0.213 0.033 0.069 0.04 0.018 0.048 0.116 0.006 0.02 0.097
247 T 0.074 0.033 0.04 0.035 0.017 0.026 0.038 0.042 0.013 0.061 0.067 0.043 0.02 0.024 0.026 0.101 0.228 0.006 0.017 0.091
248 A 0.201 0.033 0.038 0.037 0.018 0.027 0.042 0.121 0.016 0.033 0.047 0.046 0.015 0.02 0.027 0.149 0.059 0.005 0.016 0.05
249 L 0.048 0.021 0.014 0.016 0.016 0.015 0.019 0.021 0.009 0.171 0.278 0.024 0.041 0.054 0.014 0.025 0.036 0.006 0.022 0.149
250 L 0.047 0.019 0.014 0.016 0.016 0.014 0.019 0.021 0.009 0.209 0.213 0.023 0.037 0.071 0.014 0.025 0.037 0.007 0.025 0.162
251 I 0.048 0.019 0.015 0.017 0.016 0.013 0.019 0.021 0.009 0.22 0.174 0.023 0.034 0.083 0.014 0.026 0.038 0.007 0.027 0.177
252 L 0.073 0.021 0.016 0.018 0.015 0.014 0.021 0.028 0.012 0.134 0.182 0.024 0.032 0.164 0.015 0.031 0.034 0.009 0.042 0.116
253 P 0.081 0.025 0.022 0.028 0.011 0.019 0.033 0.038 0.013 0.031 0.046 0.038 0.012 0.058 0.403 0.045 0.035 0.004 0.021 0.036
254 L 0.046 0.024 0.015 0.016 0.016 0.018 0.021 0.022 0.011 0.133 0.312 0.026 0.078 0.049 0.014 0.026 0.035 0.007 0.022 0.11
255 F 0.038 0.018 0.016 0.016 0.012 0.011 0.019 0.024 0.014 0.098 0.117 0.02 0.026 0.328 0.011 0.025 0.029 0.014 0.071 0.093
256 L 0.057 0.024 0.023 0.022 0.016 0.018 0.026 0.029 0.014 0.16 0.16 0.03 0.031 0.047 0.018 0.059 0.072 0.008 0.055 0.132
257 I 0.047 0.02 0.017 0.019 0.015 0.014 0.02 0.023 0.011 0.204 0.139 0.024 0.037 0.122 0.015 0.031 0.057 0.008 0.034 0.144
258 L 0.041 0.021 0.014 0.016 0.014 0.014 0.019 0.021 0.011 0.142 0.282 0.023 0.04 0.13 0.013 0.024 0.032 0.009 0.035 0.101
259 L 0.048 0.036 0.02 0.02 0.015 0.026 0.029 0.026 0.014 0.098 0.242 0.061 0.121 0.045 0.016 0.033 0.036 0.007 0.022 0.085
260 G 0.062 0.085 0.039 0.049 0.01 0.059 0.081 0.164 0.022 0.025 0.04 0.1 0.014 0.028 0.022 0.07 0.038 0.008 0.052 0.032
261 G 0.056 0.034 0.127 0.116 0.009 0.032 0.094 0.236 0.021 0.02 0.029 0.047 0.01 0.016 0.02 0.055 0.036 0.005 0.013 0.025
262 N 0.073 0.048 0.174 0.06 0.012 0.034 0.051 0.061 0.024 0.025 0.036 0.08 0.013 0.018 0.024 0.151 0.061 0.005 0.016 0.033
263 K 0.055 0.11 0.074 0.047 0.009 0.048 0.081 0.044 0.021 0.026 0.041 0.22 0.014 0.016 0.025 0.065 0.05 0.005 0.016 0.033
264 K 0.048 0.119 0.031 0.029 0.01 0.033 0.043 0.033 0.021 0.055 0.07 0.126 0.019 0.113 0.02 0.045 0.063 0.01 0.064 0.051
265 I 0.05 0.09 0.065 0.036 0.012 0.065 0.048 0.035 0.018 0.119 0.084 0.092 0.023 0.025 0.02 0.047 0.065 0.005 0.018 0.081
266 K 0.057 0.134 0.075 0.043 0.009 0.046 0.061 0.045 0.021 0.026 0.041 0.218 0.014 0.016 0.025 0.074 0.043 0.005 0.017 0.032
267 L 0.076 0.057 0.095 0.037 0.012 0.03 0.04 0.041 0.022 0.055 0.14 0.09 0.042 0.04 0.02 0.047 0.039 0.008 0.054 0.055
268 L 0.051 0.022 0.018 0.019 0.016 0.016 0.021 0.051 0.01 0.177 0.235 0.026 0.048 0.043 0.015 0.039 0.038 0.006 0.02 0.128
269 I 0.048 0.019 0.014 0.017 0.016 0.014 0.018 0.021 0.009 0.237 0.206 0.024 0.041 0.044 0.014 0.025 0.038 0.006 0.02 0.169
270 L 0.137 0.023 0.018 0.02 0.072 0.018 0.025 0.04 0.011 0.122 0.195 0.03 0.031 0.036 0.019 0.045 0.039 0.006 0.018 0.097
271 L 0.095 0.024 0.022 0.022 0.016 0.019 0.026 0.053 0.012 0.124 0.163 0.03 0.04 0.078 0.018 0.06 0.043 0.007 0.027 0.121
272 I 0.072 0.02 0.019 0.02 0.016 0.015 0.021 0.082 0.01 0.187 0.154 0.026 0.031 0.058 0.016 0.034 0.046 0.006 0.022 0.144
273 A 0.159 0.03 0.032 0.032 0.028 0.024 0.036 0.109 0.015 0.077 0.074 0.04 0.031 0.025 0.024 0.117 0.053 0.005 0.017 0.07
274 L 0.061 0.022 0.015 0.016 0.015 0.015 0.02 0.025 0.011 0.123 0.264 0.024 0.038 0.128 0.014 0.028 0.033 0.009 0.035 0.104
275 L 0.071 0.023 0.021 0.021 0.032 0.017 0.022 0.128 0.012 0.116 0.176 0.028 0.056 0.073 0.016 0.036 0.034 0.007 0.025 0.087
276 F 0.088 0.02 0.017 0.019 0.014 0.014 0.022 0.032 0.013 0.116 0.113 0.024 0.026 0.222 0.015 0.035 0.034 0.011 0.052 0.113
277 S 0.087 0.033 0.039 0.036 0.017 0.027 0.04 0.05 0.015 0.061 0.13 0.043 0.024 0.029 0.024 0.175 0.065 0.005 0.018 0.08
278 L 0.062 0.024 0.021 0.021 0.016 0.018 0.024 0.083 0.01 0.107 0.227 0.029 0.034 0.039 0.017 0.054 0.042 0.006 0.019 0.147
279 L 0.083 0.024 0.022 0.022 0.015 0.017 0.026 0.034 0.013 0.102 0.165 0.029 0.029 0.147 0.017 0.065 0.041 0.009 0.039 0.101
280 F 0.032 0.018 0.016 0.016 0.01 0.01 0.018 0.024 0.016 0.061 0.11 0.018 0.024 0.41 0.01 0.024 0.024 0.016 0.085 0.053
281 N 0.066 0.035 0.129 0.049 0.012 0.027 0.041 0.105 0.023 0.029 0.041 0.045 0.013 0.03 0.077 0.108 0.075 0.007 0.051 0.037
282 I 0.112 0.023 0.02 0.021 0.017 0.018 0.025 0.035 0.01 0.173 0.148 0.03 0.03 0.035 0.019 0.045 0.067 0.006 0.019 0.146
283 L 0.075 0.022 0.016 0.017 0.015 0.015 0.022 0.029 0.012 0.097 0.204 0.025 0.033 0.164 0.015 0.032 0.035 0.009 0.042 0.122
284 L 0.047 0.021 0.017 0.018 0.016 0.015 0.02 0.022 0.009 0.209 0.23 0.026 0.038 0.044 0.015 0.031 0.063 0.006 0.02 0.133
285 G 0.08 0.03 0.039 0.047 0.014 0.025 0.04 0.142 0.015 0.035 0.076 0.042 0.016 0.021 0.132 0.134 0.053 0.005 0.015 0.04
286 I 0.043 0.019 0.016 0.017 0.013 0.013 0.019 0.022 0.015 0.175 0.13 0.022 0.029 0.174 0.013 0.026 0.033 0.012 0.078 0.131
287 I 0.077 0.019 0.015 0.018 0.016 0.014 0.02 0.026 0.009 0.258 0.147 0.025 0.033 0.039 0.016 0.031 0.04 0.006 0.019 0.17
288 I 0.05 0.02 0.015 0.017 0.016 0.014 0.019 0.021 0.009 0.225 0.199 0.024 0.036 0.042 0.015 0.027 0.044 0.006 0.02 0.18
289 A 0.159 0.038 0.041 0.04 0.016 0.052 0.05 0.116 0.018 0.031 0.044 0.051 0.015 0.019 0.027 0.156 0.06 0.005 0.016 0.045
290 H 0.056 0.043 0.039 0.033 0.011 0.031 0.044 0.039 0.144 0.038 0.085 0.07 0.019 0.05 0.02 0.084 0.04 0.011 0.103 0.04
291 G 0.061 0.036 0.202 0.06 0.01 0.028 0.04 0.218 0.023 0.021 0.031 0.045 0.011 0.017 0.02 0.086 0.045 0.005 0.014 0.027
292 L 0.044 0.023 0.014 0.015 0.016 0.015 0.019 0.021 0.009 0.134 0.358 0.024 0.045 0.05 0.014 0.024 0.034 0.007 0.021 0.112
293 L 0.041 0.022 0.014 0.015 0.014 0.014 0.019 0.021 0.011 0.1 0.335 0.023 0.043 0.132 0.013 0.024 0.03 0.009 0.036 0.084
294 G 0.075 0.022 0.038 0.032 0.01 0.018 0.025 0.529 0.013 0.018 0.027 0.032 0.009 0.016 0.018 0.049 0.029 0.005 0.01 0.023
295 A 0.246 0.033 0.031 0.038 0.019 0.03 0.072 0.067 0.016 0.039 0.053 0.047 0.016 0.02 0.028 0.098 0.067 0.005 0.017 0.059
296 A 0.27 0.031 0.026 0.029 0.02 0.025 0.039 0.069 0.015 0.047 0.07 0.043 0.036 0.024 0.027 0.091 0.05 0.005 0.018 0.067
297 T 0.078 0.035 0.044 0.038 0.017 0.028 0.041 0.047 0.014 0.046 0.058 0.046 0.018 0.022 0.027 0.125 0.232 0.006 0.017 0.062
298 Y 0.04 0.026 0.02 0.018 0.01 0.02 0.026 0.023 0.041 0.07 0.076 0.029 0.02 0.117 0.015 0.029 0.028 0.025 0.308 0.059
299 K 0.055 0.103 0.04 0.04 0.008 0.051 0.068 0.042 0.02 0.027 0.042 0.306 0.015 0.015 0.027 0.051 0.038 0.005 0.017 0.032
300 L 0.042 0.023 0.015 0.016 0.014 0.016 0.02 0.022 0.012 0.1 0.302 0.024 0.058 0.131 0.013 0.025 0.032 0.009 0.036 0.091
301 L 0.074 0.029 0.089 0.031 0.015 0.022 0.029 0.037 0.015 0.082 0.256 0.034 0.052 0.041 0.017 0.041 0.038 0.006 0.02 0.074
302 F 0.036 0.023 0.019 0.017 0.009 0.016 0.023 0.024 0.032 0.05 0.085 0.025 0.021 0.252 0.013 0.028 0.026 0.022 0.229 0.048
303 Y 0.039 0.027 0.021 0.018 0.009 0.021 0.027 0.024 0.045 0.042 0.066 0.03 0.018 0.126 0.015 0.03 0.027 0.027 0.344 0.045
304 T 0.121 0.036 0.036 0.034 0.016 0.049 0.044 0.049 0.016 0.049 0.064 0.046 0.019 0.065 0.024 0.103 0.126 0.007 0.025 0.07
305 D 0.119 0.031 0.046 0.163 0.014 0.026 0.055 0.053 0.017 0.035 0.05 0.042 0.015 0.062 0.024 0.103 0.073 0.006 0.022 0.045
306 T 0.064 0.029 0.031 0.028 0.017 0.023 0.031 0.034 0.012 0.122 0.104 0.036 0.043 0.031 0.021 0.071 0.16 0.006 0.019 0.117
307 E 0.097 0.039 0.043 0.095 0.012 0.049 0.129 0.049 0.019 0.028 0.04 0.056 0.014 0.017 0.08 0.111 0.062 0.005 0.016 0.038
308 N 0.043 0.045 0.314 0.083 0.009 0.034 0.05 0.065 0.032 0.023 0.032 0.054 0.011 0.018 0.02 0.07 0.05 0.005 0.016 0.027
309 G 0.079 0.023 0.039 0.034 0.011 0.019 0.026 0.508 0.014 0.019 0.028 0.034 0.009 0.016 0.019 0.051 0.03 0.005 0.011 0.024
310 L 0.078 0.027 0.028 0.027 0.016 0.021 0.03 0.092 0.012 0.1 0.182 0.034 0.029 0.035 0.019 0.097 0.049 0.006 0.018 0.1
311 S 0.11 0.04 0.054 0.049 0.018 0.033 0.053 0.067 0.019 0.03 0.042 0.054 0.016 0.021 0.03 0.217 0.082 0.005 0.018 0.042
312 G 0.101 0.069 0.045 0.08 0.014 0.029 0.046 0.16 0.017 0.029 0.04 0.052 0.014 0.018 0.024 0.126 0.077 0.005 0.015 0.039
313 Q 0.056 0.073 0.044 0.047 0.009 0.216 0.103 0.041 0.029 0.026 0.047 0.091 0.021 0.015 0.023 0.056 0.041 0.006 0.021 0.035
314 V 0.07 0.022 0.016 0.018 0.019 0.016 0.023 0.025 0.008 0.164 0.13 0.026 0.032 0.036 0.016 0.033 0.049 0.005 0.021 0.27
315 S 0.11 0.04 0.054 0.049 0.017 0.033 0.052 0.066 0.019 0.03 0.042 0.054 0.016 0.021 0.03 0.221 0.082 0.005 0.017 0.042
316 G 0.072 0.027 0.043 0.083 0.01 0.026 0.068 0.368 0.015 0.02 0.03 0.04 0.01 0.016 0.02 0.072 0.036 0.005 0.012 0.026
317 L 0.05 0.025 0.021 0.02 0.013 0.018 0.025 0.028 0.02 0.08 0.175 0.028 0.041 0.142 0.015 0.052 0.037 0.013 0.107 0.09
318 D 0.056 0.034 0.111 0.137 0.011 0.032 0.091 0.1 0.02 0.055 0.048 0.047 0.014 0.02 0.022 0.076 0.06 0.005 0.015 0.046
319 L 0.045 0.022 0.017 0.018 0.015 0.015 0.021 0.023 0.01 0.158 0.255 0.025 0.038 0.086 0.015 0.031 0.06 0.007 0.028 0.11
320 D 0.063 0.033 0.063 0.285 0.011 0.031 0.078 0.053 0.019 0.025 0.032 0.047 0.011 0.017 0.025 0.11 0.05 0.004 0.013 0.03
