#Seq2Logo.py -f /work3/idamei/ssn-clusterings/clustering/2205111239/clusters/0010_154/sequences.afa -o /work3/idamei/ssn-clusterings/clustering/2205111239/clusters/0010_154/sequences.logo
#Position Specific Frequency Matrix
A R N D C Q E G H I L K M F P S T W Y V
0 L 0.052 0.032 0.02 0.02 0.016 0.028 0.028 0.028 0.016 0.1 0.197 0.036 0.161 0.048 0.016 0.036 0.04 0.008 0.024 0.092
1 I 0.047 0.018 0.015 0.018 0.016 0.013 0.018 0.021 0.009 0.272 0.168 0.024 0.037 0.044 0.015 0.025 0.04 0.006 0.021 0.177
2 S 0.084 0.033 0.042 0.038 0.015 0.026 0.041 0.053 0.018 0.041 0.066 0.042 0.019 0.143 0.023 0.155 0.063 0.009 0.041 0.046
3 N 0.043 0.045 0.317 0.083 0.009 0.034 0.049 0.065 0.031 0.022 0.031 0.054 0.011 0.018 0.02 0.07 0.049 0.004 0.016 0.027
4 L 0.051 0.032 0.02 0.02 0.016 0.028 0.028 0.028 0.016 0.099 0.194 0.036 0.173 0.047 0.016 0.036 0.04 0.008 0.024 0.091
5 Y 0.04 0.028 0.022 0.019 0.009 0.022 0.028 0.025 0.047 0.044 0.068 0.031 0.019 0.131 0.016 0.031 0.028 0.028 0.319 0.047
6 Q 0.052 0.066 0.046 0.045 0.008 0.172 0.09 0.04 0.111 0.026 0.045 0.08 0.019 0.019 0.022 0.052 0.037 0.006 0.03 0.032
7 F 0.034 0.019 0.017 0.017 0.011 0.011 0.019 0.025 0.017 0.063 0.114 0.019 0.025 0.388 0.011 0.025 0.025 0.017 0.089 0.055
8 D 0.041 0.03 0.069 0.399 0.007 0.03 0.091 0.047 0.019 0.022 0.028 0.045 0.009 0.015 0.022 0.052 0.035 0.004 0.011 0.024
9 Y 0.04 0.028 0.022 0.019 0.009 0.022 0.028 0.025 0.047 0.044 0.068 0.031 0.019 0.131 0.016 0.031 0.028 0.028 0.319 0.047
10 I 0.047 0.018 0.015 0.018 0.016 0.013 0.018 0.021 0.009 0.273 0.168 0.024 0.037 0.044 0.015 0.025 0.04 0.006 0.021 0.176
11 Y 0.04 0.028 0.021 0.018 0.009 0.021 0.028 0.025 0.046 0.043 0.067 0.031 0.018 0.129 0.015 0.031 0.028 0.028 0.328 0.046
12 N 0.058 0.041 0.141 0.123 0.01 0.033 0.058 0.054 0.109 0.024 0.035 0.049 0.013 0.021 0.022 0.099 0.049 0.005 0.025 0.029
13 I 0.049 0.019 0.015 0.017 0.015 0.013 0.019 0.022 0.011 0.197 0.143 0.023 0.032 0.13 0.014 0.027 0.038 0.008 0.037 0.171
14 L 0.109 0.022 0.017 0.02 0.017 0.017 0.024 0.035 0.01 0.18 0.194 0.029 0.035 0.041 0.018 0.039 0.04 0.006 0.02 0.128
15 I 0.049 0.019 0.017 0.021 0.015 0.015 0.022 0.024 0.01 0.218 0.133 0.028 0.03 0.036 0.136 0.029 0.038 0.005 0.018 0.138
16 L 0.106 0.023 0.018 0.02 0.016 0.016 0.024 0.036 0.012 0.125 0.18 0.028 0.032 0.129 0.017 0.039 0.037 0.009 0.037 0.098
17 L 0.062 0.028 0.024 0.023 0.016 0.02 0.028 0.032 0.012 0.096 0.283 0.032 0.039 0.044 0.018 0.076 0.046 0.006 0.021 0.093
18 P 0.051 0.023 0.019 0.023 0.013 0.017 0.027 0.028 0.011 0.112 0.155 0.032 0.026 0.031 0.258 0.034 0.036 0.004 0.017 0.082
19 F 0.042 0.02 0.016 0.016 0.014 0.013 0.019 0.023 0.013 0.115 0.189 0.022 0.033 0.221 0.013 0.026 0.032 0.011 0.054 0.108
20 L 0.052 0.024 0.022 0.022 0.015 0.017 0.024 0.028 0.012 0.113 0.177 0.028 0.032 0.128 0.017 0.042 0.09 0.009 0.037 0.111
21 L 0.044 0.023 0.016 0.017 0.015 0.017 0.021 0.023 0.013 0.139 0.214 0.026 0.071 0.135 0.014 0.027 0.034 0.009 0.038 0.104
22 L 0.047 0.022 0.015 0.016 0.015 0.015 0.02 0.023 0.011 0.113 0.253 0.024 0.038 0.135 0.014 0.026 0.035 0.009 0.038 0.131
23 V 0.068 0.024 0.025 0.024 0.016 0.018 0.027 0.063 0.013 0.103 0.102 0.03 0.025 0.121 0.017 0.069 0.048 0.008 0.036 0.163
24 L 0.052 0.025 0.021 0.021 0.016 0.018 0.024 0.026 0.011 0.14 0.25 0.029 0.038 0.044 0.017 0.041 0.091 0.006 0.02 0.108
25 S 0.1 0.035 0.05 0.044 0.016 0.029 0.045 0.178 0.018 0.027 0.038 0.048 0.014 0.019 0.027 0.186 0.068 0.005 0.016 0.037
26 C 0.065 0.017 0.016 0.016 0.373 0.013 0.018 0.03 0.008 0.074 0.08 0.021 0.02 0.024 0.016 0.038 0.039 0.004 0.014 0.112
27 F 0.047 0.02 0.017 0.017 0.132 0.014 0.02 0.026 0.02 0.1 0.1 0.023 0.024 0.147 0.014 0.031 0.033 0.013 0.112 0.089
28 N 0.042 0.04 0.251 0.066 0.009 0.03 0.043 0.054 0.035 0.027 0.04 0.048 0.013 0.046 0.019 0.059 0.043 0.01 0.094 0.031
29 K 0.058 0.147 0.04 0.036 0.009 0.043 0.054 0.159 0.019 0.024 0.04 0.182 0.014 0.016 0.023 0.05 0.035 0.005 0.015 0.03
30 K 0.053 0.09 0.112 0.051 0.009 0.048 0.064 0.048 0.023 0.026 0.04 0.23 0.014 0.016 0.025 0.057 0.042 0.005 0.017 0.031
31 L 0.105 0.024 0.017 0.019 0.016 0.017 0.025 0.036 0.013 0.083 0.235 0.028 0.035 0.131 0.017 0.039 0.035 0.009 0.037 0.078
32 N 0.05 0.042 0.256 0.071 0.011 0.032 0.046 0.059 0.027 0.03 0.039 0.051 0.013 0.019 0.022 0.074 0.101 0.005 0.016 0.037
33 G 0.06 0.053 0.112 0.052 0.011 0.036 0.063 0.137 0.02 0.03 0.042 0.108 0.014 0.018 0.024 0.066 0.094 0.005 0.016 0.039
34 I 0.045 0.019 0.014 0.017 0.016 0.014 0.018 0.021 0.009 0.226 0.217 0.023 0.039 0.068 0.014 0.024 0.037 0.007 0.025 0.147
35 L 0.046 0.021 0.015 0.016 0.133 0.014 0.019 0.025 0.011 0.083 0.237 0.022 0.035 0.131 0.014 0.028 0.032 0.009 0.036 0.075
36 L 0.112 0.024 0.018 0.02 0.017 0.017 0.025 0.037 0.012 0.095 0.171 0.028 0.031 0.127 0.017 0.041 0.039 0.009 0.037 0.124
37 F 0.049 0.021 0.018 0.02 0.013 0.015 0.024 0.027 0.013 0.081 0.114 0.026 0.024 0.189 0.135 0.031 0.034 0.01 0.048 0.107
38 V 0.112 0.022 0.018 0.02 0.017 0.016 0.025 0.037 0.012 0.137 0.116 0.028 0.027 0.124 0.018 0.041 0.041 0.008 0.036 0.144
39 I 0.102 0.025 0.024 0.025 0.018 0.019 0.027 0.037 0.011 0.172 0.118 0.033 0.028 0.034 0.021 0.053 0.096 0.006 0.019 0.135
40 L 0.125 0.028 0.027 0.027 0.018 0.022 0.032 0.046 0.013 0.117 0.162 0.036 0.029 0.035 0.022 0.091 0.051 0.006 0.019 0.094
41 L 0.051 0.025 0.021 0.021 0.016 0.018 0.024 0.026 0.011 0.13 0.263 0.03 0.039 0.044 0.017 0.041 0.09 0.006 0.021 0.103
42 I 0.054 0.023 0.022 0.022 0.016 0.017 0.024 0.028 0.012 0.147 0.12 0.028 0.028 0.125 0.017 0.043 0.092 0.008 0.036 0.138
43 V 0.058 0.02 0.015 0.017 0.017 0.015 0.02 0.022 0.008 0.222 0.147 0.024 0.034 0.039 0.015 0.029 0.044 0.006 0.02 0.227
44 G 0.057 0.023 0.029 0.025 0.01 0.017 0.024 0.271 0.022 0.036 0.059 0.029 0.015 0.139 0.016 0.039 0.028 0.014 0.109 0.037
45 T 0.061 0.028 0.034 0.03 0.014 0.021 0.03 0.126 0.014 0.052 0.089 0.035 0.021 0.117 0.021 0.063 0.143 0.009 0.034 0.059
46 I 0.046 0.017 0.014 0.017 0.016 0.013 0.017 0.02 0.009 0.282 0.165 0.023 0.036 0.044 0.014 0.025 0.039 0.006 0.02 0.174
47 V 0.063 0.021 0.016 0.018 0.018 0.015 0.022 0.023 0.008 0.192 0.138 0.025 0.032 0.037 0.016 0.03 0.046 0.006 0.02 0.253
48 S 0.108 0.04 0.053 0.048 0.017 0.033 0.052 0.065 0.019 0.029 0.041 0.053 0.015 0.021 0.029 0.231 0.081 0.005 0.017 0.041
49 L 0.058 0.027 0.024 0.024 0.015 0.019 0.028 0.033 0.013 0.084 0.253 0.031 0.037 0.103 0.017 0.076 0.044 0.008 0.032 0.075
50 R 0.044 0.355 0.038 0.031 0.008 0.048 0.052 0.032 0.023 0.023 0.046 0.118 0.015 0.017 0.019 0.044 0.034 0.006 0.017 0.031
51 G 0.059 0.026 0.053 0.22 0.009 0.024 0.058 0.282 0.016 0.02 0.028 0.039 0.009 0.015 0.02 0.051 0.032 0.004 0.011 0.024
52 I 0.046 0.019 0.014 0.017 0.016 0.014 0.018 0.02 0.009 0.24 0.22 0.024 0.039 0.046 0.014 0.024 0.038 0.006 0.021 0.154
53 G 0.084 0.037 0.118 0.053 0.014 0.03 0.045 0.148 0.021 0.027 0.038 0.049 0.013 0.019 0.025 0.148 0.074 0.005 0.016 0.036
54 V 0.069 0.022 0.016 0.018 0.019 0.016 0.023 0.024 0.008 0.162 0.128 0.026 0.031 0.035 0.016 0.032 0.049 0.005 0.02 0.28
55 D 0.04 0.029 0.068 0.406 0.007 0.029 0.09 0.046 0.018 0.022 0.028 0.044 0.009 0.015 0.022 0.051 0.035 0.004 0.011 0.024
56 R 0.044 0.355 0.038 0.031 0.008 0.048 0.052 0.032 0.023 0.023 0.046 0.118 0.015 0.017 0.019 0.044 0.034 0.006 0.017 0.031
57 D 0.04 0.029 0.068 0.406 0.007 0.029 0.09 0.046 0.018 0.022 0.028 0.044 0.009 0.015 0.022 0.051 0.035 0.004 0.011 0.024
58 S 0.156 0.037 0.046 0.043 0.018 0.031 0.049 0.068 0.018 0.033 0.046 0.051 0.016 0.021 0.029 0.195 0.073 0.005 0.017 0.048
59 L 0.058 0.025 0.025 0.024 0.015 0.018 0.027 0.033 0.014 0.122 0.176 0.03 0.031 0.128 0.017 0.076 0.044 0.009 0.037 0.091
60 V 0.07 0.025 0.023 0.022 0.019 0.019 0.027 0.029 0.009 0.135 0.112 0.03 0.028 0.032 0.019 0.047 0.101 0.006 0.02 0.227
61 Y 0.04 0.028 0.021 0.018 0.009 0.021 0.028 0.025 0.046 0.043 0.067 0.031 0.018 0.129 0.015 0.031 0.028 0.028 0.328 0.046
62 F 0.035 0.024 0.024 0.021 0.01 0.016 0.026 0.027 0.084 0.054 0.096 0.024 0.023 0.311 0.012 0.028 0.025 0.016 0.097 0.048
63 T 0.09 0.037 0.048 0.043 0.017 0.03 0.045 0.054 0.016 0.041 0.053 0.049 0.017 0.022 0.028 0.161 0.169 0.005 0.017 0.056
64 V 0.069 0.022 0.016 0.018 0.019 0.016 0.023 0.024 0.008 0.162 0.128 0.026 0.031 0.035 0.016 0.032 0.049 0.005 0.02 0.28
65 F 0.035 0.021 0.018 0.017 0.01 0.013 0.021 0.025 0.024 0.058 0.101 0.022 0.023 0.329 0.012 0.026 0.026 0.019 0.148 0.052
66 N 0.051 0.039 0.255 0.07 0.009 0.03 0.043 0.178 0.027 0.021 0.03 0.048 0.011 0.017 0.02 0.064 0.044 0.005 0.014 0.026
67 D 0.082 0.046 0.045 0.142 0.01 0.086 0.134 0.044 0.043 0.034 0.045 0.062 0.016 0.018 0.024 0.055 0.039 0.005 0.019 0.05
68 L 0.049 0.022 0.015 0.016 0.017 0.015 0.02 0.021 0.009 0.165 0.282 0.025 0.042 0.048 0.015 0.026 0.037 0.006 0.021 0.149
69 K 0.064 0.112 0.037 0.035 0.012 0.048 0.051 0.041 0.018 0.09 0.074 0.119 0.021 0.024 0.023 0.089 0.049 0.005 0.018 0.07
70 N 0.049 0.061 0.184 0.073 0.008 0.046 0.118 0.051 0.027 0.023 0.035 0.117 0.013 0.017 0.023 0.061 0.043 0.005 0.016 0.029
71 L 0.051 0.02 0.015 0.017 0.017 0.015 0.019 0.021 0.009 0.21 0.211 0.024 0.038 0.044 0.015 0.026 0.04 0.006 0.021 0.181
72 N 0.042 0.045 0.321 0.083 0.009 0.034 0.049 0.065 0.031 0.022 0.031 0.054 0.011 0.018 0.02 0.069 0.049 0.004 0.016 0.027
73 G 0.074 0.03 0.048 0.131 0.012 0.026 0.052 0.168 0.016 0.024 0.033 0.044 0.011 0.016 0.113 0.106 0.048 0.004 0.013 0.031
74 L 0.039 0.021 0.015 0.016 0.013 0.013 0.019 0.023 0.013 0.088 0.249 0.022 0.037 0.225 0.012 0.024 0.029 0.012 0.055 0.074
75 G 0.052 0.033 0.11 0.095 0.009 0.03 0.075 0.162 0.028 0.026 0.04 0.044 0.012 0.045 0.019 0.051 0.035 0.01 0.092 0.031
76 E 0.054 0.052 0.04 0.084 0.007 0.084 0.281 0.035 0.026 0.022 0.038 0.076 0.014 0.016 0.025 0.054 0.037 0.005 0.017 0.031
77 L 0.047 0.021 0.014 0.016 0.016 0.015 0.019 0.021 0.009 0.19 0.273 0.024 0.042 0.048 0.014 0.025 0.037 0.006 0.021 0.141
78 L 0.057 0.026 0.024 0.024 0.014 0.019 0.028 0.034 0.013 0.114 0.161 0.031 0.029 0.044 0.016 0.076 0.044 0.129 0.032 0.085
79 I 0.112 0.041 0.024 0.027 0.015 0.037 0.038 0.04 0.014 0.158 0.108 0.082 0.027 0.031 0.021 0.047 0.042 0.006 0.019 0.112
80 Y 0.074 0.025 0.02 0.019 0.012 0.019 0.026 0.031 0.03 0.063 0.085 0.029 0.022 0.17 0.016 0.036 0.032 0.019 0.191 0.08
81 S 0.108 0.04 0.053 0.048 0.017 0.033 0.052 0.065 0.019 0.029 0.041 0.053 0.015 0.021 0.029 0.231 0.081 0.005 0.017 0.041
82 S 0.083 0.034 0.041 0.037 0.017 0.027 0.04 0.049 0.015 0.056 0.133 0.044 0.025 0.03 0.025 0.145 0.113 0.006 0.018 0.062
83 S 0.081 0.038 0.114 0.053 0.015 0.032 0.061 0.055 0.02 0.052 0.055 0.049 0.017 0.022 0.024 0.142 0.064 0.005 0.017 0.082
84 L 0.044 0.022 0.016 0.017 0.014 0.017 0.021 0.022 0.019 0.169 0.198 0.026 0.043 0.068 0.015 0.027 0.035 0.012 0.098 0.117
85 G 0.077 0.023 0.039 0.033 0.011 0.019 0.025 0.517 0.013 0.019 0.028 0.033 0.009 0.016 0.019 0.051 0.029 0.005 0.011 0.024
86 Q 0.055 0.072 0.043 0.046 0.009 0.226 0.101 0.041 0.029 0.026 0.046 0.09 0.02 0.014 0.023 0.055 0.041 0.006 0.02 0.035
87 E 0.054 0.049 0.04 0.089 0.007 0.064 0.307 0.034 0.025 0.022 0.036 0.074 0.013 0.016 0.025 0.054 0.036 0.005 0.016 0.031
88 I 0.054 0.02 0.017 0.021 0.015 0.016 0.023 0.025 0.01 0.188 0.124 0.028 0.028 0.034 0.137 0.031 0.041 0.005 0.018 0.165
89 G 0.077 0.023 0.039 0.033 0.011 0.019 0.025 0.517 0.013 0.019 0.028 0.033 0.009 0.016 0.019 0.051 0.029 0.005 0.011 0.024
90 F 0.033 0.019 0.017 0.017 0.01 0.01 0.019 0.025 0.017 0.062 0.113 0.019 0.025 0.396 0.01 0.025 0.025 0.017 0.087 0.054
91 L 0.051 0.023 0.015 0.016 0.017 0.017 0.021 0.022 0.01 0.153 0.268 0.026 0.053 0.047 0.015 0.027 0.038 0.006 0.021 0.154
92 L 0.054 0.024 0.022 0.022 0.015 0.017 0.025 0.03 0.013 0.127 0.197 0.028 0.033 0.131 0.016 0.063 0.041 0.009 0.037 0.094
93 L 0.041 0.022 0.015 0.015 0.014 0.014 0.02 0.022 0.012 0.098 0.3 0.023 0.041 0.161 0.013 0.024 0.03 0.01 0.042 0.082
94 L 0.052 0.036 0.025 0.037 0.014 0.037 0.097 0.029 0.018 0.08 0.154 0.045 0.133 0.04 0.018 0.04 0.039 0.007 0.022 0.076
95 K 0.056 0.106 0.041 0.041 0.008 0.053 0.07 0.043 0.02 0.027 0.043 0.289 0.015 0.015 0.027 0.053 0.039 0.005 0.017 0.032
96 L 0.048 0.025 0.022 0.021 0.015 0.017 0.024 0.027 0.012 0.096 0.223 0.028 0.035 0.131 0.016 0.041 0.088 0.009 0.037 0.083
97 F 0.167 0.025 0.021 0.023 0.016 0.018 0.029 0.051 0.016 0.053 0.086 0.031 0.021 0.209 0.02 0.054 0.037 0.011 0.052 0.061
98 S 0.087 0.041 0.07 0.048 0.014 0.034 0.052 0.058 0.106 0.027 0.04 0.051 0.015 0.023 0.026 0.174 0.065 0.006 0.027 0.036
99 L 0.059 0.025 0.025 0.024 0.015 0.018 0.027 0.033 0.014 0.114 0.174 0.03 0.031 0.128 0.017 0.077 0.045 0.009 0.037 0.098
100 L 0.047 0.019 0.015 0.016 0.133 0.013 0.018 0.025 0.011 0.125 0.182 0.022 0.032 0.128 0.014 0.028 0.033 0.008 0.035 0.095
101 G 0.077 0.023 0.039 0.033 0.011 0.019 0.025 0.517 0.013 0.019 0.028 0.033 0.009 0.016 0.019 0.051 0.029 0.005 0.011 0.024
102 L 0.105 0.024 0.017 0.019 0.016 0.017 0.025 0.036 0.013 0.083 0.235 0.028 0.035 0.131 0.017 0.039 0.035 0.009 0.037 0.078
103 D 0.075 0.037 0.109 0.166 0.013 0.032 0.063 0.059 0.021 0.026 0.035 0.05 0.013 0.018 0.025 0.145 0.06 0.005 0.015 0.033
104 F 0.035 0.021 0.018 0.017 0.01 0.013 0.021 0.025 0.024 0.058 0.101 0.022 0.023 0.329 0.012 0.026 0.026 0.019 0.148 0.052
105 F 0.037 0.023 0.019 0.018 0.01 0.016 0.023 0.025 0.031 0.053 0.09 0.025 0.022 0.262 0.013 0.028 0.026 0.022 0.208 0.05
106 E 0.072 0.04 0.037 0.061 0.013 0.044 0.172 0.04 0.019 0.059 0.061 0.057 0.018 0.022 0.024 0.093 0.05 0.005 0.018 0.096
107 F 0.033 0.019 0.017 0.017 0.01 0.01 0.019 0.025 0.017 0.062 0.113 0.019 0.025 0.396 0.01 0.025 0.025 0.017 0.087 0.054
108 R 0.044 0.355 0.038 0.031 0.008 0.048 0.052 0.032 0.023 0.023 0.046 0.118 0.015 0.017 0.019 0.044 0.034 0.006 0.017 0.031
109 F 0.111 0.023 0.024 0.024 0.013 0.016 0.026 0.161 0.015 0.047 0.078 0.029 0.019 0.207 0.017 0.046 0.032 0.011 0.051 0.05
110 V 0.091 0.02 0.017 0.019 0.137 0.016 0.022 0.032 0.009 0.148 0.113 0.026 0.027 0.032 0.017 0.039 0.043 0.005 0.018 0.171
111 F 0.033 0.019 0.017 0.017 0.01 0.01 0.019 0.025 0.017 0.062 0.113 0.019 0.025 0.396 0.01 0.025 0.025 0.017 0.087 0.054
112 N 0.048 0.047 0.183 0.085 0.008 0.048 0.178 0.049 0.028 0.022 0.034 0.064 0.012 0.017 0.023 0.062 0.042 0.005 0.016 0.029
113 L 0.042 0.024 0.016 0.017 0.014 0.017 0.021 0.024 0.014 0.094 0.252 0.026 0.072 0.159 0.013 0.027 0.032 0.01 0.043 0.081
114 L 0.05 0.023 0.015 0.016 0.017 0.016 0.021 0.022 0.009 0.126 0.321 0.025 0.044 0.049 0.015 0.026 0.037 0.007 0.022 0.141
115 C 0.068 0.026 0.029 0.027 0.254 0.02 0.027 0.037 0.011 0.048 0.064 0.032 0.018 0.022 0.022 0.066 0.147 0.005 0.015 0.063
116 L 0.045 0.024 0.014 0.015 0.016 0.016 0.02 0.021 0.01 0.117 0.369 0.025 0.048 0.053 0.014 0.024 0.034 0.007 0.022 0.106
117 F 0.038 0.021 0.017 0.017 0.012 0.014 0.021 0.024 0.022 0.112 0.114 0.023 0.026 0.241 0.013 0.026 0.029 0.017 0.131 0.082
118 S 0.138 0.032 0.037 0.036 0.017 0.025 0.04 0.058 0.017 0.041 0.063 0.042 0.018 0.115 0.025 0.143 0.059 0.008 0.035 0.051
119 L 0.045 0.021 0.014 0.016 0.016 0.015 0.019 0.021 0.009 0.198 0.275 0.024 0.043 0.049 0.014 0.024 0.036 0.006 0.021 0.134
120 F 0.035 0.021 0.016 0.016 0.011 0.013 0.02 0.025 0.015 0.067 0.165 0.021 0.028 0.226 0.011 0.024 0.026 0.135 0.066 0.058
121 F 0.054 0.026 0.027 0.025 0.012 0.019 0.029 0.035 0.025 0.049 0.083 0.03 0.021 0.235 0.016 0.078 0.04 0.017 0.13 0.049
122 F 0.04 0.018 0.016 0.017 0.013 0.012 0.018 0.023 0.013 0.172 0.139 0.021 0.031 0.22 0.012 0.025 0.032 0.011 0.054 0.114
123 I 0.046 0.018 0.014 0.017 0.016 0.013 0.018 0.02 0.009 0.271 0.179 0.023 0.037 0.044 0.014 0.025 0.039 0.006 0.02 0.169
124 F 0.045 0.062 0.029 0.029 0.009 0.032 0.044 0.034 0.019 0.045 0.078 0.154 0.02 0.206 0.019 0.039 0.032 0.011 0.052 0.043
125 E 0.052 0.14 0.04 0.062 0.008 0.057 0.184 0.036 0.024 0.023 0.04 0.139 0.014 0.016 0.024 0.051 0.037 0.005 0.017 0.031
126 Y 0.05 0.027 0.025 0.023 0.013 0.021 0.028 0.028 0.029 0.105 0.091 0.032 0.023 0.081 0.018 0.044 0.088 0.017 0.173 0.084
127 C 0.061 0.018 0.016 0.017 0.254 0.013 0.018 0.027 0.008 0.133 0.105 0.022 0.025 0.03 0.016 0.034 0.04 0.005 0.016 0.141
128 P 0.113 0.028 0.035 0.124 0.012 0.024 0.05 0.049 0.015 0.029 0.039 0.042 0.012 0.015 0.263 0.055 0.039 0.004 0.013 0.038
129 G 0.074 0.032 0.051 0.131 0.013 0.027 0.051 0.168 0.016 0.031 0.04 0.044 0.013 0.019 0.024 0.106 0.101 0.005 0.014 0.04
130 R 0.047 0.132 0.105 0.042 0.01 0.037 0.047 0.04 0.021 0.047 0.126 0.121 0.023 0.026 0.02 0.047 0.039 0.006 0.018 0.046
131 F 0.033 0.019 0.017 0.017 0.01 0.01 0.019 0.025 0.017 0.062 0.113 0.019 0.025 0.396 0.01 0.025 0.025 0.017 0.087 0.054
132 R 0.04 0.189 0.029 0.024 0.009 0.032 0.037 0.029 0.027 0.038 0.068 0.072 0.018 0.14 0.016 0.036 0.03 0.014 0.112 0.04
133 L 0.045 0.021 0.014 0.016 0.016 0.015 0.019 0.021 0.009 0.198 0.275 0.024 0.043 0.049 0.014 0.024 0.036 0.006 0.021 0.134
134 I 0.046 0.017 0.014 0.017 0.016 0.013 0.017 0.02 0.009 0.282 0.165 0.023 0.036 0.044 0.014 0.025 0.039 0.006 0.02 0.174
135 A 0.137 0.032 0.034 0.033 0.019 0.025 0.038 0.052 0.014 0.072 0.073 0.042 0.021 0.025 0.025 0.11 0.109 0.005 0.018 0.115
136 Y 0.039 0.024 0.018 0.017 0.011 0.017 0.023 0.024 0.03 0.066 0.158 0.026 0.028 0.177 0.014 0.028 0.028 0.02 0.191 0.06
137 L 0.039 0.021 0.015 0.016 0.013 0.013 0.019 0.023 0.013 0.088 0.249 0.022 0.037 0.225 0.012 0.024 0.029 0.012 0.055 0.074
138 I 0.053 0.022 0.022 0.022 0.016 0.017 0.023 0.026 0.01 0.224 0.14 0.029 0.032 0.038 0.018 0.041 0.094 0.006 0.02 0.148
139 Y 0.04 0.028 0.021 0.018 0.009 0.021 0.028 0.025 0.046 0.043 0.067 0.031 0.018 0.129 0.015 0.031 0.028 0.028 0.328 0.046
140 V 0.058 0.02 0.015 0.017 0.017 0.015 0.02 0.022 0.008 0.222 0.147 0.024 0.034 0.039 0.015 0.029 0.044 0.006 0.02 0.227
141 S 0.147 0.036 0.044 0.041 0.018 0.029 0.045 0.063 0.017 0.038 0.051 0.049 0.017 0.021 0.029 0.159 0.117 0.005 0.017 0.055
142 L 0.051 0.032 0.02 0.02 0.016 0.028 0.028 0.028 0.016 0.099 0.194 0.036 0.173 0.047 0.016 0.036 0.04 0.008 0.024 0.091
143 F 0.033 0.019 0.017 0.017 0.01 0.01 0.019 0.025 0.017 0.062 0.113 0.019 0.025 0.396 0.01 0.025 0.025 0.017 0.087 0.054
144 L 0.048 0.021 0.014 0.016 0.016 0.015 0.019 0.021 0.009 0.183 0.27 0.024 0.042 0.048 0.014 0.025 0.037 0.006 0.021 0.148
145 L 0.043 0.025 0.016 0.016 0.014 0.017 0.022 0.022 0.019 0.096 0.305 0.026 0.041 0.073 0.014 0.026 0.032 0.012 0.098 0.083
146 F 0.033 0.019 0.017 0.017 0.01 0.01 0.019 0.025 0.017 0.062 0.113 0.019 0.025 0.396 0.01 0.025 0.025 0.017 0.087 0.054
147 R 0.044 0.355 0.038 0.031 0.008 0.048 0.052 0.032 0.023 0.023 0.046 0.118 0.015 0.017 0.019 0.044 0.034 0.006 0.017 0.031
148 D 0.04 0.029 0.068 0.406 0.007 0.029 0.09 0.046 0.018 0.022 0.028 0.044 0.009 0.015 0.022 0.051 0.035 0.004 0.011 0.024
149 F 0.033 0.019 0.017 0.017 0.01 0.01 0.019 0.025 0.017 0.062 0.113 0.019 0.025 0.396 0.01 0.025 0.025 0.017 0.087 0.054
150 T 0.072 0.035 0.043 0.037 0.018 0.027 0.039 0.043 0.014 0.053 0.064 0.045 0.019 0.023 0.027 0.091 0.258 0.006 0.018 0.07
151 Q 0.055 0.072 0.043 0.046 0.009 0.226 0.101 0.041 0.029 0.026 0.046 0.09 0.02 0.014 0.023 0.055 0.041 0.006 0.02 0.035
152 I 0.046 0.017 0.014 0.017 0.016 0.013 0.017 0.02 0.009 0.282 0.165 0.023 0.036 0.044 0.014 0.025 0.039 0.006 0.02 0.174
153 R 0.044 0.355 0.038 0.031 0.008 0.048 0.052 0.032 0.023 0.023 0.046 0.118 0.015 0.017 0.019 0.044 0.034 0.006 0.017 0.031
154 F 0.038 0.022 0.017 0.017 0.012 0.015 0.021 0.024 0.022 0.07 0.169 0.023 0.029 0.244 0.013 0.026 0.028 0.017 0.131 0.062
155 S 0.088 0.033 0.041 0.037 0.136 0.026 0.04 0.051 0.015 0.039 0.053 0.043 0.017 0.021 0.025 0.149 0.114 0.005 0.016 0.052
156 F 0.036 0.02 0.016 0.016 0.012 0.012 0.019 0.024 0.015 0.075 0.181 0.02 0.031 0.31 0.011 0.025 0.027 0.014 0.071 0.064
157 A 0.202 0.034 0.038 0.037 0.019 0.028 0.044 0.109 0.016 0.035 0.049 0.047 0.016 0.021 0.028 0.143 0.061 0.005 0.017 0.053
158 C 0.075 0.022 0.025 0.024 0.373 0.017 0.025 0.04 0.011 0.04 0.058 0.028 0.016 0.02 0.019 0.088 0.047 0.004 0.013 0.052
159 L 0.055 0.021 0.015 0.016 0.136 0.015 0.02 0.025 0.009 0.108 0.24 0.024 0.036 0.041 0.015 0.03 0.038 0.006 0.019 0.131
160 L 0.048 0.028 0.017 0.017 0.016 0.022 0.024 0.024 0.013 0.106 0.289 0.03 0.111 0.051 0.015 0.03 0.036 0.007 0.023 0.093
161 A 0.204 0.035 0.039 0.039 0.019 0.029 0.046 0.071 0.017 0.036 0.05 0.049 0.016 0.021 0.029 0.158 0.065 0.005 0.017 0.055
162 L 0.108 0.026 0.017 0.019 0.017 0.018 0.025 0.035 0.011 0.096 0.303 0.03 0.041 0.046 0.018 0.039 0.037 0.007 0.021 0.088
163 N 0.044 0.031 0.171 0.05 0.012 0.023 0.033 0.042 0.02 0.152 0.098 0.038 0.024 0.031 0.017 0.047 0.044 0.005 0.018 0.1
164 S 0.108 0.04 0.053 0.048 0.017 0.033 0.052 0.065 0.019 0.029 0.041 0.053 0.015 0.021 0.029 0.231 0.081 0.005 0.017 0.041
165 I 0.046 0.017 0.014 0.017 0.016 0.013 0.017 0.02 0.009 0.282 0.165 0.023 0.036 0.044 0.014 0.025 0.039 0.006 0.02 0.174
166 Y 0.043 0.024 0.018 0.017 0.013 0.018 0.023 0.023 0.028 0.12 0.171 0.027 0.03 0.089 0.015 0.028 0.032 0.017 0.175 0.09
167 Y 0.048 0.067 0.031 0.03 0.009 0.037 0.049 0.034 0.033 0.035 0.055 0.16 0.017 0.072 0.021 0.042 0.033 0.016 0.172 0.039
168 R 0.043 0.19 0.028 0.024 0.01 0.033 0.037 0.029 0.02 0.052 0.1 0.073 0.057 0.119 0.016 0.037 0.033 0.009 0.036 0.052
169 L 0.044 0.023 0.014 0.015 0.016 0.015 0.019 0.021 0.01 0.145 0.344 0.025 0.047 0.052 0.014 0.024 0.034 0.007 0.022 0.11
170 K 0.054 0.075 0.044 0.105 0.008 0.054 0.161 0.04 0.022 0.025 0.038 0.178 0.014 0.016 0.026 0.053 0.038 0.005 0.016 0.031
171 N 0.043 0.039 0.249 0.065 0.011 0.029 0.041 0.053 0.026 0.045 0.119 0.046 0.02 0.027 0.018 0.057 0.045 0.005 0.017 0.044
172 K 0.05 0.152 0.112 0.049 0.008 0.047 0.06 0.045 0.024 0.025 0.04 0.187 0.014 0.016 0.023 0.055 0.04 0.005 0.017 0.03
173 N 0.045 0.035 0.175 0.053 0.009 0.027 0.04 0.047 0.03 0.028 0.041 0.044 0.013 0.044 0.139 0.053 0.04 0.01 0.093 0.032
174 K 0.069 0.052 0.04 0.036 0.013 0.034 0.047 0.044 0.025 0.038 0.054 0.104 0.017 0.047 0.025 0.102 0.101 0.011 0.095 0.047
175 K 0.05 0.147 0.033 0.032 0.01 0.042 0.053 0.035 0.018 0.048 0.129 0.18 0.024 0.025 0.022 0.043 0.036 0.006 0.018 0.047
176 S 0.108 0.04 0.053 0.048 0.017 0.033 0.052 0.065 0.019 0.029 0.041 0.053 0.015 0.021 0.029 0.231 0.081 0.005 0.017 0.041
177 I 0.045 0.019 0.015 0.017 0.015 0.013 0.018 0.022 0.01 0.212 0.181 0.023 0.035 0.11 0.014 0.025 0.036 0.008 0.033 0.148
178 L 0.114 0.025 0.017 0.019 0.018 0.018 0.026 0.036 0.011 0.119 0.225 0.03 0.036 0.04 0.018 0.041 0.041 0.006 0.02 0.139
179 L 0.04 0.023 0.017 0.016 0.013 0.016 0.021 0.023 0.021 0.08 0.22 0.024 0.034 0.18 0.013 0.026 0.029 0.015 0.119 0.07
180 F 0.036 0.02 0.016 0.016 0.012 0.012 0.019 0.024 0.015 0.075 0.181 0.02 0.031 0.31 0.011 0.025 0.027 0.014 0.071 0.064
181 I 0.042 0.021 0.017 0.017 0.013 0.015 0.021 0.023 0.018 0.156 0.15 0.025 0.042 0.149 0.014 0.027 0.033 0.013 0.095 0.108
182 F 0.111 0.022 0.018 0.02 0.016 0.016 0.025 0.037 0.012 0.124 0.113 0.028 0.027 0.146 0.017 0.041 0.04 0.009 0.041 0.136
183 G 0.141 0.029 0.039 0.036 0.015 0.024 0.035 0.294 0.015 0.027 0.039 0.041 0.013 0.018 0.024 0.104 0.047 0.005 0.014 0.039
184 V 0.057 0.021 0.015 0.017 0.017 0.015 0.021 0.022 0.009 0.18 0.202 0.025 0.037 0.042 0.015 0.028 0.042 0.006 0.021 0.207
185 L 0.044 0.024 0.014 0.015 0.016 0.017 0.02 0.021 0.01 0.113 0.373 0.026 0.057 0.053 0.014 0.025 0.033 0.007 0.022 0.095
186 F 0.051 0.02 0.016 0.017 0.015 0.013 0.021 0.025 0.012 0.112 0.12 0.022 0.028 0.216 0.013 0.029 0.037 0.011 0.054 0.167
187 H 0.041 0.045 0.053 0.038 0.007 0.038 0.053 0.038 0.365 0.023 0.038 0.045 0.015 0.03 0.019 0.041 0.026 0.007 0.056 0.023
188 N 0.042 0.044 0.327 0.082 0.009 0.033 0.049 0.064 0.031 0.022 0.031 0.053 0.011 0.018 0.02 0.069 0.049 0.004 0.015 0.027
189 S 0.147 0.036 0.044 0.041 0.018 0.029 0.045 0.063 0.017 0.038 0.051 0.049 0.017 0.021 0.029 0.159 0.117 0.005 0.017 0.055
190 I 0.077 0.028 0.034 0.033 0.017 0.023 0.035 0.043 0.014 0.156 0.103 0.038 0.026 0.032 0.022 0.128 0.06 0.005 0.019 0.108
191 L 0.044 0.024 0.014 0.015 0.016 0.016 0.02 0.021 0.01 0.114 0.385 0.025 0.049 0.054 0.014 0.024 0.033 0.007 0.022 0.095
192 I 0.046 0.017 0.014 0.017 0.016 0.013 0.017 0.02 0.009 0.282 0.165 0.023 0.036 0.044 0.014 0.025 0.039 0.006 0.02 0.174
193 I 0.052 0.018 0.015 0.017 0.017 0.014 0.019 0.021 0.009 0.252 0.156 0.024 0.035 0.041 0.015 0.027 0.042 0.006 0.02 0.2
194 L 0.106 0.023 0.018 0.02 0.016 0.016 0.024 0.036 0.012 0.125 0.18 0.028 0.032 0.129 0.017 0.039 0.037 0.009 0.037 0.098
195 P 0.061 0.025 0.027 0.031 0.01 0.02 0.033 0.156 0.013 0.024 0.034 0.039 0.01 0.014 0.38 0.045 0.034 0.003 0.012 0.029
196 I 0.052 0.018 0.015 0.017 0.017 0.014 0.019 0.021 0.009 0.252 0.156 0.024 0.035 0.041 0.015 0.027 0.042 0.006 0.02 0.2
197 L 0.044 0.024 0.014 0.015 0.016 0.016 0.02 0.021 0.01 0.114 0.385 0.025 0.049 0.054 0.014 0.024 0.033 0.007 0.022 0.095
198 L 0.05 0.023 0.015 0.016 0.017 0.016 0.021 0.022 0.009 0.126 0.321 0.025 0.044 0.049 0.015 0.026 0.037 0.007 0.022 0.141
199 L 0.076 0.021 0.016 0.017 0.136 0.016 0.022 0.029 0.009 0.113 0.172 0.025 0.031 0.035 0.016 0.035 0.042 0.005 0.018 0.164
200 L 0.114 0.023 0.017 0.02 0.018 0.017 0.025 0.035 0.01 0.158 0.187 0.029 0.034 0.039 0.018 0.041 0.042 0.006 0.02 0.147
201 K 0.05 0.137 0.112 0.049 0.008 0.047 0.061 0.046 0.024 0.025 0.04 0.198 0.014 0.016 0.024 0.055 0.041 0.005 0.017 0.031
202 F 0.041 0.018 0.017 0.017 0.131 0.011 0.018 0.027 0.014 0.058 0.1 0.019 0.023 0.302 0.012 0.029 0.028 0.013 0.069 0.055
203 I 0.056 0.021 0.016 0.018 0.017 0.016 0.021 0.023 0.009 0.211 0.157 0.026 0.051 0.041 0.015 0.029 0.043 0.006 0.021 0.202
204 G 0.069 0.033 0.146 0.054 0.011 0.026 0.038 0.289 0.021 0.022 0.031 0.044 0.011 0.017 0.021 0.079 0.043 0.005 0.013 0.027
205 E 0.051 0.034 0.027 0.054 0.012 0.039 0.159 0.028 0.017 0.148 0.102 0.049 0.025 0.03 0.02 0.04 0.038 0.006 0.019 0.104
206 K 0.051 0.083 0.066 0.135 0.008 0.046 0.074 0.045 0.021 0.026 0.038 0.213 0.013 0.015 0.025 0.053 0.039 0.005 0.015 0.03
207 F 0.043 0.11 0.027 0.024 0.011 0.025 0.033 0.03 0.018 0.063 0.089 0.064 0.022 0.209 0.016 0.04 0.058 0.011 0.053 0.056
208 L 0.045 0.021 0.014 0.016 0.016 0.015 0.019 0.021 0.009 0.198 0.275 0.024 0.043 0.049 0.014 0.024 0.036 0.006 0.021 0.134
209 Y 0.038 0.025 0.02 0.018 0.009 0.019 0.025 0.025 0.039 0.048 0.079 0.028 0.02 0.196 0.014 0.029 0.027 0.025 0.268 0.048
210 N 0.053 0.049 0.185 0.062 0.011 0.08 0.059 0.053 0.026 0.031 0.043 0.06 0.015 0.018 0.023 0.071 0.099 0.005 0.017 0.039
211 L 0.109 0.024 0.017 0.019 0.017 0.018 0.024 0.035 0.011 0.138 0.248 0.029 0.038 0.043 0.018 0.039 0.039 0.006 0.02 0.108
212 K 0.053 0.09 0.112 0.051 0.009 0.048 0.064 0.048 0.023 0.026 0.04 0.23 0.014 0.016 0.025 0.057 0.042 0.005 0.017 0.031
213 F 0.032 0.02 0.016 0.016 0.01 0.012 0.02 0.026 0.016 0.054 0.097 0.02 0.023 0.312 0.01 0.024 0.024 0.137 0.082 0.048
214 Y 0.112 0.027 0.021 0.021 0.015 0.021 0.03 0.038 0.029 0.073 0.08 0.033 0.021 0.079 0.019 0.044 0.038 0.016 0.173 0.11
215 L 0.054 0.021 0.016 0.017 0.016 0.015 0.021 0.024 0.011 0.125 0.188 0.024 0.034 0.13 0.014 0.028 0.039 0.009 0.038 0.177
216 S 0.081 0.034 0.041 0.037 0.016 0.026 0.04 0.049 0.017 0.047 0.082 0.043 0.02 0.094 0.024 0.145 0.112 0.008 0.031 0.054
217 I 0.13 0.027 0.027 0.028 0.018 0.022 0.033 0.047 0.013 0.136 0.101 0.036 0.025 0.031 0.022 0.093 0.054 0.005 0.019 0.134
218 I 0.046 0.019 0.014 0.017 0.016 0.014 0.018 0.02 0.009 0.24 0.22 0.024 0.039 0.046 0.014 0.024 0.038 0.006 0.021 0.154
219 G 0.072 0.026 0.031 0.029 0.014 0.02 0.03 0.158 0.014 0.068 0.078 0.033 0.02 0.117 0.019 0.085 0.046 0.008 0.034 0.1
220 G 0.056 0.02 0.021 0.021 0.014 0.015 0.021 0.147 0.012 0.131 0.109 0.025 0.025 0.123 0.015 0.033 0.036 0.008 0.035 0.133
221 A 0.213 0.026 0.022 0.024 0.138 0.021 0.032 0.059 0.012 0.058 0.069 0.036 0.019 0.023 0.024 0.066 0.046 0.005 0.016 0.091
222 L 0.094 0.024 0.02 0.02 0.015 0.019 0.025 0.063 0.02 0.119 0.167 0.03 0.03 0.062 0.018 0.039 0.036 0.011 0.096 0.093
223 L 0.041 0.023 0.015 0.015 0.015 0.015 0.02 0.022 0.012 0.101 0.317 0.023 0.043 0.139 0.013 0.024 0.031 0.009 0.038 0.085
224 L 0.041 0.023 0.015 0.015 0.015 0.015 0.02 0.022 0.012 0.101 0.317 0.023 0.043 0.139 0.013 0.024 0.031 0.009 0.038 0.085
225 F 0.057 0.037 0.033 0.032 0.012 0.07 0.048 0.039 0.02 0.045 0.078 0.045 0.021 0.207 0.018 0.084 0.043 0.011 0.053 0.046
226 L 0.051 0.063 0.028 0.029 0.012 0.034 0.044 0.032 0.015 0.112 0.159 0.156 0.029 0.032 0.021 0.038 0.038 0.006 0.019 0.083
227 L 0.048 0.02 0.015 0.017 0.015 0.014 0.02 0.023 0.011 0.155 0.198 0.023 0.035 0.132 0.014 0.027 0.036 0.009 0.038 0.151
228 D 0.045 0.052 0.126 0.234 0.008 0.036 0.075 0.05 0.022 0.023 0.032 0.108 0.011 0.016 0.023 0.056 0.039 0.004 0.014 0.027
229 P 0.048 0.022 0.019 0.024 0.012 0.016 0.027 0.029 0.013 0.099 0.087 0.031 0.02 0.116 0.257 0.034 0.034 0.007 0.033 0.072
230 F 0.103 0.021 0.018 0.02 0.015 0.015 0.024 0.037 0.014 0.112 0.112 0.026 0.026 0.214 0.016 0.04 0.035 0.011 0.053 0.088
231 N 0.053 0.036 0.178 0.054 0.011 0.028 0.038 0.168 0.023 0.04 0.071 0.044 0.051 0.025 0.019 0.056 0.042 0.006 0.016 0.042
232 V 0.067 0.028 0.027 0.026 0.015 0.023 0.031 0.035 0.021 0.106 0.104 0.035 0.042 0.058 0.019 0.081 0.049 0.011 0.097 0.125
233 L 0.044 0.024 0.014 0.015 0.016 0.016 0.02 0.021 0.01 0.114 0.385 0.025 0.049 0.054 0.014 0.024 0.033 0.007 0.022 0.095
234 I 0.062 0.023 0.024 0.025 0.016 0.018 0.026 0.032 0.011 0.219 0.134 0.031 0.031 0.038 0.018 0.076 0.05 0.006 0.02 0.141
235 N 0.066 0.041 0.188 0.062 0.013 0.032 0.047 0.059 0.024 0.032 0.042 0.051 0.014 0.02 0.024 0.115 0.109 0.005 0.016 0.041
236 L 0.057 0.029 0.029 0.026 0.016 0.021 0.029 0.032 0.013 0.077 0.19 0.034 0.031 0.081 0.02 0.058 0.144 0.008 0.028 0.077
237 G 0.063 0.029 0.038 0.034 0.01 0.024 0.035 0.277 0.101 0.021 0.032 0.038 0.011 0.019 0.139 0.046 0.03 0.005 0.023 0.025
238 F 0.038 0.022 0.017 0.017 0.012 0.015 0.021 0.024 0.022 0.07 0.169 0.023 0.029 0.244 0.013 0.026 0.028 0.017 0.131 0.062
239 L 0.046 0.026 0.015 0.016 0.016 0.019 0.022 0.023 0.011 0.11 0.337 0.028 0.08 0.052 0.014 0.027 0.035 0.007 0.022 0.094
240 P 0.056 0.025 0.023 0.031 0.01 0.02 0.036 0.036 0.013 0.025 0.036 0.041 0.01 0.013 0.501 0.043 0.036 0.003 0.013 0.031
241 H 0.058 0.044 0.053 0.04 0.01 0.036 0.052 0.045 0.278 0.024 0.039 0.047 0.015 0.028 0.021 0.089 0.04 0.007 0.047 0.027
242 Q 0.055 0.072 0.043 0.046 0.009 0.226 0.101 0.041 0.029 0.026 0.046 0.09 0.02 0.014 0.023 0.055 0.041 0.006 0.02 0.035
243 I 0.046 0.019 0.014 0.017 0.016 0.014 0.018 0.02 0.009 0.24 0.22 0.024 0.039 0.046 0.014 0.024 0.038 0.006 0.021 0.154
244 T 0.072 0.035 0.043 0.037 0.018 0.027 0.039 0.043 0.014 0.053 0.064 0.045 0.019 0.023 0.027 0.091 0.258 0.006 0.018 0.07
245 R 0.044 0.355 0.038 0.031 0.008 0.048 0.052 0.032 0.023 0.023 0.046 0.118 0.015 0.017 0.019 0.044 0.034 0.006 0.017 0.031
246 Y 0.04 0.028 0.021 0.018 0.009 0.021 0.028 0.025 0.046 0.043 0.067 0.031 0.018 0.129 0.015 0.031 0.028 0.028 0.328 0.046
247 I 0.049 0.031 0.022 0.025 0.014 0.066 0.038 0.025 0.014 0.218 0.136 0.04 0.032 0.036 0.017 0.032 0.04 0.006 0.02 0.139
248 G 0.068 0.028 0.111 0.045 0.01 0.022 0.031 0.404 0.018 0.02 0.029 0.038 0.01 0.016 0.019 0.055 0.034 0.005 0.012 0.025
249 Q 0.073 0.055 0.046 0.044 0.013 0.128 0.073 0.047 0.023 0.033 0.05 0.069 0.019 0.018 0.026 0.108 0.105 0.006 0.019 0.045
250 D 0.106 0.033 0.122 0.231 0.011 0.029 0.067 0.058 0.021 0.027 0.036 0.046 0.012 0.017 0.023 0.064 0.042 0.004 0.014 0.036
251 E 0.047 0.039 0.042 0.151 0.008 0.045 0.183 0.035 0.029 0.027 0.042 0.056 0.013 0.044 0.022 0.048 0.034 0.011 0.093 0.033
252 L 0.11 0.028 0.018 0.02 0.017 0.021 0.027 0.037 0.013 0.092 0.255 0.032 0.072 0.044 0.018 0.042 0.039 0.007 0.021 0.087
253 N 0.059 0.035 0.138 0.046 0.014 0.028 0.037 0.045 0.02 0.077 0.097 0.042 0.057 0.03 0.019 0.072 0.05 0.006 0.019 0.108
254 G 0.078 0.023 0.039 0.034 0.011 0.019 0.026 0.509 0.014 0.019 0.028 0.034 0.009 0.016 0.019 0.051 0.03 0.005 0.011 0.024
255 G 0.077 0.023 0.039 0.033 0.011 0.019 0.025 0.517 0.013 0.019 0.028 0.033 0.009 0.016 0.019 0.051 0.029 0.005 0.011 0.024
256 N 0.107 0.041 0.252 0.069 0.012 0.031 0.046 0.067 0.027 0.027 0.038 0.051 0.013 0.019 0.022 0.072 0.049 0.005 0.016 0.037
257 T 0.072 0.035 0.043 0.037 0.018 0.027 0.039 0.043 0.014 0.053 0.064 0.045 0.019 0.023 0.027 0.091 0.258 0.006 0.018 0.07
258 F 0.039 0.02 0.015 0.016 0.013 0.012 0.019 0.023 0.013 0.13 0.194 0.021 0.034 0.222 0.012 0.025 0.031 0.012 0.054 0.094
259 G 0.077 0.023 0.039 0.033 0.011 0.019 0.025 0.517 0.013 0.019 0.028 0.033 0.009 0.016 0.019 0.051 0.029 0.005 0.011 0.024
260 L 0.047 0.02 0.015 0.017 0.015 0.014 0.019 0.022 0.011 0.162 0.2 0.023 0.036 0.133 0.014 0.026 0.036 0.009 0.038 0.144
261 N 0.057 0.04 0.185 0.059 0.013 0.03 0.044 0.053 0.022 0.037 0.048 0.049 0.015 0.021 0.024 0.08 0.153 0.005 0.017 0.048
262 F 0.105 0.025 0.02 0.021 0.015 0.018 0.026 0.039 0.016 0.067 0.119 0.029 0.06 0.215 0.017 0.042 0.035 0.012 0.054 0.067
263 L 0.044 0.022 0.016 0.017 0.014 0.016 0.021 0.022 0.018 0.18 0.196 0.026 0.035 0.067 0.015 0.026 0.035 0.012 0.098 0.122
264 I 0.047 0.022 0.017 0.018 0.015 0.016 0.021 0.024 0.012 0.166 0.155 0.026 0.067 0.132 0.014 0.028 0.037 0.009 0.038 0.137
265 T 0.09 0.037 0.048 0.043 0.017 0.03 0.045 0.054 0.016 0.041 0.053 0.049 0.017 0.022 0.028 0.161 0.169 0.005 0.017 0.056
266 I 0.058 0.023 0.022 0.022 0.017 0.017 0.024 0.027 0.01 0.195 0.131 0.029 0.031 0.036 0.018 0.043 0.096 0.006 0.02 0.174
267 V 0.12 0.024 0.021 0.022 0.017 0.018 0.028 0.04 0.013 0.099 0.102 0.03 0.025 0.121 0.019 0.056 0.045 0.008 0.036 0.155
268 L 0.068 0.023 0.016 0.017 0.016 0.016 0.022 0.027 0.011 0.109 0.281 0.026 0.04 0.091 0.015 0.03 0.036 0.008 0.029 0.118
269 A 0.147 0.033 0.037 0.036 0.019 0.027 0.042 0.058 0.015 0.066 0.067 0.044 0.02 0.024 0.026 0.145 0.065 0.005 0.018 0.108
270 F 0.043 0.02 0.016 0.016 0.014 0.013 0.02 0.024 0.013 0.108 0.187 0.022 0.033 0.221 0.013 0.026 0.032 0.011 0.054 0.114
271 L 0.044 0.022 0.014 0.016 0.016 0.015 0.019 0.021 0.01 0.156 0.33 0.025 0.046 0.051 0.014 0.024 0.034 0.007 0.022 0.115
272 L 0.048 0.028 0.017 0.017 0.016 0.022 0.024 0.024 0.013 0.106 0.289 0.03 0.111 0.051 0.015 0.03 0.036 0.007 0.023 0.093
273 C 0.182 0.023 0.021 0.023 0.256 0.019 0.028 0.055 0.011 0.043 0.061 0.032 0.017 0.021 0.023 0.062 0.043 0.005 0.015 0.062
274 L 0.051 0.021 0.016 0.017 0.016 0.014 0.02 0.023 0.011 0.14 0.193 0.023 0.035 0.131 0.014 0.027 0.038 0.009 0.038 0.164
275 R 0.107 0.114 0.103 0.04 0.012 0.032 0.042 0.05 0.029 0.033 0.051 0.062 0.015 0.046 0.021 0.057 0.04 0.011 0.094 0.043
276 F 0.037 0.023 0.019 0.018 0.01 0.016 0.023 0.025 0.031 0.053 0.09 0.025 0.022 0.262 0.013 0.028 0.026 0.022 0.208 0.05
277 N 0.046 0.06 0.249 0.073 0.009 0.039 0.055 0.06 0.029 0.024 0.034 0.11 0.012 0.017 0.022 0.066 0.047 0.005 0.016 0.028
278 R 0.048 0.286 0.039 0.034 0.008 0.05 0.057 0.035 0.023 0.024 0.046 0.16 0.015 0.017 0.021 0.047 0.036 0.006 0.017 0.031
279 R 0.049 0.261 0.039 0.034 0.008 0.05 0.058 0.036 0.022 0.025 0.045 0.182 0.015 0.016 0.022 0.047 0.036 0.005 0.017 0.031
280 E 0.052 0.042 0.107 0.073 0.008 0.045 0.175 0.042 0.024 0.023 0.035 0.061 0.012 0.016 0.143 0.055 0.039 0.004 0.015 0.03
281 Y 0.044 0.065 0.042 0.123 0.008 0.033 0.056 0.035 0.073 0.031 0.048 0.09 0.015 0.06 0.02 0.042 0.032 0.014 0.137 0.034
282 Y 0.041 0.109 0.026 0.021 0.009 0.028 0.034 0.027 0.04 0.038 0.062 0.053 0.018 0.101 0.016 0.034 0.029 0.022 0.25 0.042
283 G 0.068 0.029 0.097 0.09 0.01 0.024 0.039 0.345 0.018 0.02 0.029 0.04 0.01 0.016 0.02 0.065 0.037 0.005 0.012 0.026
284 I 0.111 0.021 0.017 0.02 0.017 0.016 0.023 0.035 0.01 0.214 0.136 0.029 0.031 0.037 0.018 0.04 0.042 0.006 0.02 0.154
285 D 0.05 0.028 0.061 0.313 0.008 0.027 0.074 0.164 0.017 0.021 0.028 0.041 0.009 0.015 0.021 0.051 0.033 0.004 0.011 0.024
286 Y 0.04 0.028 0.021 0.018 0.009 0.021 0.028 0.025 0.046 0.043 0.067 0.031 0.018 0.129 0.015 0.031 0.028 0.028 0.328 0.046
287 K 0.056 0.106 0.041 0.041 0.008 0.053 0.07 0.043 0.02 0.027 0.043 0.289 0.015 0.015 0.027 0.053 0.039 0.005 0.017 0.032
288 L 0.043 0.023 0.016 0.016 0.014 0.017 0.021 0.022 0.019 0.138 0.251 0.026 0.038 0.07 0.014 0.026 0.033 0.012 0.098 0.102
289 L 0.044 0.024 0.014 0.015 0.016 0.016 0.02 0.021 0.01 0.114 0.385 0.025 0.049 0.054 0.014 0.024 0.033 0.007 0.022 0.095
290 Y 0.04 0.028 0.021 0.018 0.009 0.021 0.028 0.025 0.046 0.043 0.067 0.031 0.018 0.129 0.015 0.031 0.028 0.028 0.328 0.046
291 I 0.049 0.02 0.015 0.017 0.016 0.014 0.019 0.021 0.009 0.225 0.216 0.024 0.039 0.045 0.015 0.025 0.039 0.006 0.021 0.167
292 N 0.067 0.038 0.186 0.061 0.011 0.029 0.044 0.178 0.024 0.023 0.033 0.048 0.012 0.018 0.022 0.105 0.052 0.005 0.015 0.03
293 L 0.05 0.031 0.019 0.019 0.016 0.026 0.027 0.027 0.015 0.101 0.218 0.034 0.157 0.048 0.016 0.034 0.039 0.008 0.024 0.092
294 L 0.041 0.023 0.015 0.015 0.015 0.015 0.02 0.022 0.012 0.101 0.317 0.023 0.043 0.139 0.013 0.024 0.031 0.009 0.038 0.085
295 F 0.047 0.021 0.021 0.02 0.012 0.014 0.021 0.147 0.014 0.064 0.159 0.024 0.027 0.215 0.013 0.031 0.028 0.011 0.052 0.057
296 S 0.156 0.037 0.046 0.043 0.018 0.031 0.049 0.068 0.018 0.033 0.046 0.051 0.016 0.021 0.029 0.195 0.073 0.005 0.017 0.048
297 T 0.138 0.035 0.041 0.038 0.018 0.028 0.042 0.057 0.015 0.044 0.057 0.047 0.018 0.022 0.028 0.124 0.161 0.006 0.017 0.062
298 I 0.048 0.017 0.015 0.017 0.133 0.012 0.017 0.024 0.01 0.168 0.127 0.021 0.028 0.126 0.014 0.029 0.035 0.008 0.035 0.115
299 T 0.065 0.027 0.029 0.027 0.017 0.021 0.03 0.033 0.011 0.137 0.106 0.035 0.027 0.031 0.021 0.06 0.151 0.006 0.019 0.148
300 A 0.204 0.035 0.039 0.039 0.019 0.029 0.046 0.071 0.017 0.036 0.05 0.049 0.016 0.021 0.029 0.158 0.065 0.005 0.017 0.055
301 L 0.042 0.021 0.015 0.016 0.015 0.014 0.019 0.022 0.011 0.143 0.262 0.023 0.04 0.137 0.013 0.024 0.033 0.009 0.038 0.104
302 V 0.057 0.021 0.015 0.017 0.017 0.015 0.021 0.022 0.009 0.18 0.202 0.025 0.037 0.042 0.015 0.028 0.042 0.006 0.021 0.207
303 F 0.033 0.019 0.017 0.017 0.01 0.01 0.019 0.025 0.017 0.062 0.113 0.019 0.025 0.396 0.01 0.025 0.025 0.017 0.087 0.054
304 L 0.046 0.034 0.097 0.035 0.012 0.028 0.033 0.036 0.027 0.066 0.122 0.039 0.094 0.06 0.017 0.043 0.039 0.012 0.098 0.064
305 G 0.06 0.033 0.183 0.058 0.01 0.026 0.037 0.291 0.022 0.02 0.029 0.043 0.01 0.017 0.019 0.06 0.039 0.005 0.013 0.025
306 I 0.053 0.022 0.016 0.018 0.017 0.018 0.021 0.023 0.01 0.206 0.163 0.027 0.069 0.042 0.015 0.029 0.042 0.006 0.021 0.18
307 P 0.056 0.025 0.023 0.031 0.01 0.02 0.036 0.036 0.013 0.025 0.036 0.041 0.01 0.013 0.501 0.043 0.036 0.003 0.013 0.031
308 I 0.046 0.017 0.014 0.017 0.016 0.013 0.017 0.02 0.009 0.282 0.165 0.023 0.036 0.044 0.014 0.025 0.039 0.006 0.02 0.174
309 L 0.048 0.028 0.017 0.017 0.016 0.022 0.024 0.024 0.013 0.106 0.289 0.03 0.111 0.051 0.015 0.03 0.036 0.007 0.023 0.093
310 L 0.051 0.032 0.02 0.02 0.016 0.028 0.028 0.028 0.016 0.099 0.194 0.036 0.173 0.047 0.016 0.036 0.04 0.008 0.024 0.091
311 R 0.047 0.327 0.038 0.031 0.008 0.045 0.049 0.073 0.022 0.023 0.044 0.111 0.015 0.017 0.019 0.044 0.034 0.006 0.017 0.03
312 L 0.051 0.032 0.02 0.02 0.016 0.028 0.028 0.028 0.016 0.099 0.194 0.036 0.173 0.047 0.016 0.036 0.04 0.008 0.024 0.091
313 Q 0.055 0.072 0.043 0.046 0.009 0.226 0.101 0.041 0.029 0.026 0.046 0.09 0.02 0.014 0.023 0.055 0.041 0.006 0.02 0.035
314 L 0.044 0.024 0.014 0.015 0.016 0.016 0.02 0.021 0.01 0.114 0.385 0.025 0.049 0.054 0.014 0.024 0.033 0.007 0.022 0.095
315 L 0.044 0.024 0.014 0.015 0.016 0.016 0.02 0.021 0.01 0.114 0.385 0.025 0.049 0.054 0.014 0.024 0.033 0.007 0.022 0.095
316 C 0.061 0.016 0.016 0.016 0.451 0.012 0.016 0.031 0.009 0.046 0.068 0.02 0.017 0.051 0.016 0.039 0.035 0.005 0.018 0.056
317 F 0.036 0.02 0.016 0.016 0.012 0.012 0.019 0.024 0.015 0.075 0.181 0.02 0.031 0.31 0.011 0.025 0.027 0.014 0.071 0.064
318 T 0.072 0.035 0.043 0.037 0.018 0.027 0.039 0.043 0.014 0.053 0.064 0.045 0.019 0.023 0.027 0.091 0.258 0.006 0.018 0.07
319 A 0.197 0.031 0.036 0.035 0.018 0.025 0.039 0.184 0.015 0.033 0.047 0.044 0.015 0.02 0.027 0.112 0.052 0.005 0.016 0.05
