#Seq2Logo.py -f /work3/idamei/ssn-clusterings/clustering/2205181304/clusters/0531_9/sequences.afa -o /work3/idamei/ssn-clusterings/clustering/2205181304/clusters/0531_9/sequences.logo
#Position Specific Frequency Matrix
A R N D C Q E G H I L K M F P S T W Y V
0 L 0.052 0.032 0.02 0.02 0.016 0.028 0.028 0.028 0.016 0.101 0.198 0.036 0.156 0.048 0.016 0.036 0.04 0.008 0.024 0.093
1 R 0.166 0.186 0.032 0.031 0.015 0.037 0.047 0.056 0.019 0.033 0.053 0.083 0.017 0.02 0.025 0.065 0.043 0.006 0.018 0.05
2 R 0.059 0.189 0.041 0.034 0.013 0.038 0.046 0.038 0.019 0.038 0.056 0.083 0.018 0.021 0.024 0.069 0.139 0.006 0.018 0.051
3 G 0.062 0.182 0.039 0.033 0.009 0.034 0.039 0.27 0.018 0.021 0.038 0.077 0.013 0.017 0.019 0.048 0.032 0.006 0.014 0.028
4 I 0.047 0.018 0.015 0.018 0.016 0.013 0.018 0.021 0.009 0.267 0.169 0.024 0.037 0.044 0.015 0.025 0.04 0.006 0.021 0.178
5 G 0.079 0.023 0.039 0.034 0.011 0.019 0.026 0.508 0.014 0.019 0.028 0.034 0.009 0.016 0.019 0.052 0.03 0.005 0.011 0.024
6 I 0.047 0.018 0.015 0.018 0.016 0.013 0.018 0.021 0.009 0.267 0.169 0.024 0.037 0.044 0.015 0.025 0.04 0.006 0.021 0.178
7 G 0.079 0.023 0.039 0.034 0.011 0.019 0.026 0.508 0.014 0.019 0.028 0.034 0.009 0.016 0.019 0.052 0.03 0.005 0.011 0.024
8 N 0.043 0.045 0.313 0.084 0.009 0.034 0.05 0.066 0.032 0.023 0.032 0.054 0.011 0.018 0.02 0.07 0.05 0.005 0.016 0.027
9 E 0.055 0.05 0.041 0.091 0.007 0.065 0.293 0.035 0.026 0.022 0.037 0.076 0.013 0.017 0.026 0.055 0.037 0.006 0.017 0.031
10 G 0.079 0.023 0.039 0.034 0.011 0.019 0.026 0.508 0.014 0.019 0.028 0.034 0.009 0.016 0.019 0.052 0.03 0.005 0.011 0.024
11 N 0.165 0.038 0.17 0.057 0.015 0.03 0.045 0.072 0.023 0.033 0.046 0.049 0.014 0.02 0.025 0.078 0.05 0.005 0.017 0.048
12 L 0.045 0.024 0.014 0.015 0.016 0.016 0.02 0.021 0.01 0.116 0.372 0.025 0.05 0.055 0.014 0.024 0.034 0.007 0.022 0.097
13 M 0.047 0.029 0.018 0.018 0.014 0.025 0.025 0.025 0.014 0.089 0.175 0.032 0.252 0.043 0.014 0.032 0.036 0.007 0.021 0.082
14 L 0.045 0.024 0.014 0.015 0.016 0.016 0.02 0.021 0.01 0.116 0.373 0.025 0.05 0.055 0.014 0.024 0.034 0.007 0.022 0.097
15 T 0.106 0.031 0.069 0.034 0.015 0.025 0.041 0.043 0.014 0.071 0.087 0.043 0.039 0.025 0.022 0.074 0.167 0.005 0.017 0.072
16 L 0.067 0.028 0.041 0.06 0.012 0.027 0.084 0.042 0.014 0.067 0.246 0.037 0.034 0.047 0.019 0.052 0.035 0.006 0.019 0.062
17 L 0.084 0.023 0.019 0.02 0.013 0.018 0.025 0.06 0.012 0.079 0.129 0.029 0.053 0.035 0.08 0.038 0.053 0.111 0.026 0.093
18 P 0.057 0.026 0.023 0.031 0.01 0.021 0.036 0.036 0.013 0.026 0.036 0.042 0.01 0.013 0.491 0.044 0.036 0.003 0.013 0.031
19 E 0.066 0.05 0.048 0.077 0.008 0.145 0.194 0.037 0.032 0.026 0.052 0.067 0.017 0.016 0.022 0.05 0.038 0.005 0.017 0.033
20 F 0.037 0.02 0.016 0.016 0.021 0.014 0.02 0.045 0.021 0.071 0.16 0.022 0.025 0.205 0.012 0.025 0.026 0.037 0.149 0.058
21 L 0.105 0.025 0.025 0.024 0.016 0.02 0.028 0.083 0.012 0.092 0.149 0.032 0.049 0.056 0.018 0.09 0.054 0.006 0.021 0.093
22 G 0.056 0.02 0.023 0.021 0.034 0.015 0.02 0.256 0.01 0.091 0.183 0.026 0.029 0.03 0.018 0.034 0.03 0.005 0.015 0.084
23 L 0.042 0.021 0.013 0.014 0.015 0.014 0.018 0.019 0.009 0.107 0.416 0.023 0.043 0.047 0.013 0.022 0.031 0.006 0.02 0.107
24 L 0.066 0.025 0.027 0.025 0.014 0.019 0.028 0.077 0.012 0.083 0.128 0.031 0.023 0.084 0.018 0.091 0.098 0.039 0.027 0.086
25 L 0.057 0.022 0.021 0.02 0.067 0.017 0.024 0.127 0.01 0.082 0.215 0.027 0.037 0.033 0.015 0.053 0.038 0.005 0.016 0.114
26 F 0.045 0.018 0.014 0.015 0.056 0.012 0.018 0.022 0.01 0.12 0.163 0.02 0.028 0.184 0.012 0.026 0.032 0.009 0.04 0.156
27 Y 0.035 0.023 0.018 0.016 0.029 0.018 0.023 0.023 0.034 0.037 0.06 0.026 0.016 0.115 0.012 0.027 0.024 0.117 0.305 0.04
28 L 0.047 0.021 0.015 0.016 0.035 0.014 0.019 0.047 0.009 0.119 0.301 0.023 0.036 0.076 0.013 0.027 0.043 0.007 0.024 0.108
29 L 0.066 0.021 0.015 0.016 0.039 0.015 0.019 0.052 0.009 0.131 0.27 0.024 0.043 0.058 0.014 0.028 0.033 0.006 0.021 0.119
30 S 0.15 0.03 0.037 0.034 0.067 0.025 0.038 0.097 0.015 0.033 0.048 0.041 0.024 0.019 0.024 0.186 0.068 0.005 0.015 0.046
31 L 0.09 0.023 0.02 0.021 0.015 0.017 0.024 0.081 0.01 0.122 0.2 0.028 0.029 0.034 0.017 0.051 0.064 0.005 0.017 0.132
32 G 0.1 0.024 0.026 0.025 0.042 0.018 0.027 0.143 0.012 0.094 0.103 0.031 0.02 0.03 0.018 0.094 0.042 0.044 0.019 0.086
33 L 0.07 0.02 0.017 0.017 0.013 0.014 0.02 0.069 0.011 0.093 0.207 0.023 0.033 0.139 0.014 0.031 0.032 0.03 0.034 0.112
34 I 0.046 0.018 0.014 0.016 0.015 0.014 0.018 0.02 0.009 0.252 0.174 0.022 0.05 0.056 0.013 0.024 0.036 0.006 0.021 0.177
35 L 0.098 0.023 0.023 0.022 0.014 0.017 0.024 0.174 0.011 0.064 0.197 0.029 0.035 0.059 0.017 0.042 0.055 0.006 0.02 0.071
36 T 0.072 0.044 0.029 0.027 0.012 0.033 0.033 0.036 0.019 0.055 0.071 0.038 0.018 0.06 0.019 0.084 0.124 0.085 0.086 0.055
37 L 0.06 0.038 0.016 0.017 0.014 0.016 0.022 0.024 0.011 0.113 0.288 0.028 0.035 0.077 0.014 0.038 0.034 0.007 0.036 0.114
38 I 0.069 0.021 0.02 0.02 0.049 0.016 0.022 0.028 0.01 0.197 0.139 0.027 0.039 0.05 0.016 0.047 0.086 0.006 0.02 0.118
39 Y 0.053 0.026 0.02 0.019 0.031 0.04 0.029 0.057 0.027 0.042 0.072 0.03 0.017 0.073 0.014 0.033 0.028 0.129 0.202 0.056
40 R 0.046 0.268 0.04 0.031 0.008 0.08 0.052 0.033 0.02 0.033 0.05 0.107 0.022 0.032 0.018 0.056 0.035 0.005 0.018 0.045
41 D 0.107 0.032 0.041 0.156 0.011 0.033 0.135 0.066 0.02 0.04 0.053 0.047 0.014 0.018 0.022 0.102 0.042 0.004 0.014 0.04
42 Y 0.036 0.021 0.017 0.016 0.01 0.015 0.021 0.022 0.028 0.062 0.097 0.023 0.021 0.221 0.012 0.026 0.026 0.019 0.232 0.073
43 R 0.044 0.24 0.035 0.032 0.009 0.104 0.058 0.032 0.037 0.029 0.047 0.124 0.016 0.033 0.019 0.042 0.033 0.006 0.02 0.042
44 R 0.06 0.188 0.037 0.033 0.009 0.112 0.059 0.036 0.057 0.027 0.058 0.11 0.017 0.018 0.02 0.056 0.047 0.005 0.02 0.034
45 Q 0.072 0.077 0.03 0.033 0.014 0.124 0.073 0.034 0.019 0.056 0.061 0.083 0.019 0.023 0.019 0.052 0.038 0.035 0.027 0.112
46 G 0.065 0.173 0.033 0.029 0.011 0.04 0.038 0.204 0.033 0.023 0.039 0.069 0.012 0.033 0.06 0.045 0.042 0.005 0.017 0.029
47 F 0.031 0.019 0.016 0.016 0.01 0.021 0.02 0.023 0.015 0.059 0.113 0.02 0.023 0.417 0.01 0.024 0.024 0.014 0.074 0.05
48 S 0.08 0.037 0.135 0.051 0.014 0.029 0.045 0.057 0.02 0.026 0.036 0.048 0.013 0.018 0.024 0.227 0.084 0.005 0.015 0.036
49 F 0.031 0.017 0.015 0.015 0.01 0.01 0.017 0.022 0.015 0.059 0.122 0.017 0.024 0.429 0.01 0.023 0.023 0.015 0.076 0.051
50 H 0.038 0.054 0.128 0.042 0.007 0.032 0.045 0.039 0.282 0.022 0.035 0.044 0.013 0.031 0.017 0.043 0.029 0.008 0.068 0.023
51 L 0.057 0.021 0.015 0.015 0.014 0.015 0.019 0.044 0.01 0.115 0.305 0.024 0.046 0.06 0.013 0.026 0.032 0.028 0.023 0.118
52 L 0.039 0.02 0.013 0.014 0.035 0.013 0.018 0.02 0.01 0.102 0.355 0.021 0.039 0.119 0.012 0.022 0.029 0.008 0.03 0.081
53 F 0.03 0.017 0.015 0.015 0.009 0.009 0.017 0.023 0.015 0.056 0.102 0.017 0.023 0.454 0.009 0.023 0.023 0.015 0.079 0.049
54 S 0.095 0.035 0.047 0.043 0.016 0.029 0.046 0.057 0.017 0.029 0.039 0.047 0.014 0.019 0.026 0.283 0.098 0.005 0.016 0.04
55 L 0.058 0.022 0.016 0.016 0.014 0.015 0.02 0.087 0.01 0.105 0.331 0.024 0.043 0.042 0.014 0.028 0.031 0.006 0.018 0.1
56 A 0.287 0.031 0.026 0.03 0.022 0.026 0.041 0.079 0.015 0.043 0.06 0.045 0.018 0.022 0.03 0.085 0.05 0.005 0.018 0.069
57 L 0.056 0.02 0.014 0.015 0.015 0.015 0.019 0.021 0.009 0.201 0.266 0.023 0.052 0.042 0.014 0.025 0.034 0.006 0.019 0.134
58 Y 0.035 0.024 0.019 0.016 0.008 0.018 0.024 0.022 0.038 0.041 0.066 0.026 0.017 0.157 0.013 0.027 0.025 0.024 0.354 0.043
59 L 0.054 0.021 0.015 0.015 0.013 0.014 0.019 0.044 0.011 0.088 0.295 0.022 0.034 0.126 0.013 0.026 0.03 0.031 0.033 0.097
60 L 0.067 0.022 0.018 0.019 0.016 0.016 0.023 0.027 0.009 0.15 0.23 0.026 0.033 0.037 0.016 0.06 0.041 0.005 0.018 0.167
61 T 0.064 0.031 0.037 0.032 0.016 0.024 0.034 0.037 0.012 0.061 0.063 0.039 0.018 0.022 0.024 0.079 0.308 0.005 0.016 0.078
62 F 0.031 0.017 0.015 0.015 0.031 0.01 0.017 0.023 0.015 0.056 0.1 0.017 0.022 0.436 0.01 0.023 0.023 0.015 0.076 0.049
63 Y 0.034 0.022 0.018 0.016 0.009 0.016 0.022 0.022 0.032 0.045 0.076 0.024 0.019 0.238 0.012 0.026 0.024 0.021 0.28 0.044
64 L 0.078 0.022 0.019 0.019 0.013 0.015 0.022 0.093 0.012 0.07 0.248 0.025 0.03 0.136 0.015 0.047 0.032 0.008 0.032 0.064
65 W 0.03 0.023 0.015 0.015 0.008 0.015 0.023 0.03 0.015 0.03 0.053 0.023 0.015 0.061 0.008 0.023 0.023 0.49 0.069 0.03
66 G 0.07 0.02 0.035 0.03 0.01 0.017 0.023 0.563 0.012 0.017 0.025 0.03 0.008 0.014 0.017 0.046 0.026 0.005 0.01 0.022
67 F 0.032 0.017 0.015 0.015 0.01 0.01 0.017 0.023 0.016 0.061 0.108 0.018 0.023 0.413 0.01 0.023 0.024 0.015 0.088 0.063
68 P 0.051 0.023 0.021 0.028 0.009 0.018 0.032 0.032 0.011 0.023 0.032 0.037 0.009 0.011 0.549 0.039 0.032 0.002 0.011 0.028
69 L 0.036 0.019 0.014 0.014 0.033 0.012 0.017 0.021 0.011 0.091 0.272 0.02 0.033 0.218 0.011 0.023 0.027 0.01 0.045 0.072
70 S 0.089 0.035 0.046 0.041 0.016 0.028 0.043 0.053 0.016 0.032 0.043 0.046 0.015 0.019 0.026 0.243 0.144 0.005 0.016 0.045
71 L 0.085 0.025 0.021 0.021 0.07 0.02 0.025 0.058 0.012 0.075 0.208 0.03 0.091 0.035 0.017 0.066 0.039 0.006 0.018 0.08
72 L 0.097 0.023 0.019 0.02 0.015 0.017 0.024 0.052 0.01 0.142 0.186 0.028 0.046 0.036 0.017 0.05 0.057 0.027 0.02 0.115
73 L 0.041 0.023 0.014 0.014 0.014 0.017 0.019 0.02 0.01 0.1 0.39 0.024 0.085 0.048 0.013 0.024 0.031 0.006 0.02 0.085
74 A 0.176 0.031 0.038 0.027 0.016 0.023 0.033 0.067 0.013 0.082 0.078 0.06 0.038 0.028 0.021 0.069 0.054 0.005 0.017 0.124
75 L 0.037 0.023 0.03 0.019 0.011 0.016 0.031 0.027 0.015 0.07 0.204 0.024 0.038 0.193 0.012 0.026 0.028 0.054 0.073 0.07
76 G 0.052 0.083 0.031 0.028 0.013 0.049 0.036 0.231 0.043 0.032 0.076 0.07 0.025 0.047 0.017 0.04 0.029 0.008 0.056 0.035
77 F 0.03 0.017 0.015 0.015 0.009 0.009 0.017 0.023 0.015 0.056 0.102 0.017 0.023 0.454 0.009 0.023 0.023 0.015 0.079 0.049
78 D 0.073 0.033 0.112 0.173 0.009 0.043 0.092 0.159 0.035 0.021 0.03 0.045 0.01 0.015 0.02 0.053 0.034 0.004 0.014 0.027
79 V 0.074 0.029 0.024 0.024 0.014 0.053 0.039 0.03 0.032 0.099 0.098 0.036 0.023 0.038 0.017 0.058 0.055 0.007 0.064 0.185
80 P 0.102 0.048 0.031 0.056 0.011 0.051 0.094 0.055 0.016 0.035 0.048 0.051 0.014 0.017 0.167 0.075 0.057 0.004 0.014 0.055
81 L 0.047 0.022 0.017 0.017 0.015 0.016 0.021 0.022 0.009 0.137 0.274 0.026 0.044 0.04 0.036 0.031 0.069 0.006 0.019 0.133
82 P 0.122 0.026 0.021 0.025 0.014 0.038 0.033 0.038 0.012 0.084 0.082 0.036 0.019 0.022 0.193 0.054 0.04 0.004 0.015 0.121
83 P 0.081 0.045 0.06 0.099 0.011 0.027 0.072 0.064 0.016 0.026 0.035 0.046 0.011 0.015 0.197 0.101 0.042 0.004 0.013 0.036
84 P 0.072 0.029 0.023 0.025 0.012 0.02 0.031 0.033 0.014 0.063 0.066 0.058 0.017 0.07 0.198 0.052 0.066 0.007 0.051 0.092
85 E 0.1 0.034 0.048 0.087 0.011 0.036 0.165 0.061 0.034 0.048 0.087 0.05 0.017 0.021 0.022 0.062 0.048 0.005 0.017 0.048
86 Y 0.063 0.032 0.057 0.032 0.012 0.048 0.049 0.034 0.034 0.07 0.076 0.039 0.046 0.057 0.018 0.063 0.085 0.01 0.105 0.07
87 L 0.043 0.026 0.017 0.017 0.014 0.038 0.026 0.023 0.011 0.091 0.367 0.029 0.057 0.052 0.014 0.036 0.032 0.006 0.021 0.078
88 L 0.053 0.022 0.015 0.016 0.033 0.025 0.021 0.024 0.012 0.085 0.255 0.024 0.032 0.157 0.012 0.026 0.028 0.051 0.039 0.069
89 L 0.046 0.053 0.041 0.032 0.011 0.099 0.073 0.029 0.022 0.075 0.166 0.049 0.034 0.04 0.017 0.048 0.034 0.008 0.066 0.059
90 A 0.215 0.028 0.028 0.028 0.018 0.023 0.034 0.053 0.012 0.057 0.062 0.038 0.018 0.021 0.024 0.082 0.144 0.005 0.016 0.092
91 L 0.041 0.026 0.017 0.017 0.023 0.043 0.026 0.022 0.012 0.088 0.336 0.029 0.045 0.091 0.013 0.031 0.031 0.007 0.026 0.075
92 L 0.083 0.022 0.016 0.017 0.014 0.015 0.021 0.069 0.011 0.082 0.284 0.025 0.038 0.106 0.014 0.031 0.033 0.007 0.028 0.083
93 S 0.115 0.028 0.029 0.028 0.015 0.022 0.033 0.043 0.015 0.077 0.08 0.036 0.019 0.034 0.021 0.124 0.091 0.049 0.049 0.093
94 A 0.282 0.028 0.027 0.029 0.018 0.023 0.036 0.083 0.014 0.038 0.054 0.04 0.024 0.02 0.046 0.099 0.063 0.005 0.015 0.057
95 L 0.096 0.025 0.025 0.024 0.015 0.019 0.027 0.061 0.011 0.086 0.186 0.031 0.027 0.064 0.019 0.06 0.122 0.006 0.022 0.076
96 G 0.128 0.021 0.023 0.023 0.076 0.017 0.024 0.187 0.011 0.08 0.086 0.029 0.019 0.038 0.018 0.053 0.037 0.005 0.016 0.109
97 F 0.064 0.02 0.026 0.024 0.01 0.015 0.023 0.232 0.014 0.038 0.065 0.026 0.016 0.232 0.014 0.059 0.029 0.01 0.045 0.038
98 Y 0.036 0.025 0.019 0.017 0.008 0.019 0.025 0.022 0.042 0.039 0.061 0.028 0.017 0.117 0.014 0.028 0.025 0.025 0.392 0.042
99 L 0.113 0.022 0.018 0.019 0.015 0.016 0.023 0.108 0.011 0.091 0.245 0.027 0.03 0.061 0.016 0.039 0.033 0.006 0.021 0.087
100 I 0.044 0.018 0.013 0.015 0.035 0.013 0.017 0.02 0.009 0.231 0.194 0.021 0.032 0.064 0.013 0.024 0.034 0.027 0.024 0.153
101 Y 0.036 0.025 0.019 0.017 0.008 0.019 0.025 0.022 0.041 0.04 0.063 0.027 0.017 0.13 0.014 0.028 0.025 0.025 0.38 0.042
102 Y 0.042 0.026 0.02 0.021 0.009 0.03 0.04 0.025 0.046 0.042 0.09 0.03 0.019 0.124 0.014 0.029 0.026 0.081 0.243 0.043
103 V 0.081 0.02 0.016 0.017 0.015 0.015 0.021 0.051 0.01 0.117 0.15 0.024 0.037 0.084 0.014 0.032 0.036 0.048 0.028 0.182
104 S 0.098 0.026 0.031 0.029 0.063 0.021 0.031 0.125 0.012 0.066 0.075 0.035 0.018 0.022 0.02 0.127 0.079 0.005 0.015 0.102
105 Y 0.036 0.025 0.019 0.017 0.008 0.019 0.025 0.022 0.042 0.039 0.061 0.028 0.017 0.116 0.014 0.028 0.025 0.025 0.394 0.042
106 K 0.05 0.126 0.038 0.034 0.008 0.069 0.055 0.057 0.093 0.026 0.054 0.169 0.015 0.02 0.021 0.063 0.035 0.006 0.029 0.03
107 T 0.06 0.057 0.026 0.024 0.012 0.02 0.027 0.071 0.016 0.078 0.088 0.036 0.02 0.102 0.017 0.055 0.11 0.03 0.067 0.085
108 R 0.06 0.148 0.027 0.024 0.056 0.027 0.035 0.052 0.015 0.054 0.068 0.09 0.018 0.099 0.017 0.055 0.034 0.028 0.028 0.066
109 L 0.068 0.039 0.049 0.04 0.027 0.018 0.027 0.051 0.013 0.068 0.225 0.031 0.028 0.091 0.036 0.044 0.036 0.014 0.026 0.071
110 V 0.07 0.022 0.017 0.018 0.019 0.017 0.023 0.025 0.008 0.165 0.131 0.026 0.032 0.036 0.017 0.033 0.05 0.006 0.021 0.265
111 R 0.047 0.182 0.057 0.03 0.01 0.029 0.037 0.054 0.018 0.037 0.105 0.063 0.018 0.042 0.079 0.064 0.04 0.015 0.033 0.039
112 P 0.059 0.068 0.043 0.031 0.011 0.032 0.039 0.036 0.023 0.063 0.057 0.091 0.016 0.048 0.152 0.075 0.062 0.005 0.02 0.068
113 R 0.083 0.122 0.043 0.031 0.011 0.049 0.04 0.068 0.019 0.041 0.073 0.075 0.022 0.062 0.051 0.048 0.048 0.007 0.051 0.056
114 I 0.047 0.018 0.015 0.018 0.016 0.013 0.018 0.021 0.009 0.267 0.169 0.024 0.037 0.044 0.015 0.025 0.04 0.006 0.021 0.178
115 R 0.045 0.342 0.039 0.031 0.008 0.049 0.053 0.033 0.023 0.023 0.047 0.121 0.016 0.017 0.019 0.045 0.035 0.006 0.017 0.031
116 P 0.084 0.033 0.039 0.04 0.014 0.027 0.045 0.052 0.016 0.028 0.039 0.048 0.013 0.017 0.26 0.13 0.059 0.004 0.015 0.037
117 H 0.043 0.046 0.184 0.061 0.008 0.036 0.052 0.052 0.192 0.023 0.035 0.05 0.013 0.024 0.02 0.056 0.038 0.006 0.037 0.025
118 D 0.076 0.035 0.062 0.222 0.013 0.032 0.072 0.057 0.019 0.026 0.035 0.05 0.013 0.018 0.026 0.134 0.059 0.004 0.014 0.033
119 D 0.049 0.069 0.056 0.218 0.008 0.042 0.082 0.045 0.02 0.025 0.036 0.16 0.012 0.015 0.025 0.053 0.038 0.004 0.014 0.029
120 I 0.047 0.018 0.015 0.018 0.016 0.013 0.018 0.021 0.009 0.267 0.169 0.024 0.037 0.044 0.015 0.025 0.04 0.006 0.021 0.178
121 E 0.056 0.079 0.041 0.066 0.008 0.059 0.182 0.039 0.023 0.025 0.04 0.175 0.014 0.016 0.027 0.055 0.038 0.005 0.017 0.032
122 P 0.084 0.033 0.039 0.04 0.014 0.027 0.045 0.052 0.016 0.028 0.039 0.048 0.013 0.017 0.26 0.13 0.059 0.004 0.015 0.037
123 D 0.048 0.04 0.055 0.243 0.007 0.047 0.192 0.041 0.022 0.022 0.033 0.06 0.011 0.016 0.024 0.054 0.036 0.005 0.014 0.028
124 N 0.058 0.04 0.179 0.061 0.013 0.031 0.045 0.055 0.023 0.038 0.049 0.05 0.016 0.021 0.024 0.082 0.146 0.005 0.017 0.049
125 P 0.051 0.025 0.019 0.023 0.013 0.019 0.028 0.029 0.012 0.071 0.204 0.033 0.03 0.034 0.253 0.034 0.035 0.005 0.018 0.064
126 T 0.092 0.038 0.049 0.043 0.018 0.031 0.046 0.055 0.017 0.042 0.054 0.05 0.018 0.022 0.029 0.155 0.163 0.006 0.018 0.057
127 S 0.071 0.07 0.046 0.049 0.023 0.047 0.041 0.063 0.016 0.057 0.089 0.059 0.018 0.023 0.068 0.09 0.059 0.027 0.017 0.067
128 L 0.045 0.024 0.014 0.015 0.016 0.016 0.02 0.021 0.01 0.116 0.372 0.025 0.05 0.055 0.014 0.024 0.034 0.007 0.022 0.097
129 S 0.11 0.04 0.054 0.049 0.018 0.033 0.053 0.067 0.019 0.03 0.042 0.054 0.016 0.021 0.031 0.216 0.082 0.005 0.018 0.042
130 R 0.079 0.123 0.034 0.035 0.012 0.034 0.048 0.042 0.018 0.04 0.05 0.111 0.016 0.018 0.109 0.08 0.068 0.005 0.016 0.063
131 A 0.102 0.068 0.036 0.081 0.013 0.031 0.075 0.073 0.017 0.056 0.074 0.054 0.018 0.022 0.079 0.072 0.044 0.005 0.016 0.064
132 V 0.07 0.022 0.017 0.018 0.019 0.017 0.023 0.025 0.008 0.165 0.131 0.026 0.032 0.036 0.017 0.033 0.05 0.006 0.021 0.265
133 D 0.064 0.033 0.049 0.154 0.011 0.028 0.058 0.046 0.028 0.032 0.046 0.044 0.015 0.056 0.023 0.1 0.049 0.012 0.114 0.038
134 D 0.047 0.056 0.06 0.277 0.008 0.038 0.085 0.046 0.019 0.024 0.033 0.122 0.011 0.015 0.024 0.053 0.037 0.004 0.013 0.027
135 E 0.068 0.056 0.099 0.061 0.012 0.043 0.101 0.051 0.022 0.031 0.044 0.101 0.015 0.019 0.026 0.098 0.09 0.005 0.017 0.041
136 G 0.087 0.076 0.042 0.123 0.07 0.03 0.052 0.163 0.016 0.028 0.041 0.078 0.013 0.017 0.022 0.054 0.036 0.005 0.014 0.036
137 R 0.053 0.162 0.081 0.088 0.009 0.042 0.059 0.045 0.064 0.024 0.04 0.105 0.014 0.019 0.022 0.071 0.042 0.005 0.021 0.03
138 N 0.057 0.071 0.142 0.085 0.011 0.033 0.05 0.093 0.022 0.049 0.05 0.074 0.015 0.02 0.022 0.074 0.064 0.005 0.016 0.046
139 D 0.079 0.048 0.094 0.11 0.013 0.033 0.056 0.051 0.019 0.054 0.055 0.088 0.017 0.021 0.025 0.079 0.083 0.005 0.016 0.054
140 N 0.056 0.053 0.131 0.13 0.01 0.039 0.086 0.052 0.023 0.027 0.038 0.098 0.013 0.018 0.024 0.079 0.066 0.005 0.016 0.034
141 I 0.119 0.07 0.025 0.026 0.017 0.024 0.032 0.042 0.013 0.138 0.105 0.047 0.026 0.031 0.022 0.055 0.071 0.006 0.019 0.111
142 E 0.07 0.097 0.045 0.063 0.011 0.052 0.158 0.045 0.023 0.025 0.041 0.105 0.015 0.018 0.026 0.1 0.05 0.005 0.017 0.035
143 P 0.066 0.033 0.04 0.087 0.012 0.031 0.09 0.044 0.018 0.033 0.051 0.048 0.015 0.082 0.134 0.096 0.048 0.007 0.028 0.038
144 E 0.072 0.044 0.044 0.068 0.012 0.048 0.179 0.045 0.024 0.029 0.043 0.063 0.015 0.025 0.027 0.107 0.074 0.007 0.035 0.04
145 T 0.133 0.034 0.052 0.036 0.018 0.027 0.039 0.054 0.015 0.05 0.067 0.045 0.026 0.024 0.055 0.083 0.153 0.006 0.018 0.067
146 P 0.075 0.032 0.036 0.035 0.016 0.025 0.039 0.045 0.015 0.053 0.123 0.043 0.023 0.027 0.135 0.11 0.089 0.005 0.018 0.057
147 S 0.087 0.035 0.042 0.038 0.017 0.028 0.041 0.078 0.016 0.052 0.113 0.045 0.031 0.029 0.025 0.143 0.097 0.006 0.018 0.059
148 T 0.075 0.035 0.044 0.037 0.018 0.027 0.039 0.051 0.014 0.056 0.067 0.044 0.021 0.024 0.027 0.091 0.234 0.006 0.018 0.075
149 L 0.071 0.026 0.049 0.074 0.012 0.021 0.037 0.065 0.043 0.089 0.099 0.032 0.021 0.072 0.026 0.057 0.038 0.022 0.047 0.098
150 S 0.119 0.038 0.047 0.047 0.017 0.033 0.065 0.061 0.018 0.036 0.047 0.052 0.016 0.021 0.044 0.177 0.084 0.005 0.017 0.053
151 K 0.057 0.108 0.042 0.042 0.009 0.054 0.071 0.043 0.021 0.028 0.043 0.275 0.016 0.016 0.028 0.054 0.04 0.005 0.017 0.033
152 E 0.055 0.05 0.041 0.091 0.007 0.065 0.294 0.035 0.026 0.022 0.037 0.076 0.013 0.017 0.026 0.055 0.037 0.006 0.017 0.031
153 S 0.11 0.04 0.054 0.049 0.018 0.033 0.053 0.067 0.019 0.03 0.042 0.054 0.016 0.021 0.03 0.217 0.082 0.005 0.018 0.042
154 A 0.287 0.031 0.026 0.03 0.022 0.026 0.041 0.079 0.015 0.043 0.06 0.045 0.018 0.022 0.03 0.085 0.05 0.005 0.018 0.069
155 R 0.046 0.328 0.039 0.031 0.008 0.048 0.052 0.034 0.023 0.025 0.048 0.117 0.016 0.018 0.02 0.047 0.044 0.006 0.017 0.033
156 P 0.059 0.027 0.025 0.032 0.011 0.021 0.037 0.038 0.013 0.026 0.037 0.042 0.011 0.013 0.47 0.052 0.038 0.003 0.013 0.032
157 L 0.046 0.024 0.015 0.016 0.016 0.016 0.021 0.043 0.01 0.111 0.357 0.026 0.048 0.053 0.014 0.026 0.033 0.007 0.022 0.093
158 P 0.084 0.038 0.026 0.032 0.012 0.023 0.037 0.042 0.014 0.039 0.055 0.044 0.014 0.017 0.354 0.064 0.042 0.003 0.014 0.043
159 T 0.084 0.047 0.063 0.035 0.013 0.073 0.045 0.069 0.017 0.06 0.073 0.062 0.019 0.021 0.032 0.088 0.091 0.005 0.016 0.089
160 P 0.065 0.079 0.035 0.033 0.012 0.031 0.043 0.075 0.021 0.042 0.053 0.085 0.016 0.036 0.108 0.075 0.064 0.008 0.061 0.057
161 R 0.045 0.342 0.039 0.031 0.008 0.049 0.053 0.033 0.023 0.023 0.047 0.121 0.016 0.017 0.019 0.045 0.035 0.006 0.017 0.031
162 P 0.073 0.066 0.043 0.034 0.032 0.037 0.056 0.038 0.015 0.032 0.071 0.084 0.015 0.017 0.217 0.075 0.04 0.004 0.014 0.038
163 S 0.11 0.04 0.054 0.049 0.018 0.033 0.053 0.067 0.019 0.03 0.042 0.054 0.016 0.021 0.03 0.216 0.082 0.005 0.018 0.042
164 R 0.053 0.168 0.041 0.032 0.009 0.09 0.053 0.077 0.055 0.037 0.049 0.107 0.016 0.03 0.02 0.044 0.033 0.005 0.021 0.06
165 T 0.073 0.036 0.044 0.038 0.018 0.028 0.04 0.044 0.014 0.054 0.065 0.046 0.02 0.024 0.028 0.093 0.243 0.006 0.018 0.071
166 A 0.18 0.035 0.033 0.039 0.017 0.032 0.073 0.06 0.058 0.051 0.061 0.047 0.018 0.024 0.026 0.086 0.049 0.006 0.023 0.08
167 V 0.073 0.026 0.029 0.027 0.069 0.02 0.029 0.088 0.011 0.107 0.092 0.033 0.024 0.028 0.02 0.069 0.092 0.005 0.018 0.139
168 A 0.179 0.027 0.021 0.024 0.02 0.021 0.032 0.052 0.012 0.104 0.095 0.035 0.025 0.029 0.023 0.059 0.05 0.005 0.019 0.167
169 A 0.115 0.079 0.046 0.035 0.013 0.042 0.071 0.043 0.016 0.046 0.086 0.073 0.018 0.021 0.069 0.082 0.051 0.005 0.016 0.073
170 L 0.045 0.024 0.014 0.015 0.016 0.016 0.02 0.021 0.01 0.116 0.372 0.025 0.05 0.055 0.014 0.024 0.034 0.007 0.022 0.097
171 P 0.067 0.035 0.043 0.03 0.012 0.024 0.035 0.045 0.014 0.052 0.11 0.078 0.019 0.061 0.131 0.078 0.068 0.005 0.021 0.073
172 L 0.045 0.024 0.014 0.015 0.016 0.016 0.02 0.021 0.01 0.116 0.372 0.025 0.05 0.055 0.014 0.024 0.034 0.007 0.022 0.097
173 L 0.081 0.043 0.038 0.028 0.012 0.035 0.053 0.055 0.015 0.079 0.144 0.038 0.023 0.037 0.093 0.05 0.038 0.015 0.034 0.089
174 A nan nan nan nan nan nan nan nan nan nan nan nan nan nan nan nan nan nan nan nan
175 A nan nan nan nan nan nan nan nan nan nan nan nan nan nan nan nan nan nan nan nan
176 A nan nan nan nan nan nan nan nan nan nan nan nan nan nan nan nan nan nan nan nan
177 A nan nan nan nan nan nan nan nan nan nan nan nan nan nan nan nan nan nan nan nan
178 A nan nan nan nan nan nan nan nan nan nan nan nan nan nan nan nan nan nan nan nan
179 A nan nan nan nan nan nan nan nan nan nan nan nan nan nan nan nan nan nan nan nan
180 A nan nan nan nan nan nan nan nan nan nan nan nan nan nan nan nan nan nan nan nan
181 F 0.078 0.049 0.042 0.028 0.012 0.044 0.036 0.057 0.015 0.051 0.096 0.063 0.02 0.13 0.059 0.063 0.051 0.007 0.032 0.069
182 T 0.083 0.041 0.093 0.075 0.012 0.053 0.062 0.086 0.018 0.04 0.047 0.065 0.015 0.018 0.022 0.092 0.103 0.005 0.015 0.053
183 L 0.043 0.024 0.033 0.022 0.012 0.019 0.036 0.026 0.015 0.087 0.165 0.028 0.094 0.156 0.014 0.039 0.044 0.009 0.05 0.082
184 A 0.183 0.034 0.134 0.042 0.014 0.026 0.039 0.058 0.018 0.037 0.047 0.054 0.014 0.019 0.043 0.089 0.066 0.004 0.015 0.062
185 K 0.061 0.193 0.048 0.037 0.008 0.053 0.067 0.038 0.019 0.024 0.04 0.204 0.014 0.015 0.022 0.058 0.047 0.005 0.015 0.031
186 L 0.054 0.031 0.039 0.026 0.013 0.021 0.036 0.032 0.014 0.082 0.136 0.061 0.025 0.124 0.017 0.077 0.062 0.007 0.031 0.113
187 E 0.052 0.044 0.037 0.069 0.008 0.073 0.276 0.034 0.045 0.025 0.051 0.062 0.014 0.017 0.022 0.068 0.047 0.005 0.017 0.032
188 A 0.245 0.027 0.026 0.027 0.017 0.022 0.033 0.075 0.014 0.047 0.059 0.037 0.017 0.041 0.024 0.069 0.104 0.006 0.035 0.076
189 K 0.043 0.067 0.119 0.045 0.009 0.055 0.049 0.046 0.076 0.055 0.082 0.13 0.017 0.025 0.019 0.044 0.035 0.006 0.035 0.042
190 L 0.043 0.021 0.014 0.015 0.014 0.015 0.019 0.021 0.009 0.13 0.351 0.024 0.039 0.044 0.034 0.026 0.046 0.006 0.019 0.109
191 T 0.071 0.03 0.035 0.031 0.016 0.023 0.033 0.038 0.012 0.051 0.085 0.038 0.019 0.045 0.023 0.076 0.285 0.006 0.019 0.064
192 A 0.222 0.024 0.021 0.022 0.064 0.019 0.029 0.076 0.013 0.051 0.061 0.032 0.025 0.043 0.02 0.061 0.037 0.097 0.025 0.058
193 C 0.056 0.02 0.02 0.019 0.175 0.016 0.021 0.117 0.014 0.06 0.089 0.025 0.038 0.038 0.015 0.044 0.033 0.049 0.061 0.093
194 L 0.04 0.02 0.013 0.014 0.014 0.014 0.018 0.019 0.009 0.154 0.343 0.022 0.047 0.078 0.013 0.022 0.031 0.007 0.024 0.099
195 L 0.04 0.022 0.013 0.014 0.014 0.014 0.018 0.019 0.009 0.103 0.444 0.023 0.044 0.049 0.013 0.022 0.03 0.006 0.02 0.086
196 A 0.164 0.025 0.022 0.023 0.056 0.02 0.027 0.104 0.012 0.067 0.125 0.032 0.064 0.044 0.019 0.059 0.044 0.006 0.019 0.069
197 L 0.074 0.022 0.018 0.018 0.014 0.016 0.021 0.09 0.01 0.093 0.285 0.026 0.053 0.055 0.015 0.033 0.042 0.006 0.02 0.087
198 V 0.05 0.019 0.014 0.015 0.016 0.014 0.019 0.02 0.008 0.21 0.189 0.023 0.039 0.038 0.014 0.025 0.038 0.005 0.019 0.226
199 A 0.324 0.028 0.026 0.028 0.018 0.023 0.036 0.107 0.013 0.036 0.049 0.04 0.015 0.019 0.026 0.092 0.045 0.005 0.015 0.056
200 L 0.058 0.02 0.015 0.016 0.015 0.014 0.019 0.023 0.009 0.17 0.233 0.023 0.034 0.072 0.014 0.028 0.048 0.006 0.023 0.159
201 G 0.076 0.021 0.023 0.022 0.014 0.016 0.023 0.202 0.011 0.096 0.113 0.027 0.03 0.06 0.016 0.048 0.038 0.006 0.02 0.137
202 S 0.118 0.032 0.04 0.037 0.04 0.026 0.04 0.052 0.015 0.035 0.047 0.043 0.015 0.019 0.025 0.194 0.151 0.005 0.015 0.049
203 L 0.076 0.022 0.014 0.016 0.015 0.015 0.02 0.025 0.009 0.125 0.296 0.025 0.045 0.041 0.015 0.029 0.036 0.006 0.019 0.151
204 G 0.149 0.022 0.024 0.024 0.014 0.018 0.026 0.19 0.011 0.086 0.105 0.03 0.02 0.053 0.018 0.054 0.041 0.006 0.019 0.09
205 V 0.073 0.02 0.016 0.017 0.014 0.015 0.021 0.058 0.013 0.161 0.135 0.025 0.026 0.045 0.014 0.031 0.035 0.049 0.064 0.167
206 F 0.03 0.017 0.015 0.015 0.009 0.009 0.017 0.023 0.015 0.056 0.102 0.017 0.023 0.455 0.009 0.023 0.023 0.015 0.079 0.049
207 I 0.049 0.021 0.016 0.018 0.016 0.017 0.02 0.023 0.011 0.226 0.176 0.027 0.067 0.045 0.015 0.028 0.04 0.006 0.022 0.156
208 F 0.038 0.019 0.016 0.016 0.011 0.013 0.019 0.042 0.016 0.121 0.142 0.021 0.026 0.227 0.012 0.025 0.028 0.012 0.102 0.095
209 G 0.079 0.023 0.039 0.034 0.011 0.019 0.026 0.508 0.014 0.019 0.028 0.034 0.009 0.016 0.019 0.052 0.03 0.005 0.011 0.024
210 L 0.096 0.025 0.021 0.021 0.014 0.019 0.026 0.053 0.015 0.09 0.196 0.03 0.062 0.061 0.017 0.066 0.038 0.008 0.064 0.077
211 N 0.04 0.052 0.149 0.04 0.01 0.045 0.039 0.037 0.074 0.053 0.146 0.054 0.044 0.045 0.016 0.042 0.035 0.006 0.024 0.047
212 N 0.039 0.04 0.326 0.103 0.008 0.042 0.074 0.054 0.027 0.02 0.029 0.05 0.01 0.016 0.019 0.059 0.042 0.004 0.014 0.024
213 G 0.07 0.02 0.035 0.03 0.01 0.017 0.024 0.563 0.012 0.017 0.025 0.03 0.008 0.014 0.017 0.046 0.026 0.005 0.01 0.022
214 F 0.034 0.019 0.014 0.014 0.011 0.012 0.018 0.021 0.012 0.075 0.249 0.02 0.031 0.254 0.011 0.022 0.026 0.042 0.052 0.064
215 L 0.04 0.022 0.013 0.014 0.014 0.014 0.018 0.019 0.009 0.103 0.445 0.022 0.044 0.049 0.013 0.022 0.03 0.006 0.02 0.086
216 L 0.039 0.021 0.013 0.014 0.014 0.014 0.018 0.019 0.01 0.107 0.398 0.022 0.041 0.091 0.012 0.022 0.029 0.007 0.026 0.084
217 F 0.03 0.017 0.015 0.015 0.009 0.009 0.017 0.023 0.015 0.056 0.102 0.017 0.023 0.455 0.009 0.023 0.023 0.015 0.079 0.049
218 K 0.05 0.172 0.037 0.038 0.008 0.046 0.081 0.036 0.019 0.024 0.039 0.245 0.014 0.015 0.023 0.057 0.047 0.005 0.015 0.03
219 L 0.041 0.022 0.013 0.014 0.014 0.015 0.019 0.02 0.009 0.1 0.429 0.023 0.043 0.047 0.023 0.027 0.031 0.006 0.02 0.083
220 E 0.053 0.058 0.047 0.091 0.009 0.067 0.203 0.039 0.05 0.025 0.037 0.063 0.013 0.017 0.022 0.075 0.076 0.005 0.018 0.033
221 K 0.084 0.081 0.04 0.038 0.011 0.049 0.055 0.046 0.018 0.027 0.04 0.206 0.014 0.016 0.025 0.135 0.06 0.005 0.016 0.035
222 Y 0.036 0.025 0.019 0.017 0.008 0.019 0.025 0.022 0.042 0.039 0.061 0.028 0.017 0.116 0.014 0.028 0.025 0.025 0.394 0.042
223 S 0.089 0.036 0.08 0.045 0.014 0.029 0.045 0.077 0.034 0.025 0.036 0.047 0.013 0.019 0.025 0.263 0.066 0.005 0.017 0.035
224 Q 0.049 0.064 0.038 0.04 0.008 0.27 0.086 0.036 0.041 0.027 0.057 0.088 0.019 0.015 0.021 0.048 0.036 0.005 0.02 0.033
225 R 0.045 0.342 0.039 0.031 0.008 0.049 0.053 0.033 0.023 0.023 0.047 0.121 0.016 0.017 0.019 0.045 0.035 0.006 0.017 0.031
226 I 0.042 0.016 0.013 0.016 0.014 0.012 0.016 0.018 0.008 0.333 0.172 0.021 0.034 0.04 0.013 0.022 0.035 0.005 0.018 0.152
227 F 0.03 0.017 0.015 0.015 0.009 0.009 0.017 0.023 0.015 0.056 0.102 0.017 0.023 0.455 0.009 0.023 0.023 0.015 0.079 0.049
228 S 0.108 0.035 0.047 0.043 0.016 0.029 0.046 0.059 0.017 0.027 0.038 0.048 0.014 0.019 0.026 0.298 0.072 0.005 0.016 0.038
229 A 0.153 0.082 0.062 0.037 0.014 0.04 0.045 0.056 0.017 0.029 0.042 0.076 0.014 0.017 0.064 0.13 0.06 0.005 0.015 0.041
230 D 0.042 0.038 0.191 0.239 0.008 0.032 0.071 0.056 0.025 0.023 0.03 0.05 0.01 0.017 0.021 0.061 0.043 0.004 0.014 0.026
231 D 0.06 0.057 0.038 0.129 0.01 0.093 0.108 0.056 0.018 0.048 0.103 0.056 0.019 0.021 0.02 0.057 0.044 0.005 0.015 0.044
232 W 0.03 0.023 0.015 0.015 0.008 0.015 0.023 0.03 0.015 0.03 0.053 0.023 0.015 0.061 0.008 0.023 0.023 0.49 0.069 0.03
233 V 0.059 0.019 0.014 0.016 0.017 0.014 0.02 0.021 0.007 0.17 0.133 0.023 0.029 0.033 0.014 0.028 0.042 0.005 0.018 0.316
234 S 0.089 0.057 0.04 0.04 0.013 0.072 0.065 0.068 0.018 0.039 0.046 0.077 0.016 0.026 0.023 0.175 0.06 0.005 0.017 0.053
235 G 0.104 0.023 0.034 0.044 0.011 0.018 0.027 0.37 0.029 0.029 0.064 0.031 0.013 0.039 0.018 0.046 0.029 0.006 0.03 0.034
236 V 0.059 0.02 0.017 0.018 0.016 0.015 0.022 0.024 0.008 0.173 0.128 0.025 0.028 0.033 0.015 0.041 0.065 0.005 0.018 0.27
237 A 0.255 0.026 0.022 0.026 0.016 0.021 0.033 0.076 0.013 0.036 0.062 0.037 0.015 0.02 0.145 0.062 0.042 0.025 0.016 0.052
238 L 0.039 0.022 0.013 0.014 0.014 0.014 0.018 0.019 0.009 0.102 0.438 0.022 0.044 0.057 0.013 0.022 0.03 0.006 0.021 0.085
239 K 0.051 0.095 0.037 0.037 0.008 0.048 0.063 0.038 0.018 0.025 0.038 0.358 0.014 0.014 0.025 0.048 0.035 0.005 0.015 0.029
240 R 0.04 0.418 0.034 0.028 0.007 0.043 0.046 0.029 0.021 0.021 0.041 0.107 0.014 0.015 0.017 0.04 0.031 0.005 0.015 0.028
241 F 0.03 0.017 0.015 0.015 0.01 0.01 0.017 0.022 0.015 0.058 0.115 0.017 0.023 0.439 0.01 0.023 0.023 0.015 0.077 0.05
242 F 0.03 0.017 0.015 0.015 0.009 0.009 0.017 0.023 0.015 0.056 0.102 0.017 0.023 0.455 0.009 0.023 0.023 0.015 0.079 0.049
243 Y 0.036 0.025 0.019 0.017 0.008 0.019 0.025 0.022 0.042 0.039 0.061 0.028 0.017 0.116 0.014 0.028 0.025 0.025 0.394 0.042
244 F 0.03 0.017 0.015 0.015 0.009 0.009 0.017 0.023 0.015 0.056 0.102 0.017 0.023 0.455 0.009 0.023 0.023 0.015 0.079 0.049
245 F 0.032 0.017 0.015 0.015 0.031 0.01 0.017 0.022 0.014 0.063 0.144 0.018 0.025 0.383 0.01 0.023 0.024 0.013 0.068 0.054
246 L 0.041 0.018 0.013 0.015 0.014 0.013 0.017 0.019 0.009 0.237 0.26 0.021 0.037 0.059 0.013 0.022 0.033 0.006 0.021 0.133
247 P 0.063 0.023 0.021 0.028 0.01 0.019 0.032 0.034 0.012 0.024 0.033 0.037 0.009 0.012 0.53 0.04 0.033 0.002 0.012 0.029
248 A 0.35 0.027 0.024 0.027 0.019 0.022 0.035 0.099 0.013 0.037 0.051 0.039 0.015 0.019 0.026 0.075 0.043 0.005 0.015 0.059
249 L 0.042 0.025 0.015 0.015 0.014 0.019 0.021 0.021 0.011 0.097 0.331 0.027 0.133 0.046 0.013 0.026 0.032 0.007 0.02 0.084
250 L 0.04 0.022 0.013 0.014 0.014 0.014 0.018 0.019 0.009 0.103 0.445 0.022 0.044 0.049 0.013 0.022 0.03 0.006 0.02 0.086
251 I 0.047 0.018 0.014 0.015 0.015 0.014 0.018 0.02 0.008 0.243 0.196 0.022 0.046 0.039 0.013 0.024 0.036 0.005 0.019 0.186
252 F 0.053 0.02 0.015 0.015 0.012 0.013 0.02 0.024 0.012 0.085 0.154 0.022 0.035 0.177 0.012 0.026 0.03 0.102 0.046 0.128
253 F 0.033 0.021 0.017 0.016 0.012 0.015 0.021 0.022 0.029 0.047 0.08 0.023 0.019 0.272 0.012 0.025 0.024 0.02 0.246 0.045
254 F 0.031 0.017 0.015 0.015 0.01 0.01 0.017 0.022 0.014 0.059 0.126 0.017 0.024 0.408 0.01 0.022 0.023 0.035 0.074 0.051
255 L 0.042 0.022 0.028 0.016 0.035 0.016 0.019 0.021 0.01 0.109 0.38 0.024 0.044 0.045 0.013 0.026 0.032 0.006 0.019 0.095
256 K 0.066 0.136 0.037 0.032 0.012 0.057 0.05 0.037 0.046 0.027 0.044 0.15 0.015 0.037 0.02 0.069 0.036 0.009 0.087 0.033
257 P 0.062 0.044 0.042 0.038 0.009 0.098 0.079 0.036 0.017 0.023 0.036 0.075 0.012 0.013 0.288 0.046 0.035 0.004 0.014 0.03
258 T 0.067 0.034 0.112 0.092 0.013 0.027 0.046 0.05 0.02 0.032 0.042 0.044 0.014 0.018 0.023 0.144 0.159 0.005 0.015 0.043
259 K 0.05 0.166 0.033 0.031 0.009 0.055 0.052 0.035 0.018 0.037 0.068 0.204 0.022 0.028 0.021 0.054 0.036 0.009 0.02 0.052
260 R 0.046 0.224 0.035 0.033 0.008 0.044 0.065 0.033 0.019 0.028 0.059 0.211 0.02 0.017 0.021 0.044 0.041 0.005 0.016 0.033
261 A 0.157 0.142 0.072 0.034 0.013 0.044 0.042 0.049 0.018 0.037 0.056 0.061 0.033 0.02 0.021 0.077 0.047 0.005 0.016 0.054
262 W 0.027 0.02 0.014 0.014 0.007 0.014 0.02 0.027 0.014 0.027 0.047 0.02 0.014 0.054 0.007 0.02 0.02 0.549 0.061 0.027
263 W 0.037 0.02 0.014 0.015 0.014 0.014 0.019 0.048 0.011 0.089 0.193 0.021 0.03 0.083 0.01 0.023 0.027 0.215 0.04 0.076
264 L 0.076 0.028 0.02 0.021 0.013 0.034 0.028 0.051 0.014 0.082 0.187 0.042 0.031 0.101 0.015 0.047 0.044 0.05 0.045 0.07
265 F 0.033 0.018 0.016 0.015 0.01 0.01 0.017 0.043 0.014 0.061 0.129 0.018 0.024 0.391 0.01 0.024 0.024 0.014 0.069 0.059
266 L 0.04 0.022 0.013 0.014 0.014 0.014 0.018 0.019 0.009 0.103 0.445 0.022 0.044 0.049 0.013 0.022 0.03 0.006 0.02 0.086
267 L 0.068 0.02 0.016 0.017 0.036 0.014 0.02 0.025 0.009 0.192 0.197 0.024 0.032 0.056 0.015 0.04 0.037 0.006 0.021 0.156
268 L 0.085 0.024 0.022 0.022 0.041 0.018 0.026 0.045 0.011 0.095 0.154 0.029 0.03 0.065 0.017 0.075 0.068 0.027 0.026 0.121
269 G 0.08 0.026 0.036 0.032 0.014 0.021 0.029 0.304 0.012 0.031 0.041 0.035 0.013 0.018 0.021 0.072 0.157 0.005 0.013 0.041
270 V 0.083 0.022 0.018 0.019 0.016 0.017 0.023 0.046 0.009 0.127 0.148 0.027 0.049 0.033 0.016 0.047 0.053 0.005 0.018 0.223
271 A 0.138 0.026 0.029 0.028 0.015 0.021 0.031 0.126 0.013 0.071 0.102 0.035 0.02 0.041 0.021 0.102 0.085 0.005 0.018 0.074
272 F 0.031 0.017 0.015 0.015 0.01 0.01 0.017 0.022 0.016 0.057 0.113 0.018 0.023 0.426 0.01 0.023 0.023 0.015 0.089 0.05
273 G 0.07 0.02 0.035 0.03 0.01 0.017 0.023 0.565 0.012 0.017 0.025 0.03 0.008 0.014 0.017 0.046 0.026 0.005 0.01 0.022
274 L 0.065 0.02 0.019 0.019 0.014 0.015 0.02 0.141 0.01 0.134 0.182 0.025 0.028 0.05 0.015 0.033 0.045 0.006 0.019 0.139
275 L 0.039 0.021 0.013 0.014 0.014 0.014 0.018 0.019 0.01 0.11 0.389 0.022 0.041 0.096 0.012 0.022 0.029 0.007 0.027 0.085
276 T 0.086 0.032 0.041 0.036 0.036 0.026 0.039 0.046 0.03 0.039 0.05 0.042 0.016 0.02 0.025 0.155 0.208 0.005 0.017 0.052
277 Y 0.036 0.025 0.019 0.017 0.008 0.019 0.025 0.022 0.042 0.039 0.061 0.028 0.017 0.116 0.014 0.028 0.025 0.025 0.394 0.042
278 L 0.054 0.021 0.014 0.015 0.015 0.015 0.019 0.022 0.01 0.119 0.28 0.023 0.048 0.093 0.013 0.026 0.033 0.007 0.027 0.147
279 A 0.206 0.022 0.018 0.021 0.017 0.018 0.026 0.044 0.011 0.157 0.132 0.031 0.025 0.03 0.02 0.049 0.04 0.005 0.017 0.111
280 V 0.061 0.019 0.015 0.016 0.017 0.015 0.021 0.022 0.007 0.154 0.117 0.023 0.028 0.032 0.015 0.029 0.044 0.005 0.018 0.343
281 G 0.07 0.02 0.035 0.03 0.01 0.017 0.023 0.565 0.012 0.017 0.025 0.03 0.008 0.014 0.017 0.046 0.026 0.005 0.01 0.022
282 G 0.07 0.02 0.035 0.03 0.01 0.017 0.023 0.565 0.012 0.017 0.025 0.03 0.008 0.014 0.017 0.046 0.026 0.005 0.01 0.022
283 T 0.065 0.032 0.039 0.033 0.016 0.025 0.035 0.039 0.012 0.047 0.058 0.04 0.018 0.021 0.025 0.082 0.33 0.005 0.016 0.063
284 R 0.04 0.418 0.034 0.028 0.007 0.043 0.046 0.029 0.021 0.021 0.041 0.107 0.014 0.015 0.017 0.04 0.031 0.005 0.015 0.028
285 A 0.369 0.028 0.023 0.026 0.019 0.023 0.036 0.07 0.013 0.038 0.053 0.04 0.016 0.019 0.026 0.076 0.044 0.005 0.016 0.061
286 N 0.038 0.04 0.393 0.074 0.008 0.03 0.044 0.058 0.028 0.02 0.028 0.048 0.01 0.016 0.018 0.062 0.044 0.004 0.014 0.024
287 L 0.043 0.02 0.015 0.016 0.014 0.015 0.018 0.02 0.009 0.222 0.252 0.024 0.06 0.042 0.014 0.026 0.047 0.006 0.019 0.12
288 A 0.216 0.023 0.02 0.022 0.017 0.019 0.028 0.067 0.011 0.138 0.105 0.032 0.036 0.028 0.02 0.054 0.04 0.005 0.017 0.102
289 L 0.042 0.021 0.014 0.016 0.014 0.015 0.019 0.02 0.009 0.185 0.297 0.024 0.063 0.044 0.013 0.025 0.044 0.006 0.019 0.109
290 A 0.3 0.027 0.024 0.027 0.018 0.022 0.035 0.062 0.013 0.049 0.058 0.038 0.017 0.02 0.045 0.087 0.046 0.005 0.016 0.091
291 F 0.044 0.018 0.015 0.016 0.013 0.012 0.018 0.043 0.011 0.101 0.134 0.02 0.026 0.244 0.012 0.026 0.031 0.01 0.048 0.158
292 A 0.207 0.026 0.022 0.023 0.017 0.02 0.03 0.051 0.012 0.066 0.106 0.034 0.039 0.059 0.021 0.067 0.064 0.006 0.022 0.109
293 L 0.039 0.02 0.013 0.014 0.014 0.014 0.018 0.02 0.01 0.138 0.33 0.022 0.047 0.109 0.012 0.022 0.03 0.007 0.029 0.092
294 F 0.033 0.018 0.016 0.016 0.01 0.01 0.018 0.024 0.015 0.055 0.099 0.018 0.022 0.438 0.01 0.034 0.025 0.015 0.076 0.048
295 L 0.041 0.02 0.013 0.014 0.014 0.014 0.018 0.02 0.01 0.12 0.324 0.022 0.046 0.105 0.012 0.023 0.031 0.007 0.028 0.116
296 L 0.036 0.019 0.014 0.014 0.032 0.012 0.017 0.021 0.012 0.098 0.249 0.02 0.032 0.234 0.011 0.023 0.027 0.01 0.047 0.073
297 I 0.042 0.018 0.013 0.015 0.014 0.013 0.017 0.019 0.008 0.271 0.24 0.021 0.036 0.042 0.013 0.022 0.034 0.006 0.019 0.139
298 G 0.07 0.02 0.035 0.03 0.01 0.017 0.023 0.565 0.012 0.017 0.025 0.03 0.008 0.014 0.017 0.046 0.026 0.005 0.01 0.022
299 L 0.042 0.02 0.014 0.015 0.014 0.014 0.018 0.02 0.01 0.166 0.251 0.022 0.036 0.065 0.013 0.023 0.032 0.049 0.039 0.138
300 Y 0.085 0.048 0.028 0.031 0.012 0.059 0.051 0.033 0.022 0.085 0.09 0.054 0.02 0.049 0.018 0.055 0.053 0.01 0.118 0.077
301 R 0.042 0.206 0.042 0.056 0.008 0.072 0.054 0.033 0.036 0.026 0.046 0.143 0.015 0.066 0.019 0.041 0.032 0.006 0.026 0.03
302 G 0.058 0.12 0.043 0.048 0.009 0.037 0.037 0.335 0.031 0.019 0.031 0.073 0.011 0.015 0.018 0.045 0.029 0.005 0.013 0.024
303 Y 0.032 0.023 0.018 0.016 0.008 0.017 0.024 0.024 0.045 0.035 0.058 0.025 0.016 0.117 0.011 0.025 0.023 0.205 0.241 0.036
304 L 0.042 0.019 0.013 0.015 0.015 0.013 0.017 0.019 0.008 0.221 0.284 0.022 0.038 0.043 0.013 0.022 0.033 0.006 0.019 0.139
305 S 0.113 0.081 0.057 0.039 0.014 0.03 0.044 0.053 0.017 0.03 0.042 0.065 0.014 0.018 0.025 0.197 0.096 0.005 0.016 0.042
306 L 0.066 0.024 0.015 0.017 0.013 0.016 0.022 0.025 0.012 0.092 0.259 0.037 0.032 0.094 0.035 0.028 0.031 0.046 0.043 0.094
307 K 0.057 0.108 0.042 0.042 0.009 0.054 0.071 0.043 0.021 0.028 0.043 0.274 0.016 0.016 0.028 0.054 0.04 0.005 0.017 0.033
308 W 0.058 0.127 0.029 0.027 0.009 0.032 0.041 0.036 0.017 0.028 0.046 0.134 0.019 0.028 0.018 0.064 0.052 0.171 0.029 0.033
309 W 0.048 0.027 0.021 0.02 0.012 0.019 0.025 0.029 0.013 0.073 0.09 0.031 0.074 0.041 0.014 0.047 0.087 0.215 0.035 0.078
310 L 0.041 0.02 0.013 0.014 0.014 0.014 0.018 0.019 0.009 0.132 0.359 0.022 0.04 0.078 0.013 0.022 0.031 0.007 0.024 0.11
311 L 0.139 0.022 0.018 0.019 0.016 0.016 0.024 0.076 0.01 0.109 0.177 0.027 0.028 0.065 0.017 0.04 0.037 0.006 0.022 0.131
312 A 0.131 0.038 0.021 0.021 0.015 0.018 0.026 0.085 0.012 0.112 0.116 0.032 0.035 0.074 0.017 0.054 0.041 0.021 0.024 0.107
313 A 0.233 0.026 0.024 0.025 0.017 0.021 0.032 0.056 0.012 0.068 0.091 0.036 0.02 0.04 0.023 0.081 0.072 0.005 0.019 0.099
314 G 0.114 0.022 0.031 0.028 0.012 0.018 0.025 0.423 0.012 0.033 0.053 0.031 0.012 0.018 0.018 0.049 0.031 0.005 0.012 0.056
315 V 0.093 0.021 0.019 0.019 0.071 0.016 0.022 0.092 0.009 0.12 0.138 0.026 0.034 0.03 0.016 0.047 0.039 0.005 0.016 0.166
316 L 0.14 0.025 0.022 0.023 0.015 0.019 0.027 0.079 0.012 0.072 0.164 0.031 0.039 0.068 0.019 0.071 0.051 0.006 0.023 0.094
317 G 0.129 0.025 0.03 0.028 0.035 0.021 0.028 0.258 0.013 0.041 0.062 0.034 0.051 0.021 0.02 0.078 0.05 0.005 0.014 0.057
318 V 0.052 0.018 0.014 0.016 0.016 0.014 0.018 0.02 0.008 0.239 0.145 0.022 0.035 0.036 0.014 0.026 0.039 0.005 0.018 0.246
319 V 0.072 0.02 0.02 0.02 0.015 0.015 0.022 0.137 0.009 0.126 0.127 0.026 0.025 0.046 0.015 0.043 0.038 0.005 0.019 0.2
320 A 0.207 0.024 0.024 0.025 0.016 0.019 0.028 0.204 0.012 0.054 0.085 0.033 0.018 0.022 0.021 0.056 0.039 0.005 0.015 0.096
321 M 0.046 0.029 0.018 0.018 0.014 0.025 0.025 0.025 0.014 0.089 0.175 0.032 0.254 0.043 0.014 0.032 0.036 0.007 0.021 0.082
322 F 0.034 0.018 0.017 0.017 0.01 0.011 0.019 0.025 0.015 0.055 0.097 0.019 0.022 0.422 0.011 0.036 0.036 0.014 0.074 0.049
