#Seq2Logo.py -f /work3/idamei/ssn-clusterings/clustering/2205110921/clusters/0014_110/sequences.afa -o /work3/idamei/ssn-clusterings/clustering/2205110921/clusters/0014_110/sequences.logo
#Position Specific Frequency Matrix
A R N D C Q E G H I L K M F P S T W Y V
0 L 0.05 0.031 0.019 0.019 0.016 0.027 0.027 0.027 0.016 0.097 0.19 0.035 0.188 0.047 0.016 0.035 0.039 0.008 0.023 0.089
1 K 0.06 0.099 0.056 0.037 0.012 0.037 0.049 0.041 0.018 0.047 0.097 0.135 0.041 0.025 0.023 0.077 0.073 0.006 0.018 0.05
2 A 0.148 0.036 0.075 0.048 0.015 0.032 0.078 0.058 0.018 0.034 0.046 0.05 0.015 0.019 0.073 0.105 0.08 0.005 0.016 0.048
3 V 0.061 0.031 0.066 0.032 0.015 0.041 0.035 0.097 0.014 0.09 0.12 0.038 0.025 0.029 0.018 0.047 0.071 0.005 0.018 0.144
4 T 0.059 0.091 0.036 0.033 0.014 0.034 0.044 0.037 0.016 0.064 0.079 0.109 0.04 0.025 0.023 0.064 0.143 0.006 0.018 0.065
5 S 0.067 0.047 0.057 0.039 0.013 0.057 0.05 0.045 0.019 0.052 0.063 0.081 0.028 0.027 0.022 0.107 0.079 0.07 0.024 0.051
6 R 0.049 0.219 0.033 0.029 0.072 0.041 0.047 0.033 0.019 0.036 0.065 0.135 0.037 0.021 0.02 0.044 0.036 0.006 0.017 0.041
7 K 0.084 0.11 0.097 0.058 0.01 0.068 0.063 0.049 0.023 0.027 0.042 0.16 0.015 0.016 0.024 0.058 0.041 0.005 0.017 0.035
8 G 0.067 0.048 0.042 0.04 0.01 0.117 0.064 0.276 0.021 0.023 0.038 0.062 0.015 0.015 0.021 0.054 0.035 0.006 0.016 0.03
9 K 0.057 0.107 0.042 0.042 0.009 0.054 0.071 0.043 0.021 0.028 0.043 0.278 0.016 0.016 0.028 0.054 0.04 0.005 0.017 0.033
10 K 0.057 0.107 0.042 0.042 0.009 0.054 0.071 0.043 0.021 0.028 0.043 0.278 0.016 0.016 0.028 0.054 0.04 0.005 0.017 0.033
11 E 0.055 0.05 0.04 0.09 0.007 0.064 0.296 0.035 0.026 0.022 0.037 0.076 0.013 0.017 0.026 0.055 0.037 0.006 0.017 0.031
12 N 0.043 0.045 0.317 0.083 0.009 0.034 0.049 0.065 0.032 0.022 0.032 0.054 0.011 0.018 0.02 0.07 0.049 0.004 0.016 0.027
13 G 0.078 0.023 0.039 0.034 0.011 0.019 0.026 0.51 0.014 0.019 0.028 0.034 0.009 0.016 0.019 0.051 0.03 0.005 0.011 0.024
14 S 0.11 0.04 0.054 0.049 0.018 0.033 0.052 0.066 0.019 0.03 0.042 0.054 0.016 0.021 0.03 0.22 0.082 0.005 0.018 0.042
15 L 0.045 0.024 0.014 0.015 0.016 0.016 0.02 0.021 0.01 0.115 0.375 0.025 0.05 0.055 0.014 0.024 0.033 0.007 0.022 0.096
16 N 0.043 0.045 0.317 0.083 0.009 0.034 0.049 0.065 0.032 0.022 0.032 0.054 0.011 0.018 0.02 0.07 0.049 0.004 0.016 0.027
17 L 0.045 0.024 0.014 0.015 0.016 0.016 0.02 0.021 0.01 0.115 0.375 0.025 0.05 0.055 0.014 0.024 0.033 0.007 0.022 0.096
18 L 0.04 0.024 0.014 0.015 0.013 0.016 0.021 0.024 0.012 0.087 0.269 0.024 0.038 0.056 0.012 0.024 0.03 0.169 0.037 0.074
19 R 0.044 0.201 0.034 0.052 0.008 0.036 0.046 0.032 0.027 0.029 0.049 0.08 0.015 0.046 0.082 0.041 0.033 0.011 0.099 0.034
20 T 0.08 0.076 0.039 0.052 0.013 0.032 0.075 0.119 0.016 0.052 0.056 0.054 0.017 0.021 0.023 0.072 0.128 0.005 0.016 0.056
21 L 0.117 0.069 0.022 0.022 0.046 0.022 0.03 0.071 0.015 0.065 0.157 0.042 0.026 0.039 0.018 0.045 0.037 0.04 0.042 0.077
22 L 0.082 0.023 0.016 0.017 0.017 0.016 0.022 0.028 0.01 0.144 0.272 0.027 0.039 0.044 0.016 0.032 0.038 0.006 0.02 0.13
23 F 0.043 0.019 0.015 0.016 0.045 0.012 0.019 0.024 0.012 0.113 0.171 0.021 0.031 0.218 0.013 0.026 0.032 0.011 0.052 0.107
24 L 0.059 0.022 0.023 0.022 0.124 0.016 0.023 0.094 0.011 0.102 0.145 0.027 0.026 0.08 0.016 0.059 0.039 0.007 0.025 0.079
25 F 0.045 0.019 0.017 0.017 0.013 0.013 0.019 0.055 0.012 0.126 0.155 0.022 0.03 0.205 0.013 0.027 0.032 0.011 0.049 0.118
26 L 0.04 0.022 0.015 0.015 0.044 0.014 0.02 0.024 0.012 0.082 0.252 0.022 0.035 0.12 0.012 0.024 0.029 0.106 0.042 0.071
27 V 0.09 0.023 0.02 0.021 0.017 0.017 0.025 0.031 0.01 0.175 0.139 0.029 0.03 0.035 0.018 0.043 0.072 0.006 0.019 0.179
28 I 0.054 0.02 0.018 0.019 0.016 0.015 0.02 0.086 0.009 0.205 0.167 0.025 0.033 0.039 0.015 0.029 0.039 0.006 0.019 0.169
29 L 0.042 0.022 0.014 0.015 0.015 0.015 0.019 0.021 0.01 0.129 0.329 0.023 0.043 0.097 0.013 0.024 0.032 0.008 0.03 0.098
30 F 0.033 0.018 0.016 0.016 0.01 0.01 0.018 0.025 0.016 0.061 0.11 0.018 0.025 0.407 0.01 0.025 0.025 0.016 0.086 0.053
31 L 0.058 0.022 0.015 0.016 0.064 0.015 0.021 0.023 0.009 0.13 0.224 0.024 0.036 0.04 0.015 0.029 0.041 0.006 0.02 0.192
32 L 0.062 0.024 0.016 0.017 0.015 0.017 0.022 0.027 0.013 0.096 0.235 0.026 0.065 0.139 0.014 0.031 0.034 0.009 0.038 0.1
33 Q 0.054 0.071 0.043 0.046 0.009 0.24 0.1 0.04 0.028 0.026 0.046 0.088 0.02 0.014 0.023 0.054 0.04 0.006 0.02 0.034
34 D 0.04 0.035 0.172 0.287 0.008 0.03 0.073 0.052 0.023 0.022 0.028 0.047 0.01 0.016 0.021 0.057 0.039 0.004 0.013 0.025
35 P 0.047 0.089 0.026 0.027 0.01 0.03 0.04 0.032 0.015 0.045 0.122 0.112 0.021 0.029 0.145 0.038 0.033 0.07 0.023 0.045
36 L 0.041 0.023 0.014 0.015 0.015 0.015 0.019 0.021 0.011 0.102 0.341 0.023 0.043 0.121 0.013 0.024 0.031 0.009 0.034 0.085
37 Q 0.054 0.071 0.043 0.046 0.009 0.24 0.1 0.04 0.028 0.026 0.046 0.088 0.02 0.014 0.023 0.054 0.04 0.006 0.02 0.034
38 Q 0.061 0.057 0.043 0.055 0.01 0.147 0.144 0.041 0.025 0.028 0.045 0.075 0.017 0.016 0.024 0.077 0.072 0.006 0.018 0.038
39 W 0.044 0.03 0.028 0.024 0.012 0.023 0.032 0.031 0.107 0.081 0.115 0.033 0.044 0.042 0.015 0.038 0.06 0.136 0.041 0.065
40 L 0.056 0.022 0.016 0.016 0.013 0.015 0.021 0.026 0.015 0.097 0.212 0.024 0.033 0.147 0.013 0.028 0.03 0.075 0.064 0.077
41 G 0.093 0.045 0.036 0.048 0.011 0.05 0.116 0.121 0.018 0.029 0.042 0.085 0.014 0.017 0.087 0.06 0.067 0.005 0.015 0.039
42 P 0.057 0.024 0.021 0.028 0.012 0.019 0.033 0.033 0.012 0.051 0.053 0.037 0.014 0.017 0.414 0.04 0.037 0.003 0.014 0.081
43 F 0.036 0.021 0.016 0.017 0.012 0.013 0.02 0.024 0.015 0.072 0.158 0.021 0.049 0.315 0.011 0.026 0.027 0.014 0.07 0.063
44 Q 0.052 0.142 0.041 0.041 0.008 0.172 0.084 0.038 0.026 0.025 0.045 0.122 0.018 0.015 0.022 0.051 0.038 0.006 0.019 0.033
45 Y 0.066 0.027 0.021 0.019 0.01 0.021 0.028 0.029 0.042 0.042 0.065 0.031 0.018 0.116 0.016 0.035 0.029 0.025 0.309 0.047
46 L 0.06 0.023 0.016 0.017 0.014 0.016 0.022 0.028 0.013 0.1 0.18 0.025 0.051 0.139 0.014 0.03 0.033 0.074 0.044 0.103
47 D 0.041 0.031 0.064 0.385 0.007 0.032 0.111 0.044 0.019 0.022 0.028 0.046 0.009 0.015 0.022 0.051 0.034 0.004 0.011 0.024
48 E 0.053 0.048 0.039 0.087 0.007 0.062 0.319 0.034 0.025 0.021 0.036 0.073 0.012 0.016 0.025 0.053 0.036 0.005 0.016 0.03
49 L 0.082 0.023 0.018 0.019 0.016 0.017 0.022 0.093 0.011 0.114 0.275 0.028 0.037 0.043 0.016 0.035 0.035 0.006 0.019 0.091
50 F 0.04 0.018 0.016 0.016 0.074 0.011 0.018 0.025 0.014 0.068 0.106 0.019 0.024 0.321 0.012 0.027 0.028 0.014 0.07 0.077
51 A 0.252 0.028 0.028 0.03 0.018 0.023 0.035 0.192 0.014 0.036 0.05 0.04 0.015 0.02 0.026 0.074 0.043 0.005 0.015 0.055
52 L 0.133 0.025 0.018 0.02 0.018 0.019 0.026 0.039 0.011 0.095 0.252 0.031 0.036 0.04 0.019 0.044 0.039 0.006 0.02 0.11
53 L 0.087 0.025 0.019 0.02 0.079 0.018 0.025 0.033 0.011 0.086 0.275 0.029 0.037 0.041 0.017 0.055 0.039 0.006 0.019 0.08
54 I 0.043 0.019 0.015 0.017 0.014 0.013 0.019 0.022 0.011 0.18 0.173 0.022 0.038 0.157 0.013 0.025 0.034 0.009 0.041 0.133
55 V 0.052 0.02 0.015 0.017 0.016 0.014 0.02 0.023 0.01 0.166 0.148 0.023 0.031 0.131 0.014 0.028 0.039 0.008 0.036 0.19
56 P 0.056 0.024 0.022 0.028 0.011 0.019 0.033 0.034 0.012 0.042 0.046 0.038 0.013 0.015 0.449 0.041 0.037 0.003 0.013 0.063
57 L 0.062 0.025 0.016 0.017 0.016 0.019 0.022 0.026 0.011 0.127 0.294 0.028 0.08 0.048 0.015 0.03 0.036 0.007 0.021 0.1
58 L 0.143 0.025 0.018 0.02 0.017 0.018 0.027 0.042 0.013 0.076 0.216 0.03 0.032 0.107 0.019 0.046 0.037 0.008 0.032 0.076
59 L 0.045 0.02 0.015 0.016 0.015 0.013 0.019 0.022 0.011 0.151 0.198 0.022 0.034 0.158 0.013 0.026 0.034 0.009 0.041 0.138
60 L 0.042 0.023 0.015 0.016 0.014 0.017 0.021 0.023 0.013 0.13 0.263 0.025 0.057 0.055 0.013 0.025 0.033 0.071 0.047 0.096
61 R 0.054 0.179 0.033 0.035 0.01 0.038 0.076 0.034 0.023 0.043 0.056 0.075 0.017 0.036 0.019 0.065 0.04 0.04 0.061 0.066
62 L 0.044 0.021 0.018 0.018 0.013 0.014 0.02 0.086 0.012 0.091 0.204 0.024 0.031 0.136 0.013 0.027 0.03 0.072 0.042 0.084
63 L 0.046 0.065 0.021 0.02 0.074 0.019 0.025 0.027 0.013 0.083 0.183 0.036 0.03 0.129 0.015 0.036 0.061 0.008 0.035 0.072
64 R 0.051 0.17 0.041 0.04 0.008 0.145 0.078 0.038 0.025 0.025 0.045 0.137 0.017 0.015 0.022 0.05 0.038 0.006 0.018 0.032
65 K 0.055 0.14 0.04 0.038 0.009 0.071 0.065 0.04 0.021 0.029 0.045 0.208 0.016 0.016 0.025 0.055 0.067 0.005 0.017 0.036
66 K 0.051 0.073 0.116 0.057 0.008 0.096 0.102 0.046 0.025 0.025 0.039 0.158 0.015 0.016 0.024 0.056 0.041 0.005 0.017 0.031
67 L 0.043 0.055 0.021 0.024 0.012 0.024 0.046 0.026 0.014 0.077 0.236 0.066 0.034 0.132 0.015 0.03 0.031 0.009 0.036 0.067
68 H 0.057 0.09 0.042 0.036 0.011 0.036 0.049 0.04 0.107 0.031 0.045 0.102 0.015 0.021 0.084 0.068 0.095 0.006 0.026 0.039
69 F 0.045 0.021 0.017 0.018 0.073 0.014 0.021 0.026 0.016 0.094 0.133 0.024 0.025 0.161 0.075 0.03 0.032 0.011 0.079 0.084
70 A 0.096 0.087 0.037 0.039 0.013 0.06 0.068 0.076 0.018 0.063 0.059 0.091 0.018 0.021 0.024 0.09 0.061 0.005 0.017 0.057
71 W 0.047 0.07 0.024 0.024 0.011 0.047 0.035 0.091 0.016 0.08 0.077 0.043 0.02 0.081 0.014 0.034 0.032 0.133 0.038 0.083
72 T 0.069 0.043 0.081 0.051 0.014 0.06 0.085 0.047 0.02 0.036 0.049 0.056 0.017 0.02 0.025 0.107 0.149 0.005 0.017 0.049
73 R 0.051 0.199 0.036 0.032 0.01 0.041 0.05 0.065 0.019 0.036 0.088 0.153 0.019 0.021 0.021 0.047 0.05 0.006 0.017 0.04
74 E 0.052 0.134 0.077 0.057 0.009 0.06 0.138 0.039 0.023 0.026 0.042 0.107 0.014 0.017 0.023 0.057 0.067 0.005 0.017 0.035
75 N 0.063 0.087 0.097 0.091 0.011 0.046 0.055 0.046 0.02 0.038 0.085 0.088 0.018 0.022 0.022 0.079 0.066 0.005 0.017 0.043
76 L 0.095 0.022 0.018 0.019 0.015 0.016 0.023 0.063 0.011 0.151 0.179 0.028 0.031 0.041 0.016 0.036 0.036 0.069 0.025 0.105
77 L 0.086 0.023 0.016 0.017 0.078 0.017 0.023 0.03 0.01 0.105 0.232 0.027 0.044 0.04 0.017 0.036 0.039 0.006 0.019 0.135
78 F 0.042 0.019 0.015 0.016 0.014 0.013 0.019 0.023 0.012 0.141 0.179 0.021 0.032 0.203 0.013 0.025 0.032 0.011 0.049 0.12
79 L 0.084 0.022 0.02 0.02 0.015 0.017 0.023 0.092 0.015 0.131 0.156 0.028 0.029 0.071 0.017 0.036 0.036 0.009 0.063 0.117
80 I 0.129 0.022 0.018 0.02 0.017 0.017 0.025 0.038 0.011 0.167 0.135 0.029 0.029 0.082 0.018 0.043 0.04 0.007 0.027 0.126
81 L 0.043 0.021 0.018 0.018 0.013 0.014 0.02 0.086 0.013 0.078 0.225 0.023 0.033 0.203 0.013 0.027 0.028 0.011 0.048 0.067
82 L 0.043 0.023 0.014 0.015 0.016 0.015 0.019 0.02 0.01 0.135 0.367 0.024 0.046 0.052 0.014 0.024 0.033 0.007 0.021 0.103
83 L 0.118 0.022 0.02 0.021 0.077 0.017 0.024 0.099 0.011 0.12 0.165 0.029 0.028 0.034 0.018 0.044 0.038 0.006 0.017 0.092
84 L 0.087 0.022 0.016 0.018 0.017 0.016 0.022 0.029 0.009 0.167 0.194 0.027 0.034 0.039 0.017 0.034 0.042 0.006 0.02 0.184
85 F 0.034 0.019 0.016 0.016 0.011 0.011 0.019 0.024 0.016 0.068 0.146 0.019 0.027 0.363 0.011 0.024 0.026 0.015 0.078 0.058
86 W 0.034 0.023 0.014 0.015 0.01 0.015 0.021 0.026 0.013 0.06 0.181 0.023 0.027 0.056 0.01 0.023 0.026 0.321 0.049 0.053
87 L 0.081 0.022 0.016 0.018 0.016 0.015 0.022 0.028 0.01 0.151 0.209 0.026 0.035 0.087 0.016 0.033 0.038 0.007 0.028 0.142
88 C 0.073 0.028 0.034 0.031 0.137 0.022 0.033 0.043 0.014 0.044 0.065 0.036 0.018 0.093 0.021 0.114 0.106 0.007 0.029 0.054
89 G 0.076 0.022 0.038 0.033 0.01 0.018 0.025 0.527 0.013 0.018 0.027 0.033 0.009 0.016 0.018 0.05 0.029 0.005 0.01 0.023
90 W 0.038 0.022 0.018 0.018 0.009 0.015 0.022 0.089 0.018 0.044 0.101 0.024 0.02 0.105 0.011 0.027 0.025 0.262 0.09 0.041
91 C 0.121 0.024 0.021 0.021 0.137 0.019 0.026 0.07 0.019 0.063 0.072 0.03 0.019 0.049 0.019 0.047 0.038 0.01 0.097 0.098
92 G 0.079 0.024 0.04 0.034 0.011 0.02 0.028 0.469 0.014 0.02 0.029 0.035 0.01 0.016 0.02 0.074 0.035 0.005 0.011 0.026
93 Y 0.046 0.031 0.068 0.031 0.011 0.024 0.034 0.034 0.093 0.054 0.069 0.035 0.019 0.105 0.017 0.044 0.062 0.014 0.134 0.073
94 L 0.045 0.021 0.015 0.016 0.015 0.014 0.019 0.022 0.011 0.128 0.227 0.022 0.036 0.159 0.013 0.025 0.034 0.009 0.041 0.128
95 A 0.124 0.069 0.025 0.025 0.016 0.024 0.033 0.043 0.013 0.091 0.119 0.044 0.025 0.031 0.02 0.07 0.046 0.037 0.021 0.123
96 Y 0.039 0.029 0.079 0.029 0.01 0.021 0.029 0.032 0.033 0.046 0.1 0.032 0.02 0.097 0.015 0.035 0.031 0.08 0.198 0.046
97 R 0.049 0.212 0.041 0.034 0.008 0.054 0.053 0.096 0.088 0.023 0.041 0.114 0.015 0.019 0.02 0.045 0.033 0.006 0.023 0.028
98 Y 0.047 0.027 0.024 0.021 0.01 0.021 0.029 0.029 0.038 0.043 0.068 0.031 0.019 0.148 0.016 0.056 0.033 0.023 0.268 0.046
99 Q 0.054 0.071 0.043 0.046 0.009 0.241 0.099 0.04 0.028 0.026 0.046 0.088 0.02 0.014 0.023 0.054 0.04 0.006 0.02 0.034
100 P 0.055 0.025 0.023 0.03 0.01 0.02 0.035 0.035 0.012 0.025 0.035 0.04 0.01 0.012 0.511 0.042 0.035 0.003 0.012 0.03
101 L 0.04 0.022 0.015 0.015 0.014 0.014 0.019 0.022 0.012 0.096 0.307 0.023 0.041 0.164 0.013 0.024 0.03 0.01 0.042 0.081
102 V 0.076 0.029 0.034 0.031 0.016 0.023 0.033 0.101 0.013 0.076 0.11 0.037 0.023 0.028 0.022 0.101 0.107 0.006 0.018 0.115
103 N 0.053 0.042 0.267 0.071 0.011 0.032 0.047 0.06 0.027 0.026 0.036 0.051 0.012 0.018 0.022 0.092 0.08 0.005 0.016 0.033
104 A 0.181 0.03 0.029 0.03 0.019 0.024 0.036 0.055 0.013 0.071 0.073 0.04 0.02 0.025 0.025 0.091 0.094 0.005 0.018 0.12
105 L 0.162 0.026 0.019 0.021 0.018 0.02 0.028 0.045 0.012 0.081 0.248 0.033 0.034 0.039 0.02 0.049 0.039 0.006 0.02 0.081
106 K 0.066 0.116 0.043 0.041 0.01 0.07 0.066 0.046 0.021 0.027 0.042 0.19 0.016 0.016 0.026 0.1 0.048 0.005 0.017 0.034
107 D 0.04 0.029 0.067 0.418 0.007 0.029 0.088 0.045 0.018 0.022 0.027 0.043 0.009 0.014 0.022 0.05 0.034 0.004 0.011 0.023
108 A 0.147 0.03 0.03 0.03 0.017 0.024 0.036 0.053 0.015 0.079 0.088 0.039 0.041 0.075 0.023 0.113 0.053 0.007 0.027 0.073
109 Y 0.043 0.025 0.018 0.017 0.012 0.018 0.024 0.023 0.03 0.075 0.159 0.027 0.027 0.114 0.015 0.028 0.031 0.019 0.205 0.089
110 V 0.095 0.023 0.017 0.018 0.018 0.017 0.024 0.03 0.009 0.138 0.151 0.027 0.031 0.035 0.017 0.037 0.046 0.005 0.02 0.24
111 N 0.042 0.037 0.259 0.064 0.07 0.028 0.041 0.055 0.026 0.025 0.037 0.044 0.012 0.023 0.018 0.058 0.043 0.067 0.021 0.03
112 L 0.059 0.024 0.02 0.021 0.017 0.019 0.025 0.027 0.011 0.157 0.2 0.029 0.054 0.041 0.016 0.055 0.044 0.006 0.02 0.156
113 K 0.055 0.103 0.04 0.04 0.008 0.052 0.068 0.042 0.02 0.027 0.042 0.303 0.015 0.015 0.027 0.052 0.038 0.005 0.017 0.032
114 F 0.033 0.019 0.017 0.017 0.01 0.012 0.019 0.024 0.02 0.059 0.105 0.02 0.024 0.372 0.011 0.025 0.025 0.018 0.118 0.052
115 F 0.035 0.019 0.017 0.018 0.01 0.011 0.02 0.026 0.016 0.057 0.101 0.021 0.023 0.358 0.073 0.027 0.026 0.015 0.077 0.05
116 L 0.078 0.026 0.016 0.017 0.016 0.019 0.023 0.029 0.011 0.1 0.316 0.029 0.07 0.048 0.016 0.033 0.035 0.007 0.021 0.089
117 A 0.258 0.03 0.03 0.031 0.019 0.025 0.039 0.131 0.015 0.037 0.052 0.043 0.016 0.02 0.027 0.099 0.05 0.005 0.016 0.058
118 L 0.146 0.024 0.018 0.021 0.018 0.019 0.027 0.041 0.011 0.142 0.183 0.032 0.041 0.037 0.02 0.046 0.041 0.006 0.019 0.107
119 G 0.105 0.023 0.036 0.032 0.012 0.019 0.027 0.47 0.013 0.021 0.031 0.034 0.01 0.016 0.02 0.054 0.031 0.005 0.011 0.029
120 A 0.176 0.029 0.028 0.028 0.019 0.023 0.035 0.052 0.012 0.074 0.076 0.039 0.021 0.025 0.025 0.072 0.118 0.005 0.018 0.124
121 S 0.112 0.034 0.047 0.042 0.016 0.028 0.043 0.18 0.017 0.027 0.038 0.047 0.014 0.019 0.026 0.187 0.065 0.005 0.015 0.038
122 Y 0.04 0.024 0.019 0.017 0.07 0.018 0.024 0.026 0.033 0.043 0.069 0.026 0.018 0.14 0.014 0.03 0.027 0.083 0.233 0.045
123 L 0.043 0.023 0.014 0.015 0.016 0.016 0.02 0.021 0.01 0.111 0.397 0.024 0.048 0.053 0.014 0.023 0.032 0.007 0.022 0.093
124 L 0.044 0.024 0.017 0.017 0.014 0.018 0.022 0.024 0.013 0.128 0.204 0.027 0.093 0.137 0.014 0.028 0.034 0.009 0.038 0.096
125 F 0.037 0.02 0.02 0.019 0.011 0.012 0.021 0.027 0.016 0.06 0.104 0.022 0.024 0.36 0.012 0.033 0.055 0.015 0.077 0.055
126 A 0.172 0.028 0.024 0.026 0.048 0.023 0.032 0.052 0.013 0.088 0.128 0.037 0.044 0.031 0.023 0.079 0.047 0.006 0.018 0.082
127 D 0.075 0.029 0.048 0.221 0.04 0.026 0.061 0.043 0.065 0.031 0.044 0.039 0.013 0.056 0.02 0.048 0.033 0.008 0.063 0.035
128 E 0.058 0.06 0.04 0.118 0.01 0.044 0.121 0.039 0.018 0.041 0.048 0.071 0.015 0.019 0.083 0.071 0.042 0.02 0.017 0.063
129 D 0.12 0.032 0.068 0.208 0.012 0.03 0.079 0.086 0.018 0.027 0.037 0.046 0.012 0.017 0.024 0.084 0.044 0.004 0.014 0.037
130 L 0.045 0.022 0.016 0.019 0.014 0.015 0.022 0.025 0.012 0.12 0.217 0.026 0.034 0.112 0.111 0.028 0.033 0.008 0.033 0.089
131 D 0.04 0.031 0.094 0.375 0.008 0.03 0.086 0.048 0.02 0.022 0.028 0.045 0.009 0.015 0.022 0.053 0.036 0.004 0.011 0.024
132 F 0.042 0.035 0.022 0.028 0.011 0.025 0.064 0.028 0.017 0.063 0.138 0.064 0.045 0.22 0.015 0.033 0.03 0.011 0.053 0.057
133 A 0.173 0.04 0.033 0.06 0.014 0.045 0.169 0.057 0.02 0.033 0.048 0.06 0.015 0.019 0.028 0.07 0.043 0.005 0.017 0.05
134 E 0.055 0.05 0.04 0.09 0.007 0.064 0.298 0.035 0.026 0.022 0.037 0.075 0.013 0.017 0.026 0.055 0.037 0.005 0.017 0.031
135 S 0.11 0.04 0.054 0.049 0.017 0.033 0.052 0.066 0.019 0.03 0.042 0.054 0.016 0.021 0.03 0.222 0.082 0.005 0.017 0.042
136 E 0.087 0.043 0.04 0.122 0.01 0.039 0.138 0.104 0.019 0.025 0.036 0.083 0.012 0.016 0.085 0.054 0.036 0.005 0.014 0.033
137 K 0.098 0.119 0.041 0.045 0.012 0.056 0.09 0.049 0.021 0.028 0.043 0.13 0.015 0.017 0.025 0.103 0.049 0.005 0.017 0.038
138 L 0.045 0.067 0.019 0.019 0.014 0.022 0.025 0.024 0.013 0.139 0.212 0.038 0.083 0.066 0.015 0.03 0.036 0.007 0.025 0.101
139 K 0.049 0.111 0.035 0.034 0.008 0.079 0.062 0.036 0.028 0.03 0.049 0.171 0.017 0.043 0.022 0.046 0.035 0.011 0.098 0.035
140 K 0.085 0.108 0.04 0.068 0.01 0.095 0.103 0.043 0.022 0.027 0.043 0.148 0.016 0.016 0.024 0.055 0.039 0.005 0.017 0.036
141 K 0.081 0.113 0.029 0.028 0.012 0.034 0.044 0.037 0.02 0.074 0.107 0.131 0.022 0.038 0.021 0.044 0.037 0.008 0.058 0.062
142 L 0.051 0.025 0.019 0.019 0.016 0.017 0.023 0.026 0.011 0.124 0.323 0.028 0.042 0.048 0.016 0.051 0.039 0.006 0.021 0.096
143 W 0.031 0.021 0.015 0.015 0.008 0.014 0.021 0.028 0.014 0.063 0.065 0.022 0.017 0.057 0.008 0.022 0.024 0.447 0.06 0.047
144 P 0.05 0.121 0.028 0.03 0.009 0.031 0.042 0.034 0.02 0.027 0.042 0.091 0.013 0.028 0.265 0.042 0.034 0.007 0.055 0.032
145 V 0.053 0.021 0.015 0.016 0.076 0.014 0.021 0.025 0.01 0.107 0.157 0.023 0.029 0.086 0.014 0.029 0.037 0.07 0.033 0.163
146 L 0.047 0.023 0.014 0.016 0.016 0.016 0.02 0.021 0.01 0.14 0.321 0.025 0.053 0.049 0.014 0.025 0.035 0.007 0.021 0.128
147 N 0.047 0.044 0.191 0.104 0.009 0.031 0.05 0.111 0.027 0.024 0.036 0.077 0.012 0.03 0.02 0.056 0.04 0.007 0.055 0.029
148 G 0.128 0.067 0.029 0.027 0.015 0.023 0.031 0.226 0.013 0.068 0.064 0.044 0.017 0.022 0.02 0.052 0.038 0.005 0.015 0.095
149 V 0.059 0.02 0.015 0.017 0.017 0.015 0.021 0.022 0.008 0.187 0.169 0.025 0.034 0.039 0.015 0.029 0.043 0.006 0.02 0.238
150 T 0.075 0.034 0.042 0.036 0.017 0.027 0.039 0.044 0.014 0.055 0.064 0.044 0.019 0.023 0.026 0.106 0.234 0.006 0.017 0.079
151 L 0.113 0.025 0.02 0.021 0.018 0.019 0.027 0.036 0.011 0.125 0.175 0.031 0.031 0.036 0.019 0.047 0.071 0.006 0.019 0.15
152 L 0.102 0.021 0.017 0.018 0.138 0.016 0.023 0.035 0.011 0.095 0.148 0.026 0.027 0.079 0.017 0.04 0.038 0.007 0.026 0.116
153 L 0.045 0.024 0.014 0.015 0.016 0.016 0.02 0.021 0.01 0.114 0.373 0.025 0.051 0.052 0.014 0.024 0.033 0.007 0.021 0.105
154 F 0.037 0.02 0.02 0.019 0.011 0.012 0.021 0.027 0.016 0.06 0.104 0.022 0.024 0.36 0.012 0.033 0.055 0.015 0.077 0.055
155 V 0.066 0.021 0.016 0.017 0.018 0.016 0.022 0.024 0.008 0.168 0.128 0.025 0.031 0.035 0.016 0.031 0.047 0.005 0.02 0.286
156 L 0.042 0.023 0.014 0.015 0.015 0.015 0.019 0.021 0.01 0.108 0.379 0.024 0.046 0.075 0.014 0.024 0.032 0.007 0.026 0.09
157 C 0.06 0.018 0.019 0.018 0.379 0.013 0.019 0.032 0.01 0.046 0.069 0.022 0.017 0.069 0.016 0.044 0.064 0.006 0.022 0.056
158 L 0.05 0.023 0.015 0.016 0.016 0.016 0.02 0.022 0.01 0.145 0.287 0.025 0.051 0.047 0.014 0.026 0.037 0.006 0.021 0.153
159 A 0.216 0.027 0.021 0.024 0.019 0.021 0.032 0.055 0.012 0.074 0.151 0.036 0.026 0.031 0.023 0.061 0.044 0.006 0.018 0.101
160 D 0.04 0.029 0.067 0.418 0.007 0.029 0.088 0.045 0.018 0.022 0.027 0.043 0.009 0.014 0.022 0.05 0.034 0.004 0.011 0.023
161 L 0.078 0.03 0.019 0.02 0.015 0.045 0.032 0.03 0.013 0.092 0.31 0.035 0.041 0.044 0.017 0.035 0.035 0.007 0.021 0.082
162 G 0.09 0.021 0.021 0.021 0.106 0.015 0.023 0.126 0.012 0.072 0.083 0.026 0.021 0.12 0.017 0.041 0.036 0.008 0.033 0.11
163 F 0.035 0.02 0.016 0.016 0.012 0.012 0.019 0.024 0.015 0.074 0.182 0.02 0.03 0.319 0.011 0.024 0.026 0.014 0.07 0.063
164 H 0.051 0.044 0.049 0.084 0.008 0.033 0.052 0.161 0.196 0.022 0.034 0.073 0.013 0.022 0.02 0.045 0.029 0.006 0.034 0.024
165 I 0.049 0.019 0.018 0.019 0.016 0.015 0.02 0.023 0.009 0.259 0.157 0.025 0.034 0.041 0.016 0.032 0.067 0.006 0.02 0.156
166 F 0.033 0.018 0.016 0.016 0.01 0.01 0.018 0.025 0.016 0.061 0.11 0.018 0.025 0.408 0.01 0.025 0.025 0.016 0.086 0.053
167 P 0.07 0.031 0.045 0.133 0.012 0.027 0.054 0.048 0.016 0.026 0.035 0.045 0.012 0.016 0.208 0.121 0.051 0.004 0.014 0.032
168 A 0.182 0.035 0.035 0.034 0.017 0.026 0.039 0.15 0.015 0.037 0.05 0.059 0.016 0.02 0.026 0.096 0.09 0.005 0.016 0.053
169 D 0.046 0.03 0.06 0.328 0.008 0.032 0.109 0.104 0.018 0.021 0.028 0.046 0.009 0.015 0.022 0.051 0.034 0.004 0.011 0.024
170 T 0.059 0.033 0.035 0.03 0.015 0.027 0.035 0.036 0.059 0.082 0.101 0.04 0.063 0.031 0.022 0.064 0.161 0.006 0.024 0.078
171 R 0.043 0.367 0.037 0.03 0.008 0.047 0.051 0.032 0.023 0.023 0.045 0.116 0.015 0.017 0.019 0.043 0.034 0.006 0.017 0.03
172 G 0.067 0.025 0.032 0.029 0.012 0.02 0.027 0.31 0.019 0.038 0.087 0.033 0.022 0.042 0.018 0.061 0.034 0.01 0.075 0.04
173 G 0.073 0.022 0.036 0.032 0.01 0.018 0.026 0.465 0.013 0.019 0.028 0.033 0.009 0.015 0.08 0.049 0.029 0.005 0.011 0.024
174 L 0.043 0.024 0.015 0.016 0.015 0.017 0.021 0.022 0.011 0.103 0.329 0.025 0.067 0.096 0.014 0.025 0.032 0.008 0.03 0.087
175 R 0.045 0.324 0.036 0.03 0.008 0.043 0.049 0.032 0.021 0.023 0.044 0.107 0.014 0.016 0.08 0.043 0.034 0.005 0.016 0.03
176 A 0.276 0.031 0.027 0.03 0.02 0.025 0.039 0.07 0.014 0.043 0.058 0.043 0.017 0.021 0.028 0.083 0.083 0.005 0.017 0.067
177 V 0.066 0.021 0.016 0.017 0.018 0.016 0.022 0.024 0.008 0.168 0.128 0.025 0.031 0.035 0.016 0.031 0.047 0.005 0.02 0.286
178 K 0.052 0.169 0.039 0.038 0.008 0.05 0.064 0.039 0.021 0.026 0.043 0.256 0.015 0.015 0.025 0.05 0.037 0.005 0.017 0.031
179 L 0.043 0.023 0.014 0.015 0.016 0.016 0.02 0.021 0.01 0.111 0.397 0.024 0.048 0.053 0.014 0.023 0.032 0.007 0.022 0.093
180 F 0.033 0.018 0.016 0.016 0.01 0.01 0.018 0.025 0.016 0.061 0.11 0.018 0.025 0.408 0.01 0.025 0.025 0.016 0.086 0.053
181 Y 0.039 0.027 0.021 0.018 0.009 0.021 0.027 0.024 0.045 0.042 0.066 0.03 0.018 0.126 0.015 0.03 0.027 0.027 0.341 0.045
182 S 0.094 0.039 0.087 0.05 0.016 0.031 0.049 0.061 0.019 0.031 0.042 0.051 0.015 0.02 0.027 0.204 0.099 0.005 0.017 0.042
183 A 0.196 0.028 0.025 0.027 0.02 0.022 0.034 0.055 0.012 0.084 0.081 0.037 0.022 0.026 0.024 0.084 0.052 0.005 0.018 0.148
184 Y 0.042 0.037 0.026 0.025 0.009 0.075 0.044 0.028 0.037 0.04 0.067 0.043 0.019 0.133 0.016 0.035 0.03 0.02 0.229 0.043
185 T 0.075 0.035 0.043 0.038 0.017 0.027 0.04 0.045 0.014 0.049 0.06 0.045 0.019 0.023 0.027 0.109 0.248 0.006 0.017 0.065
186 V 0.053 0.03 0.024 0.023 0.014 0.046 0.034 0.027 0.021 0.119 0.099 0.036 0.025 0.078 0.017 0.039 0.066 0.012 0.104 0.133
187 L 0.045 0.023 0.014 0.015 0.076 0.015 0.019 0.022 0.01 0.103 0.355 0.024 0.044 0.049 0.014 0.025 0.033 0.006 0.02 0.088
188 V 0.154 0.025 0.02 0.022 0.019 0.019 0.029 0.043 0.01 0.115 0.1 0.032 0.025 0.029 0.021 0.056 0.049 0.005 0.019 0.208
189 G 0.168 0.029 0.035 0.033 0.016 0.023 0.035 0.239 0.014 0.033 0.045 0.04 0.014 0.019 0.025 0.091 0.073 0.005 0.015 0.047
190 V 0.089 0.031 0.063 0.034 0.076 0.037 0.052 0.039 0.015 0.09 0.093 0.039 0.042 0.028 0.019 0.05 0.057 0.005 0.018 0.122
191 C 0.063 0.018 0.019 0.018 0.379 0.015 0.018 0.093 0.009 0.047 0.074 0.023 0.037 0.022 0.016 0.04 0.035 0.005 0.013 0.055
192 V 0.061 0.02 0.015 0.017 0.078 0.015 0.021 0.024 0.008 0.156 0.156 0.024 0.031 0.036 0.015 0.031 0.043 0.005 0.019 0.223
193 F 0.039 0.019 0.017 0.017 0.011 0.012 0.019 0.055 0.015 0.071 0.142 0.02 0.027 0.315 0.012 0.026 0.027 0.014 0.069 0.071
194 L 0.043 0.023 0.014 0.015 0.016 0.015 0.019 0.02 0.01 0.135 0.367 0.024 0.046 0.052 0.014 0.024 0.033 0.007 0.021 0.103
195 C 0.075 0.022 0.028 0.026 0.319 0.018 0.026 0.101 0.011 0.036 0.053 0.029 0.015 0.019 0.019 0.092 0.045 0.004 0.013 0.047
196 A 0.176 0.031 0.036 0.035 0.018 0.026 0.04 0.121 0.015 0.049 0.056 0.043 0.017 0.022 0.026 0.133 0.057 0.005 0.016 0.08
197 I 0.046 0.019 0.014 0.017 0.016 0.014 0.018 0.02 0.009 0.241 0.219 0.023 0.038 0.045 0.014 0.024 0.037 0.006 0.02 0.159
198 Y 0.042 0.024 0.019 0.017 0.071 0.018 0.024 0.025 0.032 0.053 0.113 0.027 0.022 0.139 0.014 0.03 0.028 0.02 0.228 0.053
199 L 0.043 0.022 0.015 0.015 0.015 0.014 0.02 0.022 0.011 0.105 0.291 0.023 0.04 0.139 0.013 0.025 0.032 0.009 0.037 0.108
200 W 0.034 0.151 0.023 0.02 0.007 0.027 0.033 0.03 0.018 0.027 0.049 0.057 0.015 0.043 0.012 0.03 0.026 0.321 0.047 0.03
201 L 0.042 0.025 0.017 0.017 0.013 0.018 0.022 0.024 0.017 0.087 0.232 0.026 0.074 0.149 0.013 0.027 0.031 0.012 0.078 0.076
202 Y 0.038 0.025 0.02 0.018 0.009 0.019 0.025 0.024 0.04 0.046 0.074 0.028 0.019 0.179 0.014 0.029 0.027 0.025 0.293 0.047
203 E 0.054 0.055 0.039 0.081 0.007 0.061 0.289 0.035 0.024 0.022 0.036 0.102 0.013 0.016 0.025 0.053 0.036 0.005 0.016 0.03
204 E 0.047 0.046 0.032 0.05 0.008 0.077 0.151 0.032 0.026 0.035 0.06 0.071 0.018 0.127 0.02 0.043 0.033 0.011 0.075 0.039
205 K 0.05 0.074 0.032 0.031 0.009 0.04 0.052 0.035 0.025 0.041 0.092 0.2 0.02 0.048 0.022 0.043 0.035 0.011 0.098 0.043
206 R 0.055 0.196 0.039 0.034 0.009 0.053 0.052 0.158 0.02 0.023 0.04 0.14 0.014 0.016 0.021 0.048 0.034 0.005 0.015 0.029
207 D 0.046 0.099 0.053 0.228 0.008 0.04 0.076 0.042 0.019 0.024 0.035 0.15 0.012 0.015 0.023 0.05 0.036 0.004 0.014 0.027
208 R 0.049 0.203 0.036 0.039 0.009 0.048 0.087 0.035 0.021 0.033 0.061 0.159 0.036 0.02 0.022 0.046 0.036 0.006 0.017 0.038
209 I 0.048 0.018 0.014 0.017 0.016 0.013 0.018 0.02 0.008 0.279 0.158 0.023 0.035 0.042 0.014 0.025 0.04 0.006 0.02 0.186
210 L 0.042 0.021 0.014 0.016 0.015 0.014 0.019 0.021 0.01 0.163 0.288 0.023 0.041 0.094 0.013 0.024 0.033 0.008 0.029 0.112
211 P 0.049 0.023 0.018 0.023 0.013 0.017 0.027 0.028 0.011 0.091 0.186 0.032 0.027 0.031 0.262 0.033 0.034 0.005 0.017 0.071
212 P 0.047 0.067 0.023 0.026 0.009 0.022 0.033 0.032 0.018 0.03 0.047 0.045 0.013 0.058 0.293 0.037 0.032 0.07 0.065 0.033
213 L 0.043 0.023 0.014 0.015 0.016 0.016 0.02 0.021 0.01 0.111 0.397 0.024 0.048 0.053 0.014 0.023 0.032 0.007 0.022 0.093
214 L 0.122 0.022 0.02 0.021 0.108 0.017 0.024 0.1 0.01 0.11 0.125 0.029 0.025 0.03 0.019 0.046 0.039 0.005 0.017 0.11
215 L 0.049 0.028 0.018 0.02 0.015 0.023 0.026 0.026 0.014 0.115 0.193 0.033 0.13 0.043 0.077 0.033 0.037 0.007 0.021 0.092
216 L 0.043 0.023 0.014 0.015 0.016 0.016 0.02 0.021 0.01 0.111 0.397 0.024 0.048 0.053 0.014 0.023 0.032 0.007 0.022 0.093
217 A 0.162 0.029 0.031 0.031 0.016 0.023 0.035 0.117 0.016 0.036 0.055 0.038 0.016 0.073 0.022 0.104 0.047 0.07 0.031 0.048
218 F 0.1 0.021 0.018 0.019 0.014 0.014 0.024 0.036 0.015 0.072 0.101 0.025 0.024 0.265 0.015 0.038 0.033 0.012 0.06 0.094
219 I 0.054 0.019 0.015 0.017 0.017 0.014 0.019 0.021 0.008 0.244 0.149 0.024 0.034 0.04 0.015 0.027 0.042 0.006 0.02 0.217
220 L 0.052 0.03 0.022 0.021 0.016 0.025 0.027 0.028 0.014 0.116 0.171 0.034 0.149 0.043 0.017 0.04 0.068 0.007 0.022 0.097
221 L 0.08 0.022 0.016 0.018 0.016 0.015 0.022 0.029 0.011 0.124 0.194 0.025 0.033 0.132 0.015 0.033 0.036 0.009 0.036 0.133
222 S 0.084 0.03 0.037 0.034 0.152 0.024 0.037 0.051 0.015 0.033 0.048 0.039 0.015 0.025 0.022 0.16 0.06 0.068 0.022 0.043
223 T 0.071 0.034 0.042 0.036 0.017 0.027 0.038 0.042 0.013 0.051 0.063 0.044 0.019 0.023 0.027 0.09 0.272 0.006 0.017 0.069
224 L 0.044 0.153 0.023 0.021 0.013 0.029 0.032 0.026 0.015 0.076 0.239 0.06 0.053 0.039 0.016 0.032 0.034 0.006 0.02 0.069
225 R 0.043 0.367 0.037 0.03 0.008 0.047 0.051 0.032 0.023 0.023 0.045 0.116 0.015 0.017 0.019 0.043 0.034 0.006 0.017 0.03
226 V 0.072 0.02 0.016 0.018 0.017 0.015 0.021 0.026 0.01 0.182 0.131 0.025 0.031 0.083 0.015 0.032 0.042 0.007 0.028 0.211
227 K 0.055 0.103 0.04 0.04 0.008 0.052 0.068 0.042 0.02 0.027 0.042 0.303 0.015 0.015 0.027 0.052 0.038 0.005 0.017 0.032
228 A 0.275 0.032 0.03 0.032 0.02 0.026 0.041 0.073 0.015 0.039 0.054 0.045 0.017 0.021 0.029 0.113 0.054 0.005 0.017 0.062
229 L 0.05 0.024 0.017 0.018 0.015 0.019 0.023 0.024 0.012 0.154 0.161 0.028 0.1 0.088 0.015 0.03 0.039 0.008 0.03 0.143
230 G 0.071 0.022 0.033 0.029 0.072 0.019 0.024 0.402 0.013 0.031 0.052 0.031 0.032 0.02 0.018 0.046 0.031 0.005 0.012 0.036
231 A 0.253 0.028 0.025 0.028 0.019 0.023 0.035 0.126 0.013 0.053 0.062 0.039 0.018 0.022 0.026 0.072 0.046 0.005 0.016 0.089
232 V 0.057 0.022 0.016 0.017 0.017 0.017 0.021 0.023 0.009 0.179 0.177 0.026 0.054 0.04 0.015 0.029 0.042 0.006 0.021 0.212
233 A 0.212 0.025 0.021 0.024 0.018 0.02 0.031 0.055 0.013 0.108 0.09 0.035 0.023 0.075 0.023 0.06 0.043 0.007 0.026 0.091
234 C 0.09 0.018 0.017 0.017 0.38 0.013 0.019 0.036 0.01 0.045 0.068 0.022 0.017 0.068 0.017 0.043 0.036 0.006 0.022 0.056
235 L 0.052 0.022 0.016 0.017 0.016 0.016 0.021 0.023 0.01 0.144 0.204 0.025 0.055 0.088 0.014 0.028 0.039 0.007 0.029 0.172
236 L 0.054 0.022 0.015 0.016 0.016 0.015 0.021 0.023 0.01 0.129 0.225 0.024 0.036 0.088 0.014 0.028 0.039 0.007 0.029 0.188
237 L 0.043 0.022 0.015 0.016 0.014 0.014 0.02 0.023 0.012 0.098 0.243 0.023 0.046 0.183 0.013 0.026 0.032 0.01 0.046 0.103
238 I 0.087 0.02 0.016 0.019 0.017 0.015 0.022 0.028 0.009 0.213 0.135 0.026 0.031 0.037 0.017 0.034 0.043 0.005 0.02 0.204
239 Y 0.038 0.025 0.02 0.018 0.009 0.018 0.025 0.024 0.038 0.047 0.077 0.027 0.02 0.197 0.014 0.029 0.026 0.024 0.277 0.047
240 L 0.042 0.022 0.014 0.015 0.015 0.015 0.019 0.021 0.01 0.128 0.332 0.023 0.043 0.096 0.013 0.024 0.032 0.008 0.029 0.098
241 L 0.044 0.063 0.018 0.018 0.014 0.018 0.023 0.023 0.012 0.14 0.189 0.034 0.033 0.132 0.014 0.027 0.034 0.009 0.036 0.12
242 V 0.059 0.02 0.015 0.017 0.017 0.015 0.02 0.022 0.008 0.21 0.14 0.024 0.032 0.038 0.015 0.029 0.044 0.005 0.02 0.248
243 C 0.047 0.019 0.015 0.016 0.196 0.012 0.018 0.026 0.011 0.067 0.164 0.02 0.027 0.173 0.013 0.03 0.031 0.009 0.042 0.064
244 R 0.045 0.25 0.039 0.033 0.008 0.08 0.058 0.033 0.069 0.024 0.045 0.097 0.016 0.025 0.019 0.044 0.033 0.007 0.042 0.031
245 K 0.054 0.091 0.072 0.04 0.01 0.044 0.05 0.101 0.019 0.033 0.057 0.147 0.035 0.019 0.083 0.049 0.038 0.005 0.016 0.037
246 R 0.043 0.262 0.033 0.03 0.009 0.041 0.061 0.03 0.024 0.036 0.091 0.091 0.019 0.035 0.018 0.04 0.033 0.008 0.058 0.04
247 R 0.05 0.186 0.037 0.036 0.008 0.081 0.063 0.037 0.022 0.025 0.043 0.16 0.015 0.015 0.083 0.048 0.036 0.005 0.017 0.031
248 K 0.057 0.107 0.041 0.041 0.009 0.053 0.071 0.043 0.021 0.028 0.043 0.28 0.015 0.015 0.028 0.053 0.04 0.005 0.017 0.033
249 K 0.084 0.067 0.033 0.04 0.01 0.041 0.086 0.042 0.019 0.032 0.051 0.173 0.015 0.065 0.085 0.051 0.037 0.006 0.025 0.038
250 L 0.044 0.022 0.018 0.018 0.014 0.015 0.021 0.024 0.012 0.137 0.225 0.025 0.035 0.135 0.015 0.032 0.062 0.009 0.037 0.099
251 G 0.079 0.023 0.039 0.034 0.011 0.019 0.026 0.508 0.014 0.019 0.028 0.034 0.009 0.016 0.019 0.051 0.03 0.005 0.011 0.024
252 L 0.045 0.024 0.014 0.015 0.016 0.016 0.02 0.021 0.01 0.116 0.373 0.025 0.05 0.055 0.014 0.024 0.034 0.007 0.022 0.097
253 G 0.08 0.082 0.043 0.039 0.012 0.031 0.043 0.231 0.017 0.024 0.036 0.084 0.013 0.017 0.023 0.123 0.049 0.005 0.014 0.032
254 K 0.049 0.139 0.032 0.032 0.009 0.037 0.049 0.035 0.018 0.03 0.049 0.155 0.015 0.064 0.144 0.044 0.035 0.006 0.024 0.034
255 K 0.051 0.089 0.036 0.036 0.008 0.045 0.06 0.04 0.019 0.028 0.044 0.237 0.015 0.024 0.023 0.047 0.036 0.104 0.027 0.032
256 V 0.062 0.026 0.018 0.018 0.018 0.021 0.025 0.026 0.011 0.137 0.154 0.03 0.089 0.04 0.016 0.034 0.045 0.006 0.022 0.205
257 K 0.056 0.105 0.041 0.041 0.008 0.053 0.07 0.042 0.02 0.027 0.042 0.291 0.015 0.015 0.027 0.053 0.039 0.005 0.017 0.032
258 I 0.046 0.019 0.014 0.017 0.016 0.014 0.018 0.02 0.009 0.25 0.209 0.024 0.039 0.046 0.014 0.024 0.038 0.006 0.021 0.158
259 L 0.042 0.023 0.018 0.018 0.013 0.015 0.021 0.025 0.013 0.082 0.23 0.024 0.034 0.204 0.014 0.032 0.059 0.011 0.049 0.072
260 L 0.153 0.029 0.026 0.026 0.018 0.023 0.032 0.047 0.013 0.07 0.158 0.037 0.042 0.032 0.023 0.063 0.099 0.006 0.019 0.083
261 W 0.101 0.023 0.021 0.021 0.013 0.018 0.026 0.13 0.013 0.062 0.067 0.029 0.018 0.037 0.016 0.041 0.035 0.194 0.035 0.101
262 A 0.197 0.028 0.029 0.029 0.048 0.023 0.034 0.15 0.013 0.05 0.059 0.039 0.017 0.021 0.024 0.088 0.048 0.005 0.016 0.083
263 V 0.058 0.022 0.016 0.017 0.017 0.017 0.022 0.024 0.01 0.133 0.166 0.025 0.052 0.085 0.015 0.03 0.042 0.007 0.029 0.213
264 L 0.046 0.024 0.015 0.016 0.016 0.017 0.021 0.022 0.011 0.112 0.319 0.025 0.062 0.072 0.014 0.026 0.035 0.007 0.026 0.115
265 G 0.094 0.024 0.026 0.025 0.015 0.019 0.026 0.189 0.011 0.095 0.134 0.032 0.025 0.03 0.019 0.048 0.066 0.006 0.017 0.1
266 L 0.084 0.022 0.017 0.018 0.016 0.015 0.023 0.03 0.011 0.12 0.166 0.025 0.031 0.13 0.016 0.034 0.039 0.008 0.036 0.16
267 A 0.232 0.031 0.033 0.034 0.019 0.026 0.04 0.129 0.015 0.036 0.049 0.044 0.015 0.02 0.027 0.119 0.054 0.005 0.016 0.055
268 G 0.1 0.024 0.031 0.028 0.013 0.02 0.026 0.345 0.013 0.046 0.081 0.033 0.036 0.024 0.019 0.049 0.034 0.006 0.014 0.058
269 L 0.164 0.025 0.019 0.022 0.018 0.019 0.028 0.045 0.012 0.107 0.167 0.032 0.029 0.057 0.02 0.05 0.041 0.006 0.023 0.114
270 A 0.231 0.028 0.023 0.025 0.019 0.022 0.033 0.09 0.013 0.058 0.14 0.038 0.024 0.029 0.024 0.065 0.043 0.006 0.018 0.07
271 L 0.053 0.021 0.015 0.017 0.017 0.015 0.02 0.022 0.009 0.186 0.226 0.025 0.039 0.044 0.015 0.027 0.04 0.006 0.021 0.182
272 G 0.161 0.024 0.03 0.029 0.015 0.02 0.029 0.294 0.013 0.062 0.055 0.035 0.015 0.021 0.022 0.059 0.037 0.005 0.014 0.058
273 I 0.081 0.024 0.019 0.027 0.015 0.021 0.059 0.029 0.011 0.187 0.175 0.032 0.032 0.038 0.017 0.035 0.039 0.006 0.019 0.133
274 Y 0.041 0.155 0.027 0.023 0.008 0.031 0.036 0.027 0.037 0.035 0.058 0.062 0.017 0.085 0.016 0.035 0.03 0.019 0.219 0.039
275 Q 0.058 0.067 0.043 0.045 0.01 0.215 0.093 0.041 0.027 0.027 0.046 0.083 0.02 0.015 0.023 0.068 0.057 0.006 0.02 0.037
276 L 0.046 0.021 0.018 0.019 0.015 0.015 0.021 0.024 0.011 0.163 0.179 0.025 0.033 0.133 0.015 0.033 0.064 0.009 0.036 0.122
277 V 0.083 0.068 0.06 0.028 0.015 0.022 0.03 0.035 0.014 0.138 0.138 0.041 0.028 0.033 0.018 0.041 0.042 0.006 0.019 0.143
278 Y 0.065 0.076 0.075 0.038 0.012 0.03 0.041 0.045 0.03 0.033 0.051 0.052 0.016 0.068 0.021 0.117 0.05 0.013 0.13 0.039
279 Y 0.039 0.027 0.021 0.018 0.009 0.021 0.027 0.024 0.045 0.042 0.066 0.03 0.018 0.126 0.015 0.03 0.027 0.027 0.341 0.045
280 Y 0.038 0.025 0.02 0.018 0.009 0.018 0.025 0.024 0.038 0.047 0.077 0.027 0.02 0.197 0.014 0.029 0.026 0.024 0.277 0.047
281 L 0.048 0.024 0.019 0.025 0.014 0.02 0.058 0.024 0.015 0.13 0.148 0.029 0.029 0.135 0.015 0.03 0.035 0.01 0.056 0.137
282 L 0.059 0.029 0.026 0.024 0.016 0.021 0.029 0.032 0.012 0.086 0.258 0.033 0.047 0.042 0.019 0.07 0.09 0.006 0.02 0.08
283 L 0.049 0.029 0.018 0.018 0.016 0.024 0.025 0.025 0.014 0.102 0.249 0.032 0.146 0.049 0.015 0.032 0.037 0.008 0.023 0.091
284 G 0.072 0.03 0.039 0.035 0.011 0.047 0.036 0.405 0.015 0.023 0.034 0.041 0.012 0.016 0.02 0.055 0.06 0.005 0.012 0.03
285 V 0.065 0.028 0.065 0.031 0.017 0.021 0.031 0.034 0.012 0.108 0.094 0.034 0.024 0.029 0.02 0.054 0.118 0.005 0.018 0.19
286 E 0.053 0.048 0.039 0.087 0.007 0.062 0.32 0.034 0.025 0.021 0.036 0.073 0.012 0.016 0.025 0.053 0.036 0.005 0.016 0.03
287 S 0.106 0.039 0.052 0.047 0.017 0.032 0.051 0.064 0.019 0.029 0.04 0.052 0.015 0.02 0.029 0.246 0.079 0.005 0.017 0.04
288 A 0.314 0.03 0.025 0.029 0.021 0.025 0.039 0.076 0.014 0.042 0.057 0.043 0.017 0.021 0.029 0.082 0.048 0.005 0.017 0.066
289 R 0.043 0.367 0.037 0.03 0.008 0.047 0.051 0.032 0.023 0.023 0.045 0.116 0.015 0.017 0.019 0.043 0.034 0.006 0.017 0.03
290 A 0.269 0.04 0.028 0.031 0.019 0.029 0.044 0.071 0.015 0.039 0.054 0.076 0.017 0.02 0.028 0.089 0.049 0.005 0.017 0.061
291 V 0.124 0.025 0.018 0.02 0.018 0.02 0.027 0.037 0.011 0.116 0.151 0.031 0.049 0.035 0.019 0.044 0.045 0.006 0.02 0.186
292 L 0.043 0.023 0.014 0.015 0.016 0.016 0.02 0.021 0.01 0.111 0.397 0.024 0.048 0.053 0.014 0.023 0.032 0.007 0.022 0.093
293 T 0.075 0.035 0.043 0.038 0.017 0.027 0.04 0.045 0.014 0.049 0.06 0.045 0.019 0.023 0.027 0.109 0.248 0.006 0.017 0.065
294 I 0.055 0.042 0.025 0.026 0.014 0.025 0.034 0.031 0.013 0.172 0.146 0.097 0.029 0.034 0.019 0.059 0.043 0.006 0.019 0.11
295 G 0.131 0.029 0.032 0.037 0.014 0.026 0.067 0.229 0.014 0.046 0.053 0.041 0.015 0.02 0.022 0.061 0.067 0.005 0.015 0.074
296 A 0.232 0.031 0.033 0.034 0.019 0.026 0.04 0.129 0.015 0.036 0.049 0.044 0.015 0.02 0.027 0.119 0.054 0.005 0.016 0.055
297 P 0.049 0.023 0.02 0.025 0.011 0.017 0.029 0.03 0.012 0.074 0.106 0.033 0.02 0.071 0.324 0.036 0.034 0.005 0.024 0.058
298 F 0.038 0.025 0.019 0.02 0.011 0.04 0.028 0.025 0.016 0.092 0.145 0.028 0.028 0.268 0.013 0.028 0.029 0.012 0.061 0.07
299 I 0.082 0.019 0.016 0.019 0.017 0.015 0.021 0.027 0.009 0.247 0.145 0.026 0.033 0.039 0.016 0.032 0.041 0.006 0.02 0.173
300 A 0.283 0.029 0.024 0.027 0.021 0.024 0.037 0.069 0.014 0.056 0.066 0.041 0.019 0.023 0.027 0.076 0.048 0.005 0.017 0.095
301 W 0.091 0.125 0.027 0.026 0.01 0.032 0.041 0.041 0.018 0.029 0.049 0.102 0.015 0.033 0.018 0.044 0.033 0.194 0.035 0.037
302 D 0.04 0.029 0.067 0.418 0.007 0.029 0.088 0.045 0.018 0.022 0.027 0.043 0.009 0.014 0.022 0.05 0.034 0.004 0.011 0.023
303 H 0.04 0.038 0.04 0.03 0.008 0.031 0.042 0.032 0.252 0.03 0.048 0.039 0.016 0.066 0.017 0.037 0.026 0.015 0.162 0.031
304 F 0.033 0.018 0.016 0.016 0.01 0.01 0.018 0.025 0.016 0.061 0.11 0.018 0.025 0.408 0.01 0.025 0.025 0.016 0.086 0.053
305 P 0.055 0.025 0.023 0.03 0.01 0.02 0.035 0.035 0.012 0.025 0.035 0.04 0.01 0.012 0.511 0.042 0.035 0.003 0.012 0.03
306 F 0.039 0.021 0.019 0.019 0.012 0.013 0.021 0.026 0.015 0.066 0.14 0.022 0.027 0.315 0.013 0.033 0.056 0.014 0.069 0.06
307 G 0.076 0.022 0.038 0.033 0.01 0.018 0.025 0.527 0.013 0.018 0.027 0.033 0.009 0.016 0.018 0.05 0.029 0.005 0.01 0.023
308 T 0.078 0.033 0.041 0.036 0.078 0.026 0.038 0.046 0.014 0.045 0.057 0.043 0.018 0.022 0.026 0.122 0.194 0.005 0.016 0.06
309 G 0.076 0.022 0.038 0.033 0.01 0.018 0.025 0.527 0.013 0.018 0.027 0.033 0.009 0.016 0.018 0.05 0.029 0.005 0.01 0.023
310 W 0.031 0.021 0.015 0.015 0.008 0.013 0.021 0.028 0.015 0.041 0.073 0.021 0.018 0.189 0.008 0.023 0.023 0.325 0.073 0.038
311 G 0.165 0.025 0.033 0.031 0.014 0.021 0.03 0.358 0.014 0.027 0.039 0.036 0.012 0.018 0.022 0.062 0.036 0.005 0.013 0.04
312 T 0.071 0.034 0.042 0.036 0.017 0.027 0.038 0.042 0.013 0.051 0.063 0.044 0.019 0.023 0.027 0.09 0.272 0.006 0.017 0.069
313 F 0.035 0.022 0.018 0.017 0.01 0.014 0.022 0.024 0.027 0.054 0.094 0.023 0.022 0.302 0.012 0.027 0.025 0.02 0.181 0.05
314 G 0.105 0.023 0.036 0.032 0.012 0.019 0.027 0.47 0.013 0.021 0.031 0.034 0.01 0.016 0.02 0.054 0.031 0.005 0.011 0.029
315 S 0.106 0.039 0.052 0.047 0.017 0.032 0.051 0.064 0.019 0.029 0.04 0.052 0.015 0.02 0.029 0.246 0.079 0.005 0.017 0.04
316 A 0.284 0.03 0.027 0.03 0.02 0.025 0.039 0.071 0.014 0.043 0.058 0.043 0.017 0.021 0.028 0.083 0.076 0.005 0.017 0.067
317 F 0.033 0.018 0.016 0.016 0.01 0.01 0.018 0.025 0.016 0.061 0.11 0.018 0.025 0.408 0.01 0.025 0.025 0.016 0.086 0.053
318 S 0.106 0.039 0.052 0.047 0.017 0.032 0.051 0.064 0.019 0.029 0.04 0.052 0.015 0.02 0.029 0.246 0.079 0.005 0.017 0.04
319 A 0.186 0.026 0.029 0.075 0.017 0.022 0.039 0.115 0.013 0.083 0.072 0.037 0.019 0.024 0.023 0.061 0.043 0.005 0.016 0.097
320 E 0.05 0.045 0.08 0.128 0.007 0.054 0.257 0.039 0.025 0.021 0.034 0.067 0.012 0.016 0.024 0.055 0.037 0.005 0.015 0.029
