#Seq2Logo.py -f /work3/idamei/ssn-clusterings/clustering/2205111339/clusters/0087_70/sequences.afa -o /work3/idamei/ssn-clusterings/clustering/2205111339/clusters/0087_70/sequences.logo
#Position Specific Frequency Matrix
A R N D C Q E G H I L K M F P S T W Y V
0 L 0.052 0.032 0.02 0.02 0.016 0.028 0.028 0.028 0.016 0.099 0.195 0.036 0.168 0.048 0.016 0.036 0.04 0.008 0.024 0.092
1 G 0.126 0.038 0.034 0.057 0.014 0.075 0.054 0.142 0.017 0.056 0.061 0.051 0.019 0.021 0.023 0.057 0.042 0.005 0.017 0.089
2 G 0.104 0.072 0.032 0.031 0.014 0.03 0.041 0.161 0.015 0.061 0.064 0.103 0.018 0.022 0.022 0.052 0.041 0.005 0.016 0.097
3 L 0.048 0.032 0.12 0.041 0.012 0.024 0.032 0.091 0.022 0.064 0.169 0.037 0.041 0.046 0.017 0.044 0.038 0.008 0.052 0.059
4 Q 0.054 0.128 0.043 0.044 0.009 0.18 0.093 0.04 0.028 0.026 0.047 0.097 0.02 0.015 0.023 0.054 0.04 0.006 0.02 0.035
5 T 0.073 0.036 0.044 0.038 0.018 0.028 0.04 0.044 0.014 0.054 0.065 0.046 0.02 0.024 0.028 0.093 0.243 0.006 0.018 0.071
6 Y 0.041 0.028 0.022 0.019 0.009 0.022 0.028 0.025 0.047 0.044 0.069 0.031 0.019 0.131 0.016 0.031 0.028 0.028 0.315 0.047
7 E 0.055 0.05 0.041 0.091 0.007 0.065 0.294 0.035 0.026 0.022 0.037 0.076 0.013 0.017 0.026 0.055 0.037 0.006 0.017 0.031
8 E 0.055 0.05 0.041 0.091 0.007 0.065 0.294 0.035 0.026 0.022 0.037 0.076 0.013 0.017 0.026 0.055 0.037 0.006 0.017 0.031
9 G 0.079 0.023 0.039 0.034 0.011 0.019 0.026 0.508 0.014 0.019 0.028 0.034 0.009 0.016 0.019 0.052 0.03 0.005 0.011 0.024
10 H 0.042 0.046 0.054 0.038 0.008 0.038 0.054 0.038 0.352 0.023 0.038 0.046 0.015 0.031 0.019 0.042 0.027 0.008 0.058 0.023
11 Q 0.056 0.074 0.044 0.047 0.009 0.212 0.103 0.041 0.03 0.027 0.047 0.092 0.021 0.015 0.024 0.056 0.041 0.006 0.021 0.035
12 T 0.073 0.036 0.044 0.038 0.018 0.028 0.04 0.044 0.014 0.054 0.065 0.046 0.02 0.024 0.028 0.093 0.243 0.006 0.018 0.071
13 G 0.079 0.023 0.039 0.034 0.011 0.019 0.026 0.508 0.014 0.019 0.028 0.034 0.009 0.016 0.019 0.052 0.03 0.005 0.011 0.024
14 K 0.057 0.108 0.042 0.042 0.009 0.054 0.071 0.043 0.021 0.028 0.043 0.275 0.016 0.016 0.028 0.054 0.04 0.005 0.017 0.033
15 T 0.075 0.032 0.042 0.037 0.016 0.026 0.036 0.16 0.014 0.045 0.056 0.043 0.017 0.022 0.026 0.083 0.191 0.006 0.016 0.06
16 G 0.086 0.027 0.043 0.038 0.013 0.023 0.032 0.398 0.015 0.022 0.032 0.039 0.011 0.017 0.022 0.093 0.043 0.005 0.013 0.029
17 T 0.059 0.075 0.034 0.037 0.015 0.035 0.069 0.035 0.017 0.063 0.108 0.055 0.072 0.031 0.022 0.061 0.117 0.007 0.02 0.069
18 G 0.066 0.022 0.025 0.024 0.014 0.018 0.024 0.207 0.015 0.108 0.089 0.029 0.022 0.041 0.017 0.038 0.038 0.008 0.054 0.139
19 M 0.045 0.028 0.017 0.017 0.014 0.024 0.024 0.024 0.014 0.086 0.169 0.031 0.279 0.041 0.014 0.031 0.035 0.007 0.021 0.079
20 G 0.126 0.027 0.034 0.032 0.016 0.022 0.033 0.207 0.014 0.083 0.069 0.038 0.019 0.025 0.023 0.091 0.048 0.005 0.016 0.072
21 F 0.077 0.038 0.028 0.028 0.013 0.065 0.045 0.037 0.022 0.058 0.101 0.046 0.053 0.12 0.019 0.049 0.06 0.011 0.069 0.061
22 D 0.107 0.03 0.048 0.195 0.014 0.027 0.061 0.05 0.016 0.049 0.054 0.043 0.016 0.021 0.024 0.066 0.088 0.005 0.015 0.072
23 G 0.056 0.111 0.067 0.038 0.011 0.073 0.052 0.144 0.022 0.04 0.074 0.068 0.048 0.023 0.019 0.049 0.038 0.006 0.018 0.043
24 D 0.041 0.03 0.069 0.395 0.008 0.03 0.092 0.047 0.019 0.022 0.028 0.045 0.009 0.015 0.022 0.052 0.036 0.004 0.011 0.024
25 V 0.07 0.022 0.017 0.018 0.019 0.017 0.023 0.025 0.008 0.165 0.131 0.026 0.032 0.036 0.017 0.033 0.05 0.006 0.021 0.266
26 L 0.05 0.02 0.015 0.017 0.017 0.015 0.019 0.021 0.009 0.212 0.222 0.024 0.04 0.046 0.015 0.026 0.039 0.006 0.021 0.167
27 L 0.055 0.022 0.021 0.021 0.015 0.016 0.021 0.161 0.011 0.133 0.217 0.027 0.034 0.041 0.016 0.032 0.034 0.006 0.018 0.098
28 S 0.109 0.04 0.054 0.049 0.017 0.033 0.052 0.066 0.019 0.03 0.042 0.054 0.016 0.021 0.03 0.223 0.082 0.005 0.017 0.042
29 I 0.08 0.023 0.017 0.02 0.017 0.019 0.024 0.029 0.011 0.185 0.153 0.029 0.062 0.041 0.017 0.036 0.043 0.006 0.021 0.167
30 I 0.145 0.021 0.017 0.019 0.015 0.016 0.023 0.058 0.01 0.172 0.148 0.027 0.037 0.038 0.017 0.039 0.036 0.014 0.018 0.132
31 T 0.072 0.035 0.043 0.037 0.018 0.027 0.039 0.043 0.014 0.053 0.064 0.045 0.02 0.023 0.027 0.092 0.254 0.006 0.018 0.07
32 Y 0.04 0.028 0.022 0.019 0.009 0.022 0.028 0.025 0.046 0.043 0.068 0.031 0.019 0.13 0.015 0.031 0.028 0.028 0.324 0.046
33 G 0.078 0.023 0.039 0.033 0.011 0.019 0.025 0.515 0.013 0.019 0.028 0.033 0.009 0.016 0.019 0.051 0.029 0.005 0.011 0.024
34 L 0.044 0.024 0.014 0.015 0.016 0.016 0.02 0.021 0.01 0.114 0.381 0.025 0.049 0.054 0.014 0.024 0.033 0.007 0.022 0.095
35 F 0.033 0.019 0.017 0.017 0.01 0.01 0.019 0.025 0.017 0.063 0.113 0.019 0.025 0.393 0.01 0.025 0.025 0.017 0.088 0.054
36 L 0.045 0.019 0.013 0.014 0.014 0.013 0.018 0.02 0.009 0.117 0.259 0.021 0.033 0.11 0.012 0.024 0.033 0.007 0.028 0.19
37 Y 0.035 0.024 0.019 0.016 0.008 0.019 0.024 0.021 0.04 0.037 0.059 0.027 0.016 0.112 0.013 0.027 0.024 0.024 0.414 0.04
38 L 0.059 0.021 0.017 0.017 0.014 0.015 0.02 0.032 0.01 0.158 0.24 0.025 0.054 0.072 0.014 0.036 0.061 0.006 0.023 0.106
39 L 0.091 0.024 0.023 0.022 0.023 0.018 0.026 0.047 0.011 0.085 0.149 0.029 0.038 0.077 0.019 0.063 0.111 0.006 0.023 0.115
40 L 0.044 0.02 0.014 0.015 0.014 0.014 0.018 0.02 0.009 0.172 0.294 0.023 0.05 0.041 0.013 0.025 0.042 0.006 0.019 0.149
41 A 0.184 0.027 0.027 0.027 0.016 0.021 0.031 0.046 0.012 0.058 0.095 0.036 0.019 0.04 0.022 0.071 0.175 0.005 0.018 0.069
42 A 0.189 0.022 0.018 0.02 0.016 0.017 0.025 0.056 0.01 0.107 0.143 0.029 0.028 0.035 0.018 0.045 0.039 0.005 0.018 0.159
43 L 0.074 0.02 0.018 0.018 0.031 0.015 0.021 0.051 0.009 0.157 0.166 0.025 0.036 0.054 0.015 0.042 0.06 0.006 0.02 0.161
44 T 0.075 0.025 0.028 0.025 0.016 0.02 0.028 0.048 0.01 0.089 0.077 0.032 0.021 0.024 0.02 0.062 0.205 0.005 0.016 0.174
45 I 0.051 0.019 0.015 0.016 0.063 0.014 0.018 0.022 0.008 0.212 0.188 0.023 0.037 0.035 0.014 0.03 0.063 0.005 0.017 0.149
46 L 0.125 0.028 0.018 0.019 0.03 0.017 0.023 0.056 0.012 0.089 0.189 0.028 0.042 0.089 0.016 0.047 0.034 0.007 0.036 0.094
47 L 0.061 0.022 0.015 0.016 0.014 0.016 0.02 0.023 0.01 0.117 0.309 0.025 0.081 0.067 0.014 0.028 0.043 0.006 0.022 0.091
48 A 0.279 0.026 0.026 0.027 0.016 0.021 0.033 0.151 0.013 0.036 0.069 0.037 0.015 0.019 0.023 0.092 0.045 0.005 0.014 0.052
49 L 0.066 0.025 0.019 0.018 0.076 0.016 0.022 0.071 0.017 0.071 0.124 0.026 0.044 0.1 0.014 0.044 0.033 0.035 0.1 0.079
50 L 0.044 0.052 0.022 0.021 0.011 0.042 0.031 0.042 0.028 0.071 0.204 0.066 0.053 0.106 0.02 0.042 0.031 0.008 0.046 0.061
51 V 0.063 0.019 0.015 0.016 0.023 0.015 0.02 0.022 0.022 0.184 0.115 0.023 0.034 0.036 0.014 0.028 0.039 0.006 0.036 0.269
52 K 0.071 0.097 0.063 0.107 0.033 0.066 0.112 0.047 0.019 0.026 0.038 0.127 0.013 0.015 0.02 0.051 0.035 0.004 0.014 0.04
53 N 0.071 0.061 0.125 0.044 0.027 0.048 0.056 0.061 0.023 0.028 0.038 0.096 0.013 0.016 0.054 0.1 0.086 0.004 0.015 0.035
54 T 0.073 0.081 0.051 0.039 0.019 0.044 0.045 0.083 0.039 0.042 0.067 0.066 0.018 0.033 0.052 0.072 0.093 0.005 0.018 0.059
55 E 0.086 0.051 0.032 0.082 0.027 0.045 0.11 0.06 0.03 0.041 0.047 0.055 0.017 0.024 0.084 0.064 0.045 0.022 0.031 0.048
56 L 0.074 0.059 0.048 0.037 0.017 0.041 0.067 0.056 0.019 0.046 0.079 0.064 0.026 0.054 0.048 0.062 0.058 0.008 0.069 0.068
57 A 0.122 0.063 0.068 0.047 0.034 0.028 0.043 0.086 0.016 0.05 0.065 0.069 0.016 0.031 0.069 0.052 0.042 0.005 0.025 0.069
58 E 0.084 0.047 0.031 0.044 0.011 0.056 0.091 0.066 0.034 0.044 0.067 0.072 0.017 0.044 0.052 0.061 0.06 0.007 0.047 0.065
59 G 0.082 0.052 0.072 0.062 0.011 0.041 0.074 0.109 0.038 0.043 0.073 0.048 0.019 0.039 0.047 0.057 0.044 0.005 0.02 0.064
60 I 0.054 0.035 0.026 0.037 0.013 0.063 0.088 0.029 0.026 0.137 0.098 0.046 0.025 0.029 0.062 0.039 0.04 0.005 0.02 0.129
61 A 0.144 0.036 0.03 0.049 0.043 0.038 0.135 0.049 0.024 0.035 0.052 0.052 0.016 0.04 0.024 0.06 0.04 0.009 0.074 0.049
62 A 0.296 0.031 0.025 0.029 0.021 0.025 0.04 0.078 0.015 0.043 0.059 0.044 0.017 0.021 0.029 0.084 0.049 0.005 0.017 0.068
63 G 0.078 0.023 0.039 0.033 0.011 0.019 0.025 0.514 0.013 0.019 0.028 0.033 0.009 0.016 0.019 0.051 0.029 0.005 0.011 0.024
64 G 0.09 0.03 0.045 0.039 0.013 0.024 0.036 0.335 0.016 0.023 0.033 0.041 0.012 0.018 0.023 0.121 0.05 0.005 0.013 0.031
65 A 0.206 0.027 0.022 0.025 0.02 0.022 0.033 0.056 0.012 0.091 0.087 0.037 0.023 0.027 0.024 0.064 0.049 0.005 0.019 0.151
66 G 0.073 0.022 0.025 0.024 0.016 0.017 0.024 0.22 0.01 0.105 0.089 0.029 0.023 0.028 0.017 0.04 0.041 0.005 0.017 0.175
67 R 0.044 0.22 0.029 0.024 0.011 0.035 0.039 0.028 0.018 0.06 0.18 0.082 0.029 0.032 0.017 0.036 0.034 0.006 0.019 0.057
68 C 0.064 0.016 0.016 0.016 0.488 0.012 0.016 0.032 0.008 0.044 0.064 0.02 0.016 0.02 0.016 0.04 0.036 0.004 0.012 0.056
69 A 0.296 0.031 0.025 0.029 0.021 0.025 0.04 0.078 0.015 0.043 0.059 0.044 0.017 0.021 0.029 0.084 0.049 0.005 0.017 0.068
70 G 0.078 0.023 0.039 0.033 0.011 0.019 0.025 0.514 0.013 0.019 0.028 0.033 0.009 0.016 0.019 0.051 0.029 0.005 0.011 0.024
71 Q 0.055 0.073 0.044 0.047 0.009 0.222 0.102 0.041 0.029 0.026 0.047 0.09 0.02 0.015 0.023 0.055 0.041 0.006 0.02 0.035
72 A 0.296 0.031 0.025 0.029 0.021 0.025 0.04 0.078 0.015 0.043 0.059 0.044 0.017 0.021 0.029 0.084 0.049 0.005 0.017 0.068
73 A 0.296 0.031 0.025 0.029 0.021 0.025 0.04 0.078 0.015 0.043 0.059 0.044 0.017 0.021 0.029 0.084 0.049 0.005 0.017 0.068
74 E 0.055 0.049 0.04 0.089 0.007 0.064 0.303 0.035 0.026 0.022 0.036 0.075 0.013 0.016 0.026 0.055 0.036 0.005 0.016 0.031
75 S 0.109 0.04 0.054 0.048 0.017 0.033 0.052 0.066 0.019 0.029 0.042 0.054 0.016 0.021 0.029 0.227 0.081 0.005 0.017 0.042
76 A 0.296 0.031 0.025 0.029 0.021 0.025 0.04 0.078 0.015 0.043 0.059 0.044 0.017 0.021 0.029 0.084 0.049 0.005 0.017 0.068
77 A 0.296 0.031 0.025 0.029 0.021 0.025 0.04 0.078 0.015 0.043 0.059 0.044 0.017 0.021 0.029 0.084 0.049 0.005 0.017 0.068
78 S 0.109 0.04 0.054 0.048 0.017 0.033 0.052 0.066 0.019 0.029 0.042 0.054 0.016 0.021 0.029 0.227 0.081 0.005 0.017 0.042
79 G 0.078 0.023 0.039 0.033 0.011 0.019 0.025 0.514 0.013 0.019 0.028 0.033 0.009 0.016 0.019 0.051 0.029 0.005 0.011 0.024
80 N 0.042 0.045 0.323 0.082 0.009 0.033 0.049 0.065 0.031 0.022 0.031 0.053 0.011 0.018 0.02 0.069 0.049 0.004 0.016 0.027
81 G 0.078 0.023 0.039 0.033 0.011 0.019 0.025 0.514 0.013 0.019 0.028 0.033 0.009 0.016 0.019 0.051 0.029 0.005 0.011 0.024
82 R 0.044 0.351 0.038 0.031 0.008 0.048 0.052 0.033 0.023 0.023 0.046 0.119 0.015 0.017 0.019 0.044 0.035 0.006 0.017 0.031
83 R 0.052 0.217 0.03 0.025 0.2 0.034 0.038 0.032 0.017 0.032 0.053 0.08 0.016 0.018 0.018 0.043 0.035 0.005 0.015 0.041
84 A 0.296 0.031 0.025 0.029 0.021 0.025 0.04 0.078 0.015 0.043 0.059 0.044 0.017 0.021 0.029 0.084 0.049 0.005 0.017 0.068
85 C 0.06 0.083 0.021 0.019 0.392 0.019 0.023 0.032 0.011 0.04 0.061 0.04 0.016 0.02 0.017 0.041 0.036 0.004 0.013 0.051
86 G 0.078 0.023 0.039 0.033 0.011 0.019 0.025 0.514 0.013 0.019 0.028 0.033 0.009 0.016 0.019 0.051 0.029 0.005 0.011 0.024
87 I 0.056 0.024 0.019 0.028 0.015 0.021 0.057 0.026 0.011 0.166 0.126 0.033 0.028 0.033 0.095 0.033 0.041 0.005 0.019 0.165
88 C 0.065 0.016 0.016 0.016 0.482 0.012 0.016 0.033 0.008 0.045 0.065 0.02 0.016 0.02 0.016 0.041 0.037 0.004 0.012 0.057
89 P 0.056 0.108 0.029 0.028 0.011 0.026 0.035 0.113 0.015 0.046 0.125 0.055 0.021 0.025 0.155 0.049 0.036 0.005 0.016 0.046
90 S 0.069 0.039 0.048 0.067 0.012 0.036 0.057 0.043 0.092 0.038 0.081 0.057 0.018 0.032 0.022 0.111 0.077 0.007 0.052 0.043
91 V 0.07 0.022 0.017 0.018 0.019 0.017 0.023 0.025 0.008 0.165 0.131 0.026 0.032 0.036 0.017 0.033 0.05 0.006 0.021 0.267
92 S 0.11 0.04 0.054 0.049 0.018 0.033 0.053 0.066 0.019 0.03 0.042 0.054 0.016 0.021 0.03 0.218 0.082 0.005 0.018 0.042
93 T 0.073 0.036 0.044 0.038 0.018 0.028 0.039 0.044 0.014 0.053 0.065 0.046 0.02 0.024 0.028 0.093 0.245 0.006 0.018 0.071
94 G 0.078 0.023 0.039 0.034 0.011 0.019 0.026 0.509 0.014 0.019 0.028 0.034 0.009 0.016 0.019 0.051 0.03 0.005 0.011 0.024
95 N 0.043 0.045 0.315 0.083 0.009 0.034 0.05 0.065 0.032 0.023 0.032 0.054 0.011 0.018 0.02 0.07 0.05 0.005 0.016 0.027
96 A 0.288 0.031 0.026 0.03 0.022 0.026 0.041 0.078 0.015 0.043 0.06 0.045 0.018 0.022 0.03 0.085 0.05 0.005 0.018 0.069
97 G 0.078 0.023 0.039 0.034 0.011 0.019 0.026 0.509 0.014 0.019 0.028 0.034 0.009 0.016 0.019 0.051 0.03 0.005 0.011 0.024
98 N 0.043 0.045 0.315 0.083 0.009 0.034 0.05 0.065 0.032 0.023 0.032 0.054 0.011 0.018 0.02 0.07 0.05 0.005 0.016 0.027
99 R 0.045 0.343 0.039 0.031 0.008 0.049 0.052 0.033 0.023 0.023 0.047 0.121 0.016 0.017 0.019 0.045 0.035 0.006 0.017 0.031
100 G 0.078 0.023 0.039 0.034 0.011 0.019 0.026 0.509 0.014 0.019 0.028 0.034 0.009 0.016 0.019 0.051 0.03 0.005 0.011 0.024
101 N 0.043 0.045 0.315 0.083 0.009 0.034 0.05 0.065 0.032 0.023 0.032 0.054 0.011 0.018 0.02 0.07 0.05 0.005 0.016 0.027
102 S 0.11 0.04 0.054 0.049 0.018 0.033 0.053 0.066 0.019 0.03 0.042 0.054 0.016 0.021 0.03 0.218 0.082 0.005 0.018 0.042
103 G 0.108 0.031 0.042 0.079 0.013 0.026 0.043 0.168 0.014 0.07 0.086 0.037 0.018 0.023 0.02 0.072 0.066 0.005 0.015 0.063
104 G 0.091 0.036 0.047 0.042 0.014 0.046 0.047 0.242 0.018 0.025 0.037 0.049 0.014 0.018 0.025 0.138 0.057 0.005 0.015 0.034
105 P 0.057 0.036 0.023 0.027 0.013 0.024 0.036 0.032 0.013 0.065 0.112 0.07 0.021 0.024 0.265 0.04 0.038 0.004 0.016 0.084
106 P 0.083 0.039 0.129 0.05 0.012 0.049 0.049 0.053 0.021 0.033 0.062 0.051 0.016 0.019 0.15 0.077 0.047 0.004 0.016 0.039
107 A 0.183 0.033 0.034 0.033 0.02 0.026 0.04 0.061 0.014 0.048 0.062 0.045 0.019 0.023 0.029 0.088 0.15 0.006 0.018 0.07
108 R 0.072 0.176 0.055 0.059 0.025 0.049 0.057 0.089 0.019 0.031 0.066 0.093 0.02 0.019 0.025 0.052 0.036 0.005 0.016 0.037
109 I 0.047 0.018 0.015 0.018 0.016 0.013 0.018 0.021 0.009 0.27 0.168 0.024 0.037 0.044 0.015 0.025 0.04 0.006 0.021 0.177
110 G 0.063 0.08 0.092 0.039 0.014 0.046 0.05 0.137 0.038 0.032 0.052 0.07 0.016 0.027 0.019 0.071 0.063 0.006 0.036 0.046
111 G 0.088 0.072 0.048 0.038 0.024 0.035 0.035 0.138 0.024 0.07 0.116 0.044 0.021 0.053 0.017 0.049 0.043 0.006 0.02 0.059
112 A 0.287 0.031 0.026 0.03 0.022 0.026 0.041 0.079 0.015 0.043 0.06 0.045 0.018 0.022 0.03 0.085 0.05 0.005 0.018 0.069
113 I 0.047 0.018 0.015 0.018 0.016 0.013 0.018 0.021 0.009 0.268 0.169 0.024 0.037 0.044 0.015 0.025 0.04 0.006 0.021 0.177
114 K 0.057 0.108 0.042 0.042 0.009 0.054 0.071 0.043 0.021 0.028 0.043 0.275 0.016 0.016 0.028 0.054 0.04 0.005 0.017 0.033
115 L 0.045 0.024 0.014 0.015 0.016 0.016 0.02 0.021 0.01 0.116 0.373 0.025 0.05 0.055 0.014 0.024 0.034 0.007 0.022 0.097
116 S 0.11 0.04 0.054 0.049 0.018 0.033 0.053 0.067 0.019 0.03 0.042 0.054 0.016 0.021 0.03 0.217 0.082 0.005 0.018 0.042
117 K 0.057 0.108 0.042 0.042 0.009 0.054 0.071 0.043 0.021 0.028 0.043 0.275 0.016 0.016 0.028 0.054 0.04 0.005 0.017 0.033
118 L 0.08 0.066 0.046 0.028 0.03 0.028 0.032 0.056 0.035 0.074 0.113 0.055 0.02 0.058 0.029 0.05 0.041 0.028 0.071 0.059
119 I 0.06 0.055 0.034 0.03 0.016 0.035 0.062 0.058 0.017 0.105 0.096 0.054 0.021 0.048 0.035 0.057 0.074 0.007 0.06 0.075
120 G 0.077 0.063 0.036 0.046 0.019 0.039 0.047 0.102 0.032 0.056 0.055 0.049 0.015 0.047 0.059 0.068 0.073 0.01 0.06 0.046
121 D 0.057 0.033 0.056 0.217 0.013 0.029 0.066 0.045 0.016 0.038 0.047 0.045 0.015 0.019 0.025 0.073 0.14 0.005 0.015 0.048
122 G 0.076 0.079 0.038 0.046 0.035 0.03 0.044 0.143 0.031 0.037 0.049 0.049 0.019 0.036 0.04 0.051 0.045 0.019 0.071 0.062
123 G 0.068 0.039 0.049 0.043 0.026 0.034 0.036 0.27 0.016 0.032 0.063 0.047 0.014 0.047 0.023 0.047 0.043 0.007 0.052 0.043
124 V 0.07 0.022 0.017 0.018 0.019 0.017 0.023 0.025 0.008 0.165 0.131 0.026 0.032 0.036 0.017 0.033 0.05 0.006 0.021 0.267
125 S 0.11 0.04 0.054 0.049 0.018 0.033 0.053 0.066 0.019 0.03 0.042 0.054 0.016 0.021 0.03 0.218 0.082 0.005 0.018 0.042
126 L 0.059 0.068 0.031 0.044 0.012 0.035 0.032 0.053 0.023 0.107 0.116 0.041 0.051 0.044 0.033 0.05 0.068 0.009 0.035 0.09
127 T 0.08 0.037 0.046 0.076 0.016 0.027 0.05 0.045 0.014 0.036 0.056 0.063 0.015 0.019 0.023 0.154 0.177 0.005 0.015 0.046
128 R 0.04 0.395 0.034 0.027 0.007 0.043 0.046 0.045 0.02 0.02 0.039 0.123 0.013 0.015 0.017 0.039 0.03 0.005 0.015 0.027
129 Q 0.057 0.152 0.047 0.049 0.008 0.18 0.065 0.078 0.021 0.028 0.045 0.087 0.015 0.014 0.019 0.048 0.034 0.005 0.016 0.031
130 Q 0.061 0.11 0.051 0.078 0.009 0.122 0.088 0.062 0.026 0.031 0.045 0.082 0.022 0.016 0.02 0.059 0.05 0.005 0.016 0.049
131 A 0.195 0.03 0.021 0.022 0.015 0.02 0.028 0.075 0.012 0.075 0.118 0.033 0.063 0.046 0.019 0.061 0.038 0.006 0.027 0.096
132 L 0.049 0.06 0.018 0.018 0.036 0.025 0.025 0.031 0.011 0.115 0.184 0.048 0.027 0.102 0.014 0.037 0.037 0.023 0.027 0.114
133 N 0.041 0.052 0.337 0.076 0.008 0.034 0.044 0.055 0.025 0.021 0.03 0.062 0.01 0.016 0.018 0.067 0.06 0.004 0.014 0.026
134 R 0.054 0.193 0.028 0.025 0.011 0.038 0.037 0.048 0.016 0.07 0.086 0.095 0.022 0.038 0.017 0.049 0.043 0.022 0.03 0.077
135 L 0.07 0.02 0.017 0.017 0.027 0.015 0.02 0.041 0.009 0.161 0.205 0.024 0.037 0.048 0.015 0.04 0.054 0.005 0.019 0.156
136 C 0.112 0.023 0.022 0.022 0.129 0.018 0.025 0.055 0.014 0.071 0.115 0.029 0.029 0.048 0.017 0.09 0.04 0.007 0.063 0.072
137 L 0.078 0.026 0.016 0.016 0.035 0.016 0.021 0.026 0.012 0.091 0.278 0.026 0.059 0.068 0.014 0.032 0.042 0.007 0.044 0.094
138 L 0.119 0.021 0.019 0.019 0.025 0.016 0.023 0.071 0.01 0.113 0.16 0.027 0.033 0.071 0.016 0.042 0.058 0.022 0.023 0.111
139 G 0.165 0.024 0.027 0.026 0.014 0.019 0.028 0.194 0.012 0.072 0.071 0.033 0.031 0.043 0.02 0.087 0.052 0.005 0.017 0.059
140 I 0.045 0.017 0.013 0.015 0.03 0.012 0.016 0.019 0.008 0.284 0.171 0.021 0.031 0.037 0.013 0.023 0.035 0.005 0.018 0.189
141 F 0.029 0.016 0.014 0.014 0.009 0.009 0.016 0.022 0.015 0.054 0.097 0.016 0.022 0.473 0.009 0.022 0.022 0.015 0.079 0.047
142 L 0.079 0.022 0.019 0.019 0.039 0.017 0.022 0.044 0.01 0.106 0.196 0.027 0.046 0.058 0.016 0.041 0.089 0.006 0.02 0.125
143 L 0.066 0.02 0.015 0.017 0.018 0.015 0.019 0.055 0.009 0.185 0.228 0.024 0.053 0.037 0.014 0.029 0.042 0.005 0.018 0.133
144 L 0.038 0.021 0.012 0.013 0.014 0.014 0.018 0.019 0.009 0.098 0.448 0.022 0.057 0.046 0.012 0.021 0.029 0.006 0.019 0.082
145 F 0.093 0.02 0.019 0.019 0.011 0.013 0.022 0.047 0.014 0.048 0.083 0.023 0.02 0.345 0.013 0.05 0.042 0.012 0.058 0.048
146 L 0.148 0.022 0.021 0.022 0.014 0.017 0.025 0.156 0.011 0.073 0.189 0.029 0.028 0.029 0.017 0.054 0.039 0.011 0.016 0.079
147 V 0.053 0.019 0.014 0.015 0.046 0.014 0.019 0.021 0.008 0.119 0.19 0.022 0.029 0.046 0.029 0.027 0.037 0.005 0.019 0.267
148 S 0.105 0.033 0.044 0.04 0.023 0.028 0.043 0.056 0.016 0.028 0.041 0.045 0.021 0.019 0.025 0.309 0.067 0.005 0.015 0.038
149 A 0.376 0.026 0.022 0.025 0.018 0.022 0.034 0.065 0.012 0.041 0.053 0.037 0.015 0.019 0.025 0.073 0.043 0.005 0.015 0.072
150 L 0.047 0.019 0.014 0.015 0.155 0.013 0.017 0.023 0.009 0.083 0.291 0.021 0.031 0.08 0.013 0.031 0.039 0.006 0.022 0.07
151 R 0.038 0.44 0.033 0.026 0.007 0.041 0.045 0.028 0.02 0.02 0.04 0.103 0.013 0.015 0.017 0.038 0.03 0.005 0.015 0.026
152 L 0.04 0.02 0.016 0.029 0.013 0.022 0.021 0.02 0.011 0.196 0.21 0.027 0.042 0.103 0.013 0.024 0.031 0.007 0.038 0.118
153 N 0.133 0.033 0.143 0.102 0.01 0.039 0.115 0.095 0.02 0.024 0.035 0.046 0.011 0.018 0.02 0.056 0.037 0.005 0.025 0.033
154 V 0.057 0.019 0.016 0.017 0.016 0.014 0.02 0.022 0.008 0.173 0.112 0.023 0.027 0.031 0.015 0.031 0.068 0.005 0.017 0.31
155 G 0.067 0.02 0.033 0.029 0.009 0.016 0.022 0.581 0.012 0.016 0.024 0.029 0.008 0.014 0.016 0.044 0.025 0.005 0.009 0.021
156 N 0.037 0.037 0.383 0.067 0.008 0.028 0.041 0.069 0.038 0.029 0.03 0.045 0.01 0.016 0.017 0.057 0.041 0.004 0.014 0.027
157 D 0.035 0.026 0.059 0.485 0.006 0.026 0.078 0.04 0.016 0.019 0.024 0.038 0.008 0.013 0.019 0.045 0.03 0.003 0.01 0.021
158 Y 0.035 0.024 0.019 0.016 0.008 0.019 0.024 0.021 0.04 0.037 0.059 0.027 0.016 0.112 0.013 0.027 0.024 0.024 0.417 0.04
159 W 0.1 0.045 0.024 0.027 0.01 0.031 0.055 0.137 0.015 0.05 0.055 0.05 0.014 0.031 0.016 0.055 0.031 0.166 0.038 0.049
160 K 0.056 0.058 0.051 0.036 0.011 0.073 0.067 0.035 0.016 0.051 0.055 0.116 0.017 0.019 0.036 0.074 0.103 0.005 0.016 0.105
161 Y 0.035 0.024 0.019 0.016 0.008 0.019 0.024 0.021 0.04 0.037 0.059 0.027 0.016 0.112 0.013 0.027 0.024 0.024 0.417 0.04
162 V 0.063 0.118 0.024 0.023 0.013 0.023 0.039 0.027 0.012 0.108 0.083 0.045 0.021 0.025 0.017 0.042 0.101 0.005 0.016 0.194
163 E 0.049 0.039 0.046 0.131 0.008 0.072 0.204 0.034 0.019 0.034 0.045 0.062 0.021 0.031 0.02 0.064 0.035 0.005 0.022 0.059
164 F 0.044 0.055 0.082 0.032 0.01 0.047 0.04 0.043 0.042 0.076 0.066 0.05 0.018 0.114 0.017 0.047 0.114 0.007 0.041 0.054
165 F 0.098 0.021 0.016 0.017 0.044 0.015 0.021 0.03 0.013 0.078 0.115 0.024 0.088 0.226 0.014 0.034 0.03 0.009 0.043 0.064
166 H 0.039 0.052 0.077 0.037 0.008 0.033 0.059 0.034 0.301 0.026 0.064 0.061 0.015 0.025 0.017 0.045 0.037 0.006 0.037 0.027
167 L 0.048 0.091 0.026 0.065 0.009 0.034 0.157 0.027 0.016 0.05 0.195 0.059 0.023 0.028 0.017 0.035 0.03 0.021 0.021 0.048
168 I 0.1 0.018 0.015 0.017 0.015 0.014 0.02 0.027 0.008 0.257 0.139 0.024 0.028 0.033 0.015 0.032 0.046 0.005 0.017 0.168
169 Y 0.108 0.041 0.043 0.023 0.011 0.021 0.035 0.035 0.036 0.04 0.062 0.033 0.031 0.098 0.016 0.047 0.031 0.076 0.162 0.052
170 H 0.042 0.046 0.054 0.038 0.008 0.038 0.054 0.038 0.352 0.023 0.038 0.046 0.015 0.031 0.019 0.042 0.027 0.008 0.058 0.023
171 V 0.099 0.031 0.039 0.029 0.058 0.073 0.039 0.085 0.014 0.059 0.068 0.04 0.04 0.022 0.019 0.095 0.052 0.005 0.016 0.12
172 G 0.064 0.024 0.032 0.028 0.01 0.019 0.025 0.351 0.019 0.025 0.039 0.031 0.012 0.042 0.016 0.043 0.028 0.091 0.072 0.029
173 G 0.053 0.076 0.094 0.094 0.008 0.025 0.051 0.317 0.017 0.018 0.027 0.064 0.009 0.014 0.017 0.046 0.03 0.004 0.011 0.022
174 T 0.091 0.104 0.039 0.035 0.015 0.035 0.046 0.045 0.016 0.041 0.056 0.101 0.018 0.02 0.026 0.075 0.158 0.006 0.017 0.056
175 D 0.126 0.03 0.054 0.279 0.012 0.028 0.074 0.057 0.017 0.029 0.038 0.044 0.012 0.017 0.025 0.063 0.04 0.004 0.013 0.039
176 E 0.055 0.05 0.041 0.091 0.007 0.065 0.293 0.035 0.026 0.022 0.037 0.076 0.013 0.017 0.026 0.055 0.037 0.006 0.017 0.031
177 W 0.03 0.023 0.015 0.015 0.008 0.015 0.023 0.03 0.015 0.03 0.053 0.023 0.015 0.061 0.008 0.023 0.023 0.49 0.069 0.03
178 Y 0.051 0.041 0.04 0.108 0.01 0.068 0.103 0.036 0.029 0.034 0.05 0.053 0.016 0.05 0.022 0.053 0.074 0.012 0.109 0.041
179 I 0.047 0.018 0.015 0.018 0.016 0.013 0.018 0.021 0.009 0.272 0.168 0.024 0.037 0.044 0.015 0.025 0.04 0.006 0.021 0.177
180 A 0.291 0.031 0.026 0.03 0.022 0.026 0.04 0.078 0.015 0.043 0.059 0.044 0.017 0.022 0.03 0.085 0.05 0.005 0.017 0.069
181 D 0.041 0.03 0.069 0.398 0.007 0.03 0.091 0.047 0.019 0.022 0.028 0.045 0.009 0.015 0.022 0.052 0.035 0.004 0.011 0.024
182 G 0.132 0.123 0.041 0.035 0.011 0.034 0.036 0.197 0.027 0.026 0.049 0.064 0.013 0.018 0.034 0.05 0.038 0.021 0.015 0.035
183 Y 0.041 0.031 0.026 0.037 0.009 0.032 0.043 0.042 0.09 0.048 0.055 0.049 0.016 0.075 0.031 0.042 0.03 0.015 0.228 0.06
184 V 0.059 0.02 0.026 0.017 0.016 0.015 0.021 0.023 0.008 0.134 0.107 0.023 0.026 0.03 0.014 0.03 0.051 0.005 0.017 0.356
185 V 0.1 0.023 0.023 0.024 0.014 0.019 0.029 0.035 0.011 0.083 0.071 0.032 0.019 0.025 0.144 0.089 0.053 0.005 0.027 0.176
186 T 0.06 0.029 0.034 0.03 0.014 0.023 0.033 0.036 0.016 0.045 0.059 0.037 0.024 0.037 0.022 0.085 0.283 0.008 0.069 0.057
187 E 0.047 0.042 0.035 0.077 0.006 0.055 0.399 0.03 0.022 0.019 0.031 0.065 0.011 0.014 0.022 0.047 0.031 0.005 0.014 0.027
188 P 0.127 0.021 0.018 0.022 0.012 0.017 0.027 0.037 0.012 0.065 0.06 0.031 0.016 0.083 0.257 0.041 0.032 0.04 0.025 0.057
189 G 0.065 0.02 0.032 0.028 0.009 0.016 0.022 0.549 0.012 0.02 0.039 0.028 0.009 0.028 0.016 0.043 0.025 0.005 0.011 0.023
190 F 0.029 0.016 0.015 0.014 0.009 0.009 0.016 0.022 0.015 0.054 0.096 0.017 0.022 0.466 0.009 0.022 0.022 0.015 0.086 0.047
191 N 0.037 0.069 0.362 0.066 0.008 0.05 0.046 0.052 0.026 0.02 0.029 0.054 0.01 0.015 0.017 0.057 0.041 0.004 0.014 0.024
192 L 0.074 0.027 0.017 0.017 0.012 0.015 0.022 0.043 0.015 0.074 0.174 0.025 0.032 0.131 0.013 0.032 0.047 0.074 0.085 0.072
193 L 0.048 0.02 0.014 0.015 0.014 0.014 0.019 0.021 0.009 0.136 0.3 0.023 0.035 0.052 0.013 0.035 0.04 0.006 0.02 0.166
194 V 0.089 0.021 0.018 0.018 0.016 0.016 0.023 0.027 0.008 0.132 0.1 0.026 0.025 0.028 0.016 0.039 0.085 0.005 0.017 0.29
195 K 0.042 0.141 0.029 0.039 0.024 0.033 0.043 0.03 0.02 0.038 0.054 0.175 0.015 0.035 0.018 0.039 0.045 0.056 0.086 0.036
196 L 0.088 0.019 0.015 0.016 0.017 0.014 0.02 0.042 0.009 0.149 0.184 0.023 0.028 0.081 0.014 0.03 0.033 0.038 0.026 0.154
197 L 0.046 0.019 0.013 0.015 0.046 0.014 0.018 0.02 0.008 0.195 0.212 0.022 0.061 0.037 0.013 0.025 0.035 0.005 0.018 0.177
198 Y 0.039 0.035 0.024 0.023 0.024 0.106 0.042 0.026 0.045 0.035 0.059 0.041 0.024 0.092 0.015 0.033 0.028 0.017 0.255 0.038
199 T 0.063 0.04 0.03 0.042 0.011 0.024 0.049 0.07 0.03 0.043 0.077 0.065 0.02 0.075 0.018 0.078 0.105 0.036 0.079 0.045
200 L 0.05 0.019 0.013 0.014 0.014 0.013 0.017 0.02 0.009 0.172 0.317 0.022 0.041 0.067 0.013 0.023 0.031 0.006 0.022 0.117
201 F 0.077 0.024 0.026 0.025 0.086 0.018 0.027 0.037 0.013 0.045 0.099 0.029 0.019 0.163 0.017 0.13 0.059 0.024 0.035 0.048
202 G 0.064 0.025 0.034 0.04 0.009 0.031 0.03 0.519 0.013 0.017 0.025 0.047 0.009 0.014 0.017 0.044 0.026 0.005 0.01 0.022
203 N 0.043 0.045 0.315 0.083 0.009 0.034 0.05 0.065 0.032 0.023 0.032 0.054 0.011 0.018 0.02 0.07 0.05 0.005 0.016 0.027
204 G 0.055 0.039 0.031 0.031 0.025 0.02 0.038 0.163 0.022 0.034 0.06 0.054 0.015 0.13 0.015 0.046 0.028 0.012 0.145 0.036
205 E 0.044 0.038 0.041 0.184 0.007 0.046 0.303 0.033 0.02 0.02 0.03 0.057 0.01 0.014 0.021 0.047 0.041 0.004 0.013 0.026
206 G 0.078 0.023 0.039 0.034 0.011 0.019 0.026 0.509 0.014 0.019 0.028 0.034 0.009 0.016 0.019 0.051 0.03 0.005 0.011 0.024
207 K 0.057 0.107 0.042 0.042 0.009 0.054 0.071 0.043 0.021 0.028 0.043 0.277 0.016 0.016 0.028 0.054 0.04 0.005 0.017 0.033
208 N 0.039 0.035 0.266 0.091 0.054 0.043 0.043 0.045 0.025 0.027 0.036 0.044 0.012 0.028 0.017 0.05 0.037 0.006 0.065 0.038
209 Y 0.034 0.023 0.019 0.017 0.008 0.018 0.024 0.022 0.047 0.039 0.062 0.026 0.016 0.155 0.029 0.027 0.024 0.022 0.349 0.04
210 L 0.041 0.046 0.017 0.024 0.012 0.021 0.073 0.021 0.011 0.142 0.285 0.032 0.033 0.042 0.014 0.026 0.031 0.006 0.018 0.106
211 L 0.071 0.021 0.016 0.017 0.014 0.015 0.022 0.033 0.009 0.105 0.258 0.026 0.038 0.034 0.093 0.031 0.042 0.005 0.017 0.134
212 V 0.063 0.019 0.015 0.016 0.015 0.014 0.02 0.022 0.008 0.192 0.117 0.023 0.035 0.045 0.014 0.031 0.046 0.005 0.019 0.281
213 F 0.029 0.016 0.014 0.014 0.009 0.009 0.016 0.021 0.014 0.065 0.109 0.017 0.023 0.451 0.009 0.022 0.022 0.014 0.073 0.051
214 A 0.321 0.025 0.024 0.026 0.016 0.021 0.032 0.181 0.012 0.032 0.045 0.036 0.013 0.017 0.023 0.066 0.039 0.005 0.014 0.05
215 V 0.057 0.018 0.014 0.015 0.017 0.013 0.018 0.021 0.008 0.192 0.176 0.021 0.031 0.074 0.013 0.026 0.036 0.006 0.023 0.221
216 F 0.041 0.017 0.015 0.015 0.01 0.01 0.017 0.023 0.015 0.059 0.095 0.018 0.022 0.417 0.01 0.024 0.024 0.014 0.09 0.063
217 A 0.269 0.028 0.03 0.031 0.016 0.023 0.036 0.123 0.014 0.031 0.043 0.039 0.014 0.018 0.024 0.145 0.049 0.005 0.014 0.048
218 F 0.09 0.018 0.015 0.016 0.025 0.012 0.019 0.028 0.013 0.087 0.12 0.021 0.023 0.299 0.013 0.03 0.028 0.011 0.052 0.079
219 V 0.119 0.02 0.016 0.017 0.014 0.014 0.022 0.046 0.01 0.102 0.125 0.024 0.024 0.138 0.015 0.035 0.035 0.007 0.031 0.184
220 T 0.062 0.03 0.036 0.032 0.015 0.023 0.033 0.037 0.012 0.055 0.058 0.038 0.017 0.021 0.023 0.078 0.347 0.005 0.015 0.063
221 V 0.09 0.019 0.015 0.017 0.053 0.014 0.02 0.026 0.008 0.178 0.167 0.024 0.028 0.033 0.015 0.039 0.038 0.005 0.017 0.194
222 L 0.084 0.02 0.016 0.017 0.012 0.014 0.02 0.064 0.015 0.066 0.187 0.023 0.025 0.172 0.013 0.03 0.028 0.05 0.078 0.066
223 F 0.036 0.018 0.014 0.014 0.012 0.011 0.017 0.02 0.011 0.104 0.204 0.019 0.029 0.27 0.011 0.022 0.027 0.01 0.049 0.103
224 F 0.034 0.018 0.015 0.015 0.01 0.011 0.018 0.022 0.015 0.057 0.104 0.018 0.051 0.412 0.01 0.023 0.023 0.014 0.079 0.051
225 L 0.044 0.02 0.013 0.014 0.014 0.014 0.018 0.019 0.009 0.131 0.318 0.022 0.058 0.054 0.013 0.023 0.033 0.006 0.02 0.156
226 K 0.054 0.118 0.034 0.033 0.008 0.041 0.054 0.036 0.029 0.029 0.064 0.293 0.019 0.016 0.022 0.056 0.04 0.005 0.016 0.033
227 A 0.287 0.026 0.025 0.026 0.017 0.021 0.033 0.121 0.012 0.043 0.052 0.036 0.015 0.019 0.023 0.083 0.06 0.005 0.015 0.08
228 L 0.039 0.02 0.014 0.015 0.013 0.015 0.018 0.02 0.01 0.172 0.271 0.022 0.085 0.092 0.012 0.023 0.031 0.007 0.025 0.097
229 Y 0.045 0.058 0.021 0.031 0.018 0.021 0.028 0.025 0.031 0.034 0.055 0.046 0.015 0.09 0.014 0.032 0.025 0.087 0.286 0.037
230 D 0.042 0.083 0.056 0.196 0.007 0.058 0.18 0.045 0.019 0.029 0.04 0.067 0.012 0.015 0.02 0.044 0.032 0.004 0.013 0.037
231 Q 0.046 0.057 0.048 0.064 0.008 0.276 0.08 0.035 0.03 0.028 0.069 0.07 0.019 0.015 0.019 0.046 0.034 0.005 0.018 0.033
232 S 0.128 0.032 0.042 0.038 0.031 0.027 0.042 0.062 0.015 0.028 0.039 0.044 0.014 0.018 0.025 0.278 0.079 0.004 0.015 0.04
233 E 0.056 0.057 0.047 0.138 0.008 0.046 0.208 0.033 0.018 0.035 0.048 0.065 0.017 0.017 0.036 0.051 0.038 0.004 0.014 0.064
234 D 0.041 0.033 0.084 0.188 0.024 0.023 0.057 0.039 0.021 0.023 0.034 0.035 0.011 0.027 0.016 0.077 0.034 0.183 0.027 0.026
235 F 0.03 0.017 0.014 0.015 0.01 0.01 0.016 0.022 0.014 0.066 0.106 0.017 0.03 0.439 0.009 0.022 0.023 0.014 0.071 0.056
236 A 0.143 0.029 0.025 0.025 0.012 0.028 0.031 0.13 0.014 0.045 0.057 0.062 0.015 0.119 0.052 0.067 0.041 0.025 0.029 0.05
237 L 0.06 0.024 0.018 0.018 0.017 0.042 0.026 0.062 0.014 0.093 0.17 0.029 0.067 0.1 0.013 0.03 0.03 0.056 0.055 0.074
238 S 0.118 0.032 0.042 0.038 0.015 0.027 0.041 0.069 0.015 0.03 0.04 0.044 0.014 0.018 0.025 0.256 0.115 0.005 0.015 0.042
239 F 0.034 0.018 0.015 0.015 0.011 0.011 0.017 0.021 0.014 0.088 0.129 0.019 0.04 0.329 0.01 0.023 0.026 0.012 0.079 0.088
240 F 0.087 0.019 0.017 0.017 0.011 0.013 0.02 0.045 0.014 0.06 0.103 0.022 0.039 0.324 0.013 0.035 0.027 0.012 0.067 0.055
241 L 0.04 0.022 0.014 0.014 0.014 0.017 0.019 0.02 0.01 0.102 0.37 0.024 0.109 0.045 0.013 0.024 0.031 0.006 0.019 0.088
242 F 0.03 0.017 0.014 0.014 0.01 0.01 0.016 0.021 0.013 0.062 0.161 0.017 0.025 0.402 0.01 0.022 0.023 0.013 0.066 0.053
243 M 0.044 0.026 0.017 0.017 0.021 0.022 0.023 0.023 0.013 0.086 0.198 0.029 0.247 0.05 0.013 0.03 0.033 0.007 0.021 0.078
244 T 0.099 0.026 0.026 0.024 0.046 0.02 0.028 0.035 0.011 0.061 0.165 0.032 0.046 0.028 0.02 0.057 0.186 0.005 0.016 0.07
245 L 0.054 0.022 0.029 0.019 0.013 0.015 0.021 0.088 0.011 0.074 0.308 0.025 0.039 0.085 0.013 0.044 0.031 0.023 0.025 0.065
246 G 0.067 0.02 0.034 0.029 0.009 0.016 0.022 0.574 0.012 0.016 0.024 0.029 0.008 0.014 0.016 0.048 0.026 0.005 0.009 0.021
247 Y 0.037 0.021 0.016 0.015 0.011 0.016 0.02 0.02 0.025 0.112 0.162 0.024 0.025 0.111 0.013 0.024 0.027 0.016 0.228 0.078
248 Y 0.035 0.024 0.019 0.016 0.008 0.019 0.024 0.021 0.04 0.037 0.059 0.027 0.016 0.113 0.013 0.027 0.024 0.024 0.416 0.04
249 F 0.04 0.017 0.015 0.015 0.009 0.01 0.017 0.023 0.016 0.054 0.104 0.018 0.022 0.429 0.01 0.023 0.023 0.014 0.093 0.048
250 Q 0.052 0.127 0.046 0.035 0.009 0.17 0.061 0.052 0.023 0.029 0.06 0.069 0.032 0.03 0.019 0.087 0.039 0.005 0.021 0.035
251 S 0.084 0.033 0.042 0.038 0.015 0.026 0.04 0.049 0.015 0.034 0.044 0.043 0.015 0.019 0.025 0.229 0.184 0.005 0.015 0.046
252 F 0.033 0.018 0.014 0.014 0.011 0.012 0.017 0.02 0.015 0.096 0.192 0.019 0.035 0.284 0.011 0.022 0.025 0.012 0.084 0.066
253 N 0.053 0.036 0.284 0.072 0.01 0.028 0.043 0.054 0.023 0.023 0.031 0.045 0.011 0.016 0.02 0.127 0.076 0.004 0.014 0.029
254 T 0.067 0.032 0.072 0.037 0.015 0.025 0.037 0.043 0.014 0.039 0.049 0.041 0.015 0.019 0.023 0.132 0.268 0.005 0.015 0.052
255 V 0.057 0.019 0.014 0.015 0.016 0.014 0.02 0.021 0.007 0.162 0.118 0.023 0.043 0.032 0.014 0.028 0.041 0.005 0.018 0.333
256 R 0.038 0.44 0.033 0.026 0.007 0.041 0.045 0.028 0.02 0.02 0.04 0.103 0.013 0.015 0.017 0.038 0.03 0.005 0.015 0.026
257 Y 0.036 0.025 0.036 0.019 0.008 0.019 0.025 0.024 0.039 0.036 0.057 0.028 0.016 0.105 0.014 0.037 0.026 0.023 0.388 0.039
258 Y 0.035 0.024 0.019 0.016 0.008 0.019 0.024 0.021 0.04 0.037 0.059 0.027 0.016 0.112 0.013 0.027 0.024 0.024 0.417 0.04
259 L 0.034 0.019 0.013 0.014 0.012 0.012 0.017 0.02 0.011 0.08 0.305 0.02 0.041 0.224 0.011 0.021 0.026 0.01 0.043 0.068
260 A 0.293 0.024 0.02 0.022 0.018 0.02 0.03 0.053 0.011 0.068 0.069 0.033 0.019 0.022 0.022 0.059 0.043 0.005 0.016 0.154
261 L 0.039 0.02 0.012 0.013 0.014 0.014 0.017 0.019 0.009 0.107 0.411 0.021 0.04 0.07 0.012 0.021 0.029 0.006 0.022 0.103
262 A 0.308 0.027 0.027 0.028 0.017 0.022 0.034 0.132 0.013 0.033 0.045 0.038 0.014 0.018 0.024 0.107 0.044 0.005 0.014 0.051
263 I 0.079 0.02 0.014 0.016 0.015 0.015 0.02 0.024 0.009 0.213 0.172 0.024 0.068 0.036 0.014 0.029 0.036 0.005 0.018 0.172
264 A 0.291 0.025 0.022 0.024 0.017 0.021 0.032 0.071 0.012 0.054 0.064 0.035 0.022 0.021 0.023 0.065 0.073 0.005 0.015 0.107
265 L 0.039 0.022 0.014 0.015 0.013 0.015 0.019 0.02 0.01 0.101 0.341 0.023 0.083 0.094 0.012 0.025 0.039 0.007 0.026 0.082
266 Y 0.035 0.023 0.018 0.016 0.04 0.017 0.023 0.022 0.035 0.04 0.062 0.025 0.016 0.134 0.013 0.027 0.024 0.037 0.349 0.045
267 S 0.199 0.03 0.035 0.033 0.039 0.024 0.038 0.089 0.014 0.031 0.043 0.041 0.014 0.018 0.024 0.205 0.055 0.004 0.014 0.049
268 I 0.055 0.021 0.015 0.016 0.014 0.017 0.02 0.022 0.01 0.194 0.174 0.025 0.116 0.063 0.014 0.028 0.042 0.006 0.022 0.125
269 R 0.046 0.212 0.039 0.039 0.023 0.04 0.06 0.033 0.031 0.026 0.04 0.208 0.013 0.016 0.025 0.05 0.034 0.005 0.021 0.038
270 Y 0.033 0.023 0.024 0.017 0.008 0.021 0.023 0.022 0.043 0.043 0.079 0.025 0.018 0.202 0.012 0.026 0.024 0.02 0.292 0.042
271 V 0.059 0.018 0.014 0.015 0.047 0.014 0.019 0.021 0.007 0.149 0.157 0.022 0.028 0.041 0.014 0.027 0.039 0.005 0.018 0.286
272 L 0.04 0.022 0.022 0.018 0.013 0.028 0.022 0.03 0.023 0.133 0.276 0.025 0.035 0.089 0.013 0.027 0.048 0.015 0.026 0.095
273 G 0.078 0.023 0.039 0.034 0.011 0.019 0.026 0.509 0.014 0.019 0.028 0.034 0.009 0.016 0.019 0.051 0.03 0.005 0.011 0.024
274 V 0.07 0.022 0.017 0.018 0.019 0.017 0.023 0.025 0.008 0.165 0.13 0.026 0.032 0.036 0.017 0.033 0.049 0.006 0.021 0.268
275 N 0.043 0.045 0.316 0.083 0.009 0.034 0.049 0.065 0.032 0.023 0.032 0.054 0.011 0.018 0.02 0.07 0.049 0.005 0.016 0.027
276 T 0.073 0.036 0.043 0.038 0.018 0.028 0.039 0.043 0.014 0.053 0.065 0.045 0.02 0.024 0.028 0.093 0.245 0.006 0.018 0.071
277 R 0.051 0.178 0.067 0.086 0.007 0.054 0.085 0.055 0.019 0.021 0.035 0.166 0.012 0.014 0.02 0.049 0.034 0.004 0.014 0.027
278 I 0.047 0.018 0.015 0.018 0.016 0.013 0.018 0.021 0.009 0.274 0.167 0.024 0.037 0.044 0.015 0.025 0.04 0.006 0.021 0.176
279 N 0.043 0.045 0.319 0.083 0.009 0.034 0.049 0.065 0.031 0.022 0.031 0.054 0.011 0.018 0.02 0.069 0.049 0.004 0.016 0.027
280 R 0.054 0.243 0.04 0.033 0.011 0.041 0.048 0.036 0.02 0.033 0.053 0.095 0.017 0.019 0.022 0.06 0.106 0.006 0.017 0.044
281 K 0.046 0.203 0.034 0.034 0.007 0.042 0.068 0.074 0.026 0.023 0.037 0.234 0.013 0.014 0.02 0.043 0.032 0.005 0.015 0.03
282 D 0.042 0.062 0.051 0.215 0.007 0.084 0.175 0.036 0.02 0.02 0.031 0.093 0.011 0.013 0.021 0.046 0.032 0.004 0.013 0.025
283 Y 0.034 0.021 0.016 0.015 0.008 0.015 0.021 0.023 0.027 0.042 0.06 0.023 0.016 0.135 0.011 0.024 0.022 0.207 0.241 0.038
284 G 0.053 0.021 0.02 0.02 0.011 0.015 0.021 0.164 0.01 0.098 0.132 0.026 0.021 0.059 0.108 0.031 0.03 0.037 0.021 0.102
285 K 0.056 0.18 0.033 0.031 0.024 0.04 0.051 0.034 0.018 0.027 0.041 0.25 0.014 0.017 0.031 0.047 0.036 0.005 0.026 0.038
286 F 0.029 0.016 0.015 0.014 0.009 0.009 0.016 0.022 0.015 0.054 0.097 0.016 0.022 0.471 0.009 0.022 0.022 0.015 0.081 0.047
287 I 0.093 0.018 0.015 0.017 0.015 0.014 0.02 0.026 0.008 0.225 0.151 0.024 0.029 0.041 0.015 0.031 0.041 0.005 0.018 0.195
288 L 0.081 0.02 0.014 0.015 0.03 0.014 0.019 0.025 0.01 0.116 0.303 0.023 0.039 0.09 0.014 0.028 0.031 0.007 0.025 0.098
289 L 0.051 0.02 0.015 0.015 0.066 0.014 0.019 0.04 0.01 0.085 0.181 0.022 0.04 0.058 0.02 0.027 0.036 0.158 0.031 0.092
290 I 0.054 0.017 0.013 0.016 0.014 0.013 0.017 0.02 0.008 0.312 0.137 0.021 0.037 0.036 0.013 0.025 0.037 0.005 0.018 0.188
291 L 0.075 0.02 0.015 0.016 0.061 0.015 0.019 0.062 0.009 0.098 0.308 0.023 0.042 0.037 0.014 0.029 0.031 0.005 0.017 0.102
292 L 0.056 0.018 0.014 0.015 0.024 0.012 0.018 0.022 0.01 0.162 0.199 0.021 0.03 0.159 0.012 0.025 0.031 0.008 0.034 0.133
293 A 0.297 0.024 0.025 0.026 0.016 0.02 0.031 0.219 0.012 0.031 0.043 0.035 0.013 0.017 0.023 0.064 0.038 0.005 0.013 0.048
294 A 0.286 0.028 0.028 0.029 0.048 0.023 0.036 0.061 0.013 0.035 0.05 0.039 0.022 0.019 0.024 0.137 0.049 0.005 0.015 0.053
295 L 0.044 0.02 0.015 0.015 0.063 0.014 0.019 0.038 0.01 0.078 0.311 0.022 0.043 0.107 0.029 0.027 0.044 0.007 0.026 0.069
296 F 0.029 0.016 0.014 0.014 0.012 0.009 0.016 0.022 0.014 0.054 0.098 0.016 0.024 0.469 0.009 0.022 0.022 0.014 0.075 0.047
297 H 0.036 0.039 0.046 0.033 0.006 0.033 0.046 0.033 0.449 0.02 0.033 0.039 0.013 0.026 0.016 0.036 0.023 0.006 0.049 0.02
298 K 0.047 0.083 0.033 0.033 0.008 0.042 0.056 0.035 0.017 0.036 0.046 0.342 0.022 0.029 0.022 0.043 0.033 0.021 0.018 0.033
299 S 0.1 0.034 0.045 0.04 0.015 0.028 0.044 0.055 0.016 0.027 0.038 0.045 0.014 0.018 0.025 0.304 0.094 0.005 0.015 0.039
300 V 0.089 0.02 0.014 0.016 0.016 0.015 0.02 0.025 0.008 0.156 0.179 0.024 0.033 0.034 0.015 0.031 0.038 0.005 0.018 0.246
301 L 0.038 0.021 0.012 0.013 0.014 0.014 0.017 0.018 0.009 0.103 0.462 0.022 0.042 0.047 0.012 0.021 0.029 0.006 0.019 0.083
302 V 0.049 0.018 0.013 0.015 0.015 0.013 0.018 0.02 0.008 0.204 0.184 0.022 0.037 0.049 0.013 0.025 0.036 0.005 0.02 0.237
303 V 0.057 0.019 0.015 0.016 0.032 0.015 0.02 0.022 0.008 0.154 0.111 0.023 0.034 0.031 0.014 0.031 0.059 0.005 0.017 0.317
304 L 0.039 0.018 0.012 0.014 0.014 0.012 0.016 0.018 0.008 0.25 0.288 0.021 0.036 0.044 0.012 0.021 0.031 0.006 0.019 0.12
305 P 0.058 0.021 0.018 0.023 0.011 0.017 0.027 0.029 0.01 0.052 0.097 0.031 0.016 0.031 0.396 0.035 0.032 0.003 0.015 0.078
306 L 0.089 0.021 0.015 0.016 0.017 0.015 0.02 0.047 0.009 0.121 0.283 0.024 0.044 0.053 0.014 0.03 0.033 0.006 0.02 0.124
307 Y 0.034 0.023 0.018 0.016 0.008 0.018 0.023 0.021 0.038 0.038 0.061 0.026 0.016 0.136 0.013 0.026 0.024 0.023 0.394 0.04
308 L 0.039 0.02 0.015 0.017 0.011 0.014 0.021 0.023 0.011 0.078 0.215 0.024 0.026 0.105 0.16 0.026 0.028 0.07 0.03 0.069
309 L 0.075 0.019 0.013 0.015 0.014 0.014 0.019 0.023 0.009 0.182 0.293 0.023 0.038 0.049 0.014 0.027 0.032 0.006 0.019 0.115
310 A 0.356 0.026 0.022 0.025 0.033 0.021 0.033 0.079 0.012 0.038 0.062 0.037 0.015 0.019 0.024 0.077 0.042 0.005 0.015 0.057
311 Y 0.049 0.044 0.03 0.025 0.009 0.024 0.031 0.15 0.069 0.034 0.053 0.037 0.016 0.085 0.017 0.037 0.028 0.019 0.207 0.037
312 W 0.031 0.021 0.015 0.015 0.008 0.014 0.021 0.029 0.015 0.038 0.067 0.021 0.017 0.144 0.008 0.023 0.023 0.38 0.072 0.036
313 L 0.044 0.024 0.014 0.015 0.016 0.016 0.02 0.021 0.01 0.113 0.386 0.025 0.049 0.054 0.014 0.024 0.033 0.007 0.022 0.095
314 S 0.157 0.037 0.046 0.043 0.018 0.031 0.049 0.068 0.018 0.032 0.045 0.051 0.016 0.021 0.029 0.196 0.073 0.005 0.017 0.048
315 S 0.065 0.105 0.056 0.035 0.011 0.056 0.058 0.077 0.03 0.035 0.066 0.066 0.023 0.028 0.02 0.108 0.079 0.006 0.028 0.048
316 Y 0.038 0.025 0.02 0.018 0.01 0.018 0.025 0.025 0.037 0.05 0.083 0.027 0.021 0.217 0.014 0.029 0.027 0.024 0.244 0.049
317 L 0.04 0.046 0.017 0.017 0.012 0.018 0.023 0.022 0.021 0.134 0.242 0.054 0.061 0.089 0.013 0.026 0.03 0.007 0.031 0.097
318 K 0.071 0.093 0.054 0.036 0.016 0.032 0.063 0.037 0.016 0.045 0.058 0.134 0.015 0.017 0.094 0.064 0.078 0.004 0.015 0.059
319 W 0.03 0.02 0.014 0.014 0.008 0.013 0.02 0.026 0.012 0.058 0.085 0.02 0.017 0.05 0.008 0.029 0.023 0.461 0.051 0.042
