#Seq2Logo.py -f /work3/idamei/ssn-clusterings/clustering/2205111339/clusters/0006_298/sequences.afa -o /work3/idamei/ssn-clusterings/clustering/2205111339/clusters/0006_298/sequences.logo
#Position Specific Frequency Matrix
A R N D C Q E G H I L K M F P S T W Y V
0 L 0.052 0.032 0.02 0.02 0.016 0.028 0.028 0.028 0.016 0.099 0.194 0.036 0.172 0.048 0.016 0.036 0.04 0.008 0.024 0.091
1 K 0.052 0.188 0.04 0.038 0.008 0.051 0.064 0.039 0.021 0.026 0.044 0.231 0.015 0.016 0.025 0.05 0.038 0.005 0.017 0.032
2 H 0.042 0.046 0.054 0.038 0.008 0.038 0.054 0.038 0.353 0.023 0.038 0.046 0.015 0.031 0.019 0.042 0.027 0.008 0.057 0.023
3 F 0.034 0.019 0.017 0.017 0.011 0.011 0.019 0.025 0.017 0.064 0.115 0.019 0.025 0.385 0.011 0.025 0.025 0.017 0.089 0.055
4 L 0.045 0.024 0.014 0.015 0.016 0.016 0.02 0.021 0.01 0.116 0.373 0.025 0.05 0.055 0.014 0.024 0.034 0.007 0.022 0.097
5 K 0.057 0.107 0.042 0.042 0.009 0.054 0.071 0.043 0.021 0.028 0.043 0.276 0.016 0.016 0.028 0.054 0.04 0.005 0.017 0.033
6 N 0.043 0.045 0.315 0.083 0.009 0.034 0.05 0.065 0.032 0.023 0.032 0.054 0.011 0.018 0.02 0.07 0.05 0.005 0.016 0.027
7 R 0.045 0.343 0.039 0.031 0.008 0.049 0.052 0.033 0.023 0.023 0.047 0.121 0.016 0.017 0.019 0.045 0.035 0.006 0.017 0.031
8 F 0.034 0.019 0.017 0.017 0.011 0.011 0.019 0.025 0.017 0.064 0.115 0.019 0.025 0.385 0.011 0.025 0.025 0.017 0.089 0.055
9 A 0.288 0.031 0.026 0.03 0.022 0.026 0.041 0.079 0.015 0.043 0.06 0.045 0.018 0.022 0.03 0.085 0.05 0.005 0.018 0.069
10 E 0.055 0.05 0.041 0.091 0.007 0.065 0.294 0.035 0.026 0.022 0.037 0.076 0.013 0.017 0.026 0.055 0.037 0.006 0.017 0.031
11 K 0.055 0.133 0.041 0.04 0.008 0.052 0.068 0.042 0.021 0.027 0.043 0.269 0.015 0.016 0.026 0.052 0.039 0.005 0.017 0.032
12 C 0.054 0.022 0.017 0.018 0.174 0.018 0.02 0.027 0.011 0.141 0.141 0.026 0.075 0.037 0.015 0.033 0.038 0.006 0.019 0.107
13 L 0.053 0.027 0.023 0.022 0.016 0.021 0.026 0.028 0.012 0.137 0.202 0.032 0.069 0.042 0.018 0.044 0.092 0.007 0.021 0.107
14 A 0.179 0.035 0.105 0.044 0.017 0.028 0.042 0.065 0.018 0.04 0.053 0.046 0.016 0.021 0.026 0.082 0.101 0.005 0.017 0.058
15 L 0.041 0.023 0.015 0.015 0.015 0.015 0.02 0.022 0.012 0.101 0.317 0.023 0.043 0.139 0.013 0.024 0.031 0.009 0.038 0.085
16 L 0.106 0.023 0.018 0.02 0.016 0.016 0.024 0.036 0.012 0.125 0.18 0.028 0.032 0.129 0.017 0.039 0.037 0.009 0.037 0.098
17 L 0.044 0.023 0.016 0.017 0.015 0.017 0.021 0.023 0.013 0.139 0.214 0.026 0.071 0.135 0.014 0.027 0.034 0.009 0.038 0.104
18 L 0.052 0.025 0.016 0.017 0.017 0.019 0.023 0.023 0.011 0.122 0.273 0.028 0.075 0.048 0.015 0.029 0.039 0.007 0.022 0.14
19 F 0.033 0.019 0.017 0.017 0.01 0.01 0.019 0.025 0.017 0.062 0.113 0.019 0.025 0.396 0.01 0.025 0.025 0.017 0.087 0.054
20 F 0.033 0.019 0.017 0.017 0.01 0.01 0.019 0.025 0.017 0.062 0.113 0.019 0.025 0.396 0.01 0.025 0.025 0.017 0.087 0.054
21 Y 0.04 0.028 0.021 0.018 0.009 0.021 0.028 0.025 0.046 0.043 0.067 0.031 0.018 0.129 0.015 0.031 0.028 0.028 0.328 0.046
22 I 0.046 0.017 0.014 0.017 0.016 0.013 0.017 0.02 0.009 0.282 0.165 0.023 0.036 0.044 0.014 0.025 0.039 0.006 0.02 0.174
23 Y 0.04 0.028 0.021 0.018 0.009 0.021 0.028 0.025 0.046 0.043 0.067 0.031 0.018 0.129 0.015 0.031 0.028 0.028 0.328 0.046
24 P 0.069 0.029 0.031 0.035 0.012 0.023 0.04 0.043 0.014 0.026 0.037 0.044 0.011 0.015 0.383 0.09 0.047 0.003 0.014 0.033
25 I 0.052 0.018 0.015 0.017 0.017 0.014 0.019 0.021 0.009 0.252 0.156 0.024 0.035 0.041 0.015 0.027 0.042 0.006 0.02 0.2
26 L 0.044 0.022 0.014 0.016 0.016 0.015 0.019 0.021 0.01 0.156 0.33 0.025 0.046 0.051 0.014 0.024 0.034 0.007 0.022 0.115
27 F 0.033 0.019 0.017 0.017 0.01 0.01 0.019 0.025 0.017 0.062 0.113 0.019 0.025 0.396 0.01 0.025 0.025 0.017 0.087 0.054
28 I 0.051 0.02 0.017 0.021 0.015 0.015 0.022 0.024 0.01 0.208 0.13 0.028 0.029 0.035 0.136 0.03 0.039 0.005 0.018 0.147
29 G 0.077 0.023 0.039 0.033 0.011 0.019 0.025 0.517 0.013 0.019 0.028 0.033 0.009 0.016 0.019 0.051 0.029 0.005 0.011 0.024
30 L 0.047 0.027 0.016 0.017 0.016 0.021 0.023 0.024 0.012 0.122 0.287 0.029 0.1 0.05 0.015 0.029 0.036 0.007 0.023 0.1
31 P 0.056 0.025 0.023 0.031 0.01 0.02 0.036 0.036 0.013 0.025 0.036 0.041 0.01 0.013 0.501 0.043 0.036 0.003 0.013 0.031
32 L 0.112 0.024 0.018 0.02 0.017 0.017 0.025 0.037 0.012 0.095 0.171 0.028 0.031 0.127 0.017 0.041 0.039 0.009 0.037 0.124
33 G 0.091 0.034 0.047 0.042 0.016 0.028 0.042 0.173 0.016 0.032 0.044 0.046 0.015 0.02 0.026 0.151 0.112 0.005 0.016 0.044
34 T 0.072 0.035 0.043 0.037 0.018 0.027 0.039 0.043 0.014 0.053 0.064 0.045 0.019 0.023 0.027 0.091 0.258 0.006 0.018 0.07
35 R 0.044 0.355 0.038 0.031 0.008 0.048 0.052 0.032 0.023 0.023 0.046 0.118 0.015 0.017 0.019 0.044 0.034 0.006 0.017 0.031
36 I 0.052 0.019 0.015 0.017 0.017 0.014 0.019 0.021 0.009 0.238 0.174 0.024 0.036 0.042 0.015 0.027 0.041 0.006 0.02 0.194
37 L 0.044 0.022 0.014 0.016 0.016 0.015 0.019 0.021 0.01 0.156 0.33 0.025 0.046 0.051 0.014 0.024 0.034 0.007 0.022 0.115
38 Y 0.043 0.024 0.018 0.017 0.013 0.018 0.023 0.023 0.028 0.12 0.171 0.027 0.03 0.089 0.015 0.028 0.032 0.017 0.175 0.09
39 S 0.156 0.037 0.046 0.043 0.018 0.031 0.049 0.068 0.018 0.033 0.046 0.051 0.016 0.021 0.029 0.195 0.073 0.005 0.017 0.048
40 L 0.05 0.022 0.021 0.02 0.013 0.015 0.021 0.146 0.012 0.077 0.227 0.025 0.033 0.13 0.014 0.031 0.03 0.009 0.036 0.067
41 I 0.054 0.019 0.02 0.021 0.015 0.014 0.019 0.145 0.01 0.216 0.131 0.026 0.03 0.037 0.016 0.031 0.037 0.006 0.018 0.137
42 G 0.133 0.025 0.035 0.032 0.013 0.02 0.029 0.407 0.014 0.025 0.036 0.036 0.011 0.017 0.021 0.059 0.034 0.005 0.012 0.035
43 V 0.053 0.019 0.016 0.017 0.016 0.014 0.02 0.023 0.01 0.177 0.137 0.023 0.031 0.128 0.014 0.028 0.04 0.008 0.037 0.188
44 G 0.054 0.024 0.024 0.024 0.012 0.019 0.025 0.15 0.014 0.073 0.103 0.031 0.057 0.121 0.096 0.037 0.033 0.008 0.034 0.062
45 L 0.045 0.023 0.016 0.017 0.015 0.017 0.021 0.023 0.012 0.143 0.237 0.026 0.073 0.107 0.014 0.027 0.035 0.009 0.033 0.107
46 F 0.045 0.021 0.016 0.016 0.014 0.013 0.02 0.024 0.013 0.1 0.185 0.022 0.033 0.22 0.013 0.027 0.033 0.011 0.054 0.121
47 L 0.051 0.022 0.016 0.017 0.135 0.016 0.02 0.025 0.01 0.136 0.218 0.025 0.058 0.042 0.015 0.03 0.036 0.006 0.019 0.104
48 Y 0.041 0.026 0.019 0.017 0.011 0.02 0.025 0.023 0.034 0.067 0.173 0.029 0.029 0.104 0.015 0.029 0.029 0.021 0.225 0.062
49 G 0.064 0.034 0.136 0.051 0.012 0.026 0.038 0.208 0.019 0.031 0.041 0.044 0.013 0.019 0.022 0.07 0.111 0.005 0.015 0.04
50 L 0.041 0.02 0.015 0.016 0.014 0.013 0.019 0.022 0.012 0.152 0.221 0.022 0.037 0.164 0.013 0.025 0.032 0.01 0.043 0.108
51 A 0.189 0.025 0.021 0.024 0.072 0.02 0.03 0.053 0.012 0.122 0.095 0.034 0.023 0.029 0.023 0.059 0.044 0.005 0.018 0.102
52 C 0.076 0.029 0.033 0.03 0.173 0.023 0.034 0.044 0.022 0.038 0.055 0.037 0.016 0.047 0.021 0.117 0.053 0.01 0.093 0.047
53 E 0.055 0.05 0.041 0.091 0.007 0.065 0.294 0.035 0.026 0.022 0.037 0.076 0.013 0.017 0.026 0.055 0.037 0.006 0.017 0.031
54 V 0.07 0.022 0.017 0.018 0.019 0.017 0.023 0.025 0.008 0.165 0.131 0.026 0.032 0.036 0.017 0.033 0.05 0.006 0.021 0.266
55 L 0.045 0.024 0.014 0.015 0.016 0.016 0.02 0.021 0.01 0.116 0.373 0.025 0.05 0.055 0.014 0.024 0.034 0.007 0.022 0.097
56 L 0.045 0.024 0.014 0.015 0.016 0.016 0.02 0.021 0.01 0.116 0.373 0.025 0.05 0.055 0.014 0.024 0.034 0.007 0.022 0.097
57 K 0.057 0.107 0.042 0.042 0.009 0.054 0.071 0.043 0.021 0.028 0.043 0.276 0.016 0.016 0.028 0.054 0.04 0.005 0.017 0.033
58 K 0.052 0.188 0.04 0.038 0.008 0.051 0.064 0.039 0.021 0.026 0.044 0.231 0.015 0.016 0.025 0.05 0.038 0.005 0.017 0.032
59 R 0.06 0.142 0.042 0.04 0.011 0.089 0.066 0.041 0.022 0.03 0.048 0.136 0.017 0.017 0.024 0.072 0.078 0.006 0.018 0.04
60 V 0.073 0.109 0.031 0.028 0.016 0.028 0.037 0.037 0.015 0.094 0.086 0.056 0.023 0.027 0.02 0.085 0.053 0.005 0.019 0.158
61 F 0.039 0.021 0.017 0.017 0.012 0.014 0.021 0.025 0.016 0.077 0.127 0.022 0.05 0.308 0.012 0.027 0.029 0.014 0.071 0.079
62 L 0.042 0.021 0.015 0.016 0.015 0.014 0.019 0.022 0.011 0.143 0.262 0.023 0.04 0.137 0.013 0.024 0.033 0.009 0.038 0.104
63 D 0.082 0.028 0.039 0.123 0.014 0.023 0.047 0.045 0.016 0.059 0.072 0.037 0.019 0.115 0.021 0.089 0.047 0.008 0.034 0.082
64 K 0.054 0.147 0.04 0.039 0.008 0.052 0.067 0.041 0.021 0.026 0.043 0.26 0.015 0.016 0.026 0.051 0.038 0.005 0.017 0.032
65 R 0.046 0.201 0.111 0.058 0.008 0.048 0.115 0.041 0.026 0.022 0.04 0.091 0.014 0.017 0.021 0.053 0.038 0.005 0.017 0.03
66 Y 0.039 0.024 0.018 0.017 0.011 0.017 0.023 0.024 0.03 0.066 0.158 0.026 0.028 0.177 0.014 0.028 0.028 0.02 0.191 0.06
67 F 0.039 0.02 0.015 0.016 0.013 0.013 0.019 0.023 0.013 0.116 0.212 0.022 0.035 0.223 0.012 0.025 0.03 0.012 0.054 0.088
68 S 0.072 0.041 0.039 0.038 0.013 0.075 0.055 0.047 0.02 0.036 0.06 0.053 0.019 0.112 0.062 0.12 0.053 0.008 0.035 0.042
69 V 0.065 0.024 0.017 0.018 0.018 0.019 0.024 0.025 0.01 0.146 0.145 0.028 0.067 0.038 0.016 0.033 0.046 0.006 0.021 0.233
70 L 0.041 0.022 0.014 0.016 0.014 0.015 0.02 0.023 0.011 0.135 0.247 0.024 0.037 0.053 0.012 0.024 0.032 0.13 0.033 0.098
71 W 0.073 0.03 0.034 0.032 0.014 0.023 0.036 0.045 0.015 0.093 0.075 0.038 0.021 0.036 0.02 0.127 0.056 0.129 0.03 0.072
72 L 0.057 0.021 0.021 0.021 0.015 0.016 0.021 0.145 0.01 0.154 0.18 0.027 0.032 0.038 0.016 0.032 0.037 0.006 0.018 0.134
73 L 0.049 0.022 0.015 0.015 0.135 0.015 0.019 0.024 0.009 0.096 0.305 0.024 0.041 0.045 0.015 0.028 0.034 0.006 0.019 0.085
74 F 0.042 0.019 0.017 0.017 0.013 0.012 0.02 0.025 0.015 0.087 0.116 0.02 0.027 0.306 0.012 0.027 0.031 0.014 0.071 0.111
75 F 0.058 0.026 0.027 0.028 0.012 0.018 0.031 0.038 0.016 0.045 0.075 0.033 0.019 0.206 0.138 0.081 0.042 0.01 0.051 0.045
76 I 0.053 0.022 0.016 0.018 0.017 0.018 0.021 0.023 0.01 0.206 0.163 0.027 0.069 0.042 0.015 0.029 0.042 0.006 0.021 0.18
77 F 0.167 0.025 0.021 0.023 0.016 0.018 0.029 0.051 0.016 0.053 0.086 0.031 0.021 0.209 0.02 0.054 0.037 0.011 0.052 0.061
78 L 0.064 0.026 0.025 0.024 0.016 0.019 0.028 0.034 0.013 0.092 0.167 0.031 0.03 0.126 0.017 0.078 0.047 0.009 0.037 0.117
79 L 0.046 0.021 0.015 0.016 0.133 0.014 0.019 0.025 0.011 0.083 0.237 0.022 0.035 0.131 0.014 0.028 0.032 0.009 0.036 0.075
80 S 0.108 0.04 0.053 0.048 0.017 0.033 0.052 0.065 0.019 0.029 0.041 0.053 0.015 0.021 0.029 0.231 0.081 0.005 0.017 0.041
81 C 0.06 0.019 0.016 0.016 0.254 0.014 0.019 0.027 0.008 0.091 0.16 0.023 0.028 0.032 0.016 0.034 0.038 0.005 0.017 0.122
82 G 0.057 0.025 0.028 0.025 0.014 0.018 0.026 0.152 0.013 0.062 0.147 0.03 0.026 0.122 0.018 0.048 0.086 0.009 0.034 0.061
83 S 0.084 0.033 0.041 0.038 0.017 0.026 0.04 0.048 0.015 0.098 0.078 0.044 0.022 0.027 0.025 0.145 0.115 0.005 0.018 0.082
84 I 0.06 0.02 0.021 0.021 0.015 0.015 0.021 0.146 0.01 0.186 0.122 0.026 0.028 0.035 0.016 0.033 0.039 0.006 0.018 0.163
85 L 0.042 0.021 0.015 0.016 0.015 0.014 0.019 0.022 0.011 0.143 0.262 0.023 0.04 0.137 0.013 0.024 0.033 0.009 0.038 0.104
86 L 0.051 0.02 0.015 0.017 0.017 0.015 0.019 0.021 0.009 0.21 0.211 0.024 0.038 0.044 0.015 0.026 0.04 0.006 0.021 0.181
87 N 0.043 0.122 0.255 0.069 0.009 0.037 0.049 0.056 0.029 0.022 0.035 0.069 0.012 0.018 0.02 0.062 0.045 0.005 0.016 0.028
88 G 0.054 0.03 0.041 0.092 0.011 0.025 0.042 0.195 0.101 0.044 0.119 0.036 0.021 0.029 0.018 0.042 0.03 0.006 0.025 0.041
89 T 0.072 0.035 0.043 0.037 0.018 0.027 0.039 0.043 0.014 0.053 0.064 0.045 0.019 0.023 0.027 0.091 0.258 0.006 0.018 0.07
90 F 0.064 0.112 0.038 0.033 0.013 0.03 0.04 0.041 0.018 0.042 0.066 0.059 0.019 0.114 0.022 0.098 0.099 0.008 0.035 0.049
91 D 0.04 0.029 0.068 0.406 0.007 0.029 0.09 0.046 0.018 0.022 0.028 0.044 0.009 0.015 0.022 0.051 0.035 0.004 0.011 0.024
92 L 0.039 0.021 0.015 0.016 0.013 0.013 0.019 0.023 0.013 0.088 0.249 0.022 0.037 0.225 0.012 0.024 0.029 0.012 0.055 0.074
93 E 0.059 0.045 0.041 0.076 0.01 0.054 0.24 0.037 0.022 0.029 0.043 0.067 0.014 0.018 0.026 0.064 0.092 0.006 0.017 0.041
94 F 0.033 0.019 0.017 0.017 0.01 0.01 0.019 0.025 0.017 0.062 0.113 0.019 0.025 0.396 0.01 0.025 0.025 0.017 0.087 0.054
95 V 0.058 0.02 0.015 0.017 0.017 0.015 0.02 0.022 0.008 0.222 0.147 0.024 0.034 0.039 0.015 0.029 0.044 0.006 0.02 0.227
96 K 0.05 0.084 0.035 0.035 0.009 0.042 0.057 0.038 0.019 0.036 0.06 0.221 0.018 0.11 0.023 0.046 0.036 0.008 0.035 0.038
97 Y 0.04 0.028 0.021 0.018 0.009 0.021 0.028 0.025 0.046 0.043 0.067 0.031 0.018 0.129 0.015 0.031 0.028 0.028 0.328 0.046
98 P 0.117 0.027 0.024 0.03 0.013 0.022 0.037 0.046 0.013 0.03 0.041 0.041 0.012 0.015 0.383 0.053 0.039 0.003 0.014 0.04
99 F 0.081 0.021 0.018 0.019 0.013 0.013 0.023 0.034 0.016 0.067 0.105 0.023 0.024 0.303 0.014 0.035 0.031 0.014 0.07 0.075
100 S 0.09 0.034 0.044 0.04 0.016 0.027 0.043 0.055 0.018 0.038 0.059 0.045 0.018 0.114 0.025 0.18 0.067 0.008 0.035 0.045
101 V 0.051 0.033 0.023 0.025 0.013 0.067 0.04 0.028 0.016 0.133 0.113 0.039 0.028 0.122 0.016 0.034 0.038 0.008 0.037 0.136
102 I 0.048 0.017 0.015 0.017 0.133 0.012 0.017 0.024 0.01 0.168 0.127 0.021 0.028 0.126 0.014 0.029 0.035 0.008 0.035 0.115
103 A 0.239 0.041 0.03 0.034 0.018 0.075 0.055 0.068 0.018 0.038 0.055 0.055 0.018 0.02 0.028 0.077 0.047 0.005 0.018 0.06
104 I 0.042 0.019 0.015 0.017 0.014 0.014 0.019 0.023 0.01 0.219 0.137 0.023 0.031 0.048 0.013 0.024 0.035 0.129 0.032 0.138
105 L 0.041 0.023 0.015 0.015 0.015 0.015 0.02 0.022 0.012 0.101 0.317 0.023 0.043 0.139 0.013 0.024 0.031 0.009 0.038 0.085
106 F 0.046 0.021 0.022 0.021 0.011 0.013 0.021 0.147 0.015 0.06 0.137 0.023 0.025 0.244 0.013 0.031 0.027 0.012 0.057 0.053
107 G 0.141 0.029 0.039 0.036 0.015 0.024 0.035 0.294 0.015 0.027 0.039 0.041 0.013 0.018 0.024 0.104 0.047 0.005 0.014 0.039
108 A 0.197 0.031 0.036 0.035 0.018 0.025 0.039 0.184 0.015 0.033 0.047 0.044 0.015 0.02 0.027 0.112 0.052 0.005 0.016 0.05
109 Y 0.052 0.034 0.035 0.028 0.01 0.027 0.038 0.035 0.121 0.036 0.056 0.038 0.017 0.086 0.019 0.067 0.036 0.019 0.208 0.039
110 G 0.148 0.025 0.025 0.025 0.018 0.02 0.029 0.165 0.012 0.086 0.08 0.034 0.021 0.026 0.021 0.054 0.044 0.005 0.017 0.145
111 L 0.046 0.024 0.016 0.017 0.016 0.018 0.021 0.022 0.011 0.152 0.282 0.027 0.077 0.05 0.015 0.027 0.036 0.007 0.022 0.114
112 V 0.061 0.024 0.023 0.022 0.016 0.018 0.026 0.029 0.012 0.11 0.108 0.029 0.027 0.122 0.018 0.045 0.095 0.008 0.036 0.171
113 R 0.049 0.112 0.101 0.037 0.011 0.03 0.038 0.036 0.027 0.063 0.068 0.057 0.019 0.05 0.018 0.044 0.04 0.011 0.095 0.096
114 I 0.053 0.022 0.016 0.018 0.017 0.018 0.021 0.023 0.01 0.206 0.163 0.027 0.069 0.042 0.015 0.029 0.042 0.006 0.021 0.18
115 F 0.043 0.035 0.024 0.025 0.011 0.069 0.042 0.03 0.02 0.062 0.116 0.041 0.061 0.213 0.015 0.035 0.033 0.012 0.055 0.059
116 R 0.055 0.195 0.039 0.046 0.008 0.044 0.109 0.154 0.021 0.022 0.039 0.086 0.013 0.017 0.021 0.048 0.034 0.006 0.015 0.029
117 R 0.053 0.194 0.035 0.029 0.012 0.038 0.042 0.034 0.019 0.049 0.087 0.079 0.056 0.026 0.02 0.054 0.092 0.006 0.019 0.056
118 V 0.056 0.044 0.023 0.024 0.015 0.027 0.034 0.029 0.013 0.143 0.133 0.093 0.064 0.035 0.018 0.036 0.042 0.006 0.02 0.144
119 K 0.048 0.067 0.043 0.127 0.008 0.039 0.064 0.039 0.026 0.03 0.045 0.163 0.015 0.044 0.023 0.047 0.035 0.01 0.093 0.034
120 G 0.061 0.044 0.032 0.03 0.013 0.027 0.036 0.154 0.014 0.114 0.083 0.096 0.021 0.026 0.021 0.049 0.073 0.006 0.017 0.084
121 N 0.049 0.041 0.179 0.071 0.009 0.038 0.11 0.05 0.025 0.023 0.033 0.055 0.011 0.016 0.142 0.059 0.042 0.004 0.015 0.029
122 L 0.053 0.02 0.016 0.016 0.134 0.014 0.019 0.026 0.011 0.096 0.172 0.022 0.03 0.126 0.014 0.03 0.036 0.008 0.035 0.121
123 D 0.044 0.05 0.083 0.288 0.008 0.036 0.082 0.047 0.02 0.023 0.032 0.106 0.011 0.015 0.023 0.053 0.037 0.004 0.013 0.026
124 F 0.036 0.02 0.016 0.016 0.012 0.012 0.019 0.024 0.015 0.075 0.181 0.02 0.031 0.31 0.011 0.025 0.027 0.014 0.071 0.064
125 C 0.067 0.043 0.11 0.048 0.132 0.076 0.054 0.051 0.022 0.03 0.046 0.054 0.016 0.018 0.022 0.099 0.052 0.005 0.016 0.04
126 D 0.058 0.035 0.117 0.139 0.011 0.029 0.054 0.05 0.029 0.029 0.042 0.045 0.014 0.045 0.022 0.096 0.048 0.01 0.093 0.034
127 V 0.058 0.021 0.016 0.017 0.017 0.015 0.021 0.024 0.01 0.147 0.127 0.024 0.03 0.126 0.015 0.03 0.042 0.008 0.037 0.215
128 L 0.13 0.029 0.027 0.027 0.018 0.023 0.034 0.047 0.013 0.087 0.153 0.037 0.028 0.033 0.022 0.093 0.053 0.006 0.019 0.121
129 K 0.053 0.069 0.034 0.047 0.01 0.046 0.116 0.035 0.019 0.089 0.072 0.169 0.02 0.023 0.024 0.046 0.038 0.005 0.018 0.067
130 L 0.048 0.023 0.016 0.016 0.133 0.016 0.021 0.025 0.018 0.079 0.225 0.025 0.033 0.064 0.015 0.03 0.032 0.011 0.096 0.073
131 F 0.04 0.018 0.016 0.017 0.013 0.012 0.018 0.023 0.013 0.172 0.139 0.021 0.031 0.22 0.012 0.025 0.032 0.011 0.054 0.114
132 V 0.06 0.02 0.016 0.017 0.018 0.015 0.021 0.023 0.008 0.212 0.144 0.025 0.033 0.039 0.016 0.029 0.045 0.006 0.02 0.236
133 G 0.126 0.027 0.032 0.03 0.013 0.022 0.032 0.246 0.022 0.032 0.047 0.037 0.014 0.046 0.021 0.069 0.038 0.011 0.092 0.042
134 V 0.079 0.026 0.026 0.025 0.018 0.02 0.03 0.035 0.011 0.129 0.107 0.033 0.027 0.032 0.02 0.082 0.057 0.005 0.02 0.22
135 V 0.069 0.022 0.016 0.018 0.019 0.016 0.023 0.024 0.008 0.162 0.128 0.026 0.031 0.035 0.016 0.032 0.049 0.005 0.02 0.28
136 F 0.053 0.02 0.022 0.021 0.013 0.014 0.021 0.148 0.014 0.076 0.095 0.024 0.023 0.211 0.014 0.033 0.032 0.011 0.051 0.103
137 L 0.047 0.022 0.017 0.018 0.016 0.016 0.02 0.023 0.01 0.179 0.267 0.026 0.041 0.047 0.015 0.03 0.054 0.006 0.021 0.126
138 Q 0.055 0.072 0.043 0.046 0.009 0.226 0.101 0.041 0.029 0.026 0.046 0.09 0.02 0.014 0.023 0.055 0.041 0.006 0.02 0.035
139 S 0.095 0.033 0.041 0.038 0.057 0.027 0.041 0.052 0.015 0.064 0.065 0.044 0.019 0.024 0.025 0.166 0.069 0.005 0.018 0.102
140 V 0.057 0.021 0.015 0.017 0.017 0.015 0.021 0.022 0.009 0.18 0.202 0.025 0.037 0.042 0.015 0.028 0.042 0.006 0.021 0.207
141 L 0.051 0.02 0.015 0.017 0.017 0.015 0.019 0.021 0.009 0.21 0.211 0.024 0.038 0.044 0.015 0.026 0.04 0.006 0.021 0.181
142 A 0.301 0.031 0.025 0.029 0.021 0.025 0.04 0.077 0.015 0.043 0.059 0.044 0.017 0.021 0.029 0.084 0.049 0.005 0.017 0.068
143 L 0.054 0.021 0.016 0.017 0.016 0.015 0.021 0.024 0.011 0.125 0.188 0.024 0.034 0.13 0.014 0.028 0.039 0.009 0.038 0.177
144 L 0.044 0.022 0.014 0.016 0.016 0.015 0.019 0.021 0.01 0.156 0.33 0.025 0.046 0.051 0.014 0.024 0.034 0.007 0.022 0.115
145 L 0.051 0.032 0.02 0.02 0.016 0.028 0.028 0.028 0.016 0.099 0.194 0.036 0.173 0.047 0.016 0.036 0.04 0.008 0.024 0.091
146 F 0.035 0.021 0.018 0.017 0.01 0.013 0.021 0.025 0.024 0.058 0.101 0.022 0.023 0.329 0.012 0.026 0.026 0.019 0.148 0.052
147 L 0.053 0.02 0.015 0.017 0.017 0.015 0.02 0.022 0.009 0.2 0.208 0.024 0.038 0.043 0.015 0.027 0.041 0.006 0.021 0.189
148 F 0.069 0.027 0.031 0.03 0.015 0.021 0.032 0.04 0.015 0.122 0.1 0.035 0.025 0.122 0.02 0.111 0.053 0.008 0.036 0.089
149 P 0.056 0.025 0.023 0.031 0.01 0.02 0.036 0.036 0.013 0.025 0.036 0.041 0.01 0.013 0.501 0.043 0.036 0.003 0.013 0.031
150 P 0.13 0.036 0.035 0.049 0.014 0.035 0.109 0.053 0.018 0.03 0.043 0.053 0.014 0.018 0.146 0.103 0.05 0.005 0.016 0.043
151 F 0.045 0.021 0.016 0.016 0.014 0.013 0.02 0.024 0.013 0.1 0.185 0.022 0.033 0.22 0.013 0.027 0.033 0.011 0.054 0.121
152 H 0.041 0.036 0.037 0.028 0.008 0.03 0.04 0.031 0.205 0.033 0.053 0.038 0.017 0.079 0.017 0.036 0.027 0.018 0.192 0.034
153 D 0.044 0.038 0.126 0.246 0.008 0.039 0.134 0.048 0.023 0.022 0.031 0.054 0.011 0.016 0.022 0.056 0.039 0.004 0.013 0.026
154 L 0.039 0.021 0.015 0.016 0.013 0.013 0.019 0.023 0.013 0.088 0.249 0.022 0.037 0.225 0.012 0.024 0.029 0.012 0.055 0.074
155 L 0.045 0.026 0.018 0.018 0.015 0.02 0.023 0.025 0.015 0.093 0.221 0.029 0.105 0.136 0.014 0.03 0.034 0.01 0.039 0.083
156 L 0.057 0.03 0.03 0.027 0.015 0.023 0.031 0.033 0.021 0.065 0.145 0.036 0.027 0.057 0.021 0.059 0.144 0.012 0.096 0.07
157 S 0.108 0.04 0.053 0.048 0.017 0.033 0.052 0.065 0.019 0.029 0.041 0.053 0.015 0.021 0.029 0.231 0.081 0.005 0.017 0.041
158 I 0.046 0.02 0.015 0.017 0.016 0.015 0.019 0.021 0.01 0.225 0.223 0.025 0.051 0.046 0.014 0.025 0.038 0.006 0.021 0.147
159 Q 0.05 0.052 0.107 0.048 0.011 0.125 0.067 0.041 0.024 0.089 0.072 0.064 0.022 0.023 0.02 0.051 0.042 0.005 0.019 0.068
160 R 0.103 0.142 0.129 0.046 0.012 0.034 0.045 0.052 0.022 0.043 0.053 0.07 0.016 0.02 0.021 0.06 0.044 0.005 0.017 0.065
161 L 0.046 0.02 0.014 0.017 0.016 0.014 0.018 0.021 0.009 0.225 0.238 0.024 0.041 0.047 0.014 0.024 0.037 0.006 0.021 0.148
162 S 0.086 0.041 0.144 0.06 0.014 0.033 0.051 0.065 0.023 0.027 0.038 0.053 0.014 0.02 0.026 0.176 0.07 0.005 0.017 0.036
163 L 0.05 0.029 0.023 0.038 0.012 0.028 0.095 0.028 0.014 0.111 0.156 0.041 0.027 0.032 0.139 0.037 0.036 0.005 0.018 0.083
164 D 0.059 0.034 0.116 0.138 0.012 0.028 0.053 0.049 0.02 0.047 0.121 0.044 0.021 0.027 0.021 0.094 0.049 0.005 0.016 0.047
165 E 0.051 0.044 0.047 0.168 0.007 0.055 0.253 0.037 0.024 0.022 0.034 0.067 0.012 0.016 0.025 0.054 0.036 0.005 0.015 0.029
166 P 0.069 0.025 0.032 0.119 0.012 0.02 0.043 0.037 0.015 0.058 0.07 0.034 0.018 0.113 0.139 0.042 0.036 0.007 0.033 0.079
167 E 0.055 0.043 0.036 0.074 0.008 0.053 0.239 0.035 0.022 0.023 0.036 0.066 0.012 0.015 0.144 0.052 0.036 0.005 0.015 0.031
168 K 0.059 0.069 0.036 0.035 0.013 0.04 0.052 0.039 0.018 0.051 0.086 0.164 0.056 0.025 0.024 0.058 0.094 0.006 0.019 0.056
169 G 0.062 0.027 0.024 0.023 0.015 0.023 0.026 0.149 0.013 0.095 0.136 0.033 0.097 0.037 0.017 0.039 0.039 0.007 0.02 0.121
170 D 0.078 0.039 0.054 0.148 0.012 0.04 0.125 0.053 0.02 0.026 0.037 0.056 0.013 0.018 0.027 0.142 0.058 0.005 0.015 0.034
171 S 0.156 0.037 0.046 0.043 0.018 0.031 0.049 0.068 0.018 0.033 0.046 0.051 0.016 0.021 0.029 0.195 0.073 0.005 0.017 0.048
172 L 0.048 0.025 0.022 0.021 0.015 0.017 0.024 0.027 0.013 0.086 0.237 0.028 0.036 0.132 0.016 0.041 0.087 0.009 0.037 0.078
173 S 0.075 0.115 0.042 0.036 0.013 0.034 0.046 0.047 0.027 0.031 0.049 0.064 0.016 0.047 0.023 0.134 0.056 0.011 0.095 0.04
174 E 0.057 0.037 0.047 0.154 0.008 0.044 0.182 0.158 0.021 0.021 0.032 0.057 0.011 0.016 0.023 0.053 0.034 0.005 0.014 0.027
175 L 0.047 0.028 0.019 0.019 0.015 0.023 0.025 0.027 0.016 0.09 0.174 0.031 0.136 0.135 0.015 0.033 0.036 0.01 0.04 0.082
176 R 0.044 0.355 0.038 0.031 0.008 0.048 0.052 0.032 0.023 0.023 0.046 0.118 0.015 0.017 0.019 0.044 0.034 0.006 0.017 0.031
177 L 0.051 0.022 0.015 0.016 0.017 0.015 0.02 0.022 0.009 0.168 0.266 0.025 0.041 0.047 0.015 0.026 0.038 0.006 0.021 0.161
178 I 0.054 0.032 0.022 0.025 0.015 0.067 0.04 0.026 0.014 0.188 0.126 0.041 0.031 0.034 0.017 0.034 0.042 0.006 0.02 0.166
179 G 0.077 0.023 0.039 0.033 0.011 0.019 0.025 0.517 0.013 0.019 0.028 0.033 0.009 0.016 0.019 0.051 0.029 0.005 0.011 0.024
180 F 0.032 0.02 0.016 0.016 0.01 0.012 0.02 0.026 0.016 0.054 0.097 0.02 0.023 0.312 0.01 0.024 0.024 0.137 0.082 0.048
181 G 0.133 0.025 0.035 0.032 0.013 0.02 0.029 0.407 0.014 0.025 0.036 0.036 0.011 0.017 0.021 0.059 0.034 0.005 0.012 0.035
182 S 0.108 0.04 0.053 0.048 0.017 0.033 0.052 0.065 0.019 0.029 0.041 0.053 0.015 0.021 0.029 0.231 0.081 0.005 0.017 0.041
183 Q 0.048 0.054 0.109 0.048 0.009 0.127 0.07 0.042 0.034 0.029 0.048 0.066 0.018 0.044 0.02 0.052 0.039 0.011 0.096 0.036
184 Y 0.038 0.025 0.02 0.018 0.009 0.019 0.025 0.025 0.039 0.048 0.079 0.028 0.02 0.196 0.014 0.029 0.027 0.025 0.268 0.048
185 F 0.033 0.019 0.017 0.017 0.01 0.01 0.019 0.025 0.017 0.062 0.113 0.019 0.025 0.396 0.01 0.025 0.025 0.017 0.087 0.054
186 G 0.077 0.023 0.039 0.033 0.011 0.019 0.025 0.517 0.013 0.019 0.028 0.033 0.009 0.016 0.019 0.051 0.029 0.005 0.011 0.024
187 A 0.301 0.031 0.025 0.029 0.021 0.025 0.04 0.077 0.015 0.043 0.059 0.044 0.017 0.021 0.029 0.084 0.049 0.005 0.017 0.068
188 G 0.077 0.023 0.039 0.033 0.011 0.019 0.025 0.517 0.013 0.019 0.028 0.033 0.009 0.016 0.019 0.051 0.029 0.005 0.011 0.024
189 I 0.046 0.017 0.014 0.017 0.016 0.013 0.017 0.02 0.009 0.282 0.165 0.023 0.036 0.044 0.014 0.025 0.039 0.006 0.02 0.174
190 I 0.059 0.026 0.029 0.027 0.017 0.02 0.028 0.032 0.011 0.167 0.115 0.034 0.028 0.033 0.021 0.058 0.148 0.006 0.019 0.122
191 N 0.048 0.037 0.249 0.065 0.129 0.028 0.041 0.056 0.025 0.028 0.039 0.045 0.012 0.018 0.019 0.062 0.046 0.004 0.015 0.034
192 G 0.077 0.023 0.039 0.033 0.011 0.019 0.025 0.517 0.013 0.019 0.028 0.033 0.009 0.016 0.019 0.051 0.029 0.005 0.011 0.024
193 L 0.04 0.024 0.017 0.016 0.013 0.016 0.022 0.023 0.021 0.083 0.237 0.025 0.035 0.158 0.013 0.026 0.03 0.015 0.115 0.072
194 A 0.243 0.032 0.03 0.031 0.02 0.026 0.04 0.069 0.014 0.045 0.06 0.044 0.018 0.022 0.029 0.086 0.101 0.005 0.017 0.068
195 L 0.044 0.024 0.014 0.015 0.016 0.016 0.02 0.021 0.01 0.114 0.385 0.025 0.049 0.054 0.014 0.024 0.033 0.007 0.022 0.095
196 I 0.046 0.017 0.014 0.017 0.016 0.013 0.017 0.02 0.009 0.282 0.165 0.023 0.036 0.044 0.014 0.025 0.039 0.006 0.02 0.174
197 L 0.046 0.024 0.016 0.017 0.016 0.018 0.021 0.022 0.011 0.152 0.282 0.027 0.077 0.05 0.015 0.027 0.036 0.007 0.022 0.114
198 L 0.046 0.024 0.016 0.017 0.016 0.018 0.021 0.022 0.011 0.152 0.282 0.027 0.077 0.05 0.015 0.027 0.036 0.007 0.022 0.114
199 A 0.182 0.03 0.029 0.032 0.018 0.025 0.039 0.058 0.014 0.041 0.054 0.043 0.016 0.02 0.147 0.076 0.098 0.005 0.016 0.059
200 Y 0.038 0.025 0.02 0.018 0.009 0.019 0.025 0.025 0.039 0.048 0.079 0.028 0.02 0.196 0.014 0.029 0.027 0.025 0.268 0.048
201 L 0.044 0.024 0.014 0.015 0.016 0.016 0.02 0.021 0.01 0.114 0.385 0.025 0.049 0.054 0.014 0.024 0.033 0.007 0.022 0.095
202 I 0.043 0.018 0.015 0.017 0.015 0.012 0.018 0.021 0.011 0.227 0.152 0.022 0.033 0.132 0.013 0.025 0.036 0.009 0.037 0.144
203 R 0.048 0.244 0.033 0.031 0.009 0.039 0.046 0.034 0.02 0.024 0.042 0.093 0.014 0.016 0.179 0.044 0.035 0.005 0.016 0.031
204 L 0.045 0.024 0.016 0.016 0.015 0.017 0.022 0.022 0.019 0.128 0.248 0.026 0.038 0.069 0.015 0.026 0.034 0.012 0.098 0.111
205 G 0.065 0.026 0.105 0.041 0.13 0.021 0.029 0.283 0.016 0.026 0.038 0.035 0.011 0.017 0.018 0.052 0.036 0.005 0.012 0.033
206 K 0.052 0.072 0.036 0.047 0.008 0.048 0.118 0.036 0.028 0.03 0.047 0.171 0.015 0.044 0.024 0.048 0.036 0.011 0.095 0.035
207 Y 0.041 0.114 0.102 0.037 0.009 0.031 0.039 0.036 0.037 0.033 0.053 0.058 0.016 0.073 0.017 0.044 0.035 0.016 0.172 0.037
208 K 0.055 0.066 0.042 0.126 0.011 0.038 0.063 0.039 0.017 0.06 0.06 0.162 0.018 0.02 0.023 0.047 0.04 0.005 0.016 0.092
209 A 0.124 0.117 0.111 0.047 0.014 0.035 0.048 0.06 0.022 0.029 0.044 0.067 0.015 0.019 0.024 0.107 0.053 0.005 0.017 0.042
210 R 0.07 0.125 0.044 0.041 0.013 0.083 0.061 0.045 0.021 0.033 0.049 0.077 0.018 0.019 0.025 0.105 0.103 0.006 0.018 0.044
211 L 0.046 0.026 0.015 0.016 0.016 0.019 0.022 0.023 0.011 0.11 0.337 0.028 0.08 0.052 0.014 0.027 0.035 0.007 0.022 0.094
212 L 0.041 0.105 0.02 0.019 0.012 0.023 0.028 0.026 0.014 0.112 0.162 0.047 0.029 0.044 0.014 0.029 0.032 0.13 0.032 0.082
213 K 0.055 0.063 0.028 0.028 0.131 0.033 0.044 0.035 0.015 0.053 0.133 0.156 0.024 0.026 0.021 0.042 0.037 0.005 0.017 0.054
214 A 0.17 0.026 0.02 0.023 0.017 0.019 0.03 0.05 0.014 0.065 0.154 0.033 0.027 0.123 0.021 0.054 0.039 0.009 0.036 0.071
215 S 0.099 0.038 0.051 0.045 0.017 0.031 0.048 0.06 0.018 0.035 0.047 0.051 0.016 0.021 0.029 0.196 0.125 0.005 0.017 0.048
216 I 0.107 0.021 0.018 0.02 0.016 0.015 0.023 0.036 0.012 0.167 0.125 0.027 0.029 0.126 0.017 0.04 0.038 0.008 0.036 0.118
217 L 0.068 0.029 0.026 0.025 0.017 0.023 0.031 0.035 0.013 0.101 0.187 0.035 0.067 0.039 0.019 0.081 0.05 0.006 0.021 0.127
218 F 0.037 0.023 0.019 0.018 0.01 0.016 0.023 0.025 0.031 0.053 0.09 0.025 0.022 0.262 0.013 0.028 0.026 0.022 0.208 0.05
219 L 0.056 0.023 0.015 0.016 0.017 0.016 0.021 0.023 0.009 0.138 0.257 0.025 0.04 0.045 0.015 0.028 0.041 0.006 0.021 0.187
220 F 0.039 0.02 0.015 0.016 0.013 0.012 0.019 0.023 0.013 0.13 0.194 0.021 0.034 0.222 0.012 0.025 0.031 0.012 0.054 0.094
221 I 0.046 0.017 0.014 0.017 0.016 0.013 0.017 0.02 0.009 0.282 0.165 0.023 0.036 0.044 0.014 0.025 0.039 0.006 0.02 0.174
222 L 0.039 0.021 0.015 0.016 0.013 0.013 0.019 0.023 0.013 0.088 0.249 0.022 0.037 0.225 0.012 0.024 0.029 0.012 0.055 0.074
223 L 0.13 0.029 0.027 0.027 0.018 0.023 0.034 0.047 0.013 0.087 0.153 0.037 0.028 0.033 0.022 0.093 0.053 0.006 0.019 0.121
224 V 0.057 0.021 0.015 0.017 0.017 0.015 0.021 0.022 0.009 0.18 0.202 0.025 0.037 0.042 0.015 0.028 0.042 0.006 0.021 0.207
225 G 0.077 0.023 0.039 0.033 0.011 0.019 0.025 0.517 0.013 0.019 0.028 0.033 0.009 0.016 0.019 0.051 0.029 0.005 0.011 0.024
226 I 0.048 0.021 0.016 0.018 0.016 0.017 0.02 0.022 0.01 0.236 0.173 0.026 0.07 0.045 0.015 0.027 0.039 0.006 0.021 0.153
227 L 0.118 0.027 0.024 0.024 0.016 0.022 0.028 0.161 0.013 0.068 0.166 0.034 0.062 0.035 0.019 0.048 0.038 0.006 0.018 0.069
228 L 0.05 0.028 0.018 0.019 0.016 0.024 0.025 0.026 0.014 0.145 0.187 0.032 0.139 0.047 0.016 0.033 0.04 0.007 0.023 0.112
229 A 0.253 0.033 0.032 0.034 0.02 0.027 0.043 0.074 0.016 0.039 0.054 0.046 0.017 0.021 0.029 0.121 0.057 0.005 0.017 0.061
230 R 0.044 0.355 0.038 0.031 0.008 0.048 0.052 0.032 0.023 0.023 0.046 0.118 0.015 0.017 0.019 0.044 0.034 0.006 0.017 0.031
231 T 0.072 0.035 0.043 0.037 0.018 0.027 0.039 0.043 0.014 0.053 0.064 0.045 0.019 0.023 0.027 0.091 0.258 0.006 0.018 0.07
232 T 0.072 0.035 0.043 0.037 0.018 0.027 0.039 0.043 0.014 0.053 0.064 0.045 0.019 0.023 0.027 0.091 0.258 0.006 0.018 0.07
233 F 0.04 0.023 0.017 0.017 0.013 0.016 0.021 0.025 0.015 0.084 0.201 0.024 0.068 0.223 0.013 0.027 0.031 0.012 0.055 0.074
234 I 0.046 0.019 0.014 0.017 0.016 0.014 0.018 0.02 0.009 0.24 0.22 0.024 0.039 0.046 0.014 0.024 0.038 0.006 0.021 0.154
235 G 0.077 0.023 0.039 0.033 0.011 0.019 0.025 0.517 0.013 0.019 0.028 0.033 0.009 0.016 0.019 0.051 0.029 0.005 0.011 0.024
236 F 0.047 0.021 0.021 0.02 0.012 0.014 0.021 0.147 0.014 0.064 0.159 0.024 0.027 0.215 0.013 0.031 0.028 0.011 0.052 0.057
237 A 0.181 0.027 0.026 0.027 0.017 0.021 0.031 0.173 0.013 0.054 0.132 0.036 0.023 0.028 0.023 0.06 0.04 0.006 0.017 0.064
238 L 0.049 0.023 0.016 0.017 0.015 0.016 0.021 0.024 0.012 0.125 0.203 0.025 0.058 0.133 0.014 0.028 0.037 0.009 0.038 0.137
239 A 0.204 0.035 0.039 0.039 0.019 0.029 0.046 0.071 0.017 0.036 0.05 0.049 0.016 0.021 0.029 0.158 0.065 0.005 0.017 0.055
240 L 0.044 0.023 0.014 0.015 0.016 0.015 0.019 0.021 0.01 0.142 0.348 0.025 0.047 0.052 0.014 0.024 0.034 0.007 0.022 0.108
241 L 0.042 0.021 0.015 0.016 0.015 0.014 0.019 0.022 0.011 0.143 0.262 0.023 0.04 0.137 0.013 0.024 0.033 0.009 0.038 0.104
242 L 0.043 0.025 0.016 0.016 0.014 0.017 0.022 0.022 0.019 0.096 0.305 0.026 0.041 0.073 0.014 0.026 0.032 0.012 0.098 0.083
243 L 0.044 0.024 0.014 0.015 0.016 0.016 0.02 0.021 0.01 0.114 0.385 0.025 0.049 0.054 0.014 0.024 0.033 0.007 0.022 0.095
244 L 0.039 0.022 0.015 0.016 0.014 0.014 0.019 0.023 0.013 0.092 0.271 0.022 0.039 0.196 0.013 0.024 0.03 0.011 0.049 0.078
245 P 0.056 0.024 0.019 0.023 0.014 0.018 0.029 0.029 0.011 0.082 0.146 0.033 0.025 0.029 0.258 0.036 0.038 0.004 0.017 0.109
246 F 0.042 0.023 0.019 0.02 0.049 0.016 0.025 0.029 0.019 0.04 0.067 0.027 0.017 0.14 0.134 0.031 0.028 0.135 0.097 0.041
247 S 0.082 0.058 0.047 0.057 0.013 0.045 0.12 0.052 0.021 0.027 0.04 0.117 0.015 0.018 0.028 0.142 0.059 0.005 0.017 0.036
248 G 0.072 0.028 0.036 0.032 0.012 0.022 0.033 0.204 0.016 0.026 0.041 0.036 0.013 0.032 0.018 0.101 0.044 0.17 0.032 0.032
249 L 0.044 0.134 0.022 0.02 0.013 0.027 0.03 0.025 0.014 0.084 0.271 0.056 0.038 0.042 0.016 0.031 0.033 0.007 0.02 0.073
250 L 0.04 0.132 0.023 0.021 0.011 0.025 0.03 0.026 0.017 0.066 0.181 0.054 0.03 0.155 0.015 0.031 0.031 0.01 0.042 0.06
251 K 0.063 0.078 0.04 0.038 0.009 0.041 0.055 0.201 0.018 0.024 0.038 0.203 0.013 0.016 0.024 0.052 0.036 0.005 0.015 0.03
252 L 0.047 0.042 0.021 0.022 0.014 0.024 0.032 0.027 0.013 0.13 0.222 0.09 0.035 0.07 0.017 0.031 0.035 0.007 0.026 0.096
253 N 0.042 0.044 0.327 0.082 0.009 0.033 0.049 0.064 0.031 0.022 0.031 0.053 0.011 0.018 0.02 0.069 0.049 0.004 0.015 0.027
254 L 0.058 0.022 0.017 0.02 0.134 0.016 0.024 0.028 0.01 0.086 0.153 0.028 0.027 0.03 0.137 0.035 0.038 0.005 0.017 0.115
255 T 0.092 0.034 0.039 0.034 0.016 0.027 0.039 0.047 0.023 0.043 0.059 0.043 0.018 0.049 0.025 0.111 0.139 0.011 0.095 0.057
256 L 0.105 0.025 0.017 0.019 0.015 0.018 0.026 0.037 0.012 0.075 0.22 0.029 0.032 0.047 0.016 0.038 0.034 0.13 0.032 0.072
257 L 0.051 0.042 0.021 0.023 0.014 0.024 0.032 0.027 0.012 0.138 0.179 0.09 0.032 0.067 0.017 0.033 0.038 0.007 0.026 0.126
258 K 0.051 0.146 0.034 0.032 0.01 0.042 0.052 0.034 0.018 0.09 0.074 0.18 0.021 0.023 0.022 0.043 0.038 0.005 0.018 0.067
259 R 0.044 0.355 0.038 0.031 0.008 0.048 0.052 0.032 0.023 0.023 0.046 0.118 0.015 0.017 0.019 0.044 0.034 0.006 0.017 0.031
260 N 0.062 0.058 0.187 0.063 0.011 0.038 0.055 0.059 0.025 0.025 0.036 0.112 0.013 0.018 0.024 0.105 0.054 0.005 0.016 0.032
261 V 0.056 0.023 0.017 0.018 0.016 0.018 0.023 0.025 0.012 0.121 0.141 0.026 0.065 0.128 0.015 0.031 0.04 0.009 0.038 0.176
262 R 0.046 0.191 0.028 0.024 0.012 0.035 0.038 0.028 0.018 0.065 0.168 0.074 0.063 0.034 0.017 0.037 0.035 0.007 0.02 0.062
263 L 0.054 0.026 0.025 0.024 0.013 0.019 0.028 0.035 0.015 0.059 0.148 0.03 0.026 0.133 0.015 0.076 0.04 0.132 0.048 0.055
264 L 0.044 0.028 0.019 0.018 0.013 0.022 0.026 0.024 0.029 0.075 0.178 0.03 0.065 0.09 0.015 0.03 0.032 0.018 0.175 0.069
265 L 0.039 0.021 0.015 0.016 0.013 0.013 0.019 0.023 0.013 0.088 0.249 0.022 0.037 0.225 0.012 0.024 0.029 0.012 0.055 0.074
266 L 0.125 0.028 0.027 0.027 0.018 0.022 0.032 0.046 0.013 0.117 0.162 0.036 0.029 0.035 0.022 0.091 0.051 0.006 0.019 0.094
267 V 0.058 0.02 0.015 0.017 0.017 0.015 0.02 0.022 0.008 0.222 0.147 0.024 0.034 0.039 0.015 0.029 0.044 0.006 0.02 0.227
268 C 0.063 0.023 0.025 0.025 0.134 0.017 0.026 0.036 0.013 0.104 0.096 0.029 0.023 0.12 0.018 0.08 0.045 0.008 0.034 0.081
269 L 0.079 0.026 0.023 0.024 0.016 0.02 0.029 0.034 0.011 0.088 0.153 0.034 0.027 0.031 0.14 0.047 0.076 0.005 0.018 0.119
270 L 0.042 0.019 0.015 0.017 0.015 0.013 0.018 0.022 0.011 0.185 0.207 0.023 0.037 0.134 0.013 0.025 0.034 0.009 0.038 0.124
271 L 0.046 0.026 0.015 0.016 0.016 0.019 0.022 0.023 0.011 0.11 0.337 0.028 0.08 0.052 0.014 0.027 0.035 0.007 0.022 0.094
272 L 0.05 0.022 0.018 0.019 0.016 0.016 0.021 0.024 0.01 0.191 0.246 0.026 0.04 0.046 0.016 0.042 0.04 0.006 0.021 0.13
273 S 0.11 0.04 0.054 0.049 0.018 0.033 0.053 0.067 0.019 0.03 0.042 0.054 0.016 0.021 0.03 0.217 0.082 0.005 0.018 0.042
274 G 0.079 0.023 0.039 0.034 0.011 0.019 0.026 0.508 0.014 0.019 0.028 0.034 0.009 0.016 0.019 0.051 0.03 0.005 0.011 0.024
275 L 0.056 0.023 0.015 0.016 0.017 0.016 0.021 0.023 0.009 0.138 0.257 0.025 0.04 0.045 0.015 0.028 0.041 0.006 0.021 0.187
276 S 0.143 0.034 0.039 0.039 0.016 0.028 0.045 0.061 0.016 0.032 0.044 0.048 0.015 0.019 0.147 0.147 0.062 0.005 0.016 0.045
277 F 0.055 0.025 0.025 0.024 0.014 0.017 0.027 0.034 0.016 0.067 0.163 0.029 0.029 0.217 0.016 0.076 0.041 0.011 0.054 0.061
278 I 0.051 0.019 0.021 0.021 0.013 0.014 0.02 0.146 0.012 0.161 0.118 0.025 0.027 0.125 0.015 0.031 0.033 0.008 0.035 0.107
279 F 0.04 0.02 0.02 0.019 0.011 0.012 0.021 0.028 0.017 0.06 0.107 0.022 0.024 0.365 0.012 0.042 0.03 0.016 0.082 0.053
280 V 0.061 0.022 0.016 0.017 0.018 0.016 0.022 0.023 0.009 0.146 0.214 0.025 0.037 0.041 0.016 0.03 0.043 0.006 0.021 0.217
281 Y 0.038 0.025 0.02 0.018 0.01 0.018 0.025 0.025 0.036 0.05 0.083 0.027 0.021 0.218 0.014 0.029 0.027 0.024 0.247 0.049
282 L 0.119 0.024 0.018 0.02 0.019 0.018 0.026 0.036 0.01 0.13 0.178 0.03 0.033 0.037 0.019 0.042 0.044 0.006 0.02 0.172
283 L 0.041 0.02 0.015 0.016 0.014 0.013 0.019 0.022 0.012 0.152 0.221 0.022 0.037 0.164 0.013 0.025 0.032 0.01 0.043 0.108
284 D 0.037 0.024 0.042 0.211 0.009 0.02 0.054 0.035 0.018 0.042 0.07 0.031 0.017 0.205 0.016 0.038 0.03 0.01 0.049 0.039
285 P 0.117 0.038 0.029 0.034 0.013 0.073 0.053 0.047 0.017 0.03 0.044 0.054 0.014 0.015 0.264 0.056 0.04 0.004 0.016 0.041
286 K 0.067 0.079 0.092 0.05 0.011 0.044 0.062 0.052 0.022 0.027 0.04 0.191 0.015 0.017 0.026 0.1 0.051 0.005 0.017 0.034
287 I 0.057 0.021 0.018 0.02 0.017 0.016 0.022 0.024 0.009 0.216 0.142 0.027 0.033 0.039 0.017 0.035 0.067 0.006 0.02 0.197
288 I 0.052 0.021 0.021 0.022 0.016 0.016 0.022 0.025 0.01 0.23 0.143 0.028 0.033 0.039 0.017 0.04 0.088 0.006 0.02 0.151
289 D 0.149 0.033 0.049 0.161 0.015 0.029 0.061 0.063 0.017 0.031 0.043 0.047 0.014 0.019 0.027 0.122 0.055 0.005 0.015 0.044
290 K 0.079 0.06 0.046 0.042 0.014 0.038 0.053 0.05 0.018 0.036 0.049 0.129 0.017 0.02 0.028 0.125 0.126 0.005 0.017 0.048
291 L 0.05 0.021 0.015 0.016 0.017 0.015 0.02 0.022 0.009 0.18 0.254 0.025 0.041 0.046 0.015 0.026 0.039 0.006 0.021 0.162
292 E 0.061 0.063 0.041 0.056 0.011 0.048 0.138 0.04 0.02 0.034 0.048 0.136 0.016 0.018 0.027 0.066 0.111 0.005 0.017 0.044
293 P 0.06 0.024 0.021 0.026 0.013 0.019 0.031 0.032 0.011 0.071 0.067 0.036 0.017 0.02 0.339 0.04 0.04 0.004 0.015 0.113
294 L 0.114 0.025 0.017 0.019 0.018 0.018 0.026 0.036 0.011 0.108 0.239 0.03 0.037 0.041 0.018 0.041 0.041 0.006 0.02 0.134
295 V 0.07 0.025 0.026 0.025 0.016 0.019 0.029 0.035 0.013 0.104 0.103 0.031 0.026 0.122 0.018 0.08 0.051 0.008 0.036 0.164
296 N 0.047 0.042 0.133 0.061 0.01 0.04 0.109 0.043 0.081 0.041 0.074 0.053 0.053 0.027 0.02 0.052 0.04 0.006 0.025 0.043
297 F 0.032 0.02 0.016 0.016 0.01 0.012 0.02 0.026 0.016 0.054 0.097 0.02 0.023 0.312 0.01 0.024 0.024 0.137 0.082 0.048
298 A 0.245 0.029 0.029 0.03 0.019 0.024 0.036 0.187 0.014 0.037 0.051 0.041 0.015 0.02 0.027 0.075 0.044 0.005 0.016 0.057
299 L 0.039 0.021 0.015 0.016 0.013 0.013 0.019 0.023 0.013 0.088 0.249 0.022 0.037 0.225 0.012 0.024 0.029 0.012 0.055 0.074
300 E 0.054 0.049 0.04 0.089 0.007 0.064 0.307 0.034 0.025 0.022 0.036 0.074 0.013 0.016 0.025 0.054 0.036 0.005 0.016 0.031
301 L 0.051 0.032 0.02 0.02 0.016 0.028 0.028 0.028 0.016 0.099 0.194 0.036 0.173 0.047 0.016 0.036 0.04 0.008 0.024 0.091
302 F 0.033 0.019 0.017 0.017 0.01 0.01 0.019 0.025 0.017 0.062 0.113 0.019 0.025 0.396 0.01 0.025 0.025 0.017 0.087 0.054
303 L 0.043 0.023 0.016 0.016 0.014 0.017 0.021 0.022 0.019 0.138 0.251 0.026 0.038 0.07 0.014 0.026 0.033 0.012 0.098 0.102
304 N 0.042 0.044 0.327 0.082 0.009 0.033 0.049 0.064 0.031 0.022 0.031 0.053 0.011 0.018 0.02 0.069 0.049 0.004 0.015 0.027
305 Y 0.04 0.028 0.021 0.018 0.009 0.021 0.028 0.025 0.046 0.043 0.067 0.031 0.018 0.129 0.015 0.031 0.028 0.028 0.328 0.046
306 L 0.058 0.025 0.025 0.024 0.015 0.018 0.027 0.033 0.014 0.122 0.176 0.03 0.031 0.128 0.017 0.076 0.044 0.009 0.037 0.091
307 D 0.061 0.041 0.122 0.156 0.01 0.04 0.124 0.052 0.023 0.024 0.034 0.056 0.012 0.017 0.024 0.101 0.05 0.005 0.015 0.031
308 D 0.074 0.034 0.061 0.227 0.012 0.031 0.071 0.056 0.019 0.026 0.034 0.049 0.012 0.018 0.026 0.141 0.058 0.004 0.014 0.033
309 G 0.133 0.025 0.035 0.032 0.013 0.02 0.029 0.407 0.014 0.025 0.036 0.036 0.011 0.017 0.021 0.059 0.034 0.005 0.012 0.035
310 G 0.071 0.045 0.116 0.052 0.011 0.078 0.057 0.172 0.023 0.024 0.037 0.057 0.014 0.017 0.023 0.101 0.05 0.005 0.016 0.032
311 L 0.042 0.021 0.015 0.016 0.015 0.014 0.019 0.022 0.011 0.143 0.262 0.023 0.04 0.137 0.013 0.024 0.033 0.009 0.038 0.104
312 T 0.081 0.036 0.045 0.04 0.017 0.029 0.042 0.048 0.015 0.047 0.058 0.047 0.018 0.023 0.028 0.126 0.213 0.006 0.017 0.063
313 T 0.081 0.036 0.045 0.04 0.017 0.029 0.042 0.048 0.015 0.047 0.058 0.047 0.018 0.023 0.028 0.126 0.213 0.006 0.017 0.063
314 E 0.112 0.039 0.043 0.153 0.011 0.045 0.186 0.048 0.021 0.027 0.04 0.059 0.013 0.017 0.026 0.061 0.039 0.005 0.015 0.038
315 S 0.108 0.04 0.053 0.048 0.017 0.033 0.052 0.065 0.019 0.029 0.041 0.053 0.015 0.021 0.029 0.231 0.081 0.005 0.017 0.041
316 T 0.072 0.035 0.043 0.037 0.018 0.027 0.039 0.043 0.014 0.053 0.064 0.045 0.019 0.023 0.027 0.091 0.258 0.006 0.018 0.07
317 D 0.078 0.039 0.054 0.148 0.012 0.04 0.125 0.053 0.02 0.026 0.037 0.056 0.013 0.018 0.027 0.142 0.058 0.005 0.015 0.034
318 Q 0.052 0.143 0.042 0.042 0.008 0.182 0.089 0.039 0.027 0.025 0.046 0.097 0.019 0.015 0.022 0.052 0.039 0.006 0.02 0.034
319 L 0.046 0.026 0.015 0.016 0.016 0.019 0.022 0.023 0.011 0.11 0.337 0.028 0.08 0.052 0.014 0.027 0.035 0.007 0.022 0.094
