#Seq2Logo.py -f /work3/idamei/ssn-clusterings/clustering/2205110921/clusters/0006_141/sequences.afa -o /work3/idamei/ssn-clusterings/clustering/2205110921/clusters/0006_141/sequences.logo
#Position Specific Frequency Matrix
A R N D C Q E G H I L K M F P S T W Y V
0 L 0.051 0.031 0.02 0.02 0.016 0.028 0.028 0.028 0.016 0.098 0.193 0.035 0.177 0.047 0.016 0.035 0.039 0.008 0.024 0.091
1 I 0.051 0.018 0.015 0.017 0.016 0.014 0.018 0.021 0.009 0.261 0.157 0.024 0.035 0.042 0.015 0.026 0.041 0.006 0.02 0.195
2 I 0.043 0.021 0.017 0.018 0.013 0.015 0.021 0.022 0.021 0.19 0.13 0.025 0.03 0.104 0.014 0.026 0.034 0.013 0.12 0.123
3 L 0.096 0.024 0.016 0.018 0.017 0.017 0.023 0.032 0.011 0.133 0.277 0.028 0.04 0.045 0.017 0.036 0.037 0.006 0.021 0.105
4 L 0.049 0.022 0.014 0.016 0.016 0.015 0.02 0.021 0.009 0.157 0.291 0.025 0.043 0.048 0.014 0.026 0.037 0.006 0.021 0.148
5 L 0.06 0.027 0.028 0.027 0.015 0.02 0.029 0.035 0.013 0.108 0.154 0.033 0.029 0.108 0.019 0.08 0.088 0.008 0.033 0.086
6 I 0.066 0.027 0.031 0.029 0.017 0.021 0.031 0.036 0.012 0.164 0.11 0.036 0.027 0.033 0.021 0.087 0.114 0.006 0.019 0.116
7 L 0.045 0.02 0.014 0.016 0.016 0.014 0.018 0.02 0.009 0.216 0.254 0.024 0.041 0.047 0.014 0.024 0.037 0.006 0.021 0.142
8 L 0.093 0.025 0.018 0.019 0.014 0.018 0.025 0.034 0.019 0.075 0.203 0.028 0.032 0.131 0.017 0.037 0.033 0.013 0.096 0.071
9 L 0.046 0.023 0.016 0.016 0.015 0.015 0.021 0.023 0.014 0.106 0.249 0.024 0.037 0.126 0.014 0.026 0.034 0.011 0.066 0.119
10 L 0.045 0.019 0.015 0.017 0.015 0.013 0.019 0.022 0.01 0.194 0.195 0.023 0.036 0.116 0.014 0.025 0.036 0.008 0.034 0.145
11 V 0.073 0.027 0.028 0.027 0.018 0.021 0.031 0.035 0.011 0.138 0.105 0.034 0.027 0.031 0.021 0.083 0.096 0.005 0.019 0.17
12 C 0.106 0.019 0.018 0.019 0.303 0.014 0.021 0.039 0.011 0.047 0.072 0.024 0.018 0.096 0.017 0.046 0.036 0.007 0.028 0.058
13 L 0.048 0.022 0.015 0.016 0.016 0.015 0.02 0.022 0.01 0.152 0.264 0.024 0.04 0.082 0.014 0.026 0.036 0.007 0.028 0.144
14 L 0.047 0.021 0.015 0.016 0.015 0.014 0.02 0.022 0.011 0.147 0.236 0.023 0.038 0.117 0.014 0.026 0.036 0.008 0.034 0.14
15 A 0.171 0.032 0.035 0.034 0.017 0.025 0.04 0.062 0.017 0.041 0.062 0.042 0.018 0.096 0.025 0.132 0.057 0.007 0.031 0.054
16 L 0.042 0.024 0.017 0.017 0.014 0.017 0.022 0.024 0.017 0.088 0.234 0.026 0.064 0.163 0.013 0.027 0.031 0.012 0.073 0.077
17 L 0.04 0.02 0.015 0.016 0.014 0.013 0.019 0.022 0.012 0.127 0.233 0.022 0.037 0.19 0.013 0.024 0.031 0.011 0.048 0.094
18 E 0.054 0.049 0.04 0.088 0.007 0.063 0.31 0.034 0.025 0.022 0.036 0.074 0.013 0.016 0.025 0.054 0.036 0.005 0.016 0.031
19 E 0.049 0.041 0.051 0.217 0.007 0.05 0.222 0.039 0.023 0.022 0.033 0.062 0.011 0.016 0.024 0.053 0.036 0.005 0.014 0.028
20 E 0.053 0.109 0.036 0.048 0.01 0.043 0.124 0.034 0.026 0.033 0.05 0.09 0.016 0.04 0.023 0.055 0.079 0.01 0.08 0.042
21 L 0.046 0.029 0.019 0.03 0.014 0.025 0.078 0.024 0.013 0.095 0.317 0.035 0.041 0.046 0.016 0.03 0.033 0.007 0.021 0.082
22 G 0.112 0.035 0.032 0.034 0.012 0.063 0.046 0.19 0.016 0.027 0.04 0.049 0.013 0.016 0.167 0.056 0.037 0.005 0.014 0.037
23 G 0.055 0.036 0.097 0.096 0.009 0.036 0.124 0.139 0.021 0.022 0.032 0.052 0.011 0.016 0.118 0.054 0.037 0.004 0.014 0.028
24 V 0.07 0.022 0.017 0.018 0.019 0.017 0.023 0.025 0.008 0.165 0.131 0.026 0.032 0.036 0.017 0.033 0.05 0.006 0.021 0.267
25 K 0.057 0.107 0.042 0.042 0.009 0.054 0.071 0.043 0.021 0.028 0.043 0.276 0.016 0.016 0.028 0.054 0.04 0.005 0.017 0.033
26 Y 0.044 0.028 0.053 0.026 0.011 0.021 0.029 0.029 0.034 0.09 0.083 0.033 0.021 0.09 0.017 0.039 0.055 0.019 0.206 0.072
27 K 0.053 0.156 0.04 0.039 0.008 0.051 0.066 0.04 0.021 0.026 0.043 0.257 0.015 0.016 0.025 0.051 0.038 0.005 0.017 0.032
28 W 0.035 0.09 0.019 0.018 0.009 0.022 0.028 0.028 0.015 0.045 0.118 0.042 0.022 0.05 0.011 0.027 0.027 0.304 0.048 0.043
29 Y 0.043 0.03 0.083 0.033 0.009 0.023 0.033 0.035 0.036 0.035 0.054 0.037 0.015 0.083 0.114 0.041 0.033 0.018 0.204 0.039
30 V 0.055 0.02 0.015 0.017 0.017 0.015 0.02 0.022 0.009 0.201 0.194 0.024 0.037 0.042 0.015 0.027 0.042 0.006 0.021 0.201
31 Y 0.038 0.026 0.02 0.018 0.009 0.019 0.026 0.025 0.04 0.047 0.076 0.028 0.02 0.182 0.014 0.029 0.027 0.025 0.282 0.047
32 I 0.047 0.02 0.017 0.018 0.015 0.014 0.019 0.071 0.01 0.199 0.184 0.024 0.034 0.044 0.014 0.027 0.035 0.056 0.024 0.128
33 G 0.067 0.022 0.027 0.025 0.062 0.017 0.023 0.272 0.011 0.069 0.123 0.029 0.022 0.028 0.017 0.04 0.034 0.006 0.015 0.093
34 L 0.047 0.02 0.014 0.016 0.016 0.014 0.019 0.021 0.009 0.204 0.25 0.024 0.041 0.047 0.014 0.025 0.037 0.006 0.021 0.153
35 G 0.075 0.022 0.034 0.03 0.012 0.018 0.025 0.421 0.012 0.047 0.048 0.032 0.014 0.02 0.018 0.047 0.033 0.005 0.013 0.076
36 L 0.06 0.023 0.02 0.02 0.016 0.017 0.022 0.122 0.01 0.114 0.212 0.027 0.034 0.039 0.016 0.032 0.038 0.006 0.019 0.156
37 I 0.078 0.021 0.016 0.018 0.017 0.016 0.022 0.027 0.009 0.189 0.188 0.026 0.035 0.041 0.016 0.033 0.042 0.006 0.02 0.18
38 L 0.042 0.023 0.014 0.015 0.015 0.015 0.02 0.022 0.011 0.103 0.333 0.024 0.044 0.123 0.013 0.024 0.031 0.009 0.035 0.086
39 I 0.051 0.018 0.015 0.017 0.016 0.014 0.018 0.021 0.009 0.261 0.157 0.024 0.035 0.042 0.015 0.026 0.041 0.006 0.02 0.195
40 L 0.062 0.029 0.027 0.026 0.016 0.021 0.03 0.034 0.012 0.084 0.254 0.034 0.036 0.041 0.02 0.08 0.088 0.006 0.02 0.079
41 F 0.047 0.023 0.017 0.018 0.014 0.017 0.022 0.025 0.014 0.115 0.145 0.026 0.073 0.185 0.014 0.029 0.035 0.011 0.048 0.123
42 A 0.304 0.03 0.025 0.029 0.021 0.025 0.04 0.077 0.015 0.042 0.058 0.044 0.017 0.021 0.029 0.083 0.049 0.005 0.017 0.067
43 A 0.236 0.028 0.029 0.03 0.018 0.023 0.035 0.21 0.014 0.035 0.049 0.04 0.015 0.02 0.026 0.073 0.043 0.005 0.015 0.054
44 F 0.038 0.019 0.016 0.016 0.013 0.012 0.019 0.023 0.014 0.117 0.178 0.021 0.032 0.259 0.012 0.025 0.029 0.012 0.061 0.086
45 R 0.049 0.257 0.039 0.035 0.008 0.049 0.059 0.036 0.022 0.025 0.044 0.188 0.015 0.016 0.022 0.047 0.036 0.005 0.017 0.031
46 P 0.053 0.026 0.032 0.106 0.01 0.022 0.046 0.038 0.014 0.025 0.034 0.041 0.01 0.013 0.407 0.045 0.035 0.003 0.012 0.029
47 I 0.047 0.021 0.015 0.018 0.016 0.016 0.02 0.022 0.01 0.231 0.193 0.026 0.066 0.045 0.015 0.027 0.038 0.006 0.021 0.149
48 G 0.069 0.024 0.044 0.108 0.01 0.021 0.038 0.425 0.014 0.019 0.028 0.035 0.009 0.016 0.019 0.05 0.03 0.005 0.011 0.024
49 I 0.057 0.025 0.024 0.024 0.015 0.019 0.026 0.032 0.014 0.152 0.135 0.031 0.058 0.111 0.017 0.069 0.045 0.008 0.034 0.106
50 D 0.046 0.028 0.057 0.331 0.01 0.027 0.076 0.041 0.016 0.05 0.048 0.04 0.013 0.019 0.021 0.047 0.037 0.004 0.013 0.076
51 N 0.042 0.044 0.33 0.081 0.009 0.033 0.048 0.064 0.031 0.022 0.031 0.053 0.011 0.018 0.02 0.068 0.048 0.004 0.015 0.026
52 D 0.04 0.029 0.068 0.409 0.007 0.029 0.09 0.046 0.018 0.022 0.027 0.044 0.009 0.015 0.022 0.051 0.035 0.004 0.011 0.024
53 S 0.147 0.038 0.047 0.044 0.018 0.031 0.049 0.067 0.018 0.032 0.045 0.051 0.016 0.021 0.029 0.205 0.074 0.005 0.017 0.046
54 E 0.048 0.041 0.042 0.139 0.008 0.048 0.21 0.035 0.028 0.026 0.041 0.059 0.013 0.038 0.023 0.049 0.034 0.009 0.078 0.032
55 N 0.056 0.046 0.158 0.057 0.012 0.07 0.055 0.051 0.024 0.035 0.047 0.057 0.016 0.019 0.023 0.075 0.132 0.005 0.017 0.045
56 Y 0.04 0.027 0.021 0.018 0.009 0.021 0.027 0.024 0.046 0.043 0.067 0.031 0.018 0.128 0.015 0.031 0.027 0.027 0.331 0.046
57 E 0.053 0.047 0.043 0.121 0.007 0.06 0.288 0.035 0.025 0.022 0.035 0.071 0.012 0.016 0.025 0.054 0.036 0.005 0.016 0.03
58 L 0.044 0.023 0.016 0.017 0.015 0.017 0.021 0.023 0.012 0.134 0.249 0.025 0.067 0.119 0.014 0.026 0.034 0.009 0.035 0.101
59 Y 0.041 0.029 0.082 0.031 0.01 0.022 0.03 0.031 0.035 0.087 0.079 0.034 0.02 0.089 0.016 0.037 0.034 0.019 0.206 0.067
60 F 0.033 0.019 0.017 0.017 0.01 0.01 0.019 0.025 0.017 0.062 0.112 0.019 0.025 0.399 0.01 0.025 0.025 0.017 0.087 0.054
61 L 0.076 0.032 0.054 0.039 0.013 0.029 0.085 0.035 0.022 0.074 0.133 0.041 0.025 0.051 0.019 0.043 0.039 0.01 0.081 0.1
62 H 0.042 0.107 0.077 0.04 0.008 0.039 0.052 0.039 0.265 0.022 0.038 0.06 0.015 0.026 0.019 0.044 0.03 0.007 0.044 0.024
63 Y 0.038 0.026 0.02 0.018 0.009 0.02 0.026 0.025 0.04 0.04 0.064 0.029 0.018 0.114 0.014 0.029 0.026 0.122 0.278 0.043
64 D 0.04 0.029 0.068 0.409 0.007 0.029 0.09 0.046 0.018 0.022 0.027 0.044 0.009 0.015 0.022 0.051 0.035 0.004 0.011 0.024
65 D 0.06 0.036 0.057 0.188 0.011 0.031 0.064 0.047 0.087 0.03 0.039 0.046 0.014 0.021 0.024 0.094 0.087 0.005 0.023 0.036
66 P 0.056 0.025 0.023 0.03 0.01 0.02 0.035 0.035 0.013 0.025 0.035 0.04 0.01 0.013 0.503 0.043 0.035 0.003 0.013 0.03
67 L 0.049 0.026 0.078 0.029 0.015 0.019 0.026 0.03 0.013 0.139 0.22 0.03 0.035 0.041 0.016 0.035 0.04 0.006 0.02 0.134
68 L 0.046 0.023 0.016 0.016 0.014 0.016 0.022 0.023 0.018 0.099 0.216 0.025 0.034 0.134 0.014 0.027 0.033 0.013 0.096 0.114
69 V 0.116 0.031 0.03 0.04 0.016 0.03 0.088 0.044 0.015 0.108 0.086 0.044 0.022 0.027 0.023 0.086 0.051 0.005 0.018 0.119
70 L 0.061 0.04 0.026 0.026 0.015 0.025 0.034 0.08 0.013 0.122 0.151 0.082 0.029 0.033 0.019 0.055 0.043 0.006 0.019 0.123
71 F 0.052 0.024 0.026 0.024 0.013 0.016 0.024 0.127 0.014 0.062 0.141 0.028 0.025 0.178 0.016 0.043 0.075 0.01 0.045 0.059
72 V 0.069 0.021 0.016 0.017 0.019 0.016 0.023 0.024 0.008 0.161 0.128 0.026 0.031 0.035 0.016 0.032 0.048 0.005 0.02 0.283
73 E 0.054 0.049 0.04 0.088 0.007 0.063 0.31 0.034 0.025 0.022 0.036 0.074 0.013 0.016 0.025 0.054 0.036 0.005 0.016 0.031
74 F 0.039 0.022 0.019 0.02 0.01 0.015 0.024 0.027 0.022 0.051 0.088 0.025 0.021 0.268 0.11 0.03 0.028 0.016 0.121 0.048
75 S 0.101 0.038 0.051 0.046 0.017 0.031 0.049 0.061 0.018 0.034 0.046 0.051 0.016 0.021 0.029 0.206 0.117 0.005 0.017 0.047
76 F 0.036 0.022 0.018 0.017 0.01 0.015 0.022 0.025 0.028 0.054 0.094 0.023 0.022 0.291 0.012 0.027 0.026 0.021 0.185 0.051
77 L 0.044 0.157 0.024 0.021 0.013 0.029 0.032 0.025 0.015 0.077 0.251 0.062 0.035 0.039 0.016 0.032 0.033 0.006 0.02 0.069
78 W 0.039 0.021 0.016 0.016 0.011 0.013 0.021 0.027 0.014 0.069 0.091 0.021 0.022 0.19 0.01 0.025 0.029 0.209 0.066 0.09
79 L 0.045 0.02 0.014 0.016 0.016 0.014 0.018 0.02 0.009 0.216 0.254 0.024 0.041 0.047 0.014 0.024 0.037 0.006 0.021 0.142
80 S 0.147 0.038 0.047 0.044 0.018 0.031 0.049 0.067 0.018 0.032 0.045 0.051 0.016 0.021 0.029 0.205 0.074 0.005 0.017 0.046
81 K 0.052 0.169 0.04 0.043 0.008 0.088 0.094 0.038 0.023 0.025 0.043 0.178 0.016 0.016 0.024 0.05 0.038 0.005 0.018 0.032
82 L 0.041 0.022 0.016 0.016 0.013 0.016 0.021 0.023 0.018 0.134 0.19 0.025 0.032 0.067 0.013 0.025 0.031 0.11 0.092 0.095
83 F 0.037 0.021 0.016 0.016 0.013 0.013 0.019 0.023 0.014 0.083 0.222 0.021 0.034 0.261 0.012 0.024 0.028 0.013 0.061 0.07
84 Y 0.054 0.035 0.093 0.039 0.011 0.028 0.039 0.042 0.07 0.034 0.052 0.041 0.016 0.075 0.019 0.08 0.042 0.016 0.178 0.039
85 H 0.044 0.035 0.063 0.032 0.011 0.027 0.038 0.033 0.162 0.058 0.122 0.037 0.024 0.054 0.017 0.037 0.032 0.011 0.097 0.068
86 W 0.065 0.021 0.016 0.017 0.013 0.015 0.022 0.03 0.012 0.142 0.131 0.025 0.027 0.049 0.013 0.029 0.033 0.204 0.039 0.097
87 F 0.034 0.019 0.017 0.017 0.011 0.011 0.019 0.025 0.017 0.063 0.114 0.019 0.025 0.387 0.011 0.025 0.025 0.017 0.089 0.055
88 N 0.043 0.045 0.317 0.083 0.009 0.034 0.049 0.065 0.032 0.022 0.032 0.054 0.011 0.018 0.02 0.07 0.049 0.004 0.016 0.027
89 F 0.048 0.022 0.022 0.021 0.013 0.015 0.023 0.028 0.014 0.08 0.105 0.025 0.025 0.251 0.015 0.04 0.077 0.012 0.06 0.103
90 H 0.045 0.042 0.134 0.05 0.008 0.034 0.048 0.094 0.231 0.022 0.035 0.046 0.013 0.025 0.019 0.05 0.033 0.006 0.039 0.024
91 D 0.041 0.032 0.12 0.344 0.008 0.03 0.081 0.049 0.021 0.022 0.028 0.046 0.009 0.015 0.022 0.055 0.037 0.004 0.012 0.024
92 V 0.069 0.021 0.016 0.017 0.019 0.016 0.023 0.024 0.008 0.161 0.128 0.026 0.031 0.035 0.016 0.032 0.048 0.005 0.02 0.283
93 H 0.042 0.107 0.049 0.036 0.007 0.039 0.052 0.036 0.299 0.023 0.039 0.059 0.015 0.027 0.019 0.042 0.028 0.007 0.048 0.024
94 S 0.08 0.032 0.038 0.035 0.015 0.025 0.039 0.049 0.016 0.08 0.068 0.041 0.019 0.033 0.022 0.15 0.06 0.105 0.028 0.065
95 I 0.051 0.018 0.015 0.017 0.016 0.014 0.018 0.021 0.009 0.261 0.157 0.024 0.035 0.042 0.015 0.026 0.041 0.006 0.02 0.195
96 F 0.033 0.019 0.017 0.017 0.01 0.01 0.019 0.025 0.017 0.062 0.112 0.019 0.025 0.399 0.01 0.025 0.025 0.017 0.087 0.054
97 L 0.044 0.024 0.014 0.015 0.016 0.016 0.02 0.021 0.01 0.113 0.388 0.025 0.049 0.054 0.014 0.024 0.033 0.007 0.022 0.094
98 F 0.035 0.02 0.016 0.016 0.011 0.011 0.019 0.024 0.015 0.072 0.167 0.02 0.03 0.33 0.011 0.025 0.026 0.015 0.074 0.062
99 Y 0.04 0.027 0.021 0.018 0.009 0.021 0.027 0.024 0.046 0.043 0.067 0.031 0.018 0.128 0.015 0.031 0.027 0.027 0.331 0.046
100 A 0.304 0.03 0.025 0.029 0.021 0.025 0.04 0.077 0.015 0.042 0.058 0.044 0.017 0.021 0.029 0.083 0.049 0.005 0.017 0.067
101 I 0.108 0.025 0.024 0.026 0.017 0.019 0.029 0.041 0.013 0.146 0.136 0.033 0.028 0.071 0.02 0.078 0.047 0.007 0.026 0.106
102 L 0.046 0.022 0.017 0.017 0.015 0.015 0.02 0.071 0.011 0.133 0.28 0.025 0.04 0.082 0.014 0.027 0.033 0.008 0.027 0.099
103 G 0.077 0.022 0.038 0.033 0.011 0.019 0.025 0.52 0.013 0.019 0.028 0.033 0.009 0.016 0.019 0.05 0.029 0.005 0.011 0.024
104 L 0.054 0.022 0.015 0.016 0.017 0.015 0.021 0.022 0.009 0.167 0.239 0.025 0.039 0.044 0.015 0.027 0.04 0.006 0.021 0.186
105 S 0.096 0.036 0.047 0.043 0.065 0.029 0.045 0.057 0.017 0.035 0.048 0.048 0.016 0.021 0.027 0.187 0.112 0.005 0.017 0.048
106 L 0.044 0.024 0.014 0.015 0.016 0.016 0.02 0.021 0.01 0.113 0.388 0.025 0.049 0.054 0.014 0.024 0.033 0.007 0.022 0.094
107 K 0.056 0.105 0.041 0.041 0.008 0.052 0.069 0.042 0.02 0.027 0.042 0.292 0.015 0.015 0.027 0.052 0.039 0.005 0.017 0.032
108 F 0.037 0.021 0.016 0.016 0.013 0.013 0.019 0.023 0.014 0.083 0.222 0.021 0.034 0.261 0.012 0.024 0.028 0.013 0.061 0.07
109 I 0.052 0.035 0.025 0.037 0.013 0.067 0.093 0.027 0.016 0.168 0.112 0.047 0.028 0.031 0.018 0.037 0.04 0.006 0.019 0.128
110 A 0.304 0.03 0.025 0.029 0.021 0.025 0.04 0.077 0.015 0.042 0.058 0.044 0.017 0.021 0.029 0.083 0.049 0.005 0.017 0.067
111 I 0.041 0.018 0.015 0.017 0.014 0.012 0.018 0.022 0.012 0.196 0.144 0.021 0.032 0.186 0.013 0.025 0.033 0.01 0.047 0.126
112 K 0.051 0.206 0.04 0.037 0.008 0.05 0.062 0.038 0.021 0.025 0.044 0.222 0.015 0.016 0.024 0.049 0.037 0.005 0.017 0.031
113 K 0.052 0.178 0.04 0.038 0.008 0.069 0.067 0.039 0.022 0.026 0.044 0.22 0.016 0.016 0.024 0.05 0.038 0.005 0.017 0.032
114 L 0.044 0.024 0.014 0.015 0.016 0.016 0.02 0.021 0.01 0.113 0.388 0.025 0.049 0.054 0.014 0.024 0.033 0.007 0.022 0.094
115 T 0.086 0.037 0.047 0.041 0.017 0.029 0.044 0.052 0.016 0.043 0.055 0.048 0.018 0.022 0.028 0.149 0.189 0.006 0.017 0.058
116 P 0.116 0.029 0.029 0.034 0.014 0.024 0.04 0.05 0.014 0.029 0.041 0.044 0.013 0.016 0.314 0.09 0.047 0.004 0.014 0.04
117 L 0.045 0.021 0.014 0.016 0.016 0.015 0.019 0.021 0.009 0.182 0.298 0.024 0.044 0.05 0.014 0.024 0.035 0.006 0.021 0.126
118 V 0.077 0.022 0.018 0.021 0.014 0.017 0.026 0.032 0.011 0.121 0.095 0.029 0.023 0.036 0.113 0.036 0.039 0.104 0.028 0.138
119 F 0.039 0.022 0.017 0.017 0.013 0.015 0.021 0.025 0.015 0.08 0.183 0.023 0.06 0.26 0.012 0.027 0.029 0.013 0.061 0.069
120 L 0.044 0.024 0.014 0.015 0.016 0.016 0.02 0.021 0.01 0.113 0.388 0.025 0.049 0.054 0.014 0.024 0.033 0.007 0.022 0.094
121 P 0.205 0.028 0.024 0.03 0.017 0.023 0.038 0.06 0.014 0.036 0.049 0.042 0.014 0.018 0.219 0.067 0.044 0.004 0.015 0.053
122 L 0.06 0.025 0.019 0.019 0.017 0.019 0.025 0.026 0.011 0.128 0.186 0.029 0.063 0.04 0.017 0.037 0.065 0.006 0.021 0.186
123 A 0.2 0.028 0.021 0.023 0.019 0.021 0.032 0.054 0.013 0.071 0.19 0.036 0.03 0.034 0.023 0.06 0.042 0.006 0.019 0.078
124 V 0.057 0.02 0.016 0.017 0.017 0.014 0.021 0.024 0.01 0.166 0.132 0.024 0.031 0.109 0.015 0.029 0.042 0.008 0.034 0.215
125 Y 0.04 0.027 0.021 0.018 0.009 0.021 0.027 0.024 0.046 0.043 0.067 0.031 0.018 0.128 0.015 0.031 0.027 0.027 0.331 0.046
126 L 0.051 0.023 0.016 0.017 0.016 0.017 0.021 0.023 0.01 0.171 0.23 0.027 0.067 0.046 0.015 0.028 0.039 0.006 0.021 0.155
127 G 0.089 0.029 0.044 0.039 0.013 0.024 0.036 0.338 0.015 0.023 0.033 0.041 0.012 0.018 0.023 0.124 0.05 0.005 0.013 0.031
128 N 0.042 0.044 0.275 0.073 0.009 0.034 0.049 0.059 0.098 0.022 0.032 0.051 0.012 0.02 0.02 0.063 0.044 0.005 0.024 0.026
129 Y 0.04 0.027 0.021 0.018 0.009 0.021 0.027 0.024 0.046 0.043 0.067 0.031 0.018 0.128 0.015 0.031 0.027 0.027 0.331 0.046
130 Y 0.038 0.026 0.02 0.018 0.009 0.019 0.026 0.025 0.04 0.047 0.076 0.028 0.02 0.182 0.014 0.029 0.027 0.025 0.282 0.047
131 I 0.046 0.019 0.014 0.017 0.016 0.014 0.018 0.02 0.009 0.251 0.209 0.023 0.039 0.045 0.014 0.024 0.038 0.006 0.021 0.157
132 L 0.044 0.024 0.014 0.015 0.016 0.016 0.02 0.021 0.01 0.113 0.388 0.025 0.049 0.054 0.014 0.024 0.033 0.007 0.022 0.094
133 H 0.044 0.05 0.051 0.039 0.008 0.076 0.062 0.038 0.3 0.023 0.039 0.054 0.016 0.027 0.02 0.044 0.029 0.007 0.049 0.025
134 E 0.049 0.041 0.051 0.217 0.007 0.05 0.222 0.039 0.023 0.022 0.033 0.062 0.011 0.016 0.024 0.053 0.036 0.005 0.014 0.028
135 L 0.039 0.022 0.015 0.016 0.014 0.014 0.019 0.022 0.013 0.093 0.277 0.022 0.039 0.192 0.013 0.024 0.03 0.011 0.048 0.078
136 T 0.072 0.035 0.043 0.037 0.017 0.027 0.039 0.043 0.014 0.052 0.064 0.045 0.019 0.023 0.027 0.091 0.261 0.006 0.017 0.07
137 Q 0.055 0.072 0.043 0.046 0.009 0.23 0.101 0.04 0.029 0.026 0.046 0.089 0.02 0.014 0.023 0.055 0.04 0.006 0.02 0.035
138 I 0.046 0.019 0.014 0.017 0.016 0.014 0.018 0.02 0.009 0.251 0.209 0.023 0.039 0.045 0.014 0.024 0.038 0.006 0.021 0.157
139 R 0.044 0.358 0.038 0.03 0.008 0.047 0.051 0.032 0.023 0.023 0.046 0.118 0.015 0.017 0.019 0.044 0.034 0.006 0.017 0.03
140 A 0.257 0.029 0.023 0.027 0.021 0.023 0.036 0.066 0.013 0.066 0.072 0.04 0.02 0.024 0.027 0.073 0.049 0.005 0.018 0.111
141 G 0.128 0.027 0.039 0.035 0.014 0.023 0.033 0.34 0.015 0.025 0.037 0.039 0.012 0.018 0.023 0.094 0.043 0.005 0.013 0.036
142 V 0.062 0.02 0.016 0.017 0.018 0.015 0.021 0.023 0.008 0.199 0.139 0.025 0.033 0.038 0.016 0.03 0.046 0.006 0.02 0.25
143 A 0.304 0.03 0.025 0.029 0.021 0.025 0.04 0.077 0.015 0.042 0.058 0.044 0.017 0.021 0.029 0.083 0.049 0.005 0.017 0.067
144 S 0.108 0.039 0.053 0.048 0.017 0.033 0.051 0.065 0.019 0.029 0.041 0.053 0.015 0.02 0.029 0.235 0.08 0.005 0.017 0.041
145 G 0.077 0.022 0.038 0.033 0.011 0.019 0.025 0.52 0.013 0.019 0.028 0.033 0.009 0.016 0.019 0.05 0.029 0.005 0.011 0.024
146 L 0.04 0.019 0.015 0.017 0.014 0.013 0.018 0.022 0.012 0.162 0.188 0.022 0.034 0.188 0.013 0.025 0.032 0.01 0.047 0.11
147 L 0.039 0.022 0.015 0.016 0.014 0.014 0.019 0.022 0.013 0.093 0.277 0.022 0.039 0.192 0.013 0.024 0.03 0.011 0.048 0.078
148 L 0.044 0.024 0.014 0.015 0.016 0.016 0.02 0.021 0.01 0.113 0.388 0.025 0.049 0.054 0.014 0.024 0.033 0.007 0.022 0.094
149 L 0.094 0.024 0.017 0.018 0.016 0.017 0.024 0.033 0.012 0.089 0.267 0.027 0.038 0.116 0.016 0.036 0.034 0.009 0.034 0.081
150 S 0.147 0.038 0.047 0.044 0.018 0.031 0.049 0.067 0.018 0.032 0.045 0.051 0.016 0.021 0.029 0.205 0.074 0.005 0.017 0.046
151 I 0.05 0.019 0.015 0.017 0.016 0.014 0.019 0.021 0.009 0.243 0.18 0.024 0.036 0.043 0.015 0.026 0.04 0.006 0.02 0.187
152 K 0.055 0.073 0.032 0.032 0.011 0.039 0.052 0.035 0.023 0.057 0.064 0.187 0.019 0.042 0.023 0.044 0.039 0.01 0.08 0.085
153 P 0.052 0.026 0.023 0.028 0.01 0.021 0.034 0.033 0.019 0.029 0.042 0.039 0.012 0.036 0.406 0.041 0.034 0.008 0.076 0.033
154 L 0.044 0.023 0.014 0.015 0.016 0.015 0.019 0.021 0.01 0.148 0.343 0.024 0.046 0.052 0.014 0.024 0.034 0.007 0.022 0.11
155 A 0.212 0.032 0.039 0.109 0.018 0.027 0.052 0.068 0.016 0.036 0.049 0.046 0.015 0.02 0.028 0.107 0.052 0.005 0.016 0.053
156 E 0.048 0.106 0.074 0.14 0.008 0.05 0.188 0.039 0.024 0.022 0.036 0.075 0.012 0.016 0.023 0.053 0.037 0.005 0.015 0.029
157 G 0.058 0.045 0.103 0.119 0.009 0.03 0.052 0.238 0.019 0.022 0.031 0.091 0.011 0.016 0.021 0.055 0.036 0.005 0.013 0.026
158 R 0.044 0.165 0.118 0.139 0.008 0.04 0.063 0.045 0.024 0.023 0.037 0.105 0.013 0.016 0.021 0.053 0.039 0.005 0.015 0.028
159 K 0.049 0.165 0.036 0.033 0.008 0.045 0.056 0.036 0.026 0.029 0.048 0.188 0.016 0.038 0.022 0.045 0.035 0.01 0.08 0.034
160 K 0.051 0.139 0.035 0.033 0.01 0.044 0.056 0.036 0.019 0.043 0.112 0.204 0.022 0.023 0.023 0.045 0.037 0.006 0.018 0.044
161 K 0.075 0.125 0.035 0.032 0.011 0.039 0.051 0.039 0.053 0.079 0.069 0.154 0.02 0.023 0.022 0.047 0.038 0.006 0.022 0.063
162 A 0.209 0.028 0.027 0.028 0.115 0.023 0.035 0.061 0.013 0.045 0.06 0.039 0.017 0.021 0.026 0.076 0.089 0.005 0.016 0.066
163 F 0.098 0.024 0.023 0.023 0.015 0.017 0.027 0.038 0.014 0.101 0.102 0.03 0.024 0.177 0.018 0.05 0.08 0.01 0.046 0.084
164 L 0.073 0.023 0.016 0.017 0.016 0.016 0.022 0.028 0.011 0.106 0.248 0.026 0.037 0.116 0.015 0.032 0.036 0.008 0.034 0.121
165 L 0.043 0.026 0.018 0.017 0.013 0.019 0.024 0.024 0.023 0.084 0.225 0.028 0.063 0.109 0.014 0.028 0.032 0.014 0.122 0.075
166 L 0.042 0.024 0.017 0.018 0.013 0.019 0.023 0.026 0.014 0.115 0.143 0.027 0.086 0.119 0.013 0.028 0.033 0.108 0.044 0.088
167 L 0.07 0.024 0.015 0.016 0.016 0.017 0.022 0.026 0.01 0.106 0.355 0.027 0.045 0.05 0.015 0.03 0.034 0.007 0.021 0.092
168 L 0.081 0.02 0.016 0.018 0.16 0.015 0.021 0.03 0.009 0.129 0.161 0.025 0.03 0.034 0.017 0.036 0.04 0.005 0.018 0.134
169 A 0.304 0.03 0.025 0.029 0.021 0.025 0.04 0.077 0.015 0.042 0.058 0.044 0.017 0.021 0.029 0.083 0.049 0.005 0.017 0.067
170 L 0.044 0.023 0.016 0.017 0.015 0.017 0.021 0.023 0.012 0.134 0.249 0.025 0.067 0.119 0.014 0.026 0.034 0.009 0.035 0.101
171 F 0.053 0.019 0.016 0.017 0.11 0.013 0.02 0.026 0.011 0.098 0.109 0.022 0.026 0.178 0.014 0.031 0.037 0.01 0.045 0.146
172 F 0.033 0.019 0.017 0.017 0.01 0.01 0.019 0.025 0.017 0.062 0.112 0.019 0.025 0.399 0.01 0.025 0.025 0.017 0.087 0.054
173 H 0.041 0.045 0.052 0.037 0.007 0.037 0.052 0.037 0.368 0.022 0.037 0.045 0.015 0.03 0.019 0.041 0.026 0.007 0.056 0.022
174 Y 0.04 0.027 0.021 0.018 0.009 0.021 0.027 0.024 0.046 0.043 0.067 0.031 0.018 0.128 0.015 0.031 0.027 0.027 0.331 0.046
175 S 0.108 0.039 0.053 0.048 0.017 0.033 0.051 0.065 0.019 0.029 0.041 0.053 0.015 0.02 0.029 0.235 0.08 0.005 0.017 0.041
176 S 0.108 0.039 0.053 0.048 0.017 0.033 0.051 0.065 0.019 0.029 0.041 0.053 0.015 0.02 0.029 0.235 0.08 0.005 0.017 0.041
177 A 0.154 0.026 0.024 0.026 0.018 0.021 0.031 0.047 0.012 0.142 0.102 0.036 0.025 0.03 0.023 0.061 0.087 0.006 0.018 0.11
178 I 0.152 0.023 0.019 0.022 0.018 0.018 0.027 0.043 0.011 0.176 0.118 0.032 0.028 0.034 0.02 0.049 0.044 0.006 0.019 0.142
179 L 0.044 0.024 0.014 0.015 0.016 0.016 0.02 0.021 0.01 0.113 0.388 0.025 0.049 0.054 0.014 0.024 0.033 0.007 0.022 0.094
180 F 0.038 0.019 0.016 0.016 0.013 0.012 0.019 0.023 0.014 0.117 0.178 0.021 0.032 0.259 0.012 0.025 0.029 0.012 0.061 0.086
181 P 0.056 0.025 0.023 0.03 0.01 0.02 0.035 0.035 0.013 0.025 0.035 0.04 0.01 0.013 0.503 0.043 0.035 0.003 0.013 0.03
182 L 0.044 0.024 0.014 0.015 0.016 0.016 0.02 0.021 0.01 0.113 0.388 0.025 0.049 0.054 0.014 0.024 0.033 0.007 0.022 0.094
183 L 0.045 0.025 0.015 0.016 0.016 0.018 0.021 0.022 0.011 0.11 0.349 0.027 0.074 0.052 0.014 0.026 0.034 0.007 0.022 0.094
184 L 0.049 0.023 0.014 0.015 0.016 0.016 0.02 0.022 0.01 0.123 0.336 0.025 0.045 0.05 0.014 0.026 0.036 0.007 0.022 0.132
185 L 0.043 0.023 0.014 0.015 0.015 0.015 0.02 0.021 0.011 0.108 0.36 0.024 0.046 0.088 0.014 0.024 0.032 0.008 0.028 0.09
186 S 0.071 0.051 0.109 0.125 0.012 0.036 0.062 0.056 0.021 0.026 0.037 0.099 0.013 0.018 0.025 0.128 0.057 0.005 0.016 0.033
187 N 0.042 0.044 0.33 0.081 0.009 0.033 0.048 0.064 0.031 0.022 0.031 0.053 0.011 0.018 0.02 0.068 0.048 0.004 0.015 0.026
188 K 0.066 0.092 0.043 0.042 0.01 0.048 0.066 0.047 0.02 0.027 0.042 0.244 0.015 0.016 0.027 0.089 0.047 0.005 0.017 0.034
189 E 0.048 0.045 0.159 0.118 0.008 0.048 0.183 0.047 0.027 0.022 0.033 0.063 0.012 0.017 0.023 0.06 0.041 0.005 0.015 0.028
190 L 0.047 0.024 0.016 0.017 0.016 0.019 0.021 0.023 0.011 0.16 0.262 0.027 0.083 0.049 0.015 0.027 0.037 0.007 0.022 0.117
191 T 0.062 0.039 0.1 0.056 0.014 0.035 0.095 0.045 0.019 0.04 0.052 0.052 0.016 0.021 0.025 0.079 0.174 0.005 0.017 0.053
192 L 0.056 0.095 0.027 0.025 0.013 0.044 0.036 0.126 0.015 0.077 0.161 0.052 0.028 0.031 0.017 0.038 0.036 0.006 0.018 0.099
193 K 0.052 0.174 0.04 0.039 0.008 0.086 0.07 0.039 0.023 0.026 0.044 0.199 0.016 0.016 0.024 0.05 0.038 0.005 0.018 0.032
194 K 0.051 0.057 0.093 0.048 0.01 0.075 0.083 0.04 0.028 0.042 0.054 0.103 0.017 0.04 0.021 0.05 0.039 0.01 0.08 0.059
195 R 0.046 0.307 0.039 0.032 0.008 0.048 0.055 0.034 0.022 0.024 0.045 0.153 0.015 0.017 0.021 0.045 0.035 0.006 0.017 0.031
196 I 0.048 0.021 0.016 0.017 0.015 0.015 0.021 0.022 0.017 0.172 0.155 0.025 0.032 0.095 0.014 0.027 0.037 0.011 0.089 0.15
197 L 0.103 0.022 0.017 0.019 0.065 0.017 0.023 0.034 0.01 0.153 0.17 0.028 0.032 0.037 0.018 0.039 0.041 0.006 0.019 0.147
198 W 0.032 0.023 0.015 0.015 0.009 0.015 0.022 0.028 0.014 0.046 0.119 0.023 0.022 0.058 0.009 0.023 0.024 0.403 0.058 0.043
199 A 0.304 0.03 0.025 0.029 0.021 0.025 0.04 0.077 0.015 0.042 0.058 0.044 0.017 0.021 0.029 0.083 0.049 0.005 0.017 0.067
200 L 0.081 0.033 0.037 0.034 0.016 0.027 0.038 0.094 0.016 0.059 0.139 0.042 0.054 0.032 0.022 0.134 0.058 0.006 0.019 0.06
201 L 0.05 0.021 0.015 0.016 0.016 0.015 0.019 0.021 0.009 0.192 0.246 0.024 0.04 0.046 0.015 0.026 0.038 0.006 0.021 0.164
202 I 0.048 0.018 0.015 0.017 0.016 0.013 0.018 0.021 0.009 0.273 0.161 0.023 0.036 0.042 0.015 0.025 0.04 0.006 0.02 0.184
203 P 0.056 0.025 0.023 0.03 0.01 0.02 0.035 0.035 0.013 0.025 0.035 0.04 0.01 0.013 0.503 0.043 0.035 0.003 0.013 0.03
204 L 0.123 0.023 0.018 0.02 0.017 0.017 0.025 0.039 0.012 0.121 0.163 0.029 0.03 0.109 0.018 0.043 0.039 0.008 0.033 0.113
205 G 0.099 0.023 0.037 0.033 0.012 0.019 0.027 0.475 0.013 0.021 0.031 0.034 0.01 0.016 0.02 0.054 0.031 0.005 0.011 0.028
206 Y 0.038 0.026 0.02 0.018 0.009 0.019 0.026 0.025 0.04 0.047 0.076 0.028 0.02 0.182 0.014 0.029 0.027 0.025 0.282 0.047
207 V 0.055 0.02 0.015 0.017 0.017 0.015 0.02 0.022 0.009 0.201 0.194 0.024 0.037 0.042 0.015 0.027 0.042 0.006 0.021 0.201
208 L 0.045 0.022 0.015 0.016 0.015 0.015 0.02 0.023 0.011 0.141 0.242 0.024 0.052 0.118 0.014 0.026 0.035 0.009 0.035 0.121
209 Y 0.036 0.025 0.019 0.017 0.009 0.018 0.025 0.026 0.034 0.044 0.073 0.027 0.019 0.169 0.013 0.028 0.026 0.12 0.229 0.044
210 F 0.036 0.018 0.016 0.017 0.011 0.011 0.018 0.024 0.015 0.107 0.122 0.02 0.027 0.328 0.011 0.025 0.028 0.014 0.074 0.078
211 L 0.063 0.03 0.028 0.026 0.016 0.023 0.031 0.035 0.013 0.083 0.234 0.035 0.049 0.04 0.02 0.081 0.089 0.006 0.02 0.078
212 G 0.056 0.036 0.102 0.044 0.009 0.029 0.041 0.236 0.159 0.021 0.032 0.042 0.012 0.022 0.019 0.05 0.032 0.006 0.03 0.024
213 L 0.044 0.019 0.014 0.017 0.015 0.014 0.018 0.021 0.01 0.211 0.226 0.023 0.039 0.082 0.014 0.024 0.036 0.007 0.027 0.138
214 N 0.058 0.038 0.193 0.135 0.01 0.031 0.055 0.106 0.024 0.023 0.032 0.049 0.011 0.017 0.022 0.096 0.05 0.004 0.014 0.029
215 I 0.043 0.019 0.015 0.017 0.015 0.013 0.018 0.021 0.01 0.206 0.199 0.023 0.036 0.117 0.014 0.024 0.035 0.008 0.034 0.134
216 L 0.044 0.024 0.014 0.015 0.016 0.016 0.02 0.021 0.01 0.115 0.377 0.025 0.049 0.055 0.014 0.024 0.033 0.007 0.022 0.096
217 G 0.087 0.034 0.046 0.04 0.016 0.028 0.041 0.147 0.016 0.036 0.048 0.046 0.016 0.021 0.026 0.14 0.142 0.005 0.016 0.049
218 D 0.063 0.028 0.04 0.107 0.014 0.023 0.044 0.042 0.016 0.088 0.08 0.038 0.021 0.1 0.021 0.1 0.07 0.007 0.031 0.069
219 L 0.045 0.021 0.014 0.016 0.016 0.014 0.019 0.021 0.009 0.199 0.276 0.024 0.042 0.048 0.014 0.024 0.036 0.006 0.021 0.134
220 P 0.056 0.025 0.023 0.03 0.01 0.02 0.035 0.035 0.013 0.025 0.035 0.04 0.01 0.013 0.503 0.043 0.035 0.003 0.013 0.03
221 I 0.043 0.018 0.015 0.017 0.015 0.013 0.018 0.021 0.01 0.223 0.176 0.022 0.035 0.115 0.014 0.025 0.036 0.008 0.034 0.141
222 P 0.06 0.025 0.026 0.031 0.01 0.02 0.033 0.132 0.013 0.024 0.034 0.039 0.01 0.013 0.406 0.044 0.034 0.003 0.012 0.029
223 F 0.037 0.024 0.019 0.018 0.01 0.017 0.024 0.025 0.034 0.051 0.085 0.026 0.021 0.237 0.013 0.028 0.026 0.023 0.234 0.049
224 I 0.097 0.021 0.016 0.019 0.017 0.016 0.022 0.032 0.01 0.202 0.188 0.028 0.035 0.041 0.017 0.036 0.04 0.006 0.02 0.136
225 G 0.13 0.041 0.043 0.041 0.015 0.068 0.054 0.153 0.019 0.029 0.043 0.054 0.015 0.018 0.026 0.132 0.056 0.005 0.016 0.042
226 D 0.046 0.04 0.109 0.215 0.008 0.044 0.17 0.045 0.024 0.022 0.032 0.058 0.011 0.016 0.023 0.056 0.038 0.004 0.014 0.027
227 K 0.056 0.105 0.041 0.041 0.008 0.052 0.069 0.042 0.02 0.027 0.042 0.292 0.015 0.015 0.027 0.052 0.039 0.005 0.017 0.032
228 L 0.045 0.021 0.014 0.016 0.016 0.014 0.019 0.021 0.009 0.199 0.276 0.024 0.042 0.048 0.014 0.024 0.036 0.006 0.021 0.134
229 N 0.046 0.043 0.162 0.15 0.008 0.044 0.161 0.048 0.026 0.022 0.032 0.06 0.011 0.016 0.022 0.059 0.041 0.005 0.015 0.028
230 A 0.184 0.029 0.026 0.027 0.019 0.023 0.034 0.054 0.013 0.075 0.106 0.038 0.023 0.028 0.025 0.069 0.09 0.006 0.018 0.114
231 Y 0.04 0.027 0.021 0.018 0.009 0.021 0.027 0.024 0.046 0.043 0.067 0.031 0.018 0.128 0.015 0.031 0.027 0.027 0.331 0.046
232 Q 0.078 0.07 0.043 0.08 0.01 0.154 0.087 0.045 0.025 0.027 0.045 0.121 0.018 0.015 0.024 0.057 0.04 0.005 0.018 0.036
233 G 0.079 0.038 0.072 0.054 0.013 0.035 0.095 0.146 0.02 0.032 0.052 0.051 0.029 0.021 0.024 0.125 0.054 0.005 0.016 0.039
234 L 0.044 0.024 0.014 0.015 0.016 0.016 0.02 0.021 0.01 0.113 0.388 0.025 0.049 0.054 0.014 0.024 0.033 0.007 0.022 0.094
235 K 0.105 0.083 0.038 0.039 0.011 0.083 0.07 0.049 0.021 0.03 0.046 0.202 0.017 0.016 0.027 0.059 0.041 0.005 0.018 0.04
236 E 0.049 0.041 0.051 0.217 0.007 0.05 0.222 0.039 0.023 0.022 0.033 0.062 0.011 0.016 0.024 0.053 0.036 0.005 0.014 0.028
237 K 0.055 0.082 0.041 0.056 0.008 0.091 0.148 0.04 0.023 0.025 0.041 0.186 0.015 0.015 0.026 0.053 0.038 0.005 0.017 0.032
238 G 0.077 0.022 0.038 0.033 0.011 0.019 0.025 0.52 0.013 0.019 0.028 0.033 0.009 0.016 0.019 0.05 0.029 0.005 0.011 0.024
239 L 0.049 0.023 0.019 0.019 0.015 0.017 0.023 0.024 0.017 0.167 0.176 0.027 0.033 0.06 0.016 0.033 0.059 0.01 0.082 0.133
240 F 0.097 0.021 0.018 0.019 0.015 0.015 0.023 0.034 0.013 0.123 0.115 0.026 0.027 0.179 0.016 0.038 0.037 0.01 0.046 0.126
241 G 0.078 0.023 0.039 0.034 0.011 0.019 0.026 0.511 0.013 0.019 0.028 0.034 0.009 0.016 0.019 0.051 0.03 0.005 0.011 0.024
242 D 0.043 0.036 0.115 0.28 0.008 0.037 0.126 0.047 0.022 0.022 0.03 0.052 0.01 0.016 0.022 0.055 0.038 0.004 0.013 0.026
243 E 0.101 0.041 0.042 0.141 0.01 0.049 0.212 0.045 0.022 0.026 0.039 0.062 0.013 0.017 0.025 0.059 0.038 0.005 0.015 0.037
244 I 0.055 0.019 0.015 0.017 0.017 0.014 0.02 0.022 0.008 0.236 0.15 0.024 0.034 0.04 0.015 0.028 0.043 0.006 0.02 0.217
245 N 0.042 0.044 0.33 0.081 0.009 0.033 0.048 0.064 0.031 0.022 0.031 0.053 0.011 0.018 0.02 0.068 0.048 0.004 0.015 0.026
246 V 0.069 0.021 0.016 0.017 0.019 0.016 0.023 0.024 0.008 0.161 0.128 0.026 0.031 0.035 0.016 0.032 0.048 0.005 0.02 0.283
247 F 0.033 0.019 0.017 0.017 0.01 0.01 0.019 0.025 0.017 0.062 0.112 0.019 0.025 0.399 0.01 0.025 0.025 0.017 0.087 0.054
248 N 0.049 0.04 0.272 0.072 0.009 0.03 0.044 0.155 0.027 0.021 0.03 0.049 0.011 0.017 0.02 0.065 0.045 0.005 0.014 0.026
249 L 0.067 0.024 0.015 0.016 0.015 0.017 0.022 0.028 0.011 0.089 0.288 0.026 0.039 0.052 0.014 0.029 0.032 0.106 0.03 0.079
250 V 0.069 0.021 0.016 0.017 0.019 0.016 0.023 0.024 0.008 0.161 0.128 0.026 0.031 0.035 0.016 0.032 0.048 0.005 0.02 0.283
251 F 0.034 0.02 0.018 0.017 0.01 0.013 0.02 0.025 0.022 0.058 0.103 0.021 0.024 0.345 0.011 0.026 0.025 0.019 0.136 0.052
252 L 0.042 0.023 0.014 0.015 0.015 0.015 0.02 0.022 0.011 0.103 0.333 0.024 0.044 0.123 0.013 0.024 0.031 0.009 0.035 0.086
253 V 0.069 0.021 0.016 0.017 0.019 0.016 0.023 0.024 0.008 0.161 0.128 0.026 0.031 0.035 0.016 0.032 0.048 0.005 0.02 0.283
254 K 0.051 0.206 0.04 0.037 0.008 0.05 0.062 0.038 0.021 0.025 0.044 0.222 0.015 0.016 0.024 0.049 0.037 0.005 0.017 0.031
255 I 0.05 0.024 0.078 0.03 0.015 0.018 0.025 0.03 0.013 0.208 0.13 0.03 0.03 0.037 0.016 0.035 0.043 0.005 0.019 0.166
256 L 0.048 0.024 0.015 0.017 0.016 0.018 0.021 0.022 0.011 0.149 0.278 0.027 0.07 0.048 0.015 0.027 0.037 0.007 0.022 0.128
257 I 0.047 0.02 0.015 0.018 0.016 0.016 0.019 0.022 0.01 0.248 0.17 0.026 0.064 0.044 0.015 0.027 0.039 0.006 0.021 0.157
258 F 0.036 0.023 0.019 0.017 0.01 0.016 0.023 0.025 0.031 0.052 0.09 0.025 0.022 0.264 0.013 0.028 0.026 0.022 0.209 0.05
259 F 0.039 0.024 0.018 0.017 0.012 0.016 0.023 0.023 0.026 0.07 0.177 0.025 0.029 0.187 0.013 0.027 0.028 0.018 0.165 0.063
260 F 0.037 0.024 0.019 0.018 0.01 0.017 0.024 0.025 0.034 0.051 0.085 0.026 0.021 0.237 0.013 0.028 0.026 0.023 0.234 0.049
261 I 0.048 0.026 0.084 0.034 0.014 0.019 0.028 0.034 0.016 0.141 0.107 0.032 0.025 0.105 0.017 0.047 0.083 0.008 0.032 0.099
262 L 0.044 0.024 0.014 0.015 0.016 0.016 0.02 0.021 0.01 0.113 0.388 0.025 0.049 0.054 0.014 0.024 0.033 0.007 0.022 0.094
263 Y 0.038 0.026 0.02 0.018 0.009 0.019 0.026 0.025 0.04 0.047 0.076 0.028 0.02 0.182 0.014 0.029 0.027 0.025 0.282 0.047
264 F 0.044 0.026 0.018 0.018 0.014 0.021 0.024 0.026 0.016 0.084 0.161 0.029 0.116 0.188 0.014 0.031 0.034 0.011 0.049 0.076
265 Y 0.04 0.027 0.02 0.018 0.01 0.02 0.026 0.024 0.039 0.057 0.131 0.029 0.024 0.113 0.015 0.029 0.029 0.023 0.269 0.055
266 D 0.043 0.033 0.062 0.345 0.007 0.036 0.134 0.043 0.02 0.022 0.029 0.05 0.01 0.015 0.023 0.052 0.035 0.004 0.012 0.025
267 T 0.066 0.033 0.037 0.032 0.017 0.025 0.035 0.038 0.013 0.064 0.129 0.041 0.025 0.029 0.024 0.077 0.216 0.006 0.018 0.075
268 I 0.053 0.019 0.015 0.017 0.017 0.014 0.019 0.021 0.008 0.248 0.154 0.024 0.035 0.041 0.015 0.027 0.042 0.006 0.02 0.206
269 K 0.061 0.127 0.039 0.036 0.01 0.041 0.054 0.041 0.026 0.03 0.048 0.157 0.016 0.039 0.024 0.083 0.044 0.01 0.08 0.036
270 G 0.137 0.031 0.031 0.041 0.015 0.03 0.088 0.144 0.016 0.081 0.067 0.044 0.018 0.023 0.023 0.074 0.044 0.005 0.016 0.07
271 H 0.041 0.036 0.093 0.043 0.009 0.031 0.066 0.037 0.131 0.034 0.057 0.041 0.017 0.12 0.017 0.043 0.032 0.012 0.105 0.035
272 N 0.042 0.044 0.33 0.081 0.009 0.033 0.048 0.064 0.031 0.022 0.031 0.053 0.011 0.018 0.02 0.068 0.048 0.004 0.015 0.026
273 K 0.052 0.099 0.034 0.035 0.01 0.077 0.061 0.036 0.019 0.043 0.112 0.156 0.022 0.023 0.07 0.045 0.037 0.005 0.018 0.045
274 Y 0.041 0.094 0.025 0.021 0.009 0.027 0.032 0.026 0.041 0.039 0.063 0.048 0.018 0.106 0.016 0.033 0.029 0.023 0.268 0.043
275 L 0.048 0.024 0.02 0.02 0.015 0.016 0.023 0.026 0.012 0.125 0.223 0.027 0.036 0.115 0.016 0.038 0.078 0.008 0.034 0.097
276 P 0.066 0.028 0.029 0.034 0.012 0.023 0.039 0.041 0.014 0.026 0.037 0.043 0.011 0.014 0.409 0.081 0.044 0.003 0.014 0.033
277 L 0.044 0.023 0.014 0.015 0.016 0.015 0.019 0.021 0.01 0.148 0.343 0.024 0.046 0.052 0.014 0.024 0.034 0.007 0.022 0.11
278 L 0.046 0.026 0.016 0.016 0.016 0.019 0.022 0.023 0.012 0.109 0.329 0.028 0.087 0.052 0.014 0.027 0.035 0.007 0.022 0.093
279 L 0.044 0.023 0.014 0.015 0.016 0.015 0.019 0.021 0.01 0.148 0.343 0.024 0.046 0.052 0.014 0.024 0.034 0.007 0.022 0.11
280 K 0.056 0.105 0.041 0.041 0.008 0.052 0.069 0.042 0.02 0.027 0.042 0.292 0.015 0.015 0.027 0.052 0.039 0.005 0.017 0.032
281 L 0.047 0.021 0.015 0.017 0.016 0.017 0.02 0.022 0.01 0.213 0.215 0.026 0.067 0.046 0.015 0.027 0.038 0.006 0.021 0.141
282 L 0.05 0.034 0.033 0.111 0.012 0.035 0.097 0.033 0.018 0.068 0.128 0.045 0.111 0.035 0.019 0.042 0.038 0.007 0.02 0.065
283 G 0.168 0.026 0.033 0.031 0.015 0.021 0.031 0.343 0.014 0.028 0.04 0.037 0.012 0.018 0.023 0.064 0.037 0.005 0.013 0.041
284 L 0.044 0.023 0.015 0.015 0.015 0.015 0.02 0.022 0.011 0.108 0.307 0.024 0.042 0.121 0.013 0.025 0.033 0.009 0.035 0.105
285 S 0.108 0.039 0.053 0.048 0.017 0.033 0.051 0.065 0.019 0.029 0.041 0.053 0.015 0.02 0.029 0.235 0.08 0.005 0.017 0.041
286 L 0.045 0.021 0.014 0.016 0.016 0.015 0.019 0.021 0.009 0.182 0.298 0.024 0.044 0.05 0.014 0.024 0.035 0.006 0.021 0.126
287 F 0.033 0.019 0.017 0.017 0.01 0.01 0.019 0.025 0.017 0.062 0.112 0.019 0.025 0.399 0.01 0.025 0.025 0.017 0.087 0.054
288 S 0.086 0.032 0.038 0.035 0.112 0.025 0.038 0.05 0.015 0.049 0.115 0.041 0.022 0.027 0.023 0.154 0.062 0.005 0.017 0.055
289 F 0.034 0.02 0.018 0.017 0.01 0.013 0.02 0.025 0.022 0.058 0.103 0.021 0.024 0.345 0.011 0.026 0.025 0.019 0.136 0.052
290 L 0.065 0.03 0.03 0.029 0.015 0.024 0.034 0.038 0.014 0.065 0.164 0.039 0.041 0.032 0.118 0.085 0.089 0.006 0.018 0.066
291 A 0.259 0.029 0.028 0.03 0.019 0.024 0.037 0.165 0.014 0.038 0.052 0.042 0.016 0.02 0.027 0.077 0.045 0.005 0.016 0.059
292 L 0.042 0.023 0.014 0.015 0.015 0.015 0.02 0.022 0.011 0.103 0.333 0.024 0.044 0.123 0.013 0.024 0.031 0.009 0.035 0.086
293 S 0.141 0.034 0.045 0.041 0.017 0.028 0.044 0.158 0.017 0.03 0.042 0.047 0.015 0.02 0.027 0.168 0.064 0.005 0.016 0.043
294 S 0.129 0.043 0.043 0.042 0.016 0.069 0.056 0.058 0.019 0.036 0.05 0.057 0.017 0.02 0.027 0.14 0.102 0.005 0.018 0.051
295 L 0.045 0.02 0.014 0.016 0.016 0.014 0.018 0.02 0.009 0.216 0.254 0.024 0.041 0.047 0.014 0.024 0.037 0.006 0.021 0.142
296 P 0.056 0.025 0.023 0.03 0.01 0.02 0.035 0.035 0.013 0.025 0.035 0.04 0.01 0.013 0.503 0.043 0.035 0.003 0.013 0.03
297 V 0.107 0.022 0.017 0.02 0.018 0.017 0.024 0.033 0.01 0.187 0.129 0.028 0.03 0.036 0.018 0.039 0.045 0.006 0.02 0.196
298 L 0.047 0.022 0.014 0.016 0.016 0.015 0.02 0.021 0.009 0.152 0.317 0.025 0.044 0.05 0.014 0.025 0.036 0.007 0.021 0.129
299 A 0.265 0.032 0.031 0.033 0.02 0.027 0.042 0.074 0.015 0.04 0.055 0.046 0.017 0.021 0.029 0.114 0.055 0.005 0.017 0.062
300 F 0.037 0.021 0.017 0.017 0.011 0.014 0.02 0.025 0.016 0.069 0.128 0.022 0.055 0.329 0.011 0.027 0.028 0.015 0.074 0.061
301 R 0.044 0.358 0.038 0.03 0.008 0.047 0.051 0.032 0.023 0.023 0.046 0.118 0.015 0.017 0.019 0.044 0.034 0.006 0.017 0.03
302 I 0.048 0.019 0.014 0.017 0.016 0.014 0.018 0.021 0.009 0.238 0.206 0.024 0.038 0.045 0.014 0.025 0.039 0.006 0.021 0.168
303 S 0.101 0.038 0.051 0.046 0.017 0.031 0.049 0.061 0.018 0.034 0.046 0.051 0.016 0.021 0.029 0.206 0.117 0.005 0.017 0.047
304 E 0.054 0.049 0.04 0.088 0.007 0.063 0.31 0.034 0.025 0.022 0.036 0.074 0.013 0.016 0.025 0.054 0.036 0.005 0.016 0.031
305 L 0.044 0.024 0.014 0.015 0.016 0.016 0.02 0.021 0.01 0.113 0.388 0.025 0.049 0.054 0.014 0.024 0.033 0.007 0.022 0.094
306 Y 0.041 0.026 0.018 0.017 0.012 0.019 0.024 0.023 0.031 0.071 0.195 0.028 0.03 0.098 0.015 0.028 0.03 0.019 0.207 0.065
307 G 0.077 0.022 0.038 0.033 0.011 0.019 0.025 0.52 0.013 0.019 0.028 0.033 0.009 0.016 0.019 0.05 0.029 0.005 0.011 0.024
308 I 0.051 0.018 0.015 0.017 0.016 0.014 0.018 0.021 0.009 0.261 0.157 0.024 0.035 0.042 0.015 0.026 0.041 0.006 0.02 0.195
309 V 0.069 0.024 0.021 0.021 0.019 0.018 0.026 0.028 0.009 0.14 0.115 0.029 0.029 0.033 0.018 0.044 0.091 0.005 0.02 0.241
310 E 0.05 0.043 0.048 0.185 0.007 0.053 0.244 0.038 0.023 0.022 0.033 0.065 0.012 0.016 0.024 0.053 0.036 0.005 0.015 0.029
311 I 0.051 0.018 0.015 0.017 0.016 0.014 0.018 0.021 0.009 0.261 0.157 0.024 0.035 0.042 0.015 0.026 0.041 0.006 0.02 0.195
312 I 0.05 0.019 0.015 0.017 0.016 0.014 0.019 0.021 0.009 0.226 0.202 0.024 0.038 0.044 0.015 0.026 0.04 0.006 0.021 0.179
313 L 0.044 0.023 0.014 0.015 0.016 0.015 0.019 0.021 0.01 0.148 0.343 0.024 0.046 0.052 0.014 0.024 0.034 0.007 0.022 0.11
314 F 0.037 0.021 0.017 0.017 0.011 0.014 0.02 0.025 0.016 0.069 0.128 0.022 0.055 0.329 0.011 0.027 0.028 0.015 0.074 0.061
315 T 0.125 0.033 0.039 0.036 0.018 0.027 0.04 0.052 0.014 0.057 0.065 0.044 0.019 0.023 0.027 0.112 0.161 0.006 0.018 0.085
316 N 0.055 0.035 0.208 0.058 0.155 0.027 0.039 0.054 0.023 0.029 0.042 0.043 0.013 0.019 0.02 0.076 0.048 0.004 0.015 0.037
317 I 0.05 0.019 0.015 0.017 0.016 0.014 0.019 0.021 0.009 0.226 0.202 0.024 0.038 0.044 0.015 0.026 0.04 0.006 0.021 0.179
318 F 0.038 0.023 0.018 0.017 0.011 0.016 0.022 0.024 0.027 0.065 0.149 0.025 0.027 0.222 0.013 0.027 0.027 0.019 0.172 0.059
319 Y 0.04 0.027 0.021 0.018 0.009 0.021 0.027 0.024 0.046 0.043 0.067 0.031 0.018 0.128 0.015 0.031 0.027 0.027 0.331 0.046
