#Seq2Logo.py -f /work3/idamei/ssn-clusterings/clustering/2205111239/clusters/0009_175/sequences.afa -o /work3/idamei/ssn-clusterings/clustering/2205111239/clusters/0009_175/sequences.logo
#Position Specific Frequency Matrix
A R N D C Q E G H I L K M F P S T W Y V
0 L 0.051 0.031 0.02 0.02 0.016 0.027 0.027 0.027 0.016 0.098 0.192 0.035 0.183 0.047 0.016 0.035 0.039 0.008 0.023 0.09
1 G 0.074 0.049 0.036 0.034 0.014 0.03 0.042 0.128 0.015 0.065 0.065 0.107 0.019 0.022 0.023 0.084 0.068 0.005 0.017 0.105
2 L 0.058 0.039 0.085 0.038 0.013 0.027 0.038 0.041 0.023 0.071 0.121 0.062 0.023 0.047 0.02 0.081 0.065 0.009 0.075 0.063
3 L 0.057 0.028 0.029 0.066 0.015 0.021 0.035 0.033 0.013 0.084 0.271 0.033 0.037 0.042 0.018 0.074 0.044 0.006 0.02 0.075
4 N 0.039 0.034 0.201 0.056 0.01 0.024 0.037 0.049 0.025 0.038 0.064 0.04 0.017 0.168 0.016 0.051 0.039 0.009 0.044 0.038
5 V 0.08 0.029 0.031 0.029 0.018 0.023 0.034 0.04 0.013 0.1 0.145 0.037 0.029 0.033 0.021 0.109 0.059 0.006 0.02 0.146
6 I 0.046 0.128 0.023 0.022 0.013 0.025 0.029 0.025 0.014 0.191 0.127 0.056 0.03 0.035 0.016 0.031 0.038 0.006 0.019 0.127
7 D 0.041 0.036 0.17 0.275 0.008 0.031 0.074 0.054 0.024 0.022 0.029 0.048 0.01 0.016 0.021 0.059 0.041 0.004 0.013 0.025
8 R 0.044 0.286 0.034 0.028 0.009 0.042 0.045 0.03 0.02 0.041 0.113 0.1 0.022 0.025 0.018 0.04 0.034 0.006 0.018 0.044
9 F 0.034 0.019 0.017 0.017 0.011 0.011 0.019 0.025 0.017 0.063 0.114 0.019 0.025 0.387 0.011 0.025 0.025 0.017 0.089 0.055
10 L 0.067 0.03 0.029 0.03 0.015 0.024 0.034 0.039 0.014 0.062 0.16 0.039 0.046 0.032 0.158 0.091 0.048 0.005 0.018 0.06
11 N 0.061 0.042 0.249 0.071 0.011 0.033 0.049 0.064 0.027 0.024 0.034 0.053 0.012 0.018 0.022 0.119 0.058 0.005 0.016 0.031
12 N 0.046 0.064 0.19 0.06 0.008 0.04 0.056 0.052 0.084 0.024 0.036 0.133 0.013 0.019 0.022 0.058 0.041 0.005 0.023 0.027
13 V 0.071 0.025 0.023 0.023 0.018 0.019 0.028 0.032 0.011 0.125 0.163 0.031 0.031 0.036 0.018 0.072 0.051 0.006 0.02 0.199
14 V 0.053 0.03 0.021 0.022 0.014 0.053 0.035 0.026 0.018 0.132 0.154 0.036 0.031 0.051 0.016 0.033 0.039 0.009 0.073 0.154
15 Y 0.046 0.053 0.029 0.027 0.01 0.031 0.042 0.031 0.058 0.077 0.072 0.119 0.02 0.068 0.019 0.037 0.033 0.015 0.154 0.06
16 P 0.057 0.079 0.075 0.037 0.012 0.028 0.038 0.041 0.019 0.044 0.074 0.051 0.04 0.077 0.09 0.078 0.076 0.007 0.027 0.048
17 N 0.043 0.052 0.294 0.075 0.009 0.035 0.051 0.06 0.029 0.023 0.032 0.088 0.011 0.017 0.021 0.065 0.047 0.004 0.015 0.027
18 N 0.055 0.049 0.121 0.047 0.011 0.06 0.051 0.045 0.026 0.066 0.06 0.085 0.018 0.036 0.021 0.077 0.046 0.008 0.063 0.054
19 L 0.086 0.033 0.02 0.022 0.015 0.021 0.029 0.032 0.012 0.141 0.151 0.065 0.03 0.088 0.018 0.038 0.038 0.007 0.029 0.126
20 I 0.044 0.017 0.015 0.017 0.015 0.013 0.017 0.021 0.01 0.259 0.156 0.022 0.034 0.095 0.014 0.024 0.037 0.007 0.029 0.155
21 S 0.119 0.033 0.04 0.037 0.086 0.027 0.041 0.055 0.015 0.039 0.053 0.044 0.017 0.021 0.026 0.147 0.123 0.005 0.016 0.055
22 L 0.057 0.024 0.02 0.02 0.016 0.017 0.024 0.027 0.01 0.158 0.239 0.028 0.037 0.043 0.016 0.056 0.043 0.006 0.02 0.136
23 L 0.054 0.024 0.024 0.024 0.015 0.017 0.026 0.031 0.013 0.129 0.149 0.029 0.029 0.142 0.017 0.065 0.072 0.009 0.038 0.093
24 L 0.046 0.019 0.015 0.016 0.084 0.013 0.018 0.023 0.01 0.172 0.207 0.022 0.035 0.094 0.014 0.026 0.034 0.007 0.029 0.116
25 F 0.037 0.022 0.016 0.016 0.012 0.014 0.02 0.023 0.018 0.077 0.206 0.022 0.032 0.239 0.012 0.025 0.028 0.015 0.099 0.067
26 L 0.055 0.024 0.02 0.02 0.016 0.017 0.024 0.028 0.012 0.126 0.232 0.028 0.036 0.095 0.016 0.056 0.041 0.008 0.03 0.119
27 F 0.051 0.022 0.021 0.021 0.083 0.015 0.023 0.03 0.013 0.094 0.142 0.025 0.027 0.193 0.015 0.058 0.037 0.01 0.047 0.074
28 L 0.041 0.021 0.015 0.016 0.014 0.014 0.019 0.022 0.012 0.123 0.28 0.023 0.04 0.152 0.013 0.024 0.031 0.009 0.04 0.093
29 L 0.048 0.022 0.017 0.018 0.015 0.016 0.02 0.093 0.01 0.124 0.308 0.025 0.041 0.046 0.015 0.027 0.033 0.006 0.02 0.095
30 L 0.069 0.022 0.018 0.019 0.015 0.015 0.023 0.028 0.012 0.128 0.156 0.026 0.03 0.142 0.015 0.035 0.054 0.009 0.039 0.146
31 L 0.044 0.02 0.015 0.016 0.015 0.013 0.019 0.022 0.011 0.156 0.209 0.022 0.035 0.148 0.013 0.025 0.034 0.009 0.039 0.132
32 F 0.055 0.023 0.021 0.021 0.014 0.016 0.024 0.03 0.013 0.092 0.146 0.026 0.028 0.194 0.015 0.058 0.04 0.01 0.048 0.125
33 L 0.099 0.027 0.022 0.023 0.017 0.021 0.029 0.037 0.012 0.102 0.19 0.033 0.054 0.038 0.019 0.067 0.047 0.006 0.02 0.138
34 S 0.078 0.029 0.035 0.033 0.085 0.023 0.034 0.044 0.013 0.109 0.082 0.038 0.022 0.027 0.023 0.129 0.089 0.005 0.017 0.084
35 L 0.059 0.023 0.02 0.02 0.085 0.017 0.024 0.029 0.01 0.123 0.225 0.028 0.035 0.04 0.017 0.058 0.043 0.006 0.019 0.12
36 Y 0.04 0.03 0.032 0.078 0.009 0.025 0.04 0.029 0.088 0.037 0.057 0.034 0.016 0.097 0.017 0.035 0.028 0.021 0.251 0.039
37 F 0.047 0.022 0.017 0.017 0.013 0.015 0.022 0.024 0.021 0.117 0.11 0.024 0.026 0.168 0.014 0.028 0.034 0.015 0.13 0.136
38 L 0.056 0.025 0.02 0.02 0.016 0.018 0.025 0.027 0.011 0.107 0.305 0.029 0.041 0.046 0.016 0.056 0.041 0.006 0.021 0.114
39 D 0.051 0.044 0.051 0.213 0.008 0.04 0.142 0.11 0.02 0.022 0.032 0.087 0.011 0.015 0.023 0.052 0.035 0.005 0.013 0.027
40 L 0.045 0.023 0.023 0.073 0.013 0.017 0.03 0.026 0.017 0.115 0.183 0.027 0.031 0.104 0.015 0.03 0.034 0.01 0.074 0.11
41 E 0.06 0.039 0.039 0.103 0.012 0.065 0.13 0.037 0.019 0.082 0.068 0.054 0.019 0.023 0.022 0.073 0.045 0.005 0.017 0.089
42 L 0.039 0.02 0.015 0.016 0.013 0.013 0.018 0.022 0.012 0.142 0.207 0.021 0.035 0.201 0.012 0.024 0.031 0.011 0.049 0.099
43 Y 0.049 0.029 0.032 0.087 0.011 0.027 0.077 0.031 0.025 0.057 0.071 0.038 0.019 0.107 0.019 0.044 0.067 0.013 0.118 0.08
44 L 0.047 0.022 0.014 0.015 0.016 0.015 0.02 0.021 0.009 0.145 0.323 0.024 0.044 0.049 0.014 0.025 0.036 0.007 0.021 0.133
45 S 0.089 0.036 0.045 0.042 0.016 0.029 0.045 0.054 0.016 0.035 0.046 0.048 0.016 0.02 0.097 0.17 0.127 0.005 0.016 0.047
46 D 0.05 0.033 0.103 0.315 0.009 0.03 0.078 0.051 0.02 0.023 0.03 0.046 0.01 0.016 0.022 0.081 0.043 0.004 0.012 0.026
47 Y 0.042 0.026 0.023 0.02 0.011 0.019 0.026 0.027 0.033 0.049 0.079 0.029 0.02 0.191 0.015 0.037 0.061 0.021 0.22 0.051
48 G 0.099 0.028 0.029 0.028 0.015 0.022 0.031 0.112 0.014 0.08 0.085 0.036 0.042 0.033 0.02 0.078 0.075 0.077 0.024 0.07
49 W 0.029 0.022 0.015 0.015 0.007 0.015 0.022 0.029 0.015 0.029 0.051 0.022 0.015 0.059 0.007 0.022 0.022 0.507 0.066 0.029
50 S 0.107 0.039 0.053 0.047 0.017 0.032 0.051 0.064 0.019 0.029 0.041 0.053 0.015 0.02 0.029 0.243 0.08 0.005 0.017 0.041
51 L 0.053 0.021 0.015 0.016 0.016 0.015 0.02 0.023 0.01 0.151 0.206 0.024 0.036 0.094 0.014 0.027 0.039 0.007 0.03 0.183
52 L 0.054 0.025 0.02 0.02 0.016 0.017 0.024 0.028 0.012 0.1 0.265 0.028 0.038 0.096 0.016 0.056 0.04 0.008 0.03 0.108
53 F 0.039 0.02 0.016 0.016 0.012 0.012 0.019 0.024 0.014 0.083 0.154 0.02 0.029 0.302 0.012 0.026 0.029 0.013 0.068 0.093
54 I 0.055 0.022 0.019 0.02 0.017 0.016 0.022 0.024 0.009 0.194 0.171 0.027 0.034 0.039 0.016 0.036 0.073 0.006 0.02 0.18
55 L 0.074 0.031 0.036 0.033 0.016 0.024 0.035 0.111 0.014 0.058 0.146 0.039 0.025 0.03 0.022 0.109 0.113 0.006 0.017 0.061
56 F 0.037 0.022 0.018 0.017 0.011 0.015 0.022 0.024 0.028 0.086 0.099 0.024 0.023 0.234 0.013 0.027 0.028 0.02 0.185 0.067
57 L 0.054 0.02 0.015 0.016 0.086 0.014 0.019 0.023 0.009 0.167 0.204 0.024 0.035 0.04 0.015 0.028 0.039 0.006 0.019 0.167
58 F 0.047 0.02 0.019 0.019 0.013 0.013 0.02 0.095 0.013 0.11 0.149 0.023 0.028 0.194 0.013 0.029 0.032 0.01 0.047 0.106
59 L 0.046 0.02 0.015 0.016 0.015 0.014 0.019 0.021 0.01 0.189 0.216 0.023 0.037 0.096 0.014 0.025 0.036 0.008 0.03 0.149
60 V 0.062 0.02 0.016 0.017 0.018 0.015 0.021 0.023 0.008 0.198 0.137 0.025 0.032 0.037 0.016 0.03 0.045 0.005 0.02 0.256
61 Y 0.037 0.025 0.02 0.018 0.009 0.018 0.025 0.024 0.037 0.048 0.079 0.027 0.02 0.206 0.014 0.029 0.026 0.024 0.266 0.048
62 L 0.055 0.022 0.024 0.023 0.014 0.016 0.024 0.1 0.013 0.124 0.144 0.028 0.028 0.141 0.016 0.059 0.038 0.009 0.037 0.087
63 L 0.039 0.022 0.015 0.015 0.014 0.014 0.019 0.022 0.012 0.094 0.293 0.022 0.04 0.179 0.013 0.024 0.03 0.01 0.045 0.079
64 R 0.045 0.327 0.038 0.032 0.008 0.048 0.053 0.033 0.022 0.023 0.045 0.143 0.015 0.017 0.02 0.045 0.035 0.006 0.017 0.03
65 F 0.039 0.033 0.021 0.02 0.01 0.02 0.028 0.027 0.024 0.079 0.087 0.063 0.022 0.169 0.014 0.03 0.029 0.086 0.136 0.061
66 I 0.09 0.022 0.02 0.022 0.017 0.017 0.024 0.032 0.01 0.203 0.128 0.029 0.03 0.036 0.018 0.043 0.074 0.006 0.019 0.159
67 N 0.041 0.044 0.337 0.081 0.009 0.033 0.048 0.063 0.031 0.022 0.031 0.052 0.011 0.017 0.02 0.068 0.048 0.004 0.015 0.026
68 G 0.065 0.146 0.041 0.036 0.01 0.038 0.049 0.18 0.019 0.023 0.039 0.136 0.013 0.017 0.022 0.076 0.04 0.005 0.015 0.03
69 V 0.057 0.02 0.016 0.017 0.017 0.014 0.02 0.023 0.009 0.184 0.135 0.024 0.031 0.09 0.015 0.029 0.042 0.007 0.029 0.222
70 N 0.053 0.037 0.205 0.059 0.011 0.028 0.042 0.053 0.023 0.036 0.085 0.047 0.017 0.022 0.09 0.083 0.048 0.005 0.016 0.038
71 L 0.048 0.025 0.02 0.019 0.014 0.018 0.025 0.029 0.012 0.077 0.245 0.028 0.034 0.05 0.014 0.054 0.036 0.15 0.034 0.068
72 V 0.064 0.023 0.02 0.021 0.017 0.017 0.025 0.028 0.01 0.172 0.163 0.028 0.032 0.038 0.017 0.059 0.048 0.006 0.02 0.193
73 S 0.076 0.037 0.091 0.108 0.012 0.034 0.09 0.123 0.02 0.024 0.035 0.051 0.012 0.018 0.024 0.136 0.055 0.005 0.015 0.032
74 L 0.064 0.02 0.015 0.017 0.016 0.014 0.02 0.025 0.01 0.18 0.211 0.024 0.036 0.095 0.015 0.029 0.036 0.008 0.03 0.133
75 Y 0.041 0.033 0.024 0.022 0.009 0.052 0.038 0.026 0.043 0.04 0.064 0.039 0.018 0.111 0.016 0.034 0.029 0.024 0.292 0.044
76 S 0.107 0.039 0.053 0.047 0.017 0.032 0.051 0.064 0.019 0.029 0.041 0.053 0.015 0.02 0.029 0.243 0.08 0.005 0.017 0.041
77 L 0.044 0.023 0.014 0.015 0.016 0.015 0.019 0.021 0.01 0.138 0.361 0.024 0.046 0.052 0.014 0.024 0.033 0.007 0.021 0.105
78 F 0.033 0.018 0.016 0.016 0.01 0.01 0.018 0.025 0.016 0.062 0.111 0.018 0.025 0.405 0.01 0.025 0.025 0.016 0.086 0.053
79 F 0.041 0.024 0.022 0.02 0.011 0.017 0.025 0.027 0.028 0.052 0.085 0.027 0.021 0.231 0.015 0.036 0.061 0.02 0.184 0.052
80 L 0.044 0.02 0.015 0.016 0.015 0.013 0.019 0.022 0.011 0.156 0.209 0.022 0.035 0.148 0.013 0.025 0.034 0.009 0.039 0.132
81 T 0.081 0.036 0.045 0.04 0.017 0.028 0.042 0.048 0.015 0.045 0.057 0.046 0.018 0.022 0.027 0.134 0.214 0.006 0.017 0.061
82 T 0.063 0.028 0.032 0.03 0.016 0.021 0.031 0.036 0.013 0.119 0.095 0.036 0.024 0.083 0.021 0.084 0.141 0.007 0.028 0.092
83 L 0.045 0.024 0.015 0.016 0.016 0.017 0.02 0.022 0.01 0.136 0.332 0.026 0.066 0.051 0.014 0.025 0.034 0.007 0.022 0.104
84 L 0.05 0.024 0.016 0.017 0.016 0.018 0.022 0.023 0.011 0.166 0.232 0.027 0.081 0.046 0.015 0.028 0.038 0.007 0.021 0.143
85 F 0.033 0.018 0.016 0.016 0.01 0.01 0.018 0.025 0.016 0.062 0.111 0.018 0.025 0.405 0.01 0.025 0.025 0.016 0.086 0.053
86 L 0.049 0.022 0.015 0.017 0.016 0.016 0.02 0.022 0.01 0.194 0.228 0.025 0.06 0.045 0.015 0.027 0.038 0.006 0.021 0.154
87 G 0.066 0.02 0.029 0.026 0.15 0.015 0.021 0.312 0.012 0.032 0.05 0.027 0.013 0.072 0.016 0.043 0.03 0.006 0.022 0.037
88 G 0.08 0.025 0.04 0.035 0.011 0.02 0.029 0.459 0.014 0.02 0.029 0.036 0.01 0.016 0.02 0.077 0.036 0.005 0.011 0.026
89 R 0.043 0.364 0.038 0.03 0.008 0.047 0.051 0.032 0.023 0.023 0.045 0.117 0.015 0.017 0.019 0.043 0.034 0.006 0.017 0.03
90 F 0.033 0.018 0.016 0.016 0.01 0.01 0.018 0.025 0.016 0.062 0.111 0.018 0.025 0.405 0.01 0.025 0.025 0.016 0.086 0.053
91 F 0.037 0.018 0.016 0.017 0.012 0.011 0.018 0.023 0.014 0.127 0.126 0.02 0.028 0.301 0.011 0.025 0.029 0.013 0.067 0.087
92 A 0.184 0.03 0.033 0.033 0.018 0.025 0.038 0.129 0.014 0.052 0.058 0.042 0.017 0.022 0.026 0.116 0.054 0.005 0.016 0.085
93 I 0.057 0.032 0.072 0.035 0.014 0.051 0.038 0.105 0.016 0.123 0.089 0.041 0.023 0.027 0.019 0.049 0.073 0.005 0.018 0.112
94 L 0.039 0.02 0.015 0.016 0.013 0.013 0.018 0.022 0.012 0.142 0.207 0.021 0.035 0.201 0.012 0.024 0.031 0.011 0.049 0.099
95 L 0.042 0.023 0.014 0.015 0.015 0.015 0.019 0.021 0.011 0.105 0.353 0.024 0.045 0.103 0.013 0.024 0.031 0.008 0.031 0.088
96 G 0.067 0.025 0.077 0.037 0.011 0.02 0.027 0.386 0.015 0.058 0.047 0.034 0.013 0.02 0.018 0.049 0.033 0.005 0.013 0.045
97 Y 0.043 0.026 0.026 0.076 0.011 0.021 0.035 0.028 0.027 0.057 0.15 0.032 0.024 0.073 0.086 0.033 0.031 0.014 0.154 0.054
98 D 0.054 0.051 0.085 0.104 0.009 0.066 0.099 0.045 0.022 0.025 0.039 0.09 0.014 0.022 0.022 0.078 0.043 0.077 0.023 0.031
99 D 0.056 0.045 0.082 0.102 0.011 0.035 0.09 0.044 0.019 0.037 0.086 0.084 0.017 0.021 0.092 0.076 0.043 0.005 0.016 0.039
100 N 0.043 0.032 0.129 0.042 0.011 0.025 0.035 0.038 0.083 0.115 0.082 0.038 0.021 0.046 0.017 0.043 0.038 0.009 0.077 0.077
101 P 0.063 0.031 0.038 0.096 0.01 0.029 0.084 0.11 0.016 0.024 0.034 0.046 0.011 0.015 0.231 0.075 0.041 0.004 0.013 0.03
102 I 0.049 0.021 0.018 0.02 0.016 0.015 0.021 0.023 0.009 0.232 0.182 0.026 0.035 0.042 0.016 0.034 0.071 0.006 0.02 0.146
103 F 0.034 0.02 0.024 0.073 0.01 0.013 0.028 0.028 0.017 0.056 0.099 0.022 0.022 0.349 0.012 0.028 0.026 0.015 0.075 0.049
104 E 0.051 0.051 0.037 0.065 0.008 0.105 0.212 0.034 0.025 0.028 0.049 0.07 0.016 0.071 0.022 0.05 0.035 0.007 0.027 0.035
105 L 0.044 0.023 0.014 0.015 0.016 0.015 0.019 0.021 0.01 0.138 0.361 0.024 0.046 0.052 0.014 0.024 0.033 0.007 0.021 0.105
106 D 0.04 0.031 0.106 0.367 0.007 0.03 0.083 0.048 0.02 0.022 0.028 0.045 0.009 0.015 0.021 0.053 0.036 0.004 0.011 0.024
107 F 0.033 0.018 0.016 0.016 0.01 0.01 0.018 0.025 0.016 0.062 0.111 0.018 0.025 0.405 0.01 0.025 0.025 0.016 0.086 0.053
108 F 0.033 0.018 0.016 0.016 0.01 0.01 0.018 0.025 0.016 0.062 0.111 0.018 0.025 0.405 0.01 0.025 0.025 0.016 0.086 0.053
109 I 0.094 0.025 0.024 0.024 0.017 0.019 0.027 0.035 0.011 0.169 0.114 0.032 0.028 0.033 0.02 0.052 0.107 0.006 0.019 0.144
110 Y 0.045 0.079 0.031 0.025 0.01 0.028 0.036 0.03 0.084 0.038 0.059 0.047 0.017 0.082 0.018 0.042 0.062 0.018 0.206 0.043
111 R 0.044 0.185 0.035 0.029 0.008 0.039 0.047 0.032 0.079 0.029 0.05 0.108 0.016 0.05 0.019 0.04 0.031 0.012 0.114 0.034
112 L 0.059 0.089 0.031 0.029 0.014 0.031 0.039 0.036 0.016 0.065 0.167 0.085 0.049 0.033 0.021 0.073 0.075 0.006 0.019 0.064
113 L 0.043 0.024 0.014 0.015 0.016 0.016 0.02 0.021 0.01 0.112 0.394 0.025 0.048 0.053 0.014 0.024 0.032 0.007 0.022 0.093
114 N 0.055 0.038 0.215 0.117 0.01 0.03 0.051 0.127 0.025 0.022 0.031 0.048 0.011 0.017 0.021 0.088 0.048 0.004 0.014 0.028
115 D 0.055 0.029 0.061 0.308 0.009 0.028 0.074 0.116 0.018 0.022 0.029 0.043 0.01 0.015 0.022 0.078 0.04 0.004 0.012 0.026
116 F 0.085 0.041 0.024 0.026 0.013 0.052 0.041 0.036 0.016 0.07 0.127 0.074 0.026 0.135 0.018 0.042 0.037 0.009 0.038 0.089
117 E 0.052 0.046 0.043 0.134 0.007 0.058 0.284 0.036 0.024 0.021 0.035 0.069 0.012 0.016 0.025 0.053 0.036 0.005 0.015 0.029
118 K 0.087 0.069 0.031 0.032 0.011 0.037 0.05 0.041 0.017 0.072 0.071 0.183 0.02 0.076 0.023 0.048 0.038 0.007 0.027 0.06
119 T 0.081 0.036 0.045 0.04 0.017 0.028 0.042 0.048 0.015 0.045 0.057 0.046 0.018 0.022 0.027 0.134 0.214 0.006 0.017 0.061
120 K 0.05 0.061 0.076 0.041 0.011 0.091 0.06 0.038 0.021 0.102 0.076 0.125 0.022 0.023 0.021 0.047 0.04 0.005 0.018 0.072
121 L 0.043 0.024 0.014 0.015 0.016 0.016 0.02 0.021 0.01 0.112 0.394 0.025 0.048 0.053 0.014 0.024 0.032 0.007 0.022 0.093
122 L 0.046 0.028 0.019 0.019 0.014 0.022 0.025 0.027 0.016 0.087 0.168 0.03 0.139 0.149 0.014 0.032 0.035 0.01 0.041 0.079
123 Y 0.044 0.024 0.018 0.017 0.081 0.018 0.023 0.025 0.027 0.063 0.137 0.027 0.047 0.129 0.014 0.031 0.03 0.017 0.165 0.061
124 L 0.045 0.027 0.021 0.019 0.013 0.02 0.026 0.025 0.026 0.074 0.206 0.03 0.031 0.08 0.016 0.036 0.064 0.015 0.156 0.069
125 L 0.057 0.024 0.02 0.02 0.016 0.017 0.024 0.027 0.01 0.158 0.239 0.028 0.037 0.043 0.016 0.056 0.043 0.006 0.02 0.136
126 F 0.037 0.02 0.016 0.017 0.012 0.013 0.02 0.023 0.018 0.099 0.152 0.022 0.029 0.263 0.012 0.025 0.028 0.015 0.103 0.075
127 I 0.089 0.023 0.02 0.022 0.017 0.017 0.025 0.033 0.011 0.195 0.165 0.03 0.032 0.038 0.018 0.053 0.058 0.006 0.019 0.129
128 G 0.072 0.023 0.033 0.03 0.013 0.019 0.026 0.315 0.013 0.098 0.068 0.033 0.018 0.024 0.019 0.07 0.039 0.005 0.014 0.068
129 L 0.044 0.022 0.015 0.016 0.015 0.016 0.02 0.022 0.011 0.154 0.258 0.025 0.061 0.1 0.014 0.026 0.034 0.008 0.031 0.109
130 I 0.072 0.027 0.031 0.03 0.016 0.021 0.032 0.039 0.013 0.179 0.111 0.036 0.027 0.033 0.021 0.118 0.056 0.005 0.019 0.115
131 S 0.126 0.036 0.044 0.041 0.016 0.03 0.046 0.06 0.022 0.033 0.047 0.048 0.016 0.036 0.027 0.189 0.068 0.008 0.063 0.045
132 L 0.054 0.028 0.021 0.021 0.016 0.021 0.026 0.029 0.013 0.096 0.285 0.032 0.083 0.047 0.016 0.058 0.041 0.007 0.021 0.085
133 E 0.054 0.048 0.039 0.088 0.007 0.063 0.317 0.034 0.025 0.021 0.036 0.073 0.013 0.016 0.025 0.054 0.036 0.005 0.016 0.03
134 L 0.089 0.023 0.016 0.018 0.017 0.017 0.023 0.029 0.01 0.141 0.236 0.027 0.037 0.042 0.017 0.034 0.04 0.006 0.02 0.157
135 G 0.076 0.022 0.038 0.033 0.01 0.018 0.025 0.524 0.013 0.018 0.027 0.033 0.009 0.016 0.018 0.05 0.029 0.005 0.01 0.024
136 L 0.053 0.034 0.026 0.025 0.013 0.051 0.038 0.031 0.024 0.068 0.2 0.039 0.031 0.064 0.018 0.061 0.039 0.012 0.111 0.064
137 Y 0.039 0.027 0.021 0.018 0.009 0.021 0.027 0.024 0.045 0.042 0.067 0.03 0.018 0.127 0.015 0.03 0.027 0.027 0.338 0.045
138 F 0.047 0.022 0.021 0.021 0.013 0.015 0.023 0.029 0.014 0.101 0.169 0.025 0.03 0.223 0.014 0.056 0.036 0.011 0.053 0.077
139 S 0.165 0.036 0.045 0.042 0.018 0.03 0.048 0.068 0.017 0.033 0.046 0.05 0.016 0.02 0.029 0.197 0.071 0.005 0.017 0.048
140 R 0.042 0.222 0.075 0.033 0.009 0.037 0.043 0.034 0.025 0.038 0.096 0.082 0.02 0.038 0.018 0.042 0.035 0.009 0.063 0.041
141 L 0.048 0.023 0.018 0.019 0.016 0.017 0.022 0.024 0.01 0.155 0.281 0.027 0.04 0.046 0.016 0.033 0.068 0.006 0.021 0.112
142 L 0.057 0.026 0.024 0.023 0.016 0.019 0.026 0.03 0.011 0.143 0.23 0.031 0.036 0.041 0.018 0.065 0.075 0.006 0.02 0.105
143 F 0.042 0.039 0.023 0.024 0.011 0.05 0.037 0.028 0.017 0.092 0.14 0.07 0.028 0.191 0.016 0.033 0.032 0.01 0.048 0.07
144 K 0.059 0.123 0.084 0.046 0.01 0.046 0.061 0.047 0.022 0.026 0.041 0.203 0.014 0.016 0.025 0.08 0.045 0.005 0.017 0.032
145 P 0.048 0.138 0.119 0.046 0.009 0.036 0.048 0.043 0.022 0.024 0.038 0.102 0.012 0.016 0.16 0.051 0.039 0.004 0.015 0.029
146 N 0.07 0.038 0.125 0.057 0.014 0.034 0.082 0.051 0.021 0.048 0.053 0.05 0.016 0.021 0.024 0.114 0.087 0.005 0.017 0.075
147 D 0.046 0.037 0.038 0.137 0.011 0.026 0.05 0.035 0.02 0.074 0.071 0.072 0.019 0.092 0.02 0.046 0.067 0.01 0.071 0.06
148 E 0.048 0.051 0.129 0.12 0.008 0.099 0.145 0.046 0.027 0.023 0.036 0.067 0.014 0.016 0.022 0.057 0.04 0.005 0.016 0.029
149 E 0.055 0.049 0.04 0.09 0.007 0.064 0.3 0.035 0.026 0.022 0.037 0.075 0.013 0.017 0.026 0.055 0.037 0.005 0.017 0.031
150 P 0.047 0.105 0.027 0.027 0.011 0.029 0.039 0.031 0.016 0.084 0.08 0.098 0.02 0.097 0.115 0.038 0.035 0.007 0.031 0.064
151 L 0.063 0.027 0.035 0.082 0.083 0.021 0.037 0.107 0.013 0.055 0.144 0.035 0.024 0.028 0.02 0.074 0.073 0.005 0.016 0.057
152 F 0.046 0.028 0.028 0.024 0.01 0.02 0.03 0.032 0.076 0.046 0.078 0.03 0.02 0.217 0.016 0.06 0.033 0.017 0.144 0.045
153 K 0.049 0.062 0.118 0.045 0.011 0.035 0.048 0.042 0.02 0.101 0.073 0.15 0.02 0.024 0.021 0.049 0.041 0.005 0.017 0.07
154 L 0.045 0.024 0.014 0.015 0.016 0.016 0.02 0.021 0.01 0.116 0.374 0.025 0.05 0.055 0.014 0.024 0.033 0.007 0.022 0.096
155 L 0.052 0.038 0.024 0.024 0.015 0.025 0.032 0.029 0.013 0.145 0.169 0.074 0.056 0.037 0.019 0.042 0.076 0.006 0.02 0.105
156 E 0.052 0.052 0.079 0.065 0.008 0.06 0.167 0.04 0.023 0.023 0.036 0.097 0.013 0.015 0.128 0.053 0.038 0.005 0.016 0.03
157 L 0.044 0.024 0.014 0.015 0.016 0.016 0.02 0.021 0.01 0.115 0.377 0.025 0.049 0.055 0.014 0.024 0.033 0.007 0.022 0.096
158 I 0.047 0.018 0.015 0.018 0.016 0.013 0.018 0.021 0.009 0.273 0.167 0.024 0.037 0.044 0.015 0.025 0.04 0.006 0.021 0.176
159 G 0.078 0.023 0.039 0.034 0.011 0.019 0.026 0.511 0.013 0.019 0.028 0.034 0.009 0.016 0.019 0.051 0.03 0.005 0.011 0.024
160 C 0.065 0.016 0.016 0.016 0.485 0.012 0.016 0.032 0.008 0.045 0.065 0.02 0.016 0.02 0.016 0.041 0.037 0.004 0.012 0.057
161 L 0.042 0.026 0.018 0.026 0.013 0.021 0.062 0.024 0.014 0.085 0.262 0.03 0.036 0.148 0.014 0.028 0.031 0.009 0.039 0.073
162 N 0.053 0.04 0.251 0.069 0.01 0.031 0.047 0.059 0.026 0.023 0.033 0.051 0.011 0.017 0.091 0.089 0.051 0.004 0.015 0.029
163 K 0.064 0.071 0.038 0.037 0.011 0.039 0.053 0.111 0.017 0.064 0.057 0.186 0.017 0.02 0.024 0.075 0.043 0.005 0.016 0.052
164 K 0.058 0.105 0.037 0.036 0.01 0.066 0.057 0.04 0.024 0.028 0.045 0.132 0.016 0.032 0.092 0.074 0.042 0.008 0.063 0.035
165 L 0.077 0.032 0.034 0.032 0.017 0.025 0.036 0.044 0.015 0.072 0.209 0.04 0.033 0.038 0.022 0.123 0.058 0.006 0.02 0.069
166 L 0.045 0.05 0.024 0.024 0.012 0.027 0.036 0.03 0.016 0.068 0.179 0.109 0.03 0.154 0.017 0.034 0.033 0.01 0.042 0.061
167 L 0.05 0.025 0.022 0.023 0.013 0.018 0.027 0.031 0.018 0.063 0.164 0.03 0.027 0.154 0.086 0.059 0.037 0.012 0.083 0.059
168 L 0.044 0.022 0.014 0.015 0.016 0.015 0.019 0.02 0.009 0.164 0.328 0.024 0.045 0.05 0.014 0.024 0.034 0.007 0.021 0.116
169 I 0.044 0.02 0.016 0.017 0.013 0.014 0.02 0.023 0.016 0.167 0.121 0.024 0.028 0.108 0.013 0.026 0.034 0.082 0.081 0.133
170 I 0.045 0.019 0.015 0.017 0.015 0.013 0.019 0.022 0.011 0.182 0.176 0.022 0.034 0.147 0.013 0.025 0.035 0.009 0.039 0.144
171 V 0.07 0.022 0.017 0.018 0.019 0.017 0.023 0.025 0.008 0.165 0.131 0.026 0.032 0.036 0.017 0.033 0.05 0.006 0.021 0.267
172 L 0.051 0.022 0.016 0.017 0.084 0.017 0.021 0.024 0.015 0.149 0.167 0.026 0.053 0.052 0.015 0.03 0.037 0.009 0.065 0.131
173 L 0.053 0.024 0.019 0.02 0.016 0.017 0.023 0.027 0.011 0.152 0.277 0.028 0.04 0.046 0.016 0.055 0.041 0.006 0.021 0.108
174 L 0.055 0.025 0.024 0.023 0.014 0.019 0.026 0.101 0.014 0.07 0.181 0.029 0.051 0.143 0.016 0.061 0.037 0.009 0.038 0.064
175 L 0.051 0.02 0.015 0.017 0.017 0.015 0.019 0.021 0.009 0.203 0.218 0.024 0.038 0.043 0.015 0.026 0.04 0.006 0.02 0.183
176 I 0.086 0.021 0.017 0.019 0.016 0.016 0.023 0.029 0.015 0.202 0.129 0.027 0.03 0.051 0.017 0.035 0.04 0.009 0.065 0.156
177 L 0.039 0.019 0.015 0.016 0.013 0.013 0.019 0.023 0.012 0.163 0.165 0.022 0.031 0.15 0.012 0.024 0.031 0.081 0.046 0.106
178 L 0.051 0.022 0.021 0.02 0.013 0.015 0.021 0.165 0.012 0.104 0.216 0.026 0.032 0.091 0.015 0.031 0.031 0.008 0.027 0.079
179 L 0.047 0.024 0.021 0.021 0.011 0.018 0.025 0.096 0.022 0.059 0.156 0.029 0.025 0.113 0.085 0.032 0.03 0.013 0.118 0.055
180 L 0.056 0.033 0.026 0.026 0.016 0.051 0.037 0.03 0.013 0.089 0.211 0.039 0.033 0.036 0.019 0.048 0.103 0.006 0.02 0.106
181 L 0.089 0.026 0.02 0.02 0.017 0.019 0.026 0.032 0.011 0.1 0.26 0.03 0.037 0.042 0.018 0.043 0.071 0.006 0.02 0.114
182 L 0.043 0.031 0.021 0.021 0.012 0.049 0.034 0.025 0.028 0.096 0.171 0.036 0.03 0.078 0.016 0.031 0.032 0.015 0.157 0.076
183 S 0.074 0.042 0.084 0.053 0.013 0.063 0.091 0.05 0.021 0.064 0.057 0.056 0.018 0.022 0.024 0.133 0.057 0.005 0.017 0.055
184 L 0.086 0.024 0.02 0.021 0.017 0.018 0.024 0.031 0.011 0.145 0.233 0.03 0.036 0.041 0.018 0.042 0.07 0.006 0.02 0.108
185 I 0.045 0.036 0.067 0.031 0.011 0.023 0.033 0.033 0.02 0.109 0.087 0.069 0.021 0.095 0.087 0.038 0.036 0.01 0.073 0.076
186 T 0.058 0.034 0.076 0.044 0.014 0.029 0.074 0.039 0.017 0.06 0.07 0.043 0.019 0.077 0.022 0.064 0.137 0.007 0.027 0.087
187 N 0.059 0.098 0.123 0.049 0.011 0.064 0.056 0.047 0.023 0.044 0.052 0.098 0.017 0.019 0.022 0.08 0.048 0.005 0.017 0.069
188 L 0.046 0.02 0.015 0.016 0.015 0.014 0.019 0.021 0.01 0.189 0.216 0.023 0.037 0.096 0.014 0.025 0.036 0.008 0.03 0.149
189 Q 0.049 0.051 0.077 0.049 0.01 0.121 0.101 0.038 0.025 0.04 0.072 0.064 0.042 0.075 0.02 0.049 0.038 0.007 0.029 0.043
190 L 0.048 0.042 0.114 0.04 0.013 0.027 0.037 0.039 0.018 0.065 0.192 0.075 0.029 0.033 0.019 0.05 0.071 0.006 0.019 0.062
191 V 0.103 0.024 0.021 0.022 0.019 0.019 0.027 0.034 0.01 0.128 0.108 0.031 0.027 0.031 0.019 0.047 0.08 0.005 0.019 0.227
192 L 0.104 0.027 0.027 0.027 0.017 0.021 0.031 0.041 0.012 0.137 0.141 0.035 0.028 0.034 0.021 0.096 0.052 0.006 0.019 0.125
193 S 0.114 0.061 0.044 0.043 0.014 0.066 0.061 0.056 0.02 0.03 0.044 0.127 0.016 0.018 0.027 0.138 0.058 0.005 0.017 0.041
194 G 0.06 0.032 0.079 0.038 0.011 0.025 0.035 0.18 0.072 0.038 0.089 0.039 0.018 0.04 0.019 0.072 0.039 0.009 0.067 0.039
195 G 0.076 0.022 0.038 0.033 0.01 0.018 0.025 0.524 0.013 0.018 0.027 0.033 0.009 0.016 0.018 0.05 0.029 0.005 0.01 0.024
196 Y 0.039 0.027 0.021 0.018 0.009 0.021 0.027 0.024 0.045 0.042 0.067 0.03 0.018 0.127 0.015 0.03 0.027 0.027 0.338 0.045
197 L 0.048 0.024 0.018 0.018 0.016 0.017 0.022 0.024 0.01 0.129 0.314 0.027 0.042 0.047 0.016 0.033 0.067 0.007 0.021 0.101
198 A 0.165 0.034 0.037 0.101 0.014 0.035 0.124 0.124 0.018 0.03 0.043 0.05 0.013 0.018 0.025 0.065 0.04 0.005 0.015 0.044
199 L 0.045 0.03 0.018 0.019 0.015 0.047 0.031 0.023 0.012 0.1 0.344 0.034 0.044 0.048 0.015 0.028 0.034 0.007 0.021 0.085
200 F 0.038 0.027 0.023 0.02 0.01 0.02 0.027 0.026 0.079 0.055 0.122 0.028 0.024 0.182 0.014 0.029 0.027 0.018 0.18 0.051
201 A 0.172 0.058 0.036 0.037 0.015 0.064 0.058 0.059 0.019 0.033 0.049 0.124 0.017 0.018 0.027 0.093 0.049 0.005 0.017 0.048
202 D 0.05 0.051 0.051 0.179 0.008 0.105 0.165 0.041 0.024 0.023 0.037 0.07 0.014 0.015 0.024 0.054 0.038 0.005 0.016 0.03
203 S 0.131 0.035 0.046 0.043 0.017 0.029 0.046 0.132 0.017 0.029 0.041 0.048 0.015 0.02 0.027 0.192 0.068 0.005 0.016 0.042
204 Q 0.054 0.071 0.043 0.046 0.009 0.238 0.1 0.04 0.029 0.026 0.046 0.089 0.02 0.014 0.023 0.054 0.04 0.006 0.02 0.034
205 S 0.11 0.04 0.054 0.049 0.017 0.033 0.052 0.066 0.019 0.03 0.042 0.054 0.016 0.021 0.03 0.222 0.082 0.005 0.017 0.042
206 S 0.108 0.037 0.124 0.05 0.015 0.029 0.044 0.059 0.02 0.041 0.091 0.047 0.019 0.024 0.024 0.138 0.059 0.005 0.017 0.048
207 E 0.084 0.043 0.047 0.065 0.013 0.045 0.165 0.051 0.021 0.026 0.039 0.061 0.014 0.019 0.027 0.162 0.061 0.005 0.017 0.036
208 G 0.142 0.03 0.041 0.089 0.015 0.025 0.044 0.193 0.015 0.032 0.043 0.042 0.014 0.019 0.025 0.093 0.077 0.005 0.014 0.045
209 Y 0.04 0.026 0.02 0.018 0.01 0.02 0.026 0.024 0.04 0.078 0.08 0.029 0.021 0.115 0.015 0.029 0.029 0.024 0.292 0.063
210 S 0.09 0.041 0.048 0.044 0.015 0.059 0.052 0.123 0.019 0.03 0.043 0.054 0.016 0.019 0.026 0.166 0.094 0.005 0.017 0.041
211 F 0.085 0.028 0.069 0.032 0.012 0.02 0.032 0.043 0.023 0.046 0.075 0.033 0.019 0.2 0.018 0.071 0.04 0.013 0.092 0.048
212 N 0.059 0.046 0.131 0.107 0.01 0.089 0.066 0.12 0.024 0.023 0.035 0.059 0.014 0.016 0.022 0.084 0.046 0.005 0.016 0.03
213 F 0.046 0.023 0.021 0.02 0.012 0.016 0.024 0.03 0.015 0.067 0.173 0.026 0.029 0.2 0.014 0.055 0.034 0.082 0.055 0.06
214 L 0.058 0.029 0.028 0.033 0.013 0.026 0.068 0.102 0.015 0.065 0.17 0.037 0.049 0.087 0.018 0.065 0.039 0.008 0.028 0.061
215 S 0.087 0.038 0.09 0.049 0.016 0.031 0.047 0.058 0.019 0.034 0.046 0.05 0.016 0.021 0.027 0.174 0.129 0.005 0.017 0.047
216 L 0.047 0.036 0.064 0.029 0.014 0.023 0.03 0.03 0.014 0.129 0.223 0.067 0.034 0.039 0.017 0.035 0.038 0.006 0.02 0.106
217 L 0.057 0.024 0.02 0.02 0.016 0.017 0.024 0.027 0.01 0.158 0.239 0.028 0.037 0.043 0.016 0.056 0.043 0.006 0.02 0.136
218 I 0.053 0.035 0.073 0.036 0.013 0.053 0.041 0.036 0.021 0.111 0.085 0.044 0.023 0.042 0.02 0.054 0.104 0.009 0.064 0.084
219 T 0.068 0.035 0.082 0.041 0.016 0.027 0.039 0.045 0.016 0.053 0.103 0.044 0.022 0.026 0.024 0.099 0.176 0.006 0.018 0.062
220 L 0.044 0.024 0.019 0.018 0.014 0.016 0.022 0.025 0.012 0.089 0.266 0.026 0.037 0.149 0.015 0.033 0.064 0.009 0.039 0.078
221 L 0.066 0.031 0.031 0.029 0.016 0.025 0.033 0.039 0.015 0.068 0.147 0.037 0.07 0.088 0.02 0.099 0.08 0.008 0.029 0.068
222 Y 0.079 0.027 0.019 0.019 0.012 0.021 0.027 0.032 0.027 0.058 0.128 0.031 0.046 0.08 0.016 0.036 0.032 0.087 0.163 0.059
223 V 0.13 0.023 0.021 0.023 0.017 0.018 0.026 0.11 0.012 0.111 0.096 0.03 0.024 0.082 0.019 0.047 0.041 0.007 0.027 0.138
224 L 0.058 0.025 0.024 0.023 0.084 0.018 0.026 0.032 0.012 0.075 0.208 0.03 0.031 0.09 0.018 0.067 0.072 0.007 0.028 0.071
225 L 0.052 0.024 0.019 0.02 0.016 0.018 0.023 0.025 0.011 0.16 0.213 0.028 0.058 0.042 0.016 0.036 0.071 0.006 0.021 0.14
226 G 0.08 0.025 0.04 0.035 0.011 0.02 0.029 0.459 0.014 0.02 0.029 0.036 0.01 0.016 0.02 0.077 0.036 0.005 0.011 0.026
227 L 0.049 0.021 0.015 0.017 0.016 0.015 0.019 0.021 0.009 0.208 0.226 0.025 0.049 0.045 0.014 0.026 0.038 0.006 0.021 0.16
228 F 0.05 0.025 0.024 0.022 0.013 0.017 0.026 0.029 0.018 0.07 0.093 0.028 0.023 0.203 0.017 0.045 0.098 0.013 0.093 0.091
229 C 0.055 0.02 0.015 0.016 0.223 0.014 0.018 0.026 0.009 0.089 0.214 0.023 0.032 0.036 0.015 0.032 0.036 0.005 0.017 0.105
230 V 0.06 0.026 0.066 0.03 0.016 0.02 0.028 0.034 0.013 0.152 0.149 0.032 0.03 0.035 0.018 0.064 0.048 0.005 0.019 0.155
231 Q 0.049 0.054 0.037 0.036 0.009 0.146 0.071 0.035 0.078 0.04 0.097 0.065 0.023 0.038 0.02 0.045 0.035 0.009 0.071 0.043
232 K 0.071 0.063 0.047 0.095 0.011 0.038 0.06 0.118 0.018 0.025 0.037 0.154 0.013 0.017 0.025 0.106 0.048 0.005 0.015 0.032
233 N 0.057 0.046 0.212 0.065 0.011 0.061 0.054 0.057 0.026 0.028 0.039 0.056 0.014 0.018 0.022 0.094 0.083 0.005 0.016 0.036
234 K 0.052 0.133 0.082 0.045 0.008 0.048 0.063 0.044 0.022 0.025 0.041 0.238 0.014 0.016 0.025 0.053 0.039 0.005 0.017 0.031
235 K 0.052 0.154 0.032 0.031 0.011 0.04 0.05 0.033 0.017 0.083 0.072 0.168 0.02 0.022 0.021 0.043 0.039 0.005 0.018 0.088
236 I 0.055 0.029 0.024 0.025 0.015 0.048 0.034 0.029 0.013 0.191 0.162 0.037 0.032 0.037 0.018 0.06 0.044 0.006 0.02 0.122
237 K 0.058 0.121 0.04 0.038 0.011 0.044 0.057 0.041 0.019 0.033 0.048 0.2 0.016 0.018 0.026 0.062 0.104 0.005 0.017 0.042
238 L 0.05 0.054 0.118 0.044 0.012 0.033 0.044 0.042 0.019 0.053 0.142 0.114 0.024 0.028 0.021 0.054 0.072 0.005 0.018 0.053
239 I 0.049 0.021 0.017 0.018 0.015 0.015 0.021 0.023 0.011 0.184 0.178 0.025 0.045 0.094 0.015 0.031 0.054 0.008 0.03 0.147
240 F 0.037 0.025 0.022 0.02 0.01 0.018 0.026 0.026 0.075 0.058 0.128 0.026 0.025 0.222 0.013 0.028 0.027 0.017 0.144 0.052
241 L 0.046 0.022 0.015 0.016 0.015 0.015 0.02 0.022 0.01 0.137 0.282 0.024 0.041 0.099 0.014 0.025 0.034 0.008 0.03 0.127
242 L 0.043 0.023 0.019 0.019 0.014 0.015 0.022 0.025 0.013 0.082 0.225 0.025 0.034 0.2 0.014 0.034 0.063 0.011 0.049 0.073
243 L 0.042 0.021 0.015 0.017 0.014 0.015 0.02 0.023 0.012 0.147 0.218 0.024 0.057 0.15 0.013 0.026 0.033 0.009 0.04 0.104
244 L 0.04 0.022 0.016 0.016 0.013 0.015 0.02 0.023 0.013 0.088 0.244 0.023 0.058 0.203 0.013 0.026 0.03 0.011 0.05 0.076
245 G 0.099 0.023 0.03 0.027 0.013 0.018 0.025 0.317 0.013 0.041 0.096 0.031 0.018 0.077 0.018 0.047 0.032 0.007 0.024 0.044
246 L 0.053 0.02 0.018 0.019 0.015 0.015 0.02 0.093 0.009 0.183 0.204 0.025 0.035 0.041 0.015 0.029 0.037 0.006 0.019 0.145
247 Y 0.048 0.03 0.07 0.031 0.01 0.023 0.032 0.036 0.035 0.04 0.064 0.035 0.018 0.136 0.017 0.065 0.037 0.019 0.21 0.043
248 F 0.089 0.026 0.026 0.024 0.083 0.019 0.028 0.038 0.018 0.051 0.076 0.031 0.02 0.146 0.019 0.055 0.1 0.012 0.082 0.059
249 L 0.121 0.023 0.018 0.02 0.085 0.017 0.024 0.039 0.012 0.101 0.177 0.028 0.03 0.088 0.018 0.043 0.037 0.007 0.028 0.086
250 I 0.074 0.027 0.033 0.031 0.016 0.022 0.032 0.108 0.013 0.125 0.089 0.036 0.023 0.029 0.021 0.101 0.083 0.005 0.017 0.115
251 L 0.125 0.032 0.023 0.024 0.016 0.05 0.038 0.04 0.018 0.102 0.13 0.04 0.027 0.045 0.02 0.047 0.04 0.009 0.065 0.11
252 L 0.083 0.024 0.017 0.018 0.016 0.018 0.023 0.03 0.012 0.122 0.224 0.028 0.057 0.095 0.016 0.034 0.037 0.008 0.03 0.109
253 L 0.045 0.022 0.016 0.017 0.015 0.015 0.02 0.023 0.012 0.128 0.213 0.024 0.057 0.149 0.013 0.027 0.034 0.009 0.04 0.121
254 L 0.067 0.03 0.03 0.028 0.016 0.023 0.032 0.037 0.013 0.103 0.184 0.037 0.052 0.037 0.02 0.097 0.081 0.006 0.02 0.085
255 G 0.076 0.022 0.038 0.033 0.01 0.018 0.025 0.524 0.013 0.018 0.027 0.033 0.009 0.016 0.018 0.05 0.029 0.005 0.01 0.024
256 S 0.116 0.031 0.036 0.035 0.018 0.025 0.039 0.051 0.014 0.09 0.076 0.042 0.021 0.026 0.025 0.137 0.092 0.005 0.018 0.103
257 R 0.043 0.364 0.038 0.03 0.008 0.047 0.051 0.032 0.023 0.023 0.045 0.117 0.015 0.017 0.019 0.043 0.034 0.006 0.017 0.03
258 G 0.08 0.025 0.04 0.035 0.011 0.02 0.029 0.459 0.014 0.02 0.029 0.036 0.01 0.016 0.02 0.077 0.036 0.005 0.011 0.026
259 G 0.142 0.029 0.033 0.032 0.016 0.023 0.034 0.19 0.014 0.045 0.095 0.039 0.019 0.024 0.023 0.089 0.076 0.006 0.016 0.055
260 F 0.034 0.019 0.016 0.016 0.011 0.011 0.019 0.024 0.015 0.069 0.151 0.019 0.028 0.355 0.011 0.025 0.026 0.015 0.077 0.059
261 V 0.06 0.02 0.018 0.019 0.016 0.015 0.021 0.094 0.009 0.196 0.128 0.025 0.03 0.035 0.016 0.031 0.041 0.005 0.019 0.201
262 C 0.062 0.019 0.019 0.019 0.361 0.014 0.019 0.031 0.009 0.08 0.077 0.024 0.019 0.023 0.017 0.045 0.069 0.004 0.014 0.074
263 F 0.037 0.026 0.064 0.026 0.01 0.018 0.026 0.03 0.031 0.048 0.08 0.028 0.02 0.23 0.014 0.033 0.029 0.019 0.184 0.046
264 L 0.048 0.024 0.018 0.018 0.016 0.017 0.022 0.024 0.01 0.129 0.314 0.027 0.042 0.047 0.016 0.033 0.067 0.007 0.021 0.101
265 L 0.043 0.024 0.014 0.015 0.016 0.016 0.02 0.021 0.01 0.112 0.394 0.025 0.048 0.053 0.014 0.024 0.032 0.007 0.022 0.093
266 F 0.034 0.019 0.016 0.016 0.011 0.011 0.019 0.024 0.016 0.065 0.131 0.019 0.026 0.38 0.011 0.025 0.025 0.016 0.082 0.056
267 L 0.051 0.024 0.02 0.02 0.015 0.017 0.024 0.027 0.012 0.119 0.27 0.027 0.038 0.097 0.016 0.055 0.039 0.008 0.03 0.091
268 L 0.046 0.024 0.016 0.017 0.016 0.018 0.021 0.022 0.011 0.159 0.27 0.027 0.084 0.048 0.014 0.027 0.036 0.007 0.022 0.115
269 W 0.029 0.022 0.015 0.015 0.007 0.015 0.022 0.029 0.015 0.029 0.051 0.022 0.015 0.059 0.007 0.022 0.022 0.507 0.066 0.029
270 Y 0.045 0.025 0.018 0.017 0.012 0.019 0.024 0.023 0.03 0.079 0.169 0.028 0.029 0.093 0.015 0.029 0.032 0.018 0.202 0.094
271 Y 0.041 0.025 0.018 0.017 0.012 0.019 0.023 0.024 0.027 0.099 0.151 0.027 0.05 0.133 0.014 0.028 0.031 0.017 0.166 0.078
272 N 0.046 0.038 0.249 0.065 0.009 0.029 0.042 0.124 0.03 0.024 0.035 0.046 0.012 0.033 0.019 0.06 0.042 0.008 0.061 0.029
273 D 0.045 0.028 0.063 0.36 0.008 0.028 0.08 0.114 0.017 0.021 0.027 0.042 0.009 0.015 0.021 0.051 0.034 0.004 0.011 0.024
274 F 0.035 0.021 0.018 0.017 0.01 0.013 0.021 0.025 0.025 0.056 0.098 0.022 0.023 0.325 0.012 0.026 0.025 0.019 0.158 0.051
275 G 0.076 0.022 0.038 0.033 0.01 0.018 0.025 0.524 0.013 0.018 0.027 0.033 0.009 0.016 0.018 0.05 0.029 0.005 0.01 0.024
276 R 0.051 0.133 0.029 0.026 0.012 0.031 0.038 0.031 0.016 0.065 0.118 0.092 0.024 0.081 0.019 0.044 0.069 0.007 0.028 0.085
277 F 0.034 0.019 0.017 0.017 0.011 0.011 0.019 0.025 0.017 0.064 0.114 0.019 0.025 0.385 0.011 0.025 0.025 0.017 0.089 0.055
278 K 0.053 0.136 0.04 0.04 0.008 0.078 0.071 0.04 0.022 0.026 0.043 0.243 0.016 0.015 0.025 0.051 0.038 0.005 0.017 0.032
279 K 0.054 0.141 0.04 0.039 0.008 0.051 0.066 0.041 0.02 0.026 0.042 0.273 0.015 0.015 0.026 0.051 0.038 0.005 0.017 0.032
280 V 0.054 0.022 0.018 0.019 0.014 0.016 0.024 0.025 0.015 0.129 0.108 0.027 0.026 0.099 0.085 0.031 0.039 0.01 0.074 0.167
281 N 0.062 0.043 0.213 0.072 0.011 0.037 0.087 0.059 0.026 0.024 0.034 0.055 0.012 0.018 0.023 0.116 0.055 0.005 0.016 0.031
282 L 0.054 0.027 0.066 0.03 0.015 0.019 0.028 0.034 0.015 0.113 0.18 0.032 0.03 0.089 0.017 0.063 0.043 0.007 0.029 0.11
283 L 0.087 0.022 0.019 0.02 0.016 0.017 0.022 0.1 0.011 0.14 0.227 0.028 0.035 0.04 0.017 0.036 0.036 0.006 0.019 0.102
284 K 0.052 0.092 0.037 0.037 0.009 0.046 0.062 0.039 0.02 0.032 0.052 0.259 0.016 0.071 0.024 0.048 0.037 0.007 0.027 0.035
285 L 0.049 0.021 0.015 0.016 0.016 0.015 0.02 0.022 0.01 0.144 0.244 0.024 0.038 0.097 0.014 0.026 0.037 0.008 0.03 0.155
286 I 0.047 0.02 0.019 0.02 0.013 0.015 0.02 0.094 0.012 0.159 0.133 0.025 0.05 0.143 0.014 0.03 0.033 0.009 0.038 0.105
287 L 0.05 0.023 0.019 0.021 0.015 0.017 0.023 0.026 0.01 0.168 0.196 0.029 0.033 0.039 0.086 0.036 0.069 0.006 0.019 0.114
288 Y 0.041 0.022 0.018 0.017 0.012 0.016 0.022 0.022 0.025 0.152 0.114 0.025 0.027 0.131 0.014 0.027 0.032 0.016 0.166 0.101
289 F 0.078 0.023 0.017 0.018 0.014 0.016 0.023 0.031 0.014 0.078 0.196 0.026 0.053 0.198 0.015 0.034 0.032 0.011 0.049 0.072
290 L 0.054 0.025 0.02 0.021 0.016 0.019 0.024 0.028 0.012 0.15 0.248 0.03 0.059 0.045 0.016 0.057 0.042 0.006 0.021 0.108
291 L 0.058 0.024 0.023 0.023 0.015 0.018 0.024 0.099 0.011 0.138 0.225 0.029 0.034 0.04 0.017 0.059 0.04 0.006 0.019 0.098
292 I 0.044 0.018 0.015 0.017 0.015 0.013 0.018 0.021 0.01 0.234 0.189 0.023 0.036 0.096 0.014 0.024 0.036 0.007 0.03 0.144
293 G 0.088 0.022 0.023 0.023 0.013 0.016 0.023 0.174 0.013 0.087 0.127 0.028 0.024 0.137 0.016 0.04 0.032 0.009 0.036 0.069
294 L 0.058 0.023 0.021 0.02 0.015 0.017 0.022 0.165 0.01 0.096 0.232 0.027 0.033 0.038 0.016 0.033 0.035 0.006 0.018 0.116
295 F 0.055 0.022 0.025 0.023 0.012 0.015 0.025 0.102 0.015 0.065 0.091 0.026 0.022 0.241 0.015 0.06 0.036 0.012 0.056 0.081
296 L 0.054 0.023 0.015 0.016 0.017 0.016 0.021 0.022 0.009 0.133 0.279 0.025 0.041 0.045 0.015 0.027 0.039 0.006 0.021 0.178
297 N 0.056 0.038 0.208 0.061 0.012 0.029 0.043 0.054 0.023 0.066 0.056 0.047 0.016 0.022 0.021 0.09 0.083 0.005 0.016 0.055
298 T 0.078 0.031 0.034 0.03 0.015 0.023 0.034 0.039 0.018 0.051 0.07 0.038 0.02 0.092 0.023 0.072 0.183 0.01 0.073 0.063
299 L 0.051 0.02 0.015 0.017 0.017 0.015 0.019 0.021 0.009 0.203 0.218 0.024 0.038 0.043 0.015 0.026 0.04 0.006 0.02 0.183
300 F 0.037 0.02 0.016 0.017 0.012 0.013 0.02 0.023 0.018 0.099 0.152 0.022 0.029 0.263 0.012 0.025 0.028 0.015 0.103 0.075
301 Y 0.084 0.037 0.024 0.024 0.012 0.025 0.035 0.035 0.027 0.073 0.071 0.071 0.019 0.067 0.089 0.042 0.035 0.014 0.154 0.062
302 L 0.055 0.031 0.025 0.023 0.014 0.026 0.031 0.032 0.025 0.072 0.134 0.036 0.113 0.066 0.017 0.063 0.041 0.013 0.112 0.07
303 F 0.044 0.02 0.019 0.02 0.014 0.014 0.021 0.025 0.013 0.159 0.126 0.024 0.029 0.195 0.014 0.034 0.065 0.01 0.048 0.106
304 T 0.087 0.035 0.046 0.041 0.016 0.028 0.042 0.121 0.016 0.037 0.048 0.046 0.016 0.021 0.026 0.15 0.153 0.005 0.016 0.05
305 L 0.041 0.023 0.015 0.016 0.014 0.016 0.02 0.023 0.013 0.096 0.284 0.024 0.061 0.153 0.013 0.026 0.031 0.01 0.04 0.081
306 R 0.043 0.364 0.038 0.03 0.008 0.047 0.051 0.032 0.023 0.023 0.045 0.117 0.015 0.017 0.019 0.043 0.034 0.006 0.017 0.03
307 E 0.056 0.041 0.084 0.064 0.009 0.043 0.159 0.11 0.072 0.026 0.038 0.056 0.013 0.019 0.023 0.058 0.068 0.006 0.021 0.033
308 L 0.06 0.029 0.067 0.03 0.016 0.022 0.03 0.035 0.014 0.099 0.186 0.034 0.053 0.037 0.018 0.065 0.047 0.006 0.02 0.132
309 D 0.063 0.031 0.056 0.253 0.012 0.028 0.068 0.048 0.017 0.043 0.045 0.043 0.014 0.019 0.023 0.103 0.049 0.004 0.014 0.067
310 G 0.102 0.043 0.041 0.106 0.011 0.034 0.094 0.207 0.017 0.025 0.036 0.087 0.012 0.016 0.023 0.057 0.036 0.005 0.014 0.033
311 D 0.041 0.03 0.069 0.397 0.008 0.03 0.091 0.047 0.019 0.022 0.028 0.045 0.009 0.015 0.022 0.052 0.035 0.004 0.011 0.024
312 A 0.29 0.031 0.026 0.03 0.022 0.026 0.04 0.078 0.015 0.043 0.059 0.045 0.018 0.022 0.03 0.085 0.05 0.005 0.018 0.069
313 N 0.043 0.038 0.219 0.06 0.011 0.028 0.039 0.05 0.024 0.053 0.148 0.044 0.024 0.03 0.018 0.054 0.044 0.005 0.018 0.05
314 N 0.063 0.042 0.132 0.121 0.01 0.041 0.131 0.053 0.024 0.024 0.034 0.057 0.012 0.017 0.024 0.111 0.052 0.005 0.015 0.031
315 G 0.105 0.036 0.087 0.106 0.013 0.033 0.089 0.125 0.02 0.026 0.037 0.05 0.013 0.018 0.024 0.113 0.051 0.005 0.015 0.036
316 L 0.058 0.031 0.027 0.033 0.015 0.026 0.069 0.032 0.014 0.079 0.245 0.038 0.034 0.039 0.019 0.069 0.073 0.006 0.02 0.073
317 S 0.093 0.037 0.091 0.05 0.015 0.03 0.047 0.13 0.02 0.026 0.037 0.05 0.014 0.019 0.026 0.19 0.068 0.005 0.016 0.036
318 L 0.04 0.022 0.016 0.016 0.013 0.015 0.02 0.023 0.013 0.114 0.211 0.023 0.056 0.201 0.013 0.026 0.031 0.011 0.049 0.087
319 L 0.042 0.023 0.017 0.017 0.013 0.017 0.022 0.022 0.025 0.134 0.188 0.027 0.032 0.082 0.015 0.027 0.032 0.015 0.157 0.095
320 L 0.049 0.052 0.037 0.095 0.01 0.092 0.102 0.035 0.02 0.075 0.108 0.091 0.023 0.024 0.021 0.045 0.037 0.005 0.018 0.06
