#Seq2Logo.py -f /work3/idamei/ssn-clusterings/clustering/2205110921/clusters/0007_132/sequences.afa -o /work3/idamei/ssn-clusterings/clustering/2205110921/clusters/0007_132/sequences.logo
#Position Specific Frequency Matrix
A R N D C Q E G H I L K M F P S T W Y V
0 L 0.052 0.032 0.02 0.02 0.016 0.028 0.028 0.028 0.016 0.101 0.197 0.036 0.158 0.048 0.016 0.036 0.04 0.008 0.024 0.093
1 N 0.043 0.045 0.315 0.083 0.009 0.034 0.05 0.065 0.032 0.023 0.032 0.054 0.011 0.018 0.02 0.07 0.05 0.005 0.016 0.027
2 R 0.045 0.343 0.039 0.031 0.008 0.049 0.052 0.033 0.023 0.023 0.047 0.121 0.016 0.017 0.019 0.045 0.035 0.006 0.017 0.031
3 L 0.056 0.029 0.019 0.019 0.017 0.025 0.026 0.027 0.014 0.114 0.177 0.033 0.139 0.044 0.016 0.035 0.042 0.007 0.023 0.138
4 L 0.049 0.026 0.018 0.019 0.016 0.02 0.023 0.025 0.012 0.147 0.24 0.029 0.087 0.046 0.016 0.033 0.056 0.007 0.022 0.11
5 Q 0.055 0.072 0.043 0.046 0.009 0.234 0.1 0.04 0.029 0.026 0.046 0.089 0.02 0.014 0.023 0.055 0.04 0.006 0.02 0.034
6 D 0.047 0.051 0.098 0.187 0.008 0.045 0.154 0.044 0.023 0.023 0.033 0.097 0.012 0.016 0.023 0.055 0.038 0.005 0.014 0.028
7 F 0.034 0.02 0.017 0.017 0.01 0.012 0.02 0.025 0.021 0.059 0.104 0.021 0.024 0.356 0.011 0.026 0.025 0.018 0.128 0.052
8 I 0.05 0.018 0.015 0.017 0.016 0.013 0.018 0.021 0.008 0.267 0.158 0.023 0.035 0.042 0.015 0.026 0.04 0.006 0.02 0.191
9 N 0.041 0.041 0.289 0.136 0.009 0.032 0.055 0.061 0.029 0.022 0.03 0.051 0.011 0.017 0.02 0.065 0.046 0.004 0.015 0.026
10 K 0.051 0.084 0.138 0.054 0.009 0.046 0.062 0.049 0.024 0.025 0.038 0.215 0.014 0.016 0.025 0.057 0.042 0.005 0.016 0.03
11 T 0.064 0.042 0.042 0.037 0.013 0.063 0.051 0.042 0.082 0.037 0.053 0.051 0.018 0.04 0.023 0.091 0.117 0.01 0.077 0.047
12 F 0.033 0.019 0.016 0.016 0.01 0.01 0.019 0.025 0.016 0.062 0.111 0.019 0.025 0.402 0.01 0.025 0.025 0.016 0.087 0.054
13 F 0.035 0.021 0.018 0.017 0.01 0.014 0.021 0.025 0.026 0.055 0.097 0.023 0.023 0.31 0.012 0.027 0.026 0.02 0.169 0.051
14 N 0.09 0.048 0.105 0.051 0.012 0.036 0.088 0.047 0.023 0.043 0.101 0.089 0.02 0.033 0.022 0.055 0.04 0.007 0.044 0.048
15 L 0.043 0.024 0.015 0.015 0.015 0.017 0.021 0.021 0.016 0.101 0.337 0.026 0.043 0.066 0.014 0.025 0.032 0.01 0.074 0.086
16 L 0.039 0.023 0.016 0.016 0.013 0.015 0.021 0.023 0.018 0.084 0.244 0.024 0.035 0.182 0.013 0.025 0.029 0.014 0.095 0.072
17 L 0.049 0.02 0.014 0.016 0.016 0.014 0.019 0.021 0.009 0.209 0.233 0.024 0.039 0.045 0.014 0.025 0.038 0.006 0.021 0.165
18 F 0.035 0.018 0.016 0.017 0.011 0.011 0.018 0.024 0.015 0.1 0.12 0.019 0.027 0.342 0.011 0.025 0.027 0.015 0.076 0.073
19 T 0.071 0.035 0.042 0.037 0.017 0.027 0.038 0.042 0.013 0.052 0.064 0.044 0.019 0.023 0.027 0.09 0.265 0.006 0.017 0.069
20 L 0.041 0.023 0.014 0.015 0.014 0.016 0.02 0.022 0.011 0.099 0.334 0.024 0.043 0.054 0.013 0.023 0.031 0.09 0.029 0.083
21 I 0.045 0.018 0.014 0.017 0.015 0.013 0.018 0.021 0.009 0.255 0.178 0.023 0.036 0.074 0.014 0.024 0.037 0.007 0.026 0.156
22 F 0.033 0.019 0.016 0.016 0.01 0.01 0.019 0.025 0.016 0.062 0.111 0.019 0.025 0.402 0.01 0.025 0.025 0.016 0.087 0.054
23 G 0.076 0.022 0.038 0.033 0.011 0.018 0.025 0.522 0.013 0.018 0.028 0.033 0.009 0.016 0.018 0.05 0.029 0.005 0.011 0.024
24 V 0.059 0.023 0.02 0.02 0.017 0.017 0.023 0.026 0.009 0.167 0.17 0.028 0.033 0.038 0.017 0.038 0.079 0.006 0.02 0.19
25 L 0.052 0.022 0.016 0.017 0.017 0.017 0.021 0.022 0.01 0.196 0.197 0.026 0.061 0.043 0.015 0.028 0.04 0.006 0.021 0.174
26 L 0.038 0.021 0.015 0.016 0.013 0.013 0.019 0.023 0.013 0.087 0.251 0.022 0.037 0.228 0.012 0.024 0.029 0.012 0.054 0.074
27 Y 0.04 0.027 0.021 0.018 0.009 0.021 0.027 0.024 0.046 0.043 0.067 0.03 0.018 0.128 0.015 0.03 0.027 0.027 0.334 0.046
28 D 0.051 0.028 0.076 0.256 0.01 0.026 0.064 0.123 0.017 0.044 0.044 0.04 0.013 0.018 0.02 0.049 0.037 0.004 0.013 0.068
29 L 0.053 0.039 0.025 0.025 0.014 0.026 0.033 0.03 0.013 0.108 0.178 0.076 0.055 0.036 0.06 0.043 0.075 0.006 0.019 0.087
30 I 0.05 0.021 0.019 0.02 0.016 0.016 0.021 0.024 0.01 0.22 0.185 0.027 0.035 0.041 0.016 0.035 0.075 0.006 0.02 0.142
31 D 0.041 0.03 0.069 0.397 0.008 0.03 0.091 0.047 0.019 0.022 0.028 0.045 0.009 0.015 0.022 0.052 0.035 0.004 0.011 0.024
32 R 0.045 0.345 0.039 0.031 0.008 0.048 0.052 0.033 0.023 0.023 0.047 0.12 0.016 0.017 0.019 0.045 0.035 0.006 0.017 0.031
33 L 0.045 0.024 0.014 0.015 0.016 0.016 0.02 0.021 0.01 0.115 0.375 0.025 0.05 0.055 0.014 0.024 0.033 0.007 0.022 0.096
34 G 0.069 0.037 0.036 0.034 0.01 0.024 0.034 0.361 0.014 0.021 0.031 0.078 0.01 0.015 0.101 0.049 0.032 0.005 0.012 0.026
35 F 0.035 0.019 0.016 0.016 0.011 0.011 0.019 0.024 0.015 0.07 0.158 0.02 0.029 0.344 0.011 0.025 0.026 0.015 0.076 0.06
36 L 0.045 0.024 0.014 0.015 0.016 0.016 0.02 0.021 0.01 0.115 0.375 0.025 0.05 0.055 0.014 0.024 0.033 0.007 0.022 0.096
37 D 0.065 0.045 0.058 0.229 0.011 0.034 0.073 0.051 0.019 0.025 0.034 0.089 0.012 0.017 0.025 0.114 0.05 0.004 0.014 0.031
38 F 0.055 0.026 0.028 0.025 0.011 0.019 0.028 0.114 0.026 0.043 0.071 0.031 0.018 0.183 0.016 0.067 0.036 0.016 0.145 0.044
39 I 0.097 0.023 0.021 0.022 0.017 0.018 0.025 0.034 0.01 0.187 0.123 0.03 0.029 0.035 0.019 0.046 0.08 0.006 0.019 0.157
40 D 0.04 0.029 0.067 0.412 0.007 0.029 0.089 0.045 0.018 0.022 0.027 0.044 0.009 0.015 0.022 0.051 0.035 0.004 0.011 0.024
41 E 0.054 0.048 0.04 0.088 0.007 0.063 0.314 0.034 0.025 0.022 0.036 0.074 0.013 0.016 0.025 0.054 0.036 0.005 0.016 0.031
42 L 0.045 0.02 0.014 0.016 0.016 0.014 0.018 0.02 0.009 0.201 0.277 0.024 0.042 0.048 0.014 0.024 0.036 0.006 0.021 0.133
43 C 0.063 0.016 0.016 0.016 0.496 0.012 0.016 0.032 0.008 0.044 0.063 0.02 0.016 0.02 0.016 0.04 0.036 0.004 0.012 0.056
44 A 0.307 0.03 0.025 0.029 0.021 0.025 0.04 0.076 0.014 0.042 0.058 0.043 0.017 0.021 0.029 0.083 0.049 0.005 0.017 0.067
45 L 0.052 0.023 0.015 0.016 0.017 0.016 0.021 0.022 0.009 0.129 0.303 0.025 0.043 0.047 0.015 0.027 0.038 0.006 0.021 0.158
46 L 0.133 0.027 0.019 0.02 0.018 0.021 0.028 0.04 0.012 0.087 0.247 0.033 0.06 0.042 0.019 0.045 0.039 0.007 0.02 0.084
47 L 0.044 0.023 0.014 0.015 0.016 0.015 0.019 0.021 0.01 0.142 0.353 0.024 0.046 0.052 0.014 0.024 0.034 0.007 0.021 0.107
48 L 0.048 0.019 0.016 0.016 0.095 0.013 0.019 0.024 0.011 0.122 0.161 0.022 0.03 0.159 0.013 0.028 0.034 0.009 0.041 0.119
49 V 0.098 0.022 0.021 0.022 0.016 0.016 0.024 0.115 0.011 0.133 0.106 0.028 0.025 0.093 0.017 0.04 0.039 0.007 0.029 0.139
50 L 0.044 0.025 0.016 0.017 0.015 0.019 0.022 0.024 0.013 0.099 0.278 0.027 0.089 0.109 0.014 0.028 0.033 0.009 0.033 0.086
51 F 0.035 0.021 0.018 0.017 0.01 0.014 0.021 0.025 0.026 0.055 0.097 0.023 0.023 0.31 0.012 0.027 0.026 0.02 0.169 0.051
52 G 0.143 0.024 0.026 0.026 0.016 0.019 0.028 0.206 0.012 0.087 0.121 0.033 0.023 0.028 0.021 0.052 0.038 0.006 0.016 0.075
53 F 0.036 0.023 0.019 0.017 0.01 0.016 0.023 0.025 0.031 0.052 0.089 0.024 0.022 0.265 0.013 0.028 0.026 0.022 0.211 0.05
54 Y 0.071 0.03 0.027 0.024 0.012 0.023 0.033 0.035 0.084 0.056 0.067 0.034 0.019 0.067 0.017 0.053 0.036 0.096 0.138 0.081
55 L 0.054 0.024 0.02 0.02 0.017 0.019 0.024 0.026 0.011 0.167 0.183 0.029 0.059 0.041 0.017 0.038 0.077 0.006 0.02 0.147
56 F 0.058 0.026 0.029 0.027 0.012 0.019 0.03 0.038 0.02 0.049 0.084 0.031 0.021 0.252 0.017 0.097 0.043 0.014 0.084 0.049
57 R 0.049 0.175 0.042 0.037 0.008 0.078 0.065 0.038 0.081 0.025 0.043 0.16 0.016 0.018 0.022 0.048 0.035 0.006 0.024 0.03
58 T 0.083 0.036 0.046 0.04 0.017 0.029 0.043 0.05 0.015 0.044 0.056 0.047 0.018 0.022 0.028 0.14 0.203 0.006 0.017 0.06
59 P 0.053 0.113 0.033 0.044 0.009 0.041 0.101 0.036 0.019 0.024 0.039 0.113 0.013 0.015 0.216 0.047 0.036 0.004 0.015 0.031
60 D 0.054 0.036 0.12 0.15 0.01 0.034 0.097 0.127 0.021 0.026 0.036 0.049 0.012 0.017 0.022 0.062 0.076 0.005 0.014 0.033
61 W 0.03 0.022 0.015 0.015 0.007 0.015 0.022 0.03 0.015 0.03 0.052 0.022 0.015 0.059 0.007 0.022 0.022 0.505 0.067 0.03
62 R 0.098 0.143 0.038 0.068 0.012 0.037 0.07 0.045 0.024 0.03 0.048 0.07 0.015 0.036 0.022 0.082 0.043 0.009 0.069 0.04
63 V 0.049 0.019 0.016 0.017 0.015 0.013 0.02 0.023 0.011 0.17 0.134 0.022 0.031 0.16 0.014 0.027 0.037 0.009 0.042 0.171
64 N 0.042 0.044 0.334 0.081 0.009 0.033 0.048 0.064 0.031 0.022 0.031 0.053 0.011 0.018 0.02 0.068 0.048 0.004 0.015 0.026
65 K 0.054 0.147 0.04 0.039 0.008 0.051 0.066 0.04 0.021 0.026 0.043 0.266 0.015 0.015 0.026 0.051 0.038 0.005 0.017 0.032
66 A 0.132 0.027 0.028 0.027 0.017 0.021 0.032 0.126 0.013 0.077 0.123 0.036 0.024 0.029 0.021 0.081 0.048 0.006 0.018 0.115
67 F 0.033 0.019 0.016 0.016 0.01 0.01 0.019 0.025 0.016 0.062 0.111 0.019 0.025 0.402 0.01 0.025 0.025 0.016 0.087 0.054
68 L 0.048 0.023 0.014 0.015 0.016 0.016 0.02 0.021 0.01 0.121 0.347 0.025 0.045 0.05 0.014 0.025 0.035 0.007 0.021 0.126
69 F 0.054 0.024 0.023 0.022 0.014 0.017 0.026 0.03 0.019 0.107 0.104 0.028 0.025 0.172 0.016 0.063 0.041 0.013 0.094 0.109
70 T 0.067 0.03 0.033 0.03 0.017 0.023 0.032 0.036 0.012 0.11 0.091 0.038 0.024 0.028 0.023 0.07 0.191 0.006 0.018 0.123
71 L 0.055 0.023 0.021 0.022 0.016 0.017 0.024 0.028 0.011 0.187 0.219 0.029 0.037 0.043 0.017 0.06 0.044 0.006 0.02 0.124
72 G 0.126 0.023 0.027 0.026 0.095 0.019 0.026 0.245 0.012 0.044 0.102 0.032 0.019 0.024 0.02 0.052 0.036 0.005 0.014 0.052
73 V 0.061 0.02 0.016 0.017 0.018 0.015 0.021 0.023 0.008 0.203 0.139 0.025 0.033 0.038 0.016 0.03 0.045 0.005 0.02 0.249
74 F 0.033 0.019 0.016 0.016 0.01 0.01 0.019 0.025 0.016 0.062 0.111 0.019 0.025 0.402 0.01 0.025 0.025 0.016 0.087 0.054
75 L 0.048 0.021 0.017 0.018 0.015 0.014 0.021 0.024 0.011 0.162 0.174 0.024 0.033 0.131 0.015 0.031 0.055 0.009 0.037 0.14
76 F 0.033 0.019 0.016 0.016 0.01 0.01 0.019 0.025 0.016 0.062 0.111 0.019 0.025 0.402 0.01 0.025 0.025 0.016 0.087 0.054
77 Y 0.04 0.027 0.021 0.018 0.009 0.021 0.027 0.024 0.046 0.043 0.067 0.03 0.018 0.128 0.015 0.03 0.027 0.027 0.334 0.046
78 L 0.046 0.025 0.019 0.019 0.015 0.017 0.023 0.025 0.012 0.094 0.29 0.027 0.04 0.106 0.015 0.035 0.07 0.008 0.032 0.083
79 C 0.061 0.02 0.023 0.022 0.175 0.016 0.022 0.112 0.013 0.12 0.089 0.027 0.022 0.036 0.017 0.052 0.039 0.007 0.042 0.087
80 Y 0.04 0.027 0.021 0.018 0.009 0.021 0.027 0.024 0.046 0.043 0.067 0.03 0.018 0.128 0.015 0.03 0.027 0.027 0.334 0.046
81 S 0.107 0.039 0.053 0.048 0.017 0.032 0.051 0.065 0.019 0.029 0.041 0.053 0.015 0.02 0.029 0.239 0.08 0.005 0.017 0.041
82 F 0.037 0.019 0.016 0.016 0.012 0.012 0.019 0.023 0.014 0.108 0.167 0.02 0.031 0.284 0.012 0.025 0.028 0.013 0.065 0.08
83 Y 0.085 0.027 0.021 0.019 0.012 0.021 0.028 0.032 0.034 0.054 0.119 0.032 0.023 0.097 0.017 0.038 0.032 0.02 0.229 0.057
84 I 0.046 0.017 0.014 0.017 0.016 0.013 0.017 0.02 0.009 0.289 0.164 0.023 0.036 0.043 0.014 0.024 0.039 0.006 0.02 0.172
85 G 0.064 0.045 0.091 0.044 0.01 0.031 0.043 0.247 0.077 0.022 0.033 0.084 0.012 0.019 0.021 0.068 0.038 0.005 0.02 0.027
86 S 0.107 0.039 0.053 0.048 0.017 0.032 0.051 0.065 0.019 0.029 0.041 0.053 0.015 0.02 0.029 0.239 0.08 0.005 0.017 0.041
87 N 0.042 0.044 0.334 0.081 0.009 0.033 0.048 0.064 0.031 0.022 0.031 0.053 0.011 0.018 0.02 0.068 0.048 0.004 0.015 0.026
88 T 0.086 0.034 0.042 0.038 0.017 0.027 0.041 0.049 0.015 0.061 0.065 0.045 0.02 0.024 0.026 0.143 0.152 0.005 0.018 0.094
89 K 0.057 0.071 0.031 0.033 0.011 0.038 0.052 0.036 0.016 0.056 0.084 0.186 0.02 0.021 0.104 0.045 0.039 0.005 0.017 0.079
90 K 0.121 0.069 0.037 0.038 0.013 0.071 0.062 0.05 0.019 0.035 0.05 0.156 0.017 0.018 0.027 0.067 0.079 0.005 0.018 0.047
91 A 0.236 0.03 0.032 0.033 0.019 0.025 0.039 0.149 0.015 0.036 0.05 0.043 0.015 0.02 0.027 0.103 0.051 0.005 0.016 0.056
92 I 0.047 0.02 0.015 0.018 0.016 0.015 0.019 0.021 0.01 0.257 0.169 0.025 0.06 0.044 0.015 0.026 0.039 0.006 0.021 0.159
93 I 0.093 0.021 0.016 0.019 0.017 0.016 0.022 0.03 0.01 0.197 0.178 0.027 0.034 0.04 0.017 0.035 0.041 0.006 0.02 0.161
94 S 0.116 0.034 0.035 0.033 0.017 0.029 0.039 0.05 0.016 0.058 0.098 0.044 0.072 0.03 0.024 0.12 0.092 0.006 0.019 0.066
95 D 0.04 0.029 0.067 0.412 0.007 0.029 0.089 0.045 0.018 0.022 0.027 0.044 0.009 0.015 0.022 0.051 0.035 0.004 0.011 0.024
96 F 0.035 0.019 0.016 0.016 0.011 0.011 0.019 0.024 0.015 0.07 0.158 0.02 0.029 0.344 0.011 0.025 0.026 0.015 0.076 0.06
97 I 0.05 0.021 0.019 0.02 0.016 0.016 0.021 0.024 0.01 0.22 0.185 0.027 0.035 0.041 0.016 0.035 0.075 0.006 0.02 0.142
98 I 0.05 0.018 0.015 0.017 0.016 0.013 0.018 0.021 0.008 0.267 0.158 0.023 0.035 0.042 0.015 0.026 0.04 0.006 0.02 0.191
99 Q 0.055 0.072 0.043 0.046 0.009 0.234 0.1 0.04 0.029 0.026 0.046 0.089 0.02 0.014 0.023 0.055 0.04 0.006 0.02 0.034
100 L 0.044 0.021 0.015 0.017 0.015 0.015 0.02 0.022 0.011 0.19 0.198 0.025 0.06 0.105 0.014 0.026 0.036 0.008 0.032 0.126
101 K 0.056 0.104 0.04 0.04 0.008 0.052 0.069 0.042 0.02 0.027 0.042 0.296 0.015 0.015 0.027 0.052 0.039 0.005 0.017 0.032
102 P 0.055 0.025 0.023 0.03 0.01 0.02 0.035 0.035 0.013 0.025 0.035 0.04 0.01 0.013 0.506 0.043 0.035 0.003 0.013 0.03
103 Y 0.04 0.027 0.021 0.018 0.009 0.021 0.027 0.024 0.046 0.043 0.067 0.03 0.018 0.128 0.015 0.03 0.027 0.027 0.334 0.046
104 L 0.044 0.023 0.014 0.015 0.016 0.015 0.019 0.021 0.01 0.142 0.353 0.024 0.046 0.052 0.014 0.024 0.034 0.007 0.021 0.107
105 A 0.288 0.03 0.026 0.029 0.02 0.024 0.038 0.114 0.014 0.04 0.055 0.043 0.016 0.021 0.028 0.08 0.047 0.005 0.017 0.064
106 F 0.033 0.019 0.016 0.016 0.01 0.01 0.019 0.025 0.016 0.062 0.111 0.019 0.025 0.402 0.01 0.025 0.025 0.016 0.087 0.054
107 F 0.033 0.019 0.016 0.016 0.01 0.01 0.019 0.025 0.016 0.062 0.111 0.019 0.025 0.402 0.01 0.025 0.025 0.016 0.087 0.054
108 C 0.146 0.024 0.023 0.024 0.258 0.019 0.028 0.048 0.011 0.045 0.062 0.032 0.017 0.021 0.022 0.063 0.078 0.005 0.015 0.062
109 V 0.063 0.02 0.016 0.017 0.018 0.015 0.021 0.023 0.008 0.193 0.136 0.025 0.032 0.037 0.016 0.03 0.046 0.005 0.02 0.258
110 Y 0.04 0.027 0.021 0.018 0.009 0.021 0.027 0.024 0.046 0.043 0.067 0.03 0.018 0.128 0.015 0.03 0.027 0.027 0.334 0.046
111 S 0.112 0.047 0.04 0.039 0.014 0.096 0.062 0.052 0.026 0.032 0.05 0.06 0.018 0.036 0.025 0.117 0.053 0.009 0.071 0.044
112 L 0.043 0.024 0.015 0.016 0.015 0.017 0.021 0.023 0.012 0.102 0.311 0.025 0.067 0.11 0.014 0.026 0.032 0.009 0.033 0.087
113 A 0.145 0.133 0.037 0.035 0.014 0.039 0.052 0.055 0.019 0.031 0.048 0.127 0.016 0.018 0.026 0.091 0.048 0.005 0.017 0.045
114 P 0.058 0.027 0.026 0.031 0.011 0.021 0.036 0.036 0.013 0.03 0.04 0.041 0.012 0.014 0.426 0.051 0.074 0.003 0.013 0.037
115 R 0.052 0.155 0.085 0.039 0.011 0.037 0.046 0.039 0.02 0.047 0.081 0.109 0.019 0.022 0.021 0.054 0.077 0.005 0.017 0.063
116 F 0.035 0.019 0.016 0.016 0.011 0.011 0.019 0.024 0.015 0.07 0.158 0.02 0.029 0.344 0.011 0.025 0.026 0.015 0.076 0.06
117 S 0.073 0.038 0.121 0.083 0.014 0.03 0.049 0.055 0.02 0.034 0.045 0.049 0.015 0.02 0.025 0.131 0.13 0.005 0.016 0.045
118 K 0.051 0.128 0.089 0.053 0.008 0.05 0.103 0.043 0.023 0.025 0.04 0.188 0.014 0.016 0.024 0.054 0.039 0.005 0.017 0.031
119 N 0.049 0.038 0.152 0.049 0.012 0.059 0.045 0.042 0.021 0.112 0.083 0.047 0.022 0.026 0.018 0.049 0.045 0.005 0.018 0.108
120 Q 0.054 0.065 0.039 0.042 0.01 0.199 0.088 0.038 0.027 0.038 0.07 0.08 0.047 0.02 0.022 0.051 0.04 0.006 0.021 0.044
121 K 0.056 0.104 0.04 0.04 0.008 0.052 0.069 0.042 0.02 0.027 0.042 0.296 0.015 0.015 0.027 0.052 0.039 0.005 0.017 0.032
122 K 0.07 0.07 0.049 0.105 0.011 0.042 0.066 0.05 0.019 0.027 0.039 0.173 0.014 0.017 0.027 0.114 0.052 0.005 0.016 0.034
123 L 0.044 0.024 0.067 0.027 0.015 0.017 0.023 0.028 0.013 0.186 0.217 0.029 0.036 0.042 0.015 0.031 0.038 0.006 0.02 0.122
124 L 0.044 0.023 0.014 0.015 0.016 0.015 0.019 0.021 0.01 0.142 0.353 0.024 0.046 0.052 0.014 0.024 0.034 0.007 0.021 0.107
125 R 0.049 0.227 0.04 0.036 0.008 0.08 0.065 0.037 0.023 0.025 0.044 0.172 0.016 0.016 0.022 0.048 0.037 0.005 0.017 0.032
126 D 0.044 0.041 0.086 0.13 0.011 0.028 0.05 0.038 0.02 0.084 0.117 0.079 0.022 0.036 0.019 0.043 0.037 0.007 0.043 0.064
127 L 0.049 0.023 0.019 0.019 0.016 0.016 0.022 0.024 0.01 0.176 0.242 0.027 0.038 0.044 0.016 0.035 0.074 0.006 0.02 0.122
128 C 0.119 0.027 0.03 0.029 0.178 0.022 0.033 0.049 0.013 0.058 0.066 0.036 0.018 0.023 0.022 0.112 0.055 0.005 0.016 0.091
129 L 0.05 0.02 0.015 0.016 0.095 0.014 0.019 0.024 0.01 0.13 0.208 0.023 0.034 0.101 0.014 0.028 0.035 0.008 0.03 0.126
130 L 0.044 0.02 0.015 0.016 0.015 0.014 0.019 0.022 0.011 0.163 0.223 0.023 0.037 0.136 0.013 0.025 0.034 0.009 0.037 0.126
131 L 0.038 0.021 0.015 0.016 0.013 0.013 0.019 0.023 0.013 0.102 0.232 0.021 0.036 0.227 0.012 0.024 0.029 0.012 0.054 0.08
132 W 0.049 0.027 0.026 0.024 0.011 0.02 0.03 0.038 0.015 0.033 0.052 0.031 0.016 0.047 0.014 0.07 0.072 0.338 0.05 0.038
133 L 0.045 0.021 0.015 0.016 0.014 0.014 0.019 0.023 0.012 0.133 0.216 0.022 0.036 0.165 0.013 0.026 0.034 0.01 0.043 0.126
134 V 0.052 0.021 0.017 0.017 0.094 0.016 0.022 0.024 0.021 0.134 0.106 0.026 0.025 0.065 0.015 0.031 0.037 0.013 0.124 0.139
135 L 0.045 0.025 0.015 0.016 0.016 0.018 0.021 0.022 0.011 0.11 0.358 0.026 0.071 0.052 0.014 0.026 0.034 0.007 0.022 0.093
136 L 0.047 0.021 0.014 0.015 0.096 0.015 0.019 0.022 0.009 0.13 0.298 0.024 0.041 0.046 0.014 0.026 0.034 0.006 0.02 0.101
137 P 0.052 0.023 0.019 0.023 0.013 0.017 0.028 0.029 0.012 0.068 0.123 0.032 0.022 0.088 0.26 0.035 0.035 0.006 0.028 0.087
138 I 0.051 0.019 0.015 0.017 0.017 0.014 0.019 0.021 0.009 0.227 0.192 0.024 0.037 0.043 0.015 0.026 0.04 0.006 0.02 0.188
139 G 0.076 0.022 0.038 0.033 0.011 0.018 0.025 0.522 0.013 0.018 0.028 0.033 0.009 0.016 0.018 0.05 0.029 0.005 0.011 0.024
140 L 0.05 0.024 0.019 0.019 0.016 0.017 0.023 0.026 0.011 0.102 0.246 0.027 0.037 0.103 0.016 0.036 0.073 0.008 0.032 0.115
141 L 0.094 0.026 0.022 0.024 0.016 0.019 0.028 0.036 0.011 0.106 0.184 0.033 0.03 0.034 0.101 0.048 0.075 0.006 0.018 0.088
142 G 0.077 0.036 0.092 0.055 0.012 0.033 0.086 0.212 0.02 0.023 0.034 0.05 0.012 0.018 0.023 0.117 0.05 0.005 0.014 0.031
143 L 0.045 0.021 0.015 0.016 0.015 0.014 0.02 0.022 0.011 0.123 0.258 0.023 0.039 0.137 0.013 0.025 0.034 0.009 0.038 0.122
144 F 0.041 0.019 0.016 0.017 0.013 0.012 0.019 0.024 0.014 0.116 0.123 0.02 0.028 0.281 0.012 0.026 0.031 0.013 0.064 0.112
145 Y 0.04 0.028 0.022 0.019 0.009 0.022 0.028 0.025 0.047 0.044 0.068 0.031 0.019 0.131 0.016 0.031 0.028 0.028 0.318 0.047
146 D 0.048 0.027 0.089 0.162 0.011 0.023 0.048 0.119 0.016 0.11 0.073 0.036 0.018 0.025 0.018 0.045 0.037 0.005 0.015 0.074
147 P 0.054 0.037 0.084 0.072 0.01 0.06 0.05 0.121 0.019 0.035 0.06 0.049 0.04 0.02 0.141 0.05 0.038 0.005 0.016 0.039
148 D 0.048 0.094 0.043 0.096 0.01 0.065 0.058 0.037 0.078 0.039 0.078 0.06 0.019 0.054 0.02 0.051 0.071 0.007 0.029 0.042
149 L 0.043 0.023 0.017 0.017 0.014 0.017 0.021 0.023 0.017 0.149 0.181 0.026 0.057 0.119 0.014 0.027 0.034 0.012 0.084 0.105
150 L 0.045 0.02 0.014 0.016 0.016 0.014 0.018 0.02 0.009 0.201 0.277 0.024 0.042 0.048 0.014 0.024 0.036 0.006 0.021 0.133
151 G 0.057 0.044 0.037 0.094 0.012 0.06 0.054 0.116 0.016 0.09 0.072 0.085 0.02 0.023 0.02 0.044 0.038 0.005 0.016 0.095
152 A 0.13 0.04 0.033 0.091 0.013 0.027 0.047 0.048 0.022 0.04 0.061 0.079 0.017 0.1 0.022 0.054 0.037 0.011 0.081 0.048
153 L 0.09 0.022 0.017 0.018 0.016 0.016 0.023 0.031 0.011 0.13 0.207 0.027 0.034 0.101 0.016 0.035 0.038 0.008 0.031 0.128
154 L 0.046 0.026 0.017 0.018 0.015 0.02 0.023 0.025 0.014 0.126 0.207 0.029 0.109 0.107 0.014 0.03 0.036 0.009 0.033 0.098
155 G 0.072 0.031 0.035 0.032 0.012 0.022 0.032 0.281 0.015 0.04 0.053 0.055 0.015 0.082 0.019 0.076 0.039 0.007 0.026 0.054
156 H 0.046 0.041 0.046 0.034 0.009 0.034 0.047 0.035 0.31 0.045 0.052 0.041 0.018 0.031 0.018 0.039 0.03 0.007 0.05 0.066
157 P 0.057 0.04 0.031 0.05 0.01 0.069 0.137 0.034 0.019 0.047 0.053 0.057 0.016 0.018 0.184 0.047 0.038 0.004 0.016 0.074
158 A 0.201 0.034 0.037 0.036 0.019 0.028 0.043 0.067 0.016 0.039 0.053 0.047 0.017 0.021 0.029 0.136 0.095 0.005 0.017 0.059
159 R 0.045 0.136 0.025 0.022 0.01 0.027 0.033 0.027 0.027 0.059 0.077 0.057 0.02 0.121 0.016 0.034 0.033 0.015 0.135 0.082
160 F 0.037 0.021 0.016 0.016 0.012 0.013 0.02 0.023 0.017 0.077 0.201 0.022 0.032 0.263 0.012 0.025 0.028 0.014 0.086 0.066
161 A 0.307 0.03 0.025 0.029 0.021 0.025 0.04 0.076 0.014 0.042 0.058 0.043 0.017 0.021 0.029 0.083 0.049 0.005 0.017 0.067
162 A 0.19 0.03 0.033 0.032 0.018 0.025 0.037 0.139 0.014 0.041 0.055 0.042 0.016 0.021 0.027 0.08 0.117 0.005 0.016 0.061
163 A 0.224 0.034 0.037 0.037 0.019 0.028 0.044 0.072 0.016 0.037 0.051 0.047 0.016 0.021 0.029 0.148 0.062 0.005 0.017 0.056
164 V 0.144 0.024 0.019 0.021 0.019 0.019 0.027 0.041 0.01 0.142 0.11 0.031 0.027 0.032 0.02 0.048 0.047 0.005 0.019 0.194
165 I 0.058 0.024 0.024 0.024 0.017 0.018 0.025 0.028 0.01 0.188 0.124 0.031 0.029 0.035 0.019 0.048 0.116 0.006 0.019 0.157
166 A 0.22 0.026 0.021 0.025 0.019 0.021 0.032 0.058 0.012 0.124 0.093 0.037 0.023 0.028 0.024 0.063 0.045 0.005 0.018 0.102
167 L 0.058 0.026 0.02 0.02 0.017 0.02 0.025 0.027 0.011 0.116 0.215 0.03 0.06 0.041 0.017 0.04 0.078 0.006 0.021 0.153
168 S 0.174 0.036 0.044 0.041 0.018 0.03 0.047 0.069 0.017 0.033 0.047 0.05 0.016 0.021 0.029 0.187 0.07 0.005 0.017 0.05
169 L 0.045 0.025 0.018 0.018 0.015 0.018 0.022 0.024 0.012 0.097 0.284 0.027 0.064 0.108 0.015 0.031 0.052 0.009 0.032 0.084
170 L 0.054 0.025 0.024 0.023 0.016 0.019 0.025 0.028 0.011 0.151 0.206 0.031 0.035 0.04 0.018 0.046 0.112 0.006 0.02 0.112
171 Y 0.038 0.026 0.02 0.018 0.009 0.019 0.026 0.024 0.041 0.046 0.074 0.028 0.019 0.173 0.014 0.029 0.027 0.026 0.293 0.047
172 L 0.043 0.024 0.015 0.015 0.015 0.017 0.021 0.021 0.016 0.101 0.337 0.026 0.043 0.066 0.014 0.025 0.032 0.01 0.074 0.086
173 F 0.036 0.023 0.019 0.017 0.01 0.016 0.023 0.025 0.031 0.052 0.089 0.024 0.022 0.265 0.013 0.028 0.026 0.022 0.211 0.05
174 C 0.063 0.016 0.016 0.016 0.496 0.012 0.016 0.032 0.008 0.044 0.063 0.02 0.016 0.02 0.016 0.04 0.036 0.004 0.012 0.056
175 S 0.094 0.091 0.049 0.044 0.015 0.034 0.049 0.097 0.019 0.027 0.041 0.062 0.015 0.019 0.026 0.191 0.068 0.005 0.017 0.038
176 D 0.048 0.036 0.082 0.29 0.008 0.03 0.073 0.126 0.019 0.022 0.029 0.064 0.01 0.015 0.022 0.052 0.035 0.004 0.012 0.025
177 F 0.038 0.027 0.072 0.028 0.009 0.02 0.028 0.031 0.033 0.046 0.076 0.03 0.019 0.201 0.014 0.035 0.03 0.02 0.199 0.045
178 T 0.071 0.035 0.042 0.037 0.017 0.027 0.038 0.042 0.013 0.052 0.064 0.044 0.019 0.023 0.027 0.09 0.265 0.006 0.017 0.069
179 L 0.057 0.042 0.03 0.029 0.014 0.027 0.037 0.035 0.014 0.062 0.148 0.08 0.038 0.03 0.103 0.055 0.112 0.006 0.018 0.064
180 K 0.053 0.138 0.04 0.047 0.008 0.053 0.107 0.039 0.021 0.025 0.042 0.229 0.015 0.016 0.025 0.051 0.037 0.005 0.017 0.031
181 D 0.041 0.033 0.109 0.33 0.008 0.033 0.101 0.048 0.021 0.022 0.029 0.048 0.01 0.015 0.022 0.054 0.037 0.004 0.012 0.025
182 K 0.054 0.147 0.04 0.039 0.008 0.051 0.066 0.04 0.021 0.026 0.043 0.266 0.015 0.015 0.026 0.051 0.038 0.005 0.017 0.032
183 L 0.051 0.02 0.015 0.016 0.096 0.014 0.019 0.024 0.01 0.119 0.205 0.023 0.034 0.1 0.014 0.029 0.036 0.008 0.03 0.136
184 I 0.05 0.018 0.015 0.017 0.016 0.013 0.018 0.021 0.008 0.267 0.158 0.023 0.035 0.042 0.015 0.026 0.04 0.006 0.02 0.191
185 F 0.034 0.02 0.017 0.017 0.01 0.012 0.02 0.025 0.021 0.059 0.104 0.021 0.024 0.356 0.011 0.026 0.025 0.018 0.128 0.052
186 L 0.048 0.021 0.014 0.016 0.016 0.015 0.019 0.021 0.009 0.179 0.271 0.024 0.041 0.047 0.014 0.025 0.037 0.006 0.021 0.152
187 L 0.09 0.022 0.016 0.018 0.096 0.016 0.022 0.032 0.011 0.114 0.22 0.026 0.034 0.07 0.017 0.036 0.036 0.007 0.024 0.093
188 L 0.048 0.029 0.018 0.018 0.016 0.024 0.025 0.025 0.014 0.103 0.258 0.032 0.137 0.049 0.015 0.031 0.037 0.008 0.023 0.091
189 L 0.044 0.024 0.014 0.015 0.016 0.017 0.02 0.021 0.01 0.111 0.374 0.026 0.059 0.053 0.014 0.025 0.033 0.007 0.022 0.094
190 S 0.141 0.038 0.048 0.045 0.018 0.031 0.049 0.067 0.018 0.031 0.044 0.051 0.016 0.021 0.029 0.213 0.075 0.005 0.017 0.045
191 L 0.056 0.021 0.015 0.017 0.017 0.015 0.021 0.022 0.009 0.166 0.221 0.025 0.038 0.042 0.015 0.028 0.041 0.006 0.021 0.203
192 G 0.074 0.021 0.034 0.03 0.091 0.017 0.023 0.44 0.012 0.023 0.034 0.031 0.01 0.016 0.018 0.048 0.03 0.005 0.011 0.029
193 L 0.042 0.021 0.014 0.016 0.015 0.014 0.019 0.021 0.011 0.148 0.287 0.023 0.041 0.109 0.013 0.024 0.033 0.008 0.032 0.107
194 L 0.084 0.022 0.017 0.018 0.015 0.015 0.022 0.031 0.013 0.113 0.204 0.025 0.033 0.162 0.015 0.034 0.034 0.01 0.042 0.089
195 S 0.107 0.039 0.053 0.048 0.017 0.032 0.051 0.065 0.019 0.029 0.041 0.053 0.015 0.02 0.029 0.239 0.08 0.005 0.017 0.041
196 G 0.076 0.024 0.039 0.033 0.012 0.02 0.027 0.442 0.013 0.024 0.034 0.035 0.011 0.017 0.02 0.057 0.068 0.005 0.012 0.031
197 R 0.044 0.361 0.038 0.03 0.008 0.047 0.051 0.032 0.023 0.023 0.045 0.117 0.015 0.017 0.019 0.044 0.034 0.006 0.017 0.03
198 S 0.124 0.038 0.05 0.046 0.017 0.032 0.05 0.066 0.018 0.03 0.042 0.052 0.015 0.02 0.029 0.226 0.077 0.005 0.017 0.043
199 K 0.056 0.104 0.04 0.04 0.008 0.052 0.069 0.042 0.02 0.027 0.042 0.296 0.015 0.015 0.027 0.052 0.039 0.005 0.017 0.032
200 F 0.08 0.021 0.017 0.018 0.013 0.014 0.022 0.033 0.015 0.067 0.149 0.024 0.027 0.28 0.014 0.034 0.03 0.013 0.064 0.063
201 Y 0.038 0.026 0.02 0.018 0.009 0.019 0.026 0.024 0.041 0.046 0.074 0.028 0.019 0.173 0.014 0.029 0.027 0.026 0.293 0.047
202 G 0.076 0.022 0.038 0.033 0.011 0.018 0.025 0.522 0.013 0.018 0.028 0.033 0.009 0.016 0.018 0.05 0.029 0.005 0.011 0.024
203 F 0.035 0.019 0.016 0.016 0.011 0.011 0.019 0.024 0.015 0.07 0.158 0.02 0.029 0.344 0.011 0.025 0.026 0.015 0.076 0.06
204 F 0.035 0.021 0.017 0.016 0.011 0.014 0.021 0.025 0.02 0.062 0.141 0.022 0.026 0.241 0.011 0.025 0.026 0.098 0.114 0.055
205 A 0.16 0.026 0.021 0.023 0.019 0.02 0.03 0.046 0.012 0.116 0.143 0.034 0.028 0.033 0.022 0.055 0.062 0.006 0.019 0.126
206 L 0.047 0.021 0.014 0.015 0.096 0.015 0.019 0.022 0.009 0.13 0.298 0.024 0.041 0.046 0.014 0.026 0.034 0.006 0.02 0.101
207 A 0.241 0.033 0.034 0.035 0.02 0.027 0.043 0.072 0.016 0.038 0.052 0.047 0.016 0.021 0.029 0.135 0.059 0.005 0.017 0.058
208 L 0.06 0.025 0.024 0.023 0.017 0.019 0.026 0.029 0.01 0.148 0.159 0.031 0.031 0.036 0.019 0.048 0.115 0.006 0.019 0.154
209 L 0.051 0.02 0.015 0.017 0.016 0.014 0.02 0.022 0.01 0.179 0.181 0.023 0.034 0.102 0.014 0.027 0.039 0.008 0.031 0.178
210 L 0.051 0.025 0.018 0.019 0.016 0.018 0.023 0.025 0.011 0.147 0.272 0.028 0.065 0.047 0.016 0.044 0.039 0.007 0.021 0.108
211 V 0.057 0.023 0.02 0.02 0.017 0.017 0.023 0.025 0.009 0.177 0.173 0.028 0.034 0.039 0.017 0.038 0.079 0.006 0.02 0.18
212 L 0.045 0.02 0.015 0.016 0.014 0.013 0.019 0.022 0.011 0.148 0.197 0.022 0.034 0.164 0.013 0.026 0.034 0.01 0.043 0.132
213 Y 0.04 0.027 0.021 0.018 0.009 0.021 0.027 0.024 0.046 0.043 0.067 0.03 0.018 0.128 0.015 0.03 0.027 0.027 0.334 0.046
214 F 0.05 0.025 0.023 0.022 0.013 0.018 0.026 0.031 0.016 0.071 0.16 0.028 0.053 0.221 0.015 0.062 0.038 0.012 0.054 0.064
215 N 0.072 0.036 0.139 0.053 0.012 0.028 0.043 0.136 0.021 0.024 0.034 0.047 0.012 0.017 0.104 0.118 0.053 0.004 0.015 0.031
216 R 0.055 0.156 0.087 0.041 0.01 0.039 0.05 0.043 0.027 0.028 0.045 0.111 0.015 0.036 0.021 0.079 0.044 0.009 0.07 0.034
217 V 0.085 0.03 0.079 0.038 0.015 0.023 0.036 0.045 0.015 0.095 0.076 0.04 0.02 0.025 0.102 0.082 0.068 0.005 0.017 0.104
218 F 0.049 0.046 0.107 0.051 0.01 0.034 0.086 0.042 0.022 0.037 0.061 0.085 0.017 0.145 0.019 0.063 0.039 0.009 0.04 0.038
219 R 0.044 0.16 0.139 0.05 0.008 0.042 0.053 0.045 0.083 0.023 0.039 0.113 0.014 0.019 0.02 0.053 0.038 0.005 0.023 0.028
220 L 0.046 0.023 0.015 0.016 0.016 0.017 0.02 0.022 0.01 0.169 0.282 0.026 0.066 0.049 0.014 0.026 0.036 0.007 0.021 0.119
221 K 0.053 0.138 0.04 0.047 0.008 0.053 0.107 0.039 0.021 0.025 0.042 0.229 0.015 0.016 0.025 0.051 0.037 0.005 0.017 0.031
222 L 0.043 0.022 0.015 0.016 0.015 0.015 0.02 0.022 0.011 0.132 0.29 0.024 0.053 0.109 0.014 0.025 0.033 0.008 0.032 0.1
223 N 0.041 0.041 0.289 0.136 0.009 0.032 0.055 0.061 0.029 0.022 0.03 0.051 0.011 0.017 0.02 0.065 0.046 0.004 0.015 0.026
224 L 0.13 0.026 0.019 0.021 0.016 0.019 0.027 0.041 0.014 0.074 0.177 0.031 0.054 0.129 0.018 0.046 0.037 0.009 0.037 0.074
225 K 0.054 0.147 0.04 0.039 0.008 0.051 0.066 0.04 0.021 0.026 0.043 0.266 0.015 0.015 0.026 0.051 0.038 0.005 0.017 0.032
226 N 0.049 0.042 0.261 0.07 0.011 0.031 0.046 0.058 0.026 0.029 0.039 0.051 0.013 0.019 0.022 0.074 0.102 0.005 0.016 0.037
227 I 0.051 0.023 0.02 0.021 0.016 0.018 0.022 0.025 0.011 0.218 0.152 0.029 0.057 0.04 0.017 0.037 0.077 0.006 0.02 0.141
228 I 0.053 0.022 0.021 0.022 0.015 0.016 0.023 0.029 0.012 0.174 0.149 0.027 0.031 0.13 0.016 0.06 0.042 0.008 0.036 0.114
229 I 0.087 0.021 0.016 0.019 0.016 0.015 0.022 0.03 0.011 0.18 0.175 0.026 0.033 0.101 0.016 0.034 0.037 0.008 0.031 0.122
230 F 0.044 0.021 0.019 0.019 0.012 0.014 0.02 0.106 0.014 0.072 0.191 0.023 0.03 0.221 0.013 0.029 0.028 0.011 0.052 0.062
231 L 0.047 0.023 0.019 0.019 0.015 0.016 0.022 0.025 0.011 0.138 0.233 0.027 0.036 0.104 0.016 0.035 0.072 0.008 0.031 0.103
232 C 0.053 0.019 0.015 0.016 0.176 0.013 0.018 0.026 0.01 0.119 0.153 0.022 0.029 0.095 0.014 0.031 0.036 0.007 0.029 0.12
233 T 0.106 0.029 0.03 0.029 0.018 0.022 0.032 0.041 0.012 0.108 0.09 0.037 0.024 0.028 0.023 0.068 0.155 0.006 0.018 0.122
234 L 0.046 0.022 0.015 0.016 0.015 0.015 0.02 0.022 0.011 0.127 0.281 0.024 0.04 0.108 0.014 0.025 0.034 0.008 0.032 0.126
235 A 0.205 0.028 0.027 0.028 0.018 0.023 0.034 0.139 0.013 0.051 0.109 0.039 0.021 0.026 0.025 0.068 0.061 0.006 0.017 0.065
236 L 0.096 0.023 0.022 0.022 0.015 0.018 0.024 0.155 0.011 0.107 0.207 0.03 0.031 0.037 0.018 0.04 0.035 0.006 0.018 0.085
237 L 0.059 0.027 0.025 0.024 0.017 0.021 0.027 0.03 0.012 0.127 0.167 0.033 0.056 0.037 0.019 0.049 0.115 0.006 0.02 0.13
238 L 0.093 0.022 0.017 0.018 0.057 0.016 0.023 0.032 0.01 0.128 0.203 0.027 0.033 0.069 0.017 0.037 0.039 0.007 0.025 0.128
239 L 0.044 0.022 0.017 0.017 0.013 0.015 0.021 0.023 0.02 0.12 0.158 0.024 0.03 0.154 0.014 0.027 0.033 0.014 0.116 0.117
240 V 0.068 0.021 0.016 0.017 0.019 0.016 0.023 0.024 0.008 0.161 0.127 0.025 0.031 0.035 0.016 0.032 0.048 0.005 0.02 0.287
241 A 0.269 0.029 0.027 0.03 0.019 0.024 0.037 0.151 0.014 0.038 0.053 0.042 0.016 0.02 0.027 0.077 0.045 0.005 0.016 0.06
242 W 0.036 0.092 0.023 0.022 0.008 0.026 0.035 0.032 0.017 0.028 0.049 0.084 0.015 0.045 0.013 0.031 0.027 0.338 0.05 0.03
243 D 0.046 0.047 0.101 0.208 0.008 0.101 0.105 0.046 0.024 0.023 0.035 0.063 0.013 0.015 0.022 0.055 0.039 0.005 0.015 0.028
244 K 0.056 0.104 0.04 0.04 0.008 0.052 0.069 0.042 0.02 0.027 0.042 0.296 0.015 0.015 0.027 0.052 0.039 0.005 0.017 0.032
245 I 0.046 0.018 0.014 0.017 0.016 0.013 0.018 0.02 0.009 0.259 0.202 0.023 0.038 0.045 0.014 0.024 0.038 0.006 0.02 0.159
246 D 0.046 0.043 0.052 0.18 0.007 0.06 0.156 0.039 0.11 0.022 0.034 0.058 0.013 0.019 0.022 0.05 0.033 0.005 0.025 0.027
247 L 0.048 0.023 0.014 0.015 0.016 0.016 0.02 0.021 0.01 0.121 0.347 0.025 0.045 0.05 0.014 0.025 0.035 0.007 0.021 0.126
248 Y 0.04 0.027 0.021 0.018 0.009 0.021 0.027 0.024 0.046 0.043 0.067 0.03 0.018 0.128 0.015 0.03 0.027 0.027 0.334 0.046
249 F 0.033 0.019 0.016 0.016 0.01 0.01 0.019 0.025 0.016 0.062 0.111 0.019 0.025 0.402 0.01 0.025 0.025 0.016 0.087 0.054
250 V 0.098 0.023 0.018 0.02 0.018 0.018 0.024 0.032 0.011 0.173 0.139 0.029 0.055 0.037 0.018 0.039 0.044 0.006 0.02 0.179
251 Q 0.076 0.049 0.035 0.036 0.012 0.127 0.065 0.039 0.023 0.077 0.071 0.062 0.022 0.031 0.022 0.056 0.077 0.008 0.046 0.067
252 G 0.082 0.025 0.041 0.035 0.012 0.021 0.029 0.446 0.014 0.02 0.03 0.036 0.01 0.017 0.02 0.082 0.037 0.005 0.012 0.027
253 G 0.078 0.023 0.039 0.034 0.011 0.019 0.026 0.509 0.014 0.019 0.028 0.034 0.009 0.016 0.019 0.051 0.03 0.005 0.011 0.024
254 G 0.055 0.021 0.031 0.088 0.013 0.018 0.032 0.192 0.012 0.139 0.115 0.03 0.024 0.03 0.017 0.037 0.034 0.005 0.016 0.092
255 F 0.097 0.026 0.026 0.025 0.016 0.019 0.029 0.039 0.014 0.072 0.089 0.032 0.023 0.151 0.02 0.058 0.113 0.009 0.041 0.1
256 G 0.073 0.027 0.038 0.042 0.01 0.026 0.073 0.441 0.015 0.019 0.029 0.04 0.01 0.016 0.02 0.051 0.03 0.005 0.011 0.025
257 G 0.078 0.023 0.039 0.034 0.011 0.019 0.026 0.51 0.014 0.019 0.028 0.034 0.009 0.016 0.019 0.051 0.03 0.005 0.011 0.024
258 G 0.078 0.023 0.039 0.034 0.011 0.019 0.026 0.51 0.014 0.019 0.028 0.034 0.009 0.016 0.019 0.051 0.03 0.005 0.011 0.024
259 E 0.048 0.094 0.049 0.186 0.007 0.049 0.195 0.038 0.022 0.022 0.035 0.071 0.012 0.016 0.023 0.051 0.035 0.005 0.015 0.028
260 V 0.064 0.031 0.034 0.1 0.014 0.029 0.087 0.036 0.015 0.084 0.125 0.041 0.025 0.029 0.02 0.072 0.047 0.005 0.018 0.127
261 R 0.045 0.345 0.039 0.031 0.008 0.048 0.052 0.033 0.023 0.023 0.047 0.12 0.016 0.017 0.019 0.045 0.035 0.006 0.017 0.031
262 E 0.055 0.05 0.04 0.09 0.007 0.064 0.296 0.035 0.026 0.022 0.037 0.076 0.013 0.017 0.026 0.055 0.037 0.006 0.017 0.031
263 E 0.054 0.043 0.045 0.133 0.009 0.051 0.23 0.037 0.022 0.027 0.039 0.064 0.013 0.017 0.025 0.059 0.074 0.005 0.016 0.036
264 E 0.066 0.063 0.043 0.057 0.011 0.048 0.143 0.043 0.02 0.03 0.043 0.139 0.015 0.018 0.027 0.09 0.082 0.005 0.017 0.039
265 D 0.046 0.03 0.107 0.294 0.008 0.028 0.072 0.128 0.019 0.021 0.028 0.043 0.009 0.015 0.021 0.054 0.036 0.004 0.012 0.024
266 L 0.047 0.032 0.022 0.039 0.013 0.032 0.118 0.025 0.015 0.082 0.272 0.041 0.036 0.041 0.018 0.034 0.034 0.006 0.02 0.073
267 L 0.044 0.024 0.017 0.018 0.014 0.019 0.023 0.023 0.022 0.146 0.174 0.028 0.056 0.074 0.015 0.028 0.034 0.013 0.126 0.103
268 A 0.307 0.03 0.025 0.029 0.021 0.025 0.04 0.076 0.014 0.042 0.058 0.043 0.017 0.021 0.029 0.083 0.049 0.005 0.017 0.067
269 R 0.044 0.361 0.038 0.03 0.008 0.047 0.051 0.032 0.023 0.023 0.045 0.117 0.015 0.017 0.019 0.044 0.034 0.006 0.017 0.03
270 L 0.049 0.027 0.019 0.018 0.014 0.022 0.025 0.025 0.023 0.092 0.173 0.03 0.08 0.073 0.015 0.031 0.036 0.014 0.126 0.109
271 A 0.185 0.027 0.021 0.024 0.019 0.022 0.032 0.051 0.013 0.091 0.103 0.036 0.049 0.03 0.022 0.058 0.047 0.006 0.019 0.144
272 L 0.043 0.024 0.014 0.015 0.016 0.016 0.02 0.021 0.01 0.113 0.391 0.025 0.048 0.053 0.014 0.024 0.033 0.007 0.022 0.094
273 Y 0.04 0.027 0.021 0.018 0.009 0.021 0.027 0.024 0.046 0.043 0.067 0.03 0.018 0.128 0.015 0.03 0.027 0.027 0.334 0.046
274 A 0.145 0.029 0.027 0.027 0.016 0.023 0.035 0.048 0.024 0.06 0.07 0.038 0.019 0.059 0.022 0.083 0.047 0.013 0.123 0.092
275 T 0.058 0.029 0.034 0.03 0.015 0.021 0.032 0.036 0.014 0.055 0.079 0.036 0.021 0.149 0.021 0.069 0.185 0.009 0.04 0.064
276 S 0.107 0.039 0.053 0.048 0.017 0.032 0.051 0.065 0.019 0.029 0.041 0.053 0.015 0.02 0.029 0.239 0.08 0.005 0.017 0.041
277 I 0.05 0.021 0.019 0.02 0.016 0.016 0.021 0.024 0.01 0.22 0.185 0.027 0.035 0.041 0.016 0.035 0.075 0.006 0.02 0.142
278 D 0.055 0.034 0.095 0.172 0.01 0.031 0.08 0.047 0.019 0.031 0.062 0.047 0.014 0.019 0.103 0.082 0.044 0.004 0.014 0.035
279 I 0.05 0.018 0.015 0.017 0.016 0.013 0.018 0.021 0.008 0.267 0.158 0.023 0.035 0.042 0.015 0.026 0.04 0.006 0.02 0.191
280 F 0.035 0.019 0.016 0.016 0.011 0.011 0.019 0.024 0.015 0.07 0.158 0.02 0.029 0.344 0.011 0.025 0.026 0.015 0.076 0.06
281 L 0.055 0.056 0.028 0.037 0.012 0.038 0.087 0.032 0.017 0.074 0.138 0.125 0.051 0.03 0.021 0.042 0.039 0.006 0.019 0.094
282 D 0.042 0.036 0.063 0.351 0.008 0.063 0.091 0.045 0.02 0.023 0.03 0.051 0.011 0.015 0.022 0.052 0.035 0.004 0.012 0.025
283 Y 0.04 0.027 0.021 0.018 0.009 0.021 0.027 0.024 0.046 0.043 0.067 0.03 0.018 0.128 0.015 0.03 0.027 0.027 0.334 0.046
284 L 0.046 0.022 0.017 0.017 0.014 0.016 0.021 0.024 0.013 0.129 0.166 0.025 0.069 0.163 0.014 0.028 0.035 0.01 0.043 0.125
285 P 0.055 0.025 0.023 0.03 0.01 0.02 0.035 0.035 0.013 0.025 0.035 0.04 0.01 0.013 0.506 0.043 0.035 0.003 0.013 0.03
286 F 0.034 0.019 0.016 0.016 0.011 0.011 0.019 0.024 0.016 0.066 0.135 0.019 0.027 0.373 0.011 0.025 0.025 0.016 0.081 0.057
287 G 0.076 0.022 0.038 0.033 0.011 0.018 0.025 0.522 0.013 0.018 0.028 0.033 0.009 0.016 0.018 0.05 0.029 0.005 0.011 0.024
288 S 0.107 0.039 0.053 0.048 0.017 0.032 0.051 0.065 0.019 0.029 0.041 0.053 0.015 0.02 0.029 0.239 0.08 0.005 0.017 0.041
289 G 0.076 0.022 0.038 0.033 0.011 0.018 0.025 0.522 0.013 0.018 0.028 0.033 0.009 0.016 0.018 0.05 0.029 0.005 0.011 0.024
290 F 0.036 0.02 0.016 0.016 0.012 0.012 0.019 0.023 0.014 0.079 0.205 0.021 0.033 0.286 0.012 0.024 0.027 0.013 0.065 0.067
291 A 0.307 0.03 0.025 0.029 0.021 0.025 0.04 0.076 0.014 0.042 0.058 0.043 0.017 0.021 0.029 0.083 0.049 0.005 0.017 0.067
292 S 0.101 0.038 0.051 0.046 0.017 0.031 0.049 0.061 0.018 0.033 0.045 0.051 0.016 0.021 0.029 0.214 0.111 0.005 0.017 0.046
293 F 0.035 0.021 0.018 0.017 0.01 0.014 0.021 0.025 0.026 0.055 0.097 0.023 0.023 0.31 0.012 0.027 0.026 0.02 0.169 0.051
294 A 0.23 0.028 0.029 0.03 0.018 0.023 0.035 0.225 0.014 0.034 0.048 0.04 0.014 0.019 0.025 0.072 0.042 0.005 0.015 0.053
295 T 0.077 0.035 0.044 0.038 0.017 0.028 0.041 0.046 0.014 0.048 0.06 0.046 0.019 0.023 0.027 0.115 0.234 0.006 0.017 0.065
296 F 0.038 0.03 0.03 0.024 0.009 0.023 0.033 0.029 0.144 0.042 0.072 0.031 0.019 0.186 0.015 0.032 0.026 0.017 0.159 0.041
297 A 0.19 0.032 0.032 0.032 0.018 0.026 0.039 0.06 0.02 0.042 0.058 0.043 0.017 0.039 0.026 0.101 0.086 0.009 0.07 0.06
298 S 0.107 0.039 0.053 0.048 0.017 0.032 0.051 0.065 0.019 0.029 0.041 0.053 0.015 0.02 0.029 0.239 0.08 0.005 0.017 0.041
299 G 0.12 0.026 0.038 0.035 0.013 0.022 0.032 0.372 0.014 0.024 0.035 0.038 0.012 0.017 0.022 0.087 0.041 0.005 0.013 0.034
300 V 0.103 0.036 0.026 0.036 0.016 0.062 0.087 0.037 0.015 0.095 0.087 0.047 0.024 0.026 0.021 0.048 0.045 0.005 0.019 0.165
301 Y 0.039 0.027 0.029 0.084 0.009 0.022 0.037 0.028 0.039 0.041 0.064 0.032 0.017 0.132 0.016 0.033 0.028 0.022 0.26 0.043
302 Y 0.04 0.027 0.021 0.018 0.009 0.021 0.027 0.024 0.046 0.043 0.067 0.03 0.018 0.128 0.015 0.03 0.027 0.027 0.334 0.046
303 S 0.107 0.039 0.053 0.048 0.017 0.032 0.051 0.065 0.019 0.029 0.041 0.053 0.015 0.02 0.029 0.239 0.08 0.005 0.017 0.041
304 P 0.051 0.042 0.085 0.104 0.009 0.029 0.052 0.043 0.018 0.024 0.034 0.085 0.011 0.014 0.264 0.05 0.038 0.003 0.013 0.029
305 L 0.045 0.02 0.014 0.016 0.016 0.014 0.018 0.02 0.009 0.201 0.277 0.024 0.042 0.048 0.014 0.024 0.036 0.006 0.021 0.133
306 Y 0.04 0.027 0.021 0.018 0.009 0.021 0.027 0.024 0.046 0.043 0.067 0.03 0.018 0.128 0.015 0.03 0.027 0.027 0.334 0.046
307 A 0.147 0.036 0.134 0.05 0.016 0.028 0.043 0.065 0.02 0.053 0.053 0.047 0.016 0.022 0.025 0.112 0.056 0.005 0.017 0.056
308 K 0.053 0.138 0.04 0.047 0.008 0.053 0.107 0.039 0.021 0.025 0.042 0.229 0.015 0.016 0.025 0.051 0.037 0.005 0.017 0.031
309 Y 0.038 0.026 0.02 0.018 0.009 0.019 0.026 0.024 0.041 0.046 0.074 0.028 0.019 0.173 0.014 0.029 0.027 0.026 0.293 0.047
310 G 0.082 0.025 0.041 0.035 0.012 0.021 0.029 0.446 0.014 0.02 0.03 0.036 0.01 0.017 0.02 0.082 0.037 0.005 0.012 0.027
311 I 0.046 0.021 0.015 0.017 0.016 0.016 0.019 0.021 0.01 0.228 0.206 0.025 0.062 0.045 0.014 0.026 0.038 0.006 0.021 0.146
312 D 0.046 0.03 0.066 0.382 0.008 0.029 0.086 0.047 0.018 0.022 0.028 0.044 0.01 0.015 0.022 0.067 0.038 0.004 0.011 0.025
313 G 0.054 0.047 0.112 0.045 0.01 0.032 0.045 0.123 0.107 0.045 0.05 0.083 0.016 0.023 0.02 0.05 0.038 0.006 0.026 0.069
314 L 0.053 0.021 0.015 0.016 0.017 0.015 0.02 0.022 0.009 0.187 0.227 0.024 0.038 0.044 0.015 0.027 0.04 0.006 0.021 0.184
315 W 0.033 0.024 0.017 0.016 0.008 0.017 0.024 0.028 0.025 0.034 0.057 0.025 0.016 0.082 0.01 0.025 0.024 0.346 0.156 0.035
316 G 0.076 0.022 0.038 0.033 0.011 0.018 0.025 0.522 0.013 0.018 0.028 0.033 0.009 0.016 0.018 0.05 0.029 0.005 0.011 0.024
317 L 0.046 0.026 0.016 0.017 0.016 0.019 0.022 0.023 0.012 0.122 0.306 0.028 0.092 0.05 0.015 0.028 0.035 0.007 0.022 0.099
318 T 0.073 0.038 0.118 0.05 0.015 0.03 0.044 0.053 0.019 0.039 0.05 0.048 0.016 0.021 0.026 0.122 0.164 0.005 0.017 0.051
319 K 0.064 0.075 0.042 0.058 0.009 0.052 0.148 0.043 0.022 0.025 0.04 0.181 0.014 0.016 0.027 0.084 0.045 0.005 0.017 0.033
320 S 0.085 0.035 0.09 0.046 0.016 0.028 0.043 0.054 0.018 0.071 0.064 0.046 0.019 0.024 0.024 0.158 0.066 0.005 0.018 0.09
