#Seq2Logo.py -f /work3/idamei/ssn-clusterings/clustering/2205111239/clusters/0022_124/sequences.afa -o /work3/idamei/ssn-clusterings/clustering/2205111239/clusters/0022_124/sequences.logo
#Position Specific Frequency Matrix
A R N D C Q E G H I L K M F P S T W Y V
0 L 0.05 0.031 0.019 0.019 0.016 0.027 0.027 0.027 0.016 0.097 0.19 0.035 0.189 0.047 0.016 0.035 0.039 0.008 0.023 0.089
1 I 0.053 0.028 0.062 0.03 0.015 0.033 0.031 0.031 0.014 0.16 0.133 0.035 0.038 0.034 0.018 0.044 0.08 0.006 0.019 0.135
2 L 0.044 0.031 0.02 0.021 0.013 0.048 0.033 0.026 0.014 0.08 0.252 0.034 0.035 0.071 0.015 0.032 0.048 0.079 0.032 0.071
3 L 0.047 0.049 0.037 0.133 0.011 0.031 0.055 0.034 0.015 0.063 0.183 0.105 0.028 0.032 0.02 0.04 0.035 0.006 0.018 0.057
4 G 0.063 0.025 0.029 0.027 0.013 0.02 0.028 0.169 0.022 0.101 0.081 0.033 0.021 0.057 0.018 0.063 0.039 0.012 0.104 0.076
5 N 0.043 0.039 0.258 0.07 0.01 0.03 0.043 0.056 0.027 0.073 0.059 0.048 0.016 0.023 0.019 0.061 0.047 0.005 0.017 0.057
6 K 0.05 0.056 0.036 0.103 0.011 0.033 0.054 0.035 0.015 0.125 0.09 0.131 0.023 0.027 0.021 0.042 0.039 0.005 0.017 0.088
7 S 0.17 0.037 0.044 0.042 0.019 0.031 0.048 0.07 0.018 0.034 0.048 0.051 0.016 0.021 0.03 0.176 0.071 0.005 0.017 0.051
8 P 0.057 0.026 0.023 0.031 0.01 0.021 0.036 0.036 0.013 0.026 0.036 0.041 0.01 0.013 0.494 0.044 0.036 0.003 0.013 0.031
9 A 0.29 0.031 0.026 0.03 0.022 0.026 0.04 0.078 0.015 0.043 0.059 0.045 0.018 0.022 0.03 0.085 0.05 0.005 0.018 0.069
10 A 0.29 0.031 0.026 0.03 0.022 0.026 0.04 0.078 0.015 0.043 0.059 0.045 0.018 0.022 0.03 0.085 0.05 0.005 0.018 0.069
11 G 0.078 0.023 0.039 0.034 0.011 0.019 0.026 0.51 0.014 0.019 0.028 0.034 0.009 0.016 0.019 0.051 0.03 0.005 0.011 0.024
12 Q 0.056 0.074 0.044 0.047 0.009 0.215 0.103 0.041 0.029 0.026 0.047 0.091 0.021 0.015 0.024 0.056 0.041 0.006 0.021 0.035
13 G 0.078 0.023 0.039 0.034 0.011 0.019 0.026 0.51 0.014 0.019 0.028 0.034 0.009 0.016 0.019 0.051 0.03 0.005 0.011 0.024
14 L 0.044 0.031 0.027 0.023 0.013 0.023 0.031 0.027 0.126 0.084 0.264 0.032 0.038 0.047 0.016 0.03 0.031 0.007 0.034 0.072
15 I 0.053 0.017 0.015 0.017 0.172 0.013 0.017 0.025 0.009 0.197 0.133 0.022 0.03 0.036 0.015 0.03 0.039 0.005 0.018 0.136
16 R 0.127 0.241 0.034 0.03 0.012 0.041 0.048 0.048 0.02 0.03 0.051 0.095 0.016 0.019 0.023 0.058 0.04 0.006 0.017 0.043
17 N 0.043 0.145 0.225 0.066 0.009 0.039 0.05 0.054 0.029 0.023 0.036 0.076 0.013 0.018 0.02 0.061 0.044 0.005 0.016 0.028
18 F 0.041 0.021 0.019 0.022 0.01 0.014 0.025 0.029 0.016 0.051 0.088 0.026 0.02 0.263 0.172 0.031 0.029 0.012 0.063 0.047
19 G 0.064 0.079 0.041 0.039 0.009 0.042 0.056 0.199 0.018 0.025 0.038 0.198 0.013 0.016 0.025 0.053 0.036 0.005 0.015 0.03
20 G 0.078 0.023 0.039 0.034 0.011 0.019 0.026 0.511 0.013 0.019 0.028 0.034 0.009 0.016 0.019 0.051 0.03 0.005 0.011 0.024
21 I 0.045 0.022 0.033 0.145 0.013 0.019 0.042 0.029 0.012 0.189 0.121 0.031 0.028 0.034 0.017 0.034 0.038 0.005 0.017 0.126
22 Y 0.059 0.03 0.029 0.026 0.015 0.023 0.032 0.032 0.026 0.071 0.079 0.036 0.022 0.069 0.021 0.056 0.121 0.015 0.139 0.101
23 Y 0.049 0.06 0.029 0.028 0.01 0.036 0.045 0.033 0.03 0.048 0.084 0.132 0.046 0.068 0.02 0.041 0.035 0.015 0.14 0.05
24 L 0.044 0.089 0.019 0.018 0.014 0.023 0.027 0.024 0.013 0.097 0.311 0.044 0.043 0.047 0.015 0.028 0.034 0.007 0.021 0.083
25 L 0.127 0.027 0.018 0.02 0.018 0.019 0.027 0.04 0.012 0.091 0.27 0.032 0.039 0.044 0.019 0.044 0.039 0.007 0.021 0.087
26 G 0.06 0.024 0.023 0.022 0.014 0.018 0.024 0.163 0.016 0.091 0.163 0.029 0.028 0.049 0.016 0.035 0.036 0.009 0.061 0.119
27 Y 0.04 0.028 0.022 0.019 0.009 0.022 0.028 0.025 0.046 0.043 0.068 0.031 0.019 0.13 0.015 0.031 0.028 0.028 0.323 0.046
28 L 0.042 0.024 0.014 0.015 0.015 0.016 0.02 0.022 0.011 0.102 0.334 0.025 0.044 0.055 0.013 0.024 0.032 0.077 0.029 0.086
29 G 0.078 0.023 0.039 0.034 0.011 0.019 0.026 0.509 0.014 0.019 0.028 0.034 0.009 0.016 0.019 0.051 0.03 0.005 0.011 0.024
30 L 0.045 0.023 0.017 0.02 0.013 0.016 0.024 0.027 0.013 0.074 0.206 0.028 0.031 0.139 0.151 0.03 0.032 0.009 0.038 0.065
31 L 0.123 0.025 0.018 0.02 0.018 0.019 0.027 0.038 0.011 0.108 0.217 0.031 0.035 0.039 0.019 0.044 0.042 0.006 0.02 0.139
32 L 0.044 0.024 0.014 0.015 0.016 0.016 0.02 0.021 0.01 0.114 0.381 0.025 0.049 0.054 0.014 0.024 0.033 0.007 0.022 0.095
33 L 0.05 0.023 0.02 0.02 0.015 0.016 0.023 0.027 0.012 0.118 0.237 0.026 0.036 0.133 0.015 0.054 0.038 0.009 0.036 0.093
34 G 0.065 0.023 0.023 0.025 0.014 0.018 0.026 0.149 0.011 0.087 0.112 0.031 0.023 0.027 0.137 0.039 0.039 0.005 0.016 0.129
35 L 0.052 0.025 0.016 0.017 0.017 0.019 0.023 0.024 0.011 0.123 0.272 0.028 0.074 0.048 0.015 0.029 0.039 0.007 0.022 0.139
36 N 0.113 0.039 0.179 0.058 0.014 0.03 0.044 0.062 0.023 0.035 0.046 0.049 0.015 0.02 0.024 0.079 0.1 0.005 0.017 0.048
37 F 0.091 0.028 0.028 0.027 0.014 0.021 0.033 0.042 0.023 0.06 0.079 0.035 0.021 0.143 0.02 0.085 0.046 0.014 0.112 0.079
38 L 0.044 0.024 0.014 0.015 0.016 0.016 0.02 0.021 0.01 0.114 0.381 0.025 0.049 0.054 0.014 0.024 0.033 0.007 0.022 0.095
39 L 0.064 0.032 0.027 0.026 0.016 0.026 0.032 0.036 0.015 0.086 0.203 0.038 0.1 0.043 0.019 0.081 0.049 0.007 0.022 0.08
40 A 0.133 0.025 0.019 0.021 0.015 0.018 0.028 0.046 0.015 0.054 0.111 0.03 0.023 0.128 0.017 0.047 0.035 0.131 0.048 0.059
41 T 0.073 0.036 0.044 0.038 0.018 0.028 0.039 0.044 0.014 0.053 0.065 0.046 0.02 0.024 0.028 0.093 0.245 0.006 0.018 0.071
42 T 0.073 0.036 0.044 0.038 0.018 0.028 0.039 0.044 0.014 0.053 0.065 0.046 0.02 0.024 0.028 0.093 0.245 0.006 0.018 0.071
43 T 0.065 0.111 0.035 0.031 0.016 0.03 0.038 0.036 0.015 0.073 0.076 0.059 0.021 0.025 0.023 0.065 0.148 0.006 0.018 0.112
44 A 0.118 0.039 0.026 0.028 0.016 0.073 0.048 0.043 0.017 0.083 0.107 0.049 0.059 0.03 0.021 0.052 0.045 0.006 0.021 0.118
45 P 0.059 0.031 0.026 0.042 0.012 0.03 0.099 0.033 0.015 0.059 0.059 0.046 0.016 0.019 0.26 0.044 0.039 0.004 0.016 0.092
46 W 0.03 0.022 0.015 0.015 0.008 0.015 0.022 0.03 0.015 0.03 0.053 0.022 0.015 0.06 0.008 0.022 0.022 0.497 0.068 0.03
47 G 0.078 0.023 0.039 0.033 0.011 0.019 0.025 0.515 0.013 0.019 0.028 0.033 0.009 0.016 0.019 0.051 0.029 0.005 0.011 0.024
48 S 0.096 0.048 0.051 0.048 0.015 0.08 0.064 0.059 0.022 0.029 0.043 0.063 0.017 0.019 0.028 0.184 0.071 0.005 0.018 0.04
49 A 0.172 0.024 0.02 0.023 0.019 0.019 0.029 0.049 0.012 0.16 0.113 0.034 0.027 0.033 0.022 0.055 0.044 0.006 0.019 0.122
50 F 0.034 0.019 0.017 0.017 0.011 0.011 0.019 0.025 0.017 0.064 0.114 0.019 0.025 0.385 0.011 0.025 0.025 0.017 0.089 0.055
51 F 0.086 0.025 0.021 0.02 0.012 0.019 0.027 0.036 0.027 0.045 0.073 0.029 0.019 0.158 0.016 0.044 0.031 0.106 0.157 0.049
52 L 0.065 0.027 0.026 0.025 0.017 0.02 0.029 0.033 0.012 0.106 0.21 0.033 0.033 0.038 0.019 0.079 0.077 0.006 0.02 0.127
53 S 0.123 0.035 0.081 0.045 0.027 0.029 0.044 0.06 0.018 0.057 0.055 0.047 0.017 0.022 0.026 0.167 0.065 0.005 0.017 0.06
54 L 0.136 0.025 0.019 0.021 0.017 0.019 0.027 0.062 0.011 0.107 0.224 0.031 0.037 0.038 0.019 0.046 0.044 0.006 0.019 0.091
55 L 0.042 0.02 0.015 0.016 0.014 0.014 0.019 0.022 0.015 0.167 0.209 0.023 0.035 0.128 0.013 0.025 0.033 0.011 0.069 0.111
56 I 0.05 0.023 0.017 0.018 0.016 0.019 0.022 0.023 0.011 0.196 0.169 0.028 0.099 0.043 0.015 0.03 0.04 0.006 0.021 0.153
57 L 0.071 0.024 0.017 0.018 0.017 0.018 0.023 0.027 0.01 0.131 0.237 0.028 0.057 0.043 0.016 0.036 0.041 0.006 0.021 0.16
58 L 0.045 0.02 0.016 0.016 0.023 0.013 0.019 0.035 0.013 0.105 0.188 0.022 0.031 0.181 0.012 0.026 0.029 0.076 0.05 0.079
59 T 0.071 0.03 0.034 0.031 0.017 0.023 0.034 0.039 0.013 0.099 0.124 0.038 0.029 0.031 0.022 0.099 0.139 0.006 0.018 0.104
60 F 0.036 0.023 0.019 0.017 0.009 0.017 0.023 0.024 0.033 0.05 0.084 0.025 0.021 0.243 0.013 0.028 0.026 0.023 0.236 0.048
61 L 0.046 0.023 0.014 0.015 0.016 0.016 0.02 0.022 0.01 0.114 0.336 0.025 0.054 0.065 0.014 0.025 0.034 0.007 0.024 0.117
62 L 0.092 0.071 0.022 0.022 0.016 0.024 0.03 0.034 0.013 0.094 0.179 0.042 0.061 0.044 0.018 0.043 0.054 0.006 0.021 0.114
63 F 0.036 0.024 0.059 0.025 0.01 0.016 0.024 0.029 0.023 0.056 0.11 0.025 0.023 0.279 0.013 0.031 0.029 0.016 0.122 0.051
64 R 0.044 0.324 0.035 0.029 0.009 0.044 0.047 0.031 0.022 0.032 0.064 0.105 0.038 0.021 0.018 0.042 0.034 0.006 0.018 0.038
65 P 0.048 0.034 0.175 0.054 0.009 0.026 0.041 0.048 0.021 0.023 0.033 0.046 0.01 0.015 0.276 0.054 0.041 0.003 0.014 0.028
66 K 0.103 0.156 0.037 0.036 0.011 0.058 0.06 0.046 0.02 0.028 0.046 0.19 0.016 0.017 0.025 0.055 0.039 0.005 0.017 0.038
67 K 0.054 0.086 0.079 0.044 0.01 0.081 0.066 0.043 0.054 0.03 0.05 0.11 0.017 0.069 0.022 0.074 0.042 0.007 0.03 0.034
68 I 0.093 0.021 0.016 0.018 0.017 0.016 0.022 0.03 0.009 0.188 0.165 0.027 0.036 0.038 0.017 0.035 0.042 0.006 0.02 0.184
69 L 0.042 0.021 0.014 0.015 0.015 0.014 0.019 0.021 0.01 0.149 0.307 0.023 0.042 0.096 0.013 0.024 0.033 0.008 0.029 0.105
70 H 0.062 0.033 0.04 0.031 0.136 0.027 0.038 0.101 0.2 0.028 0.043 0.037 0.014 0.024 0.019 0.06 0.033 0.006 0.034 0.033
71 P 0.055 0.025 0.022 0.03 0.01 0.02 0.035 0.035 0.012 0.025 0.035 0.04 0.01 0.012 0.514 0.042 0.035 0.002 0.012 0.03
72 N 0.073 0.041 0.201 0.064 0.013 0.032 0.049 0.063 0.024 0.025 0.035 0.052 0.013 0.019 0.024 0.157 0.063 0.005 0.016 0.033
73 N 0.041 0.043 0.344 0.08 0.009 0.032 0.047 0.063 0.03 0.022 0.03 0.052 0.011 0.017 0.019 0.067 0.047 0.004 0.015 0.026
74 L 0.054 0.025 0.017 0.018 0.016 0.021 0.024 0.025 0.012 0.157 0.165 0.029 0.115 0.042 0.015 0.032 0.041 0.007 0.021 0.164
75 V 0.061 0.021 0.015 0.017 0.018 0.015 0.021 0.023 0.008 0.17 0.165 0.025 0.033 0.038 0.015 0.03 0.044 0.006 0.02 0.255
76 F 0.032 0.018 0.016 0.016 0.01 0.01 0.018 0.024 0.016 0.061 0.11 0.018 0.024 0.411 0.01 0.024 0.024 0.016 0.085 0.053
77 G 0.163 0.024 0.027 0.026 0.078 0.019 0.028 0.227 0.012 0.042 0.091 0.034 0.018 0.023 0.021 0.057 0.037 0.005 0.014 0.052
78 F 0.044 0.031 0.146 0.044 0.01 0.022 0.034 0.043 0.025 0.04 0.066 0.036 0.017 0.182 0.016 0.066 0.039 0.012 0.084 0.04
79 Y 0.039 0.029 0.025 0.02 0.009 0.023 0.03 0.026 0.088 0.039 0.062 0.032 0.018 0.113 0.015 0.031 0.027 0.024 0.308 0.042
80 G 0.121 0.022 0.024 0.024 0.014 0.017 0.026 0.166 0.014 0.057 0.077 0.029 0.019 0.162 0.018 0.046 0.034 0.009 0.04 0.08
81 L 0.043 0.024 0.014 0.015 0.016 0.016 0.02 0.021 0.01 0.11 0.387 0.025 0.057 0.052 0.014 0.024 0.032 0.007 0.022 0.092
82 Y 0.039 0.027 0.028 0.019 0.009 0.021 0.027 0.025 0.045 0.041 0.065 0.03 0.018 0.123 0.015 0.031 0.027 0.026 0.338 0.044
83 L 0.05 0.02 0.015 0.016 0.015 0.014 0.02 0.023 0.011 0.14 0.19 0.023 0.033 0.136 0.014 0.027 0.037 0.008 0.037 0.171
84 V 0.062 0.02 0.015 0.017 0.018 0.015 0.021 0.023 0.008 0.186 0.132 0.024 0.031 0.044 0.015 0.03 0.045 0.006 0.021 0.266
85 F 0.041 0.02 0.015 0.016 0.013 0.013 0.019 0.023 0.012 0.117 0.192 0.021 0.032 0.225 0.012 0.025 0.031 0.011 0.052 0.109
86 P 0.074 0.03 0.034 0.036 0.013 0.024 0.041 0.046 0.015 0.026 0.037 0.044 0.012 0.015 0.328 0.122 0.052 0.003 0.014 0.034
87 A 0.194 0.034 0.039 0.038 0.029 0.028 0.044 0.088 0.016 0.034 0.047 0.046 0.016 0.02 0.028 0.166 0.063 0.005 0.016 0.051
88 T 0.076 0.031 0.035 0.032 0.016 0.023 0.035 0.041 0.014 0.066 0.081 0.039 0.021 0.074 0.023 0.098 0.167 0.007 0.026 0.096
89 L 0.043 0.023 0.014 0.015 0.016 0.015 0.019 0.02 0.01 0.135 0.37 0.024 0.046 0.051 0.014 0.023 0.033 0.007 0.021 0.102
90 F 0.037 0.029 0.142 0.041 0.009 0.02 0.031 0.039 0.025 0.043 0.074 0.033 0.018 0.224 0.014 0.041 0.034 0.013 0.092 0.041
91 Y 0.039 0.024 0.018 0.017 0.011 0.017 0.023 0.023 0.028 0.067 0.181 0.026 0.029 0.157 0.014 0.027 0.028 0.018 0.192 0.062
92 I 0.05 0.02 0.015 0.017 0.015 0.015 0.02 0.022 0.01 0.204 0.147 0.024 0.05 0.096 0.014 0.027 0.039 0.007 0.03 0.177
93 L 0.042 0.024 0.015 0.015 0.014 0.017 0.021 0.021 0.018 0.095 0.325 0.026 0.041 0.069 0.014 0.025 0.031 0.011 0.095 0.082
94 E 0.05 0.05 0.037 0.073 0.008 0.052 0.225 0.033 0.048 0.025 0.041 0.09 0.014 0.035 0.023 0.048 0.034 0.009 0.074 0.032
95 W 0.106 0.024 0.018 0.019 0.013 0.018 0.026 0.037 0.017 0.079 0.116 0.029 0.032 0.067 0.015 0.039 0.033 0.171 0.073 0.067
96 L 0.042 0.02 0.014 0.016 0.014 0.013 0.018 0.021 0.011 0.176 0.235 0.022 0.037 0.13 0.013 0.024 0.033 0.008 0.035 0.118
97 D 0.06 0.034 0.067 0.2 0.01 0.03 0.063 0.103 0.087 0.023 0.032 0.044 0.012 0.019 0.022 0.098 0.043 0.005 0.021 0.027
98 W 0.033 0.021 0.014 0.015 0.009 0.014 0.021 0.027 0.013 0.091 0.076 0.022 0.019 0.055 0.009 0.022 0.025 0.398 0.055 0.061
99 D 0.053 0.039 0.052 0.217 0.009 0.054 0.172 0.042 0.028 0.025 0.035 0.057 0.012 0.016 0.023 0.074 0.04 0.005 0.015 0.034
100 Y 0.039 0.027 0.021 0.018 0.009 0.021 0.027 0.024 0.045 0.042 0.066 0.03 0.018 0.125 0.015 0.03 0.027 0.027 0.346 0.045
101 V 0.093 0.022 0.017 0.018 0.018 0.017 0.024 0.029 0.009 0.139 0.149 0.027 0.031 0.035 0.017 0.036 0.046 0.005 0.02 0.249
102 L 0.043 0.023 0.014 0.015 0.016 0.016 0.019 0.02 0.01 0.111 0.401 0.024 0.048 0.052 0.014 0.023 0.032 0.007 0.021 0.092
103 P 0.054 0.025 0.022 0.03 0.01 0.02 0.035 0.035 0.012 0.025 0.035 0.04 0.01 0.012 0.514 0.042 0.035 0.002 0.012 0.03
104 W 0.034 0.022 0.017 0.017 0.008 0.015 0.022 0.086 0.014 0.028 0.048 0.023 0.014 0.053 0.009 0.025 0.023 0.456 0.059 0.028
105 G 0.071 0.022 0.035 0.03 0.011 0.018 0.024 0.472 0.013 0.029 0.069 0.031 0.013 0.02 0.018 0.046 0.029 0.005 0.012 0.031
106 K 0.054 0.083 0.039 0.04 0.008 0.114 0.075 0.04 0.022 0.026 0.042 0.202 0.016 0.014 0.08 0.051 0.038 0.005 0.017 0.032
107 L 0.048 0.036 0.023 0.024 0.014 0.073 0.04 0.027 0.015 0.123 0.206 0.042 0.076 0.039 0.017 0.035 0.042 0.007 0.021 0.092
108 N 0.048 0.034 0.205 0.054 0.012 0.025 0.037 0.047 0.021 0.081 0.065 0.042 0.017 0.023 0.071 0.052 0.045 0.004 0.016 0.1
109 D 0.038 0.027 0.08 0.255 0.008 0.024 0.061 0.04 0.02 0.033 0.051 0.037 0.014 0.127 0.018 0.044 0.032 0.008 0.049 0.033
110 W 0.029 0.022 0.015 0.015 0.007 0.015 0.022 0.029 0.015 0.029 0.051 0.022 0.015 0.058 0.007 0.022 0.022 0.513 0.065 0.029
111 A 0.155 0.034 0.069 0.085 0.015 0.03 0.076 0.066 0.018 0.039 0.082 0.046 0.018 0.022 0.025 0.1 0.049 0.005 0.016 0.05
112 S 0.118 0.042 0.039 0.048 0.014 0.048 0.107 0.06 0.018 0.036 0.065 0.067 0.017 0.021 0.026 0.118 0.085 0.005 0.017 0.048
113 L 0.051 0.022 0.015 0.017 0.016 0.016 0.021 0.023 0.01 0.151 0.21 0.025 0.053 0.082 0.014 0.028 0.038 0.007 0.028 0.174
114 S 0.128 0.037 0.049 0.045 0.017 0.031 0.049 0.065 0.018 0.03 0.042 0.051 0.015 0.02 0.028 0.234 0.075 0.005 0.017 0.043
115 K 0.056 0.072 0.055 0.065 0.01 0.086 0.091 0.04 0.027 0.034 0.078 0.102 0.018 0.02 0.075 0.07 0.041 0.005 0.018 0.038
116 E 0.054 0.04 0.033 0.054 0.01 0.041 0.168 0.085 0.024 0.037 0.082 0.066 0.017 0.038 0.022 0.049 0.059 0.009 0.069 0.042
117 A 0.203 0.028 0.026 0.027 0.019 0.023 0.034 0.055 0.013 0.081 0.107 0.038 0.023 0.027 0.025 0.07 0.094 0.006 0.018 0.084
118 L 0.047 0.021 0.015 0.016 0.015 0.015 0.02 0.022 0.013 0.152 0.219 0.024 0.035 0.093 0.014 0.026 0.035 0.009 0.062 0.145
119 L 0.039 0.021 0.014 0.015 0.013 0.014 0.019 0.022 0.012 0.11 0.264 0.022 0.04 0.14 0.012 0.024 0.03 0.062 0.041 0.084
120 S 0.11 0.049 0.043 0.046 0.013 0.103 0.093 0.052 0.06 0.028 0.043 0.063 0.016 0.019 0.025 0.119 0.051 0.005 0.022 0.039
121 Y 0.102 0.026 0.02 0.02 0.013 0.02 0.028 0.034 0.03 0.082 0.081 0.031 0.021 0.09 0.018 0.04 0.035 0.018 0.204 0.089
122 L 0.092 0.034 0.028 0.043 0.014 0.033 0.123 0.037 0.016 0.063 0.194 0.045 0.028 0.032 0.021 0.066 0.044 0.006 0.018 0.063
123 F 0.043 0.024 0.02 0.019 0.011 0.017 0.024 0.026 0.029 0.06 0.087 0.026 0.021 0.216 0.014 0.04 0.031 0.019 0.198 0.074
124 V 0.065 0.025 0.024 0.023 0.018 0.019 0.027 0.029 0.01 0.122 0.135 0.031 0.029 0.033 0.019 0.049 0.119 0.006 0.019 0.202
125 F 0.033 0.019 0.017 0.016 0.01 0.011 0.019 0.024 0.019 0.059 0.105 0.019 0.024 0.383 0.011 0.025 0.025 0.017 0.113 0.052
126 L 0.065 0.027 0.028 0.026 0.016 0.021 0.029 0.034 0.012 0.12 0.187 0.034 0.031 0.036 0.02 0.074 0.121 0.006 0.019 0.093
127 L 0.051 0.022 0.015 0.016 0.016 0.016 0.021 0.022 0.01 0.152 0.264 0.025 0.056 0.045 0.014 0.027 0.038 0.006 0.021 0.162
128 L 0.038 0.023 0.019 0.018 0.012 0.015 0.022 0.024 0.052 0.078 0.225 0.023 0.033 0.221 0.012 0.026 0.028 0.011 0.055 0.066
129 F 0.035 0.021 0.018 0.017 0.01 0.014 0.021 0.024 0.026 0.054 0.095 0.022 0.022 0.317 0.012 0.026 0.025 0.02 0.172 0.05
130 L 0.043 0.021 0.018 0.018 0.012 0.014 0.02 0.085 0.015 0.097 0.193 0.023 0.03 0.179 0.013 0.028 0.029 0.012 0.071 0.077
131 G 0.119 0.027 0.039 0.035 0.014 0.022 0.032 0.366 0.015 0.025 0.036 0.039 0.012 0.018 0.022 0.086 0.042 0.005 0.013 0.034
132 F 0.044 0.022 0.019 0.019 0.013 0.014 0.022 0.027 0.014 0.095 0.176 0.024 0.033 0.244 0.013 0.048 0.033 0.012 0.055 0.073
133 L 0.045 0.024 0.014 0.015 0.016 0.016 0.02 0.021 0.01 0.116 0.373 0.025 0.05 0.055 0.014 0.024 0.034 0.007 0.022 0.097
134 T 0.058 0.029 0.031 0.027 0.071 0.023 0.032 0.033 0.043 0.053 0.072 0.035 0.019 0.054 0.02 0.058 0.142 0.012 0.115 0.071
135 R 0.074 0.231 0.031 0.027 0.01 0.048 0.045 0.036 0.019 0.036 0.089 0.083 0.019 0.026 0.018 0.043 0.034 0.065 0.023 0.042
136 F 0.041 0.021 0.017 0.017 0.013 0.013 0.02 0.044 0.014 0.077 0.218 0.022 0.033 0.24 0.013 0.034 0.03 0.012 0.055 0.067
137 L 0.062 0.022 0.02 0.02 0.066 0.016 0.023 0.029 0.012 0.099 0.165 0.026 0.034 0.148 0.016 0.039 0.071 0.009 0.038 0.084
138 E 0.052 0.121 0.039 0.063 0.008 0.056 0.201 0.036 0.023 0.023 0.039 0.149 0.014 0.016 0.024 0.051 0.036 0.005 0.016 0.03
139 D 0.063 0.029 0.069 0.116 0.014 0.024 0.044 0.04 0.015 0.089 0.093 0.038 0.021 0.026 0.047 0.074 0.078 0.005 0.016 0.099
140 L 0.058 0.098 0.027 0.025 0.065 0.025 0.031 0.084 0.014 0.067 0.154 0.049 0.028 0.029 0.044 0.061 0.051 0.006 0.017 0.068
141 S 0.11 0.04 0.054 0.049 0.018 0.033 0.053 0.067 0.019 0.03 0.042 0.054 0.016 0.021 0.03 0.217 0.082 0.005 0.018 0.042
142 F 0.058 0.026 0.022 0.021 0.013 0.029 0.028 0.028 0.053 0.099 0.137 0.029 0.045 0.175 0.015 0.032 0.033 0.01 0.048 0.099
143 D 0.058 0.032 0.049 0.204 0.076 0.032 0.102 0.043 0.017 0.032 0.042 0.045 0.013 0.018 0.023 0.08 0.073 0.004 0.014 0.043
144 R 0.05 0.268 0.037 0.032 0.009 0.066 0.053 0.034 0.022 0.044 0.06 0.097 0.027 0.02 0.019 0.059 0.038 0.006 0.018 0.043
145 V 0.077 0.083 0.086 0.038 0.015 0.034 0.039 0.042 0.017 0.075 0.073 0.052 0.02 0.024 0.021 0.067 0.088 0.005 0.018 0.126
146 E 0.1 0.046 0.031 0.056 0.012 0.033 0.105 0.04 0.059 0.075 0.065 0.048 0.018 0.023 0.089 0.052 0.039 0.005 0.021 0.083
147 R 0.068 0.162 0.072 0.046 0.01 0.052 0.055 0.042 0.021 0.036 0.049 0.142 0.016 0.018 0.022 0.063 0.05 0.005 0.017 0.054
148 A 0.151 0.035 0.029 0.03 0.016 0.024 0.037 0.059 0.017 0.055 0.061 0.041 0.018 0.032 0.098 0.098 0.054 0.007 0.05 0.091
149 D 0.086 0.069 0.101 0.114 0.011 0.034 0.092 0.048 0.02 0.038 0.046 0.055 0.014 0.019 0.047 0.078 0.045 0.005 0.015 0.06
150 L 0.061 0.025 0.025 0.029 0.013 0.021 0.063 0.028 0.013 0.122 0.134 0.032 0.026 0.108 0.074 0.035 0.036 0.007 0.031 0.114
151 F 0.055 0.063 0.026 0.026 0.013 0.043 0.036 0.032 0.015 0.099 0.091 0.044 0.026 0.11 0.067 0.058 0.052 0.008 0.032 0.105
152 P 0.065 0.054 0.025 0.037 0.01 0.034 0.096 0.032 0.022 0.042 0.097 0.047 0.019 0.067 0.143 0.041 0.033 0.009 0.081 0.045
153 E 0.103 0.048 0.07 0.062 0.012 0.048 0.161 0.049 0.022 0.027 0.041 0.084 0.014 0.019 0.025 0.099 0.051 0.005 0.022 0.038
154 Y 0.043 0.024 0.019 0.018 0.011 0.019 0.025 0.023 0.039 0.106 0.096 0.028 0.023 0.097 0.015 0.029 0.031 0.02 0.239 0.096
155 W 0.03 0.023 0.015 0.015 0.008 0.015 0.023 0.03 0.015 0.03 0.053 0.023 0.015 0.061 0.008 0.023 0.023 0.49 0.068 0.03
156 Q 0.056 0.074 0.044 0.047 0.009 0.211 0.103 0.041 0.03 0.027 0.047 0.092 0.021 0.015 0.024 0.056 0.041 0.006 0.021 0.035
157 K 0.057 0.108 0.042 0.042 0.009 0.054 0.071 0.043 0.021 0.028 0.043 0.275 0.016 0.016 0.028 0.054 0.04 0.005 0.017 0.033
158 N 0.043 0.045 0.314 0.083 0.009 0.034 0.05 0.065 0.032 0.023 0.032 0.054 0.011 0.018 0.02 0.07 0.05 0.005 0.016 0.027
159 V 0.07 0.022 0.017 0.018 0.019 0.017 0.023 0.025 0.008 0.165 0.131 0.026 0.032 0.036 0.017 0.033 0.05 0.006 0.021 0.266
160 R 0.076 0.141 0.035 0.036 0.01 0.063 0.079 0.037 0.059 0.04 0.054 0.095 0.017 0.03 0.021 0.047 0.036 0.008 0.054 0.062
161 V 0.137 0.023 0.019 0.021 0.068 0.018 0.026 0.039 0.01 0.123 0.101 0.03 0.025 0.029 0.019 0.049 0.046 0.005 0.018 0.194
162 R 0.05 0.261 0.075 0.039 0.009 0.044 0.052 0.04 0.022 0.023 0.042 0.13 0.014 0.017 0.021 0.068 0.04 0.005 0.016 0.031
163 P 0.06 0.028 0.028 0.031 0.012 0.022 0.036 0.038 0.013 0.031 0.042 0.04 0.013 0.02 0.318 0.07 0.087 0.055 0.019 0.038
164 L 0.081 0.033 0.022 0.022 0.015 0.022 0.029 0.041 0.015 0.089 0.183 0.057 0.046 0.085 0.018 0.042 0.06 0.008 0.043 0.09
165 A 0.127 0.027 0.057 0.031 0.015 0.021 0.032 0.088 0.014 0.067 0.065 0.036 0.018 0.026 0.078 0.059 0.065 0.056 0.021 0.094
166 L 0.048 0.056 0.019 0.019 0.015 0.018 0.024 0.024 0.011 0.163 0.191 0.034 0.033 0.077 0.015 0.033 0.06 0.007 0.026 0.127
167 F 0.071 0.028 0.058 0.03 0.012 0.03 0.032 0.089 0.017 0.043 0.074 0.034 0.019 0.175 0.016 0.063 0.048 0.069 0.048 0.045
168 L 0.078 0.024 0.018 0.019 0.016 0.018 0.023 0.078 0.011 0.115 0.252 0.028 0.052 0.042 0.016 0.034 0.036 0.006 0.02 0.116
169 L 0.051 0.022 0.018 0.018 0.154 0.015 0.02 0.027 0.01 0.077 0.227 0.024 0.032 0.088 0.015 0.038 0.057 0.007 0.027 0.073
170 A 0.18 0.027 0.024 0.026 0.017 0.022 0.033 0.051 0.016 0.099 0.111 0.037 0.023 0.039 0.023 0.079 0.05 0.008 0.051 0.084
171 L 0.057 0.025 0.023 0.022 0.015 0.018 0.025 0.087 0.011 0.101 0.23 0.029 0.033 0.057 0.017 0.057 0.062 0.007 0.022 0.1
172 L 0.098 0.026 0.023 0.023 0.017 0.02 0.029 0.037 0.012 0.096 0.163 0.032 0.034 0.048 0.019 0.076 0.047 0.031 0.024 0.144
173 L 0.057 0.027 0.054 0.028 0.015 0.02 0.028 0.032 0.013 0.121 0.221 0.032 0.033 0.039 0.017 0.067 0.056 0.006 0.019 0.116
174 L 0.046 0.021 0.015 0.016 0.039 0.014 0.019 0.023 0.011 0.12 0.216 0.023 0.037 0.13 0.013 0.026 0.034 0.034 0.037 0.127
175 V 0.08 0.023 0.019 0.02 0.017 0.017 0.025 0.031 0.011 0.147 0.158 0.028 0.031 0.074 0.017 0.054 0.044 0.007 0.026 0.173
176 G 0.062 0.022 0.028 0.025 0.012 0.017 0.022 0.327 0.012 0.055 0.177 0.029 0.024 0.03 0.016 0.039 0.03 0.006 0.015 0.051
177 C 0.107 0.022 0.023 0.022 0.155 0.017 0.024 0.136 0.01 0.068 0.101 0.029 0.021 0.025 0.019 0.047 0.05 0.005 0.015 0.104
178 L 0.056 0.02 0.015 0.017 0.015 0.014 0.02 0.024 0.011 0.169 0.188 0.024 0.039 0.116 0.014 0.028 0.036 0.008 0.033 0.153
179 Y 0.038 0.023 0.017 0.016 0.011 0.017 0.022 0.024 0.025 0.081 0.144 0.025 0.026 0.118 0.013 0.026 0.028 0.117 0.167 0.064
180 F 0.032 0.018 0.016 0.016 0.01 0.01 0.018 0.024 0.016 0.061 0.109 0.018 0.024 0.413 0.01 0.024 0.024 0.016 0.085 0.053
181 L 0.042 0.021 0.015 0.016 0.015 0.015 0.019 0.021 0.011 0.158 0.26 0.024 0.055 0.109 0.013 0.025 0.033 0.008 0.032 0.108
182 Q 0.055 0.064 0.042 0.049 0.009 0.201 0.118 0.039 0.032 0.027 0.046 0.08 0.019 0.015 0.023 0.057 0.063 0.006 0.02 0.037
183 V 0.081 0.025 0.023 0.023 0.017 0.019 0.028 0.034 0.011 0.11 0.136 0.031 0.031 0.071 0.018 0.077 0.049 0.007 0.026 0.184
184 T 0.077 0.035 0.044 0.038 0.017 0.027 0.04 0.046 0.014 0.046 0.058 0.045 0.018 0.022 0.027 0.122 0.239 0.006 0.017 0.062
185 G 0.149 0.024 0.034 0.031 0.013 0.02 0.029 0.394 0.013 0.025 0.036 0.035 0.011 0.017 0.021 0.059 0.034 0.005 0.012 0.036
186 G 0.075 0.022 0.037 0.032 0.01 0.018 0.024 0.531 0.013 0.018 0.027 0.032 0.009 0.016 0.018 0.049 0.028 0.005 0.01 0.023
187 L 0.049 0.022 0.015 0.016 0.014 0.015 0.02 0.024 0.011 0.122 0.235 0.024 0.041 0.102 0.013 0.027 0.037 0.059 0.035 0.119
188 D 0.1 0.032 0.047 0.231 0.011 0.04 0.088 0.047 0.017 0.035 0.073 0.046 0.015 0.019 0.047 0.057 0.038 0.004 0.014 0.04
189 A 0.224 0.036 0.031 0.033 0.018 0.049 0.046 0.064 0.017 0.043 0.065 0.048 0.035 0.022 0.027 0.108 0.052 0.005 0.018 0.06
190 W 0.029 0.022 0.015 0.015 0.007 0.015 0.022 0.029 0.015 0.029 0.051 0.022 0.015 0.058 0.007 0.022 0.022 0.514 0.065 0.029
191 V 0.051 0.02 0.016 0.017 0.015 0.014 0.02 0.023 0.01 0.163 0.174 0.024 0.033 0.115 0.014 0.031 0.042 0.008 0.033 0.175
192 G 0.066 0.038 0.108 0.061 0.011 0.037 0.121 0.137 0.021 0.026 0.038 0.053 0.013 0.018 0.023 0.094 0.08 0.005 0.015 0.035
193 D 0.047 0.034 0.153 0.271 0.009 0.03 0.07 0.052 0.022 0.022 0.029 0.047 0.01 0.016 0.022 0.079 0.043 0.004 0.013 0.026
194 Y 0.039 0.027 0.021 0.018 0.009 0.021 0.027 0.024 0.045 0.042 0.066 0.03 0.018 0.125 0.015 0.03 0.027 0.027 0.347 0.045
195 S 0.1 0.042 0.051 0.047 0.016 0.053 0.055 0.061 0.019 0.028 0.041 0.055 0.015 0.019 0.028 0.233 0.075 0.005 0.017 0.039
196 E 0.064 0.047 0.067 0.096 0.01 0.043 0.134 0.039 0.023 0.046 0.052 0.094 0.016 0.03 0.022 0.05 0.038 0.007 0.049 0.073
197 T 0.095 0.034 0.04 0.035 0.017 0.026 0.038 0.045 0.013 0.05 0.062 0.043 0.019 0.022 0.027 0.088 0.256 0.006 0.017 0.068
198 Y 0.039 0.027 0.021 0.018 0.009 0.021 0.027 0.024 0.044 0.042 0.066 0.03 0.018 0.13 0.015 0.03 0.027 0.027 0.343 0.045
199 L 0.043 0.023 0.014 0.015 0.016 0.015 0.019 0.02 0.01 0.133 0.374 0.024 0.046 0.051 0.014 0.023 0.033 0.007 0.021 0.101
200 S 0.114 0.045 0.076 0.051 0.015 0.036 0.078 0.059 0.02 0.028 0.041 0.078 0.015 0.019 0.027 0.174 0.063 0.005 0.016 0.04
201 K 0.05 0.071 0.135 0.055 0.009 0.044 0.083 0.046 0.023 0.031 0.052 0.176 0.031 0.019 0.023 0.055 0.041 0.005 0.017 0.035
202 K 0.049 0.22 0.039 0.035 0.008 0.049 0.06 0.037 0.021 0.025 0.043 0.225 0.015 0.016 0.023 0.048 0.036 0.005 0.017 0.031
203 K 0.08 0.073 0.038 0.057 0.009 0.053 0.168 0.042 0.021 0.026 0.04 0.188 0.014 0.016 0.026 0.055 0.038 0.005 0.016 0.034
204 G 0.075 0.022 0.037 0.032 0.01 0.018 0.024 0.531 0.013 0.018 0.027 0.032 0.009 0.016 0.018 0.049 0.028 0.005 0.01 0.023
205 Y 0.04 0.031 0.028 0.023 0.01 0.024 0.032 0.027 0.138 0.051 0.131 0.033 0.023 0.085 0.016 0.031 0.027 0.016 0.185 0.048
206 G 0.075 0.022 0.037 0.032 0.01 0.018 0.024 0.531 0.013 0.018 0.027 0.032 0.009 0.016 0.018 0.049 0.028 0.005 0.01 0.023
207 L 0.05 0.023 0.014 0.015 0.016 0.016 0.02 0.021 0.009 0.125 0.319 0.024 0.042 0.047 0.014 0.026 0.037 0.006 0.021 0.155
208 L 0.044 0.023 0.014 0.015 0.016 0.015 0.019 0.02 0.009 0.132 0.364 0.024 0.045 0.05 0.014 0.024 0.033 0.007 0.021 0.11
209 N 0.041 0.043 0.346 0.08 0.009 0.032 0.047 0.062 0.03 0.022 0.03 0.052 0.011 0.017 0.019 0.067 0.047 0.004 0.015 0.026
210 F 0.041 0.019 0.016 0.017 0.013 0.012 0.019 0.023 0.014 0.135 0.122 0.021 0.028 0.249 0.012 0.026 0.031 0.012 0.072 0.119
211 L 0.04 0.02 0.015 0.016 0.014 0.013 0.018 0.022 0.012 0.141 0.211 0.021 0.034 0.193 0.012 0.024 0.031 0.01 0.046 0.106
212 L 0.061 0.024 0.018 0.019 0.016 0.017 0.023 0.026 0.01 0.136 0.286 0.028 0.039 0.044 0.016 0.036 0.071 0.006 0.02 0.103
213 I 0.047 0.019 0.017 0.019 0.016 0.014 0.019 0.022 0.009 0.261 0.171 0.025 0.035 0.041 0.015 0.03 0.062 0.006 0.02 0.153
214 L 0.067 0.029 0.023 0.022 0.015 0.023 0.028 0.032 0.017 0.081 0.121 0.034 0.091 0.047 0.017 0.046 0.086 0.059 0.058 0.105
215 L 0.05 0.023 0.021 0.02 0.012 0.017 0.023 0.128 0.013 0.066 0.143 0.027 0.041 0.079 0.013 0.038 0.031 0.143 0.037 0.076
216 G 0.143 0.032 0.042 0.038 0.016 0.026 0.04 0.206 0.016 0.028 0.04 0.044 0.014 0.019 0.025 0.155 0.057 0.005 0.015 0.041
217 N 0.042 0.041 0.284 0.07 0.009 0.031 0.046 0.057 0.064 0.022 0.031 0.05 0.011 0.018 0.069 0.062 0.044 0.004 0.019 0.026
218 F 0.067 0.02 0.016 0.017 0.013 0.013 0.021 0.028 0.014 0.098 0.14 0.022 0.028 0.263 0.013 0.031 0.031 0.012 0.059 0.094
219 L 0.051 0.025 0.02 0.019 0.016 0.018 0.023 0.025 0.01 0.122 0.279 0.028 0.041 0.043 0.016 0.037 0.084 0.006 0.02 0.116
220 A 0.263 0.028 0.024 0.027 0.02 0.023 0.036 0.064 0.013 0.064 0.07 0.039 0.019 0.023 0.026 0.077 0.049 0.005 0.017 0.112
221 F 0.032 0.018 0.016 0.016 0.01 0.01 0.018 0.024 0.016 0.061 0.109 0.018 0.024 0.413 0.01 0.024 0.024 0.016 0.085 0.053
222 L 0.061 0.022 0.015 0.017 0.014 0.015 0.022 0.027 0.011 0.124 0.187 0.025 0.031 0.047 0.013 0.029 0.037 0.158 0.034 0.111
223 L 0.041 0.022 0.014 0.015 0.015 0.014 0.019 0.021 0.011 0.105 0.33 0.023 0.042 0.124 0.013 0.024 0.031 0.009 0.034 0.092
224 G 0.075 0.022 0.037 0.032 0.01 0.018 0.024 0.531 0.013 0.018 0.027 0.032 0.009 0.016 0.018 0.049 0.028 0.005 0.01 0.023
225 F 0.042 0.022 0.016 0.016 0.013 0.015 0.021 0.023 0.016 0.088 0.188 0.023 0.047 0.207 0.013 0.027 0.031 0.013 0.08 0.098
226 Y 0.043 0.039 0.027 0.03 0.009 0.06 0.07 0.029 0.055 0.041 0.089 0.056 0.02 0.072 0.017 0.036 0.03 0.066 0.168 0.043
227 C 0.053 0.032 0.026 0.025 0.119 0.021 0.03 0.035 0.014 0.044 0.066 0.056 0.018 0.106 0.017 0.057 0.094 0.101 0.038 0.05
228 K 0.047 0.15 0.037 0.033 0.008 0.062 0.056 0.035 0.063 0.028 0.047 0.153 0.016 0.039 0.021 0.044 0.033 0.01 0.087 0.033
229 T 0.062 0.072 0.035 0.031 0.015 0.029 0.039 0.036 0.034 0.065 0.07 0.073 0.02 0.029 0.023 0.064 0.159 0.007 0.036 0.103
230 A 0.132 0.039 0.034 0.038 0.016 0.034 0.07 0.05 0.016 0.055 0.091 0.067 0.02 0.024 0.025 0.113 0.068 0.005 0.018 0.082
231 R 0.053 0.18 0.04 0.035 0.008 0.043 0.058 0.062 0.086 0.025 0.042 0.149 0.014 0.018 0.038 0.047 0.042 0.006 0.023 0.03
232 R 0.049 0.23 0.121 0.045 0.009 0.042 0.051 0.043 0.024 0.023 0.04 0.112 0.014 0.017 0.02 0.068 0.041 0.005 0.016 0.03
233 K 0.057 0.108 0.042 0.042 0.009 0.054 0.071 0.043 0.021 0.028 0.043 0.275 0.016 0.016 0.028 0.054 0.04 0.005 0.017 0.033
234 K 0.056 0.09 0.031 0.03 0.012 0.035 0.045 0.033 0.015 0.077 0.107 0.156 0.023 0.025 0.021 0.046 0.066 0.005 0.018 0.107
235 S 0.072 0.061 0.098 0.045 0.013 0.031 0.045 0.105 0.019 0.036 0.079 0.078 0.017 0.022 0.023 0.127 0.066 0.005 0.016 0.041
236 W 0.038 0.021 0.015 0.015 0.011 0.014 0.021 0.026 0.013 0.09 0.125 0.022 0.024 0.089 0.01 0.024 0.028 0.27 0.055 0.088
237 P 0.053 0.024 0.021 0.023 0.013 0.018 0.027 0.029 0.012 0.083 0.103 0.031 0.039 0.104 0.174 0.04 0.064 0.007 0.031 0.103
238 L 0.043 0.023 0.015 0.015 0.015 0.016 0.02 0.021 0.014 0.126 0.326 0.025 0.043 0.061 0.014 0.024 0.032 0.009 0.061 0.097
239 V 0.079 0.021 0.016 0.018 0.016 0.015 0.022 0.028 0.01 0.151 0.164 0.025 0.031 0.094 0.016 0.033 0.04 0.007 0.029 0.184
240 L 0.058 0.021 0.015 0.016 0.016 0.015 0.021 0.024 0.01 0.124 0.195 0.024 0.033 0.115 0.014 0.029 0.039 0.008 0.033 0.191
241 L 0.073 0.022 0.017 0.018 0.063 0.015 0.022 0.029 0.015 0.083 0.175 0.025 0.029 0.153 0.015 0.036 0.034 0.011 0.07 0.094
242 A 0.169 0.024 0.021 0.023 0.067 0.019 0.028 0.096 0.011 0.086 0.082 0.032 0.021 0.025 0.021 0.054 0.044 0.005 0.017 0.154
243 L 0.046 0.022 0.014 0.015 0.023 0.015 0.019 0.021 0.01 0.13 0.297 0.023 0.04 0.09 0.014 0.025 0.034 0.007 0.028 0.126
244 L 0.055 0.025 0.021 0.021 0.016 0.018 0.025 0.027 0.011 0.123 0.265 0.029 0.046 0.043 0.017 0.054 0.064 0.006 0.02 0.114
245 V 0.09 0.021 0.017 0.018 0.017 0.016 0.023 0.029 0.01 0.156 0.121 0.026 0.029 0.072 0.016 0.035 0.044 0.006 0.026 0.229
246 L 0.044 0.025 0.015 0.015 0.015 0.018 0.021 0.022 0.011 0.108 0.36 0.026 0.077 0.051 0.014 0.026 0.033 0.007 0.022 0.091
247 G 0.082 0.023 0.024 0.023 0.014 0.018 0.025 0.181 0.012 0.087 0.126 0.03 0.049 0.069 0.017 0.043 0.037 0.007 0.024 0.109
248 F 0.042 0.022 0.019 0.02 0.02 0.015 0.023 0.027 0.015 0.064 0.134 0.025 0.042 0.255 0.063 0.034 0.053 0.012 0.057 0.059
249 C 0.055 0.023 0.018 0.018 0.309 0.037 0.025 0.029 0.01 0.061 0.163 0.028 0.026 0.029 0.016 0.036 0.035 0.005 0.015 0.064
250 A 0.229 0.032 0.032 0.033 0.019 0.027 0.041 0.067 0.016 0.043 0.065 0.045 0.034 0.023 0.027 0.128 0.056 0.005 0.017 0.06
251 Y 0.038 0.026 0.02 0.018 0.009 0.019 0.025 0.024 0.038 0.048 0.079 0.028 0.028 0.169 0.014 0.029 0.027 0.024 0.287 0.048
252 L 0.048 0.021 0.015 0.016 0.016 0.015 0.02 0.022 0.01 0.171 0.224 0.024 0.053 0.081 0.014 0.026 0.037 0.007 0.027 0.153
253 Q 0.069 0.058 0.071 0.046 0.009 0.181 0.079 0.117 0.025 0.025 0.041 0.073 0.017 0.015 0.022 0.056 0.039 0.005 0.018 0.033
254 G 0.075 0.022 0.037 0.032 0.01 0.018 0.024 0.531 0.013 0.018 0.027 0.032 0.009 0.016 0.018 0.049 0.028 0.005 0.01 0.023
255 I 0.045 0.018 0.015 0.017 0.015 0.013 0.018 0.021 0.01 0.216 0.17 0.022 0.034 0.116 0.013 0.025 0.036 0.008 0.033 0.156
256 K 0.055 0.102 0.04 0.04 0.008 0.051 0.068 0.041 0.02 0.026 0.041 0.309 0.015 0.015 0.026 0.051 0.038 0.005 0.017 0.031
257 S 0.101 0.036 0.05 0.045 0.016 0.03 0.046 0.134 0.018 0.027 0.038 0.049 0.014 0.019 0.027 0.223 0.071 0.005 0.016 0.038
258 R 0.044 0.346 0.037 0.031 0.008 0.047 0.052 0.032 0.022 0.023 0.044 0.134 0.015 0.016 0.019 0.044 0.034 0.005 0.017 0.03
259 L 0.058 0.02 0.015 0.017 0.015 0.014 0.02 0.024 0.011 0.168 0.187 0.023 0.036 0.135 0.014 0.028 0.035 0.008 0.036 0.136
260 F 0.04 0.018 0.016 0.018 0.012 0.012 0.019 0.024 0.013 0.154 0.122 0.022 0.027 0.225 0.062 0.026 0.031 0.011 0.052 0.097
261 L 0.041 0.022 0.016 0.016 0.013 0.015 0.021 0.023 0.02 0.084 0.205 0.024 0.034 0.176 0.013 0.026 0.03 0.014 0.116 0.09
262 L 0.038 0.021 0.015 0.016 0.013 0.014 0.019 0.022 0.016 0.103 0.227 0.022 0.034 0.203 0.012 0.024 0.029 0.012 0.079 0.079
263 L 0.089 0.024 0.023 0.022 0.014 0.018 0.024 0.174 0.013 0.068 0.196 0.03 0.048 0.073 0.017 0.04 0.033 0.007 0.024 0.065
264 I 0.049 0.019 0.015 0.017 0.016 0.014 0.019 0.021 0.009 0.223 0.171 0.023 0.034 0.078 0.014 0.026 0.038 0.007 0.026 0.183
265 F 0.037 0.019 0.015 0.016 0.012 0.012 0.018 0.023 0.013 0.129 0.166 0.02 0.031 0.266 0.012 0.024 0.029 0.012 0.059 0.088
266 F 0.033 0.019 0.017 0.016 0.01 0.011 0.019 0.024 0.019 0.059 0.105 0.019 0.024 0.384 0.011 0.025 0.025 0.017 0.111 0.052
267 S 0.072 0.029 0.033 0.031 0.015 0.022 0.034 0.043 0.016 0.076 0.124 0.036 0.024 0.125 0.02 0.139 0.054 0.008 0.035 0.064
268 L 0.119 0.029 0.027 0.027 0.017 0.022 0.033 0.045 0.013 0.08 0.193 0.036 0.03 0.034 0.021 0.105 0.051 0.006 0.019 0.093
269 P 0.054 0.025 0.022 0.03 0.01 0.02 0.035 0.035 0.012 0.025 0.035 0.04 0.01 0.012 0.515 0.042 0.035 0.002 0.012 0.03
270 W 0.033 0.03 0.018 0.017 0.008 0.019 0.027 0.03 0.018 0.03 0.051 0.051 0.015 0.06 0.01 0.025 0.024 0.415 0.089 0.031
271 L 0.041 0.022 0.014 0.015 0.015 0.014 0.019 0.021 0.01 0.129 0.326 0.023 0.042 0.105 0.013 0.024 0.032 0.008 0.031 0.096
272 L 0.125 0.027 0.02 0.021 0.057 0.022 0.028 0.04 0.016 0.078 0.14 0.033 0.075 0.043 0.019 0.05 0.045 0.008 0.052 0.099
273 T 0.067 0.085 0.037 0.033 0.014 0.04 0.042 0.04 0.019 0.053 0.072 0.054 0.036 0.034 0.022 0.097 0.121 0.008 0.051 0.074
274 A 0.159 0.029 0.026 0.027 0.017 0.023 0.033 0.049 0.014 0.082 0.105 0.038 0.059 0.062 0.022 0.078 0.069 0.007 0.024 0.078
275 R 0.063 0.197 0.036 0.043 0.009 0.048 0.108 0.036 0.021 0.031 0.046 0.153 0.015 0.017 0.022 0.048 0.036 0.005 0.017 0.046
276 L 0.043 0.022 0.014 0.015 0.015 0.014 0.019 0.022 0.011 0.106 0.311 0.023 0.041 0.122 0.013 0.024 0.032 0.008 0.034 0.108
277 S 0.076 0.111 0.06 0.042 0.014 0.035 0.049 0.05 0.019 0.032 0.046 0.088 0.016 0.019 0.025 0.143 0.111 0.005 0.017 0.043
278 L 0.044 0.022 0.015 0.016 0.015 0.015 0.02 0.021 0.013 0.156 0.295 0.024 0.041 0.056 0.014 0.024 0.034 0.008 0.053 0.115
279 K 0.06 0.096 0.042 0.036 0.011 0.038 0.05 0.09 0.018 0.041 0.058 0.167 0.019 0.039 0.023 0.071 0.064 0.014 0.021 0.042
280 K 0.056 0.101 0.04 0.038 0.01 0.092 0.064 0.039 0.022 0.033 0.049 0.154 0.017 0.022 0.024 0.059 0.098 0.006 0.034 0.042
281 G 0.076 0.022 0.027 0.025 0.021 0.017 0.023 0.288 0.011 0.078 0.141 0.03 0.023 0.029 0.017 0.044 0.033 0.006 0.015 0.072
282 I 0.108 0.022 0.019 0.021 0.017 0.017 0.024 0.051 0.01 0.174 0.146 0.029 0.03 0.035 0.018 0.047 0.047 0.006 0.019 0.161
283 V 0.111 0.023 0.02 0.021 0.025 0.018 0.025 0.085 0.011 0.105 0.148 0.029 0.027 0.052 0.018 0.044 0.052 0.015 0.022 0.148
284 L 0.045 0.02 0.014 0.016 0.015 0.014 0.019 0.021 0.01 0.184 0.253 0.023 0.039 0.083 0.014 0.024 0.035 0.007 0.027 0.138
285 F 0.091 0.023 0.025 0.024 0.013 0.016 0.027 0.088 0.016 0.049 0.083 0.028 0.02 0.256 0.016 0.07 0.036 0.012 0.057 0.05
286 L 0.085 0.022 0.016 0.017 0.017 0.016 0.023 0.029 0.01 0.119 0.208 0.026 0.034 0.077 0.016 0.034 0.04 0.007 0.026 0.179
287 G 0.124 0.026 0.031 0.029 0.014 0.02 0.03 0.235 0.014 0.043 0.1 0.035 0.019 0.063 0.02 0.08 0.04 0.006 0.022 0.048
288 F 0.033 0.019 0.016 0.016 0.011 0.011 0.018 0.024 0.016 0.066 0.139 0.019 0.027 0.377 0.01 0.024 0.025 0.015 0.079 0.057
289 L 0.046 0.023 0.017 0.017 0.014 0.017 0.022 0.024 0.013 0.118 0.176 0.026 0.084 0.155 0.014 0.029 0.035 0.01 0.041 0.122
290 V 0.081 0.022 0.02 0.021 0.016 0.016 0.025 0.032 0.012 0.128 0.139 0.027 0.028 0.129 0.016 0.055 0.042 0.008 0.036 0.146
291 L 0.075 0.024 0.016 0.017 0.016 0.017 0.022 0.028 0.011 0.096 0.311 0.027 0.056 0.084 0.015 0.031 0.034 0.008 0.027 0.085
292 F 0.036 0.02 0.015 0.016 0.012 0.012 0.019 0.023 0.014 0.081 0.227 0.021 0.034 0.269 0.012 0.024 0.027 0.012 0.06 0.068
293 S 0.074 0.031 0.034 0.03 0.014 0.025 0.035 0.091 0.024 0.047 0.098 0.039 0.037 0.057 0.021 0.118 0.049 0.012 0.116 0.05
294 L 0.049 0.021 0.022 0.021 0.012 0.014 0.02 0.175 0.012 0.087 0.178 0.025 0.028 0.149 0.014 0.031 0.029 0.009 0.037 0.067
295 G 0.193 0.029 0.034 0.033 0.017 0.024 0.036 0.207 0.014 0.034 0.046 0.041 0.014 0.019 0.025 0.095 0.069 0.005 0.015 0.05
296 L 0.055 0.033 0.059 0.03 0.015 0.027 0.032 0.035 0.016 0.075 0.135 0.039 0.125 0.036 0.019 0.054 0.111 0.007 0.02 0.076
297 Y 0.04 0.025 0.018 0.017 0.011 0.018 0.024 0.023 0.031 0.066 0.172 0.027 0.028 0.131 0.014 0.027 0.028 0.019 0.218 0.064
298 V 0.049 0.02 0.015 0.016 0.015 0.014 0.02 0.023 0.011 0.142 0.168 0.023 0.035 0.152 0.014 0.027 0.037 0.009 0.04 0.172
299 R 0.043 0.373 0.037 0.03 0.007 0.046 0.05 0.031 0.022 0.022 0.044 0.115 0.015 0.017 0.019 0.043 0.033 0.006 0.017 0.03
300 S 0.095 0.037 0.049 0.044 0.017 0.03 0.046 0.057 0.017 0.035 0.047 0.049 0.016 0.021 0.028 0.204 0.139 0.005 0.017 0.048
301 N 0.045 0.043 0.191 0.122 0.008 0.044 0.164 0.049 0.027 0.021 0.032 0.059 0.011 0.016 0.022 0.059 0.041 0.005 0.015 0.027
302 G 0.079 0.022 0.037 0.032 0.011 0.018 0.025 0.524 0.013 0.018 0.028 0.032 0.009 0.016 0.018 0.05 0.029 0.005 0.01 0.024
303 F 0.033 0.019 0.017 0.016 0.01 0.011 0.019 0.024 0.019 0.059 0.105 0.019 0.024 0.384 0.011 0.025 0.025 0.017 0.111 0.052
304 Y 0.039 0.027 0.021 0.018 0.009 0.021 0.027 0.024 0.045 0.042 0.066 0.03 0.018 0.125 0.015 0.03 0.027 0.027 0.347 0.045
305 N 0.138 0.039 0.186 0.057 0.014 0.03 0.046 0.066 0.023 0.029 0.04 0.053 0.013 0.019 0.024 0.108 0.054 0.005 0.016 0.041
306 S 0.09 0.037 0.048 0.042 0.017 0.03 0.045 0.054 0.016 0.038 0.049 0.048 0.017 0.021 0.028 0.185 0.162 0.005 0.017 0.052
307 P 0.114 0.028 0.028 0.032 0.013 0.023 0.037 0.046 0.013 0.031 0.042 0.042 0.013 0.016 0.32 0.076 0.066 0.004 0.014 0.042
308 E 0.053 0.078 0.034 0.057 0.008 0.045 0.175 0.051 0.02 0.023 0.036 0.089 0.012 0.015 0.171 0.048 0.035 0.004 0.015 0.03
309 L 0.049 0.027 0.021 0.021 0.014 0.021 0.026 0.029 0.015 0.08 0.171 0.03 0.112 0.154 0.015 0.052 0.038 0.01 0.041 0.073
310 L 0.049 0.023 0.021 0.02 0.014 0.016 0.023 0.077 0.013 0.078 0.241 0.026 0.033 0.154 0.014 0.049 0.034 0.009 0.039 0.068
311 L 0.046 0.022 0.014 0.015 0.016 0.015 0.019 0.021 0.009 0.154 0.326 0.024 0.043 0.049 0.014 0.024 0.035 0.006 0.021 0.128
312 E 0.053 0.048 0.039 0.086 0.007 0.062 0.327 0.033 0.025 0.021 0.035 0.072 0.012 0.016 0.025 0.053 0.035 0.005 0.016 0.03
313 Y 0.042 0.028 0.02 0.018 0.011 0.023 0.027 0.025 0.036 0.058 0.102 0.031 0.072 0.101 0.015 0.031 0.03 0.021 0.25 0.058
314 L 0.038 0.021 0.015 0.016 0.013 0.013 0.019 0.023 0.013 0.085 0.245 0.022 0.043 0.233 0.012 0.024 0.028 0.012 0.053 0.072
315 L 0.046 0.023 0.014 0.016 0.016 0.016 0.02 0.021 0.01 0.152 0.305 0.025 0.058 0.048 0.014 0.025 0.035 0.006 0.021 0.128
316 T 0.076 0.034 0.084 0.044 0.014 0.027 0.039 0.148 0.017 0.035 0.045 0.044 0.015 0.02 0.024 0.119 0.148 0.005 0.015 0.046
317 Y 0.039 0.027 0.021 0.018 0.009 0.021 0.027 0.024 0.045 0.042 0.066 0.03 0.018 0.125 0.015 0.03 0.027 0.027 0.347 0.045
318 F 0.032 0.018 0.016 0.016 0.01 0.01 0.018 0.024 0.016 0.061 0.109 0.018 0.024 0.413 0.01 0.024 0.024 0.016 0.085 0.053
319 N 0.041 0.043 0.346 0.08 0.009 0.032 0.047 0.062 0.03 0.022 0.03 0.052 0.011 0.017 0.019 0.067 0.047 0.004 0.015 0.026
