#Seq2Logo.py -f /work3/idamei/ssn-clusterings/clustering/2205111339/clusters/0007_111/sequences.afa -o /work3/idamei/ssn-clusterings/clustering/2205111339/clusters/0007_111/sequences.logo
#Position Specific Frequency Matrix
A R N D C Q E G H I L K M F P S T W Y V
0 L 0.051 0.031 0.02 0.02 0.016 0.028 0.028 0.028 0.016 0.098 0.193 0.035 0.177 0.047 0.016 0.035 0.039 0.008 0.024 0.091
1 P 0.104 0.03 0.087 0.039 0.015 0.024 0.036 0.048 0.016 0.085 0.071 0.041 0.019 0.024 0.119 0.062 0.087 0.005 0.017 0.073
2 S 0.1 0.036 0.046 0.042 0.017 0.029 0.046 0.057 0.017 0.056 0.058 0.048 0.019 0.023 0.027 0.195 0.074 0.005 0.018 0.09
3 W 0.098 0.038 0.027 0.039 0.012 0.069 0.098 0.04 0.018 0.081 0.071 0.05 0.02 0.031 0.02 0.048 0.037 0.105 0.028 0.067
4 P 0.048 0.032 0.144 0.048 0.011 0.025 0.038 0.044 0.019 0.042 0.104 0.042 0.018 0.023 0.212 0.049 0.04 0.004 0.016 0.042
5 G 0.073 0.029 0.044 0.109 0.014 0.025 0.046 0.139 0.014 0.057 0.058 0.04 0.017 0.022 0.023 0.092 0.091 0.005 0.015 0.088
6 P 0.056 0.026 0.023 0.031 0.01 0.02 0.036 0.036 0.013 0.026 0.036 0.041 0.01 0.013 0.499 0.043 0.036 0.003 0.013 0.031
7 G 0.149 0.03 0.036 0.033 0.017 0.024 0.035 0.212 0.014 0.038 0.05 0.041 0.015 0.02 0.025 0.076 0.111 0.006 0.015 0.054
8 P 0.054 0.029 0.022 0.025 0.013 0.024 0.032 0.032 0.014 0.063 0.116 0.039 0.088 0.03 0.256 0.04 0.038 0.005 0.018 0.061
9 Y 0.055 0.025 0.019 0.018 0.014 0.019 0.026 0.025 0.027 0.104 0.099 0.029 0.025 0.083 0.016 0.032 0.039 0.017 0.171 0.16
10 V 0.059 0.042 0.027 0.028 0.015 0.089 0.051 0.031 0.018 0.096 0.123 0.051 0.074 0.033 0.019 0.041 0.043 0.006 0.022 0.134
11 P 0.057 0.026 0.023 0.031 0.01 0.021 0.036 0.036 0.013 0.026 0.036 0.041 0.01 0.013 0.496 0.044 0.036 0.003 0.013 0.031
12 P 0.056 0.045 0.027 0.033 0.01 0.028 0.044 0.037 0.015 0.026 0.037 0.103 0.011 0.013 0.383 0.046 0.037 0.003 0.014 0.031
13 L 0.055 0.024 0.017 0.017 0.016 0.017 0.023 0.024 0.018 0.12 0.177 0.027 0.032 0.063 0.015 0.03 0.039 0.011 0.098 0.175
14 P 0.057 0.026 0.023 0.031 0.01 0.021 0.036 0.036 0.013 0.026 0.036 0.041 0.01 0.013 0.494 0.044 0.036 0.003 0.013 0.031
15 T 0.073 0.036 0.043 0.038 0.018 0.028 0.039 0.043 0.014 0.053 0.065 0.045 0.02 0.024 0.028 0.093 0.246 0.006 0.018 0.071
16 G 0.078 0.023 0.039 0.034 0.011 0.019 0.026 0.51 0.014 0.019 0.028 0.034 0.009 0.016 0.019 0.051 0.03 0.005 0.011 0.024
17 L 0.045 0.024 0.014 0.015 0.016 0.016 0.02 0.021 0.01 0.115 0.375 0.025 0.05 0.055 0.014 0.024 0.033 0.007 0.022 0.096
18 P 0.051 0.048 0.026 0.027 0.011 0.031 0.04 0.033 0.024 0.049 0.085 0.099 0.054 0.051 0.14 0.041 0.035 0.011 0.095 0.05
19 G 0.06 0.107 0.046 0.126 0.009 0.029 0.048 0.278 0.017 0.021 0.032 0.057 0.011 0.016 0.02 0.049 0.032 0.005 0.012 0.026
20 R 0.054 0.135 0.112 0.048 0.011 0.04 0.052 0.045 0.022 0.031 0.046 0.126 0.015 0.018 0.023 0.064 0.095 0.005 0.017 0.04
21 D 0.065 0.048 0.051 0.147 0.01 0.088 0.137 0.047 0.023 0.025 0.038 0.065 0.014 0.017 0.025 0.098 0.048 0.005 0.016 0.033
22 A 0.239 0.041 0.03 0.034 0.018 0.075 0.055 0.068 0.018 0.038 0.055 0.055 0.018 0.02 0.028 0.077 0.047 0.005 0.018 0.06
23 G 0.063 0.04 0.035 0.037 0.01 0.087 0.054 0.197 0.018 0.023 0.037 0.055 0.013 0.014 0.18 0.05 0.035 0.005 0.015 0.03
24 E 0.051 0.15 0.04 0.07 0.007 0.059 0.22 0.034 0.025 0.022 0.04 0.09 0.014 0.017 0.023 0.051 0.036 0.006 0.017 0.031
25 L 0.109 0.024 0.017 0.019 0.017 0.018 0.024 0.035 0.011 0.138 0.248 0.029 0.038 0.043 0.018 0.039 0.039 0.006 0.02 0.108
26 L 0.058 0.03 0.029 0.026 0.017 0.022 0.03 0.032 0.012 0.084 0.222 0.035 0.034 0.039 0.021 0.058 0.142 0.006 0.02 0.083
27 L 0.1 0.029 0.08 0.032 0.016 0.021 0.03 0.041 0.015 0.09 0.198 0.034 0.031 0.036 0.019 0.046 0.042 0.006 0.019 0.113
28 R 0.113 0.113 0.035 0.034 0.014 0.037 0.048 0.049 0.018 0.044 0.076 0.108 0.048 0.024 0.024 0.09 0.048 0.006 0.018 0.052
29 G 0.048 0.092 0.032 0.027 0.01 0.025 0.033 0.127 0.086 0.082 0.077 0.048 0.02 0.101 0.016 0.037 0.031 0.008 0.038 0.061
30 V 0.055 0.02 0.015 0.017 0.017 0.015 0.02 0.022 0.009 0.201 0.194 0.024 0.037 0.042 0.015 0.027 0.042 0.006 0.021 0.201
31 F 0.051 0.026 0.026 0.024 0.014 0.018 0.027 0.031 0.014 0.068 0.148 0.03 0.027 0.18 0.018 0.051 0.121 0.01 0.046 0.068
32 R 0.059 0.177 0.037 0.033 0.011 0.039 0.049 0.039 0.019 0.043 0.112 0.121 0.022 0.025 0.022 0.08 0.044 0.006 0.018 0.046
33 G 0.061 0.021 0.029 0.026 0.011 0.017 0.023 0.322 0.013 0.074 0.06 0.029 0.016 0.03 0.015 0.04 0.03 0.105 0.024 0.055
34 L 0.049 0.023 0.014 0.015 0.016 0.016 0.02 0.022 0.01 0.123 0.336 0.025 0.045 0.05 0.014 0.026 0.036 0.007 0.022 0.132
35 L 0.109 0.027 0.024 0.025 0.017 0.02 0.03 0.041 0.012 0.117 0.208 0.034 0.033 0.038 0.02 0.078 0.047 0.006 0.02 0.094
36 F 0.033 0.019 0.017 0.017 0.01 0.01 0.019 0.025 0.017 0.062 0.112 0.019 0.025 0.399 0.01 0.025 0.025 0.017 0.087 0.054
37 L 0.102 0.026 0.018 0.019 0.018 0.02 0.026 0.034 0.012 0.106 0.231 0.031 0.064 0.042 0.018 0.04 0.04 0.006 0.021 0.126
38 L 0.107 0.03 0.028 0.026 0.018 0.022 0.031 0.041 0.012 0.075 0.192 0.036 0.031 0.035 0.022 0.063 0.127 0.006 0.019 0.079
39 L 0.045 0.025 0.015 0.016 0.016 0.018 0.021 0.022 0.011 0.11 0.349 0.027 0.074 0.052 0.014 0.026 0.034 0.007 0.022 0.094
40 A 0.198 0.027 0.021 0.024 0.018 0.02 0.032 0.055 0.014 0.06 0.135 0.035 0.025 0.103 0.022 0.06 0.041 0.008 0.032 0.07
41 L 0.049 0.024 0.015 0.016 0.016 0.017 0.021 0.022 0.01 0.148 0.276 0.026 0.065 0.048 0.015 0.027 0.037 0.007 0.021 0.138
42 C 0.105 0.026 0.027 0.027 0.176 0.02 0.031 0.043 0.012 0.043 0.058 0.035 0.016 0.02 0.103 0.064 0.114 0.005 0.015 0.058
43 V 0.065 0.021 0.016 0.017 0.018 0.016 0.022 0.023 0.008 0.182 0.133 0.025 0.032 0.036 0.016 0.031 0.047 0.005 0.02 0.268
44 V 0.065 0.021 0.016 0.017 0.018 0.016 0.022 0.023 0.008 0.182 0.133 0.025 0.032 0.036 0.016 0.031 0.047 0.005 0.02 0.268
45 V 0.059 0.02 0.016 0.017 0.017 0.015 0.021 0.024 0.01 0.165 0.131 0.024 0.031 0.097 0.015 0.03 0.043 0.007 0.031 0.229
46 P 0.055 0.025 0.023 0.03 0.01 0.02 0.035 0.035 0.013 0.025 0.035 0.04 0.01 0.013 0.506 0.043 0.035 0.003 0.013 0.03
47 H 0.041 0.044 0.193 0.059 0.008 0.035 0.05 0.05 0.201 0.022 0.034 0.049 0.013 0.024 0.019 0.054 0.037 0.006 0.036 0.024
48 S 0.141 0.038 0.048 0.045 0.018 0.031 0.049 0.067 0.018 0.031 0.044 0.051 0.016 0.021 0.029 0.213 0.075 0.005 0.017 0.045
49 L 0.038 0.021 0.015 0.016 0.013 0.013 0.019 0.023 0.013 0.087 0.251 0.022 0.037 0.228 0.012 0.024 0.029 0.012 0.054 0.074
50 Q 0.053 0.112 0.039 0.041 0.009 0.167 0.081 0.038 0.025 0.025 0.044 0.086 0.018 0.014 0.103 0.051 0.038 0.005 0.018 0.033
51 L 0.06 0.029 0.025 0.033 0.015 0.026 0.074 0.031 0.013 0.121 0.192 0.037 0.032 0.037 0.019 0.066 0.045 0.006 0.019 0.12
52 P 0.089 0.025 0.02 0.023 0.013 0.019 0.029 0.036 0.019 0.052 0.116 0.033 0.021 0.105 0.18 0.041 0.034 0.01 0.081 0.053
53 T 0.074 0.038 0.044 0.047 0.016 0.034 0.086 0.045 0.016 0.043 0.055 0.051 0.017 0.022 0.027 0.109 0.196 0.006 0.017 0.058
54 A 0.268 0.029 0.023 0.027 0.021 0.023 0.037 0.068 0.013 0.062 0.069 0.04 0.019 0.023 0.027 0.074 0.049 0.005 0.018 0.104
55 A 0.183 0.026 0.025 0.028 0.017 0.021 0.033 0.134 0.013 0.076 0.067 0.038 0.018 0.022 0.104 0.061 0.042 0.005 0.016 0.071
56 L 0.053 0.021 0.015 0.016 0.017 0.015 0.02 0.022 0.009 0.187 0.227 0.024 0.038 0.044 0.015 0.027 0.04 0.006 0.021 0.184
57 L 0.043 0.023 0.017 0.017 0.014 0.017 0.021 0.024 0.014 0.12 0.194 0.026 0.083 0.166 0.013 0.028 0.033 0.01 0.044 0.092
58 L 0.047 0.023 0.018 0.018 0.014 0.015 0.02 0.105 0.012 0.088 0.284 0.025 0.038 0.105 0.014 0.028 0.031 0.008 0.031 0.075
59 L 0.044 0.022 0.015 0.016 0.014 0.014 0.02 0.023 0.012 0.104 0.254 0.023 0.038 0.166 0.013 0.025 0.033 0.01 0.043 0.113
60 V 0.108 0.026 0.026 0.025 0.098 0.02 0.03 0.04 0.011 0.085 0.084 0.034 0.022 0.026 0.022 0.061 0.118 0.005 0.017 0.139
61 A 0.177 0.025 0.024 0.025 0.016 0.019 0.03 0.133 0.015 0.045 0.071 0.033 0.018 0.147 0.021 0.058 0.037 0.009 0.039 0.055
62 L 0.091 0.021 0.017 0.019 0.016 0.016 0.023 0.031 0.011 0.159 0.169 0.026 0.032 0.1 0.016 0.035 0.039 0.008 0.031 0.141
63 L 0.084 0.023 0.017 0.018 0.015 0.016 0.023 0.031 0.013 0.084 0.242 0.026 0.035 0.164 0.015 0.034 0.033 0.01 0.043 0.076
64 A 0.167 0.032 0.037 0.036 0.098 0.027 0.041 0.063 0.015 0.036 0.05 0.044 0.016 0.021 0.027 0.154 0.062 0.005 0.016 0.052
65 L 0.136 0.024 0.018 0.02 0.018 0.018 0.026 0.04 0.011 0.126 0.198 0.031 0.033 0.038 0.019 0.045 0.042 0.006 0.02 0.13
66 L 0.048 0.022 0.016 0.019 0.014 0.015 0.022 0.024 0.011 0.127 0.203 0.026 0.033 0.1 0.096 0.029 0.035 0.007 0.03 0.122
67 G 0.061 0.022 0.023 0.023 0.015 0.018 0.022 0.189 0.011 0.145 0.117 0.029 0.05 0.033 0.016 0.036 0.037 0.006 0.017 0.128
68 L 0.066 0.025 0.021 0.022 0.017 0.019 0.026 0.03 0.01 0.123 0.201 0.03 0.034 0.039 0.017 0.064 0.048 0.006 0.02 0.181
69 R 0.049 0.208 0.036 0.031 0.01 0.04 0.048 0.034 0.025 0.032 0.051 0.12 0.016 0.036 0.021 0.051 0.072 0.009 0.07 0.04
70 R 0.046 0.162 0.031 0.029 0.01 0.037 0.046 0.032 0.019 0.046 0.113 0.145 0.022 0.087 0.019 0.04 0.034 0.007 0.029 0.045
71 S 0.118 0.037 0.097 0.111 0.015 0.031 0.055 0.063 0.02 0.029 0.04 0.05 0.014 0.019 0.026 0.153 0.062 0.005 0.016 0.04
72 G 0.105 0.092 0.028 0.028 0.013 0.025 0.034 0.137 0.015 0.044 0.111 0.052 0.02 0.024 0.117 0.049 0.036 0.005 0.016 0.049
73 W 0.046 0.027 0.024 0.031 0.01 0.024 0.071 0.11 0.02 0.072 0.066 0.034 0.018 0.053 0.015 0.034 0.029 0.176 0.086 0.055
74 L 0.05 0.025 0.019 0.019 0.015 0.018 0.022 0.105 0.011 0.094 0.297 0.028 0.064 0.046 0.015 0.03 0.033 0.007 0.02 0.082
75 D 0.046 0.112 0.098 0.169 0.008 0.04 0.069 0.045 0.022 0.024 0.036 0.141 0.012 0.016 0.023 0.053 0.038 0.005 0.015 0.028
76 N 0.054 0.102 0.134 0.048 0.012 0.035 0.046 0.045 0.021 0.051 0.057 0.098 0.017 0.021 0.021 0.059 0.08 0.005 0.017 0.078
77 L 0.048 0.023 0.016 0.019 0.015 0.018 0.023 0.024 0.011 0.154 0.223 0.028 0.06 0.042 0.096 0.029 0.036 0.006 0.02 0.109
78 L 0.046 0.025 0.016 0.017 0.016 0.019 0.022 0.023 0.012 0.137 0.287 0.028 0.091 0.05 0.015 0.028 0.036 0.007 0.022 0.106
79 L 0.093 0.03 0.028 0.026 0.016 0.024 0.032 0.037 0.072 0.103 0.151 0.036 0.053 0.036 0.02 0.05 0.075 0.006 0.026 0.086
80 L 0.053 0.026 0.023 0.022 0.016 0.019 0.026 0.028 0.011 0.122 0.244 0.031 0.037 0.042 0.018 0.046 0.111 0.006 0.02 0.099
81 Y 0.04 0.027 0.021 0.018 0.009 0.021 0.027 0.024 0.046 0.043 0.067 0.03 0.018 0.128 0.015 0.03 0.027 0.027 0.334 0.046
82 F 0.086 0.022 0.019 0.019 0.013 0.016 0.024 0.033 0.02 0.072 0.098 0.026 0.023 0.232 0.015 0.037 0.033 0.015 0.105 0.093
83 C 0.097 0.023 0.022 0.021 0.176 0.017 0.025 0.038 0.012 0.059 0.125 0.028 0.024 0.09 0.019 0.05 0.074 0.007 0.028 0.066
84 G 0.082 0.029 0.04 0.036 0.014 0.025 0.034 0.287 0.015 0.035 0.059 0.04 0.04 0.023 0.021 0.111 0.048 0.006 0.015 0.041
85 V 0.148 0.027 0.023 0.024 0.019 0.021 0.031 0.045 0.011 0.103 0.093 0.035 0.024 0.028 0.022 0.059 0.084 0.005 0.019 0.177
86 L 0.091 0.027 0.021 0.022 0.017 0.022 0.027 0.034 0.012 0.122 0.169 0.033 0.074 0.038 0.019 0.046 0.073 0.006 0.02 0.124
87 V 0.068 0.023 0.02 0.02 0.018 0.018 0.025 0.027 0.009 0.144 0.117 0.028 0.029 0.033 0.018 0.04 0.079 0.005 0.02 0.259
88 T 0.071 0.034 0.042 0.036 0.017 0.027 0.038 0.042 0.013 0.052 0.063 0.044 0.019 0.023 0.027 0.09 0.268 0.006 0.017 0.069
89 A 0.174 0.027 0.025 0.027 0.019 0.022 0.033 0.051 0.012 0.11 0.09 0.037 0.023 0.028 0.023 0.083 0.051 0.005 0.018 0.142
90 I 0.045 0.018 0.015 0.017 0.015 0.013 0.018 0.022 0.011 0.207 0.143 0.022 0.032 0.145 0.013 0.025 0.036 0.009 0.039 0.155
91 Y 0.037 0.025 0.02 0.018 0.009 0.018 0.025 0.024 0.037 0.048 0.079 0.027 0.02 0.206 0.014 0.029 0.026 0.024 0.266 0.048
92 L 0.054 0.022 0.015 0.016 0.017 0.015 0.021 0.022 0.009 0.158 0.246 0.025 0.039 0.044 0.015 0.027 0.04 0.006 0.021 0.189
93 W 0.076 0.022 0.016 0.017 0.013 0.016 0.023 0.032 0.012 0.118 0.133 0.026 0.026 0.048 0.013 0.032 0.032 0.221 0.04 0.085
94 V 0.061 0.021 0.015 0.017 0.018 0.016 0.021 0.023 0.008 0.172 0.17 0.025 0.034 0.038 0.015 0.03 0.044 0.006 0.02 0.245
95 G 0.076 0.022 0.038 0.033 0.01 0.018 0.025 0.524 0.013 0.018 0.027 0.033 0.009 0.016 0.018 0.05 0.029 0.005 0.01 0.024
96 Y 0.052 0.025 0.025 0.022 0.012 0.019 0.027 0.098 0.027 0.06 0.075 0.03 0.02 0.123 0.017 0.041 0.064 0.016 0.164 0.082
97 V 0.069 0.028 0.027 0.026 0.017 0.022 0.03 0.034 0.012 0.131 0.119 0.034 0.052 0.034 0.02 0.076 0.087 0.006 0.02 0.158
98 N 0.098 0.038 0.125 0.049 0.013 0.03 0.045 0.056 0.076 0.03 0.043 0.047 0.015 0.036 0.023 0.111 0.051 0.008 0.068 0.038
99 G 0.11 0.023 0.036 0.032 0.012 0.019 0.027 0.46 0.013 0.022 0.032 0.034 0.01 0.016 0.02 0.054 0.032 0.005 0.011 0.03
100 A 0.311 0.03 0.025 0.029 0.021 0.025 0.039 0.076 0.014 0.042 0.058 0.043 0.017 0.021 0.029 0.083 0.048 0.005 0.017 0.067
101 P 0.053 0.025 0.022 0.028 0.01 0.02 0.034 0.034 0.017 0.028 0.04 0.039 0.011 0.029 0.438 0.041 0.034 0.006 0.059 0.032
102 R 0.089 0.171 0.032 0.029 0.012 0.032 0.04 0.04 0.018 0.07 0.073 0.07 0.02 0.077 0.02 0.072 0.042 0.007 0.027 0.06
103 E 0.086 0.037 0.035 0.1 0.012 0.063 0.128 0.038 0.018 0.102 0.075 0.053 0.02 0.024 0.022 0.049 0.039 0.005 0.017 0.076
104 A 0.277 0.029 0.027 0.029 0.019 0.024 0.037 0.14 0.014 0.039 0.053 0.042 0.016 0.02 0.027 0.078 0.046 0.005 0.016 0.061
105 L 0.062 0.026 0.024 0.023 0.016 0.019 0.027 0.031 0.012 0.098 0.179 0.031 0.031 0.089 0.018 0.067 0.076 0.007 0.029 0.133
106 L 0.057 0.038 0.116 0.043 0.013 0.055 0.044 0.042 0.019 0.069 0.152 0.046 0.026 0.03 0.019 0.073 0.047 0.006 0.019 0.086
107 Q 0.051 0.064 0.039 0.041 0.008 0.206 0.089 0.038 0.027 0.026 0.047 0.079 0.019 0.021 0.021 0.05 0.037 0.077 0.027 0.034
108 V 0.066 0.024 0.023 0.023 0.018 0.019 0.026 0.029 0.01 0.148 0.114 0.03 0.028 0.033 0.019 0.047 0.11 0.006 0.019 0.21
109 L 0.082 0.024 0.015 0.017 0.016 0.017 0.022 0.028 0.01 0.128 0.313 0.027 0.042 0.047 0.016 0.032 0.036 0.006 0.021 0.101
110 F 0.078 0.02 0.017 0.018 0.014 0.014 0.021 0.03 0.013 0.132 0.159 0.024 0.03 0.196 0.015 0.033 0.033 0.01 0.048 0.095
111 V 0.058 0.02 0.015 0.017 0.017 0.015 0.02 0.022 0.008 0.217 0.142 0.024 0.033 0.038 0.015 0.029 0.044 0.006 0.02 0.239
112 Y 0.039 0.027 0.021 0.018 0.009 0.021 0.027 0.024 0.045 0.042 0.067 0.03 0.018 0.127 0.015 0.03 0.027 0.027 0.338 0.045
113 I 0.049 0.018 0.015 0.017 0.016 0.013 0.018 0.021 0.008 0.273 0.158 0.023 0.035 0.042 0.015 0.025 0.04 0.006 0.02 0.189
114 L 0.055 0.021 0.015 0.017 0.017 0.015 0.02 0.022 0.009 0.184 0.213 0.024 0.037 0.042 0.015 0.027 0.041 0.006 0.02 0.2
115 S 0.136 0.038 0.049 0.045 0.018 0.031 0.049 0.066 0.018 0.031 0.043 0.051 0.015 0.02 0.029 0.22 0.075 0.005 0.017 0.044
116 P 0.055 0.025 0.023 0.03 0.01 0.02 0.035 0.035 0.013 0.025 0.035 0.04 0.01 0.013 0.508 0.043 0.035 0.003 0.013 0.03
117 L 0.049 0.024 0.02 0.02 0.014 0.017 0.024 0.028 0.013 0.086 0.262 0.027 0.037 0.149 0.015 0.055 0.037 0.009 0.039 0.074
118 L 0.044 0.022 0.015 0.016 0.015 0.016 0.02 0.022 0.011 0.154 0.258 0.025 0.061 0.1 0.014 0.026 0.034 0.008 0.031 0.109
119 W 0.029 0.022 0.015 0.015 0.007 0.015 0.022 0.029 0.015 0.029 0.051 0.022 0.015 0.059 0.007 0.022 0.022 0.507 0.066 0.029
120 I 0.044 0.021 0.015 0.017 0.015 0.016 0.02 0.022 0.011 0.201 0.184 0.025 0.056 0.047 0.013 0.025 0.035 0.078 0.027 0.128
121 L 0.046 0.023 0.016 0.017 0.014 0.017 0.022 0.023 0.016 0.125 0.206 0.026 0.056 0.109 0.014 0.028 0.035 0.011 0.076 0.12
122 I 0.051 0.021 0.016 0.017 0.016 0.015 0.02 0.023 0.011 0.194 0.149 0.025 0.054 0.093 0.014 0.028 0.039 0.007 0.03 0.177
123 G 0.105 0.028 0.034 0.031 0.013 0.022 0.033 0.187 0.016 0.032 0.051 0.036 0.015 0.08 0.02 0.102 0.045 0.078 0.032 0.04
124 T 0.102 0.035 0.087 0.097 0.015 0.028 0.049 0.054 0.017 0.039 0.049 0.046 0.016 0.02 0.026 0.102 0.145 0.005 0.016 0.052
125 G 0.143 0.076 0.036 0.033 0.014 0.026 0.036 0.26 0.016 0.027 0.041 0.051 0.013 0.018 0.023 0.086 0.042 0.005 0.014 0.039
126 L 0.049 0.025 0.016 0.017 0.016 0.019 0.022 0.023 0.011 0.14 0.265 0.027 0.083 0.047 0.015 0.028 0.037 0.007 0.022 0.132
127 L 0.044 0.071 0.019 0.019 0.014 0.02 0.024 0.024 0.013 0.141 0.209 0.038 0.056 0.094 0.014 0.028 0.034 0.008 0.03 0.1
128 Q 0.051 0.106 0.043 0.048 0.008 0.157 0.117 0.038 0.077 0.024 0.043 0.084 0.017 0.017 0.022 0.051 0.037 0.006 0.024 0.031
129 R 0.085 0.176 0.03 0.028 0.012 0.061 0.048 0.037 0.019 0.051 0.068 0.075 0.02 0.075 0.019 0.046 0.038 0.007 0.028 0.076
130 V 0.065 0.024 0.021 0.022 0.017 0.019 0.026 0.029 0.011 0.17 0.134 0.03 0.052 0.037 0.017 0.06 0.049 0.006 0.02 0.192
131 G 0.077 0.028 0.04 0.043 0.011 0.027 0.07 0.389 0.016 0.02 0.031 0.041 0.01 0.016 0.021 0.078 0.037 0.005 0.012 0.027
132 L 0.051 0.03 0.023 0.024 0.015 0.049 0.034 0.027 0.013 0.166 0.169 0.037 0.054 0.038 0.017 0.039 0.071 0.006 0.02 0.114
133 D 0.051 0.035 0.088 0.156 0.011 0.033 0.092 0.042 0.023 0.033 0.045 0.047 0.014 0.034 0.022 0.062 0.102 0.008 0.061 0.041
134 R 0.048 0.199 0.036 0.033 0.009 0.071 0.058 0.034 0.021 0.037 0.094 0.152 0.02 0.021 0.021 0.045 0.036 0.006 0.018 0.04
135 L 0.052 0.022 0.016 0.018 0.016 0.016 0.022 0.024 0.009 0.139 0.233 0.027 0.036 0.041 0.085 0.029 0.038 0.006 0.02 0.152
136 V 0.062 0.02 0.016 0.017 0.018 0.015 0.021 0.023 0.008 0.198 0.137 0.025 0.032 0.037 0.016 0.03 0.045 0.005 0.02 0.256
137 R 0.048 0.148 0.124 0.056 0.008 0.073 0.098 0.044 0.026 0.023 0.039 0.114 0.014 0.016 0.022 0.055 0.04 0.005 0.017 0.03
138 W 0.036 0.021 0.014 0.015 0.011 0.014 0.02 0.025 0.012 0.116 0.132 0.023 0.026 0.053 0.01 0.023 0.028 0.292 0.047 0.079
139 L 0.04 0.022 0.015 0.015 0.014 0.014 0.019 0.022 0.012 0.098 0.313 0.023 0.041 0.154 0.013 0.024 0.03 0.01 0.04 0.082
140 V 0.056 0.032 0.019 0.02 0.016 0.02 0.027 0.025 0.01 0.172 0.163 0.064 0.032 0.037 0.017 0.031 0.042 0.006 0.02 0.191
141 L 0.052 0.021 0.015 0.016 0.016 0.015 0.021 0.023 0.01 0.146 0.197 0.024 0.034 0.045 0.014 0.027 0.038 0.078 0.027 0.18
142 L 0.042 0.025 0.016 0.016 0.014 0.017 0.022 0.022 0.02 0.092 0.3 0.026 0.04 0.074 0.014 0.026 0.031 0.013 0.112 0.08
143 T 0.076 0.035 0.044 0.038 0.017 0.028 0.04 0.045 0.014 0.048 0.06 0.045 0.019 0.023 0.027 0.112 0.241 0.006 0.017 0.065
144 W 0.076 0.023 0.016 0.017 0.013 0.016 0.023 0.032 0.012 0.092 0.166 0.026 0.028 0.05 0.013 0.031 0.031 0.221 0.04 0.073
145 L 0.047 0.023 0.014 0.015 0.016 0.016 0.02 0.021 0.01 0.119 0.356 0.025 0.046 0.05 0.014 0.025 0.035 0.007 0.021 0.122
146 A 0.211 0.027 0.026 0.028 0.157 0.022 0.034 0.062 0.013 0.04 0.057 0.038 0.016 0.021 0.025 0.093 0.049 0.005 0.016 0.06
147 L 0.056 0.02 0.015 0.016 0.155 0.014 0.019 0.025 0.009 0.132 0.19 0.023 0.032 0.037 0.015 0.031 0.039 0.005 0.018 0.15
148 L 0.082 0.023 0.016 0.018 0.015 0.016 0.023 0.03 0.012 0.094 0.227 0.026 0.034 0.146 0.015 0.034 0.035 0.009 0.039 0.106
149 S 0.107 0.039 0.053 0.047 0.017 0.032 0.051 0.064 0.019 0.029 0.041 0.053 0.015 0.02 0.029 0.243 0.08 0.005 0.017 0.041
150 I 0.055 0.019 0.015 0.017 0.017 0.014 0.02 0.022 0.008 0.235 0.147 0.024 0.034 0.039 0.015 0.028 0.043 0.006 0.02 0.222
151 A 0.207 0.028 0.026 0.028 0.019 0.023 0.036 0.06 0.014 0.06 0.073 0.038 0.02 0.078 0.024 0.09 0.049 0.007 0.027 0.093
152 L 0.12 0.025 0.017 0.019 0.017 0.018 0.025 0.036 0.011 0.118 0.265 0.03 0.037 0.042 0.018 0.041 0.038 0.006 0.02 0.097
153 F 0.034 0.02 0.017 0.017 0.01 0.012 0.02 0.025 0.021 0.059 0.105 0.02 0.024 0.365 0.011 0.025 0.025 0.018 0.122 0.052
154 F 0.035 0.02 0.017 0.017 0.011 0.013 0.02 0.025 0.016 0.067 0.122 0.021 0.048 0.354 0.011 0.026 0.027 0.015 0.077 0.059
155 Y 0.037 0.025 0.02 0.018 0.009 0.018 0.025 0.024 0.037 0.048 0.079 0.027 0.02 0.206 0.014 0.029 0.026 0.024 0.266 0.048
156 L 0.123 0.025 0.017 0.019 0.018 0.018 0.026 0.037 0.011 0.099 0.26 0.03 0.037 0.041 0.018 0.042 0.039 0.006 0.02 0.114
157 F 0.034 0.02 0.017 0.017 0.01 0.012 0.02 0.025 0.021 0.059 0.105 0.02 0.024 0.365 0.011 0.025 0.025 0.018 0.122 0.052
158 L 0.048 0.023 0.018 0.019 0.016 0.017 0.022 0.024 0.01 0.155 0.281 0.027 0.04 0.046 0.016 0.033 0.068 0.006 0.021 0.112
159 T 0.064 0.046 0.084 0.043 0.015 0.031 0.044 0.045 0.017 0.044 0.056 0.082 0.017 0.021 0.026 0.081 0.204 0.005 0.017 0.058
160 F 0.038 0.07 0.02 0.019 0.01 0.019 0.025 0.025 0.024 0.083 0.096 0.037 0.023 0.218 0.013 0.029 0.029 0.016 0.139 0.065
161 G 0.076 0.022 0.038 0.033 0.01 0.018 0.025 0.524 0.013 0.018 0.027 0.033 0.009 0.016 0.018 0.05 0.029 0.005 0.01 0.024
162 A 0.143 0.053 0.037 0.038 0.015 0.034 0.05 0.057 0.017 0.031 0.045 0.119 0.015 0.018 0.097 0.114 0.053 0.005 0.016 0.044
163 E 0.09 0.039 0.084 0.117 0.01 0.042 0.165 0.116 0.022 0.024 0.036 0.056 0.012 0.017 0.023 0.059 0.038 0.005 0.015 0.033
164 A 0.185 0.033 0.036 0.035 0.018 0.027 0.043 0.064 0.021 0.036 0.052 0.045 0.016 0.036 0.027 0.144 0.059 0.008 0.063 0.053
165 V 0.065 0.021 0.016 0.017 0.018 0.016 0.022 0.023 0.008 0.179 0.132 0.025 0.031 0.036 0.016 0.031 0.047 0.005 0.02 0.273
166 R 0.106 0.133 0.041 0.037 0.013 0.063 0.052 0.119 0.02 0.027 0.043 0.072 0.015 0.018 0.024 0.108 0.049 0.005 0.016 0.038
167 F 0.04 0.021 0.017 0.017 0.012 0.014 0.02 0.025 0.015 0.081 0.125 0.022 0.048 0.301 0.012 0.027 0.03 0.014 0.068 0.092
168 L 0.039 0.021 0.015 0.015 0.013 0.013 0.019 0.022 0.013 0.09 0.272 0.022 0.038 0.204 0.012 0.024 0.029 0.011 0.049 0.076
169 I 0.059 0.048 0.031 0.031 0.013 0.028 0.04 0.036 0.015 0.111 0.089 0.108 0.023 0.081 0.021 0.073 0.075 0.007 0.028 0.081
170 E 0.052 0.049 0.044 0.128 0.007 0.083 0.253 0.036 0.025 0.022 0.036 0.071 0.013 0.016 0.024 0.053 0.036 0.005 0.016 0.03
171 D 0.057 0.032 0.057 0.261 0.009 0.033 0.107 0.115 0.018 0.022 0.03 0.048 0.01 0.016 0.023 0.078 0.04 0.004 0.012 0.027
172 A 0.17 0.026 0.025 0.028 0.016 0.021 0.034 0.121 0.013 0.051 0.057 0.038 0.016 0.02 0.162 0.059 0.042 0.004 0.015 0.082
173 N 0.041 0.044 0.337 0.081 0.009 0.033 0.048 0.063 0.031 0.022 0.031 0.052 0.011 0.017 0.02 0.068 0.048 0.004 0.015 0.026
174 V 0.061 0.022 0.015 0.017 0.018 0.016 0.022 0.023 0.008 0.146 0.203 0.025 0.036 0.04 0.015 0.03 0.044 0.006 0.02 0.234
175 N 0.043 0.044 0.294 0.082 0.009 0.037 0.086 0.059 0.03 0.022 0.031 0.055 0.011 0.017 0.02 0.066 0.046 0.005 0.015 0.027
176 L 0.056 0.022 0.015 0.016 0.017 0.015 0.021 0.023 0.01 0.132 0.201 0.024 0.035 0.093 0.015 0.029 0.04 0.007 0.03 0.2
177 S 0.104 0.057 0.085 0.048 0.013 0.093 0.065 0.056 0.023 0.029 0.043 0.097 0.016 0.018 0.026 0.114 0.053 0.005 0.018 0.039
178 G 0.06 0.083 0.043 0.097 0.009 0.062 0.09 0.246 0.019 0.021 0.034 0.06 0.012 0.016 0.02 0.05 0.033 0.005 0.014 0.027
179 G 0.076 0.022 0.038 0.033 0.01 0.018 0.025 0.524 0.013 0.018 0.027 0.033 0.009 0.016 0.018 0.05 0.029 0.005 0.01 0.024
180 F 0.037 0.072 0.021 0.019 0.009 0.02 0.027 0.025 0.03 0.048 0.082 0.038 0.02 0.23 0.014 0.03 0.027 0.019 0.184 0.047
181 A 0.215 0.031 0.031 0.032 0.019 0.025 0.039 0.065 0.015 0.074 0.068 0.043 0.019 0.024 0.027 0.12 0.056 0.005 0.017 0.074
182 G 0.11 0.023 0.036 0.032 0.012 0.019 0.027 0.46 0.013 0.022 0.032 0.034 0.01 0.016 0.02 0.054 0.032 0.005 0.011 0.03
183 A 0.276 0.029 0.024 0.027 0.021 0.024 0.037 0.069 0.013 0.059 0.068 0.041 0.019 0.023 0.027 0.075 0.048 0.005 0.017 0.099
184 T 0.106 0.036 0.083 0.043 0.017 0.028 0.042 0.053 0.017 0.043 0.055 0.046 0.017 0.022 0.026 0.108 0.179 0.005 0.017 0.058
185 L 0.049 0.028 0.018 0.019 0.016 0.024 0.025 0.025 0.014 0.127 0.216 0.032 0.144 0.047 0.015 0.032 0.038 0.007 0.023 0.102
186 L 0.041 0.032 0.03 0.025 0.011 0.024 0.033 0.028 0.167 0.066 0.2 0.032 0.031 0.093 0.015 0.031 0.029 0.008 0.045 0.057
187 V 0.068 0.021 0.016 0.017 0.019 0.016 0.023 0.024 0.008 0.16 0.127 0.025 0.031 0.035 0.016 0.032 0.048 0.005 0.02 0.29
188 Y 0.04 0.027 0.02 0.018 0.01 0.02 0.026 0.024 0.04 0.052 0.113 0.029 0.022 0.116 0.015 0.029 0.028 0.024 0.293 0.052
189 G 0.076 0.022 0.038 0.033 0.01 0.018 0.025 0.524 0.013 0.018 0.027 0.033 0.009 0.016 0.018 0.05 0.029 0.005 0.01 0.024
190 S 0.107 0.039 0.053 0.047 0.017 0.032 0.051 0.064 0.019 0.029 0.041 0.053 0.015 0.02 0.029 0.243 0.08 0.005 0.017 0.041
191 L 0.045 0.026 0.015 0.016 0.016 0.019 0.022 0.023 0.011 0.108 0.336 0.028 0.087 0.051 0.014 0.027 0.034 0.007 0.022 0.092
192 I 0.046 0.017 0.014 0.017 0.016 0.013 0.017 0.02 0.009 0.292 0.163 0.023 0.036 0.043 0.014 0.024 0.039 0.006 0.02 0.172
193 F 0.033 0.018 0.016 0.016 0.01 0.01 0.018 0.025 0.016 0.062 0.111 0.018 0.025 0.405 0.01 0.025 0.025 0.016 0.086 0.053
194 L 0.043 0.024 0.014 0.015 0.016 0.016 0.02 0.021 0.01 0.112 0.394 0.025 0.048 0.053 0.014 0.024 0.032 0.007 0.022 0.093
195 S 0.085 0.03 0.039 0.035 0.085 0.024 0.036 0.116 0.014 0.051 0.057 0.04 0.017 0.022 0.023 0.134 0.089 0.005 0.016 0.08
196 G 0.109 0.025 0.037 0.033 0.013 0.02 0.029 0.391 0.013 0.026 0.037 0.036 0.012 0.018 0.021 0.06 0.066 0.005 0.012 0.036
197 G 0.181 0.028 0.034 0.033 0.016 0.023 0.035 0.267 0.014 0.03 0.042 0.04 0.013 0.019 0.024 0.091 0.044 0.005 0.014 0.045
198 F 0.036 0.02 0.017 0.017 0.011 0.012 0.02 0.024 0.019 0.092 0.112 0.021 0.025 0.313 0.012 0.025 0.027 0.016 0.113 0.069
199 F 0.034 0.019 0.016 0.016 0.011 0.011 0.019 0.024 0.015 0.069 0.151 0.019 0.028 0.355 0.011 0.025 0.026 0.015 0.077 0.059
200 A 0.223 0.034 0.037 0.037 0.019 0.028 0.044 0.071 0.016 0.036 0.05 0.047 0.016 0.021 0.029 0.151 0.062 0.005 0.017 0.056
201 S 0.108 0.046 0.039 0.046 0.014 0.092 0.097 0.049 0.02 0.047 0.056 0.061 0.019 0.02 0.025 0.109 0.053 0.005 0.018 0.077
202 P 0.063 0.027 0.027 0.033 0.011 0.022 0.037 0.039 0.013 0.026 0.036 0.042 0.011 0.014 0.44 0.071 0.041 0.003 0.013 0.032
203 D 0.053 0.038 0.091 0.166 0.01 0.039 0.134 0.044 0.021 0.03 0.04 0.053 0.013 0.018 0.024 0.065 0.104 0.005 0.015 0.039
204 L 0.045 0.024 0.015 0.016 0.016 0.017 0.02 0.022 0.01 0.136 0.332 0.026 0.066 0.051 0.014 0.025 0.034 0.007 0.022 0.104
205 I 0.052 0.018 0.015 0.017 0.017 0.014 0.019 0.021 0.008 0.254 0.153 0.024 0.034 0.041 0.015 0.026 0.041 0.006 0.02 0.205
206 R 0.047 0.27 0.039 0.035 0.008 0.079 0.062 0.035 0.023 0.024 0.045 0.142 0.016 0.016 0.021 0.047 0.036 0.006 0.017 0.031
207 N 0.051 0.134 0.211 0.061 0.01 0.037 0.049 0.054 0.027 0.023 0.036 0.071 0.013 0.018 0.021 0.086 0.048 0.005 0.016 0.029
208 R 0.052 0.204 0.036 0.033 0.009 0.045 0.054 0.035 0.019 0.044 0.055 0.182 0.017 0.019 0.022 0.045 0.038 0.005 0.017 0.068
209 W 0.054 0.026 0.024 0.023 0.013 0.019 0.028 0.034 0.014 0.068 0.12 0.03 0.024 0.093 0.016 0.065 0.071 0.151 0.042 0.086
210 L 0.12 0.025 0.017 0.019 0.017 0.018 0.025 0.036 0.011 0.118 0.265 0.03 0.037 0.042 0.018 0.041 0.038 0.006 0.02 0.097
211 R 0.045 0.327 0.038 0.032 0.008 0.048 0.053 0.033 0.022 0.023 0.045 0.143 0.015 0.017 0.02 0.045 0.035 0.006 0.017 0.03
212 L 0.04 0.021 0.016 0.017 0.013 0.015 0.02 0.024 0.013 0.135 0.169 0.023 0.053 0.151 0.012 0.026 0.031 0.081 0.046 0.095
213 L 0.091 0.023 0.017 0.02 0.016 0.017 0.025 0.031 0.01 0.129 0.185 0.029 0.031 0.036 0.087 0.037 0.04 0.005 0.019 0.148
214 L 0.042 0.023 0.014 0.015 0.015 0.015 0.019 0.021 0.011 0.105 0.353 0.024 0.045 0.103 0.013 0.024 0.031 0.008 0.031 0.088
215 P 0.049 0.023 0.018 0.022 0.013 0.017 0.026 0.027 0.011 0.1 0.207 0.031 0.03 0.034 0.226 0.032 0.034 0.005 0.018 0.077
216 G 0.13 0.025 0.025 0.025 0.016 0.02 0.027 0.181 0.013 0.089 0.131 0.033 0.046 0.031 0.02 0.05 0.038 0.006 0.017 0.076
217 A 0.162 0.025 0.02 0.022 0.087 0.02 0.028 0.047 0.012 0.096 0.141 0.033 0.048 0.032 0.021 0.053 0.042 0.006 0.018 0.087
218 L 0.047 0.025 0.018 0.018 0.016 0.017 0.022 0.024 0.01 0.103 0.346 0.027 0.044 0.049 0.016 0.033 0.066 0.007 0.021 0.09
219 L 0.05 0.023 0.019 0.019 0.016 0.016 0.022 0.025 0.011 0.129 0.235 0.026 0.036 0.095 0.016 0.035 0.068 0.008 0.03 0.123
220 V 0.095 0.021 0.017 0.018 0.087 0.016 0.023 0.031 0.009 0.138 0.151 0.027 0.03 0.034 0.017 0.038 0.043 0.005 0.019 0.18
221 C 0.148 0.027 0.032 0.031 0.155 0.022 0.034 0.124 0.014 0.035 0.05 0.038 0.015 0.02 0.024 0.111 0.051 0.005 0.015 0.05
222 A 0.311 0.03 0.025 0.029 0.021 0.025 0.039 0.076 0.014 0.042 0.058 0.043 0.017 0.021 0.029 0.083 0.048 0.005 0.017 0.067
223 L 0.044 0.021 0.014 0.016 0.016 0.015 0.019 0.02 0.009 0.189 0.295 0.024 0.043 0.049 0.014 0.024 0.035 0.006 0.021 0.127
224 T 0.076 0.035 0.044 0.038 0.017 0.028 0.04 0.045 0.014 0.048 0.06 0.045 0.019 0.023 0.027 0.112 0.241 0.006 0.017 0.065
225 S 0.107 0.039 0.053 0.047 0.017 0.032 0.051 0.064 0.019 0.029 0.041 0.053 0.015 0.02 0.029 0.243 0.08 0.005 0.017 0.041
226 G 0.076 0.022 0.038 0.033 0.01 0.018 0.025 0.524 0.013 0.018 0.027 0.033 0.009 0.016 0.018 0.05 0.029 0.005 0.01 0.024
227 R 0.043 0.364 0.038 0.03 0.008 0.047 0.051 0.032 0.023 0.023 0.045 0.117 0.015 0.017 0.019 0.043 0.034 0.006 0.017 0.03
228 S 0.107 0.039 0.053 0.047 0.017 0.032 0.051 0.064 0.019 0.029 0.041 0.053 0.015 0.02 0.029 0.243 0.08 0.005 0.017 0.041
229 A 0.311 0.03 0.025 0.029 0.021 0.025 0.039 0.076 0.014 0.042 0.058 0.043 0.017 0.021 0.029 0.083 0.048 0.005 0.017 0.067
230 L 0.04 0.022 0.015 0.015 0.014 0.014 0.019 0.022 0.012 0.098 0.313 0.023 0.041 0.154 0.013 0.024 0.03 0.01 0.04 0.082
231 I 0.046 0.017 0.014 0.017 0.016 0.013 0.017 0.02 0.009 0.292 0.163 0.023 0.036 0.043 0.014 0.024 0.039 0.006 0.02 0.172
232 L 0.043 0.024 0.014 0.015 0.016 0.016 0.02 0.021 0.01 0.112 0.394 0.025 0.048 0.053 0.014 0.024 0.032 0.007 0.022 0.093
233 A 0.252 0.033 0.033 0.034 0.02 0.027 0.043 0.073 0.016 0.038 0.053 0.046 0.016 0.021 0.029 0.128 0.057 0.005 0.017 0.059
234 I 0.125 0.021 0.018 0.021 0.018 0.017 0.024 0.037 0.01 0.202 0.128 0.029 0.03 0.035 0.019 0.042 0.043 0.006 0.019 0.159
235 P 0.058 0.025 0.025 0.03 0.01 0.02 0.034 0.105 0.013 0.024 0.034 0.039 0.01 0.013 0.438 0.044 0.034 0.003 0.012 0.029
236 V 0.056 0.021 0.016 0.018 0.017 0.016 0.021 0.023 0.009 0.208 0.151 0.026 0.055 0.04 0.015 0.029 0.043 0.006 0.02 0.211
237 G 0.076 0.022 0.038 0.033 0.01 0.018 0.025 0.524 0.013 0.018 0.027 0.033 0.009 0.016 0.018 0.05 0.029 0.005 0.01 0.024
238 I 0.119 0.022 0.018 0.02 0.016 0.016 0.024 0.037 0.012 0.162 0.158 0.028 0.031 0.09 0.018 0.041 0.039 0.007 0.029 0.114
239 L 0.053 0.021 0.018 0.018 0.084 0.015 0.02 0.095 0.011 0.088 0.216 0.024 0.032 0.091 0.015 0.031 0.033 0.007 0.028 0.1
240 I 0.056 0.021 0.019 0.02 0.017 0.016 0.022 0.024 0.009 0.22 0.138 0.027 0.032 0.038 0.017 0.036 0.074 0.006 0.02 0.191
241 G 0.066 0.028 0.123 0.046 0.01 0.022 0.031 0.393 0.018 0.019 0.028 0.038 0.01 0.016 0.019 0.055 0.034 0.005 0.012 0.024
242 L 0.043 0.02 0.015 0.016 0.013 0.013 0.019 0.023 0.012 0.144 0.16 0.022 0.031 0.149 0.012 0.025 0.033 0.081 0.046 0.123
243 L 0.126 0.023 0.018 0.02 0.017 0.017 0.026 0.038 0.011 0.124 0.148 0.029 0.029 0.087 0.018 0.043 0.041 0.007 0.029 0.147
244 L 0.045 0.071 0.018 0.018 0.014 0.019 0.024 0.023 0.012 0.099 0.265 0.037 0.038 0.096 0.014 0.028 0.034 0.008 0.03 0.107
245 R 0.084 0.22 0.031 0.028 0.011 0.037 0.044 0.038 0.019 0.036 0.066 0.084 0.039 0.021 0.09 0.048 0.037 0.005 0.017 0.044
246 S 0.155 0.035 0.04 0.038 0.017 0.029 0.044 0.062 0.021 0.035 0.049 0.047 0.016 0.036 0.027 0.167 0.063 0.008 0.063 0.049
247 R 0.051 0.218 0.032 0.027 0.01 0.035 0.04 0.1 0.022 0.044 0.057 0.079 0.017 0.035 0.018 0.041 0.034 0.009 0.062 0.069
248 L 0.061 0.034 0.036 0.085 0.014 0.053 0.048 0.037 0.015 0.099 0.123 0.043 0.025 0.029 0.021 0.074 0.077 0.005 0.018 0.103
249 G 0.093 0.09 0.034 0.039 0.013 0.035 0.08 0.11 0.017 0.042 0.095 0.091 0.019 0.023 0.023 0.056 0.069 0.006 0.017 0.049
250 V 0.056 0.039 0.023 0.033 0.014 0.029 0.078 0.028 0.013 0.129 0.148 0.078 0.029 0.033 0.019 0.036 0.04 0.006 0.019 0.15
251 A 0.102 0.09 0.046 0.099 0.013 0.033 0.054 0.05 0.076 0.032 0.045 0.058 0.015 0.021 0.024 0.091 0.081 0.005 0.023 0.042
252 L 0.047 0.029 0.032 0.087 0.013 0.025 0.04 0.031 0.074 0.077 0.115 0.034 0.074 0.096 0.016 0.037 0.035 0.008 0.037 0.094
253 G 0.069 0.042 0.037 0.043 0.012 0.033 0.084 0.201 0.017 0.067 0.056 0.085 0.016 0.021 0.022 0.078 0.042 0.005 0.015 0.054
254 E 0.05 0.043 0.05 0.194 0.007 0.052 0.232 0.038 0.023 0.022 0.034 0.065 0.012 0.016 0.024 0.054 0.036 0.005 0.015 0.029
255 A 0.29 0.031 0.026 0.03 0.022 0.026 0.04 0.078 0.015 0.043 0.059 0.045 0.018 0.022 0.03 0.085 0.05 0.005 0.018 0.069
256 G 0.066 0.05 0.039 0.049 0.009 0.038 0.107 0.278 0.018 0.022 0.034 0.107 0.012 0.016 0.022 0.052 0.033 0.005 0.014 0.028
257 K 0.049 0.18 0.088 0.044 0.008 0.047 0.06 0.042 0.023 0.025 0.041 0.196 0.014 0.016 0.023 0.052 0.039 0.005 0.017 0.03
258 K 0.105 0.056 0.034 0.035 0.013 0.035 0.049 0.048 0.017 0.041 0.068 0.127 0.042 0.022 0.106 0.084 0.047 0.005 0.017 0.049
259 R 0.084 0.136 0.084 0.103 0.01 0.069 0.099 0.046 0.023 0.025 0.041 0.076 0.014 0.017 0.022 0.056 0.039 0.005 0.016 0.034
260 I 0.068 0.029 0.033 0.031 0.016 0.022 0.033 0.04 0.014 0.115 0.092 0.037 0.024 0.082 0.021 0.105 0.114 0.007 0.028 0.088
261 V 0.102 0.027 0.026 0.026 0.018 0.021 0.03 0.039 0.012 0.121 0.139 0.034 0.028 0.033 0.021 0.075 0.08 0.006 0.019 0.146
262 L 0.044 0.186 0.026 0.023 0.012 0.032 0.036 0.027 0.017 0.069 0.212 0.072 0.032 0.036 0.017 0.034 0.034 0.006 0.02 0.063
263 N 0.043 0.045 0.317 0.083 0.009 0.034 0.049 0.065 0.032 0.022 0.032 0.054 0.011 0.018 0.02 0.07 0.049 0.004 0.016 0.027
264 L 0.04 0.022 0.016 0.016 0.013 0.015 0.02 0.023 0.013 0.114 0.211 0.023 0.056 0.201 0.013 0.026 0.031 0.011 0.049 0.087
265 G 0.053 0.039 0.031 0.027 0.011 0.026 0.034 0.172 0.066 0.046 0.11 0.07 0.042 0.034 0.017 0.039 0.031 0.078 0.029 0.045
266 P 0.063 0.033 0.028 0.031 0.013 0.052 0.043 0.036 0.015 0.057 0.102 0.044 0.021 0.023 0.229 0.069 0.044 0.004 0.017 0.078
267 I 0.064 0.027 0.029 0.027 0.016 0.021 0.03 0.034 0.017 0.131 0.098 0.035 0.025 0.045 0.02 0.076 0.11 0.009 0.064 0.122
268 F 0.047 0.02 0.019 0.019 0.013 0.013 0.02 0.095 0.013 0.11 0.149 0.023 0.028 0.194 0.013 0.029 0.032 0.01 0.047 0.106
269 L 0.051 0.02 0.015 0.017 0.017 0.015 0.019 0.021 0.009 0.203 0.218 0.024 0.038 0.043 0.015 0.026 0.04 0.006 0.02 0.183
270 L 0.047 0.022 0.016 0.018 0.015 0.015 0.022 0.024 0.011 0.125 0.231 0.026 0.035 0.093 0.084 0.028 0.035 0.007 0.029 0.118
271 G 0.074 0.027 0.036 0.032 0.013 0.021 0.031 0.25 0.015 0.041 0.095 0.035 0.019 0.078 0.02 0.098 0.043 0.007 0.025 0.043
272 L 0.047 0.021 0.015 0.016 0.015 0.014 0.02 0.023 0.011 0.111 0.237 0.023 0.036 0.148 0.013 0.026 0.035 0.009 0.04 0.138
273 L 0.096 0.024 0.022 0.023 0.017 0.018 0.027 0.036 0.012 0.122 0.146 0.03 0.029 0.087 0.018 0.066 0.046 0.007 0.029 0.144
274 G 0.108 0.025 0.035 0.032 0.013 0.02 0.03 0.323 0.015 0.029 0.046 0.035 0.013 0.073 0.02 0.078 0.038 0.007 0.023 0.036
275 L 0.049 0.02 0.014 0.016 0.016 0.014 0.019 0.021 0.009 0.209 0.233 0.024 0.039 0.045 0.014 0.025 0.038 0.006 0.021 0.165
276 L 0.05 0.022 0.019 0.019 0.014 0.016 0.021 0.095 0.013 0.115 0.16 0.025 0.051 0.143 0.014 0.031 0.034 0.009 0.038 0.111
277 V 0.07 0.022 0.016 0.018 0.019 0.016 0.023 0.025 0.008 0.165 0.13 0.026 0.032 0.036 0.016 0.033 0.049 0.006 0.021 0.269
278 G 0.106 0.027 0.029 0.028 0.086 0.021 0.03 0.112 0.012 0.065 0.11 0.035 0.022 0.027 0.021 0.08 0.077 0.005 0.016 0.091
279 L 0.128 0.028 0.022 0.023 0.018 0.022 0.029 0.041 0.012 0.088 0.183 0.034 0.052 0.036 0.021 0.053 0.074 0.006 0.02 0.11
280 V 0.052 0.023 0.02 0.019 0.013 0.018 0.024 0.097 0.017 0.081 0.1 0.027 0.045 0.103 0.014 0.032 0.034 0.082 0.081 0.117
281 L 0.052 0.022 0.015 0.016 0.016 0.015 0.021 0.023 0.01 0.125 0.239 0.024 0.037 0.095 0.014 0.027 0.038 0.008 0.03 0.172
282 L 0.053 0.024 0.019 0.02 0.016 0.017 0.023 0.027 0.011 0.152 0.277 0.028 0.04 0.046 0.016 0.055 0.041 0.006 0.021 0.108
283 D 0.074 0.034 0.061 0.227 0.012 0.031 0.071 0.056 0.019 0.026 0.034 0.049 0.012 0.018 0.026 0.141 0.058 0.004 0.014 0.033
284 F 0.053 0.027 0.024 0.031 0.013 0.022 0.066 0.031 0.016 0.072 0.133 0.033 0.026 0.191 0.016 0.061 0.039 0.01 0.048 0.088
285 S 0.11 0.04 0.054 0.049 0.018 0.033 0.052 0.066 0.019 0.03 0.042 0.054 0.016 0.021 0.03 0.22 0.082 0.005 0.018 0.042
286 E 0.055 0.05 0.04 0.09 0.007 0.064 0.296 0.035 0.026 0.022 0.037 0.076 0.013 0.017 0.026 0.055 0.037 0.006 0.017 0.031
287 A 0.117 0.028 0.031 0.08 0.013 0.023 0.04 0.043 0.07 0.075 0.074 0.035 0.019 0.094 0.02 0.048 0.035 0.01 0.078 0.064
288 F 0.043 0.025 0.02 0.027 0.012 0.021 0.063 0.025 0.02 0.074 0.136 0.03 0.026 0.206 0.014 0.03 0.031 0.013 0.093 0.089
289 T 0.09 0.039 0.036 0.085 0.014 0.028 0.045 0.042 0.019 0.076 0.069 0.075 0.019 0.038 0.023 0.06 0.103 0.008 0.062 0.068
290 S 0.108 0.044 0.04 0.04 0.014 0.087 0.059 0.052 0.019 0.033 0.047 0.059 0.017 0.018 0.095 0.116 0.084 0.005 0.017 0.045
291 I 0.055 0.019 0.015 0.017 0.017 0.014 0.02 0.022 0.008 0.235 0.147 0.024 0.034 0.039 0.015 0.028 0.043 0.006 0.02 0.222
292 D 0.04 0.077 0.063 0.36 0.007 0.032 0.083 0.043 0.019 0.022 0.03 0.054 0.01 0.015 0.021 0.05 0.034 0.004 0.012 0.025
293 L 0.054 0.022 0.015 0.016 0.017 0.015 0.021 0.022 0.009 0.158 0.246 0.025 0.039 0.044 0.015 0.027 0.04 0.006 0.021 0.189
294 L 0.091 0.081 0.029 0.029 0.014 0.054 0.042 0.04 0.017 0.084 0.122 0.052 0.025 0.082 0.02 0.071 0.043 0.007 0.028 0.07
295 L 0.086 0.031 0.026 0.031 0.014 0.028 0.071 0.034 0.069 0.073 0.159 0.038 0.027 0.048 0.019 0.041 0.036 0.009 0.07 0.092
296 I 0.052 0.019 0.015 0.017 0.017 0.014 0.019 0.021 0.009 0.229 0.186 0.024 0.036 0.042 0.015 0.026 0.04 0.006 0.02 0.194
297 L 0.046 0.021 0.015 0.016 0.015 0.014 0.019 0.022 0.01 0.163 0.249 0.023 0.039 0.098 0.014 0.025 0.035 0.008 0.03 0.138
298 G 0.052 0.052 0.083 0.096 0.01 0.089 0.064 0.111 0.021 0.036 0.087 0.09 0.019 0.021 0.021 0.05 0.037 0.005 0.016 0.038
299 L 0.054 0.034 0.115 0.049 0.013 0.029 0.074 0.041 0.019 0.087 0.155 0.043 0.026 0.031 0.019 0.072 0.045 0.006 0.018 0.069
300 F 0.038 0.019 0.016 0.017 0.011 0.011 0.019 0.025 0.015 0.076 0.113 0.019 0.026 0.352 0.011 0.026 0.028 0.015 0.077 0.087
301 F 0.037 0.02 0.015 0.016 0.012 0.013 0.019 0.024 0.013 0.125 0.149 0.022 0.028 0.152 0.011 0.024 0.029 0.152 0.052 0.086
302 D 0.044 0.047 0.136 0.219 0.008 0.038 0.107 0.048 0.023 0.022 0.031 0.087 0.011 0.016 0.022 0.056 0.039 0.004 0.014 0.026
303 E 0.052 0.069 0.044 0.114 0.008 0.053 0.178 0.039 0.022 0.024 0.037 0.166 0.013 0.015 0.025 0.052 0.037 0.005 0.016 0.03
304 L 0.051 0.022 0.014 0.016 0.017 0.015 0.02 0.022 0.009 0.151 0.284 0.025 0.041 0.046 0.014 0.026 0.038 0.006 0.021 0.161
305 I 0.088 0.033 0.026 0.026 0.015 0.052 0.038 0.036 0.019 0.121 0.107 0.041 0.047 0.045 0.02 0.049 0.071 0.009 0.065 0.093
306 S 0.116 0.046 0.044 0.043 0.015 0.089 0.061 0.056 0.02 0.033 0.048 0.06 0.017 0.019 0.027 0.144 0.091 0.005 0.018 0.047
307 G 0.143 0.024 0.034 0.032 0.013 0.02 0.029 0.396 0.013 0.025 0.036 0.036 0.011 0.017 0.021 0.059 0.034 0.005 0.012 0.036
308 G 0.076 0.022 0.038 0.033 0.01 0.018 0.025 0.524 0.013 0.018 0.027 0.033 0.009 0.016 0.018 0.05 0.029 0.005 0.01 0.024
309 G 0.076 0.022 0.038 0.033 0.01 0.018 0.025 0.524 0.013 0.018 0.027 0.033 0.009 0.016 0.018 0.05 0.029 0.005 0.01 0.024
310 D 0.106 0.032 0.046 0.144 0.015 0.027 0.054 0.052 0.016 0.051 0.055 0.044 0.016 0.021 0.025 0.113 0.085 0.005 0.016 0.079
311 E 0.128 0.036 0.028 0.05 0.014 0.038 0.153 0.043 0.017 0.06 0.106 0.051 0.021 0.025 0.023 0.054 0.041 0.006 0.018 0.087
312 R 0.043 0.364 0.038 0.03 0.008 0.047 0.051 0.032 0.023 0.023 0.045 0.117 0.015 0.017 0.019 0.043 0.034 0.006 0.017 0.03
313 V 0.115 0.031 0.035 0.033 0.018 0.025 0.038 0.048 0.013 0.075 0.074 0.041 0.021 0.025 0.025 0.116 0.12 0.005 0.018 0.124
314 E 0.056 0.042 0.036 0.07 0.009 0.051 0.234 0.103 0.022 0.032 0.057 0.062 0.037 0.02 0.023 0.05 0.035 0.006 0.016 0.038
315 Q 0.054 0.066 0.039 0.042 0.01 0.208 0.09 0.038 0.027 0.036 0.066 0.081 0.044 0.019 0.022 0.052 0.04 0.006 0.02 0.042
316 A 0.145 0.031 0.032 0.032 0.018 0.025 0.037 0.053 0.014 0.066 0.111 0.041 0.023 0.028 0.025 0.114 0.086 0.006 0.018 0.095
317 R 0.069 0.128 0.082 0.041 0.012 0.032 0.043 0.115 0.019 0.043 0.051 0.064 0.016 0.02 0.021 0.103 0.05 0.005 0.016 0.069
318 A 0.252 0.033 0.033 0.034 0.02 0.027 0.043 0.073 0.016 0.038 0.053 0.046 0.016 0.021 0.029 0.128 0.057 0.005 0.017 0.059
319 L 0.043 0.024 0.014 0.015 0.016 0.016 0.02 0.021 0.01 0.112 0.394 0.025 0.048 0.053 0.014 0.024 0.032 0.007 0.022 0.093
320 W 0.037 0.022 0.015 0.016 0.011 0.015 0.021 0.025 0.017 0.118 0.134 0.024 0.026 0.063 0.011 0.024 0.029 0.224 0.085 0.081
