#Seq2Logo.py -f /work3/idamei/ssn-clusterings/clustering/2205111239/clusters/0048_81/sequences.afa -o /work3/idamei/ssn-clusterings/clustering/2205111239/clusters/0048_81/sequences.logo
#Position Specific Frequency Matrix
A R N D C Q E G H I L K M F P S T W Y V
0 M 0.047 0.029 0.018 0.018 0.015 0.025 0.025 0.025 0.015 0.091 0.178 0.033 0.241 0.044 0.015 0.033 0.036 0.007 0.022 0.084
1 N 0.048 0.075 0.122 0.073 0.01 0.031 0.058 0.04 0.02 0.076 0.087 0.098 0.018 0.027 0.019 0.066 0.04 0.006 0.032 0.053
2 N 0.046 0.06 0.254 0.072 0.009 0.038 0.054 0.059 0.028 0.024 0.034 0.112 0.012 0.017 0.022 0.065 0.046 0.005 0.016 0.028
3 L 0.045 0.024 0.014 0.015 0.016 0.016 0.02 0.021 0.01 0.116 0.373 0.025 0.05 0.055 0.014 0.024 0.034 0.007 0.022 0.097
4 N 0.043 0.045 0.314 0.083 0.009 0.034 0.05 0.065 0.032 0.023 0.032 0.054 0.011 0.018 0.02 0.07 0.05 0.005 0.016 0.027
5 I 0.047 0.018 0.015 0.018 0.016 0.013 0.018 0.021 0.009 0.272 0.168 0.024 0.037 0.044 0.015 0.025 0.04 0.006 0.021 0.176
6 H 0.125 0.041 0.132 0.05 0.013 0.032 0.048 0.06 0.134 0.029 0.043 0.048 0.015 0.023 0.023 0.065 0.042 0.006 0.03 0.04
7 K 0.049 0.063 0.07 0.034 0.011 0.03 0.04 0.035 0.04 0.052 0.093 0.103 0.02 0.059 0.02 0.05 0.092 0.009 0.075 0.056
8 L 0.046 0.021 0.014 0.016 0.016 0.015 0.019 0.021 0.009 0.193 0.272 0.024 0.043 0.049 0.014 0.025 0.037 0.006 0.021 0.136
9 K 0.057 0.108 0.042 0.042 0.009 0.054 0.071 0.043 0.021 0.028 0.043 0.275 0.016 0.016 0.028 0.054 0.04 0.005 0.017 0.033
10 D 0.041 0.03 0.069 0.395 0.008 0.03 0.092 0.047 0.019 0.022 0.028 0.045 0.009 0.015 0.022 0.052 0.036 0.004 0.011 0.024
11 V 0.07 0.022 0.017 0.018 0.019 0.017 0.023 0.025 0.008 0.165 0.131 0.026 0.032 0.036 0.017 0.033 0.05 0.006 0.021 0.266
12 R 0.051 0.226 0.04 0.036 0.008 0.051 0.062 0.038 0.022 0.025 0.045 0.199 0.015 0.016 0.023 0.049 0.037 0.005 0.017 0.032
13 K 0.066 0.141 0.06 0.038 0.009 0.046 0.056 0.042 0.02 0.027 0.043 0.215 0.015 0.035 0.023 0.07 0.04 0.005 0.019 0.033
14 I 0.048 0.136 0.027 0.027 0.012 0.049 0.04 0.028 0.016 0.137 0.099 0.065 0.025 0.028 0.071 0.037 0.038 0.005 0.019 0.095
15 I 0.057 0.038 0.029 0.028 0.015 0.025 0.034 0.032 0.012 0.16 0.112 0.074 0.027 0.032 0.021 0.052 0.11 0.006 0.019 0.117
16 G 0.099 0.034 0.049 0.044 0.015 0.028 0.043 0.215 0.017 0.026 0.037 0.047 0.014 0.019 0.026 0.165 0.064 0.005 0.015 0.036
17 V 0.06 0.029 0.118 0.039 0.016 0.022 0.032 0.038 0.016 0.116 0.097 0.035 0.025 0.03 0.018 0.045 0.049 0.005 0.019 0.192
18 I 0.063 0.021 0.032 0.02 0.013 0.015 0.022 0.028 0.014 0.163 0.118 0.025 0.025 0.098 0.014 0.033 0.049 0.078 0.063 0.105
19 L 0.045 0.022 0.018 0.044 0.014 0.017 0.024 0.023 0.011 0.146 0.227 0.026 0.099 0.052 0.014 0.036 0.034 0.006 0.02 0.124
20 L 0.064 0.047 0.031 0.021 0.028 0.018 0.024 0.035 0.013 0.126 0.135 0.04 0.031 0.113 0.015 0.039 0.06 0.008 0.05 0.101
21 N 0.038 0.038 0.391 0.069 0.008 0.028 0.042 0.055 0.026 0.022 0.04 0.046 0.011 0.016 0.017 0.067 0.043 0.004 0.014 0.025
22 P 0.049 0.022 0.02 0.027 0.009 0.018 0.031 0.031 0.011 0.022 0.031 0.035 0.009 0.011 0.565 0.038 0.031 0.002 0.011 0.027
23 F 0.032 0.019 0.027 0.017 0.02 0.012 0.019 0.023 0.02 0.051 0.107 0.02 0.021 0.337 0.011 0.027 0.024 0.016 0.149 0.047
24 F 0.037 0.021 0.018 0.017 0.026 0.014 0.021 0.024 0.022 0.063 0.116 0.023 0.029 0.25 0.012 0.042 0.027 0.015 0.171 0.053
25 I 0.067 0.019 0.015 0.017 0.046 0.014 0.019 0.04 0.01 0.184 0.173 0.023 0.038 0.049 0.014 0.03 0.047 0.006 0.031 0.157
26 Y 0.034 0.024 0.019 0.016 0.008 0.018 0.024 0.022 0.05 0.038 0.061 0.026 0.016 0.142 0.013 0.027 0.024 0.023 0.374 0.04
27 I 0.088 0.022 0.032 0.022 0.047 0.017 0.024 0.032 0.01 0.156 0.129 0.028 0.025 0.056 0.017 0.074 0.059 0.005 0.02 0.139
28 L 0.041 0.019 0.014 0.015 0.013 0.013 0.018 0.021 0.011 0.157 0.235 0.022 0.043 0.132 0.012 0.032 0.031 0.008 0.042 0.121
29 S 0.126 0.028 0.035 0.033 0.03 0.023 0.035 0.145 0.014 0.054 0.048 0.038 0.015 0.019 0.022 0.19 0.062 0.005 0.014 0.064
30 F 0.032 0.018 0.038 0.018 0.026 0.011 0.018 0.024 0.015 0.081 0.106 0.019 0.022 0.372 0.01 0.025 0.025 0.013 0.074 0.056
31 L 0.086 0.023 0.025 0.024 0.014 0.018 0.026 0.12 0.011 0.096 0.16 0.03 0.024 0.055 0.017 0.104 0.05 0.006 0.019 0.091
32 L 0.089 0.021 0.018 0.018 0.014 0.015 0.021 0.061 0.01 0.121 0.212 0.025 0.028 0.105 0.015 0.047 0.043 0.007 0.027 0.104
33 V 0.109 0.022 0.021 0.022 0.031 0.018 0.026 0.034 0.01 0.118 0.085 0.03 0.021 0.025 0.066 0.068 0.079 0.005 0.016 0.194
34 L 0.038 0.019 0.013 0.014 0.013 0.013 0.017 0.019 0.01 0.138 0.331 0.021 0.036 0.12 0.012 0.023 0.038 0.007 0.029 0.088
35 L 0.077 0.019 0.015 0.017 0.03 0.014 0.02 0.025 0.01 0.163 0.221 0.023 0.03 0.088 0.03 0.037 0.033 0.006 0.024 0.117
36 V 0.099 0.02 0.016 0.017 0.015 0.015 0.021 0.028 0.009 0.148 0.177 0.025 0.028 0.059 0.015 0.035 0.055 0.006 0.021 0.19
37 Y 0.035 0.024 0.018 0.016 0.024 0.018 0.024 0.022 0.038 0.038 0.06 0.026 0.016 0.12 0.013 0.027 0.024 0.023 0.393 0.041
38 L 0.06 0.035 0.078 0.036 0.012 0.065 0.042 0.056 0.029 0.043 0.139 0.046 0.021 0.037 0.035 0.135 0.063 0.005 0.019 0.045
39 L 0.035 0.02 0.013 0.013 0.012 0.013 0.017 0.02 0.01 0.089 0.339 0.02 0.035 0.139 0.011 0.021 0.027 0.057 0.035 0.074
40 G 0.056 0.071 0.073 0.098 0.009 0.053 0.057 0.222 0.042 0.02 0.03 0.067 0.011 0.015 0.019 0.079 0.035 0.005 0.014 0.025
41 W 0.026 0.019 0.013 0.013 0.007 0.013 0.019 0.026 0.013 0.026 0.045 0.019 0.013 0.052 0.007 0.019 0.019 0.564 0.059 0.026
42 S 0.094 0.034 0.046 0.042 0.015 0.028 0.045 0.057 0.016 0.025 0.036 0.046 0.013 0.018 0.025 0.33 0.07 0.004 0.015 0.036
43 N 0.046 0.032 0.137 0.126 0.009 0.029 0.095 0.072 0.023 0.029 0.038 0.042 0.012 0.031 0.019 0.066 0.068 0.007 0.078 0.041
44 L 0.06 0.034 0.014 0.015 0.014 0.016 0.02 0.022 0.009 0.13 0.355 0.035 0.044 0.041 0.014 0.026 0.031 0.006 0.018 0.096
45 Y 0.044 0.023 0.029 0.018 0.009 0.025 0.024 0.024 0.03 0.044 0.09 0.026 0.019 0.19 0.013 0.028 0.025 0.019 0.275 0.044
46 P 0.049 0.022 0.02 0.027 0.009 0.018 0.031 0.031 0.011 0.023 0.032 0.035 0.009 0.011 0.552 0.039 0.04 0.002 0.011 0.027
47 K 0.079 0.064 0.044 0.079 0.009 0.035 0.108 0.038 0.017 0.026 0.041 0.14 0.02 0.028 0.107 0.067 0.045 0.004 0.016 0.033
48 L 0.038 0.02 0.012 0.013 0.014 0.013 0.017 0.018 0.009 0.13 0.417 0.021 0.04 0.058 0.012 0.021 0.029 0.006 0.021 0.089
49 S 0.078 0.037 0.061 0.051 0.013 0.028 0.048 0.112 0.016 0.026 0.036 0.072 0.013 0.017 0.023 0.221 0.093 0.004 0.014 0.035
50 G 0.098 0.022 0.023 0.034 0.013 0.017 0.025 0.111 0.013 0.092 0.11 0.028 0.028 0.083 0.016 0.049 0.07 0.028 0.047 0.093
51 T 0.073 0.036 0.043 0.038 0.018 0.028 0.039 0.043 0.014 0.053 0.065 0.045 0.02 0.024 0.028 0.093 0.246 0.006 0.018 0.071
52 S 0.064 0.032 0.102 0.073 0.011 0.029 0.101 0.09 0.018 0.027 0.037 0.044 0.012 0.027 0.057 0.133 0.062 0.021 0.02 0.041
53 L 0.045 0.022 0.016 0.016 0.014 0.016 0.02 0.022 0.009 0.101 0.348 0.024 0.051 0.041 0.014 0.036 0.06 0.006 0.018 0.12
54 L 0.045 0.021 0.016 0.017 0.013 0.015 0.02 0.053 0.009 0.172 0.219 0.033 0.04 0.044 0.013 0.028 0.05 0.038 0.021 0.134
55 L 0.058 0.021 0.018 0.018 0.014 0.015 0.021 0.04 0.011 0.137 0.247 0.025 0.031 0.058 0.014 0.049 0.052 0.023 0.04 0.109
56 F 0.029 0.016 0.014 0.014 0.009 0.009 0.016 0.022 0.014 0.054 0.098 0.016 0.022 0.476 0.009 0.022 0.022 0.014 0.076 0.047
57 L 0.035 0.019 0.013 0.014 0.012 0.012 0.017 0.019 0.011 0.113 0.291 0.02 0.033 0.195 0.011 0.021 0.027 0.009 0.05 0.077
58 L 0.05 0.019 0.019 0.019 0.028 0.014 0.02 0.118 0.011 0.14 0.148 0.023 0.025 0.092 0.014 0.042 0.041 0.007 0.035 0.136
59 F 0.071 0.021 0.02 0.02 0.044 0.015 0.023 0.036 0.012 0.121 0.134 0.025 0.023 0.146 0.015 0.084 0.037 0.039 0.034 0.08
60 T 0.068 0.03 0.037 0.033 0.015 0.024 0.035 0.04 0.012 0.054 0.056 0.039 0.017 0.021 0.023 0.123 0.285 0.005 0.015 0.068
61 F 0.039 0.018 0.016 0.016 0.012 0.012 0.018 0.054 0.012 0.144 0.131 0.021 0.047 0.237 0.012 0.033 0.029 0.009 0.044 0.095
62 L 0.086 0.02 0.016 0.017 0.03 0.015 0.021 0.032 0.01 0.164 0.211 0.024 0.03 0.054 0.015 0.047 0.036 0.006 0.031 0.135
63 I 0.057 0.018 0.017 0.018 0.03 0.014 0.019 0.039 0.009 0.241 0.164 0.023 0.029 0.047 0.014 0.051 0.037 0.005 0.019 0.15
64 S 0.165 0.03 0.043 0.032 0.031 0.024 0.036 0.051 0.027 0.04 0.087 0.039 0.032 0.035 0.022 0.174 0.06 0.005 0.018 0.049
65 L 0.052 0.019 0.017 0.017 0.012 0.013 0.018 0.101 0.01 0.123 0.223 0.022 0.029 0.138 0.013 0.028 0.038 0.008 0.03 0.088
66 F 0.07 0.019 0.015 0.016 0.028 0.013 0.019 0.031 0.013 0.095 0.156 0.022 0.025 0.215 0.028 0.028 0.029 0.01 0.063 0.105
67 L 0.039 0.019 0.014 0.015 0.013 0.013 0.018 0.036 0.01 0.141 0.29 0.022 0.048 0.116 0.012 0.024 0.038 0.007 0.028 0.095
68 G 0.101 0.034 0.034 0.03 0.011 0.019 0.027 0.447 0.013 0.019 0.029 0.034 0.01 0.015 0.018 0.085 0.033 0.005 0.011 0.027
69 L 0.062 0.085 0.023 0.022 0.011 0.039 0.032 0.044 0.015 0.084 0.145 0.078 0.023 0.113 0.016 0.042 0.04 0.008 0.05 0.067
70 V 0.052 0.046 0.017 0.018 0.012 0.017 0.032 0.023 0.013 0.131 0.14 0.038 0.032 0.12 0.013 0.028 0.034 0.024 0.063 0.144
71 F 0.045 0.022 0.019 0.018 0.012 0.024 0.023 0.025 0.016 0.101 0.134 0.025 0.031 0.158 0.014 0.053 0.042 0.026 0.091 0.122
72 N 0.064 0.062 0.113 0.077 0.009 0.045 0.054 0.07 0.052 0.045 0.057 0.085 0.015 0.028 0.018 0.053 0.035 0.021 0.034 0.063
73 K 0.046 0.153 0.066 0.047 0.008 0.036 0.057 0.066 0.031 0.037 0.053 0.175 0.014 0.019 0.035 0.05 0.033 0.005 0.027 0.042
74 K 0.046 0.086 0.039 0.029 0.01 0.04 0.049 0.031 0.028 0.089 0.108 0.134 0.02 0.052 0.018 0.055 0.055 0.022 0.033 0.056
75 K 0.052 0.067 0.046 0.026 0.01 0.026 0.035 0.056 0.015 0.078 0.127 0.145 0.024 0.109 0.017 0.035 0.031 0.007 0.033 0.062
76 K 0.057 0.107 0.042 0.042 0.009 0.054 0.071 0.043 0.021 0.028 0.043 0.278 0.016 0.016 0.028 0.054 0.04 0.005 0.017 0.033
77 I 0.062 0.055 0.025 0.025 0.012 0.025 0.041 0.029 0.012 0.152 0.118 0.07 0.03 0.027 0.102 0.051 0.037 0.005 0.016 0.107
78 P 0.061 0.024 0.021 0.026 0.013 0.019 0.032 0.032 0.011 0.072 0.067 0.036 0.017 0.02 0.337 0.04 0.04 0.004 0.015 0.112
79 I 0.044 0.039 0.046 0.051 0.017 0.027 0.029 0.077 0.012 0.152 0.143 0.051 0.025 0.071 0.015 0.031 0.033 0.006 0.022 0.112
80 P 0.063 0.092 0.031 0.032 0.012 0.027 0.039 0.038 0.015 0.076 0.065 0.056 0.018 0.022 0.212 0.076 0.045 0.004 0.016 0.062
81 F 0.037 0.023 0.019 0.018 0.01 0.016 0.023 0.025 0.032 0.053 0.091 0.025 0.022 0.259 0.013 0.028 0.027 0.022 0.204 0.051
82 L 0.044 0.035 0.166 0.049 0.013 0.025 0.035 0.043 0.021 0.069 0.204 0.04 0.03 0.036 0.017 0.047 0.041 0.006 0.019 0.062
83 N 0.056 0.033 0.167 0.05 0.014 0.025 0.036 0.045 0.02 0.093 0.081 0.04 0.021 0.027 0.018 0.051 0.049 0.005 0.018 0.148
84 L 0.045 0.185 0.026 0.023 0.012 0.032 0.036 0.027 0.017 0.069 0.211 0.073 0.033 0.036 0.017 0.034 0.034 0.006 0.02 0.064
85 E 0.056 0.062 0.042 0.069 0.008 0.14 0.2 0.038 0.028 0.024 0.042 0.083 0.017 0.016 0.025 0.056 0.039 0.006 0.019 0.033
86 K 0.072 0.079 0.034 0.05 0.011 0.042 0.095 0.036 0.028 0.04 0.064 0.118 0.016 0.019 0.037 0.082 0.088 0.005 0.016 0.068
87 L 0.042 0.026 0.018 0.017 0.013 0.019 0.024 0.023 0.028 0.079 0.222 0.028 0.034 0.093 0.015 0.028 0.031 0.018 0.17 0.071
88 K 0.083 0.074 0.048 0.045 0.013 0.043 0.062 0.055 0.02 0.029 0.043 0.166 0.016 0.018 0.029 0.137 0.061 0.005 0.017 0.037
89 E 0.055 0.05 0.041 0.091 0.007 0.065 0.293 0.035 0.026 0.022 0.037 0.076 0.013 0.017 0.026 0.055 0.037 0.006 0.017 0.031
90 F 0.038 0.035 0.021 0.02 0.009 0.02 0.027 0.025 0.024 0.048 0.092 0.079 0.019 0.213 0.014 0.038 0.039 0.015 0.179 0.045
91 K 0.061 0.077 0.073 0.053 0.01 0.058 0.086 0.037 0.021 0.043 0.06 0.103 0.023 0.023 0.036 0.078 0.065 0.006 0.038 0.049
92 K 0.057 0.06 0.091 0.113 0.009 0.032 0.072 0.066 0.018 0.035 0.049 0.131 0.013 0.019 0.067 0.063 0.045 0.005 0.025 0.033
93 I 0.045 0.06 0.02 0.021 0.013 0.028 0.027 0.024 0.011 0.212 0.145 0.065 0.027 0.037 0.015 0.04 0.062 0.006 0.025 0.118
94 K 0.055 0.074 0.097 0.064 0.01 0.035 0.081 0.057 0.019 0.031 0.043 0.138 0.014 0.043 0.021 0.076 0.075 0.005 0.018 0.043
95 T 0.073 0.036 0.043 0.038 0.018 0.028 0.039 0.043 0.014 0.053 0.065 0.045 0.02 0.024 0.028 0.093 0.246 0.006 0.018 0.071
96 Y 0.044 0.034 0.067 0.029 0.01 0.023 0.041 0.03 0.033 0.075 0.095 0.071 0.027 0.09 0.048 0.039 0.033 0.01 0.105 0.095
97 S 0.072 0.062 0.093 0.086 0.011 0.033 0.071 0.047 0.018 0.025 0.035 0.114 0.012 0.016 0.04 0.146 0.067 0.004 0.014 0.032
98 K 0.073 0.069 0.048 0.044 0.011 0.038 0.042 0.081 0.04 0.058 0.087 0.138 0.025 0.021 0.035 0.07 0.037 0.005 0.017 0.062
99 I 0.047 0.018 0.015 0.018 0.016 0.013 0.018 0.021 0.009 0.269 0.168 0.024 0.037 0.044 0.015 0.025 0.04 0.006 0.021 0.177
100 N 0.044 0.058 0.223 0.064 0.009 0.039 0.045 0.045 0.022 0.037 0.06 0.113 0.014 0.02 0.024 0.07 0.049 0.005 0.026 0.034
101 F 0.043 0.026 0.018 0.018 0.013 0.019 0.024 0.027 0.016 0.082 0.155 0.028 0.094 0.218 0.013 0.031 0.033 0.012 0.056 0.074
102 L 0.043 0.039 0.078 0.028 0.011 0.02 0.028 0.029 0.04 0.11 0.145 0.043 0.038 0.047 0.08 0.043 0.043 0.006 0.043 0.085
103 L 0.054 0.021 0.015 0.017 0.017 0.015 0.02 0.022 0.009 0.185 0.225 0.025 0.039 0.045 0.015 0.027 0.041 0.006 0.021 0.182
104 K 0.057 0.049 0.051 0.05 0.011 0.025 0.046 0.052 0.028 0.072 0.081 0.095 0.021 0.085 0.018 0.059 0.071 0.023 0.037 0.069
105 L 0.046 0.075 0.035 0.022 0.011 0.021 0.028 0.026 0.026 0.108 0.135 0.064 0.022 0.067 0.046 0.035 0.031 0.071 0.043 0.089
106 I 0.05 0.019 0.015 0.016 0.013 0.014 0.019 0.022 0.011 0.185 0.141 0.023 0.041 0.067 0.013 0.029 0.042 0.071 0.049 0.16
107 T 0.086 0.026 0.027 0.026 0.03 0.028 0.03 0.035 0.012 0.094 0.1 0.033 0.026 0.065 0.019 0.09 0.14 0.022 0.022 0.091
108 I 0.069 0.022 0.018 0.019 0.013 0.016 0.023 0.026 0.015 0.161 0.142 0.035 0.025 0.096 0.015 0.051 0.043 0.009 0.089 0.111
109 L 0.104 0.021 0.018 0.019 0.014 0.015 0.022 0.062 0.011 0.112 0.191 0.026 0.034 0.115 0.015 0.044 0.051 0.007 0.028 0.092
110 I 0.056 0.019 0.028 0.019 0.014 0.015 0.02 0.055 0.009 0.236 0.183 0.024 0.044 0.035 0.014 0.044 0.036 0.005 0.017 0.127
111 L 0.048 0.02 0.017 0.017 0.029 0.014 0.02 0.028 0.012 0.146 0.192 0.023 0.028 0.08 0.014 0.034 0.064 0.024 0.058 0.132
112 L 0.109 0.019 0.016 0.017 0.029 0.014 0.02 0.061 0.01 0.132 0.178 0.024 0.027 0.121 0.015 0.033 0.032 0.007 0.028 0.106
113 G 0.065 0.021 0.028 0.025 0.027 0.017 0.023 0.314 0.011 0.05 0.136 0.028 0.018 0.049 0.016 0.074 0.032 0.005 0.016 0.043
114 Y 0.037 0.023 0.04 0.019 0.009 0.018 0.023 0.039 0.028 0.081 0.076 0.026 0.04 0.092 0.013 0.028 0.027 0.064 0.251 0.063
115 L 0.081 0.022 0.021 0.021 0.014 0.017 0.024 0.061 0.011 0.13 0.188 0.027 0.037 0.071 0.016 0.073 0.056 0.006 0.022 0.105
116 L 0.121 0.021 0.015 0.017 0.023 0.015 0.021 0.03 0.01 0.141 0.254 0.025 0.041 0.049 0.015 0.034 0.034 0.006 0.019 0.11
117 E 0.045 0.041 0.069 0.112 0.006 0.05 0.341 0.033 0.022 0.019 0.03 0.061 0.011 0.014 0.021 0.048 0.032 0.004 0.014 0.026
118 F 0.042 0.018 0.015 0.015 0.01 0.011 0.018 0.039 0.014 0.066 0.119 0.019 0.037 0.377 0.01 0.024 0.024 0.013 0.074 0.053
119 I 0.122 0.019 0.015 0.017 0.03 0.015 0.02 0.03 0.009 0.211 0.173 0.025 0.036 0.047 0.015 0.034 0.035 0.005 0.019 0.123
120 Y 0.037 0.025 0.032 0.032 0.008 0.019 0.027 0.024 0.048 0.055 0.06 0.028 0.016 0.097 0.014 0.037 0.026 0.021 0.349 0.045
121 N 0.108 0.036 0.143 0.054 0.01 0.034 0.132 0.047 0.057 0.025 0.037 0.048 0.012 0.03 0.021 0.088 0.058 0.005 0.019 0.034
122 G 0.055 0.142 0.045 0.031 0.008 0.03 0.038 0.287 0.016 0.019 0.031 0.134 0.011 0.014 0.018 0.049 0.03 0.005 0.012 0.024
123 G 0.091 0.03 0.078 0.048 0.011 0.03 0.032 0.323 0.023 0.026 0.036 0.036 0.018 0.016 0.018 0.081 0.044 0.005 0.013 0.039
124 I 0.052 0.016 0.013 0.015 0.014 0.012 0.017 0.02 0.009 0.278 0.128 0.021 0.029 0.098 0.013 0.024 0.034 0.006 0.026 0.175
125 P 0.049 0.022 0.02 0.026 0.009 0.018 0.031 0.031 0.011 0.022 0.031 0.035 0.009 0.011 0.567 0.038 0.031 0.002 0.011 0.026
126 L 0.038 0.019 0.012 0.014 0.013 0.013 0.017 0.018 0.009 0.147 0.367 0.021 0.041 0.086 0.012 0.021 0.029 0.007 0.024 0.092
127 L 0.04 0.019 0.013 0.014 0.013 0.013 0.017 0.019 0.009 0.149 0.292 0.021 0.035 0.113 0.012 0.022 0.031 0.007 0.028 0.134
128 L 0.105 0.035 0.061 0.046 0.013 0.035 0.057 0.04 0.016 0.05 0.155 0.067 0.047 0.029 0.019 0.098 0.041 0.006 0.028 0.052
129 L 0.055 0.022 0.027 0.018 0.014 0.016 0.021 0.023 0.009 0.193 0.21 0.035 0.046 0.036 0.014 0.03 0.053 0.005 0.018 0.153
130 L 0.06 0.019 0.014 0.015 0.013 0.014 0.018 0.022 0.01 0.143 0.261 0.022 0.048 0.133 0.013 0.025 0.03 0.008 0.031 0.102
131 I 0.047 0.018 0.015 0.018 0.016 0.013 0.018 0.021 0.009 0.269 0.168 0.024 0.037 0.044 0.015 0.025 0.04 0.006 0.021 0.177
132 L 0.058 0.074 0.057 0.029 0.012 0.03 0.035 0.054 0.014 0.083 0.156 0.094 0.023 0.027 0.018 0.063 0.075 0.005 0.016 0.078
133 L 0.041 0.022 0.015 0.016 0.014 0.014 0.02 0.023 0.012 0.097 0.291 0.023 0.041 0.167 0.013 0.025 0.031 0.01 0.044 0.082
134 G 0.055 0.05 0.112 0.053 0.009 0.026 0.037 0.27 0.042 0.022 0.043 0.089 0.011 0.016 0.018 0.059 0.042 0.005 0.014 0.026
135 D 0.083 0.056 0.055 0.087 0.011 0.038 0.069 0.044 0.016 0.077 0.059 0.054 0.024 0.023 0.058 0.085 0.059 0.005 0.027 0.07
136 D 0.042 0.037 0.193 0.24 0.008 0.032 0.07 0.056 0.025 0.022 0.03 0.049 0.01 0.016 0.021 0.061 0.042 0.004 0.013 0.026
137 D 0.073 0.033 0.061 0.131 0.01 0.035 0.067 0.122 0.017 0.026 0.037 0.06 0.012 0.033 0.07 0.073 0.073 0.005 0.031 0.033
138 I 0.047 0.018 0.015 0.018 0.016 0.013 0.018 0.021 0.009 0.271 0.168 0.024 0.037 0.044 0.015 0.025 0.04 0.006 0.021 0.177
139 Y 0.04 0.023 0.031 0.021 0.01 0.018 0.034 0.04 0.043 0.08 0.118 0.027 0.021 0.131 0.014 0.036 0.028 0.015 0.196 0.073
140 N 0.051 0.035 0.162 0.121 0.01 0.036 0.067 0.05 0.032 0.056 0.044 0.052 0.013 0.031 0.019 0.11 0.043 0.004 0.017 0.048
141 D 0.041 0.03 0.069 0.397 0.008 0.03 0.091 0.047 0.019 0.022 0.028 0.045 0.009 0.015 0.022 0.052 0.035 0.004 0.011 0.024
142 I 0.047 0.018 0.015 0.018 0.016 0.013 0.018 0.021 0.009 0.271 0.168 0.024 0.037 0.044 0.015 0.025 0.04 0.006 0.021 0.177
143 Y 0.045 0.024 0.019 0.017 0.008 0.019 0.025 0.023 0.051 0.037 0.058 0.027 0.016 0.107 0.014 0.028 0.024 0.023 0.395 0.04
144 T 0.073 0.036 0.043 0.038 0.018 0.028 0.039 0.043 0.014 0.053 0.065 0.045 0.02 0.024 0.028 0.093 0.246 0.006 0.018 0.071
145 T 0.073 0.036 0.043 0.038 0.018 0.028 0.039 0.043 0.014 0.053 0.065 0.045 0.02 0.024 0.028 0.093 0.246 0.006 0.018 0.071
146 E 0.055 0.05 0.04 0.09 0.007 0.064 0.296 0.035 0.026 0.022 0.037 0.076 0.013 0.017 0.026 0.055 0.037 0.006 0.017 0.031
147 L 0.06 0.045 0.03 0.044 0.011 0.053 0.038 0.069 0.052 0.059 0.087 0.058 0.063 0.066 0.018 0.059 0.08 0.007 0.036 0.068
148 D 0.058 0.046 0.042 0.19 0.009 0.053 0.177 0.037 0.03 0.028 0.047 0.051 0.013 0.016 0.021 0.072 0.053 0.004 0.014 0.04
149 F 0.029 0.016 0.015 0.014 0.009 0.009 0.016 0.022 0.015 0.054 0.096 0.017 0.022 0.466 0.009 0.022 0.022 0.015 0.086 0.047
150 E 0.086 0.074 0.06 0.071 0.012 0.043 0.159 0.044 0.021 0.03 0.043 0.063 0.014 0.018 0.025 0.083 0.09 0.005 0.016 0.041
151 G 0.067 0.02 0.033 0.029 0.009 0.016 0.022 0.581 0.012 0.016 0.024 0.029 0.008 0.014 0.016 0.044 0.025 0.005 0.009 0.021
152 I 0.041 0.016 0.013 0.015 0.014 0.012 0.015 0.018 0.008 0.346 0.15 0.02 0.031 0.05 0.013 0.022 0.034 0.005 0.019 0.159
153 P 0.049 0.026 0.021 0.027 0.009 0.019 0.033 0.031 0.011 0.022 0.031 0.055 0.009 0.011 0.536 0.038 0.031 0.002 0.011 0.027
154 T 0.059 0.026 0.029 0.026 0.015 0.02 0.029 0.031 0.01 0.076 0.088 0.033 0.028 0.038 0.02 0.06 0.238 0.005 0.018 0.151
155 F 0.033 0.017 0.014 0.014 0.011 0.01 0.016 0.021 0.012 0.093 0.176 0.018 0.027 0.34 0.01 0.022 0.025 0.012 0.058 0.072
156 H 0.037 0.038 0.045 0.032 0.007 0.032 0.044 0.048 0.425 0.02 0.033 0.038 0.013 0.028 0.016 0.036 0.023 0.007 0.058 0.02
157 V 0.068 0.019 0.016 0.017 0.016 0.015 0.022 0.04 0.008 0.128 0.1 0.024 0.024 0.028 0.062 0.032 0.05 0.005 0.017 0.311
158 F 0.035 0.017 0.013 0.014 0.012 0.011 0.016 0.02 0.011 0.167 0.186 0.019 0.029 0.24 0.011 0.022 0.028 0.01 0.045 0.096
159 L 0.062 0.02 0.014 0.015 0.014 0.014 0.019 0.022 0.01 0.143 0.313 0.023 0.035 0.055 0.013 0.027 0.041 0.006 0.031 0.123
160 V 0.097 0.023 0.02 0.02 0.015 0.026 0.026 0.057 0.023 0.098 0.142 0.028 0.032 0.068 0.016 0.057 0.039 0.006 0.023 0.188
161 T 0.065 0.03 0.037 0.033 0.014 0.023 0.034 0.054 0.012 0.04 0.05 0.039 0.016 0.019 0.07 0.104 0.286 0.005 0.015 0.054
162 F 0.031 0.018 0.015 0.015 0.009 0.011 0.018 0.021 0.018 0.077 0.105 0.019 0.022 0.364 0.01 0.023 0.023 0.015 0.128 0.059
163 N 0.079 0.031 0.162 0.042 0.012 0.032 0.035 0.106 0.017 0.057 0.082 0.039 0.016 0.021 0.019 0.073 0.103 0.005 0.014 0.057
164 S 0.086 0.029 0.036 0.033 0.03 0.023 0.036 0.045 0.014 0.091 0.059 0.039 0.017 0.021 0.053 0.216 0.083 0.004 0.015 0.068
165 F 0.054 0.018 0.016 0.016 0.026 0.011 0.018 0.025 0.015 0.055 0.102 0.019 0.021 0.388 0.011 0.034 0.025 0.013 0.075 0.058
166 Y 0.036 0.021 0.015 0.015 0.01 0.015 0.02 0.02 0.023 0.081 0.182 0.023 0.033 0.17 0.012 0.024 0.026 0.015 0.191 0.069
167 A 0.152 0.028 0.033 0.031 0.03 0.022 0.033 0.142 0.013 0.043 0.047 0.038 0.014 0.019 0.023 0.129 0.135 0.005 0.014 0.05
168 V 0.077 0.021 0.018 0.019 0.015 0.016 0.022 0.027 0.009 0.169 0.165 0.026 0.028 0.045 0.016 0.045 0.085 0.005 0.019 0.173
169 Y 0.038 0.024 0.02 0.017 0.009 0.018 0.024 0.023 0.054 0.066 0.09 0.026 0.019 0.108 0.014 0.029 0.044 0.034 0.275 0.068
170 L 0.04 0.045 0.017 0.016 0.013 0.016 0.021 0.022 0.012 0.103 0.295 0.027 0.04 0.117 0.013 0.035 0.048 0.008 0.04 0.075
171 F 0.031 0.017 0.015 0.015 0.009 0.01 0.018 0.023 0.016 0.05 0.089 0.018 0.02 0.406 0.01 0.031 0.023 0.062 0.092 0.044
172 H 0.047 0.04 0.046 0.046 0.008 0.08 0.049 0.035 0.195 0.027 0.051 0.054 0.015 0.037 0.018 0.08 0.036 0.009 0.098 0.03
173 L 0.047 0.081 0.038 0.052 0.027 0.084 0.043 0.029 0.02 0.084 0.116 0.057 0.036 0.032 0.017 0.046 0.053 0.006 0.033 0.1
174 Y 0.035 0.021 0.016 0.015 0.025 0.014 0.02 0.021 0.025 0.054 0.131 0.022 0.022 0.215 0.012 0.024 0.025 0.017 0.227 0.058
175 L 0.04 0.032 0.013 0.014 0.014 0.014 0.018 0.019 0.009 0.146 0.372 0.024 0.041 0.043 0.012 0.022 0.031 0.006 0.019 0.113
176 S 0.1 0.043 0.035 0.047 0.038 0.026 0.049 0.046 0.014 0.049 0.076 0.051 0.024 0.021 0.022 0.198 0.06 0.005 0.015 0.081
177 T 0.063 0.034 0.099 0.073 0.011 0.045 0.082 0.056 0.018 0.043 0.057 0.047 0.015 0.034 0.021 0.088 0.137 0.005 0.028 0.044
178 K 0.059 0.132 0.046 0.037 0.008 0.041 0.072 0.068 0.03 0.023 0.037 0.251 0.013 0.015 0.022 0.055 0.043 0.005 0.015 0.029
179 K 0.046 0.093 0.13 0.072 0.008 0.045 0.089 0.04 0.024 0.027 0.059 0.139 0.014 0.019 0.02 0.064 0.049 0.005 0.026 0.031
180 R 0.053 0.151 0.042 0.041 0.008 0.136 0.082 0.039 0.026 0.026 0.046 0.146 0.018 0.015 0.023 0.052 0.039 0.006 0.019 0.033
181 N 0.043 0.045 0.315 0.083 0.009 0.034 0.05 0.065 0.032 0.023 0.032 0.054 0.011 0.018 0.02 0.07 0.05 0.005 0.016 0.027
182 R 0.107 0.27 0.035 0.03 0.011 0.042 0.049 0.044 0.021 0.028 0.049 0.101 0.016 0.018 0.022 0.054 0.038 0.006 0.017 0.04
183 K 0.05 0.098 0.032 0.031 0.008 0.038 0.05 0.065 0.016 0.048 0.054 0.282 0.023 0.042 0.021 0.042 0.036 0.005 0.018 0.038
184 G 0.079 0.023 0.039 0.034 0.011 0.019 0.026 0.508 0.014 0.019 0.028 0.034 0.009 0.016 0.019 0.052 0.03 0.005 0.011 0.024
185 K 0.049 0.098 0.036 0.03 0.01 0.042 0.045 0.033 0.016 0.09 0.079 0.202 0.026 0.023 0.02 0.065 0.049 0.005 0.027 0.055
186 K 0.057 0.107 0.042 0.042 0.009 0.054 0.071 0.043 0.021 0.028 0.043 0.278 0.016 0.016 0.028 0.054 0.04 0.005 0.017 0.033
187 Y 0.061 0.025 0.035 0.035 0.011 0.028 0.038 0.027 0.022 0.094 0.16 0.033 0.024 0.065 0.015 0.04 0.034 0.012 0.162 0.081
188 V 0.07 0.022 0.017 0.018 0.019 0.017 0.023 0.025 0.008 0.165 0.131 0.026 0.032 0.036 0.017 0.033 0.05 0.006 0.021 0.266
189 L 0.038 0.02 0.012 0.013 0.014 0.013 0.017 0.018 0.009 0.14 0.394 0.021 0.039 0.07 0.012 0.021 0.029 0.006 0.022 0.091
190 G 0.078 0.023 0.039 0.034 0.011 0.019 0.026 0.51 0.014 0.019 0.028 0.034 0.009 0.016 0.019 0.051 0.03 0.005 0.011 0.024
191 L 0.041 0.022 0.016 0.016 0.028 0.014 0.02 0.021 0.012 0.138 0.185 0.041 0.028 0.158 0.013 0.026 0.039 0.009 0.05 0.122
192 L 0.05 0.025 0.032 0.048 0.016 0.033 0.039 0.042 0.022 0.066 0.176 0.03 0.038 0.085 0.062 0.031 0.029 0.01 0.102 0.064
193 F 0.074 0.022 0.02 0.019 0.027 0.016 0.023 0.03 0.018 0.065 0.13 0.026 0.022 0.174 0.014 0.065 0.042 0.028 0.115 0.072
194 L 0.04 0.018 0.014 0.015 0.013 0.013 0.017 0.02 0.009 0.177 0.254 0.021 0.033 0.117 0.012 0.024 0.04 0.007 0.028 0.128
195 L 0.05 0.019 0.014 0.016 0.013 0.014 0.018 0.021 0.012 0.192 0.229 0.022 0.034 0.096 0.013 0.032 0.031 0.008 0.059 0.107
196 L 0.046 0.027 0.112 0.033 0.012 0.02 0.029 0.034 0.015 0.065 0.193 0.032 0.024 0.08 0.048 0.073 0.073 0.006 0.023 0.056
197 L 0.053 0.02 0.015 0.015 0.029 0.014 0.019 0.022 0.012 0.114 0.268 0.023 0.032 0.087 0.018 0.034 0.032 0.008 0.058 0.128
198 L 0.07 0.021 0.019 0.02 0.03 0.016 0.023 0.028 0.01 0.144 0.177 0.026 0.035 0.075 0.015 0.079 0.04 0.006 0.023 0.143
199 P 0.051 0.021 0.018 0.02 0.01 0.015 0.024 0.026 0.016 0.062 0.103 0.027 0.018 0.138 0.234 0.032 0.038 0.009 0.085 0.053
200 P 0.09 0.028 0.051 0.033 0.027 0.03 0.036 0.058 0.015 0.027 0.04 0.039 0.012 0.044 0.224 0.127 0.052 0.005 0.028 0.035
201 L 0.042 0.018 0.013 0.014 0.014 0.013 0.017 0.019 0.008 0.239 0.25 0.021 0.042 0.04 0.013 0.022 0.033 0.005 0.018 0.158
202 L 0.04 0.021 0.013 0.014 0.014 0.015 0.018 0.02 0.009 0.103 0.422 0.023 0.055 0.045 0.013 0.03 0.03 0.014 0.02 0.082
203 I 0.045 0.018 0.015 0.016 0.014 0.013 0.018 0.02 0.008 0.238 0.193 0.023 0.031 0.049 0.014 0.028 0.065 0.005 0.019 0.166
204 F 0.042 0.019 0.014 0.015 0.013 0.013 0.018 0.021 0.013 0.145 0.134 0.021 0.048 0.179 0.012 0.024 0.031 0.01 0.07 0.158
205 N 0.055 0.036 0.278 0.059 0.01 0.028 0.042 0.055 0.024 0.022 0.031 0.045 0.011 0.019 0.02 0.145 0.059 0.005 0.025 0.029
206 R 0.038 0.44 0.033 0.026 0.007 0.041 0.045 0.028 0.02 0.02 0.04 0.103 0.013 0.015 0.017 0.038 0.03 0.005 0.015 0.026
207 G 0.097 0.022 0.033 0.03 0.011 0.018 0.025 0.461 0.012 0.029 0.031 0.031 0.01 0.015 0.018 0.079 0.032 0.005 0.011 0.029
208 A 0.143 0.026 0.025 0.025 0.014 0.021 0.028 0.134 0.012 0.069 0.097 0.033 0.092 0.026 0.019 0.067 0.083 0.005 0.016 0.063
209 L 0.061 0.02 0.015 0.016 0.013 0.013 0.019 0.023 0.01 0.128 0.238 0.022 0.031 0.138 0.013 0.028 0.049 0.007 0.031 0.123
210 L 0.044 0.021 0.015 0.015 0.014 0.016 0.019 0.021 0.01 0.157 0.237 0.024 0.09 0.065 0.013 0.026 0.042 0.006 0.022 0.143
211 I 0.05 0.021 0.038 0.019 0.013 0.016 0.021 0.024 0.012 0.171 0.155 0.025 0.1 0.112 0.013 0.03 0.042 0.007 0.028 0.101
212 I 0.044 0.025 0.12 0.032 0.012 0.027 0.027 0.046 0.014 0.206 0.116 0.031 0.024 0.029 0.015 0.045 0.055 0.005 0.016 0.111
213 L 0.052 0.02 0.015 0.015 0.014 0.014 0.019 0.037 0.01 0.109 0.302 0.023 0.048 0.09 0.013 0.026 0.04 0.007 0.025 0.121
214 L 0.052 0.023 0.021 0.021 0.03 0.018 0.024 0.027 0.011 0.15 0.158 0.028 0.063 0.058 0.016 0.069 0.093 0.006 0.021 0.113
215 S 0.144 0.03 0.039 0.036 0.015 0.025 0.038 0.136 0.014 0.029 0.039 0.041 0.013 0.018 0.024 0.211 0.091 0.005 0.014 0.041
216 C 0.059 0.022 0.022 0.022 0.216 0.017 0.024 0.032 0.011 0.073 0.093 0.027 0.065 0.064 0.016 0.101 0.049 0.005 0.02 0.06
217 L 0.056 0.019 0.016 0.016 0.029 0.014 0.019 0.05 0.01 0.126 0.239 0.022 0.03 0.106 0.013 0.029 0.049 0.007 0.026 0.122
218 F 0.038 0.018 0.017 0.017 0.011 0.012 0.019 0.024 0.013 0.097 0.13 0.02 0.024 0.324 0.011 0.049 0.029 0.011 0.056 0.08
219 I 0.048 0.018 0.013 0.015 0.015 0.013 0.018 0.019 0.008 0.236 0.174 0.022 0.038 0.036 0.013 0.024 0.037 0.005 0.018 0.23
220 Y 0.033 0.022 0.018 0.016 0.008 0.017 0.023 0.023 0.043 0.04 0.066 0.024 0.017 0.185 0.012 0.027 0.032 0.067 0.286 0.04
221 L 0.039 0.02 0.013 0.014 0.021 0.014 0.018 0.019 0.01 0.108 0.374 0.022 0.045 0.083 0.012 0.026 0.029 0.007 0.035 0.089
222 L 0.056 0.025 0.02 0.02 0.028 0.043 0.027 0.053 0.026 0.126 0.16 0.03 0.055 0.087 0.015 0.049 0.033 0.007 0.048 0.092
223 K 0.063 0.075 0.054 0.033 0.01 0.047 0.053 0.053 0.032 0.036 0.064 0.116 0.031 0.056 0.019 0.098 0.039 0.008 0.066 0.047
224 K 0.045 0.068 0.037 0.026 0.01 0.028 0.036 0.044 0.042 0.123 0.082 0.143 0.029 0.037 0.017 0.043 0.033 0.008 0.075 0.074
225 I 0.047 0.018 0.015 0.018 0.016 0.013 0.018 0.021 0.009 0.271 0.168 0.024 0.037 0.044 0.015 0.025 0.04 0.006 0.021 0.177
226 K 0.054 0.116 0.058 0.05 0.008 0.087 0.064 0.102 0.019 0.023 0.042 0.16 0.013 0.015 0.036 0.053 0.034 0.022 0.016 0.028
227 F 0.034 0.019 0.017 0.017 0.011 0.011 0.019 0.025 0.017 0.063 0.114 0.019 0.025 0.387 0.011 0.025 0.025 0.017 0.089 0.055
228 K 0.057 0.107 0.041 0.041 0.009 0.053 0.071 0.043 0.021 0.028 0.043 0.28 0.015 0.015 0.028 0.053 0.04 0.005 0.017 0.033
229 K 0.059 0.083 0.042 0.068 0.011 0.036 0.052 0.081 0.047 0.052 0.052 0.135 0.016 0.02 0.023 0.07 0.079 0.005 0.019 0.048
230 L 0.057 0.108 0.028 0.025 0.015 0.027 0.033 0.03 0.014 0.088 0.155 0.054 0.029 0.032 0.019 0.048 0.093 0.006 0.019 0.118
231 K 0.049 0.098 0.042 0.034 0.01 0.042 0.074 0.065 0.018 0.044 0.076 0.15 0.024 0.044 0.019 0.05 0.065 0.006 0.036 0.055
232 L 0.045 0.024 0.014 0.015 0.016 0.016 0.02 0.021 0.01 0.115 0.375 0.025 0.05 0.055 0.014 0.024 0.033 0.007 0.022 0.096
233 L 0.041 0.033 0.046 0.02 0.013 0.024 0.022 0.023 0.011 0.184 0.19 0.027 0.033 0.085 0.029 0.03 0.033 0.006 0.024 0.127
234 I 0.047 0.018 0.015 0.018 0.016 0.013 0.018 0.021 0.009 0.271 0.168 0.024 0.037 0.044 0.015 0.025 0.04 0.006 0.021 0.177
235 F 0.034 0.019 0.017 0.017 0.011 0.011 0.019 0.025 0.017 0.063 0.114 0.019 0.025 0.387 0.011 0.025 0.025 0.017 0.089 0.055
236 T 0.073 0.036 0.043 0.038 0.018 0.028 0.039 0.043 0.014 0.053 0.065 0.045 0.02 0.024 0.028 0.093 0.246 0.006 0.018 0.071
237 F 0.034 0.019 0.017 0.017 0.011 0.011 0.019 0.025 0.017 0.063 0.114 0.019 0.025 0.387 0.011 0.025 0.025 0.017 0.089 0.055
238 S 0.068 0.09 0.094 0.039 0.011 0.031 0.043 0.074 0.017 0.037 0.043 0.116 0.014 0.03 0.021 0.119 0.093 0.005 0.016 0.039
239 L 0.052 0.024 0.016 0.017 0.013 0.016 0.022 0.023 0.012 0.124 0.213 0.043 0.044 0.126 0.029 0.035 0.032 0.008 0.041 0.111
240 K 0.047 0.118 0.065 0.035 0.008 0.038 0.059 0.051 0.019 0.038 0.057 0.233 0.022 0.022 0.02 0.051 0.034 0.006 0.038 0.038
241 K 0.063 0.059 0.061 0.03 0.011 0.029 0.039 0.05 0.028 0.072 0.106 0.147 0.027 0.039 0.019 0.051 0.064 0.006 0.03 0.073
242 I 0.042 0.022 0.015 0.016 0.013 0.023 0.021 0.02 0.011 0.21 0.174 0.034 0.046 0.071 0.013 0.025 0.033 0.023 0.046 0.144
243 L 0.098 0.019 0.015 0.017 0.03 0.014 0.02 0.028 0.009 0.183 0.19 0.024 0.036 0.064 0.03 0.036 0.034 0.006 0.021 0.125
244 G 0.074 0.052 0.036 0.025 0.027 0.022 0.03 0.127 0.016 0.056 0.098 0.081 0.026 0.082 0.017 0.058 0.042 0.008 0.056 0.068
245 L 0.045 0.024 0.014 0.015 0.016 0.016 0.02 0.021 0.01 0.115 0.375 0.025 0.05 0.055 0.014 0.024 0.033 0.007 0.022 0.096
246 K 0.057 0.107 0.042 0.042 0.009 0.054 0.071 0.043 0.021 0.028 0.043 0.278 0.016 0.016 0.028 0.054 0.04 0.005 0.017 0.033
247 L 0.075 0.021 0.017 0.018 0.014 0.015 0.021 0.058 0.01 0.13 0.242 0.025 0.037 0.061 0.031 0.04 0.051 0.006 0.02 0.107
248 L 0.072 0.023 0.021 0.021 0.014 0.018 0.024 0.06 0.01 0.137 0.163 0.028 0.051 0.036 0.032 0.062 0.079 0.005 0.017 0.126
249 L 0.071 0.02 0.018 0.019 0.014 0.015 0.021 0.062 0.009 0.164 0.18 0.025 0.029 0.033 0.031 0.048 0.049 0.005 0.017 0.169
250 L 0.065 0.021 0.021 0.021 0.013 0.015 0.022 0.076 0.011 0.142 0.15 0.026 0.025 0.12 0.015 0.073 0.048 0.007 0.028 0.101
251 L 0.111 0.022 0.018 0.019 0.015 0.016 0.023 0.071 0.01 0.115 0.228 0.027 0.043 0.047 0.016 0.051 0.035 0.006 0.019 0.108
252 L 0.067 0.02 0.016 0.017 0.014 0.015 0.02 0.03 0.01 0.145 0.2 0.024 0.047 0.118 0.014 0.044 0.034 0.007 0.029 0.13
253 I 0.069 0.02 0.018 0.018 0.03 0.015 0.021 0.038 0.009 0.185 0.177 0.025 0.028 0.059 0.015 0.052 0.055 0.006 0.02 0.141
254 F 0.103 0.02 0.017 0.018 0.013 0.014 0.021 0.061 0.011 0.096 0.143 0.024 0.024 0.17 0.014 0.035 0.041 0.008 0.035 0.132
255 L 0.06 0.021 0.015 0.016 0.013 0.015 0.019 0.039 0.01 0.099 0.329 0.023 0.049 0.104 0.013 0.034 0.03 0.007 0.027 0.077
256 Y 0.034 0.023 0.018 0.016 0.009 0.025 0.023 0.022 0.03 0.055 0.096 0.025 0.027 0.184 0.012 0.026 0.025 0.019 0.282 0.048
257 L 0.087 0.022 0.019 0.019 0.014 0.017 0.022 0.108 0.011 0.097 0.238 0.027 0.058 0.06 0.015 0.049 0.033 0.006 0.02 0.08
258 F 0.029 0.016 0.014 0.014 0.009 0.009 0.016 0.022 0.014 0.054 0.098 0.016 0.022 0.476 0.009 0.022 0.022 0.014 0.076 0.047
259 G 0.067 0.02 0.033 0.029 0.009 0.016 0.022 0.581 0.012 0.016 0.024 0.029 0.008 0.014 0.016 0.044 0.025 0.005 0.009 0.021
260 V 0.048 0.019 0.014 0.015 0.014 0.014 0.019 0.02 0.012 0.145 0.164 0.022 0.036 0.082 0.013 0.025 0.035 0.008 0.069 0.226
261 L 0.074 0.021 0.016 0.017 0.014 0.015 0.021 0.026 0.01 0.131 0.275 0.025 0.043 0.076 0.014 0.046 0.043 0.006 0.023 0.104
262 G 0.067 0.02 0.033 0.029 0.009 0.016 0.022 0.581 0.012 0.016 0.024 0.029 0.008 0.014 0.016 0.044 0.025 0.005 0.009 0.021
263 N 0.036 0.035 0.331 0.127 0.008 0.028 0.056 0.051 0.025 0.021 0.031 0.044 0.01 0.041 0.017 0.055 0.039 0.004 0.016 0.024
264 L 0.071 0.022 0.027 0.018 0.013 0.024 0.022 0.025 0.014 0.135 0.222 0.026 0.044 0.075 0.014 0.029 0.032 0.008 0.067 0.111
265 R 0.038 0.44 0.033 0.026 0.007 0.041 0.045 0.028 0.02 0.02 0.04 0.103 0.013 0.015 0.017 0.038 0.03 0.005 0.015 0.026
266 S 0.069 0.03 0.043 0.031 0.014 0.032 0.035 0.039 0.027 0.063 0.092 0.037 0.042 0.027 0.02 0.157 0.086 0.005 0.029 0.122
267 N 0.071 0.034 0.14 0.055 0.01 0.025 0.047 0.121 0.017 0.032 0.042 0.067 0.013 0.056 0.066 0.074 0.056 0.005 0.019 0.051
268 N 0.069 0.052 0.172 0.073 0.009 0.038 0.055 0.093 0.033 0.024 0.045 0.084 0.012 0.019 0.035 0.087 0.04 0.005 0.026 0.03
269 S 0.069 0.036 0.051 0.07 0.012 0.056 0.088 0.077 0.017 0.034 0.079 0.048 0.024 0.02 0.039 0.154 0.068 0.005 0.015 0.04
270 Y 0.059 0.046 0.041 0.044 0.01 0.024 0.046 0.092 0.038 0.057 0.077 0.06 0.026 0.065 0.037 0.039 0.043 0.011 0.119 0.068
271 D 0.068 0.042 0.055 0.105 0.009 0.084 0.1 0.083 0.039 0.025 0.038 0.064 0.014 0.028 0.021 0.087 0.039 0.007 0.061 0.032
272 T 0.059 0.065 0.059 0.06 0.012 0.031 0.045 0.099 0.038 0.041 0.05 0.094 0.016 0.02 0.023 0.064 0.142 0.005 0.018 0.06
273 I 0.047 0.018 0.015 0.018 0.016 0.013 0.018 0.021 0.009 0.271 0.168 0.024 0.037 0.044 0.015 0.025 0.04 0.006 0.021 0.177
274 V 0.07 0.022 0.016 0.018 0.019 0.016 0.023 0.025 0.008 0.165 0.13 0.026 0.032 0.036 0.016 0.033 0.049 0.006 0.021 0.269
275 K 0.071 0.054 0.108 0.108 0.009 0.039 0.095 0.118 0.021 0.024 0.035 0.124 0.012 0.016 0.023 0.056 0.038 0.005 0.014 0.03
276 T 0.056 0.043 0.055 0.066 0.011 0.032 0.079 0.079 0.018 0.057 0.056 0.088 0.016 0.026 0.053 0.056 0.099 0.006 0.037 0.065
277 S 0.11 0.04 0.054 0.049 0.018 0.033 0.052 0.066 0.019 0.03 0.042 0.054 0.016 0.021 0.03 0.22 0.082 0.005 0.018 0.042
278 D 0.064 0.032 0.087 0.165 0.012 0.027 0.055 0.079 0.017 0.035 0.041 0.044 0.013 0.018 0.054 0.108 0.079 0.004 0.014 0.051
279 L 0.069 0.037 0.026 0.032 0.013 0.04 0.069 0.061 0.015 0.08 0.15 0.07 0.035 0.051 0.047 0.052 0.038 0.006 0.021 0.089
280 F 0.073 0.031 0.042 0.048 0.011 0.033 0.049 0.059 0.019 0.049 0.085 0.048 0.019 0.15 0.017 0.044 0.057 0.035 0.071 0.06
281 D 0.072 0.045 0.081 0.201 0.01 0.039 0.09 0.079 0.032 0.025 0.046 0.047 0.012 0.017 0.021 0.085 0.049 0.004 0.014 0.031
282 S 0.064 0.053 0.135 0.053 0.011 0.033 0.088 0.066 0.02 0.024 0.035 0.071 0.012 0.016 0.058 0.141 0.069 0.004 0.014 0.032
283 E 0.06 0.039 0.106 0.133 0.009 0.039 0.149 0.042 0.02 0.03 0.049 0.069 0.013 0.017 0.021 0.077 0.066 0.004 0.014 0.043
284 L 0.064 0.024 0.018 0.018 0.012 0.017 0.023 0.056 0.019 0.094 0.157 0.035 0.032 0.087 0.014 0.038 0.031 0.012 0.143 0.107
285 I 0.037 0.017 0.013 0.015 0.012 0.012 0.016 0.019 0.01 0.241 0.16 0.02 0.047 0.164 0.012 0.022 0.03 0.008 0.035 0.11
286 L 0.039 0.023 0.015 0.022 0.013 0.016 0.027 0.02 0.012 0.102 0.339 0.034 0.05 0.071 0.029 0.024 0.029 0.007 0.044 0.085
287 D 0.059 0.08 0.083 0.133 0.009 0.068 0.127 0.04 0.019 0.034 0.049 0.059 0.013 0.016 0.02 0.088 0.048 0.004 0.014 0.034
288 I 0.048 0.021 0.017 0.018 0.014 0.023 0.022 0.022 0.01 0.214 0.175 0.028 0.03 0.05 0.014 0.043 0.046 0.006 0.031 0.17
289 G 0.096 0.023 0.035 0.031 0.011 0.019 0.028 0.394 0.013 0.022 0.032 0.033 0.01 0.029 0.019 0.103 0.054 0.005 0.013 0.03
290 G 0.055 0.055 0.035 0.043 0.008 0.093 0.127 0.229 0.03 0.021 0.035 0.09 0.019 0.015 0.019 0.049 0.031 0.005 0.014 0.027
291 A 0.325 0.025 0.021 0.025 0.017 0.021 0.033 0.059 0.012 0.041 0.051 0.037 0.015 0.018 0.102 0.065 0.041 0.004 0.015 0.072
292 T 0.063 0.041 0.105 0.068 0.012 0.029 0.044 0.045 0.017 0.031 0.041 0.091 0.014 0.017 0.023 0.134 0.164 0.004 0.014 0.041
293 D 0.063 0.036 0.05 0.142 0.009 0.042 0.137 0.039 0.021 0.023 0.033 0.067 0.011 0.016 0.115 0.098 0.048 0.004 0.018 0.029
294 E 0.066 0.056 0.083 0.105 0.009 0.038 0.165 0.042 0.019 0.025 0.035 0.081 0.012 0.016 0.022 0.109 0.064 0.004 0.014 0.035
295 F 0.029 0.016 0.014 0.014 0.009 0.009 0.016 0.022 0.014 0.054 0.098 0.016 0.022 0.476 0.009 0.022 0.022 0.014 0.076 0.047
296 K 0.055 0.121 0.026 0.027 0.01 0.031 0.058 0.029 0.015 0.084 0.115 0.137 0.028 0.039 0.018 0.038 0.051 0.006 0.029 0.082
297 N 0.054 0.056 0.174 0.124 0.008 0.051 0.099 0.045 0.043 0.021 0.031 0.094 0.011 0.015 0.02 0.068 0.041 0.004 0.015 0.026
298 S 0.097 0.034 0.058 0.041 0.015 0.028 0.043 0.055 0.016 0.029 0.049 0.045 0.014 0.019 0.025 0.292 0.083 0.005 0.015 0.039
299 K 0.057 0.107 0.042 0.042 0.009 0.054 0.071 0.043 0.021 0.028 0.043 0.278 0.016 0.016 0.028 0.054 0.04 0.005 0.017 0.033
300 G 0.067 0.028 0.072 0.035 0.012 0.021 0.031 0.109 0.052 0.1 0.091 0.043 0.019 0.046 0.033 0.091 0.039 0.006 0.032 0.075
301 I 0.054 0.016 0.013 0.015 0.014 0.012 0.017 0.02 0.008 0.327 0.135 0.021 0.03 0.036 0.013 0.024 0.036 0.005 0.018 0.187
302 P 0.049 0.022 0.02 0.026 0.009 0.018 0.031 0.031 0.011 0.022 0.031 0.035 0.009 0.011 0.567 0.038 0.031 0.002 0.011 0.026
303 K 0.056 0.067 0.047 0.076 0.008 0.038 0.074 0.064 0.018 0.024 0.036 0.246 0.012 0.017 0.053 0.06 0.045 0.005 0.025 0.029
304 E 0.06 0.039 0.032 0.061 0.008 0.061 0.277 0.033 0.019 0.021 0.033 0.058 0.011 0.014 0.131 0.062 0.034 0.004 0.014 0.028
305 F 0.032 0.019 0.016 0.015 0.009 0.013 0.019 0.022 0.023 0.05 0.096 0.021 0.028 0.321 0.011 0.024 0.023 0.017 0.194 0.046
306 F 0.031 0.019 0.015 0.015 0.01 0.012 0.018 0.021 0.018 0.057 0.129 0.019 0.035 0.352 0.01 0.023 0.023 0.015 0.126 0.051
307 W 0.026 0.019 0.013 0.013 0.006 0.013 0.019 0.026 0.013 0.026 0.045 0.019 0.013 0.052 0.006 0.019 0.019 0.566 0.058 0.026
308 S 0.089 0.027 0.035 0.044 0.013 0.022 0.034 0.152 0.013 0.038 0.047 0.036 0.014 0.057 0.052 0.154 0.085 0.005 0.019 0.063
309 Y 0.035 0.024 0.019 0.016 0.008 0.019 0.024 0.021 0.04 0.037 0.059 0.027 0.016 0.112 0.013 0.027 0.024 0.024 0.417 0.04
310 L 0.04 0.019 0.013 0.014 0.014 0.013 0.017 0.018 0.008 0.226 0.292 0.022 0.051 0.042 0.012 0.022 0.032 0.006 0.018 0.122
311 Y 0.035 0.024 0.019 0.016 0.008 0.019 0.024 0.021 0.04 0.037 0.059 0.027 0.016 0.112 0.013 0.027 0.024 0.024 0.417 0.04
312 L 0.097 0.021 0.017 0.018 0.015 0.016 0.021 0.044 0.009 0.162 0.189 0.026 0.043 0.047 0.015 0.042 0.045 0.005 0.019 0.15
313 A 0.168 0.029 0.034 0.032 0.016 0.024 0.036 0.083 0.013 0.049 0.051 0.039 0.016 0.02 0.023 0.165 0.114 0.005 0.015 0.069
314 S 0.089 0.034 0.045 0.04 0.015 0.028 0.043 0.054 0.016 0.028 0.039 0.045 0.014 0.018 0.025 0.297 0.111 0.005 0.015 0.039
315 P 0.049 0.022 0.02 0.026 0.009 0.018 0.031 0.031 0.011 0.022 0.031 0.035 0.009 0.011 0.567 0.038 0.031 0.002 0.011 0.026
316 L 0.039 0.02 0.013 0.014 0.014 0.014 0.017 0.019 0.009 0.156 0.352 0.021 0.05 0.069 0.012 0.022 0.03 0.006 0.022 0.103
317 A 0.319 0.025 0.025 0.027 0.017 0.021 0.032 0.17 0.013 0.032 0.045 0.036 0.014 0.018 0.024 0.074 0.04 0.005 0.014 0.051
318 N 0.036 0.038 0.416 0.071 0.008 0.029 0.042 0.056 0.027 0.019 0.027 0.046 0.01 0.015 0.017 0.06 0.042 0.004 0.013 0.023
319 L 0.036 0.02 0.013 0.014 0.013 0.013 0.017 0.019 0.01 0.087 0.36 0.021 0.046 0.157 0.011 0.021 0.027 0.008 0.034 0.073
320 Q 0.047 0.061 0.048 0.042 0.007 0.311 0.097 0.036 0.025 0.022 0.04 0.077 0.017 0.013 0.02 0.048 0.035 0.005 0.017 0.03
