#Seq2Logo.py -f /work3/idamei/ssn-clusterings/clustering/2205171701/clusters/0019_99/sequences.afa -o /work3/idamei/ssn-clusterings/clustering/2205171701/clusters/0019_99/sequences.logo
#Position Specific Frequency Matrix
A R N D C Q E G H I L K M F P S T W Y V
0 M 0.049 0.03 0.019 0.019 0.015 0.026 0.026 0.026 0.015 0.093 0.183 0.034 0.219 0.045 0.015 0.034 0.037 0.007 0.022 0.086
1 L 0.044 0.062 0.086 0.032 0.011 0.025 0.035 0.034 0.017 0.076 0.116 0.09 0.022 0.104 0.016 0.038 0.035 0.04 0.032 0.085
2 F 0.045 0.062 0.079 0.032 0.011 0.024 0.033 0.034 0.02 0.072 0.129 0.061 0.024 0.135 0.016 0.055 0.037 0.01 0.062 0.058
3 L 0.056 0.094 0.085 0.037 0.012 0.029 0.038 0.081 0.018 0.067 0.128 0.073 0.022 0.043 0.019 0.078 0.042 0.006 0.02 0.055
4 F 0.049 0.034 0.04 0.133 0.01 0.053 0.088 0.038 0.02 0.038 0.063 0.044 0.017 0.163 0.019 0.066 0.037 0.009 0.041 0.039
5 E 0.05 0.05 0.035 0.052 0.008 0.101 0.143 0.034 0.034 0.031 0.051 0.066 0.017 0.054 0.022 0.047 0.035 0.013 0.119 0.038
6 L 0.052 0.03 0.117 0.039 0.015 0.022 0.031 0.037 0.017 0.1 0.18 0.035 0.031 0.036 0.017 0.042 0.044 0.006 0.019 0.132
7 L 0.045 0.024 0.014 0.015 0.016 0.016 0.02 0.021 0.01 0.115 0.375 0.025 0.05 0.055 0.014 0.024 0.033 0.007 0.022 0.096
8 D 0.041 0.03 0.069 0.397 0.008 0.03 0.091 0.047 0.019 0.022 0.028 0.045 0.009 0.015 0.022 0.052 0.035 0.004 0.011 0.024
9 V 0.07 0.032 0.031 0.043 0.015 0.032 0.099 0.036 0.015 0.123 0.093 0.044 0.024 0.029 0.021 0.085 0.051 0.005 0.019 0.131
10 G 0.064 0.046 0.04 0.087 0.011 0.029 0.046 0.247 0.015 0.041 0.046 0.109 0.014 0.018 0.021 0.048 0.035 0.005 0.014 0.064
11 K 0.051 0.162 0.039 0.051 0.008 0.054 0.135 0.037 0.022 0.024 0.041 0.182 0.014 0.016 0.024 0.05 0.036 0.005 0.017 0.031
12 I 0.047 0.019 0.015 0.017 0.015 0.013 0.018 0.021 0.01 0.215 0.183 0.023 0.035 0.095 0.014 0.025 0.037 0.007 0.03 0.16
13 G 0.052 0.03 0.076 0.084 0.012 0.024 0.04 0.1 0.061 0.068 0.065 0.038 0.018 0.072 0.019 0.054 0.093 0.007 0.029 0.057
14 Y 0.041 0.028 0.022 0.019 0.009 0.022 0.028 0.025 0.047 0.044 0.069 0.031 0.019 0.131 0.016 0.031 0.028 0.028 0.316 0.047
15 T 0.073 0.036 0.044 0.038 0.018 0.028 0.039 0.044 0.014 0.053 0.065 0.046 0.02 0.024 0.028 0.093 0.245 0.006 0.018 0.071
16 D 0.041 0.03 0.069 0.396 0.008 0.03 0.092 0.047 0.019 0.022 0.028 0.045 0.009 0.015 0.022 0.052 0.035 0.004 0.011 0.024
17 T 0.073 0.036 0.044 0.038 0.018 0.028 0.039 0.044 0.014 0.053 0.065 0.046 0.02 0.024 0.028 0.093 0.245 0.006 0.018 0.071
18 Q 0.056 0.074 0.044 0.047 0.009 0.213 0.103 0.041 0.029 0.027 0.047 0.091 0.021 0.015 0.024 0.056 0.041 0.006 0.021 0.035
19 G 0.058 0.053 0.05 0.158 0.009 0.034 0.062 0.201 0.018 0.023 0.033 0.12 0.011 0.015 0.023 0.052 0.035 0.005 0.013 0.027
20 R 0.057 0.159 0.04 0.052 0.01 0.048 0.142 0.038 0.021 0.026 0.043 0.107 0.015 0.017 0.024 0.075 0.067 0.005 0.016 0.035
21 K 0.061 0.072 0.036 0.043 0.012 0.04 0.099 0.038 0.017 0.049 0.085 0.135 0.019 0.022 0.024 0.072 0.086 0.005 0.017 0.069
22 D 0.083 0.065 0.064 0.101 0.013 0.029 0.048 0.044 0.016 0.057 0.085 0.069 0.019 0.023 0.022 0.086 0.067 0.005 0.016 0.088
23 F 0.034 0.019 0.017 0.017 0.011 0.011 0.019 0.025 0.017 0.063 0.114 0.019 0.025 0.387 0.011 0.025 0.025 0.017 0.089 0.055
24 F 0.103 0.024 0.019 0.02 0.014 0.017 0.025 0.035 0.018 0.089 0.143 0.028 0.026 0.146 0.017 0.047 0.036 0.012 0.091 0.09
25 K 0.054 0.115 0.029 0.027 0.012 0.032 0.041 0.032 0.015 0.096 0.08 0.137 0.021 0.049 0.019 0.053 0.04 0.006 0.021 0.121
26 R 0.052 0.147 0.082 0.035 0.011 0.031 0.039 0.037 0.019 0.069 0.105 0.078 0.021 0.028 0.019 0.07 0.042 0.006 0.028 0.083
27 L 0.051 0.024 0.022 0.021 0.014 0.017 0.024 0.027 0.015 0.134 0.16 0.028 0.029 0.096 0.016 0.052 0.085 0.009 0.07 0.105
28 L 0.045 0.019 0.015 0.016 0.014 0.013 0.019 0.022 0.011 0.144 0.198 0.022 0.033 0.163 0.013 0.025 0.034 0.009 0.039 0.149
29 I 0.092 0.024 0.025 0.025 0.031 0.019 0.028 0.036 0.012 0.125 0.114 0.031 0.025 0.092 0.019 0.074 0.09 0.007 0.028 0.102
30 A 0.216 0.028 0.029 0.029 0.018 0.023 0.035 0.12 0.013 0.051 0.059 0.039 0.017 0.021 0.025 0.088 0.078 0.005 0.016 0.089
31 L 0.084 0.02 0.018 0.019 0.015 0.015 0.021 0.092 0.01 0.168 0.188 0.026 0.031 0.061 0.016 0.034 0.035 0.006 0.022 0.118
32 L 0.072 0.021 0.015 0.016 0.046 0.015 0.02 0.027 0.011 0.107 0.25 0.024 0.034 0.114 0.014 0.03 0.034 0.008 0.031 0.111
33 Y 0.037 0.024 0.019 0.017 0.009 0.018 0.024 0.023 0.038 0.044 0.072 0.027 0.019 0.179 0.014 0.028 0.026 0.024 0.312 0.045
34 L 0.101 0.026 0.022 0.024 0.047 0.034 0.03 0.036 0.012 0.146 0.157 0.033 0.028 0.033 0.019 0.068 0.051 0.005 0.018 0.11
35 F 0.101 0.022 0.02 0.02 0.045 0.016 0.023 0.098 0.016 0.095 0.103 0.027 0.022 0.104 0.016 0.039 0.033 0.042 0.073 0.085
36 L 0.083 0.024 0.018 0.019 0.015 0.017 0.023 0.061 0.011 0.116 0.279 0.028 0.048 0.041 0.016 0.036 0.051 0.006 0.019 0.09
37 F 0.036 0.022 0.018 0.017 0.01 0.015 0.022 0.023 0.027 0.057 0.089 0.023 0.021 0.27 0.012 0.026 0.026 0.02 0.202 0.065
38 H 0.041 0.132 0.041 0.032 0.008 0.051 0.05 0.033 0.211 0.026 0.046 0.078 0.016 0.064 0.018 0.039 0.028 0.008 0.052 0.028
39 Y 0.062 0.028 0.022 0.021 0.011 0.035 0.031 0.03 0.029 0.05 0.087 0.032 0.02 0.103 0.015 0.047 0.032 0.082 0.202 0.063
40 I 0.11 0.023 0.023 0.023 0.015 0.019 0.025 0.131 0.011 0.154 0.107 0.031 0.048 0.031 0.018 0.056 0.04 0.005 0.017 0.111
41 Y 0.037 0.028 0.024 0.019 0.008 0.022 0.029 0.025 0.086 0.037 0.059 0.03 0.017 0.106 0.014 0.03 0.026 0.055 0.308 0.04
42 V 0.056 0.023 0.021 0.021 0.016 0.017 0.024 0.026 0.01 0.145 0.151 0.028 0.035 0.059 0.017 0.042 0.104 0.006 0.023 0.174
43 E 0.072 0.033 0.076 0.095 0.012 0.031 0.098 0.04 0.019 0.066 0.063 0.044 0.023 0.028 0.021 0.068 0.082 0.006 0.038 0.084
44 Y 0.038 0.024 0.02 0.018 0.009 0.018 0.025 0.024 0.035 0.046 0.074 0.027 0.019 0.192 0.014 0.031 0.043 0.022 0.273 0.047
45 L 0.05 0.021 0.016 0.017 0.047 0.015 0.02 0.023 0.009 0.158 0.27 0.025 0.037 0.042 0.015 0.04 0.037 0.006 0.019 0.132
46 N 0.051 0.031 0.091 0.038 0.043 0.026 0.053 0.036 0.07 0.055 0.063 0.037 0.018 0.067 0.018 0.058 0.054 0.01 0.09 0.09
47 P 0.053 0.026 0.024 0.032 0.01 0.023 0.053 0.033 0.037 0.032 0.039 0.04 0.011 0.015 0.433 0.041 0.034 0.003 0.015 0.047
48 V 0.073 0.028 0.047 0.052 0.015 0.035 0.035 0.033 0.013 0.104 0.128 0.035 0.026 0.042 0.018 0.047 0.089 0.006 0.02 0.154
49 F 0.031 0.019 0.016 0.015 0.009 0.012 0.019 0.025 0.017 0.05 0.089 0.019 0.021 0.317 0.009 0.023 0.023 0.144 0.095 0.045
50 G 0.085 0.032 0.04 0.075 0.01 0.034 0.133 0.248 0.017 0.022 0.033 0.048 0.011 0.016 0.022 0.086 0.039 0.005 0.013 0.03
51 Y 0.038 0.026 0.02 0.017 0.009 0.02 0.026 0.023 0.043 0.041 0.064 0.029 0.017 0.122 0.015 0.029 0.026 0.026 0.365 0.043
52 A 0.209 0.025 0.02 0.023 0.048 0.019 0.029 0.051 0.013 0.069 0.102 0.033 0.033 0.102 0.021 0.056 0.039 0.007 0.029 0.07
53 G 0.058 0.051 0.04 0.032 0.009 0.025 0.034 0.321 0.136 0.02 0.033 0.04 0.011 0.026 0.017 0.043 0.027 0.007 0.046 0.024
54 Y 0.037 0.024 0.019 0.017 0.009 0.018 0.024 0.023 0.038 0.044 0.072 0.027 0.019 0.179 0.014 0.028 0.026 0.024 0.312 0.045
55 N 0.069 0.083 0.084 0.061 0.011 0.029 0.042 0.056 0.021 0.046 0.057 0.083 0.016 0.058 0.02 0.062 0.056 0.008 0.064 0.073
56 Y 0.041 0.03 0.062 0.026 0.011 0.021 0.028 0.028 0.029 0.106 0.102 0.048 0.022 0.077 0.016 0.033 0.033 0.016 0.192 0.078
57 I 0.061 0.031 0.11 0.043 0.011 0.027 0.071 0.037 0.065 0.124 0.101 0.039 0.022 0.054 0.017 0.043 0.037 0.006 0.026 0.077
58 D 0.049 0.033 0.08 0.151 0.009 0.033 0.125 0.039 0.018 0.032 0.039 0.048 0.012 0.016 0.148 0.051 0.053 0.004 0.014 0.047
59 R 0.059 0.119 0.032 0.033 0.043 0.029 0.056 0.068 0.018 0.035 0.07 0.057 0.016 0.051 0.083 0.086 0.056 0.007 0.041 0.04
60 D 0.072 0.076 0.041 0.125 0.011 0.031 0.076 0.103 0.04 0.036 0.071 0.051 0.028 0.021 0.021 0.065 0.069 0.005 0.017 0.041
61 L 0.046 0.025 0.022 0.024 0.012 0.02 0.043 0.059 0.015 0.091 0.143 0.03 0.043 0.114 0.047 0.037 0.064 0.041 0.054 0.07
62 L 0.049 0.025 0.05 0.078 0.012 0.02 0.034 0.064 0.018 0.084 0.114 0.032 0.022 0.089 0.049 0.054 0.06 0.009 0.068 0.07
63 E 0.052 0.062 0.053 0.046 0.01 0.079 0.122 0.067 0.02 0.051 0.078 0.057 0.03 0.023 0.051 0.058 0.037 0.038 0.02 0.045
64 P 0.048 0.027 0.022 0.025 0.01 0.021 0.032 0.03 0.03 0.034 0.052 0.036 0.014 0.071 0.256 0.037 0.032 0.015 0.168 0.039
65 W 0.044 0.026 0.022 0.021 0.012 0.018 0.026 0.031 0.013 0.057 0.137 0.029 0.025 0.05 0.014 0.04 0.083 0.251 0.044 0.057
66 L 0.039 0.021 0.015 0.016 0.013 0.013 0.019 0.023 0.013 0.089 0.247 0.022 0.037 0.223 0.012 0.025 0.029 0.012 0.055 0.075
67 L 0.045 0.024 0.019 0.022 0.012 0.02 0.042 0.056 0.02 0.129 0.145 0.029 0.05 0.06 0.015 0.03 0.032 0.044 0.108 0.099
68 L 0.047 0.019 0.015 0.017 0.015 0.014 0.019 0.022 0.01 0.18 0.2 0.023 0.033 0.089 0.046 0.026 0.036 0.007 0.027 0.157
69 L 0.064 0.023 0.019 0.019 0.014 0.016 0.023 0.028 0.013 0.094 0.212 0.027 0.031 0.117 0.048 0.036 0.065 0.009 0.052 0.09
70 T 0.12 0.031 0.035 0.032 0.017 0.025 0.035 0.078 0.013 0.064 0.069 0.04 0.031 0.024 0.024 0.093 0.181 0.005 0.017 0.068
71 Y 0.038 0.027 0.068 0.077 0.009 0.022 0.035 0.03 0.034 0.049 0.081 0.032 0.018 0.098 0.016 0.035 0.03 0.018 0.236 0.045
72 L 0.073 0.02 0.015 0.017 0.015 0.014 0.021 0.026 0.011 0.141 0.183 0.024 0.031 0.136 0.014 0.03 0.035 0.008 0.035 0.149
73 L 0.044 0.019 0.014 0.015 0.077 0.013 0.018 0.022 0.01 0.118 0.235 0.021 0.034 0.139 0.013 0.026 0.032 0.008 0.035 0.106
74 A 0.259 0.029 0.027 0.029 0.035 0.023 0.037 0.064 0.013 0.052 0.061 0.04 0.018 0.022 0.026 0.102 0.051 0.005 0.016 0.092
75 L 0.063 0.021 0.015 0.016 0.015 0.015 0.02 0.024 0.01 0.143 0.258 0.024 0.036 0.068 0.014 0.027 0.034 0.039 0.026 0.132
76 L 0.089 0.02 0.016 0.018 0.015 0.014 0.021 0.029 0.011 0.163 0.166 0.024 0.03 0.136 0.015 0.033 0.035 0.008 0.035 0.123
77 P 0.053 0.024 0.022 0.029 0.01 0.019 0.034 0.034 0.012 0.024 0.034 0.038 0.01 0.012 0.529 0.041 0.034 0.002 0.012 0.029
78 L 0.069 0.021 0.017 0.018 0.016 0.016 0.021 0.026 0.009 0.194 0.21 0.026 0.034 0.04 0.016 0.044 0.04 0.006 0.019 0.158
79 L 0.061 0.022 0.016 0.016 0.014 0.015 0.021 0.025 0.015 0.105 0.24 0.024 0.034 0.126 0.014 0.028 0.032 0.01 0.075 0.108
80 F 0.111 0.021 0.017 0.018 0.044 0.014 0.023 0.036 0.014 0.054 0.107 0.024 0.022 0.255 0.015 0.038 0.03 0.044 0.057 0.055
81 Y 0.038 0.027 0.021 0.019 0.009 0.034 0.029 0.024 0.037 0.059 0.074 0.031 0.019 0.148 0.014 0.029 0.027 0.022 0.287 0.051
82 R 0.066 0.182 0.062 0.04 0.011 0.04 0.052 0.046 0.02 0.025 0.04 0.126 0.014 0.017 0.023 0.132 0.051 0.005 0.016 0.033
83 G 0.118 0.031 0.08 0.092 0.013 0.027 0.061 0.178 0.017 0.033 0.041 0.042 0.013 0.018 0.022 0.097 0.045 0.005 0.014 0.053
84 L 0.056 0.081 0.031 0.053 0.013 0.027 0.039 0.033 0.016 0.097 0.117 0.08 0.023 0.033 0.02 0.071 0.073 0.007 0.039 0.092
85 K 0.049 0.08 0.093 0.04 0.01 0.036 0.047 0.04 0.019 0.039 0.08 0.153 0.041 0.021 0.085 0.05 0.054 0.005 0.016 0.042
86 R 0.088 0.1 0.032 0.052 0.013 0.028 0.04 0.037 0.038 0.062 0.088 0.067 0.02 0.049 0.02 0.051 0.086 0.006 0.023 0.099
87 P 0.085 0.021 0.018 0.023 0.013 0.017 0.027 0.032 0.011 0.156 0.09 0.032 0.021 0.026 0.241 0.038 0.037 0.004 0.016 0.093
88 S 0.143 0.034 0.043 0.04 0.017 0.028 0.045 0.061 0.016 0.048 0.049 0.047 0.016 0.021 0.027 0.222 0.068 0.005 0.016 0.052
89 N 0.076 0.037 0.164 0.102 0.012 0.044 0.051 0.053 0.023 0.034 0.042 0.048 0.014 0.025 0.022 0.111 0.05 0.006 0.037 0.051
90 F 0.056 0.021 0.017 0.017 0.043 0.014 0.021 0.026 0.021 0.075 0.132 0.023 0.025 0.23 0.013 0.029 0.028 0.015 0.133 0.062
91 G 0.054 0.019 0.023 0.022 0.013 0.014 0.02 0.217 0.011 0.164 0.099 0.025 0.023 0.079 0.015 0.033 0.032 0.007 0.024 0.107
92 A 0.177 0.028 0.029 0.03 0.049 0.023 0.035 0.054 0.013 0.072 0.088 0.038 0.02 0.025 0.024 0.124 0.053 0.005 0.017 0.095
93 I 0.094 0.023 0.023 0.024 0.016 0.018 0.026 0.034 0.011 0.195 0.113 0.031 0.027 0.032 0.019 0.07 0.077 0.005 0.018 0.143
94 L 0.041 0.021 0.014 0.015 0.014 0.014 0.019 0.021 0.01 0.154 0.299 0.023 0.051 0.095 0.013 0.024 0.032 0.008 0.028 0.103
95 I 0.046 0.019 0.015 0.017 0.015 0.014 0.019 0.021 0.009 0.247 0.206 0.024 0.036 0.042 0.014 0.028 0.053 0.006 0.019 0.152
96 Y 0.036 0.024 0.019 0.017 0.009 0.018 0.024 0.023 0.037 0.045 0.073 0.027 0.019 0.189 0.013 0.028 0.026 0.024 0.304 0.045
97 V 0.09 0.023 0.02 0.02 0.016 0.018 0.025 0.031 0.013 0.151 0.112 0.029 0.038 0.054 0.017 0.042 0.072 0.008 0.053 0.168
98 L 0.044 0.023 0.015 0.016 0.015 0.017 0.02 0.022 0.011 0.127 0.269 0.025 0.084 0.094 0.013 0.026 0.033 0.008 0.029 0.108
99 C 0.076 0.02 0.017 0.018 0.205 0.015 0.021 0.03 0.009 0.109 0.149 0.025 0.026 0.03 0.016 0.049 0.04 0.005 0.016 0.124
100 Y 0.037 0.027 0.022 0.018 0.009 0.021 0.027 0.024 0.064 0.041 0.065 0.029 0.018 0.135 0.014 0.029 0.026 0.024 0.328 0.043
101 V 0.124 0.022 0.017 0.019 0.017 0.016 0.024 0.034 0.01 0.172 0.153 0.028 0.03 0.035 0.018 0.039 0.041 0.005 0.019 0.179
102 P 0.053 0.024 0.022 0.029 0.01 0.019 0.034 0.034 0.012 0.024 0.034 0.038 0.01 0.012 0.529 0.041 0.034 0.002 0.012 0.029
103 A 0.15 0.026 0.028 0.028 0.017 0.021 0.031 0.078 0.012 0.127 0.084 0.036 0.022 0.027 0.022 0.085 0.093 0.005 0.017 0.09
104 L 0.049 0.037 0.024 0.027 0.013 0.103 0.055 0.027 0.016 0.136 0.175 0.046 0.031 0.032 0.017 0.035 0.037 0.006 0.019 0.116
105 L 0.043 0.021 0.015 0.016 0.015 0.014 0.019 0.021 0.01 0.181 0.279 0.024 0.039 0.069 0.014 0.027 0.05 0.007 0.024 0.114
106 T 0.086 0.033 0.037 0.033 0.016 0.026 0.036 0.042 0.014 0.054 0.08 0.042 0.055 0.026 0.024 0.099 0.206 0.006 0.018 0.066
107 L 0.046 0.022 0.015 0.016 0.015 0.016 0.02 0.021 0.012 0.161 0.264 0.025 0.061 0.05 0.014 0.026 0.035 0.007 0.042 0.134
108 L 0.048 0.038 0.047 0.03 0.043 0.095 0.046 0.032 0.018 0.058 0.173 0.045 0.027 0.104 0.017 0.051 0.036 0.008 0.031 0.055
109 F 0.054 0.022 0.018 0.017 0.011 0.015 0.022 0.026 0.025 0.07 0.11 0.024 0.023 0.241 0.013 0.029 0.027 0.018 0.177 0.059
110 N 0.046 0.035 0.093 0.06 0.011 0.042 0.041 0.036 0.048 0.051 0.089 0.041 0.079 0.046 0.018 0.048 0.069 0.01 0.086 0.053
111 L 0.036 0.026 0.039 0.021 0.011 0.031 0.026 0.027 0.017 0.067 0.155 0.028 0.037 0.146 0.012 0.028 0.028 0.14 0.068 0.056
112 D 0.067 0.035 0.096 0.105 0.012 0.028 0.072 0.04 0.017 0.077 0.082 0.059 0.018 0.023 0.052 0.052 0.071 0.005 0.016 0.073
113 D 0.048 0.108 0.042 0.139 0.008 0.05 0.094 0.099 0.019 0.028 0.048 0.094 0.026 0.043 0.02 0.045 0.033 0.006 0.019 0.032
114 D 0.055 0.036 0.058 0.105 0.01 0.031 0.094 0.04 0.023 0.029 0.044 0.062 0.013 0.061 0.084 0.086 0.041 0.009 0.084 0.034
115 L 0.073 0.022 0.022 0.053 0.014 0.017 0.028 0.071 0.014 0.103 0.145 0.027 0.027 0.105 0.016 0.035 0.036 0.009 0.057 0.127
116 G 0.078 0.023 0.039 0.034 0.011 0.019 0.026 0.509 0.014 0.019 0.028 0.034 0.009 0.016 0.019 0.051 0.03 0.005 0.011 0.024
117 S 0.11 0.04 0.054 0.049 0.018 0.033 0.053 0.066 0.019 0.03 0.042 0.054 0.016 0.021 0.03 0.218 0.082 0.005 0.018 0.042
118 L 0.074 0.034 0.07 0.037 0.013 0.055 0.059 0.071 0.017 0.056 0.106 0.044 0.033 0.027 0.051 0.067 0.049 0.038 0.02 0.08
119 E 0.067 0.033 0.055 0.122 0.011 0.034 0.138 0.036 0.019 0.052 0.096 0.046 0.019 0.029 0.02 0.048 0.053 0.006 0.038 0.077
120 F 0.034 0.019 0.017 0.017 0.011 0.011 0.019 0.025 0.017 0.063 0.114 0.019 0.025 0.387 0.011 0.025 0.025 0.017 0.089 0.055
121 L 0.089 0.027 0.017 0.019 0.016 0.018 0.025 0.029 0.01 0.133 0.204 0.045 0.033 0.037 0.017 0.035 0.04 0.006 0.019 0.183
122 L 0.103 0.022 0.018 0.019 0.016 0.016 0.023 0.032 0.011 0.139 0.147 0.027 0.028 0.108 0.017 0.039 0.054 0.007 0.031 0.143
123 L 0.051 0.051 0.022 0.022 0.013 0.021 0.028 0.059 0.014 0.106 0.173 0.052 0.04 0.064 0.048 0.046 0.037 0.007 0.044 0.104
124 L 0.05 0.025 0.04 0.022 0.014 0.018 0.025 0.026 0.019 0.091 0.166 0.029 0.027 0.057 0.048 0.034 0.052 0.011 0.105 0.141
125 Q 0.069 0.055 0.035 0.043 0.01 0.182 0.11 0.037 0.023 0.039 0.084 0.07 0.045 0.021 0.021 0.049 0.038 0.006 0.019 0.044
126 L 0.064 0.023 0.018 0.018 0.015 0.016 0.022 0.026 0.011 0.12 0.261 0.026 0.035 0.09 0.015 0.035 0.066 0.007 0.027 0.104
127 L 0.128 0.025 0.021 0.022 0.08 0.019 0.027 0.04 0.011 0.078 0.147 0.031 0.037 0.055 0.019 0.061 0.058 0.006 0.022 0.115
128 L 0.038 0.021 0.014 0.015 0.013 0.013 0.019 0.021 0.013 0.089 0.3 0.022 0.038 0.183 0.012 0.023 0.028 0.01 0.053 0.075
129 A 0.13 0.027 0.026 0.026 0.079 0.021 0.031 0.045 0.014 0.053 0.101 0.034 0.045 0.102 0.02 0.091 0.06 0.007 0.029 0.06
130 L 0.129 0.023 0.021 0.022 0.016 0.018 0.026 0.07 0.012 0.112 0.17 0.03 0.028 0.083 0.018 0.046 0.06 0.007 0.026 0.085
131 S 0.125 0.032 0.044 0.04 0.015 0.027 0.041 0.184 0.016 0.027 0.038 0.044 0.013 0.018 0.025 0.193 0.06 0.005 0.015 0.038
132 M 0.048 0.034 0.021 0.022 0.014 0.056 0.034 0.028 0.017 0.083 0.161 0.039 0.182 0.065 0.016 0.035 0.037 0.008 0.026 0.077
133 L 0.084 0.026 0.029 0.028 0.047 0.021 0.03 0.087 0.013 0.101 0.104 0.034 0.034 0.053 0.02 0.101 0.078 0.006 0.021 0.082
134 L 0.085 0.022 0.017 0.019 0.016 0.016 0.022 0.029 0.01 0.164 0.249 0.027 0.036 0.041 0.016 0.046 0.039 0.006 0.019 0.121
135 L 0.038 0.02 0.014 0.015 0.013 0.013 0.018 0.021 0.012 0.129 0.252 0.021 0.035 0.191 0.012 0.023 0.029 0.01 0.044 0.089
136 F 0.033 0.021 0.017 0.017 0.01 0.026 0.023 0.024 0.016 0.06 0.122 0.022 0.025 0.38 0.011 0.025 0.025 0.015 0.075 0.052
137 L 0.047 0.051 0.022 0.021 0.043 0.02 0.028 0.028 0.018 0.061 0.138 0.05 0.024 0.134 0.015 0.048 0.049 0.044 0.089 0.07
138 A 0.186 0.027 0.026 0.027 0.08 0.022 0.032 0.053 0.013 0.064 0.093 0.036 0.032 0.05 0.022 0.097 0.047 0.006 0.021 0.066
139 D 0.1 0.031 0.048 0.187 0.013 0.027 0.058 0.051 0.016 0.036 0.042 0.043 0.013 0.018 0.056 0.124 0.066 0.004 0.014 0.055
140 R 0.048 0.199 0.033 0.03 0.009 0.036 0.045 0.034 0.018 0.046 0.054 0.122 0.016 0.046 0.051 0.057 0.052 0.038 0.023 0.042
141 V 0.071 0.055 0.073 0.058 0.012 0.026 0.038 0.07 0.041 0.085 0.089 0.058 0.02 0.032 0.019 0.06 0.056 0.006 0.04 0.09
142 K 0.068 0.047 0.074 0.037 0.012 0.036 0.042 0.105 0.017 0.073 0.062 0.111 0.018 0.047 0.021 0.077 0.058 0.006 0.02 0.069
143 G 0.058 0.074 0.044 0.035 0.011 0.028 0.058 0.113 0.017 0.042 0.104 0.067 0.02 0.084 0.057 0.073 0.039 0.007 0.026 0.043
144 I 0.069 0.024 0.027 0.027 0.016 0.019 0.027 0.13 0.012 0.155 0.106 0.032 0.026 0.032 0.019 0.073 0.047 0.005 0.018 0.139
145 E 0.056 0.078 0.041 0.066 0.008 0.059 0.184 0.039 0.023 0.025 0.04 0.178 0.014 0.016 0.027 0.054 0.038 0.005 0.017 0.032
146 N 0.049 0.047 0.18 0.086 0.008 0.049 0.174 0.05 0.029 0.022 0.034 0.065 0.012 0.017 0.023 0.062 0.043 0.005 0.016 0.029
147 L 0.045 0.024 0.014 0.015 0.016 0.016 0.02 0.021 0.01 0.116 0.374 0.025 0.05 0.055 0.014 0.024 0.033 0.007 0.022 0.096
148 L 0.045 0.024 0.014 0.015 0.016 0.016 0.02 0.021 0.01 0.116 0.374 0.025 0.05 0.055 0.014 0.024 0.033 0.007 0.022 0.096
149 N 0.043 0.045 0.315 0.083 0.009 0.034 0.05 0.065 0.032 0.023 0.032 0.054 0.011 0.018 0.02 0.07 0.05 0.005 0.016 0.027
150 G 0.078 0.023 0.039 0.034 0.011 0.019 0.026 0.509 0.014 0.019 0.028 0.034 0.009 0.016 0.019 0.051 0.03 0.005 0.011 0.024
151 G 0.061 0.102 0.075 0.039 0.012 0.031 0.057 0.103 0.017 0.076 0.062 0.071 0.017 0.022 0.02 0.086 0.044 0.005 0.016 0.083
152 K 0.05 0.063 0.054 0.042 0.009 0.051 0.086 0.036 0.046 0.028 0.042 0.12 0.014 0.029 0.117 0.049 0.059 0.007 0.061 0.034
153 R 0.058 0.112 0.054 0.034 0.012 0.047 0.046 0.038 0.019 0.065 0.083 0.108 0.02 0.029 0.02 0.084 0.044 0.006 0.039 0.081
154 I 0.066 0.035 0.045 0.026 0.045 0.024 0.032 0.032 0.063 0.127 0.114 0.067 0.036 0.037 0.017 0.037 0.037 0.007 0.044 0.11
155 E 0.053 0.062 0.035 0.069 0.01 0.064 0.122 0.066 0.018 0.082 0.065 0.071 0.018 0.046 0.02 0.059 0.053 0.006 0.02 0.059
156 L 0.1 0.077 0.048 0.031 0.014 0.026 0.044 0.071 0.015 0.085 0.123 0.063 0.023 0.027 0.02 0.061 0.057 0.005 0.017 0.095
157 N 0.05 0.076 0.181 0.062 0.009 0.043 0.06 0.054 0.026 0.025 0.037 0.168 0.013 0.017 0.024 0.061 0.044 0.005 0.016 0.03
158 S 0.062 0.068 0.039 0.067 0.01 0.034 0.07 0.042 0.049 0.027 0.041 0.09 0.014 0.032 0.095 0.108 0.045 0.008 0.067 0.033
159 R 0.045 0.345 0.039 0.031 0.008 0.048 0.052 0.033 0.023 0.023 0.047 0.12 0.016 0.017 0.019 0.045 0.035 0.006 0.017 0.031
160 N 0.043 0.045 0.317 0.083 0.009 0.034 0.049 0.065 0.032 0.022 0.032 0.054 0.011 0.018 0.02 0.07 0.049 0.004 0.016 0.027
161 T 0.061 0.087 0.056 0.035 0.013 0.045 0.044 0.071 0.017 0.049 0.097 0.087 0.02 0.023 0.022 0.082 0.107 0.005 0.017 0.065
162 S 0.11 0.04 0.054 0.049 0.018 0.033 0.052 0.066 0.019 0.03 0.042 0.054 0.016 0.021 0.03 0.22 0.082 0.005 0.018 0.042
163 P 0.057 0.026 0.023 0.031 0.01 0.021 0.036 0.036 0.013 0.026 0.036 0.041 0.01 0.013 0.494 0.044 0.036 0.003 0.013 0.031
164 L 0.045 0.024 0.014 0.015 0.016 0.016 0.02 0.021 0.01 0.115 0.375 0.025 0.05 0.055 0.014 0.024 0.033 0.007 0.022 0.096
165 Q 0.056 0.074 0.044 0.047 0.009 0.215 0.103 0.041 0.029 0.026 0.047 0.091 0.021 0.015 0.024 0.056 0.041 0.006 0.021 0.035
166 I 0.047 0.018 0.015 0.018 0.016 0.013 0.018 0.021 0.009 0.271 0.168 0.024 0.037 0.044 0.015 0.025 0.04 0.006 0.021 0.177
167 P 0.057 0.026 0.023 0.031 0.01 0.021 0.036 0.036 0.013 0.026 0.036 0.041 0.01 0.013 0.494 0.044 0.036 0.003 0.013 0.031
168 Y 0.04 0.028 0.022 0.019 0.009 0.022 0.028 0.025 0.047 0.044 0.068 0.031 0.019 0.131 0.016 0.031 0.028 0.028 0.318 0.047
169 E 0.055 0.05 0.04 0.09 0.007 0.064 0.296 0.035 0.026 0.022 0.037 0.076 0.013 0.017 0.026 0.055 0.037 0.006 0.017 0.031
170 D 0.046 0.104 0.099 0.165 0.008 0.036 0.08 0.043 0.021 0.025 0.039 0.103 0.013 0.043 0.021 0.064 0.038 0.005 0.019 0.029
171 I 0.047 0.018 0.015 0.018 0.016 0.013 0.018 0.021 0.009 0.271 0.168 0.024 0.037 0.044 0.015 0.025 0.04 0.006 0.021 0.177
172 V 0.07 0.022 0.016 0.018 0.019 0.016 0.023 0.025 0.008 0.165 0.13 0.026 0.032 0.036 0.016 0.033 0.049 0.006 0.021 0.269
173 I 0.049 0.027 0.02 0.024 0.045 0.02 0.045 0.027 0.014 0.142 0.139 0.047 0.026 0.088 0.048 0.045 0.036 0.008 0.047 0.103
174 I 0.085 0.082 0.073 0.06 0.013 0.026 0.037 0.038 0.016 0.135 0.109 0.065 0.023 0.028 0.019 0.044 0.039 0.005 0.017 0.087
175 T 0.073 0.036 0.043 0.038 0.018 0.028 0.039 0.043 0.014 0.053 0.065 0.045 0.02 0.024 0.028 0.093 0.246 0.006 0.018 0.071
176 P 0.052 0.026 0.034 0.124 0.009 0.023 0.049 0.038 0.014 0.025 0.034 0.042 0.01 0.013 0.38 0.045 0.036 0.003 0.012 0.029
177 P 0.051 0.061 0.073 0.061 0.011 0.028 0.043 0.038 0.04 0.054 0.092 0.079 0.018 0.022 0.147 0.059 0.054 0.005 0.018 0.047
178 L 0.084 0.024 0.02 0.023 0.014 0.019 0.044 0.031 0.014 0.121 0.158 0.029 0.028 0.114 0.016 0.049 0.037 0.009 0.052 0.112
179 K 0.059 0.082 0.038 0.072 0.011 0.054 0.054 0.04 0.021 0.044 0.058 0.104 0.018 0.069 0.021 0.084 0.044 0.008 0.057 0.063
180 L 0.072 0.052 0.051 0.032 0.012 0.032 0.043 0.038 0.042 0.055 0.127 0.127 0.034 0.033 0.021 0.065 0.048 0.007 0.042 0.067
181 L 0.045 0.024 0.021 0.02 0.013 0.018 0.024 0.027 0.018 0.076 0.162 0.028 0.026 0.104 0.015 0.038 0.088 0.076 0.097 0.08
182 I 0.045 0.043 0.017 0.017 0.013 0.017 0.022 0.023 0.015 0.157 0.136 0.029 0.04 0.099 0.014 0.027 0.034 0.042 0.073 0.138
183 L 0.063 0.049 0.047 0.026 0.012 0.021 0.03 0.065 0.065 0.07 0.145 0.035 0.024 0.124 0.016 0.05 0.033 0.009 0.058 0.058
184 I 0.048 0.02 0.018 0.018 0.013 0.015 0.02 0.088 0.013 0.144 0.142 0.024 0.027 0.092 0.014 0.03 0.041 0.057 0.052 0.124
185 L 0.049 0.023 0.018 0.018 0.015 0.016 0.022 0.025 0.011 0.112 0.28 0.026 0.037 0.092 0.015 0.043 0.052 0.007 0.028 0.114
186 G 0.096 0.03 0.058 0.036 0.015 0.024 0.035 0.172 0.014 0.04 0.049 0.04 0.015 0.02 0.023 0.09 0.163 0.005 0.015 0.058
187 I 0.053 0.019 0.017 0.018 0.015 0.015 0.019 0.086 0.009 0.208 0.165 0.024 0.037 0.037 0.015 0.028 0.037 0.006 0.018 0.174
188 L 0.066 0.02 0.015 0.016 0.016 0.015 0.02 0.024 0.009 0.18 0.23 0.024 0.036 0.053 0.015 0.028 0.037 0.006 0.022 0.168
189 L 0.045 0.024 0.014 0.015 0.016 0.016 0.02 0.021 0.01 0.115 0.375 0.025 0.05 0.055 0.014 0.024 0.033 0.007 0.022 0.096
190 C 0.065 0.016 0.016 0.016 0.484 0.012 0.016 0.032 0.008 0.045 0.065 0.02 0.016 0.02 0.016 0.041 0.037 0.004 0.012 0.057
191 S 0.089 0.026 0.029 0.028 0.047 0.021 0.031 0.104 0.013 0.081 0.099 0.034 0.033 0.052 0.02 0.111 0.049 0.006 0.021 0.107
192 L 0.107 0.027 0.024 0.024 0.016 0.021 0.029 0.037 0.012 0.102 0.176 0.034 0.052 0.034 0.02 0.055 0.119 0.006 0.019 0.086
193 L 0.087 0.023 0.02 0.02 0.015 0.017 0.023 0.094 0.011 0.105 0.196 0.028 0.041 0.073 0.016 0.039 0.051 0.007 0.024 0.108
194 L 0.061 0.022 0.016 0.017 0.013 0.016 0.022 0.025 0.018 0.11 0.167 0.025 0.04 0.153 0.014 0.029 0.032 0.012 0.1 0.108
195 L 0.066 0.023 0.015 0.016 0.016 0.017 0.021 0.025 0.01 0.123 0.256 0.026 0.06 0.067 0.015 0.03 0.036 0.007 0.024 0.147
196 L 0.064 0.02 0.015 0.017 0.015 0.014 0.02 0.024 0.01 0.186 0.203 0.023 0.034 0.089 0.014 0.028 0.036 0.007 0.027 0.154
197 F 0.062 0.023 0.041 0.047 0.013 0.017 0.027 0.029 0.019 0.098 0.113 0.027 0.024 0.148 0.015 0.034 0.034 0.012 0.099 0.119
198 L 0.048 0.039 0.027 0.05 0.012 0.024 0.036 0.03 0.019 0.061 0.112 0.086 0.022 0.094 0.05 0.041 0.066 0.01 0.09 0.083
199 Y 0.037 0.029 0.127 0.036 0.009 0.021 0.03 0.035 0.032 0.039 0.064 0.033 0.017 0.166 0.015 0.039 0.032 0.017 0.185 0.04
200 G 0.078 0.023 0.039 0.034 0.011 0.019 0.026 0.51 0.014 0.019 0.028 0.034 0.009 0.016 0.019 0.051 0.03 0.005 0.011 0.024
201 G 0.055 0.095 0.033 0.029 0.01 0.026 0.034 0.162 0.064 0.03 0.065 0.048 0.015 0.051 0.049 0.067 0.034 0.071 0.029 0.033
202 G 0.076 0.03 0.063 0.067 0.012 0.026 0.057 0.3 0.016 0.021 0.031 0.042 0.011 0.016 0.021 0.12 0.045 0.005 0.013 0.028
203 H 0.055 0.09 0.076 0.041 0.009 0.051 0.053 0.043 0.187 0.023 0.037 0.074 0.014 0.022 0.021 0.095 0.041 0.006 0.032 0.028
204 L 0.046 0.027 0.017 0.017 0.015 0.022 0.023 0.024 0.013 0.099 0.272 0.03 0.154 0.047 0.014 0.029 0.035 0.007 0.022 0.087
205 R 0.043 0.329 0.057 0.036 0.007 0.045 0.068 0.033 0.022 0.022 0.042 0.119 0.014 0.016 0.019 0.044 0.034 0.005 0.016 0.029
206 L 0.038 0.021 0.014 0.015 0.013 0.013 0.018 0.021 0.011 0.092 0.321 0.022 0.039 0.169 0.012 0.023 0.029 0.009 0.04 0.078
207 V 0.065 0.02 0.015 0.017 0.018 0.015 0.022 0.023 0.008 0.153 0.121 0.024 0.029 0.033 0.015 0.031 0.046 0.005 0.019 0.32
208 S 0.099 0.055 0.045 0.04 0.014 0.028 0.042 0.181 0.017 0.025 0.037 0.049 0.013 0.018 0.025 0.197 0.06 0.005 0.015 0.035
209 F 0.032 0.018 0.016 0.016 0.01 0.01 0.018 0.023 0.015 0.062 0.126 0.018 0.025 0.406 0.01 0.024 0.024 0.015 0.079 0.054
210 A 0.152 0.036 0.055 0.048 0.014 0.035 0.116 0.053 0.022 0.031 0.045 0.05 0.015 0.031 0.025 0.114 0.048 0.008 0.06 0.044
211 D 0.04 0.033 0.061 0.392 0.007 0.031 0.1 0.042 0.018 0.021 0.027 0.061 0.009 0.014 0.021 0.049 0.033 0.004 0.011 0.024
212 V 0.061 0.02 0.015 0.016 0.017 0.015 0.021 0.022 0.008 0.171 0.144 0.024 0.031 0.035 0.015 0.029 0.044 0.005 0.019 0.286
213 Y 0.038 0.026 0.02 0.017 0.009 0.02 0.026 0.023 0.043 0.041 0.064 0.029 0.017 0.122 0.015 0.029 0.026 0.026 0.365 0.043
214 D 0.065 0.034 0.063 0.278 0.008 0.037 0.152 0.044 0.019 0.022 0.031 0.05 0.01 0.015 0.023 0.066 0.037 0.004 0.013 0.028
215 L 0.042 0.025 0.015 0.016 0.015 0.031 0.024 0.021 0.011 0.102 0.396 0.027 0.044 0.049 0.014 0.024 0.032 0.007 0.021 0.086
216 R 0.041 0.391 0.036 0.029 0.007 0.045 0.049 0.031 0.022 0.022 0.043 0.112 0.014 0.016 0.018 0.041 0.032 0.005 0.016 0.029
217 F 0.055 0.027 0.027 0.032 0.012 0.023 0.067 0.034 0.017 0.054 0.086 0.034 0.032 0.227 0.017 0.091 0.04 0.01 0.05 0.064
218 E 0.087 0.037 0.045 0.183 0.01 0.041 0.188 0.043 0.02 0.025 0.036 0.055 0.012 0.016 0.024 0.07 0.055 0.005 0.014 0.034
219 N 0.138 0.036 0.159 0.05 0.014 0.028 0.042 0.06 0.02 0.033 0.045 0.046 0.014 0.019 0.024 0.1 0.105 0.005 0.016 0.047
220 A 0.106 0.085 0.081 0.091 0.011 0.075 0.058 0.049 0.046 0.027 0.042 0.06 0.015 0.024 0.022 0.082 0.043 0.006 0.04 0.037
221 E 0.057 0.042 0.046 0.159 0.008 0.05 0.188 0.088 0.02 0.022 0.033 0.074 0.012 0.015 0.023 0.078 0.039 0.005 0.014 0.028
222 L 0.134 0.049 0.044 0.027 0.016 0.022 0.031 0.042 0.013 0.09 0.16 0.039 0.026 0.031 0.02 0.063 0.059 0.005 0.018 0.111
223 G 0.104 0.047 0.037 0.038 0.013 0.048 0.066 0.113 0.016 0.04 0.05 0.102 0.016 0.019 0.024 0.089 0.095 0.005 0.016 0.061
224 G 0.062 0.108 0.057 0.035 0.011 0.045 0.042 0.14 0.017 0.054 0.095 0.074 0.019 0.023 0.02 0.088 0.042 0.005 0.016 0.047
225 S 0.109 0.04 0.054 0.049 0.017 0.033 0.052 0.066 0.019 0.03 0.042 0.054 0.016 0.021 0.03 0.224 0.082 0.005 0.017 0.042
226 G 0.068 0.116 0.115 0.048 0.011 0.033 0.044 0.17 0.021 0.023 0.036 0.064 0.013 0.018 0.022 0.099 0.048 0.005 0.015 0.031
227 G 0.077 0.028 0.058 0.085 0.012 0.023 0.04 0.139 0.04 0.032 0.049 0.037 0.014 0.095 0.052 0.09 0.056 0.007 0.029 0.037
228 G 0.068 0.023 0.026 0.026 0.013 0.018 0.026 0.16 0.012 0.078 0.09 0.031 0.019 0.074 0.113 0.055 0.052 0.006 0.023 0.087
229 L 0.043 0.02 0.015 0.016 0.014 0.014 0.018 0.053 0.01 0.141 0.269 0.023 0.036 0.117 0.013 0.025 0.031 0.008 0.031 0.102
230 V 0.079 0.027 0.027 0.029 0.015 0.022 0.049 0.036 0.013 0.117 0.097 0.035 0.035 0.079 0.019 0.086 0.078 0.007 0.026 0.124
231 G 0.118 0.03 0.058 0.064 0.012 0.039 0.058 0.301 0.016 0.023 0.034 0.042 0.011 0.016 0.021 0.069 0.037 0.005 0.013 0.033
232 Y 0.038 0.026 0.02 0.017 0.009 0.02 0.026 0.023 0.043 0.041 0.064 0.029 0.017 0.122 0.015 0.029 0.026 0.026 0.365 0.043
233 L 0.04 0.021 0.015 0.016 0.013 0.014 0.019 0.022 0.012 0.131 0.243 0.023 0.058 0.167 0.012 0.024 0.031 0.009 0.04 0.091
234 L 0.063 0.034 0.029 0.028 0.015 0.038 0.035 0.034 0.013 0.117 0.147 0.055 0.027 0.031 0.02 0.086 0.094 0.005 0.018 0.111
235 L 0.062 0.029 0.027 0.025 0.015 0.023 0.03 0.035 0.014 0.075 0.207 0.035 0.089 0.063 0.018 0.105 0.047 0.007 0.024 0.07
236 W 0.028 0.021 0.014 0.014 0.007 0.014 0.021 0.028 0.014 0.028 0.049 0.021 0.014 0.056 0.007 0.021 0.021 0.528 0.063 0.028
237 L 0.102 0.025 0.018 0.019 0.016 0.019 0.025 0.033 0.011 0.115 0.265 0.03 0.059 0.041 0.017 0.05 0.038 0.006 0.02 0.09
238 S 0.119 0.034 0.041 0.038 0.016 0.027 0.042 0.055 0.016 0.039 0.072 0.044 0.018 0.047 0.025 0.195 0.094 0.006 0.021 0.049
239 Y 0.049 0.052 0.092 0.059 0.01 0.024 0.036 0.068 0.028 0.057 0.059 0.041 0.016 0.059 0.018 0.058 0.053 0.013 0.146 0.062
240 C 0.089 0.021 0.019 0.019 0.173 0.015 0.022 0.034 0.011 0.067 0.115 0.025 0.028 0.127 0.016 0.052 0.037 0.008 0.032 0.091
241 F 0.04 0.02 0.018 0.018 0.012 0.013 0.021 0.026 0.015 0.069 0.143 0.022 0.032 0.31 0.012 0.04 0.03 0.013 0.074 0.073
242 L 0.07 0.045 0.02 0.02 0.015 0.018 0.024 0.06 0.013 0.164 0.165 0.032 0.029 0.041 0.016 0.046 0.039 0.007 0.04 0.136
243 P 0.055 0.025 0.023 0.029 0.01 0.02 0.034 0.035 0.012 0.029 0.058 0.038 0.012 0.015 0.465 0.054 0.036 0.003 0.013 0.033
244 L 0.041 0.022 0.016 0.016 0.012 0.016 0.021 0.022 0.021 0.095 0.198 0.024 0.036 0.142 0.013 0.026 0.03 0.014 0.14 0.094
245 Y 0.04 0.023 0.019 0.018 0.042 0.017 0.023 0.024 0.028 0.054 0.118 0.026 0.022 0.177 0.014 0.031 0.044 0.018 0.208 0.053
246 F 0.096 0.021 0.017 0.018 0.014 0.015 0.022 0.032 0.013 0.105 0.167 0.025 0.04 0.184 0.015 0.035 0.033 0.01 0.043 0.094
247 A 0.23 0.029 0.028 0.029 0.019 0.023 0.036 0.059 0.013 0.066 0.066 0.04 0.019 0.023 0.026 0.086 0.103 0.005 0.017 0.085
248 I 0.045 0.072 0.02 0.019 0.012 0.021 0.027 0.023 0.019 0.161 0.124 0.055 0.026 0.056 0.015 0.03 0.034 0.011 0.105 0.124
249 G 0.09 0.022 0.036 0.031 0.011 0.018 0.025 0.515 0.013 0.019 0.028 0.032 0.009 0.015 0.018 0.05 0.029 0.005 0.01 0.025
250 L 0.049 0.021 0.017 0.018 0.046 0.015 0.021 0.024 0.01 0.151 0.216 0.025 0.045 0.089 0.014 0.041 0.037 0.007 0.027 0.127
251 L 0.047 0.024 0.017 0.018 0.014 0.031 0.024 0.023 0.013 0.148 0.197 0.027 0.044 0.094 0.014 0.028 0.035 0.008 0.049 0.145
252 G 0.091 0.071 0.054 0.034 0.011 0.046 0.045 0.138 0.023 0.028 0.044 0.117 0.014 0.036 0.021 0.064 0.037 0.009 0.081 0.036
253 K 0.054 0.15 0.039 0.037 0.008 0.048 0.062 0.04 0.02 0.025 0.041 0.27 0.014 0.015 0.024 0.062 0.039 0.005 0.016 0.031
254 K 0.053 0.096 0.143 0.051 0.009 0.054 0.057 0.048 0.047 0.024 0.037 0.153 0.013 0.017 0.022 0.081 0.044 0.005 0.018 0.029
255 K 0.043 0.102 0.028 0.027 0.009 0.034 0.044 0.032 0.019 0.037 0.092 0.168 0.018 0.036 0.018 0.037 0.031 0.137 0.05 0.038
256 L 0.069 0.057 0.025 0.028 0.012 0.026 0.051 0.064 0.014 0.101 0.142 0.074 0.036 0.032 0.05 0.052 0.037 0.038 0.02 0.072
257 F 0.06 0.03 0.048 0.078 0.01 0.022 0.038 0.034 0.023 0.04 0.072 0.051 0.023 0.121 0.113 0.039 0.032 0.012 0.115 0.042
258 L 0.045 0.023 0.016 0.017 0.014 0.03 0.023 0.022 0.011 0.17 0.228 0.026 0.035 0.09 0.014 0.026 0.035 0.007 0.028 0.141
259 L 0.099 0.022 0.019 0.019 0.045 0.016 0.023 0.098 0.014 0.073 0.155 0.027 0.025 0.09 0.016 0.038 0.032 0.073 0.052 0.063
260 I 0.065 0.02 0.016 0.017 0.015 0.015 0.021 0.025 0.011 0.168 0.164 0.024 0.043 0.112 0.015 0.031 0.045 0.008 0.031 0.154
261 G 0.145 0.026 0.036 0.033 0.014 0.022 0.032 0.336 0.014 0.025 0.036 0.037 0.012 0.017 0.022 0.098 0.041 0.005 0.013 0.036
262 I 0.05 0.02 0.016 0.017 0.047 0.014 0.019 0.023 0.009 0.179 0.17 0.023 0.031 0.087 0.014 0.03 0.053 0.007 0.027 0.164
263 L 0.08 0.023 0.022 0.022 0.015 0.017 0.025 0.064 0.012 0.112 0.174 0.028 0.029 0.109 0.017 0.064 0.047 0.007 0.03 0.102
264 L 0.109 0.024 0.023 0.023 0.047 0.019 0.026 0.132 0.012 0.094 0.169 0.031 0.05 0.032 0.018 0.056 0.038 0.006 0.017 0.076
265 S 0.147 0.034 0.059 0.039 0.047 0.028 0.042 0.058 0.042 0.032 0.045 0.044 0.015 0.026 0.025 0.168 0.058 0.006 0.04 0.044
266 L 0.046 0.02 0.014 0.016 0.015 0.015 0.019 0.02 0.009 0.206 0.252 0.024 0.05 0.044 0.014 0.025 0.036 0.006 0.02 0.151
267 L 0.051 0.021 0.014 0.015 0.016 0.015 0.02 0.021 0.009 0.151 0.275 0.024 0.038 0.043 0.014 0.026 0.037 0.006 0.02 0.185
268 I 0.049 0.019 0.014 0.016 0.016 0.014 0.019 0.02 0.008 0.221 0.212 0.023 0.036 0.041 0.014 0.025 0.038 0.006 0.02 0.189
269 Y 0.037 0.025 0.02 0.017 0.009 0.019 0.025 0.023 0.04 0.043 0.069 0.028 0.018 0.16 0.014 0.028 0.026 0.025 0.33 0.044
270 L 0.047 0.028 0.018 0.018 0.015 0.024 0.025 0.025 0.014 0.109 0.211 0.032 0.186 0.045 0.015 0.032 0.037 0.007 0.022 0.091
271 A 0.219 0.028 0.027 0.028 0.018 0.023 0.034 0.088 0.013 0.078 0.074 0.039 0.031 0.024 0.024 0.08 0.077 0.005 0.017 0.074
272 T 0.06 0.037 0.119 0.045 0.014 0.042 0.042 0.045 0.018 0.054 0.063 0.046 0.03 0.022 0.022 0.084 0.173 0.005 0.017 0.064
273 G 0.123 0.023 0.034 0.031 0.012 0.019 0.026 0.456 0.013 0.022 0.032 0.033 0.01 0.016 0.019 0.054 0.031 0.005 0.011 0.03
274 A 0.18 0.034 0.036 0.035 0.017 0.041 0.043 0.091 0.016 0.038 0.07 0.046 0.017 0.021 0.026 0.146 0.071 0.005 0.016 0.052
275 K 0.053 0.1 0.039 0.039 0.008 0.05 0.066 0.04 0.019 0.026 0.04 0.328 0.014 0.014 0.026 0.05 0.037 0.005 0.016 0.031
276 A 0.164 0.032 0.037 0.035 0.017 0.026 0.04 0.089 0.015 0.04 0.071 0.043 0.017 0.022 0.026 0.148 0.103 0.005 0.016 0.054
277 A 0.172 0.031 0.054 0.035 0.017 0.025 0.037 0.087 0.014 0.046 0.056 0.042 0.017 0.021 0.025 0.1 0.128 0.005 0.016 0.072
278 L 0.042 0.02 0.014 0.015 0.015 0.014 0.018 0.02 0.009 0.198 0.285 0.022 0.04 0.07 0.013 0.023 0.033 0.007 0.024 0.12
279 L 0.048 0.023 0.018 0.018 0.014 0.016 0.021 0.056 0.011 0.093 0.298 0.026 0.049 0.093 0.014 0.041 0.034 0.007 0.028 0.092
280 L 0.066 0.026 0.019 0.019 0.015 0.021 0.025 0.029 0.013 0.099 0.214 0.03 0.114 0.091 0.015 0.047 0.037 0.008 0.029 0.083
281 P 0.053 0.024 0.022 0.027 0.01 0.019 0.031 0.064 0.012 0.034 0.081 0.036 0.014 0.017 0.432 0.039 0.033 0.003 0.013 0.036
282 L 0.045 0.02 0.016 0.018 0.014 0.014 0.02 0.038 0.01 0.151 0.227 0.025 0.033 0.088 0.078 0.026 0.033 0.007 0.027 0.11
283 V 0.086 0.024 0.019 0.02 0.015 0.031 0.027 0.03 0.012 0.146 0.129 0.029 0.028 0.107 0.016 0.038 0.054 0.007 0.031 0.15
284 I 0.107 0.024 0.019 0.024 0.016 0.02 0.044 0.033 0.011 0.163 0.133 0.031 0.04 0.033 0.018 0.042 0.057 0.005 0.019 0.16
285 F 0.038 0.022 0.018 0.017 0.042 0.016 0.022 0.023 0.026 0.071 0.112 0.024 0.035 0.197 0.013 0.027 0.028 0.018 0.19 0.06
286 G 0.094 0.024 0.029 0.027 0.014 0.019 0.027 0.26 0.012 0.069 0.102 0.032 0.019 0.037 0.018 0.071 0.039 0.006 0.017 0.084
287 L 0.047 0.021 0.015 0.016 0.046 0.015 0.019 0.022 0.01 0.131 0.247 0.023 0.053 0.091 0.014 0.026 0.034 0.007 0.028 0.135
288 Y 0.071 0.025 0.025 0.023 0.043 0.019 0.027 0.127 0.046 0.064 0.087 0.03 0.019 0.081 0.017 0.051 0.033 0.012 0.131 0.068
289 Y 0.066 0.071 0.025 0.025 0.011 0.041 0.038 0.033 0.021 0.054 0.082 0.078 0.032 0.072 0.017 0.052 0.036 0.075 0.093 0.078
290 L 0.075 0.021 0.015 0.017 0.079 0.015 0.02 0.027 0.011 0.141 0.223 0.025 0.033 0.044 0.015 0.031 0.036 0.007 0.04 0.125
291 L 0.041 0.023 0.015 0.015 0.013 0.016 0.021 0.022 0.017 0.102 0.26 0.025 0.046 0.086 0.013 0.025 0.031 0.043 0.092 0.093
292 K 0.075 0.115 0.038 0.083 0.011 0.034 0.05 0.119 0.017 0.04 0.048 0.132 0.015 0.018 0.021 0.061 0.038 0.005 0.015 0.067
293 K 0.052 0.093 0.058 0.072 0.009 0.034 0.049 0.054 0.047 0.045 0.049 0.12 0.015 0.038 0.02 0.071 0.038 0.009 0.083 0.04
294 G 0.059 0.071 0.053 0.036 0.011 0.028 0.054 0.194 0.015 0.086 0.062 0.088 0.017 0.021 0.019 0.057 0.037 0.005 0.015 0.071
295 R 0.055 0.185 0.036 0.032 0.009 0.039 0.048 0.133 0.018 0.036 0.048 0.147 0.015 0.018 0.021 0.046 0.035 0.005 0.016 0.056
296 L 0.046 0.026 0.019 0.019 0.014 0.021 0.024 0.024 0.024 0.14 0.143 0.03 0.074 0.074 0.015 0.031 0.036 0.014 0.122 0.104
297 N 0.05 0.076 0.18 0.062 0.009 0.043 0.06 0.054 0.026 0.025 0.037 0.167 0.013 0.017 0.024 0.061 0.044 0.005 0.016 0.03
298 R 0.045 0.345 0.039 0.031 0.008 0.048 0.052 0.033 0.023 0.023 0.047 0.12 0.016 0.017 0.019 0.045 0.035 0.006 0.017 0.031
299 Y 0.04 0.028 0.022 0.019 0.009 0.022 0.028 0.025 0.047 0.044 0.068 0.031 0.019 0.131 0.016 0.031 0.028 0.028 0.318 0.047
300 D 0.054 0.058 0.12 0.184 0.009 0.03 0.057 0.142 0.02 0.021 0.03 0.065 0.011 0.016 0.021 0.08 0.04 0.004 0.013 0.026
301 F 0.056 0.025 0.018 0.019 0.012 0.016 0.024 0.027 0.016 0.078 0.154 0.042 0.026 0.237 0.046 0.03 0.029 0.012 0.072 0.063
302 L 0.049 0.067 0.047 0.029 0.011 0.028 0.037 0.064 0.016 0.059 0.174 0.109 0.038 0.08 0.018 0.051 0.036 0.007 0.026 0.055
303 L 0.071 0.032 0.025 0.024 0.013 0.036 0.033 0.064 0.019 0.092 0.178 0.052 0.027 0.05 0.018 0.064 0.038 0.01 0.083 0.071
304 L 0.055 0.117 0.048 0.028 0.013 0.026 0.033 0.064 0.015 0.065 0.167 0.052 0.025 0.029 0.049 0.065 0.04 0.005 0.017 0.085
305 L 0.042 0.021 0.017 0.017 0.013 0.014 0.02 0.024 0.013 0.096 0.233 0.023 0.033 0.213 0.013 0.039 0.031 0.01 0.047 0.081
306 L 0.072 0.028 0.025 0.026 0.013 0.035 0.032 0.082 0.015 0.069 0.148 0.036 0.024 0.059 0.114 0.062 0.053 0.007 0.042 0.06
307 L 0.067 0.023 0.019 0.019 0.015 0.017 0.023 0.028 0.012 0.13 0.227 0.027 0.045 0.08 0.016 0.047 0.053 0.008 0.036 0.106
308 L 0.086 0.02 0.017 0.018 0.047 0.015 0.021 0.061 0.01 0.165 0.167 0.025 0.029 0.037 0.016 0.034 0.037 0.038 0.021 0.138
309 L 0.055 0.023 0.02 0.019 0.015 0.018 0.023 0.089 0.011 0.128 0.189 0.028 0.072 0.038 0.016 0.034 0.053 0.006 0.019 0.146
310 F 0.073 0.022 0.017 0.018 0.014 0.015 0.022 0.03 0.014 0.099 0.156 0.025 0.049 0.225 0.014 0.033 0.032 0.011 0.053 0.079
311 G 0.099 0.025 0.029 0.027 0.078 0.019 0.028 0.136 0.013 0.063 0.086 0.032 0.019 0.074 0.02 0.084 0.073 0.006 0.023 0.065
312 L 0.127 0.025 0.022 0.023 0.016 0.019 0.028 0.04 0.012 0.096 0.154 0.031 0.039 0.082 0.019 0.071 0.043 0.007 0.027 0.12
313 L 0.141 0.024 0.02 0.021 0.016 0.018 0.026 0.071 0.011 0.107 0.169 0.03 0.028 0.057 0.019 0.047 0.055 0.006 0.022 0.112
314 L 0.052 0.02 0.017 0.018 0.046 0.016 0.02 0.087 0.01 0.171 0.181 0.025 0.054 0.038 0.015 0.03 0.036 0.006 0.018 0.14
315 L 0.084 0.022 0.019 0.019 0.014 0.016 0.023 0.062 0.012 0.096 0.163 0.026 0.028 0.122 0.015 0.037 0.05 0.04 0.035 0.116
316 V 0.064 0.029 0.026 0.025 0.017 0.024 0.03 0.032 0.013 0.105 0.129 0.035 0.075 0.035 0.02 0.053 0.115 0.006 0.021 0.147
317 F 0.074 0.024 0.021 0.022 0.015 0.018 0.026 0.032 0.013 0.107 0.135 0.029 0.053 0.146 0.016 0.065 0.041 0.009 0.038 0.118
318 L 0.044 0.022 0.016 0.017 0.014 0.015 0.02 0.023 0.011 0.109 0.237 0.024 0.034 0.127 0.013 0.029 0.05 0.045 0.037 0.113
319 F 0.079 0.022 0.019 0.019 0.013 0.016 0.023 0.03 0.018 0.092 0.134 0.026 0.026 0.174 0.015 0.036 0.048 0.013 0.104 0.093
320 L 0.084 0.039 0.033 0.078 0.014 0.03 0.073 0.039 0.015 0.059 0.164 0.07 0.026 0.03 0.022 0.063 0.078 0.006 0.018 0.061
