#Seq2Logo.py -f /work3/idamei/ssn-clusterings/2206011120/clusters/0009_1/sequences.afa -m 0.0001 -b 50 -o /work3/idamei/ssn-clusterings/2206011120/clusters/0009_1/sequences.logo -p 640x1000 -l 30
#Position Specific Frequency Matrix
A R N D C Q E G H I L K M F P S T W Y V
0 M 0.046 0.028 0.018 0.018 0.014 0.025 0.025 0.025 0.014 0.088 0.173 0.032 0.264 0.042 0.014 0.032 0.035 0.007 0.021 0.081
1 R 0.041 0.37 0.035 0.029 0.007 0.044 0.049 0.031 0.02 0.021 0.041 0.143 0.014 0.015 0.018 0.041 0.032 0.005 0.016 0.028
2 L 0.053 0.033 0.051 0.027 0.014 0.023 0.031 0.033 0.013 0.071 0.233 0.056 0.061 0.035 0.018 0.077 0.081 0.006 0.018 0.067
3 L 0.042 0.02 0.015 0.016 0.013 0.014 0.02 0.022 0.011 0.085 0.24 0.023 0.031 0.156 0.088 0.026 0.03 0.008 0.035 0.104
4 F 0.042 0.023 0.022 0.02 0.01 0.017 0.025 0.028 0.027 0.045 0.075 0.026 0.019 0.247 0.014 0.065 0.031 0.018 0.204 0.044
5 L 0.04 0.021 0.013 0.014 0.014 0.014 0.018 0.019 0.009 0.138 0.401 0.022 0.043 0.047 0.013 0.022 0.031 0.006 0.02 0.096
6 N 0.038 0.04 0.39 0.074 0.008 0.03 0.044 0.058 0.028 0.02 0.028 0.048 0.01 0.016 0.018 0.062 0.044 0.004 0.014 0.024
7 P 0.057 0.025 0.025 0.03 0.01 0.02 0.034 0.036 0.012 0.024 0.033 0.039 0.01 0.013 0.473 0.077 0.038 0.003 0.012 0.029
8 F 0.032 0.018 0.015 0.015 0.01 0.01 0.017 0.022 0.014 0.063 0.151 0.018 0.026 0.395 0.01 0.023 0.024 0.014 0.071 0.054
9 Y 0.035 0.024 0.019 0.016 0.008 0.019 0.024 0.023 0.038 0.037 0.059 0.027 0.016 0.108 0.013 0.027 0.024 0.1 0.344 0.04
10 L 0.044 0.024 0.016 0.017 0.014 0.02 0.021 0.022 0.012 0.166 0.206 0.028 0.159 0.043 0.014 0.028 0.035 0.006 0.02 0.104
11 F 0.034 0.017 0.015 0.015 0.085 0.01 0.017 0.024 0.014 0.054 0.096 0.017 0.022 0.391 0.01 0.025 0.024 0.013 0.07 0.049
12 A 0.162 0.029 0.034 0.033 0.016 0.024 0.036 0.128 0.014 0.04 0.098 0.04 0.018 0.023 0.023 0.161 0.052 0.005 0.015 0.049
13 L 0.055 0.024 0.024 0.023 0.013 0.018 0.026 0.031 0.017 0.136 0.14 0.029 0.025 0.105 0.016 0.103 0.042 0.009 0.08 0.081
14 A 0.246 0.029 0.029 0.03 0.018 0.024 0.037 0.06 0.013 0.051 0.058 0.04 0.017 0.021 0.025 0.134 0.053 0.005 0.016 0.095
15 F 0.03 0.017 0.015 0.015 0.009 0.009 0.017 0.023 0.015 0.057 0.102 0.017 0.023 0.453 0.009 0.023 0.023 0.015 0.079 0.049
16 L 0.053 0.022 0.021 0.021 0.014 0.016 0.022 0.102 0.01 0.15 0.241 0.027 0.032 0.037 0.015 0.066 0.037 0.006 0.017 0.09
17 F 0.102 0.024 0.026 0.025 0.014 0.018 0.029 0.04 0.014 0.058 0.079 0.03 0.02 0.207 0.018 0.111 0.043 0.009 0.043 0.09
18 A 0.238 0.024 0.025 0.026 0.016 0.02 0.03 0.204 0.012 0.048 0.054 0.035 0.015 0.02 0.022 0.061 0.039 0.005 0.014 0.091
19 I 0.089 0.02 0.015 0.017 0.015 0.016 0.02 0.027 0.01 0.233 0.182 0.026 0.063 0.038 0.015 0.031 0.036 0.006 0.019 0.123
20 F 0.052 0.02 0.021 0.02 0.013 0.015 0.021 0.101 0.011 0.117 0.096 0.025 0.023 0.149 0.015 0.036 0.075 0.008 0.034 0.148
21 L 0.04 0.022 0.013 0.014 0.014 0.015 0.019 0.019 0.009 0.102 0.423 0.023 0.059 0.048 0.013 0.022 0.03 0.006 0.02 0.086
22 F 0.034 0.022 0.018 0.016 0.009 0.015 0.022 0.022 0.03 0.047 0.079 0.023 0.019 0.261 0.012 0.026 0.024 0.021 0.257 0.045
23 Q 0.077 0.05 0.037 0.035 0.01 0.107 0.057 0.078 0.081 0.027 0.042 0.096 0.015 0.031 0.021 0.082 0.038 0.008 0.075 0.033
24 L 0.041 0.023 0.013 0.014 0.014 0.016 0.019 0.02 0.01 0.101 0.404 0.024 0.074 0.048 0.013 0.023 0.031 0.006 0.02 0.085
25 K 0.056 0.063 0.088 0.042 0.009 0.073 0.055 0.155 0.019 0.022 0.035 0.181 0.013 0.015 0.022 0.068 0.038 0.005 0.014 0.028
26 L 0.04 0.021 0.013 0.014 0.014 0.014 0.018 0.019 0.009 0.138 0.401 0.022 0.043 0.047 0.013 0.022 0.031 0.006 0.02 0.096
27 S 0.098 0.036 0.048 0.044 0.016 0.03 0.047 0.059 0.017 0.027 0.037 0.048 0.014 0.019 0.027 0.303 0.073 0.005 0.016 0.037
28 D 0.057 0.029 0.048 0.224 0.009 0.029 0.101 0.191 0.016 0.02 0.028 0.042 0.01 0.015 0.02 0.083 0.036 0.004 0.011 0.025
29 L 0.04 0.022 0.013 0.014 0.014 0.014 0.018 0.019 0.009 0.103 0.442 0.023 0.044 0.049 0.013 0.022 0.03 0.006 0.02 0.086
30 Y 0.035 0.024 0.019 0.016 0.008 0.018 0.024 0.022 0.038 0.041 0.067 0.026 0.018 0.165 0.013 0.027 0.025 0.024 0.346 0.043
31 L 0.065 0.036 0.027 0.026 0.015 0.024 0.033 0.034 0.012 0.083 0.176 0.078 0.027 0.03 0.019 0.108 0.047 0.005 0.018 0.139
32 N 0.049 0.042 0.183 0.047 0.011 0.028 0.04 0.044 0.02 0.045 0.149 0.085 0.021 0.025 0.019 0.083 0.043 0.005 0.016 0.044
33 L 0.057 0.025 0.032 0.088 0.013 0.02 0.035 0.109 0.013 0.06 0.115 0.032 0.02 0.086 0.018 0.079 0.079 0.006 0.024 0.089
34 D 0.047 0.029 0.148 0.228 0.008 0.025 0.054 0.195 0.019 0.019 0.026 0.039 0.009 0.014 0.019 0.051 0.034 0.004 0.011 0.022
35 G 0.061 0.033 0.033 0.031 0.012 0.065 0.04 0.122 0.02 0.082 0.063 0.042 0.018 0.038 0.02 0.087 0.086 0.009 0.077 0.06
36 G 0.138 0.035 0.038 0.049 0.014 0.034 0.109 0.175 0.018 0.027 0.04 0.05 0.013 0.018 0.025 0.109 0.048 0.005 0.015 0.04
37 A 0.194 0.025 0.025 0.025 0.017 0.02 0.03 0.122 0.011 0.068 0.068 0.034 0.018 0.022 0.022 0.059 0.082 0.005 0.016 0.138
38 I 0.098 0.023 0.022 0.022 0.016 0.018 0.025 0.032 0.01 0.155 0.147 0.03 0.027 0.032 0.018 0.048 0.121 0.005 0.017 0.134
39 E 0.059 0.05 0.04 0.052 0.01 0.152 0.157 0.039 0.022 0.026 0.041 0.067 0.016 0.016 0.023 0.091 0.082 0.005 0.017 0.036
40 I 0.049 0.022 0.019 0.02 0.014 0.016 0.022 0.026 0.011 0.189 0.172 0.026 0.061 0.097 0.015 0.064 0.038 0.007 0.027 0.104
41 L 0.106 0.026 0.027 0.026 0.016 0.02 0.03 0.038 0.011 0.108 0.131 0.034 0.024 0.029 0.02 0.088 0.126 0.005 0.017 0.117
42 V 0.05 0.018 0.014 0.016 0.016 0.013 0.018 0.02 0.008 0.227 0.177 0.022 0.032 0.038 0.014 0.025 0.038 0.005 0.019 0.229
43 L 0.04 0.019 0.013 0.014 0.014 0.013 0.018 0.02 0.01 0.13 0.306 0.021 0.036 0.122 0.012 0.023 0.03 0.008 0.03 0.121
44 L 0.091 0.025 0.068 0.027 0.014 0.019 0.027 0.036 0.014 0.104 0.138 0.031 0.054 0.084 0.017 0.072 0.041 0.006 0.025 0.106
45 L 0.044 0.021 0.014 0.016 0.015 0.016 0.019 0.02 0.01 0.201 0.226 0.024 0.092 0.041 0.013 0.025 0.035 0.006 0.019 0.144
46 V 0.055 0.021 0.018 0.018 0.015 0.016 0.022 0.025 0.009 0.173 0.197 0.025 0.031 0.036 0.015 0.061 0.041 0.005 0.018 0.199
47 L 0.04 0.019 0.013 0.014 0.013 0.013 0.017 0.02 0.01 0.144 0.265 0.021 0.034 0.148 0.012 0.023 0.03 0.008 0.034 0.123
48 F 0.077 0.019 0.015 0.016 0.012 0.012 0.019 0.027 0.012 0.103 0.188 0.021 0.028 0.25 0.013 0.029 0.028 0.01 0.048 0.072
49 S 0.08 0.028 0.038 0.034 0.08 0.023 0.035 0.114 0.015 0.03 0.046 0.038 0.014 0.073 0.021 0.21 0.055 0.006 0.022 0.038
50 L 0.037 0.019 0.013 0.014 0.013 0.013 0.017 0.02 0.01 0.122 0.326 0.021 0.037 0.15 0.012 0.022 0.028 0.008 0.034 0.084
51 I 0.045 0.018 0.013 0.015 0.015 0.014 0.018 0.019 0.008 0.238 0.219 0.022 0.049 0.04 0.013 0.024 0.035 0.005 0.019 0.171
52 L 0.08 0.019 0.014 0.016 0.014 0.013 0.019 0.026 0.011 0.147 0.238 0.023 0.032 0.146 0.013 0.028 0.031 0.008 0.033 0.09
53 G 0.069 0.02 0.034 0.03 0.009 0.017 0.022 0.57 0.012 0.017 0.025 0.03 0.008 0.014 0.017 0.045 0.026 0.005 0.009 0.021
54 F 0.031 0.019 0.014 0.014 0.01 0.012 0.018 0.022 0.013 0.06 0.175 0.019 0.025 0.256 0.009 0.021 0.023 0.148 0.059 0.052
55 L 0.039 0.018 0.014 0.015 0.013 0.012 0.017 0.02 0.011 0.154 0.202 0.02 0.031 0.199 0.012 0.023 0.03 0.009 0.041 0.123
56 Y 0.037 0.022 0.017 0.016 0.01 0.016 0.022 0.022 0.03 0.056 0.077 0.024 0.019 0.191 0.013 0.026 0.026 0.02 0.273 0.082
57 S 0.063 0.1 0.131 0.047 0.01 0.035 0.049 0.049 0.02 0.023 0.035 0.134 0.013 0.016 0.022 0.15 0.05 0.004 0.015 0.03
58 L 0.054 0.084 0.074 0.032 0.012 0.026 0.034 0.101 0.015 0.089 0.11 0.083 0.02 0.024 0.018 0.073 0.039 0.005 0.016 0.092
59 K 0.047 0.122 0.033 0.033 0.008 0.075 0.058 0.034 0.018 0.066 0.052 0.255 0.016 0.017 0.021 0.043 0.034 0.005 0.016 0.045
60 L 0.037 0.02 0.013 0.014 0.013 0.013 0.017 0.02 0.01 0.09 0.364 0.021 0.038 0.152 0.012 0.022 0.028 0.008 0.034 0.075
61 K 0.053 0.071 0.034 0.033 0.075 0.072 0.055 0.103 0.017 0.025 0.039 0.245 0.014 0.014 0.022 0.046 0.034 0.005 0.014 0.031
62 K 0.05 0.184 0.036 0.032 0.008 0.04 0.05 0.102 0.018 0.023 0.038 0.223 0.013 0.015 0.021 0.046 0.051 0.005 0.015 0.029
63 Y 0.037 0.061 0.022 0.02 0.008 0.024 0.031 0.026 0.029 0.035 0.058 0.094 0.016 0.125 0.014 0.03 0.026 0.085 0.222 0.037
64 I 0.041 0.019 0.014 0.015 0.013 0.013 0.018 0.02 0.01 0.191 0.173 0.022 0.06 0.145 0.012 0.024 0.032 0.008 0.034 0.136
65 K 0.092 0.071 0.055 0.039 0.012 0.034 0.084 0.039 0.016 0.072 0.057 0.127 0.017 0.02 0.022 0.056 0.112 0.005 0.016 0.056
66 R 0.066 0.129 0.127 0.094 0.01 0.029 0.044 0.042 0.018 0.067 0.051 0.056 0.015 0.019 0.019 0.068 0.076 0.005 0.015 0.049
67 S 0.077 0.032 0.089 0.097 0.08 0.027 0.046 0.052 0.017 0.026 0.037 0.043 0.013 0.017 0.023 0.215 0.058 0.004 0.014 0.035
68 E 0.049 0.04 0.076 0.045 0.011 0.033 0.122 0.034 0.016 0.096 0.086 0.084 0.019 0.023 0.02 0.051 0.111 0.005 0.016 0.063
69 P 0.048 0.034 0.07 0.034 0.009 0.023 0.037 0.036 0.014 0.022 0.032 0.079 0.01 0.012 0.422 0.042 0.034 0.003 0.012 0.027
70 G 0.05 0.037 0.089 0.18 0.008 0.03 0.093 0.207 0.017 0.019 0.028 0.082 0.009 0.014 0.019 0.048 0.032 0.004 0.011 0.023
71 N 0.042 0.033 0.226 0.192 0.008 0.029 0.073 0.115 0.022 0.019 0.027 0.044 0.009 0.015 0.018 0.054 0.037 0.004 0.012 0.023
72 S 0.077 0.082 0.04 0.035 0.013 0.029 0.041 0.046 0.044 0.041 0.048 0.05 0.016 0.026 0.022 0.21 0.057 0.006 0.042 0.075
73 T 0.077 0.031 0.041 0.036 0.014 0.025 0.038 0.116 0.016 0.034 0.046 0.041 0.015 0.026 0.024 0.162 0.165 0.006 0.04 0.046
74 K 0.045 0.077 0.058 0.063 0.007 0.04 0.057 0.038 0.018 0.024 0.037 0.283 0.013 0.019 0.021 0.044 0.033 0.073 0.02 0.028
75 F 0.045 0.029 0.022 0.023 0.01 0.018 0.028 0.029 0.014 0.082 0.082 0.067 0.02 0.241 0.082 0.064 0.033 0.009 0.046 0.055
76 N 0.038 0.034 0.304 0.058 0.009 0.025 0.037 0.048 0.023 0.07 0.074 0.04 0.016 0.049 0.016 0.051 0.04 0.005 0.019 0.045
77 V 0.054 0.019 0.014 0.015 0.016 0.014 0.019 0.02 0.008 0.193 0.165 0.022 0.031 0.035 0.014 0.026 0.039 0.005 0.018 0.273
78 F 0.055 0.02 0.017 0.017 0.01 0.014 0.021 0.027 0.017 0.083 0.082 0.022 0.02 0.208 0.012 0.029 0.045 0.149 0.099 0.057
79 L 0.085 0.022 0.016 0.018 0.014 0.016 0.022 0.028 0.011 0.114 0.19 0.026 0.057 0.088 0.082 0.033 0.034 0.006 0.025 0.112
80 V 0.051 0.024 0.111 0.03 0.014 0.018 0.026 0.031 0.013 0.102 0.091 0.028 0.023 0.081 0.015 0.036 0.041 0.006 0.024 0.236
81 S 0.106 0.026 0.028 0.027 0.081 0.02 0.031 0.042 0.017 0.049 0.062 0.033 0.017 0.088 0.019 0.142 0.048 0.008 0.071 0.084
82 L 0.053 0.026 0.025 0.023 0.014 0.02 0.026 0.03 0.012 0.086 0.186 0.031 0.071 0.088 0.017 0.075 0.113 0.007 0.026 0.072
83 F 0.073 0.018 0.016 0.016 0.011 0.011 0.019 0.028 0.015 0.053 0.094 0.019 0.021 0.407 0.011 0.029 0.025 0.014 0.07 0.05
84 I 0.045 0.019 0.014 0.016 0.015 0.015 0.018 0.02 0.009 0.265 0.149 0.024 0.09 0.039 0.013 0.025 0.036 0.006 0.019 0.162
85 I 0.046 0.018 0.013 0.015 0.015 0.013 0.017 0.019 0.008 0.242 0.215 0.022 0.034 0.039 0.013 0.024 0.036 0.005 0.018 0.188
86 L 0.087 0.022 0.016 0.016 0.081 0.017 0.022 0.028 0.011 0.085 0.219 0.026 0.088 0.063 0.015 0.033 0.034 0.006 0.022 0.108
87 G 0.072 0.022 0.036 0.031 0.01 0.018 0.025 0.506 0.012 0.018 0.026 0.032 0.009 0.015 0.018 0.079 0.032 0.005 0.01 0.023
88 A 0.135 0.024 0.023 0.024 0.015 0.018 0.028 0.04 0.012 0.096 0.082 0.03 0.021 0.134 0.019 0.08 0.078 0.007 0.032 0.104
89 L 0.107 0.021 0.017 0.018 0.015 0.015 0.021 0.097 0.01 0.144 0.248 0.026 0.031 0.036 0.016 0.034 0.033 0.005 0.017 0.09
90 L 0.083 0.021 0.014 0.015 0.015 0.015 0.02 0.025 0.009 0.145 0.324 0.024 0.037 0.042 0.014 0.029 0.033 0.006 0.019 0.112
91 E 0.045 0.039 0.042 0.177 0.007 0.049 0.307 0.033 0.021 0.019 0.03 0.059 0.011 0.014 0.022 0.048 0.032 0.004 0.013 0.026
92 V 0.053 0.017 0.014 0.015 0.148 0.012 0.017 0.022 0.007 0.199 0.112 0.021 0.026 0.031 0.014 0.028 0.037 0.005 0.016 0.205
93 L 0.06 0.021 0.015 0.016 0.012 0.015 0.021 0.024 0.018 0.104 0.154 0.023 0.025 0.112 0.013 0.027 0.029 0.08 0.127 0.103
94 A 0.215 0.026 0.029 0.083 0.015 0.022 0.04 0.053 0.014 0.034 0.05 0.037 0.014 0.073 0.089 0.09 0.042 0.005 0.022 0.047
95 S 0.202 0.032 0.038 0.037 0.017 0.027 0.042 0.062 0.015 0.03 0.043 0.044 0.014 0.019 0.026 0.225 0.061 0.005 0.015 0.046
96 G 0.064 0.02 0.032 0.028 0.009 0.016 0.022 0.502 0.012 0.021 0.034 0.028 0.01 0.07 0.016 0.042 0.026 0.006 0.018 0.025
97 G 0.156 0.034 0.029 0.03 0.013 0.092 0.044 0.178 0.015 0.037 0.093 0.045 0.018 0.02 0.021 0.055 0.054 0.005 0.015 0.046
98 V 0.051 0.017 0.014 0.016 0.016 0.013 0.018 0.02 0.007 0.252 0.131 0.022 0.03 0.035 0.014 0.025 0.039 0.005 0.018 0.257
99 P 0.05 0.023 0.02 0.027 0.009 0.018 0.032 0.032 0.011 0.023 0.032 0.036 0.009 0.011 0.556 0.039 0.032 0.002 0.011 0.027
100 L 0.039 0.019 0.013 0.014 0.014 0.013 0.017 0.019 0.009 0.193 0.294 0.021 0.037 0.096 0.012 0.022 0.031 0.007 0.026 0.106
101 L 0.041 0.02 0.014 0.015 0.014 0.014 0.018 0.02 0.01 0.178 0.257 0.022 0.064 0.095 0.013 0.023 0.032 0.007 0.026 0.119
102 S 0.06 0.039 0.053 0.031 0.013 0.028 0.037 0.038 0.02 0.05 0.09 0.079 0.108 0.039 0.019 0.124 0.046 0.008 0.066 0.052
103 V 0.054 0.018 0.014 0.016 0.016 0.013 0.019 0.02 0.007 0.225 0.127 0.022 0.029 0.034 0.014 0.026 0.04 0.005 0.018 0.282
104 L 0.037 0.02 0.014 0.014 0.012 0.013 0.018 0.02 0.014 0.114 0.277 0.021 0.033 0.159 0.012 0.022 0.028 0.011 0.082 0.079
105 R 0.091 0.184 0.033 0.036 0.01 0.071 0.09 0.038 0.023 0.026 0.043 0.072 0.014 0.028 0.02 0.079 0.038 0.007 0.064 0.035
106 G 0.069 0.02 0.034 0.03 0.009 0.017 0.022 0.57 0.012 0.017 0.025 0.03 0.008 0.014 0.017 0.045 0.026 0.005 0.009 0.021
107 D 0.057 0.032 0.083 0.127 0.011 0.03 0.109 0.04 0.017 0.047 0.094 0.043 0.017 0.022 0.02 0.111 0.044 0.005 0.015 0.077
108 I 0.101 0.024 0.026 0.026 0.015 0.019 0.028 0.037 0.011 0.168 0.113 0.032 0.024 0.029 0.019 0.11 0.083 0.005 0.017 0.11
109 Y 0.036 0.025 0.019 0.016 0.008 0.019 0.025 0.022 0.041 0.038 0.06 0.027 0.016 0.115 0.014 0.027 0.025 0.025 0.402 0.041
110 E 0.07 0.04 0.127 0.082 0.009 0.07 0.134 0.043 0.025 0.024 0.037 0.053 0.013 0.028 0.02 0.084 0.04 0.007 0.063 0.031
111 Y 0.036 0.025 0.019 0.016 0.008 0.019 0.025 0.022 0.041 0.038 0.06 0.027 0.016 0.115 0.014 0.027 0.025 0.025 0.402 0.041
112 R 0.042 0.294 0.08 0.035 0.007 0.042 0.05 0.035 0.021 0.021 0.038 0.163 0.013 0.015 0.019 0.044 0.033 0.005 0.015 0.027
113 D 0.047 0.032 0.053 0.32 0.008 0.034 0.152 0.04 0.018 0.02 0.028 0.047 0.01 0.014 0.021 0.08 0.036 0.004 0.012 0.025
114 F 0.03 0.017 0.015 0.015 0.009 0.009 0.017 0.022 0.015 0.056 0.1 0.017 0.022 0.462 0.009 0.022 0.022 0.015 0.078 0.048
115 G 0.069 0.02 0.034 0.03 0.009 0.017 0.022 0.57 0.012 0.017 0.025 0.03 0.008 0.014 0.017 0.045 0.026 0.005 0.009 0.021
116 I 0.041 0.017 0.013 0.015 0.014 0.012 0.016 0.018 0.008 0.296 0.224 0.021 0.035 0.041 0.013 0.022 0.034 0.005 0.018 0.137
117 A 0.295 0.044 0.026 0.029 0.016 0.029 0.042 0.061 0.014 0.034 0.049 0.121 0.015 0.018 0.026 0.068 0.042 0.005 0.015 0.052
118 T 0.076 0.033 0.042 0.037 0.016 0.026 0.039 0.046 0.014 0.039 0.049 0.043 0.016 0.02 0.025 0.169 0.239 0.005 0.016 0.053
119 F 0.03 0.017 0.015 0.015 0.009 0.009 0.017 0.022 0.015 0.056 0.1 0.017 0.022 0.462 0.009 0.022 0.022 0.015 0.078 0.048
120 H 0.037 0.04 0.047 0.034 0.007 0.034 0.047 0.034 0.434 0.02 0.034 0.04 0.013 0.027 0.017 0.037 0.023 0.007 0.05 0.02
121 V 0.061 0.019 0.014 0.016 0.017 0.014 0.02 0.022 0.007 0.144 0.114 0.023 0.028 0.031 0.014 0.029 0.043 0.005 0.018 0.359
122 F 0.031 0.017 0.015 0.015 0.01 0.01 0.017 0.022 0.014 0.094 0.106 0.017 0.024 0.409 0.01 0.022 0.024 0.014 0.07 0.062
123 F 0.032 0.019 0.016 0.015 0.01 0.012 0.019 0.022 0.021 0.057 0.134 0.02 0.023 0.324 0.011 0.023 0.024 0.016 0.152 0.051
124 L 0.041 0.023 0.014 0.014 0.014 0.017 0.019 0.02 0.01 0.098 0.382 0.025 0.099 0.047 0.013 0.024 0.031 0.006 0.02 0.084
125 S 0.128 0.032 0.043 0.039 0.015 0.027 0.042 0.123 0.016 0.026 0.037 0.044 0.013 0.018 0.025 0.252 0.063 0.005 0.015 0.038
126 Y 0.036 0.025 0.019 0.016 0.008 0.019 0.025 0.022 0.041 0.038 0.06 0.027 0.016 0.115 0.014 0.027 0.025 0.025 0.402 0.041
127 V 0.052 0.019 0.014 0.016 0.016 0.015 0.019 0.021 0.008 0.218 0.134 0.023 0.059 0.035 0.014 0.027 0.039 0.005 0.018 0.248
128 S 0.096 0.035 0.047 0.043 0.015 0.029 0.046 0.058 0.017 0.026 0.037 0.047 0.014 0.018 0.026 0.316 0.072 0.005 0.015 0.037
129 A 0.377 0.027 0.022 0.026 0.019 0.022 0.036 0.069 0.013 0.038 0.052 0.039 0.015 0.019 0.026 0.075 0.044 0.005 0.015 0.06
130 S 0.081 0.031 0.039 0.036 0.014 0.025 0.039 0.049 0.016 0.039 0.097 0.04 0.019 0.078 0.022 0.242 0.06 0.006 0.024 0.044
131 A 0.377 0.027 0.022 0.026 0.019 0.022 0.036 0.069 0.013 0.038 0.052 0.039 0.015 0.019 0.026 0.075 0.044 0.005 0.015 0.06
132 I 0.044 0.016 0.013 0.016 0.015 0.012 0.016 0.019 0.008 0.334 0.143 0.021 0.032 0.038 0.013 0.023 0.036 0.005 0.018 0.18
133 V 0.051 0.017 0.014 0.016 0.016 0.013 0.018 0.02 0.007 0.252 0.131 0.022 0.03 0.035 0.014 0.025 0.039 0.005 0.018 0.257
134 G 0.079 0.026 0.039 0.035 0.012 0.021 0.031 0.378 0.014 0.02 0.029 0.036 0.01 0.016 0.02 0.147 0.043 0.005 0.012 0.027
135 F 0.03 0.018 0.015 0.015 0.009 0.011 0.018 0.022 0.018 0.053 0.095 0.018 0.022 0.419 0.01 0.023 0.023 0.016 0.118 0.047
136 E 0.048 0.044 0.036 0.079 0.006 0.057 0.383 0.031 0.023 0.019 0.032 0.066 0.011 0.015 0.023 0.048 0.032 0.005 0.015 0.027
137 R 0.039 0.377 0.08 0.033 0.007 0.041 0.046 0.032 0.021 0.02 0.039 0.098 0.013 0.015 0.017 0.042 0.032 0.005 0.015 0.027
138 Y 0.034 0.023 0.018 0.016 0.008 0.017 0.023 0.022 0.034 0.043 0.07 0.025 0.018 0.202 0.013 0.026 0.024 0.022 0.321 0.043
139 L 0.042 0.019 0.013 0.014 0.014 0.013 0.017 0.019 0.009 0.169 0.312 0.022 0.037 0.069 0.013 0.022 0.032 0.006 0.023 0.134
140 L 0.044 0.03 0.019 0.019 0.013 0.019 0.025 0.024 0.014 0.16 0.23 0.067 0.031 0.047 0.015 0.044 0.034 0.008 0.066 0.091
141 F 0.035 0.019 0.018 0.017 0.01 0.012 0.02 0.024 0.018 0.052 0.09 0.021 0.021 0.364 0.012 0.03 0.062 0.015 0.111 0.049
142 G 0.056 0.161 0.035 0.03 0.008 0.03 0.037 0.301 0.016 0.019 0.032 0.116 0.011 0.014 0.018 0.044 0.029 0.005 0.012 0.025
143 T 0.057 0.082 0.104 0.045 0.011 0.031 0.08 0.107 0.018 0.032 0.065 0.051 0.015 0.019 0.02 0.089 0.115 0.005 0.015 0.039
144 K 0.047 0.126 0.033 0.032 0.008 0.042 0.055 0.034 0.017 0.033 0.09 0.291 0.017 0.018 0.022 0.043 0.034 0.005 0.016 0.036
145 R 0.049 0.294 0.036 0.031 0.008 0.042 0.05 0.035 0.019 0.022 0.04 0.164 0.014 0.015 0.02 0.076 0.037 0.005 0.015 0.029
146 N 0.036 0.034 0.304 0.058 0.008 0.024 0.037 0.048 0.024 0.029 0.046 0.04 0.013 0.127 0.016 0.051 0.038 0.007 0.03 0.03
147 L 0.039 0.021 0.012 0.013 0.014 0.014 0.018 0.019 0.009 0.101 0.452 0.022 0.044 0.048 0.012 0.021 0.029 0.006 0.02 0.084
148 L 0.04 0.019 0.013 0.014 0.013 0.013 0.018 0.02 0.01 0.128 0.284 0.021 0.035 0.148 0.012 0.023 0.03 0.008 0.034 0.118
149 L 0.046 0.02 0.017 0.019 0.012 0.015 0.021 0.091 0.01 0.136 0.217 0.026 0.028 0.032 0.149 0.029 0.031 0.005 0.016 0.08
150 T 0.079 0.028 0.033 0.029 0.015 0.022 0.032 0.037 0.012 0.053 0.066 0.036 0.018 0.077 0.022 0.07 0.263 0.006 0.024 0.079
151 I 0.041 0.018 0.014 0.015 0.013 0.013 0.018 0.02 0.01 0.207 0.154 0.021 0.059 0.145 0.012 0.024 0.032 0.008 0.034 0.14
152 L 0.042 0.022 0.016 0.016 0.014 0.015 0.02 0.021 0.009 0.127 0.365 0.024 0.039 0.043 0.014 0.029 0.069 0.006 0.019 0.09
153 G 0.066 0.02 0.033 0.029 0.009 0.017 0.024 0.503 0.012 0.017 0.026 0.03 0.008 0.014 0.084 0.044 0.027 0.004 0.01 0.022
154 V 0.056 0.019 0.014 0.015 0.016 0.014 0.019 0.021 0.007 0.182 0.142 0.022 0.03 0.034 0.014 0.027 0.041 0.005 0.018 0.303
155 L 0.08 0.021 0.014 0.015 0.014 0.014 0.02 0.025 0.01 0.12 0.32 0.023 0.036 0.095 0.014 0.028 0.031 0.007 0.026 0.086
156 F 0.035 0.017 0.015 0.015 0.011 0.01 0.017 0.022 0.013 0.105 0.108 0.018 0.024 0.355 0.01 0.023 0.026 0.012 0.063 0.1
157 T 0.08 0.033 0.043 0.038 0.015 0.027 0.04 0.048 0.014 0.036 0.047 0.044 0.016 0.02 0.025 0.199 0.205 0.005 0.015 0.05
158 I 0.047 0.017 0.013 0.015 0.015 0.013 0.017 0.019 0.008 0.261 0.175 0.022 0.032 0.038 0.013 0.024 0.037 0.005 0.018 0.21
159 L 0.087 0.02 0.014 0.016 0.015 0.014 0.02 0.026 0.009 0.166 0.219 0.024 0.032 0.064 0.015 0.03 0.036 0.006 0.022 0.165
160 I 0.041 0.016 0.013 0.016 0.014 0.012 0.016 0.018 0.008 0.361 0.147 0.021 0.032 0.039 0.013 0.022 0.035 0.005 0.018 0.155
161 V 0.059 0.019 0.014 0.016 0.017 0.014 0.02 0.021 0.007 0.171 0.118 0.023 0.028 0.032 0.014 0.028 0.042 0.005 0.018 0.333
162 N 0.045 0.039 0.357 0.069 0.009 0.03 0.044 0.057 0.026 0.021 0.029 0.047 0.01 0.016 0.019 0.093 0.047 0.004 0.014 0.025
163 R 0.039 0.425 0.034 0.027 0.007 0.042 0.046 0.029 0.02 0.02 0.041 0.105 0.014 0.015 0.017 0.039 0.031 0.005 0.015 0.027
164 A 0.3 0.025 0.025 0.027 0.017 0.021 0.032 0.194 0.013 0.033 0.045 0.037 0.014 0.018 0.024 0.067 0.039 0.005 0.014 0.051
165 A 0.36 0.028 0.024 0.027 0.019 0.023 0.036 0.068 0.013 0.037 0.051 0.04 0.015 0.019 0.026 0.09 0.046 0.005 0.015 0.059
166 M 0.047 0.028 0.02 0.019 0.014 0.023 0.025 0.026 0.013 0.085 0.193 0.032 0.205 0.04 0.015 0.037 0.072 0.007 0.02 0.079
167 L 0.04 0.022 0.013 0.014 0.014 0.016 0.019 0.019 0.01 0.1 0.417 0.023 0.071 0.047 0.013 0.023 0.03 0.006 0.02 0.084
168 L 0.044 0.026 0.016 0.017 0.014 0.022 0.023 0.023 0.013 0.091 0.243 0.029 0.209 0.044 0.014 0.029 0.034 0.007 0.021 0.082
169 I 0.041 0.016 0.013 0.015 0.014 0.012 0.016 0.018 0.008 0.328 0.185 0.021 0.034 0.04 0.013 0.022 0.034 0.005 0.018 0.146
170 L 0.044 0.018 0.013 0.015 0.015 0.013 0.017 0.019 0.008 0.223 0.255 0.022 0.036 0.041 0.013 0.023 0.034 0.006 0.019 0.167
171 L 0.044 0.02 0.014 0.015 0.014 0.014 0.018 0.02 0.009 0.154 0.249 0.022 0.049 0.094 0.013 0.024 0.033 0.007 0.026 0.161
172 P 0.05 0.023 0.02 0.027 0.009 0.018 0.032 0.032 0.011 0.023 0.032 0.036 0.009 0.011 0.556 0.039 0.032 0.002 0.011 0.027
173 C 0.054 0.018 0.015 0.015 0.414 0.014 0.017 0.028 0.009 0.051 0.086 0.021 0.077 0.024 0.014 0.035 0.033 0.004 0.013 0.058
174 F 0.117 0.019 0.017 0.018 0.012 0.013 0.021 0.034 0.014 0.051 0.088 0.022 0.021 0.351 0.013 0.035 0.028 0.012 0.062 0.051
175 L 0.035 0.02 0.014 0.014 0.012 0.013 0.018 0.02 0.015 0.076 0.271 0.021 0.032 0.212 0.011 0.022 0.026 0.012 0.089 0.065
176 L 0.043 0.021 0.013 0.014 0.015 0.015 0.019 0.02 0.009 0.137 0.337 0.023 0.068 0.044 0.013 0.024 0.032 0.006 0.019 0.127
177 Y 0.036 0.025 0.019 0.016 0.008 0.019 0.025 0.022 0.041 0.038 0.06 0.027 0.016 0.115 0.014 0.027 0.025 0.025 0.402 0.041
178 L 0.039 0.021 0.013 0.014 0.014 0.014 0.017 0.019 0.009 0.134 0.414 0.022 0.042 0.047 0.013 0.021 0.03 0.006 0.019 0.093
179 S 0.077 0.034 0.087 0.042 0.014 0.027 0.042 0.051 0.021 0.029 0.041 0.044 0.014 0.03 0.023 0.219 0.096 0.007 0.063 0.039
180 H 0.046 0.038 0.038 0.031 0.009 0.063 0.046 0.034 0.229 0.034 0.091 0.042 0.018 0.038 0.017 0.07 0.032 0.008 0.082 0.034
181 N 0.047 0.092 0.217 0.051 0.009 0.031 0.043 0.047 0.022 0.031 0.085 0.091 0.015 0.02 0.019 0.083 0.042 0.005 0.015 0.034
182 N 0.09 0.045 0.193 0.049 0.011 0.03 0.043 0.05 0.02 0.066 0.049 0.103 0.015 0.019 0.02 0.087 0.044 0.004 0.015 0.047
183 K 0.069 0.075 0.08 0.04 0.009 0.074 0.059 0.041 0.019 0.032 0.043 0.249 0.015 0.015 0.022 0.05 0.037 0.005 0.016 0.051
184 G 0.092 0.031 0.046 0.04 0.014 0.026 0.038 0.292 0.016 0.024 0.034 0.043 0.012 0.018 0.024 0.143 0.055 0.005 0.014 0.032
185 K 0.056 0.105 0.041 0.041 0.008 0.052 0.069 0.042 0.02 0.027 0.042 0.292 0.015 0.015 0.027 0.052 0.039 0.005 0.017 0.032
186 K 0.056 0.105 0.041 0.041 0.008 0.052 0.069 0.042 0.02 0.027 0.042 0.292 0.015 0.015 0.027 0.052 0.039 0.005 0.017 0.032
187 R 0.058 0.196 0.04 0.034 0.013 0.037 0.045 0.037 0.018 0.038 0.055 0.081 0.017 0.02 0.023 0.067 0.148 0.006 0.017 0.05
188 G 0.059 0.033 0.184 0.057 0.01 0.026 0.037 0.292 0.022 0.02 0.029 0.043 0.01 0.017 0.019 0.059 0.039 0.005 0.013 0.025
189 G 0.066 0.064 0.04 0.037 0.01 0.035 0.047 0.281 0.017 0.023 0.035 0.163 0.012 0.016 0.023 0.051 0.034 0.005 0.014 0.028
190 L 0.052 0.04 0.023 0.023 0.013 0.024 0.032 0.029 0.012 0.11 0.216 0.111 0.029 0.032 0.017 0.066 0.038 0.005 0.018 0.108
191 K 0.049 0.135 0.036 0.035 0.007 0.046 0.06 0.037 0.018 0.024 0.038 0.334 0.014 0.014 0.023 0.046 0.034 0.005 0.015 0.029
192 S 0.12 0.04 0.04 0.038 0.014 0.029 0.045 0.054 0.016 0.027 0.038 0.085 0.013 0.017 0.092 0.217 0.059 0.004 0.015 0.038
193 L 0.043 0.05 0.07 0.03 0.011 0.028 0.037 0.031 0.015 0.095 0.206 0.154 0.027 0.03 0.018 0.036 0.034 0.005 0.017 0.065
194 N 0.043 0.045 0.317 0.083 0.009 0.034 0.049 0.065 0.032 0.022 0.032 0.054 0.011 0.018 0.02 0.07 0.049 0.004 0.016 0.027
195 V 0.07 0.022 0.016 0.018 0.019 0.016 0.023 0.025 0.008 0.165 0.13 0.026 0.032 0.036 0.016 0.033 0.049 0.006 0.021 0.269
196 N 0.043 0.045 0.317 0.083 0.009 0.034 0.049 0.065 0.032 0.022 0.032 0.054 0.011 0.018 0.02 0.07 0.049 0.004 0.016 0.027
197 A 0.29 0.031 0.026 0.03 0.022 0.026 0.04 0.078 0.015 0.043 0.059 0.045 0.018 0.022 0.03 0.085 0.05 0.005 0.018 0.069
198 K 0.057 0.107 0.042 0.042 0.009 0.054 0.071 0.043 0.021 0.028 0.043 0.278 0.016 0.016 0.028 0.054 0.04 0.005 0.017 0.033
199 V 0.088 0.02 0.015 0.017 0.015 0.015 0.021 0.026 0.013 0.161 0.149 0.024 0.028 0.071 0.015 0.031 0.036 0.008 0.07 0.177
200 I 0.054 0.021 0.02 0.02 0.014 0.016 0.023 0.026 0.013 0.205 0.109 0.027 0.026 0.043 0.016 0.065 0.059 0.007 0.066 0.171
201 I 0.05 0.017 0.016 0.017 0.014 0.013 0.018 0.088 0.008 0.263 0.124 0.022 0.028 0.034 0.014 0.027 0.036 0.005 0.017 0.189
202 L 0.048 0.021 0.019 0.018 0.08 0.015 0.02 0.091 0.009 0.108 0.262 0.025 0.031 0.035 0.015 0.034 0.069 0.005 0.017 0.078
203 L 0.062 0.024 0.025 0.024 0.082 0.018 0.027 0.032 0.011 0.106 0.169 0.03 0.026 0.03 0.018 0.105 0.081 0.005 0.017 0.109
204 L 0.063 0.02 0.014 0.015 0.081 0.014 0.018 0.024 0.01 0.087 0.313 0.022 0.034 0.093 0.013 0.027 0.031 0.007 0.025 0.091
205 F 0.059 0.018 0.015 0.015 0.012 0.012 0.019 0.025 0.013 0.077 0.144 0.02 0.026 0.302 0.012 0.027 0.028 0.011 0.055 0.112
206 L 0.038 0.02 0.013 0.014 0.014 0.013 0.017 0.019 0.009 0.128 0.37 0.021 0.039 0.099 0.012 0.022 0.029 0.007 0.027 0.089
207 I 0.052 0.019 0.02 0.02 0.08 0.014 0.02 0.094 0.01 0.197 0.101 0.024 0.023 0.083 0.015 0.063 0.037 0.006 0.023 0.097
208 V 0.055 0.02 0.02 0.02 0.014 0.015 0.022 0.094 0.01 0.151 0.142 0.025 0.026 0.085 0.015 0.063 0.038 0.006 0.024 0.152
209 I 0.044 0.016 0.013 0.016 0.015 0.012 0.016 0.019 0.008 0.334 0.143 0.021 0.032 0.038 0.013 0.023 0.036 0.005 0.018 0.18
210 I 0.049 0.018 0.013 0.015 0.015 0.013 0.018 0.019 0.008 0.247 0.173 0.022 0.032 0.037 0.013 0.024 0.037 0.005 0.018 0.223
211 A 0.222 0.027 0.028 0.028 0.016 0.022 0.033 0.12 0.013 0.043 0.097 0.037 0.018 0.022 0.023 0.095 0.08 0.005 0.015 0.056
212 F 0.03 0.017 0.015 0.015 0.009 0.009 0.017 0.022 0.015 0.056 0.1 0.017 0.022 0.462 0.009 0.022 0.022 0.015 0.078 0.048
213 G 0.069 0.02 0.034 0.03 0.009 0.017 0.022 0.57 0.012 0.017 0.025 0.03 0.008 0.014 0.017 0.045 0.026 0.005 0.009 0.021
214 Y 0.036 0.025 0.019 0.016 0.008 0.019 0.025 0.022 0.041 0.038 0.06 0.027 0.016 0.115 0.014 0.027 0.025 0.025 0.402 0.041
215 I 0.042 0.017 0.013 0.015 0.014 0.012 0.016 0.018 0.008 0.282 0.221 0.021 0.035 0.041 0.013 0.022 0.034 0.005 0.018 0.15
216 G 0.069 0.02 0.034 0.03 0.009 0.017 0.022 0.57 0.012 0.017 0.025 0.03 0.008 0.014 0.017 0.045 0.026 0.005 0.009 0.021
217 D 0.036 0.026 0.061 0.471 0.007 0.026 0.08 0.041 0.016 0.02 0.025 0.039 0.008 0.013 0.02 0.046 0.031 0.003 0.01 0.021
218 K 0.056 0.087 0.038 0.037 0.009 0.045 0.06 0.04 0.018 0.024 0.038 0.327 0.014 0.014 0.024 0.081 0.039 0.005 0.015 0.03
219 R 0.039 0.425 0.034 0.027 0.007 0.042 0.046 0.029 0.02 0.02 0.041 0.105 0.014 0.015 0.017 0.039 0.031 0.005 0.015 0.027
220 M 0.046 0.028 0.018 0.018 0.014 0.025 0.025 0.025 0.014 0.088 0.173 0.032 0.264 0.042 0.014 0.032 0.035 0.007 0.021 0.081
221 I 0.088 0.088 0.023 0.024 0.013 0.026 0.034 0.031 0.013 0.167 0.091 0.12 0.023 0.026 0.018 0.038 0.037 0.005 0.017 0.121
222 S 0.132 0.034 0.044 0.041 0.016 0.028 0.045 0.059 0.016 0.028 0.039 0.046 0.014 0.018 0.026 0.286 0.068 0.005 0.015 0.04
223 S 0.096 0.035 0.047 0.043 0.015 0.029 0.046 0.058 0.017 0.026 0.037 0.047 0.014 0.018 0.026 0.316 0.072 0.005 0.015 0.037
224 G 0.069 0.02 0.034 0.03 0.009 0.017 0.022 0.57 0.012 0.017 0.025 0.03 0.008 0.014 0.017 0.045 0.026 0.005 0.009 0.021
225 Y 0.036 0.025 0.019 0.016 0.008 0.019 0.025 0.022 0.041 0.038 0.06 0.027 0.016 0.115 0.014 0.027 0.025 0.025 0.402 0.041
226 T 0.11 0.04 0.038 0.035 0.015 0.028 0.041 0.047 0.014 0.038 0.049 0.082 0.016 0.019 0.025 0.135 0.197 0.005 0.015 0.051
227 D 0.045 0.028 0.06 0.402 0.008 0.027 0.077 0.044 0.017 0.021 0.027 0.041 0.009 0.014 0.021 0.083 0.038 0.003 0.011 0.024
228 D 0.043 0.036 0.046 0.251 0.007 0.043 0.25 0.035 0.02 0.02 0.029 0.054 0.01 0.014 0.021 0.047 0.032 0.004 0.012 0.025
229 K 0.094 0.11 0.034 0.033 0.01 0.037 0.048 0.107 0.016 0.027 0.041 0.21 0.014 0.015 0.023 0.053 0.072 0.005 0.015 0.036
230 P 0.173 0.024 0.021 0.027 0.013 0.02 0.033 0.046 0.012 0.028 0.039 0.037 0.011 0.014 0.357 0.052 0.036 0.003 0.013 0.04
231 I 0.041 0.017 0.013 0.015 0.014 0.012 0.016 0.018 0.008 0.296 0.224 0.021 0.035 0.041 0.013 0.022 0.034 0.005 0.018 0.137
232 F 0.034 0.02 0.015 0.015 0.01 0.013 0.019 0.022 0.017 0.063 0.148 0.021 0.054 0.314 0.011 0.024 0.025 0.014 0.104 0.056
233 R 0.05 0.19 0.083 0.045 0.008 0.108 0.099 0.038 0.022 0.022 0.038 0.08 0.014 0.015 0.02 0.08 0.039 0.005 0.016 0.029
234 I 0.046 0.017 0.013 0.015 0.015 0.013 0.017 0.019 0.008 0.274 0.177 0.021 0.033 0.038 0.013 0.024 0.036 0.005 0.018 0.197
235 A 0.226 0.027 0.03 0.03 0.016 0.022 0.033 0.189 0.013 0.032 0.044 0.038 0.014 0.018 0.023 0.098 0.08 0.005 0.014 0.048
236 K 0.05 0.087 0.037 0.038 0.008 0.113 0.069 0.037 0.02 0.024 0.039 0.295 0.015 0.013 0.023 0.047 0.035 0.005 0.016 0.029
237 I 0.128 0.019 0.015 0.018 0.016 0.015 0.021 0.031 0.009 0.253 0.119 0.026 0.027 0.033 0.016 0.036 0.038 0.005 0.017 0.157
238 D 0.036 0.028 0.103 0.422 0.007 0.027 0.076 0.043 0.018 0.02 0.025 0.04 0.008 0.013 0.019 0.048 0.033 0.003 0.01 0.022
239 N 0.06 0.04 0.262 0.066 0.011 0.031 0.047 0.061 0.025 0.023 0.032 0.05 0.012 0.018 0.022 0.136 0.056 0.004 0.015 0.03
240 P 0.051 0.024 0.027 0.082 0.011 0.019 0.037 0.032 0.012 0.04 0.044 0.035 0.012 0.015 0.355 0.044 0.072 0.003 0.013 0.072
241 V 0.051 0.017 0.014 0.016 0.016 0.013 0.018 0.02 0.007 0.252 0.131 0.022 0.03 0.035 0.014 0.025 0.039 0.005 0.018 0.257
242 L 0.039 0.023 0.015 0.015 0.013 0.017 0.02 0.022 0.012 0.085 0.259 0.024 0.121 0.149 0.012 0.025 0.03 0.009 0.035 0.074
243 D 0.041 0.04 0.089 0.212 0.007 0.036 0.142 0.038 0.023 0.022 0.033 0.086 0.011 0.027 0.02 0.046 0.033 0.007 0.061 0.027
244 N 0.043 0.045 0.317 0.083 0.009 0.034 0.049 0.065 0.032 0.022 0.032 0.054 0.011 0.018 0.02 0.07 0.049 0.004 0.016 0.027
245 S 0.111 0.028 0.033 0.057 0.015 0.023 0.038 0.045 0.017 0.058 0.06 0.037 0.017 0.033 0.021 0.161 0.053 0.007 0.064 0.12
246 L 0.04 0.022 0.013 0.014 0.014 0.015 0.018 0.019 0.009 0.116 0.398 0.023 0.07 0.047 0.013 0.023 0.03 0.006 0.02 0.088
247 P 0.05 0.023 0.02 0.027 0.009 0.018 0.032 0.032 0.011 0.023 0.032 0.036 0.009 0.011 0.556 0.039 0.032 0.002 0.011 0.027
248 S 0.092 0.035 0.046 0.042 0.015 0.029 0.045 0.056 0.016 0.029 0.039 0.047 0.014 0.019 0.026 0.286 0.105 0.005 0.015 0.04
249 G 0.069 0.02 0.034 0.03 0.009 0.017 0.022 0.57 0.012 0.017 0.025 0.03 0.008 0.014 0.017 0.045 0.026 0.005 0.009 0.021
250 F 0.03 0.017 0.015 0.015 0.009 0.009 0.017 0.022 0.015 0.056 0.1 0.017 0.022 0.462 0.009 0.022 0.022 0.015 0.078 0.048
251 T 0.06 0.027 0.033 0.029 0.013 0.02 0.03 0.103 0.013 0.043 0.061 0.034 0.017 0.13 0.02 0.091 0.187 0.007 0.03 0.05
252 W 0.027 0.02 0.013 0.013 0.007 0.013 0.02 0.027 0.013 0.027 0.046 0.02 0.013 0.053 0.007 0.02 0.02 0.555 0.06 0.027
253 F 0.038 0.017 0.015 0.015 0.011 0.011 0.018 0.022 0.013 0.078 0.104 0.018 0.024 0.354 0.011 0.024 0.028 0.012 0.063 0.126
254 Y 0.036 0.025 0.019 0.016 0.008 0.019 0.025 0.022 0.041 0.038 0.06 0.027 0.016 0.115 0.014 0.027 0.025 0.025 0.402 0.041
255 L 0.049 0.02 0.016 0.017 0.015 0.015 0.02 0.022 0.008 0.202 0.204 0.024 0.032 0.037 0.015 0.031 0.074 0.005 0.018 0.177
256 Y 0.036 0.025 0.019 0.016 0.008 0.019 0.025 0.022 0.041 0.038 0.06 0.027 0.016 0.115 0.014 0.027 0.025 0.025 0.402 0.041
257 A 0.213 0.025 0.021 0.023 0.017 0.02 0.029 0.047 0.012 0.126 0.092 0.034 0.051 0.027 0.021 0.057 0.077 0.005 0.017 0.087
258 S 0.096 0.035 0.047 0.043 0.015 0.029 0.046 0.058 0.017 0.026 0.037 0.047 0.014 0.018 0.026 0.316 0.072 0.005 0.015 0.037
259 S 0.096 0.035 0.047 0.043 0.015 0.029 0.046 0.058 0.017 0.026 0.037 0.047 0.014 0.018 0.026 0.316 0.072 0.005 0.015 0.037
260 P 0.05 0.023 0.02 0.027 0.009 0.018 0.032 0.032 0.011 0.023 0.032 0.036 0.009 0.011 0.556 0.039 0.032 0.002 0.011 0.027
261 Y 0.036 0.023 0.018 0.016 0.009 0.018 0.023 0.021 0.037 0.079 0.071 0.027 0.018 0.105 0.014 0.027 0.026 0.022 0.354 0.055
262 A 0.377 0.027 0.022 0.026 0.019 0.022 0.036 0.069 0.013 0.038 0.052 0.039 0.015 0.019 0.026 0.075 0.044 0.005 0.015 0.06
263 N 0.037 0.039 0.401 0.073 0.008 0.03 0.043 0.057 0.028 0.02 0.028 0.047 0.01 0.016 0.018 0.061 0.043 0.004 0.014 0.024
264 L 0.039 0.021 0.012 0.013 0.014 0.014 0.018 0.019 0.009 0.101 0.452 0.022 0.044 0.048 0.012 0.021 0.029 0.006 0.02 0.084
265 L 0.087 0.021 0.014 0.016 0.015 0.015 0.02 0.026 0.009 0.137 0.28 0.024 0.035 0.039 0.015 0.03 0.035 0.006 0.018 0.159
266 N 0.053 0.035 0.171 0.052 0.01 0.03 0.082 0.045 0.028 0.026 0.039 0.045 0.013 0.041 0.019 0.115 0.044 0.009 0.111 0.032
267 Q 0.051 0.059 0.036 0.038 0.009 0.274 0.082 0.034 0.023 0.038 0.05 0.073 0.019 0.015 0.02 0.047 0.037 0.005 0.018 0.072
268 E 0.047 0.041 0.039 0.128 0.007 0.053 0.345 0.032 0.022 0.019 0.031 0.063 0.011 0.014 0.022 0.048 0.032 0.005 0.014 0.027
269 R 0.05 0.196 0.035 0.037 0.008 0.041 0.089 0.034 0.022 0.024 0.041 0.149 0.014 0.028 0.02 0.075 0.036 0.007 0.063 0.031
270 N 0.048 0.035 0.263 0.057 0.01 0.027 0.04 0.051 0.024 0.027 0.039 0.043 0.012 0.051 0.019 0.091 0.081 0.006 0.042 0.033
271 P 0.067 0.028 0.146 0.097 0.009 0.023 0.04 0.11 0.017 0.022 0.03 0.039 0.009 0.014 0.22 0.05 0.035 0.003 0.012 0.027
272 N 0.044 0.105 0.173 0.055 0.007 0.074 0.097 0.043 0.024 0.021 0.034 0.141 0.012 0.015 0.02 0.052 0.037 0.005 0.015 0.027
273 Y 0.039 0.076 0.024 0.02 0.009 0.023 0.029 0.024 0.083 0.047 0.061 0.038 0.017 0.081 0.015 0.03 0.028 0.017 0.261 0.076
274 D 0.048 0.025 0.072 0.281 0.008 0.023 0.056 0.24 0.015 0.019 0.025 0.036 0.008 0.014 0.018 0.046 0.03 0.004 0.01 0.021
275 K 0.044 0.212 0.037 0.033 0.007 0.044 0.054 0.034 0.071 0.022 0.038 0.228 0.014 0.016 0.021 0.043 0.032 0.005 0.02 0.027
276 G 0.069 0.02 0.034 0.03 0.009 0.017 0.022 0.57 0.012 0.017 0.025 0.03 0.008 0.014 0.017 0.045 0.026 0.005 0.009 0.021
277 D 0.084 0.031 0.092 0.262 0.009 0.03 0.102 0.045 0.018 0.025 0.033 0.044 0.011 0.015 0.021 0.056 0.073 0.004 0.012 0.032
278 I 0.047 0.018 0.013 0.015 0.015 0.013 0.017 0.019 0.008 0.244 0.194 0.022 0.033 0.038 0.013 0.024 0.036 0.005 0.018 0.205
279 L 0.056 0.035 0.035 0.087 0.011 0.026 0.06 0.135 0.014 0.044 0.139 0.077 0.02 0.024 0.019 0.078 0.074 0.005 0.015 0.045
280 D 0.038 0.028 0.057 0.422 0.007 0.03 0.118 0.04 0.017 0.02 0.026 0.043 0.009 0.013 0.02 0.046 0.031 0.003 0.01 0.022
281 F 0.03 0.017 0.015 0.015 0.009 0.009 0.017 0.022 0.015 0.056 0.1 0.017 0.022 0.462 0.009 0.022 0.022 0.015 0.078 0.048
282 L 0.039 0.018 0.013 0.015 0.014 0.012 0.016 0.019 0.009 0.225 0.256 0.021 0.035 0.095 0.012 0.022 0.031 0.007 0.026 0.115
283 N 0.067 0.035 0.262 0.057 0.01 0.027 0.04 0.052 0.022 0.025 0.034 0.044 0.011 0.016 0.087 0.078 0.081 0.004 0.014 0.032
284 V 0.066 0.022 0.025 0.024 0.015 0.018 0.026 0.098 0.01 0.153 0.092 0.029 0.023 0.028 0.017 0.101 0.046 0.005 0.016 0.185
285 A 0.237 0.031 0.035 0.034 0.017 0.026 0.041 0.063 0.015 0.032 0.044 0.043 0.015 0.019 0.026 0.195 0.058 0.005 0.015 0.049
286 I 0.043 0.016 0.013 0.016 0.014 0.012 0.016 0.018 0.008 0.347 0.145 0.021 0.032 0.038 0.013 0.022 0.035 0.005 0.018 0.168
287 L 0.039 0.021 0.013 0.014 0.014 0.014 0.017 0.019 0.009 0.134 0.414 0.022 0.042 0.047 0.013 0.021 0.03 0.006 0.019 0.093
288 P 0.05 0.023 0.02 0.027 0.009 0.018 0.032 0.032 0.011 0.023 0.032 0.036 0.009 0.011 0.556 0.039 0.032 0.002 0.011 0.027
289 D 0.036 0.026 0.061 0.471 0.007 0.026 0.08 0.041 0.016 0.02 0.025 0.039 0.008 0.013 0.02 0.046 0.031 0.003 0.01 0.021
290 F 0.03 0.017 0.015 0.015 0.009 0.009 0.017 0.022 0.015 0.056 0.1 0.017 0.022 0.462 0.009 0.022 0.022 0.015 0.078 0.048
291 I 0.041 0.016 0.013 0.016 0.014 0.012 0.016 0.018 0.008 0.361 0.147 0.021 0.032 0.039 0.013 0.022 0.035 0.005 0.018 0.155
292 S 0.096 0.035 0.047 0.043 0.015 0.029 0.046 0.058 0.017 0.026 0.037 0.047 0.014 0.018 0.026 0.316 0.072 0.005 0.015 0.037
293 K 0.05 0.094 0.036 0.036 0.008 0.047 0.062 0.038 0.018 0.024 0.038 0.367 0.014 0.014 0.024 0.047 0.035 0.005 0.015 0.029
294 R 0.038 0.325 0.03 0.024 0.007 0.037 0.041 0.027 0.026 0.025 0.046 0.086 0.014 0.04 0.016 0.036 0.029 0.01 0.112 0.031
295 I 0.047 0.019 0.019 0.02 0.015 0.015 0.02 0.023 0.009 0.282 0.125 0.025 0.029 0.034 0.016 0.037 0.111 0.005 0.017 0.132
296 D 0.086 0.027 0.054 0.362 0.009 0.026 0.07 0.047 0.016 0.023 0.03 0.04 0.01 0.014 0.021 0.083 0.038 0.004 0.011 0.028
297 D 0.05 0.031 0.043 0.209 0.008 0.032 0.139 0.038 0.017 0.021 0.03 0.046 0.01 0.014 0.155 0.078 0.037 0.004 0.012 0.026
298 N 0.046 0.032 0.169 0.044 0.011 0.024 0.034 0.041 0.022 0.037 0.052 0.038 0.015 0.086 0.019 0.06 0.149 0.008 0.071 0.043
299 V 0.059 0.02 0.017 0.018 0.016 0.015 0.022 0.023 0.008 0.159 0.111 0.025 0.027 0.031 0.015 0.035 0.079 0.005 0.018 0.296
300 R 0.04 0.242 0.036 0.083 0.007 0.037 0.051 0.032 0.019 0.026 0.045 0.151 0.014 0.07 0.018 0.04 0.031 0.006 0.022 0.029
301 S 0.066 0.032 0.085 0.099 0.012 0.029 0.085 0.111 0.017 0.039 0.043 0.043 0.014 0.018 0.021 0.132 0.066 0.004 0.014 0.072
302 R 0.043 0.301 0.035 0.031 0.007 0.044 0.052 0.032 0.02 0.022 0.04 0.203 0.014 0.015 0.02 0.042 0.032 0.005 0.015 0.028
303 F 0.031 0.019 0.016 0.015 0.009 0.012 0.019 0.022 0.021 0.051 0.09 0.019 0.021 0.375 0.01 0.024 0.023 0.017 0.159 0.046
304 P 0.052 0.036 0.123 0.049 0.009 0.064 0.088 0.042 0.019 0.022 0.033 0.05 0.011 0.014 0.221 0.081 0.04 0.004 0.014 0.028
305 V 0.05 0.02 0.018 0.019 0.013 0.015 0.022 0.025 0.01 0.122 0.097 0.025 0.023 0.136 0.082 0.034 0.073 0.007 0.032 0.177
306 L 0.05 0.084 0.071 0.03 0.012 0.025 0.034 0.032 0.014 0.1 0.164 0.082 0.025 0.029 0.017 0.07 0.04 0.005 0.017 0.1
307 L 0.04 0.081 0.018 0.018 0.012 0.022 0.027 0.022 0.011 0.082 0.349 0.076 0.036 0.04 0.014 0.027 0.03 0.006 0.018 0.07
308 I 0.041 0.016 0.013 0.016 0.014 0.012 0.016 0.018 0.008 0.361 0.147 0.021 0.032 0.039 0.013 0.022 0.035 0.005 0.018 0.155
309 T 0.101 0.033 0.033 0.031 0.015 0.059 0.04 0.04 0.013 0.055 0.062 0.043 0.018 0.021 0.023 0.07 0.227 0.005 0.016 0.095
310 P 0.045 0.028 0.08 0.15 0.008 0.026 0.089 0.037 0.016 0.021 0.03 0.042 0.009 0.013 0.288 0.044 0.033 0.003 0.012 0.025
311 E 0.048 0.046 0.036 0.074 0.007 0.088 0.346 0.031 0.023 0.02 0.033 0.068 0.012 0.014 0.022 0.048 0.033 0.005 0.015 0.028
312 L 0.039 0.021 0.012 0.013 0.014 0.014 0.018 0.019 0.009 0.101 0.452 0.022 0.044 0.048 0.012 0.021 0.029 0.006 0.02 0.084
313 T 0.059 0.036 0.083 0.039 0.014 0.061 0.043 0.04 0.016 0.04 0.051 0.046 0.016 0.019 0.023 0.075 0.264 0.005 0.016 0.054
314 V 0.14 0.021 0.016 0.018 0.017 0.016 0.024 0.033 0.009 0.118 0.099 0.027 0.025 0.028 0.017 0.04 0.043 0.005 0.017 0.284
315 T 0.112 0.03 0.038 0.034 0.015 0.024 0.036 0.113 0.013 0.037 0.047 0.04 0.015 0.019 0.024 0.135 0.196 0.005 0.015 0.051
316 T 0.064 0.031 0.038 0.033 0.016 0.024 0.035 0.038 0.012 0.047 0.057 0.04 0.017 0.021 0.024 0.081 0.339 0.005 0.016 0.062
317 G 0.069 0.02 0.034 0.03 0.009 0.017 0.022 0.57 0.012 0.017 0.025 0.03 0.008 0.014 0.017 0.045 0.026 0.005 0.009 0.021
318 F 0.03 0.017 0.015 0.015 0.009 0.009 0.017 0.022 0.015 0.056 0.1 0.017 0.022 0.462 0.009 0.022 0.022 0.015 0.078 0.048
319 G 0.074 0.023 0.035 0.031 0.078 0.019 0.027 0.375 0.012 0.022 0.032 0.033 0.01 0.016 0.019 0.112 0.038 0.005 0.011 0.029
320 W 0.031 0.071 0.018 0.016 0.007 0.018 0.024 0.025 0.021 0.032 0.056 0.032 0.015 0.115 0.01 0.024 0.023 0.286 0.142 0.033
