#Seq2Logo.py -f /work3/idamei/ssn-clusterings/clustering/2205111339/clusters/0005_225/sequences.afa -o /work3/idamei/ssn-clusterings/clustering/2205111339/clusters/0005_225/sequences.logo
#Position Specific Frequency Matrix
A R N D C Q E G H I L K M F P S T W Y V
0 L 0.051 0.032 0.02 0.02 0.016 0.028 0.028 0.028 0.016 0.099 0.194 0.036 0.173 0.047 0.016 0.036 0.04 0.008 0.024 0.091
1 L 0.043 0.112 0.098 0.036 0.012 0.028 0.035 0.035 0.018 0.068 0.212 0.055 0.031 0.036 0.017 0.04 0.037 0.006 0.019 0.062
2 D 0.05 0.033 0.042 0.137 0.011 0.033 0.114 0.037 0.019 0.04 0.06 0.045 0.017 0.113 0.021 0.056 0.088 0.008 0.033 0.045
3 L 0.052 0.032 0.02 0.02 0.016 0.028 0.028 0.028 0.016 0.1 0.197 0.036 0.161 0.048 0.016 0.036 0.04 0.008 0.024 0.092
4 T 0.073 0.036 0.043 0.038 0.018 0.028 0.039 0.043 0.014 0.053 0.065 0.045 0.02 0.024 0.028 0.093 0.246 0.006 0.018 0.071
5 T 0.073 0.036 0.043 0.038 0.018 0.028 0.039 0.043 0.014 0.053 0.065 0.045 0.02 0.024 0.028 0.093 0.246 0.006 0.018 0.071
6 D 0.061 0.051 0.046 0.128 0.011 0.034 0.06 0.045 0.026 0.03 0.045 0.104 0.015 0.045 0.023 0.092 0.046 0.01 0.093 0.036
7 N 0.049 0.075 0.184 0.061 0.009 0.043 0.059 0.053 0.026 0.025 0.037 0.171 0.013 0.017 0.024 0.061 0.044 0.005 0.016 0.029
8 S 0.078 0.043 0.084 0.061 0.012 0.041 0.115 0.054 0.065 0.026 0.038 0.058 0.014 0.02 0.026 0.143 0.059 0.005 0.022 0.034
9 D 0.04 0.029 0.062 0.358 0.008 0.028 0.082 0.043 0.022 0.025 0.033 0.042 0.01 0.029 0.021 0.049 0.034 0.007 0.051 0.027
10 Y 0.048 0.03 0.028 0.023 0.011 0.024 0.033 0.028 0.116 0.068 0.075 0.033 0.021 0.081 0.016 0.034 0.033 0.017 0.183 0.099
11 R 0.043 0.152 0.041 0.121 0.01 0.034 0.053 0.034 0.061 0.045 0.125 0.067 0.022 0.027 0.019 0.04 0.033 0.006 0.022 0.044
12 I 0.049 0.051 0.075 0.036 0.012 0.03 0.04 0.035 0.016 0.153 0.102 0.116 0.025 0.03 0.02 0.041 0.041 0.005 0.018 0.103
13 F 0.095 0.024 0.024 0.024 0.015 0.018 0.027 0.039 0.014 0.126 0.11 0.03 0.026 0.153 0.018 0.069 0.043 0.009 0.042 0.095
14 L 0.042 0.03 0.118 0.038 0.013 0.021 0.029 0.036 0.018 0.075 0.221 0.033 0.032 0.099 0.015 0.039 0.037 0.008 0.031 0.065
15 W 0.047 0.056 0.034 0.036 0.008 0.155 0.075 0.037 0.024 0.027 0.048 0.068 0.019 0.03 0.018 0.044 0.035 0.17 0.036 0.033
16 N 0.139 0.039 0.18 0.059 0.014 0.031 0.046 0.069 0.024 0.03 0.042 0.05 0.014 0.019 0.025 0.101 0.054 0.005 0.016 0.043
17 K 0.052 0.188 0.04 0.038 0.008 0.051 0.064 0.039 0.021 0.026 0.044 0.231 0.015 0.016 0.025 0.05 0.038 0.005 0.017 0.032
18 L 0.044 0.133 0.022 0.02 0.013 0.027 0.031 0.025 0.014 0.084 0.27 0.056 0.038 0.042 0.016 0.031 0.034 0.007 0.02 0.074
19 Y 0.039 0.026 0.021 0.018 0.009 0.02 0.026 0.025 0.041 0.046 0.075 0.029 0.02 0.173 0.015 0.03 0.027 0.026 0.285 0.048
20 A 0.11 0.031 0.025 0.038 0.013 0.031 0.098 0.039 0.024 0.097 0.082 0.043 0.021 0.053 0.021 0.048 0.038 0.011 0.095 0.08
21 I 0.059 0.027 0.028 0.026 0.015 0.021 0.03 0.033 0.021 0.133 0.1 0.034 0.025 0.057 0.02 0.069 0.096 0.011 0.096 0.099
22 Y 0.043 0.023 0.018 0.018 0.013 0.017 0.023 0.022 0.027 0.162 0.116 0.027 0.027 0.086 0.015 0.028 0.033 0.017 0.174 0.11
23 N 0.075 0.042 0.19 0.065 0.013 0.033 0.05 0.065 0.025 0.026 0.036 0.053 0.013 0.019 0.025 0.15 0.065 0.005 0.016 0.034
24 L 0.044 0.022 0.014 0.016 0.016 0.015 0.019 0.021 0.01 0.156 0.33 0.025 0.046 0.051 0.014 0.024 0.034 0.007 0.022 0.115
25 A 0.132 0.031 0.034 0.033 0.018 0.025 0.037 0.051 0.014 0.102 0.082 0.041 0.022 0.027 0.025 0.108 0.107 0.006 0.018 0.088
26 L 0.039 0.021 0.015 0.016 0.013 0.013 0.019 0.023 0.013 0.088 0.249 0.022 0.037 0.225 0.012 0.024 0.029 0.012 0.055 0.074
27 L 0.044 0.024 0.014 0.015 0.016 0.016 0.02 0.021 0.01 0.114 0.385 0.025 0.049 0.054 0.014 0.024 0.033 0.007 0.022 0.095
28 F 0.04 0.023 0.017 0.017 0.013 0.016 0.021 0.025 0.015 0.084 0.201 0.024 0.068 0.223 0.013 0.027 0.031 0.012 0.055 0.074
29 L 0.061 0.026 0.024 0.024 0.016 0.019 0.027 0.032 0.012 0.135 0.244 0.032 0.037 0.043 0.018 0.076 0.046 0.006 0.02 0.101
30 L 0.051 0.026 0.018 0.018 0.015 0.02 0.025 0.024 0.02 0.104 0.194 0.029 0.068 0.066 0.015 0.031 0.037 0.012 0.098 0.128
31 F 0.055 0.024 0.025 0.025 0.014 0.017 0.027 0.034 0.015 0.109 0.108 0.028 0.025 0.214 0.016 0.077 0.043 0.011 0.053 0.081
32 F 0.04 0.018 0.016 0.017 0.013 0.012 0.018 0.023 0.013 0.172 0.139 0.021 0.031 0.22 0.012 0.025 0.032 0.011 0.054 0.114
33 G 0.074 0.021 0.033 0.029 0.131 0.017 0.023 0.396 0.012 0.025 0.037 0.03 0.011 0.017 0.018 0.048 0.031 0.005 0.011 0.032
34 V 0.057 0.021 0.015 0.017 0.017 0.015 0.021 0.022 0.009 0.18 0.202 0.025 0.037 0.042 0.015 0.028 0.042 0.006 0.021 0.207
35 L 0.053 0.026 0.017 0.018 0.135 0.021 0.023 0.027 0.012 0.089 0.209 0.029 0.103 0.042 0.015 0.034 0.037 0.007 0.02 0.083
36 F 0.038 0.021 0.017 0.017 0.012 0.014 0.021 0.024 0.022 0.112 0.114 0.023 0.026 0.241 0.013 0.026 0.029 0.017 0.131 0.082
37 S 0.108 0.04 0.053 0.048 0.017 0.033 0.052 0.065 0.019 0.029 0.041 0.053 0.015 0.021 0.029 0.231 0.081 0.005 0.017 0.041
38 P 0.056 0.025 0.023 0.031 0.01 0.02 0.036 0.036 0.013 0.025 0.036 0.041 0.01 0.013 0.501 0.043 0.036 0.003 0.013 0.031
39 H 0.045 0.052 0.05 0.04 0.008 0.085 0.065 0.038 0.281 0.023 0.04 0.056 0.016 0.026 0.02 0.045 0.03 0.007 0.047 0.026
40 I 0.046 0.019 0.014 0.017 0.016 0.014 0.018 0.02 0.009 0.24 0.22 0.024 0.039 0.046 0.014 0.024 0.038 0.006 0.021 0.154
41 A 0.197 0.031 0.036 0.035 0.018 0.025 0.039 0.184 0.015 0.033 0.047 0.044 0.015 0.02 0.027 0.112 0.052 0.005 0.016 0.05
42 F 0.033 0.019 0.017 0.017 0.01 0.01 0.019 0.025 0.017 0.062 0.113 0.019 0.025 0.396 0.01 0.025 0.025 0.017 0.087 0.054
43 W 0.031 0.021 0.015 0.015 0.008 0.014 0.021 0.029 0.015 0.038 0.067 0.021 0.017 0.144 0.008 0.023 0.023 0.379 0.072 0.036
44 L 0.103 0.031 0.032 0.031 0.017 0.026 0.036 0.046 0.015 0.111 0.113 0.04 0.06 0.033 0.022 0.112 0.056 0.006 0.02 0.09
45 C 0.126 0.021 0.024 0.024 0.254 0.017 0.024 0.165 0.011 0.037 0.054 0.029 0.015 0.019 0.02 0.054 0.038 0.005 0.013 0.051
46 I 0.056 0.018 0.015 0.017 0.136 0.014 0.018 0.024 0.008 0.192 0.131 0.023 0.03 0.036 0.015 0.03 0.041 0.005 0.018 0.171
47 F 0.103 0.023 0.018 0.019 0.015 0.016 0.024 0.037 0.014 0.07 0.167 0.027 0.029 0.217 0.016 0.039 0.033 0.011 0.054 0.068
48 L 0.044 0.024 0.014 0.015 0.016 0.016 0.02 0.021 0.01 0.114 0.385 0.025 0.049 0.054 0.014 0.024 0.033 0.007 0.022 0.095
49 L 0.044 0.024 0.014 0.015 0.016 0.016 0.02 0.021 0.01 0.114 0.385 0.025 0.049 0.054 0.014 0.024 0.033 0.007 0.022 0.095
50 L 0.052 0.025 0.021 0.021 0.016 0.018 0.024 0.026 0.011 0.14 0.25 0.029 0.038 0.044 0.017 0.041 0.091 0.006 0.02 0.108
51 G 0.075 0.029 0.041 0.035 0.014 0.023 0.032 0.28 0.013 0.036 0.046 0.039 0.014 0.02 0.023 0.071 0.143 0.006 0.014 0.047
52 P 0.12 0.046 0.026 0.03 0.015 0.029 0.042 0.045 0.014 0.064 0.066 0.1 0.018 0.021 0.143 0.053 0.043 0.005 0.017 0.103
53 F 0.038 0.022 0.017 0.017 0.012 0.015 0.021 0.024 0.022 0.07 0.169 0.023 0.029 0.244 0.013 0.026 0.028 0.017 0.131 0.062
54 S 0.1 0.035 0.05 0.044 0.016 0.029 0.045 0.178 0.018 0.027 0.038 0.048 0.014 0.019 0.027 0.186 0.068 0.005 0.016 0.037
55 N 0.046 0.137 0.183 0.059 0.008 0.042 0.055 0.051 0.026 0.024 0.038 0.128 0.013 0.017 0.022 0.058 0.043 0.005 0.016 0.029
56 V 0.072 0.028 0.027 0.025 0.016 0.022 0.031 0.035 0.02 0.099 0.091 0.034 0.024 0.055 0.019 0.082 0.051 0.011 0.096 0.162
57 G 0.066 0.066 0.04 0.038 0.01 0.037 0.049 0.221 0.017 0.027 0.04 0.162 0.014 0.017 0.024 0.057 0.063 0.005 0.015 0.034
58 L 0.047 0.02 0.015 0.017 0.016 0.014 0.019 0.022 0.01 0.197 0.209 0.023 0.037 0.089 0.014 0.025 0.037 0.007 0.029 0.152
59 I 0.046 0.019 0.014 0.017 0.016 0.014 0.018 0.02 0.009 0.24 0.22 0.024 0.039 0.046 0.014 0.024 0.038 0.006 0.021 0.154
60 R 0.044 0.355 0.038 0.031 0.008 0.048 0.052 0.032 0.023 0.023 0.046 0.118 0.015 0.017 0.019 0.044 0.034 0.006 0.017 0.031
61 N 0.05 0.068 0.148 0.068 0.008 0.048 0.121 0.049 0.026 0.024 0.037 0.147 0.013 0.016 0.024 0.059 0.042 0.005 0.016 0.03
62 G 0.072 0.028 0.034 0.031 0.015 0.022 0.031 0.159 0.013 0.082 0.142 0.036 0.025 0.031 0.021 0.091 0.073 0.006 0.017 0.071
63 I 0.046 0.019 0.014 0.017 0.016 0.014 0.018 0.02 0.009 0.24 0.22 0.024 0.039 0.046 0.014 0.024 0.038 0.006 0.021 0.154
64 V 0.061 0.024 0.023 0.022 0.016 0.018 0.026 0.029 0.012 0.11 0.108 0.029 0.027 0.122 0.018 0.045 0.095 0.008 0.036 0.171
65 L 0.045 0.02 0.014 0.017 0.016 0.014 0.018 0.021 0.009 0.219 0.248 0.024 0.041 0.047 0.014 0.024 0.037 0.006 0.021 0.144
66 I 0.046 0.017 0.014 0.017 0.016 0.013 0.017 0.02 0.009 0.282 0.165 0.023 0.036 0.044 0.014 0.025 0.039 0.006 0.02 0.174
67 A 0.239 0.041 0.03 0.034 0.018 0.075 0.055 0.068 0.018 0.038 0.055 0.055 0.018 0.02 0.028 0.077 0.047 0.005 0.018 0.06
68 V 0.058 0.02 0.015 0.017 0.017 0.015 0.02 0.022 0.008 0.222 0.147 0.024 0.034 0.039 0.015 0.029 0.044 0.006 0.02 0.227
69 F 0.11 0.026 0.025 0.025 0.015 0.018 0.029 0.042 0.015 0.055 0.087 0.032 0.022 0.209 0.019 0.056 0.089 0.011 0.052 0.062
70 L 0.112 0.029 0.02 0.021 0.017 0.024 0.029 0.038 0.014 0.089 0.208 0.035 0.103 0.043 0.019 0.045 0.04 0.007 0.022 0.086
71 I 0.046 0.019 0.014 0.017 0.016 0.014 0.018 0.02 0.009 0.24 0.22 0.024 0.039 0.046 0.014 0.024 0.038 0.006 0.021 0.154
72 L 0.045 0.021 0.014 0.016 0.016 0.015 0.019 0.021 0.009 0.198 0.275 0.024 0.043 0.049 0.014 0.024 0.036 0.006 0.021 0.134
73 F 0.038 0.021 0.017 0.017 0.012 0.014 0.021 0.024 0.022 0.112 0.114 0.023 0.026 0.241 0.013 0.026 0.029 0.017 0.131 0.082
74 T 0.129 0.034 0.038 0.035 0.018 0.027 0.039 0.051 0.014 0.05 0.063 0.045 0.019 0.023 0.028 0.089 0.206 0.006 0.017 0.069
75 A 0.185 0.026 0.021 0.023 0.02 0.021 0.031 0.051 0.011 0.102 0.093 0.035 0.024 0.028 0.023 0.058 0.049 0.005 0.019 0.174
76 V 0.08 0.029 0.032 0.03 0.018 0.023 0.034 0.039 0.012 0.102 0.091 0.037 0.024 0.029 0.022 0.097 0.109 0.005 0.019 0.168
77 S 0.108 0.04 0.053 0.048 0.017 0.033 0.052 0.065 0.019 0.029 0.041 0.053 0.015 0.021 0.029 0.231 0.081 0.005 0.017 0.041
78 R 0.044 0.355 0.038 0.031 0.008 0.048 0.052 0.032 0.023 0.023 0.046 0.118 0.015 0.017 0.019 0.044 0.034 0.006 0.017 0.031
79 E 0.055 0.055 0.041 0.078 0.008 0.104 0.256 0.036 0.026 0.023 0.039 0.078 0.015 0.016 0.025 0.055 0.037 0.006 0.017 0.032
80 I 0.046 0.017 0.014 0.017 0.016 0.013 0.017 0.02 0.009 0.282 0.165 0.023 0.036 0.044 0.014 0.025 0.039 0.006 0.02 0.174
81 G 0.077 0.023 0.039 0.033 0.011 0.019 0.025 0.517 0.013 0.019 0.028 0.033 0.009 0.016 0.019 0.051 0.029 0.005 0.011 0.024
82 I 0.049 0.019 0.015 0.017 0.015 0.013 0.019 0.022 0.011 0.197 0.143 0.023 0.032 0.13 0.014 0.027 0.038 0.008 0.037 0.171
83 S 0.092 0.041 0.122 0.057 0.015 0.033 0.051 0.065 0.022 0.027 0.039 0.053 0.014 0.02 0.027 0.191 0.073 0.005 0.017 0.038
84 L 0.051 0.104 0.021 0.02 0.015 0.023 0.028 0.025 0.012 0.145 0.181 0.048 0.033 0.037 0.016 0.031 0.039 0.006 0.02 0.145
85 F 0.034 0.019 0.017 0.017 0.011 0.011 0.019 0.025 0.017 0.064 0.114 0.019 0.025 0.385 0.011 0.025 0.025 0.017 0.089 0.055
86 S 0.09 0.034 0.044 0.04 0.016 0.027 0.043 0.055 0.018 0.038 0.059 0.045 0.018 0.114 0.025 0.18 0.067 0.008 0.035 0.045
87 D 0.04 0.029 0.068 0.406 0.007 0.029 0.09 0.046 0.018 0.022 0.028 0.044 0.009 0.015 0.022 0.051 0.035 0.004 0.011 0.024
88 D 0.04 0.029 0.068 0.406 0.007 0.029 0.09 0.046 0.018 0.022 0.028 0.044 0.009 0.015 0.022 0.051 0.035 0.004 0.011 0.024
89 L 0.044 0.024 0.014 0.015 0.016 0.016 0.02 0.021 0.01 0.114 0.385 0.025 0.049 0.054 0.014 0.024 0.033 0.007 0.022 0.095
90 L 0.059 0.028 0.028 0.027 0.017 0.021 0.029 0.032 0.011 0.125 0.17 0.034 0.031 0.036 0.021 0.058 0.147 0.006 0.019 0.102
91 G 0.063 0.049 0.111 0.047 0.01 0.031 0.042 0.285 0.02 0.022 0.032 0.102 0.011 0.016 0.021 0.056 0.037 0.005 0.013 0.027
92 T 0.066 0.031 0.036 0.032 0.017 0.024 0.033 0.037 0.012 0.11 0.089 0.039 0.024 0.028 0.024 0.075 0.203 0.006 0.018 0.096
93 Y 0.04 0.028 0.021 0.018 0.009 0.021 0.028 0.025 0.046 0.043 0.067 0.031 0.018 0.129 0.015 0.031 0.028 0.028 0.328 0.046
94 L 0.051 0.032 0.02 0.02 0.016 0.028 0.028 0.028 0.016 0.099 0.194 0.036 0.173 0.047 0.016 0.036 0.04 0.008 0.024 0.091
95 P 0.056 0.025 0.023 0.031 0.01 0.02 0.036 0.036 0.013 0.025 0.036 0.041 0.01 0.013 0.501 0.043 0.036 0.003 0.013 0.031
96 I 0.046 0.017 0.014 0.017 0.016 0.013 0.017 0.02 0.009 0.282 0.165 0.023 0.036 0.044 0.014 0.025 0.039 0.006 0.02 0.174
97 L 0.056 0.023 0.015 0.016 0.017 0.016 0.021 0.023 0.009 0.138 0.257 0.025 0.04 0.045 0.015 0.028 0.041 0.006 0.021 0.187
98 N 0.045 0.046 0.187 0.073 0.008 0.042 0.114 0.05 0.113 0.022 0.034 0.056 0.012 0.02 0.021 0.058 0.04 0.005 0.026 0.027
99 S 0.082 0.064 0.048 0.046 0.013 0.086 0.069 0.053 0.022 0.028 0.043 0.121 0.017 0.018 0.027 0.143 0.06 0.005 0.018 0.037
100 W 0.047 0.046 0.029 0.031 0.01 0.12 0.061 0.033 0.02 0.091 0.078 0.056 0.023 0.033 0.017 0.039 0.036 0.129 0.032 0.068
101 K 0.056 0.091 0.041 0.053 0.008 0.055 0.129 0.041 0.022 0.026 0.041 0.235 0.015 0.016 0.027 0.053 0.038 0.005 0.017 0.032
102 E 0.055 0.069 0.041 0.066 0.008 0.102 0.196 0.038 0.025 0.024 0.04 0.132 0.015 0.016 0.025 0.054 0.038 0.005 0.018 0.032
103 G 0.059 0.025 0.03 0.026 0.01 0.02 0.026 0.271 0.03 0.031 0.048 0.032 0.014 0.072 0.017 0.041 0.028 0.016 0.169 0.035
104 G 0.061 0.034 0.034 0.032 0.01 0.068 0.043 0.275 0.018 0.031 0.054 0.044 0.016 0.111 0.018 0.045 0.031 0.008 0.032 0.034
105 G 0.069 0.029 0.037 0.034 0.014 0.023 0.035 0.16 0.013 0.037 0.048 0.041 0.015 0.019 0.143 0.069 0.145 0.005 0.015 0.049
106 F 0.037 0.018 0.016 0.017 0.012 0.011 0.018 0.024 0.015 0.117 0.126 0.02 0.028 0.308 0.011 0.025 0.029 0.014 0.071 0.084
107 E 0.045 0.036 0.029 0.053 0.009 0.04 0.165 0.03 0.028 0.037 0.063 0.05 0.017 0.139 0.019 0.041 0.031 0.014 0.112 0.04
108 G 0.132 0.031 0.046 0.129 0.014 0.027 0.052 0.176 0.016 0.028 0.039 0.044 0.013 0.018 0.025 0.104 0.049 0.005 0.014 0.039
109 T 0.081 0.036 0.045 0.04 0.017 0.029 0.042 0.048 0.015 0.047 0.058 0.047 0.018 0.023 0.028 0.126 0.213 0.006 0.017 0.063
110 G 0.073 0.027 0.036 0.032 0.012 0.021 0.031 0.282 0.015 0.024 0.037 0.036 0.012 0.028 0.018 0.089 0.04 0.129 0.026 0.03
111 L 0.043 0.025 0.016 0.017 0.015 0.018 0.022 0.024 0.013 0.097 0.269 0.026 0.074 0.138 0.014 0.027 0.033 0.01 0.039 0.084
112 G 0.072 0.043 0.039 0.035 0.01 0.027 0.036 0.399 0.015 0.021 0.032 0.097 0.011 0.016 0.021 0.051 0.032 0.005 0.012 0.026
113 L 0.042 0.019 0.015 0.017 0.015 0.013 0.018 0.022 0.011 0.185 0.207 0.023 0.037 0.134 0.013 0.025 0.034 0.009 0.038 0.124
114 E 0.054 0.049 0.04 0.089 0.007 0.064 0.307 0.034 0.025 0.022 0.036 0.074 0.013 0.016 0.025 0.054 0.036 0.005 0.016 0.031
115 L 0.051 0.022 0.015 0.016 0.017 0.015 0.02 0.022 0.009 0.168 0.266 0.025 0.041 0.047 0.015 0.026 0.038 0.006 0.021 0.161
116 G 0.066 0.022 0.033 0.029 0.011 0.017 0.024 0.394 0.014 0.03 0.049 0.03 0.013 0.111 0.017 0.044 0.028 0.008 0.03 0.032
117 L 0.041 0.022 0.017 0.017 0.013 0.015 0.021 0.023 0.02 0.125 0.183 0.024 0.032 0.156 0.014 0.026 0.031 0.014 0.114 0.092
118 V 0.068 0.023 0.023 0.025 0.015 0.018 0.027 0.15 0.011 0.092 0.08 0.031 0.02 0.025 0.138 0.04 0.041 0.005 0.016 0.153
119 L 0.115 0.023 0.017 0.02 0.018 0.018 0.025 0.036 0.01 0.15 0.184 0.029 0.033 0.038 0.018 0.041 0.042 0.006 0.02 0.154
120 Y 0.042 0.025 0.02 0.018 0.011 0.019 0.025 0.023 0.037 0.103 0.092 0.029 0.023 0.108 0.015 0.029 0.03 0.022 0.251 0.078
121 L 0.046 0.024 0.016 0.017 0.016 0.018 0.021 0.022 0.011 0.152 0.282 0.027 0.077 0.05 0.015 0.027 0.036 0.007 0.022 0.114
122 D 0.062 0.055 0.122 0.144 0.01 0.037 0.065 0.055 0.022 0.025 0.036 0.11 0.013 0.017 0.025 0.101 0.051 0.005 0.015 0.031
123 T 0.057 0.03 0.03 0.028 0.015 0.023 0.031 0.035 0.015 0.067 0.109 0.036 0.059 0.123 0.02 0.061 0.145 0.009 0.037 0.071
124 L 0.045 0.021 0.015 0.016 0.015 0.014 0.019 0.022 0.011 0.149 0.23 0.023 0.038 0.134 0.014 0.025 0.034 0.009 0.038 0.128
125 L 0.046 0.026 0.015 0.016 0.016 0.019 0.022 0.023 0.011 0.11 0.337 0.028 0.08 0.052 0.014 0.027 0.035 0.007 0.022 0.094
126 N 0.053 0.037 0.18 0.058 0.011 0.028 0.043 0.052 0.022 0.031 0.04 0.048 0.013 0.018 0.142 0.068 0.098 0.004 0.015 0.038
127 F 0.036 0.02 0.016 0.016 0.012 0.012 0.019 0.024 0.015 0.075 0.181 0.02 0.031 0.31 0.011 0.025 0.027 0.014 0.071 0.064
128 F 0.047 0.021 0.017 0.018 0.014 0.015 0.022 0.024 0.02 0.137 0.118 0.025 0.028 0.151 0.014 0.028 0.035 0.014 0.114 0.138
129 G 0.074 0.048 0.039 0.038 0.012 0.031 0.046 0.165 0.016 0.025 0.037 0.104 0.013 0.016 0.144 0.094 0.046 0.005 0.014 0.032
130 N 0.044 0.031 0.171 0.05 0.012 0.023 0.033 0.042 0.02 0.152 0.098 0.038 0.024 0.031 0.017 0.047 0.044 0.005 0.018 0.1
131 P 0.051 0.031 0.102 0.042 0.012 0.023 0.035 0.042 0.018 0.041 0.061 0.039 0.016 0.112 0.14 0.057 0.092 0.007 0.033 0.045
132 D 0.041 0.033 0.133 0.325 0.008 0.03 0.08 0.05 0.022 0.022 0.028 0.046 0.01 0.015 0.022 0.056 0.038 0.004 0.012 0.025
133 A 0.243 0.032 0.03 0.031 0.02 0.026 0.04 0.069 0.014 0.045 0.06 0.044 0.018 0.022 0.029 0.086 0.101 0.005 0.017 0.068
134 R 0.044 0.355 0.038 0.031 0.008 0.048 0.052 0.032 0.023 0.023 0.046 0.118 0.015 0.017 0.019 0.044 0.034 0.006 0.017 0.031
135 L 0.055 0.034 0.104 0.041 0.015 0.026 0.035 0.041 0.017 0.066 0.152 0.041 0.044 0.033 0.021 0.062 0.122 0.006 0.019 0.068
136 L 0.056 0.023 0.015 0.016 0.017 0.016 0.021 0.023 0.009 0.138 0.257 0.025 0.04 0.045 0.015 0.028 0.041 0.006 0.021 0.187
137 L 0.044 0.024 0.014 0.015 0.016 0.016 0.02 0.021 0.01 0.114 0.385 0.025 0.049 0.054 0.014 0.024 0.033 0.007 0.022 0.095
138 F 0.046 0.024 0.023 0.021 0.014 0.016 0.024 0.028 0.014 0.073 0.168 0.027 0.03 0.217 0.016 0.041 0.085 0.012 0.054 0.068
139 F 0.04 0.02 0.016 0.016 0.013 0.013 0.02 0.024 0.014 0.088 0.183 0.021 0.032 0.265 0.012 0.026 0.03 0.013 0.063 0.093
140 C 0.071 0.022 0.025 0.024 0.254 0.017 0.025 0.037 0.011 0.1 0.084 0.029 0.021 0.026 0.019 0.084 0.048 0.005 0.015 0.082
141 V 0.069 0.022 0.016 0.018 0.019 0.016 0.023 0.024 0.008 0.162 0.128 0.026 0.031 0.035 0.016 0.032 0.049 0.005 0.02 0.28
142 L 0.119 0.025 0.022 0.023 0.077 0.019 0.028 0.042 0.012 0.119 0.165 0.032 0.03 0.035 0.02 0.067 0.045 0.006 0.019 0.096
143 F 0.039 0.02 0.015 0.016 0.013 0.012 0.019 0.023 0.013 0.13 0.194 0.021 0.034 0.222 0.012 0.025 0.031 0.012 0.054 0.094
144 T 0.081 0.036 0.045 0.04 0.017 0.029 0.042 0.048 0.015 0.047 0.058 0.047 0.018 0.023 0.028 0.126 0.213 0.006 0.017 0.063
145 L 0.053 0.029 0.023 0.022 0.016 0.022 0.027 0.028 0.012 0.095 0.257 0.033 0.073 0.045 0.018 0.044 0.091 0.007 0.021 0.088
146 L 0.064 0.029 0.032 0.029 0.015 0.022 0.032 0.039 0.015 0.064 0.151 0.035 0.027 0.123 0.02 0.093 0.099 0.009 0.036 0.065
147 L 0.039 0.021 0.015 0.016 0.013 0.013 0.019 0.023 0.013 0.088 0.249 0.022 0.037 0.225 0.012 0.024 0.029 0.012 0.055 0.074
148 Y 0.04 0.028 0.021 0.018 0.009 0.021 0.028 0.025 0.046 0.043 0.067 0.031 0.018 0.129 0.015 0.031 0.028 0.028 0.328 0.046
149 L 0.048 0.025 0.022 0.021 0.015 0.017 0.024 0.027 0.013 0.086 0.237 0.028 0.036 0.132 0.016 0.041 0.087 0.009 0.037 0.078
150 I 0.055 0.02 0.015 0.017 0.017 0.015 0.02 0.022 0.009 0.216 0.179 0.024 0.036 0.042 0.015 0.027 0.042 0.006 0.021 0.204
151 W 0.03 0.022 0.015 0.015 0.007 0.015 0.022 0.03 0.015 0.03 0.052 0.022 0.015 0.06 0.007 0.022 0.022 0.5 0.067 0.03
152 V 0.053 0.022 0.017 0.018 0.015 0.016 0.022 0.023 0.018 0.177 0.127 0.026 0.03 0.062 0.015 0.029 0.04 0.011 0.097 0.182
153 L 0.047 0.027 0.093 0.033 0.014 0.019 0.028 0.034 0.016 0.09 0.164 0.031 0.029 0.126 0.015 0.038 0.039 0.008 0.036 0.114
154 L 0.042 0.024 0.016 0.016 0.014 0.017 0.022 0.022 0.02 0.09 0.271 0.026 0.038 0.115 0.014 0.026 0.031 0.013 0.107 0.078
155 F 0.033 0.019 0.017 0.017 0.01 0.01 0.019 0.025 0.017 0.062 0.113 0.019 0.025 0.396 0.01 0.025 0.025 0.017 0.087 0.054
156 L 0.047 0.023 0.017 0.017 0.014 0.016 0.022 0.024 0.02 0.095 0.173 0.025 0.031 0.153 0.014 0.028 0.034 0.014 0.114 0.119
157 E 0.072 0.039 0.038 0.055 0.013 0.04 0.139 0.043 0.019 0.048 0.125 0.054 0.023 0.027 0.024 0.113 0.052 0.006 0.018 0.051
158 K 0.056 0.085 0.036 0.038 0.009 0.045 0.061 0.041 0.018 0.027 0.041 0.227 0.014 0.015 0.146 0.05 0.038 0.004 0.016 0.032
159 F 0.063 0.053 0.038 0.049 0.011 0.04 0.112 0.042 0.02 0.035 0.058 0.109 0.017 0.112 0.023 0.091 0.045 0.008 0.035 0.04
160 V 0.055 0.023 0.023 0.022 0.016 0.017 0.024 0.028 0.012 0.14 0.118 0.028 0.028 0.125 0.017 0.043 0.093 0.008 0.036 0.144
161 D 0.056 0.035 0.048 0.188 0.009 0.036 0.126 0.043 0.019 0.024 0.033 0.052 0.011 0.015 0.144 0.073 0.041 0.004 0.014 0.029
162 R 0.123 0.13 0.038 0.035 0.013 0.038 0.05 0.111 0.019 0.029 0.045 0.124 0.015 0.018 0.025 0.08 0.044 0.005 0.016 0.041
163 K 0.056 0.106 0.041 0.041 0.008 0.053 0.07 0.043 0.02 0.027 0.043 0.289 0.015 0.015 0.027 0.053 0.039 0.005 0.017 0.032
164 N 0.045 0.042 0.19 0.165 0.008 0.04 0.124 0.052 0.026 0.022 0.031 0.056 0.011 0.017 0.022 0.061 0.042 0.004 0.015 0.027
165 R 0.05 0.222 0.04 0.037 0.008 0.094 0.069 0.037 0.024 0.025 0.045 0.154 0.017 0.016 0.022 0.049 0.037 0.006 0.018 0.032
166 G 0.077 0.023 0.039 0.033 0.011 0.019 0.025 0.517 0.013 0.019 0.028 0.033 0.009 0.016 0.019 0.051 0.029 0.005 0.011 0.024
167 L 0.109 0.022 0.017 0.02 0.017 0.017 0.024 0.035 0.01 0.18 0.194 0.029 0.035 0.041 0.018 0.039 0.04 0.006 0.02 0.128
168 A 0.173 0.024 0.02 0.023 0.019 0.019 0.029 0.049 0.012 0.162 0.112 0.034 0.027 0.032 0.022 0.054 0.044 0.006 0.019 0.121
169 L 0.109 0.024 0.017 0.019 0.017 0.018 0.024 0.035 0.011 0.138 0.248 0.029 0.038 0.043 0.018 0.039 0.039 0.006 0.02 0.108
170 A 0.301 0.031 0.025 0.029 0.021 0.025 0.04 0.077 0.015 0.043 0.059 0.044 0.017 0.021 0.029 0.084 0.049 0.005 0.017 0.068
171 V 0.057 0.021 0.015 0.017 0.017 0.015 0.021 0.022 0.009 0.18 0.202 0.025 0.037 0.042 0.015 0.028 0.042 0.006 0.021 0.207
172 S 0.089 0.032 0.039 0.036 0.136 0.025 0.039 0.051 0.015 0.044 0.09 0.041 0.02 0.025 0.024 0.158 0.064 0.005 0.017 0.052
173 L 0.046 0.026 0.015 0.016 0.016 0.019 0.022 0.023 0.011 0.11 0.337 0.028 0.08 0.052 0.014 0.027 0.035 0.007 0.022 0.094
174 A 0.188 0.031 0.029 0.03 0.019 0.025 0.038 0.06 0.015 0.057 0.136 0.041 0.025 0.029 0.025 0.106 0.053 0.006 0.018 0.068
175 F 0.038 0.022 0.017 0.017 0.012 0.015 0.021 0.026 0.016 0.072 0.133 0.023 0.062 0.309 0.012 0.028 0.029 0.014 0.072 0.063
176 L 0.047 0.023 0.016 0.017 0.016 0.017 0.021 0.022 0.011 0.194 0.227 0.027 0.074 0.047 0.015 0.027 0.038 0.007 0.022 0.133
177 Q 0.055 0.072 0.043 0.046 0.009 0.226 0.101 0.041 0.029 0.026 0.046 0.09 0.02 0.014 0.023 0.055 0.041 0.006 0.02 0.035
178 I 0.052 0.018 0.015 0.017 0.017 0.014 0.019 0.021 0.009 0.252 0.156 0.024 0.035 0.041 0.015 0.027 0.042 0.006 0.02 0.2
179 G 0.077 0.023 0.039 0.033 0.011 0.019 0.025 0.517 0.013 0.019 0.028 0.033 0.009 0.016 0.019 0.051 0.029 0.005 0.011 0.024
180 L 0.044 0.023 0.017 0.019 0.013 0.016 0.024 0.026 0.012 0.079 0.229 0.027 0.033 0.129 0.135 0.029 0.032 0.008 0.036 0.069
181 L 0.044 0.024 0.014 0.015 0.016 0.016 0.02 0.021 0.01 0.114 0.385 0.025 0.049 0.054 0.014 0.024 0.033 0.007 0.022 0.095
182 S 0.147 0.036 0.044 0.041 0.018 0.029 0.045 0.063 0.017 0.038 0.051 0.049 0.017 0.021 0.029 0.159 0.117 0.005 0.017 0.055
183 Q 0.055 0.072 0.043 0.046 0.009 0.226 0.101 0.041 0.029 0.026 0.046 0.09 0.02 0.014 0.023 0.055 0.041 0.006 0.02 0.035
184 F 0.053 0.027 0.03 0.027 0.014 0.019 0.029 0.034 0.015 0.057 0.088 0.032 0.022 0.21 0.019 0.058 0.141 0.011 0.053 0.062
185 L 0.044 0.024 0.014 0.015 0.016 0.016 0.02 0.021 0.01 0.114 0.385 0.025 0.049 0.054 0.014 0.024 0.033 0.007 0.022 0.095
186 R 0.044 0.355 0.038 0.031 0.008 0.048 0.052 0.032 0.023 0.023 0.046 0.118 0.015 0.017 0.019 0.044 0.034 0.006 0.017 0.031
187 Q 0.055 0.072 0.043 0.046 0.009 0.226 0.101 0.041 0.029 0.026 0.046 0.09 0.02 0.014 0.023 0.055 0.041 0.006 0.02 0.035
188 E 0.054 0.049 0.04 0.089 0.007 0.064 0.307 0.034 0.025 0.022 0.036 0.074 0.013 0.016 0.025 0.054 0.036 0.005 0.016 0.031
189 L 0.048 0.026 0.017 0.018 0.016 0.021 0.023 0.024 0.013 0.148 0.234 0.03 0.108 0.048 0.015 0.03 0.038 0.007 0.022 0.113
190 A 0.301 0.031 0.025 0.029 0.021 0.025 0.04 0.077 0.015 0.043 0.059 0.044 0.017 0.021 0.029 0.084 0.049 0.005 0.017 0.068
191 T 0.072 0.035 0.043 0.037 0.018 0.027 0.039 0.043 0.014 0.053 0.064 0.045 0.019 0.023 0.027 0.091 0.258 0.006 0.018 0.07
192 P 0.056 0.025 0.023 0.031 0.01 0.02 0.036 0.036 0.013 0.025 0.036 0.041 0.01 0.013 0.501 0.043 0.036 0.003 0.013 0.031
193 L 0.041 0.02 0.015 0.016 0.014 0.013 0.019 0.022 0.012 0.137 0.228 0.022 0.037 0.18 0.013 0.025 0.032 0.01 0.046 0.099
194 L 0.044 0.022 0.014 0.016 0.016 0.015 0.019 0.021 0.01 0.156 0.33 0.025 0.046 0.051 0.014 0.024 0.034 0.007 0.022 0.115
195 L 0.044 0.024 0.014 0.015 0.016 0.016 0.02 0.021 0.01 0.114 0.385 0.025 0.049 0.054 0.014 0.024 0.033 0.007 0.022 0.095
196 L 0.05 0.03 0.018 0.019 0.016 0.025 0.026 0.026 0.014 0.103 0.242 0.033 0.142 0.049 0.015 0.033 0.038 0.008 0.023 0.092
197 A 0.253 0.033 0.032 0.034 0.02 0.027 0.043 0.074 0.016 0.039 0.054 0.046 0.017 0.021 0.029 0.121 0.057 0.005 0.017 0.061
198 I 0.046 0.019 0.014 0.017 0.016 0.014 0.018 0.02 0.009 0.24 0.22 0.024 0.039 0.046 0.014 0.024 0.038 0.006 0.021 0.154
199 F 0.054 0.026 0.027 0.025 0.012 0.019 0.029 0.035 0.025 0.049 0.083 0.03 0.021 0.235 0.016 0.078 0.04 0.017 0.13 0.049
200 L 0.066 0.032 0.033 0.03 0.015 0.024 0.034 0.038 0.022 0.06 0.139 0.038 0.026 0.057 0.021 0.094 0.1 0.011 0.096 0.063
201 W 0.03 0.022 0.015 0.015 0.007 0.015 0.022 0.03 0.015 0.03 0.052 0.022 0.015 0.06 0.007 0.022 0.022 0.5 0.067 0.03
202 D 0.045 0.033 0.047 0.229 0.01 0.035 0.127 0.037 0.018 0.045 0.119 0.047 0.02 0.025 0.021 0.045 0.035 0.005 0.015 0.043
203 C 0.053 0.023 0.043 0.208 0.246 0.021 0.054 0.039 0.013 0.033 0.046 0.032 0.013 0.018 0.019 0.046 0.036 0.004 0.012 0.04
204 G 0.056 0.101 0.111 0.048 0.009 0.039 0.051 0.165 0.022 0.023 0.036 0.145 0.013 0.016 0.022 0.055 0.038 0.005 0.015 0.029
205 R 0.05 0.23 0.04 0.036 0.008 0.05 0.061 0.037 0.022 0.025 0.044 0.204 0.015 0.016 0.023 0.048 0.037 0.005 0.017 0.031
206 R 0.05 0.23 0.04 0.036 0.008 0.05 0.061 0.037 0.022 0.025 0.044 0.204 0.015 0.016 0.023 0.048 0.037 0.005 0.017 0.031
207 F 0.044 0.042 0.023 0.023 0.011 0.024 0.033 0.028 0.023 0.104 0.097 0.09 0.024 0.146 0.017 0.033 0.033 0.014 0.113 0.077
208 P 0.08 0.037 0.025 0.029 0.013 0.07 0.047 0.037 0.017 0.054 0.138 0.047 0.025 0.072 0.139 0.044 0.037 0.007 0.027 0.055
209 S 0.108 0.04 0.053 0.048 0.017 0.033 0.052 0.065 0.019 0.029 0.041 0.053 0.015 0.021 0.029 0.231 0.081 0.005 0.017 0.041
210 L 0.046 0.026 0.015 0.016 0.016 0.019 0.022 0.023 0.011 0.11 0.337 0.028 0.08 0.052 0.014 0.027 0.035 0.007 0.022 0.094
211 L 0.052 0.024 0.016 0.017 0.017 0.019 0.022 0.023 0.011 0.143 0.246 0.028 0.074 0.046 0.015 0.029 0.039 0.007 0.022 0.15
212 L 0.05 0.023 0.015 0.016 0.017 0.016 0.02 0.022 0.009 0.147 0.293 0.025 0.043 0.048 0.015 0.026 0.038 0.006 0.021 0.151
213 L 0.042 0.021 0.015 0.016 0.015 0.014 0.019 0.022 0.011 0.143 0.262 0.023 0.04 0.137 0.013 0.024 0.033 0.009 0.038 0.104
214 L 0.055 0.026 0.024 0.023 0.014 0.02 0.026 0.091 0.015 0.075 0.181 0.031 0.065 0.129 0.016 0.056 0.038 0.009 0.037 0.068
215 I 0.046 0.019 0.014 0.017 0.016 0.014 0.018 0.02 0.009 0.24 0.22 0.024 0.039 0.046 0.014 0.024 0.038 0.006 0.021 0.154
216 A 0.204 0.035 0.039 0.039 0.019 0.029 0.046 0.071 0.017 0.036 0.05 0.049 0.016 0.021 0.029 0.158 0.065 0.005 0.017 0.055
217 V 0.055 0.023 0.023 0.022 0.016 0.017 0.024 0.028 0.012 0.14 0.118 0.028 0.028 0.125 0.017 0.043 0.093 0.008 0.036 0.144
218 F 0.037 0.018 0.016 0.017 0.012 0.011 0.018 0.024 0.015 0.117 0.126 0.02 0.028 0.308 0.011 0.025 0.029 0.014 0.071 0.084
219 I 0.043 0.018 0.015 0.017 0.015 0.012 0.018 0.021 0.011 0.227 0.152 0.022 0.033 0.132 0.013 0.025 0.036 0.009 0.037 0.144
220 H 0.041 0.045 0.053 0.038 0.007 0.038 0.053 0.038 0.365 0.023 0.038 0.045 0.015 0.03 0.019 0.041 0.026 0.007 0.056 0.023
221 T 0.09 0.037 0.048 0.043 0.017 0.03 0.045 0.054 0.016 0.041 0.053 0.049 0.017 0.022 0.028 0.161 0.169 0.005 0.017 0.056
222 S 0.099 0.038 0.051 0.045 0.017 0.031 0.048 0.06 0.018 0.035 0.047 0.051 0.016 0.021 0.029 0.196 0.125 0.005 0.017 0.048
223 S 0.108 0.04 0.053 0.048 0.017 0.033 0.052 0.065 0.019 0.029 0.041 0.053 0.015 0.021 0.029 0.231 0.081 0.005 0.017 0.041
224 L 0.044 0.024 0.014 0.015 0.016 0.016 0.02 0.021 0.01 0.114 0.385 0.025 0.049 0.054 0.014 0.024 0.033 0.007 0.022 0.095
225 I 0.049 0.019 0.015 0.017 0.015 0.013 0.019 0.022 0.011 0.197 0.143 0.023 0.032 0.13 0.014 0.027 0.038 0.008 0.037 0.171
226 I 0.046 0.019 0.014 0.017 0.016 0.014 0.018 0.02 0.009 0.24 0.22 0.024 0.039 0.046 0.014 0.024 0.038 0.006 0.021 0.154
227 F 0.033 0.019 0.017 0.017 0.01 0.01 0.019 0.025 0.017 0.062 0.113 0.019 0.025 0.396 0.01 0.025 0.025 0.017 0.087 0.054
228 L 0.044 0.022 0.014 0.016 0.016 0.015 0.019 0.021 0.01 0.156 0.33 0.025 0.046 0.051 0.014 0.024 0.034 0.007 0.022 0.115
229 F 0.037 0.018 0.016 0.017 0.012 0.011 0.018 0.024 0.015 0.117 0.126 0.02 0.028 0.308 0.011 0.025 0.029 0.014 0.071 0.084
230 Y 0.038 0.025 0.02 0.018 0.009 0.019 0.025 0.025 0.039 0.048 0.079 0.028 0.02 0.196 0.014 0.029 0.027 0.025 0.268 0.048
231 L 0.044 0.022 0.014 0.016 0.016 0.015 0.019 0.021 0.01 0.156 0.33 0.025 0.046 0.051 0.014 0.024 0.034 0.007 0.022 0.115
232 L 0.044 0.022 0.014 0.016 0.016 0.015 0.019 0.021 0.01 0.156 0.33 0.025 0.046 0.051 0.014 0.024 0.034 0.007 0.022 0.115
233 F 0.052 0.024 0.026 0.025 0.012 0.016 0.027 0.035 0.017 0.054 0.095 0.027 0.023 0.302 0.015 0.077 0.039 0.014 0.07 0.051
234 P 0.067 0.027 0.028 0.032 0.013 0.022 0.035 0.039 0.013 0.09 0.07 0.039 0.018 0.022 0.261 0.086 0.048 0.004 0.016 0.069
235 S 0.092 0.118 0.05 0.044 0.015 0.036 0.052 0.057 0.02 0.028 0.042 0.07 0.015 0.02 0.027 0.185 0.069 0.005 0.017 0.039
236 L 0.053 0.044 0.021 0.022 0.015 0.025 0.033 0.027 0.012 0.104 0.235 0.091 0.036 0.04 0.018 0.033 0.038 0.006 0.02 0.125
237 R 0.046 0.211 0.035 0.03 0.008 0.042 0.05 0.033 0.028 0.029 0.05 0.139 0.016 0.045 0.02 0.043 0.034 0.011 0.095 0.035
238 K 0.048 0.064 0.029 0.029 0.011 0.034 0.046 0.034 0.018 0.056 0.122 0.157 0.042 0.119 0.02 0.04 0.035 0.009 0.036 0.053
239 W 0.04 0.044 0.021 0.021 0.01 0.025 0.034 0.031 0.015 0.05 0.133 0.09 0.024 0.047 0.014 0.03 0.029 0.253 0.043 0.047
240 G 0.06 0.023 0.028 0.026 0.012 0.018 0.024 0.27 0.02 0.09 0.072 0.03 0.018 0.051 0.017 0.039 0.031 0.011 0.092 0.067
241 K 0.051 0.146 0.034 0.032 0.01 0.042 0.052 0.034 0.018 0.09 0.074 0.18 0.021 0.023 0.022 0.043 0.038 0.005 0.018 0.067
242 L 0.045 0.026 0.024 0.022 0.014 0.02 0.027 0.025 0.098 0.175 0.188 0.029 0.034 0.043 0.015 0.029 0.034 0.007 0.03 0.116
243 A 0.197 0.031 0.036 0.035 0.018 0.025 0.039 0.184 0.015 0.033 0.047 0.044 0.015 0.02 0.027 0.112 0.052 0.005 0.016 0.05
244 I 0.054 0.019 0.02 0.021 0.015 0.014 0.019 0.145 0.01 0.216 0.131 0.026 0.03 0.037 0.016 0.031 0.037 0.006 0.018 0.137
245 F 0.109 0.022 0.019 0.02 0.015 0.016 0.025 0.038 0.014 0.082 0.103 0.027 0.025 0.212 0.017 0.042 0.037 0.011 0.053 0.114
246 L 0.054 0.021 0.015 0.017 0.017 0.015 0.02 0.022 0.009 0.195 0.206 0.025 0.037 0.043 0.015 0.027 0.041 0.006 0.021 0.194
247 G 0.121 0.027 0.031 0.029 0.015 0.02 0.031 0.166 0.015 0.044 0.066 0.035 0.018 0.114 0.021 0.063 0.09 0.008 0.033 0.054
248 L 0.06 0.027 0.026 0.026 0.015 0.021 0.029 0.035 0.015 0.118 0.128 0.033 0.062 0.127 0.018 0.079 0.046 0.009 0.037 0.09
249 F 0.036 0.02 0.016 0.016 0.012 0.012 0.019 0.024 0.015 0.075 0.181 0.02 0.031 0.31 0.011 0.025 0.027 0.014 0.071 0.064
250 I 0.067 0.025 0.025 0.025 0.017 0.019 0.028 0.033 0.011 0.168 0.153 0.032 0.031 0.037 0.019 0.078 0.051 0.006 0.02 0.157
251 F 0.038 0.022 0.017 0.017 0.012 0.015 0.021 0.026 0.016 0.072 0.133 0.023 0.062 0.309 0.012 0.028 0.029 0.014 0.072 0.063
252 S 0.098 0.035 0.044 0.041 0.018 0.029 0.044 0.055 0.016 0.062 0.063 0.046 0.019 0.024 0.026 0.182 0.073 0.005 0.018 0.101
253 L 0.043 0.025 0.016 0.017 0.015 0.018 0.022 0.024 0.013 0.097 0.269 0.026 0.074 0.138 0.014 0.027 0.033 0.01 0.039 0.084
254 C 0.056 0.02 0.017 0.017 0.254 0.016 0.019 0.028 0.01 0.117 0.122 0.025 0.06 0.033 0.016 0.035 0.038 0.005 0.017 0.094
255 L 0.045 0.021 0.014 0.016 0.016 0.015 0.019 0.021 0.009 0.198 0.275 0.024 0.043 0.049 0.014 0.024 0.036 0.006 0.021 0.134
256 S 0.075 0.038 0.114 0.049 0.013 0.03 0.045 0.055 0.029 0.031 0.045 0.048 0.015 0.047 0.023 0.141 0.059 0.011 0.094 0.039
257 L 0.112 0.024 0.018 0.02 0.017 0.017 0.025 0.037 0.012 0.095 0.171 0.028 0.031 0.127 0.017 0.041 0.039 0.009 0.037 0.124
258 F 0.103 0.106 0.024 0.023 0.012 0.023 0.032 0.04 0.018 0.048 0.082 0.05 0.021 0.208 0.017 0.044 0.033 0.011 0.052 0.052
259 P 0.056 0.025 0.023 0.031 0.01 0.02 0.036 0.036 0.013 0.025 0.036 0.041 0.01 0.013 0.501 0.043 0.036 0.003 0.013 0.031
260 G 0.063 0.034 0.148 0.052 0.012 0.026 0.037 0.229 0.02 0.028 0.038 0.044 0.012 0.018 0.021 0.068 0.094 0.005 0.014 0.036
261 L 0.044 0.022 0.014 0.016 0.016 0.015 0.019 0.021 0.01 0.156 0.33 0.025 0.046 0.051 0.014 0.024 0.034 0.007 0.022 0.115
262 L 0.056 0.023 0.015 0.016 0.017 0.016 0.021 0.023 0.009 0.138 0.257 0.025 0.04 0.045 0.015 0.028 0.041 0.006 0.021 0.187
263 I 0.052 0.018 0.015 0.017 0.017 0.014 0.019 0.021 0.009 0.252 0.156 0.024 0.035 0.041 0.015 0.027 0.042 0.006 0.02 0.2
264 N 0.066 0.041 0.188 0.062 0.013 0.032 0.047 0.059 0.024 0.032 0.042 0.051 0.014 0.02 0.024 0.115 0.109 0.005 0.016 0.041
265 F 0.045 0.021 0.016 0.016 0.014 0.013 0.02 0.024 0.013 0.1 0.185 0.022 0.033 0.22 0.013 0.027 0.033 0.011 0.054 0.121
266 F 0.035 0.019 0.016 0.016 0.011 0.011 0.019 0.025 0.016 0.069 0.147 0.019 0.028 0.353 0.011 0.025 0.026 0.015 0.079 0.059
267 N 0.042 0.041 0.262 0.163 0.008 0.032 0.059 0.06 0.028 0.022 0.03 0.051 0.011 0.017 0.02 0.064 0.045 0.004 0.014 0.026
268 A 0.237 0.027 0.023 0.026 0.02 0.022 0.034 0.063 0.013 0.102 0.085 0.039 0.022 0.027 0.026 0.069 0.047 0.005 0.018 0.094
269 L 0.077 0.022 0.016 0.018 0.017 0.016 0.021 0.028 0.01 0.168 0.262 0.027 0.04 0.046 0.016 0.032 0.037 0.006 0.021 0.121
270 Y 0.05 0.031 0.034 0.027 0.009 0.025 0.033 0.151 0.117 0.032 0.05 0.035 0.015 0.076 0.017 0.038 0.028 0.017 0.181 0.035
271 L 0.108 0.026 0.017 0.019 0.017 0.018 0.025 0.035 0.011 0.096 0.303 0.03 0.041 0.046 0.018 0.039 0.037 0.007 0.021 0.088
272 P 0.082 0.032 0.038 0.039 0.014 0.027 0.044 0.05 0.016 0.027 0.038 0.047 0.013 0.017 0.265 0.137 0.058 0.004 0.015 0.036
273 F 0.033 0.019 0.017 0.017 0.01 0.01 0.019 0.025 0.017 0.062 0.113 0.019 0.025 0.396 0.01 0.025 0.025 0.017 0.087 0.054
274 F 0.036 0.02 0.016 0.016 0.012 0.012 0.019 0.024 0.015 0.075 0.181 0.02 0.031 0.31 0.011 0.025 0.027 0.014 0.071 0.064
275 A 0.197 0.031 0.036 0.035 0.018 0.025 0.039 0.184 0.015 0.033 0.047 0.044 0.015 0.02 0.027 0.112 0.052 0.005 0.016 0.05
276 G 0.123 0.066 0.036 0.036 0.012 0.037 0.051 0.17 0.017 0.029 0.043 0.164 0.014 0.017 0.026 0.06 0.039 0.005 0.015 0.039
277 K 0.056 0.106 0.041 0.041 0.008 0.053 0.07 0.043 0.02 0.027 0.043 0.289 0.015 0.015 0.027 0.053 0.039 0.005 0.017 0.032
278 I 0.049 0.02 0.015 0.017 0.016 0.014 0.019 0.021 0.009 0.225 0.216 0.024 0.039 0.045 0.015 0.025 0.039 0.006 0.021 0.167
279 Q 0.055 0.053 0.108 0.048 0.011 0.126 0.069 0.042 0.024 0.059 0.063 0.065 0.021 0.02 0.021 0.053 0.045 0.005 0.019 0.094
280 Y 0.04 0.028 0.021 0.018 0.009 0.021 0.028 0.025 0.046 0.043 0.067 0.031 0.018 0.129 0.015 0.031 0.028 0.028 0.328 0.046
281 Y 0.04 0.028 0.021 0.018 0.009 0.021 0.028 0.025 0.046 0.043 0.067 0.031 0.018 0.129 0.015 0.031 0.028 0.028 0.328 0.046
282 L 0.056 0.023 0.015 0.016 0.017 0.016 0.021 0.023 0.009 0.138 0.257 0.025 0.04 0.045 0.015 0.028 0.041 0.006 0.021 0.187
283 G 0.075 0.035 0.115 0.05 0.014 0.028 0.041 0.172 0.019 0.031 0.041 0.046 0.014 0.019 0.024 0.11 0.104 0.005 0.015 0.04
284 A 0.179 0.035 0.105 0.044 0.017 0.028 0.042 0.065 0.018 0.04 0.053 0.046 0.016 0.021 0.026 0.082 0.101 0.005 0.017 0.058
285 S 0.076 0.119 0.118 0.052 0.013 0.037 0.051 0.057 0.023 0.026 0.04 0.07 0.014 0.019 0.024 0.144 0.061 0.005 0.017 0.035
286 A 0.111 0.049 0.102 0.042 0.014 0.031 0.044 0.051 0.019 0.093 0.074 0.102 0.02 0.024 0.023 0.057 0.044 0.005 0.018 0.075
287 S 0.076 0.037 0.112 0.048 0.015 0.029 0.043 0.054 0.02 0.049 0.125 0.046 0.023 0.028 0.023 0.139 0.061 0.005 0.018 0.051
288 G 0.096 0.035 0.048 0.043 0.016 0.028 0.043 0.176 0.017 0.03 0.041 0.047 0.014 0.02 0.026 0.169 0.09 0.005 0.016 0.041
289 L 0.051 0.02 0.015 0.017 0.017 0.015 0.019 0.021 0.009 0.21 0.211 0.024 0.038 0.044 0.015 0.026 0.04 0.006 0.021 0.181
290 I 0.064 0.025 0.026 0.028 0.015 0.02 0.031 0.035 0.012 0.155 0.102 0.035 0.025 0.03 0.14 0.081 0.049 0.005 0.018 0.105
291 D 0.109 0.035 0.05 0.233 0.011 0.037 0.132 0.051 0.019 0.027 0.037 0.052 0.012 0.017 0.025 0.06 0.039 0.005 0.014 0.037
292 A 0.237 0.027 0.023 0.026 0.02 0.022 0.034 0.063 0.013 0.102 0.085 0.039 0.022 0.027 0.026 0.069 0.047 0.005 0.018 0.094
293 L 0.051 0.022 0.015 0.016 0.017 0.015 0.02 0.022 0.009 0.168 0.266 0.025 0.041 0.047 0.015 0.026 0.038 0.006 0.021 0.161
294 S 0.143 0.054 0.043 0.042 0.016 0.036 0.053 0.063 0.018 0.032 0.046 0.11 0.016 0.019 0.029 0.15 0.062 0.005 0.017 0.046
295 A 0.236 0.034 0.101 0.042 0.018 0.027 0.042 0.074 0.019 0.037 0.052 0.046 0.016 0.02 0.027 0.08 0.049 0.005 0.017 0.057
296 G 0.077 0.023 0.039 0.033 0.011 0.019 0.025 0.517 0.013 0.019 0.028 0.033 0.009 0.016 0.019 0.051 0.029 0.005 0.011 0.024
297 K 0.056 0.106 0.041 0.041 0.008 0.053 0.07 0.043 0.02 0.027 0.043 0.289 0.015 0.015 0.027 0.053 0.039 0.005 0.017 0.032
298 F 0.033 0.019 0.017 0.017 0.01 0.01 0.019 0.025 0.017 0.062 0.113 0.019 0.025 0.396 0.01 0.025 0.025 0.017 0.087 0.054
299 Y 0.04 0.023 0.019 0.018 0.011 0.017 0.023 0.024 0.029 0.108 0.103 0.026 0.025 0.174 0.014 0.028 0.03 0.019 0.191 0.08
300 L 0.047 0.022 0.015 0.016 0.015 0.015 0.02 0.023 0.011 0.113 0.253 0.024 0.038 0.135 0.014 0.026 0.035 0.009 0.038 0.131
301 I 0.046 0.019 0.014 0.017 0.016 0.014 0.018 0.02 0.009 0.24 0.22 0.024 0.039 0.046 0.014 0.024 0.038 0.006 0.021 0.154
302 I 0.043 0.018 0.015 0.017 0.015 0.012 0.018 0.021 0.011 0.227 0.152 0.022 0.033 0.132 0.013 0.025 0.036 0.009 0.037 0.144
303 L 0.045 0.021 0.014 0.016 0.016 0.015 0.019 0.021 0.009 0.198 0.275 0.024 0.043 0.049 0.014 0.024 0.036 0.006 0.021 0.134
304 I 0.064 0.027 0.026 0.026 0.016 0.022 0.029 0.034 0.014 0.131 0.13 0.034 0.063 0.082 0.018 0.08 0.049 0.007 0.029 0.118
305 L 0.052 0.023 0.021 0.022 0.016 0.017 0.023 0.026 0.01 0.182 0.195 0.029 0.035 0.041 0.018 0.041 0.092 0.006 0.02 0.128
306 L 0.047 0.027 0.019 0.019 0.014 0.022 0.025 0.025 0.022 0.131 0.155 0.031 0.1 0.067 0.015 0.032 0.037 0.012 0.099 0.101
307 L 0.044 0.022 0.014 0.016 0.016 0.015 0.019 0.021 0.01 0.156 0.33 0.025 0.046 0.051 0.014 0.024 0.034 0.007 0.022 0.115
308 A 0.176 0.025 0.021 0.023 0.018 0.019 0.03 0.051 0.013 0.077 0.089 0.033 0.023 0.118 0.021 0.056 0.043 0.008 0.036 0.117
309 N 0.046 0.137 0.183 0.059 0.008 0.042 0.055 0.051 0.026 0.024 0.038 0.128 0.013 0.017 0.022 0.058 0.043 0.005 0.016 0.029
310 W 0.043 0.058 0.127 0.046 0.008 0.034 0.047 0.046 0.022 0.026 0.042 0.121 0.014 0.031 0.018 0.048 0.037 0.169 0.033 0.03
311 L 0.051 0.132 0.023 0.021 0.013 0.026 0.031 0.027 0.015 0.091 0.141 0.055 0.028 0.092 0.016 0.034 0.037 0.008 0.031 0.128
312 F 0.041 0.048 0.025 0.025 0.01 0.025 0.036 0.031 0.018 0.051 0.089 0.108 0.022 0.268 0.016 0.034 0.03 0.013 0.064 0.047
313 L 0.045 0.022 0.014 0.016 0.016 0.015 0.019 0.021 0.01 0.169 0.311 0.024 0.045 0.051 0.014 0.024 0.035 0.007 0.021 0.122
314 K 0.056 0.106 0.041 0.041 0.008 0.053 0.07 0.043 0.02 0.027 0.043 0.287 0.015 0.015 0.027 0.053 0.039 0.005 0.017 0.032
315 G 0.059 0.102 0.04 0.05 0.009 0.046 0.116 0.158 0.02 0.023 0.038 0.15 0.013 0.016 0.024 0.051 0.035 0.005 0.015 0.03
316 E 0.051 0.048 0.112 0.087 0.008 0.056 0.242 0.042 0.027 0.022 0.035 0.069 0.012 0.017 0.024 0.058 0.039 0.005 0.016 0.03
317 I 0.067 0.025 0.027 0.028 0.016 0.02 0.029 0.035 0.012 0.196 0.124 0.033 0.029 0.036 0.019 0.093 0.053 0.006 0.019 0.13
318 L 0.05 0.044 0.021 0.022 0.014 0.025 0.033 0.027 0.012 0.098 0.267 0.091 0.038 0.042 0.018 0.032 0.036 0.006 0.021 0.102
319 G 0.056 0.062 0.148 0.054 0.009 0.037 0.051 0.169 0.023 0.023 0.035 0.137 0.012 0.016 0.022 0.058 0.04 0.005 0.015 0.028
