#Seq2Logo.py -f /work3/idamei/ssn-clusterings/clustering/2205111339/clusters/0004_284/sequences.afa -o /work3/idamei/ssn-clusterings/clustering/2205111339/clusters/0004_284/sequences.logo
#Position Specific Frequency Matrix
A R N D C Q E G H I L K M F P S T W Y V
0 L 0.051 0.032 0.02 0.02 0.016 0.028 0.028 0.028 0.016 0.099 0.194 0.036 0.173 0.047 0.016 0.036 0.04 0.008 0.024 0.091
1 I 0.049 0.039 0.021 0.023 0.014 0.023 0.031 0.026 0.012 0.218 0.135 0.09 0.031 0.036 0.018 0.032 0.039 0.006 0.019 0.139
2 E 0.056 0.078 0.041 0.066 0.008 0.059 0.185 0.039 0.023 0.025 0.04 0.178 0.014 0.016 0.027 0.054 0.038 0.005 0.017 0.032
3 L 0.058 0.03 0.029 0.026 0.017 0.022 0.03 0.032 0.012 0.084 0.222 0.035 0.034 0.039 0.021 0.058 0.142 0.006 0.02 0.083
4 D 0.041 0.029 0.045 0.21 0.008 0.026 0.059 0.036 0.033 0.033 0.048 0.038 0.014 0.072 0.019 0.041 0.032 0.016 0.166 0.035
5 I 0.047 0.018 0.015 0.018 0.016 0.013 0.018 0.021 0.009 0.271 0.168 0.024 0.037 0.044 0.015 0.025 0.04 0.006 0.021 0.177
6 S 0.11 0.04 0.054 0.049 0.018 0.033 0.052 0.066 0.019 0.03 0.042 0.054 0.016 0.021 0.03 0.22 0.082 0.005 0.018 0.042
7 V 0.07 0.022 0.016 0.018 0.019 0.016 0.023 0.025 0.008 0.165 0.13 0.026 0.032 0.036 0.016 0.033 0.049 0.006 0.021 0.269
8 G 0.078 0.023 0.039 0.034 0.011 0.019 0.026 0.51 0.014 0.019 0.028 0.034 0.009 0.016 0.019 0.051 0.03 0.005 0.011 0.024
9 Q 0.056 0.074 0.044 0.047 0.009 0.215 0.103 0.041 0.029 0.026 0.047 0.091 0.021 0.015 0.024 0.056 0.041 0.006 0.021 0.035
10 K 0.057 0.107 0.042 0.042 0.009 0.054 0.071 0.043 0.021 0.028 0.043 0.278 0.016 0.016 0.028 0.054 0.04 0.005 0.017 0.033
11 S 0.11 0.04 0.054 0.049 0.018 0.033 0.052 0.066 0.019 0.03 0.042 0.054 0.016 0.021 0.03 0.22 0.082 0.005 0.018 0.042
12 K 0.057 0.107 0.042 0.042 0.009 0.054 0.071 0.043 0.021 0.028 0.043 0.278 0.016 0.016 0.028 0.054 0.04 0.005 0.017 0.033
13 L 0.045 0.024 0.014 0.015 0.016 0.016 0.02 0.021 0.01 0.115 0.375 0.025 0.05 0.055 0.014 0.024 0.033 0.007 0.022 0.096
14 F 0.034 0.019 0.017 0.017 0.011 0.011 0.019 0.025 0.017 0.063 0.114 0.019 0.025 0.387 0.011 0.025 0.025 0.017 0.089 0.055
15 L 0.052 0.032 0.02 0.02 0.016 0.028 0.028 0.028 0.016 0.1 0.197 0.036 0.161 0.048 0.016 0.036 0.04 0.008 0.024 0.092
16 K 0.057 0.107 0.042 0.042 0.009 0.054 0.071 0.043 0.021 0.028 0.043 0.278 0.016 0.016 0.028 0.054 0.04 0.005 0.017 0.033
17 K 0.057 0.107 0.041 0.041 0.009 0.053 0.07 0.043 0.021 0.027 0.043 0.282 0.015 0.015 0.027 0.053 0.04 0.005 0.017 0.033
18 G 0.061 0.186 0.039 0.032 0.009 0.033 0.039 0.273 0.018 0.021 0.037 0.077 0.012 0.017 0.019 0.048 0.032 0.006 0.014 0.028
19 G 0.059 0.025 0.03 0.026 0.01 0.02 0.027 0.269 0.03 0.031 0.048 0.032 0.014 0.073 0.017 0.041 0.029 0.017 0.166 0.035
20 R 0.045 0.345 0.039 0.031 0.008 0.048 0.052 0.033 0.023 0.023 0.047 0.12 0.016 0.017 0.019 0.045 0.035 0.006 0.017 0.031
21 R 0.051 0.227 0.04 0.036 0.008 0.051 0.061 0.038 0.022 0.025 0.045 0.201 0.015 0.016 0.023 0.049 0.037 0.005 0.017 0.032
22 G 0.062 0.02 0.027 0.026 0.013 0.016 0.022 0.267 0.011 0.147 0.098 0.029 0.023 0.03 0.017 0.038 0.035 0.006 0.016 0.1
23 D 0.043 0.027 0.041 0.208 0.012 0.023 0.056 0.034 0.014 0.069 0.203 0.035 0.029 0.035 0.018 0.038 0.034 0.005 0.017 0.06
24 L 0.046 0.021 0.014 0.016 0.016 0.015 0.019 0.021 0.009 0.195 0.273 0.024 0.043 0.049 0.014 0.025 0.036 0.006 0.021 0.136
25 N 0.049 0.047 0.18 0.086 0.008 0.049 0.175 0.05 0.029 0.022 0.034 0.064 0.012 0.017 0.023 0.062 0.043 0.005 0.016 0.029
26 K 0.052 0.082 0.113 0.053 0.009 0.091 0.072 0.047 0.025 0.026 0.041 0.18 0.015 0.016 0.024 0.057 0.042 0.005 0.017 0.032
27 L 0.044 0.022 0.016 0.017 0.014 0.016 0.021 0.022 0.018 0.18 0.196 0.026 0.035 0.067 0.015 0.026 0.035 0.012 0.098 0.122
28 L 0.052 0.023 0.021 0.022 0.016 0.017 0.023 0.026 0.01 0.182 0.195 0.029 0.035 0.041 0.018 0.041 0.092 0.006 0.02 0.128
29 P 0.053 0.045 0.025 0.029 0.011 0.027 0.04 0.034 0.014 0.048 0.125 0.099 0.021 0.024 0.261 0.041 0.036 0.004 0.016 0.047
30 I 0.046 0.019 0.014 0.017 0.016 0.014 0.018 0.02 0.009 0.24 0.22 0.024 0.039 0.046 0.014 0.024 0.038 0.006 0.021 0.154
31 L 0.044 0.023 0.016 0.017 0.015 0.017 0.021 0.023 0.013 0.139 0.214 0.026 0.071 0.135 0.014 0.027 0.034 0.009 0.038 0.104
32 G 0.12 0.024 0.025 0.028 0.015 0.019 0.03 0.163 0.012 0.092 0.072 0.035 0.018 0.023 0.141 0.051 0.038 0.005 0.015 0.074
33 I 0.048 0.021 0.016 0.018 0.016 0.017 0.02 0.022 0.01 0.236 0.173 0.026 0.07 0.045 0.015 0.027 0.039 0.006 0.021 0.153
34 F 0.038 0.022 0.017 0.017 0.012 0.015 0.021 0.026 0.016 0.072 0.133 0.023 0.062 0.309 0.012 0.028 0.029 0.014 0.072 0.063
35 S 0.1 0.035 0.05 0.044 0.016 0.029 0.045 0.178 0.018 0.027 0.038 0.048 0.014 0.019 0.027 0.186 0.068 0.005 0.016 0.037
36 V 0.066 0.027 0.026 0.025 0.015 0.021 0.03 0.034 0.02 0.129 0.101 0.033 0.025 0.057 0.019 0.08 0.049 0.011 0.096 0.135
37 N 0.059 0.043 0.259 0.073 0.011 0.033 0.049 0.065 0.028 0.024 0.034 0.053 0.012 0.018 0.022 0.109 0.057 0.005 0.016 0.03
38 L 0.043 0.025 0.016 0.017 0.015 0.018 0.022 0.024 0.013 0.097 0.269 0.026 0.074 0.138 0.014 0.027 0.033 0.01 0.039 0.084
39 F 0.033 0.019 0.017 0.017 0.01 0.01 0.019 0.025 0.017 0.062 0.113 0.019 0.025 0.396 0.01 0.025 0.025 0.017 0.087 0.054
40 F 0.033 0.019 0.017 0.017 0.01 0.01 0.019 0.025 0.017 0.062 0.113 0.019 0.025 0.396 0.01 0.025 0.025 0.017 0.087 0.054
41 V 0.089 0.031 0.035 0.033 0.018 0.024 0.037 0.045 0.013 0.096 0.085 0.04 0.023 0.028 0.023 0.132 0.065 0.005 0.019 0.16
42 I 0.046 0.019 0.014 0.017 0.016 0.014 0.018 0.02 0.009 0.24 0.22 0.024 0.039 0.046 0.014 0.024 0.038 0.006 0.021 0.154
43 S 0.088 0.033 0.041 0.037 0.136 0.026 0.04 0.051 0.015 0.039 0.053 0.043 0.017 0.021 0.025 0.149 0.114 0.005 0.016 0.052
44 A 0.197 0.031 0.036 0.035 0.018 0.025 0.039 0.184 0.015 0.033 0.047 0.044 0.015 0.02 0.027 0.112 0.052 0.005 0.016 0.05
45 I 0.046 0.017 0.014 0.017 0.016 0.013 0.017 0.02 0.009 0.282 0.165 0.023 0.036 0.044 0.014 0.025 0.039 0.006 0.02 0.174
46 L 0.051 0.022 0.015 0.016 0.017 0.015 0.02 0.022 0.009 0.168 0.266 0.025 0.041 0.047 0.015 0.026 0.038 0.006 0.021 0.161
47 G 0.077 0.023 0.039 0.033 0.011 0.019 0.025 0.517 0.013 0.019 0.028 0.033 0.009 0.016 0.019 0.051 0.029 0.005 0.011 0.024
48 Y 0.038 0.025 0.02 0.018 0.009 0.019 0.025 0.025 0.039 0.048 0.079 0.028 0.02 0.196 0.014 0.029 0.027 0.025 0.268 0.048
49 D 0.061 0.046 0.123 0.146 0.011 0.08 0.073 0.054 0.024 0.025 0.037 0.06 0.014 0.017 0.024 0.102 0.051 0.005 0.016 0.032
50 Y 0.04 0.028 0.021 0.018 0.009 0.021 0.028 0.025 0.046 0.043 0.067 0.031 0.018 0.129 0.015 0.031 0.028 0.028 0.328 0.046
51 G 0.068 0.033 0.108 0.045 0.013 0.025 0.036 0.167 0.018 0.046 0.121 0.041 0.021 0.027 0.02 0.094 0.048 0.005 0.016 0.047
52 G 0.077 0.023 0.039 0.033 0.011 0.019 0.025 0.517 0.013 0.019 0.028 0.033 0.009 0.016 0.019 0.051 0.029 0.005 0.011 0.024
53 L 0.077 0.03 0.034 0.032 0.017 0.024 0.035 0.043 0.014 0.113 0.158 0.039 0.029 0.035 0.022 0.128 0.058 0.006 0.019 0.088
54 D 0.053 0.033 0.054 0.234 0.008 0.035 0.128 0.161 0.019 0.021 0.03 0.049 0.01 0.015 0.022 0.052 0.034 0.005 0.012 0.026
55 S 0.095 0.042 0.05 0.058 0.015 0.04 0.115 0.058 0.021 0.027 0.04 0.059 0.015 0.02 0.028 0.187 0.07 0.005 0.017 0.039
56 S 0.108 0.04 0.053 0.048 0.017 0.033 0.052 0.065 0.019 0.029 0.041 0.053 0.015 0.021 0.029 0.231 0.081 0.005 0.017 0.041
57 P 0.066 0.054 0.111 0.05 0.011 0.035 0.051 0.052 0.021 0.026 0.038 0.109 0.013 0.017 0.144 0.099 0.051 0.004 0.016 0.033
58 I 0.058 0.023 0.022 0.022 0.017 0.017 0.024 0.027 0.01 0.195 0.131 0.029 0.031 0.036 0.018 0.043 0.096 0.006 0.02 0.174
59 Y 0.039 0.024 0.018 0.017 0.011 0.017 0.023 0.024 0.03 0.066 0.158 0.026 0.028 0.177 0.014 0.028 0.028 0.02 0.191 0.06
60 L 0.048 0.043 0.021 0.022 0.014 0.024 0.032 0.026 0.012 0.134 0.244 0.09 0.037 0.042 0.017 0.031 0.036 0.006 0.02 0.099
61 I 0.052 0.018 0.015 0.017 0.017 0.014 0.019 0.021 0.009 0.252 0.156 0.024 0.035 0.041 0.015 0.027 0.042 0.006 0.02 0.2
62 Y 0.04 0.028 0.021 0.018 0.009 0.021 0.028 0.025 0.046 0.043 0.067 0.031 0.018 0.129 0.015 0.031 0.028 0.028 0.328 0.046
63 S 0.078 0.039 0.113 0.05 0.015 0.032 0.045 0.056 0.021 0.045 0.077 0.049 0.054 0.027 0.024 0.142 0.062 0.006 0.018 0.05
64 L 0.064 0.026 0.025 0.024 0.016 0.019 0.028 0.034 0.013 0.092 0.167 0.031 0.03 0.126 0.017 0.078 0.047 0.009 0.037 0.117
65 L 0.053 0.022 0.02 0.02 0.015 0.016 0.021 0.145 0.01 0.132 0.241 0.027 0.036 0.042 0.015 0.031 0.034 0.006 0.019 0.097
66 I 0.052 0.018 0.015 0.017 0.017 0.014 0.019 0.021 0.009 0.252 0.156 0.024 0.035 0.041 0.015 0.027 0.042 0.006 0.02 0.2
67 L 0.105 0.024 0.017 0.019 0.016 0.017 0.025 0.036 0.013 0.083 0.235 0.028 0.035 0.131 0.017 0.039 0.035 0.009 0.037 0.078
68 V 0.062 0.019 0.016 0.017 0.136 0.014 0.02 0.025 0.008 0.163 0.122 0.024 0.029 0.033 0.016 0.032 0.043 0.005 0.018 0.197
69 F 0.103 0.021 0.018 0.02 0.015 0.015 0.024 0.037 0.014 0.112 0.112 0.026 0.026 0.214 0.016 0.04 0.035 0.011 0.053 0.088
70 G 0.08 0.028 0.038 0.034 0.134 0.023 0.033 0.164 0.013 0.036 0.049 0.038 0.015 0.02 0.023 0.103 0.101 0.005 0.014 0.048
71 L 0.112 0.024 0.018 0.02 0.017 0.017 0.025 0.037 0.012 0.095 0.171 0.028 0.031 0.127 0.017 0.041 0.039 0.009 0.037 0.124
72 L 0.051 0.02 0.015 0.017 0.017 0.015 0.019 0.021 0.009 0.21 0.211 0.024 0.038 0.044 0.015 0.026 0.04 0.006 0.021 0.181
73 L 0.041 0.023 0.015 0.015 0.015 0.015 0.02 0.022 0.012 0.101 0.317 0.023 0.043 0.139 0.013 0.024 0.031 0.009 0.038 0.085
74 F 0.052 0.024 0.026 0.025 0.012 0.016 0.027 0.035 0.017 0.054 0.095 0.027 0.023 0.302 0.015 0.077 0.039 0.014 0.07 0.051
75 L 0.05 0.021 0.021 0.021 0.013 0.015 0.02 0.146 0.012 0.119 0.173 0.025 0.03 0.127 0.014 0.031 0.032 0.009 0.035 0.087
76 L 0.062 0.049 0.032 0.031 0.013 0.031 0.042 0.038 0.024 0.053 0.134 0.099 0.025 0.055 0.021 0.085 0.045 0.011 0.096 0.054
77 D 0.061 0.042 0.047 0.13 0.011 0.077 0.068 0.044 0.028 0.03 0.046 0.055 0.016 0.045 0.022 0.092 0.046 0.011 0.094 0.037
78 L 0.105 0.024 0.017 0.019 0.016 0.017 0.025 0.036 0.013 0.083 0.235 0.028 0.035 0.131 0.017 0.039 0.035 0.009 0.037 0.078
79 L 0.048 0.02 0.015 0.017 0.015 0.014 0.02 0.023 0.011 0.155 0.198 0.023 0.035 0.132 0.014 0.027 0.036 0.009 0.038 0.151
80 W 0.044 0.104 0.022 0.02 0.011 0.022 0.029 0.028 0.016 0.069 0.085 0.046 0.022 0.127 0.013 0.031 0.033 0.132 0.048 0.099
81 K 0.052 0.082 0.113 0.053 0.009 0.091 0.072 0.047 0.025 0.026 0.041 0.18 0.015 0.016 0.024 0.057 0.042 0.005 0.017 0.032
82 G 0.058 0.069 0.112 0.049 0.009 0.039 0.053 0.167 0.021 0.024 0.036 0.166 0.013 0.016 0.023 0.056 0.039 0.005 0.015 0.029
83 V 0.121 0.023 0.018 0.02 0.019 0.018 0.026 0.037 0.01 0.162 0.12 0.03 0.029 0.034 0.019 0.043 0.046 0.005 0.02 0.2
84 K 0.05 0.064 0.029 0.029 0.011 0.035 0.046 0.032 0.024 0.095 0.08 0.158 0.021 0.051 0.021 0.04 0.036 0.011 0.096 0.071
85 V 0.051 0.041 0.022 0.023 0.013 0.023 0.032 0.028 0.013 0.133 0.112 0.089 0.027 0.122 0.017 0.034 0.038 0.008 0.036 0.135
86 T 0.064 0.037 0.114 0.048 0.015 0.029 0.041 0.048 0.018 0.045 0.056 0.047 0.017 0.022 0.025 0.086 0.205 0.005 0.017 0.059
87 K 0.069 0.081 0.045 0.044 0.011 0.091 0.073 0.048 0.022 0.027 0.043 0.18 0.017 0.016 0.027 0.098 0.05 0.005 0.018 0.035
88 G 0.058 0.069 0.112 0.049 0.009 0.039 0.053 0.167 0.021 0.024 0.036 0.166 0.013 0.016 0.023 0.056 0.039 0.005 0.015 0.029
89 D 0.048 0.051 0.056 0.226 0.008 0.128 0.096 0.043 0.024 0.024 0.037 0.067 0.015 0.015 0.023 0.053 0.038 0.005 0.016 0.029
90 L 0.051 0.022 0.015 0.016 0.017 0.015 0.02 0.022 0.009 0.168 0.266 0.025 0.041 0.047 0.015 0.026 0.038 0.006 0.021 0.161
91 L 0.039 0.021 0.015 0.016 0.013 0.013 0.019 0.023 0.013 0.088 0.249 0.022 0.037 0.225 0.012 0.024 0.029 0.012 0.055 0.074
92 V 0.073 0.027 0.025 0.025 0.018 0.02 0.029 0.034 0.011 0.117 0.171 0.032 0.032 0.036 0.019 0.08 0.053 0.006 0.02 0.174
93 L 0.043 0.023 0.016 0.016 0.014 0.017 0.021 0.022 0.019 0.138 0.251 0.026 0.038 0.07 0.014 0.026 0.033 0.012 0.098 0.102
94 L 0.077 0.03 0.034 0.032 0.017 0.024 0.035 0.043 0.014 0.113 0.158 0.039 0.029 0.035 0.022 0.128 0.058 0.006 0.019 0.088
95 L 0.051 0.02 0.015 0.017 0.017 0.015 0.019 0.021 0.009 0.21 0.211 0.024 0.038 0.044 0.015 0.026 0.04 0.006 0.021 0.181
96 P 0.055 0.027 0.022 0.028 0.012 0.022 0.034 0.034 0.013 0.044 0.075 0.039 0.051 0.021 0.38 0.041 0.037 0.004 0.015 0.046
97 F 0.042 0.019 0.017 0.017 0.013 0.012 0.02 0.025 0.015 0.087 0.116 0.02 0.027 0.306 0.012 0.027 0.031 0.014 0.071 0.111
98 I 0.052 0.018 0.015 0.017 0.017 0.014 0.019 0.021 0.009 0.252 0.156 0.024 0.035 0.041 0.015 0.027 0.042 0.006 0.02 0.2
99 F 0.051 0.02 0.016 0.017 0.015 0.013 0.021 0.025 0.012 0.112 0.12 0.022 0.028 0.216 0.013 0.029 0.037 0.011 0.054 0.167
100 L 0.051 0.027 0.021 0.02 0.016 0.019 0.025 0.026 0.011 0.098 0.305 0.03 0.042 0.046 0.017 0.041 0.089 0.007 0.021 0.089
101 L 0.114 0.025 0.017 0.019 0.018 0.018 0.026 0.036 0.011 0.108 0.239 0.03 0.037 0.041 0.018 0.041 0.041 0.006 0.02 0.134
102 I 0.063 0.027 0.026 0.026 0.016 0.022 0.029 0.033 0.013 0.173 0.142 0.034 0.065 0.039 0.019 0.079 0.05 0.006 0.02 0.12
103 F 0.037 0.023 0.019 0.018 0.01 0.016 0.023 0.025 0.031 0.053 0.09 0.025 0.022 0.262 0.013 0.028 0.026 0.022 0.208 0.05
104 L 0.044 0.024 0.014 0.015 0.016 0.016 0.02 0.021 0.01 0.114 0.385 0.025 0.049 0.054 0.014 0.024 0.033 0.007 0.022 0.095
105 L 0.058 0.024 0.022 0.022 0.017 0.018 0.025 0.027 0.01 0.153 0.186 0.03 0.034 0.039 0.018 0.043 0.095 0.006 0.02 0.155
106 S 0.078 0.043 0.118 0.067 0.013 0.041 0.115 0.057 0.024 0.026 0.037 0.059 0.014 0.019 0.026 0.146 0.062 0.005 0.017 0.035
107 F 0.059 0.034 0.033 0.043 0.011 0.032 0.101 0.037 0.027 0.039 0.064 0.044 0.018 0.14 0.02 0.085 0.042 0.014 0.112 0.043
108 L 0.042 0.021 0.015 0.016 0.015 0.014 0.019 0.022 0.011 0.143 0.262 0.023 0.04 0.137 0.013 0.024 0.033 0.009 0.038 0.104
109 L 0.049 0.024 0.022 0.022 0.015 0.017 0.024 0.027 0.012 0.128 0.182 0.028 0.032 0.129 0.017 0.041 0.089 0.009 0.037 0.098
110 G 0.132 0.034 0.111 0.048 0.015 0.027 0.041 0.181 0.019 0.028 0.04 0.046 0.013 0.019 0.024 0.109 0.052 0.005 0.015 0.04
111 G 0.052 0.028 0.112 0.135 0.011 0.024 0.045 0.162 0.018 0.086 0.063 0.038 0.016 0.023 0.019 0.049 0.038 0.005 0.014 0.062
112 R 0.059 0.192 0.041 0.034 0.013 0.038 0.046 0.038 0.018 0.038 0.056 0.082 0.018 0.02 0.023 0.068 0.142 0.006 0.018 0.051
113 L 0.043 0.028 0.094 0.033 0.012 0.021 0.028 0.033 0.024 0.115 0.162 0.033 0.029 0.061 0.016 0.037 0.037 0.011 0.096 0.085
114 N 0.058 0.039 0.194 0.155 0.011 0.032 0.06 0.06 0.025 0.024 0.033 0.051 0.012 0.018 0.023 0.105 0.053 0.004 0.015 0.03
115 P 0.049 0.051 0.103 0.043 0.009 0.032 0.045 0.042 0.028 0.029 0.044 0.103 0.014 0.044 0.141 0.049 0.038 0.01 0.093 0.034
116 S 0.083 0.04 0.119 0.054 0.015 0.031 0.048 0.059 0.021 0.033 0.044 0.051 0.015 0.021 0.026 0.156 0.117 0.005 0.017 0.045
117 A 0.188 0.03 0.033 0.032 0.018 0.024 0.036 0.179 0.014 0.039 0.052 0.041 0.016 0.02 0.026 0.077 0.096 0.005 0.016 0.057
118 T 0.071 0.032 0.039 0.035 0.016 0.024 0.037 0.044 0.016 0.049 0.071 0.04 0.02 0.116 0.024 0.11 0.155 0.008 0.035 0.059
119 L 0.055 0.045 0.028 0.028 0.014 0.027 0.036 0.032 0.013 0.119 0.164 0.095 0.03 0.034 0.021 0.048 0.092 0.006 0.019 0.093
120 F 0.056 0.033 0.036 0.03 0.011 0.026 0.038 0.038 0.112 0.039 0.065 0.037 0.018 0.144 0.018 0.082 0.04 0.014 0.122 0.041
121 F 0.035 0.021 0.018 0.017 0.01 0.013 0.021 0.025 0.024 0.058 0.101 0.022 0.023 0.329 0.012 0.026 0.026 0.019 0.148 0.052
122 L 0.113 0.04 0.026 0.028 0.015 0.074 0.047 0.042 0.017 0.07 0.171 0.049 0.065 0.034 0.021 0.05 0.041 0.007 0.021 0.072
123 Y 0.044 0.039 0.027 0.025 0.009 0.073 0.046 0.029 0.042 0.039 0.062 0.046 0.019 0.1 0.017 0.037 0.031 0.022 0.251 0.043
124 F 0.033 0.019 0.017 0.017 0.01 0.01 0.019 0.025 0.017 0.062 0.113 0.019 0.025 0.396 0.01 0.025 0.025 0.017 0.087 0.054
125 L 0.044 0.022 0.014 0.016 0.016 0.015 0.019 0.021 0.01 0.156 0.33 0.025 0.046 0.051 0.014 0.024 0.034 0.007 0.022 0.115
126 L 0.109 0.024 0.017 0.019 0.017 0.018 0.024 0.035 0.011 0.138 0.248 0.029 0.038 0.043 0.018 0.039 0.039 0.006 0.02 0.108
127 W 0.032 0.021 0.016 0.016 0.009 0.013 0.021 0.027 0.016 0.046 0.082 0.021 0.02 0.228 0.009 0.024 0.024 0.258 0.077 0.042
128 S 0.1 0.035 0.05 0.044 0.016 0.029 0.045 0.178 0.018 0.027 0.038 0.048 0.014 0.019 0.027 0.186 0.068 0.005 0.016 0.037
129 L 0.056 0.023 0.015 0.016 0.017 0.016 0.021 0.023 0.009 0.138 0.257 0.025 0.04 0.045 0.015 0.028 0.041 0.006 0.021 0.187
130 P 0.056 0.025 0.023 0.031 0.01 0.02 0.036 0.036 0.013 0.025 0.036 0.041 0.01 0.013 0.501 0.043 0.036 0.003 0.013 0.031
131 A 0.253 0.033 0.032 0.034 0.02 0.027 0.043 0.074 0.016 0.039 0.054 0.046 0.017 0.021 0.029 0.121 0.057 0.005 0.017 0.061
132 I 0.11 0.021 0.017 0.02 0.017 0.016 0.023 0.035 0.01 0.222 0.139 0.028 0.032 0.038 0.018 0.039 0.042 0.006 0.02 0.148
133 L 0.04 0.024 0.017 0.016 0.013 0.016 0.022 0.023 0.021 0.083 0.237 0.025 0.035 0.158 0.013 0.026 0.03 0.015 0.115 0.072
134 G 0.057 0.026 0.023 0.023 0.015 0.022 0.025 0.148 0.013 0.125 0.145 0.032 0.098 0.039 0.016 0.037 0.037 0.007 0.02 0.095
135 G 0.189 0.027 0.032 0.031 0.016 0.022 0.033 0.297 0.014 0.031 0.043 0.039 0.013 0.019 0.024 0.067 0.039 0.005 0.014 0.046
136 I 0.046 0.019 0.014 0.017 0.016 0.014 0.018 0.02 0.009 0.24 0.22 0.024 0.039 0.046 0.014 0.024 0.038 0.006 0.021 0.154
137 Y 0.04 0.028 0.021 0.018 0.009 0.021 0.028 0.025 0.046 0.043 0.067 0.031 0.018 0.129 0.015 0.031 0.028 0.028 0.328 0.046
138 L 0.051 0.022 0.015 0.016 0.017 0.015 0.02 0.022 0.009 0.168 0.266 0.025 0.041 0.047 0.015 0.026 0.038 0.006 0.021 0.161
139 S 0.14 0.038 0.115 0.052 0.016 0.031 0.048 0.068 0.021 0.031 0.043 0.051 0.015 0.02 0.027 0.154 0.065 0.005 0.017 0.044
140 R 0.052 0.141 0.036 0.034 0.01 0.089 0.063 0.036 0.022 0.044 0.082 0.133 0.056 0.024 0.021 0.047 0.038 0.006 0.02 0.047
141 N 0.064 0.055 0.11 0.048 0.013 0.037 0.049 0.05 0.022 0.044 0.077 0.108 0.054 0.025 0.023 0.097 0.052 0.006 0.018 0.048
142 N 0.049 0.067 0.185 0.063 0.009 0.086 0.067 0.053 0.028 0.024 0.038 0.121 0.014 0.016 0.023 0.061 0.044 0.005 0.017 0.03
143 R 0.07 0.134 0.044 0.039 0.013 0.04 0.053 0.046 0.019 0.033 0.048 0.126 0.016 0.019 0.026 0.105 0.103 0.005 0.017 0.044
144 I 0.043 0.018 0.015 0.017 0.015 0.012 0.018 0.021 0.011 0.227 0.152 0.022 0.033 0.132 0.013 0.025 0.036 0.009 0.037 0.144
145 F 0.054 0.027 0.039 0.122 0.011 0.021 0.045 0.04 0.018 0.044 0.073 0.034 0.019 0.207 0.018 0.083 0.041 0.011 0.051 0.043
146 E 0.065 0.046 0.046 0.066 0.01 0.049 0.18 0.043 0.109 0.024 0.038 0.062 0.014 0.021 0.025 0.095 0.045 0.006 0.027 0.031
147 L 0.053 0.024 0.016 0.017 0.017 0.018 0.022 0.023 0.011 0.164 0.218 0.027 0.072 0.045 0.015 0.029 0.04 0.007 0.022 0.16
148 I 0.125 0.026 0.027 0.028 0.018 0.021 0.032 0.046 0.013 0.159 0.108 0.036 0.026 0.032 0.022 0.091 0.052 0.006 0.019 0.114
149 K 0.056 0.106 0.041 0.041 0.008 0.053 0.07 0.043 0.02 0.027 0.043 0.289 0.015 0.015 0.027 0.053 0.039 0.005 0.017 0.032
150 F 0.04 0.029 0.095 0.033 0.011 0.02 0.029 0.034 0.026 0.06 0.149 0.032 0.026 0.149 0.015 0.037 0.034 0.014 0.113 0.055
151 L 0.048 0.026 0.017 0.018 0.016 0.021 0.023 0.024 0.013 0.148 0.234 0.03 0.108 0.048 0.015 0.03 0.038 0.007 0.022 0.113
152 E 0.051 0.044 0.047 0.168 0.007 0.055 0.253 0.037 0.024 0.022 0.034 0.067 0.012 0.016 0.025 0.054 0.036 0.005 0.015 0.029
153 L 0.051 0.022 0.015 0.016 0.017 0.015 0.02 0.022 0.009 0.168 0.266 0.025 0.041 0.047 0.015 0.026 0.038 0.006 0.021 0.161
154 V 0.063 0.021 0.016 0.018 0.018 0.015 0.022 0.023 0.008 0.192 0.138 0.025 0.032 0.037 0.016 0.03 0.046 0.006 0.02 0.253
155 L 0.051 0.032 0.02 0.02 0.016 0.028 0.028 0.028 0.016 0.099 0.194 0.036 0.173 0.047 0.016 0.036 0.04 0.008 0.024 0.091
156 L 0.044 0.022 0.014 0.016 0.016 0.015 0.019 0.021 0.01 0.156 0.33 0.025 0.046 0.051 0.014 0.024 0.034 0.007 0.022 0.115
157 L 0.045 0.021 0.014 0.016 0.016 0.015 0.019 0.021 0.009 0.198 0.275 0.024 0.043 0.049 0.014 0.024 0.036 0.006 0.021 0.134
158 F 0.042 0.019 0.017 0.017 0.013 0.012 0.02 0.025 0.015 0.087 0.116 0.02 0.027 0.306 0.012 0.027 0.031 0.014 0.071 0.111
159 T 0.09 0.037 0.048 0.043 0.017 0.03 0.045 0.054 0.016 0.041 0.053 0.049 0.017 0.022 0.028 0.161 0.169 0.005 0.017 0.056
160 L 0.048 0.02 0.015 0.017 0.015 0.014 0.02 0.023 0.011 0.155 0.198 0.023 0.035 0.132 0.014 0.027 0.036 0.009 0.038 0.151
161 A 0.204 0.035 0.039 0.039 0.019 0.029 0.046 0.071 0.017 0.036 0.05 0.049 0.016 0.021 0.029 0.158 0.065 0.005 0.017 0.055
162 I 0.116 0.022 0.018 0.02 0.018 0.017 0.024 0.036 0.01 0.192 0.129 0.029 0.03 0.036 0.019 0.041 0.044 0.006 0.02 0.174
163 I 0.044 0.021 0.016 0.018 0.015 0.016 0.02 0.023 0.012 0.181 0.159 0.025 0.068 0.133 0.014 0.027 0.036 0.009 0.038 0.123
164 L 0.05 0.027 0.093 0.033 0.015 0.02 0.027 0.032 0.014 0.145 0.177 0.032 0.032 0.038 0.016 0.037 0.042 0.006 0.02 0.144
165 T 0.074 0.116 0.044 0.038 0.015 0.034 0.045 0.046 0.017 0.039 0.054 0.065 0.017 0.021 0.026 0.115 0.158 0.006 0.017 0.053
166 L 0.131 0.032 0.034 0.032 0.018 0.025 0.038 0.052 0.014 0.06 0.137 0.042 0.025 0.03 0.025 0.108 0.105 0.006 0.018 0.068
167 I 0.043 0.018 0.015 0.017 0.015 0.012 0.018 0.021 0.011 0.227 0.152 0.022 0.033 0.132 0.013 0.025 0.036 0.009 0.037 0.144
168 I 0.051 0.047 0.027 0.041 0.012 0.036 0.103 0.029 0.016 0.153 0.102 0.102 0.025 0.03 0.02 0.039 0.038 0.006 0.018 0.103
169 P 0.072 0.028 0.029 0.032 0.014 0.022 0.036 0.04 0.013 0.061 0.06 0.04 0.017 0.02 0.262 0.088 0.05 0.004 0.016 0.096
170 L 0.105 0.024 0.017 0.019 0.016 0.017 0.025 0.036 0.013 0.083 0.235 0.028 0.035 0.131 0.017 0.039 0.035 0.009 0.037 0.078
171 F 0.065 0.028 0.032 0.03 0.015 0.021 0.032 0.038 0.014 0.107 0.096 0.035 0.024 0.121 0.02 0.093 0.101 0.008 0.036 0.085
172 S 0.083 0.117 0.047 0.041 0.015 0.035 0.048 0.051 0.019 0.033 0.048 0.067 0.016 0.02 0.026 0.15 0.113 0.005 0.017 0.046
173 G 0.068 0.028 0.111 0.045 0.01 0.022 0.031 0.404 0.018 0.02 0.029 0.038 0.01 0.016 0.019 0.055 0.034 0.005 0.012 0.025
174 E 0.063 0.044 0.036 0.047 0.013 0.083 0.118 0.036 0.019 0.066 0.069 0.059 0.021 0.022 0.023 0.058 0.096 0.006 0.019 0.104
175 R 0.06 0.276 0.042 0.035 0.01 0.044 0.052 0.041 0.022 0.025 0.045 0.102 0.015 0.018 0.022 0.091 0.046 0.006 0.017 0.033
176 F 0.037 0.021 0.016 0.016 0.012 0.012 0.019 0.024 0.014 0.08 0.203 0.021 0.033 0.28 0.012 0.025 0.028 0.013 0.066 0.068
177 L 0.124 0.035 0.105 0.044 0.016 0.027 0.04 0.057 0.019 0.052 0.129 0.044 0.023 0.028 0.023 0.102 0.053 0.005 0.018 0.058
178 S 0.083 0.04 0.119 0.054 0.015 0.031 0.048 0.059 0.021 0.033 0.044 0.051 0.015 0.021 0.026 0.156 0.117 0.005 0.017 0.045
179 I 0.043 0.018 0.015 0.017 0.015 0.012 0.018 0.021 0.011 0.227 0.152 0.022 0.033 0.132 0.013 0.025 0.036 0.009 0.037 0.144
180 G 0.077 0.023 0.039 0.033 0.011 0.019 0.025 0.517 0.013 0.019 0.028 0.033 0.009 0.016 0.019 0.051 0.029 0.005 0.011 0.024
181 G 0.077 0.023 0.039 0.033 0.011 0.019 0.025 0.517 0.013 0.019 0.028 0.033 0.009 0.016 0.019 0.051 0.029 0.005 0.011 0.024
182 A 0.239 0.035 0.029 0.044 0.018 0.035 0.107 0.066 0.017 0.037 0.053 0.051 0.016 0.02 0.028 0.076 0.046 0.005 0.017 0.059
183 T 0.064 0.033 0.037 0.032 0.015 0.026 0.036 0.038 0.022 0.05 0.065 0.041 0.019 0.05 0.024 0.076 0.2 0.011 0.095 0.064
184 Y 0.038 0.025 0.02 0.018 0.009 0.019 0.025 0.025 0.039 0.048 0.079 0.028 0.02 0.196 0.014 0.029 0.027 0.025 0.268 0.048
185 G 0.078 0.023 0.039 0.034 0.011 0.019 0.026 0.51 0.014 0.019 0.028 0.034 0.009 0.016 0.019 0.051 0.03 0.005 0.011 0.024
186 Q 0.055 0.072 0.043 0.046 0.009 0.226 0.101 0.041 0.029 0.026 0.046 0.09 0.02 0.014 0.023 0.055 0.041 0.006 0.02 0.035
187 F 0.058 0.03 0.103 0.041 0.013 0.022 0.034 0.044 0.019 0.099 0.088 0.037 0.022 0.119 0.019 0.087 0.048 0.008 0.035 0.074
188 A 0.245 0.029 0.029 0.03 0.019 0.024 0.036 0.187 0.014 0.037 0.051 0.041 0.015 0.02 0.027 0.075 0.044 0.005 0.016 0.057
189 S 0.108 0.04 0.053 0.048 0.017 0.033 0.052 0.065 0.019 0.029 0.041 0.053 0.015 0.021 0.029 0.231 0.081 0.005 0.017 0.041
190 Y 0.04 0.028 0.021 0.018 0.009 0.021 0.028 0.025 0.046 0.043 0.067 0.031 0.018 0.129 0.015 0.031 0.028 0.028 0.328 0.046
191 L 0.045 0.021 0.014 0.016 0.016 0.015 0.019 0.021 0.009 0.198 0.275 0.024 0.043 0.049 0.014 0.024 0.036 0.006 0.021 0.134
192 A 0.253 0.033 0.032 0.034 0.02 0.027 0.043 0.074 0.016 0.039 0.054 0.046 0.017 0.021 0.029 0.121 0.057 0.005 0.017 0.061
193 A 0.253 0.033 0.032 0.034 0.02 0.027 0.043 0.074 0.016 0.039 0.054 0.046 0.017 0.021 0.029 0.121 0.057 0.005 0.017 0.061
194 F 0.033 0.019 0.017 0.017 0.01 0.01 0.019 0.025 0.017 0.062 0.113 0.019 0.025 0.396 0.01 0.025 0.025 0.017 0.087 0.054
195 A 0.253 0.033 0.032 0.034 0.02 0.027 0.043 0.074 0.016 0.039 0.054 0.046 0.017 0.021 0.029 0.121 0.057 0.005 0.017 0.061
196 F 0.035 0.021 0.018 0.017 0.01 0.013 0.021 0.025 0.024 0.058 0.101 0.022 0.023 0.329 0.012 0.026 0.026 0.019 0.148 0.052
197 G 0.077 0.023 0.039 0.033 0.011 0.019 0.025 0.517 0.013 0.019 0.028 0.033 0.009 0.016 0.019 0.051 0.029 0.005 0.011 0.024
198 L 0.045 0.021 0.014 0.016 0.016 0.015 0.019 0.021 0.009 0.198 0.275 0.024 0.043 0.049 0.014 0.024 0.036 0.006 0.021 0.134
199 N 0.042 0.044 0.327 0.082 0.009 0.033 0.049 0.064 0.031 0.022 0.031 0.053 0.011 0.018 0.02 0.069 0.049 0.004 0.015 0.027
200 L 0.044 0.022 0.014 0.016 0.016 0.015 0.019 0.021 0.01 0.156 0.33 0.025 0.046 0.051 0.014 0.024 0.034 0.007 0.022 0.115
201 Y 0.04 0.028 0.021 0.018 0.009 0.021 0.028 0.025 0.046 0.043 0.067 0.031 0.018 0.129 0.015 0.031 0.028 0.028 0.328 0.046
202 F 0.037 0.023 0.019 0.018 0.01 0.016 0.023 0.025 0.031 0.053 0.09 0.025 0.022 0.262 0.013 0.028 0.026 0.022 0.208 0.05
203 L 0.044 0.024 0.014 0.015 0.016 0.016 0.02 0.021 0.01 0.114 0.385 0.025 0.049 0.054 0.014 0.024 0.033 0.007 0.022 0.095
204 L 0.055 0.025 0.022 0.022 0.016 0.017 0.025 0.028 0.012 0.098 0.172 0.029 0.031 0.127 0.017 0.043 0.091 0.009 0.037 0.125
205 L 0.043 0.03 0.023 0.035 0.011 0.028 0.093 0.026 0.025 0.06 0.15 0.037 0.026 0.149 0.016 0.034 0.03 0.014 0.113 0.056
206 G 0.077 0.023 0.039 0.033 0.011 0.019 0.025 0.517 0.013 0.019 0.028 0.033 0.009 0.016 0.019 0.051 0.029 0.005 0.011 0.024
207 S 0.086 0.041 0.047 0.056 0.015 0.039 0.112 0.052 0.019 0.033 0.046 0.056 0.016 0.02 0.028 0.152 0.114 0.005 0.017 0.046
208 N 0.041 0.04 0.182 0.055 0.009 0.031 0.044 0.048 0.118 0.027 0.042 0.046 0.014 0.049 0.018 0.052 0.038 0.011 0.104 0.03
209 H 0.043 0.038 0.043 0.033 0.01 0.032 0.044 0.033 0.276 0.087 0.07 0.04 0.02 0.033 0.018 0.037 0.03 0.007 0.047 0.06
210 D 0.045 0.031 0.036 0.133 0.01 0.032 0.11 0.031 0.025 0.092 0.074 0.043 0.019 0.051 0.019 0.04 0.034 0.011 0.094 0.069
211 R 0.044 0.355 0.038 0.031 0.008 0.048 0.052 0.032 0.023 0.023 0.046 0.118 0.015 0.017 0.019 0.044 0.034 0.006 0.017 0.031
212 F 0.036 0.02 0.016 0.016 0.012 0.012 0.019 0.024 0.015 0.075 0.181 0.02 0.031 0.31 0.011 0.025 0.027 0.014 0.071 0.064
213 R 0.11 0.13 0.043 0.127 0.011 0.039 0.063 0.05 0.019 0.029 0.044 0.124 0.014 0.017 0.024 0.058 0.039 0.005 0.016 0.039
214 F 0.036 0.02 0.016 0.016 0.012 0.012 0.019 0.024 0.015 0.075 0.181 0.02 0.031 0.31 0.011 0.025 0.027 0.014 0.071 0.064
215 T 0.119 0.03 0.032 0.03 0.017 0.023 0.034 0.047 0.015 0.053 0.075 0.038 0.02 0.116 0.024 0.073 0.147 0.008 0.035 0.065
216 R 0.066 0.137 0.043 0.052 0.01 0.049 0.12 0.044 0.022 0.025 0.041 0.134 0.015 0.017 0.025 0.096 0.048 0.005 0.017 0.034
217 T 0.077 0.054 0.045 0.041 0.015 0.035 0.05 0.048 0.017 0.04 0.053 0.108 0.017 0.021 0.028 0.117 0.159 0.005 0.017 0.053
218 L 0.056 0.047 0.029 0.029 0.014 0.03 0.038 0.033 0.015 0.115 0.117 0.098 0.061 0.032 0.021 0.051 0.094 0.006 0.02 0.092
219 L 0.06 0.027 0.026 0.025 0.015 0.021 0.029 0.033 0.021 0.117 0.165 0.033 0.03 0.062 0.018 0.078 0.045 0.011 0.097 0.089
220 Y 0.04 0.028 0.021 0.018 0.009 0.021 0.028 0.025 0.046 0.043 0.067 0.031 0.018 0.129 0.015 0.031 0.028 0.028 0.328 0.046
221 K 0.053 0.168 0.04 0.038 0.008 0.051 0.065 0.04 0.021 0.026 0.043 0.246 0.015 0.016 0.025 0.051 0.038 0.005 0.017 0.032
222 L 0.045 0.027 0.017 0.017 0.014 0.02 0.024 0.024 0.02 0.092 0.258 0.029 0.072 0.071 0.015 0.029 0.033 0.012 0.099 0.082
223 F 0.044 0.019 0.016 0.016 0.132 0.012 0.018 0.026 0.013 0.071 0.168 0.021 0.029 0.216 0.013 0.029 0.03 0.011 0.052 0.065
224 C 0.064 0.016 0.016 0.016 0.491 0.012 0.016 0.032 0.008 0.044 0.064 0.02 0.016 0.02 0.016 0.04 0.036 0.004 0.012 0.056
225 Y 0.043 0.023 0.018 0.018 0.013 0.017 0.023 0.022 0.027 0.162 0.116 0.027 0.027 0.086 0.015 0.028 0.033 0.017 0.174 0.11
226 F 0.044 0.022 0.018 0.017 0.012 0.015 0.022 0.025 0.022 0.083 0.105 0.023 0.025 0.239 0.013 0.028 0.032 0.017 0.131 0.109
227 L 0.044 0.024 0.014 0.015 0.016 0.016 0.02 0.021 0.01 0.114 0.385 0.025 0.049 0.054 0.014 0.024 0.033 0.007 0.022 0.095
228 L 0.044 0.024 0.014 0.015 0.016 0.016 0.02 0.021 0.01 0.114 0.385 0.025 0.049 0.054 0.014 0.024 0.033 0.007 0.022 0.095
229 F 0.042 0.025 0.018 0.018 0.013 0.019 0.023 0.026 0.016 0.081 0.153 0.027 0.099 0.222 0.013 0.03 0.032 0.012 0.056 0.073
230 L 0.042 0.019 0.015 0.017 0.015 0.013 0.018 0.022 0.011 0.185 0.207 0.023 0.037 0.134 0.013 0.025 0.034 0.009 0.038 0.124
231 Q 0.055 0.072 0.043 0.046 0.009 0.226 0.101 0.041 0.029 0.026 0.046 0.09 0.02 0.014 0.023 0.055 0.041 0.006 0.02 0.035
232 L 0.045 0.021 0.014 0.016 0.016 0.015 0.019 0.021 0.009 0.198 0.275 0.024 0.043 0.049 0.014 0.024 0.036 0.006 0.021 0.134
233 L 0.047 0.019 0.015 0.016 0.133 0.013 0.018 0.025 0.011 0.125 0.182 0.022 0.032 0.128 0.014 0.028 0.033 0.008 0.035 0.095
234 G 0.133 0.025 0.035 0.032 0.013 0.02 0.029 0.407 0.014 0.025 0.036 0.036 0.011 0.017 0.021 0.059 0.034 0.005 0.012 0.035
235 V 0.054 0.02 0.016 0.017 0.016 0.014 0.021 0.023 0.01 0.167 0.134 0.023 0.031 0.127 0.014 0.029 0.04 0.008 0.037 0.197
236 I 0.049 0.019 0.015 0.017 0.015 0.013 0.019 0.022 0.011 0.197 0.143 0.023 0.032 0.13 0.014 0.027 0.038 0.008 0.037 0.171
237 I 0.062 0.023 0.024 0.025 0.016 0.018 0.026 0.032 0.011 0.219 0.134 0.031 0.031 0.038 0.018 0.076 0.05 0.006 0.02 0.141
238 S 0.147 0.036 0.044 0.041 0.018 0.029 0.045 0.063 0.017 0.038 0.051 0.049 0.017 0.021 0.029 0.159 0.117 0.005 0.017 0.055
239 G 0.077 0.023 0.039 0.033 0.011 0.019 0.025 0.517 0.013 0.019 0.028 0.033 0.009 0.016 0.019 0.051 0.029 0.005 0.011 0.024
240 G 0.077 0.023 0.039 0.033 0.011 0.019 0.025 0.517 0.013 0.019 0.028 0.033 0.009 0.016 0.019 0.051 0.029 0.005 0.011 0.024
241 R 0.044 0.355 0.038 0.031 0.008 0.048 0.052 0.032 0.023 0.023 0.046 0.118 0.015 0.017 0.019 0.044 0.034 0.006 0.017 0.031
242 G 0.077 0.023 0.039 0.033 0.011 0.019 0.025 0.517 0.013 0.019 0.028 0.033 0.009 0.016 0.019 0.051 0.029 0.005 0.011 0.024
243 G 0.077 0.023 0.039 0.033 0.011 0.019 0.025 0.517 0.013 0.019 0.028 0.033 0.009 0.016 0.019 0.051 0.029 0.005 0.011 0.024
244 L 0.108 0.025 0.019 0.021 0.016 0.019 0.026 0.038 0.014 0.121 0.133 0.03 0.063 0.127 0.018 0.042 0.038 0.009 0.037 0.097
245 V 0.069 0.022 0.016 0.018 0.019 0.016 0.023 0.024 0.008 0.162 0.128 0.026 0.031 0.035 0.016 0.032 0.049 0.005 0.02 0.28
246 L 0.044 0.024 0.014 0.015 0.016 0.016 0.02 0.021 0.01 0.114 0.385 0.025 0.049 0.054 0.014 0.024 0.033 0.007 0.022 0.095
247 G 0.123 0.023 0.024 0.024 0.017 0.018 0.026 0.16 0.011 0.126 0.095 0.032 0.023 0.029 0.02 0.048 0.042 0.005 0.017 0.136
248 I 0.125 0.026 0.027 0.028 0.018 0.021 0.032 0.046 0.013 0.159 0.108 0.036 0.026 0.032 0.022 0.091 0.052 0.006 0.019 0.114
249 V 0.121 0.023 0.018 0.02 0.019 0.018 0.026 0.037 0.01 0.162 0.12 0.03 0.029 0.034 0.019 0.043 0.046 0.005 0.02 0.2
250 Y 0.04 0.028 0.021 0.018 0.009 0.021 0.028 0.025 0.046 0.043 0.067 0.031 0.018 0.129 0.015 0.031 0.028 0.028 0.328 0.046
251 L 0.048 0.025 0.022 0.021 0.015 0.017 0.024 0.027 0.013 0.086 0.237 0.028 0.036 0.132 0.016 0.041 0.087 0.009 0.037 0.078
252 L 0.045 0.021 0.014 0.016 0.016 0.015 0.019 0.021 0.009 0.198 0.275 0.024 0.043 0.049 0.014 0.024 0.036 0.006 0.021 0.134
253 Y 0.047 0.026 0.02 0.018 0.012 0.02 0.026 0.024 0.037 0.073 0.083 0.029 0.022 0.105 0.016 0.031 0.033 0.022 0.251 0.104
254 L 0.047 0.023 0.016 0.017 0.016 0.017 0.021 0.022 0.011 0.194 0.227 0.027 0.074 0.047 0.015 0.027 0.038 0.007 0.022 0.133
255 A 0.173 0.026 0.02 0.023 0.019 0.02 0.029 0.049 0.012 0.12 0.167 0.034 0.03 0.035 0.022 0.054 0.043 0.006 0.019 0.101
256 L 0.045 0.021 0.014 0.016 0.016 0.015 0.019 0.021 0.009 0.198 0.275 0.024 0.043 0.049 0.014 0.024 0.036 0.006 0.021 0.134
257 L 0.067 0.036 0.109 0.045 0.015 0.027 0.04 0.048 0.018 0.054 0.13 0.044 0.024 0.029 0.023 0.104 0.105 0.006 0.018 0.058
258 L 0.061 0.109 0.03 0.028 0.014 0.027 0.035 0.035 0.015 0.112 0.159 0.055 0.029 0.034 0.019 0.081 0.047 0.006 0.019 0.085
259 L 0.046 0.024 0.016 0.017 0.016 0.018 0.021 0.022 0.011 0.152 0.282 0.027 0.077 0.05 0.015 0.027 0.036 0.007 0.022 0.114
260 K 0.065 0.07 0.051 0.134 0.01 0.042 0.07 0.049 0.02 0.026 0.038 0.169 0.014 0.016 0.026 0.097 0.048 0.005 0.016 0.032
261 L 0.066 0.054 0.037 0.048 0.012 0.041 0.112 0.041 0.019 0.048 0.126 0.11 0.023 0.027 0.024 0.091 0.047 0.006 0.018 0.05
262 K 0.05 0.152 0.112 0.049 0.008 0.047 0.06 0.045 0.024 0.025 0.04 0.187 0.014 0.016 0.023 0.055 0.04 0.005 0.017 0.03
263 K 0.049 0.153 0.043 0.037 0.008 0.048 0.061 0.039 0.107 0.025 0.042 0.185 0.015 0.019 0.023 0.048 0.035 0.006 0.027 0.029
264 L 0.063 0.053 0.109 0.046 0.013 0.034 0.047 0.048 0.02 0.048 0.125 0.105 0.023 0.027 0.023 0.094 0.05 0.005 0.018 0.049
265 K 0.06 0.088 0.041 0.04 0.011 0.046 0.062 0.043 0.019 0.034 0.048 0.228 0.016 0.017 0.027 0.062 0.094 0.005 0.017 0.042
266 R 0.046 0.133 0.107 0.043 0.009 0.039 0.049 0.041 0.03 0.029 0.047 0.123 0.015 0.045 0.02 0.049 0.037 0.011 0.094 0.034
267 I 0.046 0.019 0.014 0.017 0.016 0.014 0.018 0.02 0.009 0.24 0.22 0.024 0.039 0.046 0.014 0.024 0.038 0.006 0.021 0.154
268 L 0.042 0.021 0.015 0.016 0.015 0.014 0.019 0.022 0.011 0.143 0.262 0.023 0.04 0.137 0.013 0.024 0.033 0.009 0.038 0.104
269 K 0.054 0.066 0.035 0.034 0.011 0.036 0.049 0.038 0.018 0.042 0.065 0.16 0.019 0.112 0.023 0.055 0.09 0.008 0.035 0.047
270 Y 0.046 0.027 0.026 0.023 0.012 0.02 0.028 0.029 0.031 0.05 0.078 0.031 0.02 0.169 0.017 0.044 0.084 0.019 0.19 0.054
271 I 0.043 0.018 0.015 0.017 0.015 0.012 0.018 0.021 0.011 0.227 0.152 0.022 0.033 0.132 0.013 0.025 0.036 0.009 0.037 0.144
272 F 0.048 0.019 0.022 0.021 0.012 0.013 0.02 0.147 0.014 0.106 0.105 0.023 0.024 0.213 0.013 0.031 0.03 0.011 0.051 0.077
273 L 0.042 0.019 0.015 0.017 0.015 0.013 0.018 0.022 0.011 0.185 0.207 0.023 0.037 0.134 0.013 0.025 0.034 0.009 0.038 0.124
274 L 0.048 0.02 0.015 0.017 0.015 0.014 0.02 0.023 0.011 0.155 0.198 0.023 0.035 0.132 0.014 0.027 0.036 0.009 0.038 0.151
275 G 0.084 0.031 0.04 0.036 0.015 0.025 0.037 0.167 0.015 0.048 0.124 0.041 0.022 0.028 0.023 0.134 0.056 0.006 0.017 0.05
276 L 0.058 0.025 0.025 0.024 0.015 0.018 0.027 0.033 0.014 0.122 0.176 0.03 0.031 0.128 0.017 0.076 0.044 0.009 0.037 0.091
277 L 0.064 0.029 0.032 0.029 0.015 0.022 0.032 0.039 0.015 0.064 0.151 0.035 0.027 0.123 0.02 0.093 0.099 0.009 0.036 0.065
278 L 0.054 0.021 0.016 0.017 0.016 0.015 0.021 0.024 0.011 0.125 0.188 0.024 0.034 0.13 0.014 0.028 0.039 0.009 0.038 0.177
279 L 0.045 0.021 0.014 0.016 0.016 0.015 0.019 0.021 0.009 0.198 0.275 0.024 0.043 0.049 0.014 0.024 0.036 0.006 0.021 0.134
280 T 0.065 0.027 0.029 0.027 0.017 0.021 0.03 0.033 0.011 0.137 0.106 0.035 0.027 0.031 0.021 0.06 0.151 0.006 0.019 0.148
281 L 0.053 0.02 0.02 0.021 0.015 0.015 0.02 0.145 0.01 0.174 0.186 0.026 0.033 0.039 0.015 0.031 0.035 0.006 0.018 0.117
282 I 0.064 0.037 0.031 0.032 0.014 0.071 0.047 0.037 0.016 0.155 0.105 0.047 0.027 0.031 0.02 0.084 0.05 0.006 0.02 0.106
283 L 0.109 0.024 0.017 0.019 0.017 0.018 0.024 0.035 0.011 0.138 0.248 0.029 0.038 0.043 0.018 0.039 0.039 0.006 0.02 0.108
284 L 0.051 0.022 0.015 0.016 0.017 0.015 0.02 0.022 0.009 0.168 0.266 0.025 0.041 0.047 0.015 0.026 0.038 0.006 0.021 0.161
285 F 0.034 0.026 0.025 0.021 0.009 0.018 0.028 0.029 0.103 0.044 0.079 0.026 0.02 0.22 0.012 0.028 0.025 0.135 0.075 0.04
286 P 0.05 0.024 0.021 0.027 0.01 0.018 0.031 0.033 0.014 0.035 0.055 0.035 0.014 0.109 0.378 0.039 0.033 0.006 0.031 0.036
287 L 0.043 0.036 0.024 0.024 0.011 0.069 0.042 0.028 0.025 0.061 0.153 0.041 0.028 0.148 0.016 0.034 0.032 0.014 0.114 0.057
288 L 0.041 0.023 0.015 0.015 0.015 0.015 0.02 0.022 0.012 0.101 0.317 0.023 0.043 0.139 0.013 0.024 0.031 0.009 0.038 0.085
289 L 0.05 0.03 0.018 0.019 0.016 0.025 0.026 0.026 0.014 0.103 0.242 0.033 0.142 0.049 0.015 0.033 0.038 0.008 0.023 0.092
290 K 0.052 0.082 0.113 0.053 0.009 0.091 0.072 0.047 0.025 0.026 0.041 0.18 0.015 0.016 0.024 0.057 0.042 0.005 0.017 0.032
291 I 0.045 0.024 0.093 0.034 0.014 0.018 0.025 0.031 0.014 0.217 0.132 0.031 0.03 0.037 0.016 0.036 0.042 0.005 0.019 0.137
292 S 0.078 0.043 0.05 0.056 0.012 0.042 0.116 0.051 0.107 0.026 0.039 0.057 0.015 0.022 0.026 0.14 0.056 0.006 0.027 0.034
293 I 0.125 0.026 0.027 0.028 0.018 0.021 0.032 0.046 0.013 0.159 0.108 0.036 0.026 0.032 0.022 0.091 0.052 0.006 0.019 0.114
294 F 0.035 0.021 0.018 0.017 0.01 0.013 0.021 0.025 0.024 0.058 0.101 0.022 0.023 0.329 0.012 0.026 0.026 0.019 0.148 0.052
295 E 0.065 0.051 0.116 0.066 0.011 0.089 0.127 0.051 0.026 0.025 0.039 0.068 0.015 0.017 0.024 0.102 0.052 0.005 0.017 0.033
296 D 0.058 0.035 0.117 0.139 0.011 0.029 0.054 0.05 0.029 0.029 0.042 0.045 0.014 0.045 0.022 0.096 0.048 0.01 0.093 0.034
297 G 0.093 0.031 0.046 0.041 0.014 0.026 0.038 0.291 0.016 0.024 0.035 0.043 0.012 0.018 0.024 0.141 0.055 0.005 0.014 0.033
298 F 0.036 0.02 0.016 0.016 0.012 0.012 0.019 0.024 0.015 0.075 0.181 0.02 0.031 0.31 0.011 0.025 0.027 0.014 0.071 0.064
299 S 0.073 0.035 0.113 0.049 0.013 0.027 0.043 0.055 0.021 0.036 0.057 0.045 0.017 0.114 0.022 0.139 0.059 0.008 0.034 0.041
300 R 0.044 0.355 0.038 0.031 0.008 0.048 0.052 0.032 0.023 0.023 0.046 0.118 0.015 0.017 0.019 0.044 0.034 0.006 0.017 0.031
301 V 0.069 0.022 0.016 0.018 0.019 0.016 0.023 0.024 0.008 0.162 0.128 0.026 0.031 0.035 0.016 0.032 0.049 0.005 0.02 0.28
302 F 0.043 0.023 0.023 0.022 0.012 0.015 0.024 0.029 0.016 0.06 0.1 0.025 0.024 0.303 0.015 0.042 0.083 0.014 0.07 0.058
303 S 0.082 0.056 0.048 0.047 0.013 0.13 0.077 0.053 0.024 0.028 0.044 0.072 0.018 0.018 0.026 0.143 0.061 0.005 0.019 0.038
304 F 0.037 0.023 0.019 0.018 0.01 0.016 0.023 0.025 0.031 0.053 0.09 0.025 0.022 0.262 0.013 0.028 0.026 0.022 0.208 0.05
305 I 0.052 0.018 0.015 0.017 0.017 0.014 0.019 0.021 0.009 0.252 0.156 0.024 0.035 0.041 0.015 0.027 0.042 0.006 0.02 0.2
306 G 0.087 0.038 0.046 0.055 0.013 0.037 0.109 0.171 0.019 0.025 0.037 0.054 0.013 0.018 0.026 0.142 0.057 0.005 0.015 0.034
307 G 0.091 0.034 0.047 0.042 0.016 0.028 0.042 0.173 0.016 0.032 0.044 0.046 0.015 0.02 0.026 0.151 0.112 0.005 0.016 0.044
308 G 0.059 0.026 0.054 0.217 0.009 0.024 0.058 0.279 0.016 0.021 0.028 0.039 0.009 0.015 0.021 0.051 0.032 0.005 0.011 0.024
309 D 0.053 0.033 0.054 0.234 0.008 0.035 0.128 0.161 0.019 0.021 0.03 0.049 0.01 0.015 0.022 0.052 0.034 0.005 0.012 0.026
310 G 0.069 0.023 0.032 0.029 0.012 0.018 0.024 0.393 0.012 0.042 0.117 0.031 0.019 0.025 0.017 0.044 0.03 0.006 0.013 0.042
311 I 0.052 0.018 0.015 0.017 0.017 0.014 0.019 0.021 0.009 0.252 0.156 0.024 0.035 0.041 0.015 0.027 0.042 0.006 0.02 0.2
312 D 0.041 0.037 0.197 0.244 0.008 0.031 0.069 0.055 0.025 0.022 0.029 0.049 0.01 0.016 0.021 0.06 0.042 0.004 0.013 0.025
313 W 0.034 0.021 0.015 0.016 0.01 0.015 0.021 0.027 0.013 0.093 0.081 0.023 0.02 0.056 0.009 0.023 0.027 0.376 0.055 0.066
314 S 0.156 0.037 0.046 0.043 0.018 0.031 0.049 0.068 0.018 0.033 0.046 0.051 0.016 0.021 0.029 0.195 0.073 0.005 0.017 0.048
315 G 0.133 0.025 0.035 0.032 0.013 0.02 0.029 0.407 0.014 0.025 0.036 0.036 0.011 0.017 0.021 0.059 0.034 0.005 0.012 0.035
316 T 0.072 0.035 0.043 0.037 0.018 0.027 0.039 0.043 0.014 0.053 0.064 0.045 0.019 0.023 0.027 0.091 0.258 0.006 0.018 0.07
317 S 0.092 0.041 0.122 0.057 0.015 0.033 0.051 0.065 0.022 0.027 0.039 0.053 0.014 0.02 0.027 0.191 0.073 0.005 0.017 0.038
318 G 0.078 0.023 0.039 0.033 0.011 0.019 0.025 0.515 0.013 0.019 0.028 0.033 0.009 0.016 0.019 0.051 0.029 0.005 0.011 0.024
319 R 0.044 0.355 0.038 0.031 0.008 0.048 0.052 0.032 0.023 0.023 0.046 0.118 0.015 0.017 0.019 0.044 0.034 0.006 0.017 0.031
