#Seq2Logo.py -f /work3/idamei/ssn-clusterings/clustering/2205111339/clusters/0011_192/sequences.afa -o /work3/idamei/ssn-clusterings/clustering/2205111339/clusters/0011_192/sequences.logo
#Position Specific Frequency Matrix
A R N D C Q E G H I L K M F P S T W Y V
0 M 0.05 0.031 0.019 0.019 0.015 0.027 0.027 0.027 0.015 0.097 0.189 0.035 0.193 0.046 0.015 0.035 0.039 0.008 0.023 0.089
1 L 0.052 0.11 0.03 0.027 0.012 0.028 0.037 0.033 0.016 0.076 0.113 0.08 0.023 0.112 0.019 0.064 0.064 0.008 0.033 0.063
2 L 0.042 0.028 0.069 0.082 0.013 0.021 0.035 0.031 0.019 0.076 0.244 0.032 0.033 0.053 0.016 0.035 0.034 0.009 0.065 0.067
3 R 0.167 0.188 0.032 0.03 0.015 0.037 0.046 0.056 0.019 0.033 0.053 0.082 0.016 0.02 0.025 0.065 0.042 0.006 0.017 0.05
4 S 0.11 0.04 0.054 0.049 0.018 0.033 0.053 0.066 0.019 0.03 0.042 0.054 0.016 0.021 0.03 0.218 0.082 0.005 0.018 0.042
5 Y 0.044 0.023 0.018 0.018 0.013 0.018 0.023 0.023 0.028 0.157 0.118 0.027 0.028 0.088 0.015 0.028 0.034 0.017 0.169 0.112
6 F 0.034 0.019 0.017 0.017 0.011 0.011 0.019 0.025 0.017 0.063 0.114 0.019 0.025 0.387 0.011 0.025 0.025 0.017 0.089 0.055
7 I 0.049 0.086 0.024 0.023 0.012 0.021 0.026 0.123 0.014 0.134 0.103 0.043 0.024 0.103 0.015 0.034 0.033 0.008 0.031 0.091
8 K 0.129 0.11 0.036 0.035 0.013 0.04 0.053 0.05 0.018 0.034 0.05 0.164 0.016 0.018 0.026 0.065 0.074 0.005 0.017 0.047
9 K 0.055 0.104 0.12 0.097 0.009 0.041 0.061 0.049 0.023 0.025 0.037 0.153 0.013 0.016 0.024 0.079 0.045 0.005 0.016 0.03
10 P 0.06 0.028 0.028 0.036 0.011 0.025 0.065 0.09 0.018 0.056 0.052 0.041 0.014 0.03 0.239 0.064 0.039 0.006 0.051 0.048
11 R 0.046 0.243 0.036 0.032 0.008 0.045 0.054 0.034 0.024 0.026 0.046 0.169 0.015 0.028 0.021 0.044 0.034 0.008 0.053 0.032
12 F 0.047 0.034 0.025 0.024 0.012 0.022 0.03 0.029 0.021 0.083 0.12 0.06 0.025 0.136 0.018 0.043 0.085 0.013 0.106 0.07
13 L 0.045 0.021 0.015 0.017 0.015 0.015 0.02 0.022 0.009 0.185 0.253 0.025 0.038 0.044 0.069 0.026 0.035 0.006 0.02 0.12
14 W 0.032 0.021 0.015 0.015 0.009 0.013 0.021 0.027 0.014 0.066 0.076 0.021 0.019 0.135 0.009 0.023 0.024 0.346 0.065 0.05
15 L 0.046 0.023 0.016 0.017 0.015 0.016 0.02 0.077 0.01 0.101 0.358 0.025 0.043 0.048 0.014 0.026 0.032 0.007 0.02 0.085
16 L 0.079 0.024 0.019 0.02 0.016 0.017 0.025 0.032 0.012 0.109 0.263 0.029 0.037 0.084 0.017 0.055 0.039 0.007 0.027 0.088
17 L 0.082 0.023 0.022 0.023 0.015 0.017 0.025 0.089 0.013 0.114 0.163 0.029 0.028 0.119 0.017 0.058 0.038 0.008 0.033 0.084
18 F 0.036 0.024 0.022 0.019 0.009 0.017 0.025 0.026 0.066 0.05 0.087 0.025 0.021 0.273 0.013 0.028 0.025 0.019 0.168 0.047
19 L 0.049 0.02 0.014 0.016 0.016 0.014 0.019 0.021 0.009 0.205 0.233 0.024 0.038 0.044 0.014 0.026 0.038 0.006 0.02 0.172
20 L 0.045 0.02 0.014 0.016 0.015 0.014 0.019 0.021 0.01 0.194 0.231 0.023 0.038 0.086 0.014 0.025 0.036 0.007 0.028 0.145
21 L 0.079 0.026 0.025 0.025 0.017 0.02 0.029 0.036 0.012 0.152 0.171 0.033 0.031 0.036 0.019 0.091 0.05 0.006 0.019 0.125
22 N 0.041 0.043 0.343 0.08 0.009 0.032 0.047 0.063 0.03 0.022 0.03 0.052 0.011 0.017 0.019 0.067 0.047 0.004 0.015 0.026
23 I 0.048 0.02 0.015 0.017 0.016 0.015 0.019 0.021 0.009 0.24 0.187 0.024 0.054 0.043 0.014 0.026 0.039 0.006 0.02 0.166
24 I 0.051 0.023 0.02 0.019 0.014 0.018 0.024 0.024 0.021 0.155 0.111 0.028 0.027 0.066 0.016 0.035 0.063 0.013 0.128 0.145
25 A 0.154 0.032 0.033 0.031 0.016 0.026 0.039 0.054 0.026 0.037 0.054 0.042 0.017 0.056 0.024 0.121 0.051 0.012 0.126 0.05
26 C 0.092 0.027 0.03 0.028 0.124 0.02 0.03 0.042 0.013 0.048 0.07 0.033 0.019 0.108 0.021 0.081 0.119 0.008 0.031 0.058
27 F 0.046 0.02 0.018 0.019 0.014 0.014 0.021 0.024 0.012 0.156 0.156 0.024 0.031 0.163 0.014 0.032 0.06 0.009 0.042 0.125
28 L 0.043 0.023 0.019 0.019 0.014 0.017 0.023 0.022 0.054 0.177 0.216 0.026 0.035 0.054 0.015 0.026 0.034 0.009 0.06 0.114
29 I 0.044 0.021 0.016 0.018 0.014 0.017 0.02 0.022 0.015 0.199 0.151 0.026 0.067 0.093 0.014 0.027 0.036 0.01 0.064 0.125
30 L 0.041 0.021 0.015 0.016 0.014 0.014 0.019 0.022 0.015 0.155 0.219 0.023 0.035 0.137 0.013 0.025 0.032 0.011 0.071 0.104
31 S 0.067 0.036 0.076 0.084 0.013 0.05 0.051 0.047 0.019 0.063 0.062 0.047 0.018 0.065 0.022 0.118 0.077 0.006 0.024 0.055
32 T 0.07 0.041 0.111 0.049 0.014 0.053 0.05 0.051 0.02 0.037 0.049 0.052 0.016 0.02 0.025 0.116 0.155 0.005 0.017 0.049
33 G 0.058 0.075 0.109 0.087 0.009 0.029 0.044 0.262 0.019 0.021 0.031 0.078 0.011 0.016 0.02 0.053 0.035 0.005 0.013 0.026
34 E 0.055 0.088 0.056 0.049 0.01 0.065 0.114 0.039 0.061 0.035 0.058 0.092 0.035 0.022 0.022 0.064 0.065 0.006 0.022 0.041
35 L 0.042 0.023 0.014 0.015 0.015 0.015 0.019 0.021 0.01 0.105 0.367 0.024 0.045 0.092 0.013 0.023 0.031 0.008 0.029 0.088
36 L 0.045 0.023 0.017 0.017 0.014 0.017 0.022 0.023 0.018 0.136 0.186 0.026 0.05 0.104 0.014 0.027 0.034 0.012 0.1 0.117
37 G 0.075 0.022 0.038 0.032 0.01 0.018 0.025 0.529 0.013 0.018 0.027 0.032 0.009 0.016 0.018 0.049 0.029 0.005 0.01 0.023
38 D 0.047 0.039 0.051 0.235 0.007 0.047 0.219 0.039 0.022 0.021 0.032 0.059 0.011 0.015 0.023 0.052 0.035 0.005 0.014 0.027
39 V 0.066 0.026 0.025 0.024 0.017 0.019 0.028 0.032 0.011 0.104 0.131 0.031 0.027 0.074 0.019 0.067 0.097 0.007 0.026 0.168
40 N 0.061 0.058 0.128 0.08 0.01 0.063 0.091 0.051 0.024 0.025 0.037 0.114 0.014 0.017 0.024 0.1 0.049 0.005 0.016 0.032
41 G 0.064 0.03 0.037 0.074 0.012 0.045 0.041 0.254 0.014 0.049 0.085 0.039 0.018 0.022 0.019 0.049 0.06 0.005 0.014 0.068
42 V 0.059 0.031 0.021 0.022 0.015 0.02 0.028 0.028 0.012 0.11 0.106 0.057 0.026 0.114 0.017 0.039 0.067 0.008 0.034 0.188
43 P 0.057 0.044 0.066 0.044 0.011 0.054 0.078 0.04 0.019 0.044 0.055 0.077 0.016 0.061 0.13 0.068 0.042 0.006 0.024 0.063
44 I 0.052 0.022 0.021 0.022 0.013 0.016 0.025 0.028 0.016 0.141 0.108 0.028 0.025 0.127 0.071 0.053 0.039 0.01 0.069 0.114
45 N 0.056 0.046 0.141 0.057 0.01 0.035 0.077 0.103 0.062 0.023 0.034 0.078 0.012 0.018 0.076 0.076 0.043 0.005 0.019 0.028
46 D 0.058 0.038 0.119 0.188 0.01 0.038 0.123 0.051 0.022 0.023 0.033 0.054 0.011 0.017 0.023 0.099 0.047 0.004 0.014 0.029
47 G 0.094 0.04 0.039 0.083 0.012 0.032 0.078 0.101 0.02 0.028 0.041 0.074 0.013 0.029 0.078 0.095 0.045 0.007 0.051 0.037
48 G 0.058 0.033 0.035 0.048 0.011 0.034 0.127 0.143 0.021 0.034 0.051 0.046 0.015 0.073 0.021 0.055 0.085 0.009 0.059 0.041
49 L 0.085 0.026 0.023 0.025 0.016 0.02 0.029 0.035 0.011 0.097 0.149 0.034 0.026 0.03 0.129 0.05 0.091 0.005 0.018 0.102
50 L 0.087 0.025 0.023 0.023 0.017 0.019 0.027 0.034 0.011 0.135 0.201 0.031 0.033 0.038 0.019 0.063 0.069 0.006 0.019 0.121
51 L 0.044 0.021 0.018 0.018 0.013 0.015 0.02 0.079 0.013 0.124 0.185 0.024 0.049 0.165 0.013 0.028 0.031 0.01 0.041 0.088
52 L 0.04 0.06 0.019 0.018 0.012 0.018 0.024 0.023 0.02 0.116 0.169 0.034 0.03 0.142 0.014 0.027 0.031 0.013 0.106 0.083
53 I 0.072 0.027 0.031 0.03 0.016 0.022 0.032 0.039 0.013 0.158 0.134 0.036 0.028 0.034 0.02 0.124 0.056 0.006 0.019 0.104
54 L 0.079 0.027 0.056 0.027 0.015 0.02 0.028 0.037 0.014 0.079 0.248 0.032 0.034 0.081 0.017 0.06 0.04 0.007 0.027 0.072
55 L 0.077 0.022 0.015 0.017 0.016 0.016 0.021 0.027 0.01 0.171 0.252 0.026 0.038 0.044 0.016 0.031 0.038 0.006 0.02 0.138
56 L 0.05 0.024 0.018 0.018 0.016 0.017 0.023 0.025 0.011 0.123 0.333 0.027 0.043 0.048 0.015 0.049 0.038 0.006 0.021 0.095
57 L 0.047 0.02 0.014 0.016 0.016 0.014 0.018 0.02 0.009 0.221 0.237 0.024 0.039 0.045 0.014 0.025 0.037 0.006 0.02 0.158
58 L 0.082 0.021 0.016 0.018 0.071 0.015 0.021 0.028 0.009 0.169 0.184 0.025 0.033 0.038 0.016 0.034 0.04 0.006 0.019 0.157
59 I 0.079 0.023 0.022 0.022 0.015 0.017 0.024 0.087 0.013 0.136 0.116 0.029 0.044 0.117 0.017 0.042 0.062 0.008 0.033 0.096
60 S 0.077 0.031 0.039 0.036 0.015 0.024 0.038 0.048 0.017 0.042 0.066 0.04 0.019 0.151 0.022 0.157 0.083 0.009 0.04 0.048
61 Y 0.038 0.026 0.02 0.018 0.009 0.02 0.026 0.024 0.042 0.044 0.071 0.029 0.019 0.157 0.014 0.029 0.027 0.026 0.315 0.046
62 V 0.051 0.02 0.015 0.016 0.069 0.014 0.02 0.024 0.01 0.146 0.147 0.023 0.029 0.081 0.014 0.028 0.037 0.063 0.031 0.162
63 F 0.043 0.021 0.017 0.017 0.012 0.014 0.021 0.024 0.02 0.105 0.109 0.023 0.026 0.223 0.013 0.027 0.032 0.015 0.121 0.118
64 F 0.071 0.02 0.017 0.018 0.013 0.013 0.021 0.029 0.014 0.102 0.144 0.023 0.028 0.245 0.014 0.031 0.032 0.012 0.056 0.099
65 L 0.047 0.038 0.058 0.03 0.013 0.071 0.042 0.031 0.017 0.079 0.233 0.044 0.07 0.039 0.017 0.037 0.037 0.006 0.021 0.071
66 L 0.052 0.023 0.021 0.02 0.014 0.017 0.023 0.082 0.015 0.103 0.125 0.027 0.025 0.089 0.015 0.036 0.06 0.065 0.067 0.119
67 F 0.042 0.019 0.017 0.02 0.012 0.013 0.022 0.025 0.013 0.132 0.11 0.025 0.025 0.199 0.123 0.028 0.031 0.01 0.047 0.087
68 L 0.043 0.021 0.014 0.016 0.014 0.014 0.019 0.022 0.011 0.143 0.245 0.023 0.037 0.089 0.013 0.024 0.033 0.064 0.033 0.121
69 F 0.033 0.019 0.017 0.016 0.01 0.011 0.019 0.024 0.019 0.059 0.105 0.02 0.024 0.379 0.011 0.025 0.025 0.017 0.114 0.052
70 N 0.052 0.113 0.139 0.06 0.01 0.04 0.106 0.045 0.024 0.053 0.05 0.067 0.015 0.02 0.021 0.074 0.044 0.005 0.016 0.045
71 L 0.083 0.027 0.025 0.024 0.014 0.02 0.029 0.038 0.018 0.057 0.141 0.032 0.025 0.13 0.017 0.081 0.041 0.067 0.075 0.057
72 L 0.087 0.025 0.021 0.021 0.016 0.018 0.027 0.033 0.015 0.097 0.161 0.03 0.029 0.087 0.017 0.059 0.043 0.009 0.063 0.142
73 L 0.052 0.072 0.031 0.069 0.012 0.026 0.04 0.033 0.018 0.086 0.113 0.071 0.023 0.081 0.018 0.059 0.039 0.009 0.061 0.087
74 K 0.055 0.178 0.042 0.037 0.009 0.046 0.058 0.04 0.061 0.025 0.042 0.185 0.015 0.018 0.023 0.069 0.04 0.005 0.021 0.031
75 I 0.048 0.018 0.015 0.017 0.015 0.013 0.018 0.021 0.009 0.249 0.15 0.023 0.033 0.082 0.014 0.025 0.038 0.007 0.027 0.178
76 K 0.047 0.176 0.038 0.034 0.008 0.044 0.055 0.036 0.06 0.028 0.05 0.181 0.016 0.061 0.021 0.044 0.034 0.007 0.029 0.032
77 V 0.055 0.021 0.019 0.021 0.015 0.016 0.023 0.026 0.01 0.168 0.119 0.027 0.028 0.075 0.071 0.036 0.066 0.006 0.026 0.172
78 K 0.047 0.055 0.103 0.085 0.009 0.034 0.052 0.041 0.023 0.057 0.053 0.129 0.015 0.03 0.076 0.048 0.038 0.007 0.052 0.046
79 P 0.069 0.053 0.036 0.036 0.066 0.032 0.046 0.098 0.016 0.028 0.041 0.128 0.013 0.016 0.133 0.092 0.045 0.004 0.014 0.035
80 L 0.044 0.024 0.051 0.023 0.015 0.017 0.022 0.026 0.012 0.122 0.269 0.027 0.038 0.085 0.014 0.029 0.035 0.007 0.027 0.112
81 R 0.045 0.123 0.029 0.028 0.01 0.056 0.046 0.031 0.021 0.071 0.106 0.114 0.023 0.079 0.018 0.038 0.034 0.009 0.062 0.057
82 F 0.056 0.026 0.031 0.076 0.012 0.023 0.066 0.089 0.015 0.077 0.075 0.036 0.019 0.108 0.073 0.061 0.038 0.007 0.031 0.08
83 N 0.059 0.044 0.172 0.054 0.012 0.03 0.044 0.052 0.022 0.043 0.053 0.073 0.016 0.063 0.021 0.097 0.051 0.006 0.024 0.063
84 R 0.045 0.345 0.039 0.031 0.008 0.048 0.052 0.033 0.023 0.023 0.047 0.12 0.016 0.017 0.019 0.045 0.035 0.006 0.017 0.031
85 D 0.045 0.028 0.042 0.199 0.011 0.024 0.054 0.036 0.018 0.047 0.119 0.037 0.02 0.036 0.074 0.045 0.06 0.007 0.051 0.047
86 C 0.089 0.027 0.099 0.037 0.255 0.021 0.03 0.047 0.015 0.039 0.055 0.034 0.015 0.02 0.02 0.059 0.069 0.004 0.014 0.052
87 R 0.047 0.169 0.044 0.036 0.008 0.046 0.058 0.037 0.136 0.024 0.042 0.151 0.015 0.021 0.022 0.046 0.033 0.006 0.03 0.028
88 P 0.057 0.021 0.018 0.022 0.015 0.017 0.025 0.027 0.01 0.157 0.11 0.03 0.026 0.03 0.178 0.033 0.041 0.005 0.018 0.162
89 N 0.047 0.065 0.233 0.068 0.009 0.04 0.056 0.057 0.027 0.024 0.035 0.132 0.012 0.017 0.022 0.063 0.045 0.005 0.016 0.028
90 W 0.034 0.03 0.12 0.037 0.008 0.021 0.031 0.041 0.02 0.027 0.045 0.033 0.014 0.046 0.012 0.038 0.031 0.336 0.05 0.029
91 E 0.063 0.041 0.105 0.058 0.065 0.059 0.11 0.047 0.022 0.026 0.039 0.056 0.014 0.017 0.077 0.097 0.048 0.005 0.016 0.035
92 R 0.051 0.096 0.078 0.04 0.01 0.063 0.054 0.039 0.071 0.044 0.052 0.095 0.017 0.02 0.09 0.048 0.039 0.005 0.022 0.066
93 L 0.048 0.073 0.058 0.029 0.012 0.026 0.034 0.031 0.018 0.091 0.145 0.071 0.026 0.041 0.072 0.037 0.037 0.008 0.054 0.09
94 A 0.113 0.031 0.027 0.039 0.014 0.03 0.095 0.041 0.016 0.101 0.094 0.042 0.04 0.071 0.021 0.07 0.043 0.007 0.026 0.079
95 D 0.061 0.047 0.046 0.135 0.011 0.062 0.123 0.043 0.02 0.055 0.05 0.084 0.016 0.019 0.024 0.093 0.046 0.005 0.016 0.047
96 D 0.047 0.044 0.072 0.12 0.009 0.029 0.05 0.093 0.021 0.039 0.086 0.095 0.018 0.076 0.019 0.044 0.034 0.009 0.059 0.039
97 R 0.045 0.186 0.031 0.027 0.01 0.033 0.04 0.031 0.018 0.044 0.1 0.097 0.021 0.109 0.018 0.043 0.059 0.008 0.033 0.046
98 I 0.042 0.019 0.015 0.016 0.013 0.014 0.019 0.023 0.011 0.176 0.154 0.022 0.03 0.087 0.012 0.024 0.033 0.119 0.037 0.131
99 G 0.079 0.024 0.039 0.034 0.011 0.02 0.027 0.477 0.014 0.019 0.029 0.035 0.01 0.016 0.019 0.072 0.034 0.005 0.011 0.025
100 I 0.041 0.037 0.02 0.021 0.011 0.021 0.03 0.028 0.014 0.126 0.099 0.084 0.024 0.122 0.014 0.03 0.032 0.12 0.044 0.082
101 L 0.047 0.022 0.018 0.018 0.015 0.015 0.021 0.024 0.011 0.119 0.241 0.025 0.036 0.126 0.015 0.032 0.06 0.008 0.035 0.112
102 L 0.045 0.02 0.014 0.016 0.015 0.014 0.019 0.021 0.01 0.194 0.231 0.023 0.038 0.086 0.014 0.025 0.036 0.007 0.028 0.145
103 L 0.101 0.022 0.017 0.019 0.015 0.015 0.023 0.034 0.013 0.121 0.174 0.026 0.03 0.163 0.016 0.037 0.034 0.009 0.041 0.091
104 F 0.048 0.019 0.016 0.017 0.014 0.013 0.02 0.023 0.012 0.138 0.124 0.022 0.029 0.203 0.013 0.027 0.036 0.01 0.049 0.167
105 L 0.045 0.024 0.015 0.016 0.016 0.017 0.021 0.022 0.011 0.15 0.3 0.026 0.077 0.049 0.014 0.026 0.035 0.007 0.021 0.109
106 Q 0.054 0.071 0.042 0.045 0.008 0.245 0.099 0.04 0.028 0.025 0.045 0.088 0.02 0.014 0.023 0.054 0.04 0.006 0.02 0.034
107 I 0.083 0.021 0.019 0.02 0.017 0.016 0.023 0.029 0.01 0.212 0.131 0.028 0.03 0.036 0.017 0.039 0.068 0.006 0.019 0.175
108 L 0.059 0.024 0.024 0.023 0.068 0.018 0.024 0.141 0.013 0.066 0.184 0.029 0.045 0.076 0.016 0.057 0.037 0.007 0.025 0.062
109 F 0.032 0.018 0.016 0.016 0.01 0.01 0.018 0.024 0.016 0.061 0.11 0.018 0.024 0.41 0.01 0.024 0.024 0.016 0.085 0.053
110 L 0.079 0.022 0.016 0.018 0.016 0.017 0.022 0.028 0.011 0.148 0.192 0.027 0.051 0.082 0.016 0.033 0.039 0.007 0.028 0.147
111 L 0.102 0.022 0.017 0.019 0.016 0.015 0.023 0.033 0.012 0.147 0.18 0.027 0.032 0.122 0.016 0.037 0.036 0.008 0.034 0.104
112 Y 0.037 0.024 0.019 0.017 0.009 0.017 0.024 0.024 0.035 0.048 0.081 0.026 0.02 0.221 0.013 0.028 0.026 0.023 0.258 0.048
113 F 0.055 0.031 0.133 0.044 0.012 0.023 0.036 0.046 0.02 0.051 0.07 0.038 0.018 0.151 0.018 0.09 0.047 0.009 0.039 0.068
114 L 0.054 0.023 0.022 0.021 0.07 0.017 0.024 0.029 0.011 0.124 0.2 0.028 0.032 0.08 0.017 0.058 0.065 0.007 0.026 0.093
115 F 0.045 0.022 0.019 0.018 0.012 0.015 0.022 0.079 0.02 0.074 0.157 0.025 0.027 0.182 0.014 0.029 0.03 0.014 0.113 0.084
116 T 0.09 0.037 0.105 0.05 0.014 0.032 0.072 0.05 0.023 0.037 0.05 0.048 0.016 0.032 0.024 0.091 0.123 0.008 0.053 0.049
117 G 0.071 0.024 0.072 0.038 0.01 0.02 0.027 0.477 0.015 0.019 0.028 0.035 0.009 0.016 0.018 0.051 0.031 0.005 0.011 0.024
118 V 0.078 0.032 0.038 0.033 0.016 0.026 0.038 0.043 0.054 0.076 0.073 0.04 0.021 0.026 0.023 0.118 0.106 0.006 0.022 0.13
119 N 0.038 0.069 0.164 0.046 0.009 0.025 0.036 0.042 0.026 0.037 0.062 0.045 0.017 0.16 0.016 0.046 0.036 0.011 0.075 0.037
120 G 0.096 0.024 0.025 0.025 0.016 0.019 0.027 0.145 0.011 0.11 0.121 0.031 0.025 0.03 0.019 0.064 0.044 0.005 0.017 0.145
121 A 0.294 0.031 0.028 0.031 0.02 0.025 0.04 0.074 0.015 0.04 0.055 0.044 0.017 0.021 0.029 0.1 0.051 0.005 0.017 0.063
122 G 0.065 0.03 0.106 0.049 0.01 0.026 0.063 0.37 0.018 0.019 0.029 0.041 0.01 0.016 0.019 0.054 0.034 0.005 0.012 0.025
123 S 0.097 0.036 0.047 0.042 0.017 0.03 0.046 0.057 0.017 0.045 0.052 0.048 0.017 0.022 0.027 0.208 0.097 0.005 0.017 0.072
124 G 0.065 0.031 0.104 0.042 0.013 0.024 0.034 0.207 0.016 0.046 0.051 0.04 0.015 0.02 0.021 0.065 0.117 0.005 0.015 0.069
125 N 0.085 0.039 0.171 0.054 0.012 0.051 0.047 0.109 0.023 0.055 0.05 0.049 0.015 0.02 0.021 0.081 0.047 0.005 0.016 0.049
126 R 0.09 0.193 0.04 0.041 0.011 0.043 0.081 0.045 0.021 0.026 0.044 0.11 0.015 0.018 0.024 0.095 0.046 0.005 0.017 0.036
127 N 0.073 0.035 0.11 0.046 0.016 0.027 0.04 0.049 0.018 0.066 0.066 0.044 0.019 0.024 0.023 0.106 0.109 0.005 0.018 0.105
128 D 0.083 0.034 0.085 0.218 0.011 0.032 0.094 0.051 0.019 0.028 0.037 0.048 0.012 0.017 0.024 0.082 0.069 0.004 0.014 0.036
129 G 0.096 0.044 0.077 0.086 0.012 0.054 0.055 0.161 0.019 0.026 0.037 0.078 0.013 0.017 0.024 0.1 0.047 0.005 0.015 0.034
130 S 0.091 0.037 0.082 0.048 0.015 0.03 0.046 0.113 0.019 0.029 0.04 0.049 0.014 0.02 0.026 0.189 0.092 0.005 0.016 0.04
131 L 0.047 0.021 0.016 0.019 0.014 0.015 0.022 0.023 0.01 0.175 0.213 0.027 0.034 0.039 0.125 0.028 0.035 0.005 0.019 0.113
132 L 0.04 0.02 0.014 0.016 0.013 0.013 0.019 0.022 0.011 0.153 0.217 0.022 0.035 0.129 0.012 0.024 0.031 0.065 0.04 0.102
133 S 0.146 0.073 0.044 0.041 0.017 0.032 0.048 0.063 0.018 0.031 0.045 0.057 0.015 0.02 0.027 0.19 0.067 0.005 0.017 0.045
134 L 0.108 0.038 0.023 0.025 0.015 0.047 0.038 0.038 0.014 0.138 0.142 0.067 0.046 0.033 0.02 0.044 0.04 0.006 0.019 0.099
135 L 0.04 0.019 0.015 0.016 0.014 0.013 0.018 0.021 0.011 0.178 0.197 0.022 0.034 0.167 0.013 0.024 0.032 0.009 0.042 0.114
136 W 0.029 0.022 0.015 0.015 0.007 0.015 0.022 0.029 0.015 0.029 0.051 0.022 0.015 0.058 0.007 0.022 0.022 0.512 0.066 0.029
137 V 0.065 0.021 0.016 0.017 0.018 0.016 0.022 0.023 0.008 0.174 0.129 0.025 0.031 0.035 0.016 0.031 0.046 0.005 0.02 0.283
138 L 0.043 0.02 0.015 0.016 0.014 0.013 0.019 0.022 0.011 0.141 0.22 0.022 0.035 0.168 0.013 0.025 0.033 0.01 0.042 0.119
139 I 0.045 0.018 0.015 0.017 0.015 0.013 0.018 0.021 0.01 0.21 0.172 0.022 0.034 0.124 0.013 0.025 0.036 0.008 0.035 0.149
140 P 0.066 0.028 0.029 0.034 0.011 0.023 0.038 0.041 0.014 0.026 0.036 0.042 0.011 0.014 0.405 0.088 0.045 0.003 0.013 0.032
141 V 0.087 0.022 0.018 0.021 0.016 0.017 0.026 0.031 0.01 0.147 0.106 0.03 0.025 0.03 0.127 0.038 0.043 0.005 0.018 0.184
142 D 0.039 0.029 0.066 0.421 0.007 0.029 0.088 0.045 0.018 0.022 0.027 0.043 0.009 0.014 0.022 0.05 0.034 0.004 0.011 0.023
143 L 0.08 0.03 0.09 0.032 0.015 0.023 0.03 0.038 0.016 0.091 0.172 0.035 0.064 0.036 0.017 0.044 0.042 0.006 0.02 0.119
144 L 0.042 0.022 0.014 0.015 0.015 0.015 0.019 0.021 0.01 0.126 0.341 0.023 0.044 0.091 0.013 0.024 0.032 0.008 0.028 0.097
145 F 0.038 0.019 0.016 0.016 0.012 0.011 0.019 0.024 0.015 0.077 0.144 0.02 0.028 0.329 0.011 0.025 0.028 0.014 0.071 0.084
146 F 0.049 0.02 0.016 0.016 0.014 0.013 0.02 0.024 0.012 0.11 0.149 0.022 0.03 0.204 0.013 0.028 0.036 0.01 0.049 0.166
147 I 0.05 0.019 0.014 0.017 0.016 0.014 0.018 0.021 0.008 0.247 0.18 0.023 0.036 0.042 0.014 0.026 0.04 0.006 0.02 0.19
148 Y 0.038 0.026 0.02 0.018 0.009 0.02 0.026 0.024 0.042 0.044 0.071 0.029 0.019 0.157 0.014 0.029 0.027 0.026 0.315 0.046
149 Y 0.039 0.027 0.021 0.018 0.009 0.021 0.027 0.024 0.045 0.042 0.066 0.03 0.018 0.126 0.015 0.03 0.027 0.027 0.344 0.045
150 G 0.129 0.025 0.032 0.031 0.068 0.021 0.031 0.266 0.013 0.028 0.04 0.036 0.012 0.017 0.076 0.077 0.04 0.005 0.013 0.039
151 F 0.075 0.023 0.02 0.02 0.014 0.016 0.024 0.031 0.016 0.098 0.133 0.027 0.027 0.17 0.016 0.039 0.06 0.012 0.077 0.1
152 F 0.039 0.022 0.018 0.017 0.064 0.015 0.022 0.025 0.028 0.051 0.085 0.024 0.021 0.241 0.013 0.029 0.027 0.02 0.192 0.05
153 R 0.043 0.37 0.037 0.03 0.007 0.047 0.05 0.032 0.022 0.022 0.045 0.116 0.015 0.017 0.019 0.043 0.034 0.006 0.017 0.03
154 D 0.049 0.087 0.046 0.163 0.008 0.058 0.067 0.094 0.022 0.025 0.039 0.112 0.013 0.027 0.021 0.048 0.034 0.007 0.051 0.029
155 S 0.094 0.041 0.049 0.056 0.015 0.039 0.111 0.057 0.02 0.027 0.039 0.057 0.014 0.019 0.028 0.206 0.069 0.005 0.017 0.038
156 K 0.054 0.153 0.039 0.037 0.008 0.047 0.059 0.093 0.02 0.025 0.041 0.233 0.014 0.015 0.024 0.049 0.036 0.005 0.016 0.03
157 Y 0.04 0.026 0.019 0.017 0.011 0.019 0.024 0.024 0.031 0.065 0.159 0.028 0.045 0.132 0.014 0.028 0.029 0.019 0.208 0.061
158 F 0.096 0.021 0.018 0.019 0.013 0.013 0.023 0.036 0.016 0.057 0.098 0.024 0.023 0.324 0.014 0.037 0.03 0.014 0.07 0.056
159 K 0.052 0.123 0.037 0.036 0.009 0.047 0.06 0.038 0.019 0.056 0.055 0.253 0.017 0.018 0.024 0.047 0.038 0.005 0.017 0.047
160 L 0.046 0.023 0.017 0.016 0.013 0.017 0.022 0.023 0.022 0.093 0.195 0.026 0.031 0.113 0.014 0.028 0.033 0.014 0.136 0.118
161 N 0.041 0.043 0.343 0.08 0.009 0.032 0.047 0.063 0.03 0.022 0.03 0.052 0.011 0.017 0.019 0.067 0.047 0.004 0.015 0.026
162 L 0.047 0.02 0.014 0.016 0.123 0.014 0.018 0.023 0.01 0.132 0.24 0.022 0.035 0.083 0.014 0.027 0.033 0.007 0.026 0.097
163 L 0.117 0.024 0.024 0.024 0.016 0.019 0.027 0.095 0.012 0.118 0.127 0.031 0.026 0.073 0.019 0.066 0.043 0.007 0.025 0.109
164 L 0.048 0.02 0.015 0.016 0.016 0.014 0.019 0.021 0.01 0.179 0.227 0.023 0.037 0.085 0.014 0.026 0.037 0.007 0.028 0.159
165 W 0.127 0.027 0.054 0.027 0.012 0.02 0.03 0.048 0.016 0.032 0.051 0.032 0.015 0.041 0.016 0.047 0.033 0.287 0.044 0.041
166 L 0.046 0.021 0.014 0.016 0.016 0.015 0.019 0.021 0.009 0.179 0.29 0.024 0.042 0.047 0.014 0.025 0.036 0.006 0.021 0.141
167 L 0.05 0.023 0.019 0.019 0.015 0.017 0.022 0.025 0.012 0.123 0.187 0.026 0.05 0.123 0.015 0.034 0.062 0.008 0.035 0.135
168 S 0.106 0.039 0.052 0.047 0.017 0.032 0.05 0.064 0.018 0.029 0.04 0.052 0.015 0.02 0.029 0.25 0.079 0.005 0.017 0.04
169 N 0.063 0.042 0.246 0.069 0.011 0.032 0.048 0.063 0.026 0.024 0.034 0.052 0.012 0.018 0.022 0.128 0.058 0.005 0.016 0.031
170 L 0.044 0.02 0.014 0.016 0.016 0.014 0.018 0.02 0.009 0.215 0.267 0.023 0.041 0.047 0.014 0.024 0.036 0.006 0.021 0.136
171 L 0.048 0.026 0.017 0.019 0.015 0.04 0.028 0.023 0.011 0.169 0.25 0.031 0.039 0.043 0.015 0.028 0.037 0.006 0.021 0.135
172 R 0.043 0.37 0.037 0.03 0.007 0.047 0.05 0.032 0.022 0.022 0.045 0.116 0.015 0.017 0.019 0.043 0.034 0.006 0.017 0.03
173 G 0.075 0.022 0.038 0.032 0.01 0.018 0.025 0.529 0.013 0.018 0.027 0.032 0.009 0.016 0.018 0.049 0.029 0.005 0.01 0.023
174 W 0.031 0.061 0.017 0.016 0.007 0.018 0.025 0.029 0.015 0.028 0.05 0.032 0.015 0.054 0.009 0.024 0.023 0.456 0.06 0.029
175 S 0.145 0.034 0.042 0.039 0.017 0.028 0.044 0.062 0.017 0.035 0.052 0.046 0.017 0.064 0.027 0.187 0.066 0.006 0.024 0.047
176 G 0.075 0.025 0.042 0.077 0.011 0.021 0.035 0.423 0.014 0.02 0.029 0.036 0.01 0.016 0.02 0.072 0.035 0.005 0.011 0.025
177 V 0.056 0.02 0.016 0.018 0.016 0.015 0.021 0.023 0.009 0.206 0.131 0.026 0.03 0.036 0.07 0.029 0.042 0.005 0.019 0.211
178 L 0.045 0.02 0.015 0.016 0.014 0.014 0.019 0.022 0.011 0.126 0.216 0.022 0.035 0.167 0.013 0.026 0.034 0.009 0.042 0.133
179 L 0.046 0.021 0.014 0.016 0.016 0.015 0.019 0.021 0.009 0.179 0.29 0.024 0.042 0.047 0.014 0.025 0.036 0.006 0.021 0.141
180 F 0.049 0.024 0.024 0.023 0.014 0.017 0.025 0.029 0.013 0.116 0.138 0.028 0.028 0.16 0.017 0.046 0.112 0.009 0.041 0.088
181 I 0.078 0.021 0.016 0.018 0.016 0.016 0.021 0.027 0.01 0.211 0.175 0.027 0.052 0.041 0.016 0.032 0.04 0.006 0.02 0.155
182 L 0.05 0.021 0.015 0.017 0.016 0.016 0.02 0.022 0.009 0.203 0.209 0.025 0.055 0.043 0.015 0.027 0.039 0.006 0.021 0.172
183 F 0.032 0.018 0.016 0.016 0.01 0.01 0.018 0.024 0.016 0.061 0.11 0.018 0.024 0.41 0.01 0.024 0.024 0.016 0.085 0.053
184 F 0.041 0.019 0.016 0.017 0.013 0.013 0.019 0.023 0.013 0.163 0.14 0.022 0.048 0.206 0.013 0.026 0.033 0.011 0.049 0.116
185 E 0.053 0.048 0.039 0.087 0.007 0.062 0.324 0.034 0.025 0.021 0.035 0.073 0.012 0.016 0.025 0.053 0.035 0.005 0.016 0.03
186 L 0.066 0.027 0.029 0.028 0.014 0.021 0.03 0.092 0.013 0.085 0.173 0.034 0.027 0.037 0.018 0.102 0.047 0.062 0.023 0.069
187 C 0.067 0.02 0.022 0.021 0.34 0.015 0.021 0.089 0.01 0.046 0.094 0.025 0.018 0.023 0.017 0.062 0.039 0.005 0.013 0.054
188 R 0.043 0.187 0.069 0.035 0.009 0.059 0.049 0.034 0.065 0.056 0.058 0.078 0.018 0.033 0.018 0.043 0.035 0.008 0.058 0.046
189 L 0.044 0.11 0.023 0.021 0.012 0.027 0.033 0.026 0.018 0.074 0.244 0.077 0.033 0.049 0.016 0.032 0.033 0.009 0.056 0.067
190 Y 0.078 0.024 0.019 0.019 0.014 0.018 0.025 0.029 0.025 0.125 0.099 0.029 0.024 0.075 0.017 0.035 0.036 0.015 0.164 0.131
191 R 0.046 0.311 0.038 0.032 0.008 0.048 0.054 0.034 0.022 0.023 0.044 0.158 0.015 0.016 0.02 0.045 0.035 0.005 0.017 0.03
192 K 0.082 0.074 0.041 0.091 0.009 0.048 0.124 0.044 0.02 0.026 0.04 0.196 0.014 0.016 0.026 0.055 0.038 0.005 0.016 0.034
193 G 0.06 0.12 0.072 0.039 0.009 0.033 0.043 0.258 0.019 0.021 0.035 0.114 0.012 0.016 0.02 0.05 0.034 0.005 0.014 0.027
194 K 0.115 0.132 0.071 0.04 0.012 0.04 0.053 0.052 0.02 0.029 0.044 0.149 0.015 0.017 0.025 0.08 0.045 0.005 0.017 0.039
195 L 0.042 0.022 0.014 0.015 0.015 0.015 0.019 0.021 0.01 0.126 0.341 0.023 0.044 0.091 0.013 0.024 0.032 0.008 0.028 0.097
196 S 0.078 0.096 0.045 0.042 0.013 0.039 0.055 0.05 0.019 0.03 0.044 0.143 0.015 0.018 0.027 0.143 0.082 0.005 0.017 0.039
197 I 0.074 0.02 0.017 0.02 0.014 0.014 0.022 0.029 0.011 0.187 0.124 0.026 0.028 0.119 0.07 0.033 0.036 0.008 0.033 0.117
198 K 0.062 0.091 0.036 0.035 0.011 0.034 0.047 0.094 0.016 0.058 0.055 0.136 0.016 0.019 0.078 0.072 0.067 0.005 0.016 0.051
199 K 0.049 0.129 0.033 0.03 0.01 0.037 0.047 0.033 0.061 0.051 0.093 0.141 0.021 0.036 0.02 0.041 0.035 0.008 0.058 0.068
200 L 0.054 0.022 0.017 0.018 0.016 0.016 0.022 0.024 0.01 0.137 0.23 0.025 0.036 0.083 0.015 0.039 0.04 0.007 0.028 0.162
201 L 0.117 0.027 0.025 0.025 0.016 0.02 0.03 0.043 0.013 0.093 0.185 0.034 0.03 0.077 0.02 0.087 0.046 0.007 0.026 0.079
202 F 0.072 0.039 0.022 0.023 0.012 0.023 0.033 0.033 0.018 0.098 0.089 0.088 0.022 0.127 0.017 0.037 0.033 0.066 0.074 0.072
203 I 0.083 0.021 0.021 0.021 0.015 0.016 0.022 0.14 0.011 0.145 0.137 0.027 0.027 0.075 0.016 0.037 0.036 0.007 0.025 0.118
204 G 0.123 0.024 0.026 0.026 0.07 0.019 0.028 0.152 0.012 0.084 0.106 0.033 0.022 0.027 0.02 0.07 0.043 0.005 0.016 0.093
205 L 0.078 0.023 0.018 0.019 0.015 0.016 0.022 0.084 0.011 0.093 0.257 0.027 0.035 0.083 0.016 0.034 0.034 0.007 0.027 0.1
206 L 0.108 0.023 0.019 0.02 0.016 0.017 0.024 0.089 0.011 0.127 0.229 0.029 0.034 0.039 0.018 0.039 0.037 0.006 0.019 0.096
207 L 0.051 0.021 0.015 0.017 0.07 0.015 0.02 0.023 0.01 0.149 0.193 0.024 0.051 0.082 0.014 0.028 0.037 0.007 0.027 0.146
208 L 0.074 0.022 0.016 0.017 0.015 0.015 0.021 0.028 0.011 0.118 0.24 0.025 0.036 0.125 0.015 0.031 0.035 0.008 0.035 0.112
209 L 0.054 0.022 0.018 0.018 0.071 0.016 0.021 0.025 0.009 0.149 0.211 0.026 0.034 0.039 0.016 0.034 0.064 0.006 0.019 0.148
210 L 0.083 0.025 0.022 0.022 0.015 0.018 0.025 0.088 0.012 0.078 0.248 0.03 0.034 0.081 0.017 0.058 0.038 0.007 0.026 0.072
211 Y 0.039 0.027 0.021 0.018 0.009 0.021 0.027 0.024 0.045 0.042 0.066 0.03 0.018 0.126 0.015 0.03 0.027 0.027 0.344 0.045
212 P 0.055 0.025 0.022 0.03 0.01 0.02 0.035 0.035 0.012 0.025 0.035 0.04 0.01 0.012 0.513 0.042 0.035 0.002 0.012 0.03
213 F 0.074 0.021 0.017 0.017 0.014 0.014 0.022 0.029 0.013 0.092 0.172 0.024 0.03 0.204 0.014 0.032 0.034 0.01 0.049 0.117
214 L 0.047 0.02 0.014 0.016 0.016 0.014 0.018 0.02 0.009 0.221 0.237 0.024 0.039 0.045 0.014 0.025 0.037 0.006 0.02 0.158
215 L 0.047 0.025 0.022 0.021 0.014 0.018 0.025 0.026 0.019 0.098 0.192 0.029 0.031 0.101 0.016 0.04 0.085 0.012 0.099 0.081
216 F 0.134 0.022 0.019 0.021 0.016 0.016 0.025 0.04 0.013 0.118 0.105 0.028 0.025 0.157 0.018 0.044 0.038 0.009 0.041 0.11
217 L 0.086 0.024 0.022 0.022 0.015 0.018 0.026 0.089 0.012 0.104 0.191 0.03 0.03 0.078 0.017 0.059 0.04 0.007 0.026 0.103
218 K 0.055 0.103 0.04 0.04 0.008 0.051 0.068 0.042 0.02 0.027 0.042 0.306 0.015 0.015 0.027 0.051 0.038 0.005 0.017 0.032
219 L 0.039 0.023 0.016 0.016 0.012 0.017 0.022 0.024 0.02 0.091 0.166 0.025 0.046 0.108 0.012 0.026 0.029 0.125 0.11 0.072
220 F 0.086 0.026 0.06 0.03 0.014 0.019 0.029 0.095 0.016 0.068 0.082 0.032 0.021 0.153 0.017 0.065 0.041 0.009 0.039 0.101
221 I 0.047 0.018 0.015 0.017 0.015 0.013 0.018 0.022 0.01 0.215 0.142 0.022 0.032 0.122 0.014 0.026 0.037 0.008 0.034 0.172
222 R 0.043 0.37 0.037 0.03 0.007 0.047 0.05 0.032 0.022 0.022 0.045 0.116 0.015 0.017 0.019 0.043 0.034 0.006 0.017 0.03
223 L 0.078 0.027 0.033 0.111 0.012 0.022 0.042 0.038 0.022 0.053 0.132 0.034 0.023 0.093 0.019 0.063 0.037 0.011 0.097 0.053
224 Y 0.064 0.03 0.032 0.029 0.013 0.023 0.034 0.039 0.025 0.048 0.099 0.037 0.021 0.103 0.02 0.109 0.072 0.014 0.134 0.052
225 A 0.147 0.028 0.028 0.027 0.016 0.021 0.032 0.103 0.014 0.056 0.134 0.036 0.024 0.071 0.022 0.078 0.068 0.007 0.025 0.063
226 G 0.084 0.035 0.027 0.032 0.012 0.026 0.063 0.145 0.018 0.055 0.099 0.065 0.02 0.078 0.019 0.044 0.034 0.009 0.06 0.074
227 L 0.055 0.072 0.035 0.092 0.012 0.027 0.043 0.116 0.014 0.06 0.128 0.072 0.022 0.027 0.019 0.046 0.061 0.005 0.016 0.076
228 G 0.058 0.031 0.076 0.124 0.01 0.047 0.049 0.259 0.017 0.051 0.044 0.042 0.013 0.018 0.019 0.049 0.034 0.005 0.013 0.041
229 F 0.053 0.035 0.07 0.084 0.011 0.05 0.077 0.094 0.019 0.041 0.092 0.044 0.019 0.108 0.019 0.066 0.038 0.008 0.031 0.042
230 S 0.098 0.035 0.092 0.091 0.013 0.031 0.077 0.107 0.019 0.041 0.046 0.047 0.015 0.02 0.023 0.11 0.051 0.005 0.015 0.064
231 F 0.042 0.019 0.02 0.019 0.011 0.012 0.019 0.107 0.015 0.093 0.106 0.022 0.024 0.28 0.012 0.029 0.028 0.013 0.063 0.068
232 G 0.055 0.038 0.036 0.041 0.01 0.064 0.09 0.116 0.051 0.035 0.056 0.049 0.017 0.092 0.02 0.051 0.071 0.009 0.058 0.041
233 S 0.091 0.043 0.049 0.062 0.014 0.043 0.136 0.055 0.021 0.027 0.04 0.061 0.015 0.019 0.028 0.17 0.066 0.005 0.017 0.038
234 L 0.074 0.028 0.028 0.027 0.017 0.022 0.032 0.037 0.012 0.102 0.184 0.035 0.032 0.037 0.02 0.095 0.054 0.006 0.02 0.138
235 L 0.039 0.024 0.033 0.145 0.011 0.019 0.043 0.031 0.015 0.066 0.174 0.029 0.028 0.154 0.016 0.034 0.031 0.009 0.04 0.058
236 D 0.061 0.029 0.046 0.156 0.012 0.024 0.054 0.046 0.018 0.038 0.061 0.039 0.017 0.143 0.021 0.101 0.047 0.009 0.039 0.04
237 I 0.051 0.064 0.065 0.074 0.012 0.023 0.036 0.089 0.015 0.106 0.083 0.042 0.021 0.069 0.018 0.045 0.063 0.006 0.024 0.096
238 L 0.053 0.025 0.023 0.022 0.014 0.018 0.026 0.03 0.014 0.082 0.172 0.029 0.047 0.162 0.016 0.058 0.064 0.01 0.042 0.093
239 W 0.053 0.034 0.037 0.073 0.01 0.048 0.048 0.039 0.061 0.032 0.052 0.041 0.016 0.083 0.018 0.082 0.039 0.122 0.076 0.035
240 D 0.058 0.033 0.047 0.174 0.011 0.034 0.116 0.095 0.018 0.035 0.076 0.047 0.016 0.021 0.022 0.074 0.065 0.005 0.014 0.039
241 Y 0.115 0.027 0.027 0.025 0.013 0.022 0.03 0.161 0.03 0.037 0.055 0.035 0.016 0.074 0.02 0.049 0.033 0.016 0.172 0.046
242 F 0.045 0.02 0.015 0.016 0.014 0.013 0.02 0.023 0.012 0.112 0.181 0.022 0.032 0.206 0.013 0.026 0.033 0.011 0.049 0.136
243 L 0.043 0.02 0.015 0.016 0.014 0.013 0.019 0.022 0.011 0.141 0.22 0.022 0.035 0.168 0.013 0.025 0.033 0.01 0.042 0.119
244 N 0.064 0.082 0.143 0.052 0.011 0.034 0.047 0.107 0.022 0.027 0.039 0.084 0.013 0.018 0.023 0.104 0.075 0.005 0.016 0.035
245 N 0.084 0.076 0.135 0.047 0.013 0.053 0.047 0.049 0.021 0.05 0.089 0.056 0.02 0.023 0.021 0.076 0.047 0.005 0.017 0.071
246 L 0.041 0.033 0.096 0.041 0.01 0.027 0.065 0.034 0.066 0.05 0.13 0.039 0.023 0.094 0.017 0.04 0.033 0.012 0.102 0.048
247 G 0.066 0.039 0.072 0.052 0.012 0.057 0.106 0.151 0.019 0.04 0.048 0.052 0.015 0.019 0.022 0.077 0.069 0.005 0.016 0.064
248 E 0.065 0.032 0.037 0.085 0.013 0.031 0.102 0.093 0.016 0.079 0.099 0.044 0.021 0.026 0.021 0.087 0.045 0.005 0.016 0.083
249 L 0.047 0.029 0.06 0.071 0.013 0.043 0.039 0.03 0.014 0.15 0.168 0.036 0.03 0.035 0.017 0.036 0.039 0.006 0.019 0.119
250 D 0.059 0.029 0.086 0.212 0.009 0.026 0.058 0.21 0.018 0.021 0.029 0.041 0.01 0.016 0.021 0.074 0.039 0.004 0.012 0.026
251 Y 0.048 0.025 0.019 0.018 0.012 0.019 0.025 0.024 0.033 0.081 0.086 0.028 0.022 0.095 0.015 0.031 0.034 0.02 0.236 0.129
252 L 0.049 0.021 0.017 0.018 0.015 0.015 0.02 0.078 0.01 0.142 0.243 0.024 0.036 0.084 0.014 0.027 0.034 0.007 0.027 0.12
253 D 0.083 0.038 0.111 0.131 0.012 0.052 0.058 0.051 0.024 0.031 0.043 0.05 0.014 0.03 0.023 0.082 0.07 0.007 0.052 0.039
254 L 0.112 0.023 0.022 0.022 0.016 0.018 0.024 0.146 0.011 0.117 0.188 0.03 0.03 0.035 0.018 0.042 0.036 0.006 0.018 0.088
255 L 0.047 0.023 0.015 0.016 0.016 0.017 0.02 0.021 0.01 0.136 0.319 0.025 0.061 0.049 0.014 0.026 0.035 0.007 0.021 0.123
256 L 0.054 0.028 0.026 0.03 0.012 0.024 0.059 0.084 0.024 0.079 0.14 0.035 0.025 0.064 0.018 0.057 0.036 0.013 0.126 0.065
257 F 0.053 0.027 0.027 0.037 0.011 0.026 0.09 0.086 0.016 0.097 0.088 0.037 0.021 0.154 0.017 0.059 0.036 0.009 0.039 0.069
258 G 0.132 0.026 0.036 0.033 0.013 0.021 0.031 0.376 0.014 0.025 0.035 0.037 0.011 0.017 0.022 0.079 0.038 0.005 0.013 0.035
259 L 0.04 0.02 0.015 0.016 0.014 0.013 0.019 0.022 0.012 0.136 0.25 0.022 0.037 0.17 0.013 0.024 0.031 0.01 0.042 0.096
260 E 0.055 0.045 0.039 0.095 0.01 0.086 0.15 0.037 0.025 0.035 0.081 0.06 0.019 0.032 0.022 0.069 0.04 0.008 0.053 0.04
261 Q 0.048 0.059 0.079 0.046 0.008 0.152 0.077 0.041 0.146 0.024 0.041 0.069 0.017 0.02 0.021 0.051 0.036 0.006 0.031 0.029
262 L 0.075 0.021 0.016 0.018 0.015 0.014 0.021 0.028 0.011 0.16 0.187 0.025 0.033 0.123 0.015 0.031 0.036 0.008 0.034 0.129
263 F 0.045 0.019 0.018 0.018 0.013 0.013 0.019 0.079 0.012 0.146 0.12 0.022 0.027 0.202 0.013 0.028 0.032 0.01 0.048 0.116
264 G 0.07 0.03 0.081 0.127 0.011 0.025 0.047 0.266 0.017 0.022 0.03 0.041 0.011 0.016 0.021 0.096 0.043 0.005 0.012 0.027
265 R 0.043 0.37 0.037 0.03 0.007 0.047 0.05 0.032 0.022 0.022 0.045 0.116 0.015 0.017 0.019 0.043 0.034 0.006 0.017 0.03
266 L 0.044 0.021 0.014 0.016 0.016 0.014 0.018 0.02 0.009 0.195 0.294 0.024 0.042 0.048 0.014 0.024 0.035 0.006 0.021 0.127
267 Q 0.054 0.071 0.042 0.045 0.008 0.245 0.099 0.04 0.028 0.025 0.045 0.088 0.02 0.014 0.023 0.054 0.04 0.006 0.02 0.034
268 L 0.049 0.025 0.02 0.02 0.016 0.018 0.023 0.025 0.01 0.119 0.298 0.028 0.04 0.045 0.017 0.038 0.087 0.006 0.02 0.096
269 I 0.05 0.021 0.018 0.019 0.015 0.015 0.021 0.024 0.011 0.166 0.157 0.025 0.031 0.121 0.015 0.033 0.063 0.008 0.034 0.152
270 S 0.106 0.039 0.052 0.047 0.017 0.032 0.05 0.064 0.018 0.029 0.04 0.052 0.015 0.02 0.029 0.25 0.079 0.005 0.017 0.04
271 S 0.095 0.034 0.102 0.042 0.015 0.027 0.039 0.051 0.018 0.075 0.11 0.043 0.04 0.029 0.022 0.116 0.054 0.005 0.018 0.066
272 L 0.144 0.027 0.022 0.023 0.018 0.02 0.03 0.044 0.012 0.084 0.215 0.034 0.032 0.036 0.021 0.069 0.044 0.006 0.019 0.101
273 I 0.063 0.027 0.062 0.033 0.016 0.021 0.031 0.037 0.014 0.165 0.105 0.035 0.026 0.032 0.019 0.087 0.076 0.005 0.018 0.128
274 E 0.094 0.036 0.034 0.054 0.013 0.039 0.161 0.094 0.018 0.054 0.057 0.052 0.017 0.021 0.023 0.073 0.044 0.005 0.016 0.094
275 I 0.06 0.025 0.025 0.024 0.017 0.019 0.027 0.029 0.01 0.15 0.141 0.032 0.029 0.034 0.019 0.051 0.132 0.006 0.019 0.15
276 Y 0.071 0.023 0.019 0.019 0.013 0.017 0.024 0.028 0.026 0.13 0.102 0.028 0.024 0.118 0.016 0.033 0.033 0.016 0.171 0.09
277 R 0.063 0.119 0.073 0.048 0.011 0.084 0.088 0.043 0.022 0.039 0.05 0.073 0.017 0.019 0.022 0.094 0.048 0.005 0.018 0.062
278 L 0.042 0.023 0.015 0.016 0.014 0.017 0.021 0.022 0.015 0.117 0.28 0.025 0.057 0.099 0.014 0.026 0.032 0.01 0.064 0.091
279 K 0.1 0.103 0.042 0.04 0.012 0.041 0.057 0.052 0.019 0.028 0.043 0.171 0.015 0.017 0.027 0.12 0.052 0.005 0.017 0.038
280 D 0.056 0.041 0.085 0.17 0.01 0.031 0.06 0.101 0.059 0.026 0.035 0.073 0.012 0.018 0.022 0.078 0.066 0.005 0.018 0.031
281 E 0.082 0.048 0.033 0.049 0.011 0.063 0.14 0.038 0.023 0.04 0.086 0.084 0.019 0.033 0.023 0.054 0.063 0.008 0.054 0.048
282 L 0.042 0.021 0.014 0.015 0.015 0.014 0.019 0.021 0.01 0.147 0.314 0.023 0.042 0.09 0.013 0.024 0.033 0.008 0.028 0.105
283 E 0.096 0.043 0.038 0.048 0.012 0.082 0.114 0.1 0.02 0.036 0.081 0.058 0.019 0.021 0.024 0.096 0.046 0.005 0.017 0.043
284 F 0.045 0.074 0.071 0.047 0.009 0.036 0.102 0.036 0.101 0.034 0.056 0.053 0.016 0.108 0.019 0.048 0.059 0.008 0.04 0.037
285 L 0.105 0.028 0.061 0.071 0.014 0.022 0.036 0.042 0.019 0.066 0.118 0.035 0.041 0.083 0.019 0.047 0.039 0.009 0.061 0.084
286 Y 0.048 0.024 0.018 0.018 0.013 0.019 0.024 0.024 0.023 0.111 0.122 0.028 0.062 0.11 0.015 0.03 0.035 0.014 0.136 0.125
287 D 0.059 0.037 0.046 0.169 0.011 0.055 0.092 0.042 0.019 0.063 0.066 0.05 0.035 0.022 0.022 0.091 0.046 0.005 0.016 0.053
288 A 0.115 0.057 0.058 0.083 0.012 0.081 0.065 0.051 0.02 0.032 0.046 0.112 0.016 0.017 0.025 0.075 0.069 0.005 0.017 0.043
289 G 0.06 0.031 0.126 0.068 0.009 0.025 0.037 0.318 0.059 0.02 0.029 0.04 0.01 0.018 0.019 0.053 0.034 0.005 0.017 0.024
290 L 0.086 0.043 0.07 0.08 0.012 0.051 0.051 0.1 0.018 0.045 0.119 0.074 0.021 0.025 0.021 0.072 0.042 0.005 0.017 0.048
291 F 0.047 0.02 0.016 0.017 0.014 0.014 0.02 0.024 0.013 0.124 0.13 0.023 0.046 0.204 0.013 0.028 0.035 0.01 0.049 0.151
292 Y 0.076 0.072 0.063 0.032 0.012 0.05 0.042 0.038 0.028 0.044 0.093 0.051 0.02 0.058 0.019 0.05 0.062 0.013 0.127 0.05
293 P 0.072 0.029 0.032 0.036 0.012 0.024 0.04 0.044 0.014 0.026 0.037 0.044 0.012 0.015 0.352 0.111 0.049 0.003 0.014 0.033
294 F 0.033 0.019 0.017 0.016 0.01 0.011 0.019 0.024 0.019 0.059 0.105 0.02 0.024 0.379 0.011 0.025 0.025 0.017 0.114 0.052
295 W 0.029 0.022 0.015 0.015 0.007 0.015 0.022 0.029 0.015 0.029 0.051 0.022 0.015 0.058 0.007 0.022 0.022 0.512 0.066 0.029
296 L 0.107 0.042 0.06 0.032 0.014 0.051 0.043 0.043 0.021 0.057 0.143 0.072 0.043 0.041 0.02 0.05 0.039 0.008 0.055 0.06
297 E 0.052 0.046 0.042 0.124 0.007 0.058 0.297 0.035 0.024 0.021 0.034 0.069 0.012 0.016 0.024 0.053 0.035 0.005 0.015 0.029
298 G 0.075 0.022 0.038 0.032 0.01 0.018 0.025 0.529 0.013 0.018 0.027 0.032 0.009 0.016 0.018 0.049 0.029 0.005 0.01 0.023
299 L 0.044 0.021 0.014 0.016 0.016 0.014 0.018 0.02 0.009 0.195 0.294 0.024 0.042 0.048 0.014 0.024 0.035 0.006 0.021 0.127
300 H 0.039 0.037 0.041 0.03 0.008 0.03 0.042 0.033 0.265 0.031 0.051 0.038 0.017 0.093 0.017 0.036 0.026 0.013 0.123 0.031
301 G 0.079 0.024 0.039 0.034 0.011 0.02 0.027 0.477 0.014 0.019 0.029 0.035 0.01 0.016 0.019 0.072 0.034 0.005 0.011 0.025
302 L 0.044 0.02 0.014 0.016 0.016 0.014 0.018 0.02 0.009 0.215 0.267 0.023 0.041 0.047 0.014 0.024 0.036 0.006 0.021 0.136
303 I 0.134 0.022 0.018 0.021 0.017 0.017 0.025 0.039 0.011 0.166 0.147 0.029 0.029 0.077 0.018 0.043 0.039 0.007 0.026 0.114
304 F 0.037 0.021 0.016 0.017 0.011 0.014 0.021 0.024 0.02 0.129 0.104 0.023 0.024 0.146 0.012 0.025 0.029 0.125 0.117 0.085
305 D 0.041 0.032 0.094 0.346 0.007 0.033 0.11 0.046 0.02 0.022 0.028 0.047 0.01 0.015 0.022 0.052 0.036 0.004 0.012 0.024
306 R 0.045 0.232 0.037 0.032 0.009 0.064 0.054 0.033 0.061 0.054 0.057 0.115 0.018 0.021 0.019 0.043 0.034 0.006 0.022 0.045
307 L 0.049 0.021 0.014 0.016 0.016 0.015 0.02 0.021 0.009 0.163 0.286 0.024 0.041 0.046 0.014 0.025 0.037 0.006 0.021 0.155
308 F 0.047 0.021 0.02 0.02 0.013 0.014 0.022 0.028 0.014 0.1 0.142 0.024 0.028 0.245 0.014 0.05 0.035 0.012 0.056 0.096
309 G 0.07 0.028 0.04 0.076 0.011 0.023 0.038 0.26 0.022 0.026 0.039 0.037 0.012 0.041 0.02 0.09 0.04 0.01 0.086 0.032
310 G 0.06 0.032 0.105 0.09 0.011 0.028 0.072 0.152 0.018 0.047 0.082 0.043 0.017 0.023 0.02 0.071 0.042 0.005 0.015 0.065
311 P 0.054 0.029 0.027 0.041 0.009 0.028 0.096 0.088 0.016 0.027 0.042 0.044 0.012 0.058 0.294 0.043 0.033 0.005 0.021 0.032
312 K 0.057 0.099 0.041 0.037 0.01 0.062 0.058 0.04 0.063 0.03 0.047 0.143 0.016 0.03 0.023 0.073 0.066 0.008 0.058 0.037
313 K 0.086 0.087 0.072 0.039 0.012 0.035 0.048 0.046 0.059 0.06 0.057 0.109 0.017 0.022 0.023 0.078 0.069 0.005 0.021 0.054
314 L 0.046 0.065 0.06 0.07 0.013 0.024 0.035 0.031 0.019 0.098 0.16 0.041 0.045 0.045 0.016 0.036 0.037 0.008 0.055 0.096
315 N 0.06 0.038 0.179 0.1 0.011 0.03 0.05 0.056 0.022 0.027 0.036 0.049 0.012 0.018 0.077 0.105 0.077 0.004 0.015 0.034
316 L 0.104 0.023 0.016 0.018 0.017 0.017 0.023 0.033 0.01 0.137 0.271 0.028 0.038 0.043 0.017 0.036 0.037 0.006 0.02 0.104
317 G 0.075 0.022 0.038 0.032 0.01 0.018 0.025 0.529 0.013 0.018 0.027 0.032 0.009 0.016 0.018 0.049 0.029 0.005 0.01 0.023
318 V 0.062 0.041 0.033 0.043 0.013 0.079 0.11 0.033 0.017 0.075 0.074 0.054 0.021 0.023 0.022 0.054 0.094 0.005 0.018 0.128
319 A 0.2 0.027 0.022 0.024 0.018 0.022 0.033 0.052 0.02 0.068 0.074 0.036 0.02 0.047 0.023 0.059 0.043 0.01 0.09 0.113
320 F 0.038 0.019 0.015 0.016 0.013 0.012 0.018 0.023 0.013 0.125 0.186 0.021 0.032 0.249 0.012 0.024 0.029 0.012 0.057 0.088
