#Seq2Logo.py -f /work3/idamei/ssn-clusterings/clustering/2205111339/clusters/0006_471/sequences.afa -o /work3/idamei/ssn-clusterings/clustering/2205111339/clusters/0006_471/sequences.logo
#Position Specific Frequency Matrix
A R N D C Q E G H I L K M F P S T W Y V
0 L 0.051 0.031 0.02 0.02 0.016 0.027 0.027 0.027 0.016 0.098 0.192 0.035 0.181 0.047 0.016 0.035 0.039 0.008 0.024 0.09
1 F 0.042 0.124 0.028 0.026 0.009 0.03 0.04 0.031 0.019 0.044 0.078 0.111 0.02 0.206 0.017 0.037 0.031 0.011 0.052 0.043
2 K 0.061 0.078 0.033 0.033 0.012 0.041 0.054 0.037 0.016 0.073 0.072 0.199 0.021 0.022 0.024 0.046 0.043 0.005 0.018 0.114
3 T 0.06 0.03 0.03 0.028 0.017 0.024 0.031 0.033 0.013 0.121 0.122 0.037 0.062 0.034 0.021 0.061 0.149 0.006 0.02 0.101
4 H 0.048 0.048 0.047 0.064 0.007 0.051 0.177 0.036 0.192 0.022 0.037 0.06 0.014 0.023 0.022 0.048 0.032 0.007 0.037 0.027
5 L 0.045 0.024 0.014 0.015 0.016 0.016 0.02 0.021 0.01 0.115 0.375 0.025 0.05 0.055 0.014 0.024 0.033 0.007 0.022 0.096
6 G 0.06 0.034 0.18 0.058 0.01 0.026 0.037 0.289 0.022 0.021 0.03 0.044 0.01 0.017 0.019 0.06 0.039 0.005 0.013 0.026
7 K 0.057 0.107 0.042 0.042 0.009 0.054 0.071 0.043 0.021 0.028 0.043 0.278 0.016 0.016 0.028 0.054 0.04 0.005 0.017 0.033
8 L 0.045 0.024 0.014 0.015 0.016 0.016 0.02 0.021 0.01 0.115 0.375 0.025 0.05 0.055 0.014 0.024 0.033 0.007 0.022 0.096
9 R 0.046 0.215 0.042 0.035 0.008 0.046 0.056 0.036 0.108 0.024 0.043 0.143 0.015 0.02 0.021 0.045 0.034 0.006 0.027 0.029
10 L 0.044 0.022 0.014 0.016 0.016 0.015 0.019 0.021 0.01 0.156 0.33 0.025 0.046 0.051 0.014 0.024 0.034 0.007 0.022 0.115
11 R 0.044 0.249 0.133 0.048 0.008 0.043 0.051 0.043 0.026 0.023 0.041 0.097 0.014 0.017 0.019 0.052 0.039 0.005 0.017 0.029
12 K 0.074 0.084 0.045 0.044 0.011 0.046 0.064 0.05 0.02 0.028 0.042 0.208 0.015 0.017 0.028 0.111 0.053 0.005 0.017 0.035
13 Y 0.049 0.067 0.031 0.03 0.009 0.037 0.049 0.034 0.034 0.035 0.056 0.156 0.017 0.073 0.021 0.042 0.034 0.017 0.169 0.04
14 G 0.064 0.132 0.031 0.027 0.012 0.028 0.033 0.191 0.015 0.068 0.068 0.059 0.019 0.023 0.018 0.043 0.038 0.006 0.016 0.11
15 N 0.056 0.037 0.181 0.057 0.011 0.027 0.042 0.055 0.024 0.034 0.054 0.045 0.016 0.113 0.02 0.098 0.051 0.008 0.034 0.037
16 L 0.045 0.041 0.022 0.022 0.013 0.023 0.031 0.027 0.014 0.121 0.176 0.089 0.031 0.127 0.017 0.032 0.034 0.009 0.037 0.089
17 N 0.049 0.061 0.184 0.073 0.008 0.046 0.118 0.051 0.027 0.023 0.035 0.117 0.013 0.017 0.023 0.061 0.043 0.005 0.016 0.029
18 F 0.054 0.029 0.031 0.027 0.014 0.022 0.031 0.034 0.022 0.053 0.077 0.035 0.021 0.143 0.02 0.06 0.142 0.014 0.113 0.06
19 L 0.051 0.022 0.015 0.016 0.017 0.015 0.02 0.022 0.009 0.168 0.266 0.025 0.041 0.047 0.015 0.026 0.038 0.006 0.021 0.161
20 A 0.124 0.117 0.111 0.047 0.014 0.035 0.048 0.06 0.022 0.029 0.044 0.067 0.015 0.019 0.024 0.107 0.053 0.005 0.017 0.042
21 C 0.104 0.022 0.017 0.018 0.208 0.016 0.022 0.036 0.01 0.071 0.192 0.027 0.029 0.034 0.018 0.042 0.037 0.005 0.017 0.074
22 L 0.102 0.022 0.017 0.019 0.018 0.017 0.023 0.032 0.01 0.177 0.181 0.028 0.034 0.039 0.018 0.038 0.042 0.006 0.02 0.158
23 I 0.052 0.018 0.016 0.017 0.111 0.013 0.018 0.024 0.01 0.168 0.127 0.022 0.029 0.108 0.014 0.029 0.037 0.008 0.032 0.148
24 W 0.03 0.022 0.015 0.015 0.007 0.015 0.022 0.03 0.015 0.03 0.052 0.022 0.015 0.059 0.007 0.022 0.022 0.502 0.067 0.03
25 A 0.172 0.034 0.038 0.036 0.019 0.027 0.042 0.061 0.015 0.044 0.057 0.046 0.018 0.022 0.028 0.117 0.14 0.005 0.017 0.063
26 L 0.054 0.022 0.015 0.016 0.017 0.015 0.021 0.022 0.009 0.167 0.239 0.025 0.039 0.044 0.015 0.027 0.04 0.006 0.021 0.186
27 A 0.218 0.03 0.029 0.031 0.02 0.025 0.039 0.064 0.014 0.064 0.069 0.042 0.02 0.024 0.027 0.103 0.055 0.005 0.018 0.105
28 L 0.051 0.024 0.016 0.017 0.016 0.018 0.021 0.023 0.01 0.154 0.252 0.027 0.068 0.047 0.015 0.028 0.038 0.007 0.022 0.147
29 F 0.042 0.021 0.016 0.018 0.014 0.015 0.02 0.024 0.013 0.159 0.149 0.024 0.06 0.186 0.013 0.027 0.033 0.011 0.048 0.109
30 A 0.218 0.033 0.034 0.034 0.02 0.027 0.042 0.068 0.015 0.042 0.056 0.046 0.017 0.021 0.029 0.115 0.098 0.005 0.017 0.063
31 Y 0.042 0.025 0.018 0.017 0.012 0.019 0.024 0.023 0.031 0.105 0.151 0.028 0.028 0.096 0.015 0.028 0.031 0.019 0.207 0.081
32 F 0.038 0.023 0.018 0.018 0.011 0.016 0.022 0.025 0.022 0.066 0.119 0.024 0.054 0.274 0.012 0.028 0.028 0.017 0.123 0.06
33 F 0.033 0.019 0.017 0.017 0.01 0.01 0.019 0.025 0.017 0.062 0.112 0.019 0.025 0.399 0.01 0.025 0.025 0.017 0.087 0.054
34 Q 0.055 0.072 0.043 0.046 0.009 0.23 0.101 0.04 0.029 0.026 0.046 0.089 0.02 0.014 0.023 0.055 0.04 0.006 0.02 0.035
35 C 0.06 0.019 0.016 0.017 0.207 0.013 0.019 0.027 0.01 0.095 0.099 0.022 0.024 0.102 0.015 0.034 0.039 0.007 0.03 0.146
36 P 0.049 0.026 0.022 0.026 0.01 0.021 0.032 0.031 0.026 0.032 0.048 0.037 0.013 0.059 0.308 0.038 0.032 0.013 0.14 0.037
37 F 0.04 0.033 0.024 0.023 0.01 0.059 0.039 0.028 0.031 0.047 0.081 0.038 0.021 0.214 0.015 0.033 0.029 0.019 0.171 0.047
38 P 0.064 0.111 0.035 0.036 0.011 0.035 0.049 0.042 0.017 0.026 0.04 0.109 0.013 0.016 0.216 0.083 0.045 0.004 0.015 0.033
39 F 0.046 0.059 0.031 0.041 0.009 0.038 0.097 0.034 0.02 0.04 0.069 0.139 0.019 0.169 0.02 0.042 0.033 0.01 0.045 0.041
40 L 0.044 0.024 0.014 0.015 0.016 0.016 0.02 0.021 0.01 0.113 0.388 0.025 0.049 0.054 0.014 0.024 0.033 0.007 0.022 0.094
41 A 0.186 0.036 0.042 0.04 0.019 0.03 0.047 0.07 0.017 0.034 0.048 0.049 0.016 0.021 0.029 0.174 0.068 0.005 0.017 0.052
42 S 0.086 0.034 0.044 0.039 0.016 0.027 0.042 0.052 0.017 0.04 0.06 0.044 0.018 0.097 0.025 0.164 0.105 0.008 0.031 0.049
43 L 0.044 0.024 0.014 0.015 0.016 0.016 0.02 0.021 0.01 0.113 0.388 0.025 0.049 0.054 0.014 0.024 0.033 0.007 0.022 0.094
44 I 0.046 0.017 0.014 0.017 0.016 0.013 0.017 0.02 0.009 0.285 0.165 0.023 0.036 0.043 0.014 0.025 0.039 0.006 0.02 0.173
45 V 0.069 0.021 0.016 0.017 0.019 0.016 0.023 0.024 0.008 0.161 0.128 0.026 0.031 0.035 0.016 0.032 0.048 0.005 0.02 0.283
46 P 0.058 0.025 0.022 0.028 0.012 0.019 0.033 0.033 0.012 0.053 0.054 0.038 0.014 0.017 0.406 0.041 0.038 0.003 0.014 0.081
47 C 0.102 0.021 0.018 0.019 0.207 0.015 0.022 0.037 0.011 0.061 0.137 0.025 0.025 0.103 0.017 0.042 0.036 0.007 0.03 0.065
48 L 0.047 0.021 0.015 0.016 0.015 0.014 0.02 0.022 0.011 0.147 0.236 0.023 0.038 0.117 0.014 0.026 0.036 0.008 0.034 0.14
49 G 0.161 0.026 0.028 0.028 0.016 0.021 0.03 0.243 0.013 0.047 0.112 0.036 0.02 0.026 0.022 0.058 0.038 0.006 0.015 0.055
50 G 0.062 0.025 0.029 0.027 0.014 0.019 0.026 0.225 0.012 0.063 0.179 0.032 0.027 0.032 0.018 0.048 0.077 0.006 0.016 0.061
51 F 0.037 0.024 0.019 0.018 0.01 0.017 0.024 0.025 0.034 0.051 0.085 0.026 0.021 0.237 0.013 0.028 0.026 0.023 0.234 0.049
52 L 0.053 0.028 0.018 0.018 0.016 0.023 0.025 0.026 0.013 0.114 0.219 0.031 0.122 0.046 0.015 0.032 0.04 0.007 0.023 0.13
53 L 0.046 0.024 0.015 0.016 0.016 0.018 0.021 0.022 0.011 0.145 0.304 0.027 0.072 0.05 0.014 0.026 0.035 0.007 0.022 0.109
54 L 0.043 0.024 0.016 0.016 0.015 0.017 0.021 0.023 0.012 0.1 0.294 0.026 0.07 0.121 0.014 0.026 0.033 0.009 0.035 0.085
55 N 0.06 0.05 0.159 0.069 0.01 0.078 0.112 0.054 0.027 0.024 0.037 0.064 0.014 0.017 0.023 0.096 0.051 0.005 0.017 0.032
56 I 0.107 0.025 0.025 0.026 0.016 0.019 0.029 0.041 0.013 0.141 0.108 0.032 0.026 0.105 0.019 0.078 0.046 0.008 0.032 0.102
57 P 0.05 0.095 0.086 0.036 0.011 0.028 0.037 0.036 0.024 0.055 0.061 0.053 0.017 0.042 0.115 0.044 0.039 0.009 0.079 0.083
58 N 0.05 0.048 0.16 0.057 0.01 0.072 0.058 0.05 0.094 0.029 0.042 0.057 0.015 0.021 0.022 0.065 0.085 0.006 0.025 0.036
59 L 0.049 0.089 0.021 0.02 0.014 0.023 0.028 0.026 0.014 0.126 0.129 0.044 0.057 0.108 0.015 0.032 0.037 0.008 0.034 0.126
60 K 0.05 0.064 0.029 0.029 0.011 0.035 0.046 0.032 0.024 0.095 0.08 0.158 0.021 0.051 0.021 0.04 0.036 0.011 0.096 0.071
61 L 0.04 0.094 0.084 0.032 0.01 0.026 0.033 0.033 0.025 0.053 0.129 0.049 0.024 0.123 0.016 0.038 0.034 0.012 0.095 0.05
62 P 0.05 0.039 0.028 0.04 0.01 0.07 0.099 0.031 0.024 0.046 0.115 0.052 0.022 0.045 0.116 0.041 0.034 0.01 0.08 0.047
63 S 0.11 0.04 0.054 0.049 0.018 0.033 0.052 0.066 0.019 0.03 0.042 0.054 0.016 0.021 0.03 0.22 0.082 0.005 0.018 0.042
64 K 0.062 0.067 0.035 0.036 0.011 0.037 0.052 0.041 0.017 0.041 0.099 0.167 0.02 0.022 0.105 0.077 0.044 0.005 0.017 0.043
65 N 0.048 0.033 0.126 0.05 0.091 0.029 0.078 0.04 0.025 0.073 0.065 0.042 0.017 0.04 0.018 0.047 0.039 0.009 0.069 0.059
66 K 0.054 0.118 0.042 0.038 0.008 0.074 0.061 0.119 0.079 0.024 0.04 0.146 0.015 0.018 0.022 0.049 0.034 0.006 0.023 0.029
67 K 0.061 0.122 0.038 0.036 0.011 0.042 0.054 0.041 0.018 0.07 0.063 0.18 0.019 0.021 0.024 0.077 0.045 0.005 0.017 0.057
68 W 0.037 0.022 0.016 0.016 0.011 0.015 0.021 0.025 0.018 0.094 0.139 0.023 0.026 0.124 0.011 0.025 0.028 0.178 0.099 0.071
69 L 0.045 0.025 0.024 0.082 0.014 0.019 0.032 0.026 0.012 0.124 0.259 0.029 0.062 0.044 0.016 0.03 0.035 0.006 0.02 0.095
70 G 0.103 0.051 0.03 0.032 0.013 0.031 0.043 0.124 0.015 0.05 0.055 0.122 0.016 0.019 0.104 0.052 0.04 0.005 0.016 0.079
71 L 0.052 0.025 0.019 0.019 0.017 0.018 0.023 0.025 0.01 0.11 0.292 0.028 0.041 0.045 0.016 0.036 0.074 0.006 0.021 0.122
72 F 0.049 0.021 0.025 0.022 0.01 0.015 0.022 0.19 0.02 0.044 0.076 0.025 0.018 0.227 0.014 0.034 0.027 0.015 0.103 0.042
73 V 0.058 0.022 0.016 0.017 0.096 0.017 0.022 0.027 0.01 0.109 0.115 0.026 0.051 0.038 0.015 0.032 0.04 0.089 0.027 0.173
74 L 0.091 0.025 0.021 0.021 0.016 0.018 0.026 0.034 0.012 0.112 0.196 0.03 0.032 0.099 0.018 0.045 0.074 0.008 0.031 0.092
75 F 0.038 0.024 0.018 0.017 0.011 0.017 0.023 0.024 0.03 0.061 0.136 0.026 0.025 0.207 0.013 0.027 0.027 0.02 0.2 0.056
76 L 0.048 0.022 0.016 0.017 0.015 0.016 0.02 0.023 0.011 0.168 0.191 0.025 0.059 0.104 0.014 0.027 0.037 0.008 0.032 0.145
77 L 0.047 0.02 0.015 0.016 0.015 0.014 0.019 0.022 0.01 0.171 0.225 0.023 0.037 0.105 0.014 0.026 0.036 0.008 0.032 0.145
78 Y 0.038 0.026 0.02 0.018 0.009 0.019 0.026 0.024 0.041 0.046 0.074 0.028 0.019 0.173 0.014 0.029 0.027 0.026 0.293 0.047
79 L 0.049 0.02 0.014 0.016 0.016 0.014 0.019 0.021 0.009 0.209 0.233 0.024 0.039 0.045 0.014 0.025 0.038 0.006 0.021 0.165
80 L 0.069 0.03 0.034 0.031 0.016 0.023 0.032 0.119 0.013 0.063 0.163 0.037 0.027 0.032 0.021 0.086 0.117 0.006 0.018 0.065
81 F 0.043 0.019 0.016 0.017 0.014 0.012 0.019 0.023 0.012 0.154 0.131 0.021 0.029 0.221 0.013 0.026 0.033 0.011 0.053 0.132
82 S 0.107 0.039 0.053 0.048 0.017 0.032 0.051 0.065 0.019 0.029 0.041 0.053 0.015 0.02 0.029 0.239 0.08 0.005 0.017 0.041
83 V 0.112 0.025 0.027 0.027 0.017 0.02 0.03 0.122 0.012 0.117 0.091 0.034 0.023 0.028 0.02 0.077 0.049 0.005 0.017 0.146
84 I 0.053 0.02 0.015 0.017 0.017 0.014 0.019 0.022 0.009 0.217 0.189 0.024 0.036 0.042 0.015 0.027 0.041 0.006 0.02 0.197
85 I 0.049 0.079 0.021 0.02 0.014 0.023 0.027 0.025 0.018 0.15 0.126 0.042 0.053 0.052 0.016 0.032 0.038 0.01 0.073 0.133
86 S 0.174 0.036 0.044 0.041 0.018 0.03 0.047 0.069 0.017 0.033 0.047 0.05 0.016 0.021 0.029 0.187 0.07 0.005 0.017 0.05
87 L 0.045 0.023 0.016 0.017 0.015 0.018 0.021 0.022 0.016 0.157 0.228 0.027 0.061 0.061 0.015 0.027 0.035 0.01 0.074 0.111
88 I 0.05 0.035 0.024 0.024 0.014 0.021 0.03 0.028 0.013 0.168 0.118 0.071 0.028 0.095 0.018 0.04 0.074 0.007 0.03 0.112
89 N 0.042 0.037 0.18 0.052 0.011 0.028 0.039 0.045 0.08 0.052 0.152 0.042 0.024 0.032 0.018 0.049 0.039 0.006 0.024 0.048
90 G 0.076 0.022 0.038 0.033 0.011 0.018 0.025 0.522 0.013 0.018 0.028 0.033 0.009 0.016 0.018 0.05 0.029 0.005 0.011 0.024
91 R 0.064 0.095 0.088 0.043 0.013 0.065 0.052 0.045 0.02 0.052 0.059 0.064 0.019 0.021 0.022 0.088 0.086 0.005 0.018 0.081
92 D 0.113 0.032 0.051 0.164 0.013 0.028 0.058 0.136 0.017 0.027 0.037 0.045 0.013 0.018 0.025 0.119 0.051 0.005 0.014 0.037
93 I 0.043 0.019 0.015 0.017 0.015 0.013 0.018 0.021 0.01 0.222 0.193 0.023 0.036 0.105 0.014 0.024 0.035 0.008 0.031 0.14
94 G 0.114 0.03 0.088 0.043 0.013 0.024 0.036 0.295 0.017 0.025 0.035 0.041 0.012 0.018 0.022 0.09 0.044 0.005 0.014 0.034
95 R 0.058 0.169 0.091 0.045 0.01 0.044 0.057 0.046 0.023 0.025 0.041 0.155 0.014 0.017 0.023 0.083 0.046 0.005 0.017 0.032
96 I 0.051 0.02 0.016 0.018 0.016 0.016 0.02 0.022 0.01 0.236 0.162 0.025 0.059 0.042 0.015 0.027 0.04 0.006 0.021 0.178
97 L 0.047 0.02 0.015 0.016 0.015 0.014 0.019 0.022 0.01 0.171 0.225 0.023 0.037 0.105 0.014 0.026 0.036 0.008 0.032 0.145
98 R 0.044 0.361 0.038 0.03 0.008 0.047 0.051 0.032 0.023 0.023 0.045 0.117 0.015 0.017 0.019 0.044 0.034 0.006 0.017 0.03
99 F 0.033 0.019 0.016 0.016 0.01 0.01 0.019 0.025 0.016 0.062 0.111 0.019 0.025 0.402 0.01 0.025 0.025 0.016 0.087 0.054
100 Y 0.062 0.031 0.032 0.029 0.014 0.024 0.034 0.036 0.024 0.055 0.115 0.038 0.023 0.063 0.021 0.084 0.116 0.013 0.124 0.061
101 L 0.096 0.026 0.021 0.021 0.017 0.019 0.027 0.034 0.011 0.099 0.237 0.031 0.035 0.04 0.019 0.046 0.077 0.006 0.02 0.117
102 I 0.046 0.017 0.014 0.017 0.016 0.013 0.017 0.02 0.009 0.289 0.164 0.023 0.036 0.043 0.014 0.024 0.039 0.006 0.02 0.172
103 L 0.048 0.024 0.019 0.019 0.016 0.017 0.022 0.024 0.01 0.132 0.298 0.028 0.041 0.047 0.016 0.035 0.072 0.007 0.021 0.103
104 L 0.052 0.026 0.022 0.021 0.014 0.019 0.026 0.029 0.018 0.079 0.232 0.029 0.034 0.118 0.016 0.061 0.038 0.012 0.084 0.07
105 L 0.138 0.028 0.02 0.022 0.018 0.023 0.029 0.042 0.013 0.092 0.17 0.035 0.079 0.037 0.02 0.049 0.043 0.006 0.021 0.116
106 I 0.046 0.018 0.014 0.017 0.016 0.013 0.018 0.02 0.009 0.259 0.202 0.023 0.038 0.045 0.014 0.024 0.038 0.006 0.02 0.159
107 P 0.055 0.025 0.023 0.03 0.01 0.02 0.035 0.035 0.013 0.025 0.035 0.04 0.01 0.013 0.506 0.043 0.035 0.003 0.013 0.03
108 L 0.053 0.023 0.018 0.018 0.015 0.016 0.021 0.105 0.01 0.105 0.286 0.026 0.039 0.044 0.015 0.029 0.035 0.006 0.02 0.114
109 A 0.108 0.027 0.028 0.027 0.097 0.02 0.031 0.044 0.013 0.065 0.077 0.034 0.021 0.087 0.021 0.085 0.084 0.007 0.028 0.096
110 F 0.056 0.031 0.026 0.026 0.093 0.052 0.037 0.034 0.016 0.056 0.127 0.037 0.025 0.152 0.017 0.068 0.04 0.009 0.041 0.055
111 L 0.05 0.021 0.015 0.015 0.176 0.015 0.018 0.024 0.009 0.09 0.282 0.023 0.038 0.042 0.015 0.029 0.034 0.006 0.018 0.081
112 L 0.045 0.024 0.014 0.015 0.016 0.016 0.02 0.021 0.01 0.115 0.375 0.025 0.05 0.055 0.014 0.024 0.033 0.007 0.022 0.096
113 V 0.056 0.03 0.023 0.04 0.014 0.031 0.118 0.026 0.014 0.128 0.147 0.041 0.029 0.033 0.018 0.037 0.04 0.006 0.019 0.15
114 D 0.048 0.102 0.05 0.172 0.008 0.106 0.124 0.04 0.024 0.023 0.038 0.076 0.014 0.015 0.022 0.051 0.037 0.005 0.016 0.03
115 D 0.048 0.099 0.037 0.101 0.01 0.039 0.095 0.034 0.018 0.08 0.084 0.098 0.045 0.025 0.02 0.043 0.037 0.006 0.017 0.063
116 K 0.075 0.058 0.042 0.041 0.013 0.036 0.052 0.049 0.017 0.031 0.044 0.13 0.015 0.018 0.107 0.119 0.09 0.005 0.016 0.041
117 D 0.046 0.107 0.098 0.17 0.008 0.071 0.075 0.045 0.023 0.024 0.036 0.107 0.013 0.016 0.022 0.053 0.038 0.005 0.015 0.028
118 F 0.04 0.035 0.021 0.021 0.011 0.02 0.029 0.027 0.021 0.061 0.139 0.068 0.026 0.234 0.015 0.03 0.029 0.015 0.105 0.055
119 D 0.057 0.059 0.053 0.165 0.009 0.039 0.07 0.046 0.078 0.025 0.036 0.129 0.013 0.018 0.024 0.081 0.042 0.005 0.021 0.029
120 L 0.103 0.026 0.023 0.023 0.017 0.02 0.028 0.038 0.012 0.124 0.195 0.032 0.033 0.038 0.019 0.071 0.047 0.006 0.02 0.126
121 E 0.051 0.062 0.036 0.06 0.008 0.051 0.183 0.035 0.022 0.03 0.051 0.138 0.015 0.08 0.023 0.048 0.035 0.007 0.028 0.035
122 W 0.082 0.033 0.022 0.023 0.01 0.054 0.039 0.038 0.022 0.033 0.054 0.038 0.017 0.057 0.015 0.039 0.03 0.259 0.095 0.039
123 K 0.058 0.112 0.087 0.043 0.011 0.038 0.051 0.044 0.02 0.069 0.061 0.14 0.018 0.021 0.023 0.08 0.046 0.005 0.017 0.056
124 L 0.053 0.021 0.015 0.016 0.017 0.015 0.02 0.022 0.009 0.187 0.227 0.024 0.038 0.044 0.015 0.027 0.04 0.006 0.021 0.184
125 F 0.035 0.019 0.016 0.016 0.011 0.011 0.019 0.024 0.015 0.07 0.158 0.02 0.029 0.344 0.011 0.025 0.026 0.015 0.076 0.06
126 L 0.053 0.052 0.024 0.025 0.014 0.03 0.038 0.03 0.014 0.09 0.197 0.117 0.056 0.036 0.019 0.037 0.038 0.006 0.02 0.105
127 I 0.044 0.024 0.069 0.028 0.014 0.018 0.025 0.028 0.019 0.174 0.163 0.029 0.031 0.055 0.015 0.033 0.037 0.009 0.072 0.114
128 L 0.043 0.021 0.014 0.016 0.015 0.014 0.019 0.021 0.011 0.163 0.269 0.023 0.04 0.108 0.013 0.024 0.033 0.008 0.032 0.113
129 A 0.23 0.03 0.028 0.03 0.02 0.024 0.038 0.065 0.014 0.081 0.073 0.042 0.02 0.025 0.027 0.099 0.052 0.005 0.018 0.08
130 V 0.066 0.024 0.025 0.023 0.096 0.019 0.025 0.112 0.011 0.089 0.1 0.031 0.048 0.029 0.018 0.047 0.078 0.006 0.017 0.135
131 A 0.181 0.028 0.021 0.023 0.019 0.022 0.031 0.05 0.013 0.083 0.147 0.036 0.052 0.033 0.022 0.057 0.044 0.006 0.019 0.112
132 K 0.056 0.104 0.04 0.04 0.008 0.052 0.069 0.042 0.02 0.027 0.042 0.296 0.015 0.015 0.027 0.052 0.039 0.005 0.017 0.032
133 A 0.241 0.033 0.034 0.035 0.02 0.027 0.043 0.072 0.016 0.038 0.052 0.047 0.016 0.021 0.029 0.135 0.059 0.005 0.017 0.058
134 F 0.055 0.023 0.022 0.022 0.015 0.016 0.025 0.03 0.013 0.119 0.158 0.027 0.03 0.159 0.016 0.061 0.042 0.009 0.042 0.117
135 F 0.058 0.028 0.028 0.026 0.014 0.022 0.03 0.034 0.02 0.095 0.106 0.034 0.049 0.111 0.019 0.074 0.079 0.011 0.083 0.079
136 L 0.049 0.02 0.014 0.016 0.016 0.014 0.019 0.021 0.009 0.209 0.233 0.024 0.039 0.045 0.014 0.025 0.038 0.006 0.021 0.165
137 I 0.046 0.018 0.014 0.017 0.016 0.013 0.018 0.02 0.009 0.259 0.202 0.023 0.038 0.045 0.014 0.024 0.038 0.006 0.02 0.159
138 G 0.074 0.029 0.032 0.03 0.015 0.023 0.033 0.12 0.019 0.065 0.116 0.037 0.023 0.045 0.02 0.102 0.05 0.009 0.07 0.089
139 I 0.048 0.021 0.019 0.02 0.015 0.015 0.021 0.025 0.011 0.182 0.176 0.026 0.033 0.101 0.016 0.035 0.073 0.008 0.031 0.122
140 W 0.134 0.026 0.023 0.023 0.014 0.021 0.029 0.127 0.015 0.043 0.073 0.033 0.042 0.037 0.018 0.049 0.035 0.172 0.034 0.051
141 L 0.051 0.02 0.015 0.017 0.016 0.014 0.02 0.022 0.01 0.179 0.181 0.023 0.034 0.102 0.014 0.027 0.039 0.008 0.031 0.178
142 K 0.048 0.049 0.032 0.09 0.091 0.029 0.047 0.035 0.015 0.073 0.065 0.117 0.018 0.028 0.019 0.04 0.035 0.088 0.024 0.058
143 L 0.055 0.024 0.017 0.018 0.017 0.019 0.023 0.024 0.011 0.153 0.199 0.028 0.085 0.043 0.015 0.03 0.041 0.007 0.022 0.17
144 V 0.052 0.021 0.016 0.017 0.015 0.014 0.021 0.024 0.011 0.12 0.166 0.023 0.032 0.16 0.014 0.028 0.038 0.009 0.043 0.177
145 I 0.046 0.021 0.015 0.017 0.016 0.016 0.019 0.021 0.01 0.228 0.206 0.025 0.062 0.045 0.014 0.026 0.038 0.006 0.021 0.146
146 K 0.096 0.065 0.035 0.044 0.012 0.076 0.103 0.044 0.021 0.04 0.069 0.139 0.044 0.021 0.024 0.055 0.04 0.006 0.018 0.048
147 Y 0.04 0.028 0.022 0.019 0.009 0.022 0.028 0.025 0.047 0.044 0.068 0.031 0.019 0.131 0.016 0.031 0.028 0.028 0.318 0.047
148 H 0.042 0.046 0.053 0.038 0.008 0.038 0.053 0.038 0.355 0.023 0.038 0.046 0.015 0.03 0.019 0.042 0.027 0.008 0.057 0.023
149 F 0.034 0.019 0.017 0.017 0.011 0.011 0.019 0.025 0.017 0.063 0.114 0.019 0.025 0.387 0.011 0.025 0.025 0.017 0.089 0.055
150 G 0.078 0.023 0.039 0.034 0.011 0.019 0.026 0.51 0.014 0.019 0.028 0.034 0.009 0.016 0.019 0.051 0.03 0.005 0.011 0.024
151 I 0.047 0.018 0.015 0.018 0.016 0.013 0.018 0.021 0.009 0.271 0.168 0.024 0.037 0.044 0.015 0.025 0.04 0.006 0.021 0.177
152 G 0.063 0.042 0.089 0.045 0.01 0.093 0.054 0.285 0.021 0.021 0.034 0.055 0.013 0.016 0.02 0.055 0.036 0.005 0.015 0.028
153 D 0.057 0.087 0.056 0.225 0.011 0.032 0.068 0.046 0.018 0.028 0.039 0.058 0.013 0.017 0.023 0.088 0.08 0.005 0.014 0.035
154 Y 0.038 0.026 0.02 0.018 0.009 0.019 0.026 0.024 0.041 0.046 0.074 0.028 0.019 0.173 0.014 0.029 0.027 0.026 0.293 0.047
155 T 0.054 0.035 0.029 0.028 0.014 0.057 0.041 0.034 0.016 0.091 0.097 0.043 0.048 0.035 0.019 0.053 0.112 0.089 0.027 0.078
156 P 0.103 0.035 0.083 0.051 0.012 0.032 0.087 0.052 0.019 0.027 0.039 0.051 0.013 0.017 0.186 0.088 0.047 0.004 0.015 0.038
157 F 0.038 0.024 0.017 0.017 0.011 0.017 0.022 0.025 0.02 0.068 0.154 0.025 0.052 0.182 0.012 0.027 0.028 0.097 0.103 0.061
158 R 0.044 0.361 0.038 0.03 0.008 0.047 0.051 0.032 0.023 0.023 0.045 0.117 0.015 0.017 0.019 0.044 0.034 0.006 0.017 0.03
159 L 0.052 0.04 0.029 0.029 0.012 0.09 0.049 0.113 0.019 0.057 0.136 0.048 0.051 0.091 0.017 0.04 0.034 0.008 0.03 0.055
160 W 0.031 0.026 0.021 0.019 0.007 0.019 0.027 0.031 0.074 0.028 0.049 0.026 0.015 0.054 0.009 0.025 0.023 0.422 0.065 0.028
161 A 0.262 0.028 0.024 0.027 0.019 0.023 0.036 0.068 0.015 0.045 0.067 0.039 0.018 0.085 0.026 0.073 0.045 0.007 0.029 0.065
162 E 0.05 0.05 0.03 0.038 0.011 0.068 0.093 0.031 0.024 0.084 0.091 0.091 0.047 0.044 0.02 0.042 0.037 0.01 0.072 0.068
163 S 0.065 0.087 0.036 0.041 0.013 0.033 0.084 0.04 0.018 0.075 0.073 0.056 0.02 0.086 0.021 0.104 0.049 0.007 0.029 0.061
164 N 0.063 0.036 0.136 0.05 0.014 0.027 0.04 0.049 0.019 0.078 0.066 0.045 0.019 0.024 0.023 0.097 0.124 0.005 0.017 0.067
165 G 0.07 0.032 0.139 0.051 0.011 0.026 0.037 0.293 0.02 0.021 0.031 0.043 0.011 0.017 0.021 0.088 0.044 0.005 0.013 0.027
166 L 0.129 0.025 0.019 0.021 0.016 0.018 0.027 0.04 0.018 0.098 0.141 0.031 0.027 0.111 0.019 0.045 0.037 0.011 0.083 0.083
167 G 0.076 0.022 0.038 0.033 0.011 0.018 0.025 0.522 0.013 0.018 0.028 0.033 0.009 0.016 0.018 0.05 0.029 0.005 0.011 0.024
168 D 0.04 0.029 0.067 0.412 0.007 0.029 0.089 0.045 0.018 0.022 0.027 0.044 0.009 0.015 0.022 0.051 0.035 0.004 0.011 0.024
169 I 0.094 0.022 0.017 0.02 0.017 0.018 0.024 0.031 0.011 0.195 0.145 0.029 0.056 0.039 0.017 0.037 0.042 0.006 0.02 0.16
170 Y 0.04 0.027 0.021 0.018 0.009 0.021 0.027 0.024 0.046 0.043 0.067 0.03 0.018 0.128 0.015 0.03 0.027 0.027 0.334 0.046
171 L 0.047 0.02 0.015 0.016 0.015 0.014 0.019 0.022 0.01 0.171 0.225 0.023 0.037 0.105 0.014 0.026 0.036 0.008 0.032 0.145
172 L 0.092 0.023 0.016 0.018 0.017 0.017 0.023 0.03 0.01 0.138 0.254 0.028 0.038 0.043 0.017 0.035 0.039 0.006 0.02 0.135
173 G 0.069 0.033 0.087 0.041 0.012 0.026 0.038 0.127 0.029 0.031 0.046 0.042 0.015 0.055 0.021 0.109 0.049 0.012 0.121 0.037
174 G 0.067 0.092 0.038 0.034 0.01 0.029 0.037 0.36 0.016 0.021 0.033 0.091 0.011 0.016 0.02 0.049 0.031 0.005 0.013 0.026
175 W 0.032 0.021 0.016 0.016 0.009 0.013 0.021 0.028 0.016 0.047 0.083 0.021 0.02 0.225 0.009 0.024 0.024 0.256 0.078 0.042
176 I 0.044 0.08 0.071 0.03 0.013 0.022 0.028 0.029 0.015 0.171 0.16 0.044 0.03 0.036 0.016 0.035 0.039 0.006 0.019 0.111
177 P 0.055 0.025 0.023 0.03 0.01 0.02 0.035 0.035 0.013 0.025 0.035 0.04 0.01 0.013 0.506 0.043 0.035 0.003 0.013 0.03
178 R 0.047 0.22 0.036 0.032 0.008 0.045 0.053 0.034 0.026 0.027 0.048 0.162 0.016 0.035 0.021 0.044 0.034 0.009 0.07 0.033
179 V 0.065 0.021 0.016 0.017 0.018 0.016 0.022 0.023 0.008 0.182 0.133 0.025 0.032 0.036 0.016 0.031 0.047 0.005 0.02 0.268
180 Q 0.055 0.072 0.043 0.046 0.009 0.234 0.1 0.04 0.029 0.026 0.046 0.089 0.02 0.014 0.023 0.055 0.04 0.006 0.02 0.034
181 L 0.049 0.02 0.014 0.016 0.016 0.014 0.019 0.021 0.009 0.209 0.233 0.024 0.039 0.045 0.014 0.025 0.038 0.006 0.021 0.165
182 H 0.046 0.047 0.038 0.033 0.009 0.097 0.059 0.033 0.142 0.042 0.104 0.054 0.023 0.045 0.019 0.041 0.032 0.01 0.085 0.042
183 G 0.076 0.022 0.038 0.033 0.011 0.018 0.025 0.522 0.013 0.018 0.028 0.033 0.009 0.016 0.018 0.05 0.029 0.005 0.011 0.024
184 N 0.047 0.042 0.285 0.074 0.01 0.032 0.047 0.06 0.028 0.027 0.036 0.051 0.012 0.018 0.021 0.072 0.084 0.005 0.016 0.033
185 A 0.169 0.033 0.041 0.039 0.017 0.028 0.043 0.145 0.016 0.032 0.044 0.046 0.015 0.02 0.027 0.155 0.061 0.005 0.016 0.047
186 L 0.044 0.022 0.014 0.016 0.016 0.015 0.019 0.021 0.009 0.171 0.315 0.024 0.044 0.05 0.014 0.024 0.035 0.007 0.021 0.12
187 L 0.043 0.024 0.015 0.016 0.015 0.017 0.021 0.023 0.012 0.102 0.311 0.025 0.067 0.11 0.014 0.026 0.032 0.009 0.033 0.087
188 V 0.062 0.022 0.017 0.019 0.017 0.017 0.024 0.025 0.009 0.13 0.156 0.028 0.03 0.034 0.097 0.032 0.043 0.005 0.019 0.212
189 F 0.05 0.024 0.021 0.021 0.015 0.017 0.024 0.027 0.013 0.121 0.128 0.028 0.053 0.159 0.016 0.039 0.073 0.01 0.042 0.121
190 A 0.263 0.029 0.023 0.027 0.02 0.023 0.036 0.067 0.014 0.054 0.113 0.04 0.022 0.026 0.026 0.073 0.046 0.006 0.018 0.072
191 F 0.079 0.02 0.018 0.019 0.012 0.013 0.022 0.033 0.016 0.059 0.103 0.023 0.023 0.338 0.013 0.034 0.029 0.015 0.075 0.056
192 V 0.055 0.023 0.017 0.018 0.017 0.019 0.022 0.024 0.011 0.182 0.161 0.028 0.083 0.042 0.015 0.031 0.042 0.006 0.021 0.183
193 L 0.062 0.026 0.026 0.025 0.096 0.019 0.027 0.033 0.011 0.106 0.186 0.032 0.031 0.036 0.019 0.073 0.081 0.006 0.018 0.088
194 D 0.056 0.093 0.051 0.18 0.009 0.044 0.151 0.043 0.021 0.023 0.035 0.067 0.012 0.016 0.024 0.082 0.042 0.005 0.015 0.03
195 F 0.041 0.019 0.017 0.017 0.092 0.013 0.019 0.025 0.019 0.093 0.105 0.021 0.024 0.233 0.013 0.028 0.029 0.014 0.104 0.072
196 L 0.047 0.03 0.021 0.03 0.013 0.028 0.072 0.026 0.02 0.11 0.174 0.037 0.08 0.056 0.017 0.034 0.036 0.01 0.073 0.087
197 K 0.051 0.079 0.139 0.055 0.009 0.076 0.067 0.049 0.025 0.025 0.039 0.18 0.015 0.016 0.024 0.058 0.042 0.005 0.017 0.031
198 K 0.064 0.063 0.092 0.056 0.011 0.043 0.098 0.048 0.021 0.03 0.043 0.136 0.015 0.018 0.026 0.093 0.084 0.005 0.017 0.039
199 N 0.043 0.045 0.317 0.083 0.009 0.034 0.049 0.065 0.032 0.022 0.032 0.054 0.011 0.018 0.02 0.07 0.049 0.004 0.016 0.027
200 E 0.055 0.05 0.04 0.09 0.007 0.064 0.296 0.035 0.026 0.022 0.037 0.076 0.013 0.017 0.026 0.055 0.037 0.006 0.017 0.031
201 K 0.06 0.124 0.047 0.102 0.01 0.044 0.066 0.045 0.02 0.026 0.04 0.183 0.014 0.016 0.025 0.082 0.044 0.005 0.016 0.032
202 R 0.047 0.22 0.036 0.032 0.008 0.045 0.053 0.034 0.026 0.027 0.048 0.162 0.016 0.035 0.021 0.044 0.034 0.009 0.07 0.033
203 L 0.054 0.025 0.022 0.022 0.015 0.019 0.025 0.028 0.017 0.146 0.203 0.03 0.034 0.057 0.017 0.061 0.042 0.01 0.073 0.103
204 T 0.064 0.048 0.096 0.109 0.013 0.033 0.056 0.05 0.019 0.034 0.045 0.089 0.015 0.019 0.025 0.098 0.122 0.005 0.016 0.044
205 L 0.044 0.021 0.015 0.016 0.014 0.014 0.02 0.023 0.011 0.128 0.206 0.023 0.034 0.108 0.013 0.025 0.033 0.091 0.039 0.122
206 Y 0.047 0.024 0.02 0.02 0.092 0.019 0.025 0.028 0.024 0.052 0.089 0.029 0.045 0.123 0.096 0.034 0.032 0.014 0.134 0.053
207 N 0.059 0.036 0.184 0.056 0.012 0.028 0.04 0.133 0.022 0.038 0.092 0.045 0.018 0.024 0.02 0.086 0.048 0.005 0.016 0.04
208 L 0.141 0.026 0.023 0.024 0.018 0.02 0.03 0.043 0.011 0.116 0.144 0.034 0.028 0.033 0.022 0.056 0.08 0.006 0.019 0.126
209 L 0.049 0.02 0.014 0.016 0.016 0.014 0.019 0.021 0.009 0.209 0.233 0.024 0.039 0.045 0.014 0.025 0.038 0.006 0.021 0.165
210 L 0.045 0.025 0.015 0.016 0.016 0.018 0.021 0.022 0.011 0.11 0.358 0.026 0.071 0.052 0.014 0.026 0.034 0.007 0.022 0.093
211 L 0.088 0.024 0.016 0.018 0.017 0.017 0.023 0.03 0.01 0.13 0.297 0.028 0.041 0.046 0.016 0.034 0.036 0.006 0.021 0.102
212 L 0.099 0.023 0.021 0.021 0.016 0.017 0.025 0.115 0.012 0.093 0.14 0.028 0.027 0.094 0.017 0.041 0.039 0.007 0.029 0.135
213 G 0.081 0.027 0.041 0.036 0.013 0.022 0.032 0.366 0.014 0.026 0.036 0.038 0.012 0.018 0.022 0.088 0.077 0.005 0.013 0.034
214 V 0.101 0.021 0.017 0.019 0.018 0.017 0.024 0.031 0.009 0.184 0.128 0.028 0.03 0.035 0.018 0.038 0.045 0.005 0.02 0.212
215 L 0.047 0.022 0.014 0.015 0.096 0.015 0.019 0.023 0.01 0.101 0.336 0.024 0.043 0.048 0.014 0.026 0.033 0.006 0.02 0.087
216 A 0.144 0.026 0.023 0.024 0.098 0.02 0.029 0.045 0.011 0.076 0.127 0.034 0.025 0.029 0.022 0.059 0.08 0.005 0.018 0.107
217 A 0.307 0.03 0.025 0.029 0.021 0.025 0.04 0.076 0.014 0.042 0.058 0.043 0.017 0.021 0.029 0.083 0.049 0.005 0.017 0.067
218 G 0.076 0.022 0.038 0.033 0.011 0.018 0.025 0.522 0.013 0.018 0.028 0.033 0.009 0.016 0.018 0.05 0.029 0.005 0.011 0.024
219 N 0.042 0.044 0.334 0.081 0.009 0.033 0.048 0.064 0.031 0.022 0.031 0.053 0.011 0.018 0.02 0.068 0.048 0.004 0.015 0.026
220 F 0.058 0.025 0.029 0.027 0.013 0.018 0.029 0.038 0.017 0.051 0.088 0.03 0.022 0.275 0.017 0.096 0.043 0.013 0.063 0.049
221 A 0.274 0.032 0.03 0.032 0.02 0.026 0.041 0.074 0.015 0.04 0.055 0.045 0.017 0.021 0.029 0.109 0.054 0.005 0.017 0.063
222 F 0.035 0.021 0.018 0.017 0.01 0.014 0.021 0.025 0.026 0.055 0.097 0.023 0.023 0.31 0.012 0.027 0.026 0.02 0.169 0.051
223 L 0.051 0.023 0.017 0.017 0.015 0.017 0.023 0.023 0.021 0.135 0.157 0.027 0.03 0.07 0.015 0.029 0.037 0.013 0.125 0.155
224 L 0.043 0.024 0.014 0.015 0.016 0.016 0.02 0.021 0.01 0.113 0.391 0.025 0.048 0.053 0.014 0.024 0.033 0.007 0.022 0.094
225 G 0.076 0.022 0.038 0.033 0.011 0.018 0.025 0.522 0.013 0.018 0.028 0.033 0.009 0.016 0.018 0.05 0.029 0.005 0.011 0.024
226 L 0.049 0.02 0.014 0.016 0.016 0.014 0.019 0.021 0.009 0.209 0.233 0.024 0.039 0.045 0.014 0.025 0.038 0.006 0.021 0.165
227 F 0.05 0.02 0.019 0.019 0.014 0.014 0.02 0.106 0.012 0.117 0.155 0.024 0.029 0.158 0.014 0.03 0.033 0.009 0.041 0.114
228 L 0.094 0.021 0.017 0.018 0.096 0.015 0.022 0.033 0.011 0.118 0.152 0.026 0.029 0.096 0.017 0.038 0.038 0.007 0.03 0.122
229 F 0.034 0.02 0.017 0.017 0.01 0.012 0.02 0.025 0.021 0.059 0.104 0.021 0.024 0.356 0.011 0.026 0.025 0.018 0.128 0.052
230 L 0.047 0.021 0.015 0.016 0.015 0.014 0.02 0.022 0.011 0.147 0.236 0.023 0.038 0.117 0.014 0.026 0.036 0.008 0.034 0.14
231 G 0.119 0.026 0.035 0.032 0.015 0.021 0.031 0.289 0.013 0.048 0.051 0.037 0.015 0.021 0.022 0.084 0.044 0.005 0.014 0.078
232 L 0.045 0.022 0.02 0.019 0.011 0.016 0.022 0.107 0.018 0.092 0.135 0.025 0.025 0.117 0.013 0.029 0.029 0.094 0.09 0.07
233 R 0.042 0.194 0.03 0.024 0.008 0.034 0.039 0.028 0.034 0.033 0.056 0.074 0.017 0.072 0.017 0.037 0.031 0.016 0.176 0.038
234 L 0.051 0.022 0.02 0.02 0.013 0.016 0.022 0.106 0.017 0.114 0.148 0.026 0.028 0.113 0.015 0.031 0.033 0.011 0.082 0.113
235 L 0.057 0.022 0.02 0.019 0.175 0.017 0.021 0.109 0.011 0.071 0.188 0.026 0.053 0.035 0.016 0.035 0.034 0.006 0.017 0.069
236 L 0.044 0.024 0.014 0.015 0.016 0.016 0.02 0.021 0.01 0.115 0.379 0.025 0.049 0.054 0.014 0.024 0.033 0.007 0.022 0.096
237 W 0.037 0.023 0.015 0.015 0.012 0.016 0.021 0.026 0.013 0.072 0.216 0.024 0.032 0.057 0.011 0.023 0.028 0.251 0.045 0.063
238 G 0.074 0.022 0.028 0.026 0.015 0.018 0.024 0.269 0.011 0.091 0.079 0.03 0.02 0.026 0.018 0.042 0.039 0.005 0.016 0.148
239 Y 0.044 0.085 0.028 0.025 0.01 0.027 0.035 0.029 0.085 0.045 0.107 0.048 0.021 0.061 0.098 0.035 0.03 0.013 0.129 0.045
240 K 0.062 0.11 0.035 0.032 0.012 0.037 0.048 0.038 0.023 0.051 0.061 0.136 0.018 0.038 0.022 0.075 0.045 0.009 0.07 0.078
241 L 0.044 0.023 0.014 0.015 0.016 0.015 0.019 0.021 0.01 0.142 0.353 0.024 0.046 0.052 0.014 0.024 0.034 0.007 0.021 0.107
242 L 0.041 0.022 0.016 0.016 0.013 0.015 0.021 0.022 0.018 0.123 0.224 0.024 0.035 0.136 0.014 0.026 0.031 0.013 0.096 0.092
243 K 0.053 0.092 0.045 0.102 0.008 0.048 0.072 0.043 0.02 0.026 0.04 0.254 0.014 0.015 0.026 0.052 0.038 0.005 0.016 0.031
244 S 0.11 0.043 0.035 0.035 0.014 0.029 0.045 0.052 0.017 0.03 0.045 0.085 0.015 0.025 0.105 0.113 0.051 0.088 0.025 0.04
245 G 0.095 0.044 0.131 0.047 0.012 0.029 0.041 0.131 0.02 0.07 0.059 0.083 0.017 0.022 0.021 0.058 0.042 0.005 0.016 0.058
246 K 0.074 0.084 0.045 0.044 0.011 0.046 0.064 0.05 0.02 0.028 0.042 0.208 0.015 0.017 0.028 0.111 0.053 0.005 0.017 0.035
247 K 0.057 0.107 0.042 0.042 0.009 0.054 0.071 0.043 0.021 0.028 0.043 0.278 0.016 0.016 0.028 0.054 0.04 0.005 0.017 0.033
248 R 0.05 0.216 0.039 0.048 0.008 0.053 0.12 0.035 0.023 0.024 0.043 0.15 0.015 0.016 0.023 0.049 0.036 0.005 0.017 0.031
249 K 0.057 0.107 0.042 0.042 0.009 0.054 0.071 0.043 0.021 0.028 0.043 0.278 0.016 0.016 0.028 0.054 0.04 0.005 0.017 0.033
250 W 0.03 0.023 0.015 0.015 0.008 0.015 0.023 0.03 0.015 0.03 0.053 0.023 0.015 0.061 0.008 0.023 0.023 0.492 0.068 0.03
251 L 0.045 0.041 0.022 0.022 0.013 0.023 0.031 0.027 0.014 0.121 0.176 0.089 0.031 0.127 0.017 0.032 0.034 0.009 0.037 0.089
252 K 0.05 0.073 0.092 0.049 0.008 0.107 0.073 0.044 0.083 0.025 0.041 0.144 0.016 0.018 0.023 0.054 0.039 0.006 0.024 0.03
253 L 0.043 0.079 0.021 0.021 0.011 0.022 0.029 0.027 0.019 0.087 0.126 0.043 0.024 0.052 0.096 0.031 0.032 0.092 0.079 0.067
254 N 0.058 0.048 0.136 0.05 0.011 0.032 0.046 0.051 0.021 0.03 0.043 0.087 0.014 0.025 0.022 0.09 0.084 0.088 0.025 0.037
255 K 0.057 0.077 0.036 0.035 0.01 0.041 0.053 0.119 0.017 0.04 0.098 0.207 0.02 0.022 0.023 0.047 0.036 0.005 0.017 0.041
256 V 0.06 0.047 0.024 0.025 0.094 0.027 0.036 0.031 0.012 0.118 0.094 0.114 0.024 0.027 0.019 0.039 0.041 0.005 0.018 0.144
257 L 0.086 0.023 0.018 0.019 0.015 0.017 0.023 0.032 0.014 0.111 0.171 0.027 0.055 0.161 0.016 0.036 0.035 0.01 0.043 0.088
258 V 0.057 0.02 0.015 0.017 0.017 0.015 0.02 0.022 0.009 0.195 0.183 0.025 0.035 0.041 0.015 0.028 0.042 0.006 0.02 0.216
259 L 0.049 0.02 0.014 0.016 0.016 0.014 0.019 0.021 0.009 0.209 0.233 0.024 0.039 0.045 0.014 0.025 0.038 0.006 0.021 0.165
260 A 0.178 0.025 0.021 0.025 0.017 0.02 0.031 0.051 0.012 0.122 0.089 0.036 0.022 0.027 0.104 0.057 0.043 0.005 0.017 0.096
261 I 0.096 0.02 0.017 0.019 0.097 0.015 0.022 0.032 0.009 0.185 0.123 0.026 0.029 0.034 0.017 0.038 0.042 0.005 0.018 0.154
262 L 0.099 0.025 0.022 0.023 0.017 0.019 0.027 0.037 0.012 0.146 0.201 0.032 0.033 0.039 0.019 0.07 0.045 0.006 0.02 0.107
263 V 0.069 0.024 0.023 0.025 0.017 0.019 0.029 0.032 0.011 0.137 0.104 0.032 0.026 0.03 0.1 0.067 0.05 0.005 0.018 0.184
264 V 0.059 0.019 0.015 0.017 0.113 0.014 0.019 0.024 0.008 0.187 0.13 0.023 0.03 0.035 0.015 0.031 0.042 0.005 0.019 0.194
265 F 0.05 0.022 0.02 0.019 0.093 0.016 0.021 0.109 0.013 0.066 0.149 0.025 0.051 0.157 0.014 0.033 0.031 0.009 0.04 0.062
266 A 0.141 0.024 0.022 0.023 0.017 0.019 0.027 0.123 0.011 0.111 0.138 0.032 0.026 0.032 0.02 0.049 0.041 0.006 0.018 0.118
267 L 0.064 0.026 0.026 0.025 0.017 0.02 0.028 0.032 0.011 0.155 0.158 0.032 0.031 0.036 0.019 0.072 0.084 0.006 0.019 0.139
268 L 0.051 0.02 0.015 0.017 0.016 0.014 0.02 0.022 0.01 0.179 0.181 0.023 0.034 0.102 0.014 0.027 0.039 0.008 0.031 0.178
269 F 0.079 0.02 0.018 0.019 0.012 0.013 0.022 0.033 0.016 0.059 0.103 0.023 0.023 0.338 0.013 0.034 0.029 0.015 0.075 0.056
270 V 0.07 0.022 0.016 0.018 0.019 0.016 0.023 0.025 0.008 0.165 0.13 0.026 0.032 0.036 0.016 0.033 0.049 0.006 0.021 0.269
271 A 0.152 0.03 0.033 0.032 0.017 0.024 0.036 0.134 0.014 0.049 0.106 0.04 0.021 0.026 0.024 0.095 0.084 0.006 0.017 0.06
272 P 0.049 0.024 0.02 0.022 0.011 0.018 0.028 0.028 0.023 0.06 0.074 0.031 0.019 0.12 0.178 0.034 0.033 0.014 0.133 0.082
273 Y 0.04 0.027 0.021 0.018 0.009 0.021 0.027 0.024 0.046 0.043 0.067 0.03 0.018 0.128 0.015 0.03 0.027 0.027 0.334 0.046
274 A 0.152 0.028 0.028 0.028 0.017 0.022 0.033 0.131 0.013 0.067 0.117 0.037 0.023 0.028 0.023 0.085 0.048 0.006 0.017 0.097
275 L 0.047 0.077 0.019 0.019 0.014 0.019 0.024 0.024 0.012 0.156 0.167 0.039 0.032 0.099 0.015 0.029 0.036 0.008 0.031 0.135
276 R 0.056 0.156 0.086 0.041 0.011 0.038 0.048 0.043 0.021 0.039 0.099 0.11 0.02 0.023 0.021 0.078 0.045 0.005 0.017 0.042
277 K 0.064 0.073 0.043 0.051 0.01 0.111 0.117 0.044 0.024 0.026 0.042 0.149 0.016 0.016 0.026 0.084 0.046 0.005 0.018 0.034
278 L 0.045 0.023 0.016 0.018 0.015 0.018 0.021 0.023 0.012 0.158 0.202 0.027 0.085 0.106 0.014 0.028 0.036 0.008 0.033 0.112
279 G 0.07 0.053 0.043 0.049 0.012 0.071 0.1 0.124 0.02 0.029 0.043 0.098 0.015 0.017 0.025 0.09 0.081 0.005 0.016 0.038
280 L 0.052 0.091 0.027 0.036 0.012 0.065 0.087 0.029 0.017 0.105 0.135 0.059 0.027 0.03 0.019 0.039 0.038 0.006 0.019 0.108
281 K 0.056 0.104 0.04 0.04 0.008 0.052 0.069 0.042 0.02 0.027 0.042 0.296 0.015 0.015 0.027 0.052 0.039 0.005 0.017 0.032
282 A 0.159 0.034 0.036 0.035 0.018 0.028 0.041 0.059 0.016 0.049 0.076 0.045 0.044 0.026 0.026 0.128 0.094 0.006 0.018 0.063
283 S 0.11 0.04 0.054 0.049 0.018 0.033 0.052 0.066 0.019 0.03 0.042 0.054 0.016 0.021 0.03 0.22 0.082 0.005 0.018 0.042
284 G 0.078 0.023 0.039 0.034 0.011 0.019 0.026 0.51 0.014 0.019 0.028 0.034 0.009 0.016 0.019 0.051 0.03 0.005 0.011 0.024
285 V 0.07 0.022 0.016 0.018 0.019 0.016 0.023 0.025 0.008 0.165 0.13 0.026 0.032 0.036 0.016 0.033 0.049 0.006 0.021 0.269
286 E 0.094 0.033 0.038 0.111 0.011 0.035 0.133 0.123 0.019 0.031 0.049 0.048 0.014 0.081 0.022 0.053 0.035 0.007 0.026 0.038
287 D 0.054 0.043 0.037 0.102 0.012 0.033 0.092 0.035 0.017 0.057 0.068 0.084 0.019 0.084 0.021 0.051 0.075 0.007 0.028 0.083
288 S 0.096 0.036 0.049 0.043 0.016 0.029 0.045 0.137 0.017 0.031 0.042 0.048 0.015 0.02 0.027 0.183 0.102 0.005 0.016 0.043
289 N 0.042 0.044 0.334 0.081 0.009 0.033 0.048 0.064 0.031 0.022 0.031 0.053 0.011 0.018 0.02 0.068 0.048 0.004 0.015 0.026
290 A 0.182 0.096 0.028 0.029 0.016 0.032 0.044 0.055 0.016 0.056 0.065 0.095 0.019 0.022 0.025 0.063 0.045 0.005 0.018 0.092
291 V 0.061 0.023 0.02 0.02 0.018 0.017 0.024 0.026 0.009 0.156 0.167 0.028 0.033 0.037 0.017 0.039 0.08 0.006 0.02 0.199
292 R 0.046 0.318 0.038 0.032 0.008 0.048 0.054 0.034 0.022 0.023 0.045 0.147 0.015 0.017 0.02 0.045 0.035 0.006 0.017 0.031
293 I 0.051 0.02 0.016 0.018 0.016 0.016 0.02 0.022 0.01 0.236 0.162 0.025 0.059 0.042 0.015 0.027 0.04 0.006 0.021 0.178
294 E 0.052 0.101 0.039 0.078 0.007 0.06 0.27 0.034 0.025 0.022 0.037 0.081 0.013 0.016 0.024 0.052 0.036 0.005 0.016 0.03
295 Q 0.055 0.072 0.043 0.046 0.009 0.234 0.1 0.04 0.029 0.026 0.046 0.089 0.02 0.014 0.023 0.055 0.04 0.006 0.02 0.034
296 I 0.095 0.025 0.022 0.023 0.017 0.02 0.026 0.034 0.012 0.176 0.134 0.032 0.054 0.037 0.019 0.047 0.078 0.006 0.02 0.124
297 E 0.099 0.058 0.035 0.044 0.012 0.104 0.108 0.043 0.021 0.05 0.059 0.103 0.019 0.019 0.024 0.055 0.042 0.005 0.018 0.081
298 L 0.097 0.024 0.017 0.019 0.018 0.019 0.025 0.032 0.011 0.144 0.176 0.03 0.057 0.039 0.018 0.038 0.043 0.006 0.02 0.166
299 L 0.043 0.024 0.014 0.015 0.016 0.016 0.02 0.021 0.01 0.113 0.391 0.025 0.048 0.053 0.014 0.024 0.033 0.007 0.022 0.094
300 L 0.058 0.028 0.028 0.026 0.017 0.021 0.029 0.031 0.011 0.112 0.189 0.034 0.032 0.037 0.02 0.057 0.15 0.006 0.019 0.095
301 D 0.054 0.034 0.06 0.297 0.009 0.035 0.12 0.047 0.019 0.023 0.031 0.05 0.011 0.016 0.024 0.083 0.042 0.004 0.013 0.028
302 T 0.072 0.033 0.042 0.036 0.016 0.026 0.036 0.122 0.013 0.046 0.058 0.042 0.018 0.022 0.026 0.084 0.226 0.006 0.016 0.062
303 N 0.042 0.044 0.334 0.081 0.009 0.033 0.048 0.064 0.031 0.022 0.031 0.053 0.011 0.018 0.02 0.068 0.048 0.004 0.015 0.026
304 P 0.049 0.024 0.02 0.025 0.011 0.019 0.031 0.032 0.013 0.04 0.097 0.035 0.017 0.027 0.341 0.036 0.033 0.087 0.023 0.041
305 L 0.044 0.022 0.014 0.016 0.016 0.015 0.019 0.021 0.009 0.171 0.315 0.024 0.044 0.05 0.014 0.024 0.035 0.007 0.021 0.12
306 I 0.042 0.018 0.015 0.017 0.014 0.012 0.018 0.022 0.011 0.213 0.146 0.022 0.032 0.163 0.013 0.025 0.034 0.009 0.042 0.133
307 G 0.076 0.022 0.038 0.033 0.011 0.018 0.025 0.522 0.013 0.018 0.028 0.033 0.009 0.016 0.018 0.05 0.029 0.005 0.011 0.024
308 K 0.07 0.073 0.093 0.05 0.011 0.042 0.06 0.053 0.021 0.027 0.04 0.174 0.014 0.017 0.026 0.117 0.054 0.005 0.017 0.034
309 G 0.076 0.022 0.038 0.033 0.011 0.018 0.025 0.522 0.013 0.018 0.028 0.033 0.009 0.016 0.018 0.05 0.029 0.005 0.011 0.024
310 L 0.043 0.021 0.014 0.016 0.015 0.014 0.019 0.021 0.011 0.163 0.269 0.023 0.04 0.108 0.013 0.024 0.033 0.008 0.032 0.113
311 G 0.115 0.024 0.036 0.032 0.012 0.02 0.027 0.448 0.013 0.022 0.033 0.035 0.01 0.017 0.02 0.056 0.032 0.005 0.012 0.031
312 S 0.074 0.042 0.146 0.057 0.013 0.033 0.05 0.06 0.081 0.026 0.037 0.051 0.014 0.021 0.024 0.149 0.06 0.005 0.023 0.033
313 E 0.056 0.042 0.09 0.06 0.009 0.042 0.134 0.043 0.086 0.026 0.041 0.055 0.014 0.038 0.022 0.081 0.042 0.009 0.076 0.033
314 V 0.101 0.021 0.017 0.019 0.018 0.017 0.024 0.031 0.009 0.184 0.128 0.028 0.03 0.035 0.018 0.038 0.045 0.005 0.02 0.212
315 D 0.057 0.052 0.098 0.118 0.009 0.041 0.104 0.048 0.081 0.024 0.036 0.094 0.013 0.019 0.024 0.084 0.044 0.005 0.022 0.029
316 G 0.186 0.027 0.029 0.028 0.016 0.022 0.033 0.216 0.019 0.034 0.049 0.038 0.015 0.037 0.023 0.063 0.039 0.009 0.068 0.049
317 G 0.056 0.045 0.089 0.112 0.01 0.035 0.095 0.122 0.019 0.045 0.048 0.087 0.015 0.019 0.021 0.051 0.039 0.005 0.015 0.071
318 G 0.068 0.025 0.032 0.029 0.015 0.02 0.028 0.195 0.012 0.098 0.079 0.034 0.021 0.026 0.02 0.056 0.112 0.006 0.016 0.108
319 L 0.075 0.044 0.036 0.034 0.016 0.029 0.042 0.043 0.015 0.068 0.118 0.083 0.024 0.028 0.024 0.113 0.091 0.006 0.018 0.094
320 F 0.047 0.025 0.024 0.023 0.013 0.018 0.026 0.031 0.014 0.062 0.132 0.029 0.025 0.16 0.016 0.046 0.106 0.093 0.049 0.062
