#Seq2Logo.py -f /work3/idamei/ssn-clusterings/clustering/2205111339/clusters/0028_129/sequences.afa -o /work3/idamei/ssn-clusterings/clustering/2205111339/clusters/0028_129/sequences.logo
#Position Specific Frequency Matrix
A R N D C Q E G H I L K M F P S T W Y V
0 L 0.052 0.032 0.02 0.02 0.016 0.028 0.028 0.028 0.016 0.101 0.198 0.036 0.157 0.048 0.016 0.036 0.04 0.008 0.024 0.093
1 K 0.057 0.108 0.042 0.042 0.009 0.054 0.071 0.043 0.021 0.028 0.043 0.275 0.016 0.016 0.028 0.054 0.04 0.005 0.017 0.033
2 L 0.051 0.031 0.019 0.019 0.016 0.027 0.027 0.027 0.016 0.097 0.191 0.035 0.187 0.047 0.016 0.035 0.039 0.008 0.023 0.089
3 E 0.053 0.068 0.08 0.063 0.009 0.051 0.161 0.041 0.023 0.033 0.043 0.158 0.014 0.017 0.024 0.053 0.039 0.005 0.016 0.048
4 N 0.054 0.048 0.141 0.103 0.01 0.032 0.051 0.116 0.021 0.044 0.047 0.097 0.014 0.019 0.021 0.055 0.042 0.005 0.015 0.065
5 K 0.089 0.118 0.034 0.034 0.011 0.042 0.055 0.042 0.018 0.066 0.062 0.194 0.018 0.02 0.024 0.051 0.04 0.005 0.017 0.057
6 I 0.049 0.035 0.068 0.032 0.012 0.022 0.03 0.102 0.015 0.13 0.106 0.067 0.024 0.095 0.017 0.038 0.036 0.007 0.029 0.087
7 L 0.054 0.048 0.027 0.028 0.012 0.076 0.049 0.031 0.019 0.104 0.159 0.086 0.029 0.044 0.019 0.038 0.037 0.008 0.05 0.082
8 L 0.053 0.042 0.028 0.048 0.012 0.044 0.132 0.029 0.017 0.076 0.17 0.072 0.028 0.031 0.02 0.04 0.037 0.006 0.019 0.095
9 K 0.057 0.066 0.034 0.031 0.013 0.036 0.046 0.036 0.016 0.063 0.145 0.148 0.056 0.03 0.022 0.05 0.063 0.006 0.019 0.063
10 V 0.123 0.024 0.019 0.022 0.017 0.019 0.028 0.039 0.011 0.121 0.138 0.032 0.027 0.032 0.089 0.045 0.046 0.005 0.018 0.145
11 K 0.071 0.075 0.042 0.04 0.012 0.041 0.057 0.047 0.019 0.047 0.056 0.188 0.017 0.028 0.026 0.113 0.052 0.005 0.019 0.045
12 A 0.132 0.027 0.022 0.027 0.016 0.02 0.033 0.077 0.013 0.114 0.102 0.042 0.034 0.08 0.02 0.048 0.042 0.007 0.027 0.117
13 L 0.05 0.022 0.016 0.017 0.015 0.016 0.021 0.031 0.011 0.126 0.207 0.025 0.055 0.119 0.014 0.028 0.037 0.008 0.034 0.148
14 Y 0.039 0.027 0.021 0.018 0.009 0.021 0.027 0.024 0.045 0.042 0.066 0.03 0.018 0.127 0.015 0.03 0.027 0.027 0.339 0.045
15 F 0.036 0.02 0.015 0.016 0.012 0.012 0.019 0.023 0.014 0.078 0.205 0.02 0.032 0.288 0.011 0.024 0.027 0.013 0.065 0.067
16 L 0.051 0.029 0.019 0.02 0.016 0.025 0.026 0.027 0.015 0.123 0.198 0.033 0.147 0.047 0.016 0.034 0.043 0.008 0.023 0.101
17 V 0.107 0.024 0.022 0.023 0.017 0.019 0.027 0.068 0.011 0.127 0.144 0.031 0.028 0.033 0.019 0.048 0.073 0.006 0.019 0.155
18 L 0.058 0.024 0.02 0.02 0.017 0.018 0.024 0.027 0.01 0.138 0.245 0.028 0.037 0.045 0.016 0.055 0.043 0.006 0.021 0.147
19 A 0.25 0.031 0.028 0.03 0.02 0.026 0.039 0.068 0.015 0.047 0.073 0.043 0.039 0.024 0.027 0.098 0.051 0.006 0.018 0.066
20 V 0.097 0.024 0.022 0.023 0.018 0.019 0.027 0.034 0.01 0.147 0.111 0.031 0.027 0.032 0.02 0.05 0.094 0.005 0.019 0.19
21 L 0.071 0.027 0.022 0.024 0.014 0.022 0.028 0.098 0.013 0.066 0.155 0.035 0.08 0.033 0.148 0.04 0.036 0.006 0.018 0.064
22 L 0.052 0.03 0.022 0.021 0.016 0.026 0.028 0.028 0.015 0.093 0.2 0.035 0.15 0.044 0.017 0.04 0.067 0.007 0.022 0.087
23 Y 0.038 0.025 0.02 0.018 0.009 0.018 0.025 0.024 0.038 0.047 0.077 0.027 0.02 0.197 0.014 0.029 0.026 0.024 0.277 0.047
24 Y 0.041 0.024 0.019 0.017 0.071 0.018 0.024 0.025 0.035 0.046 0.074 0.027 0.019 0.168 0.014 0.03 0.028 0.022 0.25 0.048
25 L 0.047 0.023 0.02 0.019 0.014 0.016 0.023 0.028 0.013 0.082 0.245 0.026 0.035 0.182 0.014 0.052 0.035 0.01 0.045 0.071
26 L 0.044 0.034 0.022 0.022 0.012 0.06 0.037 0.026 0.026 0.072 0.181 0.038 0.05 0.107 0.016 0.033 0.032 0.013 0.11 0.065
27 K 0.065 0.071 0.042 0.039 0.013 0.04 0.055 0.043 0.017 0.04 0.054 0.163 0.018 0.02 0.028 0.073 0.144 0.006 0.018 0.052
28 F 0.034 0.019 0.017 0.017 0.011 0.011 0.019 0.025 0.017 0.063 0.114 0.019 0.025 0.389 0.011 0.025 0.025 0.017 0.089 0.055
29 P 0.056 0.038 0.032 0.06 0.009 0.042 0.167 0.036 0.019 0.024 0.036 0.058 0.012 0.015 0.26 0.049 0.036 0.004 0.015 0.031
30 D 0.047 0.037 0.144 0.2 0.009 0.034 0.099 0.049 0.022 0.027 0.036 0.05 0.012 0.017 0.022 0.063 0.08 0.004 0.014 0.033
31 G 0.072 0.036 0.039 0.054 0.012 0.039 0.139 0.162 0.018 0.041 0.047 0.051 0.015 0.019 0.023 0.088 0.058 0.005 0.015 0.066
32 G 0.062 0.027 0.031 0.027 0.011 0.021 0.029 0.218 0.028 0.035 0.05 0.034 0.015 0.068 0.018 0.065 0.038 0.015 0.163 0.044
33 I 0.047 0.018 0.015 0.017 0.015 0.013 0.018 0.021 0.009 0.249 0.151 0.023 0.034 0.087 0.014 0.025 0.038 0.007 0.028 0.171
34 D 0.064 0.042 0.061 0.166 0.012 0.032 0.06 0.048 0.018 0.04 0.077 0.077 0.037 0.023 0.023 0.109 0.05 0.005 0.016 0.042
35 I 0.053 0.019 0.015 0.017 0.016 0.014 0.02 0.022 0.009 0.201 0.156 0.023 0.033 0.086 0.014 0.027 0.04 0.007 0.028 0.2
36 G 0.076 0.022 0.038 0.033 0.01 0.018 0.025 0.527 0.013 0.018 0.027 0.033 0.009 0.016 0.018 0.05 0.029 0.005 0.01 0.023
37 G 0.069 0.04 0.042 0.072 0.01 0.027 0.041 0.375 0.015 0.021 0.031 0.085 0.01 0.016 0.021 0.051 0.032 0.005 0.012 0.026
38 L 0.044 0.021 0.015 0.016 0.014 0.015 0.02 0.022 0.014 0.159 0.226 0.024 0.036 0.102 0.014 0.025 0.034 0.01 0.069 0.121
39 H 0.051 0.039 0.041 0.04 0.009 0.046 0.078 0.096 0.161 0.03 0.046 0.046 0.015 0.053 0.02 0.048 0.059 0.009 0.077 0.034
40 I 0.046 0.019 0.015 0.017 0.015 0.013 0.019 0.022 0.011 0.18 0.152 0.022 0.032 0.155 0.013 0.026 0.036 0.009 0.041 0.157
41 L 0.063 0.031 0.031 0.028 0.016 0.025 0.032 0.036 0.014 0.075 0.175 0.038 0.068 0.036 0.021 0.079 0.13 0.006 0.02 0.076
42 Y 0.039 0.025 0.019 0.017 0.01 0.019 0.025 0.024 0.036 0.054 0.115 0.027 0.023 0.164 0.014 0.028 0.027 0.023 0.258 0.052
43 C 0.051 0.159 0.027 0.024 0.193 0.03 0.036 0.032 0.016 0.036 0.059 0.091 0.016 0.066 0.018 0.04 0.034 0.006 0.024 0.042
44 Y 0.04 0.036 0.072 0.033 0.008 0.028 0.039 0.034 0.168 0.032 0.051 0.038 0.016 0.076 0.017 0.039 0.029 0.017 0.193 0.034
45 L 0.147 0.024 0.019 0.022 0.017 0.019 0.028 0.043 0.011 0.121 0.166 0.033 0.028 0.033 0.082 0.048 0.04 0.005 0.018 0.095
46 F 0.111 0.022 0.019 0.021 0.075 0.016 0.025 0.039 0.013 0.057 0.122 0.028 0.023 0.164 0.079 0.043 0.034 0.009 0.041 0.059
47 A 0.207 0.028 0.029 0.03 0.017 0.023 0.035 0.181 0.014 0.034 0.047 0.04 0.014 0.019 0.086 0.069 0.056 0.005 0.015 0.051
48 L 0.044 0.021 0.014 0.016 0.016 0.014 0.018 0.02 0.009 0.192 0.294 0.024 0.043 0.048 0.014 0.024 0.035 0.006 0.021 0.127
49 V 0.109 0.023 0.022 0.023 0.016 0.018 0.027 0.129 0.011 0.097 0.121 0.031 0.024 0.029 0.08 0.044 0.04 0.005 0.017 0.132
50 L 0.043 0.02 0.014 0.016 0.015 0.014 0.018 0.021 0.01 0.176 0.271 0.023 0.04 0.093 0.013 0.024 0.034 0.008 0.029 0.118
51 V 0.057 0.019 0.016 0.017 0.015 0.013 0.02 0.025 0.011 0.156 0.128 0.023 0.029 0.166 0.014 0.029 0.037 0.009 0.043 0.173
52 L 0.06 0.021 0.021 0.02 0.014 0.015 0.022 0.143 0.012 0.083 0.164 0.025 0.028 0.14 0.015 0.033 0.033 0.009 0.037 0.105
53 L 0.065 0.029 0.029 0.027 0.015 0.021 0.031 0.037 0.014 0.074 0.227 0.034 0.033 0.085 0.019 0.107 0.049 0.007 0.028 0.068
54 A 0.254 0.03 0.029 0.03 0.019 0.024 0.037 0.128 0.014 0.04 0.054 0.042 0.016 0.02 0.027 0.079 0.074 0.005 0.016 0.061
55 L 0.088 0.024 0.023 0.022 0.076 0.017 0.026 0.036 0.013 0.072 0.134 0.029 0.025 0.132 0.018 0.049 0.087 0.008 0.036 0.083
56 L 0.05 0.021 0.018 0.018 0.021 0.015 0.02 0.085 0.01 0.145 0.212 0.024 0.034 0.089 0.014 0.028 0.035 0.007 0.028 0.126
57 L 0.099 0.029 0.066 0.034 0.019 0.023 0.033 0.045 0.015 0.114 0.143 0.037 0.029 0.038 0.02 0.094 0.05 0.006 0.019 0.088
58 F 0.033 0.019 0.016 0.016 0.011 0.011 0.018 0.024 0.016 0.064 0.128 0.019 0.026 0.385 0.01 0.024 0.025 0.016 0.082 0.056
59 L 0.045 0.024 0.016 0.016 0.016 0.016 0.021 0.022 0.01 0.119 0.361 0.026 0.045 0.05 0.015 0.028 0.048 0.007 0.021 0.096
60 V 0.065 0.023 0.018 0.018 0.014 0.017 0.024 0.027 0.022 0.117 0.104 0.027 0.025 0.119 0.015 0.032 0.036 0.014 0.14 0.143
61 K 0.059 0.132 0.079 0.046 0.01 0.043 0.056 0.045 0.021 0.029 0.043 0.168 0.015 0.017 0.024 0.081 0.073 0.005 0.017 0.036
62 P 0.056 0.024 0.022 0.028 0.011 0.019 0.033 0.034 0.012 0.042 0.046 0.038 0.013 0.015 0.449 0.041 0.037 0.003 0.013 0.063
63 N 0.044 0.085 0.166 0.143 0.008 0.063 0.097 0.049 0.026 0.022 0.034 0.067 0.012 0.016 0.021 0.057 0.04 0.005 0.015 0.028
64 I 0.052 0.02 0.016 0.018 0.016 0.015 0.021 0.023 0.009 0.204 0.166 0.026 0.033 0.038 0.077 0.028 0.04 0.005 0.019 0.175
65 G 0.135 0.034 0.033 0.052 0.012 0.037 0.141 0.17 0.018 0.027 0.04 0.051 0.013 0.017 0.061 0.061 0.038 0.005 0.015 0.039
66 R 0.043 0.327 0.075 0.036 0.008 0.045 0.05 0.036 0.024 0.022 0.043 0.108 0.014 0.017 0.019 0.046 0.035 0.005 0.017 0.029
67 G 0.063 0.025 0.028 0.026 0.013 0.021 0.025 0.277 0.014 0.059 0.1 0.032 0.079 0.053 0.017 0.041 0.033 0.007 0.021 0.067
68 L 0.053 0.021 0.016 0.017 0.015 0.015 0.02 0.024 0.011 0.156 0.188 0.024 0.043 0.124 0.014 0.029 0.04 0.008 0.035 0.147
69 L 0.06 0.043 0.031 0.03 0.015 0.052 0.043 0.034 0.015 0.073 0.167 0.074 0.029 0.031 0.021 0.059 0.113 0.006 0.019 0.084
70 V 0.166 0.026 0.02 0.022 0.019 0.02 0.03 0.046 0.011 0.102 0.129 0.033 0.027 0.031 0.021 0.056 0.048 0.005 0.019 0.169
71 L 0.05 0.021 0.018 0.018 0.014 0.014 0.021 0.086 0.012 0.096 0.182 0.024 0.031 0.164 0.014 0.029 0.033 0.009 0.042 0.123
72 K 0.053 0.171 0.039 0.037 0.012 0.05 0.063 0.043 0.021 0.026 0.043 0.246 0.015 0.016 0.024 0.052 0.038 0.005 0.017 0.031
73 D 0.048 0.031 0.04 0.152 0.009 0.027 0.053 0.038 0.073 0.039 0.064 0.038 0.036 0.063 0.018 0.043 0.032 0.013 0.142 0.041
74 A 0.19 0.031 0.032 0.032 0.018 0.026 0.038 0.121 0.015 0.044 0.068 0.042 0.037 0.023 0.026 0.104 0.071 0.006 0.017 0.059
75 L 0.074 0.021 0.021 0.02 0.166 0.015 0.021 0.154 0.01 0.061 0.167 0.026 0.025 0.043 0.016 0.039 0.033 0.006 0.018 0.062
76 I 0.055 0.019 0.018 0.019 0.016 0.014 0.02 0.084 0.009 0.223 0.135 0.025 0.031 0.037 0.015 0.029 0.04 0.009 0.019 0.184
77 L 0.043 0.031 0.02 0.02 0.012 0.046 0.032 0.024 0.025 0.075 0.229 0.035 0.033 0.076 0.015 0.03 0.031 0.014 0.141 0.068
78 S 0.146 0.034 0.039 0.037 0.028 0.028 0.042 0.058 0.016 0.056 0.065 0.045 0.028 0.024 0.026 0.154 0.09 0.005 0.017 0.062
79 L 0.047 0.02 0.016 0.017 0.015 0.014 0.02 0.023 0.011 0.162 0.203 0.023 0.035 0.135 0.014 0.028 0.04 0.009 0.037 0.133
80 P 0.053 0.025 0.021 0.028 0.011 0.019 0.033 0.033 0.012 0.036 0.08 0.038 0.015 0.018 0.449 0.04 0.035 0.003 0.014 0.038
81 L 0.042 0.024 0.017 0.016 0.043 0.017 0.022 0.023 0.023 0.078 0.234 0.026 0.033 0.101 0.014 0.027 0.03 0.015 0.145 0.07
82 L 0.052 0.022 0.015 0.016 0.015 0.015 0.02 0.024 0.011 0.128 0.234 0.024 0.046 0.136 0.014 0.027 0.034 0.009 0.037 0.119
83 I 0.052 0.02 0.015 0.017 0.016 0.014 0.02 0.022 0.009 0.194 0.172 0.023 0.034 0.087 0.014 0.027 0.039 0.007 0.028 0.191
84 T 0.08 0.034 0.042 0.038 0.016 0.027 0.041 0.048 0.015 0.055 0.057 0.045 0.017 0.022 0.087 0.138 0.155 0.005 0.017 0.06
85 V 0.058 0.025 0.023 0.022 0.016 0.019 0.026 0.028 0.011 0.142 0.143 0.03 0.049 0.059 0.018 0.045 0.103 0.007 0.024 0.152
86 L 0.052 0.021 0.017 0.018 0.015 0.015 0.021 0.024 0.011 0.136 0.177 0.024 0.033 0.137 0.015 0.031 0.053 0.009 0.037 0.152
87 V 0.051 0.021 0.016 0.017 0.014 0.015 0.022 0.025 0.016 0.119 0.109 0.024 0.026 0.143 0.013 0.028 0.035 0.074 0.082 0.151
88 S 0.106 0.039 0.052 0.047 0.017 0.032 0.051 0.064 0.019 0.029 0.04 0.052 0.015 0.02 0.029 0.246 0.079 0.005 0.017 0.04
89 L 0.064 0.026 0.018 0.019 0.015 0.019 0.024 0.028 0.012 0.094 0.277 0.029 0.067 0.092 0.016 0.043 0.037 0.008 0.029 0.083
90 F 0.058 0.021 0.016 0.018 0.014 0.015 0.021 0.026 0.013 0.144 0.169 0.024 0.051 0.18 0.014 0.029 0.033 0.01 0.045 0.1
91 I 0.054 0.019 0.015 0.017 0.017 0.014 0.019 0.021 0.008 0.243 0.148 0.024 0.034 0.04 0.015 0.027 0.042 0.006 0.02 0.218
92 W 0.029 0.022 0.015 0.015 0.007 0.015 0.022 0.029 0.015 0.029 0.051 0.022 0.015 0.059 0.007 0.022 0.022 0.51 0.066 0.029
93 F 0.049 0.02 0.016 0.017 0.015 0.013 0.02 0.023 0.011 0.134 0.158 0.022 0.031 0.178 0.013 0.027 0.036 0.01 0.045 0.163
94 L 0.09 0.025 0.019 0.02 0.017 0.02 0.026 0.033 0.011 0.129 0.196 0.031 0.064 0.04 0.018 0.049 0.043 0.006 0.02 0.142
95 D 0.058 0.036 0.125 0.152 0.01 0.034 0.099 0.14 0.021 0.023 0.032 0.049 0.011 0.017 0.022 0.08 0.044 0.005 0.014 0.03
96 L 0.051 0.052 0.027 0.025 0.013 0.03 0.031 0.062 0.015 0.061 0.129 0.04 0.054 0.082 0.017 0.048 0.096 0.071 0.033 0.062
97 A 0.149 0.032 0.035 0.034 0.018 0.026 0.04 0.055 0.014 0.065 0.067 0.043 0.02 0.024 0.026 0.133 0.088 0.005 0.018 0.109
98 D 0.078 0.076 0.051 0.238 0.009 0.039 0.135 0.044 0.02 0.024 0.035 0.06 0.012 0.016 0.023 0.054 0.036 0.004 0.014 0.031
99 P 0.061 0.024 0.024 0.025 0.014 0.018 0.028 0.062 0.012 0.1 0.086 0.032 0.022 0.073 0.141 0.054 0.069 0.006 0.025 0.121
100 G 0.111 0.114 0.072 0.037 0.013 0.03 0.042 0.169 0.018 0.044 0.05 0.059 0.015 0.02 0.021 0.063 0.054 0.005 0.015 0.047
101 V 0.096 0.022 0.017 0.019 0.018 0.017 0.024 0.03 0.009 0.162 0.122 0.027 0.029 0.034 0.017 0.037 0.047 0.005 0.02 0.249
102 I 0.048 0.021 0.016 0.018 0.016 0.017 0.02 0.022 0.01 0.237 0.167 0.026 0.074 0.043 0.015 0.027 0.039 0.006 0.021 0.158
103 V 0.079 0.072 0.035 0.032 0.016 0.027 0.038 0.042 0.014 0.086 0.096 0.048 0.023 0.03 0.022 0.116 0.083 0.005 0.019 0.118
104 R 0.043 0.327 0.075 0.036 0.008 0.045 0.05 0.036 0.024 0.022 0.043 0.108 0.014 0.017 0.019 0.046 0.035 0.005 0.017 0.029
105 G 0.076 0.022 0.038 0.033 0.01 0.018 0.025 0.527 0.013 0.018 0.027 0.033 0.009 0.016 0.018 0.05 0.029 0.005 0.01 0.023
106 L 0.047 0.021 0.015 0.016 0.015 0.014 0.019 0.022 0.01 0.148 0.264 0.023 0.039 0.094 0.014 0.025 0.035 0.008 0.029 0.14
107 F 0.068 0.028 0.033 0.031 0.013 0.02 0.033 0.073 0.017 0.044 0.075 0.034 0.019 0.214 0.019 0.123 0.049 0.011 0.051 0.046
108 S 0.109 0.038 0.051 0.046 0.017 0.031 0.049 0.107 0.018 0.028 0.04 0.051 0.015 0.02 0.028 0.213 0.075 0.005 0.017 0.04
109 S 0.117 0.038 0.05 0.046 0.017 0.032 0.05 0.064 0.018 0.034 0.05 0.052 0.016 0.021 0.029 0.217 0.077 0.005 0.017 0.048
110 F 0.04 0.022 0.017 0.017 0.012 0.015 0.022 0.025 0.018 0.075 0.127 0.024 0.045 0.215 0.012 0.027 0.03 0.076 0.095 0.086
111 V 0.121 0.023 0.018 0.022 0.017 0.018 0.026 0.037 0.01 0.157 0.109 0.031 0.026 0.031 0.08 0.043 0.043 0.005 0.018 0.165
112 V 0.077 0.026 0.023 0.022 0.015 0.02 0.029 0.032 0.024 0.092 0.089 0.032 0.023 0.066 0.018 0.061 0.044 0.013 0.14 0.155
113 Y 0.092 0.029 0.039 0.027 0.012 0.023 0.033 0.039 0.03 0.041 0.059 0.037 0.017 0.073 0.081 0.052 0.07 0.016 0.178 0.051
114 N 0.049 0.058 0.154 0.064 0.008 0.141 0.108 0.048 0.029 0.024 0.039 0.073 0.016 0.016 0.022 0.059 0.042 0.005 0.018 0.031
115 L 0.05 0.024 0.016 0.018 0.016 0.019 0.022 0.023 0.011 0.17 0.212 0.028 0.095 0.045 0.015 0.029 0.039 0.007 0.021 0.141
116 L 0.044 0.021 0.014 0.016 0.016 0.015 0.019 0.02 0.009 0.181 0.307 0.024 0.043 0.049 0.014 0.024 0.035 0.006 0.021 0.124
117 A 0.21 0.034 0.039 0.038 0.019 0.028 0.045 0.07 0.016 0.035 0.049 0.048 0.016 0.021 0.029 0.164 0.064 0.005 0.017 0.053
118 F 0.036 0.021 0.017 0.017 0.011 0.013 0.02 0.025 0.016 0.068 0.126 0.021 0.05 0.339 0.011 0.027 0.027 0.015 0.077 0.06
119 V 0.145 0.023 0.019 0.022 0.018 0.018 0.027 0.041 0.01 0.158 0.112 0.031 0.027 0.032 0.02 0.049 0.053 0.005 0.019 0.17
120 L 0.077 0.024 0.015 0.017 0.016 0.017 0.022 0.027 0.01 0.114 0.34 0.027 0.043 0.048 0.016 0.031 0.035 0.007 0.021 0.094
121 G 0.113 0.025 0.027 0.026 0.016 0.02 0.028 0.195 0.012 0.078 0.086 0.033 0.04 0.027 0.02 0.051 0.055 0.006 0.017 0.127
122 A 0.284 0.031 0.029 0.031 0.02 0.026 0.041 0.074 0.015 0.04 0.055 0.044 0.017 0.021 0.029 0.106 0.053 0.005 0.017 0.063
123 G 0.165 0.026 0.03 0.029 0.015 0.022 0.031 0.271 0.014 0.042 0.063 0.037 0.035 0.022 0.022 0.06 0.038 0.006 0.015 0.058
124 A 0.287 0.031 0.028 0.031 0.02 0.026 0.041 0.074 0.015 0.04 0.055 0.044 0.017 0.021 0.029 0.104 0.052 0.005 0.017 0.063
125 L 0.12 0.029 0.027 0.026 0.017 0.022 0.031 0.043 0.013 0.068 0.156 0.036 0.028 0.068 0.022 0.063 0.125 0.007 0.025 0.074
126 L 0.05 0.025 0.018 0.018 0.016 0.017 0.022 0.024 0.01 0.11 0.321 0.027 0.042 0.047 0.016 0.033 0.064 0.007 0.021 0.115
127 Y 0.039 0.027 0.021 0.018 0.009 0.021 0.027 0.024 0.045 0.042 0.066 0.03 0.018 0.126 0.015 0.03 0.027 0.027 0.341 0.045
128 L 0.048 0.02 0.014 0.016 0.077 0.014 0.019 0.022 0.009 0.161 0.264 0.023 0.039 0.044 0.014 0.026 0.036 0.006 0.02 0.128
129 F 0.033 0.018 0.016 0.016 0.01 0.01 0.018 0.025 0.016 0.061 0.11 0.018 0.025 0.408 0.01 0.025 0.025 0.016 0.086 0.053
130 G 0.076 0.022 0.038 0.033 0.01 0.018 0.025 0.527 0.013 0.018 0.027 0.033 0.009 0.016 0.018 0.05 0.029 0.005 0.01 0.023
131 E 0.054 0.076 0.046 0.067 0.008 0.057 0.207 0.038 0.023 0.024 0.038 0.162 0.013 0.016 0.025 0.055 0.037 0.005 0.016 0.031
132 K 0.052 0.165 0.044 0.038 0.008 0.05 0.064 0.04 0.021 0.026 0.042 0.255 0.015 0.015 0.025 0.05 0.037 0.005 0.017 0.031
133 G 0.12 0.024 0.035 0.032 0.012 0.019 0.027 0.442 0.013 0.023 0.033 0.035 0.011 0.017 0.02 0.056 0.032 0.005 0.012 0.032
134 I 0.054 0.019 0.015 0.017 0.017 0.014 0.019 0.021 0.008 0.242 0.148 0.024 0.034 0.039 0.015 0.027 0.042 0.006 0.02 0.219
135 W 0.034 0.023 0.016 0.016 0.009 0.016 0.022 0.026 0.022 0.047 0.106 0.024 0.021 0.119 0.01 0.025 0.025 0.261 0.133 0.044
136 Y 0.041 0.027 0.02 0.018 0.011 0.021 0.026 0.024 0.037 0.058 0.123 0.03 0.043 0.107 0.015 0.03 0.029 0.022 0.261 0.057
137 N 0.047 0.045 0.191 0.106 0.07 0.082 0.062 0.051 0.026 0.025 0.038 0.056 0.013 0.016 0.02 0.058 0.043 0.005 0.015 0.031
138 L 0.043 0.024 0.015 0.015 0.015 0.016 0.02 0.022 0.011 0.103 0.335 0.025 0.063 0.096 0.014 0.025 0.032 0.008 0.03 0.088
139 G 0.112 0.024 0.027 0.027 0.016 0.019 0.028 0.162 0.012 0.12 0.086 0.033 0.022 0.027 0.021 0.055 0.082 0.005 0.016 0.105
140 A 0.314 0.03 0.025 0.029 0.021 0.025 0.039 0.076 0.014 0.042 0.057 0.043 0.017 0.021 0.029 0.082 0.048 0.005 0.017 0.066
141 L 0.047 0.024 0.016 0.017 0.016 0.019 0.021 0.023 0.011 0.175 0.231 0.028 0.096 0.047 0.015 0.028 0.037 0.007 0.022 0.121
142 L 0.087 0.025 0.02 0.021 0.077 0.018 0.025 0.034 0.011 0.084 0.268 0.03 0.036 0.041 0.018 0.061 0.041 0.006 0.019 0.078
143 L 0.116 0.023 0.019 0.021 0.017 0.017 0.025 0.036 0.011 0.168 0.187 0.03 0.033 0.038 0.019 0.043 0.054 0.006 0.019 0.119
144 A 0.275 0.031 0.028 0.03 0.02 0.025 0.039 0.071 0.014 0.042 0.057 0.043 0.017 0.021 0.028 0.09 0.077 0.005 0.017 0.066
145 N 0.04 0.036 0.22 0.057 0.009 0.027 0.039 0.048 0.032 0.032 0.049 0.042 0.014 0.093 0.017 0.053 0.04 0.012 0.105 0.034
146 L 0.066 0.023 0.02 0.021 0.016 0.017 0.023 0.028 0.011 0.169 0.197 0.028 0.034 0.063 0.017 0.04 0.08 0.007 0.024 0.117
147 L 0.047 0.024 0.015 0.017 0.016 0.018 0.021 0.022 0.011 0.157 0.267 0.027 0.079 0.05 0.014 0.027 0.036 0.007 0.022 0.124
148 L 0.091 0.027 0.025 0.024 0.016 0.022 0.029 0.067 0.014 0.094 0.118 0.034 0.072 0.08 0.019 0.059 0.07 0.007 0.028 0.104
149 I 0.082 0.021 0.017 0.019 0.016 0.016 0.022 0.029 0.011 0.18 0.144 0.027 0.05 0.085 0.016 0.034 0.04 0.007 0.028 0.154
150 L 0.07 0.021 0.016 0.017 0.023 0.015 0.021 0.026 0.01 0.147 0.205 0.025 0.035 0.09 0.015 0.031 0.038 0.007 0.029 0.158
151 T 0.079 0.074 0.035 0.039 0.013 0.031 0.072 0.1 0.016 0.043 0.053 0.053 0.016 0.02 0.084 0.064 0.125 0.005 0.016 0.062
152 V 0.089 0.022 0.016 0.018 0.018 0.017 0.023 0.029 0.009 0.152 0.19 0.027 0.034 0.039 0.017 0.035 0.043 0.006 0.02 0.197
153 I 0.082 0.019 0.016 0.019 0.017 0.015 0.021 0.027 0.009 0.245 0.145 0.026 0.034 0.039 0.016 0.032 0.041 0.006 0.02 0.172
154 A 0.126 0.116 0.03 0.029 0.014 0.042 0.042 0.046 0.017 0.052 0.108 0.06 0.023 0.028 0.021 0.076 0.044 0.037 0.021 0.068
155 E 0.058 0.053 0.081 0.062 0.009 0.114 0.156 0.043 0.027 0.025 0.041 0.07 0.016 0.023 0.023 0.078 0.044 0.007 0.038 0.033
156 G 0.058 0.031 0.145 0.048 0.01 0.024 0.034 0.29 0.026 0.023 0.034 0.039 0.011 0.031 0.018 0.053 0.035 0.008 0.056 0.027
157 G 0.076 0.022 0.038 0.033 0.01 0.018 0.025 0.527 0.013 0.018 0.027 0.033 0.009 0.016 0.018 0.05 0.029 0.005 0.01 0.023
158 L 0.098 0.023 0.017 0.019 0.017 0.018 0.024 0.032 0.011 0.145 0.195 0.029 0.053 0.063 0.017 0.037 0.039 0.007 0.024 0.132
159 G 0.173 0.028 0.052 0.035 0.015 0.023 0.036 0.277 0.015 0.03 0.041 0.04 0.013 0.018 0.023 0.076 0.041 0.005 0.014 0.044
160 A 0.143 0.063 0.083 0.054 0.013 0.039 0.114 0.055 0.02 0.034 0.047 0.073 0.015 0.019 0.025 0.076 0.059 0.005 0.016 0.048
161 F 0.034 0.021 0.018 0.017 0.01 0.013 0.021 0.024 0.024 0.056 0.099 0.021 0.023 0.337 0.011 0.026 0.025 0.019 0.15 0.051
162 L 0.044 0.02 0.015 0.016 0.014 0.013 0.019 0.023 0.012 0.127 0.194 0.022 0.033 0.193 0.013 0.026 0.033 0.01 0.047 0.126
163 S 0.071 0.124 0.081 0.051 0.011 0.052 0.085 0.079 0.022 0.025 0.039 0.072 0.014 0.018 0.024 0.125 0.053 0.005 0.016 0.033
164 E 0.052 0.051 0.043 0.118 0.008 0.103 0.236 0.037 0.025 0.022 0.037 0.073 0.014 0.015 0.024 0.053 0.036 0.005 0.016 0.03
165 F 0.035 0.021 0.017 0.017 0.01 0.013 0.021 0.024 0.023 0.06 0.121 0.022 0.025 0.31 0.012 0.026 0.026 0.018 0.145 0.054
166 I 0.051 0.019 0.015 0.017 0.046 0.014 0.019 0.022 0.011 0.233 0.142 0.024 0.032 0.045 0.015 0.027 0.04 0.007 0.039 0.184
167 T 0.063 0.084 0.078 0.048 0.013 0.061 0.084 0.042 0.02 0.037 0.051 0.065 0.017 0.019 0.024 0.072 0.151 0.005 0.017 0.049
168 L 0.046 0.023 0.014 0.015 0.016 0.016 0.02 0.021 0.01 0.117 0.363 0.025 0.046 0.051 0.014 0.025 0.034 0.007 0.021 0.118
169 L 0.05 0.023 0.016 0.017 0.016 0.018 0.021 0.023 0.01 0.185 0.212 0.027 0.076 0.044 0.015 0.028 0.039 0.006 0.021 0.155
170 L 0.087 0.027 0.021 0.021 0.017 0.021 0.027 0.033 0.012 0.115 0.191 0.034 0.063 0.039 0.018 0.045 0.074 0.006 0.02 0.13
171 T 0.08 0.035 0.045 0.039 0.017 0.028 0.041 0.048 0.015 0.046 0.057 0.046 0.018 0.022 0.027 0.13 0.222 0.006 0.017 0.061
172 F 0.041 0.029 0.022 0.021 0.01 0.016 0.025 0.089 0.016 0.052 0.091 0.056 0.021 0.31 0.013 0.031 0.027 0.014 0.068 0.047
173 A 0.206 0.032 0.037 0.036 0.018 0.027 0.042 0.128 0.016 0.034 0.047 0.045 0.015 0.02 0.027 0.14 0.057 0.005 0.016 0.051
174 G 0.13 0.026 0.036 0.091 0.013 0.022 0.04 0.261 0.014 0.037 0.082 0.036 0.016 0.022 0.021 0.055 0.035 0.005 0.014 0.044
175 E 0.059 0.041 0.031 0.055 0.012 0.067 0.179 0.031 0.019 0.074 0.071 0.057 0.02 0.023 0.021 0.045 0.041 0.005 0.018 0.131
176 T 0.071 0.034 0.042 0.036 0.017 0.027 0.038 0.042 0.013 0.051 0.063 0.044 0.019 0.023 0.027 0.09 0.272 0.006 0.017 0.069
177 G 0.076 0.022 0.038 0.033 0.01 0.018 0.025 0.527 0.013 0.018 0.027 0.033 0.009 0.016 0.018 0.05 0.029 0.005 0.01 0.023
178 D 0.047 0.028 0.041 0.193 0.07 0.026 0.078 0.037 0.019 0.028 0.039 0.04 0.011 0.029 0.143 0.045 0.034 0.006 0.053 0.032
179 L 0.046 0.022 0.015 0.016 0.015 0.016 0.02 0.022 0.011 0.158 0.243 0.025 0.057 0.092 0.014 0.026 0.035 0.008 0.029 0.129
180 I 0.048 0.025 0.017 0.018 0.016 0.021 0.023 0.024 0.013 0.182 0.179 0.03 0.122 0.045 0.015 0.03 0.039 0.007 0.022 0.124
181 V 0.063 0.029 0.025 0.025 0.016 0.045 0.033 0.09 0.012 0.127 0.118 0.036 0.027 0.03 0.018 0.042 0.07 0.006 0.018 0.17
182 Q 0.052 0.091 0.041 0.085 0.01 0.135 0.074 0.037 0.022 0.062 0.06 0.072 0.02 0.019 0.022 0.053 0.067 0.005 0.018 0.054
183 L 0.147 0.026 0.019 0.022 0.018 0.021 0.028 0.043 0.013 0.128 0.159 0.034 0.068 0.037 0.02 0.048 0.041 0.006 0.02 0.102
184 E 0.053 0.048 0.039 0.087 0.007 0.062 0.32 0.034 0.025 0.021 0.036 0.073 0.012 0.016 0.025 0.053 0.036 0.005 0.016 0.03
185 I 0.054 0.11 0.066 0.032 0.012 0.026 0.033 0.095 0.016 0.131 0.089 0.053 0.022 0.028 0.018 0.052 0.04 0.005 0.017 0.1
186 H 0.083 0.035 0.038 0.031 0.013 0.028 0.04 0.039 0.194 0.08 0.07 0.039 0.02 0.03 0.02 0.049 0.064 0.006 0.037 0.086
187 E 0.092 0.038 0.08 0.109 0.011 0.04 0.151 0.109 0.021 0.025 0.036 0.055 0.012 0.017 0.024 0.082 0.043 0.005 0.015 0.034
188 L 0.041 0.023 0.015 0.015 0.014 0.015 0.02 0.021 0.015 0.108 0.305 0.024 0.04 0.106 0.013 0.024 0.031 0.01 0.069 0.087
189 A 0.221 0.036 0.031 0.033 0.018 0.052 0.046 0.063 0.016 0.042 0.057 0.049 0.018 0.021 0.027 0.08 0.103 0.005 0.017 0.063
190 F 0.035 0.026 0.026 0.022 0.009 0.018 0.028 0.028 0.11 0.049 0.086 0.026 0.021 0.278 0.013 0.029 0.025 0.015 0.11 0.044
191 C 0.108 0.025 0.032 0.029 0.197 0.02 0.03 0.169 0.013 0.033 0.048 0.034 0.014 0.019 0.021 0.099 0.046 0.005 0.013 0.045
192 L 0.042 0.022 0.015 0.016 0.014 0.015 0.02 0.022 0.012 0.121 0.268 0.024 0.058 0.139 0.013 0.025 0.032 0.009 0.038 0.093
193 G 0.105 0.023 0.036 0.032 0.012 0.019 0.027 0.47 0.013 0.021 0.031 0.034 0.01 0.016 0.02 0.054 0.031 0.005 0.011 0.029
194 A 0.184 0.027 0.024 0.027 0.018 0.022 0.033 0.052 0.013 0.081 0.111 0.038 0.023 0.027 0.085 0.064 0.071 0.005 0.017 0.079
195 Y 0.037 0.024 0.019 0.017 0.009 0.017 0.024 0.024 0.034 0.049 0.083 0.026 0.02 0.232 0.013 0.028 0.026 0.023 0.245 0.048
196 L 0.043 0.02 0.014 0.016 0.015 0.014 0.018 0.021 0.01 0.174 0.273 0.023 0.04 0.093 0.013 0.024 0.034 0.008 0.029 0.117
197 I 0.052 0.02 0.017 0.018 0.016 0.015 0.02 0.023 0.01 0.197 0.153 0.024 0.032 0.085 0.015 0.031 0.054 0.007 0.028 0.183
198 Y 0.038 0.026 0.02 0.018 0.009 0.02 0.026 0.024 0.041 0.045 0.072 0.029 0.019 0.163 0.014 0.029 0.027 0.026 0.307 0.046
199 L 0.043 0.025 0.017 0.017 0.014 0.019 0.022 0.024 0.014 0.094 0.248 0.027 0.095 0.139 0.014 0.028 0.033 0.01 0.038 0.082
200 L 0.049 0.022 0.014 0.016 0.016 0.015 0.02 0.021 0.009 0.146 0.292 0.024 0.041 0.054 0.014 0.026 0.037 0.007 0.022 0.153
201 L 0.044 0.024 0.016 0.016 0.014 0.017 0.022 0.022 0.019 0.096 0.254 0.025 0.036 0.101 0.014 0.026 0.032 0.013 0.107 0.102
202 K 0.065 0.064 0.08 0.044 0.013 0.037 0.052 0.047 0.019 0.036 0.048 0.142 0.016 0.019 0.026 0.092 0.132 0.005 0.017 0.046
203 P 0.083 0.047 0.021 0.024 0.012 0.022 0.031 0.036 0.014 0.053 0.072 0.039 0.037 0.029 0.202 0.041 0.036 0.099 0.026 0.075
204 K 0.055 0.087 0.078 0.045 0.009 0.047 0.062 0.044 0.021 0.029 0.043 0.237 0.015 0.016 0.026 0.058 0.069 0.005 0.017 0.036
205 K 0.088 0.062 0.057 0.052 0.01 0.044 0.12 0.105 0.043 0.026 0.042 0.145 0.014 0.017 0.024 0.056 0.037 0.005 0.018 0.034
206 N 0.07 0.08 0.203 0.075 0.011 0.032 0.048 0.057 0.025 0.041 0.044 0.057 0.014 0.019 0.021 0.092 0.05 0.005 0.016 0.04
207 K 0.058 0.062 0.03 0.031 0.012 0.034 0.046 0.035 0.015 0.123 0.087 0.166 0.022 0.025 0.053 0.054 0.041 0.005 0.018 0.082
208 I 0.055 0.107 0.029 0.028 0.012 0.031 0.039 0.062 0.015 0.114 0.106 0.113 0.024 0.027 0.023 0.042 0.054 0.006 0.018 0.097
209 Y 0.045 0.08 0.067 0.032 0.009 0.028 0.038 0.035 0.031 0.038 0.062 0.077 0.017 0.125 0.018 0.052 0.035 0.016 0.156 0.04
210 F 0.043 0.029 0.063 0.029 0.011 0.021 0.03 0.032 0.066 0.059 0.152 0.031 0.026 0.158 0.015 0.046 0.033 0.012 0.09 0.054
211 W 0.039 0.02 0.015 0.016 0.012 0.014 0.02 0.025 0.012 0.152 0.11 0.023 0.026 0.052 0.011 0.024 0.031 0.25 0.044 0.103
212 L 0.045 0.019 0.018 0.018 0.013 0.013 0.019 0.085 0.012 0.152 0.173 0.023 0.031 0.155 0.013 0.027 0.032 0.009 0.04 0.102
213 L 0.075 0.024 0.016 0.017 0.014 0.017 0.023 0.029 0.015 0.107 0.24 0.027 0.035 0.057 0.015 0.032 0.033 0.072 0.066 0.085
214 L 0.043 0.023 0.015 0.016 0.015 0.016 0.02 0.022 0.011 0.126 0.303 0.025 0.063 0.095 0.014 0.025 0.033 0.008 0.03 0.097
215 L 0.107 0.023 0.018 0.019 0.016 0.017 0.024 0.051 0.011 0.116 0.215 0.028 0.033 0.075 0.017 0.04 0.038 0.007 0.026 0.115
216 L 0.045 0.023 0.014 0.015 0.016 0.015 0.019 0.021 0.009 0.137 0.35 0.024 0.045 0.05 0.014 0.024 0.034 0.007 0.021 0.115
217 P 0.057 0.026 0.023 0.031 0.01 0.021 0.036 0.036 0.013 0.026 0.036 0.041 0.01 0.013 0.492 0.044 0.036 0.003 0.013 0.031
218 A 0.17 0.034 0.055 0.038 0.021 0.027 0.042 0.061 0.016 0.046 0.058 0.045 0.017 0.022 0.027 0.128 0.099 0.005 0.017 0.071
219 L 0.066 0.024 0.018 0.019 0.015 0.017 0.023 0.028 0.011 0.117 0.274 0.027 0.041 0.093 0.016 0.044 0.038 0.008 0.029 0.093
220 F 0.059 0.021 0.017 0.019 0.013 0.014 0.022 0.028 0.013 0.077 0.153 0.025 0.027 0.221 0.075 0.031 0.032 0.011 0.052 0.089
221 C 0.052 0.017 0.016 0.016 0.257 0.012 0.018 0.028 0.011 0.064 0.089 0.02 0.021 0.167 0.014 0.033 0.033 0.009 0.041 0.084
222 F 0.042 0.021 0.021 0.02 0.011 0.013 0.022 0.029 0.017 0.057 0.102 0.023 0.023 0.359 0.013 0.052 0.031 0.015 0.077 0.052
223 L 0.061 0.023 0.015 0.016 0.016 0.015 0.021 0.025 0.011 0.116 0.305 0.025 0.042 0.093 0.014 0.028 0.034 0.008 0.029 0.105
224 S 0.104 0.03 0.034 0.032 0.017 0.024 0.036 0.046 0.013 0.108 0.084 0.039 0.023 0.028 0.023 0.124 0.091 0.005 0.018 0.119
225 G 0.173 0.029 0.037 0.035 0.016 0.024 0.037 0.242 0.015 0.03 0.042 0.041 0.014 0.019 0.025 0.111 0.049 0.005 0.014 0.044
226 F 0.036 0.019 0.016 0.016 0.012 0.012 0.018 0.023 0.014 0.101 0.176 0.02 0.031 0.288 0.011 0.024 0.028 0.013 0.064 0.076
227 K 0.055 0.103 0.04 0.04 0.008 0.052 0.068 0.042 0.02 0.027 0.042 0.303 0.015 0.015 0.027 0.052 0.038 0.005 0.017 0.032
228 R 0.043 0.367 0.037 0.03 0.008 0.047 0.051 0.032 0.023 0.023 0.045 0.116 0.015 0.017 0.019 0.043 0.034 0.006 0.017 0.03
229 I 0.068 0.025 0.028 0.028 0.016 0.02 0.03 0.036 0.012 0.196 0.117 0.034 0.028 0.034 0.02 0.107 0.054 0.005 0.019 0.122
230 A 0.273 0.029 0.024 0.027 0.02 0.023 0.036 0.088 0.013 0.055 0.065 0.04 0.018 0.022 0.027 0.074 0.047 0.005 0.017 0.093
231 L 0.049 0.021 0.015 0.016 0.016 0.015 0.019 0.021 0.009 0.194 0.244 0.024 0.045 0.045 0.014 0.026 0.038 0.006 0.021 0.162
232 L 0.052 0.022 0.019 0.021 0.016 0.017 0.023 0.025 0.01 0.167 0.188 0.028 0.033 0.038 0.078 0.035 0.067 0.006 0.019 0.137
233 A 0.229 0.029 0.031 0.032 0.018 0.024 0.037 0.187 0.015 0.034 0.048 0.042 0.015 0.019 0.026 0.095 0.047 0.005 0.015 0.052
234 L 0.115 0.022 0.017 0.019 0.017 0.017 0.024 0.035 0.01 0.168 0.19 0.029 0.033 0.039 0.018 0.039 0.041 0.006 0.02 0.141
235 A 0.147 0.026 0.026 0.026 0.018 0.021 0.031 0.107 0.012 0.086 0.099 0.035 0.023 0.027 0.022 0.076 0.048 0.005 0.018 0.146
236 L 0.05 0.02 0.015 0.016 0.016 0.014 0.019 0.022 0.01 0.178 0.205 0.023 0.036 0.088 0.014 0.026 0.038 0.007 0.029 0.173
237 A 0.195 0.03 0.034 0.033 0.017 0.024 0.037 0.183 0.014 0.035 0.048 0.042 0.015 0.02 0.026 0.098 0.076 0.005 0.015 0.052
238 L 0.078 0.023 0.016 0.017 0.076 0.016 0.021 0.029 0.011 0.088 0.275 0.025 0.038 0.089 0.015 0.033 0.034 0.007 0.028 0.08
239 V 0.108 0.026 0.021 0.022 0.018 0.02 0.028 0.039 0.011 0.111 0.132 0.032 0.047 0.041 0.019 0.048 0.073 0.006 0.021 0.177
240 L 0.108 0.022 0.017 0.019 0.015 0.016 0.024 0.036 0.013 0.101 0.181 0.027 0.03 0.167 0.016 0.039 0.034 0.01 0.042 0.083
241 G 0.085 0.025 0.034 0.03 0.011 0.02 0.028 0.341 0.021 0.027 0.04 0.034 0.012 0.044 0.019 0.059 0.033 0.011 0.094 0.033
242 L 0.043 0.024 0.019 0.018 0.012 0.018 0.024 0.026 0.023 0.089 0.159 0.027 0.027 0.097 0.014 0.04 0.032 0.098 0.139 0.07
243 L 0.046 0.021 0.015 0.016 0.016 0.015 0.019 0.025 0.01 0.149 0.285 0.024 0.041 0.077 0.017 0.025 0.035 0.007 0.026 0.131
244 L 0.05 0.023 0.017 0.017 0.015 0.016 0.021 0.084 0.01 0.106 0.317 0.026 0.041 0.046 0.015 0.028 0.034 0.006 0.02 0.109
245 K 0.086 0.112 0.036 0.034 0.071 0.043 0.055 0.043 0.043 0.03 0.046 0.192 0.015 0.018 0.024 0.052 0.038 0.005 0.019 0.038
246 F 0.048 0.051 0.02 0.02 0.074 0.02 0.027 0.027 0.013 0.114 0.128 0.062 0.026 0.138 0.015 0.032 0.034 0.008 0.037 0.105
247 L 0.048 0.022 0.018 0.018 0.015 0.016 0.021 0.024 0.011 0.154 0.23 0.026 0.036 0.089 0.015 0.033 0.064 0.007 0.028 0.124
248 P 0.157 0.073 0.031 0.033 0.015 0.028 0.042 0.055 0.016 0.031 0.045 0.055 0.014 0.018 0.178 0.097 0.048 0.004 0.016 0.045
249 R 0.048 0.222 0.039 0.047 0.008 0.052 0.122 0.035 0.027 0.023 0.042 0.147 0.014 0.016 0.022 0.048 0.035 0.005 0.017 0.03
250 I 0.078 0.035 0.023 0.03 0.012 0.027 0.066 0.033 0.02 0.12 0.096 0.067 0.023 0.094 0.019 0.04 0.035 0.011 0.085 0.085
251 N 0.1 0.039 0.146 0.096 0.012 0.028 0.048 0.056 0.021 0.031 0.042 0.054 0.014 0.024 0.021 0.076 0.059 0.068 0.022 0.042
252 L 0.077 0.055 0.032 0.035 0.012 0.07 0.052 0.099 0.017 0.049 0.132 0.116 0.024 0.025 0.028 0.05 0.051 0.006 0.018 0.052
253 K 0.055 0.123 0.038 0.047 0.01 0.046 0.063 0.038 0.019 0.043 0.052 0.234 0.017 0.018 0.024 0.049 0.039 0.005 0.017 0.064
254 T 0.062 0.087 0.038 0.035 0.013 0.057 0.049 0.04 0.018 0.055 0.065 0.087 0.019 0.069 0.023 0.083 0.113 0.007 0.026 0.056
255 A 0.216 0.03 0.026 0.027 0.018 0.025 0.036 0.059 0.018 0.05 0.076 0.04 0.039 0.038 0.025 0.071 0.072 0.008 0.058 0.067
256 I 0.057 0.032 0.03 0.032 0.094 0.019 0.028 0.042 0.013 0.126 0.109 0.04 0.036 0.092 0.017 0.062 0.042 0.007 0.029 0.092
257 R 0.05 0.271 0.054 0.034 0.009 0.041 0.046 0.115 0.021 0.023 0.043 0.098 0.014 0.017 0.019 0.048 0.043 0.006 0.016 0.031
258 L 0.044 0.024 0.014 0.015 0.016 0.016 0.02 0.021 0.01 0.117 0.382 0.025 0.049 0.054 0.014 0.024 0.033 0.007 0.022 0.096
259 L 0.141 0.026 0.023 0.023 0.018 0.02 0.029 0.043 0.012 0.083 0.142 0.033 0.027 0.078 0.021 0.055 0.078 0.007 0.027 0.113
260 L 0.084 0.038 0.066 0.032 0.015 0.025 0.035 0.039 0.015 0.088 0.174 0.068 0.03 0.033 0.02 0.051 0.077 0.006 0.019 0.085
261 F 0.051 0.021 0.02 0.02 0.044 0.014 0.022 0.058 0.013 0.111 0.107 0.024 0.025 0.193 0.015 0.036 0.062 0.01 0.047 0.106
262 L 0.065 0.023 0.021 0.02 0.076 0.016 0.023 0.03 0.012 0.098 0.17 0.027 0.029 0.129 0.017 0.042 0.077 0.008 0.035 0.082
263 G 0.104 0.03 0.034 0.038 0.076 0.027 0.069 0.106 0.015 0.067 0.062 0.042 0.018 0.022 0.023 0.097 0.084 0.005 0.016 0.063
264 I 0.067 0.02 0.018 0.019 0.018 0.015 0.021 0.089 0.011 0.159 0.121 0.025 0.027 0.069 0.015 0.032 0.036 0.069 0.03 0.137
265 V 0.079 0.021 0.017 0.018 0.084 0.016 0.022 0.059 0.009 0.127 0.164 0.026 0.031 0.037 0.016 0.035 0.041 0.006 0.019 0.172
266 L 0.055 0.025 0.017 0.017 0.077 0.02 0.023 0.025 0.011 0.11 0.206 0.028 0.092 0.041 0.015 0.032 0.039 0.006 0.021 0.14
267 V 0.065 0.022 0.018 0.019 0.02 0.017 0.022 0.087 0.009 0.148 0.155 0.027 0.04 0.036 0.016 0.033 0.041 0.006 0.019 0.2
268 V 0.111 0.022 0.017 0.02 0.018 0.017 0.024 0.037 0.01 0.185 0.134 0.028 0.03 0.038 0.018 0.039 0.043 0.006 0.02 0.186
269 L 0.063 0.024 0.025 0.024 0.015 0.018 0.025 0.153 0.011 0.111 0.186 0.03 0.03 0.038 0.017 0.059 0.04 0.006 0.018 0.108
270 L 0.157 0.028 0.026 0.026 0.017 0.021 0.031 0.11 0.013 0.063 0.179 0.036 0.027 0.032 0.022 0.077 0.044 0.006 0.018 0.068
271 L 0.043 0.021 0.016 0.016 0.014 0.014 0.02 0.022 0.015 0.136 0.207 0.023 0.034 0.147 0.013 0.025 0.032 0.011 0.077 0.112
272 L 0.14 0.025 0.022 0.023 0.017 0.019 0.027 0.12 0.012 0.08 0.189 0.032 0.029 0.034 0.02 0.049 0.039 0.006 0.018 0.099
273 Y 0.039 0.027 0.021 0.018 0.009 0.021 0.027 0.024 0.045 0.042 0.066 0.03 0.018 0.126 0.015 0.03 0.027 0.027 0.341 0.045
274 I 0.055 0.019 0.015 0.017 0.017 0.014 0.019 0.022 0.008 0.238 0.147 0.024 0.033 0.039 0.015 0.027 0.042 0.006 0.02 0.223
275 A 0.224 0.027 0.023 0.025 0.017 0.022 0.034 0.095 0.014 0.037 0.054 0.037 0.016 0.033 0.023 0.064 0.04 0.131 0.029 0.054
276 L 0.087 0.024 0.019 0.02 0.016 0.018 0.024 0.092 0.011 0.116 0.218 0.029 0.053 0.04 0.017 0.037 0.037 0.006 0.019 0.115
277 I 0.048 0.018 0.014 0.017 0.016 0.013 0.018 0.02 0.008 0.279 0.158 0.023 0.035 0.042 0.014 0.025 0.04 0.006 0.02 0.186
278 K 0.085 0.141 0.041 0.082 0.01 0.04 0.057 0.105 0.019 0.026 0.041 0.157 0.014 0.016 0.023 0.053 0.037 0.005 0.015 0.034
279 L 0.078 0.033 0.073 0.083 0.014 0.027 0.042 0.044 0.021 0.053 0.099 0.041 0.059 0.041 0.021 0.077 0.073 0.008 0.058 0.057
280 G 0.064 0.026 0.047 0.151 0.01 0.023 0.046 0.319 0.015 0.023 0.032 0.037 0.01 0.016 0.02 0.055 0.061 0.005 0.011 0.029
281 L 0.129 0.025 0.017 0.019 0.016 0.018 0.026 0.039 0.012 0.082 0.23 0.03 0.033 0.042 0.018 0.042 0.037 0.069 0.026 0.088
282 F 0.035 0.02 0.016 0.016 0.012 0.012 0.019 0.024 0.015 0.074 0.182 0.02 0.03 0.319 0.011 0.024 0.026 0.014 0.07 0.063
283 D 0.076 0.036 0.082 0.15 0.01 0.036 0.124 0.108 0.02 0.024 0.034 0.053 0.012 0.016 0.054 0.071 0.045 0.005 0.014 0.032
284 L 0.048 0.033 0.019 0.019 0.014 0.021 0.028 0.026 0.016 0.094 0.2 0.06 0.032 0.053 0.015 0.03 0.035 0.072 0.066 0.122
285 L 0.08 0.024 0.015 0.017 0.017 0.017 0.022 0.028 0.01 0.109 0.32 0.027 0.042 0.047 0.016 0.032 0.036 0.006 0.021 0.115
286 A 0.123 0.034 0.031 0.043 0.016 0.033 0.101 0.045 0.015 0.07 0.072 0.047 0.02 0.024 0.025 0.066 0.097 0.006 0.018 0.111
287 E 0.088 0.044 0.038 0.073 0.01 0.053 0.25 0.04 0.022 0.028 0.042 0.066 0.014 0.018 0.026 0.061 0.067 0.005 0.016 0.04
288 E 0.052 0.095 0.043 0.094 0.01 0.06 0.115 0.037 0.02 0.036 0.06 0.114 0.036 0.02 0.023 0.054 0.066 0.005 0.017 0.042
289 A 0.146 0.028 0.023 0.024 0.017 0.021 0.03 0.045 0.014 0.067 0.136 0.035 0.055 0.103 0.021 0.056 0.068 0.008 0.032 0.073
290 G 0.066 0.037 0.077 0.042 0.01 0.076 0.046 0.347 0.019 0.021 0.032 0.049 0.012 0.016 0.02 0.053 0.034 0.005 0.013 0.026
291 I 0.048 0.018 0.014 0.017 0.016 0.013 0.018 0.02 0.008 0.279 0.158 0.023 0.035 0.042 0.014 0.025 0.04 0.006 0.02 0.186
292 N 0.042 0.041 0.258 0.153 0.008 0.034 0.075 0.057 0.027 0.022 0.03 0.052 0.011 0.017 0.02 0.064 0.044 0.004 0.014 0.026
293 T 0.075 0.035 0.043 0.038 0.017 0.027 0.04 0.045 0.014 0.049 0.06 0.045 0.019 0.023 0.027 0.109 0.248 0.006 0.017 0.065
294 S 0.07 0.035 0.072 0.037 0.015 0.03 0.039 0.045 0.019 0.062 0.114 0.044 0.102 0.033 0.021 0.118 0.055 0.006 0.02 0.063
295 G 0.135 0.024 0.035 0.032 0.013 0.02 0.028 0.414 0.013 0.024 0.035 0.035 0.011 0.017 0.021 0.058 0.034 0.005 0.012 0.034
296 R 0.043 0.367 0.037 0.03 0.008 0.047 0.051 0.032 0.023 0.023 0.045 0.116 0.015 0.017 0.019 0.043 0.034 0.006 0.017 0.03
297 V 0.078 0.031 0.061 0.032 0.016 0.047 0.037 0.034 0.014 0.117 0.099 0.038 0.026 0.029 0.018 0.042 0.047 0.005 0.019 0.212
298 E 0.053 0.043 0.035 0.081 0.009 0.045 0.182 0.063 0.024 0.039 0.086 0.072 0.018 0.035 0.022 0.047 0.039 0.008 0.057 0.043
299 I 0.052 0.023 0.016 0.018 0.016 0.019 0.022 0.023 0.011 0.196 0.166 0.028 0.092 0.043 0.015 0.03 0.04 0.006 0.021 0.163
300 Y 0.038 0.025 0.02 0.018 0.009 0.018 0.025 0.024 0.038 0.047 0.077 0.027 0.02 0.197 0.014 0.029 0.026 0.024 0.277 0.047
301 D 0.062 0.038 0.079 0.18 0.009 0.039 0.129 0.044 0.09 0.025 0.036 0.052 0.012 0.019 0.022 0.055 0.05 0.005 0.022 0.031
302 A 0.154 0.031 0.074 0.085 0.014 0.026 0.045 0.119 0.021 0.032 0.045 0.042 0.014 0.032 0.024 0.087 0.045 0.008 0.056 0.045
303 L 0.055 0.025 0.017 0.017 0.017 0.02 0.024 0.024 0.011 0.124 0.218 0.029 0.094 0.044 0.015 0.031 0.041 0.007 0.022 0.167
304 D 0.078 0.125 0.047 0.184 0.009 0.04 0.099 0.044 0.02 0.025 0.038 0.098 0.013 0.016 0.023 0.053 0.037 0.005 0.014 0.032
305 P 0.085 0.058 0.037 0.091 0.01 0.062 0.086 0.044 0.019 0.027 0.04 0.121 0.014 0.015 0.147 0.053 0.038 0.004 0.015 0.035
306 Y 0.037 0.024 0.019 0.017 0.009 0.017 0.024 0.024 0.034 0.049 0.083 0.026 0.02 0.232 0.013 0.028 0.026 0.023 0.245 0.048
307 Y 0.039 0.027 0.021 0.018 0.009 0.021 0.027 0.024 0.045 0.042 0.066 0.03 0.018 0.126 0.015 0.03 0.027 0.027 0.341 0.045
308 E 0.056 0.043 0.048 0.165 0.008 0.061 0.213 0.041 0.023 0.023 0.035 0.064 0.012 0.016 0.024 0.077 0.041 0.005 0.015 0.03
309 F 0.036 0.019 0.016 0.016 0.012 0.011 0.018 0.023 0.015 0.097 0.153 0.02 0.029 0.318 0.011 0.024 0.027 0.014 0.07 0.073
310 S 0.087 0.035 0.097 0.121 0.012 0.03 0.053 0.116 0.047 0.026 0.036 0.047 0.013 0.019 0.024 0.127 0.056 0.005 0.018 0.033
311 P 0.047 0.021 0.019 0.023 0.011 0.016 0.026 0.029 0.012 0.102 0.086 0.03 0.02 0.119 0.261 0.033 0.033 0.007 0.033 0.071
312 G 0.118 0.03 0.036 0.04 0.015 0.025 0.047 0.164 0.015 0.038 0.055 0.04 0.016 0.068 0.023 0.09 0.1 0.007 0.024 0.049
313 F 0.035 0.022 0.018 0.017 0.01 0.015 0.022 0.024 0.029 0.053 0.091 0.024 0.022 0.285 0.012 0.027 0.026 0.021 0.197 0.05
314 L 0.045 0.024 0.015 0.016 0.016 0.018 0.021 0.022 0.011 0.12 0.343 0.026 0.074 0.051 0.014 0.026 0.034 0.007 0.022 0.097
315 G 0.076 0.022 0.038 0.033 0.01 0.018 0.025 0.527 0.013 0.018 0.027 0.033 0.009 0.016 0.018 0.05 0.029 0.005 0.01 0.023
316 R 0.045 0.18 0.152 0.051 0.008 0.043 0.054 0.046 0.025 0.023 0.039 0.139 0.013 0.017 0.021 0.054 0.04 0.005 0.016 0.029
317 G 0.076 0.022 0.038 0.033 0.01 0.018 0.025 0.527 0.013 0.018 0.027 0.033 0.009 0.016 0.018 0.05 0.029 0.005 0.01 0.023
318 L 0.047 0.022 0.017 0.018 0.016 0.016 0.021 0.023 0.01 0.173 0.267 0.026 0.04 0.045 0.016 0.032 0.065 0.006 0.02 0.119
319 G 0.076 0.022 0.038 0.033 0.01 0.018 0.025 0.527 0.013 0.018 0.027 0.033 0.009 0.016 0.018 0.05 0.029 0.005 0.01 0.023
320 F 0.033 0.02 0.017 0.016 0.01 0.012 0.02 0.025 0.02 0.055 0.097 0.02 0.022 0.329 0.01 0.025 0.025 0.079 0.115 0.049
