#Seq2Logo.py -f /work3/idamei/ssn-clusterings/2206011120/clusters/0013_179/sequences.afa -m 0.0001 -b 50 -o /work3/idamei/ssn-clusterings/2206011120/clusters/0013_179/sequences.logo
#Position Specific Frequency Matrix
A R N D C Q E G H I L K M F P S T W Y V
0 M 0.047 0.029 0.018 0.018 0.015 0.026 0.026 0.026 0.015 0.091 0.179 0.033 0.237 0.044 0.015 0.033 0.037 0.007 0.022 0.084
1 S 0.11 0.04 0.054 0.049 0.018 0.033 0.052 0.066 0.019 0.03 0.042 0.054 0.016 0.021 0.03 0.22 0.082 0.005 0.018 0.042
2 N 0.043 0.045 0.317 0.083 0.009 0.034 0.049 0.065 0.032 0.022 0.032 0.054 0.011 0.018 0.02 0.07 0.049 0.004 0.016 0.027
3 L 0.052 0.032 0.02 0.02 0.016 0.028 0.028 0.028 0.016 0.1 0.197 0.036 0.161 0.048 0.016 0.036 0.04 0.008 0.024 0.092
4 K 0.059 0.068 0.034 0.033 0.012 0.037 0.05 0.039 0.016 0.049 0.142 0.192 0.023 0.025 0.023 0.082 0.043 0.005 0.018 0.049
5 K 0.058 0.058 0.103 0.043 0.011 0.034 0.048 0.044 0.019 0.086 0.06 0.159 0.017 0.021 0.022 0.094 0.046 0.005 0.016 0.057
6 I 0.094 0.022 0.076 0.028 0.014 0.017 0.024 0.034 0.012 0.235 0.116 0.029 0.027 0.033 0.016 0.039 0.039 0.005 0.018 0.122
7 K 0.1 0.066 0.092 0.049 0.01 0.042 0.105 0.047 0.02 0.027 0.04 0.188 0.013 0.016 0.024 0.057 0.048 0.005 0.015 0.035
8 I 0.054 0.028 0.141 0.041 0.013 0.022 0.032 0.04 0.016 0.149 0.087 0.036 0.022 0.027 0.018 0.082 0.047 0.005 0.017 0.124
9 K 0.071 0.118 0.061 0.041 0.011 0.039 0.053 0.048 0.019 0.025 0.039 0.157 0.014 0.017 0.024 0.156 0.053 0.005 0.016 0.033
10 L 0.092 0.02 0.015 0.017 0.015 0.014 0.02 0.028 0.011 0.164 0.221 0.024 0.033 0.107 0.015 0.032 0.034 0.007 0.029 0.101
11 S 0.075 0.093 0.04 0.035 0.012 0.029 0.04 0.131 0.021 0.026 0.041 0.053 0.014 0.034 0.022 0.165 0.051 0.008 0.076 0.034
12 E 0.047 0.056 0.096 0.059 0.007 0.086 0.162 0.039 0.089 0.022 0.035 0.109 0.013 0.017 0.022 0.05 0.035 0.005 0.022 0.027
13 L 0.039 0.021 0.015 0.015 0.013 0.014 0.019 0.02 0.016 0.125 0.269 0.023 0.035 0.125 0.013 0.023 0.029 0.011 0.09 0.086
14 L 0.041 0.021 0.013 0.014 0.015 0.014 0.018 0.019 0.009 0.144 0.386 0.023 0.043 0.048 0.013 0.022 0.031 0.006 0.02 0.1
15 Y 0.036 0.021 0.017 0.016 0.01 0.015 0.021 0.022 0.028 0.095 0.091 0.024 0.022 0.214 0.013 0.026 0.026 0.019 0.22 0.065
16 F 0.057 0.025 0.027 0.025 0.012 0.019 0.029 0.035 0.019 0.091 0.083 0.03 0.021 0.18 0.017 0.113 0.043 0.012 0.099 0.063
17 L 0.108 0.025 0.024 0.024 0.016 0.019 0.028 0.037 0.011 0.131 0.157 0.032 0.027 0.032 0.019 0.078 0.089 0.005 0.018 0.117
18 A 0.27 0.031 0.032 0.033 0.018 0.026 0.04 0.068 0.015 0.035 0.049 0.043 0.015 0.019 0.027 0.148 0.055 0.005 0.016 0.054
19 F 0.033 0.02 0.017 0.016 0.009 0.013 0.02 0.023 0.024 0.052 0.09 0.021 0.021 0.335 0.011 0.025 0.024 0.019 0.18 0.047
20 F 0.099 0.019 0.02 0.02 0.099 0.014 0.021 0.12 0.012 0.081 0.081 0.024 0.02 0.163 0.015 0.039 0.032 0.008 0.036 0.076
21 I 0.042 0.018 0.013 0.015 0.015 0.013 0.017 0.019 0.008 0.26 0.246 0.022 0.037 0.043 0.013 0.023 0.034 0.006 0.019 0.136
22 W 0.033 0.019 0.014 0.015 0.01 0.013 0.019 0.025 0.012 0.131 0.083 0.021 0.02 0.05 0.009 0.021 0.026 0.361 0.048 0.072
23 V 0.062 0.022 0.02 0.02 0.016 0.017 0.024 0.028 0.01 0.153 0.163 0.027 0.03 0.034 0.016 0.071 0.046 0.005 0.019 0.215
24 L 0.053 0.023 0.024 0.022 0.012 0.016 0.024 0.117 0.013 0.063 0.179 0.027 0.026 0.169 0.015 0.072 0.035 0.009 0.038 0.064
25 G 0.116 0.027 0.031 0.029 0.014 0.021 0.032 0.131 0.014 0.045 0.115 0.035 0.02 0.094 0.02 0.125 0.046 0.007 0.026 0.05
26 N 0.042 0.043 0.141 0.04 0.01 0.028 0.037 0.038 0.024 0.05 0.128 0.088 0.056 0.043 0.017 0.043 0.036 0.009 0.078 0.049
27 L 0.037 0.02 0.015 0.015 0.012 0.013 0.019 0.021 0.017 0.117 0.215 0.022 0.031 0.191 0.012 0.024 0.028 0.012 0.1 0.08
28 L 0.042 0.02 0.013 0.015 0.015 0.014 0.018 0.019 0.009 0.176 0.338 0.023 0.041 0.046 0.013 0.023 0.033 0.006 0.02 0.118
29 G 0.164 0.045 0.031 0.029 0.013 0.021 0.029 0.364 0.013 0.025 0.036 0.038 0.011 0.016 0.02 0.057 0.033 0.005 0.012 0.036
30 Y 0.044 0.045 0.03 0.032 0.008 0.14 0.074 0.03 0.034 0.032 0.052 0.055 0.017 0.066 0.018 0.04 0.031 0.015 0.199 0.037
31 T 0.066 0.032 0.039 0.034 0.016 0.025 0.036 0.039 0.013 0.048 0.059 0.041 0.018 0.022 0.025 0.084 0.315 0.005 0.016 0.065
32 V 0.067 0.026 0.077 0.027 0.015 0.021 0.027 0.032 0.014 0.134 0.126 0.032 0.095 0.034 0.016 0.038 0.041 0.006 0.019 0.155
33 Y 0.035 0.022 0.017 0.016 0.01 0.016 0.022 0.022 0.028 0.057 0.138 0.024 0.024 0.215 0.012 0.026 0.025 0.019 0.22 0.052
34 P 0.058 0.022 0.018 0.022 0.013 0.017 0.027 0.028 0.01 0.087 0.076 0.031 0.019 0.022 0.277 0.035 0.039 0.004 0.015 0.182
35 L 0.041 0.03 0.092 0.039 0.01 0.026 0.082 0.03 0.025 0.093 0.127 0.037 0.022 0.056 0.016 0.037 0.033 0.011 0.126 0.064
36 K 0.09 0.06 0.037 0.039 0.012 0.078 0.073 0.042 0.018 0.034 0.048 0.15 0.016 0.017 0.025 0.064 0.13 0.005 0.016 0.045
37 Y 0.036 0.024 0.019 0.017 0.009 0.018 0.024 0.023 0.037 0.043 0.071 0.026 0.018 0.184 0.013 0.027 0.025 0.023 0.32 0.044
38 P 0.06 0.035 0.032 0.032 0.011 0.066 0.045 0.038 0.02 0.031 0.045 0.046 0.014 0.033 0.194 0.089 0.086 0.008 0.076 0.039
39 L 0.092 0.025 0.031 0.026 0.012 0.021 0.058 0.034 0.014 0.059 0.184 0.031 0.026 0.105 0.015 0.044 0.032 0.096 0.036 0.057
40 I 0.045 0.018 0.014 0.015 0.015 0.013 0.018 0.02 0.009 0.226 0.222 0.022 0.035 0.064 0.013 0.024 0.035 0.006 0.023 0.163
41 G 0.064 0.027 0.089 0.036 0.012 0.022 0.031 0.212 0.02 0.045 0.05 0.035 0.015 0.036 0.018 0.084 0.041 0.008 0.075 0.081
42 S 0.07 0.096 0.037 0.042 0.013 0.034 0.093 0.041 0.017 0.049 0.055 0.057 0.017 0.02 0.023 0.131 0.096 0.005 0.016 0.089
43 L 0.042 0.019 0.015 0.016 0.013 0.013 0.018 0.021 0.012 0.173 0.175 0.021 0.031 0.153 0.013 0.024 0.032 0.009 0.06 0.14
44 V 0.1 0.099 0.024 0.024 0.014 0.028 0.035 0.035 0.014 0.111 0.098 0.095 0.057 0.028 0.019 0.042 0.038 0.005 0.018 0.117
45 L 0.049 0.046 0.087 0.037 0.012 0.07 0.046 0.036 0.017 0.093 0.126 0.094 0.023 0.026 0.019 0.049 0.083 0.005 0.017 0.067
46 V 0.104 0.024 0.021 0.021 0.014 0.019 0.025 0.119 0.016 0.098 0.096 0.03 0.056 0.044 0.017 0.04 0.037 0.009 0.077 0.131
47 L 0.108 0.025 0.024 0.024 0.015 0.019 0.027 0.124 0.012 0.066 0.236 0.032 0.029 0.034 0.018 0.08 0.04 0.006 0.017 0.064
48 L 0.048 0.095 0.027 0.026 0.013 0.068 0.039 0.028 0.015 0.105 0.151 0.052 0.061 0.031 0.018 0.042 0.081 0.006 0.019 0.076
49 I 0.044 0.021 0.019 0.019 0.013 0.016 0.022 0.024 0.015 0.182 0.103 0.026 0.025 0.052 0.014 0.034 0.079 0.098 0.086 0.109
50 I 0.069 0.022 0.02 0.021 0.016 0.017 0.024 0.029 0.01 0.181 0.167 0.028 0.03 0.035 0.017 0.071 0.045 0.005 0.018 0.177
51 A 0.167 0.028 0.031 0.03 0.051 0.023 0.035 0.051 0.013 0.087 0.067 0.038 0.019 0.023 0.024 0.124 0.096 0.005 0.016 0.072
52 I 0.06 0.024 0.025 0.024 0.101 0.019 0.026 0.032 0.011 0.147 0.107 0.031 0.058 0.031 0.018 0.082 0.089 0.005 0.017 0.093
53 V 0.055 0.019 0.018 0.018 0.014 0.014 0.02 0.111 0.01 0.142 0.117 0.023 0.026 0.1 0.014 0.03 0.036 0.007 0.028 0.198
54 L 0.04 0.02 0.013 0.015 0.014 0.013 0.017 0.02 0.009 0.177 0.303 0.022 0.039 0.09 0.013 0.022 0.031 0.007 0.026 0.108
55 L 0.044 0.022 0.013 0.014 0.015 0.015 0.019 0.02 0.009 0.112 0.38 0.023 0.042 0.047 0.013 0.023 0.033 0.006 0.02 0.129
56 L 0.043 0.02 0.014 0.015 0.014 0.013 0.018 0.02 0.01 0.149 0.258 0.022 0.036 0.124 0.013 0.024 0.032 0.008 0.032 0.136
57 V 0.059 0.019 0.014 0.016 0.015 0.014 0.019 0.022 0.009 0.192 0.179 0.023 0.032 0.079 0.014 0.027 0.037 0.006 0.025 0.198
58 K 0.05 0.084 0.034 0.034 0.009 0.043 0.056 0.036 0.017 0.077 0.058 0.29 0.017 0.018 0.023 0.044 0.036 0.005 0.016 0.052
59 L 0.039 0.021 0.015 0.015 0.013 0.014 0.019 0.02 0.016 0.125 0.269 0.023 0.035 0.125 0.013 0.023 0.029 0.011 0.09 0.086
60 L 0.05 0.019 0.014 0.015 0.016 0.014 0.019 0.02 0.008 0.199 0.224 0.023 0.035 0.04 0.014 0.025 0.038 0.006 0.019 0.203
61 L 0.045 0.02 0.013 0.015 0.015 0.014 0.018 0.02 0.008 0.19 0.287 0.023 0.038 0.044 0.013 0.024 0.035 0.006 0.02 0.153
62 D 0.052 0.035 0.052 0.261 0.008 0.038 0.17 0.042 0.019 0.021 0.03 0.051 0.011 0.015 0.022 0.089 0.04 0.004 0.013 0.027
63 R 0.048 0.27 0.035 0.031 0.008 0.042 0.05 0.034 0.019 0.023 0.04 0.153 0.014 0.015 0.078 0.056 0.035 0.005 0.015 0.029
64 H 0.041 0.045 0.037 0.029 0.008 0.032 0.043 0.032 0.211 0.029 0.045 0.088 0.015 0.056 0.018 0.038 0.036 0.013 0.154 0.031
65 Y 0.037 0.024 0.019 0.017 0.009 0.017 0.024 0.024 0.035 0.048 0.081 0.026 0.02 0.221 0.013 0.028 0.026 0.023 0.258 0.048
66 S 0.085 0.036 0.044 0.039 0.016 0.028 0.043 0.051 0.015 0.051 0.051 0.055 0.016 0.021 0.026 0.204 0.146 0.005 0.016 0.053
67 Y 0.051 0.114 0.03 0.028 0.009 0.031 0.041 0.034 0.026 0.029 0.046 0.101 0.014 0.05 0.106 0.071 0.036 0.011 0.136 0.035
68 K 0.047 0.22 0.037 0.034 0.008 0.047 0.058 0.036 0.02 0.024 0.04 0.25 0.014 0.015 0.022 0.045 0.034 0.005 0.016 0.029
69 F 0.054 0.025 0.029 0.026 0.013 0.018 0.029 0.035 0.015 0.049 0.078 0.031 0.02 0.232 0.018 0.088 0.129 0.01 0.048 0.053
70 I 0.042 0.018 0.013 0.015 0.015 0.013 0.017 0.019 0.008 0.26 0.246 0.022 0.037 0.043 0.013 0.023 0.034 0.006 0.019 0.136
71 L 0.045 0.019 0.014 0.015 0.015 0.013 0.018 0.02 0.009 0.211 0.248 0.022 0.037 0.056 0.013 0.024 0.035 0.006 0.021 0.159
72 L 0.09 0.02 0.015 0.017 0.014 0.014 0.021 0.029 0.012 0.126 0.215 0.024 0.031 0.161 0.014 0.032 0.032 0.009 0.037 0.087
73 L 0.063 0.028 0.03 0.028 0.015 0.021 0.031 0.037 0.014 0.062 0.184 0.034 0.027 0.1 0.019 0.122 0.091 0.007 0.028 0.061
74 L 0.043 0.021 0.018 0.018 0.014 0.014 0.02 0.023 0.011 0.16 0.189 0.024 0.031 0.147 0.014 0.033 0.078 0.008 0.035 0.098
75 L 0.056 0.022 0.019 0.02 0.015 0.017 0.024 0.027 0.01 0.137 0.175 0.028 0.029 0.033 0.103 0.055 0.041 0.005 0.018 0.167
76 I 0.089 0.021 0.018 0.019 0.015 0.016 0.022 0.03 0.01 0.205 0.201 0.027 0.039 0.038 0.016 0.053 0.039 0.006 0.019 0.116
77 L 0.048 0.021 0.016 0.017 0.015 0.015 0.02 0.023 0.01 0.176 0.216 0.024 0.051 0.081 0.014 0.04 0.037 0.007 0.025 0.145
78 V 0.066 0.024 0.024 0.023 0.102 0.019 0.026 0.032 0.01 0.087 0.138 0.03 0.025 0.029 0.018 0.082 0.09 0.005 0.017 0.152
79 L 0.039 0.02 0.013 0.014 0.014 0.013 0.018 0.02 0.01 0.136 0.331 0.022 0.039 0.114 0.012 0.022 0.03 0.008 0.03 0.093
80 F 0.147 0.022 0.02 0.021 0.014 0.016 0.025 0.098 0.013 0.06 0.134 0.028 0.023 0.166 0.017 0.044 0.033 0.009 0.038 0.073
81 I 0.102 0.022 0.02 0.021 0.016 0.017 0.024 0.032 0.01 0.2 0.124 0.028 0.028 0.033 0.018 0.043 0.085 0.005 0.018 0.155
82 V 0.065 0.02 0.019 0.019 0.015 0.015 0.021 0.112 0.009 0.163 0.16 0.025 0.029 0.034 0.015 0.033 0.046 0.005 0.017 0.177
83 V 0.053 0.018 0.014 0.016 0.016 0.014 0.019 0.021 0.008 0.243 0.136 0.023 0.031 0.036 0.014 0.026 0.041 0.005 0.019 0.248
84 G 0.114 0.027 0.039 0.035 0.013 0.022 0.033 0.333 0.014 0.023 0.033 0.038 0.011 0.017 0.022 0.132 0.045 0.005 0.013 0.032
85 Y 0.037 0.022 0.017 0.016 0.011 0.016 0.021 0.022 0.027 0.103 0.146 0.024 0.025 0.148 0.013 0.026 0.028 0.017 0.21 0.071
86 S 0.059 0.043 0.092 0.041 0.011 0.07 0.048 0.043 0.024 0.064 0.055 0.072 0.017 0.036 0.021 0.111 0.056 0.008 0.077 0.05
87 S 0.089 0.035 0.046 0.041 0.016 0.028 0.044 0.053 0.016 0.034 0.045 0.047 0.015 0.02 0.026 0.222 0.155 0.005 0.016 0.047
88 G 0.101 0.032 0.109 0.11 0.011 0.026 0.045 0.134 0.07 0.028 0.038 0.041 0.012 0.019 0.021 0.06 0.082 0.005 0.018 0.036
89 Q 0.057 0.063 0.098 0.048 0.009 0.161 0.073 0.045 0.024 0.024 0.039 0.115 0.016 0.015 0.022 0.093 0.045 0.005 0.017 0.031
90 L 0.045 0.021 0.015 0.017 0.013 0.015 0.021 0.023 0.01 0.091 0.259 0.025 0.033 0.106 0.1 0.027 0.032 0.007 0.029 0.113
91 F 0.038 0.027 0.019 0.02 0.01 0.017 0.026 0.026 0.02 0.049 0.086 0.051 0.037 0.248 0.1 0.03 0.027 0.013 0.109 0.046
92 K 0.095 0.047 0.032 0.098 0.011 0.028 0.047 0.039 0.015 0.084 0.069 0.135 0.018 0.091 0.02 0.045 0.035 0.006 0.026 0.059
93 G 0.206 0.028 0.031 0.031 0.017 0.023 0.034 0.251 0.014 0.033 0.047 0.04 0.014 0.019 0.025 0.071 0.042 0.005 0.015 0.051
94 L 0.044 0.024 0.014 0.015 0.016 0.016 0.02 0.021 0.01 0.115 0.377 0.025 0.049 0.055 0.014 0.024 0.033 0.007 0.022 0.096
95 T 0.073 0.035 0.043 0.037 0.018 0.028 0.039 0.043 0.014 0.053 0.065 0.045 0.02 0.024 0.028 0.092 0.249 0.006 0.018 0.071
96 L 0.039 0.02 0.015 0.016 0.013 0.014 0.018 0.021 0.012 0.164 0.187 0.022 0.066 0.177 0.012 0.024 0.031 0.009 0.04 0.099
97 L 0.047 0.022 0.015 0.016 0.015 0.017 0.02 0.022 0.01 0.185 0.202 0.026 0.102 0.042 0.014 0.027 0.037 0.006 0.02 0.152
98 P 0.105 0.024 0.024 0.027 0.013 0.019 0.031 0.04 0.013 0.085 0.069 0.034 0.018 0.091 0.193 0.082 0.041 0.006 0.026 0.061
99 F 0.04 0.021 0.019 0.018 0.011 0.014 0.021 0.026 0.013 0.077 0.091 0.023 0.022 0.24 0.013 0.034 0.074 0.099 0.057 0.087
100 G 0.06 0.019 0.025 0.023 0.013 0.015 0.021 0.287 0.01 0.146 0.083 0.026 0.02 0.026 0.016 0.036 0.033 0.005 0.014 0.12
101 L 0.093 0.023 0.015 0.016 0.016 0.017 0.022 0.028 0.01 0.094 0.361 0.026 0.047 0.045 0.015 0.032 0.033 0.006 0.02 0.083
102 L 0.039 0.021 0.015 0.015 0.013 0.015 0.019 0.021 0.012 0.129 0.256 0.023 0.069 0.152 0.012 0.024 0.03 0.009 0.036 0.089
103 L 0.045 0.02 0.014 0.015 0.015 0.015 0.019 0.02 0.009 0.176 0.288 0.023 0.05 0.044 0.013 0.024 0.035 0.006 0.02 0.149
104 V 0.102 0.021 0.016 0.018 0.017 0.015 0.022 0.029 0.009 0.18 0.17 0.026 0.031 0.036 0.016 0.034 0.04 0.005 0.019 0.196
105 G 0.07 0.033 0.155 0.05 0.011 0.026 0.039 0.225 0.019 0.022 0.031 0.043 0.011 0.017 0.021 0.134 0.049 0.005 0.013 0.028
106 A 0.161 0.026 0.024 0.025 0.017 0.022 0.031 0.045 0.012 0.108 0.098 0.035 0.057 0.029 0.021 0.089 0.047 0.005 0.018 0.13
107 K 0.053 0.069 0.096 0.114 0.009 0.048 0.064 0.045 0.02 0.024 0.035 0.206 0.013 0.015 0.023 0.078 0.041 0.004 0.015 0.029
108 N 0.091 0.039 0.32 0.067 0.01 0.029 0.044 0.061 0.026 0.024 0.033 0.048 0.011 0.017 0.02 0.066 0.045 0.004 0.015 0.031
109 V 0.056 0.021 0.018 0.019 0.016 0.016 0.022 0.024 0.009 0.202 0.121 0.026 0.029 0.033 0.016 0.036 0.087 0.005 0.018 0.226
110 N 0.041 0.038 0.315 0.137 0.008 0.03 0.051 0.056 0.026 0.021 0.028 0.048 0.01 0.016 0.019 0.068 0.044 0.004 0.014 0.025
111 L 0.039 0.021 0.015 0.015 0.013 0.014 0.019 0.02 0.016 0.125 0.269 0.023 0.035 0.125 0.013 0.023 0.029 0.011 0.09 0.086
112 K 0.049 0.125 0.052 0.034 0.01 0.038 0.049 0.035 0.017 0.079 0.06 0.201 0.018 0.02 0.022 0.048 0.067 0.005 0.016 0.055
113 K 0.047 0.079 0.096 0.044 0.008 0.043 0.058 0.042 0.086 0.024 0.037 0.244 0.013 0.017 0.023 0.049 0.036 0.005 0.022 0.027
114 V 0.055 0.021 0.014 0.015 0.016 0.015 0.02 0.021 0.008 0.141 0.224 0.023 0.034 0.038 0.014 0.027 0.04 0.005 0.019 0.247
115 L 0.041 0.02 0.013 0.015 0.015 0.014 0.018 0.019 0.009 0.182 0.339 0.022 0.041 0.047 0.013 0.022 0.032 0.006 0.02 0.112
116 K 0.049 0.13 0.034 0.033 0.009 0.081 0.059 0.034 0.019 0.07 0.058 0.208 0.018 0.018 0.021 0.044 0.036 0.005 0.017 0.058
117 L 0.048 0.021 0.015 0.016 0.014 0.015 0.02 0.021 0.014 0.146 0.208 0.024 0.032 0.067 0.014 0.026 0.035 0.009 0.081 0.174
118 W 0.033 0.031 0.031 0.024 0.007 0.024 0.035 0.031 0.214 0.024 0.041 0.031 0.014 0.041 0.012 0.029 0.022 0.273 0.057 0.024
119 A 0.208 0.027 0.024 0.025 0.018 0.021 0.032 0.051 0.012 0.069 0.127 0.035 0.023 0.027 0.022 0.075 0.072 0.005 0.017 0.111
120 I 0.097 0.022 0.019 0.019 0.014 0.018 0.024 0.031 0.021 0.153 0.098 0.028 0.024 0.061 0.017 0.044 0.037 0.012 0.139 0.124
121 E 0.058 0.031 0.027 0.042 0.013 0.032 0.137 0.031 0.015 0.11 0.135 0.042 0.024 0.029 0.019 0.078 0.042 0.005 0.017 0.113
122 L 0.042 0.019 0.013 0.015 0.015 0.013 0.017 0.019 0.009 0.221 0.292 0.022 0.039 0.045 0.013 0.022 0.033 0.006 0.02 0.124
123 G 0.106 0.02 0.023 0.023 0.014 0.016 0.023 0.207 0.011 0.144 0.087 0.028 0.021 0.054 0.017 0.041 0.035 0.006 0.019 0.108
124 I 0.103 0.022 0.023 0.023 0.015 0.017 0.024 0.12 0.011 0.155 0.137 0.03 0.025 0.031 0.018 0.046 0.082 0.005 0.017 0.095
125 L 0.045 0.021 0.018 0.018 0.015 0.015 0.02 0.023 0.01 0.17 0.255 0.025 0.035 0.068 0.015 0.033 0.079 0.007 0.023 0.106
126 L 0.046 0.026 0.017 0.017 0.015 0.022 0.023 0.023 0.013 0.135 0.217 0.029 0.171 0.044 0.014 0.029 0.035 0.007 0.021 0.097
127 L 0.045 0.019 0.013 0.015 0.015 0.014 0.018 0.02 0.008 0.213 0.259 0.022 0.037 0.043 0.013 0.024 0.035 0.006 0.019 0.16
128 L 0.055 0.023 0.023 0.023 0.014 0.017 0.025 0.031 0.012 0.151 0.157 0.028 0.028 0.13 0.016 0.094 0.042 0.008 0.033 0.09
129 V 0.059 0.024 0.023 0.022 0.016 0.018 0.025 0.027 0.009 0.127 0.154 0.029 0.028 0.032 0.018 0.046 0.132 0.005 0.018 0.186
130 Y 0.141 0.024 0.02 0.02 0.012 0.019 0.027 0.039 0.026 0.044 0.069 0.03 0.018 0.161 0.017 0.043 0.032 0.016 0.189 0.051
131 L 0.052 0.02 0.016 0.017 0.015 0.015 0.019 0.074 0.009 0.176 0.199 0.024 0.039 0.038 0.014 0.028 0.037 0.006 0.018 0.184
132 G 0.07 0.023 0.031 0.028 0.098 0.018 0.025 0.313 0.012 0.034 0.088 0.031 0.015 0.021 0.018 0.082 0.036 0.005 0.012 0.038
133 L 0.043 0.023 0.016 0.015 0.013 0.016 0.021 0.021 0.02 0.091 0.257 0.025 0.033 0.07 0.014 0.025 0.031 0.013 0.14 0.114
134 K 0.058 0.138 0.039 0.037 0.009 0.045 0.059 0.041 0.019 0.025 0.04 0.256 0.014 0.015 0.024 0.088 0.042 0.005 0.016 0.031
135 L 0.069 0.023 0.016 0.017 0.015 0.016 0.021 0.026 0.01 0.091 0.326 0.025 0.038 0.084 0.015 0.032 0.055 0.007 0.026 0.088
136 G 0.06 0.025 0.097 0.108 0.009 0.021 0.037 0.387 0.016 0.018 0.026 0.035 0.009 0.015 0.018 0.05 0.031 0.005 0.011 0.022
137 I 0.043 0.019 0.014 0.015 0.014 0.013 0.018 0.021 0.009 0.206 0.175 0.022 0.031 0.056 0.012 0.023 0.034 0.095 0.028 0.152
138 I 0.046 0.018 0.014 0.016 0.015 0.013 0.017 0.019 0.008 0.267 0.194 0.022 0.035 0.04 0.014 0.024 0.037 0.005 0.019 0.178
139 G 0.068 0.039 0.046 0.116 0.011 0.075 0.109 0.131 0.019 0.023 0.034 0.054 0.013 0.016 0.023 0.129 0.047 0.005 0.014 0.03
140 N 0.042 0.04 0.212 0.14 0.007 0.039 0.156 0.047 0.025 0.02 0.03 0.054 0.01 0.015 0.02 0.056 0.039 0.004 0.014 0.025
141 I 0.06 0.023 0.024 0.024 0.016 0.018 0.025 0.03 0.01 0.206 0.112 0.03 0.027 0.032 0.018 0.079 0.09 0.005 0.018 0.153
142 L 0.06 0.089 0.031 0.028 0.013 0.024 0.031 0.12 0.013 0.093 0.125 0.046 0.022 0.027 0.019 0.085 0.086 0.005 0.016 0.067
143 H 0.043 0.115 0.098 0.042 0.007 0.08 0.058 0.039 0.154 0.022 0.037 0.111 0.014 0.019 0.02 0.047 0.033 0.006 0.028 0.026
144 I 0.077 0.028 0.034 0.033 0.017 0.023 0.034 0.043 0.014 0.156 0.103 0.038 0.026 0.032 0.022 0.129 0.06 0.005 0.019 0.107
145 L 0.068 0.022 0.018 0.018 0.014 0.016 0.022 0.096 0.011 0.084 0.209 0.025 0.029 0.042 0.014 0.031 0.033 0.11 0.027 0.113
146 V 0.159 0.022 0.021 0.022 0.017 0.018 0.026 0.127 0.01 0.118 0.086 0.03 0.022 0.026 0.019 0.047 0.041 0.005 0.016 0.167
147 R 0.042 0.348 0.036 0.031 0.007 0.084 0.055 0.031 0.022 0.022 0.042 0.105 0.015 0.015 0.018 0.042 0.033 0.005 0.016 0.029
148 L 0.065 0.03 0.032 0.038 0.013 0.027 0.085 0.123 0.015 0.051 0.168 0.04 0.023 0.028 0.02 0.109 0.058 0.005 0.016 0.052
149 G 0.062 0.023 0.043 0.148 0.009 0.02 0.04 0.412 0.014 0.018 0.026 0.033 0.009 0.014 0.018 0.047 0.028 0.004 0.01 0.022
150 G 0.064 0.04 0.037 0.041 0.01 0.031 0.088 0.296 0.015 0.024 0.035 0.091 0.012 0.016 0.021 0.054 0.078 0.005 0.013 0.032
151 F 0.094 0.097 0.024 0.023 0.012 0.025 0.034 0.035 0.015 0.074 0.08 0.092 0.02 0.162 0.017 0.04 0.033 0.008 0.038 0.078
152 I 0.045 0.02 0.018 0.019 0.014 0.015 0.02 0.023 0.011 0.205 0.185 0.025 0.032 0.082 0.015 0.033 0.08 0.007 0.037 0.115
153 R 0.041 0.405 0.035 0.028 0.007 0.044 0.048 0.03 0.021 0.021 0.042 0.109 0.014 0.016 0.018 0.041 0.032 0.005 0.016 0.028
154 Y 0.039 0.039 0.027 0.023 0.008 0.026 0.034 0.027 0.096 0.039 0.072 0.081 0.018 0.127 0.016 0.032 0.027 0.017 0.213 0.039
155 S 0.126 0.033 0.038 0.035 0.015 0.026 0.04 0.052 0.02 0.035 0.048 0.043 0.016 0.036 0.025 0.177 0.102 0.008 0.077 0.047
156 L 0.048 0.033 0.022 0.03 0.013 0.067 0.088 0.025 0.014 0.085 0.249 0.041 0.032 0.035 0.016 0.033 0.034 0.006 0.019 0.11
157 G 0.071 0.021 0.036 0.031 0.01 0.017 0.023 0.555 0.012 0.017 0.026 0.031 0.009 0.015 0.017 0.047 0.027 0.005 0.01 0.022
158 Y 0.035 0.023 0.018 0.016 0.009 0.016 0.023 0.023 0.033 0.046 0.076 0.025 0.019 0.227 0.013 0.027 0.025 0.022 0.28 0.045
159 R 0.049 0.229 0.033 0.03 0.01 0.079 0.052 0.031 0.019 0.045 0.056 0.113 0.018 0.018 0.019 0.044 0.051 0.005 0.017 0.082
160 F 0.034 0.021 0.017 0.016 0.009 0.014 0.021 0.023 0.028 0.049 0.084 0.022 0.02 0.292 0.012 0.026 0.024 0.02 0.22 0.046
161 T 0.091 0.031 0.038 0.034 0.016 0.025 0.036 0.043 0.013 0.054 0.061 0.041 0.018 0.022 0.025 0.113 0.23 0.005 0.016 0.087
162 T 0.071 0.033 0.041 0.035 0.016 0.026 0.037 0.042 0.013 0.046 0.056 0.042 0.017 0.021 0.025 0.112 0.283 0.005 0.016 0.061
163 F 0.032 0.018 0.015 0.015 0.01 0.01 0.017 0.023 0.015 0.062 0.137 0.018 0.025 0.403 0.01 0.023 0.024 0.014 0.075 0.054
164 G 0.081 0.026 0.04 0.035 0.012 0.022 0.031 0.39 0.014 0.02 0.03 0.037 0.01 0.016 0.02 0.128 0.043 0.005 0.012 0.027
165 A 0.262 0.029 0.027 0.03 0.017 0.024 0.038 0.063 0.014 0.035 0.048 0.041 0.015 0.018 0.112 0.107 0.048 0.004 0.015 0.053
166 N 0.039 0.041 0.379 0.076 0.008 0.031 0.045 0.059 0.029 0.02 0.029 0.049 0.01 0.016 0.018 0.063 0.045 0.004 0.014 0.025
167 Y 0.044 0.025 0.021 0.02 0.012 0.02 0.025 0.025 0.025 0.101 0.099 0.029 0.057 0.099 0.016 0.037 0.077 0.015 0.179 0.073
168 L 0.041 0.019 0.014 0.015 0.013 0.013 0.018 0.021 0.011 0.135 0.224 0.021 0.033 0.176 0.012 0.024 0.031 0.009 0.04 0.128
169 F 0.031 0.017 0.015 0.015 0.01 0.01 0.017 0.023 0.015 0.058 0.104 0.017 0.023 0.443 0.01 0.023 0.023 0.015 0.081 0.05
170 H 0.038 0.042 0.049 0.035 0.007 0.035 0.049 0.035 0.414 0.021 0.035 0.042 0.014 0.028 0.017 0.038 0.024 0.007 0.052 0.021
171 L 0.041 0.019 0.014 0.015 0.013 0.013 0.018 0.021 0.011 0.124 0.238 0.021 0.034 0.177 0.012 0.024 0.031 0.009 0.04 0.125
172 T 0.056 0.027 0.029 0.026 0.016 0.02 0.028 0.031 0.011 0.13 0.145 0.033 0.026 0.031 0.02 0.059 0.198 0.006 0.018 0.092
173 C 0.051 0.017 0.014 0.015 0.187 0.013 0.017 0.023 0.008 0.168 0.162 0.021 0.028 0.033 0.014 0.029 0.036 0.005 0.016 0.141
174 I 0.042 0.017 0.014 0.016 0.013 0.012 0.017 0.021 0.01 0.213 0.131 0.02 0.029 0.173 0.012 0.024 0.033 0.009 0.039 0.153
175 W 0.032 0.023 0.017 0.015 0.008 0.017 0.023 0.025 0.028 0.034 0.055 0.024 0.015 0.087 0.011 0.024 0.023 0.282 0.221 0.035
176 G 0.056 0.02 0.024 0.023 0.012 0.016 0.02 0.287 0.011 0.1 0.182 0.027 0.025 0.031 0.015 0.034 0.03 0.006 0.015 0.067
177 Y 0.036 0.024 0.019 0.017 0.009 0.018 0.024 0.023 0.038 0.043 0.069 0.027 0.018 0.173 0.013 0.027 0.025 0.024 0.33 0.044
178 L 0.049 0.019 0.014 0.015 0.016 0.014 0.019 0.02 0.008 0.197 0.234 0.023 0.036 0.041 0.014 0.025 0.037 0.006 0.019 0.194
179 R 0.042 0.353 0.036 0.03 0.007 0.045 0.05 0.031 0.021 0.022 0.042 0.148 0.014 0.016 0.019 0.042 0.032 0.005 0.016 0.028
180 G 0.064 0.058 0.037 0.033 0.01 0.029 0.038 0.297 0.015 0.025 0.036 0.129 0.012 0.016 0.021 0.053 0.078 0.005 0.013 0.032
181 K 0.053 0.067 0.06 0.037 0.01 0.039 0.052 0.04 0.084 0.035 0.061 0.192 0.051 0.022 0.022 0.069 0.039 0.005 0.023 0.038
182 K 0.099 0.082 0.028 0.028 0.012 0.035 0.045 0.038 0.016 0.052 0.131 0.172 0.057 0.026 0.021 0.046 0.036 0.006 0.018 0.054
183 I 0.043 0.017 0.013 0.016 0.015 0.013 0.017 0.019 0.008 0.292 0.198 0.022 0.035 0.042 0.013 0.023 0.036 0.006 0.019 0.154
184 R 0.059 0.166 0.039 0.035 0.011 0.039 0.051 0.04 0.018 0.029 0.044 0.164 0.015 0.017 0.023 0.094 0.097 0.005 0.016 0.038
185 Y 0.034 0.022 0.017 0.016 0.009 0.016 0.022 0.023 0.028 0.048 0.107 0.024 0.021 0.177 0.012 0.025 0.025 0.107 0.221 0.046
186 L 0.058 0.024 0.023 0.023 0.014 0.018 0.027 0.032 0.012 0.116 0.153 0.029 0.026 0.051 0.016 0.095 0.044 0.095 0.028 0.117
187 E 0.05 0.045 0.037 0.082 0.007 0.059 0.36 0.032 0.023 0.02 0.033 0.069 0.012 0.015 0.023 0.05 0.033 0.005 0.015 0.028
188 L 0.043 0.019 0.014 0.016 0.015 0.014 0.018 0.02 0.009 0.237 0.258 0.023 0.037 0.043 0.014 0.025 0.043 0.006 0.019 0.129
189 L 0.042 0.019 0.013 0.015 0.015 0.014 0.017 0.019 0.009 0.221 0.284 0.023 0.046 0.045 0.013 0.023 0.033 0.006 0.02 0.124
190 L 0.073 0.025 0.024 0.023 0.015 0.019 0.027 0.033 0.012 0.081 0.18 0.03 0.042 0.102 0.017 0.079 0.072 0.007 0.029 0.11
191 L 0.04 0.022 0.013 0.014 0.015 0.015 0.018 0.019 0.009 0.103 0.421 0.023 0.044 0.063 0.013 0.022 0.03 0.007 0.022 0.086
192 A 0.176 0.026 0.023 0.028 0.014 0.022 0.055 0.132 0.014 0.048 0.119 0.034 0.02 0.094 0.02 0.052 0.035 0.007 0.026 0.055
193 L 0.047 0.019 0.017 0.018 0.014 0.014 0.018 0.108 0.009 0.199 0.234 0.024 0.034 0.039 0.014 0.026 0.033 0.006 0.018 0.111
194 I 0.097 0.021 0.016 0.018 0.016 0.015 0.021 0.029 0.01 0.209 0.206 0.026 0.033 0.038 0.016 0.041 0.038 0.006 0.019 0.127
195 N 0.039 0.041 0.379 0.076 0.008 0.031 0.045 0.059 0.029 0.02 0.029 0.049 0.01 0.016 0.018 0.063 0.045 0.004 0.014 0.025
196 Y 0.04 0.032 0.022 0.021 0.009 0.063 0.036 0.025 0.034 0.048 0.121 0.037 0.022 0.09 0.015 0.031 0.028 0.019 0.26 0.048
197 Y 0.037 0.025 0.02 0.017 0.008 0.02 0.025 0.023 0.042 0.04 0.062 0.028 0.017 0.119 0.014 0.028 0.025 0.025 0.38 0.042
198 F 0.04 0.021 0.016 0.016 0.011 0.015 0.021 0.022 0.022 0.075 0.147 0.023 0.026 0.201 0.013 0.026 0.029 0.016 0.16 0.101
199 Y 0.036 0.024 0.019 0.017 0.009 0.018 0.024 0.023 0.038 0.043 0.069 0.027 0.018 0.173 0.013 0.027 0.025 0.024 0.33 0.044
200 I 0.087 0.026 0.03 0.095 0.015 0.022 0.037 0.036 0.012 0.12 0.098 0.034 0.057 0.029 0.019 0.061 0.086 0.005 0.017 0.114
201 L 0.041 0.097 0.083 0.032 0.01 0.068 0.041 0.031 0.023 0.053 0.173 0.053 0.025 0.044 0.016 0.038 0.033 0.009 0.078 0.05
202 T 0.066 0.032 0.039 0.034 0.016 0.025 0.036 0.039 0.013 0.048 0.059 0.041 0.018 0.022 0.025 0.084 0.315 0.005 0.016 0.065
203 D 0.037 0.027 0.063 0.452 0.007 0.027 0.083 0.042 0.017 0.02 0.025 0.041 0.008 0.014 0.02 0.047 0.032 0.003 0.01 0.022
204 T 0.066 0.032 0.039 0.034 0.016 0.025 0.036 0.039 0.013 0.048 0.059 0.041 0.018 0.022 0.025 0.084 0.315 0.005 0.016 0.065
205 K 0.05 0.149 0.037 0.036 0.008 0.048 0.062 0.038 0.019 0.024 0.04 0.305 0.014 0.014 0.024 0.047 0.035 0.005 0.016 0.03
206 S 0.185 0.034 0.041 0.039 0.017 0.028 0.044 0.064 0.016 0.031 0.043 0.046 0.015 0.019 0.027 0.22 0.065 0.005 0.016 0.046
207 A 0.306 0.027 0.022 0.025 0.019 0.022 0.034 0.063 0.012 0.058 0.065 0.038 0.018 0.022 0.025 0.069 0.045 0.005 0.016 0.108
208 F 0.033 0.02 0.017 0.016 0.009 0.013 0.02 0.023 0.024 0.052 0.09 0.021 0.021 0.335 0.011 0.025 0.024 0.019 0.18 0.047
209 Y 0.04 0.022 0.018 0.016 0.011 0.016 0.022 0.022 0.028 0.067 0.106 0.025 0.022 0.175 0.013 0.027 0.028 0.018 0.226 0.096
210 L 0.042 0.021 0.015 0.015 0.013 0.015 0.02 0.021 0.015 0.094 0.264 0.023 0.034 0.124 0.013 0.025 0.031 0.011 0.09 0.115
211 S 0.142 0.035 0.045 0.042 0.017 0.029 0.046 0.062 0.017 0.029 0.041 0.048 0.015 0.019 0.027 0.255 0.07 0.005 0.016 0.042
212 L 0.056 0.025 0.026 0.024 0.014 0.02 0.026 0.116 0.012 0.108 0.151 0.032 0.06 0.032 0.018 0.049 0.127 0.006 0.017 0.081
213 L 0.097 0.023 0.015 0.016 0.016 0.016 0.022 0.029 0.01 0.103 0.306 0.026 0.037 0.041 0.016 0.033 0.036 0.006 0.019 0.133
214 A 0.154 0.028 0.025 0.024 0.014 0.022 0.032 0.045 0.023 0.048 0.117 0.035 0.021 0.058 0.02 0.087 0.041 0.012 0.138 0.056
215 L 0.041 0.02 0.013 0.015 0.015 0.014 0.018 0.019 0.009 0.182 0.339 0.022 0.041 0.047 0.013 0.022 0.032 0.006 0.02 0.112
216 V 0.155 0.023 0.017 0.019 0.017 0.017 0.025 0.038 0.01 0.122 0.152 0.029 0.028 0.032 0.019 0.044 0.042 0.005 0.018 0.188
217 L 0.046 0.02 0.013 0.014 0.101 0.014 0.018 0.021 0.009 0.124 0.311 0.022 0.037 0.042 0.013 0.025 0.033 0.006 0.018 0.112
218 L 0.052 0.019 0.014 0.015 0.102 0.014 0.018 0.022 0.008 0.148 0.219 0.022 0.033 0.037 0.014 0.027 0.037 0.005 0.018 0.176
219 L 0.1 0.023 0.016 0.017 0.015 0.017 0.024 0.03 0.015 0.098 0.203 0.027 0.03 0.05 0.016 0.035 0.037 0.009 0.079 0.158
220 L 0.043 0.019 0.014 0.015 0.014 0.013 0.018 0.021 0.01 0.164 0.232 0.021 0.034 0.132 0.013 0.024 0.033 0.008 0.033 0.14
221 L 0.04 0.019 0.013 0.015 0.014 0.013 0.017 0.02 0.01 0.174 0.284 0.022 0.038 0.112 0.013 0.022 0.031 0.008 0.03 0.106
222 K 0.051 0.108 0.038 0.037 0.008 0.048 0.064 0.039 0.019 0.025 0.039 0.336 0.014 0.014 0.025 0.048 0.036 0.005 0.016 0.03
223 I 0.049 0.023 0.075 0.026 0.014 0.018 0.024 0.027 0.012 0.2 0.124 0.028 0.051 0.034 0.015 0.033 0.04 0.005 0.018 0.183
224 F 0.042 0.066 0.024 0.023 0.01 0.023 0.032 0.029 0.021 0.046 0.094 0.084 0.02 0.225 0.015 0.052 0.031 0.013 0.106 0.045
225 K 0.049 0.127 0.091 0.041 0.009 0.041 0.062 0.039 0.019 0.04 0.048 0.204 0.015 0.017 0.021 0.047 0.038 0.005 0.016 0.069
226 I 0.041 0.019 0.014 0.016 0.014 0.013 0.018 0.02 0.013 0.225 0.195 0.022 0.034 0.09 0.013 0.024 0.033 0.009 0.061 0.126
227 K 0.05 0.071 0.104 0.056 0.008 0.092 0.124 0.042 0.024 0.023 0.037 0.173 0.014 0.015 0.023 0.053 0.038 0.005 0.016 0.03
228 K 0.058 0.108 0.042 0.042 0.009 0.054 0.072 0.044 0.021 0.028 0.044 0.271 0.016 0.016 0.028 0.054 0.04 0.005 0.017 0.033
229 L 0.052 0.022 0.019 0.019 0.015 0.015 0.022 0.024 0.01 0.13 0.173 0.025 0.03 0.103 0.015 0.035 0.082 0.007 0.029 0.173
230 S 0.072 0.032 0.049 0.05 0.013 0.026 0.041 0.045 0.02 0.032 0.044 0.042 0.014 0.035 0.109 0.155 0.097 0.008 0.076 0.041
231 E 0.058 0.055 0.042 0.093 0.009 0.088 0.191 0.04 0.022 0.023 0.036 0.111 0.013 0.015 0.024 0.09 0.041 0.005 0.016 0.03
232 L 0.054 0.062 0.088 0.037 0.012 0.031 0.042 0.039 0.017 0.077 0.137 0.131 0.023 0.026 0.02 0.082 0.043 0.005 0.017 0.058
233 I 0.051 0.035 0.02 0.022 0.014 0.022 0.029 0.025 0.011 0.206 0.124 0.084 0.036 0.034 0.017 0.033 0.049 0.005 0.019 0.161
234 L 0.046 0.023 0.015 0.015 0.014 0.016 0.021 0.021 0.016 0.104 0.286 0.025 0.037 0.062 0.014 0.026 0.033 0.01 0.088 0.126
235 S 0.063 0.105 0.089 0.041 0.013 0.039 0.043 0.044 0.019 0.085 0.065 0.058 0.019 0.023 0.021 0.115 0.075 0.005 0.017 0.063
236 I 0.122 0.034 0.018 0.019 0.013 0.017 0.025 0.036 0.015 0.126 0.09 0.029 0.022 0.099 0.016 0.038 0.033 0.097 0.064 0.088
237 L 0.046 0.02 0.016 0.017 0.057 0.014 0.02 0.023 0.012 0.152 0.164 0.023 0.029 0.111 0.014 0.03 0.052 0.009 0.059 0.134
238 E 0.05 0.04 0.151 0.071 0.008 0.042 0.199 0.128 0.023 0.02 0.031 0.056 0.011 0.015 0.021 0.054 0.036 0.005 0.014 0.026
239 K 0.047 0.19 0.048 0.036 0.008 0.085 0.061 0.036 0.021 0.034 0.044 0.202 0.015 0.015 0.021 0.046 0.035 0.005 0.016 0.034
240 Y 0.042 0.021 0.016 0.016 0.012 0.016 0.021 0.022 0.02 0.136 0.123 0.024 0.025 0.068 0.013 0.025 0.031 0.101 0.146 0.122
241 S 0.125 0.03 0.034 0.032 0.017 0.024 0.037 0.048 0.013 0.063 0.065 0.04 0.019 0.023 0.024 0.139 0.127 0.005 0.017 0.119
242 L 0.042 0.022 0.014 0.015 0.014 0.016 0.019 0.021 0.01 0.139 0.331 0.024 0.074 0.047 0.013 0.024 0.032 0.024 0.022 0.097
243 L 0.051 0.023 0.019 0.02 0.015 0.017 0.024 0.025 0.01 0.128 0.205 0.028 0.03 0.034 0.103 0.037 0.082 0.005 0.018 0.127
244 V 0.1 0.02 0.016 0.018 0.016 0.015 0.021 0.029 0.01 0.178 0.117 0.025 0.027 0.101 0.016 0.034 0.038 0.007 0.029 0.184
245 C 0.075 0.024 0.03 0.028 0.187 0.019 0.028 0.126 0.012 0.05 0.056 0.032 0.016 0.02 0.019 0.122 0.048 0.004 0.014 0.09
246 T 0.159 0.029 0.03 0.029 0.017 0.023 0.033 0.047 0.012 0.079 0.073 0.038 0.026 0.024 0.024 0.072 0.179 0.005 0.017 0.083
247 L 0.044 0.02 0.014 0.015 0.014 0.013 0.018 0.02 0.01 0.152 0.259 0.022 0.036 0.11 0.013 0.024 0.033 0.007 0.03 0.145
248 I 0.095 0.018 0.015 0.018 0.016 0.014 0.02 0.028 0.009 0.281 0.135 0.025 0.03 0.037 0.016 0.032 0.038 0.005 0.018 0.15
249 P 0.11 0.026 0.026 0.031 0.012 0.021 0.036 0.044 0.013 0.027 0.037 0.04 0.011 0.014 0.369 0.088 0.042 0.003 0.013 0.036
250 I 0.048 0.017 0.017 0.019 0.014 0.013 0.017 0.108 0.009 0.284 0.131 0.023 0.029 0.036 0.014 0.027 0.035 0.005 0.017 0.138
251 L 0.049 0.023 0.019 0.019 0.015 0.017 0.023 0.025 0.011 0.118 0.182 0.027 0.064 0.105 0.015 0.036 0.081 0.007 0.029 0.134
252 L 0.045 0.024 0.017 0.017 0.015 0.016 0.021 0.023 0.01 0.096 0.37 0.026 0.041 0.045 0.015 0.032 0.078 0.006 0.02 0.084
253 T 0.074 0.031 0.038 0.035 0.016 0.025 0.036 0.043 0.013 0.089 0.068 0.041 0.019 0.024 0.024 0.143 0.188 0.005 0.017 0.072
254 Y 0.037 0.03 0.021 0.02 0.008 0.061 0.035 0.026 0.031 0.038 0.064 0.034 0.018 0.145 0.013 0.03 0.026 0.106 0.217 0.04
255 L 0.101 0.025 0.021 0.021 0.015 0.018 0.026 0.035 0.012 0.073 0.249 0.029 0.031 0.105 0.017 0.076 0.039 0.007 0.029 0.069
256 Y 0.037 0.025 0.02 0.017 0.008 0.02 0.025 0.023 0.042 0.04 0.062 0.028 0.017 0.119 0.014 0.028 0.025 0.025 0.38 0.042
257 G 0.099 0.094 0.095 0.116 0.01 0.033 0.099 0.132 0.019 0.023 0.035 0.056 0.011 0.016 0.021 0.054 0.036 0.005 0.014 0.031
258 A 0.089 0.037 0.087 0.036 0.012 0.068 0.044 0.041 0.023 0.043 0.07 0.046 0.053 0.039 0.037 0.055 0.084 0.009 0.078 0.051
259 R 0.047 0.28 0.082 0.035 0.008 0.037 0.043 0.122 0.021 0.021 0.038 0.086 0.013 0.016 0.018 0.053 0.034 0.005 0.015 0.027
260 L 0.05 0.029 0.095 0.033 0.013 0.022 0.031 0.035 0.02 0.068 0.179 0.035 0.025 0.046 0.018 0.069 0.085 0.009 0.078 0.061
261 P 0.063 0.048 0.031 0.033 0.01 0.025 0.038 0.125 0.014 0.023 0.034 0.082 0.011 0.014 0.281 0.084 0.039 0.004 0.013 0.029
262 F 0.033 0.019 0.015 0.015 0.011 0.011 0.018 0.022 0.014 0.07 0.188 0.019 0.029 0.342 0.01 0.023 0.025 0.013 0.065 0.06
263 L 0.039 0.025 0.075 0.025 0.012 0.018 0.024 0.028 0.015 0.077 0.242 0.028 0.066 0.139 0.013 0.031 0.032 0.008 0.034 0.067
264 D 0.041 0.03 0.035 0.166 0.01 0.064 0.053 0.03 0.02 0.13 0.077 0.039 0.02 0.04 0.017 0.037 0.033 0.008 0.076 0.073
265 Q 0.099 0.047 0.033 0.042 0.011 0.145 0.113 0.039 0.043 0.07 0.062 0.061 0.026 0.02 0.021 0.05 0.037 0.005 0.02 0.055
266 L 0.041 0.022 0.013 0.014 0.015 0.015 0.019 0.02 0.009 0.104 0.418 0.024 0.056 0.049 0.013 0.023 0.031 0.007 0.02 0.087
267 N 0.039 0.039 0.344 0.117 0.008 0.03 0.049 0.057 0.027 0.02 0.028 0.048 0.01 0.016 0.019 0.062 0.043 0.004 0.014 0.024
268 N 0.045 0.096 0.144 0.049 0.01 0.033 0.09 0.037 0.02 0.059 0.113 0.054 0.02 0.024 0.018 0.046 0.047 0.005 0.016 0.073
269 L 0.082 0.02 0.016 0.017 0.015 0.014 0.02 0.027 0.01 0.164 0.221 0.024 0.033 0.107 0.015 0.032 0.043 0.007 0.029 0.102
270 L 0.04 0.022 0.013 0.014 0.015 0.015 0.018 0.019 0.009 0.105 0.432 0.023 0.045 0.05 0.013 0.022 0.03 0.006 0.02 0.087
271 T 0.066 0.032 0.039 0.034 0.016 0.025 0.036 0.039 0.013 0.048 0.059 0.041 0.018 0.022 0.025 0.084 0.315 0.005 0.016 0.065
272 G 0.076 0.023 0.038 0.033 0.011 0.019 0.027 0.472 0.013 0.019 0.028 0.034 0.01 0.015 0.019 0.087 0.035 0.005 0.011 0.025
273 R 0.041 0.405 0.035 0.028 0.007 0.044 0.048 0.03 0.021 0.021 0.042 0.109 0.014 0.016 0.018 0.041 0.032 0.005 0.016 0.028
274 L 0.04 0.022 0.013 0.014 0.015 0.015 0.018 0.019 0.009 0.105 0.432 0.023 0.045 0.05 0.013 0.022 0.03 0.006 0.02 0.087
275 Y 0.053 0.104 0.034 0.032 0.009 0.114 0.056 0.035 0.03 0.029 0.048 0.064 0.017 0.05 0.019 0.082 0.039 0.012 0.138 0.036
276 L 0.04 0.022 0.013 0.014 0.015 0.015 0.018 0.019 0.009 0.105 0.432 0.023 0.045 0.05 0.013 0.022 0.03 0.006 0.02 0.087
277 G 0.071 0.021 0.036 0.031 0.01 0.017 0.023 0.555 0.012 0.017 0.026 0.031 0.009 0.015 0.017 0.047 0.027 0.005 0.01 0.022
278 Y 0.047 0.029 0.038 0.025 0.01 0.022 0.031 0.032 0.077 0.043 0.113 0.032 0.02 0.065 0.015 0.072 0.034 0.101 0.15 0.043
279 K 0.102 0.058 0.089 0.04 0.011 0.075 0.054 0.045 0.019 0.047 0.054 0.147 0.017 0.018 0.022 0.053 0.041 0.005 0.017 0.086
280 A 0.316 0.029 0.025 0.028 0.019 0.024 0.037 0.067 0.013 0.04 0.055 0.041 0.016 0.02 0.027 0.078 0.081 0.005 0.016 0.063
281 L 0.04 0.084 0.018 0.018 0.013 0.019 0.023 0.022 0.012 0.16 0.202 0.037 0.045 0.106 0.013 0.026 0.032 0.007 0.029 0.095
282 S 0.07 0.095 0.096 0.042 0.013 0.03 0.042 0.048 0.018 0.077 0.056 0.055 0.017 0.022 0.022 0.167 0.056 0.005 0.016 0.055
283 L 0.045 0.029 0.139 0.038 0.013 0.021 0.03 0.036 0.016 0.106 0.189 0.034 0.027 0.032 0.017 0.046 0.084 0.005 0.017 0.075
284 Y 0.036 0.024 0.019 0.017 0.009 0.018 0.024 0.023 0.038 0.043 0.069 0.027 0.018 0.173 0.013 0.027 0.025 0.024 0.33 0.044
285 G 0.057 0.04 0.096 0.063 0.009 0.027 0.04 0.3 0.061 0.02 0.029 0.088 0.01 0.016 0.019 0.049 0.031 0.005 0.016 0.024
286 I 0.05 0.017 0.014 0.016 0.016 0.013 0.018 0.02 0.008 0.275 0.141 0.022 0.032 0.038 0.014 0.025 0.039 0.005 0.019 0.219
287 P 0.058 0.045 0.096 0.056 0.011 0.031 0.047 0.045 0.071 0.028 0.038 0.094 0.013 0.018 0.109 0.095 0.088 0.005 0.02 0.034
288 L 0.039 0.022 0.014 0.014 0.014 0.015 0.019 0.02 0.011 0.096 0.361 0.023 0.054 0.115 0.012 0.023 0.03 0.008 0.03 0.081
289 F 0.032 0.018 0.015 0.015 0.01 0.01 0.017 0.022 0.014 0.066 0.159 0.018 0.027 0.377 0.01 0.023 0.024 0.014 0.071 0.056
290 G 0.071 0.021 0.036 0.031 0.01 0.017 0.023 0.555 0.012 0.017 0.026 0.031 0.009 0.015 0.017 0.047 0.027 0.005 0.01 0.022
291 Q 0.049 0.062 0.097 0.048 0.008 0.244 0.085 0.041 0.027 0.023 0.04 0.077 0.017 0.014 0.021 0.053 0.039 0.005 0.018 0.031
292 K 0.048 0.108 0.091 0.049 0.008 0.042 0.103 0.039 0.02 0.023 0.036 0.166 0.012 0.014 0.108 0.049 0.036 0.004 0.015 0.028
293 I 0.043 0.017 0.026 0.018 0.015 0.013 0.017 0.02 0.009 0.327 0.149 0.022 0.033 0.039 0.014 0.024 0.036 0.005 0.019 0.156
294 L 0.045 0.025 0.014 0.015 0.016 0.016 0.021 0.022 0.01 0.117 0.365 0.026 0.05 0.056 0.014 0.025 0.034 0.007 0.023 0.098
295 R 0.046 0.153 0.031 0.089 0.01 0.033 0.094 0.028 0.016 0.106 0.073 0.062 0.019 0.023 0.018 0.038 0.035 0.005 0.016 0.105
296 W 0.029 0.021 0.015 0.014 0.007 0.014 0.021 0.045 0.014 0.027 0.047 0.021 0.014 0.054 0.007 0.022 0.021 0.521 0.06 0.027
297 V 0.049 0.03 0.151 0.047 0.012 0.026 0.074 0.037 0.017 0.116 0.08 0.039 0.02 0.026 0.017 0.044 0.042 0.005 0.017 0.151
298 T 0.053 0.03 0.088 0.035 0.031 0.023 0.032 0.037 0.018 0.051 0.107 0.037 0.02 0.059 0.02 0.061 0.174 0.008 0.06 0.057
299 E 0.099 0.038 0.041 0.048 0.01 0.069 0.15 0.039 0.024 0.028 0.043 0.053 0.014 0.032 0.108 0.05 0.035 0.008 0.076 0.037
300 D 0.047 0.042 0.051 0.246 0.009 0.105 0.078 0.04 0.019 0.026 0.037 0.064 0.013 0.015 0.022 0.055 0.081 0.004 0.014 0.032
301 L 0.042 0.096 0.083 0.032 0.01 0.068 0.041 0.031 0.023 0.091 0.127 0.052 0.023 0.042 0.016 0.038 0.034 0.009 0.078 0.063
302 Y 0.083 0.025 0.019 0.019 0.012 0.019 0.025 0.03 0.023 0.062 0.148 0.029 0.059 0.132 0.015 0.042 0.032 0.014 0.15 0.061
303 G 0.059 0.022 0.029 0.026 0.012 0.017 0.024 0.291 0.012 0.044 0.112 0.029 0.019 0.093 0.017 0.045 0.075 0.007 0.024 0.045
304 S 0.072 0.109 0.1 0.046 0.012 0.036 0.05 0.052 0.02 0.025 0.037 0.108 0.014 0.017 0.024 0.171 0.056 0.005 0.016 0.033
305 I 0.101 0.028 0.023 0.04 0.013 0.03 0.135 0.032 0.014 0.151 0.091 0.041 0.022 0.027 0.019 0.042 0.038 0.005 0.017 0.129
306 F 0.064 0.04 0.037 0.035 0.013 0.082 0.05 0.041 0.019 0.041 0.063 0.049 0.019 0.12 0.022 0.107 0.108 0.008 0.034 0.048
307 G 0.059 0.022 0.033 0.096 0.011 0.018 0.032 0.291 0.012 0.054 0.109 0.03 0.018 0.023 0.017 0.04 0.031 0.005 0.013 0.085
308 A 0.129 0.039 0.09 0.048 0.013 0.074 0.1 0.049 0.02 0.063 0.054 0.052 0.017 0.02 0.022 0.078 0.058 0.005 0.016 0.054
309 Y 0.036 0.023 0.018 0.016 0.009 0.017 0.023 0.022 0.032 0.059 0.107 0.025 0.021 0.191 0.013 0.026 0.026 0.021 0.263 0.052
310 L 0.04 0.025 0.074 0.024 0.014 0.017 0.023 0.026 0.012 0.091 0.365 0.027 0.039 0.044 0.014 0.029 0.033 0.006 0.019 0.077
311 Y 0.037 0.025 0.02 0.017 0.008 0.02 0.025 0.023 0.042 0.04 0.062 0.028 0.017 0.119 0.014 0.028 0.025 0.025 0.38 0.042
312 V 0.064 0.02 0.015 0.016 0.017 0.015 0.021 0.022 0.007 0.15 0.118 0.024 0.029 0.032 0.015 0.03 0.045 0.005 0.019 0.335
313 D 0.037 0.027 0.063 0.452 0.007 0.027 0.083 0.042 0.017 0.02 0.025 0.041 0.008 0.014 0.02 0.047 0.032 0.003 0.01 0.022
314 S 0.185 0.034 0.041 0.039 0.017 0.028 0.044 0.064 0.016 0.031 0.043 0.046 0.015 0.019 0.027 0.22 0.065 0.005 0.016 0.046
315 S 0.1 0.036 0.049 0.044 0.016 0.03 0.048 0.06 0.017 0.027 0.038 0.049 0.014 0.019 0.027 0.291 0.075 0.005 0.016 0.038
316 F 0.032 0.019 0.016 0.016 0.009 0.011 0.019 0.023 0.02 0.055 0.097 0.019 0.022 0.389 0.01 0.024 0.023 0.017 0.131 0.049
317 L 0.045 0.023 0.014 0.015 0.015 0.017 0.02 0.021 0.01 0.11 0.338 0.025 0.074 0.046 0.014 0.025 0.034 0.006 0.02 0.128
318 N 0.039 0.041 0.379 0.076 0.008 0.031 0.045 0.059 0.029 0.02 0.029 0.049 0.01 0.016 0.018 0.063 0.045 0.004 0.014 0.025
319 I 0.044 0.018 0.014 0.016 0.015 0.014 0.018 0.02 0.009 0.296 0.157 0.023 0.067 0.041 0.014 0.024 0.036 0.006 0.019 0.148
320 L 0.041 0.022 0.013 0.014 0.015 0.015 0.019 0.02 0.009 0.104 0.424 0.023 0.051 0.05 0.013 0.022 0.031 0.006 0.02 0.087
