#Seq2Logo.py -f /work3/idamei/ssn-clusterings/clustering/2205111339/clusters/0006_741/sequences.afa -o /work3/idamei/ssn-clusterings/clustering/2205111339/clusters/0006_741/sequences.logo
#Position Specific Frequency Matrix
A R N D C Q E G H I L K M F P S T W Y V
0 L 0.051 0.032 0.02 0.02 0.016 0.028 0.028 0.028 0.016 0.099 0.194 0.036 0.173 0.047 0.016 0.036 0.04 0.008 0.024 0.091
1 A 0.15 0.034 0.038 0.036 0.019 0.027 0.042 0.059 0.015 0.054 0.063 0.046 0.019 0.023 0.028 0.123 0.119 0.005 0.018 0.081
2 N 0.076 0.043 0.185 0.066 0.013 0.034 0.051 0.066 0.025 0.026 0.037 0.054 0.013 0.019 0.025 0.144 0.066 0.005 0.017 0.035
3 D 0.044 0.024 0.042 0.207 0.012 0.022 0.055 0.034 0.014 0.146 0.098 0.034 0.023 0.03 0.019 0.039 0.038 0.005 0.016 0.101
4 R 0.045 0.343 0.039 0.031 0.008 0.049 0.052 0.033 0.023 0.023 0.047 0.121 0.016 0.017 0.019 0.045 0.035 0.006 0.017 0.031
5 G 0.079 0.023 0.039 0.034 0.011 0.019 0.026 0.508 0.014 0.019 0.028 0.034 0.009 0.016 0.019 0.051 0.03 0.005 0.011 0.024
6 V 0.07 0.022 0.017 0.018 0.019 0.017 0.023 0.025 0.008 0.165 0.131 0.026 0.032 0.036 0.017 0.033 0.05 0.006 0.021 0.266
7 I 0.047 0.018 0.015 0.018 0.016 0.013 0.018 0.021 0.009 0.269 0.168 0.024 0.037 0.044 0.015 0.025 0.04 0.006 0.021 0.177
8 E 0.055 0.05 0.041 0.091 0.007 0.065 0.294 0.035 0.026 0.022 0.037 0.076 0.013 0.017 0.026 0.055 0.037 0.006 0.017 0.031
9 I 0.047 0.018 0.015 0.018 0.016 0.013 0.018 0.021 0.009 0.269 0.168 0.024 0.037 0.044 0.015 0.025 0.04 0.006 0.021 0.177
10 L 0.052 0.032 0.02 0.02 0.016 0.028 0.028 0.028 0.016 0.101 0.197 0.036 0.158 0.048 0.016 0.036 0.04 0.008 0.024 0.093
11 N 0.043 0.045 0.315 0.083 0.009 0.034 0.05 0.065 0.032 0.023 0.032 0.054 0.011 0.018 0.02 0.07 0.05 0.005 0.016 0.027
12 D 0.041 0.03 0.069 0.395 0.008 0.03 0.092 0.047 0.019 0.022 0.028 0.045 0.009 0.015 0.022 0.052 0.036 0.004 0.011 0.024
13 L 0.052 0.032 0.02 0.02 0.016 0.028 0.028 0.028 0.016 0.101 0.197 0.036 0.158 0.048 0.016 0.036 0.04 0.008 0.024 0.093
14 E 0.055 0.05 0.041 0.091 0.007 0.065 0.294 0.035 0.026 0.022 0.037 0.076 0.013 0.017 0.026 0.055 0.037 0.006 0.017 0.031
15 K 0.057 0.107 0.042 0.042 0.009 0.054 0.071 0.043 0.021 0.028 0.043 0.276 0.016 0.016 0.028 0.054 0.04 0.005 0.017 0.033
16 A 0.288 0.031 0.026 0.03 0.022 0.026 0.041 0.079 0.015 0.043 0.06 0.045 0.018 0.022 0.03 0.085 0.05 0.005 0.018 0.069
17 V 0.07 0.022 0.017 0.018 0.019 0.017 0.023 0.025 0.008 0.165 0.131 0.026 0.032 0.036 0.017 0.033 0.05 0.006 0.021 0.266
18 S 0.11 0.04 0.054 0.049 0.018 0.033 0.053 0.067 0.019 0.03 0.042 0.054 0.016 0.021 0.03 0.217 0.082 0.005 0.018 0.042
19 E 0.055 0.05 0.041 0.091 0.007 0.065 0.294 0.035 0.026 0.022 0.037 0.076 0.013 0.017 0.026 0.055 0.037 0.006 0.017 0.031
20 L 0.052 0.032 0.02 0.02 0.016 0.028 0.028 0.028 0.016 0.101 0.197 0.036 0.158 0.048 0.016 0.036 0.04 0.008 0.024 0.093
21 E 0.055 0.05 0.041 0.091 0.007 0.065 0.294 0.035 0.026 0.022 0.037 0.076 0.013 0.017 0.026 0.055 0.037 0.006 0.017 0.031
22 T 0.073 0.036 0.044 0.038 0.018 0.028 0.04 0.044 0.014 0.053 0.065 0.046 0.02 0.024 0.028 0.093 0.244 0.006 0.018 0.071
23 E 0.055 0.05 0.041 0.091 0.007 0.065 0.294 0.035 0.026 0.022 0.037 0.076 0.013 0.017 0.026 0.055 0.037 0.006 0.017 0.031
24 K 0.057 0.107 0.042 0.042 0.009 0.054 0.071 0.043 0.021 0.028 0.043 0.276 0.016 0.016 0.028 0.054 0.04 0.005 0.017 0.033
25 E 0.055 0.05 0.041 0.091 0.007 0.065 0.294 0.035 0.026 0.022 0.037 0.076 0.013 0.017 0.026 0.055 0.037 0.006 0.017 0.031
26 T 0.073 0.036 0.044 0.038 0.018 0.028 0.04 0.044 0.014 0.053 0.065 0.046 0.02 0.024 0.028 0.093 0.244 0.006 0.018 0.071
27 L 0.045 0.024 0.014 0.015 0.016 0.016 0.02 0.021 0.01 0.116 0.373 0.025 0.05 0.055 0.014 0.024 0.034 0.007 0.022 0.097
28 V 0.07 0.022 0.017 0.018 0.019 0.017 0.023 0.025 0.008 0.165 0.131 0.026 0.032 0.036 0.017 0.033 0.05 0.006 0.021 0.266
29 K 0.057 0.107 0.042 0.042 0.009 0.054 0.071 0.043 0.021 0.028 0.043 0.276 0.016 0.016 0.028 0.054 0.04 0.005 0.017 0.033
30 E 0.055 0.05 0.041 0.091 0.007 0.065 0.294 0.035 0.026 0.022 0.037 0.076 0.013 0.017 0.026 0.055 0.037 0.006 0.017 0.031
31 E 0.055 0.05 0.041 0.091 0.007 0.065 0.294 0.035 0.026 0.022 0.037 0.076 0.013 0.017 0.026 0.055 0.037 0.006 0.017 0.031
32 A 0.288 0.031 0.026 0.03 0.022 0.026 0.041 0.079 0.015 0.043 0.06 0.045 0.018 0.022 0.03 0.085 0.05 0.005 0.018 0.069
33 G 0.079 0.023 0.039 0.034 0.011 0.019 0.026 0.508 0.014 0.019 0.028 0.034 0.009 0.016 0.019 0.051 0.03 0.005 0.011 0.024
34 E 0.055 0.05 0.041 0.091 0.007 0.065 0.294 0.035 0.026 0.022 0.037 0.076 0.013 0.017 0.026 0.055 0.037 0.006 0.017 0.031
35 S 0.11 0.04 0.054 0.049 0.018 0.033 0.053 0.067 0.019 0.03 0.042 0.054 0.016 0.021 0.03 0.217 0.082 0.005 0.018 0.042
36 E 0.055 0.05 0.041 0.091 0.007 0.065 0.294 0.035 0.026 0.022 0.037 0.076 0.013 0.017 0.026 0.055 0.037 0.006 0.017 0.031
37 K 0.057 0.107 0.042 0.042 0.009 0.054 0.071 0.043 0.021 0.028 0.043 0.276 0.016 0.016 0.028 0.054 0.04 0.005 0.017 0.033
38 A 0.288 0.031 0.026 0.03 0.022 0.026 0.041 0.079 0.015 0.043 0.06 0.045 0.018 0.022 0.03 0.085 0.05 0.005 0.018 0.069
39 P 0.056 0.058 0.033 0.051 0.009 0.044 0.125 0.037 0.019 0.033 0.054 0.123 0.028 0.018 0.166 0.049 0.038 0.005 0.016 0.038
40 E 0.053 0.057 0.037 0.086 0.01 0.049 0.16 0.036 0.021 0.042 0.077 0.116 0.053 0.024 0.023 0.049 0.038 0.006 0.018 0.046
41 K 0.056 0.091 0.041 0.053 0.008 0.055 0.129 0.041 0.022 0.026 0.041 0.235 0.015 0.016 0.027 0.053 0.038 0.005 0.017 0.032
42 K 0.049 0.071 0.034 0.046 0.008 0.046 0.117 0.037 0.02 0.027 0.043 0.169 0.015 0.027 0.022 0.046 0.034 0.129 0.029 0.031
43 E 0.059 0.04 0.036 0.061 0.011 0.044 0.172 0.037 0.019 0.03 0.043 0.059 0.014 0.017 0.145 0.061 0.091 0.005 0.016 0.041
44 D 0.068 0.033 0.056 0.193 0.013 0.029 0.062 0.089 0.017 0.031 0.04 0.046 0.013 0.018 0.025 0.106 0.102 0.005 0.014 0.04
45 I 0.049 0.019 0.015 0.017 0.015 0.013 0.019 0.023 0.011 0.183 0.161 0.023 0.033 0.13 0.014 0.027 0.038 0.009 0.037 0.164
46 R 0.05 0.23 0.04 0.036 0.008 0.05 0.061 0.037 0.022 0.025 0.044 0.204 0.015 0.016 0.023 0.048 0.037 0.005 0.017 0.031
47 E 0.052 0.041 0.034 0.071 0.009 0.051 0.235 0.031 0.021 0.087 0.069 0.062 0.019 0.023 0.023 0.047 0.037 0.006 0.017 0.067
48 E 0.055 0.075 0.042 0.056 0.008 0.142 0.145 0.04 0.026 0.025 0.043 0.136 0.017 0.015 0.025 0.054 0.039 0.006 0.018 0.033
49 L 0.041 0.023 0.015 0.015 0.015 0.015 0.02 0.022 0.012 0.101 0.317 0.023 0.043 0.139 0.013 0.024 0.031 0.009 0.038 0.085
50 D 0.049 0.049 0.041 0.138 0.01 0.055 0.124 0.036 0.019 0.046 0.123 0.091 0.022 0.025 0.022 0.046 0.036 0.005 0.017 0.046
51 K 0.117 0.087 0.037 0.038 0.012 0.046 0.062 0.051 0.019 0.031 0.047 0.228 0.016 0.017 0.028 0.06 0.042 0.005 0.017 0.041
52 Y 0.045 0.046 0.024 0.023 0.011 0.028 0.036 0.028 0.031 0.057 0.141 0.094 0.025 0.082 0.018 0.035 0.032 0.017 0.174 0.055
53 E 0.059 0.137 0.041 0.054 0.009 0.051 0.139 0.079 0.022 0.024 0.04 0.134 0.014 0.017 0.024 0.066 0.04 0.005 0.016 0.031
54 K 0.069 0.089 0.044 0.043 0.011 0.048 0.065 0.048 0.02 0.028 0.042 0.23 0.015 0.017 0.028 0.097 0.05 0.005 0.017 0.035
55 P 0.085 0.027 0.029 0.03 0.014 0.021 0.035 0.043 0.015 0.048 0.066 0.037 0.018 0.113 0.181 0.088 0.046 0.007 0.034 0.063
56 L 0.074 0.026 0.018 0.02 0.017 0.022 0.025 0.029 0.013 0.15 0.165 0.032 0.102 0.042 0.017 0.036 0.042 0.007 0.022 0.141
57 D 0.047 0.039 0.054 0.248 0.007 0.047 0.198 0.04 0.022 0.022 0.032 0.059 0.011 0.016 0.024 0.053 0.036 0.005 0.014 0.027
58 R 0.045 0.334 0.038 0.031 0.008 0.048 0.053 0.033 0.023 0.023 0.046 0.133 0.015 0.017 0.02 0.045 0.035 0.006 0.017 0.031
59 L 0.051 0.026 0.018 0.018 0.015 0.021 0.024 0.026 0.014 0.106 0.157 0.029 0.101 0.132 0.015 0.032 0.038 0.009 0.039 0.129
60 Y 0.04 0.028 0.021 0.018 0.009 0.021 0.028 0.025 0.046 0.043 0.067 0.031 0.018 0.129 0.015 0.031 0.028 0.028 0.328 0.046
61 W 0.035 0.025 0.018 0.017 0.008 0.018 0.025 0.027 0.03 0.036 0.06 0.027 0.017 0.094 0.011 0.027 0.025 0.264 0.198 0.038
62 I 0.042 0.018 0.015 0.017 0.014 0.012 0.018 0.022 0.011 0.209 0.148 0.022 0.033 0.161 0.013 0.025 0.034 0.009 0.043 0.134
63 F 0.033 0.019 0.017 0.017 0.01 0.01 0.019 0.025 0.017 0.062 0.113 0.019 0.025 0.396 0.01 0.025 0.025 0.017 0.087 0.054
64 L 0.044 0.024 0.014 0.015 0.016 0.016 0.02 0.021 0.01 0.114 0.385 0.025 0.049 0.054 0.014 0.024 0.033 0.007 0.022 0.095
65 G 0.129 0.025 0.026 0.026 0.017 0.02 0.029 0.162 0.011 0.087 0.08 0.034 0.021 0.026 0.021 0.055 0.061 0.005 0.017 0.145
66 I 0.053 0.019 0.015 0.017 0.016 0.014 0.02 0.022 0.009 0.21 0.167 0.024 0.035 0.071 0.015 0.027 0.041 0.007 0.026 0.193
67 L 0.045 0.026 0.092 0.033 0.014 0.019 0.026 0.031 0.015 0.175 0.187 0.031 0.033 0.04 0.016 0.035 0.04 0.006 0.02 0.117
68 L 0.044 0.022 0.014 0.016 0.016 0.015 0.019 0.021 0.01 0.156 0.33 0.025 0.046 0.051 0.014 0.024 0.034 0.007 0.022 0.115
69 V 0.061 0.021 0.021 0.021 0.016 0.016 0.021 0.146 0.01 0.162 0.137 0.027 0.029 0.035 0.016 0.034 0.039 0.006 0.018 0.165
70 Y 0.048 0.029 0.027 0.023 0.011 0.023 0.03 0.029 0.038 0.045 0.067 0.034 0.019 0.102 0.018 0.046 0.085 0.022 0.25 0.052
71 E 0.052 0.042 0.107 0.073 0.008 0.045 0.175 0.042 0.024 0.023 0.035 0.061 0.012 0.016 0.143 0.055 0.039 0.004 0.015 0.03
72 L 0.049 0.024 0.022 0.022 0.015 0.017 0.024 0.027 0.012 0.128 0.182 0.028 0.032 0.129 0.017 0.041 0.089 0.009 0.037 0.098
73 L 0.043 0.025 0.016 0.017 0.015 0.018 0.022 0.024 0.013 0.097 0.269 0.026 0.074 0.138 0.014 0.027 0.033 0.01 0.039 0.084
74 G 0.125 0.025 0.029 0.028 0.015 0.02 0.028 0.283 0.013 0.048 0.125 0.034 0.021 0.027 0.02 0.052 0.035 0.006 0.015 0.053
75 S 0.092 0.041 0.122 0.057 0.015 0.033 0.051 0.065 0.022 0.027 0.039 0.053 0.014 0.02 0.027 0.191 0.073 0.005 0.017 0.038
76 T 0.072 0.035 0.043 0.037 0.018 0.027 0.039 0.043 0.014 0.053 0.064 0.045 0.019 0.023 0.027 0.091 0.258 0.006 0.018 0.07
77 P 0.058 0.039 0.033 0.035 0.012 0.073 0.051 0.038 0.017 0.035 0.052 0.052 0.016 0.048 0.222 0.057 0.092 0.005 0.022 0.043
78 F 0.041 0.022 0.017 0.018 0.013 0.015 0.021 0.025 0.014 0.126 0.146 0.024 0.065 0.221 0.013 0.028 0.032 0.012 0.055 0.093
79 L 0.116 0.027 0.019 0.02 0.018 0.021 0.028 0.038 0.012 0.104 0.191 0.033 0.068 0.039 0.019 0.044 0.043 0.006 0.021 0.133
80 G 0.079 0.041 0.109 0.047 0.011 0.075 0.051 0.207 0.021 0.031 0.066 0.053 0.016 0.02 0.021 0.057 0.039 0.005 0.016 0.037
81 Y 0.043 0.033 0.097 0.035 0.011 0.026 0.033 0.035 0.035 0.052 0.09 0.038 0.055 0.081 0.017 0.041 0.036 0.017 0.174 0.052
82 L 0.047 0.022 0.015 0.016 0.015 0.015 0.02 0.023 0.011 0.113 0.253 0.024 0.038 0.135 0.014 0.026 0.035 0.009 0.038 0.131
83 G 0.078 0.025 0.028 0.026 0.014 0.02 0.027 0.154 0.02 0.098 0.081 0.033 0.021 0.053 0.019 0.049 0.071 0.011 0.094 0.078
84 A 0.123 0.036 0.034 0.032 0.016 0.042 0.043 0.048 0.024 0.043 0.06 0.045 0.018 0.048 0.025 0.083 0.115 0.011 0.095 0.058
85 W 0.04 0.044 0.021 0.021 0.01 0.025 0.034 0.031 0.015 0.05 0.133 0.09 0.024 0.047 0.014 0.03 0.029 0.253 0.043 0.047
86 L 0.042 0.022 0.016 0.017 0.014 0.015 0.02 0.023 0.015 0.136 0.22 0.024 0.048 0.143 0.013 0.026 0.033 0.011 0.064 0.1
87 G 0.148 0.029 0.032 0.031 0.015 0.024 0.035 0.172 0.023 0.034 0.05 0.039 0.015 0.047 0.023 0.087 0.044 0.011 0.093 0.047
88 G 0.09 0.03 0.038 0.047 0.011 0.03 0.097 0.36 0.016 0.021 0.033 0.044 0.011 0.017 0.021 0.054 0.033 0.005 0.013 0.029
89 A 0.133 0.033 0.031 0.028 0.015 0.028 0.037 0.087 0.102 0.056 0.112 0.04 0.058 0.032 0.021 0.053 0.038 0.007 0.029 0.061
90 L 0.052 0.028 0.024 0.022 0.015 0.022 0.027 0.029 0.014 0.085 0.196 0.032 0.079 0.101 0.017 0.045 0.09 0.009 0.032 0.081
91 P 0.057 0.062 0.036 0.05 0.009 0.059 0.119 0.078 0.02 0.025 0.038 0.135 0.013 0.015 0.144 0.051 0.037 0.005 0.016 0.031
92 G 0.047 0.03 0.112 0.134 0.009 0.024 0.047 0.164 0.019 0.023 0.035 0.038 0.011 0.027 0.017 0.048 0.034 0.128 0.026 0.026
93 L 0.06 0.027 0.022 0.022 0.017 0.021 0.027 0.029 0.012 0.124 0.199 0.032 0.069 0.041 0.017 0.052 0.062 0.006 0.021 0.14
94 D 0.061 0.031 0.053 0.223 0.011 0.028 0.067 0.048 0.017 0.025 0.033 0.046 0.011 0.016 0.144 0.094 0.047 0.004 0.013 0.03
95 P 0.065 0.024 0.025 0.028 0.012 0.019 0.03 0.153 0.012 0.058 0.057 0.035 0.015 0.019 0.259 0.042 0.037 0.004 0.014 0.091
96 E 0.051 0.056 0.049 0.147 0.008 0.136 0.15 0.04 0.025 0.024 0.039 0.075 0.016 0.015 0.023 0.054 0.038 0.005 0.017 0.031
97 L 0.047 0.044 0.021 0.021 0.014 0.025 0.032 0.026 0.013 0.092 0.299 0.091 0.04 0.044 0.017 0.031 0.034 0.007 0.021 0.079
98 A 0.181 0.027 0.026 0.027 0.017 0.021 0.031 0.173 0.013 0.054 0.132 0.036 0.023 0.028 0.023 0.06 0.04 0.006 0.017 0.064
99 G 0.087 0.025 0.027 0.026 0.015 0.021 0.026 0.235 0.013 0.077 0.097 0.033 0.056 0.029 0.018 0.045 0.038 0.006 0.017 0.108
100 L 0.047 0.025 0.016 0.017 0.016 0.019 0.022 0.023 0.012 0.151 0.266 0.028 0.087 0.049 0.015 0.028 0.037 0.007 0.022 0.113
101 I 0.046 0.018 0.014 0.017 0.016 0.013 0.018 0.02 0.009 0.268 0.184 0.023 0.037 0.044 0.014 0.025 0.039 0.006 0.02 0.167
102 F 0.063 0.027 0.027 0.025 0.014 0.02 0.03 0.035 0.022 0.074 0.087 0.032 0.023 0.145 0.018 0.08 0.046 0.014 0.113 0.105
103 D 0.065 0.053 0.052 0.137 0.01 0.129 0.086 0.048 0.024 0.026 0.04 0.069 0.016 0.016 0.024 0.098 0.049 0.005 0.017 0.034
104 G 0.09 0.031 0.045 0.04 0.014 0.025 0.037 0.289 0.016 0.026 0.036 0.043 0.013 0.019 0.024 0.129 0.07 0.005 0.014 0.035
105 I 0.054 0.021 0.015 0.017 0.017 0.016 0.02 0.022 0.009 0.213 0.174 0.025 0.047 0.042 0.015 0.028 0.042 0.006 0.021 0.196
106 L 0.053 0.026 0.023 0.022 0.015 0.018 0.025 0.029 0.013 0.092 0.178 0.029 0.043 0.128 0.017 0.043 0.09 0.009 0.037 0.109
107 N 0.046 0.06 0.255 0.072 0.009 0.038 0.054 0.059 0.028 0.023 0.034 0.112 0.012 0.017 0.022 0.065 0.046 0.005 0.016 0.028
108 L 0.044 0.024 0.014 0.015 0.016 0.016 0.02 0.021 0.01 0.114 0.385 0.025 0.049 0.054 0.014 0.024 0.033 0.007 0.022 0.095
109 R 0.044 0.355 0.038 0.031 0.008 0.048 0.052 0.032 0.023 0.023 0.046 0.118 0.015 0.017 0.019 0.044 0.034 0.006 0.017 0.031
110 F 0.038 0.022 0.017 0.017 0.012 0.015 0.021 0.024 0.022 0.07 0.169 0.023 0.029 0.244 0.013 0.026 0.028 0.017 0.131 0.062
111 L 0.044 0.024 0.014 0.015 0.016 0.016 0.02 0.021 0.01 0.114 0.385 0.025 0.049 0.054 0.014 0.024 0.033 0.007 0.022 0.095
112 I 0.046 0.017 0.014 0.017 0.016 0.013 0.017 0.02 0.009 0.282 0.165 0.023 0.036 0.044 0.014 0.025 0.039 0.006 0.02 0.174
113 A 0.179 0.025 0.02 0.023 0.019 0.02 0.03 0.05 0.011 0.132 0.103 0.034 0.025 0.03 0.022 0.056 0.047 0.005 0.019 0.147
114 I 0.054 0.019 0.015 0.017 0.017 0.014 0.019 0.022 0.008 0.242 0.153 0.024 0.035 0.041 0.015 0.027 0.042 0.006 0.02 0.209
115 P 0.056 0.025 0.023 0.031 0.01 0.02 0.036 0.036 0.013 0.025 0.036 0.041 0.01 0.013 0.501 0.043 0.036 0.003 0.013 0.031
116 A 0.301 0.031 0.025 0.029 0.021 0.025 0.04 0.077 0.015 0.043 0.059 0.044 0.017 0.021 0.029 0.084 0.049 0.005 0.017 0.068
117 I 0.045 0.018 0.015 0.017 0.015 0.013 0.018 0.022 0.011 0.217 0.149 0.022 0.033 0.131 0.014 0.025 0.036 0.008 0.037 0.153
118 Y 0.04 0.028 0.021 0.018 0.009 0.021 0.028 0.025 0.046 0.043 0.067 0.031 0.018 0.129 0.015 0.031 0.028 0.028 0.328 0.046
119 T 0.122 0.036 0.109 0.046 0.016 0.028 0.042 0.057 0.018 0.042 0.054 0.047 0.017 0.021 0.026 0.084 0.153 0.005 0.017 0.059
120 I 0.052 0.018 0.015 0.017 0.017 0.014 0.019 0.021 0.009 0.252 0.156 0.024 0.035 0.041 0.015 0.027 0.042 0.006 0.02 0.2
121 V 0.072 0.021 0.016 0.018 0.016 0.015 0.022 0.028 0.011 0.153 0.149 0.025 0.031 0.128 0.015 0.032 0.039 0.008 0.037 0.164
122 V 0.121 0.027 0.025 0.025 0.018 0.021 0.03 0.041 0.012 0.129 0.11 0.035 0.038 0.032 0.022 0.058 0.098 0.006 0.019 0.132
123 E 0.047 0.043 0.042 0.147 0.008 0.044 0.163 0.036 0.028 0.028 0.042 0.074 0.013 0.044 0.022 0.048 0.034 0.01 0.093 0.033
124 T 0.085 0.03 0.029 0.027 0.018 0.024 0.032 0.037 0.013 0.091 0.112 0.038 0.061 0.032 0.022 0.062 0.134 0.006 0.02 0.127
125 K 0.056 0.087 0.041 0.057 0.008 0.056 0.149 0.04 0.022 0.025 0.04 0.217 0.014 0.016 0.027 0.053 0.038 0.005 0.017 0.032
126 D 0.045 0.119 0.118 0.152 0.008 0.043 0.124 0.044 0.024 0.022 0.035 0.073 0.012 0.016 0.022 0.055 0.039 0.005 0.015 0.028
127 L 0.056 0.05 0.082 0.04 0.013 0.031 0.042 0.08 0.017 0.054 0.13 0.101 0.023 0.027 0.022 0.058 0.093 0.006 0.018 0.056
128 K 0.051 0.209 0.04 0.037 0.008 0.051 0.062 0.038 0.021 0.025 0.044 0.218 0.015 0.016 0.024 0.049 0.037 0.005 0.017 0.032
129 E 0.059 0.06 0.041 0.064 0.01 0.052 0.181 0.039 0.021 0.031 0.045 0.121 0.015 0.018 0.026 0.063 0.092 0.005 0.017 0.041
130 R 0.056 0.18 0.04 0.036 0.009 0.085 0.059 0.157 0.022 0.023 0.041 0.104 0.015 0.016 0.021 0.049 0.035 0.006 0.016 0.03
131 L 0.048 0.021 0.015 0.016 0.015 0.014 0.02 0.023 0.011 0.141 0.216 0.023 0.036 0.133 0.014 0.026 0.036 0.009 0.038 0.144
132 L 0.053 0.022 0.02 0.02 0.015 0.016 0.021 0.145 0.01 0.132 0.241 0.027 0.036 0.042 0.015 0.031 0.034 0.006 0.019 0.097
133 L 0.11 0.028 0.018 0.02 0.017 0.021 0.027 0.037 0.013 0.092 0.255 0.032 0.072 0.044 0.018 0.042 0.039 0.007 0.021 0.087
134 L 0.07 0.03 0.031 0.028 0.017 0.023 0.032 0.036 0.012 0.091 0.157 0.036 0.029 0.033 0.022 0.083 0.12 0.006 0.019 0.124
135 L 0.098 0.023 0.022 0.023 0.016 0.017 0.024 0.155 0.011 0.124 0.165 0.03 0.029 0.035 0.018 0.041 0.038 0.006 0.018 0.108
136 L 0.05 0.03 0.018 0.019 0.016 0.025 0.026 0.026 0.014 0.103 0.242 0.033 0.142 0.049 0.015 0.033 0.038 0.008 0.023 0.092
137 L 0.051 0.022 0.015 0.016 0.017 0.015 0.02 0.022 0.009 0.168 0.266 0.025 0.041 0.047 0.015 0.026 0.038 0.006 0.021 0.161
138 L 0.057 0.026 0.022 0.021 0.017 0.019 0.025 0.027 0.01 0.125 0.222 0.03 0.036 0.041 0.018 0.043 0.094 0.006 0.02 0.141
139 L 0.051 0.022 0.015 0.016 0.017 0.015 0.02 0.022 0.009 0.168 0.266 0.025 0.041 0.047 0.015 0.026 0.038 0.006 0.021 0.161
140 G 0.077 0.023 0.039 0.033 0.011 0.019 0.025 0.517 0.013 0.019 0.028 0.033 0.009 0.016 0.019 0.051 0.029 0.005 0.011 0.024
141 W 0.03 0.022 0.015 0.015 0.007 0.015 0.022 0.03 0.015 0.03 0.052 0.022 0.015 0.06 0.007 0.022 0.022 0.5 0.067 0.03
142 F 0.04 0.02 0.016 0.017 0.013 0.013 0.019 0.023 0.015 0.128 0.19 0.022 0.033 0.2 0.013 0.025 0.031 0.012 0.074 0.094
143 Y 0.055 0.028 0.028 0.025 0.012 0.022 0.031 0.035 0.032 0.044 0.072 0.033 0.019 0.169 0.018 0.079 0.04 0.019 0.19 0.047
144 A 0.285 0.031 0.028 0.031 0.021 0.026 0.041 0.076 0.015 0.041 0.057 0.045 0.017 0.021 0.029 0.096 0.052 0.005 0.017 0.066
145 L 0.041 0.024 0.017 0.017 0.014 0.017 0.021 0.024 0.014 0.089 0.224 0.025 0.07 0.195 0.013 0.027 0.031 0.011 0.05 0.077
146 Y 0.039 0.053 0.022 0.019 0.009 0.021 0.027 0.025 0.037 0.046 0.077 0.035 0.02 0.186 0.014 0.03 0.028 0.023 0.242 0.047
147 W 0.039 0.025 0.016 0.016 0.012 0.018 0.023 0.027 0.014 0.068 0.171 0.026 0.063 0.055 0.011 0.026 0.029 0.254 0.045 0.061
148 R 0.044 0.355 0.038 0.031 0.008 0.048 0.052 0.032 0.023 0.023 0.046 0.118 0.015 0.017 0.019 0.044 0.034 0.006 0.017 0.031
149 E 0.068 0.061 0.043 0.067 0.01 0.053 0.184 0.044 0.023 0.025 0.039 0.123 0.014 0.017 0.027 0.098 0.048 0.005 0.017 0.034
150 W 0.051 0.037 0.029 0.029 0.012 0.07 0.045 0.033 0.017 0.098 0.082 0.045 0.023 0.035 0.018 0.048 0.09 0.129 0.031 0.077
151 N 0.058 0.039 0.194 0.155 0.011 0.032 0.06 0.06 0.025 0.024 0.033 0.051 0.012 0.018 0.023 0.105 0.053 0.004 0.015 0.03
152 D 0.04 0.029 0.068 0.406 0.007 0.029 0.09 0.046 0.018 0.022 0.028 0.044 0.009 0.015 0.022 0.051 0.035 0.004 0.011 0.024
153 T 0.067 0.034 0.037 0.033 0.017 0.027 0.036 0.039 0.014 0.064 0.097 0.042 0.058 0.029 0.024 0.077 0.203 0.006 0.019 0.075
154 Y 0.054 0.025 0.019 0.018 0.014 0.019 0.025 0.024 0.027 0.103 0.098 0.028 0.025 0.082 0.016 0.032 0.038 0.017 0.174 0.163
155 L 0.051 0.022 0.015 0.016 0.017 0.015 0.02 0.022 0.009 0.168 0.266 0.025 0.041 0.047 0.015 0.026 0.038 0.006 0.021 0.161
156 F 0.036 0.02 0.016 0.016 0.012 0.012 0.019 0.024 0.015 0.075 0.181 0.02 0.031 0.31 0.011 0.025 0.027 0.014 0.071 0.064
157 E 0.056 0.122 0.04 0.061 0.01 0.05 0.176 0.036 0.022 0.03 0.046 0.078 0.015 0.018 0.024 0.061 0.091 0.006 0.017 0.041
158 A 0.178 0.028 0.034 0.121 0.017 0.024 0.048 0.056 0.014 0.067 0.068 0.039 0.019 0.023 0.024 0.063 0.045 0.005 0.016 0.11
159 L 0.112 0.029 0.02 0.021 0.017 0.024 0.029 0.038 0.014 0.089 0.208 0.035 0.103 0.043 0.019 0.045 0.04 0.007 0.022 0.086
160 L 0.098 0.026 0.02 0.021 0.018 0.019 0.027 0.035 0.011 0.107 0.238 0.031 0.036 0.041 0.018 0.053 0.044 0.006 0.02 0.132
161 L 0.118 0.029 0.02 0.022 0.018 0.024 0.03 0.039 0.014 0.101 0.144 0.035 0.099 0.038 0.019 0.047 0.044 0.007 0.021 0.132
162 V 0.117 0.025 0.019 0.021 0.018 0.021 0.027 0.037 0.012 0.146 0.137 0.032 0.064 0.037 0.019 0.044 0.044 0.006 0.02 0.153
163 V 0.069 0.022 0.016 0.018 0.019 0.016 0.023 0.024 0.008 0.162 0.128 0.026 0.031 0.035 0.016 0.032 0.049 0.005 0.02 0.28
164 A 0.301 0.031 0.025 0.029 0.021 0.025 0.04 0.077 0.015 0.043 0.059 0.044 0.017 0.021 0.029 0.084 0.049 0.005 0.017 0.068
165 S 0.156 0.037 0.046 0.043 0.018 0.031 0.049 0.068 0.018 0.033 0.046 0.051 0.016 0.021 0.029 0.195 0.073 0.005 0.017 0.048
166 Y 0.04 0.028 0.021 0.018 0.009 0.021 0.028 0.025 0.046 0.043 0.067 0.031 0.018 0.129 0.015 0.031 0.028 0.028 0.328 0.046
167 G 0.065 0.071 0.04 0.038 0.009 0.039 0.051 0.24 0.017 0.024 0.036 0.182 0.013 0.016 0.024 0.052 0.035 0.005 0.014 0.029
168 K 0.056 0.106 0.041 0.041 0.008 0.053 0.07 0.043 0.02 0.027 0.043 0.289 0.015 0.015 0.027 0.053 0.039 0.005 0.017 0.032
169 D 0.04 0.029 0.068 0.406 0.007 0.029 0.09 0.046 0.018 0.022 0.028 0.044 0.009 0.015 0.022 0.051 0.035 0.004 0.011 0.024
170 F 0.037 0.023 0.019 0.018 0.01 0.016 0.023 0.025 0.031 0.053 0.09 0.025 0.022 0.262 0.013 0.028 0.026 0.022 0.208 0.05
171 K 0.051 0.209 0.04 0.037 0.008 0.051 0.062 0.038 0.021 0.025 0.044 0.218 0.015 0.016 0.024 0.049 0.037 0.005 0.017 0.032
172 K 0.056 0.106 0.041 0.041 0.008 0.053 0.07 0.043 0.02 0.027 0.043 0.289 0.015 0.015 0.027 0.053 0.039 0.005 0.017 0.032
173 I 0.116 0.022 0.018 0.02 0.018 0.017 0.024 0.036 0.01 0.192 0.129 0.029 0.03 0.036 0.019 0.041 0.044 0.006 0.02 0.174
174 G 0.158 0.026 0.025 0.026 0.016 0.02 0.029 0.169 0.013 0.056 0.137 0.034 0.024 0.059 0.021 0.056 0.038 0.007 0.023 0.062
175 R 0.045 0.206 0.036 0.03 0.008 0.041 0.049 0.033 0.057 0.029 0.05 0.119 0.016 0.046 0.019 0.042 0.033 0.011 0.098 0.034
176 L 0.041 0.021 0.016 0.017 0.013 0.015 0.02 0.022 0.017 0.145 0.191 0.024 0.034 0.148 0.013 0.026 0.032 0.012 0.089 0.103
177 G 0.073 0.027 0.037 0.032 0.011 0.022 0.03 0.319 0.022 0.026 0.04 0.036 0.013 0.045 0.02 0.076 0.037 0.011 0.091 0.032
178 V 0.059 0.022 0.016 0.018 0.017 0.017 0.022 0.024 0.01 0.191 0.152 0.027 0.056 0.04 0.016 0.03 0.044 0.006 0.021 0.213
179 G 0.057 0.021 0.021 0.021 0.014 0.016 0.022 0.147 0.011 0.144 0.103 0.026 0.025 0.037 0.015 0.033 0.036 0.088 0.026 0.139
180 L 0.061 0.026 0.024 0.024 0.016 0.019 0.027 0.032 0.012 0.135 0.244 0.032 0.037 0.043 0.018 0.076 0.046 0.006 0.02 0.101
181 A 0.237 0.027 0.023 0.026 0.02 0.022 0.034 0.063 0.013 0.102 0.085 0.039 0.022 0.027 0.026 0.069 0.047 0.005 0.018 0.094
182 G 0.139 0.032 0.04 0.037 0.017 0.026 0.039 0.176 0.015 0.036 0.048 0.044 0.015 0.02 0.026 0.114 0.104 0.005 0.016 0.051
183 G 0.069 0.021 0.033 0.029 0.012 0.017 0.023 0.393 0.012 0.084 0.062 0.031 0.016 0.023 0.018 0.044 0.032 0.005 0.013 0.061
184 I 0.055 0.022 0.016 0.018 0.017 0.018 0.022 0.023 0.01 0.196 0.16 0.027 0.069 0.042 0.015 0.03 0.042 0.006 0.021 0.189
185 L 0.055 0.029 0.024 0.023 0.016 0.024 0.028 0.03 0.013 0.133 0.154 0.035 0.1 0.04 0.018 0.047 0.094 0.007 0.021 0.107
186 I 0.091 0.02 0.016 0.019 0.017 0.015 0.022 0.03 0.01 0.232 0.145 0.027 0.033 0.039 0.017 0.035 0.042 0.006 0.02 0.165
187 L 0.105 0.024 0.017 0.019 0.016 0.017 0.025 0.036 0.013 0.083 0.235 0.028 0.035 0.131 0.017 0.039 0.035 0.009 0.037 0.078
188 A 0.137 0.032 0.034 0.033 0.019 0.025 0.038 0.052 0.014 0.072 0.073 0.042 0.021 0.025 0.025 0.11 0.109 0.005 0.018 0.115
189 V 0.118 0.023 0.019 0.02 0.017 0.017 0.026 0.038 0.012 0.107 0.107 0.028 0.026 0.122 0.018 0.043 0.043 0.008 0.036 0.17
190 L 0.052 0.021 0.021 0.02 0.014 0.015 0.02 0.145 0.011 0.142 0.2 0.026 0.033 0.069 0.015 0.031 0.033 0.007 0.024 0.1
191 L 0.046 0.024 0.016 0.017 0.016 0.018 0.021 0.022 0.011 0.152 0.282 0.027 0.077 0.05 0.015 0.027 0.036 0.007 0.022 0.114
192 C 0.07 0.029 0.103 0.041 0.252 0.022 0.033 0.048 0.016 0.035 0.05 0.037 0.015 0.02 0.02 0.095 0.05 0.004 0.014 0.045
193 F 0.04 0.023 0.017 0.017 0.013 0.016 0.021 0.025 0.015 0.084 0.201 0.024 0.068 0.223 0.013 0.027 0.031 0.012 0.055 0.074
194 A 0.181 0.027 0.021 0.023 0.02 0.022 0.032 0.051 0.012 0.093 0.12 0.036 0.037 0.031 0.023 0.058 0.047 0.006 0.019 0.143
195 G 0.065 0.026 0.047 0.127 0.01 0.023 0.044 0.36 0.044 0.02 0.029 0.037 0.01 0.017 0.019 0.05 0.03 0.005 0.015 0.024
196 L 0.059 0.021 0.021 0.021 0.015 0.016 0.021 0.146 0.01 0.144 0.177 0.027 0.031 0.037 0.016 0.033 0.038 0.006 0.018 0.143
197 L 0.051 0.022 0.015 0.016 0.017 0.015 0.02 0.022 0.009 0.168 0.266 0.025 0.041 0.047 0.015 0.026 0.038 0.006 0.021 0.161
198 P 0.056 0.025 0.023 0.031 0.01 0.02 0.036 0.036 0.013 0.025 0.036 0.041 0.01 0.013 0.501 0.043 0.036 0.003 0.013 0.031
199 E 0.051 0.044 0.047 0.168 0.007 0.055 0.253 0.037 0.024 0.022 0.034 0.067 0.012 0.016 0.025 0.054 0.036 0.005 0.015 0.029
200 D 0.041 0.03 0.069 0.395 0.008 0.03 0.092 0.047 0.019 0.022 0.028 0.045 0.009 0.015 0.022 0.052 0.036 0.004 0.011 0.024
201 E 0.055 0.05 0.041 0.091 0.007 0.065 0.294 0.035 0.026 0.022 0.037 0.076 0.013 0.017 0.026 0.055 0.037 0.006 0.017 0.031
202 F 0.04 0.049 0.02 0.019 0.011 0.018 0.024 0.024 0.025 0.107 0.105 0.032 0.025 0.187 0.014 0.028 0.03 0.017 0.145 0.079
203 N 0.053 0.034 0.154 0.051 0.014 0.026 0.038 0.046 0.02 0.097 0.076 0.043 0.02 0.026 0.021 0.065 0.116 0.005 0.017 0.078
204 L 0.053 0.044 0.021 0.022 0.015 0.025 0.033 0.027 0.012 0.104 0.235 0.091 0.036 0.04 0.018 0.033 0.038 0.006 0.02 0.125
205 F 0.049 0.043 0.03 0.043 0.011 0.082 0.114 0.032 0.022 0.052 0.097 0.055 0.058 0.119 0.019 0.043 0.035 0.009 0.037 0.053
206 R 0.047 0.278 0.039 0.045 0.008 0.052 0.115 0.033 0.024 0.023 0.043 0.107 0.015 0.017 0.021 0.047 0.035 0.006 0.017 0.031
207 D 0.05 0.032 0.057 0.221 0.008 0.029 0.064 0.162 0.104 0.021 0.03 0.042 0.011 0.019 0.02 0.049 0.031 0.005 0.022 0.024
208 G 0.063 0.045 0.046 0.128 0.009 0.03 0.053 0.281 0.016 0.022 0.031 0.1 0.011 0.015 0.022 0.051 0.033 0.005 0.012 0.026
209 K 0.059 0.08 0.034 0.032 0.013 0.051 0.049 0.036 0.017 0.062 0.094 0.112 0.057 0.027 0.022 0.056 0.094 0.006 0.019 0.077
210 I 0.056 0.027 0.021 0.035 0.015 0.027 0.092 0.025 0.013 0.177 0.121 0.037 0.029 0.034 0.018 0.035 0.042 0.006 0.019 0.173
211 R 0.044 0.272 0.032 0.027 0.01 0.04 0.044 0.03 0.02 0.046 0.131 0.095 0.024 0.026 0.018 0.039 0.034 0.006 0.018 0.047
212 H 0.041 0.045 0.053 0.038 0.007 0.038 0.053 0.038 0.365 0.023 0.038 0.045 0.015 0.03 0.019 0.041 0.026 0.007 0.056 0.023
213 S 0.156 0.037 0.046 0.043 0.018 0.031 0.049 0.068 0.018 0.033 0.046 0.051 0.016 0.021 0.029 0.195 0.073 0.005 0.017 0.048
214 F 0.036 0.02 0.016 0.016 0.012 0.012 0.019 0.024 0.015 0.075 0.181 0.02 0.031 0.31 0.011 0.025 0.027 0.014 0.071 0.064
215 G 0.077 0.023 0.039 0.033 0.011 0.019 0.025 0.517 0.013 0.019 0.028 0.033 0.009 0.016 0.019 0.051 0.029 0.005 0.011 0.024
216 F 0.053 0.027 0.03 0.027 0.014 0.019 0.029 0.034 0.015 0.057 0.088 0.032 0.022 0.21 0.019 0.058 0.141 0.011 0.053 0.062
217 L 0.045 0.041 0.022 0.022 0.013 0.023 0.031 0.027 0.014 0.121 0.176 0.089 0.031 0.127 0.017 0.032 0.034 0.009 0.037 0.089
218 G 0.063 0.045 0.035 0.031 0.01 0.028 0.037 0.275 0.023 0.027 0.041 0.096 0.013 0.044 0.02 0.046 0.031 0.011 0.092 0.032
219 P 0.058 0.023 0.021 0.027 0.13 0.018 0.031 0.035 0.012 0.03 0.043 0.036 0.012 0.015 0.38 0.042 0.036 0.003 0.013 0.037
220 T 0.072 0.035 0.043 0.037 0.018 0.027 0.039 0.043 0.014 0.053 0.064 0.045 0.019 0.023 0.027 0.091 0.258 0.006 0.018 0.07
221 G 0.057 0.029 0.112 0.135 0.011 0.024 0.047 0.163 0.018 0.056 0.054 0.039 0.015 0.021 0.019 0.051 0.04 0.005 0.014 0.089
222 L 0.044 0.024 0.014 0.015 0.016 0.016 0.02 0.021 0.01 0.114 0.385 0.025 0.049 0.054 0.014 0.024 0.033 0.007 0.022 0.095
223 A 0.301 0.031 0.025 0.029 0.021 0.025 0.04 0.077 0.015 0.043 0.059 0.044 0.017 0.021 0.029 0.084 0.049 0.005 0.017 0.068
224 G 0.13 0.023 0.03 0.028 0.133 0.019 0.027 0.286 0.012 0.031 0.045 0.033 0.013 0.018 0.021 0.056 0.036 0.005 0.013 0.043
225 H 0.041 0.045 0.053 0.038 0.007 0.038 0.053 0.038 0.365 0.023 0.038 0.045 0.015 0.03 0.019 0.041 0.026 0.007 0.056 0.023
226 V 0.054 0.021 0.015 0.017 0.015 0.015 0.021 0.025 0.01 0.159 0.119 0.024 0.028 0.043 0.014 0.028 0.04 0.129 0.032 0.191
227 C 0.056 0.023 0.02 0.019 0.212 0.019 0.023 0.07 0.02 0.055 0.094 0.028 0.055 0.054 0.016 0.037 0.034 0.011 0.094 0.06
228 F 0.042 0.019 0.017 0.017 0.013 0.012 0.02 0.025 0.015 0.087 0.116 0.02 0.027 0.306 0.012 0.027 0.031 0.014 0.071 0.111
229 V 0.057 0.021 0.015 0.017 0.017 0.015 0.021 0.022 0.009 0.18 0.202 0.025 0.037 0.042 0.015 0.028 0.042 0.006 0.021 0.207
230 L 0.045 0.021 0.014 0.016 0.016 0.015 0.019 0.021 0.009 0.198 0.275 0.024 0.043 0.049 0.014 0.024 0.036 0.006 0.021 0.134
231 L 0.049 0.023 0.015 0.016 0.016 0.016 0.02 0.022 0.01 0.163 0.271 0.026 0.053 0.048 0.015 0.026 0.038 0.007 0.021 0.145
232 T 0.148 0.033 0.037 0.034 0.019 0.027 0.039 0.054 0.014 0.049 0.062 0.044 0.019 0.023 0.028 0.089 0.188 0.006 0.017 0.069
233 Y 0.043 0.024 0.018 0.017 0.013 0.018 0.023 0.023 0.028 0.12 0.171 0.027 0.03 0.089 0.015 0.028 0.032 0.017 0.175 0.09
234 I 0.048 0.019 0.015 0.017 0.016 0.014 0.019 0.021 0.009 0.23 0.217 0.024 0.039 0.045 0.015 0.025 0.038 0.006 0.021 0.163
235 F 0.035 0.021 0.018 0.017 0.01 0.013 0.021 0.025 0.024 0.058 0.101 0.022 0.023 0.329 0.012 0.026 0.026 0.019 0.148 0.052
236 L 0.055 0.021 0.015 0.017 0.017 0.015 0.02 0.022 0.009 0.19 0.205 0.025 0.037 0.043 0.015 0.028 0.042 0.006 0.021 0.198
237 R 0.05 0.23 0.04 0.036 0.008 0.05 0.061 0.037 0.022 0.025 0.044 0.204 0.015 0.016 0.023 0.048 0.037 0.005 0.017 0.031
238 D 0.049 0.037 0.17 0.179 0.011 0.03 0.06 0.053 0.022 0.03 0.038 0.048 0.013 0.018 0.022 0.069 0.096 0.005 0.015 0.037
239 G 0.071 0.029 0.039 0.047 0.01 0.03 0.096 0.397 0.016 0.019 0.03 0.043 0.01 0.016 0.02 0.052 0.031 0.005 0.012 0.026
240 L 0.049 0.073 0.033 0.09 0.012 0.032 0.048 0.033 0.016 0.108 0.109 0.104 0.059 0.03 0.02 0.04 0.038 0.006 0.019 0.081
241 L 0.045 0.023 0.015 0.016 0.016 0.016 0.02 0.021 0.01 0.154 0.314 0.025 0.056 0.051 0.014 0.025 0.035 0.007 0.022 0.114
242 K 0.061 0.085 0.04 0.039 0.009 0.044 0.059 0.161 0.019 0.025 0.039 0.225 0.014 0.015 0.025 0.052 0.037 0.005 0.015 0.03
243 W 0.034 0.021 0.015 0.016 0.01 0.015 0.021 0.027 0.013 0.093 0.081 0.023 0.02 0.056 0.009 0.023 0.027 0.376 0.055 0.066
244 P 0.05 0.046 0.026 0.029 0.009 0.028 0.041 0.034 0.023 0.031 0.047 0.099 0.014 0.046 0.22 0.041 0.033 0.051 0.097 0.035
245 D 0.109 0.035 0.05 0.233 0.011 0.037 0.132 0.051 0.019 0.027 0.037 0.052 0.012 0.017 0.025 0.06 0.039 0.005 0.014 0.037
246 Y 0.042 0.025 0.02 0.018 0.011 0.019 0.025 0.023 0.037 0.103 0.092 0.029 0.023 0.108 0.015 0.029 0.03 0.022 0.251 0.078
247 L 0.068 0.023 0.015 0.017 0.017 0.016 0.021 0.026 0.01 0.154 0.281 0.026 0.042 0.047 0.016 0.03 0.037 0.006 0.021 0.128
248 G 0.12 0.024 0.023 0.024 0.056 0.018 0.026 0.16 0.012 0.084 0.148 0.031 0.026 0.031 0.019 0.048 0.038 0.006 0.017 0.089
249 I 0.052 0.018 0.015 0.017 0.017 0.014 0.019 0.021 0.009 0.252 0.156 0.024 0.035 0.041 0.015 0.027 0.042 0.006 0.02 0.2
250 V 0.117 0.023 0.02 0.021 0.016 0.017 0.026 0.079 0.012 0.091 0.12 0.029 0.026 0.122 0.018 0.044 0.04 0.008 0.036 0.134
251 V 0.142 0.024 0.019 0.021 0.019 0.019 0.028 0.041 0.01 0.142 0.111 0.031 0.027 0.032 0.02 0.048 0.047 0.005 0.019 0.191
252 L 0.06 0.028 0.024 0.023 0.016 0.02 0.028 0.032 0.012 0.093 0.299 0.032 0.041 0.046 0.018 0.076 0.045 0.007 0.021 0.081
253 S 0.086 0.035 0.042 0.038 0.017 0.028 0.042 0.05 0.016 0.054 0.131 0.045 0.024 0.029 0.025 0.156 0.098 0.006 0.018 0.059
254 V 0.102 0.022 0.017 0.019 0.019 0.017 0.024 0.032 0.009 0.172 0.126 0.028 0.03 0.035 0.018 0.039 0.046 0.006 0.02 0.218
255 L 0.051 0.022 0.015 0.016 0.017 0.015 0.02 0.022 0.009 0.168 0.266 0.025 0.041 0.047 0.015 0.026 0.038 0.006 0.021 0.161
256 N 0.049 0.039 0.249 0.066 0.011 0.029 0.042 0.054 0.025 0.057 0.055 0.046 0.016 0.022 0.019 0.06 0.049 0.005 0.017 0.09
257 L 0.043 0.02 0.015 0.017 0.015 0.014 0.019 0.022 0.011 0.184 0.191 0.023 0.047 0.134 0.014 0.026 0.035 0.009 0.038 0.124
258 L 0.053 0.022 0.015 0.016 0.017 0.016 0.021 0.022 0.009 0.158 0.263 0.025 0.041 0.046 0.015 0.027 0.039 0.006 0.021 0.17
259 F 0.038 0.023 0.018 0.017 0.011 0.016 0.022 0.024 0.025 0.069 0.166 0.024 0.029 0.221 0.013 0.027 0.028 0.018 0.151 0.062
260 V 0.057 0.021 0.015 0.017 0.017 0.015 0.021 0.022 0.009 0.18 0.202 0.025 0.037 0.042 0.015 0.028 0.042 0.006 0.021 0.207
261 D 0.04 0.029 0.068 0.406 0.007 0.029 0.09 0.046 0.018 0.022 0.028 0.044 0.009 0.015 0.022 0.051 0.035 0.004 0.011 0.024
262 G 0.125 0.108 0.035 0.032 0.013 0.028 0.035 0.286 0.016 0.026 0.04 0.057 0.013 0.018 0.021 0.057 0.036 0.005 0.014 0.037
263 R 0.052 0.272 0.038 0.031 0.008 0.04 0.045 0.154 0.021 0.022 0.041 0.097 0.014 0.017 0.019 0.046 0.033 0.006 0.016 0.029
264 T 0.064 0.034 0.107 0.043 0.016 0.026 0.037 0.044 0.017 0.072 0.072 0.042 0.02 0.025 0.023 0.071 0.153 0.005 0.018 0.112
265 A 0.236 0.034 0.035 0.036 0.02 0.028 0.044 0.073 0.016 0.038 0.053 0.047 0.017 0.021 0.029 0.133 0.06 0.005 0.017 0.059
266 L 0.105 0.024 0.017 0.019 0.016 0.017 0.025 0.036 0.013 0.083 0.235 0.028 0.035 0.131 0.017 0.039 0.035 0.009 0.037 0.078
267 L 0.042 0.019 0.015 0.017 0.015 0.013 0.018 0.022 0.011 0.185 0.207 0.023 0.037 0.134 0.013 0.025 0.034 0.009 0.038 0.124
268 C 0.13 0.026 0.027 0.028 0.136 0.021 0.031 0.049 0.013 0.099 0.082 0.035 0.021 0.026 0.022 0.095 0.051 0.005 0.017 0.085
269 V 0.057 0.021 0.015 0.017 0.017 0.015 0.021 0.022 0.009 0.18 0.202 0.025 0.037 0.042 0.015 0.028 0.042 0.006 0.021 0.207
270 V 0.053 0.018 0.016 0.017 0.134 0.013 0.019 0.025 0.01 0.138 0.118 0.022 0.027 0.124 0.014 0.031 0.037 0.008 0.035 0.141
271 L 0.051 0.027 0.021 0.02 0.016 0.019 0.025 0.026 0.011 0.098 0.305 0.03 0.042 0.046 0.017 0.041 0.089 0.007 0.021 0.089
272 A 0.241 0.028 0.025 0.028 0.02 0.023 0.035 0.105 0.013 0.07 0.071 0.04 0.019 0.024 0.026 0.072 0.047 0.005 0.017 0.091
273 T 0.075 0.032 0.035 0.032 0.096 0.026 0.035 0.043 0.015 0.057 0.091 0.04 0.056 0.028 0.023 0.104 0.122 0.006 0.018 0.066
274 A 0.227 0.029 0.025 0.028 0.02 0.024 0.037 0.063 0.013 0.071 0.075 0.04 0.021 0.025 0.026 0.083 0.052 0.005 0.018 0.119
275 G 0.077 0.023 0.039 0.033 0.011 0.019 0.025 0.517 0.013 0.019 0.028 0.033 0.009 0.016 0.019 0.051 0.029 0.005 0.011 0.024
276 G 0.148 0.027 0.031 0.03 0.096 0.022 0.032 0.171 0.013 0.039 0.053 0.037 0.016 0.02 0.024 0.07 0.094 0.005 0.015 0.055
277 L 0.05 0.023 0.015 0.016 0.017 0.016 0.021 0.022 0.009 0.126 0.321 0.025 0.044 0.049 0.015 0.026 0.037 0.007 0.022 0.141
278 V 0.061 0.022 0.016 0.017 0.018 0.016 0.022 0.023 0.009 0.16 0.196 0.025 0.036 0.041 0.016 0.03 0.044 0.006 0.021 0.225
279 Y 0.039 0.027 0.021 0.018 0.009 0.021 0.027 0.025 0.044 0.045 0.071 0.03 0.019 0.151 0.015 0.03 0.027 0.027 0.308 0.047
280 T 0.081 0.036 0.045 0.04 0.017 0.029 0.042 0.048 0.015 0.047 0.058 0.047 0.018 0.023 0.028 0.126 0.213 0.006 0.017 0.063
281 L 0.044 0.022 0.016 0.017 0.014 0.016 0.021 0.022 0.018 0.18 0.196 0.026 0.035 0.067 0.015 0.026 0.035 0.012 0.098 0.122
282 F 0.039 0.021 0.017 0.017 0.012 0.014 0.021 0.023 0.021 0.131 0.119 0.023 0.027 0.212 0.013 0.026 0.03 0.016 0.125 0.092
283 V 0.055 0.099 0.028 0.031 0.013 0.034 0.062 0.03 0.015 0.123 0.095 0.11 0.024 0.028 0.02 0.039 0.041 0.005 0.019 0.129
284 K 0.056 0.106 0.041 0.041 0.008 0.053 0.07 0.043 0.02 0.027 0.043 0.289 0.015 0.015 0.027 0.053 0.039 0.005 0.017 0.032
285 K 0.069 0.089 0.044 0.043 0.011 0.048 0.065 0.048 0.02 0.028 0.042 0.23 0.015 0.017 0.028 0.097 0.05 0.005 0.017 0.035
286 G 0.065 0.03 0.112 0.046 0.01 0.024 0.033 0.364 0.047 0.02 0.029 0.039 0.01 0.018 0.019 0.054 0.034 0.005 0.016 0.024
287 I 0.049 0.023 0.022 0.022 0.014 0.017 0.024 0.028 0.011 0.161 0.112 0.028 0.027 0.043 0.016 0.041 0.09 0.129 0.031 0.112
288 K 0.074 0.073 0.069 0.046 0.012 0.042 0.059 0.052 0.02 0.03 0.043 0.17 0.015 0.018 0.027 0.117 0.072 0.005 0.017 0.038
289 L 0.049 0.021 0.015 0.016 0.016 0.015 0.02 0.021 0.009 0.178 0.269 0.024 0.042 0.047 0.015 0.026 0.038 0.006 0.021 0.152
290 P 0.077 0.033 0.038 0.038 0.014 0.026 0.042 0.047 0.015 0.033 0.045 0.046 0.014 0.018 0.225 0.118 0.106 0.004 0.015 0.044
291 E 0.051 0.044 0.047 0.168 0.007 0.055 0.253 0.037 0.024 0.022 0.034 0.067 0.012 0.016 0.025 0.054 0.036 0.005 0.015 0.029
292 K 0.061 0.085 0.04 0.039 0.009 0.044 0.059 0.161 0.019 0.025 0.039 0.225 0.014 0.015 0.025 0.052 0.037 0.005 0.015 0.03
293 L 0.046 0.023 0.016 0.019 0.014 0.016 0.024 0.025 0.011 0.101 0.257 0.028 0.036 0.071 0.135 0.029 0.033 0.007 0.025 0.082
294 V 0.063 0.023 0.016 0.017 0.018 0.017 0.023 0.024 0.009 0.149 0.177 0.026 0.046 0.039 0.016 0.031 0.045 0.006 0.021 0.233
295 K 0.053 0.168 0.04 0.038 0.008 0.051 0.065 0.04 0.021 0.026 0.043 0.246 0.015 0.016 0.025 0.051 0.038 0.005 0.017 0.032
296 G 0.124 0.024 0.024 0.025 0.016 0.019 0.028 0.161 0.011 0.105 0.084 0.033 0.021 0.026 0.06 0.049 0.041 0.005 0.016 0.124
297 W 0.042 0.023 0.017 0.016 0.011 0.017 0.024 0.027 0.021 0.066 0.075 0.025 0.02 0.071 0.012 0.027 0.03 0.258 0.121 0.096
298 R 0.055 0.201 0.04 0.035 0.009 0.085 0.057 0.156 0.022 0.023 0.041 0.09 0.015 0.016 0.02 0.048 0.035 0.006 0.016 0.03
299 G 0.051 0.024 0.024 0.022 0.011 0.018 0.024 0.189 0.018 0.049 0.13 0.028 0.022 0.055 0.014 0.034 0.028 0.133 0.08 0.047
300 L 0.051 0.021 0.015 0.016 0.017 0.015 0.02 0.022 0.009 0.182 0.248 0.025 0.04 0.046 0.015 0.026 0.039 0.006 0.021 0.167
301 L 0.048 0.028 0.017 0.017 0.016 0.022 0.024 0.024 0.013 0.106 0.289 0.03 0.111 0.051 0.015 0.03 0.036 0.007 0.023 0.093
302 L 0.067 0.029 0.025 0.025 0.017 0.022 0.03 0.034 0.013 0.102 0.203 0.034 0.057 0.04 0.019 0.08 0.05 0.006 0.021 0.127
303 F 0.083 0.021 0.018 0.019 0.014 0.015 0.023 0.033 0.014 0.117 0.124 0.025 0.039 0.216 0.015 0.036 0.034 0.011 0.054 0.089
304 S 0.111 0.035 0.043 0.042 0.016 0.029 0.047 0.059 0.017 0.029 0.041 0.049 0.014 0.019 0.147 0.172 0.067 0.004 0.016 0.041
305 F 0.037 0.023 0.019 0.018 0.01 0.016 0.023 0.025 0.031 0.053 0.09 0.025 0.022 0.262 0.013 0.028 0.026 0.022 0.208 0.05
306 L 0.048 0.021 0.015 0.018 0.016 0.015 0.02 0.022 0.009 0.194 0.225 0.025 0.038 0.044 0.055 0.027 0.038 0.006 0.02 0.144
307 L 0.053 0.021 0.015 0.017 0.017 0.015 0.02 0.022 0.009 0.186 0.226 0.025 0.039 0.044 0.015 0.027 0.04 0.006 0.021 0.183
308 L 0.07 0.022 0.015 0.017 0.017 0.016 0.021 0.026 0.01 0.158 0.26 0.026 0.04 0.045 0.016 0.031 0.038 0.006 0.021 0.143
309 G 0.136 0.029 0.034 0.033 0.016 0.023 0.036 0.172 0.014 0.062 0.059 0.04 0.017 0.022 0.064 0.1 0.05 0.005 0.016 0.074
310 G 0.094 0.027 0.039 0.034 0.014 0.022 0.031 0.322 0.014 0.032 0.043 0.038 0.013 0.019 0.022 0.067 0.107 0.005 0.013 0.043
311 L 0.116 0.024 0.018 0.02 0.018 0.018 0.026 0.036 0.011 0.122 0.177 0.029 0.032 0.067 0.018 0.042 0.042 0.007 0.026 0.153
312 F 0.036 0.022 0.018 0.017 0.01 0.014 0.022 0.025 0.026 0.056 0.098 0.023 0.023 0.307 0.012 0.027 0.026 0.02 0.168 0.051
313 L 0.053 0.024 0.018 0.018 0.135 0.02 0.022 0.027 0.012 0.131 0.154 0.029 0.1 0.04 0.016 0.034 0.039 0.006 0.02 0.103
314 L 0.045 0.024 0.016 0.017 0.015 0.018 0.021 0.023 0.012 0.134 0.278 0.027 0.076 0.079 0.014 0.027 0.035 0.008 0.028 0.104
315 L 0.108 0.027 0.018 0.02 0.016 0.021 0.027 0.038 0.013 0.078 0.2 0.032 0.066 0.045 0.017 0.042 0.037 0.089 0.029 0.076
316 V 0.061 0.028 0.094 0.034 0.016 0.021 0.03 0.035 0.014 0.122 0.109 0.033 0.038 0.032 0.017 0.042 0.048 0.005 0.019 0.201
317 F 0.063 0.106 0.023 0.022 0.012 0.024 0.031 0.03 0.023 0.101 0.093 0.05 0.023 0.115 0.016 0.036 0.034 0.013 0.107 0.077
318 T 0.081 0.036 0.045 0.04 0.017 0.029 0.042 0.048 0.015 0.047 0.058 0.047 0.018 0.023 0.028 0.126 0.213 0.006 0.017 0.063
319 Y 0.04 0.028 0.021 0.018 0.009 0.021 0.028 0.025 0.046 0.043 0.067 0.031 0.018 0.129 0.015 0.031 0.028 0.028 0.328 0.046
