#Seq2Logo.py -f /work3/idamei/ssn-clusterings/clustering/2205111339/clusters/0014_106/sequences.afa -o /work3/idamei/ssn-clusterings/clustering/2205111339/clusters/0014_106/sequences.logo
#Position Specific Frequency Matrix
A R N D C Q E G H I L K M F P S T W Y V
0 M 0.049 0.03 0.019 0.019 0.015 0.027 0.027 0.027 0.015 0.095 0.187 0.034 0.204 0.046 0.015 0.034 0.038 0.008 0.023 0.088
1 I 0.102 0.026 0.025 0.029 0.016 0.022 0.053 0.037 0.013 0.128 0.122 0.035 0.026 0.063 0.02 0.064 0.073 0.006 0.024 0.117
2 L 0.045 0.024 0.014 0.015 0.016 0.016 0.02 0.021 0.01 0.115 0.375 0.025 0.05 0.055 0.014 0.024 0.033 0.007 0.022 0.096
3 P 0.074 0.029 0.023 0.031 0.012 0.042 0.061 0.033 0.014 0.106 0.078 0.04 0.02 0.058 0.2 0.041 0.036 0.005 0.022 0.073
4 T 0.073 0.036 0.043 0.038 0.018 0.028 0.039 0.043 0.014 0.053 0.065 0.045 0.02 0.024 0.028 0.093 0.246 0.006 0.018 0.071
5 G 0.078 0.023 0.039 0.034 0.011 0.019 0.026 0.51 0.014 0.019 0.028 0.034 0.009 0.016 0.019 0.051 0.03 0.005 0.011 0.024
6 L 0.045 0.024 0.014 0.015 0.016 0.016 0.02 0.021 0.01 0.115 0.375 0.025 0.05 0.055 0.014 0.024 0.033 0.007 0.022 0.096
7 Y 0.039 0.026 0.02 0.018 0.009 0.02 0.026 0.023 0.041 0.066 0.074 0.029 0.019 0.117 0.015 0.029 0.028 0.025 0.32 0.056
8 F 0.036 0.026 0.02 0.02 0.01 0.037 0.029 0.026 0.026 0.051 0.09 0.029 0.022 0.287 0.013 0.029 0.027 0.018 0.157 0.048
9 I 0.057 0.021 0.018 0.019 0.065 0.016 0.022 0.026 0.009 0.182 0.18 0.026 0.033 0.038 0.016 0.05 0.042 0.006 0.019 0.156
10 L 0.042 0.022 0.018 0.018 0.014 0.016 0.022 0.022 0.051 0.179 0.221 0.025 0.036 0.085 0.014 0.026 0.033 0.007 0.032 0.115
11 L 0.046 0.025 0.017 0.017 0.016 0.017 0.021 0.023 0.01 0.104 0.362 0.026 0.044 0.049 0.015 0.031 0.059 0.007 0.021 0.09
12 L 0.14 0.025 0.021 0.022 0.016 0.018 0.027 0.096 0.012 0.077 0.181 0.031 0.029 0.076 0.019 0.047 0.038 0.007 0.026 0.094
13 L 0.049 0.021 0.015 0.016 0.015 0.015 0.02 0.023 0.01 0.133 0.211 0.023 0.034 0.086 0.013 0.026 0.036 0.063 0.033 0.158
14 V 0.121 0.024 0.02 0.022 0.019 0.019 0.027 0.037 0.01 0.136 0.107 0.031 0.027 0.031 0.02 0.048 0.072 0.005 0.019 0.206
15 L 0.086 0.026 0.02 0.02 0.017 0.02 0.026 0.031 0.011 0.109 0.186 0.031 0.068 0.038 0.018 0.042 0.067 0.006 0.02 0.154
16 L 0.047 0.022 0.015 0.016 0.015 0.016 0.021 0.023 0.011 0.147 0.191 0.024 0.051 0.086 0.013 0.027 0.036 0.063 0.033 0.143
17 L 0.049 0.021 0.015 0.015 0.07 0.015 0.02 0.023 0.01 0.108 0.269 0.023 0.038 0.085 0.014 0.027 0.035 0.007 0.027 0.129
18 A 0.29 0.031 0.026 0.03 0.022 0.026 0.04 0.078 0.015 0.043 0.059 0.045 0.018 0.022 0.03 0.085 0.05 0.005 0.018 0.069
19 L 0.109 0.025 0.021 0.022 0.016 0.018 0.027 0.038 0.013 0.075 0.219 0.03 0.032 0.121 0.018 0.062 0.039 0.008 0.034 0.072
20 F 0.034 0.019 0.017 0.017 0.011 0.011 0.019 0.025 0.017 0.063 0.114 0.019 0.025 0.387 0.011 0.025 0.025 0.017 0.089 0.055
21 W 0.036 0.026 0.078 0.029 0.009 0.018 0.027 0.035 0.017 0.079 0.07 0.029 0.018 0.048 0.011 0.032 0.031 0.303 0.047 0.058
22 G 0.151 0.032 0.042 0.039 0.016 0.027 0.041 0.183 0.016 0.029 0.041 0.045 0.014 0.019 0.026 0.156 0.059 0.005 0.015 0.043
23 L 0.084 0.038 0.032 0.046 0.013 0.056 0.126 0.038 0.018 0.073 0.128 0.051 0.024 0.027 0.022 0.071 0.065 0.006 0.018 0.065
24 L 0.045 0.098 0.088 0.033 0.012 0.026 0.033 0.033 0.02 0.081 0.164 0.05 0.027 0.041 0.017 0.043 0.06 0.008 0.051 0.067
25 T 0.101 0.065 0.041 0.036 0.016 0.029 0.042 0.049 0.016 0.044 0.083 0.051 0.019 0.024 0.025 0.139 0.141 0.005 0.017 0.056
26 K 0.087 0.109 0.039 0.038 0.011 0.044 0.058 0.046 0.019 0.03 0.045 0.211 0.015 0.017 0.026 0.077 0.067 0.005 0.017 0.039
27 K 0.054 0.054 0.096 0.083 0.01 0.037 0.078 0.044 0.023 0.035 0.055 0.119 0.031 0.029 0.023 0.072 0.064 0.007 0.047 0.04
28 G 0.161 0.031 0.039 0.037 0.017 0.026 0.039 0.219 0.016 0.03 0.043 0.044 0.014 0.019 0.026 0.12 0.053 0.005 0.015 0.045
29 K 0.075 0.109 0.061 0.046 0.01 0.041 0.097 0.041 0.019 0.027 0.041 0.128 0.014 0.016 0.106 0.055 0.058 0.005 0.016 0.036
30 S 0.068 0.072 0.092 0.045 0.012 0.05 0.05 0.048 0.02 0.034 0.071 0.077 0.017 0.02 0.065 0.123 0.072 0.005 0.017 0.041
31 L 0.046 0.021 0.014 0.016 0.016 0.015 0.019 0.021 0.009 0.195 0.273 0.024 0.043 0.049 0.014 0.025 0.036 0.006 0.021 0.136
32 G 0.062 0.038 0.119 0.078 0.011 0.027 0.044 0.132 0.02 0.029 0.046 0.064 0.014 0.084 0.02 0.102 0.046 0.007 0.026 0.033
33 K 0.073 0.088 0.086 0.04 0.01 0.036 0.048 0.084 0.019 0.052 0.055 0.159 0.016 0.052 0.021 0.05 0.038 0.006 0.022 0.045
34 A 0.29 0.031 0.026 0.03 0.022 0.026 0.04 0.078 0.015 0.043 0.059 0.045 0.018 0.022 0.03 0.085 0.05 0.005 0.018 0.069
35 L 0.045 0.021 0.019 0.019 0.014 0.015 0.021 0.024 0.011 0.154 0.192 0.025 0.033 0.135 0.015 0.034 0.074 0.008 0.036 0.103
36 L 0.045 0.024 0.014 0.015 0.016 0.016 0.02 0.021 0.01 0.115 0.375 0.025 0.05 0.055 0.014 0.024 0.033 0.007 0.022 0.096
37 S 0.113 0.031 0.061 0.036 0.014 0.024 0.037 0.093 0.019 0.037 0.056 0.04 0.016 0.095 0.022 0.124 0.07 0.009 0.055 0.046
38 L 0.04 0.052 0.045 0.022 0.012 0.017 0.024 0.026 0.015 0.078 0.198 0.031 0.03 0.197 0.013 0.029 0.031 0.01 0.046 0.082
39 Y 0.075 0.034 0.038 0.034 0.013 0.027 0.04 0.045 0.033 0.036 0.055 0.042 0.017 0.075 0.023 0.127 0.055 0.017 0.169 0.044
40 P 0.087 0.026 0.021 0.023 0.012 0.021 0.031 0.035 0.026 0.054 0.065 0.034 0.017 0.066 0.158 0.042 0.036 0.014 0.153 0.079
41 A 0.099 0.049 0.028 0.03 0.013 0.066 0.049 0.041 0.018 0.088 0.085 0.093 0.023 0.098 0.021 0.048 0.039 0.008 0.032 0.072
42 F 0.049 0.021 0.02 0.019 0.012 0.016 0.022 0.108 0.019 0.11 0.12 0.026 0.025 0.12 0.014 0.031 0.032 0.013 0.112 0.11
43 L 0.074 0.023 0.019 0.02 0.015 0.017 0.024 0.03 0.011 0.14 0.206 0.028 0.032 0.07 0.058 0.05 0.039 0.006 0.024 0.113
44 A 0.133 0.027 0.028 0.028 0.058 0.022 0.032 0.047 0.013 0.111 0.108 0.036 0.023 0.028 0.022 0.104 0.07 0.005 0.017 0.086
45 F 0.073 0.02 0.021 0.021 0.013 0.015 0.022 0.155 0.013 0.102 0.118 0.025 0.024 0.159 0.015 0.035 0.032 0.009 0.039 0.09
46 L 0.111 0.023 0.02 0.021 0.016 0.017 0.025 0.076 0.011 0.126 0.151 0.029 0.028 0.065 0.018 0.042 0.049 0.006 0.024 0.143
47 L 0.101 0.024 0.02 0.022 0.016 0.018 0.026 0.034 0.011 0.135 0.176 0.03 0.03 0.035 0.06 0.056 0.043 0.005 0.019 0.138
48 L 0.044 0.025 0.015 0.016 0.015 0.018 0.021 0.022 0.011 0.106 0.353 0.027 0.086 0.05 0.014 0.026 0.033 0.007 0.022 0.09
49 V 0.062 0.021 0.017 0.018 0.017 0.016 0.022 0.024 0.008 0.179 0.126 0.026 0.03 0.035 0.016 0.034 0.065 0.005 0.019 0.258
50 L 0.065 0.022 0.015 0.016 0.015 0.015 0.02 0.025 0.01 0.133 0.312 0.025 0.041 0.078 0.014 0.028 0.033 0.007 0.026 0.098
51 F 0.037 0.019 0.016 0.016 0.011 0.012 0.019 0.024 0.015 0.074 0.138 0.02 0.04 0.334 0.011 0.025 0.027 0.014 0.069 0.077
52 A 0.248 0.03 0.026 0.033 0.018 0.026 0.06 0.063 0.015 0.058 0.059 0.043 0.017 0.021 0.065 0.085 0.047 0.005 0.016 0.065
53 G 0.094 0.022 0.036 0.032 0.011 0.018 0.025 0.502 0.013 0.02 0.029 0.033 0.009 0.016 0.019 0.051 0.029 0.005 0.011 0.026
54 L 0.062 0.022 0.015 0.016 0.014 0.015 0.021 0.026 0.012 0.087 0.273 0.024 0.05 0.163 0.014 0.029 0.031 0.009 0.04 0.077
55 R 0.042 0.382 0.037 0.029 0.007 0.046 0.049 0.031 0.022 0.022 0.044 0.113 0.015 0.016 0.018 0.042 0.033 0.005 0.016 0.029
56 S 0.119 0.034 0.093 0.076 0.014 0.028 0.046 0.136 0.018 0.027 0.038 0.046 0.013 0.018 0.025 0.156 0.057 0.005 0.015 0.037
57 S 0.111 0.031 0.031 0.038 0.015 0.029 0.081 0.044 0.017 0.093 0.074 0.043 0.02 0.033 0.022 0.112 0.051 0.007 0.043 0.103
58 N 0.063 0.033 0.108 0.046 0.012 0.028 0.061 0.084 0.021 0.037 0.046 0.044 0.014 0.03 0.059 0.1 0.066 0.046 0.045 0.056
59 V 0.066 0.021 0.016 0.017 0.018 0.016 0.022 0.023 0.008 0.155 0.123 0.025 0.03 0.034 0.016 0.031 0.047 0.005 0.019 0.31
60 G 0.074 0.022 0.037 0.032 0.01 0.018 0.024 0.538 0.013 0.018 0.027 0.032 0.009 0.015 0.018 0.048 0.028 0.005 0.01 0.023
61 T 0.092 0.033 0.04 0.036 0.017 0.026 0.038 0.045 0.013 0.048 0.059 0.043 0.018 0.022 0.026 0.1 0.254 0.005 0.017 0.065
62 D 0.039 0.028 0.065 0.432 0.007 0.028 0.086 0.044 0.018 0.021 0.026 0.042 0.009 0.014 0.021 0.049 0.033 0.003 0.011 0.023
63 T 0.092 0.033 0.04 0.036 0.017 0.026 0.038 0.045 0.013 0.048 0.059 0.043 0.018 0.022 0.026 0.1 0.254 0.005 0.017 0.065
64 G 0.056 0.057 0.158 0.048 0.01 0.025 0.034 0.276 0.02 0.042 0.039 0.045 0.012 0.018 0.018 0.053 0.036 0.005 0.013 0.035
65 N 0.118 0.035 0.181 0.053 0.013 0.027 0.04 0.135 0.021 0.031 0.048 0.045 0.027 0.02 0.021 0.079 0.046 0.005 0.015 0.04
66 Y 0.038 0.026 0.021 0.018 0.009 0.021 0.026 0.023 0.044 0.041 0.065 0.029 0.018 0.123 0.015 0.029 0.026 0.026 0.356 0.044
67 V 0.146 0.024 0.02 0.022 0.057 0.018 0.027 0.04 0.01 0.115 0.096 0.031 0.024 0.028 0.02 0.05 0.064 0.005 0.018 0.185
68 G 0.079 0.088 0.084 0.038 0.011 0.028 0.037 0.235 0.02 0.026 0.039 0.071 0.012 0.025 0.02 0.054 0.054 0.007 0.04 0.033
69 G 0.084 0.081 0.031 0.029 0.013 0.025 0.034 0.116 0.017 0.098 0.08 0.047 0.034 0.034 0.02 0.091 0.044 0.007 0.043 0.071
70 F 0.034 0.021 0.017 0.016 0.01 0.013 0.021 0.024 0.025 0.054 0.094 0.021 0.022 0.33 0.011 0.026 0.025 0.019 0.168 0.049
71 E 0.059 0.043 0.082 0.058 0.01 0.074 0.159 0.037 0.024 0.054 0.078 0.058 0.018 0.029 0.021 0.051 0.047 0.007 0.043 0.049
72 G 0.072 0.087 0.115 0.104 0.01 0.03 0.048 0.124 0.051 0.024 0.037 0.053 0.012 0.026 0.02 0.068 0.039 0.006 0.043 0.031
73 L 0.043 0.067 0.028 0.06 0.01 0.046 0.065 0.029 0.019 0.072 0.146 0.085 0.025 0.096 0.017 0.036 0.032 0.009 0.054 0.059
74 R 0.077 0.123 0.033 0.046 0.011 0.05 0.048 0.057 0.019 0.047 0.056 0.101 0.017 0.027 0.059 0.062 0.04 0.007 0.042 0.077
75 G 0.075 0.029 0.058 0.079 0.011 0.023 0.037 0.162 0.022 0.046 0.079 0.046 0.017 0.047 0.018 0.045 0.034 0.01 0.099 0.062
76 F 0.053 0.029 0.08 0.033 0.012 0.022 0.031 0.079 0.022 0.069 0.106 0.034 0.036 0.11 0.017 0.074 0.04 0.011 0.084 0.058
77 T 0.062 0.038 0.037 0.042 0.014 0.053 0.087 0.038 0.017 0.049 0.095 0.049 0.021 0.065 0.023 0.083 0.141 0.007 0.025 0.056
78 L 0.045 0.024 0.014 0.015 0.016 0.016 0.02 0.021 0.01 0.115 0.375 0.025 0.05 0.055 0.014 0.024 0.033 0.007 0.022 0.096
79 G 0.086 0.032 0.036 0.076 0.013 0.03 0.082 0.114 0.052 0.053 0.097 0.042 0.036 0.026 0.021 0.067 0.04 0.006 0.02 0.071
80 S 0.105 0.032 0.034 0.039 0.015 0.029 0.071 0.076 0.015 0.053 0.092 0.044 0.02 0.024 0.081 0.118 0.053 0.005 0.017 0.076
81 V 0.07 0.022 0.016 0.018 0.019 0.016 0.023 0.025 0.008 0.165 0.13 0.026 0.032 0.036 0.016 0.033 0.049 0.006 0.021 0.269
82 E 0.055 0.05 0.04 0.09 0.007 0.064 0.296 0.035 0.026 0.022 0.037 0.076 0.013 0.017 0.026 0.055 0.037 0.006 0.017 0.031
83 D 0.041 0.03 0.069 0.397 0.008 0.03 0.091 0.047 0.019 0.022 0.028 0.045 0.009 0.015 0.022 0.052 0.035 0.004 0.011 0.024
84 L 0.045 0.024 0.014 0.015 0.016 0.016 0.02 0.021 0.01 0.115 0.375 0.025 0.05 0.055 0.014 0.024 0.033 0.007 0.022 0.096
85 T 0.073 0.036 0.043 0.038 0.018 0.028 0.039 0.043 0.014 0.053 0.065 0.045 0.02 0.024 0.028 0.093 0.246 0.006 0.018 0.071
86 E 0.055 0.05 0.04 0.09 0.007 0.064 0.296 0.035 0.026 0.022 0.037 0.076 0.013 0.017 0.026 0.055 0.037 0.006 0.017 0.031
87 T 0.073 0.036 0.043 0.038 0.018 0.028 0.039 0.043 0.014 0.053 0.065 0.045 0.02 0.024 0.028 0.093 0.246 0.006 0.018 0.071
88 E 0.055 0.05 0.04 0.09 0.007 0.064 0.296 0.035 0.026 0.022 0.037 0.076 0.013 0.017 0.026 0.055 0.037 0.006 0.017 0.031
89 S 0.11 0.04 0.054 0.049 0.018 0.033 0.052 0.066 0.019 0.03 0.042 0.054 0.016 0.021 0.03 0.22 0.082 0.005 0.018 0.042
90 G 0.078 0.023 0.039 0.034 0.011 0.019 0.026 0.51 0.014 0.019 0.028 0.034 0.009 0.016 0.019 0.051 0.03 0.005 0.011 0.024
91 T 0.073 0.036 0.043 0.038 0.018 0.028 0.039 0.043 0.014 0.053 0.065 0.045 0.02 0.024 0.028 0.093 0.246 0.006 0.018 0.071
92 D 0.072 0.023 0.031 0.131 0.013 0.019 0.039 0.079 0.013 0.125 0.116 0.031 0.023 0.064 0.017 0.039 0.036 0.006 0.022 0.101
93 L 0.045 0.038 0.032 0.097 0.01 0.046 0.07 0.033 0.017 0.049 0.102 0.063 0.049 0.064 0.017 0.042 0.053 0.092 0.031 0.049
94 V 0.053 0.041 0.056 0.067 0.013 0.029 0.064 0.034 0.016 0.075 0.109 0.083 0.037 0.06 0.019 0.044 0.059 0.006 0.023 0.113
95 S 0.085 0.044 0.033 0.036 0.013 0.048 0.067 0.042 0.016 0.083 0.068 0.086 0.02 0.026 0.022 0.097 0.066 0.045 0.021 0.081
96 D 0.053 0.038 0.07 0.142 0.009 0.053 0.123 0.079 0.051 0.025 0.037 0.052 0.013 0.025 0.022 0.069 0.057 0.007 0.044 0.032
97 S 0.101 0.059 0.04 0.037 0.015 0.028 0.041 0.09 0.016 0.038 0.076 0.048 0.018 0.053 0.024 0.166 0.076 0.006 0.022 0.046
98 T 0.063 0.115 0.089 0.042 0.013 0.031 0.043 0.046 0.019 0.035 0.051 0.06 0.016 0.05 0.022 0.11 0.123 0.006 0.021 0.044
99 L 0.077 0.027 0.053 0.06 0.015 0.022 0.034 0.038 0.014 0.135 0.146 0.035 0.04 0.033 0.019 0.076 0.063 0.005 0.018 0.092
100 E 0.052 0.047 0.038 0.085 0.007 0.061 0.336 0.033 0.024 0.021 0.035 0.071 0.012 0.016 0.024 0.052 0.035 0.005 0.016 0.03
101 I 0.051 0.034 0.022 0.024 0.013 0.021 0.031 0.03 0.012 0.133 0.116 0.073 0.024 0.062 0.094 0.049 0.038 0.045 0.026 0.101
102 G 0.074 0.022 0.037 0.032 0.01 0.018 0.024 0.538 0.013 0.018 0.027 0.032 0.009 0.015 0.018 0.048 0.028 0.005 0.01 0.023
103 Y 0.037 0.026 0.022 0.019 0.009 0.02 0.027 0.025 0.064 0.042 0.068 0.028 0.018 0.157 0.014 0.029 0.026 0.061 0.269 0.042
104 L 0.046 0.059 0.048 0.026 0.012 0.023 0.031 0.031 0.017 0.082 0.182 0.058 0.042 0.074 0.016 0.05 0.036 0.048 0.053 0.067
105 L 0.065 0.023 0.016 0.017 0.015 0.017 0.022 0.026 0.014 0.108 0.234 0.026 0.061 0.109 0.015 0.03 0.034 0.009 0.056 0.101
106 L 0.042 0.023 0.013 0.014 0.015 0.015 0.019 0.02 0.01 0.109 0.411 0.024 0.047 0.052 0.013 0.023 0.032 0.007 0.021 0.091
107 Q 0.05 0.058 0.061 0.052 0.009 0.143 0.135 0.037 0.025 0.032 0.057 0.089 0.032 0.048 0.021 0.05 0.037 0.006 0.023 0.037
108 L 0.075 0.042 0.055 0.036 0.013 0.03 0.061 0.039 0.021 0.052 0.133 0.082 0.023 0.042 0.021 0.067 0.077 0.009 0.07 0.055
109 I 0.094 0.02 0.016 0.018 0.017 0.015 0.022 0.029 0.009 0.213 0.153 0.026 0.032 0.037 0.016 0.034 0.041 0.005 0.019 0.184
110 A 0.266 0.029 0.024 0.026 0.019 0.023 0.035 0.063 0.013 0.052 0.111 0.039 0.021 0.025 0.026 0.072 0.063 0.005 0.017 0.069
111 R 0.057 0.122 0.034 0.031 0.011 0.066 0.048 0.036 0.021 0.047 0.085 0.082 0.02 0.06 0.02 0.077 0.06 0.008 0.049 0.064
112 L 0.077 0.057 0.027 0.026 0.013 0.041 0.035 0.074 0.016 0.061 0.159 0.042 0.053 0.092 0.018 0.072 0.04 0.008 0.029 0.06
113 I 0.046 0.019 0.015 0.016 0.015 0.013 0.019 0.021 0.01 0.186 0.177 0.022 0.033 0.129 0.013 0.025 0.036 0.008 0.035 0.162
114 S 0.101 0.037 0.05 0.045 0.016 0.03 0.047 0.099 0.018 0.027 0.039 0.05 0.014 0.019 0.027 0.247 0.074 0.005 0.016 0.038
115 D 0.059 0.037 0.108 0.137 0.011 0.046 0.057 0.068 0.048 0.032 0.064 0.048 0.015 0.021 0.022 0.102 0.065 0.005 0.018 0.037
116 E 0.051 0.045 0.069 0.147 0.008 0.091 0.155 0.041 0.025 0.024 0.037 0.062 0.014 0.024 0.022 0.067 0.039 0.006 0.042 0.03
117 Y 0.037 0.026 0.02 0.017 0.009 0.02 0.026 0.024 0.042 0.04 0.063 0.029 0.017 0.118 0.014 0.029 0.026 0.064 0.334 0.043
118 W 0.038 0.023 0.018 0.017 0.009 0.016 0.024 0.03 0.017 0.042 0.06 0.024 0.017 0.086 0.01 0.042 0.028 0.365 0.081 0.054
119 A 0.172 0.026 0.024 0.026 0.019 0.021 0.032 0.048 0.012 0.104 0.087 0.035 0.023 0.027 0.022 0.085 0.051 0.005 0.018 0.163
120 L 0.067 0.022 0.014 0.016 0.016 0.015 0.02 0.024 0.009 0.154 0.303 0.025 0.04 0.046 0.015 0.028 0.035 0.006 0.02 0.123
121 L 0.04 0.022 0.014 0.015 0.014 0.014 0.019 0.021 0.011 0.101 0.364 0.023 0.043 0.109 0.013 0.023 0.03 0.008 0.031 0.085
122 T 0.058 0.028 0.031 0.028 0.016 0.021 0.03 0.033 0.012 0.1 0.134 0.035 0.026 0.061 0.021 0.063 0.19 0.007 0.023 0.085
123 L 0.139 0.024 0.019 0.021 0.017 0.018 0.026 0.077 0.011 0.107 0.186 0.03 0.03 0.034 0.019 0.044 0.04 0.006 0.018 0.134
124 I 0.058 0.023 0.023 0.023 0.016 0.018 0.025 0.028 0.01 0.206 0.121 0.03 0.029 0.034 0.018 0.058 0.1 0.005 0.019 0.156
125 A 0.293 0.029 0.027 0.03 0.019 0.024 0.038 0.109 0.014 0.038 0.053 0.042 0.016 0.02 0.027 0.092 0.048 0.005 0.016 0.06
126 L 0.077 0.023 0.022 0.022 0.016 0.018 0.025 0.07 0.011 0.143 0.154 0.029 0.036 0.065 0.017 0.055 0.059 0.006 0.023 0.129
127 L 0.053 0.021 0.017 0.018 0.016 0.015 0.021 0.023 0.009 0.165 0.192 0.025 0.034 0.069 0.015 0.031 0.058 0.006 0.025 0.188
128 C 0.112 0.024 0.026 0.025 0.132 0.019 0.029 0.08 0.011 0.073 0.073 0.032 0.02 0.024 0.02 0.082 0.066 0.005 0.016 0.131
129 V 0.057 0.022 0.017 0.018 0.016 0.016 0.022 0.024 0.011 0.155 0.163 0.026 0.031 0.044 0.016 0.033 0.06 0.007 0.045 0.215
130 F 0.055 0.022 0.026 0.024 0.012 0.016 0.025 0.148 0.015 0.053 0.08 0.027 0.02 0.236 0.015 0.067 0.035 0.011 0.051 0.063
131 C 0.073 0.02 0.02 0.02 0.167 0.015 0.022 0.071 0.011 0.069 0.101 0.026 0.021 0.116 0.055 0.041 0.052 0.007 0.03 0.062
132 Y 0.075 0.034 0.031 0.028 0.012 0.043 0.04 0.037 0.085 0.048 0.068 0.04 0.032 0.064 0.019 0.073 0.039 0.014 0.154 0.064
133 L 0.068 0.025 0.016 0.017 0.016 0.019 0.022 0.026 0.011 0.104 0.309 0.028 0.08 0.046 0.015 0.031 0.035 0.007 0.021 0.105
134 Y 0.042 0.096 0.025 0.024 0.009 0.029 0.037 0.028 0.025 0.061 0.092 0.107 0.02 0.088 0.017 0.034 0.031 0.052 0.13 0.051
135 A 0.152 0.028 0.029 0.029 0.018 0.022 0.033 0.087 0.013 0.07 0.095 0.037 0.021 0.026 0.023 0.091 0.086 0.005 0.017 0.117
136 I 0.042 0.017 0.014 0.016 0.014 0.012 0.017 0.02 0.01 0.258 0.17 0.022 0.034 0.101 0.013 0.024 0.035 0.007 0.029 0.143
137 Y 0.045 0.098 0.056 0.032 0.009 0.049 0.045 0.033 0.054 0.039 0.081 0.094 0.019 0.076 0.019 0.044 0.052 0.011 0.103 0.042
138 K 0.053 0.149 0.036 0.034 0.01 0.042 0.054 0.037 0.018 0.054 0.079 0.205 0.019 0.02 0.022 0.061 0.039 0.005 0.017 0.046
139 L 0.045 0.024 0.017 0.021 0.014 0.018 0.044 0.023 0.012 0.097 0.25 0.027 0.049 0.131 0.014 0.028 0.033 0.009 0.035 0.111
140 S 0.118 0.037 0.048 0.044 0.017 0.03 0.048 0.062 0.017 0.031 0.042 0.05 0.015 0.02 0.028 0.236 0.091 0.005 0.017 0.044
141 E 0.076 0.037 0.03 0.073 0.012 0.034 0.128 0.072 0.016 0.067 0.114 0.065 0.022 0.025 0.02 0.044 0.038 0.005 0.017 0.106
142 N 0.046 0.045 0.282 0.068 0.009 0.032 0.046 0.057 0.027 0.025 0.037 0.069 0.012 0.048 0.02 0.077 0.047 0.005 0.02 0.029
143 V 0.076 0.085 0.025 0.025 0.013 0.025 0.034 0.034 0.016 0.082 0.076 0.066 0.02 0.062 0.096 0.056 0.04 0.007 0.048 0.111
144 A 0.163 0.061 0.028 0.029 0.016 0.027 0.038 0.049 0.014 0.053 0.086 0.066 0.02 0.023 0.063 0.065 0.099 0.005 0.017 0.078
145 I 0.047 0.019 0.014 0.016 0.016 0.014 0.018 0.02 0.008 0.241 0.211 0.023 0.037 0.043 0.014 0.025 0.038 0.006 0.02 0.171
146 S 0.132 0.035 0.044 0.041 0.017 0.029 0.046 0.06 0.017 0.031 0.043 0.048 0.015 0.019 0.066 0.205 0.086 0.005 0.016 0.045
147 L 0.047 0.021 0.014 0.016 0.016 0.014 0.019 0.021 0.009 0.163 0.263 0.023 0.038 0.074 0.014 0.025 0.036 0.007 0.025 0.156
148 F 0.032 0.019 0.016 0.016 0.01 0.011 0.019 0.024 0.018 0.058 0.104 0.019 0.023 0.399 0.01 0.024 0.024 0.017 0.105 0.051
149 V 0.058 0.021 0.017 0.018 0.017 0.015 0.021 0.023 0.008 0.192 0.151 0.025 0.032 0.037 0.016 0.032 0.061 0.005 0.019 0.231
150 F 0.034 0.021 0.018 0.017 0.01 0.014 0.021 0.024 0.027 0.053 0.091 0.022 0.022 0.307 0.012 0.026 0.025 0.02 0.189 0.049
151 I 0.045 0.019 0.015 0.017 0.015 0.014 0.018 0.021 0.009 0.248 0.173 0.023 0.048 0.071 0.014 0.025 0.037 0.007 0.025 0.157
152 T 0.109 0.032 0.036 0.033 0.017 0.025 0.036 0.045 0.013 0.057 0.065 0.041 0.019 0.023 0.026 0.082 0.233 0.005 0.017 0.085
153 L 0.044 0.024 0.017 0.017 0.015 0.017 0.021 0.023 0.012 0.11 0.283 0.026 0.065 0.105 0.014 0.03 0.052 0.008 0.031 0.088
154 G 0.135 0.026 0.035 0.032 0.014 0.021 0.03 0.356 0.013 0.026 0.037 0.036 0.012 0.017 0.022 0.075 0.056 0.005 0.013 0.037
155 F 0.075 0.027 0.026 0.025 0.013 0.02 0.03 0.036 0.021 0.068 0.099 0.032 0.022 0.113 0.018 0.076 0.077 0.052 0.11 0.062
156 Y 0.038 0.026 0.02 0.018 0.009 0.02 0.026 0.024 0.042 0.043 0.068 0.029 0.018 0.146 0.014 0.029 0.026 0.026 0.335 0.045
157 L 0.051 0.026 0.022 0.021 0.016 0.018 0.025 0.027 0.011 0.091 0.258 0.029 0.035 0.07 0.017 0.043 0.111 0.007 0.024 0.097
158 F 0.038 0.019 0.016 0.016 0.011 0.012 0.019 0.024 0.017 0.073 0.107 0.02 0.024 0.339 0.011 0.025 0.028 0.015 0.095 0.091
159 F 0.062 0.022 0.019 0.018 0.013 0.015 0.023 0.028 0.042 0.078 0.147 0.024 0.027 0.244 0.013 0.03 0.03 0.011 0.057 0.096
160 F 0.033 0.019 0.016 0.016 0.01 0.011 0.019 0.024 0.016 0.062 0.114 0.019 0.038 0.393 0.01 0.025 0.025 0.015 0.079 0.055
161 N 0.063 0.041 0.33 0.075 0.009 0.031 0.046 0.062 0.029 0.023 0.032 0.05 0.011 0.017 0.02 0.067 0.047 0.004 0.015 0.029
162 G 0.153 0.024 0.033 0.031 0.013 0.02 0.028 0.395 0.013 0.025 0.036 0.035 0.011 0.017 0.021 0.058 0.034 0.005 0.012 0.036
163 A 0.251 0.028 0.026 0.028 0.019 0.023 0.035 0.101 0.013 0.052 0.085 0.039 0.019 0.023 0.025 0.084 0.047 0.005 0.017 0.081
164 R 0.042 0.382 0.037 0.029 0.007 0.046 0.049 0.031 0.022 0.022 0.044 0.113 0.015 0.016 0.018 0.042 0.033 0.005 0.016 0.029
165 Q 0.053 0.069 0.042 0.044 0.008 0.259 0.097 0.039 0.028 0.025 0.044 0.086 0.019 0.014 0.022 0.053 0.039 0.006 0.019 0.033
166 G 0.116 0.024 0.036 0.032 0.012 0.02 0.028 0.43 0.013 0.022 0.032 0.035 0.011 0.016 0.02 0.07 0.035 0.005 0.012 0.031
167 L 0.042 0.02 0.014 0.016 0.015 0.014 0.018 0.02 0.009 0.199 0.271 0.023 0.039 0.075 0.013 0.023 0.034 0.007 0.025 0.123
168 A 0.33 0.029 0.024 0.028 0.02 0.024 0.038 0.074 0.014 0.041 0.056 0.042 0.017 0.02 0.028 0.08 0.047 0.005 0.017 0.065
169 A 0.179 0.024 0.019 0.021 0.056 0.018 0.027 0.046 0.011 0.123 0.14 0.032 0.026 0.031 0.021 0.051 0.041 0.005 0.018 0.11
170 A 0.216 0.028 0.031 0.031 0.055 0.023 0.035 0.176 0.014 0.034 0.047 0.039 0.014 0.019 0.025 0.098 0.046 0.005 0.015 0.05
171 V 0.056 0.019 0.015 0.017 0.017 0.014 0.02 0.022 0.009 0.202 0.134 0.023 0.031 0.066 0.015 0.028 0.042 0.006 0.024 0.241
172 F 0.043 0.023 0.021 0.019 0.049 0.017 0.024 0.027 0.028 0.047 0.079 0.026 0.02 0.222 0.014 0.046 0.03 0.019 0.199 0.047
173 G 0.112 0.028 0.031 0.029 0.054 0.023 0.032 0.121 0.014 0.057 0.101 0.037 0.048 0.027 0.021 0.1 0.066 0.006 0.017 0.076
174 L 0.045 0.023 0.041 0.021 0.052 0.017 0.022 0.025 0.014 0.137 0.207 0.026 0.046 0.076 0.014 0.03 0.035 0.008 0.05 0.11
175 S 0.191 0.035 0.041 0.039 0.018 0.029 0.045 0.067 0.017 0.033 0.046 0.048 0.015 0.02 0.028 0.193 0.066 0.005 0.017 0.049
176 L 0.04 0.02 0.015 0.016 0.013 0.013 0.018 0.022 0.012 0.125 0.233 0.021 0.035 0.191 0.012 0.024 0.031 0.01 0.045 0.104
177 I 0.055 0.028 0.024 0.024 0.013 0.019 0.028 0.106 0.014 0.116 0.086 0.051 0.021 0.064 0.095 0.039 0.054 0.007 0.047 0.109
178 F 0.095 0.027 0.028 0.026 0.013 0.02 0.031 0.041 0.047 0.045 0.075 0.032 0.019 0.214 0.018 0.09 0.04 0.012 0.077 0.048
179 L 0.044 0.023 0.014 0.015 0.016 0.015 0.019 0.02 0.009 0.112 0.389 0.024 0.045 0.05 0.014 0.024 0.033 0.007 0.021 0.108
180 L 0.051 0.02 0.015 0.016 0.016 0.014 0.02 0.021 0.009 0.17 0.219 0.023 0.036 0.071 0.014 0.026 0.038 0.007 0.025 0.19
181 N 0.091 0.085 0.134 0.053 0.01 0.073 0.08 0.051 0.024 0.026 0.04 0.123 0.014 0.016 0.023 0.06 0.041 0.005 0.016 0.035
182 G 0.057 0.151 0.039 0.063 0.009 0.035 0.047 0.229 0.018 0.021 0.035 0.124 0.012 0.015 0.02 0.047 0.032 0.005 0.014 0.027
183 H 0.042 0.046 0.053 0.038 0.008 0.038 0.053 0.038 0.358 0.023 0.038 0.046 0.015 0.03 0.019 0.042 0.027 0.008 0.057 0.023
184 K 0.057 0.107 0.041 0.041 0.009 0.053 0.07 0.043 0.021 0.027 0.043 0.282 0.015 0.015 0.027 0.053 0.04 0.005 0.017 0.033
185 T 0.073 0.035 0.043 0.037 0.018 0.027 0.039 0.043 0.014 0.053 0.065 0.045 0.02 0.024 0.027 0.092 0.25 0.006 0.018 0.071
186 K 0.047 0.109 0.14 0.109 0.008 0.038 0.058 0.084 0.022 0.023 0.035 0.14 0.012 0.016 0.021 0.054 0.038 0.005 0.015 0.027
187 F 0.039 0.021 0.016 0.017 0.012 0.014 0.021 0.024 0.016 0.089 0.179 0.023 0.043 0.224 0.051 0.026 0.029 0.012 0.075 0.07
188 K 0.047 0.052 0.026 0.026 0.01 0.029 0.039 0.07 0.015 0.082 0.1 0.138 0.035 0.034 0.017 0.036 0.033 0.124 0.028 0.06
189 R 0.066 0.156 0.034 0.03 0.009 0.038 0.047 0.036 0.078 0.032 0.056 0.125 0.03 0.032 0.019 0.043 0.033 0.047 0.053 0.037
190 Y 0.038 0.026 0.021 0.018 0.009 0.021 0.026 0.023 0.044 0.041 0.065 0.029 0.018 0.123 0.015 0.029 0.026 0.026 0.356 0.044
191 L 0.137 0.023 0.018 0.02 0.055 0.018 0.026 0.039 0.013 0.1 0.139 0.029 0.026 0.069 0.018 0.044 0.04 0.008 0.049 0.13
192 L 0.04 0.021 0.015 0.016 0.014 0.014 0.019 0.022 0.012 0.14 0.242 0.022 0.049 0.163 0.013 0.024 0.031 0.009 0.04 0.096
193 W 0.034 0.02 0.015 0.015 0.047 0.014 0.02 0.028 0.014 0.044 0.065 0.021 0.017 0.109 0.009 0.024 0.025 0.364 0.06 0.056
194 V 0.078 0.02 0.016 0.018 0.017 0.015 0.021 0.026 0.008 0.207 0.131 0.025 0.031 0.036 0.016 0.032 0.043 0.005 0.019 0.236
195 L 0.11 0.023 0.017 0.019 0.016 0.017 0.024 0.034 0.012 0.119 0.204 0.028 0.046 0.098 0.017 0.038 0.037 0.008 0.029 0.107
196 L 0.068 0.02 0.015 0.017 0.016 0.015 0.02 0.025 0.01 0.185 0.219 0.024 0.035 0.071 0.015 0.029 0.037 0.007 0.025 0.149
197 A 0.311 0.029 0.025 0.028 0.02 0.024 0.037 0.11 0.014 0.039 0.054 0.041 0.016 0.02 0.027 0.078 0.046 0.005 0.016 0.062
198 S 0.118 0.032 0.037 0.035 0.016 0.026 0.039 0.052 0.016 0.043 0.067 0.042 0.032 0.084 0.024 0.154 0.094 0.007 0.027 0.053
199 L 0.046 0.023 0.017 0.017 0.091 0.016 0.021 0.025 0.012 0.081 0.226 0.025 0.059 0.129 0.014 0.032 0.051 0.008 0.034 0.074
200 F 0.032 0.018 0.016 0.016 0.01 0.01 0.018 0.024 0.016 0.06 0.108 0.018 0.024 0.422 0.01 0.024 0.024 0.016 0.084 0.052
201 H 0.04 0.043 0.05 0.036 0.007 0.036 0.05 0.036 0.392 0.022 0.036 0.043 0.014 0.029 0.018 0.04 0.025 0.007 0.054 0.022
202 K 0.048 0.168 0.059 0.036 0.009 0.058 0.054 0.036 0.02 0.068 0.059 0.172 0.018 0.019 0.021 0.045 0.037 0.005 0.017 0.051
203 T 0.077 0.034 0.043 0.038 0.017 0.027 0.04 0.046 0.014 0.045 0.056 0.045 0.018 0.022 0.026 0.128 0.24 0.005 0.017 0.061
204 A 0.207 0.025 0.02 0.023 0.019 0.02 0.03 0.05 0.011 0.106 0.09 0.034 0.023 0.027 0.022 0.057 0.046 0.005 0.018 0.167
205 L 0.043 0.02 0.014 0.015 0.015 0.014 0.018 0.02 0.01 0.177 0.289 0.023 0.04 0.076 0.013 0.024 0.034 0.007 0.025 0.122
206 I 0.045 0.018 0.015 0.016 0.014 0.013 0.018 0.021 0.01 0.214 0.161 0.022 0.032 0.129 0.013 0.025 0.035 0.008 0.034 0.156
207 A 0.132 0.03 0.027 0.026 0.017 0.024 0.032 0.082 0.014 0.063 0.122 0.038 0.078 0.031 0.022 0.061 0.107 0.006 0.018 0.071
208 L 0.043 0.021 0.014 0.015 0.015 0.015 0.019 0.02 0.009 0.156 0.353 0.023 0.044 0.049 0.014 0.023 0.033 0.006 0.021 0.108
209 P 0.053 0.024 0.021 0.028 0.01 0.019 0.033 0.033 0.012 0.031 0.063 0.038 0.013 0.015 0.483 0.04 0.034 0.003 0.013 0.034
210 L 0.06 0.022 0.016 0.016 0.013 0.014 0.021 0.027 0.013 0.08 0.226 0.023 0.046 0.219 0.013 0.029 0.03 0.011 0.05 0.071
211 Y 0.038 0.026 0.02 0.018 0.009 0.02 0.026 0.024 0.042 0.043 0.068 0.029 0.018 0.146 0.014 0.029 0.026 0.026 0.335 0.045
212 F 0.035 0.02 0.017 0.017 0.01 0.012 0.02 0.025 0.02 0.054 0.095 0.021 0.022 0.344 0.05 0.026 0.025 0.017 0.12 0.049
213 L 0.044 0.02 0.014 0.015 0.015 0.014 0.018 0.02 0.01 0.171 0.288 0.023 0.04 0.076 0.013 0.024 0.034 0.007 0.025 0.128
214 L 0.037 0.021 0.015 0.015 0.013 0.013 0.019 0.022 0.012 0.086 0.271 0.021 0.036 0.222 0.012 0.023 0.028 0.011 0.05 0.073
215 R 0.045 0.255 0.064 0.035 0.008 0.042 0.05 0.036 0.079 0.024 0.043 0.108 0.015 0.019 0.02 0.048 0.053 0.006 0.022 0.031
216 R 0.045 0.123 0.056 0.036 0.01 0.068 0.07 0.034 0.02 0.042 0.105 0.083 0.021 0.056 0.018 0.045 0.053 0.046 0.026 0.044
217 K 0.052 0.094 0.035 0.044 0.008 0.061 0.102 0.037 0.019 0.024 0.039 0.183 0.013 0.014 0.139 0.048 0.036 0.004 0.016 0.03
218 F 0.045 0.024 0.046 0.023 0.05 0.017 0.025 0.03 0.022 0.06 0.107 0.027 0.022 0.201 0.014 0.048 0.034 0.014 0.121 0.07
219 S 0.09 0.068 0.05 0.074 0.014 0.034 0.054 0.057 0.018 0.027 0.039 0.076 0.014 0.019 0.027 0.214 0.067 0.005 0.016 0.037
220 L 0.07 0.03 0.022 0.023 0.014 0.02 0.028 0.031 0.015 0.104 0.138 0.051 0.026 0.098 0.056 0.042 0.074 0.009 0.054 0.095
221 K 0.051 0.126 0.035 0.033 0.009 0.042 0.054 0.075 0.018 0.031 0.069 0.22 0.017 0.021 0.022 0.045 0.034 0.045 0.02 0.034
222 N 0.066 0.071 0.102 0.038 0.011 0.047 0.043 0.04 0.022 0.063 0.096 0.089 0.034 0.063 0.019 0.047 0.038 0.008 0.049 0.054
223 L 0.048 0.025 0.043 0.022 0.015 0.018 0.024 0.027 0.012 0.13 0.214 0.028 0.06 0.07 0.015 0.034 0.056 0.007 0.025 0.126
224 L 0.093 0.022 0.022 0.022 0.014 0.016 0.024 0.111 0.012 0.103 0.139 0.028 0.026 0.121 0.017 0.042 0.054 0.008 0.032 0.094
225 L 0.065 0.025 0.017 0.019 0.014 0.034 0.026 0.026 0.014 0.151 0.228 0.03 0.035 0.077 0.015 0.03 0.034 0.008 0.051 0.101
226 L 0.046 0.023 0.018 0.018 0.013 0.016 0.022 0.025 0.017 0.1 0.218 0.025 0.032 0.143 0.014 0.043 0.034 0.012 0.087 0.093
227 L 0.102 0.025 0.022 0.023 0.016 0.019 0.027 0.036 0.012 0.123 0.153 0.031 0.042 0.064 0.018 0.072 0.045 0.006 0.024 0.138
228 V 0.056 0.022 0.018 0.018 0.016 0.016 0.022 0.024 0.01 0.136 0.146 0.025 0.043 0.095 0.015 0.033 0.059 0.007 0.03 0.207
229 L 0.101 0.024 0.024 0.023 0.015 0.018 0.025 0.151 0.011 0.106 0.178 0.03 0.028 0.033 0.018 0.057 0.039 0.006 0.017 0.096
230 G 0.117 0.028 0.037 0.033 0.014 0.022 0.033 0.279 0.014 0.033 0.066 0.038 0.015 0.02 0.022 0.104 0.063 0.005 0.014 0.042
231 L 0.099 0.024 0.024 0.024 0.015 0.018 0.026 0.114 0.012 0.085 0.154 0.03 0.026 0.091 0.018 0.06 0.057 0.007 0.027 0.087
232 V 0.079 0.02 0.019 0.02 0.015 0.015 0.022 0.106 0.01 0.135 0.106 0.026 0.025 0.091 0.016 0.035 0.039 0.007 0.028 0.185
233 A 0.151 0.028 0.028 0.028 0.055 0.023 0.033 0.087 0.013 0.064 0.082 0.037 0.047 0.026 0.022 0.089 0.066 0.005 0.017 0.098
234 L 0.073 0.021 0.018 0.019 0.015 0.015 0.021 0.105 0.01 0.14 0.199 0.026 0.031 0.067 0.015 0.033 0.035 0.007 0.023 0.127
235 L 0.101 0.026 0.025 0.025 0.054 0.02 0.029 0.038 0.014 0.102 0.155 0.033 0.027 0.039 0.02 0.078 0.072 0.007 0.044 0.09
236 F 0.06 0.021 0.018 0.018 0.012 0.013 0.021 0.067 0.017 0.061 0.141 0.023 0.025 0.28 0.013 0.03 0.027 0.014 0.084 0.056
237 L 0.04 0.021 0.014 0.015 0.014 0.014 0.019 0.021 0.011 0.113 0.321 0.022 0.041 0.136 0.013 0.023 0.03 0.009 0.035 0.088
238 S 0.069 0.061 0.092 0.075 0.012 0.03 0.048 0.089 0.048 0.024 0.035 0.051 0.012 0.018 0.1 0.132 0.051 0.005 0.018 0.031
239 V 0.079 0.074 0.035 0.065 0.013 0.046 0.067 0.039 0.019 0.053 0.064 0.052 0.018 0.06 0.021 0.076 0.08 0.008 0.048 0.085
240 F 0.039 0.019 0.015 0.016 0.013 0.012 0.018 0.022 0.013 0.133 0.167 0.02 0.03 0.247 0.012 0.024 0.03 0.011 0.054 0.104
241 L 0.044 0.023 0.015 0.016 0.015 0.016 0.02 0.022 0.011 0.122 0.311 0.025 0.068 0.077 0.014 0.025 0.034 0.007 0.026 0.11
242 G 0.119 0.031 0.041 0.066 0.015 0.025 0.041 0.168 0.015 0.035 0.068 0.042 0.016 0.021 0.024 0.137 0.071 0.005 0.015 0.044
243 L 0.043 0.021 0.015 0.016 0.014 0.014 0.02 0.022 0.013 0.115 0.251 0.023 0.036 0.139 0.013 0.025 0.032 0.01 0.061 0.118
244 F 0.074 0.021 0.017 0.018 0.013 0.013 0.022 0.032 0.015 0.066 0.144 0.023 0.027 0.298 0.014 0.033 0.029 0.014 0.067 0.061
245 A 0.142 0.03 0.038 0.127 0.013 0.027 0.07 0.128 0.016 0.033 0.05 0.043 0.027 0.019 0.062 0.074 0.041 0.005 0.014 0.043
246 G 0.104 0.033 0.04 0.106 0.013 0.032 0.112 0.121 0.016 0.039 0.047 0.047 0.014 0.019 0.023 0.076 0.079 0.005 0.015 0.061
247 L 0.073 0.028 0.059 0.092 0.014 0.022 0.039 0.078 0.014 0.055 0.135 0.036 0.022 0.057 0.02 0.057 0.113 0.006 0.021 0.058
248 V 0.078 0.025 0.023 0.022 0.016 0.019 0.027 0.031 0.04 0.132 0.111 0.03 0.04 0.063 0.018 0.043 0.079 0.006 0.027 0.173
249 E 0.084 0.041 0.088 0.058 0.012 0.056 0.137 0.047 0.021 0.049 0.049 0.056 0.016 0.02 0.024 0.106 0.067 0.005 0.016 0.048
250 E 0.096 0.042 0.042 0.145 0.011 0.042 0.166 0.044 0.02 0.031 0.049 0.075 0.028 0.019 0.024 0.071 0.04 0.005 0.015 0.039
251 R 0.045 0.315 0.037 0.032 0.008 0.063 0.056 0.033 0.022 0.023 0.043 0.143 0.015 0.016 0.02 0.044 0.034 0.005 0.017 0.03
252 Y 0.038 0.026 0.021 0.018 0.009 0.021 0.026 0.023 0.044 0.041 0.065 0.029 0.018 0.123 0.015 0.029 0.026 0.026 0.356 0.044
253 A 0.161 0.034 0.039 0.044 0.015 0.032 0.086 0.135 0.017 0.029 0.042 0.048 0.014 0.019 0.026 0.142 0.054 0.005 0.015 0.043
254 V 0.102 0.038 0.025 0.027 0.015 0.059 0.041 0.038 0.014 0.102 0.118 0.062 0.039 0.029 0.02 0.06 0.045 0.006 0.019 0.143
255 Y 0.038 0.026 0.021 0.018 0.009 0.021 0.026 0.023 0.044 0.041 0.065 0.029 0.018 0.123 0.015 0.029 0.026 0.026 0.356 0.044
256 E 0.105 0.043 0.035 0.049 0.013 0.055 0.135 0.044 0.018 0.061 0.058 0.074 0.018 0.021 0.024 0.088 0.064 0.005 0.017 0.072
257 D 0.053 0.037 0.074 0.207 0.009 0.038 0.15 0.043 0.02 0.026 0.036 0.053 0.012 0.016 0.023 0.074 0.078 0.004 0.014 0.033
258 R 0.044 0.22 0.029 0.026 0.01 0.051 0.042 0.028 0.021 0.081 0.102 0.078 0.036 0.033 0.017 0.037 0.034 0.007 0.044 0.061
259 G 0.091 0.031 0.037 0.047 0.011 0.031 0.109 0.309 0.016 0.024 0.035 0.045 0.012 0.017 0.022 0.057 0.055 0.005 0.013 0.033
260 A 0.246 0.035 0.029 0.039 0.017 0.048 0.089 0.062 0.017 0.037 0.052 0.05 0.016 0.019 0.027 0.074 0.063 0.005 0.017 0.057
261 T 0.069 0.065 0.041 0.037 0.014 0.063 0.047 0.1 0.017 0.038 0.051 0.055 0.017 0.019 0.024 0.094 0.176 0.005 0.016 0.051
262 G 0.076 0.023 0.038 0.033 0.011 0.019 0.026 0.501 0.013 0.019 0.028 0.033 0.009 0.016 0.019 0.065 0.032 0.005 0.011 0.024
263 G 0.074 0.022 0.037 0.032 0.01 0.018 0.024 0.538 0.013 0.018 0.027 0.032 0.009 0.015 0.018 0.048 0.028 0.005 0.01 0.023
264 E 0.089 0.094 0.029 0.04 0.011 0.053 0.11 0.037 0.021 0.039 0.083 0.078 0.019 0.09 0.02 0.046 0.034 0.009 0.053 0.045
265 L 0.046 0.027 0.044 0.023 0.014 0.02 0.025 0.028 0.016 0.082 0.264 0.03 0.062 0.051 0.015 0.047 0.036 0.048 0.05 0.073
266 L 0.041 0.023 0.014 0.015 0.014 0.015 0.02 0.021 0.013 0.1 0.361 0.024 0.043 0.086 0.013 0.024 0.031 0.009 0.052 0.084
267 T 0.135 0.031 0.038 0.035 0.017 0.025 0.037 0.128 0.014 0.04 0.051 0.042 0.016 0.02 0.026 0.107 0.161 0.005 0.016 0.056
268 L 0.047 0.022 0.014 0.015 0.015 0.016 0.02 0.021 0.012 0.13 0.298 0.024 0.04 0.052 0.014 0.025 0.035 0.008 0.046 0.144
269 F 0.055 0.019 0.017 0.017 0.011 0.011 0.019 0.028 0.016 0.058 0.104 0.02 0.023 0.391 0.011 0.028 0.026 0.015 0.079 0.053
270 F 0.036 0.024 0.021 0.018 0.009 0.018 0.025 0.025 0.06 0.047 0.079 0.026 0.02 0.231 0.013 0.028 0.025 0.021 0.228 0.045
271 L 0.05 0.025 0.045 0.024 0.014 0.019 0.024 0.067 0.013 0.134 0.169 0.03 0.07 0.067 0.016 0.037 0.056 0.007 0.024 0.109
272 L 0.049 0.022 0.016 0.017 0.016 0.015 0.021 0.023 0.01 0.143 0.255 0.025 0.037 0.072 0.015 0.03 0.055 0.007 0.025 0.148
273 L 0.05 0.025 0.019 0.019 0.015 0.019 0.024 0.026 0.011 0.127 0.282 0.029 0.065 0.044 0.016 0.048 0.057 0.006 0.02 0.096
274 S 0.108 0.035 0.044 0.04 0.017 0.028 0.043 0.055 0.016 0.04 0.074 0.046 0.018 0.023 0.026 0.191 0.12 0.005 0.017 0.052
275 V 0.101 0.023 0.019 0.02 0.017 0.017 0.025 0.034 0.011 0.122 0.129 0.028 0.027 0.092 0.017 0.054 0.044 0.007 0.029 0.184
276 F 0.043 0.021 0.02 0.019 0.012 0.014 0.021 0.064 0.018 0.084 0.12 0.024 0.024 0.226 0.014 0.032 0.048 0.014 0.1 0.081
277 F 0.036 0.02 0.015 0.015 0.012 0.012 0.018 0.022 0.013 0.079 0.224 0.02 0.033 0.279 0.011 0.024 0.027 0.012 0.06 0.067
278 I 0.046 0.018 0.014 0.016 0.015 0.013 0.018 0.02 0.009 0.237 0.188 0.023 0.035 0.071 0.014 0.025 0.037 0.006 0.025 0.168
279 L 0.042 0.052 0.045 0.022 0.012 0.02 0.026 0.026 0.024 0.085 0.141 0.034 0.039 0.123 0.014 0.031 0.032 0.014 0.133 0.083
280 F 0.064 0.053 0.02 0.02 0.051 0.036 0.029 0.03 0.015 0.08 0.13 0.036 0.053 0.182 0.015 0.034 0.032 0.01 0.044 0.067
281 R 0.044 0.339 0.037 0.031 0.007 0.046 0.052 0.033 0.022 0.023 0.043 0.145 0.015 0.016 0.019 0.043 0.034 0.005 0.016 0.03
282 K 0.06 0.09 0.037 0.038 0.01 0.072 0.06 0.042 0.019 0.025 0.04 0.161 0.014 0.015 0.14 0.081 0.043 0.004 0.016 0.032
283 K 0.066 0.103 0.054 0.031 0.01 0.033 0.043 0.037 0.023 0.056 0.065 0.132 0.018 0.097 0.019 0.043 0.034 0.01 0.079 0.049
284 I 0.044 0.017 0.014 0.017 0.015 0.013 0.017 0.019 0.008 0.312 0.158 0.022 0.035 0.042 0.014 0.024 0.038 0.006 0.019 0.167
285 A 0.103 0.066 0.036 0.064 0.014 0.047 0.048 0.045 0.016 0.043 0.085 0.071 0.032 0.023 0.062 0.089 0.083 0.005 0.017 0.051
286 L 0.096 0.059 0.026 0.027 0.014 0.024 0.033 0.076 0.013 0.072 0.139 0.062 0.023 0.027 0.098 0.05 0.075 0.005 0.017 0.065
287 E 0.053 0.075 0.064 0.089 0.009 0.079 0.169 0.039 0.022 0.045 0.046 0.087 0.015 0.018 0.022 0.066 0.04 0.005 0.016 0.041
288 D 0.042 0.038 0.11 0.13 0.009 0.044 0.052 0.04 0.024 0.039 0.051 0.062 0.015 0.068 0.018 0.045 0.035 0.048 0.076 0.053
289 L 0.068 0.125 0.028 0.027 0.012 0.066 0.047 0.033 0.017 0.074 0.166 0.101 0.027 0.029 0.019 0.041 0.036 0.006 0.019 0.062
290 K 0.07 0.136 0.085 0.04 0.009 0.039 0.051 0.043 0.051 0.026 0.042 0.144 0.014 0.025 0.041 0.059 0.038 0.007 0.045 0.033
291 A 0.115 0.095 0.03 0.033 0.013 0.033 0.063 0.042 0.018 0.062 0.087 0.094 0.02 0.031 0.022 0.056 0.076 0.007 0.043 0.06
292 Y 0.038 0.026 0.02 0.018 0.009 0.02 0.026 0.024 0.042 0.043 0.068 0.029 0.018 0.146 0.014 0.029 0.026 0.026 0.335 0.045
293 D 0.039 0.03 0.11 0.377 0.007 0.029 0.08 0.047 0.019 0.021 0.027 0.044 0.009 0.015 0.021 0.052 0.035 0.004 0.011 0.023
294 V 0.057 0.019 0.017 0.018 0.093 0.015 0.02 0.024 0.008 0.19 0.122 0.024 0.029 0.034 0.016 0.034 0.06 0.005 0.018 0.197
295 Y 0.037 0.023 0.018 0.017 0.01 0.017 0.023 0.023 0.03 0.057 0.131 0.025 0.024 0.204 0.013 0.027 0.026 0.02 0.221 0.054
296 L 0.042 0.023 0.013 0.014 0.015 0.015 0.019 0.02 0.01 0.109 0.411 0.024 0.047 0.052 0.013 0.023 0.032 0.007 0.021 0.091
297 N 0.043 0.041 0.318 0.072 0.009 0.031 0.045 0.058 0.028 0.028 0.059 0.049 0.014 0.02 0.019 0.07 0.047 0.004 0.015 0.031
298 L 0.05 0.03 0.022 0.021 0.014 0.025 0.028 0.028 0.019 0.081 0.165 0.034 0.137 0.054 0.017 0.041 0.074 0.01 0.073 0.078
299 L 0.058 0.023 0.02 0.02 0.13 0.017 0.023 0.03 0.011 0.095 0.191 0.027 0.043 0.065 0.016 0.065 0.041 0.006 0.023 0.094
300 L 0.052 0.021 0.016 0.017 0.016 0.015 0.021 0.022 0.009 0.181 0.218 0.025 0.036 0.041 0.015 0.031 0.058 0.006 0.02 0.18
301 F 0.034 0.018 0.016 0.016 0.011 0.011 0.018 0.023 0.015 0.083 0.135 0.019 0.027 0.364 0.011 0.024 0.026 0.014 0.074 0.064
302 G 0.072 0.026 0.061 0.035 0.012 0.021 0.03 0.311 0.015 0.036 0.045 0.035 0.013 0.049 0.019 0.083 0.058 0.006 0.018 0.053
303 S 0.126 0.034 0.043 0.039 0.017 0.028 0.042 0.094 0.015 0.036 0.048 0.046 0.016 0.02 0.027 0.165 0.134 0.005 0.016 0.051
304 L 0.051 0.024 0.02 0.02 0.016 0.018 0.023 0.025 0.01 0.145 0.232 0.029 0.049 0.041 0.017 0.039 0.094 0.006 0.02 0.119
305 I 0.048 0.018 0.014 0.017 0.016 0.013 0.018 0.02 0.008 0.272 0.172 0.023 0.035 0.041 0.014 0.025 0.038 0.006 0.02 0.183
306 Y 0.038 0.028 0.048 0.023 0.009 0.021 0.029 0.027 0.065 0.041 0.066 0.03 0.018 0.154 0.015 0.032 0.027 0.022 0.265 0.042
307 L 0.072 0.022 0.016 0.017 0.016 0.017 0.022 0.027 0.011 0.139 0.175 0.026 0.059 0.098 0.015 0.032 0.038 0.007 0.03 0.161
308 V 0.081 0.023 0.018 0.019 0.017 0.018 0.023 0.067 0.01 0.135 0.145 0.028 0.056 0.035 0.016 0.035 0.042 0.006 0.019 0.207
309 V 0.064 0.02 0.015 0.017 0.018 0.015 0.022 0.023 0.008 0.167 0.126 0.024 0.03 0.034 0.015 0.03 0.046 0.005 0.019 0.299
310 I 0.108 0.031 0.031 0.03 0.016 0.041 0.038 0.043 0.016 0.11 0.082 0.041 0.022 0.034 0.022 0.101 0.087 0.007 0.044 0.098
311 L 0.11 0.024 0.019 0.02 0.015 0.017 0.025 0.035 0.015 0.091 0.164 0.028 0.028 0.131 0.017 0.043 0.054 0.01 0.06 0.093
312 T 0.096 0.034 0.065 0.04 0.016 0.027 0.04 0.089 0.016 0.041 0.059 0.044 0.03 0.022 0.025 0.132 0.147 0.005 0.016 0.053
313 G 0.069 0.025 0.086 0.039 0.01 0.02 0.028 0.465 0.015 0.018 0.027 0.035 0.009 0.016 0.018 0.051 0.031 0.005 0.011 0.023
314 L 0.123 0.054 0.026 0.026 0.016 0.023 0.031 0.08 0.013 0.101 0.136 0.04 0.039 0.031 0.02 0.078 0.045 0.006 0.018 0.095
315 D 0.041 0.028 0.043 0.21 0.009 0.025 0.055 0.034 0.029 0.033 0.047 0.036 0.014 0.065 0.019 0.043 0.05 0.014 0.171 0.036
316 V 0.069 0.023 0.022 0.022 0.017 0.018 0.026 0.068 0.01 0.149 0.108 0.029 0.027 0.031 0.017 0.067 0.049 0.005 0.018 0.224
317 N 0.046 0.044 0.209 0.081 0.008 0.045 0.18 0.048 0.027 0.021 0.032 0.06 0.011 0.016 0.021 0.059 0.041 0.005 0.015 0.027
318 L 0.041 0.021 0.015 0.016 0.013 0.014 0.019 0.022 0.012 0.108 0.235 0.022 0.048 0.191 0.012 0.025 0.031 0.01 0.045 0.098
319 L 0.059 0.029 0.028 0.026 0.016 0.023 0.03 0.033 0.013 0.092 0.177 0.035 0.07 0.036 0.02 0.069 0.136 0.006 0.019 0.083
320 R 0.042 0.382 0.037 0.029 0.007 0.046 0.049 0.031 0.022 0.022 0.044 0.113 0.015 0.016 0.018 0.042 0.033 0.005 0.016 0.029
