#Seq2Logo.py -f /work3/idamei/ssn-clusterings/clustering/2205111339/clusters/0024_234/sequences.afa -o /work3/idamei/ssn-clusterings/clustering/2205111339/clusters/0024_234/sequences.logo
#Position Specific Frequency Matrix
A R N D C Q E G H I L K M F P S T W Y V
0 L 0.052 0.032 0.02 0.02 0.016 0.028 0.028 0.028 0.016 0.099 0.194 0.036 0.171 0.048 0.016 0.036 0.04 0.008 0.024 0.091
1 F 0.05 0.053 0.031 0.037 0.01 0.035 0.081 0.033 0.052 0.057 0.075 0.111 0.02 0.133 0.02 0.041 0.035 0.009 0.043 0.074
2 V 0.111 0.027 0.026 0.025 0.019 0.021 0.031 0.04 0.011 0.112 0.1 0.035 0.026 0.03 0.022 0.059 0.103 0.006 0.019 0.178
3 I 0.047 0.019 0.015 0.017 0.016 0.014 0.018 0.021 0.009 0.242 0.206 0.024 0.039 0.046 0.015 0.025 0.039 0.006 0.021 0.162
4 N 0.046 0.052 0.248 0.074 0.009 0.079 0.063 0.059 0.031 0.024 0.035 0.063 0.014 0.017 0.021 0.066 0.047 0.005 0.017 0.029
5 A 0.287 0.031 0.026 0.03 0.022 0.026 0.041 0.079 0.015 0.043 0.06 0.045 0.018 0.022 0.03 0.085 0.05 0.005 0.018 0.069
6 Y 0.041 0.028 0.022 0.019 0.009 0.022 0.028 0.025 0.047 0.044 0.069 0.031 0.019 0.131 0.016 0.031 0.028 0.028 0.315 0.047
7 Y 0.041 0.028 0.022 0.019 0.009 0.022 0.028 0.025 0.047 0.044 0.069 0.031 0.019 0.131 0.016 0.031 0.028 0.028 0.315 0.047
8 Y 0.041 0.028 0.022 0.019 0.009 0.022 0.028 0.025 0.047 0.044 0.069 0.031 0.019 0.131 0.016 0.031 0.028 0.028 0.315 0.047
9 I 0.047 0.018 0.015 0.018 0.016 0.013 0.018 0.021 0.009 0.268 0.169 0.024 0.037 0.044 0.015 0.025 0.04 0.006 0.021 0.177
10 N 0.046 0.096 0.131 0.046 0.011 0.031 0.041 0.041 0.021 0.113 0.083 0.082 0.021 0.027 0.019 0.047 0.042 0.005 0.018 0.081
11 K 0.06 0.115 0.039 0.037 0.012 0.039 0.052 0.04 0.018 0.035 0.05 0.142 0.016 0.018 0.081 0.064 0.114 0.005 0.017 0.045
12 L 0.04 0.118 0.022 0.02 0.012 0.023 0.029 0.026 0.016 0.069 0.188 0.051 0.031 0.163 0.014 0.03 0.031 0.01 0.044 0.062
13 I 0.045 0.019 0.015 0.017 0.015 0.013 0.018 0.021 0.01 0.223 0.198 0.023 0.037 0.087 0.014 0.025 0.037 0.007 0.029 0.147
14 G 0.074 0.027 0.039 0.043 0.01 0.027 0.074 0.43 0.016 0.019 0.03 0.041 0.01 0.016 0.02 0.052 0.031 0.005 0.012 0.025
15 S 0.11 0.04 0.054 0.049 0.018 0.033 0.053 0.067 0.019 0.03 0.042 0.054 0.016 0.021 0.03 0.217 0.082 0.005 0.018 0.042
16 E 0.064 0.065 0.04 0.056 0.011 0.049 0.143 0.041 0.021 0.036 0.08 0.139 0.018 0.021 0.026 0.081 0.045 0.005 0.018 0.041
17 G 0.123 0.042 0.111 0.046 0.013 0.029 0.042 0.181 0.019 0.03 0.042 0.075 0.013 0.018 0.024 0.068 0.061 0.005 0.015 0.041
18 M 0.05 0.031 0.019 0.019 0.015 0.027 0.027 0.027 0.015 0.096 0.189 0.035 0.195 0.046 0.015 0.035 0.039 0.008 0.023 0.089
19 L 0.108 0.024 0.02 0.021 0.017 0.018 0.025 0.035 0.012 0.153 0.172 0.03 0.031 0.04 0.019 0.044 0.065 0.007 0.031 0.129
20 F 0.034 0.02 0.016 0.016 0.011 0.012 0.019 0.024 0.019 0.064 0.136 0.02 0.026 0.343 0.011 0.025 0.025 0.016 0.106 0.056
21 L 0.043 0.02 0.015 0.016 0.014 0.014 0.019 0.022 0.012 0.146 0.201 0.023 0.047 0.163 0.013 0.026 0.033 0.009 0.041 0.121
22 I 0.058 0.023 0.022 0.023 0.016 0.018 0.025 0.029 0.011 0.198 0.186 0.029 0.033 0.04 0.017 0.073 0.046 0.006 0.019 0.129
23 L 0.053 0.022 0.019 0.02 0.015 0.016 0.023 0.026 0.011 0.181 0.187 0.027 0.033 0.08 0.016 0.051 0.049 0.007 0.027 0.137
24 N 0.091 0.036 0.167 0.054 0.013 0.028 0.043 0.057 0.021 0.04 0.046 0.047 0.014 0.02 0.075 0.108 0.054 0.004 0.016 0.063
25 L 0.049 0.022 0.021 0.021 0.015 0.016 0.023 0.026 0.012 0.147 0.155 0.026 0.03 0.131 0.016 0.039 0.086 0.008 0.036 0.122
26 I 0.082 0.022 0.019 0.02 0.016 0.017 0.024 0.031 0.011 0.171 0.146 0.028 0.03 0.039 0.016 0.05 0.042 0.06 0.024 0.152
27 L 0.043 0.023 0.014 0.015 0.016 0.016 0.019 0.02 0.01 0.111 0.401 0.024 0.048 0.052 0.014 0.023 0.032 0.007 0.021 0.092
28 F 0.076 0.025 0.021 0.021 0.014 0.018 0.025 0.034 0.015 0.071 0.17 0.028 0.052 0.199 0.016 0.056 0.036 0.011 0.048 0.066
29 L 0.045 0.02 0.014 0.016 0.015 0.014 0.018 0.021 0.01 0.199 0.229 0.023 0.038 0.084 0.014 0.025 0.036 0.007 0.027 0.146
30 L 0.062 0.027 0.027 0.025 0.062 0.021 0.029 0.036 0.014 0.067 0.164 0.033 0.059 0.111 0.018 0.094 0.046 0.008 0.032 0.065
31 S 0.161 0.035 0.042 0.039 0.018 0.029 0.044 0.063 0.016 0.037 0.049 0.048 0.016 0.021 0.028 0.171 0.108 0.005 0.017 0.053
32 L 0.039 0.019 0.015 0.016 0.013 0.012 0.018 0.022 0.012 0.145 0.209 0.021 0.034 0.201 0.012 0.024 0.031 0.01 0.048 0.098
33 I 0.056 0.031 0.026 0.026 0.014 0.021 0.03 0.032 0.013 0.139 0.105 0.057 0.026 0.105 0.018 0.062 0.087 0.008 0.031 0.114
34 E 0.051 0.051 0.128 0.079 0.008 0.051 0.211 0.044 0.026 0.022 0.035 0.089 0.012 0.016 0.023 0.063 0.04 0.005 0.016 0.029
35 N 0.062 0.043 0.16 0.131 0.011 0.046 0.06 0.056 0.035 0.024 0.034 0.06 0.013 0.018 0.023 0.12 0.053 0.005 0.016 0.03
36 K 0.05 0.202 0.039 0.04 0.008 0.05 0.086 0.037 0.021 0.024 0.042 0.211 0.015 0.016 0.023 0.048 0.036 0.005 0.017 0.031
37 L 0.058 0.129 0.028 0.025 0.012 0.028 0.035 0.032 0.019 0.076 0.135 0.064 0.025 0.076 0.018 0.054 0.059 0.009 0.056 0.065
38 L 0.047 0.022 0.014 0.015 0.016 0.015 0.019 0.021 0.009 0.154 0.301 0.024 0.042 0.056 0.014 0.025 0.036 0.007 0.022 0.141
39 F 0.033 0.019 0.017 0.016 0.01 0.011 0.019 0.024 0.019 0.059 0.105 0.019 0.024 0.385 0.011 0.025 0.025 0.017 0.11 0.052
40 K 0.049 0.104 0.096 0.044 0.008 0.062 0.06 0.042 0.026 0.027 0.043 0.183 0.015 0.03 0.022 0.051 0.038 0.008 0.059 0.032
41 L 0.054 0.024 0.021 0.021 0.015 0.018 0.024 0.028 0.012 0.148 0.186 0.029 0.058 0.074 0.016 0.053 0.062 0.007 0.026 0.122
42 S 0.101 0.038 0.051 0.046 0.017 0.031 0.049 0.061 0.018 0.03 0.042 0.051 0.015 0.02 0.028 0.242 0.097 0.005 0.017 0.042
43 I 0.048 0.02 0.019 0.019 0.014 0.015 0.021 0.025 0.015 0.176 0.13 0.025 0.029 0.149 0.014 0.046 0.037 0.01 0.067 0.12
44 F 0.04 0.018 0.016 0.018 0.012 0.012 0.019 0.023 0.012 0.169 0.125 0.022 0.028 0.209 0.058 0.026 0.031 0.01 0.048 0.103
45 L 0.049 0.022 0.018 0.019 0.014 0.016 0.022 0.026 0.012 0.136 0.19 0.026 0.048 0.144 0.014 0.047 0.037 0.009 0.038 0.113
46 V 0.066 0.026 0.027 0.025 0.017 0.02 0.028 0.031 0.01 0.125 0.101 0.033 0.026 0.03 0.02 0.055 0.148 0.005 0.018 0.189
47 A 0.202 0.026 0.024 0.026 0.016 0.02 0.031 0.145 0.014 0.048 0.062 0.035 0.017 0.06 0.022 0.06 0.04 0.053 0.026 0.075
48 L 0.071 0.022 0.015 0.016 0.06 0.016 0.021 0.027 0.01 0.109 0.268 0.025 0.042 0.077 0.015 0.031 0.035 0.007 0.026 0.106
49 Y 0.047 0.024 0.02 0.019 0.057 0.018 0.024 0.026 0.026 0.067 0.083 0.027 0.021 0.142 0.015 0.035 0.054 0.017 0.181 0.096
50 F 0.044 0.019 0.017 0.016 0.191 0.013 0.019 0.027 0.018 0.05 0.084 0.021 0.02 0.219 0.013 0.03 0.029 0.014 0.106 0.052
51 S 0.107 0.029 0.036 0.034 0.151 0.024 0.036 0.051 0.014 0.059 0.058 0.039 0.017 0.022 0.024 0.16 0.06 0.005 0.016 0.058
52 L 0.046 0.022 0.015 0.016 0.06 0.016 0.02 0.023 0.011 0.124 0.254 0.025 0.067 0.087 0.014 0.027 0.034 0.007 0.028 0.103
53 T 0.08 0.036 0.073 0.044 0.016 0.029 0.043 0.051 0.017 0.04 0.051 0.047 0.017 0.021 0.026 0.148 0.187 0.005 0.017 0.054
54 F 0.034 0.021 0.017 0.017 0.01 0.013 0.021 0.024 0.024 0.055 0.096 0.022 0.022 0.33 0.012 0.026 0.025 0.019 0.163 0.05
55 G 0.097 0.023 0.036 0.032 0.011 0.019 0.026 0.492 0.013 0.02 0.03 0.033 0.01 0.016 0.019 0.052 0.03 0.005 0.011 0.027
56 Y 0.04 0.154 0.027 0.022 0.008 0.03 0.035 0.026 0.036 0.034 0.058 0.061 0.017 0.085 0.016 0.034 0.029 0.019 0.229 0.039
57 G 0.077 0.023 0.039 0.033 0.011 0.019 0.027 0.491 0.013 0.019 0.028 0.034 0.009 0.016 0.019 0.068 0.033 0.005 0.011 0.025
58 Y 0.038 0.026 0.02 0.018 0.009 0.02 0.026 0.024 0.042 0.043 0.069 0.029 0.018 0.151 0.014 0.029 0.026 0.026 0.326 0.045
59 D 0.039 0.028 0.066 0.426 0.007 0.028 0.087 0.044 0.018 0.021 0.027 0.043 0.009 0.014 0.021 0.05 0.034 0.004 0.011 0.023
60 W 0.029 0.022 0.014 0.014 0.007 0.014 0.022 0.029 0.014 0.029 0.05 0.022 0.014 0.058 0.007 0.022 0.022 0.517 0.065 0.029
61 I 0.047 0.02 0.015 0.017 0.015 0.016 0.019 0.021 0.01 0.253 0.165 0.025 0.073 0.043 0.014 0.026 0.038 0.006 0.02 0.154
62 N 0.041 0.043 0.349 0.079 0.009 0.032 0.047 0.062 0.03 0.021 0.03 0.051 0.011 0.017 0.019 0.066 0.047 0.004 0.015 0.026
63 Y 0.039 0.027 0.021 0.018 0.009 0.021 0.027 0.024 0.044 0.042 0.065 0.03 0.018 0.125 0.015 0.03 0.027 0.027 0.35 0.044
64 Y 0.041 0.097 0.054 0.027 0.009 0.028 0.035 0.03 0.031 0.043 0.091 0.071 0.02 0.105 0.016 0.036 0.031 0.016 0.175 0.044
65 D 0.045 0.031 0.09 0.36 0.008 0.029 0.08 0.048 0.019 0.022 0.028 0.044 0.01 0.015 0.022 0.07 0.039 0.004 0.012 0.025
66 V 0.061 0.027 0.031 0.062 0.015 0.021 0.034 0.034 0.015 0.098 0.087 0.034 0.022 0.072 0.02 0.068 0.108 0.008 0.054 0.131
67 Y 0.039 0.027 0.021 0.018 0.009 0.021 0.027 0.024 0.044 0.042 0.065 0.03 0.018 0.125 0.015 0.03 0.027 0.027 0.35 0.044
68 E 0.079 0.038 0.089 0.049 0.012 0.052 0.095 0.043 0.022 0.063 0.088 0.05 0.02 0.033 0.021 0.072 0.064 0.007 0.048 0.057
69 N 0.052 0.038 0.159 0.123 0.01 0.031 0.053 0.051 0.088 0.031 0.066 0.046 0.015 0.022 0.021 0.089 0.045 0.005 0.022 0.033
70 I 0.081 0.021 0.019 0.02 0.061 0.016 0.023 0.03 0.01 0.205 0.124 0.027 0.029 0.035 0.017 0.053 0.044 0.005 0.018 0.162
71 D 0.064 0.067 0.093 0.114 0.011 0.051 0.077 0.052 0.02 0.064 0.094 0.053 0.035 0.024 0.02 0.049 0.038 0.005 0.017 0.054
72 D 0.044 0.062 0.164 0.174 0.008 0.038 0.102 0.049 0.025 0.023 0.033 0.076 0.011 0.019 0.021 0.056 0.04 0.005 0.023 0.027
73 P 0.09 0.028 0.07 0.036 0.011 0.023 0.035 0.113 0.02 0.029 0.041 0.04 0.012 0.031 0.229 0.051 0.037 0.007 0.059 0.036
74 G 0.058 0.032 0.096 0.044 0.01 0.027 0.063 0.189 0.028 0.027 0.041 0.041 0.013 0.049 0.019 0.068 0.037 0.011 0.114 0.033
75 Y 0.043 0.028 0.051 0.024 0.011 0.021 0.028 0.029 0.027 0.058 0.153 0.031 0.025 0.077 0.016 0.041 0.054 0.061 0.166 0.056
76 D 0.06 0.063 0.067 0.097 0.012 0.028 0.045 0.041 0.022 0.05 0.063 0.047 0.028 0.041 0.021 0.09 0.067 0.009 0.077 0.073
77 N 0.085 0.034 0.097 0.078 0.013 0.027 0.045 0.049 0.051 0.056 0.053 0.044 0.016 0.022 0.068 0.096 0.09 0.005 0.019 0.052
78 F 0.063 0.022 0.016 0.017 0.013 0.014 0.021 0.028 0.014 0.075 0.192 0.023 0.046 0.247 0.013 0.03 0.03 0.012 0.056 0.068
79 P 0.044 0.022 0.019 0.023 0.01 0.015 0.027 0.03 0.014 0.041 0.068 0.03 0.016 0.196 0.287 0.034 0.03 0.009 0.045 0.04
80 F 0.065 0.021 0.019 0.019 0.012 0.014 0.022 0.03 0.018 0.099 0.104 0.024 0.024 0.254 0.014 0.041 0.032 0.014 0.1 0.073
81 E 0.053 0.047 0.039 0.086 0.007 0.061 0.33 0.033 0.025 0.021 0.035 0.072 0.012 0.016 0.025 0.053 0.035 0.005 0.016 0.03
82 P 0.054 0.025 0.022 0.03 0.01 0.02 0.034 0.034 0.012 0.025 0.034 0.039 0.01 0.012 0.518 0.042 0.034 0.002 0.012 0.03
83 G 0.077 0.023 0.039 0.033 0.011 0.019 0.027 0.491 0.013 0.019 0.028 0.034 0.009 0.016 0.019 0.068 0.033 0.005 0.011 0.025
84 Y 0.039 0.025 0.018 0.016 0.011 0.018 0.023 0.023 0.029 0.068 0.193 0.027 0.029 0.125 0.014 0.027 0.028 0.018 0.206 0.062
85 Y 0.038 0.023 0.018 0.016 0.011 0.016 0.022 0.023 0.027 0.065 0.17 0.025 0.028 0.184 0.013 0.026 0.027 0.018 0.188 0.059
86 F 0.038 0.023 0.047 0.022 0.011 0.016 0.023 0.027 0.023 0.098 0.121 0.026 0.024 0.167 0.013 0.029 0.03 0.061 0.131 0.07
87 L 0.048 0.021 0.015 0.016 0.015 0.014 0.019 0.022 0.01 0.15 0.25 0.023 0.038 0.095 0.014 0.025 0.036 0.007 0.029 0.153
88 L 0.048 0.029 0.018 0.018 0.015 0.025 0.025 0.026 0.014 0.098 0.227 0.033 0.173 0.047 0.015 0.032 0.037 0.007 0.023 0.089
89 R 0.049 0.197 0.034 0.032 0.009 0.061 0.055 0.033 0.019 0.044 0.083 0.159 0.02 0.021 0.021 0.043 0.036 0.005 0.018 0.061
90 L 0.048 0.021 0.019 0.019 0.014 0.015 0.021 0.07 0.012 0.124 0.182 0.025 0.031 0.141 0.014 0.033 0.055 0.009 0.037 0.111
91 F 0.067 0.022 0.02 0.02 0.012 0.015 0.024 0.033 0.016 0.059 0.105 0.025 0.039 0.31 0.014 0.051 0.032 0.013 0.067 0.056
92 N 0.088 0.035 0.152 0.086 0.014 0.028 0.046 0.055 0.02 0.05 0.052 0.045 0.016 0.021 0.022 0.112 0.054 0.005 0.016 0.084
93 W 0.055 0.033 0.026 0.024 0.01 0.022 0.032 0.035 0.023 0.038 0.062 0.055 0.017 0.128 0.016 0.071 0.036 0.152 0.126 0.04
94 L 0.042 0.021 0.014 0.015 0.015 0.014 0.019 0.021 0.01 0.155 0.286 0.023 0.044 0.107 0.013 0.024 0.032 0.008 0.031 0.106
95 G 0.063 0.029 0.133 0.082 0.01 0.024 0.038 0.328 0.019 0.02 0.028 0.04 0.01 0.016 0.019 0.064 0.037 0.005 0.012 0.025
96 L 0.139 0.024 0.018 0.02 0.016 0.018 0.026 0.04 0.013 0.105 0.166 0.03 0.044 0.105 0.018 0.045 0.038 0.008 0.031 0.095
97 P 0.068 0.031 0.066 0.076 0.012 0.026 0.045 0.047 0.016 0.026 0.036 0.045 0.012 0.016 0.249 0.115 0.061 0.004 0.014 0.034
98 F 0.034 0.02 0.017 0.017 0.01 0.013 0.02 0.024 0.024 0.055 0.097 0.021 0.022 0.337 0.011 0.026 0.025 0.019 0.157 0.05
99 P 0.074 0.04 0.038 0.038 0.012 0.048 0.048 0.091 0.017 0.026 0.037 0.072 0.013 0.016 0.205 0.123 0.051 0.004 0.015 0.033
100 L 0.055 0.023 0.02 0.02 0.015 0.018 0.023 0.071 0.013 0.131 0.164 0.028 0.045 0.057 0.016 0.035 0.059 0.008 0.051 0.147
101 F 0.04 0.029 0.02 0.021 0.012 0.056 0.033 0.026 0.016 0.072 0.205 0.033 0.032 0.211 0.014 0.029 0.03 0.011 0.05 0.063
102 N 0.054 0.034 0.132 0.044 0.012 0.026 0.037 0.044 0.052 0.076 0.074 0.04 0.034 0.03 0.018 0.076 0.061 0.052 0.025 0.078
103 F 0.103 0.023 0.025 0.024 0.013 0.017 0.026 0.129 0.015 0.055 0.08 0.029 0.02 0.201 0.017 0.061 0.036 0.01 0.047 0.071
104 I 0.07 0.019 0.016 0.017 0.071 0.013 0.02 0.028 0.011 0.156 0.128 0.023 0.028 0.153 0.014 0.031 0.035 0.009 0.039 0.12
105 V 0.065 0.025 0.025 0.025 0.017 0.019 0.028 0.031 0.01 0.139 0.132 0.032 0.028 0.033 0.019 0.065 0.111 0.006 0.019 0.171
106 T 0.063 0.033 0.063 0.04 0.015 0.028 0.062 0.039 0.018 0.075 0.069 0.043 0.02 0.033 0.023 0.082 0.153 0.007 0.047 0.086
107 L 0.082 0.025 0.022 0.022 0.016 0.019 0.027 0.034 0.012 0.096 0.23 0.03 0.033 0.073 0.018 0.072 0.044 0.007 0.025 0.112
108 F 0.034 0.018 0.016 0.016 0.011 0.011 0.018 0.023 0.015 0.087 0.14 0.019 0.027 0.349 0.011 0.024 0.026 0.014 0.073 0.066
109 I 0.044 0.019 0.015 0.017 0.015 0.014 0.018 0.021 0.01 0.229 0.202 0.023 0.051 0.078 0.014 0.025 0.036 0.007 0.026 0.137
110 F 0.036 0.023 0.019 0.017 0.009 0.016 0.023 0.024 0.032 0.05 0.085 0.024 0.021 0.257 0.013 0.027 0.026 0.022 0.23 0.048
111 Y 0.046 0.024 0.021 0.02 0.012 0.018 0.025 0.026 0.028 0.091 0.116 0.028 0.024 0.137 0.015 0.048 0.034 0.017 0.19 0.078
112 C 0.092 0.025 0.026 0.026 0.15 0.02 0.029 0.041 0.013 0.079 0.086 0.032 0.036 0.061 0.02 0.098 0.049 0.006 0.023 0.087
113 V 0.06 0.019 0.015 0.017 0.062 0.015 0.02 0.023 0.008 0.187 0.128 0.024 0.03 0.035 0.015 0.03 0.043 0.005 0.019 0.244
114 Y 0.038 0.026 0.02 0.018 0.009 0.02 0.026 0.024 0.042 0.043 0.069 0.029 0.018 0.151 0.014 0.029 0.026 0.026 0.326 0.045
115 V 0.066 0.043 0.032 0.031 0.013 0.047 0.043 0.038 0.019 0.083 0.077 0.083 0.021 0.069 0.021 0.097 0.049 0.008 0.054 0.105
116 F 0.032 0.018 0.016 0.016 0.01 0.01 0.018 0.024 0.016 0.06 0.109 0.018 0.024 0.416 0.01 0.024 0.024 0.016 0.085 0.052
117 C 0.086 0.017 0.016 0.017 0.419 0.013 0.018 0.034 0.008 0.053 0.067 0.022 0.017 0.021 0.017 0.042 0.037 0.004 0.013 0.078
118 K 0.078 0.057 0.101 0.079 0.011 0.035 0.053 0.047 0.019 0.071 0.058 0.14 0.017 0.021 0.023 0.071 0.044 0.005 0.016 0.055
119 K 0.051 0.149 0.067 0.044 0.008 0.049 0.08 0.041 0.021 0.025 0.04 0.232 0.014 0.015 0.024 0.051 0.038 0.005 0.016 0.03
120 L 0.055 0.036 0.027 0.025 0.015 0.025 0.032 0.031 0.013 0.078 0.201 0.059 0.066 0.037 0.02 0.052 0.125 0.006 0.02 0.077
121 K 0.051 0.077 0.096 0.057 0.008 0.068 0.12 0.043 0.023 0.024 0.038 0.195 0.014 0.015 0.024 0.054 0.039 0.005 0.016 0.03
122 N 0.072 0.04 0.263 0.066 0.01 0.03 0.045 0.06 0.029 0.026 0.037 0.049 0.012 0.027 0.02 0.082 0.048 0.006 0.046 0.032
123 P 0.054 0.032 0.024 0.03 0.01 0.023 0.037 0.035 0.013 0.025 0.035 0.064 0.01 0.013 0.473 0.043 0.035 0.003 0.013 0.03
124 S 0.088 0.038 0.103 0.05 0.015 0.031 0.047 0.06 0.02 0.033 0.052 0.05 0.031 0.022 0.025 0.202 0.069 0.005 0.017 0.042
125 L 0.094 0.024 0.016 0.017 0.016 0.017 0.023 0.03 0.01 0.115 0.32 0.027 0.041 0.045 0.016 0.034 0.035 0.006 0.02 0.094
126 A 0.213 0.032 0.062 0.037 0.018 0.026 0.04 0.11 0.016 0.036 0.049 0.044 0.015 0.02 0.026 0.109 0.073 0.005 0.016 0.054
127 F 0.035 0.018 0.016 0.016 0.011 0.011 0.018 0.024 0.015 0.069 0.11 0.019 0.025 0.381 0.011 0.025 0.026 0.015 0.079 0.075
128 F 0.033 0.019 0.017 0.016 0.01 0.011 0.019 0.024 0.019 0.059 0.105 0.019 0.024 0.39 0.011 0.025 0.024 0.017 0.109 0.052
129 T 0.064 0.028 0.032 0.029 0.061 0.022 0.03 0.035 0.011 0.106 0.085 0.036 0.022 0.027 0.022 0.067 0.194 0.005 0.017 0.106
130 L 0.047 0.02 0.015 0.016 0.016 0.015 0.019 0.021 0.009 0.216 0.225 0.024 0.053 0.044 0.014 0.025 0.037 0.006 0.02 0.155
131 F 0.032 0.018 0.016 0.016 0.01 0.01 0.018 0.024 0.016 0.06 0.109 0.018 0.024 0.416 0.01 0.024 0.024 0.016 0.085 0.052
132 S 0.128 0.031 0.037 0.035 0.151 0.025 0.039 0.056 0.015 0.034 0.049 0.041 0.015 0.02 0.025 0.17 0.061 0.005 0.015 0.048
133 F 0.035 0.019 0.015 0.016 0.012 0.011 0.018 0.023 0.014 0.092 0.167 0.02 0.029 0.316 0.011 0.024 0.027 0.013 0.067 0.07
134 L 0.048 0.026 0.016 0.017 0.016 0.021 0.023 0.024 0.012 0.108 0.281 0.029 0.115 0.048 0.015 0.029 0.036 0.007 0.022 0.109
135 G 0.1 0.024 0.037 0.033 0.012 0.02 0.028 0.449 0.013 0.021 0.031 0.035 0.01 0.016 0.02 0.071 0.035 0.005 0.011 0.029
136 F 0.036 0.027 0.053 0.026 0.01 0.019 0.028 0.029 0.089 0.051 0.107 0.028 0.022 0.223 0.014 0.032 0.028 0.014 0.115 0.047
137 F 0.038 0.023 0.02 0.019 0.01 0.015 0.023 0.026 0.026 0.053 0.089 0.025 0.021 0.274 0.013 0.032 0.049 0.019 0.175 0.051
138 V 0.054 0.024 0.016 0.018 0.016 0.019 0.023 0.024 0.011 0.157 0.179 0.028 0.095 0.041 0.015 0.03 0.041 0.006 0.021 0.181
139 F 0.035 0.019 0.015 0.016 0.012 0.012 0.018 0.023 0.014 0.074 0.19 0.02 0.03 0.317 0.011 0.024 0.026 0.014 0.067 0.063
140 S 0.09 0.036 0.046 0.041 0.017 0.03 0.044 0.054 0.017 0.041 0.059 0.048 0.033 0.023 0.027 0.191 0.13 0.005 0.017 0.052
141 E 0.052 0.047 0.039 0.096 0.007 0.06 0.323 0.034 0.024 0.021 0.035 0.071 0.012 0.016 0.024 0.052 0.035 0.005 0.016 0.03
142 Q 0.045 0.054 0.062 0.04 0.008 0.167 0.073 0.038 0.024 0.026 0.045 0.066 0.017 0.026 0.018 0.046 0.035 0.145 0.032 0.032
143 I 0.044 0.017 0.014 0.017 0.015 0.012 0.017 0.02 0.009 0.283 0.155 0.022 0.034 0.076 0.014 0.024 0.037 0.007 0.026 0.158
144 R 0.042 0.376 0.037 0.03 0.007 0.046 0.05 0.031 0.022 0.022 0.044 0.114 0.015 0.017 0.018 0.042 0.033 0.006 0.017 0.03
145 Q 0.053 0.07 0.042 0.045 0.008 0.252 0.098 0.039 0.028 0.025 0.045 0.087 0.02 0.014 0.022 0.053 0.039 0.006 0.02 0.034
146 G 0.12 0.023 0.035 0.031 0.012 0.019 0.027 0.45 0.013 0.022 0.032 0.034 0.01 0.016 0.02 0.055 0.032 0.005 0.011 0.031
147 I 0.05 0.02 0.015 0.016 0.016 0.014 0.019 0.021 0.009 0.21 0.192 0.024 0.039 0.059 0.014 0.026 0.039 0.006 0.023 0.187
148 A 0.324 0.03 0.024 0.028 0.021 0.024 0.039 0.075 0.014 0.041 0.057 0.042 0.017 0.021 0.028 0.081 0.048 0.005 0.017 0.066
149 L 0.049 0.02 0.014 0.016 0.016 0.014 0.019 0.021 0.009 0.172 0.235 0.023 0.037 0.078 0.014 0.026 0.037 0.007 0.026 0.167
150 C 0.122 0.025 0.029 0.028 0.24 0.02 0.03 0.093 0.012 0.036 0.052 0.033 0.015 0.019 0.022 0.107 0.048 0.005 0.014 0.05
151 I 0.045 0.017 0.014 0.017 0.015 0.013 0.017 0.02 0.008 0.288 0.182 0.023 0.036 0.043 0.014 0.024 0.037 0.006 0.02 0.161
152 I 0.05 0.017 0.014 0.017 0.061 0.013 0.018 0.021 0.008 0.255 0.144 0.023 0.032 0.039 0.014 0.027 0.039 0.005 0.019 0.183
153 L 0.045 0.026 0.016 0.016 0.015 0.02 0.022 0.023 0.012 0.105 0.326 0.028 0.103 0.05 0.014 0.027 0.034 0.007 0.022 0.09
154 L 0.04 0.055 0.017 0.016 0.013 0.018 0.022 0.022 0.015 0.087 0.288 0.032 0.037 0.122 0.013 0.026 0.03 0.01 0.062 0.075
155 G 0.134 0.028 0.032 0.031 0.015 0.021 0.034 0.141 0.016 0.038 0.06 0.037 0.017 0.127 0.021 0.112 0.047 0.008 0.034 0.047
156 L 0.045 0.024 0.019 0.019 0.014 0.019 0.023 0.025 0.016 0.121 0.185 0.028 0.077 0.119 0.015 0.033 0.056 0.01 0.062 0.091
157 Y 0.058 0.033 0.038 0.102 0.011 0.045 0.049 0.084 0.025 0.035 0.057 0.043 0.031 0.048 0.065 0.08 0.04 0.011 0.106 0.039
158 L 0.042 0.055 0.019 0.019 0.012 0.019 0.025 0.025 0.02 0.072 0.169 0.034 0.027 0.143 0.06 0.029 0.031 0.013 0.109 0.08
159 F 0.041 0.022 0.018 0.018 0.012 0.015 0.021 0.024 0.018 0.11 0.16 0.024 0.029 0.193 0.014 0.031 0.052 0.013 0.103 0.081
160 E 0.074 0.066 0.079 0.066 0.011 0.038 0.143 0.038 0.02 0.087 0.068 0.056 0.018 0.023 0.021 0.049 0.039 0.005 0.017 0.082
161 K 0.051 0.122 0.074 0.112 0.009 0.041 0.063 0.043 0.054 0.024 0.038 0.156 0.013 0.017 0.023 0.068 0.04 0.005 0.019 0.029
162 G 0.059 0.107 0.059 0.046 0.009 0.038 0.094 0.23 0.019 0.021 0.034 0.107 0.012 0.016 0.021 0.05 0.033 0.005 0.014 0.027
163 K 0.056 0.078 0.067 0.046 0.009 0.052 0.085 0.043 0.023 0.027 0.042 0.211 0.015 0.026 0.025 0.069 0.041 0.007 0.047 0.033
164 K 0.051 0.094 0.09 0.041 0.01 0.038 0.05 0.04 0.019 0.062 0.057 0.17 0.017 0.019 0.067 0.048 0.04 0.005 0.016 0.067
165 L 0.044 0.062 0.021 0.021 0.012 0.021 0.028 0.072 0.013 0.099 0.172 0.065 0.028 0.074 0.015 0.03 0.031 0.088 0.032 0.072
166 K 0.052 0.088 0.035 0.035 0.01 0.044 0.059 0.037 0.018 0.041 0.107 0.26 0.021 0.022 0.024 0.046 0.037 0.005 0.017 0.042
167 F 0.102 0.024 0.025 0.024 0.013 0.018 0.027 0.129 0.02 0.065 0.075 0.031 0.019 0.148 0.018 0.061 0.036 0.012 0.095 0.057
168 F 0.052 0.024 0.023 0.022 0.041 0.017 0.024 0.029 0.013 0.087 0.15 0.027 0.027 0.161 0.016 0.051 0.09 0.009 0.04 0.096
169 L 0.05 0.023 0.019 0.02 0.014 0.016 0.023 0.027 0.012 0.103 0.216 0.027 0.032 0.125 0.06 0.048 0.037 0.008 0.034 0.107
170 L 0.049 0.023 0.017 0.017 0.059 0.017 0.022 0.024 0.017 0.124 0.149 0.026 0.059 0.089 0.015 0.03 0.036 0.011 0.086 0.132
171 I 0.049 0.018 0.014 0.017 0.016 0.013 0.018 0.02 0.008 0.275 0.153 0.023 0.034 0.04 0.014 0.025 0.04 0.006 0.02 0.196
172 L 0.086 0.021 0.016 0.018 0.015 0.015 0.021 0.029 0.011 0.166 0.192 0.025 0.033 0.118 0.015 0.033 0.035 0.008 0.033 0.11
173 L 0.044 0.021 0.014 0.015 0.015 0.014 0.019 0.021 0.01 0.144 0.301 0.023 0.041 0.09 0.013 0.024 0.033 0.007 0.028 0.12
174 A 0.324 0.03 0.024 0.028 0.021 0.024 0.039 0.075 0.014 0.041 0.057 0.042 0.017 0.021 0.028 0.081 0.048 0.005 0.017 0.066
175 S 0.097 0.033 0.032 0.031 0.017 0.027 0.036 0.045 0.016 0.07 0.11 0.041 0.093 0.032 0.022 0.122 0.065 0.006 0.02 0.087
176 C 0.056 0.023 0.023 0.022 0.149 0.016 0.024 0.032 0.012 0.06 0.135 0.027 0.024 0.134 0.017 0.061 0.08 0.008 0.035 0.062
177 F 0.032 0.018 0.016 0.016 0.01 0.01 0.018 0.024 0.016 0.06 0.109 0.018 0.024 0.416 0.01 0.024 0.024 0.016 0.085 0.052
178 H 0.04 0.044 0.051 0.036 0.007 0.036 0.051 0.036 0.386 0.022 0.036 0.044 0.015 0.029 0.018 0.04 0.025 0.007 0.055 0.022
179 L 0.052 0.021 0.015 0.017 0.016 0.015 0.02 0.022 0.01 0.175 0.189 0.024 0.05 0.075 0.014 0.027 0.039 0.007 0.026 0.186
180 S 0.115 0.036 0.046 0.042 0.017 0.03 0.045 0.058 0.017 0.036 0.047 0.048 0.016 0.021 0.028 0.195 0.131 0.005 0.017 0.05
181 A 0.284 0.031 0.029 0.032 0.02 0.026 0.041 0.072 0.015 0.039 0.054 0.044 0.016 0.02 0.028 0.113 0.053 0.005 0.017 0.061
182 L 0.046 0.02 0.015 0.016 0.015 0.015 0.019 0.021 0.01 0.194 0.221 0.024 0.052 0.078 0.014 0.025 0.036 0.007 0.026 0.145
183 L 0.045 0.021 0.017 0.018 0.059 0.014 0.02 0.025 0.012 0.102 0.187 0.023 0.031 0.176 0.014 0.032 0.054 0.01 0.043 0.098
184 C 0.11 0.022 0.023 0.023 0.195 0.017 0.024 0.13 0.011 0.051 0.065 0.028 0.017 0.057 0.019 0.051 0.059 0.006 0.02 0.074
185 F 0.037 0.02 0.015 0.016 0.013 0.012 0.018 0.022 0.013 0.101 0.221 0.021 0.034 0.25 0.012 0.024 0.028 0.012 0.056 0.077
186 L 0.079 0.024 0.021 0.021 0.016 0.018 0.025 0.031 0.011 0.149 0.217 0.03 0.034 0.039 0.018 0.057 0.063 0.006 0.019 0.123
187 Y 0.07 0.027 0.023 0.021 0.011 0.021 0.029 0.032 0.037 0.042 0.066 0.032 0.018 0.132 0.017 0.055 0.033 0.022 0.265 0.047
188 F 0.037 0.024 0.047 0.022 0.011 0.016 0.023 0.026 0.023 0.065 0.171 0.026 0.028 0.201 0.013 0.029 0.029 0.015 0.133 0.059
189 F 0.045 0.022 0.019 0.02 0.013 0.015 0.023 0.027 0.013 0.09 0.181 0.025 0.029 0.21 0.059 0.047 0.033 0.01 0.049 0.07
190 L 0.045 0.022 0.015 0.016 0.015 0.016 0.02 0.021 0.01 0.179 0.276 0.025 0.071 0.047 0.014 0.025 0.035 0.007 0.021 0.119
191 L 0.082 0.035 0.055 0.031 0.015 0.025 0.034 0.04 0.015 0.072 0.168 0.06 0.043 0.068 0.019 0.079 0.045 0.007 0.025 0.084
192 K 0.06 0.055 0.096 0.08 0.011 0.054 0.056 0.046 0.02 0.062 0.056 0.12 0.017 0.02 0.022 0.087 0.047 0.005 0.017 0.069
193 D 0.075 0.046 0.073 0.117 0.011 0.035 0.08 0.093 0.019 0.03 0.04 0.095 0.013 0.018 0.024 0.095 0.073 0.005 0.015 0.042
194 N 0.051 0.083 0.209 0.064 0.009 0.038 0.07 0.064 0.026 0.023 0.034 0.106 0.012 0.017 0.022 0.077 0.046 0.005 0.015 0.029
195 G 0.092 0.078 0.04 0.046 0.012 0.038 0.097 0.135 0.018 0.027 0.041 0.103 0.014 0.017 0.024 0.094 0.066 0.005 0.015 0.037
196 R 0.08 0.193 0.052 0.035 0.011 0.041 0.05 0.042 0.029 0.033 0.058 0.127 0.033 0.02 0.022 0.07 0.041 0.006 0.018 0.04
197 R 0.05 0.112 0.096 0.041 0.009 0.054 0.049 0.041 0.024 0.029 0.048 0.087 0.015 0.067 0.069 0.067 0.04 0.008 0.056 0.034
198 F 0.034 0.019 0.017 0.017 0.011 0.011 0.019 0.025 0.017 0.064 0.115 0.019 0.025 0.385 0.011 0.025 0.025 0.017 0.089 0.055
199 L 0.068 0.028 0.03 0.028 0.063 0.023 0.032 0.1 0.017 0.051 0.109 0.036 0.054 0.037 0.069 0.097 0.046 0.008 0.05 0.054
200 K 0.049 0.101 0.091 0.042 0.01 0.04 0.053 0.04 0.02 0.076 0.061 0.194 0.018 0.02 0.022 0.048 0.039 0.005 0.017 0.055
201 L 0.053 0.039 0.024 0.024 0.015 0.024 0.032 0.028 0.012 0.123 0.193 0.08 0.042 0.036 0.019 0.042 0.081 0.006 0.019 0.109
202 K 0.052 0.083 0.079 0.043 0.009 0.044 0.058 0.042 0.02 0.064 0.058 0.224 0.017 0.019 0.024 0.05 0.04 0.005 0.017 0.051
203 Y 0.041 0.028 0.022 0.019 0.009 0.022 0.028 0.025 0.047 0.044 0.069 0.031 0.019 0.131 0.016 0.031 0.028 0.028 0.315 0.047
204 F 0.066 0.022 0.02 0.019 0.012 0.014 0.023 0.03 0.017 0.065 0.097 0.024 0.023 0.283 0.014 0.036 0.052 0.014 0.091 0.077
205 I 0.054 0.022 0.021 0.021 0.015 0.017 0.023 0.027 0.011 0.202 0.135 0.028 0.045 0.072 0.016 0.053 0.063 0.007 0.025 0.142
206 L 0.046 0.02 0.018 0.019 0.014 0.014 0.021 0.025 0.012 0.178 0.18 0.024 0.032 0.144 0.014 0.045 0.037 0.009 0.037 0.111
207 L 0.058 0.024 0.022 0.021 0.063 0.018 0.025 0.078 0.017 0.082 0.171 0.029 0.028 0.053 0.016 0.053 0.039 0.01 0.083 0.108
208 C 0.127 0.028 0.033 0.032 0.151 0.023 0.035 0.052 0.014 0.06 0.06 0.038 0.017 0.022 0.024 0.144 0.057 0.005 0.016 0.06
209 L 0.07 0.028 0.031 0.029 0.016 0.021 0.032 0.039 0.014 0.074 0.136 0.035 0.026 0.101 0.02 0.116 0.073 0.007 0.03 0.102
210 L 0.079 0.025 0.022 0.022 0.016 0.018 0.026 0.032 0.011 0.148 0.208 0.03 0.033 0.039 0.018 0.059 0.074 0.006 0.019 0.114
211 F 0.04 0.018 0.016 0.016 0.057 0.011 0.018 0.024 0.013 0.094 0.137 0.02 0.027 0.278 0.012 0.026 0.029 0.012 0.06 0.089
212 L 0.053 0.023 0.02 0.02 0.016 0.017 0.023 0.025 0.01 0.178 0.183 0.028 0.048 0.039 0.017 0.038 0.083 0.006 0.02 0.153
213 L 0.08 0.03 0.025 0.026 0.014 0.041 0.034 0.036 0.017 0.102 0.15 0.037 0.039 0.088 0.018 0.075 0.042 0.009 0.057 0.079
214 L 0.054 0.023 0.018 0.018 0.016 0.017 0.023 0.025 0.011 0.112 0.207 0.026 0.049 0.109 0.015 0.042 0.039 0.008 0.032 0.158
215 L 0.106 0.026 0.023 0.023 0.016 0.02 0.028 0.039 0.012 0.082 0.223 0.032 0.032 0.072 0.019 0.077 0.044 0.007 0.025 0.093
216 L 0.042 0.024 0.016 0.016 0.014 0.017 0.021 0.021 0.019 0.109 0.29 0.025 0.038 0.071 0.014 0.025 0.031 0.012 0.111 0.086
217 Y 0.071 0.024 0.021 0.021 0.013 0.018 0.026 0.031 0.024 0.098 0.118 0.029 0.024 0.137 0.016 0.052 0.035 0.015 0.151 0.074
218 L 0.078 0.028 0.031 0.029 0.015 0.022 0.032 0.085 0.014 0.09 0.116 0.036 0.039 0.065 0.02 0.114 0.052 0.006 0.024 0.103
219 L 0.037 0.022 0.014 0.015 0.012 0.014 0.02 0.024 0.012 0.094 0.227 0.023 0.032 0.086 0.011 0.023 0.028 0.193 0.043 0.072
220 Y 0.059 0.033 0.059 0.037 0.012 0.027 0.061 0.038 0.028 0.047 0.114 0.04 0.021 0.063 0.02 0.096 0.044 0.013 0.139 0.049
221 N 0.048 0.046 0.264 0.067 0.009 0.033 0.047 0.057 0.029 0.024 0.035 0.073 0.012 0.027 0.02 0.079 0.047 0.006 0.046 0.029
222 P 0.054 0.025 0.022 0.03 0.01 0.02 0.034 0.034 0.012 0.025 0.034 0.039 0.01 0.012 0.518 0.042 0.034 0.002 0.012 0.03
223 G 0.132 0.03 0.067 0.073 0.014 0.025 0.041 0.189 0.019 0.029 0.041 0.041 0.013 0.028 0.023 0.101 0.046 0.007 0.045 0.039
224 L 0.048 0.02 0.014 0.016 0.016 0.014 0.019 0.021 0.009 0.19 0.265 0.024 0.04 0.045 0.014 0.025 0.037 0.006 0.02 0.158
225 L 0.044 0.02 0.015 0.016 0.015 0.015 0.019 0.022 0.011 0.175 0.217 0.023 0.051 0.112 0.013 0.025 0.035 0.008 0.032 0.131
226 S 0.11 0.072 0.046 0.047 0.015 0.055 0.079 0.056 0.02 0.028 0.042 0.061 0.015 0.019 0.027 0.184 0.064 0.005 0.017 0.04
227 F 0.047 0.023 0.024 0.022 0.011 0.017 0.025 0.077 0.015 0.05 0.087 0.027 0.036 0.209 0.014 0.054 0.054 0.103 0.056 0.049
228 I 0.047 0.019 0.014 0.016 0.016 0.014 0.018 0.02 0.009 0.23 0.221 0.023 0.038 0.044 0.014 0.025 0.038 0.006 0.02 0.168
229 P 0.056 0.024 0.024 0.03 0.01 0.02 0.034 0.08 0.012 0.024 0.034 0.039 0.01 0.013 0.472 0.042 0.034 0.003 0.012 0.029
230 F 0.047 0.02 0.018 0.018 0.013 0.014 0.02 0.069 0.014 0.136 0.14 0.023 0.028 0.16 0.014 0.028 0.033 0.011 0.069 0.126
231 L 0.051 0.02 0.015 0.016 0.016 0.014 0.02 0.022 0.009 0.176 0.209 0.023 0.036 0.076 0.014 0.026 0.038 0.007 0.026 0.186
232 G 0.061 0.024 0.031 0.027 0.01 0.019 0.025 0.348 0.024 0.027 0.041 0.031 0.012 0.055 0.017 0.042 0.028 0.013 0.134 0.031
233 D 0.048 0.043 0.079 0.227 0.008 0.056 0.121 0.088 0.021 0.022 0.031 0.076 0.011 0.015 0.022 0.052 0.036 0.004 0.013 0.026
234 K 0.054 0.102 0.04 0.04 0.008 0.051 0.067 0.041 0.02 0.026 0.041 0.312 0.015 0.015 0.026 0.051 0.038 0.005 0.016 0.031
235 F 0.042 0.019 0.015 0.017 0.014 0.014 0.019 0.022 0.012 0.166 0.163 0.022 0.047 0.179 0.013 0.026 0.033 0.01 0.044 0.124
236 S 0.102 0.03 0.033 0.031 0.017 0.024 0.036 0.046 0.017 0.089 0.09 0.039 0.022 0.036 0.022 0.137 0.058 0.007 0.048 0.117
237 A 0.154 0.027 0.034 0.1 0.015 0.023 0.042 0.141 0.014 0.046 0.109 0.038 0.019 0.024 0.022 0.067 0.051 0.005 0.015 0.054
238 Y 0.039 0.027 0.021 0.018 0.009 0.021 0.027 0.024 0.044 0.042 0.065 0.03 0.018 0.125 0.015 0.03 0.027 0.027 0.35 0.044
239 S 0.125 0.041 0.069 0.042 0.015 0.03 0.045 0.102 0.017 0.033 0.045 0.07 0.015 0.019 0.026 0.139 0.099 0.005 0.016 0.046
240 E 0.053 0.046 0.065 0.085 0.01 0.063 0.123 0.038 0.023 0.039 0.086 0.078 0.034 0.032 0.021 0.066 0.04 0.007 0.047 0.043
241 A 0.159 0.029 0.026 0.026 0.017 0.023 0.033 0.049 0.016 0.067 0.136 0.037 0.04 0.039 0.022 0.089 0.047 0.008 0.049 0.087
242 Y 0.045 0.025 0.021 0.02 0.011 0.019 0.026 0.027 0.029 0.058 0.139 0.028 0.025 0.158 0.015 0.05 0.032 0.018 0.198 0.055
243 G 0.104 0.031 0.039 0.035 0.016 0.025 0.037 0.147 0.014 0.042 0.082 0.042 0.018 0.023 0.024 0.124 0.122 0.005 0.016 0.053
244 E 0.045 0.039 0.1 0.171 0.007 0.043 0.184 0.041 0.023 0.022 0.033 0.056 0.011 0.019 0.021 0.051 0.036 0.051 0.019 0.027
245 G 0.058 0.041 0.155 0.092 0.009 0.032 0.072 0.185 0.022 0.022 0.031 0.071 0.011 0.016 0.021 0.075 0.042 0.005 0.014 0.027
246 F 0.087 0.041 0.091 0.04 0.013 0.024 0.036 0.124 0.019 0.035 0.057 0.041 0.016 0.127 0.02 0.105 0.046 0.008 0.034 0.04
247 I 0.076 0.023 0.02 0.025 0.015 0.019 0.049 0.074 0.011 0.162 0.138 0.03 0.028 0.069 0.017 0.035 0.038 0.006 0.024 0.14
248 G 0.081 0.033 0.075 0.079 0.013 0.027 0.045 0.188 0.017 0.026 0.036 0.045 0.013 0.018 0.024 0.149 0.076 0.005 0.014 0.035
249 F 0.038 0.021 0.018 0.019 0.01 0.014 0.023 0.026 0.021 0.053 0.091 0.024 0.021 0.291 0.094 0.029 0.027 0.016 0.116 0.048
250 I 0.04 0.022 0.045 0.021 0.013 0.015 0.021 0.026 0.012 0.165 0.162 0.025 0.029 0.046 0.013 0.027 0.033 0.145 0.032 0.106
251 L 0.07 0.038 0.037 0.044 0.014 0.052 0.096 0.042 0.017 0.055 0.136 0.05 0.024 0.027 0.023 0.122 0.073 0.006 0.018 0.056
252 Y 0.04 0.097 0.054 0.027 0.009 0.027 0.035 0.03 0.028 0.042 0.09 0.07 0.019 0.099 0.016 0.035 0.031 0.061 0.149 0.042
253 I 0.048 0.02 0.015 0.017 0.015 0.015 0.019 0.022 0.01 0.202 0.196 0.024 0.05 0.077 0.014 0.026 0.037 0.007 0.026 0.161
254 L 0.045 0.023 0.017 0.017 0.014 0.016 0.021 0.023 0.014 0.111 0.241 0.025 0.035 0.12 0.014 0.031 0.055 0.01 0.062 0.104
255 S 0.074 0.047 0.042 0.044 0.013 0.073 0.079 0.091 0.019 0.035 0.075 0.079 0.018 0.021 0.024 0.127 0.073 0.005 0.017 0.043
256 S 0.1 0.041 0.051 0.046 0.016 0.052 0.054 0.061 0.019 0.028 0.04 0.055 0.015 0.019 0.028 0.239 0.075 0.005 0.017 0.039
257 K 0.056 0.171 0.04 0.037 0.009 0.048 0.061 0.04 0.02 0.025 0.042 0.235 0.015 0.016 0.024 0.067 0.04 0.005 0.017 0.032
258 V 0.083 0.027 0.021 0.022 0.017 0.039 0.031 0.03 0.011 0.13 0.159 0.033 0.03 0.034 0.018 0.041 0.064 0.006 0.019 0.185
259 I 0.082 0.022 0.019 0.021 0.016 0.016 0.024 0.031 0.011 0.177 0.15 0.028 0.03 0.074 0.017 0.054 0.043 0.007 0.026 0.153
260 L 0.041 0.022 0.016 0.017 0.013 0.016 0.021 0.022 0.018 0.143 0.183 0.025 0.048 0.136 0.013 0.026 0.032 0.012 0.099 0.097
261 V 0.077 0.021 0.016 0.017 0.016 0.015 0.021 0.027 0.01 0.17 0.177 0.025 0.033 0.073 0.015 0.032 0.04 0.007 0.026 0.184
262 Y 0.038 0.026 0.02 0.018 0.009 0.02 0.026 0.024 0.042 0.043 0.069 0.029 0.018 0.151 0.014 0.029 0.026 0.026 0.326 0.045
263 L 0.042 0.019 0.014 0.016 0.014 0.013 0.018 0.021 0.01 0.19 0.24 0.022 0.038 0.114 0.013 0.024 0.033 0.008 0.032 0.119
264 F 0.098 0.024 0.022 0.022 0.014 0.017 0.026 0.082 0.014 0.064 0.166 0.028 0.027 0.172 0.017 0.058 0.036 0.01 0.042 0.062
265 L 0.048 0.021 0.015 0.016 0.016 0.016 0.02 0.021 0.009 0.188 0.245 0.025 0.054 0.045 0.014 0.026 0.037 0.006 0.021 0.158
266 L 0.04 0.022 0.015 0.015 0.014 0.015 0.019 0.021 0.014 0.112 0.298 0.023 0.039 0.124 0.013 0.024 0.031 0.01 0.063 0.087
267 I 0.049 0.019 0.015 0.016 0.06 0.013 0.019 0.023 0.01 0.165 0.164 0.022 0.031 0.116 0.014 0.027 0.036 0.008 0.032 0.16
268 L 0.045 0.021 0.014 0.016 0.016 0.015 0.019 0.02 0.009 0.181 0.296 0.024 0.042 0.047 0.014 0.024 0.035 0.006 0.021 0.137
269 L 0.068 0.026 0.025 0.024 0.138 0.02 0.028 0.035 0.012 0.078 0.164 0.032 0.047 0.033 0.018 0.086 0.048 0.006 0.018 0.095
270 F 0.04 0.021 0.061 0.026 0.012 0.015 0.022 0.028 0.015 0.155 0.122 0.025 0.027 0.194 0.013 0.031 0.034 0.01 0.048 0.1
271 L 0.042 0.023 0.018 0.018 0.013 0.017 0.023 0.023 0.048 0.124 0.211 0.025 0.033 0.087 0.013 0.026 0.032 0.055 0.063 0.105
272 L 0.043 0.022 0.017 0.017 0.013 0.016 0.021 0.023 0.02 0.139 0.146 0.025 0.044 0.133 0.014 0.027 0.033 0.014 0.122 0.111
273 Q 0.056 0.074 0.044 0.047 0.009 0.212 0.103 0.041 0.03 0.027 0.047 0.092 0.021 0.015 0.024 0.056 0.041 0.006 0.021 0.035
274 L 0.041 0.088 0.02 0.019 0.012 0.022 0.027 0.024 0.02 0.071 0.204 0.041 0.046 0.124 0.014 0.029 0.03 0.012 0.092 0.064
275 K 0.075 0.143 0.066 0.041 0.009 0.064 0.062 0.044 0.021 0.026 0.043 0.203 0.015 0.016 0.024 0.054 0.039 0.005 0.017 0.034
276 K 0.055 0.157 0.042 0.069 0.009 0.065 0.089 0.04 0.021 0.024 0.041 0.168 0.015 0.016 0.024 0.072 0.041 0.005 0.016 0.031
277 K 0.057 0.076 0.054 0.061 0.009 0.061 0.084 0.086 0.023 0.026 0.041 0.165 0.014 0.025 0.023 0.068 0.04 0.007 0.046 0.032
278 K 0.08 0.129 0.067 0.039 0.01 0.039 0.051 0.09 0.043 0.026 0.041 0.148 0.014 0.021 0.023 0.071 0.04 0.006 0.028 0.033
279 L 0.045 0.024 0.014 0.015 0.016 0.016 0.02 0.021 0.01 0.116 0.373 0.025 0.05 0.055 0.014 0.024 0.034 0.007 0.022 0.097
280 G 0.067 0.065 0.04 0.037 0.01 0.036 0.048 0.278 0.017 0.023 0.036 0.158 0.012 0.016 0.023 0.052 0.035 0.005 0.014 0.028
281 L 0.053 0.022 0.015 0.016 0.017 0.016 0.021 0.022 0.009 0.158 0.26 0.025 0.041 0.046 0.015 0.027 0.04 0.006 0.021 0.168
282 F 0.038 0.032 0.169 0.05 0.01 0.022 0.034 0.045 0.024 0.043 0.072 0.036 0.018 0.204 0.015 0.047 0.037 0.011 0.052 0.041
283 G 0.053 0.031 0.091 0.077 0.01 0.027 0.064 0.129 0.026 0.035 0.074 0.041 0.016 0.049 0.019 0.064 0.037 0.011 0.106 0.038
284 K 0.079 0.091 0.038 0.103 0.011 0.034 0.054 0.085 0.016 0.049 0.054 0.139 0.016 0.019 0.022 0.049 0.038 0.005 0.015 0.081
285 K 0.059 0.061 0.067 0.049 0.01 0.041 0.101 0.087 0.022 0.028 0.042 0.146 0.014 0.026 0.024 0.073 0.062 0.007 0.046 0.035
286 I 0.056 0.021 0.018 0.019 0.016 0.016 0.022 0.025 0.009 0.204 0.184 0.026 0.034 0.04 0.016 0.047 0.043 0.006 0.02 0.18
287 D 0.039 0.028 0.091 0.139 0.01 0.022 0.044 0.036 0.023 0.048 0.118 0.034 0.021 0.115 0.016 0.04 0.033 0.011 0.089 0.045
288 G 0.073 0.062 0.067 0.039 0.012 0.026 0.038 0.16 0.018 0.028 0.044 0.047 0.014 0.058 0.021 0.13 0.05 0.053 0.026 0.034
289 A 0.199 0.031 0.037 0.036 0.017 0.026 0.04 0.154 0.015 0.032 0.045 0.044 0.015 0.019 0.026 0.139 0.055 0.005 0.016 0.049
290 I 0.054 0.022 0.018 0.019 0.016 0.017 0.022 0.024 0.01 0.204 0.146 0.027 0.062 0.039 0.016 0.034 0.063 0.006 0.02 0.181
291 G 0.061 0.053 0.034 0.032 0.011 0.031 0.041 0.172 0.018 0.059 0.083 0.134 0.018 0.031 0.021 0.062 0.037 0.007 0.046 0.049
292 A 0.182 0.034 0.04 0.039 0.018 0.028 0.043 0.11 0.016 0.032 0.045 0.046 0.015 0.02 0.027 0.174 0.062 0.005 0.016 0.048
293 L 0.071 0.026 0.025 0.024 0.016 0.02 0.028 0.033 0.012 0.138 0.165 0.032 0.045 0.036 0.019 0.077 0.072 0.006 0.019 0.135
294 F 0.043 0.021 0.017 0.017 0.013 0.015 0.021 0.023 0.02 0.122 0.136 0.024 0.028 0.166 0.013 0.027 0.032 0.014 0.128 0.121
295 F 0.034 0.019 0.016 0.016 0.011 0.011 0.018 0.023 0.015 0.069 0.163 0.019 0.028 0.35 0.011 0.024 0.026 0.014 0.073 0.06
296 L 0.048 0.026 0.016 0.017 0.016 0.02 0.023 0.023 0.012 0.125 0.258 0.029 0.114 0.047 0.015 0.029 0.037 0.007 0.022 0.116
297 L 0.071 0.022 0.018 0.018 0.059 0.016 0.022 0.03 0.012 0.101 0.178 0.026 0.029 0.108 0.015 0.036 0.056 0.054 0.035 0.094
298 L 0.044 0.026 0.016 0.018 0.015 0.036 0.026 0.022 0.011 0.138 0.328 0.03 0.043 0.047 0.014 0.026 0.034 0.006 0.021 0.1
299 T 0.082 0.035 0.045 0.04 0.017 0.028 0.042 0.049 0.015 0.043 0.054 0.046 0.017 0.022 0.027 0.15 0.208 0.005 0.017 0.058
300 R 0.049 0.227 0.038 0.035 0.008 0.049 0.059 0.037 0.021 0.024 0.043 0.222 0.015 0.016 0.023 0.047 0.036 0.005 0.017 0.03
301 L 0.069 0.024 0.016 0.017 0.015 0.018 0.022 0.027 0.012 0.114 0.285 0.027 0.069 0.08 0.015 0.031 0.034 0.008 0.027 0.092
302 T 0.122 0.032 0.037 0.034 0.017 0.025 0.037 0.094 0.014 0.052 0.059 0.042 0.018 0.022 0.025 0.109 0.158 0.005 0.016 0.08
303 P 0.06 0.061 0.028 0.028 0.013 0.042 0.038 0.035 0.015 0.081 0.079 0.045 0.021 0.094 0.109 0.075 0.043 0.007 0.029 0.098
304 F 0.067 0.02 0.017 0.019 0.013 0.013 0.022 0.03 0.014 0.073 0.1 0.023 0.023 0.274 0.059 0.032 0.031 0.012 0.06 0.097
305 L 0.041 0.022 0.014 0.015 0.014 0.014 0.019 0.021 0.011 0.101 0.351 0.023 0.043 0.118 0.013 0.023 0.03 0.008 0.033 0.084
306 G 0.087 0.026 0.024 0.024 0.015 0.038 0.03 0.168 0.012 0.106 0.113 0.034 0.024 0.028 0.018 0.041 0.039 0.005 0.017 0.149
307 R 0.042 0.376 0.037 0.03 0.007 0.046 0.05 0.031 0.022 0.022 0.044 0.114 0.015 0.017 0.018 0.042 0.033 0.006 0.017 0.03
308 F 0.038 0.019 0.016 0.017 0.013 0.013 0.018 0.023 0.013 0.153 0.135 0.021 0.044 0.246 0.012 0.025 0.03 0.012 0.055 0.098
309 G 0.065 0.044 0.039 0.038 0.009 0.124 0.058 0.309 0.02 0.021 0.035 0.057 0.014 0.015 0.02 0.051 0.033 0.005 0.015 0.028
310 Y 0.038 0.026 0.02 0.018 0.009 0.02 0.026 0.024 0.042 0.043 0.069 0.029 0.018 0.151 0.014 0.029 0.026 0.026 0.326 0.045
311 Y 0.039 0.025 0.019 0.017 0.01 0.019 0.024 0.024 0.033 0.056 0.115 0.028 0.038 0.164 0.014 0.029 0.028 0.021 0.242 0.054
312 F 0.117 0.025 0.019 0.02 0.015 0.019 0.026 0.038 0.015 0.069 0.143 0.03 0.072 0.174 0.017 0.042 0.035 0.01 0.043 0.069
313 V 0.059 0.02 0.015 0.017 0.017 0.015 0.02 0.022 0.008 0.193 0.159 0.024 0.033 0.038 0.015 0.029 0.043 0.005 0.02 0.247
314 P 0.079 0.025 0.022 0.029 0.011 0.02 0.035 0.038 0.012 0.026 0.036 0.04 0.01 0.013 0.473 0.045 0.036 0.003 0.013 0.033
315 L 0.098 0.024 0.02 0.022 0.015 0.018 0.026 0.035 0.012 0.112 0.142 0.03 0.042 0.103 0.063 0.043 0.059 0.007 0.03 0.098
316 L 0.041 0.022 0.014 0.016 0.014 0.015 0.019 0.021 0.011 0.136 0.292 0.023 0.051 0.116 0.013 0.024 0.032 0.008 0.033 0.098
317 V 0.08 0.02 0.016 0.018 0.017 0.015 0.021 0.026 0.009 0.217 0.135 0.025 0.031 0.037 0.016 0.032 0.043 0.005 0.019 0.217
318 L 0.051 0.025 0.019 0.019 0.015 0.019 0.024 0.026 0.017 0.123 0.211 0.029 0.06 0.058 0.016 0.048 0.038 0.01 0.081 0.109
319 G 0.075 0.026 0.036 0.032 0.058 0.021 0.03 0.267 0.016 0.034 0.072 0.035 0.015 0.03 0.02 0.101 0.043 0.007 0.044 0.039
320 L 0.072 0.024 0.017 0.018 0.016 0.018 0.023 0.028 0.012 0.135 0.217 0.028 0.08 0.077 0.015 0.032 0.037 0.007 0.027 0.118
