#Seq2Logo.py -f /work3/idamei/ssn-clusterings/clustering/2205161002/clusters/0008_110/sequences.afa -o /work3/idamei/ssn-clusterings/clustering/2205161002/clusters/0008_110/sequences.logo
#Position Specific Frequency Matrix
A R N D C Q E G H I L K M F P S T W Y V
0 L 0.051 0.031 0.02 0.02 0.016 0.027 0.027 0.027 0.016 0.097 0.191 0.035 0.185 0.047 0.016 0.035 0.039 0.008 0.023 0.09
1 I 0.046 0.017 0.014 0.017 0.016 0.013 0.017 0.02 0.009 0.292 0.163 0.023 0.036 0.043 0.014 0.024 0.039 0.006 0.02 0.172
2 Y 0.039 0.027 0.021 0.018 0.009 0.021 0.027 0.024 0.045 0.042 0.067 0.03 0.018 0.127 0.015 0.03 0.027 0.027 0.338 0.045
3 I 0.052 0.019 0.015 0.017 0.017 0.014 0.019 0.021 0.009 0.229 0.186 0.024 0.036 0.042 0.015 0.026 0.04 0.006 0.02 0.194
4 Y 0.044 0.025 0.023 0.02 0.009 0.019 0.026 0.096 0.037 0.042 0.067 0.029 0.018 0.151 0.015 0.032 0.027 0.023 0.255 0.043
5 L 0.054 0.032 0.023 0.022 0.016 0.027 0.029 0.029 0.015 0.091 0.173 0.036 0.161 0.043 0.017 0.043 0.072 0.007 0.023 0.087
6 T 0.099 0.033 0.033 0.03 0.017 0.027 0.035 0.043 0.014 0.063 0.099 0.041 0.066 0.03 0.024 0.073 0.171 0.006 0.019 0.075
7 L 0.048 0.02 0.015 0.016 0.084 0.014 0.019 0.023 0.01 0.128 0.235 0.023 0.036 0.094 0.014 0.027 0.035 0.007 0.029 0.122
8 L 0.08 0.023 0.016 0.017 0.016 0.016 0.022 0.029 0.011 0.121 0.272 0.026 0.039 0.097 0.016 0.032 0.034 0.008 0.03 0.095
9 S 0.159 0.033 0.039 0.038 0.087 0.027 0.043 0.063 0.016 0.035 0.049 0.045 0.016 0.02 0.027 0.168 0.064 0.005 0.016 0.05
10 V 0.064 0.028 0.024 0.023 0.017 0.022 0.028 0.03 0.012 0.111 0.127 0.033 0.071 0.035 0.019 0.049 0.108 0.006 0.02 0.17
11 L 0.042 0.022 0.015 0.016 0.014 0.015 0.02 0.023 0.012 0.121 0.251 0.024 0.059 0.151 0.013 0.026 0.032 0.01 0.04 0.093
12 L 0.041 0.021 0.015 0.016 0.014 0.014 0.019 0.022 0.012 0.123 0.28 0.023 0.04 0.152 0.013 0.024 0.031 0.009 0.04 0.093
13 A 0.133 0.025 0.025 0.025 0.017 0.02 0.028 0.112 0.011 0.128 0.094 0.033 0.023 0.029 0.021 0.055 0.074 0.005 0.017 0.123
14 Y 0.09 0.027 0.026 0.024 0.014 0.022 0.029 0.105 0.022 0.084 0.091 0.034 0.043 0.058 0.019 0.049 0.068 0.012 0.109 0.073
15 L 0.047 0.024 0.019 0.019 0.013 0.018 0.022 0.095 0.017 0.079 0.225 0.027 0.054 0.108 0.014 0.03 0.031 0.011 0.075 0.07
16 S 0.118 0.033 0.039 0.036 0.016 0.027 0.041 0.054 0.02 0.07 0.064 0.044 0.019 0.039 0.025 0.158 0.062 0.008 0.063 0.064
17 D 0.052 0.042 0.048 0.204 0.01 0.035 0.102 0.04 0.017 0.046 0.05 0.082 0.015 0.019 0.023 0.054 0.071 0.005 0.015 0.07
18 Y 0.05 0.028 0.025 0.022 0.011 0.022 0.029 0.03 0.033 0.051 0.087 0.032 0.043 0.14 0.016 0.06 0.036 0.02 0.211 0.052
19 V 0.057 0.02 0.016 0.017 0.017 0.014 0.02 0.023 0.009 0.184 0.135 0.024 0.031 0.09 0.015 0.029 0.042 0.007 0.029 0.222
20 K 0.088 0.112 0.041 0.097 0.01 0.046 0.1 0.045 0.02 0.027 0.042 0.168 0.014 0.016 0.025 0.055 0.038 0.005 0.016 0.035
21 K 0.103 0.1 0.037 0.036 0.014 0.036 0.05 0.049 0.018 0.067 0.062 0.127 0.018 0.022 0.025 0.106 0.051 0.005 0.017 0.059
22 L 0.049 0.083 0.029 0.026 0.013 0.026 0.033 0.029 0.072 0.131 0.144 0.046 0.028 0.035 0.018 0.041 0.073 0.006 0.025 0.093
23 R 0.094 0.099 0.082 0.039 0.013 0.033 0.044 0.046 0.018 0.076 0.067 0.096 0.019 0.023 0.023 0.06 0.079 0.005 0.017 0.066
24 L 0.052 0.024 0.024 0.023 0.015 0.018 0.025 0.028 0.012 0.143 0.159 0.03 0.031 0.098 0.018 0.046 0.111 0.008 0.031 0.105
25 D 0.05 0.044 0.05 0.23 0.009 0.036 0.112 0.039 0.018 0.046 0.048 0.088 0.014 0.018 0.022 0.048 0.038 0.004 0.014 0.07
26 G 0.054 0.026 0.036 0.1 0.01 0.025 0.081 0.195 0.016 0.072 0.066 0.037 0.017 0.085 0.018 0.042 0.032 0.007 0.026 0.055
27 N 0.094 0.039 0.184 0.066 0.011 0.034 0.087 0.137 0.024 0.025 0.036 0.051 0.012 0.018 0.022 0.065 0.043 0.005 0.015 0.033
28 L 0.045 0.024 0.024 0.084 0.013 0.018 0.033 0.027 0.011 0.112 0.233 0.03 0.033 0.038 0.097 0.032 0.034 0.005 0.018 0.085
29 G 0.104 0.041 0.037 0.053 0.011 0.07 0.136 0.205 0.02 0.025 0.038 0.058 0.013 0.017 0.023 0.058 0.036 0.005 0.015 0.035
30 N 0.086 0.033 0.125 0.04 0.012 0.025 0.035 0.045 0.029 0.047 0.107 0.039 0.021 0.061 0.019 0.051 0.039 0.013 0.123 0.051
31 L 0.1 0.1 0.084 0.041 0.013 0.034 0.046 0.05 0.019 0.043 0.101 0.098 0.02 0.024 0.023 0.085 0.047 0.005 0.018 0.048
32 L 0.062 0.03 0.029 0.027 0.015 0.023 0.031 0.036 0.015 0.071 0.159 0.035 0.056 0.108 0.019 0.081 0.087 0.008 0.034 0.07
33 P 0.174 0.028 0.024 0.03 0.016 0.023 0.038 0.057 0.014 0.034 0.048 0.043 0.014 0.017 0.262 0.064 0.043 0.004 0.015 0.05
34 R 0.168 0.189 0.032 0.03 0.015 0.037 0.046 0.055 0.019 0.033 0.053 0.082 0.016 0.019 0.024 0.065 0.042 0.006 0.017 0.05
35 S 0.11 0.04 0.054 0.049 0.018 0.033 0.053 0.066 0.019 0.03 0.042 0.054 0.016 0.021 0.03 0.218 0.082 0.005 0.018 0.042
36 S 0.083 0.057 0.049 0.048 0.013 0.125 0.077 0.054 0.024 0.028 0.044 0.072 0.018 0.018 0.027 0.139 0.061 0.006 0.019 0.039
37 I 0.047 0.018 0.015 0.018 0.016 0.013 0.018 0.021 0.009 0.273 0.167 0.024 0.037 0.044 0.015 0.025 0.04 0.006 0.021 0.176
38 F 0.04 0.018 0.016 0.017 0.013 0.012 0.018 0.023 0.013 0.168 0.141 0.021 0.031 0.216 0.013 0.025 0.033 0.011 0.055 0.116
39 Y 0.063 0.032 0.033 0.029 0.014 0.026 0.035 0.038 0.025 0.053 0.082 0.04 0.045 0.061 0.021 0.086 0.117 0.013 0.124 0.06
40 R 0.134 0.136 0.033 0.032 0.014 0.035 0.046 0.049 0.017 0.049 0.059 0.1 0.018 0.021 0.024 0.083 0.047 0.005 0.017 0.08
41 K 0.061 0.086 0.084 0.047 0.01 0.046 0.063 0.048 0.021 0.026 0.04 0.229 0.014 0.016 0.026 0.081 0.046 0.005 0.017 0.032
42 V 0.091 0.082 0.023 0.024 0.015 0.026 0.034 0.034 0.013 0.142 0.103 0.079 0.026 0.03 0.019 0.041 0.042 0.005 0.019 0.15
43 L 0.046 0.025 0.019 0.027 0.013 0.022 0.063 0.025 0.017 0.136 0.143 0.032 0.028 0.054 0.015 0.03 0.035 0.08 0.072 0.119
44 K 0.104 0.064 0.039 0.038 0.013 0.038 0.053 0.051 0.022 0.032 0.047 0.154 0.016 0.033 0.026 0.108 0.05 0.008 0.063 0.041
45 K 0.047 0.054 0.08 0.1 0.009 0.038 0.091 0.039 0.024 0.039 0.091 0.117 0.018 0.037 0.021 0.047 0.036 0.008 0.062 0.04
46 F 0.093 0.024 0.025 0.025 0.014 0.018 0.027 0.108 0.014 0.088 0.129 0.03 0.025 0.138 0.018 0.067 0.04 0.009 0.037 0.072
47 L 0.045 0.023 0.014 0.015 0.015 0.015 0.02 0.022 0.01 0.112 0.315 0.024 0.042 0.101 0.014 0.025 0.034 0.008 0.031 0.116
48 Y 0.039 0.025 0.019 0.017 0.01 0.019 0.025 0.024 0.036 0.055 0.12 0.028 0.023 0.156 0.014 0.029 0.028 0.023 0.257 0.053
49 L 0.054 0.021 0.022 0.021 0.083 0.016 0.022 0.098 0.011 0.125 0.141 0.026 0.027 0.086 0.016 0.039 0.067 0.007 0.027 0.091
50 L 0.05 0.023 0.018 0.018 0.083 0.017 0.021 0.096 0.012 0.075 0.216 0.026 0.053 0.043 0.014 0.031 0.032 0.078 0.025 0.068
51 A 0.19 0.033 0.039 0.037 0.018 0.027 0.042 0.135 0.016 0.033 0.046 0.046 0.015 0.02 0.027 0.146 0.059 0.005 0.016 0.049
52 F 0.034 0.02 0.017 0.017 0.01 0.012 0.02 0.025 0.021 0.059 0.105 0.02 0.024 0.365 0.011 0.025 0.025 0.018 0.122 0.052
53 L 0.041 0.02 0.015 0.016 0.014 0.013 0.019 0.022 0.011 0.149 0.247 0.022 0.038 0.151 0.013 0.024 0.032 0.009 0.04 0.104
54 V 0.058 0.021 0.017 0.021 0.015 0.016 0.025 0.026 0.009 0.159 0.111 0.029 0.026 0.031 0.156 0.033 0.042 0.005 0.018 0.182
55 L 0.048 0.02 0.014 0.017 0.016 0.014 0.019 0.021 0.009 0.222 0.224 0.024 0.039 0.045 0.014 0.025 0.038 0.006 0.02 0.166
56 F 0.039 0.018 0.016 0.016 0.081 0.011 0.018 0.025 0.014 0.092 0.111 0.019 0.025 0.298 0.012 0.027 0.028 0.013 0.066 0.071
57 I 0.048 0.02 0.015 0.017 0.015 0.015 0.02 0.021 0.014 0.212 0.177 0.025 0.034 0.055 0.015 0.026 0.037 0.009 0.066 0.159
58 P 0.052 0.023 0.02 0.026 0.012 0.018 0.03 0.031 0.011 0.101 0.072 0.035 0.017 0.021 0.367 0.037 0.036 0.003 0.015 0.071
59 G 0.076 0.022 0.038 0.033 0.01 0.018 0.025 0.524 0.013 0.018 0.027 0.033 0.009 0.016 0.018 0.05 0.029 0.005 0.01 0.024
60 A 0.274 0.03 0.024 0.028 0.02 0.025 0.038 0.069 0.015 0.05 0.077 0.042 0.041 0.025 0.027 0.076 0.047 0.006 0.018 0.07
61 I 0.045 0.019 0.014 0.016 0.016 0.014 0.018 0.02 0.009 0.241 0.229 0.023 0.039 0.046 0.014 0.024 0.037 0.006 0.02 0.149
62 R 0.043 0.364 0.038 0.03 0.008 0.047 0.051 0.032 0.023 0.023 0.045 0.117 0.015 0.017 0.019 0.043 0.034 0.006 0.017 0.03
63 Y 0.088 0.029 0.026 0.024 0.012 0.023 0.032 0.037 0.037 0.04 0.062 0.035 0.018 0.097 0.019 0.068 0.038 0.021 0.246 0.048
64 Y 0.038 0.027 0.065 0.027 0.009 0.02 0.028 0.03 0.035 0.045 0.074 0.03 0.019 0.191 0.014 0.034 0.029 0.021 0.22 0.045
65 V 0.068 0.021 0.016 0.017 0.019 0.016 0.023 0.024 0.008 0.16 0.127 0.025 0.031 0.035 0.016 0.032 0.048 0.005 0.02 0.29
66 G 0.076 0.022 0.038 0.033 0.01 0.018 0.025 0.524 0.013 0.018 0.027 0.033 0.009 0.016 0.018 0.05 0.029 0.005 0.01 0.024
67 I 0.049 0.018 0.015 0.017 0.016 0.013 0.018 0.021 0.008 0.273 0.158 0.023 0.035 0.042 0.015 0.025 0.04 0.006 0.02 0.189
68 D 0.04 0.029 0.067 0.415 0.007 0.029 0.089 0.045 0.018 0.022 0.027 0.043 0.009 0.014 0.022 0.051 0.034 0.004 0.011 0.024
69 Y 0.039 0.027 0.021 0.018 0.009 0.021 0.027 0.024 0.045 0.042 0.067 0.03 0.018 0.127 0.015 0.03 0.027 0.027 0.338 0.045
70 T 0.074 0.045 0.043 0.039 0.016 0.031 0.044 0.045 0.015 0.045 0.057 0.082 0.018 0.021 0.027 0.106 0.209 0.006 0.017 0.06
71 T 0.071 0.034 0.042 0.036 0.017 0.027 0.038 0.042 0.013 0.052 0.063 0.044 0.019 0.023 0.027 0.09 0.268 0.006 0.017 0.069
72 Y 0.039 0.027 0.021 0.018 0.009 0.021 0.027 0.024 0.045 0.042 0.067 0.03 0.018 0.127 0.015 0.03 0.027 0.027 0.338 0.045
73 S 0.096 0.038 0.05 0.044 0.017 0.031 0.047 0.058 0.017 0.035 0.047 0.05 0.016 0.021 0.028 0.199 0.134 0.005 0.017 0.049
74 L 0.053 0.043 0.116 0.042 0.012 0.029 0.04 0.043 0.024 0.052 0.143 0.077 0.024 0.043 0.02 0.072 0.044 0.009 0.064 0.051
75 Y 0.042 0.036 0.034 0.081 0.009 0.055 0.049 0.031 0.081 0.044 0.1 0.042 0.021 0.07 0.017 0.037 0.031 0.015 0.16 0.044
76 Q 0.054 0.071 0.043 0.046 0.009 0.238 0.1 0.04 0.029 0.026 0.046 0.089 0.02 0.014 0.023 0.054 0.04 0.006 0.02 0.034
77 I 0.046 0.017 0.014 0.017 0.016 0.013 0.017 0.02 0.009 0.292 0.163 0.023 0.036 0.043 0.014 0.024 0.039 0.006 0.02 0.172
78 P 0.055 0.025 0.023 0.03 0.01 0.02 0.035 0.035 0.013 0.025 0.035 0.04 0.01 0.013 0.508 0.043 0.035 0.003 0.013 0.03
79 A 0.144 0.034 0.029 0.035 0.015 0.032 0.076 0.047 0.067 0.06 0.095 0.044 0.065 0.03 0.022 0.055 0.041 0.006 0.024 0.078
80 V 0.068 0.021 0.016 0.017 0.019 0.016 0.023 0.024 0.008 0.16 0.127 0.025 0.031 0.035 0.016 0.032 0.048 0.005 0.02 0.29
81 L 0.043 0.024 0.014 0.015 0.016 0.016 0.02 0.021 0.01 0.112 0.394 0.025 0.048 0.053 0.014 0.024 0.032 0.007 0.022 0.093
82 S 0.115 0.037 0.085 0.053 0.014 0.034 0.083 0.127 0.02 0.027 0.039 0.051 0.014 0.019 0.025 0.14 0.057 0.005 0.016 0.038
83 G 0.066 0.028 0.083 0.04 0.01 0.023 0.032 0.389 0.067 0.019 0.029 0.037 0.01 0.018 0.019 0.051 0.031 0.005 0.018 0.024
84 D 0.057 0.086 0.085 0.096 0.012 0.06 0.056 0.044 0.02 0.066 0.059 0.06 0.018 0.021 0.022 0.082 0.078 0.005 0.017 0.056
85 T 0.064 0.054 0.044 0.042 0.013 0.123 0.071 0.042 0.021 0.04 0.056 0.068 0.02 0.019 0.025 0.074 0.146 0.006 0.019 0.053
86 P 0.055 0.08 0.074 0.045 0.011 0.032 0.078 0.038 0.018 0.047 0.053 0.056 0.015 0.019 0.16 0.053 0.072 0.004 0.016 0.072
87 V 0.064 0.024 0.062 0.026 0.017 0.018 0.026 0.03 0.011 0.14 0.113 0.029 0.028 0.032 0.017 0.037 0.048 0.005 0.019 0.252
88 K 0.058 0.094 0.041 0.04 0.01 0.048 0.064 0.042 0.019 0.03 0.045 0.263 0.016 0.016 0.027 0.057 0.071 0.005 0.017 0.037
89 V 0.056 0.021 0.016 0.017 0.017 0.015 0.021 0.023 0.01 0.158 0.168 0.024 0.033 0.091 0.015 0.029 0.041 0.007 0.03 0.211
90 E 0.054 0.048 0.039 0.088 0.007 0.063 0.317 0.034 0.025 0.021 0.036 0.073 0.013 0.016 0.025 0.054 0.036 0.005 0.016 0.03
91 L 0.09 0.027 0.024 0.024 0.014 0.02 0.03 0.038 0.018 0.061 0.157 0.033 0.026 0.099 0.088 0.067 0.04 0.01 0.073 0.06
92 L 0.043 0.024 0.014 0.015 0.016 0.016 0.02 0.021 0.01 0.112 0.394 0.025 0.048 0.053 0.014 0.024 0.032 0.007 0.022 0.093
93 Y 0.039 0.027 0.028 0.075 0.009 0.022 0.036 0.027 0.041 0.039 0.061 0.032 0.017 0.111 0.016 0.033 0.028 0.024 0.291 0.042
94 K 0.052 0.178 0.04 0.037 0.008 0.051 0.064 0.039 0.021 0.026 0.043 0.247 0.015 0.016 0.025 0.049 0.037 0.005 0.017 0.031
95 L 0.048 0.029 0.019 0.02 0.013 0.047 0.033 0.027 0.013 0.09 0.17 0.033 0.03 0.044 0.014 0.03 0.035 0.149 0.034 0.123
96 V 0.068 0.021 0.016 0.017 0.019 0.016 0.023 0.024 0.008 0.16 0.127 0.025 0.031 0.035 0.016 0.032 0.048 0.005 0.02 0.29
97 I 0.049 0.018 0.015 0.017 0.016 0.013 0.018 0.021 0.008 0.273 0.158 0.023 0.035 0.042 0.015 0.025 0.04 0.006 0.02 0.189
98 Y 0.042 0.095 0.027 0.025 0.009 0.031 0.04 0.031 0.026 0.036 0.061 0.117 0.017 0.109 0.017 0.036 0.03 0.085 0.125 0.038
99 I 0.085 0.021 0.016 0.018 0.016 0.015 0.022 0.029 0.011 0.179 0.168 0.026 0.033 0.092 0.016 0.034 0.038 0.007 0.029 0.145
100 G 0.076 0.022 0.038 0.033 0.01 0.018 0.025 0.524 0.013 0.018 0.027 0.033 0.009 0.016 0.018 0.05 0.029 0.005 0.01 0.024
101 Y 0.04 0.032 0.111 0.036 0.009 0.024 0.033 0.035 0.041 0.036 0.056 0.037 0.016 0.096 0.016 0.041 0.033 0.021 0.246 0.04
102 W 0.033 0.023 0.016 0.015 0.009 0.016 0.022 0.027 0.018 0.043 0.102 0.024 0.02 0.068 0.009 0.023 0.024 0.367 0.099 0.041
103 L 0.045 0.022 0.015 0.016 0.016 0.016 0.02 0.021 0.01 0.187 0.266 0.025 0.062 0.048 0.014 0.026 0.036 0.007 0.021 0.126
104 G 0.118 0.028 0.04 0.036 0.014 0.023 0.034 0.329 0.015 0.025 0.036 0.04 0.012 0.018 0.023 0.11 0.046 0.005 0.013 0.035
105 G 0.058 0.038 0.167 0.055 0.009 0.056 0.045 0.258 0.023 0.021 0.031 0.049 0.011 0.016 0.02 0.058 0.039 0.005 0.014 0.026
106 G 0.062 0.049 0.037 0.035 0.009 0.086 0.053 0.246 0.023 0.025 0.04 0.086 0.014 0.031 0.02 0.049 0.033 0.008 0.061 0.031
107 R 0.058 0.096 0.081 0.042 0.011 0.063 0.054 0.044 0.021 0.034 0.054 0.096 0.017 0.073 0.022 0.082 0.076 0.007 0.027 0.041
108 T 0.077 0.037 0.046 0.04 0.016 0.03 0.044 0.048 0.066 0.041 0.053 0.047 0.017 0.023 0.026 0.127 0.18 0.006 0.023 0.054
109 Y 0.039 0.027 0.021 0.018 0.009 0.021 0.027 0.024 0.045 0.042 0.067 0.03 0.018 0.127 0.015 0.03 0.027 0.027 0.338 0.045
110 Q 0.051 0.064 0.039 0.042 0.009 0.205 0.088 0.038 0.027 0.031 0.055 0.079 0.021 0.07 0.021 0.05 0.038 0.007 0.029 0.037
111 P 0.046 0.027 0.02 0.021 0.011 0.021 0.028 0.027 0.027 0.055 0.122 0.033 0.044 0.072 0.156 0.034 0.032 0.014 0.155 0.054
112 I 0.046 0.017 0.014 0.017 0.016 0.013 0.017 0.02 0.009 0.292 0.163 0.023 0.036 0.043 0.014 0.024 0.039 0.006 0.02 0.172
113 F 0.033 0.018 0.016 0.016 0.01 0.01 0.018 0.025 0.016 0.062 0.111 0.018 0.025 0.405 0.01 0.025 0.025 0.016 0.086 0.053
114 A 0.202 0.026 0.021 0.024 0.019 0.02 0.032 0.054 0.013 0.078 0.085 0.035 0.022 0.08 0.023 0.06 0.045 0.007 0.028 0.129
115 I 0.045 0.018 0.014 0.017 0.016 0.013 0.018 0.02 0.009 0.266 0.196 0.023 0.038 0.044 0.014 0.024 0.038 0.006 0.02 0.16
116 T 0.065 0.032 0.038 0.034 0.016 0.024 0.035 0.04 0.014 0.053 0.07 0.04 0.02 0.078 0.024 0.081 0.234 0.007 0.027 0.067
117 N 0.043 0.046 0.216 0.117 0.008 0.062 0.062 0.054 0.078 0.022 0.033 0.055 0.012 0.018 0.02 0.059 0.042 0.005 0.021 0.026
118 F 0.042 0.02 0.019 0.019 0.012 0.013 0.019 0.095 0.014 0.096 0.147 0.022 0.027 0.247 0.013 0.028 0.028 0.012 0.057 0.072
119 L 0.044 0.021 0.014 0.016 0.016 0.015 0.019 0.02 0.009 0.189 0.295 0.024 0.043 0.049 0.014 0.024 0.035 0.006 0.021 0.127
120 I 0.045 0.018 0.014 0.017 0.016 0.013 0.018 0.02 0.009 0.266 0.196 0.023 0.038 0.044 0.014 0.024 0.038 0.006 0.02 0.16
121 V 0.066 0.025 0.02 0.02 0.018 0.019 0.026 0.027 0.01 0.135 0.127 0.029 0.051 0.035 0.018 0.041 0.078 0.006 0.02 0.23
122 F 0.044 0.022 0.019 0.019 0.013 0.015 0.023 0.027 0.014 0.077 0.138 0.024 0.027 0.198 0.014 0.035 0.064 0.082 0.055 0.092
123 F 0.035 0.018 0.016 0.017 0.011 0.011 0.018 0.024 0.015 0.095 0.118 0.019 0.026 0.353 0.011 0.025 0.027 0.015 0.077 0.07
124 L 0.047 0.023 0.014 0.015 0.016 0.016 0.02 0.021 0.01 0.119 0.356 0.025 0.046 0.05 0.014 0.025 0.035 0.007 0.021 0.122
125 F 0.034 0.02 0.017 0.017 0.01 0.012 0.02 0.025 0.021 0.059 0.105 0.02 0.024 0.365 0.011 0.025 0.025 0.018 0.122 0.052
126 L 0.045 0.046 0.022 0.022 0.013 0.025 0.033 0.027 0.014 0.08 0.253 0.102 0.035 0.092 0.017 0.032 0.033 0.008 0.029 0.07
127 Y 0.078 0.028 0.022 0.02 0.011 0.022 0.029 0.032 0.041 0.042 0.065 0.032 0.018 0.112 0.017 0.038 0.03 0.024 0.292 0.048
128 I 0.049 0.018 0.015 0.017 0.016 0.013 0.018 0.021 0.008 0.273 0.158 0.023 0.035 0.042 0.015 0.025 0.04 0.006 0.02 0.189
129 K 0.092 0.119 0.034 0.034 0.012 0.042 0.055 0.043 0.018 0.047 0.057 0.197 0.018 0.019 0.024 0.052 0.041 0.005 0.017 0.073
130 D 0.047 0.094 0.09 0.16 0.008 0.097 0.113 0.043 0.025 0.023 0.037 0.072 0.014 0.015 0.022 0.053 0.038 0.005 0.016 0.029
131 Q 0.063 0.055 0.04 0.04 0.012 0.146 0.073 0.041 0.022 0.042 0.097 0.068 0.023 0.022 0.023 0.082 0.077 0.006 0.019 0.049
132 S 0.107 0.039 0.053 0.047 0.017 0.032 0.051 0.064 0.019 0.029 0.041 0.053 0.015 0.02 0.029 0.243 0.08 0.005 0.017 0.041
133 S 0.077 0.055 0.043 0.04 0.015 0.035 0.05 0.048 0.017 0.041 0.073 0.119 0.019 0.022 0.027 0.129 0.118 0.005 0.017 0.05
134 N 0.043 0.045 0.256 0.123 0.009 0.061 0.061 0.057 0.029 0.022 0.032 0.056 0.012 0.017 0.02 0.063 0.045 0.004 0.015 0.027
135 V 0.058 0.095 0.03 0.028 0.014 0.032 0.041 0.032 0.014 0.106 0.087 0.119 0.023 0.026 0.021 0.046 0.073 0.005 0.018 0.131
136 W 0.05 0.024 0.021 0.021 0.011 0.019 0.026 0.099 0.018 0.057 0.079 0.03 0.04 0.051 0.084 0.033 0.032 0.152 0.077 0.077
137 L 0.047 0.023 0.014 0.015 0.016 0.016 0.02 0.021 0.01 0.119 0.356 0.025 0.046 0.05 0.014 0.025 0.035 0.007 0.021 0.122
138 S 0.107 0.039 0.053 0.047 0.017 0.032 0.051 0.064 0.019 0.029 0.041 0.053 0.015 0.02 0.029 0.243 0.08 0.005 0.017 0.041
139 I 0.049 0.018 0.015 0.017 0.016 0.013 0.018 0.021 0.008 0.273 0.158 0.023 0.035 0.042 0.015 0.025 0.04 0.006 0.02 0.189
140 L 0.039 0.02 0.015 0.016 0.013 0.013 0.019 0.023 0.012 0.137 0.198 0.022 0.033 0.151 0.012 0.024 0.03 0.081 0.046 0.095
141 I 0.047 0.018 0.015 0.017 0.015 0.013 0.018 0.021 0.01 0.24 0.15 0.023 0.033 0.093 0.014 0.025 0.038 0.007 0.029 0.172
142 F 0.034 0.019 0.016 0.016 0.011 0.011 0.019 0.024 0.015 0.069 0.151 0.019 0.028 0.355 0.011 0.025 0.026 0.015 0.077 0.059
143 L 0.052 0.029 0.018 0.019 0.016 0.024 0.026 0.026 0.014 0.108 0.211 0.032 0.143 0.046 0.015 0.033 0.039 0.007 0.023 0.119
144 S 0.111 0.032 0.036 0.033 0.086 0.026 0.037 0.05 0.015 0.049 0.074 0.042 0.041 0.025 0.025 0.117 0.117 0.006 0.017 0.062
145 G 0.074 0.028 0.038 0.033 0.014 0.022 0.032 0.249 0.014 0.043 0.092 0.038 0.018 0.024 0.022 0.085 0.105 0.006 0.015 0.049
146 G 0.079 0.024 0.037 0.033 0.013 0.02 0.028 0.387 0.013 0.04 0.044 0.034 0.013 0.019 0.02 0.075 0.039 0.005 0.013 0.064
147 F 0.033 0.018 0.016 0.016 0.01 0.01 0.018 0.025 0.016 0.062 0.111 0.018 0.025 0.405 0.01 0.025 0.025 0.016 0.086 0.053
148 F 0.034 0.02 0.017 0.017 0.01 0.012 0.02 0.025 0.021 0.059 0.105 0.02 0.024 0.365 0.011 0.025 0.025 0.018 0.122 0.052
149 F 0.124 0.028 0.027 0.026 0.015 0.021 0.031 0.044 0.019 0.05 0.076 0.035 0.02 0.146 0.021 0.061 0.101 0.012 0.083 0.061
150 F 0.033 0.018 0.016 0.016 0.01 0.01 0.018 0.025 0.016 0.062 0.111 0.018 0.025 0.405 0.01 0.025 0.025 0.016 0.086 0.053
151 S 0.107 0.039 0.053 0.047 0.017 0.032 0.051 0.064 0.019 0.029 0.041 0.053 0.015 0.02 0.029 0.243 0.08 0.005 0.017 0.041
152 L 0.043 0.024 0.014 0.015 0.016 0.016 0.02 0.021 0.01 0.112 0.394 0.025 0.048 0.053 0.014 0.024 0.032 0.007 0.022 0.093
153 S 0.107 0.039 0.053 0.047 0.017 0.032 0.051 0.064 0.019 0.029 0.041 0.053 0.015 0.02 0.029 0.243 0.08 0.005 0.017 0.041
154 G 0.076 0.022 0.038 0.033 0.01 0.018 0.025 0.524 0.013 0.018 0.027 0.033 0.009 0.016 0.018 0.05 0.029 0.005 0.01 0.024
155 L 0.05 0.029 0.019 0.019 0.016 0.025 0.026 0.026 0.015 0.125 0.187 0.033 0.164 0.046 0.015 0.034 0.039 0.007 0.023 0.101
156 R 0.043 0.364 0.038 0.03 0.008 0.047 0.051 0.032 0.023 0.023 0.045 0.117 0.015 0.017 0.019 0.043 0.034 0.006 0.017 0.03
157 Q 0.054 0.071 0.043 0.046 0.009 0.238 0.1 0.04 0.029 0.026 0.046 0.089 0.02 0.014 0.023 0.054 0.04 0.006 0.02 0.034
158 S 0.165 0.036 0.045 0.042 0.018 0.03 0.048 0.068 0.017 0.033 0.046 0.05 0.016 0.02 0.029 0.197 0.071 0.005 0.017 0.048
159 I 0.046 0.017 0.014 0.017 0.016 0.013 0.017 0.02 0.009 0.292 0.163 0.023 0.036 0.043 0.014 0.024 0.039 0.006 0.02 0.172
160 G 0.11 0.023 0.036 0.032 0.012 0.019 0.027 0.46 0.013 0.022 0.032 0.034 0.01 0.016 0.02 0.054 0.032 0.005 0.011 0.03
161 V 0.071 0.025 0.025 0.024 0.018 0.019 0.028 0.032 0.01 0.145 0.11 0.032 0.028 0.032 0.019 0.069 0.083 0.005 0.019 0.206
162 V 0.169 0.024 0.02 0.022 0.019 0.019 0.029 0.046 0.011 0.128 0.102 0.033 0.026 0.03 0.021 0.053 0.047 0.005 0.019 0.178
163 I 0.046 0.017 0.014 0.017 0.016 0.013 0.017 0.02 0.009 0.292 0.163 0.023 0.036 0.043 0.014 0.024 0.039 0.006 0.02 0.172
164 A 0.202 0.026 0.021 0.024 0.019 0.02 0.032 0.054 0.013 0.078 0.085 0.035 0.022 0.08 0.023 0.06 0.045 0.007 0.028 0.129
165 L 0.042 0.023 0.014 0.015 0.015 0.015 0.019 0.021 0.011 0.105 0.353 0.024 0.045 0.103 0.013 0.024 0.031 0.008 0.031 0.088
166 W 0.035 0.025 0.018 0.017 0.008 0.018 0.025 0.026 0.032 0.037 0.06 0.027 0.017 0.098 0.012 0.027 0.025 0.233 0.221 0.039
167 A 0.219 0.031 0.035 0.035 0.018 0.026 0.041 0.137 0.015 0.035 0.049 0.044 0.015 0.02 0.027 0.124 0.055 0.005 0.016 0.053
168 L 0.043 0.024 0.014 0.015 0.016 0.016 0.02 0.021 0.01 0.112 0.394 0.025 0.048 0.053 0.014 0.024 0.032 0.007 0.022 0.093
169 K 0.055 0.104 0.04 0.04 0.008 0.052 0.069 0.042 0.02 0.027 0.042 0.299 0.015 0.015 0.027 0.052 0.039 0.005 0.017 0.032
170 F 0.037 0.023 0.019 0.017 0.01 0.017 0.023 0.024 0.033 0.051 0.086 0.025 0.021 0.246 0.013 0.028 0.026 0.023 0.23 0.049
171 I 0.046 0.017 0.014 0.017 0.016 0.013 0.017 0.02 0.009 0.292 0.163 0.023 0.036 0.043 0.014 0.024 0.039 0.006 0.02 0.172
172 K 0.055 0.096 0.04 0.047 0.008 0.053 0.104 0.041 0.021 0.026 0.041 0.267 0.015 0.015 0.027 0.052 0.038 0.005 0.017 0.032
173 E 0.052 0.054 0.083 0.075 0.008 0.108 0.217 0.04 0.027 0.023 0.038 0.075 0.014 0.016 0.024 0.056 0.039 0.005 0.017 0.031
174 K 0.055 0.099 0.041 0.041 0.008 0.078 0.073 0.042 0.021 0.027 0.042 0.269 0.016 0.015 0.026 0.052 0.039 0.005 0.017 0.032
175 K 0.048 0.161 0.124 0.049 0.008 0.045 0.058 0.045 0.024 0.024 0.04 0.176 0.014 0.016 0.022 0.054 0.04 0.005 0.016 0.03
176 L 0.051 0.024 0.021 0.022 0.014 0.017 0.026 0.03 0.013 0.099 0.178 0.029 0.03 0.142 0.086 0.058 0.038 0.009 0.038 0.077
177 L 0.044 0.033 0.018 0.019 0.013 0.02 0.026 0.025 0.012 0.14 0.229 0.063 0.035 0.046 0.015 0.028 0.034 0.078 0.027 0.098
178 L 0.047 0.089 0.03 0.027 0.011 0.031 0.04 0.031 0.071 0.05 0.116 0.084 0.044 0.043 0.088 0.038 0.033 0.009 0.069 0.049
179 Y 0.038 0.026 0.02 0.018 0.009 0.02 0.026 0.024 0.041 0.045 0.073 0.029 0.019 0.167 0.014 0.029 0.027 0.026 0.302 0.046
180 L 0.055 0.021 0.015 0.017 0.017 0.015 0.02 0.022 0.009 0.184 0.213 0.024 0.037 0.042 0.015 0.027 0.041 0.006 0.02 0.2
181 I 0.052 0.021 0.018 0.02 0.016 0.016 0.021 0.024 0.009 0.213 0.176 0.027 0.034 0.04 0.016 0.035 0.072 0.006 0.02 0.163
182 F 0.061 0.028 0.033 0.029 0.013 0.021 0.031 0.107 0.02 0.045 0.069 0.034 0.019 0.146 0.02 0.079 0.103 0.012 0.082 0.051
183 I 0.045 0.019 0.014 0.016 0.016 0.014 0.018 0.02 0.009 0.241 0.229 0.023 0.039 0.046 0.014 0.024 0.037 0.006 0.02 0.149
184 L 0.06 0.022 0.021 0.021 0.015 0.016 0.022 0.165 0.01 0.125 0.18 0.027 0.03 0.036 0.016 0.034 0.037 0.006 0.018 0.141
185 I 0.049 0.019 0.014 0.017 0.016 0.014 0.018 0.021 0.009 0.248 0.191 0.023 0.037 0.043 0.014 0.025 0.039 0.006 0.02 0.177
186 A 0.311 0.03 0.025 0.029 0.021 0.025 0.039 0.076 0.014 0.042 0.058 0.043 0.017 0.021 0.029 0.083 0.048 0.005 0.017 0.067
187 G 0.115 0.029 0.035 0.032 0.086 0.023 0.035 0.118 0.013 0.053 0.06 0.039 0.017 0.022 0.023 0.111 0.084 0.005 0.016 0.084
188 L 0.042 0.023 0.014 0.015 0.015 0.015 0.019 0.021 0.011 0.105 0.353 0.024 0.045 0.103 0.013 0.024 0.031 0.008 0.031 0.088
189 F 0.033 0.018 0.016 0.016 0.01 0.01 0.018 0.025 0.016 0.062 0.111 0.018 0.025 0.405 0.01 0.025 0.025 0.016 0.086 0.053
190 H 0.041 0.044 0.052 0.037 0.007 0.037 0.052 0.037 0.374 0.022 0.037 0.044 0.015 0.03 0.019 0.041 0.026 0.007 0.056 0.022
191 S 0.091 0.037 0.048 0.043 0.017 0.03 0.045 0.055 0.016 0.039 0.05 0.049 0.017 0.021 0.028 0.177 0.161 0.005 0.017 0.053
192 A 0.194 0.035 0.041 0.039 0.019 0.029 0.046 0.069 0.017 0.034 0.048 0.049 0.016 0.021 0.029 0.174 0.066 0.005 0.017 0.052
193 A 0.206 0.026 0.021 0.024 0.089 0.02 0.031 0.055 0.012 0.076 0.078 0.035 0.021 0.025 0.023 0.062 0.046 0.005 0.017 0.129
194 L 0.048 0.02 0.014 0.017 0.016 0.014 0.019 0.021 0.009 0.222 0.224 0.024 0.039 0.045 0.014 0.025 0.038 0.006 0.02 0.166
195 I 0.049 0.019 0.014 0.017 0.016 0.014 0.018 0.021 0.009 0.248 0.191 0.023 0.037 0.043 0.014 0.025 0.039 0.006 0.02 0.177
196 F 0.035 0.021 0.018 0.017 0.01 0.013 0.021 0.025 0.025 0.056 0.098 0.022 0.023 0.325 0.012 0.026 0.025 0.019 0.158 0.051
197 L 0.051 0.022 0.014 0.016 0.017 0.015 0.02 0.022 0.009 0.151 0.284 0.025 0.041 0.046 0.014 0.026 0.038 0.006 0.021 0.161
198 L 0.089 0.023 0.018 0.02 0.016 0.017 0.025 0.032 0.011 0.096 0.178 0.029 0.03 0.088 0.087 0.037 0.038 0.007 0.028 0.131
199 F 0.074 0.02 0.017 0.018 0.013 0.013 0.021 0.031 0.015 0.092 0.111 0.023 0.025 0.298 0.014 0.033 0.03 0.013 0.067 0.072
200 S 0.11 0.04 0.054 0.049 0.018 0.033 0.052 0.066 0.019 0.03 0.042 0.054 0.016 0.021 0.03 0.22 0.082 0.005 0.018 0.042
201 L 0.045 0.024 0.014 0.015 0.016 0.016 0.02 0.021 0.01 0.115 0.375 0.025 0.05 0.055 0.014 0.024 0.033 0.007 0.022 0.096
202 Y 0.039 0.025 0.019 0.017 0.01 0.019 0.025 0.024 0.036 0.055 0.12 0.028 0.023 0.156 0.014 0.029 0.028 0.023 0.257 0.053
203 F 0.041 0.019 0.016 0.016 0.013 0.012 0.019 0.023 0.013 0.116 0.161 0.021 0.03 0.25 0.012 0.025 0.031 0.012 0.058 0.11
204 L 0.044 0.02 0.015 0.016 0.015 0.013 0.019 0.022 0.011 0.156 0.209 0.022 0.035 0.148 0.013 0.025 0.034 0.009 0.039 0.132
205 D 0.056 0.041 0.048 0.143 0.01 0.03 0.056 0.112 0.068 0.029 0.045 0.076 0.014 0.073 0.021 0.073 0.038 0.007 0.03 0.031
206 K 0.049 0.122 0.086 0.098 0.008 0.045 0.066 0.044 0.022 0.025 0.039 0.201 0.014 0.016 0.024 0.053 0.039 0.005 0.016 0.03
207 I 0.045 0.018 0.014 0.017 0.016 0.013 0.018 0.02 0.009 0.266 0.196 0.023 0.038 0.044 0.014 0.024 0.038 0.006 0.02 0.16
208 K 0.051 0.125 0.082 0.051 0.008 0.05 0.099 0.042 0.023 0.025 0.04 0.206 0.014 0.016 0.024 0.053 0.039 0.005 0.016 0.031
209 I 0.049 0.018 0.015 0.017 0.016 0.013 0.018 0.021 0.008 0.273 0.158 0.023 0.035 0.042 0.015 0.025 0.04 0.006 0.02 0.189
210 N 0.041 0.042 0.298 0.128 0.009 0.032 0.054 0.061 0.029 0.022 0.03 0.051 0.011 0.017 0.02 0.065 0.046 0.004 0.015 0.026
211 P 0.051 0.074 0.025 0.028 0.01 0.024 0.036 0.033 0.019 0.027 0.041 0.05 0.012 0.03 0.368 0.041 0.034 0.006 0.06 0.032
212 F 0.039 0.022 0.021 0.02 0.011 0.014 0.023 0.027 0.02 0.057 0.098 0.024 0.023 0.311 0.013 0.035 0.06 0.016 0.112 0.054
213 V 0.056 0.023 0.017 0.018 0.016 0.018 0.023 0.025 0.016 0.12 0.125 0.026 0.05 0.102 0.015 0.031 0.04 0.01 0.075 0.193
214 V 0.058 0.023 0.02 0.02 0.016 0.019 0.023 0.095 0.011 0.16 0.141 0.028 0.073 0.038 0.016 0.033 0.04 0.006 0.02 0.161
215 F 0.13 0.028 0.027 0.027 0.016 0.021 0.032 0.047 0.015 0.057 0.119 0.035 0.024 0.135 0.021 0.082 0.075 0.009 0.037 0.063
216 L 0.086 0.025 0.017 0.018 0.017 0.019 0.024 0.03 0.011 0.107 0.279 0.029 0.061 0.045 0.017 0.035 0.038 0.007 0.021 0.117
217 I 0.053 0.022 0.02 0.021 0.016 0.017 0.024 0.026 0.01 0.175 0.158 0.029 0.031 0.036 0.087 0.037 0.071 0.005 0.019 0.142
218 L 0.051 0.028 0.019 0.021 0.015 0.024 0.027 0.027 0.014 0.115 0.165 0.034 0.139 0.041 0.086 0.035 0.038 0.007 0.021 0.093
219 I 0.049 0.021 0.015 0.017 0.016 0.016 0.02 0.022 0.01 0.22 0.195 0.025 0.058 0.044 0.015 0.027 0.039 0.006 0.021 0.166
220 L 0.094 0.022 0.017 0.019 0.017 0.016 0.023 0.032 0.011 0.138 0.163 0.027 0.031 0.098 0.017 0.037 0.04 0.008 0.031 0.16
221 V 0.1 0.023 0.017 0.019 0.018 0.017 0.024 0.032 0.009 0.154 0.166 0.028 0.032 0.037 0.018 0.038 0.044 0.006 0.02 0.199
222 R 0.05 0.129 0.12 0.043 0.01 0.032 0.042 0.043 0.027 0.032 0.053 0.063 0.016 0.089 0.019 0.074 0.042 0.01 0.072 0.036
223 L 0.056 0.072 0.024 0.022 0.013 0.021 0.026 0.167 0.012 0.079 0.201 0.04 0.03 0.035 0.016 0.035 0.034 0.006 0.018 0.093
224 L 0.083 0.026 0.021 0.021 0.015 0.019 0.026 0.033 0.017 0.076 0.211 0.03 0.032 0.105 0.017 0.043 0.067 0.011 0.075 0.074
225 A 0.223 0.034 0.037 0.037 0.019 0.028 0.044 0.071 0.016 0.036 0.05 0.047 0.016 0.021 0.029 0.151 0.062 0.005 0.017 0.056
226 G 0.062 0.031 0.075 0.045 0.012 0.027 0.074 0.11 0.018 0.048 0.058 0.042 0.016 0.075 0.089 0.073 0.043 0.006 0.025 0.071
227 Y 0.052 0.037 0.034 0.03 0.011 0.056 0.045 0.034 0.104 0.069 0.067 0.044 0.02 0.063 0.019 0.065 0.038 0.014 0.141 0.056
228 I 0.05 0.019 0.018 0.019 0.015 0.014 0.019 0.092 0.009 0.227 0.177 0.025 0.034 0.04 0.015 0.028 0.036 0.006 0.019 0.139
229 R 0.051 0.268 0.037 0.031 0.009 0.04 0.046 0.036 0.021 0.029 0.054 0.093 0.016 0.073 0.019 0.069 0.039 0.007 0.027 0.035
230 E 0.089 0.06 0.081 0.059 0.01 0.101 0.141 0.047 0.025 0.026 0.042 0.103 0.015 0.016 0.024 0.06 0.041 0.005 0.017 0.036
231 F 0.044 0.019 0.019 0.019 0.013 0.013 0.019 0.094 0.013 0.129 0.154 0.023 0.029 0.196 0.013 0.028 0.03 0.01 0.047 0.089
232 I 0.047 0.019 0.015 0.017 0.015 0.013 0.018 0.021 0.01 0.215 0.183 0.023 0.035 0.095 0.014 0.025 0.037 0.007 0.03 0.16
233 I 0.055 0.023 0.02 0.021 0.016 0.018 0.024 0.027 0.011 0.201 0.182 0.029 0.056 0.042 0.016 0.057 0.044 0.006 0.02 0.13
234 F 0.051 0.072 0.025 0.023 0.012 0.021 0.03 0.031 0.021 0.063 0.087 0.04 0.022 0.202 0.016 0.06 0.038 0.013 0.093 0.081
235 I 0.087 0.02 0.016 0.019 0.017 0.015 0.021 0.029 0.009 0.238 0.143 0.026 0.032 0.039 0.017 0.034 0.041 0.006 0.02 0.174
236 S 0.098 0.036 0.047 0.043 0.017 0.029 0.046 0.058 0.017 0.066 0.058 0.048 0.018 0.024 0.027 0.211 0.074 0.005 0.017 0.059
237 D 0.055 0.031 0.092 0.203 0.011 0.027 0.059 0.115 0.018 0.035 0.082 0.042 0.016 0.021 0.021 0.077 0.042 0.005 0.014 0.036
238 R 0.048 0.154 0.038 0.034 0.009 0.07 0.059 0.035 0.071 0.037 0.093 0.141 0.02 0.023 0.021 0.044 0.035 0.006 0.024 0.039
239 L 0.051 0.025 0.018 0.018 0.016 0.017 0.023 0.024 0.01 0.11 0.308 0.027 0.042 0.046 0.016 0.034 0.068 0.007 0.021 0.118
240 G 0.066 0.026 0.085 0.094 0.01 0.022 0.037 0.39 0.016 0.019 0.028 0.037 0.009 0.016 0.019 0.052 0.032 0.005 0.011 0.024
241 L 0.08 0.023 0.016 0.017 0.016 0.016 0.022 0.029 0.011 0.121 0.272 0.026 0.039 0.097 0.016 0.032 0.034 0.008 0.03 0.095
242 Y 0.039 0.027 0.021 0.018 0.009 0.021 0.027 0.024 0.045 0.042 0.067 0.03 0.018 0.127 0.015 0.03 0.027 0.027 0.338 0.045
243 S 0.107 0.039 0.053 0.047 0.017 0.032 0.051 0.064 0.019 0.029 0.041 0.053 0.015 0.02 0.029 0.243 0.08 0.005 0.017 0.041
244 E 0.048 0.044 0.128 0.132 0.008 0.049 0.208 0.044 0.026 0.022 0.033 0.063 0.012 0.016 0.023 0.057 0.039 0.005 0.015 0.028
245 Y 0.039 0.027 0.021 0.018 0.009 0.021 0.027 0.024 0.045 0.042 0.067 0.03 0.018 0.127 0.015 0.03 0.027 0.027 0.338 0.045
246 F 0.038 0.019 0.016 0.017 0.011 0.011 0.019 0.025 0.015 0.076 0.113 0.019 0.026 0.352 0.011 0.026 0.028 0.015 0.077 0.087
247 G 0.075 0.024 0.039 0.033 0.011 0.02 0.027 0.455 0.013 0.023 0.033 0.034 0.011 0.017 0.02 0.056 0.063 0.005 0.011 0.03
248 G 0.08 0.025 0.04 0.035 0.011 0.02 0.029 0.459 0.014 0.02 0.029 0.036 0.01 0.016 0.02 0.077 0.036 0.005 0.011 0.026
249 K 0.094 0.1 0.035 0.035 0.013 0.092 0.06 0.042 0.019 0.051 0.061 0.101 0.02 0.02 0.023 0.058 0.074 0.005 0.018 0.079
250 F 0.034 0.02 0.017 0.017 0.01 0.012 0.02 0.025 0.021 0.059 0.105 0.02 0.024 0.365 0.011 0.025 0.025 0.018 0.122 0.052
251 D 0.04 0.031 0.099 0.311 0.008 0.028 0.074 0.045 0.024 0.025 0.033 0.043 0.011 0.031 0.02 0.05 0.035 0.007 0.058 0.027
252 N 0.057 0.035 0.161 0.05 0.014 0.026 0.038 0.046 0.019 0.07 0.067 0.042 0.019 0.024 0.021 0.064 0.111 0.005 0.017 0.114
253 A 0.29 0.031 0.026 0.03 0.022 0.026 0.04 0.078 0.015 0.043 0.059 0.045 0.018 0.022 0.03 0.085 0.05 0.005 0.018 0.069
254 G 0.072 0.022 0.035 0.03 0.011 0.018 0.024 0.452 0.012 0.057 0.047 0.031 0.013 0.02 0.018 0.046 0.03 0.005 0.012 0.045
255 G 0.098 0.037 0.033 0.039 0.013 0.059 0.083 0.112 0.022 0.042 0.095 0.049 0.02 0.038 0.022 0.077 0.042 0.009 0.063 0.048
256 Y 0.037 0.025 0.02 0.018 0.009 0.018 0.025 0.024 0.037 0.048 0.079 0.027 0.02 0.206 0.014 0.029 0.026 0.024 0.266 0.048
257 S 0.074 0.082 0.091 0.1 0.012 0.032 0.052 0.123 0.02 0.024 0.036 0.058 0.013 0.018 0.024 0.134 0.055 0.005 0.015 0.032
258 K 0.061 0.121 0.039 0.038 0.01 0.044 0.059 0.043 0.019 0.026 0.041 0.201 0.014 0.016 0.095 0.077 0.043 0.005 0.016 0.033
259 L 0.061 0.031 0.024 0.025 0.016 0.049 0.036 0.031 0.013 0.127 0.184 0.038 0.033 0.036 0.018 0.062 0.046 0.006 0.02 0.145
260 L 0.043 0.039 0.028 0.027 0.011 0.081 0.047 0.03 0.069 0.056 0.154 0.044 0.027 0.09 0.016 0.035 0.031 0.079 0.042 0.051
261 V 0.096 0.03 0.022 0.025 0.016 0.049 0.037 0.035 0.013 0.123 0.097 0.039 0.025 0.028 0.089 0.043 0.044 0.005 0.019 0.168
262 L 0.047 0.024 0.02 0.019 0.014 0.017 0.023 0.026 0.017 0.086 0.181 0.027 0.031 0.157 0.015 0.036 0.065 0.012 0.084 0.1
263 L 0.045 0.022 0.016 0.016 0.014 0.015 0.021 0.022 0.015 0.127 0.235 0.024 0.036 0.11 0.014 0.026 0.034 0.011 0.076 0.12
264 V 0.062 0.022 0.019 0.02 0.018 0.017 0.023 0.025 0.009 0.182 0.128 0.027 0.03 0.035 0.017 0.038 0.077 0.006 0.02 0.225
265 L 0.042 0.021 0.014 0.016 0.015 0.014 0.019 0.021 0.01 0.156 0.287 0.023 0.041 0.1 0.013 0.024 0.033 0.008 0.03 0.11
266 L 0.099 0.027 0.022 0.023 0.017 0.021 0.029 0.037 0.012 0.102 0.19 0.033 0.054 0.038 0.019 0.067 0.047 0.006 0.02 0.138
267 V 0.06 0.024 0.017 0.018 0.017 0.019 0.023 0.024 0.01 0.161 0.15 0.028 0.076 0.039 0.016 0.032 0.044 0.006 0.021 0.216
268 L 0.06 0.03 0.024 0.023 0.085 0.026 0.029 0.033 0.015 0.08 0.151 0.035 0.137 0.039 0.018 0.065 0.044 0.007 0.021 0.078
269 L 0.051 0.023 0.015 0.016 0.085 0.017 0.021 0.024 0.01 0.107 0.279 0.025 0.061 0.045 0.015 0.029 0.036 0.006 0.02 0.116
270 F 0.055 0.025 0.026 0.025 0.013 0.017 0.028 0.035 0.016 0.059 0.131 0.029 0.025 0.245 0.016 0.087 0.041 0.012 0.057 0.055
271 L 0.054 0.022 0.015 0.016 0.017 0.015 0.021 0.022 0.009 0.158 0.246 0.025 0.039 0.044 0.015 0.027 0.04 0.006 0.021 0.189
272 C 0.056 0.016 0.016 0.016 0.36 0.012 0.016 0.029 0.009 0.082 0.084 0.02 0.02 0.078 0.015 0.035 0.034 0.006 0.024 0.072
273 L 0.049 0.021 0.015 0.016 0.016 0.015 0.02 0.022 0.01 0.144 0.244 0.024 0.038 0.097 0.014 0.026 0.037 0.008 0.03 0.155
274 S 0.079 0.034 0.087 0.043 0.016 0.027 0.041 0.05 0.017 0.064 0.112 0.044 0.023 0.028 0.023 0.14 0.061 0.005 0.018 0.088
275 R 0.043 0.218 0.03 0.025 0.009 0.035 0.039 0.028 0.027 0.067 0.068 0.079 0.019 0.052 0.017 0.037 0.033 0.012 0.109 0.055
276 L 0.048 0.023 0.016 0.016 0.015 0.016 0.021 0.023 0.015 0.109 0.23 0.025 0.036 0.109 0.014 0.027 0.035 0.011 0.076 0.137
277 L 0.089 0.041 0.024 0.026 0.015 0.053 0.041 0.035 0.014 0.136 0.142 0.075 0.029 0.032 0.02 0.042 0.041 0.006 0.019 0.123
278 L 0.051 0.022 0.014 0.016 0.017 0.015 0.02 0.022 0.009 0.151 0.284 0.025 0.041 0.046 0.014 0.026 0.038 0.006 0.021 0.161
279 G 0.069 0.025 0.034 0.032 0.011 0.02 0.03 0.316 0.013 0.025 0.035 0.036 0.011 0.016 0.16 0.053 0.065 0.005 0.012 0.032
280 K 0.055 0.096 0.04 0.047 0.008 0.053 0.104 0.041 0.021 0.026 0.041 0.267 0.015 0.015 0.027 0.052 0.038 0.005 0.017 0.032
281 E 0.089 0.046 0.039 0.102 0.011 0.04 0.128 0.042 0.023 0.032 0.047 0.087 0.015 0.033 0.024 0.059 0.07 0.008 0.062 0.042
282 Q 0.056 0.074 0.044 0.047 0.009 0.215 0.103 0.041 0.029 0.026 0.047 0.091 0.021 0.015 0.024 0.056 0.041 0.006 0.021 0.035
283 Y 0.04 0.028 0.022 0.019 0.009 0.022 0.028 0.025 0.047 0.044 0.068 0.031 0.019 0.131 0.016 0.031 0.028 0.028 0.318 0.047
284 L 0.049 0.08 0.032 0.095 0.011 0.036 0.119 0.03 0.017 0.067 0.151 0.054 0.025 0.029 0.019 0.04 0.036 0.006 0.018 0.084
285 F 0.033 0.02 0.023 0.073 0.009 0.014 0.029 0.028 0.016 0.051 0.09 0.023 0.021 0.3 0.012 0.028 0.026 0.085 0.073 0.046
286 Y 0.046 0.037 0.023 0.021 0.01 0.025 0.032 0.027 0.036 0.057 0.072 0.068 0.02 0.098 0.017 0.034 0.032 0.021 0.246 0.078
287 K 0.053 0.121 0.079 0.041 0.01 0.043 0.057 0.041 0.02 0.044 0.053 0.199 0.017 0.018 0.023 0.05 0.041 0.005 0.017 0.068
288 N 0.042 0.035 0.2 0.053 0.011 0.026 0.037 0.047 0.023 0.051 0.117 0.041 0.043 0.082 0.017 0.051 0.041 0.007 0.027 0.049
289 N 0.045 0.056 0.252 0.07 0.009 0.065 0.058 0.057 0.029 0.023 0.034 0.093 0.013 0.017 0.021 0.064 0.045 0.005 0.016 0.028
290 L 0.054 0.027 0.031 0.079 0.015 0.022 0.036 0.032 0.014 0.079 0.139 0.034 0.048 0.086 0.019 0.049 0.102 0.007 0.028 0.098
291 E 0.088 0.04 0.032 0.06 0.011 0.046 0.195 0.038 0.025 0.038 0.065 0.057 0.039 0.037 0.023 0.052 0.037 0.009 0.063 0.046
292 L 0.045 0.02 0.014 0.016 0.016 0.014 0.018 0.02 0.009 0.215 0.262 0.024 0.041 0.047 0.014 0.024 0.036 0.006 0.021 0.138
293 N 0.051 0.043 0.296 0.076 0.01 0.033 0.048 0.063 0.029 0.023 0.032 0.052 0.011 0.018 0.021 0.093 0.052 0.004 0.015 0.028
294 I 0.045 0.018 0.014 0.017 0.016 0.013 0.018 0.02 0.009 0.266 0.196 0.023 0.038 0.044 0.014 0.024 0.038 0.006 0.02 0.16
295 H 0.043 0.048 0.091 0.045 0.008 0.065 0.058 0.041 0.275 0.023 0.037 0.052 0.015 0.026 0.019 0.047 0.031 0.007 0.045 0.025
296 Y 0.048 0.028 0.025 0.022 0.01 0.021 0.029 0.03 0.037 0.043 0.069 0.032 0.019 0.151 0.016 0.06 0.034 0.022 0.256 0.046
297 V 0.059 0.02 0.016 0.017 0.086 0.014 0.02 0.025 0.009 0.148 0.12 0.023 0.028 0.087 0.015 0.031 0.042 0.007 0.028 0.206
298 A 0.234 0.028 0.022 0.025 0.019 0.022 0.034 0.06 0.013 0.062 0.154 0.038 0.026 0.03 0.025 0.066 0.044 0.006 0.018 0.074
299 C 0.066 0.02 0.021 0.02 0.361 0.015 0.021 0.035 0.01 0.051 0.107 0.025 0.02 0.025 0.017 0.066 0.041 0.005 0.014 0.059
300 L 0.045 0.024 0.015 0.016 0.016 0.017 0.02 0.022 0.01 0.136 0.332 0.026 0.066 0.051 0.014 0.025 0.034 0.007 0.022 0.104
301 V 0.062 0.02 0.016 0.017 0.018 0.015 0.021 0.023 0.008 0.198 0.137 0.025 0.032 0.037 0.016 0.03 0.045 0.005 0.02 0.256
302 V 0.102 0.022 0.017 0.019 0.088 0.017 0.024 0.032 0.009 0.126 0.108 0.027 0.027 0.031 0.018 0.04 0.046 0.005 0.018 0.225
303 A 0.185 0.032 0.035 0.035 0.019 0.026 0.041 0.063 0.015 0.072 0.065 0.044 0.019 0.024 0.027 0.143 0.06 0.005 0.017 0.071
304 L 0.048 0.026 0.017 0.018 0.016 0.022 0.023 0.024 0.013 0.155 0.212 0.03 0.123 0.047 0.015 0.03 0.038 0.007 0.022 0.114
305 I 0.05 0.02 0.015 0.018 0.016 0.015 0.019 0.022 0.009 0.245 0.162 0.025 0.056 0.042 0.015 0.027 0.04 0.006 0.02 0.177
306 G 0.11 0.033 0.081 0.043 0.014 0.027 0.041 0.124 0.017 0.031 0.042 0.045 0.014 0.019 0.094 0.117 0.084 0.005 0.015 0.042
307 F 0.042 0.033 0.021 0.021 0.011 0.02 0.028 0.026 0.023 0.117 0.103 0.063 0.025 0.166 0.015 0.03 0.031 0.015 0.129 0.082
308 L 0.044 0.023 0.014 0.015 0.016 0.015 0.019 0.021 0.01 0.138 0.361 0.024 0.046 0.052 0.014 0.024 0.033 0.007 0.021 0.105
309 P 0.055 0.025 0.023 0.03 0.01 0.02 0.035 0.035 0.013 0.025 0.035 0.04 0.01 0.013 0.508 0.043 0.035 0.003 0.013 0.03
310 T 0.076 0.035 0.044 0.038 0.017 0.028 0.04 0.045 0.014 0.048 0.06 0.045 0.019 0.023 0.027 0.112 0.241 0.006 0.017 0.065
311 P 0.063 0.027 0.027 0.033 0.011 0.022 0.037 0.039 0.013 0.026 0.036 0.042 0.011 0.014 0.44 0.071 0.041 0.003 0.013 0.032
312 S 0.096 0.036 0.046 0.042 0.017 0.029 0.045 0.055 0.016 0.051 0.056 0.047 0.018 0.023 0.027 0.191 0.102 0.005 0.017 0.08
313 R 0.043 0.364 0.038 0.03 0.008 0.047 0.051 0.032 0.023 0.023 0.045 0.117 0.015 0.017 0.019 0.043 0.034 0.006 0.017 0.03
314 L 0.047 0.025 0.018 0.018 0.016 0.017 0.022 0.024 0.01 0.103 0.346 0.027 0.044 0.049 0.016 0.033 0.066 0.007 0.021 0.09
315 L 0.044 0.022 0.014 0.015 0.016 0.015 0.019 0.02 0.009 0.164 0.328 0.024 0.045 0.05 0.014 0.024 0.034 0.007 0.021 0.116
316 F 0.036 0.022 0.018 0.017 0.01 0.015 0.022 0.024 0.029 0.053 0.092 0.024 0.022 0.286 0.012 0.027 0.026 0.021 0.194 0.05
317 L 0.049 0.024 0.018 0.018 0.015 0.018 0.021 0.094 0.011 0.097 0.312 0.027 0.062 0.047 0.015 0.029 0.033 0.007 0.02 0.083
318 F 0.034 0.019 0.016 0.016 0.011 0.011 0.019 0.024 0.015 0.069 0.151 0.019 0.028 0.355 0.011 0.025 0.026 0.015 0.077 0.059
319 I 0.049 0.021 0.015 0.017 0.016 0.016 0.02 0.022 0.01 0.22 0.195 0.025 0.058 0.044 0.015 0.027 0.039 0.006 0.021 0.166
320 P 0.053 0.025 0.021 0.028 0.011 0.019 0.033 0.033 0.012 0.037 0.086 0.038 0.015 0.018 0.438 0.04 0.035 0.003 0.014 0.039
