#Seq2Logo.py -f /work3/idamei/ssn-clusterings/clustering/2205171701/clusters/0022_147/sequences.afa -o /work3/idamei/ssn-clusterings/clustering/2205171701/clusters/0022_147/sequences.logo
#Position Specific Frequency Matrix
A R N D C Q E G H I L K M F P S T W Y V
0 L 0.052 0.032 0.02 0.02 0.016 0.028 0.028 0.028 0.016 0.1 0.196 0.036 0.163 0.048 0.016 0.036 0.04 0.008 0.024 0.092
1 E 0.051 0.056 0.134 0.073 0.008 0.105 0.15 0.047 0.029 0.024 0.038 0.073 0.015 0.016 0.023 0.06 0.042 0.005 0.018 0.031
2 D 0.128 0.031 0.038 0.15 0.015 0.028 0.053 0.051 0.016 0.055 0.095 0.042 0.063 0.028 0.023 0.058 0.042 0.006 0.018 0.062
3 L 0.044 0.024 0.033 0.144 0.013 0.02 0.043 0.029 0.013 0.137 0.191 0.031 0.032 0.038 0.017 0.034 0.036 0.006 0.018 0.099
4 R 0.045 0.346 0.039 0.031 0.008 0.048 0.052 0.033 0.023 0.023 0.046 0.12 0.015 0.017 0.019 0.045 0.035 0.006 0.017 0.031
5 R 0.051 0.227 0.04 0.036 0.008 0.051 0.061 0.038 0.022 0.025 0.045 0.2 0.015 0.016 0.023 0.049 0.037 0.005 0.017 0.032
6 D 0.049 0.068 0.055 0.22 0.008 0.042 0.081 0.045 0.02 0.025 0.036 0.162 0.012 0.015 0.025 0.053 0.037 0.004 0.014 0.029
7 T 0.073 0.036 0.043 0.038 0.018 0.028 0.039 0.043 0.014 0.053 0.065 0.045 0.02 0.024 0.028 0.093 0.246 0.006 0.018 0.071
8 F 0.034 0.019 0.017 0.017 0.011 0.011 0.019 0.025 0.017 0.063 0.114 0.019 0.025 0.387 0.011 0.025 0.025 0.017 0.089 0.055
9 G 0.078 0.023 0.039 0.034 0.011 0.019 0.026 0.511 0.013 0.019 0.028 0.034 0.009 0.016 0.019 0.051 0.03 0.005 0.011 0.024
10 K 0.057 0.107 0.041 0.041 0.009 0.053 0.071 0.043 0.021 0.028 0.043 0.279 0.015 0.015 0.028 0.053 0.04 0.005 0.017 0.033
11 L 0.048 0.029 0.018 0.018 0.015 0.025 0.025 0.026 0.014 0.097 0.22 0.032 0.183 0.046 0.015 0.032 0.037 0.007 0.022 0.088
12 K 0.054 0.131 0.032 0.029 0.012 0.035 0.044 0.033 0.016 0.084 0.076 0.139 0.027 0.023 0.021 0.048 0.077 0.005 0.017 0.097
13 I 0.047 0.018 0.015 0.018 0.016 0.013 0.018 0.021 0.009 0.269 0.168 0.024 0.037 0.044 0.015 0.025 0.04 0.006 0.021 0.177
14 R 0.057 0.184 0.028 0.024 0.013 0.032 0.038 0.029 0.016 0.094 0.088 0.073 0.023 0.026 0.018 0.039 0.042 0.006 0.019 0.151
15 I 0.049 0.025 0.016 0.018 0.015 0.016 0.022 0.022 0.01 0.203 0.176 0.046 0.033 0.069 0.015 0.027 0.038 0.006 0.024 0.169
16 V 0.058 0.02 0.016 0.018 0.018 0.015 0.02 0.023 0.008 0.219 0.148 0.025 0.034 0.04 0.016 0.029 0.044 0.006 0.02 0.224
17 K 0.055 0.161 0.039 0.037 0.009 0.048 0.061 0.04 0.02 0.025 0.041 0.251 0.015 0.015 0.024 0.065 0.039 0.005 0.016 0.031
18 R 0.051 0.227 0.04 0.036 0.008 0.051 0.061 0.038 0.022 0.025 0.045 0.201 0.015 0.016 0.023 0.049 0.037 0.005 0.017 0.032
19 E 0.056 0.078 0.041 0.066 0.008 0.059 0.185 0.039 0.023 0.025 0.04 0.178 0.014 0.016 0.027 0.054 0.038 0.005 0.017 0.032
20 L 0.046 0.02 0.015 0.017 0.015 0.014 0.019 0.021 0.009 0.202 0.224 0.023 0.036 0.072 0.014 0.027 0.045 0.007 0.025 0.147
21 N 0.047 0.074 0.217 0.079 0.01 0.034 0.049 0.051 0.024 0.035 0.042 0.094 0.014 0.018 0.02 0.06 0.062 0.005 0.015 0.052
22 I 0.047 0.018 0.015 0.018 0.016 0.013 0.018 0.021 0.009 0.271 0.168 0.024 0.037 0.044 0.015 0.025 0.04 0.006 0.021 0.177
23 K 0.054 0.124 0.094 0.06 0.009 0.042 0.057 0.065 0.022 0.025 0.039 0.185 0.014 0.018 0.023 0.069 0.041 0.005 0.024 0.03
24 L 0.051 0.04 0.054 0.035 0.011 0.029 0.059 0.072 0.047 0.069 0.134 0.079 0.027 0.067 0.018 0.055 0.036 0.008 0.051 0.057
25 F 0.049 0.022 0.022 0.021 0.013 0.015 0.024 0.029 0.013 0.1 0.126 0.026 0.026 0.212 0.015 0.053 0.074 0.01 0.049 0.099
26 V 0.07 0.022 0.017 0.018 0.019 0.017 0.023 0.025 0.008 0.165 0.131 0.026 0.032 0.036 0.017 0.033 0.05 0.006 0.021 0.266
27 F 0.04 0.021 0.018 0.019 0.011 0.014 0.022 0.026 0.016 0.079 0.14 0.024 0.025 0.222 0.052 0.037 0.039 0.052 0.078 0.063
28 L 0.053 0.021 0.015 0.017 0.016 0.015 0.02 0.022 0.009 0.188 0.221 0.024 0.036 0.041 0.015 0.032 0.04 0.006 0.02 0.19
29 F 0.069 0.022 0.046 0.025 0.114 0.016 0.024 0.073 0.017 0.044 0.071 0.027 0.018 0.181 0.054 0.044 0.032 0.01 0.067 0.046
30 L 0.044 0.02 0.014 0.015 0.015 0.014 0.018 0.02 0.01 0.171 0.288 0.023 0.04 0.076 0.013 0.024 0.034 0.007 0.025 0.128
31 A 0.186 0.033 0.038 0.037 0.018 0.028 0.043 0.064 0.016 0.046 0.056 0.046 0.024 0.022 0.027 0.175 0.063 0.005 0.017 0.056
32 F 0.036 0.018 0.016 0.016 0.011 0.011 0.018 0.023 0.014 0.106 0.117 0.019 0.026 0.333 0.011 0.024 0.028 0.014 0.069 0.089
33 F 0.041 0.022 0.019 0.019 0.011 0.015 0.022 0.027 0.018 0.061 0.111 0.024 0.051 0.31 0.013 0.044 0.03 0.015 0.09 0.056
34 G 0.053 0.02 0.021 0.021 0.032 0.014 0.02 0.181 0.011 0.119 0.141 0.025 0.025 0.107 0.014 0.032 0.032 0.007 0.029 0.095
35 I 0.046 0.019 0.016 0.018 0.015 0.014 0.019 0.021 0.009 0.269 0.18 0.024 0.035 0.041 0.015 0.028 0.056 0.006 0.019 0.15
36 T 0.064 0.027 0.029 0.027 0.017 0.021 0.029 0.032 0.011 0.123 0.095 0.034 0.025 0.029 0.021 0.06 0.176 0.005 0.018 0.157
37 L 0.044 0.021 0.014 0.015 0.016 0.015 0.019 0.02 0.009 0.159 0.33 0.024 0.043 0.048 0.014 0.024 0.034 0.006 0.021 0.125
38 G 0.092 0.032 0.046 0.041 0.014 0.026 0.04 0.245 0.016 0.024 0.035 0.044 0.013 0.018 0.024 0.181 0.058 0.005 0.014 0.033
39 N 0.054 0.037 0.209 0.061 0.01 0.03 0.063 0.142 0.024 0.022 0.032 0.047 0.011 0.02 0.019 0.084 0.044 0.044 0.018 0.027
40 S 0.104 0.038 0.051 0.046 0.017 0.031 0.049 0.063 0.018 0.028 0.04 0.051 0.015 0.02 0.028 0.264 0.077 0.005 0.017 0.04
41 L 0.066 0.051 0.038 0.038 0.012 0.117 0.062 0.042 0.02 0.045 0.127 0.079 0.024 0.024 0.022 0.111 0.049 0.006 0.019 0.048
42 F 0.055 0.022 0.018 0.017 0.012 0.015 0.022 0.026 0.023 0.07 0.095 0.024 0.023 0.24 0.013 0.03 0.03 0.017 0.153 0.097
43 F 0.043 0.02 0.015 0.016 0.014 0.013 0.019 0.023 0.012 0.137 0.173 0.022 0.045 0.198 0.013 0.026 0.032 0.01 0.046 0.124
44 V 0.078 0.025 0.031 0.024 0.017 0.02 0.027 0.032 0.011 0.143 0.134 0.032 0.041 0.033 0.019 0.049 0.108 0.006 0.019 0.151
45 N 0.093 0.047 0.132 0.05 0.011 0.034 0.068 0.05 0.052 0.034 0.069 0.088 0.016 0.029 0.022 0.072 0.042 0.007 0.045 0.04
46 L 0.072 0.06 0.05 0.029 0.014 0.025 0.033 0.035 0.017 0.105 0.142 0.061 0.039 0.049 0.019 0.059 0.059 0.008 0.046 0.078
47 G 0.076 0.025 0.061 0.039 0.01 0.022 0.05 0.45 0.015 0.019 0.028 0.037 0.009 0.016 0.019 0.051 0.03 0.005 0.011 0.025
48 L 0.047 0.035 0.019 0.02 0.014 0.022 0.028 0.025 0.012 0.136 0.267 0.071 0.05 0.042 0.016 0.037 0.036 0.006 0.02 0.096
49 D 0.095 0.041 0.117 0.138 0.011 0.081 0.065 0.091 0.022 0.025 0.037 0.054 0.013 0.016 0.022 0.075 0.043 0.005 0.015 0.034
50 N 0.059 0.036 0.132 0.112 0.011 0.031 0.072 0.049 0.049 0.056 0.05 0.046 0.015 0.021 0.021 0.105 0.049 0.005 0.018 0.061
51 I 0.07 0.033 0.02 0.022 0.014 0.021 0.029 0.029 0.014 0.146 0.141 0.071 0.028 0.086 0.017 0.04 0.037 0.008 0.052 0.122
52 L 0.044 0.02 0.014 0.016 0.015 0.014 0.019 0.021 0.01 0.165 0.237 0.022 0.036 0.117 0.013 0.025 0.034 0.008 0.032 0.138
53 E 0.053 0.053 0.037 0.063 0.009 0.099 0.213 0.035 0.023 0.047 0.049 0.088 0.016 0.018 0.023 0.053 0.056 0.005 0.017 0.044
54 Y 0.039 0.026 0.02 0.018 0.01 0.021 0.026 0.024 0.037 0.051 0.087 0.029 0.047 0.134 0.014 0.03 0.028 0.023 0.284 0.051
55 L 0.072 0.024 0.019 0.019 0.016 0.017 0.023 0.028 0.01 0.124 0.264 0.028 0.037 0.041 0.017 0.038 0.075 0.006 0.02 0.122
56 G 0.108 0.027 0.04 0.036 0.013 0.022 0.033 0.356 0.014 0.023 0.033 0.038 0.011 0.017 0.022 0.113 0.044 0.005 0.013 0.032
57 Y 0.039 0.025 0.019 0.017 0.01 0.019 0.024 0.023 0.034 0.073 0.111 0.028 0.036 0.129 0.014 0.028 0.028 0.021 0.258 0.061
58 F 0.053 0.023 0.024 0.023 0.013 0.016 0.024 0.108 0.014 0.079 0.159 0.027 0.026 0.183 0.015 0.064 0.036 0.01 0.043 0.063
59 L 0.045 0.02 0.015 0.016 0.015 0.015 0.019 0.021 0.01 0.201 0.219 0.024 0.059 0.073 0.014 0.025 0.036 0.007 0.025 0.139
60 L 0.043 0.021 0.014 0.015 0.015 0.014 0.019 0.02 0.01 0.146 0.328 0.023 0.042 0.077 0.013 0.023 0.033 0.007 0.025 0.111
61 L 0.043 0.022 0.014 0.015 0.015 0.016 0.02 0.021 0.01 0.147 0.322 0.025 0.065 0.058 0.014 0.025 0.033 0.007 0.023 0.105
62 L 0.102 0.026 0.025 0.025 0.015 0.02 0.029 0.078 0.013 0.07 0.173 0.032 0.034 0.093 0.019 0.084 0.043 0.007 0.028 0.082
63 C 0.065 0.032 0.028 0.027 0.167 0.039 0.033 0.113 0.013 0.064 0.094 0.056 0.033 0.024 0.019 0.074 0.041 0.005 0.015 0.058
64 I 0.047 0.018 0.014 0.017 0.016 0.014 0.018 0.02 0.009 0.281 0.157 0.023 0.048 0.041 0.014 0.025 0.038 0.006 0.02 0.174
65 F 0.045 0.021 0.018 0.018 0.013 0.015 0.021 0.025 0.015 0.108 0.185 0.024 0.03 0.194 0.014 0.043 0.034 0.011 0.07 0.095
66 I 0.048 0.028 0.043 0.023 0.014 0.019 0.025 0.026 0.014 0.176 0.171 0.048 0.031 0.053 0.015 0.031 0.038 0.007 0.046 0.145
67 S 0.062 0.065 0.065 0.07 0.088 0.031 0.057 0.043 0.075 0.04 0.047 0.069 0.015 0.021 0.022 0.099 0.064 0.005 0.021 0.042
68 F 0.037 0.051 0.021 0.018 0.011 0.019 0.025 0.024 0.05 0.063 0.169 0.031 0.027 0.192 0.013 0.028 0.027 0.014 0.122 0.056
69 L 0.041 0.056 0.019 0.019 0.012 0.02 0.026 0.024 0.018 0.099 0.181 0.054 0.043 0.141 0.014 0.029 0.031 0.012 0.086 0.075
70 K 0.056 0.121 0.05 0.036 0.01 0.038 0.049 0.115 0.047 0.033 0.045 0.159 0.015 0.018 0.022 0.052 0.064 0.005 0.018 0.047
71 N 0.069 0.036 0.207 0.059 0.011 0.029 0.063 0.051 0.023 0.062 0.058 0.045 0.016 0.054 0.019 0.061 0.044 0.006 0.022 0.067
72 N 0.051 0.079 0.109 0.044 0.052 0.028 0.06 0.081 0.019 0.044 0.065 0.05 0.016 0.053 0.074 0.054 0.052 0.006 0.021 0.043
73 Y 0.041 0.028 0.022 0.019 0.009 0.022 0.028 0.025 0.047 0.044 0.069 0.031 0.019 0.131 0.016 0.031 0.028 0.028 0.316 0.047
74 G 0.079 0.023 0.039 0.034 0.011 0.019 0.026 0.508 0.014 0.019 0.028 0.034 0.009 0.016 0.019 0.051 0.03 0.005 0.011 0.024
75 H 0.041 0.037 0.038 0.029 0.008 0.03 0.041 0.032 0.2 0.033 0.053 0.039 0.017 0.081 0.017 0.037 0.027 0.018 0.187 0.035
76 K 0.081 0.059 0.074 0.039 0.012 0.035 0.048 0.045 0.018 0.047 0.075 0.147 0.018 0.03 0.035 0.073 0.074 0.005 0.018 0.066
77 R 0.047 0.131 0.12 0.053 0.009 0.037 0.05 0.042 0.05 0.047 0.05 0.123 0.015 0.035 0.02 0.058 0.045 0.005 0.022 0.041
78 K 0.059 0.103 0.054 0.03 0.011 0.032 0.041 0.034 0.023 0.087 0.073 0.116 0.02 0.044 0.019 0.041 0.037 0.01 0.087 0.08
79 K 0.057 0.108 0.042 0.042 0.009 0.054 0.071 0.043 0.021 0.028 0.043 0.275 0.016 0.016 0.028 0.054 0.04 0.005 0.017 0.033
80 K 0.057 0.108 0.042 0.042 0.009 0.054 0.071 0.043 0.021 0.028 0.043 0.275 0.016 0.016 0.028 0.054 0.04 0.005 0.017 0.033
81 F 0.034 0.019 0.017 0.017 0.011 0.011 0.019 0.026 0.017 0.064 0.115 0.019 0.026 0.384 0.011 0.026 0.026 0.017 0.089 0.055
82 G 0.079 0.023 0.039 0.034 0.011 0.019 0.026 0.508 0.014 0.019 0.028 0.034 0.009 0.016 0.019 0.052 0.03 0.005 0.011 0.024
83 R 0.049 0.094 0.057 0.063 0.011 0.064 0.049 0.034 0.021 0.064 0.075 0.075 0.034 0.068 0.018 0.05 0.038 0.008 0.05 0.08
84 L 0.097 0.034 0.022 0.023 0.015 0.022 0.03 0.072 0.011 0.126 0.143 0.072 0.027 0.041 0.018 0.04 0.039 0.006 0.02 0.141
85 K 0.051 0.06 0.086 0.04 0.009 0.036 0.048 0.105 0.079 0.031 0.067 0.147 0.016 0.029 0.021 0.053 0.035 0.007 0.048 0.033
86 R 0.043 0.204 0.081 0.035 0.009 0.038 0.045 0.035 0.023 0.037 0.099 0.115 0.019 0.03 0.019 0.043 0.035 0.007 0.043 0.04
87 L 0.047 0.022 0.047 0.024 0.014 0.016 0.022 0.068 0.012 0.172 0.184 0.027 0.031 0.07 0.015 0.034 0.056 0.007 0.024 0.107
88 G 0.077 0.025 0.029 0.028 0.015 0.02 0.029 0.128 0.012 0.116 0.1 0.033 0.023 0.052 0.019 0.096 0.048 0.006 0.021 0.123
89 F 0.034 0.019 0.017 0.017 0.011 0.011 0.019 0.026 0.017 0.064 0.115 0.019 0.026 0.384 0.011 0.026 0.026 0.017 0.089 0.055
90 R 0.045 0.342 0.039 0.031 0.008 0.049 0.053 0.033 0.023 0.023 0.047 0.121 0.016 0.017 0.019 0.045 0.035 0.006 0.017 0.031
91 L 0.042 0.023 0.019 0.018 0.012 0.017 0.022 0.024 0.022 0.115 0.163 0.026 0.028 0.133 0.014 0.031 0.051 0.015 0.142 0.083
92 F 0.06 0.02 0.016 0.017 0.013 0.013 0.02 0.027 0.014 0.077 0.175 0.022 0.029 0.276 0.013 0.029 0.029 0.012 0.059 0.082
93 L 0.045 0.02 0.017 0.018 0.014 0.014 0.02 0.024 0.012 0.138 0.203 0.023 0.033 0.174 0.013 0.039 0.034 0.009 0.042 0.109
94 I 0.05 0.019 0.015 0.016 0.067 0.014 0.018 0.022 0.009 0.218 0.177 0.023 0.047 0.04 0.014 0.027 0.038 0.006 0.019 0.161
95 L 0.05 0.02 0.014 0.016 0.016 0.014 0.019 0.021 0.009 0.201 0.225 0.023 0.037 0.042 0.014 0.026 0.038 0.006 0.02 0.188
96 L 0.076 0.028 0.028 0.031 0.015 0.024 0.055 0.078 0.014 0.105 0.118 0.036 0.039 0.063 0.019 0.092 0.046 0.006 0.023 0.103
97 F 0.044 0.02 0.017 0.018 0.013 0.013 0.02 0.023 0.013 0.151 0.143 0.023 0.029 0.189 0.014 0.03 0.052 0.01 0.057 0.121
98 L 0.039 0.021 0.014 0.015 0.014 0.014 0.019 0.021 0.012 0.094 0.318 0.022 0.04 0.165 0.012 0.023 0.029 0.01 0.04 0.079
99 F 0.033 0.019 0.016 0.016 0.01 0.011 0.019 0.024 0.016 0.062 0.114 0.019 0.038 0.393 0.01 0.025 0.025 0.015 0.079 0.055
100 S 0.097 0.032 0.074 0.039 0.092 0.025 0.038 0.051 0.016 0.062 0.058 0.041 0.017 0.022 0.023 0.145 0.088 0.005 0.016 0.059
101 I 0.044 0.019 0.014 0.016 0.015 0.014 0.018 0.02 0.011 0.238 0.208 0.023 0.036 0.05 0.014 0.024 0.036 0.007 0.046 0.145
102 G 0.074 0.022 0.037 0.032 0.01 0.018 0.024 0.538 0.013 0.018 0.027 0.032 0.009 0.015 0.018 0.048 0.028 0.005 0.01 0.023
103 I 0.043 0.017 0.014 0.016 0.015 0.013 0.017 0.02 0.009 0.277 0.174 0.022 0.035 0.072 0.014 0.024 0.036 0.006 0.025 0.152
104 L 0.044 0.021 0.041 0.02 0.115 0.015 0.02 0.027 0.012 0.121 0.187 0.024 0.029 0.043 0.013 0.029 0.033 0.085 0.033 0.085
105 L 0.047 0.057 0.019 0.02 0.014 0.038 0.03 0.024 0.013 0.095 0.255 0.047 0.049 0.07 0.015 0.03 0.035 0.007 0.025 0.11
106 Q 0.052 0.066 0.039 0.042 0.009 0.24 0.091 0.037 0.026 0.031 0.073 0.081 0.022 0.017 0.021 0.05 0.038 0.006 0.02 0.038
107 N 0.05 0.076 0.181 0.062 0.009 0.043 0.06 0.054 0.026 0.025 0.037 0.168 0.013 0.017 0.024 0.061 0.044 0.005 0.016 0.03
108 N 0.051 0.034 0.165 0.146 0.009 0.03 0.072 0.125 0.021 0.044 0.04 0.045 0.012 0.018 0.02 0.07 0.041 0.004 0.014 0.037
109 L 0.043 0.023 0.014 0.015 0.015 0.016 0.019 0.021 0.01 0.123 0.374 0.025 0.058 0.05 0.014 0.024 0.032 0.007 0.021 0.096
110 P 0.102 0.029 0.038 0.126 0.013 0.026 0.059 0.046 0.015 0.042 0.06 0.042 0.015 0.019 0.139 0.086 0.063 0.004 0.015 0.062
111 I 0.045 0.022 0.03 0.02 0.014 0.016 0.022 0.026 0.012 0.158 0.158 0.026 0.029 0.079 0.014 0.033 0.063 0.086 0.032 0.116
112 S 0.067 0.037 0.06 0.036 0.014 0.027 0.038 0.081 0.025 0.084 0.087 0.061 0.034 0.026 0.022 0.105 0.105 0.005 0.018 0.068
113 T 0.057 0.093 0.032 0.029 0.014 0.029 0.037 0.033 0.014 0.096 0.103 0.083 0.023 0.027 0.021 0.056 0.139 0.006 0.018 0.092
114 K 0.052 0.135 0.038 0.037 0.008 0.049 0.063 0.039 0.02 0.033 0.044 0.285 0.015 0.016 0.025 0.049 0.037 0.005 0.016 0.034
115 I 0.044 0.018 0.014 0.016 0.015 0.013 0.018 0.021 0.01 0.23 0.187 0.022 0.035 0.101 0.013 0.024 0.035 0.007 0.03 0.148
116 Y 0.05 0.092 0.082 0.035 0.01 0.031 0.04 0.037 0.056 0.041 0.054 0.071 0.016 0.052 0.019 0.062 0.057 0.012 0.124 0.058
117 L 0.064 0.023 0.014 0.015 0.016 0.016 0.021 0.024 0.01 0.104 0.384 0.025 0.044 0.049 0.015 0.027 0.033 0.007 0.021 0.089
118 I 0.063 0.025 0.026 0.025 0.015 0.019 0.028 0.033 0.012 0.162 0.154 0.031 0.029 0.065 0.018 0.098 0.049 0.006 0.024 0.118
119 F 0.037 0.019 0.015 0.016 0.013 0.012 0.018 0.022 0.012 0.131 0.201 0.021 0.033 0.234 0.012 0.024 0.029 0.011 0.052 0.089
120 S 0.09 0.036 0.047 0.042 0.017 0.029 0.045 0.054 0.016 0.037 0.048 0.048 0.016 0.021 0.027 0.196 0.159 0.005 0.017 0.05
121 M 0.051 0.03 0.019 0.019 0.015 0.026 0.026 0.026 0.015 0.099 0.181 0.033 0.194 0.045 0.015 0.034 0.039 0.007 0.022 0.104
122 L 0.043 0.021 0.015 0.016 0.034 0.015 0.019 0.022 0.011 0.149 0.251 0.024 0.064 0.104 0.013 0.026 0.033 0.008 0.03 0.102
123 I 0.071 0.019 0.017 0.019 0.015 0.014 0.02 0.064 0.01 0.21 0.15 0.025 0.031 0.067 0.015 0.031 0.037 0.006 0.024 0.155
124 I 0.045 0.018 0.014 0.016 0.015 0.013 0.018 0.02 0.009 0.249 0.191 0.022 0.035 0.072 0.014 0.024 0.036 0.007 0.025 0.157
125 A 0.175 0.03 0.033 0.062 0.017 0.024 0.041 0.056 0.014 0.074 0.067 0.041 0.019 0.023 0.024 0.122 0.055 0.005 0.017 0.099
126 F 0.089 0.027 0.029 0.028 0.015 0.02 0.032 0.054 0.014 0.084 0.107 0.034 0.023 0.119 0.019 0.116 0.05 0.008 0.033 0.099
127 L 0.058 0.024 0.022 0.022 0.016 0.018 0.025 0.029 0.011 0.121 0.219 0.029 0.033 0.068 0.017 0.067 0.061 0.007 0.024 0.129
128 A 0.269 0.03 0.026 0.028 0.019 0.025 0.037 0.065 0.017 0.044 0.065 0.041 0.031 0.03 0.026 0.087 0.047 0.007 0.043 0.063
129 L 0.056 0.024 0.022 0.022 0.054 0.018 0.024 0.028 0.01 0.124 0.193 0.029 0.031 0.036 0.018 0.045 0.114 0.006 0.019 0.126
130 L 0.043 0.023 0.014 0.015 0.015 0.016 0.02 0.021 0.01 0.136 0.326 0.025 0.069 0.063 0.014 0.025 0.033 0.007 0.023 0.1
131 P 0.101 0.032 0.038 0.037 0.014 0.026 0.042 0.052 0.016 0.031 0.045 0.044 0.014 0.049 0.166 0.164 0.064 0.005 0.02 0.04
132 E 0.049 0.037 0.037 0.14 0.048 0.038 0.16 0.033 0.017 0.086 0.063 0.068 0.017 0.021 0.021 0.044 0.035 0.005 0.015 0.065
133 G 0.065 0.043 0.116 0.077 0.011 0.03 0.046 0.203 0.019 0.024 0.034 0.085 0.012 0.017 0.022 0.093 0.056 0.005 0.014 0.03
134 L 0.041 0.022 0.016 0.016 0.013 0.016 0.02 0.022 0.019 0.147 0.189 0.025 0.045 0.122 0.013 0.026 0.032 0.012 0.108 0.097
135 I 0.042 0.019 0.015 0.016 0.014 0.014 0.018 0.021 0.01 0.225 0.192 0.023 0.048 0.102 0.013 0.024 0.035 0.007 0.03 0.131
136 N 0.055 0.07 0.113 0.085 0.012 0.031 0.048 0.045 0.019 0.072 0.058 0.09 0.017 0.021 0.022 0.082 0.083 0.005 0.016 0.056
137 S 0.069 0.041 0.081 0.119 0.012 0.032 0.055 0.051 0.05 0.028 0.039 0.067 0.014 0.027 0.024 0.142 0.066 0.006 0.044 0.035
138 L 0.044 0.022 0.018 0.018 0.013 0.015 0.022 0.024 0.014 0.101 0.188 0.025 0.03 0.163 0.053 0.031 0.051 0.01 0.065 0.093
139 D 0.068 0.054 0.056 0.138 0.011 0.039 0.096 0.049 0.019 0.025 0.036 0.123 0.013 0.017 0.025 0.128 0.051 0.005 0.015 0.032
140 D 0.045 0.038 0.075 0.238 0.009 0.067 0.108 0.041 0.02 0.031 0.063 0.052 0.015 0.018 0.021 0.052 0.055 0.004 0.014 0.034
141 L 0.042 0.02 0.015 0.016 0.014 0.014 0.019 0.021 0.013 0.143 0.235 0.023 0.035 0.137 0.013 0.024 0.032 0.01 0.061 0.113
142 R 0.047 0.243 0.035 0.031 0.009 0.044 0.052 0.033 0.02 0.035 0.074 0.174 0.018 0.019 0.02 0.043 0.035 0.005 0.017 0.045
143 R 0.057 0.119 0.059 0.035 0.011 0.048 0.044 0.077 0.018 0.073 0.064 0.08 0.018 0.052 0.02 0.079 0.061 0.006 0.022 0.056
144 I 0.095 0.021 0.018 0.021 0.016 0.016 0.023 0.032 0.01 0.217 0.149 0.028 0.031 0.037 0.017 0.052 0.043 0.005 0.019 0.15
145 S 0.124 0.035 0.043 0.043 0.016 0.03 0.066 0.095 0.017 0.038 0.047 0.048 0.016 0.02 0.026 0.19 0.064 0.005 0.016 0.062
146 Y 0.041 0.032 0.047 0.024 0.01 0.022 0.03 0.027 0.036 0.08 0.075 0.052 0.019 0.094 0.016 0.033 0.031 0.02 0.252 0.06
147 G 0.143 0.027 0.03 0.028 0.052 0.022 0.031 0.2 0.046 0.034 0.049 0.035 0.014 0.042 0.021 0.057 0.054 0.008 0.063 0.045
148 I 0.069 0.02 0.015 0.017 0.016 0.014 0.02 0.024 0.009 0.226 0.197 0.024 0.035 0.041 0.015 0.029 0.038 0.006 0.02 0.165
149 L 0.038 0.021 0.014 0.015 0.013 0.013 0.018 0.021 0.012 0.106 0.279 0.022 0.037 0.188 0.012 0.023 0.029 0.01 0.044 0.082
150 Y 0.05 0.026 0.034 0.025 0.049 0.02 0.029 0.072 0.042 0.039 0.061 0.031 0.017 0.112 0.016 0.058 0.071 0.091 0.114 0.044
151 G 0.17 0.026 0.034 0.032 0.015 0.022 0.033 0.309 0.014 0.027 0.039 0.038 0.012 0.018 0.023 0.088 0.041 0.005 0.013 0.04
152 L 0.053 0.02 0.016 0.017 0.093 0.015 0.02 0.024 0.009 0.167 0.186 0.024 0.032 0.037 0.015 0.032 0.057 0.005 0.018 0.157
153 L 0.045 0.022 0.015 0.016 0.015 0.015 0.02 0.022 0.011 0.128 0.248 0.024 0.057 0.124 0.013 0.026 0.034 0.008 0.034 0.125
154 L 0.067 0.021 0.017 0.018 0.015 0.015 0.021 0.026 0.01 0.197 0.207 0.025 0.034 0.07 0.015 0.033 0.055 0.007 0.024 0.122
155 S 0.147 0.033 0.041 0.038 0.056 0.027 0.042 0.059 0.016 0.035 0.048 0.045 0.016 0.02 0.027 0.177 0.1 0.005 0.016 0.051
156 T 0.085 0.029 0.031 0.029 0.016 0.022 0.031 0.077 0.013 0.068 0.105 0.036 0.036 0.058 0.021 0.076 0.143 0.006 0.023 0.096
157 I 0.048 0.02 0.017 0.018 0.014 0.014 0.019 0.061 0.011 0.183 0.166 0.024 0.045 0.103 0.014 0.027 0.035 0.007 0.03 0.144
158 L 0.042 0.022 0.014 0.015 0.015 0.014 0.019 0.02 0.01 0.136 0.349 0.023 0.043 0.079 0.013 0.023 0.032 0.007 0.026 0.099
159 A 0.217 0.028 0.032 0.032 0.017 0.023 0.036 0.215 0.014 0.032 0.044 0.04 0.014 0.019 0.025 0.099 0.046 0.005 0.015 0.048
160 L 0.043 0.021 0.015 0.016 0.014 0.015 0.019 0.021 0.013 0.182 0.221 0.024 0.049 0.08 0.014 0.025 0.034 0.02 0.052 0.122
161 I 0.048 0.02 0.015 0.017 0.053 0.015 0.019 0.022 0.01 0.189 0.17 0.024 0.059 0.079 0.014 0.027 0.037 0.007 0.026 0.147
162 G 0.06 0.035 0.083 0.038 0.012 0.025 0.036 0.119 0.018 0.041 0.065 0.059 0.031 0.106 0.02 0.084 0.079 0.008 0.038 0.045
163 G 0.063 0.129 0.044 0.033 0.009 0.034 0.036 0.344 0.016 0.02 0.033 0.072 0.011 0.016 0.019 0.047 0.031 0.005 0.013 0.025
164 I 0.092 0.025 0.048 0.06 0.015 0.021 0.053 0.035 0.013 0.173 0.106 0.033 0.025 0.031 0.018 0.041 0.041 0.005 0.018 0.146
165 S 0.085 0.038 0.095 0.049 0.014 0.041 0.048 0.095 0.019 0.028 0.039 0.05 0.014 0.019 0.038 0.187 0.082 0.005 0.016 0.038
166 L 0.044 0.022 0.015 0.016 0.015 0.017 0.02 0.022 0.011 0.164 0.258 0.025 0.079 0.076 0.014 0.026 0.034 0.007 0.026 0.11
167 F 0.053 0.025 0.025 0.023 0.014 0.018 0.026 0.03 0.013 0.09 0.107 0.029 0.024 0.132 0.017 0.049 0.131 0.048 0.038 0.106
168 T 0.07 0.032 0.046 0.098 0.015 0.027 0.046 0.083 0.014 0.04 0.05 0.043 0.016 0.02 0.025 0.106 0.197 0.005 0.015 0.053
169 H 0.042 0.046 0.054 0.038 0.008 0.038 0.054 0.038 0.352 0.023 0.038 0.046 0.015 0.031 0.019 0.042 0.027 0.008 0.058 0.023
170 V 0.07 0.022 0.017 0.018 0.019 0.017 0.023 0.025 0.008 0.165 0.131 0.026 0.032 0.036 0.017 0.033 0.05 0.006 0.021 0.266
171 D 0.041 0.03 0.069 0.395 0.008 0.03 0.092 0.047 0.019 0.022 0.028 0.045 0.009 0.015 0.022 0.052 0.036 0.004 0.011 0.024
172 L 0.057 0.022 0.022 0.022 0.014 0.017 0.024 0.111 0.011 0.13 0.196 0.028 0.03 0.035 0.058 0.05 0.038 0.006 0.018 0.111
173 A 0.292 0.031 0.029 0.031 0.02 0.025 0.04 0.072 0.015 0.039 0.053 0.044 0.016 0.02 0.028 0.111 0.052 0.005 0.017 0.061
174 V 0.071 0.027 0.026 0.029 0.017 0.023 0.054 0.032 0.011 0.114 0.097 0.034 0.025 0.029 0.019 0.076 0.071 0.005 0.018 0.221
175 E 0.055 0.045 0.039 0.077 0.009 0.055 0.286 0.034 0.022 0.026 0.039 0.067 0.013 0.017 0.025 0.058 0.077 0.005 0.016 0.036
176 G 0.074 0.022 0.037 0.032 0.01 0.018 0.024 0.538 0.013 0.018 0.027 0.032 0.009 0.015 0.018 0.048 0.028 0.005 0.01 0.023
177 I 0.089 0.022 0.021 0.022 0.016 0.017 0.024 0.09 0.011 0.158 0.13 0.028 0.027 0.063 0.017 0.053 0.041 0.006 0.023 0.143
178 L 0.046 0.022 0.019 0.019 0.013 0.015 0.021 0.105 0.013 0.081 0.232 0.024 0.035 0.16 0.014 0.029 0.03 0.01 0.042 0.07
179 G 0.065 0.023 0.033 0.034 0.01 0.021 0.051 0.398 0.014 0.049 0.047 0.033 0.013 0.055 0.017 0.044 0.029 0.006 0.018 0.039
180 D 0.104 0.03 0.058 0.308 0.011 0.029 0.078 0.054 0.018 0.027 0.036 0.045 0.011 0.016 0.024 0.06 0.039 0.004 0.013 0.035
181 F 0.069 0.027 0.031 0.029 0.015 0.021 0.031 0.078 0.014 0.082 0.088 0.034 0.035 0.118 0.019 0.115 0.056 0.008 0.033 0.097
182 S 0.085 0.049 0.072 0.076 0.013 0.051 0.057 0.054 0.019 0.028 0.04 0.093 0.015 0.018 0.026 0.166 0.078 0.005 0.016 0.038
183 Y 0.044 0.029 0.022 0.021 0.011 0.039 0.032 0.029 0.026 0.051 0.113 0.033 0.037 0.121 0.014 0.048 0.032 0.1 0.148 0.05
184 G 0.076 0.023 0.038 0.033 0.011 0.019 0.026 0.501 0.013 0.019 0.028 0.033 0.009 0.016 0.019 0.065 0.032 0.005 0.011 0.024
185 F 0.033 0.018 0.016 0.016 0.01 0.01 0.018 0.024 0.015 0.079 0.112 0.018 0.025 0.392 0.01 0.024 0.025 0.015 0.079 0.061
186 N 0.042 0.041 0.309 0.102 0.009 0.031 0.049 0.059 0.028 0.023 0.032 0.05 0.011 0.017 0.02 0.066 0.064 0.004 0.015 0.028
187 G 0.093 0.022 0.034 0.03 0.05 0.018 0.025 0.463 0.012 0.021 0.032 0.032 0.01 0.016 0.018 0.05 0.03 0.005 0.011 0.029
188 G 0.074 0.022 0.037 0.032 0.01 0.018 0.024 0.538 0.013 0.018 0.027 0.032 0.009 0.015 0.018 0.048 0.028 0.005 0.01 0.023
189 L 0.044 0.024 0.015 0.016 0.015 0.017 0.02 0.021 0.011 0.137 0.32 0.026 0.082 0.049 0.014 0.026 0.034 0.007 0.021 0.102
190 L 0.075 0.044 0.033 0.04 0.013 0.1 0.098 0.037 0.019 0.051 0.132 0.056 0.024 0.025 0.022 0.056 0.095 0.006 0.018 0.056
191 H 0.039 0.039 0.043 0.032 0.008 0.032 0.044 0.033 0.309 0.028 0.046 0.039 0.016 0.074 0.017 0.037 0.025 0.011 0.103 0.027
192 K 0.053 0.123 0.039 0.038 0.008 0.05 0.065 0.04 0.02 0.026 0.041 0.303 0.015 0.015 0.025 0.05 0.037 0.005 0.016 0.031
193 N 0.04 0.042 0.356 0.078 0.008 0.032 0.047 0.062 0.03 0.021 0.03 0.051 0.011 0.017 0.019 0.066 0.047 0.004 0.015 0.025
194 Y 0.037 0.024 0.019 0.017 0.009 0.018 0.024 0.024 0.038 0.045 0.075 0.027 0.019 0.192 0.014 0.028 0.026 0.024 0.293 0.046
195 F 0.034 0.02 0.016 0.016 0.011 0.012 0.019 0.023 0.019 0.064 0.148 0.021 0.027 0.319 0.011 0.025 0.026 0.016 0.116 0.057
196 A 0.236 0.029 0.031 0.032 0.017 0.024 0.037 0.179 0.014 0.034 0.047 0.041 0.014 0.019 0.026 0.101 0.047 0.005 0.015 0.051
197 I 0.119 0.023 0.021 0.022 0.054 0.018 0.026 0.037 0.016 0.141 0.098 0.03 0.024 0.045 0.019 0.058 0.042 0.008 0.07 0.128
198 D 0.125 0.031 0.044 0.156 0.015 0.026 0.053 0.051 0.015 0.044 0.051 0.042 0.015 0.02 0.024 0.097 0.103 0.005 0.015 0.067
199 L 0.061 0.024 0.017 0.018 0.016 0.019 0.023 0.026 0.011 0.157 0.212 0.028 0.089 0.042 0.015 0.039 0.039 0.006 0.021 0.134
200 L 0.043 0.022 0.014 0.015 0.015 0.015 0.019 0.021 0.01 0.124 0.346 0.023 0.043 0.078 0.013 0.024 0.033 0.007 0.026 0.11
201 A 0.232 0.03 0.028 0.03 0.019 0.025 0.037 0.062 0.014 0.053 0.07 0.041 0.032 0.023 0.026 0.097 0.075 0.005 0.017 0.082
202 V 0.078 0.027 0.032 0.03 0.016 0.022 0.032 0.117 0.013 0.094 0.101 0.036 0.023 0.027 0.02 0.122 0.054 0.005 0.017 0.134
203 F 0.035 0.021 0.017 0.016 0.01 0.014 0.021 0.024 0.025 0.057 0.116 0.022 0.024 0.29 0.012 0.026 0.025 0.019 0.173 0.052
204 I 0.052 0.024 0.02 0.021 0.015 0.019 0.024 0.027 0.012 0.171 0.156 0.029 0.071 0.041 0.016 0.05 0.059 0.046 0.023 0.125
205 G 0.084 0.023 0.028 0.026 0.013 0.018 0.025 0.266 0.012 0.071 0.158 0.031 0.024 0.029 0.018 0.058 0.035 0.006 0.015 0.059
206 L 0.066 0.024 0.019 0.023 0.014 0.019 0.046 0.027 0.012 0.116 0.242 0.029 0.034 0.1 0.016 0.035 0.053 0.008 0.029 0.088
207 F 0.038 0.023 0.02 0.018 0.01 0.016 0.023 0.025 0.028 0.051 0.085 0.025 0.021 0.26 0.013 0.031 0.045 0.02 0.198 0.05
208 L 0.048 0.022 0.017 0.018 0.015 0.016 0.021 0.024 0.011 0.164 0.219 0.025 0.048 0.101 0.014 0.043 0.037 0.008 0.03 0.118
209 S 0.089 0.038 0.062 0.037 0.051 0.029 0.042 0.048 0.053 0.032 0.047 0.063 0.015 0.044 0.022 0.129 0.051 0.01 0.097 0.04
210 Y 0.093 0.088 0.046 0.076 0.011 0.029 0.044 0.08 0.023 0.036 0.074 0.07 0.017 0.044 0.02 0.063 0.037 0.01 0.094 0.042
211 K 0.057 0.09 0.038 0.038 0.009 0.046 0.062 0.041 0.019 0.033 0.069 0.276 0.017 0.018 0.025 0.065 0.04 0.005 0.017 0.036
212 Y 0.042 0.027 0.021 0.019 0.051 0.019 0.025 0.026 0.033 0.056 0.128 0.038 0.024 0.16 0.015 0.034 0.049 0.016 0.161 0.055
213 G 0.062 0.036 0.038 0.069 0.009 0.033 0.118 0.286 0.019 0.021 0.033 0.066 0.011 0.024 0.02 0.048 0.031 0.007 0.04 0.027
214 K 0.075 0.061 0.034 0.041 0.052 0.04 0.096 0.04 0.02 0.041 0.052 0.156 0.016 0.027 0.024 0.067 0.047 0.007 0.044 0.06
215 K 0.051 0.084 0.034 0.033 0.009 0.04 0.053 0.037 0.02 0.053 0.056 0.213 0.017 0.03 0.023 0.047 0.056 0.05 0.049 0.047
216 K 0.056 0.085 0.041 0.067 0.01 0.037 0.054 0.04 0.074 0.05 0.052 0.137 0.016 0.032 0.022 0.078 0.041 0.008 0.058 0.043
217 K 0.081 0.124 0.05 0.062 0.011 0.06 0.061 0.045 0.02 0.029 0.044 0.158 0.015 0.017 0.024 0.075 0.064 0.005 0.017 0.038
218 T 0.073 0.036 0.044 0.038 0.018 0.028 0.04 0.044 0.014 0.054 0.065 0.046 0.02 0.024 0.028 0.093 0.243 0.006 0.018 0.071
219 L 0.063 0.065 0.033 0.03 0.014 0.026 0.036 0.082 0.015 0.087 0.104 0.067 0.022 0.062 0.02 0.084 0.086 0.006 0.023 0.075
220 D 0.049 0.031 0.104 0.286 0.009 0.028 0.069 0.048 0.019 0.029 0.059 0.044 0.013 0.018 0.021 0.083 0.042 0.004 0.013 0.031
221 K 0.056 0.123 0.051 0.035 0.011 0.037 0.048 0.04 0.018 0.038 0.098 0.149 0.019 0.025 0.021 0.082 0.042 0.045 0.021 0.041
222 F 0.04 0.05 0.031 0.02 0.011 0.018 0.024 0.025 0.022 0.085 0.131 0.032 0.039 0.181 0.014 0.029 0.031 0.014 0.118 0.083
223 L 0.073 0.022 0.017 0.018 0.016 0.016 0.022 0.027 0.01 0.157 0.187 0.026 0.033 0.068 0.016 0.035 0.058 0.006 0.024 0.169
224 L 0.044 0.051 0.017 0.017 0.015 0.02 0.023 0.022 0.012 0.13 0.292 0.033 0.08 0.046 0.014 0.027 0.034 0.007 0.021 0.097
225 F 0.066 0.021 0.018 0.018 0.012 0.014 0.022 0.068 0.013 0.074 0.111 0.024 0.023 0.157 0.013 0.031 0.031 0.128 0.049 0.108
226 L 0.046 0.02 0.014 0.016 0.015 0.014 0.019 0.021 0.009 0.168 0.258 0.023 0.038 0.082 0.014 0.025 0.035 0.007 0.027 0.15
227 E 0.06 0.034 0.034 0.079 0.088 0.036 0.151 0.036 0.019 0.044 0.077 0.047 0.017 0.029 0.021 0.077 0.041 0.007 0.042 0.062
228 L 0.06 0.025 0.023 0.022 0.016 0.018 0.026 0.031 0.012 0.11 0.219 0.03 0.033 0.078 0.017 0.08 0.045 0.007 0.026 0.123
229 I 0.067 0.021 0.017 0.018 0.015 0.015 0.021 0.027 0.011 0.17 0.167 0.025 0.031 0.127 0.015 0.033 0.054 0.008 0.034 0.124
230 L 0.043 0.022 0.014 0.015 0.053 0.015 0.019 0.022 0.011 0.097 0.332 0.024 0.054 0.091 0.013 0.025 0.031 0.008 0.028 0.083
231 L 0.043 0.019 0.014 0.016 0.015 0.014 0.018 0.02 0.009 0.234 0.255 0.023 0.039 0.046 0.014 0.023 0.035 0.006 0.02 0.137
232 L 0.046 0.02 0.014 0.016 0.015 0.014 0.019 0.021 0.01 0.166 0.249 0.023 0.037 0.093 0.014 0.025 0.035 0.007 0.028 0.148
233 L 0.076 0.024 0.02 0.021 0.016 0.018 0.025 0.031 0.011 0.16 0.227 0.029 0.035 0.04 0.017 0.065 0.043 0.006 0.019 0.119
234 S 0.118 0.037 0.048 0.044 0.017 0.03 0.048 0.062 0.017 0.031 0.042 0.05 0.015 0.02 0.028 0.236 0.091 0.005 0.017 0.044
235 N 0.043 0.039 0.283 0.097 0.009 0.03 0.046 0.094 0.026 0.027 0.041 0.047 0.025 0.019 0.019 0.061 0.043 0.005 0.015 0.03
236 S 0.113 0.036 0.047 0.042 0.017 0.03 0.046 0.058 0.017 0.034 0.046 0.048 0.016 0.02 0.028 0.209 0.124 0.005 0.017 0.048
237 R 0.044 0.339 0.037 0.031 0.007 0.046 0.052 0.033 0.022 0.023 0.043 0.145 0.015 0.016 0.019 0.043 0.034 0.005 0.016 0.03
238 G 0.077 0.028 0.04 0.035 0.013 0.022 0.032 0.312 0.014 0.029 0.039 0.038 0.013 0.018 0.022 0.094 0.116 0.005 0.013 0.039
239 A 0.172 0.025 0.026 0.027 0.017 0.021 0.031 0.164 0.012 0.073 0.069 0.035 0.019 0.023 0.022 0.072 0.045 0.005 0.016 0.126
240 Y 0.037 0.022 0.017 0.016 0.011 0.016 0.022 0.023 0.024 0.094 0.137 0.024 0.025 0.135 0.012 0.025 0.028 0.095 0.166 0.069
241 L 0.046 0.02 0.014 0.016 0.015 0.015 0.019 0.021 0.009 0.205 0.255 0.024 0.052 0.045 0.014 0.025 0.036 0.006 0.02 0.142
242 L 0.045 0.021 0.014 0.016 0.015 0.015 0.019 0.021 0.009 0.174 0.294 0.024 0.054 0.047 0.014 0.025 0.035 0.006 0.021 0.131
243 F 0.041 0.022 0.019 0.018 0.013 0.014 0.021 0.025 0.013 0.077 0.217 0.024 0.032 0.218 0.014 0.033 0.068 0.011 0.049 0.069
244 I 0.07 0.019 0.016 0.017 0.053 0.014 0.02 0.026 0.01 0.153 0.152 0.023 0.03 0.125 0.015 0.031 0.036 0.008 0.034 0.148
245 L 0.095 0.023 0.018 0.019 0.017 0.017 0.024 0.031 0.01 0.132 0.189 0.028 0.032 0.067 0.017 0.039 0.058 0.006 0.024 0.155
246 F 0.032 0.018 0.016 0.016 0.01 0.01 0.018 0.024 0.016 0.06 0.108 0.018 0.024 0.422 0.01 0.024 0.024 0.016 0.084 0.052
247 L 0.043 0.022 0.014 0.015 0.014 0.015 0.02 0.021 0.012 0.125 0.305 0.024 0.039 0.055 0.013 0.024 0.032 0.048 0.05 0.108
248 L 0.051 0.021 0.017 0.018 0.053 0.015 0.02 0.063 0.011 0.137 0.167 0.024 0.05 0.096 0.014 0.03 0.036 0.007 0.029 0.142
249 I 0.1 0.023 0.021 0.022 0.017 0.018 0.026 0.034 0.01 0.173 0.136 0.03 0.029 0.034 0.018 0.058 0.063 0.005 0.019 0.164
250 V 0.084 0.029 0.052 0.035 0.015 0.024 0.055 0.039 0.015 0.117 0.096 0.037 0.037 0.059 0.02 0.091 0.049 0.006 0.023 0.118
251 N 0.05 0.04 0.228 0.065 0.01 0.033 0.067 0.054 0.062 0.025 0.038 0.049 0.013 0.05 0.02 0.089 0.047 0.006 0.024 0.03
252 L 0.056 0.042 0.018 0.018 0.051 0.018 0.024 0.027 0.019 0.09 0.158 0.03 0.027 0.088 0.015 0.035 0.033 0.051 0.105 0.095
253 D 0.048 0.037 0.094 0.254 0.009 0.03 0.067 0.057 0.021 0.026 0.035 0.064 0.011 0.024 0.022 0.069 0.058 0.006 0.039 0.03
254 R 0.045 0.345 0.039 0.031 0.008 0.048 0.052 0.033 0.023 0.023 0.047 0.12 0.016 0.017 0.019 0.045 0.035 0.006 0.017 0.031
255 K 0.068 0.057 0.027 0.028 0.011 0.031 0.042 0.035 0.016 0.085 0.104 0.16 0.022 0.116 0.02 0.04 0.035 0.008 0.033 0.064
256 L 0.046 0.019 0.014 0.016 0.015 0.014 0.018 0.021 0.009 0.206 0.227 0.023 0.037 0.073 0.014 0.025 0.036 0.007 0.025 0.157
257 K 0.048 0.116 0.079 0.069 0.009 0.039 0.054 0.039 0.019 0.038 0.096 0.175 0.019 0.021 0.022 0.048 0.046 0.005 0.016 0.04
258 K 0.057 0.108 0.042 0.042 0.009 0.054 0.071 0.043 0.021 0.028 0.043 0.275 0.016 0.016 0.028 0.054 0.04 0.005 0.017 0.033
259 K 0.05 0.095 0.078 0.038 0.01 0.039 0.051 0.038 0.02 0.049 0.09 0.182 0.034 0.025 0.021 0.046 0.039 0.006 0.025 0.063
260 I 0.043 0.017 0.014 0.016 0.015 0.013 0.017 0.02 0.009 0.277 0.174 0.022 0.035 0.072 0.014 0.024 0.036 0.006 0.025 0.152
261 K 0.052 0.089 0.073 0.045 0.008 0.044 0.08 0.041 0.02 0.025 0.038 0.218 0.013 0.015 0.101 0.051 0.038 0.004 0.015 0.03
262 K 0.073 0.116 0.037 0.038 0.009 0.059 0.077 0.078 0.048 0.03 0.052 0.164 0.029 0.019 0.022 0.05 0.036 0.005 0.019 0.036
263 T 0.073 0.035 0.043 0.037 0.018 0.027 0.039 0.043 0.014 0.053 0.065 0.045 0.02 0.024 0.027 0.092 0.25 0.006 0.018 0.071
264 K 0.057 0.107 0.041 0.041 0.009 0.053 0.07 0.043 0.021 0.027 0.043 0.282 0.015 0.015 0.027 0.053 0.04 0.005 0.017 0.033
265 L 0.169 0.028 0.02 0.022 0.019 0.021 0.03 0.05 0.012 0.079 0.219 0.035 0.033 0.038 0.022 0.054 0.041 0.006 0.02 0.082
266 K 0.05 0.118 0.093 0.049 0.009 0.061 0.095 0.04 0.022 0.034 0.045 0.167 0.015 0.017 0.022 0.051 0.039 0.005 0.016 0.051
267 Q 0.049 0.063 0.042 0.07 0.009 0.156 0.078 0.038 0.08 0.031 0.069 0.107 0.019 0.019 0.021 0.048 0.036 0.006 0.024 0.035
268 R 0.042 0.326 0.035 0.029 0.007 0.044 0.049 0.032 0.021 0.023 0.044 0.123 0.015 0.02 0.018 0.041 0.032 0.048 0.02 0.029
269 L 0.054 0.032 0.052 0.029 0.013 0.022 0.031 0.072 0.014 0.085 0.151 0.054 0.039 0.081 0.029 0.06 0.076 0.007 0.026 0.069
270 V 0.077 0.028 0.02 0.021 0.016 0.019 0.027 0.029 0.01 0.141 0.151 0.051 0.029 0.033 0.056 0.039 0.06 0.005 0.018 0.168
271 L 0.045 0.021 0.017 0.017 0.014 0.015 0.021 0.024 0.012 0.124 0.202 0.024 0.039 0.159 0.014 0.03 0.052 0.009 0.04 0.122
272 L 0.048 0.028 0.018 0.019 0.014 0.019 0.024 0.025 0.011 0.167 0.171 0.048 0.052 0.05 0.015 0.031 0.05 0.046 0.025 0.138
273 F 0.071 0.022 0.021 0.02 0.013 0.015 0.023 0.069 0.016 0.088 0.107 0.026 0.024 0.207 0.015 0.038 0.056 0.012 0.072 0.085
274 I 0.052 0.023 0.023 0.022 0.015 0.017 0.025 0.028 0.011 0.14 0.13 0.029 0.027 0.108 0.03 0.045 0.113 0.008 0.031 0.123
275 I 0.077 0.024 0.025 0.025 0.016 0.019 0.028 0.034 0.011 0.171 0.132 0.032 0.028 0.034 0.019 0.087 0.063 0.017 0.02 0.139
276 V 0.083 0.023 0.019 0.02 0.099 0.017 0.024 0.032 0.01 0.133 0.143 0.028 0.042 0.034 0.017 0.054 0.044 0.005 0.018 0.156
277 L 0.067 0.02 0.017 0.018 0.016 0.015 0.021 0.064 0.009 0.174 0.189 0.025 0.033 0.048 0.015 0.031 0.038 0.006 0.021 0.174
278 V 0.059 0.023 0.024 0.023 0.015 0.017 0.026 0.031 0.012 0.142 0.119 0.029 0.027 0.107 0.017 0.071 0.075 0.007 0.031 0.142
279 L 0.105 0.025 0.025 0.025 0.093 0.019 0.028 0.04 0.012 0.094 0.123 0.032 0.024 0.059 0.02 0.083 0.064 0.006 0.022 0.101
280 L 0.095 0.023 0.018 0.02 0.055 0.018 0.024 0.032 0.01 0.149 0.164 0.029 0.05 0.036 0.017 0.041 0.059 0.006 0.019 0.136
281 L 0.05 0.02 0.016 0.018 0.015 0.015 0.02 0.023 0.01 0.193 0.21 0.024 0.035 0.071 0.014 0.037 0.039 0.007 0.025 0.159
282 V 0.099 0.024 0.025 0.024 0.015 0.018 0.027 0.114 0.012 0.087 0.112 0.03 0.024 0.089 0.018 0.07 0.043 0.007 0.027 0.133
283 L 0.106 0.024 0.023 0.023 0.016 0.019 0.027 0.075 0.012 0.116 0.149 0.031 0.034 0.063 0.019 0.06 0.06 0.006 0.023 0.113
284 L 0.093 0.031 0.046 0.026 0.015 0.022 0.03 0.036 0.016 0.125 0.125 0.053 0.039 0.054 0.018 0.043 0.053 0.008 0.047 0.121
285 L 0.04 0.023 0.042 0.022 0.012 0.016 0.023 0.026 0.018 0.101 0.152 0.026 0.026 0.141 0.052 0.029 0.031 0.051 0.089 0.08
286 F 0.059 0.02 0.016 0.017 0.013 0.013 0.02 0.026 0.013 0.116 0.163 0.022 0.036 0.246 0.013 0.028 0.03 0.011 0.054 0.082
287 Y 0.037 0.024 0.019 0.017 0.01 0.017 0.023 0.023 0.033 0.052 0.105 0.025 0.022 0.21 0.013 0.027 0.026 0.022 0.247 0.05
288 R 0.061 0.098 0.035 0.036 0.012 0.051 0.068 0.076 0.017 0.065 0.085 0.098 0.02 0.023 0.021 0.079 0.062 0.005 0.017 0.071
289 K 0.066 0.045 0.077 0.034 0.011 0.028 0.039 0.038 0.049 0.082 0.081 0.099 0.034 0.094 0.018 0.043 0.036 0.009 0.057 0.061
290 I 0.047 0.022 0.017 0.017 0.014 0.017 0.022 0.022 0.02 0.161 0.151 0.026 0.043 0.067 0.015 0.028 0.035 0.012 0.124 0.143
291 I 0.118 0.051 0.023 0.024 0.017 0.021 0.029 0.037 0.011 0.157 0.103 0.038 0.025 0.03 0.02 0.05 0.085 0.005 0.018 0.137
292 L 0.056 0.032 0.086 0.039 0.014 0.026 0.056 0.038 0.016 0.065 0.194 0.04 0.041 0.033 0.019 0.079 0.075 0.006 0.018 0.063
293 N 0.049 0.047 0.188 0.086 0.01 0.033 0.05 0.088 0.051 0.026 0.036 0.088 0.012 0.018 0.021 0.062 0.078 0.005 0.018 0.032
294 S 0.096 0.035 0.045 0.042 0.017 0.029 0.045 0.056 0.017 0.06 0.055 0.047 0.017 0.022 0.026 0.228 0.072 0.005 0.017 0.07
295 D 0.082 0.034 0.046 0.153 0.01 0.036 0.141 0.147 0.018 0.023 0.033 0.05 0.011 0.016 0.023 0.085 0.041 0.005 0.013 0.031
296 S 0.09 0.036 0.047 0.042 0.017 0.029 0.045 0.054 0.016 0.037 0.048 0.048 0.016 0.021 0.027 0.196 0.159 0.005 0.017 0.05
297 Y 0.038 0.026 0.02 0.018 0.009 0.02 0.026 0.024 0.042 0.043 0.068 0.029 0.018 0.146 0.014 0.029 0.026 0.026 0.335 0.045
298 A 0.1 0.034 0.033 0.06 0.014 0.045 0.043 0.081 0.045 0.055 0.097 0.043 0.089 0.029 0.02 0.072 0.053 0.006 0.021 0.059
299 Y 0.041 0.027 0.027 0.052 0.01 0.022 0.032 0.027 0.084 0.09 0.087 0.031 0.035 0.1 0.015 0.032 0.03 0.015 0.168 0.075
300 R 0.042 0.382 0.037 0.029 0.007 0.046 0.049 0.031 0.022 0.022 0.044 0.113 0.015 0.016 0.018 0.042 0.033 0.005 0.016 0.029
301 V 0.054 0.023 0.019 0.019 0.015 0.017 0.023 0.026 0.016 0.149 0.142 0.027 0.042 0.08 0.015 0.046 0.04 0.01 0.076 0.161
302 R 0.046 0.161 0.11 0.044 0.009 0.09 0.06 0.041 0.024 0.03 0.068 0.117 0.017 0.018 0.02 0.05 0.038 0.005 0.017 0.034
303 G 0.074 0.022 0.037 0.032 0.01 0.018 0.024 0.538 0.013 0.018 0.027 0.032 0.009 0.015 0.018 0.048 0.028 0.005 0.01 0.023
304 L 0.044 0.022 0.014 0.015 0.015 0.015 0.019 0.02 0.009 0.147 0.351 0.024 0.044 0.049 0.014 0.023 0.033 0.006 0.021 0.116
305 L 0.049 0.025 0.019 0.023 0.015 0.021 0.046 0.024 0.014 0.15 0.193 0.031 0.059 0.046 0.016 0.033 0.056 0.008 0.046 0.126
306 N 0.042 0.042 0.331 0.075 0.009 0.031 0.046 0.06 0.028 0.023 0.032 0.05 0.011 0.017 0.02 0.067 0.065 0.004 0.015 0.029
307 Y 0.037 0.024 0.019 0.017 0.009 0.018 0.024 0.024 0.038 0.045 0.075 0.027 0.019 0.192 0.014 0.028 0.026 0.024 0.293 0.046
308 L 0.04 0.02 0.014 0.015 0.014 0.013 0.018 0.021 0.011 0.16 0.263 0.022 0.038 0.134 0.013 0.023 0.032 0.008 0.035 0.105
309 N 0.046 0.048 0.166 0.118 0.008 0.069 0.083 0.086 0.053 0.022 0.033 0.075 0.012 0.017 0.021 0.056 0.039 0.005 0.018 0.027
310 Y 0.043 0.06 0.022 0.02 0.011 0.026 0.031 0.026 0.029 0.06 0.125 0.059 0.078 0.077 0.016 0.033 0.032 0.016 0.176 0.059
311 Y 0.042 0.025 0.022 0.019 0.01 0.019 0.026 0.027 0.036 0.044 0.073 0.028 0.019 0.184 0.015 0.046 0.03 0.022 0.267 0.046
312 S 0.071 0.071 0.068 0.054 0.011 0.046 0.116 0.086 0.04 0.024 0.037 0.08 0.013 0.018 0.024 0.133 0.051 0.005 0.018 0.032
313 S 0.064 0.066 0.116 0.083 0.011 0.035 0.082 0.088 0.023 0.025 0.037 0.065 0.013 0.025 0.022 0.117 0.049 0.006 0.041 0.032
314 D 0.04 0.031 0.097 0.352 0.007 0.029 0.078 0.046 0.048 0.021 0.028 0.044 0.01 0.016 0.021 0.055 0.035 0.004 0.015 0.023
315 L 0.049 0.06 0.051 0.029 0.011 0.028 0.037 0.034 0.019 0.066 0.103 0.087 0.048 0.04 0.056 0.054 0.037 0.086 0.051 0.055
316 F 0.035 0.026 0.018 0.018 0.01 0.015 0.023 0.025 0.02 0.057 0.097 0.043 0.022 0.34 0.012 0.027 0.026 0.017 0.12 0.05
317 H 0.04 0.063 0.04 0.03 0.008 0.031 0.042 0.031 0.253 0.048 0.053 0.044 0.017 0.051 0.017 0.036 0.027 0.011 0.118 0.039
318 L 0.046 0.026 0.016 0.017 0.015 0.021 0.023 0.023 0.012 0.117 0.27 0.029 0.133 0.048 0.014 0.029 0.035 0.007 0.022 0.095
319 L 0.044 0.021 0.015 0.016 0.014 0.015 0.02 0.023 0.011 0.151 0.187 0.023 0.045 0.094 0.013 0.025 0.033 0.087 0.035 0.13
320 F 0.034 0.02 0.016 0.016 0.01 0.012 0.019 0.024 0.02 0.061 0.124 0.02 0.025 0.347 0.011 0.025 0.025 0.017 0.121 0.054
