#Seq2Logo.py -f /work3/idamei/ssn-clusterings/clustering/2205111239/clusters/0018_115/sequences.afa -o /work3/idamei/ssn-clusterings/clustering/2205111239/clusters/0018_115/sequences.logo
#Position Specific Frequency Matrix
A R N D C Q E G H I L K M F P S T W Y V
0 M 0.049 0.03 0.019 0.019 0.015 0.026 0.026 0.026 0.015 0.094 0.184 0.034 0.216 0.045 0.015 0.034 0.038 0.007 0.023 0.086
1 L 0.042 0.065 0.09 0.033 0.01 0.026 0.036 0.034 0.018 0.07 0.116 0.094 0.022 0.108 0.016 0.039 0.035 0.042 0.033 0.069
2 F 0.046 0.064 0.053 0.028 0.011 0.023 0.032 0.032 0.019 0.077 0.138 0.062 0.025 0.144 0.016 0.054 0.036 0.01 0.066 0.062
3 L 0.056 0.093 0.088 0.037 0.012 0.027 0.036 0.084 0.018 0.07 0.135 0.051 0.023 0.046 0.018 0.079 0.043 0.006 0.02 0.058
4 F 0.034 0.019 0.017 0.017 0.011 0.011 0.019 0.025 0.017 0.063 0.114 0.019 0.025 0.387 0.011 0.025 0.025 0.017 0.089 0.055
5 D 0.062 0.039 0.048 0.154 0.011 0.062 0.102 0.045 0.02 0.03 0.047 0.053 0.015 0.072 0.023 0.103 0.047 0.006 0.025 0.035
6 E 0.05 0.05 0.035 0.051 0.008 0.103 0.144 0.033 0.034 0.03 0.05 0.065 0.017 0.053 0.021 0.047 0.035 0.013 0.12 0.037
7 L 0.052 0.03 0.118 0.038 0.015 0.022 0.031 0.037 0.016 0.1 0.181 0.035 0.03 0.036 0.017 0.042 0.044 0.006 0.019 0.133
8 L 0.045 0.024 0.014 0.015 0.016 0.016 0.02 0.021 0.01 0.115 0.375 0.025 0.05 0.055 0.014 0.024 0.033 0.007 0.022 0.096
9 D 0.041 0.03 0.069 0.397 0.008 0.03 0.091 0.047 0.019 0.022 0.028 0.045 0.009 0.015 0.022 0.052 0.035 0.004 0.011 0.024
10 V 0.057 0.029 0.024 0.041 0.014 0.031 0.115 0.027 0.014 0.154 0.111 0.041 0.027 0.032 0.019 0.037 0.042 0.006 0.019 0.161
11 G 0.064 0.046 0.04 0.087 0.011 0.029 0.046 0.247 0.015 0.041 0.046 0.11 0.014 0.018 0.021 0.048 0.035 0.005 0.014 0.064
12 K 0.051 0.163 0.039 0.051 0.008 0.053 0.135 0.037 0.022 0.024 0.041 0.183 0.014 0.016 0.024 0.05 0.036 0.005 0.017 0.031
13 I 0.045 0.019 0.015 0.017 0.015 0.013 0.018 0.022 0.011 0.197 0.174 0.022 0.034 0.134 0.013 0.025 0.035 0.008 0.037 0.147
14 G 0.052 0.03 0.076 0.084 0.012 0.024 0.04 0.1 0.061 0.068 0.065 0.038 0.018 0.072 0.019 0.054 0.093 0.007 0.029 0.057
15 Y 0.04 0.028 0.022 0.019 0.009 0.022 0.028 0.025 0.047 0.044 0.068 0.031 0.019 0.131 0.016 0.031 0.028 0.028 0.318 0.047
16 T 0.073 0.036 0.043 0.038 0.018 0.028 0.039 0.043 0.014 0.053 0.065 0.045 0.02 0.024 0.028 0.093 0.246 0.006 0.018 0.071
17 D 0.041 0.03 0.069 0.397 0.008 0.03 0.091 0.047 0.019 0.022 0.028 0.045 0.009 0.015 0.022 0.052 0.035 0.004 0.011 0.024
18 T 0.073 0.036 0.043 0.038 0.018 0.028 0.039 0.043 0.014 0.053 0.065 0.045 0.02 0.024 0.028 0.093 0.246 0.006 0.018 0.071
19 Q 0.056 0.074 0.044 0.047 0.009 0.215 0.103 0.041 0.029 0.026 0.047 0.091 0.021 0.015 0.024 0.056 0.041 0.006 0.021 0.035
20 G 0.058 0.053 0.049 0.159 0.009 0.034 0.062 0.201 0.017 0.023 0.033 0.121 0.011 0.015 0.023 0.052 0.035 0.005 0.013 0.027
21 R 0.057 0.159 0.04 0.052 0.01 0.048 0.142 0.038 0.021 0.026 0.043 0.107 0.015 0.017 0.024 0.075 0.067 0.005 0.016 0.035
22 K 0.062 0.069 0.036 0.044 0.012 0.039 0.102 0.038 0.017 0.052 0.089 0.116 0.02 0.023 0.024 0.074 0.09 0.005 0.017 0.072
23 D 0.087 0.067 0.038 0.102 0.014 0.029 0.048 0.043 0.015 0.06 0.09 0.07 0.02 0.024 0.022 0.087 0.068 0.005 0.017 0.093
24 F 0.034 0.019 0.017 0.017 0.011 0.011 0.019 0.025 0.017 0.063 0.114 0.019 0.025 0.387 0.011 0.025 0.025 0.017 0.089 0.055
25 F 0.108 0.024 0.02 0.021 0.014 0.017 0.026 0.036 0.019 0.087 0.119 0.029 0.025 0.153 0.017 0.049 0.036 0.012 0.097 0.09
26 V 0.055 0.116 0.028 0.027 0.012 0.031 0.04 0.031 0.015 0.101 0.083 0.123 0.022 0.051 0.019 0.053 0.04 0.006 0.022 0.126
27 R 0.053 0.155 0.086 0.036 0.011 0.033 0.041 0.038 0.02 0.052 0.101 0.082 0.02 0.027 0.019 0.072 0.042 0.006 0.029 0.077
28 L 0.051 0.024 0.023 0.022 0.014 0.018 0.025 0.028 0.016 0.121 0.16 0.029 0.028 0.1 0.017 0.054 0.088 0.01 0.073 0.101
29 L 0.046 0.02 0.015 0.016 0.014 0.013 0.019 0.022 0.01 0.149 0.203 0.022 0.033 0.145 0.013 0.025 0.034 0.008 0.037 0.155
30 L 0.095 0.025 0.026 0.025 0.032 0.019 0.028 0.038 0.012 0.111 0.112 0.032 0.024 0.095 0.019 0.078 0.093 0.007 0.028 0.098
31 A 0.222 0.028 0.028 0.028 0.018 0.022 0.034 0.124 0.013 0.053 0.061 0.038 0.017 0.022 0.025 0.076 0.078 0.005 0.016 0.092
32 L 0.087 0.02 0.018 0.02 0.015 0.015 0.021 0.097 0.01 0.171 0.172 0.026 0.03 0.062 0.016 0.035 0.036 0.006 0.022 0.12
33 L 0.074 0.021 0.015 0.016 0.049 0.015 0.021 0.027 0.01 0.11 0.259 0.024 0.035 0.093 0.015 0.031 0.034 0.007 0.028 0.115
34 Y 0.037 0.025 0.02 0.017 0.009 0.019 0.025 0.023 0.04 0.043 0.07 0.028 0.018 0.163 0.014 0.028 0.026 0.025 0.325 0.045
35 I 0.104 0.026 0.023 0.024 0.049 0.035 0.031 0.037 0.012 0.147 0.139 0.034 0.027 0.032 0.019 0.071 0.052 0.005 0.018 0.112
36 F 0.104 0.022 0.02 0.02 0.013 0.017 0.024 0.102 0.016 0.098 0.106 0.028 0.022 0.11 0.016 0.039 0.033 0.045 0.077 0.087
37 L 0.066 0.023 0.018 0.018 0.015 0.017 0.022 0.06 0.01 0.121 0.293 0.027 0.05 0.043 0.016 0.033 0.051 0.006 0.019 0.092
38 F 0.036 0.021 0.018 0.017 0.01 0.014 0.021 0.024 0.026 0.058 0.091 0.023 0.022 0.279 0.012 0.026 0.026 0.019 0.191 0.066
39 H 0.041 0.137 0.041 0.032 0.008 0.051 0.05 0.033 0.197 0.026 0.047 0.08 0.016 0.066 0.018 0.04 0.029 0.008 0.052 0.029
40 Y 0.063 0.028 0.023 0.021 0.01 0.036 0.032 0.031 0.031 0.046 0.065 0.033 0.018 0.107 0.016 0.049 0.032 0.086 0.212 0.061
41 I 0.11 0.022 0.021 0.022 0.015 0.018 0.024 0.136 0.011 0.162 0.112 0.03 0.049 0.032 0.018 0.041 0.038 0.006 0.017 0.116
42 Y 0.037 0.028 0.024 0.02 0.008 0.022 0.029 0.025 0.089 0.037 0.059 0.03 0.017 0.105 0.015 0.03 0.026 0.057 0.301 0.04
43 V 0.057 0.024 0.022 0.021 0.016 0.018 0.025 0.027 0.01 0.134 0.151 0.029 0.035 0.06 0.017 0.043 0.108 0.006 0.023 0.174
44 E 0.075 0.033 0.08 0.1 0.013 0.032 0.103 0.041 0.017 0.067 0.064 0.045 0.024 0.022 0.022 0.07 0.085 0.005 0.016 0.086
45 Y 0.038 0.024 0.02 0.018 0.01 0.018 0.025 0.025 0.034 0.046 0.075 0.027 0.019 0.197 0.014 0.032 0.043 0.022 0.265 0.047
46 L 0.051 0.022 0.016 0.017 0.049 0.015 0.021 0.024 0.009 0.146 0.276 0.025 0.038 0.043 0.015 0.041 0.038 0.006 0.019 0.129
47 N 0.052 0.032 0.095 0.039 0.045 0.026 0.054 0.037 0.071 0.057 0.064 0.038 0.018 0.064 0.018 0.06 0.056 0.009 0.072 0.093
48 P 0.053 0.027 0.024 0.032 0.01 0.023 0.055 0.033 0.038 0.032 0.04 0.04 0.011 0.015 0.425 0.041 0.034 0.003 0.016 0.048
49 V 0.075 0.025 0.047 0.053 0.016 0.02 0.031 0.033 0.012 0.109 0.134 0.032 0.026 0.044 0.018 0.047 0.092 0.006 0.02 0.162
50 F 0.031 0.019 0.016 0.015 0.009 0.012 0.019 0.025 0.017 0.05 0.089 0.019 0.021 0.308 0.009 0.023 0.023 0.152 0.096 0.045
51 G 0.084 0.032 0.039 0.077 0.01 0.034 0.138 0.26 0.017 0.021 0.032 0.048 0.011 0.016 0.022 0.074 0.036 0.005 0.013 0.029
52 Y 0.038 0.026 0.02 0.017 0.009 0.02 0.026 0.023 0.044 0.041 0.064 0.029 0.017 0.122 0.015 0.029 0.026 0.026 0.362 0.044
53 A 0.199 0.025 0.02 0.022 0.05 0.019 0.029 0.05 0.013 0.071 0.105 0.032 0.034 0.107 0.021 0.055 0.039 0.007 0.03 0.071
54 G 0.057 0.053 0.04 0.032 0.009 0.026 0.034 0.305 0.143 0.021 0.033 0.04 0.012 0.027 0.018 0.043 0.027 0.007 0.048 0.024
55 Y 0.037 0.024 0.019 0.017 0.009 0.018 0.024 0.023 0.038 0.044 0.073 0.027 0.019 0.183 0.014 0.028 0.026 0.024 0.307 0.045
56 R 0.067 0.086 0.086 0.062 0.011 0.029 0.042 0.056 0.022 0.048 0.058 0.085 0.017 0.06 0.019 0.049 0.054 0.008 0.066 0.075
57 Y 0.042 0.031 0.065 0.026 0.011 0.021 0.029 0.028 0.028 0.11 0.105 0.05 0.023 0.074 0.016 0.034 0.033 0.015 0.179 0.081
58 I 0.062 0.03 0.113 0.044 0.012 0.026 0.072 0.037 0.043 0.13 0.106 0.039 0.023 0.055 0.017 0.043 0.038 0.006 0.024 0.081
59 D 0.049 0.034 0.084 0.159 0.009 0.034 0.131 0.039 0.019 0.032 0.039 0.049 0.012 0.016 0.123 0.051 0.054 0.004 0.014 0.049
60 R 0.056 0.124 0.031 0.032 0.044 0.029 0.056 0.068 0.018 0.035 0.073 0.057 0.017 0.053 0.087 0.073 0.055 0.007 0.043 0.041
61 D 0.072 0.08 0.042 0.13 0.011 0.032 0.079 0.074 0.042 0.037 0.074 0.052 0.029 0.022 0.021 0.067 0.071 0.005 0.018 0.043
62 L 0.046 0.025 0.022 0.025 0.012 0.02 0.045 0.061 0.016 0.076 0.142 0.031 0.043 0.119 0.049 0.038 0.065 0.044 0.057 0.064
63 L 0.048 0.025 0.05 0.081 0.012 0.019 0.034 0.066 0.018 0.086 0.117 0.032 0.022 0.094 0.05 0.052 0.044 0.009 0.071 0.07
64 E 0.053 0.065 0.055 0.049 0.009 0.083 0.128 0.07 0.021 0.033 0.073 0.06 0.029 0.022 0.054 0.06 0.037 0.04 0.02 0.038
65 P 0.048 0.027 0.022 0.025 0.01 0.021 0.032 0.03 0.03 0.035 0.052 0.036 0.014 0.071 0.256 0.037 0.032 0.015 0.167 0.039
66 W 0.044 0.026 0.022 0.021 0.012 0.018 0.026 0.031 0.014 0.057 0.137 0.029 0.025 0.05 0.014 0.04 0.082 0.251 0.044 0.057
67 L 0.039 0.022 0.015 0.016 0.013 0.013 0.02 0.023 0.013 0.089 0.246 0.022 0.037 0.222 0.012 0.025 0.029 0.012 0.055 0.075
68 L 0.046 0.025 0.019 0.022 0.012 0.021 0.044 0.058 0.02 0.116 0.144 0.03 0.051 0.062 0.015 0.03 0.032 0.046 0.114 0.095
69 L 0.047 0.019 0.015 0.017 0.015 0.014 0.02 0.022 0.01 0.184 0.186 0.023 0.033 0.091 0.048 0.026 0.036 0.007 0.028 0.161
70 L 0.065 0.023 0.019 0.02 0.014 0.017 0.024 0.028 0.014 0.093 0.197 0.027 0.03 0.121 0.05 0.037 0.067 0.009 0.054 0.09
71 T 0.105 0.031 0.036 0.033 0.016 0.025 0.035 0.078 0.013 0.065 0.07 0.04 0.031 0.024 0.024 0.094 0.188 0.005 0.017 0.068
72 Y 0.038 0.028 0.071 0.081 0.009 0.022 0.036 0.031 0.034 0.05 0.082 0.033 0.018 0.096 0.016 0.036 0.03 0.018 0.226 0.046
73 L 0.076 0.021 0.016 0.017 0.015 0.015 0.021 0.027 0.01 0.146 0.188 0.024 0.032 0.117 0.015 0.031 0.036 0.008 0.032 0.155
74 L 0.043 0.02 0.014 0.015 0.048 0.013 0.018 0.022 0.011 0.123 0.246 0.022 0.035 0.146 0.013 0.025 0.032 0.009 0.036 0.11
75 A 0.268 0.028 0.025 0.028 0.036 0.023 0.036 0.064 0.013 0.054 0.063 0.039 0.018 0.022 0.026 0.091 0.049 0.005 0.017 0.095
76 L 0.064 0.021 0.015 0.016 0.015 0.015 0.02 0.025 0.01 0.145 0.246 0.024 0.036 0.07 0.014 0.028 0.035 0.041 0.027 0.134
77 L 0.092 0.02 0.016 0.018 0.015 0.015 0.021 0.03 0.011 0.169 0.17 0.025 0.031 0.116 0.015 0.033 0.036 0.008 0.032 0.128
78 P 0.053 0.024 0.022 0.029 0.01 0.019 0.034 0.034 0.012 0.024 0.034 0.039 0.01 0.012 0.527 0.041 0.034 0.002 0.012 0.029
79 I 0.071 0.021 0.017 0.019 0.016 0.016 0.022 0.027 0.009 0.199 0.196 0.026 0.034 0.039 0.016 0.045 0.041 0.006 0.019 0.163
80 L 0.063 0.022 0.016 0.016 0.014 0.016 0.021 0.025 0.015 0.108 0.247 0.025 0.034 0.106 0.014 0.029 0.033 0.01 0.074 0.112
81 F 0.115 0.021 0.018 0.019 0.047 0.014 0.023 0.037 0.014 0.054 0.107 0.025 0.022 0.242 0.015 0.039 0.031 0.046 0.055 0.056
82 Y 0.038 0.027 0.021 0.019 0.009 0.035 0.029 0.024 0.036 0.061 0.075 0.031 0.02 0.15 0.014 0.03 0.027 0.022 0.279 0.052
83 R 0.068 0.186 0.064 0.04 0.011 0.039 0.051 0.047 0.02 0.025 0.04 0.112 0.014 0.017 0.023 0.136 0.052 0.005 0.016 0.033
84 G 0.119 0.03 0.082 0.095 0.013 0.027 0.062 0.185 0.017 0.034 0.041 0.042 0.013 0.018 0.022 0.085 0.043 0.005 0.014 0.054
85 L 0.057 0.085 0.032 0.055 0.013 0.028 0.041 0.034 0.017 0.082 0.114 0.083 0.023 0.033 0.02 0.074 0.075 0.007 0.04 0.087
86 K 0.05 0.083 0.098 0.041 0.01 0.036 0.049 0.041 0.019 0.036 0.074 0.159 0.029 0.02 0.089 0.051 0.055 0.005 0.016 0.039
87 R 0.089 0.104 0.031 0.054 0.013 0.028 0.04 0.037 0.04 0.063 0.09 0.069 0.021 0.051 0.02 0.049 0.071 0.006 0.024 0.101
88 P 0.087 0.021 0.018 0.023 0.014 0.017 0.026 0.032 0.011 0.164 0.094 0.031 0.022 0.027 0.221 0.038 0.037 0.004 0.016 0.097
89 S 0.146 0.034 0.043 0.04 0.017 0.028 0.045 0.061 0.016 0.05 0.05 0.047 0.016 0.021 0.027 0.216 0.068 0.005 0.017 0.053
90 N 0.079 0.037 0.149 0.103 0.012 0.044 0.052 0.053 0.023 0.035 0.043 0.048 0.014 0.025 0.022 0.113 0.051 0.006 0.038 0.052
91 F 0.057 0.021 0.017 0.017 0.045 0.014 0.021 0.027 0.019 0.077 0.136 0.023 0.025 0.236 0.013 0.029 0.028 0.014 0.117 0.064
92 G 0.054 0.019 0.022 0.021 0.013 0.014 0.02 0.194 0.011 0.173 0.104 0.025 0.024 0.083 0.015 0.032 0.033 0.007 0.025 0.113
93 A 0.185 0.029 0.03 0.031 0.051 0.024 0.036 0.056 0.014 0.07 0.066 0.039 0.019 0.023 0.024 0.13 0.055 0.005 0.017 0.096
94 I 0.093 0.022 0.021 0.022 0.016 0.017 0.025 0.033 0.01 0.204 0.118 0.03 0.028 0.033 0.018 0.057 0.077 0.005 0.018 0.15
95 L 0.041 0.021 0.014 0.015 0.014 0.014 0.019 0.021 0.01 0.157 0.29 0.023 0.051 0.098 0.013 0.024 0.032 0.008 0.029 0.105
96 I 0.046 0.019 0.016 0.017 0.015 0.014 0.019 0.021 0.009 0.241 0.209 0.024 0.036 0.042 0.015 0.028 0.054 0.006 0.019 0.151
97 Y 0.036 0.024 0.019 0.017 0.009 0.018 0.024 0.023 0.037 0.045 0.074 0.026 0.019 0.193 0.013 0.028 0.026 0.024 0.297 0.045
98 V 0.091 0.023 0.019 0.02 0.016 0.017 0.024 0.03 0.013 0.157 0.116 0.028 0.039 0.056 0.017 0.039 0.057 0.008 0.055 0.174
99 L 0.045 0.023 0.015 0.016 0.015 0.017 0.021 0.022 0.011 0.132 0.28 0.026 0.087 0.072 0.014 0.026 0.034 0.007 0.025 0.112
100 C 0.077 0.02 0.018 0.018 0.184 0.015 0.021 0.03 0.009 0.113 0.155 0.025 0.027 0.031 0.016 0.05 0.04 0.005 0.017 0.128
101 Y 0.038 0.027 0.022 0.019 0.009 0.021 0.028 0.024 0.067 0.039 0.062 0.03 0.017 0.116 0.015 0.03 0.026 0.025 0.342 0.042
102 V 0.109 0.021 0.016 0.019 0.017 0.016 0.023 0.031 0.009 0.18 0.16 0.027 0.031 0.036 0.017 0.037 0.041 0.005 0.019 0.185
103 P 0.053 0.024 0.022 0.029 0.01 0.019 0.034 0.034 0.012 0.024 0.034 0.039 0.01 0.012 0.527 0.041 0.034 0.002 0.012 0.029
104 A 0.152 0.026 0.026 0.027 0.017 0.021 0.03 0.079 0.012 0.133 0.087 0.035 0.022 0.027 0.022 0.073 0.094 0.005 0.017 0.094
105 L 0.05 0.038 0.025 0.028 0.013 0.108 0.058 0.027 0.016 0.137 0.159 0.047 0.03 0.031 0.017 0.036 0.038 0.006 0.019 0.117
106 L 0.044 0.021 0.015 0.017 0.015 0.014 0.019 0.021 0.01 0.185 0.268 0.024 0.038 0.07 0.014 0.027 0.051 0.007 0.024 0.116
107 T 0.087 0.033 0.036 0.033 0.017 0.026 0.036 0.043 0.014 0.055 0.082 0.042 0.057 0.026 0.024 0.1 0.198 0.006 0.018 0.067
108 L 0.046 0.022 0.015 0.016 0.015 0.016 0.02 0.021 0.012 0.164 0.253 0.025 0.062 0.05 0.014 0.026 0.035 0.008 0.043 0.137
109 L 0.044 0.038 0.046 0.029 0.045 0.099 0.046 0.03 0.018 0.06 0.181 0.044 0.028 0.109 0.016 0.037 0.033 0.008 0.032 0.056
110 F 0.056 0.022 0.018 0.017 0.011 0.016 0.022 0.026 0.026 0.071 0.11 0.025 0.023 0.227 0.013 0.03 0.028 0.018 0.182 0.059
111 N 0.046 0.033 0.096 0.061 0.012 0.027 0.037 0.036 0.049 0.053 0.092 0.038 0.081 0.049 0.018 0.048 0.07 0.01 0.089 0.054
112 L 0.037 0.026 0.04 0.021 0.011 0.032 0.027 0.027 0.017 0.069 0.162 0.028 0.039 0.152 0.012 0.029 0.029 0.114 0.068 0.058
113 D 0.068 0.035 0.078 0.107 0.012 0.028 0.074 0.039 0.016 0.081 0.085 0.06 0.019 0.023 0.054 0.052 0.073 0.005 0.016 0.076
114 D 0.048 0.111 0.042 0.145 0.008 0.036 0.093 0.103 0.019 0.029 0.049 0.094 0.026 0.044 0.02 0.045 0.033 0.006 0.019 0.032
115 E 0.056 0.037 0.058 0.083 0.01 0.032 0.094 0.04 0.024 0.03 0.045 0.063 0.014 0.064 0.088 0.088 0.041 0.009 0.089 0.035
116 L 0.073 0.023 0.023 0.056 0.014 0.017 0.029 0.076 0.015 0.098 0.146 0.028 0.027 0.111 0.016 0.036 0.035 0.009 0.06 0.111
117 G 0.078 0.023 0.039 0.034 0.011 0.019 0.026 0.51 0.014 0.019 0.028 0.034 0.009 0.016 0.019 0.051 0.03 0.005 0.011 0.024
118 S 0.11 0.04 0.054 0.049 0.018 0.033 0.052 0.066 0.019 0.03 0.042 0.054 0.016 0.021 0.03 0.22 0.082 0.005 0.018 0.042
119 L 0.074 0.035 0.073 0.039 0.012 0.057 0.061 0.074 0.018 0.05 0.105 0.045 0.033 0.027 0.053 0.069 0.049 0.04 0.02 0.064
120 E 0.069 0.034 0.058 0.129 0.011 0.036 0.145 0.037 0.02 0.049 0.075 0.048 0.017 0.028 0.021 0.05 0.054 0.006 0.039 0.076
121 F 0.034 0.019 0.017 0.017 0.011 0.011 0.019 0.025 0.017 0.063 0.114 0.019 0.025 0.387 0.011 0.025 0.025 0.017 0.089 0.055
122 L 0.092 0.027 0.017 0.019 0.017 0.018 0.026 0.03 0.01 0.134 0.19 0.046 0.032 0.036 0.017 0.036 0.041 0.006 0.019 0.188
123 L 0.087 0.021 0.018 0.019 0.016 0.015 0.023 0.03 0.011 0.145 0.153 0.026 0.029 0.114 0.016 0.037 0.054 0.008 0.032 0.148
124 L 0.052 0.053 0.022 0.022 0.013 0.022 0.029 0.062 0.015 0.091 0.174 0.054 0.04 0.066 0.05 0.048 0.037 0.008 0.045 0.099
125 L 0.051 0.025 0.041 0.022 0.014 0.019 0.026 0.027 0.02 0.09 0.149 0.029 0.026 0.057 0.05 0.035 0.054 0.011 0.11 0.143
126 Q 0.071 0.058 0.037 0.045 0.01 0.191 0.116 0.038 0.024 0.034 0.062 0.074 0.044 0.019 0.022 0.052 0.038 0.006 0.019 0.042
127 L 0.065 0.023 0.018 0.018 0.015 0.016 0.022 0.027 0.011 0.106 0.267 0.027 0.036 0.093 0.016 0.036 0.068 0.007 0.028 0.1
128 L 0.133 0.024 0.021 0.022 0.084 0.018 0.027 0.041 0.011 0.078 0.144 0.031 0.025 0.056 0.019 0.062 0.059 0.006 0.022 0.116
129 L 0.038 0.021 0.014 0.015 0.013 0.013 0.019 0.021 0.013 0.088 0.291 0.022 0.037 0.191 0.012 0.023 0.028 0.011 0.055 0.074
130 A 0.132 0.026 0.024 0.024 0.083 0.02 0.029 0.044 0.014 0.055 0.106 0.033 0.046 0.107 0.02 0.079 0.059 0.007 0.03 0.062
131 L 0.134 0.024 0.021 0.022 0.016 0.018 0.026 0.073 0.012 0.097 0.171 0.03 0.027 0.085 0.019 0.048 0.062 0.007 0.026 0.08
132 G 0.126 0.032 0.043 0.04 0.015 0.027 0.041 0.192 0.016 0.027 0.038 0.044 0.013 0.018 0.025 0.186 0.06 0.005 0.015 0.038
133 M 0.048 0.034 0.022 0.022 0.014 0.057 0.035 0.028 0.017 0.082 0.16 0.04 0.177 0.066 0.016 0.036 0.037 0.008 0.026 0.077
134 L 0.083 0.026 0.028 0.027 0.049 0.02 0.029 0.088 0.013 0.106 0.109 0.033 0.035 0.055 0.019 0.089 0.078 0.006 0.021 0.086
135 L 0.087 0.022 0.017 0.019 0.016 0.016 0.023 0.03 0.01 0.167 0.237 0.027 0.035 0.04 0.016 0.048 0.039 0.006 0.019 0.123
136 L 0.038 0.019 0.014 0.015 0.013 0.013 0.018 0.021 0.012 0.131 0.241 0.021 0.035 0.2 0.012 0.023 0.029 0.01 0.045 0.09
137 F 0.034 0.021 0.017 0.018 0.01 0.027 0.023 0.024 0.016 0.06 0.123 0.023 0.025 0.374 0.011 0.026 0.025 0.014 0.075 0.053
138 L 0.043 0.052 0.02 0.019 0.045 0.02 0.026 0.026 0.018 0.064 0.144 0.05 0.025 0.141 0.015 0.033 0.047 0.046 0.094 0.072
139 A 0.19 0.026 0.024 0.025 0.084 0.021 0.032 0.052 0.013 0.067 0.097 0.035 0.033 0.052 0.022 0.085 0.045 0.006 0.021 0.069
140 D 0.103 0.031 0.05 0.198 0.013 0.028 0.06 0.053 0.016 0.028 0.037 0.045 0.012 0.017 0.058 0.129 0.067 0.004 0.014 0.037
141 R 0.05 0.21 0.034 0.031 0.009 0.038 0.047 0.035 0.018 0.045 0.051 0.129 0.016 0.021 0.054 0.059 0.054 0.04 0.019 0.042
142 V 0.071 0.058 0.075 0.06 0.013 0.026 0.039 0.038 0.043 0.09 0.093 0.06 0.021 0.033 0.019 0.06 0.058 0.007 0.042 0.095
143 G 0.069 0.044 0.076 0.038 0.012 0.035 0.041 0.109 0.017 0.076 0.064 0.096 0.018 0.049 0.021 0.078 0.06 0.006 0.02 0.072
144 L 0.044 0.024 0.014 0.015 0.016 0.016 0.02 0.021 0.01 0.115 0.379 0.025 0.049 0.054 0.014 0.024 0.033 0.007 0.022 0.096
145 G 0.094 0.031 0.046 0.041 0.014 0.026 0.039 0.289 0.016 0.024 0.035 0.044 0.012 0.018 0.024 0.137 0.056 0.005 0.014 0.033
146 G 0.057 0.066 0.087 0.045 0.01 0.029 0.075 0.141 0.019 0.046 0.051 0.048 0.015 0.073 0.053 0.075 0.039 0.006 0.023 0.041
147 V 0.058 0.02 0.015 0.018 0.018 0.015 0.02 0.022 0.008 0.22 0.148 0.025 0.034 0.04 0.015 0.029 0.044 0.006 0.02 0.225
148 E 0.056 0.078 0.041 0.066 0.008 0.059 0.184 0.039 0.023 0.025 0.04 0.178 0.014 0.016 0.027 0.054 0.038 0.005 0.017 0.032
149 N 0.049 0.047 0.18 0.086 0.008 0.049 0.174 0.05 0.029 0.022 0.034 0.065 0.012 0.017 0.023 0.062 0.043 0.005 0.016 0.029
150 L 0.045 0.024 0.014 0.015 0.016 0.016 0.02 0.021 0.01 0.116 0.374 0.025 0.05 0.055 0.014 0.024 0.033 0.007 0.022 0.096
151 L 0.045 0.024 0.014 0.015 0.016 0.016 0.02 0.021 0.01 0.116 0.374 0.025 0.05 0.055 0.014 0.024 0.033 0.007 0.022 0.096
152 N 0.043 0.045 0.315 0.083 0.009 0.034 0.05 0.065 0.032 0.023 0.032 0.054 0.011 0.018 0.02 0.07 0.05 0.005 0.016 0.027
153 G 0.078 0.023 0.039 0.034 0.011 0.019 0.026 0.509 0.014 0.019 0.028 0.034 0.009 0.016 0.019 0.051 0.03 0.005 0.011 0.024
154 K 0.06 0.123 0.06 0.045 0.01 0.041 0.089 0.075 0.02 0.043 0.046 0.136 0.015 0.018 0.023 0.092 0.044 0.005 0.016 0.04
155 K 0.054 0.082 0.032 0.031 0.011 0.047 0.046 0.035 0.045 0.043 0.075 0.105 0.018 0.034 0.088 0.06 0.063 0.008 0.065 0.059
156 R 0.055 0.089 0.054 0.032 0.045 0.046 0.043 0.036 0.047 0.06 0.067 0.087 0.031 0.036 0.019 0.071 0.041 0.008 0.065 0.066
157 I 0.065 0.034 0.048 0.062 0.012 0.042 0.077 0.032 0.015 0.139 0.113 0.057 0.024 0.055 0.018 0.04 0.037 0.006 0.022 0.101
158 R 0.053 0.115 0.056 0.041 0.011 0.052 0.085 0.036 0.019 0.072 0.083 0.098 0.02 0.022 0.021 0.064 0.073 0.005 0.017 0.057
159 A 0.104 0.061 0.03 0.056 0.014 0.028 0.05 0.04 0.016 0.083 0.103 0.079 0.022 0.032 0.021 0.074 0.043 0.007 0.04 0.095
160 S 0.11 0.04 0.054 0.049 0.018 0.033 0.052 0.066 0.019 0.03 0.042 0.054 0.016 0.021 0.03 0.22 0.082 0.005 0.018 0.042
161 T 0.073 0.036 0.043 0.038 0.018 0.028 0.039 0.043 0.014 0.053 0.065 0.045 0.02 0.024 0.028 0.093 0.246 0.006 0.018 0.071
162 S 0.11 0.04 0.054 0.049 0.018 0.033 0.052 0.066 0.019 0.03 0.042 0.054 0.016 0.021 0.03 0.22 0.082 0.005 0.018 0.042
163 P 0.057 0.026 0.023 0.031 0.01 0.021 0.036 0.036 0.013 0.026 0.036 0.041 0.01 0.013 0.494 0.044 0.036 0.003 0.013 0.031
164 K 0.053 0.079 0.032 0.033 0.011 0.041 0.054 0.036 0.017 0.057 0.155 0.196 0.027 0.028 0.023 0.044 0.037 0.006 0.019 0.054
165 Q 0.056 0.074 0.044 0.047 0.009 0.215 0.103 0.041 0.029 0.026 0.047 0.091 0.021 0.015 0.024 0.056 0.041 0.006 0.021 0.035
166 I 0.047 0.018 0.015 0.018 0.016 0.013 0.018 0.021 0.009 0.271 0.168 0.024 0.037 0.044 0.015 0.025 0.04 0.006 0.021 0.177
167 P 0.057 0.026 0.023 0.031 0.01 0.021 0.036 0.036 0.013 0.026 0.036 0.041 0.01 0.013 0.494 0.044 0.036 0.003 0.013 0.031
168 Y 0.067 0.048 0.038 0.044 0.011 0.037 0.09 0.042 0.029 0.032 0.049 0.089 0.016 0.055 0.023 0.107 0.048 0.013 0.122 0.039
169 P 0.053 0.088 0.054 0.037 0.012 0.047 0.063 0.035 0.017 0.065 0.084 0.074 0.019 0.022 0.093 0.052 0.092 0.005 0.017 0.072
170 D 0.054 0.056 0.102 0.193 0.01 0.031 0.078 0.08 0.02 0.025 0.036 0.049 0.012 0.043 0.021 0.094 0.043 0.005 0.018 0.029
171 I 0.047 0.018 0.015 0.018 0.016 0.013 0.018 0.021 0.009 0.271 0.168 0.024 0.037 0.044 0.015 0.025 0.04 0.006 0.021 0.177
172 V 0.07 0.022 0.016 0.018 0.019 0.016 0.023 0.025 0.008 0.165 0.13 0.026 0.032 0.036 0.016 0.033 0.049 0.006 0.021 0.269
173 L 0.046 0.067 0.025 0.053 0.045 0.025 0.054 0.028 0.016 0.09 0.122 0.067 0.023 0.087 0.05 0.034 0.033 0.008 0.048 0.08
174 I 0.086 0.079 0.045 0.026 0.014 0.023 0.03 0.033 0.013 0.179 0.127 0.062 0.027 0.032 0.018 0.039 0.038 0.005 0.018 0.107
175 T 0.073 0.036 0.044 0.038 0.018 0.028 0.039 0.044 0.014 0.053 0.065 0.046 0.02 0.024 0.028 0.093 0.245 0.006 0.018 0.071
176 P 0.057 0.026 0.023 0.031 0.01 0.021 0.036 0.036 0.013 0.026 0.036 0.041 0.01 0.013 0.492 0.044 0.036 0.003 0.013 0.031
177 P 0.051 0.063 0.076 0.065 0.01 0.029 0.045 0.04 0.042 0.029 0.06 0.084 0.014 0.018 0.223 0.06 0.038 0.004 0.017 0.033
178 L 0.046 0.022 0.018 0.022 0.014 0.017 0.042 0.023 0.014 0.146 0.173 0.027 0.03 0.122 0.015 0.031 0.051 0.009 0.055 0.124
179 A 0.292 0.031 0.026 0.03 0.022 0.026 0.04 0.078 0.015 0.043 0.059 0.044 0.017 0.022 0.03 0.085 0.05 0.005 0.017 0.069
180 S 0.06 0.079 0.038 0.075 0.011 0.053 0.053 0.04 0.022 0.046 0.06 0.081 0.018 0.074 0.021 0.086 0.045 0.009 0.061 0.066
181 K 0.072 0.054 0.054 0.033 0.012 0.033 0.044 0.04 0.044 0.049 0.127 0.133 0.034 0.033 0.021 0.068 0.048 0.007 0.043 0.05
182 L 0.046 0.024 0.021 0.02 0.013 0.017 0.024 0.027 0.016 0.078 0.168 0.028 0.027 0.103 0.015 0.039 0.091 0.079 0.079 0.083
183 I 0.045 0.045 0.017 0.017 0.013 0.017 0.022 0.023 0.016 0.146 0.135 0.03 0.04 0.102 0.014 0.027 0.034 0.044 0.077 0.136
184 L 0.065 0.05 0.046 0.026 0.012 0.02 0.028 0.067 0.042 0.073 0.152 0.035 0.025 0.13 0.016 0.051 0.034 0.009 0.058 0.06
185 I 0.049 0.02 0.019 0.019 0.013 0.015 0.021 0.092 0.012 0.149 0.145 0.025 0.027 0.07 0.014 0.03 0.042 0.06 0.05 0.129
186 L 0.049 0.023 0.018 0.018 0.015 0.016 0.022 0.025 0.011 0.112 0.27 0.026 0.036 0.094 0.015 0.045 0.053 0.007 0.028 0.115
187 G 0.098 0.03 0.059 0.037 0.015 0.024 0.035 0.18 0.014 0.04 0.049 0.04 0.015 0.02 0.023 0.091 0.153 0.005 0.015 0.057
188 I 0.053 0.02 0.017 0.018 0.015 0.015 0.02 0.09 0.009 0.199 0.166 0.025 0.037 0.037 0.015 0.029 0.038 0.006 0.018 0.174
189 L 0.068 0.021 0.015 0.016 0.016 0.015 0.02 0.024 0.009 0.17 0.234 0.024 0.036 0.054 0.015 0.029 0.038 0.006 0.022 0.167
190 L 0.045 0.024 0.014 0.015 0.016 0.016 0.02 0.021 0.01 0.115 0.375 0.025 0.05 0.055 0.014 0.024 0.033 0.007 0.022 0.096
191 C 0.065 0.016 0.016 0.016 0.484 0.012 0.016 0.032 0.008 0.045 0.065 0.02 0.016 0.02 0.016 0.041 0.037 0.004 0.012 0.057
192 V 0.088 0.026 0.028 0.027 0.049 0.02 0.029 0.106 0.013 0.085 0.104 0.033 0.034 0.054 0.019 0.1 0.047 0.006 0.021 0.111
193 L 0.111 0.028 0.025 0.025 0.017 0.022 0.029 0.038 0.012 0.087 0.177 0.035 0.053 0.034 0.021 0.057 0.124 0.006 0.019 0.081
194 L 0.07 0.023 0.02 0.02 0.015 0.017 0.023 0.096 0.011 0.109 0.205 0.027 0.043 0.076 0.016 0.036 0.052 0.007 0.025 0.111
195 L 0.062 0.022 0.017 0.017 0.014 0.016 0.022 0.026 0.018 0.114 0.171 0.025 0.041 0.134 0.014 0.03 0.033 0.012 0.101 0.111
196 L 0.068 0.023 0.015 0.017 0.016 0.017 0.022 0.025 0.01 0.125 0.245 0.026 0.06 0.068 0.015 0.03 0.037 0.007 0.024 0.151
197 I 0.066 0.02 0.015 0.017 0.015 0.014 0.02 0.024 0.01 0.19 0.188 0.024 0.033 0.092 0.014 0.028 0.037 0.007 0.028 0.159
198 F 0.063 0.022 0.02 0.045 0.013 0.016 0.026 0.027 0.018 0.103 0.119 0.026 0.025 0.156 0.015 0.032 0.033 0.012 0.104 0.125
199 L 0.049 0.039 0.025 0.024 0.012 0.024 0.033 0.029 0.02 0.064 0.117 0.088 0.023 0.099 0.052 0.04 0.068 0.011 0.095 0.087
200 Y 0.037 0.028 0.11 0.033 0.009 0.021 0.029 0.033 0.032 0.04 0.066 0.032 0.017 0.175 0.014 0.037 0.031 0.018 0.195 0.041
201 G 0.078 0.023 0.039 0.034 0.011 0.019 0.026 0.51 0.014 0.019 0.028 0.034 0.009 0.016 0.019 0.051 0.03 0.005 0.011 0.024
202 G 0.057 0.1 0.035 0.03 0.01 0.027 0.036 0.171 0.066 0.028 0.062 0.05 0.015 0.025 0.051 0.07 0.035 0.075 0.026 0.032
203 G 0.077 0.03 0.065 0.07 0.012 0.027 0.059 0.283 0.017 0.022 0.031 0.042 0.011 0.017 0.022 0.124 0.046 0.005 0.013 0.029
204 H 0.056 0.093 0.078 0.042 0.01 0.052 0.053 0.044 0.172 0.023 0.038 0.076 0.014 0.022 0.021 0.098 0.042 0.006 0.031 0.028
205 L 0.046 0.027 0.017 0.017 0.015 0.022 0.023 0.024 0.013 0.099 0.277 0.03 0.148 0.047 0.014 0.029 0.035 0.007 0.022 0.088
206 R 0.043 0.323 0.058 0.037 0.007 0.046 0.069 0.034 0.022 0.022 0.042 0.12 0.014 0.016 0.019 0.044 0.034 0.005 0.016 0.029
207 L 0.039 0.021 0.014 0.015 0.014 0.014 0.019 0.021 0.011 0.095 0.334 0.022 0.04 0.151 0.012 0.023 0.029 0.009 0.037 0.08
208 V 0.065 0.02 0.015 0.017 0.018 0.015 0.022 0.023 0.008 0.154 0.122 0.024 0.03 0.033 0.015 0.031 0.046 0.005 0.019 0.317
209 S 0.099 0.056 0.045 0.04 0.014 0.028 0.042 0.188 0.017 0.025 0.037 0.049 0.013 0.018 0.024 0.19 0.06 0.005 0.015 0.035
210 F 0.032 0.018 0.016 0.016 0.01 0.01 0.018 0.023 0.015 0.062 0.127 0.018 0.025 0.402 0.01 0.024 0.024 0.015 0.079 0.054
211 A 0.159 0.037 0.057 0.05 0.014 0.036 0.122 0.055 0.021 0.03 0.044 0.051 0.014 0.025 0.025 0.119 0.05 0.006 0.039 0.044
212 D 0.04 0.034 0.061 0.387 0.007 0.032 0.101 0.043 0.018 0.021 0.028 0.063 0.009 0.014 0.021 0.049 0.033 0.004 0.011 0.024
213 V 0.061 0.02 0.015 0.016 0.017 0.015 0.021 0.022 0.008 0.173 0.146 0.024 0.031 0.036 0.015 0.029 0.044 0.005 0.019 0.281
214 Y 0.038 0.026 0.02 0.017 0.009 0.02 0.026 0.023 0.044 0.041 0.064 0.029 0.017 0.122 0.015 0.029 0.026 0.026 0.362 0.044
215 D 0.047 0.035 0.065 0.293 0.008 0.038 0.159 0.042 0.02 0.021 0.03 0.051 0.01 0.015 0.022 0.065 0.037 0.004 0.013 0.026
216 L 0.042 0.026 0.015 0.016 0.015 0.032 0.024 0.021 0.011 0.102 0.392 0.028 0.045 0.049 0.014 0.025 0.032 0.007 0.021 0.086
217 R 0.042 0.388 0.036 0.029 0.007 0.045 0.049 0.031 0.022 0.022 0.043 0.112 0.014 0.016 0.018 0.042 0.033 0.005 0.016 0.029
218 F 0.057 0.028 0.028 0.033 0.012 0.024 0.07 0.035 0.017 0.054 0.085 0.035 0.033 0.212 0.017 0.095 0.042 0.01 0.048 0.065
219 D 0.09 0.036 0.046 0.188 0.01 0.04 0.176 0.044 0.019 0.026 0.037 0.054 0.012 0.016 0.024 0.071 0.056 0.005 0.014 0.035
220 N 0.124 0.036 0.166 0.052 0.014 0.028 0.042 0.059 0.02 0.033 0.044 0.046 0.014 0.019 0.024 0.101 0.109 0.005 0.016 0.046
221 A 0.11 0.064 0.084 0.095 0.011 0.077 0.059 0.051 0.048 0.028 0.042 0.057 0.015 0.025 0.022 0.085 0.043 0.006 0.041 0.037
222 E 0.058 0.043 0.045 0.14 0.009 0.052 0.193 0.09 0.021 0.022 0.033 0.076 0.012 0.016 0.023 0.08 0.039 0.005 0.014 0.029
223 L 0.12 0.051 0.045 0.027 0.016 0.022 0.031 0.04 0.013 0.093 0.166 0.039 0.027 0.032 0.02 0.062 0.059 0.006 0.018 0.113
224 G 0.106 0.049 0.037 0.039 0.013 0.049 0.068 0.118 0.017 0.039 0.049 0.106 0.016 0.019 0.024 0.089 0.08 0.005 0.016 0.061
225 G 0.059 0.112 0.057 0.034 0.011 0.046 0.042 0.145 0.017 0.056 0.099 0.076 0.019 0.023 0.019 0.074 0.04 0.005 0.016 0.048
226 S 0.109 0.04 0.054 0.049 0.017 0.033 0.052 0.066 0.019 0.03 0.042 0.054 0.016 0.021 0.03 0.224 0.082 0.005 0.017 0.042
227 G 0.068 0.116 0.115 0.048 0.011 0.033 0.044 0.17 0.021 0.023 0.036 0.064 0.013 0.018 0.022 0.099 0.048 0.005 0.015 0.03
228 G 0.076 0.028 0.059 0.087 0.011 0.022 0.04 0.144 0.041 0.032 0.05 0.037 0.014 0.1 0.053 0.078 0.055 0.007 0.03 0.037
229 G 0.07 0.023 0.026 0.026 0.013 0.018 0.027 0.169 0.012 0.062 0.086 0.032 0.018 0.076 0.119 0.057 0.053 0.006 0.024 0.082
230 L 0.043 0.02 0.016 0.016 0.014 0.014 0.019 0.055 0.011 0.143 0.258 0.023 0.036 0.121 0.013 0.025 0.031 0.008 0.032 0.103
231 V 0.078 0.026 0.025 0.028 0.015 0.022 0.049 0.034 0.013 0.123 0.102 0.034 0.037 0.083 0.019 0.073 0.077 0.007 0.027 0.129
232 G 0.12 0.031 0.059 0.066 0.012 0.041 0.06 0.283 0.016 0.024 0.035 0.043 0.012 0.016 0.021 0.071 0.038 0.005 0.013 0.033
233 Y 0.038 0.026 0.02 0.017 0.009 0.02 0.026 0.023 0.044 0.041 0.064 0.029 0.017 0.122 0.015 0.029 0.026 0.026 0.362 0.044
234 L 0.039 0.02 0.015 0.016 0.013 0.014 0.019 0.021 0.012 0.133 0.246 0.022 0.048 0.174 0.012 0.024 0.03 0.01 0.041 0.092
235 L 0.063 0.034 0.028 0.028 0.015 0.038 0.036 0.034 0.013 0.121 0.152 0.056 0.028 0.032 0.02 0.086 0.08 0.006 0.018 0.114
236 L 0.063 0.029 0.027 0.026 0.015 0.023 0.031 0.036 0.014 0.074 0.208 0.035 0.079 0.064 0.018 0.108 0.048 0.007 0.024 0.069
237 W 0.028 0.021 0.014 0.014 0.007 0.014 0.021 0.028 0.014 0.028 0.05 0.021 0.014 0.057 0.007 0.021 0.021 0.526 0.064 0.028
238 L 0.106 0.025 0.019 0.02 0.016 0.019 0.025 0.034 0.011 0.115 0.253 0.03 0.059 0.041 0.017 0.052 0.039 0.006 0.02 0.091
239 S 0.12 0.033 0.041 0.038 0.016 0.027 0.042 0.055 0.016 0.04 0.074 0.044 0.018 0.049 0.025 0.188 0.095 0.006 0.021 0.05
240 Y 0.047 0.053 0.095 0.061 0.01 0.024 0.036 0.07 0.029 0.058 0.059 0.041 0.016 0.062 0.017 0.056 0.037 0.013 0.154 0.062
241 C 0.091 0.021 0.019 0.019 0.149 0.015 0.023 0.034 0.012 0.069 0.119 0.025 0.029 0.134 0.016 0.053 0.037 0.008 0.034 0.093
242 F 0.041 0.021 0.018 0.018 0.012 0.013 0.021 0.026 0.015 0.07 0.146 0.022 0.033 0.301 0.012 0.041 0.03 0.013 0.073 0.074
243 L 0.072 0.046 0.021 0.021 0.015 0.019 0.025 0.062 0.013 0.153 0.166 0.033 0.029 0.041 0.016 0.048 0.039 0.007 0.041 0.134
244 P 0.056 0.025 0.023 0.029 0.01 0.02 0.034 0.035 0.012 0.03 0.06 0.038 0.012 0.015 0.459 0.055 0.037 0.003 0.013 0.034
245 L 0.041 0.022 0.016 0.016 0.013 0.016 0.021 0.022 0.02 0.098 0.206 0.024 0.037 0.143 0.013 0.026 0.03 0.013 0.124 0.097
246 Y 0.04 0.023 0.019 0.018 0.044 0.017 0.023 0.025 0.027 0.055 0.122 0.026 0.023 0.18 0.014 0.031 0.045 0.018 0.196 0.054
247 F 0.079 0.021 0.016 0.017 0.014 0.015 0.021 0.029 0.013 0.11 0.175 0.024 0.042 0.194 0.014 0.032 0.032 0.01 0.045 0.096
248 A 0.239 0.029 0.027 0.029 0.019 0.023 0.036 0.06 0.013 0.067 0.066 0.04 0.019 0.023 0.026 0.086 0.09 0.005 0.017 0.087
249 I 0.044 0.075 0.02 0.02 0.012 0.022 0.027 0.024 0.02 0.16 0.124 0.056 0.026 0.058 0.015 0.03 0.034 0.011 0.11 0.111
250 G 0.091 0.022 0.036 0.031 0.011 0.018 0.025 0.511 0.013 0.019 0.028 0.032 0.009 0.015 0.018 0.05 0.029 0.005 0.011 0.025
251 L 0.05 0.021 0.017 0.018 0.048 0.015 0.021 0.025 0.011 0.139 0.22 0.025 0.046 0.092 0.014 0.042 0.037 0.007 0.028 0.124
252 L 0.047 0.024 0.017 0.018 0.014 0.032 0.025 0.023 0.013 0.15 0.182 0.028 0.044 0.097 0.014 0.028 0.036 0.009 0.051 0.148
253 G 0.094 0.073 0.033 0.032 0.011 0.047 0.046 0.142 0.023 0.029 0.045 0.121 0.015 0.037 0.022 0.064 0.037 0.009 0.084 0.037
254 K 0.054 0.153 0.039 0.037 0.008 0.048 0.062 0.04 0.02 0.025 0.041 0.264 0.014 0.015 0.024 0.063 0.039 0.005 0.016 0.031
255 K 0.054 0.099 0.127 0.049 0.009 0.056 0.058 0.047 0.048 0.024 0.038 0.159 0.014 0.017 0.023 0.082 0.044 0.005 0.019 0.03
256 K 0.043 0.107 0.029 0.028 0.008 0.036 0.046 0.033 0.019 0.032 0.07 0.176 0.017 0.036 0.018 0.038 0.031 0.145 0.052 0.035
257 L 0.07 0.054 0.024 0.027 0.013 0.025 0.05 0.066 0.014 0.105 0.148 0.058 0.037 0.033 0.051 0.052 0.037 0.04 0.021 0.075
258 P 0.062 0.031 0.05 0.082 0.01 0.023 0.039 0.035 0.023 0.039 0.07 0.053 0.022 0.1 0.119 0.041 0.032 0.011 0.116 0.041
259 L 0.046 0.023 0.016 0.017 0.014 0.03 0.024 0.022 0.011 0.16 0.232 0.027 0.036 0.093 0.014 0.026 0.035 0.007 0.028 0.139
260 L 0.101 0.022 0.018 0.019 0.047 0.016 0.023 0.068 0.014 0.076 0.164 0.027 0.026 0.095 0.015 0.037 0.032 0.078 0.055 0.066
261 I 0.065 0.021 0.016 0.018 0.015 0.015 0.021 0.026 0.011 0.169 0.167 0.025 0.043 0.117 0.015 0.031 0.044 0.008 0.032 0.142
262 G 0.147 0.026 0.035 0.032 0.014 0.021 0.031 0.353 0.014 0.025 0.036 0.037 0.012 0.017 0.022 0.086 0.039 0.005 0.013 0.036
263 L 0.05 0.02 0.016 0.017 0.049 0.014 0.02 0.023 0.01 0.169 0.171 0.024 0.031 0.089 0.015 0.03 0.054 0.007 0.027 0.164
264 L 0.084 0.024 0.022 0.022 0.015 0.018 0.025 0.067 0.012 0.116 0.178 0.029 0.029 0.087 0.017 0.066 0.049 0.007 0.027 0.105
265 L 0.114 0.024 0.023 0.023 0.049 0.019 0.026 0.139 0.012 0.093 0.152 0.031 0.05 0.031 0.018 0.058 0.038 0.006 0.017 0.075
266 S 0.134 0.034 0.062 0.04 0.049 0.028 0.043 0.058 0.044 0.031 0.045 0.045 0.015 0.027 0.025 0.172 0.059 0.006 0.041 0.043
267 L 0.045 0.02 0.014 0.016 0.015 0.015 0.018 0.02 0.009 0.208 0.26 0.024 0.051 0.045 0.014 0.024 0.035 0.006 0.02 0.14
268 L 0.051 0.021 0.014 0.015 0.016 0.015 0.02 0.021 0.009 0.154 0.264 0.024 0.038 0.043 0.014 0.026 0.038 0.006 0.02 0.191
269 L 0.05 0.019 0.014 0.016 0.016 0.014 0.019 0.021 0.008 0.213 0.216 0.023 0.036 0.042 0.014 0.025 0.038 0.006 0.02 0.191
270 Y 0.037 0.025 0.02 0.017 0.009 0.019 0.025 0.023 0.04 0.043 0.07 0.028 0.018 0.163 0.014 0.028 0.026 0.025 0.325 0.045
271 L 0.048 0.028 0.018 0.018 0.015 0.024 0.025 0.025 0.014 0.111 0.213 0.032 0.181 0.046 0.015 0.032 0.037 0.007 0.022 0.092
272 A 0.209 0.028 0.027 0.028 0.018 0.023 0.034 0.089 0.013 0.08 0.075 0.038 0.032 0.025 0.024 0.081 0.079 0.005 0.017 0.075
273 T 0.062 0.036 0.102 0.043 0.014 0.043 0.042 0.044 0.017 0.056 0.065 0.046 0.031 0.023 0.023 0.085 0.18 0.005 0.017 0.067
274 G 0.126 0.023 0.034 0.031 0.012 0.019 0.027 0.448 0.013 0.022 0.032 0.034 0.01 0.016 0.02 0.054 0.032 0.005 0.011 0.031
275 A 0.185 0.034 0.035 0.035 0.017 0.042 0.043 0.093 0.016 0.039 0.072 0.046 0.018 0.021 0.026 0.136 0.07 0.005 0.016 0.053
276 K 0.053 0.1 0.039 0.039 0.008 0.05 0.066 0.04 0.019 0.026 0.04 0.325 0.014 0.014 0.026 0.05 0.037 0.005 0.016 0.031
277 A 0.168 0.032 0.036 0.035 0.017 0.026 0.039 0.091 0.015 0.041 0.073 0.043 0.018 0.022 0.026 0.139 0.104 0.005 0.016 0.055
278 A 0.178 0.031 0.055 0.035 0.017 0.025 0.038 0.09 0.015 0.046 0.055 0.042 0.017 0.021 0.025 0.101 0.116 0.005 0.016 0.073
279 L 0.042 0.02 0.014 0.015 0.015 0.014 0.018 0.02 0.009 0.203 0.275 0.023 0.039 0.072 0.013 0.023 0.034 0.007 0.024 0.122
280 L 0.049 0.023 0.018 0.018 0.014 0.016 0.022 0.059 0.011 0.092 0.289 0.026 0.049 0.095 0.014 0.042 0.034 0.008 0.028 0.092
281 L 0.068 0.026 0.019 0.02 0.015 0.021 0.025 0.03 0.014 0.099 0.2 0.03 0.117 0.094 0.016 0.048 0.038 0.008 0.029 0.083
282 P 0.053 0.024 0.022 0.027 0.01 0.019 0.031 0.066 0.012 0.035 0.084 0.036 0.014 0.017 0.424 0.039 0.033 0.003 0.013 0.037
283 L 0.046 0.021 0.016 0.018 0.014 0.015 0.02 0.039 0.01 0.157 0.234 0.025 0.034 0.066 0.082 0.027 0.034 0.006 0.023 0.115
284 I 0.087 0.024 0.019 0.021 0.015 0.032 0.027 0.031 0.012 0.145 0.13 0.03 0.028 0.112 0.016 0.038 0.054 0.008 0.032 0.139
285 V 0.111 0.024 0.02 0.025 0.016 0.021 0.046 0.034 0.011 0.152 0.132 0.032 0.04 0.033 0.019 0.043 0.058 0.006 0.019 0.159
286 Y 0.039 0.023 0.018 0.017 0.044 0.016 0.022 0.024 0.027 0.072 0.113 0.025 0.035 0.181 0.013 0.028 0.028 0.018 0.196 0.06
287 G 0.093 0.023 0.028 0.026 0.014 0.018 0.025 0.272 0.012 0.072 0.106 0.031 0.02 0.039 0.018 0.058 0.036 0.006 0.017 0.087
288 L 0.047 0.021 0.014 0.015 0.048 0.014 0.019 0.022 0.01 0.134 0.25 0.023 0.042 0.094 0.014 0.026 0.034 0.007 0.028 0.138
289 Y 0.053 0.025 0.026 0.023 0.045 0.019 0.026 0.13 0.048 0.066 0.089 0.029 0.019 0.085 0.016 0.049 0.033 0.013 0.138 0.068
290 Y 0.068 0.074 0.026 0.025 0.011 0.042 0.039 0.034 0.022 0.052 0.076 0.08 0.019 0.074 0.017 0.053 0.036 0.079 0.097 0.077
291 L 0.077 0.021 0.015 0.017 0.083 0.015 0.021 0.027 0.011 0.129 0.227 0.025 0.033 0.044 0.015 0.032 0.036 0.007 0.041 0.122
292 L 0.042 0.023 0.015 0.016 0.013 0.016 0.021 0.022 0.017 0.102 0.248 0.025 0.046 0.089 0.013 0.025 0.031 0.046 0.096 0.094
293 K 0.073 0.12 0.037 0.085 0.01 0.034 0.05 0.122 0.017 0.041 0.049 0.137 0.015 0.018 0.021 0.047 0.036 0.005 0.015 0.068
294 K 0.053 0.098 0.061 0.076 0.009 0.035 0.052 0.057 0.05 0.027 0.042 0.126 0.014 0.038 0.021 0.074 0.039 0.009 0.087 0.032
295 G 0.062 0.037 0.058 0.038 0.011 0.027 0.057 0.23 0.015 0.088 0.061 0.08 0.017 0.022 0.02 0.061 0.037 0.005 0.015 0.059
296 R 0.057 0.159 0.034 0.031 0.01 0.037 0.046 0.124 0.017 0.047 0.055 0.145 0.017 0.019 0.02 0.045 0.036 0.005 0.016 0.078
297 Y 0.046 0.03 0.021 0.019 0.013 0.025 0.028 0.026 0.031 0.072 0.132 0.033 0.092 0.089 0.016 0.033 0.034 0.018 0.173 0.069
298 N 0.05 0.076 0.181 0.062 0.009 0.043 0.06 0.054 0.026 0.025 0.037 0.168 0.013 0.017 0.024 0.061 0.044 0.005 0.016 0.03
299 R 0.045 0.345 0.039 0.031 0.008 0.048 0.052 0.033 0.023 0.023 0.047 0.12 0.016 0.017 0.019 0.045 0.035 0.006 0.017 0.031
300 Y 0.04 0.028 0.022 0.019 0.009 0.022 0.028 0.025 0.047 0.044 0.068 0.031 0.019 0.131 0.016 0.031 0.028 0.028 0.318 0.047
301 D 0.055 0.06 0.123 0.166 0.009 0.03 0.055 0.149 0.02 0.022 0.031 0.067 0.011 0.016 0.021 0.082 0.041 0.004 0.013 0.026
302 F 0.058 0.026 0.018 0.019 0.012 0.016 0.024 0.028 0.016 0.079 0.156 0.043 0.027 0.224 0.048 0.03 0.029 0.012 0.071 0.064
303 L 0.05 0.07 0.05 0.03 0.011 0.029 0.038 0.067 0.016 0.056 0.158 0.114 0.037 0.082 0.018 0.053 0.036 0.007 0.026 0.052
304 L 0.072 0.034 0.026 0.025 0.013 0.038 0.034 0.067 0.02 0.076 0.178 0.054 0.027 0.051 0.018 0.066 0.038 0.01 0.087 0.065
305 L 0.054 0.123 0.05 0.029 0.012 0.027 0.034 0.067 0.015 0.06 0.17 0.054 0.025 0.029 0.052 0.067 0.04 0.005 0.017 0.069
306 L 0.042 0.021 0.017 0.017 0.013 0.014 0.02 0.025 0.013 0.081 0.237 0.023 0.033 0.224 0.013 0.04 0.031 0.011 0.049 0.076
307 L 0.074 0.028 0.026 0.027 0.013 0.036 0.033 0.086 0.016 0.052 0.146 0.037 0.023 0.06 0.12 0.064 0.054 0.007 0.044 0.053
308 L 0.067 0.023 0.018 0.018 0.015 0.017 0.022 0.027 0.012 0.135 0.237 0.027 0.047 0.083 0.015 0.045 0.037 0.008 0.038 0.109
309 I 0.088 0.02 0.017 0.018 0.049 0.015 0.021 0.063 0.01 0.168 0.15 0.026 0.028 0.036 0.016 0.034 0.037 0.04 0.021 0.141
310 L 0.064 0.024 0.024 0.023 0.016 0.018 0.024 0.151 0.01 0.098 0.161 0.029 0.028 0.033 0.017 0.041 0.067 0.006 0.018 0.149
311 L 0.062 0.022 0.016 0.017 0.014 0.016 0.021 0.026 0.012 0.132 0.184 0.025 0.074 0.145 0.014 0.03 0.034 0.009 0.037 0.107
312 G 0.101 0.024 0.028 0.027 0.081 0.019 0.028 0.142 0.013 0.064 0.088 0.032 0.019 0.077 0.019 0.083 0.058 0.006 0.024 0.066
313 L 0.128 0.024 0.02 0.021 0.016 0.018 0.027 0.038 0.012 0.1 0.162 0.03 0.04 0.086 0.018 0.057 0.041 0.007 0.027 0.125
314 L 0.127 0.024 0.02 0.021 0.016 0.018 0.025 0.071 0.011 0.111 0.176 0.03 0.029 0.06 0.018 0.045 0.055 0.006 0.022 0.115
315 L 0.053 0.021 0.018 0.018 0.048 0.016 0.02 0.091 0.01 0.16 0.183 0.025 0.055 0.037 0.015 0.03 0.036 0.006 0.018 0.138
316 L 0.087 0.022 0.019 0.019 0.015 0.016 0.023 0.065 0.011 0.099 0.166 0.027 0.028 0.101 0.016 0.038 0.052 0.042 0.032 0.12
317 V 0.064 0.029 0.026 0.025 0.017 0.024 0.03 0.032 0.013 0.105 0.129 0.035 0.075 0.035 0.02 0.053 0.115 0.006 0.021 0.147
318 F 0.076 0.025 0.022 0.022 0.015 0.018 0.026 0.034 0.014 0.091 0.133 0.029 0.054 0.153 0.016 0.068 0.042 0.009 0.039 0.114
319 L 0.045 0.022 0.017 0.017 0.014 0.015 0.021 0.024 0.011 0.11 0.223 0.024 0.033 0.132 0.013 0.029 0.052 0.048 0.038 0.115
320 F 0.044 0.022 0.019 0.018 0.013 0.015 0.022 0.024 0.018 0.107 0.132 0.024 0.027 0.192 0.014 0.032 0.054 0.013 0.104 0.106
