#Seq2Logo.py -f /work3/idamei/ssn-clusterings/clustering/2205181126/clusters/0016_189/sequences.afa -o /work3/idamei/ssn-clusterings/clustering/2205181126/clusters/0016_189/sequences.logo
#Position Specific Frequency Matrix
A R N D C Q E G H I L K M F P S T W Y V
0 M 0.049 0.03 0.019 0.019 0.015 0.027 0.027 0.027 0.015 0.095 0.187 0.034 0.204 0.046 0.015 0.034 0.038 0.008 0.023 0.088
1 R 0.045 0.343 0.039 0.031 0.008 0.049 0.052 0.033 0.023 0.023 0.047 0.121 0.016 0.017 0.019 0.045 0.035 0.006 0.017 0.031
2 S 0.11 0.04 0.054 0.049 0.018 0.033 0.053 0.066 0.019 0.03 0.042 0.054 0.016 0.021 0.03 0.218 0.082 0.005 0.018 0.042
3 P 0.057 0.026 0.023 0.031 0.01 0.021 0.036 0.036 0.013 0.026 0.036 0.041 0.01 0.013 0.492 0.044 0.036 0.003 0.013 0.031
4 T 0.073 0.036 0.044 0.038 0.018 0.028 0.039 0.044 0.014 0.053 0.065 0.046 0.02 0.024 0.028 0.093 0.245 0.006 0.018 0.071
5 G 0.078 0.023 0.039 0.034 0.011 0.019 0.026 0.509 0.014 0.019 0.028 0.034 0.009 0.016 0.019 0.051 0.03 0.005 0.011 0.024
6 Q 0.056 0.074 0.044 0.047 0.009 0.213 0.103 0.041 0.029 0.027 0.047 0.091 0.021 0.015 0.024 0.056 0.041 0.006 0.021 0.035
7 L 0.045 0.024 0.014 0.015 0.016 0.016 0.02 0.021 0.01 0.116 0.374 0.025 0.05 0.055 0.014 0.024 0.033 0.007 0.022 0.096
8 F 0.034 0.019 0.017 0.017 0.011 0.011 0.019 0.025 0.017 0.064 0.114 0.019 0.025 0.385 0.011 0.025 0.025 0.017 0.089 0.055
9 L 0.045 0.024 0.014 0.015 0.016 0.016 0.02 0.021 0.01 0.116 0.374 0.025 0.05 0.055 0.014 0.024 0.033 0.007 0.022 0.096
10 P 0.057 0.026 0.023 0.031 0.01 0.021 0.036 0.036 0.013 0.026 0.036 0.041 0.01 0.013 0.492 0.044 0.036 0.003 0.013 0.031
11 R 0.045 0.343 0.039 0.031 0.008 0.049 0.052 0.033 0.023 0.023 0.047 0.121 0.016 0.017 0.019 0.045 0.035 0.006 0.017 0.031
12 Y 0.041 0.028 0.022 0.019 0.009 0.022 0.028 0.025 0.047 0.044 0.069 0.031 0.019 0.131 0.016 0.031 0.028 0.028 0.316 0.047
13 D 0.041 0.03 0.069 0.396 0.008 0.03 0.092 0.047 0.019 0.022 0.028 0.045 0.009 0.015 0.022 0.052 0.035 0.004 0.011 0.024
14 Q 0.056 0.074 0.044 0.047 0.009 0.213 0.103 0.041 0.029 0.027 0.047 0.091 0.021 0.015 0.024 0.056 0.041 0.006 0.021 0.035
15 P 0.057 0.026 0.023 0.031 0.01 0.021 0.036 0.036 0.013 0.026 0.036 0.041 0.01 0.013 0.492 0.044 0.036 0.003 0.013 0.031
16 L 0.045 0.024 0.014 0.015 0.016 0.016 0.02 0.021 0.01 0.116 0.374 0.025 0.05 0.055 0.014 0.024 0.033 0.007 0.022 0.096
17 I 0.047 0.018 0.015 0.018 0.016 0.013 0.018 0.021 0.009 0.269 0.168 0.024 0.037 0.044 0.015 0.025 0.04 0.006 0.021 0.177
18 A 0.288 0.031 0.026 0.03 0.022 0.026 0.041 0.078 0.015 0.043 0.06 0.045 0.018 0.022 0.03 0.085 0.05 0.005 0.018 0.069
19 C 0.065 0.016 0.016 0.016 0.482 0.012 0.016 0.033 0.008 0.045 0.065 0.02 0.016 0.02 0.016 0.041 0.037 0.004 0.012 0.057
20 T 0.073 0.036 0.044 0.038 0.018 0.028 0.039 0.044 0.014 0.053 0.065 0.046 0.02 0.024 0.028 0.093 0.245 0.006 0.018 0.071
21 L 0.045 0.024 0.014 0.015 0.016 0.016 0.02 0.021 0.01 0.116 0.374 0.025 0.05 0.055 0.014 0.024 0.033 0.007 0.022 0.096
22 D 0.041 0.03 0.069 0.396 0.008 0.03 0.092 0.047 0.019 0.022 0.028 0.045 0.009 0.015 0.022 0.052 0.035 0.004 0.011 0.024
23 T 0.073 0.036 0.044 0.038 0.018 0.028 0.039 0.044 0.014 0.053 0.065 0.046 0.02 0.024 0.028 0.093 0.245 0.006 0.018 0.071
24 L 0.052 0.032 0.02 0.02 0.016 0.028 0.028 0.028 0.016 0.101 0.197 0.036 0.158 0.048 0.016 0.036 0.04 0.008 0.024 0.093
25 G 0.078 0.023 0.039 0.034 0.011 0.019 0.026 0.509 0.014 0.019 0.028 0.034 0.009 0.016 0.019 0.051 0.03 0.005 0.011 0.024
26 E 0.055 0.05 0.041 0.09 0.007 0.065 0.295 0.035 0.026 0.022 0.037 0.076 0.013 0.017 0.026 0.055 0.037 0.006 0.017 0.031
27 K 0.057 0.107 0.042 0.042 0.009 0.054 0.071 0.043 0.021 0.028 0.043 0.276 0.016 0.016 0.028 0.054 0.04 0.005 0.017 0.033
28 L 0.052 0.032 0.02 0.02 0.016 0.028 0.028 0.028 0.016 0.101 0.197 0.036 0.158 0.048 0.016 0.036 0.04 0.008 0.024 0.093
29 A 0.103 0.072 0.092 0.041 0.012 0.031 0.044 0.05 0.055 0.031 0.045 0.075 0.015 0.029 0.068 0.077 0.064 0.007 0.05 0.041
30 I 0.047 0.018 0.015 0.018 0.016 0.013 0.018 0.021 0.009 0.271 0.168 0.024 0.037 0.044 0.015 0.025 0.04 0.006 0.021 0.177
31 V 0.07 0.022 0.016 0.018 0.019 0.016 0.023 0.025 0.008 0.165 0.13 0.026 0.032 0.036 0.016 0.033 0.049 0.006 0.021 0.269
32 S 0.102 0.031 0.034 0.031 0.017 0.024 0.036 0.045 0.015 0.071 0.104 0.039 0.023 0.033 0.023 0.117 0.103 0.007 0.035 0.109
33 L 0.09 0.034 0.025 0.027 0.015 0.023 0.033 0.066 0.013 0.095 0.15 0.065 0.026 0.03 0.078 0.065 0.043 0.005 0.018 0.098
34 L 0.056 0.033 0.062 0.035 0.013 0.025 0.05 0.035 0.019 0.101 0.115 0.052 0.023 0.04 0.077 0.063 0.043 0.008 0.056 0.096
35 N 0.06 0.034 0.141 0.047 0.014 0.026 0.038 0.046 0.019 0.082 0.075 0.042 0.029 0.026 0.021 0.083 0.103 0.005 0.017 0.09
36 P 0.096 0.054 0.035 0.034 0.015 0.028 0.04 0.047 0.016 0.042 0.065 0.049 0.038 0.022 0.154 0.107 0.088 0.005 0.017 0.051
37 V 0.07 0.022 0.016 0.018 0.019 0.016 0.023 0.025 0.008 0.165 0.13 0.026 0.032 0.036 0.016 0.033 0.049 0.006 0.021 0.269
38 E 0.055 0.05 0.04 0.09 0.007 0.064 0.296 0.035 0.026 0.022 0.037 0.076 0.013 0.017 0.026 0.055 0.037 0.006 0.017 0.031
39 D 0.041 0.03 0.069 0.397 0.008 0.03 0.091 0.047 0.019 0.022 0.028 0.045 0.009 0.015 0.022 0.052 0.035 0.004 0.011 0.024
40 V 0.07 0.022 0.016 0.018 0.019 0.016 0.023 0.025 0.008 0.165 0.13 0.026 0.032 0.036 0.016 0.033 0.049 0.006 0.021 0.269
41 H 0.042 0.046 0.053 0.038 0.008 0.038 0.053 0.038 0.355 0.023 0.038 0.046 0.015 0.03 0.019 0.042 0.027 0.008 0.057 0.023
42 S 0.11 0.04 0.054 0.049 0.018 0.033 0.052 0.066 0.019 0.03 0.042 0.054 0.016 0.021 0.03 0.22 0.082 0.005 0.018 0.042
43 V 0.07 0.022 0.016 0.018 0.019 0.016 0.023 0.025 0.008 0.165 0.13 0.026 0.032 0.036 0.016 0.033 0.049 0.006 0.021 0.269
44 T 0.073 0.036 0.043 0.038 0.018 0.028 0.039 0.043 0.014 0.053 0.065 0.045 0.02 0.024 0.028 0.093 0.246 0.006 0.018 0.071
45 S 0.11 0.04 0.054 0.049 0.018 0.033 0.052 0.066 0.019 0.03 0.042 0.054 0.016 0.021 0.03 0.22 0.082 0.005 0.018 0.042
46 P 0.057 0.026 0.023 0.031 0.01 0.021 0.036 0.036 0.013 0.026 0.036 0.041 0.01 0.013 0.494 0.044 0.036 0.003 0.013 0.031
47 P 0.057 0.026 0.023 0.031 0.01 0.021 0.036 0.036 0.013 0.026 0.036 0.041 0.01 0.013 0.494 0.044 0.036 0.003 0.013 0.031
48 V 0.07 0.022 0.016 0.018 0.019 0.016 0.023 0.025 0.008 0.165 0.13 0.026 0.032 0.036 0.016 0.033 0.049 0.006 0.021 0.269
49 S 0.11 0.04 0.054 0.049 0.018 0.033 0.052 0.066 0.019 0.03 0.042 0.054 0.016 0.021 0.03 0.22 0.082 0.005 0.018 0.042
50 D 0.041 0.03 0.069 0.397 0.008 0.03 0.091 0.047 0.019 0.022 0.028 0.045 0.009 0.015 0.022 0.052 0.035 0.004 0.011 0.024
51 E 0.055 0.05 0.04 0.09 0.007 0.064 0.296 0.035 0.026 0.022 0.037 0.076 0.013 0.017 0.026 0.055 0.037 0.006 0.017 0.031
52 D 0.041 0.03 0.069 0.397 0.008 0.03 0.091 0.047 0.019 0.022 0.028 0.045 0.009 0.015 0.022 0.052 0.035 0.004 0.011 0.024
53 A 0.29 0.031 0.026 0.03 0.022 0.026 0.04 0.078 0.015 0.043 0.059 0.045 0.018 0.022 0.03 0.085 0.05 0.005 0.018 0.069
54 H 0.042 0.046 0.053 0.038 0.008 0.038 0.053 0.038 0.355 0.023 0.038 0.046 0.015 0.03 0.019 0.042 0.027 0.008 0.057 0.023
55 R 0.065 0.118 0.034 0.033 0.013 0.056 0.047 0.039 0.017 0.076 0.067 0.064 0.02 0.022 0.082 0.091 0.048 0.005 0.017 0.084
56 A 0.29 0.031 0.026 0.03 0.022 0.026 0.04 0.078 0.015 0.043 0.059 0.045 0.018 0.022 0.03 0.085 0.05 0.005 0.018 0.069
57 R 0.045 0.345 0.039 0.031 0.008 0.048 0.052 0.033 0.023 0.023 0.047 0.12 0.016 0.017 0.019 0.045 0.035 0.006 0.017 0.031
58 I 0.047 0.018 0.015 0.018 0.016 0.013 0.018 0.021 0.009 0.271 0.168 0.024 0.037 0.044 0.015 0.025 0.04 0.006 0.021 0.177
59 A 0.29 0.031 0.026 0.03 0.022 0.026 0.04 0.078 0.015 0.043 0.059 0.045 0.018 0.022 0.03 0.085 0.05 0.005 0.018 0.069
60 S 0.11 0.04 0.054 0.049 0.018 0.033 0.052 0.066 0.019 0.03 0.042 0.054 0.016 0.021 0.03 0.22 0.082 0.005 0.018 0.042
61 S 0.11 0.04 0.054 0.049 0.018 0.033 0.052 0.066 0.019 0.03 0.042 0.054 0.016 0.021 0.03 0.22 0.082 0.005 0.018 0.042
62 L 0.065 0.045 0.033 0.045 0.013 0.037 0.108 0.077 0.017 0.062 0.112 0.088 0.022 0.026 0.022 0.076 0.044 0.006 0.017 0.085
63 A 0.29 0.031 0.026 0.03 0.022 0.026 0.04 0.078 0.015 0.043 0.059 0.045 0.018 0.022 0.03 0.085 0.05 0.005 0.018 0.069
64 F 0.093 0.024 0.026 0.025 0.013 0.017 0.027 0.119 0.016 0.049 0.078 0.03 0.02 0.2 0.018 0.05 0.07 0.011 0.061 0.053
65 N 0.043 0.045 0.317 0.083 0.009 0.034 0.049 0.065 0.032 0.022 0.032 0.054 0.011 0.018 0.02 0.07 0.049 0.004 0.016 0.027
66 S 0.119 0.041 0.049 0.097 0.015 0.06 0.062 0.06 0.019 0.029 0.042 0.055 0.015 0.019 0.027 0.165 0.063 0.005 0.017 0.041
67 P 0.086 0.098 0.031 0.034 0.01 0.036 0.05 0.042 0.017 0.027 0.042 0.148 0.013 0.015 0.207 0.051 0.038 0.004 0.015 0.035
68 G 0.103 0.07 0.071 0.038 0.073 0.029 0.041 0.11 0.017 0.029 0.043 0.08 0.014 0.017 0.084 0.079 0.044 0.005 0.015 0.039
69 F 0.034 0.019 0.017 0.017 0.011 0.011 0.019 0.025 0.017 0.063 0.114 0.019 0.025 0.387 0.011 0.025 0.025 0.017 0.089 0.055
70 N 0.168 0.038 0.173 0.056 0.015 0.03 0.045 0.071 0.023 0.033 0.045 0.049 0.014 0.02 0.025 0.077 0.049 0.005 0.017 0.048
71 P 0.063 0.024 0.02 0.024 0.015 0.019 0.03 0.03 0.01 0.095 0.083 0.034 0.021 0.024 0.256 0.038 0.043 0.004 0.017 0.152
72 F 0.039 0.184 0.028 0.024 0.009 0.029 0.035 0.029 0.02 0.043 0.08 0.069 0.02 0.204 0.015 0.035 0.03 0.011 0.053 0.043
73 P 0.056 0.049 0.034 0.039 0.01 0.12 0.069 0.039 0.021 0.026 0.041 0.066 0.015 0.014 0.26 0.05 0.039 0.004 0.017 0.033
74 G 0.078 0.023 0.039 0.034 0.011 0.019 0.026 0.51 0.014 0.019 0.028 0.034 0.009 0.016 0.019 0.051 0.03 0.005 0.011 0.024
75 G 0.06 0.031 0.029 0.027 0.013 0.021 0.028 0.229 0.012 0.08 0.151 0.058 0.024 0.029 0.018 0.043 0.057 0.006 0.016 0.069
76 D 0.075 0.029 0.051 0.265 0.011 0.027 0.066 0.045 0.016 0.04 0.085 0.041 0.033 0.022 0.021 0.069 0.04 0.005 0.014 0.043
77 S 0.11 0.04 0.054 0.049 0.018 0.033 0.052 0.066 0.019 0.03 0.042 0.054 0.016 0.021 0.03 0.22 0.082 0.005 0.018 0.042
78 L 0.098 0.023 0.019 0.021 0.015 0.017 0.025 0.078 0.014 0.125 0.175 0.03 0.029 0.043 0.063 0.039 0.036 0.007 0.048 0.095
79 L 0.077 0.022 0.021 0.021 0.06 0.016 0.024 0.031 0.011 0.129 0.132 0.027 0.027 0.102 0.017 0.043 0.081 0.007 0.03 0.121
80 P 0.06 0.027 0.028 0.031 0.011 0.022 0.035 0.082 0.046 0.036 0.043 0.039 0.012 0.017 0.337 0.061 0.038 0.004 0.017 0.054
81 L 0.066 0.021 0.015 0.017 0.014 0.014 0.02 0.026 0.011 0.144 0.226 0.024 0.035 0.146 0.014 0.029 0.033 0.009 0.038 0.099
82 L 0.043 0.022 0.014 0.015 0.015 0.014 0.019 0.021 0.011 0.105 0.326 0.023 0.041 0.117 0.013 0.024 0.032 0.008 0.033 0.104
83 L 0.042 0.023 0.017 0.017 0.013 0.017 0.022 0.023 0.018 0.103 0.239 0.025 0.05 0.129 0.014 0.031 0.032 0.012 0.092 0.081
84 L 0.069 0.022 0.015 0.016 0.015 0.015 0.021 0.026 0.011 0.118 0.279 0.025 0.038 0.105 0.015 0.029 0.034 0.008 0.031 0.109
85 G 0.159 0.026 0.028 0.028 0.017 0.021 0.031 0.172 0.013 0.064 0.096 0.036 0.02 0.025 0.022 0.075 0.044 0.005 0.016 0.102
86 G 0.078 0.023 0.039 0.034 0.011 0.019 0.026 0.51 0.014 0.019 0.028 0.034 0.009 0.016 0.019 0.051 0.03 0.005 0.011 0.024
87 L 0.08 0.023 0.017 0.018 0.016 0.016 0.022 0.062 0.011 0.1 0.262 0.026 0.036 0.076 0.016 0.033 0.035 0.007 0.025 0.119
88 F 0.07 0.02 0.02 0.02 0.013 0.014 0.021 0.12 0.013 0.1 0.125 0.024 0.025 0.206 0.014 0.034 0.03 0.01 0.047 0.073
89 L 0.049 0.021 0.014 0.016 0.016 0.015 0.02 0.021 0.009 0.154 0.257 0.023 0.038 0.078 0.014 0.026 0.036 0.007 0.026 0.16
90 A 0.139 0.024 0.023 0.024 0.017 0.019 0.028 0.087 0.011 0.135 0.123 0.032 0.026 0.031 0.02 0.065 0.044 0.005 0.018 0.128
91 G 0.086 0.031 0.024 0.024 0.014 0.02 0.028 0.143 0.012 0.099 0.119 0.059 0.024 0.071 0.018 0.041 0.037 0.007 0.025 0.117
92 I 0.053 0.059 0.02 0.021 0.016 0.019 0.024 0.024 0.01 0.209 0.13 0.036 0.03 0.036 0.016 0.035 0.066 0.006 0.019 0.171
93 L 0.053 0.024 0.018 0.019 0.016 0.018 0.023 0.024 0.01 0.155 0.225 0.028 0.054 0.042 0.016 0.034 0.065 0.006 0.02 0.152
94 L 0.081 0.024 0.019 0.02 0.016 0.017 0.024 0.03 0.011 0.119 0.203 0.028 0.033 0.08 0.017 0.039 0.064 0.007 0.027 0.14
95 A 0.151 0.031 0.035 0.034 0.017 0.025 0.038 0.145 0.015 0.048 0.063 0.042 0.033 0.023 0.024 0.13 0.054 0.005 0.016 0.072
96 T 0.062 0.034 0.032 0.029 0.017 0.028 0.034 0.036 0.015 0.076 0.13 0.041 0.092 0.036 0.022 0.064 0.145 0.007 0.021 0.081
97 A 0.16 0.027 0.026 0.027 0.018 0.021 0.032 0.093 0.012 0.09 0.106 0.036 0.023 0.027 0.022 0.075 0.068 0.005 0.017 0.115
98 A 0.107 0.07 0.064 0.047 0.013 0.055 0.099 0.047 0.022 0.033 0.048 0.059 0.016 0.028 0.024 0.081 0.087 0.007 0.047 0.045
99 L 0.051 0.023 0.021 0.021 0.014 0.017 0.024 0.027 0.015 0.121 0.179 0.027 0.031 0.124 0.016 0.052 0.059 0.01 0.063 0.106
100 G 0.064 0.026 0.036 0.072 0.01 0.024 0.061 0.297 0.014 0.021 0.03 0.039 0.01 0.015 0.155 0.052 0.032 0.004 0.012 0.026
101 G 0.075 0.031 0.043 0.072 0.013 0.026 0.043 0.136 0.018 0.031 0.043 0.042 0.014 0.028 0.069 0.126 0.098 0.007 0.045 0.04
102 L 0.105 0.027 0.023 0.029 0.015 0.023 0.055 0.037 0.013 0.121 0.147 0.036 0.031 0.032 0.065 0.062 0.048 0.005 0.018 0.107
103 A 0.15 0.025 0.023 0.058 0.017 0.019 0.033 0.043 0.012 0.085 0.14 0.032 0.026 0.065 0.02 0.049 0.041 0.006 0.024 0.13
104 H 0.044 0.032 0.034 0.028 0.012 0.026 0.035 0.029 0.183 0.149 0.103 0.035 0.026 0.037 0.017 0.033 0.033 0.007 0.039 0.099
105 L 0.055 0.034 0.027 0.028 0.013 0.072 0.041 0.152 0.015 0.106 0.159 0.042 0.033 0.032 0.017 0.038 0.035 0.006 0.018 0.078
106 L 0.047 0.022 0.014 0.015 0.016 0.015 0.02 0.021 0.009 0.14 0.332 0.024 0.044 0.049 0.014 0.025 0.035 0.007 0.021 0.128
107 A 0.144 0.028 0.028 0.028 0.018 0.022 0.033 0.048 0.013 0.091 0.14 0.037 0.026 0.031 0.023 0.094 0.073 0.006 0.018 0.1
108 A 0.146 0.027 0.024 0.025 0.017 0.021 0.031 0.046 0.017 0.07 0.116 0.034 0.024 0.088 0.021 0.074 0.044 0.01 0.067 0.098
109 L 0.054 0.023 0.018 0.019 0.016 0.016 0.022 0.025 0.01 0.135 0.202 0.026 0.034 0.077 0.016 0.035 0.068 0.007 0.026 0.171
110 L 0.128 0.026 0.022 0.022 0.015 0.019 0.028 0.041 0.017 0.066 0.148 0.031 0.026 0.127 0.019 0.05 0.062 0.01 0.07 0.073
111 G 0.147 0.025 0.031 0.029 0.015 0.02 0.03 0.246 0.014 0.044 0.055 0.035 0.016 0.059 0.021 0.075 0.041 0.006 0.021 0.068
112 L 0.082 0.025 0.024 0.024 0.016 0.019 0.027 0.034 0.012 0.128 0.156 0.031 0.029 0.069 0.019 0.063 0.086 0.007 0.025 0.126
113 L 0.098 0.024 0.019 0.02 0.015 0.018 0.025 0.079 0.013 0.082 0.188 0.029 0.06 0.106 0.017 0.039 0.036 0.008 0.031 0.092
114 L 0.065 0.021 0.016 0.017 0.014 0.014 0.02 0.027 0.012 0.121 0.221 0.023 0.034 0.18 0.014 0.029 0.032 0.01 0.044 0.089
115 L 0.071 0.02 0.016 0.017 0.104 0.014 0.02 0.028 0.011 0.118 0.16 0.023 0.029 0.139 0.015 0.032 0.034 0.008 0.036 0.105
116 A 0.294 0.031 0.025 0.03 0.021 0.025 0.04 0.078 0.015 0.043 0.059 0.044 0.017 0.021 0.03 0.085 0.05 0.005 0.017 0.068
117 T 0.1 0.031 0.037 0.034 0.017 0.025 0.037 0.092 0.014 0.056 0.089 0.041 0.02 0.025 0.024 0.119 0.138 0.005 0.017 0.079
118 L 0.055 0.023 0.018 0.018 0.016 0.016 0.022 0.025 0.01 0.15 0.257 0.026 0.038 0.043 0.016 0.047 0.041 0.006 0.02 0.154
119 V 0.081 0.022 0.017 0.018 0.017 0.016 0.023 0.027 0.009 0.167 0.174 0.027 0.033 0.037 0.017 0.035 0.053 0.006 0.02 0.202
120 V 0.09 0.025 0.024 0.024 0.018 0.019 0.028 0.034 0.01 0.142 0.106 0.032 0.026 0.031 0.02 0.065 0.091 0.005 0.019 0.191
121 P 0.079 0.028 0.023 0.025 0.013 0.04 0.034 0.078 0.016 0.067 0.123 0.037 0.022 0.035 0.154 0.041 0.037 0.007 0.047 0.095
122 L 0.044 0.024 0.014 0.015 0.016 0.016 0.02 0.021 0.01 0.114 0.383 0.025 0.049 0.054 0.014 0.024 0.033 0.007 0.022 0.095
123 N 0.054 0.037 0.23 0.066 0.009 0.028 0.041 0.215 0.025 0.021 0.03 0.047 0.01 0.017 0.02 0.063 0.042 0.005 0.014 0.026
124 L 0.067 0.023 0.019 0.019 0.013 0.016 0.023 0.029 0.018 0.09 0.177 0.027 0.029 0.158 0.015 0.036 0.054 0.013 0.097 0.075
125 L 0.099 0.029 0.052 0.033 0.014 0.024 0.056 0.038 0.02 0.103 0.111 0.037 0.023 0.047 0.019 0.048 0.061 0.009 0.078 0.098
126 S 0.103 0.04 0.045 0.041 0.014 0.052 0.052 0.054 0.091 0.028 0.041 0.052 0.015 0.021 0.074 0.152 0.057 0.005 0.024 0.037
127 V 0.087 0.095 0.027 0.026 0.016 0.025 0.033 0.035 0.013 0.124 0.094 0.049 0.024 0.028 0.02 0.065 0.069 0.005 0.018 0.147
128 L 0.11 0.036 0.061 0.032 0.014 0.024 0.036 0.045 0.017 0.055 0.133 0.065 0.028 0.114 0.02 0.07 0.042 0.008 0.033 0.058
129 A 0.133 0.028 0.054 0.03 0.016 0.022 0.031 0.091 0.014 0.092 0.115 0.036 0.039 0.029 0.02 0.069 0.045 0.005 0.018 0.113
130 G 0.088 0.066 0.038 0.077 0.012 0.052 0.093 0.099 0.018 0.063 0.057 0.055 0.017 0.021 0.022 0.086 0.045 0.005 0.016 0.071
131 R 0.055 0.128 0.099 0.083 0.01 0.038 0.076 0.089 0.029 0.025 0.038 0.089 0.013 0.017 0.022 0.073 0.062 0.005 0.016 0.032
132 R 0.082 0.138 0.073 0.044 0.01 0.038 0.072 0.135 0.02 0.024 0.039 0.108 0.013 0.017 0.022 0.072 0.04 0.005 0.015 0.032
133 A 0.125 0.074 0.034 0.067 0.012 0.031 0.047 0.091 0.049 0.036 0.075 0.095 0.017 0.021 0.068 0.054 0.037 0.005 0.019 0.043
134 D 0.119 0.032 0.05 0.256 0.011 0.033 0.118 0.051 0.018 0.027 0.036 0.048 0.012 0.016 0.024 0.059 0.038 0.004 0.013 0.036
135 L 0.077 0.028 0.08 0.031 0.015 0.021 0.029 0.037 0.015 0.119 0.182 0.034 0.045 0.036 0.018 0.059 0.043 0.006 0.019 0.105
136 S 0.141 0.036 0.046 0.042 0.017 0.03 0.047 0.063 0.017 0.033 0.045 0.049 0.016 0.02 0.028 0.21 0.091 0.005 0.017 0.047
137 F 0.049 0.02 0.02 0.02 0.012 0.014 0.022 0.117 0.013 0.071 0.117 0.024 0.023 0.204 0.059 0.031 0.031 0.01 0.047 0.094
138 F 0.035 0.02 0.017 0.016 0.01 0.012 0.02 0.024 0.021 0.079 0.105 0.021 0.024 0.329 0.011 0.025 0.026 0.017 0.127 0.061
139 L 0.094 0.024 0.016 0.017 0.017 0.017 0.023 0.03 0.01 0.106 0.302 0.027 0.039 0.044 0.016 0.034 0.037 0.006 0.02 0.123
140 L 0.14 0.024 0.017 0.02 0.017 0.018 0.025 0.038 0.011 0.124 0.226 0.03 0.033 0.038 0.019 0.043 0.039 0.006 0.019 0.113
141 L 0.073 0.021 0.016 0.017 0.016 0.015 0.021 0.026 0.01 0.144 0.192 0.024 0.033 0.103 0.015 0.031 0.038 0.007 0.03 0.167
142 P 0.055 0.024 0.022 0.028 0.01 0.019 0.033 0.033 0.012 0.035 0.042 0.038 0.011 0.014 0.478 0.041 0.035 0.003 0.013 0.053
143 T 0.063 0.027 0.029 0.027 0.017 0.021 0.029 0.033 0.011 0.119 0.144 0.034 0.028 0.032 0.02 0.071 0.145 0.006 0.018 0.126
144 V 0.051 0.023 0.019 0.019 0.015 0.018 0.023 0.024 0.042 0.178 0.137 0.027 0.059 0.07 0.015 0.029 0.039 0.007 0.028 0.179
145 L 0.044 0.022 0.015 0.017 0.015 0.017 0.02 0.022 0.011 0.185 0.224 0.025 0.079 0.077 0.014 0.026 0.035 0.007 0.026 0.119
146 S 0.104 0.038 0.051 0.046 0.017 0.031 0.05 0.063 0.018 0.028 0.04 0.051 0.015 0.02 0.028 0.261 0.078 0.005 0.017 0.04
147 A 0.265 0.028 0.025 0.028 0.061 0.023 0.036 0.065 0.013 0.05 0.061 0.04 0.017 0.021 0.026 0.088 0.049 0.005 0.016 0.082
148 F 0.051 0.026 0.027 0.025 0.013 0.018 0.027 0.033 0.015 0.056 0.107 0.03 0.023 0.193 0.017 0.065 0.116 0.053 0.049 0.057
149 Q 0.053 0.07 0.042 0.045 0.008 0.256 0.098 0.039 0.028 0.025 0.045 0.086 0.02 0.014 0.022 0.053 0.039 0.006 0.02 0.033
150 N 0.04 0.043 0.353 0.079 0.009 0.032 0.047 0.062 0.03 0.021 0.03 0.051 0.011 0.017 0.019 0.066 0.047 0.004 0.015 0.026
151 L 0.055 0.021 0.015 0.016 0.017 0.015 0.02 0.022 0.008 0.166 0.224 0.024 0.036 0.041 0.015 0.027 0.04 0.006 0.02 0.212
152 Y 0.041 0.026 0.02 0.018 0.01 0.02 0.026 0.024 0.041 0.051 0.07 0.029 0.019 0.116 0.015 0.03 0.028 0.025 0.326 0.066
153 L 0.042 0.023 0.013 0.014 0.015 0.015 0.019 0.02 0.01 0.109 0.408 0.024 0.047 0.052 0.013 0.023 0.032 0.007 0.021 0.091
154 G 0.071 0.026 0.034 0.03 0.013 0.02 0.028 0.287 0.013 0.045 0.127 0.034 0.02 0.026 0.019 0.081 0.059 0.006 0.015 0.047
155 L 0.05 0.023 0.018 0.019 0.013 0.016 0.023 0.026 0.014 0.093 0.217 0.027 0.031 0.109 0.099 0.032 0.047 0.009 0.057 0.075
156 V 0.082 0.021 0.02 0.02 0.015 0.016 0.023 0.113 0.011 0.104 0.123 0.026 0.026 0.095 0.016 0.036 0.039 0.007 0.029 0.179
157 A 0.287 0.03 0.028 0.03 0.02 0.025 0.039 0.071 0.014 0.041 0.055 0.043 0.017 0.021 0.028 0.096 0.07 0.005 0.017 0.063
158 G 0.049 0.031 0.093 0.134 0.008 0.028 0.072 0.135 0.049 0.022 0.032 0.042 0.011 0.02 0.102 0.048 0.033 0.047 0.02 0.025
159 D 0.066 0.095 0.046 0.137 0.009 0.054 0.084 0.041 0.084 0.026 0.04 0.06 0.014 0.027 0.021 0.066 0.042 0.007 0.05 0.032
160 L 0.071 0.023 0.016 0.017 0.016 0.017 0.022 0.026 0.01 0.143 0.262 0.027 0.059 0.044 0.015 0.031 0.037 0.006 0.02 0.137
161 D 0.081 0.035 0.098 0.146 0.012 0.031 0.078 0.05 0.019 0.029 0.039 0.048 0.013 0.017 0.065 0.096 0.086 0.004 0.014 0.038
162 P 0.091 0.036 0.047 0.075 0.013 0.048 0.073 0.089 0.017 0.03 0.041 0.049 0.014 0.017 0.107 0.106 0.087 0.005 0.015 0.04
163 A 0.109 0.027 0.032 0.062 0.015 0.021 0.036 0.076 0.014 0.075 0.1 0.035 0.021 0.091 0.02 0.102 0.047 0.007 0.028 0.081
164 A 0.145 0.065 0.06 0.039 0.055 0.049 0.068 0.051 0.049 0.035 0.05 0.053 0.016 0.02 0.024 0.066 0.081 0.005 0.019 0.049
165 L 0.044 0.023 0.014 0.015 0.015 0.016 0.02 0.021 0.01 0.125 0.32 0.024 0.056 0.08 0.014 0.025 0.033 0.007 0.026 0.112
166 Q 0.052 0.095 0.042 0.043 0.008 0.234 0.093 0.038 0.035 0.025 0.044 0.088 0.019 0.014 0.022 0.052 0.038 0.006 0.02 0.033
167 V 0.098 0.023 0.017 0.019 0.016 0.017 0.024 0.032 0.012 0.104 0.137 0.027 0.042 0.13 0.016 0.037 0.039 0.008 0.036 0.167
168 L 0.072 0.023 0.016 0.017 0.016 0.016 0.022 0.026 0.01 0.127 0.243 0.026 0.05 0.074 0.015 0.031 0.037 0.007 0.026 0.146
169 L 0.047 0.021 0.014 0.016 0.016 0.014 0.019 0.021 0.009 0.184 0.278 0.024 0.04 0.046 0.014 0.025 0.036 0.006 0.02 0.153
170 I 0.061 0.024 0.023 0.023 0.016 0.019 0.026 0.03 0.011 0.197 0.127 0.03 0.043 0.036 0.018 0.071 0.067 0.006 0.019 0.154
171 L 0.05 0.023 0.019 0.019 0.015 0.017 0.023 0.025 0.013 0.131 0.208 0.027 0.033 0.079 0.016 0.036 0.076 0.009 0.053 0.129
172 N 0.048 0.041 0.251 0.065 0.009 0.031 0.046 0.097 0.087 0.022 0.031 0.048 0.011 0.019 0.02 0.076 0.044 0.005 0.021 0.026
173 F 0.036 0.019 0.015 0.016 0.011 0.012 0.019 0.024 0.014 0.104 0.108 0.02 0.025 0.264 0.011 0.024 0.028 0.097 0.065 0.089
174 L 0.117 0.023 0.017 0.019 0.017 0.018 0.024 0.034 0.011 0.149 0.211 0.029 0.048 0.039 0.018 0.039 0.039 0.006 0.02 0.123
175 L 0.046 0.02 0.014 0.017 0.016 0.014 0.018 0.021 0.009 0.225 0.238 0.024 0.041 0.047 0.014 0.024 0.037 0.006 0.021 0.148
176 F 0.039 0.021 0.021 0.051 0.011 0.015 0.026 0.025 0.021 0.102 0.1 0.024 0.024 0.217 0.013 0.028 0.03 0.015 0.129 0.088
177 A 0.191 0.034 0.038 0.037 0.018 0.028 0.043 0.064 0.016 0.037 0.05 0.046 0.016 0.021 0.028 0.157 0.1 0.005 0.017 0.055
178 L 0.078 0.021 0.019 0.02 0.015 0.016 0.022 0.112 0.01 0.132 0.16 0.026 0.029 0.066 0.016 0.035 0.037 0.006 0.023 0.155
179 L 0.103 0.024 0.022 0.023 0.017 0.018 0.026 0.076 0.011 0.125 0.147 0.031 0.028 0.033 0.019 0.048 0.081 0.006 0.018 0.144
180 L 0.049 0.024 0.018 0.018 0.016 0.017 0.022 0.024 0.01 0.12 0.306 0.027 0.04 0.045 0.016 0.035 0.076 0.006 0.02 0.112
181 L 0.045 0.021 0.016 0.016 0.055 0.015 0.02 0.023 0.017 0.088 0.2 0.023 0.031 0.15 0.013 0.027 0.032 0.012 0.091 0.106
182 L 0.094 0.024 0.018 0.019 0.016 0.017 0.024 0.032 0.011 0.094 0.266 0.028 0.036 0.073 0.017 0.039 0.056 0.007 0.025 0.104
183 V 0.062 0.022 0.023 0.022 0.015 0.017 0.023 0.152 0.01 0.129 0.129 0.028 0.041 0.032 0.017 0.039 0.059 0.006 0.017 0.157
184 L 0.044 0.021 0.014 0.015 0.015 0.014 0.019 0.021 0.01 0.142 0.318 0.023 0.042 0.079 0.013 0.024 0.033 0.007 0.026 0.119
185 L 0.12 0.026 0.023 0.024 0.015 0.02 0.029 0.04 0.016 0.096 0.121 0.032 0.039 0.104 0.019 0.065 0.061 0.009 0.057 0.083
186 L 0.094 0.024 0.022 0.022 0.016 0.019 0.026 0.076 0.011 0.111 0.194 0.03 0.031 0.036 0.018 0.064 0.043 0.006 0.019 0.136
187 I 0.063 0.07 0.081 0.034 0.054 0.026 0.035 0.038 0.016 0.09 0.073 0.066 0.02 0.027 0.019 0.051 0.085 0.048 0.021 0.086
188 A 0.29 0.031 0.026 0.03 0.022 0.026 0.04 0.078 0.015 0.043 0.059 0.045 0.018 0.022 0.03 0.085 0.05 0.005 0.018 0.069
189 G 0.078 0.023 0.039 0.034 0.011 0.019 0.026 0.51 0.014 0.019 0.028 0.034 0.009 0.016 0.019 0.051 0.03 0.005 0.011 0.024
190 R 0.049 0.214 0.069 0.072 0.009 0.04 0.052 0.083 0.02 0.025 0.041 0.115 0.014 0.017 0.021 0.051 0.057 0.005 0.015 0.032
191 P 0.052 0.031 0.028 0.062 0.011 0.021 0.036 0.078 0.014 0.053 0.092 0.058 0.019 0.093 0.154 0.042 0.056 0.006 0.027 0.067
192 P 0.059 0.101 0.033 0.032 0.011 0.049 0.044 0.082 0.017 0.042 0.055 0.08 0.016 0.054 0.111 0.066 0.061 0.006 0.022 0.061
193 K 0.099 0.084 0.063 0.039 0.012 0.035 0.049 0.089 0.018 0.029 0.043 0.14 0.014 0.017 0.066 0.076 0.068 0.005 0.016 0.039
194 F 0.069 0.028 0.031 0.029 0.014 0.021 0.032 0.101 0.015 0.06 0.085 0.035 0.04 0.121 0.05 0.101 0.047 0.008 0.034 0.079
195 D 0.054 0.036 0.081 0.136 0.01 0.035 0.105 0.11 0.059 0.028 0.038 0.049 0.013 0.019 0.022 0.06 0.087 0.005 0.019 0.035
196 N 0.054 0.037 0.226 0.066 0.01 0.029 0.041 0.214 0.025 0.021 0.03 0.047 0.011 0.017 0.02 0.063 0.043 0.005 0.014 0.026
197 P 0.091 0.084 0.035 0.042 0.011 0.061 0.086 0.044 0.03 0.027 0.042 0.078 0.014 0.016 0.161 0.076 0.043 0.005 0.017 0.036
198 A 0.29 0.031 0.026 0.03 0.022 0.026 0.04 0.078 0.015 0.043 0.059 0.045 0.018 0.022 0.03 0.085 0.05 0.005 0.018 0.069
199 V 0.07 0.022 0.016 0.018 0.019 0.016 0.023 0.025 0.008 0.165 0.13 0.026 0.032 0.036 0.016 0.033 0.049 0.006 0.021 0.269
200 P 0.057 0.026 0.023 0.031 0.01 0.021 0.036 0.036 0.013 0.026 0.036 0.041 0.01 0.013 0.494 0.044 0.036 0.003 0.013 0.031
201 D 0.041 0.03 0.069 0.397 0.008 0.03 0.091 0.047 0.019 0.022 0.028 0.045 0.009 0.015 0.022 0.052 0.035 0.004 0.011 0.024
202 P 0.057 0.026 0.023 0.031 0.01 0.021 0.036 0.036 0.013 0.026 0.036 0.041 0.01 0.013 0.494 0.044 0.036 0.003 0.013 0.031
203 V 0.07 0.022 0.016 0.018 0.019 0.016 0.023 0.025 0.008 0.165 0.13 0.026 0.032 0.036 0.016 0.033 0.049 0.006 0.021 0.269
204 A 0.29 0.031 0.026 0.03 0.022 0.026 0.04 0.078 0.015 0.043 0.059 0.045 0.018 0.022 0.03 0.085 0.05 0.005 0.018 0.069
205 D 0.041 0.03 0.069 0.397 0.008 0.03 0.091 0.047 0.019 0.022 0.028 0.045 0.009 0.015 0.022 0.052 0.035 0.004 0.011 0.024
206 R 0.143 0.145 0.036 0.042 0.014 0.04 0.091 0.053 0.02 0.03 0.047 0.075 0.015 0.019 0.025 0.091 0.047 0.005 0.017 0.044
207 R 0.05 0.126 0.026 0.024 0.012 0.056 0.041 0.029 0.016 0.076 0.119 0.06 0.025 0.033 0.016 0.036 0.037 0.077 0.026 0.114
208 R 0.045 0.343 0.039 0.031 0.008 0.049 0.052 0.033 0.023 0.023 0.047 0.121 0.016 0.017 0.019 0.045 0.035 0.006 0.017 0.031
209 D 0.041 0.03 0.069 0.395 0.008 0.03 0.092 0.047 0.019 0.022 0.028 0.045 0.009 0.015 0.022 0.052 0.036 0.004 0.011 0.024
210 L 0.045 0.024 0.014 0.015 0.016 0.016 0.02 0.021 0.01 0.116 0.373 0.025 0.05 0.055 0.014 0.024 0.034 0.007 0.022 0.097
211 A 0.287 0.031 0.026 0.03 0.022 0.026 0.041 0.079 0.015 0.043 0.06 0.045 0.018 0.022 0.03 0.085 0.05 0.005 0.018 0.069
212 S 0.11 0.04 0.054 0.049 0.018 0.033 0.053 0.067 0.019 0.03 0.042 0.054 0.016 0.021 0.03 0.217 0.082 0.005 0.018 0.042
213 R 0.045 0.343 0.039 0.031 0.008 0.049 0.052 0.033 0.023 0.023 0.047 0.121 0.016 0.017 0.019 0.045 0.035 0.006 0.017 0.031
214 P 0.057 0.026 0.023 0.031 0.01 0.021 0.036 0.036 0.013 0.026 0.036 0.041 0.01 0.013 0.492 0.044 0.036 0.003 0.013 0.031
215 R 0.045 0.343 0.039 0.031 0.008 0.049 0.052 0.033 0.023 0.023 0.047 0.121 0.016 0.017 0.019 0.045 0.035 0.006 0.017 0.031
216 R 0.045 0.343 0.039 0.031 0.008 0.049 0.052 0.033 0.023 0.023 0.047 0.121 0.016 0.017 0.019 0.045 0.035 0.006 0.017 0.031
217 R 0.045 0.343 0.039 0.031 0.008 0.049 0.052 0.033 0.023 0.023 0.047 0.121 0.016 0.017 0.019 0.045 0.035 0.006 0.017 0.031
218 H 0.042 0.046 0.054 0.038 0.008 0.038 0.054 0.038 0.353 0.023 0.038 0.046 0.015 0.031 0.019 0.042 0.027 0.008 0.058 0.023
219 A 0.287 0.031 0.026 0.03 0.022 0.026 0.041 0.079 0.015 0.043 0.06 0.045 0.018 0.022 0.03 0.085 0.05 0.005 0.018 0.069
220 G 0.079 0.023 0.039 0.034 0.011 0.019 0.026 0.508 0.014 0.019 0.028 0.034 0.009 0.016 0.019 0.051 0.03 0.005 0.011 0.024
221 R 0.057 0.131 0.044 0.089 0.011 0.062 0.056 0.108 0.019 0.031 0.045 0.07 0.015 0.018 0.022 0.06 0.101 0.005 0.016 0.04
222 K 0.083 0.111 0.035 0.034 0.012 0.072 0.054 0.082 0.018 0.048 0.056 0.127 0.018 0.019 0.022 0.066 0.042 0.005 0.017 0.08
223 L 0.071 0.035 0.023 0.031 0.014 0.028 0.079 0.03 0.014 0.077 0.257 0.059 0.034 0.038 0.019 0.04 0.055 0.006 0.019 0.072
224 L 0.092 0.03 0.02 0.021 0.013 0.02 0.029 0.034 0.018 0.085 0.136 0.052 0.025 0.111 0.059 0.038 0.035 0.011 0.085 0.087
225 R 0.052 0.187 0.062 0.037 0.01 0.074 0.054 0.038 0.021 0.048 0.051 0.096 0.016 0.018 0.062 0.068 0.041 0.005 0.017 0.042
226 W 0.066 0.096 0.026 0.025 0.012 0.028 0.036 0.034 0.015 0.074 0.07 0.09 0.019 0.032 0.018 0.046 0.057 0.134 0.029 0.093
227 L 0.084 0.027 0.027 0.026 0.016 0.021 0.029 0.077 0.014 0.077 0.154 0.034 0.026 0.039 0.02 0.068 0.102 0.007 0.046 0.105
228 L 0.099 0.055 0.023 0.022 0.016 0.021 0.029 0.035 0.012 0.088 0.165 0.037 0.028 0.065 0.019 0.047 0.08 0.007 0.024 0.128
229 L 0.099 0.023 0.02 0.02 0.015 0.017 0.024 0.076 0.012 0.091 0.164 0.028 0.027 0.1 0.017 0.041 0.05 0.05 0.033 0.092
230 V 0.074 0.026 0.026 0.025 0.078 0.02 0.029 0.046 0.015 0.082 0.091 0.032 0.037 0.068 0.018 0.09 0.048 0.008 0.051 0.136
231 L 0.046 0.021 0.016 0.017 0.015 0.015 0.019 0.067 0.009 0.173 0.282 0.024 0.039 0.045 0.014 0.026 0.034 0.006 0.02 0.113
232 A 0.183 0.025 0.019 0.022 0.018 0.019 0.029 0.047 0.012 0.098 0.14 0.032 0.026 0.063 0.021 0.052 0.042 0.006 0.024 0.122
233 V 0.082 0.023 0.02 0.025 0.016 0.02 0.048 0.07 0.011 0.14 0.131 0.03 0.028 0.04 0.017 0.037 0.041 0.006 0.02 0.196
234 L 0.047 0.022 0.014 0.016 0.016 0.016 0.02 0.021 0.009 0.166 0.28 0.025 0.054 0.046 0.014 0.025 0.036 0.006 0.021 0.146
235 L 0.08 0.022 0.018 0.019 0.017 0.017 0.023 0.028 0.01 0.158 0.215 0.027 0.035 0.04 0.017 0.036 0.059 0.006 0.02 0.155
236 L 0.078 0.023 0.02 0.021 0.015 0.017 0.024 0.073 0.011 0.109 0.174 0.027 0.03 0.099 0.016 0.052 0.04 0.007 0.029 0.133
237 Y 0.041 0.036 0.025 0.024 0.009 0.077 0.042 0.027 0.033 0.046 0.096 0.041 0.022 0.14 0.016 0.034 0.03 0.018 0.197 0.047
238 G 0.107 0.03 0.042 0.038 0.014 0.025 0.037 0.259 0.015 0.027 0.038 0.042 0.013 0.018 0.024 0.143 0.072 0.005 0.014 0.037
239 A 0.166 0.025 0.021 0.023 0.017 0.019 0.029 0.046 0.012 0.092 0.114 0.032 0.024 0.094 0.02 0.054 0.061 0.007 0.029 0.114
240 L 0.141 0.023 0.018 0.02 0.017 0.017 0.025 0.039 0.011 0.14 0.156 0.029 0.029 0.066 0.019 0.044 0.04 0.006 0.024 0.134
241 L 0.059 0.028 0.028 0.026 0.016 0.021 0.028 0.074 0.012 0.075 0.23 0.033 0.032 0.036 0.019 0.067 0.12 0.006 0.018 0.073
242 L 0.057 0.024 0.02 0.02 0.015 0.018 0.024 0.069 0.011 0.117 0.192 0.028 0.06 0.07 0.016 0.049 0.04 0.007 0.025 0.138
243 L 0.1 0.022 0.018 0.019 0.016 0.016 0.023 0.073 0.01 0.118 0.177 0.027 0.03 0.067 0.017 0.038 0.039 0.007 0.024 0.156
244 L 0.044 0.021 0.014 0.015 0.015 0.014 0.019 0.022 0.011 0.105 0.286 0.023 0.038 0.141 0.013 0.025 0.032 0.009 0.037 0.117
245 F 0.041 0.024 0.023 0.021 0.011 0.017 0.026 0.028 0.052 0.054 0.096 0.026 0.036 0.273 0.013 0.047 0.03 0.015 0.116 0.05
246 G 0.062 0.089 0.061 0.037 0.01 0.045 0.041 0.206 0.017 0.022 0.034 0.055 0.012 0.015 0.145 0.065 0.037 0.004 0.013 0.028
247 A 0.169 0.031 0.058 0.034 0.016 0.024 0.037 0.096 0.039 0.04 0.056 0.04 0.016 0.054 0.034 0.07 0.102 0.006 0.024 0.054
248 N 0.062 0.039 0.122 0.09 0.011 0.035 0.097 0.05 0.052 0.026 0.036 0.052 0.013 0.018 0.065 0.109 0.069 0.005 0.018 0.033
249 P 0.05 0.022 0.021 0.023 0.012 0.017 0.026 0.07 0.012 0.094 0.131 0.03 0.023 0.093 0.183 0.037 0.053 0.006 0.027 0.069
250 V 0.115 0.025 0.024 0.025 0.017 0.02 0.029 0.039 0.011 0.131 0.094 0.034 0.024 0.028 0.063 0.056 0.108 0.005 0.018 0.134
251 A 0.211 0.031 0.035 0.035 0.017 0.026 0.04 0.147 0.015 0.033 0.046 0.044 0.015 0.019 0.026 0.135 0.054 0.005 0.016 0.05
252 A 0.214 0.029 0.025 0.026 0.017 0.024 0.035 0.056 0.019 0.05 0.097 0.039 0.035 0.042 0.024 0.078 0.044 0.009 0.074 0.064
253 L 0.061 0.022 0.015 0.016 0.015 0.015 0.02 0.024 0.011 0.122 0.286 0.024 0.039 0.109 0.014 0.028 0.033 0.008 0.031 0.109
254 A 0.25 0.031 0.032 0.033 0.019 0.026 0.04 0.11 0.015 0.036 0.05 0.044 0.016 0.02 0.027 0.123 0.053 0.005 0.016 0.055
255 S 0.101 0.038 0.05 0.045 0.017 0.031 0.049 0.061 0.018 0.03 0.042 0.051 0.015 0.02 0.028 0.246 0.095 0.005 0.017 0.042
256 L 0.095 0.025 0.022 0.022 0.015 0.018 0.027 0.036 0.013 0.089 0.176 0.03 0.043 0.132 0.018 0.059 0.058 0.009 0.035 0.077
257 R 0.042 0.379 0.037 0.029 0.007 0.046 0.05 0.031 0.022 0.022 0.044 0.114 0.015 0.016 0.018 0.042 0.033 0.005 0.016 0.029
258 N 0.04 0.043 0.353 0.079 0.009 0.032 0.047 0.062 0.03 0.021 0.03 0.051 0.011 0.017 0.019 0.066 0.047 0.004 0.015 0.026
259 L 0.045 0.02 0.014 0.016 0.016 0.014 0.018 0.02 0.009 0.213 0.26 0.023 0.04 0.045 0.014 0.024 0.036 0.006 0.02 0.147
260 L 0.104 0.026 0.022 0.022 0.017 0.02 0.028 0.036 0.011 0.113 0.18 0.032 0.045 0.036 0.019 0.061 0.064 0.006 0.019 0.141
261 A 0.201 0.031 0.033 0.032 0.018 0.025 0.038 0.101 0.014 0.041 0.054 0.042 0.017 0.021 0.027 0.095 0.128 0.005 0.016 0.06
262 P 0.054 0.024 0.022 0.028 0.052 0.019 0.033 0.034 0.012 0.026 0.037 0.037 0.01 0.013 0.478 0.041 0.034 0.003 0.012 0.031
263 L 0.043 0.025 0.016 0.017 0.014 0.019 0.022 0.024 0.013 0.105 0.215 0.027 0.105 0.11 0.013 0.028 0.033 0.051 0.036 0.084
264 L 0.042 0.023 0.013 0.015 0.015 0.015 0.019 0.02 0.009 0.126 0.387 0.024 0.046 0.051 0.013 0.023 0.032 0.007 0.021 0.098
265 F 0.035 0.018 0.015 0.016 0.011 0.011 0.018 0.023 0.014 0.122 0.121 0.019 0.027 0.325 0.011 0.024 0.027 0.013 0.068 0.081
266 L 0.043 0.023 0.02 0.019 0.013 0.016 0.022 0.025 0.015 0.077 0.222 0.026 0.032 0.175 0.015 0.035 0.071 0.011 0.069 0.07
267 L 0.046 0.024 0.017 0.017 0.056 0.016 0.021 0.023 0.013 0.093 0.322 0.026 0.04 0.053 0.015 0.03 0.053 0.008 0.048 0.082
268 L 0.047 0.02 0.015 0.016 0.015 0.014 0.02 0.022 0.013 0.174 0.175 0.023 0.032 0.111 0.014 0.026 0.036 0.009 0.058 0.16
269 G 0.079 0.024 0.039 0.034 0.011 0.02 0.028 0.457 0.014 0.02 0.029 0.035 0.01 0.016 0.02 0.084 0.036 0.005 0.011 0.026
270 L 0.043 0.021 0.015 0.016 0.014 0.014 0.019 0.021 0.013 0.149 0.244 0.023 0.036 0.115 0.013 0.025 0.033 0.01 0.059 0.118
271 L 0.066 0.028 0.023 0.02 0.012 0.021 0.029 0.029 0.085 0.07 0.179 0.031 0.028 0.068 0.016 0.033 0.031 0.013 0.137 0.08
272 A 0.224 0.03 0.029 0.03 0.018 0.024 0.037 0.103 0.014 0.051 0.068 0.041 0.032 0.023 0.025 0.1 0.05 0.005 0.017 0.079
273 S 0.116 0.031 0.062 0.038 0.015 0.025 0.039 0.053 0.017 0.06 0.065 0.041 0.018 0.088 0.023 0.141 0.075 0.007 0.028 0.058
274 R 0.086 0.164 0.036 0.033 0.053 0.038 0.048 0.042 0.018 0.033 0.049 0.133 0.016 0.018 0.023 0.075 0.067 0.005 0.016 0.046
275 R 0.049 0.126 0.084 0.037 0.01 0.049 0.045 0.038 0.02 0.062 0.063 0.082 0.018 0.057 0.018 0.06 0.04 0.049 0.027 0.067
276 V 0.146 0.024 0.02 0.022 0.018 0.019 0.027 0.041 0.011 0.143 0.129 0.031 0.027 0.032 0.02 0.05 0.063 0.005 0.018 0.154
277 D 0.056 0.076 0.077 0.137 0.093 0.032 0.055 0.044 0.049 0.027 0.039 0.083 0.013 0.018 0.021 0.083 0.042 0.005 0.017 0.033
278 L 0.073 0.025 0.023 0.021 0.015 0.018 0.026 0.041 0.035 0.086 0.192 0.029 0.03 0.1 0.017 0.042 0.076 0.008 0.032 0.109
279 R 0.07 0.105 0.07 0.105 0.01 0.054 0.059 0.086 0.051 0.027 0.039 0.104 0.014 0.017 0.022 0.068 0.039 0.005 0.018 0.036
280 R 0.074 0.129 0.058 0.033 0.012 0.033 0.043 0.038 0.02 0.049 0.085 0.103 0.019 0.031 0.021 0.053 0.079 0.007 0.045 0.068
281 Y 0.037 0.053 0.02 0.018 0.01 0.02 0.026 0.024 0.032 0.05 0.103 0.033 0.022 0.183 0.014 0.029 0.027 0.021 0.23 0.049
282 L 0.044 0.023 0.017 0.017 0.013 0.017 0.021 0.064 0.018 0.101 0.27 0.026 0.036 0.066 0.014 0.027 0.031 0.011 0.103 0.08
283 K 0.073 0.174 0.035 0.033 0.009 0.041 0.051 0.08 0.019 0.028 0.048 0.177 0.015 0.05 0.022 0.048 0.035 0.006 0.022 0.034
284 Y 0.066 0.026 0.02 0.019 0.011 0.02 0.026 0.071 0.028 0.054 0.127 0.03 0.037 0.082 0.015 0.034 0.03 0.059 0.19 0.054
285 L 0.049 0.022 0.015 0.016 0.016 0.016 0.02 0.021 0.009 0.17 0.256 0.025 0.053 0.044 0.014 0.026 0.038 0.006 0.02 0.164
286 T 0.073 0.036 0.043 0.038 0.018 0.028 0.039 0.043 0.014 0.053 0.065 0.045 0.02 0.024 0.028 0.093 0.246 0.006 0.018 0.071
287 V 0.088 0.024 0.024 0.024 0.099 0.018 0.028 0.037 0.012 0.081 0.086 0.03 0.022 0.091 0.019 0.078 0.066 0.007 0.028 0.138
288 V 0.097 0.056 0.05 0.027 0.014 0.023 0.031 0.039 0.018 0.083 0.087 0.04 0.036 0.071 0.018 0.06 0.041 0.051 0.055 0.102
289 L 0.045 0.022 0.016 0.017 0.015 0.015 0.02 0.022 0.009 0.171 0.296 0.025 0.041 0.046 0.015 0.029 0.055 0.006 0.02 0.115
290 G 0.14 0.026 0.034 0.032 0.014 0.021 0.031 0.298 0.014 0.05 0.047 0.037 0.014 0.02 0.022 0.09 0.042 0.005 0.014 0.048
291 I 0.072 0.022 0.019 0.02 0.014 0.017 0.024 0.031 0.014 0.131 0.125 0.027 0.026 0.079 0.015 0.05 0.038 0.094 0.06 0.122
292 V 0.079 0.021 0.017 0.018 0.057 0.015 0.022 0.029 0.011 0.114 0.139 0.025 0.042 0.131 0.015 0.034 0.037 0.008 0.035 0.149
293 V 0.111 0.024 0.022 0.023 0.018 0.019 0.028 0.036 0.01 0.13 0.103 0.031 0.026 0.03 0.02 0.063 0.069 0.005 0.019 0.213
294 I 0.052 0.019 0.014 0.016 0.016 0.014 0.019 0.021 0.008 0.222 0.188 0.023 0.035 0.041 0.014 0.026 0.04 0.006 0.02 0.204
295 L 0.127 0.026 0.023 0.024 0.017 0.02 0.029 0.042 0.012 0.102 0.166 0.033 0.028 0.066 0.02 0.078 0.045 0.006 0.024 0.112
296 F 0.035 0.018 0.016 0.016 0.011 0.011 0.018 0.024 0.015 0.068 0.11 0.019 0.025 0.387 0.011 0.025 0.026 0.015 0.079 0.073
297 G 0.095 0.022 0.036 0.032 0.011 0.018 0.025 0.497 0.013 0.02 0.029 0.033 0.01 0.016 0.019 0.051 0.03 0.005 0.011 0.027
298 F 0.041 0.019 0.015 0.016 0.013 0.012 0.019 0.023 0.013 0.122 0.144 0.02 0.029 0.261 0.012 0.025 0.031 0.012 0.057 0.117
299 L 0.045 0.021 0.016 0.016 0.014 0.015 0.02 0.022 0.016 0.148 0.191 0.024 0.032 0.12 0.014 0.026 0.034 0.011 0.086 0.132
300 E 0.052 0.047 0.038 0.085 0.007 0.061 0.333 0.033 0.024 0.021 0.035 0.072 0.012 0.016 0.024 0.052 0.035 0.005 0.016 0.03
301 Y 0.069 0.115 0.026 0.023 0.011 0.027 0.034 0.033 0.026 0.046 0.113 0.052 0.021 0.062 0.017 0.054 0.035 0.055 0.134 0.048
302 F 0.043 0.025 0.075 0.029 0.012 0.017 0.026 0.033 0.019 0.078 0.14 0.029 0.025 0.201 0.014 0.051 0.035 0.012 0.074 0.062
303 L 0.047 0.024 0.02 0.019 0.014 0.018 0.024 0.024 0.02 0.135 0.187 0.028 0.032 0.067 0.016 0.035 0.067 0.012 0.111 0.098
304 G 0.085 0.029 0.034 0.062 0.014 0.04 0.039 0.162 0.013 0.065 0.089 0.039 0.02 0.024 0.02 0.055 0.094 0.005 0.016 0.094
305 P 0.052 0.035 0.079 0.038 0.01 0.024 0.038 0.039 0.016 0.033 0.068 0.063 0.014 0.017 0.312 0.049 0.057 0.004 0.014 0.037
306 D 0.056 0.044 0.078 0.198 0.009 0.068 0.071 0.088 0.028 0.023 0.033 0.074 0.012 0.016 0.022 0.086 0.043 0.004 0.015 0.028
307 F 0.04 0.019 0.015 0.016 0.013 0.012 0.019 0.023 0.013 0.105 0.165 0.02 0.03 0.262 0.012 0.025 0.03 0.012 0.058 0.111
308 W 0.029 0.022 0.014 0.014 0.007 0.014 0.022 0.029 0.014 0.029 0.05 0.022 0.014 0.057 0.007 0.022 0.022 0.519 0.065 0.029
309 E 0.05 0.04 0.031 0.051 0.011 0.083 0.12 0.031 0.021 0.082 0.093 0.054 0.021 0.032 0.062 0.045 0.056 0.007 0.046 0.063
310 A 0.121 0.087 0.033 0.062 0.013 0.027 0.041 0.046 0.019 0.037 0.055 0.05 0.016 0.064 0.021 0.078 0.076 0.051 0.054 0.047
311 L 0.112 0.023 0.017 0.019 0.016 0.016 0.023 0.034 0.012 0.117 0.229 0.027 0.034 0.104 0.017 0.038 0.035 0.008 0.03 0.091
312 N 0.052 0.035 0.241 0.07 0.009 0.027 0.04 0.219 0.024 0.02 0.029 0.045 0.01 0.016 0.019 0.06 0.04 0.005 0.013 0.025
313 L 0.043 0.02 0.014 0.016 0.015 0.014 0.018 0.02 0.009 0.209 0.284 0.023 0.041 0.047 0.014 0.023 0.035 0.006 0.02 0.129
314 R 0.083 0.103 0.039 0.045 0.011 0.057 0.099 0.043 0.05 0.028 0.043 0.087 0.015 0.018 0.065 0.089 0.063 0.005 0.019 0.037
315 E 0.074 0.076 0.042 0.091 0.01 0.039 0.1 0.051 0.08 0.032 0.052 0.098 0.03 0.021 0.022 0.057 0.056 0.006 0.022 0.039
316 L 0.042 0.023 0.013 0.014 0.015 0.015 0.019 0.02 0.01 0.109 0.408 0.024 0.047 0.052 0.013 0.023 0.032 0.007 0.021 0.091
317 W 0.029 0.022 0.014 0.014 0.007 0.014 0.022 0.029 0.014 0.029 0.05 0.022 0.014 0.057 0.007 0.022 0.022 0.519 0.065 0.029
318 E 0.104 0.039 0.069 0.126 0.011 0.042 0.172 0.049 0.021 0.026 0.037 0.057 0.013 0.017 0.025 0.092 0.045 0.005 0.015 0.036
319 L 0.094 0.058 0.054 0.032 0.013 0.033 0.045 0.041 0.016 0.056 0.165 0.151 0.025 0.028 0.022 0.048 0.038 0.006 0.018 0.056
320 K 0.054 0.102 0.039 0.039 0.008 0.051 0.067 0.041 0.02 0.026 0.041 0.316 0.015 0.015 0.026 0.051 0.038 0.005 0.016 0.031
