#Seq2Logo.py -f /work3/idamei/ssn-clusterings/clustering/2205111339/clusters/0070_58/sequences.afa -o /work3/idamei/ssn-clusterings/clustering/2205111339/clusters/0070_58/sequences.logo
#Position Specific Frequency Matrix
A R N D C Q E G H I L K M F P S T W Y V
0 M 0.041 0.025 0.016 0.016 0.013 0.022 0.022 0.022 0.013 0.079 0.155 0.028 0.339 0.038 0.013 0.028 0.032 0.006 0.019 0.073
1 A 0.29 0.031 0.026 0.03 0.022 0.026 0.04 0.078 0.015 0.043 0.059 0.045 0.018 0.022 0.03 0.085 0.05 0.005 0.018 0.069
2 Y 0.04 0.028 0.022 0.019 0.009 0.022 0.028 0.025 0.047 0.044 0.068 0.031 0.019 0.131 0.016 0.031 0.028 0.028 0.318 0.047
3 V 0.07 0.022 0.016 0.018 0.019 0.016 0.023 0.025 0.008 0.165 0.13 0.026 0.032 0.036 0.016 0.033 0.049 0.006 0.021 0.269
4 I 0.047 0.018 0.015 0.018 0.016 0.013 0.018 0.021 0.009 0.271 0.168 0.024 0.037 0.044 0.015 0.025 0.04 0.006 0.021 0.177
5 I 0.047 0.018 0.015 0.018 0.016 0.013 0.018 0.021 0.009 0.271 0.168 0.024 0.037 0.044 0.015 0.025 0.04 0.006 0.021 0.177
6 G 0.078 0.023 0.039 0.034 0.011 0.019 0.026 0.51 0.014 0.019 0.028 0.034 0.009 0.016 0.019 0.051 0.03 0.005 0.011 0.024
7 R 0.045 0.345 0.039 0.031 0.008 0.048 0.052 0.033 0.023 0.023 0.047 0.12 0.016 0.017 0.019 0.045 0.035 0.006 0.017 0.031
8 S 0.11 0.04 0.054 0.049 0.018 0.033 0.052 0.066 0.019 0.03 0.042 0.054 0.016 0.021 0.03 0.22 0.082 0.005 0.018 0.042
9 E 0.055 0.05 0.04 0.09 0.007 0.064 0.296 0.035 0.026 0.022 0.037 0.076 0.013 0.017 0.026 0.055 0.037 0.006 0.017 0.031
10 S 0.11 0.04 0.054 0.049 0.018 0.033 0.052 0.066 0.019 0.03 0.042 0.054 0.016 0.021 0.03 0.22 0.082 0.005 0.018 0.042
11 C 0.065 0.016 0.016 0.016 0.484 0.012 0.016 0.032 0.008 0.045 0.065 0.02 0.016 0.02 0.016 0.041 0.037 0.004 0.012 0.057
12 A 0.29 0.031 0.026 0.03 0.022 0.026 0.04 0.078 0.015 0.043 0.059 0.045 0.018 0.022 0.03 0.085 0.05 0.005 0.018 0.069
13 L 0.052 0.032 0.02 0.02 0.016 0.028 0.028 0.028 0.016 0.1 0.197 0.036 0.161 0.048 0.016 0.036 0.04 0.008 0.024 0.092
14 K 0.06 0.078 0.08 0.073 0.01 0.036 0.065 0.035 0.019 0.066 0.069 0.133 0.024 0.019 0.024 0.071 0.05 0.004 0.014 0.071
15 I 0.046 0.055 0.034 0.046 0.011 0.047 0.043 0.028 0.024 0.146 0.135 0.072 0.022 0.033 0.016 0.073 0.043 0.006 0.041 0.078
16 G 0.084 0.068 0.047 0.038 0.012 0.03 0.079 0.098 0.017 0.066 0.097 0.061 0.019 0.028 0.02 0.071 0.07 0.006 0.033 0.056
17 S 0.06 0.083 0.054 0.033 0.012 0.028 0.037 0.074 0.017 0.048 0.071 0.066 0.036 0.08 0.019 0.088 0.06 0.042 0.029 0.062
18 I 0.056 0.024 0.024 0.024 0.017 0.018 0.025 0.028 0.01 0.199 0.133 0.031 0.031 0.037 0.019 0.047 0.109 0.006 0.02 0.141
19 N 0.045 0.031 0.166 0.05 0.013 0.024 0.034 0.043 0.02 0.146 0.1 0.039 0.024 0.031 0.017 0.047 0.045 0.005 0.018 0.102
20 G 0.099 0.034 0.049 0.044 0.015 0.028 0.043 0.214 0.017 0.026 0.037 0.047 0.014 0.019 0.026 0.165 0.064 0.005 0.015 0.036
21 N 0.081 0.035 0.132 0.05 0.013 0.029 0.062 0.05 0.02 0.062 0.06 0.044 0.017 0.055 0.021 0.1 0.05 0.026 0.024 0.068
22 G 0.064 0.057 0.034 0.031 0.011 0.038 0.036 0.294 0.015 0.046 0.067 0.074 0.016 0.044 0.019 0.057 0.034 0.006 0.018 0.04
23 K 0.05 0.074 0.098 0.07 0.009 0.068 0.056 0.076 0.02 0.045 0.077 0.144 0.017 0.019 0.021 0.059 0.038 0.005 0.016 0.04
24 N 0.043 0.045 0.315 0.083 0.009 0.034 0.05 0.065 0.032 0.023 0.032 0.054 0.011 0.018 0.02 0.07 0.05 0.005 0.016 0.027
25 S 0.11 0.04 0.054 0.049 0.018 0.033 0.053 0.066 0.019 0.03 0.042 0.054 0.016 0.021 0.03 0.218 0.082 0.005 0.018 0.042
26 L 0.043 0.02 0.014 0.015 0.014 0.014 0.018 0.02 0.009 0.16 0.313 0.023 0.038 0.06 0.034 0.023 0.032 0.006 0.022 0.121
27 K 0.045 0.127 0.029 0.028 0.009 0.05 0.056 0.041 0.038 0.041 0.06 0.129 0.015 0.038 0.017 0.064 0.046 0.014 0.095 0.057
28 W 0.035 0.025 0.018 0.017 0.008 0.018 0.025 0.027 0.031 0.037 0.06 0.027 0.017 0.095 0.012 0.027 0.025 0.261 0.195 0.038
29 A 0.17 0.024 0.02 0.024 0.019 0.019 0.029 0.049 0.012 0.159 0.113 0.034 0.027 0.033 0.022 0.055 0.045 0.006 0.019 0.122
30 Y 0.048 0.039 0.031 0.054 0.008 0.043 0.164 0.03 0.036 0.033 0.052 0.053 0.016 0.073 0.021 0.043 0.032 0.017 0.169 0.039
31 L 0.046 0.021 0.014 0.016 0.016 0.015 0.019 0.021 0.009 0.195 0.273 0.024 0.043 0.049 0.014 0.025 0.036 0.006 0.021 0.136
32 A 0.17 0.024 0.02 0.024 0.019 0.019 0.029 0.049 0.012 0.159 0.113 0.034 0.027 0.033 0.022 0.055 0.045 0.006 0.019 0.122
33 L 0.048 0.028 0.017 0.018 0.016 0.022 0.024 0.025 0.013 0.107 0.287 0.031 0.107 0.051 0.015 0.03 0.037 0.008 0.023 0.094
34 P 0.175 0.028 0.024 0.03 0.016 0.023 0.038 0.057 0.014 0.034 0.048 0.043 0.014 0.017 0.263 0.064 0.043 0.004 0.015 0.05
35 L 0.057 0.023 0.015 0.016 0.018 0.016 0.022 0.023 0.009 0.139 0.254 0.026 0.04 0.045 0.015 0.028 0.041 0.006 0.021 0.184
36 G 0.186 0.027 0.032 0.032 0.016 0.022 0.033 0.295 0.014 0.031 0.044 0.039 0.013 0.019 0.024 0.068 0.04 0.005 0.014 0.046
37 F 0.052 0.02 0.017 0.017 0.015 0.013 0.021 0.025 0.012 0.113 0.122 0.022 0.028 0.213 0.013 0.029 0.037 0.011 0.054 0.164
38 F 0.052 0.02 0.017 0.017 0.015 0.013 0.021 0.025 0.012 0.113 0.122 0.022 0.028 0.213 0.013 0.029 0.037 0.011 0.054 0.164
39 A 0.182 0.026 0.021 0.024 0.02 0.021 0.032 0.051 0.011 0.103 0.094 0.035 0.024 0.029 0.023 0.059 0.049 0.005 0.019 0.17
40 I 0.047 0.018 0.015 0.018 0.016 0.013 0.018 0.02 0.009 0.275 0.167 0.023 0.037 0.044 0.015 0.025 0.04 0.006 0.02 0.176
41 L 0.039 0.022 0.015 0.016 0.013 0.013 0.02 0.023 0.013 0.089 0.246 0.022 0.037 0.222 0.012 0.025 0.029 0.012 0.055 0.075
42 A 0.182 0.026 0.021 0.024 0.02 0.021 0.032 0.051 0.011 0.103 0.094 0.035 0.024 0.029 0.023 0.059 0.049 0.005 0.019 0.17
43 V 0.09 0.031 0.035 0.033 0.018 0.025 0.038 0.045 0.014 0.097 0.086 0.04 0.024 0.028 0.023 0.128 0.065 0.005 0.019 0.157
44 G 0.056 0.021 0.028 0.025 0.011 0.015 0.022 0.269 0.015 0.041 0.071 0.026 0.017 0.203 0.015 0.038 0.027 0.011 0.05 0.039
45 T 0.073 0.035 0.043 0.037 0.018 0.027 0.039 0.043 0.014 0.053 0.065 0.045 0.02 0.024 0.027 0.092 0.25 0.006 0.018 0.071
46 V 0.058 0.02 0.016 0.018 0.018 0.015 0.02 0.023 0.008 0.219 0.148 0.025 0.034 0.04 0.016 0.029 0.044 0.006 0.02 0.224
47 A 0.17 0.024 0.02 0.024 0.019 0.019 0.029 0.049 0.012 0.159 0.113 0.034 0.027 0.033 0.022 0.055 0.045 0.006 0.019 0.122
48 L 0.057 0.023 0.015 0.016 0.018 0.016 0.022 0.023 0.009 0.139 0.254 0.026 0.04 0.045 0.015 0.028 0.041 0.006 0.021 0.184
49 G 0.06 0.034 0.046 0.036 0.009 0.028 0.039 0.275 0.186 0.021 0.033 0.04 0.012 0.023 0.019 0.046 0.028 0.006 0.034 0.023
50 N 0.042 0.045 0.32 0.083 0.009 0.034 0.049 0.065 0.031 0.022 0.031 0.054 0.011 0.018 0.02 0.069 0.049 0.004 0.016 0.027
51 P 0.057 0.026 0.023 0.031 0.01 0.021 0.036 0.036 0.013 0.026 0.036 0.041 0.01 0.013 0.496 0.044 0.036 0.003 0.013 0.031
52 L 0.046 0.021 0.014 0.016 0.016 0.015 0.019 0.021 0.009 0.195 0.273 0.024 0.043 0.049 0.014 0.025 0.036 0.006 0.021 0.136
53 P 0.052 0.022 0.019 0.024 0.013 0.017 0.027 0.028 0.011 0.15 0.102 0.032 0.023 0.028 0.255 0.034 0.038 0.004 0.017 0.103
54 G 0.074 0.022 0.028 0.026 0.015 0.018 0.024 0.269 0.011 0.091 0.079 0.03 0.02 0.026 0.018 0.042 0.039 0.005 0.016 0.148
55 L 0.077 0.032 0.034 0.032 0.017 0.025 0.036 0.044 0.015 0.072 0.21 0.04 0.032 0.038 0.022 0.124 0.057 0.006 0.02 0.069
56 L 0.046 0.021 0.014 0.016 0.016 0.015 0.019 0.021 0.009 0.195 0.273 0.024 0.043 0.049 0.014 0.025 0.036 0.006 0.021 0.136
57 G 0.074 0.022 0.028 0.026 0.015 0.018 0.024 0.269 0.011 0.091 0.079 0.03 0.02 0.026 0.018 0.042 0.039 0.005 0.016 0.148
58 C 0.058 0.024 0.018 0.018 0.251 0.02 0.022 0.03 0.012 0.072 0.13 0.028 0.09 0.034 0.016 0.038 0.038 0.006 0.018 0.074
59 C 0.067 0.019 0.016 0.017 0.253 0.014 0.02 0.028 0.008 0.104 0.097 0.023 0.024 0.028 0.016 0.037 0.043 0.005 0.016 0.165
60 G 0.078 0.023 0.039 0.034 0.011 0.019 0.025 0.513 0.013 0.019 0.028 0.034 0.009 0.016 0.019 0.051 0.03 0.005 0.011 0.024
61 I 0.047 0.018 0.015 0.018 0.016 0.013 0.018 0.02 0.009 0.275 0.167 0.023 0.037 0.044 0.015 0.025 0.04 0.006 0.02 0.176
62 A 0.201 0.035 0.04 0.039 0.019 0.029 0.046 0.072 0.017 0.036 0.05 0.049 0.017 0.021 0.03 0.154 0.066 0.005 0.017 0.055
63 G 0.056 0.021 0.028 0.025 0.011 0.015 0.022 0.269 0.015 0.041 0.071 0.026 0.017 0.203 0.015 0.038 0.027 0.011 0.05 0.039
64 L 0.057 0.023 0.015 0.016 0.018 0.016 0.022 0.023 0.009 0.139 0.254 0.026 0.04 0.045 0.015 0.028 0.041 0.006 0.021 0.184
65 I 0.058 0.022 0.034 0.022 0.012 0.026 0.035 0.047 0.01 0.244 0.131 0.041 0.025 0.049 0.026 0.036 0.04 0.005 0.018 0.118
66 V 0.06 0.032 0.028 0.025 0.014 0.024 0.031 0.116 0.075 0.1 0.102 0.048 0.051 0.032 0.017 0.038 0.038 0.006 0.025 0.138
67 Y 0.04 0.028 0.022 0.019 0.009 0.022 0.028 0.025 0.047 0.044 0.068 0.031 0.019 0.131 0.016 0.031 0.028 0.028 0.318 0.047
68 A 0.29 0.031 0.026 0.03 0.022 0.026 0.04 0.078 0.015 0.043 0.059 0.045 0.018 0.022 0.03 0.085 0.05 0.005 0.018 0.069
69 I 0.047 0.018 0.015 0.018 0.016 0.013 0.018 0.021 0.009 0.271 0.168 0.024 0.037 0.044 0.015 0.025 0.04 0.006 0.021 0.177
70 S 0.11 0.04 0.054 0.049 0.018 0.033 0.052 0.066 0.019 0.03 0.042 0.054 0.016 0.021 0.03 0.22 0.082 0.005 0.018 0.042
71 L 0.086 0.034 0.02 0.022 0.015 0.021 0.029 0.032 0.011 0.162 0.199 0.068 0.033 0.038 0.018 0.037 0.038 0.006 0.019 0.111
72 W 0.048 0.047 0.094 0.038 0.01 0.03 0.042 0.039 0.069 0.054 0.059 0.091 0.017 0.031 0.018 0.043 0.037 0.113 0.033 0.084
73 K 0.062 0.079 0.042 0.039 0.012 0.043 0.058 0.043 0.018 0.037 0.051 0.198 0.017 0.018 0.027 0.067 0.121 0.005 0.017 0.046
74 L 0.157 0.03 0.028 0.029 0.018 0.024 0.035 0.053 0.014 0.066 0.177 0.039 0.029 0.033 0.024 0.098 0.051 0.006 0.019 0.071
75 G 0.052 0.065 0.027 0.024 0.01 0.022 0.028 0.213 0.015 0.033 0.06 0.04 0.033 0.036 0.014 0.037 0.029 0.191 0.034 0.035
76 L 0.044 0.03 0.029 0.024 0.013 0.023 0.032 0.027 0.143 0.122 0.2 0.032 0.033 0.042 0.016 0.031 0.032 0.007 0.034 0.087
77 S 0.076 0.054 0.088 0.052 0.012 0.115 0.073 0.055 0.025 0.027 0.042 0.069 0.017 0.018 0.025 0.131 0.059 0.005 0.018 0.037
78 R 0.044 0.173 0.158 0.051 0.009 0.037 0.046 0.044 0.024 0.059 0.057 0.077 0.017 0.021 0.019 0.052 0.041 0.005 0.017 0.05
79 R 0.055 0.139 0.036 0.032 0.055 0.037 0.047 0.037 0.018 0.037 0.057 0.128 0.017 0.053 0.022 0.057 0.097 0.006 0.023 0.046
80 K 0.051 0.169 0.066 0.042 0.008 0.049 0.062 0.042 0.022 0.025 0.042 0.223 0.015 0.016 0.024 0.051 0.038 0.005 0.017 0.031
81 G 0.061 0.038 0.045 0.118 0.011 0.07 0.059 0.145 0.018 0.031 0.042 0.051 0.014 0.017 0.057 0.062 0.101 0.005 0.015 0.039
82 L 0.058 0.027 0.034 0.108 0.013 0.021 0.041 0.037 0.015 0.071 0.14 0.034 0.025 0.11 0.018 0.077 0.044 0.008 0.032 0.086
83 L 0.046 0.022 0.015 0.016 0.015 0.015 0.02 0.022 0.011 0.112 0.275 0.024 0.04 0.124 0.014 0.026 0.034 0.009 0.035 0.127
84 K 0.053 0.173 0.061 0.035 0.008 0.06 0.063 0.054 0.018 0.033 0.05 0.196 0.014 0.015 0.02 0.047 0.049 0.005 0.014 0.033
85 K 0.046 0.103 0.059 0.053 0.009 0.034 0.046 0.033 0.026 0.057 0.077 0.215 0.016 0.019 0.019 0.049 0.055 0.004 0.015 0.066
86 I 0.047 0.018 0.015 0.018 0.016 0.013 0.018 0.021 0.009 0.271 0.168 0.024 0.037 0.044 0.015 0.025 0.04 0.006 0.021 0.177
87 P 0.056 0.049 0.034 0.039 0.01 0.12 0.069 0.039 0.021 0.026 0.041 0.066 0.015 0.014 0.26 0.05 0.039 0.004 0.017 0.033
88 L 0.045 0.024 0.014 0.015 0.016 0.016 0.02 0.021 0.01 0.115 0.375 0.025 0.05 0.055 0.014 0.024 0.033 0.007 0.022 0.096
89 R 0.042 0.26 0.031 0.033 0.008 0.036 0.047 0.043 0.027 0.036 0.062 0.145 0.015 0.017 0.053 0.045 0.031 0.014 0.016 0.04
90 G 0.146 0.029 0.039 0.036 0.015 0.024 0.036 0.28 0.015 0.028 0.039 0.041 0.013 0.019 0.024 0.108 0.048 0.005 0.014 0.04
91 W 0.03 0.023 0.015 0.015 0.008 0.015 0.023 0.03 0.015 0.03 0.053 0.023 0.015 0.061 0.008 0.023 0.023 0.491 0.068 0.03
92 A 0.288 0.031 0.026 0.03 0.022 0.026 0.041 0.078 0.015 0.043 0.06 0.045 0.018 0.022 0.03 0.085 0.05 0.005 0.018 0.069
93 N 0.043 0.045 0.315 0.083 0.009 0.034 0.05 0.065 0.032 0.023 0.032 0.054 0.011 0.018 0.02 0.07 0.05 0.005 0.016 0.027
94 F 0.034 0.019 0.017 0.017 0.011 0.011 0.019 0.025 0.017 0.064 0.114 0.019 0.025 0.385 0.011 0.025 0.025 0.017 0.089 0.055
95 N 0.043 0.045 0.315 0.083 0.009 0.034 0.05 0.065 0.032 0.023 0.032 0.054 0.011 0.018 0.02 0.07 0.05 0.005 0.016 0.027
96 V 0.07 0.022 0.017 0.018 0.019 0.017 0.023 0.025 0.008 0.165 0.131 0.026 0.032 0.036 0.017 0.033 0.05 0.006 0.021 0.267
97 E 0.055 0.05 0.041 0.09 0.007 0.065 0.295 0.035 0.026 0.022 0.037 0.076 0.013 0.017 0.026 0.055 0.037 0.006 0.017 0.031
98 Q 0.056 0.074 0.044 0.047 0.009 0.213 0.103 0.041 0.029 0.027 0.047 0.091 0.021 0.015 0.024 0.056 0.041 0.006 0.021 0.035
99 L 0.045 0.024 0.014 0.015 0.016 0.016 0.02 0.021 0.01 0.116 0.374 0.025 0.05 0.055 0.014 0.024 0.033 0.007 0.022 0.096
100 K 0.057 0.107 0.042 0.042 0.009 0.054 0.071 0.043 0.021 0.028 0.043 0.276 0.016 0.016 0.028 0.054 0.04 0.005 0.017 0.033
101 K 0.057 0.107 0.042 0.042 0.009 0.054 0.071 0.043 0.021 0.028 0.043 0.276 0.016 0.016 0.028 0.054 0.04 0.005 0.017 0.033
102 L 0.045 0.024 0.014 0.015 0.016 0.016 0.02 0.021 0.01 0.116 0.374 0.025 0.05 0.055 0.014 0.024 0.033 0.007 0.022 0.096
103 F 0.034 0.019 0.017 0.017 0.011 0.011 0.019 0.025 0.017 0.064 0.114 0.019 0.025 0.385 0.011 0.025 0.025 0.017 0.089 0.055
104 Q 0.056 0.074 0.044 0.047 0.009 0.213 0.103 0.041 0.029 0.027 0.047 0.091 0.021 0.015 0.024 0.056 0.041 0.006 0.021 0.035
105 P 0.057 0.026 0.023 0.031 0.01 0.021 0.036 0.036 0.013 0.026 0.036 0.041 0.01 0.013 0.492 0.044 0.036 0.003 0.013 0.031
106 S 0.098 0.038 0.05 0.045 0.017 0.031 0.048 0.059 0.017 0.035 0.047 0.051 0.016 0.021 0.029 0.197 0.129 0.005 0.017 0.049
107 S 0.065 0.032 0.083 0.037 0.013 0.032 0.038 0.043 0.015 0.045 0.075 0.049 0.016 0.025 0.052 0.167 0.143 0.005 0.015 0.05
108 R 0.049 0.15 0.118 0.05 0.008 0.081 0.065 0.045 0.026 0.024 0.041 0.141 0.015 0.016 0.022 0.055 0.04 0.005 0.017 0.031
109 L 0.052 0.036 0.056 0.043 0.01 0.07 0.037 0.085 0.015 0.061 0.124 0.066 0.026 0.115 0.028 0.049 0.035 0.006 0.026 0.061
110 L 0.055 0.024 0.022 0.021 0.014 0.017 0.022 0.186 0.011 0.082 0.265 0.028 0.036 0.041 0.016 0.033 0.032 0.006 0.018 0.071
111 I 0.047 0.018 0.015 0.018 0.016 0.013 0.018 0.021 0.009 0.271 0.168 0.024 0.037 0.044 0.015 0.025 0.04 0.006 0.021 0.177
112 G 0.059 0.032 0.031 0.046 0.011 0.033 0.117 0.191 0.016 0.051 0.149 0.044 0.024 0.029 0.019 0.043 0.033 0.006 0.016 0.05
113 F 0.047 0.02 0.02 0.02 0.012 0.013 0.021 0.107 0.015 0.072 0.101 0.022 0.023 0.272 0.013 0.031 0.03 0.013 0.064 0.087
114 L 0.046 0.02 0.014 0.017 0.016 0.014 0.018 0.021 0.009 0.225 0.238 0.024 0.041 0.047 0.014 0.024 0.037 0.006 0.021 0.148
115 A 0.16 0.031 0.035 0.034 0.018 0.025 0.039 0.138 0.015 0.054 0.059 0.042 0.018 0.023 0.025 0.118 0.056 0.005 0.017 0.087
116 G 0.078 0.023 0.039 0.034 0.011 0.019 0.026 0.51 0.014 0.019 0.028 0.034 0.009 0.016 0.019 0.051 0.03 0.005 0.011 0.024
117 C 0.054 0.021 0.018 0.017 0.172 0.016 0.021 0.026 0.021 0.103 0.093 0.025 0.023 0.063 0.016 0.033 0.036 0.012 0.12 0.11
118 A 0.215 0.026 0.022 0.025 0.02 0.021 0.032 0.058 0.013 0.122 0.094 0.037 0.024 0.029 0.024 0.064 0.046 0.005 0.018 0.103
119 I 0.05 0.021 0.019 0.02 0.016 0.016 0.021 0.024 0.01 0.214 0.185 0.027 0.036 0.042 0.017 0.036 0.074 0.006 0.02 0.144
120 V 0.103 0.024 0.017 0.019 0.019 0.018 0.025 0.033 0.009 0.134 0.159 0.029 0.032 0.036 0.018 0.04 0.046 0.006 0.02 0.212
121 L 0.045 0.02 0.015 0.017 0.015 0.013 0.019 0.023 0.011 0.16 0.178 0.022 0.034 0.161 0.013 0.026 0.035 0.01 0.043 0.138
122 G 0.186 0.027 0.032 0.032 0.016 0.022 0.033 0.295 0.014 0.031 0.044 0.039 0.013 0.019 0.024 0.068 0.04 0.005 0.014 0.046
123 L 0.051 0.029 0.019 0.019 0.016 0.025 0.026 0.027 0.015 0.129 0.19 0.034 0.149 0.047 0.016 0.034 0.04 0.008 0.023 0.105
124 L 0.046 0.027 0.016 0.017 0.016 0.02 0.023 0.023 0.012 0.109 0.32 0.029 0.09 0.052 0.015 0.028 0.035 0.007 0.023 0.094
125 L 0.04 0.022 0.015 0.016 0.014 0.014 0.02 0.022 0.012 0.097 0.293 0.023 0.041 0.168 0.013 0.024 0.03 0.01 0.044 0.081
126 I 0.05 0.019 0.015 0.017 0.016 0.014 0.019 0.021 0.009 0.233 0.196 0.024 0.038 0.044 0.015 0.026 0.04 0.006 0.021 0.179
127 G 0.077 0.023 0.039 0.033 0.011 0.019 0.025 0.516 0.013 0.019 0.028 0.033 0.009 0.016 0.019 0.051 0.029 0.005 0.011 0.024
128 S 0.11 0.04 0.054 0.049 0.017 0.033 0.052 0.066 0.019 0.03 0.042 0.054 0.016 0.021 0.03 0.222 0.082 0.005 0.017 0.042
129 F 0.034 0.019 0.017 0.017 0.011 0.011 0.019 0.025 0.017 0.063 0.114 0.019 0.025 0.388 0.011 0.025 0.025 0.017 0.089 0.055
130 Y 0.04 0.028 0.022 0.019 0.009 0.022 0.028 0.025 0.047 0.043 0.068 0.031 0.019 0.13 0.016 0.031 0.028 0.028 0.32 0.047
131 L 0.039 0.022 0.016 0.016 0.013 0.013 0.02 0.023 0.013 0.089 0.245 0.022 0.037 0.221 0.012 0.025 0.029 0.012 0.055 0.075
132 I 0.055 0.023 0.024 0.024 0.017 0.018 0.025 0.028 0.01 0.204 0.132 0.03 0.031 0.037 0.019 0.047 0.111 0.006 0.019 0.14
133 G 0.059 0.16 0.039 0.035 0.009 0.04 0.049 0.197 0.019 0.023 0.039 0.146 0.013 0.016 0.022 0.049 0.034 0.005 0.015 0.029
134 E 0.136 0.043 0.035 0.069 0.012 0.051 0.217 0.049 0.022 0.029 0.044 0.064 0.014 0.018 0.027 0.064 0.041 0.005 0.017 0.043
135 D 0.046 0.028 0.053 0.28 0.008 0.027 0.072 0.043 0.017 0.023 0.03 0.043 0.01 0.014 0.181 0.049 0.035 0.003 0.012 0.026
136 Y 0.041 0.026 0.019 0.017 0.011 0.02 0.025 0.023 0.034 0.067 0.173 0.029 0.029 0.104 0.015 0.029 0.029 0.021 0.225 0.062
137 V 0.061 0.027 0.018 0.019 0.018 0.022 0.026 0.026 0.012 0.132 0.163 0.031 0.098 0.042 0.016 0.034 0.045 0.007 0.022 0.182
138 G 0.062 0.02 0.027 0.026 0.013 0.016 0.022 0.267 0.011 0.147 0.098 0.029 0.023 0.03 0.017 0.038 0.035 0.006 0.016 0.1
139 L 0.046 0.027 0.016 0.017 0.016 0.02 0.023 0.023 0.012 0.109 0.32 0.029 0.09 0.052 0.015 0.028 0.035 0.007 0.023 0.094
140 E 0.136 0.043 0.035 0.069 0.012 0.051 0.217 0.049 0.022 0.029 0.044 0.064 0.014 0.018 0.027 0.064 0.041 0.005 0.017 0.043
141 T 0.105 0.032 0.035 0.032 0.018 0.025 0.036 0.045 0.013 0.061 0.117 0.041 0.024 0.028 0.025 0.079 0.184 0.006 0.018 0.074
142 A 0.225 0.028 0.03 0.031 0.018 0.023 0.035 0.224 0.014 0.035 0.048 0.04 0.015 0.02 0.026 0.073 0.043 0.005 0.015 0.053
143 L 0.129 0.025 0.018 0.02 0.018 0.019 0.026 0.04 0.011 0.118 0.239 0.031 0.036 0.041 0.019 0.044 0.039 0.006 0.02 0.099
144 L 0.125 0.024 0.019 0.02 0.016 0.017 0.026 0.041 0.014 0.073 0.185 0.029 0.03 0.157 0.018 0.044 0.036 0.01 0.042 0.072
145 C 0.06 0.018 0.016 0.017 0.175 0.014 0.019 0.026 0.008 0.162 0.12 0.023 0.028 0.033 0.016 0.032 0.041 0.005 0.018 0.17
146 G 0.077 0.023 0.039 0.033 0.011 0.019 0.025 0.516 0.013 0.019 0.028 0.033 0.009 0.016 0.019 0.051 0.029 0.005 0.011 0.024
147 G 0.074 0.027 0.036 0.032 0.014 0.021 0.029 0.276 0.013 0.054 0.057 0.036 0.016 0.022 0.021 0.061 0.108 0.006 0.015 0.082
148 G 0.068 0.023 0.032 0.03 0.011 0.019 0.026 0.354 0.013 0.036 0.088 0.033 0.016 0.022 0.098 0.045 0.031 0.005 0.013 0.037
149 V 0.067 0.02 0.016 0.017 0.176 0.015 0.021 0.027 0.008 0.123 0.107 0.024 0.026 0.03 0.016 0.035 0.045 0.005 0.018 0.204
150 L 0.049 0.02 0.015 0.017 0.016 0.015 0.019 0.021 0.009 0.205 0.232 0.024 0.04 0.046 0.015 0.026 0.039 0.006 0.021 0.165
151 L 0.091 0.023 0.016 0.019 0.017 0.017 0.023 0.031 0.01 0.166 0.214 0.028 0.037 0.042 0.017 0.036 0.04 0.006 0.02 0.147
152 L 0.039 0.023 0.014 0.015 0.013 0.016 0.021 0.024 0.012 0.086 0.273 0.024 0.038 0.056 0.012 0.023 0.029 0.171 0.037 0.073
153 L 0.129 0.026 0.018 0.02 0.018 0.019 0.027 0.04 0.012 0.09 0.275 0.031 0.038 0.043 0.019 0.044 0.038 0.006 0.02 0.086
154 L 0.052 0.019 0.015 0.016 0.174 0.014 0.018 0.024 0.009 0.146 0.204 0.023 0.034 0.039 0.015 0.03 0.036 0.006 0.018 0.109
155 R 0.051 0.164 0.033 0.03 0.011 0.043 0.05 0.034 0.02 0.05 0.094 0.147 0.067 0.027 0.021 0.044 0.038 0.006 0.019 0.051
156 R 0.054 0.164 0.033 0.043 0.01 0.044 0.111 0.032 0.019 0.058 0.064 0.106 0.019 0.021 0.021 0.045 0.039 0.005 0.018 0.094
157 P 0.136 0.029 0.042 0.03 0.011 0.036 0.05 0.075 0.014 0.046 0.044 0.058 0.013 0.019 0.2 0.063 0.043 0.004 0.031 0.055
158 E 0.07 0.091 0.031 0.048 0.008 0.058 0.162 0.067 0.018 0.03 0.04 0.161 0.013 0.016 0.02 0.049 0.032 0.005 0.023 0.058
159 W 0.039 0.046 0.035 0.031 0.009 0.026 0.029 0.04 0.028 0.054 0.079 0.06 0.022 0.063 0.013 0.059 0.046 0.233 0.043 0.046
160 L 0.054 0.02 0.014 0.015 0.025 0.014 0.018 0.034 0.01 0.099 0.322 0.022 0.051 0.102 0.012 0.025 0.035 0.02 0.035 0.074
161 I 0.071 0.02 0.018 0.018 0.014 0.015 0.021 0.025 0.008 0.194 0.15 0.025 0.038 0.031 0.015 0.041 0.097 0.005 0.016 0.179
162 L 0.043 0.02 0.016 0.016 0.021 0.015 0.028 0.033 0.018 0.056 0.19 0.023 0.035 0.132 0.012 0.031 0.025 0.081 0.148 0.057
163 F 0.054 0.017 0.014 0.015 0.034 0.012 0.017 0.051 0.011 0.098 0.2 0.02 0.032 0.22 0.011 0.025 0.026 0.009 0.047 0.088
164 I 0.052 0.025 0.019 0.021 0.024 0.069 0.045 0.023 0.02 0.189 0.137 0.032 0.037 0.029 0.014 0.031 0.051 0.005 0.017 0.16
165 L 0.048 0.018 0.014 0.015 0.012 0.019 0.018 0.02 0.01 0.172 0.244 0.021 0.042 0.14 0.012 0.024 0.036 0.007 0.029 0.1
166 W 0.03 0.023 0.015 0.015 0.008 0.015 0.023 0.03 0.015 0.03 0.053 0.023 0.015 0.061 0.008 0.023 0.023 0.492 0.068 0.03
167 L 0.065 0.018 0.014 0.015 0.023 0.013 0.018 0.034 0.014 0.145 0.164 0.021 0.027 0.149 0.012 0.026 0.028 0.021 0.096 0.098
168 Y 0.037 0.021 0.016 0.015 0.033 0.016 0.02 0.021 0.019 0.079 0.151 0.023 0.075 0.136 0.012 0.027 0.047 0.035 0.153 0.066
169 P 0.05 0.023 0.048 0.026 0.044 0.024 0.028 0.031 0.011 0.066 0.087 0.031 0.022 0.035 0.253 0.077 0.043 0.004 0.015 0.083
170 F 0.056 0.018 0.015 0.015 0.052 0.012 0.018 0.023 0.012 0.083 0.157 0.02 0.051 0.266 0.011 0.033 0.033 0.01 0.052 0.063
171 L 0.082 0.019 0.018 0.018 0.035 0.014 0.02 0.049 0.01 0.129 0.137 0.024 0.035 0.126 0.014 0.047 0.067 0.007 0.027 0.122
172 L 0.045 0.022 0.027 0.021 0.034 0.023 0.038 0.036 0.012 0.114 0.155 0.026 0.057 0.117 0.014 0.063 0.033 0.007 0.043 0.113
173 G 0.103 0.037 0.035 0.031 0.01 0.023 0.068 0.177 0.014 0.034 0.07 0.064 0.019 0.031 0.094 0.079 0.033 0.005 0.036 0.035
174 F 0.067 0.019 0.017 0.017 0.011 0.013 0.02 0.036 0.013 0.078 0.129 0.022 0.033 0.216 0.012 0.037 0.062 0.05 0.064 0.085
175 L 0.038 0.019 0.013 0.013 0.034 0.012 0.017 0.019 0.01 0.079 0.343 0.02 0.045 0.156 0.011 0.022 0.033 0.007 0.03 0.08
176 I 0.046 0.073 0.054 0.025 0.012 0.021 0.034 0.027 0.012 0.158 0.103 0.05 0.05 0.035 0.015 0.056 0.09 0.005 0.017 0.117
177 D 0.05 0.031 0.055 0.184 0.008 0.055 0.125 0.069 0.018 0.03 0.035 0.043 0.017 0.022 0.019 0.111 0.043 0.005 0.049 0.03
178 L 0.044 0.024 0.029 0.06 0.011 0.044 0.052 0.035 0.013 0.1 0.143 0.029 0.042 0.102 0.014 0.032 0.06 0.018 0.033 0.115
179 L 0.044 0.019 0.013 0.014 0.012 0.013 0.017 0.02 0.01 0.099 0.318 0.02 0.043 0.157 0.011 0.029 0.034 0.007 0.031 0.09
180 G 0.052 0.048 0.035 0.038 0.008 0.03 0.04 0.297 0.094 0.019 0.031 0.074 0.016 0.019 0.06 0.051 0.027 0.005 0.033 0.023
181 L 0.062 0.02 0.014 0.015 0.012 0.02 0.019 0.044 0.01 0.094 0.306 0.022 0.048 0.139 0.012 0.025 0.027 0.007 0.028 0.078
182 P 0.045 0.021 0.019 0.024 0.009 0.016 0.028 0.029 0.01 0.031 0.043 0.032 0.016 0.021 0.541 0.041 0.029 0.003 0.012 0.029
183 S 0.071 0.084 0.069 0.071 0.01 0.032 0.04 0.134 0.034 0.022 0.033 0.052 0.011 0.019 0.019 0.167 0.056 0.016 0.031 0.029
184 A 0.137 0.022 0.029 0.023 0.013 0.017 0.033 0.046 0.012 0.085 0.117 0.028 0.023 0.115 0.049 0.076 0.059 0.006 0.025 0.085
185 I 0.049 0.017 0.013 0.014 0.013 0.012 0.017 0.019 0.008 0.228 0.216 0.021 0.03 0.053 0.012 0.024 0.046 0.005 0.019 0.183
186 K 0.043 0.138 0.061 0.048 0.009 0.031 0.041 0.032 0.016 0.036 0.105 0.17 0.022 0.03 0.029 0.059 0.058 0.005 0.024 0.044
187 Y 0.032 0.022 0.017 0.015 0.008 0.016 0.022 0.02 0.034 0.037 0.067 0.024 0.016 0.142 0.012 0.024 0.022 0.021 0.411 0.039
188 L 0.069 0.02 0.018 0.018 0.014 0.015 0.021 0.047 0.009 0.16 0.191 0.024 0.028 0.04 0.015 0.052 0.082 0.005 0.017 0.156
189 L 0.067 0.022 0.068 0.024 0.045 0.023 0.024 0.077 0.011 0.12 0.131 0.028 0.05 0.04 0.015 0.039 0.087 0.005 0.016 0.107
190 D 0.033 0.024 0.055 0.521 0.006 0.024 0.073 0.037 0.015 0.018 0.022 0.036 0.007 0.012 0.018 0.041 0.028 0.003 0.009 0.019
191 L 0.067 0.017 0.014 0.015 0.013 0.012 0.017 0.043 0.009 0.141 0.204 0.02 0.027 0.123 0.012 0.026 0.031 0.006 0.026 0.176
192 L 0.115 0.02 0.032 0.018 0.024 0.015 0.021 0.039 0.01 0.165 0.19 0.025 0.043 0.049 0.015 0.045 0.034 0.005 0.018 0.121
193 L 0.044 0.023 0.126 0.028 0.031 0.017 0.024 0.041 0.014 0.07 0.169 0.027 0.032 0.033 0.013 0.034 0.055 0.125 0.031 0.063
194 I 0.05 0.016 0.012 0.014 0.024 0.012 0.016 0.019 0.008 0.225 0.175 0.02 0.034 0.069 0.012 0.023 0.033 0.005 0.02 0.212
195 L 0.08 0.019 0.015 0.015 0.013 0.013 0.019 0.046 0.009 0.107 0.236 0.022 0.027 0.119 0.013 0.034 0.039 0.026 0.027 0.123
196 L 0.064 0.019 0.015 0.016 0.045 0.014 0.018 0.044 0.008 0.129 0.285 0.022 0.029 0.052 0.013 0.039 0.051 0.005 0.018 0.113
197 L 0.051 0.017 0.013 0.014 0.033 0.012 0.017 0.021 0.01 0.132 0.238 0.019 0.034 0.174 0.011 0.029 0.028 0.007 0.032 0.106
198 L 0.06 0.017 0.014 0.015 0.012 0.012 0.018 0.049 0.01 0.105 0.192 0.02 0.025 0.191 0.033 0.026 0.035 0.008 0.034 0.124
199 L 0.061 0.022 0.023 0.018 0.011 0.028 0.023 0.035 0.013 0.106 0.193 0.032 0.039 0.136 0.013 0.048 0.043 0.008 0.068 0.078
200 L 0.13 0.023 0.019 0.021 0.046 0.033 0.038 0.043 0.011 0.116 0.186 0.029 0.035 0.046 0.016 0.074 0.035 0.005 0.017 0.076
201 L 0.046 0.019 0.014 0.015 0.023 0.019 0.018 0.042 0.01 0.139 0.262 0.021 0.04 0.121 0.012 0.029 0.028 0.007 0.034 0.102
202 V 0.07 0.022 0.016 0.018 0.019 0.016 0.023 0.025 0.008 0.165 0.13 0.026 0.032 0.036 0.016 0.033 0.049 0.006 0.021 0.269
203 L 0.07 0.081 0.033 0.024 0.032 0.023 0.031 0.073 0.022 0.062 0.094 0.087 0.023 0.044 0.027 0.074 0.061 0.017 0.042 0.082
204 K 0.049 0.114 0.057 0.052 0.008 0.051 0.06 0.046 0.027 0.031 0.046 0.169 0.013 0.032 0.019 0.102 0.043 0.006 0.043 0.031
205 K 0.05 0.124 0.027 0.025 0.009 0.035 0.037 0.044 0.015 0.076 0.095 0.173 0.017 0.06 0.027 0.053 0.031 0.006 0.043 0.053
206 I 0.081 0.029 0.034 0.033 0.017 0.023 0.035 0.043 0.014 0.137 0.097 0.038 0.025 0.031 0.022 0.131 0.061 0.005 0.019 0.125
207 K 0.082 0.073 0.047 0.045 0.013 0.043 0.061 0.054 0.02 0.028 0.042 0.17 0.015 0.018 0.028 0.141 0.06 0.005 0.017 0.037
208 Q 0.056 0.073 0.044 0.047 0.009 0.219 0.102 0.041 0.029 0.026 0.047 0.091 0.02 0.015 0.023 0.056 0.041 0.006 0.02 0.035
209 G 0.074 0.06 0.044 0.042 0.011 0.082 0.062 0.166 0.02 0.025 0.04 0.116 0.015 0.017 0.025 0.097 0.048 0.005 0.016 0.033
210 K 0.047 0.115 0.038 0.037 0.009 0.042 0.041 0.042 0.034 0.041 0.058 0.155 0.026 0.048 0.04 0.076 0.054 0.006 0.035 0.056
211 G 0.078 0.023 0.039 0.034 0.011 0.019 0.026 0.51 0.014 0.019 0.028 0.034 0.009 0.016 0.019 0.051 0.03 0.005 0.011 0.024
212 L 0.044 0.022 0.028 0.114 0.014 0.018 0.036 0.027 0.011 0.174 0.186 0.029 0.033 0.039 0.016 0.031 0.037 0.006 0.018 0.117
213 K 0.058 0.061 0.038 0.043 0.01 0.04 0.067 0.029 0.033 0.077 0.108 0.119 0.018 0.035 0.045 0.05 0.053 0.006 0.042 0.069
214 G 0.059 0.082 0.037 0.093 0.012 0.026 0.042 0.118 0.015 0.082 0.116 0.049 0.022 0.027 0.019 0.072 0.041 0.005 0.016 0.064
215 L 0.067 0.054 0.031 0.042 0.011 0.02 0.029 0.075 0.013 0.112 0.126 0.069 0.044 0.077 0.015 0.054 0.046 0.006 0.038 0.07
216 L 0.047 0.038 0.051 0.039 0.012 0.015 0.023 0.024 0.012 0.143 0.184 0.026 0.031 0.108 0.024 0.034 0.031 0.007 0.034 0.117
217 R 0.05 0.144 0.085 0.098 0.013 0.044 0.062 0.035 0.018 0.024 0.036 0.137 0.012 0.029 0.039 0.073 0.04 0.005 0.023 0.034
218 R 0.064 0.135 0.066 0.048 0.01 0.032 0.043 0.109 0.017 0.032 0.067 0.129 0.015 0.032 0.019 0.08 0.037 0.005 0.016 0.044
219 R 0.069 0.155 0.068 0.031 0.009 0.056 0.05 0.034 0.017 0.041 0.06 0.145 0.014 0.036 0.028 0.059 0.042 0.016 0.025 0.045
220 G 0.047 0.069 0.056 0.068 0.008 0.04 0.062 0.128 0.053 0.027 0.045 0.098 0.012 0.026 0.028 0.071 0.045 0.006 0.069 0.042
221 L 0.052 0.032 0.02 0.02 0.016 0.028 0.028 0.028 0.016 0.101 0.197 0.036 0.158 0.048 0.016 0.036 0.04 0.008 0.024 0.093
222 G 0.078 0.023 0.039 0.034 0.011 0.019 0.026 0.509 0.014 0.019 0.028 0.034 0.009 0.016 0.019 0.051 0.03 0.005 0.011 0.024
223 V 0.073 0.025 0.029 0.021 0.012 0.018 0.025 0.028 0.022 0.096 0.116 0.042 0.056 0.09 0.015 0.061 0.075 0.008 0.065 0.124
224 L 0.06 0.069 0.036 0.025 0.011 0.031 0.04 0.051 0.013 0.079 0.139 0.106 0.043 0.026 0.039 0.049 0.074 0.005 0.023 0.081
225 P 0.051 0.046 0.021 0.022 0.01 0.027 0.03 0.028 0.012 0.076 0.107 0.08 0.034 0.049 0.197 0.055 0.045 0.026 0.022 0.062
226 L 0.05 0.021 0.021 0.019 0.011 0.034 0.037 0.022 0.011 0.138 0.177 0.025 0.025 0.132 0.044 0.033 0.036 0.007 0.039 0.118
227 L 0.051 0.02 0.024 0.018 0.022 0.014 0.032 0.033 0.011 0.117 0.182 0.03 0.024 0.143 0.023 0.033 0.042 0.018 0.049 0.114
228 Y 0.04 0.028 0.022 0.019 0.009 0.022 0.028 0.025 0.047 0.044 0.068 0.031 0.019 0.131 0.016 0.031 0.028 0.028 0.318 0.047
229 L 0.051 0.034 0.025 0.018 0.022 0.022 0.022 0.049 0.02 0.143 0.16 0.026 0.037 0.062 0.013 0.043 0.042 0.007 0.054 0.15
230 L 0.059 0.018 0.014 0.015 0.022 0.013 0.018 0.033 0.011 0.126 0.199 0.021 0.025 0.092 0.022 0.037 0.028 0.103 0.052 0.093
231 V 0.089 0.018 0.015 0.016 0.035 0.014 0.019 0.025 0.008 0.178 0.132 0.023 0.036 0.055 0.024 0.036 0.048 0.005 0.019 0.207
232 L 0.095 0.018 0.018 0.022 0.054 0.014 0.02 0.127 0.01 0.087 0.154 0.023 0.021 0.088 0.014 0.039 0.039 0.023 0.022 0.113
233 L 0.093 0.019 0.015 0.016 0.024 0.014 0.019 0.046 0.009 0.126 0.228 0.022 0.027 0.066 0.014 0.036 0.042 0.005 0.02 0.159
234 F 0.029 0.016 0.013 0.013 0.009 0.01 0.016 0.019 0.014 0.088 0.157 0.017 0.023 0.348 0.009 0.02 0.022 0.023 0.095 0.056
235 L 0.043 0.018 0.014 0.014 0.021 0.012 0.017 0.032 0.011 0.08 0.225 0.02 0.043 0.222 0.011 0.03 0.039 0.03 0.038 0.079
236 L 0.075 0.019 0.016 0.016 0.023 0.014 0.019 0.056 0.009 0.122 0.23 0.023 0.027 0.08 0.014 0.047 0.045 0.006 0.021 0.138
237 Y 0.052 0.019 0.016 0.016 0.042 0.014 0.02 0.023 0.017 0.109 0.141 0.023 0.028 0.12 0.013 0.051 0.037 0.011 0.144 0.105
238 T 0.097 0.024 0.028 0.045 0.034 0.02 0.043 0.118 0.011 0.054 0.083 0.032 0.033 0.02 0.019 0.075 0.175 0.005 0.013 0.07
239 L 0.069 0.019 0.015 0.016 0.013 0.013 0.019 0.023 0.009 0.159 0.241 0.022 0.03 0.086 0.013 0.035 0.064 0.006 0.022 0.127
240 I 0.076 0.017 0.013 0.015 0.02 0.012 0.017 0.022 0.009 0.196 0.175 0.02 0.027 0.117 0.013 0.032 0.031 0.006 0.025 0.157
241 G 0.062 0.028 0.059 0.038 0.011 0.019 0.028 0.24 0.012 0.043 0.054 0.032 0.019 0.027 0.017 0.126 0.065 0.004 0.013 0.101
242 Y 0.141 0.023 0.021 0.029 0.011 0.024 0.027 0.062 0.022 0.053 0.081 0.029 0.016 0.065 0.016 0.061 0.038 0.012 0.208 0.06
243 L 0.053 0.018 0.013 0.014 0.023 0.013 0.017 0.02 0.008 0.175 0.267 0.021 0.045 0.084 0.012 0.024 0.043 0.006 0.022 0.123
244 L 0.042 0.021 0.014 0.015 0.022 0.012 0.017 0.042 0.01 0.133 0.191 0.02 0.025 0.181 0.022 0.03 0.038 0.018 0.033 0.114
245 N 0.039 0.053 0.322 0.053 0.008 0.046 0.04 0.044 0.065 0.024 0.032 0.057 0.011 0.025 0.016 0.049 0.042 0.015 0.018 0.041
246 F 0.055 0.039 0.021 0.02 0.02 0.03 0.032 0.099 0.027 0.049 0.101 0.029 0.035 0.157 0.013 0.049 0.034 0.011 0.132 0.05
247 Q 0.056 0.037 0.035 0.032 0.01 0.17 0.082 0.071 0.016 0.068 0.058 0.047 0.018 0.019 0.017 0.046 0.054 0.005 0.023 0.137
248 S 0.075 0.032 0.072 0.048 0.012 0.026 0.048 0.048 0.015 0.023 0.032 0.051 0.012 0.015 0.085 0.296 0.063 0.004 0.013 0.031
249 P 0.051 0.018 0.016 0.019 0.011 0.014 0.022 0.034 0.009 0.144 0.103 0.026 0.021 0.04 0.272 0.029 0.037 0.004 0.015 0.116
250 L 0.058 0.02 0.014 0.015 0.011 0.019 0.019 0.05 0.01 0.108 0.241 0.028 0.03 0.165 0.012 0.025 0.03 0.018 0.031 0.095
251 L 0.042 0.022 0.015 0.015 0.01 0.028 0.021 0.02 0.021 0.062 0.28 0.024 0.027 0.074 0.012 0.024 0.032 0.012 0.202 0.057
252 Y 0.036 0.019 0.016 0.015 0.01 0.014 0.019 0.02 0.03 0.081 0.108 0.021 0.023 0.18 0.012 0.024 0.032 0.014 0.215 0.112
253 L 0.048 0.018 0.012 0.013 0.023 0.013 0.016 0.018 0.008 0.161 0.377 0.02 0.04 0.039 0.012 0.021 0.029 0.005 0.017 0.11
254 W 0.024 0.018 0.02 0.013 0.006 0.012 0.018 0.024 0.012 0.031 0.043 0.018 0.012 0.047 0.006 0.019 0.018 0.579 0.052 0.026
255 G 0.131 0.02 0.03 0.027 0.01 0.017 0.031 0.474 0.011 0.019 0.027 0.03 0.009 0.014 0.017 0.064 0.029 0.004 0.01 0.026
256 V 0.057 0.019 0.015 0.015 0.023 0.014 0.019 0.032 0.011 0.111 0.17 0.022 0.07 0.112 0.012 0.027 0.044 0.007 0.049 0.172
257 R 0.035 0.484 0.031 0.024 0.006 0.038 0.041 0.026 0.018 0.018 0.037 0.095 0.012 0.014 0.015 0.035 0.027 0.005 0.014 0.024
258 N 0.037 0.035 0.424 0.062 0.008 0.026 0.039 0.051 0.024 0.02 0.027 0.042 0.009 0.015 0.016 0.073 0.047 0.004 0.013 0.03
259 N 0.043 0.031 0.259 0.047 0.01 0.029 0.034 0.041 0.019 0.063 0.068 0.038 0.014 0.02 0.017 0.071 0.121 0.004 0.022 0.05
260 F 0.03 0.016 0.013 0.013 0.009 0.01 0.016 0.02 0.013 0.071 0.153 0.017 0.034 0.389 0.009 0.021 0.027 0.012 0.068 0.059
261 R 0.036 0.46 0.03 0.025 0.007 0.037 0.041 0.026 0.018 0.02 0.045 0.091 0.013 0.014 0.015 0.042 0.035 0.005 0.014 0.026
262 F 0.033 0.018 0.025 0.016 0.009 0.012 0.018 0.095 0.017 0.045 0.091 0.019 0.028 0.337 0.01 0.025 0.029 0.013 0.12 0.041
263 F 0.032 0.018 0.014 0.014 0.009 0.013 0.018 0.019 0.021 0.103 0.105 0.02 0.02 0.241 0.011 0.022 0.023 0.015 0.213 0.07
264 I 0.088 0.018 0.015 0.016 0.014 0.014 0.019 0.046 0.008 0.2 0.152 0.023 0.037 0.039 0.024 0.041 0.038 0.005 0.017 0.186
265 F 0.162 0.019 0.016 0.017 0.011 0.013 0.021 0.033 0.014 0.053 0.09 0.023 0.024 0.286 0.014 0.036 0.027 0.01 0.076 0.054
266 F 0.029 0.016 0.013 0.013 0.02 0.009 0.015 0.02 0.012 0.066 0.146 0.016 0.023 0.409 0.009 0.02 0.022 0.022 0.064 0.057
267 F 0.047 0.017 0.013 0.014 0.011 0.011 0.017 0.021 0.012 0.13 0.165 0.019 0.041 0.256 0.011 0.023 0.029 0.02 0.065 0.079
268 A 0.195 0.023 0.036 0.025 0.077 0.019 0.035 0.054 0.011 0.076 0.074 0.031 0.022 0.038 0.019 0.114 0.051 0.005 0.016 0.079
269 C 0.058 0.014 0.013 0.013 0.332 0.01 0.015 0.024 0.009 0.055 0.069 0.017 0.016 0.171 0.012 0.029 0.027 0.006 0.029 0.08
270 I 0.141 0.019 0.017 0.018 0.025 0.015 0.022 0.036 0.01 0.185 0.096 0.025 0.022 0.031 0.016 0.055 0.05 0.005 0.039 0.173
271 V 0.091 0.037 0.019 0.027 0.06 0.017 0.024 0.039 0.011 0.093 0.127 0.028 0.032 0.032 0.015 0.062 0.059 0.027 0.048 0.15
272 L 0.041 0.018 0.014 0.014 0.021 0.012 0.017 0.02 0.014 0.078 0.228 0.02 0.032 0.226 0.011 0.029 0.032 0.01 0.09 0.072
273 L 0.05 0.019 0.013 0.014 0.022 0.019 0.025 0.023 0.01 0.102 0.334 0.021 0.037 0.128 0.011 0.023 0.026 0.012 0.027 0.083
274 D 0.045 0.073 0.077 0.169 0.018 0.039 0.109 0.046 0.042 0.021 0.03 0.122 0.011 0.014 0.019 0.065 0.056 0.004 0.014 0.026
275 E 0.061 0.063 0.027 0.036 0.009 0.051 0.142 0.04 0.025 0.06 0.067 0.107 0.027 0.024 0.018 0.059 0.052 0.027 0.04 0.065
276 E 0.044 0.072 0.045 0.158 0.007 0.054 0.174 0.033 0.017 0.03 0.034 0.105 0.011 0.015 0.019 0.067 0.052 0.011 0.016 0.035
277 D 0.036 0.026 0.064 0.414 0.007 0.025 0.078 0.036 0.024 0.021 0.042 0.043 0.009 0.015 0.018 0.059 0.037 0.004 0.019 0.023
278 I 0.116 0.018 0.014 0.017 0.014 0.014 0.027 0.026 0.009 0.213 0.146 0.023 0.031 0.031 0.014 0.031 0.034 0.005 0.024 0.193
279 E 0.049 0.041 0.062 0.078 0.018 0.046 0.153 0.042 0.035 0.035 0.071 0.114 0.014 0.03 0.05 0.041 0.043 0.005 0.04 0.033
280 K 0.043 0.115 0.079 0.07 0.008 0.037 0.057 0.076 0.016 0.049 0.059 0.157 0.014 0.044 0.017 0.058 0.039 0.005 0.016 0.042
281 L 0.052 0.018 0.022 0.015 0.055 0.013 0.017 0.021 0.012 0.15 0.171 0.02 0.039 0.121 0.012 0.025 0.028 0.019 0.075 0.114
282 F 0.039 0.017 0.014 0.014 0.011 0.011 0.016 0.03 0.01 0.128 0.211 0.019 0.038 0.22 0.011 0.025 0.033 0.019 0.038 0.096
283 K 0.058 0.078 0.111 0.083 0.008 0.033 0.055 0.059 0.034 0.023 0.032 0.218 0.011 0.014 0.03 0.065 0.037 0.004 0.014 0.033
284 L 0.052 0.022 0.017 0.015 0.012 0.013 0.018 0.02 0.011 0.151 0.185 0.021 0.032 0.143 0.012 0.024 0.035 0.019 0.06 0.139
285 L 0.042 0.018 0.012 0.013 0.012 0.012 0.016 0.019 0.01 0.104 0.294 0.019 0.041 0.189 0.011 0.021 0.026 0.008 0.034 0.101
286 D 0.039 0.034 0.061 0.236 0.008 0.026 0.072 0.033 0.017 0.028 0.057 0.098 0.018 0.036 0.028 0.058 0.044 0.027 0.047 0.035
287 K 0.07 0.056 0.021 0.021 0.021 0.022 0.029 0.069 0.013 0.101 0.084 0.132 0.024 0.045 0.015 0.033 0.033 0.038 0.043 0.131
288 L 0.058 0.018 0.012 0.013 0.013 0.013 0.017 0.02 0.008 0.157 0.317 0.02 0.043 0.084 0.012 0.023 0.029 0.006 0.022 0.116
289 F 0.031 0.022 0.017 0.017 0.009 0.057 0.024 0.022 0.016 0.048 0.11 0.024 0.026 0.367 0.01 0.03 0.023 0.012 0.093 0.043
290 W 0.048 0.018 0.014 0.014 0.009 0.013 0.019 0.024 0.029 0.088 0.086 0.02 0.017 0.087 0.02 0.022 0.023 0.316 0.065 0.07
291 I 0.055 0.017 0.012 0.014 0.013 0.012 0.017 0.019 0.008 0.245 0.204 0.021 0.04 0.034 0.033 0.023 0.032 0.005 0.016 0.179
292 N 0.039 0.035 0.396 0.06 0.008 0.027 0.039 0.05 0.049 0.018 0.026 0.042 0.009 0.015 0.017 0.089 0.041 0.004 0.014 0.022
293 L 0.098 0.019 0.015 0.016 0.013 0.013 0.019 0.047 0.01 0.1 0.19 0.022 0.025 0.144 0.013 0.037 0.044 0.007 0.028 0.141
294 V 0.105 0.019 0.016 0.018 0.023 0.014 0.021 0.033 0.009 0.148 0.145 0.025 0.022 0.035 0.114 0.044 0.034 0.004 0.016 0.156
295 L 0.05 0.018 0.013 0.014 0.024 0.013 0.017 0.019 0.008 0.14 0.267 0.021 0.053 0.052 0.012 0.024 0.038 0.005 0.019 0.194
296 C 0.085 0.02 0.021 0.02 0.253 0.016 0.022 0.053 0.009 0.068 0.062 0.025 0.031 0.02 0.016 0.1 0.071 0.004 0.013 0.091
297 L 0.066 0.021 0.019 0.019 0.034 0.015 0.021 0.026 0.01 0.138 0.21 0.025 0.028 0.074 0.015 0.064 0.113 0.006 0.02 0.076
298 F 0.049 0.018 0.014 0.014 0.01 0.013 0.018 0.02 0.018 0.146 0.12 0.02 0.028 0.176 0.011 0.023 0.026 0.012 0.166 0.098
299 Q 0.044 0.054 0.034 0.044 0.007 0.319 0.153 0.031 0.023 0.02 0.035 0.069 0.015 0.012 0.019 0.044 0.032 0.005 0.016 0.027
300 F 0.04 0.046 0.019 0.017 0.008 0.016 0.022 0.034 0.039 0.04 0.078 0.033 0.023 0.245 0.012 0.038 0.024 0.025 0.201 0.039
301 F 0.038 0.017 0.014 0.014 0.009 0.01 0.017 0.021 0.014 0.063 0.146 0.018 0.023 0.364 0.01 0.022 0.029 0.035 0.081 0.057
302 V 0.09 0.018 0.015 0.016 0.024 0.013 0.019 0.056 0.009 0.128 0.114 0.022 0.028 0.1 0.013 0.03 0.04 0.006 0.031 0.227
303 L 0.039 0.032 0.016 0.017 0.012 0.054 0.025 0.021 0.011 0.091 0.263 0.028 0.074 0.103 0.012 0.032 0.036 0.006 0.025 0.104
304 D 0.075 0.035 0.061 0.225 0.012 0.031 0.071 0.056 0.019 0.026 0.035 0.049 0.012 0.018 0.026 0.138 0.058 0.004 0.014 0.033
305 G 0.064 0.03 0.037 0.054 0.009 0.03 0.028 0.471 0.042 0.017 0.025 0.031 0.009 0.014 0.016 0.048 0.039 0.004 0.012 0.022
306 N 0.043 0.045 0.317 0.083 0.009 0.034 0.049 0.065 0.032 0.022 0.032 0.054 0.011 0.018 0.02 0.07 0.049 0.004 0.016 0.027
307 S 0.11 0.04 0.054 0.049 0.018 0.033 0.052 0.066 0.019 0.03 0.042 0.054 0.016 0.021 0.03 0.22 0.082 0.005 0.018 0.042
308 G 0.078 0.023 0.039 0.034 0.011 0.019 0.026 0.51 0.014 0.019 0.028 0.034 0.009 0.016 0.019 0.051 0.03 0.005 0.011 0.024
309 G 0.078 0.023 0.039 0.034 0.011 0.019 0.026 0.51 0.014 0.019 0.028 0.034 0.009 0.016 0.019 0.051 0.03 0.005 0.011 0.024
310 Y 0.04 0.028 0.022 0.019 0.009 0.022 0.028 0.025 0.047 0.044 0.068 0.031 0.019 0.131 0.016 0.031 0.028 0.028 0.318 0.047
311 V 0.07 0.022 0.016 0.018 0.019 0.016 0.023 0.025 0.008 0.165 0.13 0.026 0.032 0.036 0.016 0.033 0.049 0.006 0.021 0.269
312 S 0.11 0.04 0.054 0.049 0.018 0.033 0.052 0.066 0.019 0.03 0.042 0.054 0.016 0.021 0.03 0.22 0.082 0.005 0.018 0.042
313 L 0.045 0.024 0.014 0.015 0.016 0.016 0.02 0.021 0.01 0.115 0.375 0.025 0.05 0.055 0.014 0.024 0.033 0.007 0.022 0.096
314 Y 0.037 0.033 0.018 0.017 0.02 0.018 0.023 0.042 0.024 0.087 0.127 0.054 0.02 0.076 0.013 0.027 0.039 0.014 0.249 0.066
315 P 0.055 0.025 0.022 0.03 0.01 0.02 0.035 0.035 0.012 0.025 0.035 0.04 0.01 0.012 0.511 0.042 0.035 0.003 0.012 0.03
316 A 0.186 0.033 0.028 0.039 0.016 0.031 0.085 0.055 0.016 0.04 0.058 0.047 0.025 0.02 0.107 0.069 0.068 0.005 0.016 0.056
317 G 0.076 0.022 0.038 0.033 0.01 0.018 0.025 0.527 0.013 0.018 0.027 0.033 0.009 0.016 0.018 0.05 0.029 0.005 0.01 0.023
318 T 0.07 0.034 0.042 0.036 0.017 0.027 0.038 0.042 0.013 0.051 0.063 0.044 0.019 0.023 0.027 0.089 0.273 0.006 0.017 0.069
319 I 0.045 0.017 0.014 0.017 0.016 0.013 0.017 0.02 0.008 0.296 0.162 0.023 0.036 0.043 0.014 0.024 0.038 0.006 0.02 0.171
320 R 0.053 0.119 0.061 0.051 0.009 0.049 0.076 0.074 0.025 0.052 0.061 0.112 0.02 0.021 0.017 0.072 0.033 0.005 0.034 0.056
