#Seq2Logo.py -f /work3/idamei/ssn-clusterings/clustering/2205110921/clusters/0027_160/sequences.afa -o /work3/idamei/ssn-clusterings/clustering/2205110921/clusters/0027_160/sequences.logo
#Position Specific Frequency Matrix
A R N D C Q E G H I L K M F P S T W Y V
0 L 0.051 0.032 0.02 0.02 0.016 0.028 0.028 0.028 0.016 0.099 0.194 0.036 0.173 0.047 0.016 0.036 0.04 0.008 0.024 0.091
1 N 0.049 0.032 0.128 0.044 0.013 0.025 0.035 0.04 0.068 0.124 0.09 0.038 0.023 0.03 0.018 0.047 0.055 0.006 0.024 0.111
2 K 0.051 0.065 0.076 0.051 0.01 0.054 0.103 0.039 0.021 0.046 0.12 0.139 0.022 0.025 0.022 0.049 0.039 0.006 0.018 0.046
3 Y 0.051 0.048 0.083 0.047 0.01 0.063 0.088 0.039 0.032 0.036 0.068 0.076 0.018 0.055 0.021 0.058 0.039 0.013 0.117 0.04
4 Y 0.064 0.091 0.036 0.033 0.029 0.033 0.044 0.04 0.025 0.052 0.06 0.094 0.018 0.049 0.022 0.091 0.059 0.011 0.097 0.051
5 L 0.045 0.03 0.023 0.034 0.011 0.028 0.089 0.026 0.025 0.067 0.155 0.037 0.027 0.116 0.017 0.034 0.032 0.014 0.119 0.07
6 L 0.055 0.111 0.031 0.028 0.012 0.03 0.039 0.034 0.037 0.079 0.121 0.077 0.025 0.083 0.019 0.064 0.041 0.007 0.031 0.077
7 L 0.06 0.04 0.105 0.044 0.013 0.055 0.047 0.045 0.02 0.059 0.167 0.048 0.028 0.032 0.02 0.086 0.049 0.006 0.019 0.057
8 L 0.073 0.03 0.097 0.038 0.014 0.023 0.034 0.041 0.016 0.076 0.124 0.038 0.024 0.028 0.109 0.05 0.059 0.005 0.018 0.103
9 S 0.071 0.046 0.044 0.04 0.079 0.085 0.06 0.047 0.086 0.03 0.047 0.057 0.017 0.026 0.023 0.108 0.05 0.007 0.039 0.038
10 N 0.101 0.038 0.136 0.046 0.013 0.026 0.039 0.053 0.021 0.048 0.066 0.058 0.018 0.114 0.02 0.058 0.042 0.008 0.035 0.062
11 K 0.052 0.122 0.104 0.049 0.009 0.048 0.063 0.046 0.023 0.026 0.041 0.213 0.014 0.016 0.025 0.056 0.041 0.005 0.017 0.031
12 I 0.053 0.022 0.04 0.023 0.016 0.016 0.022 0.062 0.011 0.183 0.178 0.027 0.034 0.04 0.016 0.032 0.04 0.006 0.02 0.16
13 L 0.062 0.097 0.034 0.033 0.013 0.064 0.049 0.038 0.018 0.092 0.102 0.061 0.024 0.055 0.02 0.085 0.048 0.007 0.024 0.073
14 F 0.088 0.026 0.026 0.025 0.016 0.019 0.029 0.039 0.014 0.076 0.093 0.032 0.023 0.164 0.019 0.064 0.089 0.01 0.044 0.103
15 K 0.052 0.148 0.042 0.039 0.008 0.05 0.064 0.04 0.064 0.026 0.043 0.222 0.015 0.018 0.025 0.05 0.037 0.006 0.022 0.031
16 L 0.051 0.035 0.035 0.028 0.012 0.027 0.037 0.033 0.148 0.059 0.163 0.037 0.028 0.052 0.018 0.057 0.036 0.01 0.08 0.054
17 L 0.109 0.027 0.018 0.02 0.017 0.021 0.027 0.037 0.012 0.105 0.243 0.032 0.067 0.044 0.018 0.042 0.039 0.007 0.021 0.094
18 I 0.126 0.023 0.019 0.023 0.016 0.017 0.027 0.041 0.013 0.132 0.106 0.031 0.025 0.101 0.075 0.046 0.039 0.007 0.032 0.1
19 I 0.046 0.018 0.014 0.017 0.016 0.013 0.018 0.02 0.009 0.271 0.178 0.023 0.037 0.044 0.014 0.025 0.039 0.006 0.02 0.17
20 Y 0.048 0.025 0.021 0.02 0.115 0.019 0.027 0.028 0.031 0.04 0.06 0.03 0.016 0.081 0.115 0.035 0.031 0.017 0.194 0.045
21 F 0.041 0.019 0.016 0.017 0.013 0.012 0.019 0.023 0.013 0.142 0.167 0.021 0.032 0.219 0.013 0.025 0.032 0.011 0.054 0.111
22 L 0.08 0.025 0.024 0.024 0.075 0.019 0.028 0.036 0.012 0.092 0.143 0.031 0.028 0.082 0.018 0.074 0.048 0.007 0.028 0.127
23 L 0.051 0.022 0.015 0.016 0.017 0.016 0.02 0.022 0.009 0.154 0.279 0.025 0.042 0.047 0.015 0.026 0.038 0.006 0.021 0.158
24 C 0.061 0.021 0.021 0.02 0.217 0.015 0.022 0.031 0.011 0.073 0.087 0.025 0.021 0.095 0.017 0.045 0.077 0.007 0.029 0.104
25 L 0.052 0.023 0.022 0.021 0.035 0.016 0.022 0.126 0.013 0.074 0.212 0.026 0.032 0.13 0.015 0.04 0.032 0.009 0.036 0.066
26 A 0.147 0.031 0.033 0.032 0.083 0.026 0.038 0.056 0.015 0.054 0.076 0.042 0.039 0.025 0.025 0.123 0.058 0.005 0.018 0.074
27 L 0.047 0.024 0.015 0.016 0.016 0.017 0.021 0.022 0.011 0.144 0.303 0.026 0.065 0.05 0.014 0.026 0.036 0.007 0.022 0.118
28 L 0.093 0.025 0.022 0.023 0.015 0.018 0.027 0.037 0.014 0.118 0.138 0.03 0.04 0.137 0.018 0.062 0.042 0.009 0.039 0.092
29 L 0.068 0.03 0.031 0.029 0.017 0.023 0.032 0.038 0.013 0.102 0.182 0.037 0.031 0.036 0.021 0.094 0.104 0.006 0.019 0.087
30 L 0.052 0.02 0.018 0.018 0.076 0.015 0.019 0.085 0.01 0.164 0.205 0.025 0.034 0.04 0.015 0.03 0.036 0.006 0.019 0.114
31 F 0.037 0.02 0.016 0.016 0.012 0.012 0.019 0.024 0.014 0.079 0.203 0.021 0.033 0.283 0.012 0.025 0.028 0.013 0.066 0.068
32 L 0.047 0.023 0.014 0.015 0.095 0.015 0.019 0.023 0.01 0.102 0.332 0.024 0.043 0.048 0.014 0.027 0.033 0.007 0.02 0.088
33 E 0.054 0.054 0.035 0.043 0.011 0.085 0.099 0.036 0.02 0.063 0.063 0.093 0.019 0.026 0.022 0.053 0.074 0.069 0.025 0.057
34 G 0.063 0.035 0.112 0.099 0.011 0.031 0.075 0.129 0.022 0.04 0.046 0.047 0.014 0.027 0.021 0.08 0.046 0.006 0.036 0.059
35 G 0.069 0.031 0.047 0.069 0.015 0.025 0.039 0.102 0.015 0.081 0.087 0.04 0.042 0.028 0.022 0.085 0.099 0.006 0.017 0.082
36 L 0.164 0.026 0.02 0.022 0.018 0.019 0.029 0.048 0.013 0.071 0.181 0.033 0.03 0.1 0.021 0.053 0.039 0.008 0.031 0.075
37 G 0.077 0.043 0.066 0.091 0.013 0.031 0.052 0.125 0.018 0.028 0.039 0.077 0.014 0.018 0.05 0.122 0.078 0.005 0.015 0.037
38 F 0.096 0.036 0.077 0.039 0.014 0.047 0.043 0.048 0.019 0.044 0.067 0.045 0.019 0.116 0.022 0.073 0.097 0.008 0.035 0.053
39 F 0.088 0.034 0.074 0.036 0.013 0.047 0.041 0.045 0.02 0.047 0.074 0.042 0.02 0.164 0.019 0.057 0.074 0.01 0.044 0.052
40 L 0.058 0.023 0.021 0.024 0.015 0.019 0.04 0.099 0.011 0.128 0.162 0.029 0.03 0.067 0.016 0.033 0.039 0.007 0.025 0.155
41 Y 0.075 0.029 0.026 0.023 0.012 0.023 0.032 0.035 0.038 0.045 0.065 0.035 0.018 0.102 0.018 0.062 0.037 0.022 0.249 0.055
42 E 0.104 0.051 0.059 0.053 0.012 0.087 0.112 0.092 0.022 0.028 0.042 0.076 0.016 0.017 0.025 0.093 0.048 0.005 0.017 0.039
43 V 0.067 0.034 0.027 0.027 0.016 0.025 0.039 0.032 0.012 0.128 0.128 0.056 0.044 0.033 0.02 0.051 0.104 0.006 0.019 0.131
44 S 0.094 0.036 0.044 0.041 0.017 0.029 0.044 0.055 0.017 0.051 0.125 0.047 0.024 0.029 0.026 0.17 0.07 0.006 0.019 0.056
45 I 0.093 0.023 0.017 0.019 0.016 0.017 0.024 0.032 0.014 0.157 0.156 0.028 0.031 0.065 0.017 0.037 0.04 0.009 0.058 0.147
46 L 0.048 0.027 0.02 0.028 0.015 0.024 0.065 0.025 0.012 0.126 0.265 0.034 0.038 0.044 0.017 0.034 0.054 0.006 0.02 0.098
47 D 0.048 0.059 0.063 0.17 0.008 0.082 0.091 0.043 0.069 0.024 0.037 0.109 0.014 0.017 0.023 0.052 0.036 0.005 0.021 0.028
48 I 0.052 0.019 0.015 0.017 0.016 0.014 0.02 0.023 0.01 0.194 0.156 0.023 0.033 0.101 0.014 0.027 0.04 0.008 0.032 0.187
49 L 0.048 0.022 0.015 0.016 0.016 0.015 0.02 0.023 0.011 0.115 0.262 0.024 0.039 0.12 0.014 0.026 0.035 0.009 0.035 0.135
50 A 0.196 0.05 0.036 0.037 0.017 0.033 0.05 0.066 0.017 0.036 0.05 0.102 0.016 0.02 0.029 0.115 0.055 0.005 0.017 0.053
51 S 0.069 0.03 0.033 0.031 0.014 0.024 0.035 0.04 0.021 0.075 0.071 0.039 0.02 0.048 0.087 0.096 0.089 0.01 0.088 0.079
52 F 0.059 0.024 0.026 0.025 0.014 0.018 0.027 0.034 0.014 0.141 0.114 0.03 0.027 0.155 0.017 0.081 0.046 0.009 0.042 0.098
53 L 0.075 0.03 0.031 0.03 0.085 0.023 0.033 0.042 0.014 0.067 0.182 0.037 0.037 0.034 0.021 0.117 0.054 0.006 0.019 0.066
54 S 0.119 0.033 0.04 0.038 0.018 0.027 0.041 0.055 0.015 0.088 0.073 0.044 0.021 0.026 0.026 0.152 0.086 0.005 0.018 0.076
55 A 0.169 0.024 0.02 0.023 0.017 0.018 0.029 0.049 0.013 0.115 0.101 0.032 0.024 0.108 0.021 0.054 0.041 0.008 0.033 0.099
56 L 0.046 0.021 0.014 0.016 0.077 0.015 0.019 0.022 0.01 0.133 0.289 0.024 0.041 0.066 0.014 0.026 0.034 0.007 0.024 0.102
57 L 0.042 0.023 0.015 0.015 0.015 0.015 0.02 0.022 0.013 0.101 0.325 0.024 0.043 0.113 0.013 0.024 0.031 0.01 0.049 0.085
58 I 0.045 0.018 0.015 0.017 0.015 0.013 0.018 0.022 0.011 0.196 0.154 0.022 0.033 0.151 0.013 0.025 0.036 0.009 0.041 0.145
59 V 0.098 0.025 0.025 0.024 0.017 0.02 0.028 0.105 0.011 0.112 0.1 0.032 0.032 0.03 0.02 0.051 0.079 0.006 0.018 0.167
60 L 0.068 0.025 0.019 0.028 0.016 0.023 0.063 0.027 0.011 0.156 0.176 0.033 0.033 0.038 0.017 0.034 0.041 0.006 0.02 0.166
61 I 0.059 0.027 0.023 0.023 0.016 0.022 0.027 0.03 0.013 0.162 0.156 0.033 0.092 0.041 0.017 0.061 0.046 0.007 0.021 0.124
62 L 0.106 0.022 0.017 0.02 0.016 0.016 0.023 0.035 0.011 0.159 0.176 0.028 0.032 0.093 0.017 0.039 0.038 0.008 0.03 0.114
63 Y 0.039 0.026 0.021 0.018 0.009 0.02 0.026 0.024 0.041 0.046 0.075 0.029 0.019 0.174 0.014 0.03 0.027 0.026 0.29 0.047
64 F 0.037 0.024 0.023 0.02 0.034 0.017 0.025 0.027 0.075 0.051 0.089 0.025 0.022 0.27 0.013 0.029 0.026 0.017 0.127 0.048
65 Y 0.04 0.027 0.021 0.018 0.009 0.021 0.027 0.024 0.046 0.043 0.067 0.031 0.018 0.128 0.015 0.031 0.027 0.027 0.331 0.046
66 I 0.047 0.02 0.015 0.018 0.016 0.016 0.019 0.022 0.01 0.248 0.17 0.026 0.064 0.044 0.015 0.027 0.039 0.006 0.021 0.157
67 K 0.048 0.07 0.113 0.048 0.008 0.041 0.057 0.045 0.095 0.026 0.041 0.157 0.014 0.03 0.022 0.052 0.038 0.008 0.056 0.03
68 R 0.044 0.358 0.038 0.03 0.008 0.047 0.051 0.032 0.023 0.023 0.046 0.118 0.015 0.017 0.019 0.044 0.034 0.006 0.017 0.03
69 A 0.18 0.028 0.026 0.027 0.02 0.023 0.035 0.054 0.013 0.088 0.083 0.038 0.022 0.027 0.024 0.086 0.053 0.005 0.018 0.15
70 R 0.066 0.114 0.039 0.038 0.011 0.038 0.062 0.043 0.027 0.03 0.048 0.11 0.016 0.044 0.023 0.102 0.048 0.011 0.092 0.038
71 F 0.036 0.025 0.019 0.018 0.01 0.015 0.023 0.026 0.023 0.057 0.1 0.035 0.023 0.326 0.012 0.027 0.026 0.018 0.132 0.051
72 F 0.039 0.019 0.016 0.017 0.013 0.012 0.019 0.023 0.013 0.135 0.155 0.021 0.031 0.25 0.012 0.025 0.031 0.012 0.059 0.1
73 S 0.108 0.039 0.053 0.048 0.017 0.033 0.051 0.065 0.019 0.029 0.041 0.053 0.015 0.02 0.029 0.235 0.08 0.005 0.017 0.041
74 L 0.044 0.024 0.014 0.015 0.016 0.016 0.02 0.021 0.01 0.113 0.388 0.025 0.049 0.054 0.014 0.024 0.033 0.007 0.022 0.094
75 Q 0.063 0.055 0.042 0.042 0.011 0.147 0.073 0.137 0.023 0.03 0.046 0.069 0.018 0.016 0.023 0.061 0.082 0.006 0.018 0.039
76 L 0.044 0.024 0.014 0.015 0.016 0.016 0.02 0.021 0.01 0.113 0.388 0.025 0.049 0.054 0.014 0.024 0.033 0.007 0.022 0.094
77 L 0.048 0.027 0.017 0.018 0.016 0.022 0.024 0.025 0.013 0.139 0.233 0.03 0.119 0.048 0.015 0.031 0.038 0.007 0.023 0.108
78 F 0.055 0.023 0.019 0.018 0.012 0.016 0.024 0.027 0.027 0.068 0.094 0.026 0.023 0.217 0.014 0.031 0.031 0.019 0.171 0.086
79 A 0.277 0.032 0.029 0.032 0.021 0.026 0.041 0.075 0.015 0.04 0.056 0.045 0.017 0.021 0.029 0.105 0.053 0.005 0.017 0.064
80 F 0.035 0.021 0.018 0.017 0.01 0.013 0.021 0.025 0.025 0.057 0.099 0.022 0.023 0.323 0.012 0.026 0.026 0.02 0.155 0.052
81 V 0.163 0.025 0.02 0.022 0.02 0.02 0.03 0.045 0.011 0.114 0.1 0.033 0.025 0.029 0.021 0.053 0.049 0.005 0.019 0.197
82 F 0.033 0.019 0.017 0.017 0.01 0.01 0.019 0.025 0.017 0.062 0.112 0.019 0.025 0.399 0.01 0.025 0.025 0.017 0.087 0.054
83 S 0.108 0.039 0.053 0.048 0.017 0.033 0.051 0.065 0.019 0.029 0.041 0.053 0.015 0.02 0.029 0.235 0.08 0.005 0.017 0.041
84 L 0.044 0.024 0.014 0.015 0.016 0.016 0.02 0.021 0.01 0.113 0.388 0.025 0.049 0.054 0.014 0.024 0.033 0.007 0.022 0.094
85 I 0.044 0.018 0.015 0.017 0.015 0.013 0.018 0.021 0.01 0.241 0.154 0.022 0.034 0.114 0.014 0.025 0.036 0.008 0.034 0.149
86 I 0.046 0.019 0.014 0.017 0.016 0.014 0.018 0.02 0.009 0.251 0.209 0.023 0.039 0.045 0.014 0.024 0.038 0.006 0.021 0.157
87 G 0.077 0.022 0.038 0.033 0.011 0.019 0.025 0.52 0.013 0.019 0.028 0.033 0.009 0.016 0.019 0.05 0.029 0.005 0.011 0.024
88 I 0.054 0.02 0.019 0.02 0.015 0.015 0.02 0.121 0.01 0.183 0.177 0.026 0.033 0.039 0.015 0.03 0.037 0.006 0.019 0.141
89 P 0.056 0.025 0.023 0.03 0.01 0.02 0.035 0.035 0.013 0.025 0.035 0.04 0.01 0.013 0.503 0.043 0.035 0.003 0.013 0.03
90 S 0.151 0.035 0.045 0.042 0.017 0.029 0.045 0.122 0.017 0.031 0.044 0.048 0.015 0.02 0.028 0.177 0.067 0.005 0.016 0.045
91 V 0.054 0.02 0.016 0.017 0.016 0.014 0.02 0.023 0.01 0.183 0.137 0.023 0.031 0.111 0.014 0.028 0.041 0.008 0.034 0.201
92 Y 0.04 0.027 0.021 0.018 0.009 0.021 0.027 0.024 0.046 0.043 0.067 0.031 0.018 0.128 0.015 0.031 0.027 0.027 0.331 0.046
93 L 0.044 0.024 0.014 0.015 0.016 0.016 0.02 0.021 0.01 0.113 0.388 0.025 0.049 0.054 0.014 0.024 0.033 0.007 0.022 0.094
94 L 0.041 0.024 0.016 0.016 0.013 0.017 0.022 0.022 0.021 0.087 0.264 0.026 0.037 0.111 0.014 0.026 0.03 0.014 0.121 0.076
95 N 0.05 0.034 0.148 0.048 0.011 0.025 0.037 0.046 0.028 0.048 0.063 0.04 0.017 0.118 0.018 0.075 0.044 0.012 0.093 0.045
96 F 0.034 0.02 0.018 0.017 0.01 0.013 0.02 0.025 0.022 0.058 0.103 0.021 0.024 0.345 0.011 0.026 0.025 0.019 0.136 0.052
97 K 0.062 0.113 0.04 0.038 0.009 0.043 0.056 0.157 0.019 0.025 0.039 0.2 0.014 0.016 0.024 0.058 0.038 0.005 0.015 0.03
98 D 0.048 0.053 0.139 0.141 0.008 0.051 0.135 0.048 0.025 0.023 0.034 0.098 0.012 0.016 0.023 0.058 0.04 0.005 0.015 0.028
99 A 0.189 0.029 0.024 0.027 0.018 0.023 0.035 0.056 0.013 0.055 0.121 0.039 0.023 0.027 0.102 0.066 0.065 0.005 0.017 0.067
100 V 0.067 0.062 0.067 0.075 0.013 0.032 0.05 0.043 0.017 0.069 0.067 0.103 0.019 0.023 0.022 0.084 0.051 0.005 0.017 0.113
101 G 0.054 0.04 0.108 0.081 0.01 0.028 0.044 0.158 0.053 0.068 0.057 0.069 0.016 0.023 0.019 0.049 0.038 0.005 0.019 0.061
102 G 0.066 0.025 0.06 0.13 0.01 0.022 0.042 0.378 0.015 0.02 0.028 0.037 0.009 0.016 0.019 0.051 0.031 0.005 0.011 0.024
103 F 0.034 0.02 0.017 0.017 0.01 0.012 0.02 0.025 0.021 0.059 0.105 0.02 0.024 0.358 0.011 0.026 0.025 0.018 0.124 0.053
104 E 0.056 0.051 0.04 0.076 0.008 0.093 0.247 0.072 0.025 0.022 0.037 0.074 0.014 0.016 0.024 0.054 0.036 0.005 0.017 0.031
105 L 0.046 0.021 0.014 0.016 0.016 0.015 0.019 0.021 0.009 0.196 0.27 0.024 0.042 0.048 0.014 0.025 0.036 0.006 0.021 0.141
106 V 0.072 0.023 0.021 0.021 0.018 0.018 0.025 0.028 0.009 0.164 0.122 0.029 0.03 0.034 0.018 0.042 0.082 0.006 0.02 0.218
107 C 0.06 0.018 0.016 0.016 0.398 0.013 0.017 0.03 0.008 0.058 0.129 0.021 0.023 0.027 0.016 0.037 0.035 0.005 0.014 0.063
108 L 0.045 0.02 0.014 0.016 0.016 0.014 0.018 0.02 0.009 0.216 0.254 0.024 0.041 0.047 0.014 0.024 0.037 0.006 0.021 0.142
109 W 0.031 0.022 0.015 0.015 0.008 0.014 0.022 0.029 0.015 0.039 0.078 0.022 0.018 0.11 0.008 0.023 0.023 0.405 0.068 0.037
110 G 0.12 0.022 0.025 0.024 0.15 0.018 0.025 0.186 0.011 0.066 0.066 0.03 0.017 0.022 0.02 0.051 0.039 0.005 0.014 0.089
111 I 0.048 0.023 0.017 0.018 0.016 0.019 0.021 0.023 0.011 0.211 0.176 0.028 0.092 0.045 0.015 0.029 0.039 0.007 0.022 0.14
112 L 0.046 0.033 0.02 0.021 0.014 0.059 0.036 0.025 0.014 0.096 0.319 0.038 0.043 0.046 0.016 0.03 0.034 0.007 0.022 0.082
113 L 0.045 0.02 0.014 0.016 0.016 0.014 0.018 0.02 0.009 0.216 0.254 0.024 0.041 0.047 0.014 0.024 0.037 0.006 0.021 0.142
114 N 0.045 0.044 0.316 0.08 0.009 0.033 0.049 0.064 0.03 0.022 0.031 0.053 0.011 0.018 0.02 0.077 0.05 0.004 0.015 0.027
115 I 0.06 0.024 0.024 0.024 0.017 0.018 0.026 0.03 0.011 0.199 0.128 0.031 0.03 0.036 0.019 0.06 0.089 0.006 0.019 0.152
116 I 0.058 0.021 0.016 0.018 0.017 0.016 0.021 0.024 0.01 0.218 0.17 0.026 0.056 0.042 0.015 0.029 0.041 0.006 0.021 0.176
117 L 0.044 0.023 0.014 0.015 0.016 0.016 0.02 0.021 0.01 0.122 0.377 0.025 0.048 0.053 0.014 0.024 0.033 0.007 0.022 0.098
118 Y 0.04 0.027 0.021 0.018 0.009 0.021 0.027 0.024 0.046 0.043 0.067 0.031 0.018 0.128 0.015 0.031 0.027 0.027 0.331 0.046
119 F 0.037 0.021 0.016 0.016 0.013 0.013 0.019 0.023 0.014 0.083 0.222 0.021 0.034 0.261 0.012 0.024 0.028 0.013 0.061 0.07
120 L 0.069 0.033 0.034 0.032 0.072 0.043 0.04 0.041 0.016 0.053 0.111 0.042 0.023 0.082 0.021 0.102 0.092 0.007 0.028 0.058
121 A 0.168 0.034 0.081 0.061 0.036 0.028 0.045 0.065 0.018 0.035 0.048 0.046 0.015 0.02 0.042 0.114 0.071 0.005 0.016 0.051
122 C 0.057 0.028 0.026 0.035 0.148 0.026 0.081 0.031 0.016 0.09 0.081 0.037 0.021 0.048 0.019 0.049 0.081 0.007 0.044 0.076
123 K 0.072 0.057 0.078 0.051 0.011 0.039 0.078 0.122 0.02 0.025 0.037 0.123 0.013 0.017 0.049 0.105 0.05 0.005 0.016 0.032
124 S 0.075 0.036 0.114 0.048 0.015 0.028 0.042 0.052 0.019 0.065 0.062 0.046 0.018 0.024 0.024 0.123 0.102 0.005 0.017 0.086
125 K 0.055 0.055 0.041 0.03 0.013 0.03 0.042 0.033 0.015 0.109 0.093 0.133 0.024 0.064 0.02 0.04 0.041 0.006 0.025 0.131
126 V 0.066 0.032 0.035 0.031 0.015 0.026 0.037 0.038 0.087 0.09 0.08 0.038 0.022 0.039 0.021 0.083 0.081 0.008 0.057 0.114
127 I 0.047 0.108 0.088 0.037 0.011 0.032 0.041 0.036 0.018 0.129 0.09 0.102 0.023 0.027 0.019 0.043 0.04 0.005 0.018 0.087
128 E 0.056 0.068 0.053 0.059 0.009 0.088 0.153 0.04 0.023 0.028 0.043 0.138 0.016 0.016 0.025 0.059 0.065 0.005 0.017 0.036
129 Q 0.052 0.059 0.054 0.052 0.008 0.156 0.129 0.038 0.031 0.027 0.047 0.076 0.018 0.032 0.022 0.052 0.038 0.009 0.066 0.035
130 K 0.071 0.103 0.04 0.068 0.01 0.048 0.122 0.041 0.02 0.037 0.048 0.154 0.015 0.018 0.025 0.057 0.06 0.005 0.017 0.042
131 K 0.049 0.137 0.048 0.036 0.008 0.044 0.056 0.038 0.025 0.03 0.05 0.195 0.016 0.052 0.023 0.047 0.036 0.009 0.068 0.035
132 A 0.1 0.064 0.032 0.033 0.027 0.03 0.05 0.043 0.018 0.069 0.071 0.076 0.02 0.034 0.023 0.075 0.087 0.008 0.049 0.092
133 L 0.054 0.022 0.015 0.016 0.017 0.015 0.021 0.022 0.009 0.167 0.239 0.025 0.039 0.044 0.015 0.027 0.04 0.006 0.021 0.186
134 N 0.053 0.042 0.259 0.071 0.011 0.032 0.047 0.061 0.027 0.027 0.037 0.052 0.013 0.019 0.022 0.088 0.084 0.005 0.016 0.034
135 K 0.06 0.067 0.148 0.056 0.01 0.04 0.056 0.086 0.023 0.025 0.037 0.15 0.013 0.017 0.024 0.087 0.048 0.005 0.016 0.031
136 L 0.061 0.024 0.02 0.02 0.016 0.018 0.024 0.027 0.015 0.14 0.222 0.029 0.036 0.054 0.017 0.038 0.069 0.009 0.058 0.106
137 F 0.033 0.019 0.017 0.017 0.01 0.01 0.019 0.025 0.017 0.062 0.112 0.019 0.025 0.399 0.01 0.025 0.025 0.017 0.087 0.054
138 Y 0.054 0.04 0.023 0.022 0.013 0.025 0.034 0.028 0.026 0.092 0.088 0.081 0.023 0.069 0.018 0.035 0.038 0.014 0.144 0.134
139 V 0.074 0.021 0.018 0.019 0.017 0.016 0.023 0.029 0.011 0.155 0.124 0.026 0.029 0.108 0.016 0.037 0.056 0.008 0.033 0.181
140 I 0.045 0.019 0.014 0.017 0.016 0.014 0.018 0.02 0.009 0.234 0.232 0.024 0.04 0.046 0.014 0.024 0.037 0.006 0.021 0.15
141 F 0.033 0.019 0.017 0.017 0.01 0.01 0.019 0.025 0.017 0.062 0.112 0.019 0.025 0.399 0.01 0.025 0.025 0.017 0.087 0.054
142 F 0.053 0.024 0.024 0.023 0.013 0.016 0.026 0.032 0.015 0.073 0.127 0.027 0.026 0.245 0.015 0.068 0.04 0.012 0.059 0.083
143 I 0.052 0.019 0.015 0.017 0.017 0.014 0.019 0.021 0.008 0.251 0.154 0.024 0.035 0.041 0.015 0.027 0.042 0.006 0.02 0.204
144 V 0.092 0.022 0.017 0.019 0.019 0.017 0.025 0.029 0.009 0.149 0.121 0.027 0.03 0.034 0.017 0.037 0.048 0.005 0.02 0.262
145 G 0.115 0.024 0.031 0.029 0.013 0.019 0.027 0.332 0.013 0.04 0.092 0.033 0.018 0.042 0.02 0.052 0.033 0.006 0.017 0.045
146 L 0.069 0.021 0.016 0.018 0.015 0.015 0.021 0.028 0.012 0.121 0.199 0.024 0.034 0.164 0.015 0.031 0.034 0.01 0.043 0.109
147 C 0.064 0.016 0.016 0.016 0.494 0.012 0.016 0.032 0.008 0.044 0.064 0.02 0.016 0.02 0.016 0.04 0.036 0.004 0.012 0.056
148 Q 0.055 0.072 0.043 0.046 0.009 0.23 0.101 0.04 0.029 0.026 0.046 0.089 0.02 0.014 0.023 0.055 0.04 0.006 0.02 0.035
149 L 0.061 0.023 0.015 0.016 0.017 0.016 0.021 0.024 0.01 0.134 0.31 0.026 0.043 0.048 0.015 0.028 0.037 0.007 0.021 0.129
150 I 0.05 0.022 0.017 0.018 0.026 0.017 0.022 0.023 0.022 0.159 0.117 0.026 0.028 0.073 0.015 0.029 0.037 0.014 0.137 0.149
151 K 0.056 0.105 0.041 0.041 0.008 0.052 0.069 0.042 0.02 0.027 0.042 0.292 0.015 0.015 0.027 0.052 0.039 0.005 0.017 0.032
152 I 0.059 0.025 0.026 0.025 0.017 0.019 0.026 0.03 0.011 0.179 0.12 0.032 0.029 0.034 0.02 0.052 0.129 0.006 0.019 0.144
153 L 0.052 0.022 0.018 0.019 0.015 0.016 0.021 0.082 0.01 0.155 0.219 0.026 0.047 0.057 0.015 0.029 0.036 0.007 0.023 0.132
154 L 0.043 0.021 0.015 0.016 0.015 0.014 0.019 0.022 0.011 0.148 0.266 0.023 0.04 0.119 0.013 0.025 0.033 0.009 0.034 0.114
155 Y 0.04 0.027 0.021 0.018 0.009 0.021 0.027 0.024 0.046 0.043 0.067 0.031 0.018 0.128 0.015 0.031 0.027 0.027 0.331 0.046
156 L 0.038 0.021 0.015 0.016 0.013 0.013 0.019 0.023 0.013 0.088 0.25 0.022 0.037 0.226 0.012 0.024 0.029 0.012 0.054 0.074
157 I 0.048 0.128 0.036 0.027 0.012 0.031 0.038 0.029 0.016 0.13 0.124 0.098 0.037 0.031 0.018 0.037 0.038 0.006 0.019 0.095
158 F 0.033 0.019 0.017 0.017 0.01 0.01 0.019 0.025 0.017 0.062 0.112 0.019 0.025 0.399 0.01 0.025 0.025 0.017 0.087 0.054
159 I 0.046 0.017 0.014 0.017 0.016 0.013 0.017 0.02 0.009 0.285 0.165 0.023 0.036 0.043 0.014 0.025 0.039 0.006 0.02 0.173
160 L 0.047 0.022 0.014 0.016 0.016 0.015 0.019 0.021 0.009 0.167 0.294 0.024 0.043 0.049 0.014 0.025 0.036 0.006 0.021 0.139
161 N 0.055 0.04 0.212 0.153 0.01 0.032 0.059 0.06 0.025 0.023 0.032 0.051 0.011 0.017 0.022 0.098 0.052 0.004 0.015 0.029
162 S 0.108 0.039 0.053 0.048 0.017 0.033 0.051 0.065 0.019 0.029 0.041 0.053 0.015 0.02 0.029 0.235 0.08 0.005 0.017 0.041
163 G 0.077 0.022 0.038 0.033 0.011 0.019 0.025 0.52 0.013 0.019 0.028 0.033 0.009 0.016 0.019 0.05 0.029 0.005 0.011 0.024
164 L 0.113 0.028 0.02 0.026 0.017 0.023 0.054 0.037 0.012 0.092 0.239 0.035 0.035 0.04 0.019 0.043 0.039 0.006 0.02 0.104
165 G 0.077 0.022 0.038 0.033 0.011 0.019 0.025 0.52 0.013 0.019 0.028 0.033 0.009 0.016 0.019 0.05 0.029 0.005 0.011 0.024
166 H 0.041 0.045 0.052 0.037 0.007 0.037 0.052 0.037 0.368 0.022 0.037 0.045 0.015 0.03 0.019 0.041 0.026 0.007 0.056 0.022
167 L 0.044 0.024 0.014 0.015 0.016 0.016 0.02 0.021 0.01 0.113 0.388 0.025 0.049 0.054 0.014 0.024 0.033 0.007 0.022 0.094
168 A 0.304 0.03 0.025 0.029 0.021 0.025 0.04 0.077 0.015 0.042 0.058 0.044 0.017 0.021 0.029 0.083 0.049 0.005 0.017 0.067
169 I 0.046 0.017 0.014 0.017 0.016 0.013 0.017 0.02 0.009 0.285 0.165 0.023 0.036 0.043 0.014 0.025 0.039 0.006 0.02 0.173
170 Y 0.04 0.027 0.021 0.018 0.009 0.021 0.027 0.024 0.046 0.043 0.067 0.031 0.018 0.128 0.015 0.031 0.027 0.027 0.331 0.046
171 T 0.07 0.034 0.041 0.036 0.017 0.026 0.038 0.041 0.013 0.064 0.069 0.043 0.02 0.024 0.026 0.088 0.25 0.006 0.018 0.075
172 E 0.052 0.046 0.043 0.131 0.007 0.059 0.281 0.036 0.024 0.022 0.035 0.07 0.012 0.016 0.025 0.054 0.036 0.005 0.016 0.03
173 G 0.089 0.029 0.044 0.039 0.013 0.024 0.036 0.338 0.015 0.023 0.033 0.041 0.012 0.018 0.023 0.124 0.05 0.005 0.013 0.031
174 E 0.05 0.043 0.049 0.191 0.007 0.052 0.24 0.038 0.023 0.022 0.033 0.064 0.012 0.016 0.024 0.053 0.036 0.005 0.015 0.028
175 A 0.146 0.035 0.029 0.05 0.015 0.038 0.143 0.047 0.017 0.074 0.069 0.051 0.019 0.023 0.024 0.059 0.043 0.005 0.018 0.095
176 L 0.044 0.024 0.014 0.015 0.016 0.016 0.02 0.021 0.01 0.113 0.388 0.025 0.049 0.054 0.014 0.024 0.033 0.007 0.022 0.094
177 L 0.053 0.093 0.026 0.024 0.015 0.025 0.031 0.029 0.013 0.093 0.201 0.048 0.032 0.036 0.018 0.045 0.09 0.006 0.02 0.101
178 A 0.174 0.033 0.041 0.057 0.017 0.027 0.045 0.137 0.016 0.032 0.045 0.046 0.015 0.02 0.027 0.141 0.058 0.005 0.016 0.048
179 Q 0.073 0.059 0.061 0.049 0.012 0.151 0.081 0.05 0.025 0.027 0.044 0.075 0.018 0.017 0.025 0.119 0.055 0.005 0.019 0.036
180 V 0.065 0.021 0.017 0.018 0.018 0.016 0.022 0.024 0.008 0.178 0.132 0.026 0.031 0.036 0.016 0.033 0.054 0.005 0.02 0.258
181 P 0.056 0.025 0.023 0.03 0.01 0.02 0.035 0.035 0.013 0.025 0.035 0.04 0.01 0.013 0.503 0.043 0.035 0.003 0.013 0.03
182 F 0.035 0.02 0.016 0.016 0.011 0.011 0.019 0.024 0.015 0.072 0.167 0.02 0.03 0.33 0.011 0.025 0.026 0.015 0.074 0.062
183 V 0.082 0.022 0.016 0.018 0.017 0.016 0.023 0.028 0.01 0.16 0.163 0.026 0.033 0.065 0.016 0.034 0.043 0.007 0.025 0.196
184 I 0.049 0.018 0.015 0.017 0.016 0.013 0.018 0.021 0.009 0.271 0.16 0.023 0.035 0.042 0.015 0.025 0.04 0.006 0.02 0.186
185 R 0.044 0.358 0.038 0.03 0.008 0.047 0.051 0.032 0.023 0.023 0.046 0.118 0.015 0.017 0.019 0.044 0.034 0.006 0.017 0.03
186 A 0.259 0.029 0.028 0.03 0.019 0.024 0.037 0.165 0.014 0.038 0.052 0.042 0.016 0.02 0.027 0.077 0.045 0.005 0.016 0.059
187 I 0.046 0.017 0.014 0.017 0.016 0.013 0.017 0.02 0.009 0.285 0.165 0.023 0.036 0.043 0.014 0.025 0.039 0.006 0.02 0.173
188 S 0.108 0.039 0.053 0.048 0.017 0.033 0.051 0.065 0.019 0.029 0.041 0.053 0.015 0.02 0.029 0.235 0.08 0.005 0.017 0.041
189 G 0.077 0.022 0.038 0.033 0.011 0.019 0.025 0.52 0.013 0.019 0.028 0.033 0.009 0.016 0.019 0.05 0.029 0.005 0.011 0.024
190 F 0.038 0.022 0.016 0.016 0.013 0.014 0.02 0.024 0.015 0.081 0.199 0.022 0.05 0.26 0.012 0.026 0.029 0.013 0.061 0.07
191 S 0.124 0.038 0.049 0.045 0.018 0.031 0.049 0.064 0.018 0.033 0.045 0.051 0.016 0.021 0.029 0.206 0.095 0.005 0.017 0.047
192 L 0.06 0.025 0.021 0.022 0.016 0.018 0.025 0.029 0.012 0.141 0.223 0.03 0.036 0.045 0.017 0.061 0.045 0.007 0.031 0.137
193 I 0.051 0.02 0.017 0.019 0.016 0.015 0.02 0.023 0.009 0.25 0.151 0.026 0.034 0.04 0.016 0.032 0.062 0.006 0.02 0.174
194 L 0.051 0.031 0.019 0.02 0.016 0.027 0.027 0.027 0.015 0.108 0.192 0.035 0.17 0.047 0.016 0.035 0.039 0.008 0.023 0.095
195 S 0.165 0.036 0.044 0.042 0.018 0.03 0.047 0.068 0.017 0.033 0.046 0.05 0.016 0.02 0.041 0.185 0.07 0.005 0.017 0.049
196 L 0.046 0.025 0.015 0.016 0.016 0.018 0.022 0.022 0.011 0.113 0.336 0.027 0.073 0.051 0.014 0.027 0.035 0.007 0.022 0.103
197 A 0.234 0.031 0.027 0.029 0.02 0.026 0.038 0.066 0.015 0.052 0.083 0.043 0.049 0.026 0.026 0.089 0.05 0.006 0.018 0.069
198 T 0.071 0.031 0.035 0.031 0.018 0.024 0.034 0.037 0.012 0.085 0.083 0.039 0.023 0.027 0.024 0.073 0.197 0.006 0.018 0.134
199 F 0.033 0.019 0.017 0.017 0.01 0.01 0.019 0.025 0.017 0.062 0.112 0.019 0.025 0.399 0.01 0.025 0.025 0.017 0.087 0.054
200 Y 0.038 0.026 0.02 0.018 0.009 0.019 0.026 0.025 0.04 0.047 0.076 0.028 0.02 0.182 0.014 0.029 0.027 0.025 0.282 0.047
201 F 0.037 0.024 0.019 0.018 0.01 0.017 0.024 0.025 0.033 0.051 0.087 0.025 0.021 0.247 0.013 0.028 0.026 0.023 0.224 0.049
202 K 0.054 0.119 0.037 0.037 0.009 0.045 0.06 0.04 0.019 0.026 0.041 0.221 0.014 0.015 0.121 0.05 0.038 0.005 0.016 0.032
203 A 0.173 0.035 0.042 0.04 0.019 0.029 0.045 0.066 0.017 0.037 0.05 0.048 0.017 0.021 0.029 0.16 0.094 0.005 0.017 0.055
204 P 0.083 0.033 0.039 0.04 0.014 0.027 0.044 0.051 0.016 0.027 0.038 0.047 0.013 0.017 0.257 0.143 0.059 0.004 0.015 0.036
205 R 0.06 0.178 0.04 0.036 0.011 0.041 0.052 0.04 0.019 0.037 0.052 0.135 0.017 0.019 0.024 0.075 0.091 0.005 0.017 0.051
206 Y 0.054 0.054 0.031 0.029 0.01 0.032 0.042 0.092 0.028 0.058 0.062 0.123 0.018 0.061 0.02 0.05 0.035 0.014 0.136 0.051
207 L 0.046 0.022 0.016 0.017 0.015 0.016 0.021 0.022 0.016 0.172 0.214 0.025 0.036 0.063 0.015 0.026 0.035 0.01 0.083 0.131
208 K 0.052 0.196 0.04 0.037 0.008 0.051 0.063 0.039 0.021 0.026 0.044 0.229 0.015 0.016 0.024 0.049 0.037 0.005 0.017 0.032
209 W 0.044 0.023 0.016 0.016 0.013 0.016 0.022 0.026 0.013 0.085 0.141 0.024 0.041 0.085 0.012 0.027 0.032 0.206 0.046 0.111
210 I 0.044 0.018 0.015 0.017 0.015 0.013 0.018 0.021 0.01 0.216 0.174 0.022 0.035 0.122 0.014 0.025 0.036 0.008 0.035 0.142
211 G 0.179 0.032 0.038 0.037 0.017 0.026 0.04 0.179 0.016 0.032 0.045 0.044 0.015 0.02 0.027 0.13 0.055 0.005 0.016 0.047
212 F 0.036 0.018 0.016 0.017 0.011 0.011 0.018 0.024 0.015 0.107 0.122 0.02 0.027 0.328 0.011 0.025 0.028 0.014 0.074 0.078
213 I 0.047 0.02 0.016 0.018 0.015 0.014 0.02 0.023 0.01 0.2 0.184 0.024 0.035 0.096 0.015 0.029 0.048 0.008 0.03 0.149
214 L 0.045 0.025 0.015 0.016 0.016 0.018 0.021 0.022 0.011 0.11 0.349 0.027 0.074 0.052 0.014 0.026 0.034 0.007 0.022 0.094
215 L 0.045 0.023 0.014 0.015 0.016 0.015 0.02 0.021 0.01 0.141 0.341 0.025 0.046 0.051 0.014 0.024 0.034 0.007 0.022 0.116
216 A 0.252 0.029 0.023 0.026 0.02 0.023 0.036 0.066 0.014 0.057 0.124 0.04 0.023 0.028 0.026 0.071 0.046 0.006 0.018 0.073
217 S 0.114 0.039 0.052 0.047 0.017 0.032 0.051 0.065 0.019 0.03 0.042 0.053 0.015 0.021 0.029 0.23 0.079 0.005 0.017 0.042
218 D 0.046 0.037 0.056 0.281 0.007 0.043 0.178 0.041 0.021 0.022 0.031 0.056 0.011 0.015 0.023 0.052 0.035 0.004 0.013 0.027
219 L 0.048 0.024 0.015 0.016 0.016 0.017 0.021 0.022 0.01 0.12 0.339 0.025 0.052 0.051 0.014 0.026 0.035 0.007 0.022 0.122
220 L 0.089 0.025 0.017 0.019 0.017 0.019 0.024 0.031 0.011 0.128 0.235 0.029 0.058 0.043 0.017 0.036 0.04 0.006 0.021 0.134
221 I 0.046 0.017 0.014 0.017 0.016 0.013 0.017 0.02 0.009 0.285 0.165 0.023 0.036 0.043 0.014 0.025 0.039 0.006 0.02 0.173
222 G 0.077 0.022 0.038 0.033 0.011 0.019 0.025 0.52 0.013 0.019 0.028 0.033 0.009 0.016 0.019 0.05 0.029 0.005 0.011 0.024
223 I 0.046 0.017 0.014 0.017 0.016 0.013 0.017 0.02 0.009 0.285 0.165 0.023 0.036 0.043 0.014 0.025 0.039 0.006 0.02 0.173
224 R 0.044 0.358 0.038 0.03 0.008 0.047 0.051 0.032 0.023 0.023 0.046 0.118 0.015 0.017 0.019 0.044 0.034 0.006 0.017 0.03
225 N 0.075 0.038 0.161 0.058 0.013 0.03 0.045 0.156 0.023 0.024 0.034 0.049 0.012 0.018 0.023 0.131 0.057 0.005 0.015 0.032
226 K 0.056 0.105 0.041 0.041 0.008 0.052 0.069 0.042 0.02 0.027 0.042 0.292 0.015 0.015 0.027 0.052 0.039 0.005 0.017 0.032
227 F 0.033 0.019 0.017 0.017 0.01 0.01 0.019 0.025 0.017 0.062 0.112 0.019 0.025 0.399 0.01 0.025 0.025 0.017 0.087 0.054
228 F 0.033 0.019 0.017 0.017 0.01 0.01 0.019 0.025 0.017 0.062 0.112 0.019 0.025 0.399 0.01 0.025 0.025 0.017 0.087 0.054
229 F 0.033 0.019 0.017 0.017 0.01 0.01 0.019 0.025 0.017 0.062 0.112 0.019 0.025 0.399 0.01 0.025 0.025 0.017 0.087 0.054
230 S 0.147 0.038 0.047 0.044 0.018 0.031 0.049 0.067 0.018 0.032 0.045 0.051 0.016 0.021 0.029 0.205 0.074 0.005 0.017 0.046
231 L 0.061 0.023 0.016 0.017 0.016 0.016 0.022 0.026 0.012 0.108 0.221 0.026 0.05 0.13 0.015 0.03 0.036 0.009 0.037 0.13
232 I 0.05 0.018 0.015 0.017 0.016 0.014 0.018 0.021 0.009 0.256 0.167 0.024 0.036 0.042 0.015 0.026 0.04 0.006 0.02 0.19
233 C 0.074 0.022 0.025 0.024 0.379 0.017 0.024 0.04 0.011 0.04 0.058 0.028 0.016 0.02 0.019 0.087 0.047 0.004 0.013 0.052
234 I 0.046 0.018 0.014 0.017 0.016 0.013 0.017 0.02 0.009 0.278 0.174 0.023 0.037 0.044 0.014 0.024 0.039 0.006 0.02 0.17
235 I 0.043 0.019 0.015 0.017 0.015 0.013 0.018 0.021 0.01 0.206 0.199 0.023 0.036 0.117 0.014 0.024 0.035 0.008 0.034 0.134
236 I 0.107 0.022 0.019 0.021 0.016 0.016 0.024 0.036 0.012 0.17 0.124 0.028 0.029 0.108 0.018 0.042 0.048 0.008 0.033 0.123
237 L 0.044 0.024 0.014 0.015 0.016 0.016 0.02 0.021 0.01 0.115 0.379 0.025 0.048 0.053 0.014 0.024 0.033 0.007 0.022 0.101
238 S 0.08 0.034 0.04 0.036 0.014 0.028 0.041 0.049 0.028 0.036 0.054 0.043 0.017 0.077 0.023 0.153 0.059 0.013 0.131 0.043
239 L 0.096 0.026 0.017 0.018 0.017 0.019 0.025 0.033 0.011 0.098 0.302 0.03 0.055 0.046 0.017 0.037 0.037 0.007 0.021 0.089
240 Y 0.04 0.027 0.021 0.018 0.009 0.021 0.027 0.024 0.046 0.043 0.067 0.031 0.018 0.128 0.015 0.031 0.027 0.027 0.331 0.046
241 S 0.102 0.034 0.044 0.04 0.074 0.028 0.043 0.056 0.016 0.048 0.054 0.046 0.017 0.022 0.026 0.174 0.099 0.005 0.017 0.055
242 N 0.042 0.044 0.33 0.081 0.009 0.033 0.048 0.064 0.031 0.022 0.031 0.053 0.011 0.018 0.02 0.068 0.048 0.004 0.015 0.026
243 R 0.05 0.215 0.039 0.045 0.008 0.052 0.109 0.036 0.023 0.024 0.043 0.165 0.015 0.016 0.023 0.049 0.036 0.005 0.017 0.031
244 Y 0.048 0.054 0.042 0.036 0.011 0.033 0.07 0.031 0.056 0.095 0.079 0.083 0.021 0.053 0.019 0.041 0.046 0.011 0.1 0.071
245 L 0.049 0.162 0.031 0.028 0.011 0.037 0.044 0.032 0.017 0.057 0.168 0.125 0.027 0.03 0.02 0.046 0.037 0.006 0.019 0.054
246 I 0.102 0.021 0.017 0.02 0.018 0.016 0.023 0.032 0.01 0.212 0.136 0.028 0.031 0.037 0.018 0.038 0.043 0.006 0.02 0.174
247 K 0.057 0.089 0.033 0.033 0.012 0.08 0.057 0.034 0.018 0.089 0.078 0.12 0.023 0.023 0.021 0.047 0.056 0.006 0.019 0.104
248 K 0.109 0.06 0.072 0.046 0.013 0.039 0.063 0.056 0.055 0.029 0.043 0.125 0.015 0.019 0.026 0.111 0.052 0.005 0.021 0.039
249 I 0.048 0.082 0.025 0.025 0.013 0.035 0.038 0.028 0.014 0.153 0.136 0.102 0.029 0.051 0.018 0.035 0.037 0.006 0.023 0.103
250 F 0.033 0.019 0.017 0.017 0.01 0.01 0.019 0.025 0.017 0.062 0.112 0.019 0.025 0.399 0.01 0.025 0.025 0.017 0.087 0.054
251 V 0.11 0.043 0.028 0.028 0.016 0.027 0.038 0.041 0.013 0.088 0.117 0.086 0.025 0.028 0.023 0.057 0.087 0.006 0.019 0.12
252 K 0.049 0.135 0.036 0.034 0.009 0.061 0.059 0.037 0.021 0.033 0.057 0.182 0.018 0.092 0.022 0.045 0.035 0.008 0.031 0.036
253 L 0.059 0.02 0.015 0.017 0.016 0.015 0.02 0.023 0.009 0.21 0.234 0.025 0.039 0.045 0.015 0.028 0.038 0.006 0.021 0.146
254 S 0.101 0.038 0.051 0.046 0.017 0.031 0.049 0.061 0.018 0.034 0.046 0.051 0.016 0.021 0.029 0.206 0.117 0.005 0.017 0.047
255 K 0.059 0.119 0.04 0.038 0.009 0.045 0.058 0.137 0.019 0.025 0.04 0.219 0.014 0.016 0.024 0.051 0.036 0.005 0.016 0.03
256 L 0.05 0.021 0.017 0.019 0.014 0.015 0.023 0.025 0.011 0.138 0.173 0.027 0.031 0.091 0.112 0.03 0.037 0.007 0.029 0.13
257 L 0.051 0.055 0.032 0.031 0.012 0.092 0.053 0.032 0.053 0.116 0.124 0.054 0.028 0.03 0.019 0.044 0.059 0.006 0.024 0.085
258 Y 0.045 0.026 0.021 0.02 0.01 0.02 0.028 0.027 0.032 0.053 0.071 0.031 0.019 0.123 0.113 0.033 0.031 0.019 0.212 0.067
259 L 0.044 0.023 0.014 0.015 0.016 0.015 0.019 0.021 0.01 0.148 0.343 0.024 0.046 0.052 0.014 0.024 0.034 0.007 0.022 0.11
260 L 0.051 0.022 0.015 0.016 0.017 0.015 0.02 0.022 0.009 0.159 0.275 0.025 0.041 0.047 0.015 0.026 0.038 0.006 0.021 0.16
261 I 0.075 0.02 0.017 0.02 0.017 0.015 0.021 0.027 0.009 0.237 0.145 0.027 0.033 0.039 0.017 0.034 0.052 0.006 0.02 0.168
262 G 0.07 0.023 0.033 0.029 0.012 0.018 0.024 0.42 0.013 0.037 0.1 0.031 0.017 0.023 0.018 0.045 0.03 0.006 0.013 0.038
263 F 0.033 0.019 0.017 0.017 0.01 0.01 0.019 0.025 0.017 0.062 0.112 0.019 0.025 0.399 0.01 0.025 0.025 0.017 0.087 0.054
264 I 0.053 0.019 0.015 0.017 0.017 0.014 0.019 0.022 0.009 0.228 0.175 0.024 0.036 0.042 0.015 0.027 0.041 0.006 0.02 0.201
265 L 0.054 0.022 0.021 0.02 0.063 0.016 0.021 0.123 0.01 0.11 0.234 0.027 0.034 0.04 0.016 0.034 0.045 0.006 0.018 0.087
266 F 0.035 0.02 0.016 0.016 0.011 0.011 0.019 0.024 0.015 0.072 0.167 0.02 0.03 0.33 0.011 0.025 0.026 0.015 0.074 0.062
267 S 0.108 0.039 0.053 0.048 0.017 0.033 0.051 0.065 0.019 0.029 0.041 0.053 0.015 0.02 0.029 0.235 0.08 0.005 0.017 0.041
268 L 0.052 0.027 0.02 0.02 0.016 0.02 0.024 0.026 0.011 0.112 0.262 0.03 0.067 0.045 0.017 0.037 0.07 0.007 0.021 0.115
269 V 0.058 0.019 0.015 0.017 0.017 0.015 0.02 0.022 0.008 0.221 0.145 0.024 0.033 0.039 0.015 0.029 0.044 0.006 0.02 0.23
270 S 0.108 0.039 0.053 0.048 0.017 0.033 0.051 0.065 0.019 0.029 0.041 0.053 0.015 0.02 0.029 0.235 0.08 0.005 0.017 0.041
271 Y 0.04 0.027 0.021 0.018 0.009 0.021 0.027 0.024 0.046 0.043 0.067 0.031 0.018 0.128 0.015 0.031 0.027 0.027 0.331 0.046
272 F 0.036 0.02 0.017 0.017 0.011 0.013 0.02 0.024 0.019 0.082 0.147 0.021 0.028 0.297 0.012 0.025 0.027 0.016 0.103 0.066
273 R 0.044 0.358 0.038 0.03 0.008 0.047 0.051 0.032 0.023 0.023 0.046 0.118 0.015 0.017 0.019 0.044 0.034 0.006 0.017 0.03
274 E 0.054 0.049 0.04 0.088 0.007 0.063 0.31 0.034 0.025 0.022 0.036 0.074 0.013 0.016 0.025 0.054 0.036 0.005 0.016 0.031
275 G 0.077 0.022 0.038 0.033 0.011 0.019 0.025 0.52 0.013 0.019 0.028 0.033 0.009 0.016 0.019 0.05 0.029 0.005 0.011 0.024
276 Y 0.04 0.027 0.021 0.018 0.009 0.021 0.027 0.024 0.046 0.043 0.067 0.031 0.018 0.128 0.015 0.031 0.027 0.027 0.331 0.046
277 E 0.056 0.049 0.044 0.108 0.01 0.081 0.187 0.039 0.023 0.029 0.043 0.073 0.015 0.017 0.025 0.061 0.082 0.005 0.017 0.038
278 I 0.048 0.018 0.015 0.017 0.016 0.013 0.018 0.02 0.009 0.277 0.162 0.023 0.036 0.043 0.015 0.025 0.04 0.006 0.02 0.181
279 N 0.041 0.04 0.252 0.18 0.008 0.032 0.061 0.058 0.027 0.022 0.03 0.05 0.01 0.017 0.02 0.063 0.044 0.004 0.014 0.026
280 F 0.033 0.019 0.017 0.017 0.01 0.01 0.019 0.025 0.017 0.062 0.112 0.019 0.025 0.399 0.01 0.025 0.025 0.017 0.087 0.054
281 I 0.049 0.021 0.017 0.018 0.015 0.017 0.021 0.022 0.017 0.197 0.142 0.026 0.046 0.059 0.015 0.028 0.038 0.01 0.083 0.158
282 N 0.066 0.048 0.185 0.062 0.012 0.034 0.05 0.06 0.024 0.038 0.042 0.08 0.014 0.02 0.024 0.121 0.058 0.005 0.016 0.039
283 Y 0.04 0.027 0.021 0.018 0.009 0.021 0.027 0.024 0.046 0.043 0.067 0.031 0.018 0.128 0.015 0.031 0.027 0.027 0.331 0.046
284 L 0.046 0.022 0.015 0.016 0.016 0.016 0.02 0.021 0.01 0.18 0.275 0.025 0.059 0.049 0.014 0.025 0.036 0.007 0.021 0.125
285 G 0.065 0.021 0.025 0.024 0.014 0.016 0.023 0.223 0.012 0.084 0.085 0.027 0.021 0.1 0.016 0.038 0.036 0.008 0.03 0.134
286 I 0.048 0.018 0.015 0.017 0.016 0.013 0.018 0.021 0.009 0.273 0.161 0.023 0.036 0.042 0.015 0.025 0.04 0.006 0.02 0.184
287 V 0.069 0.021 0.016 0.017 0.019 0.016 0.023 0.024 0.008 0.161 0.128 0.026 0.031 0.035 0.016 0.032 0.048 0.005 0.02 0.283
288 L 0.044 0.024 0.014 0.015 0.016 0.016 0.02 0.021 0.01 0.113 0.388 0.025 0.049 0.054 0.014 0.024 0.033 0.007 0.022 0.094
289 D 0.04 0.029 0.068 0.409 0.007 0.029 0.09 0.046 0.018 0.022 0.027 0.044 0.009 0.015 0.022 0.051 0.035 0.004 0.011 0.024
290 S 0.107 0.039 0.053 0.048 0.017 0.032 0.051 0.064 0.019 0.03 0.042 0.053 0.015 0.021 0.029 0.232 0.085 0.005 0.017 0.042
291 L 0.044 0.023 0.014 0.015 0.016 0.015 0.019 0.021 0.01 0.148 0.343 0.024 0.046 0.052 0.014 0.024 0.034 0.007 0.022 0.11
292 S 0.108 0.039 0.053 0.048 0.017 0.033 0.051 0.065 0.019 0.029 0.041 0.053 0.015 0.02 0.029 0.235 0.08 0.005 0.017 0.041
293 S 0.104 0.038 0.051 0.047 0.017 0.032 0.05 0.063 0.018 0.03 0.041 0.052 0.015 0.02 0.053 0.222 0.083 0.005 0.017 0.041
294 T 0.072 0.035 0.043 0.037 0.017 0.027 0.039 0.043 0.014 0.052 0.064 0.045 0.019 0.023 0.027 0.091 0.261 0.006 0.017 0.07
295 L 0.044 0.023 0.014 0.015 0.016 0.015 0.019 0.021 0.01 0.148 0.343 0.024 0.046 0.052 0.014 0.024 0.034 0.007 0.022 0.11
296 A 0.259 0.029 0.028 0.03 0.019 0.024 0.037 0.165 0.014 0.038 0.052 0.042 0.016 0.02 0.027 0.077 0.045 0.005 0.016 0.059
297 G 0.077 0.022 0.038 0.033 0.011 0.019 0.025 0.52 0.013 0.019 0.028 0.033 0.009 0.016 0.019 0.05 0.029 0.005 0.011 0.024
298 L 0.045 0.025 0.015 0.016 0.016 0.018 0.021 0.022 0.011 0.11 0.349 0.027 0.074 0.052 0.014 0.026 0.034 0.007 0.022 0.094
299 Q 0.055 0.067 0.043 0.055 0.008 0.197 0.143 0.039 0.028 0.025 0.044 0.086 0.019 0.015 0.023 0.055 0.04 0.006 0.019 0.034
300 D 0.041 0.099 0.141 0.235 0.008 0.034 0.07 0.048 0.023 0.022 0.032 0.061 0.011 0.016 0.021 0.055 0.039 0.004 0.014 0.026
301 L 0.052 0.022 0.015 0.016 0.017 0.016 0.02 0.022 0.009 0.154 0.274 0.025 0.041 0.046 0.015 0.027 0.039 0.006 0.021 0.164
302 F 0.035 0.021 0.018 0.017 0.01 0.013 0.021 0.025 0.024 0.057 0.101 0.022 0.023 0.331 0.012 0.026 0.026 0.019 0.148 0.052
303 L 0.064 0.028 0.031 0.064 0.015 0.022 0.036 0.036 0.014 0.11 0.174 0.035 0.037 0.039 0.019 0.085 0.049 0.006 0.029 0.106
304 L 0.048 0.023 0.017 0.018 0.015 0.017 0.021 0.071 0.011 0.137 0.288 0.026 0.055 0.047 0.015 0.028 0.034 0.007 0.021 0.103
305 P 0.066 0.037 0.033 0.037 0.011 0.065 0.052 0.042 0.017 0.026 0.039 0.053 0.013 0.015 0.312 0.084 0.045 0.004 0.015 0.033
306 D 0.07 0.032 0.053 0.21 0.013 0.028 0.063 0.046 0.018 0.037 0.047 0.044 0.014 0.025 0.024 0.069 0.123 0.006 0.031 0.047
307 G 0.132 0.033 0.037 0.045 0.015 0.032 0.092 0.148 0.017 0.054 0.054 0.048 0.016 0.021 0.025 0.104 0.05 0.005 0.016 0.055
308 E 0.06 0.056 0.091 0.059 0.009 0.117 0.12 0.094 0.026 0.024 0.039 0.078 0.015 0.016 0.023 0.074 0.044 0.005 0.017 0.032
309 G 0.069 0.024 0.034 0.03 0.01 0.019 0.027 0.375 0.015 0.022 0.035 0.032 0.011 0.028 0.017 0.058 0.032 0.105 0.03 0.027
310 W 0.03 0.022 0.015 0.015 0.007 0.015 0.022 0.03 0.015 0.03 0.052 0.022 0.015 0.059 0.007 0.022 0.022 0.502 0.067 0.03
311 D 0.104 0.033 0.087 0.23 0.012 0.029 0.067 0.056 0.019 0.031 0.039 0.046 0.012 0.018 0.024 0.087 0.046 0.004 0.014 0.042
312 K 0.051 0.113 0.047 0.036 0.01 0.062 0.06 0.038 0.02 0.043 0.112 0.188 0.022 0.023 0.023 0.047 0.038 0.006 0.018 0.044
313 Y 0.041 0.028 0.022 0.019 0.009 0.022 0.028 0.025 0.047 0.044 0.069 0.031 0.019 0.131 0.016 0.031 0.028 0.028 0.317 0.047
314 L 0.042 0.021 0.015 0.016 0.015 0.014 0.019 0.022 0.011 0.15 0.263 0.023 0.04 0.128 0.013 0.024 0.033 0.009 0.036 0.107
315 D 0.061 0.037 0.114 0.198 0.011 0.032 0.066 0.054 0.056 0.024 0.033 0.049 0.012 0.019 0.023 0.109 0.05 0.005 0.018 0.029
316 P 0.112 0.027 0.023 0.028 0.013 0.022 0.035 0.043 0.02 0.033 0.047 0.039 0.013 0.038 0.292 0.05 0.037 0.008 0.077 0.042
317 H 0.072 0.044 0.059 0.042 0.011 0.072 0.079 0.04 0.13 0.053 0.086 0.053 0.021 0.032 0.02 0.048 0.035 0.007 0.046 0.049
318 V 0.062 0.026 0.022 0.021 0.017 0.02 0.026 0.028 0.011 0.126 0.161 0.031 0.06 0.038 0.018 0.043 0.087 0.006 0.021 0.175
319 I 0.055 0.019 0.015 0.017 0.017 0.014 0.02 0.022 0.008 0.236 0.15 0.024 0.034 0.04 0.015 0.028 0.043 0.006 0.02 0.217
320 L 0.042 0.02 0.015 0.016 0.015 0.013 0.019 0.022 0.011 0.164 0.236 0.023 0.038 0.136 0.013 0.024 0.033 0.009 0.038 0.113
