#Seq2Logo.py -f /work3/idamei/ssn-clusterings/clustering/2205181126/clusters/0006_255/sequences.afa -o /work3/idamei/ssn-clusterings/clustering/2205181126/clusters/0006_255/sequences.logo
#Position Specific Frequency Matrix
A R N D C Q E G H I L K M F P S T W Y V
0 L 0.051 0.031 0.02 0.02 0.016 0.027 0.027 0.027 0.016 0.098 0.192 0.035 0.181 0.047 0.016 0.035 0.039 0.008 0.024 0.09
1 K 0.093 0.069 0.082 0.041 0.012 0.038 0.052 0.048 0.019 0.043 0.101 0.168 0.02 0.023 0.024 0.055 0.041 0.005 0.017 0.047
2 I 0.049 0.023 0.068 0.028 0.015 0.017 0.024 0.028 0.012 0.194 0.173 0.029 0.033 0.039 0.015 0.033 0.041 0.006 0.02 0.154
3 S 0.087 0.041 0.144 0.06 0.015 0.033 0.051 0.065 0.023 0.027 0.038 0.053 0.014 0.02 0.026 0.175 0.07 0.005 0.017 0.037
4 R 0.046 0.183 0.027 0.024 0.012 0.031 0.035 0.027 0.016 0.149 0.107 0.072 0.026 0.031 0.017 0.035 0.037 0.006 0.019 0.103
5 I 0.047 0.018 0.015 0.018 0.016 0.013 0.018 0.021 0.009 0.271 0.168 0.024 0.037 0.044 0.015 0.025 0.04 0.006 0.021 0.177
6 N 0.043 0.045 0.317 0.083 0.009 0.034 0.049 0.065 0.032 0.022 0.032 0.054 0.011 0.018 0.02 0.07 0.049 0.004 0.016 0.027
7 Q 0.056 0.074 0.044 0.047 0.009 0.215 0.103 0.041 0.029 0.026 0.047 0.091 0.021 0.015 0.024 0.056 0.041 0.006 0.021 0.035
8 F 0.071 0.029 0.035 0.033 0.014 0.022 0.036 0.046 0.018 0.046 0.078 0.036 0.02 0.205 0.02 0.125 0.053 0.011 0.053 0.048
9 A 0.29 0.031 0.026 0.03 0.022 0.026 0.04 0.078 0.015 0.043 0.059 0.045 0.018 0.022 0.03 0.085 0.05 0.005 0.018 0.069
10 C 0.05 0.023 0.033 0.145 0.171 0.019 0.042 0.033 0.012 0.06 0.158 0.03 0.025 0.03 0.017 0.039 0.035 0.005 0.015 0.059
11 K 0.05 0.068 0.106 0.045 0.01 0.038 0.051 0.042 0.02 0.09 0.07 0.163 0.019 0.023 0.022 0.05 0.042 0.005 0.017 0.066
12 A 0.124 0.048 0.031 0.031 0.017 0.03 0.043 0.047 0.014 0.071 0.073 0.101 0.021 0.024 0.025 0.065 0.099 0.005 0.018 0.112
13 R 0.05 0.23 0.04 0.036 0.008 0.05 0.061 0.037 0.022 0.025 0.044 0.204 0.015 0.016 0.023 0.048 0.037 0.005 0.017 0.031
14 W 0.043 0.027 0.024 0.021 0.01 0.02 0.028 0.032 0.022 0.039 0.059 0.03 0.017 0.068 0.014 0.042 0.082 0.258 0.12 0.044
15 F 0.048 0.021 0.02 0.02 0.094 0.015 0.021 0.027 0.012 0.103 0.151 0.025 0.028 0.157 0.015 0.038 0.07 0.009 0.041 0.083
16 L 0.114 0.031 0.034 0.032 0.017 0.024 0.036 0.048 0.014 0.092 0.126 0.04 0.025 0.03 0.024 0.117 0.091 0.006 0.018 0.081
17 L 0.041 0.026 0.018 0.017 0.012 0.019 0.024 0.023 0.028 0.078 0.229 0.028 0.033 0.09 0.015 0.027 0.03 0.017 0.178 0.07
18 V 0.082 0.029 0.033 0.031 0.018 0.023 0.035 0.041 0.012 0.099 0.088 0.038 0.024 0.028 0.022 0.111 0.095 0.005 0.019 0.169
19 L 0.051 0.023 0.019 0.02 0.016 0.016 0.023 0.025 0.011 0.131 0.208 0.027 0.035 0.102 0.016 0.037 0.074 0.008 0.031 0.128
20 L 0.043 0.024 0.014 0.015 0.016 0.016 0.02 0.021 0.01 0.113 0.391 0.025 0.048 0.053 0.014 0.024 0.033 0.007 0.022 0.094
21 L 0.13 0.025 0.018 0.02 0.017 0.018 0.026 0.04 0.012 0.081 0.233 0.03 0.034 0.101 0.018 0.044 0.037 0.008 0.031 0.078
22 F 0.033 0.019 0.016 0.016 0.01 0.01 0.019 0.025 0.016 0.062 0.111 0.019 0.025 0.402 0.01 0.025 0.025 0.016 0.087 0.054
23 L 0.057 0.025 0.022 0.022 0.095 0.019 0.025 0.032 0.013 0.076 0.198 0.029 0.056 0.099 0.016 0.064 0.041 0.008 0.03 0.071
24 F 0.045 0.022 0.023 0.022 0.011 0.014 0.024 0.031 0.017 0.056 0.1 0.024 0.023 0.338 0.013 0.06 0.034 0.015 0.075 0.052
25 I 0.053 0.019 0.015 0.017 0.017 0.014 0.019 0.021 0.008 0.246 0.152 0.024 0.034 0.04 0.015 0.027 0.042 0.006 0.02 0.211
26 F 0.036 0.023 0.019 0.017 0.01 0.016 0.023 0.025 0.031 0.052 0.089 0.024 0.022 0.265 0.013 0.028 0.026 0.022 0.211 0.05
27 A 0.23 0.034 0.081 0.041 0.018 0.028 0.043 0.072 0.018 0.037 0.051 0.047 0.016 0.02 0.027 0.106 0.054 0.005 0.017 0.056
28 F 0.037 0.018 0.016 0.017 0.012 0.011 0.018 0.023 0.014 0.137 0.129 0.02 0.028 0.282 0.012 0.025 0.029 0.013 0.064 0.093
29 P 0.055 0.038 0.026 0.032 0.01 0.026 0.041 0.036 0.014 0.025 0.036 0.083 0.011 0.013 0.426 0.044 0.036 0.003 0.013 0.031
30 L 0.045 0.02 0.014 0.016 0.016 0.014 0.018 0.02 0.009 0.201 0.277 0.024 0.042 0.048 0.014 0.024 0.036 0.006 0.021 0.133
31 P 0.044 0.022 0.019 0.021 0.011 0.016 0.025 0.027 0.019 0.084 0.087 0.029 0.021 0.167 0.177 0.032 0.031 0.012 0.092 0.064
32 G 0.072 0.038 0.033 0.031 0.014 0.025 0.035 0.199 0.014 0.09 0.072 0.077 0.019 0.024 0.021 0.075 0.044 0.005 0.016 0.097
33 L 0.045 0.021 0.015 0.016 0.014 0.014 0.019 0.023 0.012 0.133 0.216 0.022 0.036 0.165 0.013 0.026 0.034 0.01 0.043 0.126
34 G 0.057 0.021 0.023 0.022 0.014 0.015 0.021 0.189 0.012 0.11 0.141 0.026 0.026 0.094 0.015 0.034 0.034 0.008 0.028 0.109
35 N 0.047 0.04 0.237 0.066 0.009 0.031 0.045 0.136 0.084 0.021 0.031 0.048 0.011 0.019 0.019 0.061 0.041 0.005 0.021 0.025
36 S 0.101 0.038 0.051 0.046 0.017 0.031 0.049 0.061 0.018 0.033 0.045 0.051 0.016 0.021 0.029 0.214 0.111 0.005 0.017 0.046
37 A 0.158 0.032 0.043 0.1 0.016 0.027 0.049 0.142 0.016 0.03 0.042 0.045 0.014 0.019 0.026 0.124 0.053 0.005 0.015 0.044
38 H 0.04 0.036 0.037 0.028 0.008 0.029 0.04 0.031 0.208 0.032 0.052 0.038 0.017 0.079 0.017 0.036 0.027 0.017 0.195 0.034
39 L 0.048 0.021 0.014 0.016 0.016 0.015 0.019 0.021 0.009 0.179 0.271 0.024 0.041 0.047 0.014 0.025 0.037 0.006 0.021 0.152
40 A 0.202 0.032 0.036 0.036 0.018 0.026 0.041 0.147 0.016 0.034 0.047 0.045 0.015 0.02 0.027 0.129 0.056 0.005 0.016 0.051
41 L 0.062 0.028 0.03 0.028 0.016 0.021 0.031 0.036 0.013 0.099 0.139 0.035 0.027 0.094 0.02 0.082 0.118 0.008 0.03 0.083
42 V 0.059 0.022 0.02 0.02 0.017 0.016 0.024 0.027 0.01 0.147 0.12 0.027 0.029 0.095 0.017 0.039 0.079 0.007 0.031 0.193
43 L 0.043 0.02 0.015 0.016 0.015 0.013 0.018 0.021 0.01 0.192 0.231 0.023 0.038 0.106 0.014 0.024 0.034 0.008 0.032 0.126
44 A 0.161 0.032 0.036 0.035 0.019 0.026 0.04 0.058 0.015 0.059 0.065 0.044 0.019 0.023 0.026 0.128 0.095 0.005 0.018 0.095
45 F 0.036 0.02 0.016 0.016 0.012 0.012 0.019 0.023 0.014 0.079 0.205 0.021 0.033 0.286 0.012 0.024 0.027 0.013 0.065 0.067
46 I 0.087 0.021 0.016 0.019 0.016 0.015 0.022 0.03 0.011 0.18 0.175 0.026 0.033 0.101 0.016 0.034 0.037 0.008 0.031 0.122
47 L 0.043 0.021 0.014 0.016 0.015 0.014 0.019 0.021 0.011 0.163 0.269 0.023 0.04 0.108 0.013 0.024 0.033 0.008 0.032 0.113
48 L 0.048 0.022 0.014 0.016 0.016 0.015 0.02 0.021 0.009 0.15 0.309 0.025 0.043 0.049 0.014 0.025 0.036 0.006 0.021 0.139
49 L 0.042 0.022 0.014 0.016 0.015 0.014 0.019 0.021 0.011 0.133 0.306 0.023 0.042 0.11 0.013 0.024 0.032 0.008 0.032 0.1
50 C 0.096 0.021 0.017 0.018 0.176 0.015 0.022 0.035 0.011 0.077 0.136 0.025 0.025 0.092 0.017 0.04 0.038 0.007 0.028 0.102
51 S 0.074 0.039 0.149 0.12 0.013 0.032 0.056 0.061 0.023 0.025 0.035 0.051 0.013 0.018 0.025 0.151 0.062 0.005 0.015 0.033
52 Q 0.054 0.116 0.037 0.037 0.09 0.135 0.073 0.038 0.023 0.028 0.048 0.117 0.018 0.016 0.022 0.05 0.038 0.005 0.018 0.037
53 K 0.062 0.105 0.091 0.054 0.011 0.042 0.095 0.047 0.022 0.029 0.043 0.106 0.015 0.018 0.024 0.091 0.084 0.005 0.017 0.038
54 A 0.183 0.096 0.032 0.032 0.015 0.032 0.044 0.138 0.017 0.032 0.048 0.096 0.015 0.019 0.025 0.066 0.041 0.005 0.016 0.048
55 L 0.048 0.084 0.026 0.022 0.014 0.027 0.032 0.027 0.073 0.088 0.197 0.045 0.056 0.039 0.016 0.033 0.035 0.007 0.027 0.103
56 N 0.056 0.049 0.185 0.058 0.011 0.033 0.047 0.053 0.023 0.068 0.057 0.088 0.017 0.022 0.022 0.087 0.05 0.005 0.017 0.054
57 L 0.051 0.021 0.015 0.016 0.096 0.015 0.019 0.023 0.009 0.138 0.254 0.024 0.038 0.043 0.015 0.028 0.037 0.006 0.02 0.133
58 L 0.084 0.023 0.017 0.018 0.015 0.016 0.023 0.031 0.013 0.084 0.242 0.026 0.035 0.164 0.015 0.034 0.033 0.01 0.043 0.076
59 T 0.098 0.028 0.027 0.026 0.016 0.021 0.031 0.039 0.019 0.069 0.082 0.034 0.022 0.105 0.021 0.059 0.113 0.011 0.082 0.099
60 G 0.119 0.088 0.041 0.037 0.015 0.03 0.043 0.134 0.017 0.032 0.046 0.057 0.015 0.02 0.025 0.124 0.089 0.005 0.016 0.045
61 L 0.084 0.023 0.017 0.018 0.015 0.016 0.023 0.031 0.013 0.084 0.242 0.026 0.035 0.164 0.015 0.034 0.033 0.01 0.043 0.076
62 L 0.049 0.023 0.019 0.019 0.016 0.017 0.022 0.024 0.01 0.161 0.261 0.027 0.039 0.045 0.016 0.035 0.073 0.006 0.02 0.116
63 K 0.062 0.136 0.042 0.04 0.01 0.048 0.063 0.044 0.02 0.027 0.042 0.225 0.015 0.016 0.026 0.082 0.045 0.005 0.017 0.033
64 N 0.053 0.058 0.139 0.062 0.01 0.074 0.103 0.048 0.025 0.028 0.041 0.101 0.015 0.017 0.024 0.065 0.079 0.005 0.017 0.036
65 K 0.096 0.135 0.037 0.037 0.01 0.047 0.061 0.046 0.02 0.029 0.045 0.224 0.015 0.016 0.026 0.056 0.04 0.005 0.017 0.038
66 I 0.043 0.027 0.02 0.022 0.013 0.049 0.032 0.025 0.015 0.169 0.127 0.033 0.03 0.158 0.014 0.03 0.034 0.009 0.042 0.11
67 L 0.064 0.026 0.026 0.025 0.017 0.02 0.028 0.032 0.011 0.155 0.158 0.032 0.031 0.036 0.019 0.072 0.084 0.006 0.019 0.139
68 L 0.044 0.021 0.015 0.017 0.015 0.015 0.02 0.021 0.015 0.189 0.223 0.025 0.037 0.061 0.014 0.025 0.035 0.01 0.073 0.125
69 L 0.061 0.025 0.026 0.025 0.095 0.018 0.027 0.034 0.013 0.098 0.139 0.031 0.027 0.094 0.018 0.074 0.079 0.007 0.029 0.081
70 L 0.066 0.027 0.027 0.027 0.016 0.02 0.029 0.035 0.012 0.143 0.198 0.033 0.033 0.039 0.019 0.096 0.05 0.006 0.02 0.102
71 L 0.087 0.024 0.017 0.018 0.016 0.018 0.024 0.031 0.016 0.119 0.243 0.028 0.036 0.059 0.017 0.035 0.035 0.01 0.073 0.094
72 L 0.113 0.03 0.029 0.029 0.018 0.023 0.034 0.045 0.013 0.081 0.175 0.037 0.029 0.034 0.022 0.107 0.054 0.006 0.019 0.104
73 L 0.087 0.022 0.016 0.018 0.016 0.015 0.022 0.03 0.011 0.151 0.213 0.026 0.035 0.103 0.016 0.034 0.036 0.008 0.031 0.109
74 Y 0.039 0.025 0.019 0.017 0.01 0.019 0.025 0.024 0.035 0.057 0.128 0.027 0.024 0.161 0.014 0.028 0.028 0.022 0.241 0.055
75 L 0.096 0.023 0.017 0.018 0.018 0.017 0.024 0.031 0.01 0.146 0.21 0.028 0.035 0.04 0.017 0.036 0.042 0.006 0.02 0.167
76 F 0.093 0.025 0.024 0.023 0.014 0.017 0.028 0.039 0.015 0.062 0.137 0.029 0.026 0.217 0.017 0.07 0.039 0.011 0.053 0.06
77 L 0.045 0.02 0.014 0.016 0.016 0.014 0.018 0.02 0.009 0.201 0.277 0.024 0.042 0.048 0.014 0.024 0.036 0.006 0.021 0.133
78 I 0.043 0.019 0.015 0.017 0.015 0.013 0.018 0.021 0.01 0.222 0.193 0.023 0.036 0.105 0.014 0.024 0.035 0.008 0.031 0.14
79 L 0.057 0.026 0.026 0.025 0.015 0.019 0.027 0.032 0.013 0.109 0.194 0.031 0.032 0.099 0.018 0.071 0.079 0.008 0.031 0.087
80 F 0.042 0.023 0.019 0.018 0.011 0.017 0.024 0.024 0.03 0.069 0.092 0.026 0.023 0.204 0.014 0.029 0.03 0.02 0.199 0.088
81 S 0.092 0.033 0.044 0.04 0.016 0.027 0.041 0.133 0.016 0.071 0.059 0.045 0.018 0.023 0.025 0.172 0.065 0.005 0.016 0.06
82 L 0.052 0.025 0.022 0.022 0.014 0.018 0.025 0.03 0.014 0.109 0.168 0.029 0.055 0.161 0.016 0.062 0.04 0.01 0.043 0.084
83 L 0.085 0.021 0.017 0.019 0.015 0.015 0.022 0.031 0.012 0.143 0.167 0.025 0.031 0.161 0.015 0.034 0.035 0.009 0.042 0.102
84 N 0.063 0.033 0.132 0.047 0.014 0.026 0.038 0.046 0.018 0.096 0.076 0.042 0.021 0.026 0.021 0.087 0.088 0.005 0.018 0.104
85 T 0.111 0.034 0.039 0.035 0.018 0.027 0.039 0.048 0.014 0.05 0.063 0.044 0.019 0.023 0.027 0.089 0.229 0.006 0.017 0.069
86 I 0.064 0.028 0.031 0.029 0.015 0.022 0.032 0.036 0.018 0.126 0.094 0.036 0.024 0.047 0.021 0.083 0.119 0.009 0.071 0.095
87 L 0.043 0.021 0.014 0.016 0.015 0.014 0.019 0.021 0.011 0.163 0.269 0.023 0.04 0.108 0.013 0.024 0.033 0.008 0.032 0.113
88 H 0.054 0.034 0.087 0.04 0.012 0.028 0.04 0.041 0.135 0.112 0.079 0.04 0.021 0.031 0.019 0.073 0.043 0.006 0.031 0.076
89 G 0.059 0.033 0.139 0.05 0.009 0.026 0.037 0.288 0.079 0.02 0.03 0.041 0.011 0.019 0.019 0.055 0.035 0.005 0.02 0.024
90 S 0.117 0.044 0.043 0.049 0.015 0.069 0.099 0.054 0.02 0.033 0.048 0.059 0.017 0.019 0.027 0.127 0.092 0.005 0.017 0.047
91 Y 0.04 0.027 0.021 0.018 0.009 0.021 0.027 0.024 0.046 0.043 0.067 0.03 0.018 0.128 0.015 0.03 0.027 0.027 0.334 0.046
92 D 0.04 0.029 0.067 0.412 0.007 0.029 0.089 0.045 0.018 0.022 0.027 0.044 0.009 0.015 0.022 0.051 0.035 0.004 0.011 0.024
93 F 0.034 0.02 0.017 0.017 0.01 0.012 0.02 0.025 0.021 0.059 0.104 0.021 0.024 0.356 0.011 0.026 0.025 0.018 0.128 0.052
94 T 0.077 0.033 0.038 0.034 0.016 0.026 0.038 0.044 0.02 0.061 0.067 0.042 0.02 0.042 0.024 0.12 0.128 0.009 0.071 0.092
95 I 0.048 0.022 0.016 0.018 0.016 0.018 0.021 0.023 0.011 0.225 0.173 0.027 0.084 0.044 0.015 0.028 0.039 0.006 0.021 0.145
96 L 0.049 0.025 0.071 0.03 0.014 0.018 0.025 0.111 0.013 0.141 0.195 0.03 0.031 0.038 0.016 0.036 0.037 0.006 0.018 0.097
97 R 0.092 0.22 0.037 0.033 0.01 0.045 0.055 0.043 0.021 0.027 0.046 0.164 0.015 0.017 0.023 0.053 0.038 0.005 0.017 0.037
98 T 0.069 0.033 0.039 0.036 0.016 0.026 0.038 0.041 0.013 0.048 0.059 0.044 0.018 0.021 0.107 0.083 0.227 0.005 0.017 0.063
99 L 0.04 0.024 0.015 0.016 0.013 0.017 0.022 0.025 0.012 0.082 0.245 0.026 0.059 0.054 0.012 0.025 0.03 0.173 0.037 0.072
100 I 0.097 0.023 0.021 0.022 0.017 0.018 0.025 0.034 0.01 0.187 0.123 0.03 0.029 0.035 0.019 0.046 0.08 0.006 0.019 0.157
101 N 0.042 0.044 0.334 0.081 0.009 0.033 0.048 0.064 0.031 0.022 0.031 0.053 0.011 0.018 0.02 0.068 0.048 0.004 0.015 0.026
102 N 0.047 0.04 0.284 0.073 0.009 0.03 0.044 0.14 0.028 0.021 0.03 0.049 0.011 0.017 0.019 0.065 0.045 0.005 0.015 0.026
103 L 0.085 0.021 0.017 0.019 0.015 0.015 0.022 0.031 0.012 0.143 0.167 0.025 0.031 0.161 0.015 0.034 0.035 0.009 0.042 0.102
104 L 0.042 0.022 0.014 0.016 0.015 0.014 0.019 0.021 0.011 0.133 0.306 0.023 0.042 0.11 0.013 0.024 0.032 0.008 0.032 0.1
105 S 0.107 0.039 0.053 0.048 0.017 0.032 0.051 0.065 0.019 0.029 0.041 0.053 0.015 0.02 0.029 0.239 0.08 0.005 0.017 0.041
106 L 0.049 0.023 0.02 0.019 0.015 0.016 0.023 0.026 0.012 0.094 0.199 0.026 0.033 0.161 0.015 0.037 0.071 0.01 0.042 0.109
107 L 0.044 0.022 0.015 0.016 0.014 0.014 0.02 0.023 0.012 0.104 0.254 0.023 0.038 0.166 0.013 0.025 0.033 0.01 0.043 0.113
108 G 0.085 0.027 0.039 0.035 0.094 0.022 0.032 0.288 0.014 0.026 0.038 0.037 0.012 0.018 0.022 0.111 0.047 0.005 0.013 0.035
109 C 0.108 0.022 0.023 0.024 0.257 0.018 0.026 0.043 0.011 0.082 0.075 0.03 0.019 0.024 0.02 0.078 0.046 0.005 0.015 0.074
110 L 0.093 0.025 0.017 0.019 0.017 0.019 0.024 0.032 0.011 0.136 0.22 0.029 0.06 0.042 0.017 0.037 0.04 0.006 0.021 0.134
111 A 0.174 0.025 0.02 0.023 0.018 0.019 0.029 0.049 0.013 0.098 0.14 0.033 0.027 0.094 0.021 0.054 0.04 0.007 0.03 0.087
112 L 0.04 0.022 0.015 0.015 0.014 0.014 0.019 0.022 0.012 0.096 0.298 0.023 0.041 0.17 0.013 0.024 0.03 0.01 0.043 0.08
113 I 0.064 0.022 0.021 0.022 0.017 0.017 0.025 0.029 0.01 0.203 0.131 0.029 0.031 0.037 0.017 0.063 0.049 0.006 0.02 0.189
114 S 0.084 0.031 0.038 0.035 0.097 0.025 0.037 0.048 0.014 0.079 0.069 0.041 0.019 0.025 0.024 0.145 0.097 0.005 0.017 0.07
115 L 0.043 0.024 0.014 0.015 0.016 0.016 0.02 0.021 0.01 0.113 0.391 0.025 0.048 0.053 0.014 0.024 0.033 0.007 0.022 0.094
116 F 0.044 0.021 0.016 0.017 0.013 0.014 0.021 0.023 0.017 0.121 0.162 0.023 0.03 0.177 0.013 0.027 0.033 0.013 0.095 0.118
117 F 0.038 0.021 0.016 0.017 0.012 0.014 0.02 0.023 0.019 0.105 0.159 0.022 0.029 0.238 0.012 0.025 0.029 0.015 0.106 0.079
118 V 0.079 0.034 0.037 0.042 0.016 0.031 0.083 0.042 0.015 0.075 0.073 0.046 0.021 0.025 0.024 0.114 0.093 0.005 0.018 0.126
119 W 0.036 0.036 0.02 0.02 0.008 0.021 0.03 0.03 0.021 0.037 0.063 0.069 0.017 0.12 0.012 0.029 0.026 0.261 0.106 0.037
120 F 0.098 0.027 0.085 0.035 0.012 0.019 0.03 0.142 0.018 0.041 0.068 0.033 0.017 0.171 0.018 0.05 0.035 0.01 0.043 0.045
121 G 0.085 0.03 0.041 0.038 0.013 0.024 0.038 0.241 0.015 0.024 0.035 0.043 0.012 0.017 0.12 0.123 0.051 0.005 0.014 0.032
122 R 0.047 0.121 0.095 0.043 0.009 0.077 0.059 0.041 0.03 0.028 0.046 0.117 0.016 0.039 0.021 0.05 0.038 0.01 0.08 0.034
123 G 0.067 0.065 0.04 0.037 0.01 0.036 0.048 0.278 0.017 0.023 0.036 0.158 0.012 0.016 0.023 0.052 0.035 0.005 0.014 0.028
124 K 0.051 0.116 0.042 0.1 0.008 0.072 0.069 0.04 0.02 0.025 0.04 0.147 0.014 0.015 0.104 0.049 0.037 0.005 0.016 0.03
125 N 0.058 0.095 0.142 0.052 0.011 0.035 0.048 0.051 0.081 0.028 0.041 0.061 0.014 0.021 0.022 0.092 0.084 0.005 0.023 0.036
126 I 0.048 0.018 0.015 0.017 0.015 0.013 0.018 0.022 0.01 0.23 0.149 0.023 0.033 0.102 0.014 0.026 0.038 0.007 0.031 0.172
127 E 0.051 0.029 0.027 0.043 0.011 0.03 0.118 0.109 0.016 0.117 0.09 0.041 0.022 0.089 0.018 0.039 0.034 0.007 0.028 0.081
128 D 0.048 0.067 0.054 0.226 0.008 0.041 0.079 0.044 0.019 0.024 0.035 0.17 0.012 0.015 0.024 0.052 0.037 0.004 0.014 0.028
129 L 0.041 0.026 0.022 0.02 0.012 0.019 0.026 0.025 0.077 0.107 0.193 0.028 0.032 0.118 0.014 0.028 0.03 0.012 0.09 0.08
130 L 0.044 0.025 0.016 0.017 0.015 0.019 0.022 0.024 0.013 0.099 0.278 0.027 0.089 0.109 0.014 0.028 0.033 0.009 0.033 0.086
131 V 0.069 0.026 0.027 0.025 0.017 0.02 0.029 0.034 0.012 0.104 0.1 0.032 0.025 0.092 0.019 0.075 0.086 0.007 0.03 0.171
132 H 0.053 0.032 0.034 0.029 0.012 0.026 0.036 0.034 0.137 0.116 0.085 0.036 0.023 0.049 0.018 0.067 0.04 0.01 0.084 0.079
133 I 0.053 0.02 0.015 0.017 0.017 0.014 0.019 0.022 0.009 0.217 0.189 0.024 0.036 0.042 0.015 0.027 0.041 0.006 0.02 0.197
134 L 0.042 0.023 0.014 0.015 0.015 0.015 0.02 0.021 0.011 0.104 0.344 0.024 0.044 0.111 0.013 0.024 0.031 0.009 0.033 0.087
135 L 0.042 0.022 0.016 0.017 0.014 0.015 0.02 0.023 0.013 0.123 0.227 0.024 0.061 0.167 0.013 0.026 0.032 0.01 0.043 0.093
136 L 0.045 0.02 0.014 0.016 0.016 0.014 0.018 0.02 0.009 0.201 0.277 0.024 0.042 0.048 0.014 0.024 0.036 0.006 0.021 0.133
137 Q 0.055 0.072 0.043 0.046 0.009 0.234 0.1 0.04 0.029 0.026 0.046 0.089 0.02 0.014 0.023 0.055 0.04 0.006 0.02 0.034
138 T 0.123 0.035 0.043 0.039 0.018 0.028 0.043 0.055 0.015 0.043 0.055 0.047 0.018 0.022 0.028 0.139 0.167 0.005 0.017 0.059
139 F 0.037 0.019 0.016 0.016 0.012 0.012 0.019 0.023 0.014 0.108 0.167 0.02 0.031 0.284 0.012 0.025 0.028 0.013 0.065 0.08
140 L 0.04 0.022 0.016 0.016 0.013 0.014 0.02 0.023 0.018 0.113 0.206 0.023 0.033 0.18 0.013 0.025 0.03 0.013 0.095 0.085
141 I 0.046 0.017 0.014 0.017 0.016 0.013 0.017 0.02 0.009 0.289 0.164 0.023 0.036 0.043 0.014 0.024 0.039 0.006 0.02 0.172
142 L 0.042 0.022 0.014 0.016 0.015 0.014 0.019 0.021 0.011 0.133 0.306 0.023 0.042 0.11 0.013 0.024 0.032 0.008 0.032 0.1
143 L 0.089 0.022 0.016 0.018 0.017 0.016 0.022 0.03 0.01 0.189 0.222 0.027 0.037 0.043 0.017 0.034 0.038 0.006 0.02 0.129
144 L 0.094 0.031 0.021 0.021 0.017 0.027 0.029 0.036 0.015 0.089 0.17 0.037 0.154 0.043 0.018 0.043 0.041 0.007 0.022 0.086
145 L 0.044 0.022 0.014 0.016 0.016 0.015 0.019 0.021 0.009 0.171 0.315 0.024 0.044 0.05 0.014 0.024 0.035 0.007 0.021 0.12
146 L 0.048 0.021 0.014 0.016 0.016 0.015 0.019 0.021 0.009 0.179 0.271 0.024 0.041 0.047 0.014 0.025 0.037 0.006 0.021 0.152
147 F 0.073 0.031 0.035 0.033 0.015 0.024 0.036 0.045 0.017 0.051 0.09 0.038 0.046 0.152 0.021 0.134 0.055 0.009 0.041 0.053
148 P 0.064 0.027 0.028 0.033 0.011 0.022 0.038 0.04 0.014 0.026 0.036 0.042 0.011 0.014 0.426 0.076 0.043 0.003 0.013 0.032
149 D 0.047 0.039 0.053 0.25 0.007 0.046 0.201 0.04 0.022 0.022 0.032 0.059 0.011 0.015 0.024 0.052 0.035 0.004 0.014 0.027
150 I 0.047 0.019 0.015 0.017 0.015 0.014 0.019 0.022 0.01 0.2 0.187 0.023 0.035 0.103 0.014 0.026 0.037 0.008 0.031 0.159
151 R 0.06 0.251 0.04 0.034 0.01 0.04 0.047 0.119 0.02 0.023 0.042 0.092 0.014 0.017 0.021 0.077 0.041 0.005 0.016 0.031
152 D 0.047 0.041 0.098 0.195 0.008 0.047 0.195 0.043 0.024 0.022 0.032 0.06 0.011 0.016 0.023 0.055 0.037 0.005 0.014 0.028
153 F 0.047 0.023 0.02 0.02 0.014 0.015 0.023 0.027 0.013 0.085 0.153 0.025 0.029 0.219 0.015 0.037 0.07 0.011 0.053 0.102
154 I 0.049 0.019 0.015 0.017 0.016 0.014 0.019 0.021 0.009 0.238 0.196 0.024 0.037 0.043 0.015 0.026 0.039 0.006 0.02 0.178
155 Q 0.055 0.072 0.043 0.046 0.009 0.234 0.1 0.04 0.029 0.026 0.046 0.089 0.02 0.014 0.023 0.055 0.04 0.006 0.02 0.034
156 S 0.141 0.038 0.048 0.045 0.018 0.031 0.049 0.067 0.018 0.031 0.044 0.051 0.016 0.021 0.029 0.213 0.075 0.005 0.017 0.045
157 L 0.04 0.027 0.07 0.027 0.011 0.02 0.027 0.03 0.026 0.066 0.176 0.03 0.028 0.13 0.015 0.034 0.032 0.015 0.136 0.06
158 I 0.049 0.019 0.015 0.017 0.016 0.014 0.019 0.021 0.009 0.238 0.196 0.024 0.037 0.043 0.015 0.026 0.039 0.006 0.02 0.178
159 R 0.044 0.361 0.038 0.03 0.008 0.047 0.051 0.032 0.023 0.023 0.045 0.117 0.015 0.017 0.019 0.044 0.034 0.006 0.017 0.03
160 T 0.066 0.036 0.091 0.044 0.016 0.028 0.04 0.046 0.016 0.047 0.058 0.046 0.018 0.022 0.026 0.087 0.229 0.006 0.017 0.062
161 D 0.047 0.052 0.054 0.235 0.008 0.073 0.125 0.042 0.021 0.023 0.034 0.098 0.013 0.015 0.023 0.052 0.036 0.005 0.014 0.028
162 D 0.118 0.034 0.053 0.166 0.014 0.03 0.062 0.06 0.018 0.029 0.039 0.048 0.014 0.019 0.027 0.15 0.06 0.005 0.015 0.04
163 E 0.054 0.06 0.041 0.067 0.008 0.148 0.207 0.037 0.027 0.024 0.041 0.081 0.016 0.015 0.024 0.054 0.038 0.006 0.018 0.032
164 L 0.046 0.023 0.015 0.016 0.016 0.017 0.02 0.022 0.01 0.169 0.282 0.026 0.066 0.049 0.014 0.026 0.036 0.007 0.021 0.119
165 E 0.052 0.045 0.044 0.142 0.007 0.057 0.276 0.036 0.024 0.022 0.034 0.069 0.012 0.016 0.025 0.053 0.036 0.005 0.015 0.029
166 R 0.043 0.305 0.035 0.028 0.008 0.043 0.047 0.031 0.027 0.026 0.049 0.103 0.016 0.035 0.018 0.041 0.033 0.009 0.07 0.033
167 L 0.051 0.031 0.02 0.02 0.016 0.027 0.027 0.027 0.016 0.098 0.192 0.035 0.181 0.047 0.016 0.035 0.039 0.008 0.024 0.09
168 A 0.274 0.032 0.03 0.032 0.02 0.026 0.041 0.074 0.015 0.04 0.055 0.045 0.017 0.021 0.029 0.109 0.054 0.005 0.017 0.063
169 T 0.072 0.03 0.037 0.033 0.016 0.024 0.034 0.119 0.013 0.065 0.068 0.039 0.019 0.024 0.024 0.074 0.189 0.006 0.017 0.098
170 Y 0.04 0.027 0.021 0.018 0.009 0.021 0.027 0.024 0.046 0.043 0.067 0.03 0.018 0.128 0.015 0.03 0.027 0.027 0.334 0.046
171 G 0.065 0.029 0.137 0.049 0.01 0.023 0.033 0.369 0.019 0.02 0.029 0.039 0.01 0.016 0.019 0.056 0.035 0.005 0.012 0.025
172 G 0.065 0.029 0.137 0.049 0.01 0.023 0.033 0.369 0.019 0.02 0.029 0.039 0.01 0.016 0.019 0.056 0.035 0.005 0.012 0.025
173 V 0.061 0.02 0.016 0.017 0.018 0.015 0.021 0.023 0.008 0.203 0.139 0.025 0.033 0.038 0.016 0.03 0.045 0.005 0.02 0.249
174 R 0.044 0.361 0.038 0.03 0.008 0.047 0.051 0.032 0.023 0.023 0.045 0.117 0.015 0.017 0.019 0.044 0.034 0.006 0.017 0.03
175 G 0.076 0.022 0.038 0.033 0.011 0.018 0.025 0.522 0.013 0.018 0.028 0.033 0.009 0.016 0.018 0.05 0.029 0.005 0.011 0.024
176 L 0.044 0.023 0.014 0.015 0.016 0.015 0.019 0.021 0.01 0.142 0.353 0.024 0.046 0.052 0.014 0.024 0.034 0.007 0.021 0.107
177 G 0.115 0.024 0.036 0.032 0.012 0.02 0.027 0.448 0.013 0.022 0.033 0.035 0.01 0.017 0.02 0.056 0.032 0.005 0.012 0.031
178 V 0.057 0.02 0.015 0.017 0.017 0.015 0.02 0.022 0.009 0.195 0.183 0.025 0.035 0.041 0.015 0.028 0.042 0.006 0.02 0.216
179 S 0.141 0.038 0.048 0.045 0.018 0.031 0.049 0.067 0.018 0.031 0.044 0.051 0.016 0.021 0.029 0.213 0.075 0.005 0.017 0.045
180 G 0.076 0.022 0.038 0.033 0.011 0.018 0.025 0.522 0.013 0.018 0.028 0.033 0.009 0.016 0.018 0.05 0.029 0.005 0.011 0.024
181 S 0.107 0.039 0.053 0.048 0.017 0.032 0.051 0.065 0.019 0.029 0.041 0.053 0.015 0.02 0.029 0.239 0.08 0.005 0.017 0.041
182 I 0.054 0.021 0.016 0.018 0.017 0.016 0.021 0.023 0.01 0.214 0.156 0.026 0.058 0.041 0.015 0.029 0.042 0.006 0.021 0.197
183 A 0.307 0.03 0.025 0.029 0.021 0.025 0.04 0.076 0.014 0.042 0.058 0.043 0.017 0.021 0.029 0.083 0.049 0.005 0.017 0.067
184 F 0.033 0.019 0.016 0.016 0.01 0.01 0.019 0.025 0.016 0.062 0.111 0.019 0.025 0.402 0.01 0.025 0.025 0.016 0.087 0.054
185 G 0.076 0.022 0.038 0.033 0.011 0.018 0.025 0.522 0.013 0.018 0.028 0.033 0.009 0.016 0.018 0.05 0.029 0.005 0.011 0.024
186 L 0.043 0.024 0.014 0.015 0.016 0.016 0.02 0.021 0.01 0.113 0.391 0.025 0.048 0.053 0.014 0.024 0.033 0.007 0.022 0.094
187 A 0.274 0.032 0.03 0.032 0.02 0.026 0.041 0.074 0.015 0.04 0.055 0.045 0.017 0.021 0.029 0.109 0.054 0.005 0.017 0.063
188 I 0.098 0.025 0.025 0.026 0.017 0.02 0.028 0.037 0.011 0.169 0.113 0.034 0.027 0.033 0.021 0.056 0.116 0.006 0.019 0.12
189 T 0.111 0.034 0.039 0.035 0.018 0.027 0.039 0.048 0.014 0.05 0.063 0.044 0.019 0.023 0.027 0.089 0.229 0.006 0.017 0.069
190 L 0.051 0.031 0.02 0.02 0.016 0.027 0.027 0.027 0.016 0.098 0.192 0.035 0.181 0.047 0.016 0.035 0.039 0.008 0.024 0.09
191 G 0.082 0.025 0.041 0.035 0.012 0.021 0.029 0.446 0.014 0.02 0.03 0.036 0.01 0.017 0.02 0.082 0.037 0.005 0.012 0.027
192 F 0.042 0.02 0.016 0.016 0.093 0.012 0.018 0.025 0.013 0.076 0.197 0.021 0.031 0.222 0.012 0.027 0.029 0.011 0.053 0.067
193 L 0.043 0.024 0.014 0.015 0.016 0.016 0.02 0.021 0.01 0.113 0.391 0.025 0.048 0.053 0.014 0.024 0.033 0.007 0.022 0.094
194 G 0.071 0.021 0.034 0.03 0.011 0.018 0.024 0.438 0.012 0.063 0.05 0.031 0.014 0.02 0.018 0.046 0.031 0.005 0.012 0.048
195 F 0.037 0.022 0.018 0.017 0.011 0.015 0.022 0.024 0.025 0.064 0.143 0.024 0.027 0.252 0.013 0.026 0.027 0.019 0.158 0.058
196 L 0.046 0.019 0.015 0.016 0.095 0.013 0.018 0.023 0.01 0.151 0.214 0.022 0.035 0.102 0.014 0.027 0.034 0.008 0.03 0.107
197 L 0.052 0.026 0.022 0.021 0.014 0.019 0.026 0.029 0.018 0.079 0.232 0.029 0.034 0.118 0.016 0.061 0.038 0.012 0.084 0.07
198 H 0.047 0.035 0.038 0.03 0.012 0.028 0.039 0.033 0.191 0.087 0.122 0.038 0.025 0.035 0.019 0.044 0.069 0.007 0.038 0.067
199 Y 0.039 0.024 0.019 0.018 0.01 0.018 0.024 0.024 0.035 0.087 0.09 0.027 0.022 0.159 0.014 0.028 0.029 0.022 0.241 0.068
200 W 0.031 0.026 0.021 0.019 0.007 0.019 0.027 0.031 0.074 0.028 0.049 0.026 0.015 0.054 0.009 0.025 0.023 0.422 0.065 0.028
201 L 0.048 0.019 0.016 0.016 0.095 0.013 0.019 0.024 0.011 0.122 0.161 0.022 0.03 0.159 0.013 0.028 0.034 0.009 0.041 0.119
202 A 0.217 0.031 0.075 0.036 0.017 0.024 0.037 0.066 0.017 0.042 0.062 0.041 0.017 0.084 0.024 0.071 0.045 0.007 0.028 0.058
203 F 0.052 0.04 0.027 0.026 0.013 0.023 0.034 0.032 0.015 0.073 0.092 0.08 0.023 0.174 0.018 0.045 0.08 0.01 0.046 0.099
204 Y 0.045 0.035 0.028 0.042 0.009 0.036 0.12 0.028 0.039 0.036 0.057 0.046 0.017 0.092 0.019 0.039 0.031 0.02 0.222 0.041
205 K 0.046 0.114 0.135 0.049 0.009 0.04 0.052 0.045 0.028 0.027 0.043 0.141 0.014 0.035 0.021 0.052 0.039 0.009 0.069 0.032
206 K 0.108 0.06 0.04 0.047 0.013 0.042 0.097 0.05 0.019 0.033 0.047 0.134 0.016 0.019 0.027 0.095 0.084 0.005 0.017 0.045
207 N 0.055 0.053 0.238 0.069 0.01 0.036 0.052 0.06 0.027 0.024 0.034 0.093 0.012 0.018 0.022 0.094 0.052 0.005 0.016 0.03
208 L 0.055 0.027 0.074 0.032 0.015 0.02 0.029 0.035 0.014 0.142 0.197 0.033 0.032 0.038 0.018 0.067 0.045 0.006 0.019 0.1
209 S 0.074 0.042 0.146 0.057 0.013 0.033 0.05 0.06 0.081 0.026 0.037 0.051 0.014 0.021 0.024 0.149 0.06 0.005 0.023 0.033
210 S 0.085 0.032 0.04 0.037 0.016 0.025 0.04 0.051 0.017 0.078 0.073 0.042 0.02 0.088 0.023 0.167 0.064 0.007 0.029 0.065
211 L 0.047 0.02 0.015 0.016 0.015 0.014 0.019 0.022 0.01 0.171 0.225 0.023 0.037 0.105 0.014 0.026 0.036 0.008 0.032 0.145
212 L 0.051 0.026 0.023 0.022 0.013 0.019 0.027 0.03 0.024 0.096 0.14 0.03 0.027 0.129 0.016 0.062 0.038 0.015 0.136 0.075
213 T 0.056 0.108 0.09 0.045 0.011 0.07 0.058 0.044 0.022 0.034 0.049 0.107 0.017 0.018 0.024 0.067 0.115 0.005 0.017 0.044
214 F 0.039 0.022 0.017 0.017 0.012 0.015 0.021 0.023 0.024 0.102 0.152 0.024 0.028 0.193 0.013 0.026 0.029 0.017 0.147 0.077
215 I 0.048 0.021 0.019 0.02 0.015 0.015 0.021 0.025 0.011 0.182 0.176 0.026 0.033 0.101 0.016 0.035 0.073 0.008 0.031 0.122
216 I 0.043 0.019 0.015 0.017 0.015 0.013 0.018 0.021 0.01 0.222 0.193 0.023 0.036 0.105 0.014 0.024 0.035 0.008 0.031 0.14
217 F 0.033 0.019 0.016 0.016 0.01 0.01 0.019 0.025 0.016 0.062 0.111 0.019 0.025 0.402 0.01 0.025 0.025 0.016 0.087 0.054
218 F 0.041 0.019 0.016 0.017 0.013 0.012 0.019 0.024 0.014 0.116 0.123 0.02 0.028 0.281 0.012 0.026 0.031 0.013 0.064 0.112
219 L 0.047 0.023 0.019 0.02 0.015 0.016 0.022 0.025 0.011 0.153 0.214 0.026 0.035 0.103 0.016 0.035 0.072 0.008 0.031 0.109
220 C 0.063 0.016 0.016 0.016 0.496 0.012 0.016 0.032 0.008 0.044 0.063 0.02 0.016 0.02 0.016 0.04 0.036 0.004 0.012 0.056
221 L 0.045 0.021 0.015 0.016 0.014 0.014 0.019 0.023 0.012 0.133 0.216 0.022 0.036 0.165 0.013 0.026 0.034 0.01 0.043 0.126
222 L 0.041 0.02 0.015 0.016 0.014 0.013 0.019 0.022 0.012 0.154 0.222 0.022 0.036 0.166 0.013 0.024 0.032 0.01 0.043 0.107
223 A 0.274 0.032 0.03 0.032 0.02 0.026 0.041 0.074 0.015 0.04 0.055 0.045 0.017 0.021 0.029 0.109 0.054 0.005 0.017 0.063
224 S 0.174 0.036 0.044 0.041 0.018 0.03 0.047 0.069 0.017 0.033 0.047 0.05 0.016 0.021 0.029 0.187 0.07 0.005 0.017 0.05
225 L 0.043 0.024 0.014 0.015 0.016 0.016 0.02 0.021 0.01 0.113 0.391 0.025 0.048 0.053 0.014 0.024 0.033 0.007 0.022 0.094
226 S 0.107 0.039 0.053 0.048 0.017 0.032 0.051 0.065 0.019 0.029 0.041 0.053 0.015 0.02 0.029 0.239 0.08 0.005 0.017 0.041
227 A 0.307 0.03 0.025 0.029 0.021 0.025 0.04 0.076 0.014 0.042 0.058 0.043 0.017 0.021 0.029 0.083 0.049 0.005 0.017 0.067
228 G 0.076 0.022 0.038 0.033 0.011 0.018 0.025 0.522 0.013 0.018 0.028 0.033 0.009 0.016 0.018 0.05 0.029 0.005 0.011 0.024
229 R 0.044 0.361 0.038 0.03 0.008 0.047 0.051 0.032 0.023 0.023 0.045 0.117 0.015 0.017 0.019 0.044 0.034 0.006 0.017 0.03
230 T 0.071 0.035 0.042 0.037 0.017 0.027 0.038 0.042 0.013 0.052 0.064 0.044 0.019 0.023 0.027 0.09 0.265 0.006 0.017 0.069
231 A 0.274 0.032 0.03 0.032 0.02 0.026 0.041 0.074 0.015 0.04 0.055 0.045 0.017 0.021 0.029 0.109 0.054 0.005 0.017 0.063
232 V 0.055 0.02 0.016 0.017 0.016 0.014 0.02 0.023 0.01 0.187 0.137 0.023 0.032 0.099 0.015 0.028 0.041 0.007 0.031 0.21
233 L 0.043 0.024 0.014 0.015 0.016 0.016 0.02 0.021 0.01 0.113 0.391 0.025 0.048 0.053 0.014 0.024 0.033 0.007 0.022 0.094
234 G 0.076 0.022 0.038 0.033 0.011 0.018 0.025 0.522 0.013 0.018 0.028 0.033 0.009 0.016 0.018 0.05 0.029 0.005 0.011 0.024
235 F 0.034 0.02 0.017 0.017 0.01 0.012 0.02 0.025 0.021 0.059 0.104 0.021 0.024 0.356 0.011 0.026 0.025 0.018 0.128 0.052
236 V 0.099 0.022 0.017 0.019 0.017 0.016 0.024 0.032 0.011 0.146 0.119 0.027 0.028 0.095 0.017 0.038 0.043 0.007 0.031 0.192
237 L 0.051 0.021 0.015 0.016 0.096 0.015 0.019 0.023 0.009 0.138 0.254 0.024 0.038 0.043 0.015 0.028 0.037 0.006 0.02 0.133
238 G 0.076 0.022 0.038 0.033 0.011 0.018 0.025 0.522 0.013 0.018 0.028 0.033 0.009 0.016 0.018 0.05 0.029 0.005 0.011 0.024
239 L 0.045 0.021 0.015 0.016 0.014 0.014 0.019 0.023 0.012 0.133 0.216 0.022 0.036 0.165 0.013 0.026 0.034 0.01 0.043 0.126
240 V 0.057 0.02 0.015 0.017 0.017 0.015 0.02 0.022 0.009 0.195 0.183 0.025 0.035 0.041 0.015 0.028 0.042 0.006 0.02 0.216
241 F 0.035 0.018 0.016 0.017 0.011 0.011 0.018 0.024 0.015 0.1 0.12 0.019 0.027 0.342 0.011 0.025 0.027 0.015 0.076 0.073
242 Y 0.044 0.024 0.018 0.017 0.012 0.018 0.024 0.024 0.029 0.077 0.138 0.027 0.026 0.145 0.014 0.029 0.031 0.018 0.189 0.095
243 T 0.073 0.036 0.043 0.038 0.018 0.028 0.039 0.043 0.014 0.053 0.065 0.045 0.02 0.024 0.028 0.093 0.246 0.006 0.018 0.071
244 L 0.039 0.023 0.016 0.016 0.013 0.015 0.021 0.023 0.018 0.084 0.244 0.024 0.035 0.182 0.013 0.025 0.029 0.014 0.095 0.072
245 F 0.044 0.022 0.018 0.019 0.011 0.015 0.023 0.026 0.019 0.069 0.094 0.025 0.022 0.23 0.095 0.03 0.031 0.014 0.105 0.087
246 S 0.095 0.04 0.108 0.055 0.015 0.033 0.051 0.065 0.021 0.028 0.039 0.053 0.015 0.02 0.027 0.202 0.074 0.005 0.017 0.038
247 Y 0.047 0.04 0.023 0.022 0.012 0.027 0.033 0.028 0.025 0.099 0.121 0.075 0.075 0.068 0.017 0.035 0.035 0.014 0.125 0.079
248 S 0.085 0.034 0.091 0.046 0.015 0.027 0.042 0.134 0.018 0.048 0.051 0.045 0.016 0.022 0.024 0.144 0.061 0.005 0.016 0.077
249 F 0.036 0.02 0.016 0.016 0.012 0.012 0.019 0.023 0.014 0.079 0.205 0.021 0.033 0.286 0.012 0.024 0.027 0.013 0.065 0.067
250 K 0.102 0.057 0.084 0.043 0.013 0.035 0.049 0.052 0.019 0.073 0.063 0.127 0.018 0.022 0.024 0.086 0.049 0.005 0.017 0.062
251 G 0.071 0.047 0.092 0.046 0.013 0.032 0.045 0.13 0.018 0.033 0.045 0.087 0.015 0.019 0.025 0.098 0.121 0.005 0.016 0.044
252 L 0.055 0.027 0.025 0.024 0.017 0.02 0.027 0.029 0.011 0.123 0.214 0.032 0.034 0.039 0.019 0.051 0.125 0.006 0.02 0.1
253 F 0.038 0.019 0.016 0.016 0.013 0.012 0.019 0.023 0.014 0.117 0.178 0.021 0.032 0.259 0.012 0.025 0.029 0.012 0.061 0.086
254 R 0.064 0.129 0.037 0.034 0.012 0.037 0.048 0.04 0.018 0.09 0.074 0.121 0.021 0.024 0.023 0.088 0.048 0.005 0.018 0.07
255 S 0.073 0.052 0.044 0.039 0.013 0.037 0.05 0.047 0.088 0.041 0.071 0.096 0.048 0.027 0.024 0.12 0.053 0.006 0.026 0.045
256 S 0.078 0.031 0.036 0.033 0.016 0.024 0.037 0.044 0.015 0.067 0.077 0.039 0.021 0.1 0.022 0.124 0.099 0.008 0.032 0.098
257 L 0.042 0.023 0.014 0.015 0.015 0.015 0.02 0.022 0.011 0.103 0.333 0.024 0.044 0.123 0.013 0.024 0.031 0.009 0.035 0.086
258 K 0.056 0.104 0.04 0.04 0.008 0.052 0.069 0.042 0.02 0.027 0.042 0.296 0.015 0.015 0.027 0.052 0.039 0.005 0.017 0.032
259 Q 0.047 0.052 0.084 0.043 0.009 0.129 0.067 0.039 0.035 0.031 0.05 0.063 0.018 0.053 0.02 0.049 0.037 0.013 0.124 0.037
260 L 0.057 0.027 0.024 0.023 0.017 0.02 0.026 0.029 0.011 0.1 0.238 0.031 0.036 0.04 0.019 0.047 0.113 0.006 0.02 0.118
261 V 0.057 0.02 0.015 0.017 0.017 0.015 0.02 0.022 0.009 0.195 0.183 0.025 0.035 0.041 0.015 0.028 0.042 0.006 0.02 0.216
262 I 0.053 0.023 0.02 0.021 0.015 0.017 0.023 0.025 0.015 0.187 0.125 0.028 0.029 0.052 0.017 0.038 0.076 0.009 0.072 0.153
263 F 0.054 0.024 0.026 0.025 0.014 0.017 0.027 0.034 0.015 0.093 0.1 0.029 0.024 0.215 0.017 0.071 0.076 0.011 0.052 0.074
264 L 0.053 0.022 0.018 0.019 0.015 0.016 0.021 0.105 0.01 0.134 0.248 0.026 0.037 0.042 0.015 0.03 0.036 0.006 0.019 0.127
265 L 0.09 0.022 0.017 0.018 0.016 0.016 0.023 0.031 0.011 0.13 0.207 0.027 0.034 0.101 0.016 0.035 0.038 0.008 0.031 0.128
266 L 0.045 0.019 0.014 0.016 0.016 0.014 0.018 0.02 0.009 0.23 0.239 0.024 0.04 0.047 0.014 0.024 0.037 0.006 0.021 0.146
267 C 0.065 0.016 0.016 0.016 0.484 0.012 0.016 0.032 0.008 0.045 0.065 0.02 0.016 0.02 0.016 0.041 0.037 0.004 0.012 0.057
268 P 0.057 0.026 0.023 0.031 0.01 0.021 0.036 0.036 0.013 0.026 0.036 0.041 0.01 0.013 0.494 0.044 0.036 0.003 0.013 0.031
269 L 0.045 0.024 0.014 0.015 0.016 0.016 0.02 0.021 0.01 0.115 0.375 0.025 0.05 0.055 0.014 0.024 0.033 0.007 0.022 0.096
270 V 0.076 0.029 0.033 0.031 0.017 0.022 0.034 0.041 0.014 0.082 0.085 0.037 0.023 0.089 0.021 0.11 0.091 0.007 0.03 0.13
271 I 0.062 0.025 0.027 0.025 0.095 0.02 0.028 0.034 0.017 0.124 0.094 0.032 0.023 0.046 0.019 0.075 0.081 0.009 0.07 0.093
272 L 0.098 0.026 0.022 0.023 0.017 0.02 0.028 0.037 0.012 0.116 0.239 0.032 0.036 0.041 0.019 0.07 0.044 0.006 0.02 0.094
273 L 0.056 0.023 0.015 0.016 0.017 0.016 0.021 0.022 0.009 0.137 0.259 0.025 0.04 0.044 0.015 0.028 0.04 0.006 0.021 0.19
274 Y 0.05 0.026 0.027 0.023 0.011 0.02 0.027 0.11 0.03 0.043 0.067 0.031 0.018 0.137 0.017 0.043 0.067 0.018 0.186 0.047
275 I 0.049 0.019 0.015 0.017 0.016 0.014 0.019 0.021 0.009 0.238 0.196 0.024 0.037 0.043 0.015 0.026 0.039 0.006 0.02 0.178
276 Y 0.05 0.024 0.018 0.018 0.013 0.018 0.024 0.024 0.027 0.123 0.103 0.028 0.025 0.083 0.015 0.03 0.036 0.016 0.177 0.147
277 L 0.049 0.02 0.014 0.016 0.016 0.014 0.019 0.021 0.009 0.209 0.233 0.024 0.039 0.045 0.014 0.025 0.038 0.006 0.021 0.165
278 L 0.049 0.023 0.017 0.017 0.015 0.018 0.022 0.023 0.016 0.165 0.184 0.027 0.058 0.058 0.015 0.028 0.037 0.01 0.073 0.144
279 N 0.11 0.041 0.14 0.062 0.013 0.036 0.092 0.061 0.023 0.028 0.04 0.055 0.014 0.019 0.025 0.125 0.057 0.005 0.016 0.039
280 N 0.042 0.035 0.192 0.181 0.009 0.028 0.057 0.05 0.023 0.066 0.052 0.045 0.014 0.021 0.02 0.055 0.042 0.004 0.015 0.05
281 E 0.052 0.053 0.086 0.069 0.008 0.049 0.182 0.041 0.023 0.023 0.036 0.102 0.012 0.016 0.105 0.054 0.038 0.005 0.016 0.03
282 F 0.054 0.042 0.03 0.037 0.012 0.031 0.082 0.035 0.018 0.052 0.122 0.081 0.023 0.151 0.019 0.07 0.039 0.009 0.041 0.051
283 L 0.048 0.024 0.019 0.019 0.016 0.017 0.022 0.024 0.01 0.132 0.298 0.028 0.041 0.047 0.016 0.035 0.072 0.007 0.021 0.103
284 F 0.034 0.019 0.017 0.017 0.011 0.011 0.019 0.025 0.017 0.063 0.114 0.019 0.025 0.387 0.011 0.025 0.025 0.017 0.089 0.055
285 A 0.1 0.087 0.029 0.027 0.014 0.03 0.037 0.042 0.022 0.055 0.099 0.052 0.071 0.047 0.021 0.078 0.045 0.01 0.072 0.061
286 E 0.099 0.043 0.038 0.07 0.011 0.051 0.222 0.043 0.021 0.03 0.044 0.064 0.014 0.018 0.026 0.065 0.076 0.005 0.017 0.043
287 I 0.05 0.018 0.015 0.017 0.016 0.013 0.018 0.021 0.008 0.267 0.158 0.023 0.035 0.042 0.015 0.026 0.04 0.006 0.02 0.191
288 F 0.129 0.022 0.019 0.021 0.016 0.016 0.025 0.04 0.013 0.131 0.111 0.028 0.026 0.155 0.018 0.044 0.037 0.009 0.041 0.098
289 F 0.047 0.033 0.037 0.11 0.01 0.034 0.132 0.034 0.019 0.04 0.064 0.045 0.017 0.146 0.02 0.05 0.07 0.009 0.039 0.044
290 L 0.051 0.065 0.028 0.028 0.012 0.036 0.046 0.033 0.016 0.067 0.183 0.162 0.054 0.033 0.021 0.04 0.037 0.006 0.02 0.062
291 Y 0.04 0.027 0.021 0.018 0.009 0.021 0.027 0.024 0.046 0.043 0.067 0.03 0.018 0.128 0.015 0.03 0.027 0.027 0.334 0.046
292 S 0.098 0.038 0.047 0.043 0.017 0.032 0.047 0.058 0.018 0.04 0.066 0.05 0.043 0.025 0.027 0.205 0.073 0.006 0.018 0.049
293 R 0.131 0.198 0.083 0.038 0.012 0.037 0.047 0.052 0.021 0.029 0.047 0.082 0.015 0.018 0.022 0.061 0.041 0.005 0.017 0.042
294 Y 0.04 0.027 0.021 0.018 0.009 0.021 0.027 0.024 0.046 0.043 0.067 0.03 0.018 0.128 0.015 0.03 0.027 0.027 0.334 0.046
295 V 0.148 0.024 0.019 0.021 0.02 0.019 0.028 0.042 0.01 0.121 0.104 0.031 0.026 0.03 0.02 0.049 0.048 0.005 0.019 0.214
296 F 0.033 0.019 0.016 0.016 0.01 0.01 0.019 0.025 0.016 0.062 0.111 0.019 0.025 0.402 0.01 0.025 0.025 0.016 0.087 0.054
297 Q 0.051 0.168 0.041 0.041 0.008 0.172 0.084 0.037 0.027 0.025 0.046 0.098 0.018 0.015 0.022 0.051 0.038 0.006 0.019 0.033
298 P 0.054 0.028 0.077 0.037 0.011 0.021 0.035 0.041 0.018 0.037 0.061 0.037 0.016 0.144 0.18 0.074 0.041 0.008 0.038 0.039
299 V 0.057 0.019 0.015 0.017 0.017 0.015 0.02 0.022 0.008 0.225 0.145 0.024 0.033 0.039 0.015 0.028 0.044 0.006 0.02 0.23
300 W 0.039 0.025 0.018 0.017 0.011 0.019 0.024 0.026 0.024 0.088 0.099 0.027 0.047 0.077 0.013 0.027 0.029 0.18 0.141 0.069
301 N 0.042 0.044 0.287 0.074 0.009 0.034 0.049 0.059 0.087 0.022 0.032 0.051 0.012 0.02 0.02 0.063 0.045 0.005 0.022 0.026
302 Y 0.038 0.026 0.02 0.018 0.009 0.019 0.026 0.024 0.041 0.046 0.074 0.028 0.019 0.173 0.014 0.029 0.027 0.026 0.293 0.047
303 L 0.043 0.024 0.015 0.016 0.015 0.017 0.021 0.023 0.012 0.102 0.311 0.025 0.067 0.11 0.014 0.026 0.032 0.009 0.033 0.087
304 E 0.058 0.04 0.051 0.189 0.009 0.047 0.195 0.043 0.022 0.023 0.034 0.06 0.012 0.016 0.025 0.084 0.043 0.005 0.015 0.03
305 T 0.067 0.036 0.042 0.035 0.014 0.029 0.041 0.042 0.079 0.042 0.056 0.043 0.018 0.041 0.024 0.097 0.155 0.01 0.077 0.053
306 G 0.082 0.025 0.041 0.035 0.012 0.021 0.029 0.446 0.014 0.02 0.03 0.036 0.01 0.017 0.02 0.082 0.037 0.005 0.012 0.027
307 S 0.098 0.045 0.051 0.047 0.016 0.066 0.059 0.061 0.02 0.028 0.042 0.059 0.016 0.019 0.028 0.208 0.073 0.005 0.018 0.04
308 F 0.041 0.02 0.016 0.016 0.013 0.012 0.019 0.024 0.014 0.087 0.161 0.021 0.03 0.283 0.012 0.026 0.03 0.013 0.065 0.099
309 S 0.114 0.056 0.042 0.05 0.013 0.073 0.104 0.054 0.021 0.029 0.044 0.101 0.016 0.018 0.027 0.12 0.054 0.005 0.017 0.041
310 V 0.069 0.024 0.02 0.021 0.019 0.018 0.025 0.027 0.009 0.142 0.117 0.029 0.029 0.033 0.018 0.042 0.084 0.005 0.02 0.25
311 S 0.079 0.04 0.145 0.057 0.014 0.032 0.048 0.061 0.022 0.03 0.041 0.051 0.015 0.02 0.026 0.157 0.1 0.005 0.017 0.041
312 S 0.107 0.039 0.053 0.048 0.017 0.032 0.051 0.065 0.019 0.029 0.041 0.053 0.015 0.02 0.029 0.239 0.08 0.005 0.017 0.041
313 L 0.053 0.027 0.023 0.022 0.016 0.02 0.026 0.028 0.011 0.092 0.282 0.031 0.039 0.043 0.018 0.046 0.11 0.007 0.02 0.086
314 E 0.059 0.048 0.036 0.051 0.012 0.041 0.132 0.036 0.018 0.077 0.067 0.092 0.019 0.023 0.024 0.061 0.113 0.006 0.017 0.067
315 A 0.19 0.056 0.035 0.036 0.016 0.035 0.051 0.063 0.017 0.035 0.05 0.129 0.016 0.019 0.028 0.099 0.051 0.005 0.017 0.051
316 L 0.043 0.024 0.014 0.015 0.016 0.016 0.02 0.021 0.01 0.113 0.391 0.025 0.048 0.053 0.014 0.024 0.033 0.007 0.022 0.094
317 D 0.049 0.05 0.05 0.182 0.008 0.109 0.168 0.04 0.024 0.023 0.036 0.069 0.014 0.015 0.023 0.053 0.037 0.005 0.016 0.03
318 N 0.066 0.052 0.191 0.063 0.011 0.036 0.053 0.06 0.025 0.025 0.036 0.093 0.013 0.018 0.024 0.122 0.057 0.005 0.016 0.032
319 L 0.051 0.031 0.02 0.02 0.016 0.027 0.027 0.027 0.016 0.098 0.192 0.035 0.181 0.047 0.016 0.035 0.039 0.008 0.024 0.09
320 Y 0.04 0.027 0.021 0.018 0.009 0.021 0.027 0.024 0.046 0.043 0.067 0.03 0.018 0.128 0.015 0.03 0.027 0.027 0.334 0.046
