#Seq2Logo.py -f /work3/idamei/ssn-clusterings/clustering/2205111339/clusters/0004_409/sequences.afa -o /work3/idamei/ssn-clusterings/clustering/2205111339/clusters/0004_409/sequences.logo
#Position Specific Frequency Matrix
A R N D C Q E G H I L K M F P S T W Y V
0 L 0.051 0.032 0.02 0.02 0.016 0.028 0.028 0.028 0.016 0.099 0.194 0.036 0.173 0.047 0.016 0.036 0.04 0.008 0.024 0.091
1 D 0.043 0.113 0.112 0.133 0.01 0.032 0.053 0.041 0.021 0.045 0.122 0.06 0.021 0.026 0.019 0.047 0.038 0.005 0.016 0.044
2 L 0.045 0.05 0.101 0.039 0.011 0.031 0.041 0.038 0.027 0.052 0.131 0.099 0.023 0.054 0.019 0.044 0.037 0.011 0.096 0.05
3 W 0.041 0.041 0.022 0.022 0.011 0.023 0.032 0.029 0.015 0.1 0.093 0.088 0.023 0.129 0.015 0.031 0.031 0.132 0.048 0.073
4 N 0.045 0.042 0.19 0.165 0.008 0.04 0.124 0.052 0.026 0.022 0.031 0.056 0.011 0.017 0.022 0.061 0.042 0.004 0.015 0.027
5 E 0.052 0.062 0.112 0.075 0.008 0.053 0.183 0.044 0.026 0.023 0.037 0.123 0.013 0.016 0.024 0.058 0.04 0.005 0.016 0.03
6 I 0.078 0.029 0.034 0.033 0.017 0.023 0.035 0.043 0.014 0.152 0.104 0.039 0.026 0.032 0.022 0.124 0.061 0.006 0.019 0.109
7 D 0.043 0.027 0.041 0.208 0.012 0.023 0.056 0.034 0.014 0.069 0.203 0.035 0.029 0.035 0.018 0.038 0.034 0.005 0.017 0.06
8 G 0.067 0.065 0.04 0.037 0.01 0.036 0.048 0.278 0.017 0.023 0.036 0.158 0.012 0.016 0.023 0.052 0.035 0.005 0.014 0.028
9 F 0.034 0.019 0.017 0.017 0.011 0.011 0.019 0.025 0.017 0.063 0.114 0.019 0.025 0.39 0.011 0.025 0.025 0.017 0.088 0.055
10 L 0.039 0.022 0.015 0.016 0.013 0.013 0.02 0.023 0.013 0.089 0.246 0.022 0.037 0.222 0.012 0.025 0.029 0.012 0.055 0.075
11 R 0.044 0.348 0.039 0.031 0.008 0.048 0.052 0.033 0.023 0.023 0.046 0.12 0.015 0.017 0.019 0.044 0.035 0.006 0.017 0.031
12 G 0.059 0.025 0.03 0.026 0.01 0.02 0.027 0.269 0.03 0.031 0.048 0.032 0.014 0.073 0.017 0.041 0.029 0.017 0.166 0.035
13 S 0.11 0.04 0.054 0.049 0.018 0.033 0.052 0.066 0.019 0.03 0.042 0.054 0.016 0.021 0.03 0.22 0.082 0.005 0.018 0.042
14 T 0.073 0.036 0.043 0.038 0.018 0.028 0.039 0.043 0.014 0.053 0.065 0.045 0.02 0.024 0.028 0.093 0.246 0.006 0.018 0.071
15 L 0.045 0.024 0.014 0.015 0.016 0.016 0.02 0.021 0.01 0.115 0.375 0.025 0.05 0.055 0.014 0.024 0.033 0.007 0.022 0.096
16 I 0.047 0.018 0.015 0.018 0.016 0.013 0.018 0.021 0.009 0.271 0.168 0.024 0.037 0.044 0.015 0.025 0.04 0.006 0.021 0.177
17 V 0.07 0.022 0.016 0.018 0.019 0.016 0.023 0.025 0.008 0.165 0.13 0.026 0.032 0.036 0.016 0.033 0.049 0.006 0.021 0.269
18 Y 0.04 0.028 0.022 0.019 0.009 0.022 0.028 0.025 0.047 0.044 0.068 0.031 0.019 0.131 0.016 0.031 0.028 0.028 0.318 0.047
19 E 0.082 0.045 0.047 0.069 0.012 0.049 0.176 0.05 0.022 0.026 0.039 0.064 0.014 0.019 0.028 0.139 0.059 0.005 0.017 0.036
20 N 0.042 0.045 0.32 0.083 0.009 0.034 0.049 0.065 0.031 0.022 0.031 0.054 0.011 0.018 0.02 0.069 0.049 0.004 0.016 0.027
21 P 0.049 0.028 0.046 0.216 0.009 0.025 0.063 0.041 0.016 0.024 0.032 0.043 0.01 0.014 0.259 0.048 0.036 0.003 0.012 0.028
22 K 0.079 0.06 0.046 0.042 0.014 0.038 0.054 0.05 0.018 0.037 0.05 0.128 0.017 0.02 0.028 0.124 0.125 0.005 0.017 0.048
23 K 0.052 0.188 0.04 0.038 0.008 0.051 0.064 0.039 0.021 0.026 0.044 0.23 0.015 0.016 0.025 0.05 0.038 0.005 0.017 0.032
24 V 0.07 0.022 0.016 0.018 0.019 0.016 0.023 0.025 0.008 0.165 0.13 0.026 0.032 0.036 0.016 0.033 0.049 0.006 0.021 0.269
25 S 0.11 0.04 0.054 0.049 0.018 0.033 0.052 0.066 0.019 0.03 0.042 0.054 0.016 0.021 0.03 0.22 0.082 0.005 0.018 0.042
26 H 0.042 0.046 0.053 0.038 0.008 0.038 0.053 0.038 0.355 0.023 0.038 0.046 0.015 0.03 0.019 0.042 0.027 0.008 0.057 0.023
27 P 0.057 0.026 0.023 0.031 0.01 0.021 0.036 0.036 0.013 0.026 0.036 0.041 0.01 0.013 0.494 0.044 0.036 0.003 0.013 0.031
28 T 0.073 0.036 0.043 0.038 0.018 0.028 0.039 0.043 0.014 0.053 0.065 0.045 0.02 0.024 0.028 0.093 0.246 0.006 0.018 0.071
29 G 0.078 0.023 0.039 0.034 0.011 0.019 0.026 0.51 0.014 0.019 0.028 0.034 0.009 0.016 0.019 0.051 0.03 0.005 0.011 0.024
30 F 0.164 0.025 0.021 0.023 0.016 0.018 0.03 0.052 0.016 0.053 0.086 0.032 0.021 0.206 0.02 0.055 0.037 0.011 0.053 0.062
31 L 0.048 0.028 0.017 0.018 0.016 0.022 0.024 0.025 0.013 0.107 0.287 0.031 0.107 0.051 0.015 0.03 0.037 0.008 0.023 0.094
32 L 0.046 0.021 0.014 0.016 0.016 0.015 0.019 0.021 0.009 0.195 0.273 0.024 0.043 0.049 0.014 0.025 0.036 0.006 0.021 0.136
33 A 0.182 0.026 0.021 0.024 0.02 0.021 0.032 0.051 0.011 0.103 0.094 0.035 0.024 0.029 0.023 0.059 0.049 0.005 0.019 0.17
34 P 0.048 0.027 0.022 0.025 0.01 0.021 0.032 0.03 0.03 0.035 0.052 0.036 0.014 0.071 0.256 0.037 0.032 0.015 0.167 0.039
35 F 0.045 0.02 0.017 0.017 0.013 0.012 0.02 0.025 0.014 0.096 0.118 0.021 0.027 0.274 0.012 0.028 0.033 0.013 0.065 0.128
36 F 0.048 0.023 0.018 0.018 0.013 0.016 0.023 0.025 0.024 0.09 0.103 0.025 0.025 0.186 0.014 0.03 0.034 0.017 0.144 0.126
37 F 0.041 0.027 0.118 0.039 0.012 0.019 0.028 0.037 0.019 0.121 0.103 0.032 0.024 0.152 0.015 0.04 0.038 0.009 0.041 0.085
38 L 0.047 0.024 0.016 0.017 0.016 0.019 0.022 0.023 0.012 0.164 0.248 0.028 0.085 0.049 0.015 0.028 0.037 0.007 0.022 0.121
39 G 0.149 0.03 0.036 0.033 0.017 0.024 0.035 0.212 0.014 0.038 0.05 0.041 0.015 0.02 0.025 0.076 0.111 0.006 0.015 0.054
40 L 0.054 0.026 0.024 0.023 0.017 0.019 0.026 0.028 0.011 0.148 0.204 0.031 0.035 0.04 0.019 0.047 0.109 0.006 0.02 0.113
41 P 0.056 0.031 0.121 0.044 0.013 0.023 0.036 0.042 0.017 0.07 0.065 0.04 0.018 0.022 0.178 0.048 0.045 0.004 0.016 0.111
42 I 0.054 0.019 0.015 0.018 0.017 0.014 0.019 0.022 0.009 0.24 0.154 0.024 0.035 0.041 0.015 0.027 0.043 0.006 0.02 0.209
43 L 0.046 0.02 0.014 0.017 0.016 0.014 0.018 0.021 0.009 0.224 0.238 0.024 0.041 0.047 0.014 0.025 0.037 0.006 0.021 0.148
44 L 0.041 0.022 0.015 0.016 0.014 0.014 0.02 0.022 0.012 0.097 0.292 0.023 0.041 0.167 0.013 0.024 0.03 0.01 0.044 0.082
45 I 0.048 0.022 0.016 0.018 0.016 0.018 0.021 0.023 0.011 0.219 0.176 0.027 0.081 0.045 0.015 0.028 0.04 0.007 0.022 0.147
46 C 0.144 0.023 0.019 0.021 0.176 0.018 0.026 0.045 0.01 0.083 0.084 0.03 0.022 0.026 0.021 0.052 0.045 0.005 0.017 0.134
47 Y 0.038 0.025 0.02 0.018 0.01 0.018 0.025 0.025 0.036 0.05 0.083 0.027 0.021 0.217 0.014 0.029 0.027 0.024 0.246 0.049
48 S 0.172 0.037 0.044 0.042 0.019 0.03 0.048 0.07 0.018 0.034 0.047 0.05 0.016 0.021 0.029 0.18 0.071 0.005 0.017 0.05
49 P 0.056 0.026 0.023 0.031 0.01 0.02 0.036 0.036 0.013 0.026 0.036 0.041 0.01 0.013 0.499 0.043 0.036 0.003 0.013 0.031
50 F 0.126 0.022 0.019 0.021 0.016 0.016 0.025 0.041 0.013 0.128 0.113 0.029 0.026 0.153 0.018 0.045 0.038 0.009 0.042 0.099
51 L 0.045 0.022 0.014 0.016 0.016 0.015 0.019 0.021 0.01 0.169 0.31 0.024 0.045 0.051 0.014 0.024 0.035 0.007 0.022 0.122
52 L 0.15 0.031 0.031 0.031 0.018 0.025 0.037 0.055 0.015 0.062 0.161 0.041 0.027 0.032 0.024 0.112 0.055 0.006 0.019 0.068
53 F 0.033 0.019 0.017 0.017 0.01 0.01 0.019 0.025 0.017 0.063 0.113 0.019 0.025 0.393 0.01 0.025 0.025 0.017 0.088 0.054
54 L 0.052 0.023 0.015 0.016 0.017 0.016 0.021 0.022 0.009 0.13 0.297 0.025 0.043 0.048 0.015 0.027 0.038 0.007 0.022 0.156
55 V 0.061 0.028 0.027 0.024 0.015 0.022 0.03 0.031 0.023 0.086 0.087 0.034 0.023 0.063 0.02 0.052 0.11 0.013 0.121 0.131
56 C 0.058 0.019 0.015 0.016 0.331 0.013 0.017 0.028 0.009 0.068 0.17 0.022 0.027 0.031 0.015 0.035 0.035 0.005 0.015 0.069
57 I 0.067 0.025 0.028 0.028 0.016 0.02 0.029 0.035 0.012 0.195 0.125 0.033 0.029 0.036 0.02 0.092 0.053 0.006 0.019 0.13
58 L 0.045 0.022 0.014 0.016 0.016 0.015 0.019 0.021 0.01 0.169 0.31 0.024 0.045 0.051 0.014 0.024 0.035 0.007 0.022 0.122
59 G 0.098 0.034 0.049 0.043 0.015 0.028 0.043 0.215 0.017 0.026 0.037 0.047 0.013 0.019 0.026 0.169 0.064 0.005 0.015 0.036
60 L 0.068 0.032 0.029 0.028 0.016 0.026 0.033 0.038 0.015 0.081 0.206 0.038 0.078 0.041 0.02 0.096 0.051 0.007 0.021 0.076
61 L 0.05 0.026 0.025 0.023 0.015 0.018 0.026 0.03 0.013 0.077 0.186 0.03 0.031 0.157 0.017 0.047 0.104 0.01 0.043 0.073
62 L 0.041 0.022 0.015 0.016 0.014 0.014 0.02 0.022 0.012 0.097 0.292 0.023 0.041 0.167 0.013 0.024 0.03 0.01 0.044 0.082
63 L 0.045 0.022 0.014 0.016 0.016 0.015 0.019 0.021 0.01 0.169 0.31 0.024 0.045 0.051 0.014 0.024 0.035 0.007 0.022 0.122
64 S 0.109 0.04 0.054 0.048 0.017 0.033 0.052 0.066 0.019 0.029 0.041 0.054 0.016 0.021 0.029 0.228 0.081 0.005 0.017 0.041
65 F 0.061 0.029 0.031 0.028 0.012 0.022 0.033 0.038 0.027 0.045 0.074 0.034 0.02 0.181 0.018 0.095 0.045 0.017 0.143 0.047
66 S 0.109 0.04 0.054 0.048 0.017 0.033 0.052 0.066 0.019 0.029 0.041 0.054 0.016 0.021 0.029 0.228 0.081 0.005 0.017 0.041
67 D 0.069 0.058 0.054 0.164 0.011 0.038 0.071 0.052 0.019 0.026 0.037 0.128 0.013 0.017 0.026 0.111 0.052 0.005 0.015 0.033
68 P 0.078 0.029 0.031 0.032 0.016 0.023 0.037 0.042 0.013 0.073 0.069 0.04 0.019 0.023 0.181 0.101 0.055 0.004 0.017 0.116
69 R 0.047 0.148 0.134 0.067 0.008 0.048 0.135 0.044 0.027 0.022 0.038 0.082 0.013 0.017 0.022 0.056 0.04 0.005 0.016 0.029
70 Y 0.047 0.039 0.027 0.028 0.011 0.086 0.049 0.029 0.028 0.116 0.094 0.048 0.025 0.063 0.018 0.037 0.036 0.013 0.122 0.085
71 N 0.043 0.045 0.317 0.083 0.009 0.034 0.049 0.065 0.032 0.022 0.032 0.054 0.011 0.018 0.02 0.07 0.049 0.004 0.016 0.027
72 Q 0.056 0.074 0.044 0.047 0.009 0.215 0.103 0.041 0.029 0.026 0.047 0.091 0.021 0.015 0.024 0.056 0.041 0.006 0.021 0.035
73 D 0.041 0.03 0.069 0.397 0.008 0.03 0.091 0.047 0.019 0.022 0.028 0.045 0.009 0.015 0.022 0.052 0.035 0.004 0.011 0.024
74 T 0.073 0.036 0.043 0.038 0.018 0.028 0.039 0.043 0.014 0.053 0.065 0.045 0.02 0.024 0.028 0.093 0.246 0.006 0.018 0.071
75 S 0.076 0.119 0.118 0.052 0.013 0.037 0.051 0.057 0.023 0.026 0.04 0.07 0.014 0.019 0.024 0.144 0.061 0.005 0.017 0.035
76 F 0.052 0.044 0.029 0.028 0.013 0.026 0.036 0.033 0.015 0.106 0.096 0.094 0.024 0.12 0.02 0.048 0.09 0.008 0.036 0.083
77 L 0.109 0.029 0.032 0.118 0.015 0.025 0.044 0.043 0.015 0.069 0.166 0.037 0.062 0.034 0.02 0.049 0.039 0.006 0.018 0.069
78 S 0.143 0.054 0.043 0.042 0.016 0.036 0.053 0.063 0.018 0.032 0.046 0.11 0.016 0.019 0.029 0.15 0.062 0.005 0.017 0.046
79 G 0.073 0.03 0.034 0.033 0.013 0.025 0.035 0.162 0.015 0.043 0.075 0.041 0.052 0.024 0.141 0.09 0.046 0.005 0.016 0.047
80 V 0.07 0.022 0.016 0.018 0.019 0.016 0.023 0.025 0.008 0.165 0.13 0.026 0.032 0.036 0.016 0.033 0.049 0.006 0.021 0.269
81 W 0.03 0.023 0.015 0.015 0.008 0.015 0.023 0.03 0.015 0.03 0.053 0.023 0.015 0.061 0.008 0.023 0.023 0.492 0.068 0.03
82 F 0.038 0.021 0.017 0.017 0.012 0.014 0.021 0.024 0.022 0.112 0.114 0.023 0.026 0.241 0.013 0.026 0.029 0.017 0.131 0.082
83 F 0.036 0.02 0.016 0.016 0.012 0.012 0.019 0.024 0.015 0.075 0.181 0.02 0.031 0.31 0.011 0.025 0.027 0.014 0.071 0.064
84 Y 0.049 0.024 0.018 0.018 0.013 0.018 0.024 0.023 0.027 0.132 0.107 0.028 0.026 0.084 0.015 0.03 0.036 0.017 0.174 0.136
85 V 0.058 0.02 0.015 0.017 0.017 0.015 0.02 0.022 0.008 0.222 0.147 0.024 0.034 0.039 0.015 0.029 0.044 0.006 0.02 0.227
86 L 0.113 0.024 0.017 0.019 0.136 0.017 0.024 0.038 0.011 0.078 0.223 0.028 0.033 0.037 0.018 0.043 0.038 0.006 0.018 0.078
87 G 0.123 0.028 0.03 0.029 0.016 0.022 0.031 0.165 0.013 0.057 0.134 0.037 0.024 0.029 0.022 0.062 0.092 0.006 0.017 0.064
88 F 0.046 0.022 0.023 0.022 0.014 0.015 0.023 0.028 0.014 0.115 0.114 0.026 0.026 0.215 0.016 0.042 0.087 0.011 0.053 0.088
89 G 0.058 0.022 0.027 0.025 0.012 0.016 0.022 0.27 0.013 0.053 0.138 0.028 0.023 0.12 0.015 0.038 0.029 0.009 0.033 0.049
90 L 0.051 0.022 0.015 0.016 0.017 0.015 0.02 0.022 0.009 0.168 0.266 0.025 0.041 0.047 0.015 0.026 0.038 0.006 0.021 0.161
91 G 0.082 0.03 0.04 0.037 0.014 0.024 0.037 0.168 0.017 0.035 0.056 0.04 0.016 0.113 0.022 0.135 0.054 0.008 0.033 0.04
92 L 0.049 0.024 0.016 0.016 0.015 0.017 0.023 0.023 0.018 0.108 0.241 0.027 0.037 0.068 0.015 0.028 0.036 0.012 0.098 0.129
93 S 0.156 0.037 0.046 0.043 0.018 0.031 0.049 0.068 0.018 0.033 0.046 0.051 0.016 0.021 0.029 0.195 0.073 0.005 0.017 0.048
94 T 0.066 0.031 0.036 0.032 0.017 0.024 0.033 0.037 0.012 0.11 0.089 0.039 0.024 0.028 0.024 0.075 0.203 0.006 0.018 0.096
95 A 0.189 0.03 0.03 0.031 0.019 0.024 0.037 0.06 0.014 0.099 0.081 0.041 0.022 0.027 0.026 0.106 0.055 0.005 0.018 0.088
96 I 0.046 0.019 0.014 0.017 0.016 0.014 0.018 0.02 0.009 0.24 0.22 0.024 0.039 0.046 0.014 0.024 0.038 0.006 0.021 0.154
97 A 0.132 0.031 0.034 0.033 0.018 0.025 0.037 0.051 0.014 0.102 0.082 0.041 0.022 0.027 0.025 0.108 0.107 0.006 0.018 0.088
98 A 0.301 0.031 0.025 0.029 0.021 0.025 0.04 0.077 0.015 0.043 0.059 0.044 0.017 0.021 0.029 0.084 0.049 0.005 0.017 0.068
99 F 0.063 0.027 0.027 0.025 0.014 0.02 0.03 0.035 0.022 0.074 0.087 0.032 0.023 0.145 0.018 0.08 0.046 0.014 0.113 0.105
100 S 0.1 0.035 0.05 0.044 0.016 0.029 0.045 0.178 0.018 0.027 0.038 0.048 0.014 0.019 0.027 0.186 0.068 0.005 0.016 0.037
101 Q 0.051 0.055 0.037 0.05 0.008 0.134 0.134 0.035 0.032 0.029 0.049 0.071 0.018 0.044 0.022 0.049 0.036 0.011 0.096 0.037
102 P 0.056 0.025 0.023 0.031 0.01 0.02 0.036 0.036 0.013 0.025 0.036 0.041 0.01 0.013 0.501 0.043 0.036 0.003 0.013 0.031
103 I 0.052 0.018 0.015 0.017 0.017 0.014 0.019 0.021 0.009 0.252 0.156 0.024 0.035 0.041 0.015 0.027 0.042 0.006 0.02 0.2
104 F 0.033 0.019 0.017 0.017 0.01 0.01 0.019 0.025 0.017 0.062 0.113 0.019 0.025 0.396 0.01 0.025 0.025 0.017 0.087 0.054
105 L 0.044 0.024 0.014 0.015 0.016 0.016 0.02 0.021 0.01 0.114 0.385 0.025 0.049 0.054 0.014 0.024 0.033 0.007 0.022 0.095
106 Y 0.038 0.025 0.02 0.018 0.009 0.019 0.025 0.025 0.039 0.048 0.079 0.028 0.02 0.196 0.014 0.029 0.027 0.025 0.268 0.048
107 E 0.052 0.043 0.033 0.07 0.009 0.052 0.235 0.031 0.022 0.045 0.123 0.062 0.022 0.026 0.023 0.047 0.035 0.006 0.018 0.047
108 E 0.054 0.049 0.04 0.089 0.007 0.064 0.307 0.034 0.025 0.022 0.036 0.074 0.013 0.016 0.025 0.054 0.036 0.005 0.016 0.031
109 Q 0.068 0.064 0.046 0.047 0.011 0.178 0.089 0.047 0.026 0.027 0.045 0.081 0.019 0.016 0.025 0.099 0.051 0.006 0.02 0.036
110 D 0.04 0.029 0.068 0.406 0.007 0.029 0.09 0.046 0.018 0.022 0.028 0.044 0.009 0.015 0.022 0.051 0.035 0.004 0.011 0.024
111 F 0.033 0.019 0.017 0.017 0.01 0.01 0.019 0.025 0.017 0.062 0.113 0.019 0.025 0.396 0.01 0.025 0.025 0.017 0.087 0.054
112 T 0.072 0.035 0.043 0.037 0.018 0.027 0.039 0.043 0.014 0.053 0.064 0.045 0.019 0.023 0.027 0.091 0.258 0.006 0.018 0.07
113 T 0.072 0.035 0.043 0.037 0.018 0.027 0.039 0.043 0.014 0.053 0.064 0.045 0.019 0.023 0.027 0.091 0.258 0.006 0.018 0.07
114 Y 0.04 0.028 0.021 0.018 0.009 0.021 0.028 0.025 0.046 0.043 0.067 0.031 0.018 0.129 0.015 0.031 0.028 0.028 0.328 0.046
115 Y 0.04 0.028 0.021 0.018 0.009 0.021 0.028 0.025 0.046 0.043 0.067 0.031 0.018 0.129 0.015 0.031 0.028 0.028 0.328 0.046
116 N 0.042 0.044 0.327 0.082 0.009 0.033 0.049 0.064 0.031 0.022 0.031 0.053 0.011 0.018 0.02 0.069 0.049 0.004 0.015 0.027
117 N 0.042 0.044 0.327 0.082 0.009 0.033 0.049 0.064 0.031 0.022 0.031 0.053 0.011 0.018 0.02 0.069 0.049 0.004 0.015 0.027
118 Y 0.04 0.028 0.021 0.018 0.009 0.021 0.028 0.025 0.046 0.043 0.067 0.031 0.018 0.129 0.015 0.031 0.028 0.028 0.328 0.046
119 L 0.05 0.023 0.017 0.017 0.015 0.017 0.022 0.023 0.018 0.15 0.187 0.026 0.034 0.065 0.015 0.028 0.037 0.011 0.098 0.149
120 Y 0.041 0.027 0.031 0.115 0.01 0.022 0.041 0.029 0.03 0.055 0.137 0.033 0.024 0.082 0.017 0.034 0.031 0.016 0.172 0.053
121 F 0.033 0.019 0.017 0.017 0.01 0.01 0.019 0.025 0.017 0.062 0.113 0.019 0.025 0.396 0.01 0.025 0.025 0.017 0.087 0.054
122 L 0.043 0.025 0.016 0.016 0.014 0.017 0.022 0.022 0.019 0.096 0.305 0.026 0.041 0.073 0.014 0.026 0.032 0.012 0.098 0.083
123 N 0.062 0.044 0.118 0.064 0.01 0.042 0.115 0.05 0.11 0.024 0.037 0.056 0.014 0.021 0.023 0.099 0.048 0.006 0.026 0.03
124 N 0.042 0.044 0.258 0.071 0.009 0.034 0.05 0.058 0.114 0.022 0.033 0.051 0.012 0.021 0.02 0.062 0.043 0.005 0.026 0.026
125 G 0.068 0.024 0.046 0.126 0.01 0.021 0.041 0.399 0.015 0.019 0.028 0.036 0.009 0.016 0.019 0.051 0.031 0.005 0.011 0.024
126 F 0.033 0.019 0.017 0.017 0.01 0.01 0.019 0.025 0.017 0.062 0.113 0.019 0.025 0.396 0.01 0.025 0.025 0.017 0.087 0.054
127 S 0.092 0.041 0.122 0.057 0.015 0.033 0.051 0.065 0.022 0.027 0.039 0.053 0.014 0.02 0.027 0.191 0.073 0.005 0.017 0.038
128 L 0.123 0.03 0.028 0.028 0.016 0.024 0.035 0.047 0.022 0.057 0.138 0.038 0.025 0.056 0.022 0.092 0.048 0.011 0.096 0.062
129 D 0.044 0.04 0.062 0.316 0.008 0.079 0.093 0.045 0.021 0.023 0.032 0.056 0.012 0.015 0.022 0.052 0.036 0.004 0.013 0.027
130 G 0.055 0.021 0.028 0.025 0.011 0.015 0.022 0.271 0.015 0.041 0.07 0.026 0.017 0.206 0.015 0.038 0.027 0.011 0.049 0.039
131 F 0.033 0.019 0.017 0.017 0.01 0.01 0.019 0.025 0.017 0.062 0.113 0.019 0.025 0.396 0.01 0.025 0.025 0.017 0.087 0.054
132 P 0.056 0.028 0.023 0.039 0.013 0.028 0.096 0.029 0.014 0.123 0.091 0.041 0.023 0.027 0.139 0.039 0.04 0.005 0.017 0.129
133 F 0.033 0.019 0.017 0.017 0.01 0.01 0.019 0.025 0.017 0.062 0.113 0.019 0.025 0.396 0.01 0.025 0.025 0.017 0.087 0.054
134 G 0.077 0.023 0.039 0.033 0.011 0.019 0.025 0.517 0.013 0.019 0.028 0.033 0.009 0.016 0.019 0.051 0.029 0.005 0.011 0.024
135 A 0.175 0.048 0.026 0.029 0.017 0.03 0.042 0.054 0.015 0.057 0.136 0.1 0.025 0.028 0.025 0.061 0.043 0.006 0.018 0.066
136 G 0.077 0.023 0.039 0.033 0.011 0.019 0.025 0.517 0.013 0.019 0.028 0.033 0.009 0.016 0.019 0.051 0.029 0.005 0.011 0.024
137 L 0.105 0.024 0.017 0.019 0.016 0.017 0.025 0.036 0.013 0.083 0.235 0.028 0.035 0.131 0.017 0.039 0.035 0.009 0.037 0.078
138 E 0.054 0.049 0.04 0.089 0.007 0.064 0.307 0.034 0.025 0.022 0.036 0.074 0.013 0.016 0.025 0.054 0.036 0.005 0.016 0.031
139 V 0.058 0.02 0.015 0.017 0.017 0.015 0.02 0.022 0.008 0.222 0.147 0.024 0.034 0.039 0.015 0.029 0.044 0.006 0.02 0.227
140 G 0.133 0.025 0.035 0.032 0.013 0.02 0.029 0.407 0.014 0.025 0.036 0.036 0.011 0.017 0.021 0.059 0.034 0.005 0.012 0.035
141 L 0.05 0.023 0.015 0.016 0.017 0.016 0.021 0.022 0.009 0.126 0.321 0.025 0.044 0.049 0.015 0.026 0.037 0.007 0.022 0.141
142 P 0.056 0.025 0.023 0.031 0.01 0.02 0.036 0.036 0.013 0.025 0.036 0.041 0.01 0.013 0.501 0.043 0.036 0.003 0.013 0.031
143 L 0.041 0.023 0.015 0.015 0.015 0.015 0.02 0.022 0.012 0.101 0.317 0.023 0.043 0.139 0.013 0.024 0.031 0.009 0.038 0.085
144 L 0.048 0.025 0.022 0.021 0.015 0.017 0.024 0.027 0.013 0.086 0.237 0.028 0.036 0.132 0.016 0.041 0.087 0.009 0.037 0.078
145 N 0.042 0.044 0.327 0.082 0.009 0.033 0.049 0.064 0.031 0.022 0.031 0.053 0.011 0.018 0.02 0.069 0.049 0.004 0.015 0.027
146 Y 0.04 0.028 0.021 0.018 0.009 0.021 0.028 0.025 0.046 0.043 0.067 0.031 0.018 0.129 0.015 0.031 0.028 0.028 0.328 0.046
147 F 0.037 0.018 0.016 0.017 0.012 0.011 0.018 0.024 0.015 0.117 0.126 0.02 0.028 0.308 0.011 0.025 0.029 0.014 0.071 0.084
148 L 0.044 0.024 0.014 0.015 0.016 0.016 0.02 0.021 0.01 0.114 0.385 0.025 0.049 0.054 0.014 0.024 0.033 0.007 0.022 0.095
149 S 0.099 0.038 0.051 0.045 0.017 0.031 0.048 0.06 0.018 0.035 0.047 0.051 0.016 0.021 0.029 0.196 0.125 0.005 0.017 0.048
150 L 0.053 0.041 0.021 0.022 0.133 0.023 0.031 0.029 0.012 0.117 0.164 0.089 0.029 0.033 0.018 0.035 0.037 0.005 0.018 0.089
151 I 0.046 0.019 0.014 0.017 0.016 0.014 0.018 0.02 0.009 0.24 0.22 0.024 0.039 0.046 0.014 0.024 0.038 0.006 0.021 0.154
152 I 0.045 0.02 0.016 0.018 0.014 0.015 0.02 0.021 0.018 0.222 0.141 0.025 0.032 0.065 0.015 0.026 0.036 0.011 0.097 0.142
153 G 0.068 0.024 0.046 0.126 0.01 0.021 0.041 0.399 0.015 0.019 0.028 0.036 0.009 0.016 0.019 0.051 0.031 0.005 0.011 0.024
154 G 0.133 0.025 0.035 0.032 0.013 0.02 0.029 0.407 0.014 0.025 0.036 0.036 0.011 0.017 0.021 0.059 0.034 0.005 0.012 0.035
155 G 0.074 0.034 0.039 0.05 0.011 0.034 0.105 0.163 0.018 0.024 0.035 0.05 0.012 0.016 0.144 0.095 0.045 0.005 0.014 0.032
156 Y 0.04 0.028 0.021 0.018 0.009 0.021 0.028 0.025 0.046 0.043 0.067 0.031 0.018 0.129 0.015 0.031 0.028 0.028 0.328 0.046
157 P 0.056 0.025 0.023 0.031 0.01 0.02 0.036 0.036 0.013 0.025 0.036 0.041 0.01 0.013 0.501 0.043 0.036 0.003 0.013 0.031
158 N 0.041 0.036 0.174 0.05 0.009 0.027 0.038 0.044 0.039 0.033 0.049 0.042 0.015 0.073 0.018 0.05 0.038 0.016 0.172 0.036
159 L 0.044 0.022 0.014 0.016 0.016 0.015 0.019 0.021 0.01 0.156 0.33 0.025 0.046 0.051 0.014 0.024 0.034 0.007 0.022 0.115
160 V 0.069 0.022 0.016 0.018 0.019 0.016 0.023 0.024 0.008 0.162 0.128 0.026 0.031 0.035 0.016 0.032 0.049 0.005 0.02 0.28
161 K 0.053 0.168 0.04 0.038 0.008 0.051 0.065 0.04 0.021 0.026 0.043 0.246 0.015 0.016 0.025 0.051 0.038 0.005 0.017 0.032
162 L 0.041 0.023 0.015 0.015 0.015 0.015 0.02 0.022 0.012 0.101 0.317 0.023 0.043 0.139 0.013 0.024 0.031 0.009 0.038 0.085
163 F 0.061 0.025 0.027 0.025 0.132 0.019 0.028 0.037 0.022 0.045 0.071 0.031 0.019 0.141 0.018 0.082 0.042 0.013 0.111 0.049
164 Y 0.04 0.032 0.029 0.023 0.009 0.026 0.034 0.028 0.126 0.038 0.06 0.034 0.018 0.104 0.016 0.033 0.027 0.023 0.26 0.04
165 A 0.189 0.03 0.03 0.031 0.019 0.024 0.037 0.06 0.014 0.099 0.081 0.041 0.022 0.027 0.026 0.106 0.055 0.005 0.018 0.088
166 L 0.047 0.022 0.015 0.016 0.015 0.015 0.02 0.023 0.011 0.113 0.253 0.024 0.038 0.135 0.014 0.026 0.035 0.009 0.038 0.131
167 F 0.046 0.024 0.023 0.021 0.014 0.016 0.024 0.028 0.014 0.073 0.168 0.027 0.03 0.217 0.016 0.041 0.085 0.012 0.054 0.068
168 Q 0.054 0.062 0.038 0.04 0.01 0.177 0.083 0.037 0.026 0.044 0.083 0.076 0.058 0.023 0.021 0.05 0.04 0.006 0.021 0.049
169 V 0.074 0.029 0.026 0.026 0.018 0.023 0.031 0.035 0.013 0.113 0.123 0.035 0.063 0.035 0.019 0.083 0.054 0.006 0.02 0.173
170 L 0.058 0.024 0.022 0.022 0.017 0.018 0.025 0.027 0.01 0.153 0.186 0.03 0.034 0.039 0.018 0.043 0.095 0.006 0.02 0.155
171 L 0.044 0.022 0.014 0.016 0.016 0.015 0.019 0.021 0.01 0.156 0.33 0.025 0.046 0.051 0.014 0.024 0.034 0.007 0.022 0.115
172 L 0.039 0.021 0.015 0.016 0.013 0.013 0.019 0.023 0.013 0.088 0.249 0.022 0.037 0.225 0.012 0.024 0.029 0.012 0.055 0.074
173 L 0.044 0.027 0.092 0.032 0.014 0.02 0.026 0.032 0.015 0.133 0.241 0.032 0.036 0.042 0.016 0.035 0.038 0.006 0.02 0.098
174 V 0.083 0.03 0.034 0.033 0.017 0.024 0.036 0.044 0.014 0.126 0.094 0.039 0.025 0.03 0.022 0.13 0.062 0.005 0.019 0.134
175 L 0.044 0.022 0.014 0.016 0.016 0.015 0.019 0.021 0.01 0.156 0.33 0.025 0.046 0.051 0.014 0.024 0.034 0.007 0.022 0.115
176 I 0.052 0.018 0.015 0.017 0.017 0.014 0.019 0.021 0.009 0.252 0.156 0.024 0.035 0.041 0.015 0.027 0.042 0.006 0.02 0.2
177 F 0.105 0.025 0.02 0.021 0.015 0.018 0.026 0.039 0.016 0.067 0.119 0.029 0.06 0.215 0.017 0.042 0.035 0.012 0.054 0.067
178 F 0.061 0.045 0.031 0.031 0.013 0.027 0.039 0.038 0.016 0.1 0.09 0.096 0.023 0.119 0.02 0.083 0.046 0.008 0.036 0.075
179 I 0.043 0.018 0.015 0.017 0.015 0.012 0.018 0.021 0.011 0.227 0.152 0.022 0.033 0.132 0.013 0.025 0.036 0.009 0.037 0.144
180 G 0.116 0.113 0.107 0.044 0.012 0.031 0.041 0.173 0.02 0.027 0.041 0.062 0.013 0.018 0.022 0.062 0.04 0.005 0.015 0.037
181 R 0.05 0.216 0.039 0.048 0.008 0.053 0.12 0.035 0.023 0.024 0.043 0.15 0.015 0.016 0.023 0.049 0.036 0.005 0.017 0.031
182 K 0.063 0.067 0.038 0.037 0.011 0.037 0.052 0.044 0.019 0.037 0.06 0.162 0.018 0.112 0.024 0.09 0.046 0.008 0.035 0.04
183 L 0.049 0.052 0.029 0.041 0.01 0.038 0.106 0.031 0.025 0.051 0.133 0.105 0.024 0.054 0.02 0.04 0.034 0.011 0.096 0.051
184 K 0.069 0.089 0.044 0.043 0.011 0.048 0.065 0.048 0.02 0.028 0.042 0.23 0.015 0.017 0.028 0.097 0.05 0.005 0.017 0.035
185 L 0.114 0.025 0.017 0.019 0.018 0.018 0.026 0.036 0.011 0.108 0.239 0.03 0.037 0.041 0.018 0.041 0.041 0.006 0.02 0.134
186 S 0.083 0.04 0.119 0.054 0.015 0.031 0.048 0.059 0.021 0.033 0.044 0.051 0.015 0.021 0.026 0.156 0.117 0.005 0.017 0.045
187 L 0.044 0.022 0.015 0.016 0.013 0.014 0.021 0.025 0.012 0.092 0.169 0.023 0.03 0.136 0.012 0.026 0.032 0.132 0.049 0.115
188 K 0.049 0.153 0.043 0.037 0.008 0.048 0.061 0.039 0.107 0.025 0.042 0.185 0.015 0.019 0.023 0.048 0.035 0.006 0.027 0.029
189 E 0.065 0.123 0.043 0.064 0.01 0.052 0.179 0.042 0.023 0.024 0.04 0.08 0.014 0.018 0.025 0.096 0.047 0.005 0.017 0.033
190 L 0.108 0.026 0.017 0.019 0.017 0.018 0.025 0.035 0.011 0.096 0.303 0.03 0.041 0.046 0.018 0.039 0.037 0.007 0.021 0.088
191 A 0.189 0.03 0.03 0.031 0.019 0.024 0.037 0.06 0.014 0.099 0.081 0.041 0.022 0.027 0.026 0.106 0.055 0.005 0.018 0.088
192 L 0.047 0.022 0.015 0.016 0.015 0.015 0.02 0.023 0.011 0.113 0.253 0.024 0.038 0.135 0.014 0.026 0.035 0.009 0.038 0.131
193 L 0.044 0.024 0.014 0.015 0.016 0.016 0.02 0.021 0.01 0.114 0.385 0.025 0.049 0.054 0.014 0.024 0.033 0.007 0.022 0.095
194 L 0.06 0.027 0.026 0.025 0.015 0.021 0.029 0.033 0.021 0.117 0.165 0.033 0.03 0.062 0.018 0.078 0.045 0.011 0.097 0.089
195 A 0.243 0.028 0.023 0.026 0.021 0.023 0.036 0.064 0.013 0.072 0.076 0.039 0.021 0.025 0.026 0.071 0.049 0.005 0.018 0.121
196 L 0.046 0.026 0.015 0.016 0.016 0.019 0.022 0.023 0.011 0.11 0.337 0.028 0.08 0.052 0.014 0.027 0.035 0.007 0.022 0.094
197 S 0.085 0.036 0.042 0.038 0.017 0.03 0.042 0.05 0.017 0.052 0.085 0.047 0.056 0.028 0.025 0.147 0.115 0.006 0.019 0.061
198 F 0.033 0.019 0.017 0.017 0.01 0.01 0.019 0.025 0.017 0.062 0.113 0.019 0.025 0.396 0.01 0.025 0.025 0.017 0.087 0.054
199 L 0.045 0.021 0.014 0.016 0.016 0.015 0.019 0.021 0.009 0.198 0.275 0.024 0.043 0.049 0.014 0.024 0.036 0.006 0.021 0.134
200 F 0.033 0.019 0.017 0.017 0.01 0.01 0.019 0.025 0.017 0.062 0.113 0.019 0.025 0.396 0.01 0.025 0.025 0.017 0.087 0.054
201 F 0.033 0.019 0.017 0.017 0.01 0.01 0.019 0.025 0.017 0.062 0.113 0.019 0.025 0.396 0.01 0.025 0.025 0.017 0.087 0.054
202 K 0.056 0.106 0.041 0.041 0.008 0.053 0.07 0.043 0.02 0.027 0.043 0.289 0.015 0.015 0.027 0.053 0.039 0.005 0.017 0.032
203 Y 0.039 0.03 0.028 0.023 0.009 0.023 0.032 0.028 0.118 0.043 0.071 0.031 0.019 0.171 0.015 0.032 0.027 0.02 0.2 0.042
204 G 0.072 0.023 0.035 0.033 0.011 0.019 0.028 0.397 0.013 0.02 0.03 0.035 0.009 0.015 0.139 0.049 0.031 0.005 0.011 0.026
205 A 0.253 0.033 0.032 0.034 0.02 0.027 0.043 0.074 0.016 0.039 0.054 0.046 0.017 0.021 0.029 0.121 0.057 0.005 0.017 0.061
206 T 0.065 0.032 0.036 0.031 0.017 0.024 0.034 0.037 0.013 0.068 0.144 0.04 0.027 0.031 0.024 0.074 0.201 0.006 0.019 0.076
207 L 0.044 0.024 0.014 0.015 0.016 0.016 0.02 0.021 0.01 0.114 0.385 0.025 0.049 0.054 0.014 0.024 0.033 0.007 0.022 0.095
208 N 0.042 0.044 0.327 0.082 0.009 0.033 0.049 0.064 0.031 0.022 0.031 0.053 0.011 0.018 0.02 0.069 0.049 0.004 0.015 0.027
209 H 0.041 0.045 0.053 0.038 0.007 0.038 0.053 0.038 0.365 0.023 0.038 0.045 0.015 0.03 0.019 0.041 0.026 0.007 0.056 0.023
210 L 0.044 0.024 0.014 0.015 0.016 0.016 0.02 0.021 0.01 0.114 0.385 0.025 0.049 0.054 0.014 0.024 0.033 0.007 0.022 0.095
211 R 0.044 0.355 0.038 0.031 0.008 0.048 0.052 0.032 0.023 0.023 0.046 0.118 0.015 0.017 0.019 0.044 0.034 0.006 0.017 0.031
212 Q 0.055 0.072 0.043 0.046 0.009 0.226 0.101 0.041 0.029 0.026 0.046 0.09 0.02 0.014 0.023 0.055 0.041 0.006 0.02 0.035
213 G 0.077 0.023 0.039 0.033 0.011 0.019 0.025 0.517 0.013 0.019 0.028 0.033 0.009 0.016 0.019 0.051 0.029 0.005 0.011 0.024
214 Y 0.04 0.023 0.019 0.018 0.011 0.017 0.023 0.024 0.029 0.108 0.103 0.026 0.025 0.174 0.014 0.028 0.03 0.019 0.191 0.08
215 A 0.204 0.035 0.039 0.039 0.019 0.029 0.046 0.071 0.017 0.036 0.05 0.049 0.016 0.021 0.029 0.158 0.065 0.005 0.017 0.055
216 S 0.108 0.04 0.053 0.048 0.017 0.033 0.052 0.065 0.019 0.029 0.041 0.053 0.015 0.021 0.029 0.231 0.081 0.005 0.017 0.041
217 F 0.042 0.019 0.017 0.017 0.013 0.012 0.02 0.025 0.015 0.087 0.116 0.02 0.027 0.306 0.012 0.027 0.031 0.014 0.071 0.111
218 F 0.036 0.02 0.016 0.016 0.012 0.012 0.019 0.024 0.015 0.075 0.181 0.02 0.031 0.31 0.011 0.025 0.027 0.014 0.071 0.064
219 I 0.053 0.022 0.016 0.018 0.017 0.018 0.021 0.023 0.01 0.206 0.163 0.027 0.069 0.042 0.015 0.029 0.042 0.006 0.021 0.18
220 L 0.055 0.021 0.015 0.016 0.136 0.015 0.02 0.025 0.009 0.108 0.24 0.024 0.036 0.041 0.015 0.03 0.038 0.006 0.019 0.131
221 L 0.041 0.022 0.017 0.017 0.013 0.015 0.021 0.023 0.02 0.125 0.183 0.024 0.032 0.156 0.014 0.026 0.031 0.014 0.114 0.092
222 A 0.301 0.031 0.025 0.029 0.021 0.025 0.04 0.077 0.015 0.043 0.059 0.044 0.017 0.021 0.029 0.084 0.049 0.005 0.017 0.068
223 L 0.051 0.022 0.015 0.016 0.017 0.015 0.02 0.022 0.009 0.168 0.266 0.025 0.041 0.047 0.015 0.026 0.038 0.006 0.021 0.161
224 F 0.033 0.019 0.017 0.017 0.01 0.01 0.019 0.025 0.017 0.062 0.113 0.019 0.025 0.396 0.01 0.025 0.025 0.017 0.087 0.054
225 S 0.108 0.04 0.053 0.048 0.017 0.033 0.052 0.065 0.019 0.029 0.041 0.053 0.015 0.021 0.029 0.231 0.081 0.005 0.017 0.041
226 A 0.124 0.034 0.031 0.043 0.016 0.033 0.102 0.045 0.015 0.07 0.072 0.047 0.02 0.024 0.025 0.065 0.098 0.005 0.018 0.112
227 G 0.133 0.025 0.035 0.032 0.013 0.02 0.029 0.407 0.014 0.025 0.036 0.036 0.011 0.017 0.021 0.059 0.034 0.005 0.012 0.035
228 R 0.047 0.292 0.039 0.033 0.008 0.049 0.056 0.035 0.022 0.024 0.045 0.161 0.015 0.017 0.021 0.046 0.036 0.006 0.017 0.031
229 R 0.047 0.13 0.105 0.043 0.01 0.037 0.047 0.04 0.021 0.089 0.071 0.121 0.019 0.023 0.02 0.047 0.04 0.005 0.017 0.066
230 K 0.065 0.065 0.116 0.054 0.011 0.086 0.068 0.053 0.025 0.026 0.04 0.121 0.016 0.017 0.025 0.102 0.052 0.005 0.018 0.034
231 K 0.047 0.063 0.028 0.029 0.01 0.033 0.045 0.034 0.016 0.092 0.076 0.156 0.02 0.033 0.019 0.038 0.035 0.129 0.03 0.067
232 F 0.045 0.021 0.016 0.016 0.014 0.013 0.02 0.024 0.013 0.1 0.185 0.022 0.033 0.22 0.013 0.027 0.033 0.011 0.054 0.121
233 P 0.051 0.021 0.018 0.021 0.014 0.015 0.024 0.026 0.012 0.133 0.11 0.027 0.026 0.122 0.136 0.031 0.037 0.008 0.035 0.135
234 F 0.032 0.02 0.016 0.016 0.01 0.012 0.02 0.026 0.016 0.054 0.097 0.02 0.023 0.312 0.01 0.024 0.024 0.137 0.082 0.048
235 L 0.046 0.02 0.014 0.017 0.016 0.014 0.018 0.021 0.009 0.224 0.238 0.024 0.041 0.047 0.014 0.025 0.037 0.006 0.021 0.148
236 L 0.052 0.025 0.021 0.021 0.016 0.018 0.024 0.026 0.011 0.14 0.25 0.029 0.038 0.044 0.017 0.041 0.091 0.006 0.02 0.108
237 L 0.051 0.022 0.015 0.016 0.017 0.015 0.02 0.022 0.009 0.168 0.266 0.025 0.041 0.047 0.015 0.026 0.038 0.006 0.021 0.161
238 A 0.301 0.031 0.025 0.029 0.021 0.025 0.04 0.077 0.015 0.043 0.059 0.044 0.017 0.021 0.029 0.084 0.049 0.005 0.017 0.068
239 C 0.13 0.026 0.027 0.028 0.136 0.021 0.031 0.049 0.013 0.099 0.082 0.035 0.021 0.026 0.022 0.095 0.051 0.005 0.017 0.085
240 S 0.084 0.033 0.041 0.038 0.017 0.026 0.04 0.048 0.015 0.098 0.078 0.044 0.022 0.027 0.025 0.145 0.115 0.005 0.018 0.082
241 F 0.033 0.019 0.017 0.017 0.01 0.01 0.019 0.025 0.017 0.062 0.113 0.019 0.025 0.396 0.01 0.025 0.025 0.017 0.087 0.054
242 H 0.041 0.045 0.053 0.038 0.007 0.038 0.053 0.038 0.365 0.023 0.038 0.045 0.015 0.03 0.019 0.041 0.026 0.007 0.056 0.023
243 L 0.114 0.025 0.017 0.019 0.018 0.018 0.026 0.036 0.011 0.108 0.239 0.03 0.037 0.041 0.018 0.041 0.041 0.006 0.02 0.134
244 S 0.108 0.04 0.053 0.048 0.017 0.033 0.052 0.065 0.019 0.029 0.041 0.053 0.015 0.021 0.029 0.231 0.081 0.005 0.017 0.041
245 A 0.204 0.035 0.039 0.039 0.019 0.029 0.046 0.071 0.017 0.036 0.05 0.049 0.016 0.021 0.029 0.158 0.065 0.005 0.017 0.055
246 L 0.044 0.024 0.014 0.015 0.016 0.016 0.02 0.021 0.01 0.114 0.385 0.025 0.049 0.054 0.014 0.024 0.033 0.007 0.022 0.095
247 A 0.182 0.027 0.022 0.027 0.018 0.022 0.035 0.054 0.012 0.068 0.07 0.039 0.019 0.023 0.144 0.061 0.046 0.005 0.017 0.111
248 L 0.051 0.02 0.015 0.017 0.017 0.015 0.019 0.021 0.009 0.21 0.211 0.024 0.038 0.044 0.015 0.026 0.04 0.006 0.021 0.181
249 Y 0.04 0.028 0.021 0.018 0.009 0.021 0.028 0.025 0.046 0.043 0.067 0.031 0.018 0.129 0.015 0.031 0.028 0.028 0.328 0.046
250 P 0.05 0.024 0.021 0.027 0.01 0.018 0.031 0.033 0.014 0.035 0.055 0.035 0.014 0.109 0.378 0.039 0.033 0.006 0.031 0.036
251 L 0.044 0.022 0.014 0.016 0.016 0.015 0.019 0.021 0.01 0.156 0.33 0.025 0.046 0.051 0.014 0.024 0.034 0.007 0.022 0.115
252 L 0.051 0.022 0.015 0.016 0.017 0.015 0.02 0.022 0.009 0.168 0.266 0.025 0.041 0.047 0.015 0.026 0.038 0.006 0.021 0.161
253 R 0.046 0.133 0.107 0.043 0.009 0.039 0.049 0.041 0.03 0.029 0.047 0.123 0.015 0.045 0.02 0.049 0.037 0.011 0.094 0.034
254 F 0.037 0.023 0.019 0.018 0.01 0.016 0.023 0.025 0.031 0.053 0.09 0.025 0.022 0.262 0.013 0.028 0.026 0.022 0.208 0.05
255 L 0.056 0.023 0.015 0.016 0.017 0.016 0.021 0.023 0.009 0.138 0.257 0.025 0.04 0.045 0.015 0.028 0.041 0.006 0.021 0.187
256 L 0.039 0.021 0.015 0.016 0.013 0.013 0.019 0.023 0.013 0.088 0.249 0.022 0.037 0.225 0.012 0.024 0.029 0.012 0.055 0.074
257 R 0.07 0.134 0.044 0.039 0.013 0.04 0.053 0.046 0.019 0.033 0.048 0.126 0.016 0.019 0.026 0.105 0.103 0.005 0.017 0.044
258 E 0.066 0.053 0.037 0.049 0.012 0.041 0.111 0.041 0.018 0.09 0.071 0.11 0.02 0.024 0.024 0.091 0.049 0.005 0.018 0.07
259 R 0.049 0.141 0.048 0.131 0.008 0.089 0.078 0.04 0.023 0.025 0.041 0.135 0.015 0.015 0.023 0.051 0.037 0.005 0.016 0.03
260 S 0.078 0.053 0.054 0.136 0.013 0.037 0.066 0.055 0.019 0.027 0.038 0.11 0.014 0.018 0.027 0.142 0.059 0.005 0.016 0.035
261 F 0.106 0.105 0.024 0.023 0.014 0.024 0.032 0.039 0.016 0.102 0.096 0.051 0.023 0.119 0.018 0.044 0.037 0.008 0.036 0.082
262 R 0.047 0.215 0.111 0.046 0.008 0.045 0.055 0.043 0.024 0.024 0.041 0.145 0.014 0.017 0.021 0.052 0.039 0.005 0.017 0.03
263 K 0.114 0.071 0.108 0.048 0.012 0.041 0.057 0.057 0.022 0.03 0.044 0.169 0.015 0.017 0.026 0.064 0.044 0.005 0.017 0.04
264 L 0.056 0.025 0.022 0.021 0.135 0.018 0.024 0.029 0.01 0.081 0.224 0.029 0.033 0.038 0.018 0.045 0.09 0.006 0.018 0.079
265 F 0.058 0.046 0.032 0.031 0.012 0.027 0.04 0.039 0.018 0.045 0.077 0.095 0.02 0.207 0.019 0.084 0.042 0.011 0.052 0.045
266 I 0.048 0.046 0.031 0.028 0.012 0.029 0.039 0.03 0.101 0.153 0.103 0.095 0.026 0.033 0.019 0.036 0.036 0.006 0.029 0.101
267 P 0.05 0.027 0.096 0.037 0.012 0.02 0.032 0.037 0.017 0.068 0.077 0.035 0.019 0.115 0.137 0.042 0.04 0.007 0.034 0.098
268 L 0.109 0.022 0.017 0.02 0.017 0.017 0.024 0.035 0.01 0.18 0.194 0.029 0.035 0.041 0.018 0.039 0.04 0.006 0.02 0.128
269 L 0.041 0.022 0.017 0.017 0.013 0.015 0.021 0.023 0.02 0.125 0.183 0.024 0.032 0.156 0.014 0.026 0.031 0.014 0.114 0.092
270 V 0.064 0.024 0.022 0.022 0.018 0.018 0.026 0.028 0.01 0.165 0.122 0.03 0.029 0.034 0.019 0.045 0.099 0.006 0.02 0.201
271 S 0.074 0.029 0.034 0.033 0.015 0.022 0.035 0.044 0.016 0.101 0.09 0.037 0.023 0.12 0.021 0.128 0.056 0.008 0.036 0.078
272 S 0.14 0.033 0.036 0.035 0.018 0.027 0.041 0.057 0.016 0.054 0.131 0.044 0.024 0.029 0.025 0.143 0.061 0.006 0.018 0.061
273 V 0.054 0.02 0.016 0.017 0.016 0.014 0.021 0.023 0.01 0.167 0.134 0.023 0.031 0.127 0.014 0.029 0.04 0.008 0.037 0.197
274 I 0.068 0.024 0.025 0.025 0.017 0.019 0.027 0.033 0.011 0.189 0.125 0.031 0.03 0.036 0.019 0.078 0.052 0.006 0.02 0.167
275 A 0.204 0.035 0.039 0.039 0.019 0.029 0.046 0.071 0.017 0.036 0.05 0.049 0.016 0.021 0.029 0.158 0.065 0.005 0.017 0.055
276 V 0.121 0.023 0.018 0.02 0.019 0.018 0.026 0.037 0.01 0.162 0.12 0.03 0.029 0.034 0.019 0.043 0.046 0.005 0.02 0.2
277 L 0.067 0.026 0.025 0.025 0.017 0.02 0.028 0.033 0.011 0.147 0.18 0.032 0.033 0.038 0.018 0.078 0.05 0.006 0.02 0.147
278 G 0.067 0.023 0.027 0.025 0.014 0.017 0.023 0.27 0.011 0.078 0.142 0.029 0.025 0.03 0.017 0.039 0.035 0.006 0.016 0.106
279 F 0.035 0.021 0.018 0.017 0.01 0.013 0.021 0.025 0.024 0.058 0.101 0.022 0.023 0.329 0.012 0.026 0.026 0.019 0.148 0.052
280 L 0.047 0.023 0.016 0.017 0.016 0.017 0.021 0.022 0.011 0.194 0.227 0.027 0.074 0.047 0.015 0.027 0.038 0.007 0.022 0.133
281 G 0.066 0.025 0.031 0.029 0.014 0.019 0.028 0.157 0.014 0.098 0.087 0.032 0.022 0.119 0.018 0.083 0.044 0.008 0.034 0.073
282 F 0.045 0.021 0.016 0.016 0.014 0.013 0.02 0.024 0.013 0.1 0.185 0.022 0.033 0.22 0.013 0.027 0.033 0.011 0.054 0.121
283 K 0.065 0.07 0.051 0.134 0.01 0.042 0.07 0.049 0.02 0.026 0.038 0.169 0.014 0.016 0.026 0.097 0.048 0.005 0.016 0.032
284 L 0.058 0.024 0.022 0.022 0.017 0.018 0.025 0.027 0.01 0.153 0.186 0.03 0.034 0.039 0.018 0.043 0.095 0.006 0.02 0.155
285 L 0.047 0.023 0.016 0.017 0.016 0.017 0.021 0.022 0.011 0.194 0.227 0.027 0.074 0.047 0.015 0.027 0.038 0.007 0.022 0.133
286 L 0.068 0.029 0.026 0.025 0.017 0.023 0.031 0.035 0.013 0.101 0.187 0.035 0.067 0.039 0.019 0.081 0.05 0.006 0.021 0.127
287 L 0.053 0.04 0.042 0.126 0.012 0.075 0.063 0.038 0.018 0.054 0.131 0.051 0.024 0.027 0.022 0.055 0.092 0.006 0.018 0.056
288 F 0.037 0.023 0.019 0.018 0.01 0.016 0.023 0.025 0.031 0.053 0.09 0.025 0.022 0.262 0.013 0.028 0.026 0.022 0.208 0.05
289 L 0.054 0.027 0.017 0.018 0.017 0.022 0.025 0.025 0.012 0.118 0.225 0.03 0.107 0.046 0.015 0.032 0.04 0.007 0.022 0.139
290 L 0.124 0.029 0.027 0.027 0.018 0.022 0.033 0.046 0.013 0.075 0.217 0.037 0.033 0.037 0.022 0.091 0.049 0.006 0.02 0.075
291 A 0.197 0.031 0.036 0.035 0.018 0.025 0.039 0.184 0.015 0.033 0.047 0.044 0.015 0.02 0.027 0.112 0.052 0.005 0.016 0.05
292 S 0.082 0.035 0.043 0.038 0.015 0.029 0.042 0.049 0.024 0.038 0.054 0.046 0.017 0.048 0.025 0.146 0.112 0.011 0.095 0.05
293 D 0.041 0.033 0.133 0.325 0.008 0.03 0.08 0.05 0.022 0.022 0.028 0.046 0.01 0.015 0.022 0.056 0.038 0.004 0.012 0.025
294 L 0.115 0.023 0.017 0.02 0.018 0.018 0.025 0.036 0.01 0.15 0.184 0.029 0.033 0.038 0.018 0.041 0.042 0.006 0.02 0.154
295 F 0.038 0.023 0.029 0.114 0.011 0.017 0.037 0.029 0.015 0.065 0.159 0.027 0.027 0.215 0.014 0.031 0.029 0.011 0.052 0.057
296 L 0.047 0.022 0.015 0.016 0.015 0.015 0.02 0.023 0.011 0.113 0.253 0.024 0.038 0.135 0.014 0.026 0.035 0.009 0.038 0.131
297 L 0.044 0.024 0.014 0.015 0.016 0.016 0.02 0.021 0.01 0.114 0.385 0.025 0.049 0.054 0.014 0.024 0.033 0.007 0.022 0.095
298 A 0.245 0.029 0.029 0.03 0.019 0.024 0.036 0.187 0.014 0.037 0.051 0.041 0.015 0.02 0.027 0.075 0.044 0.005 0.016 0.057
299 K 0.056 0.106 0.041 0.041 0.008 0.053 0.07 0.043 0.02 0.027 0.043 0.289 0.015 0.015 0.027 0.053 0.039 0.005 0.017 0.032
300 L 0.105 0.024 0.017 0.019 0.016 0.017 0.025 0.036 0.013 0.083 0.235 0.028 0.035 0.131 0.017 0.039 0.035 0.009 0.037 0.078
301 K 0.063 0.067 0.035 0.034 0.013 0.037 0.05 0.038 0.016 0.067 0.069 0.162 0.02 0.022 0.024 0.057 0.096 0.005 0.018 0.104
302 W 0.072 0.032 0.036 0.032 0.013 0.025 0.038 0.046 0.025 0.033 0.051 0.04 0.016 0.057 0.02 0.129 0.053 0.134 0.107 0.04
303 A 0.245 0.029 0.029 0.03 0.019 0.024 0.036 0.187 0.014 0.037 0.051 0.041 0.015 0.02 0.027 0.075 0.044 0.005 0.016 0.057
304 F 0.033 0.019 0.017 0.017 0.01 0.01 0.019 0.025 0.017 0.062 0.113 0.019 0.025 0.396 0.01 0.025 0.025 0.017 0.087 0.054
305 L 0.124 0.035 0.105 0.044 0.016 0.027 0.04 0.057 0.019 0.052 0.129 0.044 0.023 0.028 0.023 0.102 0.053 0.005 0.018 0.058
306 K 0.056 0.106 0.041 0.041 0.008 0.053 0.07 0.043 0.02 0.027 0.043 0.289 0.015 0.015 0.027 0.053 0.039 0.005 0.017 0.032
307 V 0.073 0.027 0.025 0.025 0.018 0.02 0.029 0.034 0.011 0.117 0.171 0.032 0.032 0.036 0.019 0.08 0.053 0.006 0.02 0.174
308 L 0.066 0.032 0.045 0.127 0.015 0.026 0.05 0.044 0.015 0.054 0.129 0.042 0.023 0.028 0.023 0.1 0.102 0.005 0.017 0.057
309 D 0.053 0.033 0.054 0.234 0.008 0.035 0.128 0.161 0.019 0.021 0.03 0.049 0.01 0.015 0.022 0.052 0.034 0.005 0.012 0.026
310 V 0.059 0.029 0.022 0.035 0.015 0.028 0.093 0.026 0.013 0.115 0.169 0.038 0.031 0.035 0.018 0.036 0.042 0.006 0.02 0.171
311 G 0.053 0.036 0.118 0.153 0.009 0.036 0.118 0.165 0.022 0.021 0.031 0.051 0.011 0.016 0.022 0.056 0.037 0.005 0.013 0.026
312 F 0.037 0.027 0.095 0.033 0.01 0.019 0.028 0.035 0.028 0.048 0.081 0.03 0.02 0.235 0.014 0.037 0.032 0.016 0.13 0.045
313 Y 0.049 0.024 0.018 0.018 0.013 0.018 0.024 0.023 0.027 0.132 0.107 0.028 0.026 0.084 0.015 0.03 0.036 0.017 0.174 0.136
314 L 0.048 0.02 0.015 0.017 0.015 0.014 0.02 0.023 0.011 0.155 0.198 0.023 0.035 0.132 0.014 0.027 0.036 0.009 0.038 0.151
315 D 0.113 0.028 0.044 0.215 0.014 0.025 0.061 0.048 0.015 0.062 0.061 0.039 0.017 0.021 0.022 0.055 0.042 0.005 0.015 0.099
316 S 0.14 0.038 0.115 0.052 0.016 0.031 0.048 0.068 0.021 0.031 0.043 0.051 0.015 0.02 0.027 0.154 0.065 0.005 0.017 0.044
317 L 0.043 0.025 0.016 0.017 0.015 0.018 0.022 0.024 0.013 0.097 0.269 0.026 0.074 0.138 0.014 0.027 0.033 0.01 0.039 0.084
318 K 0.056 0.106 0.041 0.041 0.008 0.053 0.07 0.043 0.02 0.027 0.043 0.289 0.015 0.015 0.027 0.053 0.039 0.005 0.017 0.032
319 L 0.059 0.021 0.021 0.021 0.015 0.016 0.021 0.146 0.01 0.144 0.177 0.027 0.031 0.037 0.016 0.033 0.038 0.006 0.018 0.143
