#Seq2Logo.py -f /work3/idamei/ssn-clusterings/clustering/2205111339/clusters/0013_68/sequences.afa -o /work3/idamei/ssn-clusterings/clustering/2205111339/clusters/0013_68/sequences.logo
#Position Specific Frequency Matrix
A R N D C Q E G H I L K M F P S T W Y V
0 L 0.051 0.031 0.02 0.02 0.016 0.027 0.027 0.027 0.016 0.098 0.192 0.035 0.181 0.047 0.016 0.035 0.039 0.008 0.024 0.09
1 E 0.05 0.118 0.105 0.068 0.008 0.052 0.163 0.042 0.025 0.023 0.038 0.111 0.013 0.017 0.023 0.055 0.039 0.005 0.016 0.03
2 A 0.29 0.031 0.026 0.03 0.022 0.026 0.04 0.078 0.015 0.043 0.059 0.045 0.018 0.022 0.03 0.085 0.05 0.005 0.018 0.069
3 N 0.043 0.045 0.317 0.083 0.009 0.034 0.049 0.065 0.032 0.022 0.032 0.054 0.011 0.018 0.02 0.07 0.049 0.004 0.016 0.027
4 S 0.08 0.099 0.048 0.037 0.015 0.031 0.044 0.047 0.017 0.058 0.062 0.059 0.019 0.023 0.024 0.13 0.091 0.005 0.018 0.091
5 L 0.044 0.024 0.014 0.015 0.016 0.016 0.02 0.021 0.01 0.113 0.388 0.025 0.049 0.054 0.014 0.024 0.033 0.007 0.022 0.094
6 N 0.049 0.113 0.141 0.063 0.009 0.081 0.111 0.046 0.027 0.025 0.047 0.077 0.015 0.018 0.021 0.061 0.042 0.005 0.017 0.032
7 S 0.11 0.04 0.054 0.049 0.018 0.033 0.052 0.066 0.019 0.03 0.042 0.054 0.016 0.021 0.03 0.22 0.082 0.005 0.018 0.042
8 D 0.043 0.036 0.168 0.189 0.01 0.031 0.059 0.05 0.023 0.038 0.064 0.046 0.045 0.023 0.02 0.055 0.042 0.005 0.016 0.039
9 D 0.045 0.117 0.111 0.183 0.008 0.039 0.069 0.046 0.022 0.023 0.035 0.114 0.012 0.016 0.022 0.054 0.038 0.005 0.014 0.028
10 K 0.05 0.116 0.036 0.044 0.008 0.048 0.106 0.036 0.027 0.028 0.047 0.17 0.015 0.038 0.023 0.047 0.035 0.01 0.08 0.034
11 N 0.05 0.043 0.257 0.07 0.009 0.031 0.045 0.154 0.027 0.022 0.031 0.061 0.011 0.017 0.02 0.064 0.044 0.005 0.015 0.026
12 L 0.07 0.029 0.03 0.028 0.016 0.022 0.032 0.038 0.013 0.111 0.204 0.036 0.033 0.038 0.02 0.11 0.053 0.006 0.02 0.091
13 I 0.051 0.041 0.079 0.052 0.013 0.028 0.039 0.037 0.016 0.126 0.102 0.079 0.043 0.03 0.02 0.05 0.078 0.006 0.018 0.091
14 I 0.045 0.02 0.016 0.017 0.015 0.015 0.02 0.021 0.015 0.214 0.186 0.025 0.038 0.059 0.014 0.026 0.036 0.01 0.073 0.136
15 S 0.078 0.083 0.096 0.051 0.013 0.069 0.06 0.056 0.023 0.027 0.041 0.081 0.015 0.018 0.025 0.148 0.061 0.005 0.017 0.036
16 K 0.054 0.147 0.04 0.039 0.008 0.051 0.066 0.04 0.021 0.026 0.043 0.266 0.015 0.015 0.026 0.051 0.038 0.005 0.017 0.032
17 I 0.098 0.022 0.021 0.022 0.015 0.017 0.024 0.114 0.015 0.15 0.105 0.029 0.025 0.044 0.018 0.04 0.039 0.008 0.057 0.133
18 L 0.053 0.022 0.015 0.016 0.015 0.015 0.02 0.024 0.011 0.131 0.292 0.024 0.041 0.108 0.014 0.026 0.033 0.008 0.032 0.099
19 F 0.036 0.023 0.019 0.017 0.01 0.015 0.023 0.025 0.03 0.053 0.091 0.024 0.022 0.276 0.013 0.027 0.026 0.021 0.2 0.05
20 T 0.074 0.033 0.041 0.036 0.017 0.026 0.038 0.043 0.014 0.078 0.072 0.043 0.021 0.025 0.026 0.107 0.206 0.006 0.018 0.077
21 I 0.044 0.019 0.015 0.017 0.015 0.013 0.018 0.021 0.01 0.223 0.199 0.023 0.037 0.097 0.014 0.024 0.036 0.008 0.03 0.14
22 T 0.11 0.032 0.035 0.032 0.018 0.025 0.036 0.045 0.013 0.071 0.074 0.041 0.021 0.025 0.025 0.079 0.193 0.006 0.018 0.103
23 L 0.049 0.025 0.015 0.016 0.016 0.018 0.021 0.022 0.011 0.118 0.314 0.027 0.068 0.049 0.015 0.027 0.036 0.007 0.022 0.125
24 F 0.041 0.02 0.016 0.016 0.013 0.012 0.019 0.024 0.014 0.088 0.166 0.021 0.03 0.275 0.012 0.026 0.03 0.013 0.063 0.1
25 V 0.098 0.024 0.018 0.02 0.018 0.019 0.025 0.032 0.011 0.165 0.144 0.03 0.059 0.038 0.018 0.039 0.044 0.006 0.02 0.176
26 I 0.046 0.017 0.014 0.017 0.016 0.013 0.017 0.02 0.009 0.289 0.164 0.023 0.036 0.043 0.014 0.024 0.039 0.006 0.02 0.172
27 L 0.045 0.021 0.014 0.016 0.016 0.015 0.019 0.021 0.009 0.181 0.295 0.024 0.043 0.049 0.014 0.024 0.036 0.006 0.021 0.131
28 L 0.094 0.027 0.022 0.022 0.017 0.02 0.027 0.035 0.011 0.088 0.267 0.032 0.037 0.042 0.019 0.051 0.08 0.006 0.02 0.084
29 R 0.044 0.361 0.038 0.03 0.008 0.047 0.051 0.032 0.023 0.023 0.045 0.117 0.015 0.017 0.019 0.044 0.034 0.006 0.017 0.03
30 K 0.052 0.19 0.04 0.037 0.008 0.051 0.063 0.039 0.021 0.026 0.043 0.236 0.015 0.016 0.024 0.049 0.037 0.005 0.017 0.031
31 Y 0.04 0.027 0.021 0.018 0.009 0.021 0.027 0.024 0.046 0.043 0.067 0.03 0.018 0.128 0.015 0.03 0.027 0.027 0.334 0.046
32 L 0.097 0.031 0.024 0.024 0.017 0.026 0.031 0.038 0.015 0.085 0.152 0.038 0.121 0.039 0.02 0.052 0.078 0.007 0.021 0.085
33 I 0.05 0.02 0.019 0.02 0.016 0.015 0.021 0.024 0.009 0.249 0.147 0.027 0.033 0.04 0.016 0.035 0.077 0.006 0.02 0.155
34 F 0.11 0.03 0.034 0.032 0.016 0.023 0.036 0.05 0.016 0.046 0.071 0.038 0.019 0.148 0.022 0.117 0.087 0.009 0.04 0.054
35 L 0.043 0.025 0.069 0.028 0.014 0.019 0.025 0.029 0.015 0.145 0.175 0.03 0.056 0.101 0.015 0.033 0.037 0.008 0.031 0.101
36 L 0.049 0.02 0.015 0.016 0.016 0.015 0.019 0.021 0.009 0.206 0.233 0.024 0.039 0.045 0.015 0.026 0.039 0.006 0.021 0.168
37 K 0.061 0.115 0.052 0.095 0.01 0.046 0.106 0.044 0.021 0.025 0.039 0.147 0.014 0.017 0.025 0.086 0.045 0.005 0.016 0.032
38 T 0.073 0.036 0.043 0.038 0.018 0.028 0.039 0.043 0.014 0.053 0.065 0.045 0.02 0.024 0.028 0.093 0.246 0.006 0.018 0.071
39 P 0.061 0.032 0.038 0.106 0.01 0.031 0.093 0.042 0.017 0.025 0.035 0.049 0.011 0.015 0.266 0.079 0.043 0.004 0.014 0.031
40 G 0.064 0.032 0.07 0.118 0.012 0.027 0.054 0.126 0.022 0.031 0.043 0.043 0.014 0.036 0.022 0.091 0.08 0.009 0.067 0.039
41 L 0.104 0.028 0.028 0.027 0.017 0.022 0.031 0.041 0.013 0.12 0.149 0.036 0.041 0.034 0.021 0.082 0.084 0.006 0.019 0.096
42 V 0.054 0.036 0.098 0.063 0.013 0.057 0.046 0.039 0.019 0.076 0.079 0.043 0.021 0.087 0.018 0.053 0.043 0.007 0.029 0.119
43 P 0.093 0.023 0.019 0.023 0.015 0.018 0.027 0.035 0.011 0.148 0.113 0.033 0.028 0.03 0.181 0.04 0.039 0.005 0.017 0.102
44 G 0.064 0.031 0.044 0.103 0.013 0.029 0.087 0.109 0.016 0.061 0.108 0.043 0.021 0.026 0.021 0.075 0.044 0.005 0.016 0.083
45 L 0.053 0.056 0.081 0.039 0.012 0.034 0.045 0.039 0.018 0.065 0.13 0.124 0.039 0.029 0.022 0.053 0.077 0.006 0.018 0.061
46 I 0.055 0.021 0.021 0.022 0.015 0.016 0.023 0.028 0.012 0.202 0.133 0.027 0.03 0.099 0.016 0.061 0.044 0.007 0.031 0.135
47 L 0.065 0.05 0.032 0.032 0.014 0.065 0.05 0.038 0.018 0.073 0.107 0.089 0.074 0.03 0.021 0.075 0.048 0.006 0.02 0.096
48 S 0.099 0.037 0.048 0.045 0.016 0.03 0.048 0.06 0.018 0.028 0.04 0.051 0.014 0.019 0.108 0.206 0.073 0.005 0.016 0.039
49 A 0.163 0.025 0.019 0.022 0.017 0.019 0.028 0.047 0.013 0.101 0.154 0.032 0.028 0.095 0.02 0.051 0.04 0.008 0.03 0.088
50 L 0.043 0.024 0.014 0.015 0.016 0.016 0.02 0.021 0.01 0.113 0.391 0.025 0.048 0.053 0.014 0.024 0.033 0.007 0.022 0.094
51 F 0.033 0.019 0.016 0.016 0.01 0.01 0.019 0.025 0.016 0.062 0.111 0.019 0.025 0.402 0.01 0.025 0.025 0.016 0.087 0.054
52 Y 0.04 0.027 0.021 0.018 0.009 0.021 0.027 0.024 0.046 0.043 0.067 0.03 0.018 0.128 0.015 0.03 0.027 0.027 0.334 0.046
53 G 0.117 0.026 0.03 0.028 0.016 0.021 0.03 0.215 0.013 0.064 0.112 0.035 0.022 0.027 0.021 0.072 0.043 0.006 0.016 0.09
54 S 0.107 0.039 0.053 0.048 0.017 0.032 0.051 0.065 0.019 0.029 0.041 0.053 0.015 0.02 0.029 0.239 0.08 0.005 0.017 0.041
55 I 0.045 0.02 0.016 0.018 0.015 0.015 0.019 0.022 0.011 0.219 0.16 0.024 0.058 0.104 0.014 0.026 0.037 0.008 0.032 0.139
56 G 0.068 0.022 0.026 0.024 0.014 0.017 0.023 0.262 0.011 0.083 0.129 0.029 0.024 0.029 0.017 0.039 0.036 0.006 0.016 0.125
57 L 0.044 0.023 0.014 0.016 0.016 0.015 0.019 0.031 0.01 0.136 0.35 0.025 0.046 0.051 0.014 0.024 0.033 0.007 0.021 0.104
58 L 0.045 0.024 0.015 0.017 0.015 0.017 0.022 0.023 0.01 0.098 0.331 0.027 0.042 0.047 0.096 0.027 0.033 0.006 0.02 0.083
59 G 0.056 0.025 0.025 0.023 0.013 0.019 0.024 0.201 0.014 0.067 0.158 0.03 0.069 0.096 0.015 0.037 0.032 0.008 0.029 0.061
60 L 0.049 0.02 0.014 0.017 0.016 0.014 0.019 0.021 0.009 0.212 0.229 0.024 0.039 0.045 0.014 0.025 0.038 0.006 0.021 0.167
61 L 0.049 0.047 0.029 0.031 0.012 0.124 0.06 0.03 0.019 0.099 0.181 0.057 0.032 0.032 0.018 0.039 0.037 0.006 0.021 0.077
62 F 0.035 0.018 0.016 0.017 0.011 0.011 0.018 0.024 0.015 0.1 0.12 0.019 0.027 0.342 0.011 0.025 0.027 0.015 0.076 0.073
63 L 0.088 0.023 0.016 0.018 0.017 0.017 0.022 0.03 0.01 0.138 0.288 0.027 0.041 0.046 0.016 0.034 0.037 0.006 0.021 0.106
64 L 0.046 0.025 0.017 0.018 0.015 0.019 0.023 0.024 0.013 0.128 0.238 0.028 0.086 0.092 0.015 0.031 0.045 0.008 0.03 0.1
65 D 0.047 0.103 0.044 0.153 0.009 0.068 0.074 0.037 0.02 0.068 0.059 0.103 0.017 0.02 0.021 0.046 0.037 0.005 0.016 0.053
66 K 0.058 0.138 0.04 0.037 0.009 0.045 0.058 0.121 0.019 0.025 0.04 0.213 0.014 0.016 0.024 0.054 0.037 0.005 0.016 0.03
67 K 0.058 0.103 0.096 0.109 0.01 0.041 0.064 0.049 0.022 0.025 0.038 0.15 0.013 0.017 0.024 0.085 0.046 0.005 0.016 0.031
68 H 0.046 0.065 0.048 0.038 0.008 0.042 0.058 0.039 0.254 0.024 0.039 0.128 0.015 0.025 0.021 0.045 0.03 0.007 0.043 0.026
69 N 0.066 0.052 0.191 0.063 0.011 0.036 0.053 0.06 0.025 0.025 0.036 0.093 0.013 0.018 0.024 0.122 0.057 0.005 0.016 0.032
70 L 0.049 0.105 0.027 0.027 0.012 0.033 0.041 0.03 0.015 0.121 0.141 0.13 0.031 0.031 0.019 0.037 0.037 0.006 0.019 0.089
71 T 0.066 0.044 0.038 0.034 0.016 0.029 0.041 0.04 0.014 0.086 0.076 0.083 0.021 0.025 0.025 0.079 0.182 0.006 0.018 0.079
72 E 0.054 0.048 0.04 0.088 0.007 0.063 0.314 0.034 0.025 0.022 0.036 0.074 0.013 0.016 0.025 0.054 0.036 0.005 0.016 0.031
73 I 0.05 0.021 0.015 0.017 0.016 0.016 0.02 0.022 0.01 0.211 0.204 0.025 0.056 0.044 0.015 0.027 0.039 0.006 0.021 0.166
74 L 0.138 0.024 0.018 0.021 0.018 0.018 0.027 0.04 0.011 0.133 0.154 0.031 0.03 0.05 0.019 0.046 0.043 0.006 0.022 0.15
75 L 0.045 0.02 0.014 0.016 0.016 0.014 0.018 0.02 0.009 0.201 0.277 0.024 0.042 0.048 0.014 0.024 0.036 0.006 0.021 0.133
76 F 0.043 0.02 0.016 0.016 0.014 0.013 0.019 0.023 0.013 0.125 0.169 0.021 0.032 0.223 0.013 0.026 0.032 0.011 0.054 0.119
77 L 0.051 0.022 0.019 0.019 0.015 0.015 0.021 0.106 0.011 0.096 0.24 0.025 0.035 0.102 0.014 0.03 0.033 0.008 0.03 0.108
78 F 0.113 0.024 0.022 0.023 0.016 0.018 0.027 0.04 0.013 0.104 0.101 0.03 0.024 0.153 0.019 0.051 0.075 0.009 0.041 0.096
79 C 0.12 0.029 0.034 0.032 0.178 0.023 0.035 0.052 0.014 0.04 0.055 0.039 0.016 0.021 0.024 0.122 0.091 0.005 0.015 0.055
80 C 0.059 0.021 0.016 0.017 0.187 0.016 0.021 0.027 0.01 0.099 0.159 0.025 0.053 0.042 0.015 0.034 0.039 0.006 0.019 0.135
81 V 0.141 0.026 0.019 0.021 0.019 0.021 0.028 0.041 0.012 0.11 0.149 0.033 0.054 0.035 0.02 0.048 0.045 0.006 0.02 0.152
82 L 0.043 0.024 0.014 0.015 0.016 0.016 0.02 0.021 0.01 0.113 0.391 0.025 0.048 0.053 0.014 0.024 0.033 0.007 0.022 0.094
83 Y 0.04 0.027 0.021 0.018 0.009 0.021 0.027 0.024 0.046 0.043 0.067 0.03 0.018 0.128 0.015 0.03 0.027 0.027 0.334 0.046
84 L 0.051 0.022 0.015 0.016 0.016 0.015 0.02 0.023 0.01 0.128 0.241 0.024 0.038 0.104 0.014 0.027 0.037 0.008 0.032 0.159
85 L 0.038 0.021 0.015 0.016 0.013 0.013 0.019 0.023 0.013 0.087 0.251 0.022 0.037 0.228 0.012 0.024 0.029 0.012 0.054 0.074
86 T 0.061 0.038 0.139 0.051 0.015 0.029 0.042 0.049 0.019 0.042 0.053 0.047 0.016 0.021 0.025 0.083 0.193 0.005 0.017 0.055
87 R 0.046 0.318 0.038 0.032 0.008 0.048 0.054 0.034 0.022 0.023 0.045 0.147 0.015 0.017 0.02 0.045 0.035 0.006 0.017 0.031
88 E 0.052 0.048 0.089 0.087 0.007 0.058 0.269 0.039 0.026 0.022 0.035 0.07 0.012 0.016 0.024 0.056 0.038 0.005 0.016 0.03
89 G 0.076 0.022 0.038 0.033 0.011 0.018 0.025 0.522 0.013 0.018 0.028 0.033 0.009 0.016 0.018 0.05 0.029 0.005 0.011 0.024
90 A 0.168 0.035 0.042 0.04 0.018 0.029 0.045 0.065 0.016 0.037 0.05 0.048 0.017 0.021 0.029 0.162 0.1 0.005 0.017 0.054
91 I 0.047 0.02 0.015 0.018 0.016 0.015 0.019 0.021 0.01 0.257 0.169 0.025 0.06 0.044 0.015 0.026 0.039 0.006 0.021 0.159
92 L 0.043 0.024 0.014 0.015 0.016 0.016 0.02 0.021 0.01 0.113 0.391 0.025 0.048 0.053 0.014 0.024 0.033 0.007 0.022 0.094
93 V 0.057 0.08 0.02 0.019 0.016 0.023 0.028 0.025 0.012 0.119 0.168 0.042 0.056 0.037 0.016 0.033 0.042 0.006 0.02 0.179
94 L 0.043 0.02 0.015 0.016 0.015 0.013 0.018 0.021 0.01 0.192 0.231 0.023 0.038 0.106 0.014 0.024 0.034 0.008 0.032 0.126
95 V 0.061 0.02 0.016 0.017 0.018 0.015 0.021 0.023 0.008 0.203 0.139 0.025 0.033 0.038 0.016 0.03 0.045 0.005 0.02 0.249
96 L 0.043 0.024 0.014 0.015 0.016 0.016 0.02 0.021 0.01 0.113 0.391 0.025 0.048 0.053 0.014 0.024 0.033 0.007 0.022 0.094
97 L 0.043 0.024 0.014 0.015 0.016 0.016 0.02 0.021 0.01 0.113 0.391 0.025 0.048 0.053 0.014 0.024 0.033 0.007 0.022 0.094
98 A 0.307 0.03 0.025 0.029 0.021 0.025 0.04 0.076 0.014 0.042 0.058 0.043 0.017 0.021 0.029 0.083 0.049 0.005 0.017 0.067
99 I 0.104 0.024 0.023 0.025 0.017 0.019 0.028 0.038 0.011 0.181 0.118 0.032 0.028 0.034 0.02 0.072 0.053 0.006 0.019 0.147
100 S 0.135 0.034 0.045 0.041 0.017 0.028 0.044 0.142 0.017 0.032 0.043 0.047 0.015 0.02 0.027 0.177 0.066 0.005 0.016 0.048
101 I 0.092 0.021 0.017 0.019 0.018 0.016 0.022 0.03 0.009 0.207 0.135 0.027 0.031 0.037 0.017 0.036 0.044 0.006 0.02 0.198
102 K 0.05 0.175 0.035 0.033 0.009 0.044 0.054 0.035 0.019 0.069 0.063 0.191 0.019 0.02 0.022 0.045 0.037 0.005 0.017 0.055
103 D 0.042 0.04 0.164 0.242 0.008 0.056 0.075 0.052 0.024 0.022 0.031 0.053 0.011 0.016 0.021 0.058 0.04 0.004 0.014 0.026
104 I 0.046 0.017 0.014 0.017 0.016 0.013 0.017 0.02 0.009 0.285 0.169 0.023 0.036 0.043 0.014 0.024 0.039 0.006 0.02 0.171
105 D 0.056 0.037 0.056 0.243 0.009 0.041 0.158 0.045 0.021 0.023 0.032 0.055 0.011 0.016 0.024 0.083 0.043 0.004 0.014 0.029
106 D 0.04 0.029 0.067 0.412 0.007 0.029 0.089 0.045 0.018 0.022 0.027 0.044 0.009 0.015 0.022 0.051 0.035 0.004 0.011 0.024
107 E 0.05 0.067 0.1 0.126 0.008 0.048 0.15 0.044 0.024 0.023 0.036 0.13 0.012 0.016 0.024 0.055 0.039 0.005 0.015 0.029
108 Y 0.04 0.027 0.021 0.018 0.019 0.02 0.027 0.024 0.043 0.044 0.07 0.029 0.019 0.143 0.015 0.03 0.027 0.026 0.312 0.046
109 V 0.065 0.021 0.016 0.017 0.018 0.016 0.022 0.024 0.008 0.179 0.132 0.025 0.032 0.036 0.016 0.031 0.047 0.005 0.02 0.27
110 V 0.064 0.021 0.016 0.017 0.018 0.016 0.022 0.023 0.008 0.185 0.134 0.025 0.032 0.036 0.016 0.031 0.046 0.005 0.02 0.265
111 K 0.056 0.104 0.04 0.04 0.008 0.052 0.069 0.042 0.02 0.027 0.042 0.296 0.015 0.015 0.027 0.052 0.039 0.005 0.017 0.032
112 N 0.068 0.038 0.169 0.057 0.013 0.029 0.044 0.057 0.022 0.069 0.057 0.048 0.017 0.023 0.022 0.128 0.059 0.005 0.017 0.056
113 Y 0.04 0.027 0.021 0.018 0.009 0.021 0.027 0.024 0.046 0.043 0.067 0.03 0.018 0.128 0.015 0.03 0.027 0.027 0.334 0.046
114 L 0.043 0.023 0.015 0.016 0.015 0.016 0.02 0.022 0.012 0.131 0.273 0.025 0.064 0.109 0.014 0.026 0.033 0.008 0.033 0.1
115 I 0.046 0.018 0.014 0.017 0.016 0.013 0.018 0.02 0.009 0.259 0.202 0.023 0.038 0.045 0.014 0.024 0.038 0.006 0.02 0.159
116 L 0.089 0.022 0.016 0.018 0.017 0.016 0.022 0.03 0.01 0.185 0.222 0.027 0.04 0.043 0.017 0.034 0.038 0.006 0.02 0.127
117 S 0.085 0.041 0.146 0.059 0.014 0.032 0.05 0.064 0.023 0.027 0.038 0.053 0.014 0.02 0.026 0.179 0.073 0.005 0.016 0.037
118 L 0.13 0.027 0.023 0.023 0.018 0.02 0.029 0.052 0.012 0.089 0.182 0.034 0.03 0.035 0.021 0.054 0.079 0.006 0.019 0.117
119 L 0.089 0.021 0.017 0.019 0.076 0.015 0.021 0.032 0.011 0.15 0.163 0.026 0.03 0.098 0.016 0.036 0.037 0.007 0.03 0.107
120 F 0.035 0.019 0.016 0.016 0.011 0.011 0.019 0.024 0.015 0.07 0.158 0.02 0.029 0.344 0.011 0.025 0.026 0.015 0.076 0.06
121 L 0.049 0.02 0.014 0.016 0.016 0.014 0.019 0.021 0.009 0.209 0.233 0.024 0.039 0.045 0.014 0.025 0.038 0.006 0.021 0.165
122 I 0.057 0.019 0.016 0.017 0.097 0.015 0.02 0.024 0.009 0.191 0.136 0.024 0.04 0.037 0.015 0.03 0.042 0.005 0.019 0.188
123 G 0.104 0.024 0.027 0.026 0.015 0.02 0.026 0.23 0.013 0.098 0.094 0.033 0.046 0.029 0.019 0.047 0.037 0.006 0.016 0.092
124 F 0.109 0.027 0.03 0.029 0.095 0.02 0.032 0.048 0.015 0.045 0.071 0.034 0.019 0.148 0.021 0.108 0.049 0.009 0.039 0.052
125 I 0.054 0.021 0.016 0.018 0.017 0.017 0.021 0.023 0.01 0.207 0.166 0.026 0.059 0.041 0.015 0.029 0.042 0.006 0.021 0.194
126 L 0.045 0.024 0.015 0.016 0.016 0.017 0.021 0.022 0.011 0.143 0.315 0.026 0.068 0.05 0.014 0.026 0.035 0.007 0.022 0.108
127 I 0.057 0.024 0.022 0.022 0.016 0.019 0.025 0.029 0.012 0.189 0.176 0.03 0.058 0.041 0.017 0.062 0.045 0.006 0.02 0.129
128 G 0.067 0.024 0.033 0.03 0.012 0.018 0.027 0.28 0.015 0.035 0.058 0.031 0.015 0.145 0.017 0.073 0.036 0.009 0.037 0.037
129 N 0.042 0.044 0.334 0.081 0.009 0.033 0.048 0.064 0.031 0.022 0.031 0.053 0.011 0.018 0.02 0.068 0.048 0.004 0.015 0.026
130 L 0.042 0.023 0.016 0.016 0.014 0.016 0.021 0.023 0.013 0.094 0.259 0.024 0.062 0.168 0.013 0.026 0.031 0.01 0.044 0.084
131 L 0.041 0.023 0.016 0.016 0.014 0.016 0.021 0.023 0.013 0.093 0.265 0.024 0.063 0.168 0.013 0.026 0.031 0.01 0.044 0.08
132 P 0.053 0.026 0.03 0.094 0.01 0.022 0.044 0.037 0.014 0.025 0.034 0.041 0.01 0.013 0.425 0.044 0.035 0.003 0.012 0.029
133 E 0.052 0.037 0.043 0.114 0.009 0.038 0.139 0.039 0.079 0.03 0.049 0.05 0.015 0.085 0.021 0.068 0.037 0.028 0.036 0.033
134 L 0.043 0.021 0.014 0.016 0.015 0.014 0.019 0.021 0.011 0.163 0.269 0.023 0.04 0.108 0.013 0.024 0.033 0.008 0.032 0.113
135 V 0.101 0.034 0.027 0.03 0.016 0.057 0.052 0.038 0.014 0.121 0.095 0.044 0.025 0.028 0.021 0.053 0.081 0.006 0.019 0.137
136 K 0.06 0.061 0.037 0.037 0.01 0.067 0.058 0.042 0.027 0.032 0.051 0.133 0.017 0.072 0.104 0.078 0.043 0.006 0.028 0.037
137 I 0.094 0.034 0.074 0.035 0.015 0.056 0.041 0.041 0.017 0.138 0.098 0.043 0.025 0.029 0.019 0.048 0.044 0.005 0.019 0.127
138 P 0.072 0.042 0.039 0.048 0.012 0.063 0.097 0.046 0.019 0.026 0.039 0.062 0.014 0.016 0.186 0.112 0.051 0.004 0.016 0.034
139 E 0.05 0.041 0.04 0.13 0.009 0.049 0.227 0.034 0.021 0.037 0.094 0.061 0.018 0.022 0.023 0.048 0.035 0.005 0.016 0.04
140 V 0.111 0.027 0.028 0.028 0.018 0.022 0.032 0.042 0.012 0.125 0.097 0.036 0.025 0.03 0.022 0.083 0.088 0.005 0.019 0.151
141 H 0.085 0.042 0.048 0.036 0.01 0.035 0.05 0.044 0.311 0.026 0.041 0.044 0.015 0.028 0.02 0.048 0.03 0.007 0.049 0.03
142 Y 0.04 0.027 0.021 0.018 0.009 0.021 0.027 0.024 0.046 0.043 0.067 0.03 0.018 0.128 0.015 0.03 0.027 0.027 0.334 0.046
143 R 0.044 0.361 0.038 0.03 0.008 0.047 0.051 0.032 0.023 0.023 0.045 0.117 0.015 0.017 0.019 0.044 0.034 0.006 0.017 0.03
144 L 0.04 0.022 0.016 0.016 0.013 0.014 0.02 0.023 0.018 0.113 0.206 0.023 0.033 0.18 0.013 0.025 0.03 0.013 0.095 0.085
145 V 0.07 0.04 0.03 0.03 0.016 0.026 0.037 0.036 0.013 0.116 0.095 0.078 0.028 0.029 0.022 0.079 0.086 0.005 0.019 0.146
146 G 0.062 0.038 0.093 0.119 0.01 0.036 0.115 0.145 0.02 0.027 0.037 0.056 0.012 0.017 0.023 0.062 0.075 0.005 0.014 0.035
147 G 0.077 0.036 0.053 0.038 0.011 0.026 0.036 0.367 0.016 0.021 0.032 0.07 0.011 0.017 0.021 0.083 0.039 0.005 0.013 0.028
148 I 0.049 0.021 0.018 0.019 0.016 0.016 0.021 0.023 0.01 0.209 0.207 0.027 0.038 0.044 0.016 0.033 0.065 0.006 0.02 0.142
149 D 0.041 0.03 0.068 0.403 0.007 0.03 0.091 0.046 0.019 0.022 0.028 0.044 0.009 0.015 0.022 0.052 0.035 0.004 0.011 0.024
150 S 0.079 0.09 0.038 0.043 0.014 0.036 0.087 0.044 0.018 0.056 0.069 0.06 0.031 0.024 0.023 0.115 0.063 0.006 0.018 0.084
151 F 0.039 0.023 0.017 0.017 0.012 0.016 0.022 0.023 0.024 0.072 0.19 0.025 0.03 0.194 0.013 0.026 0.028 0.017 0.148 0.064
152 V 0.113 0.023 0.018 0.02 0.019 0.018 0.026 0.034 0.009 0.138 0.114 0.029 0.028 0.032 0.019 0.042 0.048 0.005 0.02 0.246
153 V 0.066 0.027 0.03 0.028 0.016 0.02 0.03 0.036 0.013 0.112 0.098 0.034 0.025 0.092 0.02 0.081 0.111 0.007 0.03 0.124
154 R 0.044 0.361 0.038 0.03 0.008 0.047 0.051 0.032 0.023 0.023 0.045 0.117 0.015 0.017 0.019 0.044 0.034 0.006 0.017 0.03
155 E 0.048 0.04 0.081 0.064 0.009 0.043 0.173 0.036 0.023 0.041 0.074 0.055 0.042 0.086 0.02 0.048 0.037 0.007 0.029 0.044
156 D 0.099 0.029 0.043 0.157 0.094 0.025 0.052 0.047 0.014 0.039 0.051 0.04 0.015 0.019 0.024 0.068 0.114 0.005 0.014 0.051
157 F 0.033 0.019 0.017 0.017 0.01 0.011 0.019 0.025 0.018 0.061 0.11 0.019 0.025 0.39 0.011 0.025 0.025 0.017 0.097 0.053
158 G 0.073 0.027 0.038 0.042 0.01 0.026 0.073 0.441 0.015 0.019 0.029 0.04 0.01 0.016 0.02 0.051 0.03 0.005 0.011 0.025
159 L 0.039 0.023 0.016 0.016 0.013 0.015 0.021 0.023 0.018 0.084 0.244 0.024 0.035 0.182 0.013 0.025 0.029 0.014 0.095 0.072
160 G 0.147 0.029 0.036 0.032 0.014 0.024 0.034 0.293 0.073 0.027 0.039 0.038 0.013 0.02 0.022 0.059 0.035 0.006 0.02 0.038
161 N 0.042 0.044 0.334 0.081 0.009 0.033 0.048 0.064 0.031 0.022 0.031 0.053 0.011 0.018 0.02 0.068 0.048 0.004 0.015 0.026
162 P 0.055 0.025 0.023 0.03 0.01 0.02 0.035 0.035 0.013 0.025 0.035 0.04 0.01 0.013 0.506 0.043 0.035 0.003 0.013 0.03
163 N 0.042 0.044 0.334 0.081 0.009 0.033 0.048 0.064 0.031 0.022 0.031 0.053 0.011 0.018 0.02 0.068 0.048 0.004 0.015 0.026
164 S 0.103 0.035 0.044 0.041 0.017 0.028 0.044 0.086 0.017 0.043 0.099 0.046 0.021 0.026 0.026 0.185 0.068 0.005 0.017 0.05
165 V 0.105 0.023 0.019 0.021 0.018 0.018 0.027 0.035 0.01 0.124 0.102 0.031 0.025 0.029 0.1 0.042 0.046 0.005 0.018 0.203
166 F 0.034 0.02 0.017 0.017 0.01 0.012 0.02 0.025 0.021 0.059 0.104 0.021 0.024 0.356 0.011 0.026 0.025 0.018 0.128 0.052
167 L 0.037 0.022 0.016 0.016 0.011 0.015 0.021 0.024 0.019 0.07 0.187 0.023 0.03 0.183 0.012 0.025 0.027 0.096 0.103 0.062
168 F 0.037 0.024 0.021 0.019 0.011 0.017 0.025 0.026 0.066 0.061 0.139 0.025 0.026 0.24 0.013 0.028 0.027 0.016 0.124 0.055
169 T 0.07 0.034 0.037 0.033 0.017 0.028 0.037 0.041 0.015 0.063 0.103 0.043 0.073 0.031 0.024 0.097 0.159 0.006 0.019 0.071
170 L 0.049 0.024 0.015 0.016 0.016 0.017 0.021 0.022 0.01 0.148 0.276 0.026 0.065 0.048 0.015 0.027 0.037 0.007 0.021 0.138
171 P 0.104 0.027 0.029 0.032 0.013 0.022 0.035 0.124 0.013 0.031 0.043 0.04 0.013 0.016 0.265 0.059 0.075 0.004 0.014 0.042
172 I 0.05 0.018 0.015 0.017 0.016 0.013 0.018 0.021 0.008 0.267 0.158 0.023 0.035 0.042 0.015 0.026 0.04 0.006 0.02 0.191
173 Y 0.04 0.027 0.02 0.018 0.01 0.02 0.026 0.024 0.04 0.054 0.121 0.029 0.023 0.115 0.015 0.029 0.028 0.024 0.282 0.054
174 A 0.263 0.028 0.024 0.027 0.1 0.023 0.036 0.069 0.013 0.042 0.059 0.04 0.017 0.021 0.027 0.079 0.047 0.005 0.016 0.065
175 A 0.236 0.03 0.032 0.033 0.019 0.025 0.039 0.149 0.015 0.036 0.05 0.043 0.015 0.02 0.027 0.103 0.051 0.005 0.016 0.056
176 Y 0.04 0.027 0.021 0.018 0.009 0.021 0.027 0.024 0.046 0.043 0.067 0.03 0.018 0.128 0.015 0.03 0.027 0.027 0.334 0.046
177 I 0.046 0.017 0.014 0.017 0.016 0.013 0.017 0.02 0.009 0.289 0.164 0.023 0.036 0.043 0.014 0.024 0.039 0.006 0.02 0.172
178 F 0.033 0.019 0.016 0.016 0.01 0.01 0.019 0.025 0.016 0.062 0.111 0.019 0.025 0.402 0.01 0.025 0.025 0.016 0.087 0.054
179 L 0.043 0.024 0.014 0.015 0.016 0.016 0.02 0.021 0.01 0.113 0.391 0.025 0.048 0.053 0.014 0.024 0.033 0.007 0.022 0.094
180 R 0.044 0.361 0.038 0.03 0.008 0.047 0.051 0.032 0.023 0.023 0.045 0.117 0.015 0.017 0.019 0.044 0.034 0.006 0.017 0.03
181 F 0.034 0.02 0.017 0.017 0.01 0.012 0.02 0.025 0.02 0.059 0.106 0.02 0.024 0.368 0.011 0.025 0.025 0.018 0.118 0.053
182 D 0.048 0.057 0.054 0.234 0.008 0.042 0.12 0.042 0.02 0.023 0.034 0.133 0.012 0.015 0.024 0.052 0.036 0.004 0.014 0.028
183 D 0.049 0.071 0.075 0.183 0.008 0.042 0.075 0.045 0.02 0.025 0.036 0.181 0.013 0.015 0.024 0.053 0.038 0.004 0.015 0.028
184 Y 0.04 0.027 0.021 0.018 0.009 0.021 0.027 0.024 0.046 0.043 0.067 0.03 0.018 0.128 0.015 0.03 0.027 0.027 0.334 0.046
185 N 0.042 0.044 0.334 0.081 0.009 0.033 0.048 0.064 0.031 0.022 0.031 0.053 0.011 0.018 0.02 0.068 0.048 0.004 0.015 0.026
186 L 0.051 0.049 0.024 0.024 0.013 0.03 0.038 0.031 0.016 0.076 0.112 0.107 0.077 0.045 0.018 0.037 0.037 0.09 0.029 0.095
187 Y 0.043 0.022 0.017 0.017 0.012 0.016 0.022 0.024 0.023 0.115 0.103 0.025 0.025 0.132 0.013 0.027 0.032 0.077 0.142 0.112
188 D 0.04 0.029 0.067 0.412 0.007 0.029 0.089 0.045 0.018 0.022 0.027 0.044 0.009 0.015 0.022 0.051 0.035 0.004 0.011 0.024
189 R 0.044 0.361 0.038 0.03 0.008 0.047 0.051 0.032 0.023 0.023 0.045 0.117 0.015 0.017 0.019 0.044 0.034 0.006 0.017 0.03
190 I 0.099 0.021 0.02 0.022 0.016 0.016 0.023 0.114 0.01 0.179 0.117 0.029 0.027 0.033 0.018 0.04 0.041 0.006 0.018 0.152
191 L 0.045 0.02 0.014 0.016 0.016 0.014 0.018 0.02 0.009 0.201 0.277 0.024 0.042 0.048 0.014 0.024 0.036 0.006 0.021 0.133
192 L 0.044 0.023 0.014 0.015 0.016 0.015 0.019 0.021 0.01 0.142 0.353 0.024 0.046 0.052 0.014 0.024 0.034 0.007 0.021 0.107
193 L 0.041 0.019 0.015 0.017 0.014 0.013 0.018 0.022 0.011 0.184 0.184 0.022 0.034 0.164 0.013 0.024 0.033 0.01 0.043 0.12
194 V 0.113 0.023 0.021 0.022 0.017 0.017 0.026 0.097 0.011 0.102 0.098 0.029 0.024 0.091 0.018 0.044 0.042 0.007 0.029 0.169
195 L 0.066 0.032 0.032 0.029 0.017 0.026 0.034 0.037 0.014 0.074 0.157 0.039 0.077 0.036 0.021 0.086 0.12 0.007 0.02 0.076
196 T 0.106 0.034 0.04 0.035 0.018 0.027 0.039 0.047 0.014 0.051 0.063 0.044 0.019 0.023 0.027 0.089 0.233 0.006 0.017 0.069
197 I 0.048 0.018 0.015 0.017 0.015 0.013 0.019 0.022 0.01 0.229 0.148 0.023 0.033 0.096 0.014 0.026 0.038 0.008 0.036 0.171
198 F 0.035 0.021 0.018 0.017 0.01 0.014 0.021 0.025 0.026 0.055 0.097 0.023 0.023 0.31 0.012 0.027 0.026 0.02 0.169 0.051
199 I 0.049 0.018 0.015 0.017 0.016 0.013 0.018 0.021 0.009 0.273 0.159 0.023 0.035 0.042 0.015 0.025 0.04 0.006 0.02 0.187
200 Y 0.04 0.027 0.021 0.018 0.009 0.021 0.027 0.024 0.046 0.043 0.067 0.03 0.018 0.128 0.015 0.03 0.027 0.027 0.334 0.046
201 L 0.059 0.049 0.032 0.032 0.012 0.06 0.054 0.036 0.023 0.056 0.13 0.088 0.05 0.046 0.021 0.072 0.043 0.01 0.072 0.056
202 V 0.056 0.035 0.078 0.036 0.014 0.056 0.042 0.037 0.018 0.08 0.084 0.043 0.023 0.088 0.019 0.05 0.079 0.007 0.03 0.126
203 T 0.071 0.035 0.042 0.037 0.017 0.027 0.038 0.042 0.013 0.052 0.064 0.044 0.019 0.023 0.027 0.09 0.265 0.006 0.017 0.069
204 L 0.092 0.042 0.024 0.024 0.014 0.03 0.036 0.038 0.021 0.068 0.125 0.079 0.099 0.057 0.02 0.045 0.039 0.01 0.068 0.069
205 S 0.107 0.039 0.053 0.048 0.017 0.032 0.051 0.065 0.019 0.029 0.041 0.053 0.015 0.02 0.029 0.239 0.08 0.005 0.017 0.041
206 R 0.044 0.361 0.038 0.03 0.008 0.047 0.051 0.032 0.023 0.023 0.045 0.117 0.015 0.017 0.019 0.044 0.034 0.006 0.017 0.03
207 T 0.071 0.035 0.042 0.037 0.017 0.027 0.038 0.042 0.013 0.052 0.064 0.044 0.019 0.023 0.027 0.09 0.265 0.006 0.017 0.069
208 G 0.076 0.022 0.038 0.033 0.011 0.018 0.025 0.522 0.013 0.018 0.028 0.033 0.009 0.016 0.018 0.05 0.029 0.005 0.011 0.024
209 L 0.135 0.024 0.019 0.021 0.016 0.018 0.026 0.052 0.013 0.071 0.184 0.03 0.03 0.143 0.018 0.046 0.036 0.009 0.039 0.071
210 L 0.042 0.022 0.016 0.017 0.014 0.015 0.02 0.022 0.018 0.15 0.213 0.025 0.035 0.109 0.014 0.025 0.033 0.012 0.094 0.105
211 T 0.111 0.034 0.039 0.035 0.018 0.027 0.039 0.048 0.014 0.05 0.063 0.044 0.019 0.023 0.027 0.089 0.229 0.006 0.017 0.069
212 I 0.094 0.022 0.017 0.02 0.017 0.018 0.024 0.031 0.011 0.195 0.145 0.029 0.056 0.039 0.017 0.037 0.042 0.006 0.02 0.16
213 L 0.046 0.02 0.015 0.016 0.015 0.014 0.019 0.022 0.011 0.169 0.213 0.023 0.036 0.119 0.014 0.026 0.036 0.008 0.034 0.144
214 G 0.188 0.028 0.028 0.029 0.017 0.023 0.033 0.217 0.014 0.044 0.07 0.039 0.042 0.024 0.023 0.064 0.041 0.006 0.016 0.056
215 A 0.23 0.028 0.029 0.03 0.018 0.023 0.035 0.225 0.014 0.034 0.048 0.04 0.014 0.019 0.025 0.072 0.042 0.005 0.015 0.053
216 L 0.043 0.024 0.014 0.015 0.016 0.016 0.02 0.021 0.01 0.113 0.391 0.025 0.048 0.053 0.014 0.024 0.033 0.007 0.022 0.094
217 I 0.048 0.018 0.015 0.017 0.015 0.013 0.018 0.022 0.01 0.23 0.149 0.023 0.033 0.102 0.014 0.026 0.038 0.007 0.031 0.172
218 F 0.039 0.02 0.015 0.016 0.013 0.013 0.019 0.023 0.013 0.117 0.213 0.021 0.035 0.226 0.012 0.024 0.03 0.012 0.054 0.087
219 V 0.064 0.022 0.016 0.017 0.018 0.016 0.022 0.024 0.008 0.153 0.171 0.025 0.034 0.038 0.016 0.031 0.046 0.006 0.02 0.255
220 E 0.049 0.042 0.049 0.196 0.007 0.052 0.239 0.038 0.023 0.022 0.033 0.064 0.011 0.016 0.024 0.053 0.035 0.005 0.014 0.028
221 I 0.089 0.021 0.016 0.019 0.017 0.015 0.021 0.03 0.01 0.218 0.184 0.027 0.035 0.041 0.017 0.034 0.039 0.006 0.02 0.142
222 L 0.044 0.022 0.014 0.016 0.016 0.015 0.019 0.021 0.009 0.171 0.315 0.024 0.044 0.05 0.014 0.024 0.035 0.007 0.021 0.12
223 R 0.048 0.275 0.039 0.034 0.008 0.049 0.057 0.035 0.022 0.024 0.044 0.177 0.015 0.016 0.022 0.046 0.036 0.005 0.017 0.031
224 Y 0.087 0.04 0.024 0.023 0.012 0.026 0.035 0.036 0.031 0.047 0.084 0.076 0.02 0.093 0.019 0.042 0.033 0.038 0.181 0.055
225 I 0.05 0.018 0.015 0.017 0.016 0.014 0.018 0.021 0.009 0.26 0.163 0.024 0.038 0.042 0.015 0.026 0.04 0.006 0.02 0.188
226 D 0.04 0.032 0.123 0.343 0.008 0.03 0.081 0.049 0.021 0.022 0.028 0.046 0.009 0.015 0.021 0.054 0.037 0.004 0.012 0.024
227 L 0.044 0.022 0.014 0.016 0.016 0.015 0.019 0.021 0.009 0.164 0.325 0.024 0.045 0.05 0.014 0.024 0.034 0.007 0.021 0.117
228 K 0.055 0.099 0.041 0.041 0.008 0.082 0.074 0.042 0.022 0.027 0.043 0.261 0.016 0.015 0.026 0.053 0.039 0.005 0.017 0.032
229 K 0.048 0.12 0.061 0.164 0.008 0.043 0.072 0.042 0.02 0.024 0.037 0.172 0.013 0.015 0.024 0.051 0.037 0.005 0.015 0.029
230 N 0.045 0.038 0.127 0.043 0.011 0.058 0.044 0.039 0.026 0.083 0.121 0.045 0.024 0.045 0.018 0.045 0.039 0.009 0.071 0.069
231 K 0.059 0.051 0.029 0.03 0.013 0.03 0.042 0.034 0.014 0.097 0.079 0.121 0.021 0.024 0.103 0.049 0.077 0.005 0.017 0.104
232 L 0.049 0.034 0.022 0.023 0.013 0.02 0.028 0.078 0.013 0.136 0.152 0.07 0.029 0.096 0.037 0.033 0.034 0.007 0.03 0.097
233 L 0.044 0.022 0.015 0.016 0.015 0.016 0.02 0.021 0.015 0.16 0.261 0.025 0.039 0.062 0.014 0.025 0.034 0.01 0.073 0.112
234 P 0.079 0.034 0.039 0.038 0.014 0.026 0.041 0.128 0.015 0.03 0.041 0.055 0.013 0.018 0.166 0.118 0.088 0.004 0.015 0.039
235 F 0.045 0.034 0.021 0.022 0.013 0.02 0.028 0.027 0.014 0.14 0.129 0.069 0.04 0.158 0.016 0.033 0.043 0.009 0.042 0.097
236 L 0.055 0.022 0.022 0.021 0.014 0.016 0.021 0.188 0.011 0.111 0.232 0.027 0.033 0.039 0.015 0.033 0.032 0.006 0.018 0.084
237 L 0.105 0.022 0.017 0.019 0.018 0.017 0.024 0.033 0.01 0.174 0.181 0.028 0.034 0.039 0.018 0.038 0.042 0.006 0.02 0.158
238 K 0.056 0.104 0.04 0.04 0.008 0.052 0.069 0.042 0.02 0.027 0.042 0.296 0.015 0.015 0.027 0.052 0.039 0.005 0.017 0.032
239 I 0.051 0.021 0.017 0.019 0.016 0.015 0.021 0.023 0.009 0.214 0.188 0.026 0.039 0.042 0.016 0.031 0.058 0.006 0.02 0.168
240 L 0.108 0.029 0.03 0.029 0.017 0.023 0.034 0.045 0.013 0.099 0.155 0.038 0.028 0.033 0.022 0.099 0.087 0.006 0.019 0.085
241 P 0.055 0.025 0.023 0.03 0.01 0.02 0.035 0.035 0.013 0.025 0.035 0.04 0.01 0.013 0.506 0.043 0.035 0.003 0.013 0.03
242 I 0.044 0.017 0.015 0.017 0.015 0.013 0.017 0.021 0.01 0.251 0.155 0.022 0.034 0.103 0.014 0.024 0.036 0.008 0.031 0.153
243 L 0.044 0.022 0.014 0.016 0.016 0.015 0.019 0.021 0.009 0.164 0.325 0.024 0.045 0.05 0.014 0.024 0.034 0.007 0.021 0.117
244 F 0.039 0.02 0.015 0.016 0.013 0.012 0.019 0.023 0.013 0.124 0.204 0.021 0.034 0.225 0.012 0.024 0.03 0.011 0.054 0.09
245 L 0.103 0.029 0.027 0.027 0.017 0.022 0.032 0.041 0.013 0.076 0.222 0.036 0.033 0.037 0.021 0.084 0.078 0.006 0.019 0.076
246 L 0.067 0.022 0.019 0.019 0.016 0.017 0.022 0.107 0.01 0.123 0.187 0.027 0.032 0.037 0.016 0.034 0.04 0.006 0.019 0.18
247 G 0.069 0.024 0.031 0.029 0.014 0.019 0.028 0.198 0.013 0.125 0.087 0.033 0.022 0.051 0.019 0.082 0.044 0.006 0.02 0.085
248 S 0.107 0.039 0.053 0.048 0.017 0.032 0.051 0.065 0.019 0.029 0.041 0.053 0.015 0.02 0.029 0.239 0.08 0.005 0.017 0.041
249 V 0.057 0.02 0.015 0.017 0.017 0.015 0.02 0.022 0.009 0.195 0.183 0.025 0.035 0.041 0.015 0.028 0.042 0.006 0.02 0.216
250 L 0.101 0.023 0.017 0.019 0.016 0.017 0.024 0.034 0.011 0.116 0.207 0.028 0.034 0.101 0.017 0.038 0.038 0.008 0.031 0.122
251 V 0.058 0.022 0.017 0.018 0.017 0.017 0.022 0.024 0.01 0.188 0.148 0.027 0.057 0.039 0.016 0.031 0.048 0.006 0.021 0.214
252 G 0.076 0.022 0.038 0.033 0.011 0.018 0.025 0.522 0.013 0.018 0.028 0.033 0.009 0.016 0.018 0.05 0.029 0.005 0.011 0.024
253 T 0.064 0.03 0.031 0.028 0.017 0.024 0.032 0.034 0.014 0.093 0.105 0.038 0.053 0.035 0.022 0.064 0.162 0.007 0.032 0.115
254 V 0.059 0.036 0.02 0.021 0.016 0.023 0.03 0.027 0.011 0.124 0.162 0.071 0.044 0.051 0.017 0.034 0.042 0.006 0.023 0.184
255 F 0.035 0.019 0.016 0.016 0.011 0.011 0.019 0.024 0.015 0.07 0.158 0.02 0.029 0.344 0.011 0.025 0.026 0.015 0.076 0.06
256 S 0.124 0.035 0.042 0.054 0.016 0.029 0.046 0.057 0.024 0.034 0.049 0.046 0.016 0.043 0.026 0.162 0.062 0.01 0.083 0.046
257 N 0.048 0.071 0.194 0.069 0.009 0.042 0.059 0.053 0.026 0.024 0.036 0.164 0.013 0.016 0.023 0.06 0.044 0.005 0.016 0.029
258 I 0.078 0.029 0.046 0.034 0.017 0.023 0.035 0.043 0.014 0.137 0.096 0.038 0.025 0.03 0.022 0.126 0.06 0.005 0.019 0.125
259 S 0.083 0.039 0.046 0.05 0.015 0.035 0.09 0.05 0.018 0.037 0.049 0.053 0.016 0.023 0.027 0.148 0.141 0.006 0.024 0.05
260 L 0.058 0.032 0.026 0.027 0.015 0.054 0.038 0.031 0.014 0.152 0.171 0.04 0.038 0.036 0.018 0.066 0.045 0.006 0.02 0.112
261 L 0.049 0.024 0.016 0.016 0.015 0.017 0.021 0.024 0.012 0.101 0.299 0.026 0.066 0.109 0.014 0.027 0.033 0.009 0.033 0.09
262 N 0.042 0.044 0.334 0.081 0.009 0.033 0.048 0.064 0.031 0.022 0.031 0.053 0.011 0.018 0.02 0.068 0.048 0.004 0.015 0.026
263 S 0.066 0.103 0.097 0.11 0.011 0.038 0.06 0.052 0.022 0.025 0.038 0.102 0.013 0.017 0.024 0.115 0.053 0.005 0.016 0.032
264 L 0.056 0.023 0.015 0.016 0.017 0.016 0.021 0.022 0.009 0.137 0.259 0.025 0.04 0.044 0.015 0.028 0.04 0.006 0.021 0.19
265 L 0.045 0.025 0.015 0.016 0.016 0.018 0.021 0.022 0.011 0.11 0.358 0.026 0.071 0.052 0.014 0.026 0.034 0.007 0.022 0.093
266 A 0.274 0.032 0.03 0.032 0.02 0.026 0.041 0.074 0.015 0.04 0.055 0.045 0.017 0.021 0.029 0.109 0.054 0.005 0.017 0.063
267 S 0.107 0.039 0.053 0.048 0.017 0.032 0.051 0.065 0.019 0.029 0.041 0.053 0.015 0.02 0.029 0.239 0.08 0.005 0.017 0.041
268 R 0.044 0.361 0.038 0.03 0.008 0.047 0.051 0.032 0.023 0.023 0.045 0.117 0.015 0.017 0.019 0.044 0.034 0.006 0.017 0.03
269 P 0.055 0.025 0.023 0.03 0.01 0.02 0.035 0.035 0.013 0.025 0.035 0.04 0.01 0.013 0.506 0.043 0.035 0.003 0.013 0.03
270 R 0.049 0.164 0.032 0.029 0.011 0.04 0.048 0.033 0.019 0.052 0.126 0.148 0.048 0.027 0.02 0.042 0.036 0.006 0.019 0.051
271 H 0.04 0.035 0.036 0.028 0.008 0.028 0.039 0.031 0.206 0.034 0.056 0.037 0.017 0.102 0.017 0.035 0.026 0.016 0.175 0.035
272 W 0.03 0.022 0.015 0.015 0.007 0.015 0.022 0.03 0.015 0.03 0.052 0.022 0.015 0.059 0.007 0.022 0.022 0.505 0.067 0.03
273 N 0.041 0.044 0.21 0.062 0.008 0.035 0.05 0.052 0.179 0.022 0.034 0.049 0.013 0.023 0.019 0.056 0.039 0.006 0.033 0.025
274 A 0.184 0.025 0.02 0.023 0.019 0.02 0.03 0.05 0.011 0.123 0.099 0.034 0.025 0.029 0.022 0.056 0.047 0.005 0.019 0.158
275 Y 0.04 0.027 0.021 0.018 0.009 0.021 0.027 0.024 0.046 0.043 0.067 0.03 0.018 0.128 0.015 0.03 0.027 0.027 0.334 0.046
276 L 0.043 0.024 0.014 0.015 0.016 0.016 0.02 0.021 0.01 0.113 0.391 0.025 0.048 0.053 0.014 0.024 0.033 0.007 0.022 0.094
277 V 0.141 0.026 0.024 0.025 0.019 0.02 0.03 0.044 0.011 0.124 0.099 0.034 0.025 0.03 0.022 0.061 0.084 0.005 0.019 0.158
278 E 0.054 0.064 0.041 0.07 0.008 0.104 0.22 0.037 0.025 0.024 0.039 0.114 0.015 0.016 0.025 0.054 0.037 0.005 0.017 0.032
279 E 0.108 0.042 0.082 0.06 0.011 0.042 0.149 0.047 0.027 0.03 0.046 0.065 0.014 0.036 0.024 0.059 0.04 0.009 0.069 0.041
280 G 0.076 0.022 0.038 0.033 0.011 0.018 0.025 0.522 0.013 0.018 0.028 0.033 0.009 0.016 0.018 0.05 0.029 0.005 0.011 0.024
281 N 0.053 0.043 0.287 0.076 0.01 0.033 0.049 0.064 0.029 0.023 0.032 0.053 0.012 0.018 0.021 0.096 0.053 0.005 0.016 0.029
282 F 0.04 0.021 0.016 0.017 0.013 0.015 0.02 0.024 0.014 0.115 0.186 0.023 0.057 0.218 0.013 0.026 0.031 0.011 0.053 0.087
283 L 0.042 0.023 0.015 0.016 0.015 0.016 0.02 0.022 0.011 0.103 0.328 0.025 0.056 0.111 0.013 0.025 0.032 0.009 0.033 0.087
284 S 0.079 0.058 0.045 0.042 0.014 0.037 0.053 0.05 0.017 0.036 0.049 0.126 0.017 0.02 0.028 0.131 0.129 0.005 0.017 0.048
285 L 0.047 0.024 0.017 0.02 0.014 0.017 0.025 0.025 0.011 0.089 0.275 0.03 0.036 0.04 0.168 0.03 0.034 0.006 0.019 0.076
286 F 0.033 0.019 0.016 0.016 0.01 0.01 0.019 0.025 0.016 0.062 0.111 0.019 0.025 0.402 0.01 0.025 0.025 0.016 0.087 0.054
287 G 0.076 0.022 0.038 0.033 0.011 0.018 0.025 0.522 0.013 0.018 0.028 0.033 0.009 0.016 0.018 0.05 0.029 0.005 0.011 0.024
288 N 0.042 0.044 0.334 0.081 0.009 0.033 0.048 0.064 0.031 0.022 0.031 0.053 0.011 0.018 0.02 0.068 0.048 0.004 0.015 0.026
289 K 0.078 0.069 0.04 0.038 0.013 0.04 0.055 0.046 0.025 0.05 0.056 0.169 0.018 0.02 0.026 0.104 0.052 0.005 0.018 0.078
290 Y 0.038 0.026 0.02 0.018 0.009 0.019 0.026 0.024 0.041 0.046 0.074 0.028 0.019 0.173 0.014 0.029 0.027 0.026 0.293 0.047
291 S 0.089 0.034 0.053 0.114 0.014 0.029 0.054 0.137 0.018 0.026 0.036 0.048 0.013 0.019 0.026 0.172 0.063 0.005 0.015 0.035
292 D 0.128 0.034 0.047 0.17 0.013 0.034 0.104 0.055 0.018 0.029 0.04 0.05 0.013 0.018 0.046 0.095 0.047 0.005 0.015 0.04
293 L 0.126 0.036 0.028 0.045 0.015 0.037 0.126 0.043 0.017 0.057 0.129 0.049 0.048 0.029 0.023 0.056 0.049 0.006 0.019 0.063
294 I 0.053 0.019 0.015 0.017 0.017 0.014 0.019 0.021 0.008 0.246 0.152 0.024 0.034 0.04 0.015 0.027 0.042 0.006 0.02 0.211
295 K 0.058 0.093 0.041 0.04 0.01 0.048 0.064 0.042 0.019 0.031 0.046 0.254 0.016 0.016 0.027 0.059 0.076 0.005 0.017 0.038
296 A 0.175 0.039 0.03 0.04 0.016 0.065 0.093 0.054 0.018 0.055 0.063 0.053 0.019 0.021 0.025 0.071 0.046 0.005 0.018 0.091
297 A 0.223 0.028 0.025 0.027 0.02 0.023 0.035 0.06 0.013 0.087 0.09 0.039 0.022 0.026 0.026 0.072 0.073 0.005 0.018 0.086
298 H 0.041 0.044 0.193 0.059 0.008 0.035 0.05 0.05 0.201 0.022 0.034 0.049 0.013 0.024 0.019 0.054 0.037 0.006 0.036 0.024
299 P 0.055 0.025 0.023 0.03 0.01 0.02 0.035 0.035 0.013 0.025 0.035 0.04 0.01 0.013 0.506 0.043 0.035 0.003 0.013 0.03
300 L 0.043 0.024 0.014 0.015 0.016 0.016 0.02 0.021 0.01 0.113 0.391 0.025 0.048 0.053 0.014 0.024 0.033 0.007 0.022 0.094
301 D 0.04 0.029 0.067 0.412 0.007 0.029 0.089 0.045 0.018 0.022 0.027 0.044 0.009 0.015 0.022 0.051 0.035 0.004 0.011 0.024
302 S 0.085 0.041 0.146 0.059 0.014 0.033 0.05 0.064 0.023 0.027 0.037 0.053 0.014 0.019 0.026 0.182 0.069 0.005 0.016 0.036
303 S 0.107 0.039 0.053 0.048 0.017 0.032 0.051 0.065 0.019 0.029 0.041 0.053 0.015 0.02 0.029 0.239 0.08 0.005 0.017 0.041
304 Y 0.04 0.027 0.021 0.018 0.009 0.021 0.027 0.024 0.046 0.043 0.067 0.03 0.018 0.128 0.015 0.03 0.027 0.027 0.334 0.046
305 I 0.054 0.019 0.015 0.017 0.017 0.014 0.019 0.022 0.008 0.241 0.15 0.024 0.034 0.04 0.015 0.027 0.042 0.006 0.02 0.215
306 Y 0.04 0.027 0.021 0.018 0.009 0.021 0.027 0.024 0.046 0.043 0.067 0.03 0.018 0.128 0.015 0.03 0.027 0.027 0.334 0.046
307 L 0.046 0.022 0.015 0.017 0.016 0.016 0.02 0.022 0.01 0.198 0.244 0.026 0.064 0.047 0.014 0.026 0.037 0.006 0.021 0.133
308 L 0.053 0.024 0.02 0.02 0.015 0.018 0.024 0.025 0.016 0.155 0.162 0.029 0.031 0.054 0.017 0.038 0.075 0.009 0.072 0.142
309 A 0.166 0.032 0.036 0.035 0.039 0.026 0.041 0.06 0.015 0.056 0.062 0.044 0.019 0.023 0.026 0.144 0.062 0.005 0.017 0.091
310 V 0.055 0.023 0.016 0.017 0.016 0.017 0.022 0.024 0.011 0.126 0.179 0.026 0.058 0.101 0.015 0.03 0.04 0.008 0.032 0.183
311 L 0.043 0.024 0.014 0.015 0.016 0.016 0.02 0.021 0.01 0.113 0.391 0.025 0.048 0.053 0.014 0.024 0.033 0.007 0.022 0.094
312 G 0.076 0.022 0.038 0.033 0.011 0.018 0.025 0.522 0.013 0.018 0.028 0.033 0.009 0.016 0.018 0.05 0.029 0.005 0.011 0.024
313 L 0.047 0.022 0.014 0.016 0.016 0.015 0.02 0.021 0.009 0.148 0.32 0.025 0.044 0.049 0.014 0.025 0.036 0.007 0.021 0.131
314 V 0.066 0.02 0.016 0.017 0.098 0.015 0.021 0.025 0.008 0.145 0.124 0.024 0.029 0.033 0.016 0.033 0.045 0.005 0.019 0.239
315 S 0.119 0.036 0.046 0.041 0.018 0.03 0.045 0.058 0.016 0.039 0.051 0.049 0.017 0.021 0.028 0.167 0.142 0.005 0.017 0.054
316 L 0.046 0.021 0.015 0.016 0.074 0.014 0.019 0.024 0.012 0.093 0.206 0.022 0.033 0.162 0.013 0.027 0.033 0.02 0.043 0.106
317 V 0.061 0.02 0.016 0.017 0.018 0.015 0.021 0.023 0.008 0.201 0.139 0.025 0.032 0.037 0.016 0.03 0.045 0.005 0.02 0.251
318 F 0.036 0.02 0.016 0.016 0.012 0.012 0.019 0.023 0.014 0.079 0.205 0.021 0.033 0.286 0.012 0.024 0.027 0.013 0.065 0.067
319 F 0.033 0.019 0.016 0.016 0.01 0.01 0.019 0.025 0.016 0.062 0.111 0.019 0.025 0.402 0.01 0.025 0.025 0.016 0.087 0.054
320 L 0.048 0.029 0.018 0.018 0.016 0.024 0.025 0.025 0.014 0.103 0.258 0.032 0.137 0.049 0.015 0.031 0.037 0.008 0.023 0.091
