#Seq2Logo.py -f /work3/idamei/ssn-clusterings/clustering/2205111339/clusters/0005_446/sequences.afa -o /work3/idamei/ssn-clusterings/clustering/2205111339/clusters/0005_446/sequences.logo
#Position Specific Frequency Matrix
A R N D C Q E G H I L K M F P S T W Y V
0 L 0.051 0.032 0.02 0.02 0.016 0.028 0.028 0.028 0.016 0.099 0.194 0.036 0.173 0.047 0.016 0.036 0.04 0.008 0.024 0.091
1 L 0.05 0.028 0.093 0.032 0.015 0.02 0.028 0.033 0.015 0.103 0.232 0.032 0.035 0.04 0.016 0.037 0.041 0.006 0.02 0.124
2 A 0.11 0.052 0.104 0.043 0.012 0.033 0.046 0.052 0.028 0.034 0.05 0.104 0.015 0.046 0.023 0.059 0.041 0.011 0.094 0.043
3 T 0.073 0.036 0.043 0.038 0.018 0.028 0.039 0.043 0.014 0.053 0.065 0.045 0.02 0.024 0.028 0.093 0.246 0.006 0.018 0.071
4 S 0.11 0.04 0.054 0.049 0.018 0.033 0.052 0.066 0.019 0.03 0.042 0.054 0.016 0.021 0.03 0.22 0.082 0.005 0.018 0.042
5 N 0.043 0.045 0.317 0.083 0.009 0.034 0.049 0.065 0.032 0.022 0.032 0.054 0.011 0.018 0.02 0.07 0.049 0.004 0.016 0.027
6 S 0.087 0.041 0.144 0.06 0.015 0.033 0.051 0.065 0.023 0.027 0.038 0.053 0.014 0.02 0.026 0.175 0.07 0.005 0.017 0.037
7 L 0.045 0.022 0.014 0.016 0.016 0.015 0.019 0.021 0.01 0.169 0.31 0.024 0.045 0.051 0.014 0.024 0.035 0.007 0.022 0.122
8 P 0.071 0.028 0.03 0.032 0.015 0.022 0.035 0.041 0.013 0.111 0.081 0.039 0.021 0.026 0.181 0.099 0.052 0.005 0.017 0.082
9 L 0.044 0.023 0.017 0.017 0.014 0.017 0.022 0.022 0.022 0.145 0.205 0.026 0.035 0.076 0.015 0.027 0.033 0.014 0.122 0.105
10 R 0.055 0.242 0.039 0.032 0.009 0.038 0.043 0.193 0.02 0.022 0.04 0.09 0.013 0.017 0.019 0.046 0.033 0.006 0.015 0.028
11 N 0.069 0.044 0.139 0.073 0.011 0.043 0.135 0.055 0.025 0.025 0.036 0.061 0.013 0.018 0.025 0.117 0.056 0.005 0.016 0.033
12 F 0.128 0.033 0.027 0.045 0.013 0.033 0.121 0.046 0.019 0.042 0.069 0.046 0.018 0.144 0.022 0.055 0.037 0.009 0.041 0.051
13 D 0.045 0.043 0.045 0.156 0.008 0.091 0.073 0.037 0.031 0.031 0.047 0.055 0.016 0.053 0.02 0.046 0.035 0.012 0.119 0.035
14 P 0.057 0.026 0.023 0.031 0.01 0.021 0.036 0.036 0.013 0.026 0.036 0.041 0.01 0.013 0.496 0.044 0.036 0.003 0.013 0.031
15 K 0.063 0.078 0.04 0.039 0.009 0.042 0.055 0.2 0.018 0.024 0.038 0.201 0.013 0.016 0.024 0.052 0.036 0.005 0.015 0.03
16 A 0.29 0.031 0.026 0.03 0.022 0.026 0.04 0.078 0.015 0.043 0.059 0.045 0.018 0.022 0.03 0.085 0.05 0.005 0.018 0.069
17 S 0.11 0.04 0.054 0.049 0.018 0.033 0.052 0.066 0.019 0.03 0.042 0.054 0.016 0.021 0.03 0.22 0.082 0.005 0.018 0.042
18 F 0.034 0.019 0.017 0.017 0.011 0.011 0.019 0.025 0.017 0.063 0.114 0.019 0.025 0.387 0.011 0.025 0.025 0.017 0.089 0.055
19 A 0.129 0.031 0.034 0.033 0.017 0.024 0.037 0.053 0.016 0.047 0.069 0.04 0.019 0.115 0.024 0.108 0.103 0.008 0.035 0.058
20 L 0.041 0.022 0.014 0.016 0.014 0.015 0.02 0.023 0.011 0.135 0.247 0.024 0.037 0.053 0.012 0.024 0.032 0.13 0.033 0.098
21 F 0.037 0.028 0.027 0.022 0.009 0.02 0.029 0.028 0.111 0.048 0.083 0.028 0.021 0.238 0.014 0.031 0.026 0.017 0.14 0.044
22 Q 0.059 0.06 0.037 0.039 0.011 0.174 0.082 0.037 0.024 0.06 0.067 0.074 0.023 0.02 0.021 0.049 0.043 0.006 0.02 0.096
23 L 0.047 0.022 0.015 0.016 0.015 0.015 0.02 0.023 0.011 0.113 0.253 0.024 0.038 0.135 0.014 0.026 0.035 0.009 0.038 0.131
24 T 0.123 0.029 0.031 0.03 0.018 0.023 0.034 0.046 0.013 0.107 0.088 0.039 0.023 0.028 0.025 0.073 0.151 0.006 0.018 0.095
25 F 0.041 0.018 0.017 0.017 0.131 0.011 0.018 0.027 0.014 0.058 0.1 0.019 0.023 0.302 0.012 0.029 0.028 0.013 0.069 0.055
26 L 0.04 0.024 0.017 0.016 0.013 0.016 0.022 0.023 0.021 0.083 0.237 0.025 0.035 0.158 0.013 0.026 0.03 0.015 0.115 0.072
27 L 0.1 0.03 0.02 0.021 0.017 0.025 0.028 0.036 0.014 0.09 0.205 0.035 0.119 0.043 0.018 0.043 0.04 0.007 0.022 0.087
28 L 0.046 0.027 0.018 0.018 0.015 0.022 0.024 0.026 0.015 0.094 0.216 0.03 0.121 0.119 0.014 0.031 0.035 0.009 0.036 0.084
29 G 0.095 0.033 0.047 0.042 0.015 0.027 0.041 0.247 0.017 0.025 0.036 0.045 0.013 0.019 0.025 0.161 0.06 0.005 0.015 0.034
30 L 0.046 0.021 0.015 0.015 0.11 0.014 0.019 0.024 0.011 0.089 0.268 0.023 0.037 0.116 0.014 0.027 0.032 0.008 0.033 0.079
31 Y 0.067 0.032 0.034 0.03 0.012 0.026 0.037 0.041 0.035 0.037 0.057 0.04 0.017 0.085 0.021 0.112 0.049 0.019 0.206 0.044
32 L 0.044 0.024 0.014 0.015 0.016 0.016 0.02 0.021 0.01 0.113 0.388 0.025 0.049 0.054 0.014 0.024 0.033 0.007 0.022 0.094
33 L 0.096 0.025 0.016 0.018 0.017 0.018 0.024 0.032 0.011 0.099 0.322 0.029 0.042 0.047 0.017 0.036 0.036 0.007 0.021 0.089
34 A 0.205 0.026 0.021 0.024 0.02 0.021 0.032 0.055 0.012 0.115 0.093 0.036 0.024 0.028 0.024 0.061 0.047 0.005 0.018 0.132
35 D 0.04 0.029 0.068 0.409 0.007 0.029 0.09 0.046 0.018 0.022 0.027 0.044 0.009 0.015 0.022 0.051 0.035 0.004 0.011 0.024
36 V 0.108 0.027 0.024 0.024 0.018 0.022 0.029 0.038 0.012 0.128 0.121 0.034 0.056 0.034 0.021 0.053 0.087 0.006 0.02 0.137
37 L 0.148 0.025 0.018 0.021 0.018 0.019 0.027 0.043 0.011 0.119 0.211 0.032 0.034 0.039 0.02 0.048 0.04 0.006 0.02 0.099
38 T 0.08 0.038 0.104 0.05 0.016 0.03 0.046 0.056 0.019 0.037 0.048 0.05 0.016 0.021 0.026 0.144 0.146 0.005 0.017 0.05
39 G 0.077 0.022 0.038 0.033 0.011 0.019 0.025 0.52 0.013 0.019 0.028 0.033 0.009 0.016 0.019 0.05 0.029 0.005 0.011 0.024
40 F 0.033 0.019 0.017 0.017 0.01 0.01 0.019 0.025 0.017 0.062 0.112 0.019 0.025 0.399 0.01 0.025 0.025 0.017 0.087 0.054
41 F 0.049 0.025 0.027 0.025 0.013 0.017 0.027 0.032 0.015 0.058 0.093 0.029 0.023 0.249 0.017 0.051 0.119 0.012 0.059 0.06
42 V 0.059 0.021 0.015 0.017 0.018 0.015 0.021 0.023 0.009 0.177 0.187 0.025 0.036 0.04 0.015 0.029 0.043 0.006 0.021 0.223
43 L 0.07 0.029 0.03 0.029 0.016 0.022 0.032 0.038 0.013 0.114 0.204 0.036 0.033 0.038 0.02 0.109 0.053 0.006 0.02 0.089
44 G 0.061 0.043 0.037 0.035 0.01 0.104 0.056 0.229 0.026 0.026 0.043 0.055 0.015 0.038 0.02 0.048 0.033 0.01 0.079 0.033
45 L 0.044 0.023 0.014 0.015 0.016 0.015 0.019 0.021 0.01 0.148 0.343 0.024 0.046 0.052 0.014 0.024 0.034 0.007 0.022 0.11
46 G 0.077 0.022 0.038 0.033 0.011 0.019 0.025 0.52 0.013 0.019 0.028 0.033 0.009 0.016 0.019 0.05 0.029 0.005 0.011 0.024
47 L 0.056 0.023 0.016 0.017 0.017 0.018 0.022 0.023 0.01 0.164 0.2 0.027 0.065 0.043 0.015 0.03 0.042 0.006 0.021 0.185
48 D 0.04 0.029 0.068 0.409 0.007 0.029 0.09 0.046 0.018 0.022 0.027 0.044 0.009 0.015 0.022 0.051 0.035 0.004 0.011 0.024
49 L 0.049 0.026 0.02 0.019 0.016 0.018 0.024 0.025 0.011 0.101 0.323 0.029 0.043 0.048 0.017 0.037 0.078 0.007 0.021 0.089
50 K 0.056 0.105 0.041 0.041 0.008 0.052 0.069 0.042 0.02 0.027 0.042 0.292 0.015 0.015 0.027 0.052 0.039 0.005 0.017 0.032
51 L 0.045 0.021 0.014 0.016 0.016 0.015 0.019 0.021 0.009 0.182 0.298 0.024 0.044 0.05 0.014 0.024 0.035 0.006 0.021 0.126
52 S 0.108 0.039 0.053 0.048 0.017 0.033 0.051 0.065 0.019 0.029 0.041 0.053 0.015 0.02 0.029 0.235 0.08 0.005 0.017 0.041
53 L 0.148 0.026 0.018 0.021 0.018 0.02 0.028 0.043 0.012 0.085 0.256 0.032 0.036 0.041 0.02 0.048 0.039 0.006 0.02 0.084
54 L 0.047 0.026 0.016 0.017 0.016 0.02 0.022 0.023 0.012 0.142 0.265 0.029 0.097 0.049 0.015 0.029 0.037 0.007 0.022 0.109
55 F 0.037 0.024 0.019 0.018 0.01 0.017 0.024 0.025 0.034 0.051 0.085 0.026 0.021 0.237 0.013 0.028 0.026 0.023 0.234 0.049
56 K 0.056 0.105 0.041 0.041 0.008 0.052 0.069 0.042 0.02 0.027 0.042 0.292 0.015 0.015 0.027 0.052 0.039 0.005 0.017 0.032
57 L 0.048 0.024 0.02 0.02 0.015 0.016 0.023 0.026 0.012 0.125 0.223 0.027 0.036 0.115 0.016 0.038 0.078 0.008 0.034 0.097
58 P 0.053 0.023 0.023 0.025 0.011 0.017 0.027 0.127 0.013 0.049 0.12 0.031 0.021 0.099 0.21 0.037 0.032 0.007 0.029 0.047
59 L 0.044 0.024 0.014 0.015 0.016 0.016 0.02 0.021 0.01 0.113 0.388 0.025 0.049 0.054 0.014 0.024 0.033 0.007 0.022 0.094
60 F 0.046 0.023 0.021 0.02 0.014 0.015 0.023 0.027 0.013 0.115 0.168 0.026 0.031 0.184 0.015 0.038 0.077 0.01 0.047 0.089
61 G 0.062 0.019 0.024 0.023 0.109 0.015 0.02 0.222 0.01 0.13 0.09 0.026 0.021 0.028 0.016 0.038 0.034 0.005 0.015 0.09
62 L 0.051 0.028 0.021 0.02 0.016 0.02 0.025 0.027 0.012 0.098 0.284 0.031 0.068 0.046 0.017 0.04 0.08 0.007 0.021 0.089
63 L 0.05 0.025 0.016 0.016 0.016 0.018 0.022 0.023 0.011 0.12 0.297 0.027 0.071 0.049 0.015 0.028 0.037 0.007 0.022 0.131
64 L 0.045 0.021 0.014 0.016 0.016 0.015 0.019 0.021 0.009 0.182 0.298 0.024 0.044 0.05 0.014 0.024 0.035 0.006 0.021 0.126
65 L 0.046 0.023 0.016 0.016 0.014 0.016 0.022 0.023 0.018 0.099 0.216 0.025 0.034 0.134 0.014 0.027 0.033 0.013 0.096 0.114
66 L 0.098 0.035 0.022 0.024 0.015 0.061 0.04 0.036 0.015 0.082 0.254 0.041 0.037 0.039 0.019 0.042 0.038 0.006 0.021 0.077
67 L 0.049 0.023 0.014 0.015 0.016 0.016 0.02 0.022 0.01 0.123 0.336 0.025 0.045 0.05 0.014 0.026 0.036 0.007 0.022 0.132
68 L 0.1 0.024 0.022 0.022 0.015 0.017 0.025 0.133 0.013 0.07 0.195 0.029 0.03 0.109 0.017 0.041 0.034 0.008 0.032 0.067
69 K 0.071 0.06 0.039 0.036 0.109 0.035 0.049 0.045 0.016 0.036 0.051 0.14 0.016 0.019 0.025 0.094 0.091 0.005 0.016 0.046
70 L 0.043 0.023 0.016 0.016 0.015 0.016 0.021 0.021 0.017 0.133 0.279 0.026 0.04 0.066 0.014 0.025 0.033 0.011 0.083 0.1
71 N 0.068 0.039 0.167 0.134 0.012 0.032 0.058 0.061 0.024 0.025 0.034 0.051 0.012 0.018 0.024 0.132 0.058 0.005 0.015 0.032
72 R 0.105 0.159 0.032 0.031 0.011 0.032 0.041 0.139 0.017 0.026 0.043 0.071 0.013 0.017 0.118 0.053 0.036 0.005 0.015 0.036
73 K 0.053 0.156 0.04 0.039 0.008 0.051 0.066 0.04 0.021 0.026 0.043 0.257 0.015 0.016 0.025 0.051 0.038 0.005 0.017 0.032
74 Y 0.099 0.03 0.083 0.033 0.013 0.023 0.033 0.043 0.029 0.062 0.07 0.037 0.019 0.066 0.019 0.049 0.04 0.014 0.143 0.094
75 F 0.046 0.023 0.021 0.02 0.014 0.015 0.023 0.027 0.013 0.115 0.168 0.026 0.031 0.184 0.015 0.038 0.077 0.01 0.047 0.089
76 I 0.097 0.021 0.016 0.019 0.017 0.016 0.022 0.032 0.01 0.202 0.188 0.028 0.035 0.041 0.017 0.036 0.04 0.006 0.02 0.136
77 F 0.038 0.026 0.08 0.03 0.01 0.019 0.027 0.033 0.023 0.088 0.085 0.029 0.021 0.13 0.013 0.034 0.032 0.111 0.104 0.066
78 L 0.056 0.027 0.023 0.023 0.015 0.02 0.027 0.032 0.014 0.083 0.224 0.031 0.063 0.115 0.017 0.069 0.042 0.009 0.034 0.075
79 L 0.048 0.021 0.016 0.017 0.11 0.016 0.02 0.025 0.012 0.121 0.184 0.024 0.061 0.113 0.014 0.03 0.034 0.008 0.033 0.094
80 L 0.062 0.025 0.022 0.023 0.017 0.019 0.026 0.03 0.011 0.14 0.222 0.03 0.036 0.041 0.018 0.068 0.047 0.006 0.02 0.137
81 L 0.101 0.027 0.022 0.022 0.017 0.02 0.028 0.036 0.012 0.087 0.257 0.033 0.036 0.041 0.02 0.049 0.082 0.006 0.02 0.084
82 L 0.042 0.025 0.017 0.017 0.014 0.018 0.022 0.025 0.015 0.087 0.2 0.027 0.091 0.189 0.013 0.029 0.032 0.011 0.049 0.077
83 L 0.092 0.023 0.017 0.018 0.015 0.016 0.023 0.034 0.013 0.079 0.212 0.026 0.033 0.185 0.016 0.036 0.033 0.01 0.047 0.073
84 L 0.053 0.023 0.021 0.021 0.016 0.017 0.023 0.027 0.011 0.135 0.171 0.027 0.032 0.111 0.016 0.039 0.081 0.008 0.033 0.135
85 L 0.054 0.026 0.022 0.022 0.015 0.018 0.026 0.031 0.013 0.086 0.263 0.029 0.037 0.116 0.016 0.066 0.041 0.009 0.034 0.076
86 L 0.049 0.026 0.02 0.019 0.016 0.018 0.024 0.025 0.011 0.101 0.323 0.029 0.043 0.048 0.017 0.037 0.078 0.007 0.021 0.089
87 L 0.098 0.024 0.018 0.02 0.017 0.019 0.024 0.033 0.011 0.165 0.194 0.03 0.063 0.042 0.018 0.038 0.04 0.006 0.021 0.12
88 G 0.083 0.026 0.041 0.036 0.012 0.021 0.03 0.429 0.014 0.021 0.03 0.037 0.01 0.017 0.021 0.087 0.039 0.005 0.012 0.027
89 P 0.057 0.023 0.021 0.028 0.107 0.019 0.032 0.035 0.012 0.029 0.041 0.036 0.011 0.014 0.406 0.042 0.036 0.003 0.013 0.035
90 L 0.052 0.025 0.021 0.02 0.016 0.017 0.024 0.027 0.012 0.1 0.216 0.028 0.034 0.113 0.016 0.039 0.08 0.008 0.034 0.119
91 F 0.045 0.02 0.016 0.017 0.014 0.013 0.019 0.023 0.012 0.137 0.181 0.022 0.033 0.186 0.013 0.026 0.034 0.01 0.047 0.132
92 Q 0.066 0.052 0.102 0.052 0.012 0.111 0.068 0.05 0.024 0.031 0.046 0.066 0.017 0.018 0.024 0.101 0.094 0.005 0.018 0.041
93 L 0.039 0.022 0.015 0.016 0.014 0.014 0.019 0.022 0.013 0.093 0.277 0.022 0.039 0.192 0.013 0.024 0.03 0.011 0.048 0.078
94 L 0.043 0.02 0.015 0.016 0.015 0.014 0.019 0.021 0.011 0.172 0.243 0.023 0.039 0.119 0.013 0.024 0.034 0.008 0.034 0.118
95 S 0.084 0.042 0.106 0.063 0.014 0.039 0.103 0.059 0.023 0.026 0.038 0.057 0.014 0.019 0.026 0.166 0.065 0.005 0.017 0.036
96 T 0.056 0.101 0.037 0.042 0.012 0.037 0.093 0.035 0.024 0.038 0.055 0.062 0.017 0.042 0.023 0.062 0.124 0.01 0.08 0.049
97 G 0.107 0.028 0.028 0.026 0.015 0.022 0.03 0.137 0.019 0.054 0.121 0.035 0.023 0.048 0.021 0.056 0.08 0.01 0.08 0.06
98 D 0.056 0.035 0.059 0.273 0.009 0.037 0.126 0.047 0.02 0.023 0.032 0.052 0.011 0.016 0.024 0.089 0.044 0.004 0.013 0.029
99 V 0.111 0.026 0.023 0.023 0.018 0.02 0.029 0.038 0.011 0.106 0.153 0.033 0.029 0.034 0.02 0.053 0.088 0.006 0.019 0.16
100 A 0.16 0.03 0.028 0.028 0.017 0.024 0.035 0.054 0.016 0.055 0.092 0.039 0.05 0.102 0.023 0.092 0.049 0.008 0.032 0.064
101 G 0.054 0.023 0.026 0.023 0.011 0.017 0.023 0.222 0.02 0.051 0.124 0.028 0.022 0.123 0.015 0.036 0.029 0.012 0.092 0.048
102 F 0.035 0.02 0.016 0.016 0.011 0.011 0.019 0.024 0.015 0.072 0.167 0.02 0.03 0.33 0.011 0.025 0.026 0.015 0.074 0.062
103 L 0.095 0.022 0.017 0.019 0.016 0.015 0.023 0.033 0.012 0.158 0.177 0.027 0.033 0.112 0.016 0.036 0.037 0.008 0.033 0.112
104 D 0.108 0.038 0.041 0.11 0.013 0.065 0.06 0.051 0.019 0.036 0.057 0.05 0.017 0.094 0.023 0.09 0.046 0.007 0.031 0.044
105 D 0.04 0.029 0.068 0.409 0.007 0.029 0.09 0.046 0.018 0.022 0.027 0.044 0.009 0.015 0.022 0.051 0.035 0.004 0.011 0.024
106 F 0.033 0.019 0.017 0.017 0.01 0.01 0.019 0.025 0.017 0.062 0.112 0.019 0.025 0.399 0.01 0.025 0.025 0.017 0.087 0.054
107 S 0.093 0.035 0.044 0.04 0.018 0.028 0.043 0.052 0.016 0.06 0.063 0.046 0.019 0.024 0.026 0.166 0.11 0.005 0.018 0.095
108 S 0.068 0.102 0.099 0.045 0.012 0.033 0.046 0.05 0.027 0.029 0.045 0.061 0.015 0.041 0.022 0.123 0.054 0.01 0.08 0.037
109 V 0.158 0.026 0.019 0.022 0.019 0.02 0.029 0.045 0.011 0.104 0.152 0.033 0.029 0.033 0.021 0.051 0.045 0.006 0.019 0.159
110 L 0.049 0.024 0.021 0.021 0.015 0.018 0.024 0.026 0.017 0.156 0.17 0.029 0.032 0.058 0.017 0.039 0.08 0.01 0.082 0.111
111 K 0.053 0.156 0.04 0.039 0.008 0.051 0.066 0.04 0.021 0.026 0.043 0.257 0.015 0.016 0.025 0.051 0.038 0.005 0.017 0.032
112 I 0.046 0.019 0.014 0.017 0.016 0.014 0.018 0.02 0.009 0.251 0.209 0.023 0.039 0.045 0.014 0.024 0.038 0.006 0.021 0.157
113 L 0.042 0.023 0.014 0.015 0.015 0.015 0.02 0.022 0.011 0.103 0.333 0.024 0.044 0.123 0.013 0.024 0.031 0.009 0.035 0.086
114 T 0.063 0.033 0.033 0.03 0.017 0.027 0.034 0.037 0.014 0.071 0.115 0.041 0.082 0.033 0.023 0.069 0.173 0.007 0.02 0.078
115 P 0.059 0.027 0.027 0.032 0.012 0.022 0.036 0.037 0.013 0.031 0.041 0.041 0.012 0.015 0.408 0.053 0.081 0.003 0.014 0.038
116 L 0.049 0.027 0.017 0.018 0.016 0.022 0.024 0.025 0.013 0.139 0.226 0.031 0.123 0.048 0.015 0.031 0.038 0.007 0.023 0.108
117 L 0.071 0.032 0.031 0.029 0.016 0.025 0.034 0.04 0.015 0.077 0.21 0.038 0.061 0.039 0.02 0.111 0.053 0.006 0.02 0.072
118 I 0.102 0.021 0.017 0.02 0.018 0.016 0.023 0.032 0.01 0.212 0.136 0.028 0.031 0.037 0.018 0.038 0.043 0.006 0.02 0.174
119 F 0.033 0.019 0.017 0.017 0.01 0.01 0.019 0.025 0.017 0.062 0.112 0.019 0.025 0.399 0.01 0.025 0.025 0.017 0.087 0.054
120 L 0.045 0.021 0.014 0.016 0.016 0.015 0.019 0.021 0.009 0.182 0.298 0.024 0.044 0.05 0.014 0.024 0.035 0.006 0.021 0.126
121 F 0.037 0.024 0.019 0.018 0.01 0.017 0.024 0.025 0.034 0.051 0.085 0.026 0.021 0.237 0.013 0.028 0.026 0.023 0.234 0.049
122 F 0.044 0.019 0.015 0.016 0.109 0.012 0.018 0.025 0.012 0.113 0.168 0.021 0.03 0.183 0.013 0.028 0.031 0.01 0.046 0.086
123 G 0.061 0.024 0.087 0.036 0.108 0.019 0.026 0.231 0.015 0.078 0.063 0.032 0.016 0.023 0.017 0.047 0.036 0.005 0.014 0.061
124 L 0.047 0.035 0.026 0.045 0.011 0.036 0.138 0.027 0.023 0.062 0.183 0.046 0.028 0.054 0.019 0.037 0.033 0.01 0.081 0.059
125 L 0.054 0.023 0.016 0.017 0.112 0.017 0.021 0.025 0.01 0.106 0.232 0.026 0.064 0.042 0.015 0.031 0.038 0.006 0.02 0.124
126 A 0.213 0.03 0.029 0.031 0.019 0.024 0.038 0.063 0.014 0.088 0.076 0.041 0.021 0.025 0.026 0.102 0.053 0.005 0.018 0.083
127 K 0.105 0.072 0.038 0.049 0.011 0.085 0.118 0.047 0.022 0.029 0.045 0.158 0.016 0.016 0.026 0.059 0.041 0.005 0.018 0.039
128 R 0.051 0.24 0.034 0.03 0.01 0.042 0.049 0.033 0.019 0.051 0.061 0.134 0.018 0.02 0.02 0.043 0.038 0.006 0.018 0.081
129 W 0.034 0.028 0.079 0.029 0.008 0.02 0.029 0.035 0.024 0.031 0.051 0.03 0.015 0.065 0.011 0.033 0.029 0.308 0.109 0.032
130 P 0.05 0.026 0.03 0.103 0.011 0.021 0.043 0.035 0.013 0.042 0.104 0.038 0.018 0.021 0.309 0.041 0.035 0.004 0.014 0.042
131 D 0.047 0.044 0.099 0.128 0.01 0.074 0.114 0.041 0.023 0.041 0.106 0.057 0.02 0.023 0.021 0.05 0.038 0.005 0.017 0.042
132 F 0.039 0.034 0.085 0.035 0.01 0.059 0.041 0.036 0.022 0.047 0.083 0.04 0.021 0.246 0.015 0.04 0.033 0.012 0.059 0.045
133 A 0.113 0.028 0.03 0.03 0.016 0.022 0.033 0.046 0.014 0.094 0.088 0.037 0.023 0.101 0.022 0.092 0.091 0.008 0.032 0.081
134 D 0.044 0.101 0.099 0.126 0.008 0.039 0.105 0.04 0.029 0.026 0.041 0.064 0.013 0.039 0.02 0.05 0.036 0.009 0.078 0.031
135 K 0.048 0.124 0.031 0.029 0.01 0.038 0.047 0.032 0.024 0.047 0.117 0.152 0.023 0.046 0.02 0.041 0.034 0.01 0.081 0.047
136 W 0.039 0.041 0.023 0.021 0.008 0.025 0.034 0.03 0.028 0.034 0.056 0.08 0.016 0.078 0.015 0.032 0.028 0.213 0.163 0.037
137 G 0.07 0.025 0.032 0.029 0.014 0.02 0.028 0.229 0.013 0.093 0.13 0.033 0.024 0.03 0.019 0.077 0.042 0.006 0.016 0.071
138 K 0.053 0.078 0.035 0.045 0.01 0.047 0.108 0.036 0.019 0.043 0.11 0.195 0.021 0.023 0.024 0.047 0.037 0.006 0.018 0.044
139 R 0.048 0.184 0.036 0.033 0.008 0.08 0.06 0.034 0.028 0.028 0.049 0.13 0.017 0.038 0.021 0.045 0.035 0.01 0.08 0.035
140 V 0.107 0.022 0.017 0.02 0.018 0.017 0.024 0.033 0.01 0.187 0.129 0.028 0.03 0.036 0.018 0.039 0.045 0.006 0.02 0.196
141 L 0.042 0.023 0.014 0.015 0.015 0.015 0.02 0.022 0.011 0.103 0.333 0.024 0.044 0.123 0.013 0.024 0.031 0.009 0.035 0.086
142 L 0.046 0.022 0.016 0.017 0.014 0.015 0.021 0.023 0.018 0.133 0.172 0.025 0.032 0.132 0.014 0.027 0.035 0.012 0.096 0.13
143 F 0.054 0.022 0.024 0.023 0.108 0.015 0.025 0.034 0.015 0.052 0.088 0.026 0.021 0.247 0.015 0.07 0.038 0.012 0.058 0.052
144 N 0.121 0.039 0.158 0.058 0.015 0.031 0.048 0.067 0.023 0.029 0.04 0.051 0.014 0.019 0.025 0.138 0.061 0.005 0.016 0.041
145 F 0.034 0.02 0.018 0.017 0.01 0.013 0.02 0.025 0.022 0.058 0.103 0.021 0.024 0.345 0.011 0.026 0.025 0.019 0.136 0.052
146 L 0.11 0.025 0.023 0.023 0.113 0.019 0.027 0.039 0.011 0.083 0.14 0.032 0.026 0.031 0.02 0.054 0.085 0.005 0.018 0.114
147 I 0.055 0.019 0.015 0.017 0.017 0.014 0.02 0.022 0.008 0.236 0.15 0.024 0.034 0.04 0.015 0.028 0.043 0.006 0.02 0.217
148 L 0.044 0.024 0.014 0.015 0.016 0.016 0.02 0.021 0.01 0.113 0.388 0.025 0.049 0.054 0.014 0.024 0.033 0.007 0.022 0.094
149 C 0.104 0.021 0.017 0.019 0.208 0.016 0.022 0.036 0.01 0.106 0.148 0.026 0.027 0.032 0.018 0.042 0.038 0.005 0.017 0.089
150 F 0.057 0.024 0.028 0.026 0.012 0.016 0.026 0.132 0.016 0.047 0.081 0.028 0.02 0.247 0.016 0.072 0.037 0.012 0.058 0.045
151 N 0.042 0.044 0.33 0.081 0.009 0.033 0.048 0.064 0.031 0.022 0.031 0.053 0.011 0.018 0.02 0.068 0.048 0.004 0.015 0.026
152 L 0.043 0.02 0.015 0.016 0.015 0.014 0.019 0.021 0.011 0.172 0.243 0.023 0.039 0.119 0.013 0.024 0.034 0.008 0.034 0.118
153 I 0.048 0.018 0.015 0.017 0.015 0.013 0.019 0.022 0.01 0.216 0.147 0.023 0.033 0.113 0.014 0.026 0.038 0.008 0.034 0.171
154 L 0.096 0.024 0.016 0.018 0.017 0.017 0.023 0.032 0.011 0.133 0.277 0.028 0.04 0.045 0.017 0.036 0.037 0.006 0.021 0.105
155 G 0.077 0.022 0.038 0.033 0.011 0.019 0.025 0.52 0.013 0.019 0.028 0.033 0.009 0.016 0.019 0.05 0.029 0.005 0.011 0.024
156 L 0.153 0.025 0.019 0.022 0.019 0.019 0.028 0.044 0.011 0.129 0.159 0.032 0.03 0.035 0.021 0.049 0.044 0.006 0.019 0.137
157 L 0.045 0.025 0.015 0.016 0.016 0.018 0.021 0.022 0.011 0.11 0.349 0.027 0.074 0.052 0.014 0.026 0.034 0.007 0.022 0.094
158 G 0.077 0.022 0.038 0.033 0.011 0.019 0.025 0.52 0.013 0.019 0.028 0.033 0.009 0.016 0.019 0.05 0.029 0.005 0.011 0.024
159 F 0.033 0.019 0.017 0.017 0.01 0.01 0.019 0.025 0.017 0.062 0.112 0.019 0.025 0.399 0.01 0.025 0.025 0.017 0.087 0.054
160 G 0.077 0.022 0.038 0.033 0.011 0.019 0.025 0.52 0.013 0.019 0.028 0.033 0.009 0.016 0.019 0.05 0.029 0.005 0.011 0.024
161 R 0.042 0.172 0.03 0.027 0.009 0.034 0.042 0.031 0.02 0.039 0.071 0.113 0.019 0.169 0.017 0.038 0.031 0.01 0.045 0.04
162 S 0.085 0.032 0.039 0.038 0.015 0.026 0.041 0.05 0.016 0.08 0.065 0.045 0.018 0.023 0.121 0.155 0.063 0.005 0.017 0.065
163 S 0.101 0.038 0.051 0.046 0.017 0.031 0.049 0.061 0.018 0.034 0.046 0.051 0.016 0.021 0.029 0.206 0.117 0.005 0.017 0.047
164 Y 0.04 0.027 0.021 0.018 0.009 0.021 0.027 0.024 0.046 0.043 0.067 0.031 0.018 0.128 0.015 0.031 0.027 0.027 0.331 0.046
165 G 0.067 0.049 0.035 0.034 0.011 0.067 0.049 0.229 0.017 0.05 0.054 0.095 0.017 0.019 0.021 0.048 0.037 0.005 0.016 0.08
166 N 0.043 0.045 0.317 0.083 0.009 0.034 0.049 0.065 0.032 0.022 0.032 0.054 0.011 0.018 0.02 0.07 0.049 0.004 0.016 0.027
167 A 0.29 0.031 0.026 0.03 0.022 0.026 0.04 0.078 0.015 0.043 0.059 0.045 0.018 0.022 0.03 0.085 0.05 0.005 0.018 0.069
168 K 0.057 0.107 0.042 0.042 0.009 0.054 0.071 0.043 0.021 0.028 0.043 0.278 0.016 0.016 0.028 0.054 0.04 0.005 0.017 0.033
169 L 0.064 0.036 0.028 0.028 0.015 0.062 0.043 0.034 0.015 0.089 0.198 0.044 0.033 0.035 0.019 0.074 0.047 0.006 0.02 0.11
170 G 0.066 0.106 0.039 0.034 0.01 0.031 0.039 0.327 0.017 0.021 0.034 0.102 0.012 0.016 0.02 0.049 0.032 0.005 0.013 0.027
171 D 0.046 0.037 0.056 0.281 0.007 0.043 0.178 0.041 0.021 0.022 0.031 0.056 0.011 0.015 0.023 0.052 0.035 0.004 0.013 0.027
172 G 0.058 0.03 0.05 0.195 0.009 0.032 0.108 0.233 0.018 0.021 0.029 0.046 0.01 0.015 0.021 0.051 0.033 0.005 0.012 0.025
173 E 0.051 0.045 0.045 0.153 0.007 0.056 0.266 0.037 0.024 0.022 0.034 0.068 0.012 0.016 0.025 0.054 0.036 0.005 0.015 0.029
174 V 0.07 0.022 0.016 0.018 0.019 0.016 0.023 0.025 0.008 0.165 0.13 0.026 0.032 0.036 0.016 0.033 0.049 0.006 0.021 0.269
175 S 0.133 0.036 0.043 0.04 0.018 0.029 0.044 0.058 0.016 0.041 0.054 0.048 0.017 0.022 0.028 0.147 0.146 0.005 0.017 0.058
176 A 0.201 0.025 0.021 0.024 0.019 0.02 0.031 0.054 0.012 0.14 0.101 0.035 0.025 0.03 0.023 0.06 0.045 0.005 0.018 0.11
177 G 0.077 0.022 0.038 0.033 0.011 0.019 0.025 0.52 0.013 0.019 0.028 0.033 0.009 0.016 0.019 0.05 0.029 0.005 0.011 0.024
178 S 0.083 0.031 0.038 0.036 0.017 0.025 0.038 0.047 0.015 0.132 0.09 0.041 0.024 0.03 0.023 0.151 0.064 0.005 0.018 0.094
179 N 0.053 0.067 0.157 0.056 0.01 0.04 0.055 0.051 0.023 0.03 0.042 0.147 0.014 0.018 0.024 0.066 0.087 0.005 0.016 0.037
180 G 0.077 0.022 0.038 0.033 0.011 0.019 0.025 0.52 0.013 0.019 0.028 0.033 0.009 0.016 0.019 0.05 0.029 0.005 0.011 0.024
181 F 0.033 0.019 0.017 0.017 0.01 0.01 0.019 0.025 0.017 0.062 0.112 0.019 0.025 0.399 0.01 0.025 0.025 0.017 0.087 0.054
182 I 0.041 0.018 0.015 0.017 0.014 0.012 0.018 0.022 0.012 0.196 0.144 0.021 0.032 0.186 0.013 0.025 0.033 0.01 0.047 0.126
183 Y 0.042 0.028 0.021 0.019 0.01 0.023 0.027 0.025 0.04 0.054 0.092 0.032 0.05 0.112 0.015 0.032 0.03 0.024 0.27 0.055
184 A 0.304 0.03 0.025 0.029 0.021 0.025 0.04 0.077 0.015 0.042 0.058 0.044 0.017 0.021 0.029 0.083 0.049 0.005 0.017 0.067
185 G 0.168 0.026 0.033 0.031 0.015 0.021 0.031 0.343 0.014 0.028 0.04 0.037 0.012 0.018 0.023 0.064 0.037 0.005 0.013 0.041
186 N 0.042 0.044 0.33 0.081 0.009 0.033 0.048 0.064 0.031 0.022 0.031 0.053 0.011 0.018 0.02 0.068 0.048 0.004 0.015 0.026
187 E 0.054 0.049 0.04 0.088 0.007 0.063 0.31 0.034 0.025 0.022 0.036 0.074 0.013 0.016 0.025 0.054 0.036 0.005 0.016 0.031
188 L 0.059 0.022 0.015 0.016 0.018 0.016 0.022 0.023 0.009 0.142 0.232 0.025 0.038 0.042 0.015 0.029 0.042 0.006 0.021 0.208
189 G 0.089 0.029 0.044 0.039 0.013 0.024 0.036 0.338 0.015 0.023 0.033 0.041 0.012 0.018 0.023 0.124 0.05 0.005 0.013 0.031
190 G 0.168 0.026 0.033 0.031 0.015 0.021 0.031 0.343 0.014 0.028 0.04 0.037 0.012 0.018 0.023 0.064 0.037 0.005 0.013 0.041
191 L 0.112 0.029 0.028 0.027 0.018 0.022 0.032 0.041 0.012 0.084 0.14 0.037 0.027 0.031 0.023 0.064 0.131 0.006 0.019 0.117
192 F 0.039 0.021 0.017 0.017 0.013 0.014 0.02 0.024 0.015 0.114 0.139 0.023 0.058 0.257 0.012 0.027 0.031 0.013 0.061 0.085
193 V 0.064 0.022 0.016 0.017 0.018 0.016 0.022 0.024 0.008 0.152 0.18 0.025 0.035 0.039 0.016 0.031 0.045 0.006 0.021 0.245
194 V 0.064 0.022 0.016 0.017 0.018 0.016 0.022 0.024 0.008 0.152 0.18 0.025 0.035 0.039 0.016 0.031 0.045 0.006 0.021 0.245
195 L 0.049 0.023 0.014 0.015 0.016 0.016 0.02 0.022 0.01 0.123 0.336 0.025 0.045 0.05 0.014 0.026 0.036 0.007 0.022 0.132
196 F 0.034 0.02 0.018 0.017 0.01 0.013 0.02 0.025 0.022 0.058 0.103 0.021 0.024 0.345 0.011 0.026 0.025 0.019 0.136 0.052
197 G 0.087 0.028 0.04 0.036 0.11 0.023 0.034 0.24 0.014 0.028 0.04 0.038 0.013 0.019 0.022 0.122 0.051 0.005 0.013 0.037
198 F 0.042 0.021 0.017 0.017 0.012 0.014 0.021 0.025 0.021 0.078 0.106 0.022 0.025 0.272 0.013 0.028 0.03 0.017 0.123 0.098
199 I 0.103 0.024 0.018 0.02 0.018 0.019 0.025 0.034 0.011 0.175 0.142 0.03 0.059 0.038 0.018 0.04 0.043 0.006 0.02 0.158
200 L 0.044 0.024 0.014 0.015 0.016 0.016 0.02 0.021 0.01 0.113 0.388 0.025 0.049 0.054 0.014 0.024 0.033 0.007 0.022 0.094
201 H 0.053 0.039 0.045 0.035 0.01 0.031 0.045 0.04 0.228 0.032 0.053 0.041 0.017 0.102 0.019 0.077 0.037 0.009 0.055 0.032
202 L 0.101 0.044 0.024 0.025 0.015 0.03 0.037 0.039 0.015 0.076 0.175 0.086 0.087 0.037 0.02 0.046 0.04 0.007 0.021 0.075
203 C 0.109 0.022 0.017 0.019 0.209 0.016 0.023 0.037 0.01 0.081 0.14 0.027 0.026 0.03 0.018 0.044 0.04 0.005 0.017 0.111
204 W 0.03 0.022 0.015 0.015 0.007 0.015 0.022 0.03 0.015 0.03 0.052 0.022 0.015 0.059 0.007 0.022 0.022 0.502 0.067 0.03
205 N 0.044 0.05 0.273 0.074 0.009 0.072 0.059 0.059 0.03 0.023 0.034 0.06 0.013 0.017 0.02 0.066 0.047 0.005 0.016 0.028
206 S 0.07 0.051 0.044 0.038 0.012 0.035 0.05 0.047 0.094 0.03 0.046 0.095 0.016 0.043 0.024 0.119 0.051 0.01 0.088 0.037
207 K 0.052 0.062 0.033 0.044 0.009 0.042 0.102 0.036 0.025 0.029 0.045 0.146 0.014 0.038 0.12 0.047 0.035 0.009 0.079 0.034
208 K 0.057 0.107 0.042 0.042 0.009 0.054 0.071 0.043 0.021 0.028 0.043 0.278 0.016 0.016 0.028 0.054 0.04 0.005 0.017 0.033
209 Y 0.04 0.028 0.022 0.019 0.009 0.022 0.028 0.025 0.047 0.044 0.068 0.031 0.019 0.131 0.016 0.031 0.028 0.028 0.318 0.047
210 R 0.055 0.19 0.039 0.035 0.009 0.044 0.053 0.134 0.02 0.024 0.041 0.171 0.014 0.016 0.022 0.049 0.035 0.005 0.016 0.03
211 K 0.053 0.156 0.04 0.039 0.008 0.051 0.066 0.04 0.021 0.026 0.043 0.257 0.015 0.016 0.025 0.051 0.038 0.005 0.017 0.032
212 L 0.046 0.021 0.014 0.016 0.016 0.015 0.019 0.021 0.009 0.195 0.273 0.024 0.043 0.049 0.014 0.025 0.036 0.006 0.021 0.136
213 W 0.036 0.025 0.017 0.016 0.01 0.018 0.024 0.026 0.026 0.052 0.125 0.026 0.023 0.086 0.012 0.026 0.026 0.213 0.164 0.049
214 Y 0.038 0.026 0.02 0.018 0.009 0.019 0.026 0.025 0.04 0.047 0.076 0.028 0.02 0.182 0.014 0.029 0.027 0.025 0.282 0.047
215 L 0.039 0.021 0.015 0.016 0.013 0.014 0.02 0.023 0.012 0.121 0.221 0.023 0.035 0.122 0.012 0.024 0.03 0.108 0.044 0.089
216 L 0.042 0.021 0.015 0.016 0.015 0.014 0.019 0.022 0.011 0.137 0.288 0.023 0.041 0.121 0.013 0.024 0.032 0.009 0.035 0.102
217 F 0.095 0.034 0.024 0.026 0.013 0.061 0.041 0.039 0.018 0.058 0.104 0.041 0.053 0.176 0.018 0.045 0.036 0.01 0.047 0.06
218 A 0.226 0.034 0.036 0.037 0.02 0.028 0.044 0.072 0.016 0.037 0.051 0.047 0.016 0.021 0.029 0.144 0.062 0.005 0.017 0.057
219 L 0.053 0.023 0.021 0.022 0.014 0.017 0.024 0.123 0.011 0.111 0.201 0.029 0.031 0.036 0.113 0.033 0.034 0.006 0.017 0.083
220 L 0.04 0.019 0.015 0.017 0.014 0.013 0.018 0.022 0.012 0.162 0.188 0.022 0.034 0.188 0.013 0.025 0.032 0.01 0.047 0.11
221 T 0.125 0.035 0.041 0.037 0.018 0.028 0.041 0.054 0.015 0.046 0.058 0.046 0.018 0.022 0.028 0.118 0.183 0.006 0.017 0.063
222 L 0.054 0.023 0.015 0.016 0.017 0.016 0.021 0.022 0.009 0.132 0.284 0.025 0.042 0.046 0.015 0.027 0.039 0.006 0.021 0.17
223 L 0.04 0.02 0.015 0.016 0.014 0.013 0.019 0.022 0.012 0.127 0.233 0.022 0.037 0.19 0.013 0.024 0.031 0.011 0.048 0.094
224 C 0.129 0.028 0.033 0.031 0.209 0.023 0.035 0.054 0.014 0.038 0.054 0.038 0.016 0.02 0.024 0.127 0.056 0.005 0.015 0.052
225 G 0.077 0.022 0.038 0.033 0.011 0.019 0.025 0.52 0.013 0.019 0.028 0.033 0.009 0.016 0.019 0.05 0.029 0.005 0.011 0.024
226 L 0.049 0.022 0.014 0.016 0.016 0.015 0.02 0.021 0.009 0.157 0.291 0.025 0.043 0.048 0.014 0.026 0.037 0.006 0.021 0.148
227 L 0.05 0.025 0.02 0.02 0.016 0.018 0.023 0.025 0.01 0.135 0.278 0.028 0.04 0.045 0.017 0.037 0.08 0.006 0.021 0.105
228 V 0.06 0.02 0.015 0.017 0.018 0.015 0.021 0.023 0.008 0.211 0.142 0.025 0.033 0.038 0.015 0.029 0.045 0.006 0.02 0.239
229 A 0.265 0.032 0.031 0.033 0.02 0.027 0.042 0.074 0.015 0.04 0.055 0.046 0.017 0.021 0.029 0.114 0.055 0.005 0.017 0.062
230 T 0.072 0.035 0.043 0.037 0.017 0.027 0.039 0.043 0.014 0.052 0.064 0.045 0.019 0.023 0.027 0.091 0.261 0.006 0.017 0.07
231 K 0.056 0.105 0.041 0.041 0.008 0.052 0.069 0.042 0.02 0.027 0.042 0.292 0.015 0.015 0.027 0.052 0.039 0.005 0.017 0.032
232 T 0.165 0.033 0.036 0.034 0.019 0.026 0.039 0.056 0.014 0.048 0.062 0.044 0.018 0.022 0.028 0.088 0.176 0.006 0.017 0.069
233 A 0.258 0.031 0.029 0.031 0.02 0.025 0.039 0.07 0.014 0.044 0.059 0.044 0.018 0.022 0.029 0.085 0.091 0.005 0.017 0.068
234 L 0.051 0.031 0.02 0.02 0.016 0.028 0.028 0.028 0.016 0.098 0.193 0.035 0.177 0.047 0.016 0.035 0.039 0.008 0.024 0.091
235 L 0.046 0.024 0.015 0.016 0.016 0.018 0.021 0.022 0.011 0.145 0.304 0.027 0.072 0.05 0.014 0.026 0.035 0.007 0.022 0.109
236 A 0.304 0.03 0.025 0.029 0.021 0.025 0.04 0.077 0.015 0.042 0.058 0.044 0.017 0.021 0.029 0.083 0.049 0.005 0.017 0.067
237 A 0.219 0.031 0.033 0.034 0.018 0.025 0.039 0.163 0.015 0.035 0.049 0.043 0.015 0.02 0.027 0.107 0.051 0.005 0.016 0.053
238 L 0.099 0.024 0.017 0.019 0.016 0.017 0.024 0.034 0.012 0.098 0.215 0.027 0.034 0.112 0.017 0.038 0.038 0.008 0.034 0.119
239 L 0.054 0.026 0.022 0.022 0.015 0.018 0.026 0.031 0.013 0.086 0.263 0.029 0.037 0.116 0.016 0.066 0.041 0.009 0.034 0.076
240 L 0.044 0.023 0.014 0.015 0.016 0.015 0.019 0.021 0.01 0.148 0.343 0.024 0.046 0.052 0.014 0.024 0.034 0.007 0.022 0.11
241 V 0.069 0.021 0.016 0.017 0.019 0.016 0.023 0.024 0.008 0.161 0.128 0.026 0.031 0.035 0.016 0.032 0.048 0.005 0.02 0.283
242 F 0.04 0.019 0.016 0.017 0.012 0.012 0.019 0.025 0.015 0.082 0.115 0.02 0.026 0.326 0.012 0.026 0.03 0.014 0.074 0.1
243 L 0.095 0.022 0.017 0.019 0.016 0.015 0.023 0.033 0.012 0.158 0.177 0.027 0.033 0.112 0.016 0.036 0.037 0.008 0.033 0.112
244 I 0.055 0.019 0.015 0.017 0.017 0.014 0.02 0.022 0.008 0.236 0.15 0.024 0.034 0.04 0.015 0.028 0.043 0.006 0.02 0.217
245 P 0.056 0.025 0.023 0.03 0.01 0.02 0.035 0.035 0.013 0.025 0.035 0.04 0.01 0.013 0.503 0.043 0.035 0.003 0.013 0.03
246 L 0.045 0.021 0.014 0.016 0.016 0.015 0.019 0.021 0.009 0.182 0.298 0.024 0.044 0.05 0.014 0.024 0.035 0.006 0.021 0.126
247 L 0.106 0.024 0.017 0.019 0.018 0.018 0.025 0.033 0.01 0.118 0.218 0.029 0.035 0.04 0.018 0.039 0.042 0.006 0.02 0.165
248 N 0.055 0.043 0.275 0.075 0.01 0.033 0.049 0.064 0.028 0.023 0.033 0.053 0.012 0.018 0.022 0.102 0.055 0.005 0.016 0.029
249 E 0.054 0.049 0.04 0.088 0.007 0.063 0.31 0.034 0.025 0.022 0.036 0.074 0.013 0.016 0.025 0.054 0.036 0.005 0.016 0.031
250 R 0.044 0.358 0.038 0.03 0.008 0.047 0.051 0.032 0.023 0.023 0.046 0.118 0.015 0.017 0.019 0.044 0.034 0.006 0.017 0.03
251 E 0.046 0.04 0.044 0.128 0.008 0.043 0.158 0.035 0.096 0.026 0.041 0.053 0.014 0.041 0.021 0.046 0.032 0.01 0.086 0.031
252 R 0.049 0.257 0.039 0.035 0.008 0.049 0.059 0.036 0.022 0.025 0.044 0.188 0.015 0.016 0.022 0.047 0.036 0.005 0.017 0.031
253 L 0.044 0.023 0.016 0.017 0.015 0.017 0.021 0.023 0.012 0.134 0.249 0.025 0.067 0.119 0.014 0.026 0.034 0.009 0.035 0.101
254 F 0.035 0.02 0.016 0.016 0.011 0.011 0.019 0.024 0.015 0.072 0.167 0.02 0.03 0.33 0.011 0.025 0.026 0.015 0.074 0.062
255 K 0.05 0.081 0.157 0.057 0.009 0.045 0.061 0.051 0.025 0.025 0.038 0.196 0.014 0.016 0.024 0.059 0.043 0.005 0.016 0.03
256 L 0.041 0.023 0.016 0.017 0.014 0.016 0.021 0.024 0.014 0.09 0.238 0.024 0.065 0.19 0.013 0.027 0.031 0.011 0.048 0.077
257 T 0.072 0.035 0.043 0.037 0.017 0.027 0.039 0.043 0.014 0.052 0.064 0.045 0.019 0.023 0.027 0.091 0.261 0.006 0.017 0.07
258 K 0.048 0.056 0.027 0.028 0.01 0.031 0.043 0.034 0.016 0.044 0.112 0.134 0.021 0.031 0.116 0.039 0.034 0.104 0.027 0.044
259 L 0.044 0.024 0.014 0.015 0.016 0.016 0.02 0.021 0.01 0.113 0.388 0.025 0.049 0.054 0.014 0.024 0.033 0.007 0.022 0.094
260 K 0.056 0.105 0.041 0.041 0.008 0.052 0.069 0.042 0.02 0.027 0.042 0.292 0.015 0.015 0.027 0.052 0.039 0.005 0.017 0.032
261 L 0.101 0.023 0.017 0.019 0.018 0.017 0.024 0.033 0.01 0.143 0.225 0.028 0.036 0.041 0.018 0.038 0.04 0.006 0.02 0.143
262 K 0.113 0.061 0.036 0.035 0.013 0.037 0.051 0.05 0.024 0.034 0.05 0.142 0.016 0.04 0.026 0.091 0.047 0.01 0.08 0.044
263 I 0.05 0.019 0.015 0.017 0.016 0.014 0.019 0.021 0.009 0.226 0.202 0.024 0.038 0.044 0.015 0.026 0.04 0.006 0.021 0.179
264 F 0.038 0.019 0.016 0.016 0.013 0.012 0.019 0.023 0.014 0.117 0.178 0.021 0.032 0.259 0.012 0.025 0.029 0.012 0.061 0.086
265 L 0.107 0.026 0.022 0.023 0.018 0.019 0.028 0.037 0.011 0.131 0.16 0.032 0.03 0.035 0.02 0.051 0.086 0.006 0.019 0.138
266 P 0.056 0.025 0.023 0.03 0.01 0.02 0.035 0.035 0.013 0.025 0.035 0.04 0.01 0.013 0.503 0.043 0.035 0.003 0.013 0.03
267 L 0.15 0.027 0.02 0.022 0.018 0.021 0.029 0.044 0.013 0.116 0.172 0.034 0.059 0.037 0.02 0.05 0.042 0.006 0.02 0.099
268 L 0.107 0.026 0.025 0.025 0.016 0.019 0.029 0.042 0.014 0.106 0.153 0.033 0.028 0.108 0.019 0.078 0.045 0.008 0.033 0.086
269 L 0.059 0.023 0.021 0.02 0.112 0.017 0.023 0.028 0.01 0.131 0.162 0.028 0.03 0.035 0.018 0.042 0.083 0.006 0.018 0.135
270 V 0.117 0.023 0.022 0.023 0.018 0.018 0.027 0.134 0.01 0.109 0.094 0.031 0.024 0.028 0.019 0.046 0.045 0.005 0.018 0.188
271 L 0.051 0.021 0.019 0.02 0.015 0.015 0.02 0.12 0.01 0.163 0.226 0.026 0.036 0.042 0.015 0.029 0.035 0.006 0.019 0.112
272 G 0.121 0.029 0.035 0.033 0.016 0.023 0.034 0.145 0.014 0.086 0.071 0.039 0.019 0.025 0.024 0.097 0.092 0.005 0.017 0.075
273 I 0.107 0.024 0.023 0.024 0.018 0.019 0.027 0.037 0.011 0.165 0.116 0.032 0.028 0.033 0.02 0.051 0.087 0.006 0.019 0.153
274 I 0.05 0.019 0.015 0.017 0.016 0.014 0.019 0.021 0.009 0.226 0.202 0.024 0.038 0.044 0.015 0.026 0.04 0.006 0.021 0.179
275 V 0.112 0.025 0.023 0.024 0.018 0.02 0.028 0.038 0.011 0.141 0.108 0.032 0.027 0.032 0.021 0.053 0.089 0.006 0.019 0.175
276 Y 0.042 0.023 0.019 0.018 0.012 0.018 0.023 0.023 0.031 0.14 0.106 0.028 0.025 0.094 0.015 0.028 0.032 0.019 0.207 0.097
277 V 0.055 0.025 0.018 0.018 0.016 0.02 0.024 0.026 0.013 0.116 0.151 0.028 0.088 0.113 0.015 0.032 0.04 0.009 0.035 0.16
278 I 0.097 0.021 0.016 0.019 0.017 0.016 0.022 0.032 0.01 0.202 0.188 0.028 0.035 0.041 0.017 0.036 0.04 0.006 0.02 0.136
279 L 0.101 0.027 0.08 0.032 0.016 0.021 0.03 0.041 0.014 0.125 0.154 0.034 0.029 0.034 0.019 0.046 0.044 0.006 0.019 0.129
280 D 0.046 0.028 0.05 0.258 0.008 0.026 0.068 0.042 0.016 0.023 0.031 0.043 0.01 0.014 0.215 0.048 0.035 0.003 0.012 0.026
281 L 0.043 0.02 0.015 0.016 0.015 0.014 0.019 0.021 0.011 0.172 0.243 0.023 0.039 0.119 0.013 0.024 0.034 0.008 0.034 0.118
282 L 0.042 0.023 0.014 0.015 0.015 0.015 0.02 0.022 0.011 0.103 0.333 0.024 0.044 0.123 0.013 0.024 0.031 0.009 0.035 0.086
283 E 0.054 0.061 0.037 0.057 0.009 0.087 0.164 0.036 0.023 0.039 0.071 0.113 0.048 0.022 0.023 0.05 0.038 0.006 0.019 0.044
284 A 0.173 0.099 0.039 0.037 0.017 0.033 0.047 0.063 0.018 0.033 0.049 0.062 0.016 0.02 0.027 0.136 0.059 0.005 0.017 0.049
285 L 0.055 0.027 0.025 0.024 0.017 0.02 0.027 0.029 0.011 0.123 0.214 0.032 0.034 0.039 0.019 0.051 0.125 0.006 0.02 0.1
286 G 0.07 0.027 0.097 0.043 0.01 0.021 0.03 0.429 0.017 0.019 0.028 0.037 0.01 0.016 0.019 0.054 0.033 0.005 0.012 0.024
287 L 0.044 0.024 0.014 0.015 0.016 0.016 0.02 0.021 0.01 0.113 0.388 0.025 0.049 0.054 0.014 0.024 0.033 0.007 0.022 0.094
288 L 0.039 0.025 0.017 0.016 0.011 0.018 0.023 0.024 0.025 0.068 0.192 0.027 0.03 0.085 0.013 0.026 0.029 0.114 0.155 0.062
289 D 0.05 0.032 0.056 0.27 0.008 0.034 0.121 0.138 0.019 0.021 0.029 0.048 0.01 0.015 0.022 0.052 0.034 0.004 0.012 0.025
290 R 0.044 0.358 0.038 0.03 0.008 0.047 0.051 0.032 0.023 0.023 0.046 0.118 0.015 0.017 0.019 0.044 0.034 0.006 0.017 0.03
291 L 0.047 0.021 0.015 0.016 0.015 0.014 0.02 0.022 0.011 0.147 0.236 0.023 0.038 0.117 0.014 0.026 0.036 0.008 0.034 0.14
292 L 0.054 0.027 0.018 0.019 0.016 0.022 0.025 0.025 0.013 0.148 0.174 0.031 0.12 0.044 0.016 0.033 0.041 0.007 0.022 0.146
293 W 0.03 0.022 0.015 0.015 0.007 0.015 0.022 0.03 0.015 0.03 0.052 0.022 0.015 0.059 0.007 0.022 0.022 0.502 0.067 0.03
294 F 0.047 0.02 0.016 0.017 0.014 0.013 0.02 0.025 0.013 0.102 0.118 0.021 0.027 0.253 0.013 0.028 0.034 0.012 0.06 0.146
295 Y 0.039 0.025 0.019 0.017 0.011 0.018 0.024 0.024 0.033 0.061 0.14 0.027 0.026 0.167 0.014 0.028 0.028 0.021 0.22 0.057
296 E 0.062 0.046 0.1 0.079 0.01 0.051 0.206 0.046 0.025 0.023 0.036 0.066 0.013 0.017 0.025 0.093 0.047 0.005 0.016 0.032
297 K 0.055 0.092 0.042 0.043 0.009 0.124 0.082 0.042 0.024 0.027 0.044 0.211 0.017 0.015 0.025 0.053 0.04 0.005 0.018 0.033
298 K 0.053 0.093 0.099 0.049 0.009 0.049 0.065 0.047 0.022 0.026 0.04 0.244 0.014 0.016 0.026 0.056 0.041 0.005 0.017 0.031
299 G 0.077 0.022 0.038 0.033 0.011 0.019 0.025 0.52 0.013 0.019 0.028 0.033 0.009 0.016 0.019 0.05 0.029 0.005 0.011 0.024
300 V 0.06 0.02 0.015 0.017 0.018 0.015 0.021 0.023 0.008 0.211 0.142 0.025 0.033 0.038 0.015 0.029 0.045 0.006 0.02 0.239
301 L 0.047 0.021 0.015 0.016 0.015 0.014 0.02 0.022 0.011 0.147 0.236 0.023 0.038 0.117 0.014 0.026 0.036 0.008 0.034 0.14
302 G 0.077 0.022 0.038 0.033 0.011 0.019 0.025 0.52 0.013 0.019 0.028 0.033 0.009 0.016 0.019 0.05 0.029 0.005 0.011 0.024
303 I 0.051 0.018 0.015 0.017 0.016 0.014 0.018 0.021 0.009 0.261 0.157 0.024 0.035 0.042 0.015 0.026 0.041 0.006 0.02 0.195
304 I 0.046 0.017 0.014 0.017 0.016 0.013 0.017 0.02 0.009 0.285 0.165 0.023 0.036 0.043 0.014 0.025 0.039 0.006 0.02 0.173
305 L 0.04 0.024 0.016 0.016 0.013 0.017 0.022 0.025 0.013 0.083 0.226 0.025 0.063 0.123 0.012 0.026 0.03 0.108 0.044 0.073
306 S 0.108 0.039 0.053 0.048 0.017 0.033 0.051 0.065 0.019 0.029 0.041 0.053 0.015 0.02 0.029 0.235 0.08 0.005 0.017 0.041
307 G 0.069 0.024 0.044 0.108 0.01 0.021 0.038 0.425 0.014 0.019 0.028 0.035 0.009 0.016 0.019 0.05 0.03 0.005 0.011 0.024
308 R 0.044 0.358 0.038 0.03 0.008 0.047 0.051 0.032 0.023 0.023 0.046 0.118 0.015 0.017 0.019 0.044 0.034 0.006 0.017 0.03
309 D 0.043 0.036 0.115 0.28 0.008 0.037 0.126 0.047 0.022 0.022 0.03 0.052 0.01 0.016 0.022 0.055 0.038 0.004 0.013 0.026
310 E 0.055 0.071 0.04 0.069 0.008 0.059 0.214 0.038 0.023 0.024 0.039 0.161 0.014 0.016 0.026 0.053 0.037 0.005 0.017 0.031
311 F 0.037 0.021 0.017 0.017 0.011 0.014 0.02 0.025 0.016 0.069 0.128 0.022 0.055 0.329 0.011 0.027 0.028 0.015 0.074 0.061
312 A 0.205 0.026 0.021 0.024 0.02 0.021 0.032 0.055 0.012 0.115 0.093 0.036 0.024 0.028 0.024 0.061 0.047 0.005 0.018 0.132
313 K 0.067 0.058 0.033 0.033 0.014 0.033 0.046 0.039 0.015 0.106 0.084 0.137 0.023 0.026 0.023 0.079 0.049 0.005 0.018 0.112
314 E 0.099 0.04 0.1 0.139 0.01 0.043 0.16 0.051 0.023 0.026 0.038 0.058 0.013 0.017 0.024 0.062 0.041 0.005 0.015 0.036
315 L 0.051 0.093 0.026 0.024 0.015 0.026 0.031 0.029 0.014 0.114 0.171 0.049 0.059 0.037 0.018 0.044 0.081 0.006 0.02 0.092
316 L 0.046 0.024 0.015 0.016 0.016 0.018 0.021 0.022 0.011 0.145 0.304 0.027 0.072 0.05 0.014 0.026 0.035 0.007 0.022 0.109
317 E 0.059 0.1 0.034 0.052 0.01 0.042 0.144 0.129 0.019 0.049 0.055 0.065 0.016 0.02 0.021 0.047 0.037 0.005 0.016 0.08
318 V 0.077 0.028 0.029 0.027 0.018 0.022 0.032 0.036 0.011 0.113 0.098 0.035 0.026 0.03 0.021 0.085 0.097 0.005 0.019 0.192
319 F 0.037 0.024 0.019 0.018 0.01 0.017 0.024 0.025 0.034 0.051 0.085 0.026 0.021 0.237 0.013 0.028 0.026 0.023 0.234 0.049
320 L 0.048 0.028 0.022 0.031 0.012 0.025 0.08 0.026 0.021 0.08 0.146 0.035 0.027 0.126 0.016 0.033 0.034 0.012 0.095 0.102
