#Seq2Logo.py -f /work3/idamei/ssn-clusterings/2206011120/clusters/0005_173/sequences.afa -m 0.0001 -b 50 -o /work3/idamei/ssn-clusterings/2206011120/clusters/0005_173/sequences.logo
#Position Specific Frequency Matrix
A R N D C Q E G H I L K M F P S T W Y V
0 M 0.049 0.03 0.019 0.019 0.015 0.027 0.027 0.027 0.015 0.095 0.186 0.034 0.208 0.045 0.015 0.034 0.038 0.008 0.023 0.087
1 D 0.046 0.065 0.052 0.235 0.008 0.039 0.077 0.042 0.019 0.024 0.034 0.181 0.012 0.014 0.024 0.05 0.035 0.004 0.013 0.027
2 I 0.04 0.023 0.1 0.032 0.012 0.017 0.024 0.031 0.016 0.176 0.114 0.028 0.026 0.13 0.014 0.034 0.036 0.008 0.034 0.103
3 R 0.067 0.125 0.042 0.049 0.012 0.041 0.118 0.042 0.019 0.03 0.045 0.07 0.015 0.019 0.024 0.111 0.109 0.005 0.016 0.041
4 F 0.034 0.019 0.017 0.017 0.011 0.011 0.019 0.025 0.017 0.063 0.114 0.019 0.025 0.387 0.011 0.025 0.025 0.017 0.089 0.055
5 P 0.057 0.026 0.023 0.031 0.01 0.021 0.036 0.036 0.013 0.026 0.036 0.041 0.01 0.013 0.494 0.044 0.036 0.003 0.013 0.031
6 R 0.045 0.345 0.039 0.031 0.008 0.048 0.052 0.033 0.023 0.023 0.047 0.12 0.016 0.017 0.019 0.045 0.035 0.006 0.017 0.031
7 V 0.07 0.022 0.016 0.018 0.019 0.016 0.023 0.025 0.008 0.165 0.13 0.026 0.032 0.036 0.016 0.033 0.049 0.006 0.021 0.269
8 L 0.052 0.032 0.02 0.02 0.016 0.028 0.028 0.028 0.016 0.1 0.197 0.036 0.161 0.048 0.016 0.036 0.04 0.008 0.024 0.092
9 N 0.043 0.045 0.317 0.083 0.009 0.034 0.049 0.065 0.032 0.022 0.032 0.054 0.011 0.018 0.02 0.07 0.049 0.004 0.016 0.027
10 S 0.11 0.04 0.054 0.049 0.018 0.033 0.052 0.066 0.019 0.03 0.042 0.054 0.016 0.021 0.03 0.22 0.082 0.005 0.018 0.042
11 S 0.11 0.04 0.054 0.049 0.018 0.033 0.052 0.066 0.019 0.03 0.042 0.054 0.016 0.021 0.03 0.22 0.082 0.005 0.018 0.042
12 I 0.047 0.018 0.015 0.018 0.016 0.013 0.018 0.021 0.009 0.271 0.168 0.024 0.037 0.044 0.015 0.025 0.04 0.006 0.021 0.177
13 P 0.057 0.026 0.023 0.031 0.01 0.021 0.036 0.036 0.013 0.026 0.036 0.041 0.01 0.013 0.494 0.044 0.036 0.003 0.013 0.031
14 L 0.045 0.024 0.014 0.015 0.016 0.016 0.02 0.021 0.01 0.115 0.375 0.025 0.05 0.055 0.014 0.024 0.033 0.007 0.022 0.096
15 S 0.11 0.04 0.054 0.049 0.018 0.033 0.052 0.066 0.019 0.03 0.042 0.054 0.016 0.021 0.03 0.22 0.082 0.005 0.018 0.042
16 H 0.042 0.046 0.053 0.038 0.008 0.038 0.053 0.038 0.355 0.023 0.038 0.046 0.015 0.03 0.019 0.042 0.027 0.008 0.057 0.023
17 S 0.11 0.04 0.054 0.049 0.018 0.033 0.052 0.066 0.019 0.03 0.042 0.054 0.016 0.021 0.03 0.22 0.082 0.005 0.018 0.042
18 I 0.047 0.018 0.015 0.018 0.016 0.013 0.018 0.021 0.009 0.271 0.168 0.024 0.037 0.044 0.015 0.025 0.04 0.006 0.021 0.177
19 A 0.29 0.031 0.026 0.03 0.022 0.026 0.04 0.078 0.015 0.043 0.059 0.045 0.018 0.022 0.03 0.085 0.05 0.005 0.018 0.069
20 H 0.042 0.046 0.053 0.038 0.008 0.038 0.053 0.038 0.355 0.023 0.038 0.046 0.015 0.03 0.019 0.042 0.027 0.008 0.057 0.023
21 E 0.055 0.05 0.04 0.09 0.007 0.064 0.296 0.035 0.026 0.022 0.037 0.076 0.013 0.017 0.026 0.055 0.037 0.006 0.017 0.031
22 R 0.045 0.345 0.039 0.031 0.008 0.048 0.052 0.033 0.023 0.023 0.047 0.12 0.016 0.017 0.019 0.045 0.035 0.006 0.017 0.031
23 L 0.135 0.028 0.019 0.021 0.017 0.023 0.029 0.041 0.013 0.084 0.214 0.034 0.083 0.04 0.019 0.047 0.04 0.007 0.021 0.083
24 N 0.041 0.036 0.176 0.05 0.009 0.027 0.038 0.044 0.038 0.032 0.049 0.042 0.015 0.073 0.018 0.049 0.038 0.016 0.173 0.036
25 F 0.07 0.031 0.037 0.033 0.015 0.023 0.036 0.044 0.016 0.047 0.072 0.038 0.02 0.149 0.022 0.119 0.124 0.009 0.04 0.054
26 K 0.049 0.15 0.032 0.031 0.01 0.04 0.05 0.033 0.017 0.097 0.071 0.193 0.02 0.022 0.021 0.042 0.036 0.005 0.017 0.064
27 Y 0.062 0.031 0.033 0.029 0.013 0.025 0.035 0.038 0.03 0.04 0.058 0.038 0.017 0.072 0.021 0.103 0.105 0.016 0.187 0.049
28 N 0.04 0.042 0.356 0.078 0.008 0.032 0.047 0.062 0.03 0.021 0.03 0.051 0.011 0.017 0.019 0.066 0.047 0.004 0.015 0.025
29 L 0.049 0.021 0.014 0.016 0.016 0.015 0.019 0.021 0.009 0.171 0.276 0.024 0.04 0.045 0.014 0.025 0.037 0.006 0.02 0.165
30 Y 0.042 0.036 0.032 0.039 0.008 0.035 0.11 0.029 0.126 0.031 0.05 0.043 0.015 0.073 0.018 0.038 0.028 0.016 0.196 0.035
31 E 0.048 0.032 0.026 0.051 0.011 0.037 0.177 0.026 0.016 0.167 0.097 0.047 0.023 0.029 0.019 0.038 0.036 0.005 0.018 0.098
32 L 0.037 0.02 0.014 0.015 0.012 0.013 0.019 0.023 0.012 0.127 0.182 0.021 0.03 0.143 0.011 0.023 0.029 0.137 0.047 0.084
33 L 0.131 0.03 0.027 0.027 0.017 0.024 0.033 0.046 0.014 0.068 0.173 0.038 0.072 0.034 0.021 0.1 0.048 0.006 0.019 0.071
34 L 0.039 0.023 0.016 0.016 0.012 0.015 0.021 0.022 0.02 0.08 0.249 0.024 0.034 0.162 0.013 0.025 0.028 0.014 0.121 0.069
35 I 0.056 0.022 0.021 0.021 0.016 0.017 0.023 0.026 0.009 0.208 0.125 0.028 0.029 0.035 0.017 0.041 0.103 0.005 0.019 0.178
36 I 0.05 0.018 0.014 0.017 0.016 0.013 0.018 0.02 0.008 0.273 0.15 0.023 0.033 0.04 0.014 0.025 0.04 0.005 0.019 0.203
37 L 0.052 0.026 0.017 0.017 0.016 0.021 0.024 0.024 0.012 0.113 0.226 0.029 0.123 0.044 0.015 0.031 0.038 0.007 0.021 0.144
38 F 0.033 0.02 0.017 0.016 0.01 0.013 0.02 0.024 0.023 0.055 0.097 0.021 0.022 0.347 0.011 0.025 0.025 0.019 0.152 0.05
39 L 0.043 0.02 0.014 0.016 0.015 0.014 0.018 0.02 0.009 0.211 0.285 0.023 0.041 0.047 0.014 0.023 0.035 0.006 0.02 0.129
40 L 0.04 0.02 0.014 0.015 0.014 0.013 0.018 0.021 0.011 0.147 0.272 0.022 0.038 0.142 0.013 0.023 0.031 0.009 0.036 0.1
41 L 0.046 0.027 0.016 0.017 0.015 0.021 0.023 0.023 0.012 0.102 0.298 0.029 0.127 0.049 0.014 0.028 0.035 0.007 0.022 0.089
42 W 0.03 0.02 0.015 0.015 0.009 0.012 0.02 0.026 0.015 0.044 0.079 0.02 0.019 0.239 0.009 0.023 0.023 0.269 0.074 0.04
43 L 0.043 0.02 0.016 0.019 0.013 0.014 0.022 0.024 0.011 0.126 0.178 0.026 0.029 0.132 0.14 0.028 0.032 0.008 0.034 0.085
44 P 0.053 0.047 0.032 0.037 0.009 0.139 0.066 0.037 0.02 0.025 0.039 0.062 0.015 0.013 0.272 0.047 0.037 0.004 0.016 0.031
45 S 0.09 0.036 0.043 0.039 0.016 0.03 0.044 0.054 0.017 0.045 0.076 0.047 0.063 0.026 0.025 0.207 0.068 0.006 0.018 0.051
46 I 0.052 0.031 0.021 0.024 0.014 0.075 0.038 0.025 0.013 0.201 0.121 0.039 0.03 0.033 0.016 0.033 0.04 0.005 0.019 0.169
47 L 0.044 0.024 0.014 0.015 0.016 0.016 0.02 0.021 0.01 0.113 0.388 0.025 0.049 0.054 0.014 0.024 0.033 0.007 0.022 0.094
48 S 0.108 0.039 0.053 0.048 0.017 0.033 0.051 0.065 0.019 0.029 0.041 0.053 0.015 0.02 0.029 0.235 0.08 0.005 0.017 0.041
49 D 0.048 0.051 0.055 0.228 0.008 0.13 0.095 0.043 0.024 0.024 0.037 0.067 0.015 0.015 0.022 0.053 0.038 0.005 0.016 0.029
50 D 0.05 0.138 0.04 0.154 0.011 0.031 0.054 0.034 0.016 0.068 0.066 0.062 0.018 0.022 0.019 0.042 0.039 0.005 0.016 0.115
51 I 0.046 0.017 0.014 0.017 0.016 0.013 0.017 0.02 0.009 0.292 0.163 0.023 0.036 0.043 0.014 0.024 0.039 0.006 0.02 0.172
52 C 0.065 0.016 0.016 0.016 0.484 0.012 0.016 0.032 0.008 0.045 0.065 0.02 0.016 0.02 0.016 0.041 0.037 0.004 0.012 0.057
53 P 0.059 0.029 0.04 0.131 0.011 0.025 0.049 0.041 0.023 0.029 0.041 0.04 0.013 0.042 0.147 0.096 0.043 0.009 0.099 0.034
54 G 0.054 0.019 0.021 0.02 0.013 0.014 0.02 0.151 0.011 0.136 0.104 0.024 0.024 0.128 0.014 0.032 0.034 0.008 0.033 0.138
55 F 0.035 0.018 0.015 0.016 0.011 0.011 0.018 0.023 0.014 0.123 0.12 0.019 0.027 0.327 0.011 0.024 0.027 0.013 0.068 0.081
56 G 0.067 0.037 0.12 0.06 0.011 0.035 0.114 0.174 0.021 0.022 0.033 0.051 0.012 0.017 0.022 0.108 0.047 0.005 0.014 0.029
57 Y 0.038 0.026 0.021 0.018 0.009 0.021 0.026 0.023 0.044 0.041 0.065 0.029 0.018 0.123 0.015 0.029 0.026 0.026 0.356 0.044
58 G 0.063 0.025 0.027 0.025 0.015 0.019 0.026 0.156 0.011 0.083 0.155 0.031 0.026 0.031 0.018 0.047 0.099 0.006 0.017 0.123
59 D 0.039 0.028 0.065 0.432 0.007 0.028 0.086 0.044 0.018 0.021 0.026 0.042 0.009 0.014 0.021 0.049 0.033 0.003 0.011 0.023
60 E 0.052 0.047 0.038 0.085 0.007 0.061 0.336 0.033 0.024 0.021 0.035 0.071 0.012 0.016 0.024 0.052 0.035 0.005 0.016 0.03
61 L 0.049 0.021 0.014 0.016 0.016 0.015 0.019 0.021 0.009 0.171 0.276 0.024 0.04 0.045 0.014 0.025 0.037 0.006 0.02 0.165
62 F 0.034 0.019 0.015 0.016 0.011 0.011 0.018 0.023 0.014 0.072 0.184 0.019 0.03 0.329 0.011 0.024 0.026 0.014 0.068 0.062
63 G 0.135 0.029 0.036 0.033 0.016 0.024 0.034 0.173 0.013 0.04 0.051 0.04 0.016 0.02 0.024 0.076 0.163 0.005 0.015 0.055
64 L 0.049 0.021 0.014 0.016 0.016 0.015 0.019 0.021 0.009 0.171 0.276 0.024 0.04 0.045 0.014 0.025 0.037 0.006 0.02 0.165
65 I 0.051 0.021 0.016 0.017 0.016 0.017 0.02 0.022 0.01 0.219 0.156 0.026 0.077 0.041 0.015 0.028 0.04 0.006 0.02 0.183
66 G 0.059 0.021 0.025 0.024 0.013 0.016 0.021 0.279 0.011 0.114 0.156 0.027 0.025 0.031 0.016 0.036 0.031 0.006 0.015 0.076
67 L 0.042 0.023 0.013 0.014 0.015 0.015 0.019 0.02 0.01 0.109 0.411 0.024 0.047 0.052 0.013 0.023 0.032 0.007 0.021 0.091
68 V 0.053 0.023 0.018 0.02 0.015 0.019 0.025 0.026 0.011 0.147 0.125 0.03 0.071 0.033 0.142 0.033 0.039 0.005 0.018 0.148
69 T 0.054 0.029 0.029 0.026 0.014 0.022 0.03 0.031 0.02 0.063 0.15 0.035 0.025 0.055 0.02 0.057 0.159 0.011 0.103 0.067
70 L 0.045 0.021 0.015 0.015 0.015 0.014 0.02 0.022 0.011 0.108 0.263 0.023 0.037 0.14 0.013 0.025 0.033 0.009 0.036 0.136
71 I 0.059 0.022 0.023 0.024 0.016 0.017 0.025 0.03 0.011 0.241 0.129 0.029 0.03 0.036 0.017 0.084 0.048 0.005 0.019 0.135
72 F 0.056 0.032 0.11 0.04 0.013 0.025 0.035 0.044 0.02 0.051 0.091 0.038 0.064 0.126 0.018 0.097 0.046 0.008 0.034 0.051
73 P 0.044 0.123 0.116 0.043 0.008 0.033 0.045 0.041 0.114 0.022 0.036 0.062 0.012 0.019 0.144 0.047 0.035 0.005 0.024 0.026
74 Y 0.038 0.023 0.018 0.016 0.011 0.017 0.022 0.023 0.028 0.063 0.162 0.025 0.027 0.18 0.013 0.026 0.027 0.019 0.204 0.058
75 V 0.07 0.028 0.029 0.027 0.018 0.022 0.031 0.033 0.011 0.107 0.096 0.035 0.025 0.029 0.022 0.062 0.155 0.006 0.019 0.176
76 R 0.045 0.312 0.037 0.032 0.008 0.047 0.054 0.033 0.021 0.023 0.043 0.165 0.015 0.016 0.02 0.044 0.034 0.005 0.016 0.03
77 K 0.144 0.078 0.034 0.036 0.012 0.042 0.058 0.052 0.018 0.031 0.046 0.222 0.015 0.017 0.027 0.061 0.041 0.005 0.017 0.043
78 L 0.042 0.112 0.021 0.019 0.012 0.024 0.028 0.024 0.021 0.121 0.169 0.047 0.028 0.058 0.015 0.03 0.032 0.011 0.103 0.083
79 L 0.048 0.026 0.1 0.032 0.014 0.019 0.026 0.031 0.014 0.149 0.18 0.03 0.03 0.036 0.015 0.036 0.041 0.005 0.019 0.148
80 L 0.039 0.111 0.02 0.018 0.012 0.022 0.026 0.024 0.014 0.075 0.243 0.045 0.033 0.135 0.014 0.028 0.03 0.009 0.036 0.066
81 E 0.052 0.056 0.034 0.057 0.009 0.05 0.191 0.033 0.021 0.041 0.074 0.124 0.062 0.023 0.022 0.047 0.036 0.006 0.018 0.044
82 N 0.059 0.056 0.124 0.05 0.01 0.037 0.053 0.05 0.115 0.024 0.037 0.116 0.014 0.02 0.023 0.105 0.047 0.005 0.025 0.029
83 R 0.056 0.122 0.116 0.043 0.01 0.032 0.043 0.045 0.028 0.028 0.044 0.061 0.014 0.044 0.02 0.1 0.046 0.01 0.101 0.035
84 L 0.052 0.024 0.023 0.024 0.014 0.018 0.027 0.029 0.011 0.124 0.166 0.032 0.027 0.032 0.144 0.044 0.098 0.005 0.017 0.088
85 Y 0.049 0.044 0.024 0.023 0.011 0.027 0.035 0.028 0.029 0.066 0.073 0.101 0.02 0.074 0.018 0.035 0.034 0.016 0.187 0.107
86 V 0.069 0.021 0.016 0.017 0.019 0.016 0.023 0.024 0.008 0.161 0.128 0.026 0.031 0.035 0.016 0.032 0.048 0.005 0.02 0.283
87 K 0.054 0.068 0.03 0.03 0.012 0.04 0.048 0.035 0.018 0.063 0.118 0.164 0.096 0.031 0.021 0.044 0.039 0.006 0.02 0.061
88 R 0.05 0.231 0.039 0.036 0.008 0.05 0.06 0.037 0.022 0.025 0.044 0.205 0.015 0.016 0.023 0.048 0.037 0.005 0.017 0.031
89 I 0.049 0.024 0.017 0.019 0.016 0.02 0.022 0.024 0.012 0.192 0.179 0.029 0.107 0.045 0.015 0.03 0.039 0.007 0.022 0.132
90 F 0.038 0.017 0.015 0.016 0.013 0.011 0.017 0.022 0.012 0.186 0.133 0.02 0.029 0.232 0.012 0.024 0.031 0.011 0.052 0.109
91 F 0.042 0.041 0.022 0.022 0.011 0.023 0.032 0.027 0.022 0.11 0.093 0.097 0.023 0.15 0.016 0.032 0.031 0.013 0.119 0.073
92 L 0.065 0.026 0.029 0.027 0.014 0.02 0.028 0.16 0.012 0.066 0.222 0.033 0.029 0.035 0.018 0.09 0.042 0.006 0.017 0.061
93 A 0.187 0.025 0.019 0.022 0.018 0.019 0.028 0.047 0.011 0.126 0.17 0.033 0.029 0.034 0.021 0.052 0.041 0.006 0.018 0.097
94 L 0.041 0.019 0.014 0.016 0.014 0.013 0.018 0.021 0.011 0.198 0.209 0.022 0.035 0.139 0.013 0.024 0.033 0.008 0.036 0.119
95 G 0.079 0.025 0.035 0.032 0.014 0.021 0.03 0.29 0.013 0.055 0.054 0.035 0.016 0.021 0.02 0.098 0.045 0.005 0.014 0.099
96 F 0.044 0.018 0.015 0.016 0.013 0.012 0.019 0.023 0.012 0.147 0.124 0.021 0.028 0.23 0.012 0.026 0.033 0.011 0.052 0.145
97 L 0.114 0.025 0.016 0.018 0.017 0.017 0.024 0.034 0.011 0.092 0.322 0.028 0.039 0.044 0.017 0.037 0.035 0.006 0.02 0.084
98 L 0.043 0.02 0.014 0.016 0.015 0.014 0.018 0.02 0.009 0.211 0.285 0.023 0.041 0.047 0.014 0.023 0.035 0.006 0.02 0.129
99 I 0.044 0.017 0.014 0.017 0.015 0.013 0.017 0.019 0.008 0.312 0.158 0.022 0.035 0.042 0.014 0.024 0.038 0.006 0.019 0.167
100 G 0.074 0.022 0.037 0.032 0.01 0.018 0.024 0.538 0.013 0.018 0.027 0.032 0.009 0.015 0.018 0.048 0.028 0.005 0.01 0.023
101 L 0.044 0.019 0.014 0.015 0.138 0.013 0.018 0.025 0.01 0.123 0.17 0.022 0.028 0.042 0.012 0.027 0.031 0.134 0.029 0.085
102 I 0.049 0.019 0.014 0.016 0.016 0.014 0.019 0.021 0.008 0.222 0.213 0.023 0.037 0.042 0.014 0.025 0.038 0.006 0.02 0.184
103 S 0.096 0.034 0.048 0.043 0.015 0.028 0.043 0.181 0.017 0.025 0.036 0.046 0.013 0.019 0.025 0.21 0.065 0.005 0.015 0.035
104 T 0.069 0.033 0.041 0.035 0.017 0.026 0.037 0.041 0.013 0.05 0.061 0.043 0.019 0.022 0.026 0.087 0.289 0.006 0.017 0.067
105 I 0.04 0.019 0.016 0.017 0.012 0.014 0.019 0.022 0.019 0.181 0.122 0.023 0.028 0.157 0.013 0.025 0.031 0.013 0.12 0.107
106 L 0.045 0.132 0.026 0.024 0.012 0.032 0.039 0.028 0.015 0.066 0.227 0.12 0.031 0.034 0.018 0.035 0.033 0.006 0.019 0.06
107 S 0.071 0.036 0.043 0.036 0.012 0.03 0.044 0.046 0.118 0.03 0.045 0.044 0.015 0.048 0.022 0.149 0.052 0.011 0.111 0.036
108 G 0.055 0.049 0.045 0.147 0.008 0.039 0.128 0.164 0.019 0.021 0.032 0.116 0.011 0.015 0.022 0.05 0.033 0.005 0.013 0.027
109 I 0.049 0.019 0.014 0.016 0.016 0.014 0.019 0.021 0.008 0.222 0.213 0.023 0.037 0.042 0.014 0.025 0.038 0.006 0.02 0.184
110 S 0.078 0.054 0.046 0.045 0.012 0.145 0.073 0.051 0.023 0.027 0.042 0.069 0.017 0.017 0.025 0.158 0.058 0.005 0.018 0.036
111 R 0.063 0.148 0.042 0.04 0.01 0.097 0.066 0.043 0.022 0.025 0.042 0.142 0.016 0.016 0.024 0.102 0.047 0.005 0.017 0.033
112 P 0.059 0.033 0.123 0.146 0.01 0.028 0.054 0.051 0.019 0.024 0.032 0.046 0.011 0.016 0.148 0.105 0.048 0.004 0.014 0.029
113 L 0.039 0.027 0.1 0.031 0.012 0.018 0.026 0.031 0.016 0.075 0.24 0.029 0.032 0.135 0.014 0.034 0.033 0.008 0.035 0.065
114 I 0.046 0.02 0.015 0.017 0.015 0.016 0.019 0.021 0.01 0.258 0.165 0.025 0.078 0.043 0.014 0.026 0.038 0.006 0.02 0.147
115 A 0.198 0.025 0.02 0.022 0.019 0.02 0.03 0.049 0.011 0.098 0.089 0.033 0.023 0.027 0.022 0.056 0.047 0.005 0.018 0.188
116 N 0.042 0.121 0.19 0.051 0.01 0.03 0.04 0.043 0.022 0.094 0.065 0.059 0.018 0.023 0.018 0.049 0.041 0.005 0.016 0.062
117 L 0.048 0.022 0.014 0.015 0.016 0.015 0.02 0.021 0.009 0.12 0.339 0.024 0.043 0.047 0.014 0.025 0.035 0.006 0.021 0.146
118 L 0.063 0.03 0.031 0.028 0.014 0.023 0.033 0.037 0.021 0.057 0.144 0.037 0.024 0.054 0.021 0.101 0.106 0.011 0.103 0.06
119 D 0.039 0.028 0.065 0.432 0.007 0.028 0.086 0.044 0.018 0.021 0.026 0.042 0.009 0.014 0.021 0.049 0.033 0.003 0.011 0.023
120 C 0.054 0.016 0.016 0.016 0.387 0.011 0.016 0.029 0.01 0.047 0.073 0.019 0.018 0.12 0.014 0.035 0.032 0.007 0.03 0.053
121 F 0.032 0.018 0.016 0.016 0.01 0.01 0.018 0.024 0.016 0.06 0.108 0.018 0.024 0.422 0.01 0.024 0.024 0.016 0.084 0.052
122 A 0.2 0.031 0.033 0.032 0.019 0.025 0.038 0.057 0.013 0.046 0.059 0.042 0.018 0.021 0.027 0.084 0.168 0.005 0.017 0.066
123 L 0.04 0.02 0.014 0.015 0.014 0.013 0.018 0.021 0.011 0.147 0.272 0.022 0.038 0.142 0.013 0.023 0.031 0.009 0.036 0.1
124 L 0.045 0.022 0.015 0.017 0.015 0.017 0.02 0.021 0.01 0.207 0.228 0.026 0.081 0.045 0.014 0.026 0.036 0.006 0.021 0.128
125 K 0.054 0.101 0.039 0.039 0.008 0.05 0.067 0.041 0.02 0.026 0.041 0.319 0.015 0.015 0.026 0.05 0.037 0.005 0.016 0.031
126 F 0.039 0.022 0.016 0.016 0.013 0.015 0.02 0.024 0.014 0.081 0.203 0.023 0.076 0.235 0.012 0.026 0.029 0.012 0.053 0.07
127 P 0.044 0.023 0.02 0.023 0.01 0.017 0.028 0.029 0.021 0.037 0.06 0.031 0.015 0.142 0.267 0.034 0.03 0.012 0.116 0.039
128 V 0.053 0.022 0.022 0.021 0.015 0.016 0.023 0.027 0.011 0.144 0.113 0.027 0.027 0.13 0.016 0.042 0.099 0.008 0.035 0.149
129 I 0.056 0.022 0.021 0.021 0.016 0.017 0.023 0.026 0.009 0.208 0.125 0.028 0.029 0.035 0.017 0.041 0.103 0.005 0.019 0.178
130 F 0.041 0.019 0.017 0.016 0.135 0.013 0.019 0.026 0.021 0.051 0.085 0.021 0.02 0.246 0.013 0.029 0.027 0.016 0.134 0.05
131 L 0.039 0.023 0.016 0.016 0.012 0.015 0.021 0.022 0.02 0.08 0.249 0.024 0.034 0.162 0.013 0.025 0.028 0.014 0.121 0.069
132 L 0.04 0.025 0.017 0.016 0.012 0.018 0.023 0.022 0.027 0.075 0.238 0.027 0.032 0.088 0.014 0.026 0.029 0.017 0.189 0.067
133 F 0.06 0.024 0.03 0.027 0.012 0.017 0.027 0.162 0.016 0.041 0.07 0.03 0.018 0.22 0.016 0.09 0.038 0.01 0.049 0.042
134 L 0.042 0.202 0.025 0.022 0.011 0.03 0.034 0.026 0.016 0.065 0.227 0.069 0.031 0.034 0.016 0.032 0.032 0.006 0.019 0.06
135 Y 0.055 0.029 0.028 0.025 0.011 0.023 0.032 0.033 0.038 0.038 0.058 0.035 0.017 0.097 0.018 0.088 0.039 0.021 0.271 0.043
136 L 0.048 0.022 0.014 0.015 0.016 0.015 0.02 0.021 0.009 0.12 0.339 0.024 0.043 0.047 0.014 0.025 0.035 0.006 0.021 0.146
137 L 0.039 0.023 0.016 0.016 0.012 0.015 0.021 0.022 0.02 0.08 0.249 0.024 0.034 0.162 0.013 0.025 0.028 0.014 0.121 0.069
138 N 0.063 0.035 0.117 0.044 0.013 0.027 0.04 0.047 0.026 0.035 0.049 0.044 0.015 0.046 0.022 0.112 0.11 0.01 0.101 0.044
139 K 0.047 0.157 0.118 0.046 0.008 0.045 0.057 0.044 0.023 0.024 0.039 0.201 0.014 0.016 0.022 0.052 0.039 0.005 0.016 0.029
140 C 0.072 0.039 0.037 0.035 0.139 0.082 0.05 0.043 0.017 0.036 0.052 0.05 0.017 0.019 0.023 0.111 0.11 0.005 0.016 0.048
141 K 0.063 0.071 0.121 0.051 0.01 0.041 0.057 0.051 0.022 0.025 0.038 0.185 0.014 0.016 0.025 0.108 0.05 0.005 0.016 0.032
142 L 0.064 0.025 0.023 0.023 0.016 0.019 0.027 0.031 0.011 0.151 0.183 0.03 0.032 0.037 0.018 0.085 0.048 0.006 0.019 0.152
143 N 0.047 0.04 0.277 0.068 0.011 0.03 0.044 0.056 0.026 0.028 0.038 0.049 0.013 0.018 0.021 0.071 0.107 0.005 0.015 0.036
144 K 0.047 0.068 0.114 0.044 0.008 0.038 0.052 0.042 0.028 0.029 0.044 0.18 0.014 0.042 0.021 0.049 0.037 0.01 0.101 0.033
145 V 0.052 0.019 0.015 0.017 0.015 0.013 0.02 0.022 0.01 0.171 0.128 0.022 0.03 0.133 0.014 0.027 0.039 0.008 0.036 0.21
146 L 0.043 0.02 0.014 0.016 0.015 0.014 0.018 0.02 0.009 0.211 0.285 0.023 0.041 0.047 0.014 0.023 0.035 0.006 0.02 0.129
147 N 0.043 0.043 0.276 0.08 0.008 0.039 0.119 0.054 0.028 0.021 0.031 0.056 0.011 0.017 0.02 0.062 0.044 0.004 0.015 0.026
148 I 0.047 0.019 0.016 0.02 0.014 0.014 0.021 0.023 0.009 0.24 0.127 0.026 0.028 0.034 0.141 0.028 0.037 0.005 0.018 0.132
149 L 0.043 0.02 0.014 0.016 0.015 0.014 0.018 0.02 0.009 0.211 0.285 0.023 0.041 0.047 0.014 0.023 0.035 0.006 0.02 0.129
150 F 0.036 0.021 0.016 0.016 0.011 0.014 0.02 0.023 0.021 0.067 0.173 0.022 0.028 0.255 0.012 0.025 0.026 0.016 0.136 0.06
151 F 0.04 0.038 0.021 0.022 0.011 0.021 0.03 0.027 0.015 0.114 0.104 0.094 0.024 0.225 0.015 0.03 0.031 0.011 0.051 0.075
152 L 0.043 0.021 0.014 0.015 0.015 0.015 0.018 0.02 0.009 0.16 0.348 0.023 0.044 0.049 0.014 0.023 0.033 0.006 0.021 0.11
153 S 0.086 0.032 0.04 0.036 0.017 0.026 0.04 0.047 0.014 0.065 0.066 0.042 0.02 0.024 0.024 0.162 0.123 0.005 0.017 0.114
154 K 0.053 0.15 0.033 0.031 0.134 0.04 0.05 0.036 0.017 0.029 0.047 0.193 0.015 0.016 0.021 0.045 0.036 0.005 0.015 0.036
155 L 0.042 0.022 0.016 0.016 0.014 0.016 0.02 0.023 0.012 0.144 0.216 0.025 0.078 0.14 0.013 0.026 0.033 0.009 0.037 0.099
156 Y 0.052 0.024 0.018 0.017 0.013 0.018 0.024 0.023 0.026 0.098 0.094 0.027 0.024 0.079 0.015 0.03 0.037 0.016 0.188 0.177
157 V 0.055 0.019 0.015 0.017 0.017 0.014 0.019 0.021 0.008 0.234 0.141 0.023 0.032 0.038 0.015 0.027 0.042 0.005 0.019 0.238
158 I 0.049 0.019 0.014 0.016 0.016 0.014 0.019 0.021 0.008 0.222 0.213 0.023 0.037 0.042 0.014 0.025 0.038 0.006 0.02 0.184
159 L 0.046 0.02 0.015 0.016 0.015 0.013 0.019 0.022 0.01 0.159 0.2 0.022 0.034 0.137 0.013 0.025 0.035 0.008 0.036 0.155
160 G 0.145 0.028 0.037 0.034 0.014 0.023 0.034 0.303 0.014 0.026 0.037 0.039 0.012 0.018 0.023 0.11 0.045 0.005 0.013 0.038
161 G 0.078 0.029 0.039 0.035 0.013 0.023 0.035 0.172 0.016 0.033 0.053 0.038 0.016 0.119 0.021 0.15 0.052 0.008 0.032 0.038
162 I 0.044 0.017 0.014 0.017 0.015 0.013 0.017 0.019 0.008 0.312 0.158 0.022 0.035 0.042 0.014 0.024 0.038 0.006 0.019 0.167
163 F 0.039 0.017 0.016 0.016 0.136 0.01 0.017 0.026 0.014 0.055 0.096 0.018 0.022 0.321 0.011 0.028 0.027 0.013 0.066 0.052
164 G 0.06 0.019 0.026 0.024 0.136 0.014 0.02 0.283 0.012 0.034 0.056 0.025 0.014 0.118 0.015 0.04 0.029 0.008 0.029 0.038
165 I 0.044 0.018 0.014 0.016 0.015 0.013 0.017 0.02 0.009 0.261 0.222 0.023 0.038 0.044 0.014 0.023 0.036 0.006 0.02 0.148
166 L 0.115 0.023 0.016 0.018 0.017 0.017 0.023 0.033 0.01 0.143 0.259 0.028 0.036 0.041 0.017 0.037 0.037 0.006 0.02 0.103
167 N 0.056 0.041 0.279 0.07 0.01 0.032 0.047 0.062 0.027 0.023 0.032 0.051 0.012 0.018 0.021 0.115 0.054 0.004 0.015 0.029
168 L 0.044 0.035 0.022 0.023 0.012 0.078 0.04 0.026 0.023 0.071 0.233 0.041 0.033 0.06 0.016 0.032 0.032 0.011 0.104 0.065
169 F 0.06 0.024 0.03 0.027 0.012 0.017 0.027 0.162 0.016 0.041 0.07 0.03 0.018 0.22 0.016 0.09 0.038 0.01 0.049 0.042
170 L 0.053 0.021 0.02 0.02 0.013 0.015 0.021 0.151 0.011 0.085 0.167 0.025 0.027 0.131 0.014 0.032 0.033 0.008 0.034 0.119
171 D 0.042 0.033 0.058 0.345 0.007 0.036 0.149 0.041 0.019 0.021 0.028 0.05 0.01 0.014 0.022 0.05 0.034 0.004 0.012 0.025
172 L 0.041 0.019 0.014 0.016 0.014 0.013 0.018 0.021 0.011 0.198 0.209 0.022 0.035 0.139 0.013 0.024 0.033 0.008 0.036 0.119
173 G 0.074 0.022 0.037 0.032 0.01 0.018 0.024 0.538 0.013 0.018 0.027 0.032 0.009 0.015 0.018 0.048 0.028 0.005 0.01 0.023
174 M 0.049 0.03 0.019 0.019 0.015 0.027 0.027 0.027 0.015 0.095 0.186 0.034 0.208 0.045 0.015 0.034 0.038 0.008 0.023 0.087
175 T 0.086 0.036 0.046 0.041 0.017 0.029 0.043 0.052 0.016 0.039 0.05 0.047 0.017 0.021 0.027 0.176 0.183 0.005 0.017 0.053
176 Y 0.046 0.031 0.025 0.037 0.009 0.03 0.106 0.029 0.031 0.032 0.05 0.042 0.014 0.069 0.144 0.038 0.03 0.015 0.185 0.037
177 D 0.045 0.038 0.052 0.258 0.007 0.045 0.211 0.038 0.021 0.021 0.031 0.057 0.01 0.015 0.023 0.051 0.034 0.004 0.013 0.026
178 Y 0.047 0.023 0.018 0.017 0.013 0.017 0.023 0.022 0.026 0.137 0.103 0.026 0.025 0.081 0.015 0.028 0.034 0.016 0.188 0.141
179 R 0.042 0.382 0.037 0.029 0.007 0.046 0.049 0.031 0.022 0.022 0.044 0.113 0.015 0.016 0.018 0.042 0.033 0.005 0.016 0.029
180 F 0.033 0.02 0.017 0.016 0.01 0.013 0.02 0.024 0.023 0.055 0.097 0.021 0.022 0.347 0.011 0.025 0.025 0.019 0.152 0.05
181 G 0.074 0.022 0.037 0.032 0.01 0.018 0.024 0.538 0.013 0.018 0.027 0.032 0.009 0.015 0.018 0.048 0.028 0.005 0.01 0.023
182 I 0.044 0.018 0.014 0.016 0.015 0.013 0.017 0.02 0.009 0.261 0.222 0.023 0.038 0.044 0.014 0.023 0.036 0.006 0.02 0.148
183 R 0.05 0.292 0.037 0.03 0.008 0.039 0.043 0.158 0.02 0.021 0.04 0.093 0.013 0.016 0.018 0.044 0.032 0.005 0.015 0.028
184 S 0.079 0.038 0.125 0.052 0.015 0.03 0.046 0.057 0.02 0.032 0.043 0.049 0.015 0.02 0.025 0.17 0.123 0.005 0.016 0.043
185 F 0.032 0.018 0.016 0.016 0.01 0.01 0.018 0.024 0.016 0.06 0.108 0.018 0.024 0.422 0.01 0.024 0.024 0.016 0.084 0.052
186 K 0.051 0.163 0.039 0.038 0.008 0.101 0.07 0.038 0.022 0.025 0.042 0.209 0.016 0.015 0.023 0.049 0.037 0.005 0.017 0.031
187 F 0.032 0.018 0.016 0.016 0.01 0.01 0.018 0.024 0.016 0.06 0.108 0.018 0.024 0.422 0.01 0.024 0.024 0.016 0.084 0.052
188 I 0.041 0.017 0.014 0.017 0.014 0.012 0.017 0.021 0.01 0.249 0.146 0.021 0.032 0.137 0.013 0.024 0.034 0.008 0.036 0.138
189 N 0.039 0.034 0.188 0.048 0.009 0.026 0.037 0.042 0.037 0.031 0.047 0.04 0.014 0.07 0.017 0.048 0.037 0.015 0.186 0.035
190 N 0.072 0.04 0.203 0.062 0.013 0.032 0.048 0.062 0.024 0.025 0.035 0.051 0.013 0.018 0.024 0.165 0.062 0.005 0.016 0.032
191 N 0.04 0.042 0.356 0.078 0.008 0.032 0.047 0.062 0.03 0.021 0.03 0.051 0.011 0.017 0.019 0.066 0.047 0.004 0.015 0.025
192 P 0.069 0.027 0.028 0.03 0.014 0.021 0.035 0.039 0.013 0.058 0.058 0.038 0.016 0.019 0.272 0.094 0.048 0.004 0.015 0.102
193 G 0.074 0.022 0.037 0.032 0.01 0.018 0.024 0.538 0.013 0.018 0.027 0.032 0.009 0.015 0.018 0.048 0.028 0.005 0.01 0.023
194 D 0.045 0.027 0.047 0.229 0.01 0.023 0.057 0.038 0.016 0.038 0.055 0.036 0.015 0.118 0.02 0.052 0.095 0.007 0.03 0.041
195 F 0.035 0.022 0.018 0.017 0.009 0.015 0.022 0.024 0.03 0.05 0.086 0.024 0.021 0.272 0.012 0.027 0.025 0.021 0.22 0.048
196 L 0.135 0.028 0.026 0.026 0.018 0.022 0.032 0.045 0.012 0.083 0.157 0.035 0.027 0.031 0.021 0.1 0.051 0.005 0.018 0.126
197 A 0.217 0.034 0.038 0.037 0.018 0.028 0.044 0.068 0.016 0.034 0.048 0.047 0.016 0.02 0.028 0.172 0.062 0.005 0.017 0.052
198 L 0.043 0.02 0.014 0.016 0.015 0.014 0.018 0.02 0.009 0.211 0.285 0.023 0.041 0.047 0.014 0.023 0.035 0.006 0.02 0.129
199 L 0.046 0.027 0.016 0.017 0.015 0.021 0.023 0.023 0.012 0.102 0.298 0.029 0.127 0.049 0.014 0.028 0.035 0.007 0.022 0.089
200 I 0.065 0.023 0.024 0.024 0.016 0.018 0.026 0.031 0.011 0.202 0.12 0.03 0.029 0.034 0.018 0.086 0.05 0.005 0.019 0.171
201 V 0.055 0.019 0.015 0.017 0.017 0.014 0.019 0.021 0.008 0.234 0.141 0.023 0.032 0.038 0.015 0.027 0.042 0.005 0.019 0.238
202 C 0.139 0.024 0.026 0.026 0.266 0.02 0.03 0.049 0.012 0.038 0.055 0.033 0.016 0.02 0.022 0.105 0.048 0.004 0.014 0.053
203 L 0.045 0.024 0.014 0.015 0.016 0.016 0.02 0.021 0.01 0.115 0.375 0.025 0.05 0.055 0.014 0.024 0.033 0.007 0.022 0.096
204 V 0.07 0.022 0.016 0.018 0.019 0.016 0.023 0.025 0.008 0.165 0.13 0.026 0.032 0.036 0.016 0.033 0.049 0.006 0.021 0.269
205 I 0.047 0.018 0.015 0.018 0.016 0.013 0.018 0.021 0.009 0.271 0.168 0.024 0.037 0.044 0.015 0.025 0.04 0.006 0.021 0.177
206 F 0.036 0.021 0.016 0.016 0.011 0.014 0.02 0.023 0.021 0.067 0.173 0.022 0.028 0.255 0.012 0.025 0.026 0.016 0.136 0.06
207 S 0.088 0.039 0.051 0.044 0.014 0.032 0.05 0.056 0.111 0.026 0.039 0.049 0.015 0.022 0.026 0.208 0.064 0.005 0.026 0.035
208 I 0.044 0.018 0.014 0.016 0.015 0.013 0.017 0.02 0.009 0.261 0.222 0.023 0.038 0.044 0.014 0.023 0.036 0.006 0.02 0.148
209 V 0.055 0.019 0.015 0.017 0.017 0.014 0.019 0.021 0.008 0.234 0.141 0.023 0.032 0.038 0.015 0.027 0.042 0.005 0.019 0.238
210 N 0.056 0.041 0.203 0.06 0.01 0.033 0.048 0.055 0.117 0.023 0.034 0.049 0.013 0.021 0.021 0.109 0.049 0.005 0.025 0.028
211 L 0.04 0.025 0.017 0.016 0.012 0.018 0.023 0.022 0.027 0.075 0.238 0.027 0.032 0.088 0.014 0.026 0.029 0.017 0.189 0.067
212 K 0.062 0.059 0.038 0.037 0.01 0.09 0.06 0.041 0.027 0.03 0.047 0.121 0.017 0.043 0.023 0.099 0.045 0.01 0.102 0.037
213 K 0.063 0.071 0.121 0.051 0.01 0.041 0.057 0.051 0.022 0.025 0.038 0.185 0.014 0.016 0.025 0.108 0.05 0.005 0.016 0.032
214 N 0.049 0.122 0.196 0.054 0.009 0.032 0.042 0.173 0.024 0.021 0.032 0.062 0.011 0.016 0.019 0.055 0.039 0.005 0.014 0.026
215 L 0.052 0.032 0.02 0.02 0.016 0.028 0.028 0.028 0.016 0.1 0.197 0.036 0.161 0.048 0.016 0.036 0.04 0.008 0.024 0.092
216 T 0.073 0.036 0.043 0.038 0.018 0.028 0.039 0.043 0.014 0.053 0.065 0.045 0.02 0.024 0.028 0.093 0.246 0.006 0.018 0.071
217 G 0.078 0.023 0.039 0.034 0.011 0.019 0.026 0.51 0.014 0.019 0.028 0.034 0.009 0.016 0.019 0.051 0.03 0.005 0.011 0.024
218 K 0.063 0.155 0.041 0.038 0.01 0.044 0.058 0.044 0.02 0.026 0.041 0.201 0.015 0.016 0.025 0.102 0.046 0.005 0.016 0.033
219 G 0.056 0.042 0.028 0.029 0.011 0.026 0.036 0.158 0.013 0.044 0.128 0.103 0.02 0.023 0.145 0.041 0.033 0.005 0.015 0.043
220 L 0.056 0.031 0.074 0.083 0.012 0.024 0.04 0.04 0.024 0.05 0.136 0.038 0.022 0.053 0.019 0.093 0.044 0.01 0.102 0.05
221 I 0.041 0.108 0.02 0.02 0.012 0.02 0.025 0.023 0.014 0.177 0.117 0.044 0.027 0.13 0.014 0.028 0.033 0.008 0.035 0.104
222 L 0.043 0.04 0.021 0.022 0.012 0.022 0.03 0.026 0.013 0.127 0.179 0.096 0.03 0.132 0.016 0.03 0.033 0.008 0.035 0.085
223 L 0.039 0.023 0.016 0.016 0.012 0.015 0.021 0.022 0.02 0.08 0.249 0.024 0.034 0.162 0.013 0.025 0.028 0.014 0.121 0.069
224 K 0.054 0.101 0.039 0.039 0.008 0.05 0.067 0.041 0.02 0.026 0.041 0.319 0.015 0.015 0.026 0.05 0.037 0.005 0.016 0.031
225 L 0.051 0.019 0.02 0.02 0.014 0.015 0.019 0.149 0.01 0.188 0.189 0.025 0.031 0.038 0.015 0.03 0.034 0.006 0.018 0.112
226 L 0.042 0.023 0.013 0.014 0.015 0.015 0.019 0.02 0.01 0.109 0.411 0.024 0.047 0.052 0.013 0.023 0.032 0.007 0.021 0.091
227 T 0.128 0.028 0.03 0.029 0.017 0.022 0.032 0.044 0.012 0.113 0.084 0.037 0.022 0.027 0.023 0.07 0.166 0.005 0.017 0.091
228 I 0.049 0.019 0.014 0.016 0.016 0.014 0.019 0.021 0.008 0.222 0.213 0.023 0.037 0.042 0.014 0.025 0.038 0.006 0.02 0.184
229 F 0.038 0.019 0.015 0.016 0.013 0.012 0.018 0.022 0.012 0.135 0.196 0.02 0.032 0.234 0.012 0.024 0.029 0.011 0.052 0.09
230 N 0.046 0.031 0.185 0.047 0.136 0.023 0.032 0.043 0.019 0.048 0.133 0.036 0.021 0.026 0.017 0.048 0.04 0.005 0.016 0.049
231 L 0.044 0.023 0.015 0.016 0.015 0.017 0.02 0.022 0.011 0.156 0.291 0.026 0.084 0.048 0.014 0.026 0.035 0.007 0.021 0.109
232 I 0.049 0.019 0.014 0.016 0.016 0.014 0.019 0.021 0.008 0.222 0.213 0.023 0.037 0.042 0.014 0.025 0.038 0.006 0.02 0.184
233 L 0.112 0.022 0.017 0.019 0.015 0.015 0.023 0.034 0.012 0.13 0.183 0.027 0.03 0.134 0.016 0.038 0.035 0.008 0.035 0.094
234 T 0.069 0.033 0.041 0.035 0.017 0.026 0.037 0.041 0.013 0.05 0.061 0.043 0.019 0.022 0.026 0.087 0.289 0.006 0.017 0.067
235 L 0.039 0.022 0.014 0.015 0.014 0.014 0.019 0.021 0.011 0.097 0.335 0.022 0.041 0.144 0.013 0.023 0.03 0.009 0.037 0.081
236 R 0.042 0.382 0.037 0.029 0.007 0.046 0.049 0.031 0.022 0.022 0.044 0.113 0.015 0.016 0.018 0.042 0.033 0.005 0.016 0.029
237 G 0.089 0.03 0.044 0.039 0.013 0.025 0.037 0.3 0.015 0.023 0.033 0.041 0.012 0.017 0.023 0.156 0.053 0.005 0.013 0.031
238 K 0.06 0.061 0.027 0.028 0.013 0.033 0.044 0.032 0.014 0.091 0.082 0.172 0.022 0.024 0.021 0.041 0.042 0.005 0.018 0.171
239 A 0.33 0.029 0.024 0.028 0.02 0.024 0.038 0.074 0.014 0.041 0.056 0.042 0.017 0.02 0.028 0.08 0.047 0.005 0.017 0.065
240 F 0.038 0.019 0.015 0.016 0.013 0.012 0.018 0.022 0.012 0.135 0.196 0.02 0.032 0.234 0.012 0.024 0.029 0.011 0.052 0.09
241 G 0.074 0.022 0.037 0.032 0.01 0.018 0.024 0.538 0.013 0.018 0.027 0.032 0.009 0.015 0.018 0.048 0.028 0.005 0.01 0.023
242 I 0.048 0.021 0.016 0.017 0.015 0.016 0.021 0.023 0.012 0.156 0.144 0.025 0.074 0.136 0.014 0.028 0.037 0.009 0.036 0.154
243 V 0.056 0.022 0.016 0.017 0.017 0.018 0.022 0.023 0.01 0.179 0.147 0.026 0.076 0.039 0.015 0.03 0.042 0.006 0.02 0.219
244 L 0.186 0.026 0.019 0.021 0.018 0.02 0.029 0.047 0.012 0.075 0.233 0.033 0.032 0.036 0.021 0.052 0.039 0.006 0.019 0.078
245 L 0.055 0.028 0.027 0.025 0.016 0.021 0.028 0.031 0.011 0.08 0.236 0.033 0.033 0.037 0.02 0.055 0.16 0.006 0.019 0.079
246 Y 0.041 0.023 0.017 0.017 0.012 0.017 0.022 0.022 0.026 0.126 0.175 0.026 0.029 0.085 0.014 0.026 0.03 0.016 0.188 0.086
247 L 0.049 0.026 0.02 0.02 0.016 0.018 0.024 0.025 0.01 0.094 0.323 0.029 0.04 0.044 0.017 0.039 0.096 0.006 0.02 0.085
248 L 0.056 0.024 0.016 0.017 0.017 0.018 0.022 0.023 0.01 0.129 0.211 0.027 0.079 0.041 0.015 0.03 0.041 0.006 0.021 0.2
249 L 0.114 0.025 0.016 0.018 0.017 0.017 0.024 0.034 0.011 0.092 0.322 0.028 0.039 0.044 0.017 0.037 0.035 0.006 0.02 0.084
250 P 0.067 0.025 0.026 0.027 0.015 0.02 0.031 0.035 0.012 0.13 0.089 0.034 0.022 0.027 0.145 0.09 0.049 0.005 0.017 0.136
251 V 0.043 0.019 0.015 0.016 0.013 0.013 0.02 0.024 0.012 0.139 0.11 0.022 0.026 0.139 0.012 0.025 0.032 0.137 0.047 0.139
252 L 0.04 0.02 0.014 0.015 0.014 0.013 0.018 0.021 0.011 0.147 0.272 0.022 0.038 0.142 0.013 0.023 0.031 0.009 0.036 0.1
253 I 0.044 0.018 0.014 0.016 0.015 0.013 0.017 0.02 0.009 0.261 0.222 0.023 0.038 0.044 0.014 0.023 0.036 0.006 0.02 0.148
254 G 0.052 0.048 0.124 0.145 0.008 0.032 0.056 0.171 0.02 0.022 0.031 0.111 0.011 0.015 0.021 0.053 0.036 0.004 0.013 0.026
255 R 0.043 0.138 0.037 0.031 0.008 0.038 0.048 0.033 0.119 0.028 0.046 0.126 0.015 0.046 0.019 0.04 0.03 0.011 0.111 0.031
256 G 0.046 0.027 0.107 0.036 0.009 0.02 0.029 0.162 0.026 0.035 0.057 0.032 0.015 0.144 0.015 0.042 0.031 0.013 0.116 0.036
257 L 0.044 0.048 0.029 0.026 0.011 0.029 0.039 0.029 0.108 0.066 0.225 0.102 0.031 0.037 0.018 0.034 0.031 0.006 0.028 0.059
258 K 0.056 0.151 0.038 0.035 0.008 0.041 0.052 0.163 0.018 0.023 0.038 0.196 0.013 0.015 0.022 0.048 0.034 0.005 0.015 0.029
259 L 0.043 0.02 0.014 0.016 0.015 0.014 0.018 0.02 0.009 0.211 0.285 0.023 0.041 0.047 0.014 0.023 0.035 0.006 0.02 0.129
260 Y 0.071 0.032 0.036 0.032 0.013 0.026 0.038 0.043 0.031 0.035 0.052 0.04 0.016 0.072 0.021 0.147 0.052 0.016 0.186 0.042
261 L 0.047 0.059 0.036 0.033 0.01 0.09 0.058 0.034 0.112 0.045 0.133 0.118 0.024 0.027 0.02 0.041 0.033 0.006 0.028 0.044
262 K 0.048 0.06 0.026 0.027 0.012 0.032 0.042 0.03 0.014 0.118 0.163 0.171 0.028 0.031 0.02 0.037 0.036 0.006 0.018 0.08
263 L 0.127 0.027 0.026 0.026 0.016 0.02 0.031 0.045 0.014 0.059 0.154 0.034 0.026 0.128 0.02 0.098 0.045 0.008 0.034 0.062
264 L 0.043 0.021 0.014 0.015 0.015 0.015 0.018 0.02 0.009 0.16 0.348 0.023 0.044 0.049 0.014 0.023 0.033 0.006 0.021 0.11
265 L 0.121 0.026 0.023 0.024 0.017 0.02 0.028 0.039 0.011 0.128 0.172 0.033 0.029 0.034 0.02 0.054 0.101 0.006 0.018 0.097
266 I 0.044 0.017 0.014 0.017 0.015 0.013 0.017 0.019 0.008 0.312 0.158 0.022 0.035 0.042 0.014 0.024 0.038 0.006 0.019 0.167
267 P 0.048 0.022 0.018 0.022 0.012 0.017 0.026 0.027 0.011 0.117 0.159 0.031 0.025 0.029 0.268 0.032 0.034 0.004 0.016 0.079
268 A 0.199 0.029 0.029 0.03 0.017 0.022 0.036 0.059 0.015 0.042 0.065 0.038 0.018 0.121 0.024 0.112 0.049 0.008 0.033 0.055
269 I 0.046 0.02 0.015 0.017 0.015 0.016 0.019 0.021 0.01 0.258 0.165 0.025 0.078 0.043 0.014 0.026 0.038 0.006 0.02 0.147
270 I 0.049 0.019 0.014 0.016 0.016 0.014 0.019 0.021 0.008 0.222 0.213 0.023 0.037 0.042 0.014 0.025 0.038 0.006 0.02 0.184
271 G 0.077 0.022 0.038 0.033 0.011 0.019 0.025 0.52 0.013 0.019 0.028 0.033 0.009 0.016 0.019 0.05 0.029 0.005 0.011 0.024
272 F 0.035 0.018 0.015 0.016 0.011 0.011 0.018 0.023 0.014 0.123 0.12 0.019 0.027 0.327 0.011 0.024 0.027 0.013 0.068 0.081
273 G 0.07 0.019 0.027 0.025 0.252 0.015 0.021 0.276 0.011 0.031 0.046 0.026 0.013 0.018 0.017 0.045 0.032 0.005 0.011 0.04
274 G 0.136 0.023 0.028 0.027 0.015 0.019 0.027 0.293 0.012 0.058 0.058 0.033 0.016 0.021 0.02 0.052 0.037 0.005 0.014 0.105
275 G 0.138 0.024 0.034 0.031 0.013 0.019 0.028 0.422 0.013 0.024 0.034 0.034 0.011 0.017 0.02 0.056 0.033 0.005 0.012 0.033
276 Y 0.039 0.03 0.104 0.033 0.009 0.023 0.031 0.033 0.04 0.036 0.056 0.035 0.016 0.097 0.016 0.039 0.031 0.021 0.271 0.039
277 G 0.06 0.025 0.03 0.027 0.011 0.018 0.028 0.163 0.015 0.034 0.056 0.031 0.015 0.128 0.016 0.089 0.038 0.137 0.044 0.036
278 A 0.192 0.049 0.033 0.036 0.014 0.142 0.068 0.056 0.021 0.033 0.05 0.064 0.018 0.017 0.025 0.066 0.043 0.005 0.018 0.049
279 I 0.044 0.017 0.014 0.017 0.015 0.013 0.017 0.019 0.008 0.312 0.158 0.022 0.035 0.042 0.014 0.024 0.038 0.006 0.019 0.167
280 S 0.076 0.14 0.044 0.04 0.012 0.04 0.054 0.049 0.019 0.026 0.041 0.134 0.015 0.018 0.025 0.155 0.056 0.005 0.016 0.035
281 F 0.061 0.029 0.032 0.029 0.013 0.022 0.033 0.038 0.023 0.045 0.068 0.035 0.019 0.147 0.02 0.101 0.104 0.013 0.118 0.051
282 Y 0.038 0.026 0.021 0.018 0.009 0.021 0.026 0.023 0.044 0.041 0.065 0.029 0.018 0.123 0.015 0.029 0.026 0.026 0.356 0.044
283 F 0.032 0.018 0.016 0.016 0.01 0.01 0.018 0.024 0.016 0.06 0.108 0.018 0.024 0.422 0.01 0.024 0.024 0.016 0.084 0.052
284 L 0.057 0.02 0.02 0.02 0.015 0.015 0.02 0.15 0.01 0.149 0.18 0.026 0.03 0.036 0.015 0.031 0.036 0.006 0.018 0.148
285 D 0.042 0.033 0.058 0.345 0.007 0.036 0.149 0.041 0.019 0.021 0.028 0.05 0.01 0.014 0.022 0.05 0.034 0.004 0.012 0.025
286 N 0.044 0.044 0.192 0.054 0.01 0.085 0.052 0.045 0.024 0.044 0.129 0.053 0.022 0.025 0.018 0.052 0.041 0.005 0.018 0.044
287 V 0.057 0.026 0.021 0.034 0.015 0.026 0.099 0.025 0.012 0.161 0.11 0.036 0.027 0.031 0.017 0.034 0.041 0.005 0.018 0.204
288 T 0.069 0.033 0.041 0.035 0.017 0.026 0.037 0.041 0.013 0.05 0.061 0.043 0.019 0.022 0.026 0.087 0.289 0.006 0.017 0.067
289 P 0.123 0.026 0.023 0.029 0.012 0.021 0.035 0.044 0.013 0.028 0.04 0.04 0.011 0.014 0.399 0.051 0.037 0.003 0.013 0.038
290 R 0.042 0.382 0.037 0.029 0.007 0.046 0.049 0.031 0.022 0.022 0.044 0.113 0.015 0.016 0.018 0.042 0.033 0.005 0.016 0.029
291 G 0.14 0.047 0.038 0.036 0.014 0.031 0.045 0.179 0.016 0.028 0.041 0.111 0.014 0.017 0.025 0.111 0.047 0.005 0.015 0.04
292 L 0.043 0.021 0.014 0.015 0.015 0.015 0.018 0.02 0.009 0.16 0.348 0.023 0.044 0.049 0.014 0.023 0.033 0.006 0.021 0.11
293 L 0.037 0.02 0.015 0.015 0.013 0.013 0.018 0.022 0.013 0.084 0.259 0.021 0.035 0.237 0.012 0.023 0.028 0.011 0.052 0.071
294 L 0.039 0.022 0.014 0.015 0.014 0.014 0.019 0.021 0.011 0.097 0.335 0.022 0.041 0.144 0.013 0.023 0.03 0.009 0.037 0.081
295 L 0.12 0.056 0.03 0.031 0.013 0.087 0.055 0.043 0.018 0.05 0.138 0.118 0.024 0.025 0.022 0.052 0.039 0.006 0.018 0.055
296 Y 0.048 0.029 0.108 0.036 0.009 0.023 0.031 0.162 0.033 0.03 0.046 0.035 0.014 0.07 0.017 0.043 0.032 0.016 0.184 0.034
297 G 0.074 0.022 0.037 0.032 0.01 0.018 0.024 0.538 0.013 0.018 0.027 0.032 0.009 0.015 0.018 0.048 0.028 0.005 0.01 0.023
298 I 0.044 0.018 0.014 0.016 0.015 0.013 0.017 0.02 0.009 0.261 0.222 0.023 0.038 0.044 0.014 0.023 0.036 0.006 0.02 0.148
299 L 0.048 0.047 0.026 0.039 0.011 0.035 0.11 0.028 0.015 0.117 0.161 0.109 0.027 0.031 0.019 0.037 0.035 0.006 0.018 0.079
300 V 0.067 0.027 0.028 0.026 0.017 0.021 0.03 0.032 0.01 0.103 0.092 0.034 0.024 0.028 0.021 0.059 0.168 0.005 0.018 0.189
301 A 0.256 0.026 0.022 0.025 0.018 0.021 0.033 0.061 0.014 0.046 0.069 0.036 0.018 0.121 0.024 0.066 0.041 0.008 0.033 0.062
302 N 0.047 0.064 0.198 0.06 0.008 0.093 0.064 0.051 0.027 0.023 0.036 0.127 0.014 0.016 0.022 0.059 0.042 0.005 0.016 0.029
303 R 0.047 0.149 0.118 0.048 0.008 0.097 0.065 0.043 0.025 0.024 0.04 0.142 0.015 0.015 0.021 0.053 0.039 0.005 0.017 0.03
304 F 0.033 0.02 0.017 0.016 0.01 0.013 0.02 0.024 0.023 0.055 0.097 0.021 0.022 0.347 0.011 0.025 0.025 0.019 0.152 0.05
305 F 0.032 0.018 0.016 0.016 0.01 0.01 0.018 0.024 0.016 0.06 0.108 0.018 0.024 0.422 0.01 0.024 0.024 0.016 0.084 0.052
306 P 0.054 0.024 0.022 0.029 0.01 0.02 0.034 0.034 0.012 0.024 0.034 0.039 0.01 0.012 0.522 0.041 0.034 0.002 0.012 0.029
307 F 0.044 0.023 0.022 0.02 0.013 0.015 0.023 0.027 0.014 0.07 0.172 0.026 0.028 0.229 0.015 0.04 0.092 0.011 0.051 0.065
308 G 0.074 0.022 0.037 0.032 0.01 0.018 0.024 0.538 0.013 0.018 0.027 0.032 0.009 0.015 0.018 0.048 0.028 0.005 0.01 0.023
309 A 0.274 0.031 0.031 0.033 0.019 0.026 0.041 0.071 0.015 0.038 0.052 0.044 0.016 0.02 0.028 0.126 0.055 0.005 0.017 0.059
310 G 0.074 0.022 0.037 0.032 0.01 0.018 0.024 0.538 0.013 0.018 0.027 0.032 0.009 0.015 0.018 0.048 0.028 0.005 0.01 0.023
311 F 0.032 0.018 0.016 0.016 0.01 0.01 0.018 0.024 0.016 0.06 0.108 0.018 0.024 0.422 0.01 0.024 0.024 0.016 0.084 0.052
312 A 0.217 0.034 0.038 0.037 0.018 0.028 0.044 0.068 0.016 0.034 0.048 0.047 0.016 0.02 0.028 0.172 0.062 0.005 0.017 0.052
313 T 0.078 0.035 0.043 0.038 0.017 0.027 0.04 0.046 0.014 0.045 0.056 0.045 0.018 0.022 0.027 0.132 0.236 0.005 0.017 0.06
314 Y 0.038 0.026 0.021 0.018 0.009 0.021 0.026 0.023 0.044 0.041 0.065 0.029 0.018 0.123 0.015 0.029 0.026 0.026 0.356 0.044
315 G 0.074 0.022 0.037 0.032 0.01 0.018 0.024 0.538 0.013 0.018 0.027 0.032 0.009 0.015 0.018 0.048 0.028 0.005 0.01 0.023
316 S 0.104 0.038 0.051 0.046 0.017 0.031 0.049 0.063 0.018 0.028 0.04 0.051 0.015 0.02 0.028 0.264 0.077 0.005 0.017 0.04
317 N 0.04 0.042 0.356 0.078 0.008 0.032 0.047 0.062 0.03 0.021 0.03 0.051 0.011 0.017 0.019 0.066 0.047 0.004 0.015 0.025
318 A 0.19 0.03 0.022 0.023 0.018 0.025 0.032 0.05 0.015 0.068 0.121 0.038 0.112 0.033 0.022 0.057 0.042 0.006 0.02 0.076
319 A 0.33 0.029 0.024 0.028 0.02 0.024 0.038 0.074 0.014 0.041 0.056 0.042 0.017 0.02 0.028 0.08 0.047 0.005 0.017 0.065
320 K 0.047 0.153 0.034 0.031 0.008 0.042 0.052 0.034 0.026 0.029 0.048 0.195 0.015 0.042 0.021 0.043 0.034 0.01 0.101 0.034
