#Seq2Logo.py -f /work3/idamei/ssn-clusterings/clustering/2205111339/clusters/0005_430/sequences.afa -o /work3/idamei/ssn-clusterings/clustering/2205111339/clusters/0005_430/sequences.logo
#Position Specific Frequency Matrix
A R N D C Q E G H I L K M F P S T W Y V
0 L 0.051 0.032 0.02 0.02 0.016 0.028 0.028 0.028 0.016 0.099 0.194 0.036 0.173 0.047 0.016 0.036 0.04 0.008 0.024 0.091
1 K 0.056 0.106 0.041 0.041 0.008 0.053 0.07 0.043 0.02 0.027 0.043 0.289 0.015 0.015 0.027 0.053 0.039 0.005 0.017 0.032
2 L 0.049 0.043 0.022 0.023 0.014 0.026 0.032 0.027 0.013 0.153 0.193 0.092 0.051 0.04 0.018 0.033 0.038 0.006 0.02 0.108
3 R 0.046 0.182 0.027 0.024 0.012 0.031 0.035 0.027 0.016 0.148 0.107 0.072 0.026 0.031 0.017 0.035 0.037 0.006 0.019 0.104
4 R 0.054 0.124 0.034 0.032 0.012 0.057 0.048 0.034 0.017 0.096 0.08 0.094 0.022 0.025 0.021 0.053 0.093 0.006 0.018 0.077
5 I 0.046 0.017 0.014 0.017 0.016 0.013 0.017 0.02 0.009 0.282 0.165 0.023 0.036 0.044 0.014 0.025 0.039 0.006 0.02 0.174
6 N 0.075 0.042 0.19 0.065 0.013 0.033 0.05 0.065 0.025 0.026 0.036 0.053 0.013 0.019 0.025 0.15 0.065 0.005 0.016 0.034
7 R 0.05 0.132 0.033 0.044 0.01 0.044 0.111 0.032 0.019 0.088 0.073 0.126 0.02 0.023 0.022 0.044 0.037 0.006 0.018 0.067
8 K 0.058 0.15 0.045 0.085 0.009 0.046 0.065 0.043 0.021 0.026 0.041 0.186 0.015 0.016 0.025 0.073 0.043 0.005 0.016 0.032
9 K 0.06 0.088 0.041 0.04 0.011 0.046 0.062 0.043 0.019 0.034 0.048 0.228 0.016 0.017 0.027 0.062 0.094 0.005 0.017 0.042
10 L 0.108 0.025 0.019 0.021 0.016 0.019 0.026 0.038 0.014 0.121 0.133 0.03 0.063 0.127 0.018 0.042 0.038 0.009 0.037 0.097
11 F 0.034 0.019 0.017 0.017 0.011 0.011 0.019 0.025 0.017 0.064 0.114 0.019 0.025 0.385 0.011 0.025 0.025 0.017 0.089 0.055
12 E 0.055 0.05 0.041 0.09 0.007 0.065 0.295 0.035 0.026 0.022 0.037 0.076 0.013 0.017 0.026 0.055 0.037 0.006 0.017 0.031
13 L 0.045 0.024 0.014 0.015 0.016 0.016 0.02 0.021 0.01 0.116 0.374 0.025 0.05 0.055 0.014 0.024 0.033 0.007 0.022 0.096
14 L 0.051 0.02 0.015 0.017 0.017 0.015 0.019 0.021 0.009 0.21 0.211 0.024 0.038 0.044 0.015 0.026 0.04 0.006 0.021 0.181
15 Y 0.103 0.026 0.021 0.021 0.013 0.02 0.028 0.038 0.031 0.048 0.077 0.031 0.02 0.169 0.018 0.043 0.032 0.019 0.19 0.053
16 V 0.057 0.021 0.015 0.017 0.017 0.015 0.021 0.022 0.009 0.18 0.202 0.025 0.037 0.042 0.015 0.028 0.042 0.006 0.021 0.207
17 I 0.052 0.021 0.016 0.018 0.135 0.016 0.02 0.025 0.01 0.177 0.147 0.026 0.065 0.039 0.015 0.031 0.039 0.006 0.019 0.124
18 Y 0.047 0.026 0.02 0.018 0.012 0.02 0.026 0.024 0.037 0.073 0.083 0.029 0.022 0.105 0.016 0.031 0.033 0.022 0.251 0.104
19 L 0.112 0.029 0.02 0.021 0.017 0.024 0.029 0.038 0.014 0.089 0.208 0.035 0.103 0.043 0.019 0.045 0.04 0.007 0.022 0.086
20 I 0.048 0.021 0.016 0.018 0.016 0.017 0.02 0.022 0.01 0.236 0.173 0.026 0.07 0.045 0.015 0.027 0.039 0.006 0.021 0.153
21 F 0.048 0.021 0.018 0.02 0.012 0.014 0.024 0.028 0.014 0.078 0.097 0.026 0.023 0.21 0.135 0.031 0.034 0.01 0.052 0.105
22 V 0.065 0.024 0.017 0.018 0.018 0.019 0.024 0.025 0.01 0.146 0.145 0.028 0.067 0.038 0.016 0.033 0.046 0.006 0.021 0.233
23 L 0.044 0.024 0.014 0.015 0.016 0.016 0.02 0.021 0.01 0.114 0.385 0.025 0.049 0.054 0.014 0.024 0.033 0.007 0.022 0.095
24 N 0.049 0.039 0.249 0.066 0.011 0.029 0.042 0.054 0.025 0.057 0.055 0.046 0.016 0.022 0.019 0.06 0.049 0.005 0.017 0.09
25 V 0.127 0.024 0.018 0.02 0.02 0.018 0.027 0.038 0.01 0.132 0.111 0.03 0.028 0.032 0.02 0.045 0.049 0.005 0.02 0.227
26 T 0.059 0.032 0.032 0.028 0.015 0.026 0.033 0.034 0.022 0.062 0.097 0.039 0.058 0.056 0.021 0.062 0.146 0.012 0.097 0.069
27 N 0.041 0.04 0.182 0.055 0.009 0.031 0.044 0.048 0.118 0.027 0.042 0.046 0.014 0.049 0.018 0.052 0.038 0.011 0.104 0.03
28 S 0.108 0.04 0.053 0.048 0.017 0.033 0.052 0.065 0.019 0.029 0.041 0.053 0.015 0.021 0.029 0.231 0.081 0.005 0.017 0.041
29 I 0.05 0.022 0.017 0.018 0.015 0.017 0.022 0.024 0.012 0.151 0.15 0.026 0.066 0.131 0.014 0.029 0.038 0.009 0.038 0.15
30 F 0.033 0.019 0.017 0.017 0.01 0.01 0.019 0.025 0.017 0.062 0.113 0.019 0.025 0.396 0.01 0.025 0.025 0.017 0.087 0.054
31 N 0.041 0.036 0.174 0.05 0.009 0.027 0.038 0.044 0.039 0.033 0.049 0.042 0.015 0.073 0.018 0.05 0.038 0.016 0.172 0.036
32 L 0.067 0.036 0.109 0.045 0.015 0.027 0.04 0.048 0.018 0.054 0.13 0.044 0.024 0.029 0.023 0.104 0.105 0.006 0.018 0.058
33 G 0.123 0.033 0.108 0.045 0.015 0.026 0.038 0.175 0.018 0.034 0.045 0.044 0.014 0.02 0.024 0.074 0.096 0.005 0.015 0.047
34 F 0.056 0.033 0.105 0.041 0.011 0.024 0.037 0.045 0.028 0.039 0.063 0.039 0.017 0.141 0.019 0.089 0.046 0.013 0.112 0.042
35 A 0.187 0.032 0.031 0.031 0.017 0.026 0.04 0.061 0.024 0.039 0.056 0.043 0.017 0.048 0.026 0.107 0.052 0.011 0.095 0.056
36 R 0.059 0.194 0.038 0.032 0.01 0.037 0.046 0.039 0.028 0.03 0.05 0.08 0.016 0.046 0.021 0.088 0.044 0.011 0.095 0.037
37 N 0.085 0.038 0.111 0.045 0.013 0.03 0.043 0.049 0.105 0.05 0.057 0.044 0.017 0.025 0.022 0.065 0.095 0.006 0.027 0.073
38 L 0.047 0.022 0.015 0.016 0.015 0.015 0.02 0.023 0.011 0.113 0.253 0.024 0.038 0.135 0.014 0.026 0.035 0.009 0.038 0.131
39 A 0.116 0.038 0.027 0.028 0.015 0.072 0.048 0.042 0.024 0.068 0.075 0.048 0.022 0.05 0.021 0.05 0.042 0.011 0.096 0.107
40 I 0.046 0.017 0.014 0.017 0.016 0.013 0.017 0.02 0.009 0.282 0.165 0.023 0.036 0.044 0.014 0.025 0.039 0.006 0.02 0.174
41 L 0.052 0.025 0.03 0.117 0.013 0.021 0.042 0.032 0.012 0.081 0.144 0.034 0.025 0.029 0.138 0.038 0.038 0.005 0.017 0.107
42 F 0.039 0.02 0.015 0.016 0.013 0.012 0.019 0.023 0.013 0.13 0.194 0.021 0.034 0.222 0.012 0.025 0.031 0.012 0.054 0.094
43 A 0.187 0.026 0.026 0.027 0.018 0.021 0.032 0.174 0.013 0.066 0.068 0.037 0.019 0.023 0.023 0.063 0.044 0.005 0.016 0.11
44 L 0.045 0.026 0.018 0.018 0.015 0.02 0.023 0.025 0.015 0.093 0.221 0.029 0.105 0.136 0.014 0.03 0.034 0.01 0.039 0.083
45 F 0.103 0.023 0.018 0.019 0.015 0.016 0.024 0.037 0.014 0.07 0.167 0.027 0.029 0.217 0.016 0.039 0.033 0.011 0.054 0.068
46 G 0.13 0.023 0.03 0.028 0.133 0.019 0.027 0.286 0.012 0.031 0.045 0.033 0.013 0.018 0.021 0.056 0.036 0.005 0.013 0.043
47 L 0.055 0.021 0.015 0.016 0.136 0.015 0.02 0.025 0.009 0.108 0.24 0.024 0.036 0.041 0.015 0.03 0.038 0.006 0.019 0.131
48 C 0.117 0.025 0.025 0.025 0.135 0.019 0.028 0.044 0.013 0.05 0.075 0.032 0.019 0.115 0.021 0.06 0.092 0.008 0.034 0.062
49 L 0.044 0.023 0.017 0.017 0.014 0.017 0.022 0.022 0.022 0.145 0.205 0.026 0.035 0.076 0.015 0.027 0.033 0.014 0.122 0.105
50 V 0.054 0.027 0.019 0.019 0.015 0.022 0.026 0.026 0.023 0.102 0.131 0.031 0.073 0.071 0.016 0.033 0.039 0.014 0.123 0.138
51 F 0.133 0.024 0.019 0.021 0.017 0.017 0.027 0.042 0.013 0.09 0.1 0.03 0.025 0.15 0.019 0.047 0.041 0.009 0.042 0.133
52 L 0.051 0.02 0.015 0.017 0.017 0.015 0.019 0.021 0.009 0.21 0.211 0.024 0.038 0.044 0.015 0.026 0.04 0.006 0.021 0.181
53 S 0.143 0.034 0.039 0.039 0.016 0.028 0.045 0.061 0.016 0.032 0.044 0.048 0.015 0.019 0.147 0.147 0.062 0.005 0.016 0.045
54 D 0.11 0.027 0.032 0.118 0.015 0.024 0.044 0.043 0.014 0.111 0.111 0.037 0.059 0.032 0.02 0.049 0.041 0.006 0.018 0.089
55 L 0.053 0.044 0.021 0.022 0.015 0.025 0.033 0.027 0.012 0.104 0.235 0.091 0.036 0.04 0.018 0.033 0.038 0.006 0.02 0.125
56 G 0.059 0.042 0.028 0.027 0.012 0.025 0.034 0.152 0.015 0.068 0.078 0.092 0.02 0.116 0.018 0.04 0.036 0.008 0.034 0.098
57 R 0.047 0.138 0.035 0.034 0.009 0.084 0.06 0.035 0.022 0.035 0.062 0.129 0.019 0.111 0.02 0.044 0.035 0.008 0.035 0.038
58 G 0.06 0.111 0.111 0.045 0.009 0.03 0.038 0.283 0.02 0.021 0.033 0.059 0.011 0.017 0.019 0.053 0.035 0.005 0.013 0.026
59 K 0.057 0.107 0.042 0.042 0.009 0.054 0.071 0.043 0.021 0.028 0.043 0.278 0.016 0.016 0.028 0.054 0.04 0.005 0.017 0.033
60 K 0.056 0.106 0.041 0.041 0.008 0.053 0.07 0.043 0.02 0.027 0.043 0.289 0.015 0.015 0.027 0.053 0.039 0.005 0.017 0.032
61 I 0.053 0.022 0.016 0.018 0.017 0.018 0.021 0.023 0.01 0.206 0.163 0.027 0.069 0.042 0.015 0.029 0.042 0.006 0.021 0.18
62 R 0.046 0.201 0.111 0.058 0.008 0.048 0.115 0.041 0.026 0.022 0.04 0.091 0.014 0.017 0.021 0.053 0.038 0.005 0.017 0.03
63 R 0.048 0.187 0.027 0.024 0.012 0.031 0.035 0.027 0.016 0.137 0.101 0.071 0.025 0.029 0.017 0.035 0.038 0.006 0.019 0.116
64 K 0.049 0.066 0.029 0.029 0.011 0.036 0.047 0.033 0.024 0.053 0.134 0.158 0.024 0.053 0.021 0.04 0.035 0.011 0.096 0.051
65 L 0.066 0.029 0.027 0.026 0.016 0.022 0.031 0.036 0.013 0.086 0.268 0.035 0.038 0.043 0.019 0.092 0.049 0.006 0.02 0.077
66 V 0.051 0.041 0.022 0.023 0.013 0.023 0.032 0.028 0.013 0.133 0.112 0.089 0.027 0.122 0.017 0.034 0.038 0.008 0.036 0.135
67 R 0.057 0.114 0.106 0.042 0.013 0.031 0.04 0.041 0.019 0.065 0.067 0.06 0.019 0.023 0.021 0.059 0.097 0.005 0.018 0.102
68 G 0.071 0.029 0.039 0.047 0.01 0.03 0.096 0.397 0.016 0.019 0.03 0.043 0.01 0.016 0.02 0.052 0.031 0.005 0.012 0.026
69 L 0.044 0.023 0.016 0.017 0.015 0.017 0.021 0.023 0.013 0.139 0.214 0.026 0.071 0.135 0.014 0.027 0.034 0.009 0.038 0.104
70 G 0.059 0.026 0.099 0.038 0.014 0.02 0.029 0.157 0.015 0.121 0.088 0.034 0.022 0.028 0.017 0.044 0.041 0.005 0.017 0.126
71 A 0.174 0.039 0.104 0.057 0.015 0.037 0.109 0.063 0.021 0.032 0.046 0.054 0.015 0.019 0.026 0.073 0.046 0.005 0.017 0.048
72 F 0.039 0.02 0.015 0.016 0.013 0.012 0.019 0.023 0.013 0.13 0.194 0.021 0.034 0.222 0.012 0.025 0.031 0.012 0.054 0.094
73 L 0.057 0.023 0.017 0.017 0.136 0.018 0.022 0.026 0.01 0.105 0.193 0.027 0.067 0.039 0.016 0.033 0.039 0.006 0.02 0.13
74 V 0.063 0.026 0.022 0.022 0.018 0.019 0.026 0.028 0.01 0.123 0.176 0.03 0.033 0.037 0.018 0.045 0.097 0.006 0.02 0.181
75 P 0.056 0.025 0.023 0.031 0.01 0.02 0.036 0.036 0.013 0.025 0.036 0.041 0.01 0.013 0.501 0.043 0.036 0.003 0.013 0.031
76 L 0.045 0.026 0.018 0.018 0.015 0.02 0.023 0.025 0.015 0.093 0.221 0.029 0.105 0.136 0.014 0.03 0.034 0.01 0.039 0.083
77 I 0.107 0.021 0.018 0.02 0.016 0.015 0.023 0.036 0.012 0.167 0.125 0.027 0.029 0.126 0.017 0.04 0.038 0.008 0.036 0.118
78 I 0.049 0.02 0.015 0.017 0.016 0.014 0.019 0.021 0.009 0.225 0.216 0.024 0.039 0.045 0.015 0.025 0.039 0.006 0.021 0.167
79 V 0.058 0.02 0.015 0.017 0.017 0.015 0.02 0.022 0.008 0.222 0.147 0.024 0.034 0.039 0.015 0.029 0.044 0.006 0.02 0.227
80 T 0.072 0.035 0.043 0.037 0.018 0.027 0.039 0.043 0.014 0.053 0.064 0.045 0.019 0.023 0.027 0.091 0.258 0.006 0.018 0.07
81 G 0.061 0.023 0.022 0.022 0.015 0.019 0.023 0.147 0.011 0.14 0.129 0.029 0.062 0.036 0.016 0.036 0.039 0.006 0.019 0.142
82 I 0.046 0.019 0.014 0.017 0.016 0.014 0.018 0.02 0.009 0.24 0.22 0.024 0.039 0.046 0.014 0.024 0.038 0.006 0.021 0.154
83 S 0.108 0.04 0.053 0.048 0.017 0.033 0.052 0.065 0.019 0.029 0.041 0.053 0.015 0.021 0.029 0.231 0.081 0.005 0.017 0.041
84 V 0.062 0.019 0.016 0.017 0.136 0.014 0.02 0.025 0.008 0.163 0.122 0.024 0.029 0.033 0.016 0.032 0.043 0.005 0.018 0.197
85 L 0.044 0.022 0.016 0.017 0.014 0.016 0.021 0.022 0.018 0.18 0.196 0.026 0.035 0.067 0.015 0.026 0.035 0.012 0.098 0.122
86 T 0.081 0.036 0.045 0.04 0.017 0.029 0.042 0.048 0.015 0.047 0.058 0.047 0.018 0.023 0.028 0.126 0.213 0.006 0.017 0.063
87 A 0.253 0.033 0.032 0.034 0.02 0.027 0.043 0.074 0.016 0.039 0.054 0.046 0.017 0.021 0.029 0.121 0.057 0.005 0.017 0.061
88 I 0.046 0.017 0.014 0.017 0.016 0.013 0.017 0.02 0.009 0.282 0.165 0.023 0.036 0.044 0.014 0.025 0.039 0.006 0.02 0.174
89 A 0.18 0.046 0.027 0.029 0.136 0.029 0.041 0.057 0.014 0.039 0.056 0.099 0.016 0.019 0.025 0.065 0.043 0.005 0.016 0.056
90 V 0.069 0.022 0.016 0.018 0.019 0.016 0.023 0.024 0.008 0.162 0.128 0.026 0.031 0.035 0.016 0.032 0.049 0.005 0.02 0.28
91 H 0.041 0.036 0.037 0.028 0.008 0.03 0.04 0.031 0.205 0.033 0.053 0.038 0.017 0.079 0.017 0.036 0.027 0.018 0.192 0.034
92 H 0.05 0.039 0.049 0.037 0.008 0.033 0.046 0.158 0.277 0.022 0.035 0.042 0.014 0.027 0.019 0.044 0.027 0.007 0.045 0.023
93 T 0.081 0.036 0.045 0.04 0.017 0.029 0.042 0.048 0.015 0.047 0.058 0.047 0.018 0.023 0.028 0.126 0.213 0.006 0.017 0.063
94 T 0.09 0.037 0.048 0.043 0.017 0.03 0.045 0.054 0.016 0.041 0.053 0.049 0.017 0.022 0.028 0.161 0.169 0.005 0.017 0.056
95 N 0.044 0.031 0.171 0.05 0.012 0.023 0.033 0.042 0.02 0.152 0.098 0.038 0.024 0.031 0.017 0.047 0.044 0.005 0.018 0.1
96 Y 0.04 0.028 0.022 0.019 0.009 0.022 0.028 0.025 0.047 0.044 0.068 0.031 0.019 0.131 0.016 0.031 0.028 0.028 0.318 0.047
97 G 0.055 0.035 0.03 0.032 0.01 0.069 0.045 0.155 0.018 0.033 0.056 0.046 0.016 0.11 0.138 0.043 0.033 0.008 0.033 0.036
98 S 0.156 0.037 0.046 0.043 0.018 0.031 0.049 0.068 0.018 0.033 0.046 0.051 0.016 0.021 0.029 0.195 0.073 0.005 0.017 0.048
99 D 0.04 0.029 0.068 0.406 0.007 0.029 0.09 0.046 0.018 0.022 0.028 0.044 0.009 0.015 0.022 0.051 0.035 0.004 0.011 0.024
100 V 0.052 0.023 0.017 0.017 0.014 0.017 0.024 0.026 0.019 0.099 0.094 0.026 0.024 0.065 0.014 0.029 0.037 0.135 0.109 0.159
101 T 0.077 0.054 0.045 0.041 0.015 0.035 0.05 0.048 0.017 0.04 0.053 0.108 0.017 0.021 0.028 0.117 0.159 0.005 0.017 0.053
102 Q 0.054 0.062 0.038 0.04 0.01 0.177 0.083 0.037 0.026 0.044 0.083 0.076 0.058 0.023 0.021 0.05 0.04 0.006 0.021 0.049
103 S 0.108 0.04 0.053 0.048 0.017 0.033 0.052 0.065 0.019 0.029 0.041 0.053 0.015 0.021 0.029 0.231 0.081 0.005 0.017 0.041
104 L 0.042 0.019 0.015 0.017 0.015 0.013 0.018 0.022 0.011 0.185 0.207 0.023 0.037 0.134 0.013 0.025 0.034 0.009 0.038 0.124
105 L 0.048 0.025 0.015 0.016 0.016 0.017 0.021 0.022 0.01 0.118 0.329 0.026 0.062 0.051 0.015 0.026 0.036 0.007 0.022 0.117
106 R 0.044 0.355 0.038 0.031 0.008 0.048 0.052 0.032 0.023 0.023 0.046 0.118 0.015 0.017 0.019 0.044 0.034 0.006 0.017 0.031
107 C 0.049 0.017 0.016 0.016 0.251 0.011 0.017 0.029 0.012 0.053 0.088 0.019 0.021 0.208 0.013 0.033 0.031 0.01 0.05 0.055
108 F 0.04 0.018 0.016 0.017 0.013 0.012 0.018 0.023 0.013 0.172 0.139 0.021 0.031 0.22 0.012 0.025 0.032 0.011 0.054 0.114
109 Y 0.044 0.043 0.035 0.03 0.009 0.077 0.052 0.032 0.121 0.034 0.055 0.049 0.018 0.076 0.018 0.039 0.031 0.017 0.183 0.037
110 Y 0.048 0.025 0.018 0.017 0.013 0.019 0.025 0.024 0.028 0.09 0.162 0.028 0.029 0.087 0.015 0.029 0.034 0.017 0.175 0.117
111 L 0.053 0.02 0.016 0.016 0.134 0.014 0.019 0.026 0.011 0.096 0.172 0.022 0.03 0.126 0.014 0.03 0.036 0.008 0.035 0.121
112 A 0.133 0.035 0.034 0.046 0.016 0.034 0.105 0.05 0.017 0.064 0.066 0.049 0.019 0.023 0.025 0.1 0.054 0.005 0.018 0.105
113 A 0.176 0.026 0.022 0.027 0.017 0.021 0.033 0.053 0.013 0.098 0.08 0.038 0.02 0.025 0.143 0.059 0.043 0.005 0.017 0.085
114 F 0.035 0.021 0.018 0.017 0.01 0.013 0.021 0.025 0.024 0.058 0.101 0.022 0.023 0.329 0.012 0.026 0.026 0.019 0.148 0.052
115 L 0.067 0.031 0.031 0.029 0.017 0.023 0.033 0.038 0.013 0.077 0.219 0.037 0.033 0.038 0.021 0.093 0.101 0.006 0.02 0.075
116 I 0.087 0.022 0.02 0.021 0.018 0.017 0.024 0.031 0.01 0.193 0.13 0.029 0.03 0.036 0.018 0.042 0.07 0.006 0.02 0.174
117 A 0.301 0.031 0.025 0.029 0.021 0.025 0.04 0.077 0.015 0.043 0.059 0.044 0.017 0.021 0.029 0.084 0.049 0.005 0.017 0.068
118 Y 0.04 0.028 0.021 0.018 0.009 0.021 0.028 0.025 0.046 0.043 0.067 0.031 0.018 0.129 0.015 0.031 0.028 0.028 0.328 0.046
119 Y 0.044 0.022 0.019 0.017 0.13 0.016 0.022 0.027 0.029 0.048 0.078 0.025 0.019 0.168 0.014 0.032 0.029 0.019 0.189 0.051
120 S 0.077 0.035 0.037 0.034 0.015 0.029 0.04 0.046 0.025 0.05 0.086 0.043 0.056 0.054 0.022 0.132 0.057 0.011 0.097 0.055
121 V 0.056 0.022 0.017 0.018 0.016 0.017 0.023 0.023 0.018 0.162 0.122 0.026 0.029 0.061 0.016 0.03 0.041 0.011 0.097 0.195
122 R 0.115 0.17 0.036 0.033 0.012 0.04 0.05 0.107 0.019 0.028 0.046 0.132 0.015 0.018 0.024 0.057 0.039 0.005 0.016 0.039
123 K 0.048 0.066 0.029 0.029 0.01 0.037 0.047 0.036 0.018 0.046 0.083 0.159 0.055 0.034 0.019 0.041 0.035 0.13 0.031 0.046
124 F 0.042 0.019 0.017 0.017 0.013 0.012 0.02 0.025 0.015 0.087 0.116 0.02 0.027 0.306 0.012 0.027 0.031 0.014 0.071 0.111
125 G 0.073 0.064 0.038 0.033 0.01 0.022 0.029 0.457 0.015 0.019 0.03 0.044 0.01 0.016 0.019 0.05 0.03 0.005 0.011 0.025
126 K 0.053 0.09 0.112 0.051 0.009 0.048 0.064 0.048 0.023 0.026 0.04 0.23 0.014 0.016 0.025 0.057 0.042 0.005 0.017 0.031
127 D 0.048 0.053 0.054 0.236 0.008 0.044 0.139 0.042 0.021 0.023 0.033 0.113 0.012 0.015 0.024 0.052 0.036 0.004 0.014 0.028
128 T 0.09 0.037 0.048 0.043 0.017 0.03 0.045 0.054 0.016 0.041 0.053 0.049 0.017 0.022 0.028 0.161 0.169 0.005 0.017 0.056
129 V 0.059 0.023 0.017 0.02 0.016 0.017 0.025 0.026 0.01 0.116 0.169 0.029 0.03 0.034 0.137 0.033 0.041 0.005 0.019 0.171
130 R 0.043 0.273 0.046 0.124 0.008 0.043 0.061 0.036 0.022 0.023 0.041 0.1 0.014 0.017 0.02 0.046 0.035 0.005 0.016 0.029
131 L 0.044 0.022 0.014 0.016 0.016 0.015 0.019 0.021 0.01 0.156 0.33 0.025 0.046 0.051 0.014 0.024 0.034 0.007 0.022 0.115
132 L 0.042 0.021 0.015 0.016 0.015 0.014 0.019 0.022 0.011 0.143 0.262 0.023 0.04 0.137 0.013 0.024 0.033 0.009 0.038 0.104
133 L 0.055 0.022 0.018 0.019 0.017 0.016 0.022 0.024 0.009 0.181 0.198 0.027 0.036 0.042 0.016 0.035 0.067 0.006 0.02 0.168
134 I 0.042 0.019 0.015 0.017 0.014 0.014 0.019 0.023 0.01 0.219 0.137 0.023 0.031 0.048 0.013 0.024 0.035 0.129 0.032 0.138
135 A 0.204 0.035 0.039 0.039 0.019 0.029 0.046 0.071 0.017 0.036 0.05 0.049 0.016 0.021 0.029 0.158 0.065 0.005 0.017 0.055
136 G 0.133 0.025 0.035 0.032 0.013 0.02 0.029 0.407 0.014 0.025 0.036 0.036 0.011 0.017 0.021 0.059 0.034 0.005 0.012 0.035
137 L 0.049 0.022 0.015 0.015 0.135 0.015 0.019 0.024 0.009 0.096 0.305 0.024 0.041 0.045 0.015 0.028 0.034 0.006 0.019 0.085
138 I 0.046 0.017 0.014 0.017 0.016 0.013 0.017 0.02 0.009 0.282 0.165 0.023 0.036 0.044 0.014 0.025 0.039 0.006 0.02 0.174
139 S 0.108 0.04 0.053 0.048 0.017 0.033 0.052 0.065 0.019 0.029 0.041 0.053 0.015 0.021 0.029 0.231 0.081 0.005 0.017 0.041
140 Y 0.04 0.028 0.021 0.018 0.009 0.021 0.028 0.025 0.046 0.043 0.067 0.031 0.018 0.129 0.015 0.031 0.028 0.028 0.328 0.046
141 A 0.193 0.029 0.03 0.031 0.138 0.024 0.037 0.063 0.014 0.04 0.056 0.04 0.017 0.021 0.026 0.11 0.054 0.005 0.016 0.058
142 T 0.081 0.036 0.045 0.04 0.017 0.029 0.042 0.048 0.015 0.047 0.058 0.047 0.018 0.023 0.028 0.126 0.213 0.006 0.017 0.063
143 V 0.069 0.022 0.016 0.018 0.019 0.016 0.023 0.024 0.008 0.162 0.128 0.026 0.031 0.035 0.016 0.032 0.049 0.005 0.02 0.28
144 F 0.04 0.018 0.016 0.017 0.013 0.012 0.018 0.023 0.013 0.172 0.139 0.021 0.031 0.22 0.012 0.025 0.032 0.011 0.054 0.114
145 L 0.048 0.02 0.015 0.017 0.015 0.014 0.02 0.023 0.011 0.155 0.198 0.023 0.035 0.132 0.014 0.027 0.036 0.009 0.038 0.151
146 R 0.049 0.144 0.112 0.05 0.008 0.09 0.068 0.045 0.026 0.025 0.041 0.138 0.015 0.016 0.022 0.055 0.041 0.005 0.017 0.031
147 Y 0.036 0.024 0.019 0.017 0.009 0.017 0.024 0.026 0.031 0.045 0.075 0.026 0.019 0.178 0.012 0.027 0.026 0.143 0.203 0.044
148 L 0.042 0.019 0.015 0.017 0.015 0.013 0.018 0.022 0.011 0.185 0.207 0.023 0.037 0.134 0.013 0.025 0.034 0.009 0.038 0.124
149 Y 0.047 0.05 0.032 0.032 0.009 0.124 0.064 0.033 0.037 0.035 0.057 0.06 0.019 0.072 0.019 0.043 0.034 0.017 0.174 0.04
150 Y 0.041 0.114 0.102 0.037 0.009 0.031 0.039 0.036 0.037 0.033 0.053 0.058 0.016 0.073 0.017 0.044 0.035 0.016 0.172 0.037
151 G 0.13 0.023 0.03 0.028 0.133 0.019 0.027 0.286 0.012 0.031 0.045 0.033 0.013 0.018 0.021 0.056 0.036 0.005 0.013 0.043
152 G 0.061 0.104 0.032 0.029 0.011 0.025 0.03 0.272 0.015 0.085 0.067 0.052 0.018 0.023 0.018 0.042 0.033 0.006 0.015 0.063
153 F 0.037 0.021 0.016 0.016 0.012 0.012 0.019 0.024 0.014 0.08 0.203 0.021 0.033 0.281 0.012 0.025 0.028 0.013 0.066 0.068
154 K 0.057 0.122 0.041 0.04 0.009 0.103 0.07 0.119 0.023 0.025 0.042 0.151 0.016 0.015 0.023 0.052 0.037 0.005 0.017 0.032
155 G 0.064 0.021 0.023 0.023 0.015 0.016 0.022 0.187 0.01 0.154 0.107 0.027 0.026 0.032 0.016 0.036 0.039 0.006 0.017 0.159
156 L 0.04 0.022 0.015 0.016 0.014 0.014 0.02 0.022 0.012 0.097 0.293 0.023 0.041 0.168 0.013 0.024 0.03 0.01 0.044 0.081
157 L 0.066 0.027 0.027 0.027 0.016 0.021 0.03 0.036 0.013 0.141 0.197 0.034 0.034 0.039 0.019 0.093 0.051 0.006 0.02 0.104
158 G 0.051 0.029 0.036 0.029 0.01 0.022 0.032 0.193 0.131 0.035 0.059 0.032 0.016 0.147 0.016 0.039 0.027 0.01 0.052 0.034
159 F 0.034 0.019 0.017 0.017 0.011 0.011 0.019 0.025 0.017 0.063 0.113 0.019 0.025 0.391 0.011 0.025 0.025 0.017 0.088 0.055
160 F 0.119 0.027 0.028 0.028 0.015 0.02 0.032 0.048 0.017 0.049 0.081 0.034 0.021 0.208 0.02 0.091 0.045 0.011 0.052 0.054
161 N 0.062 0.05 0.188 0.065 0.011 0.081 0.063 0.059 0.027 0.025 0.037 0.062 0.014 0.018 0.023 0.106 0.055 0.005 0.017 0.032
162 G 0.115 0.036 0.111 0.045 0.012 0.029 0.042 0.174 0.106 0.026 0.039 0.044 0.013 0.021 0.022 0.061 0.038 0.006 0.025 0.035
163 N 0.069 0.053 0.109 0.047 0.013 0.034 0.048 0.049 0.02 0.06 0.061 0.105 0.018 0.022 0.023 0.096 0.054 0.005 0.018 0.095
164 V 0.052 0.023 0.017 0.017 0.014 0.017 0.024 0.026 0.019 0.099 0.094 0.026 0.024 0.065 0.014 0.029 0.037 0.135 0.109 0.159
165 N 0.042 0.041 0.262 0.163 0.008 0.032 0.059 0.06 0.028 0.022 0.03 0.051 0.011 0.017 0.02 0.064 0.045 0.004 0.014 0.026
166 G 0.076 0.026 0.04 0.034 0.012 0.021 0.029 0.399 0.013 0.027 0.037 0.036 0.012 0.018 0.021 0.061 0.086 0.005 0.012 0.035
167 I 0.058 0.023 0.022 0.022 0.017 0.017 0.024 0.027 0.01 0.195 0.131 0.029 0.031 0.036 0.018 0.043 0.096 0.006 0.02 0.174
168 G 0.075 0.03 0.037 0.033 0.015 0.024 0.034 0.162 0.014 0.054 0.13 0.039 0.023 0.028 0.022 0.099 0.1 0.006 0.017 0.057
169 L 0.044 0.024 0.014 0.015 0.016 0.016 0.02 0.021 0.01 0.114 0.385 0.025 0.049 0.054 0.014 0.024 0.033 0.007 0.022 0.095
170 E 0.054 0.049 0.04 0.089 0.007 0.064 0.307 0.034 0.025 0.022 0.036 0.074 0.013 0.016 0.025 0.054 0.036 0.005 0.016 0.031
171 V 0.079 0.026 0.026 0.025 0.018 0.02 0.03 0.035 0.011 0.129 0.107 0.033 0.027 0.032 0.02 0.082 0.057 0.005 0.02 0.22
172 H 0.041 0.045 0.053 0.038 0.007 0.038 0.053 0.038 0.365 0.023 0.038 0.045 0.015 0.03 0.019 0.041 0.026 0.007 0.056 0.023
173 N 0.05 0.035 0.19 0.151 0.009 0.029 0.053 0.173 0.023 0.021 0.029 0.046 0.01 0.017 0.02 0.06 0.04 0.004 0.013 0.025
174 L 0.044 0.024 0.014 0.015 0.016 0.016 0.02 0.021 0.01 0.114 0.385 0.025 0.049 0.054 0.014 0.024 0.033 0.007 0.022 0.095
175 T 0.066 0.031 0.036 0.032 0.017 0.024 0.033 0.037 0.012 0.11 0.089 0.039 0.024 0.028 0.024 0.075 0.203 0.006 0.018 0.096
176 Y 0.044 0.033 0.026 0.036 0.009 0.032 0.097 0.027 0.041 0.038 0.06 0.042 0.017 0.101 0.018 0.037 0.03 0.022 0.25 0.042
177 C 0.071 0.022 0.025 0.024 0.254 0.017 0.025 0.037 0.011 0.1 0.084 0.029 0.021 0.026 0.019 0.084 0.048 0.005 0.015 0.082
178 L 0.054 0.027 0.017 0.018 0.017 0.022 0.025 0.025 0.012 0.118 0.225 0.03 0.107 0.046 0.015 0.032 0.04 0.007 0.022 0.139
179 G 0.077 0.023 0.039 0.033 0.011 0.019 0.025 0.517 0.013 0.019 0.028 0.033 0.009 0.016 0.019 0.051 0.029 0.005 0.011 0.024
180 L 0.046 0.026 0.015 0.016 0.016 0.019 0.022 0.023 0.011 0.11 0.337 0.028 0.08 0.052 0.014 0.027 0.035 0.007 0.022 0.094
181 F 0.036 0.02 0.016 0.016 0.012 0.012 0.019 0.024 0.015 0.075 0.181 0.02 0.031 0.31 0.011 0.025 0.027 0.014 0.071 0.064
182 F 0.033 0.019 0.017 0.017 0.01 0.01 0.019 0.025 0.017 0.062 0.113 0.019 0.025 0.396 0.01 0.025 0.025 0.017 0.087 0.054
183 L 0.045 0.021 0.014 0.016 0.016 0.015 0.019 0.021 0.009 0.198 0.275 0.024 0.043 0.049 0.014 0.024 0.036 0.006 0.021 0.134
184 Y 0.04 0.028 0.021 0.018 0.009 0.021 0.028 0.025 0.046 0.043 0.067 0.031 0.018 0.129 0.015 0.031 0.028 0.028 0.328 0.046
185 Y 0.038 0.025 0.02 0.018 0.009 0.019 0.025 0.025 0.039 0.048 0.079 0.028 0.02 0.196 0.014 0.029 0.027 0.025 0.268 0.048
186 L 0.041 0.023 0.015 0.015 0.015 0.015 0.02 0.022 0.012 0.101 0.317 0.023 0.043 0.139 0.013 0.024 0.031 0.009 0.038 0.085
187 L 0.044 0.024 0.014 0.015 0.016 0.016 0.02 0.021 0.01 0.114 0.385 0.025 0.049 0.054 0.014 0.024 0.033 0.007 0.022 0.095
188 S 0.108 0.04 0.053 0.048 0.017 0.033 0.052 0.065 0.019 0.029 0.041 0.053 0.015 0.021 0.029 0.231 0.081 0.005 0.017 0.041
189 D 0.044 0.048 0.061 0.315 0.008 0.035 0.085 0.045 0.019 0.023 0.031 0.105 0.011 0.015 0.023 0.052 0.036 0.004 0.013 0.026
190 D 0.065 0.056 0.051 0.146 0.01 0.045 0.13 0.047 0.021 0.025 0.037 0.115 0.013 0.017 0.026 0.097 0.048 0.005 0.015 0.032
191 Y 0.04 0.028 0.021 0.018 0.009 0.021 0.028 0.025 0.046 0.043 0.067 0.031 0.018 0.129 0.015 0.031 0.028 0.028 0.328 0.046
192 T 0.073 0.035 0.052 0.132 0.015 0.029 0.055 0.049 0.016 0.039 0.049 0.047 0.016 0.02 0.026 0.116 0.158 0.005 0.016 0.051
193 K 0.13 0.07 0.04 0.04 0.014 0.041 0.058 0.057 0.019 0.032 0.046 0.169 0.016 0.018 0.028 0.105 0.052 0.005 0.017 0.043
194 K 0.069 0.089 0.044 0.043 0.011 0.048 0.065 0.048 0.02 0.028 0.042 0.23 0.015 0.017 0.028 0.097 0.05 0.005 0.017 0.035
195 F 0.04 0.034 0.025 0.025 0.01 0.067 0.042 0.029 0.027 0.048 0.085 0.04 0.022 0.234 0.015 0.034 0.03 0.017 0.131 0.047
196 K 0.053 0.168 0.04 0.038 0.008 0.051 0.065 0.04 0.021 0.026 0.043 0.246 0.015 0.016 0.025 0.051 0.038 0.005 0.017 0.032
197 W 0.051 0.045 0.028 0.028 0.012 0.027 0.037 0.034 0.014 0.098 0.081 0.095 0.021 0.035 0.019 0.048 0.09 0.129 0.031 0.077
198 K 0.055 0.087 0.036 0.036 0.01 0.046 0.059 0.039 0.019 0.045 0.08 0.225 0.055 0.023 0.024 0.048 0.039 0.006 0.019 0.047
199 I 0.109 0.105 0.023 0.024 0.015 0.025 0.032 0.038 0.014 0.157 0.109 0.052 0.026 0.031 0.019 0.044 0.04 0.006 0.019 0.112
200 C 0.054 0.02 0.015 0.016 0.254 0.014 0.018 0.027 0.009 0.079 0.224 0.022 0.032 0.037 0.015 0.032 0.034 0.006 0.017 0.075
201 I 0.046 0.019 0.014 0.017 0.016 0.014 0.018 0.02 0.009 0.24 0.22 0.024 0.039 0.046 0.014 0.024 0.038 0.006 0.021 0.154
202 P 0.057 0.022 0.019 0.024 0.014 0.018 0.028 0.029 0.011 0.124 0.091 0.033 0.022 0.026 0.258 0.036 0.04 0.004 0.017 0.129
203 L 0.05 0.02 0.015 0.016 0.135 0.014 0.018 0.024 0.009 0.138 0.25 0.023 0.038 0.043 0.015 0.028 0.035 0.006 0.019 0.105
204 L 0.062 0.028 0.025 0.025 0.016 0.022 0.029 0.034 0.013 0.131 0.196 0.034 0.068 0.041 0.018 0.079 0.048 0.006 0.021 0.1
205 I 0.05 0.019 0.015 0.017 0.016 0.014 0.019 0.022 0.01 0.224 0.15 0.023 0.034 0.086 0.014 0.027 0.04 0.007 0.029 0.186
206 G 0.125 0.023 0.029 0.028 0.015 0.019 0.027 0.283 0.012 0.09 0.07 0.033 0.018 0.024 0.02 0.052 0.037 0.005 0.015 0.072
207 I 0.046 0.019 0.014 0.017 0.016 0.014 0.018 0.02 0.009 0.24 0.22 0.024 0.039 0.046 0.014 0.024 0.038 0.006 0.021 0.154
208 F 0.039 0.02 0.015 0.016 0.013 0.012 0.019 0.023 0.013 0.13 0.194 0.021 0.034 0.222 0.012 0.025 0.031 0.012 0.054 0.094
209 L 0.042 0.025 0.018 0.017 0.013 0.019 0.023 0.025 0.022 0.08 0.19 0.027 0.066 0.157 0.014 0.029 0.031 0.015 0.115 0.072
210 G 0.077 0.023 0.039 0.033 0.011 0.019 0.025 0.517 0.013 0.019 0.028 0.033 0.009 0.016 0.019 0.051 0.029 0.005 0.011 0.024
211 D 0.106 0.033 0.122 0.231 0.011 0.029 0.067 0.058 0.021 0.027 0.036 0.046 0.012 0.017 0.023 0.064 0.042 0.004 0.014 0.036
212 K 0.056 0.106 0.041 0.041 0.008 0.053 0.07 0.043 0.02 0.027 0.043 0.289 0.015 0.015 0.027 0.053 0.039 0.005 0.017 0.032
213 R 0.044 0.355 0.038 0.031 0.008 0.048 0.052 0.032 0.023 0.023 0.046 0.118 0.015 0.017 0.019 0.044 0.034 0.006 0.017 0.031
214 A 0.195 0.031 0.03 0.031 0.02 0.025 0.039 0.061 0.014 0.069 0.072 0.042 0.02 0.025 0.026 0.108 0.057 0.005 0.018 0.114
215 L 0.109 0.024 0.017 0.019 0.017 0.018 0.024 0.035 0.011 0.138 0.248 0.029 0.038 0.043 0.018 0.039 0.039 0.006 0.02 0.108
216 Y 0.036 0.024 0.019 0.017 0.009 0.017 0.024 0.026 0.031 0.045 0.075 0.026 0.019 0.178 0.012 0.027 0.026 0.143 0.203 0.044
217 L 0.051 0.022 0.015 0.016 0.017 0.015 0.02 0.022 0.009 0.168 0.266 0.025 0.041 0.047 0.015 0.026 0.038 0.006 0.021 0.161
218 G 0.133 0.025 0.035 0.032 0.013 0.02 0.029 0.407 0.014 0.025 0.036 0.036 0.011 0.017 0.021 0.059 0.034 0.005 0.012 0.035
219 L 0.044 0.022 0.014 0.016 0.016 0.015 0.019 0.021 0.01 0.156 0.33 0.025 0.046 0.051 0.014 0.024 0.034 0.007 0.022 0.115
220 A 0.237 0.027 0.023 0.026 0.02 0.022 0.034 0.063 0.013 0.102 0.085 0.039 0.022 0.027 0.026 0.069 0.047 0.005 0.018 0.094
221 I 0.048 0.02 0.015 0.017 0.015 0.014 0.02 0.024 0.01 0.189 0.128 0.024 0.03 0.045 0.013 0.026 0.037 0.129 0.032 0.164
222 S 0.099 0.038 0.051 0.045 0.017 0.031 0.048 0.06 0.018 0.035 0.047 0.051 0.016 0.021 0.029 0.196 0.125 0.005 0.017 0.048
223 L 0.044 0.022 0.014 0.016 0.016 0.015 0.019 0.021 0.01 0.156 0.33 0.025 0.046 0.051 0.014 0.024 0.034 0.007 0.022 0.115
224 L 0.042 0.021 0.015 0.016 0.015 0.014 0.019 0.022 0.011 0.143 0.262 0.023 0.04 0.137 0.013 0.024 0.033 0.009 0.038 0.104
225 V 0.058 0.02 0.015 0.017 0.017 0.015 0.02 0.022 0.008 0.222 0.147 0.024 0.034 0.039 0.015 0.029 0.044 0.006 0.02 0.227
226 Y 0.04 0.028 0.021 0.018 0.009 0.021 0.028 0.025 0.046 0.043 0.067 0.031 0.018 0.129 0.015 0.031 0.028 0.028 0.328 0.046
227 F 0.041 0.02 0.016 0.016 0.012 0.013 0.021 0.026 0.014 0.079 0.101 0.021 0.024 0.222 0.011 0.026 0.03 0.135 0.066 0.104
228 L 0.05 0.023 0.015 0.016 0.017 0.016 0.021 0.022 0.009 0.126 0.321 0.025 0.044 0.049 0.015 0.026 0.037 0.007 0.022 0.141
229 F 0.036 0.02 0.016 0.016 0.012 0.012 0.019 0.024 0.015 0.075 0.181 0.02 0.031 0.31 0.011 0.025 0.027 0.014 0.071 0.064
230 H 0.042 0.045 0.19 0.06 0.008 0.035 0.051 0.051 0.198 0.022 0.034 0.049 0.013 0.024 0.019 0.055 0.037 0.006 0.036 0.025
231 K 0.053 0.168 0.04 0.038 0.008 0.051 0.065 0.04 0.021 0.026 0.043 0.246 0.015 0.016 0.025 0.051 0.038 0.005 0.017 0.032
232 F 0.036 0.02 0.016 0.016 0.012 0.012 0.019 0.024 0.015 0.075 0.181 0.02 0.031 0.31 0.011 0.025 0.027 0.014 0.071 0.064
233 K 0.052 0.072 0.047 0.144 0.008 0.05 0.134 0.041 0.021 0.025 0.037 0.174 0.013 0.015 0.025 0.053 0.037 0.005 0.015 0.03
234 E 0.068 0.061 0.043 0.067 0.01 0.053 0.184 0.044 0.023 0.025 0.039 0.123 0.014 0.017 0.027 0.098 0.048 0.005 0.017 0.034
235 K 0.053 0.16 0.041 0.04 0.008 0.095 0.073 0.04 0.023 0.026 0.044 0.196 0.017 0.016 0.024 0.051 0.038 0.005 0.018 0.032
236 R 0.06 0.198 0.114 0.048 0.01 0.04 0.051 0.049 0.024 0.024 0.041 0.086 0.014 0.018 0.022 0.097 0.05 0.005 0.017 0.032
237 L 0.108 0.031 0.095 0.035 0.016 0.023 0.032 0.046 0.016 0.073 0.215 0.037 0.032 0.037 0.019 0.05 0.041 0.006 0.019 0.071
238 R 0.051 0.12 0.035 0.033 0.011 0.078 0.053 0.035 0.021 0.041 0.067 0.068 0.02 0.113 0.02 0.054 0.089 0.008 0.036 0.047
239 L 0.044 0.022 0.014 0.016 0.016 0.015 0.019 0.021 0.01 0.156 0.33 0.025 0.046 0.051 0.014 0.024 0.034 0.007 0.022 0.115
240 L 0.044 0.022 0.014 0.016 0.016 0.015 0.019 0.021 0.01 0.156 0.33 0.025 0.046 0.051 0.014 0.024 0.034 0.007 0.022 0.115
241 K 0.047 0.147 0.034 0.032 0.008 0.042 0.053 0.037 0.02 0.027 0.046 0.18 0.015 0.027 0.02 0.043 0.034 0.129 0.03 0.031
242 I 0.046 0.017 0.014 0.017 0.016 0.013 0.017 0.02 0.009 0.282 0.165 0.023 0.036 0.044 0.014 0.025 0.039 0.006 0.02 0.174
243 I 0.052 0.018 0.015 0.017 0.017 0.014 0.019 0.021 0.009 0.252 0.156 0.024 0.035 0.041 0.015 0.027 0.042 0.006 0.02 0.2
244 F 0.047 0.026 0.024 0.023 0.014 0.019 0.026 0.03 0.016 0.069 0.121 0.029 0.061 0.216 0.016 0.044 0.087 0.012 0.054 0.067
245 L 0.064 0.024 0.025 0.025 0.015 0.018 0.025 0.151 0.011 0.127 0.166 0.03 0.029 0.035 0.017 0.058 0.042 0.006 0.018 0.113
246 I 0.048 0.017 0.015 0.017 0.133 0.012 0.017 0.024 0.01 0.168 0.127 0.021 0.028 0.126 0.014 0.029 0.035 0.008 0.035 0.115
247 Y 0.04 0.028 0.021 0.018 0.009 0.021 0.028 0.025 0.046 0.043 0.067 0.031 0.018 0.129 0.015 0.031 0.028 0.028 0.328 0.046
248 I 0.052 0.018 0.015 0.017 0.017 0.014 0.019 0.021 0.009 0.252 0.156 0.024 0.035 0.041 0.015 0.027 0.042 0.006 0.02 0.2
249 V 0.121 0.023 0.018 0.02 0.019 0.018 0.026 0.037 0.01 0.162 0.12 0.03 0.029 0.034 0.019 0.043 0.046 0.005 0.02 0.2
250 G 0.123 0.028 0.03 0.029 0.016 0.022 0.031 0.165 0.013 0.057 0.134 0.037 0.024 0.029 0.022 0.062 0.092 0.006 0.017 0.064
251 A 0.253 0.033 0.032 0.034 0.02 0.027 0.043 0.074 0.016 0.039 0.054 0.046 0.017 0.021 0.029 0.121 0.057 0.005 0.017 0.061
252 F 0.042 0.019 0.017 0.017 0.013 0.012 0.02 0.025 0.015 0.087 0.116 0.02 0.027 0.306 0.012 0.027 0.031 0.014 0.071 0.111
253 V 0.052 0.019 0.016 0.017 0.016 0.014 0.02 0.023 0.01 0.182 0.138 0.023 0.032 0.129 0.014 0.028 0.039 0.008 0.037 0.184
254 Y 0.038 0.025 0.02 0.018 0.009 0.019 0.025 0.025 0.039 0.048 0.079 0.028 0.02 0.196 0.014 0.029 0.027 0.025 0.268 0.048
255 L 0.044 0.024 0.014 0.015 0.016 0.016 0.02 0.021 0.01 0.114 0.385 0.025 0.049 0.054 0.014 0.024 0.033 0.007 0.022 0.095
256 Y 0.039 0.024 0.018 0.017 0.01 0.018 0.024 0.025 0.029 0.099 0.088 0.027 0.022 0.09 0.013 0.027 0.029 0.14 0.186 0.074
257 L 0.044 0.022 0.014 0.016 0.016 0.015 0.019 0.021 0.01 0.156 0.33 0.025 0.046 0.051 0.014 0.024 0.034 0.007 0.022 0.115
258 I 0.052 0.018 0.015 0.017 0.017 0.014 0.019 0.021 0.009 0.252 0.156 0.024 0.035 0.041 0.015 0.027 0.042 0.006 0.02 0.2
259 K 0.056 0.106 0.041 0.041 0.008 0.053 0.07 0.043 0.02 0.027 0.043 0.289 0.015 0.015 0.027 0.053 0.039 0.005 0.017 0.032
260 N 0.066 0.041 0.188 0.062 0.013 0.032 0.047 0.059 0.024 0.032 0.042 0.051 0.014 0.02 0.024 0.115 0.109 0.005 0.016 0.041
261 G 0.068 0.028 0.111 0.045 0.01 0.022 0.031 0.404 0.018 0.02 0.029 0.038 0.01 0.016 0.019 0.055 0.034 0.005 0.012 0.025
262 V 0.056 0.022 0.017 0.018 0.016 0.017 0.023 0.023 0.018 0.162 0.122 0.026 0.029 0.061 0.016 0.03 0.041 0.011 0.097 0.195
263 F 0.036 0.02 0.016 0.016 0.012 0.012 0.019 0.024 0.015 0.075 0.181 0.02 0.031 0.31 0.011 0.025 0.027 0.014 0.071 0.064
264 E 0.112 0.039 0.043 0.153 0.011 0.045 0.186 0.048 0.021 0.027 0.04 0.059 0.013 0.017 0.026 0.061 0.039 0.005 0.015 0.038
265 A 0.134 0.044 0.041 0.04 0.016 0.078 0.058 0.056 0.019 0.038 0.053 0.058 0.018 0.02 0.027 0.115 0.107 0.006 0.018 0.053
266 L 0.042 0.019 0.015 0.017 0.015 0.013 0.018 0.022 0.011 0.185 0.207 0.023 0.037 0.134 0.013 0.025 0.034 0.009 0.038 0.124
267 L 0.044 0.024 0.014 0.015 0.016 0.016 0.02 0.021 0.01 0.114 0.385 0.025 0.049 0.054 0.014 0.024 0.033 0.007 0.022 0.095
268 F 0.063 0.03 0.034 0.03 0.014 0.023 0.034 0.039 0.024 0.047 0.071 0.037 0.02 0.142 0.021 0.095 0.098 0.014 0.113 0.053
269 Y 0.109 0.048 0.027 0.027 0.012 0.03 0.041 0.042 0.032 0.039 0.059 0.099 0.017 0.074 0.022 0.049 0.036 0.016 0.173 0.048
270 F 0.037 0.028 0.027 0.022 0.009 0.02 0.029 0.028 0.111 0.048 0.083 0.028 0.021 0.238 0.014 0.031 0.026 0.017 0.14 0.044
271 G 0.059 0.03 0.118 0.139 0.009 0.025 0.047 0.286 0.019 0.02 0.029 0.041 0.01 0.016 0.02 0.055 0.036 0.005 0.012 0.025
272 I 0.046 0.017 0.014 0.017 0.016 0.013 0.017 0.02 0.009 0.282 0.165 0.023 0.036 0.044 0.014 0.025 0.039 0.006 0.02 0.174
273 P 0.11 0.032 0.111 0.137 0.012 0.027 0.054 0.056 0.019 0.028 0.038 0.045 0.012 0.017 0.143 0.062 0.042 0.004 0.014 0.037
274 D 0.057 0.032 0.064 0.317 0.01 0.03 0.08 0.051 0.019 0.024 0.031 0.046 0.011 0.016 0.024 0.096 0.046 0.004 0.013 0.028
275 L 0.063 0.037 0.105 0.042 0.014 0.03 0.039 0.046 0.02 0.062 0.115 0.044 0.093 0.033 0.02 0.093 0.052 0.006 0.02 0.062
276 S 0.142 0.035 0.038 0.036 0.018 0.03 0.043 0.059 0.017 0.05 0.084 0.047 0.055 0.027 0.026 0.146 0.063 0.006 0.019 0.06
277 R 0.044 0.355 0.038 0.031 0.008 0.048 0.052 0.032 0.023 0.023 0.046 0.118 0.015 0.017 0.019 0.044 0.034 0.006 0.017 0.031
278 L 0.044 0.022 0.014 0.016 0.016 0.015 0.019 0.021 0.01 0.156 0.33 0.025 0.046 0.051 0.014 0.024 0.034 0.007 0.022 0.115
279 T 0.074 0.116 0.044 0.038 0.015 0.034 0.045 0.046 0.017 0.039 0.054 0.065 0.017 0.021 0.026 0.115 0.158 0.006 0.017 0.053
280 F 0.037 0.018 0.016 0.017 0.012 0.011 0.018 0.024 0.015 0.117 0.126 0.02 0.028 0.308 0.011 0.025 0.029 0.014 0.071 0.084
281 W 0.03 0.022 0.015 0.015 0.007 0.015 0.022 0.03 0.015 0.03 0.052 0.022 0.015 0.06 0.007 0.022 0.022 0.5 0.067 0.03
282 N 0.042 0.044 0.327 0.082 0.009 0.033 0.049 0.064 0.031 0.022 0.031 0.053 0.011 0.018 0.02 0.069 0.049 0.004 0.015 0.027
283 Y 0.04 0.028 0.021 0.018 0.009 0.021 0.028 0.025 0.046 0.043 0.067 0.031 0.018 0.129 0.015 0.031 0.028 0.028 0.328 0.046
284 F 0.033 0.019 0.017 0.017 0.01 0.01 0.019 0.025 0.017 0.062 0.113 0.019 0.025 0.396 0.01 0.025 0.025 0.017 0.087 0.054
285 K 0.082 0.073 0.047 0.045 0.013 0.043 0.061 0.054 0.02 0.028 0.042 0.171 0.015 0.018 0.028 0.142 0.06 0.005 0.017 0.037
286 D 0.065 0.033 0.058 0.224 0.012 0.03 0.068 0.05 0.017 0.031 0.04 0.047 0.013 0.018 0.025 0.106 0.102 0.005 0.014 0.04
287 A 0.204 0.035 0.039 0.039 0.019 0.029 0.046 0.071 0.017 0.036 0.05 0.049 0.016 0.021 0.029 0.158 0.065 0.005 0.017 0.055
288 Y 0.04 0.028 0.021 0.018 0.009 0.021 0.028 0.025 0.046 0.043 0.067 0.031 0.018 0.129 0.015 0.031 0.028 0.028 0.328 0.046
289 E 0.12 0.047 0.038 0.05 0.014 0.086 0.122 0.049 0.021 0.036 0.051 0.063 0.017 0.019 0.026 0.071 0.096 0.006 0.018 0.051
290 L 0.044 0.022 0.014 0.016 0.016 0.015 0.019 0.021 0.01 0.156 0.33 0.025 0.046 0.051 0.014 0.024 0.034 0.007 0.022 0.115
291 S 0.099 0.038 0.051 0.045 0.017 0.031 0.048 0.06 0.018 0.035 0.047 0.051 0.016 0.021 0.029 0.196 0.125 0.005 0.017 0.048
292 P 0.056 0.025 0.023 0.031 0.01 0.02 0.036 0.036 0.013 0.025 0.036 0.041 0.01 0.013 0.501 0.043 0.036 0.003 0.013 0.031
293 F 0.047 0.021 0.021 0.02 0.012 0.014 0.021 0.147 0.014 0.064 0.159 0.024 0.027 0.215 0.013 0.031 0.028 0.011 0.052 0.057
294 Y 0.038 0.025 0.02 0.018 0.009 0.019 0.025 0.025 0.039 0.048 0.079 0.028 0.02 0.196 0.014 0.029 0.027 0.025 0.268 0.048
295 W 0.034 0.022 0.015 0.015 0.01 0.014 0.021 0.026 0.014 0.059 0.15 0.022 0.026 0.142 0.01 0.023 0.026 0.256 0.061 0.052
296 G 0.077 0.023 0.039 0.033 0.011 0.019 0.025 0.517 0.013 0.019 0.028 0.033 0.009 0.016 0.019 0.051 0.029 0.005 0.011 0.024
297 R 0.044 0.355 0.038 0.031 0.008 0.048 0.052 0.032 0.023 0.023 0.046 0.118 0.015 0.017 0.019 0.044 0.034 0.006 0.017 0.031
298 G 0.077 0.023 0.039 0.033 0.011 0.019 0.025 0.517 0.013 0.019 0.028 0.033 0.009 0.016 0.019 0.051 0.029 0.005 0.011 0.024
299 I 0.046 0.017 0.014 0.017 0.016 0.013 0.017 0.02 0.009 0.282 0.165 0.023 0.036 0.044 0.014 0.025 0.039 0.006 0.02 0.174
300 A 0.239 0.041 0.03 0.034 0.018 0.075 0.055 0.068 0.018 0.038 0.055 0.055 0.018 0.02 0.028 0.077 0.047 0.005 0.018 0.06
301 Y 0.04 0.028 0.021 0.018 0.009 0.021 0.028 0.025 0.046 0.043 0.067 0.031 0.018 0.129 0.015 0.031 0.028 0.028 0.328 0.046
302 T 0.072 0.035 0.043 0.037 0.018 0.027 0.039 0.043 0.014 0.053 0.064 0.045 0.019 0.023 0.027 0.091 0.258 0.006 0.018 0.07
303 D 0.057 0.032 0.064 0.317 0.01 0.03 0.08 0.051 0.019 0.024 0.031 0.046 0.011 0.016 0.024 0.096 0.046 0.004 0.013 0.028
304 N 0.042 0.044 0.327 0.082 0.009 0.033 0.049 0.064 0.031 0.022 0.031 0.053 0.011 0.018 0.02 0.069 0.049 0.004 0.015 0.027
305 I 0.051 0.103 0.021 0.021 0.015 0.023 0.027 0.024 0.012 0.187 0.126 0.048 0.03 0.035 0.016 0.031 0.04 0.006 0.02 0.165
306 L 0.051 0.032 0.02 0.02 0.016 0.028 0.028 0.028 0.016 0.099 0.194 0.036 0.173 0.047 0.016 0.036 0.04 0.008 0.024 0.091
307 G 0.123 0.023 0.024 0.024 0.017 0.018 0.026 0.16 0.011 0.126 0.095 0.032 0.023 0.029 0.02 0.048 0.042 0.005 0.017 0.136
308 L 0.115 0.028 0.024 0.024 0.018 0.021 0.03 0.04 0.012 0.081 0.223 0.035 0.034 0.038 0.021 0.056 0.093 0.006 0.02 0.082
309 R 0.067 0.196 0.043 0.037 0.013 0.039 0.048 0.043 0.02 0.032 0.049 0.084 0.016 0.02 0.024 0.103 0.102 0.006 0.017 0.043
310 E 0.065 0.04 0.037 0.06 0.012 0.044 0.171 0.039 0.02 0.047 0.125 0.057 0.022 0.027 0.024 0.091 0.047 0.006 0.018 0.049
311 T 0.062 0.031 0.036 0.032 0.016 0.023 0.034 0.038 0.014 0.055 0.076 0.038 0.021 0.117 0.023 0.075 0.199 0.009 0.035 0.066
312 L 0.054 0.06 0.031 0.032 0.012 0.084 0.057 0.035 0.02 0.063 0.119 0.112 0.095 0.031 0.021 0.045 0.04 0.007 0.021 0.062
313 R 0.046 0.118 0.029 0.028 0.01 0.077 0.049 0.029 0.027 0.093 0.081 0.066 0.023 0.051 0.018 0.039 0.035 0.011 0.096 0.071
314 S 0.143 0.04 0.043 0.054 0.016 0.039 0.113 0.061 0.019 0.031 0.044 0.056 0.015 0.02 0.028 0.15 0.062 0.005 0.017 0.045
315 L 0.11 0.028 0.018 0.02 0.017 0.021 0.027 0.037 0.013 0.092 0.255 0.032 0.072 0.044 0.018 0.042 0.039 0.007 0.021 0.087
316 D 0.042 0.153 0.055 0.219 0.008 0.037 0.071 0.04 0.063 0.022 0.036 0.072 0.012 0.018 0.021 0.047 0.034 0.005 0.019 0.026
317 V 0.058 0.02 0.015 0.017 0.017 0.015 0.02 0.022 0.008 0.222 0.147 0.024 0.034 0.039 0.015 0.029 0.044 0.006 0.02 0.227
318 T 0.061 0.032 0.036 0.031 0.015 0.024 0.035 0.04 0.014 0.047 0.061 0.039 0.018 0.032 0.022 0.074 0.199 0.129 0.03 0.06
319 N 0.123 0.04 0.183 0.06 0.014 0.031 0.047 0.068 0.024 0.029 0.04 0.051 0.014 0.019 0.025 0.113 0.057 0.005 0.016 0.041
320 A 0.117 0.05 0.102 0.042 0.014 0.032 0.045 0.052 0.019 0.064 0.065 0.103 0.019 0.022 0.023 0.059 0.046 0.005 0.018 0.102
