#Seq2Logo.py -f /work3/idamei/ssn-clusterings/2206011120/clusters/0010_145/sequences.afa -m 0.0001 -b 50 -o /work3/idamei/ssn-clusterings/2206011120/clusters/0010_145/sequences.logo
#Position Specific Frequency Matrix
A R N D C Q E G H I L K M F P S T W Y V
0 M 0.049 0.03 0.019 0.019 0.015 0.026 0.026 0.026 0.015 0.094 0.184 0.034 0.213 0.045 0.015 0.034 0.038 0.008 0.023 0.087
1 L 0.045 0.029 0.1 0.034 0.013 0.02 0.029 0.035 0.016 0.063 0.173 0.033 0.026 0.123 0.017 0.048 0.094 0.008 0.033 0.061
2 K 0.082 0.072 0.047 0.044 0.013 0.042 0.06 0.054 0.02 0.028 0.042 0.173 0.015 0.018 0.028 0.144 0.06 0.005 0.017 0.037
3 L 0.042 0.026 0.018 0.017 0.012 0.019 0.024 0.023 0.028 0.078 0.227 0.028 0.033 0.091 0.015 0.027 0.03 0.017 0.177 0.07
4 R 0.05 0.231 0.039 0.036 0.008 0.05 0.06 0.037 0.022 0.025 0.044 0.205 0.015 0.016 0.023 0.048 0.037 0.005 0.017 0.031
5 L 0.044 0.024 0.014 0.015 0.016 0.016 0.02 0.021 0.01 0.114 0.384 0.025 0.049 0.054 0.014 0.024 0.033 0.007 0.022 0.095
6 Y 0.048 0.066 0.031 0.03 0.009 0.037 0.048 0.033 0.033 0.035 0.055 0.161 0.017 0.072 0.021 0.042 0.033 0.016 0.174 0.039
7 D 0.044 0.04 0.17 0.185 0.008 0.04 0.143 0.048 0.025 0.021 0.031 0.055 0.011 0.016 0.022 0.057 0.04 0.004 0.014 0.026
8 S 0.156 0.036 0.045 0.042 0.017 0.029 0.047 0.065 0.017 0.031 0.043 0.049 0.015 0.02 0.028 0.225 0.07 0.005 0.016 0.045
9 F 0.043 0.019 0.015 0.016 0.013 0.013 0.019 0.022 0.012 0.112 0.185 0.021 0.031 0.219 0.012 0.025 0.032 0.01 0.049 0.13
10 L 0.04 0.02 0.014 0.015 0.014 0.013 0.018 0.021 0.011 0.145 0.284 0.022 0.038 0.135 0.013 0.023 0.031 0.009 0.035 0.099
11 I 0.043 0.018 0.014 0.016 0.015 0.013 0.017 0.02 0.009 0.252 0.237 0.023 0.038 0.044 0.014 0.023 0.035 0.006 0.02 0.142
12 F 0.041 0.022 0.021 0.02 0.012 0.014 0.022 0.027 0.015 0.061 0.12 0.024 0.024 0.303 0.014 0.038 0.087 0.013 0.063 0.058
13 I 0.041 0.018 0.014 0.016 0.014 0.013 0.017 0.021 0.01 0.209 0.205 0.021 0.035 0.132 0.013 0.023 0.033 0.008 0.034 0.122
14 L 0.068 0.031 0.032 0.03 0.016 0.025 0.034 0.039 0.014 0.067 0.164 0.039 0.069 0.033 0.021 0.116 0.107 0.006 0.019 0.068
15 L 0.042 0.023 0.013 0.014 0.015 0.015 0.019 0.02 0.009 0.108 0.415 0.024 0.046 0.051 0.013 0.023 0.031 0.007 0.021 0.09
16 L 0.047 0.022 0.014 0.015 0.016 0.015 0.02 0.021 0.009 0.119 0.347 0.024 0.043 0.047 0.014 0.025 0.035 0.006 0.021 0.142
17 L 0.042 0.021 0.013 0.015 0.015 0.015 0.018 0.02 0.009 0.156 0.355 0.023 0.044 0.049 0.013 0.023 0.033 0.006 0.021 0.108
18 S 0.095 0.037 0.048 0.043 0.016 0.03 0.046 0.057 0.017 0.033 0.044 0.049 0.016 0.02 0.027 0.227 0.127 0.005 0.016 0.046
19 S 0.092 0.036 0.048 0.043 0.016 0.03 0.045 0.056 0.016 0.035 0.046 0.048 0.016 0.02 0.027 0.213 0.144 0.005 0.016 0.048
20 K 0.053 0.1 0.039 0.039 0.008 0.05 0.066 0.04 0.019 0.026 0.04 0.323 0.015 0.015 0.026 0.05 0.037 0.005 0.016 0.031
21 F 0.035 0.021 0.016 0.016 0.011 0.014 0.02 0.023 0.021 0.066 0.168 0.022 0.028 0.269 0.012 0.025 0.026 0.016 0.133 0.059
22 M 0.049 0.03 0.019 0.019 0.015 0.026 0.026 0.026 0.015 0.094 0.183 0.034 0.218 0.045 0.015 0.034 0.037 0.007 0.022 0.086
23 I 0.045 0.019 0.014 0.016 0.015 0.013 0.018 0.021 0.01 0.2 0.19 0.022 0.034 0.114 0.013 0.025 0.035 0.008 0.031 0.158
24 F 0.037 0.021 0.018 0.018 0.01 0.014 0.022 0.025 0.02 0.052 0.104 0.024 0.021 0.269 0.108 0.028 0.026 0.015 0.118 0.048
25 S 0.102 0.037 0.05 0.046 0.016 0.031 0.049 0.062 0.018 0.028 0.039 0.05 0.015 0.019 0.028 0.273 0.076 0.005 0.016 0.039
26 V 0.107 0.021 0.016 0.018 0.017 0.016 0.023 0.031 0.009 0.165 0.173 0.027 0.031 0.036 0.017 0.036 0.041 0.005 0.019 0.19
27 L 0.04 0.024 0.025 0.095 0.012 0.019 0.033 0.025 0.019 0.075 0.256 0.028 0.032 0.062 0.015 0.029 0.03 0.011 0.105 0.066
28 G 0.067 0.028 0.035 0.042 0.01 0.027 0.087 0.322 0.015 0.02 0.03 0.041 0.01 0.015 0.115 0.061 0.033 0.005 0.012 0.026
29 I 0.041 0.022 0.08 0.028 0.013 0.016 0.022 0.028 0.014 0.202 0.14 0.027 0.029 0.11 0.014 0.031 0.036 0.007 0.03 0.113
30 G 0.065 0.028 0.095 0.039 0.012 0.022 0.031 0.232 0.016 0.056 0.111 0.036 0.019 0.025 0.019 0.087 0.041 0.005 0.015 0.048
31 P 0.058 0.044 0.093 0.04 0.011 0.029 0.042 0.043 0.017 0.04 0.107 0.094 0.018 0.022 0.148 0.087 0.044 0.004 0.016 0.042
32 Y 0.062 0.027 0.083 0.029 0.012 0.021 0.028 0.033 0.028 0.104 0.081 0.032 0.021 0.07 0.016 0.038 0.036 0.014 0.169 0.098
33 A 0.177 0.026 0.023 0.024 0.018 0.02 0.03 0.047 0.012 0.107 0.143 0.035 0.026 0.03 0.022 0.059 0.089 0.006 0.018 0.088
34 L 0.042 0.031 0.146 0.039 0.013 0.023 0.03 0.036 0.018 0.072 0.228 0.035 0.065 0.037 0.016 0.041 0.038 0.006 0.019 0.065
35 L 0.044 0.021 0.014 0.015 0.015 0.014 0.019 0.021 0.01 0.107 0.304 0.023 0.039 0.118 0.013 0.024 0.033 0.008 0.032 0.125
36 L 0.04 0.021 0.014 0.015 0.014 0.014 0.018 0.02 0.01 0.138 0.311 0.022 0.04 0.12 0.013 0.023 0.031 0.008 0.032 0.096
37 A 0.239 0.029 0.027 0.028 0.018 0.024 0.036 0.061 0.014 0.051 0.12 0.04 0.022 0.026 0.025 0.105 0.049 0.005 0.017 0.064
38 N 0.056 0.029 0.11 0.037 0.107 0.023 0.032 0.042 0.018 0.047 0.08 0.035 0.054 0.1 0.017 0.085 0.044 0.007 0.029 0.049
39 L 0.045 0.022 0.015 0.016 0.015 0.016 0.02 0.021 0.01 0.188 0.257 0.025 0.073 0.045 0.014 0.025 0.035 0.006 0.02 0.131
40 L 0.041 0.02 0.014 0.015 0.046 0.013 0.018 0.021 0.01 0.134 0.288 0.022 0.038 0.118 0.013 0.024 0.031 0.008 0.032 0.094
41 G 0.079 0.023 0.04 0.034 0.011 0.019 0.026 0.503 0.014 0.019 0.029 0.034 0.01 0.016 0.019 0.052 0.03 0.005 0.011 0.025
42 S 0.075 0.036 0.122 0.048 0.014 0.028 0.042 0.054 0.019 0.041 0.108 0.045 0.02 0.025 0.023 0.174 0.06 0.005 0.017 0.045
43 L 0.047 0.021 0.016 0.016 0.014 0.015 0.021 0.023 0.017 0.1 0.162 0.023 0.029 0.152 0.013 0.027 0.034 0.012 0.1 0.157
44 F 0.042 0.019 0.016 0.016 0.012 0.013 0.02 0.022 0.018 0.139 0.114 0.022 0.026 0.2 0.013 0.026 0.032 0.013 0.108 0.128
45 L 0.052 0.02 0.018 0.018 0.015 0.015 0.02 0.118 0.009 0.153 0.224 0.025 0.033 0.038 0.015 0.029 0.035 0.006 0.018 0.139
46 I 0.047 0.018 0.014 0.016 0.016 0.013 0.018 0.02 0.008 0.249 0.199 0.023 0.036 0.042 0.014 0.025 0.038 0.006 0.019 0.179
47 L 0.044 0.021 0.016 0.016 0.013 0.015 0.02 0.022 0.016 0.134 0.189 0.023 0.031 0.13 0.013 0.026 0.033 0.011 0.096 0.131
48 K 0.047 0.119 0.031 0.053 0.103 0.034 0.046 0.035 0.016 0.028 0.045 0.154 0.014 0.023 0.019 0.041 0.032 0.103 0.024 0.034
49 N 0.053 0.101 0.178 0.051 0.011 0.03 0.042 0.048 0.022 0.079 0.058 0.057 0.016 0.022 0.019 0.092 0.048 0.005 0.016 0.055
50 R 0.058 0.165 0.034 0.03 0.012 0.032 0.039 0.036 0.018 0.045 0.117 0.066 0.021 0.031 0.02 0.089 0.09 0.007 0.039 0.05
51 F 0.038 0.031 0.023 0.034 0.009 0.025 0.094 0.028 0.018 0.049 0.086 0.053 0.021 0.294 0.015 0.033 0.028 0.013 0.063 0.045
52 C 0.06 0.101 0.031 0.038 0.106 0.033 0.093 0.035 0.016 0.083 0.065 0.072 0.018 0.022 0.02 0.083 0.043 0.005 0.016 0.061
53 N 0.043 0.046 0.308 0.084 0.009 0.034 0.05 0.066 0.032 0.023 0.032 0.055 0.011 0.018 0.02 0.071 0.05 0.005 0.016 0.027
54 V 0.052 0.023 0.021 0.02 0.015 0.018 0.025 0.024 0.081 0.191 0.118 0.027 0.028 0.035 0.015 0.029 0.039 0.006 0.026 0.205
55 L 0.05 0.058 0.032 0.044 0.01 0.089 0.121 0.032 0.02 0.05 0.153 0.117 0.025 0.026 0.021 0.043 0.036 0.006 0.018 0.05
56 R 0.043 0.173 0.027 0.025 0.041 0.032 0.039 0.03 0.016 0.081 0.066 0.113 0.018 0.028 0.016 0.036 0.032 0.103 0.025 0.056
57 L 0.045 0.035 0.02 0.022 0.012 0.023 0.03 0.027 0.014 0.105 0.128 0.08 0.082 0.1 0.103 0.033 0.033 0.007 0.028 0.073
58 N 0.066 0.047 0.156 0.052 0.012 0.033 0.048 0.053 0.021 0.028 0.039 0.097 0.013 0.018 0.023 0.14 0.098 0.005 0.015 0.037
59 K 0.053 0.052 0.09 0.038 0.011 0.031 0.042 0.125 0.017 0.04 0.104 0.139 0.018 0.022 0.021 0.052 0.082 0.005 0.015 0.043
60 E 0.068 0.036 0.037 0.05 0.013 0.036 0.145 0.04 0.017 0.041 0.106 0.05 0.019 0.023 0.023 0.131 0.094 0.005 0.016 0.048
61 R 0.044 0.219 0.094 0.041 0.008 0.083 0.059 0.038 0.023 0.022 0.039 0.147 0.014 0.015 0.02 0.048 0.036 0.005 0.016 0.029
62 K 0.047 0.058 0.025 0.027 0.011 0.031 0.041 0.029 0.014 0.142 0.143 0.183 0.026 0.029 0.019 0.036 0.035 0.005 0.017 0.083
63 L 0.043 0.02 0.014 0.015 0.1 0.015 0.019 0.022 0.014 0.122 0.262 0.023 0.033 0.054 0.014 0.026 0.031 0.009 0.078 0.086
64 A 0.21 0.024 0.023 0.024 0.017 0.019 0.029 0.136 0.011 0.072 0.071 0.033 0.019 0.023 0.021 0.056 0.042 0.005 0.016 0.147
65 L 0.052 0.019 0.014 0.015 0.102 0.014 0.018 0.022 0.008 0.148 0.219 0.022 0.033 0.037 0.014 0.027 0.037 0.005 0.018 0.176
66 I 0.104 0.022 0.021 0.023 0.016 0.017 0.025 0.034 0.01 0.236 0.117 0.029 0.027 0.033 0.018 0.077 0.044 0.005 0.018 0.124
67 F 0.039 0.018 0.014 0.015 0.098 0.012 0.017 0.023 0.012 0.071 0.206 0.019 0.029 0.241 0.012 0.025 0.027 0.01 0.049 0.063
68 F 0.054 0.024 0.027 0.025 0.012 0.016 0.027 0.035 0.016 0.047 0.082 0.028 0.02 0.301 0.015 0.112 0.04 0.012 0.059 0.046
69 F 0.046 0.023 0.023 0.021 0.014 0.016 0.023 0.027 0.012 0.109 0.152 0.027 0.027 0.17 0.016 0.043 0.124 0.009 0.039 0.08
70 L 0.045 0.02 0.013 0.015 0.015 0.014 0.018 0.02 0.008 0.19 0.287 0.023 0.038 0.044 0.013 0.024 0.035 0.006 0.02 0.153
71 S 0.137 0.034 0.043 0.04 0.017 0.028 0.044 0.059 0.016 0.033 0.044 0.046 0.015 0.02 0.027 0.221 0.11 0.005 0.016 0.047
72 L 0.038 0.022 0.015 0.015 0.013 0.015 0.019 0.022 0.012 0.087 0.281 0.023 0.07 0.18 0.012 0.024 0.029 0.01 0.041 0.074
73 L 0.043 0.018 0.014 0.015 0.185 0.012 0.017 0.024 0.011 0.068 0.198 0.02 0.028 0.17 0.012 0.027 0.029 0.009 0.037 0.063
74 L 0.049 0.02 0.014 0.015 0.016 0.014 0.019 0.02 0.008 0.159 0.281 0.023 0.038 0.042 0.014 0.025 0.036 0.006 0.02 0.182
75 F 0.037 0.017 0.014 0.016 0.012 0.011 0.017 0.021 0.012 0.197 0.128 0.019 0.028 0.241 0.012 0.023 0.03 0.01 0.05 0.105
76 N 0.039 0.041 0.379 0.076 0.008 0.031 0.045 0.059 0.029 0.02 0.029 0.049 0.01 0.016 0.018 0.063 0.045 0.004 0.014 0.025
77 I 0.047 0.019 0.014 0.016 0.015 0.015 0.019 0.02 0.009 0.265 0.151 0.024 0.067 0.04 0.014 0.026 0.038 0.006 0.019 0.177
78 S 0.131 0.032 0.038 0.035 0.017 0.026 0.039 0.052 0.014 0.053 0.058 0.042 0.018 0.022 0.025 0.177 0.105 0.005 0.016 0.096
79 K 0.05 0.149 0.037 0.036 0.008 0.048 0.062 0.038 0.019 0.024 0.04 0.305 0.014 0.014 0.024 0.047 0.035 0.005 0.016 0.03
80 L 0.037 0.021 0.015 0.015 0.012 0.014 0.019 0.021 0.017 0.078 0.261 0.022 0.033 0.192 0.012 0.023 0.027 0.013 0.1 0.067
81 N 0.064 0.038 0.212 0.058 0.012 0.03 0.044 0.056 0.022 0.027 0.037 0.048 0.013 0.018 0.022 0.143 0.1 0.005 0.015 0.036
82 G 0.076 0.031 0.095 0.085 0.012 0.025 0.041 0.131 0.022 0.03 0.041 0.04 0.013 0.034 0.021 0.095 0.087 0.008 0.075 0.038
83 D 0.056 0.031 0.044 0.18 0.011 0.03 0.104 0.039 0.016 0.079 0.056 0.044 0.016 0.02 0.022 0.09 0.087 0.005 0.014 0.056
84 L 0.044 0.022 0.022 0.088 0.014 0.016 0.029 0.024 0.01 0.137 0.266 0.026 0.034 0.039 0.015 0.028 0.034 0.006 0.018 0.13
85 T 0.071 0.029 0.035 0.031 0.015 0.023 0.034 0.041 0.014 0.06 0.069 0.037 0.019 0.093 0.021 0.134 0.141 0.007 0.027 0.098
86 F 0.048 0.021 0.02 0.02 0.013 0.015 0.022 0.027 0.012 0.154 0.164 0.025 0.029 0.172 0.014 0.067 0.037 0.009 0.039 0.091
87 G 0.061 0.036 0.029 0.029 0.012 0.023 0.034 0.122 0.014 0.05 0.06 0.084 0.016 0.089 0.106 0.08 0.04 0.006 0.025 0.084
88 D 0.039 0.034 0.104 0.248 0.008 0.068 0.068 0.041 0.02 0.027 0.042 0.045 0.013 0.085 0.018 0.047 0.034 0.006 0.024 0.029
89 A 0.154 0.023 0.029 0.095 0.015 0.02 0.036 0.13 0.012 0.101 0.072 0.033 0.019 0.023 0.02 0.05 0.038 0.005 0.015 0.111
90 L 0.041 0.02 0.014 0.015 0.014 0.014 0.018 0.02 0.014 0.21 0.231 0.023 0.035 0.056 0.013 0.023 0.032 0.009 0.079 0.117
91 Y 0.037 0.023 0.018 0.017 0.01 0.017 0.023 0.022 0.032 0.092 0.084 0.025 0.021 0.16 0.013 0.027 0.027 0.02 0.27 0.063
92 P 0.052 0.023 0.021 0.028 0.009 0.019 0.033 0.033 0.012 0.023 0.033 0.038 0.009 0.012 0.54 0.04 0.033 0.002 0.012 0.028
93 T 0.062 0.03 0.035 0.031 0.016 0.023 0.033 0.036 0.012 0.097 0.075 0.038 0.02 0.025 0.023 0.074 0.269 0.005 0.017 0.081
94 D 0.049 0.025 0.054 0.312 0.008 0.024 0.063 0.213 0.015 0.019 0.026 0.037 0.008 0.014 0.019 0.047 0.03 0.004 0.01 0.022
95 I 0.047 0.022 0.018 0.019 0.015 0.017 0.021 0.023 0.01 0.209 0.188 0.027 0.067 0.039 0.015 0.035 0.082 0.006 0.019 0.12
96 F 0.037 0.025 0.026 0.022 0.01 0.019 0.027 0.026 0.146 0.139 0.097 0.027 0.023 0.17 0.013 0.028 0.028 0.009 0.051 0.077
97 I 0.044 0.021 0.015 0.016 0.015 0.017 0.02 0.021 0.01 0.217 0.208 0.026 0.103 0.043 0.014 0.026 0.035 0.006 0.02 0.123
98 L 0.043 0.02 0.014 0.015 0.014 0.013 0.018 0.02 0.01 0.143 0.279 0.022 0.037 0.111 0.013 0.024 0.033 0.008 0.03 0.135
99 L 0.048 0.024 0.021 0.02 0.013 0.017 0.024 0.028 0.014 0.074 0.215 0.027 0.065 0.175 0.014 0.069 0.036 0.009 0.04 0.066
100 S 0.122 0.031 0.034 0.032 0.015 0.025 0.037 0.05 0.016 0.045 0.075 0.04 0.053 0.094 0.022 0.168 0.055 0.007 0.028 0.052
101 L 0.042 0.02 0.015 0.015 0.013 0.014 0.019 0.021 0.015 0.132 0.217 0.023 0.032 0.122 0.013 0.025 0.032 0.011 0.09 0.127
102 L 0.04 0.019 0.013 0.015 0.014 0.013 0.017 0.02 0.01 0.174 0.284 0.022 0.038 0.112 0.013 0.022 0.031 0.008 0.03 0.106
103 L 0.105 0.023 0.022 0.022 0.015 0.017 0.026 0.036 0.012 0.119 0.15 0.029 0.027 0.101 0.017 0.078 0.042 0.007 0.028 0.122
104 V 0.103 0.021 0.017 0.02 0.016 0.016 0.024 0.031 0.009 0.173 0.105 0.028 0.025 0.029 0.104 0.037 0.04 0.005 0.017 0.18
105 L 0.042 0.019 0.014 0.015 0.1 0.013 0.017 0.022 0.01 0.125 0.269 0.021 0.034 0.108 0.013 0.025 0.031 0.007 0.029 0.087
106 L 0.105 0.024 0.021 0.022 0.015 0.018 0.027 0.036 0.012 0.081 0.196 0.029 0.029 0.102 0.017 0.078 0.041 0.007 0.029 0.11
107 L 0.053 0.024 0.024 0.023 0.014 0.018 0.026 0.03 0.012 0.113 0.203 0.029 0.03 0.104 0.017 0.078 0.085 0.007 0.029 0.081
108 P 0.052 0.044 0.096 0.119 0.009 0.035 0.105 0.043 0.019 0.023 0.033 0.097 0.011 0.015 0.137 0.076 0.04 0.004 0.014 0.028
109 K 0.061 0.062 0.036 0.034 0.01 0.036 0.048 0.126 0.021 0.027 0.041 0.19 0.014 0.032 0.022 0.085 0.039 0.008 0.075 0.032
110 K 0.048 0.084 0.034 0.034 0.008 0.042 0.057 0.037 0.018 0.031 0.05 0.289 0.016 0.086 0.023 0.044 0.034 0.006 0.027 0.033
111 T 0.052 0.029 0.091 0.104 0.013 0.023 0.04 0.037 0.015 0.065 0.121 0.036 0.021 0.026 0.019 0.055 0.13 0.005 0.016 0.1
112 L 0.042 0.019 0.013 0.015 0.015 0.013 0.017 0.019 0.009 0.221 0.292 0.022 0.039 0.045 0.013 0.022 0.033 0.006 0.02 0.124
113 I 0.043 0.019 0.015 0.016 0.013 0.014 0.019 0.021 0.015 0.171 0.17 0.023 0.03 0.121 0.013 0.025 0.033 0.01 0.09 0.139
114 L 0.046 0.04 0.091 0.105 0.011 0.027 0.044 0.037 0.016 0.054 0.17 0.087 0.023 0.027 0.019 0.048 0.081 0.005 0.016 0.053
115 A 0.169 0.03 0.035 0.033 0.016 0.024 0.036 0.139 0.014 0.037 0.048 0.041 0.015 0.019 0.025 0.11 0.137 0.005 0.015 0.052
116 L 0.052 0.021 0.014 0.015 0.016 0.015 0.02 0.021 0.008 0.127 0.275 0.023 0.037 0.041 0.014 0.026 0.038 0.006 0.02 0.211
117 K 0.046 0.126 0.09 0.039 0.009 0.039 0.05 0.038 0.019 0.076 0.057 0.202 0.017 0.019 0.021 0.045 0.037 0.005 0.016 0.05
118 Y 0.041 0.048 0.024 0.023 0.009 0.028 0.036 0.028 0.024 0.044 0.114 0.131 0.02 0.062 0.016 0.033 0.029 0.101 0.146 0.043
119 Y 0.037 0.025 0.02 0.017 0.008 0.02 0.025 0.023 0.042 0.04 0.062 0.028 0.017 0.119 0.014 0.028 0.025 0.025 0.38 0.042
120 L 0.05 0.028 0.08 0.029 0.014 0.02 0.028 0.033 0.014 0.078 0.299 0.032 0.034 0.039 0.016 0.074 0.04 0.006 0.019 0.069
121 N 0.096 0.035 0.259 0.058 0.012 0.027 0.04 0.055 0.023 0.045 0.048 0.043 0.014 0.02 0.019 0.06 0.045 0.004 0.015 0.083
122 F 0.04 0.018 0.015 0.015 0.013 0.012 0.018 0.022 0.012 0.127 0.169 0.02 0.029 0.242 0.012 0.024 0.03 0.01 0.05 0.122
123 L 0.042 0.028 0.136 0.036 0.013 0.021 0.028 0.033 0.016 0.152 0.162 0.033 0.062 0.034 0.015 0.038 0.038 0.005 0.018 0.09
124 A 0.301 0.026 0.022 0.025 0.018 0.021 0.034 0.063 0.014 0.042 0.062 0.037 0.017 0.09 0.024 0.068 0.042 0.007 0.027 0.06
125 L 0.043 0.019 0.014 0.015 0.014 0.014 0.018 0.021 0.009 0.177 0.223 0.022 0.033 0.045 0.012 0.023 0.033 0.095 0.026 0.143
126 V 0.059 0.022 0.02 0.02 0.016 0.017 0.023 0.027 0.01 0.184 0.169 0.027 0.031 0.036 0.016 0.07 0.045 0.005 0.019 0.186
127 L 0.048 0.019 0.014 0.015 0.101 0.013 0.017 0.021 0.008 0.179 0.225 0.022 0.033 0.038 0.014 0.026 0.035 0.005 0.018 0.147
128 V 0.06 0.023 0.02 0.02 0.015 0.017 0.024 0.028 0.011 0.106 0.155 0.027 0.028 0.101 0.016 0.071 0.044 0.007 0.029 0.197
129 L 0.04 0.019 0.013 0.015 0.014 0.013 0.017 0.02 0.01 0.174 0.284 0.022 0.038 0.112 0.013 0.022 0.031 0.008 0.03 0.106
130 G 0.071 0.021 0.036 0.031 0.01 0.017 0.023 0.555 0.012 0.017 0.026 0.031 0.009 0.015 0.017 0.047 0.027 0.005 0.01 0.022
131 L 0.046 0.019 0.013 0.015 0.015 0.013 0.018 0.02 0.008 0.229 0.24 0.022 0.037 0.042 0.013 0.024 0.036 0.006 0.019 0.165
132 V 0.059 0.022 0.019 0.019 0.016 0.016 0.023 0.025 0.01 0.117 0.106 0.026 0.026 0.099 0.016 0.038 0.086 0.007 0.029 0.243
133 L 0.145 0.024 0.016 0.018 0.016 0.018 0.025 0.037 0.011 0.083 0.306 0.029 0.035 0.04 0.018 0.04 0.035 0.006 0.019 0.079
134 Y 0.036 0.024 0.019 0.017 0.009 0.018 0.024 0.023 0.038 0.043 0.069 0.027 0.018 0.173 0.013 0.027 0.025 0.024 0.33 0.044
135 L 0.091 0.02 0.015 0.017 0.014 0.014 0.021 0.029 0.011 0.132 0.216 0.024 0.032 0.152 0.014 0.032 0.032 0.008 0.036 0.089
136 L 0.044 0.021 0.013 0.014 0.101 0.014 0.018 0.021 0.009 0.094 0.37 0.022 0.04 0.045 0.013 0.025 0.031 0.006 0.019 0.082
137 N 0.047 0.034 0.211 0.123 0.009 0.026 0.047 0.051 0.023 0.028 0.042 0.042 0.013 0.087 0.019 0.092 0.044 0.006 0.025 0.031
138 L 0.05 0.026 0.024 0.022 0.014 0.02 0.026 0.028 0.017 0.112 0.157 0.031 0.061 0.049 0.018 0.046 0.126 0.009 0.079 0.084
139 F 0.036 0.019 0.014 0.015 0.012 0.012 0.017 0.021 0.012 0.12 0.221 0.02 0.032 0.245 0.011 0.023 0.028 0.011 0.05 0.081
140 G 0.051 0.041 0.1 0.11 0.008 0.029 0.048 0.214 0.084 0.02 0.03 0.089 0.011 0.017 0.019 0.048 0.032 0.005 0.019 0.024
141 L 0.043 0.02 0.014 0.015 0.014 0.013 0.018 0.02 0.01 0.143 0.279 0.022 0.037 0.111 0.013 0.024 0.033 0.008 0.03 0.135
142 I 0.045 0.017 0.014 0.016 0.015 0.013 0.017 0.02 0.008 0.265 0.175 0.022 0.033 0.062 0.013 0.024 0.036 0.006 0.022 0.175
143 S 0.076 0.044 0.047 0.112 0.012 0.033 0.071 0.107 0.017 0.024 0.035 0.096 0.012 0.017 0.024 0.169 0.054 0.005 0.014 0.032
144 P 0.094 0.026 0.027 0.031 0.012 0.021 0.035 0.071 0.013 0.025 0.036 0.039 0.011 0.014 0.368 0.086 0.041 0.003 0.013 0.033
145 S 0.075 0.029 0.036 0.033 0.016 0.023 0.035 0.043 0.013 0.134 0.08 0.039 0.021 0.026 0.022 0.167 0.102 0.005 0.017 0.083
146 G 0.081 0.026 0.04 0.035 0.012 0.022 0.031 0.39 0.014 0.02 0.03 0.037 0.01 0.016 0.02 0.128 0.043 0.005 0.012 0.027
147 L 0.045 0.02 0.013 0.015 0.015 0.014 0.018 0.02 0.008 0.19 0.287 0.023 0.038 0.044 0.013 0.024 0.035 0.006 0.02 0.153
148 V 0.06 0.019 0.015 0.016 0.017 0.015 0.02 0.022 0.008 0.181 0.124 0.023 0.03 0.034 0.015 0.029 0.043 0.005 0.019 0.306
149 S 0.116 0.095 0.037 0.032 0.014 0.03 0.042 0.046 0.082 0.047 0.054 0.052 0.017 0.022 0.022 0.128 0.049 0.005 0.022 0.087
150 A 0.355 0.028 0.023 0.027 0.02 0.023 0.037 0.071 0.013 0.039 0.054 0.04 0.016 0.02 0.027 0.077 0.045 0.005 0.016 0.063
151 P 0.112 0.026 0.025 0.029 0.014 0.021 0.034 0.042 0.012 0.048 0.052 0.038 0.014 0.018 0.281 0.086 0.044 0.004 0.014 0.087
152 D 0.037 0.027 0.063 0.452 0.007 0.027 0.083 0.042 0.017 0.02 0.025 0.041 0.008 0.014 0.02 0.047 0.032 0.003 0.01 0.022
153 H 0.038 0.042 0.049 0.035 0.007 0.035 0.049 0.035 0.414 0.021 0.035 0.042 0.014 0.028 0.017 0.038 0.024 0.007 0.052 0.021
154 A 0.355 0.028 0.023 0.027 0.02 0.023 0.037 0.071 0.013 0.039 0.054 0.04 0.016 0.02 0.027 0.077 0.045 0.005 0.016 0.063
155 N 0.051 0.05 0.267 0.064 0.009 0.034 0.049 0.056 0.025 0.022 0.032 0.098 0.012 0.016 0.021 0.099 0.048 0.004 0.015 0.028
156 L 0.056 0.052 0.032 0.033 0.012 0.113 0.056 0.036 0.018 0.052 0.171 0.101 0.026 0.027 0.02 0.081 0.041 0.006 0.018 0.051
157 D 0.103 0.028 0.038 0.168 0.013 0.025 0.049 0.044 0.015 0.051 0.126 0.038 0.055 0.027 0.02 0.086 0.042 0.005 0.016 0.053
158 G 0.071 0.021 0.036 0.031 0.01 0.017 0.023 0.555 0.012 0.017 0.026 0.031 0.009 0.015 0.017 0.047 0.027 0.005 0.01 0.022
159 Y 0.037 0.025 0.02 0.017 0.008 0.02 0.025 0.023 0.042 0.04 0.062 0.028 0.017 0.119 0.014 0.028 0.025 0.025 0.38 0.042
160 L 0.108 0.036 0.087 0.037 0.014 0.067 0.044 0.045 0.017 0.061 0.119 0.045 0.022 0.025 0.02 0.089 0.046 0.005 0.017 0.097
161 S 0.08 0.038 0.159 0.055 0.013 0.03 0.047 0.06 0.021 0.025 0.035 0.049 0.013 0.018 0.024 0.215 0.065 0.005 0.015 0.034
162 L 0.041 0.021 0.013 0.014 0.015 0.014 0.018 0.019 0.009 0.144 0.386 0.023 0.043 0.048 0.013 0.022 0.031 0.006 0.02 0.1
163 Y 0.037 0.025 0.019 0.016 0.01 0.019 0.024 0.022 0.037 0.051 0.124 0.027 0.022 0.107 0.014 0.027 0.026 0.022 0.32 0.05
164 G 0.059 0.028 0.09 0.036 0.01 0.022 0.032 0.212 0.026 0.027 0.04 0.036 0.013 0.05 0.018 0.084 0.037 0.012 0.135 0.032
165 L 0.039 0.02 0.013 0.014 0.014 0.013 0.018 0.02 0.01 0.136 0.331 0.022 0.039 0.114 0.012 0.022 0.03 0.008 0.03 0.093
166 A 0.27 0.031 0.032 0.033 0.018 0.026 0.04 0.068 0.015 0.035 0.049 0.043 0.015 0.019 0.027 0.148 0.055 0.005 0.016 0.054
167 Y 0.037 0.025 0.02 0.017 0.008 0.02 0.025 0.023 0.042 0.04 0.062 0.028 0.017 0.119 0.014 0.028 0.025 0.025 0.38 0.042
168 Y 0.042 0.026 0.022 0.019 0.011 0.02 0.026 0.025 0.032 0.052 0.123 0.03 0.022 0.091 0.016 0.037 0.075 0.019 0.259 0.054
169 P 0.052 0.023 0.021 0.028 0.009 0.019 0.033 0.033 0.012 0.023 0.033 0.038 0.009 0.012 0.54 0.04 0.033 0.002 0.012 0.028
170 S 0.142 0.035 0.045 0.042 0.017 0.029 0.046 0.062 0.017 0.029 0.041 0.048 0.015 0.019 0.027 0.255 0.07 0.005 0.016 0.042
171 W 0.028 0.021 0.014 0.014 0.007 0.014 0.021 0.028 0.014 0.028 0.048 0.021 0.014 0.055 0.007 0.021 0.021 0.539 0.062 0.028
172 I 0.043 0.016 0.013 0.016 0.015 0.012 0.016 0.019 0.008 0.337 0.153 0.021 0.033 0.04 0.013 0.023 0.036 0.005 0.019 0.161
173 N 0.055 0.04 0.155 0.058 0.01 0.035 0.097 0.047 0.087 0.026 0.037 0.05 0.013 0.019 0.022 0.098 0.09 0.005 0.021 0.033
174 L 0.041 0.02 0.014 0.016 0.014 0.015 0.019 0.021 0.011 0.172 0.242 0.023 0.07 0.111 0.013 0.024 0.032 0.008 0.03 0.105
175 P 0.052 0.05 0.037 0.103 0.01 0.031 0.052 0.038 0.015 0.028 0.038 0.141 0.012 0.014 0.196 0.051 0.081 0.004 0.014 0.034
176 I 0.047 0.018 0.015 0.017 0.015 0.013 0.019 0.022 0.01 0.206 0.139 0.022 0.031 0.133 0.013 0.026 0.037 0.008 0.036 0.173
177 S 0.089 0.039 0.126 0.055 0.015 0.032 0.049 0.063 0.021 0.027 0.038 0.052 0.014 0.019 0.026 0.208 0.071 0.005 0.016 0.036
178 G 0.082 0.026 0.041 0.036 0.012 0.021 0.031 0.415 0.014 0.021 0.03 0.037 0.01 0.017 0.021 0.1 0.041 0.005 0.012 0.027
179 F 0.037 0.02 0.015 0.016 0.012 0.014 0.019 0.022 0.013 0.118 0.179 0.022 0.064 0.244 0.012 0.024 0.029 0.011 0.051 0.08
180 G 0.063 0.022 0.026 0.024 0.014 0.017 0.023 0.202 0.01 0.12 0.083 0.029 0.021 0.026 0.017 0.043 0.082 0.005 0.015 0.157
181 F 0.037 0.017 0.014 0.016 0.012 0.011 0.017 0.021 0.012 0.197 0.128 0.019 0.028 0.241 0.012 0.023 0.03 0.01 0.05 0.105
182 H 0.055 0.046 0.041 0.034 0.01 0.032 0.045 0.039 0.153 0.03 0.045 0.091 0.015 0.038 0.021 0.088 0.083 0.009 0.089 0.036
183 R 0.041 0.405 0.035 0.028 0.007 0.044 0.048 0.03 0.021 0.021 0.042 0.109 0.014 0.016 0.018 0.041 0.032 0.005 0.016 0.028
184 F 0.031 0.017 0.015 0.015 0.01 0.01 0.017 0.023 0.015 0.058 0.104 0.017 0.023 0.443 0.01 0.023 0.023 0.015 0.081 0.05
185 S 0.179 0.033 0.039 0.037 0.017 0.027 0.042 0.06 0.015 0.035 0.047 0.045 0.015 0.02 0.027 0.185 0.105 0.005 0.016 0.051
186 G 0.09 0.031 0.045 0.04 0.014 0.026 0.04 0.225 0.016 0.024 0.034 0.043 0.012 0.018 0.024 0.209 0.059 0.005 0.014 0.033
187 V 0.06 0.019 0.015 0.016 0.017 0.015 0.02 0.022 0.008 0.181 0.124 0.023 0.03 0.034 0.015 0.029 0.043 0.005 0.019 0.306
188 F 0.031 0.017 0.015 0.015 0.01 0.01 0.017 0.023 0.015 0.058 0.104 0.017 0.023 0.443 0.01 0.023 0.023 0.015 0.081 0.05
189 W 0.028 0.021 0.014 0.014 0.007 0.014 0.021 0.028 0.014 0.028 0.048 0.021 0.014 0.055 0.007 0.021 0.021 0.539 0.062 0.028
190 E 0.05 0.045 0.037 0.082 0.007 0.059 0.36 0.032 0.023 0.02 0.033 0.069 0.012 0.015 0.023 0.05 0.033 0.005 0.015 0.028
191 P 0.052 0.023 0.021 0.028 0.009 0.019 0.033 0.033 0.012 0.023 0.033 0.038 0.009 0.012 0.54 0.04 0.033 0.002 0.012 0.028
192 G 0.071 0.021 0.036 0.031 0.01 0.017 0.023 0.555 0.012 0.017 0.026 0.031 0.009 0.015 0.017 0.047 0.027 0.005 0.01 0.022
193 T 0.066 0.032 0.039 0.034 0.016 0.025 0.036 0.039 0.013 0.048 0.059 0.041 0.018 0.022 0.025 0.084 0.315 0.005 0.016 0.065
194 L 0.038 0.022 0.015 0.015 0.013 0.015 0.019 0.022 0.012 0.087 0.281 0.023 0.07 0.18 0.012 0.024 0.029 0.01 0.041 0.074
195 G 0.118 0.022 0.034 0.03 0.011 0.018 0.026 0.474 0.012 0.021 0.03 0.032 0.01 0.016 0.019 0.052 0.03 0.005 0.011 0.029
196 L 0.04 0.022 0.013 0.014 0.015 0.015 0.018 0.019 0.009 0.105 0.432 0.023 0.045 0.05 0.013 0.022 0.03 0.006 0.02 0.087
197 Y 0.037 0.025 0.02 0.017 0.008 0.02 0.025 0.023 0.042 0.04 0.062 0.028 0.017 0.119 0.014 0.028 0.025 0.025 0.38 0.042
198 L 0.044 0.022 0.013 0.014 0.015 0.015 0.019 0.02 0.009 0.112 0.38 0.023 0.042 0.047 0.013 0.023 0.033 0.006 0.02 0.129
199 I 0.043 0.016 0.013 0.016 0.015 0.012 0.016 0.019 0.008 0.337 0.153 0.021 0.033 0.04 0.013 0.023 0.036 0.005 0.019 0.161
200 F 0.088 0.021 0.017 0.018 0.012 0.015 0.022 0.032 0.015 0.06 0.108 0.024 0.058 0.306 0.013 0.034 0.029 0.012 0.06 0.058
201 L 0.037 0.02 0.014 0.014 0.013 0.013 0.018 0.021 0.011 0.089 0.323 0.021 0.038 0.181 0.012 0.022 0.028 0.009 0.04 0.075
202 I 0.042 0.018 0.013 0.015 0.015 0.013 0.017 0.019 0.008 0.26 0.246 0.022 0.037 0.043 0.013 0.023 0.034 0.006 0.019 0.136
203 C 0.065 0.025 0.028 0.026 0.187 0.02 0.028 0.036 0.011 0.052 0.118 0.032 0.021 0.025 0.02 0.093 0.134 0.005 0.015 0.06
204 I 0.044 0.016 0.013 0.016 0.015 0.012 0.016 0.019 0.008 0.327 0.151 0.022 0.033 0.04 0.013 0.023 0.037 0.005 0.019 0.17
205 E 0.048 0.042 0.041 0.144 0.007 0.053 0.314 0.034 0.022 0.02 0.032 0.064 0.011 0.015 0.023 0.05 0.033 0.005 0.014 0.027
206 L 0.093 0.029 0.021 0.022 0.013 0.061 0.035 0.032 0.019 0.1 0.141 0.036 0.026 0.114 0.016 0.037 0.033 0.01 0.089 0.073
207 L 0.052 0.019 0.014 0.015 0.102 0.014 0.018 0.022 0.008 0.148 0.219 0.022 0.033 0.037 0.014 0.027 0.037 0.005 0.018 0.176
208 F 0.034 0.019 0.015 0.015 0.011 0.011 0.018 0.022 0.013 0.073 0.213 0.019 0.03 0.312 0.011 0.023 0.026 0.012 0.061 0.062
209 F 0.034 0.018 0.015 0.015 0.011 0.011 0.017 0.022 0.013 0.112 0.167 0.019 0.028 0.31 0.011 0.023 0.026 0.012 0.06 0.075
210 R 0.05 0.173 0.033 0.039 0.009 0.083 0.106 0.032 0.02 0.044 0.053 0.123 0.017 0.018 0.02 0.043 0.036 0.005 0.017 0.08
211 V 0.047 0.041 0.029 0.034 0.01 0.031 0.089 0.028 0.086 0.099 0.073 0.088 0.02 0.041 0.018 0.036 0.033 0.009 0.083 0.103
212 K 0.051 0.066 0.033 0.045 0.01 0.044 0.122 0.033 0.018 0.096 0.069 0.183 0.019 0.022 0.023 0.044 0.037 0.005 0.017 0.065
213 R 0.044 0.142 0.12 0.046 0.008 0.041 0.053 0.042 0.116 0.023 0.038 0.132 0.014 0.019 0.02 0.049 0.036 0.005 0.025 0.027
214 E 0.061 0.042 0.039 0.068 0.01 0.048 0.254 0.038 0.021 0.026 0.039 0.061 0.013 0.017 0.024 0.096 0.087 0.005 0.015 0.036
215 R 0.044 0.175 0.029 0.027 0.01 0.036 0.043 0.03 0.016 0.05 0.171 0.159 0.024 0.027 0.019 0.037 0.033 0.005 0.017 0.048
216 Y 0.037 0.099 0.02 0.018 0.009 0.023 0.028 0.025 0.026 0.047 0.129 0.042 0.022 0.072 0.013 0.028 0.027 0.12 0.17 0.046
217 G 0.055 0.032 0.027 0.027 0.012 0.078 0.04 0.157 0.016 0.064 0.075 0.04 0.02 0.123 0.016 0.039 0.034 0.008 0.033 0.106
218 S 0.07 0.035 0.098 0.043 0.013 0.028 0.042 0.049 0.084 0.077 0.055 0.043 0.017 0.024 0.022 0.166 0.055 0.005 0.022 0.053
219 K 0.101 0.113 0.031 0.03 0.012 0.034 0.044 0.04 0.015 0.083 0.064 0.15 0.018 0.021 0.022 0.054 0.083 0.005 0.016 0.063
220 L 0.092 0.084 0.019 0.019 0.013 0.019 0.025 0.03 0.013 0.15 0.156 0.039 0.028 0.101 0.016 0.035 0.034 0.007 0.028 0.092
221 R 0.041 0.405 0.035 0.028 0.007 0.044 0.048 0.03 0.021 0.021 0.042 0.109 0.014 0.016 0.018 0.041 0.032 0.005 0.016 0.028
222 I 0.047 0.018 0.017 0.018 0.014 0.013 0.018 0.108 0.009 0.245 0.178 0.023 0.031 0.038 0.014 0.027 0.034 0.005 0.018 0.125
223 F 0.105 0.025 0.023 0.023 0.014 0.019 0.028 0.038 0.014 0.07 0.1 0.03 0.057 0.167 0.017 0.08 0.041 0.009 0.039 0.103
224 V 0.053 0.018 0.014 0.016 0.016 0.014 0.019 0.021 0.008 0.243 0.136 0.023 0.031 0.036 0.014 0.026 0.041 0.005 0.019 0.248
225 F 0.033 0.02 0.017 0.016 0.009 0.013 0.02 0.023 0.024 0.052 0.09 0.021 0.021 0.335 0.011 0.025 0.024 0.019 0.18 0.047
226 L 0.043 0.019 0.014 0.015 0.014 0.013 0.018 0.02 0.01 0.182 0.232 0.022 0.035 0.109 0.013 0.024 0.034 0.007 0.03 0.147
227 I 0.044 0.018 0.014 0.016 0.014 0.013 0.018 0.02 0.009 0.221 0.185 0.021 0.033 0.108 0.013 0.024 0.034 0.007 0.029 0.159
228 S 0.185 0.034 0.041 0.039 0.017 0.028 0.044 0.064 0.016 0.031 0.043 0.046 0.015 0.019 0.027 0.22 0.065 0.005 0.016 0.046
229 G 0.071 0.021 0.036 0.031 0.01 0.017 0.023 0.555 0.012 0.017 0.026 0.031 0.009 0.015 0.017 0.047 0.027 0.005 0.01 0.022
230 L 0.045 0.02 0.015 0.016 0.014 0.015 0.019 0.021 0.01 0.18 0.19 0.023 0.067 0.108 0.013 0.026 0.035 0.007 0.03 0.146
231 L 0.091 0.022 0.015 0.016 0.015 0.015 0.021 0.029 0.011 0.086 0.314 0.025 0.037 0.11 0.015 0.031 0.032 0.008 0.03 0.077
232 S 0.1 0.036 0.049 0.044 0.016 0.03 0.048 0.06 0.017 0.027 0.038 0.049 0.014 0.019 0.027 0.291 0.075 0.005 0.016 0.038
233 L 0.036 0.02 0.014 0.015 0.012 0.012 0.018 0.021 0.012 0.081 0.268 0.02 0.034 0.246 0.011 0.023 0.027 0.011 0.05 0.069
234 S 0.1 0.036 0.049 0.044 0.016 0.03 0.048 0.06 0.017 0.027 0.038 0.049 0.014 0.019 0.027 0.291 0.075 0.005 0.016 0.038
235 A 0.201 0.025 0.018 0.021 0.018 0.019 0.028 0.046 0.011 0.08 0.191 0.032 0.028 0.032 0.02 0.051 0.04 0.005 0.018 0.116
236 L 0.04 0.022 0.013 0.014 0.015 0.015 0.018 0.019 0.009 0.105 0.432 0.023 0.045 0.05 0.013 0.022 0.03 0.006 0.02 0.087
237 F 0.031 0.017 0.015 0.015 0.01 0.01 0.017 0.023 0.015 0.058 0.104 0.017 0.023 0.443 0.01 0.023 0.023 0.015 0.081 0.05
238 Y 0.038 0.021 0.017 0.016 0.011 0.016 0.021 0.021 0.026 0.142 0.099 0.024 0.024 0.147 0.013 0.026 0.029 0.017 0.21 0.083
239 L 0.052 0.02 0.014 0.015 0.016 0.014 0.019 0.021 0.008 0.166 0.229 0.023 0.035 0.04 0.014 0.026 0.039 0.006 0.019 0.224
240 L 0.053 0.027 0.021 0.021 0.015 0.021 0.026 0.029 0.013 0.112 0.237 0.031 0.113 0.041 0.016 0.071 0.041 0.006 0.02 0.086
241 L 0.097 0.022 0.015 0.017 0.016 0.016 0.022 0.028 0.009 0.14 0.27 0.026 0.036 0.04 0.016 0.033 0.036 0.006 0.019 0.137
242 F 0.045 0.019 0.016 0.018 0.012 0.013 0.021 0.025 0.012 0.083 0.097 0.023 0.023 0.234 0.1 0.028 0.032 0.01 0.049 0.141
243 V 0.051 0.02 0.016 0.018 0.014 0.015 0.022 0.024 0.01 0.116 0.156 0.025 0.028 0.101 0.101 0.029 0.036 0.007 0.028 0.186
244 L 0.096 0.023 0.016 0.017 0.015 0.017 0.023 0.029 0.015 0.091 0.255 0.027 0.033 0.053 0.016 0.034 0.034 0.009 0.079 0.117
245 V 0.058 0.023 0.021 0.021 0.015 0.018 0.025 0.028 0.015 0.135 0.154 0.028 0.028 0.049 0.016 0.071 0.043 0.009 0.079 0.167
246 F 0.045 0.019 0.014 0.015 0.014 0.013 0.019 0.022 0.01 0.143 0.172 0.021 0.03 0.173 0.013 0.025 0.034 0.009 0.04 0.17
247 I 0.038 0.017 0.014 0.015 0.013 0.012 0.017 0.02 0.011 0.205 0.183 0.02 0.032 0.176 0.012 0.023 0.031 0.009 0.04 0.112
248 W 0.052 0.029 0.031 0.027 0.012 0.023 0.032 0.034 0.085 0.083 0.066 0.034 0.018 0.047 0.017 0.081 0.083 0.098 0.091 0.059
249 L 0.041 0.02 0.014 0.015 0.013 0.013 0.018 0.021 0.011 0.097 0.27 0.021 0.035 0.178 0.012 0.024 0.03 0.009 0.04 0.116
250 I 0.043 0.025 0.136 0.036 0.012 0.018 0.027 0.034 0.016 0.154 0.097 0.03 0.023 0.098 0.015 0.038 0.038 0.007 0.028 0.126
251 W 0.046 0.027 0.082 0.03 0.01 0.02 0.029 0.036 0.021 0.08 0.063 0.032 0.017 0.051 0.014 0.074 0.037 0.186 0.092 0.053
252 C 0.046 0.044 0.084 0.034 0.096 0.069 0.043 0.036 0.019 0.043 0.075 0.091 0.053 0.091 0.017 0.043 0.035 0.007 0.027 0.045
253 K 0.052 0.097 0.038 0.038 0.008 0.049 0.064 0.039 0.019 0.025 0.039 0.344 0.014 0.014 0.025 0.049 0.036 0.005 0.016 0.03
254 K 0.05 0.128 0.094 0.042 0.009 0.041 0.054 0.041 0.02 0.028 0.041 0.205 0.014 0.016 0.023 0.056 0.083 0.005 0.016 0.034
255 D 0.042 0.027 0.041 0.212 0.012 0.023 0.055 0.033 0.014 0.068 0.208 0.034 0.029 0.034 0.018 0.038 0.034 0.005 0.016 0.059
256 R 0.057 0.179 0.036 0.031 0.011 0.033 0.041 0.037 0.023 0.032 0.049 0.068 0.016 0.038 0.02 0.096 0.095 0.009 0.088 0.041
257 F 0.036 0.039 0.14 0.039 0.008 0.024 0.035 0.039 0.02 0.035 0.059 0.083 0.016 0.165 0.015 0.04 0.032 0.097 0.045 0.034
258 V 0.053 0.085 0.022 0.021 0.015 0.021 0.026 0.025 0.011 0.174 0.107 0.04 0.026 0.03 0.017 0.038 0.085 0.005 0.018 0.181
259 L 0.044 0.024 0.014 0.015 0.016 0.016 0.02 0.021 0.01 0.113 0.388 0.025 0.049 0.054 0.014 0.024 0.033 0.007 0.022 0.094
260 L 0.045 0.021 0.014 0.016 0.016 0.014 0.019 0.021 0.009 0.199 0.276 0.024 0.042 0.048 0.014 0.024 0.036 0.006 0.021 0.134
261 A 0.22 0.028 0.021 0.024 0.019 0.022 0.033 0.058 0.013 0.066 0.169 0.037 0.027 0.032 0.024 0.063 0.043 0.006 0.019 0.076
262 F 0.039 0.023 0.017 0.016 0.012 0.016 0.022 0.023 0.024 0.072 0.19 0.025 0.03 0.195 0.013 0.026 0.028 0.017 0.148 0.064
263 S 0.086 0.147 0.048 0.042 0.014 0.037 0.051 0.054 0.02 0.027 0.042 0.074 0.015 0.019 0.026 0.175 0.065 0.005 0.017 0.037
264 L 0.042 0.019 0.013 0.015 0.015 0.013 0.017 0.019 0.009 0.221 0.292 0.022 0.039 0.045 0.013 0.022 0.033 0.006 0.02 0.124
265 L 0.042 0.019 0.013 0.015 0.015 0.013 0.017 0.019 0.009 0.221 0.292 0.022 0.039 0.045 0.013 0.022 0.033 0.006 0.02 0.124
266 L 0.097 0.021 0.015 0.017 0.016 0.015 0.021 0.028 0.009 0.179 0.224 0.026 0.034 0.039 0.016 0.033 0.037 0.006 0.019 0.149
267 C 0.107 0.02 0.02 0.02 0.274 0.016 0.022 0.036 0.009 0.091 0.074 0.026 0.019 0.023 0.018 0.049 0.083 0.004 0.014 0.074
268 S 0.11 0.04 0.054 0.049 0.018 0.033 0.052 0.066 0.019 0.03 0.042 0.054 0.016 0.021 0.03 0.22 0.082 0.005 0.018 0.042
269 C 0.065 0.016 0.016 0.016 0.484 0.012 0.016 0.032 0.008 0.045 0.065 0.02 0.016 0.02 0.016 0.041 0.037 0.004 0.012 0.057
270 I 0.047 0.019 0.014 0.016 0.015 0.013 0.018 0.021 0.009 0.189 0.18 0.022 0.032 0.106 0.013 0.025 0.036 0.007 0.029 0.188
271 L 0.058 0.022 0.02 0.02 0.101 0.016 0.023 0.028 0.01 0.127 0.205 0.026 0.03 0.035 0.016 0.071 0.042 0.005 0.018 0.127
272 V 0.071 0.022 0.017 0.018 0.019 0.017 0.024 0.025 0.008 0.167 0.132 0.026 0.032 0.036 0.017 0.033 0.05 0.006 0.021 0.259
273 I 0.106 0.024 0.024 0.024 0.016 0.019 0.027 0.035 0.01 0.16 0.099 0.032 0.025 0.029 0.02 0.054 0.132 0.005 0.017 0.141
274 L 0.05 0.024 0.02 0.02 0.014 0.018 0.024 0.028 0.012 0.121 0.223 0.028 0.066 0.108 0.015 0.069 0.039 0.008 0.03 0.085
275 I 0.093 0.019 0.016 0.018 0.015 0.014 0.02 0.029 0.011 0.227 0.13 0.025 0.04 0.104 0.015 0.032 0.036 0.007 0.029 0.122
276 L 0.093 0.02 0.016 0.017 0.1 0.014 0.02 0.031 0.012 0.067 0.198 0.023 0.028 0.17 0.014 0.034 0.031 0.009 0.038 0.065
277 L 0.043 0.019 0.014 0.015 0.014 0.013 0.018 0.02 0.01 0.182 0.232 0.022 0.035 0.109 0.013 0.024 0.034 0.007 0.03 0.147
278 I 0.044 0.021 0.016 0.016 0.013 0.016 0.02 0.021 0.02 0.168 0.163 0.024 0.029 0.067 0.014 0.026 0.033 0.012 0.139 0.138
279 F 0.037 0.025 0.077 0.026 0.011 0.018 0.025 0.029 0.021 0.062 0.152 0.028 0.059 0.186 0.013 0.032 0.031 0.012 0.1 0.056
280 Y 0.035 0.023 0.018 0.016 0.009 0.016 0.023 0.023 0.033 0.046 0.076 0.025 0.019 0.227 0.013 0.027 0.025 0.022 0.28 0.045
281 D 0.038 0.032 0.168 0.327 0.007 0.028 0.07 0.048 0.021 0.02 0.027 0.043 0.009 0.014 0.02 0.053 0.036 0.004 0.012 0.023
282 L 0.046 0.049 0.027 0.028 0.01 0.111 0.052 0.029 0.022 0.093 0.129 0.097 0.025 0.042 0.018 0.037 0.034 0.009 0.079 0.064
283 L 0.043 0.021 0.014 0.014 0.014 0.014 0.019 0.02 0.01 0.104 0.325 0.022 0.039 0.112 0.013 0.024 0.032 0.008 0.03 0.123
284 Y 0.037 0.028 0.08 0.027 0.008 0.022 0.029 0.029 0.04 0.036 0.057 0.032 0.016 0.102 0.015 0.034 0.029 0.022 0.319 0.039
285 E 0.046 0.049 0.099 0.13 0.007 0.125 0.173 0.04 0.024 0.022 0.034 0.065 0.013 0.014 0.021 0.052 0.036 0.005 0.015 0.028
286 L 0.093 0.023 0.015 0.016 0.016 0.016 0.021 0.028 0.01 0.094 0.369 0.026 0.04 0.045 0.015 0.031 0.033 0.006 0.02 0.083
287 I 0.044 0.017 0.014 0.016 0.014 0.012 0.017 0.02 0.009 0.259 0.139 0.021 0.031 0.106 0.013 0.024 0.035 0.007 0.029 0.171
288 L 0.039 0.021 0.013 0.014 0.014 0.014 0.018 0.02 0.01 0.097 0.378 0.022 0.041 0.115 0.012 0.022 0.029 0.008 0.03 0.081
289 Y 0.037 0.025 0.02 0.017 0.008 0.02 0.025 0.023 0.042 0.04 0.062 0.028 0.017 0.119 0.014 0.028 0.025 0.025 0.38 0.042
290 R 0.041 0.405 0.035 0.028 0.007 0.044 0.048 0.03 0.021 0.021 0.042 0.109 0.014 0.016 0.018 0.041 0.032 0.005 0.016 0.028
291 L 0.037 0.02 0.014 0.014 0.013 0.013 0.018 0.021 0.011 0.089 0.323 0.021 0.038 0.181 0.012 0.022 0.028 0.009 0.04 0.075
292 D 0.103 0.034 0.047 0.182 0.01 0.034 0.11 0.047 0.084 0.025 0.035 0.047 0.012 0.018 0.023 0.092 0.04 0.005 0.02 0.032
293 Y 0.035 0.023 0.018 0.016 0.009 0.016 0.023 0.023 0.033 0.046 0.076 0.025 0.019 0.227 0.013 0.027 0.025 0.022 0.28 0.045
294 D 0.037 0.027 0.063 0.452 0.007 0.027 0.083 0.042 0.017 0.02 0.025 0.041 0.008 0.014 0.02 0.047 0.032 0.003 0.01 0.022
295 P 0.062 0.027 0.029 0.032 0.012 0.022 0.036 0.039 0.013 0.028 0.038 0.04 0.012 0.015 0.368 0.089 0.087 0.003 0.013 0.036
296 D 0.057 0.039 0.097 0.119 0.011 0.075 0.108 0.042 0.02 0.044 0.048 0.052 0.015 0.018 0.021 0.089 0.045 0.005 0.015 0.08
297 R 0.041 0.405 0.035 0.028 0.007 0.044 0.048 0.03 0.021 0.021 0.042 0.109 0.014 0.016 0.018 0.041 0.032 0.005 0.016 0.028
298 G 0.071 0.021 0.036 0.031 0.01 0.017 0.023 0.555 0.012 0.017 0.026 0.031 0.009 0.015 0.017 0.047 0.027 0.005 0.01 0.022
299 F 0.031 0.017 0.015 0.015 0.01 0.01 0.017 0.023 0.015 0.058 0.104 0.017 0.023 0.443 0.01 0.023 0.023 0.015 0.081 0.05
300 V 0.064 0.02 0.015 0.016 0.017 0.015 0.021 0.022 0.007 0.15 0.118 0.024 0.029 0.032 0.015 0.03 0.045 0.005 0.019 0.335
301 G 0.071 0.021 0.036 0.031 0.01 0.017 0.023 0.555 0.012 0.017 0.026 0.031 0.009 0.015 0.017 0.047 0.027 0.005 0.01 0.022
302 N 0.039 0.041 0.379 0.076 0.008 0.031 0.045 0.059 0.029 0.02 0.029 0.049 0.01 0.016 0.018 0.063 0.045 0.004 0.014 0.025
303 N 0.053 0.037 0.209 0.055 0.012 0.028 0.04 0.049 0.021 0.034 0.044 0.045 0.014 0.019 0.022 0.074 0.18 0.005 0.015 0.045
304 R 0.041 0.405 0.035 0.028 0.007 0.044 0.048 0.03 0.021 0.021 0.042 0.109 0.014 0.016 0.018 0.041 0.032 0.005 0.016 0.028
305 S 0.142 0.035 0.045 0.042 0.017 0.029 0.046 0.062 0.017 0.029 0.041 0.048 0.015 0.019 0.027 0.255 0.07 0.005 0.016 0.042
306 G 0.075 0.025 0.038 0.034 0.012 0.021 0.029 0.386 0.013 0.024 0.033 0.036 0.011 0.017 0.02 0.094 0.083 0.005 0.012 0.032
307 A 0.206 0.025 0.023 0.025 0.018 0.02 0.031 0.049 0.011 0.109 0.082 0.035 0.021 0.026 0.022 0.061 0.089 0.005 0.017 0.125
308 F 0.038 0.02 0.015 0.015 0.011 0.014 0.02 0.023 0.017 0.073 0.145 0.022 0.025 0.19 0.011 0.025 0.028 0.101 0.107 0.099
309 S 0.078 0.032 0.046 0.108 0.013 0.026 0.048 0.051 0.017 0.031 0.047 0.042 0.015 0.089 0.023 0.206 0.059 0.006 0.026 0.037
310 F 0.038 0.027 0.087 0.109 0.009 0.025 0.09 0.033 0.018 0.086 0.075 0.036 0.018 0.162 0.016 0.038 0.032 0.008 0.037 0.056
311 F 0.036 0.022 0.017 0.016 0.01 0.016 0.021 0.023 0.024 0.057 0.102 0.024 0.057 0.268 0.012 0.026 0.026 0.017 0.171 0.053
312 L 0.049 0.023 0.019 0.019 0.014 0.017 0.023 0.027 0.011 0.118 0.256 0.027 0.033 0.044 0.014 0.067 0.037 0.095 0.026 0.081
313 N 0.047 0.042 0.156 0.127 0.009 0.076 0.11 0.045 0.023 0.026 0.036 0.055 0.013 0.016 0.021 0.06 0.085 0.005 0.015 0.033
314 S 0.126 0.045 0.042 0.041 0.014 0.114 0.061 0.054 0.02 0.028 0.042 0.059 0.016 0.017 0.025 0.175 0.057 0.005 0.017 0.04
315 F 0.041 0.019 0.015 0.016 0.013 0.014 0.019 0.023 0.013 0.125 0.127 0.022 0.061 0.241 0.012 0.026 0.031 0.011 0.05 0.122
316 S 0.064 0.044 0.04 0.035 0.012 0.03 0.044 0.043 0.083 0.034 0.052 0.09 0.016 0.091 0.022 0.129 0.091 0.007 0.033 0.04
317 N 0.051 0.044 0.268 0.065 0.009 0.073 0.053 0.056 0.026 0.022 0.033 0.055 0.012 0.016 0.02 0.099 0.049 0.004 0.015 0.028
318 G 0.065 0.023 0.032 0.028 0.012 0.018 0.025 0.38 0.012 0.037 0.099 0.031 0.016 0.022 0.018 0.049 0.076 0.005 0.013 0.04
319 G 0.06 0.029 0.044 0.127 0.01 0.025 0.046 0.185 0.081 0.021 0.03 0.039 0.011 0.017 0.107 0.085 0.037 0.004 0.018 0.026
320 L 0.035 0.02 0.014 0.014 0.011 0.013 0.019 0.023 0.012 0.11 0.203 0.021 0.029 0.115 0.01 0.022 0.027 0.185 0.044 0.073
