#Seq2Logo.py -f /work3/idamei/ssn-clusterings/clustering/2205181304/clusters/0013_160/sequences.afa -o /work3/idamei/ssn-clusterings/clustering/2205181304/clusters/0013_160/sequences.logo
#Position Specific Frequency Matrix
A R N D C Q E G H I L K M F P S T W Y V
0 L 0.052 0.032 0.02 0.02 0.016 0.028 0.028 0.028 0.016 0.099 0.194 0.036 0.171 0.048 0.016 0.036 0.04 0.008 0.024 0.091
1 R 0.048 0.124 0.029 0.027 0.011 0.051 0.043 0.031 0.027 0.049 0.123 0.063 0.024 0.056 0.045 0.048 0.036 0.012 0.105 0.05
2 L 0.057 0.029 0.027 0.025 0.017 0.021 0.028 0.031 0.012 0.089 0.243 0.034 0.037 0.041 0.02 0.053 0.126 0.007 0.02 0.085
3 R 0.151 0.211 0.033 0.03 0.014 0.039 0.047 0.052 0.02 0.032 0.052 0.088 0.016 0.019 0.024 0.062 0.041 0.006 0.017 0.047
4 L 0.06 0.029 0.024 0.023 0.016 0.023 0.029 0.032 0.014 0.092 0.258 0.034 0.076 0.045 0.018 0.071 0.045 0.007 0.022 0.083
5 N 0.096 0.041 0.262 0.071 0.012 0.032 0.047 0.067 0.028 0.027 0.037 0.051 0.012 0.019 0.022 0.072 0.049 0.005 0.016 0.035
6 D 0.042 0.103 0.149 0.217 0.008 0.035 0.068 0.049 0.024 0.022 0.033 0.063 0.011 0.016 0.021 0.056 0.04 0.004 0.014 0.026
7 L 0.054 0.022 0.016 0.017 0.016 0.015 0.021 0.024 0.011 0.126 0.197 0.024 0.035 0.121 0.014 0.028 0.039 0.008 0.036 0.176
8 A 0.227 0.029 0.022 0.025 0.02 0.023 0.034 0.062 0.013 0.063 0.15 0.039 0.026 0.031 0.025 0.067 0.045 0.006 0.019 0.076
9 L 0.058 0.055 0.031 0.029 0.013 0.058 0.044 0.035 0.026 0.056 0.146 0.049 0.027 0.059 0.019 0.076 0.043 0.012 0.106 0.056
10 G 0.06 0.084 0.035 0.031 0.012 0.036 0.037 0.171 0.017 0.039 0.06 0.051 0.017 0.098 0.02 0.056 0.094 0.008 0.031 0.045
11 L 0.119 0.024 0.018 0.02 0.017 0.018 0.026 0.039 0.012 0.094 0.177 0.029 0.031 0.112 0.018 0.043 0.039 0.008 0.034 0.12
12 S 0.138 0.033 0.039 0.038 0.018 0.027 0.042 0.059 0.016 0.085 0.072 0.045 0.02 0.026 0.026 0.153 0.065 0.005 0.018 0.076
13 G 0.124 0.024 0.036 0.032 0.013 0.02 0.028 0.423 0.014 0.024 0.034 0.036 0.011 0.017 0.021 0.058 0.034 0.005 0.012 0.033
14 L 0.051 0.028 0.021 0.021 0.016 0.021 0.026 0.027 0.012 0.098 0.276 0.031 0.071 0.046 0.017 0.04 0.079 0.007 0.022 0.089
15 L 0.045 0.021 0.014 0.016 0.016 0.014 0.019 0.021 0.009 0.203 0.267 0.024 0.042 0.048 0.014 0.024 0.036 0.006 0.021 0.137
16 L 0.044 0.024 0.014 0.015 0.016 0.016 0.02 0.021 0.01 0.114 0.384 0.025 0.049 0.054 0.014 0.024 0.033 0.007 0.022 0.095
17 L 0.042 0.021 0.015 0.016 0.015 0.014 0.019 0.022 0.011 0.134 0.268 0.023 0.04 0.143 0.013 0.024 0.032 0.009 0.039 0.1
18 L 0.042 0.023 0.015 0.015 0.015 0.015 0.02 0.022 0.011 0.104 0.33 0.024 0.044 0.122 0.013 0.024 0.031 0.009 0.035 0.087
19 S 0.108 0.04 0.053 0.048 0.017 0.033 0.052 0.065 0.019 0.029 0.041 0.053 0.015 0.021 0.029 0.23 0.081 0.005 0.017 0.041
20 L 0.045 0.023 0.015 0.016 0.016 0.017 0.02 0.022 0.01 0.154 0.308 0.026 0.06 0.051 0.014 0.025 0.035 0.007 0.022 0.114
21 V 0.077 0.023 0.016 0.018 0.018 0.017 0.023 0.027 0.009 0.143 0.188 0.027 0.035 0.039 0.017 0.034 0.045 0.006 0.021 0.22
22 F 0.036 0.02 0.016 0.016 0.012 0.012 0.019 0.024 0.015 0.075 0.181 0.02 0.031 0.31 0.011 0.025 0.027 0.014 0.071 0.064
23 P 0.056 0.025 0.023 0.031 0.01 0.02 0.036 0.036 0.013 0.025 0.036 0.041 0.01 0.013 0.501 0.043 0.036 0.003 0.013 0.031
24 T 0.072 0.035 0.043 0.037 0.018 0.027 0.039 0.043 0.014 0.053 0.064 0.045 0.019 0.023 0.027 0.091 0.258 0.006 0.018 0.07
25 S 0.147 0.036 0.044 0.041 0.018 0.029 0.045 0.063 0.017 0.038 0.051 0.049 0.017 0.021 0.029 0.159 0.117 0.005 0.017 0.055
26 L 0.039 0.021 0.015 0.016 0.013 0.013 0.019 0.023 0.013 0.088 0.249 0.022 0.037 0.225 0.012 0.024 0.029 0.012 0.055 0.074
27 T 0.075 0.032 0.038 0.035 0.017 0.025 0.037 0.043 0.014 0.104 0.084 0.042 0.023 0.028 0.025 0.11 0.159 0.006 0.018 0.089
28 L 0.117 0.024 0.023 0.024 0.016 0.018 0.026 0.159 0.012 0.114 0.159 0.031 0.028 0.034 0.019 0.046 0.038 0.006 0.018 0.09
29 F 0.045 0.019 0.016 0.017 0.014 0.013 0.019 0.024 0.013 0.142 0.13 0.022 0.029 0.218 0.013 0.027 0.034 0.011 0.054 0.141
30 K 0.056 0.106 0.041 0.041 0.008 0.053 0.07 0.043 0.02 0.027 0.043 0.289 0.015 0.015 0.027 0.053 0.039 0.005 0.017 0.032
31 T 0.056 0.027 0.029 0.027 0.015 0.019 0.028 0.033 0.013 0.112 0.102 0.033 0.025 0.122 0.02 0.058 0.145 0.009 0.036 0.092
32 V 0.058 0.02 0.015 0.017 0.017 0.015 0.02 0.022 0.008 0.222 0.147 0.024 0.034 0.039 0.015 0.029 0.044 0.006 0.02 0.227
33 L 0.172 0.027 0.02 0.022 0.019 0.021 0.03 0.049 0.012 0.078 0.222 0.034 0.033 0.038 0.022 0.054 0.041 0.006 0.02 0.081
34 L 0.044 0.024 0.014 0.015 0.016 0.016 0.02 0.021 0.01 0.114 0.385 0.025 0.049 0.054 0.014 0.024 0.033 0.007 0.022 0.095
35 L 0.061 0.026 0.024 0.024 0.016 0.019 0.027 0.032 0.012 0.135 0.244 0.032 0.037 0.043 0.018 0.076 0.046 0.006 0.02 0.101
36 L 0.044 0.022 0.014 0.016 0.016 0.015 0.019 0.021 0.01 0.156 0.33 0.025 0.046 0.051 0.014 0.024 0.034 0.007 0.022 0.115
37 P 0.114 0.026 0.021 0.026 0.014 0.02 0.033 0.042 0.012 0.052 0.129 0.038 0.022 0.025 0.261 0.049 0.038 0.004 0.016 0.056
38 L 0.044 0.024 0.014 0.015 0.016 0.016 0.02 0.021 0.01 0.114 0.385 0.025 0.049 0.054 0.014 0.024 0.033 0.007 0.022 0.095
39 G 0.057 0.022 0.027 0.025 0.012 0.016 0.022 0.27 0.014 0.05 0.121 0.027 0.022 0.142 0.015 0.038 0.029 0.009 0.037 0.047
40 C 0.07 0.024 0.027 0.026 0.229 0.018 0.027 0.04 0.013 0.044 0.069 0.03 0.018 0.114 0.019 0.094 0.047 0.008 0.032 0.051
41 L 0.056 0.025 0.022 0.021 0.135 0.018 0.024 0.029 0.01 0.081 0.224 0.029 0.033 0.038 0.018 0.045 0.09 0.006 0.018 0.079
42 L 0.047 0.025 0.016 0.017 0.016 0.019 0.022 0.023 0.011 0.129 0.302 0.027 0.078 0.05 0.015 0.027 0.036 0.007 0.022 0.111
43 L 0.042 0.019 0.015 0.017 0.015 0.013 0.018 0.022 0.011 0.185 0.207 0.023 0.037 0.134 0.013 0.025 0.034 0.009 0.038 0.124
44 G 0.141 0.029 0.039 0.036 0.015 0.024 0.035 0.294 0.015 0.027 0.039 0.041 0.013 0.018 0.024 0.104 0.047 0.005 0.014 0.039
45 G 0.073 0.108 0.037 0.032 0.132 0.028 0.036 0.162 0.016 0.029 0.045 0.056 0.014 0.018 0.021 0.092 0.045 0.005 0.014 0.038
46 G 0.064 0.044 0.033 0.031 0.011 0.026 0.035 0.275 0.014 0.045 0.121 0.095 0.021 0.025 0.02 0.044 0.033 0.006 0.015 0.044
47 A 0.128 0.034 0.105 0.044 0.016 0.027 0.04 0.057 0.018 0.068 0.079 0.044 0.02 0.025 0.023 0.103 0.056 0.005 0.018 0.089
48 V 0.121 0.107 0.024 0.024 0.017 0.026 0.034 0.04 0.013 0.097 0.09 0.053 0.024 0.027 0.02 0.048 0.045 0.005 0.019 0.164
49 G 0.124 0.026 0.031 0.029 0.013 0.021 0.029 0.284 0.022 0.031 0.045 0.035 0.014 0.046 0.02 0.054 0.034 0.011 0.092 0.04
50 D 0.067 0.074 0.044 0.127 0.013 0.032 0.057 0.044 0.017 0.06 0.06 0.086 0.018 0.022 0.023 0.091 0.05 0.005 0.016 0.094
51 L 0.051 0.022 0.015 0.016 0.017 0.015 0.02 0.022 0.009 0.168 0.266 0.025 0.041 0.047 0.015 0.026 0.038 0.006 0.021 0.161
52 D 0.058 0.036 0.129 0.236 0.01 0.031 0.07 0.055 0.022 0.024 0.032 0.049 0.011 0.017 0.023 0.101 0.05 0.004 0.014 0.029
53 L 0.072 0.114 0.039 0.034 0.015 0.032 0.042 0.044 0.017 0.051 0.131 0.062 0.024 0.028 0.023 0.119 0.075 0.006 0.018 0.055
54 R 0.043 0.198 0.037 0.03 0.008 0.054 0.05 0.032 0.086 0.028 0.05 0.082 0.016 0.047 0.018 0.041 0.032 0.011 0.102 0.033
55 L 0.052 0.025 0.016 0.017 0.017 0.019 0.023 0.023 0.011 0.122 0.273 0.028 0.075 0.048 0.015 0.029 0.039 0.007 0.022 0.14
56 L 0.049 0.022 0.015 0.016 0.016 0.015 0.02 0.022 0.01 0.135 0.258 0.024 0.04 0.099 0.014 0.026 0.036 0.008 0.031 0.143
57 L 0.043 0.023 0.014 0.015 0.038 0.015 0.02 0.023 0.011 0.106 0.308 0.024 0.042 0.053 0.013 0.025 0.032 0.081 0.028 0.087
58 L 0.16 0.025 0.019 0.022 0.018 0.019 0.028 0.046 0.012 0.132 0.172 0.033 0.031 0.036 0.021 0.051 0.042 0.006 0.019 0.106
59 A 0.181 0.025 0.026 0.027 0.017 0.021 0.031 0.173 0.013 0.096 0.078 0.036 0.02 0.026 0.023 0.061 0.042 0.005 0.016 0.083
60 L 0.045 0.023 0.014 0.015 0.016 0.016 0.02 0.021 0.01 0.125 0.361 0.025 0.047 0.052 0.014 0.024 0.034 0.007 0.022 0.108
61 F 0.041 0.021 0.016 0.016 0.013 0.013 0.02 0.023 0.013 0.093 0.223 0.022 0.035 0.223 0.012 0.025 0.031 0.012 0.055 0.093
62 F 0.037 0.023 0.019 0.018 0.01 0.016 0.023 0.025 0.031 0.053 0.09 0.025 0.022 0.262 0.013 0.028 0.026 0.022 0.208 0.05
63 S 0.108 0.04 0.053 0.048 0.017 0.033 0.052 0.065 0.019 0.029 0.041 0.053 0.015 0.021 0.029 0.231 0.081 0.005 0.017 0.041
64 G 0.115 0.024 0.024 0.023 0.039 0.018 0.026 0.16 0.013 0.058 0.143 0.03 0.025 0.103 0.018 0.047 0.035 0.008 0.031 0.06
65 I 0.053 0.019 0.015 0.017 0.017 0.014 0.019 0.022 0.008 0.246 0.154 0.024 0.035 0.041 0.015 0.027 0.042 0.006 0.02 0.206
66 G 0.077 0.023 0.039 0.033 0.011 0.019 0.025 0.517 0.013 0.019 0.028 0.033 0.009 0.016 0.019 0.051 0.029 0.005 0.011 0.024
67 L 0.044 0.022 0.014 0.016 0.016 0.015 0.019 0.021 0.01 0.156 0.33 0.025 0.046 0.051 0.014 0.024 0.034 0.007 0.022 0.115
68 V 0.065 0.022 0.021 0.021 0.016 0.017 0.023 0.147 0.01 0.114 0.167 0.027 0.03 0.035 0.016 0.035 0.04 0.006 0.018 0.17
69 W 0.03 0.022 0.015 0.015 0.007 0.015 0.022 0.03 0.015 0.03 0.052 0.022 0.015 0.06 0.007 0.022 0.022 0.5 0.067 0.03
70 S 0.098 0.035 0.044 0.041 0.018 0.029 0.044 0.055 0.016 0.062 0.063 0.046 0.019 0.024 0.026 0.182 0.073 0.005 0.018 0.101
71 L 0.047 0.02 0.015 0.017 0.016 0.014 0.019 0.021 0.009 0.2 0.236 0.024 0.04 0.064 0.014 0.025 0.037 0.007 0.024 0.151
72 Y 0.04 0.028 0.021 0.018 0.009 0.021 0.028 0.025 0.046 0.043 0.067 0.031 0.018 0.129 0.015 0.031 0.028 0.028 0.328 0.046
73 G 0.077 0.023 0.039 0.033 0.011 0.019 0.025 0.517 0.013 0.019 0.028 0.033 0.009 0.016 0.019 0.051 0.029 0.005 0.011 0.024
74 A 0.216 0.036 0.031 0.045 0.017 0.035 0.107 0.063 0.017 0.038 0.054 0.052 0.016 0.02 0.028 0.077 0.067 0.005 0.017 0.059
75 L 0.108 0.024 0.017 0.019 0.017 0.018 0.025 0.035 0.013 0.134 0.232 0.03 0.036 0.047 0.018 0.039 0.038 0.007 0.036 0.105
76 R 0.053 0.188 0.027 0.024 0.013 0.032 0.037 0.028 0.016 0.085 0.126 0.072 0.026 0.029 0.017 0.037 0.039 0.006 0.019 0.127
77 G 0.068 0.028 0.111 0.045 0.01 0.022 0.031 0.404 0.018 0.02 0.029 0.038 0.01 0.016 0.019 0.055 0.034 0.005 0.012 0.025
78 N 0.042 0.044 0.327 0.082 0.009 0.033 0.049 0.064 0.031 0.022 0.031 0.053 0.011 0.018 0.02 0.069 0.049 0.004 0.015 0.027
79 P 0.116 0.027 0.023 0.029 0.014 0.021 0.035 0.045 0.013 0.039 0.076 0.04 0.016 0.019 0.334 0.051 0.039 0.004 0.015 0.046
80 G 0.077 0.023 0.039 0.033 0.011 0.019 0.025 0.517 0.013 0.019 0.028 0.033 0.009 0.016 0.019 0.051 0.029 0.005 0.011 0.024
81 A 0.235 0.03 0.024 0.027 0.018 0.024 0.037 0.064 0.022 0.043 0.061 0.041 0.018 0.048 0.026 0.07 0.044 0.011 0.095 0.062
82 L 0.044 0.024 0.014 0.015 0.016 0.016 0.02 0.021 0.01 0.114 0.385 0.025 0.049 0.054 0.014 0.024 0.033 0.007 0.022 0.095
83 R 0.063 0.205 0.043 0.039 0.01 0.089 0.064 0.043 0.023 0.025 0.045 0.095 0.017 0.017 0.023 0.094 0.048 0.006 0.018 0.034
84 V 0.065 0.024 0.017 0.018 0.018 0.019 0.024 0.025 0.01 0.146 0.145 0.028 0.067 0.038 0.016 0.033 0.046 0.006 0.021 0.233
85 L 0.06 0.028 0.024 0.023 0.016 0.02 0.028 0.032 0.012 0.093 0.299 0.032 0.041 0.046 0.018 0.076 0.045 0.007 0.021 0.081
86 T 0.072 0.035 0.043 0.037 0.018 0.027 0.039 0.043 0.014 0.053 0.064 0.045 0.019 0.023 0.027 0.091 0.258 0.006 0.018 0.07
87 V 0.069 0.022 0.016 0.018 0.019 0.016 0.023 0.024 0.008 0.162 0.128 0.026 0.031 0.035 0.016 0.032 0.049 0.005 0.02 0.28
88 L 0.05 0.03 0.018 0.019 0.016 0.025 0.026 0.026 0.014 0.103 0.242 0.033 0.142 0.049 0.015 0.033 0.038 0.008 0.023 0.092
89 V 0.063 0.021 0.016 0.018 0.018 0.015 0.022 0.023 0.008 0.192 0.138 0.025 0.032 0.037 0.016 0.03 0.046 0.006 0.02 0.253
90 L 0.052 0.021 0.016 0.017 0.016 0.014 0.021 0.023 0.011 0.137 0.192 0.024 0.035 0.131 0.014 0.028 0.038 0.009 0.038 0.167
91 Y 0.04 0.028 0.021 0.018 0.009 0.021 0.028 0.025 0.046 0.043 0.067 0.031 0.018 0.129 0.015 0.031 0.028 0.028 0.328 0.046
92 P 0.056 0.025 0.023 0.031 0.01 0.02 0.036 0.036 0.013 0.025 0.036 0.041 0.01 0.013 0.501 0.043 0.036 0.003 0.013 0.031
93 I 0.074 0.025 0.025 0.025 0.018 0.019 0.027 0.032 0.011 0.16 0.115 0.032 0.028 0.033 0.02 0.053 0.119 0.006 0.019 0.159
94 L 0.044 0.022 0.014 0.016 0.016 0.015 0.019 0.021 0.01 0.156 0.33 0.025 0.046 0.051 0.014 0.024 0.034 0.007 0.022 0.115
95 F 0.033 0.019 0.017 0.017 0.01 0.01 0.019 0.025 0.017 0.062 0.113 0.019 0.025 0.396 0.01 0.025 0.025 0.017 0.087 0.054
96 G 0.072 0.029 0.035 0.031 0.016 0.022 0.031 0.157 0.012 0.071 0.071 0.037 0.02 0.024 0.022 0.066 0.148 0.006 0.017 0.111
97 I 0.046 0.019 0.014 0.017 0.016 0.014 0.018 0.02 0.009 0.24 0.22 0.024 0.039 0.046 0.014 0.024 0.038 0.006 0.021 0.154
98 L 0.044 0.024 0.014 0.015 0.016 0.016 0.02 0.021 0.01 0.114 0.385 0.025 0.049 0.054 0.014 0.024 0.033 0.007 0.022 0.095
99 A 0.182 0.031 0.037 0.035 0.017 0.026 0.039 0.182 0.015 0.034 0.047 0.044 0.015 0.02 0.026 0.113 0.065 0.005 0.016 0.05
100 G 0.059 0.026 0.023 0.023 0.015 0.022 0.025 0.149 0.013 0.11 0.141 0.032 0.097 0.038 0.016 0.038 0.038 0.007 0.02 0.108
101 L 0.066 0.027 0.024 0.024 0.017 0.02 0.029 0.033 0.012 0.105 0.235 0.032 0.036 0.041 0.018 0.078 0.049 0.006 0.02 0.128
102 Y 0.04 0.028 0.021 0.018 0.009 0.021 0.028 0.025 0.046 0.043 0.067 0.031 0.018 0.129 0.015 0.031 0.028 0.028 0.328 0.046
103 R 0.051 0.179 0.041 0.039 0.008 0.12 0.076 0.038 0.025 0.025 0.045 0.15 0.017 0.016 0.023 0.051 0.038 0.006 0.018 0.033
104 G 0.071 0.029 0.039 0.047 0.01 0.03 0.096 0.397 0.016 0.019 0.03 0.043 0.01 0.016 0.02 0.052 0.031 0.005 0.012 0.026
105 G 0.056 0.12 0.059 0.094 0.009 0.08 0.062 0.184 0.021 0.022 0.037 0.071 0.014 0.016 0.02 0.051 0.035 0.005 0.015 0.028
106 L 0.045 0.024 0.014 0.015 0.016 0.016 0.02 0.021 0.01 0.116 0.375 0.025 0.05 0.055 0.014 0.024 0.033 0.007 0.022 0.096
107 S 0.09 0.04 0.121 0.056 0.015 0.033 0.05 0.064 0.022 0.029 0.04 0.053 0.015 0.02 0.027 0.184 0.082 0.005 0.017 0.039
108 E 0.114 0.045 0.067 0.085 0.011 0.066 0.183 0.049 0.023 0.027 0.042 0.065 0.014 0.017 0.025 0.063 0.041 0.005 0.017 0.04
109 G 0.127 0.031 0.036 0.046 0.012 0.032 0.099 0.287 0.017 0.025 0.038 0.046 0.012 0.017 0.023 0.06 0.036 0.005 0.014 0.037
110 L 0.044 0.024 0.014 0.015 0.016 0.016 0.02 0.021 0.01 0.114 0.385 0.025 0.049 0.054 0.014 0.024 0.033 0.007 0.022 0.095
111 G 0.055 0.035 0.038 0.089 0.009 0.038 0.145 0.154 0.027 0.026 0.041 0.05 0.013 0.044 0.021 0.047 0.032 0.011 0.092 0.032
112 R 0.05 0.23 0.04 0.036 0.008 0.05 0.061 0.037 0.022 0.025 0.044 0.204 0.015 0.016 0.023 0.048 0.037 0.005 0.017 0.031
113 L 0.044 0.024 0.014 0.015 0.016 0.016 0.02 0.021 0.01 0.114 0.385 0.025 0.049 0.054 0.014 0.024 0.033 0.007 0.022 0.095
114 F 0.04 0.022 0.016 0.017 0.013 0.015 0.02 0.024 0.014 0.086 0.22 0.023 0.056 0.224 0.012 0.026 0.03 0.012 0.055 0.074
115 I 0.05 0.022 0.017 0.018 0.015 0.017 0.022 0.024 0.012 0.151 0.15 0.026 0.066 0.131 0.014 0.029 0.038 0.009 0.038 0.15
116 Y 0.063 0.029 0.027 0.024 0.013 0.022 0.03 0.033 0.03 0.054 0.074 0.034 0.02 0.114 0.019 0.051 0.098 0.018 0.18 0.067
117 A 0.238 0.033 0.033 0.034 0.02 0.027 0.043 0.072 0.016 0.04 0.055 0.046 0.017 0.021 0.029 0.121 0.07 0.005 0.017 0.061
118 A 0.245 0.029 0.029 0.03 0.019 0.024 0.036 0.187 0.014 0.037 0.051 0.041 0.015 0.02 0.027 0.075 0.044 0.005 0.016 0.057
119 L 0.042 0.025 0.016 0.016 0.013 0.018 0.022 0.025 0.013 0.086 0.237 0.027 0.07 0.075 0.013 0.027 0.031 0.131 0.038 0.075
120 L 0.043 0.025 0.016 0.017 0.015 0.018 0.022 0.024 0.013 0.096 0.259 0.027 0.08 0.137 0.014 0.028 0.033 0.01 0.039 0.084
121 I 0.046 0.019 0.014 0.017 0.016 0.014 0.018 0.02 0.009 0.24 0.22 0.024 0.039 0.046 0.014 0.024 0.038 0.006 0.021 0.154
122 V 0.138 0.028 0.03 0.03 0.018 0.023 0.035 0.097 0.013 0.085 0.079 0.038 0.022 0.026 0.023 0.097 0.055 0.005 0.018 0.142
123 V 0.063 0.022 0.016 0.017 0.018 0.016 0.022 0.023 0.009 0.15 0.192 0.026 0.036 0.04 0.016 0.03 0.045 0.006 0.021 0.233
124 I 0.046 0.019 0.014 0.017 0.016 0.014 0.018 0.02 0.009 0.24 0.22 0.024 0.039 0.046 0.014 0.024 0.038 0.006 0.021 0.154
125 D 0.048 0.031 0.062 0.314 0.01 0.029 0.077 0.045 0.017 0.03 0.037 0.044 0.012 0.017 0.023 0.061 0.091 0.004 0.013 0.035
126 L 0.044 0.022 0.014 0.016 0.016 0.015 0.019 0.021 0.01 0.156 0.33 0.025 0.046 0.051 0.014 0.024 0.034 0.007 0.022 0.115
127 G 0.058 0.022 0.027 0.025 0.012 0.016 0.022 0.27 0.013 0.053 0.138 0.028 0.023 0.12 0.015 0.038 0.029 0.009 0.033 0.049
128 F 0.037 0.018 0.016 0.017 0.012 0.011 0.018 0.024 0.015 0.117 0.126 0.02 0.028 0.308 0.011 0.025 0.029 0.014 0.071 0.084
129 V 0.063 0.021 0.016 0.018 0.018 0.015 0.022 0.023 0.008 0.192 0.138 0.025 0.032 0.037 0.016 0.03 0.046 0.006 0.02 0.253
130 L 0.071 0.023 0.017 0.019 0.015 0.018 0.023 0.029 0.013 0.135 0.169 0.028 0.067 0.131 0.015 0.034 0.037 0.009 0.038 0.11
131 G 0.071 0.026 0.047 0.128 0.01 0.023 0.044 0.354 0.015 0.021 0.029 0.038 0.01 0.016 0.021 0.069 0.036 0.005 0.011 0.026
132 E 0.046 0.04 0.106 0.069 0.008 0.043 0.17 0.04 0.025 0.032 0.054 0.055 0.015 0.112 0.02 0.051 0.037 0.008 0.034 0.036
133 I 0.05 0.021 0.017 0.018 0.015 0.016 0.021 0.022 0.018 0.192 0.132 0.026 0.031 0.063 0.015 0.028 0.039 0.011 0.097 0.168
134 L 0.069 0.025 0.018 0.018 0.013 0.018 0.025 0.03 0.02 0.075 0.151 0.028 0.027 0.068 0.015 0.032 0.033 0.135 0.109 0.091
135 L 0.038 0.022 0.015 0.015 0.012 0.014 0.02 0.024 0.013 0.08 0.234 0.023 0.034 0.141 0.011 0.024 0.028 0.133 0.05 0.068
136 P 0.062 0.033 0.036 0.036 0.011 0.027 0.043 0.042 0.102 0.025 0.037 0.044 0.012 0.019 0.292 0.078 0.042 0.004 0.024 0.031
137 G 0.057 0.023 0.029 0.025 0.01 0.017 0.024 0.271 0.022 0.036 0.059 0.029 0.015 0.139 0.016 0.039 0.028 0.014 0.109 0.037
138 N 0.051 0.039 0.255 0.07 0.009 0.03 0.043 0.178 0.027 0.021 0.03 0.048 0.011 0.017 0.02 0.064 0.044 0.005 0.014 0.026
139 P 0.06 0.027 0.022 0.027 0.013 0.033 0.036 0.032 0.012 0.071 0.068 0.039 0.018 0.02 0.306 0.041 0.04 0.004 0.016 0.113
140 L 0.052 0.023 0.015 0.016 0.017 0.016 0.021 0.022 0.009 0.13 0.299 0.025 0.043 0.048 0.015 0.027 0.038 0.006 0.021 0.156
141 G 0.057 0.023 0.029 0.025 0.01 0.017 0.024 0.271 0.022 0.036 0.059 0.029 0.015 0.139 0.016 0.039 0.028 0.014 0.109 0.037
142 A 0.139 0.034 0.038 0.137 0.014 0.035 0.117 0.051 0.017 0.05 0.056 0.049 0.016 0.02 0.025 0.061 0.042 0.005 0.016 0.079
143 G 0.076 0.027 0.037 0.034 0.015 0.022 0.032 0.209 0.014 0.092 0.071 0.037 0.019 0.025 0.022 0.095 0.079 0.005 0.016 0.073
144 L 0.11 0.028 0.018 0.02 0.017 0.021 0.027 0.037 0.013 0.092 0.255 0.032 0.072 0.044 0.018 0.042 0.039 0.007 0.021 0.087
145 A 0.121 0.11 0.031 0.029 0.016 0.029 0.038 0.044 0.015 0.07 0.074 0.058 0.021 0.024 0.023 0.063 0.097 0.006 0.018 0.112
146 A 0.245 0.029 0.029 0.03 0.019 0.024 0.036 0.187 0.014 0.037 0.051 0.041 0.015 0.02 0.027 0.075 0.044 0.005 0.016 0.057
147 L 0.046 0.024 0.016 0.017 0.016 0.018 0.021 0.022 0.011 0.152 0.282 0.027 0.077 0.05 0.015 0.027 0.036 0.007 0.022 0.114
148 Y 0.04 0.028 0.021 0.018 0.009 0.021 0.028 0.025 0.046 0.043 0.067 0.031 0.018 0.129 0.015 0.031 0.028 0.028 0.328 0.046
149 D 0.041 0.03 0.069 0.397 0.008 0.03 0.091 0.047 0.019 0.022 0.028 0.045 0.009 0.015 0.022 0.052 0.035 0.004 0.011 0.024
150 G 0.147 0.026 0.028 0.027 0.016 0.02 0.029 0.239 0.013 0.051 0.128 0.035 0.022 0.027 0.021 0.056 0.037 0.006 0.016 0.057
151 D 0.04 0.029 0.068 0.406 0.007 0.029 0.09 0.046 0.018 0.022 0.028 0.044 0.009 0.015 0.022 0.051 0.035 0.004 0.011 0.024
152 S 0.143 0.04 0.043 0.054 0.016 0.039 0.113 0.061 0.019 0.031 0.044 0.056 0.015 0.02 0.028 0.15 0.062 0.005 0.017 0.045
153 A 0.243 0.028 0.023 0.026 0.021 0.023 0.036 0.064 0.013 0.072 0.076 0.039 0.021 0.025 0.026 0.071 0.049 0.005 0.018 0.121
154 V 0.069 0.022 0.016 0.018 0.019 0.016 0.023 0.024 0.008 0.162 0.128 0.026 0.031 0.035 0.016 0.032 0.049 0.005 0.02 0.28
155 V 0.069 0.022 0.016 0.018 0.019 0.016 0.023 0.024 0.008 0.162 0.128 0.026 0.031 0.035 0.016 0.032 0.049 0.005 0.02 0.28
156 D 0.04 0.029 0.068 0.406 0.007 0.029 0.09 0.046 0.018 0.022 0.028 0.044 0.009 0.015 0.022 0.051 0.035 0.004 0.011 0.024
157 N 0.041 0.04 0.182 0.055 0.009 0.031 0.044 0.048 0.118 0.027 0.042 0.046 0.014 0.049 0.018 0.052 0.038 0.011 0.104 0.03
158 G 0.141 0.029 0.039 0.036 0.015 0.024 0.035 0.294 0.015 0.027 0.039 0.041 0.013 0.018 0.024 0.104 0.047 0.005 0.014 0.039
159 G 0.12 0.029 0.04 0.036 0.015 0.024 0.035 0.291 0.015 0.033 0.042 0.04 0.013 0.019 0.023 0.109 0.049 0.005 0.014 0.049
160 G 0.06 0.111 0.111 0.045 0.009 0.03 0.038 0.283 0.02 0.021 0.033 0.059 0.011 0.017 0.019 0.053 0.035 0.005 0.013 0.026
161 Y 0.04 0.028 0.021 0.018 0.009 0.021 0.028 0.025 0.046 0.043 0.067 0.031 0.018 0.129 0.015 0.031 0.028 0.028 0.328 0.046
162 L 0.042 0.021 0.015 0.016 0.015 0.014 0.019 0.022 0.011 0.143 0.262 0.023 0.04 0.137 0.013 0.024 0.033 0.009 0.038 0.104
163 K 0.056 0.106 0.041 0.041 0.008 0.053 0.07 0.043 0.02 0.027 0.043 0.289 0.015 0.015 0.027 0.053 0.039 0.005 0.017 0.032
164 F 0.033 0.019 0.017 0.017 0.01 0.01 0.019 0.025 0.017 0.062 0.113 0.019 0.025 0.396 0.01 0.025 0.025 0.017 0.087 0.054
165 T 0.072 0.035 0.043 0.037 0.018 0.027 0.039 0.043 0.014 0.053 0.064 0.045 0.019 0.023 0.027 0.091 0.258 0.006 0.018 0.07
166 L 0.046 0.022 0.015 0.016 0.016 0.016 0.02 0.021 0.01 0.182 0.277 0.025 0.054 0.049 0.014 0.025 0.036 0.007 0.021 0.128
167 P 0.056 0.025 0.023 0.031 0.01 0.02 0.036 0.036 0.013 0.025 0.036 0.041 0.01 0.013 0.501 0.043 0.036 0.003 0.013 0.031
168 N 0.042 0.044 0.327 0.082 0.009 0.033 0.049 0.064 0.031 0.022 0.031 0.053 0.011 0.018 0.02 0.069 0.049 0.004 0.015 0.027
169 V 0.063 0.021 0.016 0.018 0.018 0.015 0.022 0.023 0.008 0.192 0.138 0.025 0.032 0.037 0.016 0.03 0.046 0.006 0.02 0.253
170 S 0.108 0.04 0.053 0.048 0.017 0.033 0.052 0.065 0.019 0.029 0.041 0.053 0.015 0.021 0.029 0.231 0.081 0.005 0.017 0.041
171 S 0.096 0.038 0.05 0.044 0.017 0.031 0.047 0.057 0.017 0.037 0.049 0.05 0.017 0.022 0.029 0.182 0.143 0.005 0.017 0.051
172 L 0.056 0.023 0.015 0.016 0.017 0.016 0.021 0.023 0.009 0.138 0.257 0.025 0.04 0.045 0.015 0.028 0.041 0.006 0.021 0.187
173 I 0.046 0.017 0.014 0.017 0.016 0.013 0.017 0.02 0.009 0.282 0.165 0.023 0.036 0.044 0.014 0.025 0.039 0.006 0.02 0.174
174 F 0.033 0.019 0.017 0.017 0.01 0.01 0.019 0.025 0.017 0.062 0.113 0.019 0.025 0.396 0.01 0.025 0.025 0.017 0.087 0.054
175 L 0.044 0.024 0.014 0.015 0.016 0.016 0.02 0.021 0.01 0.114 0.385 0.025 0.049 0.054 0.014 0.024 0.033 0.007 0.022 0.095
176 L 0.045 0.021 0.014 0.016 0.016 0.015 0.019 0.021 0.009 0.198 0.275 0.024 0.043 0.049 0.014 0.024 0.036 0.006 0.021 0.134
177 P 0.082 0.032 0.038 0.039 0.014 0.027 0.044 0.05 0.016 0.027 0.038 0.047 0.013 0.017 0.265 0.137 0.058 0.004 0.015 0.036
178 F 0.035 0.021 0.018 0.017 0.01 0.013 0.021 0.025 0.024 0.058 0.101 0.022 0.023 0.329 0.012 0.026 0.026 0.019 0.148 0.052
179 L 0.058 0.025 0.017 0.017 0.017 0.019 0.023 0.024 0.01 0.134 0.209 0.028 0.071 0.043 0.016 0.031 0.042 0.006 0.022 0.186
180 L 0.05 0.021 0.015 0.016 0.016 0.015 0.02 0.022 0.01 0.163 0.239 0.024 0.039 0.081 0.014 0.026 0.038 0.007 0.028 0.157
181 C 0.086 0.028 0.035 0.032 0.254 0.022 0.034 0.049 0.013 0.037 0.053 0.037 0.016 0.02 0.023 0.136 0.058 0.005 0.015 0.049
182 R 0.107 0.192 0.031 0.027 0.011 0.036 0.043 0.042 0.027 0.033 0.054 0.078 0.017 0.046 0.021 0.051 0.036 0.011 0.095 0.044
183 L 0.054 0.021 0.015 0.017 0.017 0.015 0.02 0.022 0.009 0.198 0.207 0.025 0.038 0.043 0.015 0.027 0.041 0.006 0.021 0.191
184 L 0.048 0.02 0.015 0.017 0.015 0.014 0.02 0.023 0.011 0.155 0.198 0.023 0.035 0.132 0.014 0.027 0.036 0.009 0.038 0.151
185 C 0.056 0.017 0.016 0.016 0.371 0.012 0.017 0.03 0.01 0.049 0.076 0.02 0.018 0.114 0.015 0.036 0.033 0.007 0.031 0.056
186 R 0.055 0.2 0.039 0.037 0.009 0.077 0.068 0.155 0.022 0.022 0.041 0.089 0.015 0.016 0.02 0.048 0.034 0.006 0.016 0.03
187 R 0.05 0.23 0.04 0.036 0.008 0.05 0.061 0.037 0.022 0.025 0.044 0.204 0.015 0.016 0.023 0.048 0.037 0.005 0.017 0.031
188 P 0.11 0.023 0.02 0.023 0.014 0.017 0.028 0.04 0.014 0.086 0.089 0.032 0.021 0.136 0.139 0.045 0.037 0.008 0.038 0.081
189 S 0.095 0.036 0.046 0.044 0.015 0.03 0.048 0.058 0.017 0.028 0.04 0.05 0.014 0.019 0.147 0.184 0.07 0.004 0.016 0.039
190 L 0.048 0.043 0.021 0.022 0.014 0.024 0.032 0.026 0.012 0.134 0.244 0.09 0.037 0.042 0.017 0.031 0.036 0.006 0.02 0.099
191 S 0.106 0.051 0.039 0.037 0.016 0.033 0.047 0.05 0.016 0.061 0.064 0.105 0.019 0.023 0.026 0.106 0.099 0.005 0.018 0.079
192 G 0.059 0.03 0.049 0.128 0.009 0.026 0.048 0.28 0.102 0.02 0.03 0.039 0.011 0.019 0.02 0.048 0.03 0.005 0.022 0.024
193 L 0.043 0.023 0.016 0.016 0.014 0.017 0.021 0.022 0.019 0.138 0.251 0.026 0.038 0.07 0.014 0.026 0.033 0.012 0.098 0.102
194 L 0.048 0.023 0.017 0.018 0.015 0.017 0.022 0.024 0.013 0.154 0.155 0.026 0.074 0.132 0.014 0.029 0.037 0.009 0.038 0.135
195 L 0.052 0.025 0.021 0.021 0.016 0.018 0.024 0.026 0.011 0.14 0.25 0.029 0.038 0.044 0.017 0.041 0.091 0.006 0.02 0.108
196 L 0.039 0.021 0.015 0.016 0.013 0.013 0.019 0.023 0.013 0.088 0.249 0.022 0.037 0.225 0.012 0.024 0.029 0.012 0.055 0.074
197 L 0.111 0.024 0.017 0.019 0.018 0.018 0.025 0.035 0.011 0.143 0.223 0.029 0.036 0.041 0.018 0.04 0.04 0.006 0.02 0.126
198 G 0.06 0.023 0.026 0.024 0.013 0.017 0.023 0.269 0.012 0.066 0.206 0.029 0.029 0.035 0.016 0.037 0.031 0.006 0.016 0.059
199 L 0.044 0.024 0.014 0.015 0.016 0.016 0.02 0.021 0.01 0.114 0.385 0.025 0.049 0.054 0.014 0.024 0.033 0.007 0.022 0.095
200 L 0.054 0.021 0.015 0.016 0.135 0.015 0.02 0.024 0.009 0.106 0.253 0.024 0.037 0.042 0.015 0.03 0.037 0.006 0.019 0.122
201 L 0.056 0.023 0.015 0.016 0.017 0.016 0.021 0.023 0.009 0.138 0.257 0.025 0.04 0.045 0.015 0.028 0.041 0.006 0.021 0.187
202 V 0.063 0.022 0.016 0.017 0.018 0.016 0.022 0.023 0.009 0.15 0.192 0.026 0.036 0.04 0.016 0.03 0.045 0.006 0.021 0.233
203 A 0.185 0.026 0.021 0.023 0.02 0.021 0.031 0.051 0.011 0.102 0.093 0.035 0.024 0.028 0.023 0.058 0.049 0.005 0.019 0.174
204 L 0.043 0.021 0.015 0.016 0.015 0.014 0.02 0.022 0.012 0.145 0.239 0.024 0.045 0.136 0.013 0.025 0.034 0.009 0.038 0.114
205 L 0.051 0.022 0.015 0.016 0.017 0.015 0.02 0.022 0.009 0.168 0.266 0.025 0.041 0.047 0.015 0.026 0.038 0.006 0.021 0.161
206 S 0.108 0.04 0.053 0.048 0.017 0.033 0.052 0.065 0.019 0.029 0.041 0.053 0.015 0.021 0.029 0.231 0.081 0.005 0.017 0.041
207 G 0.077 0.023 0.039 0.033 0.011 0.019 0.025 0.517 0.013 0.019 0.028 0.033 0.009 0.016 0.019 0.051 0.029 0.005 0.011 0.024
208 R 0.044 0.355 0.038 0.031 0.008 0.048 0.052 0.032 0.023 0.023 0.046 0.118 0.015 0.017 0.019 0.044 0.034 0.006 0.017 0.031
209 R 0.044 0.355 0.038 0.031 0.008 0.048 0.052 0.032 0.023 0.023 0.046 0.118 0.015 0.017 0.019 0.044 0.034 0.006 0.017 0.031
210 A 0.185 0.026 0.021 0.023 0.02 0.021 0.031 0.051 0.011 0.102 0.093 0.035 0.024 0.028 0.023 0.058 0.049 0.005 0.019 0.174
211 L 0.045 0.021 0.014 0.016 0.016 0.015 0.019 0.021 0.009 0.198 0.275 0.024 0.043 0.049 0.014 0.024 0.036 0.006 0.021 0.134
212 L 0.046 0.026 0.015 0.016 0.016 0.019 0.022 0.023 0.011 0.11 0.337 0.028 0.08 0.052 0.014 0.027 0.035 0.007 0.022 0.094
213 L 0.056 0.023 0.015 0.016 0.017 0.016 0.021 0.023 0.009 0.138 0.257 0.025 0.04 0.045 0.015 0.028 0.041 0.006 0.021 0.187
214 T 0.071 0.032 0.036 0.032 0.018 0.024 0.035 0.038 0.012 0.08 0.08 0.04 0.022 0.026 0.024 0.077 0.205 0.006 0.018 0.122
215 A 0.255 0.031 0.024 0.028 0.02 0.026 0.038 0.068 0.015 0.053 0.083 0.042 0.045 0.026 0.027 0.075 0.047 0.006 0.018 0.072
216 F 0.043 0.019 0.016 0.017 0.013 0.012 0.019 0.024 0.013 0.143 0.131 0.021 0.029 0.236 0.013 0.026 0.033 0.012 0.057 0.124
217 L 0.114 0.028 0.024 0.024 0.017 0.021 0.03 0.041 0.013 0.075 0.196 0.034 0.031 0.072 0.021 0.056 0.092 0.007 0.026 0.078
218 G 0.189 0.027 0.032 0.031 0.016 0.022 0.033 0.297 0.014 0.031 0.043 0.039 0.013 0.019 0.024 0.067 0.039 0.005 0.014 0.046
219 P 0.056 0.025 0.023 0.031 0.01 0.02 0.036 0.036 0.013 0.025 0.036 0.041 0.01 0.013 0.501 0.043 0.036 0.003 0.013 0.031
220 L 0.05 0.021 0.015 0.017 0.016 0.014 0.02 0.023 0.011 0.135 0.205 0.023 0.035 0.132 0.014 0.027 0.037 0.009 0.038 0.157
221 L 0.051 0.022 0.015 0.016 0.017 0.015 0.02 0.022 0.009 0.168 0.266 0.025 0.041 0.047 0.015 0.026 0.038 0.006 0.021 0.161
222 A 0.301 0.031 0.025 0.029 0.021 0.025 0.04 0.077 0.015 0.043 0.059 0.044 0.017 0.021 0.029 0.084 0.049 0.005 0.017 0.068
223 Y 0.046 0.024 0.019 0.018 0.012 0.017 0.024 0.025 0.029 0.078 0.094 0.026 0.023 0.172 0.014 0.03 0.032 0.019 0.191 0.106
224 L 0.057 0.021 0.018 0.018 0.135 0.015 0.021 0.028 0.011 0.094 0.168 0.025 0.03 0.103 0.015 0.043 0.039 0.008 0.031 0.12
225 L 0.046 0.024 0.015 0.017 0.016 0.017 0.021 0.022 0.011 0.161 0.281 0.027 0.07 0.05 0.015 0.026 0.036 0.007 0.022 0.118
226 T 0.086 0.037 0.047 0.041 0.017 0.029 0.044 0.052 0.016 0.043 0.055 0.048 0.018 0.022 0.028 0.147 0.187 0.006 0.017 0.058
227 L 0.059 0.029 0.026 0.025 0.015 0.023 0.03 0.035 0.015 0.074 0.188 0.034 0.065 0.062 0.017 0.079 0.045 0.081 0.031 0.069
228 G 0.079 0.025 0.045 0.126 0.01 0.022 0.042 0.377 0.015 0.021 0.029 0.036 0.01 0.016 0.02 0.052 0.032 0.005 0.011 0.026
229 A 0.236 0.112 0.028 0.03 0.018 0.031 0.043 0.066 0.017 0.038 0.055 0.062 0.017 0.02 0.027 0.074 0.045 0.005 0.017 0.058
230 L 0.047 0.024 0.03 0.117 0.012 0.02 0.041 0.031 0.012 0.111 0.153 0.033 0.026 0.031 0.138 0.036 0.036 0.005 0.017 0.081
231 S 0.082 0.132 0.046 0.043 0.013 0.037 0.06 0.122 0.02 0.025 0.04 0.071 0.014 0.019 0.024 0.139 0.057 0.005 0.016 0.035
232 G 0.049 0.11 0.105 0.041 0.009 0.027 0.036 0.16 0.021 0.032 0.054 0.056 0.015 0.112 0.017 0.047 0.034 0.008 0.033 0.034
233 G 0.055 0.123 0.112 0.048 0.009 0.081 0.057 0.164 0.024 0.022 0.038 0.074 0.014 0.016 0.02 0.055 0.038 0.005 0.016 0.029
234 G 0.051 0.132 0.031 0.026 0.009 0.027 0.033 0.193 0.017 0.024 0.042 0.058 0.013 0.031 0.015 0.039 0.029 0.17 0.032 0.028
235 L 0.049 0.065 0.027 0.028 0.012 0.034 0.045 0.032 0.015 0.066 0.197 0.157 0.03 0.035 0.02 0.038 0.035 0.031 0.022 0.06
236 A 0.179 0.025 0.02 0.023 0.019 0.02 0.03 0.05 0.011 0.132 0.103 0.034 0.025 0.03 0.022 0.056 0.047 0.005 0.019 0.147
237 L 0.049 0.022 0.017 0.018 0.015 0.017 0.022 0.024 0.012 0.149 0.163 0.026 0.067 0.131 0.014 0.029 0.037 0.009 0.038 0.141
238 L 0.063 0.025 0.025 0.024 0.134 0.018 0.027 0.036 0.013 0.065 0.164 0.03 0.028 0.106 0.018 0.08 0.044 0.008 0.031 0.064
239 R 0.05 0.23 0.04 0.036 0.008 0.05 0.061 0.037 0.022 0.025 0.044 0.204 0.015 0.016 0.023 0.048 0.037 0.005 0.017 0.031
240 V 0.06 0.021 0.016 0.017 0.017 0.015 0.022 0.025 0.01 0.137 0.124 0.024 0.03 0.125 0.015 0.031 0.043 0.008 0.037 0.223
241 L 0.123 0.029 0.026 0.026 0.017 0.022 0.032 0.069 0.013 0.074 0.217 0.036 0.032 0.037 0.021 0.082 0.046 0.006 0.019 0.074
242 L 0.041 0.022 0.015 0.016 0.015 0.014 0.019 0.022 0.011 0.118 0.295 0.023 0.042 0.138 0.013 0.024 0.032 0.009 0.038 0.093
243 F 0.041 0.021 0.021 0.02 0.011 0.013 0.022 0.029 0.017 0.06 0.106 0.022 0.024 0.353 0.012 0.045 0.031 0.016 0.081 0.053
244 V 0.092 0.022 0.017 0.019 0.019 0.017 0.025 0.03 0.009 0.15 0.121 0.028 0.03 0.034 0.018 0.038 0.049 0.005 0.02 0.259
245 F 0.063 0.025 0.031 0.029 0.012 0.018 0.029 0.158 0.016 0.043 0.074 0.031 0.019 0.207 0.017 0.083 0.04 0.011 0.051 0.043
246 V 0.065 0.021 0.019 0.02 0.017 0.016 0.022 0.097 0.009 0.171 0.123 0.026 0.029 0.034 0.016 0.033 0.043 0.006 0.019 0.215
247 G 0.111 0.025 0.024 0.024 0.017 0.019 0.027 0.158 0.011 0.085 0.15 0.032 0.027 0.032 0.019 0.048 0.05 0.006 0.018 0.117
248 L 0.042 0.019 0.015 0.017 0.015 0.013 0.018 0.022 0.011 0.185 0.207 0.023 0.037 0.134 0.013 0.025 0.034 0.009 0.038 0.124
249 G 0.147 0.028 0.028 0.028 0.016 0.023 0.031 0.192 0.014 0.054 0.108 0.037 0.047 0.028 0.022 0.059 0.053 0.006 0.017 0.062
250 L 0.046 0.026 0.015 0.016 0.016 0.019 0.022 0.023 0.011 0.11 0.337 0.028 0.08 0.052 0.014 0.027 0.035 0.007 0.022 0.094
251 A 0.245 0.029 0.029 0.03 0.019 0.024 0.036 0.187 0.014 0.037 0.051 0.041 0.015 0.02 0.027 0.075 0.044 0.005 0.016 0.057
252 F 0.04 0.018 0.016 0.017 0.013 0.012 0.018 0.023 0.013 0.169 0.14 0.021 0.031 0.217 0.013 0.025 0.032 0.011 0.054 0.115
253 L 0.05 0.026 0.018 0.018 0.015 0.02 0.024 0.024 0.02 0.102 0.206 0.029 0.069 0.067 0.015 0.03 0.036 0.012 0.099 0.119
254 L 0.05 0.021 0.015 0.017 0.016 0.014 0.02 0.023 0.01 0.16 0.199 0.024 0.036 0.114 0.014 0.027 0.038 0.008 0.034 0.162
255 F 0.052 0.021 0.017 0.018 0.012 0.013 0.021 0.028 0.016 0.075 0.12 0.022 0.04 0.306 0.013 0.03 0.03 0.014 0.071 0.081
256 Y 0.04 0.028 0.021 0.018 0.009 0.021 0.028 0.025 0.046 0.043 0.067 0.031 0.018 0.129 0.015 0.031 0.028 0.028 0.328 0.046
257 S 0.076 0.035 0.112 0.049 0.015 0.028 0.042 0.054 0.019 0.091 0.07 0.046 0.02 0.026 0.023 0.139 0.062 0.005 0.018 0.071
258 L 0.115 0.028 0.024 0.024 0.018 0.021 0.03 0.04 0.012 0.081 0.223 0.035 0.034 0.038 0.021 0.056 0.093 0.006 0.02 0.082
259 W 0.035 0.025 0.018 0.017 0.008 0.018 0.025 0.027 0.03 0.036 0.06 0.027 0.017 0.094 0.011 0.027 0.025 0.264 0.198 0.038
260 P 0.056 0.025 0.023 0.031 0.01 0.02 0.036 0.036 0.013 0.025 0.036 0.041 0.01 0.013 0.501 0.043 0.036 0.003 0.013 0.031
261 D 0.047 0.038 0.056 0.267 0.007 0.044 0.185 0.041 0.021 0.022 0.031 0.057 0.011 0.015 0.024 0.053 0.035 0.004 0.013 0.027
262 Y 0.04 0.028 0.021 0.018 0.009 0.021 0.028 0.025 0.046 0.043 0.067 0.031 0.018 0.129 0.015 0.031 0.028 0.028 0.328 0.046
263 V 0.054 0.02 0.016 0.017 0.016 0.014 0.021 0.023 0.01 0.167 0.134 0.023 0.031 0.127 0.014 0.029 0.04 0.008 0.037 0.197
264 N 0.046 0.035 0.101 0.052 0.01 0.033 0.1 0.036 0.028 0.092 0.075 0.045 0.02 0.052 0.019 0.045 0.038 0.011 0.095 0.069
265 D 0.048 0.049 0.12 0.156 0.008 0.088 0.137 0.046 0.026 0.023 0.035 0.065 0.013 0.016 0.023 0.057 0.04 0.005 0.016 0.029
266 R 0.044 0.272 0.032 0.027 0.01 0.04 0.044 0.03 0.02 0.046 0.131 0.095 0.024 0.026 0.018 0.039 0.034 0.006 0.018 0.047
267 V 0.06 0.021 0.016 0.017 0.017 0.015 0.022 0.025 0.01 0.137 0.124 0.024 0.03 0.125 0.015 0.031 0.043 0.008 0.037 0.223
268 S 0.083 0.034 0.041 0.037 0.017 0.027 0.04 0.049 0.015 0.056 0.133 0.044 0.025 0.03 0.025 0.145 0.113 0.006 0.018 0.062
269 S 0.092 0.041 0.122 0.057 0.015 0.033 0.051 0.065 0.022 0.027 0.039 0.053 0.014 0.02 0.027 0.191 0.073 0.005 0.017 0.038
270 I 0.046 0.017 0.014 0.017 0.016 0.013 0.017 0.02 0.009 0.281 0.166 0.023 0.036 0.044 0.014 0.025 0.039 0.006 0.02 0.174
271 L 0.059 0.027 0.025 0.025 0.015 0.019 0.028 0.034 0.014 0.077 0.217 0.031 0.033 0.138 0.017 0.081 0.044 0.009 0.039 0.069
272 D 0.043 0.038 0.182 0.224 0.008 0.035 0.095 0.053 0.025 0.022 0.03 0.052 0.01 0.016 0.021 0.06 0.041 0.004 0.014 0.026
273 F 0.033 0.019 0.017 0.017 0.01 0.01 0.019 0.025 0.017 0.063 0.113 0.019 0.025 0.395 0.01 0.025 0.025 0.017 0.088 0.054
274 G 0.073 0.036 0.048 0.12 0.011 0.037 0.121 0.177 0.019 0.023 0.034 0.052 0.012 0.017 0.024 0.101 0.046 0.005 0.014 0.031
275 D 0.118 0.033 0.051 0.141 0.015 0.029 0.057 0.111 0.017 0.028 0.039 0.047 0.013 0.019 0.026 0.138 0.058 0.005 0.015 0.039
276 D 0.045 0.035 0.182 0.218 0.008 0.03 0.064 0.106 0.024 0.022 0.029 0.047 0.01 0.016 0.021 0.059 0.041 0.004 0.013 0.025
277 A 0.188 0.031 0.04 0.133 0.017 0.027 0.053 0.062 0.015 0.039 0.051 0.044 0.015 0.02 0.027 0.076 0.083 0.005 0.016 0.056
278 S 0.108 0.04 0.053 0.048 0.017 0.033 0.052 0.065 0.019 0.029 0.041 0.053 0.015 0.021 0.029 0.231 0.081 0.005 0.017 0.041
279 N 0.042 0.044 0.326 0.082 0.009 0.033 0.049 0.064 0.031 0.022 0.031 0.053 0.011 0.018 0.02 0.069 0.049 0.004 0.015 0.027
280 L 0.072 0.031 0.031 0.029 0.017 0.023 0.034 0.04 0.014 0.077 0.235 0.037 0.034 0.039 0.021 0.114 0.054 0.006 0.02 0.072
281 E 0.054 0.049 0.04 0.089 0.007 0.064 0.306 0.035 0.025 0.022 0.036 0.074 0.013 0.016 0.025 0.054 0.036 0.005 0.016 0.031
282 R 0.044 0.354 0.038 0.031 0.008 0.048 0.052 0.032 0.023 0.023 0.046 0.119 0.015 0.017 0.019 0.044 0.034 0.006 0.017 0.031
283 A 0.152 0.131 0.034 0.033 0.014 0.038 0.05 0.054 0.018 0.035 0.052 0.124 0.016 0.019 0.026 0.067 0.064 0.005 0.017 0.05
284 Y 0.046 0.027 0.021 0.019 0.012 0.02 0.027 0.025 0.032 0.068 0.15 0.03 0.027 0.095 0.016 0.035 0.053 0.019 0.205 0.072
285 Q 0.055 0.072 0.043 0.046 0.009 0.226 0.101 0.041 0.029 0.026 0.046 0.09 0.02 0.014 0.023 0.055 0.041 0.006 0.02 0.035
286 F 0.036 0.02 0.016 0.016 0.012 0.012 0.019 0.024 0.015 0.075 0.181 0.02 0.031 0.31 0.011 0.025 0.027 0.014 0.071 0.064
287 D 0.073 0.114 0.042 0.138 0.01 0.04 0.119 0.064 0.02 0.05 0.051 0.068 0.015 0.019 0.022 0.051 0.037 0.005 0.015 0.047
288 A 0.281 0.031 0.028 0.031 0.021 0.026 0.041 0.076 0.015 0.041 0.057 0.045 0.017 0.021 0.029 0.099 0.052 0.005 0.017 0.065
289 L 0.044 0.024 0.014 0.015 0.016 0.016 0.02 0.021 0.01 0.114 0.385 0.025 0.049 0.054 0.014 0.024 0.033 0.007 0.022 0.095
290 L 0.057 0.029 0.019 0.019 0.017 0.024 0.026 0.027 0.014 0.118 0.174 0.033 0.13 0.044 0.016 0.035 0.042 0.007 0.023 0.148
291 D 0.109 0.049 0.051 0.221 0.011 0.034 0.072 0.053 0.018 0.028 0.039 0.105 0.013 0.016 0.025 0.06 0.04 0.004 0.014 0.037
292 G 0.077 0.023 0.039 0.033 0.011 0.019 0.025 0.517 0.013 0.019 0.028 0.033 0.009 0.016 0.019 0.051 0.029 0.005 0.011 0.024
293 I 0.049 0.019 0.015 0.017 0.015 0.013 0.019 0.022 0.011 0.197 0.143 0.023 0.032 0.13 0.014 0.027 0.038 0.008 0.037 0.171
294 Y 0.043 0.026 0.019 0.017 0.012 0.019 0.025 0.023 0.031 0.074 0.182 0.028 0.03 0.098 0.015 0.028 0.031 0.019 0.205 0.075
295 E 0.091 0.065 0.04 0.073 0.01 0.094 0.145 0.045 0.023 0.027 0.043 0.126 0.016 0.016 0.026 0.058 0.04 0.005 0.017 0.037
296 H 0.044 0.048 0.043 0.035 0.008 0.081 0.059 0.035 0.201 0.029 0.047 0.053 0.017 0.051 0.019 0.042 0.03 0.012 0.115 0.031
297 P 0.056 0.025 0.023 0.031 0.01 0.02 0.036 0.036 0.013 0.025 0.036 0.041 0.01 0.013 0.501 0.043 0.036 0.003 0.013 0.031
298 F 0.036 0.02 0.016 0.016 0.012 0.012 0.019 0.024 0.015 0.078 0.194 0.021 0.032 0.293 0.012 0.025 0.027 0.014 0.068 0.066
299 W 0.032 0.021 0.016 0.016 0.009 0.013 0.021 0.027 0.016 0.046 0.082 0.021 0.02 0.228 0.009 0.024 0.024 0.258 0.077 0.042
300 G 0.077 0.023 0.039 0.033 0.011 0.019 0.025 0.517 0.013 0.019 0.028 0.033 0.009 0.016 0.019 0.051 0.029 0.005 0.011 0.024
301 S 0.097 0.038 0.111 0.048 0.015 0.031 0.044 0.057 0.021 0.046 0.079 0.048 0.054 0.027 0.024 0.127 0.059 0.006 0.018 0.053
302 G 0.077 0.023 0.039 0.033 0.011 0.019 0.025 0.517 0.013 0.019 0.028 0.033 0.009 0.016 0.019 0.051 0.029 0.005 0.011 0.024
303 A 0.301 0.031 0.025 0.029 0.021 0.025 0.04 0.077 0.015 0.043 0.059 0.044 0.017 0.021 0.029 0.084 0.049 0.005 0.017 0.068
304 G 0.077 0.023 0.039 0.033 0.011 0.019 0.025 0.517 0.013 0.019 0.028 0.033 0.009 0.016 0.019 0.051 0.029 0.005 0.011 0.024
305 A 0.301 0.031 0.025 0.029 0.021 0.025 0.04 0.077 0.015 0.043 0.059 0.044 0.017 0.021 0.029 0.084 0.049 0.005 0.017 0.068
306 V 0.121 0.023 0.018 0.02 0.019 0.018 0.026 0.037 0.01 0.162 0.12 0.03 0.029 0.034 0.019 0.043 0.046 0.005 0.02 0.2
307 A 0.301 0.031 0.025 0.029 0.021 0.025 0.04 0.077 0.015 0.043 0.059 0.044 0.017 0.021 0.029 0.084 0.049 0.005 0.017 0.068
308 D 0.068 0.033 0.062 0.263 0.011 0.031 0.075 0.054 0.019 0.025 0.033 0.048 0.012 0.017 0.025 0.123 0.053 0.004 0.014 0.031
309 Y 0.04 0.028 0.021 0.018 0.009 0.021 0.028 0.025 0.046 0.043 0.067 0.031 0.018 0.129 0.015 0.031 0.028 0.028 0.328 0.046
310 L 0.051 0.02 0.015 0.017 0.017 0.015 0.019 0.021 0.009 0.21 0.211 0.024 0.038 0.044 0.015 0.026 0.04 0.006 0.021 0.181
311 R 0.044 0.355 0.038 0.031 0.008 0.048 0.052 0.032 0.023 0.023 0.046 0.118 0.015 0.017 0.019 0.044 0.034 0.006 0.017 0.031
312 S 0.108 0.04 0.053 0.048 0.017 0.033 0.052 0.065 0.019 0.029 0.041 0.053 0.015 0.021 0.029 0.231 0.081 0.005 0.017 0.041
313 E 0.051 0.044 0.047 0.168 0.007 0.055 0.253 0.037 0.024 0.022 0.034 0.067 0.012 0.016 0.025 0.054 0.036 0.005 0.015 0.029
314 E 0.068 0.047 0.043 0.079 0.01 0.056 0.243 0.042 0.024 0.024 0.038 0.069 0.013 0.017 0.026 0.099 0.047 0.005 0.017 0.033
315 L 0.052 0.042 0.026 0.026 0.014 0.077 0.046 0.031 0.019 0.081 0.157 0.049 0.135 0.039 0.018 0.04 0.04 0.007 0.023 0.077
316 P 0.056 0.025 0.023 0.031 0.01 0.02 0.036 0.036 0.013 0.025 0.036 0.041 0.01 0.013 0.501 0.043 0.036 0.003 0.013 0.031
317 W 0.03 0.022 0.015 0.015 0.007 0.015 0.022 0.03 0.015 0.03 0.052 0.022 0.015 0.06 0.007 0.022 0.022 0.5 0.067 0.03
318 A 0.301 0.031 0.025 0.029 0.021 0.025 0.04 0.077 0.015 0.043 0.059 0.044 0.017 0.021 0.029 0.084 0.049 0.005 0.017 0.068
319 Y 0.04 0.028 0.021 0.018 0.009 0.021 0.028 0.025 0.046 0.043 0.067 0.031 0.018 0.129 0.015 0.031 0.028 0.028 0.328 0.046
