#Seq2Logo.py -f /work3/idamei/ssn-clusterings/2206011120/clusters/0128_11/sequences.afa -m 0.0001 -b 50 -o /work3/idamei/ssn-clusterings/2206011120/clusters/0128_11/sequences.logo -p 640x1000 -l 30
#Position Specific Frequency Matrix
A R N D C Q E G H I L K M F P S T W Y V
0 M 0.039 0.024 0.015 0.015 0.012 0.021 0.021 0.021 0.012 0.075 0.147 0.027 0.374 0.036 0.012 0.027 0.03 0.006 0.018 0.069
1 I 0.048 0.018 0.015 0.018 0.017 0.014 0.018 0.021 0.009 0.256 0.171 0.024 0.038 0.045 0.015 0.025 0.041 0.006 0.021 0.18
2 S 0.068 0.027 0.06 0.033 0.013 0.022 0.034 0.042 0.013 0.075 0.071 0.036 0.015 0.019 0.02 0.295 0.093 0.004 0.013 0.046
3 A 0.315 0.024 0.049 0.026 0.015 0.02 0.03 0.05 0.012 0.039 0.047 0.033 0.014 0.017 0.021 0.099 0.089 0.004 0.013 0.083
4 L 0.036 0.023 0.067 0.02 0.011 0.015 0.021 0.023 0.01 0.122 0.306 0.046 0.027 0.075 0.012 0.046 0.029 0.011 0.02 0.079
5 F 0.031 0.016 0.012 0.013 0.01 0.01 0.015 0.017 0.011 0.132 0.209 0.017 0.025 0.263 0.01 0.019 0.024 0.009 0.065 0.093
6 L 0.069 0.029 0.032 0.03 0.017 0.023 0.032 0.038 0.013 0.117 0.162 0.037 0.031 0.036 0.022 0.09 0.1 0.006 0.02 0.097
7 W 0.038 0.182 0.027 0.023 0.008 0.032 0.038 0.032 0.019 0.027 0.05 0.072 0.015 0.039 0.014 0.034 0.029 0.247 0.043 0.031
8 H 0.043 0.047 0.054 0.039 0.008 0.039 0.054 0.039 0.344 0.023 0.039 0.047 0.016 0.031 0.019 0.043 0.027 0.008 0.058 0.023
9 L 0.053 0.033 0.02 0.02 0.016 0.029 0.029 0.029 0.016 0.102 0.2 0.037 0.146 0.049 0.016 0.037 0.041 0.008 0.025 0.094
10 K 0.058 0.109 0.042 0.042 0.009 0.054 0.072 0.044 0.021 0.028 0.044 0.266 0.016 0.016 0.028 0.054 0.04 0.005 0.018 0.033
11 N 0.043 0.046 0.305 0.085 0.009 0.034 0.05 0.066 0.032 0.023 0.032 0.055 0.011 0.018 0.021 0.071 0.05 0.005 0.016 0.027
12 N 0.043 0.046 0.305 0.085 0.009 0.034 0.05 0.066 0.032 0.023 0.032 0.055 0.011 0.018 0.021 0.071 0.05 0.005 0.016 0.027
13 N 0.043 0.046 0.305 0.085 0.009 0.034 0.05 0.066 0.032 0.023 0.032 0.055 0.011 0.018 0.021 0.071 0.05 0.005 0.016 0.027
14 I 0.048 0.018 0.015 0.018 0.016 0.014 0.018 0.021 0.009 0.258 0.171 0.024 0.037 0.045 0.015 0.025 0.04 0.006 0.021 0.18
15 V 0.071 0.022 0.017 0.018 0.02 0.017 0.024 0.025 0.008 0.167 0.133 0.027 0.032 0.036 0.017 0.033 0.05 0.006 0.021 0.256
16 G 0.08 0.023 0.04 0.034 0.011 0.019 0.026 0.502 0.014 0.019 0.029 0.034 0.01 0.016 0.019 0.052 0.03 0.005 0.011 0.025
17 R 0.049 0.186 0.03 0.026 0.012 0.039 0.04 0.031 0.02 0.062 0.123 0.079 0.085 0.033 0.018 0.041 0.038 0.007 0.021 0.062
18 F 0.034 0.019 0.017 0.017 0.011 0.011 0.019 0.026 0.017 0.064 0.115 0.019 0.026 0.382 0.011 0.026 0.026 0.017 0.089 0.055
19 F 0.052 0.021 0.017 0.017 0.015 0.014 0.021 0.025 0.013 0.115 0.123 0.023 0.029 0.209 0.014 0.029 0.038 0.011 0.055 0.16
20 L 0.045 0.023 0.014 0.016 0.016 0.016 0.02 0.021 0.01 0.154 0.323 0.025 0.046 0.052 0.014 0.025 0.035 0.007 0.022 0.117
21 F 0.041 0.018 0.016 0.017 0.013 0.012 0.018 0.023 0.013 0.167 0.141 0.021 0.031 0.215 0.013 0.025 0.033 0.011 0.055 0.116
22 V 0.06 0.021 0.016 0.018 0.017 0.015 0.021 0.024 0.009 0.178 0.138 0.025 0.032 0.082 0.015 0.03 0.044 0.007 0.029 0.218
23 A 0.138 0.034 0.037 0.036 0.018 0.027 0.041 0.058 0.016 0.055 0.129 0.045 0.025 0.03 0.026 0.137 0.062 0.006 0.019 0.062
24 N 0.042 0.031 0.342 0.051 0.008 0.023 0.035 0.046 0.02 0.021 0.032 0.037 0.01 0.073 0.016 0.126 0.04 0.004 0.018 0.025
25 L 0.033 0.017 0.012 0.013 0.011 0.012 0.016 0.017 0.008 0.118 0.388 0.019 0.032 0.121 0.011 0.021 0.047 0.006 0.024 0.072
26 F 0.027 0.015 0.012 0.012 0.009 0.009 0.014 0.018 0.012 0.075 0.141 0.015 0.022 0.454 0.008 0.019 0.02 0.011 0.057 0.05
27 Y 0.031 0.02 0.016 0.014 0.008 0.016 0.02 0.018 0.03 0.082 0.065 0.023 0.035 0.087 0.012 0.023 0.022 0.018 0.412 0.048
28 L 0.036 0.016 0.011 0.012 0.012 0.011 0.014 0.016 0.007 0.272 0.284 0.018 0.031 0.035 0.011 0.019 0.029 0.005 0.016 0.144
29 Y 0.03 0.02 0.016 0.014 0.007 0.015 0.02 0.019 0.032 0.034 0.055 0.022 0.015 0.147 0.011 0.023 0.021 0.02 0.444 0.036
30 D 0.031 0.022 0.051 0.55 0.006 0.022 0.068 0.035 0.014 0.017 0.021 0.033 0.007 0.011 0.017 0.039 0.026 0.003 0.008 0.018
31 P 0.042 0.019 0.017 0.023 0.008 0.015 0.027 0.027 0.01 0.019 0.027 0.031 0.008 0.01 0.622 0.033 0.027 0.002 0.01 0.023
32 W 0.023 0.017 0.011 0.011 0.006 0.011 0.017 0.023 0.011 0.023 0.04 0.017 0.011 0.045 0.006 0.017 0.017 0.621 0.051 0.023
33 L 0.04 0.017 0.012 0.012 0.011 0.011 0.015 0.018 0.009 0.084 0.328 0.017 0.029 0.219 0.01 0.02 0.024 0.008 0.034 0.083
34 F 0.038 0.016 0.014 0.014 0.008 0.018 0.024 0.02 0.013 0.049 0.096 0.017 0.048 0.458 0.009 0.021 0.021 0.014 0.058 0.044
35 H 0.036 0.032 0.038 0.028 0.006 0.048 0.038 0.13 0.406 0.017 0.028 0.035 0.011 0.02 0.014 0.033 0.021 0.005 0.035 0.018
36 F 0.038 0.016 0.014 0.014 0.011 0.011 0.016 0.053 0.01 0.078 0.109 0.018 0.021 0.284 0.011 0.025 0.049 0.008 0.04 0.173
37 L 0.062 0.016 0.014 0.014 0.011 0.011 0.016 0.088 0.009 0.138 0.19 0.019 0.025 0.16 0.011 0.024 0.027 0.007 0.028 0.13
38 R 0.033 0.511 0.029 0.023 0.006 0.036 0.039 0.025 0.017 0.017 0.035 0.09 0.012 0.013 0.014 0.033 0.026 0.004 0.013 0.023
39 M 0.043 0.022 0.018 0.017 0.011 0.019 0.02 0.157 0.011 0.062 0.14 0.026 0.273 0.031 0.012 0.029 0.028 0.005 0.016 0.059
40 A 0.295 0.023 0.022 0.025 0.015 0.018 0.029 0.058 0.011 0.046 0.052 0.031 0.015 0.047 0.02 0.12 0.04 0.004 0.016 0.113
41 F 0.031 0.015 0.012 0.013 0.01 0.009 0.015 0.018 0.01 0.107 0.145 0.016 0.023 0.357 0.009 0.02 0.023 0.013 0.048 0.107
42 I 0.037 0.015 0.012 0.013 0.047 0.01 0.015 0.017 0.008 0.191 0.186 0.017 0.026 0.151 0.011 0.021 0.028 0.006 0.027 0.163
43 A 0.178 0.021 0.021 0.021 0.049 0.017 0.024 0.103 0.01 0.089 0.064 0.028 0.036 0.023 0.017 0.066 0.095 0.004 0.013 0.123
44 G 0.06 0.018 0.03 0.026 0.008 0.015 0.02 0.602 0.01 0.015 0.022 0.026 0.007 0.012 0.015 0.059 0.024 0.004 0.008 0.019
45 F 0.091 0.017 0.018 0.018 0.011 0.013 0.019 0.128 0.01 0.14 0.118 0.022 0.02 0.145 0.013 0.058 0.029 0.006 0.026 0.098
46 I 0.048 0.018 0.015 0.018 0.016 0.014 0.018 0.021 0.009 0.258 0.171 0.024 0.037 0.045 0.015 0.025 0.04 0.006 0.021 0.18
47 I 0.055 0.015 0.012 0.013 0.012 0.011 0.015 0.019 0.008 0.244 0.199 0.018 0.027 0.123 0.011 0.021 0.028 0.006 0.024 0.138
48 A 0.251 0.023 0.024 0.024 0.061 0.019 0.029 0.05 0.011 0.041 0.049 0.032 0.021 0.017 0.02 0.12 0.107 0.004 0.013 0.083
49 L 0.04 0.016 0.012 0.012 0.163 0.011 0.015 0.019 0.007 0.147 0.253 0.018 0.045 0.041 0.011 0.023 0.028 0.005 0.015 0.119
50 L 0.066 0.018 0.017 0.017 0.012 0.014 0.019 0.109 0.008 0.123 0.214 0.022 0.025 0.042 0.013 0.051 0.053 0.005 0.016 0.156
51 V 0.04 0.018 0.014 0.014 0.01 0.013 0.018 0.021 0.014 0.1 0.133 0.021 0.044 0.099 0.011 0.043 0.028 0.102 0.107 0.149
52 L 0.032 0.018 0.011 0.012 0.011 0.011 0.015 0.016 0.008 0.081 0.47 0.018 0.034 0.113 0.01 0.018 0.024 0.006 0.024 0.067
53 A 0.19 0.019 0.017 0.018 0.047 0.015 0.022 0.075 0.01 0.092 0.109 0.025 0.018 0.085 0.016 0.051 0.056 0.005 0.02 0.111
54 Y 0.033 0.021 0.018 0.015 0.008 0.016 0.022 0.021 0.032 0.036 0.053 0.024 0.014 0.123 0.012 0.049 0.024 0.022 0.421 0.036
55 G 0.08 0.023 0.04 0.034 0.011 0.019 0.026 0.502 0.014 0.019 0.029 0.034 0.01 0.016 0.019 0.052 0.03 0.005 0.011 0.025
56 R 0.039 0.218 0.029 0.028 0.007 0.128 0.051 0.028 0.017 0.025 0.074 0.195 0.015 0.015 0.017 0.037 0.029 0.004 0.016 0.029
57 W 0.036 0.018 0.015 0.015 0.009 0.013 0.018 0.101 0.014 0.072 0.108 0.02 0.029 0.08 0.01 0.023 0.027 0.175 0.113 0.103
58 Y 0.036 0.019 0.016 0.015 0.015 0.014 0.02 0.02 0.023 0.111 0.075 0.022 0.02 0.12 0.012 0.045 0.035 0.02 0.27 0.091
59 K 0.04 0.126 0.073 0.033 0.007 0.113 0.052 0.032 0.017 0.044 0.038 0.257 0.013 0.013 0.018 0.043 0.034 0.004 0.013 0.031
60 K 0.045 0.102 0.059 0.033 0.007 0.081 0.051 0.096 0.016 0.02 0.031 0.281 0.012 0.012 0.019 0.063 0.031 0.004 0.013 0.024
61 K 0.068 0.087 0.031 0.034 0.007 0.123 0.094 0.032 0.045 0.021 0.033 0.215 0.012 0.013 0.053 0.051 0.036 0.004 0.015 0.026
62 L 0.039 0.096 0.039 0.022 0.012 0.034 0.03 0.025 0.015 0.069 0.236 0.076 0.025 0.041 0.015 0.033 0.067 0.007 0.063 0.056
63 V 0.071 0.022 0.017 0.018 0.02 0.017 0.024 0.025 0.008 0.168 0.133 0.027 0.032 0.036 0.017 0.034 0.05 0.006 0.021 0.255
64 R 0.045 0.333 0.04 0.032 0.008 0.049 0.053 0.034 0.024 0.024 0.047 0.122 0.016 0.018 0.02 0.045 0.036 0.006 0.018 0.032
65 I 0.048 0.018 0.015 0.018 0.017 0.014 0.018 0.021 0.009 0.257 0.171 0.024 0.037 0.045 0.015 0.025 0.041 0.006 0.021 0.18
66 E 0.056 0.051 0.041 0.092 0.008 0.066 0.283 0.036 0.026 0.023 0.037 0.077 0.013 0.017 0.026 0.056 0.037 0.006 0.017 0.032
67 N 0.044 0.046 0.304 0.085 0.009 0.034 0.05 0.066 0.032 0.023 0.032 0.055 0.011 0.018 0.021 0.071 0.05 0.005 0.016 0.028
68 N 0.044 0.046 0.304 0.085 0.009 0.034 0.05 0.066 0.032 0.023 0.032 0.055 0.011 0.018 0.021 0.071 0.05 0.005 0.016 0.028
69 K 0.058 0.109 0.042 0.042 0.009 0.055 0.072 0.044 0.021 0.028 0.044 0.264 0.016 0.016 0.028 0.055 0.04 0.005 0.018 0.033
70 S 0.112 0.041 0.055 0.05 0.018 0.034 0.053 0.068 0.02 0.03 0.043 0.055 0.016 0.021 0.03 0.205 0.084 0.005 0.018 0.043
71 S 0.112 0.041 0.055 0.05 0.018 0.034 0.053 0.068 0.02 0.03 0.043 0.055 0.016 0.021 0.03 0.205 0.084 0.005 0.018 0.043
72 L 0.053 0.033 0.02 0.02 0.016 0.029 0.029 0.029 0.016 0.102 0.201 0.037 0.145 0.049 0.016 0.037 0.041 0.008 0.025 0.094
73 I 0.048 0.018 0.015 0.018 0.017 0.014 0.018 0.021 0.009 0.257 0.171 0.024 0.037 0.045 0.015 0.025 0.041 0.006 0.021 0.18
74 L 0.045 0.025 0.014 0.015 0.017 0.017 0.021 0.022 0.01 0.118 0.364 0.026 0.051 0.056 0.014 0.025 0.034 0.007 0.023 0.098
75 P 0.055 0.033 0.024 0.025 0.011 0.046 0.033 0.03 0.011 0.099 0.083 0.072 0.016 0.019 0.163 0.109 0.073 0.004 0.013 0.079
76 Q 0.042 0.108 0.08 0.079 0.007 0.169 0.08 0.05 0.018 0.025 0.034 0.109 0.016 0.013 0.017 0.064 0.047 0.004 0.013 0.027
77 G 0.078 0.028 0.057 0.053 0.008 0.046 0.104 0.346 0.014 0.017 0.026 0.036 0.009 0.013 0.017 0.083 0.03 0.004 0.01 0.023
78 I 0.038 0.018 0.012 0.014 0.012 0.012 0.016 0.017 0.007 0.351 0.127 0.044 0.026 0.046 0.012 0.021 0.03 0.005 0.017 0.175
79 I 0.06 0.05 0.047 0.022 0.028 0.039 0.025 0.025 0.042 0.177 0.092 0.03 0.02 0.064 0.014 0.037 0.073 0.006 0.048 0.101
80 I 0.048 0.018 0.015 0.018 0.017 0.014 0.018 0.021 0.009 0.257 0.171 0.024 0.038 0.045 0.015 0.025 0.041 0.006 0.021 0.18
81 L 0.039 0.045 0.012 0.013 0.012 0.013 0.017 0.017 0.008 0.188 0.257 0.023 0.029 0.048 0.011 0.021 0.03 0.005 0.017 0.195
82 P 0.04 0.02 0.047 0.056 0.008 0.017 0.029 0.028 0.011 0.021 0.03 0.031 0.008 0.041 0.513 0.034 0.027 0.003 0.013 0.024
83 L 0.049 0.019 0.012 0.013 0.013 0.013 0.018 0.019 0.008 0.148 0.24 0.036 0.034 0.06 0.012 0.023 0.031 0.005 0.019 0.23
84 D 0.033 0.032 0.048 0.464 0.006 0.025 0.066 0.034 0.014 0.017 0.023 0.105 0.008 0.011 0.017 0.039 0.027 0.003 0.009 0.019
85 S 0.075 0.028 0.035 0.032 0.013 0.023 0.035 0.044 0.013 0.046 0.095 0.037 0.016 0.02 0.02 0.344 0.056 0.004 0.014 0.052
86 L 0.034 0.018 0.011 0.012 0.012 0.012 0.015 0.017 0.008 0.116 0.41 0.019 0.052 0.086 0.011 0.019 0.026 0.006 0.021 0.096
87 L 0.145 0.018 0.015 0.016 0.013 0.014 0.02 0.052 0.009 0.126 0.176 0.023 0.039 0.076 0.014 0.033 0.041 0.024 0.021 0.126
88 V 0.126 0.018 0.014 0.015 0.014 0.014 0.02 0.026 0.007 0.114 0.114 0.022 0.032 0.026 0.014 0.031 0.04 0.004 0.015 0.334
89 I 0.04 0.015 0.013 0.014 0.077 0.011 0.015 0.019 0.007 0.272 0.201 0.019 0.027 0.031 0.012 0.044 0.031 0.004 0.015 0.131
90 L 0.084 0.017 0.014 0.015 0.018 0.013 0.017 0.065 0.009 0.159 0.218 0.021 0.054 0.105 0.012 0.031 0.027 0.014 0.023 0.083
91 A 0.215 0.02 0.019 0.02 0.013 0.015 0.022 0.191 0.009 0.104 0.109 0.026 0.017 0.021 0.016 0.042 0.032 0.004 0.013 0.091
92 L 0.031 0.017 0.011 0.012 0.011 0.011 0.015 0.017 0.009 0.077 0.429 0.018 0.033 0.158 0.01 0.018 0.024 0.007 0.028 0.065
93 I 0.04 0.016 0.015 0.015 0.018 0.012 0.017 0.019 0.007 0.307 0.152 0.021 0.03 0.031 0.013 0.028 0.098 0.004 0.015 0.142
94 V 0.073 0.017 0.016 0.016 0.012 0.013 0.018 0.127 0.008 0.16 0.165 0.021 0.043 0.028 0.013 0.029 0.033 0.004 0.014 0.19
95 L 0.04 0.016 0.012 0.013 0.012 0.011 0.016 0.017 0.009 0.14 0.253 0.018 0.028 0.125 0.011 0.021 0.028 0.007 0.051 0.172
96 S 0.095 0.029 0.039 0.035 0.013 0.024 0.038 0.049 0.014 0.024 0.033 0.04 0.012 0.016 0.022 0.385 0.081 0.004 0.013 0.033
97 L 0.139 0.018 0.014 0.015 0.016 0.013 0.019 0.027 0.008 0.166 0.205 0.022 0.026 0.043 0.014 0.033 0.04 0.005 0.016 0.162
98 I 0.036 0.015 0.011 0.013 0.012 0.011 0.014 0.016 0.007 0.293 0.214 0.018 0.033 0.077 0.011 0.019 0.029 0.005 0.02 0.146
99 P 0.042 0.019 0.017 0.023 0.008 0.015 0.027 0.027 0.01 0.019 0.027 0.031 0.008 0.01 0.622 0.033 0.027 0.002 0.01 0.023
100 L 0.171 0.02 0.015 0.016 0.013 0.015 0.021 0.03 0.009 0.146 0.232 0.024 0.065 0.03 0.015 0.035 0.044 0.005 0.015 0.079
101 L 0.034 0.017 0.011 0.012 0.012 0.011 0.015 0.016 0.007 0.177 0.393 0.018 0.035 0.055 0.011 0.019 0.027 0.005 0.018 0.107
102 I 0.081 0.017 0.014 0.015 0.012 0.013 0.018 0.022 0.012 0.229 0.134 0.021 0.023 0.041 0.013 0.04 0.031 0.007 0.094 0.161
103 N 0.032 0.034 0.311 0.049 0.006 0.026 0.038 0.041 0.215 0.017 0.026 0.038 0.01 0.018 0.015 0.044 0.03 0.004 0.029 0.019
104 G 0.062 0.023 0.031 0.026 0.008 0.039 0.027 0.356 0.064 0.019 0.029 0.03 0.01 0.028 0.015 0.08 0.027 0.007 0.093 0.024
105 T 0.058 0.027 0.033 0.029 0.013 0.021 0.031 0.035 0.011 0.037 0.046 0.035 0.014 0.017 0.021 0.118 0.385 0.004 0.013 0.05
106 K 0.049 0.103 0.08 0.03 0.008 0.044 0.049 0.034 0.045 0.029 0.068 0.114 0.014 0.079 0.016 0.073 0.077 0.006 0.047 0.033
107 D 0.035 0.028 0.043 0.351 0.006 0.033 0.236 0.031 0.016 0.017 0.024 0.043 0.008 0.012 0.018 0.04 0.027 0.003 0.01 0.02
108 F 0.032 0.017 0.015 0.015 0.009 0.011 0.017 0.021 0.013 0.07 0.114 0.018 0.044 0.371 0.01 0.045 0.046 0.011 0.071 0.049
109 S 0.104 0.025 0.034 0.031 0.011 0.021 0.031 0.238 0.013 0.021 0.03 0.034 0.01 0.018 0.019 0.252 0.045 0.005 0.029 0.029
110 V 0.068 0.017 0.013 0.014 0.014 0.013 0.018 0.02 0.006 0.119 0.095 0.02 0.023 0.026 0.013 0.026 0.037 0.004 0.015 0.439
111 L 0.05 0.018 0.015 0.015 0.012 0.013 0.018 0.02 0.01 0.155 0.209 0.021 0.045 0.121 0.012 0.028 0.081 0.007 0.05 0.1
112 L 0.052 0.034 0.021 0.021 0.01 0.04 0.028 0.062 0.011 0.111 0.162 0.095 0.026 0.111 0.014 0.064 0.052 0.006 0.023 0.058
113 M 0.039 0.027 0.017 0.017 0.011 0.059 0.026 0.022 0.013 0.071 0.136 0.031 0.338 0.034 0.013 0.028 0.03 0.006 0.018 0.065
114 Y 0.03 0.021 0.016 0.014 0.007 0.016 0.021 0.019 0.035 0.033 0.051 0.023 0.014 0.098 0.012 0.023 0.021 0.021 0.491 0.035
115 V 0.054 0.016 0.014 0.015 0.036 0.012 0.017 0.021 0.008 0.194 0.121 0.02 0.024 0.072 0.012 0.052 0.034 0.005 0.019 0.253
116 K 0.042 0.104 0.031 0.031 0.006 0.04 0.052 0.032 0.016 0.02 0.032 0.441 0.012 0.012 0.02 0.04 0.029 0.004 0.013 0.024
117 T 0.06 0.024 0.027 0.026 0.012 0.02 0.045 0.141 0.011 0.049 0.092 0.031 0.082 0.022 0.017 0.098 0.156 0.005 0.013 0.069
118 L 0.077 0.018 0.013 0.013 0.046 0.013 0.017 0.022 0.008 0.073 0.404 0.021 0.031 0.068 0.012 0.026 0.049 0.005 0.019 0.065
119 I 0.036 0.016 0.011 0.013 0.012 0.012 0.015 0.016 0.007 0.27 0.265 0.019 0.053 0.045 0.011 0.02 0.028 0.005 0.017 0.128
120 L 0.044 0.019 0.012 0.012 0.011 0.013 0.017 0.018 0.014 0.088 0.38 0.02 0.03 0.052 0.011 0.021 0.027 0.009 0.122 0.081
121 F 0.029 0.016 0.015 0.014 0.008 0.01 0.016 0.021 0.015 0.044 0.078 0.017 0.018 0.464 0.009 0.042 0.022 0.013 0.11 0.04
122 I 0.048 0.015 0.014 0.015 0.018 0.011 0.016 0.058 0.007 0.272 0.158 0.019 0.028 0.059 0.012 0.026 0.045 0.005 0.018 0.157
123 F 0.031 0.015 0.012 0.012 0.066 0.009 0.014 0.018 0.01 0.102 0.207 0.016 0.024 0.302 0.009 0.02 0.023 0.009 0.042 0.06
124 G 0.087 0.018 0.026 0.023 0.043 0.015 0.021 0.457 0.011 0.022 0.055 0.026 0.01 0.019 0.015 0.059 0.026 0.005 0.036 0.027
125 I 0.042 0.016 0.013 0.015 0.012 0.012 0.016 0.019 0.009 0.286 0.106 0.02 0.029 0.062 0.012 0.043 0.032 0.006 0.045 0.206
126 G 0.186 0.019 0.022 0.021 0.012 0.015 0.022 0.293 0.01 0.046 0.071 0.026 0.014 0.047 0.016 0.043 0.035 0.005 0.014 0.084
127 I 0.035 0.015 0.011 0.013 0.012 0.01 0.014 0.016 0.008 0.289 0.214 0.018 0.028 0.099 0.011 0.019 0.028 0.006 0.022 0.132
128 Y 0.057 0.02 0.016 0.014 0.008 0.016 0.021 0.021 0.029 0.043 0.058 0.023 0.015 0.11 0.012 0.025 0.023 0.018 0.388 0.083
129 N 0.036 0.058 0.33 0.049 0.041 0.025 0.035 0.042 0.082 0.022 0.055 0.04 0.011 0.016 0.015 0.066 0.034 0.004 0.016 0.025
130 L 0.098 0.018 0.013 0.014 0.046 0.013 0.018 0.023 0.009 0.111 0.295 0.021 0.028 0.036 0.013 0.027 0.029 0.006 0.042 0.143
131 C 0.066 0.017 0.017 0.017 0.475 0.012 0.017 0.033 0.008 0.045 0.066 0.021 0.017 0.021 0.017 0.041 0.037 0.004 0.012 0.058
132 F 0.029 0.015 0.012 0.013 0.009 0.009 0.015 0.018 0.012 0.099 0.124 0.016 0.021 0.401 0.009 0.019 0.022 0.011 0.07 0.076
133 Y 0.032 0.027 0.018 0.016 0.007 0.019 0.024 0.02 0.03 0.033 0.075 0.072 0.015 0.08 0.046 0.025 0.022 0.017 0.385 0.035
134 L 0.102 0.055 0.023 0.021 0.064 0.058 0.03 0.057 0.056 0.037 0.107 0.034 0.017 0.077 0.015 0.064 0.031 0.008 0.102 0.042
135 N 0.037 0.074 0.123 0.041 0.008 0.069 0.042 0.032 0.123 0.039 0.084 0.081 0.028 0.019 0.058 0.045 0.038 0.004 0.02 0.035
136 A 0.123 0.037 0.07 0.034 0.01 0.067 0.08 0.037 0.092 0.033 0.046 0.083 0.013 0.017 0.066 0.048 0.055 0.004 0.018 0.066
137 N 0.078 0.043 0.179 0.067 0.014 0.034 0.052 0.067 0.026 0.027 0.037 0.055 0.014 0.02 0.025 0.138 0.067 0.005 0.017 0.035
138 Q 0.057 0.075 0.045 0.048 0.009 0.199 0.105 0.042 0.03 0.027 0.048 0.093 0.021 0.015 0.024 0.057 0.042 0.006 0.021 0.036
139 N 0.064 0.037 0.224 0.091 0.008 0.108 0.051 0.066 0.024 0.021 0.033 0.059 0.011 0.014 0.017 0.063 0.066 0.004 0.013 0.027
140 G 0.071 0.032 0.074 0.089 0.008 0.051 0.045 0.28 0.013 0.019 0.027 0.081 0.009 0.012 0.057 0.043 0.05 0.004 0.01 0.024
141 K 0.041 0.096 0.032 0.041 0.006 0.166 0.06 0.031 0.018 0.02 0.033 0.293 0.013 0.011 0.026 0.04 0.03 0.004 0.014 0.025
142 Q 0.088 0.035 0.058 0.066 0.01 0.131 0.112 0.036 0.016 0.036 0.042 0.047 0.014 0.017 0.027 0.108 0.059 0.004 0.014 0.081
143 Q 0.066 0.123 0.039 0.059 0.008 0.133 0.073 0.031 0.019 0.03 0.099 0.114 0.029 0.017 0.017 0.061 0.032 0.004 0.014 0.034
144 L 0.033 0.016 0.012 0.012 0.013 0.011 0.015 0.018 0.01 0.074 0.254 0.017 0.044 0.252 0.01 0.02 0.024 0.008 0.038 0.118
145 I 0.04 0.015 0.011 0.013 0.046 0.011 0.014 0.017 0.007 0.303 0.159 0.018 0.028 0.031 0.011 0.021 0.031 0.004 0.015 0.204
146 R 0.035 0.256 0.098 0.044 0.009 0.031 0.037 0.029 0.05 0.025 0.064 0.097 0.013 0.045 0.015 0.042 0.055 0.008 0.018 0.028
147 D 0.034 0.025 0.044 0.432 0.007 0.022 0.059 0.032 0.014 0.03 0.032 0.055 0.009 0.018 0.016 0.037 0.027 0.004 0.036 0.068
148 L 0.035 0.018 0.011 0.012 0.012 0.012 0.015 0.016 0.007 0.116 0.465 0.019 0.036 0.045 0.011 0.019 0.026 0.005 0.017 0.104
149 K 0.043 0.073 0.044 0.033 0.007 0.07 0.065 0.032 0.016 0.021 0.033 0.381 0.012 0.012 0.02 0.042 0.053 0.004 0.013 0.026
150 I 0.036 0.02 0.017 0.045 0.01 0.014 0.021 0.053 0.037 0.266 0.139 0.045 0.044 0.04 0.012 0.023 0.027 0.039 0.019 0.091
151 G 0.085 0.02 0.031 0.027 0.009 0.016 0.023 0.502 0.011 0.016 0.024 0.028 0.008 0.013 0.016 0.105 0.03 0.004 0.009 0.022
152 I 0.039 0.014 0.011 0.013 0.013 0.011 0.014 0.016 0.007 0.357 0.145 0.018 0.027 0.032 0.011 0.02 0.031 0.004 0.015 0.201
153 V 0.051 0.018 0.018 0.018 0.011 0.014 0.019 0.131 0.011 0.123 0.119 0.023 0.02 0.062 0.013 0.065 0.033 0.007 0.07 0.174
154 V 0.055 0.016 0.013 0.014 0.013 0.012 0.017 0.019 0.007 0.191 0.139 0.02 0.026 0.057 0.012 0.026 0.058 0.005 0.018 0.28
155 Q 0.042 0.055 0.033 0.035 0.007 0.414 0.077 0.031 0.022 0.02 0.035 0.068 0.015 0.011 0.018 0.042 0.031 0.004 0.015 0.026
156 A 0.231 0.02 0.019 0.02 0.081 0.015 0.024 0.043 0.011 0.035 0.054 0.026 0.014 0.152 0.017 0.078 0.057 0.029 0.028 0.045
157 V 0.063 0.018 0.016 0.016 0.013 0.013 0.019 0.034 0.008 0.173 0.168 0.022 0.025 0.038 0.013 0.068 0.043 0.005 0.016 0.23
158 V 0.041 0.016 0.012 0.013 0.022 0.011 0.015 0.017 0.007 0.221 0.157 0.018 0.042 0.087 0.013 0.021 0.031 0.005 0.021 0.229
159 G 0.054 0.016 0.025 0.023 0.009 0.013 0.018 0.496 0.009 0.094 0.043 0.024 0.011 0.016 0.014 0.035 0.024 0.004 0.01 0.061
160 F 0.065 0.016 0.012 0.013 0.011 0.011 0.016 0.02 0.009 0.164 0.175 0.018 0.025 0.223 0.011 0.023 0.026 0.008 0.034 0.121
161 L 0.041 0.018 0.013 0.013 0.012 0.012 0.016 0.029 0.008 0.118 0.383 0.02 0.033 0.082 0.011 0.023 0.05 0.006 0.021 0.091
162 A 0.334 0.02 0.019 0.02 0.148 0.016 0.025 0.111 0.01 0.031 0.043 0.028 0.012 0.015 0.019 0.053 0.033 0.004 0.012 0.046
163 L 0.035 0.018 0.011 0.012 0.012 0.012 0.015 0.016 0.007 0.09 0.485 0.019 0.036 0.039 0.011 0.019 0.026 0.005 0.017 0.114
164 L 0.129 0.02 0.016 0.017 0.029 0.014 0.02 0.028 0.01 0.082 0.228 0.024 0.046 0.105 0.014 0.043 0.072 0.006 0.023 0.074
165 G 0.084 0.021 0.056 0.029 0.009 0.017 0.025 0.455 0.012 0.017 0.025 0.029 0.008 0.013 0.016 0.115 0.032 0.004 0.01 0.023
166 I 0.057 0.016 0.012 0.014 0.012 0.011 0.016 0.019 0.008 0.242 0.174 0.019 0.026 0.076 0.047 0.023 0.03 0.005 0.02 0.174
167 P 0.094 0.024 0.028 0.028 0.011 0.019 0.031 0.083 0.011 0.022 0.031 0.034 0.01 0.013 0.275 0.171 0.069 0.003 0.011 0.03
168 F 0.054 0.016 0.015 0.043 0.009 0.011 0.019 0.022 0.013 0.105 0.116 0.018 0.02 0.334 0.01 0.028 0.026 0.014 0.071 0.055
169 I 0.041 0.018 0.013 0.014 0.012 0.014 0.017 0.019 0.01 0.172 0.137 0.021 0.142 0.132 0.011 0.023 0.029 0.007 0.026 0.145
170 I 0.048 0.048 0.016 0.017 0.011 0.037 0.023 0.021 0.009 0.324 0.101 0.051 0.024 0.028 0.013 0.046 0.032 0.004 0.015 0.132
171 D 0.051 0.025 0.097 0.417 0.006 0.025 0.1 0.037 0.015 0.018 0.023 0.036 0.008 0.012 0.017 0.049 0.031 0.003 0.009 0.021
172 F 0.029 0.015 0.012 0.013 0.01 0.009 0.015 0.018 0.011 0.113 0.172 0.016 0.033 0.352 0.009 0.019 0.022 0.01 0.047 0.075
173 A 0.279 0.021 0.018 0.019 0.014 0.016 0.025 0.064 0.01 0.096 0.126 0.028 0.019 0.022 0.018 0.063 0.035 0.004 0.014 0.109
174 L 0.032 0.017 0.011 0.012 0.011 0.012 0.015 0.017 0.01 0.1 0.404 0.018 0.032 0.127 0.01 0.019 0.026 0.007 0.051 0.068
175 S 0.082 0.028 0.062 0.036 0.012 0.023 0.036 0.131 0.014 0.021 0.03 0.038 0.011 0.015 0.021 0.341 0.054 0.004 0.012 0.029
176 T 0.055 0.024 0.027 0.024 0.014 0.018 0.026 0.029 0.009 0.063 0.062 0.03 0.017 0.02 0.018 0.062 0.32 0.004 0.014 0.164
177 N 0.032 0.034 0.329 0.05 0.006 0.026 0.038 0.041 0.201 0.017 0.025 0.038 0.009 0.017 0.015 0.045 0.031 0.004 0.023 0.019
178 A 0.222 0.023 0.023 0.023 0.014 0.018 0.027 0.04 0.01 0.088 0.063 0.031 0.036 0.02 0.019 0.079 0.148 0.004 0.014 0.097
179 S 0.112 0.041 0.055 0.05 0.018 0.034 0.053 0.068 0.02 0.03 0.043 0.055 0.016 0.021 0.03 0.204 0.084 0.005 0.018 0.043
180 A 0.276 0.032 0.026 0.03 0.022 0.026 0.041 0.08 0.015 0.044 0.061 0.045 0.018 0.022 0.03 0.087 0.051 0.006 0.018 0.07
181 V 0.072 0.019 0.034 0.04 0.013 0.015 0.029 0.024 0.009 0.107 0.122 0.024 0.05 0.027 0.019 0.05 0.036 0.004 0.02 0.285
182 L 0.044 0.026 0.017 0.017 0.014 0.018 0.023 0.023 0.023 0.093 0.267 0.028 0.04 0.081 0.015 0.027 0.032 0.014 0.117 0.081
183 F 0.034 0.019 0.017 0.017 0.011 0.011 0.019 0.026 0.017 0.064 0.116 0.019 0.026 0.377 0.011 0.026 0.026 0.017 0.09 0.056
184 L 0.034 0.021 0.017 0.049 0.01 0.018 0.071 0.02 0.012 0.061 0.273 0.026 0.088 0.094 0.046 0.025 0.025 0.007 0.048 0.055
185 G 0.071 0.073 0.038 0.032 0.01 0.023 0.029 0.449 0.015 0.019 0.03 0.046 0.01 0.016 0.019 0.049 0.03 0.005 0.012 0.025
186 G 0.076 0.022 0.038 0.033 0.011 0.018 0.025 0.522 0.013 0.018 0.028 0.033 0.009 0.016 0.018 0.05 0.029 0.005 0.011 0.024
187 H 0.047 0.051 0.061 0.054 0.008 0.083 0.127 0.038 0.199 0.023 0.038 0.061 0.015 0.023 0.021 0.048 0.032 0.006 0.037 0.027
188 L 0.042 0.023 0.014 0.015 0.015 0.015 0.02 0.021 0.011 0.108 0.363 0.024 0.046 0.088 0.014 0.024 0.032 0.008 0.028 0.09
189 P 0.048 0.022 0.049 0.087 0.008 0.019 0.06 0.03 0.012 0.019 0.027 0.034 0.008 0.01 0.454 0.05 0.029 0.002 0.01 0.023
190 A 0.345 0.029 0.025 0.057 0.017 0.023 0.039 0.064 0.013 0.036 0.049 0.047 0.015 0.018 0.025 0.071 0.05 0.005 0.015 0.056
191 R 0.036 0.35 0.028 0.024 0.009 0.04 0.039 0.026 0.017 0.022 0.039 0.137 0.012 0.047 0.015 0.035 0.049 0.006 0.043 0.027
192 F 0.026 0.015 0.013 0.013 0.008 0.008 0.015 0.019 0.014 0.046 0.083 0.015 0.019 0.518 0.008 0.019 0.019 0.013 0.09 0.041
193 Y 0.032 0.049 0.018 0.016 0.008 0.028 0.023 0.02 0.055 0.073 0.084 0.028 0.016 0.084 0.012 0.025 0.03 0.016 0.338 0.045
194 G 0.051 0.024 0.07 0.087 0.008 0.033 0.03 0.422 0.014 0.04 0.028 0.053 0.009 0.013 0.015 0.039 0.025 0.004 0.01 0.025
195 S 0.082 0.03 0.04 0.036 0.013 0.025 0.039 0.049 0.014 0.022 0.031 0.04 0.012 0.016 0.022 0.418 0.061 0.004 0.013 0.031
196 E 0.041 0.037 0.03 0.067 0.006 0.048 0.475 0.026 0.019 0.016 0.027 0.056 0.01 0.012 0.019 0.041 0.027 0.004 0.012 0.023
197 Q 0.042 0.055 0.033 0.035 0.007 0.414 0.077 0.031 0.022 0.02 0.035 0.068 0.015 0.011 0.018 0.042 0.031 0.004 0.015 0.026
198 E 0.09 0.034 0.029 0.06 0.007 0.043 0.4 0.064 0.018 0.018 0.029 0.052 0.01 0.013 0.019 0.044 0.028 0.004 0.012 0.026
199 Y 0.03 0.021 0.016 0.014 0.007 0.016 0.021 0.019 0.035 0.033 0.051 0.023 0.014 0.098 0.012 0.023 0.021 0.021 0.491 0.035
200 R 0.033 0.511 0.029 0.023 0.006 0.036 0.039 0.025 0.017 0.017 0.035 0.09 0.012 0.013 0.014 0.033 0.026 0.004 0.013 0.023
201 L 0.033 0.018 0.011 0.011 0.012 0.012 0.015 0.016 0.008 0.086 0.534 0.019 0.037 0.041 0.011 0.018 0.025 0.005 0.017 0.072
202 Y 0.03 0.02 0.016 0.014 0.007 0.015 0.02 0.019 0.032 0.034 0.055 0.022 0.015 0.147 0.011 0.023 0.021 0.02 0.444 0.036
203 N 0.031 0.029 0.384 0.051 0.007 0.022 0.032 0.042 0.02 0.069 0.042 0.035 0.012 0.074 0.014 0.045 0.034 0.005 0.018 0.035
204 F 0.031 0.015 0.011 0.013 0.011 0.01 0.014 0.017 0.009 0.209 0.216 0.017 0.027 0.217 0.01 0.019 0.025 0.008 0.034 0.089
205 T 0.056 0.027 0.033 0.028 0.013 0.021 0.03 0.033 0.011 0.039 0.048 0.034 0.015 0.018 0.021 0.089 0.417 0.004 0.013 0.052
206 S 0.11 0.029 0.039 0.035 0.013 0.024 0.038 0.05 0.014 0.023 0.032 0.04 0.012 0.016 0.022 0.393 0.059 0.004 0.013 0.033
207 S 0.112 0.028 0.036 0.033 0.013 0.023 0.036 0.046 0.013 0.029 0.043 0.038 0.04 0.017 0.021 0.317 0.097 0.004 0.013 0.038
208 A 0.352 0.023 0.023 0.024 0.015 0.019 0.029 0.139 0.011 0.032 0.041 0.032 0.012 0.016 0.021 0.098 0.038 0.004 0.012 0.059
209 F 0.025 0.014 0.013 0.013 0.008 0.008 0.014 0.019 0.013 0.047 0.085 0.014 0.019 0.542 0.008 0.019 0.019 0.013 0.066 0.041
210 F 0.025 0.014 0.013 0.013 0.008 0.008 0.014 0.019 0.013 0.047 0.085 0.014 0.019 0.542 0.008 0.019 0.019 0.013 0.066 0.041
211 Q 0.042 0.052 0.032 0.034 0.007 0.384 0.073 0.03 0.021 0.02 0.035 0.065 0.015 0.011 0.062 0.041 0.03 0.004 0.015 0.026
212 L 0.033 0.018 0.011 0.011 0.012 0.012 0.015 0.016 0.008 0.084 0.509 0.019 0.036 0.069 0.01 0.018 0.025 0.006 0.019 0.07
213 S 0.082 0.03 0.04 0.036 0.013 0.025 0.039 0.049 0.014 0.022 0.031 0.04 0.012 0.016 0.022 0.418 0.061 0.004 0.013 0.031
214 L 0.175 0.019 0.013 0.015 0.013 0.014 0.02 0.03 0.008 0.135 0.296 0.023 0.027 0.031 0.014 0.033 0.03 0.005 0.015 0.083
215 F 0.025 0.014 0.013 0.013 0.008 0.008 0.014 0.019 0.013 0.047 0.085 0.014 0.019 0.542 0.008 0.019 0.019 0.013 0.066 0.041
216 Y 0.029 0.02 0.015 0.014 0.007 0.015 0.02 0.019 0.03 0.037 0.081 0.022 0.016 0.141 0.011 0.022 0.021 0.052 0.393 0.037
217 L 0.059 0.017 0.015 0.015 0.012 0.013 0.017 0.155 0.008 0.103 0.276 0.021 0.031 0.03 0.012 0.026 0.028 0.005 0.014 0.143
218 M 0.038 0.019 0.013 0.014 0.011 0.015 0.018 0.019 0.01 0.092 0.139 0.021 0.174 0.167 0.011 0.024 0.028 0.007 0.03 0.148
219 L 0.035 0.018 0.011 0.012 0.012 0.012 0.015 0.016 0.007 0.09 0.485 0.019 0.036 0.039 0.011 0.019 0.026 0.005 0.017 0.114
220 L 0.031 0.017 0.011 0.012 0.012 0.011 0.015 0.017 0.009 0.075 0.394 0.018 0.039 0.186 0.01 0.019 0.023 0.007 0.031 0.063
221 H 0.031 0.034 0.165 0.038 0.006 0.028 0.039 0.034 0.381 0.017 0.027 0.036 0.011 0.02 0.014 0.037 0.025 0.005 0.034 0.018
222 F 0.026 0.014 0.012 0.013 0.008 0.008 0.014 0.019 0.012 0.049 0.11 0.014 0.02 0.515 0.008 0.019 0.019 0.012 0.064 0.043
223 L 0.057 0.018 0.012 0.013 0.012 0.013 0.016 0.019 0.009 0.12 0.368 0.02 0.068 0.094 0.011 0.022 0.026 0.006 0.022 0.074
224 L 0.035 0.018 0.011 0.012 0.012 0.013 0.016 0.016 0.008 0.088 0.488 0.019 0.055 0.04 0.011 0.019 0.026 0.005 0.017 0.093
225 A 0.441 0.024 0.045 0.024 0.016 0.019 0.031 0.058 0.012 0.031 0.043 0.034 0.013 0.016 0.022 0.066 0.037 0.004 0.013 0.05
226 Y 0.031 0.02 0.015 0.014 0.008 0.017 0.02 0.018 0.029 0.065 0.136 0.022 0.019 0.084 0.011 0.022 0.022 0.017 0.381 0.048
227 Y 0.041 0.028 0.022 0.019 0.009 0.022 0.028 0.025 0.047 0.044 0.069 0.031 0.019 0.131 0.016 0.031 0.028 0.028 0.317 0.047
228 N 0.042 0.037 0.34 0.086 0.007 0.027 0.039 0.054 0.046 0.021 0.053 0.085 0.01 0.015 0.016 0.047 0.034 0.004 0.013 0.024
229 A 0.193 0.061 0.041 0.082 0.01 0.043 0.174 0.04 0.022 0.025 0.035 0.087 0.011 0.014 0.02 0.049 0.038 0.004 0.013 0.039
230 K 0.051 0.079 0.062 0.033 0.007 0.064 0.053 0.034 0.017 0.021 0.032 0.389 0.012 0.012 0.02 0.042 0.031 0.004 0.013 0.025
231 H 0.039 0.038 0.053 0.03 0.008 0.045 0.054 0.032 0.191 0.025 0.038 0.092 0.013 0.034 0.016 0.042 0.101 0.008 0.115 0.029
232 N 0.046 0.037 0.346 0.064 0.008 0.042 0.054 0.044 0.022 0.024 0.03 0.071 0.01 0.014 0.016 0.073 0.037 0.004 0.012 0.046
233 N 0.043 0.046 0.306 0.084 0.009 0.034 0.05 0.066 0.032 0.023 0.032 0.055 0.011 0.018 0.021 0.071 0.05 0.005 0.016 0.027
234 G 0.079 0.023 0.04 0.034 0.011 0.019 0.026 0.503 0.014 0.019 0.029 0.034 0.01 0.016 0.019 0.052 0.03 0.005 0.011 0.025
235 T 0.074 0.036 0.044 0.038 0.018 0.028 0.04 0.044 0.014 0.054 0.066 0.046 0.02 0.024 0.028 0.094 0.235 0.006 0.018 0.072
236 N 0.054 0.051 0.182 0.041 0.009 0.073 0.043 0.042 0.018 0.025 0.036 0.123 0.012 0.014 0.027 0.094 0.108 0.004 0.013 0.033
237 I 0.038 0.019 0.012 0.014 0.012 0.013 0.017 0.017 0.008 0.273 0.217 0.044 0.051 0.033 0.012 0.021 0.029 0.005 0.016 0.149
238 S 0.059 0.029 0.095 0.034 0.01 0.03 0.035 0.106 0.104 0.021 0.03 0.038 0.011 0.016 0.09 0.162 0.083 0.004 0.017 0.027
239 S 0.108 0.024 0.029 0.027 0.012 0.019 0.035 0.117 0.012 0.033 0.115 0.032 0.015 0.018 0.115 0.174 0.058 0.004 0.012 0.038
240 I 0.039 0.016 0.012 0.013 0.012 0.011 0.015 0.017 0.008 0.259 0.193 0.019 0.027 0.041 0.011 0.02 0.03 0.019 0.043 0.195
241 F 0.054 0.017 0.014 0.013 0.009 0.012 0.017 0.021 0.017 0.078 0.135 0.019 0.02 0.279 0.01 0.023 0.022 0.025 0.165 0.05
242 L 0.041 0.016 0.012 0.013 0.013 0.012 0.016 0.017 0.007 0.185 0.258 0.019 0.028 0.032 0.047 0.021 0.03 0.004 0.016 0.211
243 F 0.028 0.015 0.012 0.012 0.009 0.009 0.014 0.018 0.011 0.1 0.177 0.015 0.023 0.388 0.009 0.019 0.021 0.01 0.051 0.057
244 L 0.082 0.019 0.012 0.013 0.012 0.013 0.017 0.021 0.008 0.078 0.439 0.021 0.052 0.058 0.012 0.024 0.026 0.005 0.018 0.068
245 I 0.036 0.016 0.012 0.013 0.046 0.012 0.015 0.017 0.008 0.285 0.227 0.019 0.079 0.034 0.011 0.02 0.028 0.005 0.016 0.103
246 L 0.081 0.018 0.012 0.013 0.012 0.012 0.017 0.021 0.008 0.076 0.43 0.02 0.032 0.094 0.012 0.023 0.026 0.006 0.022 0.066
247 F 0.045 0.014 0.012 0.013 0.215 0.009 0.014 0.021 0.009 0.074 0.076 0.016 0.018 0.263 0.01 0.024 0.025 0.008 0.037 0.097
248 I 0.038 0.013 0.011 0.013 0.146 0.01 0.013 0.017 0.006 0.357 0.108 0.017 0.024 0.029 0.011 0.021 0.029 0.004 0.014 0.116
249 G 0.058 0.017 0.029 0.025 0.008 0.014 0.019 0.634 0.01 0.014 0.021 0.025 0.007 0.012 0.014 0.038 0.022 0.004 0.008 0.018
250 L 0.061 0.018 0.012 0.013 0.013 0.013 0.017 0.019 0.008 0.112 0.392 0.02 0.052 0.036 0.012 0.022 0.031 0.005 0.016 0.129
251 I 0.034 0.014 0.011 0.013 0.012 0.01 0.014 0.016 0.008 0.385 0.123 0.018 0.046 0.09 0.011 0.019 0.029 0.005 0.021 0.122
252 S 0.095 0.03 0.04 0.036 0.013 0.025 0.039 0.05 0.014 0.022 0.032 0.04 0.012 0.016 0.022 0.406 0.06 0.004 0.013 0.032
253 G 0.058 0.017 0.029 0.025 0.008 0.014 0.019 0.634 0.01 0.014 0.021 0.025 0.007 0.012 0.014 0.038 0.022 0.004 0.008 0.018
254 R 0.033 0.511 0.029 0.023 0.006 0.036 0.039 0.025 0.017 0.017 0.035 0.09 0.012 0.013 0.014 0.033 0.026 0.004 0.013 0.023
255 T 0.06 0.027 0.033 0.029 0.013 0.021 0.031 0.035 0.011 0.041 0.056 0.034 0.015 0.018 0.02 0.143 0.324 0.004 0.013 0.071
256 F 0.025 0.014 0.013 0.013 0.008 0.008 0.014 0.019 0.013 0.047 0.085 0.014 0.019 0.542 0.008 0.019 0.019 0.013 0.066 0.041
257 L 0.031 0.017 0.012 0.012 0.011 0.011 0.015 0.017 0.009 0.093 0.344 0.018 0.049 0.203 0.01 0.019 0.024 0.008 0.033 0.065
258 L 0.062 0.019 0.014 0.015 0.012 0.014 0.018 0.021 0.009 0.148 0.237 0.022 0.096 0.064 0.013 0.028 0.068 0.005 0.019 0.114
259 L 0.03 0.016 0.012 0.012 0.01 0.01 0.015 0.017 0.01 0.09 0.317 0.017 0.03 0.256 0.009 0.019 0.023 0.008 0.038 0.062
260 S 0.168 0.028 0.036 0.033 0.014 0.024 0.037 0.051 0.014 0.024 0.034 0.039 0.012 0.016 0.022 0.339 0.056 0.004 0.013 0.036
261 V 0.137 0.017 0.013 0.015 0.014 0.013 0.019 0.026 0.008 0.167 0.158 0.022 0.024 0.028 0.014 0.031 0.035 0.004 0.015 0.238
262 I 0.04 0.015 0.011 0.013 0.013 0.011 0.015 0.017 0.007 0.268 0.186 0.018 0.028 0.056 0.011 0.02 0.031 0.005 0.018 0.218
263 S 0.08 0.03 0.04 0.036 0.013 0.025 0.039 0.049 0.014 0.023 0.032 0.04 0.012 0.016 0.022 0.398 0.082 0.004 0.013 0.032
264 I 0.038 0.014 0.011 0.013 0.024 0.01 0.014 0.016 0.007 0.338 0.147 0.018 0.027 0.051 0.011 0.02 0.03 0.005 0.017 0.188
265 L 0.127 0.018 0.013 0.014 0.013 0.013 0.018 0.025 0.008 0.121 0.283 0.022 0.037 0.064 0.013 0.029 0.03 0.005 0.019 0.125
266 L 0.059 0.016 0.012 0.013 0.012 0.011 0.016 0.019 0.009 0.156 0.235 0.018 0.027 0.161 0.011 0.022 0.027 0.007 0.028 0.141
267 Y 0.033 0.021 0.018 0.015 0.007 0.017 0.022 0.02 0.034 0.032 0.05 0.024 0.014 0.093 0.012 0.045 0.023 0.02 0.464 0.035
268 G 0.078 0.023 0.039 0.034 0.011 0.019 0.026 0.509 0.014 0.019 0.028 0.034 0.009 0.016 0.019 0.051 0.03 0.005 0.011 0.024
269 F 0.026 0.014 0.012 0.013 0.008 0.008 0.014 0.019 0.012 0.072 0.112 0.015 0.02 0.486 0.008 0.019 0.02 0.012 0.061 0.048
270 K 0.039 0.142 0.108 0.035 0.006 0.037 0.048 0.034 0.017 0.019 0.031 0.33 0.011 0.012 0.019 0.041 0.03 0.004 0.013 0.024
271 W 0.028 0.046 0.012 0.013 0.008 0.013 0.017 0.02 0.01 0.11 0.125 0.022 0.018 0.068 0.008 0.019 0.022 0.34 0.038 0.064
272 R 0.036 0.367 0.03 0.035 0.006 0.039 0.044 0.027 0.024 0.018 0.034 0.197 0.011 0.013 0.016 0.035 0.027 0.004 0.013 0.023
273 Y 0.032 0.021 0.017 0.015 0.008 0.016 0.021 0.019 0.032 0.036 0.078 0.024 0.015 0.09 0.012 0.026 0.044 0.019 0.438 0.038
274 L 0.038 0.016 0.011 0.013 0.021 0.011 0.015 0.016 0.007 0.235 0.272 0.019 0.03 0.035 0.011 0.02 0.029 0.005 0.022 0.174
275 P 0.041 0.019 0.03 0.023 0.008 0.015 0.025 0.026 0.01 0.071 0.058 0.029 0.011 0.014 0.504 0.032 0.034 0.002 0.011 0.038
276 A 0.175 0.021 0.018 0.019 0.013 0.017 0.024 0.034 0.014 0.077 0.087 0.027 0.017 0.036 0.042 0.066 0.061 0.008 0.107 0.136
277 L 0.038 0.019 0.014 0.014 0.012 0.014 0.018 0.019 0.011 0.115 0.364 0.021 0.03 0.044 0.012 0.044 0.05 0.007 0.069 0.086
278 L 0.069 0.017 0.013 0.014 0.012 0.012 0.017 0.027 0.008 0.189 0.272 0.02 0.029 0.084 0.012 0.045 0.029 0.005 0.021 0.103
279 L 0.108 0.018 0.013 0.014 0.013 0.013 0.018 0.025 0.008 0.125 0.344 0.022 0.03 0.034 0.013 0.035 0.033 0.005 0.016 0.113
280 F 0.077 0.015 0.013 0.014 0.009 0.01 0.016 0.023 0.012 0.073 0.084 0.017 0.019 0.427 0.01 0.024 0.023 0.011 0.055 0.07
281 A 0.192 0.02 0.02 0.02 0.013 0.016 0.023 0.136 0.009 0.11 0.122 0.027 0.018 0.023 0.017 0.07 0.048 0.004 0.013 0.097
282 A 0.221 0.02 0.019 0.02 0.013 0.016 0.023 0.118 0.01 0.095 0.1 0.027 0.018 0.05 0.017 0.063 0.037 0.005 0.016 0.113
283 L 0.053 0.017 0.014 0.015 0.012 0.012 0.017 0.054 0.008 0.229 0.238 0.021 0.029 0.032 0.012 0.044 0.035 0.005 0.015 0.139
284 C 0.046 0.015 0.012 0.013 0.219 0.011 0.015 0.02 0.006 0.141 0.138 0.018 0.022 0.025 0.012 0.025 0.031 0.004 0.013 0.215
285 L 0.037 0.018 0.013 0.013 0.012 0.013 0.017 0.018 0.009 0.122 0.407 0.02 0.032 0.05 0.011 0.041 0.028 0.006 0.044 0.09
286 F 0.042 0.017 0.016 0.015 0.009 0.012 0.017 0.092 0.014 0.055 0.129 0.019 0.039 0.298 0.01 0.034 0.023 0.011 0.102 0.046
287 L 0.031 0.016 0.011 0.012 0.011 0.011 0.015 0.017 0.009 0.116 0.36 0.017 0.031 0.184 0.01 0.018 0.024 0.007 0.031 0.07
288 A 0.387 0.023 0.019 0.021 0.016 0.018 0.028 0.051 0.01 0.043 0.076 0.031 0.015 0.018 0.021 0.061 0.059 0.004 0.013 0.084
289 F 0.034 0.019 0.015 0.015 0.01 0.014 0.018 0.019 0.019 0.146 0.11 0.032 0.042 0.17 0.011 0.024 0.048 0.011 0.151 0.093
290 N 0.032 0.04 0.238 0.039 0.007 0.043 0.033 0.035 0.048 0.028 0.045 0.057 0.013 0.156 0.013 0.038 0.029 0.007 0.063 0.036
291 F 0.032 0.016 0.013 0.013 0.009 0.01 0.016 0.019 0.024 0.053 0.147 0.017 0.024 0.373 0.009 0.02 0.021 0.012 0.12 0.049
292 P 0.126 0.027 0.05 0.031 0.01 0.07 0.037 0.038 0.013 0.023 0.033 0.038 0.011 0.013 0.274 0.101 0.058 0.003 0.012 0.031
293 E 0.041 0.033 0.047 0.23 0.006 0.054 0.241 0.052 0.017 0.018 0.027 0.063 0.009 0.012 0.018 0.049 0.045 0.004 0.012 0.023
294 N 0.033 0.034 0.263 0.045 0.006 0.027 0.038 0.039 0.263 0.017 0.026 0.037 0.01 0.018 0.015 0.049 0.029 0.004 0.027 0.019
295 K 0.041 0.083 0.024 0.025 0.008 0.029 0.039 0.027 0.013 0.079 0.055 0.256 0.014 0.015 0.15 0.034 0.029 0.004 0.013 0.062
296 Y 0.03 0.02 0.016 0.014 0.007 0.015 0.02 0.019 0.032 0.034 0.055 0.022 0.015 0.147 0.011 0.023 0.021 0.02 0.444 0.036
297 V 0.049 0.016 0.012 0.013 0.014 0.012 0.016 0.018 0.006 0.194 0.103 0.019 0.024 0.028 0.012 0.023 0.035 0.004 0.015 0.386
298 A 0.242 0.081 0.023 0.031 0.011 0.041 0.125 0.06 0.016 0.027 0.05 0.044 0.013 0.024 0.019 0.049 0.031 0.006 0.066 0.039
299 H 0.031 0.034 0.04 0.029 0.006 0.029 0.04 0.029 0.519 0.017 0.029 0.034 0.011 0.023 0.014 0.031 0.02 0.006 0.043 0.017
300 A 0.47 0.023 0.019 0.022 0.016 0.019 0.03 0.058 0.011 0.032 0.044 0.033 0.013 0.016 0.022 0.063 0.037 0.004 0.013 0.051
301 L 0.033 0.018 0.011 0.012 0.012 0.013 0.015 0.016 0.008 0.085 0.509 0.019 0.056 0.045 0.011 0.019 0.025 0.005 0.017 0.071
302 E 0.041 0.037 0.03 0.067 0.006 0.048 0.475 0.026 0.019 0.016 0.027 0.056 0.01 0.012 0.019 0.041 0.027 0.004 0.012 0.023
303 P 0.042 0.019 0.017 0.023 0.008 0.015 0.027 0.027 0.01 0.029 0.029 0.031 0.008 0.01 0.608 0.032 0.027 0.002 0.01 0.026
304 L 0.042 0.017 0.011 0.012 0.013 0.012 0.016 0.017 0.007 0.127 0.311 0.019 0.03 0.034 0.011 0.021 0.031 0.005 0.016 0.247
305 I 0.036 0.014 0.011 0.013 0.012 0.01 0.013 0.015 0.007 0.426 0.147 0.018 0.028 0.033 0.011 0.019 0.03 0.004 0.015 0.137
306 N 0.032 0.035 0.465 0.061 0.007 0.047 0.039 0.048 0.023 0.017 0.024 0.042 0.009 0.013 0.015 0.051 0.037 0.003 0.012 0.02
307 L 0.033 0.017 0.012 0.012 0.011 0.012 0.015 0.017 0.011 0.111 0.347 0.018 0.03 0.129 0.01 0.019 0.024 0.008 0.077 0.085
308 L 0.035 0.015 0.011 0.012 0.012 0.011 0.014 0.016 0.007 0.25 0.275 0.018 0.03 0.084 0.011 0.019 0.027 0.006 0.021 0.125
309 N 0.046 0.031 0.145 0.036 0.008 0.047 0.036 0.073 0.101 0.022 0.033 0.046 0.011 0.033 0.016 0.13 0.035 0.008 0.116 0.026
310 G 0.047 0.024 0.095 0.059 0.008 0.029 0.029 0.342 0.078 0.028 0.028 0.03 0.009 0.019 0.015 0.04 0.049 0.005 0.04 0.024
311 G 0.106 0.042 0.03 0.028 0.009 0.075 0.042 0.183 0.016 0.023 0.034 0.152 0.012 0.021 0.018 0.056 0.061 0.006 0.056 0.03
312 D 0.041 0.03 0.069 0.401 0.007 0.03 0.091 0.046 0.019 0.022 0.028 0.045 0.009 0.015 0.022 0.052 0.035 0.004 0.011 0.024
313 V 0.057 0.026 0.018 0.019 0.017 0.021 0.024 0.025 0.012 0.157 0.167 0.03 0.094 0.043 0.016 0.033 0.043 0.007 0.022 0.171
314 G 0.064 0.051 0.034 0.079 0.008 0.033 0.094 0.35 0.013 0.018 0.026 0.037 0.009 0.013 0.016 0.06 0.059 0.004 0.01 0.024
315 N 0.052 0.118 0.144 0.048 0.012 0.032 0.042 0.043 0.022 0.069 0.068 0.063 0.019 0.024 0.019 0.051 0.046 0.005 0.018 0.106
316 S 0.096 0.036 0.046 0.044 0.016 0.03 0.048 0.058 0.018 0.029 0.04 0.051 0.014 0.019 0.155 0.172 0.07 0.005 0.016 0.039
317 S 0.11 0.04 0.054 0.049 0.018 0.033 0.053 0.067 0.019 0.03 0.042 0.054 0.016 0.021 0.03 0.217 0.082 0.005 0.018 0.042
318 S 0.11 0.04 0.054 0.049 0.018 0.033 0.053 0.067 0.019 0.03 0.042 0.054 0.016 0.021 0.03 0.217 0.082 0.005 0.018 0.042
319 A 0.288 0.031 0.026 0.03 0.022 0.026 0.041 0.079 0.015 0.043 0.06 0.045 0.018 0.022 0.03 0.085 0.05 0.005 0.018 0.069
