#Seq2Logo.py -f /work3/idamei/ssn-clusterings/clustering/2205111339/clusters/0014_12/sequences.afa -o /work3/idamei/ssn-clusterings/clustering/2205111339/clusters/0014_12/sequences.logo
#Position Specific Frequency Matrix
A R N D C Q E G H I L K M F P S T W Y V
0 L 0.052 0.032 0.02 0.02 0.016 0.028 0.028 0.028 0.016 0.1 0.197 0.036 0.161 0.048 0.016 0.036 0.04 0.008 0.024 0.092
1 N 0.043 0.045 0.317 0.083 0.009 0.034 0.049 0.065 0.032 0.022 0.032 0.054 0.011 0.018 0.02 0.07 0.049 0.004 0.016 0.027
2 D 0.041 0.03 0.069 0.397 0.008 0.03 0.091 0.047 0.019 0.022 0.028 0.045 0.009 0.015 0.022 0.052 0.035 0.004 0.011 0.024
3 Y 0.04 0.028 0.022 0.019 0.009 0.022 0.028 0.025 0.047 0.044 0.068 0.031 0.019 0.131 0.016 0.031 0.028 0.028 0.318 0.047
4 K 0.057 0.107 0.042 0.042 0.009 0.054 0.071 0.043 0.021 0.028 0.043 0.278 0.016 0.016 0.028 0.054 0.04 0.005 0.017 0.033
5 N 0.043 0.045 0.317 0.083 0.009 0.034 0.049 0.065 0.032 0.022 0.032 0.054 0.011 0.018 0.02 0.07 0.049 0.004 0.016 0.027
6 T 0.073 0.036 0.043 0.038 0.018 0.028 0.039 0.043 0.014 0.053 0.065 0.045 0.02 0.024 0.028 0.093 0.246 0.006 0.018 0.071
7 M 0.05 0.031 0.019 0.019 0.015 0.027 0.027 0.027 0.015 0.096 0.188 0.034 0.199 0.046 0.015 0.034 0.038 0.008 0.023 0.088
8 I 0.058 0.025 0.042 0.027 0.068 0.019 0.027 0.032 0.011 0.152 0.104 0.032 0.025 0.031 0.019 0.053 0.127 0.005 0.018 0.126
9 L 0.053 0.039 0.027 0.032 0.013 0.039 0.066 0.031 0.02 0.085 0.172 0.067 0.028 0.048 0.019 0.06 0.051 0.009 0.071 0.07
10 G 0.078 0.023 0.039 0.034 0.011 0.019 0.026 0.51 0.014 0.019 0.028 0.034 0.009 0.016 0.019 0.051 0.03 0.005 0.011 0.024
11 G 0.078 0.023 0.039 0.034 0.011 0.019 0.026 0.51 0.014 0.019 0.028 0.034 0.009 0.016 0.019 0.051 0.03 0.005 0.011 0.024
12 L 0.051 0.021 0.015 0.016 0.042 0.015 0.02 0.022 0.01 0.137 0.24 0.023 0.037 0.082 0.014 0.027 0.037 0.007 0.027 0.159
13 L 0.041 0.019 0.015 0.016 0.014 0.013 0.018 0.021 0.011 0.188 0.211 0.022 0.036 0.142 0.013 0.024 0.033 0.009 0.037 0.118
14 L 0.05 0.021 0.017 0.018 0.016 0.016 0.021 0.023 0.009 0.192 0.221 0.026 0.037 0.042 0.016 0.032 0.063 0.006 0.02 0.155
15 I 0.05 0.02 0.015 0.017 0.016 0.015 0.02 0.022 0.01 0.216 0.149 0.024 0.05 0.08 0.014 0.027 0.039 0.007 0.027 0.183
16 L 0.064 0.026 0.025 0.024 0.079 0.02 0.029 0.036 0.015 0.071 0.153 0.031 0.026 0.043 0.018 0.086 0.046 0.074 0.046 0.089
17 C 0.056 0.019 0.016 0.017 0.248 0.014 0.019 0.027 0.009 0.11 0.156 0.023 0.027 0.032 0.016 0.035 0.049 0.005 0.016 0.107
18 V 0.058 0.023 0.02 0.02 0.017 0.017 0.024 0.026 0.01 0.167 0.173 0.028 0.033 0.039 0.017 0.039 0.082 0.006 0.02 0.18
19 L 0.051 0.021 0.015 0.016 0.016 0.015 0.02 0.022 0.01 0.143 0.243 0.024 0.037 0.083 0.014 0.027 0.038 0.007 0.027 0.172
20 L 0.043 0.022 0.015 0.015 0.066 0.015 0.019 0.023 0.011 0.092 0.293 0.023 0.047 0.124 0.013 0.026 0.031 0.009 0.034 0.08
21 L 0.075 0.024 0.018 0.018 0.016 0.017 0.023 0.029 0.011 0.097 0.278 0.027 0.037 0.081 0.016 0.036 0.059 0.007 0.027 0.104
22 L 0.073 0.021 0.016 0.018 0.015 0.015 0.022 0.027 0.014 0.135 0.172 0.025 0.031 0.123 0.015 0.032 0.036 0.01 0.066 0.134
23 L 0.08 0.022 0.021 0.021 0.015 0.017 0.023 0.129 0.012 0.122 0.166 0.028 0.045 0.074 0.016 0.036 0.035 0.007 0.025 0.108
24 G 0.09 0.03 0.044 0.039 0.014 0.025 0.037 0.298 0.016 0.023 0.034 0.042 0.012 0.018 0.023 0.152 0.053 0.005 0.014 0.032
25 L 0.044 0.023 0.017 0.017 0.013 0.016 0.021 0.073 0.014 0.086 0.297 0.025 0.037 0.056 0.014 0.026 0.03 0.059 0.057 0.074
26 L 0.077 0.024 0.021 0.021 0.015 0.018 0.024 0.079 0.014 0.12 0.215 0.029 0.032 0.048 0.017 0.039 0.059 0.008 0.052 0.091
27 F 0.053 0.021 0.019 0.019 0.112 0.014 0.022 0.029 0.012 0.078 0.125 0.024 0.025 0.184 0.015 0.052 0.037 0.009 0.044 0.105
28 S 0.148 0.037 0.046 0.043 0.017 0.03 0.048 0.066 0.017 0.031 0.043 0.05 0.015 0.02 0.028 0.22 0.072 0.005 0.017 0.045
29 K 0.048 0.205 0.069 0.04 0.008 0.047 0.058 0.039 0.022 0.024 0.041 0.206 0.014 0.016 0.023 0.049 0.037 0.005 0.016 0.03
30 R 0.041 0.174 0.161 0.049 0.008 0.037 0.047 0.043 0.064 0.024 0.04 0.074 0.013 0.029 0.018 0.051 0.037 0.007 0.053 0.029
31 N 0.042 0.145 0.167 0.13 0.008 0.038 0.058 0.047 0.024 0.022 0.035 0.095 0.012 0.016 0.02 0.054 0.039 0.005 0.015 0.027
32 W 0.041 0.021 0.015 0.017 0.012 0.015 0.021 0.025 0.011 0.132 0.125 0.024 0.025 0.046 0.062 0.025 0.031 0.209 0.037 0.105
33 F 0.04 0.024 0.021 0.019 0.011 0.018 0.024 0.026 0.027 0.056 0.095 0.027 0.039 0.223 0.014 0.034 0.052 0.018 0.177 0.054
34 A 0.257 0.032 0.033 0.034 0.019 0.027 0.042 0.071 0.015 0.037 0.052 0.045 0.016 0.02 0.028 0.133 0.057 0.005 0.017 0.058
35 P 0.054 0.025 0.022 0.03 0.01 0.02 0.035 0.035 0.012 0.025 0.035 0.039 0.01 0.012 0.516 0.042 0.035 0.002 0.012 0.03
36 S 0.151 0.033 0.04 0.038 0.067 0.027 0.042 0.061 0.016 0.035 0.049 0.045 0.016 0.02 0.027 0.173 0.087 0.005 0.016 0.051
37 V 0.063 0.024 0.046 0.023 0.017 0.018 0.025 0.027 0.011 0.139 0.121 0.028 0.044 0.034 0.016 0.035 0.046 0.005 0.019 0.259
38 L 0.046 0.022 0.014 0.016 0.016 0.016 0.02 0.021 0.01 0.166 0.293 0.025 0.056 0.047 0.014 0.025 0.035 0.006 0.021 0.131
39 T 0.091 0.031 0.034 0.031 0.017 0.025 0.035 0.042 0.014 0.064 0.084 0.04 0.044 0.044 0.023 0.088 0.176 0.006 0.021 0.088
40 P 0.099 0.032 0.035 0.035 0.015 0.026 0.039 0.048 0.015 0.044 0.089 0.043 0.034 0.024 0.137 0.135 0.076 0.005 0.017 0.051
41 G 0.061 0.024 0.028 0.025 0.014 0.018 0.025 0.212 0.012 0.065 0.143 0.03 0.031 0.065 0.017 0.046 0.077 0.007 0.022 0.078
42 I 0.066 0.02 0.015 0.017 0.017 0.015 0.02 0.024 0.009 0.215 0.163 0.025 0.033 0.039 0.015 0.029 0.042 0.006 0.02 0.212
43 W 0.029 0.022 0.014 0.014 0.007 0.014 0.022 0.029 0.014 0.029 0.05 0.022 0.014 0.058 0.007 0.022 0.022 0.517 0.065 0.029
44 L 0.043 0.022 0.015 0.016 0.015 0.016 0.02 0.022 0.011 0.153 0.266 0.024 0.061 0.082 0.013 0.025 0.033 0.031 0.029 0.106
45 V 0.082 0.021 0.02 0.02 0.06 0.015 0.022 0.121 0.011 0.096 0.119 0.026 0.024 0.1 0.016 0.037 0.037 0.007 0.029 0.137
46 C 0.116 0.026 0.024 0.024 0.152 0.021 0.029 0.043 0.012 0.07 0.091 0.033 0.052 0.027 0.02 0.084 0.048 0.005 0.017 0.105
47 L 0.042 0.023 0.014 0.015 0.015 0.016 0.019 0.021 0.011 0.131 0.325 0.024 0.057 0.083 0.013 0.024 0.033 0.008 0.027 0.098
48 L 0.056 0.023 0.02 0.02 0.061 0.017 0.023 0.049 0.01 0.116 0.226 0.027 0.041 0.039 0.016 0.044 0.06 0.006 0.019 0.126
49 L 0.128 0.027 0.021 0.022 0.062 0.021 0.028 0.041 0.012 0.075 0.206 0.033 0.061 0.036 0.019 0.064 0.042 0.006 0.019 0.076
50 Y 0.04 0.025 0.021 0.019 0.01 0.018 0.025 0.025 0.034 0.048 0.077 0.028 0.02 0.195 0.015 0.034 0.049 0.022 0.248 0.049
51 L 0.092 0.058 0.025 0.023 0.015 0.023 0.031 0.035 0.046 0.106 0.172 0.039 0.029 0.035 0.018 0.058 0.042 0.006 0.022 0.127
52 L 0.073 0.024 0.019 0.019 0.014 0.018 0.023 0.074 0.014 0.109 0.191 0.028 0.038 0.048 0.016 0.036 0.045 0.054 0.053 0.102
53 L 0.043 0.02 0.014 0.016 0.015 0.014 0.018 0.021 0.01 0.179 0.276 0.023 0.04 0.081 0.013 0.024 0.034 0.007 0.026 0.126
54 D 0.046 0.034 0.06 0.231 0.008 0.027 0.064 0.041 0.017 0.023 0.031 0.066 0.01 0.014 0.202 0.048 0.035 0.003 0.012 0.026
55 H 0.043 0.051 0.049 0.037 0.007 0.057 0.057 0.037 0.32 0.023 0.038 0.072 0.015 0.026 0.019 0.042 0.028 0.007 0.048 0.024
56 G 0.067 0.062 0.06 0.111 0.011 0.029 0.059 0.202 0.017 0.026 0.036 0.049 0.012 0.017 0.022 0.093 0.075 0.005 0.013 0.033
57 L 0.056 0.024 0.015 0.016 0.016 0.017 0.021 0.023 0.01 0.105 0.37 0.026 0.06 0.05 0.014 0.027 0.033 0.007 0.021 0.09
58 P 0.054 0.033 0.035 0.034 0.009 0.027 0.042 0.038 0.149 0.024 0.036 0.042 0.012 0.019 0.292 0.061 0.035 0.004 0.028 0.028
59 P 0.058 0.027 0.043 0.052 0.011 0.022 0.039 0.039 0.014 0.026 0.036 0.041 0.011 0.014 0.406 0.065 0.05 0.003 0.013 0.032
60 L 0.042 0.023 0.014 0.015 0.015 0.016 0.02 0.021 0.011 0.104 0.358 0.024 0.059 0.085 0.013 0.024 0.032 0.008 0.027 0.088
61 S 0.071 0.066 0.085 0.045 0.013 0.034 0.048 0.094 0.019 0.031 0.043 0.11 0.015 0.018 0.025 0.117 0.105 0.005 0.016 0.04
62 W 0.061 0.068 0.064 0.043 0.011 0.051 0.071 0.043 0.019 0.029 0.044 0.055 0.015 0.025 0.066 0.098 0.077 0.098 0.025 0.037
63 S 0.079 0.045 0.106 0.073 0.012 0.077 0.086 0.052 0.022 0.029 0.042 0.059 0.015 0.018 0.024 0.113 0.087 0.005 0.017 0.039
64 F 0.054 0.025 0.026 0.024 0.014 0.017 0.027 0.032 0.014 0.088 0.109 0.029 0.024 0.187 0.017 0.063 0.103 0.01 0.045 0.091
65 L 0.052 0.021 0.017 0.017 0.104 0.015 0.02 0.07 0.013 0.096 0.188 0.024 0.03 0.079 0.015 0.031 0.034 0.008 0.054 0.113
66 L 0.054 0.029 0.027 0.061 0.013 0.022 0.045 0.076 0.013 0.086 0.188 0.044 0.028 0.037 0.017 0.053 0.038 0.052 0.022 0.096
67 S 0.127 0.031 0.037 0.035 0.017 0.025 0.038 0.096 0.014 0.071 0.064 0.042 0.019 0.023 0.025 0.134 0.099 0.005 0.017 0.084
68 L 0.045 0.023 0.045 0.021 0.015 0.016 0.021 0.024 0.011 0.157 0.265 0.026 0.038 0.061 0.014 0.028 0.036 0.007 0.023 0.124
69 G 0.087 0.027 0.031 0.028 0.015 0.02 0.03 0.13 0.014 0.053 0.123 0.034 0.022 0.098 0.02 0.08 0.094 0.008 0.029 0.057
70 L 0.052 0.021 0.017 0.017 0.15 0.015 0.02 0.025 0.009 0.115 0.234 0.024 0.034 0.038 0.015 0.034 0.057 0.006 0.018 0.099
71 W 0.029 0.022 0.014 0.014 0.007 0.014 0.022 0.029 0.014 0.029 0.05 0.022 0.014 0.058 0.007 0.022 0.022 0.517 0.065 0.029
72 L 0.076 0.023 0.018 0.019 0.017 0.017 0.023 0.028 0.01 0.168 0.193 0.028 0.049 0.04 0.017 0.037 0.061 0.006 0.02 0.15
73 A 0.151 0.028 0.029 0.029 0.018 0.023 0.034 0.049 0.013 0.102 0.095 0.038 0.023 0.027 0.024 0.097 0.093 0.005 0.018 0.103
74 G 0.068 0.024 0.028 0.026 0.082 0.019 0.026 0.192 0.012 0.066 0.103 0.031 0.036 0.026 0.018 0.063 0.061 0.005 0.015 0.096
75 F 0.039 0.021 0.016 0.016 0.013 0.014 0.02 0.024 0.014 0.091 0.18 0.023 0.061 0.248 0.012 0.026 0.03 0.012 0.056 0.083
76 C 0.063 0.02 0.034 0.021 0.329 0.015 0.021 0.032 0.009 0.063 0.072 0.025 0.018 0.022 0.017 0.045 0.071 0.004 0.014 0.1
77 L 0.074 0.022 0.018 0.019 0.015 0.015 0.023 0.029 0.012 0.122 0.164 0.026 0.03 0.14 0.016 0.037 0.058 0.009 0.037 0.135
78 G 0.152 0.03 0.038 0.036 0.015 0.025 0.038 0.192 0.015 0.029 0.04 0.043 0.013 0.018 0.07 0.133 0.052 0.005 0.015 0.041
79 A 0.178 0.034 0.04 0.038 0.018 0.028 0.044 0.063 0.016 0.037 0.05 0.047 0.016 0.021 0.028 0.162 0.104 0.005 0.017 0.054
80 L 0.039 0.024 0.015 0.015 0.012 0.017 0.021 0.025 0.012 0.078 0.237 0.025 0.063 0.053 0.012 0.025 0.029 0.192 0.037 0.068
81 L 0.043 0.019 0.015 0.016 0.081 0.012 0.018 0.023 0.011 0.12 0.193 0.021 0.032 0.177 0.013 0.026 0.031 0.009 0.043 0.096
82 I 0.092 0.026 0.022 0.022 0.017 0.02 0.027 0.033 0.012 0.148 0.128 0.032 0.066 0.035 0.019 0.047 0.085 0.006 0.019 0.142
83 Q 0.053 0.068 0.042 0.049 0.008 0.235 0.119 0.039 0.028 0.025 0.044 0.085 0.019 0.014 0.023 0.053 0.039 0.006 0.019 0.033
84 S 0.099 0.039 0.079 0.05 0.016 0.032 0.05 0.063 0.019 0.028 0.039 0.052 0.015 0.02 0.027 0.24 0.075 0.005 0.017 0.039
85 L 0.072 0.021 0.016 0.017 0.06 0.014 0.021 0.028 0.011 0.11 0.188 0.024 0.031 0.141 0.015 0.032 0.035 0.009 0.037 0.121
86 R 0.048 0.153 0.033 0.029 0.01 0.035 0.043 0.033 0.027 0.034 0.054 0.111 0.016 0.052 0.02 0.048 0.077 0.012 0.123 0.042
87 F 0.042 0.021 0.017 0.017 0.012 0.015 0.021 0.023 0.023 0.131 0.122 0.024 0.026 0.157 0.014 0.027 0.031 0.016 0.155 0.106
88 K 0.061 0.118 0.054 0.04 0.01 0.043 0.058 0.044 0.02 0.026 0.04 0.201 0.014 0.016 0.07 0.087 0.045 0.005 0.016 0.032
89 P 0.08 0.037 0.054 0.034 0.012 0.045 0.043 0.04 0.015 0.05 0.054 0.067 0.016 0.018 0.247 0.048 0.04 0.004 0.015 0.083
90 L 0.063 0.034 0.037 0.068 0.014 0.045 0.045 0.039 0.049 0.094 0.129 0.042 0.025 0.03 0.021 0.1 0.069 0.006 0.021 0.071
91 G 0.074 0.046 0.044 0.054 0.011 0.085 0.121 0.164 0.022 0.024 0.038 0.063 0.014 0.017 0.024 0.098 0.047 0.005 0.016 0.033
92 L 0.05 0.023 0.019 0.019 0.014 0.017 0.023 0.026 0.017 0.107 0.183 0.027 0.031 0.124 0.015 0.047 0.037 0.012 0.092 0.117
93 K 0.057 0.073 0.046 0.113 0.009 0.041 0.065 0.138 0.018 0.024 0.036 0.191 0.013 0.015 0.024 0.052 0.036 0.005 0.014 0.029
94 D 0.05 0.059 0.054 0.224 0.008 0.037 0.075 0.092 0.019 0.024 0.033 0.142 0.012 0.015 0.024 0.052 0.036 0.004 0.013 0.027
95 N 0.051 0.035 0.115 0.075 0.012 0.025 0.039 0.083 0.017 0.105 0.085 0.061 0.036 0.027 0.018 0.045 0.041 0.005 0.017 0.108
96 E 0.063 0.102 0.041 0.123 0.009 0.063 0.159 0.037 0.021 0.036 0.046 0.069 0.015 0.018 0.022 0.051 0.048 0.005 0.016 0.057
97 P 0.112 0.028 0.028 0.031 0.014 0.022 0.036 0.045 0.013 0.045 0.052 0.04 0.015 0.018 0.249 0.076 0.087 0.004 0.015 0.069
98 S 0.087 0.035 0.077 0.081 0.014 0.029 0.048 0.147 0.018 0.025 0.035 0.047 0.013 0.018 0.025 0.183 0.062 0.005 0.015 0.034
99 V 0.057 0.041 0.024 0.025 0.014 0.044 0.038 0.03 0.013 0.091 0.115 0.084 0.025 0.063 0.064 0.039 0.051 0.006 0.024 0.152
100 L 0.05 0.088 0.025 0.024 0.013 0.023 0.031 0.03 0.014 0.063 0.13 0.046 0.024 0.098 0.108 0.043 0.078 0.007 0.029 0.077
101 I 0.127 0.023 0.018 0.02 0.018 0.018 0.025 0.036 0.01 0.174 0.124 0.03 0.044 0.034 0.018 0.042 0.043 0.006 0.019 0.17
102 R 0.045 0.344 0.035 0.028 0.008 0.043 0.047 0.031 0.021 0.034 0.052 0.106 0.016 0.018 0.018 0.041 0.034 0.005 0.017 0.054
103 D 0.041 0.034 0.141 0.301 0.008 0.032 0.098 0.048 0.022 0.021 0.028 0.048 0.01 0.015 0.021 0.055 0.037 0.004 0.012 0.024
104 I 0.052 0.019 0.015 0.017 0.016 0.015 0.019 0.021 0.009 0.231 0.172 0.024 0.042 0.041 0.015 0.027 0.04 0.006 0.02 0.201
105 Y 0.038 0.025 0.019 0.017 0.01 0.018 0.024 0.023 0.036 0.051 0.104 0.027 0.022 0.171 0.014 0.028 0.027 0.023 0.272 0.05
106 F 0.037 0.023 0.017 0.016 0.011 0.015 0.022 0.023 0.025 0.067 0.174 0.024 0.028 0.211 0.013 0.026 0.027 0.017 0.164 0.06
107 Y 0.04 0.022 0.017 0.017 0.012 0.016 0.022 0.023 0.023 0.135 0.126 0.025 0.026 0.075 0.013 0.026 0.031 0.106 0.148 0.097
108 L 0.041 0.019 0.014 0.016 0.014 0.013 0.018 0.021 0.011 0.168 0.235 0.022 0.037 0.148 0.013 0.024 0.032 0.009 0.038 0.109
109 S 0.12 0.037 0.048 0.043 0.017 0.03 0.047 0.061 0.017 0.033 0.044 0.05 0.016 0.02 0.028 0.218 0.103 0.005 0.017 0.046
110 L 0.052 0.021 0.014 0.016 0.016 0.015 0.02 0.021 0.009 0.163 0.258 0.024 0.039 0.044 0.014 0.026 0.038 0.006 0.02 0.183
111 L 0.133 0.024 0.02 0.021 0.016 0.017 0.026 0.085 0.012 0.08 0.195 0.029 0.029 0.104 0.018 0.044 0.035 0.008 0.03 0.073
112 T 0.085 0.032 0.038 0.034 0.061 0.025 0.037 0.045 0.017 0.043 0.058 0.041 0.017 0.049 0.024 0.121 0.159 0.008 0.05 0.056
113 L 0.068 0.022 0.016 0.017 0.014 0.015 0.021 0.027 0.014 0.126 0.205 0.025 0.033 0.135 0.014 0.03 0.034 0.01 0.065 0.109
114 P 0.054 0.025 0.022 0.03 0.01 0.02 0.034 0.034 0.012 0.025 0.034 0.039 0.01 0.012 0.518 0.042 0.034 0.002 0.012 0.03
115 L 0.063 0.026 0.025 0.024 0.016 0.019 0.028 0.033 0.012 0.109 0.205 0.031 0.032 0.072 0.018 0.089 0.047 0.007 0.025 0.119
116 L 0.044 0.025 0.015 0.016 0.015 0.019 0.021 0.022 0.011 0.106 0.346 0.027 0.089 0.05 0.014 0.026 0.034 0.007 0.022 0.091
117 L 0.07 0.02 0.015 0.017 0.016 0.015 0.02 0.026 0.01 0.192 0.21 0.025 0.035 0.076 0.015 0.03 0.037 0.007 0.026 0.14
118 L 0.04 0.088 0.021 0.025 0.011 0.024 0.053 0.026 0.016 0.082 0.151 0.044 0.042 0.141 0.014 0.031 0.031 0.055 0.041 0.065
119 F 0.066 0.023 0.025 0.057 0.011 0.016 0.03 0.035 0.019 0.048 0.081 0.027 0.02 0.249 0.015 0.053 0.032 0.059 0.088 0.047
120 V 0.184 0.025 0.02 0.022 0.019 0.02 0.03 0.047 0.011 0.104 0.093 0.033 0.024 0.028 0.021 0.054 0.047 0.005 0.018 0.195
121 I 0.05 0.069 0.024 0.025 0.013 0.064 0.041 0.027 0.018 0.135 0.125 0.07 0.027 0.039 0.017 0.035 0.038 0.007 0.049 0.125
122 L 0.052 0.035 0.034 0.069 0.012 0.048 0.07 0.035 0.05 0.073 0.112 0.043 0.053 0.033 0.019 0.062 0.06 0.052 0.026 0.062
123 A 0.203 0.025 0.02 0.023 0.019 0.02 0.03 0.051 0.011 0.121 0.094 0.034 0.024 0.028 0.022 0.057 0.046 0.005 0.018 0.149
124 I 0.049 0.019 0.014 0.016 0.016 0.014 0.019 0.021 0.008 0.236 0.196 0.023 0.036 0.042 0.014 0.025 0.039 0.006 0.02 0.185
125 A 0.128 0.087 0.03 0.034 0.013 0.052 0.07 0.089 0.017 0.051 0.092 0.079 0.028 0.023 0.022 0.053 0.039 0.005 0.017 0.073
126 R 0.096 0.096 0.09 0.038 0.012 0.03 0.041 0.045 0.085 0.062 0.087 0.054 0.019 0.026 0.02 0.054 0.06 0.006 0.024 0.056
127 G 0.1 0.026 0.071 0.036 0.013 0.021 0.029 0.349 0.015 0.039 0.044 0.035 0.013 0.019 0.019 0.054 0.036 0.005 0.013 0.063
128 G 0.108 0.031 0.038 0.073 0.014 0.027 0.067 0.137 0.015 0.047 0.08 0.042 0.018 0.023 0.023 0.108 0.059 0.005 0.016 0.068
129 G 0.068 0.03 0.043 0.106 0.013 0.026 0.045 0.133 0.015 0.037 0.054 0.041 0.03 0.02 0.068 0.096 0.109 0.005 0.015 0.045
130 N 0.043 0.045 0.317 0.083 0.009 0.034 0.049 0.065 0.032 0.022 0.032 0.054 0.011 0.018 0.02 0.07 0.049 0.004 0.016 0.027
131 G 0.12 0.025 0.034 0.031 0.013 0.02 0.029 0.361 0.013 0.031 0.068 0.035 0.014 0.02 0.02 0.071 0.037 0.005 0.013 0.039
132 N 0.054 0.038 0.235 0.063 0.011 0.029 0.044 0.056 0.024 0.049 0.044 0.048 0.014 0.019 0.066 0.095 0.051 0.004 0.015 0.042
133 W 0.044 0.022 0.017 0.019 0.011 0.016 0.025 0.029 0.012 0.076 0.069 0.027 0.018 0.04 0.149 0.029 0.031 0.237 0.038 0.092
134 A 0.192 0.025 0.02 0.023 0.016 0.018 0.029 0.051 0.014 0.054 0.107 0.032 0.022 0.167 0.02 0.055 0.038 0.009 0.042 0.063
135 L 0.064 0.062 0.03 0.028 0.015 0.027 0.034 0.037 0.015 0.07 0.182 0.044 0.075 0.036 0.02 0.098 0.069 0.006 0.02 0.069
136 D 0.12 0.093 0.07 0.177 0.012 0.03 0.058 0.05 0.018 0.039 0.047 0.055 0.014 0.018 0.022 0.057 0.04 0.005 0.015 0.062
137 L 0.043 0.024 0.014 0.015 0.015 0.016 0.02 0.021 0.01 0.109 0.385 0.025 0.061 0.052 0.014 0.024 0.032 0.007 0.021 0.091
138 R 0.042 0.376 0.037 0.03 0.007 0.046 0.05 0.031 0.022 0.022 0.044 0.114 0.015 0.017 0.018 0.042 0.033 0.006 0.017 0.03
139 L 0.041 0.032 0.036 0.167 0.01 0.024 0.049 0.032 0.017 0.057 0.171 0.057 0.025 0.042 0.017 0.036 0.032 0.054 0.051 0.051
140 A 0.324 0.03 0.024 0.028 0.021 0.024 0.039 0.075 0.014 0.041 0.057 0.042 0.017 0.021 0.028 0.081 0.048 0.005 0.017 0.066
141 A 0.198 0.034 0.142 0.046 0.016 0.026 0.04 0.065 0.019 0.044 0.053 0.044 0.016 0.021 0.024 0.071 0.047 0.005 0.016 0.073
142 L 0.055 0.021 0.015 0.016 0.017 0.015 0.02 0.022 0.009 0.16 0.231 0.024 0.037 0.042 0.015 0.027 0.04 0.006 0.02 0.208
143 G 0.093 0.058 0.04 0.069 0.012 0.024 0.037 0.314 0.015 0.025 0.036 0.044 0.012 0.017 0.021 0.074 0.059 0.005 0.013 0.033
144 K 0.091 0.072 0.04 0.046 0.011 0.041 0.101 0.136 0.019 0.025 0.039 0.137 0.013 0.017 0.025 0.091 0.044 0.005 0.015 0.034
145 G 0.061 0.032 0.118 0.047 0.013 0.027 0.061 0.133 0.018 0.075 0.063 0.042 0.017 0.023 0.02 0.071 0.066 0.005 0.016 0.094
146 P 0.057 0.026 0.023 0.031 0.01 0.021 0.036 0.036 0.013 0.026 0.036 0.041 0.01 0.013 0.494 0.044 0.036 0.003 0.013 0.031
147 E 0.055 0.05 0.04 0.09 0.007 0.064 0.296 0.035 0.026 0.022 0.037 0.076 0.013 0.017 0.026 0.055 0.037 0.006 0.017 0.031
148 S 0.075 0.04 0.045 0.066 0.014 0.057 0.07 0.047 0.022 0.035 0.049 0.052 0.016 0.033 0.025 0.132 0.111 0.008 0.058 0.045
149 G 0.069 0.023 0.031 0.028 0.014 0.019 0.026 0.275 0.012 0.093 0.073 0.032 0.019 0.025 0.019 0.05 0.073 0.005 0.015 0.1
150 F 0.046 0.035 0.063 0.072 0.01 0.065 0.048 0.037 0.023 0.041 0.069 0.042 0.019 0.186 0.017 0.061 0.036 0.012 0.077 0.041
151 G 0.066 0.042 0.04 0.072 0.009 0.028 0.054 0.354 0.015 0.02 0.031 0.099 0.01 0.015 0.02 0.05 0.031 0.005 0.012 0.025
152 E 0.079 0.038 0.028 0.046 0.012 0.036 0.138 0.079 0.016 0.113 0.079 0.07 0.02 0.025 0.021 0.045 0.038 0.005 0.017 0.095
153 P 0.077 0.152 0.027 0.027 0.011 0.029 0.038 0.035 0.015 0.049 0.056 0.064 0.016 0.019 0.2 0.044 0.037 0.004 0.016 0.083
154 Y 0.049 0.028 0.028 0.024 0.012 0.022 0.03 0.03 0.031 0.047 0.068 0.034 0.019 0.114 0.019 0.051 0.119 0.018 0.205 0.054
155 G 0.101 0.029 0.04 0.035 0.014 0.023 0.034 0.272 0.014 0.031 0.042 0.04 0.013 0.019 0.023 0.1 0.108 0.005 0.014 0.042
156 G 0.075 0.025 0.038 0.034 0.011 0.02 0.029 0.401 0.013 0.023 0.032 0.036 0.01 0.016 0.065 0.071 0.056 0.005 0.012 0.029
157 F 0.037 0.019 0.015 0.016 0.012 0.012 0.018 0.023 0.013 0.133 0.171 0.021 0.03 0.215 0.012 0.024 0.029 0.057 0.054 0.089
158 F 0.038 0.03 0.025 0.027 0.009 0.042 0.059 0.027 0.059 0.045 0.078 0.035 0.02 0.228 0.015 0.032 0.027 0.016 0.142 0.044
159 V 0.056 0.022 0.016 0.017 0.016 0.017 0.022 0.023 0.012 0.146 0.179 0.026 0.048 0.047 0.015 0.029 0.041 0.008 0.05 0.21
160 V 0.055 0.019 0.015 0.017 0.017 0.014 0.019 0.021 0.008 0.22 0.166 0.024 0.034 0.039 0.015 0.027 0.042 0.006 0.02 0.223
161 L 0.044 0.019 0.015 0.016 0.014 0.013 0.019 0.022 0.011 0.154 0.179 0.022 0.032 0.178 0.013 0.025 0.033 0.01 0.044 0.137
162 W 0.029 0.022 0.014 0.014 0.007 0.014 0.022 0.029 0.014 0.029 0.05 0.022 0.014 0.058 0.007 0.022 0.022 0.517 0.065 0.029
163 L 0.051 0.049 0.028 0.03 0.012 0.108 0.055 0.032 0.019 0.063 0.145 0.077 0.065 0.029 0.064 0.041 0.037 0.006 0.02 0.068
164 V 0.088 0.021 0.016 0.018 0.018 0.016 0.023 0.028 0.008 0.16 0.121 0.026 0.029 0.034 0.017 0.035 0.046 0.005 0.019 0.27
165 S 0.138 0.036 0.045 0.041 0.017 0.029 0.046 0.061 0.017 0.035 0.047 0.048 0.016 0.021 0.028 0.194 0.11 0.005 0.017 0.05
166 Y 0.037 0.024 0.019 0.017 0.009 0.018 0.024 0.024 0.037 0.047 0.077 0.027 0.02 0.204 0.014 0.028 0.026 0.024 0.278 0.047
167 L 0.069 0.023 0.016 0.017 0.015 0.017 0.022 0.026 0.013 0.15 0.256 0.027 0.052 0.053 0.015 0.03 0.035 0.008 0.05 0.106
168 L 0.046 0.023 0.016 0.017 0.015 0.018 0.021 0.023 0.011 0.141 0.249 0.026 0.083 0.08 0.014 0.027 0.035 0.007 0.027 0.12
169 E 0.051 0.045 0.037 0.08 0.007 0.058 0.302 0.032 0.026 0.023 0.038 0.068 0.013 0.026 0.024 0.05 0.034 0.007 0.046 0.031
170 L 0.042 0.023 0.014 0.014 0.015 0.015 0.019 0.02 0.01 0.11 0.405 0.024 0.047 0.052 0.014 0.023 0.032 0.007 0.021 0.092
171 L 0.045 0.065 0.026 0.024 0.011 0.063 0.04 0.028 0.025 0.058 0.156 0.046 0.027 0.092 0.017 0.038 0.054 0.013 0.116 0.057
172 V 0.052 0.027 0.024 0.057 0.058 0.039 0.035 0.028 0.021 0.082 0.085 0.032 0.022 0.088 0.016 0.035 0.036 0.012 0.114 0.137
173 F 0.092 0.023 0.018 0.019 0.013 0.017 0.025 0.032 0.021 0.087 0.12 0.027 0.025 0.163 0.016 0.037 0.033 0.014 0.127 0.09
174 S 0.073 0.054 0.078 0.117 0.012 0.036 0.061 0.054 0.02 0.026 0.037 0.121 0.013 0.017 0.026 0.146 0.056 0.005 0.015 0.033
175 K 0.055 0.189 0.038 0.036 0.009 0.045 0.056 0.039 0.02 0.025 0.042 0.192 0.014 0.016 0.068 0.066 0.04 0.005 0.016 0.031
176 K 0.056 0.104 0.041 0.042 0.01 0.046 0.083 0.04 0.053 0.028 0.043 0.2 0.015 0.018 0.025 0.064 0.071 0.005 0.02 0.035
177 N 0.046 0.083 0.21 0.06 0.009 0.037 0.05 0.051 0.058 0.025 0.037 0.103 0.013 0.018 0.021 0.061 0.064 0.005 0.019 0.031
178 W 0.04 0.098 0.022 0.021 0.01 0.026 0.033 0.029 0.015 0.07 0.119 0.08 0.038 0.041 0.014 0.031 0.03 0.192 0.036 0.056
179 W 0.049 0.024 0.023 0.021 0.01 0.018 0.025 0.121 0.019 0.062 0.09 0.028 0.019 0.057 0.014 0.05 0.031 0.195 0.094 0.05
180 R 0.042 0.376 0.037 0.03 0.007 0.046 0.05 0.031 0.022 0.022 0.044 0.114 0.015 0.017 0.018 0.042 0.033 0.006 0.017 0.03
181 L 0.075 0.022 0.016 0.017 0.016 0.016 0.022 0.027 0.01 0.114 0.231 0.025 0.035 0.092 0.015 0.032 0.038 0.007 0.029 0.161
182 L 0.098 0.022 0.017 0.018 0.061 0.016 0.023 0.032 0.013 0.143 0.187 0.027 0.031 0.046 0.017 0.037 0.038 0.008 0.049 0.119
183 L 0.05 0.02 0.014 0.016 0.016 0.015 0.019 0.021 0.009 0.194 0.239 0.024 0.038 0.044 0.014 0.026 0.038 0.006 0.02 0.177
184 L 0.076 0.025 0.019 0.021 0.015 0.019 0.026 0.031 0.011 0.105 0.265 0.03 0.051 0.041 0.062 0.052 0.039 0.006 0.02 0.086
185 L 0.054 0.023 0.025 0.023 0.013 0.017 0.024 0.12 0.013 0.085 0.169 0.028 0.027 0.138 0.016 0.055 0.057 0.009 0.036 0.069
186 L 0.085 0.022 0.017 0.018 0.038 0.016 0.023 0.031 0.012 0.09 0.195 0.026 0.031 0.141 0.016 0.036 0.046 0.009 0.037 0.113
187 L 0.072 0.021 0.015 0.017 0.061 0.016 0.02 0.026 0.01 0.185 0.211 0.026 0.05 0.041 0.015 0.031 0.037 0.006 0.019 0.12
188 Y 0.043 0.03 0.139 0.04 0.055 0.023 0.032 0.038 0.03 0.047 0.061 0.035 0.017 0.094 0.016 0.044 0.036 0.014 0.143 0.063
189 L 0.046 0.023 0.014 0.016 0.016 0.016 0.02 0.021 0.01 0.131 0.311 0.025 0.057 0.065 0.014 0.025 0.035 0.007 0.024 0.125
190 L 0.085 0.027 0.028 0.027 0.014 0.02 0.03 0.085 0.015 0.059 0.149 0.033 0.033 0.136 0.018 0.095 0.044 0.009 0.036 0.058
191 F 0.037 0.023 0.018 0.017 0.011 0.016 0.022 0.024 0.026 0.061 0.127 0.024 0.04 0.243 0.013 0.027 0.027 0.018 0.17 0.056
192 G 0.14 0.023 0.028 0.027 0.06 0.019 0.027 0.27 0.012 0.052 0.056 0.032 0.015 0.021 0.02 0.054 0.038 0.005 0.014 0.089
193 F 0.058 0.019 0.016 0.017 0.014 0.013 0.02 0.025 0.011 0.171 0.128 0.022 0.029 0.175 0.014 0.028 0.035 0.009 0.043 0.152
194 V 0.081 0.021 0.018 0.019 0.017 0.016 0.022 0.073 0.009 0.159 0.168 0.026 0.031 0.036 0.016 0.034 0.041 0.006 0.019 0.187
195 T 0.078 0.033 0.04 0.036 0.017 0.026 0.038 0.045 0.014 0.071 0.094 0.043 0.021 0.026 0.025 0.138 0.163 0.005 0.017 0.069
196 L 0.049 0.03 0.019 0.019 0.015 0.026 0.026 0.026 0.015 0.097 0.207 0.033 0.187 0.046 0.015 0.033 0.038 0.008 0.023 0.088
197 G 0.134 0.031 0.041 0.038 0.015 0.025 0.039 0.236 0.016 0.027 0.038 0.043 0.013 0.018 0.025 0.149 0.054 0.005 0.014 0.038
198 K 0.054 0.102 0.04 0.04 0.008 0.051 0.067 0.041 0.02 0.026 0.041 0.312 0.015 0.015 0.026 0.051 0.038 0.005 0.016 0.031
199 L 0.1 0.027 0.02 0.021 0.016 0.022 0.027 0.035 0.013 0.102 0.151 0.033 0.089 0.039 0.018 0.044 0.061 0.053 0.024 0.104
200 N 0.049 0.03 0.167 0.045 0.013 0.023 0.032 0.04 0.018 0.118 0.113 0.036 0.024 0.029 0.017 0.045 0.044 0.005 0.018 0.133
201 L 0.039 0.021 0.015 0.016 0.013 0.014 0.019 0.023 0.013 0.104 0.228 0.022 0.05 0.216 0.012 0.025 0.029 0.011 0.05 0.08
202 L 0.045 0.026 0.016 0.016 0.015 0.02 0.022 0.023 0.012 0.105 0.326 0.028 0.103 0.05 0.014 0.027 0.034 0.007 0.022 0.09
203 I 0.051 0.036 0.116 0.052 0.012 0.05 0.092 0.039 0.02 0.126 0.08 0.048 0.021 0.026 0.019 0.065 0.044 0.005 0.017 0.08
204 L 0.044 0.021 0.015 0.016 0.014 0.014 0.019 0.022 0.011 0.123 0.251 0.022 0.037 0.147 0.013 0.025 0.033 0.009 0.038 0.126
205 F 0.068 0.02 0.021 0.02 0.012 0.013 0.021 0.121 0.015 0.073 0.094 0.023 0.022 0.273 0.014 0.034 0.028 0.012 0.059 0.059
206 L 0.044 0.022 0.014 0.015 0.015 0.015 0.019 0.021 0.01 0.127 0.33 0.023 0.042 0.083 0.013 0.024 0.033 0.007 0.027 0.114
207 A 0.108 0.035 0.027 0.027 0.015 0.025 0.035 0.042 0.017 0.084 0.097 0.06 0.053 0.073 0.02 0.082 0.046 0.009 0.055 0.09
208 T 0.082 0.035 0.045 0.04 0.017 0.028 0.042 0.049 0.015 0.043 0.054 0.046 0.017 0.022 0.027 0.15 0.208 0.005 0.017 0.058
209 L 0.13 0.022 0.019 0.021 0.106 0.017 0.025 0.084 0.01 0.097 0.14 0.029 0.025 0.03 0.019 0.046 0.04 0.005 0.017 0.117
210 I 0.083 0.021 0.021 0.022 0.105 0.016 0.023 0.078 0.01 0.169 0.106 0.027 0.025 0.031 0.017 0.056 0.042 0.005 0.017 0.126
211 I 0.052 0.018 0.015 0.017 0.016 0.014 0.019 0.021 0.008 0.258 0.149 0.023 0.033 0.04 0.015 0.026 0.041 0.005 0.02 0.211
212 L 0.043 0.024 0.014 0.015 0.015 0.016 0.02 0.021 0.01 0.109 0.385 0.025 0.061 0.052 0.014 0.024 0.032 0.007 0.021 0.091
213 F 0.056 0.028 0.028 0.026 0.012 0.021 0.031 0.035 0.023 0.048 0.097 0.033 0.021 0.127 0.018 0.087 0.073 0.06 0.125 0.051
214 F 0.071 0.067 0.03 0.032 0.011 0.028 0.062 0.036 0.054 0.04 0.069 0.067 0.018 0.173 0.018 0.059 0.035 0.011 0.075 0.043
215 K 0.052 0.152 0.039 0.038 0.008 0.05 0.064 0.039 0.02 0.026 0.042 0.276 0.015 0.015 0.025 0.049 0.037 0.005 0.016 0.031
216 G 0.06 0.066 0.067 0.046 0.009 0.055 0.086 0.243 0.019 0.021 0.034 0.112 0.012 0.015 0.021 0.052 0.034 0.005 0.014 0.027
217 V 0.082 0.036 0.02 0.022 0.016 0.022 0.031 0.03 0.011 0.145 0.135 0.078 0.029 0.032 0.018 0.037 0.042 0.005 0.019 0.189
218 I 0.06 0.019 0.015 0.017 0.016 0.014 0.019 0.023 0.009 0.209 0.189 0.024 0.035 0.075 0.015 0.028 0.038 0.007 0.026 0.164
219 K 0.057 0.134 0.04 0.039 0.009 0.049 0.063 0.042 0.02 0.026 0.041 0.262 0.015 0.015 0.025 0.069 0.041 0.005 0.017 0.032
220 L 0.043 0.023 0.015 0.016 0.014 0.016 0.021 0.023 0.012 0.098 0.259 0.024 0.067 0.149 0.013 0.026 0.032 0.009 0.039 0.1
221 K 0.047 0.191 0.035 0.032 0.008 0.044 0.055 0.036 0.02 0.025 0.044 0.201 0.015 0.021 0.021 0.044 0.034 0.075 0.023 0.03
222 H 0.04 0.044 0.051 0.036 0.007 0.036 0.051 0.036 0.386 0.022 0.036 0.044 0.015 0.029 0.018 0.04 0.025 0.007 0.055 0.022
223 L 0.042 0.021 0.014 0.015 0.015 0.014 0.019 0.02 0.01 0.15 0.323 0.023 0.042 0.083 0.013 0.023 0.033 0.007 0.027 0.105
224 L 0.075 0.022 0.015 0.017 0.017 0.016 0.021 0.026 0.009 0.152 0.252 0.026 0.038 0.042 0.016 0.031 0.039 0.006 0.02 0.161
225 I 0.052 0.023 0.019 0.019 0.06 0.018 0.023 0.025 0.016 0.155 0.122 0.027 0.05 0.052 0.016 0.035 0.06 0.009 0.079 0.14
226 G 0.156 0.026 0.033 0.031 0.015 0.021 0.032 0.276 0.013 0.04 0.048 0.037 0.014 0.019 0.022 0.078 0.052 0.005 0.014 0.066
227 L 0.1 0.023 0.021 0.021 0.015 0.017 0.024 0.124 0.012 0.102 0.177 0.028 0.036 0.087 0.017 0.039 0.035 0.007 0.027 0.089
228 G 0.115 0.025 0.027 0.027 0.015 0.02 0.029 0.176 0.012 0.068 0.108 0.034 0.021 0.026 0.065 0.065 0.042 0.005 0.016 0.106
229 V 0.082 0.021 0.017 0.019 0.061 0.016 0.023 0.029 0.009 0.147 0.136 0.027 0.028 0.033 0.062 0.035 0.042 0.005 0.018 0.191
230 L 0.043 0.024 0.015 0.015 0.015 0.017 0.021 0.022 0.011 0.103 0.339 0.025 0.073 0.084 0.014 0.025 0.032 0.008 0.027 0.087
231 L 0.11 0.022 0.016 0.018 0.106 0.016 0.023 0.034 0.01 0.109 0.23 0.027 0.033 0.038 0.017 0.039 0.037 0.006 0.018 0.089
232 V 0.062 0.022 0.021 0.021 0.016 0.016 0.023 0.072 0.01 0.141 0.11 0.027 0.027 0.067 0.017 0.039 0.074 0.006 0.024 0.205
233 L 0.1 0.024 0.019 0.021 0.016 0.018 0.025 0.034 0.012 0.123 0.224 0.029 0.034 0.074 0.017 0.056 0.04 0.007 0.025 0.102
234 F 0.037 0.019 0.016 0.016 0.056 0.012 0.019 0.025 0.015 0.066 0.139 0.02 0.042 0.313 0.011 0.026 0.027 0.013 0.067 0.059
235 V 0.052 0.02 0.015 0.016 0.016 0.014 0.02 0.022 0.009 0.187 0.185 0.023 0.034 0.075 0.014 0.027 0.039 0.007 0.026 0.199
236 G 0.126 0.025 0.027 0.026 0.016 0.02 0.028 0.177 0.012 0.09 0.085 0.034 0.036 0.027 0.02 0.06 0.053 0.005 0.016 0.118
237 L 0.042 0.021 0.015 0.016 0.014 0.015 0.019 0.021 0.011 0.153 0.265 0.023 0.054 0.115 0.013 0.025 0.033 0.008 0.032 0.105
238 Q 0.052 0.068 0.043 0.044 0.008 0.232 0.094 0.039 0.061 0.025 0.044 0.083 0.019 0.015 0.022 0.052 0.038 0.006 0.023 0.033
239 S 0.091 0.038 0.034 0.032 0.015 0.027 0.039 0.044 0.017 0.051 0.083 0.064 0.051 0.083 0.022 0.109 0.092 0.008 0.042 0.057
240 L 0.076 0.024 0.017 0.018 0.016 0.018 0.023 0.028 0.011 0.144 0.166 0.028 0.077 0.074 0.016 0.034 0.04 0.007 0.026 0.156
241 R 0.042 0.376 0.037 0.03 0.007 0.046 0.05 0.031 0.022 0.022 0.044 0.114 0.015 0.017 0.018 0.042 0.033 0.006 0.017 0.03
242 G 0.057 0.044 0.04 0.036 0.009 0.107 0.056 0.217 0.089 0.023 0.039 0.054 0.015 0.027 0.019 0.047 0.032 0.008 0.053 0.029
243 S 0.123 0.043 0.07 0.042 0.015 0.032 0.047 0.057 0.052 0.034 0.051 0.071 0.024 0.022 0.026 0.144 0.078 0.005 0.02 0.046
244 Y 0.062 0.034 0.031 0.028 0.013 0.024 0.034 0.082 0.023 0.069 0.11 0.06 0.022 0.072 0.019 0.094 0.043 0.012 0.111 0.058
245 S 0.074 0.06 0.044 0.057 0.014 0.051 0.052 0.047 0.02 0.035 0.048 0.077 0.016 0.029 0.025 0.134 0.118 0.007 0.047 0.045
246 S 0.067 0.03 0.062 0.035 0.014 0.023 0.034 0.087 0.016 0.056 0.095 0.037 0.021 0.096 0.02 0.106 0.091 0.007 0.029 0.073
247 P 0.097 0.03 0.037 0.073 0.014 0.025 0.042 0.097 0.015 0.049 0.06 0.042 0.032 0.021 0.122 0.112 0.061 0.005 0.015 0.05
248 D 0.111 0.039 0.086 0.13 0.012 0.034 0.092 0.122 0.02 0.026 0.037 0.066 0.012 0.017 0.024 0.074 0.042 0.005 0.014 0.036
249 L 0.057 0.034 0.026 0.036 0.012 0.03 0.09 0.099 0.019 0.077 0.117 0.057 0.023 0.042 0.019 0.039 0.037 0.009 0.063 0.115
250 D 0.126 0.035 0.139 0.171 0.013 0.03 0.06 0.063 0.022 0.029 0.039 0.047 0.013 0.018 0.024 0.068 0.045 0.004 0.015 0.04
251 L 0.054 0.084 0.034 0.036 0.011 0.036 0.076 0.034 0.066 0.055 0.087 0.084 0.03 0.039 0.02 0.056 0.052 0.009 0.063 0.075
252 D 0.064 0.08 0.1 0.124 0.01 0.041 0.109 0.046 0.021 0.026 0.038 0.106 0.013 0.017 0.023 0.067 0.062 0.005 0.015 0.034
253 D 0.076 0.055 0.05 0.18 0.01 0.056 0.072 0.047 0.052 0.026 0.037 0.121 0.013 0.017 0.024 0.071 0.04 0.005 0.018 0.032
254 F 0.033 0.019 0.016 0.016 0.011 0.011 0.018 0.024 0.016 0.065 0.136 0.019 0.026 0.383 0.01 0.024 0.025 0.015 0.079 0.056
255 F 0.113 0.025 0.022 0.022 0.016 0.019 0.027 0.039 0.013 0.086 0.128 0.031 0.041 0.137 0.018 0.055 0.061 0.009 0.037 0.103
256 V 0.07 0.022 0.017 0.018 0.019 0.017 0.023 0.025 0.008 0.165 0.131 0.026 0.032 0.036 0.017 0.033 0.05 0.006 0.021 0.267
257 A 0.155 0.06 0.025 0.03 0.017 0.026 0.06 0.045 0.013 0.094 0.082 0.045 0.022 0.026 0.022 0.057 0.065 0.005 0.018 0.133
258 L 0.051 0.03 0.024 0.023 0.015 0.04 0.031 0.028 0.012 0.086 0.279 0.035 0.037 0.041 0.018 0.044 0.101 0.006 0.02 0.08
259 Y 0.039 0.027 0.021 0.018 0.009 0.021 0.027 0.024 0.044 0.042 0.065 0.03 0.018 0.125 0.015 0.03 0.027 0.027 0.35 0.044
260 L 0.048 0.02 0.014 0.016 0.016 0.014 0.019 0.021 0.009 0.19 0.265 0.024 0.04 0.045 0.014 0.025 0.037 0.006 0.02 0.158
261 L 0.058 0.024 0.022 0.021 0.061 0.018 0.024 0.028 0.01 0.134 0.172 0.029 0.03 0.035 0.018 0.044 0.105 0.006 0.019 0.144
262 G 0.082 0.061 0.043 0.037 0.013 0.026 0.037 0.272 0.016 0.025 0.036 0.048 0.013 0.018 0.023 0.128 0.07 0.005 0.014 0.034
263 N 0.07 0.041 0.16 0.057 0.012 0.033 0.049 0.058 0.089 0.025 0.036 0.05 0.013 0.021 0.023 0.148 0.057 0.005 0.023 0.031
264 L 0.052 0.027 0.02 0.02 0.015 0.022 0.025 0.027 0.013 0.097 0.194 0.031 0.109 0.076 0.016 0.038 0.07 0.008 0.027 0.112
265 A 0.176 0.033 0.038 0.036 0.017 0.027 0.041 0.106 0.019 0.033 0.047 0.044 0.015 0.029 0.026 0.153 0.058 0.007 0.046 0.048
266 A 0.221 0.034 0.143 0.047 0.016 0.027 0.042 0.07 0.02 0.034 0.047 0.046 0.014 0.019 0.025 0.076 0.047 0.005 0.016 0.051
267 F 0.035 0.02 0.015 0.016 0.012 0.012 0.018 0.023 0.014 0.076 0.203 0.02 0.032 0.3 0.011 0.024 0.027 0.013 0.064 0.065
268 D 0.039 0.032 0.13 0.347 0.007 0.029 0.078 0.048 0.021 0.021 0.027 0.045 0.009 0.015 0.021 0.054 0.037 0.004 0.012 0.024
269 T 0.068 0.037 0.041 0.037 0.016 0.047 0.043 0.041 0.014 0.048 0.06 0.047 0.019 0.022 0.026 0.085 0.26 0.006 0.017 0.065
270 N 0.042 0.044 0.26 0.071 0.009 0.034 0.05 0.057 0.115 0.022 0.033 0.051 0.012 0.021 0.02 0.062 0.043 0.005 0.026 0.026
271 L 0.048 0.023 0.014 0.015 0.016 0.015 0.02 0.021 0.009 0.121 0.341 0.024 0.043 0.048 0.014 0.025 0.035 0.006 0.021 0.14
272 E 0.053 0.089 0.04 0.056 0.009 0.106 0.166 0.037 0.04 0.026 0.042 0.109 0.016 0.016 0.024 0.054 0.058 0.005 0.019 0.034
273 P 0.054 0.025 0.022 0.03 0.01 0.02 0.034 0.034 0.012 0.025 0.034 0.039 0.01 0.012 0.518 0.042 0.034 0.002 0.012 0.03
274 C 0.059 0.041 0.059 0.05 0.214 0.037 0.041 0.039 0.032 0.039 0.061 0.085 0.032 0.021 0.02 0.064 0.04 0.005 0.017 0.045
275 S 0.098 0.037 0.05 0.045 0.017 0.031 0.048 0.059 0.017 0.032 0.044 0.05 0.016 0.02 0.028 0.226 0.115 0.005 0.017 0.045
276 A 0.224 0.033 0.037 0.037 0.019 0.028 0.044 0.069 0.016 0.035 0.049 0.047 0.016 0.02 0.028 0.161 0.061 0.005 0.017 0.054
277 E 0.065 0.042 0.039 0.068 0.011 0.049 0.225 0.039 0.021 0.037 0.046 0.061 0.015 0.019 0.025 0.091 0.066 0.005 0.016 0.06
278 H 0.043 0.079 0.075 0.041 0.008 0.076 0.059 0.039 0.255 0.022 0.038 0.059 0.015 0.024 0.019 0.045 0.031 0.007 0.041 0.025
279 W 0.041 0.021 0.017 0.018 0.055 0.014 0.022 0.028 0.013 0.05 0.071 0.024 0.018 0.142 0.102 0.028 0.028 0.194 0.052 0.063
280 G 0.085 0.022 0.035 0.03 0.056 0.018 0.024 0.467 0.012 0.021 0.031 0.031 0.01 0.016 0.018 0.049 0.03 0.005 0.011 0.028
281 E 0.053 0.047 0.039 0.086 0.007 0.061 0.33 0.033 0.025 0.021 0.035 0.072 0.012 0.016 0.025 0.053 0.035 0.005 0.016 0.03
282 N 0.041 0.043 0.349 0.079 0.009 0.032 0.047 0.062 0.03 0.021 0.03 0.051 0.011 0.017 0.019 0.066 0.047 0.004 0.015 0.026
283 T 0.069 0.03 0.034 0.031 0.017 0.023 0.033 0.036 0.012 0.08 0.079 0.038 0.022 0.026 0.023 0.073 0.218 0.006 0.018 0.132
284 F 0.036 0.018 0.018 0.018 0.01 0.011 0.019 0.07 0.016 0.057 0.101 0.019 0.023 0.38 0.011 0.026 0.025 0.015 0.078 0.05
285 R 0.042 0.376 0.037 0.03 0.007 0.046 0.05 0.031 0.022 0.022 0.044 0.114 0.015 0.017 0.018 0.042 0.033 0.006 0.017 0.03
286 L 0.041 0.02 0.015 0.016 0.014 0.014 0.019 0.022 0.011 0.184 0.193 0.023 0.049 0.146 0.013 0.025 0.033 0.009 0.038 0.115
287 F 0.039 0.02 0.017 0.017 0.011 0.014 0.021 0.023 0.022 0.109 0.108 0.023 0.025 0.234 0.013 0.026 0.029 0.016 0.139 0.094
288 Y 0.039 0.027 0.021 0.018 0.009 0.021 0.027 0.024 0.044 0.042 0.065 0.03 0.018 0.125 0.015 0.03 0.027 0.027 0.35 0.044
289 A 0.324 0.03 0.024 0.028 0.021 0.024 0.039 0.075 0.014 0.041 0.057 0.042 0.017 0.021 0.028 0.081 0.048 0.005 0.017 0.066
290 I 0.05 0.019 0.015 0.016 0.016 0.014 0.019 0.021 0.009 0.2 0.188 0.023 0.035 0.075 0.014 0.026 0.038 0.007 0.026 0.187
291 K 0.085 0.081 0.033 0.032 0.013 0.033 0.045 0.041 0.015 0.051 0.087 0.12 0.02 0.022 0.068 0.073 0.086 0.005 0.017 0.072
292 Y 0.063 0.034 0.065 0.036 0.012 0.027 0.039 0.043 0.065 0.033 0.05 0.041 0.016 0.068 0.02 0.117 0.047 0.015 0.172 0.039
293 K 0.103 0.089 0.037 0.037 0.01 0.046 0.062 0.047 0.019 0.029 0.044 0.263 0.015 0.016 0.027 0.056 0.04 0.005 0.017 0.037
294 L 0.044 0.023 0.015 0.016 0.015 0.016 0.02 0.021 0.01 0.133 0.346 0.025 0.051 0.049 0.014 0.027 0.044 0.007 0.021 0.101
295 G 0.059 0.026 0.049 0.176 0.009 0.023 0.05 0.31 0.049 0.02 0.028 0.037 0.009 0.016 0.019 0.048 0.03 0.005 0.014 0.023
296 L 0.053 0.022 0.022 0.021 0.013 0.016 0.021 0.207 0.011 0.09 0.218 0.026 0.03 0.071 0.015 0.033 0.03 0.007 0.023 0.07
297 G 0.091 0.031 0.045 0.04 0.014 0.025 0.038 0.277 0.016 0.024 0.034 0.043 0.012 0.018 0.024 0.162 0.055 0.005 0.014 0.032
298 E 0.063 0.077 0.045 0.084 0.01 0.041 0.116 0.087 0.053 0.026 0.039 0.093 0.014 0.018 0.024 0.09 0.064 0.005 0.019 0.033
299 I 0.058 0.025 0.027 0.025 0.016 0.019 0.027 0.03 0.01 0.176 0.112 0.032 0.027 0.032 0.02 0.054 0.15 0.006 0.018 0.135
300 E 0.052 0.064 0.037 0.063 0.008 0.053 0.206 0.035 0.021 0.049 0.049 0.155 0.015 0.018 0.024 0.049 0.036 0.005 0.016 0.043
301 P 0.056 0.024 0.021 0.027 0.011 0.019 0.032 0.032 0.011 0.049 0.051 0.037 0.013 0.016 0.426 0.04 0.037 0.003 0.014 0.079
302 V 0.062 0.02 0.015 0.017 0.018 0.015 0.021 0.023 0.008 0.191 0.132 0.024 0.031 0.036 0.015 0.03 0.045 0.005 0.02 0.273
303 D 0.046 0.032 0.089 0.345 0.008 0.031 0.091 0.047 0.019 0.022 0.029 0.046 0.01 0.015 0.022 0.07 0.039 0.004 0.012 0.025
304 P 0.062 0.028 0.03 0.031 0.014 0.022 0.035 0.037 0.012 0.048 0.055 0.04 0.016 0.019 0.249 0.062 0.148 0.004 0.015 0.072
305 L 0.044 0.021 0.044 0.022 0.015 0.015 0.02 0.024 0.011 0.209 0.237 0.026 0.037 0.043 0.014 0.027 0.037 0.006 0.02 0.127
306 L 0.043 0.027 0.015 0.016 0.015 0.017 0.021 0.021 0.01 0.106 0.389 0.037 0.046 0.05 0.014 0.024 0.032 0.007 0.021 0.089
307 P 0.053 0.048 0.032 0.073 0.009 0.033 0.075 0.037 0.016 0.024 0.036 0.117 0.011 0.013 0.294 0.046 0.035 0.003 0.014 0.029
308 F 0.031 0.02 0.015 0.015 0.009 0.012 0.02 0.026 0.015 0.046 0.082 0.02 0.02 0.253 0.009 0.023 0.023 0.244 0.076 0.042
309 I 0.047 0.037 0.022 0.024 0.013 0.051 0.036 0.026 0.016 0.205 0.119 0.071 0.029 0.042 0.017 0.032 0.037 0.007 0.049 0.12
310 E 0.05 0.07 0.035 0.075 0.009 0.073 0.103 0.035 0.025 0.044 0.067 0.057 0.018 0.042 0.019 0.06 0.037 0.056 0.082 0.042
311 E 0.055 0.05 0.04 0.09 0.007 0.064 0.296 0.035 0.026 0.022 0.037 0.076 0.013 0.017 0.026 0.055 0.037 0.006 0.017 0.031
312 K 0.078 0.061 0.034 0.072 0.011 0.038 0.078 0.038 0.016 0.074 0.079 0.163 0.02 0.022 0.023 0.047 0.039 0.005 0.017 0.086
313 E 0.051 0.041 0.031 0.051 0.009 0.063 0.144 0.033 0.028 0.028 0.045 0.057 0.014 0.043 0.142 0.046 0.034 0.01 0.094 0.035
314 V 0.058 0.019 0.015 0.017 0.017 0.015 0.02 0.022 0.008 0.223 0.147 0.024 0.034 0.039 0.015 0.028 0.044 0.006 0.02 0.228
315 G 0.105 0.024 0.037 0.033 0.012 0.019 0.027 0.463 0.013 0.022 0.032 0.034 0.01 0.017 0.02 0.055 0.032 0.005 0.011 0.029
316 K 0.05 0.068 0.114 0.063 0.008 0.049 0.122 0.045 0.067 0.024 0.037 0.146 0.014 0.018 0.024 0.056 0.039 0.005 0.021 0.029
317 L 0.044 0.071 0.031 0.026 0.012 0.025 0.034 0.03 0.103 0.059 0.148 0.042 0.027 0.125 0.017 0.039 0.058 0.009 0.046 0.055
318 P 0.056 0.032 0.025 0.029 0.011 0.023 0.036 0.035 0.013 0.041 0.048 0.063 0.014 0.018 0.337 0.047 0.069 0.027 0.016 0.06
319 L 0.044 0.022 0.016 0.016 0.014 0.016 0.021 0.022 0.019 0.12 0.214 0.025 0.033 0.101 0.014 0.026 0.033 0.013 0.116 0.115
320 G 0.063 0.036 0.06 0.042 0.01 0.051 0.092 0.104 0.055 0.044 0.062 0.046 0.032 0.035 0.018 0.045 0.035 0.054 0.055 0.061
