#Seq2Logo.py -f /work3/idamei/ssn-clusterings/clustering/2205181126/clusters/0006_220/sequences.afa -o /work3/idamei/ssn-clusterings/clustering/2205181126/clusters/0006_220/sequences.logo
#Position Specific Frequency Matrix
A R N D C Q E G H I L K M F P S T W Y V
0 L 0.052 0.032 0.02 0.02 0.016 0.028 0.028 0.028 0.016 0.099 0.194 0.036 0.171 0.048 0.016 0.036 0.04 0.008 0.024 0.091
1 D 0.046 0.049 0.146 0.178 0.008 0.096 0.08 0.05 0.026 0.024 0.035 0.063 0.014 0.016 0.022 0.059 0.041 0.005 0.016 0.029
2 Y 0.055 0.033 0.026 0.042 0.012 0.034 0.119 0.028 0.027 0.076 0.078 0.044 0.021 0.06 0.019 0.039 0.038 0.013 0.121 0.118
3 L 0.044 0.024 0.014 0.015 0.016 0.016 0.02 0.021 0.01 0.115 0.379 0.025 0.049 0.054 0.014 0.024 0.033 0.007 0.022 0.096
4 S 0.109 0.04 0.053 0.048 0.017 0.033 0.052 0.065 0.019 0.029 0.041 0.053 0.016 0.021 0.029 0.23 0.081 0.005 0.017 0.041
5 K 0.072 0.059 0.038 0.036 0.014 0.038 0.05 0.045 0.018 0.052 0.093 0.125 0.067 0.028 0.024 0.106 0.053 0.006 0.019 0.055
6 G 0.06 0.049 0.031 0.031 0.012 0.028 0.038 0.193 0.014 0.109 0.079 0.115 0.02 0.025 0.02 0.043 0.036 0.005 0.016 0.077
7 L 0.052 0.029 0.026 0.024 0.014 0.022 0.029 0.029 0.023 0.07 0.172 0.034 0.029 0.069 0.019 0.049 0.105 0.013 0.122 0.07
8 N 0.069 0.052 0.141 0.059 0.012 0.097 0.067 0.057 0.026 0.026 0.04 0.066 0.016 0.018 0.024 0.118 0.057 0.005 0.018 0.034
9 R 0.07 0.166 0.044 0.04 0.011 0.044 0.058 0.047 0.021 0.027 0.043 0.153 0.015 0.018 0.025 0.109 0.052 0.005 0.017 0.035
10 L 0.049 0.049 0.023 0.024 0.013 0.027 0.036 0.028 0.013 0.14 0.197 0.112 0.034 0.038 0.019 0.034 0.037 0.006 0.02 0.101
11 G 0.06 0.049 0.031 0.031 0.012 0.028 0.038 0.193 0.014 0.109 0.079 0.115 0.02 0.025 0.02 0.043 0.036 0.005 0.016 0.077
12 N 0.043 0.147 0.23 0.065 0.008 0.038 0.05 0.054 0.028 0.022 0.036 0.075 0.012 0.018 0.02 0.061 0.044 0.005 0.016 0.028
13 L 0.045 0.022 0.014 0.016 0.016 0.015 0.019 0.021 0.01 0.169 0.311 0.024 0.045 0.051 0.014 0.024 0.035 0.007 0.021 0.122
14 K 0.056 0.087 0.041 0.057 0.008 0.056 0.148 0.04 0.022 0.025 0.041 0.216 0.014 0.016 0.027 0.053 0.038 0.005 0.017 0.032
15 L 0.046 0.02 0.014 0.017 0.016 0.014 0.018 0.021 0.009 0.225 0.238 0.024 0.041 0.047 0.014 0.024 0.037 0.006 0.021 0.148
16 D 0.052 0.036 0.145 0.175 0.011 0.03 0.059 0.051 0.021 0.032 0.041 0.047 0.013 0.019 0.023 0.071 0.113 0.005 0.015 0.04
17 G 0.077 0.023 0.039 0.033 0.011 0.019 0.025 0.516 0.013 0.019 0.028 0.033 0.009 0.016 0.019 0.051 0.029 0.005 0.011 0.024
18 R 0.051 0.166 0.042 0.041 0.008 0.166 0.085 0.038 0.027 0.025 0.046 0.1 0.019 0.015 0.022 0.051 0.039 0.006 0.019 0.033
19 L 0.056 0.021 0.022 0.022 0.014 0.016 0.021 0.186 0.011 0.138 0.192 0.027 0.032 0.038 0.016 0.033 0.034 0.006 0.018 0.098
20 L 0.046 0.024 0.016 0.017 0.016 0.018 0.021 0.022 0.011 0.152 0.282 0.027 0.077 0.05 0.015 0.027 0.036 0.007 0.022 0.114
21 Y 0.04 0.028 0.021 0.018 0.009 0.021 0.028 0.025 0.046 0.043 0.067 0.031 0.018 0.129 0.015 0.031 0.028 0.028 0.328 0.046
22 E 0.046 0.037 0.041 0.15 0.008 0.042 0.181 0.035 0.021 0.032 0.053 0.053 0.015 0.111 0.021 0.046 0.033 0.008 0.033 0.035
23 L 0.042 0.019 0.015 0.017 0.015 0.013 0.018 0.022 0.011 0.185 0.207 0.023 0.037 0.134 0.013 0.025 0.034 0.009 0.038 0.124
24 A 0.197 0.031 0.036 0.035 0.018 0.025 0.039 0.184 0.015 0.033 0.047 0.044 0.015 0.02 0.027 0.112 0.052 0.005 0.016 0.05
25 F 0.033 0.019 0.017 0.017 0.01 0.01 0.019 0.025 0.017 0.062 0.113 0.019 0.025 0.396 0.01 0.025 0.025 0.017 0.087 0.054
26 V 0.121 0.023 0.018 0.02 0.019 0.018 0.026 0.037 0.01 0.162 0.12 0.03 0.029 0.034 0.019 0.043 0.046 0.005 0.02 0.2
27 F 0.046 0.021 0.017 0.017 0.132 0.015 0.02 0.027 0.014 0.067 0.121 0.023 0.06 0.215 0.013 0.031 0.031 0.011 0.053 0.064
28 Y 0.04 0.028 0.021 0.018 0.009 0.021 0.028 0.025 0.046 0.043 0.067 0.031 0.018 0.129 0.015 0.031 0.028 0.028 0.328 0.046
29 F 0.033 0.019 0.017 0.017 0.01 0.01 0.019 0.025 0.017 0.062 0.113 0.019 0.025 0.396 0.01 0.025 0.025 0.017 0.087 0.054
30 V 0.079 0.026 0.026 0.025 0.018 0.02 0.03 0.035 0.011 0.129 0.107 0.033 0.027 0.032 0.02 0.082 0.057 0.005 0.02 0.22
31 I 0.051 0.021 0.028 0.115 0.015 0.018 0.037 0.028 0.011 0.187 0.122 0.029 0.028 0.034 0.017 0.033 0.04 0.005 0.018 0.163
32 L 0.13 0.029 0.027 0.027 0.018 0.023 0.034 0.047 0.013 0.087 0.153 0.037 0.028 0.033 0.022 0.093 0.053 0.006 0.019 0.121
33 F 0.033 0.019 0.017 0.017 0.01 0.01 0.019 0.025 0.017 0.062 0.113 0.019 0.025 0.396 0.01 0.025 0.025 0.017 0.087 0.054
34 L 0.044 0.024 0.014 0.015 0.016 0.016 0.02 0.021 0.01 0.114 0.385 0.025 0.049 0.054 0.014 0.024 0.033 0.007 0.022 0.095
35 Q 0.052 0.143 0.042 0.042 0.008 0.182 0.089 0.039 0.027 0.025 0.046 0.097 0.019 0.015 0.022 0.052 0.039 0.006 0.02 0.034
36 T 0.062 0.031 0.036 0.032 0.016 0.023 0.034 0.038 0.014 0.055 0.076 0.038 0.021 0.117 0.023 0.075 0.199 0.009 0.035 0.066
37 T 0.09 0.037 0.048 0.043 0.017 0.03 0.045 0.054 0.016 0.041 0.053 0.049 0.017 0.022 0.028 0.161 0.169 0.005 0.017 0.056
38 T 0.067 0.034 0.038 0.033 0.017 0.027 0.036 0.04 0.014 0.061 0.09 0.043 0.051 0.028 0.025 0.08 0.217 0.006 0.019 0.074
39 F 0.036 0.022 0.018 0.017 0.01 0.015 0.022 0.025 0.028 0.054 0.094 0.023 0.022 0.291 0.012 0.027 0.026 0.021 0.185 0.051
40 L 0.056 0.03 0.027 0.025 0.016 0.023 0.029 0.031 0.013 0.086 0.219 0.035 0.063 0.04 0.02 0.053 0.125 0.007 0.02 0.084
41 E 0.045 0.038 0.099 0.137 0.008 0.04 0.155 0.041 0.023 0.03 0.048 0.053 0.014 0.093 0.021 0.051 0.036 0.007 0.029 0.033
42 F 0.042 0.021 0.017 0.017 0.012 0.014 0.021 0.025 0.021 0.078 0.106 0.022 0.025 0.272 0.013 0.028 0.03 0.017 0.123 0.098
43 F 0.04 0.019 0.016 0.017 0.012 0.012 0.019 0.025 0.015 0.082 0.115 0.02 0.026 0.326 0.012 0.026 0.03 0.014 0.074 0.1
44 G 0.079 0.026 0.038 0.035 0.012 0.022 0.032 0.332 0.014 0.022 0.032 0.039 0.011 0.016 0.118 0.086 0.041 0.005 0.012 0.029
45 K 0.07 0.075 0.043 0.041 0.011 0.042 0.057 0.142 0.019 0.026 0.039 0.193 0.014 0.016 0.026 0.089 0.045 0.005 0.016 0.032
46 N 0.055 0.043 0.275 0.075 0.01 0.033 0.049 0.064 0.028 0.023 0.033 0.053 0.012 0.018 0.022 0.102 0.055 0.005 0.016 0.029
47 T 0.063 0.04 0.037 0.034 0.015 0.065 0.047 0.038 0.016 0.059 0.125 0.05 0.025 0.028 0.024 0.07 0.171 0.006 0.019 0.068
48 L 0.042 0.023 0.014 0.015 0.015 0.015 0.02 0.022 0.011 0.103 0.333 0.024 0.044 0.123 0.013 0.024 0.031 0.009 0.035 0.086
49 H 0.047 0.04 0.045 0.033 0.01 0.033 0.046 0.035 0.296 0.05 0.056 0.041 0.018 0.031 0.018 0.039 0.031 0.007 0.049 0.075
50 D 0.045 0.102 0.046 0.182 0.009 0.07 0.07 0.037 0.02 0.041 0.107 0.064 0.02 0.023 0.02 0.045 0.035 0.005 0.016 0.041
51 L 0.097 0.023 0.016 0.019 0.017 0.017 0.023 0.032 0.01 0.168 0.233 0.028 0.037 0.043 0.017 0.036 0.038 0.006 0.02 0.121
52 S 0.14 0.037 0.045 0.042 0.018 0.03 0.046 0.063 0.017 0.036 0.049 0.049 0.017 0.021 0.029 0.176 0.11 0.005 0.017 0.052
53 Y 0.038 0.026 0.02 0.018 0.009 0.019 0.026 0.025 0.04 0.047 0.076 0.028 0.02 0.182 0.014 0.029 0.027 0.025 0.282 0.047
54 L 0.049 0.022 0.014 0.016 0.016 0.015 0.02 0.021 0.009 0.157 0.291 0.025 0.043 0.048 0.014 0.026 0.037 0.006 0.021 0.148
55 G 0.112 0.024 0.028 0.029 0.014 0.019 0.029 0.234 0.012 0.078 0.063 0.035 0.016 0.022 0.117 0.05 0.036 0.005 0.014 0.064
56 L 0.096 0.025 0.016 0.018 0.017 0.018 0.024 0.032 0.011 0.099 0.322 0.029 0.042 0.047 0.017 0.036 0.036 0.007 0.021 0.089
57 A 0.206 0.027 0.026 0.027 0.018 0.022 0.033 0.154 0.013 0.052 0.118 0.038 0.022 0.027 0.024 0.065 0.042 0.006 0.017 0.064
58 L 0.045 0.021 0.014 0.016 0.016 0.015 0.019 0.021 0.009 0.182 0.298 0.024 0.044 0.05 0.014 0.024 0.035 0.006 0.021 0.126
59 I 0.05 0.019 0.015 0.017 0.016 0.014 0.019 0.021 0.009 0.226 0.202 0.024 0.038 0.044 0.015 0.026 0.04 0.006 0.021 0.179
60 L 0.049 0.022 0.014 0.016 0.016 0.015 0.02 0.021 0.009 0.157 0.291 0.025 0.043 0.048 0.014 0.026 0.037 0.006 0.021 0.148
61 F 0.035 0.02 0.016 0.016 0.011 0.011 0.019 0.024 0.015 0.072 0.167 0.02 0.03 0.33 0.011 0.025 0.026 0.015 0.074 0.062
62 K 0.056 0.105 0.041 0.041 0.008 0.052 0.069 0.042 0.02 0.027 0.042 0.292 0.015 0.015 0.027 0.052 0.039 0.005 0.017 0.032
63 I 0.051 0.018 0.015 0.017 0.016 0.014 0.018 0.021 0.009 0.261 0.157 0.024 0.035 0.042 0.015 0.026 0.041 0.006 0.02 0.195
64 F 0.037 0.02 0.017 0.017 0.011 0.013 0.02 0.024 0.021 0.103 0.114 0.022 0.026 0.274 0.012 0.026 0.028 0.017 0.123 0.076
65 F 0.036 0.018 0.016 0.017 0.011 0.011 0.018 0.024 0.015 0.107 0.122 0.02 0.027 0.328 0.011 0.025 0.028 0.014 0.074 0.078
66 F 0.038 0.019 0.016 0.016 0.013 0.012 0.019 0.023 0.014 0.117 0.178 0.021 0.032 0.259 0.012 0.025 0.029 0.012 0.061 0.086
67 D 0.04 0.029 0.068 0.409 0.007 0.029 0.09 0.046 0.018 0.022 0.027 0.044 0.009 0.015 0.022 0.051 0.035 0.004 0.011 0.024
68 E 0.063 0.062 0.101 0.061 0.01 0.082 0.116 0.049 0.025 0.025 0.039 0.112 0.015 0.017 0.025 0.093 0.049 0.005 0.017 0.033
69 Q 0.052 0.073 0.1 0.052 0.009 0.155 0.084 0.045 0.028 0.025 0.042 0.123 0.017 0.015 0.023 0.057 0.042 0.005 0.019 0.032
70 T 0.07 0.052 0.102 0.049 0.014 0.034 0.049 0.051 0.019 0.037 0.048 0.097 0.016 0.02 0.026 0.108 0.138 0.005 0.017 0.048
71 V 0.053 0.022 0.016 0.017 0.016 0.017 0.022 0.023 0.016 0.153 0.175 0.026 0.033 0.059 0.015 0.029 0.039 0.01 0.083 0.176
72 K 0.062 0.125 0.037 0.035 0.012 0.04 0.052 0.04 0.018 0.078 0.067 0.156 0.019 0.022 0.023 0.082 0.046 0.005 0.018 0.062
73 S 0.074 0.056 0.041 0.04 0.013 0.073 0.059 0.047 0.019 0.045 0.112 0.103 0.023 0.025 0.024 0.12 0.055 0.006 0.019 0.049
74 F 0.037 0.02 0.017 0.017 0.011 0.013 0.02 0.024 0.021 0.103 0.114 0.022 0.026 0.274 0.012 0.026 0.028 0.017 0.123 0.076
75 L 0.05 0.023 0.02 0.02 0.016 0.017 0.023 0.025 0.01 0.17 0.234 0.028 0.038 0.043 0.017 0.038 0.081 0.006 0.02 0.121
76 L 0.114 0.026 0.025 0.025 0.018 0.021 0.03 0.041 0.012 0.126 0.156 0.034 0.03 0.035 0.021 0.08 0.05 0.006 0.019 0.132
77 N 0.048 0.042 0.273 0.073 0.011 0.032 0.046 0.06 0.027 0.028 0.037 0.051 0.013 0.019 0.021 0.073 0.091 0.005 0.016 0.035
78 L 0.057 0.024 0.022 0.022 0.016 0.018 0.025 0.029 0.011 0.165 0.229 0.03 0.037 0.043 0.017 0.066 0.045 0.006 0.02 0.115
79 L 0.054 0.022 0.015 0.016 0.017 0.015 0.021 0.022 0.009 0.167 0.239 0.025 0.039 0.044 0.015 0.027 0.04 0.006 0.021 0.186
80 V 0.057 0.02 0.016 0.017 0.017 0.014 0.021 0.024 0.01 0.166 0.132 0.024 0.031 0.109 0.015 0.029 0.042 0.008 0.034 0.215
81 L 0.044 0.023 0.014 0.015 0.016 0.015 0.019 0.021 0.01 0.148 0.343 0.024 0.046 0.052 0.014 0.024 0.034 0.007 0.022 0.11
82 G 0.116 0.024 0.031 0.029 0.014 0.019 0.027 0.331 0.013 0.042 0.106 0.034 0.019 0.024 0.02 0.052 0.034 0.006 0.014 0.047
83 I 0.05 0.019 0.015 0.017 0.016 0.014 0.019 0.021 0.009 0.226 0.202 0.024 0.038 0.044 0.015 0.026 0.04 0.006 0.021 0.179
84 L 0.05 0.024 0.019 0.019 0.015 0.016 0.021 0.121 0.011 0.094 0.316 0.026 0.041 0.046 0.015 0.029 0.032 0.007 0.02 0.08
85 A 0.156 0.024 0.02 0.022 0.018 0.019 0.029 0.045 0.012 0.094 0.097 0.031 0.024 0.102 0.02 0.051 0.044 0.008 0.032 0.151
86 I 0.05 0.019 0.015 0.017 0.016 0.014 0.019 0.021 0.009 0.226 0.202 0.024 0.038 0.044 0.015 0.026 0.04 0.006 0.021 0.179
87 T 0.066 0.031 0.037 0.033 0.017 0.024 0.034 0.038 0.013 0.099 0.084 0.04 0.023 0.027 0.025 0.078 0.217 0.006 0.018 0.09
88 W 0.03 0.022 0.015 0.015 0.007 0.015 0.022 0.03 0.015 0.03 0.052 0.022 0.015 0.059 0.007 0.022 0.022 0.502 0.067 0.03
89 R 0.044 0.358 0.038 0.03 0.008 0.047 0.051 0.032 0.023 0.023 0.046 0.118 0.015 0.017 0.019 0.044 0.034 0.006 0.017 0.03
90 T 0.079 0.036 0.045 0.039 0.017 0.028 0.041 0.047 0.015 0.048 0.059 0.046 0.019 0.023 0.027 0.12 0.225 0.006 0.017 0.064
91 S 0.101 0.038 0.051 0.046 0.017 0.031 0.049 0.061 0.018 0.034 0.046 0.051 0.016 0.021 0.029 0.206 0.117 0.005 0.017 0.047
92 G 0.115 0.029 0.038 0.033 0.012 0.024 0.033 0.335 0.084 0.024 0.036 0.038 0.012 0.02 0.021 0.055 0.032 0.006 0.021 0.032
93 E 0.101 0.041 0.042 0.141 0.01 0.049 0.212 0.045 0.022 0.026 0.039 0.062 0.013 0.017 0.025 0.059 0.038 0.005 0.015 0.037
94 F 0.036 0.018 0.016 0.017 0.011 0.011 0.018 0.024 0.015 0.107 0.122 0.02 0.027 0.328 0.011 0.025 0.028 0.014 0.074 0.078
95 T 0.06 0.03 0.042 0.107 0.015 0.025 0.045 0.039 0.014 0.093 0.077 0.04 0.021 0.026 0.024 0.07 0.172 0.005 0.017 0.081
96 L 0.047 0.026 0.016 0.017 0.016 0.02 0.022 0.023 0.012 0.142 0.265 0.029 0.097 0.049 0.015 0.029 0.037 0.007 0.022 0.109
97 F 0.037 0.021 0.016 0.016 0.013 0.013 0.019 0.023 0.014 0.083 0.222 0.021 0.034 0.261 0.012 0.024 0.028 0.013 0.061 0.07
98 P 0.064 0.028 0.027 0.031 0.013 0.022 0.036 0.038 0.013 0.044 0.107 0.04 0.019 0.022 0.311 0.078 0.044 0.004 0.015 0.045
99 L 0.049 0.031 0.02 0.019 0.014 0.026 0.028 0.027 0.022 0.087 0.168 0.034 0.145 0.063 0.016 0.034 0.037 0.012 0.085 0.082
100 G 0.072 0.024 0.035 0.03 0.012 0.02 0.026 0.421 0.014 0.035 0.061 0.034 0.043 0.022 0.018 0.047 0.031 0.006 0.013 0.037
101 I 0.046 0.019 0.014 0.017 0.016 0.014 0.018 0.02 0.009 0.251 0.209 0.023 0.039 0.045 0.014 0.024 0.038 0.006 0.021 0.157
102 F 0.037 0.021 0.016 0.016 0.013 0.013 0.019 0.023 0.014 0.083 0.222 0.021 0.034 0.261 0.012 0.024 0.028 0.013 0.061 0.07
103 V 0.064 0.021 0.016 0.017 0.018 0.016 0.022 0.023 0.008 0.186 0.135 0.025 0.032 0.037 0.016 0.031 0.047 0.005 0.02 0.261
104 L 0.044 0.023 0.014 0.015 0.016 0.015 0.019 0.021 0.01 0.148 0.343 0.024 0.046 0.052 0.014 0.024 0.034 0.007 0.022 0.11
105 G 0.083 0.026 0.041 0.036 0.012 0.021 0.03 0.429 0.014 0.021 0.03 0.037 0.01 0.017 0.021 0.087 0.039 0.005 0.012 0.027
106 A 0.304 0.03 0.025 0.029 0.021 0.025 0.04 0.077 0.015 0.042 0.058 0.044 0.017 0.021 0.029 0.083 0.049 0.005 0.017 0.067
107 R 0.046 0.307 0.039 0.032 0.008 0.048 0.055 0.034 0.022 0.024 0.045 0.153 0.015 0.017 0.021 0.045 0.035 0.006 0.017 0.031
108 N 0.041 0.038 0.225 0.213 0.008 0.032 0.065 0.057 0.026 0.022 0.03 0.049 0.01 0.016 0.021 0.061 0.043 0.004 0.014 0.025
109 V 0.064 0.021 0.016 0.017 0.018 0.016 0.022 0.023 0.008 0.186 0.135 0.025 0.032 0.037 0.016 0.031 0.047 0.005 0.02 0.261
110 D 0.041 0.032 0.12 0.344 0.008 0.03 0.081 0.049 0.021 0.022 0.028 0.046 0.009 0.015 0.022 0.055 0.037 0.004 0.012 0.024
111 F 0.034 0.02 0.018 0.017 0.01 0.013 0.02 0.025 0.022 0.058 0.103 0.021 0.024 0.345 0.011 0.026 0.025 0.019 0.136 0.052
112 R 0.048 0.194 0.042 0.036 0.008 0.047 0.059 0.037 0.091 0.024 0.043 0.173 0.015 0.019 0.022 0.047 0.034 0.006 0.025 0.03
113 R 0.1 0.118 0.032 0.032 0.012 0.074 0.056 0.043 0.019 0.046 0.116 0.114 0.023 0.024 0.022 0.052 0.039 0.006 0.019 0.052
114 I 0.05 0.019 0.015 0.017 0.016 0.014 0.019 0.021 0.009 0.226 0.202 0.024 0.038 0.044 0.015 0.026 0.04 0.006 0.021 0.179
115 I 0.055 0.019 0.015 0.017 0.017 0.014 0.02 0.022 0.008 0.236 0.15 0.024 0.034 0.04 0.015 0.028 0.043 0.006 0.02 0.217
116 Y 0.044 0.109 0.038 0.103 0.008 0.034 0.053 0.034 0.031 0.031 0.05 0.103 0.015 0.061 0.02 0.042 0.033 0.014 0.141 0.036
117 L 0.047 0.025 0.02 0.02 0.015 0.017 0.023 0.026 0.012 0.091 0.268 0.028 0.038 0.117 0.016 0.037 0.077 0.009 0.034 0.081
118 Y 0.04 0.027 0.021 0.018 0.009 0.021 0.027 0.024 0.046 0.043 0.067 0.031 0.018 0.128 0.015 0.031 0.027 0.027 0.331 0.046
119 L 0.042 0.023 0.014 0.015 0.015 0.015 0.02 0.022 0.011 0.103 0.333 0.024 0.044 0.123 0.013 0.024 0.031 0.009 0.035 0.086
120 V 0.063 0.038 0.025 0.025 0.015 0.023 0.032 0.126 0.012 0.131 0.098 0.08 0.024 0.029 0.018 0.038 0.041 0.005 0.018 0.159
121 V 0.055 0.02 0.015 0.017 0.017 0.015 0.02 0.022 0.009 0.201 0.194 0.024 0.037 0.042 0.015 0.027 0.042 0.006 0.021 0.201
122 G 0.077 0.022 0.038 0.033 0.011 0.019 0.025 0.52 0.013 0.019 0.028 0.033 0.009 0.016 0.019 0.05 0.029 0.005 0.011 0.024
123 T 0.061 0.028 0.031 0.029 0.017 0.021 0.03 0.034 0.012 0.145 0.104 0.036 0.026 0.031 0.022 0.064 0.172 0.006 0.019 0.111
124 L 0.045 0.02 0.014 0.016 0.016 0.014 0.018 0.02 0.009 0.216 0.254 0.024 0.041 0.047 0.014 0.024 0.037 0.006 0.021 0.142
125 L 0.047 0.021 0.015 0.017 0.016 0.017 0.02 0.022 0.01 0.213 0.215 0.026 0.067 0.046 0.015 0.027 0.038 0.006 0.021 0.141
126 L 0.044 0.024 0.014 0.015 0.016 0.016 0.02 0.021 0.01 0.113 0.388 0.025 0.049 0.054 0.014 0.024 0.033 0.007 0.022 0.094
127 L 0.115 0.029 0.026 0.026 0.018 0.023 0.032 0.043 0.013 0.089 0.162 0.036 0.058 0.036 0.021 0.082 0.05 0.006 0.02 0.115
128 F 0.042 0.02 0.016 0.016 0.013 0.013 0.02 0.024 0.014 0.092 0.17 0.021 0.031 0.257 0.012 0.026 0.031 0.012 0.061 0.108
129 T 0.067 0.031 0.033 0.029 0.017 0.025 0.033 0.036 0.013 0.083 0.102 0.039 0.053 0.03 0.023 0.068 0.174 0.006 0.019 0.117
130 I 0.055 0.022 0.021 0.021 0.014 0.017 0.022 0.123 0.012 0.125 0.125 0.027 0.056 0.108 0.015 0.033 0.036 0.008 0.032 0.125
131 I 0.052 0.018 0.016 0.017 0.111 0.013 0.018 0.024 0.01 0.168 0.127 0.022 0.029 0.108 0.014 0.029 0.037 0.008 0.032 0.148
132 S 0.131 0.032 0.038 0.036 0.113 0.026 0.039 0.056 0.015 0.039 0.054 0.043 0.017 0.021 0.026 0.137 0.101 0.005 0.016 0.055
133 S 0.108 0.039 0.053 0.048 0.017 0.033 0.051 0.065 0.019 0.029 0.041 0.053 0.015 0.02 0.029 0.235 0.08 0.005 0.017 0.041
134 L 0.053 0.04 0.024 0.024 0.013 0.024 0.031 0.125 0.013 0.077 0.247 0.08 0.034 0.038 0.017 0.035 0.033 0.006 0.019 0.068
135 L 0.059 0.026 0.023 0.023 0.016 0.02 0.027 0.031 0.012 0.162 0.19 0.032 0.063 0.042 0.018 0.069 0.046 0.006 0.021 0.114
136 G 0.069 0.024 0.044 0.108 0.01 0.021 0.038 0.425 0.014 0.019 0.028 0.035 0.009 0.016 0.019 0.05 0.03 0.005 0.011 0.024
137 L 0.045 0.02 0.014 0.016 0.016 0.014 0.018 0.02 0.009 0.216 0.254 0.024 0.041 0.047 0.014 0.024 0.037 0.006 0.021 0.142
138 I 0.051 0.021 0.02 0.021 0.016 0.016 0.022 0.025 0.01 0.239 0.144 0.027 0.033 0.039 0.017 0.038 0.083 0.006 0.02 0.153
139 K 0.053 0.149 0.041 0.04 0.008 0.087 0.072 0.04 0.023 0.026 0.044 0.217 0.016 0.015 0.025 0.051 0.038 0.005 0.018 0.032
140 N 0.042 0.041 0.278 0.147 0.009 0.032 0.057 0.06 0.028 0.022 0.03 0.051 0.011 0.017 0.02 0.065 0.046 0.004 0.015 0.026
141 L 0.044 0.024 0.014 0.015 0.016 0.016 0.02 0.021 0.01 0.113 0.388 0.025 0.049 0.054 0.014 0.024 0.033 0.007 0.022 0.094
142 V 0.06 0.02 0.015 0.017 0.018 0.015 0.021 0.023 0.008 0.211 0.142 0.025 0.033 0.038 0.015 0.029 0.045 0.006 0.02 0.239
143 F 0.037 0.024 0.019 0.018 0.01 0.017 0.024 0.025 0.034 0.051 0.085 0.026 0.021 0.237 0.013 0.028 0.026 0.023 0.234 0.049
144 H 0.042 0.098 0.036 0.028 0.01 0.031 0.04 0.03 0.163 0.079 0.07 0.052 0.02 0.05 0.017 0.036 0.031 0.011 0.096 0.059
145 R 0.044 0.358 0.038 0.03 0.008 0.047 0.051 0.032 0.023 0.023 0.046 0.118 0.015 0.017 0.019 0.044 0.034 0.006 0.017 0.03
146 G 0.108 0.033 0.152 0.052 0.012 0.026 0.037 0.249 0.021 0.025 0.035 0.043 0.012 0.018 0.021 0.064 0.041 0.005 0.014 0.034
147 G 0.112 0.033 0.032 0.032 0.013 0.061 0.042 0.235 0.016 0.078 0.065 0.044 0.018 0.022 0.021 0.053 0.037 0.005 0.016 0.065
148 T 0.059 0.03 0.034 0.03 0.015 0.022 0.032 0.037 0.015 0.056 0.081 0.036 0.021 0.146 0.022 0.07 0.176 0.009 0.041 0.065
149 S 0.11 0.04 0.054 0.049 0.018 0.033 0.052 0.066 0.019 0.03 0.042 0.054 0.016 0.021 0.03 0.22 0.082 0.005 0.018 0.042
150 G 0.084 0.037 0.049 0.042 0.013 0.03 0.045 0.172 0.104 0.025 0.037 0.046 0.014 0.022 0.024 0.14 0.054 0.006 0.025 0.032
151 V 0.112 0.025 0.023 0.024 0.018 0.02 0.028 0.038 0.011 0.141 0.108 0.032 0.027 0.032 0.021 0.053 0.089 0.006 0.019 0.175
152 L 0.062 0.092 0.027 0.026 0.015 0.025 0.033 0.033 0.014 0.122 0.153 0.049 0.029 0.034 0.019 0.072 0.047 0.006 0.019 0.124
153 R 0.044 0.358 0.038 0.03 0.008 0.047 0.051 0.032 0.023 0.023 0.046 0.118 0.015 0.017 0.019 0.044 0.034 0.006 0.017 0.03
154 Q 0.05 0.124 0.044 0.041 0.008 0.155 0.081 0.038 0.095 0.025 0.044 0.086 0.018 0.018 0.021 0.05 0.036 0.006 0.027 0.031
155 S 0.147 0.038 0.047 0.044 0.018 0.031 0.049 0.067 0.018 0.032 0.045 0.051 0.016 0.021 0.029 0.205 0.074 0.005 0.017 0.046
156 F 0.035 0.02 0.016 0.016 0.011 0.011 0.019 0.024 0.015 0.072 0.167 0.02 0.03 0.33 0.011 0.025 0.026 0.015 0.074 0.062
157 G 0.077 0.022 0.038 0.033 0.011 0.019 0.025 0.52 0.013 0.019 0.028 0.033 0.009 0.016 0.019 0.05 0.029 0.005 0.011 0.024
158 I 0.046 0.017 0.014 0.017 0.016 0.013 0.017 0.02 0.009 0.285 0.165 0.023 0.036 0.043 0.014 0.025 0.039 0.006 0.02 0.173
159 I 0.05 0.019 0.015 0.017 0.016 0.014 0.019 0.021 0.009 0.226 0.202 0.024 0.038 0.044 0.015 0.026 0.04 0.006 0.021 0.179
160 Y 0.04 0.027 0.021 0.018 0.009 0.021 0.027 0.024 0.046 0.043 0.067 0.031 0.018 0.128 0.015 0.031 0.027 0.027 0.331 0.046
161 P 0.056 0.025 0.023 0.03 0.01 0.02 0.035 0.035 0.013 0.025 0.035 0.04 0.01 0.013 0.503 0.043 0.035 0.003 0.013 0.03
162 T 0.072 0.035 0.043 0.037 0.017 0.027 0.039 0.043 0.014 0.052 0.064 0.045 0.019 0.023 0.027 0.091 0.261 0.006 0.017 0.07
163 D 0.04 0.029 0.068 0.409 0.007 0.029 0.09 0.046 0.018 0.022 0.027 0.044 0.009 0.015 0.022 0.051 0.035 0.004 0.011 0.024
164 F 0.033 0.019 0.017 0.017 0.01 0.01 0.019 0.025 0.017 0.062 0.112 0.019 0.025 0.399 0.01 0.025 0.025 0.017 0.087 0.054
165 A 0.304 0.03 0.025 0.029 0.021 0.025 0.04 0.077 0.015 0.042 0.058 0.044 0.017 0.021 0.029 0.083 0.049 0.005 0.017 0.067
166 A 0.304 0.03 0.025 0.029 0.021 0.025 0.04 0.077 0.015 0.042 0.058 0.044 0.017 0.021 0.029 0.083 0.049 0.005 0.017 0.067
167 H 0.041 0.045 0.052 0.037 0.007 0.037 0.052 0.037 0.368 0.022 0.037 0.045 0.015 0.03 0.019 0.041 0.026 0.007 0.056 0.022
168 V 0.111 0.022 0.018 0.02 0.019 0.017 0.025 0.034 0.009 0.162 0.121 0.029 0.029 0.034 0.018 0.041 0.047 0.005 0.02 0.218
169 L 0.039 0.022 0.015 0.016 0.014 0.014 0.019 0.022 0.013 0.093 0.277 0.022 0.039 0.192 0.013 0.024 0.03 0.011 0.048 0.078
170 F 0.036 0.022 0.018 0.017 0.01 0.015 0.022 0.025 0.028 0.054 0.094 0.023 0.022 0.291 0.012 0.027 0.026 0.021 0.185 0.051
171 L 0.044 0.024 0.014 0.015 0.016 0.016 0.02 0.021 0.01 0.113 0.388 0.025 0.049 0.054 0.014 0.024 0.033 0.007 0.022 0.094
172 V 0.064 0.021 0.016 0.017 0.018 0.016 0.022 0.023 0.008 0.186 0.135 0.025 0.032 0.037 0.016 0.031 0.047 0.005 0.02 0.261
173 L 0.045 0.025 0.015 0.016 0.016 0.018 0.021 0.022 0.011 0.11 0.349 0.027 0.074 0.052 0.014 0.026 0.034 0.007 0.022 0.094
174 A 0.265 0.032 0.031 0.033 0.02 0.027 0.042 0.074 0.015 0.04 0.055 0.046 0.017 0.021 0.029 0.114 0.055 0.005 0.017 0.062
175 Y 0.04 0.027 0.021 0.018 0.009 0.021 0.027 0.024 0.046 0.043 0.067 0.031 0.018 0.128 0.015 0.031 0.027 0.027 0.331 0.046
176 C 0.082 0.026 0.031 0.029 0.208 0.021 0.032 0.044 0.012 0.061 0.067 0.034 0.019 0.023 0.021 0.116 0.056 0.005 0.016 0.095
177 Y 0.04 0.027 0.021 0.018 0.009 0.021 0.027 0.024 0.046 0.043 0.067 0.031 0.018 0.128 0.015 0.031 0.027 0.027 0.331 0.046
178 L 0.049 0.023 0.014 0.015 0.016 0.016 0.02 0.022 0.01 0.123 0.336 0.025 0.045 0.05 0.014 0.026 0.036 0.007 0.022 0.132
179 Y 0.046 0.058 0.029 0.027 0.009 0.034 0.044 0.032 0.036 0.036 0.057 0.135 0.017 0.083 0.02 0.039 0.032 0.019 0.205 0.04
180 F 0.033 0.019 0.017 0.017 0.01 0.01 0.019 0.025 0.017 0.062 0.112 0.019 0.025 0.399 0.01 0.025 0.025 0.017 0.087 0.054
181 K 0.05 0.132 0.098 0.056 0.008 0.05 0.11 0.043 0.024 0.024 0.039 0.166 0.014 0.016 0.024 0.054 0.039 0.005 0.017 0.03
182 K 0.053 0.156 0.04 0.039 0.008 0.051 0.066 0.04 0.021 0.026 0.043 0.257 0.015 0.016 0.025 0.051 0.038 0.005 0.017 0.032
183 L 0.101 0.025 0.017 0.018 0.018 0.018 0.024 0.033 0.01 0.109 0.27 0.029 0.039 0.043 0.017 0.037 0.039 0.006 0.021 0.127
184 G 0.075 0.035 0.108 0.124 0.012 0.029 0.053 0.152 0.02 0.024 0.034 0.047 0.012 0.018 0.024 0.128 0.055 0.005 0.014 0.031
185 W 0.033 0.021 0.015 0.015 0.009 0.015 0.021 0.028 0.014 0.081 0.074 0.022 0.019 0.056 0.009 0.023 0.026 0.403 0.058 0.058
186 K 0.056 0.105 0.041 0.041 0.008 0.052 0.069 0.042 0.02 0.027 0.042 0.292 0.015 0.015 0.027 0.052 0.039 0.005 0.017 0.032
187 S 0.14 0.037 0.045 0.042 0.018 0.03 0.046 0.063 0.017 0.036 0.049 0.049 0.017 0.021 0.029 0.176 0.11 0.005 0.017 0.052
188 Y 0.04 0.027 0.021 0.018 0.009 0.021 0.027 0.024 0.046 0.043 0.067 0.031 0.018 0.128 0.015 0.031 0.027 0.027 0.331 0.046
189 L 0.055 0.024 0.02 0.02 0.017 0.018 0.024 0.026 0.01 0.145 0.226 0.029 0.037 0.042 0.017 0.039 0.083 0.006 0.02 0.143
190 G 0.118 0.026 0.03 0.029 0.016 0.021 0.032 0.142 0.014 0.063 0.073 0.035 0.02 0.098 0.021 0.085 0.046 0.008 0.03 0.094
191 F 0.036 0.018 0.016 0.017 0.011 0.011 0.018 0.024 0.015 0.107 0.122 0.02 0.027 0.328 0.011 0.025 0.028 0.014 0.074 0.078
192 V 0.06 0.02 0.015 0.017 0.018 0.015 0.021 0.023 0.008 0.211 0.142 0.025 0.033 0.038 0.015 0.029 0.045 0.006 0.02 0.239
193 L 0.049 0.022 0.014 0.016 0.016 0.015 0.02 0.021 0.009 0.157 0.291 0.025 0.043 0.048 0.014 0.026 0.037 0.006 0.021 0.148
194 L 0.05 0.021 0.015 0.016 0.016 0.015 0.019 0.021 0.009 0.192 0.246 0.024 0.04 0.046 0.015 0.026 0.038 0.006 0.021 0.164
195 A 0.265 0.032 0.031 0.033 0.02 0.027 0.042 0.074 0.015 0.04 0.055 0.046 0.017 0.021 0.029 0.114 0.055 0.005 0.017 0.062
196 L 0.098 0.023 0.017 0.019 0.016 0.017 0.024 0.034 0.011 0.126 0.158 0.028 0.03 0.043 0.016 0.037 0.038 0.105 0.029 0.13
197 L 0.039 0.022 0.015 0.016 0.014 0.014 0.019 0.022 0.013 0.093 0.277 0.022 0.039 0.192 0.013 0.024 0.03 0.011 0.048 0.078
198 L 0.049 0.023 0.014 0.015 0.016 0.016 0.02 0.022 0.01 0.123 0.336 0.025 0.045 0.05 0.014 0.026 0.036 0.007 0.022 0.132
199 I 0.051 0.021 0.02 0.021 0.016 0.016 0.022 0.025 0.01 0.239 0.144 0.027 0.033 0.039 0.017 0.038 0.083 0.006 0.02 0.153
200 K 0.055 0.076 0.038 0.035 0.01 0.042 0.057 0.038 0.087 0.053 0.058 0.189 0.018 0.022 0.023 0.046 0.038 0.006 0.025 0.08
201 F 0.039 0.026 0.022 0.031 0.01 0.023 0.079 0.027 0.024 0.05 0.088 0.032 0.021 0.268 0.014 0.032 0.028 0.017 0.122 0.048
202 C 0.065 0.02 0.021 0.02 0.399 0.015 0.021 0.034 0.009 0.046 0.064 0.025 0.017 0.021 0.018 0.05 0.081 0.004 0.013 0.059
203 D 0.043 0.038 0.063 0.337 0.008 0.069 0.092 0.045 0.02 0.023 0.031 0.053 0.011 0.015 0.022 0.052 0.036 0.004 0.013 0.026
204 A 0.304 0.03 0.025 0.029 0.021 0.025 0.04 0.077 0.015 0.042 0.058 0.044 0.017 0.021 0.029 0.083 0.049 0.005 0.017 0.067
205 R 0.044 0.358 0.038 0.03 0.008 0.047 0.051 0.032 0.023 0.023 0.046 0.118 0.015 0.017 0.019 0.044 0.034 0.006 0.017 0.03
206 L 0.044 0.024 0.014 0.015 0.016 0.016 0.02 0.021 0.01 0.113 0.388 0.025 0.049 0.054 0.014 0.024 0.033 0.007 0.022 0.094
207 S 0.081 0.038 0.111 0.127 0.014 0.032 0.058 0.061 0.021 0.026 0.036 0.051 0.013 0.019 0.026 0.165 0.065 0.005 0.016 0.035
208 A 0.252 0.028 0.023 0.027 0.02 0.023 0.035 0.065 0.013 0.091 0.08 0.04 0.021 0.026 0.026 0.072 0.047 0.005 0.018 0.089
209 Y 0.047 0.024 0.019 0.018 0.012 0.019 0.025 0.024 0.031 0.115 0.099 0.028 0.024 0.093 0.015 0.03 0.034 0.019 0.207 0.119
210 A 0.174 0.031 0.034 0.034 0.019 0.026 0.04 0.061 0.015 0.086 0.073 0.043 0.02 0.025 0.026 0.132 0.06 0.005 0.018 0.078
211 L 0.046 0.023 0.015 0.017 0.016 0.017 0.02 0.022 0.011 0.179 0.26 0.026 0.069 0.048 0.014 0.026 0.037 0.007 0.022 0.125
212 L 0.045 0.021 0.014 0.016 0.016 0.015 0.019 0.021 0.009 0.182 0.298 0.024 0.044 0.05 0.014 0.024 0.035 0.006 0.021 0.126
213 L 0.044 0.023 0.014 0.015 0.016 0.015 0.019 0.021 0.01 0.148 0.343 0.024 0.046 0.052 0.014 0.024 0.034 0.007 0.022 0.11
214 L 0.056 0.027 0.021 0.021 0.017 0.021 0.026 0.027 0.011 0.108 0.232 0.031 0.065 0.043 0.017 0.041 0.083 0.007 0.021 0.126
215 I 0.051 0.018 0.015 0.017 0.016 0.014 0.018 0.021 0.009 0.261 0.157 0.024 0.035 0.042 0.015 0.026 0.041 0.006 0.02 0.195
216 P 0.056 0.025 0.023 0.03 0.01 0.02 0.035 0.035 0.013 0.025 0.035 0.04 0.01 0.013 0.503 0.043 0.035 0.003 0.013 0.03
217 V 0.069 0.021 0.016 0.017 0.019 0.016 0.023 0.024 0.008 0.161 0.128 0.026 0.031 0.035 0.016 0.032 0.048 0.005 0.02 0.283
218 L 0.049 0.026 0.018 0.019 0.016 0.022 0.023 0.025 0.013 0.173 0.182 0.03 0.121 0.046 0.015 0.031 0.039 0.007 0.022 0.124
219 W 0.041 0.022 0.016 0.017 0.012 0.017 0.021 0.025 0.013 0.146 0.125 0.025 0.056 0.051 0.012 0.026 0.032 0.205 0.04 0.099
220 I 0.046 0.017 0.014 0.017 0.016 0.013 0.017 0.02 0.009 0.285 0.165 0.023 0.036 0.043 0.014 0.025 0.039 0.006 0.02 0.173
221 G 0.122 0.024 0.036 0.032 0.013 0.02 0.028 0.431 0.013 0.023 0.034 0.035 0.011 0.017 0.021 0.057 0.033 0.005 0.012 0.033
222 K 0.056 0.098 0.041 0.042 0.008 0.088 0.076 0.042 0.022 0.027 0.043 0.252 0.016 0.015 0.026 0.053 0.039 0.005 0.018 0.033
223 R 0.046 0.171 0.093 0.041 0.01 0.075 0.054 0.038 0.023 0.041 0.111 0.081 0.022 0.024 0.019 0.047 0.038 0.006 0.018 0.043
224 A 0.304 0.03 0.025 0.029 0.021 0.025 0.04 0.077 0.015 0.042 0.058 0.044 0.017 0.021 0.029 0.083 0.049 0.005 0.017 0.067
225 A 0.112 0.055 0.037 0.036 0.013 0.072 0.058 0.05 0.026 0.033 0.051 0.102 0.017 0.04 0.025 0.091 0.047 0.01 0.081 0.044
226 E 0.055 0.076 0.041 0.061 0.008 0.092 0.172 0.039 0.024 0.025 0.041 0.164 0.015 0.015 0.026 0.054 0.038 0.005 0.017 0.032
227 G 0.066 0.06 0.097 0.042 0.01 0.024 0.032 0.38 0.018 0.02 0.03 0.045 0.01 0.016 0.019 0.053 0.033 0.005 0.012 0.025
228 D 0.041 0.046 0.095 0.113 0.008 0.03 0.051 0.041 0.026 0.029 0.044 0.088 0.014 0.047 0.018 0.045 0.034 0.109 0.088 0.032
229 G 0.071 0.041 0.033 0.031 0.014 0.027 0.037 0.134 0.014 0.104 0.081 0.085 0.021 0.026 0.021 0.079 0.047 0.005 0.017 0.111
230 F 0.097 0.021 0.018 0.019 0.015 0.015 0.023 0.034 0.013 0.123 0.115 0.026 0.027 0.179 0.016 0.038 0.037 0.01 0.046 0.126
231 C 0.08 0.027 0.032 0.032 0.206 0.022 0.034 0.046 0.013 0.034 0.049 0.037 0.015 0.019 0.119 0.119 0.054 0.004 0.014 0.045
232 R 0.049 0.257 0.039 0.035 0.008 0.049 0.059 0.036 0.022 0.025 0.044 0.188 0.015 0.016 0.022 0.047 0.036 0.005 0.017 0.031
233 F 0.056 0.043 0.029 0.028 0.012 0.027 0.037 0.037 0.018 0.056 0.1 0.084 0.051 0.176 0.019 0.075 0.042 0.01 0.046 0.054
234 L 0.047 0.021 0.015 0.017 0.016 0.017 0.02 0.022 0.01 0.213 0.215 0.026 0.067 0.046 0.015 0.027 0.038 0.006 0.021 0.141
235 A 0.304 0.03 0.025 0.029 0.021 0.025 0.04 0.077 0.015 0.042 0.058 0.044 0.017 0.021 0.029 0.083 0.049 0.005 0.017 0.067
236 A 0.108 0.035 0.095 0.043 0.014 0.028 0.042 0.053 0.088 0.08 0.066 0.044 0.019 0.027 0.022 0.091 0.049 0.006 0.025 0.066
237 F 0.033 0.019 0.017 0.017 0.01 0.01 0.019 0.025 0.017 0.062 0.112 0.019 0.025 0.399 0.01 0.025 0.025 0.017 0.087 0.054
238 Y 0.052 0.028 0.027 0.024 0.011 0.021 0.03 0.033 0.035 0.044 0.071 0.033 0.019 0.161 0.017 0.07 0.038 0.021 0.22 0.046
239 W 0.03 0.022 0.015 0.015 0.007 0.015 0.022 0.03 0.015 0.03 0.052 0.022 0.015 0.059 0.007 0.022 0.022 0.502 0.067 0.03
240 C 0.068 0.028 0.029 0.028 0.112 0.022 0.03 0.037 0.013 0.102 0.105 0.035 0.053 0.031 0.02 0.085 0.091 0.006 0.018 0.086
241 V 0.06 0.024 0.021 0.021 0.017 0.018 0.024 0.026 0.01 0.155 0.174 0.029 0.033 0.038 0.018 0.041 0.086 0.006 0.02 0.181
242 P 0.105 0.026 0.023 0.03 0.012 0.021 0.036 0.044 0.013 0.029 0.04 0.041 0.012 0.014 0.409 0.051 0.038 0.003 0.014 0.038
243 V 0.057 0.021 0.017 0.02 0.016 0.016 0.023 0.025 0.009 0.184 0.124 0.028 0.029 0.034 0.113 0.031 0.042 0.005 0.019 0.189
244 L 0.045 0.021 0.014 0.016 0.016 0.015 0.019 0.021 0.009 0.182 0.298 0.024 0.044 0.05 0.014 0.024 0.035 0.006 0.021 0.126
245 L 0.146 0.025 0.019 0.021 0.017 0.018 0.028 0.044 0.013 0.075 0.201 0.031 0.031 0.11 0.019 0.048 0.038 0.008 0.033 0.075
246 G 0.213 0.027 0.03 0.031 0.017 0.022 0.034 0.254 0.014 0.033 0.046 0.039 0.014 0.019 0.025 0.07 0.041 0.005 0.015 0.05
247 Y 0.04 0.027 0.021 0.018 0.009 0.021 0.027 0.024 0.046 0.043 0.067 0.031 0.018 0.128 0.015 0.031 0.027 0.027 0.331 0.046
248 I 0.055 0.019 0.015 0.017 0.017 0.014 0.02 0.022 0.008 0.236 0.15 0.024 0.034 0.04 0.015 0.028 0.043 0.006 0.02 0.217
249 T 0.066 0.031 0.037 0.033 0.017 0.024 0.034 0.038 0.013 0.099 0.084 0.04 0.023 0.027 0.025 0.078 0.217 0.006 0.018 0.09
250 V 0.062 0.021 0.016 0.017 0.017 0.015 0.022 0.024 0.01 0.142 0.125 0.024 0.03 0.108 0.015 0.031 0.044 0.008 0.034 0.237
251 C 0.102 0.021 0.018 0.019 0.207 0.015 0.022 0.037 0.011 0.061 0.137 0.025 0.025 0.103 0.017 0.042 0.036 0.007 0.03 0.065
252 L 0.097 0.027 0.017 0.019 0.017 0.02 0.025 0.033 0.012 0.096 0.283 0.031 0.068 0.046 0.017 0.038 0.037 0.007 0.021 0.088
253 S 0.141 0.034 0.045 0.041 0.017 0.028 0.044 0.158 0.017 0.03 0.042 0.047 0.015 0.02 0.027 0.168 0.064 0.005 0.016 0.043
254 Y 0.04 0.027 0.021 0.018 0.009 0.021 0.027 0.024 0.046 0.043 0.067 0.031 0.018 0.128 0.015 0.031 0.027 0.027 0.331 0.046
255 F 0.035 0.02 0.016 0.016 0.011 0.011 0.019 0.024 0.015 0.072 0.167 0.02 0.03 0.33 0.011 0.025 0.026 0.015 0.074 0.062
256 Y 0.038 0.026 0.02 0.018 0.009 0.019 0.026 0.025 0.04 0.047 0.076 0.028 0.02 0.182 0.014 0.029 0.027 0.025 0.282 0.047
257 S 0.127 0.038 0.101 0.049 0.016 0.03 0.046 0.063 0.019 0.035 0.047 0.049 0.016 0.021 0.027 0.143 0.104 0.005 0.017 0.049
258 P 0.066 0.032 0.036 0.034 0.013 0.026 0.04 0.042 0.085 0.078 0.063 0.042 0.018 0.025 0.166 0.097 0.048 0.005 0.024 0.061
259 G 0.128 0.035 0.1 0.048 0.015 0.028 0.043 0.158 0.019 0.028 0.04 0.047 0.014 0.019 0.025 0.134 0.057 0.005 0.015 0.04
260 N 0.045 0.056 0.217 0.065 0.008 0.038 0.053 0.054 0.096 0.023 0.034 0.099 0.013 0.02 0.021 0.06 0.042 0.005 0.024 0.027
261 P 0.05 0.112 0.035 0.034 0.009 0.036 0.049 0.037 0.087 0.025 0.039 0.107 0.013 0.017 0.214 0.045 0.034 0.005 0.023 0.029
262 L 0.11 0.022 0.017 0.02 0.017 0.017 0.024 0.035 0.01 0.181 0.194 0.029 0.035 0.04 0.018 0.039 0.04 0.006 0.02 0.127
263 L 0.039 0.022 0.016 0.016 0.012 0.015 0.021 0.023 0.02 0.079 0.213 0.023 0.033 0.207 0.013 0.026 0.029 0.015 0.11 0.068
264 E 0.048 0.048 0.03 0.05 0.009 0.041 0.146 0.032 0.019 0.077 0.066 0.097 0.018 0.03 0.02 0.041 0.034 0.105 0.027 0.059
265 K 0.051 0.081 0.036 0.037 0.009 0.08 0.066 0.038 0.021 0.034 0.057 0.197 0.018 0.092 0.023 0.047 0.036 0.008 0.032 0.037
266 I 0.099 0.023 0.018 0.02 0.017 0.018 0.024 0.033 0.011 0.199 0.149 0.03 0.06 0.04 0.018 0.038 0.041 0.006 0.02 0.136
267 N 0.041 0.038 0.225 0.213 0.008 0.032 0.065 0.057 0.026 0.022 0.03 0.049 0.01 0.016 0.021 0.061 0.043 0.004 0.014 0.025
268 K 0.06 0.061 0.104 0.051 0.01 0.077 0.064 0.05 0.093 0.025 0.04 0.106 0.015 0.02 0.024 0.09 0.047 0.006 0.025 0.031
269 L 0.046 0.023 0.015 0.017 0.016 0.017 0.02 0.022 0.011 0.179 0.26 0.026 0.069 0.048 0.014 0.026 0.037 0.007 0.022 0.125
270 L 0.049 0.023 0.014 0.015 0.016 0.016 0.02 0.022 0.01 0.123 0.336 0.025 0.045 0.05 0.014 0.026 0.036 0.007 0.022 0.132
271 S 0.108 0.039 0.053 0.048 0.017 0.033 0.051 0.065 0.019 0.029 0.041 0.053 0.015 0.02 0.029 0.235 0.08 0.005 0.017 0.041
272 G 0.083 0.026 0.041 0.036 0.012 0.021 0.03 0.429 0.014 0.021 0.03 0.037 0.01 0.017 0.021 0.087 0.039 0.005 0.012 0.027
273 R 0.044 0.358 0.038 0.03 0.008 0.047 0.051 0.032 0.023 0.023 0.046 0.118 0.015 0.017 0.019 0.044 0.034 0.006 0.017 0.03
274 L 0.044 0.024 0.014 0.015 0.016 0.016 0.02 0.021 0.01 0.113 0.388 0.025 0.049 0.054 0.014 0.024 0.033 0.007 0.022 0.094
275 A 0.147 0.042 0.026 0.027 0.014 0.027 0.039 0.049 0.022 0.043 0.068 0.086 0.019 0.117 0.022 0.055 0.038 0.012 0.094 0.053
276 L 0.043 0.024 0.017 0.017 0.013 0.018 0.022 0.022 0.024 0.119 0.215 0.027 0.034 0.081 0.015 0.027 0.032 0.015 0.145 0.091
277 S 0.091 0.038 0.047 0.053 0.014 0.036 0.098 0.15 0.019 0.026 0.037 0.053 0.014 0.019 0.026 0.162 0.061 0.005 0.016 0.036
278 H 0.041 0.045 0.108 0.046 0.008 0.037 0.052 0.043 0.3 0.022 0.036 0.046 0.014 0.027 0.019 0.047 0.031 0.007 0.048 0.023
279 E 0.061 0.045 0.036 0.055 0.012 0.08 0.157 0.035 0.02 0.057 0.062 0.062 0.019 0.021 0.023 0.057 0.084 0.006 0.018 0.09
280 A 0.304 0.03 0.025 0.029 0.021 0.025 0.04 0.077 0.015 0.042 0.058 0.044 0.017 0.021 0.029 0.083 0.049 0.005 0.017 0.067
281 I 0.043 0.019 0.015 0.017 0.015 0.013 0.018 0.021 0.01 0.206 0.199 0.023 0.036 0.117 0.014 0.024 0.035 0.008 0.034 0.134
282 D 0.047 0.059 0.107 0.123 0.008 0.076 0.072 0.046 0.093 0.024 0.037 0.105 0.014 0.018 0.022 0.054 0.038 0.005 0.024 0.028
283 K 0.053 0.149 0.041 0.04 0.008 0.087 0.072 0.04 0.023 0.026 0.044 0.217 0.016 0.015 0.025 0.051 0.038 0.005 0.018 0.032
284 Y 0.04 0.027 0.021 0.018 0.009 0.021 0.027 0.024 0.046 0.043 0.067 0.031 0.018 0.128 0.015 0.031 0.027 0.027 0.331 0.046
285 G 0.073 0.023 0.035 0.033 0.01 0.019 0.027 0.423 0.013 0.02 0.029 0.035 0.009 0.015 0.116 0.049 0.03 0.005 0.011 0.025
286 F 0.051 0.022 0.017 0.018 0.015 0.016 0.022 0.025 0.013 0.109 0.134 0.025 0.058 0.183 0.014 0.03 0.037 0.01 0.048 0.153
287 S 0.095 0.04 0.108 0.055 0.015 0.033 0.051 0.065 0.021 0.028 0.039 0.053 0.015 0.02 0.027 0.202 0.074 0.005 0.017 0.038
288 L 0.05 0.021 0.015 0.016 0.016 0.015 0.019 0.021 0.009 0.192 0.246 0.024 0.04 0.046 0.015 0.026 0.038 0.006 0.021 0.164
289 F 0.033 0.019 0.017 0.017 0.01 0.01 0.019 0.025 0.017 0.062 0.112 0.019 0.025 0.399 0.01 0.025 0.025 0.017 0.087 0.054
290 G 0.077 0.022 0.038 0.033 0.011 0.019 0.025 0.52 0.013 0.019 0.028 0.033 0.009 0.016 0.019 0.05 0.029 0.005 0.011 0.024
291 R 0.048 0.181 0.099 0.047 0.008 0.118 0.071 0.042 0.027 0.024 0.043 0.093 0.016 0.016 0.021 0.053 0.04 0.005 0.018 0.031
292 H 0.042 0.041 0.045 0.033 0.009 0.033 0.046 0.034 0.296 0.041 0.108 0.041 0.022 0.035 0.018 0.038 0.027 0.007 0.049 0.037
293 L 0.054 0.027 0.018 0.019 0.016 0.022 0.025 0.025 0.013 0.148 0.174 0.031 0.12 0.044 0.016 0.033 0.041 0.007 0.022 0.146
294 V 0.06 0.036 0.029 0.027 0.015 0.063 0.044 0.03 0.084 0.107 0.093 0.042 0.026 0.03 0.018 0.039 0.042 0.006 0.027 0.181
295 E 0.054 0.049 0.04 0.088 0.007 0.063 0.31 0.034 0.025 0.022 0.036 0.074 0.013 0.016 0.025 0.054 0.036 0.005 0.016 0.031
296 H 0.041 0.045 0.108 0.046 0.008 0.037 0.052 0.043 0.3 0.022 0.036 0.046 0.014 0.027 0.019 0.047 0.031 0.007 0.048 0.023
297 G 0.128 0.027 0.039 0.035 0.014 0.023 0.033 0.34 0.015 0.025 0.037 0.039 0.012 0.018 0.023 0.094 0.043 0.005 0.013 0.036
298 W 0.033 0.022 0.015 0.015 0.01 0.014 0.021 0.027 0.014 0.053 0.131 0.022 0.024 0.126 0.009 0.023 0.025 0.306 0.062 0.047
299 G 0.077 0.022 0.038 0.033 0.011 0.019 0.025 0.52 0.013 0.019 0.028 0.033 0.009 0.016 0.019 0.05 0.029 0.005 0.011 0.024
300 G 0.122 0.024 0.036 0.032 0.013 0.02 0.028 0.431 0.013 0.023 0.034 0.035 0.011 0.017 0.021 0.057 0.033 0.005 0.012 0.033
301 L 0.059 0.032 0.089 0.037 0.016 0.024 0.034 0.039 0.015 0.08 0.135 0.038 0.026 0.031 0.021 0.061 0.13 0.006 0.018 0.109
302 G 0.123 0.046 0.04 0.038 0.015 0.031 0.045 0.149 0.016 0.034 0.047 0.093 0.015 0.019 0.026 0.102 0.092 0.005 0.016 0.047
303 G 0.077 0.022 0.038 0.033 0.011 0.019 0.025 0.52 0.013 0.019 0.028 0.033 0.009 0.016 0.019 0.05 0.029 0.005 0.011 0.024
304 L 0.059 0.026 0.023 0.023 0.016 0.02 0.027 0.031 0.012 0.162 0.19 0.032 0.063 0.042 0.018 0.069 0.046 0.006 0.021 0.114
305 K 0.053 0.149 0.041 0.04 0.008 0.087 0.072 0.04 0.023 0.026 0.044 0.217 0.016 0.015 0.025 0.051 0.038 0.005 0.018 0.032
306 L 0.1 0.034 0.083 0.034 0.015 0.028 0.034 0.045 0.019 0.072 0.134 0.041 0.112 0.036 0.019 0.052 0.043 0.007 0.021 0.073
307 F 0.149 0.027 0.025 0.026 0.016 0.02 0.031 0.049 0.015 0.052 0.081 0.034 0.021 0.173 0.021 0.061 0.082 0.01 0.045 0.062
308 D 0.098 0.033 0.035 0.113 0.012 0.033 0.099 0.042 0.024 0.045 0.076 0.046 0.047 0.046 0.021 0.051 0.037 0.01 0.08 0.052
309 Q 0.056 0.074 0.044 0.047 0.009 0.213 0.103 0.041 0.029 0.027 0.047 0.091 0.021 0.015 0.024 0.056 0.041 0.006 0.021 0.035
310 S 0.11 0.04 0.054 0.049 0.018 0.033 0.053 0.066 0.019 0.03 0.042 0.054 0.016 0.021 0.03 0.218 0.082 0.005 0.018 0.042
311 G 0.114 0.057 0.037 0.035 0.012 0.033 0.046 0.24 0.016 0.027 0.04 0.139 0.013 0.017 0.024 0.058 0.037 0.005 0.014 0.036
312 D 0.059 0.039 0.102 0.129 0.011 0.037 0.105 0.047 0.022 0.039 0.066 0.052 0.045 0.023 0.022 0.089 0.048 0.005 0.017 0.043
313 G 0.062 0.091 0.032 0.031 0.01 0.025 0.034 0.229 0.015 0.022 0.034 0.053 0.011 0.015 0.213 0.046 0.033 0.004 0.013 0.028
314 G 0.117 0.042 0.098 0.048 0.013 0.068 0.053 0.153 0.021 0.028 0.041 0.054 0.015 0.018 0.024 0.098 0.049 0.005 0.016 0.039
315 N 0.061 0.067 0.159 0.058 0.01 0.041 0.057 0.056 0.024 0.025 0.038 0.149 0.014 0.017 0.025 0.095 0.051 0.005 0.016 0.032
316 Y 0.04 0.027 0.021 0.018 0.009 0.021 0.027 0.024 0.046 0.043 0.067 0.031 0.018 0.128 0.015 0.031 0.027 0.027 0.331 0.046
317 F 0.033 0.019 0.017 0.017 0.01 0.01 0.019 0.025 0.017 0.062 0.112 0.019 0.025 0.399 0.01 0.025 0.025 0.017 0.087 0.054
318 F 0.034 0.02 0.018 0.017 0.01 0.013 0.02 0.025 0.022 0.058 0.103 0.021 0.024 0.345 0.011 0.026 0.025 0.019 0.136 0.052
319 I 0.055 0.019 0.015 0.017 0.017 0.014 0.02 0.022 0.008 0.236 0.15 0.024 0.034 0.04 0.015 0.028 0.043 0.006 0.02 0.217
320 D 0.04 0.029 0.068 0.409 0.007 0.029 0.09 0.046 0.018 0.022 0.027 0.044 0.009 0.015 0.022 0.051 0.035 0.004 0.011 0.024
