#Seq2Logo.py -f /work3/idamei/ssn-clusterings/clustering/2205181126/clusters/0005_288/sequences.afa -o /work3/idamei/ssn-clusterings/clustering/2205181126/clusters/0005_288/sequences.logo
#Position Specific Frequency Matrix
A R N D C Q E G H I L K M F P S T W Y V
0 L 0.051 0.032 0.02 0.02 0.016 0.028 0.028 0.028 0.016 0.099 0.194 0.036 0.173 0.047 0.016 0.036 0.04 0.008 0.024 0.091
1 F 0.044 0.023 0.017 0.018 0.014 0.017 0.021 0.024 0.014 0.147 0.158 0.026 0.077 0.161 0.014 0.029 0.035 0.01 0.044 0.107
2 L 0.057 0.023 0.015 0.016 0.018 0.016 0.022 0.023 0.009 0.139 0.255 0.026 0.04 0.045 0.015 0.028 0.041 0.006 0.021 0.185
3 I 0.047 0.018 0.015 0.018 0.016 0.013 0.018 0.021 0.009 0.271 0.168 0.024 0.037 0.044 0.015 0.025 0.04 0.006 0.021 0.177
4 N 0.043 0.045 0.317 0.083 0.009 0.034 0.049 0.065 0.032 0.022 0.032 0.054 0.011 0.018 0.02 0.07 0.049 0.004 0.016 0.027
5 V 0.058 0.02 0.015 0.018 0.018 0.015 0.02 0.022 0.008 0.22 0.148 0.025 0.034 0.04 0.015 0.029 0.044 0.006 0.02 0.225
6 K 0.083 0.073 0.047 0.045 0.013 0.043 0.061 0.054 0.02 0.028 0.042 0.169 0.015 0.018 0.028 0.139 0.06 0.005 0.017 0.037
7 R 0.05 0.228 0.04 0.036 0.008 0.051 0.061 0.038 0.022 0.025 0.045 0.201 0.015 0.016 0.023 0.049 0.037 0.005 0.017 0.032
8 D 0.042 0.037 0.195 0.242 0.008 0.032 0.07 0.055 0.025 0.022 0.03 0.049 0.01 0.016 0.021 0.06 0.042 0.004 0.013 0.025
9 L 0.128 0.135 0.026 0.025 0.015 0.03 0.037 0.044 0.016 0.06 0.162 0.063 0.027 0.031 0.021 0.051 0.039 0.006 0.019 0.065
10 L 0.041 0.022 0.015 0.016 0.014 0.014 0.02 0.022 0.012 0.097 0.292 0.023 0.041 0.167 0.013 0.024 0.03 0.01 0.044 0.082
11 I 0.054 0.019 0.015 0.018 0.017 0.014 0.019 0.022 0.009 0.24 0.154 0.024 0.035 0.041 0.015 0.027 0.043 0.006 0.02 0.209
12 L 0.046 0.02 0.014 0.017 0.016 0.014 0.018 0.021 0.009 0.224 0.238 0.024 0.041 0.047 0.014 0.025 0.037 0.006 0.021 0.148
13 F 0.035 0.023 0.018 0.017 0.009 0.016 0.023 0.027 0.026 0.045 0.078 0.024 0.02 0.194 0.011 0.026 0.025 0.181 0.16 0.044
14 L 0.053 0.021 0.015 0.017 0.017 0.015 0.02 0.022 0.009 0.185 0.226 0.025 0.039 0.044 0.015 0.027 0.04 0.006 0.021 0.182
15 F 0.071 0.027 0.029 0.028 0.016 0.02 0.031 0.038 0.015 0.085 0.095 0.033 0.024 0.15 0.019 0.095 0.052 0.009 0.042 0.124
16 Q 0.054 0.059 0.036 0.038 0.011 0.158 0.077 0.036 0.025 0.051 0.096 0.072 0.07 0.026 0.021 0.049 0.04 0.007 0.022 0.054
17 L 0.052 0.019 0.015 0.016 0.174 0.014 0.018 0.025 0.009 0.146 0.204 0.023 0.034 0.039 0.015 0.03 0.036 0.006 0.018 0.109
18 I 0.042 0.018 0.015 0.017 0.014 0.012 0.018 0.022 0.011 0.206 0.149 0.022 0.033 0.16 0.013 0.025 0.035 0.009 0.043 0.135
19 I 0.042 0.018 0.015 0.017 0.014 0.012 0.018 0.022 0.011 0.206 0.149 0.022 0.033 0.16 0.013 0.025 0.035 0.009 0.043 0.135
20 C 0.06 0.025 0.024 0.023 0.174 0.018 0.025 0.032 0.011 0.07 0.17 0.03 0.028 0.033 0.019 0.052 0.108 0.006 0.017 0.074
21 I 0.048 0.022 0.016 0.018 0.016 0.018 0.021 0.023 0.011 0.219 0.176 0.027 0.081 0.045 0.015 0.028 0.04 0.007 0.022 0.147
22 L 0.045 0.022 0.014 0.016 0.016 0.015 0.019 0.021 0.01 0.169 0.31 0.024 0.045 0.051 0.014 0.024 0.035 0.007 0.022 0.122
23 S 0.109 0.04 0.054 0.048 0.017 0.033 0.052 0.066 0.019 0.029 0.041 0.054 0.016 0.021 0.029 0.228 0.081 0.005 0.017 0.041
24 F 0.037 0.021 0.016 0.016 0.012 0.012 0.019 0.024 0.014 0.08 0.203 0.021 0.033 0.28 0.012 0.025 0.028 0.013 0.066 0.068
25 L 0.066 0.029 0.027 0.026 0.016 0.022 0.031 0.036 0.013 0.086 0.268 0.035 0.038 0.043 0.019 0.092 0.049 0.006 0.02 0.077
26 L 0.066 0.029 0.027 0.026 0.016 0.022 0.031 0.036 0.013 0.086 0.268 0.035 0.038 0.043 0.019 0.092 0.049 0.006 0.02 0.077
27 G 0.062 0.027 0.027 0.028 0.012 0.022 0.03 0.193 0.014 0.048 0.086 0.037 0.063 0.026 0.178 0.043 0.035 0.005 0.016 0.049
28 L 0.046 0.045 0.023 0.022 0.012 0.027 0.034 0.027 0.022 0.074 0.22 0.092 0.033 0.063 0.018 0.033 0.033 0.012 0.097 0.067
29 V 0.063 0.021 0.016 0.018 0.018 0.015 0.022 0.023 0.008 0.192 0.138 0.025 0.032 0.037 0.016 0.03 0.046 0.006 0.02 0.253
30 L 0.058 0.023 0.021 0.02 0.015 0.017 0.022 0.146 0.01 0.102 0.231 0.027 0.035 0.04 0.016 0.033 0.036 0.006 0.019 0.123
31 G 0.069 0.021 0.033 0.029 0.012 0.017 0.023 0.393 0.012 0.084 0.062 0.031 0.016 0.023 0.018 0.044 0.032 0.005 0.013 0.061
32 D 0.042 0.03 0.108 0.131 0.01 0.024 0.046 0.039 0.026 0.092 0.073 0.038 0.019 0.051 0.018 0.044 0.038 0.01 0.094 0.068
33 L 0.042 0.021 0.015 0.016 0.015 0.014 0.019 0.022 0.011 0.143 0.262 0.023 0.04 0.137 0.013 0.024 0.033 0.009 0.038 0.104
34 Y 0.061 0.05 0.034 0.031 0.011 0.032 0.044 0.039 0.033 0.036 0.055 0.101 0.017 0.073 0.022 0.086 0.044 0.016 0.173 0.041
35 L 0.039 0.021 0.015 0.016 0.013 0.013 0.019 0.023 0.013 0.088 0.249 0.022 0.037 0.225 0.012 0.024 0.029 0.012 0.055 0.074
36 G 0.091 0.034 0.047 0.042 0.016 0.028 0.042 0.173 0.016 0.032 0.044 0.046 0.015 0.02 0.026 0.151 0.112 0.005 0.016 0.044
37 L 0.051 0.02 0.015 0.017 0.017 0.015 0.019 0.021 0.009 0.21 0.211 0.024 0.038 0.044 0.015 0.026 0.04 0.006 0.021 0.181
38 F 0.035 0.021 0.018 0.017 0.01 0.013 0.021 0.025 0.024 0.058 0.101 0.022 0.023 0.329 0.012 0.026 0.026 0.019 0.148 0.052
39 L 0.039 0.021 0.015 0.016 0.013 0.013 0.019 0.023 0.013 0.088 0.249 0.022 0.037 0.225 0.012 0.024 0.029 0.012 0.055 0.074
40 L 0.044 0.024 0.014 0.015 0.016 0.016 0.02 0.021 0.01 0.114 0.385 0.025 0.049 0.054 0.014 0.024 0.033 0.007 0.022 0.095
41 I 0.046 0.017 0.014 0.017 0.016 0.013 0.017 0.02 0.009 0.282 0.165 0.023 0.036 0.044 0.014 0.025 0.039 0.006 0.02 0.174
42 F 0.044 0.018 0.016 0.017 0.132 0.012 0.018 0.026 0.012 0.113 0.114 0.02 0.026 0.214 0.013 0.029 0.031 0.011 0.052 0.085
43 N 0.042 0.044 0.327 0.082 0.009 0.033 0.049 0.064 0.031 0.022 0.031 0.053 0.011 0.018 0.02 0.069 0.049 0.004 0.015 0.027
44 Y 0.039 0.024 0.018 0.017 0.011 0.017 0.023 0.024 0.03 0.066 0.158 0.026 0.028 0.177 0.014 0.028 0.028 0.02 0.191 0.06
45 F 0.045 0.021 0.016 0.016 0.014 0.013 0.02 0.024 0.013 0.1 0.185 0.022 0.033 0.22 0.013 0.027 0.033 0.011 0.054 0.121
46 I 0.046 0.019 0.014 0.017 0.016 0.014 0.018 0.02 0.009 0.24 0.22 0.024 0.039 0.046 0.014 0.024 0.038 0.006 0.021 0.154
47 S 0.097 0.034 0.044 0.04 0.136 0.028 0.043 0.057 0.016 0.033 0.047 0.045 0.016 0.02 0.026 0.184 0.07 0.005 0.016 0.045
48 F 0.033 0.019 0.017 0.017 0.01 0.01 0.019 0.025 0.017 0.062 0.113 0.019 0.025 0.396 0.01 0.025 0.025 0.017 0.087 0.054
49 L 0.039 0.021 0.015 0.016 0.013 0.013 0.019 0.023 0.013 0.088 0.249 0.022 0.037 0.225 0.012 0.024 0.029 0.012 0.055 0.074
50 L 0.053 0.024 0.016 0.017 0.017 0.018 0.022 0.023 0.011 0.164 0.218 0.027 0.072 0.045 0.015 0.029 0.04 0.007 0.022 0.16
51 V 0.069 0.022 0.016 0.018 0.019 0.016 0.023 0.024 0.008 0.162 0.128 0.026 0.031 0.035 0.016 0.032 0.049 0.005 0.02 0.28
52 N 0.042 0.044 0.327 0.082 0.009 0.033 0.049 0.064 0.031 0.022 0.031 0.053 0.011 0.018 0.02 0.069 0.049 0.004 0.015 0.027
53 L 0.049 0.05 0.101 0.04 0.012 0.032 0.041 0.039 0.019 0.108 0.108 0.1 0.059 0.031 0.019 0.045 0.042 0.006 0.019 0.081
54 N 0.045 0.045 0.255 0.084 0.008 0.041 0.113 0.057 0.03 0.022 0.032 0.058 0.011 0.017 0.021 0.065 0.046 0.005 0.016 0.028
55 N 0.07 0.056 0.116 0.052 0.013 0.036 0.052 0.054 0.021 0.033 0.045 0.11 0.015 0.019 0.026 0.111 0.107 0.005 0.017 0.043
56 L 0.047 0.044 0.021 0.021 0.014 0.025 0.032 0.026 0.013 0.092 0.299 0.091 0.04 0.044 0.017 0.031 0.034 0.007 0.021 0.079
57 N 0.076 0.042 0.186 0.066 0.013 0.033 0.051 0.066 0.025 0.026 0.037 0.054 0.013 0.019 0.025 0.146 0.066 0.005 0.017 0.034
58 K 0.065 0.071 0.042 0.039 0.013 0.04 0.055 0.043 0.017 0.04 0.054 0.163 0.018 0.02 0.028 0.073 0.144 0.006 0.018 0.052
59 N 0.042 0.044 0.327 0.082 0.009 0.033 0.049 0.064 0.031 0.022 0.031 0.053 0.011 0.018 0.02 0.069 0.049 0.004 0.015 0.027
60 L 0.045 0.021 0.014 0.016 0.016 0.015 0.019 0.021 0.009 0.198 0.275 0.024 0.043 0.049 0.014 0.024 0.036 0.006 0.021 0.134
61 F 0.045 0.019 0.016 0.017 0.014 0.013 0.019 0.024 0.013 0.142 0.13 0.022 0.029 0.218 0.013 0.027 0.034 0.011 0.054 0.141
62 N 0.05 0.042 0.256 0.071 0.011 0.032 0.046 0.059 0.027 0.03 0.039 0.051 0.013 0.019 0.022 0.074 0.101 0.005 0.016 0.037
63 L 0.117 0.025 0.02 0.023 0.017 0.019 0.03 0.04 0.011 0.086 0.152 0.034 0.027 0.031 0.14 0.046 0.042 0.005 0.018 0.118
64 P 0.069 0.052 0.041 0.043 0.011 0.126 0.073 0.046 0.022 0.027 0.042 0.068 0.017 0.016 0.144 0.096 0.049 0.005 0.018 0.035
65 T 0.081 0.036 0.045 0.04 0.017 0.029 0.042 0.048 0.015 0.047 0.058 0.047 0.018 0.023 0.028 0.126 0.213 0.006 0.017 0.063
66 F 0.04 0.018 0.016 0.017 0.013 0.012 0.018 0.023 0.013 0.172 0.139 0.021 0.031 0.22 0.012 0.025 0.032 0.011 0.054 0.114
67 F 0.036 0.02 0.016 0.016 0.012 0.012 0.019 0.024 0.015 0.075 0.181 0.02 0.031 0.31 0.011 0.025 0.027 0.014 0.071 0.064
68 L 0.044 0.024 0.014 0.015 0.016 0.016 0.02 0.021 0.01 0.114 0.385 0.025 0.049 0.054 0.014 0.024 0.033 0.007 0.022 0.095
69 L 0.067 0.026 0.025 0.025 0.017 0.02 0.028 0.033 0.011 0.147 0.18 0.032 0.033 0.038 0.018 0.078 0.05 0.006 0.02 0.147
70 G 0.077 0.023 0.039 0.033 0.011 0.019 0.025 0.517 0.013 0.019 0.028 0.033 0.009 0.016 0.019 0.051 0.029 0.005 0.011 0.024
71 F 0.033 0.019 0.017 0.017 0.01 0.01 0.019 0.025 0.017 0.062 0.113 0.019 0.025 0.396 0.01 0.025 0.025 0.017 0.087 0.054
72 G 0.077 0.027 0.036 0.032 0.014 0.021 0.03 0.28 0.014 0.045 0.12 0.036 0.021 0.027 0.02 0.089 0.043 0.006 0.015 0.046
73 F 0.052 0.023 0.023 0.022 0.014 0.016 0.025 0.029 0.014 0.085 0.104 0.027 0.025 0.213 0.016 0.043 0.089 0.011 0.053 0.115
74 L 0.041 0.023 0.015 0.015 0.015 0.015 0.02 0.022 0.012 0.101 0.317 0.023 0.043 0.139 0.013 0.024 0.031 0.009 0.038 0.085
75 I 0.043 0.018 0.015 0.017 0.015 0.012 0.018 0.021 0.011 0.227 0.152 0.022 0.033 0.132 0.013 0.025 0.036 0.009 0.037 0.144
76 L 0.041 0.023 0.015 0.015 0.015 0.015 0.02 0.022 0.012 0.101 0.317 0.023 0.043 0.139 0.013 0.024 0.031 0.009 0.038 0.085
77 G 0.077 0.023 0.039 0.033 0.011 0.019 0.025 0.517 0.013 0.019 0.028 0.033 0.009 0.016 0.019 0.051 0.029 0.005 0.011 0.024
78 R 0.044 0.355 0.038 0.031 0.008 0.048 0.052 0.032 0.023 0.023 0.046 0.118 0.015 0.017 0.019 0.044 0.034 0.006 0.017 0.031
79 F 0.042 0.019 0.017 0.017 0.013 0.012 0.02 0.025 0.015 0.087 0.116 0.02 0.027 0.306 0.012 0.027 0.031 0.014 0.071 0.111
80 F 0.045 0.019 0.016 0.017 0.014 0.013 0.019 0.024 0.013 0.142 0.13 0.022 0.029 0.218 0.013 0.027 0.034 0.011 0.054 0.141
81 A 0.197 0.031 0.036 0.035 0.018 0.025 0.039 0.184 0.015 0.033 0.047 0.044 0.015 0.02 0.027 0.112 0.052 0.005 0.016 0.05
82 W 0.047 0.042 0.022 0.023 0.011 0.024 0.033 0.03 0.015 0.07 0.084 0.089 0.022 0.127 0.015 0.033 0.034 0.132 0.048 0.099
83 L 0.039 0.021 0.015 0.016 0.013 0.013 0.019 0.023 0.013 0.088 0.249 0.022 0.037 0.225 0.012 0.024 0.029 0.012 0.055 0.074
84 L 0.044 0.024 0.014 0.015 0.016 0.016 0.02 0.021 0.01 0.114 0.385 0.025 0.049 0.054 0.014 0.024 0.033 0.007 0.022 0.095
85 D 0.042 0.032 0.119 0.227 0.01 0.027 0.062 0.044 0.019 0.045 0.118 0.042 0.02 0.025 0.02 0.049 0.038 0.005 0.015 0.042
86 P 0.063 0.033 0.104 0.044 0.013 0.026 0.039 0.047 0.018 0.048 0.123 0.043 0.021 0.026 0.141 0.092 0.05 0.005 0.017 0.048
87 S 0.091 0.037 0.057 0.138 0.015 0.032 0.061 0.06 0.019 0.027 0.038 0.051 0.014 0.019 0.027 0.186 0.069 0.005 0.016 0.037
88 F 0.04 0.018 0.016 0.017 0.013 0.012 0.018 0.023 0.013 0.17 0.14 0.021 0.031 0.218 0.013 0.025 0.032 0.011 0.054 0.115
89 G 0.093 0.031 0.046 0.041 0.014 0.026 0.039 0.29 0.016 0.024 0.035 0.044 0.012 0.018 0.024 0.138 0.055 0.005 0.014 0.033
90 L 0.059 0.034 0.104 0.041 0.013 0.026 0.037 0.044 0.026 0.052 0.131 0.041 0.023 0.055 0.02 0.089 0.047 0.011 0.096 0.052
91 L 0.041 0.022 0.017 0.017 0.013 0.015 0.021 0.023 0.02 0.125 0.183 0.024 0.032 0.156 0.014 0.026 0.031 0.014 0.114 0.092
92 E 0.048 0.121 0.047 0.154 0.007 0.051 0.189 0.037 0.023 0.022 0.036 0.078 0.012 0.016 0.023 0.051 0.035 0.005 0.015 0.029
93 L 0.057 0.053 0.034 0.045 0.012 0.04 0.109 0.035 0.017 0.054 0.132 0.108 0.024 0.027 0.023 0.056 0.091 0.006 0.018 0.057
94 L 0.045 0.021 0.014 0.016 0.016 0.015 0.019 0.021 0.009 0.198 0.275 0.024 0.043 0.049 0.014 0.024 0.036 0.006 0.021 0.134
95 F 0.033 0.019 0.017 0.017 0.01 0.01 0.019 0.025 0.017 0.062 0.113 0.019 0.025 0.396 0.01 0.025 0.025 0.017 0.087 0.054
96 C 0.064 0.016 0.016 0.016 0.491 0.012 0.016 0.032 0.008 0.044 0.064 0.02 0.016 0.02 0.016 0.04 0.036 0.004 0.012 0.056
97 L 0.059 0.028 0.028 0.027 0.017 0.021 0.029 0.032 0.011 0.125 0.17 0.034 0.031 0.036 0.021 0.058 0.147 0.006 0.019 0.102
98 D 0.045 0.052 0.126 0.234 0.008 0.036 0.075 0.05 0.022 0.023 0.032 0.108 0.011 0.016 0.023 0.056 0.039 0.004 0.014 0.027
99 F 0.033 0.019 0.017 0.017 0.01 0.01 0.019 0.025 0.017 0.062 0.113 0.019 0.025 0.396 0.01 0.025 0.025 0.017 0.087 0.054
100 F 0.04 0.018 0.016 0.017 0.013 0.012 0.018 0.023 0.013 0.172 0.139 0.021 0.031 0.22 0.012 0.025 0.032 0.011 0.054 0.114
101 F 0.033 0.019 0.017 0.017 0.01 0.01 0.019 0.025 0.017 0.062 0.113 0.019 0.025 0.396 0.01 0.025 0.025 0.017 0.087 0.054
102 H 0.106 0.037 0.107 0.042 0.012 0.029 0.042 0.051 0.114 0.033 0.049 0.043 0.015 0.049 0.021 0.056 0.038 0.011 0.104 0.041
103 Y 0.04 0.028 0.021 0.018 0.009 0.021 0.028 0.025 0.046 0.043 0.067 0.031 0.018 0.129 0.015 0.031 0.028 0.028 0.328 0.046
104 C 0.064 0.016 0.016 0.016 0.491 0.012 0.016 0.032 0.008 0.044 0.064 0.02 0.016 0.02 0.016 0.04 0.036 0.004 0.012 0.056
105 L 0.078 0.034 0.035 0.033 0.017 0.027 0.038 0.045 0.016 0.068 0.165 0.042 0.063 0.036 0.022 0.131 0.059 0.006 0.02 0.067
106 S 0.082 0.036 0.054 0.135 0.015 0.031 0.058 0.055 0.017 0.033 0.044 0.049 0.015 0.02 0.027 0.151 0.114 0.005 0.016 0.044
107 D 0.061 0.037 0.057 0.237 0.01 0.039 0.135 0.048 0.02 0.024 0.033 0.054 0.012 0.017 0.025 0.097 0.047 0.004 0.014 0.03
108 P 0.053 0.034 0.115 0.139 0.011 0.028 0.053 0.047 0.019 0.031 0.04 0.046 0.012 0.017 0.143 0.064 0.094 0.004 0.014 0.038
109 D 0.065 0.048 0.051 0.147 0.01 0.088 0.137 0.047 0.023 0.025 0.038 0.065 0.014 0.017 0.025 0.098 0.048 0.005 0.016 0.033
110 I 0.11 0.021 0.017 0.02 0.017 0.016 0.023 0.035 0.01 0.222 0.139 0.028 0.032 0.038 0.018 0.039 0.042 0.006 0.02 0.148
111 F 0.04 0.027 0.095 0.034 0.011 0.02 0.028 0.034 0.026 0.102 0.094 0.031 0.023 0.147 0.015 0.037 0.035 0.014 0.113 0.075
112 F 0.042 0.124 0.028 0.026 0.009 0.03 0.04 0.031 0.019 0.044 0.078 0.111 0.02 0.206 0.017 0.037 0.031 0.011 0.052 0.043
113 L 0.044 0.024 0.014 0.015 0.016 0.016 0.02 0.021 0.01 0.114 0.385 0.025 0.049 0.054 0.014 0.024 0.033 0.007 0.022 0.095
114 I 0.042 0.024 0.093 0.033 0.013 0.017 0.026 0.032 0.016 0.162 0.119 0.03 0.027 0.125 0.015 0.036 0.038 0.008 0.036 0.107
115 F 0.046 0.022 0.023 0.022 0.014 0.015 0.023 0.028 0.014 0.115 0.114 0.026 0.026 0.215 0.016 0.042 0.087 0.011 0.053 0.088
116 L 0.041 0.022 0.017 0.017 0.013 0.015 0.021 0.023 0.02 0.125 0.183 0.024 0.032 0.156 0.014 0.026 0.031 0.014 0.114 0.092
117 L 0.044 0.024 0.014 0.015 0.016 0.016 0.02 0.021 0.01 0.114 0.385 0.025 0.049 0.054 0.014 0.024 0.033 0.007 0.022 0.095
118 N 0.042 0.044 0.258 0.071 0.009 0.034 0.05 0.058 0.114 0.022 0.033 0.051 0.012 0.021 0.02 0.062 0.043 0.005 0.026 0.026
119 L 0.061 0.026 0.024 0.024 0.016 0.019 0.027 0.032 0.012 0.135 0.244 0.032 0.037 0.043 0.018 0.076 0.046 0.006 0.02 0.101
120 I 0.068 0.027 0.031 0.03 0.017 0.022 0.031 0.037 0.012 0.161 0.109 0.036 0.027 0.033 0.021 0.093 0.104 0.006 0.019 0.115
121 L 0.044 0.024 0.014 0.015 0.016 0.016 0.02 0.021 0.01 0.114 0.385 0.025 0.049 0.054 0.014 0.024 0.033 0.007 0.022 0.095
122 V 0.058 0.02 0.015 0.017 0.017 0.015 0.02 0.022 0.008 0.222 0.147 0.024 0.034 0.039 0.015 0.029 0.044 0.006 0.02 0.227
123 S 0.138 0.032 0.037 0.036 0.017 0.025 0.04 0.058 0.017 0.041 0.063 0.042 0.018 0.115 0.025 0.143 0.059 0.008 0.035 0.051
124 F 0.033 0.019 0.017 0.017 0.01 0.01 0.019 0.025 0.017 0.062 0.113 0.019 0.025 0.396 0.01 0.025 0.025 0.017 0.087 0.054
125 S 0.097 0.034 0.044 0.04 0.136 0.028 0.043 0.057 0.016 0.033 0.047 0.045 0.016 0.02 0.026 0.184 0.07 0.005 0.016 0.045
126 L 0.048 0.028 0.017 0.017 0.016 0.022 0.024 0.024 0.013 0.106 0.289 0.03 0.111 0.051 0.015 0.03 0.036 0.007 0.023 0.093
127 G 0.133 0.025 0.035 0.032 0.013 0.02 0.029 0.407 0.014 0.025 0.036 0.036 0.011 0.017 0.021 0.059 0.034 0.005 0.012 0.035
128 F 0.035 0.021 0.018 0.017 0.01 0.013 0.021 0.025 0.024 0.058 0.101 0.022 0.023 0.329 0.012 0.026 0.026 0.019 0.148 0.052
129 L 0.05 0.023 0.015 0.016 0.017 0.016 0.021 0.022 0.009 0.126 0.321 0.025 0.044 0.049 0.015 0.026 0.037 0.007 0.022 0.141
130 L 0.057 0.027 0.024 0.024 0.015 0.019 0.028 0.033 0.014 0.08 0.231 0.03 0.035 0.131 0.017 0.076 0.043 0.009 0.037 0.071
131 K 0.05 0.07 0.106 0.045 0.01 0.039 0.052 0.043 0.02 0.048 0.125 0.164 0.023 0.026 0.022 0.05 0.04 0.005 0.018 0.047
132 P 0.051 0.021 0.018 0.021 0.014 0.015 0.024 0.026 0.012 0.133 0.11 0.027 0.026 0.122 0.136 0.031 0.037 0.008 0.035 0.135
133 K 0.066 0.074 0.116 0.053 0.011 0.043 0.06 0.054 0.023 0.026 0.039 0.171 0.014 0.017 0.026 0.101 0.052 0.005 0.017 0.033
134 I 0.047 0.018 0.015 0.018 0.016 0.013 0.018 0.021 0.009 0.269 0.168 0.024 0.037 0.044 0.015 0.025 0.04 0.006 0.021 0.177
135 S 0.11 0.04 0.054 0.049 0.018 0.033 0.053 0.066 0.019 0.03 0.042 0.054 0.016 0.021 0.03 0.218 0.082 0.005 0.018 0.042
136 R 0.05 0.194 0.105 0.04 0.011 0.036 0.044 0.038 0.021 0.058 0.063 0.079 0.018 0.022 0.019 0.047 0.042 0.005 0.018 0.092
137 D 0.046 0.049 0.113 0.137 0.01 0.032 0.056 0.043 0.02 0.088 0.067 0.102 0.018 0.023 0.021 0.049 0.04 0.005 0.016 0.064
138 T 0.076 0.05 0.038 0.036 0.016 0.032 0.046 0.044 0.015 0.068 0.069 0.103 0.02 0.024 0.025 0.102 0.107 0.005 0.018 0.106
139 N 0.043 0.122 0.255 0.069 0.009 0.037 0.049 0.056 0.029 0.022 0.035 0.069 0.012 0.018 0.02 0.062 0.045 0.005 0.016 0.028
140 E 0.062 0.033 0.032 0.043 0.012 0.033 0.101 0.036 0.025 0.094 0.078 0.045 0.021 0.052 0.021 0.085 0.046 0.011 0.095 0.073
141 L 0.062 0.035 0.032 0.043 0.012 0.033 0.102 0.036 0.025 0.052 0.132 0.046 0.024 0.055 0.021 0.085 0.044 0.011 0.096 0.053
142 D 0.041 0.03 0.069 0.396 0.008 0.03 0.092 0.047 0.019 0.022 0.028 0.045 0.009 0.015 0.022 0.052 0.035 0.004 0.011 0.024
143 E 0.055 0.077 0.04 0.065 0.008 0.058 0.188 0.039 0.023 0.024 0.039 0.182 0.014 0.016 0.026 0.054 0.038 0.005 0.017 0.032
144 I 0.044 0.027 0.106 0.131 0.012 0.022 0.043 0.038 0.017 0.152 0.097 0.036 0.023 0.03 0.018 0.042 0.04 0.005 0.017 0.1
145 N 0.043 0.045 0.315 0.083 0.009 0.034 0.05 0.065 0.032 0.023 0.032 0.054 0.011 0.018 0.02 0.07 0.05 0.005 0.016 0.027
146 R 0.06 0.114 0.108 0.045 0.012 0.032 0.042 0.046 0.02 0.089 0.071 0.062 0.02 0.025 0.021 0.092 0.051 0.005 0.018 0.068
147 F 0.052 0.021 0.018 0.017 0.132 0.015 0.021 0.026 0.02 0.078 0.093 0.024 0.023 0.145 0.015 0.032 0.034 0.013 0.112 0.109
148 L 0.05 0.019 0.015 0.016 0.135 0.014 0.018 0.023 0.009 0.18 0.195 0.023 0.034 0.04 0.015 0.028 0.037 0.006 0.019 0.125
149 S 0.093 0.034 0.044 0.04 0.017 0.028 0.043 0.054 0.016 0.092 0.072 0.046 0.021 0.026 0.026 0.18 0.07 0.005 0.018 0.074
150 K 0.056 0.091 0.041 0.053 0.008 0.055 0.129 0.041 0.022 0.026 0.041 0.235 0.015 0.016 0.027 0.053 0.038 0.005 0.017 0.032
151 G 0.075 0.035 0.115 0.05 0.014 0.028 0.041 0.172 0.019 0.031 0.041 0.046 0.014 0.019 0.024 0.11 0.104 0.005 0.015 0.04
152 K 0.05 0.076 0.035 0.036 0.009 0.086 0.065 0.038 0.022 0.036 0.061 0.172 0.019 0.11 0.022 0.046 0.036 0.008 0.035 0.038
153 K 0.054 0.083 0.034 0.035 0.01 0.043 0.057 0.037 0.017 0.091 0.073 0.222 0.021 0.022 0.024 0.046 0.039 0.005 0.018 0.068
154 P 0.055 0.034 0.024 0.027 0.132 0.069 0.043 0.032 0.015 0.052 0.133 0.044 0.024 0.025 0.139 0.041 0.036 0.005 0.017 0.054
155 L 0.051 0.02 0.015 0.017 0.017 0.015 0.019 0.021 0.009 0.21 0.211 0.024 0.038 0.044 0.015 0.026 0.04 0.006 0.021 0.181
156 L 0.044 0.022 0.014 0.016 0.016 0.015 0.019 0.021 0.01 0.156 0.33 0.025 0.046 0.051 0.014 0.024 0.034 0.007 0.022 0.115
157 L 0.04 0.024 0.017 0.016 0.013 0.016 0.022 0.023 0.021 0.083 0.237 0.025 0.035 0.158 0.013 0.026 0.03 0.015 0.115 0.072
158 L 0.067 0.026 0.025 0.025 0.017 0.02 0.028 0.033 0.011 0.147 0.18 0.032 0.033 0.038 0.018 0.078 0.05 0.006 0.02 0.147
159 L 0.053 0.029 0.023 0.022 0.016 0.022 0.027 0.028 0.012 0.095 0.257 0.033 0.073 0.045 0.018 0.044 0.091 0.007 0.021 0.088
160 F 0.046 0.022 0.023 0.021 0.01 0.015 0.023 0.148 0.023 0.047 0.08 0.025 0.019 0.234 0.014 0.033 0.027 0.017 0.128 0.045
161 F 0.042 0.022 0.018 0.02 0.012 0.014 0.023 0.027 0.014 0.066 0.161 0.026 0.027 0.215 0.134 0.029 0.03 0.011 0.052 0.058
162 L 0.045 0.024 0.014 0.015 0.016 0.016 0.02 0.021 0.01 0.115 0.375 0.025 0.05 0.055 0.014 0.024 0.033 0.007 0.022 0.096
163 I 0.047 0.018 0.015 0.018 0.016 0.013 0.018 0.021 0.009 0.271 0.168 0.024 0.037 0.044 0.015 0.025 0.04 0.006 0.021 0.177
164 L 0.051 0.022 0.015 0.016 0.017 0.015 0.02 0.022 0.009 0.168 0.266 0.025 0.041 0.047 0.015 0.026 0.038 0.006 0.021 0.161
165 G 0.093 0.031 0.046 0.041 0.014 0.026 0.038 0.291 0.016 0.024 0.035 0.043 0.012 0.018 0.024 0.141 0.055 0.005 0.014 0.033
166 F 0.045 0.019 0.016 0.017 0.014 0.013 0.019 0.024 0.013 0.142 0.13 0.022 0.029 0.218 0.013 0.027 0.034 0.011 0.054 0.141
167 G 0.074 0.022 0.028 0.026 0.015 0.018 0.024 0.268 0.011 0.092 0.079 0.03 0.02 0.026 0.018 0.042 0.039 0.005 0.016 0.147
168 Y 0.042 0.025 0.02 0.018 0.011 0.019 0.025 0.023 0.037 0.103 0.092 0.029 0.023 0.108 0.015 0.029 0.03 0.022 0.251 0.078
169 L 0.06 0.028 0.024 0.023 0.016 0.02 0.028 0.032 0.012 0.093 0.299 0.032 0.041 0.046 0.018 0.076 0.045 0.007 0.021 0.081
170 I 0.049 0.019 0.015 0.017 0.015 0.013 0.019 0.022 0.011 0.197 0.143 0.023 0.032 0.13 0.014 0.027 0.038 0.008 0.037 0.171
171 F 0.037 0.023 0.019 0.018 0.01 0.016 0.023 0.025 0.031 0.053 0.09 0.025 0.022 0.262 0.013 0.028 0.026 0.022 0.208 0.05
172 D 0.048 0.031 0.108 0.131 0.011 0.025 0.047 0.04 0.026 0.062 0.064 0.038 0.017 0.049 0.018 0.046 0.04 0.01 0.094 0.094
173 G 0.058 0.111 0.105 0.041 0.012 0.029 0.037 0.16 0.019 0.056 0.058 0.058 0.017 0.022 0.018 0.049 0.04 0.005 0.016 0.09
174 F 0.035 0.021 0.016 0.016 0.011 0.013 0.02 0.025 0.015 0.067 0.165 0.021 0.028 0.226 0.011 0.024 0.026 0.135 0.066 0.058
175 G 0.061 0.062 0.041 0.052 0.009 0.09 0.126 0.159 0.022 0.023 0.038 0.122 0.014 0.016 0.024 0.053 0.036 0.005 0.016 0.03
176 K 0.065 0.07 0.039 0.037 0.011 0.04 0.055 0.044 0.026 0.032 0.048 0.165 0.016 0.045 0.025 0.092 0.047 0.011 0.095 0.038
177 I 0.046 0.017 0.014 0.017 0.016 0.013 0.017 0.02 0.009 0.282 0.165 0.023 0.036 0.044 0.014 0.025 0.039 0.006 0.02 0.174
178 L 0.123 0.03 0.028 0.028 0.016 0.024 0.035 0.047 0.022 0.057 0.138 0.038 0.025 0.056 0.022 0.092 0.048 0.011 0.096 0.062
179 L 0.046 0.024 0.016 0.017 0.016 0.018 0.021 0.022 0.011 0.152 0.282 0.027 0.077 0.05 0.015 0.027 0.036 0.007 0.022 0.114
180 A 0.243 0.028 0.023 0.026 0.021 0.023 0.036 0.064 0.013 0.072 0.076 0.039 0.021 0.025 0.026 0.071 0.049 0.005 0.018 0.121
181 L 0.045 0.021 0.014 0.016 0.016 0.015 0.019 0.021 0.009 0.198 0.275 0.024 0.043 0.049 0.014 0.024 0.036 0.006 0.021 0.134
182 S 0.092 0.041 0.122 0.057 0.015 0.033 0.051 0.065 0.022 0.027 0.039 0.053 0.014 0.02 0.027 0.191 0.073 0.005 0.017 0.038
183 G 0.087 0.038 0.046 0.055 0.013 0.037 0.109 0.171 0.019 0.025 0.037 0.054 0.013 0.018 0.026 0.142 0.057 0.005 0.015 0.034
184 G 0.077 0.023 0.039 0.033 0.011 0.019 0.025 0.517 0.013 0.019 0.028 0.033 0.009 0.016 0.019 0.051 0.029 0.005 0.011 0.024
185 Y 0.04 0.028 0.021 0.018 0.009 0.021 0.028 0.025 0.046 0.043 0.067 0.031 0.018 0.129 0.015 0.031 0.028 0.028 0.328 0.046
186 L 0.05 0.03 0.018 0.019 0.016 0.025 0.026 0.026 0.014 0.103 0.242 0.033 0.142 0.049 0.015 0.033 0.038 0.008 0.023 0.092
187 A 0.301 0.031 0.025 0.029 0.021 0.025 0.04 0.077 0.015 0.043 0.059 0.044 0.017 0.021 0.029 0.084 0.049 0.005 0.017 0.068
188 L 0.044 0.024 0.014 0.015 0.016 0.016 0.02 0.021 0.01 0.114 0.385 0.025 0.049 0.054 0.014 0.024 0.033 0.007 0.022 0.095
189 Y 0.04 0.028 0.021 0.018 0.009 0.021 0.028 0.025 0.046 0.043 0.067 0.031 0.018 0.129 0.015 0.031 0.028 0.028 0.328 0.046
190 A 0.178 0.031 0.04 0.125 0.017 0.027 0.052 0.061 0.015 0.04 0.052 0.044 0.016 0.02 0.027 0.078 0.098 0.005 0.016 0.057
191 G 0.084 0.03 0.043 0.038 0.014 0.024 0.035 0.286 0.015 0.03 0.04 0.041 0.013 0.019 0.023 0.106 0.099 0.005 0.014 0.04
192 Q 0.055 0.072 0.043 0.046 0.009 0.226 0.101 0.041 0.029 0.026 0.046 0.09 0.02 0.014 0.023 0.055 0.041 0.006 0.02 0.035
193 A 0.253 0.033 0.032 0.034 0.02 0.027 0.043 0.074 0.016 0.039 0.054 0.046 0.017 0.021 0.029 0.121 0.057 0.005 0.017 0.061
194 E 0.051 0.044 0.047 0.168 0.007 0.055 0.253 0.037 0.024 0.022 0.034 0.067 0.012 0.016 0.025 0.054 0.036 0.005 0.015 0.029
195 S 0.091 0.037 0.057 0.138 0.015 0.032 0.061 0.06 0.019 0.027 0.038 0.051 0.014 0.019 0.027 0.186 0.069 0.005 0.016 0.037
196 Y 0.04 0.028 0.021 0.018 0.009 0.021 0.028 0.025 0.046 0.043 0.067 0.031 0.018 0.129 0.015 0.031 0.028 0.028 0.328 0.046
197 E 0.055 0.055 0.041 0.078 0.008 0.104 0.256 0.036 0.026 0.023 0.039 0.078 0.015 0.016 0.025 0.055 0.037 0.006 0.017 0.032
198 A 0.186 0.033 0.034 0.033 0.019 0.026 0.039 0.06 0.014 0.048 0.061 0.044 0.018 0.022 0.028 0.088 0.153 0.006 0.017 0.069
199 P 0.056 0.025 0.023 0.031 0.01 0.02 0.036 0.036 0.013 0.025 0.036 0.041 0.01 0.013 0.501 0.043 0.036 0.003 0.013 0.031
200 I 0.049 0.019 0.015 0.017 0.015 0.013 0.019 0.022 0.011 0.197 0.143 0.023 0.032 0.13 0.014 0.027 0.038 0.008 0.037 0.171
201 D 0.065 0.034 0.116 0.138 0.013 0.028 0.053 0.05 0.019 0.059 0.057 0.044 0.017 0.022 0.022 0.096 0.053 0.005 0.016 0.093
202 L 0.046 0.109 0.022 0.02 0.014 0.027 0.03 0.026 0.015 0.087 0.252 0.051 0.072 0.043 0.016 0.032 0.035 0.007 0.021 0.078
203 L 0.048 0.02 0.015 0.017 0.015 0.014 0.02 0.023 0.011 0.155 0.198 0.023 0.035 0.132 0.014 0.027 0.036 0.009 0.038 0.151
204 L 0.044 0.022 0.014 0.016 0.016 0.015 0.019 0.021 0.01 0.156 0.33 0.025 0.046 0.051 0.014 0.024 0.034 0.007 0.022 0.115
205 N 0.075 0.042 0.19 0.065 0.013 0.033 0.05 0.065 0.025 0.026 0.036 0.053 0.013 0.019 0.025 0.15 0.065 0.005 0.016 0.034
206 A 0.147 0.033 0.037 0.036 0.019 0.027 0.042 0.058 0.015 0.066 0.067 0.044 0.02 0.024 0.026 0.145 0.065 0.005 0.018 0.108
207 L 0.064 0.026 0.025 0.024 0.016 0.019 0.028 0.034 0.013 0.092 0.167 0.031 0.03 0.126 0.017 0.078 0.047 0.009 0.037 0.117
208 F 0.167 0.025 0.021 0.023 0.016 0.018 0.029 0.051 0.016 0.053 0.086 0.031 0.021 0.209 0.02 0.054 0.037 0.011 0.052 0.061
209 L 0.057 0.026 0.022 0.021 0.017 0.019 0.025 0.027 0.01 0.111 0.24 0.03 0.037 0.042 0.018 0.043 0.093 0.006 0.02 0.135
210 G 0.138 0.027 0.033 0.032 0.135 0.022 0.033 0.173 0.014 0.034 0.048 0.038 0.015 0.019 0.023 0.101 0.049 0.005 0.014 0.047
211 G 0.072 0.026 0.032 0.029 0.132 0.021 0.03 0.16 0.022 0.034 0.05 0.034 0.015 0.046 0.02 0.088 0.043 0.011 0.092 0.042
212 L 0.044 0.024 0.014 0.015 0.016 0.016 0.02 0.021 0.01 0.114 0.385 0.025 0.049 0.054 0.014 0.024 0.033 0.007 0.022 0.095
213 A 0.301 0.031 0.025 0.029 0.021 0.025 0.04 0.077 0.015 0.043 0.059 0.044 0.017 0.021 0.029 0.084 0.049 0.005 0.017 0.068
214 L 0.051 0.022 0.015 0.016 0.017 0.015 0.02 0.022 0.009 0.168 0.266 0.025 0.041 0.047 0.015 0.026 0.038 0.006 0.021 0.161
215 L 0.05 0.023 0.015 0.016 0.017 0.016 0.021 0.022 0.009 0.126 0.321 0.025 0.044 0.049 0.015 0.026 0.037 0.007 0.022 0.141
216 Y 0.103 0.026 0.021 0.021 0.013 0.02 0.028 0.038 0.031 0.048 0.077 0.031 0.02 0.169 0.018 0.043 0.032 0.019 0.19 0.053
217 A 0.13 0.034 0.105 0.044 0.017 0.027 0.041 0.058 0.018 0.064 0.065 0.044 0.019 0.024 0.024 0.104 0.057 0.005 0.018 0.104
218 L 0.042 0.021 0.015 0.016 0.015 0.014 0.019 0.022 0.011 0.143 0.262 0.023 0.04 0.137 0.013 0.024 0.033 0.009 0.038 0.104
219 R 0.057 0.136 0.04 0.049 0.01 0.048 0.117 0.038 0.021 0.031 0.047 0.132 0.016 0.018 0.025 0.061 0.092 0.006 0.017 0.041
220 K 0.056 0.091 0.041 0.053 0.008 0.055 0.129 0.041 0.022 0.026 0.041 0.235 0.015 0.016 0.027 0.053 0.038 0.005 0.017 0.032
221 K 0.053 0.09 0.112 0.051 0.009 0.048 0.064 0.048 0.023 0.026 0.04 0.23 0.014 0.016 0.025 0.057 0.042 0.005 0.017 0.031
222 D 0.045 0.043 0.113 0.137 0.01 0.076 0.065 0.043 0.022 0.046 0.122 0.053 0.022 0.025 0.02 0.05 0.039 0.005 0.017 0.045
223 N 0.053 0.057 0.184 0.06 0.011 0.037 0.051 0.053 0.024 0.031 0.042 0.11 0.014 0.019 0.024 0.07 0.099 0.005 0.016 0.039
224 Q 0.056 0.074 0.044 0.047 0.009 0.215 0.103 0.041 0.029 0.026 0.047 0.091 0.021 0.015 0.024 0.056 0.041 0.006 0.021 0.035
225 L 0.067 0.026 0.025 0.025 0.017 0.02 0.028 0.033 0.011 0.147 0.18 0.032 0.033 0.038 0.018 0.078 0.05 0.006 0.02 0.147
226 R 0.043 0.197 0.18 0.057 0.008 0.041 0.05 0.049 0.027 0.023 0.039 0.086 0.013 0.018 0.02 0.057 0.042 0.005 0.016 0.029
227 L 0.05 0.065 0.027 0.028 0.012 0.034 0.045 0.032 0.015 0.07 0.214 0.157 0.032 0.035 0.021 0.038 0.036 0.006 0.02 0.064
228 F 0.057 0.026 0.026 0.025 0.013 0.019 0.029 0.034 0.023 0.104 0.097 0.032 0.024 0.147 0.017 0.078 0.043 0.014 0.113 0.079
229 F 0.042 0.019 0.017 0.017 0.013 0.012 0.02 0.025 0.015 0.087 0.116 0.02 0.027 0.306 0.012 0.027 0.031 0.014 0.071 0.111
230 I 0.053 0.103 0.026 0.025 0.013 0.023 0.028 0.148 0.013 0.151 0.101 0.05 0.024 0.03 0.017 0.036 0.036 0.006 0.017 0.101
231 V 0.057 0.021 0.015 0.017 0.017 0.015 0.021 0.022 0.009 0.18 0.202 0.025 0.037 0.042 0.015 0.028 0.042 0.006 0.021 0.207
232 L 0.108 0.026 0.017 0.019 0.017 0.018 0.025 0.035 0.011 0.096 0.303 0.03 0.041 0.046 0.018 0.039 0.037 0.007 0.021 0.088
233 L 0.042 0.021 0.015 0.016 0.015 0.014 0.019 0.022 0.011 0.143 0.262 0.023 0.04 0.137 0.013 0.024 0.033 0.009 0.038 0.104
234 G 0.074 0.026 0.037 0.033 0.012 0.02 0.03 0.281 0.016 0.032 0.052 0.035 0.015 0.112 0.019 0.089 0.041 0.008 0.032 0.036
235 L 0.045 0.021 0.014 0.016 0.016 0.015 0.019 0.021 0.009 0.198 0.275 0.024 0.043 0.049 0.014 0.024 0.036 0.006 0.021 0.134
236 F 0.037 0.023 0.019 0.018 0.01 0.016 0.023 0.025 0.031 0.053 0.09 0.025 0.022 0.262 0.013 0.028 0.026 0.022 0.208 0.05
237 L 0.045 0.021 0.014 0.016 0.016 0.015 0.019 0.021 0.009 0.198 0.275 0.024 0.043 0.049 0.014 0.024 0.036 0.006 0.021 0.134
238 L 0.041 0.023 0.015 0.015 0.015 0.015 0.02 0.022 0.012 0.101 0.317 0.023 0.043 0.139 0.013 0.024 0.031 0.009 0.038 0.085
239 N 0.062 0.054 0.111 0.047 0.011 0.035 0.049 0.049 0.029 0.03 0.046 0.106 0.015 0.046 0.023 0.096 0.049 0.011 0.094 0.037
240 L 0.043 0.025 0.016 0.016 0.014 0.017 0.022 0.022 0.019 0.096 0.305 0.026 0.041 0.073 0.014 0.026 0.032 0.012 0.098 0.083
241 L 0.109 0.028 0.02 0.021 0.016 0.023 0.029 0.038 0.022 0.075 0.176 0.034 0.064 0.063 0.019 0.043 0.037 0.012 0.098 0.075
242 L 0.049 0.036 0.023 0.025 0.014 0.071 0.042 0.027 0.016 0.13 0.198 0.043 0.07 0.04 0.017 0.035 0.038 0.007 0.022 0.099
243 G 0.119 0.046 0.03 0.03 0.014 0.028 0.039 0.165 0.015 0.051 0.128 0.098 0.023 0.027 0.022 0.053 0.038 0.006 0.017 0.055
244 I 0.046 0.017 0.014 0.017 0.016 0.013 0.017 0.02 0.009 0.282 0.165 0.023 0.036 0.044 0.014 0.025 0.039 0.006 0.02 0.174
245 L 0.054 0.026 0.022 0.021 0.015 0.02 0.023 0.147 0.012 0.086 0.248 0.03 0.07 0.043 0.016 0.033 0.034 0.007 0.02 0.076
246 T 0.072 0.035 0.043 0.037 0.018 0.027 0.039 0.043 0.014 0.053 0.064 0.045 0.019 0.023 0.027 0.091 0.258 0.006 0.018 0.07
247 G 0.077 0.023 0.039 0.033 0.011 0.019 0.025 0.517 0.013 0.019 0.028 0.033 0.009 0.016 0.019 0.051 0.029 0.005 0.011 0.024
248 A 0.204 0.035 0.039 0.039 0.019 0.029 0.046 0.071 0.017 0.036 0.05 0.049 0.016 0.021 0.029 0.158 0.065 0.005 0.017 0.055
249 R 0.044 0.355 0.038 0.031 0.008 0.048 0.052 0.032 0.023 0.023 0.046 0.118 0.015 0.017 0.019 0.044 0.034 0.006 0.017 0.031
250 G 0.149 0.033 0.043 0.04 0.017 0.027 0.042 0.181 0.016 0.03 0.042 0.046 0.014 0.02 0.027 0.149 0.06 0.005 0.016 0.044
251 G 0.056 0.03 0.038 0.031 0.012 0.023 0.034 0.156 0.102 0.039 0.061 0.035 0.017 0.116 0.019 0.052 0.085 0.009 0.043 0.043
252 F 0.1 0.022 0.019 0.02 0.013 0.014 0.024 0.038 0.016 0.057 0.099 0.025 0.023 0.302 0.015 0.04 0.031 0.014 0.07 0.058
253 I 0.046 0.017 0.014 0.017 0.016 0.013 0.017 0.02 0.009 0.282 0.165 0.023 0.036 0.044 0.014 0.025 0.039 0.006 0.02 0.174
254 A 0.197 0.031 0.036 0.035 0.018 0.025 0.039 0.184 0.015 0.033 0.047 0.044 0.015 0.02 0.027 0.112 0.052 0.005 0.016 0.05
255 G 0.141 0.029 0.039 0.036 0.015 0.024 0.035 0.294 0.015 0.027 0.039 0.041 0.013 0.018 0.024 0.104 0.047 0.005 0.014 0.039
256 L 0.053 0.024 0.016 0.017 0.017 0.018 0.022 0.023 0.011 0.164 0.218 0.027 0.072 0.045 0.015 0.029 0.04 0.007 0.022 0.16
257 L 0.051 0.02 0.015 0.017 0.017 0.015 0.019 0.021 0.009 0.21 0.211 0.024 0.038 0.044 0.015 0.026 0.04 0.006 0.021 0.181
258 L 0.039 0.021 0.015 0.016 0.013 0.013 0.019 0.023 0.013 0.088 0.249 0.022 0.037 0.225 0.012 0.024 0.029 0.012 0.055 0.074
259 L 0.046 0.026 0.015 0.016 0.016 0.019 0.022 0.023 0.011 0.11 0.337 0.028 0.08 0.052 0.014 0.027 0.035 0.007 0.022 0.094
260 I 0.053 0.022 0.016 0.018 0.017 0.018 0.021 0.023 0.01 0.206 0.163 0.027 0.069 0.042 0.015 0.029 0.042 0.006 0.021 0.18
261 W 0.03 0.022 0.015 0.015 0.007 0.015 0.022 0.03 0.015 0.03 0.052 0.022 0.015 0.06 0.007 0.022 0.022 0.5 0.067 0.03
262 Y 0.041 0.026 0.02 0.018 0.011 0.02 0.025 0.025 0.031 0.062 0.11 0.029 0.059 0.175 0.014 0.031 0.03 0.02 0.192 0.059
263 I 0.046 0.019 0.014 0.017 0.016 0.014 0.018 0.02 0.009 0.24 0.22 0.024 0.039 0.046 0.014 0.024 0.038 0.006 0.021 0.154
264 F 0.043 0.023 0.023 0.022 0.012 0.015 0.024 0.029 0.016 0.06 0.1 0.025 0.024 0.303 0.015 0.042 0.083 0.014 0.07 0.058
265 K 0.049 0.148 0.035 0.033 0.008 0.044 0.055 0.036 0.027 0.03 0.05 0.182 0.016 0.044 0.022 0.045 0.035 0.011 0.095 0.035
266 D 0.041 0.033 0.133 0.325 0.008 0.03 0.08 0.05 0.022 0.022 0.028 0.046 0.01 0.015 0.022 0.056 0.038 0.004 0.012 0.025
267 R 0.047 0.292 0.039 0.033 0.008 0.049 0.056 0.035 0.022 0.024 0.045 0.161 0.015 0.017 0.021 0.046 0.036 0.006 0.017 0.031
268 R 0.051 0.275 0.039 0.032 0.01 0.043 0.048 0.035 0.021 0.03 0.05 0.1 0.016 0.019 0.021 0.056 0.09 0.006 0.017 0.04
269 L 0.051 0.02 0.015 0.017 0.017 0.015 0.019 0.021 0.009 0.21 0.211 0.024 0.038 0.044 0.015 0.026 0.04 0.006 0.021 0.181
270 N 0.062 0.058 0.187 0.063 0.011 0.038 0.055 0.059 0.025 0.025 0.036 0.112 0.013 0.018 0.024 0.105 0.054 0.005 0.016 0.032
271 V 0.057 0.042 0.023 0.023 0.014 0.024 0.034 0.029 0.013 0.103 0.103 0.09 0.026 0.12 0.018 0.036 0.04 0.008 0.036 0.161
272 V 0.053 0.047 0.031 0.028 0.013 0.03 0.041 0.031 0.1 0.123 0.093 0.096 0.024 0.031 0.019 0.038 0.038 0.006 0.029 0.127
273 H 0.04 0.116 0.04 0.031 0.008 0.033 0.044 0.033 0.192 0.033 0.058 0.057 0.018 0.118 0.017 0.038 0.028 0.009 0.054 0.032
274 Y 0.04 0.028 0.021 0.018 0.009 0.021 0.028 0.025 0.046 0.043 0.067 0.031 0.018 0.129 0.015 0.031 0.028 0.028 0.328 0.046
275 L 0.067 0.026 0.025 0.025 0.017 0.02 0.028 0.033 0.011 0.147 0.18 0.032 0.033 0.038 0.018 0.078 0.05 0.006 0.02 0.147
276 L 0.112 0.024 0.018 0.02 0.017 0.017 0.025 0.037 0.012 0.095 0.171 0.028 0.031 0.127 0.017 0.041 0.039 0.009 0.037 0.124
277 L 0.051 0.025 0.022 0.02 0.013 0.018 0.023 0.146 0.02 0.072 0.216 0.028 0.031 0.063 0.015 0.032 0.031 0.012 0.096 0.065
278 F 0.039 0.02 0.015 0.016 0.013 0.012 0.019 0.023 0.013 0.13 0.194 0.021 0.034 0.222 0.012 0.025 0.031 0.012 0.054 0.094
279 L 0.053 0.022 0.02 0.02 0.015 0.016 0.021 0.145 0.01 0.132 0.241 0.027 0.036 0.042 0.015 0.031 0.034 0.006 0.019 0.097
280 G 0.074 0.024 0.031 0.029 0.134 0.019 0.028 0.159 0.012 0.093 0.075 0.032 0.019 0.025 0.02 0.087 0.046 0.005 0.015 0.074
281 G 0.055 0.02 0.021 0.02 0.132 0.014 0.02 0.149 0.012 0.06 0.147 0.024 0.025 0.121 0.015 0.035 0.031 0.008 0.033 0.057
282 F 0.053 0.02 0.022 0.021 0.013 0.014 0.021 0.148 0.014 0.076 0.095 0.024 0.023 0.211 0.014 0.033 0.032 0.011 0.051 0.103
283 L 0.047 0.022 0.015 0.016 0.015 0.015 0.02 0.023 0.011 0.113 0.253 0.024 0.038 0.135 0.014 0.026 0.035 0.009 0.038 0.131
284 L 0.052 0.025 0.021 0.021 0.016 0.018 0.024 0.026 0.011 0.14 0.25 0.029 0.038 0.044 0.017 0.041 0.091 0.006 0.02 0.108
285 V 0.121 0.024 0.018 0.02 0.019 0.018 0.026 0.037 0.01 0.12 0.175 0.03 0.032 0.036 0.019 0.043 0.045 0.006 0.02 0.18
286 G 0.084 0.031 0.04 0.036 0.015 0.025 0.037 0.167 0.015 0.048 0.124 0.041 0.022 0.028 0.023 0.134 0.056 0.006 0.017 0.05
287 G 0.114 0.024 0.024 0.024 0.015 0.018 0.026 0.16 0.014 0.059 0.146 0.03 0.025 0.122 0.018 0.046 0.034 0.009 0.034 0.06
288 L 0.056 0.023 0.015 0.016 0.017 0.016 0.021 0.023 0.009 0.138 0.257 0.025 0.04 0.045 0.015 0.028 0.041 0.006 0.021 0.187
289 N 0.042 0.041 0.262 0.163 0.008 0.032 0.059 0.06 0.028 0.022 0.03 0.051 0.011 0.017 0.02 0.064 0.045 0.004 0.014 0.026
290 W 0.12 0.03 0.029 0.028 0.014 0.024 0.035 0.049 0.024 0.036 0.055 0.038 0.017 0.058 0.02 0.092 0.045 0.134 0.107 0.046
291 L 0.045 0.021 0.014 0.016 0.016 0.015 0.019 0.021 0.009 0.198 0.275 0.024 0.043 0.049 0.014 0.024 0.036 0.006 0.021 0.134
292 A 0.301 0.031 0.025 0.029 0.021 0.025 0.04 0.077 0.015 0.043 0.059 0.044 0.017 0.021 0.029 0.084 0.049 0.005 0.017 0.068
293 G 0.087 0.043 0.047 0.044 0.013 0.078 0.057 0.172 0.02 0.026 0.039 0.057 0.015 0.018 0.025 0.142 0.058 0.005 0.016 0.035
294 L 0.042 0.021 0.015 0.016 0.015 0.014 0.019 0.022 0.011 0.143 0.262 0.023 0.04 0.137 0.013 0.024 0.033 0.009 0.038 0.104
295 S 0.108 0.04 0.053 0.048 0.017 0.033 0.052 0.065 0.019 0.029 0.041 0.053 0.015 0.021 0.029 0.231 0.081 0.005 0.017 0.041
296 G 0.077 0.023 0.039 0.033 0.011 0.019 0.025 0.517 0.013 0.019 0.028 0.033 0.009 0.016 0.019 0.051 0.029 0.005 0.011 0.024
297 A 0.301 0.031 0.025 0.029 0.021 0.025 0.04 0.077 0.015 0.043 0.059 0.044 0.017 0.021 0.029 0.084 0.049 0.005 0.017 0.068
298 R 0.044 0.355 0.038 0.031 0.008 0.048 0.052 0.032 0.023 0.023 0.046 0.118 0.015 0.017 0.019 0.044 0.034 0.006 0.017 0.031
299 A 0.181 0.033 0.027 0.041 0.017 0.033 0.102 0.053 0.016 0.067 0.07 0.047 0.02 0.024 0.025 0.064 0.046 0.005 0.018 0.112
300 F 0.045 0.019 0.016 0.017 0.014 0.013 0.019 0.024 0.013 0.142 0.13 0.022 0.029 0.218 0.013 0.027 0.034 0.011 0.054 0.141
301 N 0.123 0.04 0.183 0.06 0.014 0.031 0.047 0.068 0.024 0.029 0.04 0.051 0.014 0.019 0.025 0.113 0.057 0.005 0.016 0.041
302 E 0.057 0.041 0.111 0.073 0.009 0.045 0.172 0.163 0.024 0.021 0.033 0.059 0.011 0.017 0.022 0.057 0.038 0.005 0.015 0.028
303 G 0.091 0.031 0.04 0.037 0.016 0.025 0.038 0.168 0.015 0.06 0.06 0.041 0.018 0.023 0.023 0.136 0.06 0.005 0.016 0.097
304 E 0.068 0.061 0.043 0.067 0.01 0.053 0.184 0.044 0.023 0.025 0.039 0.123 0.014 0.017 0.027 0.098 0.048 0.005 0.017 0.034
305 L 0.048 0.028 0.017 0.018 0.016 0.022 0.024 0.025 0.013 0.107 0.287 0.031 0.107 0.051 0.015 0.03 0.037 0.008 0.023 0.094
306 G 0.067 0.034 0.122 0.142 0.011 0.028 0.054 0.173 0.02 0.023 0.032 0.046 0.011 0.017 0.022 0.101 0.048 0.005 0.014 0.029
307 F 0.061 0.025 0.026 0.025 0.014 0.017 0.028 0.035 0.015 0.079 0.099 0.029 0.024 0.212 0.017 0.078 0.045 0.011 0.053 0.107
308 L 0.04 0.024 0.014 0.015 0.014 0.016 0.021 0.023 0.011 0.093 0.302 0.024 0.04 0.055 0.012 0.024 0.03 0.13 0.033 0.079
309 E 0.116 0.058 0.036 0.062 0.011 0.051 0.181 0.047 0.021 0.028 0.043 0.12 0.014 0.017 0.027 0.061 0.04 0.005 0.017 0.04
310 S 0.143 0.054 0.043 0.042 0.016 0.036 0.053 0.063 0.018 0.032 0.046 0.11 0.016 0.019 0.029 0.15 0.062 0.005 0.017 0.046
311 V 0.054 0.02 0.016 0.017 0.016 0.014 0.021 0.023 0.01 0.167 0.134 0.023 0.031 0.127 0.014 0.029 0.04 0.008 0.037 0.197
312 S 0.098 0.035 0.044 0.041 0.018 0.029 0.044 0.055 0.016 0.062 0.063 0.046 0.019 0.024 0.026 0.182 0.073 0.005 0.018 0.101
313 F 0.042 0.035 0.101 0.051 0.009 0.032 0.1 0.037 0.03 0.037 0.062 0.044 0.017 0.14 0.018 0.045 0.034 0.014 0.112 0.039
314 L 0.058 0.024 0.022 0.022 0.017 0.018 0.025 0.027 0.01 0.153 0.186 0.03 0.034 0.039 0.018 0.043 0.095 0.006 0.02 0.155
315 F 0.038 0.019 0.016 0.017 0.013 0.012 0.019 0.023 0.014 0.124 0.16 0.021 0.031 0.265 0.012 0.025 0.03 0.013 0.063 0.089
316 Y 0.04 0.028 0.021 0.018 0.009 0.021 0.028 0.025 0.046 0.043 0.067 0.031 0.018 0.129 0.015 0.031 0.028 0.028 0.328 0.046
317 S 0.078 0.043 0.118 0.067 0.013 0.041 0.115 0.057 0.024 0.026 0.037 0.059 0.014 0.019 0.026 0.146 0.062 0.005 0.017 0.035
318 Q 0.055 0.072 0.043 0.046 0.009 0.226 0.101 0.041 0.029 0.026 0.046 0.09 0.02 0.014 0.023 0.055 0.041 0.006 0.02 0.035
319 G 0.077 0.023 0.039 0.033 0.011 0.019 0.025 0.517 0.013 0.019 0.028 0.033 0.009 0.016 0.019 0.051 0.029 0.005 0.011 0.024
