#Seq2Logo.py -f /work3/idamei/ssn-clusterings/2206011120/clusters/0022_85/sequences.afa -m 0.0001 -b 50 -o /work3/idamei/ssn-clusterings/2206011120/clusters/0022_85/sequences.logo -p 640x1000 -l 30
#Position Specific Frequency Matrix
A R N D C Q E G H I L K M F P S T W Y V
0 L 0.052 0.032 0.02 0.02 0.016 0.028 0.028 0.028 0.016 0.099 0.195 0.036 0.169 0.048 0.016 0.036 0.04 0.008 0.024 0.092
1 E 0.051 0.056 0.136 0.073 0.008 0.106 0.151 0.047 0.029 0.023 0.038 0.073 0.015 0.016 0.023 0.06 0.042 0.005 0.017 0.031
2 D 0.13 0.031 0.038 0.151 0.015 0.028 0.053 0.051 0.016 0.055 0.094 0.041 0.065 0.028 0.023 0.057 0.041 0.006 0.017 0.061
3 L 0.044 0.024 0.032 0.145 0.013 0.02 0.043 0.029 0.012 0.138 0.192 0.031 0.032 0.038 0.017 0.034 0.036 0.006 0.018 0.098
4 R 0.044 0.349 0.039 0.031 0.008 0.048 0.052 0.033 0.023 0.023 0.046 0.119 0.015 0.017 0.019 0.044 0.035 0.006 0.017 0.031
5 R 0.05 0.228 0.04 0.036 0.008 0.051 0.061 0.038 0.022 0.025 0.045 0.201 0.015 0.016 0.023 0.049 0.037 0.005 0.017 0.032
6 D 0.049 0.068 0.055 0.221 0.008 0.041 0.081 0.045 0.02 0.025 0.035 0.164 0.012 0.015 0.025 0.053 0.037 0.004 0.014 0.028
7 T 0.073 0.036 0.043 0.038 0.018 0.028 0.039 0.043 0.014 0.053 0.065 0.045 0.02 0.024 0.028 0.093 0.246 0.006 0.018 0.071
8 F 0.034 0.019 0.017 0.017 0.011 0.011 0.019 0.025 0.017 0.063 0.114 0.019 0.025 0.387 0.011 0.025 0.025 0.017 0.089 0.055
9 G 0.078 0.023 0.039 0.033 0.011 0.019 0.025 0.513 0.013 0.019 0.028 0.033 0.009 0.016 0.019 0.051 0.03 0.005 0.011 0.024
10 K 0.057 0.106 0.041 0.041 0.009 0.053 0.07 0.043 0.021 0.027 0.043 0.283 0.015 0.015 0.027 0.053 0.039 0.005 0.017 0.033
11 M 0.041 0.025 0.015 0.016 0.013 0.021 0.022 0.022 0.012 0.083 0.211 0.028 0.28 0.04 0.013 0.028 0.032 0.006 0.019 0.075
12 K 0.046 0.145 0.027 0.025 0.01 0.03 0.038 0.028 0.014 0.089 0.065 0.163 0.029 0.02 0.018 0.041 0.088 0.005 0.015 0.105
13 I 0.048 0.018 0.015 0.018 0.016 0.013 0.018 0.021 0.009 0.264 0.17 0.024 0.037 0.045 0.015 0.025 0.04 0.006 0.021 0.178
14 R 0.057 0.187 0.027 0.024 0.013 0.032 0.037 0.029 0.016 0.093 0.088 0.072 0.023 0.026 0.018 0.038 0.042 0.006 0.019 0.153
15 I 0.042 0.022 0.014 0.015 0.013 0.014 0.019 0.019 0.008 0.241 0.173 0.05 0.028 0.07 0.013 0.023 0.032 0.005 0.021 0.178
16 V 0.057 0.019 0.015 0.017 0.017 0.015 0.02 0.022 0.008 0.223 0.146 0.024 0.034 0.039 0.015 0.028 0.044 0.006 0.02 0.228
17 K 0.047 0.171 0.034 0.032 0.007 0.041 0.053 0.034 0.017 0.022 0.035 0.315 0.013 0.013 0.021 0.067 0.034 0.004 0.014 0.027
18 R 0.05 0.231 0.039 0.036 0.008 0.05 0.06 0.037 0.022 0.025 0.044 0.205 0.015 0.016 0.023 0.048 0.037 0.005 0.017 0.031
19 E 0.055 0.077 0.04 0.065 0.008 0.058 0.19 0.038 0.023 0.024 0.039 0.183 0.014 0.016 0.026 0.053 0.038 0.005 0.017 0.031
20 I 0.039 0.017 0.013 0.014 0.013 0.012 0.016 0.018 0.008 0.24 0.236 0.02 0.031 0.073 0.012 0.023 0.044 0.006 0.021 0.143
21 N 0.04 0.075 0.267 0.075 0.008 0.029 0.042 0.043 0.02 0.03 0.036 0.103 0.012 0.015 0.017 0.051 0.064 0.004 0.013 0.055
22 I 0.047 0.018 0.015 0.018 0.016 0.013 0.018 0.021 0.009 0.271 0.168 0.024 0.037 0.044 0.015 0.025 0.04 0.006 0.021 0.177
23 K 0.046 0.13 0.104 0.058 0.008 0.036 0.05 0.062 0.019 0.021 0.034 0.224 0.012 0.016 0.02 0.071 0.035 0.005 0.024 0.026
24 L 0.043 0.035 0.057 0.03 0.01 0.024 0.061 0.073 0.052 0.07 0.145 0.09 0.026 0.068 0.016 0.058 0.031 0.007 0.055 0.048
25 F 0.042 0.019 0.019 0.018 0.012 0.013 0.02 0.024 0.011 0.102 0.119 0.022 0.022 0.248 0.013 0.056 0.085 0.009 0.042 0.102
26 V 0.071 0.022 0.017 0.018 0.02 0.017 0.024 0.025 0.008 0.167 0.133 0.027 0.032 0.036 0.017 0.033 0.05 0.006 0.021 0.256
27 F 0.035 0.018 0.016 0.016 0.01 0.012 0.019 0.022 0.014 0.078 0.142 0.021 0.022 0.257 0.055 0.037 0.039 0.055 0.078 0.054
28 L 0.045 0.018 0.013 0.014 0.014 0.013 0.017 0.019 0.007 0.207 0.233 0.021 0.031 0.035 0.013 0.031 0.034 0.005 0.017 0.212
29 F 0.07 0.019 0.05 0.021 0.127 0.013 0.021 0.074 0.014 0.037 0.061 0.023 0.015 0.211 0.057 0.042 0.028 0.009 0.068 0.04
30 L 0.037 0.017 0.012 0.013 0.013 0.012 0.016 0.017 0.008 0.191 0.324 0.02 0.034 0.076 0.011 0.02 0.029 0.006 0.022 0.121
31 S 0.215 0.029 0.033 0.032 0.015 0.024 0.037 0.055 0.014 0.045 0.048 0.039 0.026 0.019 0.023 0.228 0.054 0.004 0.014 0.048
32 F 0.031 0.015 0.013 0.014 0.01 0.009 0.015 0.02 0.012 0.113 0.1 0.016 0.022 0.397 0.009 0.021 0.024 0.012 0.059 0.088
33 F 0.035 0.019 0.017 0.016 0.01 0.013 0.019 0.023 0.016 0.052 0.095 0.02 0.066 0.365 0.011 0.049 0.026 0.012 0.088 0.048
34 G 0.045 0.017 0.018 0.018 0.033 0.012 0.017 0.199 0.01 0.136 0.142 0.021 0.022 0.119 0.012 0.028 0.027 0.006 0.025 0.093
35 I 0.039 0.016 0.014 0.015 0.013 0.012 0.016 0.018 0.008 0.347 0.171 0.021 0.03 0.035 0.013 0.024 0.059 0.005 0.017 0.128
36 T 0.055 0.023 0.025 0.023 0.015 0.018 0.025 0.028 0.009 0.127 0.081 0.029 0.021 0.025 0.018 0.052 0.228 0.005 0.015 0.179
37 L 0.038 0.018 0.012 0.013 0.013 0.013 0.016 0.017 0.008 0.17 0.383 0.02 0.037 0.041 0.012 0.02 0.029 0.005 0.018 0.118
38 G 0.079 0.027 0.039 0.035 0.012 0.022 0.034 0.266 0.014 0.021 0.03 0.037 0.011 0.015 0.021 0.244 0.05 0.004 0.012 0.028
39 N 0.047 0.031 0.257 0.053 0.008 0.026 0.065 0.148 0.02 0.019 0.028 0.04 0.01 0.017 0.017 0.09 0.038 0.049 0.015 0.023
40 S 0.089 0.032 0.044 0.039 0.014 0.027 0.042 0.053 0.015 0.024 0.034 0.044 0.013 0.017 0.024 0.371 0.066 0.004 0.014 0.034
41 Q 0.056 0.044 0.032 0.032 0.011 0.156 0.053 0.036 0.017 0.039 0.142 0.079 0.02 0.021 0.019 0.139 0.042 0.005 0.016 0.041
42 F 0.055 0.018 0.015 0.015 0.01 0.013 0.019 0.022 0.02 0.06 0.081 0.02 0.019 0.272 0.011 0.025 0.026 0.014 0.175 0.109
43 F 0.036 0.017 0.013 0.014 0.012 0.012 0.016 0.019 0.01 0.146 0.17 0.019 0.049 0.229 0.011 0.022 0.028 0.009 0.04 0.128
44 V 0.078 0.022 0.031 0.021 0.014 0.017 0.023 0.027 0.009 0.156 0.126 0.027 0.047 0.028 0.016 0.042 0.131 0.005 0.016 0.165
45 N 0.102 0.04 0.158 0.043 0.01 0.029 0.069 0.043 0.055 0.029 0.07 0.098 0.014 0.025 0.019 0.072 0.036 0.006 0.05 0.034
46 L 0.073 0.062 0.054 0.024 0.012 0.021 0.028 0.03 0.015 0.117 0.145 0.064 0.045 0.046 0.016 0.062 0.061 0.006 0.051 0.067
47 G 0.069 0.022 0.063 0.034 0.009 0.019 0.054 0.504 0.013 0.016 0.024 0.031 0.008 0.013 0.016 0.043 0.026 0.004 0.01 0.021
48 L 0.04 0.03 0.017 0.017 0.012 0.018 0.024 0.022 0.01 0.148 0.303 0.083 0.054 0.036 0.014 0.038 0.031 0.005 0.017 0.082
49 D 0.103 0.035 0.134 0.152 0.009 0.103 0.055 0.089 0.019 0.022 0.032 0.046 0.011 0.014 0.019 0.075 0.037 0.004 0.013 0.029
50 N 0.051 0.031 0.154 0.118 0.01 0.026 0.073 0.042 0.053 0.059 0.042 0.04 0.013 0.018 0.018 0.127 0.042 0.004 0.016 0.064
51 I 0.071 0.028 0.017 0.018 0.012 0.018 0.025 0.025 0.012 0.17 0.137 0.083 0.024 0.09 0.015 0.038 0.032 0.007 0.056 0.123
52 L 0.038 0.017 0.012 0.013 0.013 0.012 0.016 0.018 0.009 0.182 0.257 0.019 0.031 0.128 0.011 0.021 0.029 0.007 0.028 0.14
53 E 0.045 0.045 0.032 0.054 0.007 0.118 0.26 0.03 0.019 0.051 0.042 0.086 0.014 0.015 0.02 0.045 0.059 0.005 0.014 0.038
54 Y 0.034 0.023 0.017 0.015 0.008 0.018 0.022 0.021 0.032 0.043 0.074 0.025 0.063 0.126 0.012 0.025 0.024 0.019 0.355 0.044
55 L 0.072 0.021 0.016 0.016 0.014 0.015 0.02 0.024 0.009 0.123 0.302 0.024 0.031 0.035 0.014 0.033 0.086 0.005 0.017 0.123
56 G 0.106 0.023 0.034 0.03 0.011 0.019 0.028 0.394 0.012 0.02 0.028 0.033 0.01 0.015 0.019 0.138 0.038 0.004 0.011 0.027
57 Y 0.034 0.021 0.016 0.015 0.009 0.016 0.021 0.02 0.029 0.073 0.106 0.024 0.042 0.121 0.012 0.024 0.024 0.018 0.321 0.052
58 F 0.045 0.019 0.02 0.019 0.011 0.014 0.02 0.114 0.012 0.079 0.169 0.023 0.023 0.212 0.013 0.077 0.03 0.008 0.036 0.054
59 I 0.039 0.017 0.013 0.014 0.013 0.013 0.016 0.018 0.009 0.239 0.224 0.021 0.07 0.074 0.012 0.022 0.031 0.006 0.022 0.13
60 L 0.036 0.018 0.012 0.013 0.013 0.012 0.016 0.017 0.008 0.153 0.381 0.02 0.036 0.077 0.011 0.02 0.028 0.006 0.022 0.1
61 L 0.037 0.019 0.012 0.013 0.013 0.014 0.017 0.018 0.009 0.156 0.367 0.021 0.075 0.054 0.012 0.021 0.029 0.006 0.019 0.09
62 L 0.11 0.022 0.022 0.021 0.013 0.017 0.025 0.078 0.011 0.06 0.191 0.028 0.035 0.102 0.016 0.102 0.037 0.006 0.024 0.081
63 C 0.055 0.028 0.024 0.023 0.187 0.045 0.029 0.119 0.011 0.066 0.091 0.059 0.04 0.021 0.016 0.086 0.035 0.004 0.013 0.049
64 I 0.04 0.015 0.012 0.014 0.013 0.012 0.015 0.017 0.008 0.361 0.134 0.02 0.052 0.035 0.012 0.021 0.033 0.005 0.017 0.162
65 F 0.038 0.018 0.015 0.016 0.011 0.012 0.018 0.022 0.013 0.111 0.195 0.02 0.026 0.222 0.012 0.048 0.029 0.01 0.071 0.092
66 I 0.041 0.024 0.048 0.02 0.012 0.016 0.021 0.022 0.012 0.206 0.173 0.053 0.027 0.048 0.013 0.026 0.032 0.006 0.051 0.15
67 S 0.053 0.067 0.067 0.071 0.098 0.027 0.054 0.037 0.086 0.04 0.04 0.07 0.013 0.018 0.018 0.118 0.066 0.004 0.018 0.036
68 F 0.032 0.055 0.018 0.016 0.009 0.016 0.021 0.021 0.054 0.054 0.184 0.027 0.023 0.214 0.011 0.024 0.023 0.012 0.138 0.048
69 L 0.035 0.059 0.017 0.016 0.01 0.017 0.022 0.021 0.016 0.103 0.192 0.057 0.048 0.154 0.012 0.025 0.026 0.01 0.096 0.064
70 K 0.047 0.129 0.049 0.031 0.008 0.033 0.042 0.121 0.051 0.028 0.038 0.192 0.013 0.015 0.019 0.044 0.072 0.005 0.016 0.048
71 N 0.071 0.031 0.255 0.051 0.01 0.025 0.066 0.044 0.02 0.064 0.05 0.039 0.014 0.058 0.016 0.056 0.038 0.005 0.019 0.069
72 N 0.044 0.087 0.128 0.038 0.056 0.025 0.063 0.081 0.016 0.044 0.062 0.044 0.014 0.057 0.079 0.05 0.053 0.005 0.018 0.037
73 Y 0.041 0.028 0.022 0.019 0.009 0.022 0.028 0.025 0.047 0.044 0.069 0.032 0.019 0.133 0.016 0.032 0.028 0.028 0.309 0.047
74 G 0.079 0.023 0.04 0.034 0.011 0.019 0.026 0.503 0.014 0.019 0.029 0.034 0.01 0.016 0.019 0.052 0.03 0.005 0.011 0.025
75 H 0.042 0.037 0.038 0.029 0.009 0.03 0.041 0.032 0.198 0.034 0.054 0.039 0.017 0.082 0.018 0.037 0.028 0.018 0.184 0.035
76 K 0.081 0.051 0.081 0.034 0.011 0.03 0.042 0.039 0.015 0.041 0.073 0.18 0.016 0.029 0.034 0.074 0.081 0.005 0.016 0.068
77 R 0.04 0.145 0.14 0.049 0.008 0.032 0.042 0.036 0.054 0.052 0.043 0.138 0.013 0.035 0.017 0.055 0.042 0.005 0.018 0.035
78 K 0.056 0.112 0.058 0.026 0.009 0.027 0.035 0.029 0.02 0.098 0.063 0.134 0.017 0.038 0.016 0.036 0.032 0.008 0.104 0.081
79 K 0.058 0.109 0.042 0.042 0.009 0.054 0.072 0.044 0.021 0.028 0.044 0.266 0.016 0.016 0.028 0.054 0.04 0.005 0.018 0.033
80 K 0.058 0.109 0.042 0.042 0.009 0.054 0.072 0.044 0.021 0.028 0.044 0.266 0.016 0.016 0.028 0.054 0.04 0.005 0.018 0.033
81 F 0.034 0.019 0.017 0.017 0.011 0.011 0.019 0.026 0.017 0.065 0.116 0.019 0.026 0.376 0.011 0.026 0.026 0.017 0.09 0.056
82 G 0.08 0.023 0.04 0.034 0.011 0.019 0.026 0.502 0.014 0.019 0.029 0.034 0.01 0.016 0.019 0.052 0.03 0.005 0.011 0.025
83 R 0.042 0.102 0.06 0.065 0.009 0.077 0.042 0.029 0.018 0.062 0.064 0.075 0.04 0.071 0.016 0.048 0.032 0.007 0.054 0.087
84 V 0.105 0.029 0.018 0.019 0.013 0.019 0.026 0.073 0.01 0.134 0.144 0.084 0.023 0.039 0.016 0.034 0.034 0.005 0.017 0.158
85 K 0.044 0.051 0.096 0.035 0.008 0.031 0.041 0.108 0.089 0.027 0.068 0.181 0.014 0.024 0.018 0.049 0.03 0.006 0.052 0.029
86 R 0.037 0.241 0.092 0.03 0.008 0.032 0.039 0.03 0.019 0.032 0.107 0.121 0.016 0.026 0.016 0.037 0.03 0.006 0.048 0.034
87 I 0.04 0.019 0.052 0.021 0.012 0.014 0.019 0.071 0.01 0.21 0.191 0.023 0.027 0.072 0.013 0.029 0.06 0.006 0.02 0.092
88 V 0.07 0.021 0.025 0.024 0.013 0.017 0.025 0.135 0.011 0.128 0.093 0.028 0.02 0.053 0.016 0.121 0.041 0.005 0.018 0.136
89 F 0.034 0.019 0.017 0.017 0.011 0.011 0.019 0.026 0.017 0.065 0.116 0.019 0.026 0.376 0.011 0.026 0.026 0.017 0.09 0.056
90 R 0.045 0.334 0.039 0.032 0.008 0.049 0.053 0.033 0.024 0.024 0.047 0.122 0.016 0.018 0.02 0.045 0.036 0.006 0.018 0.032
91 L 0.036 0.02 0.016 0.015 0.011 0.014 0.019 0.02 0.019 0.129 0.17 0.022 0.024 0.137 0.012 0.026 0.056 0.012 0.169 0.071
92 F 0.062 0.017 0.014 0.014 0.011 0.011 0.017 0.023 0.012 0.066 0.183 0.019 0.025 0.325 0.011 0.024 0.025 0.01 0.051 0.081
93 L 0.038 0.018 0.014 0.015 0.012 0.012 0.017 0.021 0.01 0.151 0.215 0.02 0.028 0.199 0.011 0.042 0.029 0.008 0.036 0.104
94 I 0.042 0.016 0.012 0.014 0.072 0.012 0.016 0.019 0.008 0.264 0.17 0.02 0.051 0.034 0.012 0.023 0.032 0.005 0.016 0.16
95 L 0.043 0.017 0.012 0.014 0.014 0.012 0.016 0.018 0.007 0.228 0.237 0.02 0.032 0.036 0.012 0.022 0.033 0.005 0.017 0.205
96 S 0.071 0.024 0.024 0.027 0.013 0.02 0.059 0.079 0.012 0.114 0.113 0.031 0.045 0.066 0.016 0.115 0.04 0.005 0.02 0.106
97 F 0.037 0.017 0.015 0.015 0.011 0.012 0.017 0.02 0.011 0.174 0.134 0.02 0.025 0.218 0.012 0.025 0.055 0.009 0.054 0.12
98 L 0.033 0.018 0.012 0.013 0.012 0.012 0.016 0.018 0.01 0.08 0.372 0.019 0.034 0.186 0.011 0.02 0.025 0.008 0.034 0.067
99 F 0.028 0.016 0.014 0.014 0.009 0.01 0.016 0.021 0.014 0.053 0.097 0.016 0.044 0.47 0.009 0.021 0.021 0.013 0.068 0.047
100 S 0.094 0.027 0.08 0.034 0.101 0.022 0.033 0.044 0.014 0.068 0.05 0.035 0.015 0.019 0.02 0.185 0.094 0.004 0.014 0.05
101 I 0.038 0.016 0.012 0.014 0.013 0.012 0.016 0.017 0.01 0.299 0.211 0.02 0.031 0.043 0.012 0.021 0.03 0.006 0.05 0.13
102 G 0.063 0.018 0.032 0.027 0.009 0.015 0.021 0.605 0.011 0.015 0.023 0.027 0.008 0.013 0.015 0.041 0.024 0.004 0.009 0.02
103 I 0.037 0.015 0.012 0.014 0.013 0.011 0.015 0.017 0.008 0.36 0.16 0.019 0.03 0.072 0.012 0.02 0.031 0.006 0.021 0.13
104 L 0.038 0.018 0.046 0.017 0.128 0.013 0.017 0.023 0.01 0.137 0.205 0.021 0.025 0.036 0.011 0.025 0.028 0.095 0.032 0.073
105 L 0.04 0.06 0.016 0.017 0.012 0.044 0.026 0.021 0.011 0.081 0.291 0.046 0.053 0.071 0.013 0.026 0.03 0.006 0.021 0.116
106 Q 0.044 0.056 0.034 0.036 0.008 0.339 0.078 0.032 0.023 0.027 0.073 0.069 0.018 0.014 0.018 0.043 0.033 0.005 0.017 0.032
107 N 0.049 0.075 0.185 0.061 0.009 0.043 0.059 0.053 0.026 0.025 0.037 0.173 0.013 0.016 0.023 0.06 0.044 0.005 0.016 0.029
108 N 0.044 0.029 0.197 0.158 0.008 0.025 0.073 0.13 0.018 0.048 0.034 0.039 0.01 0.015 0.017 0.071 0.035 0.004 0.012 0.031
109 L 0.037 0.02 0.012 0.013 0.013 0.014 0.017 0.018 0.008 0.117 0.443 0.021 0.061 0.043 0.012 0.02 0.028 0.006 0.018 0.082
110 P 0.11 0.025 0.032 0.141 0.011 0.022 0.056 0.039 0.013 0.036 0.057 0.036 0.013 0.016 0.152 0.096 0.065 0.004 0.012 0.064
111 I 0.038 0.019 0.032 0.017 0.012 0.013 0.019 0.022 0.01 0.187 0.158 0.022 0.025 0.082 0.012 0.028 0.07 0.096 0.028 0.111
112 S 0.058 0.031 0.063 0.031 0.012 0.023 0.032 0.08 0.025 0.094 0.08 0.064 0.04 0.022 0.019 0.125 0.123 0.005 0.015 0.058
113 T 0.048 0.102 0.027 0.025 0.012 0.024 0.032 0.028 0.012 0.104 0.099 0.09 0.02 0.023 0.018 0.048 0.178 0.005 0.015 0.09
114 K 0.044 0.134 0.033 0.032 0.007 0.042 0.054 0.033 0.017 0.032 0.038 0.366 0.013 0.013 0.021 0.042 0.032 0.004 0.014 0.029
115 I 0.037 0.016 0.012 0.014 0.013 0.011 0.015 0.018 0.008 0.286 0.182 0.019 0.03 0.109 0.011 0.021 0.03 0.006 0.025 0.138
116 Y 0.043 0.101 0.092 0.03 0.009 0.026 0.034 0.032 0.059 0.035 0.046 0.072 0.014 0.045 0.016 0.064 0.06 0.01 0.151 0.061
117 L 0.066 0.02 0.012 0.013 0.013 0.014 0.018 0.021 0.008 0.089 0.462 0.022 0.038 0.042 0.012 0.023 0.028 0.006 0.018 0.076
118 I 0.054 0.021 0.022 0.022 0.013 0.016 0.024 0.029 0.01 0.194 0.154 0.027 0.025 0.067 0.015 0.129 0.041 0.005 0.02 0.112
119 F 0.032 0.016 0.013 0.013 0.011 0.01 0.015 0.019 0.011 0.146 0.211 0.018 0.028 0.273 0.01 0.02 0.025 0.009 0.044 0.076
120 S 0.077 0.031 0.04 0.036 0.014 0.025 0.038 0.046 0.014 0.031 0.041 0.041 0.014 0.018 0.023 0.257 0.192 0.004 0.014 0.043
121 M 0.043 0.025 0.016 0.016 0.013 0.022 0.022 0.022 0.012 0.085 0.155 0.028 0.3 0.038 0.013 0.029 0.033 0.006 0.019 0.1
122 L 0.037 0.018 0.013 0.014 0.034 0.013 0.016 0.019 0.009 0.164 0.273 0.02 0.077 0.111 0.011 0.022 0.028 0.007 0.026 0.087
123 I 0.072 0.016 0.014 0.016 0.013 0.012 0.017 0.066 0.008 0.257 0.14 0.021 0.026 0.068 0.013 0.026 0.032 0.005 0.02 0.155
124 I 0.038 0.015 0.012 0.014 0.013 0.011 0.015 0.017 0.008 0.314 0.185 0.019 0.03 0.073 0.012 0.021 0.031 0.006 0.021 0.146
125 A 0.206 0.025 0.029 0.064 0.015 0.021 0.035 0.048 0.012 0.074 0.057 0.035 0.016 0.02 0.021 0.149 0.047 0.004 0.014 0.107
126 S 0.087 0.023 0.025 0.024 0.013 0.017 0.027 0.05 0.012 0.083 0.102 0.029 0.02 0.135 0.017 0.151 0.043 0.007 0.028 0.107
127 L 0.049 0.021 0.019 0.019 0.013 0.015 0.022 0.025 0.01 0.12 0.243 0.025 0.028 0.07 0.014 0.079 0.064 0.006 0.021 0.138
128 A 0.341 0.025 0.022 0.024 0.016 0.021 0.032 0.056 0.014 0.038 0.056 0.035 0.038 0.026 0.022 0.085 0.04 0.006 0.048 0.054
129 L 0.048 0.021 0.019 0.018 0.058 0.015 0.021 0.024 0.009 0.128 0.21 0.025 0.027 0.031 0.015 0.039 0.142 0.005 0.016 0.13
130 L 0.037 0.02 0.012 0.013 0.013 0.014 0.017 0.018 0.009 0.139 0.373 0.021 0.081 0.06 0.012 0.021 0.028 0.006 0.02 0.086
131 S 0.097 0.027 0.032 0.032 0.012 0.022 0.035 0.044 0.014 0.026 0.039 0.038 0.012 0.053 0.183 0.218 0.059 0.004 0.017 0.034
132 E 0.042 0.032 0.032 0.153 0.052 0.032 0.192 0.028 0.015 0.103 0.054 0.07 0.014 0.018 0.018 0.037 0.03 0.004 0.013 0.06
133 G 0.056 0.036 0.132 0.077 0.009 0.025 0.039 0.218 0.016 0.02 0.029 0.095 0.01 0.014 0.019 0.106 0.056 0.004 0.012 0.026
134 L 0.035 0.018 0.014 0.014 0.011 0.013 0.017 0.019 0.016 0.17 0.195 0.021 0.05 0.126 0.012 0.022 0.027 0.011 0.126 0.083
135 I 0.036 0.016 0.012 0.014 0.012 0.012 0.015 0.018 0.009 0.282 0.186 0.019 0.052 0.109 0.011 0.021 0.03 0.006 0.026 0.112
136 N 0.047 0.071 0.13 0.087 0.01 0.027 0.041 0.038 0.016 0.084 0.05 0.1 0.014 0.018 0.019 0.089 0.093 0.004 0.014 0.048
137 S 0.059 0.035 0.084 0.13 0.01 0.027 0.047 0.044 0.054 0.024 0.033 0.069 0.012 0.023 0.02 0.182 0.064 0.005 0.049 0.03
138 L 0.037 0.019 0.015 0.016 0.011 0.013 0.019 0.021 0.012 0.101 0.202 0.021 0.026 0.184 0.056 0.026 0.054 0.009 0.067 0.091
139 S 0.058 0.046 0.051 0.152 0.009 0.033 0.099 0.042 0.017 0.021 0.031 0.145 0.011 0.014 0.022 0.162 0.043 0.004 0.013 0.027
140 D 0.039 0.032 0.075 0.274 0.007 0.08 0.111 0.035 0.017 0.026 0.065 0.044 0.013 0.015 0.018 0.045 0.058 0.004 0.012 0.029
141 L 0.036 0.017 0.013 0.013 0.012 0.012 0.016 0.018 0.011 0.156 0.257 0.019 0.03 0.15 0.011 0.021 0.027 0.008 0.063 0.108
142 R 0.04 0.286 0.03 0.027 0.007 0.037 0.044 0.028 0.017 0.03 0.074 0.199 0.015 0.016 0.018 0.037 0.03 0.005 0.014 0.044
143 R 0.049 0.135 0.062 0.03 0.01 0.052 0.037 0.077 0.016 0.085 0.055 0.079 0.016 0.056 0.017 0.09 0.063 0.005 0.019 0.048
144 I 0.104 0.018 0.016 0.018 0.014 0.014 0.02 0.027 0.009 0.271 0.139 0.024 0.026 0.031 0.015 0.055 0.036 0.005 0.016 0.143
145 S 0.124 0.03 0.037 0.037 0.014 0.026 0.068 0.093 0.014 0.033 0.04 0.041 0.013 0.017 0.022 0.255 0.055 0.004 0.014 0.064
146 Y 0.035 0.027 0.051 0.02 0.008 0.019 0.025 0.023 0.03 0.091 0.064 0.056 0.017 0.081 0.013 0.028 0.026 0.017 0.316 0.052
147 G 0.167 0.023 0.026 0.024 0.056 0.018 0.026 0.216 0.051 0.029 0.042 0.03 0.012 0.039 0.018 0.048 0.057 0.007 0.073 0.038
148 I 0.07 0.017 0.013 0.015 0.014 0.012 0.017 0.021 0.008 0.275 0.198 0.021 0.03 0.035 0.013 0.025 0.033 0.005 0.017 0.164
149 L 0.033 0.018 0.012 0.013 0.011 0.011 0.016 0.018 0.01 0.102 0.318 0.018 0.032 0.215 0.01 0.02 0.025 0.009 0.038 0.07
150 Y 0.043 0.023 0.032 0.021 0.053 0.017 0.024 0.072 0.044 0.034 0.052 0.026 0.014 0.118 0.014 0.061 0.083 0.1 0.131 0.037
151 G 0.197 0.023 0.029 0.028 0.013 0.019 0.028 0.338 0.012 0.023 0.033 0.032 0.011 0.015 0.02 0.095 0.035 0.004 0.011 0.034
152 L 0.046 0.017 0.014 0.015 0.102 0.013 0.017 0.02 0.007 0.188 0.193 0.021 0.027 0.032 0.013 0.028 0.06 0.005 0.016 0.168
153 L 0.038 0.019 0.013 0.014 0.012 0.013 0.017 0.019 0.009 0.126 0.271 0.02 0.065 0.137 0.011 0.022 0.029 0.007 0.029 0.129
154 I 0.068 0.018 0.014 0.016 0.013 0.013 0.018 0.022 0.009 0.241 0.216 0.022 0.029 0.071 0.013 0.028 0.058 0.006 0.021 0.104
155 S 0.159 0.029 0.035 0.032 0.059 0.023 0.036 0.051 0.013 0.03 0.041 0.039 0.014 0.017 0.023 0.23 0.108 0.004 0.014 0.043
156 T 0.084 0.024 0.027 0.024 0.014 0.019 0.027 0.077 0.011 0.058 0.101 0.031 0.042 0.06 0.018 0.076 0.181 0.005 0.019 0.101
157 I 0.041 0.017 0.014 0.015 0.012 0.012 0.017 0.064 0.009 0.216 0.158 0.02 0.05 0.112 0.012 0.023 0.03 0.006 0.026 0.145
158 L 0.036 0.018 0.012 0.013 0.013 0.012 0.016 0.017 0.008 0.139 0.41 0.02 0.037 0.078 0.011 0.02 0.027 0.006 0.022 0.085
159 A 0.263 0.024 0.028 0.027 0.014 0.02 0.03 0.228 0.012 0.027 0.038 0.034 0.012 0.016 0.021 0.107 0.039 0.004 0.012 0.041
160 L 0.037 0.018 0.013 0.014 0.012 0.013 0.017 0.018 0.011 0.215 0.232 0.02 0.053 0.08 0.012 0.021 0.029 0.02 0.056 0.11
161 I 0.041 0.017 0.013 0.014 0.057 0.013 0.016 0.019 0.009 0.223 0.159 0.02 0.073 0.083 0.012 0.023 0.031 0.006 0.022 0.147
162 G 0.051 0.03 0.093 0.032 0.01 0.021 0.031 0.124 0.016 0.035 0.056 0.061 0.037 0.12 0.017 0.094 0.09 0.007 0.036 0.038
163 G 0.053 0.151 0.041 0.028 0.008 0.033 0.031 0.384 0.014 0.017 0.028 0.07 0.01 0.013 0.016 0.04 0.026 0.004 0.011 0.022
164 I 0.101 0.021 0.052 0.063 0.013 0.018 0.057 0.03 0.011 0.209 0.091 0.028 0.022 0.026 0.016 0.035 0.035 0.004 0.015 0.153
165 S 0.073 0.033 0.103 0.042 0.012 0.043 0.041 0.093 0.017 0.024 0.033 0.043 0.012 0.016 0.036 0.249 0.081 0.004 0.014 0.032
166 L 0.037 0.019 0.013 0.014 0.013 0.014 0.017 0.019 0.009 0.185 0.276 0.022 0.101 0.076 0.012 0.022 0.029 0.006 0.022 0.094
167 T 0.045 0.021 0.021 0.02 0.012 0.015 0.022 0.026 0.011 0.088 0.099 0.025 0.021 0.15 0.015 0.042 0.168 0.052 0.033 0.113
168 T 0.06 0.028 0.039 0.106 0.013 0.023 0.039 0.082 0.012 0.034 0.043 0.037 0.013 0.017 0.021 0.113 0.258 0.004 0.013 0.045
169 H 0.043 0.047 0.054 0.039 0.008 0.039 0.054 0.039 0.344 0.023 0.039 0.047 0.016 0.031 0.019 0.043 0.027 0.008 0.058 0.023
170 V 0.071 0.022 0.017 0.018 0.02 0.017 0.024 0.025 0.008 0.167 0.133 0.027 0.032 0.036 0.017 0.033 0.05 0.006 0.021 0.256
171 D 0.042 0.03 0.07 0.387 0.008 0.03 0.093 0.047 0.019 0.023 0.028 0.046 0.009 0.015 0.023 0.053 0.036 0.004 0.011 0.025
172 L 0.049 0.019 0.018 0.019 0.012 0.014 0.02 0.119 0.009 0.143 0.216 0.024 0.026 0.03 0.062 0.055 0.033 0.005 0.015 0.111
173 A 0.369 0.026 0.025 0.027 0.017 0.022 0.034 0.062 0.013 0.033 0.046 0.037 0.014 0.017 0.024 0.119 0.045 0.004 0.014 0.052
174 V 0.061 0.023 0.022 0.025 0.014 0.02 0.058 0.028 0.01 0.098 0.083 0.03 0.021 0.025 0.017 0.089 0.073 0.004 0.016 0.284
175 E 0.047 0.038 0.033 0.066 0.007 0.047 0.363 0.03 0.019 0.022 0.034 0.057 0.011 0.014 0.021 0.05 0.09 0.005 0.014 0.031
176 G 0.063 0.018 0.032 0.027 0.009 0.015 0.021 0.605 0.011 0.015 0.023 0.027 0.008 0.013 0.015 0.041 0.024 0.004 0.009 0.02
177 I 0.093 0.019 0.018 0.019 0.013 0.014 0.02 0.094 0.009 0.183 0.123 0.024 0.023 0.065 0.015 0.056 0.035 0.005 0.02 0.152
178 L 0.045 0.022 0.019 0.018 0.013 0.014 0.02 0.106 0.013 0.08 0.237 0.024 0.034 0.163 0.013 0.028 0.029 0.01 0.041 0.069
179 G 0.056 0.02 0.028 0.029 0.009 0.018 0.057 0.445 0.012 0.055 0.04 0.029 0.011 0.06 0.015 0.038 0.025 0.005 0.016 0.034
180 D 0.106 0.03 0.057 0.314 0.011 0.028 0.077 0.053 0.017 0.027 0.035 0.044 0.011 0.016 0.024 0.059 0.038 0.004 0.013 0.035
181 S 0.059 0.023 0.026 0.025 0.012 0.018 0.027 0.077 0.012 0.081 0.075 0.029 0.041 0.134 0.016 0.151 0.051 0.007 0.028 0.105
182 S 0.075 0.042 0.072 0.076 0.011 0.055 0.049 0.047 0.017 0.024 0.035 0.102 0.013 0.015 0.022 0.216 0.078 0.004 0.014 0.033
183 Y 0.038 0.025 0.019 0.018 0.009 0.045 0.027 0.025 0.022 0.044 0.113 0.028 0.043 0.124 0.013 0.053 0.028 0.109 0.173 0.044
184 G 0.065 0.02 0.032 0.028 0.009 0.016 0.022 0.562 0.011 0.016 0.024 0.028 0.008 0.013 0.016 0.067 0.027 0.004 0.009 0.021
185 F 0.028 0.015 0.013 0.014 0.009 0.009 0.015 0.02 0.013 0.079 0.095 0.016 0.021 0.469 0.009 0.02 0.021 0.013 0.067 0.052
186 N 0.036 0.035 0.387 0.099 0.008 0.027 0.042 0.05 0.024 0.02 0.027 0.042 0.009 0.015 0.017 0.057 0.066 0.004 0.013 0.024
187 G 0.09 0.019 0.029 0.026 0.054 0.015 0.021 0.519 0.011 0.018 0.027 0.027 0.009 0.014 0.016 0.043 0.026 0.004 0.009 0.024
188 G 0.063 0.018 0.032 0.027 0.009 0.015 0.021 0.605 0.011 0.015 0.023 0.027 0.008 0.013 0.015 0.041 0.024 0.004 0.009 0.02
189 L 0.038 0.02 0.013 0.013 0.013 0.015 0.017 0.018 0.009 0.139 0.363 0.022 0.104 0.042 0.012 0.022 0.029 0.006 0.018 0.087
190 L 0.075 0.037 0.028 0.035 0.011 0.131 0.106 0.031 0.016 0.043 0.147 0.048 0.021 0.022 0.019 0.048 0.115 0.005 0.016 0.048
191 H 0.033 0.033 0.037 0.027 0.007 0.027 0.038 0.028 0.376 0.024 0.039 0.033 0.013 0.074 0.014 0.032 0.022 0.009 0.11 0.023
192 K 0.045 0.116 0.033 0.033 0.007 0.043 0.056 0.034 0.017 0.022 0.035 0.393 0.012 0.013 0.022 0.043 0.032 0.004 0.014 0.026
193 N 0.034 0.036 0.449 0.067 0.007 0.027 0.04 0.053 0.025 0.018 0.025 0.043 0.009 0.015 0.016 0.056 0.04 0.004 0.013 0.022
194 Y 0.031 0.021 0.017 0.015 0.008 0.015 0.021 0.02 0.032 0.039 0.064 0.023 0.016 0.198 0.012 0.024 0.022 0.021 0.363 0.039
195 F 0.029 0.017 0.014 0.014 0.009 0.011 0.017 0.02 0.016 0.055 0.149 0.018 0.023 0.373 0.01 0.021 0.022 0.014 0.122 0.048
196 A 0.291 0.025 0.027 0.027 0.015 0.02 0.031 0.187 0.012 0.029 0.04 0.035 0.012 0.016 0.022 0.109 0.04 0.004 0.013 0.044
197 I 0.135 0.02 0.018 0.018 0.058 0.016 0.023 0.032 0.013 0.165 0.084 0.026 0.021 0.038 0.016 0.061 0.036 0.007 0.082 0.132
198 D 0.14 0.026 0.038 0.178 0.013 0.022 0.045 0.044 0.013 0.037 0.043 0.036 0.013 0.017 0.021 0.105 0.122 0.004 0.013 0.069
199 L 0.058 0.021 0.015 0.016 0.014 0.016 0.02 0.022 0.01 0.171 0.215 0.024 0.121 0.036 0.013 0.039 0.034 0.005 0.018 0.133
200 L 0.037 0.019 0.012 0.013 0.013 0.013 0.016 0.018 0.008 0.117 0.407 0.02 0.037 0.078 0.011 0.02 0.028 0.006 0.022 0.106
201 A 0.288 0.026 0.024 0.025 0.016 0.021 0.032 0.053 0.012 0.045 0.059 0.035 0.039 0.02 0.022 0.102 0.079 0.005 0.015 0.082
202 S 0.067 0.023 0.028 0.026 0.014 0.019 0.028 0.122 0.011 0.091 0.097 0.03 0.019 0.023 0.017 0.16 0.046 0.004 0.015 0.159
203 F 0.03 0.018 0.015 0.014 0.009 0.012 0.018 0.02 0.022 0.049 0.11 0.019 0.02 0.332 0.01 0.022 0.022 0.016 0.198 0.045
204 I 0.045 0.02 0.017 0.018 0.013 0.016 0.021 0.023 0.01 0.202 0.145 0.025 0.094 0.035 0.013 0.054 0.062 0.05 0.02 0.118
205 G 0.083 0.02 0.024 0.022 0.011 0.016 0.021 0.295 0.01 0.072 0.18 0.026 0.02 0.025 0.015 0.06 0.03 0.005 0.013 0.051
206 L 0.067 0.021 0.016 0.02 0.012 0.016 0.05 0.023 0.01 0.122 0.274 0.025 0.029 0.107 0.014 0.03 0.056 0.007 0.025 0.075
207 F 0.032 0.02 0.017 0.016 0.009 0.014 0.02 0.021 0.024 0.043 0.073 0.021 0.018 0.292 0.011 0.027 0.05 0.017 0.233 0.042
208 L 0.041 0.019 0.015 0.016 0.013 0.013 0.018 0.021 0.009 0.188 0.232 0.022 0.052 0.109 0.012 0.048 0.032 0.006 0.026 0.109
209 S 0.087 0.033 0.064 0.032 0.055 0.024 0.036 0.041 0.056 0.027 0.04 0.065 0.013 0.037 0.019 0.167 0.043 0.008 0.117 0.035
210 Y 0.102 0.098 0.045 0.082 0.01 0.025 0.037 0.079 0.02 0.031 0.075 0.071 0.014 0.038 0.017 0.065 0.032 0.009 0.114 0.036
211 K 0.048 0.077 0.033 0.032 0.008 0.04 0.053 0.035 0.016 0.028 0.07 0.358 0.015 0.015 0.022 0.067 0.034 0.004 0.014 0.031
212 Y 0.037 0.023 0.018 0.017 0.055 0.016 0.022 0.023 0.032 0.049 0.132 0.038 0.02 0.171 0.013 0.029 0.053 0.014 0.19 0.048
213 G 0.053 0.031 0.033 0.067 0.008 0.029 0.14 0.316 0.017 0.019 0.029 0.068 0.01 0.021 0.018 0.042 0.027 0.006 0.045 0.024
214 K 0.073 0.054 0.03 0.036 0.056 0.035 0.105 0.035 0.017 0.035 0.046 0.189 0.014 0.024 0.021 0.069 0.044 0.006 0.049 0.063
215 K 0.045 0.077 0.03 0.029 0.008 0.035 0.046 0.032 0.017 0.057 0.049 0.266 0.015 0.027 0.02 0.041 0.059 0.054 0.053 0.041
216 K 0.049 0.084 0.036 0.069 0.009 0.032 0.047 0.035 0.082 0.054 0.045 0.162 0.014 0.028 0.019 0.089 0.036 0.007 0.064 0.038
217 K 0.082 0.13 0.048 0.062 0.01 0.063 0.054 0.04 0.018 0.026 0.039 0.181 0.014 0.015 0.022 0.077 0.067 0.005 0.015 0.034
218 T 0.074 0.036 0.044 0.038 0.018 0.028 0.04 0.044 0.014 0.054 0.066 0.046 0.02 0.024 0.028 0.094 0.233 0.006 0.018 0.072
219 L 0.056 0.068 0.029 0.027 0.012 0.023 0.031 0.083 0.013 0.095 0.102 0.07 0.02 0.065 0.018 0.095 0.097 0.006 0.021 0.069
220 D 0.042 0.027 0.111 0.334 0.008 0.024 0.059 0.041 0.016 0.025 0.061 0.037 0.011 0.016 0.018 0.093 0.036 0.003 0.011 0.027
221 K 0.048 0.133 0.051 0.03 0.009 0.032 0.041 0.034 0.016 0.033 0.106 0.178 0.017 0.021 0.018 0.096 0.036 0.05 0.018 0.035
222 F 0.035 0.054 0.032 0.017 0.01 0.016 0.021 0.022 0.018 0.084 0.126 0.027 0.044 0.202 0.012 0.025 0.026 0.012 0.134 0.082
223 L 0.074 0.019 0.015 0.016 0.014 0.014 0.019 0.023 0.008 0.167 0.193 0.022 0.028 0.069 0.014 0.03 0.061 0.006 0.021 0.189
224 L 0.038 0.055 0.014 0.014 0.013 0.017 0.019 0.019 0.01 0.134 0.328 0.028 0.102 0.039 0.012 0.023 0.029 0.006 0.018 0.083
225 F 0.068 0.018 0.015 0.015 0.011 0.012 0.019 0.069 0.011 0.063 0.106 0.02 0.02 0.179 0.011 0.027 0.027 0.143 0.042 0.126
226 L 0.04 0.017 0.012 0.013 0.013 0.012 0.016 0.018 0.008 0.182 0.284 0.02 0.032 0.085 0.012 0.021 0.03 0.006 0.023 0.156
227 E 0.051 0.029 0.029 0.079 0.097 0.031 0.185 0.03 0.017 0.038 0.077 0.041 0.015 0.025 0.018 0.088 0.035 0.006 0.047 0.064
228 L 0.051 0.021 0.019 0.019 0.013 0.016 0.023 0.026 0.01 0.105 0.245 0.025 0.028 0.082 0.014 0.102 0.038 0.006 0.022 0.133
229 I 0.068 0.018 0.015 0.016 0.013 0.012 0.018 0.023 0.009 0.201 0.166 0.021 0.027 0.142 0.013 0.029 0.058 0.007 0.029 0.117
230 L 0.037 0.019 0.012 0.013 0.056 0.013 0.016 0.019 0.009 0.083 0.39 0.02 0.057 0.095 0.011 0.021 0.027 0.007 0.024 0.071
231 I 0.037 0.016 0.012 0.013 0.013 0.012 0.015 0.017 0.008 0.289 0.274 0.02 0.034 0.039 0.012 0.02 0.03 0.005 0.017 0.118
232 L 0.039 0.017 0.012 0.013 0.013 0.012 0.016 0.018 0.008 0.181 0.272 0.02 0.032 0.098 0.012 0.021 0.03 0.006 0.024 0.155
233 L 0.076 0.02 0.017 0.018 0.014 0.015 0.021 0.026 0.009 0.184 0.25 0.025 0.03 0.034 0.015 0.078 0.036 0.005 0.017 0.11
234 S 0.112 0.031 0.041 0.038 0.014 0.026 0.041 0.053 0.015 0.026 0.036 0.042 0.013 0.017 0.024 0.325 0.089 0.004 0.014 0.037
235 N 0.037 0.033 0.353 0.094 0.008 0.026 0.04 0.092 0.023 0.023 0.035 0.041 0.033 0.016 0.016 0.052 0.037 0.004 0.013 0.025
236 S 0.108 0.031 0.04 0.036 0.014 0.025 0.039 0.05 0.014 0.029 0.039 0.041 0.014 0.017 0.024 0.279 0.139 0.004 0.014 0.041
237 R 0.038 0.412 0.032 0.026 0.006 0.04 0.044 0.028 0.018 0.019 0.037 0.146 0.012 0.014 0.017 0.037 0.029 0.005 0.014 0.025
238 G 0.066 0.024 0.034 0.03 0.011 0.019 0.027 0.345 0.012 0.025 0.034 0.033 0.011 0.016 0.019 0.102 0.144 0.004 0.011 0.033
239 A 0.203 0.022 0.023 0.023 0.015 0.018 0.026 0.174 0.01 0.066 0.059 0.03 0.016 0.02 0.019 0.072 0.038 0.004 0.014 0.149
240 Y 0.032 0.019 0.014 0.014 0.009 0.014 0.019 0.02 0.021 0.103 0.139 0.021 0.022 0.138 0.011 0.022 0.024 0.103 0.198 0.059
241 L 0.039 0.017 0.012 0.014 0.013 0.013 0.016 0.018 0.008 0.242 0.274 0.02 0.056 0.039 0.012 0.021 0.031 0.005 0.017 0.133
242 L 0.039 0.018 0.012 0.013 0.013 0.013 0.016 0.018 0.008 0.193 0.329 0.021 0.057 0.04 0.012 0.021 0.03 0.005 0.018 0.123
243 F 0.035 0.019 0.016 0.016 0.011 0.012 0.018 0.021 0.011 0.066 0.241 0.021 0.027 0.253 0.012 0.028 0.08 0.009 0.042 0.059
244 I 0.071 0.017 0.013 0.015 0.057 0.012 0.017 0.023 0.009 0.17 0.147 0.02 0.025 0.141 0.012 0.026 0.031 0.007 0.029 0.16
245 L 0.103 0.019 0.015 0.016 0.014 0.014 0.02 0.027 0.009 0.133 0.201 0.024 0.027 0.068 0.015 0.033 0.061 0.006 0.021 0.173
246 F 0.027 0.015 0.014 0.014 0.009 0.009 0.015 0.02 0.014 0.051 0.092 0.015 0.02 0.506 0.009 0.02 0.02 0.014 0.072 0.044
247 L 0.037 0.019 0.012 0.013 0.012 0.013 0.017 0.018 0.01 0.123 0.356 0.02 0.034 0.047 0.011 0.021 0.028 0.052 0.054 0.104
248 L 0.044 0.018 0.015 0.015 0.056 0.013 0.017 0.065 0.009 0.145 0.165 0.021 0.06 0.105 0.012 0.025 0.031 0.006 0.024 0.155
249 I 0.108 0.02 0.018 0.019 0.015 0.015 0.022 0.029 0.009 0.201 0.128 0.025 0.025 0.029 0.016 0.06 0.065 0.005 0.016 0.177
250 I 0.083 0.025 0.056 0.029 0.013 0.021 0.058 0.034 0.013 0.131 0.082 0.032 0.043 0.062 0.017 0.111 0.041 0.005 0.02 0.127
251 N 0.043 0.034 0.281 0.056 0.008 0.028 0.069 0.046 0.068 0.022 0.033 0.042 0.011 0.054 0.017 0.099 0.04 0.005 0.021 0.025
252 L 0.054 0.044 0.016 0.015 0.055 0.015 0.02 0.023 0.016 0.088 0.169 0.026 0.023 0.086 0.012 0.033 0.028 0.055 0.123 0.098
253 D 0.041 0.031 0.1 0.295 0.008 0.025 0.057 0.051 0.018 0.022 0.03 0.066 0.01 0.021 0.018 0.071 0.061 0.005 0.045 0.026
254 R 0.045 0.345 0.039 0.031 0.008 0.048 0.052 0.033 0.023 0.023 0.047 0.12 0.016 0.017 0.019 0.045 0.035 0.006 0.017 0.031
255 K 0.069 0.049 0.023 0.024 0.01 0.026 0.036 0.03 0.013 0.095 0.1 0.204 0.019 0.133 0.017 0.035 0.03 0.007 0.028 0.055
256 I 0.039 0.017 0.012 0.014 0.013 0.012 0.016 0.018 0.008 0.243 0.238 0.019 0.032 0.073 0.012 0.021 0.031 0.006 0.021 0.156
257 K 0.041 0.122 0.086 0.07 0.008 0.034 0.047 0.033 0.017 0.033 0.105 0.214 0.016 0.018 0.018 0.041 0.045 0.004 0.014 0.034
258 K 0.058 0.109 0.042 0.042 0.009 0.054 0.072 0.044 0.021 0.028 0.044 0.266 0.016 0.016 0.028 0.054 0.04 0.005 0.018 0.033
259 K 0.044 0.094 0.086 0.033 0.009 0.034 0.044 0.033 0.017 0.042 0.089 0.225 0.041 0.022 0.019 0.04 0.033 0.005 0.025 0.066
260 I 0.037 0.015 0.012 0.014 0.013 0.011 0.015 0.017 0.008 0.36 0.16 0.019 0.03 0.072 0.012 0.02 0.031 0.006 0.021 0.13
261 K 0.044 0.082 0.079 0.039 0.007 0.038 0.079 0.035 0.017 0.021 0.033 0.276 0.011 0.013 0.109 0.043 0.032 0.004 0.013 0.026
262 K 0.074 0.122 0.032 0.033 0.008 0.062 0.077 0.078 0.052 0.026 0.044 0.196 0.036 0.016 0.019 0.042 0.031 0.005 0.017 0.031
263 T 0.072 0.035 0.043 0.037 0.017 0.027 0.039 0.043 0.014 0.052 0.064 0.045 0.019 0.023 0.027 0.091 0.261 0.006 0.017 0.07
264 K 0.056 0.105 0.041 0.041 0.008 0.052 0.069 0.042 0.02 0.027 0.042 0.292 0.015 0.015 0.027 0.052 0.039 0.005 0.017 0.032
265 L 0.174 0.027 0.02 0.022 0.019 0.02 0.03 0.049 0.012 0.078 0.223 0.034 0.033 0.037 0.022 0.054 0.041 0.006 0.02 0.081
266 K 0.043 0.123 0.105 0.042 0.007 0.063 0.1 0.035 0.019 0.029 0.039 0.199 0.013 0.014 0.019 0.043 0.033 0.004 0.014 0.055
267 Q 0.042 0.054 0.036 0.071 0.007 0.212 0.067 0.032 0.091 0.026 0.07 0.114 0.016 0.016 0.018 0.041 0.03 0.005 0.02 0.03
268 R 0.036 0.395 0.03 0.025 0.006 0.038 0.042 0.027 0.018 0.02 0.038 0.118 0.013 0.017 0.016 0.036 0.028 0.053 0.018 0.025
269 L 0.046 0.028 0.055 0.025 0.011 0.019 0.026 0.073 0.012 0.088 0.159 0.058 0.045 0.088 0.028 0.063 0.087 0.006 0.022 0.059
270 V 0.077 0.024 0.017 0.018 0.013 0.017 0.023 0.025 0.009 0.149 0.151 0.054 0.025 0.028 0.059 0.033 0.062 0.005 0.016 0.194
271 L 0.039 0.018 0.014 0.015 0.012 0.012 0.018 0.02 0.01 0.126 0.214 0.02 0.039 0.18 0.012 0.026 0.056 0.008 0.034 0.127
272 I 0.041 0.024 0.016 0.016 0.012 0.016 0.021 0.021 0.009 0.192 0.168 0.052 0.061 0.047 0.013 0.027 0.051 0.05 0.021 0.141
273 F 0.075 0.019 0.018 0.017 0.011 0.013 0.02 0.07 0.013 0.09 0.097 0.022 0.02 0.241 0.013 0.033 0.062 0.01 0.073 0.084
274 I 0.045 0.02 0.02 0.019 0.013 0.015 0.021 0.024 0.01 0.159 0.123 0.024 0.023 0.12 0.029 0.038 0.141 0.006 0.026 0.124
275 I 0.073 0.021 0.021 0.021 0.014 0.016 0.024 0.029 0.01 0.206 0.124 0.027 0.024 0.029 0.016 0.108 0.062 0.018 0.017 0.142
276 V 0.083 0.02 0.017 0.018 0.107 0.015 0.021 0.028 0.009 0.137 0.138 0.024 0.047 0.029 0.015 0.057 0.038 0.005 0.016 0.175
277 L 0.065 0.017 0.014 0.015 0.014 0.013 0.018 0.066 0.008 0.193 0.195 0.021 0.028 0.045 0.013 0.026 0.033 0.005 0.018 0.194
278 I 0.051 0.02 0.02 0.02 0.013 0.015 0.022 0.026 0.01 0.159 0.108 0.025 0.023 0.12 0.015 0.083 0.083 0.006 0.027 0.155
279 L 0.112 0.021 0.021 0.021 0.102 0.016 0.024 0.034 0.01 0.097 0.124 0.027 0.021 0.062 0.017 0.097 0.066 0.005 0.019 0.103
280 I 0.104 0.02 0.016 0.017 0.058 0.015 0.02 0.027 0.009 0.166 0.163 0.024 0.06 0.031 0.015 0.035 0.061 0.005 0.016 0.139
281 I 0.043 0.017 0.014 0.015 0.013 0.013 0.017 0.02 0.008 0.225 0.218 0.021 0.03 0.072 0.012 0.039 0.033 0.006 0.021 0.163
282 V 0.104 0.02 0.021 0.021 0.013 0.016 0.023 0.12 0.01 0.078 0.109 0.026 0.02 0.098 0.016 0.08 0.037 0.006 0.023 0.159
283 L 0.117 0.021 0.02 0.02 0.014 0.016 0.023 0.076 0.01 0.125 0.152 0.027 0.035 0.065 0.016 0.063 0.062 0.005 0.02 0.116
284 I 0.102 0.026 0.051 0.022 0.013 0.019 0.025 0.03 0.013 0.138 0.118 0.057 0.045 0.052 0.016 0.037 0.053 0.006 0.051 0.125
285 L 0.034 0.019 0.047 0.019 0.01 0.014 0.02 0.023 0.016 0.108 0.158 0.022 0.023 0.154 0.056 0.025 0.027 0.054 0.098 0.074
286 F 0.062 0.017 0.014 0.014 0.011 0.011 0.017 0.023 0.011 0.127 0.162 0.019 0.036 0.289 0.011 0.024 0.026 0.01 0.046 0.07
287 Y 0.031 0.02 0.016 0.014 0.008 0.014 0.02 0.02 0.028 0.045 0.101 0.022 0.019 0.224 0.011 0.023 0.022 0.019 0.3 0.043
288 R 0.053 0.106 0.03 0.031 0.01 0.055 0.069 0.076 0.015 0.067 0.084 0.106 0.017 0.019 0.018 0.09 0.064 0.005 0.014 0.072
289 K 0.067 0.039 0.088 0.029 0.009 0.024 0.033 0.032 0.053 0.092 0.069 0.118 0.04 0.103 0.016 0.037 0.031 0.007 0.059 0.053
290 I 0.04 0.019 0.014 0.014 0.012 0.014 0.019 0.019 0.017 0.184 0.144 0.022 0.048 0.057 0.012 0.024 0.03 0.01 0.15 0.15
291 I 0.134 0.055 0.02 0.02 0.014 0.018 0.024 0.032 0.01 0.187 0.088 0.032 0.022 0.026 0.017 0.043 0.098 0.005 0.015 0.14
292 L 0.048 0.028 0.1 0.034 0.012 0.023 0.059 0.033 0.014 0.056 0.222 0.034 0.047 0.029 0.016 0.09 0.083 0.005 0.016 0.054
293 N 0.042 0.041 0.228 0.085 0.008 0.028 0.043 0.087 0.055 0.022 0.031 0.098 0.011 0.015 0.018 0.053 0.089 0.004 0.015 0.027
294 S 0.082 0.03 0.039 0.036 0.014 0.025 0.038 0.048 0.014 0.062 0.047 0.04 0.015 0.019 0.022 0.317 0.061 0.004 0.014 0.071
295 D 0.082 0.029 0.039 0.168 0.009 0.031 0.165 0.155 0.016 0.02 0.028 0.043 0.01 0.014 0.02 0.095 0.035 0.004 0.011 0.026
296 S 0.077 0.031 0.04 0.036 0.014 0.025 0.038 0.046 0.014 0.031 0.041 0.041 0.014 0.018 0.023 0.257 0.192 0.004 0.014 0.043
297 Y 0.032 0.022 0.017 0.015 0.008 0.017 0.022 0.02 0.036 0.036 0.058 0.024 0.015 0.136 0.012 0.025 0.022 0.022 0.421 0.038
298 M 0.108 0.029 0.028 0.062 0.012 0.049 0.037 0.08 0.05 0.047 0.083 0.036 0.132 0.025 0.017 0.077 0.053 0.005 0.018 0.05
299 Y 0.035 0.023 0.023 0.056 0.009 0.019 0.028 0.023 0.094 0.099 0.075 0.026 0.041 0.097 0.013 0.027 0.026 0.013 0.203 0.072
300 R 0.036 0.472 0.031 0.025 0.006 0.039 0.042 0.027 0.019 0.019 0.038 0.097 0.012 0.014 0.016 0.036 0.028 0.005 0.014 0.025
301 V 0.046 0.019 0.016 0.016 0.013 0.015 0.02 0.022 0.013 0.161 0.132 0.023 0.047 0.08 0.013 0.051 0.034 0.008 0.088 0.183
302 R 0.039 0.182 0.128 0.038 0.007 0.111 0.051 0.035 0.02 0.025 0.07 0.123 0.015 0.016 0.017 0.043 0.033 0.004 0.015 0.029
303 G 0.063 0.018 0.032 0.027 0.009 0.015 0.021 0.605 0.011 0.015 0.023 0.027 0.008 0.013 0.015 0.041 0.024 0.004 0.009 0.02
304 L 0.037 0.019 0.012 0.013 0.013 0.013 0.016 0.017 0.008 0.151 0.411 0.02 0.037 0.042 0.012 0.02 0.029 0.005 0.018 0.107
305 L 0.042 0.021 0.016 0.02 0.012 0.018 0.051 0.021 0.012 0.168 0.198 0.026 0.073 0.04 0.014 0.029 0.059 0.007 0.05 0.124
306 N 0.036 0.036 0.417 0.064 0.008 0.027 0.039 0.051 0.024 0.02 0.027 0.043 0.01 0.015 0.017 0.058 0.067 0.004 0.013 0.025
307 Y 0.031 0.021 0.017 0.015 0.008 0.015 0.021 0.02 0.032 0.039 0.064 0.023 0.016 0.198 0.012 0.024 0.022 0.021 0.363 0.039
308 L 0.035 0.017 0.012 0.013 0.012 0.011 0.015 0.018 0.009 0.182 0.292 0.019 0.032 0.148 0.011 0.02 0.027 0.007 0.03 0.09
309 N 0.04 0.041 0.198 0.123 0.007 0.081 0.082 0.085 0.056 0.019 0.028 0.075 0.01 0.014 0.018 0.048 0.033 0.004 0.015 0.023
310 Y 0.037 0.063 0.019 0.017 0.009 0.022 0.026 0.022 0.025 0.051 0.118 0.062 0.111 0.066 0.014 0.028 0.027 0.014 0.217 0.05
311 Y 0.036 0.022 0.019 0.017 0.008 0.016 0.022 0.023 0.03 0.038 0.062 0.024 0.016 0.191 0.013 0.051 0.025 0.019 0.329 0.039
312 S 0.061 0.072 0.069 0.046 0.01 0.043 0.133 0.085 0.041 0.021 0.032 0.08 0.012 0.015 0.021 0.169 0.044 0.004 0.015 0.028
313 S 0.055 0.068 0.133 0.082 0.009 0.03 0.087 0.086 0.02 0.021 0.032 0.061 0.011 0.022 0.019 0.145 0.042 0.005 0.046 0.027
314 D 0.035 0.027 0.1 0.415 0.006 0.025 0.067 0.039 0.052 0.018 0.024 0.037 0.008 0.013 0.018 0.05 0.03 0.003 0.012 0.02
315 K 0.041 0.059 0.054 0.025 0.009 0.024 0.031 0.029 0.016 0.068 0.099 0.1 0.063 0.034 0.059 0.057 0.032 0.096 0.055 0.047
316 F 0.03 0.022 0.016 0.015 0.008 0.013 0.02 0.021 0.017 0.05 0.082 0.048 0.019 0.401 0.01 0.023 0.022 0.014 0.125 0.043
317 H 0.034 0.065 0.034 0.025 0.007 0.027 0.036 0.027 0.306 0.053 0.045 0.037 0.014 0.043 0.014 0.031 0.023 0.01 0.135 0.033
318 L 0.039 0.023 0.014 0.015 0.013 0.018 0.02 0.02 0.011 0.111 0.287 0.025 0.192 0.041 0.012 0.025 0.03 0.006 0.019 0.081
319 L 0.037 0.018 0.013 0.014 0.012 0.013 0.017 0.019 0.009 0.168 0.191 0.02 0.05 0.099 0.011 0.021 0.029 0.096 0.03 0.134
