#Seq2Logo.py -f /work3/idamei/ssn-clusterings/clustering/2205111339/clusters/0015_255/sequences.afa -o /work3/idamei/ssn-clusterings/clustering/2205111339/clusters/0015_255/sequences.logo
#Position Specific Frequency Matrix
A R N D C Q E G H I L K M F P S T W Y V
0 M 0.05 0.031 0.019 0.019 0.015 0.027 0.027 0.027 0.015 0.096 0.188 0.034 0.199 0.046 0.015 0.034 0.038 0.008 0.023 0.088
1 R 0.045 0.149 0.045 0.029 0.01 0.035 0.042 0.031 0.02 0.071 0.128 0.125 0.023 0.037 0.019 0.039 0.035 0.008 0.051 0.058
2 N 0.083 0.046 0.163 0.073 0.011 0.032 0.049 0.056 0.023 0.029 0.044 0.086 0.014 0.057 0.022 0.098 0.049 0.006 0.022 0.036
3 T 0.076 0.031 0.037 0.034 0.017 0.024 0.036 0.043 0.014 0.121 0.09 0.04 0.024 0.029 0.024 0.116 0.126 0.006 0.018 0.095
4 L 0.058 0.03 0.029 0.026 0.017 0.022 0.03 0.032 0.012 0.084 0.222 0.035 0.034 0.039 0.021 0.058 0.142 0.006 0.02 0.083
5 K 0.053 0.067 0.032 0.041 0.011 0.041 0.092 0.034 0.017 0.111 0.082 0.165 0.022 0.025 0.023 0.044 0.039 0.005 0.018 0.079
6 N 0.042 0.145 0.188 0.119 0.008 0.037 0.057 0.051 0.026 0.022 0.035 0.073 0.012 0.017 0.02 0.058 0.042 0.005 0.015 0.027
7 I 0.056 0.077 0.025 0.025 0.015 0.022 0.029 0.03 0.013 0.197 0.125 0.044 0.029 0.035 0.018 0.062 0.045 0.006 0.019 0.128
8 E 0.062 0.036 0.028 0.054 0.013 0.04 0.162 0.03 0.017 0.093 0.083 0.051 0.022 0.026 0.021 0.044 0.043 0.005 0.019 0.152
9 L 0.044 0.049 0.024 0.024 0.012 0.026 0.036 0.03 0.016 0.068 0.18 0.111 0.03 0.155 0.017 0.034 0.032 0.01 0.042 0.06
10 L 0.041 0.03 0.119 0.038 0.013 0.021 0.029 0.036 0.018 0.075 0.221 0.033 0.032 0.099 0.015 0.039 0.037 0.008 0.031 0.065
11 R 0.063 0.135 0.039 0.035 0.012 0.037 0.049 0.041 0.018 0.041 0.091 0.126 0.02 0.023 0.023 0.09 0.088 0.006 0.017 0.047
12 L 0.044 0.019 0.014 0.016 0.015 0.013 0.018 0.021 0.01 0.182 0.22 0.022 0.036 0.119 0.013 0.024 0.034 0.008 0.033 0.136
13 L 0.055 0.031 0.122 0.041 0.014 0.023 0.033 0.041 0.017 0.116 0.158 0.037 0.027 0.033 0.018 0.083 0.047 0.005 0.018 0.081
14 K 0.055 0.108 0.041 0.076 0.009 0.043 0.062 0.041 0.022 0.027 0.042 0.21 0.015 0.026 0.024 0.068 0.04 0.007 0.049 0.033
15 L 0.046 0.021 0.02 0.02 0.013 0.014 0.021 0.075 0.012 0.138 0.17 0.025 0.03 0.151 0.014 0.033 0.056 0.009 0.038 0.094
16 L 0.044 0.02 0.014 0.016 0.015 0.014 0.018 0.02 0.009 0.207 0.282 0.023 0.041 0.047 0.014 0.024 0.035 0.006 0.02 0.13
17 F 0.034 0.019 0.017 0.017 0.011 0.011 0.019 0.025 0.017 0.063 0.114 0.019 0.025 0.387 0.011 0.025 0.025 0.017 0.089 0.055
18 S 0.11 0.04 0.054 0.049 0.018 0.033 0.052 0.066 0.019 0.03 0.042 0.054 0.016 0.021 0.03 0.22 0.082 0.005 0.018 0.042
19 F 0.034 0.019 0.017 0.017 0.011 0.011 0.019 0.025 0.017 0.063 0.114 0.019 0.025 0.387 0.011 0.025 0.025 0.017 0.089 0.055
20 F 0.035 0.02 0.015 0.016 0.012 0.012 0.018 0.023 0.014 0.075 0.197 0.02 0.031 0.306 0.011 0.024 0.027 0.013 0.066 0.064
21 I 0.056 0.023 0.022 0.022 0.015 0.018 0.025 0.03 0.012 0.154 0.149 0.028 0.045 0.106 0.016 0.068 0.043 0.008 0.031 0.128
22 I 0.075 0.02 0.016 0.019 0.016 0.015 0.022 0.027 0.009 0.212 0.155 0.026 0.031 0.037 0.061 0.032 0.039 0.005 0.019 0.164
23 V 0.063 0.025 0.025 0.024 0.017 0.019 0.027 0.031 0.011 0.153 0.135 0.032 0.028 0.033 0.019 0.065 0.111 0.006 0.019 0.159
24 L 0.045 0.022 0.015 0.016 0.015 0.015 0.02 0.022 0.011 0.124 0.272 0.024 0.053 0.109 0.013 0.025 0.034 0.008 0.031 0.127
25 L 0.04 0.02 0.015 0.016 0.013 0.014 0.019 0.021 0.014 0.158 0.222 0.022 0.035 0.147 0.013 0.024 0.031 0.01 0.064 0.103
26 E 0.052 0.047 0.038 0.085 0.007 0.061 0.335 0.033 0.024 0.021 0.035 0.071 0.012 0.016 0.024 0.052 0.035 0.005 0.016 0.03
27 L 0.042 0.022 0.013 0.015 0.015 0.015 0.019 0.02 0.009 0.134 0.378 0.024 0.045 0.05 0.013 0.023 0.032 0.007 0.021 0.1
28 F 0.07 0.022 0.017 0.018 0.097 0.016 0.022 0.03 0.013 0.093 0.121 0.025 0.069 0.163 0.015 0.034 0.034 0.009 0.04 0.093
29 L 0.047 0.022 0.015 0.016 0.016 0.016 0.02 0.021 0.01 0.171 0.263 0.025 0.068 0.046 0.014 0.026 0.036 0.006 0.021 0.14
30 G 0.072 0.022 0.035 0.031 0.011 0.019 0.024 0.494 0.013 0.024 0.04 0.032 0.025 0.018 0.018 0.047 0.029 0.005 0.011 0.028
31 G 0.074 0.022 0.037 0.032 0.01 0.018 0.024 0.537 0.013 0.018 0.027 0.032 0.009 0.015 0.018 0.049 0.028 0.005 0.01 0.023
32 G 0.079 0.024 0.039 0.034 0.011 0.02 0.028 0.458 0.014 0.02 0.029 0.035 0.01 0.016 0.02 0.084 0.036 0.005 0.011 0.026
33 G 0.074 0.022 0.037 0.032 0.01 0.018 0.024 0.537 0.013 0.018 0.027 0.032 0.009 0.015 0.018 0.049 0.028 0.005 0.01 0.023
34 R 0.044 0.303 0.038 0.032 0.008 0.063 0.055 0.033 0.053 0.023 0.043 0.122 0.015 0.017 0.019 0.044 0.033 0.006 0.02 0.029
35 L 0.045 0.022 0.015 0.016 0.014 0.015 0.02 0.022 0.011 0.134 0.223 0.024 0.062 0.132 0.013 0.026 0.034 0.009 0.035 0.127
36 L 0.047 0.025 0.021 0.02 0.015 0.018 0.023 0.026 0.012 0.102 0.247 0.028 0.048 0.101 0.016 0.039 0.091 0.008 0.03 0.085
37 E 0.074 0.051 0.04 0.096 0.009 0.051 0.23 0.039 0.021 0.025 0.039 0.103 0.013 0.016 0.025 0.056 0.056 0.005 0.016 0.035
38 I 0.071 0.021 0.018 0.019 0.015 0.015 0.022 0.028 0.011 0.172 0.166 0.026 0.031 0.112 0.015 0.047 0.039 0.008 0.032 0.132
39 G 0.074 0.022 0.037 0.032 0.01 0.018 0.024 0.538 0.013 0.018 0.027 0.032 0.009 0.015 0.018 0.048 0.028 0.005 0.01 0.023
40 P 0.058 0.027 0.053 0.033 0.011 0.02 0.033 0.078 0.015 0.034 0.053 0.037 0.014 0.109 0.212 0.078 0.059 0.007 0.03 0.038
41 L 0.068 0.022 0.015 0.016 0.016 0.015 0.021 0.026 0.01 0.122 0.251 0.024 0.036 0.101 0.015 0.029 0.035 0.008 0.03 0.139
42 T 0.08 0.035 0.044 0.039 0.017 0.028 0.041 0.048 0.015 0.043 0.055 0.045 0.017 0.022 0.027 0.142 0.224 0.005 0.017 0.059
43 L 0.088 0.023 0.016 0.017 0.016 0.016 0.022 0.029 0.011 0.098 0.265 0.026 0.036 0.101 0.015 0.033 0.035 0.008 0.03 0.115
44 R 0.042 0.382 0.037 0.029 0.007 0.046 0.049 0.031 0.022 0.022 0.044 0.113 0.015 0.016 0.018 0.042 0.033 0.005 0.016 0.029
45 L 0.048 0.027 0.018 0.018 0.015 0.023 0.024 0.025 0.014 0.142 0.179 0.031 0.174 0.044 0.015 0.032 0.038 0.007 0.022 0.104
46 L 0.047 0.022 0.017 0.017 0.014 0.016 0.021 0.059 0.017 0.121 0.192 0.025 0.037 0.086 0.014 0.028 0.033 0.011 0.097 0.123
47 L 0.04 0.022 0.014 0.015 0.014 0.014 0.019 0.021 0.01 0.101 0.37 0.023 0.043 0.105 0.013 0.023 0.03 0.008 0.03 0.085
48 F 0.032 0.018 0.016 0.016 0.01 0.011 0.018 0.024 0.018 0.058 0.104 0.019 0.023 0.403 0.01 0.024 0.024 0.017 0.103 0.051
49 F 0.044 0.019 0.015 0.016 0.049 0.013 0.019 0.023 0.011 0.151 0.148 0.022 0.042 0.176 0.013 0.026 0.033 0.009 0.042 0.127
50 L 0.07 0.022 0.017 0.019 0.016 0.016 0.022 0.027 0.01 0.158 0.235 0.026 0.035 0.069 0.016 0.045 0.039 0.007 0.024 0.128
51 A 0.172 0.029 0.071 0.033 0.016 0.023 0.033 0.088 0.015 0.085 0.1 0.038 0.034 0.027 0.022 0.061 0.06 0.005 0.017 0.074
52 I 0.05 0.026 0.021 0.021 0.015 0.035 0.028 0.025 0.012 0.176 0.175 0.032 0.064 0.038 0.016 0.037 0.074 0.006 0.02 0.128
53 V 0.096 0.022 0.02 0.021 0.016 0.017 0.025 0.069 0.011 0.122 0.145 0.028 0.028 0.089 0.017 0.053 0.041 0.007 0.027 0.147
54 L 0.046 0.021 0.015 0.016 0.015 0.015 0.02 0.021 0.014 0.159 0.248 0.024 0.036 0.056 0.014 0.025 0.035 0.009 0.069 0.142
55 S 0.103 0.035 0.065 0.042 0.016 0.028 0.043 0.054 0.016 0.044 0.052 0.046 0.017 0.021 0.026 0.171 0.132 0.005 0.017 0.068
56 L 0.074 0.025 0.021 0.021 0.016 0.018 0.025 0.03 0.011 0.124 0.243 0.03 0.035 0.039 0.018 0.055 0.075 0.006 0.019 0.116
57 L 0.075 0.025 0.021 0.022 0.015 0.018 0.027 0.033 0.012 0.089 0.197 0.03 0.029 0.076 0.089 0.066 0.041 0.006 0.025 0.103
58 L 0.046 0.024 0.018 0.017 0.014 0.017 0.023 0.022 0.044 0.127 0.213 0.026 0.033 0.06 0.014 0.027 0.034 0.01 0.095 0.134
59 L 0.041 0.022 0.016 0.016 0.013 0.015 0.021 0.022 0.019 0.085 0.239 0.024 0.033 0.152 0.013 0.025 0.03 0.013 0.113 0.088
60 I 0.047 0.018 0.015 0.018 0.016 0.013 0.018 0.021 0.009 0.271 0.168 0.024 0.037 0.044 0.015 0.025 0.04 0.006 0.021 0.177
61 K 0.057 0.107 0.042 0.042 0.009 0.054 0.071 0.043 0.021 0.028 0.043 0.278 0.016 0.016 0.028 0.054 0.04 0.005 0.017 0.033
62 Y 0.04 0.028 0.022 0.019 0.009 0.022 0.028 0.025 0.047 0.044 0.068 0.031 0.019 0.131 0.016 0.031 0.028 0.028 0.318 0.047
63 L 0.066 0.026 0.018 0.019 0.015 0.041 0.028 0.026 0.012 0.14 0.241 0.031 0.035 0.068 0.015 0.031 0.036 0.007 0.024 0.12
64 I 0.045 0.1 0.023 0.021 0.011 0.022 0.028 0.026 0.021 0.122 0.116 0.045 0.025 0.107 0.015 0.046 0.034 0.011 0.101 0.08
65 K 0.061 0.157 0.04 0.036 0.01 0.04 0.051 0.112 0.019 0.026 0.041 0.162 0.014 0.016 0.023 0.081 0.059 0.005 0.015 0.033
66 K 0.074 0.095 0.072 0.042 0.01 0.072 0.06 0.08 0.021 0.027 0.042 0.184 0.015 0.016 0.024 0.056 0.056 0.005 0.016 0.035
67 K 0.055 0.121 0.039 0.04 0.009 0.061 0.08 0.038 0.047 0.034 0.046 0.197 0.016 0.018 0.023 0.063 0.039 0.005 0.019 0.051
68 I 0.045 0.018 0.014 0.016 0.015 0.013 0.017 0.02 0.008 0.274 0.192 0.023 0.036 0.042 0.014 0.024 0.037 0.006 0.02 0.166
69 S 0.063 0.045 0.11 0.086 0.011 0.038 0.113 0.049 0.021 0.027 0.048 0.082 0.014 0.018 0.059 0.114 0.049 0.005 0.015 0.033
70 K 0.057 0.121 0.038 0.035 0.01 0.042 0.054 0.075 0.018 0.033 0.068 0.211 0.017 0.018 0.023 0.065 0.057 0.005 0.016 0.037
71 Y 0.043 0.059 0.07 0.093 0.009 0.046 0.068 0.035 0.056 0.05 0.054 0.048 0.016 0.057 0.018 0.049 0.034 0.013 0.141 0.043
72 V 0.069 0.021 0.018 0.018 0.014 0.016 0.023 0.027 0.017 0.145 0.11 0.026 0.026 0.109 0.015 0.033 0.045 0.011 0.101 0.155
73 L 0.068 0.024 0.017 0.019 0.015 0.032 0.026 0.026 0.011 0.181 0.183 0.029 0.032 0.04 0.015 0.031 0.037 0.043 0.023 0.15
74 V 0.052 0.037 0.047 0.03 0.013 0.026 0.053 0.03 0.018 0.102 0.098 0.073 0.023 0.07 0.018 0.04 0.056 0.009 0.071 0.134
75 L 0.047 0.022 0.016 0.017 0.015 0.015 0.021 0.023 0.01 0.145 0.3 0.025 0.039 0.073 0.014 0.041 0.036 0.007 0.025 0.108
76 L 0.055 0.024 0.023 0.022 0.015 0.018 0.025 0.029 0.012 0.133 0.155 0.029 0.042 0.091 0.017 0.056 0.093 0.007 0.028 0.124
77 L 0.114 0.025 0.022 0.023 0.016 0.019 0.027 0.038 0.012 0.141 0.194 0.032 0.044 0.037 0.019 0.071 0.043 0.006 0.019 0.099
78 L 0.097 0.024 0.023 0.023 0.015 0.018 0.027 0.072 0.014 0.099 0.155 0.03 0.027 0.081 0.018 0.07 0.041 0.008 0.049 0.107
79 F 0.041 0.021 0.019 0.018 0.011 0.014 0.022 0.026 0.021 0.06 0.094 0.023 0.022 0.303 0.013 0.043 0.03 0.017 0.133 0.068
80 T 0.064 0.028 0.032 0.029 0.015 0.021 0.031 0.037 0.013 0.108 0.109 0.035 0.024 0.085 0.021 0.098 0.135 0.007 0.027 0.082
81 L 0.058 0.023 0.019 0.02 0.052 0.017 0.023 0.027 0.01 0.141 0.216 0.027 0.033 0.038 0.016 0.061 0.043 0.006 0.019 0.15
82 L 0.053 0.023 0.02 0.02 0.015 0.017 0.024 0.026 0.013 0.136 0.19 0.028 0.045 0.073 0.016 0.048 0.057 0.008 0.048 0.14
83 L 0.053 0.028 0.048 0.027 0.014 0.021 0.028 0.032 0.04 0.11 0.244 0.032 0.033 0.039 0.017 0.067 0.058 0.006 0.022 0.083
84 L 0.05 0.022 0.02 0.02 0.014 0.016 0.022 0.062 0.011 0.144 0.217 0.026 0.033 0.095 0.015 0.047 0.054 0.007 0.028 0.096
85 F 0.046 0.021 0.017 0.017 0.014 0.015 0.021 0.023 0.014 0.14 0.147 0.024 0.049 0.155 0.014 0.029 0.043 0.01 0.062 0.139
86 G 0.088 0.026 0.034 0.031 0.012 0.021 0.031 0.275 0.02 0.027 0.04 0.036 0.012 0.039 0.056 0.085 0.038 0.009 0.087 0.034
87 L 0.095 0.023 0.022 0.022 0.051 0.017 0.025 0.071 0.012 0.12 0.128 0.029 0.025 0.087 0.018 0.057 0.057 0.007 0.027 0.108
88 L 0.059 0.022 0.021 0.021 0.016 0.017 0.023 0.063 0.01 0.135 0.172 0.027 0.03 0.063 0.016 0.05 0.059 0.006 0.023 0.168
89 L 0.052 0.021 0.015 0.016 0.016 0.015 0.02 0.022 0.009 0.177 0.219 0.024 0.049 0.041 0.014 0.027 0.039 0.006 0.02 0.197
90 G 0.148 0.024 0.033 0.031 0.013 0.02 0.028 0.407 0.013 0.024 0.035 0.035 0.011 0.017 0.021 0.057 0.033 0.005 0.012 0.035
91 L 0.04 0.027 0.017 0.017 0.011 0.017 0.024 0.024 0.017 0.087 0.176 0.044 0.028 0.111 0.013 0.026 0.029 0.121 0.087 0.082
92 L 0.063 0.02 0.015 0.016 0.015 0.014 0.02 0.025 0.011 0.156 0.228 0.023 0.035 0.125 0.014 0.028 0.034 0.008 0.033 0.118
93 N 0.042 0.04 0.334 0.074 0.045 0.03 0.044 0.059 0.028 0.023 0.032 0.048 0.011 0.017 0.019 0.064 0.046 0.004 0.015 0.027
94 G 0.053 0.039 0.155 0.05 0.009 0.029 0.041 0.225 0.101 0.02 0.031 0.062 0.011 0.019 0.019 0.053 0.035 0.005 0.022 0.024
95 A 0.175 0.031 0.121 0.042 0.015 0.025 0.038 0.095 0.018 0.06 0.057 0.042 0.016 0.021 0.023 0.079 0.047 0.005 0.016 0.074
96 P 0.081 0.031 0.033 0.068 0.012 0.028 0.083 0.041 0.015 0.036 0.079 0.045 0.016 0.02 0.203 0.088 0.061 0.004 0.015 0.042
97 L 0.044 0.03 0.043 0.023 0.013 0.019 0.026 0.028 0.013 0.096 0.209 0.048 0.044 0.095 0.015 0.034 0.052 0.044 0.032 0.091
98 A 0.126 0.034 0.073 0.075 0.014 0.031 0.087 0.054 0.018 0.049 0.048 0.048 0.015 0.02 0.06 0.126 0.052 0.005 0.016 0.049
99 L 0.069 0.057 0.034 0.024 0.014 0.023 0.03 0.05 0.013 0.078 0.264 0.057 0.047 0.039 0.017 0.051 0.037 0.006 0.019 0.071
100 I 0.049 0.017 0.014 0.017 0.016 0.013 0.018 0.02 0.008 0.281 0.15 0.023 0.034 0.04 0.014 0.025 0.039 0.005 0.019 0.198
101 F 0.058 0.021 0.016 0.016 0.013 0.014 0.02 0.027 0.013 0.103 0.174 0.023 0.042 0.181 0.012 0.028 0.03 0.084 0.049 0.076
102 E 0.051 0.039 0.033 0.066 0.009 0.048 0.248 0.066 0.02 0.054 0.097 0.058 0.018 0.023 0.021 0.045 0.034 0.005 0.016 0.047
103 D 0.038 0.028 0.065 0.434 0.007 0.028 0.086 0.044 0.018 0.021 0.026 0.042 0.009 0.014 0.021 0.049 0.033 0.003 0.011 0.023
104 I 0.047 0.019 0.014 0.016 0.015 0.013 0.018 0.021 0.009 0.2 0.198 0.022 0.035 0.097 0.014 0.025 0.036 0.007 0.029 0.165
105 K 0.054 0.101 0.039 0.039 0.008 0.05 0.066 0.041 0.019 0.026 0.041 0.322 0.015 0.015 0.026 0.05 0.037 0.005 0.016 0.031
106 P 0.054 0.028 0.025 0.031 0.01 0.037 0.039 0.035 0.013 0.026 0.037 0.042 0.011 0.013 0.453 0.045 0.053 0.003 0.013 0.032
107 L 0.043 0.023 0.014 0.015 0.015 0.016 0.019 0.02 0.01 0.13 0.37 0.024 0.057 0.05 0.014 0.024 0.032 0.007 0.021 0.098
108 L 0.071 0.028 0.031 0.03 0.016 0.022 0.033 0.039 0.013 0.129 0.155 0.036 0.027 0.033 0.021 0.132 0.071 0.005 0.018 0.088
109 F 0.035 0.023 0.018 0.017 0.009 0.016 0.023 0.024 0.032 0.049 0.083 0.024 0.02 0.252 0.013 0.027 0.025 0.022 0.241 0.047
110 F 0.034 0.019 0.018 0.017 0.01 0.011 0.019 0.025 0.016 0.059 0.104 0.02 0.023 0.396 0.011 0.028 0.043 0.015 0.079 0.053
111 F 0.038 0.022 0.018 0.017 0.011 0.016 0.022 0.024 0.025 0.075 0.133 0.025 0.024 0.196 0.049 0.027 0.028 0.017 0.173 0.061
112 I 0.062 0.028 0.051 0.03 0.05 0.022 0.03 0.037 0.015 0.119 0.111 0.035 0.069 0.06 0.018 0.1 0.048 0.006 0.023 0.084
113 L 0.047 0.02 0.014 0.016 0.016 0.015 0.019 0.021 0.009 0.218 0.228 0.024 0.05 0.043 0.014 0.025 0.037 0.006 0.02 0.16
114 L 0.044 0.022 0.014 0.016 0.015 0.016 0.02 0.021 0.01 0.146 0.315 0.025 0.053 0.046 0.05 0.025 0.033 0.006 0.02 0.102
115 F 0.033 0.018 0.016 0.016 0.01 0.01 0.018 0.024 0.015 0.078 0.111 0.018 0.025 0.397 0.01 0.024 0.025 0.015 0.079 0.06
116 F 0.055 0.018 0.016 0.017 0.011 0.011 0.019 0.027 0.015 0.095 0.111 0.02 0.025 0.341 0.012 0.028 0.027 0.014 0.069 0.069
117 S 0.122 0.035 0.043 0.039 0.015 0.029 0.044 0.056 0.048 0.031 0.045 0.046 0.015 0.035 0.025 0.19 0.062 0.008 0.068 0.042
118 L 0.045 0.024 0.04 0.02 0.014 0.017 0.023 0.024 0.018 0.116 0.242 0.027 0.034 0.061 0.014 0.028 0.034 0.01 0.093 0.116
119 F 0.072 0.031 0.047 0.027 0.014 0.022 0.03 0.035 0.017 0.093 0.098 0.052 0.042 0.12 0.018 0.057 0.057 0.009 0.057 0.102
120 I 0.044 0.017 0.014 0.017 0.015 0.012 0.017 0.019 0.008 0.315 0.158 0.022 0.035 0.042 0.014 0.023 0.037 0.006 0.019 0.166
121 D 0.044 0.101 0.112 0.129 0.008 0.052 0.061 0.042 0.048 0.044 0.044 0.116 0.014 0.018 0.021 0.05 0.037 0.005 0.018 0.037
122 D 0.057 0.065 0.094 0.168 0.009 0.054 0.125 0.047 0.022 0.023 0.034 0.06 0.012 0.016 0.023 0.099 0.045 0.005 0.015 0.029
123 K 0.071 0.043 0.029 0.03 0.011 0.047 0.054 0.035 0.052 0.084 0.072 0.085 0.02 0.044 0.019 0.044 0.055 0.052 0.081 0.073
124 K 0.063 0.061 0.062 0.047 0.011 0.056 0.095 0.078 0.019 0.035 0.045 0.149 0.015 0.017 0.024 0.084 0.062 0.005 0.016 0.054
125 D 0.071 0.09 0.048 0.183 0.01 0.083 0.091 0.043 0.02 0.026 0.039 0.064 0.014 0.016 0.022 0.069 0.057 0.005 0.015 0.034
126 I 0.053 0.019 0.015 0.018 0.016 0.014 0.02 0.022 0.008 0.237 0.136 0.024 0.031 0.037 0.051 0.027 0.04 0.005 0.019 0.209
127 L 0.073 0.038 0.05 0.041 0.012 0.048 0.101 0.07 0.017 0.081 0.122 0.064 0.036 0.027 0.019 0.044 0.038 0.005 0.018 0.095
128 L 0.045 0.067 0.046 0.026 0.012 0.027 0.035 0.03 0.017 0.085 0.173 0.097 0.04 0.042 0.017 0.035 0.035 0.044 0.046 0.082
129 V 0.057 0.019 0.015 0.017 0.017 0.014 0.02 0.022 0.008 0.224 0.137 0.024 0.032 0.037 0.015 0.028 0.043 0.005 0.019 0.25
130 V 0.092 0.043 0.033 0.032 0.015 0.028 0.04 0.078 0.014 0.084 0.072 0.097 0.02 0.024 0.022 0.107 0.051 0.005 0.017 0.126
131 K 0.056 0.082 0.085 0.069 0.01 0.036 0.052 0.079 0.022 0.028 0.043 0.146 0.014 0.053 0.022 0.079 0.041 0.007 0.045 0.032
132 L 0.067 0.02 0.015 0.017 0.016 0.015 0.02 0.024 0.009 0.206 0.228 0.024 0.036 0.042 0.015 0.028 0.037 0.006 0.02 0.155
133 I 0.045 0.019 0.015 0.017 0.015 0.015 0.019 0.021 0.011 0.239 0.187 0.024 0.047 0.048 0.014 0.025 0.036 0.007 0.044 0.151
134 K 0.051 0.157 0.039 0.038 0.008 0.08 0.067 0.038 0.021 0.025 0.042 0.244 0.015 0.015 0.024 0.049 0.037 0.005 0.017 0.031
135 I 0.077 0.036 0.05 0.03 0.014 0.024 0.034 0.038 0.014 0.129 0.113 0.074 0.024 0.057 0.02 0.074 0.062 0.006 0.022 0.101
136 G 0.1 0.029 0.037 0.034 0.087 0.023 0.034 0.155 0.014 0.041 0.05 0.038 0.015 0.02 0.023 0.132 0.087 0.005 0.015 0.063
137 S 0.166 0.035 0.042 0.04 0.018 0.029 0.045 0.064 0.016 0.033 0.046 0.048 0.015 0.02 0.028 0.201 0.084 0.005 0.016 0.049
138 L 0.046 0.021 0.014 0.015 0.015 0.015 0.019 0.021 0.009 0.135 0.312 0.023 0.041 0.074 0.014 0.024 0.034 0.007 0.025 0.136
139 I 0.045 0.019 0.014 0.016 0.015 0.013 0.018 0.021 0.01 0.202 0.198 0.022 0.035 0.111 0.013 0.024 0.035 0.008 0.031 0.15
140 L 0.046 0.025 0.017 0.017 0.015 0.019 0.022 0.023 0.011 0.115 0.305 0.028 0.091 0.047 0.015 0.031 0.052 0.007 0.021 0.093
141 A 0.274 0.028 0.024 0.027 0.019 0.023 0.035 0.1 0.014 0.048 0.088 0.039 0.032 0.024 0.025 0.07 0.044 0.005 0.017 0.065
142 L 0.076 0.022 0.018 0.019 0.017 0.016 0.023 0.028 0.009 0.166 0.193 0.027 0.033 0.038 0.016 0.047 0.043 0.006 0.019 0.183
143 L 0.08 0.022 0.022 0.022 0.015 0.017 0.024 0.104 0.011 0.134 0.143 0.028 0.027 0.061 0.017 0.059 0.041 0.006 0.022 0.143
144 Y 0.037 0.024 0.019 0.017 0.009 0.018 0.024 0.023 0.038 0.045 0.074 0.027 0.019 0.187 0.014 0.028 0.026 0.024 0.3 0.046
145 L 0.042 0.02 0.014 0.016 0.014 0.013 0.018 0.021 0.011 0.151 0.231 0.022 0.035 0.154 0.013 0.024 0.032 0.009 0.038 0.122
146 L 0.1 0.024 0.024 0.024 0.051 0.019 0.027 0.11 0.012 0.098 0.133 0.031 0.037 0.058 0.018 0.072 0.042 0.006 0.022 0.091
147 I 0.049 0.019 0.017 0.018 0.051 0.014 0.02 0.024 0.01 0.173 0.144 0.023 0.03 0.12 0.014 0.031 0.054 0.008 0.032 0.153
148 L 0.042 0.028 0.018 0.02 0.013 0.05 0.03 0.023 0.015 0.129 0.237 0.032 0.035 0.102 0.014 0.028 0.032 0.009 0.053 0.09
149 L 0.078 0.024 0.018 0.019 0.015 0.017 0.023 0.029 0.013 0.116 0.218 0.028 0.046 0.074 0.016 0.036 0.054 0.008 0.049 0.12
150 L 0.069 0.022 0.019 0.019 0.014 0.016 0.021 0.135 0.011 0.112 0.258 0.026 0.034 0.053 0.015 0.032 0.032 0.006 0.02 0.083
151 L 0.043 0.022 0.014 0.015 0.015 0.015 0.019 0.021 0.011 0.118 0.314 0.024 0.053 0.102 0.013 0.024 0.032 0.008 0.03 0.106
152 L 0.06 0.034 0.097 0.035 0.01 0.04 0.038 0.038 0.079 0.045 0.107 0.038 0.021 0.104 0.017 0.042 0.033 0.012 0.105 0.045
153 L 0.074 0.026 0.024 0.023 0.015 0.019 0.028 0.034 0.013 0.072 0.202 0.031 0.043 0.12 0.018 0.072 0.075 0.008 0.033 0.069
154 G 0.067 0.054 0.039 0.061 0.01 0.023 0.033 0.433 0.014 0.019 0.029 0.059 0.01 0.015 0.019 0.048 0.029 0.005 0.011 0.024
155 F 0.034 0.019 0.017 0.017 0.011 0.011 0.019 0.025 0.017 0.063 0.114 0.019 0.025 0.387 0.011 0.025 0.025 0.017 0.089 0.055
156 N 0.043 0.045 0.317 0.083 0.009 0.034 0.049 0.065 0.032 0.022 0.032 0.054 0.011 0.018 0.02 0.07 0.049 0.004 0.016 0.027
157 L 0.044 0.064 0.022 0.022 0.012 0.024 0.032 0.027 0.016 0.102 0.166 0.093 0.028 0.084 0.016 0.031 0.033 0.045 0.053 0.088
158 I 0.045 0.018 0.014 0.016 0.015 0.013 0.018 0.021 0.009 0.241 0.164 0.022 0.033 0.096 0.013 0.025 0.036 0.007 0.029 0.165
159 N 0.049 0.035 0.2 0.113 0.01 0.028 0.049 0.052 0.022 0.024 0.033 0.046 0.011 0.016 0.129 0.074 0.062 0.004 0.014 0.03
160 F 0.033 0.019 0.017 0.016 0.01 0.011 0.019 0.024 0.02 0.057 0.101 0.019 0.023 0.381 0.011 0.025 0.024 0.017 0.123 0.051
161 L 0.075 0.032 0.077 0.063 0.014 0.039 0.04 0.04 0.016 0.094 0.154 0.04 0.026 0.03 0.019 0.077 0.062 0.005 0.018 0.08
162 S 0.074 0.035 0.034 0.033 0.015 0.026 0.038 0.043 0.014 0.059 0.107 0.059 0.021 0.028 0.058 0.137 0.072 0.042 0.021 0.086
163 F 0.036 0.019 0.015 0.016 0.012 0.011 0.018 0.023 0.014 0.092 0.156 0.019 0.028 0.316 0.011 0.024 0.027 0.013 0.065 0.084
164 Y 0.037 0.026 0.02 0.017 0.009 0.02 0.026 0.024 0.042 0.04 0.063 0.029 0.017 0.118 0.014 0.029 0.026 0.062 0.338 0.043
165 N 0.078 0.045 0.098 0.093 0.011 0.036 0.092 0.083 0.047 0.033 0.042 0.087 0.014 0.019 0.022 0.084 0.044 0.005 0.018 0.051
166 F 0.103 0.06 0.022 0.023 0.013 0.023 0.032 0.036 0.017 0.072 0.126 0.075 0.024 0.148 0.018 0.041 0.034 0.01 0.061 0.063
167 L 0.055 0.032 0.024 0.024 0.015 0.054 0.035 0.028 0.013 0.093 0.207 0.038 0.045 0.035 0.018 0.043 0.092 0.006 0.02 0.125
168 N 0.042 0.045 0.32 0.083 0.009 0.034 0.049 0.065 0.031 0.022 0.031 0.054 0.011 0.018 0.02 0.069 0.049 0.004 0.016 0.027
169 L 0.058 0.03 0.029 0.026 0.017 0.022 0.03 0.032 0.012 0.084 0.222 0.035 0.034 0.039 0.021 0.058 0.142 0.006 0.02 0.083
170 K 0.057 0.107 0.041 0.041 0.009 0.053 0.07 0.043 0.021 0.027 0.043 0.282 0.015 0.015 0.027 0.053 0.04 0.005 0.017 0.033
171 D 0.06 0.033 0.061 0.099 0.013 0.03 0.085 0.04 0.019 0.066 0.083 0.044 0.019 0.031 0.022 0.09 0.089 0.007 0.041 0.072
172 A 0.121 0.039 0.037 0.067 0.013 0.047 0.07 0.049 0.044 0.049 0.049 0.067 0.015 0.019 0.096 0.099 0.046 0.005 0.018 0.048
173 T 0.073 0.031 0.037 0.034 0.015 0.024 0.036 0.043 0.017 0.08 0.071 0.04 0.02 0.06 0.023 0.134 0.141 0.008 0.046 0.068
174 G 0.067 0.031 0.065 0.098 0.011 0.043 0.066 0.258 0.017 0.03 0.037 0.043 0.012 0.017 0.02 0.08 0.04 0.005 0.013 0.047
175 E 0.05 0.046 0.042 0.132 0.007 0.07 0.286 0.035 0.024 0.021 0.034 0.068 0.012 0.015 0.024 0.051 0.035 0.005 0.015 0.029
176 F 0.038 0.018 0.016 0.016 0.012 0.011 0.018 0.023 0.014 0.11 0.117 0.019 0.026 0.314 0.011 0.025 0.029 0.013 0.065 0.105
177 F 0.036 0.02 0.016 0.016 0.011 0.014 0.02 0.024 0.017 0.085 0.141 0.022 0.053 0.295 0.012 0.026 0.028 0.014 0.085 0.067
178 F 0.033 0.019 0.017 0.016 0.01 0.011 0.019 0.024 0.02 0.057 0.101 0.019 0.023 0.381 0.011 0.025 0.024 0.017 0.123 0.051
179 R 0.042 0.385 0.036 0.029 0.007 0.045 0.049 0.031 0.022 0.022 0.044 0.113 0.015 0.016 0.018 0.042 0.033 0.005 0.016 0.029
180 G 0.07 0.023 0.059 0.035 0.01 0.019 0.026 0.47 0.014 0.018 0.027 0.034 0.009 0.015 0.054 0.049 0.03 0.005 0.011 0.023
181 E 0.063 0.042 0.046 0.111 0.012 0.071 0.125 0.043 0.019 0.032 0.044 0.057 0.015 0.018 0.025 0.095 0.12 0.005 0.016 0.042
182 L 0.06 0.036 0.032 0.034 0.013 0.059 0.063 0.035 0.043 0.081 0.105 0.044 0.036 0.056 0.02 0.077 0.079 0.006 0.026 0.096
183 G 0.124 0.025 0.031 0.029 0.014 0.02 0.028 0.294 0.013 0.04 0.093 0.034 0.017 0.022 0.02 0.057 0.07 0.005 0.014 0.048
184 L 0.041 0.022 0.015 0.016 0.014 0.014 0.02 0.022 0.012 0.097 0.292 0.023 0.041 0.167 0.013 0.024 0.03 0.01 0.044 0.082
185 F 0.032 0.018 0.016 0.016 0.01 0.01 0.018 0.024 0.016 0.06 0.107 0.018 0.024 0.424 0.01 0.024 0.024 0.016 0.083 0.052
186 F 0.035 0.019 0.017 0.017 0.011 0.011 0.019 0.025 0.015 0.062 0.126 0.02 0.025 0.369 0.011 0.028 0.044 0.014 0.074 0.055
187 Y 0.038 0.026 0.02 0.018 0.009 0.02 0.026 0.023 0.044 0.041 0.064 0.029 0.018 0.123 0.015 0.029 0.026 0.026 0.359 0.044
188 K 0.054 0.101 0.039 0.039 0.008 0.05 0.066 0.041 0.019 0.026 0.041 0.322 0.015 0.015 0.026 0.05 0.037 0.005 0.016 0.031
189 G 0.074 0.022 0.037 0.032 0.01 0.018 0.024 0.54 0.013 0.018 0.027 0.032 0.009 0.015 0.018 0.048 0.028 0.005 0.01 0.023
190 F 0.032 0.018 0.016 0.016 0.01 0.01 0.018 0.024 0.016 0.06 0.107 0.018 0.024 0.424 0.01 0.024 0.024 0.016 0.083 0.052
191 L 0.043 0.022 0.014 0.015 0.015 0.015 0.019 0.021 0.01 0.133 0.296 0.023 0.052 0.102 0.013 0.024 0.033 0.008 0.03 0.111
192 Y 0.038 0.025 0.02 0.017 0.009 0.019 0.025 0.024 0.038 0.047 0.079 0.028 0.032 0.16 0.014 0.029 0.027 0.023 0.296 0.048
193 L 0.044 0.025 0.015 0.016 0.015 0.019 0.022 0.022 0.011 0.103 0.332 0.027 0.106 0.049 0.014 0.027 0.034 0.007 0.022 0.089
194 C 0.065 0.018 0.02 0.019 0.3 0.014 0.019 0.138 0.009 0.061 0.067 0.023 0.017 0.021 0.016 0.039 0.036 0.004 0.013 0.103
195 I 0.053 0.02 0.016 0.018 0.016 0.015 0.02 0.022 0.008 0.224 0.156 0.025 0.033 0.038 0.015 0.031 0.058 0.005 0.019 0.206
196 G 0.092 0.022 0.036 0.031 0.011 0.018 0.025 0.507 0.013 0.019 0.029 0.032 0.009 0.016 0.018 0.05 0.029 0.005 0.011 0.026
197 L 0.05 0.022 0.019 0.019 0.014 0.015 0.023 0.027 0.012 0.091 0.19 0.025 0.031 0.176 0.015 0.047 0.054 0.009 0.042 0.119
198 F 0.038 0.018 0.015 0.016 0.013 0.011 0.017 0.022 0.012 0.173 0.151 0.02 0.03 0.234 0.012 0.024 0.03 0.011 0.051 0.103
199 F 0.032 0.018 0.016 0.016 0.01 0.01 0.018 0.024 0.016 0.06 0.107 0.018 0.024 0.424 0.01 0.024 0.024 0.016 0.083 0.052
200 F 0.032 0.019 0.015 0.015 0.01 0.012 0.019 0.025 0.015 0.054 0.113 0.019 0.023 0.293 0.009 0.023 0.024 0.16 0.073 0.048
201 L 0.048 0.021 0.016 0.017 0.015 0.015 0.02 0.023 0.01 0.152 0.227 0.024 0.035 0.097 0.014 0.029 0.053 0.007 0.029 0.147
202 F 0.044 0.053 0.054 0.057 0.011 0.022 0.035 0.034 0.071 0.05 0.117 0.037 0.022 0.169 0.016 0.054 0.051 0.009 0.046 0.048
203 S 0.082 0.046 0.047 0.077 0.013 0.037 0.094 0.088 0.019 0.025 0.037 0.09 0.013 0.018 0.026 0.174 0.059 0.005 0.015 0.034
204 K 0.048 0.052 0.081 0.09 0.009 0.037 0.103 0.038 0.022 0.036 0.048 0.124 0.015 0.053 0.057 0.047 0.036 0.007 0.045 0.051
205 K 0.063 0.048 0.084 0.042 0.011 0.032 0.046 0.081 0.047 0.027 0.04 0.103 0.013 0.025 0.095 0.098 0.063 0.006 0.042 0.034
206 K 0.056 0.049 0.076 0.036 0.012 0.029 0.041 0.039 0.017 0.073 0.091 0.116 0.021 0.055 0.019 0.073 0.043 0.043 0.025 0.087
207 K 0.054 0.074 0.031 0.03 0.029 0.063 0.048 0.035 0.023 0.043 0.104 0.107 0.021 0.069 0.02 0.071 0.039 0.01 0.083 0.045
208 N 0.06 0.054 0.13 0.048 0.01 0.034 0.048 0.084 0.025 0.027 0.04 0.124 0.013 0.032 0.022 0.098 0.046 0.008 0.064 0.032
209 K 0.055 0.075 0.035 0.034 0.01 0.04 0.053 0.038 0.02 0.037 0.075 0.219 0.018 0.055 0.023 0.063 0.056 0.007 0.046 0.041
210 L 0.068 0.025 0.048 0.054 0.013 0.019 0.03 0.069 0.018 0.095 0.17 0.031 0.027 0.075 0.017 0.052 0.036 0.009 0.071 0.072
211 L 0.046 0.02 0.014 0.017 0.016 0.014 0.018 0.021 0.009 0.224 0.238 0.024 0.041 0.047 0.014 0.025 0.037 0.006 0.021 0.148
212 L 0.094 0.024 0.023 0.023 0.015 0.018 0.026 0.072 0.013 0.115 0.134 0.03 0.039 0.117 0.017 0.069 0.041 0.008 0.032 0.09
213 A 0.156 0.024 0.02 0.022 0.053 0.019 0.028 0.043 0.011 0.125 0.137 0.032 0.026 0.031 0.02 0.063 0.044 0.005 0.018 0.123
214 L 0.071 0.023 0.021 0.021 0.015 0.016 0.023 0.065 0.011 0.109 0.165 0.027 0.029 0.118 0.016 0.04 0.071 0.008 0.032 0.12
215 L 0.041 0.02 0.014 0.016 0.014 0.013 0.018 0.021 0.011 0.148 0.23 0.022 0.035 0.168 0.013 0.024 0.032 0.009 0.04 0.113
216 L 0.043 0.022 0.014 0.015 0.015 0.015 0.019 0.02 0.01 0.152 0.342 0.024 0.056 0.049 0.014 0.024 0.033 0.006 0.021 0.106
217 F 0.067 0.021 0.018 0.018 0.014 0.015 0.022 0.028 0.012 0.12 0.138 0.025 0.041 0.175 0.015 0.034 0.053 0.009 0.042 0.131
218 L 0.077 0.026 0.024 0.023 0.016 0.019 0.027 0.032 0.011 0.118 0.205 0.032 0.032 0.036 0.019 0.061 0.103 0.006 0.019 0.114
219 A 0.262 0.029 0.029 0.03 0.037 0.024 0.037 0.102 0.014 0.038 0.052 0.041 0.016 0.02 0.027 0.097 0.066 0.005 0.016 0.059
220 I 0.047 0.02 0.016 0.018 0.015 0.016 0.02 0.022 0.01 0.244 0.172 0.025 0.059 0.041 0.015 0.03 0.056 0.006 0.02 0.147
221 I 0.051 0.019 0.015 0.017 0.016 0.014 0.019 0.022 0.009 0.208 0.138 0.023 0.037 0.093 0.014 0.027 0.039 0.007 0.029 0.205
222 L 0.04 0.022 0.014 0.015 0.014 0.014 0.019 0.021 0.01 0.101 0.37 0.023 0.043 0.105 0.013 0.023 0.03 0.008 0.03 0.085
223 T 0.073 0.034 0.042 0.037 0.017 0.027 0.039 0.044 0.014 0.047 0.058 0.044 0.018 0.022 0.026 0.113 0.262 0.005 0.017 0.063
224 F 0.047 0.02 0.02 0.019 0.012 0.014 0.021 0.134 0.015 0.07 0.133 0.023 0.024 0.206 0.013 0.03 0.029 0.011 0.069 0.088
225 T 0.069 0.033 0.041 0.035 0.017 0.026 0.037 0.041 0.013 0.05 0.061 0.043 0.018 0.022 0.026 0.087 0.292 0.006 0.017 0.067
226 R 0.042 0.385 0.036 0.029 0.007 0.045 0.049 0.031 0.022 0.022 0.044 0.113 0.015 0.016 0.018 0.042 0.033 0.005 0.016 0.029
227 G 0.074 0.022 0.037 0.032 0.01 0.018 0.024 0.54 0.013 0.018 0.027 0.032 0.009 0.015 0.018 0.048 0.028 0.005 0.01 0.023
228 F 0.034 0.019 0.015 0.016 0.011 0.011 0.018 0.023 0.015 0.07 0.173 0.019 0.029 0.344 0.011 0.024 0.025 0.014 0.07 0.06
229 L 0.043 0.021 0.014 0.016 0.015 0.015 0.018 0.02 0.009 0.196 0.288 0.024 0.053 0.047 0.014 0.024 0.034 0.006 0.02 0.122
230 L 0.044 0.022 0.015 0.015 0.014 0.015 0.02 0.021 0.013 0.103 0.303 0.023 0.039 0.107 0.013 0.025 0.032 0.009 0.054 0.113
231 A 0.151 0.031 0.034 0.033 0.016 0.025 0.038 0.055 0.016 0.046 0.075 0.041 0.045 0.081 0.024 0.146 0.055 0.007 0.027 0.055
232 L 0.047 0.025 0.022 0.021 0.014 0.018 0.025 0.028 0.013 0.075 0.205 0.028 0.043 0.123 0.016 0.042 0.104 0.045 0.036 0.071
233 G 0.119 0.022 0.024 0.024 0.051 0.017 0.026 0.148 0.012 0.093 0.08 0.03 0.02 0.082 0.018 0.06 0.039 0.007 0.025 0.101
234 L 0.068 0.021 0.015 0.016 0.052 0.015 0.02 0.025 0.009 0.15 0.266 0.024 0.037 0.042 0.015 0.029 0.036 0.006 0.019 0.134
235 L 0.08 0.026 0.025 0.025 0.017 0.02 0.028 0.033 0.011 0.135 0.143 0.032 0.028 0.033 0.02 0.065 0.115 0.006 0.018 0.142
236 L 0.064 0.024 0.019 0.018 0.013 0.017 0.024 0.027 0.021 0.076 0.199 0.027 0.03 0.119 0.015 0.034 0.05 0.013 0.126 0.084
237 I 0.112 0.022 0.021 0.022 0.033 0.017 0.025 0.072 0.012 0.147 0.144 0.029 0.027 0.064 0.018 0.055 0.039 0.007 0.035 0.098
238 I 0.125 0.022 0.017 0.02 0.016 0.017 0.024 0.036 0.014 0.169 0.153 0.029 0.029 0.059 0.018 0.04 0.038 0.008 0.057 0.109
239 Y 0.042 0.028 0.026 0.022 0.01 0.022 0.03 0.028 0.086 0.045 0.09 0.031 0.02 0.14 0.015 0.047 0.03 0.019 0.228 0.045
240 L 0.043 0.025 0.019 0.023 0.013 0.02 0.045 0.024 0.019 0.12 0.172 0.029 0.042 0.113 0.015 0.032 0.05 0.012 0.101 0.085
241 L 0.097 0.023 0.021 0.021 0.015 0.017 0.024 0.116 0.013 0.11 0.15 0.028 0.041 0.086 0.017 0.039 0.035 0.008 0.04 0.099
242 F 0.04 0.02 0.015 0.016 0.013 0.013 0.019 0.022 0.015 0.12 0.189 0.022 0.032 0.208 0.012 0.025 0.03 0.012 0.075 0.102
243 F 0.045 0.021 0.019 0.021 0.012 0.015 0.024 0.027 0.015 0.122 0.098 0.027 0.023 0.176 0.123 0.045 0.034 0.01 0.065 0.078
244 L 0.048 0.051 0.023 0.024 0.014 0.028 0.037 0.028 0.013 0.085 0.269 0.112 0.038 0.041 0.018 0.034 0.035 0.006 0.02 0.074
245 L 0.045 0.022 0.014 0.016 0.016 0.015 0.019 0.021 0.01 0.169 0.31 0.024 0.045 0.051 0.014 0.024 0.035 0.007 0.022 0.122
246 N 0.097 0.037 0.125 0.043 0.012 0.027 0.038 0.121 0.021 0.039 0.092 0.061 0.018 0.03 0.021 0.084 0.044 0.007 0.04 0.044
247 K 0.054 0.149 0.038 0.036 0.009 0.061 0.06 0.038 0.02 0.031 0.068 0.22 0.017 0.018 0.023 0.062 0.039 0.005 0.017 0.035
248 K 0.057 0.107 0.042 0.042 0.009 0.054 0.071 0.043 0.021 0.028 0.043 0.278 0.016 0.016 0.028 0.054 0.04 0.005 0.017 0.033
249 T 0.073 0.036 0.043 0.038 0.018 0.028 0.039 0.043 0.014 0.053 0.065 0.045 0.02 0.024 0.028 0.093 0.246 0.006 0.018 0.071
250 K 0.056 0.085 0.057 0.037 0.011 0.068 0.054 0.074 0.019 0.046 0.099 0.15 0.02 0.022 0.021 0.061 0.04 0.005 0.017 0.059
251 N 0.071 0.063 0.175 0.055 0.01 0.038 0.053 0.053 0.023 0.035 0.041 0.156 0.014 0.017 0.023 0.073 0.045 0.005 0.016 0.036
252 Y 0.04 0.028 0.022 0.019 0.009 0.022 0.028 0.025 0.046 0.043 0.068 0.031 0.019 0.13 0.016 0.031 0.028 0.028 0.321 0.046
253 V 0.05 0.02 0.015 0.016 0.015 0.014 0.02 0.021 0.011 0.183 0.18 0.023 0.033 0.074 0.014 0.026 0.038 0.008 0.048 0.188
254 L 0.047 0.052 0.026 0.025 0.012 0.029 0.039 0.029 0.043 0.086 0.189 0.132 0.029 0.04 0.018 0.035 0.034 0.007 0.046 0.082
255 K 0.084 0.046 0.057 0.036 0.014 0.03 0.043 0.044 0.018 0.066 0.07 0.1 0.032 0.031 0.023 0.099 0.083 0.007 0.042 0.075
256 L 0.042 0.021 0.016 0.017 0.014 0.014 0.02 0.022 0.011 0.151 0.246 0.024 0.036 0.1 0.013 0.028 0.05 0.044 0.032 0.1
257 I 0.051 0.019 0.017 0.019 0.015 0.014 0.02 0.023 0.009 0.254 0.141 0.024 0.032 0.066 0.015 0.042 0.041 0.006 0.024 0.17
258 L 0.068 0.027 0.02 0.021 0.014 0.018 0.026 0.03 0.012 0.138 0.191 0.048 0.031 0.092 0.052 0.048 0.037 0.007 0.028 0.092
259 L 0.116 0.025 0.022 0.023 0.017 0.019 0.027 0.074 0.011 0.099 0.197 0.031 0.03 0.035 0.019 0.06 0.059 0.006 0.018 0.112
260 I 0.047 0.018 0.015 0.018 0.016 0.013 0.018 0.021 0.009 0.271 0.168 0.024 0.037 0.044 0.015 0.025 0.04 0.006 0.021 0.177
261 I 0.052 0.021 0.018 0.019 0.015 0.016 0.022 0.025 0.011 0.201 0.164 0.026 0.048 0.074 0.015 0.047 0.041 0.007 0.026 0.15
262 L 0.065 0.022 0.017 0.018 0.015 0.015 0.022 0.028 0.012 0.117 0.259 0.025 0.036 0.125 0.015 0.045 0.035 0.008 0.033 0.087
263 L 0.097 0.025 0.048 0.028 0.014 0.019 0.028 0.146 0.013 0.079 0.159 0.033 0.025 0.03 0.054 0.059 0.039 0.005 0.016 0.081
264 L 0.1 0.027 0.026 0.027 0.015 0.021 0.031 0.041 0.013 0.078 0.152 0.035 0.025 0.058 0.092 0.091 0.063 0.006 0.022 0.076
265 V 0.072 0.02 0.015 0.017 0.016 0.015 0.021 0.025 0.009 0.17 0.188 0.025 0.033 0.066 0.015 0.03 0.039 0.006 0.024 0.192
266 L 0.049 0.021 0.019 0.019 0.014 0.015 0.022 0.025 0.011 0.165 0.184 0.025 0.032 0.122 0.015 0.046 0.055 0.008 0.033 0.12
267 L 0.1 0.024 0.023 0.023 0.016 0.018 0.026 0.143 0.011 0.083 0.19 0.03 0.028 0.033 0.018 0.056 0.039 0.006 0.017 0.116
268 V 0.082 0.025 0.024 0.024 0.016 0.02 0.029 0.034 0.016 0.104 0.11 0.032 0.024 0.043 0.055 0.072 0.063 0.008 0.067 0.154
269 L 0.047 0.022 0.017 0.018 0.014 0.016 0.022 0.026 0.012 0.119 0.197 0.025 0.044 0.099 0.014 0.042 0.036 0.081 0.035 0.115
270 G 0.078 0.023 0.039 0.034 0.011 0.019 0.025 0.513 0.013 0.019 0.028 0.034 0.009 0.016 0.019 0.051 0.03 0.005 0.011 0.024
271 N 0.042 0.045 0.32 0.083 0.009 0.034 0.049 0.065 0.031 0.022 0.031 0.054 0.011 0.018 0.02 0.069 0.049 0.004 0.016 0.027
272 K 0.065 0.071 0.042 0.039 0.013 0.04 0.055 0.043 0.017 0.04 0.054 0.163 0.018 0.02 0.027 0.073 0.145 0.006 0.017 0.052
273 I 0.078 0.029 0.034 0.033 0.017 0.023 0.035 0.043 0.014 0.152 0.104 0.039 0.026 0.032 0.022 0.124 0.061 0.006 0.019 0.109
274 T 0.073 0.035 0.043 0.037 0.018 0.027 0.039 0.043 0.014 0.053 0.065 0.045 0.02 0.024 0.027 0.092 0.25 0.006 0.018 0.071
275 I 0.047 0.018 0.015 0.018 0.016 0.013 0.018 0.02 0.009 0.275 0.167 0.023 0.037 0.044 0.015 0.025 0.04 0.006 0.02 0.176
276 N 0.076 0.042 0.187 0.066 0.013 0.033 0.051 0.065 0.025 0.026 0.037 0.054 0.013 0.019 0.025 0.147 0.065 0.005 0.017 0.034
277 L 0.039 0.022 0.015 0.016 0.013 0.013 0.02 0.023 0.013 0.089 0.246 0.022 0.037 0.222 0.012 0.025 0.029 0.012 0.055 0.075
278 S 0.109 0.04 0.054 0.049 0.017 0.033 0.052 0.066 0.019 0.03 0.042 0.054 0.016 0.021 0.03 0.224 0.082 0.005 0.017 0.042
279 R 0.044 0.348 0.039 0.031 0.008 0.048 0.052 0.033 0.023 0.023 0.046 0.12 0.015 0.017 0.019 0.044 0.035 0.006 0.017 0.031
280 W 0.051 0.029 0.029 0.026 0.013 0.021 0.031 0.037 0.014 0.042 0.059 0.034 0.017 0.042 0.018 0.057 0.136 0.25 0.043 0.05
281 L 0.046 0.021 0.014 0.016 0.016 0.015 0.019 0.021 0.009 0.195 0.273 0.024 0.043 0.049 0.014 0.025 0.036 0.006 0.021 0.136
282 D 0.041 0.03 0.069 0.4 0.007 0.03 0.091 0.046 0.019 0.022 0.028 0.045 0.009 0.015 0.022 0.052 0.035 0.004 0.011 0.024
283 A 0.201 0.035 0.04 0.039 0.019 0.029 0.046 0.072 0.017 0.036 0.05 0.049 0.017 0.021 0.03 0.154 0.066 0.005 0.017 0.055
284 N 0.056 0.033 0.168 0.05 0.014 0.025 0.036 0.045 0.02 0.093 0.08 0.04 0.021 0.027 0.018 0.051 0.049 0.005 0.018 0.15
285 K 0.057 0.107 0.041 0.041 0.009 0.053 0.07 0.043 0.021 0.027 0.043 0.282 0.015 0.015 0.027 0.053 0.04 0.005 0.017 0.033
286 G 0.094 0.031 0.046 0.041 0.014 0.026 0.039 0.289 0.016 0.024 0.035 0.044 0.012 0.018 0.024 0.137 0.056 0.005 0.014 0.033
287 D 0.048 0.04 0.054 0.245 0.007 0.047 0.195 0.041 0.022 0.022 0.032 0.06 0.011 0.016 0.024 0.053 0.036 0.005 0.014 0.028
288 R 0.051 0.227 0.04 0.036 0.008 0.051 0.061 0.038 0.022 0.025 0.045 0.201 0.015 0.016 0.023 0.049 0.037 0.005 0.017 0.032
289 P 0.175 0.028 0.024 0.03 0.016 0.023 0.038 0.057 0.014 0.034 0.048 0.043 0.014 0.017 0.263 0.064 0.043 0.004 0.015 0.05
290 Y 0.068 0.022 0.018 0.018 0.013 0.016 0.023 0.027 0.023 0.127 0.104 0.026 0.025 0.137 0.015 0.032 0.033 0.015 0.151 0.105
291 F 0.046 0.027 0.023 0.029 0.011 0.023 0.069 0.046 0.019 0.057 0.119 0.032 0.022 0.131 0.015 0.043 0.049 0.085 0.087 0.068
292 P 0.061 0.037 0.033 0.038 0.011 0.044 0.073 0.075 0.017 0.033 0.053 0.064 0.015 0.103 0.129 0.091 0.05 0.007 0.03 0.037
293 F 0.034 0.019 0.017 0.017 0.011 0.011 0.019 0.025 0.017 0.063 0.114 0.019 0.025 0.387 0.011 0.025 0.025 0.017 0.089 0.055
294 F 0.087 0.024 0.02 0.02 0.013 0.017 0.025 0.034 0.016 0.068 0.113 0.027 0.036 0.154 0.015 0.051 0.035 0.084 0.068 0.091
295 L 0.073 0.027 0.051 0.028 0.013 0.02 0.029 0.108 0.021 0.049 0.11 0.033 0.021 0.104 0.018 0.062 0.071 0.011 0.099 0.052
296 L 0.045 0.024 0.014 0.015 0.016 0.016 0.02 0.021 0.01 0.115 0.375 0.025 0.05 0.055 0.014 0.024 0.033 0.007 0.022 0.096
297 S 0.11 0.04 0.054 0.049 0.018 0.033 0.052 0.066 0.019 0.03 0.042 0.054 0.016 0.021 0.03 0.22 0.082 0.005 0.018 0.042
298 S 0.11 0.04 0.054 0.049 0.018 0.033 0.052 0.066 0.019 0.03 0.042 0.054 0.016 0.021 0.03 0.22 0.082 0.005 0.018 0.042
299 S 0.11 0.04 0.054 0.049 0.018 0.033 0.052 0.066 0.019 0.03 0.042 0.054 0.016 0.021 0.03 0.22 0.082 0.005 0.018 0.042
300 F 0.034 0.019 0.017 0.017 0.011 0.011 0.019 0.025 0.017 0.063 0.114 0.019 0.025 0.387 0.011 0.025 0.025 0.017 0.089 0.055
301 E 0.055 0.05 0.04 0.09 0.007 0.064 0.296 0.035 0.026 0.022 0.037 0.076 0.013 0.017 0.026 0.055 0.037 0.006 0.017 0.031
302 Y 0.04 0.028 0.022 0.019 0.009 0.022 0.028 0.025 0.047 0.044 0.068 0.031 0.019 0.131 0.016 0.031 0.028 0.028 0.318 0.047
303 L 0.045 0.024 0.014 0.015 0.016 0.016 0.02 0.021 0.01 0.115 0.375 0.025 0.05 0.055 0.014 0.024 0.033 0.007 0.022 0.096
304 E 0.055 0.05 0.04 0.09 0.007 0.064 0.296 0.035 0.026 0.022 0.037 0.076 0.013 0.017 0.026 0.055 0.037 0.006 0.017 0.031
305 T 0.073 0.036 0.043 0.038 0.018 0.028 0.039 0.043 0.014 0.053 0.065 0.045 0.02 0.024 0.028 0.093 0.246 0.006 0.018 0.071
306 R 0.045 0.345 0.039 0.031 0.008 0.048 0.052 0.033 0.023 0.023 0.047 0.12 0.016 0.017 0.019 0.045 0.035 0.006 0.017 0.031
307 A 0.29 0.031 0.026 0.03 0.022 0.026 0.04 0.078 0.015 0.043 0.059 0.045 0.018 0.022 0.03 0.085 0.05 0.005 0.018 0.069
308 S 0.11 0.04 0.054 0.049 0.018 0.033 0.052 0.066 0.019 0.03 0.042 0.054 0.016 0.021 0.03 0.22 0.082 0.005 0.018 0.042
309 Y 0.04 0.028 0.022 0.019 0.009 0.022 0.028 0.025 0.047 0.044 0.068 0.031 0.019 0.131 0.016 0.031 0.028 0.028 0.318 0.047
310 K 0.057 0.107 0.042 0.042 0.009 0.054 0.071 0.043 0.021 0.028 0.043 0.278 0.016 0.016 0.028 0.054 0.04 0.005 0.017 0.033
311 I 0.047 0.018 0.015 0.018 0.016 0.013 0.018 0.021 0.009 0.271 0.168 0.024 0.037 0.044 0.015 0.025 0.04 0.006 0.021 0.177
312 D 0.041 0.03 0.069 0.397 0.008 0.03 0.091 0.047 0.019 0.022 0.028 0.045 0.009 0.015 0.022 0.052 0.035 0.004 0.011 0.024
313 L 0.074 0.038 0.052 0.059 0.013 0.025 0.04 0.038 0.014 0.061 0.153 0.076 0.024 0.028 0.092 0.061 0.058 0.005 0.017 0.072
314 D 0.07 0.044 0.089 0.131 0.01 0.065 0.082 0.046 0.048 0.029 0.043 0.071 0.014 0.046 0.022 0.07 0.058 0.006 0.023 0.035
315 L 0.077 0.034 0.032 0.068 0.013 0.047 0.104 0.036 0.016 0.065 0.134 0.046 0.024 0.027 0.021 0.065 0.077 0.005 0.017 0.091
316 L 0.042 0.021 0.014 0.015 0.015 0.014 0.019 0.021 0.01 0.134 0.312 0.023 0.04 0.102 0.013 0.024 0.032 0.008 0.03 0.112
317 G 0.071 0.022 0.039 0.06 0.01 0.018 0.028 0.505 0.013 0.018 0.027 0.032 0.009 0.015 0.018 0.048 0.028 0.005 0.01 0.023
318 D 0.043 0.028 0.061 0.377 0.008 0.027 0.078 0.079 0.017 0.023 0.029 0.041 0.009 0.015 0.021 0.052 0.051 0.004 0.011 0.026
319 K 0.051 0.162 0.038 0.037 0.008 0.049 0.063 0.038 0.02 0.025 0.041 0.277 0.015 0.015 0.024 0.048 0.036 0.005 0.016 0.03
320 S 0.095 0.045 0.041 0.092 0.013 0.031 0.05 0.083 0.016 0.054 0.059 0.102 0.029 0.021 0.024 0.107 0.065 0.005 0.016 0.051
