#Seq2Logo.py -f /work3/idamei/ssn-clusterings/2206011120/clusters/0016_126/sequences.afa -m 0.0001 -b 50 -o /work3/idamei/ssn-clusterings/2206011120/clusters/0016_126/sequences.logo -p 640x1000 -l 30
#Position Specific Frequency Matrix
A R N D C Q E G H I L K M F P S T W Y V
0 M 0.047 0.029 0.018 0.018 0.015 0.026 0.026 0.026 0.015 0.091 0.179 0.033 0.237 0.044 0.015 0.033 0.037 0.007 0.022 0.084
1 H 0.047 0.041 0.098 0.057 0.009 0.04 0.15 0.039 0.153 0.025 0.037 0.052 0.013 0.021 0.021 0.054 0.079 0.006 0.027 0.031
2 T 0.057 0.09 0.031 0.028 0.035 0.025 0.033 0.034 0.019 0.088 0.07 0.047 0.019 0.039 0.02 0.081 0.131 0.009 0.077 0.067
3 I 0.048 0.031 0.071 0.05 0.012 0.063 0.04 0.034 0.016 0.136 0.088 0.039 0.022 0.095 0.017 0.061 0.062 0.007 0.028 0.08
4 K 0.059 0.052 0.049 0.043 0.01 0.036 0.096 0.124 0.017 0.075 0.054 0.143 0.016 0.019 0.022 0.075 0.039 0.005 0.015 0.051
5 P 0.058 0.026 0.024 0.031 0.01 0.021 0.037 0.037 0.013 0.026 0.037 0.042 0.01 0.013 0.486 0.045 0.037 0.003 0.013 0.031
6 L 0.06 0.041 0.023 0.023 0.016 0.019 0.026 0.029 0.011 0.17 0.172 0.033 0.031 0.036 0.017 0.075 0.046 0.006 0.019 0.148
7 T 0.076 0.045 0.045 0.042 0.015 0.081 0.057 0.047 0.018 0.04 0.053 0.057 0.018 0.02 0.026 0.119 0.164 0.006 0.018 0.053
8 Y 0.039 0.099 0.027 0.023 0.009 0.026 0.033 0.027 0.085 0.037 0.063 0.046 0.017 0.142 0.04 0.033 0.027 0.016 0.172 0.038
9 N 0.049 0.064 0.196 0.059 0.009 0.038 0.053 0.051 0.024 0.027 0.038 0.149 0.013 0.017 0.023 0.063 0.073 0.005 0.016 0.033
10 S 0.079 0.043 0.095 0.067 0.012 0.043 0.137 0.055 0.023 0.025 0.038 0.06 0.014 0.019 0.026 0.147 0.06 0.005 0.017 0.035
11 G 0.054 0.028 0.103 0.179 0.01 0.024 0.049 0.215 0.017 0.024 0.032 0.039 0.01 0.016 0.02 0.056 0.08 0.004 0.012 0.03
12 R 0.056 0.125 0.029 0.026 0.077 0.027 0.035 0.034 0.015 0.09 0.113 0.076 0.022 0.043 0.018 0.087 0.041 0.006 0.019 0.064
13 W 0.037 0.045 0.022 0.022 0.008 0.024 0.034 0.03 0.016 0.037 0.064 0.127 0.017 0.171 0.014 0.031 0.027 0.186 0.053 0.036
14 L 0.04 0.019 0.013 0.015 0.014 0.013 0.017 0.02 0.01 0.174 0.284 0.022 0.038 0.112 0.013 0.022 0.031 0.008 0.03 0.106
15 G 0.058 0.023 0.025 0.023 0.013 0.018 0.025 0.117 0.017 0.109 0.111 0.029 0.023 0.079 0.016 0.074 0.039 0.009 0.082 0.111
16 L 0.036 0.02 0.014 0.014 0.013 0.013 0.018 0.021 0.012 0.085 0.295 0.021 0.036 0.213 0.012 0.023 0.027 0.01 0.045 0.072
17 C 0.107 0.023 0.022 0.022 0.144 0.018 0.026 0.038 0.013 0.098 0.133 0.029 0.023 0.036 0.018 0.08 0.042 0.007 0.046 0.075
18 F 0.042 0.017 0.015 0.015 0.184 0.011 0.017 0.025 0.012 0.06 0.144 0.019 0.024 0.236 0.012 0.028 0.028 0.01 0.047 0.057
19 L 0.045 0.025 0.014 0.015 0.016 0.016 0.02 0.022 0.01 0.117 0.369 0.026 0.05 0.055 0.014 0.025 0.034 0.007 0.023 0.097
20 I 0.044 0.018 0.014 0.016 0.014 0.013 0.018 0.02 0.009 0.221 0.185 0.021 0.033 0.108 0.013 0.024 0.034 0.007 0.029 0.159
21 F 0.051 0.024 0.025 0.023 0.014 0.017 0.025 0.029 0.013 0.089 0.091 0.028 0.022 0.182 0.017 0.049 0.149 0.009 0.041 0.101
22 L 0.052 0.025 0.024 0.023 0.015 0.018 0.025 0.028 0.01 0.139 0.207 0.03 0.031 0.036 0.018 0.048 0.15 0.006 0.018 0.096
23 F 0.094 0.022 0.02 0.02 0.014 0.016 0.024 0.032 0.012 0.108 0.151 0.027 0.026 0.169 0.016 0.042 0.079 0.009 0.039 0.079
24 L 0.055 0.023 0.019 0.02 0.015 0.017 0.023 0.027 0.01 0.138 0.268 0.027 0.035 0.04 0.016 0.068 0.041 0.006 0.019 0.133
25 S 0.116 0.028 0.028 0.028 0.016 0.022 0.033 0.044 0.014 0.065 0.089 0.035 0.056 0.096 0.02 0.124 0.05 0.007 0.028 0.101
26 L 0.054 0.024 0.021 0.021 0.015 0.018 0.024 0.028 0.012 0.128 0.171 0.028 0.064 0.105 0.015 0.07 0.041 0.007 0.029 0.126
27 L 0.049 0.021 0.018 0.018 0.101 0.015 0.02 0.024 0.009 0.162 0.215 0.025 0.032 0.037 0.015 0.035 0.08 0.005 0.018 0.102
28 L 0.042 0.021 0.018 0.018 0.013 0.014 0.021 0.024 0.012 0.118 0.214 0.024 0.031 0.174 0.014 0.033 0.076 0.009 0.039 0.083
29 L 0.045 0.025 0.02 0.019 0.014 0.019 0.023 0.025 0.013 0.083 0.231 0.028 0.101 0.109 0.015 0.036 0.079 0.008 0.03 0.076
30 P 0.052 0.023 0.021 0.028 0.009 0.019 0.033 0.033 0.012 0.023 0.033 0.038 0.009 0.012 0.54 0.04 0.033 0.002 0.012 0.028
31 L 0.041 0.02 0.013 0.015 0.015 0.014 0.018 0.019 0.009 0.182 0.339 0.022 0.041 0.047 0.013 0.022 0.032 0.006 0.02 0.112
32 W 0.028 0.021 0.014 0.014 0.007 0.014 0.021 0.028 0.014 0.028 0.048 0.021 0.014 0.055 0.007 0.021 0.021 0.539 0.062 0.028
33 L 0.098 0.022 0.015 0.017 0.016 0.016 0.022 0.029 0.009 0.142 0.257 0.026 0.035 0.04 0.016 0.033 0.037 0.006 0.019 0.147
34 S 0.074 0.032 0.092 0.04 0.015 0.025 0.038 0.047 0.016 0.059 0.116 0.041 0.021 0.026 0.021 0.165 0.057 0.005 0.017 0.094
35 L 0.041 0.022 0.013 0.014 0.015 0.015 0.018 0.019 0.009 0.124 0.409 0.023 0.044 0.049 0.013 0.022 0.031 0.006 0.02 0.094
36 L 0.043 0.02 0.014 0.015 0.014 0.013 0.018 0.02 0.01 0.143 0.279 0.022 0.037 0.111 0.013 0.024 0.033 0.008 0.03 0.135
37 L 0.039 0.02 0.013 0.014 0.014 0.013 0.018 0.02 0.01 0.136 0.331 0.022 0.039 0.114 0.012 0.022 0.03 0.008 0.03 0.093
38 L 0.041 0.021 0.013 0.014 0.014 0.014 0.018 0.02 0.01 0.101 0.351 0.022 0.04 0.114 0.013 0.023 0.03 0.008 0.03 0.102
39 S 0.179 0.033 0.039 0.037 0.017 0.027 0.042 0.06 0.015 0.035 0.047 0.045 0.015 0.02 0.027 0.185 0.105 0.005 0.016 0.051
40 I 0.059 0.022 0.023 0.023 0.016 0.017 0.025 0.029 0.01 0.218 0.116 0.029 0.028 0.033 0.017 0.076 0.079 0.005 0.018 0.157
41 I 0.108 0.025 0.025 0.025 0.016 0.02 0.028 0.038 0.011 0.149 0.148 0.033 0.027 0.032 0.02 0.087 0.09 0.005 0.018 0.096
42 L 0.052 0.02 0.014 0.015 0.016 0.014 0.019 0.021 0.008 0.166 0.229 0.023 0.035 0.04 0.014 0.026 0.039 0.006 0.019 0.224
43 F 0.034 0.018 0.016 0.016 0.01 0.012 0.018 0.022 0.019 0.101 0.105 0.02 0.024 0.322 0.011 0.024 0.026 0.015 0.12 0.067
44 F 0.032 0.018 0.015 0.015 0.01 0.011 0.018 0.023 0.014 0.099 0.103 0.019 0.023 0.311 0.01 0.023 0.025 0.101 0.067 0.065
45 S 0.078 0.028 0.032 0.03 0.016 0.022 0.034 0.041 0.013 0.12 0.084 0.036 0.022 0.027 0.021 0.159 0.058 0.005 0.017 0.158
46 P 0.058 0.104 0.041 0.104 0.011 0.032 0.052 0.041 0.016 0.028 0.04 0.104 0.013 0.016 0.109 0.092 0.087 0.004 0.014 0.035
47 G 0.088 0.028 0.091 0.039 0.012 0.023 0.034 0.218 0.015 0.027 0.036 0.039 0.012 0.016 0.107 0.077 0.084 0.004 0.013 0.035
48 P 0.055 0.034 0.135 0.071 0.01 0.031 0.096 0.045 0.02 0.022 0.032 0.048 0.011 0.015 0.194 0.091 0.043 0.004 0.014 0.029
49 L 0.047 0.027 0.026 0.023 0.011 0.021 0.029 0.028 0.089 0.098 0.147 0.031 0.025 0.064 0.016 0.061 0.034 0.012 0.145 0.067
50 R 0.044 0.302 0.036 0.031 0.007 0.046 0.053 0.033 0.02 0.022 0.041 0.187 0.014 0.015 0.02 0.043 0.033 0.005 0.016 0.029
51 L 0.043 0.019 0.014 0.015 0.014 0.013 0.018 0.02 0.01 0.182 0.232 0.022 0.035 0.109 0.013 0.024 0.034 0.007 0.03 0.147
52 L 0.096 0.021 0.017 0.019 0.1 0.015 0.023 0.033 0.011 0.062 0.186 0.027 0.026 0.099 0.103 0.037 0.033 0.007 0.027 0.061
53 F 0.033 0.019 0.017 0.017 0.01 0.01 0.019 0.025 0.017 0.062 0.113 0.019 0.025 0.396 0.01 0.025 0.025 0.017 0.087 0.054
54 L 0.044 0.024 0.014 0.015 0.016 0.016 0.02 0.021 0.01 0.114 0.385 0.025 0.049 0.054 0.014 0.024 0.033 0.007 0.022 0.095
55 L 0.093 0.021 0.016 0.017 0.014 0.014 0.022 0.03 0.012 0.086 0.207 0.024 0.03 0.173 0.015 0.033 0.033 0.009 0.039 0.112
56 L 0.082 0.027 0.029 0.027 0.102 0.021 0.03 0.039 0.012 0.067 0.125 0.034 0.023 0.027 0.02 0.117 0.094 0.005 0.016 0.104
57 A 0.159 0.025 0.023 0.024 0.017 0.02 0.029 0.044 0.012 0.116 0.142 0.033 0.026 0.03 0.02 0.087 0.046 0.005 0.018 0.124
58 F 0.043 0.019 0.016 0.017 0.013 0.013 0.021 0.023 0.011 0.122 0.157 0.023 0.027 0.17 0.1 0.027 0.032 0.008 0.038 0.119
59 L 0.05 0.024 0.019 0.019 0.015 0.017 0.023 0.026 0.011 0.092 0.367 0.027 0.04 0.045 0.015 0.067 0.038 0.006 0.02 0.079
60 I 0.147 0.02 0.017 0.02 0.016 0.016 0.023 0.036 0.01 0.238 0.12 0.028 0.028 0.033 0.018 0.041 0.039 0.005 0.018 0.128
61 L 0.04 0.019 0.013 0.015 0.014 0.013 0.017 0.02 0.01 0.174 0.284 0.022 0.038 0.112 0.013 0.022 0.031 0.008 0.03 0.106
62 L 0.099 0.022 0.015 0.017 0.016 0.016 0.022 0.029 0.009 0.125 0.267 0.026 0.035 0.04 0.016 0.033 0.037 0.006 0.019 0.151
63 S 0.1 0.036 0.049 0.044 0.016 0.03 0.048 0.06 0.017 0.027 0.038 0.049 0.014 0.019 0.027 0.291 0.075 0.005 0.016 0.038
64 A 0.312 0.03 0.028 0.03 0.019 0.024 0.039 0.069 0.014 0.037 0.051 0.042 0.016 0.02 0.027 0.113 0.05 0.005 0.016 0.058
65 L 0.038 0.018 0.014 0.015 0.013 0.012 0.017 0.02 0.011 0.167 0.23 0.021 0.034 0.178 0.012 0.023 0.03 0.009 0.04 0.099
66 F 0.034 0.02 0.016 0.016 0.01 0.013 0.019 0.023 0.019 0.062 0.141 0.02 0.034 0.323 0.011 0.024 0.025 0.016 0.121 0.055
67 N 0.04 0.033 0.257 0.056 0.01 0.024 0.035 0.046 0.022 0.126 0.07 0.04 0.018 0.024 0.017 0.05 0.042 0.005 0.016 0.07
68 S 0.142 0.035 0.045 0.042 0.017 0.029 0.046 0.062 0.017 0.029 0.041 0.048 0.015 0.019 0.027 0.255 0.07 0.005 0.016 0.042
69 G 0.075 0.029 0.097 0.043 0.012 0.024 0.035 0.307 0.017 0.021 0.03 0.04 0.011 0.016 0.021 0.131 0.046 0.005 0.013 0.028
70 V 0.057 0.019 0.014 0.016 0.017 0.014 0.019 0.021 0.008 0.212 0.13 0.023 0.03 0.035 0.014 0.028 0.042 0.005 0.019 0.277
71 D 0.038 0.029 0.115 0.389 0.007 0.028 0.077 0.045 0.019 0.02 0.026 0.042 0.009 0.014 0.02 0.05 0.034 0.003 0.011 0.022
72 I 0.043 0.016 0.013 0.016 0.015 0.012 0.016 0.019 0.008 0.337 0.153 0.021 0.033 0.04 0.013 0.023 0.036 0.005 0.019 0.161
73 S 0.121 0.034 0.097 0.043 0.015 0.027 0.041 0.055 0.017 0.035 0.046 0.045 0.015 0.02 0.025 0.148 0.145 0.005 0.016 0.049
74 G 0.065 0.022 0.033 0.028 0.01 0.018 0.024 0.466 0.017 0.021 0.032 0.03 0.01 0.032 0.017 0.044 0.027 0.008 0.071 0.025
75 D 0.037 0.027 0.063 0.452 0.007 0.027 0.083 0.042 0.017 0.02 0.025 0.041 0.008 0.014 0.02 0.047 0.032 0.003 0.01 0.022
76 L 0.045 0.021 0.013 0.015 0.015 0.014 0.018 0.02 0.009 0.151 0.333 0.023 0.04 0.045 0.013 0.024 0.034 0.006 0.02 0.141
77 S 0.075 0.044 0.038 0.044 0.013 0.035 0.097 0.044 0.017 0.059 0.056 0.096 0.017 0.021 0.024 0.156 0.055 0.005 0.016 0.09
78 N 0.048 0.038 0.266 0.062 0.011 0.029 0.042 0.053 0.023 0.03 0.039 0.046 0.013 0.018 0.021 0.07 0.135 0.005 0.015 0.038
79 Y 0.037 0.025 0.02 0.017 0.008 0.02 0.025 0.023 0.042 0.04 0.062 0.028 0.017 0.119 0.014 0.028 0.025 0.025 0.38 0.042
80 K 0.06 0.061 0.041 0.038 0.01 0.078 0.059 0.042 0.085 0.031 0.072 0.15 0.017 0.02 0.023 0.106 0.043 0.005 0.023 0.036
81 D 0.103 0.029 0.035 0.122 0.012 0.027 0.083 0.042 0.02 0.081 0.061 0.04 0.017 0.038 0.021 0.086 0.041 0.008 0.076 0.059
82 L 0.047 0.019 0.014 0.015 0.015 0.014 0.018 0.02 0.008 0.213 0.237 0.023 0.036 0.041 0.014 0.024 0.036 0.006 0.019 0.18
83 F 0.034 0.021 0.018 0.016 0.009 0.015 0.021 0.023 0.029 0.049 0.083 0.023 0.02 0.281 0.012 0.026 0.024 0.02 0.23 0.046
84 L 0.081 0.03 0.027 0.033 0.014 0.027 0.084 0.034 0.018 0.066 0.125 0.038 0.023 0.043 0.02 0.066 0.085 0.009 0.078 0.101
85 N 0.039 0.039 0.326 0.138 0.008 0.03 0.051 0.056 0.027 0.02 0.028 0.048 0.01 0.016 0.019 0.061 0.043 0.004 0.014 0.024
86 L 0.046 0.019 0.013 0.015 0.015 0.013 0.018 0.02 0.008 0.229 0.24 0.022 0.037 0.042 0.013 0.024 0.036 0.006 0.019 0.165
87 N 0.039 0.032 0.213 0.191 0.009 0.026 0.053 0.047 0.021 0.073 0.048 0.042 0.013 0.019 0.018 0.051 0.039 0.004 0.014 0.046
88 K 0.054 0.117 0.037 0.033 0.01 0.037 0.048 0.037 0.083 0.037 0.104 0.152 0.019 0.023 0.021 0.081 0.039 0.005 0.023 0.039
89 S 0.067 0.032 0.1 0.112 0.013 0.026 0.047 0.048 0.017 0.078 0.055 0.042 0.016 0.021 0.022 0.15 0.076 0.005 0.015 0.056
90 G 0.062 0.036 0.093 0.041 0.012 0.067 0.044 0.128 0.018 0.079 0.058 0.046 0.017 0.021 0.02 0.093 0.089 0.005 0.016 0.057
91 Y 0.037 0.023 0.018 0.017 0.01 0.017 0.023 0.022 0.032 0.092 0.084 0.025 0.021 0.16 0.013 0.027 0.027 0.02 0.27 0.063
92 T 0.113 0.027 0.029 0.027 0.017 0.021 0.031 0.039 0.011 0.081 0.078 0.035 0.021 0.025 0.022 0.065 0.18 0.005 0.017 0.154
93 D 0.063 0.042 0.049 0.169 0.01 0.087 0.12 0.046 0.02 0.023 0.035 0.057 0.013 0.016 0.023 0.13 0.048 0.005 0.015 0.031
94 E 0.05 0.045 0.037 0.082 0.007 0.059 0.36 0.032 0.023 0.02 0.033 0.069 0.012 0.015 0.023 0.05 0.033 0.005 0.015 0.028
95 F 0.031 0.017 0.015 0.015 0.01 0.01 0.017 0.023 0.015 0.058 0.104 0.017 0.023 0.443 0.01 0.023 0.023 0.015 0.081 0.05
96 K 0.122 0.05 0.032 0.031 0.013 0.03 0.042 0.131 0.015 0.04 0.105 0.138 0.019 0.022 0.022 0.08 0.04 0.005 0.016 0.046
97 S 0.115 0.029 0.033 0.03 0.014 0.023 0.035 0.046 0.02 0.04 0.059 0.038 0.017 0.107 0.022 0.132 0.093 0.01 0.087 0.049
98 E 0.05 0.045 0.037 0.082 0.007 0.059 0.36 0.032 0.023 0.02 0.033 0.069 0.012 0.015 0.023 0.05 0.033 0.005 0.015 0.028
99 P 0.052 0.023 0.021 0.028 0.009 0.019 0.033 0.033 0.012 0.023 0.033 0.038 0.009 0.012 0.54 0.04 0.033 0.002 0.012 0.028
100 L 0.042 0.022 0.018 0.018 0.013 0.015 0.021 0.024 0.012 0.08 0.261 0.024 0.033 0.176 0.014 0.033 0.075 0.009 0.04 0.071
101 L 0.041 0.021 0.013 0.014 0.015 0.014 0.018 0.019 0.009 0.144 0.386 0.023 0.043 0.048 0.013 0.022 0.031 0.006 0.02 0.1
102 L 0.042 0.022 0.014 0.015 0.014 0.016 0.019 0.02 0.01 0.139 0.33 0.024 0.074 0.064 0.013 0.024 0.032 0.007 0.023 0.098
103 F 0.036 0.021 0.016 0.016 0.011 0.014 0.02 0.022 0.022 0.106 0.153 0.023 0.026 0.202 0.012 0.025 0.027 0.016 0.16 0.072
104 F 0.035 0.019 0.015 0.015 0.011 0.013 0.019 0.022 0.018 0.109 0.16 0.021 0.027 0.256 0.012 0.024 0.027 0.014 0.11 0.073
105 Y 0.036 0.024 0.019 0.017 0.009 0.018 0.024 0.023 0.038 0.043 0.069 0.027 0.018 0.173 0.013 0.027 0.025 0.024 0.33 0.044
106 K 0.069 0.054 0.072 0.076 0.011 0.034 0.052 0.134 0.018 0.024 0.035 0.144 0.012 0.016 0.023 0.13 0.048 0.005 0.014 0.03
107 L 0.052 0.021 0.017 0.018 0.015 0.015 0.021 0.024 0.01 0.144 0.193 0.024 0.031 0.105 0.014 0.047 0.039 0.007 0.029 0.172
108 L 0.046 0.02 0.015 0.015 0.186 0.014 0.018 0.024 0.011 0.073 0.211 0.022 0.063 0.104 0.013 0.029 0.031 0.007 0.028 0.069
109 G 0.062 0.04 0.098 0.043 0.01 0.05 0.044 0.217 0.085 0.021 0.032 0.069 0.012 0.018 0.02 0.089 0.039 0.005 0.02 0.026
110 F 0.042 0.043 0.027 0.029 0.01 0.149 0.056 0.03 0.02 0.049 0.128 0.051 0.025 0.163 0.016 0.037 0.031 0.009 0.04 0.047
111 L 0.036 0.02 0.014 0.015 0.012 0.012 0.018 0.021 0.012 0.081 0.268 0.02 0.034 0.246 0.011 0.023 0.027 0.011 0.05 0.069
112 G 0.051 0.03 0.102 0.187 0.008 0.03 0.103 0.214 0.018 0.019 0.027 0.043 0.009 0.015 0.019 0.05 0.033 0.004 0.012 0.024
113 L 0.149 0.024 0.017 0.019 0.017 0.018 0.025 0.037 0.01 0.09 0.254 0.029 0.033 0.037 0.018 0.042 0.038 0.006 0.019 0.12
114 D 0.05 0.032 0.056 0.323 0.008 0.033 0.123 0.044 0.018 0.021 0.029 0.047 0.01 0.015 0.022 0.088 0.039 0.004 0.012 0.026
115 F 0.031 0.017 0.015 0.015 0.01 0.01 0.017 0.023 0.015 0.058 0.104 0.017 0.023 0.443 0.01 0.023 0.023 0.015 0.081 0.05
116 R 0.045 0.179 0.041 0.111 0.007 0.045 0.111 0.035 0.02 0.022 0.037 0.169 0.013 0.015 0.022 0.046 0.034 0.005 0.015 0.028
117 S 0.072 0.031 0.093 0.04 0.014 0.024 0.038 0.048 0.017 0.051 0.061 0.04 0.017 0.091 0.021 0.165 0.056 0.006 0.027 0.087
118 V 0.161 0.025 0.022 0.023 0.018 0.019 0.029 0.042 0.01 0.096 0.087 0.032 0.023 0.026 0.021 0.055 0.09 0.005 0.017 0.199
119 L 0.04 0.022 0.013 0.014 0.015 0.015 0.018 0.019 0.009 0.105 0.432 0.023 0.045 0.05 0.013 0.022 0.03 0.006 0.02 0.087
120 F 0.033 0.017 0.015 0.015 0.01 0.01 0.017 0.022 0.014 0.104 0.112 0.018 0.025 0.376 0.01 0.023 0.025 0.014 0.07 0.068
121 L 0.049 0.024 0.023 0.022 0.014 0.018 0.024 0.027 0.011 0.135 0.162 0.029 0.045 0.103 0.017 0.044 0.126 0.007 0.029 0.092
122 Q 0.051 0.067 0.04 0.043 0.008 0.286 0.094 0.037 0.027 0.024 0.043 0.083 0.019 0.013 0.021 0.051 0.037 0.005 0.019 0.032
123 S 0.142 0.035 0.045 0.042 0.017 0.029 0.046 0.062 0.017 0.029 0.041 0.048 0.015 0.019 0.027 0.255 0.07 0.005 0.016 0.042
124 L 0.04 0.021 0.013 0.014 0.014 0.014 0.018 0.02 0.01 0.14 0.358 0.022 0.041 0.081 0.013 0.022 0.031 0.007 0.025 0.097
125 F 0.039 0.017 0.015 0.015 0.098 0.011 0.017 0.023 0.012 0.109 0.159 0.019 0.027 0.239 0.012 0.025 0.028 0.01 0.049 0.075
126 L 0.043 0.024 0.016 0.017 0.014 0.019 0.021 0.023 0.013 0.129 0.204 0.027 0.135 0.111 0.013 0.028 0.033 0.008 0.031 0.092
127 N 0.039 0.041 0.379 0.076 0.008 0.031 0.045 0.059 0.029 0.02 0.029 0.049 0.01 0.016 0.018 0.063 0.045 0.004 0.014 0.025
128 I 0.053 0.021 0.02 0.02 0.015 0.016 0.023 0.027 0.011 0.169 0.166 0.026 0.03 0.104 0.015 0.069 0.041 0.007 0.029 0.139
129 C 0.057 0.02 0.019 0.019 0.187 0.014 0.021 0.028 0.01 0.081 0.086 0.024 0.021 0.094 0.016 0.04 0.082 0.006 0.026 0.148
130 L 0.041 0.021 0.013 0.014 0.015 0.014 0.018 0.019 0.009 0.144 0.386 0.023 0.043 0.048 0.013 0.022 0.031 0.006 0.02 0.1
131 L 0.146 0.025 0.017 0.019 0.016 0.019 0.026 0.038 0.012 0.081 0.264 0.03 0.067 0.039 0.018 0.042 0.036 0.006 0.019 0.079
132 Y 0.037 0.022 0.017 0.016 0.011 0.016 0.021 0.022 0.027 0.103 0.146 0.024 0.025 0.148 0.013 0.026 0.028 0.017 0.21 0.071
133 A 0.212 0.026 0.025 0.026 0.018 0.021 0.033 0.052 0.012 0.105 0.079 0.036 0.021 0.025 0.023 0.096 0.049 0.005 0.017 0.12
134 L 0.044 0.022 0.014 0.015 0.014 0.015 0.019 0.021 0.011 0.112 0.282 0.023 0.062 0.111 0.013 0.025 0.033 0.008 0.03 0.125
135 C 0.045 0.021 0.02 0.018 0.184 0.016 0.022 0.026 0.076 0.134 0.084 0.024 0.021 0.033 0.013 0.03 0.031 0.094 0.029 0.079
136 K 0.052 0.112 0.03 0.028 0.012 0.033 0.042 0.032 0.015 0.062 0.122 0.147 0.022 0.025 0.02 0.046 0.082 0.005 0.017 0.096
137 Y 0.057 0.032 0.036 0.03 0.012 0.026 0.036 0.037 0.09 0.037 0.053 0.038 0.016 0.055 0.02 0.092 0.13 0.012 0.143 0.045
138 F 0.034 0.019 0.015 0.015 0.011 0.011 0.018 0.022 0.013 0.073 0.213 0.019 0.03 0.312 0.011 0.023 0.026 0.012 0.061 0.062
139 G 0.071 0.021 0.036 0.031 0.01 0.017 0.023 0.555 0.012 0.017 0.026 0.031 0.009 0.015 0.017 0.047 0.027 0.005 0.01 0.022
140 G 0.054 0.024 0.026 0.024 0.012 0.018 0.026 0.119 0.013 0.091 0.101 0.029 0.021 0.084 0.016 0.07 0.081 0.095 0.032 0.064
141 K 0.046 0.127 0.09 0.038 0.009 0.039 0.051 0.038 0.019 0.037 0.103 0.202 0.019 0.021 0.021 0.045 0.036 0.005 0.016 0.038
142 G 0.118 0.022 0.034 0.03 0.011 0.018 0.026 0.474 0.012 0.021 0.03 0.032 0.01 0.016 0.019 0.052 0.03 0.005 0.011 0.029
143 L 0.042 0.019 0.013 0.015 0.015 0.013 0.017 0.019 0.009 0.221 0.292 0.022 0.039 0.045 0.013 0.022 0.033 0.006 0.02 0.124
144 K 0.059 0.074 0.05 0.037 0.01 0.04 0.054 0.04 0.017 0.046 0.052 0.241 0.016 0.018 0.023 0.076 0.043 0.005 0.016 0.082
145 Y 0.036 0.021 0.017 0.016 0.01 0.015 0.021 0.022 0.028 0.095 0.091 0.024 0.022 0.214 0.013 0.026 0.026 0.019 0.22 0.065
146 F 0.034 0.021 0.018 0.016 0.009 0.015 0.021 0.023 0.029 0.049 0.083 0.023 0.02 0.281 0.012 0.026 0.024 0.02 0.23 0.046
147 P 0.113 0.026 0.029 0.031 0.012 0.021 0.034 0.131 0.013 0.026 0.036 0.039 0.011 0.015 0.282 0.089 0.041 0.004 0.013 0.035
148 L 0.146 0.023 0.016 0.019 0.016 0.017 0.024 0.037 0.01 0.122 0.26 0.029 0.033 0.038 0.018 0.041 0.036 0.006 0.019 0.091
149 I 0.046 0.018 0.014 0.016 0.015 0.013 0.017 0.019 0.008 0.267 0.194 0.022 0.035 0.04 0.014 0.024 0.037 0.005 0.019 0.178
150 L 0.046 0.021 0.018 0.018 0.015 0.015 0.02 0.022 0.009 0.212 0.23 0.025 0.035 0.04 0.015 0.033 0.081 0.006 0.019 0.12
151 L 0.042 0.019 0.013 0.015 0.015 0.013 0.017 0.019 0.009 0.221 0.292 0.022 0.039 0.045 0.013 0.022 0.033 0.006 0.02 0.124
152 Y 0.035 0.023 0.018 0.016 0.009 0.016 0.023 0.023 0.033 0.046 0.076 0.025 0.019 0.227 0.013 0.027 0.025 0.022 0.28 0.045
153 P 0.052 0.023 0.021 0.028 0.009 0.019 0.033 0.033 0.012 0.023 0.033 0.038 0.009 0.012 0.54 0.04 0.033 0.002 0.012 0.028
154 Q 0.05 0.051 0.032 0.036 0.009 0.196 0.071 0.034 0.021 0.076 0.059 0.065 0.02 0.018 0.106 0.044 0.036 0.005 0.018 0.053
155 Y 0.035 0.023 0.018 0.016 0.009 0.016 0.023 0.023 0.033 0.046 0.076 0.025 0.019 0.227 0.013 0.027 0.025 0.022 0.28 0.045
156 I 0.046 0.017 0.014 0.016 0.015 0.013 0.017 0.019 0.008 0.306 0.147 0.022 0.033 0.039 0.014 0.024 0.038 0.005 0.019 0.19
157 Q 0.051 0.067 0.04 0.043 0.008 0.286 0.094 0.037 0.027 0.024 0.043 0.083 0.019 0.013 0.021 0.051 0.037 0.005 0.019 0.032
158 L 0.047 0.046 0.027 0.029 0.011 0.152 0.057 0.029 0.019 0.062 0.195 0.055 0.064 0.031 0.017 0.038 0.035 0.006 0.02 0.059
159 G 0.086 0.029 0.042 0.038 0.013 0.024 0.035 0.307 0.015 0.022 0.032 0.04 0.011 0.017 0.022 0.169 0.051 0.005 0.013 0.03
160 L 0.04 0.022 0.013 0.014 0.015 0.015 0.018 0.019 0.009 0.105 0.432 0.023 0.045 0.05 0.013 0.022 0.03 0.006 0.02 0.087
161 F 0.033 0.02 0.017 0.016 0.009 0.013 0.02 0.023 0.024 0.052 0.09 0.021 0.021 0.335 0.011 0.025 0.024 0.019 0.18 0.047
162 L 0.04 0.022 0.013 0.014 0.015 0.015 0.018 0.019 0.009 0.105 0.432 0.023 0.045 0.05 0.013 0.022 0.03 0.006 0.02 0.087
163 S 0.089 0.035 0.044 0.04 0.015 0.028 0.044 0.054 0.022 0.029 0.042 0.046 0.015 0.036 0.025 0.247 0.066 0.008 0.077 0.039
164 R 0.041 0.405 0.035 0.028 0.007 0.044 0.048 0.03 0.021 0.021 0.042 0.109 0.014 0.016 0.018 0.041 0.032 0.005 0.016 0.028
165 Q 0.051 0.067 0.04 0.043 0.008 0.286 0.094 0.037 0.027 0.024 0.043 0.083 0.019 0.013 0.021 0.051 0.037 0.005 0.019 0.032
166 S 0.094 0.036 0.048 0.043 0.016 0.029 0.046 0.057 0.017 0.031 0.042 0.048 0.015 0.019 0.027 0.256 0.115 0.005 0.016 0.042
167 L 0.043 0.02 0.013 0.015 0.014 0.014 0.019 0.021 0.009 0.138 0.269 0.022 0.035 0.046 0.012 0.023 0.032 0.095 0.027 0.131
168 S 0.142 0.035 0.045 0.042 0.017 0.029 0.046 0.062 0.017 0.029 0.041 0.048 0.015 0.019 0.027 0.255 0.07 0.005 0.016 0.042
169 I 0.054 0.023 0.022 0.022 0.016 0.017 0.024 0.026 0.01 0.171 0.162 0.029 0.029 0.034 0.017 0.044 0.13 0.005 0.018 0.146
170 L 0.052 0.021 0.014 0.015 0.016 0.015 0.02 0.021 0.008 0.127 0.275 0.023 0.037 0.041 0.014 0.026 0.038 0.006 0.02 0.211
171 F 0.032 0.018 0.015 0.015 0.01 0.01 0.017 0.022 0.014 0.066 0.159 0.018 0.027 0.377 0.01 0.023 0.024 0.014 0.071 0.056
172 F 0.038 0.019 0.015 0.015 0.012 0.011 0.018 0.022 0.013 0.081 0.161 0.019 0.028 0.309 0.011 0.024 0.028 0.012 0.06 0.104
173 I 0.047 0.02 0.014 0.016 0.015 0.015 0.019 0.021 0.009 0.226 0.198 0.024 0.069 0.041 0.014 0.026 0.037 0.006 0.02 0.165
174 L 0.113 0.023 0.019 0.02 0.016 0.017 0.024 0.033 0.01 0.13 0.208 0.029 0.031 0.035 0.018 0.043 0.072 0.006 0.018 0.133
175 L 0.048 0.021 0.014 0.015 0.016 0.015 0.019 0.02 0.009 0.12 0.328 0.023 0.04 0.044 0.014 0.025 0.035 0.006 0.02 0.17
176 L 0.052 0.02 0.014 0.015 0.016 0.014 0.019 0.021 0.008 0.166 0.229 0.023 0.035 0.04 0.014 0.026 0.039 0.006 0.019 0.224
177 T 0.114 0.028 0.03 0.029 0.016 0.021 0.032 0.043 0.013 0.062 0.072 0.036 0.02 0.093 0.021 0.098 0.136 0.007 0.027 0.103
178 Q 0.055 0.047 0.034 0.034 0.01 0.154 0.062 0.036 0.025 0.039 0.096 0.058 0.021 0.054 0.02 0.082 0.04 0.009 0.081 0.042
179 G 0.065 0.023 0.027 0.027 0.115 0.018 0.027 0.139 0.012 0.077 0.076 0.032 0.017 0.021 0.122 0.086 0.041 0.004 0.014 0.057
180 K 0.09 0.087 0.034 0.032 0.013 0.033 0.045 0.042 0.016 0.045 0.121 0.135 0.021 0.024 0.023 0.096 0.071 0.005 0.017 0.05
181 S 0.06 0.073 0.103 0.051 0.012 0.035 0.103 0.044 0.02 0.04 0.114 0.054 0.019 0.024 0.021 0.117 0.048 0.005 0.016 0.043
182 N 0.042 0.038 0.169 0.057 0.009 0.034 0.103 0.041 0.1 0.038 0.111 0.047 0.018 0.025 0.018 0.048 0.036 0.005 0.023 0.038
183 K 0.052 0.082 0.05 0.034 0.011 0.036 0.048 0.036 0.016 0.046 0.121 0.19 0.021 0.023 0.022 0.051 0.09 0.005 0.017 0.048
184 K 0.047 0.113 0.031 0.03 0.01 0.075 0.05 0.032 0.019 0.043 0.076 0.13 0.054 0.091 0.019 0.044 0.057 0.007 0.028 0.045
185 P 0.077 0.095 0.079 0.037 0.011 0.03 0.041 0.042 0.083 0.03 0.043 0.053 0.014 0.019 0.108 0.067 0.106 0.005 0.021 0.039
186 L 0.042 0.1 0.026 0.023 0.01 0.028 0.035 0.026 0.055 0.093 0.13 0.093 0.023 0.052 0.016 0.033 0.031 0.011 0.111 0.063
187 F 0.038 0.018 0.015 0.016 0.012 0.011 0.018 0.022 0.013 0.12 0.114 0.019 0.026 0.307 0.011 0.024 0.029 0.012 0.06 0.116
188 K 0.048 0.135 0.033 0.033 0.009 0.042 0.054 0.034 0.017 0.076 0.059 0.251 0.017 0.019 0.022 0.043 0.035 0.005 0.016 0.051
189 S 0.06 0.105 0.094 0.041 0.011 0.032 0.045 0.045 0.02 0.03 0.048 0.103 0.015 0.088 0.021 0.126 0.047 0.006 0.026 0.035
190 L 0.047 0.022 0.018 0.018 0.015 0.016 0.021 0.023 0.009 0.177 0.251 0.026 0.035 0.04 0.015 0.033 0.081 0.006 0.019 0.129
191 F 0.051 0.023 0.023 0.022 0.014 0.016 0.024 0.028 0.012 0.118 0.113 0.027 0.025 0.15 0.016 0.045 0.127 0.008 0.036 0.122
192 F 0.037 0.02 0.016 0.016 0.01 0.013 0.02 0.024 0.018 0.065 0.09 0.021 0.021 0.256 0.011 0.025 0.027 0.103 0.117 0.093
193 S 0.168 0.031 0.039 0.036 0.016 0.025 0.039 0.166 0.015 0.029 0.04 0.043 0.014 0.018 0.025 0.178 0.056 0.005 0.015 0.042
194 I 0.079 0.022 0.022 0.022 0.015 0.017 0.023 0.116 0.01 0.157 0.151 0.028 0.027 0.032 0.017 0.042 0.082 0.005 0.017 0.116
195 L 0.041 0.021 0.013 0.014 0.015 0.014 0.018 0.019 0.009 0.144 0.386 0.023 0.043 0.048 0.013 0.022 0.031 0.006 0.02 0.1
196 A 0.227 0.032 0.036 0.036 0.018 0.027 0.042 0.066 0.015 0.033 0.046 0.045 0.015 0.019 0.027 0.184 0.06 0.005 0.016 0.05
197 L 0.049 0.019 0.014 0.015 0.016 0.014 0.019 0.02 0.008 0.197 0.234 0.023 0.036 0.041 0.014 0.025 0.037 0.006 0.019 0.194
198 L 0.06 0.027 0.025 0.024 0.015 0.02 0.028 0.033 0.012 0.079 0.301 0.032 0.035 0.039 0.018 0.112 0.045 0.006 0.019 0.071
199 A 0.259 0.031 0.033 0.034 0.018 0.026 0.041 0.067 0.015 0.035 0.048 0.044 0.015 0.019 0.027 0.157 0.056 0.005 0.016 0.053
200 H 0.038 0.042 0.049 0.035 0.007 0.035 0.049 0.035 0.414 0.021 0.035 0.042 0.014 0.028 0.017 0.038 0.024 0.007 0.052 0.021
201 A 0.175 0.031 0.034 0.034 0.017 0.025 0.039 0.057 0.015 0.044 0.109 0.042 0.02 0.024 0.025 0.175 0.057 0.005 0.017 0.054
202 I 0.156 0.024 0.023 0.024 0.017 0.019 0.028 0.043 0.011 0.186 0.101 0.032 0.024 0.03 0.02 0.086 0.046 0.005 0.017 0.108
203 S 0.185 0.034 0.041 0.039 0.017 0.028 0.044 0.064 0.016 0.031 0.043 0.046 0.015 0.019 0.027 0.22 0.065 0.005 0.016 0.046
204 I 0.046 0.018 0.014 0.016 0.015 0.013 0.017 0.02 0.008 0.257 0.178 0.022 0.033 0.057 0.013 0.024 0.037 0.006 0.022 0.183
205 L 0.038 0.022 0.015 0.015 0.013 0.015 0.019 0.022 0.012 0.087 0.281 0.023 0.07 0.18 0.012 0.024 0.029 0.01 0.041 0.074
206 Y 0.037 0.031 0.14 0.037 0.008 0.023 0.032 0.035 0.038 0.033 0.051 0.035 0.015 0.085 0.016 0.04 0.032 0.018 0.258 0.036
207 I 0.046 0.018 0.014 0.016 0.015 0.013 0.017 0.019 0.008 0.267 0.194 0.022 0.035 0.04 0.014 0.024 0.037 0.005 0.019 0.178
208 G 0.056 0.022 0.026 0.024 0.012 0.016 0.023 0.203 0.012 0.06 0.086 0.027 0.019 0.145 0.016 0.042 0.077 0.008 0.033 0.092
209 L 0.049 0.019 0.014 0.015 0.016 0.014 0.019 0.02 0.008 0.197 0.234 0.023 0.036 0.041 0.014 0.025 0.037 0.006 0.019 0.194
210 F 0.042 0.026 0.02 0.02 0.097 0.058 0.031 0.026 0.019 0.093 0.087 0.031 0.022 0.179 0.014 0.031 0.03 0.012 0.098 0.064
211 L 0.044 0.022 0.014 0.015 0.014 0.016 0.02 0.02 0.014 0.101 0.318 0.024 0.038 0.058 0.013 0.024 0.032 0.009 0.08 0.121
212 L 0.074 0.022 0.015 0.017 0.016 0.017 0.021 0.025 0.01 0.147 0.233 0.026 0.069 0.04 0.015 0.031 0.037 0.006 0.02 0.159
213 S 0.134 0.045 0.043 0.04 0.015 0.032 0.049 0.059 0.017 0.029 0.041 0.097 0.015 0.018 0.027 0.215 0.063 0.005 0.016 0.041
214 N 0.051 0.108 0.15 0.046 0.009 0.034 0.046 0.045 0.026 0.026 0.04 0.105 0.013 0.033 0.02 0.089 0.043 0.008 0.076 0.031
215 K 0.046 0.11 0.027 0.025 0.01 0.031 0.04 0.029 0.021 0.053 0.068 0.144 0.019 0.106 0.018 0.037 0.033 0.01 0.088 0.086
216 L 0.044 0.02 0.015 0.015 0.014 0.015 0.019 0.02 0.014 0.179 0.225 0.024 0.034 0.055 0.014 0.025 0.034 0.009 0.079 0.146
217 K 0.047 0.088 0.09 0.04 0.009 0.04 0.053 0.039 0.019 0.037 0.103 0.231 0.019 0.02 0.022 0.046 0.036 0.005 0.016 0.038
218 R 0.047 0.229 0.093 0.038 0.008 0.038 0.046 0.124 0.021 0.021 0.037 0.125 0.013 0.015 0.019 0.047 0.034 0.005 0.015 0.027
219 L 0.037 0.085 0.018 0.017 0.011 0.019 0.024 0.023 0.018 0.068 0.223 0.037 0.03 0.154 0.013 0.026 0.028 0.012 0.095 0.061
220 L 0.048 0.022 0.015 0.016 0.015 0.016 0.02 0.022 0.011 0.11 0.231 0.024 0.068 0.108 0.013 0.027 0.035 0.008 0.03 0.163
221 K 0.053 0.113 0.041 0.103 0.009 0.035 0.053 0.124 0.017 0.026 0.039 0.152 0.013 0.016 0.022 0.053 0.08 0.005 0.014 0.033
222 W 0.035 0.021 0.015 0.015 0.009 0.015 0.022 0.026 0.018 0.05 0.062 0.022 0.017 0.062 0.009 0.023 0.025 0.364 0.108 0.081
223 R 0.043 0.176 0.031 0.028 0.008 0.037 0.046 0.031 0.027 0.029 0.048 0.16 0.015 0.05 0.019 0.039 0.031 0.012 0.137 0.033
224 W 0.04 0.023 0.019 0.019 0.012 0.017 0.023 0.027 0.013 0.098 0.098 0.026 0.056 0.11 0.013 0.034 0.075 0.185 0.044 0.069
225 I 0.047 0.019 0.014 0.016 0.015 0.013 0.018 0.021 0.009 0.189 0.18 0.022 0.032 0.106 0.013 0.025 0.036 0.007 0.029 0.188
226 L 0.038 0.019 0.014 0.015 0.013 0.013 0.018 0.02 0.011 0.128 0.276 0.021 0.036 0.179 0.012 0.023 0.029 0.009 0.04 0.087
227 P 0.051 0.025 0.025 0.026 0.013 0.019 0.029 0.031 0.012 0.051 0.12 0.033 0.02 0.093 0.192 0.049 0.125 0.006 0.026 0.054
228 I 0.044 0.018 0.014 0.016 0.014 0.013 0.018 0.02 0.009 0.221 0.185 0.021 0.033 0.108 0.013 0.024 0.034 0.007 0.029 0.159
229 W 0.042 0.021 0.015 0.015 0.011 0.015 0.021 0.024 0.017 0.075 0.083 0.022 0.021 0.123 0.011 0.025 0.03 0.188 0.104 0.136
230 L 0.043 0.02 0.014 0.015 0.014 0.013 0.018 0.02 0.01 0.143 0.279 0.022 0.037 0.111 0.013 0.024 0.033 0.008 0.03 0.135
231 L 0.153 0.024 0.018 0.02 0.017 0.019 0.026 0.039 0.011 0.103 0.161 0.031 0.062 0.033 0.019 0.045 0.041 0.006 0.019 0.154
232 A 0.259 0.026 0.024 0.026 0.018 0.021 0.032 0.144 0.012 0.054 0.06 0.036 0.017 0.021 0.023 0.064 0.042 0.005 0.015 0.101
233 L 0.043 0.019 0.013 0.015 0.015 0.014 0.017 0.019 0.009 0.213 0.291 0.022 0.039 0.045 0.013 0.023 0.034 0.006 0.02 0.131
234 L 0.037 0.02 0.014 0.014 0.013 0.013 0.018 0.021 0.011 0.089 0.323 0.021 0.038 0.181 0.012 0.022 0.028 0.009 0.04 0.075
235 F 0.037 0.021 0.015 0.015 0.012 0.014 0.019 0.022 0.013 0.079 0.226 0.022 0.066 0.245 0.012 0.024 0.028 0.011 0.051 0.068
236 P 0.052 0.023 0.021 0.028 0.009 0.019 0.033 0.033 0.012 0.023 0.033 0.038 0.009 0.012 0.54 0.04 0.033 0.002 0.012 0.028
237 L 0.092 0.021 0.015 0.017 0.015 0.015 0.021 0.029 0.011 0.125 0.268 0.025 0.035 0.109 0.015 0.032 0.033 0.008 0.029 0.089
238 N 0.048 0.038 0.266 0.062 0.011 0.029 0.042 0.053 0.023 0.03 0.039 0.046 0.013 0.018 0.021 0.07 0.135 0.005 0.015 0.038
239 D 0.104 0.032 0.094 0.116 0.012 0.03 0.098 0.047 0.018 0.077 0.055 0.045 0.016 0.021 0.022 0.092 0.044 0.005 0.015 0.056
240 E 0.107 0.038 0.041 0.128 0.01 0.043 0.208 0.045 0.02 0.024 0.036 0.056 0.012 0.016 0.024 0.094 0.042 0.005 0.015 0.035
241 F 0.042 0.02 0.018 0.018 0.013 0.014 0.02 0.024 0.011 0.157 0.167 0.024 0.029 0.173 0.014 0.033 0.077 0.009 0.039 0.096
242 I 0.048 0.021 0.015 0.017 0.015 0.017 0.02 0.022 0.01 0.224 0.156 0.026 0.1 0.04 0.014 0.027 0.038 0.006 0.02 0.164
243 N 0.051 0.04 0.149 0.047 0.012 0.071 0.047 0.043 0.021 0.042 0.066 0.049 0.052 0.022 0.02 0.063 0.132 0.005 0.017 0.049
244 Q 0.045 0.054 0.154 0.052 0.008 0.159 0.07 0.044 0.092 0.022 0.037 0.065 0.015 0.017 0.02 0.053 0.038 0.005 0.023 0.028
245 I 0.049 0.028 0.03 0.025 0.013 0.022 0.031 0.028 0.144 0.152 0.092 0.032 0.024 0.032 0.017 0.039 0.08 0.006 0.029 0.127
246 L 0.047 0.021 0.014 0.015 0.015 0.014 0.019 0.021 0.01 0.112 0.273 0.022 0.036 0.109 0.013 0.025 0.034 0.007 0.03 0.164
247 A 0.148 0.037 0.089 0.039 0.015 0.068 0.047 0.052 0.018 0.05 0.056 0.048 0.017 0.02 0.023 0.099 0.06 0.005 0.017 0.093
248 G 0.117 0.031 0.092 0.039 0.014 0.024 0.036 0.138 0.016 0.039 0.103 0.04 0.018 0.023 0.022 0.132 0.049 0.005 0.015 0.045
249 L 0.095 0.022 0.015 0.017 0.015 0.015 0.022 0.029 0.011 0.094 0.262 0.025 0.034 0.107 0.015 0.033 0.034 0.007 0.029 0.118
250 F 0.098 0.048 0.028 0.028 0.012 0.027 0.039 0.039 0.016 0.042 0.067 0.134 0.018 0.159 0.02 0.051 0.08 0.008 0.038 0.048
251 N 0.051 0.044 0.268 0.065 0.009 0.073 0.053 0.056 0.026 0.022 0.033 0.055 0.012 0.016 0.02 0.099 0.049 0.004 0.015 0.028
252 I 0.045 0.029 0.024 0.024 0.012 0.061 0.034 0.027 0.019 0.141 0.096 0.035 0.024 0.113 0.016 0.039 0.079 0.01 0.089 0.085
253 S 0.127 0.031 0.037 0.035 0.016 0.025 0.039 0.052 0.014 0.084 0.063 0.042 0.018 0.023 0.024 0.176 0.103 0.005 0.016 0.067
254 G 0.064 0.025 0.038 0.102 0.01 0.022 0.041 0.213 0.014 0.021 0.03 0.038 0.01 0.014 0.193 0.085 0.038 0.004 0.012 0.027
255 L 0.07 0.025 0.029 0.028 0.015 0.02 0.029 0.123 0.012 0.11 0.134 0.033 0.024 0.029 0.019 0.117 0.048 0.005 0.017 0.114
256 L 0.041 0.02 0.013 0.015 0.015 0.014 0.018 0.019 0.009 0.182 0.339 0.022 0.041 0.047 0.013 0.022 0.032 0.006 0.02 0.112
257 D 0.037 0.027 0.063 0.452 0.007 0.027 0.083 0.042 0.017 0.02 0.025 0.041 0.008 0.014 0.02 0.047 0.032 0.003 0.01 0.022
258 R 0.041 0.405 0.035 0.028 0.007 0.044 0.048 0.03 0.021 0.021 0.042 0.109 0.014 0.016 0.018 0.041 0.032 0.005 0.016 0.028
259 K 0.052 0.097 0.038 0.038 0.008 0.049 0.064 0.039 0.019 0.025 0.039 0.344 0.014 0.014 0.025 0.049 0.036 0.005 0.016 0.03
260 I 0.043 0.016 0.013 0.016 0.015 0.012 0.016 0.019 0.008 0.337 0.153 0.021 0.033 0.04 0.013 0.023 0.036 0.005 0.019 0.161
261 G 0.066 0.024 0.093 0.038 0.01 0.019 0.027 0.472 0.015 0.018 0.026 0.034 0.009 0.015 0.017 0.049 0.03 0.005 0.011 0.022
262 F 0.031 0.017 0.015 0.015 0.01 0.01 0.017 0.023 0.015 0.058 0.104 0.017 0.023 0.443 0.01 0.023 0.023 0.015 0.081 0.05
263 Y 0.036 0.024 0.019 0.017 0.009 0.018 0.024 0.023 0.038 0.043 0.069 0.027 0.018 0.173 0.013 0.027 0.025 0.024 0.33 0.044
264 L 0.044 0.026 0.016 0.016 0.015 0.02 0.022 0.022 0.012 0.098 0.306 0.028 0.141 0.047 0.014 0.027 0.033 0.007 0.021 0.086
265 N 0.039 0.101 0.322 0.068 0.008 0.033 0.045 0.054 0.027 0.021 0.031 0.059 0.011 0.016 0.018 0.06 0.043 0.004 0.015 0.025
266 S 0.069 0.036 0.161 0.123 0.012 0.03 0.053 0.057 0.021 0.024 0.033 0.048 0.012 0.017 0.023 0.174 0.058 0.004 0.014 0.031
267 G 0.062 0.028 0.093 0.106 0.012 0.023 0.04 0.127 0.015 0.062 0.062 0.037 0.025 0.022 0.019 0.085 0.044 0.005 0.015 0.119
268 S 0.066 0.038 0.048 0.042 0.012 0.031 0.093 0.041 0.016 0.043 0.105 0.07 0.019 0.022 0.108 0.124 0.048 0.005 0.016 0.054
269 V 0.069 0.022 0.016 0.018 0.019 0.016 0.023 0.024 0.008 0.163 0.129 0.026 0.031 0.035 0.016 0.033 0.049 0.005 0.02 0.276
270 D 0.055 0.032 0.044 0.18 0.011 0.03 0.105 0.039 0.016 0.04 0.102 0.044 0.018 0.022 0.022 0.09 0.086 0.005 0.015 0.044
271 D 0.042 0.038 0.204 0.21 0.008 0.034 0.097 0.052 0.025 0.021 0.029 0.051 0.01 0.016 0.021 0.058 0.041 0.004 0.013 0.025
272 I 0.153 0.024 0.021 0.023 0.018 0.019 0.028 0.043 0.011 0.175 0.109 0.033 0.026 0.032 0.021 0.053 0.072 0.005 0.018 0.117
273 S 0.077 0.036 0.1 0.054 0.012 0.033 0.095 0.138 0.019 0.023 0.034 0.049 0.012 0.017 0.023 0.172 0.055 0.005 0.014 0.032
274 S 0.177 0.035 0.038 0.045 0.016 0.033 0.096 0.059 0.017 0.03 0.043 0.05 0.014 0.019 0.026 0.18 0.058 0.005 0.016 0.045
275 S 0.137 0.034 0.043 0.04 0.017 0.028 0.044 0.059 0.016 0.033 0.044 0.046 0.015 0.02 0.027 0.221 0.11 0.005 0.016 0.047
276 L 0.04 0.022 0.014 0.015 0.014 0.016 0.019 0.021 0.011 0.095 0.335 0.024 0.073 0.114 0.013 0.024 0.03 0.008 0.031 0.081
277 G 0.078 0.029 0.041 0.036 0.014 0.024 0.035 0.239 0.014 0.03 0.04 0.04 0.013 0.018 0.023 0.13 0.137 0.005 0.014 0.041
278 L 0.045 0.021 0.013 0.015 0.015 0.014 0.018 0.02 0.009 0.151 0.333 0.023 0.04 0.045 0.013 0.024 0.034 0.006 0.02 0.141
279 Y 0.038 0.024 0.018 0.016 0.011 0.018 0.023 0.023 0.028 0.062 0.15 0.026 0.059 0.149 0.013 0.027 0.028 0.018 0.21 0.058
280 S 0.1 0.036 0.049 0.044 0.016 0.03 0.048 0.06 0.017 0.027 0.038 0.049 0.014 0.019 0.027 0.291 0.075 0.005 0.016 0.038
281 L 0.051 0.023 0.019 0.019 0.015 0.017 0.023 0.026 0.01 0.131 0.32 0.027 0.038 0.043 0.015 0.067 0.039 0.006 0.019 0.091
282 L 0.061 0.025 0.025 0.025 0.015 0.019 0.027 0.033 0.012 0.156 0.208 0.031 0.031 0.036 0.018 0.112 0.047 0.006 0.018 0.095
283 L 0.047 0.023 0.015 0.016 0.015 0.018 0.021 0.022 0.011 0.147 0.249 0.026 0.104 0.043 0.014 0.027 0.036 0.006 0.02 0.14
284 L 0.042 0.019 0.013 0.015 0.015 0.013 0.017 0.019 0.009 0.221 0.292 0.022 0.039 0.045 0.013 0.022 0.033 0.006 0.02 0.124
285 P 0.052 0.023 0.021 0.028 0.009 0.019 0.033 0.033 0.012 0.023 0.033 0.038 0.009 0.012 0.54 0.04 0.033 0.002 0.012 0.028
286 L 0.04 0.022 0.013 0.014 0.015 0.015 0.018 0.019 0.009 0.105 0.432 0.023 0.045 0.05 0.013 0.022 0.03 0.006 0.02 0.087
287 H 0.038 0.042 0.049 0.035 0.007 0.035 0.049 0.035 0.414 0.021 0.035 0.042 0.014 0.028 0.017 0.038 0.024 0.007 0.052 0.021
288 L 0.147 0.023 0.017 0.02 0.016 0.019 0.025 0.037 0.011 0.158 0.171 0.03 0.063 0.036 0.018 0.042 0.038 0.006 0.019 0.103
289 T 0.064 0.029 0.032 0.029 0.016 0.022 0.032 0.036 0.012 0.102 0.133 0.036 0.024 0.029 0.021 0.098 0.181 0.005 0.017 0.08
290 F 0.035 0.017 0.015 0.015 0.096 0.01 0.017 0.024 0.014 0.055 0.096 0.017 0.022 0.372 0.01 0.025 0.025 0.013 0.069 0.05
291 L 0.04 0.019 0.013 0.015 0.014 0.013 0.017 0.02 0.01 0.174 0.284 0.022 0.038 0.112 0.013 0.022 0.031 0.008 0.03 0.106
292 L 0.054 0.026 0.021 0.021 0.015 0.021 0.025 0.028 0.012 0.118 0.234 0.03 0.102 0.041 0.016 0.071 0.041 0.006 0.02 0.098
293 L 0.045 0.023 0.074 0.025 0.014 0.017 0.022 0.026 0.012 0.176 0.219 0.027 0.033 0.038 0.014 0.03 0.037 0.005 0.019 0.143
294 S 0.087 0.032 0.04 0.038 0.017 0.026 0.04 0.05 0.015 0.116 0.082 0.043 0.022 0.028 0.024 0.167 0.066 0.005 0.018 0.085
295 L 0.046 0.023 0.019 0.018 0.014 0.016 0.023 0.024 0.016 0.084 0.201 0.026 0.029 0.119 0.015 0.035 0.078 0.011 0.089 0.111
296 L 0.048 0.022 0.015 0.015 0.015 0.016 0.02 0.021 0.014 0.109 0.266 0.024 0.035 0.056 0.014 0.026 0.034 0.009 0.08 0.163
297 L 0.066 0.041 0.034 0.031 0.014 0.027 0.039 0.04 0.014 0.056 0.173 0.088 0.025 0.029 0.022 0.126 0.093 0.005 0.017 0.058
298 I 0.043 0.02 0.015 0.017 0.014 0.016 0.019 0.021 0.015 0.247 0.142 0.024 0.065 0.054 0.014 0.025 0.034 0.009 0.079 0.128
299 K 0.049 0.074 0.032 0.031 0.009 0.04 0.051 0.034 0.022 0.039 0.066 0.239 0.052 0.037 0.022 0.043 0.034 0.009 0.077 0.041
300 S 0.071 0.046 0.049 0.11 0.012 0.034 0.056 0.05 0.084 0.025 0.036 0.096 0.013 0.019 0.024 0.168 0.053 0.005 0.021 0.031
301 R 0.044 0.267 0.037 0.055 0.007 0.046 0.092 0.033 0.021 0.022 0.04 0.16 0.014 0.015 0.02 0.044 0.033 0.005 0.015 0.028
302 K 0.048 0.081 0.139 0.049 0.008 0.043 0.059 0.045 0.022 0.024 0.036 0.253 0.013 0.015 0.023 0.053 0.039 0.005 0.015 0.028
303 Y 0.044 0.027 0.075 0.1 0.01 0.021 0.038 0.035 0.023 0.063 0.065 0.034 0.017 0.116 0.017 0.055 0.08 0.012 0.117 0.051
304 K 0.053 0.076 0.094 0.043 0.009 0.041 0.056 0.043 0.019 0.041 0.058 0.243 0.016 0.017 0.023 0.069 0.041 0.005 0.016 0.037
305 P 0.105 0.093 0.089 0.038 0.012 0.028 0.04 0.047 0.017 0.03 0.042 0.053 0.013 0.017 0.152 0.078 0.087 0.004 0.015 0.04
306 D 0.049 0.046 0.044 0.175 0.009 0.072 0.065 0.039 0.017 0.027 0.038 0.098 0.013 0.015 0.109 0.053 0.081 0.004 0.014 0.033
307 I 0.095 0.03 0.033 0.023 0.014 0.02 0.027 0.032 0.011 0.197 0.163 0.066 0.029 0.034 0.017 0.037 0.037 0.005 0.018 0.11
308 D 0.044 0.031 0.121 0.29 0.009 0.028 0.067 0.046 0.019 0.026 0.033 0.043 0.011 0.016 0.021 0.059 0.09 0.004 0.012 0.031
309 S 0.129 0.03 0.031 0.032 0.015 0.024 0.037 0.049 0.014 0.045 0.118 0.04 0.02 0.024 0.126 0.142 0.052 0.005 0.016 0.051
310 F 0.044 0.018 0.015 0.016 0.013 0.012 0.018 0.022 0.012 0.135 0.117 0.02 0.027 0.239 0.012 0.025 0.033 0.01 0.05 0.164
311 S 0.075 0.029 0.036 0.033 0.016 0.023 0.035 0.043 0.013 0.134 0.08 0.039 0.021 0.026 0.022 0.167 0.102 0.005 0.017 0.083
312 L 0.042 0.018 0.014 0.015 0.013 0.012 0.018 0.021 0.011 0.174 0.177 0.021 0.031 0.175 0.012 0.024 0.032 0.009 0.04 0.141
313 F 0.052 0.021 0.02 0.021 0.014 0.015 0.023 0.028 0.012 0.161 0.112 0.025 0.026 0.17 0.015 0.069 0.04 0.009 0.039 0.132
314 F 0.032 0.019 0.016 0.016 0.009 0.011 0.019 0.023 0.02 0.055 0.097 0.019 0.022 0.389 0.01 0.024 0.023 0.017 0.131 0.049
315 I 0.046 0.018 0.014 0.016 0.015 0.013 0.017 0.019 0.008 0.267 0.194 0.022 0.035 0.04 0.014 0.024 0.037 0.005 0.019 0.178
316 I 0.053 0.019 0.018 0.019 0.101 0.015 0.02 0.025 0.009 0.208 0.116 0.025 0.027 0.032 0.016 0.037 0.084 0.005 0.017 0.156
317 L 0.043 0.02 0.014 0.015 0.014 0.013 0.018 0.02 0.01 0.143 0.279 0.022 0.037 0.111 0.013 0.024 0.033 0.008 0.03 0.135
318 Y 0.037 0.025 0.02 0.017 0.008 0.02 0.025 0.023 0.042 0.04 0.062 0.028 0.017 0.119 0.014 0.028 0.025 0.025 0.38 0.042
319 F 0.045 0.023 0.021 0.019 0.098 0.017 0.023 0.027 0.018 0.056 0.095 0.026 0.055 0.181 0.015 0.038 0.076 0.012 0.098 0.057
320 L 0.153 0.023 0.017 0.019 0.017 0.018 0.025 0.038 0.01 0.098 0.202 0.029 0.03 0.034 0.018 0.043 0.04 0.005 0.018 0.162
