#Seq2Logo.py -f /work3/idamei/ssn-clusterings/clustering/2205181126/clusters/0019_8/sequences.afa -o /work3/idamei/ssn-clusterings/clustering/2205181126/clusters/0019_8/sequences.logo
#Position Specific Frequency Matrix
A R N D C Q E G H I L K M F P S T W Y V
0 M 0.049 0.03 0.019 0.019 0.015 0.027 0.027 0.027 0.015 0.095 0.186 0.034 0.208 0.045 0.015 0.034 0.038 0.008 0.023 0.087
1 S 0.075 0.041 0.096 0.048 0.013 0.049 0.051 0.053 0.077 0.029 0.041 0.051 0.015 0.021 0.024 0.156 0.094 0.005 0.022 0.038
2 D 0.064 0.061 0.041 0.136 0.01 0.035 0.118 0.04 0.023 0.028 0.041 0.053 0.013 0.033 0.061 0.075 0.058 0.008 0.067 0.036
3 L 0.053 0.025 0.072 0.029 0.014 0.019 0.026 0.07 0.014 0.117 0.176 0.03 0.029 0.064 0.016 0.049 0.049 0.006 0.023 0.118
4 E 0.049 0.043 0.046 0.181 0.007 0.066 0.24 0.037 0.023 0.021 0.033 0.064 0.012 0.015 0.023 0.055 0.035 0.005 0.014 0.028
5 F 0.032 0.018 0.016 0.016 0.01 0.01 0.018 0.024 0.016 0.06 0.108 0.018 0.024 0.422 0.01 0.024 0.024 0.016 0.084 0.052
6 L 0.038 0.021 0.015 0.015 0.013 0.013 0.019 0.022 0.015 0.1 0.248 0.022 0.035 0.199 0.012 0.024 0.029 0.012 0.071 0.078
7 D 0.062 0.034 0.052 0.125 0.012 0.047 0.09 0.04 0.017 0.073 0.087 0.046 0.02 0.024 0.021 0.093 0.047 0.005 0.016 0.089
8 L 0.046 0.021 0.015 0.016 0.015 0.014 0.02 0.022 0.013 0.146 0.223 0.023 0.035 0.108 0.014 0.026 0.035 0.009 0.056 0.146
9 A 0.195 0.026 0.021 0.023 0.016 0.02 0.031 0.05 0.021 0.049 0.093 0.034 0.02 0.108 0.021 0.055 0.038 0.012 0.106 0.06
10 F 0.041 0.019 0.015 0.016 0.013 0.012 0.019 0.023 0.013 0.089 0.158 0.02 0.029 0.275 0.012 0.025 0.03 0.012 0.059 0.117
11 S 0.104 0.037 0.09 0.056 0.013 0.035 0.11 0.13 0.02 0.025 0.037 0.052 0.013 0.018 0.024 0.13 0.052 0.005 0.015 0.035
12 N 0.042 0.044 0.21 0.153 0.008 0.035 0.08 0.051 0.061 0.022 0.031 0.07 0.011 0.017 0.02 0.057 0.04 0.004 0.018 0.025
13 L 0.039 0.02 0.014 0.015 0.013 0.014 0.019 0.023 0.011 0.159 0.202 0.023 0.032 0.049 0.012 0.023 0.031 0.165 0.034 0.104
14 P 0.082 0.036 0.031 0.032 0.013 0.027 0.049 0.041 0.034 0.044 0.108 0.061 0.02 0.04 0.118 0.096 0.044 0.008 0.07 0.047
15 L 0.05 0.027 0.046 0.028 0.014 0.021 0.049 0.028 0.013 0.094 0.226 0.032 0.032 0.067 0.017 0.04 0.074 0.007 0.024 0.11
16 F 0.039 0.02 0.015 0.016 0.013 0.012 0.019 0.022 0.013 0.101 0.202 0.021 0.035 0.249 0.012 0.024 0.029 0.011 0.055 0.092
17 L 0.048 0.023 0.018 0.018 0.015 0.016 0.021 0.062 0.01 0.105 0.299 0.025 0.038 0.073 0.015 0.031 0.052 0.007 0.025 0.101
18 L 0.116 0.025 0.024 0.024 0.015 0.019 0.028 0.088 0.013 0.077 0.138 0.032 0.024 0.097 0.039 0.055 0.079 0.007 0.029 0.07
19 L 0.051 0.022 0.019 0.019 0.129 0.015 0.022 0.029 0.011 0.101 0.181 0.025 0.028 0.054 0.015 0.054 0.037 0.085 0.027 0.077
20 L 0.058 0.029 0.052 0.029 0.014 0.023 0.03 0.074 0.015 0.093 0.138 0.035 0.087 0.064 0.018 0.074 0.062 0.007 0.024 0.075
21 F 0.067 0.021 0.018 0.018 0.033 0.015 0.022 0.028 0.012 0.101 0.169 0.024 0.029 0.177 0.015 0.035 0.053 0.009 0.043 0.111
22 L 0.109 0.022 0.016 0.018 0.016 0.016 0.023 0.033 0.011 0.142 0.231 0.027 0.034 0.07 0.017 0.037 0.037 0.007 0.024 0.109
23 F 0.054 0.022 0.021 0.021 0.091 0.016 0.023 0.029 0.012 0.111 0.109 0.026 0.042 0.136 0.016 0.053 0.062 0.008 0.035 0.113
24 I 0.082 0.024 0.024 0.025 0.072 0.019 0.027 0.074 0.012 0.114 0.094 0.031 0.036 0.058 0.057 0.07 0.056 0.006 0.022 0.097
25 L 0.072 0.022 0.02 0.021 0.014 0.017 0.023 0.116 0.011 0.109 0.175 0.028 0.042 0.079 0.054 0.035 0.034 0.007 0.025 0.096
26 L 0.088 0.024 0.02 0.021 0.017 0.018 0.025 0.032 0.01 0.152 0.185 0.029 0.032 0.037 0.018 0.055 0.062 0.006 0.019 0.152
27 L 0.05 0.022 0.014 0.015 0.092 0.014 0.019 0.023 0.01 0.094 0.327 0.023 0.04 0.074 0.014 0.026 0.032 0.007 0.024 0.082
28 Y 0.041 0.026 0.024 0.021 0.009 0.02 0.028 0.028 0.06 0.042 0.069 0.029 0.018 0.172 0.014 0.046 0.029 0.059 0.222 0.043
29 L 0.039 0.022 0.015 0.015 0.013 0.014 0.02 0.022 0.016 0.101 0.257 0.023 0.035 0.162 0.013 0.024 0.029 0.012 0.089 0.079
30 S 0.135 0.034 0.043 0.04 0.017 0.028 0.044 0.06 0.017 0.034 0.049 0.046 0.016 0.051 0.026 0.2 0.084 0.006 0.022 0.047
31 V 0.06 0.02 0.017 0.018 0.017 0.015 0.022 0.023 0.008 0.196 0.129 0.025 0.03 0.035 0.016 0.033 0.062 0.005 0.019 0.247
32 R 0.042 0.276 0.108 0.04 0.008 0.04 0.046 0.037 0.023 0.044 0.049 0.092 0.015 0.018 0.018 0.046 0.036 0.005 0.016 0.039
33 K 0.051 0.168 0.035 0.032 0.009 0.041 0.051 0.036 0.021 0.032 0.063 0.178 0.017 0.057 0.021 0.06 0.037 0.008 0.048 0.036
34 V 0.077 0.051 0.025 0.026 0.014 0.026 0.037 0.034 0.014 0.101 0.112 0.108 0.024 0.081 0.019 0.056 0.041 0.007 0.027 0.122
35 S 0.11 0.04 0.054 0.049 0.018 0.033 0.052 0.066 0.019 0.03 0.042 0.054 0.016 0.021 0.03 0.22 0.082 0.005 0.018 0.042
36 A 0.132 0.027 0.026 0.026 0.017 0.021 0.032 0.044 0.012 0.092 0.128 0.036 0.025 0.029 0.06 0.084 0.071 0.005 0.018 0.117
37 L 0.078 0.023 0.021 0.022 0.016 0.017 0.026 0.031 0.011 0.142 0.151 0.029 0.029 0.056 0.056 0.055 0.061 0.006 0.022 0.148
38 G 0.15 0.031 0.031 0.03 0.015 0.023 0.033 0.241 0.013 0.044 0.075 0.057 0.017 0.021 0.022 0.072 0.04 0.005 0.015 0.065
39 G 0.088 0.036 0.061 0.036 0.011 0.024 0.034 0.389 0.015 0.021 0.031 0.078 0.01 0.016 0.02 0.052 0.032 0.005 0.012 0.028
40 Y 0.044 0.022 0.017 0.017 0.013 0.016 0.022 0.022 0.023 0.149 0.132 0.025 0.027 0.102 0.014 0.027 0.033 0.014 0.154 0.127
41 L 0.041 0.022 0.016 0.017 0.014 0.014 0.02 0.023 0.012 0.105 0.267 0.024 0.04 0.162 0.013 0.028 0.05 0.009 0.04 0.083
42 D 0.039 0.029 0.087 0.404 0.007 0.028 0.083 0.045 0.019 0.021 0.027 0.043 0.009 0.014 0.021 0.051 0.034 0.004 0.011 0.023
43 P 0.054 0.024 0.022 0.029 0.01 0.02 0.034 0.034 0.012 0.024 0.034 0.039 0.01 0.012 0.522 0.041 0.034 0.002 0.012 0.029
44 L 0.064 0.021 0.015 0.017 0.015 0.015 0.02 0.025 0.011 0.158 0.242 0.025 0.05 0.103 0.014 0.029 0.034 0.008 0.03 0.106
45 H 0.044 0.037 0.04 0.03 0.01 0.031 0.042 0.032 0.277 0.049 0.063 0.039 0.032 0.038 0.017 0.037 0.03 0.008 0.07 0.073
46 F 0.035 0.019 0.015 0.016 0.012 0.011 0.018 0.023 0.014 0.091 0.182 0.02 0.03 0.307 0.011 0.024 0.027 0.013 0.064 0.07
47 Y 0.09 0.026 0.024 0.022 0.012 0.02 0.029 0.035 0.028 0.064 0.075 0.032 0.02 0.131 0.018 0.058 0.054 0.017 0.184 0.059
48 W 0.034 0.021 0.015 0.015 0.01 0.014 0.02 0.025 0.015 0.075 0.152 0.022 0.025 0.116 0.01 0.023 0.026 0.247 0.076 0.058
49 T 0.071 0.03 0.034 0.03 0.017 0.023 0.033 0.037 0.012 0.081 0.079 0.038 0.022 0.026 0.023 0.084 0.198 0.005 0.018 0.14
50 F 0.061 0.021 0.017 0.017 0.012 0.014 0.021 0.028 0.019 0.07 0.099 0.023 0.023 0.285 0.013 0.03 0.03 0.015 0.111 0.091
51 T 0.09 0.03 0.039 0.034 0.016 0.024 0.034 0.158 0.013 0.042 0.053 0.04 0.016 0.021 0.024 0.078 0.21 0.005 0.015 0.057
52 F 0.036 0.021 0.016 0.016 0.011 0.014 0.02 0.023 0.019 0.067 0.154 0.022 0.041 0.29 0.012 0.025 0.027 0.015 0.111 0.059
53 G 0.081 0.025 0.04 0.035 0.012 0.021 0.03 0.428 0.014 0.02 0.03 0.036 0.01 0.016 0.02 0.098 0.039 0.005 0.012 0.027
54 T 0.074 0.031 0.036 0.033 0.017 0.024 0.035 0.041 0.013 0.092 0.077 0.04 0.021 0.026 0.023 0.112 0.174 0.005 0.017 0.11
55 A 0.163 0.045 0.108 0.044 0.015 0.031 0.045 0.06 0.019 0.034 0.047 0.087 0.015 0.019 0.025 0.088 0.085 0.005 0.016 0.049
56 Y 0.038 0.026 0.021 0.018 0.009 0.021 0.026 0.023 0.044 0.041 0.065 0.029 0.018 0.123 0.015 0.029 0.026 0.026 0.356 0.044
57 G 0.16 0.028 0.036 0.034 0.015 0.023 0.034 0.285 0.014 0.027 0.039 0.039 0.013 0.018 0.023 0.108 0.045 0.005 0.014 0.04
58 I 0.053 0.018 0.015 0.017 0.016 0.014 0.019 0.021 0.008 0.249 0.144 0.023 0.033 0.038 0.015 0.027 0.041 0.005 0.019 0.225
59 V 0.061 0.02 0.015 0.017 0.017 0.015 0.021 0.022 0.008 0.192 0.131 0.024 0.031 0.036 0.015 0.029 0.045 0.005 0.019 0.277
60 I 0.103 0.022 0.019 0.021 0.015 0.016 0.024 0.035 0.012 0.152 0.135 0.028 0.028 0.124 0.017 0.054 0.04 0.008 0.034 0.116
61 G 0.098 0.023 0.027 0.025 0.013 0.017 0.025 0.23 0.013 0.048 0.112 0.03 0.02 0.116 0.018 0.047 0.051 0.008 0.03 0.05
62 L 0.043 0.024 0.014 0.015 0.015 0.016 0.02 0.021 0.01 0.108 0.389 0.025 0.062 0.051 0.014 0.024 0.032 0.007 0.021 0.09
63 Y 0.036 0.052 0.02 0.018 0.009 0.02 0.026 0.025 0.034 0.043 0.071 0.033 0.018 0.173 0.013 0.029 0.026 0.061 0.25 0.043
64 L 0.064 0.02 0.015 0.017 0.015 0.014 0.02 0.025 0.01 0.183 0.217 0.024 0.035 0.087 0.014 0.028 0.035 0.027 0.029 0.122
65 L 0.073 0.034 0.102 0.042 0.032 0.043 0.06 0.08 0.018 0.054 0.167 0.042 0.025 0.029 0.019 0.063 0.04 0.005 0.017 0.054
66 G 0.068 0.025 0.064 0.068 0.01 0.021 0.043 0.444 0.015 0.018 0.027 0.036 0.009 0.015 0.018 0.05 0.03 0.005 0.011 0.023
67 L 0.064 0.038 0.026 0.025 0.011 0.051 0.044 0.031 0.061 0.053 0.14 0.059 0.024 0.09 0.017 0.037 0.031 0.013 0.131 0.052
68 I 0.075 0.02 0.018 0.02 0.016 0.016 0.022 0.028 0.009 0.227 0.155 0.027 0.032 0.038 0.016 0.048 0.042 0.006 0.019 0.168
69 S 0.091 0.035 0.045 0.052 0.015 0.03 0.066 0.13 0.017 0.036 0.043 0.047 0.015 0.02 0.025 0.193 0.063 0.005 0.016 0.057
70 T 0.08 0.032 0.088 0.085 0.013 0.025 0.042 0.085 0.017 0.042 0.056 0.041 0.016 0.031 0.022 0.084 0.128 0.045 0.02 0.048
71 Y 0.039 0.027 0.026 0.07 0.009 0.023 0.056 0.026 0.034 0.044 0.089 0.033 0.019 0.126 0.016 0.032 0.028 0.02 0.238 0.045
72 L 0.042 0.029 0.017 0.017 0.014 0.019 0.024 0.022 0.016 0.108 0.31 0.047 0.039 0.059 0.015 0.026 0.032 0.01 0.072 0.085
73 F 0.048 0.022 0.02 0.02 0.033 0.016 0.022 0.027 0.013 0.126 0.139 0.026 0.041 0.177 0.015 0.049 0.055 0.009 0.043 0.099
74 L 0.072 0.024 0.023 0.022 0.014 0.018 0.026 0.071 0.014 0.101 0.183 0.029 0.029 0.073 0.017 0.067 0.04 0.028 0.051 0.097
75 L 0.047 0.023 0.017 0.017 0.015 0.017 0.021 0.023 0.011 0.135 0.275 0.026 0.052 0.063 0.015 0.03 0.054 0.007 0.036 0.118
76 V 0.059 0.022 0.017 0.019 0.017 0.016 0.022 0.025 0.009 0.172 0.186 0.026 0.033 0.038 0.016 0.046 0.044 0.006 0.02 0.21
77 F 0.071 0.022 0.02 0.02 0.014 0.016 0.023 0.07 0.013 0.077 0.154 0.026 0.03 0.191 0.015 0.05 0.035 0.01 0.045 0.098
78 I 0.093 0.026 0.029 0.028 0.015 0.02 0.03 0.098 0.013 0.114 0.109 0.034 0.023 0.059 0.02 0.097 0.066 0.006 0.022 0.097
79 Y 0.05 0.027 0.024 0.022 0.049 0.021 0.028 0.03 0.035 0.041 0.064 0.031 0.018 0.122 0.016 0.066 0.035 0.021 0.257 0.045
80 A 0.187 0.024 0.025 0.026 0.093 0.019 0.029 0.186 0.012 0.05 0.08 0.034 0.017 0.022 0.022 0.059 0.038 0.005 0.014 0.058
81 L 0.049 0.021 0.015 0.016 0.015 0.015 0.02 0.032 0.011 0.134 0.21 0.024 0.047 0.115 0.014 0.027 0.036 0.008 0.032 0.158
82 L 0.097 0.025 0.022 0.022 0.016 0.018 0.026 0.035 0.011 0.118 0.192 0.03 0.031 0.066 0.018 0.059 0.069 0.007 0.024 0.114
83 L 0.039 0.021 0.015 0.016 0.013 0.015 0.02 0.023 0.013 0.102 0.229 0.023 0.061 0.206 0.012 0.025 0.03 0.011 0.048 0.08
84 L 0.042 0.022 0.015 0.016 0.014 0.015 0.02 0.021 0.015 0.149 0.251 0.024 0.036 0.06 0.013 0.024 0.032 0.049 0.075 0.108
85 L 0.052 0.021 0.016 0.017 0.053 0.015 0.02 0.062 0.01 0.12 0.224 0.024 0.037 0.076 0.014 0.029 0.035 0.007 0.025 0.144
86 S 0.095 0.03 0.036 0.033 0.036 0.024 0.037 0.047 0.014 0.07 0.071 0.039 0.02 0.047 0.023 0.163 0.062 0.006 0.021 0.125
87 F 0.036 0.021 0.016 0.016 0.011 0.014 0.02 0.023 0.02 0.085 0.166 0.022 0.028 0.245 0.012 0.025 0.027 0.016 0.128 0.067
88 R 0.053 0.159 0.032 0.029 0.01 0.048 0.042 0.054 0.02 0.056 0.062 0.066 0.018 0.062 0.018 0.072 0.044 0.047 0.052 0.056
89 L 0.068 0.078 0.022 0.021 0.051 0.021 0.028 0.031 0.016 0.1 0.124 0.04 0.028 0.093 0.016 0.051 0.036 0.048 0.056 0.073
90 F 0.066 0.025 0.029 0.027 0.014 0.019 0.029 0.124 0.014 0.062 0.1 0.031 0.021 0.147 0.018 0.098 0.044 0.009 0.037 0.086
91 L 0.08 0.032 0.036 0.034 0.017 0.025 0.037 0.046 0.015 0.09 0.159 0.04 0.028 0.033 0.023 0.147 0.06 0.006 0.019 0.075
92 R 0.064 0.166 0.034 0.028 0.011 0.033 0.041 0.045 0.053 0.039 0.055 0.066 0.017 0.052 0.019 0.074 0.039 0.011 0.099 0.057
93 G 0.076 0.08 0.055 0.032 0.012 0.029 0.038 0.116 0.025 0.061 0.092 0.088 0.033 0.045 0.019 0.061 0.038 0.007 0.039 0.053
94 R 0.079 0.108 0.037 0.033 0.011 0.049 0.047 0.08 0.061 0.036 0.082 0.083 0.019 0.053 0.021 0.086 0.041 0.006 0.026 0.041
95 G 0.06 0.055 0.057 0.035 0.011 0.03 0.04 0.182 0.016 0.043 0.084 0.123 0.017 0.021 0.059 0.054 0.037 0.005 0.015 0.057
96 V 0.065 0.058 0.031 0.029 0.013 0.05 0.039 0.075 0.018 0.096 0.079 0.045 0.021 0.063 0.019 0.092 0.046 0.008 0.049 0.104
97 W 0.063 0.058 0.104 0.04 0.01 0.029 0.038 0.073 0.019 0.028 0.044 0.045 0.013 0.055 0.095 0.078 0.041 0.105 0.03 0.033
98 L 0.046 0.021 0.017 0.018 0.014 0.015 0.021 0.025 0.012 0.132 0.226 0.024 0.038 0.145 0.014 0.043 0.035 0.009 0.037 0.108
99 L 0.051 0.08 0.049 0.026 0.013 0.023 0.03 0.03 0.029 0.1 0.16 0.042 0.028 0.072 0.016 0.051 0.039 0.007 0.033 0.122
100 K 0.051 0.11 0.057 0.034 0.01 0.036 0.047 0.037 0.021 0.042 0.104 0.15 0.02 0.061 0.02 0.063 0.038 0.008 0.048 0.043
101 A 0.137 0.062 0.055 0.061 0.014 0.027 0.042 0.047 0.047 0.049 0.1 0.065 0.02 0.033 0.021 0.053 0.038 0.017 0.047 0.065
102 V 0.079 0.025 0.022 0.023 0.015 0.019 0.028 0.033 0.016 0.09 0.107 0.032 0.023 0.058 0.096 0.057 0.06 0.009 0.072 0.135
103 V 0.052 0.037 0.073 0.031 0.051 0.032 0.034 0.043 0.015 0.105 0.088 0.075 0.022 0.087 0.017 0.043 0.039 0.007 0.027 0.121
104 K 0.057 0.107 0.042 0.042 0.009 0.054 0.071 0.043 0.021 0.028 0.043 0.278 0.016 0.016 0.028 0.054 0.04 0.005 0.017 0.033
105 V 0.083 0.061 0.054 0.031 0.052 0.026 0.036 0.041 0.015 0.062 0.093 0.063 0.027 0.028 0.02 0.084 0.065 0.045 0.021 0.094
106 L 0.083 0.022 0.016 0.017 0.014 0.015 0.022 0.03 0.015 0.095 0.223 0.025 0.032 0.158 0.015 0.033 0.032 0.011 0.064 0.078
107 L 0.046 0.022 0.016 0.017 0.016 0.016 0.02 0.022 0.009 0.155 0.304 0.025 0.041 0.046 0.015 0.029 0.054 0.006 0.02 0.123
108 V 0.085 0.024 0.024 0.024 0.016 0.018 0.027 0.072 0.011 0.136 0.101 0.031 0.025 0.045 0.019 0.061 0.082 0.006 0.02 0.173
109 P 0.053 0.036 0.026 0.037 0.009 0.028 0.073 0.035 0.014 0.024 0.035 0.075 0.011 0.013 0.407 0.044 0.035 0.003 0.013 0.029
110 R 0.08 0.122 0.072 0.038 0.01 0.036 0.048 0.054 0.03 0.028 0.043 0.121 0.014 0.029 0.061 0.075 0.041 0.007 0.056 0.035
111 G 0.063 0.058 0.115 0.043 0.011 0.024 0.034 0.293 0.018 0.044 0.041 0.044 0.012 0.018 0.019 0.068 0.038 0.005 0.013 0.038
112 R 0.055 0.111 0.091 0.076 0.011 0.036 0.062 0.043 0.02 0.055 0.078 0.108 0.018 0.022 0.021 0.082 0.044 0.005 0.016 0.047
113 G 0.071 0.023 0.038 0.032 0.01 0.019 0.026 0.499 0.042 0.018 0.027 0.033 0.009 0.016 0.018 0.048 0.028 0.005 0.014 0.023
114 R 0.049 0.166 0.057 0.032 0.01 0.033 0.041 0.034 0.065 0.057 0.058 0.066 0.017 0.033 0.057 0.057 0.037 0.008 0.06 0.063
115 F 0.072 0.053 0.027 0.024 0.013 0.021 0.03 0.062 0.046 0.075 0.103 0.037 0.022 0.122 0.017 0.057 0.055 0.01 0.073 0.078
116 E 0.073 0.035 0.028 0.054 0.011 0.04 0.192 0.032 0.018 0.075 0.094 0.05 0.021 0.055 0.021 0.044 0.037 0.006 0.022 0.092
117 F 0.033 0.019 0.017 0.016 0.01 0.012 0.019 0.024 0.02 0.057 0.101 0.02 0.023 0.376 0.011 0.025 0.024 0.018 0.126 0.051
118 K 0.089 0.083 0.029 0.028 0.01 0.034 0.045 0.039 0.027 0.033 0.052 0.149 0.016 0.054 0.021 0.046 0.034 0.042 0.13 0.04
119 L 0.072 0.022 0.018 0.019 0.015 0.017 0.023 0.029 0.011 0.146 0.178 0.027 0.045 0.105 0.016 0.048 0.039 0.008 0.031 0.131
120 L 0.106 0.026 0.025 0.025 0.017 0.021 0.03 0.039 0.012 0.13 0.15 0.033 0.042 0.034 0.02 0.09 0.049 0.006 0.019 0.129
121 L 0.043 0.021 0.014 0.015 0.015 0.014 0.019 0.021 0.01 0.136 0.303 0.023 0.04 0.106 0.013 0.024 0.032 0.008 0.03 0.113
122 L 0.089 0.021 0.018 0.019 0.053 0.016 0.022 0.07 0.012 0.121 0.154 0.026 0.041 0.124 0.016 0.036 0.034 0.008 0.033 0.087
123 L 0.078 0.023 0.018 0.019 0.016 0.017 0.023 0.029 0.01 0.152 0.229 0.027 0.035 0.055 0.016 0.048 0.04 0.006 0.022 0.136
124 Y 0.039 0.026 0.02 0.017 0.01 0.021 0.026 0.023 0.039 0.05 0.101 0.029 0.035 0.112 0.015 0.029 0.028 0.023 0.305 0.051
125 L 0.077 0.023 0.021 0.021 0.092 0.017 0.024 0.032 0.011 0.12 0.173 0.028 0.029 0.064 0.017 0.059 0.059 0.006 0.023 0.105
126 L 0.102 0.023 0.018 0.019 0.054 0.017 0.023 0.043 0.011 0.115 0.244 0.028 0.034 0.054 0.017 0.045 0.037 0.006 0.021 0.09
127 L 0.043 0.021 0.014 0.015 0.053 0.014 0.019 0.021 0.01 0.116 0.341 0.023 0.042 0.077 0.013 0.024 0.032 0.007 0.025 0.091
128 A 0.189 0.03 0.028 0.028 0.017 0.024 0.036 0.055 0.019 0.048 0.108 0.039 0.021 0.041 0.024 0.106 0.048 0.009 0.069 0.06
129 L 0.082 0.024 0.019 0.02 0.017 0.018 0.024 0.03 0.01 0.129 0.234 0.028 0.035 0.039 0.017 0.052 0.051 0.006 0.02 0.147
130 F 0.042 0.02 0.016 0.016 0.012 0.013 0.02 0.023 0.017 0.108 0.133 0.022 0.027 0.229 0.013 0.026 0.031 0.014 0.101 0.117
131 L 0.049 0.021 0.016 0.017 0.016 0.015 0.02 0.022 0.009 0.205 0.223 0.025 0.036 0.042 0.015 0.029 0.056 0.006 0.02 0.158
132 I 0.047 0.018 0.014 0.017 0.015 0.013 0.018 0.021 0.009 0.249 0.169 0.023 0.037 0.071 0.014 0.025 0.037 0.006 0.025 0.173
133 S 0.102 0.029 0.03 0.029 0.015 0.022 0.034 0.044 0.019 0.085 0.099 0.037 0.022 0.073 0.021 0.118 0.059 0.019 0.076 0.069
134 K 0.06 0.059 0.1 0.045 0.011 0.052 0.053 0.047 0.021 0.031 0.049 0.136 0.016 0.079 0.022 0.103 0.047 0.007 0.027 0.035
135 I 0.055 0.021 0.019 0.02 0.016 0.016 0.021 0.024 0.009 0.224 0.133 0.026 0.031 0.036 0.016 0.036 0.079 0.005 0.019 0.196
136 G 0.074 0.022 0.037 0.032 0.01 0.018 0.024 0.538 0.013 0.018 0.027 0.032 0.009 0.015 0.018 0.048 0.028 0.005 0.01 0.023
137 F 0.047 0.02 0.016 0.016 0.012 0.012 0.019 0.025 0.014 0.074 0.176 0.02 0.029 0.306 0.012 0.026 0.027 0.013 0.064 0.071
138 G 0.076 0.024 0.038 0.033 0.011 0.019 0.027 0.463 0.013 0.021 0.03 0.034 0.01 0.016 0.019 0.068 0.052 0.005 0.011 0.028
139 I 0.056 0.021 0.02 0.02 0.015 0.016 0.023 0.027 0.011 0.18 0.145 0.026 0.03 0.096 0.016 0.058 0.043 0.007 0.029 0.162
140 F 0.051 0.024 0.032 0.025 0.012 0.017 0.027 0.034 0.016 0.055 0.112 0.028 0.023 0.27 0.015 0.08 0.057 0.012 0.058 0.053
141 A 0.278 0.031 0.03 0.032 0.019 0.026 0.041 0.071 0.015 0.038 0.052 0.044 0.016 0.02 0.028 0.123 0.054 0.005 0.017 0.059
142 E 0.052 0.047 0.038 0.085 0.007 0.061 0.336 0.033 0.024 0.021 0.035 0.071 0.012 0.016 0.024 0.052 0.035 0.005 0.016 0.03
143 T 0.067 0.034 0.064 0.042 0.015 0.029 0.06 0.042 0.015 0.053 0.06 0.045 0.018 0.022 0.025 0.089 0.22 0.005 0.017 0.078
144 N 0.04 0.042 0.356 0.078 0.008 0.032 0.047 0.062 0.03 0.021 0.03 0.051 0.011 0.017 0.019 0.066 0.047 0.004 0.015 0.025
145 R 0.042 0.382 0.037 0.029 0.007 0.046 0.049 0.031 0.022 0.022 0.044 0.113 0.015 0.016 0.018 0.042 0.033 0.005 0.016 0.029
146 F 0.032 0.018 0.016 0.016 0.01 0.01 0.018 0.024 0.016 0.06 0.108 0.018 0.024 0.422 0.01 0.024 0.024 0.016 0.084 0.052
147 E 0.048 0.043 0.047 0.189 0.007 0.066 0.241 0.037 0.023 0.021 0.033 0.063 0.012 0.015 0.023 0.051 0.035 0.005 0.014 0.028
148 Q 0.095 0.055 0.085 0.045 0.011 0.169 0.074 0.047 0.024 0.037 0.05 0.069 0.018 0.017 0.022 0.057 0.042 0.005 0.018 0.058
149 N 0.112 0.039 0.256 0.064 0.012 0.03 0.045 0.064 0.025 0.026 0.037 0.049 0.012 0.018 0.022 0.084 0.049 0.004 0.015 0.036
150 R 0.068 0.268 0.036 0.032 0.009 0.045 0.054 0.037 0.021 0.025 0.044 0.171 0.015 0.016 0.021 0.048 0.035 0.005 0.016 0.033
151 G 0.074 0.022 0.037 0.032 0.01 0.018 0.024 0.538 0.013 0.018 0.027 0.032 0.009 0.015 0.018 0.048 0.028 0.005 0.01 0.023
152 F 0.037 0.02 0.016 0.016 0.011 0.014 0.02 0.023 0.019 0.103 0.133 0.022 0.04 0.26 0.012 0.026 0.028 0.015 0.106 0.078
153 G 0.074 0.022 0.037 0.032 0.01 0.018 0.024 0.538 0.013 0.018 0.027 0.032 0.009 0.015 0.018 0.048 0.028 0.005 0.01 0.023
154 A 0.192 0.028 0.028 0.029 0.017 0.023 0.036 0.094 0.013 0.05 0.069 0.039 0.017 0.021 0.101 0.092 0.048 0.005 0.016 0.082
155 F 0.058 0.021 0.017 0.017 0.011 0.014 0.021 0.027 0.02 0.062 0.142 0.023 0.026 0.276 0.013 0.029 0.027 0.016 0.121 0.057
156 V 0.059 0.019 0.015 0.017 0.017 0.015 0.02 0.022 0.008 0.204 0.134 0.024 0.031 0.036 0.015 0.029 0.044 0.005 0.019 0.266
157 R 0.042 0.382 0.037 0.029 0.007 0.046 0.049 0.031 0.022 0.022 0.044 0.113 0.015 0.016 0.018 0.042 0.033 0.005 0.016 0.029
158 V 0.057 0.019 0.015 0.017 0.017 0.014 0.02 0.022 0.008 0.219 0.137 0.024 0.032 0.037 0.015 0.028 0.043 0.005 0.019 0.252
159 L 0.171 0.027 0.022 0.024 0.018 0.021 0.031 0.047 0.012 0.075 0.18 0.035 0.042 0.033 0.021 0.063 0.061 0.006 0.019 0.093
160 D 0.039 0.028 0.065 0.432 0.007 0.028 0.086 0.044 0.018 0.021 0.026 0.042 0.009 0.014 0.021 0.049 0.033 0.003 0.011 0.023
161 G 0.161 0.025 0.027 0.027 0.015 0.02 0.029 0.211 0.013 0.05 0.083 0.034 0.018 0.053 0.021 0.058 0.056 0.006 0.02 0.071
162 L 0.043 0.021 0.015 0.015 0.014 0.013 0.019 0.022 0.011 0.117 0.254 0.022 0.036 0.162 0.013 0.025 0.032 0.009 0.04 0.118
163 R 0.061 0.247 0.04 0.034 0.01 0.038 0.045 0.116 0.02 0.023 0.04 0.086 0.014 0.017 0.02 0.094 0.042 0.005 0.015 0.031
164 P 0.051 0.024 0.019 0.022 0.013 0.018 0.027 0.028 0.011 0.09 0.18 0.032 0.041 0.032 0.21 0.037 0.054 0.005 0.017 0.088
165 F 0.033 0.019 0.016 0.016 0.01 0.011 0.019 0.024 0.018 0.059 0.11 0.019 0.024 0.392 0.01 0.024 0.024 0.017 0.104 0.052
166 I 0.052 0.019 0.014 0.016 0.016 0.014 0.019 0.021 0.008 0.231 0.18 0.023 0.035 0.04 0.014 0.026 0.04 0.006 0.02 0.206
167 I 0.05 0.019 0.014 0.016 0.016 0.014 0.019 0.021 0.009 0.219 0.189 0.023 0.035 0.056 0.014 0.026 0.039 0.006 0.022 0.193
168 A 0.231 0.029 0.03 0.031 0.018 0.024 0.037 0.139 0.014 0.044 0.054 0.041 0.016 0.021 0.025 0.103 0.049 0.005 0.016 0.073
169 Y 0.046 0.026 0.021 0.018 0.019 0.021 0.027 0.025 0.042 0.041 0.064 0.03 0.018 0.117 0.015 0.035 0.028 0.025 0.337 0.045
170 L 0.084 0.027 0.026 0.026 0.016 0.021 0.03 0.037 0.013 0.106 0.227 0.034 0.039 0.038 0.019 0.102 0.048 0.006 0.019 0.083
171 A 0.182 0.031 0.033 0.032 0.018 0.025 0.038 0.057 0.014 0.044 0.059 0.042 0.018 0.052 0.026 0.107 0.134 0.006 0.022 0.061
172 L 0.068 0.021 0.015 0.017 0.016 0.015 0.02 0.024 0.009 0.188 0.248 0.025 0.038 0.043 0.015 0.029 0.037 0.006 0.02 0.148
173 L 0.076 0.029 0.028 0.025 0.014 0.023 0.031 0.035 0.047 0.079 0.119 0.034 0.041 0.048 0.019 0.069 0.078 0.049 0.077 0.08
174 I 0.052 0.019 0.017 0.018 0.092 0.014 0.019 0.024 0.009 0.193 0.135 0.024 0.029 0.065 0.015 0.032 0.057 0.006 0.023 0.158
175 V 0.103 0.026 0.025 0.023 0.053 0.02 0.029 0.075 0.045 0.079 0.078 0.031 0.021 0.049 0.019 0.059 0.041 0.009 0.073 0.142
176 E 0.069 0.1 0.082 0.053 0.009 0.042 0.134 0.04 0.021 0.043 0.052 0.103 0.015 0.049 0.021 0.05 0.037 0.006 0.021 0.05
177 R 0.073 0.172 0.037 0.032 0.01 0.07 0.051 0.058 0.053 0.027 0.046 0.075 0.016 0.034 0.02 0.07 0.038 0.009 0.072 0.035
178 W 0.044 0.069 0.05 0.028 0.01 0.027 0.037 0.033 0.019 0.057 0.064 0.101 0.018 0.07 0.016 0.038 0.042 0.146 0.061 0.071
179 R 0.047 0.221 0.038 0.062 0.008 0.057 0.055 0.073 0.02 0.029 0.069 0.132 0.017 0.018 0.02 0.044 0.034 0.005 0.016 0.034
180 R 0.085 0.114 0.05 0.068 0.012 0.037 0.067 0.081 0.018 0.038 0.085 0.061 0.018 0.022 0.022 0.086 0.071 0.005 0.016 0.045
181 L 0.056 0.088 0.043 0.03 0.011 0.028 0.036 0.102 0.03 0.052 0.106 0.068 0.02 0.048 0.019 0.072 0.038 0.01 0.096 0.048
182 G 0.062 0.127 0.07 0.04 0.01 0.036 0.047 0.19 0.019 0.023 0.037 0.131 0.013 0.016 0.022 0.07 0.039 0.005 0.015 0.029
183 R 0.045 0.236 0.064 0.033 0.009 0.039 0.046 0.034 0.02 0.062 0.076 0.115 0.019 0.022 0.019 0.043 0.036 0.005 0.017 0.06
184 L 0.042 0.026 0.018 0.017 0.013 0.019 0.024 0.023 0.028 0.08 0.222 0.028 0.034 0.093 0.015 0.028 0.031 0.018 0.17 0.071
185 G 0.053 0.092 0.128 0.043 0.011 0.029 0.038 0.131 0.019 0.079 0.061 0.072 0.017 0.022 0.019 0.056 0.04 0.005 0.016 0.072
186 L 0.045 0.021 0.014 0.015 0.015 0.014 0.019 0.021 0.011 0.157 0.277 0.023 0.039 0.08 0.014 0.024 0.034 0.008 0.039 0.13
187 K 0.079 0.071 0.032 0.031 0.011 0.033 0.044 0.121 0.018 0.05 0.075 0.153 0.018 0.029 0.022 0.048 0.046 0.007 0.044 0.065
188 T 0.057 0.039 0.061 0.037 0.013 0.06 0.046 0.04 0.023 0.042 0.058 0.048 0.018 0.042 0.022 0.067 0.149 0.051 0.074 0.053
189 L 0.063 0.023 0.019 0.019 0.012 0.016 0.023 0.07 0.018 0.091 0.124 0.026 0.025 0.117 0.014 0.032 0.03 0.115 0.092 0.071
190 L 0.114 0.026 0.023 0.023 0.086 0.019 0.028 0.059 0.012 0.072 0.191 0.032 0.029 0.047 0.02 0.071 0.043 0.006 0.02 0.078
191 L 0.044 0.073 0.018 0.018 0.015 0.022 0.025 0.023 0.012 0.104 0.306 0.039 0.062 0.047 0.015 0.028 0.034 0.007 0.021 0.087
192 F 0.034 0.019 0.017 0.017 0.011 0.011 0.019 0.025 0.017 0.064 0.115 0.019 0.025 0.385 0.011 0.025 0.025 0.017 0.089 0.055
193 Q 0.056 0.074 0.044 0.047 0.009 0.212 0.103 0.041 0.03 0.027 0.047 0.092 0.021 0.015 0.024 0.056 0.041 0.006 0.021 0.035
194 L 0.05 0.023 0.043 0.022 0.013 0.017 0.023 0.046 0.018 0.128 0.145 0.027 0.041 0.125 0.014 0.031 0.034 0.011 0.083 0.106
195 F 0.118 0.024 0.023 0.024 0.015 0.018 0.028 0.069 0.014 0.085 0.117 0.03 0.024 0.15 0.018 0.071 0.04 0.009 0.038 0.086
196 L 0.054 0.022 0.021 0.021 0.014 0.016 0.023 0.086 0.012 0.124 0.195 0.027 0.031 0.104 0.015 0.055 0.038 0.008 0.03 0.106
197 L 0.042 0.023 0.015 0.015 0.014 0.016 0.02 0.021 0.015 0.114 0.338 0.025 0.041 0.062 0.014 0.024 0.031 0.01 0.073 0.089
198 L 0.079 0.023 0.019 0.02 0.015 0.017 0.023 0.069 0.012 0.114 0.214 0.027 0.039 0.098 0.016 0.037 0.053 0.008 0.029 0.091
199 L 0.06 0.025 0.024 0.023 0.015 0.018 0.026 0.08 0.012 0.082 0.199 0.029 0.03 0.103 0.017 0.078 0.042 0.008 0.03 0.1
200 F 0.041 0.02 0.019 0.048 0.013 0.014 0.024 0.024 0.013 0.102 0.178 0.023 0.03 0.216 0.013 0.027 0.031 0.01 0.049 0.107
201 I 0.089 0.019 0.015 0.018 0.054 0.015 0.02 0.029 0.009 0.218 0.174 0.025 0.032 0.038 0.016 0.033 0.038 0.006 0.019 0.131
202 I 0.051 0.019 0.017 0.018 0.015 0.013 0.019 0.061 0.01 0.185 0.137 0.023 0.03 0.111 0.014 0.028 0.037 0.007 0.031 0.175
203 F 0.044 0.021 0.016 0.017 0.013 0.015 0.021 0.023 0.019 0.126 0.139 0.023 0.028 0.162 0.013 0.027 0.033 0.013 0.115 0.133
204 S 0.149 0.034 0.042 0.039 0.017 0.028 0.043 0.08 0.017 0.033 0.048 0.046 0.016 0.051 0.026 0.195 0.064 0.006 0.021 0.046
205 A 0.188 0.034 0.04 0.038 0.018 0.028 0.044 0.065 0.016 0.035 0.048 0.047 0.016 0.02 0.028 0.18 0.082 0.005 0.017 0.051
206 L 0.076 0.023 0.016 0.018 0.015 0.017 0.022 0.028 0.012 0.145 0.203 0.027 0.074 0.101 0.015 0.032 0.035 0.008 0.03 0.101
207 L 0.059 0.025 0.02 0.02 0.016 0.018 0.025 0.028 0.01 0.111 0.265 0.028 0.037 0.041 0.016 0.063 0.043 0.006 0.02 0.15
208 N 0.045 0.042 0.332 0.076 0.009 0.032 0.047 0.062 0.029 0.022 0.03 0.051 0.011 0.017 0.02 0.081 0.049 0.004 0.015 0.027
209 G 0.074 0.022 0.037 0.032 0.01 0.018 0.024 0.538 0.013 0.018 0.027 0.032 0.009 0.015 0.018 0.048 0.028 0.005 0.01 0.023
210 A 0.322 0.03 0.025 0.029 0.02 0.024 0.039 0.073 0.014 0.04 0.055 0.042 0.016 0.02 0.028 0.087 0.048 0.005 0.017 0.064
211 K 0.054 0.101 0.039 0.039 0.008 0.05 0.067 0.041 0.02 0.026 0.041 0.319 0.015 0.015 0.026 0.05 0.037 0.005 0.016 0.031
212 F 0.081 0.019 0.017 0.018 0.013 0.013 0.021 0.031 0.014 0.115 0.111 0.023 0.025 0.272 0.014 0.033 0.031 0.012 0.059 0.08
213 A 0.261 0.032 0.032 0.034 0.019 0.026 0.042 0.07 0.015 0.037 0.051 0.045 0.016 0.02 0.028 0.137 0.056 0.005 0.017 0.057
214 L 0.049 0.021 0.015 0.016 0.016 0.015 0.02 0.022 0.01 0.163 0.212 0.024 0.049 0.086 0.014 0.027 0.037 0.007 0.028 0.171
215 L 0.044 0.021 0.014 0.015 0.016 0.015 0.019 0.02 0.009 0.159 0.33 0.024 0.043 0.048 0.014 0.024 0.034 0.006 0.021 0.125
216 E 0.045 0.036 0.029 0.058 0.009 0.042 0.214 0.029 0.021 0.04 0.086 0.051 0.018 0.143 0.019 0.041 0.031 0.009 0.037 0.041
217 A 0.163 0.031 0.036 0.035 0.017 0.025 0.039 0.096 0.015 0.069 0.061 0.042 0.018 0.023 0.025 0.154 0.058 0.005 0.016 0.071
218 L 0.044 0.02 0.014 0.016 0.015 0.014 0.018 0.021 0.01 0.173 0.248 0.023 0.037 0.103 0.013 0.024 0.034 0.008 0.03 0.135
219 Y 0.044 0.024 0.019 0.017 0.05 0.019 0.024 0.024 0.031 0.08 0.112 0.028 0.037 0.091 0.015 0.03 0.031 0.018 0.227 0.082
220 A 0.213 0.031 0.032 0.032 0.018 0.025 0.038 0.099 0.014 0.041 0.054 0.042 0.016 0.021 0.027 0.094 0.122 0.005 0.016 0.06
221 V 0.069 0.023 0.023 0.023 0.055 0.018 0.027 0.032 0.01 0.153 0.107 0.03 0.026 0.031 0.018 0.084 0.051 0.005 0.018 0.195
222 L 0.048 0.023 0.021 0.02 0.013 0.016 0.023 0.028 0.015 0.114 0.179 0.026 0.03 0.171 0.015 0.061 0.037 0.011 0.066 0.081
223 L 0.057 0.022 0.018 0.018 0.015 0.016 0.022 0.026 0.012 0.11 0.185 0.025 0.045 0.157 0.014 0.033 0.053 0.009 0.04 0.124
224 A 0.191 0.027 0.028 0.028 0.094 0.022 0.033 0.093 0.013 0.049 0.059 0.037 0.017 0.021 0.024 0.083 0.083 0.005 0.016 0.077
225 L 0.041 0.02 0.014 0.015 0.014 0.014 0.018 0.021 0.01 0.156 0.296 0.023 0.04 0.106 0.013 0.023 0.032 0.008 0.03 0.105
226 I 0.047 0.018 0.015 0.018 0.016 0.013 0.018 0.02 0.009 0.276 0.167 0.023 0.037 0.044 0.015 0.025 0.04 0.006 0.02 0.175
227 L 0.121 0.056 0.03 0.029 0.015 0.024 0.035 0.056 0.015 0.054 0.139 0.042 0.024 0.089 0.021 0.111 0.048 0.007 0.028 0.058
228 I 0.068 0.021 0.016 0.018 0.053 0.016 0.021 0.026 0.015 0.165 0.144 0.026 0.042 0.081 0.015 0.031 0.036 0.01 0.076 0.122
229 L 0.096 0.057 0.028 0.026 0.014 0.037 0.036 0.037 0.046 0.082 0.102 0.042 0.023 0.067 0.019 0.062 0.059 0.008 0.058 0.1
230 G 0.085 0.03 0.06 0.035 0.012 0.04 0.036 0.273 0.045 0.035 0.046 0.039 0.014 0.05 0.019 0.065 0.036 0.006 0.022 0.053
231 F 0.054 0.053 0.028 0.026 0.012 0.022 0.031 0.052 0.048 0.099 0.08 0.039 0.021 0.102 0.056 0.076 0.039 0.01 0.082 0.068
232 R 0.049 0.198 0.061 0.037 0.009 0.044 0.055 0.037 0.02 0.034 0.047 0.197 0.015 0.017 0.022 0.047 0.037 0.005 0.016 0.051
233 L 0.072 0.022 0.017 0.019 0.015 0.016 0.024 0.028 0.01 0.099 0.202 0.027 0.031 0.08 0.093 0.033 0.037 0.007 0.026 0.142
234 K 0.049 0.22 0.038 0.035 0.008 0.048 0.059 0.037 0.021 0.024 0.042 0.232 0.015 0.015 0.023 0.047 0.036 0.005 0.016 0.03
235 L 0.046 0.019 0.014 0.016 0.015 0.013 0.018 0.021 0.01 0.196 0.202 0.022 0.035 0.101 0.013 0.025 0.036 0.007 0.03 0.159
236 G 0.072 0.119 0.073 0.041 0.012 0.033 0.045 0.134 0.019 0.026 0.039 0.082 0.014 0.018 0.023 0.126 0.069 0.005 0.015 0.034
237 L 0.072 0.023 0.019 0.02 0.014 0.017 0.025 0.031 0.012 0.105 0.147 0.028 0.041 0.138 0.054 0.05 0.038 0.008 0.036 0.119
238 L 0.078 0.031 0.027 0.026 0.014 0.021 0.03 0.084 0.012 0.113 0.119 0.054 0.024 0.039 0.019 0.063 0.087 0.045 0.022 0.09
239 K 0.053 0.098 0.036 0.034 0.01 0.058 0.057 0.036 0.036 0.039 0.052 0.197 0.017 0.03 0.023 0.049 0.056 0.008 0.058 0.056
240 L 0.044 0.024 0.014 0.015 0.016 0.016 0.02 0.021 0.01 0.115 0.38 0.025 0.049 0.054 0.014 0.024 0.033 0.007 0.022 0.095
241 I 0.047 0.018 0.015 0.018 0.016 0.013 0.018 0.02 0.009 0.276 0.167 0.023 0.037 0.044 0.015 0.025 0.04 0.006 0.02 0.175
242 K 0.057 0.106 0.041 0.041 0.009 0.053 0.07 0.043 0.021 0.027 0.043 0.283 0.015 0.015 0.027 0.053 0.039 0.005 0.017 0.033
243 L 0.138 0.029 0.021 0.023 0.016 0.02 0.029 0.079 0.012 0.111 0.149 0.052 0.027 0.046 0.019 0.046 0.039 0.006 0.02 0.117
244 L 0.105 0.023 0.022 0.022 0.015 0.018 0.025 0.094 0.012 0.105 0.142 0.029 0.033 0.099 0.018 0.048 0.056 0.007 0.029 0.097
245 L 0.07 0.029 0.023 0.023 0.014 0.02 0.028 0.089 0.012 0.09 0.156 0.051 0.027 0.061 0.056 0.053 0.04 0.006 0.023 0.13
246 L 0.095 0.022 0.018 0.019 0.016 0.017 0.023 0.069 0.012 0.148 0.171 0.027 0.03 0.043 0.017 0.036 0.038 0.007 0.045 0.148
247 F 0.074 0.023 0.023 0.022 0.014 0.017 0.025 0.072 0.013 0.103 0.127 0.028 0.039 0.16 0.016 0.064 0.039 0.009 0.04 0.092
248 L 0.13 0.027 0.026 0.026 0.017 0.021 0.031 0.043 0.012 0.095 0.155 0.035 0.027 0.031 0.021 0.081 0.084 0.006 0.018 0.113
249 V 0.136 0.024 0.021 0.022 0.018 0.019 0.028 0.049 0.011 0.127 0.123 0.031 0.027 0.031 0.02 0.061 0.047 0.005 0.018 0.184
250 G 0.15 0.024 0.025 0.025 0.016 0.019 0.028 0.197 0.011 0.078 0.073 0.032 0.019 0.024 0.02 0.052 0.041 0.005 0.016 0.146
251 L 0.05 0.023 0.018 0.018 0.015 0.016 0.021 0.062 0.01 0.109 0.277 0.026 0.037 0.072 0.015 0.031 0.053 0.007 0.024 0.117
252 A 0.138 0.024 0.021 0.022 0.016 0.018 0.027 0.041 0.012 0.115 0.121 0.03 0.026 0.106 0.019 0.061 0.042 0.007 0.031 0.123
253 F 0.033 0.018 0.016 0.016 0.01 0.01 0.018 0.024 0.015 0.079 0.112 0.018 0.025 0.392 0.01 0.024 0.025 0.015 0.079 0.061
254 A 0.256 0.03 0.03 0.031 0.019 0.025 0.039 0.067 0.014 0.059 0.06 0.043 0.018 0.022 0.027 0.118 0.053 0.005 0.017 0.067
255 L 0.052 0.023 0.017 0.017 0.016 0.017 0.021 0.062 0.01 0.12 0.259 0.026 0.064 0.043 0.015 0.029 0.037 0.006 0.02 0.147
256 L 0.046 0.023 0.018 0.018 0.014 0.016 0.022 0.025 0.014 0.103 0.24 0.025 0.034 0.11 0.014 0.043 0.034 0.049 0.059 0.095
257 A 0.185 0.024 0.022 0.024 0.018 0.019 0.029 0.105 0.011 0.114 0.087 0.033 0.022 0.027 0.021 0.054 0.043 0.005 0.017 0.139
258 L 0.054 0.024 0.015 0.016 0.015 0.016 0.021 0.023 0.012 0.099 0.357 0.026 0.042 0.055 0.015 0.028 0.042 0.008 0.046 0.085
259 S 0.094 0.036 0.09 0.044 0.014 0.029 0.043 0.073 0.049 0.033 0.049 0.046 0.022 0.029 0.024 0.147 0.083 0.007 0.045 0.043
260 I 0.065 0.065 0.021 0.022 0.013 0.022 0.029 0.028 0.015 0.167 0.12 0.073 0.027 0.084 0.017 0.034 0.035 0.008 0.052 0.102
261 N 0.067 0.041 0.307 0.072 0.01 0.031 0.046 0.063 0.028 0.023 0.032 0.05 0.011 0.017 0.02 0.082 0.049 0.004 0.015 0.03
262 L 0.042 0.022 0.013 0.015 0.015 0.015 0.019 0.02 0.009 0.14 0.372 0.024 0.045 0.05 0.013 0.023 0.032 0.007 0.021 0.102
263 E 0.049 0.113 0.039 0.082 0.008 0.057 0.156 0.035 0.021 0.03 0.067 0.149 0.016 0.018 0.023 0.048 0.035 0.005 0.016 0.034
264 N 0.071 0.076 0.17 0.053 0.01 0.055 0.051 0.079 0.023 0.031 0.065 0.096 0.016 0.019 0.021 0.065 0.042 0.005 0.016 0.036
265 N 0.101 0.044 0.21 0.06 0.012 0.032 0.048 0.062 0.024 0.026 0.037 0.07 0.013 0.018 0.023 0.113 0.053 0.005 0.016 0.035
266 G 0.056 0.033 0.208 0.057 0.009 0.025 0.036 0.281 0.022 0.02 0.028 0.042 0.01 0.016 0.018 0.058 0.038 0.005 0.013 0.024
267 V 0.055 0.021 0.017 0.02 0.016 0.017 0.033 0.043 0.01 0.165 0.15 0.026 0.044 0.066 0.015 0.03 0.04 0.006 0.024 0.201
268 D 0.054 0.035 0.075 0.233 0.009 0.036 0.13 0.044 0.019 0.032 0.038 0.05 0.012 0.017 0.022 0.083 0.042 0.004 0.014 0.049
269 A 0.124 0.038 0.034 0.076 0.014 0.032 0.088 0.046 0.017 0.045 0.072 0.066 0.045 0.054 0.023 0.074 0.07 0.006 0.022 0.054
270 S 0.072 0.05 0.072 0.117 0.011 0.058 0.089 0.049 0.02 0.027 0.039 0.095 0.014 0.017 0.025 0.121 0.069 0.005 0.016 0.035
271 G 0.125 0.035 0.06 0.042 0.013 0.046 0.066 0.129 0.017 0.028 0.04 0.048 0.013 0.017 0.101 0.103 0.056 0.005 0.015 0.039
272 G 0.063 0.068 0.044 0.061 0.011 0.052 0.086 0.136 0.018 0.065 0.058 0.054 0.017 0.021 0.033 0.072 0.047 0.005 0.016 0.072
273 G 0.108 0.061 0.039 0.066 0.012 0.061 0.049 0.201 0.017 0.025 0.038 0.052 0.013 0.016 0.061 0.086 0.041 0.005 0.014 0.035
274 T 0.059 0.036 0.03 0.029 0.013 0.043 0.038 0.075 0.017 0.061 0.073 0.062 0.027 0.064 0.062 0.053 0.109 0.008 0.051 0.092
275 Y 0.063 0.031 0.023 0.051 0.011 0.022 0.033 0.029 0.027 0.059 0.166 0.052 0.026 0.077 0.017 0.034 0.031 0.015 0.174 0.057
276 L 0.073 0.026 0.02 0.021 0.015 0.021 0.026 0.031 0.012 0.125 0.2 0.032 0.093 0.04 0.055 0.051 0.04 0.006 0.02 0.093
277 P 0.076 0.039 0.034 0.071 0.012 0.049 0.092 0.039 0.016 0.053 0.052 0.069 0.015 0.018 0.148 0.057 0.09 0.004 0.015 0.051
278 G 0.068 0.031 0.073 0.086 0.01 0.03 0.09 0.284 0.018 0.021 0.03 0.044 0.011 0.016 0.021 0.084 0.039 0.005 0.013 0.027
279 A 0.169 0.031 0.036 0.034 0.018 0.025 0.039 0.095 0.014 0.047 0.056 0.042 0.017 0.021 0.026 0.125 0.11 0.005 0.016 0.074
280 P 0.063 0.026 0.032 0.063 0.011 0.022 0.039 0.117 0.014 0.024 0.033 0.04 0.01 0.014 0.33 0.077 0.04 0.003 0.012 0.029
281 L 0.048 0.021 0.015 0.016 0.015 0.016 0.02 0.022 0.013 0.16 0.198 0.024 0.051 0.085 0.014 0.027 0.036 0.009 0.052 0.157
282 L 0.075 0.022 0.015 0.017 0.017 0.016 0.022 0.026 0.009 0.133 0.241 0.026 0.036 0.041 0.016 0.031 0.04 0.006 0.02 0.193
283 V 0.054 0.021 0.017 0.018 0.016 0.016 0.021 0.023 0.011 0.18 0.169 0.026 0.032 0.045 0.015 0.032 0.059 0.007 0.045 0.193
284 E 0.072 0.044 0.039 0.107 0.008 0.056 0.294 0.037 0.023 0.022 0.036 0.067 0.012 0.016 0.024 0.054 0.036 0.005 0.015 0.032
285 R 0.067 0.29 0.036 0.031 0.009 0.045 0.053 0.037 0.021 0.024 0.044 0.155 0.015 0.016 0.021 0.047 0.035 0.005 0.016 0.032
286 L 0.039 0.02 0.014 0.015 0.014 0.013 0.018 0.021 0.011 0.125 0.279 0.022 0.038 0.164 0.012 0.023 0.03 0.009 0.04 0.09
287 V 0.116 0.024 0.018 0.019 0.016 0.018 0.026 0.035 0.014 0.097 0.128 0.029 0.04 0.099 0.017 0.041 0.04 0.009 0.055 0.159
288 L 0.042 0.024 0.043 0.021 0.013 0.017 0.023 0.064 0.018 0.077 0.252 0.026 0.033 0.114 0.014 0.029 0.03 0.011 0.081 0.067
289 R 0.042 0.382 0.037 0.029 0.007 0.046 0.049 0.031 0.022 0.022 0.044 0.113 0.015 0.016 0.018 0.042 0.033 0.005 0.016 0.029
290 V 0.056 0.021 0.019 0.019 0.016 0.016 0.022 0.025 0.009 0.173 0.145 0.026 0.03 0.065 0.016 0.036 0.078 0.006 0.024 0.195
291 L 0.044 0.02 0.014 0.015 0.015 0.014 0.018 0.02 0.009 0.179 0.278 0.023 0.04 0.075 0.013 0.024 0.034 0.007 0.025 0.131
292 A 0.248 0.03 0.032 0.033 0.018 0.025 0.039 0.125 0.015 0.035 0.049 0.043 0.015 0.02 0.027 0.119 0.052 0.005 0.016 0.054
293 N 0.049 0.04 0.283 0.069 0.01 0.03 0.045 0.059 0.027 0.025 0.037 0.048 0.012 0.049 0.02 0.093 0.05 0.005 0.02 0.03
294 G 0.172 0.025 0.032 0.03 0.014 0.02 0.03 0.359 0.013 0.027 0.038 0.036 0.012 0.017 0.022 0.061 0.035 0.005 0.013 0.039
295 D 0.039 0.03 0.11 0.377 0.007 0.029 0.08 0.047 0.019 0.021 0.027 0.044 0.009 0.015 0.021 0.052 0.035 0.004 0.011 0.023
296 K 0.061 0.073 0.041 0.04 0.011 0.092 0.066 0.042 0.02 0.032 0.046 0.181 0.017 0.017 0.025 0.076 0.099 0.005 0.017 0.04
297 Y 0.1 0.032 0.034 0.031 0.013 0.026 0.038 0.046 0.03 0.036 0.053 0.04 0.016 0.068 0.022 0.135 0.05 0.015 0.173 0.045
298 Y 0.037 0.025 0.02 0.017 0.009 0.019 0.025 0.024 0.04 0.044 0.071 0.028 0.019 0.169 0.014 0.029 0.026 0.025 0.314 0.045
299 L 0.041 0.023 0.014 0.015 0.014 0.016 0.02 0.021 0.011 0.1 0.338 0.024 0.062 0.108 0.013 0.024 0.031 0.008 0.031 0.084
300 G 0.096 0.029 0.036 0.033 0.015 0.023 0.034 0.161 0.014 0.048 0.126 0.039 0.021 0.026 0.022 0.124 0.078 0.005 0.016 0.053
301 L 0.042 0.023 0.013 0.014 0.015 0.015 0.019 0.02 0.01 0.109 0.411 0.024 0.047 0.052 0.013 0.023 0.032 0.007 0.021 0.091
302 P 0.054 0.024 0.022 0.029 0.01 0.02 0.034 0.034 0.012 0.024 0.034 0.039 0.01 0.012 0.522 0.041 0.034 0.002 0.012 0.029
303 N 0.043 0.041 0.331 0.075 0.009 0.031 0.045 0.098 0.028 0.021 0.029 0.049 0.01 0.017 0.019 0.064 0.045 0.004 0.014 0.025
304 D 0.044 0.034 0.126 0.266 0.008 0.033 0.111 0.084 0.021 0.021 0.028 0.048 0.01 0.015 0.021 0.053 0.036 0.004 0.012 0.025
305 V 0.064 0.02 0.015 0.017 0.018 0.015 0.022 0.023 0.008 0.167 0.126 0.024 0.03 0.034 0.015 0.03 0.046 0.005 0.019 0.299
306 I 0.046 0.017 0.014 0.017 0.015 0.013 0.017 0.02 0.008 0.303 0.156 0.022 0.034 0.041 0.014 0.024 0.038 0.006 0.019 0.175
307 D 0.045 0.037 0.064 0.258 0.007 0.043 0.2 0.04 0.021 0.021 0.03 0.056 0.01 0.015 0.023 0.051 0.035 0.004 0.013 0.026
308 K 0.054 0.122 0.038 0.053 0.009 0.079 0.116 0.037 0.021 0.031 0.069 0.151 0.017 0.018 0.023 0.064 0.039 0.005 0.017 0.036
309 L 0.043 0.019 0.014 0.016 0.015 0.014 0.018 0.02 0.009 0.226 0.265 0.023 0.04 0.046 0.014 0.023 0.035 0.006 0.02 0.135
310 E 0.093 0.043 0.06 0.085 0.01 0.061 0.152 0.043 0.022 0.026 0.039 0.072 0.013 0.02 0.1 0.055 0.038 0.005 0.028 0.035
311 T 0.067 0.037 0.051 0.066 0.015 0.027 0.041 0.04 0.014 0.069 0.066 0.062 0.019 0.023 0.024 0.074 0.207 0.005 0.017 0.076
312 D 0.045 0.033 0.059 0.34 0.008 0.028 0.075 0.12 0.017 0.021 0.028 0.062 0.009 0.014 0.021 0.049 0.033 0.004 0.011 0.024
313 S 0.099 0.043 0.116 0.049 0.014 0.029 0.045 0.097 0.02 0.026 0.037 0.049 0.013 0.018 0.063 0.166 0.06 0.005 0.015 0.036
314 L 0.11 0.023 0.019 0.02 0.017 0.017 0.024 0.034 0.011 0.143 0.166 0.028 0.03 0.065 0.018 0.042 0.059 0.006 0.024 0.144
315 F 0.038 0.019 0.015 0.016 0.012 0.012 0.019 0.023 0.013 0.126 0.147 0.021 0.028 0.205 0.011 0.024 0.029 0.089 0.054 0.099
316 I 0.071 0.022 0.042 0.022 0.015 0.017 0.023 0.028 0.013 0.178 0.163 0.027 0.031 0.044 0.016 0.033 0.039 0.007 0.045 0.163
317 R 0.045 0.231 0.085 0.04 0.008 0.091 0.058 0.037 0.024 0.028 0.053 0.091 0.03 0.018 0.019 0.048 0.037 0.005 0.017 0.034
318 F 0.037 0.02 0.015 0.016 0.012 0.013 0.019 0.023 0.014 0.094 0.193 0.021 0.045 0.271 0.012 0.024 0.028 0.012 0.058 0.073
319 L 0.089 0.025 0.018 0.019 0.016 0.018 0.024 0.031 0.011 0.099 0.268 0.028 0.049 0.071 0.017 0.038 0.054 0.007 0.025 0.093
320 A 0.165 0.033 0.038 0.037 0.018 0.027 0.042 0.06 0.015 0.045 0.054 0.045 0.017 0.021 0.027 0.162 0.098 0.005 0.017 0.072
