#Seq2Logo.py -f /work3/idamei/ssn-clusterings/2206011120/clusters/0012_103/sequences.afa -m 0.0001 -b 50 -o /work3/idamei/ssn-clusterings/2206011120/clusters/0012_103/sequences.logo
#Position Specific Frequency Matrix
A R N D C Q E G H I L K M F P S T W Y V
0 M 0.044 0.027 0.017 0.017 0.013 0.023 0.023 0.023 0.013 0.084 0.164 0.03 0.301 0.04 0.013 0.03 0.033 0.007 0.02 0.077
1 S 0.055 0.062 0.104 0.037 0.011 0.029 0.04 0.04 0.016 0.095 0.065 0.122 0.042 0.021 0.019 0.124 0.044 0.005 0.015 0.055
2 L 0.047 0.033 0.027 0.066 0.011 0.051 0.038 0.029 0.018 0.057 0.168 0.067 0.023 0.042 0.017 0.064 0.064 0.008 0.091 0.08
3 A 0.13 0.08 0.029 0.033 0.013 0.03 0.076 0.04 0.014 0.08 0.062 0.084 0.017 0.021 0.021 0.082 0.076 0.005 0.016 0.091
4 F 0.037 0.017 0.014 0.015 0.012 0.011 0.017 0.02 0.011 0.175 0.156 0.019 0.028 0.231 0.011 0.022 0.029 0.009 0.044 0.122
5 G 0.053 0.043 0.032 0.083 0.01 0.026 0.041 0.166 0.013 0.1 0.063 0.134 0.017 0.021 0.018 0.039 0.033 0.005 0.014 0.091
6 I 0.045 0.017 0.014 0.017 0.016 0.013 0.017 0.02 0.008 0.299 0.161 0.023 0.035 0.042 0.014 0.024 0.038 0.006 0.02 0.17
7 G 0.058 0.033 0.044 0.035 0.009 0.027 0.038 0.283 0.196 0.02 0.032 0.038 0.012 0.022 0.018 0.045 0.027 0.006 0.033 0.023
8 N 0.048 0.073 0.192 0.06 0.008 0.042 0.058 0.052 0.025 0.024 0.036 0.179 0.013 0.016 0.023 0.059 0.043 0.005 0.016 0.029
9 S 0.08 0.055 0.047 0.046 0.013 0.138 0.075 0.052 0.023 0.027 0.043 0.07 0.017 0.017 0.026 0.152 0.059 0.005 0.018 0.037
10 G 0.055 0.1 0.036 0.034 0.009 0.094 0.055 0.163 0.019 0.031 0.056 0.13 0.04 0.018 0.02 0.047 0.034 0.005 0.016 0.036
11 L 0.043 0.019 0.014 0.017 0.014 0.014 0.019 0.021 0.009 0.21 0.227 0.024 0.033 0.038 0.102 0.025 0.033 0.005 0.018 0.113
12 R 0.044 0.171 0.061 0.036 0.008 0.117 0.061 0.035 0.021 0.025 0.043 0.162 0.015 0.046 0.02 0.045 0.034 0.006 0.02 0.03
13 I 0.047 0.018 0.015 0.018 0.016 0.013 0.018 0.021 0.009 0.271 0.168 0.024 0.037 0.044 0.015 0.025 0.04 0.006 0.021 0.177
14 C 0.065 0.016 0.016 0.016 0.484 0.012 0.016 0.032 0.008 0.045 0.065 0.02 0.016 0.02 0.016 0.041 0.037 0.004 0.012 0.057
15 N 0.049 0.075 0.185 0.061 0.009 0.043 0.059 0.053 0.026 0.025 0.037 0.173 0.013 0.016 0.023 0.06 0.044 0.005 0.016 0.029
16 P 0.064 0.03 0.033 0.034 0.014 0.024 0.037 0.039 0.013 0.039 0.05 0.042 0.015 0.018 0.265 0.067 0.148 0.004 0.015 0.05
17 V 0.069 0.021 0.016 0.017 0.019 0.016 0.023 0.024 0.008 0.161 0.128 0.026 0.031 0.035 0.016 0.032 0.048 0.005 0.02 0.283
18 L 0.043 0.018 0.016 0.017 0.013 0.013 0.017 0.098 0.01 0.194 0.21 0.022 0.031 0.098 0.013 0.025 0.03 0.007 0.026 0.1
19 K 0.047 0.196 0.035 0.038 0.007 0.076 0.095 0.034 0.02 0.022 0.038 0.202 0.013 0.014 0.021 0.06 0.034 0.005 0.015 0.028
20 K 0.049 0.114 0.03 0.03 0.009 0.038 0.049 0.032 0.016 0.062 0.056 0.272 0.017 0.018 0.021 0.041 0.035 0.005 0.015 0.093
21 P 0.057 0.026 0.023 0.031 0.01 0.021 0.036 0.036 0.013 0.026 0.036 0.041 0.01 0.013 0.494 0.044 0.036 0.003 0.013 0.031
22 R 0.047 0.198 0.03 0.028 0.008 0.034 0.043 0.032 0.016 0.028 0.076 0.157 0.015 0.016 0.121 0.066 0.034 0.004 0.014 0.032
23 S 0.069 0.051 0.11 0.041 0.013 0.026 0.039 0.047 0.016 0.06 0.047 0.044 0.015 0.019 0.021 0.203 0.114 0.004 0.015 0.047
24 F 0.041 0.047 0.025 0.026 0.009 0.086 0.043 0.028 0.016 0.078 0.113 0.126 0.022 0.164 0.016 0.034 0.03 0.008 0.036 0.054
25 L 0.045 0.024 0.014 0.015 0.016 0.016 0.02 0.021 0.01 0.115 0.375 0.025 0.05 0.055 0.014 0.024 0.033 0.007 0.022 0.096
26 L 0.045 0.024 0.014 0.015 0.016 0.016 0.02 0.021 0.01 0.115 0.375 0.025 0.05 0.055 0.014 0.024 0.033 0.007 0.022 0.096
27 F 0.034 0.019 0.017 0.017 0.011 0.011 0.019 0.025 0.017 0.063 0.114 0.019 0.025 0.387 0.011 0.025 0.025 0.017 0.089 0.055
28 I 0.047 0.018 0.015 0.018 0.016 0.013 0.018 0.021 0.009 0.271 0.168 0.024 0.037 0.044 0.015 0.025 0.04 0.006 0.021 0.177
29 A 0.29 0.031 0.026 0.03 0.022 0.026 0.04 0.078 0.015 0.043 0.059 0.045 0.018 0.022 0.03 0.085 0.05 0.005 0.018 0.069
30 G 0.078 0.023 0.039 0.034 0.011 0.019 0.026 0.51 0.014 0.019 0.028 0.034 0.009 0.016 0.019 0.051 0.03 0.005 0.011 0.024
31 Y 0.04 0.028 0.022 0.019 0.009 0.022 0.028 0.025 0.047 0.044 0.068 0.031 0.019 0.131 0.016 0.031 0.028 0.028 0.318 0.047
32 A 0.29 0.031 0.026 0.03 0.022 0.026 0.04 0.078 0.015 0.043 0.059 0.045 0.018 0.022 0.03 0.085 0.05 0.005 0.018 0.069
33 I 0.047 0.018 0.015 0.018 0.016 0.013 0.018 0.021 0.009 0.271 0.168 0.024 0.037 0.044 0.015 0.025 0.04 0.006 0.021 0.177
34 V 0.07 0.022 0.016 0.018 0.019 0.016 0.023 0.025 0.008 0.165 0.13 0.026 0.032 0.036 0.016 0.033 0.049 0.006 0.021 0.269
35 F 0.034 0.019 0.017 0.017 0.011 0.011 0.019 0.025 0.017 0.063 0.114 0.019 0.025 0.387 0.011 0.025 0.025 0.017 0.089 0.055
36 A 0.29 0.031 0.026 0.03 0.022 0.026 0.04 0.078 0.015 0.043 0.059 0.045 0.018 0.022 0.03 0.085 0.05 0.005 0.018 0.069
37 L 0.052 0.032 0.02 0.02 0.016 0.028 0.028 0.028 0.016 0.1 0.197 0.036 0.161 0.048 0.016 0.036 0.04 0.008 0.024 0.092
38 L 0.052 0.032 0.02 0.02 0.016 0.028 0.028 0.028 0.016 0.1 0.197 0.036 0.161 0.048 0.016 0.036 0.04 0.008 0.024 0.092
39 F 0.034 0.019 0.017 0.017 0.011 0.011 0.019 0.025 0.017 0.063 0.114 0.019 0.025 0.387 0.011 0.025 0.025 0.017 0.089 0.055
40 I 0.047 0.018 0.015 0.018 0.016 0.013 0.018 0.021 0.009 0.271 0.168 0.024 0.037 0.044 0.015 0.025 0.04 0.006 0.021 0.177
41 G 0.078 0.023 0.039 0.034 0.011 0.019 0.026 0.51 0.014 0.019 0.028 0.034 0.009 0.016 0.019 0.051 0.03 0.005 0.011 0.024
42 I 0.047 0.018 0.015 0.018 0.016 0.013 0.018 0.021 0.009 0.271 0.168 0.024 0.037 0.044 0.015 0.025 0.04 0.006 0.021 0.177
43 R 0.045 0.345 0.039 0.031 0.008 0.048 0.052 0.033 0.023 0.023 0.047 0.12 0.016 0.017 0.019 0.045 0.035 0.006 0.017 0.031
44 E 0.055 0.05 0.04 0.09 0.007 0.064 0.296 0.035 0.026 0.022 0.037 0.076 0.013 0.017 0.026 0.055 0.037 0.006 0.017 0.031
45 D 0.041 0.03 0.069 0.397 0.008 0.03 0.091 0.047 0.019 0.022 0.028 0.045 0.009 0.015 0.022 0.052 0.035 0.004 0.011 0.024
46 Y 0.04 0.028 0.022 0.019 0.009 0.022 0.028 0.025 0.047 0.044 0.068 0.031 0.019 0.131 0.016 0.031 0.028 0.028 0.318 0.047
47 L 0.052 0.032 0.02 0.02 0.016 0.028 0.028 0.028 0.016 0.1 0.197 0.036 0.161 0.048 0.016 0.036 0.04 0.008 0.024 0.092
48 I 0.047 0.018 0.015 0.018 0.016 0.013 0.018 0.021 0.009 0.271 0.168 0.024 0.037 0.044 0.015 0.025 0.04 0.006 0.021 0.177
49 L 0.045 0.024 0.014 0.015 0.016 0.016 0.02 0.021 0.01 0.115 0.375 0.025 0.05 0.055 0.014 0.024 0.033 0.007 0.022 0.096
50 E 0.055 0.05 0.04 0.09 0.007 0.064 0.296 0.035 0.026 0.022 0.037 0.076 0.013 0.017 0.026 0.055 0.037 0.006 0.017 0.031
51 T 0.073 0.036 0.043 0.038 0.018 0.028 0.039 0.043 0.014 0.053 0.065 0.045 0.02 0.024 0.028 0.093 0.246 0.006 0.018 0.071
52 A 0.29 0.031 0.026 0.03 0.022 0.026 0.04 0.078 0.015 0.043 0.059 0.045 0.018 0.022 0.03 0.085 0.05 0.005 0.018 0.069
53 A 0.29 0.031 0.026 0.03 0.022 0.026 0.04 0.078 0.015 0.043 0.059 0.045 0.018 0.022 0.03 0.085 0.05 0.005 0.018 0.069
54 L 0.045 0.024 0.014 0.015 0.016 0.016 0.02 0.021 0.01 0.115 0.375 0.025 0.05 0.055 0.014 0.024 0.033 0.007 0.022 0.096
55 C 0.065 0.016 0.016 0.016 0.484 0.012 0.016 0.032 0.008 0.045 0.065 0.02 0.016 0.02 0.016 0.041 0.037 0.004 0.012 0.057
56 G 0.078 0.023 0.039 0.034 0.011 0.019 0.026 0.51 0.014 0.019 0.028 0.034 0.009 0.016 0.019 0.051 0.03 0.005 0.011 0.024
57 G 0.078 0.023 0.039 0.034 0.011 0.019 0.026 0.51 0.014 0.019 0.028 0.034 0.009 0.016 0.019 0.051 0.03 0.005 0.011 0.024
58 G 0.078 0.023 0.039 0.034 0.011 0.019 0.026 0.51 0.014 0.019 0.028 0.034 0.009 0.016 0.019 0.051 0.03 0.005 0.011 0.024
59 C 0.065 0.016 0.016 0.016 0.484 0.012 0.016 0.032 0.008 0.045 0.065 0.02 0.016 0.02 0.016 0.041 0.037 0.004 0.012 0.057
60 I 0.047 0.018 0.015 0.018 0.016 0.013 0.018 0.021 0.009 0.271 0.168 0.024 0.037 0.044 0.015 0.025 0.04 0.006 0.021 0.177
61 L 0.045 0.024 0.014 0.015 0.016 0.016 0.02 0.021 0.01 0.115 0.375 0.025 0.05 0.055 0.014 0.024 0.033 0.007 0.022 0.096
62 L 0.045 0.024 0.014 0.015 0.016 0.016 0.02 0.021 0.01 0.115 0.375 0.025 0.05 0.055 0.014 0.024 0.033 0.007 0.022 0.096
63 L 0.045 0.024 0.014 0.015 0.016 0.016 0.02 0.021 0.01 0.115 0.375 0.025 0.05 0.055 0.014 0.024 0.033 0.007 0.022 0.096
64 L 0.045 0.024 0.014 0.015 0.016 0.016 0.02 0.021 0.01 0.115 0.375 0.025 0.05 0.055 0.014 0.024 0.033 0.007 0.022 0.096
65 R 0.045 0.345 0.039 0.031 0.008 0.048 0.052 0.033 0.023 0.023 0.047 0.12 0.016 0.017 0.019 0.045 0.035 0.006 0.017 0.031
66 R 0.045 0.345 0.039 0.031 0.008 0.048 0.052 0.033 0.023 0.023 0.047 0.12 0.016 0.017 0.019 0.045 0.035 0.006 0.017 0.031
67 P 0.12 0.041 0.027 0.029 0.011 0.026 0.038 0.091 0.013 0.035 0.042 0.133 0.013 0.015 0.173 0.073 0.037 0.004 0.013 0.065
68 E 0.081 0.053 0.031 0.051 0.009 0.071 0.217 0.034 0.018 0.032 0.042 0.15 0.014 0.015 0.021 0.046 0.034 0.005 0.015 0.063
69 W 0.035 0.021 0.054 0.021 0.009 0.015 0.022 0.029 0.013 0.094 0.064 0.024 0.016 0.082 0.01 0.053 0.028 0.318 0.043 0.05
70 L 0.07 0.02 0.013 0.014 0.013 0.014 0.019 0.023 0.012 0.106 0.332 0.023 0.033 0.048 0.013 0.025 0.028 0.059 0.059 0.075
71 I 0.117 0.021 0.021 0.022 0.015 0.017 0.025 0.033 0.01 0.208 0.096 0.029 0.023 0.028 0.018 0.071 0.1 0.005 0.016 0.127
72 L 0.068 0.021 0.015 0.015 0.011 0.015 0.021 0.024 0.021 0.061 0.217 0.023 0.026 0.147 0.013 0.027 0.026 0.014 0.178 0.057
73 F 0.055 0.018 0.015 0.016 0.011 0.012 0.018 0.074 0.011 0.097 0.179 0.02 0.026 0.241 0.012 0.026 0.027 0.009 0.042 0.092
74 V 0.05 0.026 0.018 0.019 0.014 0.074 0.031 0.022 0.011 0.181 0.11 0.032 0.051 0.029 0.014 0.029 0.037 0.005 0.017 0.23
75 I 0.072 0.018 0.013 0.015 0.013 0.012 0.018 0.023 0.009 0.208 0.198 0.021 0.03 0.119 0.013 0.026 0.031 0.007 0.028 0.128
76 I 0.038 0.018 0.013 0.014 0.012 0.013 0.017 0.019 0.012 0.207 0.184 0.02 0.041 0.127 0.012 0.022 0.03 0.008 0.066 0.126
77 F 0.033 0.02 0.015 0.014 0.01 0.014 0.019 0.021 0.017 0.061 0.166 0.022 0.074 0.218 0.011 0.023 0.025 0.064 0.118 0.055
78 P 0.052 0.026 0.059 0.028 0.062 0.047 0.033 0.032 0.013 0.078 0.057 0.035 0.016 0.018 0.221 0.065 0.037 0.004 0.014 0.106
79 F 0.038 0.018 0.016 0.015 0.112 0.012 0.018 0.023 0.014 0.056 0.15 0.02 0.023 0.245 0.012 0.029 0.056 0.011 0.079 0.053
80 F 0.05 0.021 0.022 0.021 0.063 0.016 0.023 0.029 0.012 0.087 0.088 0.025 0.045 0.194 0.015 0.089 0.067 0.008 0.037 0.089
81 F 0.037 0.021 0.016 0.02 0.011 0.017 0.054 0.022 0.013 0.098 0.142 0.024 0.074 0.241 0.012 0.026 0.028 0.009 0.043 0.093
82 L 0.054 0.029 0.025 0.024 0.011 0.02 0.028 0.133 0.012 0.05 0.171 0.063 0.046 0.068 0.067 0.089 0.035 0.006 0.02 0.048
83 F 0.067 0.019 0.016 0.016 0.01 0.013 0.02 0.078 0.015 0.047 0.137 0.022 0.02 0.168 0.011 0.027 0.024 0.165 0.08 0.045
84 L 0.052 0.02 0.014 0.014 0.012 0.014 0.018 0.022 0.011 0.08 0.312 0.022 0.07 0.165 0.012 0.024 0.027 0.008 0.034 0.069
85 R 0.043 0.144 0.021 0.02 0.011 0.025 0.029 0.024 0.013 0.124 0.097 0.078 0.072 0.069 0.014 0.03 0.032 0.006 0.022 0.126
86 D 0.048 0.034 0.083 0.257 0.008 0.06 0.129 0.041 0.019 0.02 0.028 0.048 0.01 0.014 0.02 0.101 0.038 0.004 0.012 0.025
87 V 0.062 0.026 0.022 0.067 0.012 0.05 0.067 0.026 0.012 0.134 0.134 0.034 0.074 0.029 0.015 0.033 0.034 0.005 0.017 0.146
88 L 0.037 0.018 0.013 0.013 0.012 0.012 0.017 0.019 0.01 0.115 0.31 0.02 0.033 0.164 0.011 0.021 0.028 0.008 0.033 0.105
89 G 0.06 0.029 0.034 0.029 0.009 0.021 0.029 0.39 0.056 0.019 0.03 0.064 0.01 0.024 0.017 0.069 0.029 0.006 0.052 0.024
90 L 0.053 0.02 0.013 0.014 0.013 0.013 0.018 0.021 0.01 0.109 0.313 0.021 0.058 0.144 0.012 0.024 0.028 0.008 0.031 0.077
91 P 0.047 0.022 0.019 0.026 0.009 0.017 0.03 0.03 0.011 0.022 0.03 0.034 0.009 0.011 0.578 0.037 0.03 0.002 0.011 0.026
92 S 0.076 0.03 0.079 0.083 0.012 0.025 0.042 0.151 0.016 0.022 0.031 0.041 0.011 0.016 0.022 0.24 0.054 0.004 0.013 0.03
93 A 0.149 0.023 0.021 0.022 0.014 0.017 0.026 0.038 0.012 0.09 0.147 0.029 0.023 0.111 0.017 0.095 0.039 0.007 0.027 0.094
94 L 0.046 0.02 0.017 0.017 0.014 0.014 0.02 0.022 0.009 0.144 0.169 0.023 0.027 0.116 0.014 0.033 0.094 0.007 0.027 0.167
95 K 0.047 0.088 0.035 0.114 0.01 0.032 0.049 0.033 0.015 0.042 0.056 0.172 0.04 0.018 0.02 0.047 0.094 0.004 0.014 0.069
96 Y 0.034 0.022 0.017 0.015 0.008 0.017 0.022 0.021 0.034 0.043 0.099 0.025 0.018 0.138 0.013 0.025 0.024 0.021 0.361 0.043
97 L 0.081 0.022 0.018 0.018 0.015 0.016 0.022 0.026 0.009 0.106 0.247 0.026 0.03 0.034 0.016 0.037 0.096 0.005 0.017 0.162
98 V 0.114 0.023 0.019 0.02 0.015 0.018 0.024 0.031 0.01 0.135 0.137 0.029 0.074 0.03 0.017 0.043 0.097 0.005 0.017 0.14
99 D 0.034 0.025 0.058 0.498 0.006 0.025 0.076 0.039 0.016 0.019 0.023 0.037 0.008 0.012 0.019 0.044 0.03 0.003 0.009 0.02
100 L 0.042 0.018 0.013 0.014 0.013 0.012 0.017 0.019 0.009 0.153 0.247 0.02 0.032 0.12 0.012 0.022 0.031 0.007 0.028 0.171
101 I 0.082 0.021 0.019 0.019 0.014 0.017 0.022 0.079 0.01 0.186 0.144 0.027 0.075 0.032 0.015 0.06 0.037 0.005 0.017 0.121
102 W 0.038 0.024 0.091 0.025 0.011 0.017 0.024 0.029 0.013 0.088 0.146 0.027 0.047 0.036 0.013 0.034 0.061 0.161 0.028 0.087
103 I 0.042 0.016 0.013 0.014 0.064 0.012 0.016 0.019 0.008 0.241 0.186 0.02 0.03 0.077 0.012 0.023 0.032 0.006 0.022 0.15
104 L 0.043 0.019 0.014 0.014 0.014 0.013 0.018 0.02 0.009 0.128 0.293 0.021 0.033 0.08 0.013 0.025 0.047 0.006 0.023 0.167
105 L 0.04 0.018 0.012 0.013 0.114 0.012 0.016 0.02 0.008 0.135 0.306 0.02 0.033 0.079 0.012 0.023 0.029 0.006 0.022 0.083
106 L 0.038 0.019 0.013 0.014 0.063 0.013 0.017 0.02 0.01 0.109 0.311 0.02 0.058 0.122 0.012 0.023 0.028 0.007 0.028 0.077
107 F 0.043 0.018 0.017 0.017 0.012 0.012 0.018 0.073 0.011 0.13 0.13 0.021 0.024 0.197 0.013 0.029 0.06 0.008 0.037 0.129
108 L 0.069 0.019 0.014 0.015 0.012 0.013 0.018 0.023 0.013 0.127 0.235 0.021 0.029 0.168 0.012 0.026 0.028 0.009 0.071 0.077
109 L 0.08 0.029 0.023 0.029 0.012 0.065 0.084 0.03 0.014 0.117 0.148 0.037 0.024 0.069 0.017 0.063 0.036 0.006 0.022 0.097
110 L 0.04 0.018 0.015 0.015 0.012 0.013 0.017 0.072 0.01 0.134 0.209 0.021 0.053 0.16 0.012 0.024 0.028 0.008 0.033 0.106
111 L 0.081 0.074 0.061 0.027 0.011 0.024 0.033 0.084 0.014 0.056 0.114 0.102 0.019 0.065 0.017 0.053 0.035 0.006 0.02 0.104
112 K 0.065 0.06 0.081 0.042 0.011 0.036 0.051 0.046 0.018 0.026 0.038 0.193 0.013 0.016 0.024 0.145 0.082 0.004 0.015 0.034
113 K 0.071 0.071 0.045 0.044 0.011 0.109 0.072 0.048 0.022 0.027 0.042 0.149 0.017 0.016 0.026 0.118 0.052 0.005 0.018 0.035
114 I 0.046 0.071 0.021 0.021 0.012 0.022 0.029 0.026 0.012 0.177 0.126 0.098 0.024 0.07 0.015 0.057 0.035 0.006 0.021 0.111
115 K 0.051 0.076 0.035 0.077 0.009 0.032 0.049 0.037 0.017 0.029 0.047 0.196 0.014 0.108 0.02 0.099 0.038 0.006 0.026 0.032
116 Q 0.056 0.074 0.044 0.047 0.009 0.215 0.103 0.041 0.029 0.026 0.047 0.091 0.021 0.015 0.024 0.056 0.041 0.006 0.021 0.035
117 G 0.078 0.023 0.039 0.034 0.011 0.019 0.026 0.51 0.014 0.019 0.028 0.034 0.009 0.016 0.019 0.051 0.03 0.005 0.011 0.024
118 K 0.045 0.146 0.034 0.038 0.007 0.099 0.093 0.034 0.019 0.022 0.037 0.255 0.013 0.013 0.021 0.044 0.032 0.005 0.015 0.027
119 L 0.055 0.029 0.026 0.024 0.013 0.02 0.027 0.131 0.011 0.089 0.145 0.063 0.047 0.027 0.017 0.068 0.096 0.005 0.015 0.091
120 F 0.041 0.066 0.058 0.025 0.011 0.019 0.027 0.028 0.014 0.151 0.105 0.065 0.022 0.153 0.014 0.058 0.033 0.007 0.032 0.073
121 A 0.29 0.031 0.026 0.03 0.022 0.026 0.04 0.078 0.015 0.043 0.059 0.045 0.018 0.022 0.03 0.085 0.05 0.005 0.018 0.069
122 L 0.042 0.091 0.061 0.069 0.01 0.025 0.036 0.029 0.014 0.084 0.142 0.089 0.046 0.025 0.067 0.035 0.033 0.005 0.015 0.084
123 N 0.078 0.08 0.16 0.084 0.009 0.029 0.044 0.069 0.019 0.029 0.073 0.11 0.014 0.018 0.019 0.076 0.038 0.004 0.014 0.033
124 R 0.045 0.345 0.039 0.031 0.008 0.048 0.052 0.033 0.023 0.023 0.047 0.12 0.016 0.017 0.019 0.045 0.035 0.006 0.017 0.031
125 K 0.065 0.129 0.034 0.075 0.009 0.032 0.046 0.035 0.018 0.061 0.05 0.154 0.015 0.027 0.02 0.072 0.052 0.006 0.055 0.044
126 R 0.045 0.114 0.071 0.077 0.009 0.057 0.043 0.088 0.019 0.031 0.05 0.052 0.04 0.027 0.073 0.044 0.064 0.006 0.055 0.035
127 V 0.085 0.021 0.021 0.021 0.014 0.015 0.023 0.085 0.01 0.117 0.087 0.026 0.021 0.116 0.016 0.042 0.099 0.007 0.027 0.147
128 K 0.087 0.043 0.025 0.025 0.012 0.026 0.035 0.088 0.012 0.063 0.11 0.137 0.046 0.024 0.019 0.044 0.068 0.005 0.016 0.114
129 P 0.045 0.019 0.017 0.02 0.012 0.015 0.023 0.024 0.01 0.145 0.116 0.027 0.021 0.067 0.219 0.032 0.062 0.005 0.02 0.102
130 L 0.077 0.035 0.022 0.028 0.011 0.081 0.072 0.029 0.014 0.083 0.139 0.071 0.022 0.066 0.068 0.036 0.032 0.006 0.021 0.085
131 L 0.045 0.024 0.014 0.015 0.016 0.016 0.02 0.021 0.01 0.115 0.375 0.025 0.05 0.055 0.014 0.024 0.033 0.007 0.022 0.096
132 I 0.047 0.018 0.015 0.018 0.016 0.013 0.018 0.021 0.009 0.271 0.168 0.024 0.037 0.044 0.015 0.025 0.04 0.006 0.021 0.177
133 L 0.058 0.02 0.016 0.017 0.012 0.013 0.02 0.025 0.011 0.088 0.231 0.022 0.028 0.201 0.013 0.054 0.031 0.009 0.038 0.094
134 V 0.047 0.044 0.02 0.02 0.062 0.047 0.028 0.026 0.018 0.088 0.106 0.032 0.021 0.047 0.014 0.057 0.033 0.061 0.114 0.114
135 I 0.044 0.019 0.015 0.016 0.013 0.014 0.019 0.022 0.009 0.222 0.211 0.022 0.03 0.038 0.013 0.051 0.034 0.057 0.021 0.13
136 V 0.091 0.019 0.015 0.018 0.015 0.015 0.022 0.027 0.008 0.168 0.104 0.025 0.025 0.029 0.076 0.033 0.04 0.005 0.017 0.249
137 L 0.082 0.02 0.018 0.018 0.014 0.015 0.021 0.128 0.009 0.109 0.186 0.025 0.025 0.031 0.015 0.033 0.048 0.031 0.018 0.155
138 A 0.177 0.021 0.018 0.019 0.065 0.015 0.023 0.089 0.011 0.057 0.139 0.026 0.021 0.109 0.017 0.043 0.033 0.006 0.025 0.085
139 F 0.031 0.017 0.014 0.014 0.01 0.011 0.017 0.02 0.014 0.115 0.13 0.018 0.023 0.292 0.01 0.021 0.024 0.064 0.09 0.065
140 L 0.036 0.018 0.013 0.013 0.012 0.012 0.017 0.019 0.01 0.084 0.306 0.019 0.033 0.205 0.011 0.021 0.027 0.009 0.039 0.096
141 L 0.095 0.019 0.015 0.017 0.014 0.014 0.02 0.077 0.009 0.155 0.235 0.024 0.029 0.034 0.014 0.031 0.033 0.005 0.017 0.143
142 Y 0.045 0.022 0.021 0.019 0.112 0.017 0.023 0.026 0.023 0.07 0.065 0.026 0.017 0.104 0.015 0.061 0.061 0.014 0.209 0.052
143 T 0.087 0.025 0.025 0.023 0.014 0.02 0.026 0.082 0.011 0.07 0.12 0.031 0.071 0.027 0.018 0.051 0.157 0.005 0.016 0.121
144 L 0.077 0.021 0.017 0.018 0.013 0.015 0.021 0.027 0.011 0.146 0.176 0.025 0.064 0.117 0.014 0.057 0.035 0.007 0.028 0.111
145 I 0.074 0.018 0.014 0.015 0.014 0.013 0.018 0.023 0.009 0.2 0.197 0.021 0.03 0.097 0.013 0.026 0.033 0.006 0.025 0.154
146 G 0.071 0.024 0.033 0.029 0.012 0.019 0.028 0.291 0.012 0.043 0.045 0.032 0.013 0.018 0.018 0.127 0.071 0.005 0.013 0.095
147 Y 0.121 0.026 0.019 0.019 0.011 0.047 0.03 0.031 0.025 0.076 0.119 0.032 0.02 0.064 0.016 0.037 0.03 0.013 0.205 0.058
148 L 0.041 0.018 0.013 0.014 0.064 0.012 0.017 0.02 0.009 0.142 0.244 0.02 0.043 0.12 0.012 0.023 0.03 0.007 0.028 0.125
149 F 0.034 0.018 0.013 0.014 0.011 0.011 0.017 0.02 0.011 0.087 0.216 0.018 0.028 0.246 0.01 0.021 0.025 0.061 0.047 0.091
150 N 0.036 0.038 0.322 0.058 0.008 0.056 0.043 0.047 0.065 0.022 0.034 0.044 0.011 0.059 0.016 0.052 0.037 0.005 0.022 0.025
151 F 0.04 0.064 0.021 0.02 0.01 0.047 0.029 0.025 0.021 0.048 0.139 0.035 0.021 0.175 0.014 0.056 0.029 0.013 0.145 0.046
152 Q 0.082 0.042 0.027 0.029 0.011 0.195 0.056 0.032 0.017 0.088 0.068 0.053 0.021 0.02 0.018 0.041 0.037 0.005 0.017 0.141
153 S 0.073 0.035 0.096 0.085 0.012 0.027 0.046 0.05 0.017 0.023 0.032 0.059 0.012 0.016 0.073 0.24 0.056 0.004 0.014 0.031
154 P 0.047 0.018 0.017 0.02 0.011 0.014 0.022 0.075 0.009 0.146 0.08 0.026 0.019 0.065 0.218 0.03 0.032 0.005 0.019 0.127
155 L 0.068 0.018 0.014 0.015 0.012 0.012 0.018 0.023 0.011 0.129 0.239 0.02 0.03 0.203 0.012 0.025 0.028 0.009 0.038 0.078
156 L 0.035 0.022 0.015 0.014 0.01 0.016 0.02 0.019 0.025 0.064 0.249 0.024 0.027 0.08 0.012 0.023 0.025 0.015 0.244 0.058
157 F 0.034 0.018 0.015 0.015 0.01 0.013 0.019 0.02 0.022 0.112 0.09 0.02 0.021 0.248 0.011 0.023 0.025 0.015 0.191 0.077
158 L 0.039 0.019 0.012 0.013 0.064 0.013 0.016 0.018 0.008 0.145 0.379 0.02 0.037 0.041 0.012 0.022 0.029 0.006 0.018 0.089
159 W 0.026 0.021 0.051 0.018 0.006 0.014 0.021 0.028 0.014 0.025 0.043 0.021 0.012 0.047 0.007 0.022 0.021 0.525 0.053 0.025
160 G 0.099 0.021 0.033 0.029 0.01 0.017 0.024 0.495 0.012 0.018 0.027 0.03 0.009 0.014 0.017 0.073 0.03 0.004 0.01 0.025
161 L 0.041 0.019 0.016 0.016 0.012 0.014 0.019 0.072 0.013 0.129 0.159 0.022 0.075 0.145 0.012 0.026 0.029 0.009 0.068 0.103
162 R 0.037 0.454 0.032 0.026 0.006 0.04 0.044 0.027 0.019 0.019 0.039 0.1 0.013 0.014 0.016 0.037 0.029 0.005 0.014 0.026
163 N 0.041 0.037 0.396 0.067 0.008 0.028 0.041 0.054 0.025 0.019 0.027 0.045 0.01 0.015 0.018 0.085 0.044 0.004 0.013 0.024
164 N 0.045 0.034 0.286 0.055 0.01 0.026 0.038 0.048 0.021 0.031 0.073 0.041 0.014 0.019 0.018 0.085 0.103 0.004 0.014 0.036
165 F 0.032 0.018 0.014 0.014 0.011 0.011 0.017 0.02 0.012 0.094 0.175 0.018 0.051 0.327 0.01 0.022 0.025 0.011 0.054 0.064
166 R 0.037 0.454 0.032 0.026 0.006 0.04 0.044 0.027 0.019 0.019 0.039 0.1 0.013 0.014 0.016 0.037 0.029 0.005 0.014 0.026
167 F 0.028 0.016 0.014 0.014 0.009 0.009 0.016 0.021 0.014 0.053 0.095 0.016 0.021 0.489 0.009 0.021 0.021 0.014 0.074 0.046
168 F 0.031 0.02 0.016 0.015 0.008 0.014 0.02 0.021 0.028 0.044 0.074 0.021 0.018 0.282 0.011 0.024 0.022 0.019 0.269 0.042
169 V 0.052 0.019 0.014 0.015 0.015 0.014 0.019 0.02 0.008 0.175 0.153 0.022 0.053 0.033 0.013 0.026 0.038 0.005 0.018 0.29
170 F 0.166 0.019 0.017 0.018 0.012 0.013 0.022 0.037 0.013 0.047 0.079 0.024 0.019 0.318 0.015 0.039 0.029 0.011 0.052 0.05
171 F 0.028 0.016 0.014 0.014 0.009 0.009 0.016 0.021 0.014 0.053 0.095 0.016 0.021 0.489 0.009 0.021 0.021 0.014 0.074 0.046
172 F 0.07 0.018 0.014 0.015 0.012 0.013 0.018 0.024 0.011 0.127 0.142 0.021 0.05 0.241 0.012 0.027 0.029 0.009 0.043 0.103
173 A 0.279 0.024 0.021 0.023 0.016 0.019 0.03 0.051 0.011 0.105 0.104 0.033 0.02 0.024 0.021 0.083 0.041 0.005 0.015 0.074
174 C 0.045 0.014 0.014 0.014 0.366 0.01 0.014 0.025 0.009 0.043 0.069 0.017 0.016 0.189 0.012 0.029 0.027 0.007 0.033 0.047
175 I 0.113 0.018 0.014 0.017 0.015 0.014 0.02 0.027 0.008 0.235 0.112 0.024 0.026 0.031 0.015 0.032 0.038 0.005 0.017 0.219
176 L 0.089 0.021 0.022 0.021 0.115 0.017 0.024 0.083 0.01 0.116 0.117 0.027 0.046 0.026 0.016 0.091 0.039 0.005 0.015 0.099
177 F 0.034 0.017 0.013 0.014 0.062 0.01 0.016 0.02 0.011 0.094 0.2 0.018 0.027 0.284 0.01 0.022 0.025 0.01 0.048 0.065
178 L 0.037 0.019 0.012 0.013 0.013 0.013 0.016 0.018 0.009 0.146 0.383 0.02 0.038 0.084 0.012 0.02 0.028 0.006 0.023 0.089
179 E 0.049 0.045 0.112 0.112 0.009 0.035 0.117 0.041 0.059 0.023 0.033 0.11 0.011 0.016 0.021 0.091 0.068 0.004 0.016 0.028
180 E 0.101 0.05 0.031 0.049 0.01 0.041 0.196 0.038 0.017 0.033 0.042 0.146 0.013 0.016 0.022 0.075 0.037 0.004 0.014 0.065
181 E 0.046 0.114 0.037 0.127 0.008 0.037 0.149 0.034 0.019 0.023 0.036 0.088 0.012 0.02 0.02 0.072 0.064 0.031 0.034 0.029
182 D 0.043 0.03 0.081 0.25 0.008 0.028 0.089 0.038 0.06 0.023 0.032 0.04 0.011 0.024 0.019 0.074 0.064 0.006 0.053 0.027
183 V 0.114 0.018 0.015 0.017 0.015 0.014 0.02 0.027 0.008 0.223 0.111 0.024 0.026 0.031 0.015 0.033 0.038 0.005 0.017 0.231
184 E 0.041 0.039 0.105 0.094 0.008 0.036 0.177 0.033 0.059 0.06 0.081 0.078 0.015 0.02 0.018 0.042 0.032 0.005 0.017 0.04
185 K 0.046 0.084 0.139 0.039 0.009 0.029 0.04 0.089 0.018 0.03 0.078 0.14 0.015 0.06 0.018 0.071 0.036 0.005 0.019 0.032
186 L 0.072 0.02 0.015 0.015 0.012 0.014 0.02 0.023 0.017 0.155 0.164 0.023 0.026 0.097 0.013 0.027 0.03 0.011 0.135 0.11
187 F 0.039 0.018 0.014 0.014 0.012 0.012 0.017 0.02 0.01 0.141 0.182 0.02 0.053 0.202 0.011 0.023 0.029 0.009 0.038 0.136
188 K 0.067 0.092 0.145 0.065 0.009 0.035 0.05 0.045 0.019 0.022 0.033 0.178 0.012 0.015 0.021 0.104 0.042 0.004 0.014 0.028
189 L 0.037 0.018 0.013 0.013 0.012 0.012 0.017 0.019 0.01 0.115 0.31 0.02 0.033 0.164 0.011 0.021 0.028 0.008 0.033 0.105
190 F 0.032 0.017 0.013 0.014 0.011 0.011 0.016 0.02 0.011 0.099 0.239 0.018 0.029 0.287 0.01 0.021 0.025 0.01 0.049 0.068
191 D 0.043 0.043 0.047 0.286 0.007 0.03 0.064 0.038 0.018 0.022 0.031 0.135 0.01 0.022 0.02 0.07 0.033 0.005 0.05 0.025
192 V 0.06 0.072 0.021 0.02 0.011 0.023 0.03 0.027 0.014 0.064 0.101 0.099 0.02 0.037 0.015 0.033 0.047 0.11 0.061 0.135
193 L 0.037 0.019 0.013 0.014 0.013 0.013 0.017 0.019 0.009 0.13 0.352 0.021 0.061 0.104 0.012 0.021 0.028 0.007 0.026 0.084
194 F 0.032 0.021 0.016 0.016 0.009 0.041 0.023 0.022 0.016 0.056 0.157 0.023 0.024 0.331 0.011 0.024 0.024 0.013 0.091 0.05
195 W 0.033 0.02 0.016 0.015 0.009 0.014 0.02 0.023 0.052 0.111 0.111 0.021 0.021 0.083 0.01 0.022 0.025 0.266 0.043 0.087
196 L 0.108 0.02 0.014 0.016 0.015 0.015 0.02 0.027 0.009 0.196 0.215 0.024 0.055 0.035 0.015 0.031 0.034 0.005 0.017 0.128
197 N 0.036 0.037 0.396 0.066 0.007 0.028 0.041 0.052 0.066 0.019 0.027 0.044 0.01 0.016 0.017 0.056 0.039 0.004 0.016 0.022
198 V 0.077 0.018 0.016 0.017 0.013 0.013 0.019 0.076 0.01 0.137 0.131 0.022 0.024 0.155 0.013 0.029 0.032 0.007 0.032 0.16
199 I 0.094 0.019 0.015 0.018 0.014 0.015 0.021 0.027 0.009 0.176 0.164 0.025 0.026 0.03 0.117 0.032 0.034 0.004 0.016 0.145
200 L 0.047 0.021 0.014 0.015 0.014 0.016 0.019 0.02 0.009 0.135 0.228 0.024 0.106 0.038 0.013 0.026 0.035 0.006 0.018 0.198
201 C 0.066 0.024 0.027 0.026 0.166 0.019 0.028 0.036 0.011 0.079 0.07 0.031 0.042 0.022 0.018 0.151 0.077 0.004 0.014 0.087
202 L 0.054 0.024 0.025 0.023 0.064 0.018 0.026 0.031 0.011 0.087 0.178 0.029 0.024 0.07 0.017 0.097 0.129 0.006 0.021 0.066
203 F 0.033 0.019 0.016 0.015 0.009 0.014 0.02 0.021 0.025 0.053 0.079 0.021 0.019 0.275 0.011 0.024 0.024 0.017 0.231 0.074
204 Q 0.047 0.061 0.037 0.039 0.007 0.346 0.086 0.034 0.024 0.022 0.039 0.076 0.017 0.012 0.02 0.047 0.034 0.005 0.017 0.029
205 F 0.031 0.021 0.019 0.016 0.008 0.015 0.022 0.022 0.066 0.042 0.072 0.022 0.018 0.274 0.011 0.025 0.022 0.018 0.234 0.04
206 F 0.028 0.016 0.014 0.014 0.009 0.009 0.016 0.022 0.014 0.05 0.091 0.016 0.02 0.449 0.009 0.021 0.021 0.065 0.072 0.044
207 V 0.051 0.018 0.014 0.015 0.015 0.013 0.018 0.02 0.01 0.198 0.112 0.022 0.027 0.039 0.013 0.025 0.037 0.006 0.055 0.292
208 L 0.041 0.036 0.021 0.023 0.011 0.135 0.042 0.024 0.015 0.068 0.291 0.042 0.056 0.033 0.015 0.031 0.031 0.006 0.018 0.061
209 G 0.096 0.02 0.032 0.028 0.01 0.016 0.022 0.544 0.011 0.018 0.026 0.029 0.008 0.014 0.017 0.045 0.026 0.005 0.01 0.024
210 Y 0.041 0.033 0.019 0.018 0.061 0.021 0.027 0.023 0.023 0.081 0.104 0.091 0.02 0.064 0.015 0.029 0.029 0.013 0.204 0.083
211 R 0.079 0.123 0.036 0.074 0.009 0.09 0.054 0.037 0.061 0.024 0.039 0.121 0.014 0.024 0.02 0.071 0.034 0.006 0.055 0.031
212 Q 0.043 0.08 0.036 0.116 0.008 0.17 0.063 0.083 0.019 0.027 0.047 0.057 0.04 0.019 0.017 0.041 0.031 0.057 0.019 0.031
213 D 0.034 0.025 0.058 0.498 0.006 0.025 0.076 0.039 0.016 0.019 0.023 0.037 0.008 0.012 0.019 0.044 0.03 0.003 0.009 0.02
214 F 0.033 0.062 0.058 0.022 0.008 0.019 0.026 0.025 0.064 0.069 0.07 0.032 0.018 0.199 0.013 0.029 0.026 0.014 0.169 0.046
215 L 0.037 0.02 0.012 0.013 0.014 0.014 0.017 0.018 0.008 0.096 0.48 0.021 0.041 0.046 0.012 0.02 0.028 0.006 0.019 0.08
216 G 0.065 0.019 0.033 0.028 0.009 0.016 0.021 0.592 0.011 0.016 0.024 0.028 0.008 0.014 0.016 0.043 0.025 0.005 0.009 0.02
217 G 0.065 0.019 0.033 0.028 0.009 0.016 0.021 0.592 0.011 0.016 0.024 0.028 0.008 0.014 0.016 0.043 0.025 0.005 0.009 0.02
218 F 0.037 0.016 0.013 0.014 0.012 0.011 0.016 0.019 0.01 0.192 0.183 0.019 0.029 0.202 0.011 0.021 0.029 0.008 0.038 0.12
219 F 0.028 0.016 0.014 0.014 0.009 0.009 0.016 0.021 0.014 0.053 0.095 0.016 0.021 0.489 0.009 0.021 0.021 0.014 0.074 0.046
220 G 0.065 0.019 0.033 0.028 0.009 0.016 0.021 0.592 0.011 0.016 0.024 0.028 0.008 0.014 0.016 0.043 0.025 0.005 0.009 0.02
221 T 0.061 0.024 0.027 0.025 0.015 0.019 0.027 0.031 0.01 0.108 0.08 0.031 0.021 0.025 0.019 0.079 0.193 0.005 0.016 0.186
222 E 0.079 0.04 0.032 0.068 0.008 0.12 0.185 0.111 0.019 0.021 0.035 0.054 0.012 0.017 0.019 0.045 0.031 0.057 0.018 0.029
223 S 0.066 0.078 0.035 0.032 0.012 0.029 0.039 0.09 0.015 0.04 0.055 0.109 0.04 0.019 0.021 0.155 0.076 0.005 0.015 0.07
224 G 0.065 0.019 0.031 0.027 0.01 0.016 0.021 0.54 0.011 0.027 0.031 0.028 0.01 0.015 0.016 0.041 0.026 0.005 0.01 0.054
225 C 0.058 0.017 0.018 0.018 0.469 0.013 0.018 0.03 0.008 0.037 0.052 0.021 0.014 0.017 0.015 0.067 0.065 0.004 0.011 0.047
226 N 0.036 0.037 0.431 0.069 0.007 0.028 0.041 0.054 0.026 0.019 0.026 0.045 0.009 0.015 0.017 0.058 0.041 0.004 0.013 0.023
227 G 0.175 0.026 0.03 0.029 0.013 0.049 0.033 0.299 0.013 0.029 0.038 0.037 0.012 0.016 0.02 0.079 0.036 0.005 0.012 0.051
228 Y 0.034 0.023 0.018 0.016 0.008 0.018 0.023 0.021 0.039 0.036 0.057 0.026 0.016 0.109 0.013 0.026 0.023 0.023 0.432 0.039
229 V 0.056 0.025 0.023 0.022 0.015 0.02 0.026 0.028 0.011 0.083 0.136 0.03 0.099 0.03 0.017 0.07 0.131 0.005 0.017 0.154
230 N 0.045 0.029 0.244 0.046 0.111 0.022 0.032 0.043 0.018 0.064 0.084 0.035 0.015 0.02 0.016 0.073 0.04 0.004 0.014 0.045
231 V 0.053 0.019 0.017 0.018 0.015 0.015 0.02 0.022 0.008 0.202 0.109 0.024 0.026 0.03 0.015 0.034 0.099 0.005 0.017 0.253
232 F 0.034 0.019 0.016 0.016 0.011 0.013 0.019 0.022 0.015 0.062 0.178 0.021 0.038 0.291 0.011 0.027 0.055 0.012 0.086 0.056
233 L 0.035 0.02 0.013 0.013 0.012 0.013 0.017 0.019 0.01 0.083 0.346 0.02 0.059 0.166 0.011 0.021 0.027 0.008 0.034 0.071
234 C 0.081 0.018 0.014 0.015 0.216 0.014 0.018 0.027 0.009 0.125 0.133 0.022 0.073 0.029 0.014 0.032 0.033 0.005 0.015 0.106
235 I 0.04 0.016 0.012 0.014 0.014 0.012 0.015 0.017 0.008 0.327 0.2 0.02 0.032 0.038 0.012 0.021 0.033 0.005 0.017 0.146
236 I 0.044 0.018 0.014 0.015 0.014 0.014 0.018 0.019 0.011 0.262 0.126 0.022 0.053 0.042 0.013 0.024 0.034 0.007 0.055 0.197
237 V 0.051 0.021 0.02 0.019 0.015 0.016 0.022 0.024 0.009 0.173 0.141 0.026 0.051 0.031 0.016 0.039 0.127 0.005 0.017 0.177
238 I 0.109 0.025 0.028 0.027 0.015 0.02 0.03 0.038 0.011 0.138 0.11 0.033 0.021 0.026 0.02 0.13 0.12 0.005 0.016 0.078
239 K 0.04 0.086 0.026 0.025 0.008 0.029 0.038 0.027 0.06 0.095 0.064 0.167 0.017 0.079 0.017 0.033 0.029 0.009 0.099 0.052
240 S 0.077 0.028 0.033 0.03 0.015 0.022 0.034 0.041 0.012 0.067 0.063 0.036 0.018 0.022 0.021 0.208 0.086 0.004 0.016 0.167
241 L 0.079 0.02 0.014 0.015 0.065 0.015 0.019 0.024 0.009 0.122 0.241 0.023 0.055 0.035 0.014 0.029 0.034 0.005 0.017 0.166
242 L 0.111 0.02 0.014 0.016 0.015 0.015 0.02 0.027 0.009 0.123 0.269 0.024 0.031 0.035 0.015 0.031 0.034 0.005 0.017 0.167
243 R 0.051 0.111 0.067 0.04 0.061 0.06 0.108 0.035 0.018 0.035 0.088 0.055 0.041 0.02 0.018 0.096 0.038 0.005 0.015 0.039
244 Y 0.035 0.022 0.019 0.017 0.009 0.016 0.022 0.022 0.03 0.042 0.067 0.024 0.017 0.205 0.013 0.029 0.054 0.019 0.296 0.043
245 L 0.037 0.022 0.052 0.019 0.012 0.016 0.02 0.023 0.012 0.105 0.252 0.025 0.104 0.121 0.012 0.027 0.03 0.007 0.028 0.074
246 N 0.075 0.035 0.215 0.051 0.009 0.03 0.074 0.046 0.104 0.022 0.033 0.043 0.011 0.026 0.018 0.078 0.038 0.006 0.058 0.028
247 G 0.09 0.116 0.07 0.035 0.01 0.029 0.039 0.194 0.016 0.021 0.033 0.114 0.011 0.015 0.02 0.102 0.038 0.004 0.013 0.029
248 E 0.044 0.127 0.07 0.055 0.007 0.074 0.218 0.033 0.021 0.02 0.033 0.13 0.012 0.014 0.02 0.045 0.032 0.005 0.014 0.026
249 E 0.077 0.032 0.025 0.049 0.01 0.037 0.235 0.029 0.016 0.087 0.106 0.046 0.056 0.024 0.019 0.04 0.032 0.005 0.016 0.057
250 K 0.061 0.053 0.073 0.038 0.011 0.032 0.046 0.042 0.016 0.03 0.041 0.171 0.014 0.016 0.023 0.126 0.15 0.004 0.014 0.039
251 L 0.041 0.02 0.015 0.016 0.013 0.014 0.019 0.021 0.01 0.107 0.266 0.023 0.03 0.118 0.064 0.028 0.06 0.007 0.027 0.101
252 G 0.049 0.028 0.025 0.023 0.01 0.019 0.027 0.133 0.013 0.039 0.094 0.061 0.029 0.112 0.015 0.077 0.062 0.111 0.033 0.04
253 L 0.108 0.031 0.024 0.028 0.012 0.024 0.065 0.033 0.073 0.106 0.137 0.066 0.021 0.026 0.069 0.04 0.047 0.005 0.02 0.064
254 C 0.046 0.017 0.014 0.014 0.266 0.012 0.016 0.023 0.009 0.064 0.154 0.019 0.047 0.111 0.012 0.028 0.03 0.006 0.025 0.087
255 L 0.07 0.019 0.014 0.015 0.013 0.014 0.018 0.023 0.01 0.134 0.263 0.022 0.056 0.142 0.013 0.026 0.029 0.008 0.031 0.082
256 L 0.07 0.02 0.014 0.014 0.013 0.014 0.019 0.023 0.012 0.106 0.319 0.022 0.033 0.109 0.013 0.026 0.028 0.008 0.063 0.076
257 K 0.044 0.091 0.026 0.025 0.009 0.031 0.04 0.028 0.019 0.049 0.059 0.2 0.017 0.077 0.018 0.035 0.031 0.009 0.096 0.097
258 C 0.061 0.02 0.022 0.021 0.266 0.015 0.023 0.033 0.01 0.077 0.065 0.025 0.017 0.063 0.016 0.117 0.041 0.005 0.018 0.084
259 G 0.15 0.021 0.02 0.021 0.014 0.016 0.023 0.188 0.01 0.065 0.17 0.027 0.022 0.026 0.017 0.041 0.033 0.005 0.015 0.114
260 A 0.186 0.023 0.025 0.024 0.015 0.019 0.028 0.145 0.011 0.079 0.097 0.032 0.018 0.023 0.02 0.079 0.069 0.005 0.014 0.089
261 S 0.137 0.028 0.033 0.031 0.116 0.022 0.034 0.048 0.013 0.033 0.045 0.037 0.014 0.018 0.022 0.192 0.112 0.004 0.014 0.046
262 L 0.045 0.021 0.014 0.015 0.014 0.016 0.019 0.02 0.009 0.131 0.261 0.024 0.107 0.039 0.013 0.025 0.033 0.006 0.018 0.17
263 Y 0.037 0.02 0.015 0.015 0.011 0.015 0.019 0.02 0.022 0.15 0.126 0.023 0.024 0.111 0.012 0.024 0.028 0.014 0.211 0.105
264 I 0.042 0.017 0.012 0.014 0.014 0.012 0.016 0.018 0.008 0.265 0.227 0.02 0.033 0.038 0.012 0.022 0.033 0.005 0.018 0.173
265 A 0.351 0.027 0.026 0.028 0.017 0.022 0.036 0.063 0.013 0.034 0.047 0.039 0.014 0.018 0.025 0.122 0.046 0.004 0.015 0.053
266 A 0.251 0.026 0.025 0.026 0.017 0.021 0.031 0.051 0.012 0.078 0.063 0.035 0.017 0.021 0.022 0.089 0.103 0.005 0.015 0.094
267 L 0.039 0.021 0.013 0.014 0.013 0.015 0.018 0.019 0.01 0.094 0.354 0.022 0.085 0.083 0.012 0.023 0.029 0.007 0.024 0.105
268 A 0.319 0.026 0.025 0.027 0.068 0.021 0.034 0.06 0.012 0.034 0.047 0.037 0.014 0.018 0.024 0.118 0.045 0.004 0.014 0.052
269 E 0.046 0.041 0.034 0.075 0.006 0.054 0.414 0.029 0.022 0.018 0.031 0.063 0.011 0.014 0.022 0.046 0.031 0.005 0.014 0.026
270 L 0.038 0.02 0.012 0.013 0.013 0.014 0.017 0.018 0.009 0.122 0.42 0.022 0.064 0.044 0.012 0.021 0.029 0.006 0.019 0.086
271 K 0.048 0.089 0.035 0.035 0.007 0.045 0.059 0.036 0.017 0.023 0.036 0.398 0.013 0.013 0.023 0.045 0.033 0.004 0.014 0.027
272 F 0.039 0.017 0.014 0.015 0.012 0.012 0.017 0.02 0.011 0.152 0.115 0.019 0.05 0.241 0.011 0.023 0.03 0.009 0.043 0.15
273 F 0.033 0.02 0.016 0.015 0.009 0.014 0.02 0.021 0.025 0.05 0.074 0.021 0.018 0.235 0.011 0.024 0.024 0.069 0.23 0.072
274 F 0.029 0.017 0.014 0.014 0.009 0.01 0.017 0.021 0.016 0.051 0.092 0.017 0.021 0.455 0.009 0.022 0.021 0.015 0.107 0.045
275 V 0.045 0.018 0.013 0.015 0.014 0.013 0.018 0.02 0.009 0.185 0.171 0.021 0.054 0.097 0.012 0.024 0.034 0.006 0.025 0.206
276 E 0.046 0.036 0.028 0.059 0.008 0.044 0.306 0.027 0.018 0.042 0.091 0.052 0.041 0.021 0.019 0.041 0.032 0.005 0.015 0.069
277 F 0.034 0.02 0.015 0.015 0.01 0.014 0.019 0.021 0.017 0.063 0.171 0.021 0.075 0.258 0.011 0.024 0.025 0.013 0.119 0.056
278 V 0.051 0.017 0.013 0.015 0.015 0.013 0.018 0.019 0.007 0.23 0.12 0.021 0.028 0.032 0.013 0.025 0.038 0.005 0.017 0.302
279 I 0.04 0.017 0.012 0.014 0.014 0.012 0.016 0.018 0.008 0.262 0.261 0.02 0.034 0.039 0.012 0.021 0.032 0.005 0.018 0.145
280 I 0.041 0.017 0.013 0.015 0.014 0.013 0.016 0.018 0.008 0.314 0.17 0.021 0.056 0.037 0.012 0.022 0.033 0.005 0.018 0.157
281 V 0.047 0.018 0.013 0.015 0.015 0.014 0.018 0.019 0.008 0.206 0.191 0.022 0.055 0.036 0.013 0.024 0.036 0.005 0.018 0.228
282 L 0.111 0.019 0.016 0.017 0.014 0.014 0.02 0.079 0.009 0.135 0.196 0.024 0.027 0.074 0.015 0.033 0.033 0.006 0.022 0.136
283 L 0.041 0.018 0.014 0.015 0.013 0.013 0.017 0.071 0.009 0.154 0.275 0.021 0.032 0.1 0.012 0.023 0.029 0.007 0.025 0.114
284 A 0.196 0.035 0.034 0.034 0.015 0.083 0.047 0.053 0.016 0.03 0.043 0.047 0.015 0.017 0.024 0.168 0.08 0.005 0.015 0.044
285 L 0.079 0.023 0.019 0.019 0.014 0.018 0.023 0.029 0.011 0.1 0.224 0.028 0.09 0.076 0.015 0.062 0.065 0.006 0.023 0.074
286 L 0.039 0.019 0.013 0.014 0.013 0.013 0.017 0.019 0.009 0.147 0.303 0.021 0.059 0.103 0.012 0.022 0.03 0.007 0.026 0.116
287 L 0.035 0.019 0.014 0.014 0.011 0.014 0.018 0.02 0.016 0.126 0.207 0.021 0.053 0.176 0.011 0.023 0.027 0.011 0.109 0.075
288 T 0.059 0.028 0.033 0.029 0.065 0.022 0.031 0.035 0.011 0.046 0.059 0.036 0.029 0.02 0.022 0.071 0.326 0.005 0.015 0.059
289 K 0.049 0.184 0.035 0.033 0.008 0.042 0.053 0.035 0.018 0.022 0.037 0.285 0.013 0.014 0.021 0.07 0.035 0.004 0.014 0.028
290 F 0.033 0.017 0.016 0.017 0.009 0.011 0.02 0.024 0.013 0.044 0.077 0.021 0.018 0.359 0.164 0.025 0.024 0.011 0.057 0.04
291 S 0.08 0.033 0.078 0.041 0.014 0.027 0.041 0.051 0.016 0.029 0.039 0.043 0.013 0.018 0.024 0.261 0.135 0.004 0.015 0.039
292 R 0.039 0.125 0.022 0.021 0.009 0.022 0.029 0.027 0.014 0.072 0.119 0.074 0.02 0.114 0.014 0.056 0.03 0.111 0.034 0.049
293 K 0.044 0.222 0.034 0.031 0.007 0.043 0.053 0.033 0.018 0.022 0.037 0.29 0.013 0.013 0.021 0.042 0.032 0.005 0.014 0.027
294 K 0.052 0.068 0.035 0.033 0.01 0.037 0.049 0.036 0.015 0.031 0.043 0.267 0.014 0.015 0.023 0.056 0.156 0.005 0.015 0.039
295 L 0.04 0.018 0.015 0.016 0.013 0.013 0.018 0.021 0.01 0.153 0.208 0.021 0.029 0.16 0.012 0.027 0.06 0.008 0.033 0.126
296 G 0.053 0.019 0.022 0.021 0.012 0.015 0.02 0.229 0.01 0.093 0.142 0.025 0.021 0.068 0.014 0.035 0.06 0.006 0.019 0.116
297 I 0.04 0.018 0.013 0.015 0.013 0.014 0.017 0.019 0.009 0.228 0.199 0.022 0.08 0.08 0.012 0.023 0.032 0.006 0.023 0.135
298 L 0.049 0.018 0.015 0.015 0.115 0.013 0.018 0.022 0.008 0.146 0.201 0.022 0.028 0.032 0.014 0.03 0.064 0.005 0.016 0.169
299 I 0.046 0.016 0.013 0.014 0.065 0.012 0.016 0.019 0.007 0.264 0.154 0.02 0.029 0.034 0.013 0.024 0.035 0.005 0.017 0.198
300 L 0.124 0.023 0.024 0.023 0.014 0.018 0.026 0.138 0.011 0.092 0.139 0.03 0.022 0.026 0.018 0.095 0.04 0.005 0.015 0.119
301 A 0.188 0.023 0.026 0.025 0.014 0.019 0.029 0.147 0.012 0.073 0.06 0.032 0.016 0.063 0.02 0.103 0.041 0.005 0.019 0.084
302 G 0.128 0.023 0.027 0.026 0.014 0.019 0.028 0.141 0.011 0.124 0.069 0.032 0.018 0.023 0.019 0.125 0.044 0.005 0.015 0.11
303 V 0.081 0.019 0.014 0.015 0.015 0.014 0.019 0.024 0.008 0.121 0.205 0.022 0.029 0.075 0.014 0.029 0.035 0.006 0.022 0.233
304 G 0.085 0.02 0.021 0.02 0.114 0.015 0.021 0.132 0.01 0.096 0.113 0.025 0.045 0.067 0.015 0.063 0.034 0.006 0.02 0.077
305 L 0.044 0.019 0.013 0.014 0.014 0.014 0.018 0.019 0.008 0.16 0.288 0.022 0.059 0.039 0.013 0.023 0.033 0.005 0.018 0.177
306 I 0.048 0.019 0.017 0.017 0.115 0.015 0.019 0.024 0.01 0.157 0.143 0.023 0.075 0.073 0.014 0.055 0.035 0.006 0.021 0.113
307 I 0.072 0.018 0.014 0.015 0.013 0.013 0.018 0.023 0.009 0.247 0.192 0.022 0.055 0.078 0.013 0.026 0.032 0.006 0.023 0.111
308 G 0.125 0.02 0.029 0.026 0.011 0.016 0.023 0.444 0.011 0.054 0.039 0.029 0.011 0.016 0.017 0.046 0.029 0.005 0.011 0.039
309 L 0.045 0.021 0.019 0.018 0.012 0.016 0.021 0.075 0.016 0.093 0.158 0.025 0.049 0.13 0.013 0.055 0.031 0.01 0.102 0.091
310 N 0.051 0.038 0.142 0.046 0.011 0.085 0.079 0.04 0.019 0.034 0.079 0.048 0.016 0.019 0.02 0.083 0.13 0.005 0.015 0.04
311 L 0.073 0.02 0.016 0.016 0.013 0.014 0.02 0.025 0.01 0.131 0.214 0.023 0.028 0.099 0.013 0.031 0.061 0.058 0.029 0.107
312 L 0.037 0.018 0.012 0.013 0.013 0.012 0.016 0.018 0.009 0.173 0.352 0.02 0.037 0.084 0.012 0.02 0.029 0.006 0.023 0.095
313 I 0.045 0.04 0.059 0.027 0.011 0.024 0.033 0.029 0.012 0.142 0.112 0.129 0.021 0.025 0.068 0.038 0.065 0.004 0.015 0.1
314 F 0.109 0.072 0.062 0.028 0.01 0.038 0.035 0.038 0.021 0.035 0.058 0.073 0.028 0.12 0.017 0.069 0.034 0.01 0.101 0.041
315 V 0.044 0.019 0.014 0.014 0.013 0.014 0.018 0.02 0.014 0.15 0.171 0.021 0.027 0.09 0.013 0.024 0.032 0.009 0.098 0.195
316 F 0.065 0.021 0.091 0.025 0.009 0.014 0.023 0.031 0.018 0.044 0.075 0.024 0.018 0.326 0.012 0.033 0.027 0.012 0.09 0.042
317 P 0.048 0.023 0.025 0.073 0.008 0.021 0.068 0.082 0.012 0.02 0.029 0.037 0.009 0.011 0.425 0.039 0.03 0.003 0.011 0.025
318 E 0.087 0.03 0.034 0.105 0.01 0.031 0.141 0.114 0.016 0.034 0.084 0.042 0.04 0.02 0.02 0.099 0.038 0.005 0.014 0.038
319 F 0.036 0.021 0.054 0.021 0.009 0.015 0.022 0.028 0.016 0.1 0.074 0.024 0.018 0.167 0.011 0.054 0.029 0.165 0.081 0.055
320 L 0.077 0.029 0.031 0.122 0.01 0.029 0.14 0.033 0.017 0.043 0.156 0.04 0.02 0.032 0.018 0.067 0.033 0.006 0.052 0.045
