#Seq2Logo.py -f /work3/idamei/ssn-clusterings/clustering/2205171701/clusters/0049_20/sequences.afa -o /work3/idamei/ssn-clusterings/clustering/2205171701/clusters/0049_20/sequences.logo
#Position Specific Frequency Matrix
A R N D C Q E G H I L K M F P S T W Y V
0 M 0.047 0.029 0.018 0.018 0.014 0.025 0.025 0.025 0.014 0.089 0.175 0.032 0.252 0.043 0.014 0.032 0.036 0.007 0.021 0.082
1 L 0.049 0.025 0.051 0.028 0.013 0.02 0.045 0.05 0.014 0.136 0.203 0.03 0.029 0.055 0.016 0.059 0.043 0.007 0.035 0.094
2 C 0.087 0.028 0.035 0.033 0.251 0.023 0.034 0.049 0.014 0.037 0.053 0.037 0.016 0.021 0.023 0.131 0.059 0.005 0.015 0.049
3 L 0.043 0.021 0.032 0.019 0.013 0.015 0.021 0.046 0.014 0.15 0.18 0.024 0.029 0.13 0.013 0.037 0.033 0.009 0.068 0.103
4 L 0.056 0.022 0.031 0.019 0.014 0.016 0.025 0.039 0.013 0.137 0.253 0.025 0.033 0.075 0.014 0.032 0.033 0.008 0.053 0.104
5 L 0.041 0.021 0.016 0.016 0.013 0.015 0.02 0.022 0.013 0.122 0.279 0.024 0.044 0.117 0.013 0.035 0.031 0.009 0.062 0.085
6 L 0.048 0.021 0.015 0.015 0.014 0.014 0.019 0.022 0.01 0.116 0.305 0.023 0.036 0.105 0.013 0.026 0.043 0.019 0.029 0.106
7 L 0.039 0.021 0.015 0.016 0.013 0.014 0.019 0.022 0.011 0.102 0.3 0.022 0.037 0.16 0.013 0.026 0.045 0.009 0.037 0.08
8 L 0.077 0.022 0.018 0.019 0.068 0.015 0.022 0.03 0.011 0.117 0.182 0.026 0.03 0.111 0.016 0.038 0.061 0.008 0.031 0.099
9 L 0.046 0.019 0.015 0.016 0.025 0.014 0.018 0.042 0.009 0.201 0.229 0.023 0.034 0.056 0.014 0.027 0.046 0.006 0.021 0.14
10 L 0.064 0.024 0.023 0.027 0.013 0.02 0.056 0.093 0.012 0.124 0.154 0.031 0.026 0.095 0.016 0.048 0.061 0.007 0.026 0.08
11 L 0.044 0.023 0.018 0.024 0.013 0.019 0.062 0.023 0.012 0.123 0.208 0.028 0.039 0.122 0.014 0.029 0.044 0.008 0.031 0.117
12 I 0.047 0.019 0.016 0.017 0.038 0.014 0.019 0.022 0.009 0.213 0.163 0.024 0.04 0.074 0.014 0.03 0.06 0.006 0.024 0.149
13 L 0.097 0.021 0.017 0.018 0.015 0.015 0.022 0.03 0.011 0.127 0.219 0.025 0.031 0.105 0.015 0.043 0.036 0.007 0.028 0.118
14 L 0.039 0.021 0.014 0.015 0.014 0.014 0.019 0.021 0.01 0.098 0.359 0.023 0.048 0.111 0.013 0.025 0.041 0.008 0.029 0.08
15 L 0.055 0.021 0.019 0.035 0.034 0.015 0.023 0.026 0.012 0.096 0.22 0.025 0.03 0.138 0.014 0.033 0.065 0.009 0.047 0.084
16 I 0.046 0.019 0.016 0.017 0.054 0.013 0.019 0.065 0.011 0.142 0.139 0.023 0.039 0.13 0.055 0.028 0.032 0.007 0.031 0.114
17 L 0.045 0.02 0.015 0.016 0.014 0.013 0.019 0.042 0.01 0.141 0.245 0.022 0.033 0.119 0.013 0.03 0.033 0.007 0.03 0.134
18 S 0.137 0.03 0.041 0.033 0.036 0.024 0.037 0.05 0.015 0.053 0.072 0.04 0.026 0.026 0.023 0.149 0.113 0.006 0.031 0.057
19 Y 0.035 0.023 0.018 0.016 0.009 0.017 0.023 0.022 0.033 0.047 0.09 0.025 0.028 0.19 0.013 0.027 0.025 0.021 0.289 0.047
20 L 0.045 0.042 0.039 0.022 0.033 0.03 0.027 0.026 0.016 0.118 0.17 0.044 0.027 0.078 0.015 0.039 0.049 0.009 0.074 0.097
21 L 0.056 0.024 0.017 0.018 0.014 0.016 0.022 0.025 0.011 0.134 0.24 0.037 0.041 0.104 0.015 0.036 0.056 0.007 0.028 0.098
22 F 0.05 0.023 0.045 0.025 0.043 0.016 0.026 0.033 0.015 0.054 0.107 0.027 0.021 0.243 0.015 0.089 0.049 0.01 0.048 0.06
23 G 0.049 0.045 0.109 0.133 0.008 0.043 0.103 0.144 0.019 0.029 0.034 0.105 0.011 0.015 0.02 0.049 0.034 0.004 0.013 0.032
24 R 0.049 0.211 0.045 0.032 0.029 0.049 0.049 0.056 0.051 0.024 0.042 0.143 0.014 0.033 0.019 0.063 0.035 0.005 0.02 0.03
25 D 0.037 0.027 0.06 0.448 0.007 0.028 0.093 0.041 0.017 0.02 0.025 0.041 0.008 0.013 0.02 0.047 0.032 0.003 0.01 0.022
26 I 0.04 0.018 0.014 0.015 0.013 0.013 0.017 0.02 0.011 0.219 0.191 0.021 0.041 0.123 0.012 0.023 0.032 0.008 0.045 0.124
27 L 0.066 0.021 0.016 0.017 0.014 0.015 0.021 0.026 0.012 0.121 0.203 0.024 0.065 0.153 0.014 0.031 0.043 0.008 0.036 0.094
28 A 0.192 0.05 0.036 0.037 0.015 0.05 0.058 0.057 0.032 0.031 0.044 0.05 0.015 0.019 0.025 0.155 0.064 0.005 0.017 0.046
29 P 0.051 0.023 0.021 0.028 0.009 0.018 0.032 0.032 0.011 0.023 0.032 0.037 0.009 0.011 0.549 0.039 0.032 0.002 0.011 0.028
30 S 0.138 0.031 0.038 0.053 0.015 0.026 0.042 0.054 0.015 0.031 0.043 0.043 0.014 0.035 0.087 0.19 0.079 0.005 0.017 0.043
31 V 0.052 0.019 0.016 0.016 0.056 0.013 0.02 0.023 0.01 0.113 0.123 0.022 0.026 0.147 0.013 0.03 0.047 0.008 0.034 0.213
32 L 0.047 0.021 0.015 0.016 0.015 0.015 0.019 0.021 0.009 0.167 0.268 0.024 0.053 0.041 0.014 0.027 0.046 0.006 0.019 0.158
33 F 0.055 0.022 0.016 0.016 0.033 0.017 0.021 0.025 0.014 0.091 0.152 0.025 0.105 0.17 0.013 0.029 0.032 0.01 0.052 0.102
34 C 0.06 0.021 0.022 0.021 0.247 0.016 0.023 0.032 0.011 0.073 0.092 0.026 0.028 0.044 0.017 0.075 0.073 0.006 0.031 0.083
35 L 0.122 0.023 0.034 0.022 0.015 0.018 0.025 0.036 0.011 0.128 0.165 0.029 0.031 0.065 0.018 0.053 0.061 0.006 0.022 0.116
36 M 0.082 0.026 0.024 0.023 0.015 0.022 0.027 0.114 0.013 0.083 0.115 0.032 0.122 0.032 0.017 0.068 0.043 0.006 0.018 0.119
37 F 0.033 0.021 0.017 0.016 0.009 0.014 0.021 0.022 0.027 0.048 0.083 0.022 0.02 0.299 0.011 0.025 0.024 0.02 0.224 0.045
38 I 0.067 0.021 0.018 0.019 0.015 0.015 0.021 0.026 0.01 0.188 0.154 0.026 0.037 0.083 0.016 0.037 0.084 0.007 0.025 0.13
39 I 0.045 0.018 0.013 0.015 0.015 0.013 0.017 0.02 0.009 0.227 0.202 0.022 0.033 0.072 0.013 0.024 0.035 0.006 0.023 0.178
40 S 0.124 0.032 0.041 0.038 0.066 0.026 0.041 0.077 0.015 0.029 0.041 0.044 0.014 0.018 0.025 0.244 0.064 0.005 0.015 0.041
41 I 0.078 0.023 0.024 0.024 0.015 0.018 0.026 0.032 0.011 0.167 0.099 0.03 0.024 0.062 0.018 0.059 0.139 0.006 0.022 0.123
42 L 0.064 0.022 0.021 0.02 0.014 0.016 0.023 0.109 0.011 0.091 0.181 0.027 0.035 0.081 0.016 0.039 0.078 0.007 0.024 0.121
43 F 0.084 0.019 0.018 0.018 0.155 0.013 0.021 0.032 0.012 0.064 0.095 0.023 0.02 0.206 0.015 0.054 0.033 0.009 0.041 0.067
44 A 0.306 0.028 0.026 0.028 0.018 0.023 0.036 0.063 0.013 0.041 0.068 0.039 0.017 0.021 0.026 0.088 0.078 0.005 0.016 0.061
45 L 0.072 0.021 0.017 0.017 0.055 0.015 0.021 0.027 0.011 0.116 0.233 0.025 0.034 0.072 0.015 0.042 0.046 0.007 0.037 0.116
46 L 0.045 0.021 0.016 0.017 0.013 0.015 0.02 0.022 0.015 0.144 0.173 0.024 0.037 0.098 0.034 0.028 0.044 0.009 0.083 0.142
47 N 0.039 0.039 0.379 0.072 0.008 0.029 0.043 0.077 0.027 0.02 0.028 0.047 0.01 0.016 0.018 0.061 0.043 0.004 0.014 0.024
48 I 0.058 0.036 0.018 0.018 0.013 0.022 0.023 0.024 0.017 0.182 0.11 0.029 0.034 0.069 0.015 0.035 0.035 0.01 0.107 0.145
49 K 0.049 0.066 0.097 0.083 0.009 0.063 0.116 0.04 0.022 0.037 0.042 0.12 0.014 0.027 0.021 0.069 0.049 0.006 0.035 0.035
50 N 0.073 0.051 0.162 0.046 0.011 0.038 0.053 0.045 0.024 0.037 0.048 0.057 0.015 0.05 0.019 0.076 0.052 0.008 0.076 0.059
51 W 0.027 0.02 0.014 0.014 0.007 0.014 0.02 0.027 0.014 0.027 0.047 0.02 0.014 0.054 0.007 0.02 0.02 0.549 0.061 0.027
52 G 0.056 0.036 0.106 0.062 0.009 0.039 0.077 0.284 0.034 0.02 0.03 0.066 0.01 0.015 0.019 0.051 0.043 0.005 0.014 0.025
53 I 0.046 0.018 0.014 0.016 0.015 0.014 0.018 0.02 0.008 0.27 0.176 0.023 0.041 0.039 0.014 0.026 0.047 0.005 0.019 0.172
54 G 0.05 0.031 0.113 0.134 0.009 0.026 0.048 0.162 0.027 0.027 0.039 0.041 0.012 0.045 0.019 0.051 0.035 0.01 0.09 0.03
55 D 0.043 0.032 0.105 0.239 0.008 0.029 0.09 0.041 0.036 0.036 0.038 0.046 0.012 0.041 0.019 0.066 0.036 0.006 0.046 0.032
56 Y 0.038 0.021 0.016 0.016 0.011 0.016 0.021 0.021 0.025 0.125 0.149 0.024 0.034 0.124 0.013 0.025 0.028 0.016 0.199 0.077
57 S 0.103 0.037 0.056 0.042 0.014 0.055 0.06 0.073 0.033 0.039 0.043 0.049 0.015 0.019 0.024 0.205 0.069 0.005 0.017 0.042
58 P 0.058 0.03 0.053 0.069 0.011 0.029 0.034 0.053 0.014 0.09 0.097 0.033 0.019 0.095 0.125 0.048 0.04 0.006 0.025 0.069
59 K 0.048 0.1 0.059 0.041 0.009 0.049 0.098 0.034 0.019 0.045 0.104 0.161 0.036 0.022 0.02 0.053 0.036 0.005 0.016 0.043
60 T 0.137 0.03 0.033 0.03 0.016 0.023 0.034 0.045 0.012 0.06 0.088 0.039 0.019 0.023 0.024 0.091 0.208 0.005 0.016 0.066
61 F 0.08 0.021 0.019 0.019 0.012 0.015 0.022 0.07 0.015 0.101 0.097 0.025 0.039 0.199 0.015 0.036 0.053 0.011 0.07 0.08
62 F 0.065 0.025 0.05 0.025 0.022 0.028 0.028 0.064 0.015 0.066 0.129 0.03 0.04 0.147 0.015 0.065 0.036 0.029 0.045 0.076
63 I 0.043 0.018 0.013 0.015 0.014 0.013 0.017 0.019 0.01 0.251 0.209 0.022 0.034 0.06 0.013 0.023 0.034 0.007 0.035 0.151
64 L 0.041 0.021 0.016 0.017 0.013 0.015 0.02 0.022 0.013 0.172 0.175 0.024 0.061 0.126 0.013 0.029 0.054 0.009 0.059 0.099
65 L 0.046 0.021 0.018 0.018 0.014 0.015 0.02 0.065 0.01 0.14 0.244 0.025 0.041 0.087 0.014 0.04 0.055 0.007 0.025 0.094
66 L 0.059 0.025 0.025 0.025 0.014 0.019 0.027 0.033 0.012 0.115 0.194 0.031 0.028 0.082 0.017 0.113 0.061 0.006 0.025 0.088
67 G 0.086 0.021 0.034 0.03 0.01 0.017 0.024 0.526 0.012 0.019 0.03 0.031 0.013 0.015 0.017 0.047 0.028 0.005 0.01 0.025
68 I 0.119 0.021 0.018 0.019 0.015 0.016 0.023 0.034 0.011 0.171 0.14 0.027 0.026 0.067 0.016 0.048 0.048 0.048 0.026 0.108
69 L 0.065 0.02 0.014 0.016 0.014 0.014 0.019 0.024 0.01 0.173 0.242 0.023 0.042 0.105 0.013 0.027 0.032 0.007 0.028 0.111
70 V 0.071 0.027 0.026 0.031 0.035 0.024 0.068 0.034 0.012 0.114 0.101 0.035 0.034 0.028 0.019 0.103 0.058 0.005 0.017 0.157
71 F 0.059 0.019 0.017 0.017 0.01 0.012 0.02 0.028 0.016 0.053 0.094 0.02 0.021 0.392 0.012 0.038 0.026 0.014 0.084 0.049
72 I 0.05 0.019 0.017 0.018 0.014 0.014 0.02 0.024 0.01 0.207 0.133 0.024 0.028 0.099 0.014 0.048 0.05 0.007 0.027 0.174
73 I 0.099 0.02 0.019 0.02 0.035 0.015 0.022 0.052 0.011 0.17 0.129 0.026 0.03 0.086 0.016 0.055 0.038 0.006 0.025 0.126
74 A 0.125 0.022 0.023 0.024 0.014 0.018 0.027 0.119 0.011 0.113 0.074 0.032 0.019 0.023 0.121 0.055 0.049 0.004 0.015 0.112
75 G 0.071 0.031 0.075 0.064 0.031 0.031 0.125 0.182 0.017 0.042 0.056 0.044 0.014 0.018 0.02 0.077 0.038 0.005 0.014 0.048
76 L 0.043 0.022 0.031 0.019 0.033 0.016 0.021 0.044 0.016 0.135 0.16 0.025 0.058 0.097 0.014 0.03 0.043 0.01 0.083 0.099
77 L 0.077 0.02 0.016 0.017 0.014 0.014 0.02 0.027 0.012 0.144 0.184 0.023 0.032 0.164 0.014 0.031 0.043 0.009 0.041 0.099
78 V 0.065 0.021 0.02 0.02 0.035 0.016 0.023 0.047 0.012 0.149 0.115 0.026 0.031 0.07 0.016 0.046 0.071 0.007 0.051 0.159
79 K 0.049 0.139 0.076 0.053 0.009 0.036 0.048 0.038 0.037 0.031 0.044 0.148 0.014 0.031 0.02 0.067 0.06 0.007 0.049 0.044
80 L 0.046 0.078 0.052 0.029 0.011 0.046 0.048 0.029 0.019 0.104 0.113 0.068 0.022 0.06 0.017 0.048 0.036 0.008 0.069 0.096
81 L 0.085 0.04 0.037 0.025 0.013 0.022 0.031 0.034 0.014 0.11 0.131 0.075 0.024 0.086 0.038 0.059 0.048 0.007 0.039 0.082
82 P 0.052 0.023 0.022 0.023 0.118 0.018 0.027 0.03 0.042 0.089 0.076 0.031 0.019 0.04 0.178 0.036 0.035 0.008 0.064 0.07
83 K 0.052 0.087 0.048 0.132 0.008 0.047 0.075 0.043 0.02 0.026 0.039 0.227 0.014 0.015 0.026 0.052 0.038 0.005 0.016 0.03
84 I 0.078 0.029 0.034 0.033 0.017 0.023 0.035 0.043 0.014 0.151 0.105 0.039 0.026 0.033 0.022 0.123 0.061 0.006 0.019 0.109
85 S 0.11 0.04 0.054 0.049 0.018 0.033 0.052 0.066 0.019 0.03 0.042 0.054 0.016 0.021 0.03 0.22 0.082 0.005 0.018 0.042
86 L 0.043 0.028 0.045 0.026 0.011 0.03 0.045 0.027 0.032 0.117 0.129 0.042 0.024 0.12 0.015 0.04 0.033 0.03 0.061 0.102
87 G 0.075 0.101 0.051 0.046 0.031 0.038 0.039 0.107 0.018 0.041 0.079 0.086 0.026 0.038 0.018 0.056 0.035 0.007 0.05 0.057
88 S 0.11 0.04 0.054 0.049 0.018 0.033 0.053 0.067 0.019 0.03 0.042 0.054 0.016 0.021 0.03 0.216 0.082 0.005 0.018 0.042
89 K 0.066 0.106 0.035 0.035 0.01 0.038 0.051 0.072 0.017 0.025 0.039 0.175 0.013 0.015 0.153 0.062 0.038 0.004 0.015 0.031
90 K 0.059 0.12 0.078 0.057 0.008 0.069 0.068 0.06 0.046 0.024 0.038 0.155 0.013 0.016 0.041 0.05 0.046 0.005 0.017 0.03
91 K 0.057 0.107 0.042 0.042 0.009 0.054 0.071 0.043 0.021 0.028 0.043 0.276 0.016 0.016 0.028 0.054 0.04 0.005 0.017 0.033
92 Y 0.051 0.064 0.071 0.035 0.011 0.028 0.061 0.048 0.036 0.063 0.074 0.067 0.018 0.053 0.018 0.063 0.076 0.008 0.078 0.076
93 R 0.045 0.343 0.039 0.031 0.008 0.049 0.052 0.033 0.023 0.023 0.047 0.121 0.016 0.017 0.019 0.045 0.035 0.006 0.017 0.031
94 F 0.042 0.11 0.03 0.033 0.009 0.032 0.068 0.03 0.058 0.066 0.078 0.081 0.02 0.149 0.017 0.037 0.031 0.009 0.045 0.053
95 Y 0.041 0.028 0.022 0.019 0.009 0.022 0.028 0.025 0.047 0.044 0.069 0.031 0.019 0.131 0.016 0.031 0.028 0.028 0.315 0.047
96 G 0.056 0.083 0.029 0.028 0.012 0.028 0.035 0.159 0.014 0.092 0.132 0.092 0.025 0.029 0.019 0.04 0.035 0.006 0.017 0.071
97 G 0.07 0.057 0.046 0.078 0.011 0.055 0.059 0.143 0.018 0.027 0.04 0.124 0.014 0.017 0.025 0.093 0.067 0.005 0.015 0.035
98 R 0.045 0.343 0.039 0.031 0.008 0.049 0.052 0.033 0.023 0.023 0.047 0.121 0.016 0.017 0.019 0.045 0.035 0.006 0.017 0.031
99 I 0.047 0.018 0.015 0.018 0.016 0.013 0.018 0.021 0.009 0.269 0.168 0.024 0.037 0.044 0.015 0.025 0.04 0.006 0.021 0.177
100 D 0.041 0.03 0.069 0.395 0.008 0.03 0.092 0.047 0.019 0.022 0.028 0.045 0.009 0.015 0.022 0.052 0.036 0.004 0.011 0.024
101 S 0.11 0.04 0.054 0.049 0.018 0.033 0.053 0.067 0.019 0.03 0.042 0.054 0.016 0.021 0.03 0.217 0.082 0.005 0.018 0.042
102 T 0.054 0.033 0.101 0.082 0.013 0.026 0.041 0.041 0.02 0.06 0.096 0.04 0.021 0.037 0.021 0.061 0.114 0.008 0.052 0.079
103 K 0.061 0.061 0.078 0.059 0.009 0.045 0.095 0.068 0.029 0.041 0.045 0.115 0.014 0.026 0.061 0.053 0.035 0.006 0.052 0.047
104 L 0.048 0.04 0.038 0.029 0.012 0.034 0.057 0.05 0.015 0.113 0.137 0.06 0.024 0.067 0.017 0.047 0.058 0.028 0.039 0.088
105 G 0.079 0.023 0.039 0.034 0.011 0.019 0.026 0.508 0.014 0.019 0.028 0.034 0.009 0.016 0.019 0.052 0.03 0.005 0.011 0.024
106 P 0.048 0.061 0.106 0.041 0.03 0.056 0.058 0.038 0.018 0.058 0.063 0.111 0.016 0.018 0.115 0.056 0.043 0.004 0.015 0.044
107 D 0.041 0.03 0.069 0.397 0.008 0.03 0.091 0.047 0.019 0.022 0.028 0.045 0.009 0.015 0.022 0.052 0.035 0.004 0.011 0.024
108 V 0.073 0.029 0.065 0.046 0.013 0.024 0.05 0.068 0.019 0.089 0.097 0.037 0.025 0.062 0.019 0.073 0.043 0.008 0.061 0.1
109 S 0.11 0.04 0.054 0.049 0.018 0.033 0.053 0.067 0.019 0.03 0.042 0.054 0.016 0.021 0.03 0.216 0.082 0.005 0.018 0.042
110 V 0.052 0.055 0.079 0.073 0.04 0.028 0.058 0.037 0.054 0.055 0.079 0.059 0.018 0.048 0.048 0.055 0.039 0.006 0.03 0.084
111 I 0.047 0.018 0.015 0.018 0.016 0.013 0.018 0.021 0.009 0.269 0.168 0.024 0.037 0.044 0.015 0.025 0.04 0.006 0.021 0.177
112 V 0.051 0.049 0.073 0.069 0.011 0.047 0.065 0.055 0.019 0.064 0.059 0.057 0.017 0.046 0.039 0.057 0.076 0.007 0.054 0.085
113 E 0.068 0.037 0.052 0.116 0.01 0.033 0.121 0.06 0.018 0.043 0.046 0.073 0.014 0.038 0.042 0.087 0.056 0.006 0.031 0.05
114 L 0.045 0.038 0.039 0.089 0.012 0.019 0.033 0.028 0.014 0.103 0.187 0.032 0.026 0.055 0.036 0.043 0.046 0.007 0.048 0.1
115 K 0.055 0.132 0.05 0.052 0.009 0.058 0.098 0.037 0.019 0.029 0.042 0.173 0.014 0.016 0.042 0.058 0.053 0.005 0.015 0.043
116 K 0.057 0.108 0.042 0.042 0.009 0.054 0.071 0.043 0.021 0.028 0.043 0.275 0.016 0.016 0.028 0.054 0.04 0.005 0.017 0.033
117 L 0.07 0.082 0.028 0.036 0.011 0.032 0.101 0.033 0.016 0.056 0.11 0.085 0.019 0.026 0.081 0.062 0.048 0.006 0.03 0.066
118 I 0.044 0.018 0.015 0.017 0.014 0.013 0.018 0.02 0.01 0.289 0.184 0.023 0.036 0.043 0.014 0.033 0.036 0.006 0.033 0.137
119 N 0.048 0.05 0.129 0.078 0.01 0.039 0.074 0.039 0.021 0.073 0.065 0.057 0.016 0.028 0.039 0.066 0.051 0.006 0.044 0.069
120 I 0.049 0.019 0.016 0.018 0.025 0.014 0.02 0.022 0.009 0.196 0.165 0.025 0.029 0.042 0.076 0.03 0.053 0.005 0.019 0.169
121 D 0.069 0.051 0.097 0.143 0.01 0.05 0.068 0.067 0.019 0.023 0.033 0.061 0.012 0.015 0.083 0.109 0.044 0.004 0.013 0.029
122 K 0.063 0.101 0.069 0.033 0.01 0.04 0.042 0.037 0.031 0.037 0.064 0.104 0.016 0.048 0.039 0.056 0.065 0.028 0.064 0.05
123 W 0.041 0.043 0.02 0.02 0.01 0.019 0.026 0.057 0.016 0.087 0.084 0.059 0.019 0.078 0.034 0.034 0.034 0.175 0.078 0.066
124 N 0.043 0.045 0.317 0.083 0.009 0.034 0.049 0.065 0.032 0.022 0.032 0.054 0.011 0.018 0.02 0.07 0.049 0.004 0.016 0.027
125 I 0.047 0.018 0.015 0.018 0.016 0.013 0.018 0.021 0.009 0.271 0.168 0.024 0.037 0.044 0.015 0.025 0.04 0.006 0.021 0.177
126 P 0.057 0.026 0.023 0.031 0.01 0.021 0.036 0.036 0.013 0.026 0.036 0.041 0.01 0.013 0.494 0.044 0.036 0.003 0.013 0.031
127 L 0.045 0.024 0.014 0.015 0.016 0.016 0.02 0.021 0.01 0.115 0.375 0.025 0.05 0.055 0.014 0.024 0.033 0.007 0.022 0.096
128 T 0.073 0.036 0.043 0.038 0.018 0.028 0.039 0.043 0.014 0.053 0.065 0.045 0.02 0.024 0.028 0.093 0.247 0.006 0.018 0.071
129 K 0.057 0.055 0.04 0.028 0.011 0.03 0.04 0.032 0.015 0.103 0.093 0.178 0.03 0.09 0.019 0.038 0.034 0.006 0.026 0.074
130 L 0.058 0.022 0.032 0.02 0.014 0.017 0.022 0.025 0.012 0.167 0.2 0.027 0.039 0.043 0.015 0.034 0.069 0.007 0.047 0.129
131 I 0.084 0.02 0.017 0.034 0.014 0.015 0.023 0.031 0.014 0.179 0.123 0.025 0.026 0.082 0.015 0.032 0.034 0.029 0.068 0.135
132 L 0.071 0.021 0.018 0.019 0.034 0.015 0.022 0.059 0.012 0.099 0.184 0.024 0.03 0.156 0.014 0.051 0.034 0.008 0.035 0.095
133 L 0.085 0.022 0.017 0.018 0.055 0.016 0.022 0.029 0.011 0.105 0.206 0.026 0.047 0.084 0.015 0.044 0.047 0.007 0.025 0.119
134 I 0.074 0.021 0.018 0.019 0.015 0.015 0.022 0.027 0.01 0.185 0.163 0.026 0.029 0.067 0.016 0.045 0.071 0.006 0.023 0.147
135 I 0.098 0.021 0.017 0.019 0.035 0.016 0.022 0.05 0.01 0.168 0.157 0.026 0.036 0.058 0.016 0.041 0.046 0.006 0.021 0.138
136 L 0.052 0.019 0.015 0.016 0.013 0.013 0.019 0.022 0.013 0.149 0.187 0.022 0.03 0.168 0.013 0.025 0.031 0.01 0.065 0.118
137 C 0.065 0.016 0.016 0.016 0.484 0.012 0.016 0.032 0.008 0.045 0.065 0.02 0.016 0.02 0.016 0.041 0.037 0.004 0.012 0.057
138 N 0.057 0.034 0.179 0.174 0.049 0.04 0.087 0.067 0.021 0.022 0.032 0.046 0.011 0.015 0.019 0.063 0.039 0.004 0.013 0.028
139 L 0.081 0.02 0.016 0.017 0.035 0.015 0.02 0.026 0.01 0.186 0.203 0.024 0.031 0.056 0.015 0.032 0.046 0.007 0.035 0.125
140 L 0.059 0.02 0.015 0.016 0.014 0.014 0.019 0.043 0.01 0.158 0.204 0.023 0.031 0.082 0.014 0.027 0.035 0.007 0.039 0.17
141 I 0.067 0.022 0.035 0.023 0.015 0.017 0.024 0.029 0.01 0.194 0.111 0.029 0.035 0.032 0.017 0.053 0.093 0.005 0.018 0.171
142 L 0.074 0.023 0.019 0.019 0.035 0.017 0.023 0.028 0.01 0.145 0.221 0.027 0.04 0.036 0.016 0.043 0.086 0.006 0.018 0.114
143 F 0.059 0.02 0.017 0.017 0.012 0.014 0.02 0.045 0.017 0.125 0.138 0.023 0.025 0.176 0.013 0.029 0.03 0.012 0.111 0.097
144 L 0.037 0.02 0.014 0.014 0.013 0.013 0.018 0.021 0.012 0.095 0.296 0.021 0.035 0.144 0.012 0.022 0.028 0.051 0.051 0.084
145 Y 0.036 0.024 0.018 0.016 0.009 0.018 0.024 0.023 0.032 0.045 0.103 0.026 0.019 0.095 0.013 0.028 0.036 0.103 0.285 0.045
146 F 0.051 0.054 0.019 0.018 0.011 0.018 0.024 0.024 0.022 0.118 0.104 0.043 0.023 0.155 0.014 0.029 0.031 0.014 0.147 0.082
147 K 0.046 0.154 0.046 0.032 0.009 0.058 0.05 0.033 0.037 0.038 0.09 0.17 0.018 0.024 0.02 0.043 0.045 0.006 0.032 0.049
148 E 0.051 0.043 0.079 0.096 0.008 0.044 0.224 0.058 0.021 0.025 0.04 0.079 0.021 0.033 0.021 0.068 0.037 0.005 0.017 0.03
149 V 0.065 0.019 0.014 0.016 0.016 0.014 0.019 0.022 0.008 0.224 0.129 0.023 0.038 0.035 0.014 0.028 0.04 0.005 0.018 0.25
150 R 0.045 0.122 0.047 0.026 0.01 0.039 0.038 0.029 0.028 0.076 0.082 0.093 0.02 0.046 0.017 0.036 0.034 0.01 0.109 0.095
151 R 0.064 0.193 0.05 0.036 0.01 0.058 0.063 0.038 0.021 0.028 0.047 0.12 0.024 0.021 0.021 0.09 0.044 0.006 0.03 0.038
152 I 0.043 0.018 0.013 0.015 0.015 0.013 0.017 0.019 0.008 0.264 0.222 0.022 0.044 0.041 0.013 0.023 0.035 0.006 0.019 0.151
153 A 0.225 0.027 0.027 0.027 0.017 0.022 0.033 0.095 0.013 0.057 0.064 0.037 0.026 0.022 0.023 0.099 0.058 0.005 0.016 0.107
154 G 0.106 0.025 0.045 0.031 0.013 0.02 0.029 0.266 0.013 0.057 0.097 0.034 0.017 0.022 0.019 0.096 0.043 0.005 0.014 0.048
155 L 0.049 0.052 0.06 0.03 0.011 0.059 0.039 0.057 0.019 0.088 0.12 0.056 0.023 0.082 0.017 0.06 0.037 0.008 0.059 0.073
156 G 0.117 0.025 0.068 0.071 0.011 0.021 0.034 0.261 0.022 0.029 0.053 0.034 0.013 0.042 0.019 0.061 0.034 0.007 0.045 0.035
157 G 0.068 0.023 0.05 0.049 0.01 0.019 0.028 0.445 0.013 0.02 0.03 0.032 0.01 0.032 0.018 0.067 0.042 0.005 0.013 0.026
158 L 0.052 0.032 0.02 0.02 0.016 0.028 0.028 0.028 0.016 0.1 0.197 0.036 0.161 0.048 0.016 0.036 0.04 0.008 0.024 0.092
159 T 0.073 0.036 0.043 0.038 0.018 0.028 0.039 0.043 0.014 0.053 0.065 0.045 0.02 0.024 0.028 0.093 0.247 0.006 0.018 0.071
160 S 0.073 0.053 0.107 0.051 0.011 0.04 0.056 0.046 0.025 0.03 0.057 0.059 0.015 0.038 0.021 0.134 0.048 0.009 0.09 0.037
161 S 0.057 0.028 0.066 0.075 0.013 0.024 0.052 0.042 0.017 0.084 0.084 0.037 0.019 0.069 0.032 0.098 0.082 0.007 0.039 0.075
162 L 0.045 0.036 0.126 0.042 0.012 0.028 0.037 0.04 0.077 0.065 0.161 0.04 0.061 0.036 0.017 0.045 0.039 0.006 0.026 0.059
163 G 0.069 0.03 0.043 0.095 0.012 0.027 0.063 0.204 0.015 0.029 0.038 0.043 0.012 0.017 0.077 0.08 0.089 0.005 0.013 0.037
164 F 0.044 0.02 0.021 0.019 0.01 0.014 0.02 0.145 0.014 0.069 0.108 0.023 0.021 0.188 0.012 0.031 0.039 0.083 0.061 0.058
165 G 0.119 0.034 0.039 0.07 0.013 0.037 0.056 0.151 0.015 0.03 0.054 0.055 0.014 0.018 0.023 0.143 0.07 0.005 0.014 0.04
166 N 0.076 0.042 0.188 0.065 0.013 0.033 0.05 0.065 0.025 0.026 0.036 0.054 0.013 0.019 0.025 0.148 0.065 0.005 0.016 0.034
167 F 0.04 0.018 0.016 0.017 0.013 0.012 0.018 0.023 0.013 0.17 0.14 0.021 0.031 0.218 0.013 0.025 0.032 0.011 0.054 0.115
168 T 0.062 0.033 0.031 0.028 0.017 0.027 0.033 0.035 0.015 0.076 0.129 0.04 0.096 0.035 0.022 0.064 0.148 0.007 0.021 0.081
169 G 0.072 0.037 0.135 0.068 0.01 0.061 0.085 0.149 0.02 0.023 0.033 0.05 0.012 0.016 0.021 0.104 0.055 0.005 0.014 0.03
170 L 0.081 0.023 0.016 0.017 0.015 0.018 0.022 0.027 0.012 0.145 0.231 0.027 0.093 0.049 0.015 0.031 0.035 0.007 0.035 0.105
171 L 0.055 0.028 0.019 0.02 0.013 0.051 0.03 0.026 0.014 0.095 0.186 0.033 0.107 0.118 0.015 0.033 0.044 0.008 0.031 0.075
172 W 0.064 0.032 0.043 0.036 0.01 0.048 0.088 0.057 0.036 0.036 0.048 0.041 0.015 0.038 0.017 0.08 0.048 0.133 0.071 0.058
173 A 0.107 0.046 0.104 0.037 0.012 0.025 0.048 0.043 0.052 0.051 0.071 0.046 0.017 0.083 0.018 0.067 0.038 0.008 0.069 0.057
174 Y 0.035 0.022 0.018 0.016 0.009 0.016 0.022 0.022 0.032 0.068 0.079 0.024 0.019 0.202 0.013 0.026 0.025 0.021 0.28 0.052
175 R 0.042 0.343 0.035 0.03 0.007 0.044 0.05 0.031 0.02 0.022 0.041 0.165 0.014 0.015 0.019 0.041 0.032 0.005 0.015 0.028
176 L 0.046 0.084 0.097 0.038 0.01 0.048 0.062 0.074 0.019 0.068 0.106 0.049 0.033 0.038 0.017 0.044 0.057 0.006 0.039 0.063
177 N 0.073 0.034 0.109 0.035 0.012 0.024 0.034 0.038 0.035 0.077 0.092 0.059 0.029 0.052 0.018 0.063 0.04 0.008 0.064 0.107
178 Y 0.041 0.028 0.022 0.019 0.009 0.022 0.028 0.025 0.047 0.044 0.069 0.031 0.019 0.131 0.016 0.031 0.028 0.028 0.316 0.047
179 G 0.079 0.023 0.039 0.034 0.011 0.019 0.026 0.508 0.014 0.019 0.028 0.034 0.009 0.016 0.019 0.051 0.03 0.005 0.011 0.024
180 G 0.079 0.023 0.039 0.034 0.011 0.019 0.026 0.508 0.014 0.019 0.028 0.034 0.009 0.016 0.019 0.051 0.03 0.005 0.011 0.024
181 L 0.045 0.024 0.014 0.015 0.016 0.016 0.02 0.021 0.01 0.116 0.373 0.025 0.05 0.055 0.014 0.024 0.034 0.007 0.022 0.097
182 T 0.09 0.028 0.033 0.03 0.015 0.022 0.031 0.105 0.012 0.076 0.065 0.036 0.018 0.022 0.022 0.077 0.208 0.005 0.015 0.088
183 I 0.055 0.019 0.015 0.017 0.017 0.014 0.02 0.022 0.008 0.234 0.15 0.024 0.034 0.04 0.015 0.028 0.043 0.006 0.02 0.217
184 N 0.094 0.038 0.215 0.136 0.011 0.031 0.055 0.063 0.025 0.026 0.036 0.049 0.012 0.018 0.022 0.068 0.046 0.004 0.015 0.034
185 S 0.115 0.037 0.062 0.04 0.014 0.05 0.046 0.054 0.019 0.032 0.049 0.053 0.025 0.041 0.024 0.2 0.058 0.006 0.034 0.041
186 Y 0.041 0.027 0.038 0.041 0.01 0.022 0.043 0.026 0.033 0.048 0.095 0.031 0.028 0.088 0.015 0.042 0.03 0.018 0.267 0.057
187 S 0.077 0.036 0.066 0.047 0.012 0.043 0.109 0.087 0.035 0.035 0.088 0.047 0.017 0.021 0.022 0.125 0.069 0.005 0.017 0.041
188 G 0.078 0.026 0.073 0.081 0.012 0.02 0.034 0.181 0.015 0.055 0.107 0.033 0.018 0.043 0.018 0.065 0.047 0.006 0.031 0.057
189 K 0.089 0.054 0.077 0.091 0.011 0.06 0.085 0.105 0.021 0.026 0.039 0.111 0.014 0.017 0.024 0.079 0.043 0.005 0.015 0.034
190 D 0.061 0.03 0.063 0.156 0.013 0.025 0.051 0.104 0.016 0.052 0.091 0.04 0.019 0.024 0.021 0.076 0.071 0.005 0.015 0.069
191 N 0.076 0.042 0.186 0.066 0.013 0.033 0.051 0.066 0.025 0.026 0.037 0.054 0.013 0.019 0.025 0.146 0.066 0.005 0.017 0.034
192 R 0.045 0.345 0.039 0.031 0.008 0.048 0.052 0.033 0.023 0.023 0.047 0.12 0.016 0.017 0.019 0.045 0.035 0.006 0.017 0.031
193 D 0.05 0.034 0.051 0.145 0.01 0.042 0.126 0.055 0.016 0.076 0.072 0.056 0.017 0.021 0.019 0.054 0.048 0.005 0.015 0.088
194 A 0.293 0.031 0.025 0.03 0.021 0.025 0.04 0.078 0.015 0.043 0.059 0.044 0.017 0.021 0.03 0.085 0.05 0.005 0.017 0.068
195 E 0.106 0.032 0.038 0.061 0.012 0.042 0.127 0.038 0.017 0.061 0.089 0.045 0.027 0.026 0.041 0.068 0.05 0.006 0.031 0.082
196 G 0.066 0.061 0.078 0.04 0.012 0.028 0.053 0.134 0.017 0.044 0.053 0.058 0.032 0.02 0.021 0.122 0.096 0.005 0.015 0.044
197 L 0.048 0.022 0.016 0.016 0.015 0.017 0.021 0.022 0.01 0.132 0.222 0.025 0.081 0.072 0.014 0.029 0.047 0.007 0.024 0.163
198 P 0.069 0.047 0.105 0.043 0.012 0.026 0.04 0.089 0.017 0.023 0.033 0.046 0.011 0.016 0.165 0.157 0.051 0.004 0.014 0.031
199 G 0.088 0.026 0.047 0.032 0.012 0.021 0.031 0.244 0.029 0.032 0.041 0.035 0.013 0.019 0.061 0.075 0.103 0.026 0.016 0.049
200 L 0.044 0.028 0.019 0.019 0.012 0.019 0.025 0.025 0.016 0.09 0.193 0.051 0.036 0.092 0.014 0.044 0.043 0.062 0.086 0.082
201 L 0.072 0.021 0.016 0.017 0.015 0.016 0.021 0.025 0.009 0.17 0.226 0.025 0.059 0.039 0.015 0.031 0.047 0.006 0.019 0.153
202 N 0.067 0.082 0.163 0.05 0.011 0.051 0.058 0.078 0.021 0.027 0.039 0.055 0.013 0.017 0.021 0.093 0.099 0.005 0.015 0.036
203 Q 0.047 0.05 0.031 0.035 0.009 0.204 0.08 0.031 0.022 0.064 0.102 0.062 0.023 0.043 0.018 0.042 0.035 0.007 0.035 0.059
204 L 0.067 0.023 0.017 0.017 0.014 0.016 0.021 0.047 0.012 0.082 0.252 0.025 0.071 0.128 0.014 0.031 0.042 0.008 0.032 0.082
205 L 0.057 0.027 0.053 0.031 0.014 0.022 0.054 0.033 0.013 0.111 0.162 0.034 0.026 0.047 0.018 0.08 0.086 0.006 0.02 0.106
206 K 0.048 0.174 0.036 0.035 0.007 0.046 0.059 0.036 0.019 0.024 0.039 0.297 0.014 0.014 0.023 0.046 0.034 0.005 0.015 0.029
207 I 0.044 0.019 0.014 0.016 0.014 0.013 0.018 0.02 0.009 0.216 0.193 0.022 0.041 0.087 0.013 0.025 0.042 0.007 0.026 0.159
208 V 0.074 0.024 0.024 0.023 0.036 0.018 0.026 0.051 0.01 0.119 0.092 0.03 0.031 0.027 0.039 0.065 0.106 0.005 0.017 0.183
209 D 0.06 0.07 0.048 0.102 0.011 0.032 0.084 0.035 0.017 0.053 0.073 0.094 0.034 0.024 0.041 0.049 0.08 0.006 0.03 0.058
210 A 0.187 0.025 0.025 0.026 0.016 0.02 0.03 0.129 0.012 0.076 0.093 0.034 0.02 0.024 0.021 0.087 0.044 0.005 0.016 0.111
211 S 0.092 0.027 0.031 0.029 0.096 0.021 0.032 0.042 0.013 0.056 0.093 0.035 0.028 0.073 0.02 0.142 0.085 0.006 0.023 0.056
212 G 0.186 0.024 0.031 0.029 0.014 0.02 0.029 0.334 0.013 0.027 0.038 0.035 0.012 0.017 0.021 0.069 0.047 0.005 0.012 0.039
213 Y 0.035 0.022 0.018 0.016 0.009 0.016 0.022 0.022 0.032 0.059 0.094 0.024 0.02 0.197 0.013 0.026 0.025 0.021 0.279 0.05
214 I 0.051 0.019 0.014 0.016 0.016 0.014 0.019 0.021 0.008 0.23 0.157 0.023 0.04 0.037 0.014 0.027 0.044 0.005 0.018 0.229
215 F 0.084 0.022 0.022 0.021 0.073 0.016 0.025 0.034 0.018 0.046 0.078 0.027 0.027 0.219 0.015 0.075 0.035 0.012 0.1 0.049
216 L 0.088 0.022 0.022 0.021 0.034 0.017 0.023 0.133 0.011 0.117 0.182 0.028 0.044 0.032 0.017 0.041 0.067 0.005 0.016 0.08
217 F 0.033 0.02 0.017 0.016 0.009 0.014 0.02 0.022 0.026 0.049 0.084 0.021 0.02 0.312 0.011 0.025 0.024 0.019 0.212 0.046
218 I 0.075 0.021 0.019 0.02 0.015 0.016 0.022 0.028 0.01 0.216 0.128 0.027 0.028 0.049 0.016 0.049 0.082 0.006 0.02 0.153
219 F 0.035 0.019 0.015 0.015 0.011 0.012 0.018 0.042 0.014 0.09 0.195 0.02 0.029 0.281 0.011 0.023 0.026 0.012 0.067 0.066
220 I 0.046 0.019 0.015 0.017 0.014 0.015 0.019 0.022 0.01 0.248 0.168 0.024 0.07 0.055 0.014 0.035 0.037 0.006 0.021 0.145
221 N 0.04 0.08 0.223 0.052 0.029 0.04 0.053 0.044 0.028 0.027 0.043 0.051 0.022 0.036 0.017 0.05 0.037 0.008 0.088 0.031
222 N 0.038 0.04 0.379 0.074 0.008 0.031 0.057 0.057 0.028 0.02 0.028 0.049 0.01 0.016 0.018 0.061 0.043 0.004 0.014 0.024
223 L 0.048 0.038 0.033 0.02 0.013 0.018 0.024 0.026 0.016 0.123 0.167 0.03 0.045 0.085 0.015 0.049 0.036 0.009 0.077 0.129
224 I 0.047 0.022 0.016 0.017 0.014 0.035 0.024 0.021 0.01 0.182 0.176 0.026 0.031 0.09 0.014 0.026 0.035 0.007 0.026 0.18
225 I 0.098 0.026 0.067 0.047 0.033 0.022 0.044 0.038 0.033 0.134 0.08 0.034 0.02 0.037 0.018 0.063 0.05 0.007 0.061 0.089
226 K 0.078 0.068 0.051 0.068 0.01 0.033 0.049 0.062 0.049 0.031 0.058 0.152 0.015 0.039 0.022 0.079 0.061 0.006 0.035 0.037
227 K 0.055 0.112 0.082 0.059 0.009 0.047 0.068 0.086 0.036 0.024 0.037 0.133 0.013 0.016 0.022 0.085 0.063 0.005 0.016 0.031
228 E 0.055 0.05 0.041 0.091 0.007 0.065 0.293 0.035 0.026 0.022 0.037 0.076 0.013 0.017 0.026 0.055 0.037 0.006 0.017 0.031
229 N 0.043 0.045 0.314 0.083 0.009 0.034 0.05 0.065 0.032 0.023 0.032 0.054 0.011 0.018 0.02 0.07 0.05 0.005 0.016 0.027
230 K 0.062 0.061 0.05 0.085 0.011 0.052 0.05 0.037 0.051 0.072 0.073 0.108 0.018 0.026 0.02 0.056 0.06 0.006 0.034 0.067
231 H 0.042 0.046 0.053 0.038 0.008 0.038 0.053 0.038 0.355 0.023 0.038 0.046 0.015 0.03 0.019 0.042 0.027 0.008 0.057 0.023
232 S 0.11 0.04 0.054 0.049 0.018 0.033 0.052 0.066 0.019 0.03 0.042 0.054 0.016 0.021 0.03 0.22 0.082 0.005 0.018 0.042
233 N 0.043 0.045 0.317 0.083 0.009 0.034 0.049 0.065 0.032 0.022 0.032 0.054 0.011 0.018 0.02 0.07 0.049 0.004 0.016 0.027
234 L 0.052 0.032 0.02 0.02 0.016 0.028 0.028 0.028 0.016 0.1 0.197 0.036 0.161 0.048 0.016 0.036 0.04 0.008 0.024 0.092
235 K 0.064 0.15 0.065 0.037 0.009 0.05 0.053 0.062 0.019 0.029 0.042 0.192 0.014 0.016 0.044 0.055 0.037 0.005 0.015 0.044
236 D 0.052 0.037 0.143 0.172 0.011 0.03 0.06 0.052 0.021 0.033 0.042 0.048 0.013 0.019 0.023 0.072 0.11 0.005 0.015 0.041
237 L 0.046 0.02 0.015 0.017 0.016 0.014 0.019 0.021 0.009 0.219 0.237 0.024 0.041 0.048 0.015 0.025 0.038 0.006 0.021 0.15
238 L 0.045 0.024 0.014 0.015 0.016 0.016 0.02 0.021 0.01 0.116 0.373 0.025 0.05 0.055 0.014 0.024 0.034 0.007 0.022 0.097
239 R 0.045 0.157 0.032 0.03 0.009 0.038 0.047 0.034 0.02 0.038 0.068 0.139 0.019 0.14 0.019 0.041 0.033 0.009 0.041 0.04
240 V 0.076 0.027 0.028 0.028 0.018 0.021 0.031 0.037 0.012 0.155 0.114 0.035 0.028 0.034 0.02 0.092 0.057 0.006 0.02 0.162
241 I 0.044 0.084 0.022 0.022 0.011 0.036 0.034 0.026 0.015 0.132 0.121 0.102 0.038 0.068 0.016 0.032 0.033 0.029 0.039 0.098
242 L 0.045 0.024 0.014 0.015 0.016 0.016 0.02 0.021 0.01 0.116 0.373 0.025 0.05 0.055 0.014 0.024 0.034 0.007 0.022 0.097
243 R 0.045 0.343 0.039 0.031 0.008 0.049 0.052 0.033 0.023 0.023 0.047 0.121 0.016 0.017 0.019 0.045 0.035 0.006 0.017 0.031
244 V 0.07 0.022 0.017 0.018 0.019 0.017 0.023 0.025 0.008 0.165 0.131 0.026 0.032 0.036 0.017 0.033 0.05 0.006 0.021 0.266
245 L 0.045 0.024 0.014 0.015 0.016 0.016 0.02 0.021 0.01 0.116 0.373 0.025 0.05 0.055 0.014 0.024 0.034 0.007 0.022 0.097
246 K 0.053 0.068 0.032 0.046 0.031 0.041 0.046 0.035 0.016 0.042 0.093 0.157 0.018 0.04 0.031 0.07 0.06 0.047 0.022 0.053
247 K 0.049 0.141 0.038 0.082 0.009 0.06 0.056 0.036 0.034 0.031 0.046 0.151 0.015 0.05 0.02 0.064 0.047 0.006 0.021 0.044
248 N 0.04 0.049 0.189 0.149 0.009 0.038 0.063 0.043 0.024 0.041 0.041 0.046 0.013 0.028 0.018 0.051 0.048 0.007 0.058 0.045
249 K 0.057 0.107 0.041 0.041 0.009 0.053 0.071 0.043 0.021 0.028 0.043 0.279 0.015 0.015 0.028 0.053 0.04 0.005 0.017 0.033
250 A 0.291 0.031 0.026 0.03 0.022 0.026 0.04 0.078 0.015 0.043 0.059 0.044 0.017 0.022 0.03 0.085 0.05 0.005 0.017 0.069
251 L 0.044 0.024 0.014 0.015 0.016 0.016 0.02 0.021 0.01 0.115 0.376 0.025 0.05 0.055 0.014 0.024 0.033 0.007 0.022 0.096
252 K 0.057 0.107 0.041 0.041 0.009 0.053 0.071 0.043 0.021 0.028 0.043 0.279 0.015 0.015 0.028 0.053 0.04 0.005 0.017 0.033
253 L 0.044 0.024 0.014 0.015 0.016 0.016 0.02 0.021 0.01 0.115 0.376 0.025 0.05 0.055 0.014 0.024 0.033 0.007 0.022 0.096
254 L 0.047 0.038 0.018 0.018 0.076 0.027 0.024 0.066 0.013 0.126 0.166 0.035 0.027 0.063 0.014 0.029 0.032 0.008 0.058 0.113
255 L 0.061 0.044 0.021 0.022 0.013 0.022 0.039 0.047 0.015 0.105 0.212 0.057 0.037 0.045 0.016 0.035 0.054 0.018 0.062 0.075
256 L 0.044 0.024 0.046 0.021 0.053 0.017 0.023 0.026 0.02 0.072 0.215 0.027 0.037 0.075 0.014 0.039 0.032 0.011 0.121 0.083
257 L 0.055 0.021 0.014 0.015 0.035 0.015 0.019 0.022 0.01 0.148 0.298 0.024 0.054 0.045 0.014 0.026 0.033 0.007 0.033 0.113
258 I 0.061 0.019 0.014 0.017 0.015 0.014 0.019 0.023 0.009 0.214 0.172 0.024 0.03 0.052 0.055 0.027 0.036 0.005 0.02 0.174
259 P 0.045 0.024 0.076 0.03 0.01 0.018 0.029 0.032 0.014 0.066 0.099 0.033 0.017 0.071 0.282 0.037 0.033 0.005 0.021 0.059
260 V 0.065 0.019 0.016 0.018 0.035 0.015 0.021 0.045 0.009 0.171 0.14 0.025 0.027 0.039 0.056 0.032 0.049 0.005 0.018 0.195
261 L 0.072 0.02 0.017 0.018 0.014 0.015 0.02 0.08 0.01 0.158 0.172 0.025 0.037 0.083 0.035 0.031 0.034 0.006 0.024 0.13
262 L 0.054 0.021 0.014 0.016 0.015 0.015 0.019 0.022 0.009 0.165 0.325 0.024 0.047 0.044 0.014 0.027 0.044 0.006 0.019 0.103
263 F 0.053 0.025 0.027 0.04 0.011 0.019 0.03 0.032 0.04 0.042 0.067 0.03 0.018 0.187 0.016 0.076 0.062 0.015 0.167 0.044
264 I 0.085 0.019 0.016 0.018 0.055 0.015 0.02 0.028 0.01 0.201 0.143 0.024 0.037 0.066 0.015 0.042 0.037 0.006 0.022 0.141
265 L 0.096 0.021 0.017 0.018 0.035 0.016 0.022 0.03 0.012 0.149 0.183 0.026 0.037 0.063 0.016 0.043 0.036 0.007 0.05 0.122
266 K 0.048 0.053 0.044 0.034 0.009 0.113 0.055 0.034 0.02 0.045 0.059 0.122 0.034 0.055 0.101 0.044 0.046 0.006 0.036 0.042
267 S 0.081 0.03 0.075 0.038 0.075 0.024 0.047 0.085 0.015 0.045 0.052 0.039 0.016 0.02 0.021 0.125 0.115 0.005 0.015 0.079
268 L 0.043 0.021 0.016 0.016 0.014 0.014 0.019 0.022 0.01 0.149 0.274 0.023 0.041 0.106 0.013 0.036 0.044 0.007 0.028 0.104
269 L 0.039 0.021 0.014 0.015 0.013 0.015 0.019 0.021 0.012 0.133 0.271 0.023 0.069 0.127 0.012 0.024 0.03 0.009 0.046 0.089
270 G 0.076 0.062 0.038 0.082 0.012 0.026 0.041 0.163 0.014 0.037 0.072 0.067 0.015 0.02 0.021 0.1 0.085 0.005 0.014 0.051
271 G 0.114 0.026 0.038 0.034 0.013 0.022 0.033 0.332 0.014 0.023 0.033 0.037 0.011 0.016 0.021 0.139 0.045 0.005 0.012 0.032
272 G 0.062 0.026 0.119 0.057 0.009 0.021 0.031 0.408 0.016 0.018 0.026 0.035 0.009 0.015 0.018 0.059 0.032 0.005 0.011 0.023
273 R 0.04 0.418 0.034 0.028 0.007 0.043 0.046 0.029 0.021 0.021 0.041 0.107 0.014 0.015 0.017 0.04 0.031 0.005 0.015 0.028
274 L 0.049 0.031 0.039 0.026 0.012 0.069 0.036 0.09 0.019 0.068 0.166 0.038 0.025 0.059 0.016 0.048 0.056 0.009 0.077 0.067
275 D 0.059 0.036 0.107 0.128 0.01 0.06 0.09 0.061 0.02 0.029 0.053 0.048 0.014 0.021 0.061 0.054 0.081 0.005 0.029 0.035
276 L 0.044 0.019 0.014 0.015 0.015 0.014 0.018 0.02 0.009 0.202 0.247 0.023 0.053 0.058 0.013 0.024 0.034 0.006 0.021 0.152
277 L 0.041 0.021 0.013 0.014 0.014 0.015 0.018 0.02 0.009 0.149 0.357 0.023 0.066 0.046 0.013 0.023 0.031 0.006 0.02 0.099
278 K 0.085 0.103 0.046 0.035 0.009 0.084 0.064 0.08 0.019 0.037 0.045 0.12 0.015 0.02 0.02 0.056 0.035 0.068 0.021 0.037
279 L 0.04 0.022 0.014 0.014 0.014 0.015 0.019 0.02 0.011 0.115 0.335 0.023 0.064 0.065 0.013 0.023 0.031 0.028 0.038 0.095
280 L 0.058 0.019 0.015 0.016 0.014 0.014 0.019 0.043 0.009 0.168 0.207 0.023 0.04 0.086 0.014 0.027 0.034 0.007 0.025 0.159
281 A 0.132 0.024 0.024 0.024 0.046 0.018 0.028 0.081 0.012 0.095 0.095 0.031 0.03 0.075 0.019 0.088 0.043 0.006 0.023 0.108
282 A 0.169 0.027 0.029 0.03 0.014 0.022 0.045 0.15 0.014 0.038 0.057 0.037 0.024 0.078 0.021 0.088 0.079 0.006 0.023 0.049
283 A 0.152 0.025 0.026 0.025 0.035 0.02 0.029 0.125 0.015 0.052 0.104 0.033 0.028 0.048 0.02 0.081 0.053 0.007 0.047 0.076
284 V 0.061 0.02 0.015 0.016 0.015 0.014 0.02 0.023 0.01 0.155 0.168 0.023 0.038 0.1 0.014 0.03 0.048 0.007 0.028 0.193
285 V 0.05 0.019 0.016 0.017 0.015 0.014 0.02 0.023 0.01 0.186 0.136 0.023 0.042 0.1 0.014 0.038 0.044 0.007 0.028 0.2
286 L 0.057 0.026 0.019 0.019 0.013 0.039 0.027 0.025 0.02 0.127 0.154 0.031 0.052 0.057 0.015 0.032 0.044 0.011 0.12 0.112
287 Y 0.062 0.026 0.025 0.023 0.012 0.02 0.028 0.053 0.026 0.066 0.082 0.031 0.024 0.084 0.017 0.075 0.07 0.036 0.186 0.055
288 Y 0.05 0.024 0.033 0.019 0.036 0.019 0.025 0.026 0.036 0.039 0.062 0.028 0.017 0.13 0.014 0.031 0.027 0.021 0.321 0.043
289 I 0.042 0.019 0.014 0.016 0.014 0.014 0.018 0.02 0.012 0.215 0.185 0.022 0.049 0.094 0.013 0.024 0.033 0.008 0.055 0.134
290 L 0.043 0.022 0.016 0.016 0.054 0.025 0.021 0.022 0.012 0.128 0.237 0.025 0.041 0.106 0.013 0.027 0.042 0.008 0.042 0.1
291 W 0.043 0.034 0.044 0.027 0.03 0.054 0.048 0.031 0.017 0.064 0.088 0.06 0.019 0.045 0.015 0.046 0.049 0.174 0.055 0.059
292 H 0.048 0.047 0.067 0.052 0.01 0.069 0.054 0.036 0.098 0.05 0.063 0.093 0.043 0.043 0.019 0.06 0.047 0.007 0.04 0.053
293 R 0.074 0.115 0.044 0.031 0.01 0.081 0.047 0.056 0.023 0.047 0.057 0.082 0.026 0.042 0.019 0.063 0.037 0.009 0.085 0.054
294 K 0.057 0.107 0.042 0.042 0.009 0.054 0.071 0.043 0.021 0.028 0.043 0.276 0.016 0.016 0.028 0.054 0.04 0.005 0.017 0.033
295 S 0.11 0.04 0.054 0.049 0.018 0.033 0.053 0.066 0.019 0.03 0.042 0.054 0.016 0.021 0.03 0.218 0.082 0.005 0.018 0.042
296 K 0.049 0.092 0.049 0.038 0.008 0.058 0.068 0.057 0.034 0.038 0.045 0.241 0.015 0.033 0.022 0.047 0.045 0.005 0.019 0.035
297 N 0.052 0.047 0.14 0.04 0.012 0.024 0.034 0.039 0.021 0.071 0.08 0.04 0.019 0.038 0.018 0.073 0.063 0.008 0.073 0.109
298 G 0.061 0.034 0.082 0.057 0.009 0.025 0.042 0.359 0.019 0.019 0.028 0.077 0.01 0.015 0.038 0.054 0.032 0.005 0.012 0.024
299 W 0.032 0.046 0.017 0.017 0.008 0.019 0.026 0.028 0.014 0.033 0.07 0.055 0.026 0.048 0.01 0.025 0.024 0.42 0.052 0.033
300 S 0.109 0.04 0.054 0.048 0.017 0.033 0.052 0.066 0.019 0.029 0.042 0.054 0.016 0.021 0.029 0.227 0.081 0.005 0.017 0.042
301 K 0.05 0.103 0.108 0.09 0.009 0.047 0.055 0.065 0.038 0.028 0.038 0.147 0.013 0.016 0.021 0.07 0.039 0.005 0.016 0.041
302 K 0.063 0.108 0.063 0.034 0.01 0.035 0.046 0.061 0.019 0.048 0.084 0.173 0.018 0.044 0.02 0.055 0.036 0.006 0.036 0.043
303 N 0.052 0.054 0.11 0.057 0.01 0.051 0.047 0.061 0.037 0.053 0.051 0.107 0.016 0.027 0.02 0.069 0.051 0.006 0.047 0.074
304 I 0.047 0.042 0.018 0.019 0.013 0.018 0.023 0.063 0.011 0.206 0.16 0.05 0.037 0.038 0.015 0.028 0.034 0.006 0.032 0.14
305 S 0.083 0.04 0.111 0.047 0.013 0.03 0.045 0.075 0.019 0.026 0.036 0.07 0.013 0.017 0.044 0.203 0.074 0.004 0.015 0.035
306 F 0.043 0.024 0.02 0.019 0.011 0.016 0.023 0.087 0.03 0.099 0.134 0.037 0.041 0.165 0.013 0.038 0.029 0.051 0.055 0.065
307 K 0.051 0.112 0.05 0.037 0.008 0.044 0.058 0.038 0.018 0.031 0.055 0.298 0.015 0.016 0.023 0.056 0.037 0.005 0.016 0.033
308 Y 0.043 0.027 0.036 0.022 0.011 0.02 0.026 0.027 0.024 0.076 0.097 0.041 0.038 0.129 0.015 0.037 0.075 0.014 0.172 0.07
309 V 0.07 0.022 0.017 0.018 0.019 0.017 0.023 0.025 0.008 0.165 0.131 0.026 0.032 0.036 0.017 0.033 0.05 0.006 0.021 0.266
310 G 0.079 0.023 0.039 0.034 0.011 0.019 0.026 0.508 0.014 0.019 0.028 0.034 0.009 0.016 0.019 0.052 0.03 0.005 0.011 0.024
311 S 0.11 0.04 0.054 0.049 0.018 0.033 0.053 0.067 0.019 0.03 0.042 0.054 0.016 0.021 0.03 0.216 0.082 0.005 0.018 0.042
312 I 0.047 0.018 0.015 0.018 0.016 0.013 0.018 0.021 0.009 0.268 0.169 0.024 0.037 0.044 0.015 0.025 0.04 0.006 0.021 0.177
313 I 0.054 0.018 0.014 0.016 0.014 0.013 0.018 0.021 0.009 0.258 0.213 0.022 0.046 0.057 0.013 0.025 0.034 0.006 0.021 0.129
314 K 0.062 0.061 0.026 0.025 0.012 0.025 0.034 0.072 0.022 0.085 0.102 0.108 0.03 0.076 0.018 0.05 0.057 0.027 0.026 0.08
315 K 0.047 0.107 0.029 0.044 0.01 0.031 0.042 0.051 0.016 0.107 0.083 0.153 0.02 0.028 0.018 0.047 0.035 0.027 0.032 0.073
316 L 0.045 0.024 0.014 0.015 0.016 0.016 0.02 0.021 0.01 0.116 0.373 0.025 0.05 0.055 0.014 0.024 0.034 0.007 0.022 0.097
317 G 0.087 0.022 0.026 0.024 0.012 0.017 0.023 0.291 0.011 0.071 0.131 0.029 0.029 0.042 0.016 0.05 0.032 0.006 0.016 0.064
318 L 0.07 0.02 0.016 0.017 0.014 0.015 0.02 0.025 0.01 0.159 0.212 0.024 0.04 0.103 0.014 0.031 0.049 0.007 0.028 0.126
319 L 0.074 0.027 0.02 0.023 0.014 0.019 0.038 0.069 0.011 0.12 0.186 0.047 0.036 0.066 0.016 0.045 0.047 0.006 0.022 0.113
320 L 0.105 0.022 0.022 0.023 0.036 0.017 0.024 0.119 0.011 0.138 0.148 0.029 0.025 0.03 0.018 0.062 0.055 0.005 0.016 0.095
