#Seq2Logo.py -f /work3/idamei/ssn-clusterings/clustering/2205181126/clusters/0030_81/sequences.afa -o /work3/idamei/ssn-clusterings/clustering/2205181126/clusters/0030_81/sequences.logo
#Position Specific Frequency Matrix
A R N D C Q E G H I L K M F P S T W Y V
0 L 0.052 0.032 0.02 0.02 0.016 0.028 0.028 0.028 0.016 0.099 0.195 0.036 0.169 0.048 0.016 0.036 0.04 0.008 0.024 0.091
1 K 0.053 0.078 0.032 0.033 0.011 0.04 0.053 0.035 0.017 0.074 0.133 0.198 0.025 0.027 0.023 0.043 0.038 0.006 0.019 0.062
2 I 0.05 0.018 0.015 0.018 0.016 0.013 0.018 0.021 0.009 0.275 0.165 0.024 0.036 0.043 0.015 0.025 0.04 0.006 0.02 0.174
3 V 0.05 0.019 0.016 0.017 0.015 0.013 0.02 0.023 0.011 0.168 0.136 0.023 0.031 0.157 0.014 0.027 0.038 0.009 0.043 0.169
4 S 0.109 0.04 0.054 0.048 0.017 0.033 0.052 0.066 0.019 0.029 0.041 0.054 0.016 0.021 0.029 0.227 0.081 0.005 0.017 0.041
5 F 0.04 0.021 0.018 0.018 0.012 0.015 0.021 0.023 0.024 0.128 0.116 0.024 0.027 0.192 0.013 0.027 0.031 0.017 0.141 0.092
6 I 0.047 0.018 0.015 0.018 0.016 0.013 0.018 0.02 0.009 0.278 0.166 0.023 0.036 0.044 0.015 0.025 0.039 0.006 0.02 0.175
7 L 0.087 0.028 0.021 0.021 0.017 0.022 0.027 0.034 0.013 0.099 0.222 0.033 0.08 0.043 0.018 0.044 0.06 0.007 0.021 0.102
8 L 0.066 0.029 0.027 0.026 0.016 0.022 0.031 0.036 0.013 0.086 0.268 0.035 0.038 0.043 0.019 0.092 0.049 0.006 0.02 0.077
9 G 0.084 0.026 0.036 0.033 0.172 0.021 0.031 0.204 0.013 0.031 0.045 0.036 0.014 0.019 0.021 0.106 0.049 0.005 0.013 0.041
10 L 0.129 0.026 0.018 0.02 0.018 0.019 0.027 0.04 0.012 0.091 0.271 0.031 0.038 0.043 0.019 0.044 0.039 0.006 0.02 0.088
11 L 0.045 0.024 0.014 0.015 0.016 0.016 0.02 0.021 0.01 0.116 0.372 0.025 0.05 0.055 0.014 0.024 0.034 0.007 0.022 0.097
12 L 0.045 0.024 0.014 0.015 0.016 0.016 0.02 0.021 0.01 0.116 0.372 0.025 0.05 0.055 0.014 0.024 0.034 0.007 0.022 0.097
13 F 0.037 0.02 0.016 0.016 0.012 0.012 0.019 0.024 0.014 0.082 0.2 0.021 0.033 0.28 0.012 0.025 0.028 0.013 0.066 0.069
14 F 0.039 0.018 0.016 0.017 0.013 0.012 0.018 0.023 0.013 0.154 0.135 0.021 0.03 0.243 0.012 0.025 0.031 0.012 0.059 0.107
15 W 0.038 0.021 0.015 0.016 0.011 0.015 0.021 0.027 0.013 0.099 0.086 0.023 0.022 0.054 0.01 0.024 0.029 0.334 0.052 0.09
16 F 0.068 0.026 0.029 0.028 0.015 0.02 0.031 0.038 0.015 0.094 0.101 0.033 0.025 0.151 0.019 0.094 0.051 0.009 0.042 0.113
17 F 0.046 0.022 0.019 0.019 0.013 0.015 0.022 0.026 0.021 0.128 0.117 0.025 0.027 0.195 0.014 0.037 0.033 0.015 0.115 0.092
18 L 0.044 0.024 0.014 0.015 0.016 0.016 0.02 0.021 0.01 0.114 0.382 0.025 0.049 0.054 0.014 0.024 0.033 0.007 0.022 0.095
19 Y 0.04 0.028 0.022 0.019 0.009 0.022 0.028 0.025 0.046 0.043 0.068 0.031 0.019 0.13 0.015 0.031 0.028 0.028 0.325 0.046
20 L 0.072 0.028 0.023 0.022 0.014 0.021 0.028 0.032 0.023 0.075 0.174 0.032 0.029 0.078 0.018 0.045 0.075 0.014 0.123 0.073
21 F 0.039 0.024 0.018 0.017 0.012 0.016 0.023 0.024 0.024 0.078 0.173 0.028 0.03 0.195 0.013 0.027 0.029 0.017 0.146 0.067
22 V 0.084 0.028 0.028 0.028 0.019 0.022 0.032 0.038 0.012 0.119 0.1 0.035 0.026 0.031 0.021 0.094 0.061 0.005 0.019 0.199
23 C 0.058 0.022 0.018 0.017 0.172 0.017 0.022 0.027 0.021 0.083 0.087 0.026 0.022 0.062 0.016 0.035 0.038 0.012 0.119 0.126
24 K 0.054 0.162 0.04 0.039 0.008 0.052 0.066 0.04 0.021 0.026 0.044 0.248 0.015 0.016 0.025 0.051 0.038 0.005 0.017 0.032
25 R 0.053 0.159 0.032 0.03 0.011 0.039 0.047 0.033 0.018 0.098 0.082 0.143 0.023 0.025 0.021 0.042 0.038 0.006 0.018 0.083
26 E 0.068 0.045 0.049 0.059 0.011 0.045 0.136 0.046 0.135 0.025 0.039 0.058 0.014 0.022 0.025 0.108 0.048 0.006 0.03 0.032
27 K 0.063 0.078 0.04 0.039 0.009 0.042 0.055 0.2 0.018 0.024 0.038 0.201 0.013 0.016 0.024 0.052 0.036 0.005 0.015 0.03
28 S 0.091 0.062 0.049 0.046 0.014 0.04 0.058 0.058 0.02 0.029 0.042 0.131 0.015 0.019 0.029 0.169 0.067 0.005 0.017 0.038
29 I 0.131 0.022 0.018 0.021 0.018 0.017 0.025 0.04 0.011 0.197 0.13 0.03 0.03 0.036 0.02 0.045 0.043 0.006 0.019 0.142
30 I 0.057 0.019 0.015 0.018 0.017 0.015 0.02 0.022 0.008 0.227 0.15 0.024 0.034 0.04 0.015 0.028 0.044 0.006 0.02 0.22
31 N 0.042 0.044 0.324 0.082 0.009 0.033 0.049 0.065 0.031 0.022 0.031 0.053 0.011 0.018 0.02 0.069 0.049 0.004 0.016 0.027
32 I 0.053 0.019 0.016 0.017 0.015 0.013 0.02 0.024 0.011 0.167 0.135 0.023 0.031 0.157 0.014 0.028 0.038 0.009 0.043 0.166
33 F 0.04 0.023 0.018 0.018 0.012 0.016 0.022 0.026 0.016 0.075 0.14 0.024 0.073 0.278 0.012 0.029 0.03 0.014 0.067 0.067
34 T 0.071 0.031 0.034 0.031 0.018 0.024 0.034 0.037 0.012 0.09 0.086 0.039 0.023 0.027 0.024 0.072 0.186 0.006 0.019 0.139
35 P 0.056 0.026 0.023 0.031 0.01 0.02 0.036 0.036 0.013 0.026 0.036 0.041 0.01 0.013 0.499 0.043 0.036 0.003 0.013 0.031
36 L 0.052 0.029 0.026 0.024 0.014 0.022 0.029 0.03 0.023 0.07 0.171 0.034 0.029 0.069 0.019 0.049 0.105 0.014 0.121 0.071
37 L 0.137 0.025 0.019 0.021 0.019 0.019 0.028 0.041 0.011 0.109 0.187 0.032 0.032 0.037 0.02 0.047 0.044 0.006 0.02 0.147
38 L 0.041 0.02 0.015 0.016 0.014 0.013 0.019 0.022 0.012 0.152 0.22 0.022 0.037 0.164 0.013 0.025 0.033 0.01 0.043 0.108
39 I 0.057 0.028 0.026 0.025 0.017 0.023 0.028 0.03 0.013 0.143 0.142 0.035 0.075 0.038 0.019 0.051 0.111 0.007 0.021 0.112
40 I 0.057 0.028 0.026 0.025 0.017 0.023 0.028 0.031 0.013 0.143 0.142 0.035 0.075 0.038 0.019 0.052 0.109 0.007 0.021 0.112
41 L 0.061 0.023 0.016 0.017 0.018 0.016 0.022 0.023 0.009 0.146 0.214 0.026 0.039 0.042 0.016 0.03 0.044 0.006 0.021 0.214
42 P 0.056 0.026 0.023 0.031 0.01 0.02 0.036 0.036 0.013 0.026 0.036 0.041 0.01 0.013 0.499 0.043 0.036 0.003 0.013 0.031
43 K 0.061 0.071 0.043 0.042 0.012 0.101 0.07 0.042 0.021 0.035 0.051 0.14 0.018 0.018 0.026 0.067 0.111 0.006 0.018 0.046
44 F 0.039 0.024 0.017 0.017 0.012 0.016 0.022 0.024 0.024 0.073 0.188 0.025 0.031 0.192 0.013 0.027 0.029 0.017 0.145 0.065
45 Y 0.038 0.025 0.02 0.018 0.01 0.018 0.025 0.025 0.036 0.05 0.083 0.027 0.021 0.217 0.014 0.029 0.027 0.024 0.246 0.049
46 V 0.061 0.02 0.016 0.018 0.018 0.015 0.021 0.023 0.008 0.207 0.143 0.025 0.033 0.039 0.016 0.03 0.045 0.006 0.02 0.238
47 F 0.037 0.021 0.016 0.016 0.012 0.012 0.019 0.024 0.014 0.08 0.203 0.021 0.033 0.28 0.012 0.025 0.028 0.013 0.066 0.068
48 E 0.055 0.049 0.04 0.089 0.007 0.064 0.303 0.035 0.026 0.022 0.036 0.075 0.013 0.016 0.026 0.055 0.036 0.005 0.016 0.031
49 G 0.055 0.02 0.023 0.022 0.018 0.014 0.021 0.176 0.013 0.12 0.103 0.025 0.024 0.151 0.015 0.034 0.032 0.009 0.04 0.085
50 F 0.045 0.023 0.017 0.018 0.014 0.017 0.022 0.025 0.014 0.137 0.155 0.026 0.076 0.165 0.014 0.029 0.035 0.01 0.045 0.112
51 Y 0.038 0.025 0.02 0.018 0.01 0.018 0.025 0.025 0.037 0.049 0.082 0.027 0.021 0.214 0.014 0.029 0.027 0.024 0.248 0.049
52 L 0.056 0.032 0.023 0.041 0.014 0.032 0.115 0.027 0.015 0.101 0.183 0.042 0.031 0.035 0.019 0.037 0.039 0.006 0.02 0.133
53 Y 0.053 0.026 0.027 0.023 0.01 0.021 0.027 0.188 0.035 0.035 0.055 0.032 0.015 0.092 0.017 0.038 0.028 0.02 0.22 0.039
54 Y 0.041 0.026 0.019 0.017 0.011 0.02 0.025 0.023 0.034 0.069 0.17 0.029 0.029 0.104 0.015 0.029 0.03 0.021 0.224 0.064
55 F 0.063 0.025 0.028 0.027 0.015 0.019 0.029 0.037 0.015 0.124 0.107 0.032 0.026 0.153 0.018 0.091 0.051 0.009 0.042 0.091
56 G 0.059 0.03 0.048 0.043 0.012 0.029 0.088 0.215 0.016 0.051 0.148 0.041 0.023 0.029 0.019 0.044 0.033 0.006 0.016 0.05
57 N 0.073 0.035 0.131 0.05 0.015 0.027 0.041 0.057 0.02 0.073 0.067 0.044 0.019 0.025 0.022 0.11 0.059 0.005 0.018 0.109
58 P 0.073 0.062 0.039 0.04 0.012 0.075 0.058 0.047 0.019 0.027 0.042 0.064 0.015 0.017 0.183 0.108 0.055 0.01 0.017 0.036
59 Y 0.044 0.037 0.072 0.036 0.009 0.029 0.056 0.05 0.039 0.036 0.057 0.053 0.016 0.092 0.018 0.041 0.032 0.02 0.222 0.04
60 S 0.086 0.036 0.043 0.038 0.015 0.029 0.044 0.052 0.028 0.034 0.05 0.046 0.017 0.057 0.025 0.162 0.063 0.013 0.12 0.043
61 D 0.051 0.037 0.152 0.175 0.011 0.03 0.06 0.052 0.022 0.031 0.04 0.048 0.013 0.019 0.023 0.072 0.106 0.005 0.015 0.039
62 L 0.052 0.023 0.02 0.02 0.015 0.016 0.023 0.028 0.013 0.099 0.199 0.026 0.034 0.164 0.015 0.046 0.041 0.01 0.044 0.113
63 S 0.091 0.043 0.049 0.062 0.014 0.043 0.136 0.055 0.021 0.027 0.04 0.061 0.015 0.019 0.028 0.17 0.066 0.005 0.017 0.038
64 Y 0.04 0.028 0.022 0.018 0.009 0.021 0.028 0.025 0.046 0.043 0.068 0.031 0.019 0.133 0.015 0.031 0.028 0.028 0.322 0.046
65 L 0.044 0.024 0.014 0.015 0.016 0.016 0.02 0.021 0.01 0.114 0.379 0.025 0.051 0.054 0.014 0.024 0.033 0.007 0.022 0.095
66 F 0.036 0.022 0.018 0.017 0.01 0.014 0.022 0.025 0.027 0.056 0.098 0.023 0.023 0.305 0.012 0.027 0.026 0.02 0.167 0.052
67 I 0.042 0.018 0.015 0.017 0.014 0.012 0.018 0.022 0.011 0.206 0.149 0.022 0.033 0.16 0.013 0.025 0.035 0.009 0.043 0.135
68 Y 0.04 0.028 0.022 0.019 0.009 0.022 0.028 0.025 0.046 0.043 0.068 0.031 0.019 0.13 0.015 0.031 0.028 0.028 0.325 0.046
69 L 0.057 0.026 0.024 0.023 0.017 0.019 0.026 0.029 0.011 0.148 0.204 0.031 0.035 0.04 0.019 0.047 0.106 0.006 0.02 0.113
70 C 0.064 0.016 0.016 0.016 0.489 0.012 0.016 0.032 0.008 0.044 0.064 0.02 0.016 0.02 0.016 0.04 0.036 0.004 0.012 0.056
71 Y 0.04 0.028 0.022 0.019 0.009 0.022 0.028 0.025 0.046 0.043 0.068 0.031 0.019 0.13 0.015 0.031 0.028 0.028 0.325 0.046
72 T 0.078 0.031 0.037 0.034 0.017 0.025 0.037 0.043 0.014 0.109 0.087 0.041 0.023 0.029 0.024 0.115 0.126 0.006 0.018 0.105
73 A 0.137 0.03 0.025 0.026 0.018 0.025 0.033 0.046 0.014 0.085 0.136 0.039 0.072 0.035 0.022 0.061 0.083 0.006 0.02 0.086
74 A 0.149 0.033 0.033 0.032 0.016 0.027 0.04 0.056 0.027 0.038 0.056 0.043 0.017 0.057 0.025 0.114 0.053 0.013 0.12 0.052
75 F 0.038 0.018 0.016 0.017 0.012 0.011 0.018 0.024 0.014 0.135 0.131 0.02 0.029 0.277 0.012 0.025 0.03 0.013 0.065 0.095
76 L 0.123 0.026 0.018 0.02 0.018 0.019 0.026 0.039 0.012 0.091 0.275 0.031 0.039 0.048 0.019 0.043 0.041 0.007 0.021 0.086
77 S 0.084 0.033 0.041 0.038 0.015 0.025 0.041 0.052 0.018 0.041 0.065 0.042 0.019 0.145 0.023 0.16 0.063 0.009 0.041 0.046
78 L 0.041 0.022 0.015 0.016 0.014 0.014 0.02 0.022 0.012 0.097 0.292 0.023 0.041 0.167 0.013 0.024 0.03 0.01 0.044 0.082
79 I 0.05 0.019 0.016 0.017 0.015 0.013 0.02 0.023 0.011 0.167 0.137 0.023 0.033 0.158 0.014 0.028 0.038 0.009 0.043 0.166
80 I 0.049 0.018 0.015 0.017 0.016 0.014 0.018 0.021 0.009 0.26 0.185 0.024 0.037 0.044 0.015 0.025 0.039 0.006 0.021 0.166
81 G 0.088 0.028 0.043 0.038 0.013 0.023 0.034 0.371 0.015 0.022 0.032 0.04 0.011 0.018 0.022 0.108 0.046 0.005 0.013 0.03
82 Y 0.038 0.025 0.02 0.018 0.01 0.018 0.025 0.025 0.036 0.05 0.083 0.027 0.021 0.217 0.014 0.029 0.027 0.024 0.246 0.049
83 F 0.037 0.021 0.016 0.016 0.012 0.012 0.019 0.024 0.014 0.08 0.203 0.021 0.033 0.28 0.012 0.025 0.028 0.013 0.066 0.068
84 F 0.036 0.022 0.018 0.017 0.01 0.014 0.022 0.025 0.026 0.057 0.102 0.023 0.023 0.304 0.012 0.027 0.026 0.02 0.163 0.052
85 P 0.082 0.034 0.041 0.04 0.015 0.027 0.043 0.05 0.016 0.034 0.045 0.047 0.015 0.019 0.185 0.132 0.109 0.004 0.016 0.045
86 L 0.057 0.044 0.034 0.033 0.014 0.089 0.054 0.035 0.018 0.064 0.164 0.053 0.03 0.031 0.022 0.057 0.109 0.006 0.02 0.067
87 R 0.07 0.162 0.048 0.041 0.011 0.044 0.058 0.047 0.021 0.027 0.043 0.152 0.015 0.018 0.025 0.109 0.052 0.005 0.017 0.035
88 L 0.045 0.024 0.014 0.015 0.016 0.016 0.02 0.021 0.01 0.116 0.372 0.025 0.05 0.055 0.014 0.024 0.034 0.007 0.022 0.097
89 K 0.136 0.08 0.039 0.038 0.013 0.046 0.06 0.055 0.019 0.032 0.048 0.2 0.016 0.017 0.028 0.064 0.043 0.005 0.017 0.044
90 D 0.057 0.056 0.05 0.164 0.009 0.038 0.088 0.043 0.019 0.025 0.036 0.127 0.012 0.015 0.121 0.054 0.038 0.004 0.014 0.03
91 L 0.054 0.021 0.015 0.017 0.017 0.015 0.02 0.022 0.009 0.179 0.227 0.025 0.039 0.044 0.015 0.027 0.041 0.006 0.021 0.185
92 R 0.067 0.14 0.043 0.047 0.012 0.034 0.046 0.043 0.026 0.038 0.053 0.069 0.017 0.043 0.022 0.105 0.05 0.01 0.083 0.052
93 N 0.052 0.035 0.18 0.055 0.012 0.026 0.039 0.049 0.022 0.113 0.08 0.046 0.021 0.027 0.019 0.072 0.049 0.005 0.017 0.08
94 E 0.052 0.057 0.046 0.055 0.009 0.048 0.14 0.037 0.135 0.037 0.047 0.105 0.016 0.023 0.023 0.048 0.035 0.006 0.03 0.052
95 P 0.064 0.031 0.047 0.16 0.012 0.027 0.061 0.047 0.016 0.028 0.037 0.046 0.012 0.016 0.183 0.093 0.067 0.004 0.014 0.035
96 L 0.054 0.037 0.085 0.034 0.015 0.024 0.033 0.034 0.015 0.1 0.182 0.06 0.031 0.036 0.018 0.042 0.043 0.006 0.02 0.133
97 A 0.287 0.031 0.026 0.03 0.022 0.026 0.041 0.079 0.015 0.043 0.06 0.045 0.018 0.022 0.03 0.085 0.05 0.005 0.018 0.069
98 P 0.063 0.035 0.128 0.049 0.012 0.029 0.041 0.048 0.019 0.041 0.048 0.046 0.014 0.023 0.181 0.064 0.093 0.004 0.016 0.046
99 P 0.057 0.045 0.027 0.03 0.012 0.026 0.038 0.056 0.014 0.11 0.081 0.089 0.02 0.024 0.18 0.049 0.042 0.005 0.016 0.08
100 N 0.053 0.056 0.204 0.068 0.012 0.035 0.05 0.055 0.025 0.033 0.043 0.054 0.014 0.02 0.023 0.077 0.117 0.005 0.016 0.042
101 Y 0.05 0.063 0.036 0.047 0.009 0.099 0.08 0.035 0.032 0.033 0.053 0.114 0.018 0.053 0.022 0.046 0.036 0.013 0.121 0.04
102 D 0.057 0.031 0.046 0.157 0.012 0.026 0.055 0.042 0.023 0.036 0.048 0.044 0.014 0.018 0.143 0.064 0.118 0.004 0.015 0.044
103 K 0.053 0.176 0.04 0.038 0.008 0.052 0.065 0.04 0.021 0.026 0.044 0.238 0.015 0.016 0.025 0.05 0.038 0.005 0.017 0.032
104 Y 0.041 0.027 0.019 0.017 0.011 0.02 0.025 0.023 0.034 0.067 0.172 0.029 0.029 0.104 0.015 0.029 0.03 0.021 0.224 0.063
105 L 0.052 0.023 0.015 0.016 0.017 0.016 0.021 0.028 0.009 0.13 0.297 0.025 0.043 0.048 0.015 0.027 0.038 0.007 0.021 0.151
106 F 0.038 0.019 0.016 0.017 0.012 0.012 0.018 0.024 0.014 0.135 0.132 0.021 0.031 0.272 0.012 0.025 0.03 0.013 0.065 0.095
107 F 0.053 0.025 0.026 0.025 0.013 0.017 0.027 0.034 0.016 0.057 0.094 0.028 0.023 0.269 0.016 0.062 0.08 0.013 0.064 0.057
108 S 0.174 0.037 0.044 0.042 0.019 0.03 0.048 0.07 0.018 0.034 0.047 0.05 0.016 0.021 0.029 0.178 0.07 0.005 0.017 0.051
109 L 0.042 0.019 0.015 0.017 0.014 0.013 0.019 0.022 0.012 0.168 0.197 0.022 0.035 0.162 0.013 0.025 0.033 0.01 0.043 0.118
110 L 0.128 0.026 0.018 0.02 0.018 0.019 0.027 0.04 0.012 0.09 0.271 0.031 0.038 0.047 0.019 0.044 0.038 0.007 0.021 0.086
111 F 0.037 0.021 0.016 0.016 0.012 0.012 0.019 0.024 0.014 0.08 0.203 0.021 0.033 0.28 0.012 0.025 0.028 0.013 0.066 0.068
112 T 0.072 0.035 0.043 0.037 0.018 0.027 0.039 0.043 0.014 0.053 0.064 0.045 0.02 0.023 0.027 0.092 0.254 0.006 0.018 0.07
113 V 0.059 0.021 0.016 0.017 0.017 0.015 0.022 0.024 0.01 0.139 0.153 0.024 0.032 0.11 0.015 0.03 0.042 0.008 0.034 0.211
114 L 0.052 0.023 0.015 0.016 0.017 0.016 0.021 0.022 0.009 0.132 0.292 0.025 0.043 0.052 0.015 0.027 0.038 0.007 0.022 0.156
115 A 0.232 0.034 0.035 0.036 0.02 0.028 0.044 0.073 0.016 0.038 0.053 0.047 0.017 0.021 0.029 0.134 0.06 0.005 0.017 0.059
116 F 0.033 0.019 0.017 0.017 0.01 0.01 0.019 0.025 0.017 0.063 0.113 0.019 0.025 0.393 0.01 0.025 0.025 0.017 0.088 0.054
117 L 0.046 0.024 0.017 0.017 0.014 0.017 0.022 0.023 0.022 0.125 0.199 0.027 0.034 0.087 0.015 0.027 0.034 0.014 0.125 0.112
118 F 0.062 0.026 0.029 0.027 0.014 0.019 0.03 0.038 0.016 0.095 0.1 0.031 0.024 0.194 0.018 0.093 0.047 0.011 0.05 0.078
119 F 0.036 0.022 0.018 0.017 0.01 0.014 0.022 0.025 0.027 0.056 0.098 0.023 0.023 0.305 0.012 0.027 0.026 0.02 0.167 0.052
120 L 0.066 0.029 0.027 0.026 0.016 0.022 0.031 0.036 0.013 0.086 0.268 0.035 0.038 0.043 0.019 0.092 0.049 0.006 0.02 0.077
121 P 0.056 0.026 0.023 0.031 0.01 0.02 0.036 0.036 0.013 0.026 0.036 0.041 0.01 0.013 0.499 0.043 0.036 0.003 0.013 0.031
122 I 0.054 0.019 0.015 0.018 0.017 0.014 0.019 0.022 0.009 0.24 0.154 0.024 0.035 0.041 0.015 0.027 0.043 0.006 0.02 0.209
123 L 0.047 0.027 0.016 0.017 0.016 0.02 0.023 0.023 0.012 0.109 0.319 0.029 0.089 0.052 0.015 0.028 0.035 0.007 0.023 0.094
124 F 0.043 0.132 0.024 0.022 0.011 0.027 0.032 0.028 0.018 0.083 0.115 0.056 0.054 0.152 0.015 0.034 0.033 0.01 0.043 0.069
125 E 0.135 0.043 0.035 0.069 0.012 0.051 0.216 0.049 0.022 0.029 0.044 0.065 0.014 0.018 0.027 0.064 0.041 0.005 0.017 0.043
126 F 0.033 0.019 0.017 0.017 0.01 0.01 0.019 0.025 0.017 0.063 0.113 0.019 0.025 0.393 0.01 0.025 0.025 0.017 0.088 0.054
127 K 0.052 0.185 0.04 0.038 0.008 0.051 0.064 0.039 0.021 0.026 0.044 0.232 0.015 0.016 0.025 0.05 0.038 0.005 0.017 0.032
128 E 0.055 0.057 0.041 0.075 0.008 0.117 0.236 0.037 0.027 0.023 0.04 0.08 0.015 0.016 0.025 0.055 0.038 0.006 0.018 0.032
129 Y 0.04 0.028 0.022 0.019 0.009 0.022 0.028 0.025 0.046 0.043 0.068 0.031 0.019 0.13 0.015 0.031 0.028 0.028 0.325 0.046
130 L 0.046 0.02 0.014 0.017 0.016 0.014 0.019 0.021 0.009 0.219 0.241 0.024 0.042 0.047 0.014 0.025 0.037 0.006 0.021 0.146
131 L 0.044 0.024 0.014 0.015 0.016 0.016 0.02 0.021 0.01 0.114 0.378 0.025 0.049 0.058 0.014 0.024 0.033 0.007 0.023 0.095
132 S 0.094 0.038 0.053 0.045 0.017 0.033 0.048 0.057 0.017 0.04 0.051 0.051 0.017 0.022 0.028 0.176 0.137 0.005 0.017 0.052
133 P 0.056 0.026 0.023 0.031 0.01 0.02 0.036 0.036 0.013 0.026 0.036 0.041 0.01 0.013 0.499 0.043 0.036 0.003 0.013 0.031
134 R 0.044 0.351 0.038 0.031 0.008 0.048 0.052 0.033 0.023 0.023 0.046 0.119 0.015 0.017 0.019 0.044 0.035 0.006 0.017 0.031
135 V 0.053 0.13 0.023 0.022 0.014 0.026 0.031 0.026 0.013 0.155 0.114 0.056 0.028 0.032 0.017 0.034 0.041 0.006 0.019 0.161
136 I 0.047 0.018 0.015 0.018 0.016 0.013 0.018 0.02 0.009 0.278 0.166 0.023 0.036 0.044 0.015 0.025 0.039 0.006 0.02 0.175
137 Y 0.04 0.028 0.022 0.019 0.009 0.022 0.028 0.025 0.046 0.043 0.068 0.031 0.019 0.13 0.015 0.031 0.028 0.028 0.325 0.046
138 E 0.055 0.049 0.04 0.089 0.007 0.064 0.303 0.035 0.026 0.022 0.036 0.075 0.013 0.016 0.026 0.055 0.036 0.005 0.016 0.031
139 R 0.048 0.161 0.031 0.029 0.011 0.039 0.047 0.032 0.018 0.055 0.157 0.143 0.027 0.029 0.02 0.04 0.036 0.006 0.019 0.053
140 T 0.072 0.035 0.043 0.037 0.018 0.027 0.039 0.043 0.014 0.053 0.064 0.045 0.02 0.023 0.027 0.092 0.254 0.006 0.018 0.07
141 R 0.044 0.351 0.038 0.031 0.008 0.048 0.052 0.033 0.023 0.023 0.046 0.119 0.015 0.017 0.019 0.044 0.035 0.006 0.017 0.031
142 T 0.072 0.035 0.043 0.037 0.018 0.027 0.039 0.043 0.014 0.053 0.064 0.045 0.02 0.023 0.027 0.092 0.254 0.006 0.018 0.07
143 G 0.078 0.023 0.039 0.033 0.011 0.019 0.025 0.515 0.013 0.019 0.028 0.033 0.009 0.016 0.019 0.051 0.029 0.005 0.011 0.024
144 Y 0.04 0.028 0.022 0.019 0.009 0.022 0.028 0.025 0.046 0.043 0.068 0.031 0.019 0.13 0.015 0.031 0.028 0.028 0.325 0.046
145 G 0.078 0.023 0.039 0.033 0.011 0.019 0.025 0.515 0.013 0.019 0.028 0.033 0.009 0.016 0.019 0.051 0.029 0.005 0.011 0.024
146 V 0.056 0.024 0.017 0.018 0.017 0.019 0.023 0.024 0.011 0.178 0.166 0.028 0.079 0.042 0.016 0.031 0.043 0.006 0.022 0.18
147 Y 0.063 0.032 0.032 0.028 0.012 0.025 0.036 0.038 0.037 0.039 0.059 0.038 0.018 0.093 0.02 0.096 0.046 0.02 0.222 0.045
148 F 0.033 0.019 0.017 0.017 0.01 0.01 0.019 0.025 0.017 0.063 0.113 0.019 0.025 0.393 0.01 0.025 0.025 0.017 0.088 0.054
149 F 0.036 0.022 0.018 0.017 0.01 0.014 0.022 0.025 0.027 0.056 0.098 0.023 0.023 0.305 0.012 0.027 0.026 0.02 0.167 0.052
150 P 0.058 0.028 0.027 0.028 0.015 0.021 0.032 0.033 0.012 0.064 0.161 0.037 0.026 0.03 0.18 0.053 0.108 0.005 0.017 0.065
151 S 0.109 0.04 0.054 0.048 0.017 0.033 0.052 0.066 0.019 0.029 0.041 0.054 0.016 0.021 0.029 0.228 0.081 0.005 0.017 0.041
152 L 0.046 0.02 0.014 0.017 0.016 0.014 0.018 0.021 0.009 0.224 0.238 0.024 0.041 0.047 0.014 0.025 0.037 0.006 0.021 0.148
153 L 0.047 0.027 0.016 0.017 0.016 0.02 0.023 0.023 0.012 0.109 0.319 0.029 0.089 0.052 0.015 0.028 0.035 0.007 0.023 0.094
154 F 0.034 0.019 0.017 0.017 0.011 0.011 0.019 0.025 0.017 0.064 0.119 0.019 0.026 0.385 0.011 0.025 0.025 0.017 0.086 0.055
155 S 0.109 0.04 0.054 0.048 0.017 0.033 0.052 0.066 0.019 0.029 0.041 0.054 0.016 0.021 0.029 0.228 0.081 0.005 0.017 0.041
156 L 0.052 0.057 0.034 0.036 0.011 0.154 0.075 0.034 0.023 0.056 0.158 0.069 0.03 0.028 0.02 0.045 0.038 0.006 0.021 0.055
157 L 0.052 0.023 0.015 0.016 0.017 0.016 0.021 0.022 0.009 0.132 0.298 0.025 0.043 0.048 0.015 0.027 0.038 0.007 0.022 0.154
158 A 0.297 0.031 0.025 0.029 0.021 0.025 0.04 0.078 0.015 0.043 0.059 0.044 0.017 0.021 0.029 0.084 0.049 0.005 0.017 0.068
159 I 0.067 0.025 0.028 0.028 0.016 0.02 0.029 0.035 0.012 0.195 0.125 0.033 0.029 0.036 0.02 0.092 0.053 0.006 0.019 0.13
160 I 0.042 0.018 0.015 0.017 0.014 0.012 0.018 0.022 0.011 0.206 0.149 0.022 0.033 0.16 0.013 0.025 0.035 0.009 0.043 0.135
161 L 0.047 0.02 0.016 0.016 0.168 0.013 0.018 0.026 0.012 0.074 0.188 0.021 0.03 0.157 0.014 0.03 0.031 0.009 0.041 0.069
162 L 0.148 0.032 0.031 0.031 0.018 0.025 0.037 0.054 0.015 0.062 0.162 0.041 0.027 0.032 0.024 0.112 0.055 0.006 0.019 0.068
163 F 0.033 0.019 0.017 0.017 0.01 0.01 0.019 0.025 0.017 0.063 0.113 0.019 0.025 0.393 0.01 0.025 0.025 0.017 0.088 0.054
164 Y 0.038 0.025 0.02 0.018 0.01 0.018 0.025 0.025 0.037 0.05 0.083 0.027 0.021 0.215 0.014 0.029 0.027 0.024 0.248 0.049
165 T 0.072 0.035 0.043 0.037 0.018 0.027 0.039 0.043 0.014 0.055 0.066 0.045 0.02 0.024 0.027 0.091 0.251 0.006 0.018 0.072
166 Y 0.051 0.031 0.03 0.025 0.012 0.024 0.032 0.031 0.043 0.046 0.066 0.036 0.019 0.091 0.02 0.052 0.104 0.02 0.214 0.054
167 K 0.074 0.09 0.045 0.043 0.011 0.046 0.064 0.05 0.02 0.028 0.042 0.203 0.015 0.017 0.028 0.112 0.053 0.005 0.017 0.035
168 K 0.056 0.097 0.042 0.043 0.009 0.11 0.08 0.042 0.023 0.03 0.046 0.214 0.017 0.015 0.026 0.053 0.04 0.005 0.018 0.035
169 N 0.062 0.037 0.134 0.05 0.012 0.029 0.043 0.051 0.036 0.032 0.047 0.046 0.015 0.057 0.021 0.105 0.052 0.013 0.121 0.038
170 K 0.052 0.189 0.04 0.038 0.008 0.051 0.064 0.039 0.021 0.026 0.044 0.229 0.015 0.016 0.025 0.05 0.038 0.005 0.017 0.032
171 L 0.04 0.022 0.015 0.016 0.014 0.014 0.02 0.023 0.012 0.098 0.285 0.023 0.041 0.172 0.013 0.024 0.03 0.01 0.045 0.082
172 L 0.042 0.02 0.015 0.016 0.014 0.013 0.019 0.022 0.012 0.153 0.225 0.023 0.037 0.157 0.013 0.025 0.033 0.01 0.042 0.109
173 S 0.097 0.032 0.042 0.038 0.165 0.026 0.041 0.055 0.016 0.034 0.049 0.043 0.016 0.021 0.025 0.167 0.067 0.005 0.016 0.046
174 I 0.042 0.018 0.015 0.017 0.014 0.012 0.018 0.022 0.012 0.187 0.144 0.022 0.032 0.187 0.013 0.025 0.034 0.01 0.048 0.128
175 A 0.163 0.028 0.028 0.029 0.017 0.022 0.035 0.056 0.016 0.048 0.078 0.037 0.02 0.147 0.023 0.091 0.052 0.009 0.041 0.059
176 L 0.046 0.02 0.015 0.017 0.016 0.014 0.019 0.021 0.009 0.211 0.248 0.024 0.041 0.047 0.015 0.025 0.04 0.006 0.021 0.144
177 I 0.054 0.019 0.015 0.018 0.017 0.014 0.019 0.022 0.009 0.241 0.157 0.024 0.035 0.041 0.015 0.027 0.042 0.006 0.02 0.205
178 L 0.045 0.024 0.015 0.015 0.016 0.016 0.02 0.022 0.01 0.113 0.378 0.025 0.049 0.054 0.014 0.026 0.034 0.007 0.022 0.095
179 I 0.052 0.019 0.016 0.018 0.016 0.014 0.02 0.023 0.01 0.192 0.141 0.024 0.032 0.112 0.015 0.03 0.04 0.008 0.034 0.183
180 N 0.042 0.044 0.324 0.082 0.009 0.033 0.049 0.065 0.031 0.022 0.031 0.053 0.011 0.018 0.02 0.069 0.049 0.004 0.016 0.027
181 L 0.051 0.019 0.015 0.016 0.164 0.014 0.018 0.024 0.009 0.15 0.207 0.023 0.034 0.04 0.015 0.029 0.036 0.006 0.018 0.111
182 I 0.047 0.018 0.015 0.018 0.016 0.013 0.018 0.021 0.009 0.272 0.168 0.023 0.036 0.044 0.015 0.025 0.04 0.006 0.02 0.178
183 L 0.04 0.022 0.015 0.016 0.014 0.014 0.02 0.022 0.012 0.097 0.291 0.023 0.041 0.168 0.013 0.024 0.03 0.01 0.044 0.082
184 I 0.047 0.018 0.015 0.018 0.016 0.013 0.018 0.02 0.009 0.278 0.166 0.023 0.036 0.044 0.015 0.025 0.039 0.006 0.02 0.175
185 Y 0.038 0.025 0.02 0.018 0.01 0.018 0.025 0.025 0.037 0.05 0.086 0.027 0.021 0.211 0.014 0.029 0.027 0.024 0.247 0.049
186 L 0.04 0.022 0.015 0.016 0.014 0.014 0.02 0.022 0.012 0.097 0.291 0.023 0.041 0.168 0.013 0.024 0.03 0.01 0.044 0.082
187 H 0.042 0.045 0.053 0.038 0.008 0.038 0.053 0.038 0.361 0.023 0.038 0.045 0.015 0.03 0.019 0.042 0.026 0.008 0.057 0.023
188 G 0.078 0.023 0.039 0.033 0.011 0.019 0.025 0.515 0.013 0.019 0.028 0.033 0.009 0.016 0.019 0.051 0.029 0.005 0.011 0.024
189 N 0.051 0.037 0.22 0.06 0.012 0.028 0.04 0.051 0.023 0.07 0.064 0.044 0.018 0.024 0.019 0.057 0.049 0.005 0.017 0.111
190 K 0.056 0.106 0.041 0.041 0.009 0.053 0.07 0.043 0.02 0.027 0.043 0.285 0.015 0.015 0.027 0.053 0.039 0.005 0.017 0.032
191 G 0.099 0.034 0.049 0.044 0.015 0.028 0.043 0.212 0.017 0.026 0.037 0.047 0.014 0.019 0.026 0.17 0.064 0.005 0.015 0.036
192 P 0.056 0.026 0.023 0.031 0.01 0.02 0.036 0.036 0.013 0.026 0.036 0.041 0.01 0.013 0.498 0.043 0.036 0.003 0.013 0.031
193 L 0.045 0.022 0.014 0.016 0.016 0.015 0.019 0.021 0.01 0.166 0.311 0.025 0.045 0.051 0.014 0.024 0.035 0.007 0.022 0.122
194 F 0.037 0.021 0.016 0.016 0.012 0.012 0.019 0.024 0.014 0.08 0.204 0.021 0.033 0.279 0.012 0.025 0.028 0.013 0.066 0.068
195 T 0.084 0.037 0.046 0.041 0.018 0.029 0.043 0.05 0.015 0.045 0.057 0.048 0.018 0.023 0.028 0.136 0.198 0.006 0.018 0.061
196 L 0.053 0.021 0.015 0.017 0.017 0.015 0.02 0.022 0.009 0.184 0.226 0.025 0.039 0.044 0.015 0.027 0.04 0.006 0.021 0.182
197 A 0.211 0.027 0.023 0.025 0.018 0.021 0.033 0.06 0.015 0.049 0.076 0.036 0.02 0.142 0.023 0.065 0.042 0.009 0.04 0.064
198 I 0.054 0.019 0.015 0.018 0.017 0.014 0.019 0.022 0.009 0.239 0.154 0.024 0.035 0.041 0.015 0.027 0.043 0.006 0.02 0.209
199 N 0.114 0.041 0.228 0.066 0.013 0.031 0.047 0.068 0.026 0.028 0.039 0.051 0.013 0.019 0.023 0.083 0.051 0.005 0.016 0.039
200 Y 0.038 0.025 0.02 0.018 0.01 0.018 0.025 0.025 0.037 0.05 0.083 0.027 0.021 0.215 0.014 0.029 0.027 0.024 0.248 0.049
201 I 0.042 0.018 0.015 0.017 0.014 0.012 0.018 0.022 0.011 0.205 0.148 0.022 0.033 0.162 0.013 0.025 0.035 0.01 0.043 0.134
202 I 0.046 0.019 0.014 0.017 0.016 0.014 0.018 0.021 0.009 0.237 0.221 0.024 0.04 0.046 0.014 0.025 0.038 0.006 0.021 0.155
203 Y 0.04 0.028 0.022 0.019 0.009 0.022 0.028 0.025 0.046 0.043 0.068 0.031 0.019 0.13 0.015 0.031 0.028 0.028 0.324 0.046
204 G 0.059 0.04 0.032 0.032 0.012 0.087 0.049 0.194 0.018 0.052 0.149 0.05 0.026 0.028 0.019 0.044 0.034 0.006 0.018 0.051
205 R 0.065 0.25 0.043 0.036 0.011 0.043 0.052 0.043 0.022 0.025 0.045 0.098 0.015 0.018 0.023 0.104 0.05 0.006 0.017 0.034
206 Y 0.04 0.028 0.022 0.019 0.009 0.022 0.028 0.025 0.046 0.043 0.068 0.031 0.019 0.13 0.015 0.031 0.028 0.028 0.324 0.046
207 V 0.062 0.02 0.016 0.018 0.018 0.015 0.021 0.023 0.008 0.2 0.141 0.025 0.033 0.038 0.016 0.03 0.046 0.006 0.02 0.243
208 E 0.051 0.041 0.031 0.064 0.01 0.048 0.208 0.03 0.02 0.053 0.153 0.058 0.025 0.029 0.022 0.044 0.035 0.006 0.018 0.053
209 N 0.042 0.044 0.324 0.082 0.009 0.033 0.049 0.065 0.031 0.022 0.031 0.053 0.011 0.018 0.02 0.069 0.049 0.004 0.016 0.027
210 K 0.056 0.109 0.041 0.041 0.009 0.053 0.07 0.043 0.021 0.027 0.043 0.283 0.015 0.015 0.027 0.053 0.039 0.005 0.017 0.032
211 I 0.048 0.072 0.026 0.025 0.014 0.025 0.032 0.027 0.013 0.196 0.126 0.088 0.03 0.035 0.018 0.033 0.039 0.006 0.019 0.128
212 I 0.047 0.018 0.015 0.018 0.016 0.013 0.018 0.02 0.009 0.278 0.166 0.023 0.036 0.044 0.015 0.025 0.039 0.006 0.02 0.175
213 S 0.091 0.085 0.049 0.045 0.014 0.039 0.056 0.057 0.02 0.028 0.042 0.113 0.015 0.019 0.028 0.17 0.067 0.005 0.017 0.038
214 F 0.038 0.018 0.016 0.017 0.012 0.011 0.018 0.024 0.014 0.136 0.134 0.02 0.029 0.271 0.012 0.025 0.03 0.013 0.064 0.096
215 K 0.073 0.06 0.038 0.037 0.014 0.038 0.05 0.046 0.019 0.051 0.092 0.126 0.065 0.028 0.024 0.106 0.054 0.006 0.019 0.055
216 K 0.049 0.078 0.033 0.033 0.009 0.039 0.053 0.037 0.019 0.039 0.066 0.198 0.019 0.138 0.022 0.044 0.035 0.009 0.04 0.04
217 F 0.037 0.021 0.016 0.016 0.012 0.012 0.019 0.024 0.014 0.08 0.203 0.021 0.033 0.28 0.012 0.025 0.028 0.013 0.066 0.068
218 F 0.045 0.02 0.017 0.017 0.013 0.012 0.02 0.025 0.014 0.095 0.118 0.021 0.027 0.278 0.012 0.028 0.033 0.013 0.066 0.126
219 I 0.05 0.047 0.023 0.025 0.014 0.026 0.035 0.028 0.013 0.195 0.125 0.111 0.029 0.034 0.019 0.034 0.039 0.006 0.019 0.127
220 L 0.062 0.028 0.028 0.027 0.015 0.02 0.03 0.037 0.015 0.069 0.179 0.032 0.03 0.156 0.018 0.092 0.046 0.01 0.042 0.064
221 A 0.147 0.03 0.032 0.032 0.017 0.023 0.037 0.056 0.017 0.046 0.071 0.039 0.019 0.141 0.023 0.112 0.052 0.009 0.04 0.057
222 A 0.234 0.034 0.035 0.036 0.02 0.028 0.044 0.074 0.016 0.038 0.053 0.047 0.017 0.021 0.029 0.132 0.06 0.005 0.017 0.059
223 V 0.061 0.02 0.016 0.018 0.018 0.015 0.021 0.023 0.008 0.203 0.142 0.025 0.033 0.038 0.016 0.03 0.046 0.006 0.02 0.241
224 L 0.053 0.021 0.015 0.017 0.017 0.015 0.02 0.022 0.009 0.185 0.226 0.025 0.039 0.044 0.015 0.027 0.04 0.006 0.021 0.182
225 S 0.167 0.037 0.045 0.042 0.019 0.03 0.048 0.069 0.018 0.034 0.047 0.051 0.016 0.021 0.029 0.182 0.073 0.005 0.017 0.05
226 V 0.056 0.021 0.016 0.017 0.016 0.014 0.021 0.025 0.011 0.127 0.127 0.023 0.029 0.168 0.014 0.03 0.04 0.01 0.045 0.191
227 L 0.056 0.021 0.022 0.022 0.014 0.016 0.021 0.185 0.011 0.137 0.192 0.027 0.032 0.038 0.016 0.033 0.034 0.006 0.018 0.098
228 I 0.054 0.019 0.015 0.018 0.017 0.014 0.019 0.022 0.009 0.24 0.154 0.024 0.035 0.041 0.015 0.027 0.043 0.006 0.02 0.209
229 A 0.139 0.028 0.028 0.028 0.018 0.022 0.032 0.047 0.012 0.125 0.097 0.037 0.024 0.03 0.024 0.067 0.114 0.006 0.018 0.104
230 F 0.119 0.023 0.019 0.021 0.014 0.015 0.026 0.042 0.016 0.058 0.096 0.027 0.023 0.269 0.017 0.044 0.033 0.013 0.064 0.061
231 V 0.05 0.019 0.016 0.017 0.015 0.013 0.02 0.023 0.011 0.168 0.136 0.023 0.031 0.157 0.014 0.027 0.038 0.009 0.043 0.169
232 F 0.033 0.019 0.017 0.017 0.01 0.01 0.019 0.025 0.017 0.063 0.113 0.019 0.025 0.393 0.01 0.025 0.025 0.017 0.088 0.054
233 V 0.138 0.023 0.019 0.022 0.019 0.018 0.027 0.041 0.01 0.161 0.118 0.031 0.028 0.033 0.02 0.047 0.046 0.006 0.019 0.173
234 F 0.042 0.026 0.019 0.018 0.012 0.02 0.025 0.026 0.026 0.068 0.125 0.028 0.071 0.19 0.014 0.031 0.031 0.017 0.145 0.064
235 T 0.072 0.035 0.043 0.037 0.018 0.027 0.039 0.043 0.014 0.053 0.064 0.045 0.02 0.023 0.027 0.092 0.254 0.006 0.018 0.07
236 F 0.034 0.019 0.017 0.017 0.01 0.011 0.019 0.025 0.017 0.063 0.113 0.019 0.025 0.39 0.011 0.025 0.025 0.017 0.091 0.054
237 G 0.084 0.136 0.039 0.033 0.012 0.031 0.039 0.2 0.017 0.03 0.045 0.066 0.014 0.019 0.022 0.063 0.087 0.006 0.015 0.041
238 G 0.063 0.02 0.027 0.026 0.014 0.016 0.022 0.264 0.011 0.143 0.099 0.029 0.023 0.03 0.017 0.038 0.035 0.006 0.016 0.101
239 D 0.041 0.03 0.068 0.399 0.007 0.029 0.09 0.052 0.018 0.022 0.028 0.044 0.009 0.015 0.022 0.052 0.035 0.004 0.011 0.024
240 F 0.048 0.02 0.024 0.022 0.011 0.013 0.021 0.188 0.016 0.048 0.085 0.024 0.02 0.267 0.013 0.034 0.027 0.013 0.062 0.044
241 N 0.05 0.076 0.178 0.063 0.009 0.044 0.06 0.054 0.026 0.025 0.038 0.164 0.013 0.017 0.024 0.062 0.045 0.005 0.017 0.03
242 N 0.074 0.04 0.14 0.056 0.015 0.031 0.047 0.058 0.021 0.035 0.046 0.051 0.015 0.021 0.026 0.129 0.128 0.005 0.017 0.046
243 P 0.141 0.026 0.022 0.026 0.017 0.021 0.033 0.046 0.012 0.077 0.075 0.037 0.02 0.023 0.181 0.053 0.045 0.004 0.017 0.125
244 I 0.042 0.018 0.015 0.017 0.014 0.012 0.018 0.022 0.011 0.204 0.151 0.022 0.033 0.16 0.013 0.025 0.035 0.009 0.043 0.134
245 L 0.132 0.035 0.027 0.045 0.015 0.035 0.121 0.044 0.017 0.06 0.159 0.048 0.026 0.031 0.023 0.054 0.04 0.006 0.019 0.065
246 N 0.073 0.035 0.131 0.049 0.015 0.028 0.041 0.052 0.019 0.072 0.067 0.044 0.019 0.025 0.022 0.11 0.06 0.005 0.018 0.115
247 L 0.052 0.032 0.02 0.02 0.016 0.028 0.028 0.028 0.016 0.099 0.195 0.036 0.169 0.048 0.016 0.036 0.04 0.008 0.024 0.091
248 A 0.234 0.034 0.035 0.036 0.02 0.028 0.044 0.074 0.016 0.038 0.053 0.047 0.017 0.021 0.029 0.132 0.06 0.005 0.017 0.059
249 G 0.053 0.031 0.124 0.044 0.01 0.024 0.034 0.201 0.03 0.028 0.043 0.039 0.013 0.056 0.018 0.05 0.035 0.013 0.121 0.033
250 Y 0.04 0.028 0.022 0.019 0.009 0.022 0.028 0.025 0.046 0.043 0.068 0.031 0.019 0.13 0.015 0.031 0.028 0.028 0.325 0.046
251 S 0.172 0.037 0.044 0.042 0.019 0.03 0.048 0.07 0.018 0.034 0.047 0.05 0.016 0.021 0.029 0.18 0.071 0.005 0.017 0.05
252 D 0.041 0.03 0.068 0.403 0.007 0.03 0.09 0.046 0.019 0.022 0.028 0.044 0.009 0.015 0.022 0.052 0.035 0.004 0.011 0.024
253 Y 0.04 0.028 0.022 0.019 0.009 0.022 0.028 0.025 0.046 0.043 0.068 0.031 0.019 0.13 0.015 0.031 0.028 0.028 0.325 0.046
254 T 0.072 0.035 0.043 0.037 0.018 0.027 0.039 0.043 0.014 0.053 0.064 0.045 0.02 0.023 0.027 0.092 0.254 0.006 0.018 0.07
255 R 0.044 0.351 0.038 0.031 0.008 0.048 0.052 0.033 0.023 0.023 0.046 0.119 0.015 0.017 0.019 0.044 0.035 0.006 0.017 0.031
256 N 0.042 0.044 0.324 0.082 0.009 0.033 0.049 0.065 0.031 0.022 0.031 0.053 0.011 0.018 0.02 0.069 0.049 0.004 0.016 0.027
257 F 0.121 0.023 0.02 0.021 0.014 0.015 0.026 0.043 0.016 0.056 0.095 0.027 0.023 0.269 0.017 0.045 0.033 0.013 0.064 0.059
258 A 0.221 0.028 0.022 0.025 0.021 0.022 0.034 0.06 0.012 0.083 0.082 0.038 0.022 0.026 0.025 0.067 0.049 0.005 0.018 0.137
259 L 0.044 0.024 0.014 0.015 0.016 0.016 0.02 0.021 0.01 0.114 0.382 0.025 0.049 0.054 0.014 0.024 0.033 0.007 0.022 0.095
260 L 0.052 0.023 0.015 0.016 0.017 0.016 0.021 0.022 0.009 0.133 0.298 0.025 0.043 0.048 0.015 0.027 0.038 0.007 0.022 0.153
261 I 0.13 0.022 0.018 0.021 0.018 0.017 0.025 0.039 0.011 0.2 0.13 0.03 0.03 0.036 0.02 0.045 0.043 0.006 0.019 0.139
262 D 0.063 0.033 0.063 0.285 0.011 0.031 0.078 0.052 0.023 0.025 0.032 0.047 0.011 0.017 0.024 0.108 0.05 0.004 0.014 0.03
263 S 0.087 0.041 0.144 0.06 0.015 0.033 0.051 0.065 0.023 0.027 0.038 0.053 0.014 0.02 0.026 0.175 0.07 0.005 0.017 0.037
264 N 0.054 0.038 0.222 0.069 0.009 0.029 0.042 0.214 0.025 0.021 0.03 0.049 0.011 0.017 0.02 0.063 0.042 0.005 0.014 0.026
265 F 0.043 0.04 0.027 0.027 0.009 0.085 0.049 0.03 0.031 0.044 0.076 0.047 0.021 0.179 0.016 0.037 0.031 0.017 0.144 0.045
266 D 0.068 0.04 0.054 0.18 0.011 0.042 0.149 0.049 0.021 0.024 0.035 0.058 0.013 0.017 0.026 0.111 0.051 0.005 0.015 0.032
267 P 0.049 0.023 0.021 0.026 0.01 0.017 0.03 0.032 0.014 0.038 0.062 0.034 0.015 0.14 0.336 0.037 0.032 0.007 0.038 0.039
268 Y 0.049 0.044 0.028 0.028 0.011 0.091 0.052 0.031 0.03 0.056 0.103 0.052 0.069 0.064 0.018 0.041 0.036 0.014 0.123 0.058
269 F 0.036 0.022 0.018 0.017 0.01 0.014 0.022 0.025 0.027 0.056 0.098 0.023 0.023 0.305 0.012 0.027 0.026 0.02 0.167 0.052
270 G 0.078 0.023 0.039 0.033 0.011 0.019 0.025 0.515 0.013 0.019 0.028 0.033 0.009 0.016 0.019 0.051 0.029 0.005 0.011 0.024
271 R 0.048 0.269 0.039 0.034 0.008 0.052 0.058 0.036 0.022 0.024 0.045 0.172 0.015 0.017 0.022 0.047 0.036 0.006 0.017 0.031
272 L 0.044 0.024 0.014 0.015 0.016 0.016 0.02 0.021 0.01 0.114 0.382 0.025 0.049 0.054 0.014 0.024 0.033 0.007 0.022 0.095
273 L 0.044 0.024 0.014 0.015 0.016 0.016 0.02 0.021 0.01 0.114 0.379 0.025 0.051 0.054 0.014 0.024 0.033 0.007 0.022 0.095
274 L 0.046 0.027 0.019 0.019 0.014 0.022 0.025 0.027 0.016 0.09 0.169 0.03 0.116 0.163 0.014 0.032 0.035 0.011 0.045 0.082
275 E 0.055 0.049 0.04 0.089 0.007 0.064 0.303 0.035 0.026 0.022 0.036 0.075 0.013 0.016 0.026 0.055 0.036 0.005 0.016 0.031
276 S 0.109 0.04 0.054 0.048 0.017 0.033 0.052 0.066 0.019 0.029 0.041 0.054 0.016 0.021 0.029 0.228 0.081 0.005 0.017 0.041
277 E 0.054 0.049 0.04 0.093 0.007 0.063 0.301 0.035 0.025 0.022 0.036 0.074 0.013 0.016 0.026 0.055 0.036 0.005 0.016 0.031
278 V 0.056 0.021 0.016 0.017 0.016 0.014 0.021 0.024 0.011 0.135 0.125 0.023 0.029 0.155 0.014 0.03 0.041 0.009 0.043 0.197
279 F 0.036 0.022 0.018 0.017 0.01 0.014 0.022 0.025 0.027 0.056 0.098 0.023 0.023 0.305 0.012 0.027 0.026 0.02 0.167 0.052
280 S 0.172 0.037 0.044 0.042 0.019 0.03 0.048 0.07 0.018 0.034 0.047 0.05 0.016 0.021 0.029 0.18 0.071 0.005 0.017 0.05
281 R 0.044 0.351 0.038 0.031 0.008 0.048 0.052 0.033 0.023 0.023 0.046 0.119 0.015 0.017 0.019 0.044 0.035 0.006 0.017 0.031
282 L 0.046 0.02 0.014 0.017 0.016 0.014 0.018 0.021 0.009 0.224 0.238 0.024 0.041 0.047 0.014 0.025 0.037 0.006 0.021 0.148
283 P 0.056 0.026 0.023 0.031 0.01 0.02 0.036 0.036 0.013 0.026 0.036 0.041 0.01 0.013 0.499 0.043 0.036 0.003 0.013 0.031
284 R 0.044 0.351 0.038 0.031 0.008 0.048 0.052 0.033 0.023 0.023 0.046 0.119 0.015 0.017 0.019 0.044 0.035 0.006 0.017 0.031
285 A 0.294 0.031 0.026 0.03 0.021 0.026 0.043 0.077 0.015 0.043 0.059 0.044 0.017 0.021 0.029 0.084 0.049 0.005 0.017 0.068
286 L 0.046 0.02 0.014 0.017 0.016 0.014 0.018 0.021 0.009 0.22 0.243 0.024 0.041 0.047 0.014 0.025 0.037 0.006 0.021 0.146
287 Y 0.037 0.026 0.019 0.017 0.009 0.019 0.026 0.026 0.036 0.039 0.063 0.028 0.017 0.106 0.013 0.028 0.026 0.184 0.239 0.041
288 P 0.056 0.026 0.024 0.031 0.01 0.021 0.036 0.036 0.017 0.026 0.036 0.041 0.01 0.013 0.487 0.044 0.038 0.003 0.013 0.031
289 D 0.048 0.031 0.066 0.361 0.009 0.03 0.086 0.054 0.019 0.023 0.029 0.045 0.01 0.015 0.023 0.071 0.04 0.004 0.012 0.026
290 K 0.056 0.106 0.041 0.041 0.009 0.053 0.07 0.043 0.02 0.027 0.043 0.285 0.015 0.015 0.027 0.053 0.039 0.005 0.017 0.032
291 P 0.056 0.026 0.023 0.031 0.01 0.02 0.036 0.036 0.013 0.026 0.036 0.041 0.01 0.013 0.499 0.043 0.036 0.003 0.013 0.031
292 L 0.054 0.029 0.027 0.078 0.014 0.028 0.09 0.028 0.014 0.1 0.181 0.038 0.031 0.035 0.018 0.037 0.039 0.006 0.019 0.133
293 D 0.041 0.03 0.068 0.403 0.007 0.03 0.09 0.046 0.019 0.022 0.028 0.044 0.009 0.015 0.022 0.052 0.035 0.004 0.011 0.024
294 F 0.033 0.019 0.017 0.017 0.01 0.01 0.019 0.025 0.017 0.063 0.113 0.019 0.025 0.393 0.01 0.025 0.025 0.017 0.088 0.054
295 G 0.078 0.023 0.039 0.033 0.011 0.019 0.025 0.515 0.013 0.019 0.028 0.033 0.009 0.016 0.019 0.051 0.029 0.005 0.011 0.024
296 Y 0.126 0.029 0.023 0.022 0.013 0.023 0.032 0.042 0.036 0.043 0.065 0.035 0.018 0.093 0.02 0.049 0.035 0.02 0.222 0.054
297 L 0.041 0.022 0.015 0.016 0.014 0.014 0.02 0.022 0.012 0.097 0.292 0.023 0.041 0.167 0.013 0.024 0.03 0.01 0.044 0.082
298 E 0.047 0.032 0.026 0.042 0.011 0.033 0.117 0.027 0.034 0.114 0.089 0.043 0.022 0.061 0.019 0.037 0.034 0.013 0.114 0.083
299 L 0.044 0.024 0.014 0.015 0.016 0.016 0.02 0.021 0.01 0.114 0.382 0.025 0.049 0.054 0.014 0.024 0.033 0.007 0.022 0.095
300 A 0.212 0.03 0.04 0.154 0.017 0.027 0.057 0.067 0.016 0.036 0.048 0.044 0.015 0.019 0.027 0.073 0.045 0.005 0.015 0.053
301 R 0.048 0.27 0.039 0.034 0.008 0.05 0.058 0.036 0.022 0.024 0.045 0.174 0.015 0.017 0.022 0.047 0.036 0.006 0.017 0.031
302 R 0.057 0.16 0.032 0.03 0.012 0.039 0.048 0.033 0.017 0.071 0.073 0.143 0.021 0.023 0.021 0.043 0.041 0.005 0.018 0.113
303 F 0.036 0.022 0.018 0.017 0.01 0.014 0.022 0.025 0.027 0.056 0.098 0.023 0.023 0.305 0.012 0.027 0.026 0.02 0.167 0.052
304 F 0.036 0.022 0.018 0.017 0.01 0.014 0.022 0.025 0.027 0.056 0.098 0.023 0.023 0.305 0.012 0.027 0.026 0.02 0.167 0.052
305 P 0.074 0.03 0.033 0.037 0.013 0.025 0.041 0.046 0.015 0.027 0.038 0.045 0.012 0.015 0.342 0.105 0.051 0.003 0.014 0.034
306 D 0.046 0.037 0.057 0.28 0.007 0.043 0.174 0.042 0.021 0.022 0.031 0.056 0.011 0.015 0.024 0.053 0.036 0.004 0.013 0.027
307 S 0.172 0.037 0.044 0.042 0.019 0.03 0.048 0.07 0.018 0.034 0.047 0.05 0.016 0.021 0.029 0.18 0.071 0.005 0.017 0.05
308 F 0.033 0.019 0.017 0.017 0.01 0.01 0.019 0.025 0.017 0.063 0.113 0.019 0.025 0.393 0.01 0.025 0.025 0.017 0.088 0.054
309 Y 0.04 0.028 0.022 0.019 0.009 0.022 0.028 0.025 0.046 0.043 0.068 0.031 0.019 0.13 0.015 0.031 0.028 0.028 0.325 0.046
310 D 0.042 0.142 0.143 0.172 0.008 0.037 0.064 0.048 0.024 0.023 0.035 0.072 0.012 0.017 0.02 0.055 0.04 0.005 0.015 0.027
311 N 0.042 0.044 0.324 0.082 0.009 0.033 0.049 0.065 0.031 0.022 0.031 0.053 0.011 0.018 0.02 0.069 0.049 0.004 0.016 0.027
312 K 0.056 0.082 0.042 0.049 0.009 0.151 0.11 0.041 0.026 0.026 0.044 0.154 0.018 0.015 0.025 0.054 0.04 0.006 0.019 0.034
313 G 0.078 0.023 0.039 0.033 0.011 0.019 0.025 0.515 0.013 0.019 0.028 0.033 0.009 0.016 0.019 0.051 0.029 0.005 0.011 0.024
314 V 0.145 0.025 0.019 0.022 0.02 0.019 0.029 0.042 0.01 0.123 0.106 0.032 0.027 0.031 0.021 0.05 0.049 0.005 0.019 0.207
315 P 0.056 0.026 0.023 0.031 0.01 0.02 0.036 0.036 0.013 0.026 0.036 0.041 0.01 0.013 0.499 0.043 0.036 0.003 0.013 0.031
316 S 0.172 0.037 0.044 0.042 0.019 0.03 0.048 0.07 0.018 0.034 0.047 0.05 0.016 0.021 0.029 0.18 0.071 0.005 0.017 0.05
317 F 0.033 0.019 0.017 0.017 0.01 0.01 0.019 0.025 0.017 0.063 0.113 0.019 0.025 0.393 0.01 0.025 0.025 0.017 0.088 0.054
318 G 0.078 0.023 0.039 0.033 0.011 0.019 0.025 0.515 0.013 0.019 0.028 0.033 0.009 0.016 0.019 0.051 0.029 0.005 0.011 0.024
319 L 0.045 0.028 0.019 0.018 0.014 0.022 0.025 0.025 0.024 0.086 0.215 0.031 0.079 0.077 0.015 0.03 0.034 0.014 0.123 0.078
320 G 0.078 0.023 0.039 0.033 0.011 0.019 0.025 0.515 0.013 0.019 0.028 0.033 0.009 0.016 0.019 0.051 0.029 0.005 0.011 0.024
