#Seq2Logo.py -f /work3/idamei/ssn-clusterings/clustering/2205161002/clusters/0033_160/sequences.afa -o /work3/idamei/ssn-clusterings/clustering/2205161002/clusters/0033_160/sequences.logo
#Position Specific Frequency Matrix
A R N D C Q E G H I L K M F P S T W Y V
0 L 0.052 0.032 0.02 0.02 0.016 0.028 0.028 0.028 0.016 0.101 0.198 0.036 0.157 0.048 0.016 0.036 0.04 0.008 0.024 0.093
1 A 0.287 0.031 0.026 0.03 0.022 0.026 0.041 0.079 0.015 0.043 0.06 0.045 0.018 0.022 0.03 0.085 0.05 0.005 0.018 0.069
2 R 0.045 0.343 0.039 0.031 0.008 0.049 0.052 0.033 0.023 0.023 0.047 0.121 0.016 0.017 0.019 0.045 0.035 0.006 0.017 0.031
3 S 0.11 0.04 0.054 0.049 0.018 0.033 0.053 0.067 0.019 0.03 0.042 0.054 0.016 0.021 0.03 0.217 0.082 0.005 0.018 0.042
4 I 0.047 0.018 0.015 0.018 0.016 0.013 0.018 0.021 0.009 0.268 0.169 0.024 0.037 0.044 0.015 0.025 0.04 0.006 0.021 0.177
5 K 0.057 0.108 0.042 0.042 0.009 0.054 0.071 0.043 0.021 0.028 0.043 0.275 0.016 0.016 0.028 0.054 0.04 0.005 0.017 0.033
6 E 0.055 0.05 0.041 0.091 0.007 0.065 0.294 0.035 0.026 0.022 0.037 0.076 0.013 0.017 0.026 0.055 0.037 0.006 0.017 0.031
7 F 0.034 0.019 0.017 0.017 0.011 0.011 0.019 0.025 0.017 0.064 0.115 0.019 0.025 0.385 0.011 0.025 0.025 0.017 0.089 0.055
8 N 0.043 0.045 0.314 0.083 0.009 0.034 0.05 0.065 0.032 0.023 0.032 0.054 0.011 0.018 0.02 0.07 0.05 0.005 0.016 0.027
9 F 0.034 0.019 0.017 0.017 0.011 0.011 0.019 0.025 0.017 0.064 0.115 0.019 0.025 0.385 0.011 0.025 0.025 0.017 0.089 0.055
10 S 0.11 0.04 0.054 0.049 0.018 0.033 0.053 0.067 0.019 0.03 0.042 0.054 0.016 0.021 0.03 0.217 0.082 0.005 0.018 0.042
11 A 0.287 0.031 0.026 0.03 0.022 0.026 0.041 0.079 0.015 0.043 0.06 0.045 0.018 0.022 0.03 0.085 0.05 0.005 0.018 0.069
12 I 0.047 0.018 0.015 0.018 0.016 0.013 0.018 0.021 0.009 0.268 0.169 0.024 0.037 0.044 0.015 0.025 0.04 0.006 0.021 0.177
13 I 0.047 0.018 0.015 0.018 0.016 0.013 0.018 0.021 0.009 0.268 0.169 0.024 0.037 0.044 0.015 0.025 0.04 0.006 0.021 0.177
14 Y 0.041 0.028 0.022 0.019 0.009 0.022 0.028 0.025 0.047 0.044 0.069 0.031 0.019 0.131 0.016 0.031 0.028 0.028 0.315 0.047
15 L 0.045 0.024 0.014 0.015 0.016 0.016 0.02 0.021 0.01 0.116 0.373 0.025 0.05 0.055 0.014 0.024 0.034 0.007 0.022 0.097
16 L 0.045 0.024 0.014 0.015 0.016 0.016 0.02 0.021 0.01 0.116 0.373 0.025 0.05 0.055 0.014 0.024 0.034 0.007 0.022 0.097
17 R 0.045 0.343 0.039 0.031 0.008 0.049 0.052 0.033 0.023 0.023 0.047 0.121 0.016 0.017 0.019 0.045 0.035 0.006 0.017 0.031
18 K 0.057 0.108 0.042 0.042 0.009 0.054 0.071 0.043 0.021 0.028 0.043 0.275 0.016 0.016 0.028 0.054 0.04 0.005 0.017 0.033
19 F 0.034 0.019 0.017 0.017 0.011 0.011 0.019 0.025 0.017 0.064 0.115 0.019 0.025 0.385 0.011 0.025 0.025 0.017 0.089 0.055
20 R 0.045 0.343 0.039 0.031 0.008 0.049 0.052 0.033 0.023 0.023 0.047 0.121 0.016 0.017 0.019 0.045 0.035 0.006 0.017 0.031
21 P 0.057 0.026 0.023 0.031 0.01 0.021 0.036 0.036 0.013 0.026 0.036 0.041 0.01 0.013 0.492 0.044 0.036 0.003 0.013 0.031
22 S 0.11 0.04 0.054 0.049 0.018 0.033 0.053 0.067 0.019 0.03 0.042 0.054 0.016 0.021 0.03 0.217 0.082 0.005 0.018 0.042
23 F 0.034 0.019 0.017 0.017 0.011 0.011 0.019 0.025 0.017 0.064 0.115 0.019 0.025 0.385 0.011 0.025 0.025 0.017 0.089 0.055
24 I 0.047 0.018 0.015 0.018 0.016 0.013 0.018 0.021 0.009 0.268 0.169 0.024 0.037 0.044 0.015 0.025 0.04 0.006 0.021 0.177
25 I 0.047 0.018 0.015 0.018 0.016 0.013 0.018 0.021 0.009 0.268 0.169 0.024 0.037 0.044 0.015 0.025 0.04 0.006 0.021 0.177
26 H 0.042 0.046 0.054 0.038 0.008 0.038 0.054 0.038 0.353 0.023 0.038 0.046 0.015 0.031 0.019 0.042 0.027 0.008 0.058 0.023
27 A 0.287 0.031 0.026 0.03 0.022 0.026 0.041 0.079 0.015 0.043 0.06 0.045 0.018 0.022 0.03 0.085 0.05 0.005 0.018 0.069
28 P 0.057 0.026 0.023 0.031 0.01 0.021 0.036 0.036 0.013 0.026 0.036 0.041 0.01 0.013 0.492 0.044 0.036 0.003 0.013 0.031
29 Y 0.041 0.028 0.022 0.019 0.009 0.022 0.028 0.025 0.047 0.044 0.069 0.031 0.019 0.131 0.016 0.031 0.028 0.028 0.315 0.047
30 F 0.034 0.019 0.017 0.017 0.011 0.011 0.019 0.025 0.017 0.064 0.115 0.019 0.025 0.385 0.011 0.025 0.025 0.017 0.089 0.055
31 I 0.047 0.018 0.015 0.018 0.016 0.013 0.018 0.021 0.009 0.268 0.169 0.024 0.037 0.044 0.015 0.025 0.04 0.006 0.021 0.177
32 K 0.057 0.108 0.042 0.042 0.009 0.054 0.071 0.043 0.021 0.028 0.043 0.275 0.016 0.016 0.028 0.054 0.04 0.005 0.017 0.033
33 K 0.057 0.108 0.042 0.042 0.009 0.054 0.071 0.043 0.021 0.028 0.043 0.275 0.016 0.016 0.028 0.054 0.04 0.005 0.017 0.033
34 I 0.047 0.018 0.015 0.018 0.016 0.013 0.018 0.021 0.009 0.268 0.169 0.024 0.037 0.044 0.015 0.025 0.04 0.006 0.021 0.177
35 L 0.052 0.032 0.02 0.02 0.016 0.028 0.028 0.028 0.016 0.101 0.198 0.036 0.157 0.048 0.016 0.036 0.04 0.008 0.024 0.093
36 E 0.055 0.05 0.041 0.091 0.007 0.065 0.294 0.035 0.026 0.022 0.037 0.076 0.013 0.017 0.026 0.055 0.037 0.006 0.017 0.031
37 K 0.057 0.108 0.042 0.042 0.009 0.054 0.071 0.043 0.021 0.028 0.043 0.275 0.016 0.016 0.028 0.054 0.04 0.005 0.017 0.033
38 N 0.043 0.045 0.314 0.083 0.009 0.034 0.05 0.065 0.032 0.023 0.032 0.054 0.011 0.018 0.02 0.07 0.05 0.005 0.016 0.027
39 M 0.047 0.029 0.018 0.018 0.015 0.025 0.025 0.025 0.015 0.091 0.178 0.033 0.24 0.044 0.015 0.033 0.036 0.007 0.022 0.084
40 S 0.072 0.037 0.11 0.076 0.012 0.041 0.049 0.076 0.056 0.026 0.037 0.048 0.013 0.019 0.023 0.167 0.08 0.005 0.018 0.034
41 D 0.053 0.047 0.038 0.152 0.009 0.029 0.092 0.035 0.026 0.03 0.045 0.044 0.013 0.059 0.043 0.06 0.046 0.011 0.134 0.035
42 L 0.053 0.028 0.06 0.055 0.013 0.024 0.075 0.08 0.014 0.097 0.13 0.036 0.023 0.047 0.018 0.056 0.061 0.006 0.019 0.104
43 E 0.063 0.039 0.045 0.192 0.008 0.056 0.228 0.039 0.021 0.022 0.033 0.058 0.011 0.015 0.023 0.065 0.036 0.004 0.014 0.029
44 I 0.047 0.018 0.015 0.018 0.016 0.013 0.018 0.021 0.009 0.269 0.168 0.024 0.037 0.044 0.015 0.025 0.04 0.006 0.021 0.177
45 I 0.047 0.018 0.015 0.018 0.016 0.013 0.018 0.021 0.009 0.269 0.168 0.024 0.037 0.044 0.015 0.025 0.04 0.006 0.021 0.177
46 K 0.057 0.107 0.042 0.042 0.009 0.054 0.071 0.043 0.021 0.028 0.043 0.276 0.016 0.016 0.028 0.054 0.04 0.005 0.017 0.033
47 V 0.07 0.022 0.017 0.018 0.019 0.017 0.023 0.025 0.008 0.165 0.131 0.026 0.032 0.036 0.017 0.033 0.05 0.006 0.021 0.267
48 R 0.045 0.343 0.039 0.031 0.008 0.049 0.052 0.033 0.023 0.023 0.047 0.121 0.016 0.017 0.019 0.045 0.035 0.006 0.017 0.031
49 D 0.041 0.03 0.069 0.396 0.008 0.03 0.092 0.047 0.019 0.022 0.028 0.045 0.009 0.015 0.022 0.052 0.035 0.004 0.011 0.024
50 Y 0.041 0.028 0.022 0.019 0.009 0.022 0.028 0.025 0.047 0.044 0.069 0.031 0.019 0.131 0.016 0.031 0.028 0.028 0.316 0.047
51 L 0.045 0.024 0.014 0.015 0.016 0.016 0.02 0.021 0.01 0.116 0.374 0.025 0.05 0.055 0.014 0.024 0.033 0.007 0.022 0.096
52 F 0.031 0.017 0.015 0.015 0.01 0.01 0.017 0.023 0.015 0.058 0.104 0.017 0.023 0.444 0.01 0.023 0.023 0.015 0.081 0.05
53 F 0.034 0.019 0.015 0.015 0.011 0.012 0.018 0.022 0.015 0.083 0.196 0.02 0.029 0.3 0.011 0.023 0.026 0.013 0.075 0.065
54 D 0.068 0.043 0.063 0.122 0.011 0.055 0.08 0.041 0.03 0.054 0.067 0.088 0.017 0.022 0.021 0.08 0.042 0.005 0.022 0.068
55 L 0.042 0.019 0.014 0.015 0.013 0.013 0.018 0.021 0.012 0.145 0.199 0.021 0.032 0.167 0.012 0.024 0.032 0.01 0.055 0.136
56 A 0.18 0.026 0.024 0.024 0.016 0.02 0.031 0.047 0.017 0.086 0.098 0.034 0.021 0.078 0.021 0.084 0.042 0.009 0.074 0.07
57 F 0.038 0.02 0.016 0.016 0.011 0.013 0.02 0.022 0.02 0.071 0.127 0.021 0.024 0.274 0.012 0.025 0.027 0.015 0.136 0.092
58 S 0.087 0.036 0.104 0.062 0.012 0.033 0.102 0.098 0.038 0.028 0.053 0.049 0.014 0.019 0.023 0.137 0.049 0.005 0.017 0.035
59 N 0.039 0.04 0.204 0.112 0.008 0.031 0.064 0.046 0.087 0.023 0.034 0.058 0.012 0.032 0.018 0.051 0.036 0.007 0.071 0.027
60 W 0.038 0.02 0.014 0.015 0.012 0.013 0.019 0.023 0.011 0.147 0.176 0.022 0.028 0.084 0.011 0.028 0.029 0.18 0.039 0.089
61 D 0.069 0.033 0.036 0.109 0.011 0.037 0.053 0.062 0.027 0.047 0.094 0.053 0.018 0.031 0.081 0.083 0.044 0.006 0.05 0.056
62 L 0.047 0.034 0.041 0.036 0.011 0.04 0.1 0.028 0.019 0.066 0.16 0.054 0.025 0.061 0.018 0.04 0.059 0.009 0.071 0.081
63 F 0.035 0.019 0.015 0.015 0.011 0.012 0.019 0.022 0.017 0.081 0.159 0.02 0.029 0.287 0.011 0.024 0.026 0.014 0.106 0.074
64 L 0.045 0.021 0.016 0.016 0.014 0.014 0.019 0.046 0.01 0.136 0.291 0.023 0.037 0.08 0.014 0.027 0.045 0.007 0.025 0.115
65 L 0.09 0.023 0.02 0.02 0.014 0.017 0.024 0.061 0.015 0.108 0.157 0.028 0.026 0.088 0.029 0.043 0.063 0.009 0.075 0.089
66 L 0.047 0.021 0.017 0.017 0.085 0.015 0.021 0.025 0.014 0.128 0.16 0.024 0.036 0.076 0.014 0.045 0.034 0.058 0.068 0.094
67 L 0.078 0.03 0.047 0.031 0.015 0.024 0.033 0.064 0.015 0.075 0.115 0.037 0.076 0.049 0.02 0.115 0.085 0.006 0.021 0.066
68 L 0.073 0.021 0.017 0.018 0.026 0.015 0.021 0.027 0.011 0.13 0.187 0.024 0.04 0.137 0.015 0.033 0.051 0.008 0.034 0.114
69 L 0.087 0.021 0.016 0.018 0.014 0.015 0.022 0.029 0.011 0.12 0.211 0.025 0.031 0.113 0.048 0.033 0.04 0.007 0.03 0.109
70 L 0.048 0.021 0.018 0.018 0.062 0.015 0.021 0.025 0.011 0.13 0.159 0.024 0.04 0.14 0.014 0.043 0.059 0.008 0.034 0.108
71 L 0.067 0.022 0.021 0.021 0.062 0.016 0.024 0.054 0.011 0.115 0.126 0.027 0.034 0.107 0.04 0.057 0.059 0.007 0.028 0.101
72 L 0.089 0.021 0.018 0.019 0.014 0.015 0.022 0.085 0.012 0.114 0.148 0.026 0.036 0.131 0.039 0.035 0.033 0.008 0.032 0.104
73 L 0.071 0.021 0.017 0.018 0.015 0.015 0.022 0.027 0.01 0.156 0.193 0.025 0.031 0.081 0.015 0.043 0.051 0.007 0.025 0.154
74 L 0.047 0.02 0.014 0.014 0.135 0.013 0.018 0.023 0.009 0.085 0.311 0.022 0.036 0.079 0.013 0.026 0.03 0.007 0.024 0.075
75 Y 0.04 0.025 0.021 0.019 0.009 0.019 0.026 0.025 0.051 0.046 0.068 0.028 0.018 0.156 0.014 0.04 0.028 0.045 0.268 0.055
76 L 0.039 0.021 0.016 0.016 0.013 0.015 0.02 0.022 0.014 0.105 0.255 0.023 0.046 0.154 0.013 0.026 0.042 0.01 0.069 0.079
77 S 0.105 0.031 0.036 0.034 0.015 0.024 0.037 0.048 0.015 0.044 0.095 0.04 0.019 0.062 0.047 0.163 0.105 0.006 0.022 0.052
78 V 0.06 0.022 0.02 0.02 0.016 0.017 0.024 0.026 0.009 0.158 0.14 0.027 0.029 0.033 0.017 0.054 0.082 0.005 0.018 0.222
79 R 0.041 0.298 0.083 0.035 0.008 0.04 0.047 0.034 0.04 0.036 0.045 0.11 0.014 0.017 0.018 0.043 0.034 0.005 0.017 0.034
80 K 0.047 0.171 0.067 0.036 0.008 0.041 0.052 0.037 0.021 0.028 0.052 0.197 0.015 0.041 0.021 0.056 0.036 0.006 0.036 0.032
81 L 0.062 0.04 0.023 0.022 0.013 0.022 0.031 0.029 0.031 0.093 0.168 0.079 0.037 0.104 0.017 0.046 0.042 0.007 0.031 0.103
82 S 0.11 0.04 0.054 0.049 0.018 0.033 0.053 0.066 0.019 0.03 0.042 0.054 0.016 0.021 0.03 0.218 0.082 0.005 0.018 0.042
83 A 0.167 0.027 0.028 0.028 0.017 0.022 0.034 0.073 0.013 0.071 0.097 0.037 0.02 0.024 0.047 0.11 0.064 0.005 0.016 0.099
84 I 0.078 0.021 0.019 0.02 0.016 0.016 0.023 0.029 0.01 0.173 0.147 0.027 0.029 0.051 0.045 0.048 0.055 0.006 0.021 0.165
85 G 0.127 0.029 0.076 0.033 0.013 0.022 0.031 0.211 0.016 0.055 0.068 0.049 0.016 0.025 0.02 0.062 0.038 0.006 0.031 0.071
86 G 0.079 0.031 0.066 0.035 0.01 0.022 0.031 0.395 0.016 0.021 0.031 0.062 0.01 0.02 0.019 0.06 0.032 0.006 0.028 0.026
87 L 0.042 0.02 0.015 0.016 0.013 0.015 0.019 0.02 0.016 0.181 0.189 0.023 0.031 0.084 0.013 0.025 0.032 0.011 0.105 0.129
88 L 0.04 0.02 0.015 0.016 0.014 0.013 0.018 0.021 0.01 0.155 0.262 0.022 0.038 0.135 0.013 0.025 0.043 0.008 0.033 0.097
89 D 0.037 0.028 0.077 0.437 0.007 0.027 0.081 0.043 0.017 0.02 0.025 0.041 0.008 0.014 0.02 0.048 0.033 0.003 0.01 0.022
90 P 0.051 0.023 0.021 0.028 0.009 0.019 0.033 0.033 0.012 0.023 0.033 0.037 0.009 0.012 0.542 0.04 0.033 0.002 0.012 0.028
91 L 0.052 0.019 0.015 0.016 0.013 0.013 0.018 0.023 0.011 0.159 0.195 0.022 0.041 0.189 0.013 0.026 0.03 0.009 0.041 0.095
92 H 0.044 0.037 0.041 0.031 0.01 0.03 0.042 0.033 0.289 0.04 0.053 0.039 0.026 0.032 0.018 0.043 0.067 0.007 0.058 0.059
93 F 0.033 0.019 0.015 0.015 0.01 0.012 0.018 0.022 0.018 0.074 0.145 0.02 0.026 0.328 0.011 0.024 0.025 0.015 0.111 0.059
94 Y 0.075 0.026 0.025 0.023 0.012 0.02 0.028 0.032 0.025 0.071 0.073 0.031 0.019 0.12 0.018 0.056 0.097 0.015 0.175 0.061
95 F 0.033 0.021 0.015 0.015 0.01 0.014 0.02 0.023 0.02 0.064 0.126 0.022 0.023 0.192 0.01 0.023 0.024 0.159 0.133 0.052
96 T 0.082 0.03 0.035 0.031 0.016 0.024 0.034 0.04 0.012 0.064 0.067 0.039 0.019 0.023 0.023 0.093 0.234 0.005 0.017 0.112
97 F 0.049 0.019 0.016 0.016 0.011 0.012 0.019 0.025 0.017 0.063 0.099 0.02 0.023 0.359 0.011 0.027 0.026 0.015 0.099 0.076
98 T 0.08 0.029 0.037 0.032 0.015 0.023 0.033 0.134 0.012 0.047 0.055 0.038 0.017 0.021 0.023 0.074 0.24 0.005 0.015 0.069
99 F 0.035 0.021 0.018 0.017 0.01 0.014 0.021 0.023 0.022 0.058 0.124 0.023 0.033 0.283 0.012 0.028 0.038 0.016 0.152 0.053
100 G 0.105 0.026 0.038 0.034 0.012 0.021 0.031 0.377 0.014 0.022 0.032 0.036 0.011 0.016 0.021 0.117 0.041 0.005 0.012 0.03
101 T 0.069 0.03 0.037 0.033 0.016 0.024 0.035 0.039 0.012 0.074 0.068 0.039 0.019 0.023 0.024 0.103 0.241 0.005 0.016 0.092
102 S 0.154 0.04 0.085 0.042 0.015 0.029 0.045 0.059 0.017 0.031 0.043 0.073 0.014 0.019 0.025 0.162 0.081 0.005 0.016 0.044
103 Y 0.037 0.025 0.02 0.017 0.008 0.02 0.025 0.023 0.042 0.039 0.062 0.028 0.017 0.118 0.014 0.028 0.025 0.025 0.383 0.042
104 G 0.186 0.029 0.036 0.034 0.016 0.024 0.037 0.199 0.015 0.029 0.04 0.041 0.013 0.018 0.024 0.148 0.051 0.005 0.014 0.042
105 V 0.054 0.018 0.014 0.016 0.016 0.014 0.019 0.021 0.008 0.234 0.133 0.023 0.031 0.036 0.014 0.027 0.041 0.005 0.019 0.259
106 V 0.056 0.018 0.014 0.016 0.016 0.014 0.019 0.021 0.008 0.219 0.13 0.023 0.03 0.035 0.014 0.027 0.042 0.005 0.019 0.273
107 I 0.095 0.021 0.017 0.019 0.015 0.015 0.022 0.03 0.011 0.178 0.156 0.026 0.038 0.098 0.016 0.045 0.037 0.007 0.028 0.126
108 L 0.078 0.021 0.021 0.021 0.013 0.015 0.021 0.148 0.011 0.132 0.154 0.026 0.029 0.088 0.015 0.036 0.045 0.007 0.025 0.094
109 L 0.041 0.023 0.013 0.014 0.015 0.016 0.019 0.02 0.01 0.103 0.409 0.024 0.065 0.049 0.013 0.023 0.031 0.007 0.02 0.087
110 Y 0.036 0.04 0.019 0.017 0.032 0.018 0.024 0.024 0.031 0.04 0.066 0.029 0.017 0.156 0.013 0.027 0.025 0.092 0.254 0.041
111 I 0.061 0.02 0.022 0.019 0.014 0.015 0.021 0.049 0.01 0.199 0.179 0.025 0.04 0.066 0.014 0.04 0.036 0.018 0.024 0.127
112 L 0.059 0.033 0.093 0.055 0.023 0.037 0.052 0.06 0.072 0.049 0.157 0.043 0.023 0.05 0.017 0.052 0.035 0.006 0.035 0.047
113 G 0.061 0.025 0.082 0.101 0.009 0.021 0.043 0.406 0.015 0.018 0.026 0.035 0.009 0.015 0.018 0.049 0.03 0.005 0.01 0.022
114 Y 0.054 0.033 0.025 0.025 0.01 0.042 0.052 0.028 0.069 0.047 0.124 0.049 0.022 0.089 0.016 0.034 0.029 0.015 0.19 0.047
115 I 0.062 0.018 0.016 0.018 0.015 0.014 0.019 0.023 0.009 0.273 0.15 0.024 0.031 0.037 0.015 0.038 0.039 0.005 0.018 0.173
116 S 0.079 0.032 0.042 0.066 0.013 0.029 0.072 0.095 0.016 0.031 0.04 0.045 0.013 0.018 0.095 0.179 0.068 0.004 0.014 0.048
117 D 0.063 0.031 0.118 0.126 0.011 0.025 0.045 0.067 0.035 0.051 0.068 0.039 0.016 0.027 0.02 0.069 0.095 0.029 0.019 0.046
118 Y 0.037 0.027 0.028 0.071 0.009 0.023 0.049 0.026 0.082 0.045 0.108 0.031 0.02 0.113 0.015 0.031 0.027 0.016 0.198 0.043
119 L 0.044 0.028 0.02 0.019 0.013 0.019 0.025 0.024 0.034 0.092 0.262 0.042 0.033 0.055 0.016 0.034 0.069 0.01 0.087 0.075
120 F 0.044 0.021 0.019 0.019 0.024 0.014 0.021 0.026 0.013 0.102 0.14 0.023 0.036 0.248 0.013 0.051 0.045 0.011 0.05 0.08
121 L 0.078 0.024 0.023 0.022 0.014 0.019 0.027 0.057 0.017 0.084 0.146 0.03 0.034 0.101 0.017 0.079 0.04 0.022 0.077 0.091
122 L 0.044 0.023 0.016 0.017 0.014 0.017 0.021 0.022 0.013 0.149 0.244 0.026 0.082 0.057 0.014 0.028 0.046 0.008 0.046 0.112
123 L 0.05 0.02 0.016 0.017 0.015 0.014 0.02 0.022 0.009 0.173 0.19 0.023 0.032 0.094 0.014 0.037 0.038 0.007 0.027 0.182
124 F 0.061 0.022 0.02 0.02 0.013 0.015 0.023 0.053 0.013 0.079 0.166 0.025 0.029 0.207 0.014 0.054 0.046 0.01 0.044 0.087
125 L 0.076 0.024 0.026 0.025 0.015 0.018 0.027 0.07 0.012 0.114 0.143 0.03 0.025 0.087 0.018 0.09 0.068 0.007 0.026 0.1
126 Y 0.046 0.028 0.073 0.028 0.033 0.022 0.03 0.033 0.034 0.036 0.056 0.033 0.016 0.101 0.016 0.069 0.035 0.018 0.252 0.04
127 G 0.153 0.024 0.041 0.027 0.061 0.019 0.028 0.2 0.013 0.043 0.08 0.032 0.016 0.024 0.019 0.062 0.036 0.054 0.018 0.048
128 L 0.053 0.02 0.015 0.016 0.015 0.014 0.019 0.028 0.01 0.157 0.221 0.023 0.043 0.096 0.013 0.026 0.035 0.007 0.028 0.163
129 L 0.094 0.024 0.02 0.02 0.016 0.017 0.025 0.032 0.011 0.111 0.23 0.029 0.032 0.055 0.017 0.06 0.058 0.006 0.021 0.123
130 F 0.036 0.02 0.015 0.015 0.012 0.013 0.019 0.022 0.013 0.089 0.214 0.021 0.06 0.255 0.011 0.024 0.028 0.011 0.052 0.07
131 L 0.071 0.021 0.015 0.016 0.014 0.015 0.021 0.025 0.013 0.14 0.24 0.024 0.033 0.067 0.014 0.029 0.033 0.032 0.057 0.12
132 L 0.056 0.021 0.018 0.018 0.038 0.015 0.021 0.049 0.01 0.138 0.21 0.025 0.034 0.079 0.015 0.047 0.037 0.007 0.024 0.139
133 S 0.101 0.029 0.036 0.034 0.027 0.024 0.037 0.072 0.014 0.052 0.058 0.039 0.017 0.055 0.046 0.181 0.058 0.005 0.021 0.094
134 L 0.037 0.021 0.015 0.015 0.012 0.014 0.019 0.021 0.017 0.107 0.205 0.022 0.039 0.173 0.012 0.024 0.028 0.037 0.105 0.075
135 R 0.052 0.139 0.065 0.033 0.01 0.042 0.042 0.049 0.034 0.044 0.052 0.072 0.016 0.053 0.018 0.086 0.043 0.033 0.072 0.046
136 L 0.086 0.056 0.019 0.019 0.037 0.018 0.024 0.03 0.013 0.128 0.162 0.033 0.029 0.09 0.015 0.045 0.034 0.032 0.044 0.083
137 F 0.082 0.024 0.027 0.026 0.013 0.018 0.028 0.091 0.014 0.054 0.09 0.03 0.02 0.196 0.017 0.105 0.042 0.009 0.042 0.073
138 S 0.071 0.066 0.035 0.031 0.012 0.038 0.039 0.046 0.04 0.051 0.087 0.046 0.019 0.055 0.02 0.14 0.048 0.01 0.098 0.048
139 R 0.069 0.164 0.052 0.032 0.011 0.034 0.042 0.038 0.039 0.07 0.067 0.091 0.029 0.023 0.02 0.071 0.055 0.005 0.019 0.068
140 L 0.066 0.09 0.044 0.028 0.012 0.025 0.033 0.081 0.02 0.086 0.09 0.059 0.03 0.057 0.018 0.058 0.087 0.007 0.034 0.075
141 R 0.061 0.131 0.038 0.035 0.01 0.048 0.049 0.068 0.049 0.03 0.065 0.111 0.016 0.019 0.068 0.1 0.043 0.005 0.019 0.035
142 K 0.054 0.069 0.052 0.032 0.01 0.03 0.04 0.124 0.02 0.04 0.088 0.132 0.017 0.034 0.043 0.058 0.035 0.008 0.065 0.051
143 S 0.071 0.046 0.047 0.049 0.013 0.04 0.038 0.061 0.018 0.074 0.069 0.04 0.019 0.089 0.019 0.091 0.067 0.008 0.058 0.082
144 P 0.056 0.078 0.075 0.034 0.01 0.028 0.036 0.056 0.016 0.044 0.064 0.064 0.015 0.042 0.137 0.065 0.05 0.066 0.023 0.04
145 L 0.053 0.022 0.02 0.02 0.014 0.016 0.023 0.039 0.03 0.131 0.199 0.026 0.033 0.121 0.015 0.056 0.036 0.008 0.033 0.107
146 L 0.064 0.061 0.074 0.049 0.013 0.022 0.033 0.035 0.024 0.084 0.133 0.039 0.023 0.072 0.017 0.062 0.052 0.006 0.028 0.108
147 K 0.052 0.082 0.063 0.033 0.01 0.031 0.04 0.13 0.019 0.047 0.082 0.135 0.017 0.048 0.019 0.056 0.035 0.007 0.051 0.041
148 A 0.105 0.057 0.046 0.067 0.012 0.027 0.042 0.04 0.036 0.053 0.094 0.094 0.019 0.051 0.02 0.049 0.057 0.013 0.054 0.063
149 V 0.068 0.023 0.021 0.021 0.014 0.017 0.025 0.029 0.014 0.121 0.108 0.029 0.024 0.084 0.064 0.053 0.072 0.008 0.058 0.147
150 K 0.064 0.05 0.042 0.102 0.012 0.035 0.075 0.043 0.017 0.09 0.07 0.104 0.019 0.024 0.024 0.09 0.049 0.005 0.017 0.069
151 F 0.045 0.069 0.072 0.029 0.034 0.03 0.034 0.037 0.02 0.078 0.075 0.08 0.019 0.112 0.016 0.04 0.034 0.009 0.078 0.089
152 L 0.073 0.068 0.062 0.032 0.013 0.026 0.036 0.086 0.015 0.073 0.096 0.07 0.025 0.026 0.019 0.091 0.056 0.029 0.018 0.085
153 C 0.065 0.016 0.016 0.016 0.484 0.012 0.016 0.032 0.008 0.045 0.065 0.02 0.016 0.02 0.016 0.041 0.037 0.004 0.012 0.057
154 F 0.068 0.021 0.017 0.018 0.013 0.014 0.021 0.051 0.014 0.092 0.19 0.023 0.028 0.204 0.014 0.032 0.042 0.01 0.059 0.071
155 L 0.041 0.023 0.034 0.019 0.013 0.016 0.022 0.024 0.033 0.114 0.234 0.025 0.032 0.122 0.014 0.029 0.043 0.009 0.065 0.091
156 V 0.076 0.024 0.025 0.024 0.039 0.018 0.027 0.056 0.011 0.133 0.108 0.03 0.024 0.038 0.018 0.077 0.094 0.005 0.018 0.153
157 P 0.051 0.029 0.023 0.029 0.058 0.022 0.053 0.031 0.014 0.06 0.069 0.056 0.015 0.042 0.28 0.049 0.034 0.005 0.033 0.047
158 K 0.066 0.114 0.065 0.077 0.009 0.037 0.07 0.046 0.025 0.039 0.044 0.141 0.014 0.024 0.045 0.064 0.037 0.006 0.04 0.037
159 G 0.06 0.059 0.115 0.041 0.01 0.028 0.038 0.19 0.019 0.042 0.059 0.094 0.014 0.024 0.019 0.061 0.05 0.006 0.031 0.038
160 N 0.052 0.084 0.135 0.068 0.01 0.034 0.069 0.044 0.02 0.045 0.062 0.098 0.015 0.019 0.021 0.078 0.081 0.005 0.015 0.042
161 G 0.064 0.053 0.037 0.037 0.009 0.028 0.064 0.321 0.035 0.021 0.032 0.083 0.011 0.02 0.02 0.068 0.033 0.006 0.031 0.026
162 R 0.048 0.172 0.076 0.035 0.009 0.034 0.043 0.036 0.073 0.047 0.05 0.081 0.015 0.028 0.046 0.063 0.037 0.007 0.049 0.052
163 F 0.092 0.041 0.024 0.023 0.013 0.019 0.028 0.052 0.034 0.103 0.101 0.033 0.025 0.11 0.017 0.061 0.05 0.009 0.071 0.094
164 E 0.06 0.027 0.022 0.037 0.012 0.028 0.129 0.027 0.016 0.114 0.103 0.037 0.023 0.107 0.017 0.035 0.034 0.008 0.045 0.117
165 F 0.041 0.02 0.018 0.017 0.012 0.013 0.02 0.024 0.016 0.074 0.113 0.022 0.024 0.284 0.013 0.03 0.054 0.013 0.088 0.105
166 K 0.072 0.078 0.043 0.028 0.01 0.04 0.04 0.036 0.023 0.048 0.06 0.111 0.017 0.1 0.018 0.052 0.034 0.037 0.109 0.044
167 L 0.067 0.023 0.021 0.021 0.015 0.017 0.024 0.03 0.012 0.147 0.18 0.028 0.039 0.097 0.016 0.075 0.041 0.007 0.028 0.114
168 L 0.081 0.023 0.019 0.02 0.015 0.017 0.024 0.03 0.011 0.143 0.211 0.028 0.041 0.056 0.016 0.066 0.041 0.006 0.021 0.129
169 L 0.041 0.019 0.014 0.015 0.014 0.013 0.018 0.02 0.01 0.163 0.266 0.022 0.036 0.1 0.012 0.023 0.032 0.031 0.03 0.122
170 L 0.071 0.019 0.016 0.017 0.037 0.014 0.019 0.05 0.011 0.152 0.162 0.023 0.038 0.148 0.014 0.03 0.032 0.008 0.035 0.103
171 L 0.067 0.022 0.017 0.018 0.015 0.016 0.022 0.026 0.01 0.145 0.236 0.026 0.043 0.054 0.015 0.043 0.054 0.006 0.021 0.14
172 Y 0.037 0.025 0.019 0.017 0.009 0.019 0.025 0.023 0.038 0.044 0.084 0.028 0.028 0.109 0.014 0.028 0.026 0.047 0.335 0.046
173 L 0.063 0.021 0.018 0.018 0.062 0.015 0.021 0.027 0.01 0.149 0.184 0.025 0.03 0.091 0.015 0.046 0.053 0.007 0.026 0.119
174 L 0.098 0.022 0.019 0.02 0.039 0.017 0.023 0.038 0.01 0.156 0.212 0.028 0.034 0.046 0.017 0.059 0.039 0.006 0.019 0.098
175 L 0.041 0.021 0.013 0.014 0.038 0.015 0.018 0.02 0.009 0.12 0.365 0.023 0.05 0.065 0.013 0.023 0.031 0.007 0.022 0.09
176 A 0.142 0.028 0.026 0.026 0.016 0.022 0.032 0.043 0.015 0.063 0.134 0.035 0.033 0.036 0.021 0.087 0.094 0.007 0.051 0.088
177 L 0.115 0.024 0.022 0.022 0.016 0.018 0.027 0.036 0.011 0.11 0.188 0.03 0.029 0.052 0.018 0.074 0.057 0.006 0.021 0.122
178 F 0.04 0.019 0.015 0.016 0.012 0.013 0.019 0.022 0.014 0.142 0.155 0.022 0.028 0.194 0.036 0.025 0.03 0.011 0.074 0.114
179 L 0.048 0.023 0.019 0.019 0.014 0.017 0.022 0.024 0.015 0.153 0.178 0.027 0.03 0.052 0.016 0.036 0.085 0.009 0.085 0.129
180 I 0.045 0.018 0.014 0.016 0.015 0.013 0.018 0.02 0.009 0.263 0.172 0.022 0.045 0.058 0.013 0.024 0.036 0.006 0.022 0.171
181 Y 0.082 0.038 0.031 0.029 0.012 0.026 0.037 0.039 0.039 0.065 0.078 0.078 0.019 0.065 0.02 0.104 0.062 0.016 0.105 0.054
182 S 0.063 0.049 0.08 0.039 0.012 0.042 0.046 0.044 0.018 0.042 0.084 0.115 0.018 0.059 0.022 0.124 0.061 0.006 0.022 0.054
183 V 0.054 0.037 0.022 0.023 0.014 0.022 0.03 0.026 0.011 0.175 0.106 0.098 0.026 0.03 0.018 0.037 0.065 0.005 0.018 0.184
184 G 0.076 0.024 0.038 0.033 0.011 0.019 0.028 0.466 0.013 0.019 0.028 0.034 0.01 0.015 0.019 0.091 0.035 0.005 0.011 0.025
185 F 0.041 0.018 0.015 0.015 0.011 0.011 0.018 0.023 0.014 0.078 0.15 0.019 0.026 0.354 0.011 0.024 0.026 0.013 0.066 0.067
186 G 0.102 0.027 0.04 0.067 0.012 0.023 0.041 0.307 0.014 0.023 0.033 0.038 0.011 0.016 0.021 0.119 0.055 0.005 0.012 0.032
187 L 0.093 0.021 0.019 0.02 0.015 0.016 0.023 0.055 0.01 0.163 0.166 0.027 0.029 0.072 0.016 0.054 0.039 0.006 0.024 0.134
188 F 0.042 0.021 0.025 0.02 0.011 0.014 0.022 0.028 0.015 0.057 0.122 0.023 0.023 0.332 0.013 0.06 0.044 0.013 0.063 0.052
189 A 0.201 0.029 0.029 0.029 0.018 0.023 0.035 0.053 0.013 0.06 0.079 0.039 0.019 0.023 0.024 0.099 0.11 0.005 0.016 0.095
190 E 0.065 0.043 0.038 0.105 0.008 0.072 0.268 0.036 0.022 0.025 0.053 0.063 0.014 0.017 0.023 0.061 0.036 0.005 0.015 0.033
191 T 0.065 0.032 0.056 0.038 0.015 0.026 0.053 0.039 0.014 0.066 0.064 0.042 0.019 0.023 0.024 0.084 0.239 0.005 0.016 0.08
192 N 0.05 0.04 0.321 0.07 0.01 0.03 0.045 0.059 0.026 0.022 0.03 0.049 0.011 0.017 0.02 0.105 0.05 0.004 0.015 0.027
193 R 0.04 0.407 0.035 0.028 0.007 0.044 0.047 0.03 0.021 0.021 0.042 0.109 0.014 0.016 0.018 0.04 0.032 0.005 0.016 0.028
194 F 0.031 0.018 0.015 0.015 0.01 0.01 0.018 0.023 0.017 0.057 0.101 0.018 0.023 0.43 0.01 0.023 0.023 0.016 0.094 0.049
195 E 0.047 0.042 0.043 0.165 0.007 0.062 0.287 0.034 0.022 0.02 0.032 0.063 0.011 0.015 0.023 0.049 0.033 0.005 0.014 0.027
196 D 0.131 0.043 0.07 0.134 0.011 0.121 0.068 0.049 0.02 0.033 0.044 0.056 0.015 0.016 0.022 0.057 0.039 0.005 0.016 0.051
197 N 0.085 0.039 0.318 0.067 0.01 0.029 0.044 0.061 0.026 0.023 0.032 0.048 0.011 0.017 0.02 0.075 0.046 0.004 0.015 0.03
198 R 0.061 0.27 0.036 0.032 0.008 0.044 0.052 0.036 0.02 0.023 0.041 0.182 0.014 0.015 0.021 0.056 0.036 0.005 0.016 0.031
199 G 0.071 0.021 0.035 0.03 0.01 0.017 0.023 0.557 0.012 0.017 0.026 0.03 0.009 0.015 0.017 0.046 0.027 0.005 0.01 0.022
200 L 0.037 0.02 0.015 0.015 0.012 0.013 0.018 0.021 0.014 0.124 0.214 0.021 0.041 0.197 0.012 0.024 0.029 0.011 0.075 0.085
201 G 0.071 0.021 0.035 0.03 0.01 0.017 0.023 0.557 0.012 0.017 0.026 0.03 0.009 0.015 0.017 0.046 0.027 0.005 0.01 0.022
202 P 0.166 0.025 0.026 0.028 0.014 0.021 0.033 0.119 0.012 0.041 0.056 0.037 0.014 0.018 0.188 0.075 0.041 0.004 0.014 0.067
203 F 0.053 0.019 0.015 0.016 0.013 0.013 0.019 0.023 0.015 0.141 0.175 0.022 0.029 0.188 0.013 0.026 0.03 0.011 0.081 0.098
204 V 0.073 0.02 0.015 0.017 0.017 0.015 0.021 0.024 0.008 0.179 0.121 0.024 0.029 0.033 0.015 0.031 0.043 0.005 0.019 0.293
205 R 0.041 0.393 0.035 0.028 0.007 0.044 0.048 0.03 0.021 0.021 0.042 0.12 0.014 0.016 0.018 0.041 0.032 0.005 0.016 0.028
206 V 0.05 0.018 0.014 0.016 0.015 0.013 0.018 0.021 0.008 0.222 0.146 0.022 0.031 0.074 0.014 0.026 0.038 0.006 0.024 0.223
207 L 0.124 0.025 0.018 0.019 0.016 0.019 0.025 0.035 0.012 0.082 0.259 0.03 0.051 0.042 0.018 0.046 0.049 0.007 0.035 0.088
208 D 0.039 0.03 0.073 0.387 0.007 0.031 0.119 0.042 0.018 0.02 0.027 0.045 0.009 0.014 0.021 0.048 0.033 0.004 0.011 0.023
209 L 0.137 0.023 0.022 0.022 0.015 0.018 0.026 0.139 0.012 0.078 0.14 0.03 0.033 0.066 0.018 0.046 0.048 0.006 0.022 0.097
210 L 0.06 0.02 0.016 0.017 0.038 0.014 0.02 0.025 0.01 0.135 0.227 0.023 0.032 0.113 0.014 0.039 0.035 0.007 0.03 0.123
211 R 0.056 0.236 0.053 0.033 0.01 0.035 0.043 0.085 0.019 0.025 0.041 0.078 0.014 0.019 0.019 0.091 0.065 0.029 0.017 0.032
212 L 0.045 0.022 0.017 0.019 0.013 0.016 0.023 0.024 0.012 0.101 0.243 0.027 0.04 0.059 0.134 0.03 0.045 0.007 0.037 0.087
213 F 0.053 0.021 0.019 0.019 0.012 0.014 0.022 0.027 0.015 0.071 0.11 0.024 0.039 0.294 0.013 0.035 0.066 0.013 0.074 0.061
214 L 0.047 0.019 0.014 0.015 0.015 0.014 0.018 0.02 0.008 0.22 0.23 0.022 0.036 0.041 0.014 0.024 0.036 0.006 0.019 0.182
215 I 0.093 0.02 0.016 0.018 0.016 0.015 0.022 0.028 0.009 0.195 0.151 0.026 0.03 0.044 0.016 0.035 0.052 0.005 0.02 0.189
216 A 0.205 0.026 0.029 0.029 0.063 0.022 0.033 0.165 0.013 0.038 0.049 0.037 0.015 0.019 0.023 0.097 0.057 0.005 0.014 0.062
217 Y 0.047 0.025 0.021 0.019 0.016 0.019 0.026 0.027 0.032 0.069 0.086 0.029 0.02 0.108 0.015 0.055 0.032 0.043 0.259 0.055
218 L 0.066 0.024 0.021 0.021 0.015 0.018 0.024 0.03 0.012 0.133 0.237 0.028 0.047 0.076 0.016 0.075 0.04 0.007 0.024 0.089
219 A 0.151 0.03 0.034 0.032 0.016 0.024 0.037 0.052 0.015 0.056 0.059 0.04 0.017 0.045 0.024 0.145 0.109 0.006 0.036 0.07
220 I 0.059 0.019 0.014 0.016 0.015 0.014 0.018 0.022 0.008 0.233 0.223 0.023 0.035 0.041 0.014 0.026 0.036 0.006 0.019 0.16
221 L 0.063 0.031 0.057 0.027 0.036 0.023 0.031 0.034 0.038 0.079 0.11 0.047 0.049 0.047 0.017 0.058 0.062 0.033 0.087 0.071
222 L 0.077 0.021 0.018 0.019 0.062 0.016 0.022 0.028 0.013 0.146 0.154 0.026 0.027 0.079 0.016 0.045 0.049 0.008 0.056 0.119
223 Y 0.08 0.024 0.022 0.02 0.038 0.019 0.026 0.055 0.04 0.099 0.083 0.029 0.021 0.064 0.016 0.047 0.036 0.012 0.139 0.131
224 K 0.06 0.127 0.081 0.049 0.008 0.054 0.122 0.038 0.021 0.035 0.045 0.14 0.014 0.036 0.021 0.048 0.036 0.005 0.019 0.041
225 R 0.066 0.14 0.05 0.032 0.01 0.055 0.045 0.049 0.057 0.036 0.096 0.075 0.019 0.031 0.019 0.081 0.039 0.007 0.053 0.04
226 K 0.049 0.103 0.045 0.029 0.01 0.03 0.04 0.034 0.018 0.064 0.061 0.122 0.017 0.051 0.018 0.062 0.043 0.095 0.044 0.065
227 R 0.05 0.167 0.033 0.048 0.009 0.043 0.043 0.15 0.017 0.037 0.087 0.109 0.017 0.029 0.018 0.041 0.032 0.005 0.016 0.048
228 L 0.075 0.118 0.064 0.06 0.012 0.034 0.059 0.07 0.017 0.043 0.12 0.057 0.02 0.024 0.02 0.076 0.063 0.005 0.016 0.047
229 G 0.056 0.035 0.047 0.029 0.012 0.024 0.033 0.131 0.032 0.062 0.13 0.064 0.022 0.05 0.018 0.062 0.037 0.01 0.092 0.054
230 G 0.064 0.127 0.076 0.039 0.01 0.032 0.041 0.246 0.019 0.022 0.035 0.083 0.012 0.016 0.02 0.074 0.039 0.005 0.014 0.028
231 R 0.043 0.197 0.18 0.057 0.008 0.041 0.051 0.049 0.027 0.023 0.039 0.086 0.013 0.018 0.02 0.057 0.042 0.005 0.016 0.029
232 L 0.05 0.119 0.026 0.024 0.012 0.026 0.031 0.103 0.019 0.091 0.124 0.062 0.024 0.044 0.017 0.035 0.034 0.009 0.067 0.083
233 G 0.063 0.064 0.117 0.045 0.012 0.027 0.038 0.171 0.019 0.043 0.05 0.048 0.023 0.02 0.021 0.087 0.088 0.005 0.015 0.044
234 L 0.039 0.026 0.017 0.017 0.012 0.017 0.022 0.023 0.017 0.102 0.194 0.041 0.041 0.151 0.013 0.026 0.029 0.042 0.089 0.081
235 K 0.07 0.128 0.034 0.032 0.01 0.039 0.05 0.068 0.017 0.043 0.066 0.198 0.017 0.019 0.022 0.05 0.06 0.005 0.016 0.056
236 R 0.049 0.187 0.043 0.033 0.009 0.049 0.049 0.035 0.02 0.029 0.047 0.149 0.015 0.041 0.02 0.059 0.073 0.019 0.037 0.036
237 L 0.056 0.043 0.036 0.021 0.012 0.019 0.026 0.039 0.018 0.103 0.132 0.045 0.024 0.087 0.015 0.034 0.045 0.048 0.093 0.104
238 L 0.074 0.023 0.037 0.023 0.039 0.017 0.024 0.037 0.011 0.14 0.196 0.028 0.03 0.056 0.016 0.064 0.04 0.006 0.021 0.116
239 L 0.047 0.073 0.024 0.023 0.011 0.025 0.032 0.102 0.016 0.068 0.201 0.095 0.037 0.04 0.017 0.035 0.036 0.008 0.052 0.059
240 F 0.034 0.019 0.017 0.017 0.011 0.011 0.019 0.025 0.017 0.064 0.114 0.019 0.025 0.385 0.011 0.025 0.025 0.017 0.089 0.055
241 Q 0.056 0.074 0.044 0.047 0.009 0.213 0.103 0.041 0.029 0.027 0.047 0.091 0.021 0.015 0.024 0.056 0.041 0.006 0.021 0.035
242 L 0.073 0.023 0.034 0.02 0.013 0.017 0.023 0.041 0.019 0.114 0.138 0.027 0.044 0.119 0.015 0.033 0.033 0.012 0.111 0.091
243 F 0.106 0.022 0.02 0.02 0.014 0.016 0.024 0.053 0.013 0.09 0.134 0.027 0.034 0.188 0.016 0.057 0.035 0.009 0.041 0.081
244 L 0.046 0.02 0.018 0.019 0.013 0.014 0.021 0.06 0.011 0.131 0.192 0.024 0.029 0.147 0.037 0.044 0.033 0.008 0.035 0.097
245 L 0.097 0.022 0.016 0.017 0.014 0.016 0.022 0.029 0.014 0.102 0.261 0.026 0.033 0.103 0.015 0.033 0.032 0.009 0.06 0.08
246 L 0.08 0.021 0.017 0.018 0.015 0.015 0.021 0.051 0.01 0.142 0.238 0.025 0.038 0.076 0.015 0.033 0.046 0.007 0.024 0.108
247 L 0.088 0.023 0.021 0.021 0.015 0.017 0.025 0.062 0.011 0.107 0.203 0.028 0.029 0.077 0.017 0.066 0.046 0.007 0.024 0.112
248 F 0.039 0.018 0.017 0.035 0.012 0.012 0.021 0.022 0.012 0.126 0.156 0.021 0.028 0.242 0.012 0.025 0.03 0.01 0.049 0.113
249 I 0.081 0.022 0.02 0.021 0.039 0.018 0.024 0.031 0.011 0.18 0.149 0.028 0.057 0.054 0.016 0.067 0.041 0.006 0.021 0.116
250 I 0.048 0.018 0.015 0.016 0.038 0.013 0.018 0.045 0.009 0.204 0.16 0.022 0.03 0.083 0.013 0.026 0.036 0.006 0.025 0.174
251 F 0.042 0.019 0.015 0.016 0.013 0.013 0.019 0.022 0.015 0.135 0.144 0.022 0.028 0.188 0.012 0.025 0.032 0.011 0.089 0.139
252 S 0.141 0.034 0.117 0.046 0.015 0.027 0.042 0.072 0.019 0.029 0.042 0.045 0.014 0.038 0.024 0.174 0.057 0.005 0.018 0.041
253 A 0.201 0.032 0.037 0.035 0.017 0.027 0.041 0.062 0.015 0.036 0.052 0.044 0.025 0.02 0.026 0.184 0.072 0.005 0.016 0.051
254 L 0.061 0.021 0.016 0.017 0.014 0.016 0.02 0.025 0.012 0.143 0.189 0.024 0.078 0.152 0.013 0.029 0.032 0.009 0.036 0.093
255 L 0.054 0.021 0.017 0.018 0.016 0.016 0.022 0.024 0.009 0.144 0.23 0.025 0.034 0.057 0.015 0.05 0.04 0.006 0.022 0.182
256 N 0.061 0.037 0.228 0.059 0.011 0.029 0.043 0.079 0.023 0.038 0.038 0.046 0.013 0.018 0.021 0.135 0.065 0.004 0.015 0.037
257 G 0.071 0.021 0.035 0.03 0.01 0.017 0.023 0.557 0.012 0.017 0.026 0.03 0.009 0.015 0.017 0.046 0.027 0.005 0.01 0.022
258 A 0.34 0.029 0.025 0.028 0.019 0.024 0.037 0.07 0.014 0.038 0.053 0.041 0.016 0.02 0.027 0.092 0.047 0.005 0.016 0.061
259 K 0.052 0.097 0.038 0.038 0.008 0.048 0.064 0.039 0.019 0.025 0.039 0.347 0.014 0.014 0.025 0.048 0.036 0.005 0.016 0.03
260 F 0.113 0.021 0.02 0.021 0.013 0.015 0.024 0.037 0.014 0.09 0.098 0.026 0.022 0.248 0.016 0.06 0.035 0.01 0.051 0.067
261 A 0.229 0.031 0.036 0.092 0.016 0.027 0.061 0.062 0.015 0.032 0.045 0.044 0.014 0.018 0.026 0.131 0.051 0.005 0.015 0.049
262 L 0.045 0.021 0.014 0.015 0.015 0.015 0.019 0.02 0.009 0.143 0.29 0.023 0.047 0.071 0.013 0.024 0.034 0.007 0.024 0.151
263 L 0.043 0.021 0.013 0.014 0.015 0.014 0.018 0.019 0.009 0.141 0.367 0.023 0.042 0.047 0.013 0.023 0.032 0.006 0.02 0.12
264 E 0.043 0.035 0.028 0.053 0.008 0.049 0.21 0.028 0.02 0.038 0.077 0.048 0.018 0.173 0.018 0.039 0.03 0.009 0.039 0.039
265 S 0.118 0.031 0.033 0.031 0.013 0.036 0.038 0.069 0.057 0.056 0.057 0.04 0.017 0.059 0.021 0.124 0.046 0.009 0.089 0.056
266 L 0.058 0.02 0.014 0.016 0.015 0.014 0.019 0.022 0.009 0.187 0.231 0.023 0.039 0.078 0.014 0.026 0.035 0.007 0.025 0.148
267 Y 0.04 0.023 0.017 0.016 0.035 0.017 0.022 0.022 0.024 0.08 0.169 0.025 0.046 0.128 0.013 0.027 0.029 0.015 0.176 0.076
268 A 0.188 0.028 0.029 0.029 0.017 0.023 0.034 0.075 0.013 0.054 0.062 0.038 0.018 0.041 0.024 0.098 0.109 0.005 0.019 0.095
269 V 0.119 0.025 0.024 0.025 0.04 0.02 0.029 0.04 0.013 0.123 0.092 0.032 0.032 0.032 0.019 0.097 0.048 0.006 0.034 0.149
270 L 0.045 0.021 0.018 0.018 0.013 0.015 0.021 0.024 0.014 0.134 0.209 0.024 0.031 0.145 0.014 0.048 0.034 0.01 0.067 0.097
271 L 0.056 0.021 0.017 0.017 0.015 0.015 0.021 0.024 0.01 0.134 0.188 0.024 0.04 0.112 0.014 0.032 0.061 0.007 0.03 0.162
272 A 0.199 0.027 0.029 0.029 0.064 0.022 0.034 0.102 0.013 0.054 0.056 0.038 0.016 0.021 0.024 0.109 0.073 0.005 0.015 0.07
273 L 0.045 0.019 0.015 0.016 0.014 0.013 0.018 0.044 0.009 0.193 0.234 0.022 0.035 0.078 0.013 0.024 0.034 0.007 0.024 0.143
274 S 0.096 0.054 0.03 0.029 0.013 0.026 0.037 0.047 0.019 0.066 0.081 0.08 0.019 0.093 0.02 0.109 0.044 0.009 0.075 0.055
275 I 0.075 0.019 0.015 0.017 0.039 0.014 0.02 0.025 0.009 0.208 0.17 0.024 0.041 0.056 0.015 0.03 0.037 0.006 0.021 0.16
276 Y 0.072 0.026 0.023 0.021 0.011 0.027 0.028 0.054 0.048 0.066 0.09 0.03 0.02 0.141 0.016 0.045 0.032 0.014 0.158 0.077
277 S 0.077 0.092 0.044 0.047 0.041 0.038 0.09 0.047 0.019 0.033 0.047 0.063 0.016 0.02 0.026 0.131 0.104 0.005 0.017 0.045
278 G 0.075 0.045 0.069 0.073 0.01 0.035 0.038 0.278 0.034 0.028 0.038 0.041 0.012 0.036 0.019 0.07 0.035 0.005 0.017 0.042
279 P 0.048 0.048 0.041 0.026 0.01 0.02 0.029 0.067 0.036 0.086 0.067 0.035 0.018 0.078 0.087 0.062 0.034 0.073 0.078 0.056
280 K 0.048 0.168 0.067 0.039 0.008 0.043 0.068 0.037 0.02 0.03 0.043 0.213 0.014 0.016 0.022 0.048 0.049 0.005 0.016 0.044
281 L 0.059 0.02 0.016 0.019 0.013 0.014 0.022 0.026 0.011 0.088 0.158 0.025 0.026 0.153 0.133 0.03 0.032 0.008 0.035 0.111
282 K 0.051 0.173 0.036 0.034 0.008 0.045 0.057 0.037 0.019 0.03 0.043 0.255 0.015 0.016 0.023 0.057 0.037 0.005 0.016 0.044
283 L 0.044 0.019 0.014 0.015 0.015 0.013 0.018 0.02 0.009 0.177 0.241 0.022 0.035 0.097 0.013 0.024 0.034 0.007 0.028 0.155
284 S 0.069 0.095 0.075 0.04 0.012 0.03 0.043 0.099 0.027 0.026 0.038 0.068 0.013 0.017 0.07 0.139 0.082 0.005 0.016 0.035
285 L 0.06 0.024 0.018 0.019 0.014 0.016 0.023 0.034 0.011 0.137 0.178 0.039 0.039 0.119 0.039 0.041 0.035 0.007 0.031 0.114
286 K 0.081 0.065 0.029 0.028 0.012 0.029 0.039 0.066 0.014 0.086 0.091 0.135 0.02 0.03 0.02 0.058 0.069 0.03 0.019 0.079
287 K 0.051 0.075 0.049 0.033 0.01 0.046 0.048 0.036 0.03 0.038 0.054 0.167 0.016 0.068 0.021 0.056 0.078 0.008 0.064 0.052
288 L 0.107 0.025 0.018 0.019 0.015 0.018 0.024 0.055 0.011 0.138 0.191 0.041 0.039 0.063 0.017 0.037 0.036 0.006 0.022 0.117
289 V 0.088 0.022 0.02 0.02 0.015 0.017 0.023 0.065 0.01 0.139 0.151 0.028 0.042 0.057 0.017 0.042 0.063 0.006 0.021 0.154
290 L 0.058 0.031 0.019 0.02 0.014 0.02 0.027 0.062 0.011 0.129 0.175 0.069 0.038 0.052 0.04 0.032 0.036 0.006 0.021 0.143
291 I 0.092 0.021 0.018 0.019 0.015 0.015 0.022 0.053 0.01 0.182 0.167 0.026 0.03 0.054 0.016 0.045 0.039 0.006 0.021 0.15
292 L 0.039 0.021 0.015 0.016 0.013 0.013 0.019 0.023 0.013 0.089 0.247 0.022 0.037 0.223 0.012 0.025 0.029 0.012 0.055 0.075
293 F 0.071 0.029 0.035 0.033 0.014 0.022 0.035 0.046 0.018 0.046 0.077 0.036 0.02 0.206 0.02 0.125 0.053 0.011 0.053 0.048
294 Y 0.043 0.023 0.018 0.018 0.013 0.017 0.023 0.023 0.028 0.16 0.117 0.027 0.028 0.087 0.015 0.028 0.034 0.017 0.172 0.111
295 F 0.064 0.021 0.021 0.021 0.013 0.015 0.022 0.124 0.012 0.111 0.135 0.026 0.034 0.149 0.015 0.052 0.034 0.008 0.035 0.088
296 L 0.104 0.025 0.025 0.024 0.016 0.019 0.028 0.061 0.012 0.09 0.177 0.032 0.027 0.05 0.019 0.085 0.072 0.006 0.02 0.107
297 L 0.1 0.022 0.017 0.018 0.016 0.016 0.023 0.036 0.01 0.133 0.213 0.027 0.032 0.055 0.016 0.046 0.039 0.006 0.021 0.155
298 G 0.145 0.026 0.03 0.029 0.016 0.021 0.032 0.165 0.013 0.059 0.075 0.036 0.018 0.023 0.021 0.113 0.048 0.005 0.015 0.111
299 V 0.077 0.026 0.025 0.025 0.018 0.02 0.03 0.034 0.011 0.139 0.11 0.033 0.028 0.032 0.019 0.081 0.056 0.005 0.02 0.21
300 A 0.142 0.025 0.023 0.025 0.018 0.02 0.031 0.045 0.012 0.129 0.1 0.035 0.025 0.03 0.062 0.065 0.048 0.005 0.018 0.142
301 L 0.047 0.027 0.016 0.017 0.016 0.02 0.023 0.023 0.012 0.109 0.32 0.029 0.089 0.052 0.015 0.028 0.035 0.007 0.023 0.094
302 L 0.046 0.021 0.016 0.016 0.014 0.014 0.019 0.045 0.01 0.134 0.28 0.023 0.036 0.079 0.014 0.027 0.046 0.007 0.025 0.128
303 A 0.129 0.023 0.023 0.023 0.039 0.018 0.027 0.063 0.012 0.115 0.117 0.03 0.023 0.076 0.019 0.074 0.054 0.006 0.024 0.105
304 F 0.032 0.018 0.016 0.015 0.01 0.011 0.018 0.023 0.017 0.069 0.102 0.018 0.023 0.397 0.01 0.023 0.024 0.016 0.105 0.054
305 A 0.227 0.026 0.024 0.026 0.018 0.021 0.033 0.054 0.012 0.09 0.075 0.036 0.02 0.024 0.023 0.091 0.048 0.005 0.017 0.131
306 L 0.045 0.022 0.015 0.016 0.014 0.016 0.02 0.045 0.01 0.107 0.294 0.024 0.065 0.08 0.013 0.026 0.033 0.007 0.025 0.122
307 L 0.043 0.021 0.016 0.016 0.013 0.014 0.02 0.023 0.014 0.119 0.208 0.023 0.031 0.141 0.013 0.036 0.032 0.034 0.068 0.114
308 A 0.153 0.024 0.02 0.022 0.017 0.019 0.027 0.076 0.011 0.11 0.125 0.031 0.044 0.03 0.019 0.057 0.042 0.005 0.017 0.151
309 L 0.048 0.022 0.014 0.015 0.015 0.015 0.019 0.021 0.011 0.106 0.392 0.024 0.042 0.051 0.014 0.025 0.037 0.007 0.036 0.086
310 S 0.09 0.033 0.067 0.036 0.013 0.037 0.039 0.057 0.038 0.037 0.056 0.041 0.021 0.087 0.021 0.124 0.09 0.008 0.06 0.045
311 F 0.053 0.051 0.02 0.02 0.011 0.02 0.027 0.026 0.02 0.125 0.102 0.068 0.023 0.159 0.015 0.031 0.03 0.012 0.112 0.076
312 N 0.077 0.038 0.296 0.064 0.01 0.029 0.042 0.058 0.025 0.028 0.051 0.046 0.013 0.018 0.02 0.074 0.058 0.004 0.015 0.034
313 L 0.049 0.023 0.02 0.02 0.014 0.016 0.023 0.027 0.012 0.101 0.262 0.026 0.033 0.133 0.015 0.072 0.037 0.008 0.033 0.076
314 E 0.057 0.106 0.039 0.087 0.009 0.054 0.149 0.038 0.02 0.027 0.055 0.143 0.014 0.017 0.023 0.073 0.038 0.005 0.015 0.032
315 N 0.094 0.06 0.121 0.043 0.012 0.044 0.045 0.09 0.019 0.046 0.067 0.088 0.026 0.02 0.021 0.095 0.045 0.005 0.016 0.044
316 N 0.087 0.036 0.143 0.047 0.013 0.028 0.054 0.049 0.019 0.063 0.091 0.057 0.018 0.023 0.021 0.117 0.05 0.005 0.016 0.063
317 G 0.059 0.029 0.166 0.049 0.009 0.023 0.032 0.359 0.019 0.019 0.027 0.038 0.009 0.016 0.018 0.054 0.034 0.005 0.012 0.023
318 V 0.047 0.021 0.018 0.038 0.013 0.017 0.031 0.035 0.016 0.159 0.14 0.026 0.037 0.069 0.014 0.028 0.035 0.009 0.087 0.16
319 D 0.05 0.033 0.09 0.264 0.009 0.033 0.119 0.044 0.019 0.029 0.035 0.048 0.011 0.016 0.022 0.077 0.04 0.004 0.013 0.044
320 A 0.105 0.035 0.034 0.086 0.013 0.029 0.076 0.07 0.037 0.046 0.089 0.057 0.052 0.047 0.021 0.064 0.06 0.006 0.022 0.051
