#Seq2Logo.py -f /work3/idamei/ssn-clusterings/2206011120/clusters/0005_279/sequences.afa -m 0.0001 -b 50 -o /work3/idamei/ssn-clusterings/2206011120/clusters/0005_279/sequences.logo
#Position Specific Frequency Matrix
A R N D C Q E G H I L K M F P S T W Y V
0 L 0.051 0.031 0.02 0.02 0.016 0.027 0.027 0.027 0.016 0.097 0.191 0.035 0.185 0.047 0.016 0.035 0.039 0.008 0.023 0.09
1 I 0.06 0.109 0.03 0.028 0.014 0.026 0.034 0.034 0.015 0.159 0.103 0.054 0.025 0.031 0.019 0.084 0.048 0.006 0.018 0.103
2 I 0.047 0.018 0.015 0.018 0.016 0.013 0.018 0.02 0.009 0.278 0.166 0.023 0.036 0.044 0.015 0.025 0.039 0.006 0.02 0.175
3 H 0.042 0.147 0.048 0.035 0.008 0.041 0.053 0.036 0.249 0.023 0.041 0.07 0.015 0.026 0.019 0.042 0.029 0.007 0.044 0.025
4 T 0.06 0.049 0.035 0.032 0.015 0.03 0.041 0.037 0.014 0.061 0.141 0.103 0.025 0.029 0.024 0.064 0.152 0.006 0.018 0.066
5 N 0.039 0.037 0.257 0.065 0.009 0.027 0.041 0.054 0.027 0.032 0.051 0.044 0.014 0.114 0.017 0.057 0.042 0.007 0.033 0.033
6 I 0.063 0.044 0.03 0.031 0.014 0.028 0.038 0.037 0.014 0.16 0.102 0.099 0.025 0.03 0.021 0.086 0.049 0.005 0.018 0.104
7 W 0.04 0.041 0.021 0.022 0.01 0.024 0.032 0.03 0.015 0.094 0.077 0.092 0.02 0.044 0.014 0.03 0.03 0.256 0.042 0.066
8 N 0.05 0.038 0.262 0.069 0.009 0.029 0.042 0.179 0.026 0.021 0.03 0.047 0.01 0.017 0.019 0.063 0.043 0.005 0.014 0.026
9 K 0.052 0.084 0.034 0.034 0.01 0.043 0.056 0.037 0.018 0.048 0.13 0.23 0.023 0.025 0.024 0.045 0.037 0.006 0.018 0.047
10 A 0.243 0.033 0.103 0.042 0.018 0.027 0.041 0.073 0.018 0.037 0.051 0.045 0.015 0.02 0.027 0.079 0.048 0.005 0.017 0.057
11 I 0.054 0.04 0.021 0.023 0.015 0.023 0.031 0.026 0.011 0.193 0.124 0.093 0.029 0.034 0.018 0.033 0.041 0.005 0.019 0.166
12 G 0.078 0.023 0.039 0.033 0.011 0.019 0.025 0.515 0.013 0.019 0.028 0.033 0.009 0.016 0.019 0.051 0.029 0.005 0.011 0.024
13 V 0.082 0.028 0.029 0.028 0.018 0.022 0.033 0.038 0.012 0.118 0.1 0.035 0.026 0.03 0.021 0.098 0.06 0.005 0.019 0.198
14 K 0.058 0.108 0.042 0.042 0.009 0.054 0.072 0.044 0.021 0.028 0.044 0.271 0.016 0.016 0.028 0.054 0.04 0.005 0.017 0.033
15 N 0.127 0.04 0.224 0.065 0.013 0.031 0.046 0.069 0.026 0.029 0.04 0.05 0.013 0.019 0.023 0.074 0.049 0.005 0.016 0.041
16 N 0.056 0.039 0.189 0.059 0.013 0.03 0.043 0.053 0.022 0.037 0.047 0.048 0.015 0.02 0.023 0.079 0.158 0.005 0.016 0.048
17 V 0.062 0.02 0.016 0.017 0.018 0.015 0.021 0.023 0.008 0.193 0.136 0.025 0.032 0.037 0.016 0.03 0.046 0.005 0.02 0.261
18 T 0.057 0.028 0.03 0.027 0.015 0.022 0.03 0.032 0.02 0.11 0.089 0.035 0.023 0.054 0.021 0.059 0.151 0.011 0.098 0.089
19 K 0.065 0.153 0.043 0.04 0.01 0.046 0.06 0.045 0.02 0.026 0.042 0.192 0.015 0.017 0.025 0.097 0.048 0.005 0.017 0.034
20 Y 0.065 0.032 0.031 0.028 0.014 0.027 0.035 0.038 0.026 0.056 0.098 0.039 0.075 0.064 0.02 0.105 0.048 0.013 0.128 0.058
21 N 0.041 0.043 0.246 0.066 0.008 0.034 0.049 0.054 0.147 0.022 0.032 0.049 0.012 0.021 0.019 0.058 0.04 0.005 0.028 0.025
22 L 0.042 0.146 0.034 0.027 0.01 0.033 0.04 0.03 0.137 0.052 0.16 0.061 0.026 0.033 0.017 0.036 0.03 0.007 0.031 0.048
23 F 0.039 0.021 0.017 0.017 0.012 0.015 0.021 0.023 0.023 0.134 0.112 0.024 0.026 0.193 0.013 0.026 0.03 0.016 0.15 0.089
24 F 0.04 0.019 0.016 0.017 0.012 0.012 0.019 0.024 0.014 0.117 0.121 0.02 0.027 0.286 0.012 0.026 0.031 0.013 0.064 0.113
25 C 0.147 0.02 0.019 0.02 0.343 0.016 0.023 0.046 0.01 0.042 0.061 0.027 0.016 0.02 0.02 0.053 0.039 0.004 0.013 0.059
26 N 0.041 0.043 0.343 0.08 0.009 0.032 0.047 0.063 0.03 0.022 0.03 0.052 0.011 0.017 0.019 0.067 0.047 0.004 0.015 0.026
27 P 0.055 0.025 0.022 0.03 0.01 0.02 0.035 0.035 0.012 0.025 0.035 0.04 0.01 0.012 0.513 0.042 0.035 0.002 0.012 0.03
28 F 0.034 0.019 0.016 0.016 0.011 0.011 0.018 0.024 0.015 0.069 0.158 0.019 0.028 0.351 0.011 0.024 0.026 0.015 0.075 0.059
29 F 0.037 0.018 0.016 0.017 0.012 0.011 0.018 0.023 0.014 0.14 0.127 0.02 0.028 0.288 0.012 0.024 0.029 0.013 0.064 0.092
30 L 0.043 0.023 0.014 0.015 0.016 0.016 0.019 0.02 0.01 0.111 0.4 0.024 0.048 0.053 0.014 0.023 0.032 0.007 0.021 0.092
31 Y 0.04 0.032 0.128 0.039 0.009 0.025 0.034 0.037 0.04 0.035 0.054 0.037 0.016 0.09 0.016 0.042 0.034 0.019 0.234 0.039
32 G 0.065 0.023 0.029 0.027 0.013 0.017 0.026 0.199 0.014 0.058 0.073 0.03 0.019 0.151 0.017 0.072 0.039 0.009 0.038 0.082
33 V 0.151 0.024 0.019 0.021 0.019 0.019 0.028 0.041 0.01 0.119 0.103 0.031 0.026 0.03 0.02 0.048 0.048 0.005 0.019 0.22
34 S 0.094 0.037 0.049 0.043 0.017 0.03 0.046 0.056 0.017 0.036 0.048 0.049 0.016 0.021 0.028 0.196 0.144 0.005 0.017 0.05
35 W 0.029 0.022 0.015 0.015 0.007 0.015 0.022 0.029 0.015 0.029 0.051 0.022 0.015 0.058 0.007 0.022 0.022 0.512 0.066 0.029
36 L 0.06 0.027 0.027 0.026 0.014 0.019 0.029 0.036 0.015 0.067 0.183 0.032 0.029 0.161 0.017 0.099 0.045 0.009 0.041 0.062
37 I 0.045 0.018 0.015 0.017 0.014 0.012 0.018 0.022 0.011 0.196 0.138 0.022 0.031 0.164 0.013 0.025 0.035 0.009 0.042 0.152
38 V 0.067 0.021 0.016 0.017 0.018 0.016 0.022 0.024 0.008 0.158 0.125 0.025 0.03 0.034 0.016 0.032 0.047 0.005 0.02 0.297
39 V 0.051 0.021 0.015 0.016 0.014 0.015 0.021 0.025 0.01 0.139 0.107 0.024 0.026 0.044 0.013 0.027 0.037 0.174 0.035 0.187
40 G 0.05 0.021 0.022 0.021 0.012 0.015 0.021 0.191 0.013 0.063 0.179 0.025 0.027 0.16 0.014 0.032 0.028 0.009 0.039 0.056
41 L 0.043 0.023 0.014 0.015 0.016 0.016 0.019 0.02 0.01 0.111 0.4 0.024 0.048 0.053 0.014 0.023 0.032 0.007 0.021 0.092
42 Y 0.039 0.027 0.021 0.018 0.009 0.021 0.027 0.024 0.045 0.042 0.066 0.03 0.018 0.126 0.015 0.03 0.027 0.027 0.344 0.045
43 L 0.042 0.03 0.123 0.036 0.013 0.021 0.029 0.035 0.017 0.081 0.276 0.033 0.035 0.041 0.016 0.038 0.037 0.006 0.019 0.07
44 L 0.043 0.023 0.014 0.015 0.016 0.016 0.019 0.02 0.01 0.111 0.4 0.024 0.048 0.053 0.014 0.023 0.032 0.007 0.021 0.092
45 G 0.064 0.029 0.139 0.048 0.01 0.023 0.032 0.374 0.019 0.019 0.028 0.039 0.01 0.016 0.019 0.055 0.035 0.005 0.012 0.024
46 W 0.029 0.022 0.015 0.015 0.007 0.015 0.022 0.029 0.015 0.029 0.051 0.022 0.015 0.058 0.007 0.022 0.022 0.512 0.066 0.029
47 S 0.106 0.039 0.052 0.047 0.017 0.032 0.05 0.064 0.018 0.029 0.04 0.052 0.015 0.02 0.029 0.25 0.079 0.005 0.017 0.04
48 D 0.041 0.143 0.057 0.29 0.007 0.035 0.075 0.04 0.019 0.022 0.033 0.067 0.011 0.015 0.021 0.048 0.034 0.004 0.013 0.026
49 L 0.048 0.048 0.023 0.024 0.013 0.027 0.035 0.027 0.013 0.146 0.201 0.118 0.033 0.037 0.018 0.033 0.036 0.006 0.019 0.098
50 Y 0.037 0.024 0.019 0.017 0.009 0.017 0.024 0.024 0.035 0.048 0.081 0.026 0.02 0.221 0.013 0.028 0.026 0.023 0.258 0.048
51 P 0.055 0.025 0.022 0.03 0.01 0.02 0.035 0.035 0.012 0.025 0.035 0.04 0.01 0.012 0.513 0.042 0.035 0.002 0.012 0.03
52 P 0.05 0.022 0.018 0.023 0.013 0.017 0.026 0.027 0.011 0.131 0.138 0.031 0.025 0.029 0.263 0.033 0.036 0.004 0.016 0.087
53 L 0.044 0.019 0.014 0.016 0.016 0.014 0.018 0.02 0.009 0.236 0.241 0.023 0.039 0.046 0.014 0.024 0.036 0.006 0.02 0.144
54 S 0.106 0.039 0.052 0.047 0.017 0.032 0.05 0.064 0.018 0.029 0.04 0.052 0.015 0.02 0.029 0.25 0.079 0.005 0.017 0.04
55 G 0.068 0.034 0.036 0.05 0.011 0.035 0.128 0.202 0.017 0.036 0.094 0.048 0.018 0.023 0.021 0.08 0.04 0.005 0.015 0.04
56 K 0.052 0.075 0.09 0.062 0.008 0.052 0.15 0.042 0.023 0.024 0.038 0.186 0.013 0.016 0.025 0.055 0.039 0.005 0.016 0.03
57 L 0.043 0.023 0.014 0.015 0.016 0.016 0.019 0.02 0.01 0.111 0.4 0.024 0.048 0.053 0.014 0.023 0.032 0.007 0.021 0.092
58 L 0.052 0.027 0.023 0.022 0.016 0.019 0.026 0.028 0.011 0.091 0.287 0.031 0.038 0.043 0.018 0.045 0.113 0.006 0.02 0.084
59 F 0.048 0.023 0.021 0.021 0.013 0.016 0.024 0.03 0.014 0.072 0.195 0.026 0.031 0.226 0.014 0.062 0.036 0.011 0.053 0.064
60 F 0.032 0.018 0.016 0.016 0.01 0.01 0.018 0.024 0.016 0.061 0.11 0.018 0.024 0.41 0.01 0.024 0.024 0.016 0.085 0.053
61 L 0.051 0.023 0.014 0.015 0.017 0.016 0.02 0.022 0.009 0.127 0.308 0.025 0.042 0.047 0.014 0.026 0.037 0.006 0.021 0.161
62 L 0.063 0.027 0.03 0.028 0.016 0.021 0.03 0.035 0.012 0.14 0.148 0.035 0.029 0.034 0.021 0.083 0.123 0.006 0.019 0.102
63 F 0.099 0.022 0.021 0.021 0.015 0.016 0.024 0.117 0.013 0.083 0.092 0.027 0.023 0.154 0.016 0.041 0.037 0.009 0.04 0.132
64 T 0.07 0.034 0.042 0.036 0.017 0.027 0.038 0.042 0.013 0.051 0.063 0.044 0.019 0.023 0.027 0.089 0.275 0.006 0.017 0.068
65 C 0.084 0.027 0.034 0.031 0.26 0.022 0.033 0.047 0.013 0.036 0.051 0.036 0.015 0.02 0.022 0.145 0.057 0.004 0.014 0.047
66 L 0.044 0.019 0.014 0.016 0.016 0.014 0.018 0.02 0.009 0.236 0.241 0.023 0.039 0.046 0.014 0.024 0.036 0.006 0.02 0.144
67 L 0.048 0.02 0.014 0.016 0.016 0.014 0.019 0.021 0.009 0.213 0.235 0.024 0.039 0.045 0.014 0.025 0.038 0.006 0.02 0.165
68 S 0.106 0.039 0.052 0.047 0.017 0.032 0.05 0.064 0.018 0.029 0.04 0.052 0.015 0.02 0.029 0.25 0.079 0.005 0.017 0.04
69 L 0.044 0.021 0.014 0.015 0.016 0.015 0.019 0.02 0.009 0.174 0.32 0.024 0.044 0.049 0.014 0.024 0.034 0.006 0.021 0.118
70 L 0.054 0.019 0.015 0.016 0.179 0.014 0.018 0.025 0.009 0.128 0.202 0.023 0.032 0.037 0.015 0.03 0.037 0.005 0.018 0.127
71 L 0.042 0.02 0.014 0.016 0.015 0.014 0.018 0.021 0.01 0.165 0.272 0.023 0.04 0.109 0.013 0.024 0.033 0.008 0.032 0.112
72 G 0.201 0.029 0.034 0.033 0.017 0.024 0.036 0.225 0.015 0.032 0.044 0.041 0.014 0.019 0.025 0.099 0.047 0.005 0.015 0.048
73 L 0.055 0.021 0.015 0.016 0.017 0.015 0.021 0.022 0.009 0.166 0.223 0.024 0.037 0.042 0.015 0.028 0.041 0.006 0.02 0.208
74 A 0.135 0.039 0.024 0.025 0.014 0.026 0.036 0.043 0.024 0.082 0.075 0.079 0.02 0.058 0.021 0.05 0.038 0.012 0.126 0.071
75 T 0.07 0.034 0.042 0.036 0.017 0.027 0.038 0.042 0.013 0.051 0.063 0.044 0.019 0.023 0.027 0.089 0.275 0.006 0.017 0.068
76 H 0.041 0.037 0.039 0.029 0.01 0.03 0.041 0.031 0.256 0.052 0.158 0.037 0.026 0.037 0.017 0.035 0.028 0.007 0.044 0.046
77 K 0.055 0.103 0.04 0.04 0.008 0.051 0.068 0.042 0.02 0.027 0.042 0.306 0.015 0.015 0.027 0.051 0.038 0.005 0.017 0.032
78 K 0.051 0.138 0.09 0.045 0.008 0.047 0.062 0.043 0.022 0.025 0.04 0.232 0.014 0.016 0.024 0.053 0.039 0.005 0.016 0.03
79 K 0.048 0.128 0.043 0.037 0.008 0.046 0.06 0.038 0.14 0.024 0.04 0.187 0.015 0.02 0.022 0.046 0.033 0.006 0.029 0.028
80 W 0.047 0.085 0.036 0.092 0.011 0.026 0.043 0.036 0.016 0.034 0.05 0.048 0.015 0.032 0.018 0.052 0.11 0.174 0.032 0.041
81 F 0.037 0.018 0.016 0.017 0.012 0.011 0.018 0.023 0.014 0.14 0.127 0.02 0.028 0.288 0.012 0.024 0.029 0.013 0.064 0.092
82 E 0.075 0.036 0.036 0.05 0.014 0.037 0.132 0.04 0.017 0.069 0.067 0.05 0.019 0.023 0.023 0.112 0.054 0.005 0.018 0.122
83 Y 0.037 0.024 0.019 0.017 0.009 0.017 0.024 0.024 0.035 0.048 0.081 0.026 0.02 0.221 0.013 0.028 0.026 0.023 0.258 0.048
84 R 0.046 0.167 0.033 0.029 0.008 0.04 0.048 0.032 0.029 0.03 0.051 0.15 0.016 0.052 0.02 0.041 0.033 0.012 0.126 0.035
85 A 0.23 0.028 0.024 0.029 0.017 0.023 0.038 0.062 0.014 0.036 0.05 0.042 0.015 0.018 0.19 0.069 0.044 0.004 0.015 0.054
86 L 0.051 0.023 0.014 0.015 0.017 0.016 0.02 0.022 0.009 0.127 0.308 0.025 0.042 0.047 0.014 0.026 0.037 0.006 0.021 0.161
87 K 0.059 0.076 0.032 0.032 0.012 0.04 0.053 0.036 0.016 0.07 0.069 0.212 0.02 0.021 0.023 0.045 0.041 0.005 0.018 0.12
88 N 0.041 0.038 0.251 0.193 0.008 0.031 0.061 0.057 0.026 0.022 0.029 0.049 0.01 0.016 0.02 0.061 0.043 0.004 0.014 0.025
89 P 0.055 0.025 0.022 0.03 0.01 0.02 0.035 0.035 0.012 0.025 0.035 0.04 0.01 0.012 0.513 0.042 0.035 0.002 0.012 0.03
90 K 0.052 0.074 0.037 0.038 0.01 0.142 0.075 0.037 0.022 0.04 0.103 0.15 0.023 0.021 0.022 0.048 0.038 0.006 0.019 0.043
91 R 0.044 0.194 0.105 0.04 0.01 0.035 0.042 0.037 0.021 0.088 0.072 0.078 0.019 0.024 0.018 0.045 0.039 0.005 0.017 0.065
92 Y 0.04 0.027 0.021 0.018 0.009 0.021 0.027 0.024 0.046 0.043 0.067 0.031 0.018 0.128 0.015 0.031 0.027 0.027 0.331 0.046
93 Y 0.039 0.033 0.031 0.024 0.008 0.026 0.035 0.028 0.157 0.035 0.056 0.035 0.017 0.094 0.016 0.033 0.027 0.02 0.248 0.037
94 K 0.055 0.103 0.04 0.04 0.008 0.051 0.068 0.042 0.02 0.027 0.042 0.306 0.015 0.015 0.027 0.051 0.038 0.005 0.017 0.032
95 W 0.039 0.022 0.018 0.02 0.009 0.015 0.025 0.029 0.014 0.038 0.065 0.027 0.016 0.16 0.177 0.029 0.027 0.177 0.054 0.037
96 L 0.048 0.02 0.014 0.016 0.016 0.014 0.019 0.021 0.009 0.213 0.235 0.024 0.039 0.045 0.014 0.025 0.038 0.006 0.02 0.165
97 L 0.056 0.028 0.018 0.019 0.016 0.023 0.025 0.026 0.013 0.117 0.168 0.032 0.139 0.042 0.016 0.034 0.042 0.007 0.022 0.158
98 R 0.048 0.163 0.03 0.029 0.01 0.037 0.045 0.031 0.017 0.116 0.083 0.148 0.022 0.025 0.02 0.039 0.037 0.005 0.018 0.077
99 W 0.041 0.04 0.026 0.026 0.008 0.093 0.049 0.031 0.029 0.032 0.054 0.047 0.017 0.066 0.015 0.035 0.029 0.182 0.143 0.036
100 L 0.073 0.032 0.036 0.033 0.017 0.025 0.036 0.042 0.014 0.064 0.167 0.04 0.027 0.032 0.023 0.121 0.129 0.006 0.018 0.067
101 K 0.057 0.12 0.031 0.031 0.012 0.039 0.05 0.034 0.016 0.07 0.07 0.181 0.02 0.022 0.022 0.043 0.041 0.005 0.018 0.12
102 W 0.039 0.136 0.022 0.02 0.01 0.025 0.03 0.027 0.015 0.117 0.086 0.053 0.022 0.039 0.013 0.03 0.031 0.174 0.034 0.076
103 F 0.068 0.026 0.028 0.027 0.015 0.019 0.03 0.037 0.014 0.083 0.092 0.032 0.023 0.155 0.018 0.102 0.05 0.009 0.041 0.13
104 Y 0.039 0.027 0.021 0.018 0.009 0.021 0.027 0.024 0.045 0.042 0.066 0.03 0.018 0.126 0.015 0.03 0.027 0.027 0.344 0.045
105 L 0.048 0.02 0.015 0.015 0.177 0.013 0.018 0.025 0.01 0.08 0.239 0.022 0.033 0.101 0.014 0.029 0.032 0.007 0.029 0.073
106 L 0.043 0.023 0.014 0.015 0.016 0.016 0.019 0.02 0.01 0.111 0.4 0.024 0.048 0.053 0.014 0.023 0.032 0.007 0.021 0.092
107 L 0.039 0.022 0.015 0.015 0.014 0.014 0.019 0.022 0.012 0.094 0.303 0.022 0.04 0.172 0.012 0.024 0.03 0.01 0.043 0.079
108 L 0.044 0.021 0.014 0.015 0.096 0.014 0.019 0.023 0.01 0.091 0.295 0.023 0.038 0.107 0.013 0.026 0.031 0.008 0.03 0.08
109 I 0.055 0.017 0.015 0.017 0.179 0.013 0.017 0.024 0.008 0.19 0.122 0.022 0.028 0.033 0.015 0.03 0.039 0.005 0.017 0.153
110 E 0.053 0.048 0.039 0.087 0.007 0.062 0.324 0.034 0.025 0.021 0.035 0.073 0.012 0.016 0.025 0.053 0.035 0.005 0.016 0.03
111 F 0.127 0.022 0.019 0.02 0.014 0.015 0.025 0.041 0.016 0.054 0.092 0.026 0.022 0.281 0.016 0.044 0.032 0.013 0.063 0.057
112 L 0.139 0.024 0.018 0.02 0.018 0.018 0.026 0.039 0.011 0.127 0.2 0.03 0.032 0.037 0.019 0.044 0.041 0.006 0.019 0.131
113 Y 0.048 0.025 0.019 0.018 0.012 0.019 0.025 0.024 0.033 0.081 0.086 0.028 0.022 0.095 0.015 0.031 0.034 0.02 0.236 0.129
114 F 0.135 0.04 0.028 0.03 0.013 0.093 0.052 0.046 0.02 0.043 0.071 0.05 0.02 0.148 0.02 0.053 0.037 0.009 0.041 0.051
115 G 0.061 0.065 0.04 0.039 0.009 0.105 0.064 0.203 0.02 0.023 0.038 0.142 0.015 0.015 0.022 0.052 0.035 0.005 0.016 0.03
116 T 0.082 0.036 0.045 0.04 0.017 0.028 0.042 0.049 0.015 0.044 0.055 0.046 0.018 0.022 0.027 0.143 0.21 0.005 0.017 0.059
117 I 0.053 0.018 0.015 0.017 0.017 0.014 0.019 0.021 0.008 0.252 0.149 0.023 0.034 0.04 0.015 0.027 0.041 0.006 0.02 0.212
118 P 0.055 0.025 0.022 0.03 0.01 0.02 0.035 0.035 0.012 0.025 0.035 0.04 0.01 0.012 0.513 0.042 0.035 0.002 0.012 0.03
119 L 0.043 0.023 0.014 0.015 0.016 0.016 0.019 0.02 0.01 0.111 0.4 0.024 0.048 0.053 0.014 0.023 0.032 0.007 0.021 0.092
120 I 0.041 0.018 0.015 0.016 0.014 0.012 0.018 0.021 0.011 0.188 0.184 0.021 0.034 0.167 0.013 0.024 0.033 0.009 0.042 0.118
121 G 0.201 0.029 0.034 0.033 0.017 0.024 0.036 0.225 0.015 0.032 0.044 0.041 0.014 0.019 0.025 0.099 0.047 0.005 0.015 0.048
122 Y 0.039 0.027 0.021 0.018 0.009 0.021 0.027 0.024 0.045 0.042 0.066 0.03 0.018 0.126 0.015 0.03 0.027 0.027 0.344 0.045
123 L 0.134 0.026 0.017 0.019 0.017 0.019 0.026 0.039 0.011 0.088 0.285 0.03 0.037 0.042 0.019 0.043 0.037 0.006 0.02 0.084
124 T 0.063 0.102 0.041 0.036 0.014 0.034 0.045 0.04 0.016 0.042 0.056 0.099 0.018 0.02 0.025 0.075 0.196 0.006 0.017 0.056
125 G 0.075 0.022 0.038 0.032 0.01 0.018 0.025 0.529 0.013 0.018 0.027 0.032 0.009 0.016 0.018 0.049 0.029 0.005 0.01 0.023
126 N 0.041 0.043 0.343 0.08 0.009 0.032 0.047 0.063 0.03 0.022 0.03 0.052 0.011 0.017 0.019 0.067 0.047 0.004 0.015 0.026
127 A 0.193 0.028 0.025 0.026 0.019 0.022 0.033 0.053 0.012 0.082 0.081 0.037 0.022 0.026 0.024 0.066 0.086 0.005 0.018 0.143
128 D 0.05 0.031 0.058 0.292 0.011 0.028 0.071 0.044 0.016 0.031 0.039 0.043 0.012 0.017 0.023 0.063 0.115 0.004 0.013 0.038
129 E 0.046 0.036 0.083 0.054 0.01 0.036 0.13 0.034 0.079 0.114 0.077 0.048 0.02 0.027 0.019 0.044 0.037 0.006 0.024 0.075
130 R 0.042 0.201 0.045 0.034 0.008 0.042 0.052 0.035 0.195 0.023 0.042 0.081 0.015 0.023 0.019 0.042 0.03 0.007 0.037 0.026
131 L 0.046 0.032 0.022 0.039 0.013 0.031 0.121 0.025 0.015 0.081 0.278 0.04 0.036 0.04 0.017 0.033 0.033 0.006 0.02 0.072
132 Y 0.039 0.027 0.021 0.018 0.009 0.021 0.027 0.024 0.045 0.042 0.066 0.03 0.018 0.126 0.015 0.03 0.027 0.027 0.344 0.045
133 A 0.158 0.033 0.032 0.032 0.018 0.028 0.039 0.055 0.016 0.056 0.096 0.043 0.075 0.029 0.024 0.122 0.055 0.006 0.019 0.065
134 D 0.045 0.04 0.149 0.196 0.008 0.041 0.153 0.047 0.024 0.021 0.031 0.056 0.011 0.016 0.022 0.057 0.039 0.004 0.014 0.026
135 F 0.032 0.018 0.016 0.016 0.01 0.01 0.018 0.024 0.016 0.061 0.11 0.018 0.024 0.41 0.01 0.024 0.024 0.016 0.085 0.053
136 G 0.156 0.025 0.033 0.031 0.014 0.02 0.029 0.378 0.013 0.026 0.037 0.036 0.012 0.017 0.022 0.06 0.035 0.005 0.013 0.038
137 L 0.046 0.024 0.016 0.017 0.016 0.018 0.021 0.022 0.011 0.169 0.25 0.027 0.092 0.047 0.014 0.027 0.036 0.007 0.021 0.117
138 P 0.055 0.025 0.022 0.03 0.01 0.02 0.035 0.035 0.012 0.025 0.035 0.04 0.01 0.012 0.513 0.042 0.035 0.002 0.012 0.03
139 I 0.041 0.017 0.015 0.017 0.014 0.012 0.017 0.021 0.011 0.22 0.144 0.021 0.032 0.165 0.013 0.024 0.034 0.009 0.042 0.131
140 V 0.056 0.019 0.015 0.017 0.017 0.014 0.02 0.022 0.008 0.229 0.143 0.024 0.033 0.038 0.015 0.028 0.043 0.005 0.02 0.233
141 H 0.04 0.044 0.051 0.037 0.007 0.037 0.051 0.037 0.38 0.022 0.037 0.044 0.015 0.029 0.018 0.04 0.026 0.007 0.055 0.022
142 I 0.053 0.018 0.015 0.017 0.017 0.014 0.019 0.021 0.008 0.252 0.149 0.023 0.034 0.04 0.015 0.027 0.041 0.006 0.02 0.212
143 I 0.05 0.02 0.015 0.017 0.016 0.014 0.019 0.022 0.01 0.181 0.18 0.023 0.034 0.103 0.014 0.027 0.038 0.007 0.031 0.18
144 V 0.06 0.02 0.015 0.017 0.017 0.015 0.021 0.022 0.008 0.205 0.137 0.024 0.032 0.037 0.015 0.029 0.044 0.005 0.02 0.255
145 L 0.052 0.02 0.015 0.016 0.017 0.015 0.02 0.021 0.009 0.189 0.229 0.024 0.038 0.043 0.015 0.026 0.039 0.006 0.02 0.186
146 N 0.041 0.043 0.343 0.08 0.009 0.032 0.047 0.063 0.03 0.022 0.03 0.052 0.011 0.017 0.019 0.067 0.047 0.004 0.015 0.026
147 G 0.073 0.022 0.03 0.027 0.013 0.017 0.024 0.361 0.011 0.065 0.06 0.03 0.016 0.022 0.017 0.043 0.035 0.005 0.014 0.115
148 V 0.048 0.019 0.015 0.017 0.015 0.013 0.019 0.023 0.011 0.173 0.132 0.022 0.03 0.162 0.013 0.027 0.037 0.009 0.042 0.173
149 L 0.06 0.027 0.027 0.026 0.014 0.019 0.029 0.036 0.015 0.067 0.183 0.032 0.029 0.161 0.017 0.099 0.045 0.009 0.041 0.062
150 L 0.133 0.025 0.018 0.02 0.016 0.018 0.026 0.039 0.012 0.079 0.237 0.029 0.034 0.102 0.018 0.043 0.036 0.008 0.031 0.077
151 L 0.043 0.023 0.014 0.015 0.016 0.016 0.019 0.02 0.01 0.111 0.4 0.024 0.048 0.053 0.014 0.023 0.032 0.007 0.021 0.092
152 F 0.042 0.017 0.016 0.016 0.175 0.011 0.017 0.027 0.013 0.055 0.094 0.019 0.022 0.28 0.012 0.029 0.028 0.012 0.061 0.053
153 Y 0.049 0.029 0.028 0.024 0.012 0.023 0.031 0.03 0.034 0.045 0.065 0.035 0.018 0.091 0.019 0.05 0.11 0.02 0.235 0.053
154 F 0.046 0.022 0.018 0.017 0.013 0.016 0.023 0.024 0.023 0.087 0.1 0.024 0.024 0.19 0.014 0.029 0.033 0.016 0.15 0.132
155 S 0.176 0.036 0.043 0.041 0.018 0.029 0.047 0.068 0.017 0.033 0.046 0.049 0.016 0.02 0.029 0.194 0.069 0.005 0.017 0.049
156 A 0.164 0.034 0.039 0.037 0.018 0.028 0.042 0.06 0.015 0.04 0.053 0.046 0.017 0.021 0.028 0.14 0.134 0.005 0.017 0.058
157 Y 0.039 0.027 0.021 0.018 0.009 0.021 0.027 0.024 0.045 0.042 0.066 0.03 0.018 0.126 0.015 0.03 0.027 0.027 0.344 0.045
158 C 0.062 0.016 0.016 0.016 0.504 0.012 0.016 0.031 0.008 0.043 0.062 0.02 0.016 0.02 0.016 0.039 0.035 0.004 0.012 0.055
159 Y 0.04 0.026 0.019 0.017 0.011 0.019 0.024 0.023 0.033 0.065 0.177 0.028 0.028 0.101 0.015 0.028 0.029 0.02 0.237 0.061
160 F 0.04 0.047 0.024 0.024 0.01 0.024 0.035 0.03 0.017 0.049 0.087 0.114 0.021 0.279 0.016 0.033 0.029 0.012 0.062 0.046
161 S 0.106 0.039 0.052 0.047 0.017 0.032 0.05 0.064 0.018 0.029 0.04 0.052 0.015 0.02 0.029 0.25 0.079 0.005 0.017 0.04
162 T 0.058 0.045 0.034 0.034 0.014 0.099 0.055 0.036 0.019 0.058 0.099 0.055 0.077 0.028 0.022 0.059 0.118 0.006 0.02 0.064
163 G 0.075 0.144 0.042 0.036 0.012 0.032 0.042 0.208 0.018 0.023 0.037 0.067 0.013 0.017 0.022 0.114 0.047 0.005 0.015 0.031
164 K 0.06 0.107 0.031 0.029 0.012 0.033 0.043 0.115 0.015 0.068 0.068 0.135 0.019 0.022 0.02 0.043 0.039 0.005 0.017 0.118
165 K 0.073 0.113 0.043 0.039 0.011 0.039 0.052 0.129 0.019 0.025 0.039 0.144 0.014 0.017 0.025 0.116 0.049 0.005 0.016 0.033
166 K 0.052 0.074 0.031 0.032 0.011 0.039 0.051 0.034 0.016 0.117 0.082 0.211 0.022 0.024 0.022 0.042 0.038 0.005 0.018 0.078
167 N 0.041 0.038 0.251 0.193 0.008 0.031 0.061 0.057 0.026 0.022 0.029 0.049 0.01 0.016 0.02 0.061 0.043 0.004 0.014 0.025
168 K 0.061 0.049 0.029 0.029 0.095 0.029 0.039 0.036 0.014 0.12 0.085 0.121 0.022 0.026 0.021 0.073 0.044 0.005 0.017 0.083
169 F 0.032 0.018 0.016 0.016 0.01 0.01 0.018 0.024 0.016 0.061 0.11 0.018 0.024 0.41 0.01 0.024 0.024 0.016 0.085 0.053
170 K 0.057 0.107 0.042 0.042 0.009 0.054 0.071 0.043 0.021 0.028 0.043 0.278 0.016 0.016 0.028 0.054 0.04 0.005 0.017 0.033
171 F 0.034 0.019 0.017 0.017 0.011 0.011 0.019 0.025 0.017 0.063 0.114 0.019 0.025 0.387 0.011 0.025 0.025 0.017 0.089 0.055
172 L 0.043 0.022 0.014 0.015 0.016 0.015 0.019 0.02 0.01 0.142 0.36 0.024 0.046 0.051 0.014 0.023 0.033 0.007 0.021 0.105
173 F 0.052 0.047 0.024 0.024 0.012 0.026 0.036 0.03 0.015 0.082 0.092 0.116 0.023 0.153 0.018 0.036 0.037 0.009 0.041 0.127
174 P 0.052 0.022 0.02 0.026 0.012 0.018 0.029 0.03 0.011 0.116 0.077 0.034 0.018 0.022 0.347 0.036 0.036 0.004 0.015 0.077
175 C 0.06 0.023 0.017 0.017 0.179 0.018 0.022 0.027 0.01 0.099 0.126 0.026 0.08 0.033 0.016 0.035 0.04 0.006 0.018 0.147
176 L 0.051 0.023 0.014 0.015 0.017 0.016 0.02 0.022 0.009 0.127 0.308 0.025 0.042 0.047 0.014 0.026 0.037 0.006 0.021 0.161
177 I 0.053 0.021 0.021 0.022 0.015 0.016 0.023 0.028 0.011 0.214 0.133 0.027 0.03 0.1 0.016 0.062 0.043 0.007 0.03 0.129
178 N 0.051 0.04 0.243 0.065 0.011 0.03 0.044 0.056 0.025 0.032 0.041 0.049 0.013 0.019 0.022 0.074 0.123 0.005 0.016 0.04
179 F 0.034 0.019 0.016 0.016 0.011 0.011 0.018 0.024 0.015 0.069 0.158 0.019 0.028 0.351 0.011 0.024 0.026 0.015 0.075 0.059
180 L 0.097 0.024 0.016 0.018 0.017 0.017 0.024 0.031 0.01 0.115 0.251 0.028 0.037 0.041 0.017 0.036 0.04 0.006 0.02 0.156
181 P 0.062 0.024 0.027 0.031 0.01 0.019 0.031 0.2 0.013 0.023 0.032 0.037 0.01 0.013 0.348 0.045 0.033 0.003 0.012 0.028
182 F 0.04 0.02 0.018 0.021 0.01 0.013 0.024 0.028 0.015 0.049 0.085 0.025 0.02 0.278 0.178 0.03 0.028 0.012 0.061 0.045
183 L 0.041 0.021 0.014 0.015 0.015 0.014 0.019 0.021 0.011 0.134 0.312 0.023 0.042 0.111 0.013 0.024 0.032 0.008 0.032 0.099
184 L 0.043 0.023 0.014 0.015 0.016 0.016 0.019 0.02 0.01 0.111 0.4 0.024 0.048 0.053 0.014 0.023 0.032 0.007 0.021 0.092
185 C 0.048 0.022 0.017 0.017 0.176 0.016 0.02 0.028 0.013 0.067 0.121 0.024 0.078 0.159 0.014 0.033 0.033 0.009 0.04 0.065
186 F 0.05 0.023 0.017 0.018 0.015 0.018 0.023 0.025 0.013 0.105 0.141 0.026 0.083 0.164 0.014 0.03 0.037 0.01 0.043 0.146
187 S 0.084 0.04 0.149 0.058 0.014 0.032 0.049 0.063 0.022 0.026 0.037 0.052 0.014 0.019 0.026 0.189 0.068 0.005 0.016 0.036
188 R 0.043 0.37 0.037 0.03 0.007 0.047 0.05 0.032 0.022 0.022 0.045 0.116 0.015 0.017 0.019 0.043 0.034 0.006 0.017 0.03
189 G 0.075 0.022 0.038 0.032 0.01 0.018 0.025 0.529 0.013 0.018 0.027 0.032 0.009 0.016 0.018 0.049 0.029 0.005 0.01 0.023
190 G 0.071 0.026 0.035 0.032 0.012 0.02 0.031 0.206 0.016 0.036 0.059 0.034 0.016 0.149 0.019 0.108 0.044 0.009 0.038 0.039
191 I 0.094 0.02 0.016 0.019 0.017 0.015 0.022 0.03 0.009 0.233 0.138 0.026 0.031 0.038 0.017 0.035 0.041 0.006 0.019 0.174
192 L 0.044 0.021 0.014 0.015 0.016 0.015 0.019 0.02 0.009 0.174 0.32 0.024 0.044 0.049 0.014 0.024 0.034 0.006 0.021 0.118
193 Y 0.132 0.028 0.022 0.022 0.013 0.022 0.031 0.041 0.035 0.042 0.063 0.034 0.018 0.091 0.02 0.047 0.034 0.02 0.235 0.052
194 L 0.047 0.035 0.127 0.04 0.013 0.029 0.034 0.039 0.02 0.072 0.136 0.04 0.132 0.037 0.017 0.045 0.042 0.007 0.02 0.068
195 L 0.045 0.021 0.015 0.017 0.016 0.016 0.019 0.021 0.01 0.203 0.245 0.025 0.066 0.047 0.014 0.026 0.036 0.006 0.021 0.131
196 F 0.037 0.018 0.016 0.017 0.012 0.011 0.018 0.023 0.014 0.14 0.127 0.02 0.028 0.288 0.012 0.024 0.029 0.013 0.064 0.092
197 G 0.075 0.022 0.038 0.032 0.01 0.018 0.025 0.529 0.013 0.018 0.027 0.032 0.009 0.016 0.018 0.049 0.029 0.005 0.01 0.023
198 L 0.04 0.02 0.015 0.016 0.014 0.013 0.018 0.022 0.011 0.157 0.224 0.022 0.036 0.169 0.013 0.024 0.032 0.01 0.042 0.105
199 F 0.036 0.02 0.015 0.016 0.012 0.012 0.019 0.023 0.014 0.078 0.206 0.02 0.032 0.291 0.011 0.024 0.027 0.013 0.064 0.066
200 L 0.044 0.021 0.014 0.015 0.016 0.015 0.019 0.02 0.009 0.174 0.32 0.024 0.044 0.049 0.014 0.024 0.034 0.006 0.021 0.118
201 L 0.044 0.021 0.014 0.015 0.016 0.015 0.019 0.02 0.009 0.174 0.32 0.024 0.044 0.049 0.014 0.024 0.034 0.006 0.021 0.118
202 A 0.154 0.032 0.033 0.031 0.016 0.026 0.039 0.054 0.026 0.037 0.054 0.042 0.017 0.056 0.024 0.121 0.051 0.012 0.126 0.05
203 L 0.043 0.023 0.014 0.015 0.016 0.016 0.019 0.02 0.01 0.111 0.4 0.024 0.048 0.053 0.014 0.023 0.032 0.007 0.021 0.092
204 L 0.056 0.028 0.018 0.019 0.016 0.023 0.025 0.026 0.013 0.117 0.168 0.032 0.139 0.042 0.016 0.034 0.042 0.007 0.022 0.158
205 S 0.094 0.037 0.049 0.043 0.017 0.03 0.046 0.056 0.017 0.036 0.048 0.049 0.016 0.021 0.028 0.196 0.144 0.005 0.017 0.05
206 G 0.081 0.025 0.035 0.032 0.177 0.021 0.03 0.208 0.013 0.03 0.043 0.035 0.013 0.018 0.021 0.113 0.048 0.005 0.013 0.039
207 K 0.053 0.148 0.039 0.038 0.008 0.051 0.065 0.04 0.02 0.026 0.042 0.274 0.015 0.015 0.025 0.05 0.037 0.005 0.017 0.031
208 K 0.049 0.182 0.09 0.043 0.008 0.047 0.059 0.042 0.022 0.024 0.041 0.2 0.014 0.016 0.023 0.051 0.038 0.005 0.016 0.03
209 P 0.101 0.023 0.019 0.023 0.016 0.018 0.028 0.035 0.011 0.118 0.09 0.033 0.022 0.026 0.183 0.042 0.042 0.004 0.017 0.148
210 G 0.06 0.022 0.023 0.023 0.014 0.017 0.022 0.191 0.011 0.148 0.115 0.028 0.052 0.033 0.016 0.036 0.037 0.006 0.017 0.129
211 K 0.049 0.182 0.09 0.043 0.008 0.047 0.059 0.042 0.022 0.024 0.041 0.2 0.014 0.016 0.023 0.051 0.038 0.005 0.016 0.03
212 V 0.059 0.022 0.015 0.016 0.017 0.016 0.021 0.023 0.008 0.143 0.217 0.025 0.036 0.04 0.015 0.029 0.042 0.006 0.02 0.229
213 L 0.045 0.022 0.015 0.016 0.016 0.017 0.02 0.021 0.01 0.171 0.285 0.026 0.068 0.048 0.014 0.025 0.035 0.007 0.021 0.118
214 L 0.05 0.019 0.014 0.016 0.178 0.013 0.017 0.024 0.009 0.151 0.208 0.022 0.033 0.038 0.014 0.029 0.035 0.005 0.018 0.106
215 K 0.054 0.11 0.036 0.033 0.011 0.035 0.047 0.037 0.017 0.04 0.06 0.139 0.018 0.084 0.022 0.058 0.114 0.007 0.028 0.047
216 L 0.049 0.021 0.014 0.015 0.178 0.014 0.018 0.024 0.009 0.088 0.287 0.023 0.037 0.042 0.014 0.029 0.033 0.006 0.018 0.08
217 I 0.051 0.025 0.017 0.018 0.016 0.02 0.023 0.024 0.012 0.174 0.169 0.029 0.113 0.043 0.015 0.031 0.04 0.007 0.021 0.151
218 P 0.052 0.022 0.02 0.026 0.012 0.018 0.029 0.03 0.011 0.116 0.077 0.034 0.018 0.022 0.347 0.036 0.036 0.004 0.015 0.077
219 S 0.076 0.03 0.034 0.032 0.016 0.025 0.035 0.043 0.015 0.13 0.105 0.039 0.051 0.032 0.022 0.139 0.059 0.006 0.019 0.092
220 G 0.075 0.028 0.034 0.031 0.014 0.022 0.031 0.204 0.014 0.053 0.156 0.036 0.024 0.029 0.02 0.108 0.047 0.006 0.016 0.052
221 L 0.044 0.021 0.014 0.015 0.016 0.015 0.019 0.02 0.009 0.174 0.32 0.024 0.044 0.049 0.014 0.024 0.034 0.006 0.021 0.118
222 L 0.136 0.026 0.018 0.02 0.017 0.02 0.027 0.04 0.012 0.117 0.211 0.032 0.06 0.039 0.019 0.045 0.04 0.006 0.02 0.096
223 L 0.052 0.02 0.015 0.016 0.017 0.015 0.02 0.021 0.009 0.189 0.229 0.024 0.038 0.043 0.015 0.026 0.039 0.006 0.02 0.186
224 L 0.043 0.023 0.014 0.015 0.016 0.016 0.019 0.02 0.01 0.111 0.4 0.024 0.048 0.053 0.014 0.023 0.032 0.007 0.021 0.092
225 F 0.036 0.023 0.019 0.017 0.01 0.016 0.023 0.024 0.031 0.051 0.088 0.024 0.021 0.268 0.013 0.027 0.026 0.022 0.215 0.049
226 L 0.043 0.023 0.014 0.015 0.016 0.016 0.019 0.02 0.01 0.111 0.4 0.024 0.048 0.053 0.014 0.023 0.032 0.007 0.021 0.092
227 F 0.032 0.018 0.016 0.016 0.01 0.01 0.018 0.024 0.016 0.061 0.11 0.018 0.024 0.41 0.01 0.024 0.024 0.016 0.085 0.053
228 G 0.075 0.022 0.038 0.032 0.01 0.018 0.025 0.529 0.013 0.018 0.027 0.032 0.009 0.016 0.018 0.049 0.029 0.005 0.01 0.023
229 L 0.045 0.031 0.018 0.02 0.014 0.054 0.033 0.024 0.013 0.097 0.34 0.035 0.043 0.046 0.015 0.028 0.033 0.007 0.021 0.083
230 L 0.139 0.031 0.021 0.022 0.017 0.026 0.031 0.043 0.015 0.078 0.145 0.037 0.134 0.038 0.02 0.05 0.042 0.007 0.021 0.081
231 G 0.075 0.022 0.038 0.032 0.01 0.018 0.025 0.529 0.013 0.018 0.027 0.032 0.009 0.016 0.018 0.049 0.029 0.005 0.01 0.023
232 N 0.041 0.043 0.343 0.08 0.009 0.032 0.047 0.063 0.03 0.022 0.03 0.052 0.011 0.017 0.019 0.067 0.047 0.004 0.015 0.026
233 L 0.046 0.024 0.016 0.017 0.016 0.018 0.021 0.022 0.011 0.169 0.25 0.027 0.092 0.047 0.014 0.027 0.036 0.007 0.021 0.117
234 R 0.043 0.37 0.037 0.03 0.007 0.047 0.05 0.032 0.022 0.022 0.045 0.116 0.015 0.017 0.019 0.043 0.034 0.006 0.017 0.03
235 I 0.042 0.02 0.016 0.017 0.014 0.014 0.019 0.023 0.012 0.186 0.149 0.023 0.058 0.166 0.013 0.026 0.034 0.01 0.042 0.117
236 G 0.052 0.031 0.149 0.178 0.009 0.026 0.053 0.212 0.02 0.02 0.028 0.042 0.01 0.016 0.02 0.056 0.037 0.004 0.012 0.024
237 D 0.045 0.053 0.058 0.294 0.008 0.036 0.081 0.044 0.019 0.023 0.032 0.131 0.011 0.015 0.023 0.051 0.035 0.004 0.013 0.026
238 P 0.089 0.034 0.042 0.041 0.015 0.028 0.045 0.054 0.016 0.027 0.038 0.048 0.013 0.018 0.19 0.181 0.064 0.004 0.015 0.037
239 E 0.06 0.039 0.038 0.069 0.008 0.047 0.224 0.199 0.021 0.02 0.033 0.059 0.011 0.016 0.023 0.052 0.033 0.005 0.014 0.028
240 G 0.067 0.025 0.032 0.028 0.012 0.021 0.025 0.362 0.014 0.044 0.081 0.033 0.07 0.026 0.017 0.044 0.032 0.006 0.015 0.045
241 E 0.049 0.055 0.141 0.077 0.008 0.05 0.189 0.045 0.026 0.022 0.035 0.105 0.012 0.016 0.023 0.057 0.04 0.005 0.016 0.029
242 L 0.048 0.048 0.023 0.024 0.013 0.027 0.035 0.027 0.013 0.146 0.201 0.118 0.033 0.037 0.018 0.033 0.036 0.006 0.019 0.098
243 I 0.041 0.017 0.015 0.017 0.014 0.012 0.017 0.021 0.011 0.22 0.144 0.021 0.032 0.165 0.013 0.024 0.034 0.009 0.042 0.131
244 L 0.134 0.026 0.017 0.019 0.017 0.019 0.026 0.039 0.011 0.088 0.285 0.03 0.037 0.042 0.019 0.043 0.037 0.006 0.02 0.084
245 N 0.048 0.111 0.142 0.054 0.008 0.141 0.074 0.046 0.028 0.024 0.04 0.08 0.016 0.016 0.021 0.056 0.041 0.005 0.018 0.031
246 W 0.047 0.02 0.015 0.016 0.014 0.014 0.02 0.024 0.01 0.162 0.113 0.023 0.027 0.045 0.012 0.026 0.036 0.174 0.035 0.165
247 G 0.156 0.025 0.033 0.031 0.014 0.02 0.029 0.378 0.013 0.026 0.037 0.036 0.012 0.017 0.022 0.06 0.035 0.005 0.013 0.038
248 G 0.061 0.058 0.039 0.053 0.009 0.044 0.139 0.201 0.019 0.022 0.035 0.137 0.012 0.015 0.023 0.051 0.034 0.005 0.014 0.028
249 A 0.23 0.028 0.024 0.029 0.017 0.023 0.038 0.062 0.014 0.036 0.05 0.042 0.015 0.018 0.19 0.069 0.044 0.004 0.015 0.054
250 S 0.089 0.06 0.048 0.045 0.014 0.038 0.056 0.056 0.019 0.028 0.041 0.137 0.015 0.018 0.028 0.184 0.065 0.005 0.017 0.037
251 D 0.054 0.045 0.05 0.167 0.011 0.1 0.075 0.042 0.02 0.033 0.045 0.058 0.016 0.017 0.024 0.064 0.116 0.005 0.016 0.042
252 E 0.059 0.062 0.04 0.054 0.011 0.047 0.143 0.039 0.019 0.033 0.047 0.141 0.015 0.018 0.026 0.065 0.116 0.005 0.017 0.043
253 F 0.032 0.018 0.016 0.016 0.01 0.01 0.018 0.024 0.016 0.061 0.11 0.018 0.024 0.41 0.01 0.024 0.024 0.016 0.085 0.053
254 R 0.055 0.151 0.039 0.051 0.011 0.045 0.137 0.036 0.02 0.032 0.048 0.077 0.015 0.018 0.023 0.062 0.115 0.006 0.017 0.043
255 E 0.049 0.041 0.048 0.198 0.007 0.051 0.245 0.037 0.023 0.021 0.033 0.063 0.011 0.015 0.024 0.052 0.035 0.005 0.014 0.028
256 S 0.094 0.037 0.049 0.043 0.017 0.03 0.046 0.056 0.017 0.036 0.048 0.049 0.016 0.021 0.028 0.196 0.144 0.005 0.017 0.05
257 G 0.062 0.031 0.041 0.034 0.01 0.025 0.037 0.203 0.137 0.028 0.046 0.037 0.015 0.087 0.019 0.076 0.035 0.008 0.039 0.031
258 I 0.053 0.018 0.015 0.017 0.017 0.014 0.019 0.021 0.008 0.252 0.149 0.023 0.034 0.04 0.015 0.027 0.041 0.006 0.02 0.212
259 P 0.055 0.025 0.022 0.03 0.01 0.02 0.035 0.035 0.012 0.025 0.035 0.04 0.01 0.012 0.513 0.042 0.035 0.002 0.012 0.03
260 P 0.072 0.055 0.038 0.039 0.012 0.034 0.051 0.047 0.017 0.027 0.039 0.133 0.013 0.016 0.189 0.115 0.051 0.004 0.015 0.034
261 E 0.053 0.048 0.039 0.087 0.007 0.062 0.324 0.034 0.025 0.021 0.035 0.073 0.012 0.016 0.025 0.053 0.035 0.005 0.016 0.03
262 F 0.032 0.018 0.016 0.016 0.01 0.01 0.018 0.024 0.016 0.061 0.11 0.018 0.024 0.41 0.01 0.024 0.024 0.016 0.085 0.053
263 F 0.036 0.02 0.015 0.016 0.012 0.012 0.019 0.023 0.014 0.078 0.206 0.02 0.032 0.291 0.011 0.024 0.027 0.013 0.064 0.066
264 W 0.029 0.022 0.015 0.015 0.007 0.015 0.022 0.029 0.015 0.029 0.051 0.022 0.015 0.058 0.007 0.022 0.022 0.512 0.066 0.029
265 S 0.176 0.036 0.043 0.041 0.018 0.029 0.047 0.068 0.017 0.033 0.046 0.049 0.016 0.02 0.029 0.194 0.069 0.005 0.017 0.049
266 Y 0.039 0.027 0.021 0.018 0.009 0.021 0.027 0.024 0.045 0.042 0.066 0.03 0.018 0.126 0.015 0.03 0.027 0.027 0.344 0.045
267 L 0.052 0.02 0.015 0.016 0.017 0.015 0.02 0.021 0.009 0.189 0.229 0.024 0.038 0.043 0.015 0.026 0.039 0.006 0.02 0.186
268 Y 0.039 0.027 0.021 0.018 0.009 0.021 0.027 0.024 0.045 0.042 0.066 0.03 0.018 0.126 0.015 0.03 0.027 0.027 0.344 0.045
269 I 0.045 0.017 0.014 0.017 0.016 0.013 0.017 0.02 0.008 0.299 0.161 0.023 0.035 0.042 0.014 0.024 0.038 0.006 0.02 0.17
270 A 0.164 0.034 0.039 0.037 0.018 0.028 0.042 0.06 0.015 0.04 0.053 0.046 0.017 0.021 0.028 0.14 0.134 0.005 0.017 0.058
271 S 0.106 0.039 0.052 0.047 0.017 0.032 0.05 0.064 0.018 0.029 0.04 0.052 0.015 0.02 0.029 0.25 0.079 0.005 0.017 0.04
272 P 0.055 0.025 0.022 0.03 0.01 0.02 0.035 0.035 0.012 0.025 0.035 0.04 0.01 0.012 0.513 0.042 0.035 0.002 0.012 0.03
273 L 0.043 0.023 0.014 0.015 0.016 0.016 0.019 0.02 0.01 0.111 0.4 0.024 0.048 0.053 0.014 0.023 0.032 0.007 0.021 0.092
274 G 0.156 0.025 0.033 0.031 0.014 0.02 0.029 0.378 0.013 0.026 0.037 0.036 0.012 0.017 0.022 0.06 0.035 0.005 0.013 0.038
275 N 0.041 0.043 0.343 0.08 0.009 0.032 0.047 0.063 0.03 0.022 0.03 0.052 0.011 0.017 0.019 0.067 0.047 0.004 0.015 0.026
276 L 0.052 0.027 0.023 0.022 0.016 0.019 0.026 0.028 0.011 0.091 0.287 0.031 0.038 0.043 0.018 0.045 0.113 0.006 0.02 0.084
277 Q 0.054 0.071 0.042 0.045 0.008 0.245 0.099 0.04 0.028 0.025 0.045 0.088 0.02 0.014 0.023 0.054 0.04 0.006 0.02 0.034
278 N 0.041 0.043 0.343 0.08 0.009 0.032 0.047 0.063 0.03 0.022 0.03 0.052 0.011 0.017 0.019 0.067 0.047 0.004 0.015 0.026
279 T 0.153 0.033 0.036 0.034 0.018 0.026 0.038 0.053 0.014 0.048 0.061 0.043 0.018 0.022 0.027 0.087 0.2 0.006 0.017 0.068
280 I 0.045 0.017 0.014 0.017 0.016 0.013 0.017 0.02 0.008 0.299 0.161 0.023 0.035 0.042 0.014 0.024 0.038 0.006 0.02 0.17
281 D 0.05 0.033 0.104 0.236 0.011 0.029 0.064 0.047 0.018 0.031 0.039 0.045 0.013 0.018 0.023 0.066 0.117 0.004 0.014 0.039
282 K 0.05 0.072 0.142 0.055 0.008 0.11 0.072 0.048 0.026 0.025 0.039 0.148 0.015 0.015 0.023 0.057 0.042 0.005 0.017 0.03
283 K 0.077 0.059 0.045 0.041 0.014 0.037 0.052 0.049 0.017 0.035 0.048 0.134 0.016 0.019 0.027 0.13 0.131 0.005 0.017 0.047
284 K 0.05 0.083 0.141 0.053 0.008 0.045 0.061 0.049 0.023 0.025 0.038 0.221 0.014 0.016 0.024 0.057 0.041 0.005 0.016 0.03
285 W 0.038 0.145 0.132 0.041 0.008 0.031 0.04 0.041 0.022 0.024 0.042 0.063 0.013 0.031 0.015 0.044 0.034 0.174 0.032 0.028
286 F 0.057 0.025 0.028 0.027 0.012 0.017 0.029 0.038 0.017 0.05 0.087 0.03 0.021 0.28 0.016 0.1 0.043 0.012 0.063 0.049
287 D 0.045 0.102 0.1 0.174 0.008 0.104 0.079 0.044 0.024 0.023 0.037 0.071 0.014 0.015 0.021 0.053 0.038 0.005 0.015 0.028
288 P 0.073 0.03 0.042 0.101 0.012 0.025 0.047 0.128 0.015 0.024 0.034 0.043 0.011 0.016 0.187 0.114 0.048 0.004 0.013 0.031
289 D 0.046 0.038 0.053 0.254 0.007 0.045 0.206 0.039 0.021 0.021 0.031 0.058 0.011 0.015 0.023 0.052 0.035 0.004 0.013 0.027
290 S 0.094 0.037 0.049 0.043 0.017 0.03 0.046 0.056 0.017 0.036 0.048 0.049 0.016 0.021 0.028 0.196 0.144 0.005 0.017 0.05
291 F 0.064 0.035 0.036 0.05 0.011 0.035 0.131 0.041 0.02 0.037 0.062 0.048 0.017 0.149 0.021 0.109 0.046 0.009 0.039 0.041
292 G 0.052 0.031 0.149 0.178 0.009 0.026 0.053 0.212 0.02 0.02 0.028 0.042 0.01 0.016 0.02 0.056 0.037 0.004 0.012 0.024
293 W 0.132 0.024 0.018 0.02 0.014 0.017 0.027 0.043 0.014 0.06 0.075 0.029 0.02 0.1 0.016 0.044 0.035 0.176 0.045 0.09
294 L 0.047 0.037 0.023 0.026 0.013 0.091 0.045 0.027 0.015 0.145 0.202 0.045 0.034 0.036 0.017 0.034 0.037 0.006 0.02 0.099
295 N 0.046 0.037 0.236 0.063 0.009 0.028 0.043 0.053 0.024 0.023 0.032 0.048 0.01 0.016 0.184 0.059 0.043 0.004 0.014 0.027
296 L 0.039 0.022 0.015 0.015 0.014 0.014 0.019 0.022 0.012 0.094 0.303 0.022 0.04 0.172 0.012 0.024 0.03 0.01 0.043 0.079
297 V 0.064 0.02 0.016 0.017 0.018 0.015 0.022 0.023 0.008 0.182 0.131 0.025 0.031 0.036 0.016 0.03 0.046 0.005 0.02 0.276
298 V 0.056 0.019 0.015 0.017 0.017 0.014 0.02 0.022 0.008 0.229 0.143 0.024 0.033 0.038 0.015 0.028 0.043 0.005 0.02 0.233
299 N 0.04 0.038 0.236 0.059 0.009 0.029 0.041 0.05 0.035 0.028 0.042 0.045 0.013 0.053 0.018 0.055 0.041 0.012 0.125 0.032
300 E 0.053 0.048 0.039 0.087 0.007 0.062 0.324 0.034 0.025 0.021 0.035 0.073 0.012 0.016 0.025 0.053 0.035 0.005 0.016 0.03
301 C 0.06 0.023 0.017 0.017 0.179 0.018 0.022 0.027 0.01 0.099 0.126 0.026 0.08 0.033 0.016 0.035 0.04 0.006 0.018 0.147
302 L 0.053 0.025 0.024 0.022 0.097 0.018 0.025 0.03 0.012 0.071 0.183 0.029 0.029 0.097 0.018 0.048 0.112 0.008 0.029 0.072
303 P 0.055 0.025 0.022 0.03 0.01 0.02 0.035 0.035 0.012 0.025 0.035 0.04 0.01 0.012 0.513 0.042 0.035 0.002 0.012 0.03
304 V 0.057 0.033 0.025 0.041 0.014 0.035 0.124 0.028 0.016 0.092 0.117 0.044 0.079 0.032 0.019 0.04 0.041 0.006 0.02 0.139
305 F 0.049 0.023 0.024 0.023 0.014 0.017 0.024 0.029 0.013 0.137 0.111 0.028 0.026 0.159 0.017 0.046 0.113 0.009 0.041 0.097
306 I 0.045 0.017 0.014 0.017 0.016 0.013 0.017 0.02 0.008 0.299 0.161 0.023 0.035 0.042 0.014 0.024 0.038 0.006 0.02 0.17
307 S 0.106 0.039 0.052 0.047 0.017 0.032 0.05 0.064 0.018 0.029 0.04 0.052 0.015 0.02 0.029 0.25 0.079 0.005 0.017 0.04
308 K 0.055 0.103 0.04 0.04 0.008 0.051 0.068 0.042 0.02 0.027 0.042 0.306 0.015 0.015 0.027 0.051 0.038 0.005 0.017 0.032
309 R 0.043 0.37 0.037 0.03 0.007 0.047 0.05 0.032 0.022 0.022 0.045 0.116 0.015 0.017 0.019 0.043 0.034 0.006 0.017 0.03
310 I 0.045 0.018 0.014 0.017 0.016 0.013 0.017 0.02 0.009 0.268 0.201 0.023 0.037 0.044 0.014 0.024 0.037 0.006 0.02 0.157
311 G 0.144 0.029 0.089 0.104 0.013 0.024 0.044 0.219 0.017 0.027 0.038 0.041 0.012 0.017 0.022 0.063 0.039 0.005 0.013 0.038
312 L 0.054 0.021 0.022 0.021 0.014 0.016 0.02 0.19 0.01 0.143 0.196 0.026 0.031 0.037 0.015 0.032 0.033 0.006 0.017 0.095
313 P 0.05 0.148 0.033 0.049 0.008 0.043 0.136 0.033 0.02 0.023 0.038 0.076 0.012 0.015 0.185 0.046 0.035 0.004 0.015 0.03
314 E 0.052 0.05 0.034 0.05 0.01 0.111 0.15 0.033 0.023 0.048 0.09 0.065 0.075 0.025 0.021 0.047 0.038 0.006 0.02 0.051
315 P 0.056 0.026 0.023 0.031 0.01 0.02 0.036 0.036 0.013 0.026 0.036 0.041 0.01 0.013 0.499 0.043 0.036 0.003 0.013 0.031
316 K 0.064 0.07 0.042 0.039 0.013 0.04 0.054 0.042 0.017 0.04 0.053 0.168 0.017 0.019 0.027 0.072 0.15 0.005 0.017 0.051
317 D 0.045 0.028 0.062 0.356 0.008 0.027 0.077 0.125 0.017 0.021 0.027 0.041 0.009 0.015 0.021 0.05 0.033 0.004 0.011 0.023
318 R 0.048 0.218 0.038 0.05 0.007 0.053 0.144 0.034 0.023 0.023 0.041 0.133 0.014 0.016 0.022 0.048 0.035 0.005 0.016 0.03
319 G 0.131 0.032 0.043 0.039 0.015 0.026 0.04 0.221 0.016 0.027 0.039 0.044 0.013 0.019 0.025 0.155 0.057 0.005 0.015 0.039
320 N 0.046 0.063 0.242 0.067 0.009 0.039 0.054 0.056 0.027 0.023 0.034 0.137 0.012 0.017 0.022 0.062 0.044 0.005 0.016 0.028
321 F 0.034 0.019 0.017 0.017 0.011 0.011 0.019 0.025 0.017 0.063 0.114 0.019 0.025 0.387 0.011 0.025 0.025 0.017 0.089 0.055
