#Seq2Logo.py -f /work3/idamei/ssn-clusterings/clustering/2205171701/clusters/0007_207/sequences.afa -o /work3/idamei/ssn-clusterings/clustering/2205171701/clusters/0007_207/sequences.logo
#Position Specific Frequency Matrix
A R N D C Q E G H I L K M F P S T W Y V
0 L 0.052 0.032 0.02 0.02 0.016 0.028 0.028 0.028 0.016 0.099 0.195 0.036 0.169 0.048 0.016 0.036 0.04 0.008 0.024 0.091
1 D 0.046 0.034 0.041 0.169 0.01 0.037 0.138 0.034 0.018 0.053 0.149 0.048 0.024 0.028 0.021 0.043 0.035 0.005 0.017 0.05
2 F 0.038 0.018 0.016 0.017 0.012 0.011 0.018 0.024 0.014 0.135 0.131 0.02 0.029 0.277 0.012 0.025 0.03 0.013 0.065 0.095
3 I 0.055 0.023 0.024 0.024 0.017 0.018 0.025 0.028 0.01 0.203 0.132 0.031 0.031 0.037 0.019 0.047 0.111 0.006 0.019 0.14
4 L 0.054 0.027 0.024 0.023 0.017 0.02 0.026 0.028 0.011 0.105 0.262 0.032 0.038 0.043 0.019 0.047 0.107 0.007 0.02 0.092
5 G 0.06 0.034 0.181 0.058 0.01 0.026 0.037 0.29 0.022 0.021 0.03 0.043 0.01 0.017 0.019 0.06 0.039 0.005 0.013 0.025
6 L 0.051 0.023 0.015 0.016 0.016 0.015 0.021 0.023 0.01 0.124 0.262 0.024 0.04 0.093 0.014 0.027 0.037 0.008 0.03 0.15
7 L 0.041 0.021 0.015 0.016 0.014 0.014 0.019 0.022 0.012 0.119 0.263 0.023 0.039 0.166 0.013 0.025 0.031 0.01 0.044 0.092
8 L 0.041 0.02 0.015 0.016 0.014 0.013 0.019 0.022 0.012 0.152 0.22 0.022 0.037 0.164 0.013 0.025 0.033 0.01 0.043 0.108
9 L 0.045 0.022 0.014 0.016 0.016 0.015 0.019 0.021 0.01 0.169 0.31 0.024 0.045 0.051 0.014 0.024 0.035 0.007 0.022 0.122
10 I 0.056 0.021 0.016 0.018 0.017 0.016 0.021 0.023 0.009 0.209 0.168 0.025 0.044 0.041 0.015 0.029 0.043 0.006 0.021 0.205
11 L 0.047 0.027 0.016 0.017 0.016 0.02 0.023 0.023 0.012 0.109 0.319 0.029 0.089 0.052 0.015 0.028 0.035 0.007 0.023 0.094
12 S 0.097 0.038 0.05 0.045 0.017 0.031 0.048 0.058 0.017 0.037 0.049 0.051 0.017 0.022 0.029 0.182 0.139 0.005 0.017 0.051
13 F 0.033 0.019 0.017 0.017 0.01 0.01 0.019 0.025 0.017 0.063 0.113 0.019 0.025 0.393 0.01 0.025 0.025 0.017 0.088 0.054
14 I 0.047 0.018 0.015 0.018 0.016 0.013 0.018 0.02 0.009 0.278 0.166 0.023 0.036 0.044 0.015 0.025 0.039 0.006 0.02 0.175
15 P 0.053 0.023 0.02 0.026 0.012 0.018 0.03 0.031 0.011 0.11 0.079 0.035 0.019 0.023 0.337 0.037 0.037 0.004 0.015 0.079
16 G 0.136 0.024 0.027 0.027 0.014 0.018 0.028 0.206 0.015 0.041 0.067 0.032 0.017 0.143 0.02 0.053 0.035 0.009 0.039 0.049
17 Y 0.038 0.025 0.02 0.018 0.01 0.018 0.025 0.025 0.036 0.05 0.083 0.027 0.021 0.217 0.014 0.029 0.027 0.024 0.246 0.049
18 Y 0.063 0.032 0.032 0.028 0.012 0.025 0.036 0.038 0.037 0.039 0.059 0.038 0.018 0.093 0.02 0.096 0.046 0.02 0.222 0.045
19 L 0.044 0.024 0.014 0.015 0.016 0.016 0.02 0.021 0.01 0.114 0.382 0.025 0.049 0.054 0.014 0.024 0.033 0.007 0.022 0.095
20 G 0.066 0.03 0.134 0.05 0.01 0.024 0.033 0.365 0.019 0.02 0.029 0.04 0.01 0.017 0.019 0.057 0.036 0.005 0.012 0.025
21 D 0.136 0.027 0.037 0.15 0.016 0.024 0.051 0.049 0.014 0.076 0.072 0.038 0.019 0.024 0.023 0.056 0.044 0.005 0.016 0.123
22 L 0.04 0.029 0.118 0.038 0.012 0.02 0.029 0.037 0.019 0.066 0.175 0.032 0.028 0.155 0.015 0.039 0.036 0.009 0.042 0.059
23 N 0.065 0.124 0.137 0.053 0.011 0.036 0.049 0.054 0.026 0.026 0.041 0.069 0.014 0.026 0.023 0.113 0.054 0.007 0.037 0.034
24 F 0.037 0.021 0.016 0.016 0.012 0.012 0.019 0.024 0.014 0.08 0.203 0.021 0.033 0.28 0.012 0.025 0.028 0.013 0.066 0.068
25 K 0.049 0.077 0.033 0.033 0.009 0.039 0.053 0.037 0.019 0.039 0.066 0.196 0.019 0.141 0.022 0.044 0.035 0.009 0.041 0.04
26 K 0.058 0.146 0.041 0.037 0.011 0.054 0.057 0.04 0.019 0.035 0.051 0.148 0.017 0.019 0.025 0.064 0.11 0.006 0.018 0.045
27 L 0.053 0.021 0.015 0.017 0.017 0.015 0.02 0.022 0.009 0.185 0.226 0.025 0.039 0.044 0.015 0.027 0.04 0.006 0.021 0.182
28 N 0.042 0.044 0.324 0.082 0.009 0.033 0.049 0.065 0.031 0.022 0.031 0.053 0.011 0.018 0.02 0.069 0.049 0.004 0.016 0.027
29 Y 0.04 0.028 0.022 0.019 0.009 0.022 0.028 0.025 0.046 0.043 0.068 0.031 0.019 0.13 0.015 0.031 0.028 0.028 0.325 0.046
30 Y 0.042 0.024 0.019 0.018 0.011 0.019 0.024 0.023 0.034 0.122 0.101 0.028 0.024 0.101 0.015 0.029 0.032 0.02 0.223 0.089
31 C 0.082 0.03 0.038 0.034 0.175 0.024 0.036 0.047 0.014 0.042 0.057 0.04 0.017 0.021 0.024 0.12 0.124 0.005 0.016 0.056
32 L 0.049 0.022 0.016 0.016 0.015 0.014 0.021 0.024 0.012 0.113 0.208 0.023 0.035 0.161 0.014 0.027 0.036 0.01 0.043 0.142
33 L 0.044 0.024 0.014 0.015 0.016 0.016 0.02 0.021 0.01 0.114 0.382 0.025 0.049 0.054 0.014 0.024 0.033 0.007 0.022 0.095
34 F 0.035 0.021 0.018 0.017 0.01 0.013 0.021 0.025 0.025 0.058 0.101 0.022 0.023 0.323 0.012 0.027 0.026 0.02 0.151 0.052
35 W 0.03 0.022 0.015 0.015 0.008 0.015 0.022 0.03 0.015 0.03 0.052 0.022 0.015 0.06 0.008 0.022 0.022 0.497 0.068 0.03
36 F 0.062 0.03 0.029 0.028 0.015 0.023 0.032 0.038 0.017 0.065 0.118 0.035 0.07 0.154 0.018 0.087 0.06 0.01 0.043 0.064
37 P 0.049 0.028 0.022 0.023 0.012 0.023 0.03 0.029 0.025 0.056 0.1 0.036 0.066 0.063 0.177 0.037 0.034 0.013 0.12 0.056
38 L 0.047 0.024 0.016 0.018 0.016 0.019 0.022 0.023 0.012 0.161 0.23 0.028 0.083 0.071 0.015 0.028 0.037 0.008 0.027 0.118
39 L 0.054 0.021 0.015 0.017 0.017 0.015 0.02 0.022 0.009 0.196 0.211 0.025 0.038 0.044 0.015 0.027 0.041 0.006 0.021 0.187
40 F 0.033 0.019 0.017 0.017 0.01 0.01 0.019 0.025 0.017 0.063 0.113 0.019 0.025 0.393 0.01 0.025 0.025 0.017 0.088 0.054
41 C 0.069 0.018 0.024 0.022 0.329 0.014 0.019 0.193 0.01 0.036 0.052 0.025 0.014 0.019 0.017 0.044 0.034 0.004 0.012 0.046
42 V 0.068 0.021 0.016 0.018 0.019 0.016 0.023 0.024 0.008 0.171 0.131 0.026 0.032 0.036 0.016 0.032 0.048 0.005 0.02 0.269
43 V 0.054 0.02 0.016 0.017 0.016 0.014 0.021 0.024 0.011 0.145 0.129 0.023 0.03 0.156 0.014 0.029 0.04 0.009 0.043 0.189
44 G 0.078 0.023 0.039 0.033 0.011 0.019 0.025 0.515 0.013 0.019 0.028 0.033 0.009 0.016 0.019 0.051 0.029 0.005 0.011 0.024
45 A 0.247 0.033 0.033 0.034 0.02 0.027 0.043 0.074 0.016 0.039 0.054 0.047 0.017 0.021 0.029 0.122 0.058 0.005 0.017 0.061
46 F 0.033 0.019 0.017 0.017 0.01 0.01 0.019 0.025 0.017 0.063 0.113 0.019 0.025 0.393 0.01 0.025 0.025 0.017 0.088 0.054
47 I 0.047 0.018 0.015 0.018 0.016 0.013 0.018 0.02 0.009 0.278 0.166 0.023 0.036 0.044 0.015 0.025 0.039 0.006 0.02 0.175
48 I 0.047 0.018 0.015 0.018 0.016 0.013 0.018 0.02 0.009 0.278 0.166 0.023 0.036 0.044 0.015 0.025 0.039 0.006 0.02 0.175
49 Y 0.042 0.138 0.067 0.031 0.009 0.032 0.039 0.033 0.037 0.034 0.056 0.063 0.016 0.077 0.017 0.04 0.033 0.017 0.181 0.038
50 S 0.109 0.04 0.054 0.048 0.017 0.033 0.052 0.066 0.019 0.029 0.041 0.054 0.016 0.021 0.029 0.228 0.081 0.005 0.017 0.041
51 G 0.078 0.023 0.039 0.033 0.011 0.019 0.025 0.515 0.013 0.019 0.028 0.033 0.009 0.016 0.019 0.051 0.029 0.005 0.011 0.024
52 V 0.091 0.021 0.017 0.019 0.018 0.016 0.023 0.03 0.009 0.193 0.135 0.027 0.031 0.037 0.017 0.036 0.045 0.006 0.02 0.208
53 L 0.058 0.028 0.019 0.019 0.017 0.024 0.026 0.027 0.013 0.121 0.173 0.032 0.123 0.044 0.016 0.035 0.043 0.007 0.023 0.153
54 D 0.041 0.03 0.068 0.403 0.007 0.03 0.09 0.046 0.019 0.022 0.028 0.044 0.009 0.015 0.022 0.052 0.035 0.004 0.011 0.024
55 N 0.048 0.042 0.159 0.146 0.008 0.042 0.141 0.081 0.026 0.022 0.032 0.057 0.011 0.017 0.022 0.06 0.041 0.005 0.015 0.027
56 T 0.084 0.037 0.047 0.041 0.018 0.029 0.043 0.051 0.015 0.045 0.057 0.048 0.018 0.023 0.028 0.137 0.196 0.006 0.018 0.061
57 F 0.036 0.022 0.018 0.017 0.01 0.014 0.022 0.025 0.027 0.056 0.098 0.023 0.023 0.305 0.012 0.027 0.026 0.02 0.167 0.052
58 F 0.033 0.019 0.017 0.017 0.01 0.01 0.019 0.025 0.017 0.063 0.113 0.019 0.025 0.393 0.01 0.025 0.025 0.017 0.088 0.054
59 V 0.068 0.021 0.016 0.018 0.019 0.016 0.023 0.024 0.008 0.171 0.131 0.026 0.032 0.036 0.016 0.032 0.048 0.005 0.02 0.269
60 Q 0.058 0.061 0.042 0.053 0.009 0.164 0.132 0.103 0.026 0.024 0.042 0.08 0.017 0.015 0.023 0.055 0.038 0.006 0.018 0.033
61 P 0.137 0.027 0.024 0.03 0.014 0.022 0.037 0.05 0.013 0.031 0.043 0.042 0.013 0.016 0.342 0.057 0.04 0.003 0.014 0.043
62 I 0.042 0.018 0.015 0.017 0.014 0.012 0.018 0.022 0.011 0.206 0.149 0.022 0.033 0.16 0.013 0.025 0.035 0.009 0.043 0.135
63 A 0.211 0.03 0.024 0.026 0.017 0.024 0.036 0.06 0.025 0.043 0.062 0.04 0.018 0.057 0.025 0.066 0.042 0.013 0.12 0.061
64 N 0.042 0.044 0.324 0.082 0.009 0.033 0.049 0.065 0.031 0.022 0.031 0.053 0.011 0.018 0.02 0.069 0.049 0.004 0.016 0.027
65 N 0.042 0.044 0.324 0.082 0.009 0.033 0.049 0.065 0.031 0.022 0.031 0.053 0.011 0.018 0.02 0.069 0.049 0.004 0.016 0.027
66 H 0.079 0.039 0.134 0.049 0.011 0.031 0.045 0.051 0.135 0.039 0.051 0.045 0.016 0.049 0.021 0.058 0.054 0.007 0.035 0.052
67 A 0.133 0.036 0.027 0.042 0.015 0.033 0.105 0.045 0.016 0.115 0.088 0.061 0.022 0.027 0.023 0.054 0.042 0.006 0.018 0.091
68 A 0.191 0.026 0.021 0.024 0.02 0.021 0.032 0.053 0.012 0.099 0.092 0.036 0.024 0.028 0.023 0.06 0.049 0.005 0.019 0.165
69 K 0.056 0.106 0.041 0.041 0.009 0.053 0.07 0.043 0.02 0.027 0.043 0.285 0.015 0.015 0.027 0.053 0.039 0.005 0.017 0.032
70 T 0.066 0.05 0.101 0.051 0.013 0.094 0.064 0.05 0.023 0.035 0.049 0.063 0.018 0.019 0.025 0.093 0.119 0.005 0.018 0.046
71 L 0.048 0.023 0.015 0.016 0.014 0.016 0.022 0.025 0.011 0.102 0.188 0.024 0.032 0.05 0.013 0.026 0.035 0.17 0.037 0.134
72 G 0.078 0.023 0.039 0.033 0.011 0.019 0.025 0.515 0.013 0.019 0.028 0.033 0.009 0.016 0.019 0.051 0.029 0.005 0.011 0.024
73 L 0.047 0.026 0.016 0.017 0.016 0.02 0.022 0.023 0.012 0.12 0.305 0.029 0.088 0.051 0.015 0.028 0.036 0.007 0.023 0.099
74 F 0.038 0.021 0.016 0.016 0.013 0.013 0.019 0.024 0.014 0.083 0.221 0.021 0.035 0.257 0.012 0.025 0.028 0.013 0.062 0.071
75 I 0.067 0.025 0.028 0.028 0.016 0.02 0.029 0.035 0.012 0.195 0.125 0.033 0.029 0.036 0.02 0.092 0.053 0.006 0.019 0.13
76 T 0.066 0.03 0.034 0.031 0.017 0.023 0.033 0.037 0.012 0.126 0.097 0.038 0.025 0.03 0.023 0.078 0.171 0.006 0.019 0.103
77 I 0.055 0.023 0.024 0.024 0.017 0.018 0.025 0.028 0.01 0.203 0.132 0.031 0.031 0.037 0.019 0.047 0.111 0.006 0.019 0.14
78 F 0.039 0.022 0.018 0.017 0.012 0.015 0.022 0.024 0.025 0.103 0.127 0.024 0.027 0.213 0.013 0.027 0.029 0.018 0.149 0.079
79 G 0.098 0.034 0.049 0.043 0.015 0.028 0.043 0.215 0.017 0.026 0.037 0.047 0.013 0.019 0.026 0.169 0.064 0.005 0.015 0.036
80 F 0.037 0.021 0.016 0.016 0.012 0.012 0.019 0.024 0.014 0.08 0.203 0.021 0.033 0.28 0.012 0.025 0.028 0.013 0.066 0.068
81 F 0.034 0.019 0.017 0.017 0.011 0.011 0.019 0.025 0.016 0.066 0.131 0.019 0.027 0.37 0.011 0.025 0.026 0.016 0.084 0.057
82 G 0.064 0.021 0.023 0.023 0.015 0.016 0.022 0.187 0.01 0.153 0.108 0.028 0.026 0.032 0.017 0.036 0.039 0.006 0.017 0.158
83 F 0.038 0.018 0.016 0.017 0.012 0.011 0.018 0.024 0.014 0.135 0.131 0.02 0.029 0.277 0.012 0.025 0.03 0.013 0.065 0.095
84 F 0.037 0.021 0.016 0.016 0.012 0.012 0.019 0.024 0.014 0.08 0.203 0.021 0.033 0.28 0.012 0.025 0.028 0.013 0.066 0.068
85 L 0.045 0.023 0.017 0.017 0.014 0.017 0.022 0.022 0.022 0.148 0.188 0.026 0.033 0.075 0.015 0.027 0.034 0.013 0.122 0.118
86 G 0.174 0.03 0.037 0.036 0.017 0.025 0.038 0.22 0.015 0.031 0.044 0.043 0.014 0.019 0.026 0.111 0.051 0.005 0.015 0.046
87 C 0.136 0.021 0.019 0.021 0.175 0.017 0.025 0.043 0.01 0.122 0.096 0.029 0.023 0.028 0.02 0.05 0.042 0.005 0.017 0.1
88 W 0.037 0.02 0.015 0.016 0.011 0.013 0.02 0.025 0.013 0.124 0.111 0.022 0.026 0.166 0.011 0.024 0.029 0.173 0.059 0.086
89 I 0.042 0.018 0.015 0.017 0.014 0.012 0.018 0.022 0.011 0.206 0.149 0.022 0.033 0.16 0.013 0.025 0.035 0.009 0.043 0.135
90 V 0.068 0.027 0.025 0.024 0.018 0.021 0.028 0.031 0.011 0.13 0.114 0.033 0.037 0.033 0.02 0.052 0.116 0.006 0.02 0.188
91 E 0.051 0.048 0.135 0.087 0.008 0.054 0.219 0.045 0.027 0.022 0.035 0.068 0.012 0.017 0.024 0.059 0.041 0.005 0.016 0.03
92 I 0.053 0.019 0.015 0.018 0.017 0.014 0.019 0.021 0.009 0.247 0.156 0.024 0.035 0.042 0.015 0.027 0.042 0.006 0.02 0.202
93 F 0.04 0.023 0.018 0.018 0.013 0.016 0.022 0.026 0.016 0.089 0.144 0.025 0.074 0.255 0.013 0.029 0.031 0.013 0.062 0.075
94 V 0.057 0.02 0.016 0.017 0.111 0.015 0.02 0.025 0.013 0.162 0.12 0.025 0.028 0.048 0.016 0.031 0.04 0.008 0.059 0.168
95 N 0.074 0.04 0.14 0.056 0.015 0.031 0.047 0.058 0.021 0.035 0.046 0.051 0.015 0.021 0.026 0.129 0.128 0.005 0.017 0.046
96 L 0.043 0.024 0.014 0.015 0.016 0.016 0.02 0.022 0.011 0.109 0.354 0.024 0.047 0.088 0.014 0.024 0.032 0.008 0.029 0.091
97 V 0.057 0.024 0.018 0.018 0.062 0.018 0.024 0.025 0.023 0.103 0.098 0.027 0.025 0.072 0.016 0.033 0.039 0.014 0.141 0.162
98 S 0.098 0.037 0.049 0.044 0.017 0.03 0.047 0.059 0.018 0.035 0.051 0.049 0.017 0.058 0.027 0.193 0.093 0.006 0.024 0.046
99 R 0.077 0.229 0.037 0.032 0.01 0.04 0.047 0.134 0.02 0.025 0.043 0.111 0.014 0.017 0.021 0.05 0.036 0.006 0.016 0.033
100 K 0.052 0.079 0.069 0.044 0.009 0.08 0.068 0.042 0.06 0.028 0.044 0.173 0.016 0.028 0.024 0.052 0.038 0.008 0.052 0.033
101 K 0.063 0.125 0.043 0.04 0.01 0.048 0.063 0.044 0.02 0.029 0.044 0.216 0.016 0.017 0.027 0.078 0.059 0.005 0.017 0.036
102 I 0.047 0.018 0.015 0.018 0.016 0.013 0.018 0.021 0.009 0.271 0.168 0.024 0.037 0.044 0.015 0.025 0.04 0.006 0.021 0.177
103 D 0.091 0.034 0.053 0.163 0.014 0.029 0.061 0.056 0.018 0.032 0.044 0.047 0.014 0.044 0.026 0.137 0.071 0.005 0.02 0.04
104 P 0.055 0.025 0.024 0.03 0.012 0.02 0.047 0.065 0.015 0.056 0.074 0.034 0.018 0.144 0.177 0.049 0.037 0.008 0.039 0.072
105 N 0.068 0.048 0.135 0.053 0.013 0.034 0.048 0.054 0.022 0.053 0.067 0.08 0.036 0.024 0.023 0.112 0.057 0.005 0.018 0.051
106 V 0.059 0.02 0.016 0.018 0.018 0.015 0.02 0.023 0.008 0.217 0.146 0.025 0.034 0.039 0.016 0.029 0.044 0.006 0.02 0.229
107 R 0.048 0.172 0.079 0.043 0.008 0.047 0.059 0.042 0.068 0.025 0.042 0.167 0.015 0.018 0.023 0.051 0.037 0.006 0.022 0.03
108 W 0.03 0.022 0.015 0.015 0.008 0.015 0.022 0.03 0.015 0.03 0.052 0.022 0.015 0.06 0.008 0.022 0.022 0.497 0.068 0.03
109 A 0.138 0.035 0.078 0.093 0.016 0.03 0.065 0.057 0.018 0.039 0.051 0.048 0.016 0.02 0.026 0.078 0.115 0.005 0.016 0.055
110 K 0.051 0.106 0.076 0.06 0.009 0.051 0.139 0.04 0.023 0.03 0.062 0.145 0.016 0.019 0.024 0.053 0.039 0.005 0.017 0.035
111 Y 0.038 0.026 0.022 0.019 0.01 0.019 0.026 0.026 0.057 0.048 0.081 0.028 0.021 0.211 0.014 0.03 0.027 0.023 0.228 0.047
112 Y 0.063 0.032 0.032 0.028 0.012 0.025 0.036 0.038 0.037 0.039 0.059 0.038 0.018 0.093 0.02 0.096 0.046 0.02 0.222 0.045
113 D 0.064 0.031 0.045 0.156 0.014 0.026 0.054 0.044 0.016 0.055 0.15 0.041 0.025 0.03 0.022 0.101 0.05 0.005 0.017 0.054
114 R 0.048 0.27 0.039 0.034 0.008 0.05 0.058 0.036 0.022 0.024 0.045 0.174 0.015 0.017 0.022 0.047 0.036 0.006 0.017 0.031
115 P 0.05 0.034 0.028 0.045 0.009 0.035 0.121 0.031 0.028 0.036 0.07 0.048 0.016 0.056 0.148 0.042 0.033 0.012 0.119 0.04
116 I 0.055 0.023 0.024 0.024 0.017 0.018 0.025 0.028 0.01 0.203 0.132 0.031 0.031 0.037 0.019 0.047 0.111 0.006 0.019 0.14
117 E 0.055 0.05 0.041 0.091 0.007 0.065 0.294 0.035 0.026 0.022 0.037 0.076 0.013 0.017 0.026 0.055 0.037 0.006 0.017 0.031
118 I 0.047 0.13 0.023 0.022 0.013 0.025 0.029 0.025 0.014 0.175 0.138 0.056 0.03 0.035 0.016 0.032 0.038 0.006 0.019 0.128
119 L 0.05 0.036 0.045 0.046 0.013 0.036 0.119 0.03 0.018 0.073 0.193 0.046 0.066 0.037 0.019 0.04 0.037 0.007 0.02 0.068
120 K 0.079 0.06 0.046 0.042 0.014 0.038 0.054 0.05 0.018 0.037 0.05 0.128 0.017 0.02 0.028 0.124 0.125 0.005 0.017 0.048
121 P 0.087 0.035 0.061 0.045 0.014 0.029 0.046 0.056 0.018 0.028 0.039 0.049 0.013 0.018 0.185 0.156 0.064 0.004 0.016 0.037
122 K 0.073 0.061 0.081 0.047 0.012 0.038 0.054 0.052 0.025 0.03 0.044 0.128 0.015 0.033 0.026 0.122 0.056 0.008 0.058 0.037
123 L 0.053 0.069 0.03 0.03 0.012 0.036 0.048 0.034 0.016 0.064 0.18 0.165 0.029 0.031 0.022 0.044 0.051 0.006 0.019 0.06
124 L 0.053 0.032 0.023 0.04 0.014 0.032 0.115 0.026 0.015 0.104 0.202 0.042 0.033 0.037 0.018 0.036 0.038 0.006 0.02 0.115
125 L 0.065 0.025 0.016 0.017 0.017 0.017 0.022 0.026 0.01 0.115 0.314 0.027 0.053 0.049 0.016 0.03 0.037 0.007 0.022 0.117
126 L 0.051 0.021 0.015 0.015 0.174 0.015 0.019 0.025 0.009 0.091 0.276 0.023 0.038 0.043 0.015 0.029 0.034 0.006 0.019 0.082
127 G 0.076 0.024 0.03 0.027 0.013 0.018 0.027 0.195 0.014 0.051 0.072 0.031 0.019 0.145 0.018 0.051 0.076 0.009 0.039 0.063
128 L 0.045 0.022 0.014 0.016 0.016 0.015 0.019 0.021 0.01 0.169 0.31 0.024 0.045 0.051 0.014 0.024 0.035 0.007 0.022 0.122
129 L 0.061 0.027 0.027 0.025 0.111 0.02 0.028 0.034 0.012 0.071 0.172 0.032 0.029 0.057 0.02 0.064 0.11 0.007 0.023 0.073
130 V 0.057 0.02 0.015 0.017 0.017 0.015 0.02 0.022 0.009 0.214 0.163 0.025 0.035 0.041 0.015 0.028 0.043 0.006 0.021 0.217
131 L 0.046 0.02 0.014 0.017 0.016 0.014 0.018 0.021 0.009 0.224 0.238 0.024 0.041 0.047 0.014 0.025 0.037 0.006 0.021 0.148
132 S 0.172 0.037 0.044 0.042 0.019 0.03 0.048 0.07 0.018 0.034 0.047 0.05 0.016 0.021 0.029 0.18 0.071 0.005 0.017 0.05
133 L 0.047 0.02 0.017 0.017 0.108 0.013 0.019 0.058 0.012 0.088 0.191 0.022 0.031 0.157 0.014 0.029 0.031 0.009 0.041 0.074
134 L 0.083 0.023 0.018 0.02 0.017 0.017 0.023 0.062 0.011 0.155 0.214 0.028 0.045 0.042 0.017 0.035 0.039 0.006 0.02 0.125
135 L 0.066 0.029 0.027 0.026 0.016 0.022 0.031 0.036 0.013 0.086 0.268 0.035 0.038 0.043 0.019 0.092 0.049 0.006 0.02 0.077
136 I 0.073 0.026 0.028 0.028 0.017 0.021 0.03 0.037 0.012 0.165 0.115 0.034 0.028 0.034 0.02 0.094 0.056 0.006 0.019 0.157
137 I 0.046 0.018 0.015 0.017 0.015 0.013 0.018 0.021 0.01 0.231 0.171 0.023 0.035 0.09 0.014 0.025 0.038 0.007 0.03 0.16
138 Y 0.04 0.028 0.022 0.019 0.009 0.022 0.028 0.025 0.046 0.043 0.068 0.031 0.019 0.13 0.015 0.031 0.028 0.028 0.325 0.046
139 Y 0.04 0.028 0.022 0.019 0.009 0.022 0.028 0.025 0.046 0.043 0.068 0.031 0.019 0.13 0.015 0.031 0.028 0.028 0.325 0.046
140 I 0.044 0.021 0.017 0.018 0.014 0.016 0.021 0.022 0.021 0.2 0.133 0.026 0.03 0.072 0.015 0.027 0.036 0.013 0.122 0.132
141 Y 0.071 0.029 0.03 0.028 0.015 0.023 0.034 0.038 0.024 0.086 0.082 0.037 0.022 0.062 0.02 0.097 0.052 0.013 0.121 0.115
142 T 0.078 0.036 0.039 0.035 0.017 0.029 0.04 0.045 0.016 0.061 0.1 0.045 0.068 0.031 0.024 0.118 0.125 0.006 0.02 0.068
143 I 0.047 0.018 0.015 0.018 0.016 0.013 0.018 0.02 0.009 0.278 0.166 0.023 0.036 0.044 0.015 0.025 0.039 0.006 0.02 0.175
144 H 0.063 0.038 0.043 0.035 0.011 0.031 0.044 0.043 0.142 0.032 0.049 0.043 0.016 0.06 0.021 0.1 0.045 0.013 0.133 0.037
145 P 0.056 0.026 0.023 0.031 0.01 0.02 0.036 0.036 0.013 0.026 0.036 0.041 0.01 0.013 0.499 0.043 0.036 0.003 0.013 0.031
146 A 0.234 0.034 0.035 0.036 0.02 0.028 0.044 0.074 0.016 0.038 0.053 0.047 0.017 0.021 0.029 0.132 0.06 0.005 0.017 0.059
147 P 0.056 0.026 0.023 0.031 0.01 0.02 0.036 0.036 0.013 0.026 0.036 0.041 0.01 0.013 0.499 0.043 0.036 0.003 0.013 0.031
148 L 0.044 0.024 0.014 0.015 0.016 0.016 0.02 0.021 0.01 0.114 0.382 0.025 0.049 0.054 0.014 0.024 0.033 0.007 0.022 0.095
149 L 0.053 0.029 0.024 0.022 0.013 0.023 0.029 0.031 0.026 0.067 0.134 0.034 0.071 0.118 0.017 0.058 0.039 0.015 0.132 0.065
150 L 0.051 0.031 0.02 0.02 0.016 0.027 0.027 0.027 0.015 0.111 0.193 0.035 0.16 0.047 0.016 0.035 0.04 0.008 0.024 0.097
151 A 0.183 0.025 0.021 0.024 0.019 0.02 0.03 0.051 0.012 0.137 0.104 0.035 0.026 0.031 0.023 0.057 0.046 0.006 0.019 0.131
152 L 0.039 0.022 0.015 0.016 0.013 0.013 0.019 0.023 0.013 0.09 0.256 0.022 0.038 0.212 0.012 0.025 0.029 0.012 0.053 0.076
153 L 0.057 0.046 0.033 0.033 0.014 0.077 0.052 0.035 0.017 0.064 0.164 0.066 0.029 0.031 0.022 0.057 0.109 0.006 0.02 0.067
154 G 0.078 0.023 0.039 0.033 0.011 0.019 0.025 0.515 0.013 0.019 0.028 0.033 0.009 0.016 0.019 0.051 0.029 0.005 0.011 0.024
155 A 0.211 0.03 0.024 0.026 0.017 0.024 0.036 0.06 0.025 0.043 0.062 0.04 0.018 0.057 0.025 0.066 0.042 0.013 0.12 0.061
156 S 0.086 0.036 0.058 0.167 0.014 0.032 0.065 0.059 0.019 0.027 0.037 0.05 0.013 0.019 0.027 0.169 0.066 0.005 0.015 0.036
157 S 0.172 0.037 0.044 0.042 0.019 0.03 0.048 0.07 0.018 0.034 0.047 0.05 0.016 0.021 0.029 0.18 0.071 0.005 0.017 0.05
158 D 0.039 0.027 0.049 0.254 0.008 0.026 0.081 0.038 0.018 0.036 0.057 0.038 0.015 0.141 0.019 0.043 0.032 0.008 0.037 0.035
159 I 0.07 0.039 0.037 0.046 0.014 0.058 0.097 0.041 0.018 0.11 0.083 0.053 0.023 0.027 0.023 0.102 0.053 0.006 0.019 0.083
160 V 0.063 0.021 0.016 0.018 0.018 0.015 0.022 0.023 0.008 0.194 0.139 0.025 0.033 0.038 0.016 0.03 0.046 0.006 0.02 0.249
161 A 0.159 0.035 0.041 0.038 0.019 0.029 0.044 0.062 0.016 0.042 0.055 0.048 0.017 0.022 0.029 0.135 0.128 0.005 0.017 0.06
162 L 0.052 0.021 0.015 0.017 0.017 0.015 0.02 0.022 0.009 0.193 0.228 0.025 0.039 0.045 0.015 0.027 0.04 0.006 0.021 0.175
163 R 0.044 0.351 0.038 0.031 0.008 0.048 0.052 0.033 0.023 0.023 0.046 0.119 0.015 0.017 0.019 0.044 0.035 0.006 0.017 0.031
164 R 0.044 0.351 0.038 0.031 0.008 0.048 0.052 0.033 0.023 0.023 0.046 0.119 0.015 0.017 0.019 0.044 0.035 0.006 0.017 0.031
165 L 0.043 0.031 0.117 0.037 0.014 0.022 0.03 0.036 0.017 0.084 0.265 0.034 0.036 0.042 0.016 0.039 0.038 0.006 0.02 0.072
166 E 0.054 0.048 0.042 0.11 0.007 0.062 0.289 0.035 0.025 0.022 0.036 0.073 0.013 0.016 0.025 0.054 0.036 0.005 0.016 0.031
167 V 0.062 0.02 0.016 0.018 0.018 0.015 0.021 0.023 0.008 0.201 0.141 0.025 0.033 0.038 0.016 0.03 0.046 0.006 0.02 0.242
168 T 0.072 0.035 0.043 0.037 0.018 0.027 0.039 0.043 0.014 0.053 0.064 0.045 0.02 0.023 0.027 0.092 0.254 0.006 0.018 0.07
169 K 0.056 0.087 0.041 0.057 0.008 0.057 0.148 0.04 0.022 0.026 0.041 0.215 0.014 0.016 0.027 0.054 0.038 0.005 0.017 0.032
170 D 0.039 0.029 0.102 0.21 0.009 0.024 0.058 0.043 0.02 0.036 0.057 0.038 0.015 0.141 0.018 0.046 0.035 0.008 0.038 0.035
171 Y 0.038 0.025 0.02 0.018 0.01 0.018 0.025 0.025 0.036 0.05 0.083 0.027 0.021 0.217 0.014 0.029 0.027 0.024 0.246 0.049
172 D 0.068 0.047 0.055 0.166 0.011 0.095 0.081 0.051 0.022 0.026 0.039 0.063 0.015 0.017 0.025 0.112 0.052 0.005 0.016 0.033
173 G 0.078 0.023 0.039 0.033 0.011 0.019 0.025 0.515 0.013 0.019 0.028 0.033 0.009 0.016 0.019 0.051 0.029 0.005 0.011 0.024
174 I 0.054 0.019 0.015 0.018 0.017 0.014 0.019 0.022 0.009 0.24 0.154 0.024 0.035 0.041 0.015 0.027 0.043 0.006 0.02 0.209
175 G 0.078 0.023 0.039 0.033 0.011 0.019 0.025 0.515 0.013 0.019 0.028 0.033 0.009 0.016 0.019 0.051 0.029 0.005 0.011 0.024
176 Y 0.042 0.024 0.019 0.018 0.011 0.019 0.024 0.023 0.034 0.122 0.101 0.028 0.024 0.101 0.015 0.029 0.032 0.02 0.223 0.089
177 F 0.038 0.018 0.016 0.017 0.012 0.011 0.018 0.024 0.014 0.135 0.131 0.02 0.029 0.277 0.012 0.025 0.03 0.013 0.065 0.095
178 K 0.056 0.106 0.041 0.041 0.009 0.053 0.07 0.043 0.02 0.027 0.043 0.285 0.015 0.015 0.027 0.053 0.039 0.005 0.017 0.032
179 G 0.074 0.031 0.042 0.036 0.015 0.024 0.034 0.2 0.014 0.041 0.052 0.041 0.016 0.021 0.024 0.078 0.179 0.006 0.015 0.055
180 L 0.045 0.022 0.014 0.016 0.016 0.015 0.019 0.021 0.01 0.169 0.31 0.024 0.045 0.051 0.014 0.024 0.035 0.007 0.022 0.122
181 A 0.234 0.034 0.035 0.036 0.02 0.028 0.044 0.074 0.016 0.038 0.053 0.047 0.017 0.021 0.029 0.132 0.06 0.005 0.017 0.059
182 L 0.058 0.023 0.023 0.023 0.015 0.017 0.023 0.156 0.011 0.138 0.193 0.029 0.032 0.038 0.016 0.045 0.037 0.006 0.018 0.099
183 I 0.054 0.019 0.015 0.018 0.017 0.014 0.019 0.022 0.009 0.24 0.154 0.024 0.035 0.041 0.015 0.027 0.043 0.006 0.02 0.209
184 L 0.041 0.021 0.015 0.016 0.014 0.014 0.019 0.022 0.012 0.119 0.263 0.023 0.039 0.166 0.013 0.025 0.031 0.01 0.044 0.092
185 P 0.053 0.023 0.02 0.026 0.012 0.018 0.03 0.031 0.011 0.11 0.079 0.035 0.019 0.023 0.337 0.037 0.037 0.004 0.015 0.079
186 C 0.059 0.037 0.027 0.028 0.171 0.084 0.047 0.033 0.016 0.094 0.083 0.046 0.023 0.024 0.019 0.045 0.054 0.005 0.017 0.089
187 I 0.047 0.018 0.015 0.018 0.016 0.013 0.018 0.02 0.009 0.278 0.166 0.023 0.036 0.044 0.015 0.025 0.039 0.006 0.02 0.175
188 L 0.052 0.023 0.015 0.016 0.017 0.016 0.021 0.022 0.01 0.127 0.28 0.025 0.042 0.07 0.015 0.027 0.038 0.007 0.026 0.153
189 S 0.172 0.037 0.044 0.042 0.019 0.03 0.048 0.07 0.018 0.034 0.047 0.05 0.016 0.021 0.029 0.18 0.071 0.005 0.017 0.05
190 Y 0.042 0.024 0.019 0.018 0.011 0.019 0.024 0.023 0.034 0.122 0.101 0.028 0.024 0.101 0.015 0.029 0.032 0.02 0.223 0.089
191 Y 0.048 0.024 0.02 0.018 0.169 0.018 0.024 0.027 0.033 0.044 0.067 0.027 0.018 0.093 0.016 0.034 0.031 0.02 0.22 0.05
192 C 0.057 0.027 0.027 0.024 0.14 0.02 0.028 0.033 0.023 0.048 0.069 0.032 0.019 0.083 0.019 0.053 0.105 0.013 0.123 0.057
193 F 0.037 0.021 0.016 0.016 0.012 0.012 0.019 0.024 0.014 0.08 0.203 0.021 0.033 0.28 0.012 0.025 0.028 0.013 0.066 0.068
194 L 0.046 0.02 0.014 0.017 0.016 0.014 0.018 0.021 0.009 0.224 0.238 0.024 0.041 0.047 0.014 0.025 0.037 0.006 0.021 0.148
195 R 0.064 0.14 0.038 0.033 0.011 0.034 0.044 0.041 0.029 0.032 0.052 0.068 0.016 0.056 0.021 0.101 0.048 0.013 0.12 0.039
196 Y 0.04 0.027 0.021 0.018 0.009 0.021 0.027 0.025 0.044 0.044 0.071 0.03 0.019 0.147 0.015 0.031 0.028 0.027 0.309 0.047
197 L 0.062 0.028 0.028 0.027 0.015 0.02 0.03 0.037 0.015 0.069 0.179 0.032 0.03 0.156 0.018 0.092 0.046 0.01 0.042 0.064
198 I 0.047 0.018 0.015 0.018 0.016 0.013 0.018 0.021 0.009 0.271 0.168 0.024 0.037 0.044 0.015 0.025 0.04 0.006 0.021 0.177
199 R 0.047 0.184 0.134 0.051 0.008 0.044 0.056 0.046 0.025 0.024 0.04 0.141 0.014 0.017 0.022 0.055 0.041 0.005 0.017 0.03
200 K 0.049 0.077 0.033 0.033 0.009 0.039 0.053 0.037 0.019 0.039 0.066 0.196 0.019 0.141 0.022 0.044 0.035 0.009 0.041 0.04
201 K 0.052 0.188 0.04 0.038 0.008 0.051 0.064 0.039 0.021 0.026 0.044 0.23 0.015 0.016 0.025 0.05 0.038 0.005 0.017 0.032
202 K 0.056 0.106 0.041 0.041 0.009 0.053 0.07 0.043 0.02 0.027 0.043 0.285 0.015 0.015 0.027 0.053 0.039 0.005 0.017 0.032
203 N 0.043 0.045 0.317 0.083 0.009 0.034 0.049 0.065 0.032 0.022 0.032 0.054 0.011 0.018 0.02 0.07 0.049 0.004 0.016 0.027
204 H 0.057 0.062 0.046 0.039 0.011 0.039 0.054 0.041 0.132 0.034 0.048 0.125 0.017 0.023 0.025 0.062 0.107 0.006 0.03 0.042
205 L 0.042 0.02 0.015 0.016 0.015 0.014 0.019 0.022 0.011 0.155 0.238 0.023 0.038 0.141 0.013 0.025 0.033 0.009 0.039 0.111
206 L 0.045 0.021 0.015 0.017 0.015 0.015 0.02 0.022 0.01 0.17 0.255 0.025 0.04 0.07 0.046 0.026 0.035 0.007 0.025 0.12
207 L 0.128 0.025 0.018 0.02 0.017 0.019 0.026 0.04 0.012 0.098 0.242 0.031 0.036 0.065 0.019 0.044 0.038 0.007 0.025 0.089
208 F 0.033 0.019 0.017 0.017 0.01 0.01 0.019 0.025 0.017 0.063 0.113 0.019 0.025 0.393 0.01 0.025 0.025 0.017 0.088 0.054
209 L 0.045 0.022 0.014 0.016 0.016 0.015 0.019 0.021 0.01 0.169 0.31 0.024 0.045 0.051 0.014 0.024 0.035 0.007 0.022 0.122
210 F 0.039 0.018 0.016 0.017 0.013 0.012 0.018 0.023 0.014 0.149 0.134 0.021 0.03 0.253 0.012 0.025 0.031 0.012 0.061 0.103
211 A 0.153 0.03 0.033 0.033 0.018 0.025 0.038 0.056 0.014 0.102 0.082 0.042 0.022 0.027 0.025 0.117 0.071 0.005 0.018 0.088
212 T 0.072 0.029 0.031 0.028 0.015 0.021 0.031 0.038 0.015 0.06 0.101 0.035 0.023 0.149 0.021 0.065 0.149 0.01 0.041 0.067
213 L 0.067 0.027 0.028 0.027 0.079 0.02 0.03 0.038 0.014 0.081 0.176 0.033 0.029 0.083 0.019 0.094 0.049 0.007 0.028 0.072
214 L 0.046 0.02 0.014 0.017 0.016 0.014 0.019 0.021 0.009 0.213 0.252 0.024 0.042 0.048 0.014 0.024 0.037 0.006 0.021 0.143
215 S 0.172 0.037 0.044 0.042 0.019 0.03 0.048 0.07 0.018 0.034 0.047 0.05 0.016 0.021 0.029 0.18 0.071 0.005 0.017 0.05
216 V 0.079 0.031 0.033 0.031 0.018 0.025 0.035 0.041 0.014 0.103 0.102 0.039 0.043 0.031 0.022 0.105 0.085 0.006 0.019 0.139
217 F 0.039 0.024 0.017 0.017 0.012 0.016 0.022 0.024 0.024 0.073 0.188 0.025 0.031 0.192 0.013 0.027 0.029 0.017 0.145 0.065
218 V 0.098 0.032 0.036 0.034 0.018 0.025 0.038 0.047 0.014 0.081 0.078 0.041 0.022 0.026 0.024 0.117 0.114 0.005 0.018 0.129
219 L 0.044 0.024 0.014 0.015 0.016 0.016 0.02 0.021 0.01 0.114 0.382 0.025 0.049 0.054 0.014 0.024 0.033 0.007 0.022 0.095
220 L 0.103 0.031 0.033 0.031 0.017 0.024 0.036 0.046 0.014 0.079 0.169 0.04 0.029 0.034 0.023 0.109 0.081 0.006 0.019 0.076
221 L 0.047 0.024 0.016 0.017 0.016 0.019 0.022 0.023 0.012 0.164 0.248 0.028 0.085 0.049 0.015 0.028 0.037 0.007 0.022 0.121
222 N 0.052 0.041 0.23 0.067 0.012 0.031 0.046 0.057 0.025 0.032 0.042 0.051 0.014 0.02 0.022 0.077 0.117 0.005 0.016 0.041
223 G 0.078 0.023 0.039 0.033 0.011 0.019 0.025 0.515 0.013 0.019 0.028 0.033 0.009 0.016 0.019 0.051 0.029 0.005 0.011 0.024
224 E 0.055 0.049 0.04 0.089 0.007 0.064 0.303 0.035 0.026 0.022 0.036 0.075 0.013 0.016 0.026 0.055 0.036 0.005 0.016 0.031
225 K 0.056 0.106 0.041 0.041 0.009 0.053 0.07 0.043 0.02 0.027 0.043 0.285 0.015 0.015 0.027 0.053 0.039 0.005 0.017 0.032
226 A 0.297 0.031 0.025 0.029 0.021 0.025 0.04 0.078 0.015 0.043 0.059 0.044 0.017 0.021 0.029 0.084 0.049 0.005 0.017 0.068
227 P 0.052 0.032 0.123 0.048 0.01 0.025 0.04 0.045 0.019 0.024 0.034 0.045 0.01 0.014 0.339 0.052 0.04 0.003 0.014 0.029
228 L 0.041 0.022 0.015 0.016 0.014 0.014 0.02 0.022 0.012 0.097 0.292 0.023 0.041 0.167 0.013 0.024 0.03 0.01 0.044 0.082
229 I 0.054 0.019 0.015 0.018 0.017 0.014 0.019 0.022 0.009 0.24 0.154 0.024 0.035 0.041 0.015 0.027 0.043 0.006 0.02 0.209
230 F 0.038 0.018 0.016 0.017 0.012 0.011 0.018 0.024 0.014 0.135 0.131 0.02 0.029 0.277 0.012 0.025 0.03 0.013 0.065 0.095
231 Y 0.038 0.025 0.02 0.018 0.01 0.018 0.025 0.025 0.036 0.05 0.083 0.027 0.021 0.217 0.014 0.029 0.027 0.024 0.246 0.049
232 V 0.05 0.019 0.016 0.017 0.015 0.013 0.02 0.023 0.011 0.168 0.136 0.023 0.031 0.157 0.014 0.027 0.038 0.009 0.043 0.169
233 L 0.041 0.02 0.015 0.016 0.014 0.013 0.019 0.022 0.012 0.152 0.22 0.022 0.037 0.164 0.013 0.025 0.033 0.01 0.043 0.108
234 G 0.088 0.028 0.044 0.038 0.013 0.023 0.034 0.365 0.015 0.022 0.033 0.04 0.011 0.018 0.022 0.11 0.047 0.005 0.013 0.03
235 L 0.045 0.022 0.014 0.016 0.016 0.015 0.019 0.021 0.01 0.169 0.31 0.024 0.045 0.051 0.014 0.024 0.035 0.007 0.022 0.122
236 L 0.046 0.02 0.014 0.017 0.016 0.014 0.018 0.021 0.009 0.224 0.238 0.024 0.041 0.047 0.014 0.025 0.037 0.006 0.021 0.148
237 V 0.061 0.022 0.016 0.017 0.018 0.016 0.022 0.023 0.009 0.147 0.213 0.026 0.037 0.042 0.016 0.03 0.044 0.006 0.021 0.216
238 S 0.109 0.04 0.054 0.048 0.017 0.033 0.052 0.066 0.019 0.029 0.041 0.054 0.016 0.021 0.029 0.228 0.081 0.005 0.017 0.041
239 Y 0.04 0.028 0.022 0.019 0.009 0.022 0.028 0.025 0.046 0.043 0.068 0.031 0.019 0.13 0.015 0.031 0.028 0.028 0.325 0.046
240 S 0.096 0.034 0.041 0.038 0.018 0.027 0.042 0.052 0.015 0.074 0.071 0.044 0.021 0.026 0.025 0.163 0.07 0.005 0.018 0.12
241 Y 0.041 0.028 0.022 0.019 0.009 0.022 0.028 0.025 0.047 0.044 0.069 0.031 0.019 0.131 0.016 0.031 0.028 0.028 0.315 0.047
242 S 0.097 0.038 0.05 0.045 0.017 0.031 0.048 0.058 0.017 0.037 0.049 0.051 0.017 0.022 0.029 0.182 0.139 0.005 0.017 0.051
243 V 0.069 0.022 0.016 0.018 0.019 0.016 0.023 0.024 0.008 0.163 0.129 0.026 0.031 0.035 0.016 0.033 0.049 0.005 0.02 0.276
244 R 0.067 0.231 0.044 0.037 0.011 0.043 0.053 0.044 0.022 0.025 0.044 0.108 0.015 0.018 0.023 0.106 0.05 0.006 0.017 0.034
245 P 0.055 0.063 0.037 0.071 0.009 0.043 0.107 0.039 0.019 0.025 0.038 0.146 0.013 0.015 0.184 0.05 0.037 0.004 0.015 0.031
246 I 0.056 0.019 0.015 0.018 0.017 0.014 0.02 0.022 0.008 0.232 0.151 0.024 0.034 0.04 0.015 0.028 0.043 0.006 0.02 0.215
247 N 0.064 0.063 0.138 0.056 0.012 0.039 0.055 0.055 0.023 0.029 0.042 0.13 0.015 0.018 0.025 0.098 0.08 0.005 0.017 0.037
248 K 0.049 0.077 0.033 0.033 0.009 0.039 0.053 0.037 0.019 0.039 0.066 0.196 0.019 0.141 0.022 0.044 0.035 0.009 0.041 0.04
249 K 0.056 0.106 0.041 0.041 0.009 0.053 0.07 0.043 0.02 0.027 0.043 0.285 0.015 0.015 0.027 0.053 0.039 0.005 0.017 0.032
250 V 0.055 0.023 0.018 0.018 0.015 0.017 0.024 0.024 0.021 0.146 0.116 0.027 0.028 0.068 0.016 0.03 0.04 0.013 0.122 0.179
251 L 0.046 0.026 0.019 0.019 0.014 0.021 0.024 0.024 0.024 0.14 0.143 0.03 0.075 0.074 0.015 0.03 0.036 0.014 0.123 0.104
252 L 0.072 0.028 0.028 0.027 0.017 0.021 0.031 0.037 0.013 0.096 0.183 0.034 0.032 0.061 0.02 0.094 0.053 0.007 0.024 0.123
253 F 0.033 0.019 0.017 0.017 0.01 0.01 0.019 0.025 0.017 0.063 0.113 0.019 0.025 0.393 0.01 0.025 0.025 0.017 0.088 0.054
254 L 0.079 0.026 0.026 0.026 0.017 0.02 0.029 0.037 0.012 0.142 0.198 0.033 0.034 0.04 0.019 0.083 0.049 0.006 0.02 0.106
255 G 0.102 0.023 0.025 0.025 0.013 0.017 0.025 0.198 0.014 0.051 0.11 0.03 0.021 0.148 0.017 0.045 0.032 0.009 0.039 0.052
256 L 0.045 0.026 0.016 0.017 0.015 0.019 0.022 0.024 0.013 0.102 0.284 0.028 0.086 0.097 0.014 0.028 0.034 0.009 0.031 0.089
257 L 0.046 0.02 0.014 0.017 0.016 0.014 0.018 0.021 0.009 0.224 0.238 0.024 0.041 0.047 0.014 0.025 0.037 0.006 0.021 0.148
258 I 0.047 0.018 0.015 0.018 0.016 0.013 0.018 0.02 0.009 0.278 0.166 0.023 0.036 0.044 0.015 0.025 0.039 0.006 0.02 0.175
259 F 0.038 0.018 0.016 0.017 0.012 0.011 0.018 0.024 0.014 0.135 0.131 0.02 0.029 0.277 0.012 0.025 0.03 0.013 0.065 0.095
260 L 0.057 0.026 0.026 0.025 0.014 0.018 0.028 0.035 0.015 0.071 0.184 0.03 0.031 0.181 0.017 0.079 0.043 0.01 0.047 0.065
261 L 0.045 0.019 0.015 0.017 0.016 0.014 0.018 0.021 0.01 0.22 0.22 0.024 0.039 0.07 0.014 0.025 0.037 0.007 0.025 0.146
262 I 0.047 0.018 0.015 0.018 0.016 0.014 0.018 0.021 0.009 0.266 0.168 0.024 0.045 0.044 0.015 0.025 0.039 0.006 0.021 0.169
263 L 0.04 0.022 0.015 0.016 0.014 0.014 0.02 0.023 0.013 0.094 0.274 0.023 0.04 0.19 0.013 0.024 0.03 0.011 0.048 0.079
264 L 0.047 0.025 0.019 0.019 0.014 0.019 0.023 0.026 0.014 0.113 0.163 0.028 0.076 0.16 0.015 0.033 0.049 0.01 0.044 0.101
265 L 0.049 0.029 0.018 0.018 0.016 0.024 0.025 0.026 0.014 0.104 0.257 0.032 0.129 0.05 0.015 0.032 0.038 0.008 0.023 0.093
266 Y 0.04 0.028 0.022 0.019 0.009 0.022 0.028 0.025 0.046 0.043 0.068 0.031 0.019 0.13 0.015 0.031 0.028 0.028 0.325 0.046
267 I 0.05 0.018 0.015 0.018 0.016 0.014 0.018 0.021 0.009 0.263 0.161 0.024 0.036 0.043 0.015 0.026 0.041 0.006 0.02 0.188
268 V 0.053 0.02 0.016 0.017 0.016 0.014 0.021 0.024 0.011 0.153 0.131 0.023 0.03 0.156 0.014 0.029 0.039 0.009 0.043 0.182
269 L 0.045 0.022 0.014 0.016 0.016 0.015 0.019 0.021 0.01 0.169 0.31 0.024 0.045 0.051 0.014 0.024 0.035 0.007 0.022 0.122
270 F 0.04 0.023 0.018 0.018 0.012 0.016 0.022 0.026 0.016 0.075 0.14 0.024 0.073 0.278 0.012 0.029 0.03 0.014 0.067 0.067
271 Q 0.051 0.063 0.137 0.059 0.009 0.159 0.084 0.049 0.03 0.025 0.041 0.078 0.017 0.016 0.022 0.06 0.043 0.005 0.019 0.032
272 F 0.059 0.026 0.029 0.027 0.013 0.018 0.03 0.039 0.017 0.052 0.089 0.03 0.022 0.269 0.017 0.093 0.044 0.013 0.064 0.05
273 D 0.063 0.033 0.063 0.285 0.011 0.031 0.078 0.053 0.019 0.025 0.032 0.047 0.011 0.017 0.025 0.11 0.05 0.004 0.013 0.03
274 D 0.047 0.031 0.1 0.186 0.011 0.026 0.056 0.043 0.018 0.053 0.147 0.04 0.023 0.029 0.02 0.058 0.04 0.005 0.016 0.049
275 S 0.097 0.037 0.047 0.043 0.017 0.03 0.047 0.058 0.018 0.038 0.075 0.049 0.018 0.023 0.075 0.188 0.072 0.005 0.017 0.046
276 N 0.043 0.042 0.254 0.147 0.009 0.035 0.074 0.059 0.028 0.022 0.031 0.053 0.011 0.017 0.021 0.065 0.045 0.004 0.015 0.026
277 Y 0.041 0.033 0.122 0.04 0.009 0.026 0.035 0.038 0.041 0.036 0.056 0.038 0.016 0.092 0.017 0.044 0.035 0.02 0.222 0.04
278 L 0.048 0.024 0.016 0.018 0.016 0.019 0.022 0.023 0.011 0.175 0.233 0.028 0.084 0.048 0.015 0.028 0.038 0.007 0.022 0.126
279 L 0.044 0.024 0.014 0.015 0.016 0.016 0.02 0.021 0.01 0.125 0.367 0.025 0.048 0.053 0.014 0.024 0.033 0.007 0.022 0.101
280 Y 0.038 0.026 0.04 0.022 0.01 0.019 0.026 0.027 0.035 0.048 0.08 0.028 0.02 0.21 0.014 0.032 0.028 0.023 0.225 0.048
281 I 0.05 0.047 0.023 0.025 0.014 0.026 0.035 0.028 0.013 0.195 0.125 0.111 0.029 0.034 0.019 0.034 0.039 0.006 0.019 0.127
282 L 0.046 0.02 0.014 0.017 0.016 0.014 0.018 0.021 0.009 0.224 0.238 0.024 0.041 0.047 0.014 0.025 0.037 0.006 0.021 0.148
283 I 0.051 0.029 0.12 0.04 0.014 0.021 0.031 0.037 0.016 0.155 0.107 0.035 0.026 0.032 0.018 0.046 0.059 0.005 0.019 0.139
284 E 0.055 0.049 0.04 0.089 0.007 0.064 0.303 0.035 0.026 0.022 0.036 0.075 0.013 0.016 0.026 0.055 0.036 0.005 0.016 0.031
285 R 0.044 0.351 0.038 0.031 0.008 0.048 0.052 0.033 0.023 0.023 0.046 0.119 0.015 0.017 0.019 0.044 0.035 0.006 0.017 0.031
286 L 0.046 0.02 0.014 0.017 0.016 0.014 0.018 0.021 0.009 0.224 0.238 0.024 0.041 0.047 0.014 0.025 0.037 0.006 0.021 0.148
287 F 0.033 0.019 0.017 0.017 0.01 0.01 0.019 0.025 0.017 0.063 0.113 0.019 0.025 0.393 0.01 0.025 0.025 0.017 0.088 0.054
288 I 0.054 0.019 0.015 0.018 0.017 0.014 0.019 0.022 0.009 0.24 0.154 0.024 0.035 0.041 0.015 0.027 0.043 0.006 0.02 0.209
289 A 0.297 0.031 0.025 0.029 0.021 0.025 0.04 0.078 0.015 0.043 0.059 0.044 0.017 0.021 0.029 0.084 0.049 0.005 0.017 0.068
290 Q 0.055 0.073 0.044 0.047 0.009 0.222 0.102 0.041 0.029 0.026 0.047 0.09 0.02 0.015 0.023 0.055 0.041 0.006 0.02 0.035
291 E 0.135 0.043 0.035 0.069 0.012 0.051 0.216 0.049 0.022 0.029 0.044 0.065 0.014 0.018 0.027 0.064 0.041 0.005 0.017 0.043
292 I 0.13 0.022 0.018 0.021 0.018 0.017 0.025 0.039 0.011 0.2 0.13 0.03 0.03 0.036 0.02 0.045 0.043 0.006 0.019 0.139
293 A 0.234 0.034 0.035 0.036 0.02 0.028 0.044 0.074 0.016 0.038 0.053 0.047 0.017 0.021 0.029 0.132 0.06 0.005 0.017 0.059
294 V 0.065 0.023 0.019 0.022 0.016 0.018 0.027 0.028 0.01 0.117 0.098 0.031 0.024 0.028 0.177 0.036 0.045 0.004 0.018 0.194
295 F 0.033 0.019 0.017 0.017 0.01 0.01 0.019 0.025 0.017 0.063 0.113 0.019 0.025 0.393 0.01 0.025 0.025 0.017 0.088 0.054
296 Y 0.041 0.027 0.019 0.017 0.011 0.02 0.025 0.023 0.034 0.067 0.172 0.029 0.029 0.104 0.015 0.029 0.03 0.021 0.224 0.063
297 A 0.234 0.034 0.035 0.036 0.02 0.028 0.044 0.074 0.016 0.038 0.053 0.047 0.017 0.021 0.029 0.132 0.06 0.005 0.017 0.059
298 A 0.209 0.027 0.022 0.025 0.018 0.02 0.033 0.06 0.015 0.049 0.077 0.036 0.02 0.145 0.023 0.064 0.041 0.009 0.041 0.064
299 D 0.041 0.03 0.068 0.403 0.007 0.03 0.09 0.046 0.019 0.022 0.028 0.044 0.009 0.015 0.022 0.052 0.035 0.004 0.011 0.024
300 Y 0.04 0.028 0.022 0.019 0.009 0.022 0.028 0.025 0.046 0.043 0.068 0.031 0.019 0.13 0.015 0.031 0.028 0.028 0.325 0.046
301 F 0.036 0.022 0.018 0.017 0.01 0.014 0.022 0.025 0.027 0.056 0.098 0.023 0.023 0.305 0.012 0.027 0.026 0.02 0.167 0.052
302 T 0.076 0.031 0.037 0.034 0.017 0.024 0.036 0.043 0.014 0.12 0.091 0.041 0.024 0.029 0.024 0.115 0.125 0.006 0.018 0.096
303 N 0.062 0.051 0.138 0.057 0.012 0.095 0.065 0.052 0.025 0.031 0.044 0.064 0.016 0.018 0.024 0.09 0.092 0.005 0.018 0.04
304 H 0.042 0.045 0.053 0.038 0.008 0.038 0.053 0.038 0.361 0.023 0.038 0.045 0.015 0.03 0.019 0.042 0.026 0.008 0.057 0.023
305 N 0.056 0.053 0.194 0.066 0.01 0.096 0.067 0.057 0.029 0.025 0.038 0.066 0.015 0.017 0.022 0.086 0.051 0.005 0.017 0.031
306 F 0.057 0.022 0.019 0.019 0.013 0.014 0.022 0.029 0.015 0.074 0.143 0.024 0.028 0.275 0.014 0.034 0.045 0.013 0.065 0.077
307 L 0.045 0.022 0.014 0.016 0.016 0.015 0.019 0.021 0.01 0.169 0.31 0.024 0.045 0.051 0.014 0.024 0.035 0.007 0.022 0.122
308 G 0.065 0.024 0.033 0.028 0.01 0.02 0.026 0.352 0.024 0.027 0.041 0.033 0.012 0.054 0.018 0.044 0.029 0.013 0.115 0.031
309 L 0.042 0.025 0.017 0.017 0.014 0.018 0.022 0.025 0.015 0.089 0.212 0.026 0.079 0.188 0.013 0.028 0.032 0.011 0.049 0.078
310 S 0.087 0.041 0.144 0.06 0.015 0.033 0.051 0.065 0.023 0.027 0.038 0.053 0.014 0.02 0.026 0.175 0.07 0.005 0.017 0.037
311 S 0.097 0.038 0.05 0.045 0.017 0.031 0.048 0.058 0.017 0.037 0.049 0.051 0.017 0.022 0.029 0.182 0.139 0.005 0.017 0.051
312 L 0.049 0.029 0.018 0.018 0.016 0.024 0.025 0.026 0.014 0.104 0.257 0.032 0.129 0.05 0.015 0.032 0.038 0.008 0.023 0.093
313 D 0.045 0.036 0.059 0.299 0.007 0.041 0.161 0.042 0.021 0.022 0.031 0.054 0.01 0.015 0.023 0.053 0.036 0.004 0.013 0.026
314 N 0.074 0.04 0.14 0.056 0.015 0.031 0.047 0.058 0.021 0.035 0.046 0.051 0.015 0.021 0.026 0.129 0.128 0.005 0.017 0.046
315 V 0.076 0.027 0.028 0.028 0.018 0.021 0.031 0.037 0.012 0.149 0.11 0.034 0.027 0.033 0.02 0.096 0.057 0.005 0.019 0.171
316 F 0.038 0.018 0.016 0.017 0.012 0.011 0.018 0.024 0.014 0.135 0.131 0.02 0.029 0.277 0.012 0.025 0.03 0.013 0.065 0.095
317 N 0.039 0.036 0.221 0.06 0.009 0.026 0.039 0.051 0.026 0.036 0.058 0.042 0.016 0.143 0.017 0.054 0.041 0.009 0.04 0.036
318 K 0.056 0.106 0.041 0.041 0.009 0.053 0.07 0.043 0.02 0.027 0.043 0.285 0.015 0.015 0.027 0.053 0.039 0.005 0.017 0.032
319 L 0.046 0.02 0.014 0.017 0.016 0.014 0.019 0.021 0.009 0.213 0.252 0.024 0.042 0.048 0.014 0.024 0.037 0.006 0.021 0.143
320 F 0.037 0.021 0.016 0.016 0.012 0.012 0.019 0.024 0.014 0.08 0.203 0.021 0.033 0.28 0.012 0.025 0.028 0.013 0.066 0.068
