#Seq2Logo.py -f /work3/idamei/ssn-clusterings/clustering/2205111339/clusters/0004_311/sequences.afa -o /work3/idamei/ssn-clusterings/clustering/2205111339/clusters/0004_311/sequences.logo
#Position Specific Frequency Matrix
A R N D C Q E G H I L K M F P S T W Y V
0 L 0.052 0.032 0.02 0.02 0.016 0.028 0.028 0.028 0.016 0.099 0.195 0.036 0.169 0.048 0.016 0.036 0.04 0.008 0.024 0.091
1 N 0.054 0.032 0.127 0.046 0.014 0.025 0.035 0.043 0.018 0.118 0.087 0.041 0.022 0.028 0.021 0.062 0.114 0.005 0.018 0.091
2 D 0.049 0.068 0.055 0.221 0.008 0.041 0.081 0.045 0.02 0.025 0.035 0.163 0.012 0.015 0.025 0.053 0.037 0.004 0.014 0.028
3 K 0.056 0.106 0.041 0.041 0.009 0.053 0.07 0.043 0.02 0.027 0.043 0.285 0.015 0.015 0.027 0.053 0.039 0.005 0.017 0.032
4 N 0.047 0.054 0.23 0.07 0.009 0.096 0.067 0.057 0.03 0.024 0.036 0.066 0.014 0.017 0.021 0.064 0.046 0.005 0.017 0.029
5 E 0.136 0.062 0.036 0.053 0.012 0.047 0.138 0.052 0.02 0.031 0.046 0.135 0.015 0.018 0.027 0.064 0.042 0.005 0.017 0.044
6 S 0.11 0.04 0.054 0.049 0.018 0.033 0.052 0.066 0.019 0.03 0.042 0.054 0.016 0.021 0.03 0.22 0.082 0.005 0.018 0.042
7 Y 0.04 0.028 0.022 0.019 0.009 0.022 0.028 0.025 0.047 0.044 0.068 0.031 0.019 0.131 0.016 0.031 0.028 0.028 0.318 0.047
8 P 0.057 0.026 0.023 0.031 0.01 0.021 0.036 0.036 0.013 0.026 0.036 0.041 0.01 0.013 0.494 0.044 0.036 0.003 0.013 0.031
9 L 0.045 0.024 0.014 0.015 0.016 0.016 0.02 0.021 0.01 0.115 0.375 0.025 0.05 0.055 0.014 0.024 0.033 0.007 0.022 0.096
10 E 0.055 0.05 0.04 0.09 0.007 0.064 0.296 0.035 0.026 0.022 0.037 0.076 0.013 0.017 0.026 0.055 0.037 0.006 0.017 0.031
11 R 0.045 0.345 0.039 0.031 0.008 0.048 0.052 0.033 0.023 0.023 0.047 0.12 0.016 0.017 0.019 0.045 0.035 0.006 0.017 0.031
12 L 0.049 0.022 0.016 0.016 0.015 0.014 0.021 0.024 0.012 0.113 0.208 0.023 0.035 0.161 0.014 0.027 0.036 0.01 0.043 0.142
13 L 0.044 0.023 0.017 0.017 0.014 0.017 0.022 0.022 0.022 0.145 0.205 0.026 0.035 0.076 0.015 0.027 0.033 0.014 0.122 0.105
14 N 0.069 0.063 0.139 0.057 0.012 0.04 0.057 0.058 0.024 0.026 0.038 0.131 0.014 0.018 0.026 0.117 0.056 0.005 0.017 0.034
15 L 0.064 0.03 0.03 0.027 0.014 0.023 0.033 0.037 0.025 0.062 0.164 0.037 0.028 0.068 0.02 0.094 0.047 0.013 0.121 0.061
16 L 0.043 0.025 0.017 0.016 0.014 0.018 0.023 0.022 0.022 0.091 0.277 0.027 0.039 0.079 0.015 0.026 0.031 0.014 0.123 0.079
17 L 0.041 0.022 0.015 0.016 0.014 0.014 0.02 0.022 0.012 0.097 0.292 0.023 0.041 0.167 0.013 0.024 0.03 0.01 0.044 0.082
18 L 0.044 0.023 0.017 0.017 0.014 0.017 0.022 0.022 0.022 0.145 0.205 0.026 0.035 0.076 0.015 0.027 0.033 0.014 0.122 0.105
19 F 0.046 0.024 0.025 0.024 0.013 0.016 0.026 0.031 0.016 0.059 0.097 0.028 0.023 0.27 0.016 0.047 0.101 0.013 0.064 0.06
20 S 0.088 0.032 0.041 0.038 0.017 0.026 0.04 0.051 0.016 0.112 0.083 0.043 0.023 0.028 0.024 0.16 0.067 0.005 0.018 0.086
21 L 0.045 0.022 0.014 0.016 0.016 0.015 0.019 0.021 0.01 0.169 0.31 0.024 0.045 0.051 0.014 0.024 0.035 0.007 0.022 0.122
22 L 0.041 0.022 0.015 0.016 0.014 0.014 0.02 0.022 0.012 0.097 0.292 0.023 0.041 0.167 0.013 0.024 0.03 0.01 0.044 0.082
23 L 0.041 0.02 0.015 0.016 0.014 0.013 0.019 0.022 0.012 0.152 0.22 0.022 0.037 0.164 0.013 0.025 0.033 0.01 0.043 0.108
24 P 0.056 0.026 0.023 0.031 0.01 0.02 0.036 0.036 0.013 0.026 0.036 0.041 0.01 0.013 0.499 0.043 0.036 0.003 0.013 0.031
25 L 0.052 0.057 0.034 0.036 0.011 0.154 0.075 0.034 0.023 0.056 0.158 0.069 0.03 0.028 0.02 0.045 0.038 0.006 0.021 0.055
26 L 0.047 0.027 0.016 0.017 0.016 0.02 0.023 0.023 0.012 0.109 0.319 0.029 0.089 0.052 0.015 0.028 0.035 0.007 0.023 0.094
27 P 0.056 0.026 0.023 0.031 0.01 0.02 0.036 0.036 0.013 0.026 0.036 0.041 0.01 0.013 0.499 0.043 0.036 0.003 0.013 0.031
28 P 0.078 0.029 0.031 0.032 0.016 0.023 0.037 0.042 0.013 0.073 0.069 0.04 0.019 0.023 0.181 0.101 0.055 0.004 0.017 0.116
29 I 0.054 0.019 0.015 0.018 0.017 0.014 0.019 0.022 0.009 0.24 0.154 0.024 0.035 0.041 0.015 0.027 0.043 0.006 0.02 0.209
30 F 0.04 0.023 0.018 0.018 0.012 0.016 0.022 0.026 0.016 0.075 0.14 0.024 0.073 0.278 0.012 0.029 0.03 0.014 0.067 0.067
31 G 0.058 0.047 0.135 0.054 0.009 0.092 0.059 0.207 0.025 0.022 0.035 0.059 0.014 0.016 0.021 0.058 0.04 0.005 0.016 0.029
32 R 0.044 0.249 0.133 0.048 0.008 0.043 0.051 0.043 0.026 0.023 0.041 0.097 0.014 0.017 0.019 0.052 0.039 0.005 0.017 0.029
33 S 0.109 0.04 0.054 0.048 0.017 0.033 0.052 0.066 0.019 0.029 0.041 0.054 0.016 0.021 0.029 0.228 0.081 0.005 0.017 0.041
34 E 0.055 0.057 0.041 0.075 0.008 0.117 0.236 0.037 0.027 0.023 0.04 0.08 0.015 0.016 0.025 0.055 0.038 0.006 0.018 0.032
35 L 0.049 0.024 0.017 0.017 0.015 0.018 0.022 0.025 0.013 0.109 0.205 0.026 0.07 0.133 0.014 0.029 0.037 0.009 0.038 0.13
36 H 0.041 0.045 0.053 0.038 0.007 0.038 0.053 0.038 0.365 0.023 0.038 0.045 0.015 0.03 0.019 0.041 0.026 0.007 0.056 0.023
37 I 0.052 0.018 0.015 0.017 0.017 0.014 0.019 0.021 0.009 0.252 0.156 0.024 0.035 0.041 0.015 0.027 0.042 0.006 0.02 0.2
38 N 0.042 0.044 0.327 0.082 0.009 0.033 0.049 0.064 0.031 0.022 0.031 0.053 0.011 0.018 0.02 0.069 0.049 0.004 0.015 0.027
39 I 0.046 0.017 0.014 0.017 0.016 0.013 0.017 0.02 0.009 0.282 0.165 0.023 0.036 0.044 0.014 0.025 0.039 0.006 0.02 0.174
40 Y 0.048 0.025 0.018 0.017 0.013 0.019 0.025 0.024 0.028 0.09 0.162 0.028 0.029 0.087 0.015 0.029 0.034 0.017 0.175 0.117
41 G 0.125 0.027 0.025 0.025 0.017 0.022 0.029 0.162 0.013 0.081 0.102 0.035 0.058 0.03 0.02 0.051 0.042 0.006 0.018 0.116
42 V 0.112 0.022 0.018 0.02 0.017 0.016 0.025 0.037 0.012 0.137 0.116 0.028 0.027 0.124 0.018 0.041 0.041 0.008 0.036 0.144
43 L 0.13 0.029 0.027 0.027 0.018 0.023 0.034 0.047 0.013 0.087 0.153 0.037 0.028 0.033 0.022 0.093 0.053 0.006 0.019 0.121
44 L 0.05 0.023 0.015 0.016 0.017 0.016 0.021 0.022 0.009 0.126 0.321 0.025 0.044 0.049 0.015 0.026 0.037 0.007 0.022 0.141
45 S 0.09 0.034 0.044 0.04 0.016 0.027 0.043 0.055 0.018 0.038 0.059 0.045 0.018 0.114 0.025 0.18 0.067 0.008 0.035 0.045
46 V 0.054 0.02 0.016 0.017 0.016 0.014 0.021 0.023 0.01 0.167 0.134 0.023 0.031 0.127 0.014 0.029 0.04 0.008 0.037 0.197
47 L 0.049 0.024 0.022 0.022 0.015 0.017 0.024 0.027 0.012 0.128 0.182 0.028 0.032 0.129 0.017 0.041 0.089 0.009 0.037 0.098
48 L 0.073 0.03 0.032 0.029 0.017 0.023 0.033 0.038 0.013 0.089 0.155 0.037 0.029 0.033 0.022 0.095 0.105 0.006 0.019 0.121
49 L 0.05 0.023 0.015 0.016 0.017 0.016 0.021 0.022 0.009 0.126 0.321 0.025 0.044 0.049 0.015 0.026 0.037 0.007 0.022 0.141
50 L 0.039 0.021 0.015 0.016 0.013 0.013 0.019 0.023 0.013 0.088 0.249 0.022 0.037 0.225 0.012 0.024 0.029 0.012 0.055 0.074
51 L 0.048 0.043 0.021 0.022 0.014 0.024 0.032 0.026 0.012 0.134 0.244 0.09 0.037 0.042 0.017 0.031 0.036 0.006 0.02 0.099
52 Y 0.038 0.025 0.02 0.018 0.009 0.019 0.025 0.025 0.039 0.048 0.079 0.028 0.02 0.196 0.014 0.029 0.027 0.025 0.268 0.048
53 R 0.063 0.194 0.038 0.035 0.011 0.037 0.048 0.041 0.019 0.025 0.042 0.083 0.014 0.017 0.142 0.091 0.046 0.005 0.016 0.033
54 F 0.054 0.053 0.034 0.032 0.012 0.03 0.043 0.037 0.017 0.048 0.073 0.116 0.02 0.144 0.022 0.057 0.106 0.009 0.041 0.052
55 N 0.049 0.075 0.184 0.061 0.009 0.043 0.059 0.053 0.026 0.025 0.037 0.171 0.013 0.017 0.024 0.061 0.044 0.005 0.016 0.029
56 L 0.042 0.021 0.015 0.016 0.015 0.014 0.019 0.022 0.011 0.143 0.262 0.023 0.04 0.137 0.013 0.024 0.033 0.009 0.038 0.104
57 D 0.053 0.117 0.047 0.141 0.01 0.042 0.122 0.039 0.02 0.03 0.043 0.07 0.014 0.018 0.023 0.06 0.091 0.005 0.016 0.039
58 K 0.05 0.07 0.106 0.045 0.01 0.039 0.052 0.043 0.02 0.048 0.125 0.164 0.023 0.026 0.022 0.05 0.04 0.005 0.018 0.047
59 L 0.062 0.049 0.032 0.031 0.013 0.031 0.042 0.038 0.024 0.053 0.134 0.099 0.025 0.055 0.021 0.085 0.045 0.011 0.096 0.054
60 R 0.043 0.194 0.104 0.039 0.01 0.036 0.043 0.038 0.022 0.045 0.127 0.079 0.023 0.026 0.018 0.045 0.038 0.006 0.018 0.046
61 F 0.059 0.04 0.034 0.032 0.011 0.073 0.05 0.039 0.028 0.04 0.067 0.048 0.02 0.14 0.02 0.086 0.043 0.014 0.113 0.044
62 V 0.048 0.103 0.021 0.021 0.013 0.022 0.028 0.026 0.014 0.132 0.113 0.047 0.027 0.123 0.015 0.032 0.037 0.008 0.036 0.135
63 I 0.048 0.046 0.099 0.039 0.012 0.028 0.038 0.037 0.017 0.153 0.101 0.097 0.025 0.03 0.019 0.043 0.042 0.005 0.018 0.102
64 P 0.051 0.021 0.019 0.024 0.013 0.017 0.027 0.028 0.011 0.154 0.101 0.032 0.023 0.028 0.258 0.034 0.037 0.004 0.017 0.102
65 L 0.041 0.023 0.015 0.015 0.015 0.015 0.02 0.022 0.012 0.101 0.317 0.023 0.043 0.139 0.013 0.024 0.031 0.009 0.038 0.085
66 G 0.066 0.024 0.028 0.026 0.016 0.019 0.026 0.151 0.011 0.129 0.096 0.032 0.024 0.03 0.019 0.05 0.094 0.006 0.017 0.137
67 Y 0.038 0.025 0.02 0.018 0.009 0.019 0.025 0.025 0.039 0.048 0.079 0.028 0.02 0.196 0.014 0.029 0.027 0.025 0.268 0.048
68 F 0.035 0.021 0.018 0.017 0.01 0.013 0.021 0.025 0.024 0.058 0.101 0.022 0.023 0.329 0.012 0.026 0.026 0.019 0.148 0.052
69 F 0.036 0.02 0.016 0.016 0.012 0.012 0.019 0.024 0.015 0.075 0.181 0.02 0.031 0.31 0.011 0.025 0.027 0.014 0.071 0.064
70 L 0.082 0.031 0.034 0.032 0.017 0.024 0.037 0.044 0.014 0.084 0.149 0.039 0.028 0.033 0.022 0.13 0.061 0.006 0.019 0.114
71 L 0.041 0.028 0.093 0.032 0.013 0.019 0.027 0.033 0.017 0.078 0.228 0.03 0.033 0.13 0.015 0.035 0.035 0.009 0.037 0.068
72 Q 0.055 0.072 0.043 0.046 0.009 0.226 0.101 0.041 0.029 0.026 0.046 0.09 0.02 0.014 0.023 0.055 0.041 0.006 0.02 0.035
73 V 0.053 0.018 0.016 0.017 0.134 0.013 0.019 0.025 0.01 0.138 0.118 0.022 0.027 0.124 0.014 0.031 0.037 0.008 0.035 0.141
74 L 0.041 0.023 0.015 0.015 0.015 0.015 0.02 0.022 0.012 0.101 0.317 0.023 0.043 0.139 0.013 0.024 0.031 0.009 0.038 0.085
75 L 0.044 0.022 0.014 0.016 0.016 0.015 0.019 0.021 0.01 0.156 0.33 0.025 0.046 0.051 0.014 0.024 0.034 0.007 0.022 0.115
76 L 0.042 0.019 0.015 0.017 0.015 0.013 0.018 0.022 0.011 0.185 0.207 0.023 0.037 0.134 0.013 0.025 0.034 0.009 0.038 0.124
77 L 0.052 0.024 0.02 0.02 0.015 0.017 0.021 0.145 0.011 0.09 0.296 0.027 0.039 0.044 0.015 0.031 0.032 0.007 0.019 0.077
78 S 0.099 0.038 0.051 0.045 0.017 0.031 0.048 0.06 0.018 0.035 0.047 0.051 0.016 0.021 0.029 0.196 0.125 0.005 0.017 0.048
79 Y 0.049 0.026 0.026 0.022 0.01 0.021 0.027 0.148 0.038 0.037 0.058 0.031 0.016 0.101 0.016 0.036 0.028 0.022 0.249 0.04
80 W 0.037 0.022 0.015 0.016 0.012 0.015 0.021 0.025 0.012 0.114 0.164 0.023 0.029 0.054 0.011 0.023 0.029 0.253 0.044 0.082
81 F 0.036 0.02 0.016 0.016 0.012 0.012 0.019 0.024 0.015 0.075 0.181 0.02 0.031 0.31 0.011 0.025 0.027 0.014 0.071 0.064
82 G 0.077 0.023 0.039 0.033 0.011 0.019 0.025 0.517 0.013 0.019 0.028 0.033 0.009 0.016 0.019 0.051 0.029 0.005 0.011 0.024
83 V 0.057 0.025 0.024 0.023 0.015 0.02 0.027 0.028 0.019 0.135 0.106 0.031 0.026 0.058 0.018 0.045 0.093 0.011 0.097 0.142
84 E 0.054 0.049 0.04 0.089 0.007 0.064 0.307 0.034 0.025 0.022 0.036 0.074 0.013 0.016 0.025 0.054 0.036 0.005 0.016 0.031
85 D 0.113 0.031 0.051 0.22 0.013 0.028 0.065 0.053 0.016 0.035 0.044 0.044 0.014 0.018 0.025 0.069 0.094 0.005 0.014 0.046
86 F 0.106 0.023 0.02 0.023 0.013 0.017 0.028 0.041 0.015 0.048 0.08 0.03 0.019 0.206 0.138 0.044 0.034 0.01 0.051 0.052
87 G 0.119 0.032 0.029 0.042 0.014 0.031 0.098 0.162 0.016 0.049 0.127 0.044 0.022 0.027 0.022 0.053 0.037 0.006 0.017 0.054
88 G 0.093 0.031 0.046 0.041 0.014 0.026 0.038 0.291 0.016 0.024 0.035 0.043 0.012 0.018 0.024 0.141 0.055 0.005 0.014 0.033
89 L 0.041 0.023 0.015 0.015 0.015 0.015 0.02 0.022 0.012 0.101 0.317 0.023 0.043 0.139 0.013 0.024 0.031 0.009 0.038 0.085
90 S 0.1 0.035 0.05 0.044 0.016 0.029 0.045 0.178 0.018 0.027 0.038 0.048 0.014 0.019 0.027 0.186 0.068 0.005 0.016 0.037
91 D 0.044 0.034 0.061 0.327 0.007 0.038 0.144 0.043 0.02 0.022 0.03 0.052 0.01 0.015 0.023 0.052 0.035 0.004 0.012 0.026
92 V 0.057 0.021 0.015 0.017 0.017 0.015 0.021 0.022 0.009 0.18 0.202 0.025 0.037 0.042 0.015 0.028 0.042 0.006 0.021 0.207
93 P 0.054 0.029 0.021 0.025 0.013 0.024 0.032 0.032 0.014 0.062 0.115 0.038 0.092 0.03 0.258 0.039 0.038 0.005 0.018 0.061
94 S 0.108 0.04 0.053 0.048 0.017 0.033 0.052 0.065 0.019 0.029 0.041 0.053 0.015 0.021 0.029 0.231 0.081 0.005 0.017 0.041
95 L 0.042 0.026 0.018 0.017 0.013 0.019 0.024 0.023 0.028 0.078 0.226 0.028 0.034 0.091 0.015 0.027 0.03 0.017 0.175 0.07
96 F 0.044 0.022 0.018 0.017 0.012 0.015 0.022 0.025 0.022 0.083 0.105 0.023 0.025 0.239 0.013 0.028 0.032 0.017 0.131 0.109
97 R 0.044 0.355 0.038 0.031 0.008 0.048 0.052 0.032 0.023 0.023 0.046 0.118 0.015 0.017 0.019 0.044 0.034 0.006 0.017 0.031
98 P 0.056 0.025 0.023 0.031 0.01 0.02 0.036 0.036 0.013 0.025 0.036 0.041 0.01 0.013 0.501 0.043 0.036 0.003 0.013 0.031
99 I 0.05 0.022 0.022 0.022 0.015 0.016 0.023 0.027 0.012 0.17 0.127 0.027 0.029 0.127 0.017 0.041 0.09 0.009 0.036 0.118
100 L 0.05 0.03 0.018 0.019 0.016 0.025 0.026 0.026 0.014 0.103 0.242 0.033 0.142 0.049 0.015 0.033 0.038 0.008 0.023 0.092
101 L 0.044 0.024 0.014 0.015 0.016 0.016 0.02 0.021 0.01 0.114 0.385 0.025 0.049 0.054 0.014 0.024 0.033 0.007 0.022 0.095
102 F 0.04 0.023 0.017 0.017 0.013 0.016 0.021 0.025 0.015 0.084 0.201 0.024 0.068 0.223 0.013 0.027 0.031 0.012 0.055 0.074
103 L 0.053 0.024 0.016 0.017 0.017 0.018 0.022 0.023 0.011 0.164 0.218 0.027 0.072 0.045 0.015 0.029 0.04 0.007 0.022 0.16
104 L 0.048 0.02 0.015 0.017 0.015 0.014 0.02 0.023 0.011 0.155 0.198 0.023 0.035 0.132 0.014 0.027 0.036 0.009 0.038 0.151
105 T 0.062 0.031 0.036 0.032 0.016 0.023 0.034 0.038 0.014 0.055 0.076 0.038 0.021 0.117 0.023 0.075 0.199 0.009 0.035 0.066
106 L 0.059 0.029 0.026 0.024 0.015 0.022 0.03 0.033 0.021 0.075 0.22 0.033 0.033 0.064 0.018 0.078 0.044 0.012 0.097 0.069
107 A 0.197 0.031 0.036 0.035 0.018 0.025 0.039 0.184 0.015 0.033 0.047 0.044 0.015 0.02 0.027 0.112 0.052 0.005 0.016 0.05
108 F 0.043 0.023 0.023 0.022 0.012 0.015 0.024 0.029 0.016 0.06 0.1 0.025 0.024 0.303 0.015 0.042 0.083 0.014 0.07 0.058
109 L 0.045 0.027 0.017 0.017 0.014 0.02 0.024 0.024 0.02 0.092 0.258 0.029 0.072 0.071 0.015 0.029 0.033 0.012 0.099 0.082
110 V 0.074 0.028 0.032 0.03 0.017 0.022 0.033 0.038 0.012 0.131 0.1 0.037 0.026 0.031 0.022 0.095 0.107 0.006 0.019 0.141
111 L 0.046 0.026 0.015 0.016 0.016 0.019 0.022 0.023 0.011 0.11 0.337 0.028 0.08 0.052 0.014 0.027 0.035 0.007 0.022 0.094
112 L 0.064 0.032 0.027 0.026 0.016 0.026 0.032 0.035 0.015 0.085 0.203 0.037 0.103 0.042 0.019 0.082 0.048 0.007 0.022 0.08
113 R 0.045 0.345 0.039 0.031 0.008 0.048 0.052 0.033 0.023 0.023 0.047 0.12 0.016 0.017 0.019 0.045 0.035 0.006 0.017 0.031
114 Y 0.055 0.025 0.019 0.018 0.014 0.019 0.026 0.025 0.027 0.104 0.099 0.029 0.025 0.083 0.016 0.032 0.039 0.017 0.171 0.16
115 N 0.049 0.061 0.184 0.073 0.008 0.046 0.118 0.051 0.027 0.023 0.035 0.117 0.013 0.017 0.023 0.061 0.043 0.005 0.016 0.029
116 D 0.047 0.039 0.054 0.248 0.007 0.047 0.198 0.04 0.022 0.022 0.032 0.059 0.011 0.016 0.024 0.053 0.036 0.005 0.014 0.027
117 P 0.053 0.023 0.019 0.021 0.014 0.018 0.026 0.026 0.019 0.128 0.099 0.03 0.024 0.055 0.137 0.033 0.038 0.01 0.095 0.133
118 G 0.057 0.052 0.047 0.142 0.008 0.041 0.123 0.16 0.019 0.022 0.034 0.11 0.012 0.016 0.023 0.052 0.035 0.005 0.014 0.028
119 G 0.072 0.046 0.037 0.035 0.013 0.029 0.041 0.161 0.015 0.089 0.069 0.1 0.019 0.024 0.022 0.09 0.047 0.005 0.016 0.068
120 L 0.048 0.02 0.015 0.017 0.015 0.014 0.02 0.023 0.011 0.155 0.198 0.023 0.035 0.132 0.014 0.027 0.036 0.009 0.038 0.151
121 Y 0.04 0.028 0.021 0.018 0.009 0.021 0.028 0.025 0.046 0.043 0.067 0.031 0.018 0.129 0.015 0.031 0.028 0.028 0.328 0.046
122 H 0.048 0.037 0.036 0.048 0.01 0.038 0.125 0.031 0.132 0.108 0.08 0.048 0.021 0.03 0.02 0.04 0.034 0.006 0.031 0.076
123 N 0.059 0.121 0.186 0.061 0.011 0.037 0.05 0.057 0.026 0.024 0.037 0.069 0.013 0.018 0.022 0.103 0.053 0.005 0.016 0.031
124 L 0.116 0.027 0.024 0.025 0.018 0.02 0.029 0.04 0.012 0.123 0.168 0.034 0.03 0.036 0.021 0.056 0.095 0.006 0.019 0.102
125 L 0.067 0.026 0.025 0.025 0.017 0.02 0.028 0.033 0.011 0.147 0.18 0.032 0.033 0.038 0.018 0.078 0.05 0.006 0.02 0.147
126 K 0.049 0.153 0.043 0.037 0.008 0.048 0.061 0.039 0.107 0.025 0.042 0.185 0.015 0.019 0.023 0.048 0.035 0.006 0.027 0.029
127 L 0.061 0.025 0.024 0.025 0.016 0.019 0.027 0.032 0.012 0.177 0.189 0.031 0.034 0.04 0.018 0.076 0.048 0.006 0.02 0.121
128 L 0.109 0.024 0.017 0.019 0.017 0.018 0.024 0.035 0.011 0.138 0.248 0.029 0.038 0.043 0.018 0.039 0.039 0.006 0.02 0.108
129 K 0.066 0.151 0.043 0.04 0.01 0.046 0.061 0.046 0.021 0.027 0.043 0.187 0.015 0.017 0.026 0.095 0.048 0.005 0.017 0.034
130 F 0.04 0.018 0.016 0.017 0.013 0.012 0.018 0.023 0.013 0.172 0.139 0.021 0.031 0.22 0.012 0.025 0.032 0.011 0.054 0.114
131 L 0.044 0.022 0.014 0.016 0.016 0.015 0.019 0.021 0.01 0.156 0.33 0.025 0.046 0.051 0.014 0.024 0.034 0.007 0.022 0.115
132 V 0.064 0.024 0.022 0.022 0.018 0.018 0.026 0.028 0.01 0.165 0.122 0.03 0.029 0.034 0.019 0.045 0.099 0.006 0.02 0.201
133 V 0.054 0.02 0.016 0.017 0.016 0.014 0.021 0.023 0.01 0.167 0.134 0.023 0.031 0.127 0.014 0.029 0.04 0.008 0.037 0.197
134 L 0.125 0.028 0.027 0.027 0.018 0.022 0.032 0.046 0.013 0.117 0.162 0.036 0.029 0.035 0.022 0.091 0.051 0.006 0.019 0.094
135 V 0.072 0.024 0.025 0.025 0.136 0.019 0.027 0.035 0.011 0.129 0.1 0.031 0.025 0.03 0.019 0.082 0.051 0.005 0.017 0.138
136 F 0.033 0.019 0.017 0.017 0.01 0.01 0.019 0.025 0.017 0.062 0.113 0.019 0.025 0.396 0.01 0.025 0.025 0.017 0.087 0.054
137 L 0.048 0.02 0.015 0.017 0.015 0.014 0.02 0.023 0.011 0.155 0.198 0.023 0.035 0.132 0.014 0.027 0.036 0.009 0.038 0.151
138 Y 0.055 0.028 0.025 0.023 0.014 0.022 0.029 0.029 0.028 0.075 0.082 0.033 0.022 0.079 0.019 0.046 0.09 0.017 0.173 0.11
139 S 0.1 0.035 0.05 0.044 0.016 0.029 0.045 0.178 0.018 0.027 0.038 0.048 0.014 0.019 0.027 0.186 0.068 0.005 0.016 0.037
140 V 0.063 0.021 0.016 0.018 0.018 0.015 0.022 0.023 0.008 0.192 0.138 0.025 0.032 0.037 0.016 0.03 0.046 0.006 0.02 0.253
141 L 0.045 0.021 0.014 0.016 0.016 0.015 0.019 0.021 0.009 0.198 0.275 0.024 0.043 0.049 0.014 0.024 0.036 0.006 0.021 0.134
142 E 0.054 0.049 0.04 0.089 0.007 0.064 0.307 0.034 0.025 0.022 0.036 0.074 0.013 0.016 0.025 0.054 0.036 0.005 0.016 0.031
143 V 0.058 0.02 0.015 0.017 0.017 0.015 0.02 0.022 0.008 0.222 0.147 0.024 0.034 0.039 0.015 0.029 0.044 0.006 0.02 0.227
144 F 0.109 0.022 0.019 0.02 0.015 0.016 0.025 0.038 0.014 0.082 0.103 0.027 0.025 0.212 0.017 0.042 0.037 0.011 0.053 0.114
145 L 0.111 0.129 0.03 0.029 0.013 0.035 0.045 0.043 0.017 0.052 0.133 0.119 0.024 0.027 0.022 0.051 0.039 0.006 0.018 0.056
146 P 0.045 0.022 0.02 0.024 0.01 0.015 0.027 0.03 0.015 0.044 0.074 0.03 0.018 0.204 0.256 0.034 0.03 0.01 0.05 0.042
147 P 0.049 0.031 0.11 0.137 0.009 0.026 0.053 0.045 0.019 0.024 0.032 0.045 0.01 0.014 0.261 0.052 0.039 0.003 0.013 0.028
148 F 0.047 0.021 0.017 0.018 0.014 0.015 0.022 0.024 0.02 0.137 0.118 0.025 0.028 0.151 0.014 0.028 0.035 0.014 0.114 0.138
149 F 0.039 0.02 0.015 0.016 0.013 0.012 0.019 0.023 0.013 0.13 0.194 0.021 0.034 0.222 0.012 0.025 0.031 0.012 0.054 0.094
150 S 0.084 0.033 0.041 0.038 0.017 0.026 0.04 0.048 0.015 0.098 0.078 0.044 0.022 0.027 0.025 0.145 0.115 0.005 0.018 0.082
151 G 0.07 0.049 0.05 0.132 0.011 0.033 0.059 0.168 0.018 0.024 0.035 0.105 0.012 0.017 0.024 0.097 0.046 0.005 0.014 0.03
152 L 0.047 0.022 0.015 0.016 0.015 0.015 0.02 0.023 0.011 0.113 0.253 0.024 0.038 0.135 0.014 0.026 0.035 0.009 0.038 0.131
153 F 0.047 0.023 0.017 0.018 0.014 0.016 0.022 0.026 0.014 0.097 0.137 0.025 0.064 0.219 0.013 0.03 0.035 0.012 0.055 0.12
154 F 0.037 0.028 0.038 0.119 0.009 0.022 0.045 0.033 0.104 0.042 0.073 0.032 0.019 0.209 0.015 0.036 0.028 0.011 0.061 0.039
155 F 0.103 0.021 0.018 0.02 0.015 0.015 0.024 0.037 0.014 0.112 0.112 0.026 0.026 0.214 0.016 0.04 0.035 0.011 0.053 0.088
156 L 0.042 0.021 0.015 0.016 0.015 0.014 0.019 0.022 0.011 0.143 0.262 0.023 0.04 0.137 0.013 0.024 0.033 0.009 0.038 0.104
157 Y 0.038 0.025 0.02 0.018 0.009 0.019 0.025 0.025 0.039 0.048 0.079 0.028 0.02 0.196 0.014 0.029 0.027 0.025 0.268 0.048
158 R 0.05 0.23 0.04 0.036 0.008 0.05 0.061 0.037 0.022 0.025 0.044 0.204 0.015 0.016 0.023 0.048 0.037 0.005 0.017 0.031
159 L 0.044 0.027 0.092 0.032 0.014 0.02 0.026 0.032 0.015 0.133 0.241 0.032 0.036 0.042 0.016 0.035 0.038 0.006 0.02 0.098
160 E 0.072 0.043 0.044 0.066 0.012 0.047 0.176 0.044 0.021 0.031 0.044 0.062 0.015 0.019 0.027 0.108 0.103 0.005 0.017 0.043
161 D 0.041 0.033 0.133 0.325 0.008 0.03 0.08 0.05 0.022 0.022 0.028 0.046 0.01 0.015 0.022 0.056 0.038 0.004 0.012 0.025
162 K 0.056 0.106 0.041 0.041 0.008 0.053 0.07 0.043 0.02 0.027 0.043 0.289 0.015 0.015 0.027 0.053 0.039 0.005 0.017 0.032
163 D 0.068 0.035 0.044 0.14 0.013 0.035 0.118 0.043 0.018 0.059 0.058 0.049 0.017 0.022 0.023 0.092 0.05 0.005 0.016 0.094
164 D 0.041 0.037 0.197 0.244 0.008 0.031 0.069 0.055 0.025 0.022 0.029 0.049 0.01 0.016 0.021 0.06 0.042 0.004 0.013 0.025
165 I 0.046 0.017 0.014 0.017 0.016 0.013 0.017 0.02 0.009 0.282 0.165 0.023 0.036 0.044 0.014 0.025 0.039 0.006 0.02 0.174
166 D 0.049 0.029 0.048 0.216 0.012 0.026 0.06 0.039 0.015 0.053 0.126 0.039 0.022 0.027 0.021 0.055 0.09 0.005 0.015 0.053
167 G 0.06 0.033 0.183 0.058 0.01 0.026 0.037 0.291 0.022 0.02 0.029 0.043 0.01 0.017 0.019 0.06 0.039 0.005 0.013 0.025
168 V 0.079 0.026 0.026 0.025 0.018 0.02 0.03 0.035 0.011 0.129 0.107 0.033 0.027 0.032 0.02 0.082 0.057 0.005 0.02 0.22
169 A 0.253 0.033 0.032 0.034 0.02 0.027 0.043 0.074 0.016 0.039 0.054 0.046 0.017 0.021 0.029 0.121 0.057 0.005 0.017 0.061
170 V 0.069 0.022 0.016 0.018 0.019 0.016 0.023 0.024 0.008 0.162 0.128 0.026 0.031 0.035 0.016 0.032 0.049 0.005 0.02 0.28
171 G 0.091 0.034 0.047 0.042 0.016 0.028 0.042 0.173 0.016 0.032 0.044 0.046 0.015 0.02 0.026 0.151 0.112 0.005 0.016 0.044
172 F 0.033 0.019 0.017 0.017 0.01 0.01 0.019 0.025 0.017 0.062 0.113 0.019 0.025 0.396 0.01 0.025 0.025 0.017 0.087 0.054
173 F 0.033 0.019 0.017 0.017 0.01 0.01 0.019 0.025 0.017 0.062 0.113 0.019 0.025 0.396 0.01 0.025 0.025 0.017 0.087 0.054
174 G 0.13 0.031 0.037 0.034 0.017 0.025 0.036 0.17 0.014 0.042 0.054 0.042 0.016 0.021 0.026 0.079 0.148 0.006 0.016 0.058
175 L 0.044 0.024 0.014 0.015 0.016 0.016 0.02 0.021 0.01 0.114 0.385 0.025 0.049 0.054 0.014 0.024 0.033 0.007 0.022 0.095
176 P 0.056 0.025 0.023 0.031 0.01 0.02 0.036 0.036 0.013 0.025 0.036 0.041 0.01 0.013 0.501 0.043 0.036 0.003 0.013 0.031
177 Y 0.04 0.028 0.021 0.018 0.009 0.021 0.028 0.025 0.046 0.043 0.067 0.031 0.018 0.129 0.015 0.031 0.028 0.028 0.328 0.046
178 Y 0.04 0.028 0.021 0.018 0.009 0.021 0.028 0.025 0.046 0.043 0.067 0.031 0.018 0.129 0.015 0.031 0.028 0.028 0.328 0.046
179 G 0.084 0.036 0.118 0.053 0.013 0.029 0.044 0.178 0.021 0.025 0.035 0.048 0.013 0.019 0.024 0.146 0.06 0.005 0.015 0.033
180 A 0.253 0.033 0.032 0.034 0.02 0.027 0.043 0.074 0.016 0.039 0.054 0.046 0.017 0.021 0.029 0.121 0.057 0.005 0.017 0.061
181 Y 0.039 0.024 0.018 0.017 0.011 0.017 0.023 0.024 0.03 0.066 0.158 0.026 0.028 0.177 0.014 0.028 0.028 0.02 0.191 0.06
182 F 0.04 0.018 0.016 0.017 0.013 0.012 0.018 0.023 0.013 0.172 0.139 0.021 0.031 0.22 0.012 0.025 0.032 0.011 0.054 0.114
183 L 0.044 0.028 0.019 0.018 0.013 0.022 0.026 0.024 0.029 0.075 0.178 0.03 0.065 0.09 0.015 0.03 0.032 0.018 0.175 0.069
184 N 0.049 0.03 0.171 0.049 0.131 0.023 0.033 0.045 0.02 0.093 0.073 0.037 0.019 0.025 0.018 0.051 0.043 0.005 0.016 0.071
185 F 0.071 0.029 0.035 0.033 0.014 0.022 0.036 0.046 0.018 0.046 0.078 0.036 0.02 0.205 0.02 0.125 0.053 0.011 0.053 0.048
186 C 0.087 0.028 0.035 0.032 0.252 0.023 0.034 0.049 0.014 0.037 0.053 0.037 0.016 0.02 0.023 0.132 0.059 0.005 0.015 0.049
187 L 0.058 0.029 0.028 0.026 0.017 0.022 0.029 0.032 0.012 0.083 0.224 0.035 0.034 0.039 0.021 0.058 0.145 0.006 0.02 0.082
188 L 0.042 0.019 0.015 0.017 0.015 0.013 0.018 0.022 0.011 0.185 0.207 0.023 0.037 0.134 0.013 0.025 0.034 0.009 0.038 0.124
189 F 0.039 0.02 0.015 0.016 0.013 0.012 0.019 0.023 0.013 0.13 0.194 0.021 0.034 0.222 0.012 0.025 0.031 0.012 0.054 0.094
190 I 0.046 0.02 0.017 0.021 0.013 0.014 0.022 0.025 0.012 0.163 0.12 0.026 0.027 0.124 0.135 0.029 0.035 0.008 0.035 0.108
191 L 0.041 0.023 0.015 0.015 0.015 0.015 0.02 0.022 0.012 0.101 0.317 0.023 0.043 0.139 0.013 0.024 0.031 0.009 0.038 0.085
192 L 0.047 0.022 0.015 0.016 0.015 0.015 0.02 0.023 0.011 0.113 0.253 0.024 0.038 0.135 0.014 0.026 0.035 0.009 0.038 0.131
193 L 0.058 0.023 0.021 0.02 0.015 0.017 0.022 0.146 0.01 0.102 0.231 0.027 0.035 0.04 0.016 0.033 0.036 0.006 0.019 0.123
194 S 0.095 0.056 0.05 0.046 0.015 0.038 0.056 0.06 0.019 0.029 0.042 0.112 0.015 0.019 0.029 0.187 0.07 0.005 0.017 0.039
195 L 0.062 0.039 0.109 0.058 0.012 0.036 0.107 0.046 0.021 0.047 0.123 0.051 0.022 0.027 0.022 0.095 0.05 0.005 0.018 0.048
196 H 0.058 0.039 0.045 0.035 0.01 0.032 0.046 0.041 0.198 0.029 0.046 0.044 0.016 0.052 0.021 0.086 0.04 0.012 0.115 0.033
197 F 0.05 0.037 0.107 0.056 0.011 0.034 0.103 0.042 0.022 0.04 0.061 0.048 0.017 0.113 0.021 0.06 0.092 0.008 0.034 0.045
198 R 0.045 0.345 0.039 0.031 0.008 0.048 0.052 0.033 0.023 0.023 0.047 0.12 0.016 0.017 0.019 0.045 0.035 0.006 0.017 0.031
199 K 0.053 0.09 0.112 0.051 0.009 0.048 0.064 0.048 0.023 0.026 0.04 0.23 0.014 0.016 0.025 0.057 0.042 0.005 0.017 0.031
200 N 0.043 0.053 0.178 0.055 0.009 0.032 0.046 0.049 0.025 0.033 0.054 0.103 0.016 0.112 0.019 0.054 0.04 0.008 0.034 0.035
201 T 0.077 0.054 0.045 0.041 0.015 0.035 0.05 0.048 0.017 0.04 0.053 0.108 0.017 0.021 0.028 0.117 0.159 0.005 0.017 0.053
202 F 0.044 0.02 0.022 0.021 0.01 0.012 0.02 0.148 0.016 0.052 0.091 0.022 0.021 0.301 0.012 0.031 0.026 0.014 0.068 0.047
203 R 0.062 0.132 0.038 0.035 0.011 0.039 0.05 0.041 0.027 0.031 0.049 0.123 0.016 0.045 0.023 0.09 0.045 0.011 0.095 0.038
204 S 0.095 0.056 0.05 0.046 0.015 0.038 0.056 0.06 0.019 0.029 0.042 0.112 0.015 0.019 0.029 0.187 0.07 0.005 0.017 0.039
205 F 0.061 0.025 0.026 0.025 0.014 0.017 0.028 0.035 0.015 0.079 0.099 0.029 0.024 0.212 0.017 0.078 0.045 0.011 0.053 0.107
206 L 0.054 0.021 0.016 0.017 0.016 0.015 0.021 0.024 0.011 0.125 0.188 0.024 0.034 0.13 0.014 0.028 0.039 0.009 0.038 0.177
207 Y 0.057 0.031 0.029 0.026 0.011 0.024 0.034 0.035 0.039 0.04 0.061 0.036 0.018 0.102 0.019 0.081 0.041 0.022 0.25 0.045
208 L 0.051 0.02 0.015 0.017 0.017 0.015 0.019 0.021 0.009 0.21 0.211 0.024 0.038 0.044 0.015 0.026 0.04 0.006 0.021 0.181
209 L 0.057 0.027 0.024 0.024 0.015 0.019 0.028 0.033 0.014 0.08 0.231 0.03 0.035 0.131 0.017 0.076 0.043 0.009 0.037 0.071
210 L 0.051 0.024 0.016 0.016 0.135 0.018 0.021 0.025 0.011 0.093 0.257 0.026 0.072 0.044 0.015 0.031 0.035 0.006 0.02 0.084
211 L 0.057 0.022 0.021 0.02 0.133 0.016 0.02 0.148 0.01 0.073 0.215 0.026 0.031 0.036 0.016 0.035 0.033 0.006 0.017 0.067
212 V 0.057 0.021 0.015 0.017 0.017 0.015 0.021 0.022 0.009 0.18 0.202 0.025 0.037 0.042 0.015 0.028 0.042 0.006 0.021 0.207
213 L 0.044 0.022 0.014 0.016 0.016 0.015 0.019 0.021 0.01 0.156 0.33 0.025 0.046 0.051 0.014 0.024 0.034 0.007 0.022 0.115
214 G 0.089 0.029 0.04 0.036 0.134 0.024 0.036 0.17 0.015 0.03 0.044 0.04 0.014 0.019 0.023 0.138 0.057 0.005 0.014 0.041
215 V 0.058 0.02 0.015 0.017 0.017 0.015 0.02 0.022 0.008 0.222 0.147 0.024 0.034 0.039 0.015 0.029 0.044 0.006 0.02 0.227
216 V 0.06 0.021 0.016 0.017 0.017 0.015 0.022 0.025 0.01 0.137 0.124 0.024 0.03 0.125 0.015 0.031 0.043 0.008 0.037 0.223
217 L 0.043 0.025 0.016 0.017 0.015 0.018 0.022 0.024 0.013 0.097 0.269 0.026 0.074 0.138 0.014 0.027 0.033 0.01 0.039 0.084
218 A 0.186 0.033 0.034 0.033 0.019 0.026 0.039 0.06 0.014 0.048 0.061 0.044 0.018 0.022 0.028 0.088 0.153 0.006 0.017 0.069
219 Q 0.055 0.072 0.043 0.046 0.009 0.226 0.101 0.041 0.029 0.026 0.046 0.09 0.02 0.014 0.023 0.055 0.041 0.006 0.02 0.035
220 S 0.108 0.04 0.053 0.048 0.017 0.033 0.052 0.065 0.019 0.029 0.041 0.053 0.015 0.021 0.029 0.231 0.081 0.005 0.017 0.041
221 K 0.056 0.106 0.041 0.041 0.008 0.053 0.07 0.043 0.02 0.027 0.043 0.289 0.015 0.015 0.027 0.053 0.039 0.005 0.017 0.032
222 T 0.062 0.033 0.031 0.028 0.017 0.027 0.033 0.035 0.015 0.076 0.129 0.04 0.096 0.035 0.022 0.063 0.149 0.007 0.021 0.08
223 G 0.077 0.023 0.039 0.033 0.011 0.019 0.025 0.517 0.013 0.019 0.028 0.033 0.009 0.016 0.019 0.051 0.029 0.005 0.011 0.024
224 V 0.063 0.021 0.016 0.018 0.018 0.015 0.022 0.023 0.008 0.192 0.138 0.025 0.032 0.037 0.016 0.03 0.046 0.006 0.02 0.253
225 A 0.17 0.026 0.02 0.023 0.017 0.019 0.03 0.05 0.014 0.065 0.154 0.033 0.027 0.123 0.021 0.054 0.039 0.009 0.036 0.071
226 L 0.124 0.029 0.027 0.027 0.018 0.022 0.033 0.046 0.013 0.075 0.217 0.037 0.033 0.037 0.022 0.091 0.049 0.006 0.02 0.075
227 L 0.113 0.024 0.017 0.019 0.136 0.017 0.024 0.038 0.011 0.078 0.223 0.028 0.033 0.037 0.018 0.043 0.038 0.006 0.018 0.078
228 F 0.039 0.02 0.015 0.016 0.013 0.012 0.019 0.023 0.013 0.13 0.194 0.021 0.034 0.222 0.012 0.025 0.031 0.012 0.054 0.094
229 G 0.128 0.023 0.024 0.024 0.136 0.018 0.026 0.163 0.011 0.067 0.07 0.031 0.018 0.023 0.02 0.052 0.041 0.005 0.015 0.107
230 I 0.052 0.018 0.015 0.017 0.017 0.014 0.019 0.021 0.009 0.252 0.156 0.024 0.035 0.041 0.015 0.027 0.042 0.006 0.02 0.2
231 L 0.051 0.022 0.015 0.016 0.017 0.015 0.02 0.022 0.009 0.168 0.266 0.025 0.041 0.047 0.015 0.026 0.038 0.006 0.021 0.161
232 F 0.033 0.019 0.017 0.017 0.01 0.01 0.019 0.025 0.017 0.062 0.113 0.019 0.025 0.396 0.01 0.025 0.025 0.017 0.087 0.054
233 L 0.107 0.026 0.019 0.02 0.016 0.02 0.027 0.038 0.014 0.079 0.187 0.031 0.066 0.13 0.017 0.042 0.037 0.009 0.038 0.077
234 F 0.054 0.026 0.027 0.025 0.012 0.019 0.029 0.035 0.025 0.049 0.083 0.03 0.021 0.235 0.016 0.078 0.04 0.017 0.13 0.049
235 W 0.036 0.024 0.016 0.016 0.01 0.017 0.023 0.026 0.021 0.054 0.139 0.025 0.024 0.076 0.011 0.025 0.026 0.259 0.121 0.05
236 F 0.035 0.021 0.018 0.017 0.01 0.013 0.021 0.025 0.024 0.058 0.101 0.022 0.023 0.329 0.012 0.026 0.026 0.019 0.148 0.052
237 L 0.044 0.023 0.016 0.017 0.015 0.017 0.021 0.023 0.013 0.139 0.214 0.026 0.071 0.135 0.014 0.027 0.034 0.009 0.038 0.104
238 Q 0.069 0.072 0.045 0.045 0.011 0.135 0.081 0.047 0.024 0.027 0.044 0.13 0.018 0.016 0.026 0.099 0.05 0.005 0.019 0.036
239 L 0.064 0.026 0.025 0.024 0.016 0.019 0.028 0.034 0.013 0.092 0.167 0.031 0.03 0.126 0.017 0.078 0.047 0.009 0.037 0.117
240 K 0.066 0.074 0.116 0.053 0.011 0.043 0.06 0.054 0.023 0.026 0.039 0.171 0.014 0.017 0.026 0.101 0.052 0.005 0.017 0.033
241 F 0.109 0.043 0.024 0.026 0.014 0.025 0.036 0.041 0.015 0.103 0.095 0.094 0.023 0.119 0.02 0.047 0.038 0.008 0.036 0.082
242 K 0.048 0.062 0.028 0.029 0.011 0.032 0.044 0.033 0.017 0.1 0.091 0.155 0.023 0.118 0.02 0.039 0.036 0.008 0.035 0.073
243 N 0.062 0.054 0.111 0.047 0.011 0.035 0.049 0.049 0.029 0.03 0.046 0.106 0.015 0.046 0.023 0.096 0.049 0.011 0.094 0.037
244 K 0.053 0.168 0.04 0.038 0.008 0.051 0.065 0.04 0.021 0.026 0.043 0.246 0.015 0.016 0.025 0.051 0.038 0.005 0.017 0.032
245 V 0.12 0.029 0.096 0.037 0.017 0.023 0.034 0.048 0.015 0.097 0.087 0.037 0.023 0.027 0.02 0.054 0.049 0.005 0.018 0.163
246 V 0.054 0.02 0.016 0.017 0.016 0.014 0.021 0.023 0.01 0.167 0.134 0.023 0.031 0.127 0.014 0.029 0.04 0.008 0.037 0.197
247 V 0.054 0.02 0.016 0.017 0.016 0.014 0.021 0.023 0.01 0.167 0.134 0.023 0.031 0.127 0.014 0.029 0.04 0.008 0.037 0.197
248 L 0.041 0.023 0.015 0.015 0.015 0.015 0.02 0.022 0.012 0.101 0.317 0.023 0.043 0.139 0.013 0.024 0.031 0.009 0.038 0.085
249 L 0.061 0.025 0.024 0.025 0.016 0.019 0.027 0.032 0.012 0.177 0.189 0.031 0.034 0.04 0.018 0.076 0.048 0.006 0.02 0.121
250 F 0.055 0.024 0.025 0.025 0.014 0.017 0.027 0.034 0.015 0.109 0.108 0.028 0.025 0.214 0.016 0.077 0.043 0.011 0.053 0.081
251 F 0.036 0.02 0.016 0.016 0.012 0.012 0.019 0.024 0.015 0.075 0.181 0.02 0.031 0.31 0.011 0.025 0.027 0.014 0.071 0.064
252 L 0.056 0.025 0.022 0.021 0.135 0.018 0.024 0.029 0.01 0.081 0.224 0.029 0.033 0.038 0.018 0.045 0.09 0.006 0.018 0.079
253 L 0.055 0.021 0.015 0.016 0.136 0.015 0.02 0.025 0.009 0.108 0.24 0.024 0.036 0.041 0.015 0.03 0.038 0.006 0.019 0.131
254 F 0.06 0.023 0.026 0.024 0.132 0.016 0.026 0.037 0.015 0.05 0.083 0.028 0.02 0.208 0.017 0.08 0.042 0.011 0.051 0.051
255 L 0.108 0.025 0.019 0.021 0.016 0.019 0.026 0.038 0.014 0.121 0.133 0.03 0.063 0.127 0.018 0.042 0.038 0.009 0.037 0.097
256 L 0.067 0.031 0.031 0.029 0.017 0.023 0.033 0.038 0.013 0.077 0.219 0.037 0.033 0.038 0.021 0.093 0.101 0.006 0.02 0.075
257 L 0.109 0.022 0.017 0.02 0.017 0.017 0.024 0.035 0.01 0.18 0.194 0.029 0.035 0.041 0.018 0.039 0.04 0.006 0.02 0.128
258 L 0.046 0.024 0.016 0.017 0.016 0.018 0.021 0.022 0.011 0.152 0.282 0.027 0.077 0.05 0.015 0.027 0.036 0.007 0.022 0.114
259 Y 0.048 0.025 0.018 0.017 0.013 0.019 0.025 0.024 0.028 0.09 0.162 0.028 0.029 0.087 0.015 0.029 0.034 0.017 0.175 0.117
260 L 0.06 0.039 0.032 0.032 0.013 0.071 0.048 0.038 0.019 0.058 0.146 0.047 0.027 0.121 0.019 0.084 0.045 0.009 0.037 0.056
261 Y 0.055 0.028 0.028 0.025 0.012 0.022 0.031 0.035 0.032 0.044 0.072 0.033 0.019 0.169 0.018 0.079 0.04 0.019 0.19 0.047
262 L 0.044 0.024 0.014 0.015 0.016 0.016 0.02 0.021 0.01 0.114 0.385 0.025 0.049 0.054 0.014 0.024 0.033 0.007 0.022 0.095
263 G 0.054 0.037 0.029 0.028 0.011 0.071 0.044 0.151 0.025 0.05 0.132 0.045 0.024 0.053 0.018 0.04 0.033 0.011 0.095 0.05
264 D 0.044 0.034 0.061 0.327 0.007 0.038 0.144 0.043 0.02 0.022 0.03 0.052 0.01 0.015 0.023 0.052 0.035 0.004 0.012 0.026
265 F 0.037 0.018 0.016 0.017 0.012 0.011 0.018 0.024 0.015 0.117 0.126 0.02 0.028 0.308 0.011 0.025 0.029 0.014 0.071 0.084
266 V 0.057 0.021 0.015 0.017 0.017 0.015 0.021 0.022 0.009 0.18 0.202 0.025 0.037 0.042 0.015 0.028 0.042 0.006 0.021 0.207
267 L 0.109 0.024 0.017 0.019 0.017 0.018 0.024 0.035 0.011 0.138 0.248 0.029 0.038 0.043 0.018 0.039 0.039 0.006 0.02 0.108
268 Y 0.038 0.025 0.02 0.018 0.009 0.019 0.025 0.025 0.039 0.048 0.079 0.028 0.02 0.196 0.014 0.029 0.027 0.025 0.268 0.048
269 L 0.046 0.026 0.015 0.016 0.016 0.019 0.022 0.023 0.011 0.11 0.337 0.028 0.08 0.052 0.014 0.027 0.035 0.007 0.022 0.094
270 N 0.046 0.06 0.255 0.072 0.009 0.038 0.054 0.059 0.028 0.023 0.034 0.112 0.012 0.017 0.022 0.065 0.046 0.005 0.016 0.028
271 D 0.113 0.054 0.043 0.141 0.011 0.043 0.127 0.05 0.02 0.028 0.041 0.113 0.014 0.017 0.026 0.061 0.04 0.005 0.015 0.039
272 N 0.053 0.043 0.184 0.072 0.011 0.039 0.111 0.051 0.025 0.03 0.041 0.056 0.014 0.019 0.023 0.071 0.098 0.005 0.016 0.038
273 Y 0.047 0.026 0.02 0.018 0.012 0.02 0.026 0.024 0.037 0.073 0.083 0.029 0.022 0.105 0.016 0.031 0.033 0.022 0.251 0.104
274 G 0.093 0.031 0.046 0.041 0.014 0.026 0.038 0.291 0.016 0.024 0.035 0.043 0.012 0.018 0.024 0.141 0.055 0.005 0.014 0.033
275 G 0.077 0.023 0.039 0.033 0.011 0.019 0.025 0.517 0.013 0.019 0.028 0.033 0.009 0.016 0.019 0.051 0.029 0.005 0.011 0.024
276 N 0.042 0.044 0.258 0.071 0.009 0.034 0.05 0.058 0.114 0.022 0.033 0.051 0.012 0.021 0.02 0.062 0.043 0.005 0.026 0.026
277 L 0.041 0.023 0.015 0.015 0.015 0.015 0.02 0.022 0.012 0.101 0.317 0.023 0.043 0.139 0.013 0.024 0.031 0.009 0.038 0.085
278 V 0.112 0.022 0.018 0.02 0.017 0.016 0.025 0.037 0.012 0.137 0.116 0.028 0.027 0.124 0.018 0.041 0.041 0.008 0.036 0.144
279 R 0.051 0.275 0.039 0.032 0.01 0.043 0.048 0.035 0.021 0.03 0.05 0.1 0.016 0.019 0.021 0.056 0.09 0.006 0.017 0.04
280 T 0.072 0.035 0.043 0.037 0.018 0.027 0.039 0.043 0.014 0.053 0.064 0.045 0.019 0.023 0.027 0.091 0.258 0.006 0.018 0.07
281 L 0.06 0.028 0.024 0.023 0.016 0.02 0.028 0.032 0.012 0.093 0.299 0.032 0.041 0.046 0.018 0.076 0.045 0.007 0.021 0.081
282 Y 0.039 0.03 0.028 0.023 0.009 0.023 0.032 0.028 0.118 0.043 0.071 0.031 0.019 0.171 0.015 0.032 0.027 0.02 0.2 0.042
283 L 0.049 0.03 0.106 0.13 0.013 0.024 0.045 0.039 0.017 0.08 0.143 0.037 0.025 0.03 0.018 0.044 0.041 0.005 0.017 0.106
284 L 0.048 0.026 0.017 0.018 0.016 0.021 0.023 0.024 0.013 0.148 0.234 0.03 0.108 0.048 0.015 0.03 0.038 0.007 0.022 0.113
285 L 0.042 0.025 0.018 0.017 0.013 0.019 0.023 0.025 0.022 0.08 0.19 0.027 0.066 0.157 0.014 0.029 0.031 0.015 0.115 0.072
286 A 0.123 0.036 0.038 0.033 0.014 0.029 0.043 0.051 0.111 0.034 0.051 0.043 0.017 0.05 0.023 0.097 0.046 0.011 0.105 0.044
287 N 0.041 0.041 0.194 0.152 0.008 0.033 0.06 0.053 0.111 0.022 0.032 0.049 0.012 0.02 0.02 0.058 0.04 0.005 0.025 0.025
288 T 0.068 0.044 0.043 0.039 0.015 0.077 0.054 0.042 0.017 0.046 0.06 0.056 0.02 0.021 0.026 0.082 0.203 0.006 0.018 0.061
289 D 0.065 0.048 0.051 0.147 0.01 0.088 0.137 0.047 0.023 0.025 0.038 0.065 0.014 0.017 0.025 0.098 0.048 0.005 0.016 0.033
290 D 0.048 0.055 0.12 0.145 0.008 0.129 0.085 0.048 0.027 0.024 0.038 0.069 0.015 0.015 0.022 0.058 0.041 0.005 0.017 0.03
291 S 0.147 0.036 0.044 0.041 0.018 0.029 0.045 0.063 0.017 0.038 0.051 0.049 0.017 0.021 0.029 0.159 0.117 0.005 0.017 0.055
292 N 0.051 0.039 0.186 0.059 0.009 0.031 0.044 0.171 0.11 0.021 0.032 0.046 0.012 0.02 0.019 0.057 0.038 0.005 0.025 0.025
293 N 0.057 0.04 0.185 0.059 0.013 0.03 0.044 0.053 0.022 0.037 0.048 0.049 0.015 0.021 0.024 0.08 0.153 0.005 0.017 0.048
294 L 0.044 0.024 0.014 0.015 0.016 0.016 0.02 0.021 0.01 0.114 0.385 0.025 0.049 0.054 0.014 0.024 0.033 0.007 0.022 0.095
295 L 0.057 0.038 0.029 0.029 0.013 0.072 0.044 0.152 0.017 0.064 0.163 0.046 0.063 0.033 0.018 0.041 0.036 0.007 0.019 0.061
296 E 0.055 0.036 0.028 0.053 0.012 0.04 0.164 0.029 0.017 0.08 0.146 0.05 0.026 0.03 0.02 0.041 0.039 0.006 0.019 0.109
297 R 0.044 0.355 0.038 0.031 0.008 0.048 0.052 0.032 0.023 0.023 0.046 0.118 0.015 0.017 0.019 0.044 0.034 0.006 0.017 0.031
298 V 0.057 0.021 0.015 0.017 0.017 0.015 0.021 0.022 0.009 0.18 0.202 0.025 0.037 0.042 0.015 0.028 0.042 0.006 0.021 0.207
299 D 0.058 0.031 0.051 0.219 0.012 0.027 0.063 0.045 0.016 0.047 0.12 0.042 0.021 0.026 0.022 0.09 0.046 0.005 0.015 0.046
300 D 0.048 0.051 0.056 0.226 0.008 0.128 0.096 0.043 0.024 0.024 0.037 0.067 0.015 0.015 0.023 0.053 0.038 0.005 0.016 0.029
301 I 0.052 0.018 0.015 0.017 0.017 0.014 0.019 0.021 0.009 0.252 0.156 0.024 0.035 0.041 0.015 0.027 0.042 0.006 0.02 0.2
302 F 0.043 0.024 0.018 0.018 0.013 0.018 0.023 0.024 0.022 0.122 0.135 0.027 0.063 0.154 0.014 0.029 0.033 0.014 0.115 0.091
303 E 0.05 0.04 0.042 0.151 0.009 0.046 0.183 0.036 0.021 0.041 0.073 0.057 0.052 0.024 0.022 0.049 0.037 0.006 0.017 0.044
304 T 0.081 0.036 0.045 0.04 0.017 0.029 0.042 0.048 0.015 0.047 0.058 0.047 0.018 0.023 0.028 0.126 0.213 0.006 0.017 0.063
305 L 0.042 0.026 0.018 0.017 0.013 0.019 0.024 0.023 0.028 0.078 0.226 0.028 0.034 0.091 0.015 0.027 0.03 0.017 0.175 0.07
306 G 0.055 0.123 0.112 0.048 0.009 0.081 0.057 0.164 0.024 0.022 0.038 0.074 0.014 0.016 0.02 0.055 0.038 0.005 0.016 0.029
307 L 0.115 0.028 0.024 0.024 0.018 0.021 0.03 0.04 0.012 0.081 0.223 0.035 0.034 0.038 0.021 0.056 0.093 0.006 0.02 0.082
308 I 0.052 0.018 0.015 0.017 0.017 0.014 0.019 0.021 0.009 0.252 0.156 0.024 0.035 0.041 0.015 0.027 0.042 0.006 0.02 0.2
309 L 0.063 0.034 0.03 0.042 0.014 0.032 0.1 0.035 0.016 0.07 0.212 0.044 0.031 0.036 0.021 0.083 0.046 0.006 0.019 0.065
310 G 0.058 0.061 0.112 0.051 0.009 0.083 0.061 0.166 0.023 0.024 0.037 0.116 0.014 0.016 0.022 0.057 0.039 0.005 0.016 0.029
311 N 0.042 0.044 0.258 0.071 0.009 0.034 0.05 0.058 0.114 0.022 0.033 0.051 0.012 0.021 0.02 0.062 0.043 0.005 0.026 0.026
312 N 0.042 0.044 0.327 0.082 0.009 0.033 0.049 0.064 0.031 0.022 0.031 0.053 0.011 0.018 0.02 0.069 0.049 0.004 0.015 0.027
313 Y 0.04 0.023 0.019 0.018 0.011 0.017 0.023 0.024 0.029 0.108 0.103 0.026 0.025 0.174 0.014 0.028 0.03 0.019 0.191 0.08
314 F 0.033 0.019 0.017 0.017 0.01 0.01 0.019 0.025 0.017 0.062 0.113 0.019 0.025 0.396 0.01 0.025 0.025 0.017 0.087 0.054
315 V 0.054 0.021 0.015 0.017 0.015 0.015 0.021 0.025 0.01 0.159 0.119 0.024 0.028 0.043 0.014 0.028 0.04 0.129 0.032 0.191
316 G 0.077 0.023 0.039 0.033 0.011 0.019 0.025 0.517 0.013 0.019 0.028 0.033 0.009 0.016 0.019 0.051 0.029 0.005 0.011 0.024
317 V 0.057 0.021 0.015 0.017 0.017 0.015 0.021 0.022 0.009 0.18 0.202 0.025 0.037 0.042 0.015 0.028 0.042 0.006 0.021 0.207
318 G 0.077 0.023 0.039 0.033 0.011 0.019 0.025 0.517 0.013 0.019 0.028 0.033 0.009 0.016 0.019 0.051 0.029 0.005 0.011 0.024
319 L 0.044 0.024 0.014 0.015 0.016 0.016 0.02 0.021 0.01 0.114 0.385 0.025 0.049 0.054 0.014 0.024 0.033 0.007 0.022 0.095
