#Seq2Logo.py -f /work3/idamei/ssn-clusterings/clustering/2205181304/clusters/0012_34/sequences.afa -o /work3/idamei/ssn-clusterings/clustering/2205181304/clusters/0012_34/sequences.logo
#Position Specific Frequency Matrix
A R N D C Q E G H I L K M F P S T W Y V
0 L 0.052 0.032 0.02 0.02 0.016 0.028 0.028 0.028 0.016 0.101 0.198 0.036 0.157 0.048 0.016 0.036 0.04 0.008 0.024 0.093
1 R 0.045 0.342 0.039 0.031 0.008 0.049 0.053 0.033 0.023 0.023 0.047 0.121 0.016 0.017 0.019 0.045 0.035 0.006 0.017 0.031
2 S 0.11 0.04 0.054 0.049 0.018 0.033 0.053 0.067 0.019 0.03 0.042 0.054 0.016 0.021 0.03 0.216 0.082 0.005 0.018 0.042
3 I 0.047 0.018 0.015 0.018 0.016 0.013 0.018 0.021 0.009 0.268 0.169 0.024 0.037 0.044 0.015 0.025 0.04 0.006 0.021 0.177
4 F 0.034 0.019 0.017 0.017 0.011 0.011 0.019 0.026 0.017 0.064 0.115 0.019 0.026 0.384 0.011 0.026 0.026 0.017 0.089 0.055
5 L 0.054 0.03 0.019 0.02 0.016 0.026 0.027 0.027 0.015 0.107 0.186 0.034 0.155 0.046 0.016 0.035 0.041 0.008 0.023 0.115
6 I 0.076 0.02 0.016 0.019 0.015 0.014 0.021 0.029 0.011 0.19 0.137 0.025 0.031 0.128 0.015 0.033 0.038 0.008 0.037 0.137
7 E 0.047 0.035 0.029 0.053 0.01 0.039 0.164 0.029 0.023 0.063 0.08 0.049 0.029 0.126 0.019 0.041 0.033 0.01 0.064 0.055
8 N 0.04 0.038 0.249 0.066 0.009 0.028 0.041 0.054 0.027 0.032 0.051 0.045 0.015 0.112 0.018 0.058 0.043 0.007 0.033 0.033
9 L 0.068 0.021 0.016 0.018 0.015 0.014 0.021 0.027 0.012 0.155 0.195 0.025 0.034 0.132 0.015 0.031 0.036 0.009 0.037 0.121
10 L 0.045 0.023 0.014 0.016 0.016 0.016 0.02 0.021 0.01 0.155 0.324 0.025 0.05 0.051 0.014 0.024 0.035 0.007 0.022 0.114
11 I 0.053 0.022 0.022 0.022 0.016 0.017 0.023 0.026 0.01 0.21 0.153 0.029 0.033 0.039 0.018 0.042 0.094 0.006 0.02 0.146
12 F 0.057 0.025 0.025 0.025 0.014 0.018 0.028 0.034 0.016 0.075 0.134 0.029 0.031 0.215 0.016 0.077 0.042 0.011 0.053 0.075
13 I 0.052 0.019 0.015 0.017 0.017 0.014 0.019 0.021 0.009 0.226 0.19 0.024 0.037 0.043 0.015 0.026 0.041 0.006 0.021 0.188
14 L 0.05 0.022 0.016 0.017 0.016 0.015 0.021 0.023 0.011 0.133 0.229 0.024 0.046 0.111 0.014 0.027 0.037 0.008 0.034 0.146
15 F 0.036 0.02 0.016 0.016 0.012 0.012 0.019 0.024 0.015 0.075 0.181 0.02 0.031 0.31 0.011 0.025 0.027 0.014 0.071 0.064
16 L 0.078 0.023 0.016 0.018 0.017 0.016 0.022 0.028 0.01 0.16 0.259 0.027 0.04 0.045 0.016 0.032 0.038 0.006 0.021 0.128
17 F 0.047 0.02 0.016 0.017 0.014 0.013 0.02 0.024 0.013 0.129 0.128 0.022 0.033 0.217 0.013 0.028 0.035 0.011 0.054 0.145
18 S 0.144 0.032 0.037 0.036 0.018 0.026 0.041 0.058 0.015 0.081 0.072 0.044 0.02 0.025 0.026 0.144 0.064 0.005 0.018 0.094
19 L 0.064 0.028 0.026 0.025 0.018 0.021 0.029 0.031 0.011 0.106 0.166 0.033 0.031 0.035 0.02 0.054 0.13 0.006 0.02 0.148
20 L 0.046 0.023 0.014 0.015 0.075 0.015 0.019 0.022 0.01 0.11 0.338 0.024 0.044 0.049 0.014 0.026 0.033 0.007 0.021 0.092
21 L 0.051 0.021 0.015 0.017 0.016 0.015 0.02 0.022 0.009 0.187 0.213 0.024 0.038 0.066 0.015 0.027 0.039 0.007 0.025 0.174
22 A 0.163 0.032 0.032 0.032 0.018 0.025 0.038 0.057 0.015 0.06 0.136 0.042 0.025 0.03 0.025 0.118 0.056 0.006 0.019 0.072
23 N 0.042 0.044 0.293 0.076 0.009 0.034 0.049 0.061 0.073 0.022 0.032 0.052 0.012 0.019 0.02 0.065 0.046 0.005 0.021 0.026
24 R 0.041 0.135 0.026 0.023 0.009 0.03 0.037 0.03 0.025 0.044 0.061 0.079 0.017 0.069 0.016 0.035 0.03 0.135 0.11 0.047
25 R 0.047 0.266 0.04 0.035 0.008 0.104 0.067 0.035 0.025 0.024 0.046 0.109 0.017 0.016 0.02 0.047 0.036 0.006 0.018 0.032
26 L 0.05 0.023 0.015 0.016 0.017 0.016 0.021 0.022 0.009 0.126 0.321 0.025 0.044 0.049 0.015 0.026 0.037 0.007 0.022 0.141
27 R 0.049 0.261 0.039 0.034 0.008 0.05 0.058 0.036 0.022 0.025 0.045 0.182 0.015 0.016 0.022 0.047 0.036 0.005 0.017 0.031
28 I 0.047 0.018 0.015 0.018 0.016 0.014 0.018 0.021 0.009 0.276 0.166 0.024 0.041 0.044 0.015 0.025 0.039 0.006 0.02 0.171
29 F 0.036 0.02 0.016 0.016 0.012 0.012 0.019 0.024 0.015 0.075 0.181 0.02 0.031 0.31 0.011 0.025 0.027 0.014 0.071 0.064
30 S 0.108 0.04 0.053 0.048 0.017 0.033 0.052 0.065 0.019 0.029 0.041 0.053 0.015 0.021 0.029 0.231 0.081 0.005 0.017 0.041
31 F 0.043 0.023 0.023 0.022 0.012 0.015 0.024 0.029 0.016 0.06 0.1 0.025 0.024 0.303 0.015 0.042 0.083 0.014 0.07 0.058
32 R 0.046 0.308 0.039 0.032 0.008 0.049 0.055 0.034 0.022 0.024 0.045 0.15 0.015 0.017 0.021 0.046 0.035 0.006 0.017 0.031
33 P 0.056 0.025 0.023 0.031 0.01 0.02 0.036 0.036 0.013 0.025 0.036 0.041 0.01 0.013 0.501 0.043 0.036 0.003 0.013 0.031
34 S 0.099 0.038 0.051 0.045 0.017 0.031 0.048 0.06 0.018 0.035 0.047 0.051 0.016 0.021 0.029 0.196 0.125 0.005 0.017 0.048
35 V 0.061 0.021 0.016 0.017 0.018 0.015 0.022 0.024 0.009 0.175 0.134 0.025 0.032 0.071 0.015 0.03 0.045 0.007 0.027 0.239
36 L 0.05 0.023 0.015 0.016 0.017 0.016 0.021 0.022 0.009 0.126 0.321 0.025 0.044 0.049 0.015 0.026 0.037 0.007 0.022 0.141
37 G 0.077 0.023 0.039 0.033 0.011 0.019 0.025 0.517 0.013 0.019 0.028 0.033 0.009 0.016 0.019 0.051 0.029 0.005 0.011 0.024
38 A 0.186 0.03 0.03 0.031 0.018 0.023 0.038 0.061 0.016 0.044 0.068 0.04 0.019 0.115 0.025 0.106 0.051 0.008 0.035 0.058
39 F 0.048 0.026 0.024 0.022 0.013 0.019 0.026 0.029 0.022 0.093 0.111 0.03 0.034 0.149 0.017 0.044 0.087 0.014 0.114 0.078
40 L 0.043 0.021 0.015 0.016 0.015 0.014 0.019 0.022 0.011 0.146 0.279 0.023 0.041 0.115 0.013 0.024 0.033 0.009 0.034 0.107
41 F 0.039 0.019 0.016 0.017 0.013 0.012 0.019 0.023 0.013 0.127 0.177 0.021 0.032 0.244 0.012 0.025 0.03 0.012 0.058 0.092
42 L 0.044 0.022 0.014 0.016 0.016 0.015 0.019 0.021 0.01 0.156 0.33 0.025 0.046 0.051 0.014 0.024 0.034 0.007 0.022 0.115
43 T 0.12 0.036 0.044 0.04 0.018 0.029 0.043 0.056 0.016 0.043 0.055 0.048 0.018 0.022 0.028 0.138 0.164 0.005 0.017 0.06
44 L 0.05 0.023 0.015 0.016 0.017 0.016 0.021 0.022 0.009 0.126 0.321 0.025 0.044 0.049 0.015 0.026 0.037 0.007 0.022 0.141
45 F 0.036 0.02 0.016 0.016 0.012 0.012 0.019 0.024 0.015 0.075 0.181 0.02 0.031 0.31 0.011 0.025 0.027 0.014 0.071 0.064
46 V 0.064 0.021 0.016 0.018 0.018 0.016 0.022 0.023 0.008 0.188 0.136 0.025 0.032 0.037 0.016 0.031 0.047 0.006 0.02 0.257
47 Q 0.052 0.06 0.036 0.04 0.01 0.169 0.087 0.035 0.024 0.048 0.131 0.073 0.027 0.024 0.021 0.047 0.039 0.006 0.021 0.05
48 I 0.046 0.017 0.014 0.017 0.016 0.013 0.017 0.02 0.009 0.282 0.165 0.023 0.036 0.044 0.014 0.025 0.039 0.006 0.02 0.174
49 I 0.052 0.018 0.015 0.017 0.017 0.014 0.019 0.021 0.009 0.252 0.156 0.024 0.035 0.041 0.015 0.027 0.042 0.006 0.02 0.2
50 P 0.056 0.025 0.023 0.031 0.01 0.02 0.036 0.036 0.013 0.025 0.036 0.041 0.01 0.013 0.501 0.043 0.036 0.003 0.013 0.031
51 G 0.077 0.023 0.039 0.033 0.011 0.019 0.025 0.517 0.013 0.019 0.028 0.033 0.009 0.016 0.019 0.051 0.029 0.005 0.011 0.024
52 T 0.066 0.031 0.036 0.032 0.017 0.024 0.033 0.037 0.012 0.11 0.089 0.039 0.024 0.028 0.024 0.075 0.203 0.006 0.018 0.096
53 I 0.047 0.018 0.015 0.017 0.016 0.013 0.018 0.02 0.009 0.278 0.164 0.023 0.036 0.043 0.015 0.025 0.04 0.006 0.02 0.177
54 L 0.044 0.024 0.014 0.015 0.016 0.016 0.02 0.021 0.01 0.114 0.385 0.025 0.049 0.054 0.014 0.024 0.033 0.007 0.022 0.095
55 V 0.069 0.022 0.016 0.018 0.019 0.016 0.023 0.024 0.008 0.162 0.128 0.026 0.031 0.035 0.016 0.032 0.049 0.005 0.02 0.28
56 S 0.138 0.038 0.049 0.045 0.018 0.032 0.05 0.067 0.018 0.031 0.044 0.052 0.016 0.021 0.029 0.208 0.076 0.005 0.017 0.045
57 F 0.036 0.02 0.016 0.016 0.012 0.012 0.019 0.024 0.015 0.075 0.181 0.02 0.031 0.31 0.011 0.025 0.027 0.014 0.071 0.064
58 F 0.034 0.019 0.017 0.017 0.011 0.011 0.019 0.025 0.017 0.063 0.12 0.019 0.026 0.377 0.011 0.025 0.025 0.017 0.093 0.055
59 E 0.113 0.042 0.084 0.103 0.011 0.046 0.179 0.051 0.023 0.027 0.04 0.061 0.013 0.018 0.025 0.064 0.041 0.005 0.016 0.039
60 F 0.037 0.023 0.019 0.018 0.01 0.016 0.023 0.025 0.031 0.053 0.09 0.025 0.022 0.262 0.013 0.028 0.026 0.022 0.208 0.05
61 P 0.056 0.025 0.023 0.031 0.01 0.02 0.036 0.036 0.013 0.025 0.036 0.041 0.01 0.013 0.501 0.043 0.036 0.003 0.013 0.031
62 L 0.048 0.028 0.017 0.017 0.016 0.022 0.024 0.024 0.013 0.106 0.289 0.03 0.111 0.051 0.015 0.03 0.036 0.007 0.023 0.093
63 V 0.089 0.031 0.035 0.033 0.018 0.024 0.037 0.045 0.013 0.096 0.085 0.04 0.023 0.028 0.023 0.132 0.065 0.005 0.019 0.16
64 L 0.042 0.025 0.018 0.017 0.013 0.019 0.023 0.025 0.022 0.08 0.19 0.027 0.066 0.157 0.014 0.029 0.031 0.015 0.115 0.072
65 G 0.06 0.033 0.183 0.058 0.01 0.026 0.037 0.291 0.022 0.02 0.029 0.043 0.01 0.017 0.019 0.06 0.039 0.005 0.013 0.025
66 V 0.063 0.021 0.016 0.018 0.018 0.015 0.022 0.023 0.008 0.192 0.138 0.025 0.032 0.037 0.016 0.03 0.046 0.006 0.02 0.253
67 D 0.048 0.055 0.052 0.134 0.008 0.13 0.086 0.041 0.11 0.024 0.04 0.067 0.016 0.018 0.022 0.051 0.036 0.006 0.027 0.029
68 D 0.068 0.036 0.121 0.142 0.013 0.03 0.056 0.053 0.02 0.034 0.044 0.048 0.014 0.019 0.024 0.093 0.121 0.005 0.015 0.044
69 G 0.078 0.028 0.033 0.031 0.016 0.022 0.032 0.159 0.013 0.077 0.108 0.036 0.023 0.028 0.021 0.091 0.069 0.006 0.017 0.113
70 I 0.049 0.025 0.017 0.019 0.016 0.02 0.023 0.024 0.012 0.19 0.18 0.029 0.105 0.046 0.015 0.03 0.039 0.007 0.022 0.133
71 S 0.105 0.039 0.052 0.047 0.017 0.032 0.05 0.063 0.018 0.031 0.043 0.052 0.016 0.021 0.029 0.218 0.097 0.005 0.017 0.044
72 E 0.121 0.047 0.067 0.101 0.012 0.086 0.129 0.052 0.023 0.029 0.043 0.064 0.015 0.017 0.025 0.064 0.042 0.005 0.017 0.041
73 E 0.065 0.045 0.115 0.077 0.01 0.048 0.179 0.05 0.025 0.024 0.036 0.064 0.013 0.018 0.025 0.102 0.05 0.005 0.016 0.032
74 L 0.065 0.032 0.032 0.029 0.017 0.024 0.033 0.036 0.012 0.09 0.155 0.045 0.029 0.033 0.022 0.072 0.15 0.006 0.019 0.099
75 L 0.047 0.127 0.027 0.025 0.012 0.033 0.04 0.029 0.016 0.069 0.214 0.114 0.032 0.035 0.019 0.036 0.035 0.006 0.02 0.063
76 I 0.049 0.029 0.034 0.133 0.012 0.03 0.108 0.031 0.015 0.141 0.095 0.041 0.023 0.029 0.019 0.039 0.038 0.005 0.017 0.111
77 F 0.041 0.031 0.022 0.031 0.011 0.024 0.076 0.027 0.017 0.065 0.162 0.048 0.028 0.215 0.015 0.032 0.03 0.011 0.053 0.059
78 T 0.072 0.035 0.043 0.037 0.018 0.027 0.039 0.043 0.014 0.053 0.064 0.045 0.019 0.023 0.027 0.091 0.258 0.006 0.018 0.07
79 F 0.036 0.02 0.016 0.016 0.012 0.012 0.019 0.024 0.015 0.075 0.181 0.02 0.031 0.31 0.011 0.025 0.027 0.014 0.071 0.064
80 R 0.041 0.254 0.033 0.028 0.008 0.051 0.047 0.032 0.021 0.025 0.047 0.093 0.016 0.028 0.016 0.039 0.032 0.129 0.03 0.031
81 Y 0.04 0.028 0.021 0.018 0.009 0.021 0.028 0.025 0.046 0.043 0.067 0.031 0.018 0.129 0.015 0.031 0.028 0.028 0.328 0.046
82 T 0.072 0.035 0.043 0.037 0.018 0.027 0.039 0.043 0.014 0.053 0.064 0.045 0.019 0.023 0.027 0.091 0.258 0.006 0.018 0.07
83 F 0.075 0.023 0.02 0.02 0.014 0.016 0.024 0.033 0.014 0.078 0.169 0.027 0.03 0.206 0.016 0.04 0.06 0.011 0.051 0.072
84 G 0.059 0.022 0.024 0.023 0.074 0.016 0.022 0.149 0.011 0.137 0.133 0.028 0.026 0.032 0.017 0.041 0.063 0.006 0.017 0.099
85 S 0.108 0.04 0.053 0.048 0.017 0.033 0.052 0.065 0.019 0.029 0.041 0.053 0.015 0.021 0.029 0.231 0.081 0.005 0.017 0.041
86 I 0.046 0.019 0.014 0.017 0.016 0.014 0.018 0.02 0.009 0.24 0.22 0.024 0.039 0.046 0.014 0.024 0.038 0.006 0.021 0.154
87 A 0.202 0.035 0.039 0.038 0.019 0.029 0.045 0.07 0.016 0.037 0.051 0.048 0.017 0.021 0.029 0.149 0.076 0.005 0.017 0.056
88 L 0.076 0.022 0.019 0.02 0.076 0.017 0.023 0.03 0.01 0.155 0.184 0.028 0.033 0.038 0.018 0.041 0.066 0.006 0.019 0.12
89 L 0.043 0.024 0.014 0.015 0.016 0.016 0.02 0.021 0.01 0.11 0.368 0.025 0.047 0.075 0.014 0.024 0.032 0.008 0.026 0.092
90 L 0.041 0.023 0.015 0.015 0.015 0.015 0.02 0.022 0.012 0.101 0.317 0.023 0.043 0.139 0.013 0.024 0.031 0.009 0.038 0.085
91 L 0.04 0.022 0.015 0.016 0.014 0.014 0.019 0.022 0.012 0.094 0.283 0.023 0.04 0.182 0.013 0.024 0.03 0.011 0.047 0.08
92 F 0.06 0.028 0.026 0.025 0.015 0.021 0.029 0.035 0.016 0.1 0.134 0.033 0.067 0.138 0.017 0.079 0.046 0.009 0.039 0.081
93 L 0.046 0.021 0.014 0.016 0.016 0.015 0.019 0.021 0.009 0.194 0.274 0.024 0.042 0.048 0.014 0.025 0.036 0.006 0.021 0.138
94 S 0.083 0.034 0.042 0.038 0.015 0.027 0.042 0.053 0.017 0.033 0.048 0.044 0.016 0.042 0.023 0.16 0.081 0.129 0.032 0.042
95 F 0.072 0.021 0.017 0.018 0.015 0.014 0.022 0.028 0.012 0.145 0.15 0.025 0.031 0.15 0.015 0.032 0.037 0.009 0.041 0.146
96 F 0.086 0.021 0.019 0.019 0.134 0.015 0.023 0.034 0.012 0.079 0.095 0.025 0.023 0.153 0.016 0.044 0.038 0.009 0.041 0.112
97 S 0.099 0.038 0.051 0.045 0.017 0.031 0.048 0.06 0.018 0.035 0.047 0.051 0.016 0.021 0.029 0.196 0.125 0.005 0.017 0.048
98 L 0.05 0.044 0.025 0.025 0.012 0.025 0.035 0.031 0.018 0.072 0.156 0.092 0.028 0.133 0.018 0.046 0.036 0.011 0.065 0.078
99 F 0.037 0.021 0.018 0.017 0.011 0.014 0.021 0.025 0.023 0.074 0.105 0.022 0.024 0.296 0.012 0.027 0.027 0.018 0.141 0.067
100 L 0.051 0.019 0.016 0.017 0.09 0.013 0.019 0.024 0.011 0.144 0.148 0.022 0.03 0.127 0.014 0.029 0.037 0.008 0.036 0.145
101 D 0.042 0.085 0.152 0.236 0.008 0.034 0.07 0.05 0.023 0.022 0.032 0.059 0.011 0.016 0.021 0.056 0.04 0.004 0.014 0.026
102 L 0.039 0.021 0.015 0.016 0.013 0.013 0.019 0.023 0.013 0.088 0.249 0.022 0.037 0.225 0.012 0.024 0.029 0.012 0.055 0.074
103 D 0.04 0.029 0.068 0.406 0.007 0.029 0.09 0.046 0.018 0.022 0.028 0.044 0.009 0.015 0.022 0.051 0.035 0.004 0.011 0.024
104 V 0.063 0.02 0.016 0.018 0.018 0.015 0.021 0.023 0.008 0.196 0.139 0.025 0.033 0.038 0.016 0.03 0.046 0.006 0.02 0.25
105 D 0.042 0.114 0.125 0.231 0.008 0.035 0.07 0.047 0.023 0.022 0.033 0.065 0.011 0.016 0.021 0.054 0.038 0.004 0.014 0.026
106 L 0.042 0.022 0.015 0.016 0.015 0.014 0.02 0.022 0.011 0.113 0.295 0.023 0.042 0.138 0.013 0.025 0.032 0.009 0.038 0.095
107 N 0.066 0.056 0.114 0.067 0.012 0.039 0.077 0.052 0.022 0.05 0.05 0.111 0.016 0.02 0.024 0.104 0.053 0.005 0.017 0.046
108 K 0.078 0.072 0.046 0.043 0.013 0.042 0.059 0.051 0.019 0.031 0.045 0.17 0.016 0.018 0.028 0.125 0.082 0.005 0.017 0.04
109 L 0.112 0.023 0.018 0.02 0.017 0.017 0.025 0.037 0.012 0.106 0.157 0.028 0.03 0.126 0.018 0.041 0.039 0.009 0.037 0.129
110 P 0.065 0.033 0.049 0.042 0.013 0.029 0.07 0.041 0.016 0.048 0.124 0.045 0.022 0.026 0.172 0.088 0.047 0.005 0.017 0.049
111 D 0.12 0.029 0.038 0.123 0.016 0.025 0.048 0.048 0.014 0.07 0.07 0.04 0.019 0.024 0.024 0.065 0.098 0.005 0.017 0.11
112 S 0.08 0.07 0.129 0.055 0.014 0.034 0.05 0.06 0.033 0.027 0.039 0.059 0.014 0.02 0.025 0.158 0.071 0.005 0.018 0.036
113 K 0.049 0.07 0.035 0.036 0.009 0.041 0.068 0.035 0.062 0.032 0.05 0.164 0.016 0.056 0.022 0.044 0.034 0.013 0.128 0.036
114 G 0.056 0.118 0.034 0.032 0.011 0.077 0.05 0.153 0.019 0.054 0.102 0.067 0.022 0.024 0.019 0.046 0.042 0.006 0.017 0.05
115 I 0.048 0.088 0.022 0.022 0.014 0.037 0.032 0.026 0.014 0.172 0.143 0.048 0.066 0.038 0.016 0.033 0.038 0.006 0.021 0.118
116 A 0.203 0.031 0.033 0.033 0.019 0.025 0.039 0.124 0.015 0.047 0.057 0.043 0.017 0.022 0.027 0.112 0.055 0.005 0.017 0.076
117 I 0.05 0.043 0.023 0.024 0.013 0.025 0.034 0.027 0.021 0.143 0.106 0.092 0.026 0.057 0.018 0.034 0.037 0.011 0.096 0.12
118 L 0.058 0.023 0.021 0.02 0.015 0.017 0.022 0.146 0.01 0.102 0.231 0.027 0.035 0.04 0.016 0.033 0.036 0.006 0.019 0.123
119 L 0.05 0.023 0.015 0.016 0.017 0.016 0.021 0.022 0.009 0.136 0.307 0.025 0.044 0.049 0.015 0.026 0.037 0.007 0.021 0.146
120 L 0.064 0.029 0.032 0.029 0.015 0.022 0.032 0.039 0.015 0.064 0.151 0.035 0.027 0.123 0.02 0.093 0.099 0.009 0.036 0.065
121 L 0.042 0.022 0.015 0.016 0.015 0.014 0.019 0.022 0.011 0.122 0.289 0.023 0.041 0.138 0.013 0.024 0.032 0.009 0.038 0.095
122 L 0.042 0.021 0.015 0.016 0.015 0.014 0.019 0.022 0.011 0.143 0.262 0.023 0.04 0.137 0.013 0.024 0.033 0.009 0.038 0.104
123 A 0.204 0.035 0.039 0.039 0.019 0.029 0.046 0.071 0.017 0.036 0.05 0.049 0.016 0.021 0.029 0.158 0.065 0.005 0.017 0.055
124 L 0.04 0.02 0.015 0.016 0.014 0.013 0.019 0.022 0.012 0.135 0.219 0.022 0.036 0.19 0.013 0.025 0.031 0.011 0.048 0.098
125 L 0.072 0.022 0.016 0.018 0.018 0.016 0.022 0.026 0.009 0.172 0.197 0.026 0.036 0.041 0.016 0.032 0.042 0.006 0.021 0.194
126 V 0.069 0.022 0.016 0.018 0.019 0.016 0.023 0.024 0.008 0.162 0.128 0.026 0.031 0.035 0.016 0.032 0.049 0.005 0.02 0.28
127 V 0.058 0.02 0.015 0.017 0.017 0.015 0.02 0.022 0.008 0.222 0.147 0.024 0.034 0.039 0.015 0.029 0.044 0.006 0.02 0.227
128 F 0.06 0.02 0.017 0.018 0.027 0.012 0.021 0.03 0.016 0.065 0.131 0.022 0.026 0.317 0.013 0.031 0.028 0.014 0.072 0.059
129 I 0.05 0.018 0.015 0.017 0.016 0.014 0.018 0.021 0.009 0.263 0.16 0.024 0.035 0.042 0.015 0.026 0.041 0.006 0.02 0.191
130 K 0.056 0.106 0.041 0.041 0.008 0.053 0.07 0.043 0.02 0.027 0.043 0.289 0.015 0.015 0.027 0.053 0.039 0.005 0.017 0.032
131 V 0.063 0.021 0.016 0.018 0.018 0.015 0.022 0.023 0.008 0.192 0.138 0.025 0.032 0.037 0.016 0.03 0.046 0.006 0.02 0.253
132 A 0.174 0.029 0.021 0.023 0.018 0.023 0.032 0.051 0.014 0.073 0.165 0.037 0.063 0.047 0.022 0.057 0.042 0.007 0.022 0.079
133 S 0.108 0.04 0.053 0.048 0.017 0.033 0.052 0.065 0.019 0.029 0.041 0.053 0.015 0.021 0.029 0.231 0.081 0.005 0.017 0.041
134 V 0.058 0.02 0.015 0.017 0.017 0.015 0.02 0.022 0.008 0.222 0.147 0.024 0.034 0.039 0.015 0.029 0.044 0.006 0.02 0.227
135 G 0.077 0.023 0.039 0.033 0.011 0.019 0.025 0.517 0.013 0.019 0.028 0.033 0.009 0.016 0.019 0.051 0.029 0.005 0.011 0.024
136 N 0.045 0.047 0.175 0.174 0.008 0.08 0.075 0.053 0.027 0.023 0.034 0.059 0.013 0.016 0.021 0.06 0.042 0.005 0.015 0.028
137 L 0.051 0.02 0.015 0.017 0.017 0.015 0.019 0.021 0.009 0.21 0.211 0.024 0.038 0.044 0.015 0.026 0.04 0.006 0.021 0.181
138 P 0.056 0.025 0.023 0.031 0.01 0.02 0.036 0.036 0.013 0.025 0.036 0.041 0.01 0.013 0.501 0.043 0.036 0.003 0.013 0.031
139 L 0.042 0.021 0.015 0.016 0.015 0.014 0.019 0.022 0.011 0.143 0.262 0.023 0.04 0.137 0.013 0.024 0.033 0.009 0.038 0.104
140 L 0.044 0.022 0.015 0.016 0.015 0.015 0.02 0.022 0.011 0.112 0.278 0.023 0.04 0.137 0.013 0.025 0.033 0.009 0.038 0.11
141 L 0.053 0.029 0.023 0.022 0.016 0.022 0.027 0.028 0.012 0.095 0.257 0.033 0.073 0.045 0.018 0.044 0.091 0.007 0.021 0.088
142 A 0.279 0.03 0.024 0.028 0.021 0.024 0.038 0.072 0.014 0.054 0.065 0.042 0.019 0.023 0.028 0.079 0.049 0.005 0.018 0.088
143 L 0.045 0.022 0.014 0.016 0.016 0.015 0.019 0.021 0.01 0.166 0.31 0.025 0.049 0.05 0.014 0.025 0.035 0.007 0.022 0.119
144 R 0.063 0.177 0.044 0.039 0.01 0.044 0.057 0.044 0.053 0.026 0.043 0.143 0.015 0.019 0.024 0.093 0.047 0.006 0.021 0.033
145 G 0.077 0.023 0.039 0.033 0.011 0.019 0.025 0.517 0.013 0.019 0.028 0.033 0.009 0.016 0.019 0.051 0.029 0.005 0.011 0.024
146 D 0.04 0.029 0.068 0.406 0.007 0.029 0.09 0.046 0.018 0.022 0.028 0.044 0.009 0.015 0.022 0.051 0.035 0.004 0.011 0.024
147 G 0.13 0.028 0.033 0.032 0.015 0.022 0.034 0.171 0.016 0.038 0.06 0.037 0.017 0.113 0.022 0.098 0.046 0.008 0.033 0.047
148 E 0.05 0.038 0.038 0.121 0.009 0.046 0.201 0.033 0.02 0.087 0.067 0.057 0.018 0.023 0.022 0.046 0.037 0.005 0.017 0.066
149 G 0.069 0.023 0.032 0.029 0.012 0.018 0.024 0.393 0.012 0.042 0.117 0.031 0.019 0.025 0.017 0.044 0.03 0.006 0.013 0.042
150 A 0.301 0.031 0.025 0.029 0.021 0.025 0.04 0.077 0.015 0.043 0.059 0.044 0.017 0.021 0.029 0.084 0.049 0.005 0.017 0.068
151 A 0.289 0.031 0.027 0.03 0.021 0.026 0.041 0.076 0.015 0.042 0.057 0.044 0.017 0.021 0.029 0.093 0.051 0.005 0.017 0.066
152 L 0.045 0.025 0.015 0.016 0.016 0.017 0.021 0.022 0.011 0.112 0.361 0.026 0.064 0.053 0.014 0.025 0.034 0.007 0.022 0.094
153 L 0.096 0.037 0.024 0.026 0.015 0.07 0.044 0.037 0.015 0.081 0.223 0.045 0.035 0.037 0.019 0.043 0.039 0.006 0.021 0.086
154 K 0.056 0.106 0.041 0.041 0.008 0.053 0.07 0.043 0.02 0.027 0.043 0.289 0.015 0.015 0.027 0.053 0.039 0.005 0.017 0.032
155 A 0.295 0.031 0.026 0.03 0.021 0.025 0.04 0.077 0.015 0.042 0.058 0.044 0.017 0.021 0.029 0.088 0.05 0.005 0.017 0.067
156 K 0.053 0.16 0.041 0.04 0.008 0.095 0.073 0.04 0.023 0.026 0.044 0.196 0.017 0.016 0.024 0.051 0.038 0.005 0.018 0.032
157 I 0.052 0.018 0.015 0.017 0.017 0.014 0.019 0.021 0.009 0.252 0.156 0.024 0.035 0.041 0.015 0.027 0.042 0.006 0.02 0.2
158 L 0.044 0.024 0.014 0.015 0.016 0.016 0.02 0.021 0.01 0.114 0.385 0.025 0.049 0.054 0.014 0.024 0.033 0.007 0.022 0.095
159 K 0.052 0.167 0.041 0.039 0.008 0.095 0.073 0.039 0.023 0.026 0.044 0.191 0.017 0.016 0.024 0.051 0.038 0.005 0.018 0.032
160 G 0.071 0.045 0.116 0.052 0.011 0.078 0.057 0.172 0.023 0.024 0.037 0.057 0.014 0.017 0.023 0.101 0.05 0.005 0.016 0.032
161 E 0.051 0.044 0.047 0.168 0.007 0.055 0.253 0.037 0.024 0.022 0.034 0.067 0.012 0.016 0.025 0.054 0.036 0.005 0.015 0.029
162 V 0.07 0.025 0.023 0.022 0.019 0.019 0.027 0.029 0.009 0.135 0.112 0.03 0.028 0.032 0.019 0.047 0.101 0.006 0.02 0.227
163 G 0.077 0.023 0.039 0.033 0.011 0.019 0.025 0.517 0.013 0.019 0.028 0.033 0.009 0.016 0.019 0.051 0.029 0.005 0.011 0.024
164 F 0.111 0.024 0.019 0.02 0.016 0.018 0.026 0.038 0.014 0.087 0.113 0.029 0.043 0.169 0.017 0.043 0.039 0.01 0.045 0.119
165 G 0.077 0.023 0.039 0.033 0.011 0.019 0.025 0.517 0.013 0.019 0.028 0.033 0.009 0.016 0.019 0.051 0.029 0.005 0.011 0.024
166 G 0.077 0.023 0.039 0.033 0.011 0.019 0.025 0.517 0.013 0.019 0.028 0.033 0.009 0.016 0.019 0.051 0.029 0.005 0.011 0.024
167 L 0.041 0.023 0.015 0.015 0.015 0.015 0.02 0.022 0.012 0.101 0.317 0.023 0.043 0.139 0.013 0.024 0.031 0.009 0.038 0.085
168 F 0.042 0.019 0.017 0.017 0.013 0.012 0.02 0.025 0.015 0.087 0.116 0.02 0.027 0.306 0.012 0.027 0.031 0.014 0.071 0.111
169 I 0.048 0.018 0.015 0.017 0.016 0.013 0.018 0.021 0.009 0.274 0.163 0.023 0.036 0.043 0.015 0.025 0.04 0.006 0.02 0.181
170 G 0.077 0.023 0.039 0.033 0.011 0.019 0.025 0.517 0.013 0.019 0.028 0.033 0.009 0.016 0.019 0.051 0.029 0.005 0.011 0.024
171 Y 0.04 0.028 0.021 0.018 0.009 0.021 0.028 0.025 0.046 0.043 0.067 0.031 0.018 0.129 0.015 0.031 0.028 0.028 0.328 0.046
172 I 0.046 0.019 0.014 0.017 0.016 0.014 0.018 0.02 0.009 0.24 0.22 0.024 0.039 0.046 0.014 0.024 0.038 0.006 0.021 0.154
173 F 0.033 0.019 0.017 0.017 0.01 0.01 0.019 0.025 0.017 0.062 0.113 0.019 0.025 0.396 0.01 0.025 0.025 0.017 0.087 0.054
174 V 0.122 0.026 0.019 0.021 0.019 0.021 0.028 0.038 0.012 0.116 0.127 0.033 0.063 0.035 0.019 0.046 0.047 0.006 0.02 0.18
175 Y 0.04 0.028 0.021 0.018 0.009 0.021 0.028 0.025 0.046 0.043 0.067 0.031 0.018 0.129 0.015 0.031 0.028 0.028 0.328 0.046
176 F 0.033 0.019 0.017 0.017 0.01 0.01 0.019 0.025 0.017 0.062 0.113 0.019 0.025 0.396 0.01 0.025 0.025 0.017 0.087 0.054
177 P 0.056 0.025 0.023 0.031 0.01 0.02 0.036 0.036 0.013 0.025 0.036 0.041 0.01 0.013 0.501 0.043 0.036 0.003 0.013 0.031
178 Y 0.04 0.028 0.021 0.018 0.009 0.021 0.028 0.025 0.046 0.043 0.067 0.031 0.018 0.129 0.015 0.031 0.028 0.028 0.328 0.046
179 V 0.064 0.024 0.022 0.022 0.018 0.018 0.026 0.028 0.01 0.165 0.122 0.03 0.029 0.034 0.019 0.045 0.099 0.006 0.02 0.201
180 S 0.156 0.037 0.046 0.043 0.018 0.031 0.049 0.068 0.018 0.033 0.046 0.051 0.016 0.021 0.029 0.195 0.073 0.005 0.017 0.048
181 L 0.045 0.025 0.015 0.015 0.016 0.017 0.021 0.022 0.011 0.112 0.367 0.026 0.061 0.053 0.014 0.025 0.034 0.007 0.022 0.094
182 V 0.062 0.02 0.016 0.018 0.018 0.015 0.021 0.023 0.008 0.2 0.14 0.025 0.033 0.038 0.016 0.03 0.046 0.006 0.02 0.247
183 Y 0.04 0.028 0.021 0.018 0.009 0.021 0.028 0.025 0.046 0.043 0.067 0.031 0.018 0.129 0.015 0.031 0.028 0.028 0.328 0.046
184 S 0.116 0.034 0.04 0.038 0.017 0.028 0.042 0.056 0.016 0.052 0.129 0.045 0.024 0.029 0.025 0.161 0.065 0.006 0.018 0.058
185 Y 0.038 0.025 0.02 0.018 0.009 0.019 0.025 0.025 0.039 0.048 0.079 0.028 0.02 0.196 0.014 0.029 0.027 0.025 0.268 0.048
186 L 0.049 0.019 0.015 0.016 0.12 0.013 0.018 0.023 0.009 0.181 0.196 0.023 0.035 0.052 0.015 0.028 0.037 0.006 0.021 0.125
187 A 0.178 0.033 0.029 0.029 0.135 0.043 0.042 0.056 0.069 0.038 0.056 0.042 0.017 0.022 0.024 0.064 0.042 0.005 0.022 0.055
188 K 0.053 0.168 0.04 0.038 0.008 0.051 0.065 0.04 0.021 0.026 0.043 0.246 0.015 0.016 0.025 0.051 0.038 0.005 0.017 0.032
189 K 0.069 0.089 0.045 0.044 0.011 0.091 0.073 0.047 0.022 0.027 0.043 0.175 0.017 0.016 0.026 0.098 0.05 0.005 0.018 0.035
190 I 0.05 0.057 0.046 0.033 0.012 0.075 0.05 0.032 0.017 0.154 0.104 0.086 0.027 0.029 0.019 0.04 0.04 0.006 0.019 0.103
191 L 0.047 0.055 0.039 0.124 0.01 0.051 0.061 0.036 0.02 0.05 0.128 0.118 0.023 0.044 0.021 0.043 0.035 0.007 0.039 0.048
192 P 0.06 0.058 0.036 0.037 0.012 0.063 0.056 0.04 0.018 0.036 0.058 0.119 0.017 0.018 0.145 0.061 0.1 0.005 0.017 0.045
193 K 0.057 0.108 0.042 0.042 0.009 0.054 0.071 0.043 0.021 0.028 0.043 0.275 0.016 0.016 0.028 0.054 0.04 0.005 0.017 0.033
194 L 0.06 0.046 0.027 0.027 0.014 0.028 0.038 0.033 0.018 0.082 0.135 0.095 0.027 0.066 0.02 0.06 0.043 0.009 0.062 0.11
195 G 0.06 0.034 0.037 0.056 0.011 0.033 0.102 0.14 0.025 0.034 0.049 0.046 0.015 0.046 0.022 0.057 0.088 0.011 0.093 0.043
196 S 0.078 0.135 0.053 0.04 0.013 0.035 0.047 0.079 0.019 0.05 0.053 0.07 0.017 0.021 0.024 0.137 0.058 0.005 0.017 0.049
197 W 0.051 0.045 0.024 0.027 0.012 0.028 0.052 0.046 0.015 0.071 0.102 0.093 0.023 0.059 0.017 0.036 0.035 0.13 0.035 0.1
198 L 0.048 0.02 0.014 0.017 0.016 0.014 0.019 0.021 0.009 0.208 0.244 0.024 0.041 0.047 0.014 0.025 0.038 0.006 0.021 0.154
199 F 0.035 0.021 0.018 0.017 0.01 0.013 0.021 0.025 0.024 0.058 0.101 0.022 0.023 0.329 0.012 0.026 0.026 0.019 0.148 0.052
200 Y 0.043 0.085 0.024 0.022 0.011 0.027 0.033 0.027 0.031 0.056 0.141 0.067 0.025 0.082 0.017 0.033 0.031 0.017 0.174 0.055
201 L 0.107 0.022 0.018 0.02 0.016 0.016 0.024 0.036 0.012 0.142 0.152 0.028 0.03 0.127 0.017 0.04 0.038 0.009 0.037 0.111
202 N 0.042 0.04 0.251 0.066 0.009 0.03 0.043 0.054 0.035 0.027 0.04 0.048 0.013 0.046 0.019 0.059 0.043 0.01 0.094 0.031
203 L 0.042 0.022 0.015 0.016 0.015 0.015 0.02 0.022 0.012 0.108 0.302 0.023 0.042 0.139 0.013 0.024 0.032 0.009 0.038 0.093
204 L 0.048 0.023 0.016 0.016 0.015 0.016 0.022 0.023 0.015 0.11 0.224 0.025 0.035 0.07 0.014 0.027 0.035 0.071 0.067 0.128
205 L 0.044 0.024 0.014 0.015 0.016 0.016 0.02 0.021 0.01 0.114 0.385 0.025 0.049 0.054 0.014 0.024 0.033 0.007 0.022 0.095
206 I 0.048 0.021 0.016 0.018 0.016 0.017 0.02 0.022 0.01 0.236 0.173 0.026 0.07 0.045 0.015 0.027 0.039 0.006 0.021 0.153
207 T 0.121 0.028 0.03 0.029 0.018 0.022 0.032 0.044 0.012 0.122 0.094 0.038 0.024 0.029 0.024 0.069 0.137 0.006 0.018 0.102
208 F 0.037 0.018 0.016 0.017 0.012 0.011 0.018 0.024 0.015 0.117 0.126 0.02 0.028 0.308 0.011 0.025 0.029 0.014 0.071 0.084
209 Y 0.04 0.028 0.021 0.018 0.009 0.021 0.028 0.025 0.046 0.043 0.067 0.031 0.018 0.129 0.015 0.031 0.028 0.028 0.328 0.046
210 S 0.145 0.031 0.037 0.035 0.137 0.026 0.04 0.06 0.015 0.036 0.051 0.043 0.016 0.021 0.026 0.147 0.062 0.005 0.016 0.052
211 L 0.045 0.023 0.014 0.016 0.016 0.016 0.02 0.021 0.01 0.144 0.332 0.025 0.054 0.052 0.014 0.025 0.035 0.007 0.022 0.109
212 Y 0.04 0.028 0.021 0.018 0.009 0.021 0.028 0.025 0.046 0.043 0.067 0.031 0.018 0.129 0.015 0.031 0.028 0.028 0.328 0.046
213 D 0.04 0.029 0.068 0.406 0.007 0.029 0.09 0.046 0.018 0.022 0.028 0.044 0.009 0.015 0.022 0.051 0.035 0.004 0.011 0.024
214 L 0.048 0.028 0.017 0.017 0.016 0.022 0.024 0.024 0.013 0.106 0.289 0.03 0.111 0.051 0.015 0.03 0.036 0.007 0.023 0.093
215 Q 0.055 0.072 0.043 0.046 0.009 0.226 0.101 0.041 0.029 0.026 0.046 0.09 0.02 0.014 0.023 0.055 0.041 0.006 0.02 0.035
216 K 0.056 0.106 0.041 0.041 0.008 0.053 0.07 0.043 0.02 0.027 0.043 0.289 0.015 0.015 0.027 0.053 0.039 0.005 0.017 0.032
217 S 0.091 0.037 0.045 0.041 0.015 0.03 0.046 0.055 0.026 0.033 0.048 0.048 0.016 0.048 0.026 0.181 0.067 0.011 0.095 0.042
218 K 0.056 0.106 0.041 0.041 0.008 0.053 0.07 0.043 0.02 0.027 0.043 0.289 0.015 0.015 0.027 0.053 0.039 0.005 0.017 0.032
219 L 0.04 0.022 0.015 0.016 0.014 0.014 0.019 0.022 0.012 0.105 0.269 0.022 0.039 0.182 0.013 0.024 0.03 0.011 0.046 0.085
220 V 0.067 0.021 0.021 0.021 0.016 0.016 0.022 0.147 0.009 0.149 0.11 0.027 0.027 0.032 0.017 0.035 0.042 0.005 0.018 0.196
221 F 0.045 0.022 0.017 0.018 0.014 0.016 0.022 0.025 0.014 0.104 0.139 0.025 0.064 0.219 0.013 0.029 0.034 0.012 0.055 0.113
222 V 0.063 0.022 0.016 0.017 0.018 0.016 0.022 0.023 0.009 0.15 0.192 0.026 0.036 0.04 0.016 0.03 0.045 0.006 0.021 0.233
223 F 0.045 0.021 0.016 0.016 0.014 0.013 0.02 0.024 0.013 0.1 0.185 0.022 0.033 0.22 0.013 0.027 0.033 0.011 0.054 0.121
224 F 0.036 0.02 0.016 0.016 0.012 0.012 0.019 0.024 0.015 0.075 0.181 0.02 0.031 0.31 0.011 0.025 0.027 0.014 0.071 0.064
225 I 0.049 0.025 0.017 0.019 0.016 0.021 0.023 0.024 0.012 0.185 0.181 0.03 0.109 0.046 0.015 0.03 0.039 0.007 0.022 0.13
226 L 0.044 0.024 0.014 0.015 0.016 0.016 0.02 0.021 0.01 0.114 0.385 0.025 0.049 0.054 0.014 0.024 0.033 0.007 0.022 0.095
227 F 0.038 0.022 0.017 0.017 0.012 0.015 0.021 0.026 0.016 0.072 0.133 0.023 0.062 0.309 0.012 0.028 0.029 0.014 0.072 0.063
228 V 0.058 0.021 0.015 0.017 0.018 0.016 0.021 0.023 0.009 0.172 0.199 0.025 0.037 0.041 0.015 0.029 0.043 0.006 0.021 0.214
229 L 0.044 0.024 0.014 0.015 0.016 0.016 0.02 0.021 0.01 0.114 0.385 0.025 0.049 0.054 0.014 0.024 0.033 0.007 0.022 0.095
230 Y 0.041 0.109 0.026 0.021 0.009 0.028 0.034 0.027 0.04 0.038 0.062 0.053 0.018 0.101 0.016 0.034 0.029 0.022 0.25 0.042
231 L 0.044 0.022 0.014 0.016 0.016 0.015 0.019 0.021 0.01 0.156 0.33 0.025 0.046 0.051 0.014 0.024 0.034 0.007 0.022 0.115
232 K 0.052 0.086 0.036 0.035 0.009 0.045 0.059 0.038 0.027 0.031 0.049 0.224 0.016 0.044 0.024 0.047 0.036 0.011 0.095 0.036
233 F 0.045 0.044 0.026 0.025 0.01 0.025 0.036 0.032 0.025 0.047 0.079 0.091 0.02 0.211 0.017 0.046 0.033 0.016 0.126 0.046
234 S 0.138 0.034 0.038 0.036 0.016 0.028 0.042 0.057 0.024 0.037 0.053 0.045 0.017 0.048 0.026 0.14 0.065 0.011 0.095 0.05
235 K 0.054 0.157 0.04 0.039 0.008 0.052 0.066 0.04 0.021 0.026 0.043 0.253 0.015 0.016 0.026 0.051 0.038 0.005 0.017 0.032
236 N 0.052 0.093 0.183 0.058 0.009 0.034 0.045 0.171 0.024 0.022 0.034 0.08 0.012 0.017 0.02 0.059 0.041 0.005 0.015 0.027
237 I 0.055 0.022 0.016 0.018 0.017 0.018 0.022 0.024 0.01 0.195 0.16 0.027 0.069 0.042 0.015 0.03 0.043 0.006 0.021 0.19
238 N 0.042 0.044 0.327 0.082 0.009 0.033 0.049 0.064 0.031 0.022 0.031 0.053 0.011 0.018 0.02 0.069 0.049 0.004 0.015 0.027
239 Y 0.048 0.029 0.027 0.023 0.011 0.023 0.03 0.029 0.038 0.045 0.067 0.034 0.019 0.102 0.018 0.046 0.085 0.022 0.25 0.052
240 F 0.035 0.021 0.016 0.016 0.01 0.013 0.02 0.026 0.015 0.066 0.119 0.021 0.024 0.226 0.01 0.024 0.026 0.181 0.07 0.06
241 Y 0.044 0.108 0.024 0.021 0.011 0.027 0.032 0.026 0.031 0.064 0.119 0.051 0.024 0.081 0.016 0.033 0.032 0.017 0.174 0.068
242 V 0.062 0.02 0.016 0.018 0.018 0.015 0.021 0.023 0.008 0.2 0.14 0.025 0.033 0.038 0.016 0.03 0.046 0.006 0.02 0.247
243 L 0.064 0.025 0.021 0.021 0.015 0.017 0.025 0.03 0.013 0.084 0.235 0.029 0.035 0.132 0.017 0.045 0.069 0.009 0.037 0.077
244 I 0.049 0.02 0.017 0.018 0.015 0.014 0.019 0.067 0.009 0.215 0.207 0.025 0.037 0.044 0.015 0.027 0.037 0.006 0.02 0.14
245 A 0.132 0.031 0.034 0.033 0.018 0.025 0.037 0.051 0.014 0.102 0.082 0.041 0.022 0.027 0.025 0.108 0.107 0.006 0.018 0.088
246 P 0.069 0.029 0.031 0.035 0.012 0.023 0.04 0.043 0.014 0.026 0.037 0.044 0.011 0.015 0.383 0.09 0.047 0.003 0.014 0.033
247 L 0.077 0.023 0.017 0.018 0.017 0.017 0.023 0.058 0.01 0.125 0.246 0.027 0.038 0.043 0.016 0.034 0.039 0.006 0.02 0.145
248 L 0.05 0.022 0.015 0.016 0.017 0.016 0.02 0.022 0.01 0.164 0.27 0.025 0.05 0.047 0.015 0.026 0.038 0.006 0.021 0.149
249 G 0.085 0.03 0.04 0.037 0.015 0.024 0.036 0.167 0.015 0.09 0.069 0.041 0.019 0.025 0.023 0.135 0.058 0.005 0.016 0.07
250 L 0.045 0.022 0.014 0.016 0.016 0.015 0.019 0.021 0.009 0.177 0.302 0.024 0.044 0.05 0.014 0.024 0.035 0.007 0.021 0.125
251 V 0.055 0.022 0.016 0.018 0.017 0.017 0.022 0.024 0.011 0.168 0.164 0.026 0.06 0.075 0.015 0.03 0.041 0.007 0.027 0.185
252 L 0.058 0.024 0.025 0.024 0.015 0.018 0.027 0.033 0.013 0.132 0.162 0.03 0.031 0.128 0.017 0.076 0.045 0.009 0.037 0.096
253 L 0.044 0.024 0.014 0.015 0.016 0.016 0.02 0.021 0.01 0.114 0.385 0.025 0.049 0.054 0.014 0.024 0.033 0.007 0.022 0.095
254 A 0.129 0.028 0.03 0.03 0.105 0.021 0.034 0.052 0.015 0.044 0.068 0.036 0.018 0.114 0.022 0.107 0.051 0.008 0.034 0.054
255 G 0.091 0.025 0.031 0.029 0.014 0.02 0.027 0.279 0.013 0.052 0.144 0.033 0.023 0.029 0.019 0.062 0.037 0.006 0.015 0.052
256 G 0.13 0.028 0.033 0.032 0.015 0.022 0.034 0.171 0.016 0.038 0.06 0.037 0.017 0.113 0.022 0.098 0.046 0.008 0.033 0.047
257 F 0.033 0.019 0.017 0.017 0.01 0.01 0.019 0.025 0.017 0.062 0.113 0.019 0.025 0.396 0.01 0.025 0.025 0.017 0.087 0.054
258 L 0.047 0.028 0.019 0.019 0.014 0.023 0.025 0.025 0.022 0.125 0.156 0.032 0.104 0.067 0.015 0.032 0.037 0.012 0.099 0.098
259 L 0.047 0.023 0.014 0.016 0.016 0.016 0.02 0.021 0.01 0.141 0.325 0.025 0.045 0.05 0.014 0.025 0.036 0.007 0.022 0.128
260 L 0.044 0.024 0.014 0.015 0.016 0.016 0.02 0.021 0.01 0.114 0.385 0.025 0.049 0.054 0.014 0.024 0.033 0.007 0.022 0.095
261 H 0.05 0.039 0.049 0.037 0.008 0.033 0.046 0.158 0.277 0.022 0.035 0.042 0.014 0.027 0.019 0.044 0.027 0.007 0.045 0.023
262 E 0.048 0.043 0.119 0.166 0.008 0.047 0.188 0.045 0.025 0.022 0.033 0.062 0.011 0.016 0.023 0.057 0.039 0.005 0.015 0.028
263 L 0.074 0.029 0.029 0.027 0.017 0.022 0.03 0.035 0.012 0.11 0.163 0.036 0.03 0.035 0.022 0.062 0.147 0.006 0.019 0.096
264 P 0.059 0.026 0.025 0.032 0.011 0.021 0.037 0.038 0.013 0.026 0.036 0.041 0.01 0.013 0.472 0.055 0.038 0.003 0.013 0.031
265 L 0.045 0.022 0.015 0.016 0.016 0.016 0.02 0.022 0.01 0.168 0.283 0.025 0.055 0.06 0.014 0.025 0.035 0.007 0.024 0.12
266 G 0.071 0.026 0.047 0.128 0.01 0.023 0.044 0.357 0.015 0.02 0.029 0.038 0.01 0.016 0.02 0.068 0.035 0.005 0.011 0.026
267 E 0.05 0.043 0.049 0.188 0.007 0.053 0.239 0.038 0.023 0.022 0.034 0.065 0.012 0.016 0.024 0.053 0.036 0.005 0.015 0.029
268 V 0.063 0.021 0.016 0.018 0.018 0.015 0.022 0.023 0.008 0.192 0.138 0.025 0.032 0.037 0.016 0.03 0.046 0.006 0.02 0.253
269 L 0.041 0.023 0.015 0.015 0.015 0.015 0.02 0.022 0.012 0.101 0.317 0.023 0.043 0.139 0.013 0.024 0.031 0.009 0.038 0.085
270 N 0.049 0.038 0.191 0.152 0.011 0.031 0.057 0.054 0.024 0.03 0.038 0.049 0.013 0.018 0.022 0.07 0.097 0.005 0.015 0.037
271 A 0.248 0.032 0.03 0.032 0.02 0.026 0.041 0.071 0.015 0.045 0.076 0.044 0.019 0.023 0.028 0.108 0.054 0.005 0.018 0.065
272 V 0.063 0.021 0.016 0.018 0.018 0.015 0.022 0.023 0.008 0.192 0.138 0.025 0.032 0.037 0.016 0.03 0.046 0.006 0.02 0.253
273 A 0.235 0.028 0.023 0.026 0.019 0.022 0.035 0.063 0.014 0.056 0.115 0.039 0.023 0.062 0.025 0.069 0.044 0.007 0.025 0.071
274 A 0.197 0.031 0.036 0.035 0.018 0.025 0.039 0.184 0.015 0.033 0.047 0.044 0.015 0.02 0.027 0.112 0.052 0.005 0.016 0.05
275 R 0.044 0.355 0.038 0.031 0.008 0.048 0.052 0.032 0.023 0.023 0.046 0.118 0.015 0.017 0.019 0.044 0.034 0.006 0.017 0.031
276 L 0.045 0.025 0.015 0.016 0.016 0.017 0.021 0.022 0.011 0.112 0.361 0.026 0.064 0.053 0.014 0.025 0.034 0.007 0.022 0.094
277 F 0.033 0.019 0.017 0.017 0.01 0.01 0.019 0.025 0.017 0.062 0.113 0.019 0.025 0.396 0.01 0.025 0.025 0.017 0.087 0.054
278 I 0.046 0.017 0.014 0.017 0.016 0.013 0.017 0.02 0.009 0.282 0.165 0.023 0.036 0.044 0.014 0.025 0.039 0.006 0.02 0.174
279 G 0.077 0.023 0.039 0.033 0.011 0.019 0.025 0.517 0.013 0.019 0.028 0.033 0.009 0.016 0.019 0.051 0.029 0.005 0.011 0.024
280 Q 0.055 0.072 0.043 0.046 0.009 0.226 0.101 0.041 0.029 0.026 0.046 0.09 0.02 0.014 0.023 0.055 0.041 0.006 0.02 0.035
281 T 0.124 0.033 0.033 0.031 0.018 0.027 0.036 0.048 0.014 0.062 0.095 0.042 0.057 0.029 0.025 0.075 0.151 0.006 0.019 0.075
282 E 0.054 0.049 0.04 0.089 0.007 0.064 0.307 0.034 0.025 0.022 0.036 0.074 0.013 0.016 0.025 0.054 0.036 0.005 0.016 0.031
283 G 0.077 0.023 0.039 0.033 0.011 0.019 0.025 0.517 0.013 0.019 0.028 0.033 0.009 0.016 0.019 0.051 0.029 0.005 0.011 0.024
284 A 0.204 0.035 0.039 0.039 0.019 0.029 0.046 0.071 0.017 0.036 0.05 0.049 0.016 0.021 0.029 0.158 0.065 0.005 0.017 0.055
285 Y 0.038 0.025 0.02 0.018 0.009 0.019 0.025 0.025 0.039 0.048 0.079 0.028 0.02 0.196 0.014 0.029 0.027 0.025 0.268 0.048
286 L 0.051 0.032 0.02 0.02 0.016 0.028 0.028 0.028 0.016 0.099 0.194 0.036 0.173 0.047 0.016 0.036 0.04 0.008 0.024 0.091
287 I 0.048 0.021 0.016 0.018 0.016 0.017 0.02 0.022 0.01 0.236 0.173 0.026 0.07 0.045 0.015 0.027 0.039 0.006 0.021 0.153
288 Y 0.04 0.028 0.021 0.018 0.009 0.021 0.028 0.025 0.046 0.043 0.067 0.031 0.018 0.129 0.015 0.031 0.028 0.028 0.328 0.046
289 D 0.048 0.045 0.055 0.237 0.008 0.087 0.147 0.042 0.023 0.023 0.034 0.063 0.013 0.015 0.023 0.053 0.037 0.005 0.015 0.028
290 V 0.137 0.028 0.028 0.028 0.019 0.023 0.034 0.048 0.012 0.099 0.089 0.037 0.024 0.028 0.023 0.095 0.057 0.005 0.019 0.167
291 L 0.044 0.024 0.014 0.015 0.016 0.016 0.02 0.021 0.01 0.114 0.385 0.025 0.049 0.054 0.014 0.024 0.033 0.007 0.022 0.095
292 T 0.066 0.04 0.035 0.034 0.016 0.074 0.05 0.037 0.016 0.08 0.079 0.051 0.023 0.025 0.023 0.065 0.144 0.006 0.019 0.117
293 P 0.056 0.025 0.023 0.031 0.01 0.02 0.036 0.036 0.013 0.025 0.036 0.041 0.01 0.013 0.501 0.043 0.036 0.003 0.013 0.031
294 D 0.057 0.032 0.064 0.317 0.01 0.03 0.08 0.051 0.019 0.024 0.031 0.046 0.011 0.016 0.024 0.096 0.046 0.004 0.013 0.028
295 F 0.039 0.02 0.015 0.016 0.013 0.013 0.019 0.023 0.013 0.125 0.201 0.021 0.034 0.223 0.012 0.025 0.03 0.012 0.054 0.092
296 E 0.081 0.044 0.047 0.069 0.012 0.048 0.179 0.05 0.022 0.026 0.039 0.064 0.014 0.018 0.027 0.143 0.059 0.005 0.017 0.036
297 R 0.044 0.355 0.038 0.031 0.008 0.048 0.052 0.032 0.023 0.023 0.046 0.118 0.015 0.017 0.019 0.044 0.034 0.006 0.017 0.031
298 I 0.046 0.019 0.014 0.017 0.016 0.014 0.018 0.02 0.009 0.24 0.22 0.024 0.039 0.046 0.014 0.024 0.038 0.006 0.021 0.154
299 T 0.122 0.031 0.031 0.03 0.018 0.024 0.034 0.046 0.013 0.065 0.143 0.04 0.026 0.03 0.024 0.073 0.149 0.006 0.019 0.076
300 Y 0.04 0.028 0.021 0.018 0.009 0.021 0.028 0.025 0.046 0.043 0.067 0.031 0.018 0.129 0.015 0.031 0.028 0.028 0.328 0.046
301 G 0.077 0.023 0.039 0.033 0.011 0.019 0.025 0.517 0.013 0.019 0.028 0.033 0.009 0.016 0.019 0.051 0.029 0.005 0.011 0.024
302 L 0.051 0.032 0.02 0.02 0.016 0.028 0.028 0.028 0.016 0.099 0.194 0.036 0.173 0.047 0.016 0.036 0.04 0.008 0.024 0.091
303 P 0.056 0.025 0.023 0.031 0.01 0.02 0.036 0.036 0.013 0.025 0.036 0.041 0.01 0.013 0.501 0.043 0.036 0.003 0.013 0.031
304 L 0.046 0.026 0.016 0.016 0.016 0.02 0.022 0.023 0.012 0.109 0.325 0.028 0.088 0.052 0.015 0.028 0.035 0.007 0.023 0.094
305 A 0.28 0.03 0.026 0.03 0.02 0.025 0.039 0.118 0.014 0.04 0.056 0.043 0.016 0.021 0.028 0.081 0.047 0.005 0.017 0.064
306 G 0.066 0.022 0.033 0.029 0.011 0.017 0.024 0.394 0.014 0.03 0.049 0.03 0.013 0.111 0.017 0.044 0.028 0.008 0.03 0.032
307 L 0.072 0.032 0.033 0.03 0.017 0.024 0.035 0.041 0.014 0.073 0.204 0.039 0.04 0.037 0.021 0.111 0.079 0.006 0.02 0.071
308 F 0.033 0.019 0.017 0.017 0.01 0.01 0.019 0.025 0.017 0.062 0.113 0.019 0.025 0.396 0.01 0.025 0.025 0.017 0.087 0.054
309 G 0.077 0.023 0.039 0.033 0.011 0.019 0.025 0.517 0.013 0.019 0.028 0.033 0.009 0.016 0.019 0.051 0.029 0.005 0.011 0.024
310 F 0.039 0.022 0.03 0.115 0.011 0.016 0.037 0.03 0.015 0.1 0.101 0.027 0.023 0.212 0.015 0.034 0.038 0.011 0.051 0.073
311 A 0.182 0.113 0.033 0.032 0.016 0.032 0.043 0.059 0.02 0.036 0.053 0.063 0.017 0.03 0.025 0.092 0.048 0.007 0.046 0.052
312 A 0.234 0.034 0.035 0.036 0.02 0.028 0.044 0.073 0.016 0.038 0.053 0.047 0.017 0.021 0.029 0.135 0.06 0.005 0.017 0.059
313 V 0.07 0.022 0.017 0.018 0.019 0.017 0.023 0.025 0.008 0.165 0.131 0.026 0.032 0.036 0.017 0.033 0.05 0.006 0.021 0.266
314 I 0.054 0.024 0.02 0.02 0.017 0.019 0.024 0.026 0.011 0.189 0.154 0.029 0.068 0.041 0.017 0.037 0.068 0.006 0.021 0.157
315 D 0.04 0.029 0.068 0.406 0.007 0.029 0.09 0.046 0.018 0.022 0.028 0.044 0.009 0.015 0.022 0.051 0.035 0.004 0.011 0.024
316 P 0.056 0.025 0.023 0.031 0.01 0.02 0.036 0.036 0.013 0.025 0.036 0.041 0.01 0.013 0.501 0.043 0.036 0.003 0.013 0.031
317 A 0.301 0.031 0.025 0.029 0.021 0.025 0.04 0.077 0.015 0.043 0.059 0.044 0.017 0.021 0.029 0.084 0.049 0.005 0.017 0.068
318 A 0.301 0.031 0.025 0.029 0.021 0.025 0.04 0.077 0.015 0.043 0.059 0.044 0.017 0.021 0.029 0.084 0.049 0.005 0.017 0.068
319 E 0.054 0.049 0.04 0.089 0.007 0.064 0.307 0.034 0.025 0.022 0.036 0.074 0.013 0.016 0.025 0.054 0.036 0.005 0.016 0.031
