#Seq2Logo.py -f /work3/idamei/ssn-clusterings/clustering/2205111339/clusters/0007_367/sequences.afa -o /work3/idamei/ssn-clusterings/clustering/2205111339/clusters/0007_367/sequences.logo
#Position Specific Frequency Matrix
A R N D C Q E G H I L K M F P S T W Y V
0 L 0.051 0.031 0.02 0.02 0.016 0.027 0.027 0.027 0.016 0.098 0.192 0.035 0.181 0.047 0.016 0.035 0.039 0.008 0.024 0.09
1 G 0.061 0.03 0.03 0.037 0.013 0.027 0.075 0.116 0.016 0.086 0.095 0.039 0.046 0.091 0.019 0.071 0.041 0.008 0.029 0.069
2 V 0.071 0.029 0.03 0.028 0.018 0.022 0.031 0.034 0.011 0.108 0.097 0.036 0.026 0.03 0.022 0.062 0.15 0.006 0.019 0.172
3 Y 0.04 0.027 0.021 0.018 0.009 0.021 0.027 0.024 0.046 0.043 0.067 0.031 0.018 0.128 0.015 0.031 0.027 0.027 0.331 0.046
4 Y 0.041 0.026 0.018 0.017 0.012 0.019 0.024 0.023 0.031 0.071 0.195 0.028 0.03 0.098 0.015 0.028 0.03 0.019 0.207 0.065
5 L 0.043 0.024 0.017 0.017 0.013 0.018 0.022 0.022 0.024 0.119 0.215 0.027 0.034 0.081 0.015 0.027 0.032 0.015 0.145 0.091
6 L 0.054 0.026 0.022 0.022 0.015 0.018 0.026 0.031 0.013 0.086 0.263 0.029 0.037 0.116 0.016 0.066 0.041 0.009 0.034 0.076
7 F 0.034 0.02 0.018 0.017 0.01 0.013 0.02 0.025 0.022 0.058 0.103 0.021 0.024 0.345 0.011 0.026 0.025 0.019 0.136 0.052
8 L 0.04 0.019 0.015 0.017 0.014 0.013 0.018 0.022 0.012 0.162 0.188 0.022 0.034 0.188 0.013 0.025 0.032 0.01 0.047 0.11
9 F 0.056 0.026 0.029 0.027 0.013 0.018 0.029 0.036 0.016 0.054 0.088 0.031 0.022 0.248 0.017 0.08 0.083 0.012 0.059 0.054
10 A 0.179 0.035 0.04 0.038 0.019 0.028 0.044 0.065 0.016 0.039 0.052 0.048 0.017 0.021 0.029 0.146 0.104 0.005 0.017 0.057
11 F 0.066 0.027 0.031 0.029 0.014 0.02 0.031 0.04 0.016 0.094 0.094 0.033 0.023 0.176 0.019 0.109 0.05 0.01 0.046 0.073
12 L 0.04 0.019 0.015 0.017 0.014 0.013 0.018 0.022 0.012 0.162 0.188 0.022 0.034 0.188 0.013 0.025 0.032 0.01 0.047 0.11
13 I 0.044 0.02 0.015 0.017 0.015 0.015 0.019 0.022 0.011 0.206 0.193 0.024 0.057 0.097 0.014 0.026 0.036 0.008 0.03 0.132
14 A 0.223 0.034 0.037 0.037 0.019 0.028 0.044 0.071 0.016 0.036 0.05 0.047 0.016 0.021 0.029 0.151 0.062 0.005 0.017 0.056
15 L 0.053 0.025 0.019 0.02 0.016 0.018 0.024 0.027 0.011 0.126 0.31 0.028 0.042 0.047 0.016 0.055 0.04 0.006 0.021 0.097
16 F 0.037 0.021 0.015 0.016 0.013 0.013 0.019 0.023 0.014 0.083 0.232 0.021 0.035 0.254 0.012 0.024 0.028 0.012 0.059 0.071
17 G 0.058 0.088 0.036 0.039 0.01 0.034 0.078 0.175 0.018 0.032 0.05 0.088 0.015 0.072 0.021 0.052 0.066 0.007 0.025 0.037
18 F 0.034 0.019 0.017 0.017 0.011 0.011 0.019 0.025 0.017 0.063 0.114 0.019 0.025 0.387 0.011 0.025 0.025 0.017 0.089 0.055
19 N 0.049 0.041 0.206 0.06 0.01 0.057 0.048 0.12 0.025 0.061 0.051 0.05 0.015 0.02 0.019 0.057 0.043 0.005 0.016 0.048
20 R 0.051 0.147 0.034 0.031 0.011 0.039 0.047 0.034 0.023 0.041 0.071 0.134 0.04 0.037 0.021 0.049 0.069 0.009 0.064 0.047
21 G 0.067 0.024 0.031 0.032 0.01 0.02 0.031 0.274 0.013 0.022 0.032 0.037 0.01 0.014 0.257 0.047 0.033 0.004 0.012 0.028
22 I 0.048 0.103 0.081 0.039 0.011 0.065 0.051 0.036 0.02 0.113 0.082 0.1 0.022 0.025 0.02 0.045 0.04 0.005 0.018 0.078
23 N 0.057 0.036 0.181 0.054 0.013 0.027 0.04 0.05 0.021 0.061 0.108 0.043 0.021 0.027 0.02 0.083 0.051 0.005 0.017 0.083
24 R 0.051 0.193 0.036 0.032 0.01 0.041 0.049 0.035 0.019 0.066 0.064 0.145 0.019 0.021 0.022 0.05 0.069 0.005 0.017 0.056
25 K 0.066 0.062 0.039 0.037 0.011 0.036 0.05 0.112 0.022 0.032 0.046 0.151 0.015 0.033 0.024 0.081 0.074 0.008 0.062 0.039
26 L 0.051 0.02 0.015 0.017 0.017 0.015 0.019 0.021 0.009 0.203 0.218 0.024 0.038 0.043 0.015 0.026 0.04 0.006 0.02 0.183
27 I 0.088 0.033 0.02 0.022 0.016 0.021 0.029 0.032 0.011 0.174 0.158 0.066 0.031 0.036 0.018 0.038 0.04 0.006 0.019 0.142
28 I 0.067 0.026 0.028 0.027 0.086 0.02 0.029 0.035 0.011 0.131 0.098 0.033 0.024 0.03 0.02 0.078 0.111 0.005 0.018 0.124
29 L 0.058 0.023 0.02 0.021 0.016 0.017 0.024 0.028 0.011 0.132 0.194 0.028 0.033 0.092 0.016 0.058 0.043 0.007 0.03 0.148
30 L 0.086 0.021 0.016 0.018 0.017 0.016 0.022 0.029 0.01 0.186 0.209 0.027 0.036 0.042 0.016 0.033 0.04 0.006 0.02 0.151
31 L 0.045 0.024 0.015 0.016 0.016 0.017 0.02 0.022 0.01 0.136 0.332 0.026 0.066 0.051 0.014 0.025 0.034 0.007 0.022 0.104
32 I 0.049 0.018 0.015 0.017 0.016 0.013 0.018 0.021 0.008 0.273 0.158 0.023 0.035 0.042 0.015 0.025 0.04 0.006 0.02 0.189
33 V 0.058 0.02 0.015 0.017 0.017 0.015 0.02 0.022 0.008 0.217 0.142 0.024 0.033 0.038 0.015 0.029 0.044 0.006 0.02 0.239
34 V 0.063 0.024 0.02 0.02 0.018 0.019 0.025 0.026 0.01 0.154 0.132 0.029 0.052 0.036 0.017 0.04 0.077 0.006 0.02 0.213
35 L 0.044 0.025 0.015 0.015 0.016 0.017 0.021 0.022 0.011 0.11 0.365 0.026 0.068 0.052 0.014 0.025 0.033 0.007 0.022 0.093
36 A 0.15 0.033 0.04 0.037 0.017 0.027 0.04 0.127 0.015 0.038 0.05 0.045 0.016 0.021 0.027 0.126 0.117 0.005 0.016 0.054
37 L 0.044 0.023 0.014 0.015 0.016 0.015 0.019 0.021 0.01 0.138 0.361 0.024 0.046 0.052 0.014 0.024 0.033 0.007 0.021 0.105
38 F 0.033 0.018 0.016 0.016 0.01 0.01 0.018 0.025 0.016 0.062 0.111 0.018 0.025 0.405 0.01 0.025 0.025 0.016 0.086 0.053
39 A 0.276 0.029 0.024 0.027 0.021 0.024 0.037 0.069 0.013 0.059 0.068 0.041 0.019 0.023 0.027 0.075 0.048 0.005 0.017 0.099
40 G 0.076 0.022 0.038 0.033 0.01 0.018 0.025 0.524 0.013 0.018 0.027 0.033 0.009 0.016 0.018 0.05 0.029 0.005 0.01 0.024
41 T 0.081 0.036 0.045 0.04 0.017 0.028 0.042 0.048 0.015 0.045 0.057 0.046 0.018 0.022 0.027 0.134 0.214 0.006 0.017 0.061
42 R 0.043 0.364 0.038 0.03 0.008 0.047 0.051 0.032 0.023 0.023 0.045 0.117 0.015 0.017 0.019 0.043 0.034 0.006 0.017 0.03
43 N 0.045 0.032 0.154 0.044 0.012 0.024 0.033 0.04 0.024 0.07 0.153 0.037 0.025 0.046 0.017 0.045 0.041 0.008 0.064 0.086
44 E 0.068 0.039 0.038 0.052 0.011 0.039 0.128 0.042 0.03 0.031 0.049 0.053 0.016 0.056 0.023 0.104 0.048 0.013 0.119 0.04
45 Y 0.084 0.075 0.033 0.08 0.01 0.026 0.041 0.107 0.029 0.033 0.051 0.047 0.015 0.064 0.019 0.045 0.032 0.014 0.153 0.04
46 I 0.052 0.018 0.015 0.017 0.017 0.014 0.019 0.021 0.008 0.254 0.153 0.024 0.034 0.041 0.015 0.026 0.041 0.006 0.02 0.205
47 D 0.04 0.029 0.067 0.415 0.007 0.029 0.089 0.045 0.018 0.022 0.027 0.043 0.009 0.014 0.022 0.051 0.034 0.004 0.011 0.024
48 N 0.055 0.049 0.209 0.063 0.01 0.034 0.05 0.056 0.025 0.024 0.034 0.086 0.012 0.017 0.092 0.087 0.049 0.004 0.015 0.03
49 D 0.04 0.029 0.067 0.415 0.007 0.029 0.089 0.045 0.018 0.022 0.027 0.043 0.009 0.014 0.022 0.051 0.034 0.004 0.011 0.024
50 Y 0.038 0.026 0.02 0.018 0.009 0.02 0.026 0.024 0.041 0.045 0.073 0.029 0.019 0.167 0.014 0.029 0.027 0.026 0.302 0.046
51 F 0.051 0.027 0.025 0.033 0.012 0.023 0.068 0.033 0.016 0.053 0.12 0.035 0.023 0.188 0.087 0.062 0.037 0.01 0.047 0.051
52 L 0.048 0.023 0.015 0.016 0.016 0.017 0.021 0.022 0.01 0.143 0.294 0.026 0.063 0.048 0.014 0.027 0.036 0.007 0.021 0.132
53 Y 0.039 0.027 0.021 0.018 0.009 0.021 0.027 0.024 0.045 0.042 0.067 0.03 0.018 0.127 0.015 0.03 0.027 0.027 0.338 0.045
54 R 0.054 0.146 0.034 0.03 0.011 0.037 0.047 0.034 0.022 0.05 0.061 0.133 0.018 0.036 0.021 0.049 0.07 0.009 0.063 0.075
55 N 0.044 0.041 0.206 0.073 0.009 0.038 0.121 0.049 0.027 0.027 0.044 0.053 0.013 0.072 0.02 0.058 0.041 0.006 0.026 0.031
56 F 0.046 0.023 0.022 0.021 0.012 0.016 0.024 0.03 0.02 0.061 0.135 0.026 0.026 0.26 0.014 0.056 0.034 0.015 0.103 0.056
57 F 0.033 0.018 0.016 0.016 0.01 0.01 0.018 0.025 0.016 0.062 0.111 0.018 0.025 0.405 0.01 0.025 0.025 0.016 0.086 0.053
58 S 0.074 0.088 0.042 0.046 0.013 0.065 0.091 0.046 0.02 0.064 0.059 0.066 0.018 0.022 0.024 0.129 0.055 0.005 0.018 0.055
59 F 0.041 0.029 0.024 0.037 0.009 0.028 0.106 0.027 0.027 0.045 0.077 0.038 0.019 0.214 0.016 0.035 0.029 0.016 0.138 0.045
60 A 0.11 0.028 0.031 0.03 0.086 0.022 0.034 0.046 0.013 0.092 0.079 0.037 0.021 0.026 0.023 0.108 0.085 0.005 0.017 0.105
61 T 0.054 0.034 0.081 0.1 0.012 0.031 0.084 0.04 0.018 0.044 0.093 0.046 0.018 0.023 0.092 0.06 0.103 0.005 0.016 0.049
62 R 0.066 0.136 0.038 0.033 0.012 0.034 0.044 0.109 0.017 0.047 0.056 0.098 0.017 0.02 0.022 0.079 0.076 0.005 0.016 0.074
63 S 0.085 0.033 0.048 0.095 0.014 0.028 0.05 0.123 0.017 0.026 0.036 0.047 0.013 0.018 0.095 0.159 0.06 0.005 0.015 0.034
64 F 0.081 0.045 0.071 0.035 0.011 0.056 0.046 0.042 0.025 0.04 0.066 0.079 0.019 0.143 0.019 0.048 0.036 0.011 0.083 0.044
65 F 0.102 0.031 0.031 0.037 0.014 0.027 0.074 0.045 0.017 0.058 0.075 0.041 0.02 0.132 0.021 0.1 0.049 0.008 0.037 0.082
66 F 0.034 0.019 0.017 0.017 0.011 0.011 0.019 0.025 0.017 0.063 0.114 0.019 0.025 0.387 0.011 0.025 0.025 0.017 0.089 0.055
67 D 0.047 0.048 0.046 0.176 0.008 0.043 0.15 0.038 0.025 0.026 0.039 0.093 0.013 0.034 0.023 0.049 0.034 0.008 0.068 0.031
68 F 0.087 0.021 0.018 0.019 0.013 0.013 0.023 0.035 0.016 0.058 0.101 0.024 0.023 0.323 0.014 0.037 0.03 0.014 0.073 0.057
69 L 0.102 0.059 0.028 0.029 0.014 0.035 0.045 0.042 0.016 0.062 0.145 0.138 0.055 0.03 0.023 0.049 0.04 0.006 0.019 0.063
70 K 0.113 0.063 0.109 0.05 0.012 0.084 0.065 0.056 0.024 0.03 0.045 0.119 0.016 0.017 0.025 0.065 0.044 0.005 0.018 0.04
71 N 0.044 0.105 0.161 0.138 0.008 0.041 0.11 0.048 0.026 0.022 0.034 0.068 0.012 0.017 0.021 0.057 0.04 0.005 0.015 0.028
72 F 0.041 0.021 0.019 0.021 0.01 0.014 0.024 0.029 0.015 0.05 0.087 0.026 0.02 0.266 0.173 0.031 0.029 0.012 0.063 0.047
73 L 0.045 0.028 0.107 0.034 0.013 0.02 0.028 0.034 0.016 0.086 0.211 0.032 0.032 0.091 0.015 0.038 0.038 0.007 0.029 0.097
74 G 0.093 0.04 0.073 0.036 0.013 0.027 0.036 0.183 0.017 0.048 0.11 0.074 0.042 0.026 0.02 0.051 0.038 0.006 0.016 0.051
75 L 0.052 0.025 0.026 0.076 0.015 0.019 0.033 0.029 0.012 0.097 0.177 0.029 0.03 0.088 0.017 0.039 0.07 0.007 0.028 0.13
76 E 0.052 0.046 0.043 0.134 0.007 0.058 0.284 0.036 0.024 0.021 0.035 0.069 0.012 0.016 0.025 0.053 0.036 0.005 0.015 0.029
77 P 0.05 0.027 0.064 0.031 0.011 0.02 0.031 0.035 0.014 0.057 0.101 0.035 0.019 0.029 0.226 0.039 0.037 0.076 0.023 0.076
78 C 0.077 0.026 0.03 0.028 0.224 0.02 0.03 0.041 0.012 0.057 0.066 0.033 0.018 0.022 0.021 0.104 0.083 0.005 0.015 0.087
79 I 0.056 0.023 0.02 0.02 0.017 0.018 0.023 0.025 0.01 0.192 0.142 0.028 0.053 0.038 0.017 0.037 0.074 0.006 0.02 0.179
80 F 0.041 0.024 0.022 0.02 0.011 0.017 0.025 0.027 0.028 0.052 0.085 0.027 0.021 0.231 0.015 0.036 0.061 0.02 0.184 0.052
81 V 0.051 0.02 0.016 0.017 0.015 0.014 0.02 0.023 0.011 0.144 0.165 0.023 0.032 0.144 0.014 0.028 0.038 0.009 0.039 0.177
82 I 0.047 0.018 0.015 0.017 0.015 0.013 0.018 0.021 0.01 0.24 0.15 0.023 0.033 0.093 0.014 0.025 0.038 0.007 0.029 0.172
83 P 0.06 0.028 0.028 0.032 0.012 0.022 0.036 0.037 0.013 0.033 0.043 0.041 0.013 0.016 0.371 0.056 0.102 0.003 0.014 0.041
84 N 0.05 0.033 0.159 0.049 0.011 0.025 0.037 0.046 0.026 0.07 0.068 0.04 0.018 0.092 0.018 0.075 0.045 0.01 0.072 0.056
85 F 0.041 0.019 0.016 0.016 0.013 0.012 0.019 0.023 0.013 0.116 0.161 0.021 0.03 0.25 0.012 0.025 0.031 0.012 0.058 0.11
86 F 0.063 0.025 0.029 0.027 0.014 0.019 0.029 0.106 0.015 0.086 0.127 0.032 0.025 0.137 0.018 0.09 0.044 0.009 0.037 0.068
87 R 0.058 0.206 0.041 0.037 0.009 0.047 0.058 0.041 0.021 0.025 0.043 0.186 0.015 0.017 0.024 0.075 0.042 0.005 0.017 0.032
88 L 0.039 0.021 0.015 0.016 0.013 0.014 0.019 0.023 0.012 0.112 0.231 0.022 0.035 0.153 0.012 0.024 0.03 0.081 0.046 0.084
89 F 0.039 0.021 0.016 0.016 0.012 0.014 0.02 0.023 0.018 0.106 0.193 0.023 0.032 0.213 0.013 0.025 0.029 0.014 0.094 0.081
90 F 0.045 0.022 0.02 0.019 0.013 0.014 0.022 0.026 0.014 0.081 0.147 0.024 0.028 0.247 0.014 0.035 0.064 0.012 0.058 0.095
91 G 0.053 0.028 0.041 0.145 0.01 0.027 0.084 0.174 0.02 0.062 0.054 0.04 0.015 0.035 0.019 0.044 0.033 0.008 0.06 0.049
92 N 0.068 0.042 0.164 0.059 0.012 0.034 0.05 0.059 0.093 0.025 0.036 0.051 0.014 0.021 0.023 0.13 0.057 0.005 0.024 0.032
93 R 0.054 0.192 0.036 0.032 0.011 0.036 0.044 0.036 0.018 0.031 0.048 0.081 0.015 0.018 0.142 0.056 0.091 0.005 0.016 0.04
94 T 0.111 0.044 0.039 0.047 0.014 0.075 0.106 0.047 0.019 0.039 0.054 0.059 0.018 0.02 0.026 0.075 0.13 0.006 0.018 0.054
95 D 0.061 0.04 0.091 0.153 0.011 0.059 0.065 0.05 0.025 0.027 0.04 0.052 0.014 0.033 0.023 0.106 0.049 0.008 0.061 0.033
96 I 0.045 0.021 0.017 0.017 0.013 0.015 0.021 0.022 0.02 0.169 0.123 0.025 0.028 0.117 0.014 0.027 0.035 0.013 0.12 0.136
97 I 0.125 0.021 0.018 0.021 0.018 0.017 0.024 0.037 0.01 0.202 0.128 0.029 0.03 0.035 0.019 0.042 0.043 0.006 0.019 0.159
98 N 0.042 0.132 0.163 0.058 0.008 0.038 0.083 0.045 0.025 0.028 0.047 0.069 0.014 0.072 0.019 0.053 0.039 0.007 0.026 0.032
99 F 0.09 0.025 0.025 0.024 0.013 0.018 0.028 0.109 0.015 0.051 0.113 0.03 0.022 0.14 0.017 0.067 0.037 0.08 0.044 0.052
100 S 0.136 0.038 0.049 0.045 0.018 0.031 0.049 0.066 0.018 0.031 0.043 0.051 0.015 0.02 0.029 0.22 0.075 0.005 0.017 0.044
101 F 0.033 0.018 0.016 0.016 0.01 0.01 0.018 0.025 0.016 0.062 0.111 0.018 0.025 0.405 0.01 0.025 0.025 0.016 0.086 0.053
102 L 0.051 0.024 0.016 0.017 0.016 0.018 0.022 0.024 0.012 0.114 0.219 0.027 0.079 0.096 0.014 0.029 0.038 0.008 0.031 0.143
103 L 0.057 0.022 0.019 0.019 0.086 0.016 0.022 0.026 0.009 0.133 0.19 0.027 0.033 0.037 0.017 0.038 0.072 0.006 0.019 0.152
104 F 0.034 0.02 0.017 0.017 0.01 0.012 0.02 0.025 0.021 0.059 0.105 0.02 0.024 0.365 0.011 0.025 0.025 0.018 0.122 0.052
105 A 0.282 0.031 0.029 0.031 0.02 0.026 0.041 0.074 0.015 0.04 0.055 0.045 0.017 0.021 0.029 0.105 0.053 0.005 0.017 0.063
106 F 0.036 0.019 0.016 0.016 0.012 0.011 0.018 0.023 0.014 0.102 0.159 0.02 0.03 0.303 0.011 0.024 0.028 0.014 0.068 0.076
107 L 0.048 0.021 0.014 0.016 0.016 0.015 0.019 0.021 0.009 0.196 0.257 0.024 0.04 0.046 0.014 0.025 0.037 0.006 0.021 0.155
108 G 0.147 0.027 0.036 0.034 0.014 0.022 0.033 0.331 0.014 0.027 0.038 0.039 0.012 0.018 0.023 0.087 0.042 0.005 0.013 0.038
109 V 0.061 0.021 0.015 0.017 0.018 0.016 0.021 0.023 0.008 0.172 0.17 0.025 0.034 0.038 0.015 0.03 0.044 0.006 0.02 0.245
110 G 0.078 0.031 0.041 0.036 0.014 0.025 0.036 0.184 0.019 0.034 0.047 0.041 0.015 0.035 0.023 0.114 0.112 0.008 0.061 0.045
111 L 0.049 0.024 0.023 0.022 0.015 0.017 0.024 0.028 0.013 0.106 0.186 0.028 0.031 0.144 0.017 0.043 0.099 0.009 0.039 0.086
112 K 0.055 0.104 0.04 0.04 0.008 0.052 0.069 0.042 0.02 0.027 0.042 0.299 0.015 0.015 0.027 0.052 0.039 0.005 0.017 0.032
113 L 0.045 0.022 0.015 0.016 0.016 0.016 0.02 0.021 0.01 0.187 0.266 0.025 0.062 0.048 0.014 0.026 0.036 0.007 0.021 0.126
114 Y 0.089 0.025 0.024 0.023 0.014 0.019 0.028 0.036 0.022 0.114 0.095 0.032 0.024 0.112 0.018 0.066 0.041 0.013 0.119 0.085
115 A 0.218 0.033 0.035 0.035 0.019 0.027 0.042 0.068 0.015 0.04 0.054 0.046 0.017 0.021 0.029 0.129 0.089 0.005 0.017 0.06
116 I 0.047 0.018 0.015 0.017 0.015 0.013 0.018 0.021 0.01 0.24 0.15 0.023 0.033 0.093 0.014 0.025 0.038 0.007 0.029 0.172
117 K 0.068 0.07 0.041 0.04 0.011 0.068 0.062 0.046 0.024 0.029 0.046 0.16 0.016 0.032 0.025 0.104 0.049 0.008 0.063 0.037
118 K 0.09 0.083 0.042 0.092 0.01 0.045 0.067 0.047 0.019 0.028 0.042 0.226 0.014 0.016 0.026 0.056 0.039 0.005 0.016 0.036
119 Y 0.039 0.027 0.021 0.018 0.009 0.021 0.027 0.024 0.045 0.042 0.067 0.03 0.018 0.127 0.015 0.03 0.027 0.027 0.338 0.045
120 S 0.108 0.081 0.043 0.09 0.015 0.03 0.05 0.052 0.017 0.041 0.092 0.055 0.019 0.024 0.024 0.133 0.055 0.005 0.017 0.048
121 N 0.051 0.039 0.186 0.059 0.009 0.031 0.044 0.171 0.11 0.021 0.032 0.046 0.012 0.02 0.019 0.057 0.038 0.005 0.025 0.025
122 F 0.036 0.025 0.064 0.026 0.01 0.017 0.025 0.03 0.027 0.05 0.087 0.027 0.021 0.27 0.013 0.032 0.029 0.018 0.148 0.047
123 F 0.046 0.022 0.022 0.021 0.012 0.015 0.024 0.03 0.02 0.087 0.102 0.026 0.024 0.258 0.014 0.057 0.035 0.015 0.103 0.067
124 F 0.045 0.022 0.02 0.019 0.013 0.014 0.022 0.026 0.014 0.081 0.147 0.024 0.028 0.247 0.014 0.035 0.064 0.012 0.058 0.095
125 L 0.043 0.024 0.014 0.015 0.016 0.016 0.02 0.021 0.01 0.112 0.394 0.025 0.048 0.053 0.014 0.024 0.032 0.007 0.022 0.093
126 S 0.165 0.036 0.045 0.042 0.018 0.03 0.048 0.068 0.017 0.033 0.046 0.05 0.016 0.02 0.029 0.197 0.071 0.005 0.017 0.048
127 V 0.052 0.019 0.016 0.017 0.015 0.013 0.02 0.023 0.011 0.17 0.132 0.023 0.03 0.143 0.014 0.028 0.039 0.009 0.039 0.189
128 L 0.046 0.021 0.015 0.017 0.016 0.016 0.019 0.021 0.01 0.213 0.233 0.025 0.061 0.046 0.014 0.026 0.037 0.006 0.021 0.138
129 L 0.042 0.021 0.014 0.016 0.015 0.014 0.019 0.021 0.01 0.156 0.287 0.023 0.041 0.1 0.013 0.024 0.033 0.008 0.03 0.11
130 Y 0.039 0.027 0.021 0.018 0.009 0.021 0.027 0.024 0.045 0.042 0.067 0.03 0.018 0.127 0.015 0.03 0.027 0.027 0.338 0.045
131 V 0.054 0.02 0.016 0.016 0.084 0.014 0.02 0.025 0.011 0.108 0.151 0.022 0.029 0.141 0.014 0.03 0.037 0.009 0.038 0.161
132 S 0.097 0.036 0.049 0.044 0.016 0.029 0.045 0.127 0.017 0.031 0.042 0.048 0.015 0.02 0.027 0.193 0.099 0.005 0.016 0.042
133 N 0.049 0.037 0.205 0.058 0.01 0.028 0.041 0.052 0.029 0.031 0.049 0.044 0.015 0.089 0.019 0.081 0.046 0.009 0.072 0.035
134 L 0.044 0.025 0.015 0.015 0.016 0.017 0.021 0.022 0.011 0.11 0.365 0.026 0.068 0.052 0.014 0.025 0.033 0.007 0.022 0.093
135 F 0.033 0.018 0.016 0.016 0.01 0.01 0.018 0.025 0.016 0.062 0.111 0.018 0.025 0.405 0.01 0.025 0.025 0.016 0.086 0.053
136 F 0.037 0.021 0.015 0.016 0.013 0.013 0.019 0.023 0.014 0.083 0.232 0.021 0.035 0.254 0.012 0.024 0.028 0.012 0.059 0.071
137 I 0.049 0.023 0.017 0.018 0.015 0.019 0.022 0.023 0.016 0.182 0.152 0.028 0.075 0.055 0.015 0.029 0.038 0.009 0.066 0.147
138 Q 0.051 0.056 0.037 0.037 0.01 0.149 0.072 0.036 0.074 0.046 0.086 0.067 0.066 0.026 0.02 0.047 0.038 0.007 0.026 0.048
139 E 0.052 0.046 0.043 0.134 0.007 0.058 0.284 0.036 0.024 0.021 0.035 0.069 0.012 0.016 0.025 0.053 0.036 0.005 0.015 0.029
140 L 0.051 0.031 0.02 0.02 0.016 0.027 0.027 0.027 0.016 0.097 0.191 0.035 0.185 0.047 0.016 0.035 0.039 0.008 0.023 0.09
141 T 0.067 0.032 0.038 0.034 0.017 0.025 0.035 0.039 0.013 0.086 0.077 0.041 0.021 0.026 0.025 0.081 0.236 0.006 0.018 0.084
142 T 0.071 0.034 0.042 0.036 0.017 0.027 0.038 0.042 0.013 0.052 0.063 0.044 0.019 0.023 0.027 0.09 0.268 0.006 0.017 0.069
143 I 0.046 0.017 0.014 0.017 0.016 0.013 0.017 0.02 0.009 0.292 0.163 0.023 0.036 0.043 0.014 0.024 0.039 0.006 0.02 0.172
144 R 0.043 0.364 0.038 0.03 0.008 0.047 0.051 0.032 0.023 0.023 0.045 0.117 0.015 0.017 0.019 0.043 0.034 0.006 0.017 0.03
145 A 0.311 0.03 0.025 0.029 0.021 0.025 0.039 0.076 0.014 0.042 0.058 0.043 0.017 0.021 0.029 0.083 0.048 0.005 0.017 0.067
146 G 0.08 0.025 0.04 0.035 0.011 0.02 0.029 0.459 0.014 0.02 0.029 0.036 0.01 0.016 0.02 0.077 0.036 0.005 0.011 0.026
147 V 0.068 0.021 0.016 0.017 0.019 0.016 0.023 0.024 0.008 0.16 0.127 0.025 0.031 0.035 0.016 0.032 0.048 0.005 0.02 0.29
148 A 0.252 0.033 0.033 0.034 0.02 0.027 0.043 0.073 0.016 0.038 0.053 0.046 0.016 0.021 0.029 0.128 0.057 0.005 0.017 0.059
149 A 0.184 0.029 0.033 0.033 0.087 0.024 0.037 0.13 0.014 0.035 0.049 0.041 0.015 0.02 0.025 0.117 0.053 0.005 0.015 0.052
150 G 0.076 0.022 0.038 0.033 0.01 0.018 0.025 0.524 0.013 0.018 0.027 0.033 0.009 0.016 0.018 0.05 0.029 0.005 0.01 0.024
151 I 0.045 0.018 0.014 0.017 0.016 0.013 0.018 0.02 0.009 0.266 0.196 0.023 0.038 0.044 0.014 0.024 0.038 0.006 0.02 0.16
152 F 0.037 0.021 0.015 0.016 0.013 0.013 0.019 0.023 0.014 0.083 0.232 0.021 0.035 0.254 0.012 0.024 0.028 0.012 0.059 0.071
153 L 0.043 0.024 0.014 0.015 0.016 0.016 0.02 0.021 0.01 0.112 0.394 0.025 0.048 0.053 0.014 0.024 0.032 0.007 0.022 0.093
154 L 0.039 0.023 0.015 0.016 0.013 0.016 0.021 0.025 0.013 0.079 0.227 0.024 0.055 0.104 0.012 0.025 0.029 0.151 0.044 0.069
155 A 0.153 0.033 0.038 0.036 0.017 0.027 0.04 0.128 0.016 0.041 0.065 0.045 0.039 0.024 0.025 0.14 0.058 0.006 0.017 0.053
156 L 0.048 0.023 0.018 0.019 0.016 0.017 0.022 0.024 0.01 0.155 0.281 0.027 0.04 0.046 0.016 0.033 0.068 0.006 0.021 0.112
157 P 0.053 0.05 0.037 0.091 0.009 0.088 0.066 0.039 0.019 0.025 0.038 0.091 0.013 0.014 0.231 0.048 0.037 0.004 0.015 0.031
158 D 0.039 0.027 0.053 0.301 0.008 0.025 0.07 0.039 0.022 0.03 0.045 0.038 0.013 0.086 0.019 0.044 0.032 0.009 0.068 0.031
159 L 0.044 0.025 0.016 0.016 0.015 0.018 0.022 0.023 0.012 0.101 0.295 0.027 0.084 0.102 0.014 0.027 0.033 0.009 0.031 0.087
160 I 0.052 0.031 0.025 0.047 0.012 0.035 0.146 0.027 0.016 0.157 0.103 0.045 0.025 0.03 0.019 0.038 0.039 0.006 0.018 0.128
161 E 0.047 0.097 0.122 0.061 0.008 0.044 0.125 0.042 0.028 0.025 0.041 0.1 0.014 0.032 0.021 0.053 0.038 0.008 0.062 0.031
162 K 0.055 0.167 0.039 0.036 0.008 0.046 0.057 0.108 0.02 0.024 0.041 0.209 0.014 0.016 0.023 0.049 0.036 0.005 0.016 0.03
163 R 0.046 0.145 0.121 0.046 0.009 0.066 0.055 0.042 0.024 0.036 0.09 0.107 0.019 0.022 0.02 0.05 0.039 0.005 0.018 0.039
164 D 0.044 0.034 0.087 0.146 0.009 0.028 0.053 0.04 0.078 0.032 0.045 0.041 0.014 0.05 0.02 0.051 0.066 0.011 0.112 0.036
165 K 0.045 0.068 0.03 0.03 0.008 0.035 0.048 0.036 0.018 0.033 0.055 0.18 0.016 0.083 0.019 0.04 0.032 0.15 0.041 0.034
166 A 0.145 0.052 0.036 0.036 0.016 0.033 0.049 0.056 0.016 0.051 0.058 0.116 0.018 0.021 0.026 0.112 0.054 0.005 0.017 0.081
167 F 0.051 0.024 0.022 0.021 0.013 0.017 0.025 0.03 0.019 0.075 0.137 0.027 0.027 0.207 0.015 0.057 0.037 0.013 0.094 0.09
168 L 0.053 0.022 0.02 0.02 0.083 0.016 0.023 0.03 0.012 0.102 0.182 0.026 0.03 0.143 0.015 0.058 0.038 0.009 0.038 0.08
169 I 0.085 0.021 0.016 0.018 0.016 0.015 0.022 0.029 0.011 0.179 0.168 0.026 0.033 0.092 0.016 0.034 0.038 0.007 0.029 0.145
170 K 0.056 0.083 0.037 0.036 0.011 0.043 0.057 0.039 0.018 0.043 0.095 0.223 0.02 0.022 0.025 0.053 0.071 0.005 0.018 0.046
171 I 0.047 0.022 0.016 0.018 0.016 0.017 0.02 0.022 0.011 0.211 0.204 0.027 0.08 0.045 0.015 0.027 0.038 0.006 0.021 0.137
172 A 0.135 0.026 0.027 0.027 0.016 0.02 0.031 0.116 0.014 0.066 0.116 0.034 0.023 0.081 0.021 0.077 0.044 0.007 0.027 0.091
173 L 0.05 0.02 0.015 0.016 0.085 0.014 0.019 0.023 0.009 0.161 0.242 0.024 0.037 0.043 0.015 0.027 0.037 0.006 0.02 0.138
174 A 0.211 0.027 0.026 0.028 0.157 0.022 0.034 0.062 0.013 0.04 0.057 0.038 0.016 0.021 0.025 0.093 0.049 0.005 0.016 0.06
175 L 0.046 0.024 0.018 0.018 0.015 0.017 0.022 0.024 0.011 0.096 0.306 0.026 0.041 0.099 0.015 0.033 0.065 0.008 0.03 0.084
176 L 0.045 0.023 0.016 0.016 0.015 0.016 0.021 0.023 0.012 0.102 0.246 0.024 0.059 0.15 0.013 0.027 0.033 0.01 0.04 0.11
177 F 0.033 0.018 0.016 0.016 0.01 0.01 0.018 0.025 0.016 0.062 0.111 0.018 0.025 0.405 0.01 0.025 0.025 0.016 0.086 0.053
178 H 0.041 0.044 0.052 0.037 0.007 0.037 0.052 0.037 0.374 0.022 0.037 0.044 0.015 0.03 0.019 0.041 0.026 0.007 0.056 0.022
179 S 0.073 0.036 0.083 0.042 0.014 0.028 0.042 0.05 0.027 0.035 0.05 0.045 0.016 0.051 0.023 0.135 0.087 0.011 0.108 0.044
180 S 0.107 0.039 0.053 0.047 0.017 0.032 0.051 0.064 0.019 0.029 0.041 0.053 0.015 0.02 0.029 0.243 0.08 0.005 0.017 0.041
181 S 0.102 0.037 0.05 0.045 0.016 0.03 0.047 0.13 0.018 0.027 0.039 0.05 0.014 0.02 0.027 0.215 0.072 0.005 0.016 0.038
182 I 0.09 0.02 0.016 0.019 0.017 0.016 0.022 0.029 0.009 0.219 0.138 0.027 0.032 0.037 0.017 0.035 0.043 0.006 0.02 0.19
183 L 0.046 0.021 0.015 0.016 0.015 0.014 0.019 0.022 0.01 0.163 0.249 0.023 0.039 0.098 0.014 0.025 0.035 0.008 0.03 0.138
184 F 0.04 0.021 0.018 0.017 0.011 0.014 0.022 0.024 0.023 0.07 0.1 0.023 0.024 0.273 0.012 0.027 0.029 0.018 0.149 0.085
185 I 0.045 0.019 0.015 0.017 0.015 0.013 0.019 0.022 0.011 0.182 0.176 0.022 0.034 0.147 0.013 0.025 0.035 0.009 0.039 0.144
186 I 0.055 0.023 0.02 0.021 0.016 0.018 0.024 0.027 0.011 0.201 0.182 0.029 0.056 0.042 0.016 0.057 0.044 0.006 0.02 0.13
187 I 0.055 0.018 0.015 0.017 0.086 0.014 0.019 0.023 0.008 0.219 0.138 0.023 0.031 0.037 0.015 0.029 0.041 0.005 0.019 0.189
188 W 0.035 0.023 0.017 0.016 0.009 0.016 0.023 0.026 0.023 0.05 0.113 0.024 0.022 0.127 0.011 0.025 0.025 0.228 0.14 0.047
189 I 0.083 0.02 0.017 0.019 0.015 0.014 0.021 0.03 0.012 0.172 0.128 0.025 0.029 0.142 0.015 0.034 0.037 0.009 0.038 0.14
190 L 0.049 0.022 0.015 0.016 0.016 0.015 0.02 0.022 0.01 0.118 0.277 0.024 0.04 0.098 0.014 0.026 0.036 0.008 0.03 0.144
191 I 0.058 0.027 0.067 0.031 0.015 0.021 0.029 0.034 0.014 0.169 0.125 0.033 0.05 0.035 0.018 0.064 0.047 0.006 0.019 0.137
192 R 0.051 0.194 0.036 0.032 0.01 0.041 0.05 0.035 0.019 0.041 0.097 0.145 0.02 0.022 0.022 0.05 0.069 0.006 0.018 0.045
193 F 0.081 0.042 0.025 0.026 0.012 0.053 0.042 0.036 0.022 0.053 0.118 0.075 0.024 0.149 0.018 0.042 0.034 0.012 0.084 0.054
194 K 0.053 0.098 0.079 0.092 0.011 0.035 0.053 0.039 0.018 0.063 0.063 0.123 0.018 0.021 0.021 0.047 0.041 0.005 0.017 0.103
195 I 0.055 0.045 0.026 0.027 0.014 0.026 0.036 0.03 0.012 0.163 0.109 0.105 0.027 0.031 0.02 0.043 0.073 0.005 0.019 0.134
196 K 0.058 0.075 0.088 0.101 0.009 0.043 0.066 0.049 0.021 0.026 0.038 0.192 0.014 0.016 0.025 0.081 0.045 0.005 0.016 0.031
197 I 0.043 0.02 0.015 0.017 0.014 0.014 0.019 0.021 0.015 0.198 0.175 0.024 0.033 0.108 0.014 0.025 0.034 0.01 0.075 0.125
198 K 0.055 0.104 0.04 0.04 0.008 0.052 0.069 0.042 0.02 0.027 0.042 0.299 0.015 0.015 0.027 0.052 0.039 0.005 0.017 0.032
199 Y 0.038 0.026 0.02 0.018 0.009 0.02 0.026 0.025 0.041 0.04 0.064 0.029 0.018 0.117 0.014 0.029 0.026 0.096 0.299 0.043
200 Y 0.041 0.026 0.019 0.018 0.011 0.02 0.025 0.024 0.032 0.063 0.137 0.028 0.047 0.145 0.014 0.029 0.029 0.02 0.212 0.06
201 Y 0.037 0.025 0.02 0.018 0.009 0.018 0.025 0.024 0.037 0.048 0.079 0.027 0.02 0.206 0.014 0.029 0.026 0.024 0.266 0.048
202 I 0.046 0.021 0.02 0.02 0.012 0.016 0.021 0.094 0.021 0.149 0.109 0.026 0.025 0.115 0.015 0.03 0.032 0.013 0.119 0.097
203 A 0.163 0.024 0.022 0.024 0.017 0.019 0.028 0.116 0.012 0.12 0.131 0.033 0.026 0.031 0.021 0.053 0.041 0.006 0.018 0.094
204 L 0.044 0.025 0.015 0.015 0.016 0.017 0.021 0.022 0.011 0.11 0.365 0.026 0.068 0.052 0.014 0.025 0.033 0.007 0.022 0.093
205 G 0.099 0.023 0.026 0.025 0.015 0.018 0.025 0.245 0.011 0.094 0.118 0.031 0.023 0.028 0.018 0.045 0.036 0.006 0.016 0.099
206 L 0.094 0.024 0.025 0.025 0.015 0.018 0.027 0.107 0.013 0.121 0.137 0.031 0.027 0.086 0.018 0.067 0.042 0.007 0.027 0.089
207 S 0.107 0.039 0.053 0.047 0.017 0.032 0.051 0.064 0.019 0.029 0.041 0.053 0.015 0.02 0.029 0.243 0.08 0.005 0.017 0.041
208 L 0.081 0.023 0.017 0.018 0.014 0.016 0.024 0.031 0.017 0.084 0.18 0.026 0.03 0.157 0.015 0.034 0.034 0.012 0.084 0.099
209 L 0.053 0.022 0.018 0.018 0.015 0.015 0.021 0.094 0.011 0.105 0.225 0.025 0.034 0.093 0.015 0.03 0.035 0.008 0.029 0.134
210 I 0.052 0.021 0.018 0.02 0.016 0.016 0.021 0.024 0.009 0.213 0.176 0.027 0.034 0.04 0.016 0.035 0.072 0.006 0.02 0.163
211 P 0.093 0.024 0.019 0.023 0.016 0.02 0.028 0.035 0.011 0.114 0.105 0.033 0.046 0.029 0.158 0.042 0.042 0.005 0.018 0.138
212 L 0.045 0.02 0.014 0.016 0.016 0.014 0.018 0.02 0.009 0.215 0.262 0.024 0.041 0.047 0.014 0.024 0.036 0.006 0.021 0.138
213 L 0.094 0.028 0.025 0.025 0.017 0.021 0.03 0.038 0.012 0.082 0.248 0.034 0.035 0.04 0.02 0.073 0.075 0.006 0.02 0.079
214 K 0.049 0.078 0.167 0.058 0.009 0.044 0.06 0.051 0.025 0.025 0.037 0.193 0.013 0.016 0.024 0.059 0.043 0.005 0.016 0.029
215 L 0.051 0.02 0.015 0.017 0.017 0.015 0.019 0.021 0.009 0.203 0.218 0.024 0.038 0.043 0.015 0.026 0.04 0.006 0.02 0.183
216 N 0.041 0.042 0.298 0.128 0.009 0.032 0.054 0.061 0.029 0.022 0.03 0.051 0.011 0.017 0.02 0.065 0.046 0.004 0.015 0.026
217 I 0.045 0.019 0.015 0.017 0.015 0.013 0.019 0.022 0.011 0.182 0.176 0.022 0.034 0.147 0.013 0.025 0.035 0.009 0.039 0.144
218 L 0.047 0.021 0.014 0.016 0.016 0.015 0.019 0.021 0.009 0.17 0.29 0.024 0.042 0.048 0.014 0.025 0.036 0.006 0.021 0.144
219 S 0.082 0.056 0.046 0.042 0.015 0.036 0.052 0.052 0.018 0.035 0.047 0.121 0.016 0.02 0.028 0.145 0.122 0.005 0.017 0.046
220 L 0.044 0.022 0.014 0.015 0.016 0.015 0.019 0.02 0.009 0.164 0.328 0.024 0.045 0.05 0.014 0.024 0.034 0.007 0.021 0.116
221 L 0.043 0.024 0.014 0.015 0.016 0.016 0.02 0.021 0.01 0.112 0.394 0.025 0.048 0.053 0.014 0.024 0.032 0.007 0.022 0.093
222 F 0.042 0.134 0.031 0.026 0.01 0.031 0.04 0.03 0.069 0.047 0.112 0.091 0.022 0.134 0.017 0.036 0.031 0.009 0.043 0.045
223 L 0.043 0.024 0.014 0.015 0.016 0.016 0.02 0.021 0.01 0.112 0.394 0.025 0.048 0.053 0.014 0.024 0.032 0.007 0.022 0.093
224 D 0.04 0.029 0.067 0.415 0.007 0.029 0.089 0.045 0.018 0.022 0.027 0.043 0.009 0.014 0.022 0.051 0.034 0.004 0.011 0.024
225 R 0.1 0.175 0.037 0.033 0.013 0.035 0.045 0.046 0.018 0.04 0.095 0.075 0.02 0.024 0.022 0.103 0.049 0.006 0.018 0.047
226 I 0.052 0.019 0.015 0.017 0.017 0.014 0.019 0.021 0.009 0.229 0.186 0.024 0.036 0.042 0.015 0.026 0.04 0.006 0.02 0.194
227 F 0.044 0.023 0.022 0.021 0.011 0.015 0.024 0.03 0.021 0.054 0.095 0.025 0.022 0.31 0.014 0.057 0.033 0.016 0.112 0.05
228 P 0.059 0.027 0.026 0.03 0.011 0.021 0.036 0.039 0.014 0.026 0.038 0.039 0.011 0.02 0.368 0.068 0.04 0.075 0.021 0.032
229 K 0.054 0.141 0.04 0.039 0.008 0.051 0.066 0.041 0.02 0.026 0.042 0.273 0.015 0.015 0.026 0.051 0.038 0.005 0.017 0.032
230 V 0.134 0.023 0.018 0.021 0.019 0.018 0.027 0.038 0.01 0.145 0.112 0.03 0.027 0.032 0.019 0.045 0.047 0.005 0.019 0.209
231 K 0.127 0.12 0.036 0.036 0.012 0.043 0.058 0.05 0.019 0.031 0.047 0.2 0.016 0.017 0.026 0.059 0.041 0.005 0.017 0.042
232 V 0.055 0.02 0.015 0.017 0.017 0.015 0.02 0.022 0.008 0.21 0.18 0.024 0.035 0.041 0.015 0.027 0.042 0.006 0.02 0.211
233 Y 0.039 0.027 0.021 0.018 0.009 0.021 0.027 0.024 0.045 0.042 0.067 0.03 0.018 0.127 0.015 0.03 0.027 0.027 0.338 0.045
234 L 0.042 0.023 0.014 0.015 0.015 0.015 0.019 0.021 0.011 0.105 0.353 0.024 0.045 0.103 0.013 0.024 0.031 0.008 0.031 0.088
235 E 0.052 0.041 0.048 0.174 0.009 0.048 0.212 0.038 0.021 0.026 0.037 0.061 0.012 0.017 0.024 0.058 0.069 0.005 0.015 0.034
236 I 0.085 0.021 0.016 0.018 0.016 0.015 0.022 0.029 0.011 0.179 0.168 0.026 0.033 0.092 0.016 0.034 0.038 0.007 0.029 0.145
237 L 0.05 0.056 0.027 0.028 0.013 0.061 0.047 0.031 0.017 0.071 0.186 0.115 0.074 0.035 0.019 0.039 0.037 0.006 0.021 0.066
238 E 0.05 0.102 0.044 0.113 0.008 0.079 0.18 0.037 0.024 0.023 0.038 0.11 0.014 0.016 0.024 0.052 0.036 0.005 0.016 0.03
239 W 0.043 0.038 0.066 0.029 0.01 0.025 0.034 0.034 0.026 0.05 0.062 0.069 0.017 0.063 0.015 0.037 0.033 0.155 0.123 0.071
240 E 0.049 0.043 0.075 0.06 0.01 0.07 0.162 0.035 0.022 0.074 0.106 0.058 0.022 0.025 0.021 0.047 0.038 0.006 0.018 0.06
241 G 0.064 0.048 0.106 0.122 0.01 0.033 0.057 0.147 0.02 0.024 0.034 0.095 0.012 0.017 0.023 0.091 0.046 0.005 0.014 0.029
242 V 0.07 0.022 0.016 0.018 0.019 0.016 0.023 0.025 0.008 0.165 0.13 0.026 0.032 0.036 0.016 0.033 0.049 0.006 0.021 0.269
243 D 0.051 0.036 0.051 0.22 0.008 0.042 0.177 0.109 0.02 0.021 0.031 0.055 0.011 0.015 0.023 0.052 0.034 0.005 0.013 0.027
244 K 0.056 0.053 0.083 0.102 0.01 0.038 0.091 0.111 0.019 0.042 0.047 0.118 0.015 0.018 0.022 0.051 0.039 0.005 0.015 0.065
245 K 0.099 0.072 0.04 0.047 0.011 0.073 0.102 0.049 0.021 0.028 0.044 0.165 0.016 0.017 0.027 0.084 0.046 0.005 0.017 0.038
246 V 0.061 0.021 0.015 0.017 0.018 0.016 0.021 0.023 0.008 0.172 0.17 0.025 0.034 0.038 0.015 0.03 0.044 0.006 0.02 0.245
247 N 0.041 0.044 0.337 0.081 0.009 0.033 0.048 0.063 0.031 0.022 0.031 0.052 0.011 0.017 0.02 0.068 0.048 0.004 0.015 0.026
248 L 0.048 0.02 0.014 0.017 0.016 0.014 0.019 0.021 0.009 0.222 0.224 0.024 0.039 0.045 0.014 0.025 0.038 0.006 0.02 0.166
249 F 0.033 0.018 0.016 0.016 0.01 0.01 0.018 0.025 0.016 0.062 0.111 0.018 0.025 0.405 0.01 0.025 0.025 0.016 0.086 0.053
250 N 0.056 0.04 0.253 0.069 0.01 0.031 0.045 0.129 0.026 0.022 0.032 0.05 0.011 0.018 0.021 0.09 0.05 0.005 0.015 0.028
251 F 0.033 0.018 0.016 0.016 0.01 0.01 0.018 0.025 0.016 0.062 0.111 0.018 0.025 0.405 0.01 0.025 0.025 0.016 0.086 0.053
252 R 0.048 0.253 0.039 0.034 0.008 0.049 0.058 0.036 0.022 0.024 0.044 0.195 0.015 0.016 0.022 0.047 0.036 0.005 0.017 0.031
253 I 0.055 0.019 0.015 0.017 0.017 0.014 0.02 0.022 0.008 0.235 0.147 0.024 0.034 0.039 0.015 0.028 0.043 0.006 0.02 0.222
254 L 0.044 0.022 0.014 0.015 0.016 0.015 0.019 0.02 0.009 0.164 0.328 0.024 0.045 0.05 0.014 0.024 0.034 0.007 0.021 0.116
255 I 0.042 0.018 0.015 0.017 0.014 0.013 0.018 0.021 0.011 0.201 0.181 0.022 0.034 0.148 0.013 0.024 0.034 0.009 0.039 0.127
256 A 0.194 0.035 0.041 0.039 0.019 0.029 0.046 0.069 0.017 0.034 0.048 0.049 0.016 0.021 0.029 0.174 0.066 0.005 0.017 0.052
257 L 0.048 0.026 0.019 0.019 0.016 0.019 0.023 0.025 0.011 0.101 0.318 0.029 0.064 0.048 0.016 0.035 0.067 0.007 0.021 0.089
258 F 0.078 0.021 0.018 0.018 0.013 0.013 0.022 0.032 0.015 0.073 0.106 0.023 0.024 0.297 0.014 0.034 0.031 0.013 0.067 0.089
259 I 0.043 0.022 0.017 0.018 0.013 0.017 0.022 0.023 0.021 0.16 0.132 0.026 0.05 0.119 0.014 0.028 0.033 0.014 0.121 0.107
260 L 0.08 0.023 0.016 0.017 0.016 0.016 0.022 0.029 0.011 0.121 0.272 0.026 0.039 0.097 0.016 0.032 0.034 0.008 0.03 0.095
261 V 0.093 0.022 0.016 0.019 0.018 0.016 0.023 0.03 0.009 0.174 0.165 0.027 0.033 0.038 0.017 0.036 0.043 0.006 0.02 0.196
262 L 0.056 0.024 0.021 0.021 0.015 0.018 0.025 0.028 0.016 0.149 0.192 0.029 0.033 0.053 0.017 0.057 0.042 0.009 0.065 0.129
263 F 0.037 0.021 0.015 0.016 0.013 0.013 0.019 0.023 0.014 0.083 0.232 0.021 0.035 0.254 0.012 0.024 0.028 0.012 0.059 0.071
264 A 0.133 0.03 0.029 0.028 0.015 0.024 0.034 0.117 0.024 0.045 0.073 0.038 0.04 0.054 0.022 0.079 0.043 0.012 0.109 0.054
265 F 0.041 0.021 0.019 0.019 0.01 0.015 0.021 0.097 0.018 0.076 0.083 0.024 0.02 0.159 0.012 0.028 0.027 0.155 0.096 0.058
266 F 0.049 0.054 0.073 0.037 0.01 0.059 0.049 0.037 0.02 0.055 0.073 0.114 0.02 0.129 0.019 0.044 0.037 0.008 0.037 0.074
267 Y 0.04 0.122 0.025 0.021 0.009 0.027 0.033 0.026 0.035 0.039 0.067 0.053 0.018 0.135 0.016 0.033 0.029 0.019 0.21 0.042
268 K 0.052 0.133 0.082 0.045 0.008 0.048 0.063 0.044 0.022 0.025 0.041 0.238 0.014 0.016 0.025 0.053 0.039 0.005 0.017 0.031
269 K 0.054 0.092 0.037 0.037 0.009 0.047 0.062 0.039 0.019 0.039 0.092 0.26 0.02 0.02 0.025 0.048 0.038 0.005 0.017 0.041
270 H 0.042 0.046 0.053 0.038 0.008 0.038 0.053 0.038 0.355 0.023 0.038 0.046 0.015 0.03 0.019 0.042 0.027 0.008 0.057 0.023
271 L 0.044 0.021 0.014 0.016 0.016 0.015 0.019 0.02 0.009 0.189 0.295 0.024 0.043 0.049 0.014 0.024 0.035 0.006 0.021 0.127
272 K 0.054 0.072 0.041 0.109 0.105 0.04 0.063 0.041 0.017 0.029 0.044 0.188 0.014 0.016 0.024 0.05 0.037 0.005 0.015 0.035
273 N 0.047 0.069 0.21 0.063 0.009 0.041 0.057 0.054 0.026 0.024 0.035 0.158 0.013 0.016 0.023 0.061 0.044 0.005 0.016 0.029
274 Y 0.044 0.038 0.074 0.087 0.011 0.026 0.042 0.034 0.025 0.106 0.08 0.072 0.02 0.055 0.018 0.04 0.036 0.011 0.108 0.074
275 P 0.09 0.062 0.075 0.042 0.011 0.036 0.052 0.048 0.019 0.028 0.041 0.153 0.013 0.016 0.164 0.056 0.04 0.004 0.015 0.036
276 G 0.069 0.028 0.036 0.031 0.012 0.022 0.031 0.247 0.023 0.031 0.046 0.036 0.014 0.049 0.02 0.078 0.07 0.012 0.106 0.039
277 F 0.033 0.018 0.016 0.016 0.01 0.01 0.018 0.025 0.016 0.062 0.111 0.018 0.025 0.405 0.01 0.025 0.025 0.016 0.086 0.053
278 D 0.044 0.034 0.051 0.264 0.008 0.037 0.144 0.039 0.019 0.035 0.082 0.049 0.016 0.02 0.022 0.048 0.034 0.005 0.014 0.036
279 L 0.055 0.023 0.016 0.017 0.017 0.017 0.022 0.023 0.01 0.156 0.217 0.026 0.058 0.043 0.015 0.029 0.041 0.006 0.021 0.188
280 L 0.043 0.024 0.015 0.016 0.015 0.017 0.021 0.022 0.012 0.103 0.324 0.025 0.064 0.102 0.014 0.025 0.032 0.008 0.031 0.087
281 F 0.038 0.022 0.017 0.016 0.011 0.015 0.021 0.023 0.023 0.07 0.179 0.024 0.03 0.225 0.013 0.026 0.028 0.017 0.14 0.063
282 K 0.054 0.141 0.04 0.039 0.008 0.051 0.066 0.041 0.02 0.026 0.042 0.273 0.015 0.015 0.026 0.051 0.038 0.005 0.017 0.032
283 I 0.049 0.021 0.018 0.02 0.016 0.015 0.021 0.023 0.009 0.232 0.182 0.026 0.035 0.042 0.016 0.034 0.071 0.006 0.02 0.146
284 H 0.041 0.044 0.052 0.037 0.007 0.037 0.052 0.037 0.374 0.022 0.037 0.044 0.015 0.03 0.019 0.041 0.026 0.007 0.056 0.022
285 L 0.047 0.019 0.014 0.016 0.085 0.014 0.018 0.022 0.009 0.205 0.215 0.023 0.036 0.043 0.014 0.026 0.036 0.006 0.019 0.133
286 L 0.042 0.022 0.014 0.015 0.015 0.015 0.019 0.021 0.011 0.131 0.32 0.023 0.043 0.102 0.013 0.024 0.032 0.008 0.031 0.099
287 S 0.107 0.039 0.053 0.047 0.017 0.032 0.051 0.064 0.019 0.029 0.041 0.053 0.015 0.02 0.029 0.243 0.08 0.005 0.017 0.041
288 L 0.047 0.022 0.014 0.015 0.016 0.015 0.02 0.021 0.009 0.145 0.323 0.024 0.044 0.049 0.014 0.025 0.036 0.007 0.021 0.133
289 L 0.061 0.022 0.021 0.021 0.085 0.016 0.024 0.03 0.011 0.123 0.146 0.027 0.029 0.087 0.016 0.06 0.044 0.007 0.028 0.142
290 L 0.039 0.02 0.015 0.016 0.013 0.013 0.019 0.022 0.012 0.116 0.24 0.022 0.036 0.202 0.012 0.024 0.03 0.011 0.049 0.087
291 F 0.034 0.02 0.017 0.017 0.01 0.012 0.02 0.025 0.021 0.059 0.105 0.02 0.024 0.365 0.011 0.025 0.025 0.018 0.122 0.052
292 F 0.033 0.018 0.016 0.016 0.01 0.01 0.018 0.025 0.016 0.062 0.111 0.018 0.025 0.405 0.01 0.025 0.025 0.016 0.086 0.053
293 A 0.205 0.03 0.026 0.027 0.019 0.023 0.035 0.059 0.014 0.06 0.151 0.039 0.026 0.03 0.025 0.089 0.048 0.006 0.018 0.071
294 F 0.037 0.021 0.015 0.016 0.013 0.013 0.019 0.023 0.014 0.083 0.232 0.021 0.035 0.254 0.012 0.024 0.028 0.012 0.059 0.071
295 S 0.107 0.039 0.053 0.047 0.017 0.032 0.051 0.064 0.019 0.029 0.041 0.053 0.015 0.02 0.029 0.243 0.08 0.005 0.017 0.041
296 T 0.06 0.031 0.074 0.036 0.015 0.024 0.034 0.039 0.014 0.068 0.111 0.039 0.022 0.027 0.091 0.062 0.138 0.005 0.017 0.092
297 T 0.072 0.034 0.04 0.035 0.017 0.026 0.037 0.042 0.014 0.057 0.107 0.042 0.023 0.027 0.025 0.102 0.208 0.006 0.018 0.068
298 A 0.215 0.029 0.033 0.033 0.017 0.024 0.037 0.202 0.015 0.033 0.047 0.042 0.014 0.019 0.026 0.096 0.047 0.005 0.015 0.051
299 L 0.087 0.033 0.066 0.031 0.015 0.051 0.038 0.038 0.016 0.109 0.173 0.04 0.03 0.034 0.018 0.044 0.041 0.006 0.019 0.111
300 V 0.069 0.027 0.027 0.025 0.018 0.021 0.029 0.032 0.01 0.113 0.099 0.033 0.026 0.03 0.021 0.057 0.142 0.006 0.019 0.195
301 F 0.033 0.018 0.016 0.016 0.01 0.01 0.018 0.025 0.016 0.062 0.111 0.018 0.025 0.405 0.01 0.025 0.025 0.016 0.086 0.053
302 S 0.107 0.039 0.053 0.047 0.017 0.032 0.051 0.064 0.019 0.029 0.041 0.053 0.015 0.02 0.029 0.243 0.08 0.005 0.017 0.041
303 L 0.044 0.022 0.014 0.015 0.016 0.015 0.019 0.02 0.009 0.164 0.328 0.024 0.045 0.05 0.014 0.024 0.034 0.007 0.021 0.116
304 R 0.043 0.364 0.038 0.03 0.008 0.047 0.051 0.032 0.023 0.023 0.045 0.117 0.015 0.017 0.019 0.043 0.034 0.006 0.017 0.03
305 T 0.082 0.035 0.043 0.038 0.017 0.028 0.041 0.049 0.015 0.051 0.101 0.045 0.022 0.026 0.026 0.146 0.154 0.006 0.018 0.06
306 F 0.035 0.021 0.018 0.017 0.01 0.013 0.021 0.025 0.025 0.056 0.098 0.022 0.023 0.325 0.012 0.026 0.025 0.019 0.158 0.051
307 E 0.05 0.043 0.047 0.181 0.007 0.053 0.252 0.037 0.023 0.022 0.033 0.065 0.012 0.016 0.024 0.053 0.035 0.005 0.015 0.028
308 L 0.045 0.026 0.015 0.016 0.016 0.019 0.022 0.023 0.011 0.108 0.336 0.028 0.087 0.051 0.014 0.027 0.034 0.007 0.022 0.092
309 L 0.042 0.021 0.014 0.016 0.015 0.014 0.019 0.021 0.01 0.156 0.287 0.023 0.041 0.1 0.013 0.024 0.033 0.008 0.03 0.11
310 S 0.107 0.039 0.053 0.047 0.017 0.032 0.051 0.064 0.019 0.029 0.041 0.053 0.015 0.02 0.029 0.243 0.08 0.005 0.017 0.041
311 V 0.058 0.02 0.015 0.017 0.017 0.015 0.02 0.022 0.008 0.217 0.142 0.024 0.033 0.038 0.015 0.029 0.044 0.006 0.02 0.239
312 V 0.06 0.02 0.018 0.019 0.016 0.015 0.021 0.094 0.009 0.196 0.128 0.025 0.03 0.035 0.016 0.031 0.041 0.005 0.019 0.201
313 Q 0.052 0.068 0.044 0.044 0.008 0.209 0.093 0.04 0.078 0.025 0.044 0.082 0.019 0.016 0.022 0.052 0.038 0.006 0.025 0.033
314 I 0.049 0.018 0.015 0.017 0.016 0.013 0.018 0.021 0.008 0.273 0.158 0.023 0.035 0.042 0.015 0.025 0.04 0.006 0.02 0.189
315 L 0.051 0.022 0.014 0.016 0.017 0.015 0.02 0.022 0.009 0.151 0.284 0.025 0.041 0.046 0.014 0.026 0.038 0.006 0.021 0.161
316 L 0.043 0.024 0.014 0.015 0.016 0.016 0.02 0.021 0.01 0.112 0.394 0.025 0.048 0.053 0.014 0.024 0.032 0.007 0.022 0.093
317 F 0.078 0.026 0.02 0.019 0.012 0.019 0.026 0.032 0.028 0.056 0.096 0.029 0.044 0.18 0.016 0.037 0.031 0.018 0.175 0.057
318 P 0.057 0.026 0.025 0.031 0.011 0.021 0.036 0.036 0.013 0.029 0.039 0.041 0.011 0.014 0.439 0.049 0.068 0.003 0.013 0.036
319 L 0.046 0.027 0.017 0.017 0.015 0.021 0.024 0.024 0.017 0.096 0.26 0.03 0.103 0.061 0.015 0.029 0.035 0.01 0.068 0.085
320 L 0.046 0.02 0.015 0.016 0.015 0.014 0.019 0.021 0.01 0.189 0.216 0.023 0.037 0.096 0.014 0.025 0.036 0.008 0.03 0.149
