#Seq2Logo.py -f /work3/idamei/ssn-clusterings/clustering/2205171701/clusters/0010_258/sequences.afa -o /work3/idamei/ssn-clusterings/clustering/2205171701/clusters/0010_258/sequences.logo
#Position Specific Frequency Matrix
A R N D C Q E G H I L K M F P S T W Y V
0 L 0.051 0.031 0.02 0.02 0.016 0.028 0.028 0.028 0.016 0.098 0.193 0.035 0.177 0.047 0.016 0.035 0.039 0.008 0.024 0.091
1 V 0.07 0.022 0.016 0.018 0.019 0.016 0.023 0.025 0.008 0.165 0.13 0.026 0.032 0.036 0.016 0.033 0.049 0.006 0.021 0.269
2 V 0.075 0.032 0.028 0.028 0.017 0.049 0.04 0.035 0.013 0.115 0.099 0.041 0.026 0.029 0.02 0.077 0.054 0.005 0.02 0.195
3 N 0.044 0.047 0.147 0.048 0.01 0.029 0.041 0.043 0.022 0.079 0.074 0.092 0.019 0.098 0.019 0.048 0.04 0.007 0.031 0.06
4 L 0.065 0.026 0.024 0.024 0.017 0.019 0.028 0.032 0.011 0.139 0.201 0.032 0.034 0.039 0.018 0.079 0.049 0.006 0.02 0.136
5 K 0.051 0.111 0.117 0.051 0.009 0.047 0.063 0.047 0.023 0.026 0.04 0.21 0.014 0.016 0.025 0.056 0.041 0.005 0.017 0.031
6 R 0.102 0.144 0.031 0.028 0.015 0.031 0.039 0.04 0.016 0.07 0.074 0.066 0.021 0.024 0.022 0.057 0.085 0.006 0.018 0.111
7 F 0.063 0.042 0.032 0.032 0.012 0.026 0.04 0.041 0.017 0.045 0.09 0.081 0.02 0.121 0.117 0.088 0.045 0.008 0.035 0.046
8 K 0.049 0.124 0.035 0.041 0.008 0.045 0.097 0.034 0.029 0.03 0.049 0.148 0.016 0.046 0.022 0.045 0.035 0.011 0.1 0.035
9 L 0.044 0.024 0.014 0.015 0.016 0.016 0.02 0.021 0.01 0.115 0.378 0.025 0.049 0.054 0.014 0.024 0.033 0.007 0.022 0.096
10 L 0.064 0.029 0.026 0.025 0.017 0.021 0.03 0.035 0.013 0.089 0.275 0.034 0.039 0.044 0.019 0.085 0.048 0.006 0.021 0.079
11 C 0.065 0.016 0.016 0.016 0.486 0.012 0.016 0.032 0.008 0.045 0.065 0.02 0.016 0.02 0.016 0.041 0.036 0.004 0.012 0.057
12 V 0.07 0.022 0.016 0.018 0.019 0.016 0.023 0.025 0.008 0.164 0.13 0.026 0.031 0.036 0.016 0.033 0.049 0.005 0.021 0.272
13 I 0.047 0.018 0.015 0.018 0.016 0.013 0.018 0.021 0.009 0.274 0.167 0.024 0.037 0.044 0.015 0.025 0.04 0.006 0.021 0.176
14 R 0.044 0.348 0.039 0.031 0.008 0.048 0.052 0.033 0.023 0.023 0.046 0.12 0.015 0.017 0.019 0.044 0.035 0.006 0.017 0.031
15 K 0.057 0.107 0.041 0.041 0.009 0.053 0.071 0.043 0.021 0.027 0.043 0.281 0.015 0.015 0.027 0.053 0.04 0.005 0.017 0.033
16 E 0.055 0.049 0.04 0.09 0.007 0.064 0.299 0.035 0.026 0.022 0.037 0.075 0.013 0.017 0.026 0.055 0.037 0.005 0.017 0.031
17 K 0.057 0.107 0.041 0.041 0.009 0.053 0.071 0.043 0.021 0.027 0.043 0.281 0.015 0.015 0.027 0.053 0.04 0.005 0.017 0.033
18 V 0.071 0.026 0.025 0.024 0.019 0.02 0.028 0.03 0.01 0.13 0.11 0.032 0.028 0.032 0.02 0.051 0.111 0.006 0.02 0.21
19 G 0.078 0.023 0.039 0.034 0.011 0.019 0.025 0.512 0.013 0.019 0.028 0.034 0.009 0.016 0.019 0.051 0.03 0.005 0.011 0.024
20 L 0.052 0.032 0.02 0.02 0.016 0.028 0.028 0.028 0.016 0.1 0.196 0.036 0.164 0.048 0.016 0.036 0.04 0.008 0.024 0.092
21 V 0.065 0.038 0.025 0.027 0.016 0.078 0.048 0.03 0.015 0.122 0.104 0.046 0.028 0.029 0.019 0.04 0.047 0.006 0.021 0.199
22 I 0.07 0.026 0.029 0.029 0.017 0.021 0.031 0.038 0.013 0.184 0.119 0.035 0.028 0.035 0.02 0.102 0.055 0.006 0.019 0.124
23 L 0.045 0.024 0.014 0.015 0.016 0.016 0.02 0.021 0.01 0.116 0.373 0.025 0.05 0.055 0.014 0.024 0.034 0.007 0.022 0.097
24 K 0.057 0.108 0.042 0.042 0.009 0.054 0.071 0.043 0.021 0.028 0.043 0.275 0.016 0.016 0.028 0.054 0.04 0.005 0.017 0.033
25 A 0.287 0.031 0.026 0.03 0.022 0.026 0.041 0.079 0.015 0.043 0.06 0.045 0.018 0.022 0.03 0.085 0.05 0.005 0.018 0.069
26 K 0.057 0.108 0.042 0.042 0.009 0.054 0.071 0.043 0.021 0.028 0.043 0.275 0.016 0.016 0.028 0.054 0.04 0.005 0.017 0.033
27 E 0.055 0.05 0.041 0.091 0.007 0.065 0.294 0.035 0.026 0.022 0.037 0.076 0.013 0.017 0.026 0.055 0.037 0.006 0.017 0.031
28 S 0.11 0.04 0.054 0.049 0.018 0.033 0.053 0.067 0.019 0.03 0.042 0.054 0.016 0.021 0.03 0.217 0.082 0.005 0.018 0.042
29 S 0.083 0.041 0.157 0.061 0.014 0.033 0.051 0.065 0.024 0.027 0.038 0.053 0.014 0.02 0.026 0.167 0.069 0.005 0.017 0.036
30 R 0.05 0.23 0.04 0.036 0.008 0.05 0.061 0.037 0.022 0.025 0.044 0.204 0.015 0.016 0.023 0.048 0.037 0.005 0.017 0.031
31 S 0.082 0.056 0.048 0.047 0.013 0.13 0.076 0.053 0.024 0.028 0.044 0.072 0.018 0.018 0.026 0.143 0.061 0.005 0.019 0.038
32 N 0.075 0.042 0.19 0.065 0.013 0.033 0.05 0.065 0.025 0.026 0.036 0.053 0.013 0.019 0.025 0.15 0.065 0.005 0.016 0.034
33 Y 0.054 0.025 0.019 0.018 0.014 0.019 0.025 0.024 0.027 0.103 0.098 0.028 0.025 0.082 0.016 0.032 0.038 0.016 0.174 0.163
34 L 0.044 0.189 0.026 0.023 0.012 0.032 0.036 0.027 0.016 0.068 0.215 0.072 0.032 0.036 0.017 0.034 0.034 0.006 0.02 0.063
35 F 0.038 0.031 0.172 0.049 0.01 0.022 0.034 0.045 0.024 0.042 0.072 0.036 0.018 0.207 0.015 0.047 0.037 0.011 0.051 0.04
36 I 0.046 0.017 0.014 0.017 0.016 0.013 0.017 0.02 0.009 0.282 0.165 0.023 0.036 0.044 0.014 0.025 0.039 0.006 0.02 0.174
37 C 0.064 0.016 0.016 0.016 0.492 0.012 0.016 0.032 0.008 0.044 0.064 0.02 0.016 0.02 0.016 0.04 0.036 0.004 0.012 0.056
38 S 0.078 0.117 0.041 0.037 0.014 0.035 0.045 0.048 0.019 0.045 0.08 0.065 0.056 0.026 0.023 0.137 0.059 0.006 0.019 0.051
39 L 0.043 0.023 0.016 0.016 0.014 0.017 0.021 0.022 0.019 0.138 0.252 0.026 0.038 0.07 0.014 0.026 0.033 0.012 0.099 0.102
40 V 0.058 0.024 0.023 0.022 0.016 0.017 0.026 0.029 0.012 0.105 0.13 0.029 0.028 0.124 0.017 0.044 0.094 0.008 0.036 0.156
41 F 0.038 0.019 0.016 0.016 0.013 0.012 0.019 0.023 0.014 0.117 0.178 0.021 0.032 0.259 0.012 0.025 0.029 0.012 0.061 0.086
42 F 0.037 0.021 0.017 0.017 0.011 0.014 0.021 0.024 0.021 0.068 0.158 0.022 0.028 0.276 0.012 0.026 0.027 0.017 0.123 0.06
43 L 0.044 0.03 0.08 0.03 0.013 0.023 0.029 0.032 0.022 0.078 0.213 0.034 0.061 0.06 0.016 0.036 0.036 0.011 0.083 0.07
44 V 0.058 0.02 0.015 0.017 0.113 0.015 0.02 0.024 0.009 0.153 0.174 0.024 0.033 0.037 0.015 0.031 0.041 0.006 0.019 0.178
45 L 0.061 0.028 0.086 0.036 0.11 0.021 0.031 0.04 0.015 0.099 0.138 0.035 0.025 0.031 0.019 0.078 0.047 0.005 0.017 0.078
46 L 0.063 0.038 0.031 0.031 0.015 0.063 0.045 0.036 0.016 0.082 0.192 0.046 0.032 0.034 0.021 0.081 0.075 0.006 0.02 0.074
47 F 0.036 0.018 0.016 0.017 0.011 0.011 0.018 0.024 0.015 0.107 0.122 0.02 0.027 0.328 0.011 0.025 0.028 0.014 0.074 0.078
48 V 0.059 0.021 0.015 0.017 0.018 0.015 0.021 0.023 0.009 0.177 0.187 0.025 0.036 0.04 0.015 0.029 0.043 0.006 0.021 0.223
49 L 0.094 0.024 0.017 0.018 0.016 0.017 0.024 0.033 0.012 0.089 0.267 0.027 0.038 0.116 0.016 0.036 0.034 0.009 0.034 0.081
50 L 0.043 0.024 0.017 0.017 0.013 0.018 0.022 0.024 0.019 0.12 0.185 0.027 0.061 0.134 0.014 0.028 0.033 0.013 0.097 0.092
51 V 0.07 0.022 0.017 0.018 0.019 0.017 0.023 0.025 0.008 0.165 0.131 0.026 0.032 0.036 0.017 0.033 0.05 0.006 0.021 0.266
52 V 0.07 0.022 0.017 0.018 0.019 0.017 0.023 0.025 0.008 0.165 0.131 0.026 0.032 0.036 0.017 0.033 0.05 0.006 0.021 0.266
53 F 0.034 0.019 0.017 0.017 0.011 0.011 0.019 0.025 0.017 0.064 0.115 0.019 0.025 0.385 0.011 0.025 0.025 0.017 0.089 0.055
54 F 0.034 0.019 0.017 0.017 0.011 0.011 0.019 0.025 0.017 0.064 0.115 0.019 0.025 0.385 0.011 0.025 0.025 0.017 0.089 0.055
55 F 0.034 0.019 0.017 0.017 0.011 0.011 0.019 0.025 0.017 0.064 0.115 0.019 0.025 0.385 0.011 0.025 0.025 0.017 0.089 0.055
56 A 0.288 0.031 0.026 0.03 0.022 0.026 0.041 0.079 0.015 0.043 0.06 0.045 0.018 0.022 0.03 0.085 0.05 0.005 0.018 0.069
57 F 0.034 0.019 0.017 0.017 0.011 0.011 0.019 0.025 0.017 0.064 0.115 0.019 0.025 0.385 0.011 0.025 0.025 0.017 0.089 0.055
58 L 0.05 0.023 0.015 0.016 0.017 0.016 0.021 0.022 0.01 0.126 0.32 0.025 0.045 0.049 0.015 0.026 0.037 0.007 0.022 0.141
59 S 0.09 0.034 0.044 0.04 0.016 0.027 0.044 0.055 0.018 0.038 0.059 0.045 0.018 0.114 0.025 0.178 0.067 0.008 0.035 0.045
60 F 0.052 0.02 0.017 0.017 0.015 0.014 0.021 0.025 0.013 0.114 0.123 0.023 0.029 0.211 0.014 0.029 0.037 0.011 0.055 0.161
61 L 0.039 0.022 0.016 0.016 0.013 0.013 0.02 0.023 0.014 0.09 0.244 0.022 0.038 0.22 0.012 0.025 0.029 0.012 0.056 0.076
62 Y 0.165 0.03 0.024 0.024 0.015 0.024 0.034 0.052 0.031 0.043 0.064 0.038 0.018 0.076 0.023 0.058 0.039 0.017 0.167 0.058
63 A 0.288 0.031 0.026 0.03 0.022 0.026 0.041 0.079 0.015 0.043 0.06 0.045 0.018 0.022 0.03 0.085 0.05 0.005 0.018 0.069
64 N 0.043 0.045 0.315 0.083 0.009 0.034 0.05 0.065 0.032 0.023 0.032 0.054 0.011 0.018 0.02 0.07 0.05 0.005 0.016 0.027
65 I 0.047 0.018 0.015 0.018 0.016 0.013 0.018 0.021 0.009 0.269 0.168 0.024 0.037 0.044 0.015 0.025 0.04 0.006 0.021 0.177
66 S 0.11 0.04 0.054 0.049 0.018 0.033 0.053 0.067 0.019 0.03 0.042 0.054 0.016 0.021 0.03 0.217 0.082 0.005 0.018 0.042
67 Y 0.041 0.028 0.022 0.019 0.009 0.022 0.028 0.025 0.047 0.044 0.069 0.031 0.019 0.131 0.016 0.031 0.028 0.028 0.316 0.047
68 A 0.199 0.036 0.04 0.039 0.02 0.029 0.047 0.072 0.017 0.037 0.051 0.049 0.017 0.021 0.03 0.152 0.066 0.005 0.018 0.055
69 F 0.041 0.018 0.016 0.017 0.013 0.012 0.018 0.023 0.013 0.167 0.141 0.021 0.031 0.215 0.013 0.025 0.033 0.011 0.055 0.116
70 L 0.053 0.026 0.022 0.02 0.015 0.019 0.026 0.027 0.017 0.097 0.207 0.03 0.033 0.059 0.017 0.04 0.081 0.011 0.083 0.117
71 G 0.058 0.021 0.024 0.023 0.014 0.016 0.021 0.22 0.011 0.144 0.154 0.027 0.028 0.034 0.016 0.035 0.034 0.006 0.017 0.098
72 E 0.053 0.039 0.103 0.14 0.008 0.041 0.157 0.14 0.023 0.021 0.032 0.056 0.011 0.016 0.022 0.056 0.037 0.005 0.014 0.027
73 D 0.046 0.04 0.053 0.207 0.007 0.045 0.17 0.039 0.091 0.022 0.033 0.056 0.012 0.018 0.023 0.05 0.034 0.005 0.022 0.026
74 G 0.13 0.029 0.04 0.036 0.014 0.024 0.035 0.31 0.015 0.026 0.037 0.04 0.012 0.018 0.023 0.106 0.047 0.005 0.014 0.037
75 L 0.049 0.021 0.019 0.019 0.014 0.015 0.02 0.121 0.012 0.118 0.216 0.025 0.033 0.113 0.014 0.029 0.032 0.008 0.032 0.088
76 F 0.054 0.02 0.021 0.02 0.192 0.014 0.022 0.033 0.014 0.051 0.085 0.024 0.02 0.208 0.015 0.057 0.036 0.01 0.05 0.053
77 G 0.077 0.036 0.05 0.125 0.012 0.035 0.106 0.146 0.019 0.024 0.035 0.051 0.012 0.018 0.025 0.125 0.052 0.005 0.014 0.032
78 L 0.049 0.021 0.019 0.019 0.014 0.015 0.02 0.121 0.012 0.118 0.216 0.025 0.033 0.113 0.014 0.029 0.032 0.008 0.032 0.088
79 A 0.174 0.032 0.034 0.034 0.019 0.026 0.04 0.061 0.015 0.063 0.102 0.044 0.022 0.027 0.026 0.132 0.059 0.005 0.018 0.068
80 F 0.039 0.021 0.017 0.017 0.012 0.014 0.02 0.023 0.019 0.113 0.169 0.023 0.031 0.205 0.013 0.026 0.03 0.015 0.109 0.084
81 F 0.046 0.02 0.016 0.017 0.014 0.013 0.02 0.024 0.013 0.108 0.12 0.021 0.028 0.254 0.013 0.027 0.034 0.012 0.06 0.14
82 N 0.043 0.045 0.314 0.083 0.009 0.034 0.05 0.065 0.032 0.023 0.032 0.054 0.011 0.018 0.02 0.07 0.05 0.005 0.016 0.027
83 V 0.055 0.02 0.015 0.017 0.017 0.015 0.02 0.022 0.009 0.201 0.194 0.024 0.037 0.042 0.015 0.027 0.042 0.006 0.021 0.201
84 A 0.134 0.032 0.026 0.045 0.015 0.034 0.122 0.044 0.016 0.116 0.087 0.047 0.022 0.027 0.023 0.054 0.041 0.006 0.018 0.091
85 L 0.11 0.026 0.025 0.025 0.112 0.019 0.029 0.044 0.014 0.058 0.133 0.032 0.024 0.103 0.02 0.081 0.045 0.008 0.031 0.063
86 L 0.043 0.023 0.017 0.016 0.012 0.016 0.022 0.025 0.019 0.082 0.149 0.024 0.028 0.135 0.013 0.027 0.031 0.112 0.105 0.101
87 L 0.058 0.024 0.023 0.022 0.111 0.017 0.025 0.033 0.013 0.072 0.198 0.028 0.031 0.109 0.017 0.07 0.041 0.008 0.032 0.068
88 G 0.074 0.028 0.033 0.03 0.016 0.022 0.032 0.134 0.013 0.075 0.13 0.036 0.025 0.03 0.021 0.086 0.09 0.006 0.017 0.102
89 V 0.059 0.021 0.015 0.017 0.018 0.015 0.021 0.023 0.009 0.177 0.187 0.025 0.036 0.04 0.015 0.029 0.043 0.006 0.021 0.223
90 L 0.044 0.023 0.014 0.015 0.016 0.015 0.019 0.021 0.01 0.148 0.343 0.024 0.046 0.052 0.014 0.024 0.034 0.007 0.022 0.11
91 L 0.071 0.027 0.031 0.029 0.111 0.021 0.031 0.042 0.014 0.055 0.129 0.034 0.024 0.103 0.02 0.112 0.051 0.008 0.031 0.057
92 C 0.056 0.019 0.015 0.016 0.303 0.014 0.018 0.027 0.009 0.072 0.193 0.022 0.029 0.033 0.015 0.033 0.035 0.005 0.016 0.071
93 L 0.114 0.026 0.025 0.025 0.018 0.021 0.03 0.041 0.012 0.126 0.156 0.034 0.03 0.035 0.021 0.08 0.05 0.006 0.019 0.132
94 F 0.04 0.018 0.016 0.017 0.013 0.012 0.018 0.023 0.013 0.172 0.139 0.021 0.031 0.22 0.012 0.025 0.032 0.011 0.054 0.114
95 V 0.055 0.02 0.015 0.017 0.017 0.015 0.02 0.022 0.009 0.201 0.194 0.024 0.037 0.042 0.015 0.027 0.042 0.006 0.021 0.201
96 V 0.061 0.093 0.029 0.026 0.014 0.026 0.034 0.033 0.021 0.108 0.089 0.05 0.023 0.049 0.019 0.073 0.046 0.01 0.081 0.115
97 F 0.102 0.021 0.023 0.022 0.109 0.015 0.024 0.136 0.014 0.046 0.075 0.027 0.018 0.171 0.017 0.045 0.033 0.01 0.043 0.051
98 L 0.066 0.03 0.032 0.029 0.014 0.023 0.034 0.04 0.022 0.055 0.13 0.036 0.025 0.124 0.02 0.11 0.049 0.012 0.095 0.055
99 E 0.076 0.056 0.045 0.063 0.011 0.049 0.159 0.048 0.022 0.026 0.039 0.109 0.014 0.018 0.027 0.126 0.054 0.005 0.017 0.035
100 L 0.044 0.106 0.025 0.023 0.012 0.028 0.036 0.028 0.016 0.068 0.195 0.096 0.031 0.108 0.017 0.034 0.033 0.008 0.033 0.061
101 D 0.049 0.06 0.104 0.133 0.008 0.082 0.124 0.045 0.025 0.024 0.037 0.11 0.014 0.016 0.023 0.056 0.04 0.005 0.016 0.03
102 K 0.055 0.127 0.098 0.045 0.009 0.041 0.053 0.14 0.022 0.024 0.038 0.158 0.013 0.016 0.022 0.053 0.038 0.005 0.015 0.029
103 G 0.059 0.173 0.039 0.034 0.009 0.037 0.044 0.229 0.018 0.022 0.038 0.119 0.013 0.016 0.02 0.048 0.033 0.005 0.014 0.028
104 F 0.04 0.02 0.017 0.019 0.011 0.013 0.022 0.026 0.014 0.099 0.107 0.024 0.024 0.251 0.11 0.028 0.03 0.012 0.059 0.073
105 L 0.049 0.022 0.014 0.016 0.016 0.015 0.02 0.021 0.009 0.157 0.291 0.025 0.043 0.048 0.014 0.026 0.037 0.006 0.021 0.148
106 N 0.074 0.04 0.162 0.059 0.014 0.032 0.048 0.06 0.023 0.031 0.042 0.051 0.014 0.02 0.025 0.14 0.104 0.005 0.017 0.041
107 P 0.056 0.025 0.023 0.03 0.01 0.02 0.035 0.035 0.013 0.025 0.035 0.04 0.01 0.013 0.503 0.043 0.035 0.003 0.013 0.03
108 V 0.06 0.024 0.016 0.017 0.018 0.018 0.023 0.024 0.01 0.139 0.193 0.027 0.064 0.041 0.016 0.031 0.043 0.006 0.021 0.207
109 G 0.075 0.03 0.038 0.034 0.016 0.024 0.034 0.138 0.014 0.087 0.072 0.04 0.02 0.025 0.023 0.098 0.134 0.006 0.017 0.075
110 F 0.039 0.018 0.016 0.016 0.107 0.011 0.018 0.026 0.015 0.058 0.102 0.019 0.023 0.323 0.012 0.028 0.027 0.014 0.072 0.054
111 F 0.041 0.02 0.017 0.017 0.107 0.013 0.02 0.026 0.021 0.055 0.093 0.021 0.022 0.269 0.012 0.029 0.028 0.016 0.121 0.053
112 I 0.043 0.019 0.015 0.017 0.015 0.013 0.018 0.021 0.01 0.206 0.199 0.023 0.036 0.117 0.014 0.024 0.035 0.008 0.034 0.134
113 L 0.045 0.021 0.014 0.016 0.016 0.015 0.019 0.021 0.009 0.182 0.298 0.024 0.044 0.05 0.014 0.024 0.035 0.006 0.021 0.126
114 S 0.108 0.039 0.053 0.048 0.017 0.033 0.051 0.065 0.019 0.029 0.041 0.053 0.015 0.02 0.029 0.235 0.08 0.005 0.017 0.041
115 V 0.062 0.024 0.022 0.021 0.017 0.017 0.025 0.028 0.011 0.12 0.112 0.028 0.027 0.105 0.017 0.043 0.086 0.008 0.033 0.195
116 F 0.04 0.019 0.016 0.017 0.012 0.012 0.019 0.025 0.015 0.082 0.115 0.02 0.026 0.326 0.012 0.026 0.03 0.014 0.074 0.1
117 F 0.045 0.019 0.016 0.017 0.014 0.013 0.019 0.023 0.012 0.171 0.136 0.022 0.031 0.184 0.013 0.026 0.035 0.01 0.047 0.148
118 F 0.033 0.019 0.017 0.017 0.01 0.01 0.019 0.025 0.017 0.062 0.112 0.019 0.025 0.399 0.01 0.025 0.025 0.017 0.087 0.054
119 I 0.046 0.017 0.014 0.017 0.016 0.013 0.017 0.02 0.009 0.285 0.165 0.023 0.036 0.043 0.014 0.025 0.039 0.006 0.02 0.173
120 L 0.051 0.024 0.016 0.017 0.016 0.018 0.021 0.023 0.01 0.154 0.252 0.027 0.068 0.047 0.015 0.028 0.038 0.007 0.022 0.147
121 A 0.166 0.028 0.027 0.028 0.019 0.022 0.034 0.053 0.013 0.112 0.09 0.038 0.023 0.028 0.024 0.092 0.053 0.005 0.018 0.126
122 R 0.044 0.358 0.038 0.03 0.008 0.047 0.051 0.032 0.023 0.023 0.046 0.118 0.015 0.017 0.019 0.044 0.034 0.006 0.017 0.03
123 P 0.056 0.025 0.023 0.03 0.01 0.02 0.035 0.035 0.013 0.025 0.035 0.04 0.01 0.013 0.503 0.043 0.035 0.003 0.013 0.03
124 L 0.048 0.02 0.015 0.017 0.015 0.014 0.019 0.022 0.01 0.181 0.191 0.023 0.035 0.115 0.014 0.026 0.037 0.008 0.034 0.156
125 L 0.04 0.02 0.015 0.016 0.014 0.013 0.019 0.022 0.012 0.127 0.233 0.022 0.037 0.19 0.013 0.024 0.031 0.011 0.048 0.094
126 Y 0.052 0.028 0.027 0.024 0.011 0.021 0.03 0.033 0.035 0.044 0.071 0.033 0.019 0.161 0.017 0.07 0.038 0.021 0.22 0.046
127 P 0.075 0.029 0.033 0.035 0.014 0.024 0.038 0.044 0.014 0.079 0.064 0.042 0.017 0.022 0.216 0.116 0.054 0.004 0.016 0.063
128 F 0.042 0.03 0.021 0.022 0.012 0.056 0.035 0.026 0.016 0.11 0.164 0.035 0.031 0.182 0.014 0.031 0.032 0.01 0.047 0.082
129 F 0.057 0.028 0.087 0.036 0.013 0.021 0.032 0.041 0.018 0.067 0.085 0.034 0.021 0.174 0.017 0.077 0.045 0.01 0.045 0.092
130 I 0.046 0.031 0.093 0.123 0.011 0.03 0.097 0.037 0.018 0.127 0.085 0.043 0.021 0.027 0.019 0.045 0.039 0.005 0.017 0.085
131 T 0.143 0.033 0.041 0.096 0.017 0.027 0.048 0.055 0.015 0.044 0.056 0.044 0.017 0.021 0.027 0.082 0.151 0.005 0.016 0.062
132 E 0.054 0.037 0.035 0.063 0.009 0.044 0.195 0.13 0.021 0.029 0.05 0.055 0.014 0.093 0.021 0.048 0.032 0.008 0.029 0.034
133 N 0.042 0.044 0.327 0.082 0.009 0.033 0.049 0.064 0.031 0.022 0.031 0.053 0.011 0.018 0.02 0.069 0.049 0.004 0.015 0.027
134 L 0.056 0.023 0.015 0.016 0.017 0.016 0.021 0.023 0.009 0.138 0.257 0.025 0.04 0.045 0.015 0.028 0.041 0.006 0.021 0.187
135 N 0.042 0.044 0.327 0.082 0.009 0.033 0.049 0.064 0.031 0.022 0.031 0.053 0.011 0.018 0.02 0.069 0.049 0.004 0.015 0.027
136 E 0.051 0.045 0.045 0.153 0.007 0.056 0.266 0.037 0.024 0.022 0.034 0.068 0.012 0.016 0.025 0.054 0.036 0.005 0.015 0.029
137 L 0.056 0.023 0.016 0.017 0.017 0.018 0.022 0.023 0.01 0.164 0.2 0.027 0.065 0.043 0.015 0.03 0.042 0.006 0.021 0.185
138 I 0.055 0.019 0.015 0.017 0.017 0.014 0.02 0.022 0.008 0.236 0.15 0.024 0.034 0.04 0.015 0.028 0.043 0.006 0.02 0.217
139 E 0.072 0.041 0.044 0.06 0.013 0.043 0.15 0.044 0.019 0.035 0.048 0.058 0.016 0.02 0.027 0.105 0.135 0.005 0.017 0.048
140 A 0.252 0.028 0.023 0.027 0.02 0.023 0.035 0.065 0.013 0.091 0.08 0.04 0.021 0.026 0.026 0.072 0.047 0.005 0.018 0.089
141 G 0.077 0.022 0.038 0.033 0.011 0.019 0.025 0.52 0.013 0.019 0.028 0.033 0.009 0.016 0.019 0.05 0.029 0.005 0.011 0.024
142 L 0.042 0.029 0.034 0.099 0.011 0.023 0.041 0.03 0.09 0.097 0.137 0.033 0.025 0.054 0.017 0.034 0.032 0.01 0.088 0.072
143 G 0.083 0.034 0.04 0.047 0.014 0.033 0.092 0.142 0.017 0.052 0.055 0.048 0.017 0.022 0.024 0.121 0.055 0.005 0.016 0.084
144 L 0.058 0.021 0.02 0.02 0.016 0.016 0.021 0.121 0.01 0.164 0.172 0.026 0.032 0.038 0.016 0.032 0.038 0.006 0.019 0.157
145 D 0.054 0.037 0.17 0.206 0.01 0.031 0.065 0.057 0.023 0.023 0.032 0.049 0.011 0.017 0.023 0.095 0.049 0.004 0.014 0.028
146 D 0.047 0.05 0.043 0.118 0.009 0.04 0.108 0.036 0.088 0.041 0.106 0.096 0.02 0.026 0.021 0.045 0.034 0.006 0.024 0.041
147 G 0.065 0.034 0.095 0.054 0.012 0.032 0.091 0.141 0.019 0.075 0.06 0.047 0.017 0.023 0.021 0.086 0.047 0.005 0.016 0.059
148 D 0.04 0.032 0.102 0.187 0.008 0.027 0.057 0.041 0.032 0.03 0.044 0.04 0.013 0.061 0.019 0.046 0.035 0.013 0.14 0.033
149 L 0.051 0.031 0.027 0.035 0.013 0.029 0.085 0.027 0.084 0.121 0.151 0.038 0.029 0.036 0.018 0.035 0.036 0.006 0.027 0.121
150 F 0.05 0.02 0.016 0.017 0.015 0.013 0.02 0.024 0.012 0.146 0.129 0.022 0.03 0.182 0.014 0.028 0.037 0.01 0.047 0.17
151 Y 0.049 0.042 0.024 0.023 0.011 0.027 0.035 0.028 0.033 0.063 0.074 0.082 0.02 0.087 0.018 0.035 0.034 0.019 0.206 0.091
152 A 0.176 0.033 0.036 0.037 0.017 0.027 0.044 0.064 0.016 0.034 0.047 0.047 0.015 0.019 0.124 0.136 0.059 0.005 0.016 0.049
153 L 0.049 0.022 0.014 0.016 0.016 0.015 0.02 0.021 0.009 0.157 0.291 0.025 0.043 0.048 0.014 0.026 0.037 0.006 0.021 0.148
154 F 0.097 0.022 0.019 0.019 0.11 0.016 0.024 0.036 0.019 0.095 0.093 0.027 0.022 0.122 0.017 0.041 0.035 0.012 0.094 0.079
155 V 0.054 0.02 0.016 0.017 0.015 0.014 0.021 0.024 0.011 0.122 0.121 0.023 0.029 0.181 0.014 0.029 0.039 0.01 0.047 0.192
156 F 0.072 0.03 0.036 0.033 0.014 0.022 0.036 0.046 0.018 0.047 0.078 0.037 0.021 0.203 0.02 0.122 0.054 0.011 0.053 0.049
157 L 0.052 0.032 0.02 0.02 0.016 0.028 0.028 0.028 0.016 0.101 0.198 0.036 0.157 0.048 0.016 0.036 0.04 0.008 0.024 0.093
158 L 0.054 0.023 0.015 0.016 0.017 0.016 0.021 0.022 0.009 0.132 0.284 0.025 0.042 0.046 0.015 0.027 0.039 0.006 0.021 0.17
159 N 0.113 0.039 0.156 0.055 0.015 0.03 0.045 0.062 0.022 0.034 0.045 0.049 0.015 0.02 0.025 0.109 0.097 0.005 0.017 0.046
160 F 0.04 0.02 0.017 0.017 0.012 0.014 0.02 0.023 0.019 0.148 0.124 0.023 0.028 0.203 0.013 0.026 0.031 0.014 0.109 0.1
161 C 0.062 0.023 0.023 0.022 0.206 0.017 0.024 0.035 0.012 0.058 0.134 0.027 0.024 0.103 0.017 0.073 0.042 0.007 0.03 0.06
162 L 0.066 0.028 0.027 0.026 0.016 0.021 0.03 0.035 0.013 0.12 0.228 0.034 0.035 0.041 0.019 0.094 0.05 0.006 0.02 0.092
163 A 0.161 0.028 0.026 0.028 0.018 0.022 0.034 0.052 0.013 0.102 0.142 0.038 0.027 0.032 0.023 0.09 0.05 0.006 0.019 0.089
164 L 0.048 0.028 0.079 0.03 0.014 0.021 0.027 0.032 0.016 0.091 0.17 0.031 0.059 0.11 0.015 0.037 0.039 0.008 0.034 0.11
165 T 0.073 0.03 0.034 0.031 0.017 0.023 0.034 0.039 0.013 0.116 0.092 0.038 0.024 0.029 0.023 0.095 0.138 0.006 0.018 0.127
166 L 0.056 0.023 0.016 0.017 0.017 0.018 0.022 0.023 0.01 0.164 0.2 0.027 0.065 0.043 0.015 0.03 0.042 0.006 0.021 0.185
167 F 0.037 0.02 0.016 0.016 0.012 0.012 0.019 0.024 0.014 0.079 0.204 0.021 0.033 0.284 0.012 0.025 0.028 0.013 0.065 0.067
168 G 0.063 0.042 0.033 0.031 0.012 0.026 0.037 0.135 0.016 0.05 0.122 0.084 0.023 0.101 0.02 0.077 0.041 0.008 0.031 0.049
169 Y 0.051 0.023 0.018 0.017 0.109 0.017 0.023 0.025 0.023 0.081 0.143 0.026 0.026 0.073 0.015 0.031 0.034 0.014 0.143 0.105
170 L 0.058 0.024 0.023 0.022 0.111 0.017 0.025 0.033 0.013 0.072 0.198 0.028 0.031 0.109 0.017 0.07 0.041 0.008 0.032 0.068
171 L 0.049 0.022 0.014 0.016 0.016 0.015 0.02 0.021 0.009 0.157 0.291 0.025 0.043 0.048 0.014 0.026 0.037 0.006 0.021 0.148
172 L 0.062 0.038 0.034 0.032 0.014 0.063 0.046 0.039 0.018 0.057 0.13 0.046 0.026 0.102 0.021 0.086 0.088 0.008 0.033 0.059
173 P 0.083 0.033 0.039 0.04 0.014 0.027 0.044 0.051 0.016 0.028 0.039 0.048 0.013 0.017 0.261 0.131 0.059 0.004 0.015 0.037
174 P 0.057 0.026 0.023 0.031 0.01 0.021 0.036 0.036 0.013 0.026 0.036 0.041 0.01 0.013 0.492 0.044 0.036 0.003 0.013 0.031
175 S 0.11 0.04 0.054 0.049 0.018 0.033 0.053 0.067 0.019 0.03 0.042 0.054 0.016 0.021 0.03 0.217 0.082 0.005 0.018 0.042
176 R 0.109 0.128 0.03 0.029 0.012 0.034 0.045 0.044 0.019 0.039 0.065 0.118 0.018 0.113 0.021 0.051 0.037 0.008 0.035 0.046
177 G 0.057 0.045 0.031 0.031 0.01 0.028 0.039 0.155 0.023 0.028 0.043 0.099 0.013 0.043 0.141 0.044 0.033 0.01 0.093 0.033
178 L 0.064 0.045 0.033 0.031 0.015 0.029 0.04 0.038 0.014 0.067 0.185 0.088 0.029 0.033 0.022 0.085 0.089 0.006 0.019 0.066
179 L 0.06 0.02 0.02 0.02 0.111 0.015 0.02 0.123 0.01 0.124 0.154 0.025 0.028 0.034 0.016 0.034 0.037 0.005 0.017 0.126
180 D 0.058 0.048 0.046 0.11 0.011 0.034 0.057 0.042 0.087 0.043 0.107 0.092 0.021 0.027 0.022 0.081 0.043 0.006 0.025 0.043
181 K 0.061 0.13 0.045 0.039 0.01 0.044 0.059 0.044 0.09 0.026 0.042 0.16 0.015 0.02 0.024 0.085 0.044 0.006 0.025 0.032
182 L 0.042 0.021 0.015 0.016 0.015 0.014 0.019 0.021 0.011 0.16 0.258 0.023 0.04 0.119 0.013 0.024 0.033 0.008 0.034 0.113
183 L 0.083 0.028 0.027 0.026 0.017 0.021 0.031 0.037 0.012 0.093 0.201 0.034 0.032 0.037 0.02 0.081 0.077 0.006 0.02 0.116
184 L 0.058 0.023 0.021 0.022 0.014 0.017 0.025 0.124 0.011 0.086 0.193 0.03 0.03 0.034 0.113 0.035 0.036 0.005 0.017 0.105
185 L 0.053 0.053 0.089 0.04 0.012 0.07 0.052 0.038 0.02 0.07 0.127 0.097 0.025 0.027 0.02 0.046 0.042 0.006 0.019 0.094
186 L 0.048 0.023 0.025 0.095 0.015 0.018 0.034 0.026 0.011 0.139 0.219 0.028 0.035 0.04 0.016 0.031 0.038 0.006 0.019 0.134
187 P 0.05 0.092 0.026 0.028 0.009 0.026 0.037 0.033 0.021 0.028 0.044 0.054 0.013 0.037 0.309 0.041 0.034 0.008 0.077 0.033
188 D 0.067 0.033 0.062 0.265 0.011 0.031 0.074 0.053 0.019 0.025 0.033 0.048 0.012 0.017 0.025 0.125 0.053 0.004 0.013 0.031
189 L 0.055 0.021 0.019 0.019 0.11 0.015 0.02 0.123 0.01 0.115 0.206 0.025 0.032 0.037 0.015 0.032 0.034 0.006 0.017 0.088
190 F 0.056 0.11 0.034 0.031 0.011 0.033 0.044 0.038 0.025 0.037 0.062 0.102 0.018 0.116 0.02 0.077 0.041 0.012 0.094 0.041
191 F 0.043 0.019 0.016 0.017 0.013 0.012 0.019 0.024 0.013 0.127 0.126 0.021 0.028 0.255 0.012 0.026 0.032 0.012 0.06 0.124
192 H 0.041 0.034 0.032 0.025 0.01 0.027 0.036 0.029 0.167 0.049 0.119 0.035 0.023 0.074 0.016 0.033 0.028 0.015 0.159 0.046
193 N 0.042 0.104 0.219 0.137 0.008 0.035 0.057 0.054 0.027 0.022 0.033 0.064 0.011 0.017 0.02 0.06 0.043 0.005 0.015 0.027
194 K 0.058 0.071 0.035 0.034 0.01 0.038 0.05 0.133 0.017 0.077 0.064 0.187 0.018 0.021 0.023 0.046 0.037 0.005 0.016 0.059
195 E 0.058 0.045 0.096 0.056 0.01 0.075 0.107 0.047 0.024 0.026 0.041 0.058 0.015 0.026 0.021 0.087 0.046 0.105 0.027 0.033
196 L 0.047 0.021 0.015 0.016 0.015 0.014 0.02 0.022 0.011 0.147 0.236 0.023 0.038 0.117 0.014 0.026 0.036 0.008 0.034 0.14
197 S 0.108 0.039 0.053 0.048 0.017 0.033 0.051 0.065 0.019 0.029 0.041 0.053 0.015 0.02 0.029 0.235 0.08 0.005 0.017 0.041
198 S 0.073 0.114 0.041 0.037 0.013 0.038 0.05 0.046 0.019 0.051 0.071 0.11 0.041 0.024 0.024 0.12 0.055 0.006 0.018 0.051
199 L 0.044 0.023 0.014 0.015 0.016 0.015 0.019 0.021 0.01 0.139 0.354 0.025 0.047 0.052 0.014 0.024 0.034 0.007 0.022 0.106
200 F 0.096 0.021 0.018 0.019 0.11 0.015 0.023 0.036 0.013 0.065 0.147 0.025 0.026 0.179 0.016 0.039 0.033 0.01 0.045 0.065
201 L 0.046 0.024 0.015 0.016 0.016 0.018 0.021 0.022 0.011 0.145 0.304 0.027 0.072 0.05 0.014 0.026 0.035 0.007 0.022 0.109
202 F 0.045 0.023 0.021 0.02 0.011 0.016 0.023 0.124 0.02 0.053 0.129 0.026 0.023 0.131 0.013 0.03 0.027 0.112 0.104 0.05
203 L 0.058 0.026 0.026 0.024 0.014 0.02 0.026 0.129 0.014 0.07 0.175 0.031 0.057 0.109 0.017 0.06 0.038 0.008 0.032 0.064
204 G 0.135 0.031 0.042 0.038 0.015 0.025 0.039 0.249 0.016 0.028 0.039 0.043 0.013 0.019 0.025 0.131 0.054 0.005 0.015 0.039
205 L 0.054 0.021 0.02 0.02 0.014 0.015 0.021 0.122 0.011 0.128 0.164 0.025 0.03 0.109 0.015 0.031 0.035 0.008 0.032 0.126
206 L 0.094 0.023 0.017 0.019 0.016 0.016 0.023 0.033 0.012 0.123 0.222 0.027 0.035 0.114 0.016 0.036 0.036 0.008 0.034 0.097
207 F 0.037 0.021 0.016 0.016 0.013 0.013 0.019 0.023 0.014 0.083 0.222 0.021 0.034 0.261 0.012 0.024 0.028 0.013 0.061 0.07
208 S 0.078 0.031 0.036 0.033 0.016 0.024 0.037 0.044 0.015 0.067 0.077 0.039 0.021 0.1 0.022 0.124 0.099 0.008 0.032 0.098
209 G 0.107 0.024 0.026 0.025 0.014 0.018 0.026 0.232 0.013 0.051 0.123 0.031 0.022 0.101 0.018 0.047 0.033 0.008 0.029 0.053
210 V 0.053 0.022 0.016 0.017 0.016 0.017 0.022 0.023 0.016 0.153 0.175 0.026 0.033 0.059 0.015 0.029 0.039 0.01 0.083 0.176
211 F 0.033 0.019 0.017 0.017 0.01 0.01 0.019 0.025 0.017 0.062 0.112 0.019 0.025 0.399 0.01 0.025 0.025 0.017 0.087 0.054
212 L 0.044 0.024 0.014 0.015 0.016 0.016 0.02 0.021 0.01 0.113 0.388 0.025 0.049 0.054 0.014 0.024 0.033 0.007 0.022 0.094
213 Y 0.041 0.022 0.018 0.018 0.012 0.016 0.022 0.023 0.025 0.144 0.115 0.025 0.027 0.148 0.014 0.027 0.032 0.017 0.158 0.098
214 K 0.069 0.075 0.038 0.037 0.012 0.041 0.056 0.043 0.018 0.054 0.059 0.191 0.018 0.02 0.025 0.085 0.049 0.005 0.018 0.084
215 S 0.108 0.039 0.053 0.048 0.017 0.033 0.051 0.065 0.019 0.029 0.041 0.053 0.015 0.02 0.029 0.235 0.08 0.005 0.017 0.041
216 Y 0.041 0.025 0.02 0.018 0.01 0.02 0.025 0.024 0.038 0.091 0.087 0.029 0.022 0.111 0.015 0.029 0.03 0.023 0.269 0.071
217 K 0.064 0.136 0.043 0.041 0.01 0.083 0.068 0.044 0.022 0.026 0.044 0.169 0.016 0.016 0.025 0.088 0.047 0.005 0.018 0.034
218 K 0.113 0.065 0.098 0.048 0.013 0.039 0.056 0.058 0.021 0.03 0.043 0.147 0.015 0.018 0.026 0.098 0.051 0.005 0.017 0.04
219 F 0.051 0.026 0.026 0.024 0.011 0.019 0.029 0.033 0.029 0.048 0.08 0.03 0.02 0.215 0.016 0.069 0.037 0.019 0.171 0.048
220 I 0.044 0.021 0.025 0.095 0.014 0.017 0.032 0.025 0.011 0.198 0.182 0.028 0.033 0.04 0.016 0.03 0.037 0.006 0.019 0.128
221 L 0.045 0.02 0.014 0.016 0.016 0.014 0.018 0.02 0.009 0.216 0.254 0.024 0.041 0.047 0.014 0.024 0.037 0.006 0.021 0.142
222 L 0.044 0.023 0.014 0.015 0.016 0.015 0.019 0.021 0.01 0.148 0.343 0.024 0.046 0.052 0.014 0.024 0.034 0.007 0.022 0.11
223 G 0.083 0.026 0.041 0.036 0.012 0.021 0.03 0.429 0.014 0.021 0.03 0.037 0.01 0.017 0.021 0.087 0.039 0.005 0.012 0.027
224 D 0.057 0.043 0.112 0.199 0.01 0.071 0.076 0.052 0.023 0.024 0.035 0.057 0.013 0.016 0.023 0.092 0.048 0.005 0.015 0.03
225 V 0.072 0.026 0.029 0.027 0.015 0.021 0.03 0.132 0.019 0.083 0.078 0.034 0.021 0.047 0.019 0.076 0.047 0.01 0.08 0.135
226 S 0.134 0.038 0.103 0.051 0.016 0.031 0.048 0.067 0.02 0.03 0.042 0.051 0.015 0.02 0.027 0.171 0.068 0.005 0.017 0.043
227 Y 0.052 0.028 0.081 0.031 0.013 0.022 0.03 0.032 0.028 0.086 0.084 0.033 0.022 0.069 0.017 0.039 0.04 0.014 0.144 0.137
228 F 0.037 0.021 0.017 0.017 0.011 0.014 0.021 0.024 0.021 0.068 0.158 0.022 0.028 0.276 0.012 0.026 0.027 0.017 0.123 0.06
229 E 0.05 0.043 0.035 0.074 0.008 0.053 0.252 0.032 0.024 0.03 0.051 0.063 0.015 0.093 0.022 0.048 0.034 0.008 0.03 0.035
230 V 0.106 0.023 0.017 0.019 0.018 0.017 0.025 0.033 0.01 0.153 0.173 0.029 0.033 0.038 0.018 0.039 0.044 0.006 0.02 0.18
231 A 0.289 0.031 0.026 0.03 0.022 0.026 0.041 0.078 0.015 0.043 0.059 0.045 0.018 0.022 0.03 0.085 0.05 0.005 0.018 0.069
232 G 0.053 0.024 0.046 0.18 0.009 0.021 0.05 0.231 0.016 0.029 0.044 0.035 0.012 0.092 0.018 0.046 0.031 0.007 0.026 0.03
233 K 0.114 0.059 0.035 0.035 0.014 0.035 0.049 0.049 0.017 0.082 0.07 0.141 0.02 0.023 0.025 0.09 0.049 0.005 0.018 0.069
234 Y 0.056 0.034 0.041 0.116 0.01 0.034 0.101 0.039 0.031 0.032 0.048 0.046 0.015 0.062 0.021 0.08 0.041 0.014 0.141 0.037
235 G 0.089 0.029 0.044 0.039 0.013 0.024 0.036 0.338 0.015 0.023 0.033 0.041 0.012 0.018 0.023 0.124 0.05 0.005 0.013 0.031
236 L 0.042 0.021 0.015 0.016 0.015 0.014 0.019 0.022 0.011 0.137 0.288 0.023 0.041 0.121 0.013 0.024 0.032 0.009 0.035 0.102
237 H 0.055 0.039 0.1 0.044 0.011 0.031 0.045 0.045 0.159 0.042 0.107 0.044 0.021 0.03 0.02 0.082 0.043 0.006 0.033 0.041
238 D 0.061 0.033 0.111 0.196 0.01 0.029 0.061 0.148 0.02 0.023 0.031 0.045 0.011 0.017 0.022 0.091 0.045 0.004 0.013 0.028
239 S 0.11 0.04 0.054 0.049 0.018 0.033 0.053 0.067 0.019 0.03 0.042 0.054 0.016 0.021 0.03 0.217 0.082 0.005 0.018 0.042
240 H 0.043 0.039 0.047 0.118 0.008 0.038 0.106 0.036 0.165 0.026 0.041 0.048 0.014 0.044 0.02 0.044 0.03 0.01 0.094 0.029
241 L 0.043 0.02 0.015 0.016 0.015 0.014 0.019 0.021 0.011 0.172 0.243 0.023 0.039 0.119 0.013 0.024 0.034 0.008 0.034 0.118
242 K 0.048 0.072 0.032 0.031 0.009 0.038 0.051 0.035 0.025 0.037 0.061 0.185 0.018 0.115 0.021 0.043 0.034 0.012 0.094 0.039
243 W 0.034 0.024 0.018 0.017 0.009 0.017 0.024 0.027 0.028 0.041 0.07 0.025 0.018 0.155 0.011 0.026 0.025 0.215 0.177 0.041
244 F 0.033 0.019 0.017 0.017 0.01 0.01 0.019 0.025 0.017 0.062 0.112 0.019 0.025 0.399 0.01 0.025 0.025 0.017 0.087 0.054
245 F 0.049 0.025 0.027 0.025 0.013 0.017 0.027 0.032 0.015 0.058 0.093 0.029 0.023 0.249 0.017 0.051 0.119 0.012 0.059 0.06
246 F 0.038 0.023 0.018 0.017 0.011 0.016 0.022 0.024 0.027 0.065 0.149 0.025 0.027 0.222 0.013 0.027 0.027 0.019 0.172 0.059
247 A 0.18 0.032 0.039 0.037 0.017 0.027 0.041 0.161 0.016 0.032 0.045 0.045 0.015 0.02 0.027 0.137 0.058 0.005 0.016 0.048
248 K 0.056 0.105 0.041 0.041 0.008 0.052 0.069 0.042 0.02 0.027 0.042 0.292 0.015 0.015 0.027 0.052 0.039 0.005 0.017 0.032
249 Y 0.038 0.026 0.02 0.018 0.009 0.02 0.026 0.025 0.04 0.04 0.064 0.029 0.018 0.114 0.014 0.029 0.026 0.122 0.278 0.043
250 C 0.062 0.023 0.023 0.022 0.206 0.017 0.024 0.035 0.012 0.058 0.134 0.027 0.024 0.103 0.017 0.073 0.042 0.007 0.03 0.06
251 Y 0.056 0.026 0.025 0.024 0.013 0.02 0.028 0.031 0.026 0.137 0.101 0.032 0.025 0.073 0.018 0.069 0.043 0.014 0.144 0.096
252 I 0.046 0.019 0.014 0.017 0.016 0.014 0.018 0.02 0.009 0.251 0.209 0.023 0.039 0.045 0.014 0.024 0.038 0.006 0.021 0.157
253 L 0.101 0.023 0.017 0.019 0.018 0.017 0.024 0.033 0.01 0.143 0.225 0.028 0.036 0.041 0.018 0.038 0.04 0.006 0.02 0.143
254 Y 0.067 0.032 0.034 0.03 0.012 0.026 0.037 0.041 0.035 0.037 0.057 0.04 0.017 0.085 0.021 0.112 0.049 0.019 0.206 0.044
255 L 0.044 0.023 0.014 0.015 0.016 0.015 0.019 0.021 0.01 0.148 0.343 0.024 0.046 0.052 0.014 0.024 0.034 0.007 0.022 0.11
256 L 0.094 0.024 0.017 0.018 0.016 0.017 0.024 0.033 0.012 0.089 0.267 0.027 0.038 0.116 0.016 0.036 0.034 0.009 0.034 0.081
257 L 0.052 0.025 0.023 0.022 0.014 0.017 0.026 0.031 0.014 0.076 0.208 0.028 0.032 0.185 0.016 0.067 0.039 0.01 0.047 0.068
258 S 0.147 0.038 0.047 0.044 0.018 0.031 0.049 0.067 0.018 0.032 0.045 0.051 0.016 0.021 0.029 0.205 0.074 0.005 0.017 0.046
259 K 0.054 0.124 0.045 0.111 0.008 0.04 0.061 0.136 0.019 0.023 0.037 0.156 0.013 0.016 0.023 0.05 0.035 0.005 0.015 0.028
260 H 0.042 0.107 0.161 0.054 0.008 0.038 0.051 0.047 0.164 0.022 0.036 0.063 0.013 0.022 0.019 0.053 0.037 0.006 0.032 0.026
261 K 0.066 0.092 0.043 0.042 0.01 0.048 0.066 0.047 0.02 0.027 0.042 0.244 0.015 0.016 0.027 0.089 0.047 0.005 0.017 0.034
262 K 0.135 0.082 0.036 0.038 0.013 0.044 0.061 0.055 0.019 0.033 0.049 0.2 0.016 0.018 0.028 0.064 0.043 0.005 0.017 0.045
263 R 0.06 0.115 0.104 0.097 0.01 0.038 0.058 0.081 0.022 0.024 0.037 0.111 0.013 0.017 0.023 0.09 0.047 0.005 0.015 0.031
264 F 0.037 0.021 0.017 0.017 0.011 0.014 0.021 0.024 0.021 0.068 0.158 0.022 0.028 0.276 0.012 0.026 0.027 0.017 0.123 0.06
265 L 0.042 0.024 0.078 0.03 0.013 0.017 0.024 0.03 0.015 0.154 0.172 0.029 0.031 0.111 0.015 0.033 0.037 0.008 0.033 0.104
266 L 0.038 0.023 0.016 0.016 0.012 0.016 0.022 0.024 0.019 0.072 0.201 0.024 0.031 0.139 0.012 0.025 0.028 0.112 0.106 0.064
267 G 0.114 0.029 0.032 0.029 0.013 0.024 0.034 0.142 0.028 0.035 0.052 0.038 0.016 0.063 0.021 0.086 0.043 0.014 0.141 0.045
268 A 0.186 0.036 0.042 0.04 0.019 0.03 0.047 0.07 0.017 0.034 0.048 0.049 0.016 0.021 0.029 0.174 0.068 0.005 0.017 0.052
269 L 0.044 0.023 0.014 0.015 0.016 0.015 0.019 0.021 0.01 0.148 0.343 0.024 0.046 0.052 0.014 0.024 0.034 0.007 0.022 0.11
270 L 0.045 0.021 0.014 0.016 0.016 0.015 0.019 0.021 0.009 0.182 0.298 0.024 0.044 0.05 0.014 0.024 0.035 0.006 0.021 0.126
271 L 0.045 0.02 0.014 0.016 0.016 0.014 0.018 0.02 0.009 0.216 0.254 0.024 0.041 0.047 0.014 0.024 0.037 0.006 0.021 0.142
272 F 0.087 0.021 0.018 0.019 0.013 0.013 0.023 0.035 0.016 0.058 0.101 0.024 0.023 0.323 0.014 0.037 0.03 0.014 0.073 0.057
273 L 0.054 0.022 0.015 0.016 0.017 0.015 0.021 0.022 0.009 0.167 0.239 0.025 0.039 0.044 0.015 0.027 0.04 0.006 0.021 0.186
274 A 0.212 0.03 0.031 0.031 0.018 0.024 0.037 0.159 0.014 0.04 0.053 0.042 0.016 0.021 0.027 0.078 0.087 0.005 0.016 0.059
275 S 0.102 0.036 0.05 0.045 0.016 0.03 0.046 0.156 0.018 0.027 0.038 0.049 0.014 0.02 0.027 0.198 0.07 0.005 0.016 0.038
276 I 0.048 0.018 0.015 0.017 0.015 0.013 0.019 0.022 0.01 0.216 0.147 0.023 0.033 0.113 0.014 0.026 0.038 0.008 0.034 0.171
277 G 0.077 0.022 0.038 0.033 0.011 0.019 0.025 0.52 0.013 0.019 0.028 0.033 0.009 0.016 0.019 0.05 0.029 0.005 0.011 0.024
278 F 0.036 0.022 0.018 0.017 0.01 0.015 0.022 0.025 0.028 0.054 0.094 0.023 0.022 0.291 0.012 0.027 0.026 0.021 0.185 0.051
279 L 0.046 0.023 0.015 0.017 0.016 0.017 0.02 0.022 0.011 0.179 0.26 0.026 0.069 0.048 0.014 0.026 0.037 0.007 0.022 0.125
280 L 0.041 0.023 0.016 0.017 0.014 0.016 0.021 0.024 0.014 0.09 0.238 0.024 0.065 0.19 0.013 0.027 0.031 0.011 0.048 0.077
281 V 0.064 0.021 0.016 0.017 0.018 0.016 0.022 0.023 0.008 0.186 0.135 0.025 0.032 0.037 0.016 0.031 0.047 0.005 0.02 0.261
282 G 0.077 0.022 0.038 0.033 0.011 0.019 0.025 0.52 0.013 0.019 0.028 0.033 0.009 0.016 0.019 0.05 0.029 0.005 0.011 0.024
283 L 0.044 0.024 0.014 0.015 0.016 0.016 0.02 0.021 0.01 0.113 0.388 0.025 0.049 0.054 0.014 0.024 0.033 0.007 0.022 0.094
284 R 0.044 0.358 0.038 0.03 0.008 0.047 0.051 0.032 0.023 0.023 0.046 0.118 0.015 0.017 0.019 0.044 0.034 0.006 0.017 0.03
285 G 0.077 0.022 0.038 0.033 0.011 0.019 0.025 0.52 0.013 0.019 0.028 0.033 0.009 0.016 0.019 0.05 0.029 0.005 0.011 0.024
286 Y 0.04 0.027 0.021 0.018 0.009 0.021 0.027 0.024 0.046 0.043 0.067 0.031 0.018 0.128 0.015 0.031 0.027 0.027 0.331 0.046
287 T 0.11 0.031 0.034 0.031 0.017 0.023 0.035 0.046 0.014 0.052 0.072 0.039 0.02 0.098 0.024 0.076 0.172 0.008 0.031 0.066
288 I 0.055 0.019 0.015 0.017 0.017 0.014 0.02 0.022 0.008 0.236 0.15 0.024 0.034 0.04 0.015 0.028 0.043 0.006 0.02 0.217
289 A 0.265 0.032 0.031 0.033 0.02 0.027 0.042 0.074 0.015 0.04 0.055 0.046 0.017 0.021 0.029 0.114 0.055 0.005 0.017 0.062
290 Y 0.04 0.027 0.021 0.018 0.009 0.021 0.027 0.024 0.046 0.043 0.067 0.031 0.018 0.128 0.015 0.031 0.027 0.027 0.331 0.046
291 F 0.096 0.022 0.023 0.022 0.013 0.015 0.024 0.134 0.015 0.049 0.084 0.027 0.02 0.247 0.016 0.042 0.031 0.012 0.058 0.051
292 F 0.033 0.019 0.017 0.017 0.01 0.01 0.019 0.025 0.017 0.062 0.112 0.019 0.025 0.399 0.01 0.025 0.025 0.017 0.087 0.054
293 L 0.045 0.025 0.015 0.016 0.016 0.018 0.021 0.022 0.011 0.11 0.349 0.027 0.074 0.052 0.014 0.026 0.034 0.007 0.022 0.094
294 L 0.042 0.025 0.017 0.017 0.013 0.018 0.023 0.024 0.02 0.086 0.23 0.027 0.064 0.136 0.014 0.028 0.031 0.013 0.097 0.076
295 L 0.044 0.024 0.014 0.015 0.016 0.016 0.02 0.021 0.01 0.113 0.388 0.025 0.049 0.054 0.014 0.024 0.033 0.007 0.022 0.094
296 F 0.038 0.022 0.018 0.017 0.011 0.015 0.022 0.024 0.027 0.099 0.105 0.024 0.025 0.22 0.013 0.027 0.029 0.019 0.171 0.075
297 F 0.087 0.021 0.018 0.019 0.013 0.013 0.023 0.035 0.016 0.058 0.101 0.024 0.023 0.323 0.014 0.037 0.03 0.014 0.073 0.057
298 L 0.042 0.025 0.017 0.016 0.013 0.018 0.023 0.022 0.024 0.085 0.26 0.027 0.037 0.083 0.014 0.027 0.031 0.015 0.146 0.075
299 D 0.093 0.032 0.112 0.268 0.01 0.029 0.071 0.056 0.02 0.026 0.034 0.046 0.011 0.017 0.023 0.061 0.04 0.004 0.013 0.033
300 L 0.052 0.026 0.02 0.031 0.015 0.024 0.078 0.024 0.012 0.173 0.176 0.034 0.033 0.038 0.017 0.032 0.039 0.006 0.02 0.151
301 R 0.043 0.174 0.031 0.027 0.008 0.037 0.044 0.032 0.025 0.029 0.051 0.116 0.016 0.047 0.018 0.039 0.031 0.109 0.09 0.034
302 Y 0.041 0.094 0.025 0.021 0.009 0.027 0.032 0.026 0.041 0.039 0.063 0.048 0.018 0.106 0.016 0.033 0.029 0.023 0.268 0.043
303 K 0.074 0.129 0.045 0.042 0.012 0.043 0.059 0.049 0.02 0.027 0.042 0.162 0.015 0.018 0.026 0.124 0.055 0.005 0.017 0.035
304 L 0.045 0.021 0.014 0.016 0.016 0.015 0.019 0.021 0.009 0.182 0.298 0.024 0.044 0.05 0.014 0.024 0.035 0.006 0.021 0.126
305 K 0.063 0.08 0.101 0.05 0.01 0.045 0.062 0.051 0.022 0.026 0.04 0.197 0.014 0.017 0.026 0.092 0.049 0.005 0.017 0.033
306 L 0.043 0.02 0.015 0.016 0.015 0.014 0.019 0.021 0.011 0.172 0.243 0.023 0.039 0.119 0.013 0.024 0.034 0.008 0.034 0.118
307 R 0.101 0.191 0.037 0.034 0.011 0.045 0.056 0.045 0.02 0.028 0.047 0.173 0.016 0.017 0.024 0.055 0.039 0.005 0.017 0.039
308 Y 0.059 0.028 0.03 0.027 0.011 0.022 0.031 0.133 0.028 0.033 0.051 0.034 0.015 0.07 0.017 0.074 0.037 0.114 0.151 0.037
309 L 0.044 0.024 0.014 0.015 0.016 0.016 0.02 0.021 0.01 0.113 0.388 0.025 0.049 0.054 0.014 0.024 0.033 0.007 0.022 0.094
310 L 0.056 0.027 0.022 0.022 0.016 0.019 0.026 0.03 0.012 0.096 0.318 0.03 0.042 0.047 0.017 0.066 0.042 0.007 0.021 0.084
311 L 0.054 0.023 0.015 0.016 0.017 0.016 0.021 0.022 0.009 0.132 0.284 0.025 0.042 0.046 0.015 0.027 0.039 0.006 0.021 0.17
312 L 0.048 0.02 0.015 0.017 0.015 0.014 0.019 0.022 0.01 0.181 0.191 0.023 0.035 0.115 0.014 0.026 0.037 0.008 0.034 0.156
313 A 0.265 0.032 0.031 0.033 0.02 0.027 0.042 0.074 0.015 0.04 0.055 0.046 0.017 0.021 0.029 0.114 0.055 0.005 0.017 0.062
314 I 0.046 0.019 0.014 0.017 0.016 0.014 0.018 0.02 0.009 0.251 0.209 0.023 0.039 0.045 0.014 0.024 0.038 0.006 0.021 0.157
315 L 0.059 0.025 0.023 0.022 0.016 0.018 0.026 0.031 0.013 0.096 0.211 0.029 0.034 0.112 0.017 0.068 0.044 0.008 0.034 0.113
316 V 0.111 0.024 0.018 0.019 0.019 0.018 0.026 0.034 0.01 0.128 0.166 0.029 0.032 0.036 0.018 0.041 0.045 0.006 0.02 0.202
317 V 0.111 0.026 0.023 0.023 0.018 0.02 0.029 0.038 0.011 0.106 0.153 0.033 0.029 0.034 0.02 0.053 0.088 0.006 0.019 0.16
318 L 0.047 0.024 0.022 0.021 0.014 0.018 0.024 0.027 0.019 0.111 0.159 0.028 0.029 0.129 0.016 0.039 0.077 0.013 0.096 0.087
319 L 0.05 0.021 0.015 0.016 0.016 0.015 0.019 0.021 0.009 0.192 0.246 0.024 0.04 0.046 0.015 0.026 0.038 0.006 0.021 0.164
320 S 0.108 0.039 0.053 0.048 0.017 0.033 0.051 0.065 0.019 0.029 0.041 0.053 0.015 0.02 0.029 0.235 0.08 0.005 0.017 0.041
