#Seq2Logo.py -f /work3/idamei/ssn-clusterings/clustering/2205181315/clusters/0028_179/sequences.afa -o /work3/idamei/ssn-clusterings/clustering/2205181315/clusters/0028_179/sequences.logo
#Position Specific Frequency Matrix
A R N D C Q E G H I L K M F P S T W Y V
0 L 0.052 0.032 0.02 0.02 0.016 0.028 0.028 0.028 0.016 0.099 0.195 0.036 0.169 0.048 0.016 0.036 0.04 0.008 0.024 0.091
1 N 0.045 0.034 0.125 0.044 0.012 0.026 0.037 0.04 0.098 0.124 0.087 0.039 0.022 0.031 0.018 0.047 0.051 0.006 0.027 0.086
2 L 0.051 0.06 0.03 0.042 0.011 0.05 0.104 0.032 0.018 0.06 0.173 0.126 0.028 0.031 0.022 0.042 0.036 0.006 0.019 0.057
3 Y 0.051 0.051 0.066 0.043 0.01 0.077 0.081 0.038 0.032 0.036 0.069 0.081 0.019 0.056 0.021 0.056 0.039 0.013 0.12 0.041
4 K 0.067 0.057 0.038 0.035 0.024 0.035 0.049 0.043 0.027 0.035 0.052 0.122 0.017 0.053 0.024 0.097 0.059 0.012 0.112 0.042
5 E 0.048 0.035 0.027 0.045 0.011 0.036 0.133 0.028 0.028 0.057 0.129 0.046 0.024 0.064 0.019 0.039 0.033 0.013 0.121 0.064
6 R 0.059 0.164 0.037 0.032 0.012 0.037 0.046 0.038 0.037 0.065 0.101 0.097 0.022 0.026 0.021 0.078 0.045 0.006 0.02 0.057
7 L 0.066 0.039 0.099 0.045 0.014 0.048 0.046 0.048 0.02 0.056 0.153 0.048 0.026 0.031 0.022 0.105 0.053 0.006 0.019 0.055
8 L 0.069 0.029 0.087 0.034 0.015 0.022 0.031 0.038 0.015 0.094 0.149 0.035 0.027 0.032 0.067 0.046 0.055 0.005 0.019 0.131
9 C 0.066 0.048 0.041 0.039 0.109 0.103 0.064 0.043 0.078 0.03 0.048 0.059 0.018 0.023 0.022 0.086 0.046 0.006 0.032 0.039
10 A 0.128 0.036 0.123 0.044 0.014 0.026 0.039 0.057 0.021 0.046 0.065 0.054 0.018 0.103 0.021 0.061 0.043 0.008 0.033 0.061
11 K 0.051 0.105 0.135 0.054 0.009 0.046 0.062 0.049 0.024 0.025 0.039 0.194 0.014 0.016 0.024 0.058 0.042 0.005 0.017 0.03
12 I 0.055 0.021 0.034 0.022 0.016 0.016 0.022 0.052 0.01 0.194 0.161 0.027 0.033 0.039 0.016 0.031 0.042 0.006 0.02 0.184
13 I 0.061 0.07 0.032 0.032 0.013 0.069 0.048 0.037 0.018 0.118 0.108 0.055 0.026 0.049 0.02 0.079 0.047 0.006 0.023 0.087
14 F 0.086 0.027 0.028 0.027 0.016 0.02 0.03 0.039 0.014 0.072 0.09 0.033 0.023 0.148 0.02 0.066 0.111 0.009 0.041 0.097
15 K 0.053 0.14 0.042 0.039 0.008 0.05 0.065 0.041 0.059 0.026 0.043 0.231 0.015 0.017 0.025 0.05 0.037 0.006 0.022 0.031
16 L 0.05 0.033 0.032 0.027 0.013 0.026 0.035 0.032 0.132 0.066 0.194 0.036 0.031 0.051 0.018 0.053 0.036 0.009 0.067 0.06
17 L 0.103 0.028 0.019 0.02 0.017 0.022 0.027 0.036 0.013 0.103 0.236 0.033 0.081 0.044 0.018 0.041 0.039 0.007 0.022 0.092
18 A 0.186 0.026 0.022 0.026 0.017 0.02 0.033 0.055 0.014 0.069 0.079 0.036 0.02 0.105 0.076 0.06 0.041 0.008 0.033 0.072
19 I 0.047 0.019 0.015 0.018 0.016 0.014 0.018 0.021 0.009 0.261 0.179 0.024 0.044 0.044 0.015 0.025 0.039 0.006 0.021 0.166
20 Y 0.049 0.023 0.02 0.018 0.186 0.018 0.023 0.027 0.032 0.044 0.066 0.027 0.018 0.089 0.016 0.034 0.031 0.019 0.21 0.05
21 F 0.039 0.019 0.016 0.017 0.013 0.012 0.019 0.023 0.014 0.136 0.156 0.021 0.031 0.25 0.012 0.025 0.03 0.012 0.06 0.096
22 V 0.084 0.026 0.024 0.024 0.068 0.02 0.029 0.036 0.011 0.105 0.153 0.032 0.029 0.034 0.019 0.077 0.051 0.006 0.019 0.153
23 L 0.053 0.021 0.015 0.017 0.017 0.015 0.02 0.022 0.009 0.182 0.234 0.025 0.039 0.045 0.015 0.027 0.04 0.006 0.021 0.178
24 C 0.058 0.021 0.022 0.021 0.26 0.015 0.022 0.033 0.012 0.051 0.078 0.025 0.019 0.122 0.017 0.047 0.079 0.008 0.034 0.059
25 L 0.044 0.022 0.017 0.018 0.039 0.014 0.021 0.026 0.013 0.084 0.234 0.024 0.035 0.193 0.013 0.036 0.032 0.011 0.049 0.073
26 A 0.184 0.034 0.038 0.037 0.065 0.028 0.043 0.067 0.016 0.036 0.051 0.046 0.016 0.021 0.028 0.149 0.063 0.005 0.017 0.054
27 L 0.048 0.026 0.016 0.017 0.016 0.019 0.022 0.023 0.012 0.129 0.287 0.028 0.085 0.05 0.015 0.028 0.037 0.007 0.022 0.112
28 F 0.095 0.027 0.026 0.026 0.015 0.02 0.03 0.042 0.016 0.062 0.126 0.033 0.04 0.181 0.019 0.08 0.044 0.01 0.048 0.062
29 L 0.065 0.027 0.027 0.026 0.016 0.02 0.029 0.035 0.012 0.139 0.206 0.033 0.034 0.04 0.019 0.089 0.05 0.006 0.02 0.103
30 L 0.052 0.021 0.017 0.018 0.119 0.015 0.019 0.071 0.01 0.124 0.233 0.024 0.035 0.041 0.015 0.03 0.035 0.006 0.018 0.097
31 F 0.038 0.021 0.016 0.016 0.013 0.013 0.019 0.023 0.014 0.084 0.226 0.021 0.035 0.251 0.012 0.025 0.028 0.013 0.06 0.072
32 L 0.047 0.023 0.014 0.015 0.091 0.015 0.019 0.023 0.01 0.103 0.332 0.024 0.044 0.049 0.014 0.027 0.034 0.007 0.02 0.089
33 K 0.053 0.055 0.033 0.04 0.011 0.037 0.085 0.037 0.018 0.057 0.06 0.119 0.018 0.03 0.021 0.052 0.08 0.113 0.028 0.053
34 G 0.061 0.035 0.136 0.082 0.011 0.031 0.07 0.152 0.023 0.038 0.044 0.046 0.014 0.025 0.021 0.073 0.045 0.006 0.031 0.055
35 G 0.069 0.03 0.043 0.059 0.014 0.026 0.037 0.145 0.016 0.076 0.1 0.039 0.065 0.03 0.02 0.083 0.057 0.006 0.018 0.067
36 A 0.19 0.027 0.021 0.024 0.019 0.021 0.031 0.054 0.013 0.067 0.167 0.035 0.028 0.071 0.023 0.059 0.042 0.007 0.026 0.075
37 G 0.072 0.037 0.048 0.119 0.012 0.028 0.051 0.197 0.016 0.026 0.036 0.066 0.012 0.017 0.049 0.092 0.067 0.005 0.014 0.034
38 N 0.11 0.041 0.129 0.051 0.015 0.05 0.05 0.058 0.021 0.037 0.05 0.053 0.016 0.02 0.025 0.086 0.115 0.005 0.017 0.051
39 N 0.088 0.037 0.123 0.047 0.013 0.044 0.044 0.051 0.022 0.041 0.062 0.046 0.018 0.101 0.021 0.065 0.086 0.008 0.033 0.049
40 G 0.061 0.022 0.023 0.022 0.015 0.016 0.022 0.178 0.011 0.108 0.152 0.027 0.028 0.072 0.016 0.035 0.036 0.007 0.025 0.125
41 Y 0.075 0.03 0.029 0.026 0.012 0.024 0.034 0.037 0.037 0.043 0.063 0.037 0.018 0.095 0.02 0.078 0.041 0.021 0.228 0.052
42 A 0.134 0.051 0.036 0.048 0.013 0.097 0.115 0.101 0.022 0.03 0.046 0.077 0.016 0.017 0.025 0.064 0.041 0.006 0.017 0.043
43 T 0.072 0.035 0.032 0.03 0.017 0.026 0.04 0.036 0.013 0.095 0.097 0.054 0.037 0.029 0.023 0.064 0.145 0.006 0.019 0.13
44 L 0.048 0.022 0.016 0.017 0.015 0.016 0.021 0.022 0.017 0.153 0.199 0.026 0.035 0.079 0.015 0.027 0.036 0.011 0.084 0.14
45 L 0.049 0.028 0.021 0.031 0.014 0.025 0.075 0.025 0.013 0.137 0.238 0.035 0.037 0.042 0.017 0.034 0.05 0.006 0.02 0.102
46 D 0.045 0.05 0.069 0.2 0.008 0.038 0.084 0.043 0.118 0.023 0.034 0.093 0.012 0.019 0.022 0.05 0.034 0.005 0.026 0.026
47 I 0.057 0.019 0.015 0.018 0.017 0.015 0.02 0.022 0.008 0.224 0.148 0.024 0.034 0.04 0.015 0.028 0.044 0.006 0.02 0.224
48 L 0.048 0.022 0.015 0.016 0.016 0.015 0.02 0.023 0.011 0.116 0.271 0.024 0.04 0.114 0.014 0.026 0.035 0.008 0.034 0.131
49 A 0.253 0.033 0.032 0.034 0.02 0.027 0.043 0.075 0.016 0.04 0.055 0.046 0.017 0.021 0.029 0.119 0.057 0.005 0.017 0.062
50 P 0.074 0.031 0.035 0.034 0.015 0.024 0.038 0.042 0.014 0.07 0.066 0.042 0.018 0.023 0.161 0.099 0.112 0.005 0.017 0.081
51 F 0.051 0.022 0.023 0.023 0.013 0.015 0.025 0.031 0.015 0.118 0.114 0.027 0.026 0.223 0.015 0.064 0.04 0.011 0.055 0.086
52 L 0.066 0.027 0.025 0.024 0.103 0.02 0.028 0.035 0.012 0.077 0.224 0.032 0.039 0.038 0.019 0.084 0.047 0.006 0.019 0.073
53 S 0.136 0.037 0.046 0.043 0.018 0.03 0.047 0.063 0.017 0.036 0.049 0.05 0.017 0.021 0.029 0.177 0.108 0.005 0.017 0.052
54 A 0.179 0.024 0.02 0.024 0.019 0.02 0.029 0.05 0.012 0.153 0.109 0.034 0.026 0.032 0.022 0.056 0.045 0.006 0.019 0.121
55 L 0.05 0.02 0.015 0.016 0.145 0.014 0.018 0.024 0.009 0.133 0.247 0.023 0.037 0.042 0.015 0.029 0.035 0.006 0.019 0.102
56 L 0.044 0.024 0.014 0.015 0.016 0.016 0.02 0.021 0.01 0.114 0.383 0.025 0.049 0.054 0.014 0.024 0.033 0.007 0.022 0.095
57 I 0.048 0.019 0.015 0.017 0.016 0.013 0.019 0.022 0.01 0.211 0.159 0.023 0.034 0.106 0.014 0.026 0.038 0.008 0.033 0.169
58 V 0.132 0.024 0.023 0.024 0.018 0.019 0.028 0.128 0.011 0.111 0.094 0.032 0.024 0.028 0.02 0.049 0.045 0.005 0.018 0.168
59 L 0.054 0.026 0.02 0.03 0.015 0.024 0.072 0.024 0.012 0.15 0.19 0.034 0.034 0.039 0.017 0.032 0.04 0.006 0.02 0.16
60 L 0.05 0.027 0.018 0.019 0.016 0.023 0.024 0.025 0.014 0.159 0.185 0.032 0.128 0.046 0.015 0.032 0.039 0.007 0.023 0.118
61 L 0.097 0.022 0.017 0.019 0.016 0.016 0.023 0.033 0.012 0.16 0.178 0.027 0.033 0.102 0.017 0.037 0.038 0.008 0.032 0.115
62 Y 0.038 0.025 0.02 0.018 0.009 0.019 0.025 0.025 0.039 0.048 0.079 0.028 0.02 0.196 0.014 0.029 0.027 0.025 0.268 0.048
63 F 0.035 0.021 0.018 0.017 0.01 0.013 0.021 0.025 0.024 0.058 0.101 0.022 0.023 0.329 0.012 0.026 0.026 0.019 0.148 0.052
64 Y 0.04 0.028 0.021 0.018 0.009 0.021 0.028 0.025 0.046 0.043 0.067 0.031 0.018 0.129 0.015 0.031 0.028 0.028 0.328 0.046
65 I 0.048 0.021 0.016 0.018 0.016 0.017 0.02 0.022 0.01 0.236 0.173 0.026 0.07 0.045 0.015 0.027 0.039 0.006 0.021 0.153
66 K 0.049 0.074 0.092 0.045 0.008 0.043 0.059 0.044 0.11 0.026 0.041 0.167 0.015 0.028 0.023 0.051 0.037 0.007 0.051 0.03
67 R 0.044 0.355 0.038 0.031 0.008 0.048 0.052 0.032 0.023 0.023 0.046 0.118 0.015 0.017 0.019 0.044 0.034 0.006 0.017 0.031
68 A 0.185 0.026 0.021 0.023 0.02 0.021 0.031 0.051 0.011 0.102 0.093 0.035 0.024 0.028 0.023 0.058 0.049 0.005 0.019 0.174
69 R 0.065 0.132 0.04 0.036 0.011 0.039 0.051 0.043 0.026 0.03 0.048 0.124 0.016 0.041 0.023 0.098 0.048 0.01 0.082 0.037
70 F 0.035 0.021 0.018 0.017 0.01 0.014 0.021 0.025 0.025 0.057 0.099 0.022 0.023 0.316 0.012 0.027 0.026 0.02 0.159 0.052
71 L 0.043 0.019 0.015 0.017 0.014 0.013 0.019 0.022 0.011 0.176 0.185 0.022 0.035 0.16 0.013 0.025 0.034 0.01 0.043 0.126
72 S 0.108 0.04 0.053 0.048 0.017 0.033 0.052 0.065 0.019 0.029 0.041 0.053 0.015 0.021 0.029 0.231 0.081 0.005 0.017 0.041
73 L 0.044 0.024 0.014 0.015 0.016 0.016 0.02 0.021 0.01 0.114 0.385 0.025 0.049 0.054 0.014 0.024 0.033 0.007 0.022 0.095
74 Q 0.059 0.063 0.043 0.044 0.011 0.177 0.086 0.041 0.025 0.033 0.051 0.079 0.02 0.017 0.024 0.064 0.095 0.006 0.02 0.044
75 L 0.044 0.024 0.014 0.015 0.016 0.016 0.02 0.021 0.01 0.114 0.385 0.025 0.049 0.054 0.014 0.024 0.033 0.007 0.022 0.095
76 L 0.049 0.029 0.018 0.018 0.016 0.024 0.025 0.026 0.014 0.103 0.25 0.032 0.137 0.049 0.015 0.032 0.038 0.008 0.023 0.092
77 F 0.037 0.023 0.019 0.018 0.01 0.016 0.023 0.025 0.031 0.053 0.09 0.025 0.022 0.262 0.013 0.028 0.026 0.022 0.208 0.05
78 A 0.278 0.032 0.029 0.032 0.021 0.026 0.041 0.076 0.015 0.041 0.056 0.045 0.017 0.021 0.029 0.101 0.053 0.005 0.017 0.065
79 F 0.035 0.021 0.018 0.017 0.01 0.013 0.021 0.025 0.024 0.058 0.101 0.022 0.023 0.329 0.012 0.026 0.026 0.019 0.148 0.052
80 A 0.185 0.026 0.021 0.023 0.02 0.021 0.031 0.051 0.011 0.102 0.093 0.035 0.024 0.028 0.023 0.058 0.049 0.005 0.019 0.174
81 F 0.033 0.019 0.017 0.017 0.01 0.01 0.019 0.025 0.017 0.062 0.113 0.019 0.025 0.396 0.01 0.025 0.025 0.017 0.087 0.054
82 S 0.108 0.04 0.053 0.048 0.017 0.033 0.052 0.065 0.019 0.029 0.041 0.053 0.015 0.021 0.029 0.231 0.081 0.005 0.017 0.041
83 L 0.044 0.024 0.014 0.015 0.016 0.016 0.02 0.021 0.01 0.114 0.385 0.025 0.049 0.054 0.014 0.024 0.033 0.007 0.022 0.095
84 I 0.046 0.017 0.014 0.017 0.016 0.013 0.017 0.02 0.009 0.282 0.165 0.023 0.036 0.044 0.014 0.025 0.039 0.006 0.02 0.174
85 I 0.046 0.017 0.014 0.017 0.016 0.013 0.017 0.02 0.009 0.282 0.165 0.023 0.036 0.044 0.014 0.025 0.039 0.006 0.02 0.174
86 G 0.077 0.023 0.039 0.033 0.011 0.019 0.025 0.517 0.013 0.019 0.028 0.033 0.009 0.016 0.019 0.051 0.029 0.005 0.011 0.024
87 L 0.051 0.02 0.015 0.017 0.017 0.015 0.019 0.021 0.009 0.21 0.211 0.024 0.038 0.044 0.015 0.026 0.04 0.006 0.021 0.181
88 P 0.056 0.025 0.023 0.031 0.01 0.02 0.036 0.036 0.013 0.025 0.036 0.041 0.01 0.013 0.501 0.043 0.036 0.003 0.013 0.031
89 S 0.109 0.035 0.048 0.044 0.016 0.029 0.045 0.179 0.017 0.027 0.039 0.048 0.014 0.019 0.027 0.18 0.067 0.005 0.016 0.038
90 I 0.048 0.019 0.015 0.017 0.015 0.013 0.019 0.022 0.011 0.2 0.144 0.023 0.032 0.13 0.014 0.027 0.038 0.008 0.037 0.168
91 Y 0.04 0.028 0.021 0.018 0.009 0.021 0.028 0.025 0.046 0.043 0.067 0.031 0.018 0.129 0.015 0.031 0.028 0.028 0.328 0.046
92 L 0.044 0.024 0.014 0.015 0.016 0.016 0.02 0.021 0.01 0.114 0.385 0.025 0.049 0.054 0.014 0.024 0.033 0.007 0.022 0.095
93 L 0.041 0.025 0.017 0.017 0.013 0.018 0.023 0.023 0.026 0.08 0.23 0.027 0.034 0.112 0.014 0.027 0.03 0.016 0.156 0.071
94 N 0.039 0.034 0.173 0.05 0.009 0.025 0.036 0.045 0.031 0.037 0.061 0.039 0.016 0.14 0.016 0.048 0.037 0.013 0.112 0.038
95 F 0.033 0.019 0.017 0.017 0.01 0.01 0.019 0.025 0.017 0.062 0.113 0.019 0.025 0.396 0.01 0.025 0.025 0.017 0.087 0.054
96 K 0.06 0.148 0.04 0.037 0.009 0.044 0.055 0.14 0.019 0.024 0.04 0.183 0.014 0.016 0.023 0.058 0.038 0.005 0.016 0.031
97 N 0.049 0.059 0.184 0.074 0.008 0.053 0.12 0.051 0.027 0.023 0.035 0.109 0.013 0.017 0.023 0.061 0.043 0.005 0.016 0.029
98 A 0.212 0.029 0.026 0.03 0.018 0.024 0.039 0.062 0.014 0.038 0.052 0.043 0.015 0.019 0.167 0.073 0.061 0.005 0.016 0.057
99 K 0.068 0.062 0.089 0.072 0.013 0.033 0.051 0.047 0.019 0.06 0.061 0.097 0.018 0.022 0.023 0.095 0.053 0.005 0.017 0.095
100 G 0.053 0.053 0.116 0.094 0.009 0.035 0.055 0.146 0.081 0.023 0.034 0.105 0.012 0.018 0.022 0.054 0.037 0.005 0.021 0.026
101 G 0.074 0.023 0.041 0.062 0.01 0.019 0.03 0.481 0.014 0.019 0.028 0.034 0.009 0.016 0.019 0.051 0.03 0.005 0.011 0.024
102 F 0.033 0.019 0.017 0.017 0.01 0.01 0.019 0.025 0.017 0.062 0.113 0.019 0.025 0.396 0.01 0.025 0.025 0.017 0.087 0.054
103 E 0.056 0.047 0.04 0.086 0.007 0.061 0.291 0.062 0.025 0.022 0.036 0.072 0.013 0.016 0.025 0.054 0.036 0.005 0.016 0.03
104 L 0.045 0.021 0.014 0.016 0.016 0.015 0.019 0.021 0.009 0.198 0.275 0.024 0.043 0.049 0.014 0.024 0.036 0.006 0.021 0.134
105 V 0.074 0.024 0.022 0.022 0.018 0.018 0.026 0.029 0.01 0.164 0.121 0.03 0.029 0.034 0.019 0.045 0.09 0.006 0.02 0.201
106 C 0.064 0.016 0.016 0.016 0.491 0.012 0.016 0.032 0.008 0.044 0.064 0.02 0.016 0.02 0.016 0.04 0.036 0.004 0.012 0.056
107 L 0.045 0.021 0.014 0.016 0.016 0.015 0.019 0.021 0.009 0.198 0.275 0.024 0.043 0.049 0.014 0.024 0.036 0.006 0.021 0.134
108 W 0.03 0.022 0.015 0.015 0.007 0.015 0.022 0.03 0.015 0.03 0.052 0.022 0.015 0.06 0.007 0.022 0.022 0.5 0.067 0.03
109 G 0.147 0.024 0.029 0.028 0.134 0.019 0.028 0.252 0.012 0.033 0.047 0.033 0.014 0.019 0.021 0.059 0.037 0.005 0.013 0.046
110 I 0.049 0.025 0.017 0.019 0.016 0.02 0.023 0.024 0.012 0.19 0.18 0.029 0.105 0.046 0.015 0.03 0.039 0.007 0.022 0.133
111 L 0.044 0.024 0.014 0.015 0.016 0.016 0.02 0.021 0.01 0.114 0.385 0.025 0.049 0.054 0.014 0.024 0.033 0.007 0.022 0.095
112 L 0.045 0.021 0.014 0.016 0.016 0.015 0.019 0.021 0.009 0.198 0.275 0.024 0.043 0.049 0.014 0.024 0.036 0.006 0.021 0.134
113 N 0.042 0.044 0.327 0.082 0.009 0.033 0.049 0.064 0.031 0.022 0.031 0.053 0.011 0.018 0.02 0.069 0.049 0.004 0.015 0.027
114 I 0.059 0.022 0.021 0.023 0.016 0.017 0.024 0.028 0.01 0.226 0.14 0.029 0.032 0.039 0.017 0.061 0.047 0.006 0.02 0.162
115 I 0.058 0.019 0.015 0.018 0.017 0.014 0.02 0.023 0.009 0.24 0.152 0.024 0.034 0.041 0.015 0.028 0.042 0.006 0.02 0.205
116 L 0.044 0.024 0.014 0.015 0.016 0.016 0.02 0.021 0.01 0.114 0.385 0.025 0.049 0.054 0.014 0.024 0.033 0.007 0.022 0.095
117 Y 0.04 0.028 0.021 0.018 0.009 0.021 0.028 0.025 0.046 0.043 0.067 0.031 0.018 0.129 0.015 0.031 0.028 0.028 0.328 0.046
118 L 0.039 0.021 0.015 0.016 0.013 0.013 0.019 0.023 0.013 0.088 0.249 0.022 0.037 0.225 0.012 0.024 0.029 0.012 0.055 0.074
119 C 0.074 0.037 0.037 0.034 0.134 0.058 0.046 0.044 0.016 0.045 0.08 0.047 0.02 0.023 0.023 0.102 0.103 0.005 0.017 0.055
120 A 0.179 0.034 0.037 0.036 0.038 0.027 0.043 0.064 0.016 0.039 0.053 0.046 0.017 0.021 0.048 0.133 0.091 0.005 0.017 0.057
121 C 0.056 0.023 0.023 0.022 0.154 0.018 0.024 0.03 0.016 0.106 0.092 0.029 0.023 0.061 0.018 0.047 0.09 0.009 0.071 0.087
122 K 0.065 0.064 0.115 0.061 0.011 0.045 0.101 0.052 0.024 0.026 0.038 0.134 0.014 0.017 0.026 0.102 0.051 0.005 0.017 0.033
123 N 0.072 0.04 0.165 0.059 0.014 0.032 0.047 0.059 0.023 0.032 0.043 0.051 0.015 0.02 0.025 0.129 0.112 0.005 0.017 0.042
124 K 0.06 0.063 0.029 0.029 0.013 0.034 0.046 0.034 0.015 0.087 0.084 0.157 0.023 0.053 0.021 0.042 0.042 0.006 0.024 0.139
125 V 0.057 0.031 0.033 0.028 0.014 0.025 0.034 0.032 0.102 0.107 0.089 0.036 0.024 0.039 0.02 0.05 0.101 0.008 0.052 0.118
126 I 0.048 0.124 0.027 0.027 0.012 0.032 0.039 0.029 0.015 0.153 0.105 0.113 0.026 0.03 0.019 0.036 0.038 0.006 0.019 0.103
127 E 0.059 0.055 0.054 0.061 0.01 0.093 0.159 0.04 0.023 0.031 0.046 0.086 0.016 0.018 0.025 0.064 0.093 0.006 0.018 0.042
128 Q 0.055 0.067 0.043 0.057 0.008 0.186 0.153 0.039 0.028 0.025 0.044 0.086 0.018 0.015 0.024 0.055 0.04 0.006 0.019 0.034
129 K 0.075 0.145 0.038 0.04 0.011 0.045 0.075 0.041 0.02 0.041 0.052 0.168 0.017 0.019 0.025 0.057 0.066 0.005 0.017 0.045
130 K 0.053 0.165 0.052 0.04 0.008 0.051 0.064 0.041 0.021 0.026 0.043 0.236 0.015 0.016 0.025 0.051 0.038 0.005 0.017 0.032
131 K 0.093 0.07 0.037 0.037 0.022 0.035 0.058 0.046 0.023 0.037 0.054 0.109 0.017 0.038 0.025 0.082 0.089 0.009 0.071 0.048
132 V 0.057 0.021 0.015 0.017 0.017 0.015 0.021 0.022 0.009 0.18 0.202 0.025 0.037 0.042 0.015 0.028 0.042 0.006 0.021 0.207
133 N 0.052 0.042 0.257 0.072 0.011 0.032 0.047 0.061 0.027 0.028 0.038 0.052 0.013 0.019 0.022 0.085 0.087 0.005 0.016 0.035
134 K 0.067 0.069 0.108 0.051 0.011 0.041 0.057 0.092 0.022 0.026 0.038 0.16 0.014 0.017 0.025 0.098 0.05 0.005 0.016 0.032
135 L 0.043 0.023 0.016 0.016 0.014 0.017 0.021 0.022 0.019 0.138 0.251 0.026 0.038 0.07 0.014 0.026 0.033 0.012 0.098 0.102
136 F 0.033 0.019 0.017 0.017 0.01 0.01 0.019 0.025 0.017 0.062 0.113 0.019 0.025 0.396 0.01 0.025 0.025 0.017 0.087 0.054
137 V 0.058 0.044 0.024 0.024 0.014 0.027 0.036 0.029 0.021 0.104 0.093 0.093 0.024 0.054 0.019 0.037 0.041 0.011 0.096 0.155
138 V 0.075 0.022 0.018 0.02 0.018 0.017 0.023 0.028 0.009 0.187 0.132 0.028 0.031 0.036 0.017 0.038 0.063 0.006 0.02 0.214
139 I 0.046 0.019 0.014 0.017 0.016 0.014 0.018 0.02 0.009 0.253 0.203 0.024 0.038 0.045 0.014 0.025 0.038 0.006 0.021 0.16
140 F 0.033 0.019 0.017 0.017 0.01 0.01 0.019 0.025 0.017 0.062 0.113 0.019 0.025 0.396 0.01 0.025 0.025 0.017 0.087 0.054
141 F 0.066 0.026 0.027 0.026 0.015 0.019 0.03 0.036 0.014 0.084 0.129 0.032 0.027 0.151 0.018 0.088 0.049 0.009 0.042 0.112
142 I 0.052 0.018 0.015 0.017 0.017 0.014 0.019 0.021 0.009 0.252 0.156 0.024 0.035 0.041 0.015 0.027 0.042 0.006 0.02 0.2
143 V 0.087 0.022 0.017 0.018 0.019 0.017 0.024 0.028 0.009 0.153 0.123 0.027 0.03 0.034 0.017 0.036 0.049 0.005 0.02 0.263
144 G 0.133 0.025 0.035 0.032 0.013 0.02 0.029 0.407 0.014 0.025 0.036 0.036 0.011 0.017 0.021 0.059 0.034 0.005 0.012 0.035
145 L 0.077 0.021 0.017 0.018 0.015 0.015 0.022 0.029 0.012 0.145 0.17 0.025 0.032 0.142 0.015 0.033 0.036 0.009 0.039 0.126
146 C 0.064 0.016 0.016 0.016 0.491 0.012 0.016 0.032 0.008 0.044 0.064 0.02 0.016 0.02 0.016 0.04 0.036 0.004 0.012 0.056
147 Q 0.055 0.072 0.043 0.046 0.009 0.226 0.101 0.041 0.029 0.026 0.046 0.09 0.02 0.014 0.023 0.055 0.041 0.006 0.02 0.035
148 L 0.044 0.023 0.014 0.015 0.016 0.016 0.02 0.021 0.01 0.127 0.368 0.025 0.048 0.053 0.014 0.024 0.033 0.007 0.022 0.101
149 I 0.05 0.021 0.016 0.018 0.024 0.016 0.021 0.022 0.017 0.197 0.133 0.025 0.031 0.061 0.015 0.028 0.038 0.011 0.091 0.164
150 K 0.056 0.106 0.041 0.041 0.008 0.053 0.07 0.043 0.02 0.027 0.043 0.289 0.015 0.015 0.027 0.053 0.039 0.005 0.017 0.032
151 I 0.061 0.027 0.029 0.027 0.017 0.02 0.029 0.032 0.011 0.155 0.111 0.034 0.027 0.033 0.021 0.059 0.149 0.006 0.019 0.133
152 L 0.057 0.023 0.021 0.021 0.015 0.017 0.022 0.146 0.011 0.112 0.208 0.027 0.041 0.054 0.016 0.033 0.035 0.007 0.022 0.114
153 L 0.043 0.021 0.015 0.016 0.015 0.014 0.019 0.022 0.011 0.145 0.251 0.023 0.039 0.136 0.013 0.025 0.033 0.009 0.038 0.112
154 Y 0.04 0.028 0.021 0.018 0.009 0.021 0.028 0.025 0.046 0.043 0.067 0.031 0.018 0.129 0.015 0.031 0.028 0.028 0.328 0.046
155 F 0.038 0.021 0.016 0.016 0.013 0.013 0.019 0.023 0.014 0.084 0.228 0.021 0.035 0.251 0.012 0.025 0.028 0.013 0.06 0.071
156 R 0.049 0.124 0.04 0.029 0.012 0.033 0.04 0.031 0.017 0.113 0.121 0.106 0.047 0.031 0.019 0.039 0.038 0.006 0.019 0.087
157 F 0.033 0.019 0.017 0.017 0.01 0.01 0.019 0.025 0.017 0.062 0.113 0.019 0.025 0.396 0.01 0.025 0.025 0.017 0.087 0.054
158 I 0.046 0.017 0.014 0.017 0.016 0.013 0.017 0.02 0.009 0.282 0.165 0.023 0.036 0.044 0.014 0.025 0.039 0.006 0.02 0.174
159 L 0.051 0.022 0.015 0.016 0.017 0.015 0.02 0.022 0.009 0.168 0.266 0.025 0.041 0.047 0.015 0.026 0.038 0.006 0.021 0.161
160 N 0.058 0.04 0.205 0.141 0.011 0.032 0.058 0.061 0.025 0.024 0.033 0.051 0.012 0.018 0.023 0.106 0.054 0.004 0.015 0.03
161 S 0.108 0.04 0.053 0.048 0.017 0.033 0.052 0.065 0.019 0.029 0.041 0.053 0.015 0.021 0.029 0.231 0.081 0.005 0.017 0.041
162 G 0.077 0.023 0.039 0.033 0.011 0.019 0.025 0.517 0.013 0.019 0.028 0.033 0.009 0.016 0.019 0.051 0.029 0.005 0.011 0.024
163 L 0.072 0.028 0.02 0.03 0.016 0.025 0.072 0.028 0.013 0.104 0.235 0.035 0.036 0.04 0.018 0.036 0.039 0.006 0.02 0.128
164 G 0.077 0.023 0.039 0.033 0.011 0.019 0.025 0.517 0.013 0.019 0.028 0.033 0.009 0.016 0.019 0.051 0.029 0.005 0.011 0.024
165 H 0.041 0.045 0.053 0.038 0.007 0.038 0.053 0.038 0.365 0.023 0.038 0.045 0.015 0.03 0.019 0.041 0.026 0.007 0.056 0.023
166 L 0.044 0.024 0.014 0.015 0.016 0.016 0.02 0.021 0.01 0.114 0.385 0.025 0.049 0.054 0.014 0.024 0.033 0.007 0.022 0.095
167 A 0.301 0.031 0.025 0.029 0.021 0.025 0.04 0.077 0.015 0.043 0.059 0.044 0.017 0.021 0.029 0.084 0.049 0.005 0.017 0.068
168 I 0.046 0.017 0.014 0.017 0.016 0.013 0.017 0.02 0.009 0.282 0.165 0.023 0.036 0.044 0.014 0.025 0.039 0.006 0.02 0.174
169 Y 0.04 0.028 0.021 0.018 0.009 0.021 0.028 0.025 0.046 0.043 0.067 0.031 0.018 0.129 0.015 0.031 0.028 0.028 0.328 0.046
170 T 0.072 0.035 0.043 0.037 0.018 0.027 0.039 0.043 0.014 0.053 0.064 0.045 0.019 0.023 0.027 0.091 0.258 0.006 0.018 0.07
171 E 0.052 0.046 0.045 0.142 0.007 0.058 0.271 0.036 0.024 0.022 0.035 0.069 0.012 0.016 0.025 0.054 0.036 0.005 0.015 0.03
172 G 0.093 0.031 0.046 0.041 0.014 0.026 0.038 0.291 0.016 0.024 0.035 0.043 0.012 0.018 0.024 0.141 0.055 0.005 0.014 0.033
173 E 0.051 0.044 0.047 0.168 0.007 0.055 0.253 0.037 0.024 0.022 0.034 0.067 0.012 0.016 0.025 0.054 0.036 0.005 0.015 0.029
174 E 0.127 0.038 0.031 0.057 0.014 0.042 0.169 0.044 0.019 0.067 0.065 0.055 0.018 0.022 0.024 0.058 0.042 0.005 0.017 0.085
175 L 0.044 0.024 0.014 0.015 0.016 0.016 0.02 0.021 0.01 0.114 0.385 0.025 0.049 0.054 0.014 0.024 0.033 0.007 0.022 0.095
176 L 0.056 0.025 0.021 0.02 0.017 0.018 0.025 0.026 0.01 0.12 0.245 0.029 0.038 0.042 0.017 0.04 0.084 0.006 0.021 0.139
177 A 0.18 0.036 0.043 0.041 0.019 0.03 0.047 0.07 0.017 0.034 0.048 0.05 0.016 0.021 0.029 0.176 0.069 0.005 0.017 0.051
178 Q 0.068 0.064 0.046 0.047 0.011 0.178 0.089 0.047 0.026 0.027 0.045 0.081 0.019 0.016 0.025 0.099 0.051 0.006 0.02 0.036
179 V 0.064 0.021 0.017 0.018 0.018 0.016 0.022 0.024 0.008 0.183 0.133 0.026 0.032 0.036 0.016 0.033 0.055 0.006 0.02 0.249
180 P 0.056 0.025 0.023 0.031 0.01 0.02 0.036 0.036 0.013 0.025 0.036 0.041 0.01 0.013 0.501 0.043 0.036 0.003 0.013 0.031
181 F 0.033 0.019 0.017 0.017 0.01 0.01 0.019 0.025 0.017 0.062 0.113 0.019 0.025 0.396 0.01 0.025 0.025 0.017 0.087 0.054
182 V 0.088 0.023 0.017 0.018 0.017 0.016 0.024 0.03 0.011 0.124 0.16 0.027 0.031 0.092 0.017 0.036 0.042 0.007 0.031 0.188
183 I 0.048 0.018 0.015 0.017 0.016 0.013 0.018 0.021 0.009 0.272 0.162 0.023 0.036 0.043 0.015 0.025 0.04 0.006 0.02 0.183
184 R 0.044 0.355 0.038 0.031 0.008 0.048 0.052 0.032 0.023 0.023 0.046 0.118 0.015 0.017 0.019 0.044 0.034 0.006 0.017 0.031
185 A 0.301 0.031 0.025 0.029 0.021 0.025 0.04 0.077 0.015 0.043 0.059 0.044 0.017 0.021 0.029 0.084 0.049 0.005 0.017 0.068
186 I 0.046 0.017 0.014 0.017 0.016 0.013 0.017 0.02 0.009 0.282 0.165 0.023 0.036 0.044 0.014 0.025 0.039 0.006 0.02 0.174
187 S 0.108 0.04 0.053 0.048 0.017 0.033 0.052 0.065 0.019 0.029 0.041 0.053 0.015 0.021 0.029 0.231 0.081 0.005 0.017 0.041
188 G 0.077 0.023 0.039 0.033 0.011 0.019 0.025 0.517 0.013 0.019 0.028 0.033 0.009 0.016 0.019 0.051 0.029 0.005 0.011 0.024
189 F 0.04 0.023 0.017 0.017 0.013 0.016 0.021 0.025 0.015 0.084 0.201 0.024 0.068 0.223 0.013 0.027 0.031 0.012 0.055 0.074
190 S 0.139 0.038 0.048 0.044 0.018 0.031 0.049 0.066 0.018 0.033 0.046 0.051 0.016 0.021 0.029 0.195 0.089 0.005 0.017 0.048
191 L 0.063 0.027 0.023 0.023 0.017 0.02 0.028 0.031 0.013 0.105 0.236 0.031 0.036 0.045 0.018 0.07 0.047 0.007 0.033 0.128
192 I 0.052 0.02 0.017 0.019 0.017 0.015 0.02 0.023 0.009 0.243 0.151 0.025 0.034 0.041 0.016 0.031 0.058 0.006 0.02 0.184
193 L 0.051 0.032 0.02 0.02 0.016 0.028 0.028 0.028 0.016 0.099 0.194 0.036 0.173 0.047 0.016 0.036 0.04 0.008 0.024 0.091
194 S 0.17 0.036 0.044 0.042 0.018 0.03 0.047 0.069 0.017 0.034 0.047 0.05 0.016 0.021 0.038 0.18 0.07 0.005 0.017 0.05
195 L 0.045 0.024 0.014 0.015 0.016 0.016 0.02 0.021 0.01 0.116 0.374 0.025 0.048 0.053 0.014 0.024 0.034 0.007 0.022 0.102
196 A 0.267 0.032 0.03 0.033 0.021 0.027 0.042 0.075 0.015 0.04 0.056 0.045 0.017 0.021 0.029 0.109 0.055 0.005 0.017 0.063
197 T 0.071 0.031 0.034 0.031 0.018 0.024 0.034 0.037 0.012 0.088 0.085 0.039 0.023 0.027 0.024 0.072 0.189 0.006 0.018 0.139
198 F 0.033 0.019 0.017 0.017 0.01 0.01 0.019 0.025 0.017 0.062 0.113 0.019 0.025 0.396 0.01 0.025 0.025 0.017 0.087 0.054
199 Y 0.04 0.028 0.021 0.018 0.009 0.021 0.028 0.025 0.046 0.043 0.067 0.031 0.018 0.129 0.015 0.031 0.028 0.028 0.328 0.046
200 F 0.037 0.024 0.019 0.018 0.01 0.016 0.024 0.025 0.033 0.052 0.088 0.025 0.021 0.251 0.013 0.028 0.026 0.023 0.218 0.05
201 K 0.053 0.168 0.04 0.038 0.008 0.051 0.065 0.04 0.021 0.026 0.043 0.246 0.015 0.016 0.025 0.051 0.038 0.005 0.017 0.032
202 A 0.189 0.034 0.038 0.037 0.019 0.028 0.044 0.066 0.016 0.04 0.054 0.047 0.017 0.021 0.029 0.134 0.104 0.005 0.017 0.06
203 P 0.082 0.032 0.038 0.039 0.014 0.027 0.044 0.05 0.016 0.027 0.038 0.047 0.013 0.017 0.265 0.137 0.058 0.004 0.015 0.036
204 T 0.065 0.119 0.041 0.037 0.013 0.038 0.05 0.042 0.017 0.043 0.056 0.121 0.018 0.02 0.025 0.08 0.134 0.006 0.017 0.059
205 G 0.054 0.045 0.03 0.028 0.01 0.028 0.037 0.152 0.029 0.051 0.059 0.095 0.017 0.066 0.019 0.041 0.032 0.015 0.147 0.047
206 L 0.048 0.023 0.016 0.017 0.015 0.017 0.022 0.022 0.018 0.146 0.208 0.026 0.035 0.067 0.015 0.027 0.036 0.012 0.098 0.133
207 R 0.051 0.22 0.04 0.036 0.008 0.05 0.061 0.038 0.022 0.025 0.044 0.211 0.015 0.016 0.023 0.049 0.037 0.005 0.017 0.032
208 W 0.044 0.023 0.016 0.016 0.012 0.017 0.023 0.028 0.013 0.08 0.097 0.025 0.04 0.077 0.011 0.027 0.033 0.254 0.049 0.114
209 F 0.042 0.019 0.015 0.017 0.014 0.013 0.018 0.022 0.012 0.176 0.172 0.022 0.034 0.177 0.013 0.025 0.033 0.01 0.046 0.121
210 A 0.198 0.031 0.036 0.036 0.018 0.026 0.04 0.165 0.016 0.034 0.047 0.044 0.015 0.02 0.027 0.12 0.054 0.005 0.016 0.051
211 F 0.033 0.019 0.017 0.017 0.01 0.01 0.019 0.025 0.017 0.062 0.113 0.019 0.025 0.396 0.01 0.025 0.025 0.017 0.087 0.054
212 L 0.051 0.021 0.016 0.018 0.017 0.015 0.02 0.022 0.009 0.202 0.219 0.025 0.038 0.044 0.015 0.029 0.048 0.006 0.021 0.165
213 L 0.044 0.024 0.014 0.015 0.016 0.016 0.02 0.021 0.01 0.114 0.385 0.025 0.049 0.054 0.014 0.024 0.033 0.007 0.022 0.095
214 L 0.044 0.024 0.014 0.015 0.016 0.016 0.02 0.021 0.01 0.114 0.385 0.025 0.049 0.054 0.014 0.024 0.033 0.007 0.022 0.095
215 A 0.301 0.031 0.025 0.029 0.021 0.025 0.04 0.077 0.015 0.043 0.059 0.044 0.017 0.021 0.029 0.084 0.049 0.005 0.017 0.068
216 S 0.116 0.039 0.052 0.047 0.017 0.032 0.051 0.066 0.019 0.03 0.042 0.053 0.016 0.021 0.029 0.225 0.079 0.005 0.017 0.042
217 D 0.047 0.039 0.054 0.248 0.007 0.047 0.198 0.04 0.022 0.022 0.032 0.059 0.011 0.016 0.024 0.053 0.036 0.005 0.014 0.027
218 L 0.044 0.024 0.014 0.015 0.016 0.016 0.02 0.021 0.01 0.114 0.385 0.025 0.049 0.054 0.014 0.024 0.033 0.007 0.022 0.095
219 L 0.094 0.024 0.016 0.018 0.018 0.017 0.024 0.031 0.01 0.129 0.248 0.028 0.038 0.043 0.017 0.036 0.04 0.006 0.021 0.14
220 I 0.046 0.017 0.014 0.017 0.016 0.013 0.017 0.02 0.009 0.282 0.165 0.023 0.036 0.044 0.014 0.025 0.039 0.006 0.02 0.174
221 G 0.077 0.023 0.039 0.033 0.011 0.019 0.025 0.517 0.013 0.019 0.028 0.033 0.009 0.016 0.019 0.051 0.029 0.005 0.011 0.024
222 I 0.046 0.017 0.014 0.017 0.016 0.013 0.017 0.02 0.009 0.282 0.165 0.023 0.036 0.044 0.014 0.025 0.039 0.006 0.02 0.174
223 R 0.044 0.355 0.038 0.031 0.008 0.048 0.052 0.032 0.023 0.023 0.046 0.118 0.015 0.017 0.019 0.044 0.034 0.006 0.017 0.031
224 N 0.075 0.042 0.19 0.065 0.013 0.033 0.05 0.065 0.025 0.026 0.036 0.053 0.013 0.019 0.025 0.15 0.065 0.005 0.016 0.034
225 K 0.056 0.106 0.041 0.041 0.008 0.053 0.07 0.043 0.02 0.027 0.043 0.289 0.015 0.015 0.027 0.053 0.039 0.005 0.017 0.032
226 F 0.033 0.019 0.017 0.017 0.01 0.01 0.019 0.025 0.017 0.062 0.113 0.019 0.025 0.396 0.01 0.025 0.025 0.017 0.087 0.054
227 F 0.033 0.019 0.017 0.017 0.01 0.01 0.019 0.025 0.017 0.062 0.113 0.019 0.025 0.396 0.01 0.025 0.025 0.017 0.087 0.054
228 F 0.033 0.019 0.017 0.017 0.01 0.01 0.019 0.025 0.017 0.062 0.113 0.019 0.025 0.396 0.01 0.025 0.025 0.017 0.087 0.054
229 S 0.156 0.037 0.046 0.043 0.018 0.031 0.049 0.068 0.018 0.033 0.046 0.051 0.016 0.021 0.029 0.195 0.073 0.005 0.017 0.048
230 L 0.046 0.023 0.016 0.016 0.015 0.015 0.021 0.023 0.012 0.106 0.246 0.024 0.048 0.15 0.013 0.027 0.034 0.01 0.041 0.115
231 I 0.047 0.018 0.015 0.017 0.016 0.013 0.018 0.02 0.009 0.27 0.173 0.023 0.037 0.044 0.015 0.025 0.039 0.006 0.02 0.175
232 C 0.068 0.018 0.019 0.019 0.452 0.014 0.019 0.035 0.009 0.043 0.062 0.023 0.016 0.02 0.017 0.056 0.04 0.004 0.012 0.055
233 I 0.046 0.018 0.014 0.017 0.016 0.013 0.018 0.02 0.009 0.268 0.184 0.023 0.037 0.044 0.014 0.025 0.039 0.006 0.02 0.167
234 I 0.043 0.018 0.015 0.017 0.015 0.012 0.018 0.021 0.011 0.227 0.152 0.022 0.033 0.132 0.013 0.025 0.036 0.009 0.037 0.144
235 I 0.101 0.021 0.018 0.021 0.017 0.016 0.023 0.033 0.01 0.22 0.138 0.028 0.031 0.038 0.018 0.04 0.051 0.006 0.02 0.15
236 L 0.045 0.024 0.014 0.015 0.016 0.016 0.02 0.021 0.01 0.116 0.374 0.025 0.048 0.053 0.014 0.024 0.034 0.007 0.022 0.102
237 S 0.091 0.037 0.045 0.041 0.015 0.03 0.046 0.055 0.026 0.033 0.048 0.048 0.016 0.048 0.026 0.181 0.067 0.011 0.095 0.042
238 L 0.045 0.025 0.015 0.016 0.016 0.018 0.021 0.022 0.011 0.111 0.352 0.027 0.07 0.053 0.014 0.026 0.034 0.007 0.022 0.094
239 Y 0.04 0.028 0.021 0.018 0.009 0.021 0.028 0.025 0.046 0.043 0.067 0.031 0.018 0.129 0.015 0.031 0.028 0.028 0.328 0.046
240 S 0.105 0.033 0.043 0.039 0.136 0.027 0.042 0.057 0.016 0.034 0.048 0.045 0.016 0.02 0.026 0.177 0.068 0.005 0.016 0.046
241 N 0.042 0.044 0.327 0.082 0.009 0.033 0.049 0.064 0.031 0.022 0.031 0.053 0.011 0.018 0.02 0.069 0.049 0.004 0.015 0.027
242 R 0.05 0.216 0.039 0.048 0.008 0.053 0.12 0.035 0.023 0.024 0.043 0.15 0.015 0.016 0.023 0.049 0.036 0.005 0.017 0.031
243 Y 0.048 0.064 0.046 0.045 0.009 0.041 0.109 0.034 0.058 0.049 0.057 0.101 0.017 0.053 0.021 0.044 0.034 0.012 0.113 0.046
244 L 0.05 0.128 0.028 0.027 0.012 0.034 0.042 0.031 0.016 0.066 0.2 0.115 0.031 0.034 0.019 0.045 0.037 0.006 0.019 0.061
245 I 0.052 0.018 0.015 0.017 0.017 0.014 0.019 0.021 0.009 0.252 0.156 0.024 0.035 0.041 0.015 0.027 0.042 0.006 0.02 0.2
246 K 0.054 0.121 0.037 0.036 0.01 0.079 0.062 0.037 0.02 0.071 0.066 0.153 0.02 0.021 0.023 0.05 0.057 0.006 0.018 0.059
247 K 0.114 0.059 0.091 0.049 0.013 0.039 0.065 0.058 0.047 0.029 0.043 0.12 0.015 0.019 0.026 0.098 0.05 0.005 0.02 0.04
248 L 0.048 0.124 0.027 0.026 0.012 0.039 0.041 0.029 0.016 0.124 0.143 0.105 0.028 0.032 0.019 0.036 0.037 0.006 0.019 0.089
249 F 0.033 0.019 0.017 0.017 0.01 0.01 0.019 0.025 0.017 0.062 0.113 0.019 0.025 0.396 0.01 0.025 0.025 0.017 0.087 0.054
250 L 0.116 0.045 0.024 0.026 0.016 0.027 0.038 0.041 0.013 0.091 0.155 0.096 0.028 0.032 0.022 0.048 0.042 0.006 0.019 0.114
251 K 0.053 0.162 0.041 0.039 0.008 0.081 0.071 0.04 0.023 0.026 0.044 0.212 0.016 0.016 0.024 0.051 0.038 0.005 0.018 0.032
252 L 0.046 0.02 0.014 0.017 0.016 0.014 0.019 0.021 0.009 0.213 0.248 0.024 0.041 0.047 0.014 0.025 0.037 0.006 0.021 0.148
253 S 0.108 0.04 0.053 0.048 0.017 0.033 0.052 0.065 0.019 0.029 0.041 0.053 0.015 0.021 0.029 0.231 0.081 0.005 0.017 0.041
254 K 0.053 0.168 0.04 0.038 0.008 0.051 0.065 0.04 0.021 0.026 0.043 0.246 0.015 0.016 0.025 0.051 0.038 0.005 0.017 0.032
255 L 0.052 0.023 0.017 0.02 0.015 0.017 0.024 0.025 0.01 0.135 0.209 0.029 0.034 0.038 0.136 0.03 0.038 0.005 0.019 0.126
256 L 0.05 0.056 0.032 0.031 0.012 0.09 0.053 0.032 0.061 0.094 0.152 0.054 0.029 0.032 0.019 0.043 0.053 0.006 0.025 0.075
257 Y 0.041 0.026 0.02 0.018 0.01 0.019 0.026 0.025 0.038 0.056 0.08 0.028 0.021 0.168 0.015 0.03 0.029 0.024 0.263 0.065
258 L 0.044 0.024 0.014 0.015 0.016 0.016 0.02 0.021 0.01 0.114 0.385 0.025 0.049 0.054 0.014 0.024 0.033 0.007 0.022 0.095
259 L 0.05 0.022 0.015 0.016 0.017 0.015 0.02 0.022 0.009 0.167 0.275 0.025 0.042 0.047 0.015 0.026 0.038 0.006 0.021 0.154
260 I 0.092 0.02 0.016 0.019 0.017 0.015 0.022 0.03 0.01 0.231 0.144 0.027 0.033 0.039 0.017 0.035 0.042 0.006 0.02 0.164
261 G 0.077 0.023 0.039 0.033 0.011 0.019 0.025 0.517 0.013 0.019 0.028 0.033 0.009 0.016 0.019 0.051 0.029 0.005 0.011 0.024
262 F 0.033 0.019 0.017 0.017 0.01 0.01 0.019 0.025 0.017 0.062 0.113 0.019 0.025 0.396 0.01 0.025 0.025 0.017 0.087 0.054
263 V 0.057 0.021 0.015 0.017 0.017 0.015 0.021 0.022 0.009 0.193 0.185 0.025 0.036 0.041 0.015 0.028 0.043 0.006 0.021 0.213
264 L 0.056 0.022 0.02 0.02 0.097 0.016 0.021 0.147 0.01 0.078 0.24 0.026 0.033 0.039 0.016 0.033 0.033 0.006 0.017 0.07
265 F 0.033 0.019 0.017 0.017 0.01 0.01 0.019 0.025 0.017 0.062 0.113 0.019 0.025 0.396 0.01 0.025 0.025 0.017 0.087 0.054
266 S 0.108 0.04 0.053 0.048 0.017 0.033 0.052 0.065 0.019 0.029 0.041 0.053 0.015 0.021 0.029 0.231 0.081 0.005 0.017 0.041
267 L 0.048 0.026 0.016 0.017 0.016 0.019 0.022 0.023 0.012 0.12 0.297 0.028 0.084 0.05 0.015 0.028 0.036 0.007 0.022 0.112
268 V 0.058 0.02 0.015 0.017 0.017 0.015 0.02 0.022 0.008 0.222 0.147 0.024 0.034 0.039 0.015 0.029 0.044 0.006 0.02 0.227
269 S 0.108 0.04 0.053 0.048 0.017 0.033 0.052 0.065 0.019 0.029 0.041 0.053 0.015 0.021 0.029 0.231 0.081 0.005 0.017 0.041
270 Y 0.04 0.028 0.021 0.018 0.009 0.021 0.028 0.025 0.046 0.043 0.067 0.031 0.018 0.129 0.015 0.031 0.028 0.028 0.328 0.046
271 F 0.038 0.022 0.017 0.017 0.012 0.014 0.021 0.024 0.022 0.084 0.151 0.023 0.028 0.243 0.013 0.026 0.028 0.017 0.131 0.069
272 R 0.044 0.355 0.038 0.031 0.008 0.048 0.052 0.032 0.023 0.023 0.046 0.118 0.015 0.017 0.019 0.044 0.034 0.006 0.017 0.031
273 E 0.054 0.049 0.04 0.089 0.007 0.064 0.307 0.034 0.025 0.022 0.036 0.074 0.013 0.016 0.025 0.054 0.036 0.005 0.016 0.031
274 G 0.077 0.023 0.039 0.033 0.011 0.019 0.025 0.517 0.013 0.019 0.028 0.033 0.009 0.016 0.019 0.051 0.029 0.005 0.011 0.024
275 Y 0.04 0.028 0.021 0.018 0.009 0.021 0.028 0.025 0.046 0.043 0.067 0.031 0.018 0.129 0.015 0.031 0.028 0.028 0.328 0.046
276 E 0.051 0.051 0.048 0.158 0.008 0.092 0.201 0.039 0.024 0.023 0.037 0.075 0.014 0.015 0.024 0.054 0.037 0.005 0.016 0.03
277 I 0.048 0.018 0.015 0.017 0.016 0.013 0.018 0.021 0.009 0.272 0.162 0.023 0.036 0.043 0.015 0.025 0.04 0.006 0.02 0.183
278 N 0.042 0.042 0.282 0.138 0.009 0.033 0.056 0.061 0.029 0.022 0.03 0.052 0.011 0.017 0.02 0.066 0.046 0.004 0.015 0.026
279 F 0.033 0.019 0.017 0.017 0.01 0.01 0.019 0.025 0.017 0.062 0.113 0.019 0.025 0.396 0.01 0.025 0.025 0.017 0.087 0.054
280 I 0.054 0.021 0.016 0.018 0.017 0.017 0.021 0.023 0.01 0.216 0.16 0.026 0.058 0.042 0.015 0.029 0.042 0.006 0.021 0.19
281 N 0.057 0.055 0.168 0.057 0.011 0.035 0.05 0.053 0.023 0.06 0.054 0.108 0.016 0.021 0.023 0.086 0.05 0.005 0.017 0.05
282 Y 0.04 0.028 0.021 0.018 0.009 0.021 0.028 0.025 0.046 0.043 0.067 0.031 0.018 0.129 0.015 0.031 0.028 0.028 0.328 0.046
283 L 0.046 0.024 0.016 0.017 0.016 0.018 0.021 0.022 0.011 0.152 0.282 0.027 0.077 0.05 0.015 0.027 0.036 0.007 0.022 0.114
284 G 0.073 0.022 0.027 0.025 0.015 0.017 0.024 0.271 0.011 0.09 0.078 0.029 0.02 0.026 0.017 0.041 0.039 0.005 0.015 0.152
285 I 0.049 0.018 0.015 0.017 0.016 0.013 0.018 0.021 0.009 0.267 0.161 0.024 0.036 0.042 0.015 0.026 0.04 0.006 0.02 0.187
286 V 0.069 0.022 0.016 0.018 0.019 0.016 0.023 0.024 0.008 0.162 0.128 0.026 0.031 0.035 0.016 0.032 0.049 0.005 0.02 0.28
287 L 0.044 0.024 0.014 0.015 0.016 0.016 0.02 0.021 0.01 0.114 0.385 0.025 0.049 0.054 0.014 0.024 0.033 0.007 0.022 0.095
288 D 0.04 0.029 0.068 0.406 0.007 0.029 0.09 0.046 0.018 0.022 0.028 0.044 0.009 0.015 0.022 0.051 0.035 0.004 0.011 0.024
289 S 0.108 0.039 0.053 0.048 0.017 0.033 0.051 0.065 0.019 0.03 0.042 0.053 0.016 0.021 0.029 0.229 0.084 0.005 0.017 0.042
290 L 0.044 0.024 0.014 0.015 0.016 0.016 0.02 0.021 0.01 0.114 0.385 0.025 0.049 0.054 0.014 0.024 0.033 0.007 0.022 0.095
291 S 0.108 0.04 0.053 0.048 0.017 0.033 0.052 0.065 0.019 0.029 0.041 0.053 0.015 0.021 0.029 0.231 0.081 0.005 0.017 0.041
292 S 0.108 0.039 0.053 0.048 0.017 0.033 0.051 0.065 0.019 0.03 0.042 0.053 0.016 0.021 0.029 0.229 0.084 0.005 0.017 0.042
293 T 0.072 0.035 0.043 0.037 0.018 0.027 0.039 0.043 0.014 0.053 0.064 0.045 0.019 0.023 0.027 0.091 0.258 0.006 0.018 0.07
294 L 0.044 0.024 0.014 0.015 0.016 0.016 0.02 0.021 0.01 0.114 0.385 0.025 0.049 0.054 0.014 0.024 0.033 0.007 0.022 0.095
295 A 0.245 0.029 0.029 0.03 0.019 0.024 0.036 0.187 0.014 0.037 0.051 0.041 0.015 0.02 0.027 0.075 0.044 0.005 0.016 0.057
296 G 0.077 0.023 0.039 0.033 0.011 0.019 0.025 0.517 0.013 0.019 0.028 0.033 0.009 0.016 0.019 0.051 0.029 0.005 0.011 0.024
297 L 0.046 0.026 0.015 0.016 0.016 0.019 0.022 0.023 0.011 0.11 0.337 0.028 0.08 0.052 0.014 0.027 0.035 0.007 0.022 0.094
298 Q 0.055 0.072 0.043 0.046 0.009 0.226 0.101 0.041 0.029 0.026 0.046 0.09 0.02 0.014 0.023 0.055 0.041 0.006 0.02 0.035
299 D 0.041 0.035 0.165 0.285 0.008 0.031 0.075 0.053 0.023 0.022 0.029 0.048 0.01 0.016 0.021 0.058 0.04 0.004 0.013 0.025
300 L 0.052 0.021 0.015 0.016 0.017 0.015 0.02 0.022 0.009 0.177 0.246 0.025 0.04 0.045 0.015 0.027 0.039 0.006 0.021 0.172
301 F 0.035 0.021 0.018 0.017 0.01 0.013 0.021 0.025 0.024 0.058 0.101 0.022 0.023 0.329 0.012 0.026 0.026 0.019 0.148 0.052
302 L 0.068 0.029 0.035 0.093 0.015 0.023 0.042 0.039 0.015 0.083 0.148 0.037 0.027 0.036 0.02 0.09 0.051 0.006 0.031 0.111
303 L 0.048 0.025 0.017 0.017 0.016 0.018 0.022 0.06 0.011 0.104 0.324 0.027 0.067 0.05 0.015 0.028 0.034 0.007 0.021 0.089
304 P 0.056 0.037 0.028 0.035 0.01 0.072 0.052 0.037 0.017 0.026 0.038 0.053 0.013 0.013 0.382 0.046 0.037 0.003 0.015 0.032
305 D 0.064 0.031 0.057 0.258 0.011 0.028 0.07 0.046 0.019 0.033 0.042 0.044 0.013 0.024 0.024 0.064 0.096 0.006 0.031 0.041
306 S 0.13 0.038 0.041 0.052 0.015 0.037 0.11 0.057 0.019 0.05 0.053 0.054 0.017 0.021 0.027 0.14 0.06 0.005 0.017 0.054
307 Q 0.063 0.058 0.104 0.053 0.01 0.129 0.075 0.087 0.026 0.025 0.041 0.08 0.016 0.016 0.023 0.088 0.048 0.005 0.018 0.033
308 G 0.078 0.024 0.039 0.034 0.011 0.019 0.027 0.482 0.014 0.02 0.029 0.034 0.01 0.018 0.019 0.061 0.032 0.006 0.017 0.025
309 W 0.03 0.022 0.015 0.015 0.007 0.015 0.022 0.03 0.015 0.03 0.052 0.022 0.015 0.06 0.007 0.022 0.022 0.5 0.067 0.03
310 D 0.106 0.033 0.121 0.223 0.011 0.029 0.066 0.058 0.02 0.03 0.038 0.046 0.012 0.017 0.023 0.063 0.042 0.004 0.014 0.04
311 R 0.049 0.139 0.046 0.034 0.01 0.071 0.057 0.035 0.02 0.047 0.129 0.136 0.024 0.025 0.021 0.044 0.037 0.006 0.019 0.048
312 L 0.044 0.022 0.014 0.016 0.016 0.015 0.019 0.021 0.01 0.155 0.325 0.024 0.045 0.058 0.014 0.024 0.034 0.007 0.023 0.114
313 D 0.046 0.037 0.129 0.234 0.009 0.032 0.07 0.051 0.082 0.023 0.031 0.047 0.011 0.019 0.022 0.068 0.04 0.005 0.02 0.026
314 P 0.107 0.026 0.023 0.03 0.012 0.021 0.037 0.044 0.013 0.029 0.04 0.041 0.012 0.014 0.403 0.052 0.038 0.003 0.014 0.038
315 H 0.088 0.037 0.06 0.038 0.012 0.032 0.062 0.042 0.163 0.06 0.096 0.043 0.021 0.035 0.02 0.048 0.035 0.007 0.047 0.054
316 L 0.062 0.025 0.022 0.022 0.018 0.019 0.026 0.028 0.01 0.128 0.178 0.03 0.033 0.037 0.018 0.045 0.097 0.006 0.02 0.177
317 I 0.052 0.018 0.015 0.017 0.017 0.014 0.019 0.021 0.009 0.252 0.156 0.024 0.035 0.041 0.015 0.027 0.042 0.006 0.02 0.2
318 L 0.042 0.02 0.015 0.016 0.015 0.014 0.019 0.022 0.011 0.164 0.234 0.023 0.038 0.136 0.013 0.024 0.033 0.009 0.038 0.114
319 T 0.081 0.036 0.045 0.04 0.017 0.029 0.042 0.048 0.015 0.047 0.058 0.047 0.018 0.023 0.028 0.126 0.213 0.006 0.017 0.063
