#Seq2Logo.py -f /work3/idamei/ssn-clusterings/clustering/2205111339/clusters/0005_479/sequences.afa -o /work3/idamei/ssn-clusterings/clustering/2205111339/clusters/0005_479/sequences.logo
#Position Specific Frequency Matrix
A R N D C Q E G H I L K M F P S T W Y V
0 L 0.052 0.032 0.02 0.02 0.016 0.028 0.028 0.028 0.016 0.099 0.195 0.036 0.169 0.048 0.016 0.036 0.04 0.008 0.024 0.091
1 I 0.043 0.018 0.015 0.017 0.014 0.012 0.018 0.022 0.011 0.203 0.15 0.022 0.033 0.159 0.013 0.025 0.035 0.01 0.043 0.136
2 K 0.056 0.106 0.041 0.041 0.009 0.053 0.07 0.043 0.02 0.027 0.043 0.285 0.015 0.015 0.027 0.053 0.039 0.005 0.017 0.032
3 L 0.047 0.024 0.018 0.027 0.015 0.021 0.059 0.023 0.011 0.195 0.209 0.031 0.037 0.043 0.016 0.029 0.037 0.006 0.02 0.132
4 S 0.109 0.04 0.054 0.049 0.017 0.033 0.052 0.066 0.019 0.03 0.042 0.054 0.016 0.021 0.03 0.224 0.082 0.005 0.017 0.042
5 L 0.042 0.02 0.015 0.017 0.014 0.013 0.019 0.022 0.012 0.151 0.22 0.023 0.037 0.163 0.013 0.025 0.033 0.01 0.044 0.109
6 F 0.041 0.027 0.028 0.024 0.011 0.021 0.03 0.028 0.128 0.12 0.106 0.029 0.026 0.155 0.015 0.031 0.03 0.01 0.055 0.084
7 N 0.042 0.04 0.236 0.189 0.008 0.032 0.063 0.059 0.027 0.022 0.03 0.051 0.011 0.017 0.021 0.064 0.045 0.004 0.014 0.026
8 I 0.049 0.024 0.017 0.019 0.016 0.019 0.022 0.024 0.012 0.202 0.179 0.029 0.093 0.045 0.015 0.029 0.04 0.007 0.022 0.139
9 Y 0.04 0.028 0.022 0.019 0.009 0.022 0.028 0.025 0.046 0.043 0.068 0.031 0.019 0.13 0.015 0.031 0.028 0.028 0.325 0.046
10 E 0.052 0.136 0.04 0.073 0.007 0.059 0.232 0.034 0.025 0.022 0.039 0.087 0.014 0.017 0.024 0.052 0.036 0.006 0.017 0.031
11 Y 0.058 0.028 0.026 0.024 0.014 0.022 0.03 0.03 0.026 0.08 0.084 0.033 0.022 0.072 0.019 0.049 0.098 0.015 0.15 0.119
12 L 0.057 0.024 0.021 0.021 0.015 0.017 0.025 0.03 0.013 0.101 0.184 0.028 0.032 0.141 0.016 0.056 0.042 0.009 0.04 0.128
13 L 0.045 0.021 0.014 0.016 0.016 0.015 0.019 0.021 0.009 0.185 0.289 0.024 0.044 0.05 0.014 0.024 0.036 0.007 0.021 0.129
14 Y 0.04 0.028 0.022 0.019 0.009 0.022 0.028 0.025 0.046 0.043 0.068 0.031 0.019 0.13 0.015 0.031 0.028 0.028 0.325 0.046
15 L 0.046 0.02 0.014 0.016 0.016 0.014 0.019 0.021 0.009 0.208 0.259 0.024 0.042 0.048 0.014 0.024 0.037 0.006 0.021 0.141
16 I 0.047 0.018 0.015 0.018 0.016 0.013 0.018 0.02 0.009 0.278 0.166 0.023 0.036 0.044 0.015 0.025 0.039 0.006 0.02 0.175
17 V 0.059 0.021 0.016 0.017 0.017 0.015 0.022 0.025 0.011 0.134 0.124 0.024 0.03 0.138 0.015 0.03 0.042 0.009 0.04 0.213
18 L 0.04 0.02 0.015 0.016 0.014 0.013 0.019 0.023 0.013 0.139 0.205 0.022 0.035 0.196 0.013 0.025 0.031 0.011 0.05 0.101
19 L 0.046 0.025 0.016 0.016 0.016 0.019 0.022 0.023 0.011 0.131 0.31 0.027 0.078 0.051 0.015 0.027 0.035 0.007 0.022 0.104
20 N 0.042 0.042 0.289 0.074 0.009 0.032 0.046 0.059 0.033 0.025 0.036 0.05 0.012 0.032 0.019 0.064 0.046 0.007 0.055 0.029
21 L 0.044 0.024 0.014 0.015 0.016 0.016 0.02 0.021 0.01 0.114 0.385 0.025 0.049 0.054 0.014 0.024 0.033 0.007 0.022 0.095
22 E 0.053 0.078 0.033 0.056 0.01 0.044 0.168 0.091 0.02 0.045 0.124 0.062 0.022 0.026 0.021 0.045 0.034 0.006 0.017 0.046
23 F 0.047 0.019 0.016 0.017 0.015 0.013 0.02 0.024 0.012 0.153 0.133 0.022 0.03 0.191 0.013 0.027 0.036 0.01 0.049 0.152
24 L 0.041 0.022 0.015 0.016 0.014 0.014 0.019 0.022 0.012 0.123 0.274 0.023 0.04 0.149 0.013 0.024 0.032 0.01 0.041 0.095
25 N 0.042 0.044 0.324 0.082 0.009 0.033 0.049 0.065 0.031 0.022 0.031 0.053 0.011 0.018 0.02 0.069 0.049 0.004 0.016 0.027
26 L 0.044 0.02 0.015 0.017 0.015 0.014 0.018 0.021 0.01 0.201 0.22 0.023 0.038 0.097 0.014 0.025 0.036 0.008 0.031 0.135
27 T 0.066 0.029 0.032 0.029 0.017 0.022 0.032 0.035 0.013 0.086 0.09 0.036 0.024 0.08 0.022 0.065 0.163 0.007 0.028 0.127
28 S 0.091 0.048 0.049 0.044 0.016 0.034 0.051 0.056 0.018 0.036 0.048 0.084 0.017 0.021 0.029 0.164 0.125 0.005 0.017 0.048
29 D 0.042 0.038 0.214 0.22 0.008 0.032 0.067 0.057 0.026 0.022 0.03 0.05 0.01 0.017 0.021 0.062 0.043 0.004 0.014 0.026
30 L 0.044 0.024 0.014 0.015 0.016 0.016 0.02 0.021 0.01 0.114 0.382 0.025 0.049 0.054 0.014 0.024 0.033 0.007 0.022 0.095
31 N 0.05 0.038 0.171 0.161 0.011 0.031 0.058 0.053 0.023 0.031 0.04 0.048 0.013 0.019 0.023 0.071 0.104 0.005 0.015 0.038
32 N 0.049 0.036 0.152 0.143 0.01 0.029 0.054 0.05 0.03 0.028 0.041 0.045 0.013 0.045 0.02 0.075 0.044 0.01 0.093 0.033
33 L 0.048 0.028 0.027 0.024 0.014 0.02 0.028 0.03 0.057 0.074 0.193 0.031 0.031 0.129 0.017 0.043 0.086 0.009 0.042 0.069
34 S 0.141 0.032 0.037 0.036 0.018 0.026 0.04 0.057 0.015 0.096 0.077 0.043 0.021 0.027 0.026 0.143 0.062 0.005 0.018 0.081
35 Q 0.061 0.061 0.041 0.043 0.011 0.175 0.085 0.041 0.025 0.058 0.061 0.077 0.022 0.019 0.023 0.073 0.045 0.006 0.02 0.053
36 S 0.068 0.118 0.113 0.048 0.013 0.034 0.047 0.051 0.022 0.036 0.083 0.066 0.018 0.023 0.022 0.118 0.055 0.005 0.017 0.042
37 I 0.042 0.021 0.02 0.02 0.014 0.016 0.022 0.024 0.055 0.195 0.136 0.025 0.031 0.13 0.014 0.027 0.034 0.009 0.042 0.125
38 S 0.158 0.035 0.043 0.041 0.018 0.029 0.045 0.133 0.017 0.032 0.045 0.048 0.015 0.02 0.028 0.161 0.065 0.005 0.016 0.047
39 V 0.063 0.02 0.016 0.018 0.018 0.015 0.021 0.023 0.008 0.196 0.14 0.025 0.033 0.038 0.016 0.03 0.046 0.006 0.02 0.247
40 V 0.054 0.022 0.017 0.018 0.015 0.017 0.023 0.023 0.019 0.162 0.122 0.027 0.029 0.065 0.016 0.03 0.04 0.012 0.107 0.182
41 L 0.044 0.023 0.014 0.015 0.016 0.016 0.02 0.021 0.01 0.138 0.351 0.025 0.047 0.053 0.014 0.024 0.034 0.007 0.022 0.107
42 T 0.088 0.037 0.048 0.042 0.017 0.03 0.045 0.053 0.016 0.043 0.055 0.049 0.018 0.022 0.028 0.15 0.18 0.006 0.017 0.058
43 F 0.039 0.019 0.017 0.017 0.012 0.011 0.019 0.025 0.016 0.077 0.115 0.02 0.026 0.342 0.011 0.026 0.029 0.015 0.078 0.086
44 L 0.116 0.026 0.017 0.019 0.018 0.019 0.026 0.037 0.011 0.094 0.289 0.03 0.04 0.045 0.018 0.041 0.038 0.007 0.021 0.087
45 L 0.051 0.023 0.015 0.016 0.017 0.016 0.021 0.022 0.009 0.128 0.309 0.025 0.044 0.049 0.015 0.026 0.038 0.007 0.022 0.147
46 F 0.115 0.027 0.021 0.022 0.015 0.021 0.029 0.041 0.02 0.065 0.114 0.033 0.063 0.151 0.018 0.046 0.037 0.013 0.083 0.068
47 G 0.071 0.027 0.033 0.03 0.014 0.021 0.03 0.176 0.014 0.055 0.145 0.035 0.025 0.082 0.019 0.09 0.045 0.007 0.027 0.054
48 L 0.054 0.025 0.016 0.018 0.017 0.019 0.023 0.024 0.011 0.147 0.225 0.028 0.076 0.045 0.015 0.03 0.04 0.007 0.022 0.157
49 Y 0.04 0.028 0.022 0.019 0.009 0.022 0.028 0.025 0.046 0.043 0.068 0.031 0.019 0.13 0.015 0.031 0.028 0.028 0.325 0.046
50 L 0.048 0.022 0.015 0.016 0.016 0.015 0.02 0.021 0.009 0.168 0.284 0.025 0.043 0.049 0.015 0.025 0.037 0.006 0.021 0.144
51 L 0.048 0.025 0.06 0.026 0.014 0.017 0.025 0.029 0.014 0.1 0.183 0.028 0.032 0.14 0.015 0.033 0.038 0.009 0.039 0.125
52 Q 0.055 0.073 0.044 0.047 0.009 0.222 0.102 0.041 0.029 0.026 0.047 0.09 0.02 0.015 0.023 0.055 0.041 0.006 0.02 0.035
53 K 0.053 0.176 0.04 0.038 0.008 0.052 0.065 0.04 0.021 0.026 0.044 0.238 0.015 0.016 0.025 0.05 0.038 0.005 0.017 0.032
54 N 0.042 0.128 0.169 0.159 0.008 0.036 0.062 0.05 0.025 0.022 0.034 0.07 0.012 0.017 0.02 0.057 0.041 0.005 0.015 0.027
55 K 0.054 0.147 0.041 0.039 0.008 0.052 0.067 0.041 0.021 0.027 0.043 0.259 0.015 0.016 0.026 0.051 0.038 0.005 0.017 0.032
56 L 0.046 0.024 0.017 0.025 0.015 0.02 0.055 0.022 0.011 0.186 0.232 0.03 0.038 0.044 0.016 0.028 0.036 0.006 0.02 0.126
57 F 0.063 0.024 0.025 0.025 0.015 0.018 0.028 0.034 0.014 0.107 0.105 0.03 0.026 0.168 0.017 0.078 0.047 0.01 0.045 0.122
58 P 0.054 0.056 0.029 0.033 0.009 0.033 0.047 0.037 0.02 0.028 0.042 0.132 0.013 0.028 0.263 0.045 0.036 0.007 0.054 0.033
59 K 0.061 0.066 0.033 0.032 0.013 0.036 0.049 0.038 0.016 0.066 0.139 0.16 0.026 0.028 0.023 0.065 0.044 0.006 0.019 0.08
60 N 0.058 0.039 0.183 0.058 0.013 0.029 0.043 0.054 0.023 0.042 0.085 0.048 0.018 0.024 0.022 0.089 0.103 0.005 0.017 0.048
61 F 0.039 0.102 0.022 0.02 0.011 0.02 0.027 0.026 0.016 0.107 0.109 0.045 0.025 0.213 0.014 0.03 0.031 0.011 0.053 0.078
62 G 0.049 0.022 0.023 0.021 0.012 0.016 0.022 0.147 0.021 0.101 0.093 0.026 0.022 0.146 0.015 0.033 0.03 0.014 0.112 0.075
63 V 0.07 0.025 0.023 0.022 0.019 0.019 0.027 0.029 0.009 0.135 0.112 0.03 0.028 0.032 0.019 0.047 0.101 0.006 0.02 0.227
64 Y 0.074 0.034 0.037 0.033 0.013 0.027 0.04 0.045 0.032 0.036 0.054 0.042 0.017 0.075 0.022 0.131 0.054 0.016 0.173 0.044
65 F 0.04 0.018 0.016 0.017 0.013 0.012 0.018 0.023 0.013 0.172 0.139 0.021 0.031 0.22 0.012 0.025 0.032 0.011 0.054 0.114
66 Y 0.048 0.029 0.027 0.023 0.011 0.023 0.03 0.029 0.038 0.045 0.067 0.034 0.019 0.102 0.018 0.046 0.085 0.022 0.25 0.052
67 L 0.051 0.02 0.015 0.017 0.017 0.015 0.019 0.021 0.009 0.21 0.211 0.024 0.038 0.044 0.015 0.026 0.04 0.006 0.021 0.181
68 V 0.065 0.022 0.021 0.021 0.016 0.017 0.023 0.147 0.01 0.114 0.167 0.027 0.03 0.035 0.016 0.035 0.04 0.006 0.018 0.17
69 L 0.082 0.031 0.034 0.032 0.017 0.024 0.037 0.044 0.014 0.084 0.149 0.039 0.028 0.033 0.022 0.13 0.061 0.006 0.019 0.114
70 F 0.04 0.018 0.016 0.017 0.013 0.012 0.018 0.023 0.013 0.172 0.139 0.021 0.031 0.22 0.012 0.025 0.032 0.011 0.054 0.114
71 F 0.055 0.024 0.025 0.025 0.014 0.017 0.027 0.034 0.015 0.109 0.108 0.028 0.025 0.214 0.016 0.077 0.043 0.011 0.053 0.081
72 L 0.054 0.021 0.016 0.017 0.016 0.015 0.021 0.024 0.011 0.125 0.188 0.024 0.034 0.13 0.014 0.028 0.039 0.009 0.038 0.177
73 L 0.044 0.028 0.019 0.018 0.013 0.022 0.026 0.024 0.029 0.075 0.178 0.03 0.065 0.09 0.015 0.03 0.032 0.018 0.175 0.069
74 L 0.042 0.021 0.015 0.016 0.015 0.014 0.019 0.022 0.011 0.143 0.262 0.023 0.04 0.137 0.013 0.024 0.033 0.009 0.038 0.104
75 G 0.06 0.024 0.028 0.026 0.012 0.019 0.024 0.272 0.015 0.05 0.091 0.03 0.054 0.119 0.016 0.04 0.031 0.009 0.033 0.048
76 F 0.039 0.02 0.015 0.016 0.013 0.012 0.019 0.023 0.013 0.13 0.194 0.021 0.034 0.222 0.012 0.025 0.031 0.012 0.054 0.094
77 E 0.051 0.054 0.113 0.077 0.008 0.097 0.191 0.043 0.028 0.023 0.037 0.073 0.014 0.016 0.023 0.058 0.04 0.005 0.017 0.031
78 L 0.044 0.022 0.014 0.016 0.016 0.015 0.019 0.021 0.01 0.156 0.33 0.025 0.046 0.051 0.014 0.024 0.034 0.007 0.022 0.115
79 Y 0.043 0.023 0.018 0.018 0.013 0.017 0.023 0.022 0.027 0.162 0.116 0.027 0.027 0.086 0.015 0.028 0.033 0.017 0.174 0.11
80 R 0.044 0.355 0.038 0.031 0.008 0.048 0.052 0.032 0.023 0.023 0.046 0.118 0.015 0.017 0.019 0.044 0.034 0.006 0.017 0.031
81 L 0.047 0.036 0.021 0.023 0.014 0.069 0.04 0.026 0.015 0.092 0.3 0.041 0.042 0.044 0.016 0.032 0.035 0.007 0.022 0.08
82 H 0.05 0.039 0.118 0.048 0.009 0.032 0.045 0.164 0.193 0.021 0.034 0.044 0.013 0.023 0.019 0.05 0.033 0.006 0.035 0.024
83 F 0.061 0.029 0.031 0.028 0.012 0.022 0.033 0.038 0.027 0.045 0.074 0.034 0.02 0.181 0.018 0.095 0.045 0.016 0.144 0.047
84 L 0.073 0.03 0.034 0.032 0.015 0.023 0.035 0.044 0.016 0.059 0.145 0.038 0.026 0.123 0.021 0.128 0.055 0.008 0.036 0.058
85 S 0.095 0.036 0.046 0.044 0.015 0.03 0.048 0.058 0.017 0.028 0.04 0.05 0.014 0.019 0.147 0.184 0.07 0.004 0.016 0.039
86 F 0.045 0.021 0.016 0.016 0.014 0.013 0.02 0.024 0.013 0.1 0.185 0.022 0.033 0.22 0.013 0.027 0.033 0.011 0.054 0.121
87 S 0.092 0.041 0.122 0.057 0.015 0.033 0.051 0.065 0.022 0.027 0.039 0.053 0.014 0.02 0.027 0.191 0.073 0.005 0.017 0.038
88 G 0.077 0.023 0.039 0.033 0.011 0.019 0.025 0.517 0.013 0.019 0.028 0.033 0.009 0.016 0.019 0.051 0.029 0.005 0.011 0.024
89 F 0.038 0.022 0.017 0.017 0.012 0.015 0.021 0.024 0.022 0.07 0.169 0.023 0.029 0.244 0.013 0.026 0.028 0.017 0.131 0.062
90 N 0.05 0.037 0.178 0.054 0.013 0.027 0.039 0.048 0.021 0.053 0.128 0.044 0.023 0.028 0.02 0.063 0.097 0.005 0.018 0.054
91 S 0.11 0.04 0.054 0.049 0.018 0.033 0.053 0.066 0.019 0.03 0.042 0.054 0.016 0.021 0.03 0.218 0.082 0.005 0.018 0.042
92 I 0.043 0.018 0.015 0.017 0.015 0.012 0.018 0.021 0.011 0.227 0.152 0.022 0.033 0.132 0.013 0.025 0.036 0.009 0.037 0.144
93 L 0.063 0.053 0.109 0.046 0.013 0.034 0.047 0.048 0.02 0.048 0.125 0.105 0.023 0.027 0.023 0.094 0.05 0.005 0.018 0.049
94 D 0.058 0.036 0.129 0.236 0.01 0.031 0.07 0.055 0.022 0.024 0.032 0.049 0.011 0.017 0.023 0.101 0.05 0.004 0.014 0.029
95 A 0.184 0.047 0.032 0.033 0.015 0.03 0.044 0.179 0.016 0.033 0.047 0.102 0.015 0.018 0.026 0.068 0.042 0.005 0.016 0.048
96 L 0.044 0.022 0.014 0.016 0.016 0.015 0.019 0.021 0.01 0.156 0.33 0.025 0.046 0.051 0.014 0.024 0.034 0.007 0.022 0.115
97 N 0.059 0.032 0.104 0.041 0.013 0.025 0.036 0.044 0.026 0.094 0.076 0.04 0.02 0.053 0.02 0.089 0.049 0.011 0.095 0.072
98 L 0.042 0.03 0.026 0.022 0.012 0.023 0.03 0.026 0.108 0.073 0.219 0.031 0.033 0.067 0.016 0.03 0.03 0.012 0.107 0.065
99 E 0.049 0.042 0.105 0.069 0.01 0.044 0.171 0.039 0.023 0.045 0.122 0.057 0.021 0.026 0.021 0.05 0.039 0.006 0.018 0.046
100 R 0.05 0.23 0.04 0.036 0.008 0.05 0.061 0.037 0.022 0.025 0.044 0.204 0.015 0.016 0.023 0.048 0.037 0.005 0.017 0.031
101 N 0.058 0.039 0.182 0.058 0.011 0.03 0.044 0.055 0.032 0.029 0.043 0.048 0.014 0.046 0.021 0.1 0.051 0.01 0.094 0.035
102 F 0.035 0.021 0.018 0.017 0.01 0.013 0.021 0.025 0.024 0.058 0.101 0.022 0.023 0.329 0.012 0.026 0.026 0.019 0.148 0.052
103 F 0.119 0.027 0.028 0.028 0.015 0.02 0.032 0.048 0.017 0.049 0.081 0.034 0.021 0.208 0.02 0.091 0.045 0.011 0.052 0.054
104 Y 0.038 0.025 0.02 0.018 0.009 0.019 0.025 0.025 0.039 0.048 0.079 0.028 0.02 0.196 0.014 0.029 0.027 0.025 0.268 0.048
105 L 0.047 0.023 0.016 0.017 0.016 0.017 0.021 0.022 0.011 0.194 0.227 0.027 0.074 0.047 0.015 0.027 0.038 0.007 0.022 0.133
106 L 0.044 0.024 0.014 0.015 0.016 0.016 0.02 0.021 0.01 0.114 0.385 0.025 0.049 0.054 0.014 0.024 0.033 0.007 0.022 0.095
107 L 0.044 0.024 0.014 0.015 0.016 0.016 0.02 0.021 0.01 0.114 0.385 0.025 0.049 0.054 0.014 0.024 0.033 0.007 0.022 0.095
108 T 0.065 0.027 0.029 0.027 0.017 0.021 0.03 0.033 0.011 0.137 0.106 0.035 0.027 0.031 0.021 0.06 0.151 0.006 0.019 0.148
109 F 0.042 0.025 0.018 0.018 0.013 0.019 0.023 0.026 0.016 0.081 0.153 0.027 0.099 0.222 0.013 0.03 0.032 0.012 0.056 0.073
110 P 0.056 0.025 0.023 0.031 0.01 0.02 0.036 0.036 0.013 0.025 0.036 0.041 0.01 0.013 0.501 0.043 0.036 0.003 0.013 0.031
111 I 0.048 0.021 0.016 0.018 0.016 0.017 0.02 0.022 0.01 0.236 0.173 0.026 0.07 0.045 0.015 0.027 0.039 0.006 0.021 0.153
112 F 0.062 0.028 0.032 0.03 0.014 0.02 0.032 0.04 0.016 0.052 0.083 0.034 0.021 0.209 0.019 0.093 0.097 0.011 0.052 0.055
113 E 0.054 0.049 0.04 0.089 0.007 0.064 0.307 0.034 0.025 0.022 0.036 0.074 0.013 0.016 0.025 0.054 0.036 0.005 0.016 0.031
114 L 0.051 0.02 0.015 0.017 0.017 0.015 0.019 0.021 0.009 0.21 0.211 0.024 0.038 0.044 0.015 0.026 0.04 0.006 0.021 0.181
115 L 0.044 0.024 0.014 0.015 0.016 0.016 0.02 0.021 0.01 0.114 0.385 0.025 0.049 0.054 0.014 0.024 0.033 0.007 0.022 0.095
116 K 0.117 0.073 0.037 0.05 0.011 0.049 0.122 0.049 0.02 0.03 0.045 0.174 0.015 0.017 0.027 0.061 0.041 0.005 0.017 0.041
117 P 0.073 0.051 0.04 0.039 0.013 0.033 0.049 0.047 0.016 0.034 0.046 0.107 0.015 0.018 0.146 0.105 0.103 0.005 0.016 0.044
118 A 0.294 0.031 0.025 0.03 0.021 0.025 0.04 0.078 0.015 0.043 0.059 0.044 0.017 0.021 0.03 0.085 0.05 0.005 0.017 0.068
119 K 0.057 0.106 0.041 0.041 0.009 0.053 0.07 0.043 0.021 0.027 0.043 0.283 0.015 0.015 0.027 0.053 0.039 0.005 0.017 0.033
120 K 0.049 0.148 0.035 0.033 0.008 0.044 0.055 0.036 0.027 0.03 0.05 0.182 0.016 0.044 0.022 0.045 0.035 0.011 0.095 0.035
121 R 0.127 0.133 0.039 0.037 0.014 0.04 0.053 0.054 0.019 0.03 0.047 0.126 0.016 0.019 0.026 0.103 0.051 0.005 0.017 0.043
122 L 0.052 0.034 0.101 0.038 0.015 0.026 0.034 0.039 0.018 0.072 0.168 0.04 0.063 0.036 0.019 0.055 0.095 0.006 0.02 0.071
123 N 0.047 0.053 0.177 0.056 0.011 0.033 0.046 0.048 0.023 0.088 0.068 0.105 0.018 0.024 0.02 0.054 0.044 0.005 0.017 0.065
124 F 0.033 0.019 0.017 0.017 0.01 0.01 0.019 0.025 0.017 0.062 0.113 0.019 0.025 0.396 0.01 0.025 0.025 0.017 0.087 0.054
125 L 0.045 0.021 0.014 0.016 0.016 0.015 0.019 0.021 0.009 0.198 0.275 0.024 0.043 0.049 0.014 0.024 0.036 0.006 0.021 0.134
126 K 0.05 0.152 0.112 0.049 0.008 0.047 0.06 0.045 0.024 0.025 0.04 0.187 0.014 0.016 0.023 0.055 0.04 0.005 0.017 0.03
127 N 0.049 0.039 0.249 0.066 0.011 0.029 0.042 0.054 0.025 0.057 0.055 0.046 0.016 0.022 0.019 0.06 0.049 0.005 0.017 0.09
128 I 0.052 0.018 0.015 0.017 0.017 0.014 0.019 0.021 0.009 0.252 0.156 0.024 0.035 0.041 0.015 0.027 0.042 0.006 0.02 0.2
129 F 0.052 0.021 0.018 0.017 0.132 0.015 0.021 0.026 0.02 0.078 0.093 0.024 0.023 0.145 0.015 0.032 0.034 0.013 0.112 0.109
130 Y 0.047 0.026 0.02 0.018 0.012 0.02 0.026 0.024 0.037 0.073 0.083 0.029 0.022 0.105 0.016 0.031 0.033 0.022 0.251 0.104
131 I 0.044 0.021 0.016 0.018 0.015 0.016 0.02 0.023 0.012 0.181 0.159 0.025 0.068 0.133 0.014 0.027 0.036 0.009 0.038 0.123
132 G 0.077 0.023 0.039 0.033 0.011 0.019 0.025 0.517 0.013 0.019 0.028 0.033 0.009 0.016 0.019 0.051 0.029 0.005 0.011 0.024
133 L 0.051 0.022 0.015 0.016 0.017 0.015 0.02 0.022 0.009 0.168 0.266 0.025 0.041 0.047 0.015 0.026 0.038 0.006 0.021 0.161
134 L 0.115 0.023 0.017 0.02 0.018 0.018 0.025 0.036 0.01 0.15 0.184 0.029 0.033 0.038 0.018 0.041 0.042 0.006 0.02 0.154
135 A 0.179 0.025 0.02 0.023 0.019 0.02 0.03 0.05 0.011 0.132 0.103 0.034 0.025 0.03 0.022 0.056 0.047 0.005 0.019 0.147
136 L 0.044 0.022 0.014 0.016 0.016 0.015 0.019 0.021 0.01 0.156 0.33 0.025 0.046 0.051 0.014 0.024 0.034 0.007 0.022 0.115
137 L 0.051 0.02 0.015 0.017 0.017 0.015 0.019 0.021 0.009 0.21 0.211 0.024 0.038 0.044 0.015 0.026 0.04 0.006 0.021 0.181
138 F 0.039 0.02 0.015 0.016 0.013 0.012 0.019 0.023 0.013 0.13 0.194 0.021 0.034 0.222 0.012 0.025 0.031 0.012 0.054 0.094
139 R 0.044 0.355 0.038 0.031 0.008 0.048 0.052 0.032 0.023 0.023 0.046 0.118 0.015 0.017 0.019 0.044 0.034 0.006 0.017 0.031
140 F 0.062 0.028 0.032 0.03 0.014 0.02 0.032 0.04 0.016 0.052 0.083 0.034 0.021 0.209 0.019 0.093 0.097 0.011 0.052 0.055
141 F 0.055 0.024 0.025 0.025 0.014 0.017 0.027 0.034 0.015 0.109 0.108 0.028 0.025 0.214 0.016 0.077 0.043 0.011 0.053 0.081
142 I 0.116 0.022 0.018 0.02 0.018 0.017 0.024 0.036 0.01 0.192 0.129 0.029 0.03 0.036 0.019 0.041 0.044 0.006 0.02 0.174
143 W 0.03 0.022 0.015 0.015 0.007 0.015 0.022 0.03 0.015 0.03 0.052 0.022 0.015 0.06 0.007 0.022 0.022 0.5 0.067 0.03
144 F 0.04 0.023 0.017 0.017 0.013 0.016 0.021 0.025 0.015 0.084 0.201 0.024 0.068 0.223 0.013 0.027 0.031 0.012 0.055 0.074
145 L 0.06 0.028 0.024 0.023 0.016 0.02 0.028 0.032 0.012 0.093 0.299 0.032 0.041 0.046 0.018 0.076 0.045 0.007 0.021 0.081
146 F 0.037 0.023 0.019 0.018 0.01 0.016 0.023 0.025 0.031 0.053 0.09 0.025 0.022 0.262 0.013 0.028 0.026 0.022 0.208 0.05
147 N 0.042 0.044 0.327 0.082 0.009 0.033 0.049 0.064 0.031 0.022 0.031 0.053 0.011 0.018 0.02 0.069 0.049 0.004 0.015 0.027
148 K 0.052 0.086 0.036 0.035 0.009 0.045 0.059 0.038 0.027 0.031 0.049 0.224 0.016 0.044 0.024 0.047 0.036 0.011 0.095 0.036
149 L 0.104 0.025 0.019 0.02 0.014 0.018 0.027 0.037 0.022 0.065 0.156 0.03 0.027 0.15 0.017 0.041 0.034 0.014 0.114 0.066
150 G 0.069 0.106 0.038 0.033 0.01 0.026 0.032 0.396 0.016 0.02 0.032 0.055 0.011 0.016 0.019 0.049 0.031 0.005 0.012 0.026
151 L 0.047 0.023 0.016 0.017 0.016 0.017 0.021 0.022 0.011 0.194 0.227 0.027 0.074 0.047 0.015 0.027 0.038 0.007 0.022 0.133
152 N 0.042 0.044 0.327 0.082 0.009 0.033 0.049 0.064 0.031 0.022 0.031 0.053 0.011 0.018 0.02 0.069 0.049 0.004 0.015 0.027
153 I 0.052 0.018 0.015 0.017 0.017 0.014 0.019 0.021 0.009 0.252 0.156 0.024 0.035 0.041 0.015 0.027 0.042 0.006 0.02 0.2
154 A 0.176 0.031 0.023 0.025 0.019 0.026 0.034 0.052 0.015 0.071 0.126 0.04 0.095 0.034 0.023 0.06 0.044 0.007 0.02 0.079
155 P 0.056 0.025 0.023 0.031 0.01 0.02 0.036 0.036 0.013 0.025 0.036 0.041 0.01 0.013 0.501 0.043 0.036 0.003 0.013 0.031
156 G 0.077 0.023 0.039 0.033 0.011 0.019 0.025 0.517 0.013 0.019 0.028 0.033 0.009 0.016 0.019 0.051 0.029 0.005 0.011 0.024
157 L 0.043 0.023 0.016 0.016 0.014 0.017 0.021 0.022 0.019 0.138 0.251 0.026 0.038 0.07 0.014 0.026 0.033 0.012 0.098 0.102
158 F 0.037 0.018 0.016 0.017 0.012 0.011 0.018 0.024 0.015 0.117 0.126 0.02 0.028 0.308 0.011 0.025 0.029 0.014 0.071 0.084
159 E 0.054 0.049 0.04 0.089 0.007 0.064 0.307 0.034 0.025 0.022 0.036 0.074 0.013 0.016 0.025 0.054 0.036 0.005 0.016 0.031
160 V 0.06 0.027 0.022 0.035 0.015 0.027 0.093 0.026 0.013 0.157 0.115 0.037 0.028 0.033 0.018 0.036 0.043 0.006 0.019 0.191
161 R 0.045 0.197 0.037 0.03 0.01 0.04 0.046 0.033 0.107 0.042 0.081 0.079 0.055 0.028 0.018 0.041 0.034 0.007 0.029 0.044
162 G 0.077 0.023 0.039 0.033 0.011 0.019 0.025 0.517 0.013 0.019 0.028 0.033 0.009 0.016 0.019 0.051 0.029 0.005 0.011 0.024
163 Y 0.046 0.024 0.019 0.018 0.012 0.017 0.024 0.025 0.029 0.078 0.094 0.026 0.023 0.172 0.014 0.03 0.032 0.019 0.191 0.106
164 N 0.107 0.041 0.252 0.069 0.012 0.031 0.046 0.067 0.027 0.027 0.038 0.051 0.013 0.019 0.022 0.072 0.049 0.005 0.016 0.037
165 W 0.03 0.022 0.015 0.015 0.007 0.015 0.022 0.03 0.015 0.03 0.052 0.022 0.015 0.06 0.007 0.022 0.022 0.5 0.067 0.03
166 T 0.129 0.034 0.038 0.035 0.018 0.027 0.039 0.051 0.014 0.05 0.063 0.045 0.019 0.023 0.028 0.089 0.206 0.006 0.017 0.069
167 R 0.043 0.2 0.045 0.034 0.008 0.043 0.052 0.035 0.194 0.023 0.042 0.082 0.015 0.024 0.019 0.043 0.03 0.007 0.037 0.027
168 G 0.078 0.023 0.039 0.034 0.011 0.019 0.026 0.511 0.013 0.019 0.028 0.034 0.009 0.016 0.019 0.051 0.03 0.005 0.011 0.024
169 N 0.05 0.035 0.178 0.054 0.009 0.027 0.038 0.168 0.03 0.026 0.039 0.043 0.012 0.045 0.018 0.055 0.039 0.01 0.092 0.031
170 G 0.077 0.023 0.039 0.033 0.011 0.019 0.025 0.517 0.013 0.019 0.028 0.033 0.009 0.016 0.019 0.051 0.029 0.005 0.011 0.024
171 Y 0.112 0.027 0.021 0.021 0.015 0.021 0.03 0.038 0.029 0.073 0.08 0.033 0.021 0.079 0.019 0.044 0.038 0.016 0.173 0.11
172 V 0.079 0.026 0.026 0.025 0.018 0.02 0.03 0.035 0.011 0.129 0.107 0.033 0.027 0.032 0.02 0.082 0.057 0.005 0.02 0.22
173 R 0.044 0.355 0.038 0.031 0.008 0.048 0.052 0.032 0.023 0.023 0.046 0.118 0.015 0.017 0.019 0.044 0.034 0.006 0.017 0.031
174 L 0.044 0.024 0.014 0.015 0.016 0.016 0.02 0.021 0.01 0.114 0.385 0.025 0.049 0.054 0.014 0.024 0.033 0.007 0.022 0.095
175 P 0.06 0.051 0.038 0.04 0.011 0.125 0.069 0.04 0.021 0.033 0.048 0.066 0.018 0.016 0.144 0.061 0.094 0.005 0.018 0.043
176 G 0.133 0.025 0.035 0.032 0.013 0.02 0.029 0.407 0.014 0.025 0.036 0.036 0.011 0.017 0.021 0.059 0.034 0.005 0.012 0.035
177 T 0.065 0.032 0.036 0.031 0.017 0.024 0.034 0.037 0.013 0.068 0.144 0.04 0.027 0.031 0.024 0.074 0.201 0.006 0.019 0.076
178 F 0.033 0.019 0.017 0.017 0.01 0.01 0.019 0.025 0.017 0.062 0.113 0.019 0.025 0.396 0.01 0.025 0.025 0.017 0.087 0.054
179 L 0.044 0.024 0.014 0.015 0.016 0.016 0.02 0.021 0.01 0.114 0.385 0.025 0.049 0.054 0.014 0.024 0.033 0.007 0.022 0.095
180 D 0.04 0.029 0.068 0.406 0.007 0.029 0.09 0.046 0.018 0.022 0.028 0.044 0.009 0.015 0.022 0.051 0.035 0.004 0.011 0.024
181 G 0.068 0.028 0.111 0.045 0.01 0.022 0.031 0.404 0.018 0.02 0.029 0.038 0.01 0.016 0.019 0.055 0.034 0.005 0.012 0.025
182 L 0.042 0.026 0.018 0.017 0.013 0.019 0.024 0.023 0.028 0.078 0.226 0.028 0.034 0.091 0.015 0.027 0.03 0.017 0.175 0.07
183 V 0.063 0.021 0.016 0.018 0.018 0.015 0.022 0.023 0.008 0.192 0.138 0.025 0.032 0.037 0.016 0.03 0.046 0.006 0.02 0.253
184 F 0.037 0.023 0.017 0.016 0.011 0.016 0.022 0.025 0.022 0.062 0.154 0.024 0.027 0.16 0.012 0.026 0.027 0.138 0.126 0.056
185 T 0.128 0.031 0.032 0.03 0.019 0.024 0.035 0.047 0.012 0.077 0.079 0.04 0.022 0.026 0.025 0.075 0.153 0.006 0.018 0.122
186 Y 0.041 0.026 0.02 0.018 0.011 0.02 0.025 0.025 0.031 0.062 0.11 0.029 0.059 0.175 0.014 0.031 0.03 0.02 0.192 0.059
187 F 0.103 0.023 0.018 0.019 0.015 0.016 0.024 0.037 0.014 0.07 0.167 0.027 0.029 0.217 0.016 0.039 0.033 0.011 0.054 0.068
188 G 0.06 0.023 0.026 0.024 0.013 0.017 0.023 0.269 0.012 0.066 0.206 0.029 0.029 0.035 0.016 0.037 0.031 0.006 0.016 0.059
189 I 0.048 0.017 0.015 0.017 0.133 0.012 0.017 0.024 0.01 0.168 0.127 0.021 0.028 0.126 0.014 0.029 0.035 0.008 0.035 0.115
190 K 0.056 0.106 0.041 0.041 0.008 0.053 0.07 0.043 0.02 0.027 0.043 0.289 0.015 0.015 0.027 0.053 0.039 0.005 0.017 0.032
191 L 0.044 0.022 0.014 0.016 0.016 0.015 0.019 0.021 0.01 0.156 0.33 0.025 0.046 0.051 0.014 0.024 0.034 0.007 0.022 0.115
192 F 0.039 0.02 0.015 0.016 0.013 0.012 0.019 0.023 0.013 0.13 0.194 0.021 0.034 0.222 0.012 0.025 0.031 0.012 0.054 0.094
193 K 0.054 0.083 0.034 0.035 0.01 0.043 0.057 0.037 0.017 0.091 0.073 0.222 0.021 0.022 0.024 0.046 0.039 0.005 0.018 0.068
194 S 0.086 0.041 0.047 0.056 0.015 0.039 0.112 0.052 0.019 0.033 0.046 0.056 0.016 0.02 0.028 0.152 0.114 0.005 0.017 0.046
195 D 0.055 0.051 0.041 0.138 0.011 0.04 0.122 0.037 0.018 0.058 0.059 0.108 0.017 0.02 0.023 0.048 0.04 0.005 0.016 0.092
196 S 0.092 0.036 0.043 0.04 0.017 0.029 0.044 0.054 0.017 0.05 0.127 0.046 0.024 0.029 0.025 0.18 0.069 0.006 0.018 0.055
197 V 0.052 0.022 0.017 0.018 0.015 0.017 0.023 0.023 0.021 0.162 0.121 0.027 0.029 0.069 0.015 0.029 0.039 0.013 0.122 0.166
198 K 0.059 0.085 0.035 0.035 0.011 0.044 0.058 0.038 0.017 0.061 0.064 0.223 0.019 0.02 0.024 0.048 0.042 0.005 0.018 0.094
199 D 0.046 0.035 0.112 0.149 0.01 0.035 0.116 0.041 0.021 0.087 0.065 0.049 0.017 0.023 0.02 0.05 0.04 0.005 0.016 0.064
200 R 0.05 0.23 0.04 0.036 0.008 0.05 0.061 0.037 0.022 0.025 0.044 0.204 0.015 0.016 0.023 0.048 0.037 0.005 0.017 0.031
201 V 0.122 0.026 0.025 0.025 0.018 0.02 0.03 0.041 0.011 0.135 0.104 0.034 0.026 0.031 0.022 0.058 0.099 0.006 0.019 0.148
202 R 0.059 0.194 0.038 0.032 0.01 0.037 0.046 0.039 0.028 0.03 0.05 0.08 0.016 0.046 0.021 0.088 0.044 0.011 0.095 0.037
203 N 0.041 0.036 0.174 0.05 0.009 0.027 0.038 0.044 0.039 0.033 0.049 0.042 0.015 0.073 0.018 0.05 0.038 0.016 0.172 0.036
204 G 0.076 0.029 0.037 0.034 0.015 0.023 0.033 0.161 0.014 0.096 0.075 0.039 0.02 0.026 0.022 0.099 0.102 0.006 0.016 0.077
205 L 0.067 0.026 0.025 0.025 0.017 0.02 0.028 0.033 0.011 0.147 0.18 0.032 0.033 0.038 0.018 0.078 0.05 0.006 0.02 0.147
206 L 0.051 0.02 0.015 0.017 0.017 0.015 0.019 0.021 0.009 0.21 0.211 0.024 0.038 0.044 0.015 0.026 0.04 0.006 0.021 0.181
207 I 0.046 0.019 0.014 0.017 0.016 0.014 0.018 0.02 0.009 0.24 0.22 0.024 0.039 0.046 0.014 0.024 0.038 0.006 0.021 0.154
208 L 0.056 0.022 0.021 0.021 0.014 0.015 0.022 0.147 0.012 0.089 0.163 0.026 0.029 0.125 0.015 0.033 0.034 0.009 0.035 0.113
209 F 0.039 0.02 0.015 0.016 0.013 0.012 0.019 0.023 0.013 0.13 0.194 0.021 0.034 0.222 0.012 0.025 0.031 0.012 0.054 0.094
210 L 0.058 0.027 0.023 0.022 0.135 0.021 0.026 0.031 0.012 0.077 0.177 0.031 0.064 0.036 0.018 0.048 0.092 0.006 0.019 0.078
211 L 0.039 0.021 0.015 0.016 0.013 0.013 0.019 0.023 0.013 0.088 0.249 0.022 0.037 0.225 0.012 0.024 0.029 0.012 0.055 0.074
212 F 0.036 0.02 0.016 0.016 0.012 0.012 0.019 0.024 0.015 0.075 0.181 0.02 0.031 0.31 0.011 0.025 0.027 0.014 0.071 0.064
213 Y 0.04 0.028 0.021 0.018 0.009 0.021 0.028 0.025 0.046 0.043 0.067 0.031 0.018 0.129 0.015 0.031 0.028 0.028 0.328 0.046
214 S 0.143 0.04 0.043 0.054 0.016 0.039 0.113 0.061 0.019 0.031 0.044 0.056 0.015 0.02 0.028 0.15 0.062 0.005 0.017 0.045
215 G 0.113 0.025 0.025 0.024 0.013 0.019 0.028 0.161 0.023 0.042 0.067 0.032 0.017 0.141 0.018 0.048 0.033 0.014 0.111 0.048
216 E 0.056 0.034 0.028 0.053 0.012 0.039 0.164 0.028 0.017 0.122 0.092 0.049 0.023 0.028 0.02 0.041 0.04 0.006 0.018 0.129
217 V 0.063 0.021 0.016 0.018 0.018 0.015 0.022 0.023 0.008 0.192 0.138 0.025 0.032 0.037 0.016 0.03 0.046 0.006 0.02 0.253
218 Y 0.038 0.025 0.02 0.018 0.009 0.019 0.025 0.025 0.039 0.048 0.079 0.028 0.02 0.196 0.014 0.029 0.027 0.025 0.268 0.048
219 S 0.139 0.035 0.05 0.133 0.016 0.03 0.058 0.063 0.018 0.031 0.042 0.049 0.014 0.019 0.027 0.15 0.061 0.005 0.016 0.044
220 S 0.108 0.04 0.053 0.048 0.017 0.033 0.052 0.065 0.019 0.029 0.041 0.053 0.015 0.021 0.029 0.231 0.081 0.005 0.017 0.041
221 R 0.044 0.355 0.038 0.031 0.008 0.048 0.052 0.032 0.023 0.023 0.046 0.118 0.015 0.017 0.019 0.044 0.034 0.006 0.017 0.031
222 S 0.156 0.037 0.046 0.043 0.018 0.031 0.049 0.068 0.018 0.033 0.046 0.051 0.016 0.021 0.029 0.195 0.073 0.005 0.017 0.048
223 Q 0.055 0.072 0.043 0.046 0.009 0.226 0.101 0.041 0.029 0.026 0.046 0.09 0.02 0.014 0.023 0.055 0.041 0.006 0.02 0.035
224 L 0.047 0.034 0.021 0.023 0.014 0.068 0.04 0.026 0.014 0.134 0.245 0.041 0.039 0.041 0.016 0.032 0.036 0.006 0.021 0.1
225 I 0.046 0.017 0.014 0.017 0.016 0.013 0.017 0.02 0.009 0.282 0.165 0.023 0.036 0.044 0.014 0.025 0.039 0.006 0.02 0.174
226 C 0.126 0.021 0.024 0.024 0.254 0.017 0.024 0.165 0.011 0.037 0.054 0.029 0.015 0.019 0.02 0.054 0.038 0.005 0.013 0.051
227 Y 0.038 0.025 0.02 0.018 0.009 0.019 0.025 0.025 0.039 0.048 0.079 0.028 0.02 0.196 0.014 0.029 0.027 0.025 0.268 0.048
228 L 0.06 0.028 0.024 0.023 0.016 0.02 0.028 0.032 0.012 0.093 0.299 0.032 0.041 0.046 0.018 0.076 0.045 0.007 0.021 0.081
229 L 0.051 0.02 0.015 0.017 0.017 0.015 0.019 0.021 0.009 0.21 0.211 0.024 0.038 0.044 0.015 0.026 0.04 0.006 0.021 0.181
230 V 0.075 0.032 0.033 0.031 0.017 0.026 0.035 0.04 0.014 0.086 0.107 0.04 0.06 0.032 0.022 0.098 0.107 0.006 0.02 0.12
231 L 0.042 0.021 0.015 0.016 0.015 0.014 0.019 0.022 0.011 0.143 0.262 0.023 0.04 0.137 0.013 0.024 0.033 0.009 0.038 0.104
232 L 0.051 0.022 0.015 0.016 0.017 0.015 0.02 0.022 0.009 0.168 0.266 0.025 0.041 0.047 0.015 0.026 0.038 0.006 0.021 0.161
233 V 0.126 0.022 0.018 0.02 0.138 0.017 0.025 0.039 0.01 0.103 0.095 0.029 0.024 0.028 0.019 0.047 0.046 0.005 0.017 0.171
234 L 0.042 0.019 0.015 0.017 0.015 0.013 0.018 0.022 0.011 0.185 0.207 0.023 0.037 0.134 0.013 0.025 0.034 0.009 0.038 0.124
235 Y 0.042 0.025 0.02 0.018 0.011 0.019 0.025 0.023 0.037 0.103 0.092 0.029 0.023 0.108 0.015 0.029 0.03 0.022 0.251 0.078
236 L 0.045 0.021 0.014 0.016 0.016 0.015 0.019 0.021 0.009 0.198 0.275 0.024 0.043 0.049 0.014 0.024 0.036 0.006 0.021 0.134
237 W 0.037 0.022 0.015 0.016 0.012 0.015 0.021 0.025 0.012 0.114 0.164 0.023 0.029 0.054 0.011 0.023 0.029 0.253 0.044 0.082
238 N 0.052 0.054 0.178 0.056 0.011 0.034 0.048 0.049 0.023 0.058 0.058 0.105 0.017 0.021 0.021 0.056 0.046 0.005 0.017 0.091
239 S 0.092 0.041 0.122 0.057 0.015 0.033 0.051 0.065 0.022 0.027 0.039 0.053 0.014 0.02 0.027 0.191 0.073 0.005 0.017 0.038
240 K 0.052 0.087 0.048 0.132 0.008 0.047 0.075 0.043 0.02 0.026 0.039 0.228 0.014 0.015 0.026 0.052 0.038 0.005 0.016 0.03
241 N 0.049 0.038 0.191 0.152 0.011 0.031 0.057 0.054 0.024 0.03 0.038 0.049 0.013 0.018 0.022 0.07 0.097 0.005 0.015 0.037
242 K 0.047 0.063 0.028 0.028 0.011 0.033 0.045 0.033 0.017 0.058 0.146 0.155 0.026 0.12 0.02 0.039 0.034 0.008 0.036 0.053
243 L 0.047 0.044 0.021 0.021 0.014 0.025 0.032 0.026 0.013 0.092 0.299 0.091 0.04 0.044 0.017 0.031 0.034 0.007 0.021 0.079
244 D 0.058 0.04 0.125 0.143 0.01 0.033 0.061 0.053 0.108 0.024 0.034 0.049 0.013 0.021 0.023 0.098 0.048 0.005 0.025 0.029
245 K 0.121 0.069 0.037 0.037 0.014 0.039 0.055 0.051 0.017 0.037 0.052 0.167 0.017 0.019 0.028 0.07 0.096 0.005 0.017 0.051
246 L 0.112 0.027 0.025 0.024 0.016 0.02 0.029 0.041 0.014 0.068 0.155 0.033 0.028 0.124 0.02 0.056 0.091 0.009 0.036 0.072
247 L 0.041 0.023 0.015 0.015 0.015 0.015 0.02 0.022 0.012 0.101 0.317 0.023 0.043 0.139 0.013 0.024 0.031 0.009 0.038 0.085
248 D 0.062 0.055 0.122 0.144 0.01 0.037 0.065 0.055 0.022 0.025 0.036 0.11 0.013 0.017 0.025 0.101 0.051 0.005 0.015 0.031
249 C 0.058 0.018 0.016 0.017 0.253 0.013 0.018 0.028 0.01 0.078 0.092 0.021 0.022 0.118 0.015 0.034 0.036 0.008 0.033 0.112
250 L 0.047 0.022 0.015 0.016 0.015 0.015 0.02 0.023 0.011 0.113 0.253 0.024 0.038 0.135 0.014 0.026 0.035 0.009 0.038 0.131
251 G 0.066 0.026 0.031 0.028 0.014 0.019 0.029 0.157 0.015 0.056 0.142 0.033 0.025 0.122 0.018 0.083 0.042 0.009 0.034 0.054
252 G 0.125 0.025 0.029 0.028 0.015 0.02 0.028 0.283 0.013 0.048 0.125 0.034 0.021 0.027 0.02 0.052 0.035 0.006 0.015 0.053
253 L 0.061 0.026 0.024 0.024 0.016 0.019 0.027 0.032 0.012 0.135 0.244 0.032 0.037 0.043 0.018 0.076 0.046 0.006 0.02 0.101
254 L 0.115 0.023 0.017 0.02 0.018 0.018 0.025 0.036 0.01 0.15 0.184 0.029 0.033 0.038 0.018 0.041 0.042 0.006 0.02 0.154
255 L 0.109 0.024 0.017 0.019 0.017 0.018 0.024 0.035 0.011 0.138 0.248 0.029 0.038 0.043 0.018 0.039 0.039 0.006 0.02 0.108
256 V 0.083 0.03 0.034 0.033 0.017 0.024 0.036 0.044 0.014 0.126 0.094 0.039 0.025 0.03 0.022 0.13 0.062 0.005 0.019 0.134
257 L 0.046 0.025 0.018 0.02 0.013 0.019 0.025 0.027 0.014 0.075 0.182 0.03 0.064 0.128 0.135 0.032 0.033 0.009 0.036 0.068
258 I 0.11 0.021 0.017 0.02 0.017 0.016 0.023 0.035 0.01 0.222 0.139 0.028 0.032 0.038 0.018 0.039 0.042 0.006 0.02 0.148
259 I 0.046 0.019 0.014 0.017 0.016 0.014 0.018 0.02 0.009 0.24 0.22 0.024 0.039 0.046 0.014 0.024 0.038 0.006 0.021 0.154
260 L 0.039 0.021 0.015 0.016 0.013 0.013 0.019 0.023 0.013 0.088 0.249 0.022 0.037 0.225 0.012 0.024 0.029 0.012 0.055 0.074
261 L 0.046 0.124 0.106 0.043 0.01 0.081 0.055 0.04 0.023 0.046 0.127 0.072 0.024 0.026 0.019 0.048 0.039 0.006 0.019 0.047
262 L 0.068 0.027 0.03 0.028 0.015 0.021 0.029 0.156 0.013 0.069 0.21 0.034 0.031 0.036 0.019 0.082 0.044 0.006 0.018 0.064
263 P 0.052 0.03 0.099 0.043 0.01 0.024 0.039 0.043 0.017 0.025 0.035 0.044 0.01 0.014 0.381 0.05 0.039 0.003 0.013 0.03
264 Y 0.05 0.027 0.02 0.019 0.013 0.022 0.026 0.025 0.029 0.087 0.114 0.031 0.06 0.085 0.016 0.032 0.036 0.017 0.175 0.116
265 L 0.114 0.029 0.026 0.025 0.016 0.022 0.032 0.041 0.021 0.063 0.144 0.036 0.026 0.057 0.021 0.057 0.092 0.011 0.096 0.07
266 K 0.052 0.076 0.112 0.063 0.008 0.051 0.124 0.046 0.024 0.025 0.038 0.176 0.014 0.016 0.025 0.057 0.041 0.005 0.016 0.031
267 K 0.053 0.09 0.112 0.051 0.009 0.048 0.064 0.048 0.023 0.026 0.04 0.23 0.014 0.016 0.025 0.057 0.042 0.005 0.017 0.031
268 F 0.036 0.02 0.016 0.016 0.012 0.012 0.019 0.024 0.015 0.075 0.181 0.02 0.031 0.31 0.011 0.025 0.027 0.014 0.071 0.064
269 I 0.052 0.018 0.015 0.017 0.017 0.014 0.019 0.021 0.009 0.252 0.156 0.024 0.035 0.041 0.015 0.027 0.042 0.006 0.02 0.2
270 D 0.123 0.036 0.118 0.141 0.014 0.03 0.058 0.063 0.021 0.029 0.04 0.049 0.013 0.019 0.025 0.109 0.053 0.005 0.015 0.04
271 S 0.099 0.038 0.051 0.045 0.017 0.031 0.048 0.06 0.018 0.035 0.047 0.051 0.016 0.021 0.029 0.196 0.125 0.005 0.017 0.048
272 F 0.033 0.019 0.017 0.017 0.01 0.01 0.019 0.025 0.017 0.062 0.113 0.019 0.025 0.396 0.01 0.025 0.025 0.017 0.087 0.054
273 S 0.108 0.04 0.053 0.048 0.017 0.033 0.052 0.065 0.019 0.029 0.041 0.053 0.015 0.021 0.029 0.231 0.081 0.005 0.017 0.041
274 V 0.08 0.029 0.032 0.03 0.018 0.023 0.034 0.039 0.012 0.102 0.091 0.037 0.024 0.029 0.022 0.097 0.109 0.005 0.019 0.168
275 N 0.075 0.042 0.19 0.065 0.013 0.033 0.05 0.065 0.025 0.026 0.036 0.053 0.013 0.019 0.025 0.15 0.065 0.005 0.016 0.034
276 D 0.041 0.037 0.197 0.244 0.008 0.031 0.069 0.055 0.025 0.022 0.029 0.049 0.01 0.016 0.021 0.06 0.042 0.004 0.013 0.025
277 P 0.133 0.029 0.029 0.031 0.017 0.024 0.038 0.051 0.014 0.065 0.066 0.041 0.018 0.022 0.144 0.098 0.054 0.005 0.017 0.105
278 D 0.056 0.032 0.055 0.222 0.012 0.028 0.064 0.044 0.016 0.037 0.046 0.044 0.014 0.019 0.025 0.071 0.146 0.005 0.014 0.047
279 Y 0.04 0.028 0.021 0.018 0.009 0.021 0.028 0.025 0.046 0.043 0.067 0.031 0.018 0.129 0.015 0.031 0.028 0.028 0.328 0.046
280 G 0.077 0.023 0.039 0.033 0.011 0.019 0.025 0.517 0.013 0.019 0.028 0.033 0.009 0.016 0.019 0.051 0.029 0.005 0.011 0.024
281 A 0.191 0.037 0.036 0.049 0.017 0.037 0.11 0.064 0.018 0.034 0.049 0.054 0.016 0.02 0.028 0.113 0.054 0.005 0.017 0.052
282 G 0.085 0.027 0.042 0.037 0.012 0.022 0.032 0.404 0.015 0.021 0.031 0.038 0.011 0.017 0.021 0.096 0.042 0.005 0.012 0.028
283 T 0.081 0.036 0.045 0.04 0.017 0.029 0.042 0.048 0.015 0.047 0.058 0.047 0.018 0.023 0.028 0.126 0.213 0.006 0.017 0.063
284 L 0.052 0.042 0.026 0.026 0.014 0.077 0.046 0.031 0.019 0.081 0.157 0.049 0.135 0.039 0.018 0.04 0.04 0.007 0.023 0.077
285 V 0.063 0.021 0.016 0.018 0.018 0.015 0.022 0.023 0.008 0.192 0.138 0.025 0.032 0.037 0.016 0.03 0.046 0.006 0.02 0.253
286 R 0.044 0.355 0.038 0.031 0.008 0.048 0.052 0.032 0.023 0.023 0.046 0.118 0.015 0.017 0.019 0.044 0.034 0.006 0.017 0.031
287 L 0.053 0.024 0.016 0.017 0.017 0.018 0.022 0.023 0.011 0.164 0.218 0.027 0.072 0.045 0.015 0.029 0.04 0.007 0.022 0.16
288 L 0.052 0.025 0.016 0.017 0.017 0.019 0.023 0.023 0.011 0.122 0.273 0.028 0.075 0.048 0.015 0.029 0.039 0.007 0.022 0.14
289 G 0.076 0.026 0.04 0.034 0.012 0.021 0.029 0.399 0.013 0.027 0.037 0.036 0.012 0.018 0.021 0.061 0.086 0.005 0.012 0.035
290 R 0.063 0.131 0.037 0.034 0.012 0.037 0.048 0.04 0.018 0.048 0.129 0.121 0.024 0.027 0.022 0.088 0.047 0.006 0.018 0.05
291 N 0.046 0.129 0.184 0.06 0.009 0.085 0.063 0.05 0.028 0.023 0.039 0.079 0.014 0.017 0.021 0.059 0.043 0.005 0.017 0.03
292 L 0.047 0.026 0.024 0.022 0.013 0.019 0.026 0.028 0.022 0.068 0.157 0.03 0.028 0.151 0.017 0.043 0.086 0.014 0.114 0.066
293 Y 0.04 0.028 0.021 0.018 0.009 0.021 0.028 0.025 0.046 0.043 0.067 0.031 0.018 0.129 0.015 0.031 0.028 0.028 0.328 0.046
294 Q 0.068 0.064 0.046 0.047 0.011 0.178 0.089 0.047 0.026 0.027 0.045 0.081 0.019 0.016 0.025 0.099 0.051 0.006 0.02 0.036
295 N 0.053 0.043 0.184 0.072 0.011 0.039 0.111 0.051 0.025 0.03 0.041 0.056 0.014 0.019 0.023 0.071 0.098 0.005 0.016 0.038
296 E 0.05 0.035 0.027 0.053 0.012 0.039 0.163 0.028 0.017 0.11 0.156 0.049 0.028 0.033 0.02 0.039 0.036 0.006 0.019 0.083
297 W 0.03 0.022 0.015 0.015 0.007 0.015 0.022 0.03 0.015 0.03 0.052 0.022 0.015 0.06 0.007 0.022 0.022 0.5 0.067 0.03
298 N 0.046 0.045 0.109 0.046 0.01 0.078 0.055 0.041 0.108 0.088 0.07 0.053 0.021 0.026 0.019 0.047 0.039 0.006 0.028 0.065
299 N 0.048 0.052 0.184 0.075 0.008 0.089 0.126 0.051 0.029 0.023 0.036 0.068 0.014 0.017 0.022 0.062 0.044 0.005 0.017 0.03
300 N 0.059 0.121 0.186 0.061 0.011 0.037 0.05 0.057 0.026 0.024 0.037 0.069 0.013 0.018 0.022 0.103 0.053 0.005 0.016 0.031
301 G 0.087 0.052 0.047 0.043 0.013 0.034 0.05 0.173 0.018 0.026 0.038 0.107 0.014 0.018 0.026 0.142 0.057 0.005 0.016 0.035
302 V 0.05 0.019 0.016 0.017 0.015 0.013 0.02 0.023 0.011 0.168 0.136 0.023 0.031 0.158 0.014 0.027 0.038 0.009 0.043 0.169
303 L 0.04 0.024 0.014 0.015 0.014 0.016 0.021 0.023 0.011 0.093 0.302 0.024 0.04 0.055 0.012 0.024 0.03 0.13 0.033 0.079
304 F 0.035 0.021 0.016 0.016 0.011 0.013 0.02 0.025 0.015 0.067 0.165 0.021 0.028 0.226 0.011 0.024 0.026 0.135 0.066 0.058
305 G 0.077 0.023 0.039 0.033 0.011 0.019 0.025 0.517 0.013 0.019 0.028 0.033 0.009 0.016 0.019 0.051 0.029 0.005 0.011 0.024
306 F 0.035 0.021 0.018 0.017 0.01 0.013 0.021 0.025 0.024 0.058 0.101 0.022 0.023 0.329 0.012 0.026 0.026 0.019 0.148 0.052
307 G 0.077 0.023 0.039 0.033 0.011 0.019 0.025 0.517 0.013 0.019 0.028 0.033 0.009 0.016 0.019 0.051 0.029 0.005 0.011 0.024
308 I 0.049 0.019 0.017 0.021 0.015 0.015 0.022 0.024 0.01 0.218 0.133 0.028 0.03 0.036 0.136 0.029 0.038 0.005 0.018 0.138
309 A 0.189 0.03 0.03 0.031 0.019 0.024 0.037 0.06 0.014 0.099 0.081 0.041 0.022 0.027 0.026 0.106 0.055 0.005 0.018 0.088
310 S 0.078 0.043 0.118 0.067 0.013 0.041 0.115 0.057 0.024 0.026 0.037 0.059 0.014 0.019 0.026 0.146 0.062 0.005 0.017 0.035
311 D 0.04 0.029 0.068 0.406 0.007 0.029 0.09 0.046 0.018 0.022 0.028 0.044 0.009 0.015 0.022 0.051 0.035 0.004 0.011 0.024
312 G 0.071 0.029 0.039 0.047 0.01 0.03 0.096 0.397 0.016 0.019 0.03 0.043 0.01 0.016 0.02 0.052 0.031 0.005 0.012 0.026
313 N 0.042 0.044 0.327 0.082 0.009 0.033 0.049 0.064 0.031 0.022 0.031 0.053 0.011 0.018 0.02 0.069 0.049 0.004 0.015 0.027
314 Y 0.042 0.025 0.02 0.018 0.011 0.019 0.025 0.023 0.037 0.103 0.092 0.029 0.023 0.108 0.015 0.029 0.03 0.022 0.251 0.078
315 F 0.036 0.02 0.016 0.016 0.012 0.012 0.019 0.024 0.015 0.075 0.181 0.02 0.031 0.31 0.011 0.025 0.027 0.014 0.071 0.064
316 G 0.124 0.03 0.107 0.044 0.013 0.024 0.035 0.294 0.018 0.025 0.036 0.041 0.012 0.018 0.022 0.063 0.039 0.005 0.013 0.036
317 N 0.052 0.032 0.177 0.054 0.011 0.025 0.035 0.167 0.021 0.086 0.064 0.041 0.017 0.024 0.018 0.053 0.041 0.005 0.015 0.063
318 L 0.048 0.025 0.022 0.021 0.014 0.018 0.025 0.028 0.012 0.119 0.167 0.029 0.03 0.045 0.016 0.041 0.088 0.13 0.032 0.092
319 K 0.052 0.078 0.048 0.134 0.008 0.09 0.083 0.043 0.022 0.026 0.04 0.178 0.015 0.015 0.025 0.053 0.038 0.005 0.016 0.031
320 Y 0.048 0.029 0.027 0.023 0.011 0.023 0.03 0.029 0.038 0.045 0.067 0.034 0.019 0.102 0.018 0.046 0.085 0.022 0.25 0.052
