#Seq2Logo.py -f /work3/idamei/ssn-clusterings/clustering/2205111339/clusters/0009_454/sequences.afa -o /work3/idamei/ssn-clusterings/clustering/2205111339/clusters/0009_454/sequences.logo
#Position Specific Frequency Matrix
A R N D C Q E G H I L K M F P S T W Y V
0 L 0.05 0.031 0.019 0.019 0.016 0.027 0.027 0.027 0.016 0.097 0.19 0.035 0.189 0.047 0.016 0.035 0.039 0.008 0.023 0.089
1 A 0.145 0.037 0.023 0.024 0.015 0.025 0.035 0.046 0.019 0.058 0.122 0.067 0.043 0.089 0.021 0.051 0.038 0.01 0.067 0.064
2 V 0.058 0.032 0.019 0.02 0.015 0.021 0.029 0.027 0.015 0.112 0.099 0.06 0.025 0.047 0.016 0.033 0.041 0.071 0.065 0.197
3 Y 0.039 0.027 0.021 0.018 0.009 0.021 0.027 0.024 0.045 0.042 0.067 0.03 0.018 0.127 0.015 0.03 0.027 0.027 0.338 0.045
4 I 0.05 0.019 0.015 0.017 0.016 0.014 0.019 0.022 0.01 0.196 0.178 0.023 0.034 0.094 0.014 0.026 0.038 0.007 0.03 0.177
5 I 0.056 0.02 0.017 0.019 0.017 0.015 0.021 0.024 0.009 0.223 0.16 0.026 0.034 0.04 0.016 0.042 0.044 0.006 0.02 0.191
6 A 0.161 0.029 0.021 0.023 0.018 0.024 0.031 0.047 0.014 0.101 0.13 0.037 0.092 0.035 0.021 0.054 0.043 0.006 0.02 0.092
7 T 0.062 0.029 0.03 0.028 0.017 0.022 0.031 0.034 0.012 0.081 0.146 0.035 0.027 0.058 0.021 0.063 0.169 0.007 0.024 0.105
8 L 0.072 0.023 0.019 0.02 0.017 0.017 0.024 0.028 0.01 0.16 0.199 0.028 0.034 0.04 0.017 0.039 0.072 0.006 0.02 0.153
9 L 0.047 0.02 0.015 0.016 0.016 0.014 0.019 0.021 0.009 0.192 0.236 0.024 0.039 0.071 0.014 0.025 0.037 0.007 0.025 0.152
10 S 0.107 0.039 0.053 0.047 0.017 0.032 0.051 0.064 0.019 0.029 0.041 0.053 0.015 0.02 0.029 0.243 0.08 0.005 0.017 0.041
11 L 0.049 0.027 0.018 0.019 0.016 0.023 0.024 0.025 0.014 0.153 0.183 0.032 0.142 0.046 0.015 0.032 0.039 0.007 0.022 0.113
12 L 0.042 0.021 0.014 0.016 0.015 0.014 0.019 0.021 0.01 0.156 0.287 0.023 0.041 0.1 0.013 0.024 0.033 0.008 0.03 0.11
13 F 0.042 0.02 0.016 0.017 0.082 0.013 0.019 0.025 0.014 0.097 0.123 0.022 0.048 0.247 0.012 0.028 0.03 0.012 0.057 0.076
14 A 0.311 0.03 0.025 0.029 0.021 0.025 0.039 0.076 0.014 0.042 0.058 0.043 0.017 0.021 0.029 0.083 0.048 0.005 0.017 0.067
15 G 0.091 0.047 0.087 0.046 0.013 0.033 0.049 0.124 0.07 0.026 0.038 0.083 0.014 0.02 0.024 0.123 0.052 0.005 0.021 0.034
16 L 0.063 0.029 0.019 0.019 0.082 0.019 0.026 0.029 0.022 0.064 0.163 0.046 0.027 0.115 0.016 0.034 0.032 0.013 0.119 0.062
17 A 0.273 0.028 0.023 0.027 0.02 0.023 0.036 0.068 0.014 0.078 0.073 0.04 0.02 0.024 0.027 0.074 0.047 0.005 0.017 0.082
18 A 0.128 0.037 0.029 0.031 0.014 0.081 0.048 0.114 0.017 0.105 0.08 0.049 0.022 0.025 0.021 0.053 0.04 0.006 0.018 0.081
19 N 0.047 0.135 0.231 0.064 0.009 0.037 0.049 0.054 0.027 0.023 0.035 0.071 0.012 0.018 0.02 0.073 0.046 0.005 0.016 0.028
20 T 0.073 0.036 0.044 0.038 0.018 0.028 0.039 0.044 0.014 0.053 0.065 0.046 0.02 0.024 0.028 0.093 0.245 0.006 0.018 0.071
21 E 0.055 0.05 0.041 0.09 0.007 0.065 0.295 0.035 0.026 0.022 0.037 0.076 0.013 0.017 0.026 0.055 0.037 0.006 0.017 0.031
22 Y 0.041 0.028 0.022 0.019 0.009 0.022 0.028 0.025 0.047 0.044 0.069 0.031 0.019 0.131 0.016 0.031 0.028 0.028 0.316 0.047
23 F 0.034 0.019 0.017 0.017 0.011 0.011 0.019 0.025 0.017 0.064 0.114 0.019 0.025 0.385 0.011 0.025 0.025 0.017 0.089 0.055
24 N 0.043 0.045 0.315 0.083 0.009 0.034 0.05 0.065 0.032 0.023 0.032 0.054 0.011 0.018 0.02 0.07 0.05 0.005 0.016 0.027
25 I 0.047 0.018 0.015 0.018 0.016 0.013 0.018 0.021 0.009 0.269 0.168 0.024 0.037 0.044 0.015 0.025 0.04 0.006 0.021 0.177
26 S 0.11 0.04 0.054 0.049 0.018 0.033 0.053 0.066 0.019 0.03 0.042 0.054 0.016 0.021 0.03 0.218 0.082 0.005 0.018 0.042
27 D 0.041 0.03 0.069 0.396 0.008 0.03 0.092 0.047 0.019 0.022 0.028 0.045 0.009 0.015 0.022 0.052 0.035 0.004 0.011 0.024
28 L 0.045 0.024 0.014 0.015 0.016 0.016 0.02 0.021 0.01 0.116 0.374 0.025 0.05 0.055 0.014 0.024 0.033 0.007 0.022 0.096
29 A 0.288 0.031 0.026 0.03 0.022 0.026 0.041 0.078 0.015 0.043 0.06 0.045 0.018 0.022 0.03 0.085 0.05 0.005 0.018 0.069
30 F 0.034 0.019 0.017 0.017 0.011 0.011 0.019 0.025 0.017 0.064 0.114 0.019 0.025 0.385 0.011 0.025 0.025 0.017 0.089 0.055
31 S 0.11 0.04 0.054 0.049 0.018 0.033 0.053 0.066 0.019 0.03 0.042 0.054 0.016 0.021 0.03 0.218 0.082 0.005 0.018 0.042
32 L 0.055 0.021 0.015 0.017 0.017 0.015 0.02 0.022 0.009 0.184 0.213 0.024 0.037 0.042 0.015 0.027 0.041 0.006 0.02 0.2
33 R 0.049 0.229 0.039 0.036 0.008 0.076 0.064 0.037 0.023 0.025 0.044 0.178 0.016 0.016 0.022 0.048 0.036 0.005 0.017 0.031
34 G 0.056 0.045 0.038 0.048 0.009 0.039 0.119 0.174 0.074 0.024 0.039 0.084 0.013 0.034 0.021 0.047 0.032 0.009 0.066 0.03
35 V 0.057 0.034 0.021 0.023 0.015 0.05 0.035 0.026 0.012 0.153 0.155 0.053 0.032 0.035 0.017 0.034 0.042 0.006 0.02 0.182
36 K 0.058 0.094 0.039 0.046 0.009 0.074 0.101 0.04 0.021 0.025 0.041 0.169 0.015 0.015 0.094 0.064 0.04 0.005 0.017 0.032
37 D 0.063 0.048 0.113 0.138 0.011 0.039 0.099 0.052 0.022 0.024 0.035 0.089 0.013 0.017 0.025 0.11 0.051 0.005 0.015 0.031
38 L 0.042 0.026 0.018 0.017 0.013 0.019 0.024 0.023 0.028 0.079 0.225 0.028 0.034 0.092 0.015 0.027 0.03 0.017 0.173 0.071
39 E 0.051 0.044 0.047 0.168 0.007 0.055 0.25 0.038 0.024 0.022 0.034 0.067 0.012 0.016 0.025 0.054 0.036 0.005 0.015 0.029
40 V 0.07 0.022 0.016 0.018 0.019 0.016 0.023 0.025 0.008 0.164 0.13 0.026 0.031 0.036 0.016 0.033 0.049 0.005 0.02 0.273
41 D 0.167 0.03 0.047 0.215 0.014 0.028 0.066 0.062 0.017 0.033 0.043 0.044 0.013 0.018 0.026 0.068 0.042 0.005 0.014 0.046
42 G 0.078 0.023 0.039 0.034 0.011 0.019 0.025 0.513 0.013 0.019 0.028 0.034 0.009 0.016 0.019 0.051 0.03 0.005 0.011 0.024
43 G 0.078 0.023 0.039 0.034 0.011 0.019 0.025 0.513 0.013 0.019 0.028 0.034 0.009 0.016 0.019 0.051 0.03 0.005 0.011 0.024
44 T 0.073 0.035 0.043 0.037 0.018 0.027 0.039 0.043 0.014 0.053 0.065 0.045 0.02 0.024 0.027 0.092 0.25 0.006 0.018 0.071
45 F 0.034 0.019 0.017 0.017 0.011 0.011 0.019 0.025 0.017 0.063 0.114 0.019 0.025 0.39 0.011 0.025 0.025 0.017 0.088 0.055
46 N 0.042 0.04 0.18 0.055 0.009 0.032 0.045 0.048 0.118 0.028 0.042 0.046 0.014 0.049 0.019 0.053 0.038 0.011 0.103 0.031
47 L 0.042 0.023 0.016 0.016 0.014 0.016 0.021 0.022 0.018 0.119 0.27 0.025 0.038 0.093 0.014 0.025 0.032 0.012 0.094 0.091
48 R 0.047 0.154 0.045 0.091 0.008 0.072 0.069 0.039 0.072 0.024 0.041 0.144 0.015 0.017 0.022 0.048 0.035 0.005 0.022 0.029
49 G 0.065 0.114 0.084 0.043 0.011 0.035 0.046 0.149 0.019 0.027 0.041 0.096 0.014 0.018 0.023 0.085 0.076 0.005 0.015 0.035
50 T 0.076 0.035 0.044 0.038 0.017 0.028 0.04 0.045 0.014 0.048 0.06 0.045 0.019 0.023 0.027 0.112 0.241 0.006 0.017 0.065
51 Y 0.038 0.026 0.02 0.018 0.009 0.019 0.026 0.024 0.041 0.046 0.074 0.028 0.019 0.173 0.014 0.029 0.027 0.025 0.294 0.047
52 R 0.049 0.148 0.027 0.025 0.092 0.032 0.038 0.03 0.018 0.081 0.098 0.1 0.022 0.034 0.018 0.038 0.035 0.007 0.044 0.065
53 I 0.051 0.022 0.019 0.019 0.046 0.017 0.022 0.025 0.011 0.167 0.151 0.027 0.05 0.084 0.016 0.036 0.067 0.007 0.028 0.136
54 L 0.043 0.023 0.016 0.016 0.074 0.016 0.021 0.024 0.016 0.08 0.216 0.024 0.052 0.146 0.014 0.028 0.031 0.011 0.077 0.072
55 C 0.141 0.024 0.022 0.023 0.199 0.02 0.026 0.106 0.012 0.05 0.081 0.031 0.048 0.025 0.02 0.053 0.039 0.005 0.015 0.061
56 V 0.057 0.019 0.015 0.017 0.017 0.014 0.02 0.022 0.008 0.227 0.144 0.024 0.033 0.039 0.015 0.028 0.043 0.006 0.02 0.232
57 L 0.082 0.025 0.019 0.019 0.016 0.019 0.024 0.092 0.011 0.089 0.282 0.029 0.057 0.043 0.016 0.035 0.035 0.007 0.02 0.08
58 S 0.171 0.036 0.044 0.041 0.018 0.03 0.047 0.068 0.017 0.033 0.046 0.049 0.016 0.02 0.029 0.195 0.07 0.005 0.017 0.049
59 F 0.035 0.02 0.017 0.016 0.011 0.012 0.02 0.024 0.019 0.065 0.141 0.021 0.027 0.328 0.011 0.025 0.026 0.016 0.11 0.057
60 L 0.046 0.023 0.014 0.015 0.016 0.016 0.02 0.021 0.01 0.117 0.363 0.025 0.046 0.051 0.014 0.025 0.034 0.007 0.021 0.118
61 P 0.055 0.025 0.023 0.03 0.01 0.02 0.035 0.035 0.012 0.025 0.035 0.04 0.01 0.012 0.511 0.042 0.035 0.003 0.012 0.03
62 F 0.038 0.021 0.016 0.016 0.013 0.014 0.02 0.024 0.014 0.093 0.195 0.022 0.052 0.251 0.012 0.026 0.029 0.012 0.058 0.075
63 F 0.075 0.023 0.02 0.02 0.014 0.015 0.024 0.032 0.014 0.07 0.169 0.026 0.029 0.223 0.015 0.04 0.06 0.011 0.053 0.067
64 V 0.053 0.021 0.017 0.018 0.016 0.015 0.021 0.023 0.01 0.177 0.165 0.025 0.033 0.085 0.015 0.031 0.054 0.007 0.028 0.186
65 V 0.063 0.02 0.016 0.017 0.018 0.015 0.021 0.023 0.008 0.185 0.133 0.025 0.031 0.036 0.016 0.03 0.046 0.005 0.02 0.271
66 S 0.128 0.036 0.047 0.043 0.017 0.029 0.046 0.123 0.017 0.029 0.041 0.049 0.015 0.02 0.027 0.201 0.069 0.005 0.016 0.042
67 A 0.27 0.029 0.025 0.028 0.02 0.024 0.038 0.068 0.014 0.056 0.065 0.041 0.019 0.023 0.027 0.086 0.05 0.005 0.017 0.093
68 L 0.043 0.019 0.014 0.016 0.015 0.013 0.018 0.021 0.01 0.209 0.229 0.023 0.038 0.091 0.014 0.024 0.035 0.007 0.029 0.132
69 R 0.043 0.367 0.037 0.03 0.008 0.047 0.051 0.032 0.023 0.023 0.045 0.116 0.015 0.017 0.019 0.043 0.034 0.006 0.017 0.03
70 Y 0.042 0.048 0.023 0.02 0.009 0.023 0.029 0.028 0.038 0.038 0.061 0.036 0.017 0.104 0.015 0.043 0.03 0.085 0.266 0.042
71 E 0.051 0.042 0.084 0.157 0.008 0.067 0.164 0.103 0.023 0.022 0.033 0.06 0.012 0.016 0.022 0.054 0.036 0.005 0.014 0.028
72 V 0.068 0.021 0.016 0.017 0.019 0.016 0.023 0.024 0.008 0.159 0.126 0.025 0.031 0.034 0.016 0.032 0.048 0.005 0.02 0.294
73 G 0.076 0.022 0.038 0.033 0.01 0.018 0.025 0.527 0.013 0.018 0.027 0.033 0.009 0.016 0.018 0.05 0.029 0.005 0.01 0.023
74 T 0.071 0.034 0.042 0.036 0.017 0.027 0.038 0.042 0.013 0.051 0.063 0.044 0.019 0.023 0.027 0.09 0.272 0.006 0.017 0.069
75 D 0.04 0.029 0.067 0.418 0.007 0.029 0.088 0.045 0.018 0.022 0.027 0.043 0.009 0.014 0.022 0.05 0.034 0.004 0.011 0.023
76 Y 0.04 0.028 0.022 0.019 0.009 0.022 0.028 0.025 0.047 0.044 0.068 0.031 0.019 0.131 0.016 0.031 0.028 0.028 0.318 0.047
77 W 0.032 0.023 0.016 0.016 0.008 0.016 0.023 0.027 0.022 0.036 0.062 0.024 0.017 0.119 0.01 0.024 0.024 0.327 0.137 0.036
78 D 0.047 0.034 0.041 0.169 0.01 0.037 0.138 0.034 0.018 0.053 0.148 0.048 0.024 0.029 0.021 0.044 0.035 0.005 0.017 0.05
79 P 0.047 0.032 0.021 0.024 0.011 0.02 0.031 0.03 0.014 0.079 0.116 0.063 0.022 0.12 0.201 0.034 0.033 0.007 0.033 0.061
80 I 0.051 0.018 0.015 0.017 0.016 0.014 0.018 0.021 0.008 0.261 0.153 0.023 0.034 0.041 0.015 0.026 0.041 0.006 0.02 0.201
81 Y 0.039 0.027 0.021 0.018 0.009 0.021 0.027 0.024 0.045 0.042 0.066 0.03 0.018 0.126 0.015 0.03 0.027 0.027 0.341 0.045
82 D 0.046 0.043 0.077 0.145 0.01 0.037 0.122 0.038 0.019 0.045 0.124 0.079 0.021 0.025 0.021 0.047 0.036 0.005 0.016 0.044
83 D 0.081 0.049 0.04 0.135 0.01 0.036 0.092 0.043 0.022 0.028 0.041 0.11 0.013 0.029 0.084 0.052 0.036 0.007 0.055 0.035
84 Y 0.077 0.026 0.023 0.021 0.011 0.02 0.027 0.093 0.034 0.041 0.066 0.031 0.018 0.135 0.017 0.038 0.03 0.02 0.227 0.046
85 F 0.033 0.019 0.017 0.017 0.01 0.012 0.019 0.024 0.02 0.059 0.105 0.02 0.024 0.372 0.011 0.025 0.025 0.018 0.118 0.052
86 Y 0.044 0.036 0.093 0.038 0.009 0.029 0.04 0.038 0.142 0.033 0.05 0.04 0.016 0.063 0.018 0.048 0.061 0.014 0.15 0.037
87 Y 0.052 0.08 0.029 0.026 0.011 0.028 0.037 0.064 0.028 0.042 0.095 0.077 0.02 0.065 0.018 0.061 0.036 0.045 0.142 0.045
88 I 0.045 0.019 0.021 0.067 0.015 0.015 0.026 0.023 0.01 0.261 0.145 0.025 0.032 0.039 0.015 0.027 0.038 0.005 0.019 0.152
89 F 0.04 0.018 0.016 0.017 0.013 0.012 0.018 0.023 0.013 0.168 0.141 0.021 0.031 0.216 0.013 0.025 0.033 0.011 0.055 0.116
90 N 0.077 0.034 0.166 0.098 0.011 0.027 0.046 0.051 0.025 0.033 0.061 0.044 0.014 0.033 0.081 0.057 0.041 0.007 0.056 0.038
91 E 0.135 0.042 0.038 0.101 0.013 0.041 0.152 0.05 0.019 0.032 0.045 0.071 0.014 0.018 0.026 0.066 0.069 0.005 0.016 0.046
92 G 0.073 0.025 0.038 0.039 0.01 0.024 0.062 0.465 0.015 0.019 0.028 0.038 0.01 0.016 0.019 0.05 0.03 0.005 0.011 0.024
93 T 0.096 0.032 0.035 0.039 0.015 0.028 0.069 0.103 0.014 0.073 0.067 0.043 0.019 0.023 0.024 0.071 0.155 0.006 0.017 0.071
94 D 0.049 0.058 0.05 0.194 0.008 0.069 0.143 0.041 0.022 0.023 0.035 0.121 0.013 0.015 0.024 0.052 0.036 0.005 0.015 0.029
95 K 0.054 0.074 0.035 0.036 0.009 0.054 0.057 0.073 0.023 0.028 0.044 0.19 0.015 0.031 0.093 0.048 0.036 0.008 0.062 0.033
96 F 0.035 0.106 0.022 0.02 0.01 0.019 0.026 0.026 0.018 0.052 0.094 0.043 0.022 0.31 0.012 0.029 0.027 0.014 0.069 0.047
97 T 0.064 0.038 0.036 0.032 0.013 0.026 0.037 0.102 0.015 0.04 0.057 0.07 0.017 0.073 0.021 0.083 0.126 0.07 0.031 0.048
98 E 0.053 0.048 0.039 0.087 0.007 0.062 0.32 0.034 0.025 0.021 0.036 0.073 0.012 0.016 0.025 0.053 0.036 0.005 0.016 0.03
99 P 0.055 0.032 0.024 0.034 0.011 0.026 0.069 0.032 0.014 0.052 0.092 0.057 0.018 0.021 0.296 0.041 0.037 0.004 0.015 0.071
100 G 0.059 0.023 0.026 0.024 0.013 0.017 0.022 0.274 0.011 0.065 0.212 0.029 0.029 0.034 0.016 0.037 0.03 0.006 0.016 0.058
101 F 0.033 0.018 0.016 0.016 0.01 0.01 0.018 0.025 0.016 0.061 0.11 0.018 0.025 0.408 0.01 0.025 0.025 0.016 0.086 0.053
102 N 0.047 0.05 0.265 0.07 0.01 0.034 0.049 0.058 0.027 0.026 0.036 0.082 0.012 0.018 0.021 0.068 0.075 0.005 0.016 0.032
103 L 0.042 0.023 0.015 0.016 0.014 0.016 0.02 0.021 0.014 0.123 0.308 0.025 0.041 0.083 0.014 0.024 0.032 0.01 0.065 0.094
104 L 0.044 0.022 0.014 0.016 0.016 0.015 0.019 0.021 0.01 0.168 0.31 0.025 0.053 0.049 0.014 0.024 0.035 0.007 0.021 0.117
105 N 0.045 0.037 0.259 0.065 0.011 0.028 0.041 0.053 0.025 0.073 0.059 0.045 0.016 0.023 0.018 0.058 0.047 0.005 0.016 0.078
106 K 0.052 0.169 0.039 0.038 0.008 0.05 0.064 0.039 0.021 0.026 0.043 0.256 0.015 0.015 0.025 0.05 0.037 0.005 0.017 0.031
107 L 0.045 0.02 0.015 0.016 0.015 0.014 0.019 0.022 0.01 0.166 0.236 0.023 0.038 0.114 0.013 0.025 0.035 0.008 0.033 0.135
108 L 0.115 0.022 0.017 0.019 0.017 0.017 0.024 0.035 0.01 0.169 0.19 0.029 0.033 0.039 0.018 0.039 0.041 0.006 0.02 0.141
109 Y 0.087 0.071 0.03 0.026 0.011 0.026 0.034 0.099 0.031 0.035 0.054 0.046 0.016 0.072 0.019 0.068 0.037 0.016 0.178 0.043
110 L 0.042 0.028 0.024 0.021 0.012 0.02 0.028 0.027 0.103 0.079 0.194 0.028 0.03 0.09 0.014 0.029 0.03 0.071 0.043 0.087
111 F 0.043 0.019 0.018 0.018 0.043 0.012 0.02 0.025 0.014 0.101 0.113 0.021 0.026 0.267 0.013 0.03 0.045 0.012 0.06 0.099
112 T 0.063 0.034 0.039 0.033 0.015 0.027 0.037 0.038 0.062 0.053 0.064 0.041 0.019 0.037 0.024 0.072 0.197 0.009 0.063 0.074
113 K 0.092 0.06 0.062 0.09 0.011 0.087 0.069 0.08 0.021 0.027 0.041 0.12 0.015 0.016 0.025 0.081 0.045 0.005 0.016 0.036
114 D 0.042 0.035 0.132 0.292 0.008 0.034 0.107 0.048 0.022 0.022 0.029 0.049 0.01 0.015 0.022 0.055 0.038 0.004 0.013 0.025
115 P 0.07 0.028 0.032 0.031 0.074 0.022 0.035 0.043 0.019 0.035 0.054 0.038 0.015 0.08 0.144 0.115 0.049 0.008 0.064 0.042
116 Q 0.083 0.067 0.031 0.032 0.011 0.118 0.06 0.039 0.024 0.047 0.06 0.061 0.02 0.037 0.019 0.047 0.038 0.071 0.065 0.071
117 W 0.044 0.021 0.016 0.017 0.011 0.015 0.022 0.058 0.012 0.094 0.082 0.024 0.021 0.048 0.011 0.026 0.031 0.289 0.045 0.113
118 L 0.046 0.026 0.016 0.017 0.016 0.02 0.022 0.023 0.012 0.129 0.29 0.028 0.099 0.049 0.014 0.028 0.036 0.007 0.022 0.101
119 F 0.036 0.018 0.016 0.016 0.011 0.011 0.019 0.024 0.015 0.082 0.115 0.019 0.026 0.362 0.011 0.025 0.027 0.015 0.078 0.076
120 A 0.252 0.028 0.023 0.026 0.02 0.023 0.035 0.063 0.013 0.071 0.075 0.039 0.02 0.024 0.026 0.07 0.048 0.005 0.018 0.123
121 I 0.09 0.021 0.019 0.02 0.017 0.016 0.023 0.091 0.01 0.175 0.136 0.027 0.029 0.035 0.017 0.037 0.041 0.006 0.018 0.173
122 V 0.073 0.026 0.027 0.026 0.078 0.02 0.029 0.034 0.011 0.101 0.092 0.033 0.024 0.028 0.02 0.074 0.106 0.005 0.018 0.176
123 A 0.236 0.033 0.035 0.036 0.019 0.027 0.043 0.071 0.016 0.037 0.051 0.046 0.016 0.021 0.029 0.144 0.06 0.005 0.017 0.057
124 L 0.046 0.021 0.015 0.016 0.015 0.014 0.02 0.023 0.011 0.108 0.239 0.023 0.036 0.159 0.013 0.026 0.034 0.009 0.041 0.131
125 L 0.047 0.021 0.014 0.016 0.016 0.015 0.019 0.021 0.009 0.186 0.275 0.024 0.041 0.047 0.014 0.025 0.037 0.006 0.021 0.147
126 L 0.055 0.023 0.024 0.023 0.015 0.017 0.025 0.031 0.013 0.149 0.15 0.029 0.029 0.13 0.017 0.07 0.056 0.008 0.036 0.101
127 L 0.082 0.024 0.021 0.02 0.074 0.019 0.025 0.093 0.024 0.057 0.142 0.029 0.024 0.068 0.017 0.039 0.032 0.014 0.138 0.058
128 F 0.065 0.026 0.028 0.027 0.015 0.02 0.03 0.036 0.014 0.079 0.109 0.032 0.024 0.147 0.019 0.09 0.075 0.009 0.04 0.115
129 F 0.033 0.018 0.016 0.016 0.01 0.01 0.018 0.025 0.016 0.061 0.11 0.018 0.025 0.408 0.01 0.025 0.025 0.016 0.086 0.053
130 L 0.055 0.025 0.019 0.019 0.017 0.02 0.024 0.026 0.011 0.135 0.206 0.029 0.074 0.042 0.016 0.037 0.069 0.006 0.021 0.149
131 F 0.034 0.021 0.018 0.017 0.01 0.013 0.021 0.024 0.024 0.056 0.099 0.021 0.023 0.337 0.011 0.026 0.025 0.019 0.15 0.051
132 K 0.057 0.065 0.032 0.032 0.012 0.035 0.048 0.037 0.016 0.082 0.145 0.167 0.026 0.029 0.022 0.066 0.042 0.006 0.018 0.065
133 A 0.284 0.03 0.027 0.03 0.02 0.025 0.039 0.071 0.014 0.043 0.058 0.043 0.017 0.021 0.028 0.083 0.076 0.005 0.017 0.067
134 I 0.046 0.017 0.014 0.017 0.016 0.013 0.017 0.02 0.009 0.296 0.162 0.023 0.036 0.043 0.014 0.024 0.038 0.006 0.02 0.171
135 Y 0.043 0.026 0.022 0.02 0.011 0.02 0.026 0.027 0.033 0.053 0.091 0.029 0.041 0.18 0.015 0.043 0.031 0.021 0.217 0.052
136 D 0.049 0.057 0.085 0.15 0.008 0.105 0.128 0.043 0.024 0.023 0.037 0.096 0.014 0.015 0.023 0.054 0.038 0.005 0.016 0.029
137 Q 0.061 0.067 0.044 0.046 0.01 0.215 0.093 0.043 0.027 0.026 0.045 0.084 0.019 0.015 0.023 0.078 0.045 0.006 0.02 0.035
138 S 0.106 0.039 0.052 0.047 0.017 0.032 0.051 0.064 0.019 0.029 0.04 0.052 0.015 0.02 0.029 0.246 0.079 0.005 0.017 0.04
139 E 0.059 0.044 0.07 0.049 0.012 0.037 0.109 0.038 0.019 0.084 0.083 0.079 0.04 0.026 0.021 0.07 0.045 0.005 0.018 0.089
140 H 0.057 0.038 0.116 0.046 0.01 0.031 0.044 0.047 0.118 0.029 0.044 0.045 0.015 0.048 0.02 0.096 0.045 0.011 0.107 0.033
141 I 0.067 0.022 0.017 0.021 0.015 0.017 0.025 0.028 0.01 0.16 0.15 0.03 0.038 0.034 0.139 0.034 0.039 0.005 0.018 0.13
142 C 0.091 0.021 0.019 0.023 0.257 0.016 0.026 0.038 0.01 0.036 0.052 0.03 0.014 0.017 0.203 0.046 0.037 0.004 0.013 0.047
143 F 0.039 0.027 0.019 0.019 0.012 0.041 0.029 0.025 0.015 0.076 0.21 0.029 0.033 0.225 0.013 0.028 0.029 0.011 0.053 0.066
144 S 0.106 0.039 0.052 0.047 0.017 0.032 0.051 0.064 0.019 0.029 0.04 0.052 0.015 0.02 0.029 0.246 0.079 0.005 0.017 0.04
145 I 0.045 0.018 0.014 0.017 0.016 0.013 0.017 0.02 0.009 0.273 0.192 0.023 0.037 0.044 0.014 0.024 0.038 0.006 0.02 0.161
146 L 0.042 0.022 0.014 0.015 0.015 0.015 0.019 0.021 0.01 0.128 0.332 0.023 0.043 0.096 0.013 0.024 0.032 0.008 0.029 0.098
147 L 0.053 0.021 0.015 0.016 0.017 0.015 0.02 0.022 0.009 0.175 0.236 0.024 0.038 0.043 0.015 0.027 0.04 0.006 0.021 0.188
148 F 0.036 0.021 0.016 0.016 0.011 0.013 0.02 0.023 0.018 0.071 0.176 0.021 0.03 0.284 0.012 0.025 0.027 0.015 0.102 0.062
149 V 0.051 0.02 0.016 0.017 0.015 0.014 0.021 0.024 0.011 0.116 0.154 0.023 0.03 0.177 0.014 0.028 0.037 0.01 0.045 0.178
150 L 0.047 0.02 0.014 0.016 0.016 0.014 0.019 0.021 0.009 0.198 0.26 0.024 0.04 0.046 0.014 0.025 0.037 0.006 0.021 0.152
151 S 0.119 0.034 0.044 0.04 0.017 0.028 0.043 0.118 0.016 0.035 0.047 0.047 0.016 0.02 0.027 0.162 0.117 0.005 0.016 0.049
152 G 0.101 0.031 0.076 0.04 0.014 0.024 0.035 0.232 0.016 0.033 0.043 0.041 0.014 0.019 0.023 0.081 0.113 0.005 0.014 0.044
153 L 0.047 0.023 0.03 0.119 0.013 0.018 0.038 0.031 0.014 0.1 0.147 0.029 0.027 0.126 0.016 0.046 0.036 0.008 0.034 0.097
154 F 0.036 0.023 0.019 0.017 0.01 0.016 0.023 0.024 0.031 0.052 0.088 0.024 0.021 0.267 0.013 0.027 0.026 0.022 0.213 0.049
155 F 0.033 0.018 0.016 0.016 0.01 0.01 0.018 0.025 0.016 0.061 0.11 0.018 0.025 0.408 0.01 0.025 0.025 0.016 0.086 0.053
156 N 0.075 0.035 0.219 0.058 0.011 0.026 0.039 0.054 0.024 0.063 0.06 0.043 0.016 0.07 0.019 0.058 0.044 0.006 0.025 0.053
157 S 0.106 0.039 0.052 0.047 0.017 0.032 0.051 0.064 0.019 0.029 0.04 0.052 0.015 0.02 0.029 0.246 0.079 0.005 0.017 0.04
158 L 0.049 0.039 0.023 0.024 0.014 0.077 0.043 0.028 0.017 0.084 0.219 0.045 0.103 0.04 0.017 0.036 0.037 0.007 0.022 0.077
159 N 0.041 0.043 0.34 0.08 0.009 0.033 0.048 0.063 0.03 0.022 0.03 0.052 0.011 0.017 0.02 0.067 0.048 0.004 0.015 0.026
160 Q 0.059 0.06 0.042 0.043 0.01 0.187 0.082 0.101 0.025 0.028 0.045 0.076 0.018 0.015 0.023 0.058 0.067 0.006 0.018 0.037
161 I 0.048 0.019 0.014 0.017 0.016 0.014 0.018 0.021 0.009 0.233 0.216 0.024 0.038 0.044 0.014 0.025 0.038 0.006 0.02 0.167
162 R 0.043 0.367 0.037 0.03 0.008 0.047 0.051 0.032 0.023 0.023 0.045 0.116 0.015 0.017 0.019 0.043 0.034 0.006 0.017 0.03
163 Q 0.054 0.071 0.043 0.046 0.009 0.241 0.099 0.04 0.028 0.026 0.046 0.088 0.02 0.014 0.023 0.054 0.04 0.006 0.02 0.034
164 A 0.22 0.027 0.025 0.026 0.079 0.023 0.033 0.12 0.013 0.046 0.071 0.038 0.037 0.023 0.024 0.067 0.043 0.005 0.016 0.063
165 I 0.047 0.018 0.014 0.017 0.016 0.013 0.018 0.02 0.009 0.264 0.189 0.023 0.037 0.043 0.014 0.025 0.038 0.006 0.02 0.169
166 A 0.245 0.032 0.032 0.033 0.02 0.026 0.041 0.069 0.015 0.041 0.055 0.045 0.017 0.021 0.028 0.114 0.082 0.005 0.017 0.062
167 L 0.054 0.028 0.021 0.021 0.016 0.024 0.027 0.028 0.013 0.124 0.163 0.033 0.129 0.042 0.017 0.04 0.069 0.007 0.022 0.122
168 A 0.22 0.033 0.035 0.036 0.019 0.027 0.043 0.069 0.016 0.036 0.05 0.046 0.016 0.02 0.059 0.141 0.059 0.005 0.017 0.054
169 I 0.047 0.017 0.014 0.017 0.016 0.013 0.017 0.02 0.008 0.287 0.16 0.023 0.035 0.042 0.014 0.025 0.039 0.006 0.02 0.178
170 F 0.036 0.021 0.016 0.017 0.012 0.013 0.02 0.024 0.015 0.072 0.156 0.021 0.048 0.318 0.011 0.026 0.027 0.014 0.07 0.063
171 L 0.044 0.024 0.014 0.015 0.016 0.017 0.02 0.021 0.01 0.11 0.371 0.026 0.066 0.052 0.014 0.025 0.033 0.007 0.022 0.092
172 Y 0.038 0.026 0.02 0.018 0.009 0.02 0.026 0.024 0.042 0.045 0.072 0.029 0.019 0.162 0.014 0.029 0.027 0.026 0.309 0.046
173 A 0.236 0.033 0.035 0.036 0.019 0.027 0.043 0.071 0.016 0.037 0.051 0.046 0.016 0.021 0.029 0.144 0.06 0.005 0.017 0.057
174 L 0.058 0.026 0.025 0.024 0.014 0.019 0.027 0.032 0.017 0.122 0.172 0.031 0.03 0.096 0.017 0.08 0.044 0.01 0.068 0.088
175 K 0.055 0.099 0.04 0.041 0.008 0.075 0.072 0.041 0.021 0.027 0.042 0.276 0.016 0.015 0.026 0.052 0.039 0.005 0.017 0.032
176 Y 0.039 0.027 0.021 0.018 0.009 0.021 0.027 0.024 0.045 0.042 0.066 0.03 0.018 0.126 0.015 0.03 0.027 0.027 0.341 0.045
177 I 0.053 0.019 0.015 0.017 0.017 0.014 0.019 0.021 0.008 0.221 0.178 0.024 0.035 0.041 0.015 0.027 0.041 0.006 0.02 0.207
178 K 0.044 0.096 0.029 0.027 0.009 0.034 0.044 0.032 0.025 0.035 0.058 0.141 0.017 0.098 0.018 0.038 0.031 0.075 0.113 0.037
179 D 0.088 0.055 0.067 0.161 0.011 0.061 0.071 0.051 0.02 0.027 0.039 0.115 0.014 0.016 0.025 0.081 0.044 0.005 0.015 0.035
180 R 0.046 0.261 0.076 0.039 0.008 0.046 0.055 0.038 0.023 0.023 0.042 0.155 0.014 0.016 0.021 0.048 0.037 0.005 0.017 0.03
181 D 0.044 0.093 0.125 0.191 0.008 0.038 0.068 0.047 0.022 0.023 0.034 0.119 0.012 0.016 0.022 0.054 0.039 0.004 0.014 0.027
182 W 0.04 0.042 0.022 0.022 0.01 0.024 0.033 0.031 0.015 0.048 0.12 0.093 0.022 0.087 0.045 0.031 0.029 0.196 0.044 0.045
183 L 0.048 0.052 0.025 0.025 0.012 0.028 0.038 0.03 0.015 0.073 0.158 0.127 0.028 0.125 0.018 0.035 0.035 0.008 0.036 0.085
184 K 0.048 0.123 0.075 0.04 0.008 0.041 0.054 0.04 0.067 0.025 0.041 0.154 0.014 0.024 0.083 0.048 0.036 0.006 0.041 0.03
185 Y 0.039 0.027 0.021 0.018 0.009 0.021 0.027 0.024 0.045 0.042 0.066 0.03 0.018 0.126 0.015 0.03 0.027 0.027 0.341 0.045
186 F 0.038 0.02 0.015 0.016 0.013 0.012 0.018 0.022 0.013 0.121 0.21 0.021 0.034 0.228 0.012 0.024 0.03 0.011 0.053 0.088
187 L 0.041 0.022 0.014 0.015 0.015 0.014 0.019 0.021 0.011 0.125 0.314 0.023 0.042 0.118 0.013 0.024 0.032 0.008 0.033 0.095
188 W 0.036 0.022 0.015 0.015 0.01 0.014 0.021 0.027 0.013 0.06 0.111 0.022 0.022 0.098 0.01 0.024 0.027 0.322 0.057 0.073
189 I 0.048 0.019 0.015 0.017 0.076 0.015 0.018 0.022 0.009 0.216 0.183 0.024 0.054 0.042 0.015 0.027 0.037 0.006 0.02 0.136
190 L 0.077 0.024 0.015 0.016 0.016 0.017 0.022 0.027 0.01 0.103 0.354 0.027 0.044 0.049 0.016 0.031 0.034 0.007 0.021 0.09
191 I 0.058 0.019 0.015 0.017 0.014 0.013 0.019 0.025 0.011 0.184 0.169 0.023 0.032 0.157 0.014 0.028 0.034 0.009 0.041 0.118
192 A 0.314 0.03 0.025 0.029 0.021 0.025 0.039 0.076 0.014 0.042 0.057 0.043 0.017 0.021 0.029 0.082 0.048 0.005 0.017 0.066
193 A 0.166 0.03 0.031 0.031 0.079 0.024 0.036 0.056 0.014 0.049 0.097 0.04 0.02 0.025 0.025 0.111 0.08 0.005 0.017 0.062
194 G 0.071 0.029 0.035 0.031 0.045 0.022 0.031 0.161 0.013 0.051 0.114 0.037 0.021 0.026 0.022 0.084 0.127 0.006 0.016 0.058
195 I 0.046 0.022 0.016 0.018 0.015 0.018 0.021 0.023 0.012 0.192 0.166 0.027 0.092 0.09 0.014 0.028 0.037 0.008 0.029 0.125
196 H 0.041 0.044 0.052 0.037 0.007 0.037 0.052 0.037 0.377 0.022 0.037 0.044 0.015 0.029 0.018 0.041 0.026 0.007 0.055 0.022
197 L 0.089 0.038 0.029 0.028 0.016 0.025 0.035 0.038 0.013 0.093 0.155 0.069 0.028 0.032 0.022 0.059 0.126 0.006 0.019 0.083
198 S 0.099 0.036 0.048 0.043 0.017 0.03 0.046 0.059 0.017 0.062 0.056 0.049 0.018 0.023 0.027 0.219 0.074 0.005 0.017 0.057
199 A 0.27 0.029 0.025 0.028 0.02 0.024 0.038 0.068 0.014 0.056 0.065 0.041 0.019 0.023 0.027 0.086 0.05 0.005 0.017 0.093
200 L 0.046 0.023 0.014 0.015 0.016 0.016 0.02 0.021 0.01 0.117 0.363 0.025 0.046 0.051 0.014 0.025 0.034 0.007 0.021 0.118
201 L 0.049 0.02 0.015 0.016 0.046 0.014 0.019 0.022 0.01 0.179 0.201 0.023 0.035 0.088 0.014 0.026 0.037 0.007 0.028 0.152
202 Y 0.04 0.023 0.019 0.017 0.071 0.017 0.023 0.025 0.031 0.048 0.08 0.025 0.02 0.201 0.014 0.03 0.027 0.021 0.22 0.049
203 I 0.049 0.019 0.015 0.017 0.016 0.014 0.019 0.022 0.01 0.198 0.191 0.023 0.035 0.088 0.014 0.026 0.038 0.007 0.028 0.172
204 P 0.055 0.025 0.023 0.03 0.01 0.02 0.035 0.035 0.012 0.025 0.035 0.04 0.01 0.012 0.511 0.042 0.035 0.003 0.012 0.03
205 L 0.053 0.02 0.015 0.017 0.017 0.015 0.02 0.022 0.009 0.198 0.207 0.024 0.037 0.042 0.015 0.027 0.04 0.006 0.02 0.197
206 Y 0.039 0.027 0.021 0.018 0.009 0.021 0.027 0.024 0.045 0.042 0.066 0.03 0.018 0.126 0.015 0.03 0.027 0.027 0.341 0.045
207 F 0.032 0.019 0.016 0.016 0.01 0.011 0.019 0.025 0.016 0.059 0.107 0.019 0.024 0.386 0.01 0.024 0.024 0.047 0.085 0.052
208 L 0.047 0.021 0.015 0.016 0.016 0.016 0.02 0.021 0.01 0.193 0.251 0.025 0.059 0.046 0.014 0.026 0.037 0.006 0.021 0.139
209 Y 0.061 0.026 0.022 0.02 0.072 0.02 0.027 0.029 0.037 0.043 0.065 0.03 0.018 0.1 0.017 0.038 0.045 0.021 0.259 0.049
210 G 0.06 0.081 0.114 0.045 0.009 0.03 0.039 0.288 0.019 0.021 0.032 0.082 0.011 0.016 0.02 0.053 0.035 0.005 0.013 0.026
211 F 0.043 0.073 0.021 0.021 0.011 0.022 0.029 0.027 0.015 0.104 0.098 0.068 0.024 0.151 0.014 0.031 0.033 0.072 0.045 0.097
212 K 0.052 0.169 0.039 0.038 0.008 0.05 0.064 0.039 0.021 0.026 0.043 0.256 0.015 0.015 0.025 0.05 0.037 0.005 0.017 0.031
213 V 0.156 0.024 0.02 0.023 0.018 0.019 0.03 0.044 0.011 0.115 0.093 0.033 0.023 0.028 0.082 0.051 0.045 0.005 0.018 0.16
214 N 0.063 0.054 0.114 0.054 0.072 0.038 0.083 0.049 0.021 0.029 0.042 0.113 0.014 0.018 0.024 0.093 0.062 0.005 0.016 0.037
215 L 0.048 0.022 0.015 0.018 0.015 0.016 0.021 0.023 0.01 0.153 0.259 0.026 0.038 0.043 0.076 0.027 0.036 0.006 0.02 0.13
216 K 0.054 0.127 0.038 0.038 0.008 0.047 0.062 0.04 0.019 0.026 0.041 0.246 0.014 0.015 0.086 0.049 0.037 0.005 0.016 0.031
217 V 0.055 0.087 0.028 0.027 0.013 0.03 0.039 0.031 0.018 0.098 0.084 0.109 0.022 0.038 0.02 0.044 0.068 0.008 0.059 0.121
218 H 0.047 0.039 0.04 0.033 0.009 0.055 0.047 0.095 0.2 0.059 0.056 0.044 0.018 0.04 0.018 0.04 0.03 0.009 0.077 0.045
219 L 0.052 0.02 0.015 0.016 0.077 0.015 0.019 0.023 0.009 0.161 0.229 0.024 0.036 0.042 0.015 0.028 0.038 0.006 0.02 0.158
220 I 0.045 0.022 0.018 0.018 0.014 0.017 0.022 0.023 0.019 0.182 0.163 0.027 0.041 0.064 0.015 0.03 0.049 0.011 0.1 0.118
221 A 0.16 0.028 0.025 0.027 0.018 0.022 0.033 0.05 0.013 0.087 0.154 0.037 0.027 0.032 0.022 0.088 0.049 0.006 0.019 0.103
222 F 0.036 0.02 0.016 0.016 0.011 0.013 0.019 0.023 0.018 0.094 0.147 0.021 0.028 0.283 0.012 0.025 0.028 0.015 0.101 0.072
223 L 0.117 0.025 0.022 0.023 0.016 0.018 0.027 0.07 0.013 0.074 0.142 0.031 0.026 0.125 0.019 0.049 0.066 0.008 0.035 0.094
224 G 0.097 0.024 0.026 0.026 0.016 0.019 0.027 0.16 0.012 0.133 0.11 0.032 0.024 0.03 0.019 0.066 0.043 0.005 0.017 0.115
225 L 0.096 0.025 0.024 0.024 0.138 0.019 0.028 0.039 0.011 0.074 0.151 0.032 0.026 0.03 0.02 0.072 0.073 0.005 0.017 0.096
226 L 0.123 0.023 0.02 0.021 0.078 0.018 0.025 0.1 0.011 0.086 0.156 0.03 0.027 0.031 0.019 0.045 0.04 0.005 0.017 0.123
227 I 0.052 0.019 0.015 0.017 0.017 0.014 0.019 0.021 0.008 0.23 0.18 0.024 0.036 0.041 0.015 0.026 0.041 0.006 0.02 0.199
228 G 0.086 0.032 0.043 0.038 0.015 0.026 0.039 0.172 0.015 0.039 0.085 0.043 0.018 0.023 0.024 0.15 0.085 0.005 0.016 0.046
229 L 0.057 0.027 0.024 0.023 0.015 0.021 0.028 0.031 0.017 0.083 0.174 0.032 0.049 0.095 0.017 0.063 0.069 0.01 0.068 0.097
230 P 0.053 0.027 0.062 0.036 0.01 0.022 0.037 0.038 0.015 0.025 0.034 0.041 0.01 0.013 0.449 0.046 0.037 0.003 0.013 0.029
231 V 0.051 0.019 0.015 0.017 0.015 0.013 0.019 0.023 0.01 0.186 0.136 0.023 0.031 0.131 0.014 0.027 0.038 0.008 0.036 0.187
232 L 0.047 0.022 0.014 0.016 0.016 0.015 0.019 0.021 0.009 0.163 0.304 0.024 0.043 0.048 0.014 0.025 0.036 0.006 0.021 0.137
233 K 0.065 0.068 0.042 0.039 0.01 0.039 0.053 0.165 0.063 0.024 0.037 0.171 0.014 0.018 0.024 0.074 0.039 0.005 0.02 0.03
234 K 0.062 0.075 0.036 0.035 0.012 0.041 0.055 0.04 0.017 0.065 0.069 0.202 0.029 0.022 0.024 0.071 0.045 0.005 0.018 0.078
235 L 0.082 0.023 0.016 0.017 0.017 0.016 0.022 0.028 0.01 0.146 0.26 0.027 0.038 0.044 0.016 0.032 0.038 0.006 0.02 0.142
236 L 0.06 0.02 0.016 0.017 0.015 0.014 0.02 0.026 0.012 0.143 0.194 0.023 0.033 0.157 0.014 0.029 0.034 0.009 0.041 0.123
237 I 0.05 0.033 0.021 0.028 0.014 0.025 0.062 0.025 0.012 0.188 0.156 0.065 0.031 0.036 0.017 0.032 0.038 0.006 0.019 0.141
238 F 0.074 0.076 0.023 0.023 0.012 0.024 0.032 0.033 0.02 0.054 0.117 0.071 0.023 0.182 0.017 0.038 0.032 0.012 0.084 0.053
239 V 0.057 0.021 0.015 0.017 0.017 0.015 0.021 0.022 0.008 0.184 0.186 0.024 0.035 0.04 0.015 0.028 0.043 0.006 0.02 0.225
240 I 0.052 0.021 0.016 0.018 0.016 0.016 0.02 0.022 0.01 0.224 0.158 0.026 0.063 0.041 0.015 0.028 0.041 0.006 0.021 0.186
241 S 0.107 0.043 0.046 0.042 0.015 0.031 0.047 0.149 0.017 0.027 0.039 0.079 0.014 0.019 0.026 0.175 0.063 0.005 0.016 0.038
242 L 0.048 0.062 0.068 0.036 0.011 0.059 0.051 0.036 0.019 0.055 0.156 0.14 0.026 0.052 0.02 0.043 0.037 0.006 0.023 0.052
243 T 0.077 0.035 0.044 0.038 0.017 0.028 0.04 0.046 0.014 0.047 0.059 0.045 0.018 0.022 0.027 0.119 0.236 0.006 0.017 0.063
244 K 0.059 0.135 0.039 0.038 0.009 0.044 0.059 0.042 0.019 0.026 0.041 0.203 0.014 0.016 0.086 0.073 0.042 0.005 0.016 0.032
245 Y 0.039 0.027 0.021 0.018 0.009 0.021 0.027 0.024 0.045 0.042 0.066 0.03 0.018 0.126 0.015 0.03 0.027 0.027 0.341 0.045
246 A 0.202 0.03 0.032 0.032 0.018 0.025 0.038 0.123 0.014 0.05 0.058 0.042 0.017 0.022 0.026 0.113 0.053 0.005 0.016 0.083
247 W 0.04 0.024 0.021 0.02 0.009 0.017 0.024 0.093 0.014 0.031 0.05 0.026 0.015 0.049 0.011 0.034 0.054 0.384 0.053 0.033
248 Y 0.039 0.027 0.021 0.018 0.009 0.021 0.027 0.024 0.045 0.042 0.066 0.03 0.018 0.126 0.015 0.03 0.027 0.027 0.341 0.045
249 F 0.042 0.02 0.018 0.018 0.013 0.013 0.02 0.025 0.014 0.124 0.155 0.022 0.03 0.248 0.013 0.038 0.032 0.012 0.057 0.087
250 G 0.062 0.028 0.083 0.135 0.01 0.024 0.045 0.288 0.017 0.024 0.032 0.039 0.011 0.016 0.02 0.057 0.063 0.005 0.012 0.029
251 S 0.106 0.039 0.052 0.047 0.017 0.032 0.051 0.064 0.019 0.029 0.04 0.052 0.015 0.02 0.029 0.246 0.079 0.005 0.017 0.04
252 V 0.092 0.026 0.022 0.023 0.016 0.021 0.028 0.036 0.013 0.117 0.125 0.032 0.066 0.082 0.018 0.064 0.045 0.007 0.028 0.137
253 F 0.037 0.026 0.023 0.02 0.009 0.019 0.027 0.026 0.076 0.047 0.079 0.027 0.02 0.22 0.014 0.029 0.026 0.021 0.21 0.045
254 D 0.044 0.033 0.126 0.236 0.009 0.029 0.064 0.047 0.024 0.028 0.037 0.044 0.012 0.03 0.021 0.057 0.066 0.007 0.054 0.032
255 A 0.183 0.033 0.034 0.033 0.02 0.026 0.04 0.061 0.014 0.048 0.062 0.045 0.019 0.023 0.029 0.088 0.15 0.006 0.018 0.07
256 G 0.078 0.023 0.039 0.034 0.011 0.019 0.025 0.513 0.013 0.019 0.028 0.034 0.009 0.016 0.019 0.051 0.03 0.005 0.011 0.024
257 S 0.109 0.04 0.054 0.049 0.017 0.033 0.052 0.066 0.019 0.03 0.042 0.054 0.016 0.021 0.03 0.224 0.082 0.005 0.017 0.042
258 E 0.055 0.049 0.04 0.09 0.007 0.064 0.3 0.035 0.026 0.022 0.037 0.075 0.013 0.017 0.026 0.055 0.037 0.005 0.017 0.031
259 A 0.128 0.04 0.033 0.038 0.015 0.031 0.074 0.108 0.015 0.051 0.059 0.076 0.017 0.021 0.025 0.066 0.099 0.005 0.016 0.081
260 N 0.055 0.038 0.227 0.064 0.01 0.029 0.044 0.118 0.025 0.023 0.032 0.048 0.011 0.017 0.082 0.084 0.048 0.004 0.014 0.028
261 N 0.043 0.047 0.234 0.16 0.008 0.034 0.06 0.056 0.026 0.022 0.031 0.081 0.011 0.016 0.021 0.061 0.043 0.004 0.014 0.026
262 F 0.037 0.02 0.02 0.019 0.011 0.012 0.021 0.027 0.016 0.06 0.104 0.022 0.024 0.36 0.012 0.033 0.055 0.015 0.077 0.055
263 Y 0.045 0.032 0.063 0.036 0.01 0.028 0.067 0.032 0.033 0.042 0.069 0.04 0.037 0.075 0.079 0.04 0.033 0.016 0.179 0.045
264 L 0.043 0.023 0.015 0.015 0.014 0.016 0.021 0.022 0.015 0.1 0.303 0.024 0.04 0.105 0.014 0.025 0.032 0.01 0.069 0.095
265 L 0.058 0.023 0.019 0.02 0.017 0.017 0.024 0.027 0.01 0.159 0.226 0.028 0.036 0.042 0.016 0.054 0.044 0.006 0.02 0.156
266 G 0.105 0.028 0.04 0.034 0.012 0.023 0.033 0.351 0.059 0.023 0.034 0.038 0.012 0.019 0.021 0.077 0.037 0.005 0.018 0.031
267 F 0.034 0.018 0.016 0.016 0.011 0.011 0.018 0.024 0.015 0.091 0.117 0.019 0.026 0.362 0.011 0.024 0.026 0.015 0.078 0.068
268 L 0.051 0.022 0.014 0.016 0.017 0.015 0.02 0.022 0.009 0.149 0.283 0.024 0.041 0.046 0.014 0.026 0.038 0.006 0.021 0.165
269 F 0.042 0.02 0.016 0.017 0.013 0.014 0.02 0.024 0.013 0.137 0.135 0.022 0.049 0.225 0.013 0.027 0.033 0.011 0.053 0.117
270 S 0.105 0.042 0.118 0.052 0.014 0.057 0.053 0.059 0.022 0.031 0.044 0.054 0.015 0.019 0.025 0.137 0.087 0.005 0.017 0.043
271 L 0.052 0.025 0.02 0.02 0.016 0.017 0.024 0.027 0.011 0.098 0.263 0.028 0.037 0.089 0.016 0.047 0.066 0.008 0.029 0.107
272 G 0.078 0.023 0.026 0.025 0.015 0.018 0.026 0.157 0.012 0.108 0.125 0.03 0.025 0.078 0.018 0.063 0.04 0.007 0.025 0.102
273 L 0.047 0.021 0.019 0.019 0.015 0.015 0.021 0.025 0.012 0.163 0.166 0.025 0.042 0.132 0.015 0.033 0.064 0.009 0.036 0.121
274 L 0.044 0.024 0.018 0.018 0.015 0.016 0.022 0.024 0.011 0.095 0.301 0.026 0.04 0.116 0.015 0.032 0.061 0.008 0.033 0.082
275 V 0.09 0.023 0.02 0.021 0.018 0.018 0.025 0.031 0.01 0.159 0.152 0.029 0.031 0.036 0.018 0.042 0.072 0.006 0.019 0.181
276 L 0.046 0.021 0.014 0.016 0.015 0.014 0.019 0.021 0.01 0.169 0.254 0.023 0.039 0.092 0.014 0.025 0.035 0.007 0.029 0.137
277 L 0.055 0.025 0.023 0.022 0.094 0.019 0.026 0.032 0.019 0.066 0.161 0.029 0.04 0.112 0.016 0.065 0.039 0.011 0.083 0.063
278 Y 0.07 0.03 0.03 0.033 0.072 0.027 0.066 0.096 0.067 0.042 0.093 0.038 0.019 0.051 0.019 0.054 0.034 0.011 0.102 0.046
279 F 0.035 0.021 0.018 0.017 0.01 0.013 0.021 0.025 0.024 0.058 0.102 0.022 0.023 0.328 0.012 0.027 0.026 0.019 0.147 0.052
280 Y 0.039 0.027 0.021 0.018 0.009 0.021 0.027 0.024 0.045 0.042 0.066 0.03 0.018 0.126 0.015 0.03 0.027 0.027 0.341 0.045
281 Y 0.039 0.028 0.059 0.025 0.01 0.02 0.028 0.029 0.035 0.051 0.109 0.031 0.022 0.139 0.015 0.033 0.03 0.02 0.228 0.05
282 L 0.083 0.077 0.024 0.023 0.074 0.026 0.034 0.034 0.022 0.061 0.108 0.074 0.022 0.052 0.019 0.041 0.036 0.011 0.098 0.082
283 Y 0.039 0.025 0.02 0.018 0.01 0.019 0.025 0.024 0.037 0.076 0.084 0.028 0.021 0.151 0.014 0.029 0.028 0.023 0.269 0.062
284 G 0.086 0.028 0.037 0.032 0.073 0.023 0.033 0.226 0.063 0.028 0.042 0.036 0.013 0.033 0.02 0.084 0.04 0.008 0.059 0.036
285 D 0.041 0.03 0.069 0.396 0.008 0.03 0.092 0.047 0.019 0.022 0.028 0.045 0.009 0.015 0.022 0.052 0.035 0.004 0.011 0.024
286 K 0.057 0.107 0.042 0.042 0.009 0.054 0.071 0.043 0.021 0.028 0.043 0.276 0.016 0.016 0.028 0.054 0.04 0.005 0.017 0.033
287 H 0.042 0.046 0.054 0.038 0.008 0.038 0.054 0.038 0.353 0.023 0.038 0.046 0.015 0.031 0.019 0.042 0.027 0.008 0.057 0.023
288 S 0.11 0.04 0.054 0.049 0.018 0.033 0.053 0.066 0.019 0.03 0.042 0.054 0.016 0.021 0.03 0.218 0.082 0.005 0.018 0.042
289 K 0.057 0.107 0.042 0.042 0.009 0.054 0.071 0.043 0.021 0.028 0.043 0.276 0.016 0.016 0.028 0.054 0.04 0.005 0.017 0.033
290 L 0.045 0.024 0.014 0.015 0.016 0.016 0.02 0.021 0.01 0.116 0.374 0.025 0.05 0.055 0.014 0.024 0.033 0.007 0.022 0.096
291 S 0.11 0.04 0.054 0.049 0.018 0.033 0.053 0.066 0.019 0.03 0.042 0.054 0.016 0.021 0.03 0.218 0.082 0.005 0.018 0.042
292 G 0.078 0.023 0.039 0.034 0.011 0.019 0.026 0.509 0.014 0.019 0.028 0.034 0.009 0.016 0.019 0.051 0.03 0.005 0.011 0.024
293 E 0.055 0.05 0.041 0.09 0.007 0.065 0.295 0.035 0.026 0.022 0.037 0.076 0.013 0.017 0.026 0.055 0.037 0.006 0.017 0.031
294 N 0.043 0.045 0.315 0.083 0.009 0.034 0.05 0.065 0.032 0.023 0.032 0.054 0.011 0.018 0.02 0.07 0.05 0.005 0.016 0.027
295 G 0.078 0.023 0.039 0.034 0.011 0.019 0.026 0.509 0.014 0.019 0.028 0.034 0.009 0.016 0.019 0.051 0.03 0.005 0.011 0.024
296 E 0.054 0.092 0.117 0.061 0.009 0.045 0.12 0.046 0.069 0.023 0.037 0.096 0.013 0.019 0.023 0.078 0.043 0.005 0.021 0.03
297 R 0.055 0.117 0.11 0.043 0.071 0.043 0.043 0.104 0.02 0.025 0.04 0.062 0.013 0.017 0.081 0.063 0.04 0.005 0.015 0.032
298 E 0.063 0.05 0.038 0.064 0.011 0.049 0.2 0.038 0.021 0.042 0.05 0.091 0.016 0.019 0.025 0.077 0.058 0.005 0.017 0.067
299 D 0.045 0.043 0.089 0.199 0.008 0.065 0.138 0.043 0.067 0.022 0.033 0.058 0.012 0.017 0.022 0.052 0.036 0.005 0.019 0.027
300 D 0.04 0.033 0.135 0.333 0.008 0.03 0.078 0.05 0.021 0.022 0.028 0.045 0.009 0.015 0.021 0.055 0.038 0.004 0.012 0.024
301 K 0.05 0.046 0.032 0.083 0.011 0.032 0.08 0.033 0.016 0.057 0.102 0.104 0.021 0.071 0.081 0.041 0.036 0.006 0.025 0.073
302 K 0.059 0.098 0.042 0.091 0.01 0.066 0.096 0.04 0.02 0.042 0.05 0.125 0.016 0.018 0.023 0.073 0.043 0.005 0.017 0.064
303 Y 0.038 0.025 0.02 0.018 0.009 0.018 0.025 0.024 0.038 0.047 0.077 0.027 0.02 0.197 0.014 0.029 0.026 0.024 0.277 0.047
304 N 0.043 0.083 0.194 0.112 0.008 0.038 0.088 0.05 0.071 0.022 0.033 0.061 0.012 0.018 0.02 0.057 0.04 0.005 0.02 0.026
305 L 0.044 0.02 0.018 0.018 0.013 0.013 0.019 0.085 0.012 0.127 0.185 0.023 0.031 0.179 0.013 0.027 0.03 0.01 0.044 0.089
306 L 0.044 0.027 0.019 0.018 0.013 0.022 0.025 0.025 0.022 0.081 0.175 0.03 0.108 0.112 0.015 0.031 0.033 0.014 0.11 0.074
307 L 0.05 0.024 0.015 0.016 0.016 0.017 0.021 0.022 0.01 0.122 0.303 0.026 0.061 0.047 0.015 0.027 0.037 0.007 0.021 0.143
308 N 0.041 0.041 0.3 0.073 0.009 0.031 0.045 0.058 0.032 0.024 0.035 0.049 0.012 0.031 0.019 0.063 0.045 0.007 0.056 0.028
309 L 0.049 0.026 0.057 0.025 0.075 0.021 0.025 0.03 0.014 0.132 0.173 0.031 0.089 0.039 0.016 0.035 0.039 0.006 0.02 0.098
310 Y 0.048 0.056 0.034 0.04 0.008 0.113 0.096 0.033 0.033 0.031 0.052 0.091 0.018 0.057 0.021 0.045 0.034 0.014 0.139 0.037
311 F 0.036 0.021 0.016 0.016 0.011 0.014 0.02 0.024 0.018 0.067 0.169 0.022 0.028 0.24 0.011 0.025 0.026 0.077 0.099 0.059
312 L 0.081 0.022 0.017 0.019 0.015 0.016 0.024 0.03 0.011 0.138 0.181 0.028 0.031 0.083 0.078 0.035 0.037 0.007 0.027 0.121
313 G 0.164 0.026 0.029 0.029 0.077 0.021 0.031 0.174 0.013 0.066 0.062 0.036 0.017 0.022 0.023 0.082 0.044 0.005 0.015 0.064
314 L 0.096 0.027 0.025 0.025 0.017 0.021 0.03 0.037 0.012 0.118 0.145 0.034 0.048 0.034 0.02 0.071 0.076 0.006 0.019 0.139
315 I 0.054 0.02 0.016 0.017 0.017 0.016 0.02 0.022 0.009 0.22 0.152 0.025 0.053 0.04 0.015 0.028 0.042 0.006 0.02 0.207
316 A 0.147 0.031 0.032 0.031 0.017 0.024 0.037 0.053 0.015 0.051 0.103 0.04 0.022 0.073 0.024 0.11 0.093 0.007 0.026 0.062
317 L 0.059 0.026 0.025 0.023 0.077 0.019 0.026 0.03 0.011 0.086 0.196 0.031 0.031 0.035 0.019 0.051 0.124 0.006 0.018 0.104
318 L 0.043 0.023 0.014 0.015 0.016 0.015 0.019 0.02 0.01 0.135 0.367 0.024 0.046 0.052 0.014 0.024 0.033 0.007 0.021 0.103
319 F 0.036 0.018 0.016 0.016 0.072 0.01 0.018 0.025 0.015 0.059 0.104 0.019 0.023 0.359 0.011 0.026 0.026 0.015 0.077 0.053
320 S 0.097 0.038 0.05 0.044 0.017 0.031 0.047 0.059 0.017 0.034 0.046 0.05 0.016 0.021 0.028 0.207 0.127 0.005 0.017 0.048
