#Seq2Logo.py -f /work3/idamei/ssn-clusterings/clustering/2205181126/clusters/0034_219/sequences.afa -o /work3/idamei/ssn-clusterings/clustering/2205181126/clusters/0034_219/sequences.logo
#Position Specific Frequency Matrix
A R N D C Q E G H I L K M F P S T W Y V
0 L 0.052 0.032 0.02 0.02 0.016 0.028 0.028 0.028 0.016 0.1 0.197 0.036 0.161 0.048 0.016 0.036 0.04 0.008 0.024 0.092
1 G 0.078 0.023 0.039 0.034 0.011 0.019 0.026 0.51 0.014 0.019 0.028 0.034 0.009 0.016 0.019 0.051 0.03 0.005 0.011 0.024
2 S 0.11 0.04 0.054 0.049 0.018 0.033 0.052 0.066 0.019 0.03 0.042 0.054 0.016 0.021 0.03 0.22 0.082 0.005 0.018 0.042
3 Q 0.056 0.074 0.044 0.047 0.009 0.215 0.103 0.041 0.029 0.026 0.047 0.091 0.021 0.015 0.024 0.056 0.041 0.006 0.021 0.035
4 D 0.041 0.03 0.069 0.397 0.008 0.03 0.091 0.047 0.019 0.022 0.028 0.045 0.009 0.015 0.022 0.052 0.035 0.004 0.011 0.024
5 M 0.047 0.029 0.018 0.018 0.015 0.025 0.025 0.025 0.015 0.091 0.178 0.033 0.242 0.044 0.015 0.033 0.036 0.007 0.022 0.083
6 D 0.064 0.031 0.054 0.152 0.01 0.03 0.115 0.062 0.016 0.063 0.08 0.043 0.027 0.022 0.045 0.059 0.056 0.005 0.014 0.05
7 H 0.042 0.046 0.053 0.038 0.008 0.038 0.053 0.038 0.355 0.023 0.038 0.046 0.015 0.03 0.019 0.042 0.027 0.008 0.057 0.023
8 K 0.057 0.107 0.042 0.042 0.009 0.054 0.071 0.043 0.021 0.028 0.043 0.278 0.016 0.016 0.028 0.054 0.04 0.005 0.017 0.033
9 A 0.29 0.031 0.026 0.03 0.022 0.026 0.04 0.078 0.015 0.043 0.059 0.045 0.018 0.022 0.03 0.085 0.05 0.005 0.018 0.069
10 L 0.052 0.032 0.02 0.02 0.016 0.028 0.028 0.028 0.016 0.1 0.197 0.036 0.161 0.048 0.016 0.036 0.04 0.008 0.024 0.092
11 P 0.057 0.026 0.023 0.031 0.01 0.021 0.036 0.036 0.013 0.026 0.036 0.041 0.01 0.013 0.494 0.044 0.036 0.003 0.013 0.031
12 Q 0.056 0.074 0.044 0.047 0.009 0.215 0.103 0.041 0.029 0.026 0.047 0.091 0.021 0.015 0.024 0.056 0.041 0.006 0.021 0.035
13 A 0.29 0.031 0.026 0.03 0.022 0.026 0.04 0.078 0.015 0.043 0.059 0.045 0.018 0.022 0.03 0.085 0.05 0.005 0.018 0.069
14 L 0.045 0.024 0.014 0.015 0.016 0.016 0.02 0.021 0.01 0.115 0.375 0.025 0.05 0.055 0.014 0.024 0.033 0.007 0.022 0.096
15 A 0.29 0.031 0.026 0.03 0.022 0.026 0.04 0.078 0.015 0.043 0.059 0.045 0.018 0.022 0.03 0.085 0.05 0.005 0.018 0.069
16 L 0.045 0.024 0.014 0.015 0.016 0.016 0.02 0.021 0.01 0.115 0.375 0.025 0.05 0.055 0.014 0.024 0.033 0.007 0.022 0.096
17 F 0.034 0.019 0.017 0.017 0.011 0.011 0.019 0.025 0.017 0.063 0.114 0.019 0.025 0.387 0.011 0.025 0.025 0.017 0.089 0.055
18 L 0.045 0.024 0.014 0.015 0.016 0.016 0.02 0.021 0.01 0.115 0.375 0.025 0.05 0.055 0.014 0.024 0.033 0.007 0.022 0.096
19 I 0.047 0.018 0.015 0.018 0.016 0.013 0.018 0.021 0.009 0.271 0.168 0.024 0.037 0.044 0.015 0.025 0.04 0.006 0.021 0.177
20 V 0.07 0.022 0.016 0.018 0.019 0.016 0.023 0.025 0.008 0.165 0.13 0.026 0.032 0.036 0.016 0.033 0.049 0.006 0.021 0.269
21 L 0.052 0.032 0.02 0.02 0.016 0.028 0.028 0.028 0.016 0.1 0.197 0.036 0.161 0.048 0.016 0.036 0.04 0.008 0.024 0.092
22 I 0.047 0.018 0.015 0.018 0.016 0.013 0.018 0.021 0.009 0.271 0.168 0.024 0.037 0.044 0.015 0.025 0.04 0.006 0.021 0.177
23 I 0.047 0.018 0.015 0.018 0.016 0.013 0.018 0.021 0.009 0.271 0.168 0.024 0.037 0.044 0.015 0.025 0.04 0.006 0.021 0.177
24 A 0.29 0.031 0.026 0.03 0.022 0.026 0.04 0.078 0.015 0.043 0.059 0.045 0.018 0.022 0.03 0.085 0.05 0.005 0.018 0.069
25 T 0.073 0.036 0.043 0.038 0.018 0.028 0.039 0.043 0.014 0.053 0.065 0.045 0.02 0.024 0.028 0.093 0.246 0.006 0.018 0.071
26 L 0.045 0.024 0.014 0.015 0.016 0.016 0.02 0.021 0.01 0.115 0.375 0.025 0.05 0.055 0.014 0.024 0.033 0.007 0.022 0.096
27 I 0.047 0.018 0.015 0.018 0.016 0.013 0.018 0.021 0.009 0.271 0.168 0.024 0.037 0.044 0.015 0.025 0.04 0.006 0.021 0.177
28 Q 0.056 0.074 0.044 0.047 0.009 0.215 0.103 0.041 0.029 0.026 0.047 0.091 0.021 0.015 0.024 0.056 0.041 0.006 0.021 0.035
29 Q 0.056 0.074 0.044 0.047 0.009 0.215 0.103 0.041 0.029 0.026 0.047 0.091 0.021 0.015 0.024 0.056 0.041 0.006 0.021 0.035
30 H 0.042 0.046 0.053 0.038 0.008 0.038 0.053 0.038 0.355 0.023 0.038 0.046 0.015 0.03 0.019 0.042 0.027 0.008 0.057 0.023
31 L 0.045 0.024 0.014 0.015 0.016 0.016 0.02 0.021 0.01 0.115 0.375 0.025 0.05 0.055 0.014 0.024 0.033 0.007 0.022 0.096
32 I 0.047 0.018 0.015 0.018 0.016 0.013 0.018 0.021 0.009 0.271 0.168 0.024 0.037 0.044 0.015 0.025 0.04 0.006 0.021 0.177
33 S 0.11 0.04 0.054 0.049 0.018 0.033 0.052 0.066 0.019 0.03 0.042 0.054 0.016 0.021 0.03 0.22 0.082 0.005 0.018 0.042
34 G 0.078 0.023 0.039 0.034 0.011 0.019 0.026 0.51 0.014 0.019 0.028 0.034 0.009 0.016 0.019 0.051 0.03 0.005 0.011 0.024
35 S 0.11 0.04 0.054 0.049 0.018 0.033 0.052 0.066 0.019 0.03 0.042 0.054 0.016 0.021 0.03 0.22 0.082 0.005 0.018 0.042
36 P 0.057 0.026 0.023 0.031 0.01 0.021 0.036 0.036 0.013 0.026 0.036 0.041 0.01 0.013 0.494 0.044 0.036 0.003 0.013 0.031
37 V 0.07 0.022 0.016 0.018 0.019 0.016 0.023 0.025 0.008 0.165 0.13 0.026 0.032 0.036 0.016 0.033 0.049 0.006 0.021 0.269
38 T 0.073 0.036 0.043 0.038 0.018 0.028 0.039 0.043 0.014 0.053 0.065 0.045 0.02 0.024 0.028 0.093 0.246 0.006 0.018 0.071
39 E 0.051 0.029 0.031 0.091 0.011 0.029 0.121 0.06 0.015 0.093 0.095 0.041 0.019 0.026 0.047 0.054 0.051 0.034 0.018 0.082
40 A 0.29 0.031 0.026 0.03 0.022 0.026 0.04 0.078 0.015 0.043 0.059 0.045 0.018 0.022 0.03 0.085 0.05 0.005 0.018 0.069
41 A 0.29 0.031 0.026 0.03 0.022 0.026 0.04 0.078 0.015 0.043 0.059 0.045 0.018 0.022 0.03 0.085 0.05 0.005 0.018 0.069
42 L 0.045 0.025 0.025 0.066 0.013 0.022 0.059 0.027 0.014 0.115 0.166 0.032 0.046 0.113 0.016 0.036 0.058 0.008 0.031 0.083
43 D 0.044 0.03 0.045 0.224 0.01 0.03 0.102 0.036 0.017 0.081 0.112 0.042 0.021 0.026 0.02 0.043 0.035 0.005 0.015 0.062
44 L 0.044 0.022 0.041 0.022 0.012 0.016 0.023 0.027 0.017 0.133 0.144 0.026 0.027 0.118 0.014 0.044 0.035 0.057 0.08 0.099
45 L 0.064 0.022 0.018 0.019 0.014 0.016 0.023 0.027 0.012 0.158 0.171 0.027 0.04 0.084 0.043 0.045 0.051 0.007 0.036 0.122
46 E 0.047 0.032 0.062 0.084 0.01 0.032 0.139 0.056 0.018 0.045 0.131 0.043 0.03 0.065 0.045 0.052 0.034 0.006 0.024 0.045
47 K 0.049 0.118 0.036 0.035 0.008 0.045 0.059 0.049 0.018 0.025 0.04 0.297 0.014 0.017 0.023 0.046 0.034 0.041 0.019 0.029
48 L 0.061 0.021 0.017 0.018 0.037 0.015 0.021 0.026 0.011 0.131 0.216 0.025 0.041 0.112 0.014 0.05 0.036 0.007 0.029 0.11
49 L 0.061 0.019 0.015 0.016 0.015 0.014 0.019 0.046 0.009 0.173 0.195 0.023 0.032 0.082 0.014 0.028 0.035 0.007 0.025 0.171
50 A 0.203 0.031 0.063 0.037 0.039 0.025 0.039 0.106 0.016 0.031 0.044 0.042 0.014 0.018 0.025 0.149 0.053 0.005 0.015 0.046
51 I 0.044 0.018 0.013 0.015 0.015 0.013 0.017 0.019 0.008 0.251 0.206 0.022 0.035 0.063 0.013 0.023 0.035 0.006 0.022 0.161
52 F 0.063 0.021 0.022 0.021 0.035 0.015 0.022 0.121 0.013 0.093 0.119 0.025 0.032 0.174 0.015 0.054 0.033 0.009 0.038 0.076
53 L 0.04 0.02 0.016 0.016 0.012 0.014 0.019 0.045 0.014 0.136 0.185 0.022 0.039 0.177 0.012 0.025 0.03 0.011 0.071 0.096
54 S 0.134 0.034 0.044 0.041 0.016 0.028 0.044 0.082 0.016 0.029 0.04 0.046 0.014 0.019 0.026 0.245 0.078 0.005 0.016 0.042
55 L 0.105 0.023 0.019 0.02 0.038 0.017 0.024 0.034 0.011 0.099 0.235 0.028 0.031 0.076 0.019 0.063 0.038 0.006 0.024 0.089
56 G 0.098 0.025 0.025 0.024 0.014 0.02 0.026 0.172 0.012 0.062 0.16 0.032 0.061 0.042 0.018 0.064 0.049 0.006 0.018 0.071
57 I 0.042 0.018 0.014 0.016 0.037 0.013 0.017 0.02 0.01 0.25 0.168 0.022 0.05 0.093 0.013 0.024 0.034 0.007 0.027 0.127
58 L 0.039 0.021 0.013 0.014 0.014 0.014 0.018 0.02 0.01 0.098 0.364 0.022 0.04 0.12 0.012 0.022 0.029 0.008 0.031 0.091
59 G 0.066 0.021 0.022 0.021 0.035 0.016 0.022 0.188 0.012 0.073 0.184 0.027 0.025 0.056 0.038 0.036 0.043 0.007 0.035 0.071
60 A 0.29 0.031 0.026 0.03 0.022 0.026 0.04 0.078 0.015 0.043 0.059 0.044 0.017 0.022 0.03 0.085 0.05 0.005 0.017 0.069
61 I 0.064 0.034 0.073 0.033 0.012 0.079 0.042 0.081 0.019 0.097 0.076 0.043 0.029 0.05 0.018 0.054 0.05 0.007 0.052 0.086
62 A 0.298 0.028 0.026 0.028 0.018 0.023 0.035 0.11 0.014 0.037 0.052 0.039 0.015 0.038 0.025 0.091 0.045 0.005 0.018 0.056
63 L 0.05 0.022 0.016 0.015 0.011 0.016 0.021 0.024 0.021 0.073 0.195 0.024 0.027 0.087 0.012 0.026 0.027 0.129 0.143 0.061
64 L 0.103 0.021 0.017 0.018 0.064 0.016 0.022 0.056 0.01 0.129 0.202 0.026 0.039 0.044 0.016 0.037 0.036 0.006 0.019 0.121
65 L 0.109 0.024 0.02 0.021 0.061 0.029 0.027 0.034 0.011 0.097 0.175 0.03 0.028 0.05 0.017 0.06 0.041 0.006 0.02 0.141
66 R 0.061 0.217 0.035 0.031 0.008 0.041 0.05 0.081 0.019 0.023 0.04 0.192 0.014 0.017 0.02 0.045 0.033 0.028 0.017 0.03
67 R 0.062 0.204 0.047 0.03 0.01 0.035 0.043 0.035 0.017 0.058 0.087 0.114 0.019 0.021 0.019 0.06 0.056 0.005 0.016 0.06
68 V 0.068 0.034 0.023 0.022 0.034 0.023 0.031 0.032 0.07 0.088 0.095 0.07 0.031 0.063 0.016 0.035 0.033 0.033 0.09 0.107
69 V 0.112 0.024 0.023 0.023 0.061 0.018 0.027 0.037 0.012 0.101 0.084 0.031 0.022 0.062 0.019 0.07 0.091 0.007 0.037 0.138
70 G 0.063 0.086 0.036 0.032 0.009 0.049 0.038 0.357 0.016 0.02 0.031 0.087 0.011 0.015 0.019 0.055 0.032 0.005 0.012 0.025
71 S 0.092 0.031 0.039 0.035 0.016 0.025 0.038 0.07 0.014 0.058 0.058 0.041 0.017 0.04 0.023 0.174 0.129 0.005 0.019 0.077
72 W 0.027 0.02 0.014 0.014 0.007 0.014 0.02 0.027 0.014 0.029 0.05 0.02 0.014 0.072 0.007 0.021 0.021 0.52 0.062 0.028
73 L 0.075 0.022 0.017 0.018 0.015 0.016 0.022 0.027 0.01 0.148 0.25 0.026 0.034 0.057 0.015 0.044 0.049 0.006 0.021 0.129
74 N 0.114 0.029 0.134 0.04 0.013 0.022 0.033 0.048 0.018 0.056 0.064 0.037 0.017 0.113 0.019 0.067 0.077 0.007 0.03 0.063
75 P 0.065 0.023 0.021 0.028 0.01 0.019 0.033 0.034 0.012 0.024 0.034 0.037 0.01 0.012 0.521 0.041 0.033 0.002 0.012 0.029
76 A 0.233 0.026 0.026 0.027 0.016 0.021 0.032 0.169 0.013 0.041 0.051 0.037 0.016 0.019 0.069 0.072 0.041 0.005 0.014 0.072
77 V 0.088 0.025 0.029 0.027 0.129 0.02 0.03 0.063 0.012 0.068 0.068 0.033 0.019 0.023 0.02 0.129 0.063 0.005 0.015 0.135
78 L 0.045 0.019 0.013 0.015 0.015 0.014 0.018 0.02 0.008 0.195 0.282 0.022 0.038 0.043 0.013 0.023 0.035 0.006 0.019 0.156
79 F 0.031 0.018 0.015 0.015 0.01 0.011 0.018 0.023 0.017 0.067 0.105 0.019 0.023 0.356 0.01 0.023 0.024 0.061 0.101 0.053
80 S 0.107 0.03 0.053 0.037 0.082 0.024 0.037 0.142 0.015 0.029 0.044 0.04 0.014 0.02 0.023 0.177 0.067 0.005 0.014 0.04
81 L 0.045 0.022 0.015 0.016 0.037 0.016 0.02 0.022 0.01 0.102 0.346 0.024 0.057 0.062 0.014 0.036 0.033 0.007 0.022 0.094
82 F 0.09 0.019 0.017 0.018 0.012 0.013 0.021 0.054 0.014 0.055 0.114 0.022 0.022 0.327 0.013 0.033 0.027 0.012 0.062 0.053
83 W 0.027 0.02 0.014 0.014 0.007 0.014 0.02 0.027 0.014 0.027 0.048 0.02 0.014 0.055 0.007 0.02 0.02 0.543 0.061 0.027
84 F 0.049 0.019 0.017 0.017 0.011 0.011 0.019 0.027 0.015 0.059 0.099 0.02 0.022 0.392 0.011 0.037 0.027 0.014 0.072 0.062
85 L 0.081 0.021 0.017 0.018 0.037 0.015 0.021 0.074 0.011 0.105 0.195 0.024 0.038 0.114 0.015 0.032 0.033 0.007 0.029 0.115
86 F 0.035 0.021 0.017 0.016 0.01 0.015 0.021 0.022 0.026 0.057 0.115 0.023 0.022 0.252 0.012 0.025 0.025 0.018 0.205 0.062
87 T 0.065 0.031 0.037 0.032 0.016 0.024 0.034 0.037 0.012 0.065 0.065 0.039 0.019 0.023 0.024 0.079 0.297 0.005 0.016 0.08
88 F 0.096 0.019 0.016 0.017 0.012 0.013 0.021 0.031 0.014 0.075 0.111 0.022 0.023 0.302 0.013 0.033 0.029 0.012 0.058 0.079
89 F 0.042 0.018 0.014 0.015 0.036 0.012 0.018 0.022 0.011 0.143 0.145 0.02 0.028 0.213 0.012 0.025 0.032 0.01 0.045 0.14
90 P 0.051 0.023 0.021 0.028 0.009 0.019 0.033 0.033 0.012 0.023 0.033 0.037 0.009 0.012 0.544 0.04 0.033 0.002 0.012 0.028
91 L 0.04 0.022 0.013 0.014 0.015 0.015 0.018 0.019 0.009 0.104 0.437 0.023 0.045 0.049 0.013 0.022 0.03 0.006 0.02 0.087
92 V 0.079 0.02 0.015 0.016 0.016 0.015 0.021 0.026 0.009 0.126 0.179 0.024 0.03 0.089 0.015 0.031 0.038 0.007 0.027 0.217
93 V 0.107 0.021 0.018 0.019 0.038 0.016 0.022 0.077 0.01 0.13 0.116 0.026 0.034 0.085 0.016 0.037 0.037 0.006 0.025 0.159
94 L 0.142 0.025 0.019 0.02 0.016 0.02 0.026 0.083 0.012 0.074 0.2 0.031 0.074 0.052 0.018 0.043 0.036 0.006 0.021 0.082
95 F 0.036 0.02 0.017 0.019 0.009 0.013 0.022 0.026 0.015 0.043 0.074 0.024 0.018 0.252 0.126 0.029 0.038 0.104 0.072 0.041
96 N 0.069 0.033 0.096 0.065 0.01 0.03 0.095 0.088 0.022 0.029 0.043 0.044 0.013 0.05 0.02 0.093 0.065 0.031 0.068 0.036
97 V 0.137 0.022 0.017 0.019 0.017 0.017 0.025 0.034 0.009 0.135 0.107 0.028 0.035 0.03 0.018 0.041 0.044 0.005 0.018 0.243
98 P 0.051 0.025 0.024 0.04 0.009 0.021 0.049 0.044 0.03 0.023 0.032 0.039 0.01 0.013 0.475 0.04 0.032 0.003 0.013 0.027
99 V 0.061 0.021 0.019 0.02 0.016 0.016 0.023 0.026 0.009 0.179 0.115 0.026 0.028 0.05 0.016 0.062 0.045 0.005 0.021 0.242
100 N 0.047 0.038 0.266 0.1 0.009 0.03 0.061 0.053 0.025 0.024 0.033 0.047 0.011 0.021 0.02 0.087 0.063 0.005 0.03 0.029
101 P 0.076 0.023 0.02 0.025 0.011 0.018 0.03 0.034 0.011 0.046 0.075 0.035 0.014 0.019 0.406 0.04 0.033 0.027 0.015 0.042
102 L 0.067 0.024 0.035 0.039 0.012 0.017 0.026 0.053 0.015 0.062 0.198 0.027 0.036 0.076 0.014 0.034 0.042 0.101 0.062 0.058
103 A 0.263 0.028 0.03 0.03 0.017 0.023 0.036 0.153 0.014 0.034 0.046 0.04 0.014 0.019 0.025 0.109 0.047 0.005 0.015 0.052
104 I 0.064 0.021 0.019 0.02 0.016 0.016 0.022 0.026 0.009 0.212 0.14 0.027 0.048 0.035 0.016 0.038 0.087 0.005 0.018 0.16
105 L 0.117 0.023 0.019 0.02 0.015 0.017 0.024 0.08 0.011 0.096 0.227 0.028 0.039 0.053 0.017 0.049 0.037 0.006 0.02 0.1
106 Y 0.035 0.022 0.018 0.016 0.009 0.016 0.022 0.022 0.031 0.048 0.092 0.024 0.02 0.23 0.012 0.026 0.025 0.021 0.263 0.047
107 I 0.043 0.017 0.013 0.016 0.015 0.012 0.016 0.019 0.008 0.303 0.187 0.022 0.034 0.041 0.013 0.023 0.036 0.005 0.019 0.159
108 L 0.064 0.021 0.016 0.016 0.014 0.014 0.021 0.025 0.011 0.09 0.229 0.023 0.031 0.147 0.014 0.03 0.044 0.032 0.037 0.122
109 L 0.132 0.023 0.02 0.021 0.038 0.017 0.025 0.06 0.011 0.1 0.146 0.029 0.025 0.086 0.018 0.056 0.05 0.007 0.025 0.109
110 C 0.118 0.02 0.019 0.019 0.217 0.015 0.022 0.061 0.013 0.041 0.064 0.025 0.016 0.118 0.016 0.053 0.034 0.031 0.046 0.05
111 C 0.063 0.023 0.038 0.024 0.196 0.017 0.025 0.032 0.01 0.075 0.09 0.028 0.02 0.024 0.018 0.066 0.091 0.005 0.015 0.141
112 L 0.071 0.019 0.015 0.016 0.037 0.013 0.019 0.025 0.01 0.165 0.188 0.023 0.031 0.123 0.014 0.029 0.034 0.007 0.031 0.132
113 L 0.137 0.024 0.021 0.022 0.038 0.018 0.027 0.039 0.012 0.083 0.17 0.03 0.026 0.085 0.018 0.067 0.052 0.007 0.026 0.099
114 F 0.032 0.017 0.015 0.015 0.01 0.01 0.017 0.023 0.015 0.061 0.104 0.017 0.023 0.43 0.01 0.023 0.024 0.015 0.077 0.062
115 S 0.127 0.033 0.043 0.039 0.015 0.027 0.042 0.124 0.016 0.029 0.04 0.045 0.014 0.019 0.025 0.217 0.085 0.005 0.015 0.041
116 L 0.089 0.023 0.019 0.019 0.015 0.017 0.023 0.053 0.011 0.126 0.274 0.028 0.043 0.039 0.016 0.055 0.037 0.006 0.019 0.089
117 P 0.085 0.029 0.035 0.034 0.013 0.023 0.037 0.113 0.014 0.028 0.038 0.041 0.012 0.016 0.205 0.133 0.09 0.004 0.014 0.037
118 A 0.166 0.027 0.028 0.028 0.047 0.022 0.033 0.074 0.013 0.068 0.07 0.036 0.028 0.042 0.022 0.113 0.061 0.005 0.019 0.101
119 L 0.055 0.021 0.015 0.015 0.036 0.014 0.02 0.023 0.012 0.09 0.271 0.023 0.043 0.131 0.013 0.027 0.031 0.009 0.05 0.102
120 L 0.073 0.022 0.018 0.019 0.013 0.017 0.023 0.076 0.012 0.069 0.187 0.027 0.055 0.127 0.086 0.034 0.031 0.008 0.032 0.071
121 F 0.042 0.021 0.021 0.02 0.012 0.014 0.022 0.027 0.014 0.062 0.111 0.024 0.032 0.302 0.014 0.046 0.079 0.012 0.058 0.067
122 D 0.048 0.091 0.117 0.152 0.009 0.046 0.055 0.043 0.019 0.028 0.037 0.055 0.012 0.016 0.088 0.071 0.052 0.004 0.014 0.042
123 W 0.029 0.026 0.018 0.017 0.007 0.017 0.025 0.028 0.049 0.027 0.046 0.037 0.014 0.05 0.009 0.023 0.021 0.473 0.059 0.027
124 R 0.056 0.187 0.054 0.054 0.009 0.05 0.053 0.075 0.019 0.023 0.039 0.155 0.013 0.016 0.021 0.08 0.045 0.005 0.015 0.03
125 A 0.109 0.083 0.046 0.032 0.013 0.04 0.043 0.043 0.018 0.056 0.06 0.102 0.017 0.061 0.021 0.087 0.056 0.007 0.038 0.069
126 A 0.282 0.03 0.024 0.026 0.018 0.023 0.036 0.083 0.03 0.051 0.059 0.051 0.017 0.021 0.024 0.066 0.043 0.005 0.017 0.093
127 F 0.041 0.058 0.036 0.022 0.011 0.03 0.027 0.026 0.033 0.081 0.152 0.034 0.026 0.174 0.014 0.032 0.043 0.01 0.056 0.095
128 A 0.136 0.066 0.045 0.054 0.013 0.04 0.075 0.044 0.018 0.054 0.072 0.055 0.018 0.029 0.022 0.063 0.075 0.007 0.048 0.065
129 A 0.118 0.093 0.046 0.036 0.012 0.056 0.074 0.043 0.018 0.051 0.079 0.107 0.037 0.021 0.022 0.063 0.051 0.005 0.017 0.051
130 N 0.056 0.057 0.308 0.065 0.009 0.031 0.044 0.055 0.026 0.036 0.036 0.063 0.012 0.017 0.019 0.07 0.044 0.004 0.015 0.033
131 A 0.119 0.077 0.03 0.033 0.012 0.032 0.069 0.064 0.033 0.047 0.115 0.112 0.02 0.023 0.021 0.06 0.05 0.005 0.018 0.061
132 L 0.065 0.06 0.087 0.038 0.023 0.064 0.06 0.038 0.019 0.051 0.091 0.088 0.019 0.043 0.043 0.058 0.039 0.006 0.028 0.08
133 K 0.048 0.072 0.098 0.044 0.009 0.041 0.068 0.04 0.038 0.043 0.061 0.223 0.016 0.018 0.022 0.05 0.049 0.005 0.017 0.038
134 P 0.053 0.052 0.036 0.056 0.011 0.036 0.039 0.078 0.014 0.066 0.108 0.079 0.02 0.025 0.125 0.051 0.049 0.005 0.016 0.084
135 R 0.082 0.103 0.057 0.056 0.011 0.042 0.06 0.04 0.019 0.051 0.065 0.08 0.026 0.034 0.043 0.081 0.053 0.006 0.033 0.058
136 A 0.12 0.034 0.058 0.106 0.014 0.03 0.079 0.053 0.018 0.035 0.051 0.046 0.015 0.062 0.024 0.104 0.074 0.006 0.023 0.046
137 A 0.135 0.047 0.048 0.052 0.014 0.024 0.038 0.048 0.016 0.042 0.07 0.042 0.016 0.046 0.1 0.101 0.059 0.006 0.037 0.06
138 A 0.105 0.078 0.049 0.036 0.012 0.042 0.046 0.07 0.035 0.043 0.047 0.103 0.015 0.02 0.069 0.076 0.065 0.029 0.019 0.043
139 A 0.107 0.03 0.079 0.074 0.022 0.025 0.059 0.101 0.035 0.037 0.05 0.039 0.015 0.066 0.02 0.074 0.063 0.007 0.044 0.053
140 L 0.057 0.034 0.04 0.078 0.012 0.02 0.033 0.029 0.019 0.12 0.157 0.038 0.025 0.051 0.016 0.044 0.034 0.009 0.097 0.087
141 F 0.033 0.021 0.017 0.016 0.009 0.014 0.021 0.023 0.027 0.051 0.1 0.022 0.021 0.287 0.012 0.025 0.024 0.019 0.21 0.048
142 G 0.058 0.082 0.099 0.1 0.01 0.029 0.059 0.18 0.018 0.022 0.034 0.063 0.011 0.034 0.02 0.091 0.04 0.005 0.016 0.028
143 G 0.072 0.06 0.071 0.04 0.012 0.039 0.042 0.16 0.034 0.029 0.039 0.061 0.014 0.018 0.022 0.139 0.085 0.005 0.016 0.042
144 P 0.084 0.084 0.048 0.035 0.011 0.036 0.044 0.054 0.016 0.027 0.039 0.109 0.013 0.015 0.182 0.083 0.065 0.004 0.014 0.035
145 F 0.04 0.023 0.019 0.018 0.012 0.026 0.024 0.025 0.032 0.083 0.169 0.025 0.027 0.237 0.013 0.037 0.03 0.011 0.066 0.085
146 L 0.042 0.02 0.014 0.015 0.037 0.014 0.018 0.021 0.01 0.155 0.281 0.023 0.059 0.081 0.013 0.024 0.032 0.007 0.025 0.11
147 R 0.053 0.12 0.042 0.027 0.012 0.026 0.034 0.031 0.015 0.087 0.118 0.063 0.023 0.03 0.018 0.063 0.076 0.029 0.027 0.107
148 L 0.07 0.046 0.041 0.026 0.059 0.022 0.029 0.07 0.014 0.091 0.155 0.055 0.024 0.035 0.018 0.064 0.074 0.006 0.033 0.069
149 A 0.14 0.026 0.027 0.026 0.084 0.02 0.03 0.078 0.012 0.074 0.081 0.034 0.033 0.042 0.021 0.091 0.08 0.005 0.018 0.078
150 F 0.033 0.018 0.015 0.015 0.033 0.01 0.017 0.023 0.014 0.062 0.145 0.018 0.025 0.377 0.01 0.023 0.024 0.014 0.069 0.054
151 Y 0.081 0.024 0.019 0.018 0.011 0.018 0.025 0.029 0.044 0.059 0.119 0.028 0.022 0.128 0.015 0.033 0.03 0.016 0.203 0.077
152 L 0.052 0.032 0.02 0.02 0.016 0.028 0.028 0.028 0.016 0.1 0.197 0.036 0.161 0.048 0.016 0.036 0.04 0.008 0.024 0.092
153 L 0.076 0.024 0.025 0.024 0.038 0.019 0.027 0.067 0.012 0.088 0.154 0.03 0.025 0.066 0.018 0.097 0.057 0.006 0.022 0.122
154 L 0.085 0.024 0.022 0.022 0.027 0.018 0.025 0.078 0.012 0.113 0.148 0.029 0.064 0.087 0.016 0.068 0.039 0.007 0.026 0.09
155 S 0.097 0.036 0.033 0.032 0.048 0.08 0.045 0.065 0.016 0.057 0.089 0.046 0.02 0.04 0.021 0.114 0.071 0.005 0.019 0.065
156 L 0.067 0.023 0.022 0.022 0.015 0.017 0.024 0.061 0.011 0.115 0.194 0.029 0.029 0.061 0.017 0.052 0.098 0.006 0.022 0.115
157 L 0.065 0.022 0.019 0.02 0.015 0.016 0.023 0.028 0.011 0.156 0.186 0.026 0.03 0.098 0.015 0.068 0.04 0.007 0.028 0.126
158 A 0.155 0.027 0.029 0.029 0.04 0.022 0.034 0.048 0.012 0.078 0.071 0.037 0.019 0.024 0.022 0.125 0.076 0.005 0.016 0.132
159 L 0.056 0.019 0.015 0.016 0.015 0.014 0.019 0.022 0.008 0.21 0.211 0.024 0.034 0.039 0.014 0.028 0.049 0.005 0.019 0.181
160 L 0.072 0.02 0.015 0.016 0.015 0.014 0.02 0.025 0.01 0.148 0.205 0.023 0.036 0.112 0.014 0.029 0.035 0.007 0.03 0.153
161 C 0.085 0.021 0.022 0.021 0.24 0.016 0.023 0.059 0.012 0.045 0.072 0.026 0.035 0.106 0.017 0.077 0.038 0.007 0.027 0.051
162 L 0.049 0.024 0.022 0.02 0.014 0.019 0.024 0.025 0.03 0.148 0.204 0.028 0.068 0.042 0.015 0.044 0.063 0.007 0.037 0.118
163 L 0.07 0.021 0.016 0.017 0.016 0.014 0.02 0.049 0.011 0.125 0.233 0.024 0.032 0.126 0.014 0.031 0.044 0.008 0.031 0.096
164 L 0.08 0.022 0.017 0.018 0.014 0.027 0.024 0.05 0.011 0.157 0.187 0.027 0.039 0.072 0.015 0.032 0.035 0.019 0.025 0.129
165 N 0.06 0.033 0.18 0.16 0.009 0.027 0.051 0.14 0.055 0.021 0.029 0.042 0.01 0.016 0.019 0.064 0.038 0.004 0.016 0.025
166 L 0.045 0.023 0.015 0.016 0.015 0.017 0.021 0.022 0.01 0.11 0.329 0.025 0.066 0.046 0.014 0.036 0.034 0.03 0.022 0.107
167 L 0.097 0.046 0.035 0.027 0.013 0.022 0.032 0.062 0.015 0.064 0.127 0.049 0.022 0.087 0.018 0.099 0.042 0.031 0.043 0.067
168 I 0.104 0.025 0.02 0.022 0.015 0.039 0.031 0.033 0.011 0.185 0.163 0.033 0.029 0.033 0.017 0.058 0.04 0.005 0.018 0.116
169 Q 0.05 0.065 0.055 0.044 0.008 0.281 0.091 0.038 0.027 0.024 0.042 0.081 0.018 0.013 0.021 0.051 0.037 0.005 0.018 0.031
170 G 0.071 0.021 0.035 0.03 0.01 0.017 0.023 0.559 0.012 0.017 0.025 0.03 0.008 0.015 0.017 0.046 0.027 0.005 0.01 0.022
171 F 0.039 0.018 0.015 0.016 0.012 0.012 0.018 0.022 0.015 0.132 0.133 0.02 0.027 0.25 0.012 0.024 0.029 0.012 0.081 0.114
172 S 0.107 0.037 0.058 0.052 0.015 0.03 0.058 0.076 0.017 0.03 0.041 0.06 0.014 0.019 0.025 0.193 0.107 0.005 0.015 0.042
173 L 0.045 0.02 0.015 0.017 0.013 0.014 0.02 0.022 0.011 0.148 0.199 0.024 0.03 0.077 0.082 0.026 0.033 0.03 0.041 0.133
174 A 0.108 0.049 0.04 0.06 0.012 0.04 0.079 0.043 0.022 0.034 0.054 0.046 0.025 0.056 0.021 0.097 0.054 0.032 0.085 0.043
175 D 0.063 0.052 0.065 0.24 0.009 0.055 0.095 0.067 0.019 0.026 0.051 0.051 0.013 0.017 0.021 0.072 0.038 0.004 0.013 0.031
176 L 0.055 0.02 0.015 0.016 0.013 0.014 0.02 0.024 0.012 0.109 0.208 0.023 0.051 0.195 0.013 0.027 0.031 0.01 0.043 0.102
177 L 0.044 0.019 0.015 0.016 0.014 0.013 0.019 0.021 0.01 0.185 0.202 0.022 0.033 0.121 0.013 0.027 0.047 0.008 0.031 0.139
178 F 0.069 0.032 0.101 0.058 0.012 0.023 0.036 0.065 0.017 0.041 0.081 0.05 0.018 0.123 0.019 0.085 0.089 0.007 0.031 0.045
179 N 0.052 0.035 0.195 0.188 0.009 0.03 0.071 0.053 0.022 0.022 0.03 0.047 0.011 0.016 0.021 0.108 0.046 0.004 0.013 0.027
180 P 0.059 0.021 0.017 0.02 0.012 0.016 0.025 0.027 0.011 0.083 0.172 0.028 0.025 0.083 0.221 0.032 0.032 0.006 0.024 0.085
181 L 0.042 0.022 0.031 0.018 0.014 0.016 0.021 0.023 0.013 0.137 0.253 0.025 0.043 0.084 0.014 0.028 0.045 0.008 0.056 0.107
182 G 0.12 0.032 0.038 0.096 0.012 0.041 0.1 0.137 0.016 0.042 0.059 0.045 0.015 0.019 0.022 0.102 0.043 0.005 0.014 0.043
183 T 0.07 0.029 0.034 0.031 0.016 0.023 0.033 0.039 0.013 0.091 0.074 0.037 0.02 0.043 0.022 0.122 0.171 0.006 0.019 0.109
184 A 0.248 0.029 0.032 0.032 0.017 0.024 0.037 0.142 0.014 0.032 0.045 0.041 0.014 0.019 0.025 0.13 0.05 0.005 0.015 0.05
185 G 0.101 0.034 0.111 0.059 0.011 0.036 0.04 0.204 0.019 0.027 0.052 0.054 0.013 0.022 0.02 0.085 0.04 0.006 0.03 0.034
186 K 0.077 0.136 0.051 0.045 0.009 0.064 0.108 0.039 0.02 0.036 0.044 0.144 0.015 0.016 0.022 0.061 0.05 0.005 0.016 0.04
187 Y 0.037 0.025 0.019 0.017 0.009 0.019 0.024 0.023 0.036 0.048 0.092 0.027 0.038 0.137 0.014 0.028 0.026 0.022 0.311 0.048
188 L 0.182 0.025 0.019 0.021 0.017 0.02 0.028 0.043 0.012 0.092 0.195 0.032 0.056 0.034 0.02 0.05 0.051 0.006 0.018 0.081
189 G 0.104 0.03 0.098 0.094 0.013 0.024 0.042 0.117 0.016 0.044 0.063 0.04 0.015 0.02 0.021 0.115 0.048 0.005 0.015 0.076
190 L 0.085 0.089 0.045 0.083 0.012 0.029 0.043 0.036 0.016 0.054 0.15 0.098 0.06 0.028 0.019 0.043 0.035 0.005 0.017 0.054
191 R 0.041 0.393 0.034 0.027 0.007 0.042 0.046 0.029 0.02 0.027 0.045 0.105 0.015 0.016 0.017 0.04 0.032 0.005 0.016 0.042
192 Y 0.039 0.025 0.02 0.017 0.009 0.019 0.025 0.046 0.039 0.043 0.063 0.028 0.017 0.11 0.014 0.029 0.026 0.023 0.353 0.054
193 A 0.161 0.034 0.098 0.079 0.014 0.038 0.047 0.059 0.018 0.032 0.058 0.046 0.015 0.019 0.024 0.143 0.053 0.005 0.015 0.044
194 G 0.06 0.028 0.055 0.111 0.009 0.036 0.068 0.334 0.017 0.02 0.029 0.039 0.01 0.019 0.019 0.058 0.031 0.005 0.027 0.025
195 E 0.066 0.04 0.056 0.128 0.009 0.051 0.177 0.062 0.037 0.027 0.052 0.066 0.013 0.017 0.022 0.072 0.049 0.005 0.016 0.033
196 L 0.043 0.019 0.014 0.016 0.015 0.014 0.018 0.02 0.009 0.205 0.268 0.023 0.037 0.061 0.013 0.025 0.046 0.006 0.022 0.127
197 V 0.081 0.052 0.062 0.059 0.013 0.042 0.096 0.038 0.016 0.08 0.065 0.06 0.018 0.022 0.021 0.063 0.089 0.005 0.016 0.101
198 P 0.067 0.048 0.029 0.035 0.011 0.028 0.078 0.035 0.035 0.058 0.067 0.057 0.016 0.028 0.185 0.073 0.05 0.006 0.048 0.047
199 N 0.048 0.038 0.297 0.065 0.01 0.029 0.043 0.078 0.025 0.024 0.033 0.047 0.011 0.017 0.02 0.083 0.083 0.004 0.014 0.031
200 I 0.07 0.019 0.016 0.019 0.015 0.015 0.022 0.026 0.009 0.196 0.113 0.025 0.026 0.068 0.084 0.036 0.038 0.006 0.023 0.174
201 F 0.046 0.02 0.016 0.016 0.01 0.013 0.02 0.025 0.021 0.051 0.091 0.021 0.021 0.335 0.011 0.026 0.024 0.04 0.145 0.048
202 A 0.154 0.033 0.037 0.053 0.015 0.048 0.044 0.144 0.016 0.032 0.058 0.044 0.015 0.019 0.024 0.14 0.062 0.005 0.015 0.044
203 Q 0.051 0.113 0.038 0.039 0.008 0.194 0.077 0.037 0.023 0.024 0.041 0.129 0.017 0.014 0.044 0.059 0.038 0.005 0.017 0.031
204 L 0.084 0.021 0.016 0.017 0.015 0.015 0.021 0.027 0.01 0.163 0.228 0.025 0.032 0.041 0.015 0.032 0.047 0.052 0.022 0.116
205 G 0.142 0.028 0.038 0.053 0.014 0.023 0.037 0.257 0.014 0.025 0.036 0.039 0.012 0.017 0.023 0.14 0.047 0.005 0.013 0.036
206 L 0.048 0.023 0.049 0.023 0.014 0.017 0.023 0.026 0.011 0.126 0.216 0.027 0.031 0.072 0.015 0.035 0.073 0.006 0.024 0.14
207 L 0.076 0.025 0.018 0.019 0.015 0.039 0.027 0.027 0.011 0.136 0.205 0.03 0.031 0.053 0.016 0.034 0.049 0.006 0.021 0.16
208 L 0.06 0.022 0.02 0.019 0.034 0.015 0.022 0.073 0.011 0.072 0.246 0.025 0.031 0.129 0.015 0.045 0.056 0.008 0.031 0.066
209 N 0.09 0.039 0.161 0.051 0.015 0.051 0.047 0.055 0.021 0.029 0.04 0.049 0.014 0.018 0.023 0.137 0.101 0.005 0.015 0.039
210 Y 0.036 0.025 0.035 0.019 0.009 0.019 0.025 0.024 0.038 0.041 0.066 0.028 0.017 0.156 0.014 0.029 0.026 0.023 0.329 0.042
211 L 0.072 0.026 0.023 0.024 0.039 0.03 0.03 0.032 0.013 0.096 0.11 0.033 0.031 0.048 0.11 0.047 0.103 0.006 0.033 0.093
212 G 0.134 0.026 0.03 0.028 0.061 0.021 0.031 0.135 0.012 0.053 0.073 0.035 0.018 0.022 0.021 0.09 0.103 0.005 0.015 0.089
213 A 0.162 0.026 0.053 0.028 0.017 0.02 0.03 0.045 0.012 0.111 0.084 0.034 0.022 0.026 0.02 0.064 0.069 0.005 0.017 0.157
214 I 0.081 0.019 0.017 0.018 0.128 0.014 0.02 0.073 0.009 0.169 0.105 0.024 0.034 0.03 0.015 0.034 0.037 0.005 0.016 0.152
215 L 0.041 0.02 0.014 0.015 0.014 0.014 0.018 0.02 0.01 0.151 0.308 0.022 0.047 0.096 0.013 0.023 0.031 0.007 0.027 0.109
216 G 0.083 0.021 0.035 0.03 0.01 0.017 0.024 0.537 0.012 0.018 0.027 0.031 0.009 0.015 0.017 0.048 0.028 0.005 0.01 0.024
217 G 0.071 0.021 0.035 0.03 0.01 0.017 0.023 0.559 0.012 0.017 0.025 0.03 0.008 0.015 0.017 0.046 0.027 0.005 0.01 0.022
218 L 0.054 0.021 0.014 0.015 0.014 0.015 0.019 0.022 0.01 0.106 0.332 0.023 0.048 0.107 0.013 0.025 0.031 0.008 0.029 0.094
219 I 0.061 0.019 0.015 0.017 0.015 0.014 0.019 0.023 0.009 0.228 0.2 0.024 0.033 0.039 0.015 0.029 0.049 0.005 0.019 0.168
220 F 0.039 0.022 0.018 0.017 0.011 0.016 0.022 0.023 0.038 0.087 0.151 0.024 0.035 0.169 0.013 0.031 0.028 0.037 0.142 0.075
221 G 0.12 0.027 0.048 0.035 0.013 0.023 0.045 0.272 0.015 0.031 0.04 0.037 0.012 0.021 0.043 0.085 0.051 0.006 0.029 0.048
222 G 0.121 0.031 0.076 0.039 0.036 0.025 0.038 0.177 0.033 0.027 0.038 0.041 0.013 0.018 0.022 0.145 0.062 0.005 0.016 0.037
223 K 0.067 0.117 0.033 0.034 0.033 0.069 0.064 0.059 0.019 0.048 0.056 0.136 0.026 0.023 0.021 0.066 0.038 0.006 0.032 0.054
224 I 0.047 0.018 0.015 0.018 0.016 0.013 0.018 0.021 0.009 0.268 0.169 0.024 0.037 0.044 0.015 0.025 0.04 0.006 0.021 0.177
225 R 0.056 0.13 0.052 0.055 0.01 0.057 0.053 0.045 0.018 0.025 0.039 0.127 0.013 0.015 0.113 0.087 0.053 0.004 0.015 0.033
226 G 0.09 0.059 0.124 0.086 0.011 0.029 0.054 0.126 0.019 0.029 0.055 0.076 0.014 0.018 0.021 0.08 0.055 0.005 0.014 0.035
227 G 0.08 0.093 0.067 0.034 0.012 0.028 0.039 0.105 0.036 0.056 0.07 0.071 0.017 0.032 0.046 0.064 0.079 0.005 0.019 0.049
228 R 0.083 0.112 0.049 0.033 0.011 0.03 0.055 0.098 0.019 0.051 0.076 0.088 0.017 0.072 0.019 0.057 0.035 0.007 0.043 0.046
229 R 0.051 0.199 0.051 0.038 0.009 0.045 0.076 0.092 0.019 0.027 0.057 0.127 0.015 0.017 0.02 0.059 0.048 0.005 0.015 0.032
230 R 0.049 0.247 0.037 0.033 0.008 0.044 0.053 0.06 0.02 0.023 0.04 0.196 0.014 0.015 0.021 0.056 0.035 0.005 0.015 0.029
231 L 0.094 0.063 0.037 0.023 0.012 0.021 0.028 0.06 0.014 0.091 0.124 0.05 0.022 0.065 0.016 0.038 0.034 0.108 0.03 0.071
232 L 0.063 0.089 0.025 0.025 0.012 0.027 0.035 0.053 0.015 0.092 0.177 0.107 0.026 0.034 0.018 0.049 0.047 0.006 0.033 0.067
233 I 0.047 0.022 0.015 0.016 0.015 0.015 0.02 0.021 0.01 0.203 0.2 0.037 0.033 0.051 0.014 0.026 0.036 0.007 0.036 0.177
234 L 0.056 0.02 0.015 0.016 0.014 0.014 0.019 0.023 0.01 0.142 0.255 0.023 0.034 0.112 0.014 0.028 0.045 0.007 0.03 0.12
235 L 0.073 0.02 0.015 0.016 0.038 0.014 0.02 0.025 0.01 0.131 0.233 0.023 0.033 0.093 0.014 0.029 0.035 0.007 0.027 0.145
236 L 0.072 0.021 0.018 0.018 0.036 0.015 0.021 0.073 0.011 0.097 0.201 0.025 0.047 0.126 0.015 0.034 0.044 0.008 0.031 0.085
237 S 0.153 0.033 0.04 0.037 0.039 0.027 0.041 0.058 0.015 0.033 0.046 0.044 0.015 0.019 0.026 0.202 0.104 0.005 0.016 0.048
238 F 0.033 0.019 0.015 0.015 0.011 0.011 0.018 0.023 0.014 0.077 0.141 0.019 0.044 0.36 0.01 0.024 0.025 0.013 0.067 0.06
239 L 0.111 0.022 0.016 0.017 0.015 0.016 0.022 0.031 0.01 0.131 0.246 0.026 0.033 0.074 0.016 0.035 0.035 0.007 0.024 0.114
240 P 0.053 0.024 0.022 0.029 0.01 0.019 0.033 0.034 0.012 0.023 0.033 0.038 0.009 0.012 0.521 0.051 0.034 0.002 0.012 0.028
241 S 0.175 0.032 0.038 0.037 0.017 0.027 0.042 0.06 0.015 0.036 0.046 0.045 0.015 0.019 0.049 0.207 0.062 0.005 0.016 0.058
242 L 0.081 0.022 0.019 0.02 0.038 0.016 0.023 0.052 0.01 0.124 0.184 0.027 0.029 0.052 0.016 0.048 0.063 0.006 0.02 0.15
243 L 0.041 0.021 0.014 0.014 0.014 0.014 0.018 0.02 0.01 0.109 0.328 0.022 0.048 0.116 0.013 0.023 0.031 0.008 0.03 0.105
244 V 0.09 0.025 0.023 0.021 0.014 0.02 0.027 0.053 0.083 0.116 0.121 0.029 0.034 0.039 0.016 0.036 0.036 0.007 0.056 0.152
245 L 0.061 0.028 0.018 0.018 0.015 0.023 0.025 0.027 0.013 0.091 0.198 0.032 0.189 0.042 0.015 0.035 0.049 0.007 0.021 0.093
246 L 0.044 0.021 0.015 0.016 0.015 0.015 0.019 0.021 0.01 0.15 0.269 0.023 0.045 0.086 0.013 0.026 0.046 0.007 0.026 0.135
247 L 0.052 0.024 0.022 0.021 0.015 0.018 0.024 0.026 0.01 0.123 0.203 0.028 0.04 0.054 0.017 0.043 0.122 0.006 0.021 0.132
248 Q 0.06 0.051 0.032 0.036 0.009 0.187 0.081 0.034 0.029 0.032 0.065 0.063 0.019 0.042 0.019 0.044 0.034 0.011 0.114 0.038
249 S 0.173 0.031 0.039 0.037 0.016 0.026 0.04 0.127 0.015 0.03 0.042 0.043 0.014 0.019 0.025 0.188 0.07 0.005 0.015 0.044
250 A 0.252 0.028 0.034 0.139 0.016 0.024 0.048 0.061 0.014 0.038 0.048 0.04 0.014 0.018 0.025 0.076 0.043 0.004 0.014 0.063
251 K 0.051 0.096 0.037 0.037 0.008 0.048 0.064 0.039 0.019 0.025 0.039 0.35 0.014 0.014 0.025 0.048 0.036 0.005 0.016 0.03
252 G 0.069 0.021 0.034 0.03 0.01 0.017 0.023 0.535 0.012 0.021 0.043 0.03 0.01 0.016 0.017 0.045 0.027 0.005 0.01 0.025
253 L 0.067 0.027 0.027 0.025 0.015 0.021 0.029 0.032 0.029 0.081 0.183 0.033 0.036 0.032 0.042 0.053 0.158 0.006 0.019 0.084
254 L 0.039 0.02 0.014 0.014 0.013 0.013 0.018 0.02 0.011 0.104 0.325 0.021 0.038 0.15 0.012 0.023 0.029 0.009 0.035 0.091
255 F 0.033 0.018 0.015 0.015 0.01 0.01 0.017 0.023 0.014 0.065 0.133 0.018 0.025 0.395 0.01 0.023 0.024 0.014 0.072 0.065
256 L 0.043 0.028 0.018 0.019 0.013 0.051 0.029 0.023 0.012 0.089 0.326 0.031 0.038 0.077 0.014 0.029 0.044 0.007 0.025 0.086
257 C 0.115 0.026 0.031 0.029 0.197 0.021 0.032 0.07 0.012 0.039 0.051 0.035 0.015 0.019 0.022 0.146 0.063 0.004 0.014 0.059
258 I 0.13 0.021 0.017 0.019 0.016 0.016 0.023 0.057 0.01 0.163 0.148 0.027 0.028 0.051 0.017 0.039 0.038 0.006 0.02 0.154
259 A 0.236 0.024 0.02 0.022 0.017 0.019 0.029 0.052 0.013 0.07 0.077 0.032 0.02 0.115 0.021 0.056 0.04 0.007 0.03 0.1
260 L 0.038 0.02 0.014 0.015 0.013 0.013 0.018 0.021 0.012 0.12 0.268 0.021 0.035 0.172 0.012 0.023 0.029 0.01 0.054 0.094
261 F 0.031 0.017 0.015 0.015 0.01 0.01 0.017 0.023 0.016 0.069 0.103 0.018 0.023 0.416 0.01 0.023 0.024 0.015 0.091 0.054
262 Y 0.036 0.022 0.016 0.015 0.01 0.016 0.021 0.022 0.023 0.092 0.147 0.024 0.024 0.12 0.012 0.024 0.027 0.108 0.177 0.065
263 G 0.12 0.024 0.036 0.032 0.012 0.02 0.029 0.398 0.013 0.022 0.032 0.035 0.011 0.016 0.02 0.094 0.038 0.005 0.012 0.031
264 G 0.149 0.024 0.033 0.031 0.013 0.02 0.029 0.386 0.013 0.024 0.034 0.035 0.011 0.016 0.02 0.077 0.036 0.005 0.012 0.034
265 I 0.061 0.022 0.019 0.019 0.014 0.017 0.023 0.025 0.045 0.202 0.125 0.026 0.052 0.036 0.015 0.031 0.049 0.029 0.023 0.166
266 L 0.04 0.022 0.029 0.017 0.014 0.015 0.019 0.021 0.01 0.129 0.368 0.023 0.041 0.064 0.013 0.024 0.031 0.007 0.022 0.092
267 V 0.069 0.02 0.016 0.017 0.016 0.015 0.021 0.024 0.008 0.186 0.149 0.024 0.03 0.035 0.015 0.031 0.053 0.005 0.018 0.247
268 T 0.106 0.063 0.034 0.032 0.105 0.026 0.05 0.044 0.033 0.036 0.05 0.045 0.015 0.024 0.022 0.108 0.12 0.006 0.033 0.049
269 R 0.046 0.312 0.036 0.031 0.008 0.044 0.051 0.033 0.02 0.022 0.041 0.169 0.014 0.015 0.02 0.053 0.034 0.005 0.016 0.029
270 I 0.047 0.019 0.015 0.016 0.015 0.014 0.019 0.021 0.009 0.233 0.206 0.023 0.043 0.04 0.014 0.027 0.048 0.006 0.019 0.167
271 Y 0.057 0.049 0.09 0.034 0.01 0.047 0.038 0.037 0.061 0.037 0.072 0.041 0.017 0.12 0.017 0.062 0.035 0.012 0.127 0.039
272 R 0.118 0.119 0.081 0.059 0.011 0.034 0.073 0.047 0.054 0.032 0.044 0.072 0.014 0.019 0.022 0.076 0.053 0.005 0.018 0.05
273 G 0.06 0.037 0.127 0.043 0.01 0.025 0.036 0.294 0.018 0.021 0.032 0.078 0.011 0.034 0.019 0.072 0.036 0.005 0.015 0.026
274 D 0.046 0.079 0.077 0.194 0.008 0.072 0.123 0.04 0.021 0.022 0.033 0.098 0.012 0.014 0.021 0.06 0.036 0.004 0.014 0.027
275 L 0.043 0.042 0.039 0.023 0.012 0.019 0.026 0.028 0.035 0.06 0.166 0.032 0.025 0.152 0.015 0.04 0.091 0.011 0.083 0.058
276 R 0.072 0.12 0.038 0.071 0.011 0.033 0.06 0.04 0.019 0.033 0.046 0.09 0.015 0.026 0.044 0.103 0.073 0.006 0.047 0.05
277 L 0.042 0.022 0.015 0.016 0.014 0.015 0.02 0.021 0.027 0.139 0.331 0.024 0.039 0.053 0.036 0.024 0.031 0.006 0.022 0.104
278 I 0.047 0.018 0.015 0.018 0.016 0.013 0.018 0.021 0.009 0.271 0.168 0.024 0.037 0.044 0.015 0.025 0.04 0.006 0.021 0.177
279 L 0.05 0.023 0.022 0.021 0.014 0.016 0.024 0.05 0.011 0.101 0.153 0.027 0.027 0.122 0.039 0.041 0.107 0.007 0.031 0.113
280 N 0.057 0.041 0.182 0.098 0.01 0.044 0.078 0.064 0.022 0.024 0.034 0.063 0.012 0.017 0.022 0.111 0.072 0.004 0.014 0.031
281 K 0.067 0.107 0.038 0.03 0.01 0.029 0.039 0.105 0.016 0.049 0.069 0.114 0.017 0.053 0.042 0.068 0.037 0.029 0.027 0.054
282 K 0.09 0.171 0.033 0.036 0.009 0.041 0.078 0.039 0.018 0.029 0.051 0.181 0.015 0.016 0.045 0.05 0.036 0.005 0.016 0.041
283 T 0.072 0.029 0.035 0.063 0.013 0.025 0.064 0.09 0.031 0.069 0.098 0.039 0.019 0.033 0.021 0.078 0.136 0.005 0.018 0.06
284 L 0.059 0.025 0.097 0.031 0.013 0.018 0.026 0.033 0.014 0.151 0.156 0.03 0.027 0.065 0.016 0.049 0.051 0.006 0.022 0.111
285 R 0.068 0.197 0.032 0.03 0.01 0.037 0.047 0.035 0.017 0.041 0.065 0.159 0.016 0.018 0.066 0.045 0.047 0.005 0.016 0.051
286 R 0.078 0.136 0.028 0.027 0.012 0.041 0.039 0.036 0.015 0.081 0.086 0.094 0.021 0.033 0.019 0.05 0.074 0.005 0.018 0.105
287 L 0.092 0.024 0.019 0.02 0.015 0.029 0.026 0.031 0.011 0.153 0.223 0.03 0.032 0.037 0.017 0.056 0.039 0.006 0.019 0.119
288 L 0.1 0.021 0.017 0.018 0.017 0.015 0.022 0.031 0.011 0.112 0.178 0.025 0.028 0.112 0.015 0.036 0.048 0.031 0.031 0.129
289 L 0.049 0.047 0.023 0.024 0.012 0.033 0.031 0.073 0.015 0.108 0.117 0.062 0.032 0.053 0.085 0.038 0.058 0.007 0.051 0.082
290 Y 0.081 0.024 0.024 0.023 0.06 0.019 0.027 0.08 0.02 0.069 0.109 0.03 0.02 0.053 0.017 0.08 0.037 0.057 0.114 0.057
291 G 0.084 0.022 0.024 0.023 0.013 0.016 0.023 0.214 0.011 0.088 0.118 0.028 0.022 0.063 0.017 0.042 0.058 0.006 0.021 0.107
292 L 0.063 0.021 0.018 0.019 0.014 0.015 0.022 0.049 0.01 0.148 0.204 0.026 0.031 0.072 0.038 0.042 0.048 0.006 0.023 0.131
293 L 0.066 0.021 0.017 0.018 0.038 0.015 0.021 0.026 0.009 0.142 0.201 0.025 0.031 0.054 0.015 0.042 0.051 0.006 0.021 0.179
294 L 0.078 0.022 0.017 0.018 0.038 0.016 0.022 0.028 0.01 0.112 0.258 0.026 0.033 0.056 0.016 0.044 0.049 0.006 0.021 0.131
295 L 0.045 0.02 0.015 0.016 0.014 0.013 0.019 0.021 0.01 0.153 0.219 0.022 0.033 0.126 0.013 0.027 0.046 0.008 0.032 0.149
296 P 0.051 0.021 0.02 0.023 0.011 0.016 0.026 0.074 0.011 0.056 0.091 0.03 0.017 0.076 0.29 0.035 0.033 0.005 0.022 0.09
297 L 0.045 0.02 0.015 0.016 0.014 0.014 0.019 0.021 0.009 0.192 0.252 0.023 0.036 0.077 0.013 0.035 0.035 0.007 0.024 0.132
298 L 0.065 0.021 0.015 0.017 0.016 0.016 0.021 0.024 0.009 0.147 0.231 0.025 0.043 0.039 0.015 0.031 0.05 0.006 0.019 0.193
299 I 0.104 0.022 0.02 0.021 0.016 0.017 0.024 0.033 0.011 0.184 0.141 0.029 0.037 0.051 0.018 0.053 0.076 0.006 0.021 0.118
300 V 0.121 0.021 0.017 0.018 0.016 0.016 0.023 0.033 0.011 0.13 0.121 0.026 0.035 0.114 0.016 0.038 0.038 0.007 0.03 0.169
301 S 0.132 0.035 0.045 0.041 0.016 0.029 0.045 0.06 0.017 0.029 0.041 0.047 0.015 0.019 0.027 0.259 0.081 0.005 0.016 0.042
302 F 0.031 0.017 0.015 0.015 0.01 0.01 0.017 0.023 0.015 0.059 0.117 0.017 0.024 0.43 0.01 0.023 0.023 0.015 0.077 0.051
303 L 0.043 0.022 0.014 0.015 0.015 0.015 0.019 0.02 0.009 0.138 0.348 0.024 0.059 0.046 0.013 0.024 0.033 0.006 0.02 0.119
304 S 0.2 0.033 0.038 0.037 0.017 0.027 0.043 0.063 0.016 0.032 0.045 0.045 0.015 0.019 0.027 0.202 0.073 0.005 0.016 0.048
305 R 0.04 0.41 0.035 0.028 0.007 0.044 0.047 0.03 0.021 0.021 0.042 0.108 0.014 0.016 0.017 0.04 0.031 0.005 0.016 0.028
306 G 0.066 0.022 0.033 0.03 0.01 0.018 0.031 0.433 0.013 0.037 0.04 0.031 0.012 0.054 0.017 0.056 0.042 0.006 0.017 0.033
307 L 0.047 0.022 0.018 0.018 0.014 0.017 0.021 0.046 0.028 0.175 0.231 0.026 0.066 0.041 0.014 0.038 0.035 0.006 0.02 0.116
308 G 0.06 0.032 0.041 0.124 0.01 0.036 0.046 0.176 0.022 0.025 0.037 0.052 0.012 0.038 0.02 0.097 0.039 0.009 0.093 0.03
309 D 0.071 0.041 0.087 0.111 0.01 0.053 0.094 0.101 0.019 0.027 0.038 0.076 0.013 0.016 0.022 0.079 0.088 0.005 0.014 0.035
310 G 0.086 0.028 0.046 0.051 0.013 0.034 0.049 0.132 0.014 0.067 0.121 0.037 0.021 0.025 0.043 0.069 0.064 0.005 0.015 0.08
311 D 0.077 0.03 0.06 0.145 0.012 0.027 0.064 0.126 0.016 0.033 0.04 0.042 0.013 0.017 0.047 0.101 0.083 0.004 0.013 0.049
312 D 0.055 0.03 0.053 0.25 0.009 0.029 0.09 0.139 0.017 0.024 0.032 0.044 0.011 0.016 0.022 0.074 0.061 0.004 0.012 0.029
313 T 0.099 0.029 0.031 0.03 0.014 0.035 0.035 0.092 0.015 0.059 0.065 0.039 0.028 0.047 0.075 0.09 0.106 0.006 0.037 0.07
314 E 0.088 0.032 0.037 0.083 0.012 0.032 0.12 0.112 0.016 0.049 0.063 0.045 0.015 0.02 0.046 0.104 0.051 0.005 0.015 0.057
315 E 0.049 0.037 0.04 0.153 0.009 0.07 0.158 0.07 0.019 0.036 0.074 0.052 0.016 0.038 0.02 0.056 0.035 0.005 0.018 0.047
316 L 0.064 0.027 0.021 0.021 0.015 0.019 0.025 0.028 0.011 0.159 0.186 0.043 0.05 0.036 0.017 0.041 0.1 0.006 0.018 0.113
317 I 0.049 0.038 0.018 0.019 0.014 0.028 0.024 0.046 0.012 0.182 0.166 0.03 0.03 0.066 0.015 0.039 0.036 0.007 0.038 0.144
318 D 0.077 0.038 0.062 0.22 0.009 0.046 0.119 0.045 0.045 0.023 0.033 0.062 0.011 0.016 0.022 0.084 0.039 0.004 0.016 0.029
319 K 0.053 0.123 0.066 0.036 0.01 0.057 0.049 0.083 0.036 0.047 0.064 0.13 0.017 0.019 0.02 0.068 0.05 0.005 0.017 0.052
320 L 0.041 0.021 0.013 0.014 0.014 0.014 0.018 0.019 0.009 0.139 0.372 0.022 0.042 0.065 0.013 0.022 0.031 0.007 0.022 0.102
