#Seq2Logo.py -f /work3/idamei/ssn-clusterings/clustering/2205111339/clusters/0016_262/sequences.afa -o /work3/idamei/ssn-clusterings/clustering/2205111339/clusters/0016_262/sequences.logo
#Position Specific Frequency Matrix
A R N D C Q E G H I L K M F P S T W Y V
0 M 0.05 0.031 0.019 0.019 0.015 0.027 0.027 0.027 0.015 0.097 0.189 0.035 0.192 0.046 0.015 0.035 0.039 0.008 0.023 0.089
1 K 0.06 0.053 0.067 0.037 0.013 0.032 0.044 0.04 0.016 0.085 0.107 0.121 0.023 0.026 0.022 0.072 0.071 0.005 0.018 0.089
2 L 0.097 0.027 0.028 0.027 0.017 0.021 0.031 0.039 0.012 0.124 0.133 0.035 0.027 0.032 0.021 0.078 0.105 0.006 0.019 0.12
3 N 0.087 0.047 0.168 0.055 0.013 0.032 0.047 0.056 0.022 0.046 0.051 0.084 0.016 0.02 0.023 0.088 0.051 0.005 0.017 0.073
4 I 0.059 0.025 0.068 0.031 0.086 0.019 0.028 0.036 0.014 0.131 0.099 0.031 0.024 0.071 0.017 0.066 0.046 0.006 0.025 0.118
5 N 0.061 0.033 0.137 0.048 0.097 0.025 0.038 0.05 0.02 0.037 0.054 0.041 0.016 0.069 0.021 0.091 0.086 0.006 0.025 0.045
6 P 0.05 0.035 0.171 0.057 0.01 0.027 0.043 0.051 0.022 0.024 0.034 0.047 0.011 0.015 0.258 0.057 0.043 0.004 0.014 0.029
7 R 0.044 0.35 0.038 0.031 0.008 0.048 0.052 0.033 0.023 0.023 0.046 0.119 0.015 0.017 0.019 0.044 0.035 0.006 0.017 0.031
8 A 0.131 0.034 0.073 0.041 0.017 0.027 0.041 0.057 0.017 0.069 0.066 0.045 0.019 0.024 0.026 0.113 0.108 0.005 0.018 0.07
9 L 0.059 0.03 0.029 0.026 0.017 0.022 0.03 0.032 0.012 0.084 0.22 0.035 0.035 0.039 0.021 0.058 0.14 0.006 0.02 0.084
10 P 0.052 0.022 0.019 0.024 0.013 0.017 0.027 0.028 0.011 0.149 0.102 0.032 0.024 0.029 0.254 0.034 0.038 0.004 0.017 0.104
11 K 0.056 0.09 0.043 0.044 0.009 0.134 0.087 0.042 0.025 0.027 0.045 0.185 0.018 0.015 0.026 0.055 0.04 0.006 0.019 0.034
12 V 0.079 0.03 0.079 0.094 0.014 0.024 0.043 0.045 0.016 0.087 0.07 0.04 0.019 0.024 0.075 0.079 0.064 0.005 0.016 0.095
13 L 0.044 0.021 0.018 0.018 0.014 0.015 0.021 0.024 0.012 0.155 0.201 0.025 0.041 0.138 0.014 0.031 0.056 0.009 0.037 0.107
14 Y 0.048 0.103 0.027 0.024 0.011 0.026 0.033 0.031 0.027 0.048 0.108 0.05 0.022 0.127 0.017 0.059 0.036 0.015 0.141 0.049
15 L 0.057 0.075 0.028 0.026 0.015 0.036 0.035 0.033 0.015 0.074 0.194 0.048 0.071 0.037 0.019 0.067 0.071 0.006 0.02 0.072
16 G 0.102 0.037 0.032 0.031 0.015 0.025 0.037 0.108 0.015 0.058 0.096 0.07 0.021 0.074 0.022 0.097 0.048 0.007 0.026 0.08
17 L 0.048 0.022 0.019 0.02 0.013 0.016 0.022 0.089 0.013 0.115 0.161 0.027 0.048 0.12 0.078 0.031 0.033 0.008 0.033 0.083
18 L 0.082 0.022 0.018 0.019 0.016 0.017 0.022 0.077 0.01 0.156 0.227 0.028 0.042 0.041 0.016 0.034 0.036 0.006 0.019 0.11
19 F 0.09 0.025 0.025 0.024 0.014 0.019 0.028 0.101 0.014 0.087 0.096 0.031 0.042 0.106 0.017 0.065 0.04 0.056 0.036 0.082
20 A 0.135 0.03 0.032 0.031 0.016 0.023 0.036 0.053 0.016 0.05 0.107 0.039 0.022 0.112 0.023 0.125 0.053 0.008 0.033 0.057
21 L 0.052 0.023 0.02 0.02 0.077 0.019 0.022 0.09 0.013 0.12 0.136 0.028 0.087 0.085 0.015 0.034 0.035 0.008 0.027 0.09
22 I 0.051 0.02 0.015 0.017 0.016 0.014 0.019 0.021 0.009 0.218 0.206 0.024 0.037 0.043 0.015 0.026 0.039 0.006 0.02 0.185
23 L 0.045 0.02 0.015 0.016 0.015 0.013 0.019 0.022 0.011 0.164 0.203 0.023 0.035 0.138 0.013 0.025 0.035 0.009 0.037 0.141
24 F 0.062 0.019 0.017 0.018 0.012 0.012 0.02 0.029 0.015 0.09 0.112 0.021 0.025 0.323 0.013 0.03 0.029 0.014 0.071 0.07
25 L 0.047 0.022 0.015 0.016 0.015 0.014 0.02 0.022 0.011 0.111 0.253 0.023 0.037 0.14 0.013 0.026 0.034 0.009 0.038 0.134
26 P 0.055 0.025 0.023 0.03 0.01 0.02 0.035 0.035 0.012 0.025 0.035 0.04 0.01 0.012 0.51 0.042 0.035 0.003 0.012 0.03
27 S 0.106 0.039 0.052 0.047 0.017 0.032 0.051 0.064 0.019 0.029 0.041 0.052 0.015 0.02 0.029 0.245 0.079 0.005 0.017 0.041
28 L 0.078 0.024 0.015 0.017 0.016 0.017 0.022 0.028 0.01 0.103 0.352 0.027 0.044 0.049 0.016 0.031 0.034 0.007 0.021 0.09
29 L 0.056 0.028 0.023 0.022 0.016 0.021 0.027 0.03 0.012 0.091 0.281 0.032 0.058 0.044 0.018 0.062 0.07 0.007 0.021 0.083
30 L 0.053 0.031 0.022 0.022 0.016 0.027 0.029 0.029 0.015 0.091 0.174 0.036 0.166 0.044 0.017 0.042 0.069 0.007 0.023 0.087
31 I 0.051 0.018 0.015 0.017 0.016 0.014 0.019 0.021 0.008 0.26 0.153 0.023 0.034 0.041 0.015 0.026 0.041 0.006 0.02 0.202
32 L 0.043 0.022 0.016 0.016 0.014 0.015 0.02 0.024 0.013 0.094 0.209 0.023 0.053 0.206 0.013 0.027 0.032 0.011 0.05 0.101
33 L 0.109 0.027 0.05 0.026 0.016 0.02 0.028 0.039 0.013 0.082 0.235 0.033 0.033 0.054 0.019 0.046 0.053 0.007 0.022 0.086
34 G 0.058 0.06 0.07 0.042 0.009 0.062 0.054 0.199 0.066 0.023 0.036 0.13 0.013 0.017 0.022 0.051 0.035 0.005 0.02 0.028
35 A 0.179 0.046 0.031 0.034 0.015 0.109 0.061 0.056 0.02 0.043 0.07 0.059 0.04 0.022 0.025 0.065 0.044 0.006 0.019 0.057
36 S 0.102 0.038 0.051 0.046 0.017 0.031 0.049 0.061 0.018 0.032 0.043 0.051 0.016 0.021 0.028 0.225 0.104 0.005 0.017 0.044
37 S 0.106 0.039 0.052 0.047 0.017 0.032 0.051 0.064 0.019 0.029 0.041 0.052 0.015 0.02 0.029 0.245 0.079 0.005 0.017 0.041
38 F 0.033 0.018 0.016 0.016 0.01 0.01 0.018 0.025 0.016 0.061 0.11 0.018 0.025 0.407 0.01 0.025 0.025 0.016 0.086 0.053
39 T 0.111 0.033 0.042 0.037 0.017 0.027 0.039 0.114 0.015 0.041 0.053 0.044 0.017 0.021 0.026 0.119 0.168 0.005 0.016 0.056
40 L 0.065 0.027 0.025 0.026 0.016 0.02 0.03 0.034 0.012 0.101 0.2 0.034 0.031 0.036 0.082 0.084 0.047 0.006 0.019 0.106
41 G 0.076 0.022 0.038 0.033 0.01 0.018 0.025 0.526 0.013 0.018 0.027 0.033 0.009 0.016 0.018 0.05 0.029 0.005 0.01 0.024
42 L 0.051 0.02 0.015 0.017 0.016 0.014 0.019 0.021 0.009 0.213 0.213 0.024 0.037 0.043 0.015 0.026 0.039 0.006 0.02 0.182
43 V 0.059 0.022 0.015 0.016 0.018 0.016 0.021 0.023 0.009 0.142 0.222 0.025 0.037 0.041 0.015 0.029 0.042 0.006 0.021 0.222
44 L 0.074 0.025 0.02 0.021 0.017 0.018 0.025 0.03 0.011 0.129 0.246 0.029 0.037 0.042 0.017 0.058 0.043 0.006 0.02 0.133
45 A 0.14 0.029 0.031 0.031 0.018 0.023 0.036 0.052 0.014 0.07 0.076 0.039 0.021 0.074 0.023 0.12 0.056 0.007 0.027 0.114
46 S 0.095 0.033 0.043 0.039 0.142 0.027 0.042 0.056 0.016 0.032 0.046 0.044 0.015 0.02 0.025 0.192 0.068 0.005 0.016 0.044
47 L 0.062 0.025 0.022 0.022 0.016 0.018 0.025 0.092 0.011 0.101 0.233 0.029 0.034 0.039 0.017 0.058 0.042 0.006 0.019 0.129
48 L 0.061 0.021 0.015 0.017 0.078 0.014 0.02 0.026 0.01 0.126 0.204 0.024 0.033 0.099 0.015 0.03 0.036 0.007 0.03 0.134
49 I 0.079 0.02 0.016 0.018 0.015 0.014 0.021 0.029 0.011 0.165 0.162 0.025 0.031 0.134 0.015 0.032 0.036 0.009 0.037 0.129
50 I 0.056 0.02 0.019 0.021 0.016 0.016 0.022 0.026 0.01 0.243 0.142 0.027 0.032 0.039 0.016 0.054 0.045 0.006 0.02 0.17
51 A 0.154 0.025 0.023 0.024 0.079 0.019 0.029 0.049 0.014 0.055 0.114 0.032 0.023 0.124 0.02 0.07 0.041 0.008 0.035 0.063
52 L 0.052 0.022 0.019 0.019 0.077 0.016 0.023 0.028 0.014 0.108 0.15 0.026 0.043 0.136 0.015 0.047 0.038 0.009 0.05 0.107
53 F 0.049 0.122 0.029 0.027 0.011 0.029 0.037 0.033 0.018 0.049 0.113 0.085 0.023 0.16 0.017 0.061 0.037 0.009 0.042 0.048
54 F 0.069 0.02 0.019 0.02 0.014 0.014 0.021 0.092 0.013 0.125 0.146 0.025 0.028 0.168 0.015 0.033 0.033 0.01 0.042 0.096
55 L 0.059 0.024 0.021 0.022 0.016 0.018 0.025 0.029 0.011 0.165 0.216 0.029 0.036 0.042 0.017 0.062 0.045 0.006 0.02 0.137
56 L 0.046 0.025 0.021 0.019 0.013 0.018 0.025 0.025 0.062 0.093 0.174 0.026 0.03 0.144 0.014 0.029 0.033 0.011 0.073 0.121
57 F 0.065 0.032 0.076 0.044 0.012 0.027 0.063 0.108 0.019 0.037 0.058 0.042 0.016 0.119 0.021 0.102 0.075 0.008 0.034 0.042
58 G 0.07 0.038 0.035 0.034 0.011 0.027 0.039 0.168 0.019 0.027 0.039 0.073 0.013 0.03 0.148 0.09 0.043 0.007 0.056 0.033
59 L 0.046 0.115 0.091 0.038 0.011 0.034 0.043 0.037 0.019 0.057 0.168 0.106 0.027 0.03 0.019 0.043 0.038 0.006 0.018 0.054
60 R 0.05 0.136 0.037 0.031 0.119 0.038 0.048 0.036 0.11 0.028 0.046 0.124 0.015 0.02 0.02 0.044 0.033 0.006 0.026 0.034
61 R 0.079 0.207 0.034 0.031 0.009 0.065 0.054 0.039 0.021 0.027 0.047 0.115 0.016 0.022 0.02 0.048 0.035 0.07 0.024 0.035
62 L 0.046 0.026 0.021 0.026 0.014 0.021 0.051 0.026 0.014 0.112 0.187 0.031 0.045 0.135 0.016 0.036 0.063 0.009 0.037 0.087
63 V 0.059 0.162 0.026 0.023 0.014 0.03 0.036 0.028 0.015 0.104 0.094 0.066 0.025 0.028 0.018 0.038 0.043 0.006 0.019 0.169
64 A 0.102 0.1 0.033 0.031 0.013 0.033 0.043 0.043 0.022 0.046 0.06 0.097 0.018 0.039 0.023 0.061 0.09 0.009 0.072 0.064
65 L 0.043 0.032 0.018 0.019 0.014 0.019 0.025 0.024 0.012 0.13 0.227 0.058 0.036 0.126 0.015 0.028 0.033 0.009 0.036 0.095
66 D 0.053 0.047 0.059 0.136 0.009 0.032 0.058 0.105 0.063 0.026 0.036 0.098 0.012 0.017 0.085 0.053 0.057 0.005 0.019 0.03
67 L 0.084 0.045 0.027 0.027 0.014 0.054 0.044 0.035 0.046 0.097 0.159 0.084 0.029 0.032 0.02 0.042 0.038 0.006 0.022 0.095
68 G 0.063 0.069 0.034 0.039 0.011 0.033 0.076 0.101 0.02 0.061 0.056 0.083 0.016 0.03 0.085 0.077 0.042 0.007 0.047 0.051
69 G 0.062 0.032 0.046 0.139 0.011 0.031 0.086 0.151 0.063 0.04 0.044 0.044 0.014 0.02 0.021 0.072 0.04 0.005 0.019 0.061
70 I 0.048 0.065 0.018 0.018 0.014 0.019 0.024 0.024 0.011 0.173 0.155 0.036 0.031 0.041 0.014 0.028 0.037 0.071 0.026 0.151
71 L 0.061 0.078 0.031 0.028 0.015 0.025 0.034 0.035 0.014 0.071 0.123 0.046 0.025 0.084 0.02 0.072 0.109 0.007 0.028 0.094
72 L 0.097 0.072 0.028 0.027 0.016 0.026 0.034 0.04 0.014 0.092 0.145 0.046 0.047 0.033 0.02 0.086 0.049 0.006 0.019 0.102
73 L 0.042 0.021 0.016 0.017 0.014 0.014 0.02 0.023 0.012 0.137 0.187 0.023 0.051 0.184 0.013 0.026 0.033 0.01 0.046 0.112
74 L 0.076 0.031 0.033 0.031 0.017 0.024 0.035 0.042 0.014 0.077 0.169 0.038 0.028 0.033 0.022 0.127 0.082 0.006 0.019 0.099
75 L 0.076 0.022 0.015 0.017 0.016 0.016 0.022 0.028 0.01 0.144 0.244 0.026 0.037 0.045 0.015 0.031 0.036 0.049 0.024 0.125
76 L 0.045 0.022 0.015 0.016 0.015 0.015 0.02 0.022 0.014 0.146 0.242 0.024 0.037 0.097 0.014 0.025 0.034 0.01 0.065 0.124
77 S 0.11 0.04 0.054 0.049 0.018 0.033 0.052 0.066 0.019 0.03 0.042 0.054 0.016 0.021 0.03 0.22 0.082 0.005 0.018 0.042
78 L 0.048 0.021 0.016 0.017 0.015 0.015 0.021 0.023 0.011 0.132 0.196 0.024 0.052 0.141 0.014 0.027 0.036 0.009 0.038 0.145
79 F 0.093 0.026 0.028 0.027 0.07 0.019 0.031 0.043 0.015 0.052 0.088 0.032 0.021 0.17 0.019 0.104 0.047 0.009 0.043 0.061
80 L 0.05 0.021 0.018 0.018 0.126 0.014 0.02 0.027 0.012 0.097 0.191 0.024 0.03 0.137 0.014 0.045 0.035 0.008 0.036 0.078
81 F 0.052 0.022 0.019 0.02 0.07 0.015 0.022 0.028 0.012 0.104 0.162 0.025 0.029 0.164 0.015 0.052 0.038 0.009 0.041 0.101
82 L 0.05 0.019 0.015 0.016 0.126 0.013 0.019 0.025 0.011 0.099 0.168 0.022 0.029 0.143 0.014 0.029 0.034 0.008 0.037 0.122
83 F 0.038 0.021 0.016 0.016 0.013 0.014 0.02 0.023 0.014 0.082 0.218 0.022 0.052 0.246 0.012 0.025 0.029 0.012 0.056 0.071
84 I 0.05 0.019 0.015 0.017 0.016 0.014 0.019 0.022 0.009 0.21 0.172 0.023 0.034 0.083 0.014 0.026 0.039 0.007 0.028 0.184
85 F 0.076 0.021 0.016 0.018 0.015 0.015 0.022 0.029 0.012 0.132 0.154 0.025 0.034 0.162 0.015 0.032 0.036 0.009 0.042 0.136
86 V 0.084 0.023 0.017 0.018 0.017 0.017 0.024 0.029 0.011 0.117 0.163 0.027 0.049 0.093 0.016 0.035 0.041 0.007 0.03 0.182
87 H 0.04 0.044 0.051 0.037 0.007 0.037 0.051 0.037 0.38 0.022 0.037 0.044 0.015 0.029 0.018 0.04 0.026 0.007 0.055 0.022
88 F 0.035 0.021 0.017 0.016 0.011 0.013 0.02 0.024 0.021 0.063 0.133 0.021 0.026 0.315 0.012 0.025 0.026 0.017 0.129 0.056
89 L 0.106 0.023 0.019 0.02 0.029 0.017 0.025 0.035 0.015 0.107 0.136 0.028 0.033 0.125 0.017 0.041 0.045 0.01 0.061 0.106
90 L 0.044 0.022 0.015 0.016 0.015 0.015 0.02 0.022 0.011 0.115 0.286 0.023 0.044 0.129 0.013 0.025 0.033 0.009 0.035 0.111
91 V 0.057 0.025 0.018 0.02 0.016 0.04 0.029 0.024 0.01 0.202 0.131 0.031 0.031 0.035 0.016 0.031 0.043 0.005 0.02 0.215
92 N 0.062 0.036 0.178 0.056 0.011 0.027 0.041 0.127 0.023 0.028 0.042 0.045 0.013 0.062 0.021 0.106 0.058 0.006 0.023 0.034
93 L 0.045 0.034 0.022 0.023 0.013 0.067 0.038 0.026 0.019 0.098 0.181 0.039 0.049 0.103 0.016 0.033 0.034 0.01 0.066 0.084
94 F 0.043 0.026 0.028 0.021 0.012 0.04 0.029 0.026 0.018 0.12 0.141 0.03 0.028 0.171 0.014 0.03 0.033 0.012 0.078 0.1
95 L 0.047 0.028 0.058 0.034 0.012 0.023 0.059 0.058 0.02 0.083 0.149 0.034 0.026 0.127 0.016 0.047 0.035 0.01 0.069 0.066
96 G 0.073 0.027 0.048 0.129 0.011 0.024 0.046 0.324 0.016 0.021 0.03 0.039 0.01 0.016 0.021 0.081 0.039 0.005 0.012 0.027
97 G 0.055 0.025 0.036 0.108 0.012 0.02 0.039 0.157 0.014 0.047 0.093 0.034 0.018 0.07 0.08 0.047 0.062 0.006 0.023 0.054
98 D 0.06 0.031 0.075 0.124 0.012 0.029 0.077 0.095 0.017 0.061 0.07 0.042 0.035 0.024 0.02 0.069 0.044 0.005 0.016 0.094
99 L 0.045 0.061 0.019 0.018 0.014 0.019 0.023 0.079 0.012 0.085 0.287 0.035 0.037 0.084 0.014 0.029 0.031 0.008 0.027 0.073
100 P 0.088 0.07 0.1 0.042 0.013 0.028 0.041 0.048 0.018 0.044 0.051 0.051 0.015 0.019 0.131 0.079 0.072 0.004 0.016 0.068
101 E 0.061 0.048 0.076 0.054 0.01 0.06 0.112 0.098 0.061 0.026 0.039 0.077 0.014 0.018 0.041 0.078 0.067 0.005 0.02 0.034
102 P 0.098 0.079 0.031 0.033 0.012 0.098 0.057 0.041 0.019 0.051 0.057 0.063 0.018 0.018 0.131 0.052 0.047 0.005 0.017 0.072
103 D 0.039 0.029 0.066 0.421 0.007 0.029 0.088 0.045 0.018 0.022 0.027 0.043 0.009 0.014 0.022 0.05 0.034 0.004 0.011 0.023
104 F 0.07 0.024 0.025 0.064 0.012 0.017 0.031 0.033 0.019 0.056 0.116 0.028 0.023 0.209 0.016 0.04 0.05 0.013 0.095 0.056
105 G 0.061 0.036 0.039 0.036 0.011 0.027 0.059 0.145 0.019 0.041 0.05 0.068 0.015 0.044 0.13 0.059 0.038 0.007 0.053 0.061
106 R 0.048 0.251 0.038 0.034 0.008 0.049 0.058 0.036 0.021 0.024 0.043 0.2 0.015 0.016 0.022 0.047 0.036 0.005 0.017 0.031
107 F 0.036 0.02 0.016 0.016 0.011 0.013 0.019 0.024 0.015 0.07 0.151 0.021 0.046 0.33 0.011 0.025 0.027 0.014 0.071 0.061
108 L 0.085 0.023 0.019 0.02 0.016 0.017 0.024 0.032 0.012 0.143 0.209 0.028 0.034 0.095 0.017 0.051 0.039 0.008 0.029 0.102
109 L 0.055 0.026 0.025 0.023 0.014 0.019 0.026 0.085 0.016 0.072 0.212 0.03 0.031 0.089 0.017 0.06 0.063 0.01 0.062 0.067
110 S 0.102 0.037 0.05 0.045 0.016 0.03 0.048 0.115 0.018 0.027 0.039 0.05 0.014 0.02 0.027 0.228 0.073 0.005 0.016 0.038
111 F 0.038 0.02 0.016 0.016 0.012 0.013 0.019 0.022 0.016 0.123 0.181 0.022 0.031 0.218 0.012 0.025 0.029 0.013 0.085 0.087
112 I 0.077 0.019 0.016 0.018 0.016 0.014 0.02 0.027 0.01 0.237 0.142 0.025 0.032 0.066 0.016 0.031 0.039 0.006 0.024 0.164
113 F 0.053 0.022 0.021 0.021 0.122 0.016 0.023 0.03 0.013 0.103 0.109 0.026 0.042 0.157 0.015 0.056 0.044 0.009 0.04 0.079
114 L 0.068 0.021 0.016 0.018 0.016 0.015 0.02 0.043 0.009 0.181 0.237 0.025 0.037 0.043 0.015 0.03 0.037 0.006 0.02 0.141
115 L 0.061 0.023 0.02 0.02 0.016 0.017 0.024 0.028 0.012 0.155 0.191 0.028 0.051 0.082 0.016 0.053 0.041 0.007 0.027 0.128
116 F 0.04 0.018 0.015 0.016 0.013 0.012 0.018 0.022 0.012 0.174 0.173 0.021 0.033 0.197 0.012 0.024 0.032 0.01 0.047 0.11
117 V 0.064 0.024 0.021 0.021 0.035 0.019 0.026 0.03 0.011 0.117 0.148 0.029 0.047 0.077 0.017 0.063 0.046 0.007 0.027 0.172
118 L 0.111 0.028 0.025 0.025 0.017 0.021 0.03 0.041 0.012 0.087 0.216 0.034 0.032 0.037 0.02 0.086 0.048 0.006 0.019 0.106
119 L 0.077 0.023 0.02 0.021 0.052 0.017 0.024 0.031 0.011 0.139 0.174 0.028 0.031 0.078 0.017 0.056 0.042 0.007 0.026 0.127
120 A 0.218 0.033 0.035 0.035 0.033 0.027 0.042 0.067 0.015 0.039 0.053 0.045 0.017 0.021 0.028 0.133 0.082 0.005 0.017 0.058
121 A 0.269 0.032 0.062 0.036 0.019 0.026 0.041 0.073 0.016 0.038 0.053 0.045 0.016 0.02 0.028 0.094 0.05 0.005 0.017 0.06
122 L 0.051 0.024 0.02 0.02 0.014 0.017 0.024 0.027 0.019 0.128 0.17 0.028 0.03 0.101 0.016 0.051 0.038 0.012 0.099 0.112
123 V 0.062 0.021 0.018 0.019 0.071 0.016 0.023 0.027 0.009 0.154 0.156 0.026 0.031 0.036 0.016 0.048 0.045 0.005 0.019 0.197
124 V 0.142 0.023 0.018 0.021 0.018 0.018 0.026 0.04 0.011 0.163 0.114 0.03 0.027 0.046 0.019 0.046 0.044 0.006 0.021 0.169
125 K 0.125 0.059 0.037 0.037 0.068 0.058 0.055 0.053 0.018 0.032 0.047 0.135 0.016 0.018 0.026 0.101 0.049 0.005 0.017 0.044
126 L 0.063 0.042 0.108 0.088 0.013 0.03 0.049 0.049 0.019 0.045 0.117 0.073 0.021 0.026 0.022 0.11 0.057 0.005 0.017 0.047
127 Y 0.063 0.066 0.032 0.069 0.013 0.026 0.039 0.035 0.022 0.059 0.081 0.044 0.038 0.08 0.019 0.059 0.073 0.011 0.096 0.078
128 I 0.054 0.021 0.018 0.02 0.016 0.016 0.022 0.025 0.01 0.212 0.197 0.027 0.035 0.041 0.016 0.05 0.042 0.006 0.02 0.152
129 K 0.059 0.092 0.08 0.053 0.009 0.036 0.049 0.095 0.026 0.028 0.044 0.136 0.014 0.04 0.021 0.049 0.036 0.01 0.088 0.034
130 N 0.052 0.05 0.135 0.132 0.064 0.03 0.053 0.048 0.024 0.028 0.04 0.074 0.013 0.029 0.021 0.074 0.043 0.007 0.051 0.033
131 V 0.084 0.025 0.055 0.027 0.016 0.019 0.027 0.034 0.012 0.143 0.146 0.031 0.029 0.034 0.018 0.045 0.069 0.006 0.019 0.159
132 S 0.072 0.042 0.081 0.119 0.012 0.031 0.056 0.053 0.019 0.027 0.039 0.076 0.013 0.032 0.079 0.137 0.055 0.005 0.017 0.034
133 D 0.05 0.038 0.088 0.226 0.008 0.04 0.157 0.044 0.022 0.023 0.033 0.054 0.011 0.016 0.023 0.066 0.052 0.004 0.014 0.029
134 T 0.073 0.036 0.043 0.038 0.018 0.028 0.039 0.043 0.014 0.053 0.065 0.045 0.02 0.024 0.028 0.093 0.246 0.006 0.018 0.071
135 K 0.058 0.044 0.031 0.035 0.065 0.03 0.068 0.09 0.019 0.063 0.065 0.095 0.018 0.076 0.02 0.064 0.038 0.009 0.06 0.053
136 D 0.066 0.036 0.049 0.129 0.012 0.033 0.085 0.046 0.062 0.029 0.042 0.048 0.014 0.031 0.024 0.118 0.074 0.007 0.056 0.037
137 F 0.038 0.02 0.016 0.017 0.013 0.013 0.019 0.023 0.014 0.123 0.162 0.022 0.048 0.248 0.012 0.025 0.03 0.012 0.057 0.087
138 H 0.051 0.075 0.075 0.038 0.01 0.033 0.045 0.039 0.183 0.04 0.05 0.05 0.016 0.037 0.019 0.065 0.037 0.008 0.07 0.058
139 S 0.11 0.074 0.078 0.046 0.014 0.04 0.052 0.059 0.02 0.028 0.042 0.085 0.015 0.019 0.026 0.166 0.063 0.005 0.017 0.04
140 T 0.102 0.03 0.033 0.031 0.018 0.024 0.035 0.044 0.013 0.096 0.082 0.039 0.022 0.027 0.023 0.104 0.129 0.005 0.018 0.124
141 V 0.057 0.019 0.015 0.017 0.071 0.014 0.02 0.023 0.008 0.187 0.161 0.024 0.032 0.037 0.015 0.029 0.041 0.005 0.019 0.205
142 K 0.056 0.056 0.1 0.042 0.012 0.033 0.046 0.042 0.019 0.059 0.122 0.128 0.027 0.026 0.021 0.069 0.045 0.005 0.018 0.074
143 F 0.041 0.02 0.016 0.017 0.013 0.013 0.019 0.024 0.014 0.129 0.132 0.022 0.046 0.246 0.012 0.026 0.032 0.012 0.057 0.11
144 I 0.081 0.022 0.019 0.02 0.071 0.016 0.022 0.03 0.01 0.174 0.171 0.027 0.031 0.037 0.017 0.04 0.065 0.006 0.019 0.125
145 L 0.114 0.027 0.024 0.024 0.016 0.02 0.028 0.095 0.013 0.069 0.187 0.033 0.046 0.077 0.019 0.066 0.04 0.007 0.026 0.068
146 L 0.061 0.024 0.022 0.022 0.014 0.018 0.025 0.03 0.019 0.138 0.148 0.029 0.028 0.099 0.016 0.061 0.04 0.012 0.099 0.095
147 I 0.08 0.021 0.016 0.018 0.016 0.015 0.022 0.028 0.01 0.176 0.166 0.025 0.032 0.08 0.016 0.033 0.04 0.007 0.027 0.172
148 L 0.045 0.023 0.014 0.016 0.016 0.016 0.02 0.021 0.01 0.146 0.322 0.025 0.061 0.049 0.014 0.025 0.035 0.007 0.021 0.114
149 L 0.048 0.022 0.015 0.016 0.016 0.015 0.02 0.022 0.01 0.138 0.28 0.024 0.046 0.077 0.014 0.026 0.036 0.007 0.026 0.143
150 L 0.071 0.021 0.016 0.017 0.015 0.015 0.021 0.027 0.012 0.132 0.231 0.024 0.035 0.143 0.014 0.03 0.033 0.009 0.038 0.096
151 N 0.041 0.043 0.343 0.08 0.009 0.032 0.047 0.063 0.03 0.022 0.03 0.052 0.011 0.017 0.019 0.067 0.047 0.004 0.015 0.026
152 G 0.182 0.025 0.029 0.029 0.016 0.021 0.031 0.271 0.013 0.044 0.051 0.036 0.015 0.02 0.023 0.062 0.039 0.005 0.014 0.073
153 L 0.059 0.022 0.015 0.017 0.016 0.017 0.021 0.024 0.01 0.176 0.236 0.026 0.061 0.044 0.015 0.029 0.038 0.006 0.021 0.147
154 I 0.08 0.022 0.017 0.019 0.016 0.017 0.023 0.029 0.011 0.18 0.143 0.027 0.062 0.07 0.016 0.034 0.04 0.007 0.026 0.161
155 S 0.099 0.035 0.049 0.044 0.015 0.029 0.045 0.167 0.017 0.026 0.037 0.048 0.014 0.019 0.026 0.205 0.068 0.005 0.015 0.037
156 L 0.052 0.027 0.022 0.021 0.015 0.019 0.026 0.029 0.012 0.088 0.267 0.03 0.054 0.085 0.017 0.057 0.064 0.008 0.028 0.079
157 L 0.072 0.031 0.036 0.033 0.016 0.024 0.036 0.042 0.015 0.058 0.135 0.039 0.025 0.072 0.023 0.121 0.128 0.007 0.026 0.063
158 K 0.055 0.151 0.039 0.037 0.008 0.047 0.059 0.094 0.02 0.025 0.041 0.235 0.014 0.015 0.024 0.049 0.036 0.005 0.016 0.03
159 I 0.049 0.019 0.014 0.017 0.016 0.014 0.018 0.021 0.008 0.251 0.181 0.023 0.036 0.042 0.014 0.025 0.039 0.006 0.02 0.186
160 D 0.039 0.029 0.066 0.421 0.007 0.029 0.088 0.045 0.018 0.022 0.027 0.043 0.009 0.014 0.022 0.05 0.034 0.004 0.011 0.023
161 F 0.044 0.019 0.016 0.017 0.013 0.012 0.02 0.024 0.013 0.093 0.115 0.021 0.026 0.285 0.012 0.027 0.032 0.013 0.064 0.134
162 F 0.032 0.019 0.016 0.016 0.01 0.011 0.019 0.025 0.016 0.057 0.103 0.019 0.023 0.371 0.01 0.024 0.024 0.071 0.083 0.05
163 G 0.067 0.035 0.177 0.057 0.011 0.028 0.041 0.218 0.022 0.022 0.031 0.045 0.011 0.017 0.021 0.102 0.048 0.005 0.014 0.028
164 T 0.07 0.033 0.039 0.034 0.017 0.025 0.036 0.04 0.013 0.063 0.07 0.042 0.02 0.024 0.025 0.083 0.25 0.006 0.017 0.094
165 G 0.073 0.023 0.036 0.031 0.011 0.02 0.026 0.46 0.013 0.027 0.046 0.033 0.03 0.019 0.018 0.053 0.031 0.005 0.012 0.031
166 L 0.043 0.026 0.05 0.022 0.015 0.017 0.023 0.025 0.012 0.101 0.358 0.027 0.044 0.049 0.014 0.028 0.034 0.007 0.021 0.085
167 A 0.169 0.03 0.025 0.039 0.015 0.03 0.097 0.049 0.015 0.092 0.073 0.045 0.019 0.024 0.078 0.058 0.042 0.005 0.017 0.077
168 K 0.055 0.103 0.04 0.04 0.008 0.051 0.068 0.042 0.02 0.027 0.042 0.306 0.015 0.015 0.027 0.051 0.038 0.005 0.017 0.032
169 P 0.055 0.025 0.022 0.03 0.01 0.02 0.035 0.035 0.012 0.025 0.035 0.04 0.01 0.012 0.513 0.042 0.035 0.002 0.012 0.03
170 T 0.078 0.034 0.041 0.036 0.017 0.027 0.039 0.045 0.014 0.058 0.065 0.043 0.019 0.023 0.026 0.118 0.206 0.005 0.017 0.087
171 F 0.035 0.019 0.016 0.016 0.011 0.011 0.019 0.024 0.015 0.072 0.174 0.02 0.03 0.331 0.011 0.024 0.026 0.014 0.071 0.062
172 L 0.104 0.025 0.016 0.018 0.017 0.018 0.024 0.033 0.011 0.096 0.323 0.028 0.041 0.046 0.017 0.036 0.036 0.006 0.02 0.087
173 F 0.034 0.02 0.017 0.017 0.01 0.012 0.02 0.024 0.022 0.057 0.101 0.021 0.023 0.355 0.011 0.026 0.025 0.018 0.136 0.051
174 L 0.05 0.05 0.03 0.032 0.012 0.144 0.064 0.032 0.021 0.062 0.179 0.061 0.048 0.031 0.019 0.042 0.037 0.006 0.021 0.06
175 E 0.053 0.048 0.039 0.087 0.007 0.062 0.324 0.034 0.025 0.021 0.035 0.073 0.012 0.016 0.025 0.053 0.035 0.005 0.016 0.03
176 P 0.055 0.025 0.022 0.03 0.01 0.02 0.035 0.035 0.012 0.025 0.035 0.04 0.01 0.012 0.513 0.042 0.035 0.002 0.012 0.03
177 S 0.106 0.039 0.052 0.047 0.017 0.032 0.05 0.064 0.018 0.029 0.04 0.052 0.015 0.02 0.029 0.25 0.079 0.005 0.017 0.04
178 H 0.04 0.044 0.051 0.037 0.007 0.037 0.051 0.037 0.38 0.022 0.037 0.044 0.015 0.029 0.018 0.04 0.026 0.007 0.055 0.022
179 F 0.034 0.018 0.016 0.016 0.011 0.011 0.018 0.024 0.015 0.09 0.132 0.019 0.027 0.35 0.011 0.024 0.026 0.015 0.075 0.068
180 A 0.257 0.027 0.022 0.026 0.02 0.022 0.034 0.063 0.013 0.099 0.08 0.038 0.021 0.026 0.025 0.069 0.046 0.005 0.017 0.089
181 L 0.043 0.023 0.014 0.015 0.016 0.015 0.019 0.02 0.01 0.132 0.373 0.024 0.046 0.051 0.014 0.023 0.033 0.007 0.021 0.101
182 V 0.098 0.02 0.017 0.018 0.126 0.016 0.022 0.032 0.009 0.147 0.109 0.026 0.026 0.031 0.017 0.039 0.043 0.005 0.018 0.181
183 C 0.153 0.024 0.023 0.024 0.181 0.019 0.029 0.048 0.011 0.067 0.072 0.032 0.019 0.023 0.021 0.075 0.047 0.005 0.016 0.111
184 A 0.206 0.028 0.027 0.029 0.019 0.023 0.035 0.058 0.013 0.098 0.079 0.039 0.021 0.026 0.025 0.088 0.075 0.005 0.018 0.087
185 P 0.06 0.026 0.026 0.032 0.011 0.021 0.037 0.038 0.013 0.025 0.035 0.041 0.01 0.013 0.459 0.065 0.04 0.003 0.013 0.031
186 F 0.039 0.02 0.016 0.016 0.012 0.012 0.019 0.023 0.014 0.083 0.176 0.02 0.03 0.289 0.012 0.025 0.029 0.013 0.064 0.089
187 L 0.043 0.02 0.014 0.016 0.015 0.014 0.018 0.021 0.01 0.189 0.262 0.023 0.04 0.088 0.013 0.024 0.034 0.007 0.028 0.123
188 I 0.052 0.023 0.02 0.021 0.015 0.018 0.023 0.027 0.012 0.198 0.148 0.028 0.067 0.082 0.016 0.052 0.041 0.007 0.028 0.124
189 Y 0.038 0.026 0.02 0.018 0.009 0.02 0.026 0.024 0.042 0.044 0.071 0.029 0.019 0.157 0.014 0.029 0.027 0.026 0.315 0.046
190 F 0.066 0.022 0.019 0.018 0.011 0.015 0.023 0.03 0.026 0.052 0.089 0.025 0.021 0.272 0.014 0.033 0.028 0.019 0.164 0.052
191 S 0.105 0.03 0.034 0.032 0.124 0.024 0.036 0.049 0.021 0.036 0.053 0.039 0.016 0.044 0.023 0.136 0.054 0.01 0.088 0.047
192 L 0.047 0.039 0.021 0.021 0.013 0.022 0.031 0.027 0.014 0.086 0.162 0.085 0.029 0.159 0.016 0.032 0.034 0.009 0.041 0.111
193 T 0.069 0.03 0.066 0.034 0.016 0.023 0.033 0.039 0.014 0.108 0.117 0.038 0.025 0.03 0.022 0.071 0.155 0.006 0.018 0.088
194 L 0.058 0.041 0.1 0.04 0.013 0.029 0.04 0.043 0.022 0.054 0.137 0.07 0.041 0.041 0.02 0.089 0.047 0.008 0.055 0.054
195 A 0.122 0.05 0.034 0.034 0.015 0.054 0.05 0.049 0.017 0.091 0.072 0.104 0.02 0.023 0.024 0.096 0.05 0.005 0.018 0.072
196 R 0.067 0.182 0.041 0.035 0.011 0.035 0.043 0.15 0.018 0.026 0.042 0.075 0.014 0.018 0.022 0.095 0.069 0.005 0.015 0.035
197 N 0.061 0.052 0.141 0.051 0.012 0.034 0.048 0.051 0.021 0.038 0.08 0.104 0.018 0.022 0.023 0.097 0.081 0.005 0.017 0.043
198 V 0.058 0.056 0.041 0.031 0.014 0.028 0.039 0.034 0.015 0.092 0.078 0.097 0.021 0.028 0.076 0.051 0.092 0.006 0.029 0.114
199 L 0.063 0.055 0.034 0.032 0.014 0.032 0.044 0.039 0.015 0.06 0.162 0.123 0.027 0.03 0.023 0.08 0.081 0.006 0.019 0.06
200 R 0.087 0.197 0.038 0.034 0.011 0.04 0.05 0.098 0.019 0.026 0.043 0.133 0.014 0.017 0.023 0.073 0.041 0.005 0.016 0.035
201 L 0.08 0.026 0.021 0.021 0.016 0.019 0.025 0.031 0.011 0.111 0.26 0.03 0.037 0.041 0.018 0.045 0.089 0.006 0.02 0.093
202 L 0.076 0.022 0.019 0.02 0.016 0.016 0.023 0.047 0.01 0.186 0.187 0.028 0.033 0.039 0.017 0.047 0.042 0.006 0.019 0.147
203 L 0.045 0.022 0.014 0.016 0.016 0.016 0.02 0.021 0.01 0.154 0.316 0.025 0.055 0.049 0.014 0.025 0.035 0.007 0.021 0.121
204 L 0.044 0.021 0.014 0.015 0.016 0.015 0.019 0.02 0.009 0.174 0.32 0.024 0.044 0.049 0.014 0.024 0.034 0.006 0.021 0.118
205 L 0.059 0.026 0.025 0.024 0.015 0.019 0.027 0.087 0.013 0.077 0.246 0.031 0.034 0.081 0.017 0.077 0.041 0.007 0.026 0.069
206 L 0.057 0.023 0.016 0.017 0.015 0.017 0.022 0.025 0.012 0.124 0.198 0.026 0.069 0.125 0.014 0.03 0.036 0.009 0.035 0.128
207 F 0.048 0.02 0.016 0.017 0.014 0.013 0.02 0.024 0.013 0.104 0.117 0.021 0.027 0.243 0.013 0.028 0.035 0.011 0.056 0.161
208 G 0.118 0.025 0.026 0.025 0.015 0.02 0.027 0.204 0.012 0.065 0.144 0.033 0.042 0.03 0.019 0.049 0.043 0.006 0.017 0.08
209 L 0.081 0.024 0.02 0.021 0.015 0.017 0.025 0.033 0.012 0.109 0.2 0.028 0.032 0.122 0.016 0.056 0.04 0.008 0.034 0.106
210 W 0.031 0.022 0.016 0.015 0.008 0.015 0.022 0.028 0.018 0.034 0.059 0.022 0.016 0.105 0.008 0.023 0.023 0.403 0.099 0.034
211 G 0.156 0.025 0.033 0.031 0.014 0.02 0.029 0.378 0.013 0.026 0.037 0.036 0.012 0.017 0.022 0.06 0.035 0.005 0.013 0.038
212 G 0.099 0.025 0.027 0.025 0.015 0.019 0.026 0.201 0.012 0.067 0.167 0.032 0.026 0.031 0.019 0.049 0.061 0.006 0.016 0.078
213 Y 0.039 0.027 0.021 0.018 0.009 0.021 0.027 0.024 0.045 0.042 0.066 0.03 0.018 0.126 0.015 0.03 0.027 0.027 0.344 0.045
214 I 0.053 0.018 0.015 0.017 0.017 0.014 0.019 0.021 0.008 0.252 0.149 0.023 0.034 0.04 0.015 0.027 0.041 0.006 0.02 0.212
215 Q 0.054 0.072 0.042 0.049 0.008 0.203 0.12 0.039 0.027 0.025 0.044 0.11 0.018 0.014 0.023 0.053 0.039 0.006 0.019 0.033
216 N 0.041 0.043 0.343 0.08 0.009 0.032 0.047 0.063 0.03 0.022 0.03 0.052 0.011 0.017 0.019 0.067 0.047 0.004 0.015 0.026
217 L 0.039 0.021 0.015 0.015 0.013 0.013 0.019 0.022 0.012 0.09 0.279 0.022 0.038 0.202 0.012 0.024 0.029 0.011 0.048 0.076
218 T 0.067 0.032 0.039 0.034 0.017 0.025 0.036 0.039 0.013 0.079 0.074 0.041 0.021 0.025 0.025 0.082 0.249 0.006 0.017 0.08
219 L 0.083 0.03 0.024 0.023 0.016 0.024 0.029 0.034 0.014 0.084 0.193 0.035 0.102 0.04 0.019 0.05 0.091 0.007 0.021 0.083
220 L 0.045 0.021 0.015 0.016 0.016 0.015 0.019 0.021 0.01 0.214 0.244 0.025 0.057 0.046 0.014 0.025 0.036 0.006 0.021 0.135
221 L 0.074 0.022 0.016 0.018 0.015 0.016 0.022 0.028 0.012 0.136 0.221 0.026 0.053 0.112 0.015 0.032 0.035 0.008 0.033 0.107
222 A 0.239 0.029 0.028 0.03 0.019 0.024 0.037 0.119 0.014 0.05 0.059 0.041 0.017 0.022 0.026 0.091 0.049 0.005 0.016 0.084
223 V 0.132 0.023 0.02 0.022 0.018 0.018 0.026 0.093 0.01 0.121 0.13 0.03 0.027 0.031 0.019 0.046 0.043 0.005 0.018 0.166
224 L 0.083 0.024 0.017 0.018 0.017 0.019 0.024 0.029 0.011 0.123 0.222 0.028 0.065 0.041 0.016 0.035 0.04 0.006 0.021 0.16
225 L 0.044 0.022 0.015 0.016 0.015 0.015 0.02 0.022 0.011 0.124 0.255 0.024 0.055 0.128 0.013 0.026 0.034 0.009 0.035 0.115
226 A 0.211 0.028 0.025 0.027 0.02 0.023 0.035 0.057 0.013 0.079 0.078 0.038 0.021 0.025 0.024 0.084 0.051 0.005 0.018 0.14
227 F 0.039 0.023 0.018 0.017 0.012 0.017 0.022 0.024 0.024 0.091 0.142 0.025 0.045 0.194 0.013 0.027 0.029 0.017 0.15 0.072
228 V 0.064 0.023 0.022 0.022 0.071 0.018 0.025 0.03 0.01 0.138 0.149 0.029 0.029 0.034 0.018 0.06 0.071 0.005 0.019 0.162
229 I 0.05 0.019 0.014 0.017 0.016 0.014 0.018 0.021 0.008 0.247 0.18 0.023 0.036 0.042 0.014 0.026 0.04 0.006 0.02 0.19
230 S 0.091 0.074 0.048 0.043 0.016 0.032 0.048 0.055 0.018 0.033 0.046 0.057 0.016 0.02 0.027 0.191 0.118 0.005 0.017 0.045
231 A 0.215 0.033 0.035 0.034 0.019 0.027 0.041 0.065 0.015 0.041 0.055 0.045 0.017 0.021 0.028 0.121 0.105 0.005 0.017 0.061
232 R 0.047 0.281 0.038 0.033 0.008 0.048 0.056 0.035 0.022 0.024 0.044 0.179 0.015 0.016 0.021 0.046 0.035 0.005 0.017 0.03
233 K 0.058 0.062 0.052 0.039 0.011 0.06 0.057 0.041 0.086 0.059 0.056 0.135 0.018 0.022 0.023 0.073 0.067 0.006 0.024 0.05
234 N 0.054 0.103 0.157 0.053 0.012 0.034 0.045 0.049 0.022 0.034 0.047 0.063 0.015 0.02 0.023 0.072 0.131 0.005 0.017 0.045
235 L 0.046 0.022 0.014 0.015 0.016 0.015 0.019 0.021 0.009 0.142 0.336 0.024 0.044 0.049 0.014 0.024 0.035 0.006 0.021 0.126
236 L 0.083 0.025 0.019 0.02 0.017 0.018 0.025 0.032 0.011 0.12 0.265 0.029 0.037 0.042 0.017 0.056 0.041 0.006 0.02 0.115
237 P 0.048 0.023 0.02 0.023 0.011 0.017 0.028 0.029 0.018 0.057 0.074 0.03 0.018 0.144 0.225 0.034 0.033 0.01 0.081 0.076
238 A 0.235 0.03 0.029 0.03 0.019 0.024 0.038 0.065 0.015 0.043 0.062 0.041 0.018 0.064 0.026 0.095 0.074 0.006 0.024 0.062
239 F 0.108 0.025 0.022 0.023 0.015 0.019 0.027 0.039 0.014 0.089 0.137 0.03 0.044 0.159 0.018 0.063 0.04 0.009 0.041 0.076
240 L 0.049 0.021 0.014 0.016 0.016 0.015 0.019 0.021 0.009 0.184 0.259 0.024 0.04 0.045 0.014 0.025 0.038 0.006 0.021 0.164
241 L 0.081 0.021 0.016 0.018 0.071 0.015 0.021 0.029 0.01 0.137 0.177 0.025 0.031 0.079 0.016 0.034 0.038 0.007 0.026 0.148
242 F 0.066 0.022 0.021 0.021 0.069 0.016 0.024 0.032 0.013 0.112 0.135 0.027 0.027 0.159 0.016 0.058 0.051 0.009 0.04 0.084
243 C 0.084 0.022 0.019 0.019 0.179 0.016 0.022 0.033 0.011 0.078 0.15 0.026 0.026 0.073 0.017 0.043 0.063 0.006 0.024 0.089
244 L 0.044 0.019 0.014 0.016 0.016 0.014 0.018 0.02 0.009 0.236 0.241 0.023 0.039 0.046 0.014 0.024 0.036 0.006 0.02 0.144
245 F 0.112 0.022 0.019 0.02 0.052 0.016 0.025 0.037 0.012 0.087 0.097 0.027 0.024 0.155 0.017 0.049 0.04 0.009 0.04 0.137
246 A 0.135 0.023 0.022 0.023 0.016 0.018 0.027 0.114 0.012 0.117 0.094 0.031 0.023 0.071 0.019 0.048 0.047 0.007 0.025 0.13
247 L 0.086 0.023 0.024 0.023 0.015 0.018 0.025 0.142 0.011 0.122 0.166 0.03 0.028 0.034 0.018 0.044 0.063 0.006 0.017 0.106
248 L 0.109 0.024 0.018 0.021 0.016 0.018 0.026 0.035 0.011 0.126 0.197 0.03 0.032 0.036 0.073 0.041 0.046 0.006 0.019 0.117
249 L 0.06 0.021 0.02 0.02 0.07 0.016 0.021 0.136 0.01 0.099 0.188 0.026 0.03 0.035 0.016 0.034 0.037 0.006 0.017 0.141
250 L 0.049 0.024 0.021 0.02 0.013 0.018 0.025 0.027 0.023 0.104 0.145 0.028 0.027 0.13 0.015 0.051 0.036 0.015 0.139 0.088
251 I 0.048 0.027 0.022 0.022 0.014 0.041 0.03 0.026 0.016 0.168 0.129 0.033 0.033 0.087 0.016 0.036 0.062 0.009 0.063 0.116
252 F 0.037 0.02 0.016 0.016 0.012 0.013 0.019 0.023 0.017 0.096 0.175 0.021 0.03 0.258 0.012 0.025 0.028 0.014 0.093 0.074
253 L 0.065 0.021 0.017 0.019 0.016 0.016 0.021 0.026 0.01 0.191 0.224 0.026 0.037 0.043 0.016 0.04 0.04 0.006 0.02 0.145
254 D 0.052 0.038 0.075 0.137 0.008 0.057 0.118 0.095 0.02 0.022 0.033 0.054 0.011 0.015 0.131 0.051 0.036 0.004 0.014 0.028
255 A 0.12 0.032 0.04 0.077 0.016 0.027 0.045 0.051 0.055 0.075 0.065 0.042 0.019 0.025 0.024 0.118 0.059 0.005 0.021 0.085
256 D 0.044 0.035 0.057 0.309 0.007 0.04 0.166 0.041 0.02 0.021 0.03 0.053 0.01 0.015 0.023 0.051 0.034 0.004 0.012 0.026
257 S 0.061 0.032 0.106 0.085 0.013 0.025 0.043 0.048 0.019 0.044 0.103 0.041 0.02 0.096 0.02 0.112 0.05 0.007 0.029 0.045
258 L 0.039 0.021 0.015 0.016 0.013 0.014 0.019 0.023 0.013 0.108 0.221 0.023 0.052 0.21 0.012 0.025 0.03 0.011 0.05 0.083
259 S 0.08 0.046 0.052 0.04 0.015 0.054 0.051 0.049 0.018 0.059 0.06 0.078 0.019 0.022 0.025 0.141 0.085 0.005 0.018 0.084
260 Y 0.039 0.027 0.021 0.018 0.009 0.021 0.027 0.024 0.045 0.042 0.066 0.03 0.018 0.126 0.015 0.03 0.027 0.027 0.344 0.045
261 F 0.035 0.022 0.018 0.017 0.01 0.015 0.022 0.024 0.029 0.052 0.09 0.023 0.022 0.284 0.012 0.027 0.026 0.021 0.2 0.049
262 T 0.089 0.109 0.07 0.038 0.014 0.031 0.041 0.046 0.017 0.045 0.089 0.059 0.02 0.024 0.023 0.086 0.122 0.006 0.017 0.054
263 D 0.081 0.034 0.054 0.261 0.01 0.036 0.131 0.048 0.019 0.024 0.034 0.051 0.011 0.016 0.024 0.077 0.041 0.004 0.013 0.031
264 R 0.043 0.37 0.037 0.03 0.007 0.047 0.05 0.032 0.022 0.022 0.045 0.116 0.015 0.017 0.019 0.043 0.034 0.006 0.017 0.03
265 L 0.044 0.023 0.014 0.016 0.016 0.016 0.02 0.021 0.01 0.151 0.323 0.025 0.061 0.05 0.014 0.025 0.034 0.007 0.021 0.109
266 N 0.051 0.037 0.213 0.145 0.01 0.03 0.054 0.055 0.024 0.038 0.041 0.047 0.013 0.019 0.021 0.08 0.048 0.004 0.015 0.057
267 L 0.041 0.021 0.014 0.016 0.014 0.014 0.019 0.021 0.011 0.142 0.282 0.023 0.04 0.13 0.013 0.024 0.032 0.009 0.035 0.101
268 S 0.115 0.039 0.114 0.052 0.015 0.031 0.048 0.065 0.021 0.028 0.04 0.051 0.014 0.02 0.027 0.191 0.068 0.005 0.016 0.04
269 S 0.101 0.036 0.05 0.045 0.016 0.03 0.046 0.152 0.018 0.027 0.038 0.049 0.014 0.019 0.027 0.204 0.07 0.005 0.016 0.038
270 D 0.051 0.032 0.11 0.221 0.008 0.031 0.091 0.155 0.02 0.021 0.029 0.046 0.01 0.016 0.021 0.059 0.037 0.004 0.012 0.025
271 T 0.068 0.034 0.105 0.044 0.015 0.027 0.039 0.047 0.017 0.058 0.095 0.043 0.021 0.026 0.023 0.106 0.129 0.005 0.017 0.081
272 N 0.053 0.043 0.171 0.148 0.009 0.058 0.093 0.053 0.025 0.023 0.033 0.056 0.012 0.017 0.022 0.087 0.047 0.005 0.015 0.029
273 N 0.041 0.043 0.343 0.08 0.009 0.032 0.047 0.063 0.03 0.022 0.03 0.052 0.011 0.017 0.019 0.067 0.047 0.004 0.015 0.026
274 L 0.044 0.023 0.014 0.016 0.016 0.016 0.02 0.021 0.01 0.151 0.323 0.025 0.061 0.05 0.014 0.025 0.034 0.007 0.021 0.109
275 S 0.106 0.039 0.052 0.047 0.017 0.032 0.05 0.064 0.018 0.029 0.04 0.052 0.015 0.02 0.029 0.25 0.079 0.005 0.017 0.04
276 L 0.118 0.026 0.023 0.023 0.018 0.02 0.029 0.038 0.011 0.098 0.157 0.033 0.029 0.033 0.021 0.054 0.095 0.006 0.019 0.149
277 L 0.043 0.023 0.014 0.015 0.016 0.016 0.019 0.02 0.01 0.111 0.4 0.024 0.048 0.053 0.014 0.023 0.032 0.007 0.021 0.092
278 V 0.095 0.022 0.017 0.018 0.019 0.017 0.024 0.029 0.009 0.145 0.118 0.027 0.029 0.033 0.017 0.037 0.048 0.005 0.019 0.271
279 L 0.043 0.023 0.014 0.015 0.016 0.016 0.019 0.02 0.01 0.111 0.4 0.024 0.048 0.053 0.014 0.023 0.032 0.007 0.021 0.092
280 L 0.047 0.024 0.017 0.017 0.015 0.019 0.022 0.024 0.016 0.127 0.202 0.027 0.081 0.095 0.014 0.029 0.035 0.01 0.064 0.116
281 Q 0.054 0.071 0.042 0.045 0.008 0.245 0.099 0.04 0.028 0.025 0.045 0.088 0.02 0.014 0.023 0.054 0.04 0.006 0.02 0.034
282 G 0.075 0.022 0.038 0.032 0.01 0.018 0.025 0.529 0.013 0.018 0.027 0.032 0.009 0.016 0.018 0.049 0.029 0.005 0.01 0.023
283 W 0.029 0.022 0.015 0.015 0.007 0.015 0.022 0.029 0.015 0.029 0.051 0.022 0.015 0.058 0.007 0.022 0.022 0.512 0.066 0.029
284 E 0.05 0.048 0.047 0.164 0.007 0.094 0.213 0.038 0.024 0.022 0.035 0.068 0.013 0.015 0.023 0.052 0.036 0.005 0.015 0.029
285 N 0.041 0.043 0.343 0.08 0.009 0.032 0.047 0.063 0.03 0.022 0.03 0.052 0.011 0.017 0.019 0.067 0.047 0.004 0.015 0.026
286 A 0.317 0.03 0.025 0.029 0.021 0.025 0.039 0.075 0.014 0.042 0.057 0.043 0.017 0.021 0.029 0.082 0.048 0.005 0.017 0.066
287 I 0.046 0.018 0.015 0.017 0.014 0.013 0.019 0.022 0.011 0.188 0.136 0.022 0.031 0.163 0.013 0.026 0.036 0.009 0.042 0.159
288 L 0.046 0.036 0.02 0.026 0.014 0.026 0.059 0.025 0.013 0.09 0.296 0.062 0.056 0.044 0.017 0.031 0.034 0.007 0.02 0.078
289 T 0.074 0.035 0.043 0.037 0.017 0.027 0.039 0.044 0.014 0.049 0.06 0.045 0.019 0.022 0.027 0.107 0.254 0.006 0.017 0.065
290 L 0.042 0.024 0.015 0.015 0.015 0.016 0.02 0.022 0.011 0.104 0.344 0.025 0.061 0.092 0.013 0.025 0.032 0.008 0.029 0.088
291 Q 0.059 0.075 0.077 0.045 0.011 0.111 0.065 0.044 0.063 0.031 0.046 0.067 0.017 0.019 0.023 0.083 0.095 0.006 0.022 0.04
292 T 0.079 0.049 0.047 0.044 0.015 0.094 0.064 0.05 0.021 0.036 0.051 0.063 0.019 0.02 0.027 0.124 0.125 0.006 0.018 0.049
293 Q 0.081 0.045 0.035 0.04 0.012 0.101 0.087 0.039 0.059 0.069 0.099 0.057 0.023 0.025 0.022 0.053 0.064 0.006 0.023 0.061
294 S 0.087 0.039 0.116 0.053 0.015 0.031 0.048 0.061 0.021 0.03 0.041 0.051 0.015 0.02 0.026 0.191 0.094 0.005 0.016 0.04
295 P 0.051 0.024 0.021 0.023 0.011 0.018 0.028 0.085 0.016 0.047 0.074 0.032 0.016 0.039 0.217 0.035 0.032 0.105 0.061 0.064
296 L 0.039 0.021 0.015 0.016 0.013 0.013 0.019 0.022 0.012 0.111 0.252 0.022 0.037 0.201 0.012 0.024 0.03 0.011 0.048 0.085
297 G 0.075 0.022 0.038 0.032 0.01 0.018 0.025 0.529 0.013 0.018 0.027 0.032 0.009 0.016 0.018 0.049 0.029 0.005 0.01 0.023
298 G 0.155 0.029 0.03 0.035 0.016 0.026 0.065 0.159 0.014 0.059 0.061 0.041 0.017 0.022 0.023 0.079 0.046 0.005 0.016 0.101
299 G 0.075 0.022 0.038 0.032 0.01 0.018 0.025 0.529 0.013 0.018 0.027 0.032 0.009 0.016 0.018 0.049 0.029 0.005 0.01 0.023
300 F 0.032 0.018 0.016 0.016 0.01 0.01 0.018 0.024 0.016 0.061 0.11 0.018 0.024 0.41 0.01 0.024 0.024 0.016 0.085 0.053
301 Q 0.054 0.071 0.042 0.045 0.008 0.245 0.099 0.04 0.028 0.025 0.045 0.088 0.02 0.014 0.023 0.054 0.04 0.006 0.02 0.034
302 Q 0.054 0.071 0.042 0.045 0.008 0.245 0.099 0.04 0.028 0.025 0.045 0.088 0.02 0.014 0.023 0.054 0.04 0.006 0.02 0.034
303 F 0.037 0.022 0.017 0.017 0.011 0.015 0.021 0.024 0.022 0.066 0.141 0.023 0.044 0.267 0.012 0.027 0.027 0.017 0.129 0.06
304 G 0.075 0.022 0.038 0.032 0.01 0.018 0.025 0.529 0.013 0.018 0.027 0.032 0.009 0.016 0.018 0.049 0.029 0.005 0.01 0.023
305 I 0.053 0.018 0.015 0.017 0.017 0.014 0.019 0.021 0.008 0.252 0.149 0.023 0.034 0.04 0.015 0.027 0.041 0.006 0.02 0.212
306 S 0.117 0.036 0.046 0.041 0.017 0.029 0.045 0.058 0.016 0.038 0.05 0.048 0.017 0.021 0.028 0.178 0.141 0.005 0.017 0.052
307 T 0.074 0.035 0.043 0.037 0.017 0.027 0.039 0.044 0.014 0.049 0.06 0.045 0.019 0.022 0.027 0.107 0.254 0.006 0.017 0.065
308 L 0.081 0.028 0.021 0.033 0.015 0.027 0.09 0.03 0.013 0.115 0.193 0.037 0.031 0.036 0.018 0.038 0.039 0.006 0.019 0.13
309 Y 0.057 0.03 0.064 0.032 0.013 0.023 0.033 0.036 0.025 0.082 0.076 0.037 0.02 0.06 0.02 0.071 0.094 0.012 0.126 0.089
310 G 0.075 0.022 0.038 0.032 0.01 0.018 0.025 0.529 0.013 0.018 0.027 0.032 0.009 0.016 0.018 0.049 0.029 0.005 0.01 0.023
311 D 0.083 0.035 0.084 0.205 0.011 0.034 0.103 0.05 0.019 0.028 0.037 0.049 0.012 0.017 0.024 0.083 0.069 0.004 0.014 0.036
312 I 0.136 0.023 0.019 0.021 0.016 0.018 0.026 0.04 0.015 0.143 0.106 0.03 0.025 0.084 0.019 0.045 0.04 0.009 0.062 0.123
313 S 0.114 0.036 0.045 0.04 0.017 0.029 0.044 0.056 0.016 0.039 0.051 0.048 0.017 0.021 0.028 0.164 0.157 0.005 0.017 0.055
314 N 0.047 0.042 0.104 0.09 0.009 0.078 0.087 0.039 0.029 0.046 0.053 0.053 0.017 0.042 0.02 0.048 0.038 0.01 0.089 0.059
315 K 0.083 0.143 0.038 0.037 0.01 0.066 0.061 0.043 0.02 0.03 0.047 0.181 0.016 0.017 0.025 0.057 0.065 0.005 0.017 0.039
316 L 0.046 0.021 0.014 0.016 0.016 0.015 0.019 0.021 0.009 0.179 0.29 0.024 0.042 0.047 0.014 0.025 0.036 0.006 0.021 0.141
317 Y 0.039 0.102 0.026 0.022 0.009 0.025 0.032 0.027 0.067 0.068 0.078 0.047 0.02 0.145 0.015 0.032 0.029 0.015 0.146 0.055
318 D 0.094 0.05 0.044 0.127 0.013 0.055 0.089 0.066 0.018 0.042 0.049 0.054 0.016 0.019 0.024 0.098 0.057 0.005 0.016 0.066
319 L 0.046 0.024 0.016 0.017 0.016 0.019 0.021 0.023 0.011 0.148 0.277 0.027 0.093 0.048 0.014 0.027 0.036 0.007 0.022 0.108
320 L 0.079 0.023 0.015 0.017 0.017 0.016 0.022 0.027 0.01 0.135 0.274 0.026 0.039 0.044 0.016 0.032 0.038 0.006 0.02 0.144
