#Seq2Logo.py -f /work3/idamei/ssn-clusterings/clustering/2205111339/clusters/0013_215/sequences.afa -o /work3/idamei/ssn-clusterings/clustering/2205111339/clusters/0013_215/sequences.logo
#Position Specific Frequency Matrix
A R N D C Q E G H I L K M F P S T W Y V
0 M 0.05 0.031 0.019 0.019 0.015 0.027 0.027 0.027 0.015 0.097 0.189 0.035 0.193 0.046 0.015 0.035 0.039 0.008 0.023 0.089
1 K 0.066 0.076 0.042 0.052 0.01 0.049 0.121 0.045 0.021 0.026 0.04 0.198 0.014 0.016 0.027 0.096 0.047 0.005 0.017 0.033
2 L 0.043 0.071 0.056 0.027 0.012 0.024 0.031 0.029 0.015 0.135 0.161 0.068 0.029 0.038 0.016 0.034 0.036 0.062 0.024 0.09
3 Y 0.058 0.08 0.058 0.04 0.01 0.035 0.074 0.04 0.03 0.031 0.049 0.081 0.016 0.058 0.021 0.088 0.043 0.013 0.138 0.038
4 K 0.054 0.05 0.027 0.027 0.013 0.029 0.039 0.031 0.018 0.073 0.113 0.12 0.024 0.081 0.02 0.043 0.063 0.009 0.062 0.105
5 S 0.11 0.04 0.054 0.049 0.018 0.033 0.052 0.066 0.019 0.03 0.042 0.054 0.016 0.021 0.03 0.22 0.082 0.005 0.018 0.042
6 K 0.057 0.107 0.042 0.042 0.009 0.054 0.071 0.043 0.021 0.028 0.043 0.278 0.016 0.016 0.028 0.054 0.04 0.005 0.017 0.033
7 Q 0.056 0.074 0.044 0.047 0.009 0.215 0.103 0.041 0.029 0.026 0.047 0.091 0.021 0.015 0.024 0.056 0.041 0.006 0.021 0.035
8 T 0.073 0.036 0.043 0.038 0.018 0.028 0.039 0.043 0.014 0.053 0.065 0.045 0.02 0.024 0.028 0.093 0.246 0.006 0.018 0.071
9 K 0.066 0.064 0.072 0.042 0.012 0.038 0.053 0.046 0.019 0.041 0.049 0.16 0.016 0.018 0.079 0.094 0.049 0.005 0.016 0.062
10 V 0.053 0.036 0.065 0.029 0.015 0.023 0.031 0.031 0.013 0.146 0.148 0.068 0.029 0.034 0.017 0.037 0.042 0.005 0.019 0.16
11 K 0.057 0.107 0.042 0.042 0.009 0.054 0.071 0.043 0.021 0.028 0.043 0.278 0.016 0.016 0.028 0.054 0.04 0.005 0.017 0.033
12 C 0.087 0.028 0.035 0.032 0.252 0.023 0.034 0.049 0.014 0.037 0.053 0.037 0.016 0.02 0.023 0.133 0.059 0.005 0.015 0.049
13 G 0.069 0.092 0.095 0.046 0.011 0.033 0.046 0.131 0.079 0.024 0.037 0.059 0.013 0.02 0.022 0.114 0.049 0.005 0.022 0.031
14 P 0.055 0.072 0.034 0.033 0.011 0.058 0.051 0.036 0.024 0.034 0.051 0.102 0.016 0.039 0.119 0.053 0.081 0.009 0.08 0.042
15 R 0.054 0.201 0.04 0.035 0.01 0.045 0.055 0.038 0.02 0.03 0.048 0.168 0.016 0.018 0.023 0.056 0.082 0.005 0.017 0.039
16 R 0.061 0.163 0.036 0.033 0.011 0.041 0.051 0.038 0.018 0.056 0.062 0.148 0.019 0.021 0.022 0.065 0.044 0.005 0.018 0.088
17 Y 0.049 0.025 0.02 0.018 0.012 0.02 0.026 0.024 0.033 0.082 0.087 0.029 0.023 0.097 0.016 0.031 0.035 0.02 0.227 0.125
18 G 0.056 0.054 0.075 0.046 0.012 0.058 0.08 0.1 0.049 0.04 0.088 0.053 0.019 0.023 0.021 0.059 0.095 0.006 0.02 0.046
19 L 0.063 0.026 0.023 0.023 0.017 0.019 0.027 0.031 0.011 0.127 0.212 0.031 0.034 0.039 0.018 0.072 0.061 0.006 0.02 0.141
20 F 0.039 0.034 0.023 0.021 0.011 0.02 0.029 0.027 0.06 0.065 0.164 0.059 0.028 0.223 0.014 0.03 0.028 0.011 0.057 0.057
21 L 0.086 0.025 0.022 0.022 0.075 0.02 0.028 0.035 0.019 0.065 0.109 0.032 0.022 0.052 0.08 0.046 0.066 0.01 0.098 0.087
22 V 0.061 0.022 0.02 0.021 0.017 0.017 0.024 0.027 0.01 0.188 0.163 0.028 0.033 0.038 0.017 0.055 0.046 0.006 0.02 0.191
23 I 0.049 0.019 0.017 0.019 0.015 0.014 0.019 0.083 0.009 0.226 0.189 0.024 0.035 0.041 0.015 0.027 0.036 0.006 0.019 0.138
24 I 0.087 0.024 0.022 0.022 0.056 0.018 0.026 0.034 0.016 0.123 0.1 0.03 0.024 0.09 0.018 0.052 0.068 0.009 0.067 0.115
25 I 0.115 0.021 0.017 0.02 0.017 0.016 0.023 0.034 0.01 0.215 0.131 0.028 0.03 0.036 0.018 0.04 0.042 0.006 0.019 0.16
26 L 0.064 0.025 0.018 0.018 0.015 0.019 0.024 0.027 0.015 0.107 0.256 0.029 0.056 0.056 0.016 0.034 0.05 0.009 0.061 0.101
27 V 0.095 0.026 0.022 0.023 0.017 0.021 0.028 0.035 0.012 0.136 0.142 0.032 0.059 0.036 0.019 0.064 0.048 0.006 0.02 0.162
28 L 0.046 0.023 0.014 0.015 0.016 0.016 0.02 0.021 0.01 0.117 0.363 0.025 0.046 0.051 0.014 0.025 0.034 0.007 0.021 0.118
29 P 0.078 0.022 0.019 0.023 0.012 0.016 0.027 0.034 0.014 0.074 0.082 0.03 0.019 0.165 0.201 0.038 0.033 0.008 0.041 0.061
30 L 0.057 0.024 0.021 0.021 0.015 0.017 0.025 0.029 0.012 0.122 0.169 0.028 0.041 0.115 0.016 0.057 0.052 0.008 0.034 0.137
31 A 0.173 0.04 0.033 0.06 0.014 0.045 0.169 0.057 0.02 0.033 0.048 0.06 0.015 0.019 0.028 0.07 0.043 0.005 0.017 0.05
32 L 0.097 0.032 0.028 0.028 0.016 0.04 0.037 0.041 0.014 0.08 0.193 0.04 0.037 0.035 0.02 0.091 0.049 0.006 0.02 0.097
33 L 0.044 0.02 0.014 0.016 0.015 0.014 0.019 0.021 0.01 0.189 0.241 0.023 0.039 0.092 0.014 0.024 0.035 0.007 0.029 0.135
34 L 0.061 0.024 0.019 0.019 0.013 0.017 0.024 0.029 0.021 0.095 0.17 0.027 0.029 0.155 0.015 0.043 0.034 0.014 0.117 0.076
35 F 0.076 0.023 0.017 0.018 0.014 0.015 0.023 0.03 0.017 0.081 0.172 0.025 0.029 0.189 0.015 0.033 0.033 0.013 0.085 0.094
36 E 0.054 0.042 0.042 0.122 0.008 0.053 0.254 0.097 0.023 0.021 0.033 0.064 0.012 0.016 0.024 0.053 0.035 0.005 0.015 0.029
37 L 0.052 0.038 0.061 0.028 0.014 0.026 0.033 0.031 0.019 0.089 0.146 0.066 0.066 0.047 0.017 0.038 0.04 0.009 0.06 0.12
38 N 0.053 0.042 0.228 0.068 0.012 0.032 0.046 0.058 0.025 0.033 0.042 0.051 0.014 0.02 0.023 0.077 0.116 0.005 0.016 0.041
39 L 0.046 0.025 0.015 0.016 0.016 0.018 0.021 0.022 0.011 0.112 0.348 0.027 0.069 0.053 0.014 0.026 0.034 0.007 0.022 0.095
40 G 0.07 0.032 0.037 0.049 0.011 0.032 0.101 0.219 0.017 0.023 0.034 0.048 0.011 0.016 0.142 0.072 0.039 0.005 0.013 0.03
41 V 0.053 0.071 0.057 0.028 0.014 0.024 0.032 0.03 0.014 0.139 0.135 0.069 0.028 0.032 0.017 0.036 0.041 0.005 0.019 0.157
42 P 0.096 0.026 0.031 0.032 0.012 0.021 0.034 0.207 0.013 0.025 0.035 0.039 0.011 0.015 0.24 0.072 0.039 0.004 0.013 0.033
43 G 0.063 0.025 0.058 0.028 0.012 0.018 0.026 0.143 0.019 0.078 0.117 0.03 0.032 0.125 0.016 0.039 0.033 0.01 0.068 0.063
44 L 0.05 0.098 0.022 0.021 0.014 0.022 0.026 0.08 0.012 0.149 0.169 0.045 0.03 0.035 0.016 0.032 0.036 0.006 0.018 0.119
45 G 0.105 0.042 0.041 0.038 0.013 0.052 0.047 0.213 0.017 0.028 0.04 0.076 0.014 0.018 0.024 0.109 0.064 0.005 0.015 0.038
46 Y 0.039 0.027 0.021 0.018 0.009 0.021 0.027 0.024 0.045 0.042 0.066 0.03 0.018 0.126 0.015 0.03 0.027 0.027 0.344 0.045
47 T 0.113 0.026 0.026 0.025 0.07 0.02 0.029 0.042 0.013 0.057 0.109 0.033 0.023 0.111 0.021 0.06 0.115 0.008 0.032 0.066
48 D 0.039 0.029 0.066 0.421 0.007 0.029 0.088 0.045 0.018 0.022 0.027 0.043 0.009 0.014 0.022 0.05 0.034 0.004 0.011 0.023
49 E 0.053 0.048 0.039 0.087 0.007 0.062 0.324 0.034 0.025 0.021 0.035 0.073 0.012 0.016 0.025 0.053 0.035 0.005 0.016 0.03
50 I 0.055 0.021 0.02 0.02 0.016 0.016 0.021 0.08 0.01 0.185 0.169 0.027 0.032 0.038 0.016 0.035 0.064 0.006 0.019 0.151
51 L 0.049 0.023 0.017 0.018 0.016 0.016 0.021 0.023 0.01 0.151 0.279 0.026 0.04 0.045 0.015 0.032 0.062 0.006 0.02 0.13
52 G 0.153 0.027 0.032 0.03 0.07 0.021 0.031 0.214 0.013 0.036 0.049 0.037 0.015 0.019 0.023 0.068 0.091 0.005 0.014 0.051
53 L 0.05 0.021 0.014 0.016 0.016 0.015 0.019 0.021 0.009 0.187 0.244 0.024 0.039 0.044 0.014 0.026 0.038 0.006 0.02 0.175
54 L 0.056 0.022 0.018 0.018 0.071 0.016 0.022 0.025 0.009 0.141 0.177 0.026 0.032 0.058 0.016 0.035 0.065 0.006 0.023 0.164
55 C 0.072 0.025 0.027 0.026 0.233 0.02 0.027 0.066 0.012 0.051 0.106 0.031 0.038 0.026 0.019 0.096 0.047 0.005 0.015 0.057
56 L 0.112 0.027 0.022 0.023 0.016 0.021 0.028 0.039 0.014 0.099 0.178 0.033 0.066 0.079 0.019 0.064 0.042 0.007 0.027 0.084
57 L 0.047 0.023 0.019 0.02 0.013 0.017 0.023 0.081 0.013 0.096 0.148 0.027 0.063 0.147 0.069 0.032 0.032 0.009 0.038 0.081
58 Y 0.047 0.027 0.024 0.021 0.011 0.021 0.028 0.028 0.038 0.069 0.074 0.032 0.02 0.105 0.016 0.054 0.034 0.022 0.272 0.058
59 L 0.064 0.023 0.016 0.018 0.016 0.018 0.022 0.026 0.011 0.14 0.201 0.027 0.07 0.083 0.015 0.031 0.038 0.007 0.028 0.144
60 I 0.081 0.022 0.017 0.019 0.016 0.016 0.022 0.029 0.011 0.172 0.165 0.027 0.042 0.085 0.016 0.036 0.048 0.007 0.028 0.139
61 L 0.046 0.025 0.018 0.017 0.014 0.019 0.024 0.023 0.024 0.108 0.184 0.028 0.054 0.076 0.015 0.029 0.034 0.014 0.141 0.108
62 L 0.052 0.026 0.022 0.021 0.013 0.019 0.025 0.084 0.016 0.073 0.219 0.03 0.049 0.053 0.015 0.053 0.036 0.065 0.061 0.066
63 L 0.105 0.024 0.02 0.021 0.016 0.017 0.025 0.036 0.012 0.099 0.195 0.029 0.031 0.121 0.018 0.044 0.062 0.008 0.034 0.084
64 L 0.056 0.022 0.016 0.016 0.014 0.015 0.021 0.025 0.015 0.116 0.244 0.024 0.036 0.137 0.014 0.028 0.032 0.011 0.071 0.088
65 S 0.11 0.04 0.054 0.049 0.018 0.033 0.053 0.067 0.019 0.03 0.042 0.054 0.016 0.021 0.03 0.217 0.082 0.005 0.018 0.042
66 Y 0.041 0.028 0.022 0.019 0.009 0.022 0.028 0.025 0.047 0.044 0.069 0.031 0.019 0.131 0.016 0.031 0.028 0.028 0.316 0.047
67 K 0.081 0.154 0.038 0.036 0.009 0.047 0.061 0.043 0.02 0.027 0.044 0.234 0.015 0.016 0.025 0.053 0.038 0.005 0.017 0.035
68 R 0.045 0.345 0.039 0.031 0.008 0.048 0.052 0.033 0.023 0.023 0.047 0.12 0.016 0.017 0.019 0.045 0.035 0.006 0.017 0.031
69 C 0.065 0.016 0.016 0.016 0.484 0.012 0.016 0.032 0.008 0.045 0.065 0.02 0.016 0.02 0.016 0.041 0.037 0.004 0.012 0.057
70 G 0.063 0.17 0.04 0.034 0.01 0.035 0.044 0.176 0.018 0.026 0.041 0.099 0.014 0.017 0.021 0.074 0.065 0.005 0.015 0.034
71 R 0.049 0.155 0.087 0.04 0.008 0.04 0.05 0.094 0.024 0.025 0.042 0.146 0.014 0.028 0.021 0.049 0.036 0.008 0.052 0.031
72 L 0.047 0.02 0.014 0.016 0.016 0.014 0.019 0.021 0.009 0.2 0.263 0.024 0.04 0.046 0.014 0.025 0.037 0.006 0.021 0.15
73 D 0.053 0.053 0.044 0.127 0.01 0.06 0.093 0.039 0.022 0.032 0.045 0.108 0.015 0.029 0.024 0.058 0.089 0.007 0.052 0.039
74 G 0.072 0.106 0.073 0.04 0.01 0.035 0.046 0.208 0.019 0.023 0.037 0.126 0.013 0.016 0.022 0.067 0.039 0.005 0.014 0.03
75 E 0.087 0.041 0.033 0.042 0.094 0.034 0.101 0.042 0.02 0.037 0.063 0.074 0.017 0.032 0.023 0.083 0.069 0.007 0.052 0.047
76 D 0.04 0.027 0.056 0.331 0.008 0.026 0.073 0.04 0.02 0.055 0.046 0.039 0.013 0.03 0.02 0.045 0.034 0.006 0.049 0.042
77 L 0.054 0.085 0.03 0.029 0.012 0.054 0.045 0.033 0.016 0.106 0.148 0.107 0.027 0.03 0.02 0.06 0.041 0.006 0.019 0.077
78 I 0.104 0.035 0.093 0.036 0.014 0.024 0.034 0.045 0.017 0.123 0.09 0.065 0.022 0.07 0.019 0.049 0.041 0.006 0.025 0.086
79 I 0.061 0.024 0.026 0.026 0.016 0.019 0.027 0.032 0.011 0.191 0.15 0.032 0.03 0.036 0.019 0.081 0.073 0.006 0.019 0.121
80 L 0.053 0.022 0.018 0.019 0.016 0.016 0.022 0.024 0.01 0.156 0.186 0.026 0.033 0.081 0.016 0.034 0.065 0.007 0.027 0.171
81 L 0.047 0.021 0.015 0.016 0.015 0.015 0.02 0.021 0.013 0.181 0.203 0.024 0.035 0.08 0.014 0.026 0.036 0.009 0.061 0.148
82 L 0.044 0.021 0.015 0.016 0.015 0.014 0.019 0.022 0.011 0.147 0.252 0.023 0.038 0.128 0.013 0.025 0.033 0.008 0.035 0.124
83 L 0.045 0.024 0.017 0.018 0.015 0.017 0.022 0.024 0.011 0.119 0.292 0.026 0.049 0.088 0.015 0.031 0.059 0.008 0.028 0.094
84 L 0.081 0.023 0.019 0.02 0.07 0.017 0.023 0.031 0.011 0.119 0.173 0.028 0.039 0.078 0.017 0.041 0.064 0.007 0.026 0.114
85 L 0.12 0.024 0.02 0.022 0.017 0.018 0.026 0.038 0.011 0.131 0.169 0.031 0.03 0.056 0.019 0.047 0.066 0.006 0.023 0.124
86 V 0.058 0.021 0.018 0.019 0.071 0.016 0.022 0.026 0.01 0.133 0.144 0.025 0.029 0.076 0.016 0.036 0.066 0.007 0.026 0.181
87 A 0.145 0.026 0.026 0.027 0.017 0.02 0.03 0.1 0.012 0.127 0.09 0.035 0.023 0.028 0.022 0.061 0.093 0.005 0.017 0.096
88 L 0.131 0.022 0.018 0.02 0.071 0.017 0.025 0.039 0.011 0.118 0.133 0.028 0.027 0.074 0.018 0.044 0.04 0.007 0.025 0.131
89 L 0.039 0.02 0.015 0.016 0.013 0.014 0.019 0.022 0.015 0.146 0.18 0.023 0.031 0.138 0.012 0.024 0.031 0.067 0.076 0.097
90 G 0.075 0.023 0.038 0.033 0.011 0.019 0.026 0.475 0.013 0.022 0.031 0.034 0.01 0.016 0.019 0.054 0.056 0.005 0.011 0.028
91 L 0.047 0.021 0.015 0.016 0.015 0.014 0.02 0.022 0.011 0.133 0.238 0.023 0.037 0.126 0.014 0.026 0.035 0.008 0.035 0.145
92 L 0.108 0.022 0.017 0.019 0.017 0.017 0.023 0.033 0.01 0.176 0.19 0.028 0.033 0.039 0.017 0.038 0.04 0.006 0.02 0.147
93 G 0.092 0.031 0.046 0.041 0.014 0.026 0.039 0.271 0.016 0.024 0.034 0.043 0.012 0.018 0.024 0.161 0.056 0.005 0.014 0.033
94 N 0.044 0.042 0.31 0.075 0.01 0.032 0.046 0.06 0.028 0.025 0.034 0.051 0.012 0.018 0.02 0.069 0.073 0.004 0.015 0.031
95 I 0.098 0.023 0.018 0.019 0.016 0.018 0.024 0.032 0.018 0.15 0.141 0.029 0.029 0.057 0.017 0.037 0.038 0.01 0.091 0.135
96 L 0.079 0.024 0.02 0.02 0.015 0.019 0.025 0.03 0.017 0.128 0.153 0.03 0.041 0.073 0.017 0.04 0.063 0.01 0.077 0.116
97 S 0.084 0.038 0.113 0.051 0.014 0.031 0.047 0.059 0.024 0.029 0.041 0.05 0.014 0.031 0.025 0.185 0.066 0.007 0.053 0.038
98 G 0.064 0.131 0.04 0.036 0.01 0.038 0.049 0.186 0.018 0.023 0.038 0.154 0.013 0.016 0.023 0.071 0.039 0.005 0.015 0.03
99 L 0.054 0.022 0.015 0.016 0.017 0.016 0.021 0.022 0.009 0.152 0.24 0.025 0.047 0.043 0.015 0.028 0.04 0.006 0.021 0.192
100 A 0.142 0.034 0.063 0.035 0.016 0.048 0.041 0.05 0.016 0.097 0.077 0.045 0.021 0.025 0.023 0.066 0.095 0.005 0.018 0.082
101 Y 0.055 0.067 0.032 0.028 0.012 0.026 0.035 0.087 0.061 0.048 0.058 0.045 0.017 0.045 0.074 0.049 0.086 0.01 0.093 0.07
102 D 0.095 0.035 0.102 0.175 0.013 0.03 0.061 0.058 0.02 0.027 0.037 0.048 0.013 0.018 0.025 0.128 0.063 0.004 0.015 0.036
103 W 0.035 0.031 0.018 0.018 0.009 0.019 0.027 0.029 0.018 0.05 0.077 0.054 0.018 0.06 0.011 0.026 0.026 0.346 0.086 0.042
104 F 0.035 0.021 0.035 0.02 0.01 0.014 0.021 0.027 0.02 0.059 0.105 0.022 0.032 0.337 0.012 0.028 0.027 0.016 0.107 0.052
105 P 0.136 0.032 0.036 0.037 0.015 0.026 0.043 0.057 0.016 0.03 0.042 0.046 0.014 0.018 0.19 0.143 0.057 0.004 0.015 0.043
106 V 0.103 0.021 0.017 0.019 0.018 0.016 0.024 0.031 0.009 0.178 0.124 0.027 0.03 0.034 0.018 0.038 0.045 0.005 0.019 0.223
107 L 0.109 0.023 0.018 0.019 0.124 0.017 0.024 0.037 0.012 0.073 0.13 0.027 0.043 0.115 0.017 0.042 0.037 0.008 0.032 0.092
108 V 0.058 0.021 0.015 0.017 0.017 0.015 0.021 0.022 0.008 0.182 0.179 0.024 0.034 0.039 0.015 0.029 0.043 0.006 0.02 0.235
109 D 0.039 0.029 0.066 0.421 0.007 0.029 0.088 0.045 0.018 0.022 0.027 0.043 0.009 0.014 0.022 0.05 0.034 0.004 0.011 0.023
110 L 0.143 0.026 0.022 0.023 0.072 0.021 0.029 0.043 0.012 0.077 0.157 0.033 0.045 0.032 0.021 0.054 0.067 0.006 0.018 0.099
111 L 0.054 0.021 0.015 0.016 0.017 0.015 0.02 0.022 0.009 0.171 0.209 0.024 0.036 0.062 0.015 0.027 0.04 0.006 0.024 0.198
112 C 0.073 0.025 0.029 0.027 0.178 0.019 0.028 0.093 0.012 0.058 0.098 0.032 0.02 0.025 0.02 0.09 0.072 0.005 0.015 0.081
113 L 0.048 0.038 0.026 0.043 0.012 0.058 0.13 0.028 0.017 0.07 0.215 0.049 0.049 0.035 0.019 0.038 0.035 0.006 0.02 0.065
114 L 0.064 0.029 0.03 0.027 0.015 0.022 0.032 0.037 0.017 0.068 0.139 0.035 0.025 0.045 0.02 0.09 0.097 0.064 0.06 0.086
115 K 0.055 0.103 0.04 0.04 0.008 0.051 0.068 0.042 0.02 0.027 0.042 0.306 0.015 0.015 0.027 0.051 0.038 0.005 0.017 0.032
116 I 0.045 0.018 0.015 0.017 0.015 0.013 0.018 0.021 0.01 0.21 0.172 0.022 0.034 0.124 0.013 0.025 0.036 0.008 0.035 0.149
117 F 0.037 0.02 0.015 0.016 0.013 0.012 0.019 0.023 0.013 0.104 0.212 0.021 0.033 0.25 0.012 0.024 0.029 0.012 0.057 0.079
118 V 0.048 0.022 0.016 0.016 0.014 0.016 0.021 0.025 0.011 0.122 0.149 0.024 0.047 0.086 0.013 0.027 0.036 0.12 0.038 0.15
119 G 0.093 0.023 0.026 0.026 0.123 0.019 0.028 0.148 0.011 0.047 0.055 0.033 0.015 0.019 0.129 0.052 0.063 0.004 0.014 0.072
120 F 0.041 0.02 0.017 0.018 0.012 0.013 0.021 0.025 0.017 0.085 0.113 0.023 0.024 0.252 0.068 0.028 0.03 0.014 0.092 0.087
121 I 0.041 0.018 0.015 0.017 0.014 0.012 0.018 0.021 0.011 0.209 0.157 0.021 0.032 0.166 0.013 0.024 0.033 0.009 0.042 0.127
122 A 0.146 0.023 0.022 0.023 0.017 0.018 0.027 0.125 0.012 0.101 0.089 0.031 0.022 0.069 0.02 0.05 0.041 0.007 0.025 0.133
123 F 0.066 0.024 0.022 0.021 0.013 0.018 0.025 0.084 0.02 0.076 0.098 0.029 0.041 0.136 0.016 0.038 0.047 0.013 0.105 0.108
124 K 0.051 0.086 0.036 0.035 0.008 0.045 0.059 0.038 0.025 0.03 0.047 0.245 0.016 0.04 0.024 0.047 0.036 0.01 0.089 0.035
125 Y 0.048 0.037 0.03 0.028 0.011 0.071 0.044 0.031 0.031 0.042 0.065 0.045 0.019 0.11 0.019 0.048 0.085 0.016 0.171 0.049
126 L 0.045 0.022 0.017 0.017 0.014 0.017 0.021 0.023 0.018 0.156 0.16 0.026 0.049 0.103 0.014 0.027 0.035 0.012 0.1 0.126
127 L 0.155 0.025 0.021 0.023 0.017 0.019 0.029 0.045 0.012 0.1 0.157 0.032 0.028 0.075 0.02 0.06 0.042 0.007 0.026 0.106
128 K 0.089 0.049 0.069 0.038 0.013 0.032 0.044 0.046 0.021 0.044 0.077 0.101 0.028 0.034 0.024 0.082 0.096 0.008 0.054 0.052
129 E 0.094 0.047 0.056 0.05 0.012 0.051 0.111 0.047 0.06 0.041 0.05 0.082 0.016 0.021 0.024 0.097 0.048 0.005 0.021 0.065
130 D 0.047 0.033 0.08 0.185 0.009 0.031 0.087 0.058 0.062 0.04 0.046 0.044 0.014 0.031 0.02 0.048 0.044 0.007 0.055 0.059
131 E 0.056 0.061 0.073 0.079 0.009 0.047 0.146 0.041 0.021 0.039 0.047 0.14 0.015 0.018 0.024 0.062 0.041 0.005 0.016 0.06
132 D 0.09 0.048 0.042 0.12 0.012 0.033 0.056 0.047 0.021 0.037 0.059 0.101 0.034 0.032 0.024 0.094 0.046 0.007 0.052 0.043
133 K 0.086 0.063 0.038 0.068 0.011 0.067 0.116 0.044 0.02 0.035 0.058 0.141 0.035 0.02 0.025 0.068 0.042 0.005 0.017 0.042
134 D 0.076 0.081 0.039 0.123 0.01 0.058 0.089 0.04 0.022 0.037 0.083 0.085 0.018 0.032 0.021 0.049 0.036 0.008 0.053 0.042
135 V 0.054 0.023 0.016 0.018 0.017 0.019 0.022 0.024 0.011 0.185 0.159 0.028 0.086 0.041 0.015 0.03 0.041 0.006 0.021 0.185
136 V 0.08 0.026 0.024 0.024 0.017 0.02 0.029 0.035 0.012 0.142 0.148 0.033 0.047 0.036 0.019 0.081 0.05 0.006 0.02 0.153
137 R 0.074 0.193 0.09 0.062 0.009 0.04 0.053 0.044 0.062 0.025 0.041 0.106 0.014 0.018 0.021 0.052 0.037 0.005 0.02 0.032
138 Y 0.079 0.028 0.058 0.029 0.013 0.021 0.03 0.037 0.025 0.103 0.116 0.034 0.024 0.064 0.018 0.062 0.04 0.013 0.127 0.078
139 L 0.044 0.024 0.014 0.015 0.016 0.017 0.02 0.021 0.01 0.12 0.363 0.025 0.063 0.051 0.014 0.025 0.033 0.007 0.022 0.096
140 R 0.11 0.114 0.03 0.031 0.013 0.033 0.056 0.041 0.02 0.05 0.095 0.085 0.02 0.035 0.022 0.054 0.064 0.008 0.054 0.066
141 P 0.054 0.037 0.025 0.03 0.011 0.025 0.039 0.035 0.013 0.057 0.052 0.082 0.014 0.017 0.349 0.044 0.049 0.003 0.014 0.048
142 L 0.044 0.023 0.017 0.019 0.013 0.016 0.023 0.025 0.012 0.1 0.204 0.027 0.049 0.121 0.124 0.029 0.032 0.008 0.034 0.078
143 A 0.219 0.031 0.033 0.033 0.073 0.026 0.04 0.067 0.015 0.037 0.052 0.043 0.016 0.02 0.027 0.133 0.057 0.005 0.016 0.056
144 K 0.055 0.103 0.04 0.04 0.008 0.051 0.068 0.042 0.02 0.027 0.042 0.306 0.015 0.015 0.027 0.051 0.038 0.005 0.017 0.032
145 L 0.073 0.023 0.015 0.017 0.015 0.016 0.022 0.028 0.011 0.115 0.262 0.025 0.037 0.087 0.015 0.03 0.034 0.045 0.031 0.1
146 F 0.037 0.021 0.016 0.016 0.012 0.014 0.02 0.023 0.018 0.075 0.19 0.022 0.04 0.259 0.012 0.025 0.028 0.014 0.093 0.065
147 L 0.079 0.023 0.018 0.019 0.071 0.017 0.023 0.03 0.01 0.131 0.234 0.028 0.035 0.04 0.017 0.039 0.063 0.006 0.019 0.1
148 V 0.079 0.023 0.017 0.018 0.015 0.018 0.025 0.031 0.015 0.112 0.106 0.028 0.043 0.051 0.015 0.034 0.038 0.121 0.066 0.147
149 L 0.063 0.026 0.025 0.024 0.017 0.02 0.028 0.031 0.011 0.112 0.195 0.032 0.032 0.037 0.019 0.065 0.096 0.006 0.019 0.142
150 G 0.158 0.026 0.032 0.031 0.015 0.022 0.032 0.27 0.013 0.043 0.05 0.037 0.015 0.02 0.023 0.08 0.043 0.005 0.014 0.07
151 A 0.147 0.027 0.025 0.026 0.017 0.021 0.031 0.102 0.014 0.066 0.118 0.035 0.041 0.071 0.021 0.073 0.044 0.007 0.025 0.088
152 I 0.076 0.02 0.016 0.018 0.015 0.014 0.021 0.028 0.011 0.172 0.164 0.025 0.032 0.122 0.015 0.032 0.037 0.008 0.034 0.141
153 F 0.039 0.018 0.016 0.016 0.12 0.011 0.018 0.026 0.014 0.057 0.099 0.019 0.022 0.324 0.011 0.028 0.027 0.014 0.069 0.053
154 G 0.186 0.027 0.033 0.032 0.016 0.023 0.034 0.276 0.014 0.03 0.042 0.039 0.013 0.018 0.024 0.086 0.043 0.005 0.014 0.044
155 L 0.055 0.022 0.018 0.019 0.017 0.016 0.022 0.024 0.009 0.164 0.187 0.026 0.034 0.06 0.016 0.034 0.066 0.006 0.024 0.182
156 I 0.082 0.02 0.016 0.018 0.017 0.015 0.021 0.027 0.009 0.231 0.14 0.026 0.032 0.038 0.016 0.033 0.042 0.006 0.019 0.194
157 S 0.106 0.039 0.052 0.047 0.017 0.032 0.05 0.064 0.018 0.029 0.04 0.052 0.015 0.02 0.029 0.25 0.079 0.005 0.017 0.04
158 Q 0.05 0.054 0.033 0.035 0.011 0.168 0.072 0.033 0.022 0.075 0.137 0.066 0.028 0.026 0.02 0.044 0.038 0.006 0.02 0.062
159 F 0.036 0.019 0.016 0.016 0.011 0.011 0.019 0.024 0.015 0.072 0.112 0.019 0.025 0.369 0.011 0.025 0.027 0.015 0.078 0.08
160 V 0.093 0.024 0.019 0.02 0.018 0.018 0.026 0.031 0.009 0.128 0.141 0.029 0.03 0.034 0.018 0.043 0.071 0.005 0.019 0.223
161 D 0.04 0.033 0.154 0.262 0.008 0.029 0.068 0.048 0.025 0.024 0.032 0.045 0.011 0.028 0.02 0.054 0.038 0.006 0.049 0.027
162 I 0.045 0.018 0.014 0.017 0.016 0.013 0.017 0.02 0.009 0.278 0.188 0.023 0.037 0.044 0.014 0.024 0.038 0.006 0.02 0.161
163 G 0.075 0.022 0.038 0.032 0.01 0.018 0.025 0.529 0.013 0.018 0.027 0.032 0.009 0.016 0.018 0.049 0.029 0.005 0.01 0.023
164 M 0.05 0.031 0.019 0.019 0.015 0.027 0.027 0.027 0.015 0.097 0.189 0.035 0.193 0.046 0.015 0.035 0.039 0.008 0.023 0.089
165 T 0.102 0.033 0.041 0.036 0.017 0.026 0.038 0.102 0.014 0.044 0.056 0.043 0.017 0.021 0.026 0.102 0.201 0.005 0.016 0.06
166 G 0.082 0.031 0.034 0.044 0.012 0.03 0.105 0.203 0.017 0.037 0.084 0.043 0.017 0.065 0.02 0.069 0.037 0.007 0.023 0.041
167 P 0.048 0.027 0.022 0.025 0.01 0.021 0.032 0.03 0.03 0.035 0.052 0.036 0.014 0.071 0.256 0.037 0.032 0.015 0.167 0.039
168 S 0.082 0.057 0.049 0.048 0.013 0.126 0.077 0.053 0.024 0.028 0.044 0.072 0.018 0.018 0.026 0.14 0.061 0.006 0.019 0.038
169 G 0.117 0.032 0.102 0.041 0.014 0.026 0.036 0.171 0.019 0.046 0.078 0.042 0.052 0.026 0.021 0.06 0.042 0.006 0.017 0.053
170 D 0.054 0.036 0.097 0.16 0.009 0.035 0.116 0.099 0.024 0.024 0.035 0.049 0.012 0.028 0.022 0.073 0.04 0.007 0.05 0.03
171 E 0.056 0.088 0.037 0.057 0.01 0.07 0.175 0.035 0.021 0.041 0.051 0.096 0.017 0.019 0.023 0.053 0.064 0.005 0.017 0.065
172 R 0.043 0.37 0.037 0.03 0.007 0.047 0.05 0.032 0.022 0.022 0.045 0.116 0.015 0.017 0.019 0.043 0.034 0.006 0.017 0.03
173 Y 0.039 0.028 0.057 0.025 0.009 0.022 0.029 0.028 0.042 0.041 0.064 0.032 0.018 0.13 0.015 0.034 0.029 0.024 0.293 0.043
174 G 0.075 0.022 0.038 0.032 0.01 0.018 0.025 0.529 0.013 0.018 0.027 0.032 0.009 0.016 0.018 0.049 0.029 0.005 0.01 0.023
175 I 0.045 0.018 0.014 0.016 0.016 0.013 0.018 0.02 0.009 0.257 0.214 0.023 0.038 0.045 0.014 0.024 0.037 0.006 0.02 0.153
176 K 0.082 0.1 0.035 0.034 0.011 0.039 0.052 0.041 0.057 0.042 0.052 0.166 0.016 0.019 0.078 0.049 0.038 0.005 0.021 0.063
177 A 0.156 0.032 0.033 0.04 0.015 0.029 0.071 0.11 0.016 0.03 0.043 0.046 0.014 0.018 0.135 0.104 0.048 0.005 0.015 0.044
178 F 0.036 0.023 0.019 0.017 0.009 0.016 0.023 0.024 0.032 0.05 0.085 0.025 0.021 0.252 0.013 0.028 0.026 0.022 0.229 0.048
179 N 0.053 0.049 0.102 0.042 0.011 0.031 0.044 0.043 0.026 0.036 0.054 0.099 0.016 0.085 0.021 0.073 0.067 0.011 0.097 0.041
180 F 0.032 0.018 0.016 0.016 0.01 0.01 0.018 0.024 0.016 0.061 0.11 0.018 0.024 0.41 0.01 0.024 0.024 0.016 0.085 0.053
181 I 0.046 0.019 0.015 0.017 0.015 0.013 0.019 0.022 0.01 0.199 0.17 0.022 0.033 0.124 0.014 0.025 0.036 0.008 0.035 0.159
182 F 0.036 0.019 0.016 0.016 0.011 0.011 0.019 0.024 0.015 0.072 0.112 0.019 0.025 0.369 0.011 0.025 0.027 0.015 0.078 0.08
183 G 0.066 0.025 0.038 0.075 0.011 0.021 0.035 0.311 0.013 0.024 0.033 0.036 0.01 0.016 0.129 0.052 0.058 0.004 0.012 0.03
184 N 0.072 0.034 0.131 0.042 0.012 0.026 0.036 0.045 0.061 0.049 0.087 0.039 0.055 0.113 0.017 0.049 0.038 0.008 0.037 0.05
185 S 0.1 0.044 0.074 0.049 0.067 0.08 0.086 0.053 0.021 0.029 0.044 0.058 0.016 0.018 0.024 0.122 0.054 0.005 0.017 0.041
186 G 0.054 0.026 0.033 0.028 0.01 0.02 0.029 0.251 0.095 0.039 0.089 0.031 0.018 0.111 0.016 0.039 0.027 0.008 0.038 0.037
187 G 0.078 0.023 0.039 0.034 0.011 0.019 0.026 0.509 0.014 0.019 0.028 0.034 0.009 0.016 0.019 0.051 0.03 0.005 0.011 0.024
188 G 0.078 0.023 0.039 0.034 0.011 0.019 0.026 0.509 0.014 0.019 0.028 0.034 0.009 0.016 0.019 0.051 0.03 0.005 0.011 0.024
189 S 0.11 0.04 0.054 0.049 0.018 0.033 0.053 0.066 0.019 0.03 0.042 0.054 0.016 0.021 0.03 0.218 0.082 0.005 0.018 0.042
190 R 0.047 0.193 0.034 0.032 0.01 0.105 0.059 0.032 0.021 0.064 0.097 0.086 0.022 0.023 0.019 0.042 0.036 0.006 0.019 0.054
191 Y 0.037 0.024 0.019 0.017 0.01 0.017 0.023 0.024 0.031 0.056 0.118 0.025 0.023 0.213 0.013 0.027 0.027 0.021 0.222 0.053
192 G 0.095 0.024 0.03 0.028 0.014 0.019 0.027 0.257 0.012 0.074 0.13 0.033 0.022 0.028 0.019 0.067 0.038 0.006 0.015 0.062
193 A 0.149 0.025 0.02 0.022 0.015 0.02 0.029 0.043 0.023 0.113 0.089 0.033 0.022 0.062 0.02 0.048 0.038 0.013 0.127 0.088
194 V 0.058 0.021 0.018 0.019 0.017 0.016 0.022 0.024 0.009 0.188 0.161 0.026 0.033 0.038 0.016 0.035 0.068 0.006 0.02 0.207
195 V 0.122 0.025 0.022 0.023 0.017 0.02 0.029 0.039 0.015 0.121 0.098 0.032 0.025 0.041 0.02 0.066 0.048 0.008 0.055 0.175
196 L 0.153 0.027 0.021 0.022 0.017 0.021 0.029 0.071 0.013 0.097 0.172 0.034 0.064 0.036 0.02 0.05 0.04 0.006 0.019 0.086
197 C 0.064 0.02 0.019 0.02 0.233 0.015 0.022 0.031 0.009 0.103 0.122 0.025 0.025 0.029 0.017 0.057 0.043 0.005 0.016 0.124
198 A 0.232 0.029 0.024 0.032 0.073 0.026 0.066 0.06 0.014 0.052 0.063 0.042 0.018 0.022 0.025 0.068 0.045 0.005 0.016 0.087
199 L 0.043 0.022 0.014 0.015 0.015 0.015 0.019 0.021 0.01 0.139 0.312 0.023 0.042 0.09 0.013 0.024 0.033 0.008 0.028 0.112
200 L 0.165 0.026 0.019 0.021 0.018 0.02 0.028 0.045 0.012 0.08 0.247 0.033 0.034 0.038 0.02 0.049 0.039 0.006 0.019 0.081
201 I 0.054 0.02 0.018 0.019 0.016 0.015 0.021 0.024 0.01 0.198 0.133 0.025 0.031 0.078 0.016 0.034 0.066 0.007 0.027 0.188
202 L 0.047 0.02 0.014 0.016 0.016 0.014 0.018 0.02 0.009 0.221 0.237 0.024 0.039 0.045 0.014 0.025 0.037 0.006 0.02 0.158
203 L 0.091 0.028 0.024 0.024 0.017 0.022 0.03 0.037 0.013 0.089 0.228 0.034 0.051 0.039 0.019 0.082 0.047 0.006 0.02 0.1
204 F 0.041 0.023 0.017 0.017 0.013 0.016 0.021 0.025 0.015 0.085 0.201 0.025 0.067 0.222 0.013 0.028 0.031 0.012 0.055 0.074
205 T 0.073 0.036 0.043 0.038 0.018 0.028 0.039 0.043 0.014 0.053 0.065 0.045 0.02 0.024 0.028 0.093 0.246 0.006 0.018 0.071
206 S 0.069 0.057 0.108 0.047 0.014 0.03 0.044 0.051 0.019 0.052 0.053 0.059 0.016 0.023 0.023 0.125 0.105 0.033 0.019 0.051
207 K 0.059 0.077 0.075 0.056 0.009 0.05 0.121 0.045 0.022 0.025 0.039 0.198 0.014 0.016 0.026 0.076 0.043 0.005 0.016 0.032
208 K 0.049 0.093 0.052 0.041 0.01 0.064 0.084 0.036 0.063 0.041 0.075 0.116 0.055 0.03 0.021 0.046 0.036 0.007 0.041 0.044
209 D 0.086 0.048 0.038 0.118 0.013 0.027 0.062 0.041 0.019 0.076 0.067 0.044 0.018 0.035 0.021 0.073 0.069 0.007 0.052 0.085
210 T 0.073 0.036 0.044 0.038 0.018 0.028 0.04 0.044 0.014 0.053 0.065 0.046 0.02 0.024 0.028 0.093 0.244 0.006 0.018 0.071
211 K 0.056 0.093 0.049 0.043 0.01 0.063 0.085 0.098 0.019 0.061 0.057 0.112 0.017 0.02 0.022 0.053 0.066 0.005 0.017 0.052
212 K 0.088 0.1 0.037 0.038 0.012 0.04 0.067 0.043 0.02 0.035 0.051 0.145 0.016 0.027 0.025 0.062 0.096 0.007 0.044 0.046
213 K 0.054 0.085 0.122 0.056 0.01 0.044 0.089 0.047 0.023 0.028 0.041 0.152 0.014 0.017 0.024 0.068 0.071 0.005 0.016 0.035
214 L 0.043 0.103 0.063 0.071 0.011 0.026 0.038 0.032 0.02 0.063 0.139 0.05 0.024 0.082 0.016 0.037 0.035 0.009 0.061 0.077
215 R 0.042 0.197 0.027 0.023 0.01 0.032 0.036 0.027 0.024 0.083 0.108 0.071 0.023 0.049 0.017 0.035 0.033 0.01 0.091 0.063
216 F 0.042 0.066 0.021 0.02 0.012 0.019 0.025 0.027 0.016 0.072 0.137 0.036 0.053 0.221 0.014 0.033 0.046 0.011 0.053 0.076
217 Y 0.041 0.027 0.021 0.019 0.009 0.021 0.028 0.025 0.041 0.04 0.062 0.031 0.017 0.113 0.07 0.031 0.028 0.024 0.307 0.043
218 E 0.049 0.036 0.031 0.05 0.01 0.039 0.159 0.03 0.028 0.062 0.063 0.05 0.018 0.056 0.021 0.046 0.06 0.013 0.126 0.055
219 L 0.108 0.024 0.02 0.021 0.017 0.019 0.025 0.035 0.011 0.151 0.195 0.031 0.042 0.038 0.019 0.044 0.065 0.006 0.019 0.11
220 L 0.076 0.022 0.015 0.017 0.07 0.016 0.021 0.028 0.01 0.137 0.271 0.025 0.038 0.043 0.016 0.032 0.036 0.006 0.019 0.103
221 A 0.206 0.029 0.026 0.028 0.018 0.023 0.034 0.111 0.013 0.059 0.077 0.039 0.037 0.025 0.024 0.068 0.07 0.006 0.017 0.09
222 L 0.053 0.019 0.015 0.016 0.179 0.014 0.018 0.024 0.009 0.135 0.204 0.022 0.032 0.037 0.015 0.03 0.036 0.005 0.018 0.12
223 I 0.048 0.019 0.015 0.017 0.015 0.013 0.019 0.022 0.011 0.17 0.163 0.022 0.032 0.143 0.013 0.026 0.036 0.009 0.038 0.166
224 N 0.094 0.038 0.139 0.051 0.067 0.051 0.047 0.11 0.021 0.028 0.04 0.049 0.014 0.018 0.022 0.103 0.05 0.005 0.015 0.037
225 L 0.048 0.031 0.019 0.02 0.015 0.046 0.031 0.025 0.014 0.116 0.24 0.036 0.108 0.044 0.016 0.032 0.037 0.007 0.022 0.093
226 L 0.044 0.019 0.014 0.016 0.016 0.014 0.018 0.02 0.009 0.236 0.241 0.023 0.039 0.046 0.014 0.024 0.036 0.006 0.02 0.144
227 L 0.05 0.026 0.019 0.019 0.015 0.019 0.025 0.026 0.015 0.093 0.299 0.029 0.057 0.056 0.016 0.051 0.037 0.009 0.057 0.081
228 T 0.15 0.031 0.033 0.031 0.018 0.024 0.036 0.05 0.013 0.076 0.072 0.041 0.02 0.024 0.026 0.079 0.173 0.006 0.017 0.079
229 T 0.067 0.033 0.039 0.034 0.017 0.025 0.036 0.039 0.013 0.058 0.1 0.042 0.022 0.026 0.025 0.082 0.248 0.006 0.018 0.071
230 K 0.055 0.103 0.04 0.04 0.008 0.051 0.068 0.042 0.02 0.027 0.042 0.306 0.015 0.015 0.027 0.051 0.038 0.005 0.017 0.032
231 G 0.085 0.028 0.042 0.037 0.013 0.023 0.033 0.374 0.015 0.022 0.032 0.039 0.011 0.017 0.022 0.116 0.045 0.005 0.013 0.029
232 P 0.099 0.027 0.027 0.029 0.016 0.022 0.035 0.042 0.012 0.072 0.069 0.038 0.019 0.022 0.186 0.089 0.05 0.004 0.016 0.125
233 P 0.129 0.028 0.027 0.029 0.017 0.022 0.035 0.047 0.013 0.074 0.071 0.038 0.019 0.023 0.132 0.094 0.052 0.005 0.017 0.129
234 L 0.042 0.023 0.017 0.017 0.013 0.017 0.022 0.022 0.025 0.143 0.172 0.026 0.03 0.082 0.014 0.027 0.032 0.015 0.164 0.097
235 L 0.053 0.021 0.015 0.017 0.017 0.016 0.02 0.022 0.009 0.188 0.205 0.025 0.054 0.042 0.015 0.028 0.04 0.006 0.021 0.186
236 F 0.042 0.019 0.015 0.016 0.013 0.013 0.02 0.024 0.012 0.128 0.112 0.022 0.026 0.167 0.012 0.025 0.032 0.122 0.052 0.128
237 S 0.103 0.031 0.035 0.033 0.016 0.024 0.037 0.049 0.015 0.075 0.106 0.04 0.023 0.07 0.023 0.138 0.082 0.007 0.025 0.068
238 V 0.091 0.021 0.019 0.02 0.017 0.016 0.023 0.085 0.009 0.161 0.115 0.027 0.028 0.033 0.017 0.037 0.043 0.005 0.018 0.213
239 L 0.057 0.025 0.025 0.024 0.069 0.02 0.026 0.032 0.013 0.115 0.118 0.031 0.061 0.096 0.018 0.064 0.08 0.008 0.03 0.088
240 F 0.038 0.022 0.018 0.017 0.011 0.016 0.022 0.023 0.027 0.105 0.102 0.024 0.024 0.202 0.013 0.027 0.029 0.019 0.186 0.075
241 I 0.047 0.019 0.015 0.016 0.015 0.014 0.018 0.021 0.01 0.21 0.203 0.023 0.036 0.084 0.014 0.025 0.037 0.007 0.027 0.159
242 F 0.049 0.019 0.018 0.018 0.014 0.013 0.019 0.079 0.011 0.157 0.121 0.023 0.028 0.16 0.014 0.029 0.035 0.009 0.041 0.143
243 L 0.044 0.023 0.014 0.015 0.016 0.017 0.02 0.021 0.01 0.13 0.35 0.025 0.062 0.051 0.014 0.025 0.034 0.007 0.021 0.101
244 L 0.082 0.041 0.025 0.026 0.014 0.037 0.037 0.036 0.015 0.07 0.21 0.079 0.031 0.077 0.019 0.062 0.04 0.007 0.027 0.066
245 I 0.047 0.028 0.018 0.02 0.014 0.018 0.024 0.023 0.014 0.211 0.131 0.055 0.03 0.068 0.016 0.029 0.037 0.009 0.059 0.148
246 Y 0.042 0.027 0.019 0.018 0.012 0.021 0.025 0.024 0.03 0.08 0.154 0.03 0.063 0.091 0.015 0.03 0.031 0.018 0.201 0.07
247 F 0.033 0.021 0.016 0.016 0.009 0.013 0.02 0.026 0.019 0.051 0.101 0.021 0.022 0.242 0.01 0.024 0.024 0.182 0.104 0.046
248 K 0.051 0.156 0.035 0.033 0.009 0.064 0.057 0.035 0.023 0.042 0.055 0.167 0.018 0.03 0.021 0.045 0.037 0.008 0.054 0.062
249 K 0.05 0.15 0.04 0.043 0.008 0.05 0.091 0.038 0.061 0.025 0.041 0.209 0.015 0.017 0.024 0.048 0.035 0.005 0.021 0.03
250 D 0.041 0.03 0.069 0.397 0.008 0.03 0.091 0.047 0.019 0.022 0.028 0.045 0.009 0.015 0.022 0.052 0.035 0.004 0.011 0.024
251 R 0.051 0.159 0.077 0.082 0.009 0.039 0.056 0.042 0.061 0.028 0.059 0.112 0.016 0.02 0.021 0.069 0.04 0.005 0.02 0.033
252 N 0.076 0.042 0.186 0.066 0.013 0.033 0.051 0.066 0.025 0.026 0.037 0.054 0.013 0.019 0.025 0.146 0.066 0.005 0.017 0.034
253 T 0.064 0.057 0.042 0.052 0.013 0.043 0.112 0.041 0.018 0.039 0.052 0.111 0.017 0.02 0.027 0.073 0.143 0.006 0.017 0.051
254 N 0.076 0.042 0.186 0.066 0.013 0.033 0.051 0.066 0.025 0.026 0.037 0.054 0.013 0.019 0.025 0.146 0.066 0.005 0.017 0.034
255 A 0.124 0.074 0.036 0.086 0.012 0.048 0.111 0.046 0.022 0.033 0.048 0.059 0.015 0.03 0.024 0.061 0.065 0.008 0.053 0.045
256 K 0.054 0.09 0.04 0.048 0.008 0.075 0.114 0.04 0.022 0.026 0.041 0.243 0.015 0.015 0.026 0.052 0.038 0.005 0.017 0.032
257 L 0.043 0.02 0.014 0.016 0.015 0.014 0.018 0.021 0.01 0.189 0.262 0.023 0.04 0.088 0.013 0.024 0.034 0.007 0.028 0.123
258 K 0.057 0.065 0.081 0.129 0.01 0.039 0.065 0.047 0.02 0.028 0.039 0.162 0.014 0.016 0.025 0.079 0.069 0.005 0.015 0.034
259 I 0.054 0.032 0.024 0.025 0.014 0.021 0.03 0.03 0.012 0.133 0.132 0.061 0.027 0.052 0.074 0.044 0.09 0.006 0.022 0.115
260 W 0.048 0.111 0.027 0.026 0.01 0.028 0.038 0.035 0.017 0.036 0.084 0.08 0.018 0.034 0.071 0.058 0.035 0.174 0.033 0.038
261 T 0.061 0.041 0.103 0.042 0.014 0.029 0.04 0.043 0.017 0.059 0.096 0.071 0.021 0.025 0.022 0.075 0.135 0.005 0.017 0.081
262 I 0.047 0.02 0.015 0.017 0.015 0.015 0.02 0.021 0.013 0.223 0.175 0.025 0.043 0.052 0.014 0.026 0.037 0.008 0.056 0.157
263 V 0.113 0.022 0.017 0.019 0.018 0.017 0.024 0.034 0.01 0.174 0.153 0.028 0.031 0.036 0.018 0.039 0.043 0.006 0.019 0.181
264 F 0.047 0.02 0.016 0.017 0.014 0.013 0.02 0.023 0.011 0.144 0.154 0.023 0.03 0.162 0.041 0.027 0.035 0.009 0.041 0.15
265 L 0.048 0.023 0.017 0.018 0.015 0.017 0.02 0.078 0.01 0.141 0.282 0.026 0.057 0.046 0.014 0.028 0.034 0.006 0.02 0.102
266 A 0.202 0.029 0.03 0.031 0.017 0.023 0.035 0.168 0.014 0.042 0.086 0.04 0.018 0.023 0.025 0.093 0.046 0.005 0.016 0.056
267 V 0.086 0.022 0.016 0.018 0.018 0.016 0.023 0.028 0.009 0.148 0.198 0.027 0.034 0.039 0.016 0.034 0.042 0.006 0.02 0.2
268 G 0.116 0.023 0.022 0.023 0.016 0.017 0.025 0.147 0.012 0.101 0.121 0.03 0.024 0.072 0.018 0.044 0.038 0.007 0.025 0.121
269 G 0.096 0.021 0.026 0.025 0.069 0.017 0.024 0.254 0.011 0.086 0.071 0.029 0.018 0.024 0.018 0.045 0.037 0.005 0.014 0.109
270 L 0.048 0.02 0.014 0.016 0.016 0.014 0.019 0.021 0.009 0.213 0.235 0.024 0.039 0.045 0.014 0.025 0.038 0.006 0.02 0.165
271 L 0.127 0.024 0.022 0.023 0.017 0.019 0.027 0.094 0.012 0.119 0.19 0.032 0.03 0.036 0.019 0.055 0.04 0.006 0.018 0.092
272 L 0.125 0.024 0.019 0.021 0.017 0.018 0.026 0.038 0.011 0.114 0.166 0.03 0.03 0.077 0.019 0.045 0.053 0.007 0.026 0.133
273 G 0.085 0.029 0.042 0.037 0.013 0.023 0.034 0.32 0.015 0.027 0.053 0.04 0.014 0.019 0.022 0.126 0.048 0.005 0.014 0.034
274 T 0.099 0.074 0.041 0.037 0.015 0.053 0.047 0.102 0.017 0.037 0.05 0.057 0.017 0.02 0.025 0.102 0.137 0.005 0.017 0.05
275 F 0.04 0.022 0.018 0.017 0.011 0.015 0.022 0.025 0.022 0.071 0.111 0.023 0.042 0.265 0.012 0.028 0.029 0.016 0.129 0.082
276 Q 0.054 0.071 0.042 0.045 0.008 0.245 0.099 0.04 0.028 0.025 0.045 0.088 0.02 0.014 0.023 0.054 0.04 0.006 0.02 0.034
277 I 0.045 0.017 0.014 0.017 0.016 0.013 0.017 0.02 0.008 0.299 0.161 0.023 0.035 0.042 0.014 0.024 0.038 0.006 0.02 0.17
278 N 0.055 0.051 0.143 0.06 0.01 0.106 0.094 0.048 0.026 0.028 0.042 0.065 0.016 0.017 0.023 0.075 0.083 0.005 0.017 0.037
279 T 0.072 0.037 0.111 0.048 0.015 0.029 0.043 0.051 0.018 0.04 0.05 0.047 0.016 0.021 0.025 0.12 0.181 0.005 0.017 0.053
280 Y 0.039 0.027 0.021 0.018 0.009 0.021 0.027 0.024 0.045 0.042 0.066 0.03 0.018 0.126 0.015 0.03 0.027 0.027 0.344 0.045
281 L 0.041 0.022 0.014 0.015 0.014 0.014 0.019 0.021 0.011 0.121 0.309 0.023 0.041 0.131 0.013 0.024 0.031 0.009 0.035 0.092
282 L 0.046 0.11 0.023 0.022 0.013 0.029 0.033 0.027 0.015 0.1 0.208 0.078 0.068 0.038 0.017 0.033 0.035 0.006 0.02 0.08
283 D 0.04 0.035 0.189 0.269 0.008 0.03 0.07 0.053 0.023 0.022 0.028 0.047 0.01 0.016 0.021 0.058 0.04 0.004 0.013 0.025
284 L 0.078 0.077 0.05 0.082 0.011 0.035 0.091 0.038 0.021 0.052 0.092 0.08 0.02 0.035 0.021 0.047 0.037 0.008 0.053 0.071
285 E 0.058 0.047 0.112 0.102 0.01 0.062 0.119 0.047 0.023 0.028 0.04 0.072 0.014 0.017 0.024 0.084 0.083 0.005 0.016 0.036
286 A 0.223 0.034 0.037 0.037 0.019 0.028 0.044 0.07 0.016 0.036 0.05 0.047 0.016 0.02 0.029 0.156 0.062 0.005 0.017 0.055
287 P 0.055 0.025 0.022 0.03 0.01 0.02 0.035 0.035 0.012 0.025 0.035 0.04 0.01 0.012 0.513 0.042 0.035 0.002 0.012 0.03
288 R 0.043 0.37 0.037 0.03 0.007 0.047 0.05 0.032 0.022 0.022 0.045 0.116 0.015 0.017 0.019 0.043 0.034 0.006 0.017 0.03
289 L 0.107 0.066 0.022 0.021 0.015 0.025 0.031 0.036 0.021 0.072 0.133 0.042 0.061 0.054 0.018 0.043 0.038 0.011 0.092 0.091
290 L 0.055 0.026 0.023 0.022 0.016 0.019 0.026 0.028 0.011 0.117 0.23 0.031 0.035 0.04 0.018 0.046 0.116 0.006 0.02 0.116
291 L 0.039 0.022 0.015 0.015 0.014 0.014 0.019 0.022 0.012 0.094 0.303 0.022 0.04 0.172 0.012 0.024 0.03 0.01 0.043 0.079
292 F 0.039 0.018 0.015 0.016 0.013 0.012 0.018 0.022 0.012 0.172 0.165 0.021 0.032 0.207 0.012 0.024 0.031 0.011 0.049 0.109
293 R 0.046 0.148 0.069 0.042 0.008 0.042 0.08 0.036 0.028 0.028 0.046 0.138 0.015 0.04 0.021 0.046 0.035 0.01 0.089 0.033
294 Y 0.039 0.027 0.021 0.018 0.009 0.021 0.027 0.024 0.045 0.042 0.066 0.03 0.018 0.126 0.015 0.03 0.027 0.027 0.344 0.045
295 G 0.079 0.024 0.039 0.034 0.011 0.02 0.027 0.477 0.014 0.019 0.029 0.035 0.01 0.016 0.019 0.072 0.034 0.005 0.011 0.025
296 L 0.048 0.021 0.02 0.02 0.012 0.015 0.021 0.135 0.016 0.113 0.162 0.025 0.028 0.13 0.014 0.03 0.03 0.011 0.069 0.08
297 K 0.056 0.074 0.033 0.039 0.011 0.042 0.083 0.035 0.017 0.078 0.068 0.202 0.019 0.021 0.023 0.045 0.039 0.005 0.017 0.091
298 T 0.07 0.034 0.042 0.036 0.017 0.027 0.038 0.042 0.013 0.051 0.063 0.044 0.019 0.023 0.027 0.089 0.275 0.006 0.017 0.068
299 A 0.317 0.03 0.025 0.029 0.021 0.025 0.039 0.075 0.014 0.042 0.057 0.043 0.017 0.021 0.029 0.082 0.048 0.005 0.017 0.066
300 N 0.044 0.084 0.222 0.061 0.009 0.057 0.052 0.051 0.026 0.032 0.075 0.074 0.017 0.021 0.019 0.057 0.043 0.005 0.017 0.035
301 R 0.086 0.153 0.038 0.045 0.012 0.043 0.108 0.042 0.02 0.031 0.048 0.089 0.015 0.018 0.024 0.072 0.092 0.005 0.017 0.043
302 Y 0.038 0.026 0.02 0.018 0.009 0.02 0.026 0.024 0.042 0.044 0.071 0.029 0.019 0.157 0.014 0.029 0.027 0.026 0.315 0.046
303 F 0.032 0.018 0.016 0.016 0.01 0.01 0.018 0.024 0.016 0.061 0.11 0.018 0.024 0.41 0.01 0.024 0.024 0.016 0.085 0.053
304 P 0.055 0.025 0.022 0.03 0.01 0.02 0.035 0.035 0.012 0.025 0.035 0.04 0.01 0.012 0.513 0.042 0.035 0.002 0.012 0.03
305 F 0.037 0.02 0.015 0.016 0.012 0.012 0.019 0.023 0.014 0.081 0.228 0.021 0.034 0.265 0.012 0.024 0.028 0.012 0.059 0.069
306 G 0.075 0.022 0.038 0.032 0.01 0.018 0.025 0.529 0.013 0.018 0.027 0.032 0.009 0.016 0.018 0.049 0.029 0.005 0.01 0.023
307 S 0.153 0.037 0.046 0.043 0.018 0.03 0.048 0.066 0.018 0.031 0.044 0.05 0.015 0.02 0.029 0.213 0.072 0.005 0.017 0.046
308 G 0.075 0.022 0.038 0.032 0.01 0.018 0.025 0.529 0.013 0.018 0.027 0.032 0.009 0.016 0.018 0.049 0.029 0.005 0.01 0.023
309 F 0.032 0.018 0.016 0.016 0.01 0.01 0.018 0.024 0.016 0.061 0.11 0.018 0.024 0.41 0.01 0.024 0.024 0.016 0.085 0.053
310 A 0.27 0.032 0.031 0.033 0.02 0.026 0.041 0.073 0.015 0.039 0.053 0.045 0.016 0.021 0.029 0.119 0.055 0.005 0.017 0.06
311 T 0.07 0.034 0.042 0.036 0.017 0.027 0.038 0.042 0.013 0.051 0.063 0.044 0.019 0.023 0.027 0.089 0.275 0.006 0.017 0.068
312 Y 0.038 0.025 0.02 0.018 0.009 0.019 0.025 0.024 0.039 0.046 0.076 0.027 0.019 0.189 0.014 0.029 0.026 0.025 0.287 0.047
313 G 0.074 0.021 0.035 0.031 0.065 0.017 0.024 0.474 0.012 0.021 0.031 0.031 0.01 0.016 0.018 0.048 0.029 0.005 0.011 0.027
314 S 0.106 0.039 0.052 0.047 0.017 0.032 0.05 0.064 0.018 0.029 0.04 0.052 0.015 0.02 0.029 0.25 0.079 0.005 0.017 0.04
315 D 0.048 0.029 0.06 0.336 0.009 0.028 0.078 0.046 0.017 0.023 0.029 0.044 0.01 0.015 0.077 0.071 0.039 0.004 0.012 0.026
316 L 0.054 0.045 0.029 0.035 0.013 0.102 0.083 0.032 0.02 0.071 0.117 0.056 0.097 0.031 0.019 0.043 0.04 0.006 0.021 0.087
317 A 0.317 0.03 0.025 0.029 0.021 0.025 0.039 0.075 0.014 0.042 0.057 0.043 0.017 0.021 0.029 0.082 0.048 0.005 0.017 0.066
318 A 0.274 0.037 0.026 0.029 0.019 0.027 0.041 0.069 0.015 0.046 0.059 0.071 0.017 0.021 0.028 0.076 0.047 0.005 0.017 0.075
319 R 0.057 0.205 0.037 0.034 0.01 0.043 0.053 0.038 0.02 0.04 0.052 0.162 0.017 0.018 0.022 0.067 0.042 0.005 0.017 0.061
320 N 0.041 0.04 0.239 0.061 0.009 0.03 0.043 0.051 0.072 0.026 0.039 0.046 0.013 0.043 0.018 0.056 0.041 0.01 0.093 0.03
