#Seq2Logo.py -f /work3/idamei/ssn-clusterings/2206011120/clusters/0009_30/sequences.afa -m 0.0001 -b 50 -o /work3/idamei/ssn-clusterings/2206011120/clusters/0009_30/sequences.logo -p 640x1000 -l 30
#Position Specific Frequency Matrix
A R N D C Q E G H I L K M F P S T W Y V
0 M 0.047 0.029 0.018 0.018 0.015 0.026 0.026 0.026 0.015 0.091 0.179 0.033 0.237 0.044 0.015 0.033 0.037 0.007 0.022 0.084
1 E 0.056 0.05 0.041 0.091 0.007 0.065 0.289 0.035 0.026 0.022 0.037 0.076 0.013 0.017 0.026 0.056 0.037 0.006 0.017 0.032
2 N 0.043 0.045 0.31 0.084 0.009 0.034 0.05 0.066 0.032 0.023 0.032 0.054 0.011 0.018 0.02 0.07 0.05 0.005 0.016 0.027
3 L 0.045 0.025 0.014 0.015 0.016 0.016 0.02 0.022 0.01 0.117 0.369 0.026 0.05 0.055 0.014 0.025 0.034 0.007 0.023 0.097
4 G 0.079 0.023 0.039 0.034 0.011 0.019 0.026 0.505 0.014 0.019 0.029 0.034 0.009 0.016 0.019 0.052 0.03 0.005 0.011 0.025
5 L 0.045 0.025 0.014 0.015 0.016 0.016 0.02 0.022 0.01 0.117 0.369 0.026 0.05 0.055 0.014 0.025 0.034 0.007 0.023 0.097
6 V 0.058 0.027 0.018 0.019 0.017 0.023 0.025 0.026 0.013 0.122 0.165 0.031 0.123 0.042 0.016 0.034 0.043 0.007 0.022 0.17
7 S 0.069 0.038 0.105 0.092 0.012 0.035 0.104 0.05 0.02 0.028 0.039 0.051 0.013 0.018 0.024 0.142 0.1 0.005 0.015 0.038
8 L 0.043 0.021 0.014 0.015 0.014 0.014 0.019 0.021 0.011 0.102 0.281 0.022 0.037 0.152 0.013 0.024 0.032 0.009 0.037 0.121
9 L 0.039 0.021 0.013 0.014 0.014 0.014 0.018 0.02 0.01 0.098 0.382 0.022 0.042 0.11 0.012 0.022 0.029 0.008 0.03 0.082
10 Y 0.037 0.022 0.018 0.016 0.049 0.016 0.022 0.023 0.031 0.045 0.075 0.024 0.019 0.211 0.013 0.027 0.025 0.021 0.259 0.045
11 L 0.109 0.025 0.021 0.021 0.017 0.019 0.026 0.034 0.01 0.101 0.18 0.03 0.029 0.033 0.019 0.047 0.088 0.006 0.019 0.165
12 L 0.048 0.021 0.017 0.018 0.014 0.015 0.019 0.115 0.01 0.15 0.277 0.024 0.036 0.042 0.014 0.027 0.032 0.006 0.018 0.097
13 N 0.051 0.041 0.252 0.064 0.01 0.032 0.047 0.056 0.095 0.022 0.032 0.049 0.012 0.019 0.02 0.099 0.047 0.005 0.022 0.027
14 L 0.048 0.021 0.014 0.015 0.016 0.015 0.019 0.021 0.009 0.164 0.291 0.024 0.04 0.045 0.014 0.025 0.036 0.006 0.02 0.156
15 F 0.044 0.02 0.02 0.021 0.011 0.014 0.022 0.12 0.013 0.054 0.136 0.025 0.022 0.211 0.107 0.031 0.027 0.01 0.045 0.049
16 L 0.054 0.022 0.021 0.021 0.014 0.016 0.024 0.029 0.012 0.127 0.163 0.027 0.029 0.144 0.015 0.071 0.041 0.008 0.036 0.126
17 F 0.04 0.024 0.021 0.019 0.01 0.017 0.025 0.027 0.025 0.045 0.072 0.027 0.019 0.176 0.014 0.036 0.075 0.111 0.171 0.047
18 L 0.044 0.02 0.015 0.015 0.014 0.013 0.019 0.022 0.011 0.102 0.225 0.022 0.033 0.185 0.013 0.025 0.032 0.009 0.043 0.139
19 F 0.034 0.02 0.016 0.016 0.011 0.013 0.019 0.023 0.02 0.064 0.156 0.021 0.026 0.306 0.011 0.024 0.025 0.016 0.123 0.056
20 L 0.042 0.021 0.013 0.014 0.015 0.015 0.018 0.02 0.009 0.147 0.373 0.023 0.044 0.049 0.013 0.023 0.032 0.006 0.02 0.103
21 V 0.07 0.035 0.033 0.032 0.015 0.068 0.044 0.037 0.014 0.078 0.075 0.045 0.022 0.024 0.021 0.094 0.12 0.005 0.018 0.148
22 L 0.044 0.021 0.014 0.015 0.015 0.014 0.019 0.021 0.01 0.126 0.285 0.022 0.038 0.116 0.013 0.024 0.033 0.008 0.031 0.131
23 L 0.048 0.023 0.019 0.019 0.014 0.017 0.023 0.026 0.013 0.124 0.153 0.027 0.027 0.048 0.015 0.036 0.082 0.103 0.059 0.126
24 P 0.056 0.039 0.027 0.028 0.012 0.025 0.037 0.033 0.015 0.054 0.058 0.089 0.016 0.028 0.206 0.048 0.085 0.006 0.047 0.091
25 L 0.099 0.024 0.017 0.021 0.014 0.018 0.026 0.033 0.011 0.072 0.249 0.031 0.031 0.035 0.157 0.038 0.034 0.005 0.017 0.068
26 I 0.042 0.087 0.018 0.018 0.012 0.019 0.024 0.024 0.013 0.136 0.1 0.038 0.024 0.109 0.013 0.027 0.032 0.103 0.038 0.123
27 F 0.034 0.022 0.018 0.016 0.009 0.015 0.022 0.023 0.03 0.048 0.081 0.023 0.02 0.268 0.012 0.026 0.024 0.021 0.242 0.046
28 L 0.049 0.021 0.019 0.02 0.014 0.015 0.022 0.026 0.011 0.175 0.214 0.026 0.032 0.102 0.015 0.064 0.038 0.007 0.028 0.102
29 S 0.083 0.03 0.037 0.034 0.095 0.024 0.037 0.047 0.014 0.051 0.057 0.039 0.017 0.021 0.023 0.18 0.101 0.005 0.016 0.09
30 R 0.051 0.158 0.031 0.029 0.01 0.033 0.042 0.035 0.017 0.073 0.059 0.127 0.017 0.026 0.018 0.075 0.038 0.087 0.023 0.05
31 Y 0.044 0.023 0.02 0.018 0.011 0.017 0.024 0.026 0.027 0.061 0.082 0.026 0.02 0.198 0.014 0.047 0.031 0.018 0.204 0.09
32 F 0.034 0.02 0.015 0.015 0.011 0.012 0.019 0.022 0.018 0.066 0.173 0.02 0.027 0.302 0.011 0.024 0.025 0.015 0.113 0.057
33 R 0.043 0.278 0.089 0.038 0.007 0.043 0.051 0.037 0.022 0.022 0.039 0.154 0.013 0.016 0.019 0.046 0.035 0.005 0.016 0.028
34 N 0.043 0.045 0.317 0.083 0.009 0.034 0.049 0.065 0.032 0.022 0.032 0.054 0.011 0.018 0.02 0.07 0.049 0.004 0.016 0.027
35 R 0.045 0.345 0.039 0.031 0.008 0.048 0.052 0.033 0.023 0.023 0.047 0.12 0.016 0.017 0.019 0.045 0.035 0.006 0.017 0.031
36 K 0.057 0.107 0.042 0.042 0.009 0.054 0.071 0.043 0.021 0.028 0.043 0.278 0.016 0.016 0.028 0.054 0.04 0.005 0.017 0.033
37 L 0.039 0.021 0.013 0.014 0.014 0.014 0.018 0.02 0.01 0.098 0.382 0.022 0.042 0.11 0.012 0.022 0.029 0.008 0.03 0.082
38 P 0.104 0.029 0.027 0.029 0.011 0.021 0.033 0.2 0.013 0.024 0.034 0.059 0.01 0.014 0.26 0.048 0.033 0.004 0.012 0.032
39 W 0.042 0.022 0.022 0.02 0.01 0.015 0.022 0.108 0.014 0.044 0.093 0.024 0.019 0.163 0.013 0.035 0.068 0.173 0.049 0.044
40 F 0.041 0.022 0.019 0.018 0.012 0.015 0.021 0.024 0.017 0.107 0.174 0.025 0.028 0.175 0.014 0.033 0.072 0.012 0.093 0.077
41 N 0.039 0.041 0.379 0.076 0.008 0.031 0.045 0.059 0.029 0.02 0.029 0.049 0.01 0.016 0.018 0.063 0.045 0.004 0.014 0.025
42 P 0.143 0.025 0.021 0.026 0.013 0.02 0.032 0.043 0.012 0.041 0.101 0.036 0.017 0.02 0.301 0.049 0.036 0.004 0.014 0.048
43 F 0.035 0.019 0.014 0.015 0.012 0.011 0.018 0.022 0.013 0.094 0.209 0.019 0.031 0.291 0.011 0.023 0.026 0.012 0.057 0.07
44 S 0.078 0.032 0.04 0.036 0.016 0.025 0.038 0.046 0.014 0.083 0.064 0.042 0.019 0.023 0.024 0.17 0.161 0.005 0.016 0.067
45 I 0.043 0.016 0.013 0.016 0.015 0.012 0.016 0.019 0.008 0.337 0.153 0.021 0.033 0.04 0.013 0.023 0.036 0.005 0.019 0.161
46 L 0.093 0.024 0.017 0.017 0.015 0.019 0.024 0.029 0.016 0.09 0.23 0.028 0.063 0.052 0.016 0.034 0.035 0.009 0.075 0.114
47 L 0.089 0.021 0.015 0.017 0.015 0.015 0.021 0.028 0.01 0.127 0.256 0.025 0.034 0.103 0.015 0.031 0.034 0.007 0.029 0.108
48 L 0.139 0.023 0.018 0.019 0.016 0.018 0.025 0.037 0.012 0.115 0.159 0.029 0.059 0.097 0.017 0.042 0.037 0.007 0.028 0.104
49 F 0.049 0.021 0.019 0.019 0.014 0.014 0.022 0.025 0.012 0.092 0.103 0.023 0.024 0.22 0.014 0.035 0.076 0.01 0.047 0.162
50 A 0.149 0.037 0.026 0.027 0.016 0.025 0.035 0.043 0.012 0.102 0.078 0.082 0.021 0.024 0.022 0.059 0.105 0.005 0.017 0.115
51 L 0.041 0.022 0.013 0.015 0.014 0.016 0.019 0.02 0.01 0.136 0.363 0.024 0.072 0.047 0.013 0.023 0.032 0.006 0.02 0.096
52 P 0.051 0.023 0.021 0.028 0.009 0.018 0.032 0.032 0.012 0.023 0.032 0.037 0.009 0.012 0.548 0.039 0.032 0.002 0.012 0.028
53 V 0.051 0.02 0.016 0.018 0.014 0.016 0.022 0.024 0.01 0.137 0.116 0.025 0.057 0.092 0.09 0.029 0.037 0.006 0.027 0.194
54 E 0.091 0.039 0.035 0.112 0.01 0.077 0.192 0.037 0.019 0.035 0.094 0.055 0.017 0.02 0.021 0.049 0.034 0.005 0.015 0.041
55 L 0.041 0.018 0.013 0.015 0.014 0.013 0.017 0.019 0.008 0.244 0.275 0.022 0.038 0.043 0.013 0.022 0.033 0.006 0.019 0.127
56 F 0.048 0.025 0.022 0.02 0.014 0.019 0.025 0.027 0.013 0.077 0.118 0.029 0.112 0.141 0.015 0.041 0.109 0.008 0.034 0.103
57 K 0.05 0.128 0.036 0.035 0.008 0.044 0.057 0.037 0.018 0.027 0.041 0.293 0.014 0.015 0.023 0.05 0.072 0.005 0.015 0.033
58 V 0.097 0.031 0.021 0.021 0.015 0.021 0.029 0.031 0.01 0.098 0.132 0.07 0.025 0.028 0.018 0.042 0.078 0.005 0.017 0.209
59 L 0.041 0.019 0.013 0.014 0.014 0.013 0.017 0.019 0.009 0.166 0.29 0.021 0.036 0.095 0.012 0.023 0.032 0.007 0.026 0.132
60 I 0.091 0.021 0.019 0.02 0.015 0.016 0.023 0.03 0.01 0.181 0.15 0.026 0.027 0.087 0.016 0.066 0.039 0.006 0.025 0.132
61 G 0.188 0.025 0.032 0.03 0.014 0.02 0.03 0.318 0.013 0.026 0.037 0.035 0.012 0.017 0.021 0.09 0.038 0.005 0.012 0.038
62 P 0.05 0.023 0.02 0.027 0.009 0.018 0.032 0.032 0.011 0.023 0.032 0.036 0.009 0.011 0.556 0.039 0.032 0.002 0.011 0.027
63 L 0.125 0.023 0.017 0.019 0.014 0.017 0.025 0.034 0.012 0.068 0.221 0.029 0.057 0.087 0.084 0.038 0.033 0.007 0.025 0.066
64 F 0.037 0.02 0.016 0.016 0.01 0.014 0.02 0.022 0.023 0.098 0.093 0.022 0.022 0.225 0.012 0.025 0.027 0.016 0.184 0.098
65 L 0.042 0.022 0.014 0.015 0.015 0.016 0.019 0.02 0.01 0.141 0.343 0.024 0.075 0.047 0.013 0.024 0.032 0.006 0.02 0.099
66 L 0.039 0.021 0.013 0.014 0.014 0.014 0.018 0.02 0.01 0.097 0.378 0.022 0.041 0.115 0.012 0.022 0.029 0.008 0.03 0.081
67 D 0.049 0.047 0.075 0.194 0.008 0.042 0.166 0.041 0.02 0.022 0.032 0.102 0.011 0.015 0.023 0.07 0.038 0.004 0.014 0.027
68 D 0.047 0.035 0.138 0.22 0.008 0.035 0.142 0.045 0.021 0.02 0.029 0.049 0.01 0.015 0.021 0.084 0.04 0.004 0.013 0.025
69 G 0.069 0.02 0.034 0.03 0.009 0.017 0.022 0.57 0.012 0.017 0.025 0.03 0.008 0.014 0.017 0.045 0.026 0.005 0.009 0.021
70 L 0.04 0.021 0.013 0.014 0.014 0.015 0.018 0.019 0.009 0.164 0.341 0.023 0.068 0.045 0.013 0.023 0.031 0.006 0.019 0.102
71 F 0.042 0.029 0.032 0.081 0.009 0.055 0.041 0.032 0.069 0.039 0.067 0.034 0.018 0.24 0.015 0.067 0.031 0.01 0.051 0.038
72 D 0.037 0.031 0.188 0.322 0.007 0.027 0.066 0.047 0.021 0.02 0.026 0.042 0.009 0.014 0.019 0.052 0.036 0.004 0.011 0.022
73 D 0.04 0.029 0.068 0.409 0.007 0.029 0.09 0.046 0.018 0.022 0.027 0.044 0.009 0.015 0.022 0.051 0.035 0.004 0.011 0.024
74 P 0.047 0.032 0.022 0.029 0.011 0.025 0.073 0.026 0.016 0.124 0.075 0.075 0.019 0.034 0.152 0.034 0.034 0.007 0.064 0.103
75 Y 0.039 0.023 0.02 0.018 0.008 0.018 0.024 0.091 0.034 0.034 0.054 0.027 0.015 0.094 0.013 0.029 0.024 0.088 0.31 0.037
76 Y 0.033 0.022 0.018 0.016 0.009 0.015 0.022 0.022 0.031 0.045 0.075 0.023 0.019 0.245 0.012 0.025 0.024 0.021 0.28 0.044
77 N 0.045 0.038 0.167 0.045 0.01 0.094 0.046 0.106 0.02 0.073 0.099 0.047 0.019 0.022 0.017 0.046 0.037 0.005 0.016 0.049
78 Y 0.038 0.026 0.021 0.032 0.009 0.025 0.111 0.024 0.026 0.078 0.074 0.034 0.019 0.167 0.015 0.031 0.027 0.015 0.176 0.054
79 A 0.377 0.027 0.022 0.026 0.019 0.022 0.036 0.069 0.013 0.038 0.052 0.039 0.015 0.019 0.026 0.075 0.044 0.005 0.015 0.06
80 I 0.04 0.018 0.013 0.015 0.014 0.013 0.016 0.018 0.008 0.263 0.262 0.021 0.036 0.042 0.013 0.022 0.033 0.006 0.019 0.129
81 L 0.091 0.023 0.021 0.021 0.014 0.017 0.024 0.099 0.011 0.068 0.253 0.028 0.029 0.088 0.016 0.068 0.035 0.007 0.025 0.063
82 I 0.048 0.021 0.015 0.016 0.015 0.017 0.02 0.021 0.01 0.204 0.149 0.025 0.118 0.038 0.014 0.027 0.037 0.006 0.019 0.178
83 N 0.089 0.04 0.128 0.049 0.011 0.066 0.089 0.045 0.072 0.029 0.041 0.05 0.014 0.018 0.021 0.062 0.113 0.005 0.02 0.039
84 N 0.045 0.033 0.217 0.104 0.01 0.025 0.042 0.046 0.02 0.041 0.135 0.04 0.019 0.024 0.018 0.081 0.042 0.005 0.015 0.04
85 V 0.05 0.018 0.014 0.015 0.015 0.013 0.018 0.02 0.008 0.182 0.163 0.021 0.03 0.089 0.013 0.025 0.037 0.006 0.026 0.235
86 E 0.048 0.041 0.034 0.043 0.009 0.102 0.134 0.034 0.072 0.03 0.052 0.052 0.016 0.128 0.018 0.074 0.035 0.008 0.036 0.034
87 L 0.044 0.023 0.023 0.074 0.012 0.017 0.029 0.027 0.011 0.072 0.296 0.027 0.032 0.041 0.014 0.061 0.034 0.074 0.023 0.063
88 L 0.045 0.02 0.019 0.019 0.013 0.015 0.02 0.09 0.01 0.143 0.229 0.024 0.03 0.09 0.014 0.032 0.068 0.007 0.025 0.087
89 V 0.09 0.02 0.015 0.016 0.016 0.015 0.02 0.026 0.008 0.174 0.199 0.024 0.031 0.036 0.015 0.031 0.038 0.005 0.018 0.202
90 A 0.175 0.031 0.032 0.084 0.081 0.058 0.045 0.048 0.014 0.036 0.049 0.042 0.015 0.018 0.023 0.065 0.114 0.005 0.014 0.051
91 F 0.037 0.019 0.015 0.015 0.011 0.012 0.018 0.021 0.016 0.076 0.185 0.02 0.028 0.261 0.011 0.023 0.027 0.013 0.096 0.095
92 L 0.043 0.021 0.02 0.019 0.012 0.015 0.021 0.091 0.015 0.097 0.174 0.024 0.026 0.151 0.014 0.033 0.066 0.01 0.08 0.068
93 L 0.096 0.023 0.022 0.022 0.015 0.018 0.025 0.1 0.011 0.142 0.143 0.029 0.055 0.031 0.017 0.07 0.04 0.005 0.017 0.119
94 L 0.053 0.023 0.023 0.022 0.014 0.017 0.024 0.095 0.01 0.107 0.259 0.028 0.031 0.036 0.016 0.069 0.074 0.006 0.017 0.077
95 L 0.05 0.072 0.025 0.023 0.079 0.019 0.025 0.095 0.012 0.086 0.117 0.037 0.021 0.08 0.016 0.043 0.107 0.006 0.023 0.064
96 L 0.036 0.018 0.013 0.014 0.012 0.012 0.017 0.02 0.011 0.149 0.244 0.02 0.033 0.201 0.011 0.022 0.028 0.009 0.041 0.088
97 L 0.079 0.02 0.015 0.016 0.012 0.014 0.021 0.028 0.012 0.069 0.171 0.022 0.025 0.147 0.012 0.029 0.029 0.145 0.043 0.092
98 F 0.038 0.018 0.015 0.015 0.012 0.012 0.018 0.021 0.015 0.146 0.153 0.02 0.027 0.207 0.012 0.024 0.029 0.011 0.089 0.117
99 K 0.049 0.102 0.076 0.034 0.011 0.033 0.044 0.035 0.016 0.051 0.101 0.167 0.019 0.021 0.02 0.047 0.074 0.005 0.016 0.08
100 L 0.084 0.02 0.014 0.016 0.015 0.014 0.02 0.026 0.01 0.158 0.24 0.023 0.033 0.092 0.014 0.029 0.033 0.007 0.026 0.129
101 F 0.085 0.021 0.019 0.019 0.013 0.015 0.023 0.031 0.012 0.099 0.18 0.025 0.027 0.195 0.015 0.065 0.035 0.009 0.04 0.071
102 N 0.052 0.095 0.174 0.05 0.009 0.067 0.05 0.113 0.022 0.021 0.033 0.096 0.012 0.015 0.02 0.085 0.041 0.004 0.014 0.027
103 K 0.136 0.063 0.08 0.039 0.011 0.036 0.051 0.051 0.018 0.027 0.04 0.205 0.014 0.016 0.024 0.089 0.043 0.005 0.015 0.037
104 Y 0.042 0.078 0.021 0.02 0.011 0.057 0.033 0.024 0.024 0.063 0.16 0.042 0.024 0.062 0.015 0.03 0.03 0.013 0.162 0.089
105 R 0.052 0.139 0.082 0.038 0.009 0.033 0.045 0.039 0.07 0.025 0.038 0.099 0.013 0.017 0.087 0.082 0.076 0.005 0.019 0.032
106 F 0.037 0.02 0.015 0.015 0.011 0.014 0.019 0.021 0.019 0.074 0.18 0.022 0.027 0.218 0.012 0.024 0.027 0.014 0.137 0.094
107 A 0.096 0.088 0.031 0.036 0.012 0.032 0.082 0.039 0.015 0.037 0.093 0.09 0.017 0.02 0.089 0.083 0.077 0.005 0.015 0.044
108 I 0.05 0.044 0.029 0.031 0.012 0.125 0.059 0.03 0.019 0.159 0.104 0.056 0.028 0.029 0.019 0.039 0.039 0.006 0.02 0.103
109 W 0.05 0.028 0.028 0.026 0.012 0.021 0.03 0.036 0.014 0.041 0.057 0.033 0.017 0.041 0.017 0.056 0.145 0.256 0.042 0.049
110 R 0.05 0.176 0.077 0.034 0.009 0.029 0.037 0.103 0.018 0.025 0.043 0.062 0.013 0.071 0.085 0.075 0.036 0.006 0.022 0.03
111 F 0.032 0.019 0.016 0.015 0.01 0.012 0.019 0.022 0.021 0.057 0.134 0.02 0.023 0.324 0.011 0.023 0.024 0.016 0.152 0.051
112 L 0.038 0.124 0.067 0.024 0.011 0.023 0.028 0.026 0.015 0.065 0.252 0.045 0.029 0.088 0.014 0.031 0.031 0.007 0.025 0.058
113 E 0.055 0.033 0.081 0.048 0.01 0.033 0.13 0.037 0.022 0.042 0.049 0.046 0.014 0.032 0.095 0.08 0.041 0.007 0.069 0.076
114 Y 0.04 0.089 0.022 0.021 0.01 0.025 0.031 0.026 0.023 0.088 0.09 0.084 0.052 0.114 0.015 0.032 0.03 0.012 0.133 0.061
115 L 0.045 0.024 0.014 0.015 0.016 0.016 0.02 0.021 0.01 0.115 0.375 0.025 0.05 0.055 0.014 0.024 0.033 0.007 0.022 0.096
116 L 0.052 0.032 0.02 0.02 0.016 0.028 0.028 0.028 0.016 0.1 0.197 0.036 0.161 0.048 0.016 0.036 0.04 0.008 0.024 0.092
117 E 0.043 0.093 0.026 0.039 0.009 0.035 0.129 0.027 0.017 0.085 0.12 0.094 0.022 0.086 0.018 0.036 0.031 0.007 0.025 0.058
118 P 0.058 0.106 0.094 0.041 0.011 0.033 0.045 0.043 0.018 0.027 0.04 0.106 0.013 0.016 0.109 0.095 0.09 0.004 0.015 0.035
119 L 0.049 0.021 0.019 0.02 0.012 0.015 0.023 0.102 0.011 0.067 0.171 0.027 0.024 0.089 0.167 0.031 0.031 0.006 0.024 0.093
120 R 0.051 0.138 0.131 0.098 0.009 0.033 0.049 0.11 0.02 0.021 0.033 0.099 0.011 0.015 0.019 0.082 0.039 0.004 0.013 0.026
121 F 0.039 0.018 0.014 0.015 0.012 0.012 0.018 0.021 0.011 0.157 0.158 0.02 0.028 0.161 0.011 0.023 0.03 0.086 0.042 0.125
122 K 0.088 0.095 0.075 0.033 0.012 0.031 0.041 0.039 0.017 0.045 0.11 0.127 0.049 0.024 0.02 0.05 0.074 0.005 0.016 0.05
123 L 0.085 0.021 0.017 0.018 0.015 0.016 0.021 0.027 0.009 0.184 0.238 0.026 0.032 0.038 0.016 0.036 0.072 0.006 0.018 0.105
124 R 0.053 0.142 0.081 0.038 0.01 0.068 0.05 0.04 0.019 0.025 0.039 0.104 0.014 0.015 0.088 0.084 0.077 0.004 0.015 0.033
125 P 0.086 0.142 0.028 0.028 0.009 0.032 0.042 0.036 0.019 0.026 0.042 0.135 0.013 0.027 0.154 0.044 0.033 0.007 0.063 0.033
126 K 0.098 0.062 0.034 0.033 0.012 0.036 0.049 0.043 0.016 0.037 0.059 0.203 0.046 0.019 0.023 0.086 0.079 0.005 0.016 0.044
127 K 0.046 0.104 0.13 0.098 0.008 0.036 0.053 0.109 0.02 0.021 0.032 0.171 0.011 0.014 0.02 0.049 0.035 0.004 0.013 0.025
128 L 0.042 0.025 0.016 0.016 0.014 0.02 0.022 0.023 0.013 0.087 0.233 0.027 0.178 0.096 0.013 0.028 0.032 0.008 0.028 0.078
129 R 0.081 0.222 0.025 0.023 0.011 0.028 0.033 0.03 0.016 0.112 0.076 0.065 0.02 0.077 0.016 0.037 0.032 0.006 0.024 0.066
130 L 0.04 0.14 0.025 0.023 0.009 0.029 0.037 0.027 0.019 0.048 0.153 0.129 0.023 0.091 0.016 0.033 0.03 0.009 0.072 0.046
131 A 0.141 0.034 0.026 0.026 0.016 0.024 0.034 0.042 0.012 0.07 0.115 0.075 0.022 0.025 0.021 0.084 0.081 0.005 0.017 0.131
132 A 0.231 0.039 0.034 0.034 0.016 0.028 0.043 0.061 0.015 0.032 0.045 0.083 0.015 0.018 0.026 0.162 0.053 0.005 0.015 0.048
133 F 0.04 0.022 0.021 0.073 0.078 0.017 0.028 0.026 0.016 0.089 0.098 0.026 0.079 0.098 0.013 0.03 0.029 0.078 0.078 0.063
134 L 0.045 0.019 0.014 0.015 0.014 0.013 0.018 0.021 0.01 0.138 0.199 0.021 0.031 0.144 0.012 0.024 0.034 0.008 0.033 0.187
135 F 0.03 0.017 0.015 0.015 0.009 0.009 0.017 0.022 0.015 0.056 0.1 0.017 0.022 0.462 0.009 0.022 0.022 0.015 0.078 0.048
136 L 0.035 0.02 0.014 0.014 0.012 0.013 0.018 0.02 0.015 0.076 0.271 0.021 0.032 0.212 0.011 0.022 0.026 0.012 0.089 0.065
137 A 0.171 0.023 0.021 0.022 0.015 0.018 0.027 0.043 0.013 0.089 0.124 0.03 0.023 0.136 0.019 0.078 0.039 0.007 0.032 0.069
138 L 0.043 0.022 0.014 0.015 0.081 0.016 0.019 0.021 0.01 0.09 0.333 0.024 0.095 0.043 0.013 0.026 0.031 0.006 0.019 0.079
139 F 0.039 0.021 0.02 0.019 0.01 0.014 0.022 0.027 0.022 0.048 0.082 0.023 0.02 0.32 0.012 0.06 0.029 0.016 0.151 0.045
140 L 0.052 0.019 0.016 0.017 0.081 0.014 0.019 0.09 0.009 0.093 0.179 0.022 0.027 0.086 0.014 0.029 0.034 0.006 0.024 0.171
141 L 0.044 0.018 0.013 0.015 0.014 0.013 0.017 0.02 0.009 0.204 0.209 0.021 0.033 0.092 0.013 0.024 0.034 0.007 0.026 0.175
142 F 0.097 0.022 0.024 0.023 0.146 0.016 0.026 0.039 0.013 0.042 0.068 0.027 0.017 0.185 0.017 0.106 0.04 0.008 0.038 0.047
143 F 0.03 0.017 0.015 0.015 0.009 0.009 0.017 0.022 0.015 0.056 0.1 0.017 0.022 0.462 0.009 0.022 0.022 0.015 0.078 0.048
144 I 0.042 0.019 0.014 0.015 0.013 0.013 0.018 0.021 0.014 0.158 0.154 0.021 0.028 0.153 0.012 0.024 0.032 0.01 0.081 0.156
145 L 0.082 0.021 0.014 0.015 0.015 0.015 0.02 0.025 0.009 0.126 0.364 0.024 0.039 0.043 0.014 0.028 0.032 0.006 0.019 0.09
146 L 0.045 0.024 0.019 0.018 0.015 0.017 0.022 0.024 0.01 0.088 0.353 0.027 0.037 0.041 0.015 0.036 0.107 0.006 0.019 0.079
147 S 0.15 0.031 0.033 0.031 0.016 0.026 0.037 0.05 0.015 0.047 0.077 0.04 0.077 0.025 0.023 0.155 0.089 0.005 0.017 0.057
148 S 0.116 0.094 0.037 0.033 0.014 0.03 0.042 0.047 0.081 0.048 0.055 0.053 0.017 0.022 0.022 0.126 0.05 0.005 0.023 0.086
149 H 0.095 0.08 0.034 0.029 0.012 0.027 0.038 0.04 0.119 0.077 0.104 0.045 0.02 0.026 0.019 0.108 0.041 0.005 0.025 0.055
150 G 0.073 0.033 0.04 0.047 0.012 0.032 0.123 0.177 0.016 0.025 0.035 0.047 0.012 0.017 0.023 0.152 0.084 0.005 0.014 0.034
151 F 0.04 0.019 0.02 0.019 0.009 0.012 0.019 0.159 0.017 0.044 0.076 0.021 0.018 0.307 0.012 0.029 0.024 0.014 0.101 0.041
152 G 0.069 0.02 0.034 0.03 0.009 0.017 0.022 0.57 0.012 0.017 0.025 0.03 0.008 0.014 0.017 0.045 0.026 0.005 0.009 0.021
153 F 0.049 0.018 0.019 0.019 0.012 0.013 0.019 0.159 0.011 0.106 0.091 0.022 0.021 0.19 0.013 0.03 0.03 0.009 0.038 0.132
154 L 0.044 0.022 0.016 0.022 0.014 0.019 0.063 0.02 0.01 0.161 0.281 0.027 0.035 0.039 0.014 0.026 0.033 0.006 0.018 0.129
155 N 0.041 0.042 0.259 0.055 0.009 0.028 0.041 0.047 0.022 0.031 0.082 0.083 0.014 0.019 0.085 0.052 0.039 0.004 0.014 0.032
156 W 0.027 0.02 0.013 0.013 0.007 0.013 0.02 0.027 0.013 0.027 0.046 0.02 0.013 0.053 0.007 0.02 0.02 0.555 0.06 0.027
157 I 0.04 0.018 0.013 0.015 0.014 0.013 0.016 0.018 0.008 0.263 0.262 0.021 0.036 0.042 0.013 0.022 0.033 0.006 0.019 0.129
158 L 0.088 0.033 0.022 0.022 0.013 0.021 0.03 0.034 0.014 0.061 0.176 0.07 0.055 0.139 0.017 0.07 0.036 0.008 0.033 0.059
159 N 0.044 0.036 0.272 0.169 0.008 0.029 0.053 0.053 0.023 0.021 0.028 0.045 0.01 0.015 0.019 0.089 0.044 0.004 0.013 0.025
160 P 0.053 0.025 0.025 0.029 0.011 0.02 0.032 0.033 0.012 0.029 0.038 0.037 0.011 0.014 0.423 0.049 0.109 0.003 0.012 0.036
161 R 0.039 0.425 0.034 0.027 0.007 0.042 0.046 0.029 0.02 0.02 0.041 0.105 0.014 0.015 0.017 0.039 0.031 0.005 0.015 0.027
162 E 0.093 0.037 0.032 0.053 0.011 0.04 0.208 0.037 0.018 0.037 0.059 0.052 0.045 0.02 0.022 0.058 0.111 0.005 0.016 0.047
163 G 0.146 0.022 0.031 0.029 0.012 0.018 0.026 0.445 0.012 0.022 0.032 0.032 0.01 0.015 0.019 0.052 0.03 0.005 0.011 0.031
164 Y 0.036 0.025 0.019 0.016 0.008 0.019 0.025 0.022 0.041 0.038 0.06 0.027 0.016 0.115 0.014 0.027 0.025 0.025 0.402 0.041
165 Q 0.049 0.064 0.039 0.041 0.008 0.311 0.09 0.036 0.026 0.023 0.041 0.08 0.018 0.013 0.021 0.049 0.036 0.005 0.018 0.031
166 F 0.034 0.019 0.014 0.014 0.011 0.012 0.018 0.021 0.016 0.071 0.227 0.02 0.03 0.263 0.011 0.023 0.025 0.013 0.096 0.061
167 H 0.036 0.032 0.033 0.025 0.007 0.026 0.036 0.028 0.238 0.029 0.047 0.034 0.015 0.071 0.015 0.032 0.024 0.016 0.226 0.031
168 R 0.039 0.425 0.034 0.027 0.007 0.042 0.046 0.029 0.02 0.02 0.041 0.105 0.014 0.015 0.017 0.039 0.031 0.005 0.015 0.027
169 V 0.094 0.073 0.021 0.021 0.015 0.021 0.027 0.03 0.011 0.123 0.102 0.038 0.053 0.029 0.017 0.042 0.077 0.005 0.017 0.183
170 G 0.069 0.02 0.034 0.03 0.009 0.017 0.022 0.57 0.012 0.017 0.025 0.03 0.008 0.014 0.017 0.045 0.026 0.005 0.009 0.021
171 A 0.254 0.032 0.071 0.033 0.016 0.058 0.041 0.057 0.016 0.047 0.055 0.043 0.017 0.019 0.023 0.064 0.043 0.005 0.016 0.089
172 G 0.069 0.02 0.034 0.03 0.009 0.017 0.022 0.57 0.012 0.017 0.025 0.03 0.008 0.014 0.017 0.045 0.026 0.005 0.009 0.021
173 Q 0.051 0.043 0.033 0.037 0.01 0.135 0.096 0.099 0.071 0.045 0.063 0.054 0.047 0.021 0.018 0.042 0.034 0.005 0.021 0.075
174 F 0.03 0.02 0.015 0.015 0.008 0.013 0.02 0.024 0.021 0.04 0.07 0.021 0.017 0.222 0.009 0.023 0.022 0.22 0.152 0.038
175 Y 0.034 0.024 0.018 0.016 0.008 0.018 0.024 0.022 0.038 0.037 0.058 0.026 0.016 0.107 0.013 0.026 0.024 0.091 0.359 0.039
176 A 0.338 0.026 0.021 0.025 0.019 0.021 0.034 0.063 0.012 0.051 0.06 0.037 0.017 0.02 0.025 0.069 0.044 0.005 0.016 0.098
177 L 0.036 0.02 0.014 0.014 0.012 0.014 0.018 0.021 0.012 0.082 0.285 0.021 0.063 0.203 0.011 0.023 0.027 0.01 0.042 0.07
178 A 0.232 0.029 0.031 0.031 0.084 0.023 0.037 0.06 0.014 0.034 0.047 0.04 0.015 0.019 0.025 0.16 0.053 0.005 0.015 0.05
179 I 0.045 0.027 0.016 0.018 0.014 0.017 0.022 0.021 0.009 0.259 0.168 0.064 0.031 0.036 0.014 0.026 0.035 0.005 0.018 0.156
180 L 0.07 0.029 0.032 0.03 0.015 0.022 0.033 0.039 0.012 0.065 0.155 0.036 0.024 0.028 0.021 0.148 0.124 0.005 0.017 0.095
181 F 0.035 0.018 0.015 0.015 0.077 0.011 0.017 0.023 0.014 0.058 0.104 0.019 0.051 0.354 0.011 0.025 0.025 0.012 0.062 0.053
182 L 0.039 0.02 0.013 0.014 0.013 0.014 0.018 0.02 0.01 0.092 0.315 0.021 0.035 0.098 0.012 0.022 0.029 0.076 0.032 0.107
183 S 0.167 0.033 0.041 0.039 0.016 0.027 0.043 0.061 0.016 0.029 0.041 0.045 0.014 0.018 0.026 0.255 0.065 0.005 0.015 0.043
184 L 0.054 0.023 0.02 0.019 0.016 0.017 0.023 0.025 0.009 0.104 0.227 0.027 0.031 0.035 0.016 0.039 0.112 0.005 0.018 0.182
185 S 0.158 0.031 0.037 0.035 0.015 0.025 0.04 0.056 0.016 0.033 0.049 0.042 0.015 0.074 0.024 0.219 0.059 0.006 0.023 0.044
186 F 0.039 0.021 0.019 0.018 0.011 0.014 0.021 0.024 0.02 0.061 0.087 0.023 0.021 0.266 0.013 0.032 0.065 0.015 0.144 0.087
187 G 0.062 0.023 0.029 0.026 0.012 0.018 0.025 0.234 0.012 0.053 0.104 0.03 0.019 0.078 0.017 0.076 0.073 0.006 0.022 0.082
188 I 0.047 0.02 0.018 0.019 0.014 0.015 0.021 0.025 0.011 0.214 0.169 0.025 0.059 0.091 0.014 0.06 0.037 0.007 0.026 0.109
189 F 0.039 0.021 0.024 0.074 0.01 0.016 0.027 0.092 0.02 0.086 0.121 0.025 0.021 0.158 0.013 0.029 0.027 0.012 0.127 0.058
190 L 0.129 0.024 0.019 0.02 0.015 0.018 0.025 0.035 0.011 0.077 0.182 0.029 0.056 0.086 0.017 0.044 0.073 0.007 0.025 0.105
191 F 0.038 0.021 0.062 0.022 0.012 0.014 0.021 0.025 0.013 0.112 0.187 0.023 0.028 0.196 0.012 0.028 0.031 0.009 0.04 0.106
192 S 0.108 0.039 0.053 0.048 0.017 0.033 0.051 0.065 0.019 0.029 0.041 0.053 0.015 0.02 0.029 0.235 0.08 0.005 0.017 0.041
193 F 0.044 0.033 0.026 0.025 0.009 0.09 0.041 0.03 0.024 0.039 0.068 0.039 0.019 0.208 0.015 0.067 0.033 0.014 0.136 0.041
194 V 0.059 0.032 0.024 0.023 0.015 0.021 0.03 0.029 0.011 0.124 0.134 0.071 0.025 0.029 0.018 0.072 0.08 0.005 0.017 0.18
195 R 0.048 0.201 0.034 0.031 0.008 0.039 0.049 0.034 0.017 0.025 0.041 0.187 0.013 0.015 0.088 0.047 0.071 0.005 0.015 0.032
196 K 0.057 0.104 0.083 0.039 0.01 0.035 0.047 0.108 0.018 0.025 0.038 0.171 0.013 0.016 0.022 0.085 0.077 0.005 0.014 0.032
197 N 0.057 0.033 0.171 0.047 0.012 0.025 0.038 0.047 0.019 0.035 0.087 0.042 0.016 0.021 0.087 0.119 0.084 0.004 0.015 0.04
198 I 0.05 0.052 0.025 0.023 0.012 0.021 0.027 0.095 0.015 0.124 0.123 0.055 0.023 0.039 0.017 0.043 0.108 0.008 0.064 0.076
199 S 0.102 0.085 0.081 0.039 0.012 0.063 0.047 0.049 0.019 0.026 0.04 0.054 0.014 0.021 0.021 0.149 0.049 0.073 0.021 0.035
200 L 0.082 0.02 0.014 0.016 0.015 0.014 0.019 0.025 0.009 0.191 0.288 0.024 0.036 0.041 0.014 0.028 0.033 0.006 0.018 0.108
201 Y 0.039 0.02 0.016 0.015 0.078 0.014 0.019 0.021 0.021 0.129 0.136 0.023 0.024 0.119 0.013 0.026 0.028 0.014 0.169 0.077
202 L 0.085 0.031 0.018 0.019 0.013 0.02 0.027 0.029 0.011 0.111 0.184 0.068 0.057 0.037 0.015 0.033 0.034 0.074 0.023 0.11
203 L 0.059 0.074 0.027 0.025 0.013 0.021 0.029 0.1 0.013 0.061 0.157 0.039 0.023 0.082 0.017 0.101 0.041 0.006 0.024 0.087
204 L 0.048 0.022 0.021 0.02 0.013 0.015 0.023 0.027 0.011 0.138 0.187 0.026 0.028 0.142 0.015 0.066 0.073 0.008 0.033 0.084
205 I 0.089 0.02 0.015 0.018 0.015 0.015 0.022 0.027 0.009 0.192 0.151 0.026 0.028 0.032 0.083 0.032 0.037 0.005 0.017 0.169
206 F 0.04 0.018 0.015 0.016 0.012 0.012 0.019 0.022 0.011 0.145 0.149 0.022 0.026 0.194 0.08 0.025 0.03 0.009 0.04 0.116
207 Y 0.039 0.023 0.02 0.017 0.009 0.017 0.022 0.09 0.03 0.046 0.11 0.026 0.02 0.137 0.013 0.028 0.025 0.019 0.264 0.045
208 L 0.045 0.02 0.014 0.015 0.014 0.015 0.019 0.021 0.01 0.137 0.251 0.023 0.063 0.094 0.013 0.025 0.033 0.007 0.026 0.157
209 F 0.126 0.022 0.02 0.021 0.012 0.016 0.025 0.103 0.016 0.046 0.109 0.028 0.019 0.144 0.084 0.041 0.03 0.01 0.079 0.049
210 L 0.052 0.023 0.022 0.02 0.013 0.018 0.024 0.095 0.015 0.071 0.177 0.028 0.055 0.097 0.015 0.064 0.035 0.009 0.073 0.094
211 A 0.188 0.026 0.026 0.026 0.084 0.021 0.032 0.049 0.012 0.062 0.064 0.034 0.018 0.022 0.022 0.119 0.049 0.005 0.015 0.128
212 Y 0.034 0.024 0.018 0.016 0.008 0.018 0.024 0.022 0.038 0.037 0.058 0.026 0.016 0.107 0.013 0.026 0.024 0.091 0.359 0.039
213 F 0.036 0.024 0.017 0.018 0.011 0.049 0.026 0.023 0.014 0.069 0.225 0.027 0.03 0.251 0.012 0.025 0.027 0.01 0.049 0.06
214 L 0.034 0.019 0.014 0.014 0.012 0.012 0.017 0.02 0.012 0.078 0.276 0.019 0.033 0.255 0.011 0.022 0.026 0.011 0.049 0.066
215 G 0.069 0.02 0.034 0.03 0.009 0.017 0.022 0.57 0.012 0.017 0.025 0.03 0.008 0.014 0.017 0.045 0.026 0.005 0.009 0.021
216 S 0.096 0.035 0.047 0.043 0.015 0.029 0.046 0.058 0.017 0.026 0.037 0.047 0.014 0.018 0.026 0.316 0.072 0.005 0.015 0.037
217 K 0.05 0.094 0.036 0.036 0.008 0.047 0.062 0.038 0.018 0.024 0.038 0.367 0.014 0.014 0.024 0.047 0.035 0.005 0.015 0.029
218 G 0.058 0.026 0.039 0.091 0.008 0.025 0.078 0.37 0.067 0.018 0.027 0.037 0.009 0.016 0.018 0.045 0.027 0.005 0.015 0.022
219 I 0.043 0.024 0.067 0.025 0.012 0.019 0.025 0.027 0.02 0.164 0.102 0.029 0.053 0.053 0.015 0.037 0.071 0.01 0.113 0.089
220 L 0.046 0.023 0.015 0.016 0.014 0.019 0.021 0.022 0.011 0.165 0.194 0.027 0.149 0.041 0.014 0.028 0.035 0.006 0.02 0.135
221 L 0.039 0.021 0.012 0.013 0.014 0.014 0.018 0.019 0.009 0.101 0.452 0.022 0.044 0.048 0.012 0.021 0.029 0.006 0.02 0.084
222 E 0.084 0.038 0.126 0.107 0.01 0.068 0.135 0.043 0.021 0.033 0.086 0.051 0.016 0.019 0.02 0.051 0.036 0.005 0.015 0.037
223 F 0.079 0.019 0.016 0.017 0.012 0.013 0.02 0.027 0.016 0.1 0.097 0.022 0.023 0.257 0.013 0.03 0.029 0.012 0.096 0.101
224 L 0.135 0.024 0.023 0.023 0.082 0.018 0.027 0.04 0.012 0.056 0.157 0.031 0.023 0.082 0.019 0.081 0.076 0.006 0.024 0.061
225 I 0.091 0.018 0.015 0.017 0.016 0.014 0.02 0.026 0.008 0.239 0.123 0.024 0.028 0.033 0.015 0.031 0.039 0.005 0.018 0.22
226 F 0.044 0.022 0.02 0.019 0.077 0.016 0.023 0.027 0.024 0.043 0.072 0.025 0.018 0.221 0.014 0.063 0.031 0.016 0.183 0.044
227 F 0.088 0.021 0.023 0.022 0.012 0.015 0.023 0.167 0.013 0.048 0.114 0.026 0.02 0.188 0.015 0.042 0.066 0.009 0.038 0.049
228 L 0.08 0.021 0.014 0.015 0.014 0.014 0.02 0.025 0.01 0.12 0.32 0.023 0.036 0.095 0.014 0.028 0.031 0.007 0.026 0.086
229 I 0.054 0.021 0.02 0.021 0.015 0.016 0.022 0.025 0.009 0.227 0.115 0.027 0.027 0.032 0.016 0.053 0.096 0.005 0.017 0.181
230 V 0.089 0.019 0.015 0.017 0.015 0.014 0.02 0.026 0.009 0.201 0.117 0.023 0.027 0.086 0.015 0.031 0.038 0.006 0.025 0.206
231 L 0.042 0.021 0.013 0.014 0.015 0.014 0.018 0.019 0.009 0.107 0.41 0.022 0.042 0.046 0.013 0.022 0.031 0.006 0.019 0.119
232 W 0.035 0.022 0.018 0.017 0.008 0.015 0.023 0.031 0.014 0.027 0.045 0.023 0.013 0.049 0.009 0.057 0.026 0.486 0.054 0.028
233 F 0.033 0.018 0.014 0.015 0.011 0.011 0.017 0.021 0.012 0.105 0.194 0.019 0.029 0.306 0.011 0.022 0.026 0.011 0.056 0.071
234 R 0.04 0.233 0.028 0.024 0.008 0.034 0.039 0.027 0.024 0.035 0.097 0.108 0.018 0.044 0.017 0.035 0.029 0.01 0.112 0.038
235 R 0.04 0.238 0.129 0.095 0.007 0.038 0.052 0.039 0.021 0.021 0.035 0.115 0.012 0.015 0.018 0.046 0.034 0.005 0.014 0.026
236 F 0.085 0.021 0.02 0.02 0.012 0.015 0.024 0.033 0.014 0.057 0.081 0.024 0.02 0.246 0.014 0.066 0.034 0.079 0.053 0.084
237 R 0.043 0.251 0.038 0.086 0.007 0.042 0.056 0.034 0.019 0.022 0.038 0.195 0.013 0.014 0.02 0.043 0.032 0.005 0.015 0.027
238 G 0.045 0.031 0.17 0.043 0.008 0.024 0.034 0.174 0.078 0.024 0.036 0.037 0.012 0.042 0.016 0.046 0.032 0.01 0.114 0.027
239 F 0.077 0.02 0.015 0.016 0.012 0.013 0.019 0.027 0.012 0.071 0.226 0.022 0.029 0.251 0.013 0.028 0.028 0.01 0.048 0.063
240 G 0.048 0.141 0.031 0.027 0.008 0.031 0.039 0.165 0.023 0.025 0.041 0.132 0.013 0.039 0.018 0.04 0.029 0.01 0.11 0.03
241 K 0.085 0.098 0.026 0.026 0.011 0.03 0.04 0.034 0.015 0.081 0.113 0.163 0.021 0.078 0.019 0.04 0.033 0.006 0.024 0.058
242 I 0.054 0.02 0.021 0.021 0.081 0.015 0.022 0.028 0.01 0.174 0.101 0.026 0.024 0.083 0.016 0.069 0.077 0.006 0.024 0.128
243 F 0.038 0.017 0.014 0.015 0.079 0.011 0.016 0.021 0.011 0.141 0.195 0.019 0.029 0.197 0.012 0.024 0.028 0.009 0.04 0.084
244 L 0.042 0.02 0.016 0.016 0.013 0.014 0.018 0.088 0.01 0.117 0.317 0.022 0.035 0.094 0.013 0.024 0.029 0.007 0.025 0.081
245 L 0.04 0.021 0.014 0.015 0.013 0.015 0.019 0.02 0.013 0.157 0.292 0.024 0.065 0.053 0.013 0.024 0.031 0.008 0.067 0.096
246 L 0.094 0.023 0.02 0.02 0.015 0.017 0.023 0.097 0.01 0.087 0.215 0.028 0.028 0.033 0.017 0.04 0.073 0.005 0.017 0.139
247 P 0.096 0.024 0.023 0.024 0.015 0.018 0.028 0.034 0.01 0.103 0.076 0.032 0.019 0.023 0.153 0.049 0.113 0.004 0.015 0.139
248 P 0.095 0.025 0.023 0.026 0.012 0.02 0.031 0.037 0.012 0.043 0.105 0.036 0.047 0.022 0.288 0.075 0.038 0.004 0.015 0.046
249 L 0.044 0.019 0.014 0.016 0.014 0.014 0.019 0.02 0.009 0.194 0.243 0.023 0.033 0.038 0.081 0.025 0.033 0.005 0.018 0.138
250 V 0.105 0.025 0.026 0.026 0.016 0.02 0.03 0.038 0.011 0.111 0.126 0.033 0.024 0.028 0.02 0.111 0.085 0.005 0.017 0.144
251 F 0.033 0.016 0.014 0.015 0.011 0.01 0.016 0.021 0.013 0.132 0.112 0.018 0.025 0.356 0.01 0.022 0.025 0.012 0.063 0.075
252 L 0.091 0.021 0.019 0.021 0.013 0.016 0.024 0.097 0.01 0.101 0.163 0.029 0.024 0.028 0.151 0.036 0.034 0.005 0.015 0.102
253 L 0.045 0.024 0.014 0.015 0.016 0.016 0.02 0.021 0.01 0.115 0.375 0.025 0.05 0.055 0.014 0.024 0.033 0.007 0.022 0.096
254 F 0.034 0.019 0.017 0.017 0.011 0.011 0.019 0.025 0.017 0.063 0.114 0.019 0.025 0.387 0.011 0.025 0.025 0.017 0.089 0.055
255 A 0.29 0.031 0.026 0.03 0.022 0.026 0.04 0.078 0.015 0.043 0.059 0.045 0.018 0.022 0.03 0.085 0.05 0.005 0.018 0.069
256 Y 0.04 0.028 0.022 0.019 0.009 0.022 0.028 0.025 0.047 0.044 0.068 0.031 0.019 0.131 0.016 0.031 0.028 0.028 0.318 0.047
257 L 0.086 0.021 0.015 0.017 0.014 0.015 0.021 0.027 0.009 0.154 0.231 0.026 0.031 0.035 0.082 0.031 0.035 0.005 0.017 0.126
258 M 0.043 0.026 0.017 0.017 0.014 0.021 0.023 0.024 0.014 0.086 0.199 0.029 0.206 0.095 0.013 0.029 0.033 0.008 0.028 0.077
259 L 0.043 0.018 0.013 0.015 0.015 0.013 0.017 0.019 0.008 0.236 0.258 0.022 0.036 0.041 0.013 0.023 0.034 0.006 0.019 0.154
260 Y 0.055 0.025 0.024 0.022 0.013 0.019 0.027 0.03 0.023 0.097 0.121 0.03 0.023 0.062 0.017 0.098 0.041 0.012 0.161 0.099
261 N 0.045 0.037 0.308 0.062 0.01 0.028 0.04 0.053 0.024 0.031 0.082 0.044 0.015 0.02 0.018 0.088 0.045 0.004 0.015 0.033
262 L 0.038 0.021 0.014 0.014 0.013 0.014 0.018 0.02 0.011 0.088 0.329 0.022 0.066 0.151 0.012 0.023 0.028 0.008 0.034 0.075
263 F 0.068 0.028 0.034 0.031 0.013 0.021 0.034 0.044 0.017 0.044 0.074 0.035 0.02 0.218 0.019 0.141 0.051 0.011 0.051 0.046
264 L 0.055 0.049 0.035 0.035 0.012 0.136 0.063 0.035 0.02 0.053 0.139 0.06 0.026 0.026 0.021 0.054 0.098 0.006 0.019 0.057
265 A 0.269 0.032 0.031 0.033 0.02 0.026 0.041 0.072 0.015 0.038 0.052 0.045 0.016 0.02 0.028 0.125 0.055 0.005 0.017 0.059
266 Y 0.111 0.027 0.02 0.02 0.013 0.02 0.028 0.036 0.028 0.059 0.148 0.031 0.025 0.08 0.018 0.041 0.033 0.016 0.185 0.062
267 G 0.078 0.023 0.039 0.033 0.011 0.019 0.025 0.515 0.013 0.019 0.028 0.033 0.009 0.016 0.019 0.051 0.029 0.005 0.011 0.024
268 Y 0.04 0.028 0.022 0.019 0.009 0.022 0.028 0.025 0.047 0.044 0.068 0.031 0.019 0.131 0.016 0.031 0.028 0.028 0.318 0.047
269 N 0.043 0.045 0.317 0.083 0.009 0.034 0.049 0.065 0.032 0.022 0.032 0.054 0.011 0.018 0.02 0.07 0.049 0.004 0.016 0.027
270 S 0.11 0.04 0.054 0.049 0.018 0.033 0.052 0.066 0.019 0.03 0.042 0.054 0.016 0.021 0.03 0.22 0.082 0.005 0.018 0.042
271 G 0.057 0.027 0.127 0.041 0.009 0.022 0.031 0.375 0.069 0.018 0.027 0.035 0.009 0.016 0.017 0.048 0.03 0.005 0.016 0.022
272 G 0.097 0.079 0.037 0.092 0.011 0.029 0.085 0.108 0.016 0.026 0.038 0.05 0.012 0.016 0.088 0.086 0.076 0.004 0.013 0.035
273 L 0.048 0.024 0.021 0.02 0.013 0.017 0.024 0.028 0.012 0.072 0.228 0.027 0.059 0.144 0.015 0.067 0.072 0.008 0.033 0.066
274 D 0.04 0.029 0.098 0.312 0.007 0.026 0.064 0.108 0.069 0.019 0.026 0.039 0.009 0.015 0.019 0.046 0.031 0.004 0.015 0.021
275 L 0.039 0.02 0.013 0.015 0.013 0.014 0.018 0.019 0.012 0.191 0.289 0.022 0.036 0.053 0.013 0.022 0.031 0.008 0.067 0.105
276 E 0.067 0.049 0.041 0.055 0.01 0.077 0.18 0.043 0.02 0.023 0.036 0.098 0.013 0.016 0.024 0.149 0.048 0.005 0.015 0.032
277 R 0.061 0.137 0.038 0.046 0.009 0.073 0.133 0.105 0.02 0.021 0.036 0.068 0.013 0.015 0.021 0.113 0.041 0.005 0.015 0.029
278 I 0.046 0.017 0.013 0.015 0.015 0.013 0.017 0.019 0.008 0.274 0.177 0.021 0.033 0.038 0.013 0.024 0.036 0.005 0.018 0.197
279 L 0.126 0.021 0.016 0.017 0.015 0.015 0.022 0.032 0.01 0.118 0.228 0.026 0.03 0.089 0.016 0.036 0.034 0.007 0.025 0.117
280 S 0.114 0.032 0.039 0.041 0.014 0.029 0.081 0.115 0.015 0.031 0.042 0.045 0.014 0.018 0.024 0.16 0.124 0.005 0.015 0.043
281 Y 0.036 0.025 0.019 0.016 0.008 0.019 0.025 0.022 0.041 0.038 0.06 0.027 0.016 0.115 0.014 0.027 0.025 0.025 0.402 0.041
282 F 0.038 0.019 0.019 0.018 0.01 0.012 0.02 0.027 0.015 0.052 0.092 0.021 0.021 0.407 0.011 0.059 0.028 0.014 0.07 0.047
283 D 0.036 0.026 0.061 0.471 0.007 0.026 0.08 0.041 0.016 0.02 0.025 0.039 0.008 0.013 0.02 0.046 0.031 0.003 0.01 0.021
284 Y 0.036 0.025 0.019 0.016 0.008 0.019 0.025 0.022 0.041 0.038 0.06 0.027 0.016 0.115 0.014 0.027 0.025 0.025 0.402 0.041
285 Y 0.035 0.024 0.019 0.016 0.008 0.018 0.024 0.022 0.038 0.04 0.065 0.026 0.017 0.158 0.013 0.027 0.024 0.023 0.361 0.042
286 V 0.049 0.038 0.074 0.085 0.012 0.059 0.044 0.032 0.015 0.078 0.116 0.078 0.022 0.025 0.017 0.039 0.038 0.005 0.016 0.158
287 N 0.04 0.037 0.353 0.066 0.009 0.028 0.04 0.053 0.025 0.035 0.038 0.044 0.012 0.018 0.017 0.057 0.043 0.004 0.014 0.066
288 S 0.163 0.033 0.04 0.037 0.016 0.027 0.042 0.058 0.015 0.032 0.043 0.044 0.015 0.019 0.026 0.226 0.098 0.005 0.015 0.046
289 A 0.342 0.028 0.026 0.028 0.018 0.023 0.037 0.067 0.013 0.036 0.05 0.04 0.015 0.019 0.026 0.105 0.047 0.005 0.015 0.057
290 M 0.045 0.028 0.023 0.074 0.013 0.025 0.032 0.027 0.014 0.08 0.154 0.033 0.232 0.039 0.015 0.033 0.035 0.007 0.02 0.074
291 Y 0.034 0.023 0.018 0.016 0.008 0.017 0.023 0.022 0.034 0.043 0.07 0.025 0.018 0.202 0.013 0.026 0.024 0.022 0.321 0.043
292 Y 0.036 0.025 0.019 0.016 0.008 0.019 0.025 0.022 0.041 0.038 0.06 0.027 0.016 0.115 0.014 0.027 0.025 0.025 0.402 0.041
293 K 0.048 0.073 0.082 0.048 0.008 0.112 0.107 0.039 0.022 0.023 0.037 0.218 0.014 0.014 0.022 0.049 0.036 0.005 0.016 0.029
294 A 0.253 0.081 0.027 0.039 0.014 0.033 0.124 0.054 0.016 0.031 0.046 0.054 0.014 0.017 0.024 0.064 0.039 0.005 0.015 0.048
295 Y 0.035 0.024 0.019 0.016 0.008 0.018 0.024 0.022 0.038 0.04 0.065 0.026 0.017 0.158 0.013 0.027 0.024 0.023 0.361 0.042
296 L 0.036 0.025 0.03 0.131 0.01 0.02 0.038 0.027 0.069 0.057 0.2 0.029 0.025 0.097 0.015 0.03 0.028 0.009 0.076 0.051
297 N 0.09 0.042 0.17 0.052 0.011 0.032 0.084 0.048 0.02 0.033 0.087 0.085 0.016 0.02 0.021 0.086 0.043 0.005 0.015 0.039
298 G 0.061 0.023 0.083 0.09 0.009 0.019 0.032 0.44 0.014 0.017 0.025 0.033 0.008 0.014 0.017 0.047 0.029 0.004 0.01 0.022
299 G 0.056 0.043 0.036 0.046 0.008 0.137 0.138 0.235 0.02 0.02 0.033 0.058 0.013 0.014 0.02 0.047 0.031 0.005 0.014 0.026
300 L 0.04 0.018 0.013 0.014 0.014 0.013 0.017 0.018 0.008 0.231 0.3 0.021 0.038 0.043 0.013 0.022 0.032 0.006 0.019 0.12
301 P 0.049 0.028 0.108 0.177 0.009 0.024 0.051 0.043 0.017 0.022 0.029 0.041 0.01 0.014 0.221 0.08 0.039 0.003 0.012 0.026
302 L 0.037 0.021 0.014 0.014 0.013 0.014 0.018 0.02 0.014 0.088 0.359 0.022 0.037 0.108 0.012 0.022 0.028 0.01 0.075 0.074
303 F 0.032 0.02 0.016 0.015 0.009 0.013 0.02 0.022 0.025 0.049 0.085 0.021 0.02 0.332 0.011 0.024 0.023 0.018 0.199 0.046
304 Y 0.032 0.025 0.02 0.017 0.007 0.019 0.026 0.025 0.08 0.032 0.052 0.026 0.015 0.081 0.011 0.026 0.023 0.221 0.23 0.033
305 G 0.069 0.02 0.034 0.03 0.009 0.017 0.022 0.57 0.012 0.017 0.025 0.03 0.008 0.014 0.017 0.045 0.026 0.005 0.009 0.021
306 K 0.048 0.071 0.082 0.052 0.007 0.08 0.143 0.038 0.021 0.022 0.036 0.216 0.013 0.014 0.023 0.049 0.035 0.005 0.015 0.028
307 I 0.049 0.018 0.013 0.015 0.015 0.013 0.018 0.019 0.008 0.247 0.173 0.022 0.032 0.037 0.013 0.024 0.037 0.005 0.018 0.223
308 F 0.043 0.021 0.022 0.02 0.01 0.014 0.022 0.096 0.018 0.041 0.071 0.024 0.018 0.256 0.013 0.062 0.029 0.081 0.1 0.04
309 L 0.047 0.022 0.019 0.018 0.014 0.015 0.021 0.091 0.01 0.084 0.263 0.025 0.031 0.09 0.014 0.033 0.068 0.007 0.025 0.104
310 S 0.084 0.034 0.044 0.039 0.015 0.027 0.042 0.051 0.015 0.034 0.044 0.045 0.015 0.019 0.025 0.228 0.172 0.005 0.015 0.046
311 D 0.056 0.04 0.049 0.208 0.009 0.102 0.112 0.043 0.02 0.022 0.033 0.055 0.012 0.015 0.022 0.114 0.043 0.004 0.014 0.028
312 F 0.075 0.02 0.016 0.016 0.011 0.013 0.02 0.028 0.017 0.057 0.133 0.021 0.023 0.312 0.012 0.029 0.026 0.014 0.103 0.053
313 W 0.028 0.02 0.014 0.014 0.007 0.014 0.02 0.026 0.017 0.028 0.048 0.021 0.014 0.061 0.008 0.021 0.02 0.488 0.103 0.028
314 S 0.102 0.082 0.084 0.038 0.012 0.028 0.04 0.114 0.069 0.027 0.039 0.05 0.013 0.019 0.021 0.121 0.081 0.005 0.019 0.036
315 L 0.036 0.02 0.015 0.015 0.011 0.014 0.019 0.02 0.018 0.106 0.228 0.022 0.03 0.167 0.012 0.023 0.027 0.013 0.129 0.073
316 V 0.059 0.019 0.014 0.016 0.017 0.014 0.02 0.021 0.007 0.171 0.118 0.023 0.028 0.032 0.014 0.028 0.042 0.005 0.018 0.333
317 P 0.05 0.023 0.02 0.027 0.009 0.018 0.032 0.032 0.011 0.023 0.032 0.036 0.009 0.011 0.556 0.039 0.032 0.002 0.011 0.027
318 R 0.039 0.425 0.034 0.027 0.007 0.042 0.046 0.029 0.02 0.02 0.041 0.105 0.014 0.015 0.017 0.039 0.031 0.005 0.015 0.027
319 F 0.138 0.024 0.027 0.026 0.013 0.018 0.029 0.111 0.014 0.039 0.063 0.032 0.017 0.184 0.019 0.112 0.041 0.008 0.038 0.045
