#Seq2Logo.py -f /work3/idamei/ssn-clusterings/clustering/2205181126/clusters/0005_329/sequences.afa -o /work3/idamei/ssn-clusterings/clustering/2205181126/clusters/0005_329/sequences.logo
#Position Specific Frequency Matrix
A R N D C Q E G H I L K M F P S T W Y V
0 L 0.052 0.032 0.02 0.02 0.016 0.028 0.028 0.028 0.016 0.1 0.197 0.036 0.161 0.048 0.016 0.036 0.04 0.008 0.024 0.092
1 E 0.055 0.05 0.04 0.09 0.007 0.064 0.296 0.035 0.026 0.022 0.037 0.076 0.013 0.017 0.026 0.055 0.037 0.006 0.017 0.031
2 N 0.043 0.045 0.317 0.083 0.009 0.034 0.049 0.065 0.032 0.022 0.032 0.054 0.011 0.018 0.02 0.07 0.049 0.004 0.016 0.027
3 L 0.045 0.024 0.014 0.015 0.016 0.016 0.02 0.021 0.01 0.115 0.375 0.025 0.05 0.055 0.014 0.024 0.033 0.007 0.022 0.096
4 G 0.078 0.023 0.039 0.034 0.011 0.019 0.026 0.51 0.014 0.019 0.028 0.034 0.009 0.016 0.019 0.051 0.03 0.005 0.011 0.024
5 L 0.047 0.027 0.016 0.017 0.016 0.02 0.023 0.023 0.012 0.11 0.318 0.029 0.088 0.052 0.015 0.028 0.035 0.007 0.023 0.094
6 L 0.059 0.028 0.018 0.019 0.017 0.023 0.026 0.026 0.013 0.125 0.169 0.032 0.114 0.043 0.016 0.034 0.043 0.007 0.022 0.165
7 N 0.069 0.04 0.165 0.133 0.012 0.032 0.058 0.061 0.024 0.025 0.035 0.052 0.012 0.018 0.024 0.129 0.059 0.005 0.015 0.032
8 F 0.048 0.02 0.017 0.017 0.014 0.013 0.021 0.025 0.013 0.103 0.119 0.022 0.028 0.25 0.013 0.028 0.035 0.012 0.061 0.143
9 L 0.044 0.024 0.014 0.015 0.016 0.016 0.02 0.021 0.01 0.114 0.382 0.025 0.049 0.054 0.014 0.024 0.033 0.007 0.022 0.095
10 F 0.042 0.022 0.019 0.017 0.106 0.015 0.022 0.026 0.027 0.051 0.085 0.024 0.021 0.213 0.014 0.03 0.028 0.019 0.167 0.052
11 V 0.065 0.028 0.027 0.025 0.018 0.021 0.029 0.031 0.011 0.109 0.154 0.033 0.03 0.034 0.02 0.055 0.128 0.006 0.02 0.158
12 L 0.046 0.02 0.014 0.017 0.016 0.014 0.019 0.021 0.009 0.213 0.252 0.024 0.042 0.048 0.014 0.024 0.037 0.006 0.021 0.143
13 N 0.042 0.044 0.324 0.082 0.009 0.033 0.049 0.065 0.031 0.022 0.031 0.053 0.011 0.018 0.02 0.069 0.049 0.004 0.016 0.027
14 V 0.055 0.02 0.015 0.017 0.017 0.015 0.02 0.022 0.009 0.199 0.194 0.025 0.037 0.042 0.015 0.028 0.042 0.006 0.021 0.199
15 F 0.051 0.02 0.026 0.023 0.011 0.014 0.021 0.221 0.015 0.045 0.079 0.025 0.019 0.242 0.014 0.035 0.027 0.012 0.057 0.042
16 F 0.039 0.018 0.016 0.017 0.013 0.012 0.018 0.023 0.014 0.149 0.134 0.021 0.03 0.253 0.012 0.025 0.031 0.012 0.061 0.103
17 F 0.036 0.022 0.019 0.017 0.01 0.015 0.022 0.025 0.029 0.055 0.095 0.024 0.022 0.288 0.012 0.027 0.026 0.021 0.183 0.051
18 F 0.041 0.019 0.017 0.017 0.012 0.012 0.02 0.025 0.015 0.083 0.116 0.02 0.026 0.321 0.012 0.027 0.03 0.014 0.074 0.099
19 F 0.036 0.022 0.019 0.017 0.01 0.015 0.022 0.025 0.029 0.055 0.095 0.024 0.022 0.288 0.012 0.027 0.026 0.021 0.183 0.051
20 L 0.045 0.021 0.014 0.016 0.016 0.015 0.019 0.021 0.009 0.18 0.296 0.024 0.044 0.05 0.014 0.024 0.036 0.007 0.021 0.127
21 V 0.064 0.045 0.033 0.033 0.015 0.101 0.058 0.035 0.018 0.086 0.083 0.055 0.025 0.025 0.021 0.054 0.087 0.006 0.02 0.138
22 F 0.05 0.02 0.016 0.017 0.015 0.013 0.02 0.024 0.012 0.146 0.13 0.023 0.03 0.18 0.014 0.028 0.038 0.01 0.047 0.167
23 W 0.039 0.022 0.016 0.017 0.011 0.016 0.022 0.025 0.019 0.132 0.101 0.025 0.024 0.067 0.012 0.025 0.03 0.207 0.1 0.091
24 K 0.06 0.062 0.038 0.035 0.012 0.036 0.049 0.039 0.023 0.041 0.056 0.138 0.018 0.041 0.025 0.064 0.123 0.01 0.079 0.05
25 L 0.148 0.027 0.02 0.024 0.017 0.021 0.031 0.047 0.012 0.068 0.183 0.036 0.029 0.033 0.117 0.052 0.04 0.005 0.018 0.071
26 V 0.055 0.153 0.025 0.023 0.014 0.028 0.033 0.027 0.014 0.13 0.103 0.063 0.026 0.03 0.017 0.036 0.041 0.006 0.019 0.158
27 Y 0.04 0.028 0.022 0.019 0.009 0.022 0.028 0.025 0.046 0.043 0.068 0.031 0.019 0.13 0.015 0.031 0.028 0.028 0.325 0.046
28 L 0.046 0.02 0.014 0.017 0.016 0.014 0.019 0.021 0.009 0.213 0.252 0.024 0.042 0.048 0.014 0.024 0.037 0.006 0.021 0.143
29 S 0.094 0.038 0.049 0.044 0.017 0.031 0.047 0.057 0.017 0.039 0.051 0.05 0.017 0.022 0.029 0.173 0.15 0.005 0.017 0.053
30 K 0.077 0.08 0.046 0.044 0.012 0.045 0.063 0.052 0.02 0.028 0.042 0.193 0.015 0.017 0.028 0.123 0.056 0.005 0.017 0.036
31 F 0.051 0.027 0.026 0.024 0.011 0.019 0.029 0.033 0.029 0.048 0.081 0.031 0.021 0.213 0.016 0.068 0.037 0.019 0.168 0.049
32 F 0.036 0.02 0.016 0.016 0.012 0.012 0.019 0.024 0.015 0.073 0.167 0.02 0.03 0.325 0.011 0.025 0.027 0.015 0.075 0.063
33 K 0.051 0.081 0.154 0.058 0.009 0.045 0.062 0.051 0.025 0.025 0.038 0.192 0.014 0.016 0.024 0.059 0.043 0.005 0.016 0.03
34 N 0.043 0.045 0.317 0.083 0.009 0.034 0.049 0.065 0.032 0.022 0.032 0.054 0.011 0.018 0.02 0.07 0.049 0.004 0.016 0.027
35 R 0.045 0.345 0.039 0.031 0.008 0.048 0.052 0.033 0.023 0.023 0.047 0.12 0.016 0.017 0.019 0.045 0.035 0.006 0.017 0.031
36 K 0.057 0.107 0.042 0.042 0.009 0.054 0.071 0.043 0.021 0.028 0.043 0.278 0.016 0.016 0.028 0.054 0.04 0.005 0.017 0.033
37 L 0.04 0.022 0.015 0.016 0.014 0.014 0.02 0.023 0.013 0.094 0.274 0.023 0.04 0.19 0.013 0.024 0.03 0.011 0.048 0.079
38 G 0.161 0.043 0.034 0.033 0.015 0.028 0.04 0.246 0.015 0.03 0.043 0.088 0.014 0.018 0.025 0.065 0.039 0.005 0.015 0.043
39 G 0.052 0.023 0.024 0.022 0.01 0.017 0.023 0.222 0.013 0.042 0.109 0.027 0.02 0.041 0.013 0.034 0.027 0.203 0.036 0.041
40 Y 0.054 0.03 0.029 0.025 0.014 0.023 0.031 0.031 0.026 0.061 0.129 0.035 0.025 0.072 0.02 0.054 0.119 0.015 0.141 0.066
41 N 0.042 0.044 0.324 0.082 0.009 0.033 0.049 0.065 0.031 0.022 0.031 0.053 0.011 0.018 0.02 0.069 0.049 0.004 0.016 0.027
42 P 0.056 0.026 0.023 0.031 0.01 0.02 0.036 0.036 0.013 0.026 0.036 0.041 0.01 0.013 0.499 0.043 0.036 0.003 0.013 0.031
43 F 0.036 0.019 0.016 0.017 0.012 0.011 0.019 0.024 0.015 0.106 0.124 0.02 0.027 0.323 0.011 0.025 0.028 0.015 0.074 0.079
44 T 0.062 0.028 0.032 0.029 0.017 0.022 0.03 0.034 0.012 0.143 0.105 0.036 0.026 0.032 0.022 0.065 0.168 0.006 0.019 0.112
45 I 0.047 0.018 0.015 0.018 0.016 0.013 0.018 0.02 0.009 0.278 0.166 0.023 0.036 0.044 0.015 0.025 0.039 0.006 0.02 0.175
46 L 0.054 0.023 0.015 0.016 0.017 0.016 0.021 0.022 0.009 0.134 0.281 0.025 0.042 0.047 0.015 0.027 0.039 0.006 0.021 0.168
47 L 0.045 0.021 0.016 0.016 0.014 0.014 0.02 0.023 0.012 0.103 0.224 0.023 0.036 0.186 0.013 0.026 0.033 0.011 0.048 0.115
48 I 0.151 0.024 0.019 0.022 0.019 0.019 0.028 0.044 0.011 0.161 0.116 0.032 0.028 0.033 0.021 0.05 0.045 0.006 0.019 0.152
49 F 0.041 0.019 0.017 0.017 0.012 0.012 0.02 0.025 0.015 0.083 0.116 0.02 0.026 0.321 0.012 0.027 0.03 0.014 0.074 0.099
50 I 0.056 0.056 0.031 0.031 0.013 0.032 0.043 0.034 0.014 0.133 0.096 0.132 0.025 0.028 0.022 0.049 0.082 0.006 0.019 0.097
51 L 0.046 0.027 0.016 0.017 0.016 0.02 0.023 0.023 0.012 0.109 0.32 0.029 0.09 0.052 0.015 0.028 0.035 0.007 0.023 0.094
52 P 0.056 0.025 0.023 0.031 0.01 0.02 0.036 0.036 0.013 0.025 0.036 0.041 0.01 0.013 0.5 0.043 0.036 0.003 0.013 0.031
53 V 0.056 0.024 0.017 0.018 0.017 0.019 0.023 0.024 0.011 0.181 0.163 0.028 0.08 0.042 0.016 0.031 0.043 0.006 0.021 0.181
54 L 0.128 0.028 0.036 0.15 0.015 0.024 0.05 0.048 0.014 0.06 0.157 0.038 0.025 0.03 0.022 0.053 0.039 0.005 0.017 0.062
55 L 0.046 0.02 0.014 0.017 0.016 0.014 0.018 0.021 0.009 0.225 0.238 0.024 0.041 0.047 0.014 0.024 0.037 0.006 0.021 0.148
56 F 0.042 0.025 0.018 0.018 0.013 0.019 0.023 0.026 0.016 0.081 0.153 0.027 0.099 0.222 0.013 0.03 0.032 0.012 0.056 0.073
57 K 0.053 0.168 0.04 0.038 0.008 0.051 0.065 0.04 0.021 0.026 0.043 0.246 0.015 0.016 0.025 0.051 0.038 0.005 0.017 0.032
58 V 0.124 0.045 0.025 0.026 0.017 0.028 0.039 0.042 0.013 0.099 0.089 0.096 0.024 0.027 0.022 0.05 0.046 0.005 0.019 0.165
59 I 0.049 0.019 0.015 0.017 0.015 0.013 0.019 0.022 0.011 0.197 0.143 0.023 0.032 0.13 0.014 0.027 0.038 0.008 0.037 0.171
60 L 0.048 0.02 0.015 0.017 0.015 0.014 0.02 0.023 0.011 0.155 0.198 0.023 0.035 0.132 0.014 0.027 0.036 0.009 0.038 0.151
61 G 0.141 0.029 0.039 0.036 0.015 0.024 0.035 0.294 0.015 0.027 0.039 0.041 0.013 0.018 0.024 0.104 0.047 0.005 0.014 0.039
62 P 0.056 0.025 0.023 0.031 0.01 0.02 0.036 0.036 0.013 0.025 0.036 0.041 0.01 0.013 0.501 0.043 0.036 0.003 0.013 0.031
63 A 0.177 0.03 0.023 0.027 0.017 0.025 0.036 0.054 0.014 0.052 0.087 0.041 0.054 0.026 0.144 0.062 0.043 0.005 0.018 0.064
64 F 0.038 0.021 0.017 0.017 0.012 0.014 0.021 0.024 0.022 0.112 0.114 0.023 0.026 0.241 0.013 0.026 0.029 0.017 0.131 0.082
65 L 0.046 0.024 0.016 0.017 0.016 0.018 0.021 0.022 0.011 0.152 0.282 0.027 0.077 0.05 0.015 0.027 0.036 0.007 0.022 0.114
66 L 0.041 0.023 0.015 0.015 0.015 0.015 0.02 0.022 0.012 0.101 0.317 0.023 0.043 0.139 0.013 0.024 0.031 0.009 0.038 0.085
67 E 0.056 0.042 0.084 0.162 0.009 0.047 0.188 0.045 0.024 0.023 0.034 0.062 0.012 0.017 0.024 0.078 0.043 0.005 0.015 0.03
68 E 0.064 0.042 0.05 0.158 0.01 0.047 0.189 0.045 0.022 0.024 0.035 0.062 0.013 0.017 0.026 0.098 0.047 0.005 0.015 0.032
69 G 0.077 0.023 0.039 0.033 0.011 0.019 0.025 0.517 0.013 0.019 0.028 0.033 0.009 0.016 0.019 0.051 0.029 0.005 0.011 0.024
70 L 0.046 0.024 0.016 0.017 0.016 0.018 0.021 0.022 0.011 0.152 0.282 0.027 0.077 0.05 0.015 0.027 0.036 0.007 0.022 0.114
71 F 0.037 0.028 0.038 0.119 0.009 0.022 0.045 0.033 0.104 0.042 0.073 0.032 0.019 0.209 0.015 0.036 0.028 0.011 0.061 0.039
72 D 0.041 0.037 0.197 0.244 0.008 0.031 0.069 0.055 0.025 0.022 0.029 0.049 0.01 0.016 0.021 0.06 0.042 0.004 0.013 0.025
73 E 0.049 0.05 0.029 0.041 0.01 0.038 0.105 0.03 0.025 0.093 0.078 0.104 0.021 0.051 0.021 0.041 0.036 0.011 0.095 0.071
74 Y 0.037 0.026 0.02 0.018 0.009 0.02 0.026 0.026 0.038 0.04 0.064 0.029 0.018 0.112 0.013 0.029 0.026 0.146 0.263 0.042
75 F 0.037 0.023 0.019 0.018 0.01 0.016 0.023 0.025 0.031 0.053 0.09 0.025 0.022 0.262 0.013 0.028 0.026 0.022 0.208 0.05
76 N 0.051 0.039 0.255 0.07 0.009 0.03 0.043 0.178 0.027 0.021 0.03 0.048 0.011 0.017 0.02 0.064 0.044 0.005 0.014 0.026
77 Y 0.04 0.023 0.019 0.018 0.011 0.017 0.023 0.024 0.029 0.108 0.103 0.026 0.025 0.174 0.014 0.028 0.03 0.019 0.191 0.08
78 A 0.301 0.031 0.025 0.029 0.021 0.025 0.04 0.077 0.015 0.043 0.059 0.044 0.017 0.021 0.029 0.084 0.049 0.005 0.017 0.068
79 I 0.046 0.019 0.014 0.017 0.016 0.014 0.018 0.02 0.009 0.24 0.22 0.024 0.039 0.046 0.014 0.024 0.038 0.006 0.021 0.154
80 L 0.105 0.024 0.017 0.019 0.016 0.017 0.025 0.036 0.013 0.083 0.235 0.028 0.035 0.131 0.017 0.039 0.035 0.009 0.037 0.078
81 L 0.055 0.026 0.018 0.019 0.017 0.021 0.024 0.025 0.012 0.16 0.17 0.03 0.103 0.043 0.016 0.032 0.042 0.007 0.022 0.159
82 A 0.117 0.04 0.04 0.048 0.013 0.038 0.11 0.048 0.105 0.035 0.049 0.052 0.016 0.023 0.025 0.068 0.092 0.006 0.027 0.048
83 N 0.059 0.043 0.259 0.073 0.011 0.033 0.049 0.065 0.028 0.024 0.034 0.053 0.012 0.018 0.022 0.109 0.057 0.005 0.016 0.03
84 V 0.058 0.02 0.015 0.017 0.017 0.015 0.02 0.022 0.008 0.222 0.147 0.024 0.034 0.039 0.015 0.029 0.044 0.006 0.02 0.227
85 E 0.068 0.052 0.044 0.068 0.01 0.097 0.192 0.044 0.025 0.025 0.04 0.073 0.015 0.017 0.026 0.099 0.048 0.005 0.018 0.034
86 L 0.04 0.024 0.014 0.015 0.014 0.016 0.021 0.023 0.011 0.093 0.302 0.024 0.04 0.055 0.012 0.024 0.03 0.13 0.033 0.079
87 L 0.045 0.021 0.014 0.016 0.016 0.015 0.019 0.021 0.009 0.198 0.275 0.024 0.043 0.049 0.014 0.024 0.036 0.006 0.021 0.134
88 V 0.058 0.02 0.015 0.017 0.017 0.015 0.02 0.022 0.008 0.222 0.147 0.024 0.034 0.039 0.015 0.029 0.044 0.006 0.02 0.227
89 T 0.062 0.029 0.042 0.124 0.133 0.024 0.046 0.041 0.013 0.043 0.055 0.038 0.016 0.02 0.023 0.069 0.147 0.005 0.015 0.055
90 F 0.038 0.022 0.017 0.017 0.012 0.015 0.021 0.024 0.022 0.07 0.169 0.023 0.029 0.244 0.013 0.026 0.028 0.017 0.131 0.062
91 L 0.041 0.022 0.017 0.017 0.013 0.015 0.021 0.023 0.02 0.125 0.183 0.024 0.032 0.156 0.014 0.026 0.031 0.014 0.114 0.092
92 L 0.051 0.02 0.015 0.017 0.017 0.015 0.019 0.021 0.009 0.21 0.211 0.024 0.038 0.044 0.015 0.026 0.04 0.006 0.021 0.181
93 L 0.068 0.029 0.031 0.029 0.017 0.022 0.032 0.037 0.013 0.119 0.164 0.037 0.03 0.035 0.021 0.093 0.103 0.006 0.019 0.095
94 G 0.05 0.103 0.027 0.024 0.011 0.022 0.028 0.149 0.015 0.096 0.088 0.048 0.021 0.118 0.016 0.036 0.032 0.008 0.034 0.071
95 F 0.04 0.018 0.016 0.017 0.013 0.012 0.018 0.023 0.013 0.172 0.139 0.021 0.031 0.22 0.012 0.025 0.032 0.011 0.054 0.114
96 L 0.112 0.024 0.018 0.02 0.017 0.017 0.025 0.037 0.012 0.095 0.171 0.028 0.031 0.127 0.017 0.041 0.039 0.009 0.037 0.124
97 F 0.037 0.018 0.016 0.017 0.012 0.011 0.018 0.024 0.015 0.117 0.126 0.02 0.028 0.308 0.011 0.025 0.029 0.014 0.071 0.084
98 L 0.053 0.052 0.106 0.044 0.013 0.032 0.044 0.043 0.019 0.054 0.131 0.103 0.024 0.028 0.022 0.059 0.095 0.006 0.018 0.056
99 L 0.115 0.023 0.017 0.02 0.018 0.018 0.025 0.036 0.01 0.15 0.184 0.029 0.033 0.038 0.018 0.041 0.042 0.006 0.02 0.154
100 L 0.058 0.025 0.025 0.024 0.015 0.018 0.027 0.033 0.014 0.122 0.176 0.03 0.031 0.128 0.017 0.076 0.044 0.009 0.037 0.091
101 N 0.043 0.122 0.255 0.069 0.009 0.037 0.049 0.056 0.029 0.022 0.035 0.069 0.012 0.018 0.02 0.062 0.045 0.005 0.016 0.028
102 K 0.069 0.089 0.044 0.043 0.011 0.048 0.065 0.048 0.02 0.028 0.042 0.23 0.015 0.017 0.028 0.097 0.05 0.005 0.017 0.035
103 Y 0.041 0.109 0.026 0.021 0.009 0.028 0.034 0.027 0.04 0.038 0.062 0.053 0.018 0.101 0.016 0.034 0.029 0.022 0.25 0.042
104 R 0.05 0.12 0.115 0.047 0.01 0.036 0.048 0.044 0.108 0.03 0.045 0.065 0.015 0.022 0.021 0.061 0.092 0.006 0.027 0.037
105 F 0.037 0.023 0.019 0.018 0.01 0.016 0.023 0.025 0.031 0.053 0.09 0.025 0.022 0.262 0.013 0.028 0.026 0.022 0.208 0.05
106 L 0.07 0.051 0.038 0.035 0.015 0.032 0.045 0.043 0.016 0.056 0.133 0.103 0.025 0.028 0.024 0.1 0.103 0.006 0.018 0.06
107 I 0.051 0.045 0.029 0.032 0.012 0.117 0.06 0.031 0.019 0.151 0.107 0.057 0.028 0.029 0.019 0.04 0.04 0.006 0.02 0.105
108 W 0.051 0.029 0.029 0.026 0.013 0.021 0.031 0.037 0.014 0.041 0.059 0.034 0.017 0.042 0.017 0.057 0.137 0.251 0.043 0.05
109 R 0.06 0.198 0.114 0.048 0.01 0.04 0.051 0.049 0.024 0.024 0.041 0.086 0.014 0.018 0.022 0.097 0.05 0.005 0.017 0.032
110 F 0.038 0.022 0.017 0.017 0.012 0.015 0.021 0.024 0.022 0.07 0.169 0.023 0.029 0.244 0.013 0.026 0.028 0.017 0.131 0.062
111 L 0.041 0.028 0.093 0.032 0.013 0.019 0.027 0.033 0.017 0.078 0.228 0.03 0.033 0.13 0.015 0.035 0.035 0.009 0.037 0.068
112 L 0.059 0.034 0.104 0.041 0.013 0.026 0.037 0.044 0.026 0.052 0.131 0.041 0.023 0.055 0.02 0.089 0.047 0.011 0.096 0.052
113 F 0.044 0.046 0.1 0.039 0.011 0.027 0.039 0.038 0.019 0.098 0.088 0.096 0.022 0.118 0.018 0.043 0.038 0.008 0.035 0.072
114 L 0.042 0.019 0.015 0.017 0.015 0.013 0.018 0.022 0.011 0.185 0.207 0.023 0.037 0.134 0.013 0.025 0.034 0.009 0.038 0.124
115 P 0.062 0.056 0.036 0.036 0.012 0.034 0.048 0.041 0.016 0.035 0.048 0.124 0.015 0.017 0.184 0.063 0.11 0.005 0.016 0.044
116 P 0.052 0.025 0.02 0.025 0.012 0.019 0.031 0.031 0.012 0.055 0.151 0.036 0.023 0.027 0.337 0.037 0.035 0.004 0.016 0.052
117 R 0.07 0.166 0.044 0.04 0.011 0.045 0.058 0.047 0.021 0.027 0.043 0.153 0.015 0.018 0.025 0.108 0.052 0.005 0.017 0.035
118 W 0.039 0.02 0.015 0.016 0.012 0.014 0.02 0.025 0.012 0.152 0.11 0.023 0.026 0.052 0.011 0.024 0.031 0.25 0.044 0.103
119 K 0.05 0.152 0.112 0.049 0.008 0.047 0.06 0.045 0.024 0.025 0.04 0.187 0.014 0.016 0.023 0.055 0.04 0.005 0.017 0.03
120 L 0.052 0.025 0.021 0.021 0.016 0.018 0.024 0.026 0.011 0.14 0.25 0.029 0.038 0.044 0.017 0.041 0.091 0.006 0.02 0.108
121 P 0.05 0.132 0.107 0.046 0.009 0.038 0.051 0.044 0.022 0.024 0.039 0.125 0.013 0.016 0.142 0.052 0.039 0.004 0.016 0.03
122 R 0.046 0.191 0.03 0.028 0.009 0.034 0.042 0.031 0.026 0.029 0.049 0.077 0.015 0.044 0.139 0.04 0.033 0.01 0.094 0.034
123 K 0.072 0.053 0.039 0.036 0.015 0.035 0.047 0.045 0.017 0.052 0.085 0.106 0.056 0.027 0.025 0.103 0.104 0.006 0.019 0.059
124 K 0.053 0.09 0.112 0.051 0.009 0.048 0.064 0.048 0.023 0.026 0.04 0.23 0.014 0.016 0.025 0.057 0.042 0.005 0.017 0.031
125 L 0.051 0.032 0.02 0.02 0.016 0.028 0.028 0.028 0.016 0.099 0.194 0.036 0.173 0.047 0.016 0.036 0.04 0.008 0.024 0.091
126 I 0.043 0.102 0.021 0.021 0.013 0.021 0.026 0.025 0.014 0.162 0.122 0.046 0.028 0.125 0.015 0.03 0.034 0.008 0.036 0.108
127 L 0.043 0.044 0.023 0.023 0.011 0.025 0.034 0.028 0.023 0.062 0.152 0.091 0.027 0.148 0.017 0.033 0.031 0.014 0.114 0.057
128 V 0.121 0.024 0.018 0.02 0.019 0.018 0.026 0.037 0.01 0.12 0.175 0.03 0.032 0.036 0.019 0.043 0.045 0.006 0.02 0.18
129 A 0.204 0.035 0.039 0.039 0.019 0.029 0.046 0.071 0.017 0.036 0.05 0.049 0.016 0.021 0.029 0.158 0.065 0.005 0.017 0.055
130 L 0.049 0.021 0.017 0.017 0.133 0.016 0.02 0.026 0.012 0.122 0.134 0.024 0.063 0.127 0.014 0.031 0.035 0.009 0.036 0.094
131 V 0.054 0.02 0.016 0.017 0.016 0.014 0.021 0.023 0.01 0.167 0.134 0.023 0.031 0.127 0.014 0.029 0.04 0.008 0.037 0.197
132 F 0.033 0.019 0.017 0.017 0.01 0.01 0.019 0.025 0.017 0.062 0.113 0.019 0.025 0.396 0.01 0.025 0.025 0.017 0.087 0.054
133 L 0.04 0.024 0.017 0.016 0.013 0.016 0.022 0.023 0.021 0.083 0.237 0.025 0.035 0.158 0.013 0.026 0.03 0.015 0.115 0.072
134 L 0.058 0.025 0.025 0.024 0.015 0.018 0.027 0.033 0.014 0.122 0.176 0.03 0.031 0.128 0.017 0.076 0.044 0.009 0.037 0.091
135 L 0.049 0.022 0.015 0.015 0.135 0.015 0.019 0.024 0.009 0.096 0.305 0.024 0.041 0.045 0.015 0.028 0.034 0.006 0.019 0.085
136 F 0.052 0.024 0.026 0.025 0.012 0.016 0.027 0.035 0.017 0.054 0.095 0.027 0.023 0.302 0.015 0.077 0.039 0.014 0.07 0.051
137 L 0.047 0.022 0.015 0.016 0.015 0.015 0.02 0.023 0.011 0.113 0.253 0.024 0.038 0.135 0.014 0.026 0.035 0.009 0.038 0.131
138 L 0.042 0.019 0.015 0.017 0.015 0.013 0.018 0.022 0.011 0.185 0.207 0.023 0.037 0.134 0.013 0.025 0.034 0.009 0.038 0.124
139 C 0.078 0.028 0.035 0.032 0.134 0.022 0.035 0.047 0.016 0.041 0.065 0.036 0.018 0.114 0.021 0.132 0.056 0.008 0.033 0.048
140 F 0.033 0.019 0.017 0.017 0.01 0.01 0.019 0.025 0.017 0.062 0.113 0.019 0.025 0.396 0.01 0.025 0.025 0.017 0.087 0.054
141 L 0.041 0.022 0.017 0.017 0.013 0.015 0.021 0.023 0.02 0.125 0.183 0.024 0.032 0.156 0.014 0.026 0.031 0.014 0.114 0.092
142 L 0.044 0.022 0.014 0.016 0.016 0.015 0.019 0.021 0.01 0.156 0.33 0.025 0.046 0.051 0.014 0.024 0.034 0.007 0.022 0.115
143 L 0.044 0.024 0.014 0.015 0.016 0.016 0.02 0.021 0.01 0.114 0.385 0.025 0.049 0.054 0.014 0.024 0.033 0.007 0.022 0.095
144 S 0.099 0.038 0.051 0.045 0.017 0.031 0.048 0.06 0.018 0.035 0.047 0.051 0.016 0.021 0.029 0.196 0.125 0.005 0.017 0.048
145 S 0.11 0.04 0.054 0.049 0.017 0.033 0.052 0.066 0.019 0.03 0.042 0.054 0.016 0.021 0.03 0.222 0.082 0.005 0.017 0.042
146 S 0.075 0.12 0.049 0.041 0.012 0.038 0.052 0.05 0.106 0.026 0.042 0.068 0.015 0.022 0.024 0.137 0.056 0.006 0.027 0.034
147 S 0.086 0.041 0.047 0.056 0.015 0.039 0.112 0.052 0.019 0.033 0.046 0.056 0.016 0.02 0.028 0.152 0.114 0.005 0.017 0.046
148 F 0.033 0.019 0.017 0.017 0.01 0.01 0.019 0.025 0.017 0.062 0.113 0.019 0.025 0.396 0.01 0.025 0.025 0.017 0.087 0.054
149 G 0.077 0.023 0.039 0.033 0.011 0.019 0.025 0.517 0.013 0.019 0.028 0.033 0.009 0.016 0.019 0.051 0.029 0.005 0.011 0.024
150 F 0.037 0.018 0.016 0.017 0.012 0.011 0.018 0.024 0.015 0.117 0.126 0.02 0.028 0.308 0.011 0.025 0.029 0.014 0.071 0.084
151 L 0.045 0.021 0.014 0.016 0.016 0.015 0.019 0.021 0.009 0.198 0.275 0.024 0.043 0.049 0.014 0.024 0.036 0.006 0.021 0.134
152 N 0.042 0.044 0.327 0.082 0.009 0.033 0.049 0.064 0.031 0.022 0.031 0.053 0.011 0.018 0.02 0.069 0.049 0.004 0.015 0.027
153 W 0.03 0.022 0.015 0.015 0.007 0.015 0.022 0.03 0.015 0.03 0.052 0.022 0.015 0.06 0.007 0.022 0.022 0.5 0.067 0.03
154 L 0.045 0.021 0.014 0.016 0.016 0.015 0.019 0.021 0.009 0.198 0.275 0.024 0.043 0.049 0.014 0.024 0.036 0.006 0.021 0.134
155 L 0.065 0.05 0.032 0.031 0.014 0.032 0.042 0.039 0.016 0.067 0.166 0.101 0.063 0.034 0.022 0.086 0.048 0.006 0.02 0.065
156 D 0.058 0.036 0.129 0.236 0.01 0.031 0.07 0.055 0.022 0.024 0.032 0.049 0.011 0.017 0.023 0.101 0.05 0.004 0.014 0.029
157 P 0.056 0.025 0.023 0.031 0.01 0.02 0.036 0.036 0.013 0.025 0.036 0.041 0.01 0.013 0.501 0.043 0.036 0.003 0.013 0.031
158 R 0.044 0.355 0.038 0.031 0.008 0.048 0.052 0.032 0.023 0.023 0.046 0.118 0.015 0.017 0.019 0.044 0.034 0.006 0.017 0.031
159 E 0.063 0.042 0.041 0.063 0.012 0.045 0.173 0.039 0.02 0.037 0.05 0.06 0.016 0.02 0.026 0.073 0.147 0.006 0.017 0.05
160 G 0.077 0.023 0.039 0.033 0.011 0.019 0.025 0.517 0.013 0.019 0.028 0.033 0.009 0.016 0.019 0.051 0.029 0.005 0.011 0.024
161 Y 0.04 0.028 0.021 0.018 0.009 0.021 0.028 0.025 0.046 0.043 0.067 0.031 0.018 0.129 0.015 0.031 0.028 0.028 0.328 0.046
162 Q 0.055 0.072 0.043 0.046 0.009 0.226 0.101 0.041 0.029 0.026 0.046 0.09 0.02 0.014 0.023 0.055 0.041 0.006 0.02 0.035
163 F 0.038 0.022 0.017 0.017 0.012 0.015 0.021 0.024 0.022 0.07 0.169 0.023 0.029 0.244 0.013 0.026 0.028 0.017 0.131 0.062
164 H 0.041 0.036 0.037 0.028 0.008 0.03 0.04 0.031 0.205 0.033 0.053 0.038 0.017 0.079 0.017 0.036 0.027 0.018 0.192 0.034
165 R 0.044 0.355 0.038 0.031 0.008 0.048 0.052 0.032 0.023 0.023 0.046 0.118 0.015 0.017 0.019 0.044 0.034 0.006 0.017 0.031
166 V 0.053 0.106 0.022 0.021 0.015 0.026 0.03 0.026 0.014 0.141 0.133 0.051 0.064 0.036 0.016 0.034 0.04 0.006 0.02 0.144
167 G 0.077 0.023 0.039 0.033 0.011 0.019 0.025 0.517 0.013 0.019 0.028 0.033 0.009 0.016 0.019 0.051 0.029 0.005 0.011 0.024
168 A 0.236 0.034 0.101 0.042 0.018 0.027 0.042 0.074 0.019 0.037 0.052 0.046 0.016 0.02 0.027 0.08 0.049 0.005 0.017 0.057
169 G 0.077 0.023 0.039 0.033 0.011 0.019 0.025 0.517 0.013 0.019 0.028 0.033 0.009 0.016 0.019 0.051 0.029 0.005 0.011 0.024
170 G 0.057 0.047 0.044 0.052 0.009 0.087 0.122 0.158 0.108 0.022 0.037 0.061 0.014 0.019 0.022 0.05 0.033 0.006 0.026 0.028
171 Y 0.036 0.024 0.019 0.017 0.009 0.017 0.024 0.026 0.031 0.045 0.075 0.026 0.019 0.178 0.012 0.027 0.026 0.143 0.203 0.044
172 Y 0.037 0.026 0.02 0.018 0.009 0.02 0.026 0.026 0.038 0.04 0.064 0.029 0.018 0.112 0.013 0.029 0.026 0.146 0.263 0.042
173 A 0.243 0.028 0.023 0.026 0.021 0.023 0.036 0.064 0.013 0.072 0.076 0.039 0.021 0.025 0.026 0.071 0.049 0.005 0.018 0.121
174 L 0.039 0.021 0.015 0.016 0.013 0.013 0.019 0.023 0.013 0.088 0.249 0.022 0.037 0.225 0.012 0.024 0.029 0.012 0.055 0.074
175 A 0.253 0.033 0.032 0.034 0.02 0.027 0.043 0.074 0.016 0.039 0.054 0.046 0.017 0.021 0.029 0.121 0.057 0.005 0.017 0.061
176 L 0.048 0.041 0.021 0.023 0.014 0.024 0.031 0.026 0.012 0.176 0.19 0.09 0.034 0.039 0.018 0.031 0.038 0.006 0.02 0.119
177 L 0.066 0.027 0.024 0.024 0.017 0.02 0.029 0.033 0.012 0.105 0.235 0.032 0.036 0.041 0.018 0.078 0.049 0.006 0.02 0.128
178 F 0.038 0.022 0.017 0.017 0.012 0.015 0.021 0.026 0.016 0.072 0.133 0.023 0.062 0.309 0.012 0.028 0.029 0.014 0.072 0.063
179 L 0.038 0.022 0.015 0.015 0.012 0.014 0.02 0.024 0.013 0.08 0.234 0.023 0.034 0.141 0.011 0.024 0.028 0.133 0.05 0.068
180 S 0.108 0.04 0.053 0.048 0.017 0.033 0.052 0.065 0.019 0.029 0.041 0.053 0.015 0.021 0.029 0.231 0.081 0.005 0.017 0.041
181 V 0.07 0.028 0.03 0.027 0.018 0.022 0.031 0.034 0.011 0.107 0.096 0.035 0.025 0.029 0.022 0.062 0.153 0.006 0.019 0.175
182 S 0.09 0.034 0.044 0.04 0.016 0.027 0.043 0.055 0.018 0.038 0.059 0.045 0.018 0.114 0.025 0.18 0.067 0.008 0.035 0.045
183 F 0.042 0.019 0.017 0.017 0.013 0.012 0.02 0.025 0.015 0.087 0.116 0.02 0.027 0.306 0.012 0.027 0.031 0.014 0.071 0.111
184 G 0.073 0.029 0.038 0.034 0.014 0.022 0.034 0.163 0.016 0.041 0.061 0.037 0.017 0.114 0.021 0.1 0.098 0.008 0.033 0.047
185 I 0.046 0.017 0.014 0.017 0.016 0.013 0.017 0.02 0.009 0.282 0.165 0.023 0.036 0.044 0.014 0.025 0.039 0.006 0.02 0.174
186 L 0.041 0.022 0.017 0.017 0.013 0.015 0.021 0.023 0.02 0.125 0.183 0.024 0.032 0.156 0.014 0.026 0.031 0.014 0.114 0.092
187 L 0.105 0.024 0.017 0.019 0.016 0.017 0.025 0.036 0.013 0.083 0.235 0.028 0.035 0.131 0.017 0.039 0.035 0.009 0.037 0.078
188 L 0.041 0.026 0.093 0.033 0.013 0.018 0.026 0.033 0.017 0.12 0.173 0.03 0.03 0.128 0.015 0.036 0.036 0.008 0.036 0.087
189 F 0.059 0.04 0.034 0.032 0.011 0.073 0.05 0.039 0.028 0.04 0.067 0.048 0.02 0.14 0.02 0.086 0.043 0.014 0.113 0.044
190 V 0.073 0.027 0.025 0.025 0.018 0.02 0.029 0.034 0.011 0.117 0.171 0.032 0.032 0.036 0.019 0.08 0.053 0.006 0.02 0.174
191 R 0.05 0.23 0.04 0.036 0.008 0.05 0.061 0.037 0.022 0.025 0.044 0.204 0.015 0.016 0.023 0.048 0.037 0.005 0.017 0.031
192 G 0.058 0.069 0.112 0.049 0.009 0.039 0.053 0.167 0.021 0.024 0.036 0.166 0.013 0.016 0.023 0.056 0.039 0.005 0.015 0.029
193 N 0.043 0.039 0.249 0.065 0.011 0.029 0.041 0.053 0.026 0.045 0.119 0.046 0.02 0.027 0.018 0.057 0.045 0.005 0.017 0.044
194 L 0.053 0.077 0.028 0.026 0.014 0.027 0.034 0.03 0.013 0.118 0.165 0.074 0.03 0.034 0.02 0.047 0.092 0.006 0.019 0.093
195 R 0.062 0.128 0.115 0.052 0.011 0.085 0.063 0.051 0.025 0.025 0.041 0.079 0.016 0.017 0.023 0.1 0.051 0.005 0.018 0.033
196 L 0.109 0.024 0.017 0.019 0.017 0.018 0.024 0.035 0.011 0.138 0.248 0.029 0.038 0.043 0.018 0.039 0.039 0.006 0.02 0.108
197 L 0.049 0.021 0.017 0.017 0.133 0.016 0.02 0.024 0.018 0.121 0.17 0.025 0.03 0.062 0.015 0.03 0.034 0.011 0.096 0.093
198 L 0.046 0.024 0.016 0.017 0.016 0.018 0.021 0.022 0.011 0.152 0.282 0.027 0.077 0.05 0.015 0.027 0.036 0.007 0.022 0.114
199 L 0.057 0.027 0.024 0.024 0.015 0.019 0.028 0.033 0.014 0.08 0.231 0.03 0.035 0.131 0.017 0.076 0.043 0.009 0.037 0.071
200 F 0.055 0.025 0.025 0.024 0.014 0.017 0.027 0.034 0.016 0.067 0.163 0.029 0.029 0.217 0.016 0.076 0.041 0.011 0.054 0.061
201 V 0.057 0.021 0.015 0.017 0.017 0.015 0.021 0.022 0.009 0.18 0.202 0.025 0.037 0.042 0.015 0.028 0.042 0.006 0.021 0.207
202 I 0.054 0.02 0.017 0.021 0.015 0.016 0.023 0.025 0.01 0.188 0.124 0.028 0.028 0.034 0.137 0.031 0.041 0.005 0.018 0.165
203 Y 0.05 0.025 0.024 0.021 0.011 0.019 0.025 0.147 0.029 0.055 0.137 0.03 0.024 0.082 0.016 0.034 0.029 0.017 0.172 0.053
204 L 0.042 0.021 0.015 0.016 0.015 0.014 0.019 0.022 0.011 0.143 0.262 0.023 0.04 0.137 0.013 0.024 0.033 0.009 0.038 0.104
205 L 0.043 0.024 0.019 0.02 0.011 0.017 0.025 0.027 0.021 0.061 0.15 0.029 0.026 0.148 0.135 0.031 0.03 0.013 0.113 0.056
206 F 0.063 0.027 0.027 0.025 0.014 0.02 0.03 0.035 0.022 0.074 0.087 0.032 0.023 0.145 0.018 0.08 0.046 0.014 0.113 0.105
207 A 0.193 0.029 0.03 0.031 0.138 0.024 0.037 0.063 0.014 0.04 0.056 0.04 0.017 0.021 0.026 0.11 0.054 0.005 0.016 0.058
208 Y 0.037 0.026 0.02 0.018 0.009 0.02 0.026 0.026 0.038 0.04 0.064 0.029 0.018 0.112 0.013 0.029 0.026 0.146 0.263 0.042
209 F 0.041 0.033 0.023 0.024 0.011 0.066 0.04 0.028 0.018 0.066 0.164 0.038 0.03 0.215 0.015 0.032 0.031 0.012 0.054 0.059
210 L 0.039 0.021 0.015 0.016 0.013 0.013 0.019 0.023 0.013 0.088 0.249 0.022 0.037 0.225 0.012 0.024 0.029 0.012 0.055 0.074
211 G 0.077 0.023 0.039 0.033 0.011 0.019 0.025 0.517 0.013 0.019 0.028 0.033 0.009 0.016 0.019 0.051 0.029 0.005 0.011 0.024
212 S 0.108 0.04 0.053 0.048 0.017 0.033 0.052 0.065 0.019 0.029 0.041 0.053 0.015 0.021 0.029 0.231 0.081 0.005 0.017 0.041
213 K 0.056 0.106 0.041 0.041 0.008 0.053 0.07 0.043 0.02 0.027 0.043 0.289 0.015 0.015 0.027 0.053 0.039 0.005 0.017 0.032
214 G 0.063 0.035 0.042 0.048 0.009 0.035 0.102 0.277 0.104 0.02 0.032 0.046 0.012 0.02 0.02 0.049 0.03 0.006 0.024 0.025
215 I 0.045 0.02 0.016 0.018 0.014 0.015 0.02 0.021 0.018 0.222 0.141 0.025 0.032 0.065 0.015 0.026 0.036 0.011 0.097 0.142
216 L 0.054 0.027 0.017 0.018 0.017 0.022 0.025 0.025 0.012 0.118 0.225 0.03 0.107 0.046 0.015 0.032 0.04 0.007 0.022 0.139
217 L 0.044 0.024 0.014 0.015 0.016 0.016 0.02 0.021 0.01 0.114 0.385 0.025 0.049 0.054 0.014 0.024 0.033 0.007 0.022 0.095
218 E 0.051 0.054 0.113 0.077 0.008 0.097 0.191 0.043 0.028 0.023 0.037 0.073 0.014 0.016 0.023 0.058 0.04 0.005 0.017 0.031
219 F 0.103 0.021 0.018 0.02 0.015 0.015 0.024 0.037 0.014 0.112 0.112 0.026 0.026 0.214 0.016 0.04 0.035 0.011 0.053 0.088
220 L 0.065 0.026 0.024 0.024 0.135 0.019 0.027 0.035 0.012 0.075 0.219 0.031 0.032 0.037 0.018 0.08 0.046 0.006 0.018 0.072
221 I 0.052 0.018 0.015 0.017 0.017 0.014 0.019 0.021 0.009 0.252 0.156 0.024 0.035 0.041 0.015 0.027 0.042 0.006 0.02 0.2
222 Y 0.044 0.022 0.019 0.017 0.13 0.016 0.022 0.027 0.029 0.048 0.078 0.025 0.019 0.168 0.014 0.032 0.029 0.019 0.189 0.051
223 F 0.046 0.024 0.023 0.021 0.014 0.016 0.024 0.028 0.014 0.073 0.168 0.027 0.03 0.217 0.016 0.041 0.085 0.012 0.054 0.068
224 L 0.106 0.023 0.018 0.02 0.016 0.016 0.024 0.036 0.012 0.125 0.18 0.028 0.032 0.129 0.017 0.039 0.037 0.009 0.037 0.098
225 I 0.063 0.023 0.023 0.024 0.017 0.018 0.026 0.03 0.01 0.192 0.128 0.03 0.03 0.036 0.018 0.061 0.074 0.006 0.02 0.171
226 V 0.058 0.02 0.015 0.017 0.017 0.015 0.02 0.022 0.008 0.222 0.147 0.024 0.034 0.039 0.015 0.029 0.044 0.006 0.02 0.227
227 L 0.05 0.023 0.015 0.016 0.017 0.016 0.021 0.022 0.009 0.126 0.321 0.025 0.044 0.049 0.015 0.026 0.037 0.007 0.022 0.141
228 W 0.03 0.022 0.015 0.015 0.007 0.015 0.022 0.03 0.015 0.03 0.052 0.022 0.015 0.06 0.007 0.022 0.022 0.5 0.067 0.03
229 F 0.039 0.02 0.015 0.016 0.013 0.012 0.019 0.023 0.013 0.13 0.194 0.021 0.034 0.222 0.012 0.025 0.031 0.012 0.054 0.094
230 R 0.047 0.292 0.039 0.033 0.008 0.049 0.056 0.035 0.022 0.024 0.045 0.161 0.015 0.017 0.021 0.046 0.036 0.006 0.017 0.031
231 R 0.043 0.199 0.183 0.056 0.008 0.04 0.05 0.048 0.027 0.023 0.038 0.086 0.013 0.017 0.02 0.056 0.042 0.005 0.016 0.029
232 F 0.042 0.019 0.017 0.017 0.013 0.012 0.02 0.025 0.015 0.087 0.116 0.02 0.027 0.306 0.012 0.027 0.031 0.014 0.071 0.111
233 K 0.049 0.149 0.047 0.13 0.008 0.046 0.07 0.041 0.021 0.025 0.04 0.185 0.014 0.016 0.024 0.05 0.037 0.005 0.016 0.03
234 N 0.042 0.04 0.251 0.066 0.009 0.03 0.043 0.054 0.035 0.027 0.04 0.048 0.013 0.046 0.019 0.059 0.043 0.01 0.094 0.031
235 L 0.105 0.024 0.017 0.019 0.016 0.017 0.025 0.036 0.013 0.083 0.235 0.028 0.035 0.131 0.017 0.039 0.035 0.009 0.037 0.078
236 K 0.058 0.147 0.04 0.036 0.009 0.043 0.054 0.159 0.019 0.024 0.04 0.182 0.014 0.016 0.023 0.05 0.035 0.005 0.015 0.03
237 K 0.054 0.083 0.034 0.035 0.01 0.043 0.057 0.037 0.017 0.091 0.073 0.222 0.021 0.022 0.024 0.046 0.039 0.005 0.018 0.068
238 I 0.043 0.018 0.015 0.017 0.015 0.012 0.018 0.021 0.011 0.227 0.152 0.022 0.033 0.132 0.013 0.025 0.036 0.009 0.037 0.144
239 I 0.048 0.017 0.015 0.017 0.133 0.012 0.017 0.024 0.01 0.168 0.127 0.021 0.028 0.126 0.014 0.029 0.035 0.008 0.035 0.115
240 L 0.052 0.024 0.02 0.02 0.015 0.017 0.021 0.145 0.011 0.09 0.296 0.027 0.039 0.044 0.015 0.031 0.032 0.007 0.019 0.077
241 L 0.043 0.023 0.016 0.016 0.014 0.017 0.021 0.022 0.019 0.138 0.251 0.026 0.038 0.07 0.014 0.026 0.033 0.012 0.098 0.102
242 L 0.115 0.028 0.024 0.024 0.018 0.021 0.03 0.04 0.012 0.081 0.223 0.035 0.034 0.038 0.021 0.056 0.093 0.006 0.02 0.082
243 V 0.122 0.026 0.025 0.025 0.018 0.02 0.03 0.041 0.011 0.135 0.104 0.034 0.026 0.031 0.022 0.058 0.099 0.006 0.019 0.148
244 P 0.117 0.027 0.024 0.03 0.013 0.022 0.037 0.046 0.013 0.03 0.041 0.041 0.012 0.015 0.383 0.053 0.039 0.003 0.014 0.04
245 L 0.054 0.022 0.017 0.02 0.015 0.016 0.024 0.025 0.01 0.146 0.179 0.029 0.032 0.036 0.136 0.031 0.039 0.005 0.019 0.145
246 A 0.132 0.031 0.034 0.033 0.018 0.025 0.037 0.051 0.014 0.102 0.082 0.041 0.022 0.027 0.025 0.108 0.107 0.006 0.018 0.088
247 F 0.037 0.018 0.016 0.017 0.012 0.011 0.018 0.024 0.015 0.117 0.126 0.02 0.028 0.308 0.011 0.025 0.029 0.014 0.071 0.084
248 L 0.051 0.022 0.015 0.016 0.017 0.015 0.02 0.022 0.009 0.168 0.266 0.025 0.041 0.047 0.015 0.026 0.038 0.006 0.021 0.161
249 L 0.112 0.024 0.019 0.023 0.016 0.019 0.028 0.039 0.011 0.116 0.161 0.033 0.028 0.033 0.14 0.044 0.039 0.005 0.018 0.092
250 L 0.051 0.032 0.02 0.02 0.016 0.028 0.028 0.028 0.016 0.099 0.194 0.036 0.173 0.047 0.016 0.036 0.04 0.008 0.024 0.091
251 L 0.044 0.022 0.014 0.016 0.016 0.015 0.019 0.021 0.01 0.156 0.33 0.025 0.046 0.051 0.014 0.024 0.034 0.007 0.022 0.115
252 L 0.06 0.027 0.026 0.025 0.015 0.021 0.029 0.033 0.021 0.117 0.165 0.033 0.03 0.062 0.018 0.078 0.045 0.011 0.097 0.089
253 N 0.043 0.039 0.249 0.065 0.011 0.029 0.041 0.053 0.026 0.045 0.119 0.046 0.02 0.027 0.018 0.057 0.045 0.005 0.017 0.044
254 L 0.039 0.021 0.015 0.016 0.013 0.013 0.019 0.023 0.013 0.088 0.249 0.022 0.037 0.225 0.012 0.024 0.029 0.012 0.055 0.074
255 F 0.034 0.019 0.017 0.017 0.011 0.011 0.019 0.025 0.017 0.063 0.114 0.019 0.025 0.387 0.011 0.025 0.025 0.017 0.089 0.055
256 T 0.073 0.036 0.043 0.038 0.018 0.028 0.039 0.043 0.014 0.053 0.065 0.045 0.02 0.024 0.028 0.093 0.246 0.006 0.018 0.071
257 S 0.11 0.04 0.054 0.049 0.018 0.033 0.052 0.066 0.019 0.03 0.042 0.054 0.016 0.021 0.03 0.22 0.082 0.005 0.018 0.042
258 A 0.29 0.031 0.026 0.03 0.022 0.026 0.04 0.078 0.015 0.043 0.059 0.045 0.018 0.022 0.03 0.085 0.05 0.005 0.018 0.069
259 G 0.078 0.023 0.039 0.034 0.011 0.019 0.026 0.51 0.014 0.019 0.028 0.034 0.009 0.016 0.019 0.051 0.03 0.005 0.011 0.024
260 Y 0.04 0.028 0.022 0.019 0.009 0.022 0.028 0.025 0.047 0.044 0.068 0.031 0.019 0.131 0.016 0.031 0.028 0.028 0.318 0.047
261 N 0.043 0.045 0.317 0.083 0.009 0.034 0.049 0.065 0.032 0.022 0.032 0.054 0.011 0.018 0.02 0.07 0.049 0.004 0.016 0.027
262 S 0.11 0.04 0.054 0.049 0.018 0.033 0.052 0.066 0.019 0.03 0.042 0.054 0.016 0.021 0.03 0.22 0.082 0.005 0.018 0.042
263 G 0.068 0.028 0.111 0.045 0.01 0.022 0.031 0.404 0.018 0.02 0.029 0.038 0.01 0.016 0.019 0.055 0.034 0.005 0.012 0.025
264 P 0.07 0.114 0.039 0.037 0.013 0.032 0.044 0.044 0.017 0.033 0.047 0.064 0.015 0.018 0.144 0.102 0.102 0.005 0.016 0.043
265 F 0.066 0.031 0.033 0.03 0.015 0.025 0.034 0.04 0.016 0.061 0.103 0.038 0.058 0.122 0.021 0.096 0.101 0.009 0.037 0.064
266 D 0.041 0.037 0.129 0.233 0.008 0.032 0.07 0.048 0.108 0.022 0.031 0.047 0.011 0.019 0.021 0.053 0.036 0.005 0.023 0.024
267 L 0.044 0.022 0.016 0.017 0.014 0.016 0.021 0.022 0.018 0.18 0.196 0.026 0.035 0.067 0.015 0.026 0.035 0.012 0.098 0.122
268 E 0.068 0.061 0.043 0.067 0.01 0.053 0.184 0.044 0.023 0.025 0.039 0.123 0.014 0.017 0.027 0.098 0.048 0.005 0.017 0.034
269 E 0.074 0.04 0.043 0.065 0.011 0.045 0.173 0.163 0.021 0.023 0.035 0.059 0.013 0.017 0.025 0.098 0.046 0.005 0.015 0.032
270 I 0.046 0.019 0.014 0.017 0.016 0.014 0.018 0.02 0.009 0.24 0.22 0.024 0.039 0.046 0.014 0.024 0.038 0.006 0.021 0.154
271 L 0.115 0.023 0.017 0.02 0.018 0.018 0.025 0.036 0.01 0.15 0.184 0.029 0.033 0.038 0.018 0.041 0.042 0.006 0.02 0.154
272 G 0.139 0.032 0.04 0.037 0.017 0.026 0.039 0.176 0.015 0.036 0.048 0.044 0.015 0.02 0.026 0.114 0.104 0.005 0.016 0.051
273 Y 0.04 0.028 0.021 0.018 0.009 0.021 0.028 0.025 0.046 0.043 0.067 0.031 0.018 0.129 0.015 0.031 0.028 0.028 0.328 0.046
274 F 0.033 0.019 0.017 0.017 0.01 0.01 0.019 0.025 0.017 0.062 0.113 0.019 0.025 0.396 0.01 0.025 0.025 0.017 0.087 0.054
275 D 0.04 0.029 0.068 0.406 0.007 0.029 0.09 0.046 0.018 0.022 0.028 0.044 0.009 0.015 0.022 0.051 0.035 0.004 0.011 0.024
276 Y 0.04 0.028 0.021 0.018 0.009 0.021 0.028 0.025 0.046 0.043 0.067 0.031 0.018 0.129 0.015 0.031 0.028 0.028 0.328 0.046
277 Y 0.04 0.028 0.021 0.018 0.009 0.021 0.028 0.025 0.046 0.043 0.067 0.031 0.018 0.129 0.015 0.031 0.028 0.028 0.328 0.046
278 V 0.059 0.035 0.022 0.024 0.016 0.069 0.042 0.028 0.014 0.116 0.172 0.042 0.033 0.035 0.017 0.036 0.043 0.006 0.021 0.172
279 N 0.049 0.039 0.249 0.066 0.011 0.029 0.042 0.054 0.025 0.057 0.055 0.046 0.016 0.022 0.019 0.06 0.049 0.005 0.017 0.09
280 S 0.099 0.038 0.051 0.045 0.017 0.031 0.048 0.06 0.018 0.035 0.047 0.051 0.016 0.021 0.029 0.196 0.125 0.005 0.017 0.048
281 A 0.253 0.033 0.032 0.034 0.02 0.027 0.043 0.074 0.016 0.039 0.054 0.046 0.017 0.021 0.029 0.121 0.057 0.005 0.017 0.061
282 L 0.051 0.032 0.02 0.02 0.016 0.028 0.028 0.028 0.016 0.099 0.194 0.036 0.173 0.047 0.016 0.036 0.04 0.008 0.024 0.091
283 Y 0.04 0.028 0.021 0.018 0.009 0.021 0.028 0.025 0.046 0.043 0.067 0.031 0.018 0.129 0.015 0.031 0.028 0.028 0.328 0.046
284 Y 0.04 0.028 0.021 0.018 0.009 0.021 0.028 0.025 0.046 0.043 0.067 0.031 0.018 0.129 0.015 0.031 0.028 0.028 0.328 0.046
285 K 0.055 0.083 0.041 0.054 0.008 0.099 0.137 0.04 0.024 0.026 0.042 0.185 0.016 0.015 0.026 0.054 0.039 0.005 0.018 0.033
286 A 0.177 0.04 0.033 0.059 0.014 0.044 0.173 0.056 0.02 0.032 0.047 0.059 0.015 0.019 0.027 0.069 0.043 0.005 0.017 0.049
287 Y 0.04 0.028 0.021 0.018 0.009 0.021 0.028 0.025 0.046 0.043 0.067 0.031 0.018 0.129 0.015 0.031 0.028 0.028 0.328 0.046
288 F 0.04 0.029 0.026 0.022 0.011 0.021 0.03 0.027 0.109 0.06 0.151 0.03 0.027 0.152 0.015 0.03 0.028 0.015 0.123 0.054
289 A 0.127 0.055 0.112 0.05 0.014 0.036 0.052 0.062 0.021 0.03 0.043 0.11 0.015 0.019 0.026 0.109 0.054 0.005 0.017 0.042
290 G 0.068 0.028 0.111 0.045 0.01 0.022 0.031 0.404 0.018 0.02 0.029 0.038 0.01 0.016 0.019 0.055 0.034 0.005 0.012 0.025
291 G 0.066 0.036 0.039 0.061 0.009 0.041 0.166 0.276 0.019 0.02 0.032 0.054 0.011 0.016 0.022 0.052 0.033 0.005 0.013 0.027
292 I 0.046 0.019 0.014 0.017 0.016 0.014 0.018 0.02 0.009 0.24 0.22 0.024 0.039 0.046 0.014 0.024 0.038 0.006 0.021 0.154
293 D 0.044 0.03 0.089 0.272 0.008 0.028 0.071 0.046 0.019 0.023 0.03 0.044 0.01 0.015 0.142 0.052 0.037 0.003 0.012 0.026
294 L 0.044 0.024 0.014 0.015 0.016 0.016 0.02 0.021 0.01 0.114 0.385 0.025 0.049 0.054 0.014 0.024 0.033 0.007 0.022 0.095
295 F 0.035 0.021 0.018 0.017 0.01 0.013 0.021 0.025 0.024 0.058 0.101 0.022 0.023 0.329 0.012 0.026 0.026 0.019 0.148 0.052
296 Y 0.04 0.028 0.021 0.018 0.009 0.021 0.028 0.025 0.046 0.043 0.067 0.031 0.018 0.129 0.015 0.031 0.028 0.028 0.328 0.046
297 G 0.077 0.023 0.039 0.033 0.011 0.019 0.025 0.517 0.013 0.019 0.028 0.033 0.009 0.016 0.019 0.051 0.029 0.005 0.011 0.024
298 K 0.052 0.082 0.113 0.053 0.009 0.091 0.072 0.047 0.025 0.026 0.041 0.18 0.015 0.016 0.024 0.057 0.042 0.005 0.017 0.032
299 L 0.051 0.02 0.015 0.017 0.017 0.015 0.019 0.021 0.009 0.21 0.211 0.024 0.038 0.044 0.015 0.026 0.04 0.006 0.021 0.181
300 F 0.045 0.023 0.023 0.021 0.009 0.016 0.023 0.149 0.023 0.038 0.065 0.026 0.017 0.15 0.013 0.032 0.026 0.137 0.123 0.038
301 L 0.047 0.022 0.015 0.016 0.015 0.015 0.02 0.023 0.011 0.113 0.253 0.024 0.038 0.135 0.014 0.026 0.035 0.009 0.038 0.131
302 T 0.081 0.036 0.045 0.04 0.017 0.029 0.042 0.048 0.015 0.047 0.058 0.047 0.018 0.023 0.028 0.126 0.213 0.006 0.017 0.063
303 D 0.044 0.034 0.061 0.327 0.007 0.038 0.144 0.043 0.02 0.022 0.03 0.052 0.01 0.015 0.023 0.052 0.035 0.004 0.012 0.026
304 F 0.035 0.021 0.018 0.017 0.01 0.013 0.021 0.025 0.024 0.058 0.101 0.022 0.023 0.329 0.012 0.026 0.026 0.019 0.148 0.052
305 W 0.032 0.024 0.017 0.016 0.008 0.017 0.024 0.029 0.023 0.033 0.056 0.024 0.016 0.077 0.009 0.024 0.024 0.382 0.132 0.034
306 A 0.123 0.04 0.115 0.049 0.014 0.032 0.048 0.061 0.107 0.029 0.042 0.049 0.015 0.022 0.024 0.106 0.051 0.006 0.027 0.04
307 L 0.043 0.025 0.016 0.016 0.014 0.017 0.022 0.022 0.019 0.096 0.305 0.026 0.041 0.073 0.014 0.026 0.032 0.012 0.098 0.083
308 V 0.063 0.021 0.016 0.018 0.018 0.015 0.022 0.023 0.008 0.192 0.138 0.025 0.032 0.037 0.016 0.03 0.046 0.006 0.02 0.253
309 P 0.056 0.025 0.023 0.031 0.01 0.02 0.036 0.036 0.013 0.025 0.036 0.041 0.01 0.013 0.501 0.043 0.036 0.003 0.013 0.031
310 R 0.044 0.355 0.038 0.031 0.008 0.048 0.052 0.032 0.023 0.023 0.046 0.118 0.015 0.017 0.019 0.044 0.034 0.006 0.017 0.031
311 G 0.13 0.028 0.033 0.032 0.015 0.022 0.034 0.171 0.016 0.038 0.06 0.037 0.017 0.113 0.022 0.098 0.046 0.008 0.033 0.047
312 L 0.041 0.023 0.015 0.015 0.015 0.015 0.02 0.022 0.012 0.101 0.317 0.023 0.043 0.139 0.013 0.024 0.031 0.009 0.038 0.085
313 Y 0.038 0.025 0.02 0.018 0.009 0.019 0.025 0.025 0.039 0.048 0.079 0.028 0.02 0.196 0.014 0.029 0.027 0.025 0.268 0.048
314 P 0.069 0.029 0.031 0.035 0.012 0.023 0.04 0.043 0.014 0.026 0.037 0.044 0.011 0.015 0.383 0.09 0.047 0.003 0.014 0.033
315 D 0.041 0.033 0.133 0.325 0.008 0.03 0.08 0.05 0.022 0.022 0.028 0.046 0.01 0.015 0.022 0.056 0.038 0.004 0.012 0.025
316 K 0.056 0.106 0.041 0.041 0.008 0.053 0.07 0.043 0.02 0.027 0.043 0.289 0.015 0.015 0.027 0.053 0.039 0.005 0.017 0.032
317 P 0.056 0.025 0.023 0.031 0.01 0.02 0.036 0.036 0.013 0.025 0.036 0.041 0.01 0.013 0.501 0.043 0.036 0.003 0.013 0.031
318 Y 0.04 0.028 0.021 0.018 0.009 0.021 0.028 0.025 0.046 0.043 0.067 0.031 0.018 0.129 0.015 0.031 0.028 0.028 0.328 0.046
319 V 0.063 0.021 0.016 0.018 0.018 0.015 0.022 0.023 0.008 0.192 0.138 0.025 0.032 0.037 0.016 0.03 0.046 0.006 0.02 0.253
320 Y 0.04 0.028 0.021 0.018 0.009 0.021 0.028 0.025 0.046 0.043 0.067 0.031 0.018 0.129 0.015 0.031 0.028 0.028 0.328 0.046
