#Seq2Logo.py -f /work3/idamei/ssn-clusterings/clustering/2205181304/clusters/0006_91/sequences.afa -o /work3/idamei/ssn-clusterings/clustering/2205181304/clusters/0006_91/sequences.logo
#Position Specific Frequency Matrix
A R N D C Q E G H I L K M F P S T W Y V
0 L 0.051 0.031 0.02 0.02 0.016 0.028 0.028 0.028 0.016 0.098 0.193 0.035 0.177 0.047 0.016 0.035 0.039 0.008 0.024 0.091
1 L 0.042 0.021 0.015 0.016 0.015 0.014 0.019 0.022 0.011 0.137 0.288 0.023 0.041 0.121 0.013 0.024 0.032 0.009 0.035 0.102
2 A 0.116 0.031 0.031 0.03 0.017 0.025 0.035 0.046 0.014 0.101 0.104 0.04 0.053 0.031 0.023 0.094 0.094 0.006 0.019 0.088
3 Y 0.04 0.027 0.021 0.018 0.009 0.021 0.027 0.024 0.046 0.043 0.067 0.031 0.018 0.128 0.015 0.031 0.027 0.027 0.331 0.046
4 W 0.031 0.021 0.016 0.016 0.009 0.013 0.021 0.028 0.016 0.043 0.076 0.021 0.019 0.195 0.009 0.023 0.023 0.308 0.075 0.039
5 L 0.048 0.024 0.02 0.02 0.015 0.016 0.023 0.026 0.012 0.125 0.223 0.027 0.036 0.115 0.016 0.038 0.078 0.008 0.034 0.097
6 L 0.05 0.029 0.019 0.019 0.016 0.025 0.026 0.026 0.014 0.136 0.187 0.033 0.149 0.046 0.016 0.033 0.039 0.007 0.023 0.107
7 Y 0.038 0.026 0.02 0.018 0.009 0.019 0.026 0.025 0.04 0.047 0.076 0.028 0.02 0.182 0.014 0.029 0.027 0.025 0.282 0.047
8 L 0.054 0.026 0.022 0.022 0.015 0.018 0.026 0.031 0.013 0.086 0.263 0.029 0.037 0.116 0.016 0.066 0.041 0.009 0.034 0.076
9 L 0.054 0.022 0.015 0.016 0.017 0.015 0.021 0.022 0.009 0.167 0.239 0.025 0.039 0.044 0.015 0.027 0.04 0.006 0.021 0.186
10 P 0.155 0.027 0.024 0.03 0.015 0.022 0.037 0.052 0.013 0.032 0.045 0.042 0.013 0.016 0.314 0.059 0.041 0.004 0.014 0.045
11 G 0.213 0.027 0.03 0.031 0.017 0.022 0.034 0.254 0.014 0.033 0.046 0.039 0.014 0.019 0.025 0.07 0.041 0.005 0.015 0.05
12 F 0.056 0.025 0.025 0.023 0.013 0.018 0.028 0.033 0.021 0.072 0.092 0.029 0.023 0.196 0.016 0.07 0.041 0.014 0.109 0.096
13 L 0.151 0.03 0.021 0.023 0.018 0.024 0.031 0.046 0.014 0.079 0.178 0.037 0.087 0.038 0.021 0.052 0.042 0.007 0.021 0.082
14 A 0.304 0.03 0.025 0.029 0.021 0.025 0.04 0.077 0.015 0.042 0.058 0.044 0.017 0.021 0.029 0.083 0.049 0.005 0.017 0.067
15 I 0.046 0.019 0.014 0.017 0.016 0.014 0.018 0.02 0.009 0.251 0.209 0.023 0.039 0.045 0.014 0.024 0.038 0.006 0.021 0.157
16 F 0.091 0.031 0.144 0.045 0.012 0.022 0.035 0.051 0.022 0.042 0.069 0.037 0.018 0.171 0.018 0.054 0.039 0.009 0.044 0.046
17 L 0.052 0.03 0.094 0.034 0.015 0.023 0.03 0.034 0.016 0.099 0.185 0.035 0.066 0.039 0.017 0.04 0.042 0.006 0.02 0.123
18 A 0.197 0.031 0.036 0.035 0.018 0.025 0.039 0.184 0.015 0.033 0.047 0.044 0.015 0.02 0.027 0.112 0.052 0.005 0.016 0.05
19 N 0.068 0.042 0.164 0.059 0.012 0.034 0.05 0.059 0.093 0.025 0.036 0.051 0.014 0.021 0.023 0.13 0.057 0.005 0.024 0.032
20 R 0.046 0.307 0.039 0.032 0.008 0.048 0.055 0.034 0.022 0.024 0.045 0.153 0.015 0.017 0.021 0.045 0.035 0.006 0.017 0.031
21 L 0.05 0.027 0.024 0.022 0.015 0.021 0.028 0.026 0.098 0.145 0.179 0.03 0.033 0.041 0.016 0.031 0.037 0.006 0.03 0.143
22 R 0.096 0.226 0.031 0.027 0.012 0.037 0.043 0.039 0.019 0.045 0.117 0.084 0.022 0.025 0.02 0.048 0.037 0.006 0.018 0.051
23 D 0.059 0.103 0.043 0.11 0.011 0.07 0.062 0.041 0.019 0.077 0.065 0.065 0.019 0.022 0.022 0.082 0.046 0.005 0.017 0.061
24 H 0.061 0.046 0.043 0.038 0.011 0.08 0.058 0.042 0.115 0.03 0.048 0.055 0.017 0.048 0.022 0.09 0.044 0.012 0.105 0.036
25 S 0.087 0.039 0.106 0.052 0.016 0.032 0.048 0.06 0.02 0.032 0.044 0.051 0.015 0.02 0.027 0.173 0.11 0.005 0.017 0.044
26 L 0.044 0.043 0.083 0.034 0.012 0.026 0.035 0.035 0.018 0.068 0.192 0.083 0.03 0.108 0.017 0.039 0.036 0.008 0.033 0.06
27 L 0.056 0.124 0.026 0.024 0.014 0.027 0.033 0.029 0.014 0.122 0.154 0.055 0.029 0.034 0.018 0.053 0.042 0.006 0.019 0.123
28 P 0.066 0.027 0.026 0.028 0.014 0.021 0.033 0.036 0.012 0.071 0.126 0.037 0.023 0.027 0.213 0.075 0.047 0.005 0.017 0.096
29 W 0.034 0.024 0.016 0.016 0.009 0.017 0.023 0.029 0.015 0.043 0.08 0.025 0.047 0.057 0.009 0.025 0.026 0.403 0.058 0.042
30 L 0.056 0.022 0.019 0.02 0.015 0.016 0.021 0.121 0.01 0.138 0.219 0.026 0.035 0.04 0.015 0.031 0.036 0.006 0.019 0.134
31 L 0.048 0.021 0.019 0.02 0.013 0.015 0.02 0.122 0.011 0.146 0.159 0.025 0.029 0.043 0.014 0.029 0.032 0.105 0.028 0.099
32 L 0.049 0.023 0.016 0.017 0.015 0.017 0.021 0.024 0.012 0.144 0.197 0.026 0.064 0.116 0.014 0.028 0.037 0.009 0.035 0.139
33 G 0.058 0.022 0.029 0.026 0.009 0.017 0.024 0.324 0.014 0.023 0.037 0.029 0.011 0.033 0.014 0.039 0.026 0.204 0.033 0.026
34 L 0.042 0.021 0.015 0.016 0.015 0.014 0.019 0.022 0.011 0.137 0.288 0.023 0.041 0.121 0.013 0.024 0.032 0.009 0.035 0.102
35 L 0.054 0.022 0.015 0.016 0.017 0.015 0.021 0.022 0.009 0.167 0.239 0.025 0.039 0.044 0.015 0.027 0.04 0.006 0.021 0.186
36 F 0.038 0.023 0.018 0.017 0.011 0.016 0.022 0.024 0.027 0.065 0.149 0.025 0.027 0.222 0.013 0.027 0.027 0.019 0.172 0.059
37 V 0.078 0.03 0.034 0.031 0.018 0.024 0.035 0.04 0.012 0.091 0.085 0.039 0.023 0.027 0.023 0.096 0.14 0.005 0.018 0.149
38 L 0.051 0.024 0.016 0.017 0.016 0.018 0.021 0.023 0.01 0.154 0.252 0.027 0.068 0.047 0.015 0.028 0.038 0.007 0.022 0.147
39 L 0.043 0.02 0.015 0.016 0.015 0.014 0.019 0.021 0.011 0.172 0.243 0.023 0.039 0.119 0.013 0.024 0.034 0.008 0.034 0.118
40 I 0.046 0.017 0.014 0.017 0.016 0.013 0.017 0.02 0.009 0.285 0.165 0.023 0.036 0.043 0.014 0.025 0.039 0.006 0.02 0.173
41 G 0.077 0.022 0.038 0.033 0.011 0.019 0.025 0.52 0.013 0.019 0.028 0.033 0.009 0.016 0.019 0.05 0.029 0.005 0.011 0.024
42 L 0.042 0.023 0.014 0.015 0.015 0.015 0.02 0.022 0.011 0.103 0.333 0.024 0.044 0.123 0.013 0.024 0.031 0.009 0.035 0.086
43 R 0.044 0.358 0.038 0.03 0.008 0.047 0.051 0.032 0.023 0.023 0.046 0.118 0.015 0.017 0.019 0.044 0.034 0.006 0.017 0.03
44 F 0.035 0.024 0.024 0.021 0.01 0.016 0.025 0.027 0.087 0.054 0.097 0.024 0.023 0.325 0.012 0.028 0.025 0.015 0.081 0.048
45 E 0.052 0.048 0.042 0.078 0.007 0.058 0.259 0.035 0.094 0.022 0.036 0.068 0.013 0.019 0.024 0.052 0.034 0.006 0.024 0.029
46 V 0.064 0.021 0.016 0.017 0.018 0.016 0.022 0.023 0.008 0.186 0.135 0.025 0.032 0.037 0.016 0.031 0.047 0.005 0.02 0.261
47 G 0.077 0.022 0.038 0.033 0.011 0.019 0.025 0.52 0.013 0.019 0.028 0.033 0.009 0.016 0.019 0.05 0.029 0.005 0.011 0.024
48 G 0.077 0.022 0.038 0.033 0.011 0.019 0.025 0.52 0.013 0.019 0.028 0.033 0.009 0.016 0.019 0.05 0.029 0.005 0.011 0.024
49 D 0.04 0.029 0.068 0.409 0.007 0.029 0.09 0.046 0.018 0.022 0.027 0.044 0.009 0.015 0.022 0.051 0.035 0.004 0.011 0.024
50 W 0.03 0.022 0.015 0.015 0.007 0.015 0.022 0.03 0.015 0.03 0.052 0.022 0.015 0.059 0.007 0.022 0.022 0.502 0.067 0.03
51 F 0.044 0.024 0.084 0.033 0.01 0.017 0.026 0.132 0.019 0.045 0.079 0.028 0.019 0.246 0.014 0.039 0.03 0.012 0.057 0.042
52 N 0.094 0.041 0.269 0.071 0.011 0.031 0.047 0.066 0.028 0.026 0.036 0.051 0.012 0.018 0.022 0.071 0.049 0.005 0.016 0.035
53 Y 0.04 0.027 0.021 0.018 0.009 0.021 0.027 0.024 0.046 0.043 0.067 0.031 0.018 0.128 0.015 0.031 0.027 0.027 0.331 0.046
54 L 0.043 0.023 0.016 0.016 0.015 0.016 0.021 0.021 0.017 0.133 0.279 0.026 0.04 0.066 0.014 0.025 0.033 0.011 0.083 0.1
55 R 0.052 0.178 0.041 0.034 0.008 0.041 0.05 0.133 0.089 0.023 0.04 0.121 0.014 0.019 0.02 0.046 0.033 0.006 0.024 0.028
56 H 0.041 0.104 0.043 0.032 0.008 0.036 0.047 0.034 0.234 0.027 0.045 0.057 0.016 0.047 0.018 0.04 0.028 0.011 0.103 0.029
57 Y 0.038 0.026 0.02 0.018 0.009 0.019 0.026 0.025 0.04 0.047 0.076 0.028 0.02 0.182 0.014 0.029 0.027 0.025 0.282 0.047
58 E 0.051 0.035 0.037 0.124 0.01 0.039 0.152 0.033 0.025 0.054 0.059 0.05 0.017 0.042 0.021 0.044 0.037 0.009 0.079 0.083
59 L 0.045 0.035 0.032 0.101 0.012 0.063 0.051 0.032 0.018 0.064 0.153 0.042 0.056 0.106 0.017 0.038 0.034 0.008 0.033 0.059
60 L 0.15 0.027 0.02 0.022 0.018 0.021 0.029 0.044 0.013 0.116 0.172 0.034 0.059 0.037 0.02 0.05 0.042 0.006 0.02 0.099
61 G 0.054 0.044 0.032 0.032 0.011 0.103 0.055 0.129 0.025 0.045 0.115 0.053 0.023 0.045 0.019 0.043 0.034 0.01 0.081 0.047
62 G 0.055 0.029 0.034 0.028 0.009 0.023 0.031 0.225 0.097 0.029 0.045 0.034 0.014 0.064 0.017 0.041 0.028 0.015 0.148 0.032
63 L 0.046 0.032 0.023 0.032 0.011 0.03 0.083 0.026 0.029 0.064 0.15 0.039 0.055 0.075 0.017 0.035 0.033 0.015 0.145 0.061
64 T 0.069 0.033 0.046 0.112 0.014 0.027 0.051 0.046 0.015 0.036 0.046 0.045 0.015 0.019 0.122 0.102 0.135 0.005 0.015 0.047
65 L 0.042 0.025 0.017 0.016 0.013 0.018 0.023 0.022 0.024 0.085 0.26 0.027 0.037 0.083 0.014 0.027 0.031 0.015 0.146 0.075
66 D 0.102 0.057 0.043 0.123 0.011 0.08 0.122 0.048 0.021 0.028 0.042 0.109 0.015 0.016 0.025 0.059 0.04 0.005 0.016 0.038
67 D 0.073 0.052 0.051 0.127 0.011 0.042 0.114 0.05 0.02 0.026 0.038 0.103 0.014 0.017 0.027 0.126 0.054 0.005 0.016 0.034
68 V 0.106 0.023 0.017 0.019 0.018 0.017 0.025 0.033 0.01 0.153 0.173 0.029 0.033 0.038 0.018 0.039 0.044 0.006 0.02 0.18
69 L 0.044 0.023 0.014 0.015 0.016 0.015 0.019 0.021 0.01 0.148 0.343 0.024 0.046 0.052 0.014 0.024 0.034 0.007 0.022 0.11
70 L 0.063 0.093 0.031 0.028 0.013 0.026 0.033 0.132 0.015 0.059 0.178 0.051 0.027 0.032 0.019 0.075 0.042 0.006 0.018 0.057
71 G 0.066 0.038 0.034 0.031 0.011 0.024 0.032 0.324 0.014 0.074 0.058 0.083 0.016 0.021 0.019 0.046 0.033 0.005 0.014 0.055
72 R 0.05 0.228 0.04 0.036 0.008 0.051 0.061 0.038 0.022 0.025 0.045 0.201 0.015 0.016 0.023 0.049 0.037 0.005 0.017 0.032
73 G 0.078 0.023 0.039 0.034 0.011 0.019 0.026 0.511 0.013 0.019 0.028 0.034 0.009 0.016 0.019 0.051 0.03 0.005 0.011 0.024
74 G 0.061 0.046 0.045 0.121 0.009 0.036 0.104 0.232 0.018 0.022 0.032 0.095 0.011 0.016 0.022 0.052 0.034 0.005 0.013 0.027
75 D 0.04 0.029 0.068 0.409 0.007 0.029 0.09 0.046 0.018 0.022 0.027 0.044 0.009 0.015 0.022 0.051 0.035 0.004 0.011 0.024
76 P 0.058 0.034 0.026 0.031 0.012 0.061 0.046 0.034 0.015 0.053 0.056 0.047 0.016 0.017 0.31 0.043 0.039 0.004 0.016 0.082
77 G 0.077 0.022 0.038 0.033 0.011 0.019 0.025 0.52 0.013 0.019 0.028 0.033 0.009 0.016 0.019 0.05 0.029 0.005 0.011 0.024
78 Y 0.04 0.031 0.028 0.022 0.009 0.025 0.032 0.027 0.11 0.039 0.061 0.033 0.018 0.109 0.016 0.033 0.027 0.023 0.276 0.041
79 V 0.056 0.041 0.027 0.029 0.013 0.101 0.053 0.031 0.018 0.087 0.092 0.05 0.025 0.1 0.018 0.04 0.041 0.008 0.034 0.138
80 L 0.045 0.024 0.021 0.02 0.014 0.016 0.023 0.027 0.013 0.081 0.213 0.026 0.033 0.186 0.015 0.038 0.075 0.011 0.047 0.073
81 L 0.044 0.023 0.014 0.015 0.016 0.015 0.019 0.021 0.01 0.148 0.343 0.024 0.046 0.052 0.014 0.024 0.034 0.007 0.022 0.11
82 N 0.094 0.041 0.269 0.071 0.011 0.031 0.047 0.066 0.028 0.026 0.036 0.051 0.012 0.018 0.022 0.071 0.049 0.005 0.016 0.035
83 W 0.032 0.023 0.017 0.016 0.008 0.015 0.023 0.028 0.021 0.039 0.067 0.023 0.018 0.141 0.01 0.024 0.024 0.31 0.124 0.038
84 L 0.047 0.021 0.015 0.017 0.016 0.017 0.02 0.022 0.01 0.213 0.215 0.026 0.067 0.046 0.015 0.027 0.038 0.006 0.021 0.141
85 A 0.166 0.028 0.027 0.028 0.019 0.022 0.034 0.053 0.013 0.112 0.09 0.038 0.023 0.028 0.024 0.092 0.053 0.005 0.018 0.126
86 Y 0.146 0.032 0.029 0.026 0.014 0.026 0.037 0.048 0.098 0.039 0.058 0.039 0.017 0.066 0.022 0.054 0.036 0.015 0.151 0.05
87 N 0.047 0.059 0.162 0.132 0.008 0.076 0.071 0.051 0.026 0.024 0.036 0.106 0.013 0.016 0.022 0.059 0.042 0.005 0.016 0.029
88 L 0.044 0.033 0.142 0.042 0.013 0.025 0.033 0.039 0.019 0.074 0.206 0.038 0.059 0.038 0.017 0.044 0.04 0.006 0.02 0.066
89 D 0.048 0.028 0.062 0.334 0.008 0.027 0.077 0.14 0.017 0.021 0.028 0.042 0.009 0.015 0.021 0.051 0.034 0.004 0.011 0.024
90 W 0.032 0.055 0.018 0.017 0.008 0.017 0.024 0.029 0.016 0.036 0.063 0.031 0.017 0.123 0.009 0.025 0.024 0.356 0.066 0.035
91 G 0.077 0.022 0.038 0.033 0.011 0.019 0.025 0.52 0.013 0.019 0.028 0.033 0.009 0.016 0.019 0.05 0.029 0.005 0.011 0.024
92 E 0.055 0.05 0.04 0.09 0.007 0.064 0.296 0.035 0.026 0.022 0.037 0.076 0.013 0.017 0.026 0.055 0.037 0.006 0.017 0.031
93 L 0.054 0.027 0.018 0.019 0.016 0.022 0.025 0.025 0.013 0.148 0.174 0.031 0.12 0.044 0.016 0.033 0.041 0.007 0.022 0.146
94 G 0.057 0.03 0.032 0.038 0.009 0.029 0.083 0.225 0.029 0.029 0.045 0.04 0.014 0.061 0.019 0.043 0.03 0.014 0.14 0.034
95 F 0.052 0.024 0.026 0.024 0.013 0.016 0.024 0.127 0.014 0.062 0.141 0.028 0.025 0.178 0.016 0.043 0.075 0.01 0.045 0.059
96 V 0.069 0.024 0.021 0.021 0.019 0.018 0.026 0.028 0.009 0.14 0.115 0.029 0.029 0.033 0.018 0.044 0.091 0.005 0.02 0.241
97 N 0.048 0.044 0.303 0.078 0.01 0.033 0.049 0.064 0.03 0.023 0.032 0.053 0.011 0.018 0.021 0.085 0.052 0.004 0.016 0.028
98 L 0.047 0.022 0.015 0.016 0.015 0.015 0.02 0.022 0.011 0.113 0.281 0.024 0.04 0.119 0.014 0.026 0.034 0.009 0.035 0.124
99 V 0.06 0.02 0.015 0.017 0.018 0.015 0.021 0.023 0.008 0.211 0.142 0.025 0.033 0.038 0.015 0.029 0.045 0.006 0.02 0.239
100 C 0.059 0.018 0.017 0.016 0.397 0.014 0.018 0.03 0.016 0.044 0.064 0.022 0.016 0.042 0.016 0.038 0.034 0.009 0.076 0.054
101 A 0.259 0.029 0.028 0.03 0.019 0.024 0.037 0.165 0.014 0.038 0.052 0.042 0.016 0.02 0.027 0.077 0.045 0.005 0.016 0.059
102 I 0.107 0.024 0.023 0.024 0.018 0.019 0.027 0.037 0.011 0.165 0.116 0.032 0.028 0.033 0.02 0.051 0.087 0.006 0.019 0.153
103 I 0.048 0.018 0.015 0.017 0.015 0.013 0.019 0.022 0.01 0.216 0.147 0.023 0.033 0.113 0.014 0.026 0.038 0.008 0.034 0.171
104 F 0.033 0.019 0.017 0.017 0.01 0.01 0.019 0.025 0.017 0.062 0.112 0.019 0.025 0.399 0.01 0.025 0.025 0.017 0.087 0.054
105 V 0.058 0.027 0.018 0.019 0.017 0.023 0.026 0.026 0.013 0.124 0.167 0.031 0.119 0.042 0.016 0.034 0.043 0.007 0.022 0.168
106 T 0.06 0.03 0.033 0.029 0.015 0.023 0.032 0.034 0.019 0.097 0.085 0.037 0.022 0.048 0.022 0.066 0.17 0.01 0.081 0.086
107 G 0.077 0.022 0.038 0.033 0.011 0.019 0.025 0.52 0.013 0.019 0.028 0.033 0.009 0.016 0.019 0.05 0.029 0.005 0.011 0.024
108 L 0.044 0.024 0.014 0.015 0.016 0.016 0.02 0.021 0.01 0.113 0.388 0.025 0.049 0.054 0.014 0.024 0.033 0.007 0.022 0.094
109 I 0.051 0.018 0.015 0.017 0.016 0.014 0.018 0.021 0.009 0.261 0.157 0.024 0.035 0.042 0.015 0.026 0.041 0.006 0.02 0.195
110 N 0.069 0.049 0.097 0.045 0.014 0.032 0.046 0.048 0.018 0.058 0.061 0.094 0.018 0.022 0.024 0.096 0.095 0.005 0.017 0.091
111 F 0.033 0.019 0.017 0.017 0.01 0.01 0.019 0.025 0.017 0.062 0.112 0.019 0.025 0.399 0.01 0.025 0.025 0.017 0.087 0.054
112 A 0.125 0.03 0.032 0.031 0.113 0.024 0.036 0.052 0.014 0.052 0.118 0.039 0.023 0.027 0.023 0.123 0.056 0.005 0.017 0.06
113 R 0.057 0.294 0.041 0.034 0.01 0.044 0.051 0.039 0.022 0.024 0.045 0.105 0.015 0.018 0.021 0.082 0.043 0.006 0.017 0.033
114 R 0.049 0.122 0.039 0.035 0.01 0.079 0.06 0.036 0.091 0.039 0.073 0.116 0.049 0.025 0.021 0.046 0.036 0.006 0.027 0.042
115 Q 0.055 0.067 0.043 0.055 0.008 0.197 0.143 0.039 0.028 0.025 0.044 0.086 0.019 0.015 0.023 0.055 0.04 0.006 0.019 0.034
116 P 0.056 0.028 0.036 0.107 0.011 0.023 0.047 0.039 0.014 0.03 0.04 0.042 0.012 0.015 0.312 0.054 0.08 0.003 0.013 0.037
117 N 0.146 0.035 0.146 0.048 0.014 0.028 0.041 0.061 0.027 0.034 0.049 0.045 0.015 0.041 0.023 0.067 0.044 0.009 0.079 0.047
118 P 0.105 0.026 0.023 0.03 0.012 0.021 0.036 0.044 0.013 0.029 0.04 0.041 0.012 0.014 0.409 0.051 0.038 0.003 0.014 0.038
119 W 0.03 0.022 0.015 0.015 0.007 0.015 0.022 0.03 0.015 0.03 0.052 0.022 0.015 0.059 0.007 0.022 0.022 0.502 0.067 0.03
120 L 0.051 0.024 0.016 0.017 0.016 0.018 0.021 0.023 0.01 0.154 0.252 0.027 0.068 0.047 0.015 0.028 0.038 0.007 0.022 0.147
121 G 0.166 0.025 0.029 0.028 0.016 0.021 0.03 0.243 0.013 0.057 0.06 0.036 0.017 0.022 0.022 0.06 0.041 0.005 0.015 0.093
122 L 0.044 0.023 0.016 0.017 0.015 0.017 0.021 0.023 0.012 0.134 0.249 0.025 0.067 0.119 0.014 0.026 0.034 0.009 0.035 0.101
123 A 0.211 0.032 0.032 0.032 0.02 0.026 0.039 0.063 0.014 0.046 0.06 0.044 0.018 0.022 0.028 0.086 0.134 0.005 0.017 0.068
124 V 0.069 0.021 0.016 0.017 0.019 0.016 0.023 0.024 0.008 0.161 0.128 0.026 0.031 0.035 0.016 0.032 0.048 0.005 0.02 0.283
125 A 0.304 0.03 0.025 0.029 0.021 0.025 0.04 0.077 0.015 0.042 0.058 0.044 0.017 0.021 0.029 0.083 0.049 0.005 0.017 0.067
126 V 0.064 0.021 0.016 0.017 0.018 0.016 0.022 0.023 0.008 0.186 0.135 0.025 0.032 0.037 0.016 0.031 0.047 0.005 0.02 0.261
127 P 0.056 0.025 0.023 0.03 0.01 0.02 0.035 0.035 0.013 0.025 0.035 0.04 0.01 0.013 0.503 0.043 0.035 0.003 0.013 0.03
128 Y 0.04 0.027 0.021 0.018 0.009 0.021 0.027 0.024 0.046 0.043 0.067 0.031 0.018 0.128 0.015 0.031 0.027 0.027 0.331 0.046
129 L 0.049 0.026 0.02 0.019 0.016 0.018 0.024 0.025 0.011 0.101 0.323 0.029 0.043 0.048 0.017 0.037 0.078 0.007 0.021 0.089
130 I 0.055 0.019 0.015 0.017 0.017 0.014 0.02 0.022 0.008 0.236 0.15 0.024 0.034 0.04 0.015 0.028 0.043 0.006 0.02 0.217
131 I 0.056 0.024 0.026 0.025 0.017 0.019 0.026 0.029 0.011 0.192 0.124 0.032 0.029 0.035 0.019 0.051 0.128 0.006 0.019 0.132
132 V 0.069 0.021 0.016 0.017 0.019 0.016 0.023 0.024 0.008 0.161 0.128 0.026 0.031 0.035 0.016 0.032 0.048 0.005 0.02 0.283
133 V 0.064 0.022 0.016 0.017 0.018 0.016 0.022 0.024 0.008 0.152 0.18 0.025 0.035 0.039 0.016 0.031 0.045 0.006 0.021 0.245
134 S 0.141 0.034 0.045 0.041 0.017 0.028 0.044 0.158 0.017 0.03 0.042 0.047 0.015 0.02 0.027 0.168 0.064 0.005 0.016 0.043
135 L 0.051 0.031 0.02 0.02 0.016 0.028 0.028 0.028 0.016 0.098 0.193 0.035 0.177 0.047 0.016 0.035 0.039 0.008 0.024 0.091
136 G 0.077 0.022 0.038 0.033 0.011 0.019 0.025 0.52 0.013 0.019 0.028 0.033 0.009 0.016 0.019 0.05 0.029 0.005 0.011 0.024
137 Y 0.04 0.027 0.021 0.018 0.009 0.021 0.027 0.024 0.046 0.043 0.067 0.031 0.018 0.128 0.015 0.031 0.027 0.027 0.331 0.046
138 T 0.079 0.036 0.045 0.039 0.017 0.028 0.041 0.047 0.015 0.048 0.059 0.046 0.019 0.023 0.027 0.12 0.225 0.006 0.017 0.064
139 R 0.044 0.358 0.038 0.03 0.008 0.047 0.051 0.032 0.023 0.023 0.046 0.118 0.015 0.017 0.019 0.044 0.034 0.006 0.017 0.03
140 Q 0.055 0.072 0.043 0.046 0.009 0.23 0.101 0.04 0.029 0.026 0.046 0.089 0.02 0.014 0.023 0.055 0.04 0.006 0.02 0.035
141 G 0.168 0.026 0.033 0.031 0.015 0.021 0.031 0.343 0.014 0.028 0.04 0.037 0.012 0.018 0.023 0.064 0.037 0.005 0.013 0.041
142 V 0.064 0.021 0.016 0.017 0.018 0.016 0.022 0.023 0.008 0.186 0.135 0.025 0.032 0.037 0.016 0.031 0.047 0.005 0.02 0.261
143 A 0.304 0.03 0.025 0.029 0.021 0.025 0.04 0.077 0.015 0.042 0.058 0.044 0.017 0.021 0.029 0.083 0.049 0.005 0.017 0.067
144 L 0.045 0.021 0.014 0.016 0.016 0.015 0.019 0.021 0.009 0.182 0.298 0.024 0.044 0.05 0.014 0.024 0.035 0.006 0.021 0.126
145 G 0.077 0.022 0.038 0.033 0.011 0.019 0.025 0.52 0.013 0.019 0.028 0.033 0.009 0.016 0.019 0.05 0.029 0.005 0.011 0.024
146 L 0.039 0.022 0.015 0.016 0.014 0.014 0.019 0.022 0.013 0.093 0.277 0.022 0.039 0.192 0.013 0.024 0.03 0.011 0.048 0.078
147 L 0.052 0.021 0.015 0.017 0.016 0.014 0.02 0.023 0.01 0.157 0.184 0.024 0.034 0.113 0.014 0.028 0.039 0.008 0.034 0.178
148 L 0.042 0.025 0.017 0.017 0.014 0.018 0.022 0.025 0.015 0.087 0.2 0.027 0.091 0.189 0.013 0.029 0.032 0.011 0.049 0.077
149 W 0.032 0.023 0.015 0.015 0.009 0.015 0.022 0.028 0.014 0.046 0.119 0.023 0.022 0.058 0.009 0.023 0.024 0.403 0.058 0.043
150 G 0.213 0.027 0.03 0.031 0.017 0.022 0.034 0.254 0.014 0.033 0.046 0.039 0.014 0.019 0.025 0.07 0.041 0.005 0.015 0.05
151 L 0.049 0.023 0.014 0.015 0.016 0.016 0.02 0.022 0.01 0.123 0.336 0.025 0.045 0.05 0.014 0.026 0.036 0.007 0.022 0.132
152 V 0.106 0.03 0.086 0.036 0.016 0.023 0.033 0.046 0.015 0.113 0.089 0.038 0.023 0.028 0.021 0.06 0.089 0.005 0.018 0.124
153 W 0.089 0.026 0.02 0.019 0.011 0.02 0.028 0.037 0.027 0.037 0.059 0.03 0.017 0.079 0.015 0.038 0.03 0.213 0.163 0.044
154 L 0.044 0.024 0.014 0.015 0.016 0.016 0.02 0.021 0.01 0.113 0.388 0.025 0.049 0.054 0.014 0.024 0.033 0.007 0.022 0.094
155 E 0.05 0.118 0.045 0.131 0.008 0.051 0.166 0.038 0.022 0.023 0.038 0.12 0.013 0.016 0.024 0.051 0.036 0.005 0.016 0.03
156 R 0.05 0.188 0.04 0.047 0.008 0.088 0.117 0.036 0.024 0.024 0.043 0.138 0.016 0.016 0.023 0.05 0.037 0.006 0.018 0.032
157 G 0.057 0.161 0.097 0.042 0.009 0.033 0.04 0.234 0.021 0.021 0.036 0.071 0.012 0.017 0.019 0.051 0.035 0.005 0.014 0.027
158 K 0.054 0.064 0.1 0.047 0.009 0.039 0.053 0.141 0.09 0.023 0.036 0.143 0.013 0.019 0.022 0.053 0.036 0.005 0.023 0.027
159 L 0.041 0.023 0.016 0.017 0.014 0.016 0.021 0.024 0.014 0.09 0.238 0.024 0.065 0.19 0.013 0.027 0.031 0.011 0.048 0.077
160 K 0.044 0.055 0.025 0.026 0.01 0.029 0.04 0.032 0.016 0.052 0.127 0.13 0.024 0.108 0.017 0.035 0.032 0.107 0.042 0.048
161 G 0.065 0.033 0.04 0.034 0.012 0.026 0.038 0.139 0.086 0.03 0.044 0.04 0.015 0.03 0.02 0.088 0.084 0.105 0.034 0.037
162 F 0.034 0.02 0.018 0.017 0.01 0.013 0.02 0.025 0.022 0.058 0.103 0.021 0.024 0.345 0.011 0.026 0.025 0.019 0.136 0.052
163 L 0.042 0.021 0.015 0.016 0.015 0.014 0.019 0.022 0.011 0.137 0.288 0.023 0.041 0.121 0.013 0.024 0.032 0.009 0.035 0.102
164 F 0.09 0.021 0.018 0.019 0.014 0.014 0.023 0.034 0.015 0.103 0.112 0.025 0.026 0.252 0.015 0.037 0.033 0.012 0.06 0.08
165 F 0.037 0.021 0.017 0.017 0.011 0.014 0.021 0.024 0.021 0.068 0.158 0.022 0.028 0.276 0.012 0.026 0.027 0.017 0.123 0.06
166 V 0.06 0.02 0.015 0.017 0.018 0.015 0.021 0.023 0.008 0.211 0.142 0.025 0.033 0.038 0.015 0.029 0.045 0.006 0.02 0.239
167 L 0.054 0.021 0.02 0.02 0.014 0.015 0.021 0.122 0.011 0.128 0.164 0.025 0.03 0.109 0.015 0.031 0.035 0.008 0.032 0.126
168 L 0.047 0.021 0.015 0.016 0.015 0.014 0.02 0.022 0.011 0.147 0.236 0.023 0.038 0.117 0.014 0.026 0.036 0.008 0.034 0.14
169 A 0.304 0.03 0.025 0.029 0.021 0.025 0.04 0.077 0.015 0.042 0.058 0.044 0.017 0.021 0.029 0.083 0.049 0.005 0.017 0.067
170 A 0.21 0.029 0.027 0.028 0.02 0.024 0.036 0.059 0.013 0.068 0.073 0.04 0.02 0.024 0.026 0.075 0.091 0.005 0.018 0.111
171 L 0.051 0.028 0.021 0.02 0.016 0.02 0.025 0.027 0.012 0.098 0.284 0.031 0.068 0.046 0.017 0.04 0.08 0.007 0.021 0.089
172 F 0.033 0.019 0.017 0.017 0.01 0.01 0.019 0.025 0.017 0.062 0.112 0.019 0.025 0.399 0.01 0.025 0.025 0.017 0.087 0.054
173 H 0.041 0.045 0.052 0.037 0.007 0.037 0.052 0.037 0.368 0.022 0.037 0.045 0.015 0.03 0.019 0.041 0.026 0.007 0.056 0.022
174 K 0.056 0.105 0.041 0.041 0.008 0.052 0.069 0.042 0.02 0.027 0.042 0.292 0.015 0.015 0.027 0.052 0.039 0.005 0.017 0.032
175 S 0.101 0.038 0.051 0.046 0.017 0.031 0.049 0.061 0.018 0.034 0.046 0.051 0.016 0.021 0.029 0.206 0.117 0.005 0.017 0.047
176 A 0.304 0.03 0.025 0.029 0.021 0.025 0.04 0.077 0.015 0.042 0.058 0.044 0.017 0.021 0.029 0.083 0.049 0.005 0.017 0.067
177 V 0.056 0.022 0.016 0.018 0.017 0.017 0.022 0.023 0.01 0.198 0.156 0.027 0.062 0.041 0.015 0.03 0.043 0.006 0.021 0.201
178 L 0.044 0.023 0.014 0.015 0.016 0.015 0.019 0.021 0.01 0.148 0.343 0.024 0.046 0.052 0.014 0.024 0.034 0.007 0.022 0.11
179 L 0.048 0.028 0.017 0.018 0.016 0.023 0.024 0.025 0.013 0.104 0.271 0.031 0.126 0.05 0.015 0.031 0.037 0.007 0.023 0.092
180 L 0.056 0.023 0.016 0.017 0.017 0.018 0.022 0.023 0.01 0.164 0.2 0.027 0.065 0.043 0.015 0.03 0.042 0.006 0.021 0.185
181 P 0.11 0.026 0.026 0.031 0.012 0.021 0.034 0.141 0.013 0.027 0.038 0.04 0.011 0.015 0.312 0.053 0.037 0.004 0.013 0.036
182 L 0.042 0.023 0.014 0.015 0.015 0.015 0.02 0.022 0.011 0.103 0.333 0.024 0.044 0.123 0.013 0.024 0.031 0.009 0.035 0.086
183 G 0.077 0.022 0.038 0.033 0.011 0.019 0.025 0.52 0.013 0.019 0.028 0.033 0.009 0.016 0.019 0.05 0.029 0.005 0.011 0.024
184 I 0.043 0.019 0.015 0.017 0.015 0.013 0.018 0.021 0.01 0.206 0.199 0.023 0.036 0.117 0.014 0.024 0.035 0.008 0.034 0.134
185 F 0.033 0.019 0.017 0.017 0.01 0.01 0.019 0.025 0.017 0.062 0.112 0.019 0.025 0.399 0.01 0.025 0.025 0.017 0.087 0.054
186 L 0.064 0.035 0.028 0.029 0.015 0.062 0.042 0.034 0.015 0.123 0.153 0.043 0.03 0.033 0.019 0.074 0.048 0.006 0.02 0.125
187 T 0.056 0.043 0.096 0.044 0.012 0.068 0.051 0.043 0.027 0.039 0.054 0.052 0.018 0.041 0.022 0.067 0.128 0.01 0.08 0.049
188 G 0.066 0.106 0.039 0.034 0.01 0.031 0.039 0.327 0.017 0.021 0.034 0.102 0.012 0.016 0.02 0.049 0.032 0.005 0.013 0.027
189 G 0.068 0.055 0.039 0.036 0.01 0.032 0.043 0.329 0.016 0.022 0.034 0.137 0.012 0.016 0.022 0.051 0.033 0.005 0.013 0.027
190 G 0.063 0.031 0.155 0.052 0.01 0.024 0.034 0.337 0.02 0.02 0.029 0.041 0.01 0.017 0.019 0.058 0.037 0.005 0.013 0.025
191 W 0.043 0.056 0.025 0.025 0.01 0.03 0.041 0.033 0.016 0.045 0.115 0.131 0.022 0.041 0.017 0.035 0.031 0.204 0.038 0.044
192 L 0.049 0.026 0.02 0.019 0.016 0.018 0.024 0.025 0.011 0.101 0.323 0.029 0.043 0.048 0.017 0.037 0.078 0.007 0.021 0.089
193 L 0.041 0.022 0.016 0.016 0.013 0.015 0.021 0.022 0.018 0.123 0.224 0.024 0.035 0.136 0.014 0.026 0.031 0.013 0.096 0.092
194 R 0.049 0.257 0.039 0.035 0.008 0.049 0.059 0.036 0.022 0.025 0.044 0.188 0.015 0.016 0.022 0.047 0.036 0.005 0.017 0.031
195 L 0.057 0.023 0.021 0.02 0.015 0.018 0.023 0.123 0.011 0.135 0.18 0.028 0.06 0.039 0.016 0.033 0.038 0.006 0.019 0.133
196 F 0.092 0.022 0.017 0.019 0.015 0.015 0.023 0.034 0.013 0.113 0.167 0.026 0.03 0.183 0.016 0.036 0.034 0.01 0.047 0.089
197 A 0.167 0.031 0.028 0.029 0.019 0.025 0.036 0.054 0.014 0.075 0.096 0.04 0.052 0.029 0.024 0.094 0.053 0.006 0.019 0.11
198 V 0.059 0.021 0.015 0.017 0.018 0.015 0.021 0.023 0.009 0.177 0.187 0.025 0.036 0.04 0.015 0.029 0.043 0.006 0.021 0.223
199 G 0.109 0.023 0.026 0.025 0.015 0.018 0.025 0.231 0.012 0.096 0.133 0.032 0.024 0.03 0.019 0.046 0.036 0.006 0.016 0.077
200 L 0.072 0.029 0.031 0.032 0.015 0.023 0.035 0.041 0.014 0.096 0.134 0.039 0.025 0.03 0.118 0.112 0.054 0.005 0.018 0.076
201 I 0.102 0.021 0.017 0.02 0.018 0.016 0.023 0.032 0.01 0.212 0.136 0.028 0.031 0.037 0.018 0.038 0.043 0.006 0.02 0.174
202 G 0.161 0.026 0.028 0.028 0.016 0.021 0.03 0.243 0.013 0.047 0.112 0.036 0.02 0.026 0.022 0.058 0.038 0.006 0.015 0.055
203 Y 0.091 0.026 0.021 0.02 0.012 0.02 0.028 0.035 0.034 0.047 0.074 0.031 0.019 0.161 0.017 0.04 0.031 0.021 0.22 0.052
204 G 0.077 0.022 0.038 0.033 0.011 0.019 0.025 0.52 0.013 0.019 0.028 0.033 0.009 0.016 0.019 0.05 0.029 0.005 0.011 0.024
205 L 0.101 0.023 0.017 0.019 0.018 0.017 0.024 0.033 0.01 0.143 0.225 0.028 0.036 0.041 0.018 0.038 0.04 0.006 0.02 0.143
206 W 0.03 0.022 0.015 0.015 0.007 0.015 0.022 0.03 0.015 0.03 0.052 0.022 0.015 0.059 0.007 0.022 0.022 0.502 0.067 0.03
207 D 0.053 0.028 0.076 0.187 0.01 0.024 0.055 0.14 0.018 0.03 0.046 0.038 0.013 0.093 0.019 0.066 0.038 0.007 0.027 0.032
208 L 0.109 0.028 0.024 0.024 0.017 0.021 0.03 0.041 0.013 0.082 0.253 0.034 0.036 0.041 0.02 0.078 0.046 0.006 0.02 0.078
209 F 0.046 0.023 0.021 0.02 0.014 0.015 0.023 0.027 0.013 0.115 0.168 0.026 0.031 0.184 0.015 0.038 0.077 0.01 0.047 0.089
210 L 0.054 0.023 0.015 0.016 0.017 0.016 0.021 0.022 0.009 0.132 0.284 0.025 0.042 0.046 0.015 0.027 0.039 0.006 0.021 0.17
211 A 0.173 0.034 0.045 0.113 0.017 0.029 0.054 0.066 0.017 0.033 0.045 0.047 0.015 0.02 0.028 0.138 0.059 0.005 0.016 0.048
212 D 0.049 0.05 0.052 0.2 0.008 0.116 0.138 0.041 0.024 0.024 0.037 0.068 0.014 0.015 0.023 0.053 0.037 0.005 0.016 0.03
213 G 0.117 0.038 0.036 0.035 0.013 0.066 0.049 0.145 0.024 0.032 0.048 0.05 0.016 0.04 0.023 0.091 0.045 0.01 0.079 0.043
214 Q 0.1 0.044 0.029 0.031 0.013 0.104 0.057 0.04 0.025 0.084 0.076 0.055 0.022 0.044 0.021 0.05 0.039 0.01 0.082 0.071
215 D 0.046 0.037 0.056 0.281 0.007 0.043 0.178 0.041 0.021 0.022 0.031 0.056 0.011 0.015 0.023 0.052 0.035 0.004 0.013 0.027
216 A 0.116 0.111 0.035 0.033 0.015 0.035 0.047 0.048 0.017 0.057 0.063 0.106 0.019 0.022 0.024 0.089 0.05 0.005 0.018 0.091
217 L 0.046 0.024 0.015 0.016 0.016 0.018 0.021 0.022 0.011 0.145 0.304 0.027 0.072 0.05 0.014 0.026 0.035 0.007 0.022 0.109
218 W 0.036 0.02 0.015 0.016 0.011 0.014 0.02 0.026 0.012 0.132 0.097 0.023 0.023 0.053 0.01 0.023 0.029 0.304 0.048 0.087
219 A 0.111 0.053 0.034 0.034 0.015 0.07 0.054 0.045 0.017 0.062 0.068 0.099 0.021 0.022 0.024 0.063 0.088 0.005 0.018 0.097
220 N 0.047 0.04 0.267 0.069 0.011 0.03 0.043 0.056 0.026 0.05 0.05 0.047 0.015 0.021 0.019 0.061 0.048 0.005 0.016 0.078
221 Y 0.04 0.027 0.021 0.018 0.009 0.021 0.027 0.024 0.046 0.043 0.067 0.031 0.018 0.128 0.015 0.031 0.027 0.027 0.331 0.046
222 V 0.064 0.022 0.016 0.017 0.018 0.016 0.022 0.024 0.008 0.152 0.18 0.025 0.035 0.039 0.016 0.031 0.045 0.006 0.021 0.245
223 V 0.07 0.022 0.016 0.018 0.019 0.016 0.023 0.025 0.008 0.165 0.13 0.026 0.032 0.036 0.016 0.033 0.049 0.006 0.021 0.269
224 D 0.041 0.03 0.069 0.397 0.008 0.03 0.091 0.047 0.019 0.022 0.028 0.045 0.009 0.015 0.022 0.052 0.035 0.004 0.011 0.024
225 D 0.05 0.037 0.11 0.205 0.01 0.036 0.115 0.046 0.021 0.028 0.037 0.052 0.012 0.017 0.023 0.063 0.083 0.005 0.014 0.035
226 A 0.208 0.035 0.032 0.043 0.018 0.033 0.094 0.061 0.016 0.04 0.055 0.05 0.017 0.021 0.028 0.079 0.089 0.005 0.017 0.061
227 E 0.055 0.063 0.042 0.063 0.008 0.163 0.185 0.038 0.027 0.024 0.042 0.083 0.017 0.015 0.024 0.055 0.039 0.006 0.019 0.033
228 L 0.049 0.031 0.02 0.019 0.014 0.026 0.028 0.027 0.022 0.087 0.168 0.034 0.145 0.063 0.016 0.034 0.037 0.012 0.085 0.082
229 Q 0.055 0.074 0.042 0.054 0.008 0.161 0.136 0.04 0.026 0.025 0.043 0.127 0.018 0.015 0.024 0.054 0.039 0.006 0.019 0.033
230 S 0.108 0.039 0.053 0.048 0.017 0.033 0.051 0.065 0.019 0.029 0.041 0.053 0.015 0.02 0.029 0.235 0.08 0.005 0.017 0.041
231 S 0.073 0.05 0.052 0.119 0.012 0.111 0.079 0.051 0.023 0.026 0.04 0.066 0.016 0.017 0.025 0.126 0.055 0.005 0.017 0.035
232 G 0.077 0.022 0.038 0.033 0.011 0.019 0.025 0.52 0.013 0.019 0.028 0.033 0.009 0.016 0.019 0.05 0.029 0.005 0.011 0.024
233 A 0.304 0.03 0.025 0.029 0.021 0.025 0.04 0.077 0.015 0.042 0.058 0.044 0.017 0.021 0.029 0.083 0.049 0.005 0.017 0.067
234 L 0.047 0.109 0.027 0.025 0.011 0.033 0.039 0.029 0.023 0.061 0.147 0.1 0.055 0.052 0.018 0.037 0.035 0.011 0.082 0.059
235 I 0.055 0.019 0.015 0.017 0.017 0.014 0.02 0.022 0.008 0.236 0.15 0.024 0.034 0.04 0.015 0.028 0.043 0.006 0.02 0.217
236 R 0.044 0.358 0.038 0.03 0.008 0.047 0.051 0.032 0.023 0.023 0.046 0.118 0.015 0.017 0.019 0.044 0.034 0.006 0.017 0.03
237 V 0.065 0.023 0.021 0.021 0.018 0.018 0.025 0.027 0.009 0.164 0.122 0.029 0.03 0.034 0.018 0.042 0.089 0.006 0.02 0.219
238 L 0.099 0.024 0.017 0.019 0.016 0.017 0.024 0.034 0.012 0.098 0.215 0.027 0.034 0.112 0.017 0.038 0.038 0.008 0.034 0.119
239 L 0.05 0.03 0.019 0.019 0.016 0.025 0.026 0.026 0.015 0.101 0.232 0.033 0.151 0.049 0.015 0.033 0.038 0.008 0.023 0.091
240 N 0.042 0.044 0.33 0.081 0.009 0.033 0.048 0.064 0.031 0.022 0.031 0.053 0.011 0.018 0.02 0.068 0.048 0.004 0.015 0.026
241 L 0.044 0.024 0.014 0.015 0.016 0.016 0.02 0.021 0.01 0.113 0.388 0.025 0.049 0.054 0.014 0.024 0.033 0.007 0.022 0.094
242 L 0.094 0.023 0.017 0.019 0.016 0.016 0.023 0.033 0.012 0.123 0.222 0.027 0.035 0.114 0.016 0.036 0.036 0.008 0.034 0.097
243 P 0.056 0.025 0.023 0.03 0.01 0.02 0.035 0.035 0.013 0.025 0.035 0.04 0.01 0.013 0.503 0.043 0.035 0.003 0.013 0.03
244 A 0.219 0.031 0.033 0.034 0.018 0.025 0.039 0.163 0.015 0.035 0.049 0.043 0.015 0.02 0.027 0.107 0.051 0.005 0.016 0.053
245 L 0.045 0.021 0.014 0.016 0.016 0.015 0.019 0.021 0.009 0.182 0.298 0.024 0.044 0.05 0.014 0.024 0.035 0.006 0.021 0.126
246 L 0.052 0.022 0.015 0.016 0.016 0.015 0.021 0.023 0.01 0.122 0.229 0.024 0.037 0.115 0.014 0.027 0.037 0.008 0.034 0.162
247 L 0.042 0.023 0.014 0.015 0.015 0.015 0.02 0.022 0.011 0.103 0.333 0.024 0.044 0.123 0.013 0.024 0.031 0.009 0.035 0.086
248 L 0.042 0.021 0.015 0.016 0.015 0.014 0.019 0.022 0.011 0.137 0.288 0.023 0.041 0.121 0.013 0.024 0.032 0.009 0.035 0.102
249 L 0.047 0.022 0.015 0.016 0.015 0.015 0.02 0.022 0.011 0.113 0.281 0.024 0.04 0.119 0.014 0.026 0.034 0.009 0.035 0.124
250 F 0.037 0.024 0.019 0.018 0.01 0.017 0.024 0.025 0.034 0.051 0.085 0.026 0.021 0.237 0.013 0.028 0.026 0.023 0.234 0.049
251 R 0.043 0.295 0.041 0.032 0.008 0.045 0.051 0.033 0.092 0.023 0.044 0.103 0.015 0.02 0.019 0.043 0.033 0.006 0.025 0.029
252 K 0.053 0.156 0.04 0.039 0.008 0.051 0.066 0.04 0.021 0.026 0.043 0.257 0.015 0.016 0.025 0.051 0.038 0.005 0.017 0.032
253 R 0.05 0.177 0.04 0.057 0.008 0.09 0.165 0.035 0.025 0.023 0.042 0.095 0.015 0.016 0.022 0.05 0.036 0.006 0.017 0.031
254 W 0.03 0.022 0.015 0.015 0.007 0.015 0.022 0.03 0.015 0.03 0.052 0.022 0.015 0.059 0.007 0.022 0.022 0.502 0.067 0.03
255 K 0.051 0.139 0.035 0.033 0.01 0.044 0.056 0.036 0.019 0.043 0.112 0.204 0.022 0.023 0.023 0.045 0.037 0.006 0.018 0.044
256 R 0.051 0.229 0.034 0.039 0.01 0.044 0.097 0.031 0.02 0.05 0.06 0.091 0.018 0.02 0.02 0.044 0.037 0.006 0.018 0.081
257 L 0.126 0.031 0.032 0.031 0.018 0.024 0.037 0.05 0.014 0.075 0.131 0.04 0.026 0.03 0.023 0.122 0.058 0.006 0.019 0.105
258 F 0.033 0.019 0.017 0.017 0.01 0.01 0.019 0.025 0.017 0.062 0.112 0.019 0.025 0.399 0.01 0.025 0.025 0.017 0.087 0.054
259 P 0.047 0.034 0.155 0.127 0.009 0.027 0.051 0.049 0.021 0.023 0.032 0.046 0.01 0.015 0.214 0.055 0.041 0.004 0.013 0.028
260 D 0.043 0.033 0.062 0.345 0.007 0.036 0.134 0.043 0.02 0.022 0.029 0.05 0.01 0.015 0.023 0.052 0.035 0.004 0.012 0.025
261 G 0.052 0.022 0.026 0.024 0.01 0.016 0.023 0.223 0.021 0.041 0.069 0.027 0.017 0.192 0.015 0.036 0.027 0.014 0.105 0.04
262 G 0.063 0.159 0.039 0.033 0.011 0.032 0.038 0.229 0.017 0.027 0.042 0.069 0.014 0.018 0.02 0.056 0.078 0.006 0.015 0.036
263 F 0.035 0.02 0.016 0.016 0.011 0.011 0.019 0.024 0.015 0.072 0.167 0.02 0.03 0.33 0.011 0.025 0.026 0.015 0.074 0.062
264 W 0.03 0.022 0.015 0.015 0.007 0.015 0.022 0.03 0.015 0.03 0.052 0.022 0.015 0.059 0.007 0.022 0.022 0.502 0.067 0.03
265 F 0.052 0.024 0.024 0.023 0.013 0.018 0.027 0.032 0.021 0.096 0.099 0.029 0.024 0.198 0.016 0.068 0.039 0.014 0.109 0.074
266 W 0.037 0.023 0.016 0.016 0.011 0.017 0.022 0.027 0.014 0.095 0.103 0.025 0.052 0.054 0.011 0.025 0.029 0.304 0.049 0.071
267 I 0.053 0.024 0.017 0.018 0.016 0.019 0.023 0.024 0.011 0.186 0.169 0.029 0.091 0.043 0.015 0.03 0.041 0.007 0.022 0.162
268 A 0.304 0.03 0.025 0.029 0.021 0.025 0.04 0.077 0.015 0.042 0.058 0.044 0.017 0.021 0.029 0.083 0.049 0.005 0.017 0.067
269 L 0.042 0.023 0.014 0.015 0.015 0.015 0.02 0.022 0.011 0.103 0.333 0.024 0.044 0.123 0.013 0.024 0.031 0.009 0.035 0.086
270 G 0.116 0.024 0.031 0.029 0.014 0.019 0.027 0.331 0.013 0.042 0.106 0.034 0.019 0.024 0.02 0.052 0.034 0.006 0.014 0.047
271 S 0.147 0.038 0.047 0.044 0.018 0.031 0.049 0.067 0.018 0.032 0.045 0.051 0.016 0.021 0.029 0.205 0.074 0.005 0.017 0.046
272 I 0.055 0.019 0.015 0.017 0.017 0.014 0.02 0.022 0.008 0.236 0.15 0.024 0.034 0.04 0.015 0.028 0.043 0.006 0.02 0.217
273 A 0.203 0.026 0.022 0.024 0.019 0.02 0.032 0.056 0.014 0.07 0.083 0.035 0.021 0.099 0.023 0.061 0.044 0.008 0.032 0.108
274 A 0.171 0.032 0.035 0.034 0.017 0.025 0.04 0.062 0.017 0.041 0.062 0.042 0.018 0.096 0.025 0.132 0.057 0.007 0.031 0.054
275 V 0.109 0.023 0.018 0.02 0.018 0.017 0.025 0.035 0.011 0.118 0.111 0.028 0.027 0.105 0.018 0.041 0.044 0.008 0.033 0.194
276 G 0.105 0.023 0.027 0.026 0.013 0.017 0.025 0.233 0.015 0.041 0.068 0.029 0.017 0.17 0.017 0.047 0.031 0.01 0.042 0.045
277 L 0.044 0.023 0.014 0.015 0.016 0.015 0.019 0.021 0.01 0.148 0.343 0.024 0.046 0.052 0.014 0.024 0.034 0.007 0.022 0.11
278 V 0.069 0.021 0.016 0.017 0.019 0.016 0.023 0.024 0.008 0.161 0.128 0.026 0.031 0.035 0.016 0.032 0.048 0.005 0.02 0.283
279 G 0.085 0.034 0.044 0.05 0.013 0.033 0.093 0.241 0.018 0.023 0.035 0.049 0.012 0.018 0.024 0.125 0.051 0.005 0.014 0.032
280 F 0.087 0.021 0.018 0.019 0.013 0.013 0.023 0.035 0.016 0.058 0.101 0.024 0.023 0.323 0.014 0.037 0.03 0.014 0.073 0.057
281 A 0.304 0.03 0.025 0.029 0.021 0.025 0.04 0.077 0.015 0.042 0.058 0.044 0.017 0.021 0.029 0.083 0.049 0.005 0.017 0.067
282 S 0.108 0.039 0.053 0.048 0.017 0.033 0.051 0.065 0.019 0.029 0.041 0.053 0.015 0.02 0.029 0.235 0.08 0.005 0.017 0.041
283 T 0.072 0.035 0.043 0.037 0.017 0.027 0.039 0.043 0.014 0.052 0.064 0.045 0.019 0.023 0.027 0.091 0.261 0.006 0.017 0.07
284 A 0.304 0.03 0.025 0.029 0.021 0.025 0.04 0.077 0.015 0.042 0.058 0.044 0.017 0.021 0.029 0.083 0.049 0.005 0.017 0.067
285 V 0.069 0.021 0.016 0.017 0.019 0.016 0.023 0.024 0.008 0.161 0.128 0.026 0.031 0.035 0.016 0.032 0.048 0.005 0.02 0.283
286 D 0.04 0.029 0.068 0.409 0.007 0.029 0.09 0.046 0.018 0.022 0.027 0.044 0.009 0.015 0.022 0.051 0.035 0.004 0.011 0.024
287 R 0.044 0.358 0.038 0.03 0.008 0.047 0.051 0.032 0.023 0.023 0.046 0.118 0.015 0.017 0.019 0.044 0.034 0.006 0.017 0.03
288 L 0.057 0.026 0.017 0.018 0.017 0.021 0.024 0.025 0.012 0.127 0.206 0.029 0.093 0.044 0.016 0.032 0.042 0.007 0.022 0.168
289 A 0.226 0.034 0.036 0.037 0.02 0.028 0.044 0.072 0.016 0.037 0.051 0.047 0.016 0.021 0.029 0.144 0.062 0.005 0.017 0.057
290 L 0.044 0.024 0.014 0.015 0.016 0.016 0.02 0.021 0.01 0.113 0.388 0.025 0.049 0.054 0.014 0.024 0.033 0.007 0.022 0.094
291 Y 0.04 0.027 0.021 0.018 0.009 0.021 0.027 0.024 0.046 0.043 0.067 0.031 0.018 0.128 0.015 0.031 0.027 0.027 0.331 0.046
292 L 0.039 0.022 0.015 0.016 0.014 0.014 0.019 0.022 0.013 0.093 0.277 0.022 0.039 0.192 0.013 0.024 0.03 0.011 0.048 0.078
293 I 0.056 0.024 0.026 0.025 0.017 0.019 0.026 0.029 0.011 0.192 0.124 0.032 0.029 0.035 0.019 0.051 0.128 0.006 0.019 0.132
294 P 0.056 0.025 0.023 0.03 0.01 0.02 0.035 0.035 0.013 0.025 0.035 0.04 0.01 0.013 0.503 0.043 0.035 0.003 0.013 0.03
295 L 0.045 0.02 0.014 0.016 0.016 0.014 0.018 0.02 0.009 0.216 0.254 0.024 0.041 0.047 0.014 0.024 0.037 0.006 0.021 0.142
296 Q 0.055 0.072 0.043 0.046 0.009 0.23 0.101 0.04 0.029 0.026 0.046 0.089 0.02 0.014 0.023 0.055 0.04 0.006 0.02 0.035
297 L 0.054 0.023 0.015 0.016 0.017 0.016 0.021 0.022 0.009 0.132 0.284 0.025 0.042 0.046 0.015 0.027 0.039 0.006 0.021 0.17
298 V 0.069 0.021 0.016 0.017 0.019 0.016 0.023 0.024 0.008 0.161 0.128 0.026 0.031 0.035 0.016 0.032 0.048 0.005 0.02 0.283
299 V 0.069 0.021 0.016 0.017 0.019 0.016 0.023 0.024 0.008 0.161 0.128 0.026 0.031 0.035 0.016 0.032 0.048 0.005 0.02 0.283
300 L 0.037 0.021 0.015 0.016 0.012 0.013 0.02 0.024 0.014 0.076 0.21 0.022 0.032 0.193 0.011 0.024 0.028 0.11 0.057 0.065
301 A 0.186 0.036 0.042 0.04 0.019 0.03 0.047 0.07 0.017 0.034 0.048 0.049 0.016 0.021 0.029 0.174 0.068 0.005 0.017 0.052
302 R 0.044 0.358 0.038 0.03 0.008 0.047 0.051 0.032 0.023 0.023 0.046 0.118 0.015 0.017 0.019 0.044 0.034 0.006 0.017 0.03
303 L 0.045 0.025 0.015 0.016 0.016 0.018 0.021 0.022 0.011 0.11 0.349 0.027 0.074 0.052 0.014 0.026 0.034 0.007 0.022 0.094
304 P 0.105 0.026 0.023 0.03 0.012 0.021 0.036 0.044 0.013 0.029 0.04 0.041 0.012 0.014 0.409 0.051 0.038 0.003 0.014 0.038
305 Y 0.04 0.024 0.019 0.018 0.011 0.018 0.024 0.024 0.033 0.095 0.096 0.027 0.023 0.165 0.014 0.028 0.029 0.021 0.22 0.073
306 L 0.044 0.024 0.014 0.015 0.016 0.016 0.02 0.021 0.01 0.113 0.388 0.025 0.049 0.054 0.014 0.024 0.033 0.007 0.022 0.094
307 L 0.147 0.027 0.02 0.022 0.017 0.021 0.029 0.045 0.014 0.072 0.162 0.033 0.057 0.108 0.02 0.05 0.039 0.008 0.033 0.075
308 R 0.061 0.226 0.037 0.031 0.107 0.037 0.044 0.039 0.019 0.028 0.048 0.085 0.015 0.018 0.02 0.081 0.044 0.005 0.016 0.038
309 K 0.05 0.081 0.101 0.048 0.008 0.046 0.062 0.046 0.092 0.025 0.039 0.195 0.014 0.019 0.024 0.053 0.038 0.005 0.024 0.029
310 K 0.053 0.131 0.041 0.05 0.008 0.125 0.127 0.038 0.025 0.025 0.043 0.133 0.017 0.015 0.023 0.052 0.038 0.006 0.018 0.032
311 V 0.053 0.019 0.016 0.017 0.016 0.014 0.02 0.023 0.01 0.191 0.139 0.023 0.032 0.111 0.014 0.028 0.04 0.008 0.034 0.193
312 S 0.14 0.037 0.045 0.042 0.018 0.03 0.046 0.063 0.017 0.036 0.049 0.049 0.017 0.021 0.029 0.176 0.11 0.005 0.017 0.052
313 P 0.055 0.027 0.022 0.028 0.011 0.022 0.034 0.034 0.013 0.04 0.067 0.039 0.043 0.02 0.406 0.042 0.036 0.004 0.015 0.042
314 S 0.076 0.061 0.046 0.054 0.012 0.082 0.117 0.049 0.022 0.027 0.041 0.112 0.016 0.017 0.027 0.126 0.055 0.005 0.018 0.036
315 T 0.113 0.031 0.029 0.028 0.018 0.025 0.033 0.043 0.013 0.081 0.101 0.039 0.053 0.03 0.023 0.067 0.132 0.006 0.019 0.116
316 T 0.065 0.03 0.032 0.029 0.017 0.023 0.032 0.035 0.012 0.086 0.141 0.037 0.028 0.032 0.022 0.066 0.173 0.006 0.019 0.117
317 T 0.109 0.05 0.096 0.045 0.015 0.033 0.047 0.054 0.019 0.039 0.052 0.096 0.016 0.02 0.026 0.077 0.132 0.005 0.017 0.053
318 V 0.064 0.025 0.021 0.021 0.018 0.018 0.025 0.027 0.01 0.13 0.167 0.029 0.032 0.036 0.018 0.042 0.088 0.006 0.02 0.203
319 L 0.102 0.022 0.017 0.019 0.018 0.017 0.023 0.032 0.01 0.177 0.181 0.028 0.034 0.039 0.018 0.038 0.042 0.006 0.02 0.158
