#Seq2Logo.py -f /work3/idamei/ssn-clusterings/clustering/2205110921/clusters/0009_470/sequences.afa -o /work3/idamei/ssn-clusterings/clustering/2205110921/clusters/0009_470/sequences.logo
#Position Specific Frequency Matrix
A R N D C Q E G H I L K M F P S T W Y V
0 L 0.052 0.032 0.02 0.02 0.016 0.028 0.028 0.028 0.016 0.099 0.194 0.036 0.171 0.048 0.016 0.036 0.04 0.008 0.024 0.091
1 K 0.057 0.155 0.041 0.037 0.011 0.044 0.056 0.04 0.019 0.033 0.05 0.173 0.016 0.018 0.025 0.061 0.098 0.005 0.017 0.042
2 V 0.064 0.021 0.016 0.018 0.018 0.016 0.022 0.024 0.008 0.189 0.138 0.025 0.033 0.037 0.016 0.031 0.047 0.006 0.02 0.252
3 K 0.057 0.107 0.041 0.041 0.009 0.053 0.071 0.043 0.021 0.028 0.043 0.28 0.015 0.015 0.028 0.053 0.04 0.005 0.017 0.033
4 L 0.044 0.024 0.014 0.015 0.016 0.016 0.02 0.021 0.01 0.115 0.377 0.025 0.049 0.055 0.014 0.024 0.033 0.007 0.022 0.096
5 K 0.057 0.107 0.041 0.041 0.009 0.053 0.071 0.043 0.021 0.028 0.043 0.28 0.015 0.015 0.028 0.053 0.04 0.005 0.017 0.033
6 Y 0.04 0.028 0.022 0.019 0.009 0.022 0.028 0.025 0.047 0.043 0.068 0.031 0.019 0.13 0.016 0.031 0.028 0.028 0.32 0.047
7 T 0.085 0.037 0.047 0.041 0.018 0.029 0.044 0.051 0.016 0.045 0.057 0.048 0.018 0.023 0.028 0.135 0.193 0.006 0.018 0.061
8 F 0.044 0.019 0.016 0.017 0.013 0.012 0.02 0.024 0.014 0.115 0.124 0.021 0.028 0.259 0.012 0.027 0.033 0.013 0.063 0.125
9 N 0.064 0.059 0.157 0.079 0.011 0.038 0.058 0.058 0.024 0.026 0.037 0.118 0.013 0.018 0.025 0.108 0.054 0.005 0.016 0.032
10 K 0.052 0.188 0.04 0.038 0.008 0.051 0.064 0.039 0.021 0.026 0.044 0.231 0.015 0.016 0.025 0.05 0.038 0.005 0.017 0.032
11 Y 0.043 0.023 0.018 0.018 0.012 0.018 0.023 0.023 0.029 0.149 0.111 0.027 0.026 0.091 0.015 0.028 0.033 0.018 0.19 0.103
12 W 0.03 0.022 0.015 0.015 0.008 0.015 0.022 0.03 0.015 0.03 0.052 0.022 0.015 0.06 0.008 0.022 0.022 0.499 0.067 0.03
13 F 0.044 0.02 0.016 0.017 0.013 0.012 0.02 0.025 0.014 0.093 0.132 0.021 0.028 0.276 0.012 0.027 0.032 0.013 0.065 0.119
14 F 0.06 0.026 0.029 0.028 0.015 0.02 0.029 0.035 0.014 0.115 0.102 0.033 0.025 0.132 0.019 0.078 0.103 0.009 0.038 0.09
15 Y 0.04 0.028 0.022 0.018 0.009 0.022 0.028 0.025 0.046 0.043 0.068 0.031 0.018 0.129 0.015 0.031 0.028 0.028 0.327 0.046
16 F 0.044 0.023 0.024 0.022 0.012 0.015 0.024 0.03 0.016 0.06 0.099 0.026 0.024 0.292 0.015 0.044 0.089 0.014 0.068 0.059
17 L 0.055 0.021 0.021 0.021 0.014 0.016 0.021 0.159 0.011 0.134 0.195 0.027 0.032 0.058 0.015 0.032 0.034 0.007 0.022 0.105
18 V 0.071 0.025 0.026 0.026 0.017 0.02 0.029 0.034 0.011 0.171 0.119 0.032 0.029 0.034 0.019 0.084 0.054 0.006 0.019 0.172
19 K 0.056 0.106 0.041 0.041 0.008 0.053 0.07 0.043 0.02 0.027 0.043 0.287 0.015 0.015 0.027 0.053 0.039 0.005 0.017 0.032
20 L 0.05 0.022 0.015 0.016 0.016 0.015 0.021 0.022 0.01 0.131 0.271 0.024 0.041 0.086 0.014 0.027 0.037 0.008 0.029 0.146
21 L 0.041 0.02 0.015 0.016 0.014 0.013 0.019 0.022 0.012 0.149 0.206 0.022 0.035 0.183 0.013 0.025 0.032 0.01 0.047 0.106
22 Y 0.04 0.028 0.022 0.018 0.009 0.022 0.028 0.025 0.046 0.043 0.068 0.031 0.018 0.129 0.015 0.031 0.028 0.028 0.327 0.046
23 L 0.062 0.033 0.026 0.025 0.016 0.029 0.032 0.035 0.016 0.085 0.163 0.039 0.145 0.042 0.018 0.075 0.048 0.007 0.022 0.081
24 F 0.042 0.02 0.016 0.016 0.013 0.013 0.02 0.024 0.014 0.092 0.17 0.021 0.031 0.257 0.012 0.026 0.031 0.012 0.061 0.108
25 F 0.035 0.02 0.016 0.016 0.011 0.011 0.019 0.024 0.015 0.072 0.167 0.02 0.03 0.33 0.011 0.025 0.026 0.015 0.074 0.062
26 A 0.28 0.031 0.028 0.031 0.021 0.026 0.041 0.075 0.015 0.041 0.056 0.045 0.017 0.021 0.029 0.102 0.053 0.005 0.017 0.064
27 L 0.051 0.023 0.016 0.017 0.015 0.017 0.022 0.023 0.016 0.149 0.196 0.026 0.034 0.061 0.015 0.028 0.038 0.01 0.083 0.161
28 F 0.033 0.019 0.017 0.017 0.01 0.01 0.019 0.025 0.017 0.062 0.112 0.019 0.025 0.399 0.01 0.025 0.025 0.017 0.087 0.054
29 V 0.06 0.02 0.015 0.017 0.018 0.015 0.021 0.023 0.008 0.211 0.142 0.025 0.033 0.038 0.015 0.029 0.045 0.006 0.02 0.239
30 Y 0.04 0.027 0.021 0.018 0.009 0.021 0.027 0.024 0.046 0.043 0.067 0.031 0.018 0.128 0.015 0.031 0.027 0.027 0.331 0.046
31 S 0.147 0.038 0.047 0.044 0.018 0.031 0.049 0.067 0.018 0.032 0.045 0.051 0.016 0.021 0.029 0.205 0.074 0.005 0.017 0.046
32 K 0.057 0.072 0.076 0.054 0.01 0.047 0.109 0.043 0.021 0.03 0.044 0.17 0.015 0.017 0.026 0.062 0.084 0.005 0.017 0.039
33 L 0.04 0.022 0.015 0.016 0.014 0.014 0.02 0.023 0.013 0.092 0.27 0.023 0.044 0.191 0.013 0.025 0.03 0.011 0.048 0.078
34 T 0.072 0.035 0.043 0.037 0.017 0.027 0.039 0.043 0.014 0.052 0.064 0.045 0.019 0.023 0.027 0.091 0.261 0.006 0.017 0.07
35 T 0.07 0.04 0.039 0.037 0.015 0.066 0.049 0.042 0.017 0.089 0.076 0.051 0.022 0.025 0.024 0.099 0.136 0.006 0.018 0.078
36 L 0.044 0.024 0.014 0.015 0.016 0.016 0.02 0.021 0.01 0.113 0.388 0.025 0.049 0.054 0.014 0.024 0.033 0.007 0.022 0.094
37 G 0.077 0.022 0.038 0.033 0.011 0.019 0.025 0.52 0.013 0.019 0.028 0.033 0.009 0.016 0.019 0.05 0.029 0.005 0.011 0.024
38 D 0.04 0.029 0.068 0.409 0.007 0.029 0.09 0.046 0.018 0.022 0.027 0.044 0.009 0.015 0.022 0.051 0.035 0.004 0.011 0.024
39 T 0.072 0.035 0.043 0.037 0.017 0.027 0.039 0.043 0.014 0.052 0.064 0.045 0.019 0.023 0.027 0.091 0.261 0.006 0.017 0.07
40 P 0.063 0.049 0.036 0.045 0.01 0.038 0.099 0.04 0.025 0.029 0.044 0.098 0.014 0.039 0.12 0.083 0.044 0.009 0.079 0.036
41 R 0.044 0.358 0.038 0.03 0.008 0.047 0.051 0.032 0.023 0.023 0.046 0.118 0.015 0.017 0.019 0.044 0.034 0.006 0.017 0.03
42 Y 0.038 0.026 0.02 0.018 0.009 0.02 0.026 0.025 0.04 0.04 0.064 0.029 0.018 0.114 0.014 0.029 0.026 0.122 0.278 0.043
43 L 0.046 0.024 0.015 0.016 0.016 0.018 0.021 0.022 0.011 0.152 0.295 0.027 0.071 0.05 0.014 0.026 0.036 0.007 0.022 0.113
44 S 0.083 0.042 0.044 0.045 0.014 0.056 0.073 0.051 0.026 0.031 0.047 0.055 0.016 0.041 0.025 0.158 0.061 0.01 0.08 0.04
45 G 0.075 0.022 0.034 0.03 0.012 0.018 0.025 0.421 0.012 0.047 0.048 0.032 0.014 0.02 0.018 0.047 0.033 0.005 0.013 0.076
46 A 0.105 0.034 0.086 0.048 0.014 0.031 0.09 0.046 0.018 0.07 0.067 0.046 0.018 0.023 0.08 0.055 0.044 0.005 0.017 0.103
47 P 0.048 0.034 0.117 0.07 0.011 0.03 0.079 0.041 0.02 0.046 0.121 0.046 0.02 0.025 0.14 0.048 0.039 0.005 0.016 0.045
48 S 0.139 0.034 0.038 0.036 0.016 0.028 0.043 0.058 0.025 0.036 0.052 0.045 0.017 0.048 0.026 0.144 0.06 0.011 0.095 0.049
49 F 0.034 0.019 0.017 0.017 0.011 0.011 0.019 0.026 0.017 0.064 0.115 0.019 0.026 0.384 0.011 0.026 0.026 0.017 0.089 0.055
50 F 0.046 0.026 0.028 0.024 0.011 0.019 0.027 0.126 0.085 0.056 0.135 0.028 0.025 0.179 0.014 0.033 0.028 0.011 0.053 0.05
51 S 0.144 0.05 0.044 0.042 0.016 0.035 0.052 0.063 0.018 0.032 0.045 0.099 0.016 0.02 0.029 0.162 0.065 0.005 0.017 0.046
52 L 0.045 0.024 0.014 0.015 0.016 0.016 0.02 0.021 0.01 0.116 0.373 0.025 0.05 0.055 0.014 0.024 0.034 0.007 0.022 0.097
53 P 0.114 0.031 0.026 0.041 0.012 0.03 0.091 0.045 0.016 0.032 0.055 0.047 0.014 0.017 0.274 0.054 0.039 0.004 0.015 0.042
54 N 0.05 0.045 0.163 0.131 0.01 0.071 0.065 0.051 0.024 0.029 0.04 0.057 0.014 0.018 0.022 0.067 0.087 0.005 0.016 0.036
55 F 0.036 0.02 0.016 0.016 0.011 0.012 0.019 0.025 0.014 0.104 0.133 0.021 0.027 0.232 0.011 0.024 0.028 0.111 0.064 0.076
56 W 0.034 0.021 0.015 0.016 0.01 0.013 0.02 0.026 0.015 0.059 0.143 0.021 0.026 0.194 0.01 0.024 0.025 0.209 0.066 0.052
57 Y 0.046 0.045 0.031 0.026 0.01 0.026 0.035 0.03 0.09 0.041 0.061 0.039 0.018 0.087 0.018 0.045 0.074 0.019 0.212 0.046
58 N 0.055 0.042 0.254 0.101 0.01 0.033 0.052 0.063 0.027 0.023 0.033 0.052 0.012 0.018 0.022 0.1 0.054 0.004 0.015 0.029
59 S 0.108 0.039 0.053 0.048 0.017 0.033 0.051 0.065 0.019 0.029 0.041 0.053 0.015 0.02 0.029 0.235 0.08 0.005 0.017 0.041
60 T 0.079 0.036 0.045 0.039 0.017 0.028 0.041 0.047 0.015 0.048 0.059 0.046 0.019 0.023 0.027 0.12 0.225 0.006 0.017 0.064
61 A 0.118 0.037 0.036 0.044 0.016 0.035 0.094 0.049 0.018 0.049 0.078 0.05 0.048 0.026 0.025 0.1 0.093 0.006 0.018 0.06
62 L 0.05 0.03 0.019 0.019 0.016 0.025 0.026 0.026 0.015 0.101 0.232 0.033 0.151 0.049 0.015 0.033 0.038 0.008 0.023 0.091
63 L 0.051 0.031 0.02 0.02 0.016 0.028 0.028 0.028 0.016 0.098 0.193 0.035 0.177 0.047 0.016 0.035 0.039 0.008 0.024 0.091
64 D 0.04 0.029 0.068 0.409 0.007 0.029 0.09 0.046 0.018 0.022 0.027 0.044 0.009 0.015 0.022 0.051 0.035 0.004 0.011 0.024
65 F 0.051 0.026 0.026 0.024 0.014 0.018 0.027 0.031 0.014 0.068 0.148 0.03 0.027 0.18 0.018 0.051 0.121 0.01 0.046 0.068
66 L 0.049 0.023 0.014 0.015 0.016 0.016 0.02 0.022 0.01 0.123 0.336 0.025 0.045 0.05 0.014 0.026 0.036 0.007 0.022 0.132
67 G 0.186 0.026 0.032 0.031 0.016 0.022 0.032 0.307 0.014 0.03 0.042 0.038 0.013 0.018 0.024 0.066 0.039 0.005 0.014 0.045
68 G 0.055 0.032 0.041 0.032 0.009 0.027 0.036 0.228 0.162 0.025 0.04 0.037 0.013 0.044 0.018 0.043 0.028 0.011 0.093 0.028
69 T 0.081 0.033 0.041 0.037 0.017 0.026 0.039 0.047 0.015 0.09 0.075 0.044 0.021 0.026 0.025 0.135 0.144 0.006 0.018 0.079
70 L 0.055 0.026 0.024 0.023 0.014 0.018 0.027 0.033 0.014 0.075 0.205 0.029 0.032 0.17 0.016 0.075 0.041 0.01 0.044 0.067
71 G 0.127 0.032 0.038 0.035 0.015 0.026 0.039 0.15 0.022 0.032 0.047 0.043 0.015 0.041 0.024 0.127 0.053 0.01 0.079 0.044
72 A 0.099 0.046 0.086 0.037 0.013 0.03 0.041 0.047 0.019 0.056 0.099 0.089 0.05 0.072 0.021 0.053 0.041 0.007 0.027 0.065
73 L 0.048 0.02 0.015 0.017 0.015 0.014 0.019 0.022 0.01 0.181 0.191 0.023 0.035 0.115 0.014 0.026 0.037 0.008 0.034 0.156
74 F 0.046 0.023 0.017 0.017 0.014 0.016 0.021 0.024 0.013 0.099 0.186 0.025 0.061 0.187 0.013 0.028 0.034 0.011 0.048 0.115
75 G 0.077 0.022 0.038 0.033 0.011 0.019 0.025 0.52 0.013 0.019 0.028 0.033 0.009 0.016 0.019 0.05 0.029 0.005 0.011 0.024
76 P 0.072 0.028 0.033 0.035 0.012 0.023 0.037 0.139 0.014 0.025 0.035 0.042 0.011 0.015 0.293 0.091 0.045 0.004 0.013 0.032
77 V 0.109 0.022 0.017 0.02 0.018 0.017 0.024 0.033 0.01 0.177 0.126 0.028 0.03 0.035 0.018 0.04 0.046 0.005 0.02 0.205
78 L 0.044 0.024 0.014 0.015 0.016 0.016 0.02 0.021 0.01 0.113 0.388 0.025 0.049 0.054 0.014 0.024 0.033 0.007 0.022 0.094
79 A 0.249 0.028 0.028 0.03 0.019 0.024 0.036 0.183 0.014 0.037 0.051 0.041 0.015 0.02 0.027 0.075 0.044 0.005 0.016 0.057
80 N 0.042 0.044 0.219 0.064 0.008 0.035 0.05 0.053 0.166 0.022 0.034 0.05 0.013 0.023 0.019 0.057 0.04 0.006 0.032 0.025
81 L 0.055 0.021 0.015 0.017 0.017 0.015 0.02 0.022 0.009 0.194 0.203 0.025 0.037 0.042 0.015 0.027 0.041 0.006 0.021 0.198
82 P 0.056 0.025 0.023 0.03 0.01 0.02 0.035 0.035 0.013 0.025 0.035 0.04 0.01 0.013 0.503 0.043 0.035 0.003 0.013 0.03
83 F 0.033 0.019 0.017 0.017 0.01 0.01 0.019 0.025 0.017 0.062 0.112 0.019 0.025 0.399 0.01 0.025 0.025 0.017 0.087 0.054
84 L 0.107 0.026 0.018 0.02 0.018 0.02 0.027 0.035 0.011 0.115 0.179 0.031 0.061 0.038 0.018 0.041 0.044 0.006 0.021 0.164
85 L 0.044 0.022 0.016 0.016 0.014 0.014 0.02 0.023 0.013 0.1 0.228 0.023 0.041 0.189 0.013 0.026 0.032 0.011 0.048 0.108
86 L 0.096 0.025 0.016 0.018 0.017 0.018 0.024 0.032 0.011 0.099 0.322 0.029 0.042 0.047 0.017 0.036 0.036 0.007 0.021 0.089
87 A 0.186 0.036 0.042 0.04 0.019 0.03 0.047 0.07 0.017 0.034 0.048 0.049 0.016 0.021 0.029 0.174 0.068 0.005 0.017 0.052
88 F 0.045 0.02 0.016 0.017 0.014 0.013 0.019 0.023 0.012 0.137 0.181 0.022 0.033 0.186 0.013 0.026 0.034 0.01 0.047 0.132
89 Y 0.04 0.024 0.019 0.018 0.011 0.018 0.024 0.024 0.033 0.095 0.096 0.027 0.023 0.165 0.014 0.028 0.029 0.021 0.22 0.073
90 G 0.077 0.022 0.038 0.033 0.011 0.019 0.025 0.52 0.013 0.019 0.028 0.033 0.009 0.016 0.019 0.05 0.029 0.005 0.011 0.024
91 V 0.069 0.021 0.016 0.017 0.019 0.016 0.023 0.024 0.008 0.161 0.128 0.026 0.031 0.035 0.016 0.032 0.048 0.005 0.02 0.283
92 Y 0.038 0.026 0.02 0.018 0.009 0.019 0.026 0.025 0.04 0.047 0.076 0.028 0.02 0.182 0.014 0.029 0.027 0.025 0.282 0.047
93 Y 0.04 0.027 0.021 0.018 0.009 0.021 0.027 0.024 0.046 0.043 0.067 0.031 0.018 0.128 0.015 0.031 0.027 0.027 0.331 0.046
94 S 0.137 0.035 0.041 0.041 0.017 0.029 0.046 0.061 0.017 0.031 0.043 0.049 0.015 0.019 0.124 0.166 0.065 0.005 0.016 0.044
95 V 0.065 0.021 0.016 0.017 0.018 0.016 0.022 0.024 0.008 0.181 0.134 0.025 0.032 0.036 0.016 0.031 0.047 0.005 0.02 0.266
96 S 0.079 0.047 0.046 0.053 0.014 0.077 0.111 0.049 0.021 0.032 0.046 0.063 0.017 0.019 0.027 0.134 0.1 0.005 0.018 0.043
97 R 0.044 0.358 0.038 0.03 0.008 0.047 0.051 0.032 0.023 0.023 0.046 0.118 0.015 0.017 0.019 0.044 0.034 0.006 0.017 0.03
98 L 0.057 0.026 0.022 0.022 0.016 0.019 0.026 0.03 0.011 0.131 0.274 0.03 0.039 0.045 0.017 0.066 0.044 0.006 0.021 0.099
99 G 0.069 0.041 0.054 0.066 0.01 0.072 0.104 0.235 0.02 0.022 0.035 0.056 0.013 0.016 0.022 0.075 0.04 0.005 0.015 0.03
100 L 0.042 0.021 0.015 0.016 0.015 0.014 0.019 0.022 0.011 0.137 0.288 0.023 0.041 0.121 0.013 0.024 0.032 0.009 0.035 0.102
101 N 0.076 0.042 0.159 0.057 0.014 0.031 0.046 0.057 0.022 0.034 0.045 0.059 0.015 0.02 0.025 0.109 0.123 0.005 0.017 0.045
102 N 0.042 0.056 0.245 0.065 0.009 0.032 0.045 0.054 0.033 0.026 0.039 0.061 0.013 0.04 0.019 0.059 0.043 0.009 0.079 0.031
103 N 0.045 0.116 0.152 0.05 0.009 0.037 0.049 0.045 0.03 0.027 0.043 0.109 0.014 0.039 0.02 0.053 0.039 0.009 0.079 0.032
104 Q 0.055 0.072 0.043 0.046 0.009 0.23 0.101 0.04 0.029 0.026 0.046 0.089 0.02 0.014 0.023 0.055 0.04 0.006 0.02 0.035
105 L 0.046 0.04 0.019 0.02 0.014 0.023 0.03 0.025 0.012 0.096 0.319 0.078 0.042 0.046 0.017 0.03 0.034 0.007 0.021 0.082
106 F 0.045 0.019 0.016 0.017 0.014 0.013 0.019 0.023 0.012 0.171 0.136 0.022 0.031 0.184 0.013 0.026 0.035 0.01 0.047 0.148
107 F 0.098 0.041 0.025 0.026 0.013 0.025 0.036 0.04 0.022 0.073 0.082 0.083 0.021 0.135 0.02 0.052 0.037 0.012 0.097 0.064
108 L 0.054 0.022 0.015 0.016 0.017 0.015 0.021 0.022 0.009 0.167 0.239 0.025 0.039 0.044 0.015 0.027 0.04 0.006 0.021 0.186
109 L 0.044 0.024 0.014 0.015 0.016 0.016 0.02 0.021 0.01 0.113 0.388 0.025 0.049 0.054 0.014 0.024 0.033 0.007 0.022 0.094
110 L 0.144 0.024 0.019 0.021 0.018 0.019 0.027 0.042 0.011 0.134 0.162 0.031 0.031 0.035 0.02 0.047 0.044 0.006 0.019 0.146
111 L 0.042 0.023 0.014 0.015 0.015 0.015 0.02 0.022 0.011 0.103 0.333 0.024 0.044 0.123 0.013 0.024 0.031 0.009 0.035 0.086
112 L 0.044 0.024 0.014 0.015 0.016 0.016 0.02 0.021 0.01 0.113 0.388 0.025 0.049 0.054 0.014 0.024 0.033 0.007 0.022 0.094
113 S 0.108 0.039 0.053 0.048 0.017 0.033 0.051 0.065 0.019 0.029 0.041 0.053 0.015 0.02 0.029 0.235 0.08 0.005 0.017 0.041
114 L 0.042 0.023 0.014 0.015 0.015 0.015 0.02 0.022 0.011 0.103 0.333 0.024 0.044 0.123 0.013 0.024 0.031 0.009 0.035 0.086
115 P 0.056 0.025 0.023 0.03 0.01 0.02 0.035 0.035 0.013 0.025 0.035 0.04 0.01 0.013 0.503 0.043 0.035 0.003 0.013 0.03
116 S 0.108 0.039 0.053 0.048 0.017 0.033 0.051 0.065 0.019 0.029 0.041 0.053 0.015 0.02 0.029 0.235 0.08 0.005 0.017 0.041
117 F 0.033 0.019 0.017 0.017 0.01 0.01 0.019 0.025 0.017 0.062 0.112 0.019 0.025 0.399 0.01 0.025 0.025 0.017 0.087 0.054
118 G 0.083 0.026 0.041 0.036 0.012 0.021 0.03 0.429 0.014 0.021 0.03 0.037 0.01 0.017 0.021 0.087 0.039 0.005 0.012 0.027
119 V 0.064 0.021 0.016 0.017 0.018 0.016 0.022 0.023 0.008 0.186 0.135 0.025 0.032 0.037 0.016 0.031 0.047 0.005 0.02 0.261
120 W 0.03 0.022 0.015 0.015 0.007 0.015 0.022 0.03 0.015 0.03 0.052 0.022 0.015 0.059 0.007 0.022 0.022 0.502 0.067 0.03
121 T 0.086 0.037 0.047 0.041 0.017 0.029 0.044 0.052 0.016 0.043 0.055 0.048 0.018 0.022 0.028 0.149 0.189 0.006 0.017 0.058
122 S 0.108 0.039 0.053 0.048 0.017 0.033 0.051 0.065 0.019 0.029 0.041 0.053 0.015 0.02 0.029 0.235 0.08 0.005 0.017 0.041
123 I 0.051 0.018 0.015 0.017 0.016 0.014 0.018 0.021 0.009 0.261 0.157 0.024 0.035 0.042 0.015 0.026 0.041 0.006 0.02 0.195
124 A 0.247 0.028 0.023 0.026 0.02 0.023 0.035 0.064 0.013 0.076 0.076 0.039 0.021 0.025 0.026 0.071 0.048 0.005 0.018 0.115
125 S 0.102 0.036 0.05 0.045 0.016 0.03 0.046 0.156 0.018 0.027 0.038 0.049 0.014 0.02 0.027 0.198 0.07 0.005 0.016 0.038
126 K 0.056 0.105 0.041 0.041 0.008 0.052 0.069 0.042 0.02 0.027 0.042 0.292 0.015 0.015 0.027 0.052 0.039 0.005 0.017 0.032
127 E 0.054 0.049 0.04 0.088 0.007 0.063 0.31 0.034 0.025 0.022 0.036 0.074 0.013 0.016 0.025 0.054 0.036 0.005 0.016 0.031
128 A 0.304 0.03 0.025 0.029 0.021 0.025 0.04 0.077 0.015 0.042 0.058 0.044 0.017 0.021 0.029 0.083 0.049 0.005 0.017 0.067
129 V 0.056 0.022 0.016 0.018 0.017 0.017 0.022 0.023 0.01 0.198 0.156 0.027 0.062 0.041 0.015 0.03 0.043 0.006 0.021 0.201
130 G 0.128 0.027 0.039 0.035 0.014 0.023 0.033 0.34 0.015 0.025 0.037 0.039 0.012 0.018 0.023 0.094 0.043 0.005 0.013 0.036
131 V 0.069 0.021 0.016 0.017 0.019 0.016 0.023 0.024 0.008 0.161 0.128 0.026 0.031 0.035 0.016 0.032 0.048 0.005 0.02 0.283
132 F 0.033 0.019 0.017 0.017 0.01 0.01 0.019 0.025 0.017 0.062 0.112 0.019 0.025 0.399 0.01 0.025 0.025 0.017 0.087 0.054
133 F 0.037 0.024 0.019 0.018 0.01 0.017 0.024 0.025 0.034 0.051 0.085 0.026 0.021 0.237 0.013 0.028 0.026 0.023 0.234 0.049
134 L 0.047 0.027 0.016 0.017 0.016 0.021 0.023 0.024 0.012 0.107 0.31 0.029 0.1 0.051 0.015 0.028 0.035 0.007 0.023 0.093
135 G 0.077 0.022 0.038 0.033 0.011 0.019 0.025 0.52 0.013 0.019 0.028 0.033 0.009 0.016 0.019 0.05 0.029 0.005 0.011 0.024
136 I 0.056 0.019 0.015 0.017 0.017 0.014 0.02 0.022 0.008 0.231 0.148 0.024 0.034 0.04 0.015 0.028 0.043 0.006 0.02 0.222
137 I 0.047 0.02 0.015 0.018 0.016 0.016 0.019 0.022 0.01 0.248 0.17 0.026 0.064 0.044 0.015 0.027 0.039 0.006 0.021 0.157
138 L 0.1 0.024 0.017 0.018 0.113 0.017 0.023 0.034 0.01 0.085 0.257 0.028 0.036 0.04 0.017 0.039 0.037 0.006 0.019 0.081
139 G 0.077 0.022 0.038 0.033 0.011 0.019 0.025 0.52 0.013 0.019 0.028 0.033 0.009 0.016 0.019 0.05 0.029 0.005 0.011 0.024
140 F 0.049 0.025 0.025 0.023 0.011 0.017 0.027 0.033 0.023 0.052 0.089 0.028 0.022 0.269 0.015 0.068 0.037 0.016 0.122 0.05
141 L 0.045 0.019 0.015 0.017 0.072 0.013 0.018 0.023 0.011 0.168 0.184 0.022 0.033 0.128 0.014 0.026 0.034 0.008 0.036 0.115
142 I 0.044 0.018 0.015 0.017 0.015 0.013 0.018 0.021 0.01 0.241 0.154 0.022 0.034 0.114 0.014 0.025 0.036 0.008 0.034 0.149
143 D 0.043 0.033 0.062 0.345 0.007 0.036 0.134 0.043 0.02 0.022 0.029 0.05 0.01 0.015 0.023 0.052 0.035 0.004 0.012 0.025
144 F 0.046 0.019 0.016 0.017 0.014 0.013 0.019 0.023 0.013 0.17 0.134 0.022 0.03 0.173 0.013 0.026 0.035 0.01 0.057 0.147
145 I 0.046 0.019 0.014 0.017 0.016 0.014 0.018 0.02 0.009 0.251 0.209 0.023 0.039 0.045 0.014 0.024 0.038 0.006 0.021 0.157
146 N 0.047 0.068 0.214 0.065 0.009 0.041 0.057 0.055 0.027 0.024 0.035 0.149 0.013 0.017 0.023 0.062 0.045 0.005 0.016 0.029
147 K 0.074 0.117 0.057 0.044 0.012 0.043 0.058 0.051 0.021 0.027 0.042 0.159 0.015 0.018 0.026 0.125 0.055 0.005 0.017 0.035
148 N 0.052 0.048 0.124 0.043 0.013 0.025 0.036 0.042 0.019 0.064 0.074 0.051 0.02 0.098 0.019 0.055 0.085 0.007 0.031 0.092
149 P 0.053 0.124 0.033 0.035 0.009 0.039 0.052 0.038 0.018 0.026 0.04 0.157 0.013 0.015 0.216 0.047 0.037 0.004 0.015 0.031
150 N 0.066 0.034 0.149 0.049 0.014 0.026 0.039 0.048 0.019 0.079 0.072 0.042 0.02 0.025 0.02 0.087 0.055 0.005 0.018 0.132
151 K 0.056 0.079 0.099 0.048 0.01 0.043 0.059 0.047 0.021 0.031 0.044 0.195 0.015 0.017 0.026 0.063 0.085 0.005 0.017 0.039
152 N 0.05 0.07 0.153 0.055 0.009 0.066 0.059 0.049 0.024 0.024 0.037 0.107 0.013 0.016 0.118 0.057 0.042 0.004 0.016 0.03
153 K 0.049 0.074 0.033 0.032 0.009 0.04 0.053 0.035 0.03 0.033 0.052 0.188 0.016 0.06 0.022 0.044 0.034 0.014 0.143 0.038
154 F 0.042 0.022 0.018 0.02 0.012 0.014 0.023 0.027 0.014 0.066 0.161 0.026 0.027 0.215 0.134 0.029 0.03 0.011 0.052 0.058
155 L 0.044 0.023 0.014 0.015 0.016 0.015 0.019 0.021 0.01 0.148 0.343 0.024 0.046 0.052 0.014 0.024 0.034 0.007 0.022 0.11
156 V 0.058 0.027 0.02 0.031 0.015 0.025 0.079 0.025 0.012 0.118 0.171 0.035 0.031 0.05 0.017 0.034 0.041 0.006 0.022 0.178
157 G 0.066 0.021 0.024 0.024 0.013 0.016 0.022 0.185 0.012 0.135 0.101 0.027 0.024 0.104 0.016 0.044 0.035 0.008 0.03 0.092
158 L 0.041 0.021 0.015 0.016 0.014 0.013 0.019 0.022 0.012 0.131 0.233 0.022 0.037 0.175 0.013 0.025 0.032 0.01 0.045 0.103
159 C 0.169 0.026 0.027 0.028 0.209 0.021 0.033 0.056 0.013 0.04 0.057 0.036 0.016 0.021 0.024 0.096 0.05 0.005 0.015 0.058
160 F 0.042 0.019 0.015 0.017 0.014 0.013 0.019 0.022 0.012 0.165 0.167 0.022 0.033 0.186 0.013 0.025 0.033 0.01 0.047 0.125
161 Y 0.04 0.027 0.021 0.018 0.009 0.021 0.027 0.024 0.046 0.043 0.067 0.031 0.018 0.128 0.015 0.031 0.027 0.027 0.331 0.046
162 L 0.044 0.024 0.014 0.015 0.016 0.016 0.02 0.021 0.01 0.113 0.388 0.025 0.049 0.054 0.014 0.024 0.033 0.007 0.022 0.094
163 C 0.06 0.018 0.016 0.016 0.398 0.013 0.017 0.03 0.008 0.058 0.129 0.021 0.023 0.027 0.016 0.037 0.035 0.005 0.014 0.063
164 L 0.112 0.025 0.017 0.019 0.018 0.018 0.025 0.035 0.011 0.108 0.246 0.03 0.037 0.041 0.018 0.04 0.04 0.006 0.02 0.133
165 L 0.045 0.02 0.014 0.016 0.016 0.014 0.018 0.02 0.009 0.21 0.263 0.024 0.042 0.048 0.014 0.024 0.036 0.006 0.021 0.139
166 F 0.033 0.019 0.017 0.017 0.01 0.01 0.019 0.025 0.017 0.062 0.112 0.019 0.025 0.399 0.01 0.025 0.025 0.017 0.087 0.054
167 K 0.056 0.105 0.041 0.041 0.008 0.052 0.069 0.042 0.02 0.027 0.042 0.292 0.015 0.015 0.027 0.052 0.039 0.005 0.017 0.032
168 P 0.056 0.025 0.023 0.03 0.01 0.02 0.035 0.035 0.013 0.025 0.035 0.04 0.01 0.013 0.503 0.043 0.035 0.003 0.013 0.03
169 Q 0.055 0.072 0.043 0.046 0.009 0.23 0.101 0.04 0.029 0.026 0.046 0.089 0.02 0.014 0.023 0.055 0.04 0.006 0.02 0.035
170 Y 0.04 0.027 0.021 0.018 0.009 0.021 0.027 0.024 0.046 0.043 0.067 0.031 0.018 0.128 0.015 0.031 0.027 0.027 0.331 0.046
171 L 0.059 0.026 0.023 0.023 0.016 0.02 0.027 0.031 0.012 0.162 0.19 0.032 0.063 0.042 0.018 0.069 0.046 0.006 0.021 0.114
172 I 0.056 0.018 0.015 0.018 0.016 0.014 0.018 0.022 0.009 0.276 0.16 0.024 0.035 0.042 0.015 0.027 0.039 0.006 0.02 0.169
173 G 0.131 0.024 0.035 0.032 0.013 0.02 0.029 0.413 0.014 0.024 0.035 0.036 0.011 0.017 0.021 0.058 0.034 0.005 0.012 0.034
174 L 0.048 0.02 0.014 0.016 0.016 0.015 0.019 0.021 0.009 0.202 0.249 0.024 0.04 0.046 0.014 0.025 0.038 0.006 0.021 0.155
175 G 0.082 0.027 0.032 0.03 0.016 0.021 0.031 0.135 0.012 0.11 0.086 0.035 0.022 0.028 0.021 0.081 0.09 0.005 0.017 0.119
176 A 0.186 0.036 0.042 0.04 0.019 0.03 0.047 0.07 0.017 0.034 0.048 0.049 0.016 0.021 0.029 0.174 0.068 0.005 0.017 0.052
177 L 0.045 0.021 0.014 0.016 0.016 0.015 0.019 0.021 0.009 0.182 0.298 0.024 0.044 0.05 0.014 0.024 0.035 0.006 0.021 0.126
178 F 0.037 0.021 0.017 0.017 0.011 0.014 0.021 0.024 0.021 0.068 0.158 0.022 0.028 0.276 0.012 0.026 0.027 0.017 0.123 0.06
179 L 0.056 0.024 0.021 0.022 0.017 0.018 0.024 0.027 0.01 0.17 0.178 0.029 0.034 0.039 0.018 0.042 0.093 0.006 0.02 0.155
180 F 0.033 0.019 0.017 0.017 0.01 0.01 0.019 0.025 0.017 0.062 0.112 0.019 0.025 0.399 0.01 0.025 0.025 0.017 0.087 0.054
181 V 0.06 0.02 0.015 0.017 0.018 0.015 0.021 0.023 0.008 0.211 0.142 0.025 0.033 0.038 0.015 0.029 0.045 0.006 0.02 0.239
182 F 0.04 0.019 0.016 0.017 0.012 0.012 0.019 0.025 0.015 0.082 0.115 0.02 0.026 0.326 0.012 0.026 0.03 0.014 0.074 0.1
183 F 0.043 0.018 0.016 0.017 0.014 0.012 0.019 0.023 0.012 0.172 0.137 0.021 0.031 0.199 0.013 0.026 0.034 0.01 0.05 0.134
184 S 0.108 0.039 0.053 0.048 0.017 0.033 0.051 0.065 0.019 0.029 0.041 0.053 0.015 0.02 0.029 0.235 0.08 0.005 0.017 0.041
185 R 0.044 0.358 0.038 0.03 0.008 0.047 0.051 0.032 0.023 0.023 0.046 0.118 0.015 0.017 0.019 0.044 0.034 0.006 0.017 0.03
186 K 0.059 0.091 0.041 0.04 0.01 0.047 0.063 0.042 0.019 0.032 0.047 0.243 0.016 0.017 0.027 0.06 0.083 0.005 0.017 0.04
187 F 0.089 0.022 0.018 0.019 0.014 0.014 0.023 0.034 0.015 0.068 0.156 0.025 0.028 0.254 0.015 0.036 0.031 0.012 0.06 0.065
188 A 0.101 0.048 0.039 0.035 0.013 0.032 0.047 0.049 0.088 0.036 0.058 0.091 0.017 0.097 0.023 0.093 0.045 0.008 0.039 0.042
189 L 0.046 0.04 0.019 0.02 0.014 0.023 0.03 0.025 0.012 0.096 0.319 0.078 0.042 0.046 0.017 0.03 0.034 0.007 0.021 0.082
190 K 0.061 0.126 0.037 0.035 0.012 0.04 0.052 0.041 0.018 0.044 0.112 0.156 0.022 0.024 0.023 0.082 0.045 0.006 0.018 0.046
191 G 0.122 0.024 0.036 0.032 0.013 0.02 0.028 0.431 0.013 0.023 0.034 0.035 0.011 0.017 0.021 0.057 0.033 0.005 0.012 0.033
192 F 0.038 0.026 0.08 0.03 0.011 0.018 0.027 0.032 0.024 0.058 0.131 0.029 0.025 0.213 0.014 0.035 0.031 0.015 0.111 0.053
193 G 0.083 0.026 0.041 0.036 0.012 0.021 0.03 0.429 0.014 0.021 0.03 0.037 0.01 0.017 0.021 0.087 0.039 0.005 0.012 0.027
194 K 0.056 0.105 0.041 0.041 0.008 0.052 0.069 0.042 0.02 0.027 0.042 0.292 0.015 0.015 0.027 0.052 0.039 0.005 0.017 0.032
195 L 0.051 0.026 0.021 0.021 0.015 0.018 0.025 0.029 0.013 0.088 0.265 0.029 0.038 0.116 0.016 0.055 0.055 0.009 0.034 0.078
196 F 0.047 0.019 0.016 0.017 0.015 0.013 0.019 0.023 0.012 0.161 0.133 0.022 0.03 0.183 0.013 0.027 0.036 0.01 0.047 0.156
197 L 0.049 0.023 0.014 0.016 0.016 0.016 0.02 0.022 0.009 0.13 0.327 0.025 0.045 0.049 0.014 0.026 0.036 0.007 0.021 0.135
198 L 0.044 0.021 0.015 0.016 0.014 0.014 0.02 0.023 0.012 0.102 0.225 0.022 0.036 0.188 0.013 0.026 0.033 0.01 0.048 0.116
199 I 0.06 0.019 0.02 0.02 0.111 0.015 0.02 0.123 0.009 0.159 0.11 0.025 0.026 0.031 0.016 0.034 0.038 0.005 0.017 0.142
200 L 0.043 0.024 0.016 0.016 0.015 0.017 0.021 0.023 0.012 0.1 0.294 0.026 0.07 0.121 0.014 0.026 0.033 0.009 0.035 0.085
201 F 0.035 0.024 0.024 0.021 0.01 0.016 0.025 0.027 0.087 0.054 0.097 0.024 0.023 0.325 0.012 0.028 0.025 0.015 0.081 0.048
202 F 0.042 0.02 0.016 0.016 0.013 0.013 0.02 0.024 0.014 0.092 0.17 0.021 0.031 0.257 0.012 0.026 0.031 0.012 0.061 0.108
203 L 0.065 0.026 0.024 0.024 0.017 0.021 0.028 0.032 0.012 0.141 0.162 0.032 0.06 0.038 0.018 0.071 0.049 0.006 0.02 0.152
204 L 0.052 0.022 0.015 0.016 0.016 0.015 0.021 0.023 0.01 0.131 0.231 0.024 0.037 0.101 0.014 0.027 0.038 0.008 0.032 0.167
205 S 0.147 0.038 0.047 0.044 0.018 0.031 0.049 0.067 0.018 0.032 0.045 0.051 0.016 0.021 0.029 0.205 0.074 0.005 0.017 0.046
206 F 0.051 0.02 0.025 0.023 0.011 0.014 0.021 0.223 0.015 0.047 0.089 0.025 0.02 0.232 0.014 0.035 0.027 0.012 0.054 0.043
207 I 0.06 0.023 0.023 0.023 0.016 0.017 0.026 0.031 0.012 0.165 0.122 0.029 0.029 0.108 0.017 0.068 0.046 0.008 0.033 0.145
208 L 0.093 0.025 0.018 0.019 0.017 0.018 0.025 0.032 0.011 0.108 0.269 0.029 0.039 0.043 0.017 0.043 0.04 0.006 0.021 0.126
209 L 0.042 0.023 0.014 0.015 0.015 0.015 0.02 0.022 0.011 0.103 0.333 0.024 0.044 0.123 0.013 0.024 0.031 0.009 0.035 0.086
210 Y 0.04 0.027 0.021 0.018 0.009 0.021 0.027 0.024 0.046 0.043 0.067 0.031 0.018 0.128 0.015 0.031 0.027 0.027 0.331 0.046
211 L 0.052 0.025 0.021 0.02 0.016 0.017 0.024 0.027 0.012 0.1 0.216 0.028 0.034 0.113 0.016 0.039 0.08 0.008 0.034 0.119
212 F 0.037 0.021 0.016 0.016 0.013 0.013 0.019 0.023 0.014 0.083 0.222 0.021 0.034 0.261 0.012 0.024 0.028 0.013 0.061 0.07
213 R 0.046 0.307 0.039 0.032 0.008 0.048 0.055 0.034 0.022 0.024 0.045 0.153 0.015 0.017 0.021 0.045 0.035 0.006 0.017 0.031
214 D 0.04 0.032 0.078 0.26 0.008 0.029 0.069 0.042 0.067 0.026 0.037 0.042 0.012 0.039 0.02 0.047 0.033 0.009 0.081 0.028
215 Q 0.051 0.048 0.031 0.038 0.011 0.13 0.084 0.032 0.02 0.129 0.093 0.062 0.026 0.026 0.02 0.043 0.039 0.006 0.02 0.09
216 I 0.046 0.017 0.014 0.017 0.016 0.013 0.017 0.02 0.009 0.285 0.165 0.023 0.036 0.043 0.014 0.025 0.039 0.006 0.02 0.173
217 N 0.042 0.044 0.33 0.081 0.009 0.033 0.048 0.064 0.031 0.022 0.031 0.053 0.011 0.018 0.02 0.068 0.048 0.004 0.015 0.026
218 E 0.049 0.04 0.04 0.138 0.009 0.047 0.208 0.034 0.021 0.04 0.105 0.058 0.019 0.023 0.022 0.047 0.035 0.005 0.016 0.042
219 L 0.041 0.024 0.016 0.016 0.013 0.016 0.021 0.022 0.018 0.089 0.268 0.025 0.038 0.138 0.013 0.025 0.03 0.013 0.097 0.077
220 S 0.101 0.038 0.051 0.046 0.017 0.031 0.049 0.061 0.018 0.034 0.046 0.051 0.016 0.021 0.029 0.206 0.117 0.005 0.017 0.047
221 F 0.039 0.026 0.022 0.031 0.01 0.023 0.079 0.027 0.024 0.05 0.088 0.032 0.021 0.268 0.014 0.032 0.028 0.017 0.122 0.048
222 I 0.047 0.02 0.015 0.018 0.016 0.016 0.019 0.022 0.01 0.248 0.17 0.026 0.064 0.044 0.015 0.027 0.039 0.006 0.021 0.157
223 L 0.046 0.025 0.015 0.016 0.016 0.018 0.021 0.022 0.011 0.137 0.305 0.027 0.077 0.05 0.014 0.027 0.035 0.007 0.022 0.106
224 P 0.056 0.025 0.023 0.03 0.01 0.02 0.035 0.035 0.013 0.025 0.035 0.04 0.01 0.013 0.503 0.043 0.035 0.003 0.013 0.03
225 A 0.202 0.057 0.027 0.029 0.017 0.03 0.043 0.059 0.015 0.05 0.107 0.093 0.022 0.025 0.026 0.066 0.044 0.006 0.018 0.063
226 H 0.041 0.045 0.052 0.037 0.007 0.037 0.052 0.037 0.368 0.022 0.037 0.045 0.015 0.03 0.019 0.041 0.026 0.007 0.056 0.022
227 F 0.033 0.019 0.017 0.017 0.01 0.01 0.019 0.025 0.017 0.062 0.112 0.019 0.025 0.399 0.01 0.025 0.025 0.017 0.087 0.054
228 S 0.108 0.039 0.053 0.048 0.017 0.033 0.051 0.065 0.019 0.029 0.041 0.053 0.015 0.02 0.029 0.235 0.08 0.005 0.017 0.041
229 L 0.049 0.026 0.02 0.019 0.016 0.018 0.024 0.025 0.011 0.101 0.323 0.029 0.043 0.048 0.017 0.037 0.078 0.007 0.021 0.089
230 D 0.046 0.037 0.056 0.281 0.007 0.043 0.178 0.041 0.021 0.022 0.031 0.056 0.011 0.015 0.023 0.052 0.035 0.004 0.013 0.027
231 A 0.304 0.03 0.025 0.029 0.021 0.025 0.04 0.077 0.015 0.042 0.058 0.044 0.017 0.021 0.029 0.083 0.049 0.005 0.017 0.067
232 G 0.149 0.025 0.034 0.032 0.014 0.021 0.03 0.378 0.014 0.026 0.038 0.036 0.012 0.018 0.022 0.061 0.035 0.005 0.013 0.038
233 S 0.108 0.039 0.053 0.048 0.017 0.033 0.051 0.065 0.019 0.029 0.041 0.053 0.015 0.02 0.029 0.235 0.08 0.005 0.017 0.041
234 T 0.072 0.035 0.043 0.037 0.017 0.027 0.039 0.043 0.014 0.052 0.064 0.045 0.019 0.023 0.027 0.091 0.261 0.006 0.017 0.07
235 R 0.044 0.358 0.038 0.03 0.008 0.047 0.051 0.032 0.023 0.023 0.046 0.118 0.015 0.017 0.019 0.044 0.034 0.006 0.017 0.03
236 E 0.056 0.042 0.036 0.087 0.01 0.052 0.244 0.033 0.022 0.05 0.054 0.063 0.016 0.02 0.023 0.05 0.038 0.005 0.017 0.081
237 N 0.042 0.044 0.33 0.081 0.009 0.033 0.048 0.064 0.031 0.022 0.031 0.053 0.011 0.018 0.02 0.068 0.048 0.004 0.015 0.026
238 T 0.065 0.034 0.048 0.111 0.015 0.028 0.049 0.043 0.014 0.046 0.057 0.044 0.017 0.022 0.026 0.083 0.216 0.005 0.016 0.06
239 I 0.046 0.017 0.014 0.017 0.016 0.013 0.017 0.02 0.009 0.285 0.165 0.023 0.036 0.043 0.014 0.025 0.039 0.006 0.02 0.173
240 W 0.03 0.022 0.015 0.015 0.007 0.015 0.022 0.03 0.015 0.03 0.052 0.022 0.015 0.059 0.007 0.022 0.022 0.502 0.067 0.03
241 V 0.064 0.021 0.016 0.017 0.018 0.016 0.022 0.023 0.008 0.186 0.135 0.025 0.032 0.037 0.016 0.031 0.047 0.005 0.02 0.261
242 N 0.045 0.056 0.272 0.073 0.009 0.037 0.053 0.06 0.029 0.023 0.033 0.101 0.012 0.017 0.021 0.065 0.047 0.005 0.016 0.028
243 D 0.043 0.033 0.062 0.345 0.007 0.036 0.134 0.043 0.02 0.022 0.029 0.05 0.01 0.015 0.023 0.052 0.035 0.004 0.012 0.025
244 F 0.038 0.027 0.081 0.03 0.01 0.019 0.028 0.033 0.031 0.046 0.078 0.03 0.019 0.214 0.014 0.036 0.031 0.018 0.17 0.045
245 D 0.04 0.029 0.068 0.409 0.007 0.029 0.09 0.046 0.018 0.022 0.027 0.044 0.009 0.015 0.022 0.051 0.035 0.004 0.011 0.024
246 V 0.069 0.021 0.016 0.017 0.019 0.016 0.023 0.024 0.008 0.161 0.128 0.026 0.031 0.035 0.016 0.032 0.048 0.005 0.02 0.283
247 F 0.036 0.018 0.016 0.017 0.011 0.011 0.018 0.024 0.015 0.107 0.122 0.02 0.027 0.328 0.011 0.025 0.028 0.014 0.074 0.078
248 R 0.041 0.157 0.026 0.022 0.01 0.029 0.034 0.027 0.024 0.053 0.132 0.062 0.024 0.123 0.016 0.033 0.031 0.012 0.095 0.051
249 N 0.042 0.044 0.33 0.081 0.009 0.033 0.048 0.064 0.031 0.022 0.031 0.053 0.011 0.018 0.02 0.068 0.048 0.004 0.015 0.026
250 A 0.304 0.03 0.025 0.029 0.021 0.025 0.04 0.077 0.015 0.042 0.058 0.044 0.017 0.021 0.029 0.083 0.049 0.005 0.017 0.067
251 P 0.051 0.024 0.022 0.028 0.01 0.018 0.032 0.033 0.013 0.033 0.051 0.036 0.013 0.09 0.405 0.039 0.033 0.005 0.028 0.035
252 Y 0.04 0.027 0.021 0.018 0.009 0.021 0.027 0.024 0.046 0.043 0.067 0.031 0.018 0.128 0.015 0.031 0.027 0.027 0.331 0.046
253 G 0.077 0.022 0.038 0.033 0.011 0.019 0.025 0.52 0.013 0.019 0.028 0.033 0.009 0.016 0.019 0.05 0.029 0.005 0.011 0.024
254 L 0.051 0.031 0.02 0.02 0.016 0.028 0.028 0.028 0.016 0.098 0.193 0.035 0.177 0.047 0.016 0.035 0.039 0.008 0.024 0.091
255 F 0.033 0.019 0.017 0.017 0.01 0.01 0.019 0.025 0.017 0.062 0.112 0.019 0.025 0.399 0.01 0.025 0.025 0.017 0.087 0.054
256 I 0.046 0.017 0.014 0.017 0.016 0.013 0.017 0.02 0.009 0.285 0.165 0.023 0.036 0.043 0.014 0.025 0.039 0.006 0.02 0.173
257 G 0.131 0.024 0.035 0.032 0.013 0.02 0.029 0.413 0.014 0.024 0.035 0.036 0.011 0.017 0.021 0.058 0.034 0.005 0.012 0.034
258 F 0.033 0.019 0.017 0.017 0.01 0.01 0.019 0.025 0.017 0.062 0.112 0.019 0.025 0.399 0.01 0.025 0.025 0.017 0.087 0.054
259 F 0.032 0.02 0.016 0.016 0.009 0.012 0.02 0.027 0.016 0.049 0.088 0.02 0.021 0.263 0.009 0.024 0.024 0.211 0.079 0.044
260 G 0.077 0.022 0.038 0.033 0.011 0.019 0.025 0.52 0.013 0.019 0.028 0.033 0.009 0.016 0.019 0.05 0.029 0.005 0.011 0.024
261 P 0.056 0.025 0.023 0.03 0.01 0.02 0.035 0.035 0.013 0.025 0.035 0.04 0.01 0.013 0.503 0.043 0.035 0.003 0.013 0.03
262 T 0.072 0.035 0.043 0.037 0.017 0.027 0.039 0.043 0.014 0.052 0.064 0.045 0.019 0.023 0.027 0.091 0.261 0.006 0.017 0.07
263 L 0.051 0.021 0.016 0.017 0.015 0.014 0.021 0.024 0.011 0.116 0.174 0.023 0.032 0.17 0.014 0.028 0.037 0.01 0.045 0.163
264 S 0.101 0.038 0.051 0.046 0.017 0.031 0.049 0.061 0.018 0.034 0.046 0.051 0.016 0.021 0.029 0.206 0.117 0.005 0.017 0.047
265 E 0.054 0.049 0.04 0.088 0.007 0.063 0.31 0.034 0.025 0.022 0.036 0.074 0.013 0.016 0.025 0.054 0.036 0.005 0.016 0.031
266 A 0.213 0.03 0.029 0.031 0.019 0.024 0.038 0.063 0.014 0.088 0.076 0.041 0.021 0.025 0.026 0.102 0.053 0.005 0.018 0.083
267 L 0.042 0.021 0.015 0.016 0.015 0.014 0.019 0.022 0.011 0.137 0.288 0.023 0.041 0.121 0.013 0.024 0.032 0.009 0.035 0.102
268 A 0.176 0.038 0.039 0.049 0.017 0.036 0.098 0.064 0.018 0.033 0.047 0.053 0.016 0.02 0.028 0.138 0.059 0.005 0.017 0.05
269 K 0.056 0.105 0.041 0.041 0.008 0.052 0.069 0.042 0.02 0.027 0.042 0.292 0.015 0.015 0.027 0.052 0.039 0.005 0.017 0.032
270 P 0.056 0.025 0.023 0.03 0.01 0.02 0.035 0.035 0.013 0.025 0.035 0.04 0.01 0.013 0.503 0.043 0.035 0.003 0.013 0.03
271 T 0.061 0.028 0.031 0.029 0.017 0.021 0.03 0.034 0.012 0.145 0.104 0.036 0.026 0.031 0.022 0.064 0.172 0.006 0.019 0.111
272 H 0.044 0.046 0.043 0.035 0.009 0.072 0.056 0.035 0.228 0.041 0.109 0.05 0.023 0.032 0.019 0.04 0.03 0.007 0.042 0.039
273 L 0.054 0.026 0.022 0.022 0.015 0.018 0.026 0.031 0.013 0.086 0.263 0.029 0.037 0.116 0.016 0.066 0.041 0.009 0.034 0.076
274 L 0.042 0.021 0.015 0.016 0.015 0.014 0.019 0.022 0.011 0.137 0.288 0.023 0.041 0.121 0.013 0.024 0.032 0.009 0.035 0.102
275 V 0.116 0.023 0.018 0.02 0.019 0.018 0.026 0.035 0.009 0.138 0.114 0.029 0.028 0.032 0.019 0.042 0.049 0.005 0.02 0.24
276 F 0.032 0.019 0.016 0.016 0.01 0.011 0.019 0.026 0.016 0.056 0.1 0.019 0.023 0.331 0.01 0.024 0.024 0.114 0.083 0.049
277 L 0.054 0.021 0.015 0.017 0.017 0.015 0.02 0.022 0.009 0.174 0.23 0.025 0.039 0.044 0.015 0.027 0.041 0.006 0.021 0.189
278 E 0.054 0.049 0.04 0.088 0.007 0.063 0.31 0.034 0.025 0.022 0.036 0.074 0.013 0.016 0.025 0.054 0.036 0.005 0.016 0.031
279 S 0.095 0.04 0.108 0.055 0.015 0.033 0.051 0.065 0.021 0.028 0.039 0.053 0.015 0.02 0.027 0.202 0.074 0.005 0.017 0.038
280 F 0.134 0.025 0.02 0.022 0.016 0.017 0.027 0.043 0.014 0.065 0.146 0.03 0.027 0.179 0.019 0.048 0.045 0.01 0.046 0.067
281 I 0.046 0.017 0.014 0.017 0.016 0.013 0.017 0.02 0.009 0.285 0.165 0.023 0.036 0.043 0.014 0.025 0.039 0.006 0.02 0.173
282 I 0.051 0.018 0.015 0.017 0.016 0.014 0.018 0.021 0.009 0.261 0.157 0.024 0.035 0.042 0.015 0.026 0.041 0.006 0.02 0.195
283 F 0.049 0.021 0.016 0.017 0.015 0.014 0.02 0.024 0.012 0.117 0.175 0.023 0.032 0.185 0.013 0.027 0.036 0.01 0.047 0.149
284 G 0.128 0.027 0.039 0.035 0.014 0.023 0.033 0.34 0.015 0.025 0.037 0.039 0.012 0.018 0.023 0.094 0.043 0.005 0.013 0.036
285 V 0.061 0.023 0.021 0.021 0.017 0.017 0.025 0.028 0.011 0.125 0.113 0.028 0.028 0.106 0.017 0.042 0.086 0.008 0.033 0.19
286 F 0.039 0.018 0.016 0.016 0.107 0.011 0.018 0.026 0.015 0.058 0.102 0.019 0.023 0.323 0.012 0.028 0.027 0.014 0.072 0.054
287 L 0.044 0.023 0.014 0.015 0.016 0.015 0.019 0.021 0.01 0.148 0.343 0.024 0.046 0.052 0.014 0.024 0.034 0.007 0.022 0.11
288 F 0.042 0.024 0.018 0.018 0.012 0.018 0.023 0.024 0.025 0.107 0.123 0.027 0.055 0.16 0.014 0.029 0.032 0.017 0.149 0.082
289 A 0.159 0.029 0.027 0.028 0.017 0.022 0.034 0.053 0.015 0.058 0.131 0.037 0.025 0.103 0.022 0.09 0.047 0.008 0.032 0.065
290 L 0.061 0.024 0.022 0.022 0.112 0.018 0.025 0.032 0.011 0.117 0.209 0.029 0.033 0.038 0.017 0.069 0.044 0.006 0.019 0.092
291 L 0.046 0.023 0.015 0.015 0.015 0.016 0.021 0.023 0.011 0.106 0.269 0.024 0.038 0.051 0.013 0.025 0.034 0.106 0.031 0.119
292 K 0.051 0.137 0.035 0.034 0.01 0.051 0.057 0.036 0.019 0.078 0.068 0.195 0.02 0.021 0.023 0.045 0.038 0.005 0.018 0.06
293 L 0.047 0.025 0.02 0.02 0.015 0.017 0.023 0.026 0.012 0.091 0.268 0.028 0.038 0.117 0.016 0.037 0.077 0.009 0.034 0.081
294 F 0.048 0.02 0.016 0.016 0.11 0.013 0.019 0.025 0.012 0.089 0.161 0.022 0.029 0.181 0.013 0.029 0.033 0.01 0.046 0.108
295 L 0.048 0.023 0.015 0.015 0.111 0.016 0.019 0.023 0.01 0.099 0.315 0.024 0.047 0.047 0.014 0.028 0.034 0.006 0.02 0.086
296 K 0.063 0.057 0.033 0.033 0.013 0.033 0.045 0.038 0.015 0.126 0.09 0.137 0.023 0.027 0.022 0.078 0.048 0.005 0.018 0.095
297 S 0.084 0.034 0.043 0.039 0.016 0.027 0.042 0.052 0.017 0.041 0.061 0.044 0.018 0.097 0.025 0.159 0.113 0.008 0.031 0.05
298 V 0.055 0.02 0.015 0.017 0.017 0.015 0.02 0.022 0.009 0.201 0.194 0.024 0.037 0.042 0.015 0.027 0.042 0.006 0.021 0.201
299 N 0.045 0.116 0.152 0.05 0.009 0.037 0.049 0.045 0.03 0.027 0.043 0.109 0.014 0.039 0.02 0.053 0.039 0.009 0.079 0.032
300 T 0.072 0.034 0.04 0.035 0.016 0.027 0.039 0.043 0.021 0.046 0.06 0.043 0.018 0.044 0.025 0.108 0.178 0.01 0.08 0.059
301 G 0.076 0.093 0.041 0.035 0.011 0.027 0.036 0.331 0.016 0.022 0.034 0.054 0.012 0.017 0.021 0.086 0.04 0.005 0.013 0.029
302 R 0.049 0.189 0.034 0.032 0.01 0.043 0.052 0.034 0.019 0.077 0.068 0.169 0.019 0.022 0.021 0.043 0.037 0.005 0.018 0.06
303 L 0.049 0.022 0.014 0.016 0.016 0.015 0.02 0.021 0.009 0.157 0.291 0.025 0.043 0.048 0.014 0.026 0.037 0.006 0.021 0.148
304 N 0.042 0.041 0.278 0.147 0.009 0.032 0.057 0.06 0.028 0.022 0.03 0.051 0.011 0.017 0.02 0.065 0.046 0.004 0.015 0.026
305 I 0.051 0.018 0.015 0.017 0.016 0.014 0.018 0.021 0.009 0.261 0.157 0.024 0.035 0.042 0.015 0.026 0.041 0.006 0.02 0.195
306 Y 0.04 0.026 0.02 0.018 0.011 0.02 0.025 0.025 0.033 0.059 0.103 0.029 0.052 0.177 0.014 0.03 0.029 0.021 0.211 0.057
307 F 0.089 0.023 0.019 0.019 0.012 0.016 0.025 0.035 0.022 0.054 0.092 0.026 0.022 0.269 0.015 0.038 0.03 0.016 0.122 0.055
308 F 0.045 0.02 0.016 0.017 0.014 0.013 0.019 0.023 0.012 0.137 0.181 0.022 0.033 0.186 0.013 0.026 0.034 0.01 0.047 0.132
309 G 0.089 0.029 0.044 0.039 0.013 0.024 0.036 0.338 0.015 0.023 0.033 0.041 0.012 0.018 0.023 0.124 0.05 0.005 0.013 0.031
310 L 0.051 0.021 0.015 0.016 0.017 0.015 0.02 0.021 0.009 0.187 0.245 0.024 0.04 0.045 0.015 0.026 0.039 0.006 0.021 0.168
311 F 0.047 0.02 0.016 0.017 0.014 0.013 0.02 0.025 0.013 0.102 0.118 0.021 0.027 0.253 0.013 0.028 0.034 0.012 0.06 0.146
312 L 0.04 0.02 0.015 0.016 0.014 0.013 0.019 0.022 0.012 0.127 0.233 0.022 0.037 0.19 0.013 0.024 0.031 0.011 0.048 0.094
313 T 0.061 0.028 0.031 0.029 0.017 0.021 0.03 0.034 0.012 0.145 0.104 0.036 0.026 0.031 0.022 0.064 0.172 0.006 0.019 0.111
314 A 0.179 0.029 0.027 0.029 0.019 0.023 0.036 0.055 0.013 0.081 0.09 0.039 0.022 0.027 0.024 0.095 0.054 0.005 0.018 0.132
315 L 0.114 0.03 0.03 0.029 0.018 0.023 0.034 0.045 0.013 0.07 0.188 0.038 0.03 0.034 0.023 0.091 0.091 0.006 0.019 0.073
316 L 0.054 0.026 0.022 0.022 0.015 0.018 0.026 0.031 0.013 0.086 0.263 0.029 0.037 0.116 0.016 0.066 0.041 0.009 0.034 0.076
317 W 0.03 0.022 0.015 0.015 0.007 0.015 0.022 0.03 0.015 0.03 0.052 0.022 0.015 0.059 0.007 0.022 0.022 0.502 0.067 0.03
318 I 0.058 0.019 0.015 0.017 0.016 0.014 0.019 0.023 0.009 0.231 0.202 0.024 0.037 0.044 0.015 0.027 0.039 0.006 0.02 0.162
319 L 0.044 0.024 0.014 0.015 0.016 0.016 0.02 0.021 0.01 0.113 0.388 0.025 0.049 0.054 0.014 0.024 0.033 0.007 0.022 0.094
320 F 0.033 0.019 0.017 0.017 0.01 0.01 0.019 0.025 0.017 0.062 0.112 0.019 0.025 0.399 0.01 0.025 0.025 0.017 0.087 0.054
