#Seq2Logo.py -f /work3/idamei/ssn-clusterings/clustering/2205111339/clusters/0009_206/sequences.afa -o /work3/idamei/ssn-clusterings/clustering/2205111339/clusters/0009_206/sequences.logo
#Position Specific Frequency Matrix
A R N D C Q E G H I L K M F P S T W Y V
0 L 0.052 0.032 0.02 0.02 0.016 0.028 0.028 0.028 0.016 0.099 0.195 0.036 0.168 0.048 0.016 0.036 0.04 0.008 0.024 0.092
1 D 0.04 0.029 0.05 0.249 0.008 0.026 0.065 0.038 0.03 0.031 0.044 0.039 0.013 0.061 0.02 0.043 0.032 0.013 0.136 0.033
2 I 0.048 0.019 0.016 0.019 0.016 0.014 0.019 0.022 0.009 0.263 0.16 0.025 0.035 0.042 0.015 0.029 0.054 0.006 0.02 0.168
3 L 0.04 0.022 0.015 0.016 0.014 0.014 0.019 0.023 0.013 0.105 0.26 0.022 0.039 0.189 0.013 0.025 0.03 0.011 0.048 0.084
4 L 0.046 0.02 0.014 0.017 0.016 0.014 0.019 0.021 0.009 0.212 0.252 0.024 0.042 0.048 0.014 0.024 0.037 0.006 0.021 0.143
5 L 0.04 0.022 0.015 0.016 0.014 0.014 0.02 0.023 0.013 0.094 0.274 0.023 0.04 0.19 0.013 0.025 0.03 0.011 0.048 0.079
6 S 0.093 0.033 0.039 0.036 0.018 0.026 0.04 0.049 0.015 0.083 0.077 0.043 0.022 0.027 0.024 0.149 0.068 0.005 0.019 0.135
7 L 0.045 0.021 0.014 0.016 0.016 0.015 0.019 0.021 0.009 0.201 0.267 0.024 0.042 0.049 0.014 0.024 0.036 0.006 0.021 0.138
8 F 0.033 0.019 0.017 0.017 0.011 0.011 0.019 0.025 0.017 0.063 0.113 0.019 0.025 0.392 0.011 0.025 0.025 0.017 0.088 0.055
9 A 0.206 0.027 0.022 0.025 0.02 0.022 0.033 0.056 0.012 0.091 0.087 0.037 0.023 0.027 0.024 0.064 0.049 0.005 0.019 0.151
10 L 0.046 0.02 0.014 0.017 0.016 0.014 0.019 0.021 0.009 0.212 0.252 0.024 0.042 0.048 0.014 0.024 0.037 0.006 0.021 0.143
11 V 0.069 0.022 0.016 0.018 0.019 0.016 0.023 0.024 0.008 0.163 0.129 0.026 0.031 0.035 0.016 0.033 0.049 0.005 0.02 0.276
12 V 0.14 0.026 0.02 0.022 0.019 0.021 0.029 0.043 0.012 0.107 0.116 0.033 0.049 0.053 0.02 0.05 0.046 0.006 0.024 0.164
13 L 0.074 0.023 0.016 0.017 0.018 0.017 0.023 0.026 0.009 0.14 0.209 0.027 0.036 0.041 0.016 0.033 0.044 0.006 0.021 0.204
14 L 0.044 0.024 0.015 0.015 0.016 0.016 0.02 0.022 0.011 0.111 0.356 0.025 0.054 0.073 0.014 0.025 0.033 0.008 0.026 0.093
15 S 0.14 0.038 0.049 0.045 0.018 0.032 0.05 0.068 0.018 0.032 0.044 0.052 0.016 0.021 0.029 0.204 0.076 0.005 0.017 0.046
16 L 0.039 0.021 0.015 0.016 0.013 0.013 0.019 0.023 0.013 0.089 0.247 0.022 0.037 0.224 0.012 0.025 0.029 0.012 0.055 0.075
17 V 0.062 0.022 0.016 0.017 0.018 0.016 0.022 0.024 0.009 0.173 0.167 0.026 0.042 0.04 0.016 0.031 0.045 0.006 0.021 0.229
18 E 0.055 0.049 0.04 0.089 0.007 0.064 0.303 0.035 0.026 0.022 0.036 0.075 0.013 0.016 0.026 0.055 0.036 0.005 0.016 0.031
19 D 0.041 0.03 0.068 0.403 0.007 0.03 0.09 0.046 0.019 0.022 0.028 0.044 0.009 0.015 0.022 0.052 0.035 0.004 0.011 0.024
20 Y 0.041 0.035 0.034 0.026 0.009 0.028 0.038 0.03 0.169 0.035 0.056 0.037 0.017 0.091 0.017 0.035 0.027 0.02 0.22 0.037
21 L 0.051 0.027 0.019 0.02 0.016 0.023 0.025 0.026 0.013 0.156 0.178 0.032 0.116 0.045 0.016 0.035 0.052 0.007 0.022 0.118
22 P 0.049 0.027 0.037 0.152 0.01 0.023 0.051 0.037 0.014 0.039 0.091 0.039 0.016 0.02 0.259 0.043 0.035 0.004 0.014 0.039
23 S 0.114 0.038 0.038 0.035 0.015 0.029 0.043 0.053 0.027 0.036 0.053 0.057 0.017 0.057 0.025 0.128 0.056 0.013 0.12 0.047
24 W 0.035 0.132 0.023 0.02 0.008 0.026 0.032 0.031 0.018 0.028 0.05 0.055 0.015 0.046 0.011 0.03 0.027 0.334 0.051 0.03
25 Q 0.056 0.084 0.043 0.045 0.009 0.166 0.091 0.041 0.026 0.027 0.045 0.155 0.019 0.015 0.025 0.055 0.04 0.006 0.019 0.034
26 K 0.052 0.188 0.04 0.038 0.008 0.051 0.064 0.039 0.021 0.026 0.044 0.23 0.015 0.016 0.025 0.05 0.038 0.005 0.017 0.032
27 L 0.048 0.024 0.016 0.017 0.016 0.018 0.021 0.023 0.011 0.159 0.266 0.027 0.071 0.049 0.015 0.027 0.037 0.007 0.022 0.127
28 L 0.045 0.025 0.018 0.019 0.013 0.018 0.025 0.025 0.022 0.094 0.195 0.029 0.031 0.071 0.095 0.03 0.032 0.013 0.121 0.077
29 I 0.065 0.022 0.02 0.021 0.017 0.017 0.023 0.027 0.01 0.209 0.167 0.028 0.034 0.04 0.017 0.039 0.075 0.006 0.02 0.143
30 L 0.045 0.022 0.014 0.016 0.016 0.015 0.019 0.021 0.01 0.169 0.31 0.024 0.045 0.051 0.014 0.024 0.035 0.007 0.022 0.122
31 L 0.045 0.021 0.016 0.018 0.015 0.014 0.02 0.023 0.011 0.175 0.224 0.024 0.038 0.104 0.014 0.028 0.047 0.008 0.032 0.122
32 A 0.149 0.027 0.03 0.03 0.096 0.022 0.033 0.132 0.013 0.058 0.063 0.037 0.018 0.022 0.024 0.082 0.07 0.005 0.016 0.074
33 I 0.13 0.023 0.018 0.021 0.018 0.018 0.025 0.04 0.011 0.182 0.154 0.03 0.031 0.037 0.019 0.044 0.042 0.006 0.02 0.13
34 G 0.077 0.02 0.025 0.024 0.119 0.016 0.022 0.219 0.011 0.112 0.084 0.028 0.02 0.026 0.017 0.042 0.035 0.005 0.015 0.084
35 I 0.05 0.021 0.017 0.022 0.014 0.016 0.024 0.026 0.01 0.185 0.135 0.029 0.028 0.034 0.176 0.031 0.038 0.005 0.018 0.122
36 A 0.162 0.024 0.021 0.024 0.097 0.019 0.029 0.049 0.012 0.122 0.096 0.033 0.024 0.029 0.022 0.057 0.055 0.005 0.017 0.102
37 L 0.048 0.028 0.017 0.018 0.016 0.023 0.024 0.025 0.013 0.106 0.278 0.031 0.116 0.051 0.015 0.031 0.037 0.008 0.023 0.093
38 I 0.05 0.018 0.015 0.018 0.017 0.014 0.018 0.021 0.009 0.259 0.16 0.024 0.036 0.042 0.015 0.026 0.041 0.006 0.02 0.192
39 C 0.14 0.021 0.019 0.021 0.306 0.016 0.024 0.047 0.011 0.045 0.065 0.028 0.017 0.041 0.02 0.054 0.04 0.005 0.018 0.06
40 I 0.131 0.022 0.018 0.021 0.018 0.017 0.025 0.04 0.011 0.193 0.128 0.03 0.03 0.036 0.02 0.045 0.043 0.006 0.019 0.145
41 A 0.224 0.034 0.036 0.037 0.02 0.028 0.045 0.073 0.016 0.038 0.052 0.048 0.017 0.021 0.029 0.14 0.062 0.005 0.017 0.058
42 T 0.086 0.033 0.041 0.036 0.017 0.026 0.037 0.124 0.014 0.047 0.058 0.043 0.018 0.022 0.026 0.085 0.205 0.006 0.016 0.062
43 F 0.033 0.019 0.017 0.017 0.01 0.01 0.019 0.025 0.017 0.063 0.113 0.019 0.025 0.393 0.01 0.025 0.025 0.017 0.088 0.054
44 K 0.056 0.106 0.041 0.041 0.009 0.053 0.07 0.043 0.02 0.027 0.043 0.285 0.015 0.015 0.027 0.053 0.039 0.005 0.017 0.032
45 P 0.051 0.027 0.038 0.155 0.009 0.024 0.054 0.039 0.015 0.024 0.033 0.042 0.01 0.013 0.34 0.046 0.036 0.003 0.012 0.028
46 L 0.048 0.025 0.017 0.018 0.016 0.02 0.023 0.024 0.012 0.162 0.227 0.029 0.098 0.048 0.015 0.029 0.038 0.007 0.022 0.12
47 T 0.078 0.036 0.045 0.039 0.018 0.028 0.041 0.047 0.015 0.049 0.061 0.046 0.019 0.023 0.028 0.114 0.225 0.006 0.018 0.065
48 T 0.071 0.031 0.034 0.031 0.018 0.024 0.034 0.037 0.012 0.09 0.086 0.039 0.023 0.027 0.024 0.072 0.186 0.006 0.019 0.139
49 V 0.07 0.022 0.017 0.018 0.019 0.017 0.023 0.025 0.008 0.165 0.131 0.026 0.032 0.036 0.017 0.033 0.05 0.006 0.021 0.267
50 A 0.203 0.033 0.035 0.035 0.02 0.027 0.042 0.066 0.015 0.043 0.057 0.046 0.018 0.022 0.029 0.11 0.112 0.005 0.017 0.064
51 D 0.041 0.03 0.068 0.403 0.007 0.03 0.09 0.046 0.019 0.022 0.028 0.044 0.009 0.015 0.022 0.052 0.035 0.004 0.011 0.024
52 A 0.234 0.034 0.035 0.036 0.02 0.028 0.044 0.074 0.016 0.038 0.053 0.047 0.017 0.021 0.029 0.132 0.06 0.005 0.017 0.059
53 E 0.066 0.134 0.087 0.064 0.009 0.05 0.15 0.044 0.025 0.024 0.04 0.092 0.014 0.017 0.023 0.065 0.041 0.005 0.017 0.033
54 A 0.143 0.036 0.1 0.045 0.017 0.028 0.042 0.061 0.018 0.041 0.054 0.047 0.017 0.021 0.027 0.092 0.131 0.005 0.017 0.058
55 Y 0.04 0.028 0.022 0.019 0.009 0.022 0.028 0.025 0.046 0.043 0.068 0.031 0.019 0.13 0.015 0.031 0.028 0.028 0.325 0.046
56 E 0.055 0.049 0.04 0.089 0.007 0.064 0.303 0.035 0.026 0.022 0.036 0.075 0.013 0.016 0.026 0.055 0.036 0.005 0.016 0.031
57 Y 0.068 0.056 0.053 0.036 0.012 0.03 0.042 0.044 0.032 0.035 0.053 0.06 0.017 0.068 0.022 0.111 0.051 0.015 0.154 0.042
58 Y 0.044 0.03 0.038 0.022 0.012 0.024 0.028 0.028 0.034 0.062 0.111 0.033 0.069 0.111 0.016 0.034 0.033 0.019 0.194 0.061
59 F 0.036 0.022 0.018 0.017 0.01 0.014 0.022 0.025 0.027 0.056 0.098 0.023 0.023 0.305 0.012 0.027 0.026 0.02 0.167 0.052
60 Y 0.04 0.028 0.022 0.019 0.009 0.022 0.028 0.025 0.046 0.043 0.068 0.031 0.019 0.13 0.015 0.031 0.028 0.028 0.325 0.046
61 N 0.039 0.035 0.188 0.053 0.009 0.025 0.037 0.047 0.03 0.037 0.06 0.04 0.016 0.141 0.017 0.05 0.039 0.012 0.087 0.038
62 N 0.044 0.044 0.293 0.077 0.009 0.033 0.049 0.062 0.049 0.024 0.033 0.052 0.012 0.019 0.02 0.069 0.059 0.005 0.018 0.029
63 D 0.041 0.029 0.061 0.339 0.008 0.028 0.08 0.043 0.023 0.026 0.034 0.042 0.011 0.034 0.021 0.048 0.034 0.008 0.063 0.028
64 D 0.059 0.034 0.136 0.274 0.009 0.031 0.074 0.054 0.022 0.024 0.031 0.047 0.011 0.016 0.022 0.068 0.042 0.004 0.013 0.028
65 I 0.132 0.024 0.02 0.024 0.017 0.019 0.029 0.043 0.012 0.134 0.113 0.034 0.025 0.03 0.127 0.049 0.042 0.005 0.018 0.103
66 L 0.045 0.021 0.014 0.016 0.016 0.015 0.019 0.021 0.009 0.196 0.274 0.024 0.043 0.049 0.014 0.024 0.036 0.006 0.021 0.135
67 I 0.054 0.019 0.015 0.018 0.017 0.014 0.019 0.022 0.009 0.24 0.154 0.024 0.035 0.041 0.015 0.027 0.043 0.006 0.02 0.209
68 E 0.055 0.051 0.04 0.087 0.007 0.073 0.292 0.035 0.026 0.022 0.037 0.076 0.013 0.016 0.025 0.055 0.037 0.005 0.017 0.031
69 I 0.069 0.025 0.025 0.024 0.017 0.019 0.026 0.031 0.011 0.163 0.162 0.032 0.032 0.037 0.02 0.05 0.11 0.006 0.02 0.121
70 A 0.242 0.029 0.023 0.027 0.02 0.024 0.036 0.065 0.014 0.076 0.096 0.04 0.03 0.027 0.026 0.072 0.047 0.006 0.018 0.083
71 T 0.072 0.035 0.043 0.037 0.018 0.027 0.039 0.043 0.014 0.053 0.064 0.045 0.02 0.023 0.027 0.092 0.254 0.006 0.018 0.07
72 E 0.055 0.049 0.04 0.089 0.007 0.064 0.303 0.035 0.026 0.022 0.036 0.075 0.013 0.016 0.026 0.055 0.036 0.005 0.016 0.031
73 P 0.056 0.026 0.023 0.031 0.01 0.02 0.036 0.036 0.013 0.026 0.036 0.041 0.01 0.013 0.499 0.043 0.036 0.003 0.013 0.031
74 T 0.084 0.037 0.047 0.041 0.018 0.029 0.043 0.051 0.015 0.045 0.057 0.048 0.018 0.023 0.028 0.137 0.196 0.006 0.018 0.061
75 Y 0.038 0.024 0.02 0.018 0.01 0.017 0.024 0.025 0.035 0.051 0.085 0.026 0.021 0.232 0.014 0.029 0.027 0.023 0.233 0.049
76 I 0.048 0.037 0.017 0.019 0.016 0.016 0.021 0.022 0.01 0.242 0.166 0.03 0.035 0.042 0.015 0.03 0.051 0.006 0.02 0.157
77 Y 0.041 0.03 0.023 0.02 0.009 0.033 0.032 0.026 0.045 0.042 0.067 0.034 0.019 0.123 0.016 0.032 0.028 0.027 0.308 0.046
78 L 0.044 0.024 0.014 0.015 0.016 0.016 0.02 0.021 0.01 0.114 0.382 0.025 0.049 0.054 0.014 0.024 0.033 0.007 0.022 0.095
79 S 0.109 0.04 0.054 0.048 0.017 0.033 0.052 0.066 0.019 0.029 0.041 0.054 0.016 0.021 0.029 0.228 0.081 0.005 0.017 0.041
80 R 0.044 0.351 0.038 0.031 0.008 0.048 0.052 0.033 0.023 0.023 0.046 0.119 0.015 0.017 0.019 0.044 0.035 0.006 0.017 0.031
81 L 0.042 0.02 0.015 0.016 0.014 0.014 0.019 0.022 0.011 0.155 0.235 0.023 0.038 0.145 0.013 0.025 0.033 0.009 0.04 0.11
82 F 0.051 0.022 0.017 0.017 0.014 0.015 0.022 0.025 0.018 0.104 0.113 0.024 0.027 0.19 0.014 0.029 0.036 0.014 0.097 0.152
83 L 0.048 0.024 0.014 0.015 0.017 0.016 0.021 0.022 0.01 0.122 0.34 0.025 0.046 0.051 0.014 0.025 0.036 0.007 0.022 0.125
84 F 0.078 0.032 0.039 0.035 0.015 0.024 0.038 0.048 0.017 0.047 0.086 0.04 0.021 0.147 0.022 0.141 0.069 0.009 0.041 0.05
85 F 0.041 0.02 0.018 0.018 0.091 0.013 0.02 0.026 0.033 0.075 0.134 0.021 0.026 0.254 0.013 0.028 0.029 0.012 0.062 0.064
86 G 0.078 0.023 0.039 0.033 0.011 0.019 0.025 0.515 0.013 0.019 0.028 0.033 0.009 0.016 0.019 0.051 0.029 0.005 0.011 0.024
87 G 0.052 0.021 0.026 0.024 0.01 0.015 0.022 0.244 0.015 0.038 0.065 0.026 0.016 0.17 0.014 0.036 0.027 0.092 0.05 0.037
88 G 0.066 0.044 0.041 0.071 0.009 0.038 0.114 0.277 0.018 0.021 0.033 0.087 0.011 0.016 0.022 0.052 0.033 0.005 0.013 0.027
89 V 0.058 0.02 0.015 0.018 0.018 0.015 0.02 0.022 0.008 0.221 0.148 0.025 0.034 0.04 0.015 0.029 0.044 0.006 0.02 0.226
90 A 0.139 0.025 0.025 0.026 0.017 0.02 0.029 0.125 0.012 0.125 0.094 0.034 0.023 0.029 0.022 0.057 0.065 0.006 0.017 0.108
91 A 0.196 0.027 0.021 0.024 0.02 0.021 0.033 0.054 0.012 0.096 0.09 0.036 0.024 0.028 0.024 0.061 0.049 0.005 0.019 0.161
92 V 0.055 0.023 0.017 0.018 0.017 0.018 0.022 0.024 0.011 0.181 0.174 0.028 0.072 0.043 0.016 0.03 0.042 0.006 0.021 0.181
93 F 0.033 0.019 0.017 0.017 0.01 0.01 0.019 0.025 0.017 0.063 0.113 0.019 0.025 0.393 0.01 0.025 0.025 0.017 0.088 0.054
94 F 0.037 0.021 0.016 0.016 0.012 0.012 0.019 0.024 0.014 0.08 0.203 0.021 0.033 0.28 0.012 0.025 0.028 0.013 0.066 0.068
95 I 0.098 0.024 0.023 0.024 0.018 0.019 0.027 0.036 0.011 0.17 0.12 0.032 0.029 0.034 0.02 0.051 0.09 0.006 0.019 0.151
96 Y 0.04 0.028 0.022 0.019 0.009 0.022 0.028 0.025 0.046 0.043 0.068 0.031 0.019 0.13 0.015 0.031 0.028 0.028 0.325 0.046
97 A 0.297 0.031 0.025 0.029 0.021 0.025 0.04 0.078 0.015 0.043 0.059 0.044 0.017 0.021 0.029 0.084 0.049 0.005 0.017 0.068
98 L 0.059 0.022 0.015 0.017 0.016 0.016 0.02 0.024 0.01 0.165 0.292 0.026 0.043 0.049 0.015 0.028 0.036 0.007 0.021 0.12
99 L 0.046 0.022 0.015 0.017 0.016 0.016 0.02 0.022 0.011 0.191 0.228 0.026 0.061 0.067 0.014 0.026 0.037 0.007 0.025 0.132
100 A 0.234 0.034 0.035 0.036 0.02 0.028 0.044 0.074 0.016 0.038 0.053 0.047 0.017 0.021 0.029 0.132 0.06 0.005 0.017 0.059
101 I 0.048 0.018 0.015 0.018 0.016 0.013 0.018 0.021 0.009 0.272 0.164 0.024 0.036 0.043 0.015 0.025 0.04 0.006 0.02 0.181
102 P 0.078 0.032 0.036 0.038 0.013 0.026 0.042 0.048 0.015 0.029 0.04 0.046 0.013 0.016 0.29 0.118 0.066 0.004 0.015 0.037
103 L 0.047 0.023 0.015 0.017 0.016 0.017 0.021 0.022 0.011 0.16 0.277 0.026 0.065 0.049 0.015 0.027 0.037 0.007 0.022 0.127
104 K 0.056 0.106 0.041 0.041 0.009 0.053 0.07 0.043 0.02 0.027 0.043 0.285 0.015 0.015 0.027 0.053 0.039 0.005 0.017 0.032
105 L 0.047 0.027 0.016 0.017 0.016 0.02 0.023 0.023 0.012 0.109 0.319 0.029 0.089 0.052 0.015 0.028 0.035 0.007 0.023 0.094
106 I 0.069 0.028 0.031 0.029 0.017 0.022 0.031 0.036 0.012 0.142 0.105 0.036 0.026 0.032 0.022 0.082 0.119 0.006 0.019 0.135
107 I 0.065 0.02 0.016 0.018 0.017 0.015 0.021 0.025 0.01 0.209 0.163 0.026 0.042 0.061 0.016 0.03 0.041 0.007 0.024 0.176
108 L 0.044 0.021 0.015 0.016 0.015 0.014 0.019 0.021 0.01 0.163 0.28 0.024 0.042 0.088 0.014 0.024 0.034 0.008 0.029 0.117
109 W 0.034 0.03 0.118 0.037 0.008 0.021 0.031 0.042 0.02 0.027 0.045 0.033 0.014 0.046 0.012 0.038 0.031 0.333 0.05 0.029
110 K 0.056 0.103 0.057 0.043 0.009 0.052 0.069 0.044 0.021 0.027 0.042 0.272 0.015 0.015 0.027 0.054 0.04 0.005 0.017 0.032
111 L 0.057 0.03 0.026 0.025 0.017 0.025 0.03 0.031 0.014 0.105 0.169 0.036 0.091 0.04 0.019 0.052 0.11 0.007 0.021 0.094
112 T 0.072 0.035 0.043 0.037 0.018 0.027 0.039 0.043 0.014 0.053 0.064 0.045 0.02 0.023 0.027 0.092 0.254 0.006 0.018 0.07
113 P 0.056 0.026 0.023 0.031 0.01 0.02 0.036 0.036 0.013 0.026 0.036 0.041 0.01 0.013 0.499 0.043 0.036 0.003 0.013 0.031
114 Y 0.039 0.026 0.021 0.018 0.009 0.019 0.026 0.025 0.04 0.048 0.078 0.028 0.02 0.188 0.014 0.03 0.027 0.025 0.272 0.048
115 L 0.057 0.022 0.015 0.017 0.018 0.016 0.021 0.023 0.009 0.166 0.219 0.025 0.038 0.043 0.015 0.028 0.042 0.006 0.021 0.199
116 F 0.033 0.019 0.017 0.017 0.01 0.01 0.019 0.025 0.017 0.063 0.113 0.019 0.025 0.393 0.01 0.025 0.025 0.017 0.088 0.054
117 T 0.084 0.037 0.047 0.041 0.018 0.029 0.043 0.051 0.015 0.045 0.057 0.048 0.018 0.023 0.028 0.137 0.196 0.006 0.018 0.061
118 A 0.287 0.031 0.027 0.03 0.021 0.026 0.041 0.077 0.015 0.042 0.058 0.045 0.017 0.021 0.029 0.092 0.051 0.005 0.017 0.067
119 L 0.046 0.026 0.016 0.016 0.016 0.019 0.022 0.023 0.012 0.11 0.33 0.028 0.082 0.052 0.015 0.027 0.035 0.007 0.023 0.094
120 I 0.054 0.019 0.015 0.017 0.017 0.014 0.02 0.022 0.009 0.231 0.166 0.024 0.035 0.042 0.015 0.027 0.042 0.006 0.02 0.204
121 V 0.061 0.021 0.016 0.018 0.018 0.016 0.022 0.024 0.009 0.194 0.136 0.026 0.032 0.037 0.043 0.031 0.045 0.005 0.02 0.229
122 Y 0.04 0.028 0.022 0.019 0.009 0.022 0.028 0.025 0.046 0.043 0.068 0.031 0.019 0.13 0.015 0.031 0.028 0.028 0.325 0.046
123 I 0.054 0.022 0.016 0.018 0.017 0.017 0.021 0.023 0.01 0.197 0.174 0.027 0.065 0.043 0.015 0.029 0.042 0.006 0.021 0.18
124 G 0.07 0.024 0.033 0.032 0.011 0.019 0.029 0.355 0.013 0.021 0.031 0.036 0.01 0.015 0.179 0.048 0.032 0.004 0.011 0.026
125 I 0.054 0.019 0.015 0.018 0.017 0.014 0.019 0.022 0.009 0.24 0.154 0.024 0.035 0.041 0.015 0.027 0.043 0.006 0.02 0.209
126 Y 0.04 0.028 0.022 0.019 0.009 0.022 0.028 0.025 0.046 0.043 0.068 0.031 0.019 0.13 0.015 0.031 0.028 0.028 0.325 0.046
127 Y 0.04 0.028 0.022 0.019 0.009 0.022 0.028 0.025 0.046 0.043 0.068 0.031 0.019 0.13 0.015 0.031 0.028 0.028 0.325 0.046
128 P 0.056 0.033 0.029 0.05 0.009 0.035 0.125 0.035 0.017 0.024 0.036 0.052 0.011 0.014 0.341 0.047 0.036 0.004 0.014 0.031
129 L 0.046 0.044 0.017 0.017 0.016 0.02 0.024 0.023 0.012 0.106 0.322 0.033 0.074 0.051 0.015 0.028 0.035 0.007 0.022 0.091
130 H 0.044 0.05 0.051 0.039 0.008 0.069 0.061 0.038 0.306 0.023 0.039 0.053 0.016 0.028 0.02 0.044 0.029 0.007 0.051 0.025
131 D 0.041 0.03 0.068 0.403 0.007 0.03 0.09 0.046 0.019 0.022 0.028 0.044 0.009 0.015 0.022 0.052 0.035 0.004 0.011 0.024
132 V 0.061 0.022 0.016 0.017 0.018 0.016 0.022 0.023 0.009 0.147 0.213 0.026 0.037 0.042 0.016 0.03 0.044 0.006 0.021 0.216
133 V 0.068 0.021 0.016 0.018 0.019 0.016 0.023 0.024 0.008 0.169 0.131 0.026 0.032 0.036 0.016 0.032 0.048 0.005 0.02 0.271
134 Q 0.069 0.07 0.043 0.046 0.009 0.212 0.098 0.043 0.028 0.027 0.047 0.088 0.02 0.015 0.024 0.057 0.041 0.006 0.02 0.037
135 I 0.047 0.018 0.015 0.018 0.016 0.013 0.018 0.02 0.009 0.278 0.166 0.023 0.036 0.044 0.015 0.025 0.039 0.006 0.02 0.175
136 R 0.044 0.351 0.038 0.031 0.008 0.048 0.052 0.033 0.023 0.023 0.046 0.119 0.015 0.017 0.019 0.044 0.035 0.006 0.017 0.031
137 C 0.144 0.022 0.021 0.022 0.307 0.018 0.026 0.049 0.011 0.043 0.061 0.03 0.017 0.021 0.021 0.065 0.043 0.005 0.014 0.059
138 G 0.151 0.025 0.034 0.032 0.014 0.021 0.03 0.369 0.014 0.027 0.038 0.037 0.012 0.018 0.022 0.062 0.036 0.005 0.013 0.039
139 V 0.082 0.022 0.017 0.018 0.019 0.017 0.024 0.027 0.008 0.156 0.125 0.027 0.031 0.035 0.017 0.035 0.049 0.005 0.02 0.265
140 A 0.297 0.031 0.025 0.029 0.021 0.025 0.04 0.078 0.015 0.043 0.059 0.044 0.017 0.021 0.029 0.084 0.049 0.005 0.017 0.068
141 G 0.148 0.027 0.031 0.03 0.017 0.022 0.032 0.209 0.013 0.056 0.061 0.038 0.017 0.022 0.023 0.066 0.077 0.005 0.016 0.088
142 A 0.261 0.029 0.028 0.03 0.02 0.024 0.038 0.15 0.014 0.039 0.054 0.042 0.016 0.02 0.028 0.079 0.046 0.005 0.016 0.061
143 F 0.033 0.019 0.017 0.017 0.01 0.01 0.019 0.025 0.017 0.063 0.113 0.019 0.025 0.393 0.01 0.025 0.025 0.017 0.088 0.054
144 L 0.044 0.024 0.014 0.015 0.016 0.016 0.02 0.021 0.01 0.114 0.382 0.025 0.049 0.054 0.014 0.024 0.033 0.007 0.022 0.095
145 L 0.046 0.026 0.016 0.017 0.016 0.02 0.023 0.024 0.012 0.106 0.304 0.028 0.088 0.071 0.014 0.028 0.035 0.008 0.026 0.092
146 W 0.035 0.023 0.015 0.015 0.01 0.015 0.022 0.027 0.013 0.058 0.162 0.023 0.026 0.058 0.01 0.023 0.026 0.334 0.052 0.052
147 A 0.274 0.031 0.028 0.031 0.021 0.026 0.041 0.075 0.015 0.043 0.058 0.045 0.017 0.021 0.029 0.093 0.063 0.005 0.017 0.067
148 L 0.046 0.024 0.015 0.016 0.016 0.017 0.021 0.022 0.011 0.148 0.303 0.026 0.066 0.051 0.014 0.026 0.036 0.007 0.022 0.112
149 I 0.047 0.021 0.017 0.018 0.014 0.016 0.022 0.022 0.021 0.187 0.129 0.026 0.03 0.071 0.015 0.028 0.037 0.013 0.122 0.143
150 P 0.052 0.025 0.02 0.025 0.012 0.019 0.031 0.031 0.012 0.055 0.151 0.036 0.023 0.027 0.337 0.037 0.035 0.004 0.016 0.052
151 L 0.043 0.025 0.017 0.016 0.014 0.018 0.023 0.022 0.022 0.091 0.277 0.027 0.039 0.079 0.015 0.026 0.031 0.014 0.123 0.079
152 A 0.23 0.041 0.03 0.037 0.018 0.071 0.068 0.067 0.018 0.038 0.055 0.056 0.018 0.02 0.028 0.076 0.047 0.005 0.018 0.059
153 K 0.051 0.076 0.05 0.165 0.008 0.055 0.092 0.043 0.021 0.025 0.038 0.182 0.013 0.015 0.025 0.053 0.038 0.005 0.015 0.03
154 R 0.049 0.256 0.039 0.035 0.008 0.05 0.059 0.037 0.022 0.025 0.045 0.184 0.015 0.016 0.022 0.048 0.036 0.006 0.017 0.031
155 R 0.049 0.178 0.043 0.039 0.008 0.114 0.072 0.037 0.082 0.024 0.045 0.105 0.017 0.018 0.021 0.049 0.036 0.006 0.025 0.031
156 Y 0.04 0.028 0.022 0.019 0.009 0.022 0.028 0.025 0.046 0.043 0.068 0.031 0.019 0.13 0.015 0.031 0.028 0.028 0.325 0.046
157 L 0.041 0.022 0.015 0.016 0.014 0.014 0.02 0.022 0.012 0.097 0.292 0.023 0.041 0.167 0.013 0.024 0.03 0.01 0.044 0.082
158 H 0.047 0.071 0.037 0.032 0.01 0.046 0.049 0.034 0.134 0.05 0.127 0.099 0.032 0.037 0.02 0.04 0.033 0.008 0.049 0.047
159 A 0.21 0.032 0.032 0.032 0.02 0.026 0.04 0.064 0.014 0.047 0.061 0.044 0.018 0.022 0.029 0.087 0.129 0.006 0.017 0.069
160 T 0.083 0.034 0.039 0.034 0.018 0.026 0.037 0.043 0.013 0.062 0.085 0.043 0.022 0.026 0.026 0.084 0.219 0.006 0.018 0.083
161 L 0.069 0.022 0.017 0.018 0.017 0.016 0.022 0.053 0.01 0.158 0.212 0.026 0.036 0.042 0.016 0.032 0.04 0.006 0.02 0.168
162 L 0.128 0.026 0.018 0.02 0.018 0.019 0.027 0.04 0.012 0.09 0.274 0.031 0.039 0.043 0.019 0.044 0.039 0.006 0.02 0.086
163 F 0.052 0.027 0.028 0.026 0.014 0.019 0.028 0.033 0.015 0.064 0.121 0.031 0.025 0.191 0.018 0.055 0.128 0.011 0.049 0.066
164 I 0.046 0.019 0.014 0.017 0.016 0.014 0.018 0.021 0.009 0.242 0.214 0.024 0.039 0.046 0.014 0.025 0.038 0.006 0.021 0.157
165 C 0.156 0.023 0.02 0.022 0.177 0.018 0.027 0.048 0.011 0.077 0.08 0.031 0.021 0.025 0.021 0.055 0.045 0.005 0.016 0.122
166 A 0.297 0.031 0.025 0.029 0.021 0.025 0.04 0.078 0.015 0.043 0.059 0.044 0.017 0.021 0.029 0.084 0.049 0.005 0.017 0.068
167 I 0.071 0.026 0.027 0.026 0.017 0.02 0.028 0.033 0.011 0.168 0.122 0.034 0.036 0.035 0.02 0.055 0.123 0.006 0.019 0.124
168 L 0.049 0.029 0.018 0.018 0.016 0.023 0.025 0.025 0.014 0.105 0.268 0.032 0.122 0.05 0.015 0.031 0.037 0.008 0.023 0.093
169 F 0.044 0.018 0.017 0.017 0.17 0.011 0.018 0.027 0.014 0.057 0.097 0.019 0.022 0.269 0.012 0.03 0.029 0.013 0.063 0.055
170 H 0.042 0.045 0.053 0.038 0.008 0.038 0.053 0.038 0.361 0.023 0.038 0.045 0.015 0.03 0.019 0.042 0.026 0.008 0.057 0.023
171 Y 0.04 0.028 0.022 0.019 0.009 0.022 0.028 0.025 0.046 0.043 0.068 0.031 0.019 0.13 0.015 0.031 0.028 0.028 0.325 0.046
172 S 0.109 0.04 0.054 0.048 0.017 0.033 0.052 0.066 0.019 0.029 0.041 0.054 0.016 0.021 0.029 0.228 0.081 0.005 0.017 0.041
173 S 0.104 0.037 0.051 0.046 0.016 0.031 0.047 0.141 0.018 0.028 0.039 0.05 0.015 0.02 0.028 0.198 0.073 0.005 0.016 0.039
174 L 0.133 0.026 0.018 0.02 0.018 0.019 0.027 0.04 0.011 0.099 0.232 0.032 0.036 0.04 0.02 0.046 0.041 0.006 0.02 0.116
175 A 0.183 0.026 0.021 0.024 0.02 0.021 0.032 0.051 0.011 0.103 0.094 0.035 0.024 0.028 0.023 0.058 0.049 0.005 0.019 0.172
176 F 0.033 0.019 0.017 0.017 0.01 0.01 0.019 0.025 0.017 0.063 0.113 0.019 0.025 0.393 0.01 0.025 0.025 0.017 0.088 0.054
177 L 0.044 0.024 0.014 0.015 0.016 0.017 0.02 0.021 0.01 0.113 0.371 0.026 0.056 0.054 0.014 0.025 0.033 0.007 0.022 0.095
178 P 0.056 0.026 0.023 0.031 0.01 0.02 0.036 0.036 0.013 0.026 0.036 0.041 0.01 0.013 0.499 0.043 0.036 0.003 0.013 0.031
179 I 0.046 0.019 0.014 0.017 0.016 0.014 0.018 0.021 0.009 0.251 0.202 0.024 0.039 0.045 0.014 0.025 0.038 0.006 0.021 0.162
180 L 0.04 0.021 0.015 0.016 0.014 0.014 0.019 0.023 0.012 0.112 0.253 0.022 0.038 0.185 0.013 0.025 0.031 0.011 0.047 0.088
181 F 0.044 0.02 0.016 0.017 0.014 0.013 0.019 0.023 0.012 0.145 0.16 0.022 0.032 0.199 0.013 0.026 0.034 0.011 0.051 0.129
182 V 0.066 0.022 0.016 0.017 0.018 0.016 0.023 0.024 0.009 0.155 0.142 0.025 0.032 0.056 0.016 0.032 0.047 0.006 0.024 0.254
183 G 0.078 0.023 0.039 0.033 0.011 0.019 0.025 0.515 0.013 0.019 0.028 0.033 0.009 0.016 0.019 0.051 0.029 0.005 0.011 0.024
184 N 0.042 0.044 0.324 0.082 0.009 0.033 0.049 0.065 0.031 0.022 0.031 0.053 0.011 0.018 0.02 0.069 0.049 0.004 0.016 0.027
185 L 0.049 0.028 0.018 0.018 0.016 0.023 0.025 0.025 0.014 0.114 0.256 0.031 0.122 0.05 0.015 0.031 0.038 0.008 0.023 0.097
186 R 0.047 0.173 0.134 0.056 0.008 0.055 0.084 0.045 0.026 0.023 0.04 0.109 0.014 0.017 0.021 0.055 0.04 0.005 0.017 0.03
187 I 0.053 0.019 0.015 0.018 0.017 0.014 0.019 0.022 0.009 0.246 0.156 0.024 0.035 0.041 0.015 0.027 0.042 0.006 0.02 0.203
188 N 0.054 0.037 0.229 0.066 0.01 0.028 0.041 0.215 0.025 0.021 0.03 0.047 0.01 0.017 0.02 0.063 0.042 0.005 0.014 0.026
189 K 0.055 0.091 0.037 0.037 0.01 0.046 0.061 0.039 0.019 0.069 0.063 0.242 0.019 0.02 0.025 0.048 0.039 0.005 0.018 0.056
190 Y 0.125 0.028 0.022 0.022 0.013 0.022 0.031 0.042 0.032 0.045 0.07 0.034 0.019 0.123 0.02 0.048 0.035 0.019 0.196 0.054
191 W 0.03 0.022 0.015 0.015 0.008 0.015 0.022 0.03 0.015 0.03 0.052 0.022 0.015 0.06 0.008 0.022 0.022 0.497 0.068 0.03
192 K 0.052 0.188 0.04 0.038 0.008 0.051 0.064 0.039 0.021 0.026 0.044 0.23 0.015 0.016 0.025 0.05 0.038 0.005 0.017 0.032
193 Y 0.041 0.023 0.018 0.018 0.011 0.018 0.023 0.024 0.029 0.119 0.098 0.027 0.024 0.089 0.014 0.027 0.031 0.099 0.18 0.086
194 L 0.053 0.022 0.015 0.016 0.017 0.016 0.02 0.022 0.009 0.167 0.25 0.025 0.04 0.046 0.015 0.027 0.04 0.006 0.021 0.173
195 L 0.044 0.024 0.014 0.015 0.016 0.016 0.02 0.021 0.01 0.114 0.382 0.025 0.049 0.054 0.014 0.024 0.033 0.007 0.022 0.095
196 G 0.125 0.03 0.041 0.038 0.015 0.025 0.037 0.292 0.015 0.026 0.038 0.042 0.013 0.018 0.024 0.115 0.05 0.005 0.014 0.037
197 C 0.137 0.026 0.027 0.027 0.176 0.021 0.031 0.051 0.012 0.064 0.085 0.035 0.02 0.025 0.023 0.092 0.051 0.005 0.016 0.077
198 A 0.177 0.029 0.025 0.027 0.019 0.023 0.034 0.054 0.013 0.067 0.166 0.038 0.028 0.033 0.024 0.073 0.068 0.006 0.019 0.076
199 I 0.05 0.018 0.015 0.018 0.017 0.014 0.018 0.021 0.009 0.259 0.16 0.024 0.036 0.042 0.015 0.026 0.041 0.006 0.02 0.192
200 P 0.056 0.026 0.023 0.031 0.01 0.02 0.036 0.036 0.013 0.026 0.036 0.041 0.01 0.013 0.499 0.043 0.036 0.003 0.013 0.031
201 I 0.047 0.018 0.015 0.018 0.016 0.013 0.018 0.02 0.009 0.278 0.166 0.023 0.036 0.044 0.015 0.025 0.039 0.006 0.02 0.175
202 C 0.069 0.018 0.024 0.022 0.329 0.014 0.019 0.193 0.01 0.036 0.052 0.025 0.014 0.019 0.017 0.044 0.034 0.004 0.012 0.046
203 L 0.041 0.022 0.015 0.016 0.014 0.014 0.019 0.022 0.012 0.115 0.268 0.023 0.04 0.166 0.013 0.024 0.031 0.01 0.044 0.091
204 L 0.146 0.029 0.021 0.022 0.018 0.024 0.031 0.045 0.014 0.084 0.18 0.036 0.076 0.038 0.021 0.052 0.043 0.007 0.021 0.093
205 L 0.041 0.022 0.015 0.016 0.014 0.014 0.02 0.022 0.012 0.097 0.292 0.023 0.041 0.167 0.013 0.024 0.03 0.01 0.044 0.082
206 Y 0.04 0.028 0.022 0.019 0.009 0.022 0.028 0.025 0.046 0.043 0.068 0.031 0.019 0.13 0.015 0.031 0.028 0.028 0.325 0.046
207 L 0.052 0.023 0.015 0.017 0.016 0.016 0.021 0.023 0.01 0.133 0.245 0.025 0.046 0.085 0.015 0.028 0.038 0.008 0.029 0.155
208 L 0.114 0.032 0.029 0.028 0.018 0.026 0.034 0.044 0.014 0.075 0.117 0.04 0.078 0.033 0.023 0.065 0.114 0.007 0.02 0.089
209 G 0.064 0.031 0.059 0.038 0.01 0.026 0.036 0.331 0.13 0.02 0.031 0.038 0.011 0.021 0.019 0.049 0.029 0.006 0.026 0.024
210 F 0.041 0.129 0.023 0.022 0.011 0.024 0.029 0.026 0.017 0.109 0.105 0.053 0.025 0.171 0.015 0.031 0.032 0.01 0.046 0.08
211 G 0.076 0.031 0.054 0.162 0.012 0.027 0.056 0.209 0.017 0.023 0.032 0.044 0.011 0.017 0.023 0.11 0.049 0.005 0.013 0.03
212 L 0.185 0.027 0.02 0.023 0.019 0.021 0.031 0.052 0.013 0.084 0.19 0.036 0.031 0.035 0.023 0.057 0.042 0.006 0.019 0.085
213 L 0.055 0.025 0.017 0.018 0.017 0.019 0.024 0.025 0.012 0.132 0.179 0.028 0.079 0.082 0.015 0.031 0.041 0.008 0.029 0.164
214 S 0.08 0.033 0.056 0.04 0.015 0.025 0.041 0.052 0.019 0.04 0.065 0.042 0.018 0.145 0.023 0.151 0.061 0.009 0.041 0.045
215 L 0.043 0.021 0.015 0.016 0.015 0.014 0.019 0.022 0.011 0.16 0.265 0.023 0.041 0.107 0.014 0.024 0.034 0.008 0.032 0.115
216 L 0.047 0.02 0.014 0.017 0.016 0.014 0.019 0.021 0.009 0.217 0.236 0.024 0.04 0.047 0.014 0.025 0.038 0.006 0.021 0.154
217 P 0.056 0.026 0.023 0.031 0.01 0.02 0.036 0.036 0.013 0.026 0.036 0.041 0.01 0.013 0.499 0.043 0.036 0.003 0.013 0.031
218 G 0.074 0.043 0.086 0.061 0.01 0.05 0.13 0.203 0.022 0.023 0.035 0.068 0.012 0.017 0.023 0.057 0.037 0.005 0.015 0.03
219 S 0.111 0.039 0.065 0.051 0.016 0.033 0.064 0.089 0.019 0.029 0.041 0.053 0.015 0.02 0.028 0.191 0.072 0.005 0.017 0.041
220 L 0.081 0.022 0.016 0.018 0.018 0.016 0.023 0.028 0.01 0.168 0.202 0.027 0.036 0.041 0.017 0.034 0.042 0.006 0.021 0.175
221 I 0.059 0.024 0.024 0.024 0.017 0.018 0.026 0.029 0.01 0.184 0.126 0.031 0.03 0.036 0.019 0.048 0.113 0.006 0.019 0.157
222 E 0.137 0.042 0.035 0.066 0.012 0.049 0.2 0.076 0.021 0.029 0.043 0.062 0.014 0.018 0.026 0.064 0.04 0.005 0.016 0.043
223 G 0.078 0.023 0.039 0.033 0.011 0.019 0.025 0.515 0.013 0.019 0.028 0.033 0.009 0.016 0.019 0.051 0.029 0.005 0.011 0.024
224 K 0.056 0.106 0.041 0.041 0.009 0.053 0.07 0.043 0.02 0.027 0.043 0.285 0.015 0.015 0.027 0.053 0.039 0.005 0.017 0.032
225 L 0.045 0.022 0.014 0.016 0.016 0.015 0.019 0.021 0.009 0.178 0.298 0.024 0.044 0.05 0.014 0.024 0.036 0.007 0.021 0.126
226 D 0.042 0.032 0.065 0.368 0.007 0.033 0.114 0.045 0.019 0.022 0.029 0.048 0.01 0.015 0.023 0.052 0.035 0.004 0.012 0.025
227 L 0.044 0.025 0.019 0.019 0.014 0.018 0.024 0.023 0.053 0.142 0.249 0.027 0.038 0.057 0.015 0.027 0.033 0.009 0.059 0.104
228 Y 0.04 0.028 0.022 0.019 0.009 0.022 0.028 0.025 0.046 0.043 0.068 0.031 0.019 0.13 0.015 0.031 0.028 0.028 0.325 0.046
229 K 0.054 0.161 0.04 0.039 0.008 0.052 0.066 0.041 0.021 0.026 0.043 0.248 0.015 0.016 0.026 0.051 0.038 0.005 0.017 0.032
230 E 0.051 0.063 0.048 0.16 0.008 0.051 0.167 0.041 0.022 0.024 0.036 0.136 0.013 0.016 0.025 0.053 0.037 0.005 0.015 0.03
231 L 0.072 0.051 0.031 0.029 0.016 0.029 0.036 0.04 0.016 0.08 0.139 0.045 0.087 0.036 0.021 0.099 0.054 0.007 0.021 0.092
232 S 0.17 0.036 0.043 0.041 0.018 0.03 0.046 0.095 0.017 0.033 0.047 0.049 0.016 0.021 0.029 0.17 0.068 0.005 0.017 0.049
233 E 0.058 0.049 0.041 0.087 0.008 0.062 0.289 0.036 0.025 0.022 0.037 0.074 0.013 0.017 0.026 0.064 0.039 0.005 0.016 0.032
234 T 0.126 0.035 0.04 0.037 0.018 0.028 0.041 0.053 0.014 0.048 0.061 0.046 0.019 0.023 0.028 0.105 0.189 0.006 0.018 0.067
235 G 0.078 0.023 0.039 0.033 0.011 0.019 0.025 0.515 0.013 0.019 0.028 0.033 0.009 0.016 0.019 0.051 0.029 0.005 0.011 0.024
236 G 0.081 0.031 0.084 0.041 0.014 0.024 0.034 0.204 0.016 0.048 0.054 0.04 0.016 0.021 0.022 0.067 0.111 0.005 0.015 0.07
237 G 0.078 0.023 0.039 0.034 0.011 0.019 0.026 0.509 0.014 0.019 0.028 0.034 0.009 0.016 0.019 0.051 0.03 0.005 0.011 0.024
238 V 0.07 0.022 0.017 0.018 0.019 0.017 0.023 0.025 0.008 0.165 0.131 0.026 0.032 0.036 0.017 0.033 0.05 0.006 0.021 0.266
239 W 0.041 0.025 0.022 0.04 0.01 0.018 0.028 0.058 0.015 0.047 0.112 0.027 0.029 0.051 0.012 0.038 0.03 0.306 0.048 0.044
240 E 0.094 0.039 0.041 0.141 0.011 0.045 0.181 0.043 0.02 0.041 0.049 0.057 0.015 0.019 0.024 0.056 0.04 0.005 0.016 0.063
241 E 0.055 0.05 0.041 0.09 0.007 0.065 0.295 0.035 0.026 0.022 0.037 0.076 0.013 0.017 0.026 0.055 0.037 0.006 0.017 0.031
242 L 0.071 0.042 0.032 0.054 0.012 0.042 0.153 0.036 0.019 0.055 0.154 0.066 0.026 0.03 0.022 0.065 0.041 0.006 0.019 0.056
243 Y 0.042 0.026 0.019 0.017 0.012 0.019 0.025 0.023 0.032 0.071 0.19 0.029 0.03 0.1 0.015 0.028 0.03 0.02 0.207 0.065
244 V 0.14 0.024 0.019 0.022 0.019 0.019 0.028 0.041 0.01 0.149 0.114 0.031 0.028 0.033 0.02 0.048 0.047 0.006 0.019 0.184
245 P 0.056 0.026 0.023 0.031 0.01 0.02 0.036 0.036 0.013 0.026 0.036 0.041 0.01 0.013 0.499 0.043 0.036 0.003 0.013 0.031
246 Y 0.04 0.028 0.022 0.019 0.009 0.022 0.028 0.025 0.046 0.043 0.068 0.031 0.019 0.13 0.015 0.031 0.028 0.028 0.325 0.046
247 K 0.059 0.102 0.042 0.041 0.009 0.052 0.069 0.044 0.02 0.027 0.043 0.272 0.015 0.016 0.027 0.063 0.042 0.005 0.017 0.033
248 Q 0.051 0.063 0.137 0.059 0.009 0.159 0.084 0.049 0.03 0.025 0.041 0.078 0.017 0.016 0.022 0.06 0.043 0.005 0.019 0.032
249 L 0.052 0.024 0.017 0.018 0.017 0.019 0.022 0.024 0.011 0.163 0.217 0.028 0.083 0.046 0.015 0.03 0.04 0.007 0.022 0.146
250 Y 0.07 0.048 0.031 0.029 0.013 0.025 0.035 0.037 0.025 0.043 0.059 0.044 0.017 0.057 0.102 0.06 0.119 0.013 0.119 0.053
251 F 0.033 0.019 0.017 0.017 0.01 0.01 0.019 0.025 0.017 0.063 0.113 0.019 0.025 0.393 0.01 0.025 0.025 0.017 0.088 0.054
252 L 0.046 0.03 0.018 0.019 0.015 0.022 0.025 0.026 0.014 0.104 0.233 0.043 0.089 0.105 0.015 0.03 0.035 0.009 0.033 0.088
253 A 0.176 0.026 0.024 0.027 0.019 0.021 0.032 0.079 0.012 0.121 0.094 0.037 0.023 0.029 0.024 0.063 0.068 0.006 0.018 0.102
254 E 0.055 0.068 0.04 0.073 0.008 0.06 0.226 0.037 0.024 0.024 0.039 0.145 0.014 0.016 0.026 0.054 0.037 0.005 0.017 0.031
255 F 0.044 0.018 0.016 0.017 0.17 0.011 0.018 0.027 0.013 0.069 0.1 0.019 0.023 0.249 0.013 0.03 0.03 0.012 0.059 0.062
256 V 0.102 0.022 0.017 0.02 0.019 0.017 0.025 0.032 0.009 0.169 0.126 0.028 0.03 0.035 0.018 0.039 0.047 0.006 0.02 0.219
257 L 0.044 0.024 0.014 0.015 0.016 0.017 0.02 0.021 0.01 0.113 0.371 0.026 0.056 0.054 0.014 0.025 0.033 0.007 0.022 0.095
258 L 0.041 0.022 0.015 0.016 0.014 0.014 0.02 0.022 0.012 0.097 0.292 0.023 0.041 0.167 0.013 0.024 0.03 0.01 0.044 0.082
259 Y 0.04 0.028 0.022 0.019 0.009 0.022 0.028 0.025 0.046 0.043 0.068 0.031 0.019 0.13 0.015 0.031 0.028 0.028 0.325 0.046
260 L 0.047 0.021 0.015 0.017 0.016 0.014 0.019 0.022 0.01 0.168 0.223 0.024 0.038 0.104 0.014 0.026 0.037 0.008 0.032 0.145
261 F 0.036 0.022 0.018 0.017 0.01 0.014 0.022 0.025 0.027 0.056 0.098 0.023 0.023 0.305 0.012 0.027 0.026 0.02 0.167 0.052
262 I 0.046 0.019 0.014 0.017 0.016 0.014 0.018 0.021 0.009 0.233 0.226 0.024 0.04 0.047 0.014 0.025 0.038 0.006 0.021 0.153
263 F 0.036 0.022 0.018 0.017 0.01 0.014 0.022 0.025 0.027 0.056 0.098 0.023 0.023 0.305 0.012 0.027 0.026 0.02 0.167 0.052
264 F 0.034 0.02 0.017 0.017 0.01 0.012 0.02 0.025 0.02 0.061 0.108 0.02 0.024 0.364 0.011 0.026 0.025 0.018 0.114 0.054
265 Y 0.04 0.028 0.022 0.019 0.009 0.022 0.028 0.025 0.046 0.043 0.068 0.031 0.019 0.13 0.015 0.031 0.028 0.028 0.325 0.046
266 D 0.044 0.035 0.06 0.316 0.007 0.039 0.15 0.043 0.02 0.022 0.03 0.053 0.01 0.015 0.023 0.053 0.035 0.004 0.013 0.026
267 T 0.062 0.033 0.036 0.031 0.015 0.025 0.035 0.037 0.025 0.05 0.066 0.04 0.019 0.059 0.023 0.071 0.179 0.013 0.12 0.062
268 L 0.046 0.02 0.014 0.017 0.016 0.014 0.018 0.021 0.009 0.224 0.238 0.024 0.041 0.047 0.014 0.025 0.037 0.006 0.021 0.148
269 E 0.054 0.071 0.042 0.065 0.008 0.057 0.185 0.038 0.061 0.024 0.039 0.153 0.014 0.018 0.026 0.053 0.036 0.006 0.021 0.031
270 K 0.055 0.119 0.042 0.044 0.008 0.11 0.092 0.041 0.024 0.026 0.044 0.19 0.017 0.015 0.025 0.053 0.039 0.005 0.018 0.033
271 H 0.042 0.144 0.043 0.032 0.008 0.038 0.048 0.034 0.196 0.026 0.046 0.067 0.016 0.042 0.018 0.041 0.029 0.01 0.088 0.029
272 C 0.057 0.026 0.119 0.038 0.329 0.019 0.027 0.043 0.016 0.037 0.053 0.031 0.014 0.019 0.017 0.05 0.04 0.004 0.013 0.046
273 R 0.057 0.172 0.03 0.027 0.013 0.042 0.041 0.031 0.017 0.099 0.087 0.072 0.023 0.026 0.019 0.049 0.043 0.006 0.019 0.129
274 Y 0.04 0.028 0.022 0.019 0.009 0.022 0.028 0.025 0.046 0.043 0.068 0.031 0.019 0.13 0.015 0.031 0.028 0.028 0.325 0.046
275 A 0.209 0.027 0.022 0.025 0.018 0.02 0.033 0.06 0.015 0.049 0.077 0.036 0.02 0.145 0.023 0.064 0.041 0.009 0.041 0.064
276 P 0.074 0.033 0.034 0.037 0.012 0.036 0.045 0.046 0.016 0.027 0.038 0.048 0.013 0.016 0.316 0.106 0.051 0.004 0.015 0.035
277 L 0.046 0.02 0.014 0.017 0.016 0.014 0.018 0.021 0.009 0.224 0.238 0.024 0.041 0.047 0.014 0.025 0.037 0.006 0.021 0.148
278 L 0.052 0.023 0.015 0.016 0.017 0.016 0.021 0.022 0.009 0.13 0.297 0.025 0.043 0.048 0.015 0.027 0.038 0.007 0.022 0.156
279 L 0.047 0.02 0.014 0.017 0.016 0.014 0.019 0.021 0.009 0.217 0.236 0.024 0.04 0.047 0.014 0.025 0.038 0.006 0.021 0.154
280 K 0.053 0.077 0.032 0.033 0.011 0.04 0.053 0.035 0.017 0.111 0.084 0.198 0.022 0.025 0.023 0.044 0.039 0.005 0.018 0.08
281 V 0.059 0.02 0.016 0.018 0.018 0.015 0.021 0.023 0.008 0.214 0.146 0.025 0.034 0.039 0.016 0.029 0.045 0.006 0.02 0.231
282 L 0.048 0.031 0.023 0.04 0.013 0.032 0.114 0.025 0.015 0.111 0.231 0.041 0.035 0.04 0.018 0.034 0.035 0.006 0.02 0.087
283 A 0.209 0.027 0.022 0.025 0.02 0.022 0.033 0.057 0.012 0.09 0.086 0.037 0.023 0.027 0.024 0.064 0.049 0.005 0.019 0.149
284 L 0.051 0.022 0.015 0.016 0.173 0.015 0.019 0.025 0.01 0.087 0.251 0.024 0.043 0.061 0.015 0.03 0.034 0.007 0.023 0.08
285 E 0.074 0.048 0.045 0.07 0.011 0.05 0.191 0.072 0.022 0.025 0.038 0.077 0.014 0.018 0.027 0.112 0.051 0.005 0.016 0.034
286 L 0.047 0.027 0.017 0.017 0.016 0.021 0.023 0.024 0.013 0.108 0.299 0.03 0.102 0.051 0.015 0.029 0.036 0.007 0.023 0.094
287 G 0.099 0.023 0.029 0.027 0.013 0.017 0.027 0.227 0.015 0.04 0.067 0.031 0.017 0.164 0.018 0.056 0.034 0.01 0.042 0.044
288 C 0.045 0.019 0.016 0.016 0.196 0.013 0.019 0.029 0.014 0.056 0.074 0.021 0.019 0.103 0.012 0.03 0.03 0.172 0.061 0.053
289 L 0.045 0.028 0.019 0.018 0.015 0.02 0.025 0.024 0.05 0.102 0.312 0.029 0.065 0.05 0.015 0.028 0.033 0.007 0.026 0.087
290 L 0.052 0.022 0.016 0.018 0.017 0.016 0.021 0.023 0.009 0.176 0.236 0.026 0.039 0.045 0.015 0.03 0.051 0.006 0.021 0.161
291 L 0.069 0.033 0.03 0.028 0.016 0.027 0.034 0.039 0.016 0.079 0.185 0.039 0.091 0.04 0.02 0.097 0.052 0.007 0.021 0.076
292 F 0.04 0.023 0.018 0.018 0.012 0.016 0.022 0.026 0.016 0.075 0.14 0.024 0.073 0.278 0.012 0.029 0.03 0.014 0.067 0.067
293 A 0.285 0.031 0.026 0.03 0.021 0.025 0.04 0.076 0.015 0.043 0.059 0.044 0.017 0.022 0.029 0.085 0.061 0.005 0.017 0.068
294 E 0.059 0.046 0.044 0.104 0.011 0.047 0.179 0.039 0.021 0.033 0.045 0.073 0.015 0.019 0.026 0.067 0.109 0.005 0.016 0.043
295 I 0.047 0.018 0.015 0.018 0.016 0.013 0.018 0.02 0.009 0.278 0.166 0.023 0.036 0.044 0.015 0.025 0.039 0.006 0.02 0.175
296 P 0.056 0.031 0.027 0.044 0.01 0.03 0.095 0.036 0.016 0.025 0.036 0.048 0.011 0.014 0.393 0.046 0.036 0.003 0.014 0.031
297 V 0.069 0.022 0.016 0.018 0.019 0.016 0.023 0.024 0.008 0.163 0.129 0.026 0.031 0.035 0.016 0.033 0.049 0.005 0.02 0.276
298 L 0.044 0.024 0.014 0.015 0.016 0.016 0.02 0.021 0.01 0.114 0.382 0.025 0.049 0.054 0.014 0.024 0.033 0.007 0.022 0.095
299 G 0.151 0.025 0.034 0.032 0.014 0.021 0.03 0.369 0.014 0.027 0.038 0.037 0.012 0.018 0.022 0.062 0.036 0.005 0.013 0.039
300 G 0.118 0.041 0.058 0.042 0.014 0.03 0.044 0.188 0.037 0.028 0.04 0.072 0.014 0.019 0.025 0.116 0.052 0.005 0.018 0.038
301 R 0.044 0.351 0.038 0.031 0.008 0.048 0.052 0.033 0.023 0.023 0.046 0.119 0.015 0.017 0.019 0.044 0.035 0.006 0.017 0.031
302 L 0.052 0.023 0.015 0.016 0.017 0.016 0.021 0.022 0.009 0.13 0.297 0.025 0.043 0.048 0.015 0.027 0.038 0.007 0.022 0.156
303 H 0.064 0.043 0.054 0.062 0.011 0.036 0.055 0.048 0.228 0.025 0.038 0.048 0.015 0.026 0.023 0.104 0.045 0.007 0.041 0.029
304 D 0.043 0.033 0.064 0.351 0.007 0.035 0.126 0.044 0.02 0.022 0.029 0.049 0.01 0.015 0.023 0.052 0.035 0.004 0.012 0.025
305 L 0.044 0.024 0.014 0.015 0.016 0.016 0.02 0.021 0.01 0.114 0.382 0.025 0.049 0.054 0.014 0.024 0.033 0.007 0.022 0.095
306 F 0.036 0.022 0.018 0.017 0.01 0.014 0.022 0.025 0.027 0.056 0.098 0.023 0.023 0.305 0.012 0.027 0.026 0.02 0.167 0.052
307 G 0.078 0.023 0.039 0.033 0.011 0.019 0.025 0.515 0.013 0.019 0.028 0.033 0.009 0.016 0.019 0.051 0.029 0.005 0.011 0.024
308 I 0.052 0.022 0.016 0.018 0.017 0.018 0.021 0.023 0.011 0.209 0.168 0.027 0.072 0.043 0.015 0.029 0.041 0.006 0.021 0.169
309 F 0.04 0.018 0.016 0.017 0.039 0.011 0.018 0.024 0.014 0.134 0.128 0.02 0.028 0.256 0.012 0.026 0.031 0.012 0.061 0.095
310 D 0.043 0.037 0.192 0.201 0.009 0.031 0.063 0.054 0.026 0.025 0.034 0.048 0.011 0.023 0.021 0.061 0.054 0.006 0.031 0.029
311 A 0.184 0.029 0.027 0.028 0.02 0.023 0.035 0.055 0.013 0.078 0.08 0.039 0.022 0.026 0.025 0.072 0.095 0.005 0.018 0.126
312 L 0.047 0.022 0.014 0.016 0.016 0.015 0.02 0.021 0.01 0.156 0.306 0.025 0.044 0.05 0.014 0.025 0.036 0.007 0.022 0.133
313 A 0.188 0.028 0.026 0.027 0.017 0.021 0.034 0.059 0.016 0.048 0.075 0.037 0.02 0.145 0.023 0.08 0.045 0.009 0.041 0.061
314 F 0.036 0.022 0.018 0.017 0.01 0.014 0.021 0.025 0.025 0.06 0.115 0.023 0.025 0.301 0.012 0.027 0.026 0.019 0.15 0.054
315 T 0.083 0.034 0.04 0.036 0.018 0.026 0.038 0.044 0.013 0.065 0.07 0.044 0.02 0.024 0.027 0.088 0.231 0.006 0.018 0.076
316 C 0.055 0.026 0.021 0.02 0.276 0.039 0.03 0.031 0.023 0.042 0.064 0.031 0.017 0.056 0.017 0.039 0.034 0.012 0.117 0.051
317 C 0.056 0.017 0.015 0.016 0.279 0.013 0.017 0.027 0.008 0.13 0.134 0.022 0.027 0.032 0.015 0.033 0.037 0.005 0.016 0.1
318 L 0.045 0.022 0.014 0.016 0.016 0.015 0.019 0.021 0.01 0.169 0.31 0.024 0.045 0.051 0.014 0.024 0.035 0.007 0.022 0.122
319 Y 0.04 0.028 0.022 0.019 0.009 0.022 0.028 0.025 0.046 0.043 0.068 0.031 0.019 0.13 0.015 0.031 0.028 0.028 0.325 0.046
