#Seq2Logo.py -f /work3/idamei/ssn-clusterings/2206011120/clusters/0014_64/sequences.afa -m 0.0001 -b 50 -o /work3/idamei/ssn-clusterings/2206011120/clusters/0014_64/sequences.logo
#Position Specific Frequency Matrix
A R N D C Q E G H I L K M F P S T W Y V
0 L 0.053 0.033 0.02 0.02 0.016 0.029 0.029 0.029 0.016 0.102 0.2 0.037 0.146 0.049 0.016 0.037 0.041 0.008 0.025 0.094
1 R 0.045 0.333 0.039 0.032 0.008 0.049 0.053 0.033 0.024 0.024 0.047 0.122 0.016 0.018 0.02 0.045 0.036 0.006 0.018 0.032
2 S 0.112 0.041 0.055 0.05 0.018 0.034 0.053 0.067 0.02 0.03 0.043 0.055 0.016 0.021 0.03 0.206 0.083 0.005 0.018 0.043
3 I 0.048 0.018 0.015 0.018 0.016 0.014 0.018 0.021 0.009 0.258 0.171 0.024 0.037 0.045 0.015 0.025 0.041 0.006 0.021 0.18
4 F 0.034 0.019 0.017 0.017 0.011 0.011 0.019 0.026 0.017 0.065 0.116 0.019 0.026 0.376 0.011 0.026 0.026 0.017 0.09 0.056
5 M 0.049 0.028 0.018 0.018 0.015 0.025 0.025 0.025 0.014 0.096 0.174 0.032 0.22 0.043 0.015 0.033 0.037 0.007 0.022 0.105
6 F 0.066 0.02 0.016 0.017 0.014 0.015 0.02 0.026 0.012 0.17 0.131 0.024 0.062 0.173 0.014 0.029 0.033 0.009 0.04 0.11
7 E 0.042 0.03 0.023 0.038 0.01 0.03 0.134 0.025 0.023 0.068 0.132 0.039 0.031 0.119 0.016 0.034 0.03 0.012 0.111 0.056
8 N 0.037 0.029 0.197 0.046 0.01 0.021 0.031 0.04 0.021 0.086 0.074 0.034 0.018 0.162 0.015 0.043 0.036 0.008 0.037 0.056
9 L 0.112 0.021 0.016 0.018 0.015 0.015 0.022 0.032 0.011 0.137 0.214 0.026 0.031 0.105 0.016 0.035 0.035 0.007 0.029 0.103
10 L 0.042 0.02 0.013 0.015 0.015 0.014 0.018 0.02 0.009 0.194 0.309 0.023 0.046 0.047 0.013 0.023 0.033 0.006 0.02 0.119
11 G 0.08 0.023 0.04 0.034 0.011 0.019 0.026 0.501 0.014 0.019 0.029 0.034 0.01 0.016 0.019 0.052 0.03 0.005 0.011 0.025
12 L 0.053 0.033 0.02 0.02 0.016 0.029 0.029 0.029 0.016 0.102 0.2 0.037 0.146 0.049 0.016 0.037 0.041 0.008 0.025 0.094
13 I 0.05 0.021 0.018 0.019 0.015 0.015 0.021 0.023 0.009 0.206 0.189 0.026 0.032 0.038 0.016 0.034 0.083 0.006 0.019 0.162
14 F 0.061 0.024 0.026 0.025 0.1 0.018 0.027 0.036 0.014 0.059 0.105 0.029 0.026 0.164 0.017 0.115 0.044 0.008 0.037 0.064
15 I 0.046 0.018 0.014 0.015 0.015 0.013 0.018 0.02 0.008 0.243 0.223 0.022 0.036 0.041 0.014 0.024 0.036 0.006 0.019 0.17
16 L 0.044 0.021 0.014 0.015 0.015 0.014 0.019 0.021 0.01 0.121 0.304 0.023 0.047 0.095 0.013 0.024 0.033 0.007 0.028 0.134
17 F 0.034 0.019 0.015 0.015 0.011 0.011 0.018 0.022 0.013 0.073 0.213 0.019 0.03 0.312 0.011 0.023 0.026 0.012 0.061 0.062
18 L 0.173 0.023 0.017 0.02 0.017 0.018 0.026 0.041 0.011 0.128 0.203 0.03 0.03 0.034 0.019 0.046 0.038 0.006 0.018 0.103
19 L 0.042 0.02 0.014 0.015 0.014 0.013 0.019 0.021 0.011 0.122 0.223 0.021 0.037 0.176 0.012 0.024 0.032 0.009 0.04 0.134
20 S 0.129 0.031 0.037 0.035 0.017 0.025 0.039 0.052 0.014 0.069 0.06 0.042 0.018 0.022 0.025 0.177 0.104 0.005 0.016 0.082
21 G 0.078 0.023 0.039 0.034 0.011 0.019 0.026 0.51 0.014 0.019 0.028 0.034 0.009 0.016 0.019 0.051 0.03 0.005 0.011 0.024
22 A 0.292 0.031 0.026 0.03 0.022 0.026 0.04 0.078 0.015 0.043 0.059 0.044 0.017 0.022 0.03 0.085 0.05 0.005 0.017 0.069
23 F 0.05 0.023 0.021 0.02 0.014 0.016 0.023 0.027 0.012 0.084 0.15 0.026 0.027 0.169 0.016 0.041 0.108 0.009 0.039 0.126
24 L 0.095 0.021 0.015 0.017 0.059 0.015 0.021 0.029 0.01 0.132 0.286 0.025 0.036 0.04 0.016 0.033 0.034 0.006 0.018 0.094
25 L 0.045 0.02 0.014 0.015 0.015 0.014 0.018 0.02 0.009 0.169 0.29 0.023 0.038 0.06 0.013 0.024 0.034 0.006 0.022 0.151
26 A 0.135 0.103 0.032 0.031 0.014 0.031 0.042 0.047 0.016 0.044 0.11 0.101 0.02 0.023 0.023 0.105 0.046 0.005 0.017 0.056
27 N 0.049 0.037 0.235 0.057 0.01 0.028 0.041 0.051 0.056 0.036 0.098 0.044 0.017 0.023 0.019 0.092 0.046 0.005 0.019 0.037
28 A 0.143 0.109 0.024 0.023 0.012 0.026 0.035 0.042 0.02 0.042 0.055 0.067 0.016 0.05 0.019 0.047 0.034 0.098 0.086 0.052
29 G 0.053 0.206 0.036 0.032 0.008 0.085 0.049 0.206 0.019 0.02 0.037 0.078 0.013 0.015 0.018 0.045 0.031 0.005 0.014 0.027
30 L 0.041 0.02 0.014 0.015 0.013 0.013 0.018 0.021 0.011 0.097 0.27 0.021 0.035 0.178 0.012 0.024 0.03 0.009 0.04 0.116
31 R 0.043 0.267 0.093 0.038 0.007 0.043 0.051 0.037 0.022 0.022 0.039 0.158 0.013 0.015 0.02 0.046 0.035 0.005 0.016 0.028
32 I 0.04 0.018 0.015 0.016 0.013 0.013 0.018 0.02 0.015 0.236 0.13 0.022 0.033 0.12 0.013 0.024 0.032 0.01 0.089 0.121
33 F 0.036 0.019 0.014 0.015 0.012 0.012 0.017 0.021 0.012 0.12 0.221 0.02 0.032 0.245 0.011 0.023 0.028 0.011 0.05 0.081
34 G 0.09 0.031 0.045 0.04 0.014 0.026 0.04 0.225 0.016 0.024 0.034 0.043 0.012 0.018 0.024 0.209 0.059 0.005 0.014 0.033
35 F 0.043 0.033 0.027 0.034 0.01 0.066 0.09 0.03 0.018 0.044 0.074 0.041 0.02 0.23 0.016 0.042 0.076 0.01 0.049 0.046
36 R 0.043 0.249 0.094 0.04 0.008 0.083 0.057 0.037 0.023 0.022 0.04 0.124 0.014 0.015 0.019 0.047 0.035 0.005 0.016 0.028
37 P 0.102 0.024 0.022 0.028 0.011 0.02 0.034 0.039 0.012 0.026 0.036 0.038 0.01 0.013 0.454 0.046 0.035 0.003 0.012 0.034
38 S 0.074 0.037 0.047 0.039 0.013 0.031 0.046 0.048 0.149 0.029 0.04 0.045 0.015 0.022 0.023 0.172 0.098 0.006 0.028 0.037
39 V 0.055 0.02 0.017 0.02 0.014 0.016 0.024 0.026 0.009 0.125 0.093 0.028 0.023 0.052 0.189 0.032 0.038 0.005 0.02 0.193
40 L 0.044 0.022 0.013 0.014 0.015 0.015 0.019 0.02 0.009 0.112 0.38 0.023 0.042 0.047 0.013 0.023 0.033 0.006 0.02 0.129
41 G 0.123 0.025 0.036 0.032 0.012 0.02 0.03 0.392 0.013 0.022 0.032 0.035 0.011 0.016 0.02 0.092 0.038 0.005 0.012 0.032
42 F 0.152 0.025 0.023 0.024 0.015 0.018 0.029 0.045 0.014 0.054 0.131 0.031 0.023 0.166 0.019 0.086 0.04 0.009 0.038 0.058
43 F 0.049 0.023 0.021 0.021 0.013 0.017 0.025 0.027 0.017 0.094 0.095 0.029 0.03 0.112 0.103 0.038 0.079 0.01 0.088 0.109
44 L 0.04 0.018 0.013 0.015 0.014 0.013 0.017 0.02 0.009 0.215 0.251 0.022 0.037 0.094 0.013 0.023 0.032 0.007 0.027 0.119
45 L 0.042 0.019 0.018 0.018 0.012 0.013 0.018 0.11 0.012 0.111 0.195 0.022 0.029 0.19 0.012 0.027 0.028 0.009 0.041 0.075
46 L 0.042 0.022 0.014 0.015 0.015 0.016 0.019 0.02 0.01 0.141 0.343 0.024 0.075 0.047 0.013 0.024 0.032 0.006 0.02 0.099
47 T 0.099 0.044 0.04 0.039 0.014 0.113 0.058 0.047 0.018 0.034 0.048 0.057 0.017 0.018 0.024 0.12 0.139 0.005 0.017 0.047
48 L 0.045 0.02 0.013 0.015 0.015 0.014 0.018 0.02 0.008 0.19 0.287 0.023 0.038 0.044 0.013 0.024 0.035 0.006 0.02 0.153
49 F 0.034 0.019 0.015 0.015 0.011 0.011 0.018 0.022 0.013 0.073 0.213 0.019 0.03 0.312 0.011 0.023 0.026 0.012 0.061 0.062
50 V 0.051 0.019 0.014 0.016 0.015 0.014 0.019 0.022 0.009 0.154 0.173 0.022 0.031 0.105 0.014 0.026 0.038 0.007 0.029 0.221
51 Q 0.048 0.043 0.027 0.03 0.011 0.145 0.062 0.029 0.019 0.064 0.13 0.052 0.025 0.094 0.017 0.038 0.035 0.007 0.029 0.095
52 I 0.051 0.021 0.022 0.022 0.015 0.016 0.023 0.026 0.01 0.241 0.121 0.028 0.028 0.034 0.017 0.043 0.129 0.005 0.018 0.129
53 I 0.049 0.018 0.014 0.016 0.016 0.013 0.018 0.02 0.008 0.236 0.188 0.022 0.034 0.039 0.014 0.025 0.038 0.005 0.019 0.207
54 P 0.052 0.023 0.021 0.028 0.009 0.019 0.033 0.033 0.012 0.023 0.033 0.038 0.009 0.012 0.54 0.04 0.033 0.002 0.012 0.028
55 G 0.071 0.021 0.036 0.031 0.01 0.017 0.023 0.555 0.012 0.017 0.026 0.031 0.009 0.015 0.017 0.047 0.027 0.005 0.01 0.022
56 T 0.062 0.03 0.035 0.031 0.016 0.023 0.033 0.036 0.012 0.097 0.075 0.038 0.02 0.025 0.023 0.074 0.269 0.005 0.017 0.081
57 I 0.043 0.017 0.013 0.016 0.015 0.013 0.017 0.019 0.008 0.295 0.199 0.022 0.035 0.042 0.013 0.023 0.035 0.006 0.019 0.152
58 L 0.145 0.024 0.016 0.018 0.016 0.018 0.025 0.037 0.011 0.083 0.306 0.029 0.035 0.04 0.018 0.04 0.035 0.006 0.019 0.079
59 V 0.057 0.019 0.014 0.016 0.017 0.014 0.019 0.021 0.008 0.212 0.13 0.023 0.03 0.035 0.014 0.028 0.042 0.005 0.019 0.277
60 G 0.117 0.03 0.042 0.038 0.014 0.025 0.038 0.226 0.015 0.025 0.036 0.042 0.013 0.018 0.024 0.187 0.056 0.005 0.014 0.035
61 F 0.039 0.019 0.014 0.015 0.013 0.012 0.018 0.022 0.012 0.089 0.216 0.02 0.031 0.243 0.012 0.024 0.029 0.011 0.05 0.11
62 F 0.033 0.018 0.015 0.015 0.011 0.011 0.018 0.022 0.015 0.066 0.165 0.019 0.027 0.362 0.01 0.023 0.025 0.014 0.076 0.057
63 E 0.1 0.034 0.076 0.148 0.01 0.036 0.154 0.131 0.019 0.023 0.033 0.049 0.011 0.016 0.022 0.055 0.035 0.004 0.013 0.031
64 F 0.035 0.02 0.017 0.016 0.01 0.013 0.02 0.022 0.023 0.098 0.098 0.022 0.023 0.268 0.012 0.025 0.026 0.017 0.17 0.066
65 P 0.052 0.023 0.021 0.028 0.009 0.019 0.033 0.033 0.012 0.023 0.033 0.038 0.009 0.012 0.54 0.04 0.033 0.002 0.012 0.028
66 L 0.044 0.026 0.016 0.016 0.015 0.02 0.022 0.022 0.012 0.098 0.306 0.028 0.141 0.047 0.014 0.027 0.033 0.007 0.021 0.086
67 S 0.078 0.029 0.032 0.03 0.016 0.023 0.034 0.041 0.013 0.081 0.131 0.036 0.024 0.029 0.021 0.159 0.057 0.005 0.018 0.145
68 F 0.037 0.023 0.017 0.016 0.011 0.017 0.022 0.023 0.023 0.065 0.157 0.025 0.06 0.203 0.013 0.026 0.027 0.016 0.161 0.059
69 G 0.049 0.03 0.159 0.186 0.008 0.025 0.05 0.219 0.019 0.019 0.027 0.04 0.009 0.015 0.019 0.052 0.035 0.004 0.011 0.023
70 V 0.054 0.021 0.015 0.016 0.016 0.016 0.021 0.022 0.009 0.164 0.187 0.025 0.067 0.039 0.014 0.028 0.04 0.006 0.02 0.223
71 D 0.044 0.049 0.049 0.178 0.007 0.158 0.083 0.039 0.088 0.022 0.036 0.062 0.014 0.016 0.02 0.048 0.034 0.005 0.021 0.027
72 N 0.058 0.034 0.153 0.116 0.012 0.028 0.046 0.047 0.019 0.04 0.061 0.043 0.05 0.022 0.021 0.08 0.106 0.005 0.015 0.045
73 G 0.063 0.029 0.037 0.108 0.012 0.028 0.093 0.123 0.015 0.054 0.082 0.04 0.017 0.022 0.02 0.085 0.059 0.005 0.015 0.093
74 I 0.044 0.02 0.015 0.017 0.015 0.017 0.019 0.021 0.01 0.255 0.161 0.025 0.101 0.041 0.014 0.026 0.036 0.006 0.02 0.135
75 S 0.14 0.035 0.044 0.041 0.017 0.029 0.045 0.061 0.016 0.03 0.042 0.047 0.015 0.019 0.027 0.242 0.085 0.005 0.016 0.044
76 Q 0.106 0.051 0.059 0.083 0.01 0.161 0.123 0.045 0.023 0.026 0.041 0.067 0.016 0.015 0.022 0.056 0.038 0.005 0.017 0.036
77 S 0.073 0.04 0.1 0.062 0.012 0.04 0.151 0.051 0.021 0.024 0.035 0.056 0.013 0.017 0.024 0.173 0.056 0.005 0.015 0.033
78 T 0.11 0.03 0.03 0.028 0.016 0.023 0.032 0.04 0.012 0.073 0.127 0.043 0.023 0.027 0.022 0.075 0.178 0.005 0.017 0.087
79 L 0.045 0.112 0.026 0.025 0.011 0.033 0.04 0.029 0.015 0.062 0.194 0.146 0.062 0.031 0.018 0.036 0.034 0.006 0.018 0.058
80 E 0.045 0.093 0.033 0.113 0.01 0.036 0.148 0.029 0.017 0.114 0.071 0.055 0.019 0.023 0.019 0.039 0.034 0.005 0.016 0.082
81 F 0.038 0.028 0.02 0.025 0.01 0.022 0.065 0.024 0.025 0.053 0.133 0.042 0.023 0.198 0.014 0.029 0.027 0.016 0.159 0.05
82 T 0.115 0.03 0.036 0.032 0.016 0.023 0.034 0.131 0.013 0.042 0.053 0.039 0.016 0.02 0.024 0.077 0.222 0.005 0.015 0.057
83 F 0.043 0.019 0.015 0.015 0.013 0.012 0.019 0.022 0.012 0.096 0.163 0.02 0.029 0.24 0.012 0.025 0.032 0.01 0.05 0.151
84 R 0.04 0.197 0.025 0.022 0.01 0.038 0.034 0.026 0.016 0.128 0.08 0.064 0.021 0.03 0.015 0.032 0.032 0.094 0.025 0.072
85 Y 0.058 0.029 0.03 0.026 0.011 0.023 0.033 0.035 0.034 0.035 0.054 0.035 0.016 0.086 0.018 0.116 0.042 0.019 0.259 0.041
86 T 0.066 0.032 0.039 0.034 0.016 0.025 0.036 0.039 0.013 0.048 0.059 0.041 0.018 0.022 0.025 0.084 0.315 0.005 0.016 0.065
87 L 0.067 0.022 0.018 0.018 0.014 0.016 0.022 0.027 0.012 0.121 0.172 0.026 0.063 0.165 0.014 0.034 0.055 0.009 0.038 0.085
88 L 0.054 0.022 0.024 0.022 0.057 0.017 0.023 0.114 0.01 0.129 0.17 0.028 0.027 0.032 0.017 0.043 0.103 0.005 0.016 0.086
89 S 0.1 0.036 0.049 0.044 0.016 0.03 0.048 0.06 0.017 0.027 0.038 0.049 0.014 0.019 0.027 0.291 0.075 0.005 0.016 0.038
90 I 0.042 0.017 0.013 0.016 0.015 0.013 0.016 0.019 0.008 0.299 0.199 0.022 0.035 0.042 0.013 0.023 0.035 0.006 0.019 0.148
91 A 0.169 0.028 0.032 0.031 0.016 0.022 0.034 0.139 0.013 0.082 0.061 0.038 0.017 0.022 0.023 0.126 0.061 0.005 0.015 0.065
92 L 0.065 0.02 0.016 0.017 0.058 0.015 0.02 0.025 0.009 0.188 0.223 0.025 0.033 0.039 0.015 0.032 0.058 0.006 0.018 0.117
93 L 0.038 0.021 0.013 0.014 0.014 0.014 0.018 0.02 0.01 0.095 0.364 0.022 0.041 0.132 0.012 0.022 0.029 0.008 0.033 0.08
94 L 0.037 0.02 0.014 0.014 0.013 0.013 0.018 0.021 0.011 0.089 0.323 0.021 0.038 0.181 0.012 0.022 0.028 0.009 0.04 0.075
95 L 0.036 0.021 0.014 0.014 0.012 0.013 0.018 0.022 0.012 0.08 0.286 0.021 0.034 0.149 0.011 0.022 0.027 0.097 0.042 0.068
96 L 0.056 0.025 0.025 0.024 0.013 0.02 0.026 0.118 0.014 0.088 0.118 0.031 0.096 0.109 0.016 0.075 0.039 0.008 0.03 0.068
97 L 0.042 0.02 0.013 0.015 0.015 0.014 0.018 0.019 0.009 0.178 0.338 0.023 0.041 0.046 0.013 0.022 0.032 0.006 0.02 0.115
98 A 0.169 0.03 0.033 0.032 0.016 0.024 0.038 0.056 0.015 0.033 0.048 0.04 0.015 0.034 0.023 0.156 0.07 0.094 0.025 0.046
99 F 0.065 0.019 0.015 0.016 0.014 0.013 0.02 0.025 0.011 0.137 0.134 0.022 0.028 0.188 0.013 0.029 0.034 0.009 0.042 0.167
100 L 0.125 0.021 0.017 0.019 0.101 0.015 0.023 0.036 0.011 0.073 0.14 0.026 0.024 0.124 0.017 0.046 0.036 0.007 0.031 0.107
101 S 0.071 0.029 0.036 0.033 0.014 0.022 0.036 0.044 0.016 0.041 0.064 0.037 0.018 0.161 0.021 0.167 0.097 0.008 0.038 0.046
102 K 0.046 0.111 0.027 0.026 0.01 0.031 0.04 0.03 0.018 0.052 0.122 0.145 0.022 0.1 0.018 0.046 0.034 0.008 0.05 0.063
103 F 0.05 0.024 0.026 0.024 0.012 0.018 0.027 0.032 0.019 0.062 0.081 0.029 0.02 0.223 0.016 0.079 0.082 0.013 0.105 0.06
104 R 0.044 0.347 0.039 0.031 0.008 0.048 0.052 0.033 0.023 0.023 0.046 0.12 0.015 0.017 0.019 0.044 0.035 0.006 0.017 0.031
105 F 0.044 0.017 0.014 0.016 0.067 0.012 0.017 0.022 0.01 0.167 0.138 0.02 0.028 0.171 0.013 0.025 0.033 0.009 0.039 0.137
106 D 0.037 0.067 0.116 0.176 0.009 0.025 0.049 0.038 0.019 0.041 0.109 0.043 0.018 0.092 0.017 0.042 0.033 0.006 0.025 0.039
107 L 0.051 0.023 0.02 0.02 0.014 0.016 0.023 0.028 0.012 0.084 0.205 0.026 0.03 0.173 0.015 0.069 0.038 0.009 0.039 0.108
108 D 0.04 0.029 0.053 0.312 0.007 0.027 0.069 0.04 0.082 0.021 0.028 0.04 0.01 0.016 0.106 0.045 0.031 0.004 0.017 0.023
109 V 0.056 0.02 0.014 0.016 0.016 0.014 0.02 0.021 0.008 0.177 0.177 0.023 0.032 0.037 0.014 0.027 0.041 0.005 0.019 0.261
110 D 0.04 0.099 0.1 0.178 0.008 0.072 0.063 0.039 0.026 0.024 0.038 0.058 0.013 0.032 0.019 0.046 0.034 0.008 0.075 0.029
111 L 0.038 0.022 0.016 0.015 0.012 0.015 0.021 0.021 0.021 0.086 0.236 0.024 0.031 0.138 0.013 0.025 0.028 0.014 0.15 0.074
112 R 0.054 0.169 0.095 0.052 0.009 0.039 0.068 0.042 0.021 0.042 0.045 0.118 0.014 0.018 0.021 0.092 0.043 0.005 0.016 0.038
113 K 0.116 0.065 0.038 0.037 0.013 0.038 0.053 0.05 0.017 0.03 0.043 0.194 0.015 0.017 0.026 0.117 0.07 0.005 0.016 0.04
114 L 0.101 0.031 0.024 0.025 0.014 0.062 0.037 0.035 0.014 0.08 0.123 0.038 0.024 0.096 0.019 0.048 0.083 0.007 0.028 0.108
115 P 0.055 0.032 0.05 0.115 0.01 0.032 0.124 0.038 0.017 0.036 0.099 0.046 0.017 0.021 0.129 0.084 0.04 0.004 0.015 0.039
116 T 0.106 0.031 0.036 0.108 0.014 0.029 0.096 0.041 0.014 0.054 0.058 0.043 0.017 0.021 0.023 0.062 0.131 0.005 0.015 0.096
117 S 0.064 0.069 0.11 0.116 0.011 0.034 0.056 0.051 0.028 0.024 0.035 0.1 0.013 0.017 0.023 0.142 0.057 0.004 0.015 0.031
118 K 0.044 0.048 0.026 0.027 0.01 0.029 0.051 0.028 0.045 0.132 0.082 0.134 0.021 0.048 0.018 0.035 0.033 0.01 0.102 0.076
119 G 0.068 0.098 0.038 0.035 0.012 0.07 0.047 0.127 0.017 0.045 0.084 0.058 0.018 0.021 0.021 0.125 0.052 0.005 0.016 0.044
120 I 0.051 0.074 0.027 0.025 0.014 0.034 0.031 0.029 0.013 0.147 0.107 0.043 0.059 0.03 0.018 0.048 0.129 0.006 0.018 0.094
121 L 0.166 0.026 0.025 0.025 0.016 0.021 0.03 0.089 0.012 0.064 0.179 0.034 0.026 0.03 0.021 0.089 0.044 0.005 0.017 0.08
122 K 0.046 0.11 0.026 0.025 0.01 0.031 0.039 0.028 0.02 0.115 0.079 0.145 0.021 0.04 0.018 0.036 0.034 0.008 0.077 0.09
123 L 0.051 0.021 0.018 0.017 0.014 0.015 0.02 0.111 0.01 0.092 0.196 0.024 0.028 0.039 0.013 0.029 0.033 0.094 0.025 0.149
124 L 0.044 0.021 0.013 0.014 0.015 0.015 0.019 0.02 0.009 0.122 0.368 0.023 0.042 0.046 0.013 0.023 0.033 0.006 0.02 0.132
125 T 0.062 0.029 0.033 0.029 0.015 0.022 0.032 0.037 0.013 0.056 0.125 0.036 0.023 0.096 0.021 0.098 0.179 0.007 0.028 0.062
126 L 0.038 0.019 0.014 0.015 0.013 0.012 0.017 0.02 0.011 0.147 0.253 0.021 0.035 0.178 0.012 0.023 0.029 0.009 0.04 0.093
127 L 0.095 0.021 0.015 0.017 0.015 0.015 0.021 0.029 0.01 0.132 0.216 0.025 0.032 0.106 0.015 0.033 0.035 0.007 0.029 0.131
128 S 0.185 0.034 0.041 0.039 0.017 0.028 0.044 0.064 0.016 0.031 0.043 0.046 0.015 0.019 0.027 0.22 0.065 0.005 0.016 0.046
129 L 0.091 0.021 0.015 0.017 0.014 0.014 0.021 0.029 0.011 0.12 0.234 0.024 0.032 0.15 0.014 0.032 0.032 0.008 0.036 0.085
130 I 0.059 0.019 0.015 0.016 0.015 0.013 0.019 0.023 0.009 0.185 0.177 0.022 0.032 0.106 0.014 0.027 0.036 0.007 0.029 0.177
131 V 0.057 0.019 0.014 0.016 0.017 0.014 0.019 0.021 0.008 0.212 0.13 0.023 0.03 0.035 0.014 0.028 0.042 0.005 0.019 0.277
132 L 0.049 0.019 0.014 0.015 0.016 0.014 0.019 0.02 0.008 0.197 0.234 0.023 0.036 0.041 0.014 0.025 0.037 0.006 0.019 0.194
133 F 0.112 0.02 0.017 0.018 0.024 0.014 0.022 0.034 0.013 0.071 0.114 0.024 0.024 0.244 0.015 0.037 0.032 0.01 0.05 0.103
134 I 0.045 0.016 0.014 0.016 0.015 0.012 0.017 0.019 0.008 0.318 0.149 0.022 0.033 0.039 0.014 0.023 0.037 0.005 0.019 0.179
135 K 0.052 0.097 0.038 0.038 0.008 0.049 0.064 0.039 0.019 0.025 0.039 0.344 0.014 0.014 0.025 0.049 0.036 0.005 0.016 0.03
136 L 0.052 0.02 0.014 0.015 0.016 0.014 0.019 0.021 0.008 0.166 0.229 0.023 0.035 0.04 0.014 0.026 0.039 0.006 0.019 0.224
137 A 0.202 0.026 0.019 0.022 0.018 0.021 0.029 0.047 0.012 0.076 0.142 0.033 0.059 0.039 0.021 0.053 0.041 0.006 0.019 0.115
138 S 0.1 0.036 0.049 0.044 0.016 0.03 0.048 0.06 0.017 0.027 0.038 0.049 0.014 0.019 0.027 0.291 0.075 0.005 0.016 0.038
139 V 0.053 0.018 0.014 0.016 0.016 0.014 0.019 0.021 0.008 0.243 0.136 0.023 0.031 0.036 0.014 0.026 0.041 0.005 0.019 0.248
140 G 0.081 0.026 0.04 0.035 0.012 0.022 0.031 0.39 0.014 0.02 0.03 0.037 0.01 0.016 0.02 0.128 0.043 0.005 0.012 0.027
141 E 0.044 0.044 0.143 0.151 0.007 0.082 0.166 0.043 0.024 0.021 0.032 0.059 0.012 0.015 0.021 0.054 0.037 0.004 0.014 0.027
142 I 0.046 0.018 0.014 0.016 0.015 0.013 0.017 0.019 0.008 0.267 0.194 0.022 0.035 0.04 0.014 0.024 0.037 0.005 0.019 0.178
143 P 0.052 0.023 0.021 0.028 0.009 0.019 0.033 0.033 0.012 0.023 0.033 0.038 0.009 0.012 0.54 0.04 0.033 0.002 0.012 0.028
144 L 0.039 0.02 0.013 0.014 0.014 0.013 0.018 0.02 0.01 0.136 0.331 0.022 0.039 0.114 0.012 0.022 0.03 0.008 0.03 0.093
145 L 0.041 0.021 0.014 0.014 0.014 0.014 0.018 0.02 0.01 0.106 0.346 0.022 0.04 0.114 0.013 0.023 0.03 0.008 0.03 0.103
146 L 0.046 0.025 0.018 0.018 0.015 0.018 0.022 0.024 0.011 0.093 0.328 0.028 0.073 0.044 0.015 0.034 0.079 0.006 0.02 0.083
147 A 0.336 0.028 0.023 0.026 0.02 0.023 0.036 0.068 0.013 0.046 0.058 0.039 0.017 0.02 0.026 0.074 0.045 0.005 0.016 0.08
148 L 0.039 0.02 0.014 0.015 0.014 0.014 0.018 0.02 0.01 0.145 0.314 0.022 0.043 0.113 0.012 0.023 0.03 0.008 0.03 0.096
149 K 0.064 0.15 0.042 0.037 0.01 0.04 0.054 0.044 0.044 0.024 0.039 0.168 0.014 0.017 0.023 0.127 0.047 0.005 0.018 0.032
150 G 0.071 0.021 0.036 0.031 0.01 0.017 0.023 0.555 0.012 0.017 0.026 0.031 0.009 0.015 0.017 0.047 0.027 0.005 0.01 0.022
151 D 0.037 0.027 0.063 0.452 0.007 0.027 0.083 0.042 0.017 0.02 0.025 0.041 0.008 0.014 0.02 0.047 0.032 0.003 0.01 0.022
152 G 0.11 0.023 0.025 0.025 0.015 0.018 0.027 0.125 0.012 0.105 0.082 0.03 0.021 0.095 0.018 0.082 0.042 0.007 0.027 0.111
153 E 0.05 0.038 0.033 0.092 0.01 0.078 0.173 0.03 0.018 0.095 0.068 0.053 0.019 0.022 0.02 0.042 0.036 0.005 0.016 0.102
154 G 0.113 0.022 0.03 0.027 0.012 0.018 0.025 0.385 0.012 0.035 0.098 0.031 0.016 0.021 0.018 0.048 0.031 0.005 0.013 0.04
155 A 0.355 0.028 0.023 0.027 0.02 0.023 0.037 0.071 0.013 0.039 0.054 0.04 0.016 0.02 0.027 0.077 0.045 0.005 0.016 0.063
156 A 0.297 0.027 0.026 0.028 0.018 0.023 0.035 0.151 0.013 0.035 0.049 0.039 0.015 0.019 0.025 0.081 0.044 0.005 0.015 0.055
157 L 0.044 0.03 0.021 0.037 0.012 0.03 0.133 0.024 0.014 0.076 0.278 0.039 0.05 0.038 0.017 0.032 0.032 0.006 0.019 0.068
158 A 0.187 0.032 0.022 0.025 0.016 0.064 0.039 0.046 0.014 0.063 0.181 0.041 0.027 0.029 0.021 0.052 0.039 0.006 0.018 0.077
159 K 0.052 0.097 0.038 0.038 0.008 0.049 0.064 0.039 0.019 0.025 0.039 0.344 0.014 0.014 0.025 0.049 0.036 0.005 0.016 0.03
160 A 0.252 0.026 0.021 0.024 0.019 0.021 0.032 0.055 0.012 0.076 0.075 0.035 0.02 0.024 0.023 0.066 0.046 0.005 0.017 0.153
161 R 0.046 0.246 0.037 0.034 0.007 0.086 0.061 0.034 0.021 0.023 0.041 0.183 0.015 0.015 0.021 0.045 0.034 0.005 0.016 0.029
162 I 0.046 0.017 0.014 0.016 0.015 0.013 0.017 0.019 0.008 0.306 0.147 0.022 0.033 0.039 0.014 0.024 0.038 0.005 0.019 0.19
163 L 0.04 0.022 0.013 0.014 0.015 0.015 0.018 0.019 0.009 0.105 0.432 0.023 0.045 0.05 0.013 0.022 0.03 0.006 0.02 0.087
164 K 0.054 0.128 0.038 0.036 0.01 0.079 0.057 0.037 0.018 0.032 0.047 0.155 0.016 0.017 0.023 0.059 0.128 0.005 0.016 0.041
165 N 0.056 0.041 0.21 0.057 0.01 0.071 0.05 0.138 0.024 0.022 0.032 0.052 0.012 0.016 0.02 0.096 0.046 0.005 0.015 0.028
166 E 0.048 0.049 0.042 0.131 0.007 0.129 0.225 0.035 0.023 0.021 0.035 0.069 0.014 0.014 0.022 0.05 0.035 0.005 0.015 0.029
167 V 0.057 0.027 0.031 0.103 0.014 0.026 0.09 0.03 0.013 0.09 0.079 0.037 0.021 0.025 0.019 0.045 0.086 0.005 0.016 0.187
168 G 0.071 0.021 0.036 0.031 0.01 0.017 0.023 0.555 0.012 0.017 0.026 0.031 0.009 0.015 0.017 0.047 0.027 0.005 0.01 0.022
169 I 0.096 0.02 0.016 0.018 0.015 0.015 0.021 0.03 0.011 0.166 0.12 0.025 0.044 0.136 0.015 0.034 0.036 0.008 0.034 0.139
170 G 0.07 0.025 0.037 0.032 0.012 0.02 0.027 0.383 0.012 0.028 0.037 0.034 0.012 0.017 0.02 0.059 0.123 0.005 0.012 0.036
171 G 0.069 0.021 0.029 0.026 0.012 0.016 0.023 0.377 0.011 0.061 0.057 0.028 0.015 0.021 0.016 0.041 0.033 0.005 0.013 0.127
172 L 0.036 0.02 0.014 0.015 0.012 0.012 0.018 0.021 0.012 0.081 0.268 0.02 0.034 0.246 0.011 0.023 0.027 0.011 0.05 0.069
173 F 0.05 0.019 0.022 0.021 0.011 0.013 0.02 0.2 0.013 0.059 0.08 0.023 0.019 0.232 0.013 0.032 0.028 0.01 0.047 0.088
174 I 0.043 0.018 0.013 0.015 0.015 0.013 0.017 0.019 0.008 0.252 0.244 0.022 0.037 0.043 0.013 0.023 0.035 0.006 0.019 0.144
175 G 0.06 0.027 0.15 0.046 0.009 0.022 0.03 0.39 0.018 0.018 0.027 0.037 0.009 0.015 0.018 0.052 0.033 0.005 0.011 0.023
176 Y 0.037 0.025 0.02 0.017 0.008 0.02 0.025 0.023 0.042 0.04 0.062 0.028 0.017 0.119 0.014 0.028 0.025 0.025 0.38 0.042
177 I 0.042 0.017 0.013 0.016 0.015 0.013 0.016 0.019 0.008 0.299 0.199 0.022 0.035 0.042 0.013 0.023 0.035 0.006 0.019 0.148
178 F 0.031 0.017 0.015 0.015 0.01 0.01 0.017 0.023 0.015 0.058 0.104 0.017 0.023 0.443 0.01 0.023 0.023 0.015 0.081 0.05
179 R 0.102 0.151 0.024 0.022 0.014 0.028 0.033 0.034 0.014 0.079 0.092 0.057 0.056 0.027 0.018 0.042 0.039 0.005 0.018 0.146
180 Y 0.058 0.029 0.03 0.026 0.011 0.023 0.033 0.035 0.034 0.035 0.054 0.035 0.016 0.086 0.018 0.116 0.042 0.019 0.259 0.041
181 F 0.031 0.017 0.015 0.015 0.01 0.01 0.017 0.023 0.015 0.058 0.104 0.017 0.023 0.443 0.01 0.023 0.023 0.015 0.081 0.05
182 P 0.057 0.026 0.027 0.03 0.012 0.021 0.034 0.035 0.012 0.032 0.042 0.039 0.012 0.015 0.368 0.055 0.127 0.003 0.013 0.04
183 S 0.11 0.04 0.054 0.049 0.017 0.033 0.052 0.066 0.019 0.03 0.042 0.054 0.016 0.021 0.03 0.222 0.082 0.005 0.017 0.042
184 Y 0.055 0.025 0.019 0.018 0.014 0.019 0.026 0.025 0.027 0.104 0.099 0.029 0.025 0.083 0.016 0.032 0.039 0.017 0.17 0.159
185 V 0.07 0.022 0.016 0.018 0.019 0.016 0.023 0.025 0.008 0.164 0.13 0.026 0.032 0.036 0.016 0.033 0.049 0.005 0.021 0.271
186 Y 0.037 0.025 0.02 0.017 0.008 0.02 0.025 0.023 0.042 0.04 0.062 0.028 0.017 0.119 0.014 0.028 0.025 0.025 0.38 0.042
187 L 0.053 0.022 0.018 0.018 0.016 0.016 0.022 0.024 0.009 0.149 0.219 0.026 0.033 0.038 0.016 0.035 0.084 0.006 0.019 0.178
188 A 0.175 0.03 0.035 0.034 0.017 0.025 0.039 0.057 0.015 0.083 0.062 0.042 0.018 0.023 0.025 0.175 0.058 0.005 0.016 0.067
189 L 0.061 0.027 0.025 0.024 0.015 0.021 0.029 0.033 0.012 0.078 0.285 0.032 0.047 0.039 0.018 0.112 0.045 0.006 0.019 0.071
190 V 0.059 0.019 0.015 0.016 0.017 0.014 0.02 0.022 0.008 0.189 0.126 0.023 0.03 0.034 0.015 0.028 0.043 0.005 0.019 0.299
191 Y 0.049 0.028 0.024 0.022 0.011 0.022 0.029 0.029 0.034 0.046 0.078 0.033 0.053 0.09 0.016 0.073 0.035 0.019 0.26 0.049
192 L 0.091 0.029 0.029 0.028 0.016 0.022 0.032 0.041 0.013 0.067 0.237 0.035 0.03 0.034 0.02 0.139 0.05 0.006 0.018 0.065
193 Y 0.041 0.023 0.017 0.016 0.011 0.016 0.022 0.022 0.027 0.072 0.14 0.025 0.025 0.147 0.013 0.027 0.029 0.017 0.21 0.1
194 L 0.106 0.022 0.021 0.022 0.091 0.017 0.025 0.036 0.011 0.148 0.149 0.029 0.026 0.04 0.018 0.078 0.042 0.005 0.018 0.093
195 A 0.147 0.029 0.024 0.023 0.099 0.038 0.034 0.042 0.065 0.037 0.055 0.036 0.016 0.053 0.019 0.049 0.034 0.012 0.14 0.048
196 K 0.045 0.125 0.046 0.174 0.007 0.041 0.068 0.039 0.019 0.023 0.035 0.204 0.012 0.014 0.022 0.047 0.034 0.004 0.014 0.027
197 P 0.059 0.064 0.034 0.036 0.01 0.075 0.056 0.04 0.018 0.025 0.038 0.144 0.013 0.014 0.196 0.086 0.042 0.004 0.015 0.031
198 I 0.046 0.06 0.046 0.032 0.01 0.073 0.049 0.032 0.083 0.128 0.077 0.125 0.021 0.025 0.019 0.039 0.035 0.005 0.023 0.072
199 N 0.042 0.048 0.15 0.114 0.009 0.046 0.053 0.042 0.022 0.037 0.101 0.105 0.018 0.034 0.019 0.048 0.037 0.006 0.032 0.037
200 K 0.06 0.109 0.037 0.035 0.011 0.059 0.05 0.04 0.017 0.03 0.051 0.114 0.015 0.017 0.109 0.093 0.094 0.005 0.016 0.039
201 K 0.058 0.109 0.042 0.042 0.009 0.054 0.072 0.044 0.021 0.028 0.044 0.265 0.016 0.016 0.028 0.054 0.04 0.005 0.018 0.033
202 V 0.107 0.036 0.023 0.024 0.015 0.023 0.033 0.036 0.015 0.082 0.122 0.082 0.024 0.053 0.019 0.061 0.042 0.007 0.05 0.147
203 K 0.054 0.053 0.035 0.049 0.009 0.037 0.097 0.111 0.021 0.029 0.043 0.143 0.014 0.033 0.022 0.051 0.079 0.008 0.075 0.036
204 R 0.062 0.234 0.046 0.034 0.011 0.036 0.045 0.062 0.019 0.043 0.047 0.079 0.015 0.018 0.02 0.124 0.046 0.005 0.016 0.039
205 V 0.101 0.035 0.021 0.024 0.013 0.023 0.045 0.046 0.013 0.075 0.096 0.081 0.021 0.048 0.017 0.04 0.037 0.094 0.027 0.141
206 I 0.047 0.018 0.014 0.016 0.015 0.013 0.018 0.02 0.008 0.236 0.215 0.022 0.035 0.041 0.014 0.024 0.037 0.006 0.019 0.182
207 F 0.033 0.019 0.016 0.015 0.01 0.012 0.019 0.022 0.019 0.063 0.152 0.02 0.026 0.323 0.011 0.024 0.025 0.016 0.121 0.055
208 Y 0.039 0.066 0.02 0.019 0.011 0.02 0.026 0.023 0.023 0.1 0.142 0.053 0.025 0.131 0.014 0.028 0.029 0.014 0.149 0.069
209 A 0.142 0.022 0.017 0.019 0.014 0.016 0.024 0.039 0.012 0.116 0.117 0.027 0.023 0.104 0.016 0.041 0.034 0.096 0.035 0.085
210 N 0.038 0.038 0.319 0.066 0.008 0.029 0.042 0.053 0.031 0.024 0.034 0.046 0.011 0.033 0.018 0.058 0.042 0.008 0.075 0.028
211 L 0.04 0.02 0.013 0.015 0.014 0.013 0.018 0.02 0.01 0.142 0.319 0.022 0.039 0.113 0.012 0.023 0.031 0.008 0.03 0.1
212 P 0.047 0.022 0.017 0.019 0.012 0.016 0.024 0.025 0.013 0.077 0.171 0.028 0.025 0.048 0.188 0.03 0.032 0.051 0.052 0.101
213 L 0.04 0.022 0.013 0.014 0.015 0.015 0.018 0.019 0.009 0.105 0.432 0.023 0.045 0.05 0.013 0.022 0.03 0.006 0.02 0.087
214 I 0.096 0.022 0.017 0.019 0.016 0.018 0.023 0.03 0.011 0.206 0.145 0.028 0.098 0.038 0.016 0.035 0.038 0.006 0.019 0.119
215 I 0.101 0.024 0.023 0.023 0.016 0.018 0.026 0.034 0.01 0.165 0.156 0.031 0.028 0.033 0.019 0.05 0.118 0.005 0.018 0.104
216 F 0.036 0.018 0.014 0.015 0.012 0.011 0.017 0.021 0.012 0.159 0.175 0.02 0.03 0.243 0.011 0.023 0.029 0.011 0.05 0.093
217 Y 0.037 0.031 0.14 0.037 0.008 0.023 0.032 0.035 0.038 0.033 0.051 0.035 0.015 0.085 0.016 0.04 0.032 0.018 0.258 0.036
218 A 0.178 0.03 0.035 0.034 0.103 0.025 0.039 0.059 0.014 0.033 0.047 0.041 0.015 0.019 0.025 0.177 0.058 0.005 0.015 0.049
219 L 0.045 0.021 0.014 0.015 0.015 0.015 0.019 0.02 0.009 0.141 0.334 0.023 0.049 0.045 0.013 0.024 0.034 0.006 0.02 0.138
220 Y 0.037 0.025 0.02 0.017 0.008 0.02 0.025 0.023 0.042 0.04 0.062 0.028 0.017 0.119 0.014 0.028 0.025 0.025 0.38 0.042
221 D 0.037 0.027 0.063 0.452 0.007 0.027 0.083 0.042 0.017 0.02 0.025 0.041 0.008 0.014 0.02 0.047 0.032 0.003 0.01 0.022
222 L 0.047 0.023 0.015 0.016 0.015 0.018 0.021 0.022 0.011 0.147 0.249 0.026 0.104 0.043 0.014 0.027 0.036 0.006 0.02 0.14
223 Q 0.051 0.067 0.04 0.043 0.008 0.286 0.094 0.037 0.027 0.024 0.043 0.083 0.019 0.013 0.021 0.051 0.037 0.005 0.019 0.032
224 K 0.052 0.097 0.038 0.038 0.008 0.049 0.064 0.039 0.019 0.025 0.039 0.344 0.014 0.014 0.025 0.049 0.036 0.005 0.016 0.03
225 S 0.067 0.03 0.034 0.03 0.012 0.023 0.035 0.042 0.025 0.036 0.057 0.037 0.017 0.123 0.02 0.159 0.05 0.013 0.148 0.042
226 K 0.057 0.076 0.038 0.037 0.011 0.041 0.055 0.039 0.017 0.033 0.046 0.243 0.015 0.017 0.025 0.061 0.129 0.005 0.016 0.041
227 L 0.039 0.02 0.014 0.015 0.013 0.013 0.018 0.02 0.01 0.142 0.292 0.021 0.037 0.146 0.012 0.022 0.03 0.008 0.035 0.093
228 V 0.062 0.02 0.018 0.019 0.016 0.015 0.021 0.111 0.008 0.151 0.107 0.025 0.026 0.03 0.015 0.032 0.041 0.005 0.017 0.261
229 L 0.041 0.021 0.015 0.015 0.013 0.015 0.019 0.022 0.012 0.102 0.23 0.023 0.067 0.177 0.012 0.025 0.031 0.009 0.04 0.108
230 L 0.052 0.021 0.014 0.015 0.016 0.015 0.02 0.021 0.008 0.127 0.275 0.023 0.037 0.041 0.014 0.026 0.038 0.006 0.02 0.211
231 L 0.046 0.021 0.015 0.016 0.014 0.015 0.02 0.023 0.012 0.102 0.176 0.023 0.064 0.174 0.013 0.027 0.034 0.009 0.04 0.157
232 F 0.039 0.019 0.014 0.015 0.013 0.012 0.018 0.022 0.012 0.089 0.216 0.02 0.031 0.243 0.012 0.024 0.029 0.011 0.05 0.11
233 L 0.054 0.025 0.021 0.021 0.015 0.02 0.025 0.028 0.012 0.16 0.189 0.03 0.104 0.04 0.016 0.071 0.042 0.006 0.02 0.101
234 L 0.049 0.025 0.022 0.021 0.015 0.018 0.024 0.026 0.01 0.086 0.308 0.029 0.036 0.04 0.017 0.043 0.125 0.006 0.019 0.08
235 F 0.034 0.019 0.016 0.016 0.01 0.012 0.019 0.024 0.015 0.063 0.116 0.02 0.059 0.376 0.01 0.025 0.025 0.014 0.071 0.056
236 W 0.045 0.02 0.014 0.015 0.013 0.014 0.02 0.023 0.01 0.125 0.152 0.022 0.027 0.044 0.012 0.025 0.033 0.183 0.033 0.17
237 L 0.044 0.022 0.013 0.014 0.015 0.015 0.019 0.02 0.009 0.112 0.38 0.023 0.042 0.047 0.013 0.023 0.033 0.006 0.02 0.129
238 Y 0.037 0.087 0.02 0.018 0.009 0.021 0.027 0.023 0.029 0.05 0.128 0.039 0.022 0.144 0.014 0.028 0.027 0.017 0.209 0.049
239 L 0.04 0.022 0.015 0.015 0.013 0.016 0.02 0.02 0.02 0.122 0.262 0.025 0.034 0.071 0.013 0.024 0.03 0.013 0.14 0.085
240 K 0.05 0.061 0.031 0.03 0.01 0.034 0.045 0.033 0.02 0.083 0.065 0.187 0.018 0.037 0.021 0.047 0.081 0.008 0.077 0.06
241 R 0.041 0.162 0.028 0.025 0.009 0.03 0.038 0.03 0.022 0.036 0.063 0.106 0.017 0.157 0.016 0.045 0.031 0.011 0.095 0.038
242 G 0.121 0.03 0.036 0.033 0.014 0.024 0.036 0.134 0.019 0.034 0.047 0.04 0.015 0.036 0.023 0.132 0.099 0.008 0.076 0.045
243 G 0.059 0.105 0.037 0.034 0.009 0.036 0.047 0.241 0.017 0.022 0.035 0.184 0.012 0.015 0.021 0.048 0.032 0.005 0.014 0.027
244 R 0.046 0.2 0.15 0.045 0.008 0.035 0.044 0.128 0.022 0.021 0.035 0.091 0.012 0.016 0.018 0.05 0.036 0.005 0.014 0.026
245 I 0.098 0.021 0.017 0.018 0.015 0.016 0.022 0.03 0.011 0.157 0.125 0.026 0.062 0.103 0.016 0.035 0.038 0.007 0.029 0.153
246 N 0.041 0.111 0.265 0.061 0.008 0.036 0.049 0.051 0.026 0.021 0.033 0.108 0.011 0.016 0.019 0.057 0.041 0.004 0.015 0.026
247 Y 0.042 0.027 0.023 0.02 0.01 0.021 0.027 0.025 0.037 0.041 0.062 0.031 0.017 0.103 0.016 0.038 0.074 0.022 0.319 0.046
248 F 0.035 0.019 0.014 0.015 0.011 0.012 0.018 0.022 0.012 0.116 0.176 0.02 0.028 0.18 0.011 0.022 0.027 0.131 0.05 0.08
249 I 0.041 0.085 0.019 0.018 0.011 0.02 0.025 0.022 0.022 0.153 0.132 0.039 0.026 0.063 0.014 0.028 0.032 0.012 0.139 0.099
250 V 0.052 0.083 0.018 0.018 0.015 0.019 0.024 0.022 0.01 0.199 0.119 0.037 0.028 0.033 0.015 0.029 0.039 0.005 0.018 0.219
251 G 0.066 0.022 0.025 0.023 0.013 0.016 0.023 0.204 0.012 0.058 0.179 0.028 0.025 0.099 0.016 0.045 0.059 0.007 0.026 0.055
252 I 0.101 0.02 0.02 0.021 0.014 0.016 0.022 0.15 0.01 0.176 0.154 0.027 0.027 0.033 0.016 0.037 0.035 0.005 0.016 0.1
253 L 0.107 0.026 0.025 0.025 0.016 0.02 0.029 0.038 0.012 0.11 0.195 0.033 0.029 0.033 0.02 0.087 0.089 0.006 0.018 0.083
254 P 0.056 0.025 0.023 0.026 0.012 0.019 0.031 0.033 0.012 0.051 0.167 0.035 0.022 0.026 0.279 0.076 0.039 0.004 0.015 0.05
255 G 0.076 0.021 0.022 0.021 0.014 0.016 0.022 0.224 0.01 0.086 0.186 0.027 0.026 0.031 0.016 0.036 0.033 0.005 0.016 0.111
256 L 0.042 0.02 0.014 0.015 0.014 0.014 0.018 0.021 0.01 0.141 0.281 0.022 0.045 0.111 0.013 0.024 0.032 0.008 0.03 0.124
257 G 0.123 0.026 0.034 0.032 0.014 0.022 0.032 0.22 0.013 0.077 0.056 0.037 0.016 0.021 0.021 0.129 0.047 0.005 0.014 0.057
258 L 0.041 0.021 0.013 0.014 0.015 0.014 0.018 0.019 0.009 0.163 0.362 0.023 0.042 0.047 0.013 0.022 0.032 0.006 0.02 0.106
259 V 0.067 0.026 0.026 0.026 0.016 0.021 0.029 0.035 0.012 0.125 0.117 0.033 0.051 0.057 0.018 0.115 0.05 0.006 0.022 0.148
260 L 0.102 0.023 0.021 0.022 0.015 0.017 0.026 0.035 0.012 0.122 0.191 0.029 0.029 0.103 0.017 0.076 0.04 0.007 0.029 0.084
261 L 0.044 0.022 0.013 0.014 0.015 0.015 0.019 0.02 0.009 0.112 0.38 0.023 0.042 0.047 0.013 0.023 0.033 0.006 0.02 0.129
262 A 0.108 0.027 0.025 0.024 0.079 0.022 0.029 0.04 0.014 0.057 0.101 0.033 0.09 0.098 0.018 0.093 0.043 0.007 0.028 0.061
263 G 0.071 0.021 0.024 0.023 0.012 0.015 0.023 0.205 0.013 0.051 0.139 0.026 0.022 0.165 0.015 0.051 0.031 0.009 0.036 0.049
264 V 0.114 0.024 0.026 0.025 0.015 0.018 0.028 0.126 0.012 0.073 0.076 0.031 0.02 0.093 0.018 0.083 0.043 0.007 0.027 0.141
265 F 0.038 0.018 0.015 0.016 0.012 0.011 0.018 0.022 0.013 0.12 0.114 0.019 0.026 0.307 0.011 0.024 0.029 0.012 0.06 0.116
266 T 0.051 0.028 0.025 0.023 0.014 0.022 0.028 0.029 0.018 0.104 0.116 0.033 0.098 0.048 0.018 0.048 0.127 0.009 0.079 0.082
267 L 0.043 0.021 0.013 0.014 0.015 0.015 0.018 0.02 0.009 0.128 0.383 0.023 0.043 0.047 0.013 0.023 0.032 0.006 0.02 0.114
268 L 0.051 0.022 0.02 0.019 0.013 0.016 0.02 0.198 0.01 0.076 0.297 0.026 0.033 0.038 0.014 0.03 0.029 0.006 0.017 0.066
269 H 0.043 0.033 0.037 0.028 0.008 0.027 0.037 0.117 0.223 0.026 0.042 0.035 0.014 0.056 0.016 0.036 0.025 0.013 0.154 0.028
270 E 0.044 0.038 0.102 0.204 0.007 0.043 0.215 0.04 0.022 0.02 0.03 0.056 0.01 0.015 0.022 0.051 0.035 0.004 0.013 0.026
271 F 0.059 0.023 0.023 0.022 0.014 0.017 0.024 0.029 0.012 0.097 0.148 0.028 0.026 0.169 0.017 0.046 0.124 0.009 0.039 0.075
272 P 0.049 0.025 0.036 0.17 0.009 0.022 0.05 0.037 0.014 0.023 0.031 0.039 0.009 0.013 0.345 0.053 0.034 0.003 0.011 0.027
273 L 0.044 0.022 0.016 0.018 0.014 0.017 0.022 0.023 0.011 0.14 0.237 0.027 0.08 0.048 0.101 0.028 0.033 0.006 0.02 0.093
274 G 0.114 0.026 0.04 0.102 0.012 0.022 0.039 0.272 0.014 0.027 0.037 0.037 0.012 0.017 0.021 0.073 0.082 0.005 0.012 0.037
275 E 0.047 0.04 0.046 0.195 0.007 0.05 0.265 0.036 0.022 0.021 0.032 0.061 0.011 0.015 0.023 0.05 0.034 0.005 0.014 0.027
276 L 0.052 0.02 0.014 0.015 0.016 0.014 0.019 0.021 0.008 0.166 0.229 0.023 0.035 0.04 0.014 0.026 0.039 0.006 0.019 0.224
277 L 0.043 0.021 0.014 0.014 0.014 0.014 0.019 0.02 0.01 0.104 0.325 0.022 0.039 0.112 0.013 0.024 0.032 0.008 0.03 0.123
278 N 0.047 0.046 0.157 0.12 0.009 0.114 0.066 0.046 0.023 0.026 0.038 0.058 0.014 0.016 0.021 0.06 0.085 0.005 0.015 0.033
279 A 0.214 0.03 0.037 0.102 0.016 0.026 0.047 0.061 0.015 0.035 0.06 0.042 0.015 0.02 0.025 0.132 0.051 0.005 0.015 0.05
280 V 0.061 0.023 0.023 0.022 0.017 0.018 0.025 0.028 0.009 0.147 0.104 0.029 0.026 0.03 0.018 0.047 0.133 0.005 0.018 0.216
281 A 0.198 0.026 0.019 0.021 0.017 0.02 0.029 0.047 0.013 0.067 0.18 0.033 0.061 0.058 0.02 0.052 0.038 0.006 0.022 0.072
282 A 0.16 0.027 0.027 0.027 0.015 0.021 0.031 0.133 0.018 0.045 0.111 0.035 0.019 0.04 0.021 0.09 0.041 0.009 0.076 0.053
283 R 0.041 0.405 0.035 0.028 0.007 0.044 0.048 0.03 0.021 0.021 0.042 0.109 0.014 0.016 0.018 0.041 0.032 0.005 0.016 0.028
284 L 0.041 0.022 0.013 0.015 0.015 0.015 0.019 0.02 0.009 0.142 0.365 0.024 0.059 0.048 0.013 0.023 0.032 0.006 0.02 0.099
285 F 0.031 0.017 0.015 0.015 0.01 0.01 0.017 0.023 0.015 0.058 0.104 0.017 0.023 0.443 0.01 0.023 0.023 0.015 0.081 0.05
286 I 0.098 0.019 0.015 0.018 0.016 0.014 0.02 0.028 0.009 0.256 0.13 0.025 0.03 0.035 0.016 0.033 0.039 0.005 0.018 0.173
287 G 0.071 0.021 0.036 0.031 0.01 0.017 0.023 0.555 0.012 0.017 0.026 0.031 0.009 0.015 0.017 0.047 0.027 0.005 0.01 0.022
288 Q 0.051 0.067 0.04 0.043 0.008 0.286 0.094 0.037 0.027 0.024 0.043 0.083 0.019 0.013 0.021 0.051 0.037 0.005 0.019 0.032
289 T 0.104 0.032 0.086 0.035 0.015 0.026 0.034 0.043 0.016 0.057 0.093 0.04 0.089 0.028 0.021 0.062 0.132 0.006 0.018 0.064
290 E 0.05 0.045 0.037 0.082 0.007 0.059 0.36 0.032 0.023 0.02 0.033 0.069 0.012 0.015 0.023 0.05 0.033 0.005 0.015 0.028
291 G 0.071 0.021 0.036 0.031 0.01 0.017 0.023 0.555 0.012 0.017 0.026 0.031 0.009 0.015 0.017 0.047 0.027 0.005 0.01 0.022
292 A 0.167 0.031 0.03 0.03 0.017 0.026 0.037 0.052 0.015 0.053 0.09 0.041 0.089 0.027 0.023 0.134 0.052 0.006 0.018 0.062
293 F 0.034 0.021 0.018 0.016 0.009 0.015 0.021 0.023 0.029 0.049 0.083 0.023 0.02 0.281 0.012 0.026 0.024 0.02 0.23 0.046
294 M 0.044 0.028 0.019 0.018 0.013 0.024 0.026 0.025 0.024 0.074 0.14 0.031 0.164 0.069 0.014 0.031 0.033 0.013 0.141 0.07
295 I 0.044 0.018 0.014 0.016 0.015 0.014 0.018 0.02 0.009 0.296 0.157 0.023 0.067 0.041 0.014 0.024 0.036 0.006 0.019 0.148
296 Y 0.037 0.025 0.02 0.017 0.008 0.02 0.025 0.023 0.042 0.04 0.062 0.028 0.017 0.119 0.014 0.028 0.025 0.025 0.38 0.042
297 D 0.046 0.046 0.047 0.192 0.007 0.124 0.179 0.037 0.022 0.022 0.034 0.064 0.013 0.014 0.022 0.049 0.034 0.005 0.015 0.028
298 F 0.107 0.023 0.022 0.022 0.015 0.017 0.027 0.037 0.013 0.08 0.089 0.029 0.022 0.165 0.017 0.079 0.043 0.008 0.038 0.145
299 L 0.04 0.022 0.013 0.014 0.015 0.015 0.018 0.019 0.009 0.105 0.432 0.023 0.045 0.05 0.013 0.022 0.03 0.006 0.02 0.087
300 T 0.059 0.098 0.034 0.031 0.013 0.07 0.045 0.034 0.015 0.063 0.065 0.056 0.02 0.021 0.021 0.061 0.171 0.005 0.017 0.1
301 P 0.052 0.023 0.021 0.028 0.009 0.019 0.033 0.033 0.012 0.023 0.033 0.038 0.009 0.012 0.54 0.04 0.033 0.002 0.012 0.028
302 D 0.058 0.03 0.058 0.316 0.01 0.028 0.071 0.048 0.017 0.023 0.03 0.044 0.01 0.015 0.023 0.129 0.046 0.004 0.012 0.027
303 F 0.041 0.024 0.019 0.028 0.011 0.021 0.077 0.025 0.014 0.095 0.149 0.031 0.025 0.167 0.101 0.03 0.03 0.008 0.038 0.066
304 E 0.065 0.048 0.045 0.124 0.01 0.042 0.161 0.044 0.02 0.023 0.035 0.103 0.012 0.016 0.024 0.13 0.047 0.005 0.015 0.031
305 R 0.039 0.278 0.03 0.024 0.008 0.036 0.04 0.027 0.028 0.027 0.049 0.082 0.015 0.05 0.016 0.036 0.03 0.012 0.137 0.033
306 L 0.094 0.02 0.015 0.017 0.016 0.015 0.02 0.028 0.009 0.21 0.229 0.025 0.034 0.04 0.015 0.032 0.036 0.006 0.019 0.12
307 W 0.097 0.026 0.024 0.023 0.013 0.019 0.028 0.037 0.013 0.049 0.117 0.031 0.021 0.037 0.017 0.052 0.124 0.183 0.032 0.056
308 Y 0.038 0.024 0.018 0.016 0.011 0.018 0.023 0.022 0.031 0.061 0.186 0.027 0.026 0.096 0.014 0.026 0.027 0.019 0.26 0.057
309 G 0.071 0.021 0.036 0.031 0.01 0.017 0.023 0.555 0.012 0.017 0.026 0.031 0.009 0.015 0.017 0.047 0.027 0.005 0.01 0.022
310 L 0.046 0.028 0.017 0.018 0.015 0.024 0.024 0.025 0.014 0.094 0.221 0.031 0.205 0.045 0.014 0.031 0.036 0.007 0.022 0.085
311 P 0.052 0.023 0.021 0.028 0.009 0.019 0.033 0.033 0.012 0.023 0.033 0.038 0.009 0.012 0.54 0.04 0.033 0.002 0.012 0.028
312 L 0.042 0.024 0.014 0.015 0.015 0.017 0.02 0.021 0.01 0.102 0.379 0.025 0.085 0.048 0.013 0.024 0.032 0.007 0.021 0.087
313 A 0.337 0.028 0.024 0.027 0.019 0.023 0.036 0.101 0.013 0.038 0.052 0.04 0.015 0.019 0.026 0.075 0.044 0.005 0.016 0.06
314 G 0.061 0.021 0.03 0.028 0.01 0.016 0.024 0.379 0.013 0.025 0.04 0.03 0.011 0.086 0.103 0.042 0.027 0.006 0.022 0.028
315 L 0.058 0.027 0.024 0.023 0.015 0.02 0.027 0.032 0.012 0.08 0.292 0.031 0.043 0.039 0.018 0.095 0.065 0.006 0.019 0.073
316 F 0.031 0.017 0.015 0.015 0.01 0.01 0.017 0.023 0.015 0.058 0.104 0.017 0.023 0.443 0.01 0.023 0.023 0.015 0.081 0.05
317 G 0.071 0.021 0.036 0.031 0.01 0.017 0.023 0.555 0.012 0.017 0.026 0.031 0.009 0.015 0.017 0.047 0.027 0.005 0.01 0.022
318 F 0.041 0.02 0.023 0.089 0.012 0.015 0.029 0.025 0.012 0.115 0.154 0.024 0.027 0.17 0.014 0.029 0.037 0.008 0.038 0.116
319 A 0.155 0.097 0.03 0.031 0.013 0.07 0.048 0.048 0.019 0.03 0.046 0.059 0.015 0.023 0.109 0.08 0.041 0.006 0.038 0.042
320 A 0.195 0.043 0.035 0.036 0.015 0.112 0.058 0.057 0.019 0.031 0.047 0.057 0.016 0.017 0.025 0.117 0.049 0.005 0.017 0.047
