#Seq2Logo.py -f /work3/idamei/ssn-clusterings/clustering/2205111239/clusters/0014_149/sequences.afa -o /work3/idamei/ssn-clusterings/clustering/2205111239/clusters/0014_149/sequences.logo
#Position Specific Frequency Matrix
A R N D C Q E G H I L K M F P S T W Y V
0 M 0.05 0.031 0.019 0.019 0.015 0.027 0.027 0.027 0.015 0.097 0.189 0.035 0.193 0.046 0.015 0.035 0.039 0.008 0.023 0.089
1 L 0.05 0.067 0.066 0.081 0.012 0.028 0.07 0.036 0.017 0.098 0.112 0.047 0.023 0.07 0.018 0.062 0.04 0.006 0.025 0.071
2 V 0.07 0.022 0.017 0.018 0.019 0.017 0.023 0.025 0.008 0.165 0.131 0.026 0.032 0.036 0.017 0.033 0.05 0.006 0.021 0.266
3 D 0.041 0.03 0.069 0.395 0.008 0.03 0.092 0.047 0.019 0.022 0.028 0.045 0.009 0.015 0.022 0.052 0.036 0.004 0.011 0.024
4 K 0.047 0.142 0.071 0.036 0.01 0.039 0.049 0.037 0.021 0.053 0.095 0.156 0.02 0.029 0.021 0.045 0.037 0.007 0.038 0.048
5 L 0.091 0.042 0.028 0.028 0.014 0.027 0.036 0.103 0.014 0.088 0.128 0.088 0.046 0.03 0.021 0.051 0.069 0.006 0.018 0.074
6 L 0.089 0.027 0.03 0.078 0.013 0.021 0.038 0.04 0.018 0.055 0.106 0.035 0.021 0.09 0.085 0.069 0.04 0.009 0.069 0.066
7 H 0.042 0.046 0.053 0.038 0.008 0.038 0.053 0.038 0.355 0.023 0.038 0.046 0.015 0.03 0.019 0.042 0.027 0.008 0.057 0.023
8 Q 0.056 0.074 0.044 0.047 0.009 0.215 0.103 0.041 0.029 0.026 0.047 0.091 0.021 0.015 0.024 0.056 0.041 0.006 0.021 0.035
9 D 0.041 0.03 0.069 0.397 0.008 0.03 0.091 0.047 0.019 0.022 0.028 0.045 0.009 0.015 0.022 0.052 0.035 0.004 0.011 0.024
10 F 0.034 0.019 0.017 0.017 0.011 0.011 0.019 0.025 0.017 0.063 0.114 0.019 0.025 0.387 0.011 0.025 0.025 0.017 0.089 0.055
11 S 0.11 0.04 0.054 0.049 0.018 0.033 0.052 0.066 0.019 0.03 0.042 0.054 0.016 0.021 0.03 0.22 0.082 0.005 0.018 0.042
12 R 0.045 0.345 0.039 0.031 0.008 0.048 0.052 0.033 0.023 0.023 0.047 0.12 0.016 0.017 0.019 0.045 0.035 0.006 0.017 0.031
13 R 0.045 0.345 0.039 0.031 0.008 0.048 0.052 0.033 0.023 0.023 0.047 0.12 0.016 0.017 0.019 0.045 0.035 0.006 0.017 0.031
14 R 0.045 0.345 0.039 0.031 0.008 0.048 0.052 0.033 0.023 0.023 0.047 0.12 0.016 0.017 0.019 0.045 0.035 0.006 0.017 0.031
15 Q 0.056 0.074 0.044 0.047 0.009 0.215 0.103 0.041 0.029 0.026 0.047 0.091 0.021 0.015 0.024 0.056 0.041 0.006 0.021 0.035
16 K 0.057 0.107 0.042 0.042 0.009 0.054 0.071 0.043 0.021 0.028 0.043 0.278 0.016 0.016 0.028 0.054 0.04 0.005 0.017 0.033
17 C 0.081 0.03 0.036 0.034 0.146 0.024 0.037 0.048 0.014 0.036 0.049 0.04 0.015 0.019 0.099 0.134 0.09 0.004 0.015 0.047
18 L 0.049 0.076 0.018 0.018 0.015 0.021 0.025 0.023 0.011 0.109 0.279 0.039 0.039 0.043 0.015 0.028 0.036 0.006 0.02 0.129
19 L 0.105 0.027 0.026 0.026 0.016 0.022 0.029 0.127 0.013 0.085 0.148 0.035 0.054 0.033 0.02 0.053 0.079 0.006 0.018 0.078
20 R 0.045 0.345 0.039 0.031 0.008 0.048 0.052 0.033 0.023 0.023 0.047 0.12 0.016 0.017 0.019 0.045 0.035 0.006 0.017 0.031
21 A 0.29 0.031 0.026 0.03 0.022 0.026 0.04 0.078 0.015 0.043 0.059 0.045 0.018 0.022 0.03 0.085 0.05 0.005 0.018 0.069
22 G 0.078 0.023 0.039 0.034 0.011 0.019 0.026 0.51 0.014 0.019 0.028 0.034 0.009 0.016 0.019 0.051 0.03 0.005 0.011 0.024
23 G 0.078 0.023 0.039 0.034 0.011 0.019 0.026 0.51 0.014 0.019 0.028 0.034 0.009 0.016 0.019 0.051 0.03 0.005 0.011 0.024
24 W 0.07 0.031 0.035 0.032 0.013 0.024 0.038 0.048 0.017 0.03 0.047 0.038 0.015 0.041 0.019 0.122 0.052 0.249 0.043 0.036
25 H 0.09 0.036 0.038 0.03 0.011 0.03 0.042 0.04 0.216 0.054 0.058 0.04 0.018 0.047 0.019 0.045 0.031 0.01 0.097 0.048
26 G 0.069 0.045 0.046 0.121 0.065 0.031 0.054 0.154 0.016 0.026 0.038 0.097 0.013 0.017 0.023 0.092 0.044 0.005 0.014 0.033
27 L 0.059 0.025 0.024 0.023 0.103 0.018 0.026 0.033 0.013 0.07 0.188 0.029 0.029 0.102 0.017 0.073 0.062 0.008 0.03 0.067
28 I 0.063 0.025 0.035 0.098 0.014 0.021 0.038 0.125 0.013 0.134 0.088 0.034 0.022 0.028 0.019 0.074 0.044 0.005 0.016 0.105
29 K 0.057 0.107 0.042 0.042 0.009 0.054 0.071 0.043 0.021 0.028 0.043 0.278 0.016 0.016 0.028 0.054 0.04 0.005 0.017 0.033
30 Y 0.04 0.028 0.022 0.019 0.009 0.022 0.028 0.025 0.047 0.044 0.068 0.031 0.019 0.131 0.016 0.031 0.028 0.028 0.318 0.047
31 R 0.045 0.345 0.039 0.031 0.008 0.048 0.052 0.033 0.023 0.023 0.047 0.12 0.016 0.017 0.019 0.045 0.035 0.006 0.017 0.031
32 I 0.052 0.026 0.026 0.026 0.013 0.02 0.03 0.03 0.077 0.171 0.106 0.033 0.025 0.033 0.106 0.051 0.039 0.005 0.025 0.107
33 D 0.042 0.026 0.055 0.308 0.008 0.025 0.07 0.085 0.017 0.029 0.042 0.038 0.012 0.086 0.019 0.046 0.032 0.006 0.025 0.029
34 K 0.11 0.06 0.031 0.032 0.012 0.034 0.046 0.099 0.017 0.043 0.09 0.15 0.02 0.064 0.023 0.053 0.038 0.007 0.024 0.048
35 P 0.053 0.027 0.042 0.17 0.055 0.024 0.053 0.04 0.014 0.03 0.04 0.04 0.012 0.016 0.199 0.054 0.077 0.004 0.013 0.037
36 L 0.067 0.028 0.041 0.029 0.017 0.021 0.03 0.035 0.012 0.119 0.149 0.034 0.029 0.034 0.02 0.08 0.09 0.006 0.019 0.141
37 L 0.102 0.039 0.025 0.025 0.015 0.024 0.033 0.127 0.013 0.071 0.178 0.08 0.028 0.032 0.02 0.045 0.037 0.006 0.018 0.083
38 L 0.05 0.024 0.02 0.02 0.014 0.018 0.024 0.027 0.014 0.121 0.151 0.028 0.029 0.05 0.016 0.038 0.077 0.099 0.057 0.123
39 R 0.049 0.143 0.126 0.05 0.01 0.096 0.062 0.044 0.025 0.027 0.043 0.079 0.016 0.017 0.021 0.06 0.074 0.005 0.017 0.035
40 F 0.08 0.034 0.021 0.022 0.013 0.021 0.03 0.033 0.019 0.092 0.135 0.066 0.026 0.154 0.017 0.037 0.033 0.012 0.084 0.073
41 L 0.068 0.023 0.015 0.016 0.016 0.016 0.021 0.025 0.01 0.14 0.307 0.026 0.042 0.047 0.015 0.029 0.036 0.006 0.021 0.12
42 L 0.045 0.024 0.014 0.015 0.016 0.016 0.02 0.021 0.01 0.115 0.375 0.025 0.05 0.055 0.014 0.024 0.033 0.007 0.022 0.096
43 W 0.047 0.04 0.026 0.025 0.011 0.025 0.034 0.033 0.014 0.085 0.075 0.081 0.02 0.04 0.017 0.043 0.077 0.204 0.038 0.067
44 Q 0.056 0.074 0.044 0.047 0.009 0.215 0.103 0.041 0.029 0.026 0.047 0.091 0.021 0.015 0.024 0.056 0.041 0.006 0.021 0.035
45 L 0.064 0.077 0.035 0.031 0.014 0.03 0.04 0.039 0.019 0.052 0.129 0.077 0.023 0.039 0.022 0.094 0.097 0.008 0.054 0.056
46 L 0.056 0.021 0.019 0.02 0.07 0.016 0.022 0.028 0.011 0.138 0.16 0.026 0.03 0.099 0.016 0.052 0.041 0.007 0.03 0.139
47 L 0.105 0.022 0.017 0.019 0.016 0.016 0.023 0.034 0.012 0.131 0.176 0.027 0.031 0.121 0.017 0.038 0.037 0.008 0.034 0.118
48 I 0.049 0.02 0.015 0.017 0.015 0.015 0.02 0.021 0.013 0.197 0.196 0.024 0.035 0.052 0.015 0.026 0.038 0.008 0.056 0.167
49 Y 0.102 0.029 0.027 0.026 0.014 0.023 0.033 0.041 0.028 0.074 0.073 0.036 0.02 0.07 0.02 0.087 0.044 0.015 0.163 0.075
50 L 0.053 0.023 0.015 0.017 0.017 0.017 0.021 0.023 0.01 0.156 0.233 0.026 0.064 0.044 0.015 0.028 0.039 0.006 0.021 0.173
51 F 0.045 0.019 0.015 0.016 0.014 0.013 0.019 0.023 0.012 0.144 0.173 0.022 0.032 0.185 0.013 0.026 0.034 0.01 0.046 0.14
52 G 0.075 0.024 0.037 0.032 0.012 0.02 0.027 0.406 0.013 0.031 0.075 0.034 0.015 0.021 0.019 0.071 0.035 0.005 0.013 0.034
53 L 0.05 0.029 0.023 0.022 0.075 0.045 0.033 0.027 0.057 0.133 0.174 0.034 0.031 0.036 0.016 0.033 0.036 0.006 0.024 0.117
54 L 0.087 0.025 0.023 0.023 0.017 0.019 0.027 0.034 0.011 0.145 0.188 0.031 0.032 0.037 0.019 0.063 0.07 0.006 0.019 0.125
55 F 0.054 0.024 0.023 0.023 0.014 0.017 0.025 0.03 0.013 0.104 0.14 0.028 0.028 0.175 0.016 0.061 0.068 0.01 0.044 0.103
56 I 0.046 0.02 0.016 0.017 0.014 0.014 0.02 0.022 0.014 0.165 0.158 0.023 0.031 0.133 0.014 0.026 0.035 0.01 0.071 0.15
57 W 0.104 0.023 0.018 0.019 0.068 0.017 0.025 0.037 0.016 0.062 0.109 0.027 0.022 0.089 0.016 0.04 0.034 0.121 0.072 0.081
58 L 0.063 0.026 0.025 0.024 0.016 0.02 0.027 0.086 0.012 0.115 0.17 0.032 0.048 0.036 0.018 0.062 0.069 0.006 0.019 0.13
59 A 0.172 0.069 0.03 0.029 0.016 0.027 0.039 0.053 0.055 0.051 0.128 0.048 0.023 0.028 0.023 0.079 0.044 0.006 0.022 0.06
60 Y 0.042 0.027 0.023 0.02 0.01 0.021 0.028 0.025 0.075 0.055 0.074 0.03 0.02 0.137 0.015 0.031 0.029 0.021 0.247 0.071
61 L 0.09 0.025 0.053 0.025 0.015 0.018 0.026 0.036 0.014 0.086 0.191 0.029 0.03 0.12 0.016 0.04 0.037 0.008 0.034 0.106
62 F 0.094 0.026 0.028 0.067 0.014 0.021 0.035 0.04 0.016 0.071 0.105 0.033 0.058 0.157 0.018 0.064 0.039 0.009 0.041 0.065
63 G 0.086 0.033 0.081 0.126 0.011 0.028 0.052 0.158 0.098 0.024 0.034 0.043 0.012 0.02 0.021 0.075 0.039 0.005 0.022 0.03
64 A 0.122 0.025 0.02 0.021 0.015 0.02 0.027 0.038 0.02 0.098 0.103 0.031 0.042 0.095 0.018 0.044 0.038 0.012 0.099 0.112
65 S 0.069 0.028 0.038 0.075 0.068 0.023 0.039 0.096 0.018 0.062 0.058 0.038 0.017 0.033 0.049 0.103 0.073 0.007 0.051 0.056
66 P 0.085 0.032 0.103 0.085 0.013 0.026 0.044 0.049 0.018 0.039 0.08 0.043 0.017 0.021 0.132 0.079 0.07 0.004 0.015 0.045
67 F 0.063 0.023 0.019 0.021 0.013 0.016 0.026 0.031 0.013 0.072 0.152 0.028 0.026 0.157 0.125 0.045 0.035 0.009 0.04 0.084
68 W 0.043 0.029 0.027 0.024 0.011 0.022 0.031 0.03 0.098 0.07 0.1 0.032 0.021 0.048 0.07 0.037 0.056 0.121 0.073 0.056
69 L 0.071 0.023 0.017 0.018 0.014 0.017 0.023 0.028 0.019 0.102 0.168 0.027 0.046 0.132 0.015 0.033 0.034 0.012 0.099 0.1
70 F 0.033 0.019 0.016 0.016 0.01 0.012 0.019 0.025 0.019 0.056 0.099 0.02 0.023 0.349 0.01 0.025 0.024 0.067 0.109 0.049
71 V 0.068 0.025 0.025 0.024 0.066 0.02 0.028 0.032 0.014 0.1 0.092 0.031 0.024 0.038 0.019 0.066 0.093 0.007 0.051 0.178
72 V 0.083 0.021 0.02 0.021 0.065 0.016 0.024 0.033 0.011 0.138 0.109 0.027 0.026 0.108 0.017 0.056 0.042 0.007 0.031 0.144
73 F 0.048 0.021 0.019 0.019 0.062 0.014 0.022 0.028 0.013 0.075 0.158 0.024 0.028 0.224 0.014 0.049 0.035 0.011 0.052 0.084
74 Y 0.042 0.021 0.017 0.017 0.061 0.015 0.021 0.023 0.024 0.124 0.102 0.024 0.024 0.147 0.014 0.028 0.031 0.016 0.163 0.085
75 I 0.074 0.022 0.021 0.022 0.015 0.016 0.024 0.031 0.012 0.153 0.115 0.027 0.027 0.148 0.017 0.043 0.083 0.009 0.038 0.104
76 L 0.082 0.022 0.018 0.019 0.066 0.016 0.023 0.03 0.01 0.151 0.17 0.027 0.031 0.036 0.017 0.039 0.064 0.006 0.019 0.155
77 L 0.058 0.028 0.028 0.025 0.015 0.022 0.03 0.031 0.049 0.123 0.164 0.034 0.046 0.036 0.019 0.063 0.089 0.006 0.023 0.111
78 L 0.043 0.022 0.018 0.018 0.013 0.015 0.021 0.024 0.016 0.108 0.181 0.024 0.031 0.18 0.014 0.032 0.055 0.012 0.075 0.096
79 L 0.077 0.022 0.016 0.018 0.065 0.016 0.022 0.028 0.011 0.138 0.179 0.026 0.048 0.076 0.016 0.034 0.038 0.007 0.026 0.138
80 L 0.061 0.024 0.025 0.024 0.064 0.018 0.027 0.033 0.012 0.117 0.142 0.03 0.027 0.09 0.018 0.079 0.068 0.007 0.028 0.106
81 F 0.101 0.031 0.12 0.041 0.013 0.023 0.035 0.049 0.021 0.046 0.095 0.038 0.02 0.126 0.019 0.072 0.042 0.009 0.05 0.05
82 L 0.051 0.032 0.022 0.023 0.013 0.022 0.03 0.029 0.012 0.093 0.15 0.058 0.043 0.035 0.116 0.038 0.06 0.056 0.023 0.093
83 P 0.054 0.025 0.022 0.03 0.01 0.02 0.035 0.035 0.012 0.025 0.035 0.04 0.01 0.012 0.515 0.042 0.035 0.002 0.012 0.03
84 K 0.059 0.164 0.041 0.037 0.011 0.043 0.055 0.041 0.019 0.03 0.046 0.172 0.016 0.017 0.024 0.076 0.089 0.005 0.017 0.039
85 Y 0.041 0.104 0.032 0.064 0.009 0.03 0.042 0.03 0.062 0.041 0.09 0.076 0.019 0.093 0.017 0.036 0.03 0.013 0.126 0.041
86 L 0.08 0.024 0.019 0.02 0.017 0.018 0.024 0.029 0.01 0.137 0.207 0.029 0.05 0.04 0.017 0.039 0.064 0.006 0.02 0.15
87 L 0.045 0.02 0.015 0.016 0.014 0.013 0.019 0.022 0.011 0.143 0.211 0.022 0.035 0.155 0.013 0.025 0.034 0.009 0.04 0.137
88 S 0.105 0.038 0.052 0.047 0.017 0.032 0.05 0.063 0.018 0.028 0.04 0.052 0.015 0.02 0.028 0.253 0.078 0.005 0.017 0.04
89 P 0.054 0.025 0.022 0.03 0.01 0.02 0.035 0.035 0.012 0.025 0.035 0.04 0.01 0.012 0.515 0.042 0.035 0.002 0.012 0.03
90 L 0.072 0.066 0.02 0.02 0.014 0.023 0.029 0.029 0.012 0.106 0.272 0.063 0.037 0.041 0.017 0.034 0.035 0.006 0.02 0.085
91 N 0.094 0.038 0.165 0.056 0.014 0.03 0.045 0.06 0.022 0.031 0.042 0.049 0.014 0.019 0.024 0.129 0.103 0.005 0.016 0.043
92 I 0.049 0.02 0.015 0.017 0.015 0.015 0.02 0.023 0.011 0.171 0.167 0.024 0.049 0.115 0.014 0.027 0.038 0.008 0.033 0.169
93 L 0.042 0.022 0.015 0.015 0.014 0.014 0.019 0.022 0.011 0.1 0.287 0.022 0.039 0.159 0.013 0.024 0.031 0.009 0.04 0.101
94 Y 0.037 0.024 0.019 0.017 0.009 0.018 0.024 0.024 0.036 0.047 0.079 0.026 0.02 0.212 0.013 0.028 0.026 0.024 0.269 0.047
95 A 0.191 0.025 0.024 0.026 0.017 0.02 0.03 0.15 0.012 0.081 0.103 0.035 0.021 0.026 0.022 0.058 0.041 0.005 0.017 0.094
96 Y 0.039 0.027 0.021 0.018 0.009 0.021 0.027 0.024 0.045 0.042 0.066 0.03 0.018 0.125 0.015 0.03 0.027 0.027 0.347 0.045
97 Y 0.039 0.028 0.024 0.02 0.009 0.022 0.029 0.025 0.078 0.04 0.063 0.031 0.018 0.116 0.015 0.031 0.027 0.025 0.318 0.042
98 G 0.068 0.022 0.033 0.029 0.011 0.018 0.023 0.429 0.012 0.037 0.102 0.031 0.017 0.023 0.017 0.044 0.029 0.005 0.013 0.037
99 L 0.098 0.024 0.016 0.018 0.017 0.017 0.023 0.031 0.01 0.116 0.309 0.028 0.04 0.045 0.017 0.035 0.036 0.006 0.02 0.095
100 W 0.03 0.021 0.015 0.015 0.008 0.014 0.021 0.028 0.015 0.035 0.062 0.021 0.016 0.129 0.008 0.022 0.022 0.415 0.069 0.034
101 F 0.035 0.022 0.018 0.017 0.01 0.014 0.022 0.024 0.028 0.053 0.092 0.023 0.022 0.298 0.012 0.027 0.025 0.02 0.19 0.049
102 L 0.054 0.02 0.019 0.019 0.015 0.015 0.02 0.123 0.01 0.154 0.17 0.025 0.03 0.074 0.015 0.03 0.035 0.007 0.025 0.139
103 L 0.078 0.022 0.015 0.017 0.017 0.016 0.022 0.027 0.009 0.156 0.236 0.026 0.037 0.042 0.016 0.032 0.039 0.006 0.02 0.167
104 A 0.246 0.03 0.027 0.031 0.018 0.024 0.039 0.066 0.014 0.037 0.051 0.043 0.015 0.019 0.126 0.091 0.048 0.005 0.016 0.056
105 P 0.054 0.024 0.021 0.027 0.011 0.019 0.032 0.032 0.012 0.047 0.08 0.037 0.016 0.019 0.415 0.039 0.036 0.003 0.014 0.063
106 L 0.044 0.029 0.018 0.019 0.014 0.041 0.029 0.024 0.013 0.11 0.265 0.032 0.07 0.047 0.014 0.028 0.034 0.057 0.026 0.087
107 F 0.039 0.02 0.018 0.017 0.011 0.012 0.019 0.074 0.015 0.066 0.16 0.021 0.027 0.301 0.012 0.027 0.026 0.013 0.065 0.058
108 A 0.272 0.028 0.027 0.029 0.019 0.023 0.036 0.166 0.014 0.037 0.051 0.041 0.015 0.02 0.026 0.075 0.044 0.005 0.015 0.057
109 E 0.065 0.054 0.042 0.06 0.01 0.089 0.171 0.042 0.022 0.027 0.041 0.092 0.015 0.017 0.025 0.097 0.069 0.005 0.017 0.037
110 R 0.05 0.277 0.038 0.032 0.009 0.042 0.048 0.083 0.02 0.025 0.044 0.119 0.015 0.017 0.02 0.049 0.058 0.005 0.016 0.033
111 Y 0.037 0.025 0.02 0.018 0.009 0.019 0.025 0.024 0.039 0.046 0.074 0.028 0.019 0.183 0.014 0.029 0.026 0.025 0.295 0.046
112 A 0.131 0.041 0.04 0.081 0.014 0.075 0.086 0.052 0.019 0.038 0.05 0.056 0.017 0.019 0.025 0.102 0.073 0.005 0.017 0.058
113 G 0.053 0.033 0.11 0.18 0.009 0.048 0.058 0.218 0.02 0.021 0.029 0.045 0.01 0.015 0.02 0.053 0.035 0.004 0.012 0.025
114 G 0.058 0.028 0.029 0.032 0.012 0.025 0.06 0.142 0.022 0.062 0.078 0.036 0.037 0.091 0.018 0.061 0.037 0.012 0.097 0.065
115 L 0.057 0.027 0.033 0.121 0.014 0.022 0.042 0.034 0.013 0.089 0.166 0.034 0.048 0.034 0.018 0.062 0.043 0.006 0.018 0.119
116 L 0.04 0.026 0.049 0.023 0.013 0.018 0.024 0.027 0.018 0.077 0.201 0.028 0.064 0.163 0.014 0.031 0.032 0.012 0.073 0.068
117 D 0.055 0.043 0.127 0.167 0.01 0.074 0.069 0.051 0.023 0.026 0.037 0.055 0.013 0.017 0.023 0.089 0.07 0.005 0.015 0.033
118 L 0.079 0.065 0.066 0.094 0.013 0.028 0.058 0.042 0.017 0.054 0.15 0.048 0.024 0.028 0.021 0.07 0.065 0.005 0.017 0.056
119 P 0.054 0.042 0.03 0.073 0.011 0.03 0.072 0.033 0.014 0.059 0.09 0.093 0.019 0.022 0.169 0.042 0.038 0.004 0.016 0.09
120 E 0.082 0.043 0.036 0.059 0.01 0.066 0.187 0.039 0.026 0.03 0.046 0.061 0.015 0.033 0.024 0.066 0.062 0.009 0.066 0.04
121 Y 0.044 0.027 0.021 0.025 0.01 0.024 0.055 0.024 0.035 0.077 0.078 0.033 0.02 0.097 0.016 0.032 0.031 0.02 0.249 0.081
122 D 0.071 0.073 0.108 0.124 0.012 0.053 0.059 0.05 0.021 0.03 0.042 0.058 0.014 0.018 0.023 0.093 0.093 0.005 0.016 0.039
123 L 0.047 0.023 0.015 0.016 0.015 0.016 0.02 0.021 0.013 0.132 0.289 0.025 0.04 0.055 0.014 0.026 0.035 0.008 0.053 0.137
124 A 0.213 0.034 0.038 0.038 0.019 0.028 0.044 0.069 0.016 0.035 0.048 0.047 0.016 0.02 0.028 0.167 0.063 0.005 0.017 0.053
125 F 0.068 0.023 0.018 0.018 0.013 0.016 0.023 0.028 0.019 0.112 0.143 0.026 0.044 0.169 0.015 0.032 0.032 0.013 0.105 0.083
126 L 0.131 0.024 0.019 0.02 0.041 0.018 0.026 0.064 0.011 0.09 0.174 0.03 0.028 0.037 0.018 0.044 0.038 0.057 0.023 0.108
127 L 0.046 0.026 0.016 0.016 0.015 0.02 0.022 0.023 0.012 0.105 0.317 0.028 0.107 0.05 0.014 0.028 0.035 0.007 0.022 0.091
128 L 0.131 0.024 0.018 0.019 0.017 0.018 0.026 0.038 0.011 0.096 0.2 0.029 0.032 0.074 0.018 0.043 0.04 0.007 0.026 0.132
129 F 0.049 0.026 0.026 0.024 0.012 0.019 0.028 0.032 0.024 0.05 0.08 0.03 0.02 0.209 0.017 0.062 0.081 0.016 0.143 0.052
130 T 0.072 0.029 0.034 0.031 0.017 0.023 0.033 0.087 0.012 0.085 0.077 0.037 0.021 0.026 0.023 0.084 0.164 0.005 0.017 0.124
131 T 0.067 0.033 0.098 0.042 0.015 0.026 0.037 0.069 0.016 0.063 0.064 0.042 0.019 0.023 0.023 0.087 0.154 0.005 0.017 0.101
132 F 0.036 0.021 0.016 0.016 0.011 0.014 0.02 0.023 0.02 0.069 0.174 0.022 0.029 0.265 0.012 0.025 0.027 0.016 0.122 0.061
133 G 0.07 0.024 0.032 0.029 0.013 0.019 0.027 0.282 0.012 0.074 0.093 0.033 0.019 0.025 0.019 0.067 0.062 0.005 0.015 0.079
134 I 0.057 0.022 0.018 0.019 0.016 0.016 0.022 0.025 0.009 0.193 0.186 0.027 0.034 0.04 0.016 0.049 0.044 0.006 0.02 0.18
135 G 0.075 0.024 0.034 0.03 0.111 0.019 0.027 0.287 0.013 0.034 0.074 0.033 0.015 0.021 0.019 0.085 0.04 0.005 0.013 0.04
136 L 0.08 0.023 0.016 0.018 0.017 0.017 0.023 0.027 0.013 0.135 0.199 0.027 0.033 0.048 0.016 0.033 0.04 0.008 0.053 0.176
137 L 0.051 0.02 0.016 0.016 0.064 0.015 0.02 0.023 0.013 0.144 0.174 0.024 0.031 0.085 0.014 0.028 0.037 0.009 0.059 0.158
138 A 0.16 0.027 0.026 0.026 0.016 0.02 0.031 0.098 0.014 0.052 0.1 0.035 0.021 0.102 0.022 0.062 0.086 0.008 0.03 0.062
139 L 0.044 0.022 0.014 0.016 0.015 0.016 0.019 0.021 0.01 0.167 0.308 0.025 0.059 0.049 0.014 0.025 0.034 0.007 0.021 0.115
140 T 0.073 0.036 0.043 0.038 0.018 0.028 0.039 0.043 0.014 0.053 0.065 0.045 0.02 0.024 0.028 0.093 0.246 0.006 0.018 0.071
141 L 0.045 0.024 0.014 0.015 0.016 0.016 0.02 0.021 0.01 0.115 0.375 0.025 0.05 0.055 0.014 0.024 0.033 0.007 0.022 0.096
142 F 0.042 0.048 0.057 0.03 0.01 0.027 0.038 0.033 0.024 0.067 0.077 0.112 0.02 0.159 0.017 0.038 0.033 0.013 0.103 0.054
143 F 0.069 0.026 0.027 0.067 0.012 0.022 0.062 0.033 0.052 0.081 0.088 0.032 0.022 0.181 0.016 0.038 0.032 0.01 0.048 0.082
144 G 0.121 0.03 0.051 0.035 0.013 0.023 0.032 0.343 0.014 0.027 0.037 0.05 0.012 0.017 0.021 0.06 0.059 0.005 0.013 0.037
145 E 0.051 0.048 0.034 0.068 0.009 0.051 0.239 0.032 0.021 0.059 0.085 0.086 0.018 0.022 0.023 0.047 0.035 0.005 0.017 0.05
146 F 0.044 0.135 0.046 0.054 0.009 0.053 0.072 0.032 0.02 0.047 0.069 0.063 0.019 0.137 0.017 0.04 0.034 0.009 0.037 0.064
147 I 0.077 0.024 0.021 0.022 0.014 0.018 0.026 0.033 0.016 0.149 0.112 0.03 0.042 0.065 0.041 0.055 0.04 0.059 0.06 0.099
148 G 0.114 0.056 0.033 0.032 0.012 0.058 0.043 0.241 0.016 0.053 0.051 0.073 0.016 0.019 0.021 0.054 0.036 0.005 0.015 0.049
149 K 0.084 0.114 0.041 0.037 0.011 0.041 0.055 0.045 0.073 0.029 0.045 0.161 0.015 0.019 0.024 0.075 0.065 0.005 0.022 0.038
150 K 0.088 0.121 0.038 0.035 0.012 0.037 0.05 0.045 0.018 0.033 0.052 0.137 0.016 0.057 0.024 0.094 0.069 0.006 0.024 0.042
151 K 0.057 0.107 0.042 0.042 0.009 0.054 0.071 0.043 0.021 0.028 0.043 0.276 0.016 0.016 0.028 0.054 0.04 0.005 0.017 0.033
152 L 0.064 0.072 0.032 0.031 0.013 0.048 0.042 0.085 0.015 0.102 0.109 0.074 0.024 0.027 0.02 0.081 0.045 0.005 0.018 0.093
153 N 0.074 0.073 0.094 0.057 0.011 0.03 0.043 0.041 0.061 0.049 0.057 0.073 0.017 0.042 0.019 0.048 0.038 0.009 0.086 0.075
154 L 0.049 0.113 0.029 0.025 0.012 0.028 0.035 0.029 0.063 0.068 0.147 0.053 0.026 0.044 0.018 0.041 0.063 0.009 0.064 0.084
155 E 0.055 0.05 0.041 0.09 0.007 0.065 0.295 0.035 0.026 0.022 0.037 0.076 0.013 0.017 0.026 0.055 0.037 0.006 0.017 0.031
156 L 0.045 0.024 0.014 0.015 0.016 0.016 0.02 0.021 0.01 0.116 0.374 0.025 0.05 0.055 0.014 0.024 0.033 0.007 0.022 0.096
157 I 0.047 0.018 0.015 0.018 0.016 0.013 0.018 0.021 0.009 0.269 0.168 0.024 0.037 0.044 0.015 0.025 0.04 0.006 0.021 0.177
158 D 0.041 0.03 0.069 0.396 0.008 0.03 0.092 0.047 0.019 0.022 0.028 0.045 0.009 0.015 0.022 0.052 0.035 0.004 0.011 0.024
159 R 0.045 0.343 0.039 0.031 0.008 0.049 0.052 0.033 0.023 0.023 0.047 0.121 0.016 0.017 0.019 0.045 0.035 0.006 0.017 0.031
160 P 0.057 0.026 0.023 0.031 0.01 0.021 0.036 0.036 0.013 0.026 0.036 0.041 0.01 0.013 0.492 0.044 0.036 0.003 0.013 0.031
161 V 0.07 0.022 0.017 0.018 0.019 0.017 0.023 0.025 0.008 0.165 0.131 0.026 0.032 0.036 0.017 0.033 0.05 0.006 0.021 0.267
162 G 0.078 0.023 0.039 0.034 0.011 0.019 0.026 0.509 0.014 0.019 0.028 0.034 0.009 0.016 0.019 0.051 0.03 0.005 0.011 0.024
163 E 0.055 0.05 0.041 0.09 0.007 0.065 0.295 0.035 0.026 0.022 0.037 0.076 0.013 0.017 0.026 0.055 0.037 0.006 0.017 0.031
164 R 0.045 0.343 0.039 0.031 0.008 0.049 0.052 0.033 0.023 0.023 0.047 0.121 0.016 0.017 0.019 0.045 0.035 0.006 0.017 0.031
165 L 0.045 0.024 0.014 0.015 0.016 0.016 0.02 0.021 0.01 0.116 0.374 0.025 0.05 0.055 0.014 0.024 0.033 0.007 0.022 0.096
166 S 0.067 0.036 0.033 0.032 0.013 0.025 0.037 0.089 0.018 0.048 0.06 0.064 0.017 0.07 0.083 0.09 0.085 0.008 0.056 0.069
167 L 0.055 0.029 0.031 0.076 0.013 0.026 0.069 0.033 0.013 0.064 0.132 0.039 0.023 0.027 0.13 0.049 0.09 0.005 0.016 0.081
168 K 0.049 0.117 0.08 0.042 0.008 0.071 0.062 0.041 0.027 0.028 0.045 0.169 0.016 0.032 0.022 0.05 0.038 0.008 0.063 0.033
169 S 0.063 0.066 0.036 0.031 0.013 0.028 0.039 0.039 0.089 0.077 0.082 0.046 0.038 0.067 0.02 0.1 0.047 0.007 0.032 0.08
170 L 0.043 0.034 0.167 0.049 0.013 0.025 0.035 0.043 0.021 0.069 0.205 0.039 0.03 0.036 0.017 0.047 0.041 0.006 0.019 0.061
171 E 0.056 0.039 0.034 0.042 0.01 0.073 0.102 0.086 0.02 0.034 0.056 0.05 0.017 0.1 0.019 0.067 0.061 0.058 0.035 0.039
172 G 0.092 0.037 0.035 0.038 0.013 0.029 0.066 0.167 0.015 0.047 0.082 0.068 0.018 0.022 0.035 0.099 0.046 0.005 0.016 0.067
173 V 0.059 0.073 0.025 0.028 0.014 0.026 0.049 0.03 0.013 0.138 0.137 0.06 0.028 0.032 0.018 0.06 0.044 0.006 0.019 0.141
174 E 0.055 0.05 0.041 0.091 0.007 0.065 0.294 0.035 0.026 0.022 0.037 0.076 0.013 0.017 0.026 0.055 0.037 0.006 0.017 0.031
175 I 0.047 0.018 0.015 0.018 0.016 0.013 0.018 0.021 0.009 0.268 0.169 0.024 0.037 0.044 0.015 0.025 0.04 0.006 0.021 0.177
176 N 0.048 0.032 0.156 0.147 0.009 0.027 0.052 0.11 0.021 0.022 0.03 0.044 0.01 0.015 0.143 0.054 0.039 0.004 0.013 0.026
177 K 0.055 0.048 0.072 0.086 0.01 0.034 0.079 0.094 0.021 0.043 0.051 0.101 0.015 0.031 0.022 0.052 0.064 0.007 0.052 0.064
178 G 0.116 0.052 0.026 0.026 0.015 0.024 0.032 0.149 0.013 0.087 0.124 0.067 0.023 0.028 0.02 0.047 0.038 0.006 0.017 0.092
179 D 0.056 0.028 0.067 0.112 0.012 0.024 0.044 0.04 0.016 0.091 0.082 0.038 0.036 0.064 0.069 0.082 0.045 0.006 0.023 0.066
180 G 0.078 0.039 0.061 0.034 0.012 0.047 0.042 0.089 0.053 0.07 0.067 0.067 0.019 0.061 0.069 0.046 0.037 0.006 0.027 0.075
181 R 0.08 0.13 0.029 0.026 0.013 0.027 0.035 0.037 0.016 0.058 0.104 0.057 0.022 0.103 0.019 0.065 0.063 0.008 0.031 0.076
182 R 0.044 0.215 0.031 0.028 0.009 0.039 0.045 0.032 0.019 0.04 0.095 0.127 0.036 0.027 0.018 0.04 0.034 0.057 0.023 0.042
183 D 0.041 0.03 0.069 0.397 0.008 0.03 0.091 0.047 0.019 0.022 0.028 0.045 0.009 0.015 0.022 0.052 0.035 0.004 0.011 0.024
184 L 0.039 0.022 0.016 0.016 0.013 0.013 0.02 0.023 0.013 0.089 0.245 0.022 0.037 0.221 0.012 0.025 0.029 0.012 0.055 0.076
185 L 0.05 0.049 0.029 0.031 0.012 0.116 0.061 0.031 0.02 0.071 0.212 0.058 0.035 0.035 0.019 0.04 0.037 0.006 0.021 0.066
186 I 0.074 0.037 0.035 0.033 0.015 0.026 0.037 0.102 0.014 0.125 0.085 0.07 0.022 0.028 0.022 0.112 0.053 0.005 0.017 0.087
187 L 0.055 0.072 0.032 0.029 0.013 0.028 0.038 0.034 0.054 0.077 0.132 0.071 0.025 0.04 0.02 0.067 0.086 0.008 0.055 0.066
188 L 0.046 0.022 0.015 0.016 0.015 0.016 0.02 0.022 0.013 0.164 0.247 0.025 0.054 0.054 0.014 0.026 0.035 0.008 0.053 0.131
189 L 0.099 0.025 0.023 0.024 0.016 0.019 0.028 0.038 0.012 0.122 0.173 0.032 0.03 0.073 0.019 0.079 0.046 0.007 0.026 0.11
190 L 0.06 0.028 0.018 0.019 0.014 0.017 0.025 0.027 0.012 0.131 0.157 0.052 0.03 0.15 0.015 0.031 0.035 0.009 0.039 0.13
191 L 0.041 0.022 0.014 0.015 0.014 0.014 0.019 0.021 0.011 0.1 0.344 0.023 0.043 0.125 0.013 0.023 0.03 0.009 0.034 0.084
192 Y 0.049 0.027 0.024 0.022 0.012 0.02 0.028 0.029 0.029 0.057 0.134 0.031 0.024 0.119 0.017 0.056 0.058 0.017 0.19 0.057
193 L 0.101 0.024 0.019 0.02 0.015 0.018 0.025 0.036 0.013 0.081 0.178 0.029 0.046 0.15 0.017 0.049 0.037 0.009 0.039 0.093
194 I 0.05 0.019 0.015 0.017 0.016 0.014 0.019 0.021 0.009 0.206 0.181 0.023 0.034 0.078 0.014 0.026 0.039 0.007 0.026 0.185
195 S 0.141 0.033 0.041 0.039 0.066 0.027 0.042 0.109 0.016 0.031 0.044 0.045 0.015 0.02 0.026 0.177 0.063 0.005 0.016 0.045
196 S 0.11 0.04 0.054 0.049 0.018 0.033 0.052 0.066 0.019 0.03 0.042 0.054 0.016 0.021 0.03 0.22 0.082 0.005 0.018 0.042
197 L 0.045 0.024 0.014 0.015 0.016 0.016 0.02 0.021 0.01 0.115 0.375 0.025 0.05 0.055 0.014 0.024 0.033 0.007 0.022 0.096
198 R 0.045 0.345 0.039 0.031 0.008 0.048 0.052 0.033 0.023 0.023 0.047 0.12 0.016 0.017 0.019 0.045 0.035 0.006 0.017 0.031
199 L 0.045 0.024 0.014 0.015 0.016 0.016 0.02 0.021 0.01 0.115 0.375 0.025 0.05 0.055 0.014 0.024 0.033 0.007 0.022 0.096
200 C 0.065 0.016 0.016 0.016 0.484 0.012 0.016 0.032 0.008 0.045 0.065 0.02 0.016 0.02 0.016 0.041 0.037 0.004 0.012 0.057
201 C 0.065 0.016 0.016 0.016 0.484 0.012 0.016 0.032 0.008 0.045 0.065 0.02 0.016 0.02 0.016 0.041 0.037 0.004 0.012 0.057
202 V 0.07 0.022 0.016 0.018 0.019 0.016 0.023 0.025 0.008 0.165 0.13 0.026 0.032 0.036 0.016 0.033 0.049 0.006 0.021 0.269
203 K 0.057 0.107 0.042 0.042 0.009 0.054 0.071 0.043 0.021 0.028 0.043 0.278 0.016 0.016 0.028 0.054 0.04 0.005 0.017 0.033
204 E 0.055 0.05 0.04 0.09 0.007 0.064 0.296 0.035 0.026 0.022 0.037 0.076 0.013 0.017 0.026 0.055 0.037 0.006 0.017 0.031
205 L 0.045 0.024 0.014 0.015 0.016 0.016 0.02 0.021 0.01 0.115 0.375 0.025 0.05 0.055 0.014 0.024 0.033 0.007 0.022 0.096
206 S 0.11 0.04 0.054 0.049 0.018 0.033 0.052 0.066 0.019 0.03 0.042 0.054 0.016 0.021 0.03 0.22 0.082 0.005 0.018 0.042
207 T 0.073 0.036 0.043 0.038 0.018 0.028 0.039 0.043 0.014 0.053 0.065 0.045 0.02 0.024 0.028 0.093 0.246 0.006 0.018 0.071
208 S 0.11 0.04 0.054 0.049 0.018 0.033 0.052 0.066 0.019 0.03 0.042 0.054 0.016 0.021 0.03 0.22 0.082 0.005 0.018 0.042
209 S 0.11 0.04 0.054 0.049 0.018 0.033 0.052 0.066 0.019 0.03 0.042 0.054 0.016 0.021 0.03 0.22 0.082 0.005 0.018 0.042
210 F 0.034 0.019 0.017 0.017 0.011 0.011 0.019 0.025 0.017 0.063 0.114 0.019 0.025 0.387 0.011 0.025 0.025 0.017 0.089 0.055
211 I 0.047 0.018 0.015 0.018 0.016 0.013 0.018 0.021 0.009 0.271 0.168 0.024 0.037 0.044 0.015 0.025 0.04 0.006 0.021 0.177
212 S 0.11 0.04 0.054 0.049 0.018 0.033 0.052 0.066 0.019 0.03 0.042 0.054 0.016 0.021 0.03 0.22 0.082 0.005 0.018 0.042
213 Q 0.056 0.074 0.044 0.047 0.009 0.215 0.103 0.041 0.029 0.026 0.047 0.091 0.021 0.015 0.024 0.056 0.041 0.006 0.021 0.035
214 T 0.073 0.036 0.043 0.038 0.018 0.028 0.039 0.043 0.014 0.053 0.065 0.045 0.02 0.024 0.028 0.093 0.246 0.006 0.018 0.071
215 V 0.07 0.022 0.016 0.018 0.019 0.016 0.023 0.025 0.008 0.165 0.13 0.026 0.032 0.036 0.016 0.033 0.049 0.006 0.021 0.269
216 T 0.073 0.036 0.043 0.038 0.018 0.028 0.039 0.043 0.014 0.053 0.065 0.045 0.02 0.024 0.028 0.093 0.246 0.006 0.018 0.071
217 S 0.11 0.04 0.054 0.049 0.018 0.033 0.052 0.066 0.019 0.03 0.042 0.054 0.016 0.021 0.03 0.22 0.082 0.005 0.018 0.042
218 P 0.057 0.026 0.023 0.031 0.01 0.021 0.036 0.036 0.013 0.026 0.036 0.041 0.01 0.013 0.494 0.044 0.036 0.003 0.013 0.031
219 L 0.045 0.024 0.014 0.015 0.016 0.016 0.02 0.021 0.01 0.115 0.375 0.025 0.05 0.055 0.014 0.024 0.033 0.007 0.022 0.096
220 K 0.057 0.107 0.042 0.042 0.009 0.054 0.071 0.043 0.021 0.028 0.043 0.278 0.016 0.016 0.028 0.054 0.04 0.005 0.017 0.033
221 P 0.057 0.026 0.023 0.031 0.01 0.021 0.036 0.036 0.013 0.026 0.036 0.041 0.01 0.013 0.494 0.044 0.036 0.003 0.013 0.031
222 Y 0.04 0.028 0.022 0.019 0.009 0.022 0.028 0.025 0.047 0.044 0.068 0.031 0.019 0.131 0.016 0.031 0.028 0.028 0.318 0.047
223 R 0.045 0.345 0.039 0.031 0.008 0.048 0.052 0.033 0.023 0.023 0.047 0.12 0.016 0.017 0.019 0.045 0.035 0.006 0.017 0.031
224 L 0.045 0.024 0.014 0.015 0.016 0.016 0.02 0.021 0.01 0.115 0.375 0.025 0.05 0.055 0.014 0.024 0.033 0.007 0.022 0.096
225 V 0.07 0.022 0.016 0.018 0.019 0.016 0.023 0.025 0.008 0.165 0.13 0.026 0.032 0.036 0.016 0.033 0.049 0.006 0.021 0.269
226 D 0.041 0.03 0.069 0.397 0.008 0.03 0.091 0.047 0.019 0.022 0.028 0.045 0.009 0.015 0.022 0.052 0.035 0.004 0.011 0.024
227 S 0.11 0.04 0.054 0.049 0.018 0.033 0.052 0.066 0.019 0.03 0.042 0.054 0.016 0.021 0.03 0.22 0.082 0.005 0.018 0.042
228 W 0.03 0.023 0.015 0.015 0.008 0.015 0.023 0.03 0.015 0.03 0.053 0.023 0.015 0.061 0.008 0.023 0.023 0.492 0.068 0.03
229 S 0.11 0.04 0.054 0.049 0.018 0.033 0.052 0.066 0.019 0.03 0.042 0.054 0.016 0.021 0.03 0.22 0.082 0.005 0.018 0.042
230 Q 0.056 0.074 0.044 0.047 0.009 0.215 0.103 0.041 0.029 0.026 0.047 0.091 0.021 0.015 0.024 0.056 0.041 0.006 0.021 0.035
231 R 0.045 0.345 0.039 0.031 0.008 0.048 0.052 0.033 0.023 0.023 0.047 0.12 0.016 0.017 0.019 0.045 0.035 0.006 0.017 0.031
232 R 0.045 0.345 0.039 0.031 0.008 0.048 0.052 0.033 0.023 0.023 0.047 0.12 0.016 0.017 0.019 0.045 0.035 0.006 0.017 0.031
233 V 0.07 0.022 0.016 0.018 0.019 0.016 0.023 0.025 0.008 0.165 0.13 0.026 0.032 0.036 0.016 0.033 0.049 0.006 0.021 0.269
234 L 0.045 0.024 0.014 0.015 0.016 0.016 0.02 0.021 0.01 0.115 0.375 0.025 0.05 0.055 0.014 0.024 0.033 0.007 0.022 0.096
235 F 0.034 0.019 0.017 0.017 0.011 0.011 0.019 0.025 0.017 0.063 0.114 0.019 0.025 0.387 0.011 0.025 0.025 0.017 0.089 0.055
236 C 0.065 0.016 0.016 0.016 0.484 0.012 0.016 0.032 0.008 0.045 0.065 0.02 0.016 0.02 0.016 0.041 0.037 0.004 0.012 0.057
237 I 0.047 0.018 0.015 0.018 0.016 0.013 0.018 0.021 0.009 0.271 0.168 0.024 0.037 0.044 0.015 0.025 0.04 0.006 0.021 0.177
238 L 0.045 0.024 0.014 0.015 0.016 0.016 0.02 0.021 0.01 0.115 0.375 0.025 0.05 0.055 0.014 0.024 0.033 0.007 0.022 0.096
239 A 0.29 0.031 0.026 0.03 0.022 0.026 0.04 0.078 0.015 0.043 0.059 0.045 0.018 0.022 0.03 0.085 0.05 0.005 0.018 0.069
240 P 0.057 0.026 0.023 0.031 0.01 0.021 0.036 0.036 0.013 0.026 0.036 0.041 0.01 0.013 0.494 0.044 0.036 0.003 0.013 0.031
241 I 0.047 0.018 0.015 0.018 0.016 0.013 0.018 0.021 0.009 0.271 0.168 0.024 0.037 0.044 0.015 0.025 0.04 0.006 0.021 0.177
242 L 0.045 0.024 0.014 0.015 0.016 0.016 0.02 0.021 0.01 0.115 0.375 0.025 0.05 0.055 0.014 0.024 0.033 0.007 0.022 0.096
243 R 0.045 0.345 0.039 0.031 0.008 0.048 0.052 0.033 0.023 0.023 0.047 0.12 0.016 0.017 0.019 0.045 0.035 0.006 0.017 0.031
244 G 0.078 0.023 0.039 0.034 0.011 0.019 0.026 0.51 0.014 0.019 0.028 0.034 0.009 0.016 0.019 0.051 0.03 0.005 0.011 0.024
245 F 0.034 0.019 0.017 0.017 0.011 0.011 0.019 0.025 0.017 0.063 0.114 0.019 0.025 0.387 0.011 0.025 0.025 0.017 0.089 0.055
246 T 0.073 0.036 0.043 0.038 0.018 0.028 0.039 0.043 0.014 0.053 0.065 0.045 0.02 0.024 0.028 0.093 0.246 0.006 0.018 0.071
247 I 0.047 0.018 0.015 0.018 0.016 0.013 0.018 0.021 0.009 0.271 0.168 0.024 0.037 0.044 0.015 0.025 0.04 0.006 0.021 0.177
248 T 0.073 0.036 0.043 0.038 0.018 0.028 0.039 0.043 0.014 0.053 0.065 0.045 0.02 0.024 0.028 0.093 0.246 0.006 0.018 0.071
249 Q 0.056 0.074 0.044 0.047 0.009 0.215 0.103 0.041 0.029 0.026 0.047 0.091 0.021 0.015 0.024 0.056 0.041 0.006 0.021 0.035
250 Q 0.056 0.074 0.044 0.047 0.009 0.215 0.103 0.041 0.029 0.026 0.047 0.091 0.021 0.015 0.024 0.056 0.041 0.006 0.021 0.035
251 S 0.11 0.04 0.054 0.049 0.018 0.033 0.052 0.066 0.019 0.03 0.042 0.054 0.016 0.021 0.03 0.22 0.082 0.005 0.018 0.042
252 T 0.087 0.036 0.045 0.041 0.017 0.029 0.044 0.052 0.016 0.039 0.051 0.048 0.017 0.021 0.081 0.147 0.153 0.005 0.017 0.053
253 T 0.071 0.031 0.037 0.033 0.016 0.024 0.036 0.042 0.014 0.076 0.104 0.039 0.023 0.066 0.023 0.119 0.145 0.007 0.024 0.071
254 L 0.082 0.024 0.019 0.02 0.017 0.018 0.025 0.031 0.01 0.124 0.252 0.029 0.036 0.041 0.017 0.054 0.042 0.006 0.02 0.134
255 L 0.098 0.026 0.019 0.02 0.015 0.02 0.026 0.035 0.015 0.076 0.16 0.03 0.094 0.152 0.016 0.04 0.035 0.01 0.04 0.074
256 V 0.085 0.021 0.016 0.018 0.066 0.016 0.022 0.028 0.009 0.159 0.147 0.026 0.03 0.035 0.016 0.035 0.043 0.005 0.019 0.205
257 V 0.051 0.021 0.016 0.017 0.015 0.016 0.021 0.023 0.013 0.162 0.16 0.025 0.048 0.086 0.014 0.028 0.038 0.009 0.059 0.175
258 L 0.076 0.026 0.019 0.019 0.015 0.02 0.024 0.079 0.012 0.09 0.266 0.03 0.085 0.044 0.016 0.035 0.035 0.007 0.02 0.081
259 I 0.043 0.018 0.014 0.016 0.015 0.013 0.018 0.02 0.009 0.24 0.204 0.022 0.037 0.081 0.014 0.024 0.035 0.007 0.027 0.142
260 V 0.065 0.021 0.016 0.017 0.018 0.015 0.022 0.023 0.008 0.172 0.128 0.025 0.031 0.035 0.016 0.031 0.046 0.005 0.02 0.287
261 L 0.057 0.067 0.056 0.034 0.012 0.048 0.065 0.032 0.021 0.079 0.152 0.048 0.026 0.079 0.017 0.039 0.035 0.009 0.058 0.065
262 S 0.096 0.044 0.133 0.051 0.013 0.032 0.048 0.058 0.024 0.029 0.041 0.074 0.014 0.029 0.024 0.138 0.057 0.007 0.049 0.038
263 S 0.095 0.037 0.049 0.044 0.017 0.03 0.046 0.057 0.017 0.035 0.047 0.049 0.016 0.021 0.028 0.204 0.139 0.005 0.017 0.048
264 G 0.075 0.022 0.037 0.032 0.01 0.018 0.024 0.531 0.013 0.018 0.027 0.032 0.009 0.016 0.018 0.049 0.028 0.005 0.01 0.023
265 G 0.075 0.022 0.037 0.032 0.01 0.018 0.024 0.531 0.013 0.018 0.027 0.032 0.009 0.016 0.018 0.049 0.028 0.005 0.01 0.023
266 L 0.042 0.019 0.014 0.016 0.014 0.013 0.018 0.021 0.01 0.196 0.223 0.022 0.037 0.12 0.013 0.024 0.033 0.008 0.033 0.123
267 A 0.117 0.044 0.073 0.082 0.013 0.094 0.063 0.103 0.021 0.028 0.041 0.058 0.015 0.017 0.024 0.1 0.048 0.005 0.016 0.039
268 V 0.052 0.076 0.028 0.026 0.011 0.029 0.039 0.03 0.057 0.068 0.07 0.095 0.02 0.044 0.068 0.038 0.036 0.009 0.087 0.113
269 W 0.029 0.022 0.015 0.015 0.007 0.015 0.022 0.029 0.015 0.029 0.051 0.022 0.015 0.058 0.007 0.022 0.022 0.514 0.065 0.029
270 L 0.046 0.024 0.017 0.024 0.015 0.021 0.05 0.023 0.012 0.195 0.202 0.03 0.068 0.042 0.015 0.029 0.037 0.006 0.02 0.124
271 A 0.137 0.036 0.037 0.087 0.013 0.037 0.131 0.049 0.054 0.042 0.05 0.051 0.016 0.021 0.024 0.078 0.043 0.005 0.02 0.067
272 D 0.053 0.036 0.175 0.211 0.01 0.031 0.064 0.055 0.023 0.023 0.031 0.048 0.011 0.017 0.022 0.097 0.048 0.004 0.014 0.028
273 P 0.059 0.026 0.025 0.031 0.011 0.021 0.036 0.038 0.013 0.025 0.035 0.041 0.01 0.013 0.467 0.063 0.039 0.003 0.013 0.031
274 G 0.074 0.023 0.038 0.033 0.011 0.019 0.026 0.482 0.013 0.021 0.031 0.033 0.01 0.016 0.019 0.053 0.053 0.005 0.011 0.028
275 D 0.042 0.067 0.056 0.306 0.008 0.052 0.079 0.041 0.019 0.029 0.047 0.054 0.029 0.018 0.021 0.048 0.035 0.004 0.013 0.031
276 A 0.296 0.03 0.026 0.029 0.02 0.025 0.039 0.072 0.014 0.042 0.057 0.043 0.017 0.021 0.028 0.082 0.071 0.005 0.017 0.066
277 F 0.033 0.019 0.017 0.016 0.01 0.011 0.019 0.024 0.019 0.059 0.105 0.019 0.024 0.384 0.011 0.025 0.025 0.017 0.111 0.052
278 L 0.043 0.023 0.014 0.015 0.016 0.015 0.019 0.02 0.01 0.13 0.378 0.024 0.046 0.051 0.014 0.023 0.033 0.007 0.021 0.1
279 N 0.048 0.072 0.254 0.065 0.009 0.031 0.043 0.153 0.026 0.021 0.031 0.054 0.011 0.017 0.019 0.061 0.042 0.005 0.014 0.026
280 R 0.043 0.373 0.037 0.03 0.007 0.046 0.05 0.031 0.022 0.022 0.044 0.115 0.015 0.017 0.019 0.043 0.033 0.006 0.017 0.03
281 A 0.172 0.069 0.035 0.044 0.015 0.035 0.098 0.106 0.018 0.03 0.045 0.057 0.015 0.019 0.026 0.103 0.048 0.005 0.016 0.046
282 G 0.075 0.022 0.037 0.032 0.01 0.018 0.024 0.531 0.013 0.018 0.027 0.032 0.009 0.016 0.018 0.049 0.028 0.005 0.01 0.023
283 S 0.117 0.034 0.045 0.041 0.016 0.028 0.043 0.156 0.016 0.03 0.041 0.046 0.014 0.019 0.026 0.179 0.085 0.005 0.015 0.042
284 G 0.075 0.022 0.037 0.032 0.01 0.018 0.024 0.531 0.013 0.018 0.027 0.032 0.009 0.016 0.018 0.049 0.028 0.005 0.01 0.023
285 V 0.055 0.023 0.019 0.02 0.015 0.017 0.025 0.025 0.046 0.172 0.132 0.028 0.029 0.035 0.065 0.031 0.04 0.005 0.023 0.196
286 Y 0.037 0.024 0.019 0.017 0.009 0.018 0.024 0.024 0.036 0.047 0.079 0.026 0.02 0.212 0.013 0.028 0.026 0.024 0.269 0.047
287 V 0.065 0.024 0.02 0.02 0.016 0.018 0.026 0.028 0.016 0.121 0.104 0.029 0.026 0.051 0.017 0.053 0.046 0.01 0.085 0.223
288 I 0.049 0.018 0.014 0.017 0.016 0.014 0.018 0.021 0.008 0.254 0.178 0.023 0.035 0.042 0.014 0.025 0.039 0.006 0.02 0.188
289 L 0.046 0.022 0.016 0.017 0.015 0.015 0.02 0.071 0.01 0.12 0.341 0.025 0.042 0.048 0.014 0.026 0.032 0.007 0.02 0.093
290 S 0.085 0.033 0.041 0.037 0.016 0.026 0.041 0.051 0.016 0.048 0.119 0.043 0.022 0.066 0.024 0.185 0.064 0.006 0.024 0.052
291 H 0.044 0.039 0.043 0.033 0.01 0.032 0.044 0.034 0.272 0.041 0.091 0.041 0.037 0.033 0.018 0.043 0.053 0.007 0.045 0.04
292 F 0.035 0.022 0.02 0.019 0.01 0.014 0.022 0.026 0.053 0.06 0.11 0.022 0.041 0.338 0.011 0.027 0.026 0.014 0.076 0.053
293 S 0.098 0.036 0.048 0.044 0.016 0.03 0.047 0.06 0.018 0.032 0.047 0.048 0.016 0.059 0.027 0.231 0.073 0.006 0.024 0.041
294 S 0.116 0.035 0.044 0.041 0.017 0.028 0.045 0.058 0.017 0.035 0.051 0.047 0.017 0.06 0.026 0.197 0.09 0.006 0.024 0.047
295 L 0.053 0.024 0.02 0.02 0.015 0.019 0.024 0.027 0.012 0.155 0.172 0.029 0.081 0.079 0.016 0.051 0.041 0.007 0.027 0.126
296 L 0.129 0.023 0.018 0.021 0.016 0.018 0.026 0.039 0.012 0.119 0.157 0.03 0.028 0.071 0.068 0.044 0.039 0.006 0.025 0.11
297 L 0.069 0.024 0.016 0.016 0.015 0.016 0.022 0.027 0.014 0.092 0.305 0.026 0.039 0.093 0.015 0.03 0.032 0.01 0.06 0.081
298 A 0.295 0.028 0.024 0.027 0.069 0.023 0.036 0.071 0.014 0.041 0.057 0.04 0.017 0.021 0.027 0.077 0.046 0.005 0.016 0.065
299 A 0.171 0.028 0.026 0.027 0.018 0.022 0.034 0.051 0.013 0.076 0.136 0.037 0.025 0.03 0.023 0.094 0.051 0.005 0.018 0.113
300 L 0.074 0.022 0.015 0.017 0.065 0.015 0.021 0.028 0.01 0.116 0.253 0.025 0.036 0.079 0.015 0.032 0.035 0.007 0.026 0.11
301 V 0.096 0.027 0.029 0.028 0.066 0.021 0.031 0.04 0.012 0.116 0.089 0.035 0.023 0.028 0.021 0.092 0.097 0.005 0.017 0.128
302 G 0.075 0.022 0.037 0.032 0.01 0.018 0.024 0.531 0.013 0.018 0.027 0.032 0.009 0.016 0.018 0.049 0.028 0.005 0.01 0.023
303 Y 0.041 0.028 0.025 0.021 0.01 0.022 0.029 0.027 0.069 0.046 0.095 0.031 0.02 0.091 0.016 0.035 0.052 0.069 0.224 0.048
304 Y 0.039 0.029 0.057 0.027 0.009 0.022 0.031 0.029 0.087 0.065 0.072 0.032 0.019 0.121 0.015 0.034 0.03 0.018 0.211 0.053
305 A 0.191 0.026 0.025 0.026 0.116 0.021 0.032 0.054 0.012 0.07 0.069 0.036 0.019 0.023 0.024 0.069 0.09 0.005 0.016 0.074
306 Y 0.049 0.031 0.025 0.023 0.011 0.043 0.035 0.029 0.034 0.052 0.071 0.036 0.02 0.123 0.017 0.054 0.035 0.019 0.222 0.07
307 R 0.056 0.106 0.061 0.038 0.012 0.033 0.067 0.035 0.017 0.087 0.105 0.081 0.023 0.026 0.02 0.062 0.043 0.005 0.018 0.105
308 K 0.06 0.101 0.039 0.036 0.01 0.04 0.053 0.09 0.021 0.029 0.045 0.182 0.015 0.027 0.024 0.072 0.064 0.007 0.049 0.036
309 K 0.054 0.162 0.04 0.035 0.008 0.042 0.052 0.136 0.055 0.023 0.039 0.169 0.014 0.017 0.022 0.047 0.033 0.005 0.019 0.028
310 S 0.085 0.047 0.075 0.046 0.014 0.054 0.054 0.055 0.02 0.04 0.048 0.078 0.017 0.02 0.025 0.172 0.064 0.005 0.017 0.063
311 K 0.047 0.088 0.027 0.027 0.01 0.031 0.041 0.031 0.017 0.077 0.082 0.145 0.021 0.139 0.018 0.038 0.034 0.008 0.038 0.078
312 L 0.062 0.042 0.03 0.029 0.014 0.026 0.037 0.036 0.014 0.09 0.142 0.088 0.026 0.069 0.02 0.082 0.069 0.007 0.025 0.092
313 L 0.085 0.028 0.026 0.027 0.015 0.022 0.032 0.038 0.013 0.084 0.144 0.037 0.042 0.03 0.12 0.07 0.089 0.005 0.018 0.074
314 L 0.042 0.022 0.016 0.016 0.013 0.015 0.021 0.023 0.017 0.127 0.194 0.024 0.032 0.1 0.013 0.025 0.032 0.062 0.097 0.109
315 L 0.079 0.022 0.017 0.018 0.089 0.016 0.023 0.03 0.013 0.093 0.137 0.026 0.043 0.114 0.016 0.036 0.037 0.009 0.048 0.136
316 L 0.078 0.022 0.019 0.02 0.015 0.016 0.024 0.031 0.012 0.148 0.173 0.027 0.031 0.113 0.016 0.053 0.04 0.008 0.032 0.12
317 F 0.065 0.026 0.021 0.021 0.011 0.038 0.03 0.031 0.023 0.051 0.089 0.03 0.022 0.276 0.014 0.034 0.029 0.016 0.124 0.05
318 L 0.048 0.023 0.019 0.019 0.015 0.017 0.022 0.026 0.012 0.129 0.238 0.026 0.052 0.119 0.015 0.048 0.037 0.008 0.033 0.094
319 L 0.071 0.021 0.015 0.017 0.016 0.015 0.02 0.026 0.01 0.18 0.271 0.025 0.039 0.045 0.015 0.029 0.036 0.006 0.02 0.12
320 W 0.038 0.022 0.017 0.017 0.01 0.016 0.023 0.029 0.013 0.071 0.07 0.024 0.019 0.051 0.011 0.03 0.052 0.362 0.051 0.074
