#Seq2Logo.py -f /work3/idamei/ssn-clusterings/clustering/2205111339/clusters/0012_277/sequences.afa -o /work3/idamei/ssn-clusterings/clustering/2205111339/clusters/0012_277/sequences.logo
#Position Specific Frequency Matrix
A R N D C Q E G H I L K M F P S T W Y V
0 M 0.05 0.031 0.019 0.019 0.015 0.027 0.027 0.027 0.015 0.096 0.188 0.035 0.197 0.046 0.015 0.035 0.038 0.008 0.023 0.088
1 P 0.053 0.08 0.073 0.052 0.01 0.037 0.113 0.038 0.019 0.045 0.048 0.06 0.014 0.018 0.152 0.054 0.068 0.005 0.016 0.044
2 K 0.056 0.056 0.114 0.046 0.012 0.034 0.047 0.045 0.02 0.097 0.071 0.127 0.019 0.024 0.022 0.074 0.047 0.005 0.017 0.069
3 P 0.051 0.027 0.03 0.093 0.011 0.025 0.081 0.032 0.015 0.071 0.07 0.039 0.018 0.079 0.168 0.04 0.036 0.006 0.026 0.083
4 R 0.098 0.117 0.033 0.033 0.011 0.073 0.056 0.043 0.021 0.036 0.061 0.112 0.019 0.093 0.022 0.052 0.038 0.008 0.032 0.044
5 V 0.059 0.045 0.035 0.121 0.013 0.029 0.051 0.034 0.014 0.093 0.082 0.096 0.022 0.025 0.02 0.042 0.043 0.005 0.017 0.154
6 S 0.109 0.04 0.054 0.048 0.017 0.033 0.052 0.066 0.019 0.029 0.041 0.054 0.016 0.021 0.029 0.228 0.081 0.005 0.017 0.041
7 S 0.097 0.038 0.05 0.045 0.017 0.031 0.048 0.058 0.017 0.037 0.049 0.051 0.017 0.022 0.029 0.182 0.139 0.005 0.017 0.051
8 H 0.042 0.046 0.053 0.038 0.008 0.038 0.053 0.038 0.355 0.023 0.038 0.046 0.015 0.03 0.019 0.042 0.027 0.008 0.057 0.023
9 G 0.078 0.023 0.039 0.034 0.011 0.019 0.026 0.51 0.014 0.019 0.028 0.034 0.009 0.016 0.019 0.051 0.03 0.005 0.011 0.024
10 L 0.045 0.024 0.014 0.015 0.016 0.016 0.02 0.021 0.01 0.115 0.375 0.025 0.05 0.055 0.014 0.024 0.033 0.007 0.022 0.096
11 P 0.057 0.026 0.023 0.031 0.01 0.021 0.036 0.036 0.013 0.026 0.036 0.041 0.01 0.013 0.494 0.044 0.036 0.003 0.013 0.031
12 G 0.078 0.023 0.039 0.034 0.011 0.019 0.026 0.51 0.014 0.019 0.028 0.034 0.009 0.016 0.019 0.051 0.03 0.005 0.011 0.024
13 R 0.045 0.345 0.039 0.031 0.008 0.048 0.052 0.033 0.023 0.023 0.047 0.12 0.016 0.017 0.019 0.045 0.035 0.006 0.017 0.031
14 L 0.052 0.032 0.02 0.02 0.016 0.028 0.028 0.028 0.016 0.1 0.197 0.036 0.161 0.048 0.016 0.036 0.04 0.008 0.024 0.092
15 S 0.11 0.04 0.054 0.049 0.018 0.033 0.052 0.066 0.019 0.03 0.042 0.054 0.016 0.021 0.03 0.22 0.082 0.005 0.018 0.042
16 S 0.087 0.035 0.04 0.037 0.017 0.027 0.041 0.051 0.016 0.058 0.154 0.044 0.027 0.032 0.024 0.159 0.065 0.006 0.019 0.06
17 R 0.07 0.165 0.044 0.04 0.011 0.045 0.058 0.047 0.021 0.027 0.044 0.152 0.015 0.018 0.025 0.108 0.052 0.005 0.017 0.035
18 T 0.076 0.031 0.037 0.034 0.017 0.025 0.036 0.043 0.014 0.12 0.091 0.041 0.024 0.029 0.024 0.114 0.124 0.006 0.018 0.096
19 R 0.044 0.35 0.039 0.031 0.008 0.048 0.052 0.033 0.023 0.023 0.046 0.119 0.015 0.017 0.019 0.044 0.035 0.006 0.017 0.031
20 I 0.05 0.036 0.024 0.027 0.014 0.082 0.046 0.027 0.016 0.193 0.127 0.046 0.031 0.034 0.018 0.035 0.04 0.006 0.02 0.129
21 H 0.056 0.058 0.037 0.032 0.012 0.036 0.049 0.035 0.129 0.071 0.07 0.118 0.021 0.027 0.021 0.042 0.038 0.006 0.031 0.11
22 E 0.06 0.038 0.034 0.052 0.011 0.039 0.143 0.036 0.025 0.046 0.113 0.051 0.022 0.047 0.022 0.079 0.043 0.01 0.08 0.049
23 N 0.104 0.099 0.119 0.058 0.012 0.04 0.096 0.055 0.023 0.027 0.041 0.067 0.014 0.018 0.024 0.095 0.049 0.005 0.016 0.038
24 L 0.057 0.079 0.024 0.023 0.088 0.023 0.029 0.103 0.012 0.102 0.129 0.06 0.025 0.029 0.017 0.037 0.037 0.005 0.017 0.104
25 F 0.113 0.023 0.019 0.02 0.014 0.017 0.026 0.038 0.018 0.082 0.096 0.028 0.023 0.192 0.017 0.042 0.035 0.013 0.088 0.095
26 L 0.062 0.089 0.033 0.032 0.012 0.058 0.049 0.037 0.022 0.058 0.104 0.088 0.023 0.039 0.021 0.08 0.045 0.008 0.061 0.078
27 L 0.065 0.03 0.068 0.034 0.016 0.023 0.033 0.039 0.015 0.118 0.142 0.037 0.048 0.034 0.019 0.091 0.051 0.006 0.019 0.112
28 L 0.05 0.024 0.019 0.019 0.015 0.018 0.023 0.024 0.015 0.125 0.24 0.028 0.036 0.055 0.016 0.035 0.066 0.009 0.063 0.12
29 I 0.087 0.02 0.016 0.019 0.017 0.015 0.022 0.029 0.009 0.224 0.139 0.026 0.032 0.038 0.017 0.034 0.042 0.006 0.02 0.189
30 L 0.044 0.021 0.014 0.015 0.079 0.015 0.019 0.023 0.01 0.116 0.273 0.023 0.038 0.048 0.013 0.026 0.032 0.073 0.026 0.09
31 Y 0.114 0.028 0.022 0.021 0.013 0.022 0.03 0.038 0.035 0.05 0.068 0.033 0.019 0.093 0.019 0.044 0.034 0.02 0.231 0.067
32 L 0.091 0.025 0.022 0.023 0.016 0.02 0.028 0.035 0.018 0.132 0.139 0.032 0.028 0.054 0.018 0.063 0.044 0.01 0.083 0.12
33 L 0.046 0.022 0.014 0.016 0.016 0.015 0.019 0.021 0.009 0.163 0.314 0.024 0.044 0.049 0.014 0.024 0.035 0.006 0.021 0.127
34 Y 0.042 0.029 0.022 0.027 0.011 0.025 0.064 0.025 0.03 0.059 0.129 0.034 0.045 0.129 0.016 0.032 0.03 0.018 0.177 0.057
35 F 0.044 0.024 0.022 0.021 0.011 0.016 0.025 0.03 0.024 0.052 0.09 0.026 0.022 0.279 0.014 0.055 0.033 0.018 0.144 0.05
36 L 0.112 0.024 0.018 0.02 0.015 0.017 0.025 0.037 0.017 0.098 0.173 0.029 0.029 0.123 0.017 0.041 0.035 0.011 0.075 0.082
37 L 0.048 0.027 0.018 0.02 0.079 0.044 0.03 0.025 0.013 0.112 0.217 0.031 0.034 0.088 0.015 0.031 0.035 0.007 0.028 0.099
38 L 0.051 0.025 0.019 0.019 0.016 0.018 0.023 0.026 0.011 0.101 0.352 0.028 0.044 0.049 0.016 0.051 0.038 0.007 0.021 0.086
39 L 0.147 0.026 0.024 0.025 0.071 0.02 0.03 0.101 0.012 0.061 0.167 0.034 0.026 0.031 0.021 0.073 0.043 0.006 0.017 0.066
40 W 0.038 0.023 0.019 0.024 0.064 0.019 0.054 0.028 0.019 0.042 0.072 0.027 0.018 0.174 0.012 0.029 0.026 0.18 0.092 0.042
41 L 0.084 0.022 0.016 0.017 0.071 0.016 0.022 0.029 0.009 0.111 0.233 0.026 0.035 0.039 0.016 0.034 0.039 0.006 0.019 0.154
42 Y 0.038 0.028 0.024 0.02 0.009 0.022 0.029 0.025 0.079 0.042 0.068 0.03 0.018 0.147 0.015 0.031 0.027 0.024 0.283 0.043
43 A 0.094 0.044 0.033 0.039 0.013 0.055 0.077 0.043 0.021 0.075 0.068 0.077 0.02 0.034 0.023 0.092 0.048 0.008 0.054 0.084
44 E 0.06 0.045 0.105 0.056 0.011 0.038 0.106 0.045 0.024 0.057 0.053 0.079 0.016 0.032 0.022 0.094 0.047 0.007 0.053 0.049
45 F 0.041 0.03 0.025 0.038 0.009 0.03 0.114 0.027 0.03 0.041 0.07 0.039 0.018 0.179 0.016 0.035 0.029 0.017 0.169 0.043
46 I 0.051 0.02 0.015 0.017 0.016 0.015 0.02 0.022 0.01 0.195 0.172 0.024 0.05 0.078 0.014 0.027 0.039 0.007 0.027 0.181
47 A 0.139 0.028 0.058 0.031 0.015 0.022 0.033 0.098 0.018 0.061 0.069 0.036 0.019 0.072 0.021 0.073 0.044 0.008 0.056 0.098
48 P 0.086 0.033 0.025 0.027 0.014 0.023 0.035 0.037 0.016 0.083 0.072 0.062 0.019 0.033 0.169 0.063 0.043 0.007 0.049 0.104
49 L 0.05 0.024 0.021 0.02 0.015 0.017 0.024 0.026 0.015 0.091 0.187 0.028 0.031 0.122 0.016 0.039 0.082 0.01 0.065 0.116
50 W 0.039 0.023 0.019 0.019 0.009 0.016 0.024 0.031 0.018 0.04 0.069 0.024 0.018 0.168 0.011 0.046 0.029 0.265 0.095 0.039
51 G 0.139 0.065 0.041 0.116 0.013 0.031 0.077 0.15 0.017 0.027 0.04 0.052 0.013 0.017 0.024 0.079 0.041 0.005 0.014 0.039
52 Y 0.049 0.027 0.026 0.022 0.01 0.022 0.029 0.079 0.039 0.038 0.059 0.032 0.017 0.104 0.017 0.054 0.032 0.022 0.28 0.042
53 L 0.05 0.042 0.026 0.027 0.013 0.093 0.048 0.03 0.022 0.069 0.133 0.05 0.126 0.044 0.017 0.04 0.038 0.009 0.054 0.068
54 G 0.066 0.1 0.038 0.032 0.01 0.027 0.034 0.382 0.015 0.02 0.032 0.076 0.011 0.016 0.019 0.048 0.03 0.005 0.012 0.025
55 F 0.033 0.019 0.017 0.016 0.01 0.011 0.019 0.024 0.019 0.059 0.105 0.019 0.024 0.384 0.011 0.025 0.025 0.017 0.111 0.052
56 D 0.059 0.103 0.076 0.123 0.011 0.035 0.082 0.045 0.02 0.026 0.039 0.063 0.013 0.017 0.072 0.094 0.069 0.005 0.015 0.034
57 G 0.094 0.027 0.038 0.108 0.014 0.023 0.043 0.142 0.014 0.06 0.09 0.037 0.019 0.024 0.021 0.087 0.046 0.005 0.015 0.093
58 D 0.111 0.07 0.105 0.127 0.012 0.034 0.082 0.056 0.021 0.027 0.039 0.056 0.013 0.018 0.024 0.1 0.048 0.005 0.015 0.037
59 L 0.045 0.024 0.018 0.024 0.013 0.02 0.052 0.025 0.016 0.1 0.185 0.03 0.03 0.121 0.065 0.03 0.033 0.01 0.065 0.096
60 D 0.085 0.036 0.11 0.167 0.012 0.033 0.086 0.054 0.02 0.028 0.038 0.049 0.013 0.018 0.024 0.101 0.072 0.005 0.015 0.037
61 L 0.08 0.063 0.06 0.07 0.014 0.025 0.039 0.04 0.015 0.065 0.156 0.044 0.025 0.029 0.069 0.064 0.042 0.005 0.017 0.079
62 L 0.07 0.03 0.03 0.034 0.015 0.025 0.06 0.086 0.014 0.077 0.164 0.038 0.027 0.032 0.02 0.1 0.049 0.006 0.018 0.105
63 N 0.082 0.054 0.126 0.047 0.012 0.034 0.047 0.049 0.02 0.067 0.06 0.122 0.017 0.021 0.022 0.074 0.047 0.005 0.017 0.075
64 L 0.039 0.022 0.015 0.016 0.013 0.013 0.02 0.023 0.013 0.089 0.246 0.022 0.037 0.222 0.012 0.025 0.029 0.012 0.055 0.075
65 L 0.084 0.024 0.021 0.021 0.017 0.018 0.025 0.031 0.01 0.144 0.168 0.03 0.031 0.036 0.018 0.045 0.089 0.006 0.019 0.163
66 P 0.06 0.035 0.029 0.036 0.012 0.027 0.065 0.037 0.015 0.084 0.069 0.067 0.018 0.061 0.169 0.081 0.043 0.006 0.023 0.062
67 V 0.052 0.029 0.054 0.028 0.014 0.04 0.032 0.03 0.015 0.11 0.129 0.034 0.027 0.108 0.016 0.04 0.063 0.008 0.032 0.14
68 S 0.164 0.034 0.04 0.038 0.018 0.028 0.043 0.063 0.016 0.06 0.057 0.046 0.018 0.022 0.027 0.179 0.065 0.005 0.017 0.061
69 I 0.053 0.022 0.016 0.018 0.017 0.018 0.021 0.023 0.01 0.205 0.164 0.027 0.069 0.043 0.015 0.029 0.042 0.006 0.021 0.18
70 L 0.059 0.021 0.018 0.019 0.066 0.016 0.022 0.027 0.009 0.167 0.176 0.026 0.032 0.037 0.016 0.051 0.043 0.006 0.019 0.169
71 L 0.076 0.023 0.018 0.019 0.015 0.017 0.022 0.077 0.014 0.131 0.221 0.027 0.033 0.049 0.016 0.033 0.035 0.008 0.052 0.114
72 L 0.059 0.026 0.023 0.023 0.017 0.019 0.026 0.03 0.011 0.119 0.218 0.031 0.034 0.039 0.018 0.061 0.09 0.006 0.02 0.131
73 I 0.056 0.021 0.021 0.022 0.016 0.016 0.023 0.027 0.01 0.235 0.135 0.028 0.031 0.037 0.017 0.054 0.067 0.006 0.019 0.159
74 L 0.13 0.024 0.018 0.02 0.017 0.017 0.025 0.038 0.011 0.113 0.19 0.029 0.031 0.074 0.018 0.042 0.04 0.007 0.026 0.13
75 L 0.048 0.022 0.017 0.018 0.064 0.015 0.021 0.025 0.011 0.112 0.224 0.024 0.034 0.115 0.015 0.032 0.058 0.008 0.032 0.107
76 C 0.065 0.016 0.016 0.016 0.484 0.012 0.016 0.032 0.008 0.045 0.065 0.02 0.016 0.02 0.016 0.041 0.037 0.004 0.012 0.057
77 V 0.12 0.027 0.027 0.027 0.017 0.021 0.032 0.043 0.013 0.103 0.09 0.035 0.023 0.066 0.021 0.09 0.074 0.006 0.025 0.14
78 L 0.083 0.025 0.024 0.024 0.015 0.019 0.028 0.036 0.016 0.094 0.151 0.031 0.027 0.119 0.018 0.077 0.043 0.01 0.065 0.095
79 I 0.046 0.02 0.015 0.017 0.064 0.015 0.019 0.023 0.011 0.192 0.175 0.024 0.066 0.079 0.014 0.028 0.036 0.007 0.026 0.122
80 L 0.079 0.026 0.021 0.021 0.017 0.019 0.026 0.031 0.011 0.114 0.226 0.031 0.051 0.04 0.018 0.044 0.086 0.006 0.02 0.113
81 P 0.065 0.062 0.031 0.033 0.011 0.025 0.038 0.09 0.015 0.025 0.036 0.049 0.011 0.015 0.319 0.085 0.043 0.004 0.013 0.031
82 R 0.077 0.11 0.065 0.036 0.011 0.053 0.047 0.041 0.022 0.036 0.056 0.086 0.017 0.068 0.021 0.057 0.085 0.009 0.057 0.045
83 K 0.086 0.098 0.038 0.037 0.011 0.06 0.058 0.045 0.019 0.03 0.045 0.162 0.015 0.017 0.075 0.077 0.066 0.005 0.017 0.039
84 N 0.053 0.111 0.127 0.05 0.011 0.037 0.073 0.043 0.022 0.045 0.082 0.087 0.018 0.022 0.02 0.07 0.044 0.005 0.017 0.063
85 D 0.05 0.072 0.106 0.158 0.009 0.031 0.055 0.142 0.02 0.029 0.047 0.076 0.029 0.019 0.02 0.051 0.036 0.005 0.014 0.032
86 L 0.06 0.026 0.024 0.025 0.016 0.02 0.029 0.031 0.011 0.09 0.144 0.033 0.026 0.03 0.118 0.049 0.111 0.005 0.018 0.135
87 R 0.057 0.244 0.038 0.033 0.01 0.041 0.049 0.038 0.02 0.052 0.055 0.113 0.017 0.02 0.021 0.084 0.043 0.005 0.017 0.046
88 G 0.097 0.029 0.034 0.031 0.015 0.023 0.034 0.142 0.02 0.048 0.057 0.038 0.017 0.042 0.022 0.096 0.092 0.01 0.082 0.072
89 F 0.041 0.023 0.02 0.019 0.011 0.016 0.023 0.026 0.024 0.064 0.093 0.025 0.022 0.25 0.014 0.033 0.053 0.017 0.15 0.077
90 F 0.038 0.021 0.016 0.016 0.012 0.014 0.02 0.023 0.019 0.096 0.194 0.023 0.031 0.21 0.013 0.025 0.028 0.014 0.112 0.075
91 L 0.045 0.025 0.018 0.017 0.015 0.018 0.023 0.022 0.047 0.106 0.338 0.026 0.042 0.048 0.014 0.026 0.033 0.007 0.025 0.106
92 H 0.049 0.044 0.103 0.045 0.011 0.074 0.054 0.042 0.13 0.056 0.055 0.052 0.018 0.024 0.021 0.056 0.085 0.006 0.029 0.049
93 L 0.05 0.02 0.015 0.015 0.162 0.014 0.018 0.024 0.01 0.09 0.243 0.022 0.034 0.077 0.014 0.029 0.034 0.007 0.025 0.098
94 L 0.085 0.025 0.024 0.024 0.016 0.019 0.027 0.084 0.011 0.104 0.208 0.031 0.031 0.036 0.019 0.062 0.065 0.006 0.019 0.103
95 L 0.042 0.029 0.085 0.031 0.012 0.022 0.029 0.032 0.056 0.09 0.183 0.032 0.045 0.085 0.015 0.036 0.034 0.009 0.062 0.07
96 L 0.095 0.026 0.024 0.023 0.064 0.02 0.028 0.037 0.019 0.063 0.136 0.032 0.024 0.088 0.019 0.065 0.063 0.011 0.09 0.074
97 L 0.041 0.022 0.014 0.015 0.014 0.014 0.019 0.021 0.011 0.12 0.32 0.023 0.042 0.124 0.013 0.024 0.031 0.009 0.034 0.092
98 L 0.042 0.033 0.021 0.021 0.012 0.041 0.032 0.026 0.018 0.11 0.161 0.057 0.029 0.158 0.015 0.03 0.032 0.011 0.072 0.079
99 L 0.045 0.02 0.015 0.016 0.014 0.013 0.019 0.022 0.011 0.143 0.211 0.022 0.035 0.155 0.013 0.025 0.034 0.009 0.04 0.137
100 I 0.05 0.021 0.02 0.02 0.016 0.016 0.021 0.024 0.01 0.233 0.165 0.027 0.033 0.039 0.016 0.037 0.086 0.006 0.019 0.141
101 P 0.054 0.025 0.022 0.03 0.01 0.02 0.035 0.035 0.012 0.025 0.035 0.04 0.01 0.012 0.515 0.042 0.035 0.002 0.012 0.03
102 S 0.105 0.038 0.052 0.047 0.017 0.032 0.05 0.063 0.018 0.028 0.04 0.052 0.015 0.02 0.028 0.253 0.078 0.005 0.017 0.04
103 L 0.08 0.024 0.019 0.02 0.016 0.018 0.024 0.03 0.011 0.138 0.255 0.029 0.037 0.042 0.017 0.053 0.041 0.006 0.02 0.12
104 V 0.063 0.021 0.018 0.019 0.018 0.016 0.023 0.025 0.008 0.176 0.126 0.026 0.03 0.035 0.017 0.036 0.069 0.005 0.019 0.251
105 L 0.043 0.023 0.016 0.016 0.014 0.016 0.021 0.022 0.017 0.096 0.278 0.025 0.038 0.101 0.014 0.026 0.032 0.012 0.093 0.099
106 Y 0.045 0.024 0.022 0.02 0.011 0.018 0.025 0.027 0.029 0.096 0.091 0.028 0.022 0.156 0.015 0.05 0.034 0.018 0.196 0.071
107 A 0.175 0.028 0.03 0.03 0.115 0.023 0.035 0.058 0.014 0.04 0.058 0.038 0.017 0.059 0.024 0.119 0.052 0.006 0.023 0.055
108 F 0.048 0.025 0.022 0.022 0.012 0.037 0.028 0.126 0.015 0.068 0.147 0.03 0.026 0.184 0.014 0.033 0.03 0.01 0.044 0.078
109 G 0.145 0.03 0.097 0.042 0.014 0.024 0.036 0.254 0.017 0.027 0.038 0.041 0.012 0.018 0.022 0.083 0.043 0.005 0.014 0.038
110 G 0.058 0.034 0.137 0.132 0.01 0.03 0.077 0.197 0.021 0.021 0.03 0.046 0.01 0.016 0.021 0.075 0.041 0.005 0.013 0.026
111 V 0.085 0.039 0.026 0.026 0.015 0.024 0.034 0.085 0.013 0.081 0.111 0.085 0.024 0.066 0.02 0.046 0.063 0.006 0.024 0.127
112 P 0.069 0.038 0.073 0.087 0.011 0.052 0.08 0.097 0.019 0.024 0.035 0.052 0.013 0.016 0.122 0.112 0.049 0.004 0.015 0.032
113 L 0.056 0.037 0.06 0.033 0.013 0.067 0.044 0.035 0.02 0.087 0.138 0.045 0.026 0.039 0.019 0.065 0.066 0.008 0.052 0.09
114 D 0.048 0.068 0.044 0.158 0.009 0.035 0.111 0.038 0.055 0.032 0.073 0.053 0.016 0.025 0.02 0.064 0.036 0.056 0.024 0.034
115 F 0.045 0.03 0.057 0.029 0.01 0.042 0.035 0.033 0.028 0.044 0.075 0.035 0.02 0.208 0.016 0.056 0.034 0.016 0.143 0.044
116 A 0.128 0.025 0.019 0.02 0.015 0.019 0.027 0.038 0.021 0.112 0.122 0.031 0.025 0.061 0.019 0.044 0.038 0.012 0.117 0.106
117 L 0.048 0.025 0.017 0.023 0.015 0.021 0.051 0.023 0.012 0.124 0.235 0.029 0.052 0.08 0.015 0.029 0.036 0.007 0.027 0.131
118 V 0.092 0.027 0.028 0.027 0.017 0.021 0.031 0.037 0.011 0.111 0.122 0.035 0.026 0.031 0.021 0.074 0.117 0.006 0.018 0.147
119 L 0.058 0.025 0.027 0.025 0.015 0.019 0.028 0.032 0.012 0.118 0.129 0.031 0.027 0.109 0.019 0.067 0.112 0.008 0.032 0.108
120 L 0.102 0.024 0.018 0.019 0.016 0.019 0.025 0.034 0.015 0.109 0.163 0.029 0.045 0.049 0.017 0.038 0.038 0.059 0.057 0.125
121 F 0.059 0.025 0.026 0.025 0.063 0.02 0.028 0.034 0.017 0.101 0.1 0.031 0.04 0.116 0.018 0.08 0.066 0.01 0.064 0.078
122 A 0.177 0.031 0.063 0.037 0.067 0.025 0.039 0.061 0.016 0.047 0.056 0.042 0.017 0.021 0.025 0.122 0.056 0.005 0.016 0.076
123 L 0.053 0.023 0.022 0.021 0.112 0.017 0.024 0.029 0.048 0.113 0.127 0.027 0.026 0.109 0.016 0.052 0.038 0.008 0.035 0.101
124 L 0.047 0.021 0.016 0.017 0.063 0.015 0.019 0.073 0.01 0.109 0.277 0.024 0.037 0.08 0.014 0.028 0.032 0.007 0.025 0.085
125 L 0.043 0.019 0.014 0.016 0.015 0.013 0.018 0.02 0.01 0.221 0.228 0.023 0.038 0.082 0.014 0.024 0.035 0.007 0.027 0.134
126 L 0.059 0.024 0.019 0.02 0.017 0.019 0.024 0.026 0.011 0.153 0.186 0.028 0.064 0.04 0.016 0.05 0.044 0.006 0.02 0.177
127 Y 0.075 0.025 0.022 0.021 0.013 0.02 0.027 0.031 0.026 0.105 0.116 0.031 0.024 0.076 0.017 0.054 0.038 0.015 0.17 0.096
128 L 0.103 0.03 0.025 0.026 0.015 0.041 0.035 0.039 0.014 0.107 0.153 0.037 0.043 0.068 0.019 0.065 0.063 0.007 0.025 0.085
129 G 0.125 0.026 0.028 0.027 0.016 0.02 0.03 0.134 0.013 0.084 0.077 0.034 0.02 0.06 0.021 0.073 0.076 0.006 0.023 0.107
130 S 0.098 0.037 0.05 0.045 0.017 0.031 0.048 0.059 0.017 0.032 0.044 0.05 0.016 0.02 0.028 0.226 0.115 0.005 0.017 0.045
131 A 0.198 0.073 0.027 0.028 0.016 0.03 0.042 0.055 0.018 0.061 0.063 0.095 0.018 0.031 0.025 0.062 0.042 0.007 0.047 0.063
132 F 0.034 0.019 0.017 0.017 0.011 0.011 0.019 0.025 0.017 0.063 0.114 0.019 0.025 0.387 0.011 0.025 0.025 0.017 0.089 0.055
133 L 0.049 0.02 0.015 0.016 0.016 0.014 0.019 0.021 0.009 0.189 0.212 0.023 0.036 0.077 0.014 0.026 0.037 0.007 0.026 0.174
134 P 0.047 0.04 0.118 0.08 0.009 0.047 0.05 0.043 0.02 0.027 0.041 0.07 0.013 0.051 0.201 0.049 0.038 0.005 0.02 0.031
135 R 0.042 0.189 0.03 0.025 0.008 0.035 0.04 0.029 0.035 0.033 0.057 0.075 0.017 0.074 0.017 0.038 0.031 0.017 0.17 0.039
136 I 0.049 0.019 0.016 0.018 0.015 0.014 0.02 0.023 0.01 0.177 0.152 0.024 0.031 0.106 0.059 0.028 0.037 0.007 0.031 0.165
137 P 0.055 0.138 0.034 0.038 0.009 0.037 0.073 0.037 0.018 0.024 0.039 0.114 0.013 0.015 0.203 0.064 0.039 0.004 0.015 0.031
138 P 0.106 0.096 0.028 0.028 0.013 0.028 0.039 0.041 0.015 0.055 0.064 0.075 0.018 0.056 0.111 0.066 0.042 0.006 0.023 0.089
139 L 0.052 0.022 0.019 0.02 0.015 0.016 0.023 0.027 0.011 0.148 0.166 0.027 0.03 0.106 0.061 0.048 0.039 0.007 0.031 0.134
140 R 0.06 0.146 0.036 0.038 0.011 0.041 0.075 0.038 0.019 0.045 0.082 0.137 0.019 0.021 0.022 0.082 0.044 0.005 0.017 0.062
141 L 0.08 0.058 0.024 0.023 0.016 0.023 0.029 0.033 0.013 0.12 0.167 0.04 0.06 0.036 0.018 0.06 0.064 0.006 0.019 0.109
142 V 0.059 0.065 0.031 0.029 0.013 0.026 0.036 0.079 0.048 0.079 0.073 0.066 0.02 0.06 0.064 0.062 0.061 0.006 0.026 0.097
143 R 0.077 0.112 0.092 0.042 0.01 0.055 0.052 0.046 0.024 0.027 0.043 0.11 0.014 0.026 0.067 0.071 0.042 0.007 0.047 0.035
144 I 0.049 0.02 0.017 0.018 0.016 0.015 0.02 0.022 0.009 0.233 0.192 0.025 0.035 0.041 0.015 0.03 0.06 0.006 0.02 0.158
145 N 0.057 0.053 0.126 0.054 0.01 0.057 0.079 0.092 0.056 0.026 0.038 0.101 0.014 0.018 0.023 0.076 0.064 0.005 0.019 0.032
146 P 0.065 0.092 0.033 0.032 0.013 0.027 0.039 0.04 0.015 0.061 0.085 0.054 0.019 0.022 0.157 0.102 0.069 0.005 0.016 0.054
147 K 0.053 0.1 0.037 0.045 0.009 0.065 0.109 0.037 0.02 0.052 0.053 0.179 0.017 0.018 0.024 0.052 0.059 0.005 0.017 0.047
148 R 0.08 0.109 0.033 0.033 0.012 0.091 0.056 0.039 0.022 0.065 0.065 0.088 0.02 0.03 0.021 0.065 0.042 0.007 0.048 0.074
149 L 0.047 0.022 0.015 0.016 0.015 0.016 0.02 0.022 0.01 0.148 0.263 0.024 0.054 0.08 0.014 0.026 0.036 0.007 0.027 0.14
150 L 0.076 0.031 0.022 0.023 0.015 0.042 0.033 0.033 0.015 0.08 0.221 0.036 0.079 0.074 0.017 0.056 0.039 0.007 0.026 0.075
151 L 0.046 0.093 0.054 0.028 0.012 0.044 0.036 0.031 0.017 0.083 0.134 0.05 0.025 0.067 0.016 0.04 0.057 0.053 0.029 0.084
152 L 0.094 0.023 0.017 0.018 0.015 0.016 0.023 0.031 0.015 0.104 0.209 0.027 0.032 0.117 0.016 0.035 0.035 0.01 0.062 0.102
153 L 0.128 0.027 0.021 0.022 0.017 0.02 0.028 0.04 0.012 0.087 0.232 0.033 0.048 0.038 0.019 0.062 0.042 0.006 0.02 0.099
154 L 0.073 0.028 0.02 0.021 0.015 0.038 0.03 0.03 0.012 0.09 0.257 0.033 0.036 0.075 0.017 0.038 0.057 0.007 0.026 0.098
155 L 0.077 0.022 0.019 0.019 0.06 0.016 0.022 0.12 0.011 0.081 0.221 0.026 0.031 0.071 0.016 0.035 0.034 0.007 0.024 0.089
156 L 0.075 0.026 0.019 0.02 0.016 0.02 0.025 0.03 0.012 0.111 0.278 0.03 0.068 0.044 0.017 0.052 0.039 0.007 0.021 0.091
157 S 0.081 0.032 0.039 0.036 0.017 0.025 0.038 0.046 0.014 0.097 0.075 0.042 0.021 0.026 0.024 0.148 0.124 0.005 0.018 0.095
158 L 0.098 0.022 0.019 0.02 0.015 0.016 0.023 0.078 0.012 0.102 0.153 0.027 0.028 0.138 0.016 0.038 0.036 0.008 0.036 0.115
159 L 0.131 0.023 0.021 0.022 0.061 0.018 0.025 0.13 0.011 0.095 0.137 0.03 0.025 0.03 0.019 0.047 0.039 0.005 0.017 0.114
160 L 0.096 0.025 0.022 0.022 0.014 0.019 0.027 0.035 0.018 0.083 0.141 0.031 0.026 0.119 0.018 0.047 0.078 0.011 0.091 0.074
161 L 0.045 0.021 0.014 0.016 0.016 0.014 0.019 0.02 0.009 0.185 0.29 0.024 0.041 0.047 0.014 0.024 0.035 0.006 0.021 0.139
162 I 0.096 0.02 0.018 0.02 0.015 0.015 0.022 0.077 0.011 0.169 0.142 0.026 0.028 0.105 0.016 0.036 0.036 0.007 0.03 0.108
163 L 0.118 0.03 0.045 0.032 0.016 0.023 0.035 0.093 0.014 0.063 0.149 0.038 0.025 0.03 0.022 0.113 0.051 0.005 0.018 0.08
164 L 0.045 0.032 0.022 0.022 0.012 0.061 0.036 0.026 0.023 0.127 0.14 0.038 0.059 0.061 0.016 0.033 0.035 0.012 0.111 0.088
165 L 0.144 0.024 0.018 0.021 0.016 0.019 0.027 0.042 0.013 0.107 0.155 0.031 0.043 0.072 0.018 0.045 0.038 0.053 0.029 0.086
166 A 0.153 0.033 0.026 0.026 0.016 0.024 0.034 0.091 0.046 0.087 0.104 0.059 0.022 0.028 0.021 0.052 0.04 0.006 0.021 0.11
167 F 0.042 0.025 0.021 0.021 0.011 0.035 0.028 0.029 0.017 0.059 0.124 0.028 0.025 0.31 0.013 0.048 0.031 0.013 0.067 0.053
168 G 0.08 0.026 0.039 0.035 0.012 0.021 0.031 0.358 0.014 0.047 0.043 0.037 0.013 0.019 0.02 0.103 0.043 0.005 0.013 0.041
169 G 0.077 0.023 0.039 0.033 0.011 0.019 0.027 0.491 0.013 0.019 0.028 0.034 0.009 0.016 0.019 0.068 0.033 0.005 0.011 0.025
170 L 0.098 0.024 0.02 0.02 0.015 0.017 0.026 0.036 0.013 0.078 0.197 0.029 0.03 0.108 0.017 0.056 0.038 0.054 0.035 0.089
171 A 0.138 0.127 0.036 0.033 0.015 0.032 0.044 0.052 0.02 0.033 0.05 0.063 0.016 0.029 0.024 0.114 0.071 0.007 0.047 0.047
172 N 0.051 0.063 0.117 0.041 0.011 0.026 0.036 0.086 0.025 0.04 0.083 0.045 0.018 0.077 0.018 0.068 0.061 0.01 0.083 0.043
173 F 0.036 0.019 0.015 0.016 0.012 0.012 0.018 0.023 0.014 0.096 0.194 0.02 0.031 0.283 0.011 0.024 0.028 0.013 0.061 0.074
174 N 0.046 0.041 0.297 0.108 0.009 0.032 0.051 0.061 0.028 0.022 0.031 0.051 0.011 0.017 0.02 0.082 0.049 0.004 0.015 0.027
175 L 0.039 0.021 0.014 0.015 0.013 0.013 0.019 0.022 0.012 0.092 0.297 0.022 0.039 0.184 0.012 0.024 0.029 0.01 0.044 0.077
176 D 0.04 0.035 0.195 0.268 0.008 0.03 0.069 0.052 0.023 0.021 0.028 0.047 0.01 0.016 0.02 0.057 0.04 0.004 0.013 0.024
177 L 0.042 0.021 0.014 0.015 0.015 0.014 0.018 0.02 0.01 0.159 0.311 0.023 0.042 0.082 0.013 0.023 0.033 0.007 0.027 0.109
178 S 0.076 0.067 0.045 0.078 0.014 0.033 0.074 0.048 0.017 0.038 0.076 0.054 0.018 0.022 0.025 0.148 0.099 0.005 0.017 0.046
179 K 0.049 0.116 0.065 0.072 0.01 0.056 0.055 0.038 0.019 0.042 0.108 0.131 0.021 0.023 0.021 0.049 0.059 0.005 0.017 0.044
180 V 0.067 0.021 0.016 0.017 0.018 0.016 0.022 0.024 0.008 0.157 0.124 0.025 0.03 0.034 0.016 0.031 0.047 0.005 0.02 0.304
181 Y 0.039 0.027 0.021 0.018 0.009 0.021 0.027 0.024 0.044 0.042 0.065 0.03 0.018 0.125 0.015 0.03 0.027 0.027 0.35 0.044
182 D 0.049 0.04 0.047 0.191 0.008 0.076 0.143 0.083 0.02 0.03 0.067 0.056 0.015 0.018 0.021 0.049 0.034 0.005 0.015 0.033
183 F 0.039 0.02 0.017 0.017 0.012 0.013 0.02 0.023 0.019 0.11 0.112 0.022 0.026 0.26 0.012 0.026 0.029 0.015 0.115 0.095
184 R 0.042 0.376 0.037 0.03 0.007 0.046 0.05 0.031 0.022 0.022 0.044 0.114 0.015 0.017 0.018 0.042 0.033 0.006 0.017 0.03
185 D 0.086 0.1 0.048 0.149 0.011 0.055 0.089 0.048 0.02 0.026 0.039 0.065 0.014 0.017 0.024 0.108 0.048 0.005 0.015 0.034
186 D 0.122 0.037 0.07 0.162 0.011 0.04 0.159 0.05 0.02 0.027 0.038 0.054 0.012 0.017 0.024 0.061 0.039 0.005 0.015 0.037
187 A 0.275 0.031 0.055 0.034 0.019 0.025 0.039 0.07 0.015 0.04 0.055 0.043 0.016 0.02 0.027 0.08 0.069 0.005 0.017 0.062
188 A 0.208 0.033 0.059 0.04 0.017 0.029 0.066 0.063 0.017 0.041 0.081 0.046 0.018 0.023 0.026 0.104 0.05 0.005 0.017 0.056
189 D 0.127 0.036 0.072 0.159 0.012 0.037 0.133 0.053 0.02 0.027 0.039 0.052 0.013 0.017 0.025 0.079 0.043 0.005 0.015 0.038
190 N 0.091 0.044 0.158 0.091 0.012 0.033 0.053 0.06 0.022 0.026 0.037 0.074 0.013 0.018 0.024 0.134 0.056 0.005 0.015 0.035
191 L 0.045 0.023 0.015 0.016 0.015 0.017 0.021 0.022 0.011 0.125 0.291 0.025 0.07 0.082 0.014 0.026 0.034 0.008 0.027 0.114
192 P 0.055 0.026 0.026 0.03 0.01 0.021 0.035 0.08 0.046 0.024 0.034 0.039 0.01 0.014 0.427 0.042 0.033 0.003 0.016 0.028
193 G 0.144 0.029 0.035 0.038 0.014 0.026 0.062 0.232 0.015 0.027 0.039 0.043 0.013 0.017 0.069 0.095 0.044 0.005 0.014 0.039
194 I 0.07 0.019 0.015 0.018 0.015 0.014 0.02 0.026 0.01 0.206 0.16 0.024 0.032 0.108 0.015 0.03 0.037 0.008 0.031 0.143
195 F 0.035 0.02 0.016 0.016 0.011 0.012 0.019 0.023 0.017 0.068 0.159 0.02 0.028 0.323 0.011 0.025 0.026 0.015 0.097 0.059
196 G 0.162 0.027 0.061 0.035 0.014 0.022 0.032 0.324 0.015 0.027 0.038 0.038 0.012 0.017 0.022 0.062 0.037 0.005 0.013 0.039
197 Y 0.039 0.027 0.021 0.018 0.009 0.021 0.027 0.024 0.044 0.042 0.065 0.03 0.018 0.125 0.015 0.03 0.027 0.027 0.35 0.044
198 L 0.044 0.021 0.014 0.015 0.015 0.014 0.019 0.021 0.01 0.163 0.286 0.023 0.04 0.081 0.014 0.024 0.034 0.007 0.026 0.128
199 S 0.078 0.033 0.038 0.034 0.015 0.027 0.039 0.045 0.021 0.053 0.07 0.042 0.034 0.043 0.023 0.144 0.099 0.009 0.078 0.074
200 P 0.074 0.03 0.035 0.036 0.013 0.025 0.04 0.046 0.015 0.028 0.039 0.044 0.012 0.016 0.295 0.124 0.073 0.004 0.014 0.037
201 L 0.071 0.027 0.106 0.034 0.014 0.02 0.028 0.037 0.015 0.155 0.156 0.033 0.028 0.034 0.017 0.041 0.041 0.005 0.018 0.118
202 L 0.053 0.023 0.02 0.02 0.015 0.016 0.023 0.026 0.011 0.103 0.16 0.026 0.03 0.139 0.016 0.038 0.081 0.009 0.037 0.154
203 G 0.136 0.032 0.043 0.039 0.016 0.027 0.041 0.193 0.016 0.028 0.039 0.045 0.014 0.019 0.025 0.168 0.059 0.005 0.015 0.04
204 K 0.085 0.081 0.04 0.039 0.011 0.063 0.063 0.046 0.019 0.03 0.045 0.219 0.016 0.016 0.026 0.076 0.065 0.005 0.017 0.039
205 I 0.053 0.021 0.019 0.02 0.016 0.016 0.022 0.024 0.009 0.232 0.136 0.027 0.031 0.037 0.017 0.037 0.084 0.006 0.019 0.175
206 L 0.072 0.021 0.016 0.018 0.015 0.016 0.021 0.027 0.011 0.155 0.182 0.025 0.048 0.109 0.015 0.031 0.037 0.008 0.032 0.141
207 I 0.049 0.018 0.014 0.017 0.016 0.013 0.018 0.02 0.008 0.261 0.176 0.023 0.035 0.042 0.014 0.025 0.039 0.006 0.02 0.186
208 P 0.054 0.025 0.022 0.03 0.01 0.02 0.034 0.034 0.012 0.025 0.034 0.039 0.01 0.012 0.518 0.042 0.034 0.002 0.012 0.03
209 L 0.045 0.021 0.019 0.019 0.014 0.015 0.021 0.07 0.012 0.118 0.214 0.025 0.033 0.144 0.014 0.032 0.053 0.009 0.037 0.086
210 G 0.12 0.025 0.033 0.03 0.014 0.021 0.029 0.315 0.013 0.043 0.057 0.035 0.03 0.021 0.02 0.071 0.039 0.005 0.014 0.064
211 I 0.049 0.02 0.017 0.018 0.016 0.015 0.02 0.022 0.009 0.233 0.192 0.025 0.035 0.041 0.015 0.03 0.06 0.006 0.02 0.158
212 V 0.092 0.025 0.022 0.022 0.018 0.019 0.027 0.033 0.01 0.121 0.13 0.03 0.028 0.032 0.019 0.061 0.07 0.005 0.019 0.217
213 L 0.048 0.022 0.015 0.016 0.015 0.016 0.02 0.022 0.013 0.164 0.237 0.025 0.052 0.052 0.014 0.026 0.036 0.008 0.051 0.146
214 S 0.184 0.035 0.042 0.04 0.018 0.029 0.046 0.067 0.017 0.033 0.046 0.048 0.016 0.02 0.028 0.193 0.067 0.005 0.017 0.049
215 L 0.072 0.021 0.015 0.017 0.016 0.015 0.021 0.026 0.01 0.161 0.229 0.025 0.036 0.076 0.015 0.03 0.037 0.007 0.026 0.145
216 L 0.053 0.031 0.024 0.028 0.013 0.044 0.059 0.028 0.02 0.113 0.154 0.038 0.043 0.052 0.017 0.053 0.039 0.01 0.08 0.1
217 Y 0.043 0.035 0.113 0.038 0.01 0.044 0.039 0.037 0.03 0.04 0.083 0.041 0.018 0.063 0.017 0.046 0.057 0.059 0.143 0.043
218 R 0.047 0.276 0.038 0.033 0.008 0.048 0.056 0.035 0.021 0.024 0.043 0.186 0.015 0.016 0.021 0.046 0.035 0.005 0.017 0.03
219 R 0.048 0.246 0.039 0.035 0.008 0.085 0.063 0.035 0.023 0.024 0.044 0.163 0.016 0.016 0.021 0.047 0.036 0.005 0.017 0.031
220 W 0.062 0.025 0.02 0.019 0.009 0.018 0.027 0.032 0.041 0.036 0.059 0.028 0.016 0.103 0.059 0.032 0.027 0.199 0.148 0.039
221 L 0.08 0.034 0.025 0.026 0.014 0.042 0.035 0.079 0.013 0.144 0.151 0.06 0.028 0.032 0.019 0.058 0.041 0.006 0.018 0.095
222 L 0.072 0.025 0.021 0.021 0.015 0.018 0.025 0.031 0.015 0.112 0.162 0.029 0.044 0.114 0.017 0.042 0.079 0.01 0.061 0.087
223 V 0.158 0.025 0.021 0.023 0.019 0.02 0.029 0.043 0.011 0.101 0.119 0.033 0.026 0.03 0.021 0.054 0.067 0.005 0.018 0.176
224 F 0.144 0.024 0.019 0.021 0.016 0.018 0.027 0.042 0.014 0.088 0.103 0.029 0.039 0.17 0.018 0.046 0.037 0.009 0.042 0.094
225 L 0.099 0.024 0.019 0.02 0.016 0.018 0.025 0.033 0.011 0.111 0.205 0.029 0.032 0.04 0.017 0.041 0.06 0.052 0.024 0.125
226 G 0.08 0.022 0.022 0.022 0.059 0.017 0.023 0.168 0.012 0.066 0.14 0.027 0.039 0.1 0.016 0.039 0.033 0.008 0.028 0.079
227 L 0.052 0.021 0.015 0.017 0.016 0.015 0.02 0.022 0.01 0.175 0.189 0.024 0.05 0.075 0.014 0.027 0.039 0.007 0.026 0.186
228 L 0.135 0.025 0.023 0.024 0.017 0.019 0.028 0.086 0.011 0.106 0.144 0.032 0.027 0.031 0.02 0.065 0.045 0.005 0.018 0.138
229 A 0.11 0.025 0.024 0.024 0.105 0.019 0.028 0.041 0.013 0.082 0.091 0.031 0.037 0.098 0.019 0.081 0.045 0.007 0.029 0.089
230 S 0.157 0.037 0.042 0.04 0.016 0.048 0.049 0.107 0.018 0.031 0.044 0.05 0.015 0.019 0.027 0.172 0.062 0.005 0.016 0.045
231 V 0.057 0.021 0.017 0.018 0.017 0.016 0.021 0.023 0.009 0.197 0.157 0.026 0.032 0.038 0.016 0.033 0.064 0.006 0.02 0.214
232 L 0.047 0.021 0.015 0.016 0.015 0.015 0.02 0.022 0.01 0.166 0.24 0.024 0.053 0.079 0.014 0.026 0.036 0.007 0.026 0.147
233 L 0.045 0.022 0.015 0.016 0.015 0.015 0.02 0.021 0.01 0.144 0.288 0.024 0.055 0.081 0.014 0.025 0.034 0.007 0.027 0.121
234 F 0.032 0.018 0.016 0.016 0.01 0.01 0.018 0.024 0.016 0.06 0.109 0.018 0.024 0.416 0.01 0.024 0.024 0.016 0.085 0.052
235 G 0.12 0.023 0.035 0.031 0.012 0.019 0.027 0.45 0.013 0.022 0.032 0.034 0.01 0.016 0.02 0.055 0.032 0.005 0.011 0.031
236 L 0.04 0.023 0.015 0.016 0.013 0.016 0.02 0.023 0.013 0.089 0.258 0.024 0.067 0.183 0.013 0.026 0.03 0.01 0.045 0.077
237 T 0.097 0.033 0.039 0.035 0.017 0.026 0.038 0.046 0.014 0.069 0.066 0.043 0.019 0.024 0.026 0.112 0.202 0.005 0.017 0.072
238 A 0.138 0.036 0.07 0.04 0.014 0.03 0.044 0.102 0.118 0.028 0.041 0.045 0.014 0.022 0.024 0.114 0.048 0.006 0.026 0.039
239 H 0.039 0.041 0.075 0.038 0.008 0.034 0.048 0.038 0.32 0.025 0.042 0.042 0.015 0.063 0.018 0.041 0.027 0.008 0.054 0.025
240 K 0.053 0.127 0.039 0.039 0.008 0.051 0.066 0.04 0.02 0.026 0.041 0.294 0.015 0.015 0.026 0.05 0.037 0.005 0.016 0.031
241 G 0.128 0.031 0.068 0.041 0.014 0.025 0.038 0.236 0.017 0.026 0.037 0.043 0.013 0.018 0.024 0.132 0.052 0.005 0.014 0.037
242 P 0.054 0.021 0.017 0.021 0.014 0.016 0.025 0.026 0.01 0.163 0.105 0.029 0.025 0.029 0.198 0.032 0.039 0.004 0.017 0.155
243 L 0.044 0.022 0.014 0.015 0.015 0.015 0.019 0.021 0.01 0.11 0.353 0.024 0.044 0.084 0.013 0.024 0.033 0.007 0.027 0.107
244 F 0.039 0.019 0.015 0.016 0.012 0.012 0.018 0.023 0.013 0.118 0.146 0.02 0.029 0.28 0.012 0.025 0.029 0.012 0.061 0.1
245 Y 0.07 0.028 0.025 0.022 0.011 0.022 0.03 0.032 0.036 0.043 0.064 0.033 0.018 0.097 0.018 0.045 0.075 0.021 0.259 0.051
246 P 0.059 0.026 0.026 0.03 0.012 0.021 0.035 0.036 0.013 0.053 0.049 0.039 0.013 0.017 0.383 0.064 0.061 0.003 0.014 0.047
247 F 0.039 0.019 0.015 0.016 0.013 0.012 0.018 0.022 0.012 0.159 0.181 0.021 0.032 0.214 0.012 0.024 0.031 0.011 0.049 0.102
248 L 0.044 0.023 0.015 0.016 0.015 0.017 0.02 0.021 0.01 0.161 0.299 0.026 0.072 0.048 0.014 0.025 0.035 0.007 0.021 0.112
249 V 0.07 0.026 0.028 0.027 0.016 0.02 0.03 0.035 0.012 0.13 0.101 0.033 0.025 0.065 0.019 0.096 0.073 0.006 0.024 0.163
250 L 0.07 0.021 0.015 0.017 0.016 0.015 0.02 0.026 0.01 0.175 0.232 0.025 0.036 0.077 0.015 0.029 0.036 0.007 0.026 0.133
251 G 0.138 0.028 0.03 0.029 0.016 0.022 0.033 0.138 0.014 0.05 0.117 0.037 0.021 0.061 0.022 0.092 0.066 0.006 0.023 0.057
252 I 0.048 0.02 0.015 0.017 0.015 0.015 0.019 0.022 0.01 0.202 0.196 0.024 0.05 0.077 0.014 0.026 0.037 0.007 0.026 0.161
253 Y 0.039 0.023 0.019 0.017 0.055 0.017 0.023 0.025 0.033 0.047 0.077 0.026 0.019 0.195 0.014 0.029 0.027 0.022 0.247 0.048
254 L 0.071 0.022 0.018 0.019 0.014 0.016 0.023 0.029 0.014 0.138 0.16 0.027 0.029 0.082 0.016 0.036 0.057 0.055 0.059 0.114
255 F 0.068 0.019 0.016 0.018 0.014 0.013 0.02 0.027 0.012 0.143 0.121 0.023 0.028 0.209 0.014 0.031 0.034 0.01 0.049 0.131
256 L 0.075 0.025 0.02 0.021 0.015 0.018 0.026 0.031 0.012 0.1 0.238 0.03 0.049 0.074 0.062 0.053 0.038 0.007 0.025 0.082
257 K 0.081 0.085 0.039 0.072 0.011 0.093 0.063 0.088 0.02 0.034 0.074 0.108 0.018 0.019 0.023 0.069 0.041 0.005 0.017 0.04
258 R 0.066 0.13 0.036 0.032 0.058 0.032 0.042 0.04 0.017 0.044 0.059 0.083 0.017 0.056 0.021 0.103 0.069 0.006 0.023 0.065
259 S 0.095 0.045 0.04 0.037 0.013 0.052 0.05 0.048 0.057 0.032 0.046 0.075 0.016 0.03 0.074 0.115 0.073 0.007 0.054 0.041
260 R 0.06 0.102 0.092 0.041 0.011 0.033 0.043 0.089 0.02 0.037 0.064 0.081 0.047 0.022 0.066 0.086 0.045 0.005 0.016 0.041
261 R 0.058 0.107 0.035 0.032 0.011 0.051 0.047 0.083 0.018 0.054 0.058 0.103 0.017 0.059 0.02 0.079 0.041 0.053 0.027 0.046
262 F 0.12 0.024 0.021 0.023 0.014 0.018 0.028 0.04 0.016 0.076 0.111 0.031 0.023 0.142 0.064 0.047 0.057 0.01 0.066 0.069
263 V 0.07 0.022 0.016 0.018 0.019 0.016 0.023 0.025 0.008 0.165 0.13 0.026 0.032 0.036 0.016 0.033 0.049 0.006 0.021 0.269
264 K 0.088 0.078 0.066 0.043 0.012 0.035 0.071 0.091 0.018 0.036 0.075 0.101 0.017 0.021 0.023 0.093 0.067 0.005 0.016 0.043
265 L 0.092 0.058 0.02 0.02 0.013 0.022 0.028 0.033 0.022 0.065 0.17 0.038 0.043 0.095 0.017 0.038 0.033 0.013 0.116 0.064
266 L 0.076 0.022 0.016 0.017 0.016 0.016 0.022 0.027 0.01 0.134 0.222 0.025 0.035 0.075 0.015 0.032 0.039 0.007 0.026 0.17
267 L 0.105 0.033 0.025 0.025 0.016 0.023 0.032 0.038 0.015 0.093 0.166 0.058 0.028 0.041 0.02 0.065 0.064 0.008 0.049 0.096
268 L 0.071 0.021 0.016 0.017 0.016 0.016 0.021 0.026 0.011 0.173 0.212 0.026 0.05 0.076 0.015 0.031 0.037 0.007 0.026 0.133
269 G 0.081 0.023 0.024 0.023 0.013 0.017 0.024 0.213 0.015 0.064 0.153 0.029 0.024 0.074 0.017 0.039 0.032 0.009 0.052 0.076
270 L 0.073 0.023 0.019 0.021 0.014 0.017 0.025 0.031 0.012 0.096 0.173 0.029 0.028 0.103 0.107 0.039 0.057 0.007 0.03 0.095
271 L 0.052 0.025 0.019 0.019 0.015 0.019 0.024 0.026 0.012 0.134 0.216 0.029 0.08 0.077 0.015 0.048 0.04 0.007 0.027 0.116
272 A 0.132 0.024 0.023 0.024 0.017 0.019 0.028 0.086 0.012 0.115 0.12 0.032 0.025 0.065 0.019 0.064 0.043 0.006 0.024 0.123
273 L 0.071 0.021 0.015 0.017 0.016 0.015 0.02 0.025 0.009 0.197 0.236 0.025 0.037 0.043 0.015 0.029 0.037 0.006 0.02 0.143
274 L 0.054 0.022 0.016 0.017 0.016 0.015 0.022 0.023 0.01 0.119 0.217 0.025 0.034 0.073 0.06 0.029 0.038 0.007 0.025 0.179
275 L 0.149 0.025 0.02 0.022 0.017 0.019 0.028 0.043 0.012 0.097 0.172 0.032 0.029 0.068 0.02 0.051 0.062 0.007 0.025 0.103
276 L 0.043 0.02 0.015 0.016 0.014 0.014 0.019 0.021 0.013 0.17 0.206 0.023 0.034 0.12 0.013 0.025 0.034 0.01 0.062 0.127
277 A 0.155 0.031 0.038 0.036 0.061 0.025 0.039 0.149 0.015 0.031 0.044 0.043 0.014 0.019 0.025 0.151 0.057 0.005 0.015 0.045
278 G 0.082 0.024 0.024 0.023 0.058 0.019 0.026 0.126 0.016 0.076 0.083 0.03 0.035 0.074 0.017 0.058 0.038 0.055 0.057 0.081
279 L 0.043 0.021 0.015 0.016 0.014 0.014 0.019 0.022 0.011 0.153 0.212 0.023 0.05 0.146 0.013 0.025 0.033 0.009 0.038 0.121
280 D 0.066 0.032 0.085 0.327 0.008 0.031 0.101 0.048 0.019 0.023 0.03 0.046 0.01 0.015 0.022 0.054 0.036 0.004 0.012 0.028
281 L 0.121 0.023 0.018 0.019 0.016 0.016 0.025 0.037 0.012 0.104 0.156 0.027 0.028 0.139 0.017 0.041 0.037 0.008 0.037 0.119
282 L 0.098 0.023 0.019 0.02 0.015 0.017 0.025 0.034 0.012 0.12 0.129 0.028 0.027 0.105 0.017 0.041 0.059 0.054 0.035 0.124
283 L 0.041 0.024 0.015 0.016 0.013 0.017 0.021 0.022 0.017 0.089 0.291 0.026 0.053 0.065 0.013 0.025 0.031 0.057 0.085 0.077
284 Y 0.074 0.036 0.027 0.025 0.012 0.026 0.034 0.034 0.059 0.054 0.13 0.059 0.039 0.067 0.018 0.057 0.036 0.014 0.143 0.055
285 D 0.044 0.066 0.064 0.105 0.01 0.065 0.052 0.035 0.019 0.066 0.097 0.05 0.021 0.094 0.018 0.045 0.057 0.007 0.029 0.055
286 A 0.29 0.031 0.026 0.03 0.022 0.026 0.04 0.078 0.015 0.043 0.059 0.045 0.018 0.022 0.03 0.085 0.05 0.005 0.018 0.069
287 A 0.29 0.031 0.026 0.03 0.022 0.026 0.04 0.078 0.015 0.043 0.059 0.045 0.018 0.022 0.03 0.085 0.05 0.005 0.018 0.069
288 L 0.05 0.037 0.087 0.046 0.011 0.051 0.092 0.037 0.023 0.068 0.104 0.047 0.037 0.071 0.019 0.062 0.04 0.008 0.054 0.057
289 L 0.084 0.023 0.022 0.022 0.015 0.018 0.026 0.082 0.015 0.122 0.127 0.029 0.026 0.08 0.017 0.057 0.041 0.009 0.058 0.126
290 D 0.064 0.077 0.046 0.131 0.011 0.055 0.059 0.105 0.018 0.035 0.081 0.057 0.018 0.021 0.022 0.095 0.045 0.005 0.016 0.039
291 G 0.089 0.034 0.041 0.106 0.012 0.064 0.053 0.224 0.017 0.036 0.043 0.046 0.014 0.018 0.021 0.07 0.039 0.005 0.014 0.056
292 G 0.09 0.041 0.037 0.039 0.012 0.051 0.07 0.134 0.023 0.031 0.046 0.071 0.015 0.037 0.023 0.091 0.064 0.009 0.076 0.04
293 S 0.071 0.067 0.078 0.12 0.012 0.03 0.053 0.1 0.019 0.024 0.035 0.053 0.012 0.017 0.073 0.131 0.053 0.004 0.014 0.032
294 I 0.047 0.018 0.015 0.018 0.016 0.013 0.018 0.021 0.009 0.269 0.168 0.024 0.037 0.044 0.015 0.025 0.04 0.006 0.021 0.177
295 L 0.055 0.035 0.058 0.043 0.012 0.049 0.091 0.035 0.017 0.093 0.128 0.046 0.024 0.028 0.065 0.064 0.063 0.005 0.018 0.071
296 W 0.075 0.025 0.023 0.023 0.012 0.018 0.028 0.037 0.014 0.05 0.123 0.03 0.022 0.107 0.061 0.072 0.038 0.147 0.043 0.05
297 G 0.075 0.026 0.036 0.032 0.012 0.021 0.029 0.355 0.014 0.035 0.078 0.035 0.031 0.022 0.019 0.083 0.039 0.005 0.014 0.038
298 W 0.037 0.024 0.017 0.022 0.01 0.019 0.049 0.026 0.014 0.077 0.141 0.028 0.04 0.083 0.012 0.026 0.028 0.239 0.046 0.061
299 F 0.034 0.019 0.016 0.016 0.01 0.012 0.019 0.024 0.018 0.063 0.132 0.02 0.026 0.357 0.011 0.025 0.025 0.016 0.103 0.055
300 G 0.119 0.025 0.029 0.028 0.016 0.02 0.03 0.177 0.012 0.077 0.072 0.034 0.019 0.024 0.021 0.071 0.066 0.005 0.016 0.138
301 S 0.087 0.037 0.081 0.119 0.014 0.031 0.056 0.06 0.019 0.026 0.037 0.05 0.013 0.019 0.026 0.202 0.067 0.005 0.015 0.036
302 L 0.041 0.023 0.046 0.022 0.013 0.017 0.022 0.025 0.018 0.138 0.215 0.027 0.033 0.092 0.014 0.029 0.033 0.011 0.086 0.094
303 F 0.091 0.02 0.017 0.018 0.014 0.014 0.021 0.031 0.012 0.151 0.145 0.025 0.029 0.175 0.015 0.034 0.034 0.009 0.043 0.1
304 V 0.115 0.026 0.024 0.025 0.018 0.021 0.03 0.04 0.012 0.134 0.109 0.033 0.041 0.032 0.02 0.08 0.05 0.005 0.019 0.168
305 R 0.043 0.348 0.037 0.031 0.008 0.065 0.054 0.032 0.023 0.022 0.044 0.112 0.015 0.016 0.019 0.043 0.034 0.006 0.017 0.03
306 R 0.042 0.376 0.037 0.03 0.007 0.046 0.05 0.031 0.022 0.022 0.044 0.114 0.015 0.017 0.018 0.042 0.033 0.006 0.017 0.03
307 G 0.138 0.028 0.031 0.029 0.016 0.023 0.032 0.182 0.013 0.053 0.068 0.037 0.033 0.023 0.023 0.065 0.105 0.006 0.016 0.078
308 L 0.044 0.02 0.014 0.016 0.015 0.014 0.018 0.02 0.009 0.199 0.294 0.023 0.042 0.048 0.014 0.023 0.035 0.006 0.021 0.126
309 L 0.043 0.025 0.016 0.016 0.014 0.019 0.022 0.023 0.013 0.096 0.272 0.027 0.099 0.116 0.014 0.027 0.033 0.009 0.033 0.083
310 V 0.058 0.022 0.017 0.018 0.017 0.016 0.022 0.024 0.009 0.148 0.198 0.026 0.034 0.039 0.016 0.034 0.063 0.006 0.02 0.212
311 P 0.054 0.025 0.022 0.03 0.01 0.02 0.034 0.034 0.012 0.025 0.034 0.039 0.01 0.012 0.518 0.042 0.034 0.002 0.012 0.03
312 P 0.116 0.028 0.028 0.031 0.015 0.023 0.036 0.046 0.013 0.055 0.058 0.04 0.016 0.02 0.204 0.09 0.07 0.004 0.016 0.091
313 L 0.044 0.027 0.019 0.018 0.014 0.021 0.025 0.024 0.049 0.092 0.281 0.029 0.083 0.055 0.015 0.028 0.033 0.009 0.055 0.08
314 L 0.042 0.023 0.014 0.014 0.015 0.015 0.019 0.02 0.01 0.11 0.405 0.024 0.047 0.052 0.014 0.023 0.032 0.007 0.021 0.092
315 D 0.04 0.034 0.169 0.3 0.008 0.03 0.073 0.051 0.022 0.021 0.028 0.046 0.01 0.015 0.021 0.056 0.039 0.004 0.012 0.024
316 W 0.077 0.03 0.031 0.067 0.011 0.026 0.063 0.04 0.022 0.04 0.066 0.038 0.032 0.083 0.018 0.078 0.039 0.103 0.092 0.044
317 A 0.117 0.063 0.058 0.066 0.013 0.044 0.044 0.045 0.021 0.044 0.091 0.047 0.02 0.103 0.02 0.051 0.037 0.009 0.059 0.05
318 H 0.045 0.035 0.037 0.029 0.009 0.028 0.039 0.033 0.195 0.033 0.054 0.037 0.017 0.098 0.017 0.055 0.031 0.015 0.161 0.034
319 L 0.048 0.019 0.015 0.016 0.015 0.014 0.019 0.022 0.01 0.185 0.185 0.023 0.034 0.11 0.014 0.026 0.037 0.008 0.032 0.17
320 E 0.076 0.043 0.04 0.127 0.01 0.043 0.18 0.039 0.019 0.052 0.05 0.079 0.015 0.019 0.024 0.055 0.059 0.005 0.015 0.048
