#Seq2Logo.py -f /work3/idamei/ssn-clusterings/clustering/2205111339/clusters/0012_179/sequences.afa -o /work3/idamei/ssn-clusterings/clustering/2205111339/clusters/0012_179/sequences.logo
#Position Specific Frequency Matrix
A R N D C Q E G H I L K M F P S T W Y V
0 M 0.049 0.03 0.019 0.019 0.015 0.027 0.027 0.027 0.015 0.095 0.187 0.034 0.204 0.046 0.015 0.034 0.038 0.008 0.023 0.088
1 K 0.056 0.068 0.036 0.035 0.01 0.056 0.054 0.079 0.02 0.038 0.076 0.179 0.018 0.028 0.023 0.053 0.077 0.007 0.045 0.043
2 L 0.044 0.071 0.023 0.023 0.011 0.027 0.034 0.028 0.017 0.116 0.127 0.104 0.04 0.104 0.017 0.033 0.034 0.009 0.057 0.079
3 I 0.062 0.077 0.035 0.038 0.013 0.033 0.071 0.038 0.02 0.091 0.073 0.08 0.02 0.036 0.022 0.09 0.072 0.008 0.054 0.069
4 G 0.067 0.065 0.04 0.037 0.01 0.036 0.048 0.278 0.017 0.023 0.036 0.158 0.012 0.016 0.023 0.052 0.035 0.005 0.014 0.028
5 L 0.045 0.024 0.014 0.015 0.016 0.016 0.02 0.021 0.01 0.115 0.375 0.025 0.05 0.055 0.014 0.024 0.033 0.007 0.022 0.096
6 K 0.057 0.107 0.042 0.042 0.009 0.054 0.071 0.043 0.021 0.028 0.043 0.278 0.016 0.016 0.028 0.054 0.04 0.005 0.017 0.033
7 R 0.045 0.345 0.039 0.031 0.008 0.048 0.052 0.033 0.023 0.023 0.047 0.12 0.016 0.017 0.019 0.045 0.035 0.006 0.017 0.031
8 I 0.048 0.074 0.024 0.024 0.013 0.023 0.03 0.027 0.013 0.168 0.114 0.072 0.027 0.079 0.017 0.038 0.065 0.007 0.027 0.108
9 N 0.099 0.033 0.116 0.094 0.014 0.027 0.046 0.116 0.019 0.043 0.047 0.044 0.015 0.02 0.023 0.105 0.052 0.005 0.015 0.068
10 K 0.057 0.107 0.042 0.042 0.009 0.054 0.071 0.043 0.021 0.028 0.043 0.278 0.016 0.016 0.028 0.054 0.04 0.005 0.017 0.033
11 V 0.07 0.022 0.016 0.018 0.019 0.016 0.023 0.025 0.008 0.165 0.13 0.026 0.032 0.036 0.016 0.033 0.049 0.006 0.021 0.269
12 V 0.07 0.022 0.016 0.018 0.019 0.016 0.023 0.025 0.008 0.165 0.13 0.026 0.032 0.036 0.016 0.033 0.049 0.006 0.021 0.269
13 D 0.041 0.03 0.069 0.397 0.008 0.03 0.091 0.047 0.019 0.022 0.028 0.045 0.009 0.015 0.022 0.052 0.035 0.004 0.011 0.024
14 F 0.034 0.019 0.017 0.017 0.011 0.011 0.019 0.025 0.017 0.063 0.114 0.019 0.025 0.387 0.011 0.025 0.025 0.017 0.089 0.055
15 I 0.047 0.018 0.015 0.018 0.016 0.013 0.018 0.021 0.009 0.271 0.168 0.024 0.037 0.044 0.015 0.025 0.04 0.006 0.021 0.177
16 L 0.056 0.081 0.03 0.029 0.011 0.029 0.039 0.09 0.016 0.048 0.127 0.102 0.022 0.068 0.074 0.062 0.038 0.006 0.024 0.047
17 R 0.048 0.133 0.071 0.036 0.01 0.035 0.045 0.037 0.019 0.043 0.097 0.122 0.02 0.071 0.02 0.049 0.065 0.007 0.026 0.046
18 N 0.043 0.045 0.317 0.083 0.009 0.034 0.049 0.065 0.032 0.022 0.032 0.054 0.011 0.018 0.02 0.07 0.049 0.004 0.016 0.027
19 K 0.057 0.082 0.09 0.052 0.01 0.076 0.103 0.084 0.022 0.034 0.045 0.106 0.015 0.017 0.022 0.069 0.042 0.005 0.016 0.053
20 I 0.045 0.097 0.057 0.064 0.011 0.029 0.042 0.033 0.019 0.102 0.078 0.093 0.02 0.065 0.019 0.043 0.056 0.008 0.05 0.07
21 F 0.04 0.018 0.016 0.017 0.013 0.012 0.018 0.023 0.013 0.169 0.14 0.021 0.031 0.217 0.013 0.025 0.032 0.011 0.054 0.115
22 H 0.049 0.076 0.047 0.04 0.008 0.046 0.062 0.04 0.189 0.025 0.04 0.164 0.015 0.023 0.023 0.048 0.033 0.006 0.037 0.028
23 L 0.046 0.021 0.014 0.016 0.016 0.015 0.019 0.021 0.009 0.195 0.273 0.024 0.043 0.049 0.014 0.025 0.036 0.006 0.021 0.136
24 N 0.042 0.045 0.32 0.083 0.009 0.034 0.049 0.065 0.031 0.022 0.031 0.054 0.011 0.018 0.02 0.069 0.049 0.004 0.016 0.027
25 L 0.047 0.027 0.019 0.019 0.054 0.017 0.024 0.068 0.015 0.106 0.143 0.048 0.026 0.107 0.014 0.03 0.032 0.052 0.06 0.092
26 Y 0.052 0.034 0.082 0.035 0.011 0.043 0.038 0.037 0.03 0.062 0.09 0.04 0.02 0.067 0.018 0.075 0.041 0.014 0.157 0.054
27 N 0.059 0.048 0.118 0.079 0.012 0.05 0.053 0.047 0.02 0.061 0.056 0.092 0.017 0.021 0.022 0.089 0.068 0.005 0.016 0.068
28 F 0.052 0.023 0.024 0.023 0.013 0.017 0.025 0.03 0.016 0.119 0.127 0.028 0.026 0.17 0.016 0.069 0.059 0.011 0.068 0.083
29 F 0.049 0.018 0.017 0.017 0.178 0.012 0.018 0.069 0.012 0.063 0.112 0.021 0.022 0.189 0.013 0.031 0.03 0.009 0.043 0.075
30 A 0.129 0.04 0.062 0.051 0.014 0.054 0.118 0.051 0.019 0.037 0.075 0.054 0.018 0.021 0.025 0.096 0.067 0.005 0.017 0.048
31 Y 0.039 0.024 0.019 0.017 0.051 0.018 0.024 0.024 0.037 0.045 0.072 0.027 0.019 0.164 0.014 0.029 0.027 0.023 0.28 0.046
32 I 0.068 0.021 0.015 0.017 0.016 0.015 0.02 0.025 0.01 0.219 0.215 0.025 0.051 0.043 0.015 0.029 0.037 0.006 0.02 0.133
33 I 0.045 0.019 0.014 0.016 0.015 0.013 0.018 0.02 0.009 0.226 0.214 0.023 0.037 0.075 0.014 0.024 0.036 0.007 0.025 0.15
34 A 0.245 0.03 0.029 0.031 0.019 0.025 0.038 0.065 0.014 0.062 0.063 0.042 0.018 0.022 0.027 0.106 0.071 0.005 0.017 0.07
35 L 0.094 0.022 0.016 0.018 0.057 0.015 0.022 0.031 0.011 0.109 0.202 0.026 0.032 0.101 0.016 0.036 0.036 0.007 0.03 0.12
36 I 0.061 0.022 0.021 0.021 0.099 0.017 0.023 0.029 0.01 0.159 0.159 0.027 0.03 0.035 0.017 0.067 0.044 0.005 0.018 0.138
37 L 0.045 0.021 0.014 0.015 0.015 0.014 0.019 0.021 0.01 0.126 0.29 0.023 0.039 0.109 0.013 0.025 0.033 0.008 0.031 0.127
38 I 0.047 0.019 0.015 0.017 0.016 0.015 0.019 0.021 0.009 0.261 0.161 0.025 0.063 0.042 0.014 0.026 0.039 0.006 0.02 0.166
39 L 0.044 0.021 0.015 0.016 0.015 0.015 0.019 0.021 0.013 0.153 0.269 0.024 0.038 0.084 0.014 0.025 0.033 0.009 0.054 0.121
40 N 0.041 0.042 0.302 0.108 0.008 0.034 0.074 0.058 0.028 0.021 0.03 0.052 0.011 0.017 0.02 0.064 0.045 0.004 0.015 0.026
41 C 0.061 0.019 0.022 0.02 0.345 0.014 0.02 0.074 0.01 0.043 0.063 0.024 0.016 0.053 0.017 0.046 0.075 0.005 0.018 0.053
42 R 0.047 0.27 0.064 0.036 0.008 0.077 0.055 0.077 0.023 0.022 0.042 0.097 0.015 0.016 0.019 0.047 0.035 0.005 0.016 0.029
43 S 0.12 0.037 0.048 0.044 0.017 0.03 0.048 0.062 0.017 0.031 0.043 0.05 0.015 0.02 0.028 0.231 0.093 0.005 0.017 0.044
44 I 0.049 0.02 0.015 0.017 0.016 0.015 0.019 0.021 0.009 0.248 0.158 0.025 0.062 0.041 0.014 0.027 0.039 0.006 0.02 0.177
45 W 0.03 0.022 0.014 0.014 0.008 0.014 0.021 0.028 0.014 0.035 0.08 0.022 0.017 0.057 0.008 0.022 0.022 0.476 0.061 0.034
46 L 0.084 0.027 0.026 0.025 0.016 0.021 0.029 0.077 0.012 0.08 0.215 0.033 0.045 0.036 0.019 0.077 0.063 0.006 0.019 0.09
47 S 0.094 0.042 0.047 0.072 0.014 0.032 0.05 0.051 0.078 0.033 0.045 0.068 0.015 0.021 0.025 0.131 0.111 0.005 0.022 0.044
48 I 0.079 0.024 0.05 0.028 0.015 0.019 0.027 0.076 0.012 0.164 0.128 0.032 0.027 0.033 0.018 0.06 0.063 0.005 0.018 0.121
49 P 0.054 0.027 0.029 0.066 0.01 0.024 0.061 0.076 0.017 0.035 0.073 0.039 0.015 0.06 0.227 0.058 0.036 0.007 0.048 0.037
50 G 0.07 0.032 0.116 0.045 0.013 0.025 0.037 0.172 0.018 0.043 0.074 0.041 0.017 0.022 0.021 0.106 0.069 0.005 0.015 0.061
51 L 0.061 0.028 0.026 0.03 0.015 0.024 0.058 0.032 0.013 0.087 0.143 0.036 0.027 0.035 0.019 0.065 0.09 0.057 0.023 0.132
52 G 0.097 0.042 0.071 0.042 0.013 0.05 0.046 0.198 0.018 0.028 0.04 0.073 0.014 0.018 0.023 0.1 0.069 0.005 0.015 0.037
53 N 0.066 0.038 0.129 0.095 0.011 0.035 0.1 0.097 0.022 0.026 0.036 0.052 0.013 0.018 0.023 0.115 0.072 0.005 0.015 0.034
54 K 0.054 0.09 0.03 0.029 0.012 0.034 0.044 0.033 0.015 0.083 0.073 0.149 0.02 0.027 0.02 0.044 0.062 0.056 0.022 0.102
55 L 0.042 0.021 0.015 0.017 0.013 0.014 0.02 0.023 0.012 0.106 0.233 0.023 0.034 0.169 0.055 0.026 0.031 0.009 0.041 0.097
56 N 0.06 0.035 0.168 0.052 0.011 0.027 0.04 0.093 0.023 0.049 0.046 0.044 0.014 0.028 0.062 0.105 0.05 0.006 0.043 0.043
57 N 0.075 0.062 0.089 0.072 0.013 0.026 0.04 0.043 0.017 0.086 0.077 0.045 0.035 0.029 0.019 0.069 0.064 0.052 0.021 0.066
58 I 0.049 0.027 0.02 0.02 0.013 0.018 0.024 0.07 0.015 0.141 0.135 0.05 0.027 0.112 0.015 0.03 0.035 0.009 0.061 0.128
59 L 0.055 0.024 0.02 0.02 0.016 0.017 0.024 0.027 0.01 0.141 0.245 0.028 0.036 0.041 0.017 0.052 0.063 0.006 0.02 0.137
60 F 0.039 0.031 0.05 0.025 0.01 0.02 0.028 0.028 0.027 0.074 0.111 0.053 0.023 0.17 0.015 0.032 0.03 0.016 0.157 0.059
61 L 0.048 0.024 0.02 0.019 0.014 0.017 0.022 0.068 0.013 0.081 0.252 0.026 0.049 0.137 0.014 0.046 0.034 0.009 0.036 0.071
62 L 0.048 0.022 0.015 0.016 0.016 0.016 0.02 0.022 0.01 0.181 0.241 0.025 0.066 0.045 0.014 0.026 0.037 0.006 0.021 0.152
63 L 0.043 0.023 0.014 0.015 0.015 0.016 0.02 0.021 0.01 0.125 0.369 0.025 0.059 0.051 0.014 0.024 0.033 0.007 0.021 0.097
64 V 0.058 0.023 0.023 0.023 0.055 0.017 0.025 0.073 0.012 0.088 0.08 0.029 0.02 0.064 0.058 0.055 0.059 0.091 0.03 0.118
65 L 0.072 0.02 0.016 0.017 0.098 0.014 0.02 0.027 0.01 0.142 0.161 0.023 0.03 0.099 0.015 0.032 0.036 0.007 0.029 0.131
66 G 0.143 0.028 0.034 0.032 0.057 0.023 0.034 0.176 0.014 0.042 0.051 0.039 0.015 0.02 0.023 0.111 0.069 0.005 0.015 0.068
67 V 0.133 0.026 0.025 0.026 0.018 0.021 0.031 0.043 0.012 0.135 0.097 0.034 0.024 0.029 0.021 0.085 0.07 0.005 0.018 0.147
68 L 0.05 0.02 0.015 0.016 0.057 0.014 0.019 0.022 0.009 0.161 0.221 0.023 0.035 0.073 0.014 0.027 0.037 0.007 0.025 0.158
69 G 0.054 0.02 0.022 0.021 0.054 0.015 0.02 0.193 0.011 0.102 0.186 0.025 0.028 0.066 0.015 0.033 0.031 0.007 0.022 0.075
70 C 0.054 0.062 0.09 0.035 0.11 0.023 0.032 0.089 0.02 0.057 0.057 0.042 0.016 0.035 0.017 0.063 0.039 0.058 0.053 0.05
71 V 0.058 0.02 0.016 0.018 0.018 0.015 0.02 0.023 0.008 0.219 0.148 0.025 0.034 0.04 0.016 0.029 0.044 0.006 0.02 0.224
72 I 0.047 0.018 0.015 0.018 0.016 0.013 0.018 0.021 0.009 0.271 0.168 0.024 0.037 0.044 0.015 0.025 0.04 0.006 0.021 0.177
73 L 0.043 0.022 0.015 0.015 0.015 0.015 0.02 0.022 0.011 0.121 0.295 0.024 0.054 0.11 0.013 0.025 0.033 0.008 0.032 0.109
74 L 0.041 0.021 0.015 0.016 0.014 0.014 0.019 0.021 0.013 0.145 0.267 0.023 0.038 0.117 0.013 0.024 0.031 0.01 0.059 0.1
75 L 0.084 0.026 0.028 0.026 0.057 0.02 0.029 0.079 0.013 0.08 0.153 0.033 0.026 0.063 0.02 0.082 0.083 0.006 0.023 0.071
76 I 0.055 0.097 0.028 0.027 0.013 0.029 0.037 0.032 0.017 0.116 0.094 0.092 0.037 0.036 0.019 0.058 0.061 0.007 0.046 0.097
77 K 0.056 0.059 0.116 0.048 0.009 0.054 0.054 0.088 0.021 0.024 0.036 0.139 0.013 0.015 0.106 0.071 0.042 0.004 0.015 0.03
78 S 0.06 0.072 0.033 0.032 0.012 0.047 0.045 0.039 0.017 0.062 0.092 0.092 0.021 0.089 0.062 0.093 0.044 0.007 0.028 0.053
79 D 0.05 0.035 0.065 0.11 0.012 0.025 0.044 0.037 0.019 0.079 0.103 0.062 0.021 0.075 0.019 0.06 0.04 0.008 0.056 0.08
80 S 0.079 0.042 0.079 0.117 0.013 0.032 0.057 0.056 0.019 0.028 0.039 0.073 0.014 0.018 0.026 0.168 0.082 0.005 0.015 0.037
81 I 0.057 0.114 0.032 0.031 0.012 0.053 0.044 0.089 0.017 0.116 0.081 0.086 0.022 0.025 0.02 0.062 0.041 0.005 0.017 0.078
82 K 0.05 0.064 0.058 0.035 0.011 0.035 0.048 0.035 0.047 0.107 0.076 0.173 0.021 0.024 0.021 0.043 0.038 0.005 0.02 0.087
83 N 0.046 0.078 0.207 0.058 0.009 0.053 0.05 0.095 0.028 0.024 0.037 0.08 0.013 0.026 0.02 0.057 0.041 0.007 0.046 0.029
84 L 0.045 0.02 0.015 0.016 0.014 0.014 0.019 0.022 0.011 0.17 0.184 0.023 0.048 0.137 0.013 0.026 0.035 0.008 0.036 0.143
85 K 0.06 0.085 0.038 0.039 0.011 0.039 0.073 0.039 0.048 0.058 0.082 0.14 0.019 0.023 0.023 0.083 0.063 0.005 0.02 0.051
86 K 0.066 0.062 0.091 0.044 0.053 0.037 0.051 0.048 0.019 0.038 0.047 0.157 0.015 0.018 0.024 0.103 0.05 0.005 0.016 0.057
87 Q 0.056 0.074 0.044 0.047 0.009 0.215 0.103 0.041 0.029 0.026 0.047 0.091 0.021 0.015 0.024 0.056 0.041 0.006 0.021 0.035
88 I 0.103 0.029 0.054 0.031 0.056 0.04 0.035 0.083 0.014 0.109 0.105 0.038 0.023 0.027 0.02 0.067 0.063 0.005 0.017 0.081
89 I 0.048 0.022 0.02 0.02 0.014 0.015 0.022 0.027 0.012 0.166 0.165 0.026 0.03 0.104 0.015 0.049 0.057 0.05 0.034 0.105
90 L 0.094 0.029 0.019 0.02 0.015 0.019 0.027 0.032 0.014 0.122 0.176 0.051 0.03 0.075 0.017 0.037 0.037 0.008 0.052 0.123
91 I 0.048 0.021 0.022 0.052 0.055 0.016 0.026 0.026 0.014 0.135 0.13 0.026 0.027 0.105 0.015 0.034 0.056 0.009 0.057 0.125
92 S 0.105 0.033 0.039 0.037 0.017 0.027 0.04 0.052 0.016 0.083 0.075 0.044 0.034 0.026 0.025 0.173 0.083 0.005 0.018 0.069
93 I 0.047 0.018 0.015 0.018 0.016 0.013 0.018 0.021 0.009 0.271 0.168 0.024 0.037 0.044 0.015 0.025 0.04 0.006 0.021 0.177
94 L 0.101 0.023 0.019 0.021 0.017 0.017 0.025 0.034 0.011 0.149 0.16 0.029 0.03 0.068 0.018 0.055 0.043 0.006 0.024 0.152
95 F 0.069 0.019 0.018 0.018 0.096 0.013 0.02 0.071 0.012 0.118 0.127 0.023 0.025 0.161 0.014 0.033 0.032 0.009 0.039 0.083
96 L 0.044 0.02 0.014 0.016 0.014 0.014 0.019 0.022 0.01 0.152 0.219 0.023 0.035 0.108 0.013 0.025 0.034 0.05 0.035 0.135
97 L 0.054 0.023 0.023 0.023 0.015 0.017 0.025 0.029 0.012 0.149 0.185 0.029 0.031 0.102 0.017 0.068 0.061 0.008 0.03 0.1
98 L 0.057 0.022 0.018 0.019 0.016 0.016 0.022 0.025 0.01 0.151 0.192 0.026 0.033 0.071 0.015 0.046 0.042 0.007 0.025 0.186
99 Y 0.038 0.026 0.02 0.018 0.009 0.02 0.026 0.024 0.042 0.043 0.069 0.029 0.018 0.149 0.014 0.029 0.026 0.026 0.331 0.045
100 L 0.038 0.02 0.015 0.016 0.013 0.013 0.018 0.022 0.012 0.136 0.216 0.021 0.034 0.172 0.012 0.023 0.03 0.052 0.045 0.092
101 G 0.104 0.024 0.027 0.025 0.014 0.018 0.026 0.205 0.013 0.053 0.142 0.031 0.023 0.093 0.018 0.061 0.036 0.007 0.027 0.053
102 I 0.046 0.02 0.015 0.016 0.015 0.014 0.019 0.022 0.01 0.191 0.188 0.023 0.048 0.105 0.014 0.026 0.036 0.008 0.031 0.152
103 F 0.034 0.022 0.018 0.016 0.009 0.016 0.022 0.025 0.027 0.044 0.076 0.024 0.019 0.206 0.011 0.026 0.024 0.146 0.191 0.043
104 L 0.043 0.021 0.015 0.016 0.014 0.015 0.019 0.021 0.013 0.182 0.232 0.024 0.051 0.084 0.014 0.025 0.034 0.009 0.054 0.116
105 L 0.067 0.021 0.015 0.016 0.057 0.015 0.02 0.026 0.01 0.144 0.263 0.024 0.037 0.075 0.015 0.029 0.034 0.007 0.025 0.102
106 F 0.095 0.025 0.019 0.021 0.015 0.035 0.029 0.033 0.013 0.107 0.104 0.03 0.025 0.159 0.016 0.038 0.038 0.009 0.041 0.147
107 T 0.059 0.068 0.092 0.075 0.012 0.03 0.047 0.045 0.018 0.033 0.044 0.073 0.014 0.018 0.106 0.081 0.124 0.005 0.015 0.042
108 P 0.067 0.093 0.038 0.035 0.012 0.048 0.046 0.083 0.048 0.037 0.047 0.057 0.015 0.019 0.105 0.101 0.066 0.005 0.019 0.057
109 N 0.042 0.045 0.32 0.083 0.009 0.034 0.049 0.065 0.031 0.022 0.031 0.054 0.011 0.018 0.02 0.069 0.049 0.004 0.016 0.027
110 R 0.044 0.132 0.025 0.022 0.011 0.028 0.032 0.026 0.026 0.115 0.093 0.058 0.023 0.063 0.016 0.033 0.034 0.013 0.121 0.084
111 L 0.074 0.031 0.021 0.021 0.013 0.021 0.028 0.071 0.022 0.078 0.131 0.053 0.025 0.063 0.017 0.036 0.035 0.013 0.13 0.117
112 N 0.053 0.047 0.167 0.057 0.01 0.034 0.069 0.09 0.022 0.047 0.044 0.092 0.014 0.018 0.063 0.072 0.044 0.005 0.015 0.04
113 N 0.043 0.045 0.317 0.083 0.009 0.034 0.049 0.065 0.032 0.022 0.032 0.054 0.011 0.018 0.02 0.07 0.049 0.004 0.016 0.027
114 T 0.073 0.036 0.043 0.038 0.018 0.028 0.039 0.043 0.014 0.053 0.065 0.045 0.02 0.024 0.028 0.093 0.246 0.006 0.018 0.071
115 L 0.056 0.062 0.025 0.024 0.014 0.025 0.032 0.032 0.014 0.096 0.179 0.061 0.058 0.068 0.018 0.069 0.042 0.007 0.025 0.093
116 G 0.057 0.047 0.064 0.071 0.011 0.03 0.045 0.129 0.016 0.065 0.113 0.111 0.021 0.025 0.02 0.063 0.039 0.005 0.016 0.053
117 L 0.06 0.031 0.056 0.033 0.013 0.041 0.037 0.079 0.018 0.073 0.095 0.039 0.021 0.066 0.061 0.079 0.063 0.008 0.05 0.077
118 G 0.107 0.03 0.089 0.038 0.013 0.023 0.033 0.182 0.017 0.04 0.061 0.038 0.031 0.057 0.021 0.061 0.082 0.006 0.021 0.048
119 L 0.043 0.021 0.014 0.015 0.015 0.014 0.018 0.02 0.009 0.176 0.325 0.023 0.043 0.049 0.014 0.023 0.034 0.006 0.021 0.117
120 K 0.058 0.11 0.034 0.036 0.012 0.055 0.073 0.036 0.018 0.056 0.087 0.125 0.02 0.022 0.022 0.065 0.062 0.005 0.018 0.086
121 L 0.04 0.054 0.019 0.018 0.012 0.019 0.025 0.024 0.046 0.095 0.243 0.033 0.034 0.083 0.014 0.027 0.03 0.052 0.06 0.074
122 L 0.07 0.023 0.017 0.018 0.015 0.016 0.022 0.069 0.012 0.091 0.255 0.026 0.049 0.105 0.015 0.032 0.033 0.008 0.03 0.095
123 I 0.097 0.021 0.018 0.02 0.017 0.016 0.023 0.031 0.01 0.201 0.149 0.028 0.031 0.036 0.018 0.04 0.061 0.006 0.019 0.159
124 S 0.076 0.032 0.034 0.033 0.016 0.042 0.04 0.042 0.014 0.121 0.086 0.042 0.023 0.027 0.022 0.131 0.077 0.005 0.018 0.118
125 L 0.095 0.021 0.017 0.018 0.057 0.015 0.022 0.032 0.011 0.108 0.154 0.025 0.028 0.13 0.016 0.036 0.037 0.008 0.035 0.134
126 L 0.044 0.019 0.014 0.016 0.015 0.013 0.018 0.021 0.01 0.205 0.21 0.022 0.036 0.107 0.013 0.024 0.035 0.008 0.031 0.141
127 A 0.138 0.028 0.031 0.031 0.078 0.023 0.035 0.052 0.014 0.101 0.078 0.039 0.021 0.026 0.023 0.124 0.056 0.005 0.017 0.081
128 L 0.041 0.02 0.014 0.015 0.014 0.014 0.018 0.021 0.01 0.168 0.275 0.022 0.039 0.11 0.013 0.023 0.032 0.008 0.031 0.11
129 F 0.05 0.024 0.048 0.025 0.014 0.017 0.025 0.031 0.014 0.098 0.149 0.028 0.027 0.162 0.015 0.054 0.058 0.009 0.04 0.109
130 L 0.042 0.021 0.015 0.016 0.014 0.014 0.019 0.022 0.012 0.129 0.224 0.023 0.049 0.171 0.013 0.025 0.032 0.01 0.042 0.109
131 Y 0.049 0.027 0.024 0.022 0.011 0.02 0.028 0.029 0.032 0.053 0.116 0.031 0.023 0.141 0.016 0.059 0.035 0.02 0.211 0.053
132 C 0.052 0.022 0.019 0.017 0.248 0.017 0.022 0.029 0.027 0.044 0.066 0.026 0.017 0.075 0.016 0.036 0.032 0.016 0.167 0.052
133 W 0.037 0.02 0.015 0.016 0.011 0.014 0.02 0.024 0.015 0.102 0.12 0.022 0.025 0.148 0.011 0.024 0.028 0.181 0.079 0.087
134 L 0.045 0.021 0.017 0.017 0.014 0.015 0.02 0.064 0.013 0.125 0.233 0.024 0.034 0.113 0.014 0.027 0.032 0.009 0.058 0.106
135 V 0.065 0.023 0.022 0.022 0.017 0.018 0.026 0.029 0.01 0.17 0.144 0.029 0.03 0.035 0.017 0.07 0.049 0.005 0.019 0.2
136 C 0.057 0.046 0.03 0.03 0.149 0.083 0.049 0.105 0.017 0.035 0.057 0.081 0.017 0.072 0.019 0.045 0.035 0.007 0.025 0.041
137 T 0.073 0.036 0.043 0.038 0.018 0.028 0.039 0.043 0.014 0.053 0.065 0.045 0.02 0.024 0.028 0.093 0.246 0.006 0.018 0.071
138 D 0.041 0.03 0.069 0.397 0.008 0.03 0.091 0.047 0.019 0.022 0.028 0.045 0.009 0.015 0.022 0.052 0.035 0.004 0.011 0.024
139 L 0.051 0.035 0.083 0.045 0.011 0.048 0.087 0.037 0.021 0.085 0.098 0.045 0.021 0.067 0.019 0.064 0.06 0.008 0.051 0.064
140 E 0.051 0.084 0.04 0.119 0.009 0.043 0.134 0.037 0.019 0.035 0.044 0.129 0.014 0.017 0.068 0.048 0.036 0.005 0.015 0.054
141 G 0.062 0.051 0.095 0.043 0.012 0.032 0.044 0.135 0.018 0.036 0.073 0.115 0.017 0.021 0.023 0.076 0.085 0.005 0.016 0.042
142 K 0.05 0.066 0.039 0.108 0.009 0.042 0.106 0.037 0.018 0.072 0.057 0.181 0.017 0.019 0.023 0.046 0.037 0.005 0.016 0.052
143 N 0.055 0.079 0.148 0.093 0.009 0.041 0.102 0.05 0.024 0.023 0.035 0.103 0.012 0.017 0.023 0.09 0.046 0.005 0.015 0.03
144 L 0.052 0.06 0.024 0.023 0.014 0.022 0.03 0.029 0.015 0.128 0.148 0.059 0.028 0.073 0.017 0.054 0.059 0.008 0.052 0.105
145 P 0.054 0.027 0.029 0.061 0.011 0.021 0.038 0.035 0.044 0.045 0.079 0.037 0.016 0.053 0.269 0.056 0.037 0.005 0.023 0.059
146 L 0.063 0.058 0.033 0.066 0.013 0.027 0.062 0.078 0.015 0.08 0.147 0.044 0.025 0.029 0.02 0.092 0.045 0.005 0.017 0.081
147 I 0.051 0.022 0.019 0.02 0.016 0.016 0.022 0.025 0.01 0.214 0.203 0.027 0.035 0.041 0.016 0.049 0.06 0.006 0.019 0.129
148 L 0.04 0.022 0.015 0.015 0.014 0.015 0.019 0.022 0.012 0.113 0.294 0.023 0.053 0.142 0.013 0.024 0.031 0.009 0.037 0.087
149 E 0.047 0.073 0.061 0.084 0.009 0.058 0.145 0.034 0.02 0.061 0.108 0.081 0.021 0.024 0.02 0.045 0.036 0.005 0.017 0.051
150 K 0.074 0.081 0.034 0.063 0.01 0.034 0.049 0.039 0.024 0.054 0.057 0.135 0.017 0.045 0.022 0.062 0.038 0.01 0.1 0.048
151 Y 0.037 0.025 0.02 0.017 0.009 0.019 0.025 0.024 0.04 0.044 0.072 0.028 0.019 0.173 0.014 0.029 0.026 0.025 0.308 0.046
152 I 0.079 0.092 0.034 0.062 0.013 0.028 0.042 0.04 0.015 0.1 0.073 0.072 0.02 0.027 0.02 0.081 0.063 0.048 0.021 0.071
153 N 0.044 0.055 0.274 0.069 0.008 0.054 0.054 0.056 0.028 0.022 0.033 0.098 0.012 0.016 0.021 0.062 0.045 0.004 0.016 0.027
154 L 0.048 0.021 0.016 0.018 0.015 0.015 0.02 0.023 0.009 0.189 0.198 0.025 0.034 0.043 0.015 0.03 0.057 0.049 0.023 0.152
155 L 0.049 0.025 0.017 0.018 0.016 0.021 0.023 0.024 0.012 0.172 0.172 0.029 0.133 0.043 0.015 0.03 0.039 0.007 0.021 0.133
156 V 0.074 0.021 0.016 0.017 0.016 0.016 0.022 0.026 0.012 0.18 0.172 0.026 0.032 0.046 0.016 0.031 0.04 0.007 0.047 0.182
157 I 0.047 0.019 0.014 0.016 0.015 0.013 0.018 0.021 0.009 0.229 0.19 0.023 0.035 0.074 0.014 0.025 0.037 0.007 0.025 0.168
158 I 0.046 0.017 0.014 0.017 0.016 0.013 0.017 0.02 0.008 0.296 0.156 0.023 0.034 0.041 0.014 0.024 0.038 0.006 0.02 0.179
159 G 0.2 0.025 0.029 0.029 0.016 0.021 0.031 0.262 0.013 0.041 0.05 0.036 0.015 0.019 0.023 0.063 0.039 0.005 0.014 0.068
160 A 0.13 0.026 0.028 0.027 0.057 0.02 0.03 0.127 0.012 0.088 0.098 0.035 0.021 0.026 0.021 0.074 0.082 0.005 0.016 0.075
161 I 0.05 0.019 0.014 0.016 0.016 0.014 0.018 0.021 0.008 0.237 0.192 0.023 0.036 0.042 0.014 0.025 0.039 0.006 0.02 0.19
162 S 0.104 0.038 0.051 0.046 0.017 0.031 0.05 0.063 0.018 0.028 0.04 0.051 0.015 0.02 0.028 0.261 0.078 0.005 0.017 0.04
163 L 0.043 0.021 0.014 0.015 0.015 0.014 0.018 0.02 0.009 0.176 0.325 0.023 0.043 0.049 0.014 0.023 0.034 0.006 0.021 0.117
164 L 0.043 0.019 0.015 0.016 0.014 0.013 0.019 0.022 0.011 0.151 0.198 0.022 0.033 0.169 0.013 0.025 0.033 0.009 0.041 0.133
165 F 0.039 0.021 0.016 0.016 0.013 0.014 0.019 0.023 0.014 0.116 0.18 0.022 0.06 0.233 0.012 0.026 0.03 0.011 0.053 0.084
166 W 0.029 0.022 0.014 0.014 0.007 0.014 0.022 0.029 0.014 0.029 0.05 0.022 0.014 0.057 0.007 0.022 0.022 0.519 0.065 0.029
167 L 0.054 0.024 0.017 0.018 0.016 0.018 0.023 0.024 0.01 0.134 0.227 0.027 0.064 0.042 0.016 0.033 0.059 0.006 0.02 0.167
168 L 0.041 0.022 0.017 0.017 0.013 0.015 0.021 0.024 0.013 0.083 0.236 0.024 0.048 0.202 0.013 0.03 0.05 0.011 0.047 0.073
169 G 0.069 0.021 0.03 0.027 0.054 0.017 0.023 0.365 0.011 0.051 0.078 0.029 0.016 0.022 0.017 0.043 0.032 0.005 0.013 0.079
170 S 0.099 0.037 0.052 0.078 0.016 0.031 0.053 0.061 0.018 0.028 0.039 0.051 0.014 0.019 0.028 0.243 0.074 0.005 0.016 0.038
171 L 0.048 0.021 0.015 0.016 0.057 0.015 0.019 0.022 0.01 0.156 0.226 0.024 0.05 0.074 0.014 0.027 0.036 0.007 0.025 0.14
172 L 0.039 0.022 0.015 0.015 0.014 0.015 0.019 0.022 0.012 0.092 0.29 0.023 0.052 0.174 0.012 0.024 0.03 0.01 0.042 0.078
173 H 0.055 0.11 0.043 0.036 0.009 0.038 0.05 0.122 0.142 0.023 0.037 0.122 0.014 0.02 0.021 0.063 0.035 0.006 0.028 0.027
174 L 0.049 0.05 0.017 0.017 0.015 0.017 0.022 0.022 0.013 0.175 0.195 0.032 0.034 0.047 0.015 0.027 0.037 0.008 0.047 0.162
175 I 0.045 0.019 0.014 0.017 0.015 0.014 0.018 0.02 0.009 0.258 0.203 0.024 0.051 0.044 0.014 0.024 0.037 0.006 0.02 0.148
176 S 0.069 0.044 0.043 0.041 0.012 0.086 0.058 0.046 0.081 0.028 0.041 0.056 0.015 0.019 0.107 0.121 0.069 0.005 0.023 0.036
177 P 0.059 0.026 0.026 0.03 0.011 0.02 0.034 0.037 0.014 0.031 0.048 0.038 0.013 0.081 0.353 0.075 0.04 0.005 0.025 0.035
178 T 0.073 0.036 0.096 0.045 0.015 0.028 0.042 0.05 0.017 0.04 0.051 0.046 0.016 0.021 0.025 0.127 0.194 0.005 0.016 0.053
179 G 0.08 0.027 0.039 0.034 0.012 0.022 0.031 0.375 0.014 0.027 0.043 0.037 0.027 0.019 0.02 0.1 0.041 0.005 0.013 0.033
180 S 0.097 0.032 0.035 0.037 0.015 0.028 0.062 0.046 0.018 0.072 0.092 0.043 0.021 0.034 0.023 0.136 0.075 0.007 0.045 0.081
181 V 0.057 0.02 0.015 0.017 0.017 0.015 0.02 0.022 0.008 0.203 0.159 0.024 0.033 0.038 0.015 0.028 0.043 0.005 0.02 0.243
182 L 0.053 0.036 0.028 0.036 0.011 0.065 0.09 0.031 0.022 0.072 0.097 0.046 0.022 0.074 0.06 0.056 0.038 0.01 0.079 0.075
183 S 0.08 0.033 0.042 0.038 0.016 0.026 0.04 0.049 0.016 0.041 0.058 0.043 0.018 0.087 0.024 0.164 0.138 0.007 0.028 0.051
184 T 0.054 0.027 0.06 0.097 0.013 0.022 0.038 0.077 0.017 0.08 0.073 0.035 0.019 0.065 0.019 0.051 0.098 0.008 0.049 0.098
185 W 0.029 0.022 0.014 0.014 0.007 0.014 0.022 0.029 0.014 0.029 0.05 0.022 0.014 0.057 0.007 0.022 0.022 0.519 0.065 0.029
186 T 0.075 0.033 0.042 0.037 0.016 0.026 0.038 0.086 0.014 0.044 0.055 0.043 0.017 0.021 0.026 0.113 0.23 0.005 0.016 0.059
187 G 0.096 0.031 0.069 0.073 0.013 0.025 0.041 0.216 0.016 0.028 0.039 0.042 0.013 0.018 0.023 0.112 0.087 0.005 0.014 0.038
188 T 0.055 0.04 0.095 0.081 0.012 0.031 0.071 0.044 0.019 0.038 0.055 0.068 0.016 0.091 0.022 0.078 0.107 0.007 0.028 0.044
189 N 0.045 0.043 0.191 0.139 0.008 0.042 0.144 0.051 0.027 0.022 0.032 0.058 0.011 0.017 0.022 0.06 0.042 0.005 0.015 0.027
190 G 0.068 0.026 0.094 0.041 0.01 0.021 0.029 0.448 0.016 0.019 0.028 0.036 0.009 0.016 0.018 0.052 0.032 0.005 0.011 0.024
191 L 0.052 0.062 0.03 0.064 0.012 0.028 0.062 0.032 0.017 0.096 0.106 0.065 0.023 0.068 0.019 0.058 0.059 0.008 0.051 0.087
192 P 0.072 0.026 0.022 0.024 0.012 0.02 0.03 0.032 0.051 0.088 0.099 0.034 0.02 0.044 0.199 0.038 0.034 0.009 0.08 0.066
193 V 0.08 0.074 0.031 0.029 0.014 0.03 0.04 0.036 0.048 0.087 0.085 0.093 0.037 0.027 0.021 0.051 0.083 0.006 0.021 0.107
194 L 0.074 0.063 0.053 0.03 0.013 0.025 0.035 0.038 0.015 0.059 0.171 0.064 0.026 0.062 0.061 0.062 0.059 0.006 0.023 0.059
195 V 0.059 0.019 0.015 0.017 0.058 0.014 0.02 0.023 0.008 0.198 0.13 0.023 0.03 0.035 0.015 0.029 0.043 0.005 0.019 0.239
196 P 0.056 0.063 0.055 0.036 0.01 0.026 0.041 0.039 0.016 0.024 0.036 0.07 0.011 0.014 0.354 0.063 0.039 0.003 0.014 0.03
197 S 0.082 0.035 0.074 0.077 0.015 0.029 0.047 0.095 0.017 0.032 0.042 0.047 0.014 0.019 0.025 0.166 0.119 0.005 0.015 0.043
198 Y 0.038 0.026 0.02 0.018 0.009 0.02 0.026 0.024 0.042 0.043 0.069 0.029 0.018 0.149 0.014 0.029 0.026 0.026 0.331 0.045
199 Y 0.038 0.063 0.027 0.023 0.008 0.026 0.034 0.028 0.091 0.037 0.062 0.06 0.017 0.134 0.015 0.033 0.027 0.059 0.178 0.038
200 G 0.057 0.033 0.167 0.05 0.01 0.025 0.036 0.213 0.026 0.024 0.036 0.041 0.012 0.035 0.019 0.07 0.04 0.008 0.07 0.029
201 I 0.046 0.019 0.014 0.016 0.016 0.014 0.018 0.02 0.009 0.246 0.218 0.023 0.038 0.044 0.014 0.024 0.037 0.006 0.02 0.16
202 Y 0.039 0.029 0.022 0.02 0.009 0.038 0.031 0.025 0.038 0.043 0.07 0.032 0.019 0.164 0.015 0.031 0.027 0.023 0.281 0.045
203 F 0.033 0.019 0.017 0.016 0.01 0.012 0.019 0.024 0.021 0.057 0.101 0.02 0.023 0.37 0.011 0.025 0.024 0.018 0.129 0.051
204 E 0.075 0.048 0.037 0.077 0.008 0.074 0.289 0.037 0.024 0.023 0.037 0.07 0.013 0.016 0.025 0.055 0.036 0.005 0.016 0.033
205 T 0.064 0.065 0.039 0.035 0.015 0.046 0.043 0.04 0.015 0.044 0.057 0.052 0.018 0.02 0.066 0.077 0.223 0.005 0.017 0.058
206 Q 0.053 0.07 0.042 0.045 0.008 0.256 0.098 0.039 0.028 0.025 0.045 0.086 0.02 0.014 0.022 0.053 0.039 0.006 0.02 0.033
207 S 0.06 0.062 0.09 0.072 0.012 0.028 0.043 0.043 0.023 0.059 0.066 0.048 0.032 0.04 0.021 0.101 0.067 0.009 0.073 0.053
208 L 0.084 0.027 0.053 0.03 0.015 0.021 0.03 0.08 0.013 0.124 0.139 0.034 0.026 0.032 0.019 0.079 0.066 0.005 0.018 0.104
209 N 0.085 0.036 0.142 0.092 0.013 0.029 0.047 0.053 0.024 0.033 0.045 0.046 0.014 0.031 0.023 0.088 0.098 0.007 0.052 0.043
210 I 0.054 0.021 0.019 0.02 0.015 0.015 0.022 0.027 0.011 0.164 0.155 0.026 0.031 0.121 0.015 0.051 0.041 0.008 0.034 0.149
211 F 0.048 0.034 0.024 0.026 0.011 0.022 0.032 0.032 0.015 0.051 0.087 0.065 0.04 0.167 0.14 0.042 0.062 0.009 0.042 0.051
212 G 0.094 0.031 0.046 0.041 0.014 0.026 0.039 0.289 0.016 0.024 0.035 0.044 0.012 0.018 0.024 0.137 0.056 0.005 0.014 0.033
213 L 0.045 0.024 0.014 0.015 0.016 0.016 0.02 0.021 0.01 0.115 0.375 0.025 0.05 0.055 0.014 0.024 0.033 0.007 0.022 0.096
214 L 0.052 0.024 0.02 0.02 0.016 0.018 0.024 0.027 0.012 0.129 0.175 0.029 0.057 0.101 0.016 0.038 0.075 0.008 0.032 0.128
215 G 0.056 0.026 0.023 0.023 0.014 0.04 0.029 0.137 0.013 0.128 0.131 0.032 0.027 0.074 0.016 0.035 0.036 0.007 0.025 0.129
216 G 0.06 0.031 0.14 0.046 0.012 0.024 0.034 0.211 0.018 0.055 0.075 0.039 0.016 0.022 0.019 0.071 0.061 0.005 0.015 0.047
217 N 0.053 0.092 0.147 0.114 0.01 0.031 0.049 0.088 0.021 0.035 0.043 0.056 0.013 0.018 0.02 0.073 0.063 0.005 0.015 0.054
218 I 0.074 0.021 0.018 0.02 0.016 0.015 0.022 0.028 0.01 0.213 0.154 0.026 0.031 0.07 0.016 0.049 0.041 0.006 0.025 0.144
219 I 0.056 0.022 0.02 0.021 0.016 0.017 0.024 0.027 0.01 0.182 0.166 0.029 0.031 0.036 0.059 0.051 0.062 0.005 0.019 0.148
220 R 0.042 0.379 0.037 0.029 0.007 0.046 0.05 0.031 0.022 0.022 0.044 0.114 0.015 0.016 0.018 0.042 0.033 0.005 0.016 0.029
221 N 0.04 0.043 0.353 0.079 0.009 0.032 0.047 0.062 0.03 0.021 0.03 0.051 0.011 0.017 0.019 0.066 0.047 0.004 0.015 0.026
222 T 0.076 0.033 0.041 0.037 0.017 0.026 0.039 0.045 0.014 0.066 0.064 0.043 0.019 0.023 0.026 0.126 0.213 0.005 0.017 0.069
223 A 0.271 0.032 0.031 0.033 0.02 0.026 0.041 0.071 0.015 0.038 0.052 0.044 0.016 0.02 0.028 0.126 0.055 0.005 0.017 0.059
224 I 0.043 0.017 0.014 0.017 0.014 0.012 0.017 0.02 0.01 0.268 0.151 0.022 0.033 0.105 0.013 0.024 0.035 0.007 0.03 0.148
225 F 0.032 0.018 0.016 0.016 0.01 0.01 0.018 0.024 0.016 0.06 0.108 0.018 0.024 0.419 0.01 0.024 0.024 0.016 0.084 0.052
226 T 0.086 0.029 0.032 0.029 0.058 0.022 0.033 0.039 0.012 0.061 0.093 0.038 0.021 0.025 0.065 0.069 0.183 0.005 0.017 0.085
227 E 0.052 0.047 0.038 0.085 0.007 0.061 0.333 0.033 0.024 0.021 0.035 0.072 0.012 0.016 0.024 0.052 0.035 0.005 0.016 0.03
228 A 0.306 0.029 0.025 0.028 0.02 0.024 0.037 0.113 0.014 0.039 0.054 0.041 0.016 0.02 0.027 0.078 0.046 0.005 0.016 0.062
229 P 0.054 0.024 0.022 0.029 0.01 0.02 0.034 0.034 0.012 0.024 0.034 0.039 0.01 0.012 0.52 0.042 0.034 0.002 0.012 0.029
230 M 0.049 0.03 0.019 0.019 0.015 0.027 0.027 0.027 0.015 0.095 0.187 0.034 0.204 0.046 0.015 0.034 0.038 0.008 0.023 0.088
231 A 0.303 0.029 0.024 0.027 0.02 0.024 0.037 0.07 0.017 0.041 0.057 0.041 0.017 0.029 0.027 0.076 0.046 0.007 0.045 0.063
232 S 0.16 0.036 0.045 0.042 0.018 0.03 0.047 0.066 0.017 0.031 0.044 0.049 0.015 0.02 0.028 0.216 0.07 0.005 0.017 0.046
233 L 0.039 0.021 0.014 0.015 0.014 0.014 0.019 0.021 0.012 0.093 0.308 0.022 0.039 0.174 0.012 0.023 0.029 0.01 0.042 0.078
234 N 0.043 0.039 0.196 0.054 0.009 0.031 0.044 0.047 0.146 0.04 0.071 0.044 0.017 0.025 0.018 0.051 0.038 0.006 0.029 0.053
235 F 0.033 0.018 0.016 0.016 0.01 0.01 0.018 0.024 0.015 0.064 0.133 0.019 0.026 0.388 0.01 0.024 0.025 0.015 0.079 0.055
236 S 0.086 0.032 0.039 0.036 0.057 0.025 0.039 0.05 0.016 0.049 0.085 0.041 0.02 0.057 0.023 0.183 0.063 0.006 0.022 0.068
237 L 0.044 0.02 0.014 0.016 0.015 0.014 0.018 0.021 0.009 0.192 0.256 0.023 0.039 0.077 0.014 0.024 0.035 0.007 0.026 0.138
238 A 0.327 0.029 0.024 0.028 0.02 0.024 0.038 0.074 0.014 0.041 0.056 0.042 0.017 0.02 0.028 0.081 0.047 0.005 0.017 0.065
239 L 0.038 0.021 0.015 0.015 0.013 0.013 0.019 0.022 0.012 0.089 0.283 0.021 0.037 0.205 0.012 0.023 0.028 0.011 0.047 0.075
240 L 0.048 0.025 0.017 0.017 0.015 0.018 0.022 0.024 0.011 0.101 0.359 0.027 0.057 0.049 0.015 0.044 0.036 0.007 0.021 0.087
241 I 0.043 0.019 0.015 0.016 0.014 0.014 0.018 0.02 0.012 0.233 0.189 0.023 0.035 0.082 0.014 0.024 0.035 0.008 0.053 0.135
242 E 0.053 0.055 0.091 0.069 0.008 0.067 0.196 0.082 0.024 0.022 0.035 0.107 0.013 0.016 0.023 0.054 0.037 0.005 0.016 0.029
243 L 0.066 0.022 0.02 0.051 0.015 0.017 0.026 0.027 0.011 0.158 0.221 0.027 0.048 0.073 0.015 0.031 0.035 0.007 0.025 0.105
244 L 0.042 0.024 0.044 0.021 0.013 0.017 0.023 0.025 0.018 0.086 0.246 0.026 0.034 0.121 0.014 0.029 0.032 0.011 0.086 0.089
245 F 0.05 0.024 0.021 0.025 0.013 0.02 0.049 0.028 0.014 0.117 0.12 0.03 0.055 0.163 0.015 0.049 0.038 0.009 0.041 0.117
246 R 0.057 0.134 0.089 0.041 0.052 0.054 0.05 0.043 0.02 0.05 0.052 0.109 0.016 0.019 0.021 0.083 0.045 0.005 0.016 0.045
247 R 0.045 0.345 0.039 0.031 0.008 0.048 0.052 0.033 0.023 0.023 0.047 0.12 0.016 0.017 0.019 0.045 0.035 0.006 0.017 0.031
248 K 0.061 0.061 0.066 0.05 0.01 0.06 0.102 0.085 0.023 0.026 0.04 0.142 0.014 0.025 0.024 0.085 0.043 0.007 0.044 0.032
249 G 0.078 0.023 0.039 0.034 0.011 0.019 0.026 0.51 0.014 0.019 0.028 0.034 0.009 0.016 0.019 0.051 0.03 0.005 0.011 0.024
250 G 0.058 0.11 0.047 0.127 0.011 0.031 0.051 0.16 0.017 0.029 0.041 0.06 0.013 0.018 0.022 0.059 0.089 0.005 0.014 0.037
251 K 0.052 0.137 0.065 0.041 0.009 0.046 0.06 0.041 0.02 0.027 0.042 0.237 0.015 0.016 0.024 0.054 0.058 0.005 0.016 0.033
252 N 0.052 0.035 0.107 0.039 0.012 0.024 0.035 0.04 0.018 0.074 0.098 0.059 0.021 0.09 0.06 0.064 0.062 0.007 0.028 0.076
253 S 0.061 0.044 0.107 0.085 0.011 0.033 0.052 0.049 0.093 0.033 0.072 0.072 0.017 0.023 0.022 0.11 0.048 0.005 0.024 0.036
254 K 0.054 0.086 0.059 0.034 0.011 0.034 0.045 0.038 0.017 0.089 0.07 0.142 0.019 0.026 0.02 0.061 0.041 0.052 0.022 0.081
255 L 0.069 0.042 0.023 0.023 0.012 0.026 0.034 0.031 0.019 0.116 0.124 0.099 0.04 0.08 0.018 0.037 0.035 0.01 0.08 0.082
256 K 0.058 0.145 0.093 0.044 0.01 0.041 0.054 0.046 0.021 0.027 0.041 0.154 0.014 0.017 0.023 0.089 0.065 0.005 0.016 0.034
257 L 0.049 0.063 0.079 0.037 0.053 0.027 0.057 0.034 0.016 0.096 0.105 0.065 0.022 0.059 0.018 0.044 0.058 0.006 0.023 0.087
258 I 0.078 0.022 0.019 0.02 0.016 0.016 0.023 0.07 0.01 0.169 0.164 0.027 0.031 0.036 0.017 0.038 0.06 0.006 0.019 0.161
259 I 0.047 0.02 0.016 0.018 0.015 0.015 0.02 0.023 0.01 0.201 0.201 0.025 0.034 0.043 0.014 0.029 0.056 0.049 0.023 0.14
260 L 0.041 0.023 0.014 0.015 0.015 0.015 0.019 0.021 0.01 0.105 0.383 0.023 0.045 0.082 0.013 0.023 0.031 0.008 0.026 0.088
261 I 0.081 0.021 0.02 0.021 0.016 0.016 0.023 0.072 0.01 0.201 0.121 0.028 0.028 0.034 0.017 0.052 0.043 0.005 0.018 0.171
262 L 0.07 0.02 0.015 0.017 0.016 0.015 0.02 0.025 0.01 0.191 0.203 0.024 0.035 0.073 0.015 0.03 0.037 0.007 0.025 0.154
263 A 0.265 0.028 0.027 0.029 0.06 0.023 0.036 0.108 0.014 0.038 0.053 0.04 0.016 0.02 0.026 0.089 0.047 0.005 0.016 0.059
264 I 0.05 0.019 0.016 0.018 0.016 0.014 0.02 0.022 0.009 0.245 0.166 0.025 0.034 0.04 0.015 0.03 0.059 0.006 0.019 0.176
265 L 0.065 0.022 0.015 0.016 0.015 0.015 0.02 0.025 0.01 0.133 0.312 0.025 0.041 0.078 0.014 0.028 0.033 0.007 0.026 0.098
266 S 0.093 0.037 0.048 0.043 0.017 0.03 0.046 0.056 0.016 0.036 0.047 0.049 0.016 0.021 0.027 0.203 0.147 0.005 0.017 0.049
267 T 0.069 0.034 0.041 0.036 0.017 0.026 0.037 0.041 0.013 0.051 0.062 0.043 0.019 0.022 0.026 0.088 0.286 0.006 0.017 0.067
268 F 0.04 0.02 0.017 0.018 0.013 0.013 0.02 0.024 0.013 0.13 0.167 0.022 0.03 0.23 0.013 0.029 0.051 0.011 0.052 0.089
269 S 0.138 0.036 0.046 0.042 0.017 0.03 0.047 0.063 0.017 0.032 0.044 0.049 0.015 0.02 0.028 0.216 0.09 0.005 0.017 0.046
270 T 0.068 0.031 0.037 0.033 0.016 0.025 0.035 0.04 0.014 0.073 0.08 0.04 0.035 0.059 0.023 0.102 0.188 0.007 0.023 0.071
271 T 0.069 0.034 0.041 0.036 0.017 0.026 0.037 0.041 0.013 0.051 0.062 0.043 0.019 0.022 0.026 0.088 0.286 0.006 0.017 0.067
272 G 0.095 0.022 0.036 0.032 0.011 0.018 0.025 0.497 0.013 0.02 0.029 0.033 0.01 0.016 0.019 0.051 0.03 0.005 0.011 0.027
273 Y 0.044 0.025 0.019 0.018 0.011 0.019 0.025 0.023 0.035 0.083 0.083 0.028 0.021 0.102 0.015 0.029 0.031 0.021 0.27 0.098
274 I 0.075 0.021 0.018 0.02 0.016 0.016 0.022 0.028 0.01 0.217 0.179 0.027 0.033 0.039 0.016 0.049 0.042 0.006 0.019 0.147
275 L 0.077 0.024 0.022 0.022 0.015 0.017 0.025 0.074 0.012 0.097 0.193 0.029 0.03 0.1 0.017 0.056 0.058 0.008 0.029 0.095
276 L 0.046 0.022 0.014 0.015 0.016 0.015 0.019 0.021 0.009 0.134 0.34 0.024 0.043 0.048 0.014 0.024 0.035 0.006 0.021 0.134
277 L 0.048 0.021 0.016 0.018 0.016 0.015 0.02 0.022 0.009 0.208 0.231 0.025 0.037 0.043 0.015 0.029 0.057 0.006 0.02 0.145
278 L 0.069 0.021 0.017 0.018 0.015 0.015 0.02 0.068 0.01 0.158 0.239 0.025 0.035 0.073 0.015 0.03 0.034 0.007 0.025 0.106
279 L 0.071 0.022 0.045 0.024 0.015 0.017 0.023 0.071 0.011 0.176 0.188 0.028 0.032 0.038 0.016 0.035 0.038 0.006 0.019 0.128
280 F 0.037 0.019 0.015 0.016 0.012 0.012 0.018 0.022 0.013 0.131 0.171 0.02 0.031 0.263 0.012 0.024 0.029 0.012 0.058 0.087
281 L 0.059 0.026 0.026 0.028 0.014 0.021 0.051 0.113 0.013 0.079 0.181 0.033 0.028 0.065 0.017 0.056 0.058 0.007 0.023 0.101
282 L 0.068 0.025 0.022 0.02 0.012 0.019 0.026 0.07 0.053 0.099 0.16 0.029 0.027 0.067 0.016 0.034 0.031 0.013 0.133 0.075
283 K 0.051 0.1 0.036 0.034 0.009 0.041 0.053 0.078 0.051 0.05 0.051 0.204 0.016 0.027 0.022 0.045 0.035 0.007 0.047 0.042
284 Y 0.041 0.026 0.02 0.018 0.011 0.02 0.026 0.027 0.026 0.054 0.11 0.029 0.051 0.08 0.014 0.033 0.049 0.143 0.17 0.053
285 L 0.045 0.021 0.014 0.015 0.015 0.014 0.019 0.021 0.01 0.142 0.269 0.023 0.038 0.108 0.013 0.025 0.034 0.008 0.031 0.133
286 F 0.044 0.038 0.03 0.094 0.01 0.026 0.065 0.03 0.018 0.059 0.125 0.079 0.023 0.133 0.017 0.036 0.032 0.01 0.061 0.069
287 S 0.064 0.062 0.066 0.07 0.013 0.029 0.044 0.044 0.022 0.04 0.06 0.049 0.031 0.039 0.022 0.108 0.108 0.009 0.073 0.048
288 K 0.052 0.108 0.118 0.078 0.01 0.036 0.052 0.086 0.021 0.03 0.067 0.123 0.015 0.019 0.021 0.068 0.041 0.005 0.015 0.034
289 K 0.061 0.087 0.036 0.034 0.01 0.035 0.048 0.085 0.02 0.03 0.048 0.144 0.015 0.062 0.067 0.082 0.041 0.008 0.052 0.035
290 K 0.048 0.154 0.117 0.047 0.008 0.062 0.06 0.044 0.023 0.024 0.039 0.18 0.014 0.016 0.022 0.053 0.039 0.005 0.016 0.029
291 N 0.055 0.052 0.12 0.08 0.01 0.069 0.058 0.088 0.024 0.027 0.04 0.096 0.014 0.025 0.022 0.073 0.062 0.007 0.044 0.034
292 K 0.055 0.068 0.14 0.052 0.01 0.04 0.055 0.049 0.023 0.033 0.054 0.163 0.033 0.02 0.023 0.077 0.046 0.005 0.017 0.037
293 S 0.11 0.04 0.054 0.049 0.018 0.033 0.052 0.066 0.019 0.03 0.042 0.054 0.016 0.021 0.03 0.22 0.082 0.005 0.018 0.042
294 F 0.046 0.022 0.049 0.026 0.012 0.015 0.023 0.113 0.015 0.095 0.118 0.026 0.024 0.192 0.014 0.037 0.051 0.01 0.044 0.069
295 L 0.075 0.025 0.051 0.025 0.015 0.019 0.025 0.082 0.013 0.142 0.199 0.03 0.048 0.038 0.016 0.037 0.037 0.006 0.019 0.099
296 L 0.073 0.049 0.057 0.033 0.012 0.048 0.044 0.079 0.047 0.087 0.121 0.108 0.023 0.027 0.02 0.044 0.037 0.006 0.021 0.065
297 Y 0.107 0.034 0.027 0.026 0.014 0.024 0.035 0.041 0.022 0.078 0.102 0.06 0.022 0.054 0.021 0.081 0.044 0.011 0.109 0.085
298 L 0.043 0.037 0.02 0.02 0.012 0.022 0.029 0.025 0.018 0.113 0.206 0.077 0.032 0.09 0.016 0.03 0.032 0.011 0.086 0.082
299 L 0.049 0.116 0.03 0.029 0.011 0.036 0.046 0.032 0.016 0.055 0.166 0.162 0.026 0.028 0.021 0.043 0.056 0.006 0.018 0.054
300 I 0.048 0.02 0.015 0.017 0.014 0.014 0.02 0.023 0.01 0.17 0.168 0.024 0.031 0.072 0.056 0.027 0.036 0.049 0.028 0.157
301 F 0.045 0.019 0.016 0.016 0.014 0.013 0.019 0.023 0.012 0.117 0.143 0.021 0.029 0.229 0.013 0.026 0.033 0.011 0.052 0.15
302 L 0.054 0.023 0.022 0.022 0.014 0.018 0.023 0.111 0.012 0.145 0.164 0.029 0.057 0.039 0.015 0.049 0.037 0.049 0.022 0.095
303 L 0.05 0.02 0.015 0.016 0.016 0.014 0.019 0.021 0.009 0.171 0.226 0.023 0.036 0.074 0.014 0.026 0.038 0.007 0.025 0.179
304 P 0.055 0.024 0.022 0.028 0.011 0.019 0.033 0.033 0.012 0.037 0.043 0.038 0.012 0.014 0.472 0.041 0.036 0.003 0.013 0.054
305 I 0.052 0.02 0.015 0.017 0.016 0.015 0.02 0.021 0.009 0.224 0.17 0.024 0.048 0.04 0.015 0.027 0.04 0.006 0.02 0.201
306 L 0.098 0.022 0.018 0.019 0.016 0.016 0.023 0.073 0.01 0.131 0.18 0.027 0.031 0.068 0.017 0.037 0.038 0.007 0.024 0.145
307 L 0.046 0.019 0.016 0.017 0.014 0.014 0.019 0.064 0.01 0.181 0.199 0.023 0.034 0.104 0.014 0.026 0.034 0.008 0.03 0.129
308 V 0.058 0.019 0.019 0.019 0.015 0.015 0.02 0.108 0.009 0.176 0.118 0.025 0.028 0.066 0.015 0.031 0.039 0.006 0.023 0.192
309 I 0.056 0.02 0.017 0.018 0.016 0.015 0.02 0.078 0.009 0.2 0.161 0.025 0.032 0.038 0.015 0.029 0.04 0.006 0.019 0.187
310 A 0.159 0.027 0.029 0.029 0.017 0.022 0.034 0.093 0.014 0.079 0.074 0.037 0.02 0.057 0.023 0.105 0.05 0.006 0.022 0.103
311 I 0.079 0.022 0.022 0.022 0.015 0.017 0.023 0.114 0.011 0.169 0.157 0.028 0.029 0.035 0.017 0.053 0.04 0.006 0.018 0.123
312 L 0.048 0.026 0.017 0.018 0.056 0.017 0.023 0.024 0.013 0.161 0.165 0.047 0.03 0.076 0.015 0.029 0.036 0.008 0.052 0.137
313 L 0.075 0.022 0.019 0.019 0.015 0.016 0.022 0.111 0.011 0.125 0.201 0.026 0.031 0.069 0.016 0.034 0.035 0.007 0.024 0.123
314 L 0.055 0.021 0.019 0.019 0.015 0.016 0.021 0.107 0.01 0.171 0.172 0.026 0.045 0.037 0.015 0.03 0.037 0.006 0.019 0.159
315 L 0.048 0.042 0.086 0.069 0.011 0.028 0.043 0.038 0.051 0.08 0.09 0.083 0.02 0.037 0.018 0.059 0.038 0.05 0.052 0.058
316 L 0.044 0.024 0.045 0.023 0.013 0.017 0.023 0.027 0.016 0.114 0.174 0.027 0.029 0.111 0.014 0.033 0.054 0.052 0.062 0.099
317 L 0.044 0.024 0.014 0.015 0.015 0.017 0.02 0.021 0.01 0.124 0.35 0.026 0.072 0.05 0.014 0.025 0.033 0.007 0.021 0.097
318 L 0.042 0.02 0.015 0.016 0.014 0.014 0.019 0.022 0.014 0.145 0.219 0.023 0.034 0.146 0.013 0.025 0.032 0.01 0.064 0.115
319 N 0.061 0.067 0.144 0.058 0.011 0.035 0.091 0.091 0.022 0.03 0.066 0.056 0.015 0.02 0.022 0.105 0.049 0.005 0.016 0.035
320 Q 0.061 0.052 0.038 0.043 0.011 0.143 0.091 0.04 0.022 0.041 0.105 0.065 0.023 0.022 0.022 0.085 0.064 0.006 0.019 0.047
