#Seq2Logo.py -f /work3/idamei/ssn-clusterings/clustering/2205161002/clusters/0048_43/sequences.afa -o /work3/idamei/ssn-clusterings/clustering/2205161002/clusters/0048_43/sequences.logo
#Position Specific Frequency Matrix
A R N D C Q E G H I L K M F P S T W Y V
0 M 0.046 0.029 0.018 0.018 0.014 0.025 0.025 0.025 0.014 0.089 0.175 0.032 0.255 0.043 0.014 0.032 0.036 0.007 0.021 0.082
1 L 0.046 0.026 0.04 0.045 0.012 0.021 0.044 0.028 0.028 0.087 0.198 0.031 0.038 0.079 0.015 0.055 0.035 0.009 0.085 0.078
2 P 0.132 0.027 0.021 0.025 0.016 0.021 0.032 0.045 0.013 0.061 0.158 0.037 0.026 0.03 0.18 0.051 0.04 0.005 0.017 0.065
3 K 0.057 0.107 0.042 0.042 0.009 0.054 0.071 0.043 0.021 0.028 0.043 0.278 0.016 0.016 0.028 0.054 0.04 0.005 0.017 0.033
4 A 0.29 0.031 0.026 0.03 0.022 0.026 0.04 0.078 0.015 0.043 0.059 0.045 0.018 0.022 0.03 0.085 0.05 0.005 0.018 0.069
5 L 0.045 0.024 0.014 0.015 0.016 0.016 0.02 0.021 0.01 0.115 0.375 0.025 0.05 0.055 0.014 0.024 0.033 0.007 0.022 0.096
6 L 0.045 0.024 0.014 0.015 0.016 0.016 0.02 0.021 0.01 0.115 0.375 0.025 0.05 0.055 0.014 0.024 0.033 0.007 0.022 0.096
7 G 0.078 0.023 0.039 0.034 0.011 0.019 0.026 0.51 0.014 0.019 0.028 0.034 0.009 0.016 0.019 0.051 0.03 0.005 0.011 0.024
8 S 0.11 0.04 0.054 0.049 0.018 0.033 0.052 0.066 0.019 0.03 0.042 0.054 0.016 0.021 0.03 0.22 0.082 0.005 0.018 0.042
9 G 0.094 0.031 0.047 0.041 0.014 0.026 0.039 0.288 0.016 0.024 0.035 0.044 0.013 0.019 0.024 0.136 0.056 0.005 0.014 0.033
10 A 0.18 0.026 0.021 0.024 0.02 0.021 0.032 0.051 0.011 0.104 0.095 0.035 0.025 0.029 0.023 0.059 0.05 0.005 0.019 0.169
11 Y 0.042 0.027 0.037 0.037 0.01 0.019 0.027 0.026 0.028 0.075 0.108 0.042 0.021 0.151 0.014 0.03 0.028 0.017 0.207 0.056
12 L 0.076 0.021 0.016 0.017 0.015 0.015 0.021 0.027 0.01 0.153 0.218 0.025 0.032 0.086 0.015 0.042 0.037 0.007 0.026 0.142
13 L 0.059 0.023 0.018 0.019 0.013 0.028 0.025 0.027 0.012 0.108 0.226 0.027 0.041 0.121 0.038 0.047 0.034 0.007 0.031 0.095
14 I 0.042 0.017 0.013 0.015 0.014 0.012 0.017 0.019 0.008 0.271 0.202 0.021 0.034 0.068 0.013 0.023 0.034 0.006 0.023 0.149
15 S 0.085 0.029 0.034 0.031 0.013 0.023 0.036 0.052 0.015 0.039 0.048 0.037 0.015 0.03 0.02 0.179 0.065 0.156 0.028 0.064
16 L 0.056 0.019 0.015 0.016 0.014 0.013 0.018 0.046 0.01 0.167 0.236 0.022 0.033 0.116 0.013 0.026 0.032 0.007 0.029 0.114
17 I 0.086 0.02 0.017 0.018 0.014 0.014 0.021 0.028 0.01 0.186 0.172 0.025 0.031 0.109 0.015 0.043 0.04 0.007 0.029 0.115
18 V 0.062 0.023 0.023 0.022 0.028 0.018 0.025 0.028 0.009 0.133 0.098 0.029 0.025 0.029 0.018 0.056 0.125 0.005 0.017 0.228
19 L 0.042 0.021 0.013 0.014 0.014 0.014 0.018 0.02 0.009 0.103 0.366 0.022 0.04 0.083 0.013 0.024 0.035 0.007 0.025 0.116
20 I 0.099 0.02 0.016 0.018 0.015 0.015 0.021 0.029 0.011 0.177 0.162 0.025 0.035 0.11 0.015 0.039 0.035 0.007 0.029 0.122
21 L 0.077 0.021 0.016 0.017 0.015 0.015 0.021 0.026 0.009 0.167 0.214 0.025 0.032 0.065 0.015 0.033 0.057 0.006 0.022 0.149
22 S 0.098 0.036 0.048 0.043 0.016 0.029 0.047 0.059 0.017 0.026 0.037 0.048 0.014 0.019 0.026 0.307 0.073 0.005 0.016 0.037
23 F 0.056 0.022 0.022 0.021 0.013 0.016 0.023 0.074 0.014 0.119 0.12 0.026 0.023 0.14 0.015 0.057 0.066 0.021 0.065 0.086
24 F 0.038 0.036 0.018 0.018 0.01 0.018 0.024 0.026 0.02 0.086 0.123 0.053 0.033 0.182 0.013 0.031 0.028 0.06 0.122 0.061
25 L 0.039 0.021 0.013 0.014 0.014 0.014 0.018 0.02 0.01 0.108 0.385 0.022 0.049 0.092 0.012 0.022 0.029 0.007 0.026 0.084
26 F 0.03 0.017 0.015 0.015 0.01 0.01 0.017 0.022 0.015 0.058 0.116 0.017 0.023 0.438 0.01 0.023 0.023 0.015 0.076 0.05
27 K 0.048 0.139 0.035 0.034 0.008 0.059 0.057 0.058 0.03 0.024 0.04 0.249 0.014 0.022 0.022 0.044 0.033 0.006 0.046 0.029
28 K 0.049 0.099 0.032 0.032 0.009 0.05 0.052 0.034 0.019 0.062 0.058 0.239 0.026 0.026 0.021 0.053 0.036 0.007 0.048 0.046
29 A 0.249 0.026 0.022 0.024 0.018 0.021 0.032 0.053 0.012 0.075 0.072 0.035 0.019 0.023 0.023 0.08 0.046 0.005 0.016 0.149
30 A 0.206 0.031 0.035 0.034 0.017 0.025 0.04 0.06 0.015 0.05 0.051 0.042 0.016 0.02 0.025 0.189 0.058 0.005 0.016 0.065
31 G 0.068 0.021 0.036 0.048 0.009 0.017 0.025 0.544 0.012 0.017 0.025 0.03 0.008 0.014 0.017 0.045 0.027 0.005 0.01 0.022
32 S 0.088 0.05 0.043 0.038 0.015 0.028 0.042 0.05 0.015 0.034 0.046 0.047 0.015 0.019 0.025 0.204 0.171 0.005 0.016 0.047
33 L 0.043 0.024 0.014 0.015 0.014 0.018 0.02 0.021 0.011 0.109 0.326 0.026 0.118 0.045 0.013 0.025 0.032 0.006 0.02 0.097
34 S 0.142 0.037 0.069 0.041 0.015 0.039 0.046 0.079 0.017 0.028 0.039 0.059 0.014 0.018 0.025 0.214 0.06 0.005 0.015 0.04
35 L 0.042 0.02 0.014 0.017 0.013 0.014 0.02 0.021 0.009 0.158 0.252 0.024 0.032 0.055 0.108 0.025 0.032 0.018 0.021 0.104
36 L 0.05 0.064 0.064 0.031 0.012 0.035 0.035 0.044 0.017 0.049 0.125 0.063 0.021 0.071 0.039 0.066 0.095 0.007 0.052 0.057
37 K 0.058 0.141 0.064 0.04 0.008 0.07 0.072 0.039 0.02 0.024 0.038 0.242 0.014 0.014 0.022 0.048 0.035 0.005 0.015 0.03
38 L 0.044 0.021 0.016 0.019 0.012 0.016 0.023 0.024 0.01 0.112 0.241 0.028 0.033 0.033 0.214 0.028 0.031 0.005 0.016 0.075
39 N 0.038 0.04 0.382 0.072 0.008 0.03 0.044 0.057 0.044 0.02 0.028 0.047 0.01 0.016 0.018 0.061 0.043 0.004 0.015 0.024
40 L 0.044 0.026 0.016 0.017 0.014 0.022 0.023 0.023 0.013 0.105 0.23 0.029 0.205 0.043 0.014 0.029 0.034 0.007 0.021 0.086
41 I 0.047 0.02 0.029 0.018 0.014 0.016 0.02 0.022 0.024 0.218 0.163 0.024 0.055 0.036 0.023 0.027 0.036 0.005 0.019 0.182
42 S 0.094 0.035 0.06 0.044 0.015 0.029 0.046 0.058 0.017 0.026 0.036 0.047 0.014 0.018 0.026 0.307 0.071 0.005 0.015 0.036
43 W 0.042 0.02 0.015 0.015 0.01 0.015 0.02 0.023 0.019 0.111 0.113 0.023 0.023 0.094 0.011 0.024 0.027 0.166 0.142 0.086
44 I 0.059 0.02 0.029 0.019 0.015 0.015 0.02 0.024 0.009 0.233 0.163 0.025 0.047 0.036 0.014 0.038 0.038 0.005 0.018 0.173
45 F 0.031 0.018 0.016 0.015 0.009 0.011 0.018 0.022 0.02 0.052 0.092 0.019 0.021 0.389 0.01 0.023 0.023 0.017 0.146 0.047
46 Y 0.035 0.025 0.019 0.017 0.008 0.019 0.025 0.023 0.052 0.036 0.058 0.027 0.016 0.105 0.013 0.027 0.024 0.08 0.353 0.039
47 Y 0.038 0.024 0.018 0.016 0.01 0.027 0.024 0.022 0.028 0.069 0.127 0.026 0.022 0.132 0.013 0.026 0.027 0.036 0.236 0.079
48 S 0.063 0.038 0.103 0.08 0.011 0.057 0.076 0.047 0.059 0.024 0.035 0.049 0.013 0.021 0.062 0.147 0.049 0.005 0.032 0.03
49 L 0.037 0.02 0.013 0.014 0.013 0.013 0.017 0.019 0.01 0.105 0.358 0.021 0.038 0.14 0.012 0.022 0.028 0.008 0.032 0.08
50 L 0.044 0.019 0.014 0.015 0.014 0.014 0.018 0.02 0.009 0.177 0.26 0.022 0.039 0.068 0.013 0.025 0.044 0.006 0.023 0.154
51 L 0.054 0.02 0.014 0.015 0.014 0.014 0.018 0.021 0.009 0.166 0.277 0.022 0.043 0.07 0.013 0.025 0.033 0.006 0.023 0.142
52 Q 0.058 0.044 0.048 0.037 0.011 0.134 0.068 0.039 0.035 0.037 0.072 0.055 0.043 0.054 0.02 0.109 0.053 0.007 0.036 0.041
53 S 0.092 0.032 0.054 0.054 0.039 0.026 0.042 0.051 0.016 0.034 0.044 0.043 0.015 0.022 0.024 0.224 0.101 0.005 0.028 0.052
54 F 0.044 0.018 0.015 0.015 0.01 0.012 0.019 0.024 0.017 0.058 0.117 0.019 0.023 0.349 0.011 0.025 0.024 0.033 0.106 0.06
55 I 0.041 0.017 0.013 0.015 0.014 0.012 0.017 0.019 0.009 0.267 0.202 0.021 0.033 0.069 0.031 0.023 0.033 0.006 0.022 0.136
56 G 0.134 0.022 0.032 0.029 0.03 0.018 0.027 0.412 0.012 0.022 0.032 0.032 0.01 0.016 0.019 0.069 0.033 0.005 0.011 0.031
57 S 0.174 0.03 0.035 0.034 0.016 0.024 0.038 0.092 0.014 0.038 0.046 0.041 0.015 0.019 0.055 0.18 0.065 0.005 0.015 0.065
58 L 0.048 0.021 0.042 0.021 0.014 0.015 0.021 0.024 0.01 0.2 0.211 0.025 0.032 0.037 0.014 0.046 0.038 0.005 0.018 0.157
59 L 0.038 0.02 0.013 0.014 0.013 0.013 0.017 0.019 0.01 0.128 0.337 0.021 0.042 0.128 0.012 0.022 0.029 0.008 0.031 0.087
60 I 0.062 0.018 0.014 0.016 0.016 0.013 0.019 0.021 0.008 0.249 0.129 0.022 0.03 0.035 0.014 0.027 0.039 0.005 0.018 0.247
61 V 0.09 0.02 0.016 0.018 0.015 0.015 0.022 0.027 0.011 0.169 0.12 0.025 0.027 0.052 0.015 0.042 0.04 0.007 0.046 0.223
62 L 0.05 0.026 0.096 0.028 0.011 0.019 0.026 0.03 0.028 0.072 0.219 0.03 0.027 0.068 0.015 0.035 0.042 0.01 0.106 0.061
63 G 0.064 0.065 0.112 0.061 0.009 0.038 0.047 0.21 0.048 0.022 0.033 0.078 0.011 0.019 0.019 0.059 0.044 0.005 0.029 0.027
64 I 0.044 0.036 0.029 0.019 0.013 0.016 0.022 0.023 0.01 0.179 0.162 0.034 0.034 0.052 0.014 0.029 0.05 0.062 0.024 0.148
65 D 0.052 0.041 0.055 0.382 0.008 0.027 0.083 0.041 0.016 0.026 0.031 0.042 0.01 0.014 0.02 0.057 0.044 0.004 0.011 0.037
66 N 0.044 0.038 0.151 0.122 0.008 0.041 0.085 0.098 0.1 0.022 0.031 0.056 0.011 0.017 0.019 0.051 0.054 0.005 0.02 0.026
67 H 0.038 0.04 0.067 0.036 0.007 0.033 0.056 0.034 0.323 0.023 0.037 0.051 0.014 0.037 0.017 0.038 0.026 0.009 0.094 0.024
68 Y 0.038 0.026 0.021 0.018 0.008 0.029 0.027 0.024 0.039 0.038 0.06 0.03 0.017 0.12 0.014 0.038 0.027 0.023 0.364 0.041
69 N 0.043 0.045 0.315 0.083 0.009 0.034 0.05 0.065 0.032 0.023 0.032 0.054 0.011 0.018 0.02 0.07 0.05 0.005 0.016 0.027
70 D 0.057 0.033 0.056 0.217 0.013 0.029 0.066 0.045 0.016 0.038 0.047 0.045 0.015 0.019 0.025 0.073 0.14 0.005 0.015 0.048
71 L 0.061 0.039 0.02 0.02 0.014 0.02 0.025 0.046 0.012 0.109 0.227 0.032 0.111 0.038 0.015 0.059 0.037 0.006 0.019 0.09
72 I 0.043 0.017 0.013 0.015 0.014 0.013 0.017 0.019 0.008 0.274 0.217 0.021 0.034 0.04 0.013 0.023 0.036 0.005 0.018 0.158
73 D 0.062 0.075 0.129 0.138 0.01 0.041 0.076 0.063 0.02 0.026 0.048 0.063 0.013 0.017 0.02 0.089 0.061 0.004 0.014 0.032
74 K 0.047 0.174 0.049 0.049 0.008 0.051 0.055 0.036 0.019 0.027 0.044 0.228 0.022 0.016 0.021 0.047 0.055 0.005 0.015 0.032
75 Q 0.056 0.074 0.044 0.047 0.009 0.211 0.103 0.041 0.03 0.027 0.047 0.092 0.021 0.015 0.024 0.056 0.041 0.006 0.021 0.035
76 L 0.044 0.02 0.014 0.016 0.014 0.014 0.024 0.019 0.009 0.2 0.272 0.023 0.044 0.041 0.013 0.024 0.034 0.006 0.019 0.151
77 T 0.072 0.033 0.045 0.053 0.011 0.035 0.061 0.073 0.048 0.042 0.065 0.05 0.016 0.052 0.019 0.072 0.093 0.009 0.086 0.063
78 D 0.041 0.045 0.097 0.14 0.008 0.025 0.046 0.059 0.087 0.028 0.043 0.039 0.013 0.082 0.039 0.053 0.044 0.008 0.073 0.03
79 G 0.063 0.033 0.032 0.034 0.01 0.064 0.044 0.233 0.016 0.022 0.034 0.046 0.012 0.014 0.217 0.047 0.033 0.004 0.013 0.028
80 E 0.07 0.038 0.04 0.155 0.008 0.075 0.16 0.038 0.035 0.024 0.037 0.053 0.012 0.034 0.059 0.061 0.035 0.005 0.031 0.03
81 E 0.062 0.039 0.067 0.128 0.01 0.053 0.158 0.042 0.019 0.027 0.055 0.063 0.014 0.017 0.022 0.122 0.049 0.005 0.014 0.033
82 S 0.079 0.028 0.043 0.029 0.014 0.023 0.033 0.039 0.02 0.078 0.068 0.036 0.026 0.046 0.02 0.124 0.097 0.01 0.109 0.079
83 R 0.04 0.36 0.032 0.027 0.008 0.04 0.044 0.028 0.019 0.047 0.062 0.115 0.016 0.018 0.017 0.038 0.031 0.005 0.016 0.038
84 L 0.045 0.034 0.034 0.054 0.012 0.036 0.042 0.026 0.012 0.138 0.167 0.042 0.027 0.084 0.015 0.035 0.034 0.013 0.025 0.125
85 I 0.042 0.034 0.034 0.022 0.011 0.022 0.029 0.025 0.034 0.153 0.123 0.085 0.032 0.059 0.016 0.032 0.042 0.01 0.112 0.083
86 G 0.111 0.022 0.032 0.029 0.012 0.018 0.025 0.427 0.012 0.027 0.035 0.032 0.011 0.016 0.019 0.052 0.061 0.005 0.011 0.043
87 W 0.03 0.02 0.015 0.014 0.008 0.013 0.02 0.024 0.019 0.04 0.078 0.021 0.017 0.179 0.009 0.022 0.022 0.277 0.134 0.038
88 L 0.08 0.022 0.016 0.016 0.013 0.016 0.022 0.033 0.016 0.077 0.219 0.025 0.045 0.102 0.014 0.03 0.03 0.048 0.094 0.081
89 A 0.183 0.025 0.023 0.024 0.034 0.02 0.03 0.046 0.013 0.075 0.107 0.033 0.029 0.031 0.02 0.095 0.043 0.044 0.033 0.09
90 V 0.051 0.018 0.014 0.015 0.016 0.013 0.018 0.02 0.008 0.236 0.152 0.022 0.031 0.036 0.014 0.025 0.039 0.005 0.018 0.251
91 C 0.065 0.03 0.023 0.023 0.148 0.069 0.034 0.05 0.014 0.059 0.127 0.037 0.087 0.027 0.017 0.054 0.047 0.005 0.017 0.068
92 Y 0.046 0.023 0.018 0.016 0.009 0.017 0.023 0.024 0.033 0.051 0.067 0.026 0.018 0.152 0.013 0.028 0.025 0.058 0.307 0.046
93 V 0.07 0.024 0.024 0.023 0.052 0.019 0.026 0.03 0.01 0.113 0.105 0.03 0.04 0.028 0.018 0.058 0.144 0.005 0.017 0.164
94 M 0.068 0.027 0.017 0.018 0.014 0.023 0.025 0.027 0.013 0.086 0.193 0.031 0.224 0.041 0.015 0.034 0.035 0.007 0.021 0.08
95 I 0.045 0.018 0.013 0.015 0.015 0.013 0.017 0.019 0.008 0.232 0.217 0.021 0.034 0.054 0.013 0.023 0.035 0.006 0.021 0.181
96 A 0.145 0.023 0.02 0.021 0.016 0.018 0.026 0.067 0.013 0.073 0.117 0.029 0.057 0.129 0.017 0.061 0.037 0.008 0.031 0.09
97 L 0.044 0.021 0.015 0.015 0.012 0.015 0.019 0.022 0.012 0.081 0.226 0.022 0.079 0.214 0.012 0.025 0.029 0.01 0.044 0.083
98 P 0.05 0.023 0.02 0.027 0.009 0.018 0.032 0.032 0.011 0.023 0.032 0.036 0.009 0.011 0.556 0.039 0.032 0.002 0.011 0.027
99 L 0.058 0.02 0.013 0.015 0.033 0.014 0.018 0.022 0.009 0.158 0.32 0.022 0.037 0.057 0.013 0.025 0.032 0.006 0.021 0.107
100 G 0.096 0.025 0.035 0.031 0.013 0.02 0.029 0.318 0.013 0.041 0.041 0.035 0.013 0.018 0.02 0.105 0.081 0.005 0.013 0.049
101 M 0.058 0.028 0.018 0.018 0.014 0.033 0.026 0.026 0.013 0.098 0.178 0.032 0.207 0.04 0.015 0.033 0.036 0.007 0.02 0.101
102 L 0.044 0.024 0.016 0.016 0.013 0.017 0.022 0.022 0.016 0.098 0.242 0.036 0.031 0.057 0.014 0.035 0.032 0.047 0.101 0.117
103 L 0.042 0.019 0.013 0.015 0.014 0.013 0.018 0.02 0.009 0.153 0.272 0.022 0.043 0.103 0.013 0.023 0.032 0.007 0.027 0.142
104 A 0.163 0.023 0.022 0.023 0.035 0.018 0.028 0.041 0.011 0.114 0.093 0.031 0.022 0.041 0.02 0.068 0.073 0.005 0.019 0.152
105 S 0.074 0.048 0.099 0.041 0.012 0.04 0.045 0.082 0.018 0.038 0.06 0.121 0.024 0.019 0.022 0.123 0.057 0.005 0.015 0.058
106 L 0.046 0.112 0.026 0.025 0.029 0.037 0.037 0.029 0.017 0.076 0.12 0.108 0.029 0.076 0.035 0.053 0.034 0.007 0.049 0.055
107 L 0.041 0.019 0.013 0.014 0.05 0.012 0.017 0.02 0.01 0.141 0.264 0.021 0.034 0.128 0.012 0.023 0.03 0.008 0.031 0.112
108 F 0.056 0.021 0.019 0.018 0.047 0.015 0.022 0.027 0.028 0.071 0.14 0.024 0.032 0.179 0.013 0.041 0.051 0.066 0.056 0.074
109 L 0.045 0.024 0.014 0.015 0.016 0.016 0.02 0.021 0.01 0.115 0.375 0.025 0.05 0.055 0.014 0.024 0.033 0.007 0.022 0.096
110 G 0.056 0.063 0.06 0.036 0.009 0.031 0.053 0.222 0.031 0.025 0.049 0.152 0.013 0.032 0.02 0.055 0.043 0.005 0.017 0.029
111 F 0.052 0.065 0.049 0.027 0.009 0.024 0.044 0.049 0.018 0.055 0.07 0.102 0.018 0.179 0.015 0.035 0.03 0.029 0.065 0.064
112 K 0.055 0.141 0.038 0.034 0.01 0.04 0.051 0.097 0.062 0.041 0.051 0.154 0.016 0.02 0.021 0.046 0.036 0.006 0.021 0.061
113 L 0.057 0.023 0.015 0.016 0.018 0.016 0.022 0.023 0.009 0.139 0.255 0.025 0.04 0.045 0.015 0.028 0.041 0.006 0.021 0.186
114 K 0.049 0.08 0.116 0.105 0.008 0.036 0.07 0.061 0.035 0.034 0.037 0.154 0.012 0.016 0.021 0.076 0.039 0.004 0.015 0.031
115 A 0.158 0.029 0.068 0.048 0.015 0.023 0.036 0.049 0.015 0.06 0.08 0.038 0.039 0.039 0.042 0.111 0.047 0.005 0.018 0.081
116 N 0.058 0.034 0.113 0.044 0.014 0.027 0.038 0.043 0.018 0.063 0.079 0.043 0.038 0.026 0.089 0.062 0.104 0.005 0.018 0.084
117 K 0.052 0.122 0.036 0.053 0.009 0.058 0.087 0.054 0.032 0.041 0.058 0.174 0.015 0.017 0.021 0.066 0.036 0.005 0.017 0.046
118 K 0.062 0.08 0.045 0.037 0.01 0.048 0.08 0.091 0.023 0.055 0.087 0.16 0.017 0.02 0.02 0.054 0.046 0.005 0.016 0.045
119 E 0.083 0.034 0.027 0.044 0.011 0.052 0.165 0.033 0.018 0.059 0.116 0.046 0.02 0.058 0.019 0.06 0.036 0.007 0.04 0.07
120 F 0.033 0.02 0.016 0.016 0.01 0.013 0.019 0.023 0.031 0.068 0.146 0.021 0.028 0.283 0.011 0.024 0.03 0.051 0.102 0.055
121 N 0.044 0.046 0.112 0.1 0.009 0.032 0.111 0.037 0.049 0.047 0.104 0.056 0.017 0.039 0.018 0.059 0.046 0.005 0.026 0.041
122 S 0.091 0.084 0.084 0.059 0.039 0.048 0.067 0.049 0.017 0.037 0.078 0.057 0.016 0.02 0.02 0.096 0.063 0.005 0.015 0.052
123 Y 0.037 0.024 0.02 0.017 0.009 0.018 0.024 0.023 0.037 0.04 0.063 0.027 0.017 0.147 0.014 0.037 0.026 0.023 0.355 0.042
124 L 0.07 0.051 0.019 0.019 0.051 0.028 0.025 0.027 0.011 0.111 0.242 0.033 0.031 0.035 0.016 0.04 0.065 0.005 0.018 0.103
125 K 0.061 0.107 0.087 0.044 0.009 0.085 0.081 0.041 0.035 0.025 0.039 0.156 0.014 0.015 0.022 0.068 0.059 0.005 0.017 0.032
126 S 0.11 0.04 0.054 0.049 0.018 0.033 0.052 0.066 0.019 0.03 0.042 0.054 0.016 0.021 0.03 0.22 0.082 0.005 0.018 0.042
127 E 0.055 0.05 0.04 0.09 0.007 0.064 0.297 0.035 0.026 0.022 0.037 0.076 0.013 0.017 0.026 0.055 0.037 0.006 0.017 0.031
128 A 0.29 0.031 0.026 0.03 0.022 0.026 0.04 0.078 0.015 0.043 0.059 0.045 0.018 0.022 0.03 0.085 0.05 0.005 0.018 0.069
129 K 0.069 0.126 0.038 0.037 0.01 0.055 0.067 0.041 0.018 0.025 0.039 0.216 0.014 0.015 0.023 0.101 0.052 0.005 0.015 0.032
130 P 0.051 0.056 0.042 0.045 0.009 0.031 0.083 0.035 0.015 0.023 0.034 0.117 0.011 0.013 0.289 0.054 0.045 0.003 0.013 0.029
131 I 0.047 0.018 0.013 0.015 0.015 0.013 0.018 0.019 0.008 0.239 0.198 0.022 0.033 0.038 0.013 0.024 0.036 0.005 0.018 0.206
132 E 0.054 0.057 0.058 0.057 0.011 0.073 0.113 0.035 0.018 0.065 0.071 0.087 0.018 0.02 0.02 0.067 0.06 0.005 0.016 0.096
133 P 0.066 0.027 0.041 0.045 0.012 0.022 0.045 0.054 0.028 0.069 0.107 0.036 0.019 0.026 0.143 0.081 0.08 0.005 0.029 0.064
134 L 0.054 0.025 0.024 0.033 0.05 0.022 0.062 0.029 0.013 0.101 0.159 0.032 0.033 0.055 0.036 0.073 0.066 0.006 0.033 0.094
135 L 0.087 0.027 0.035 0.038 0.013 0.028 0.029 0.054 0.015 0.091 0.153 0.041 0.033 0.116 0.016 0.041 0.044 0.008 0.055 0.076
136 S 0.072 0.053 0.054 0.055 0.012 0.03 0.055 0.114 0.031 0.05 0.045 0.08 0.014 0.019 0.022 0.158 0.072 0.005 0.016 0.043
137 K 0.077 0.06 0.049 0.073 0.01 0.032 0.079 0.069 0.02 0.033 0.044 0.11 0.014 0.034 0.065 0.07 0.056 0.006 0.047 0.05
138 N 0.047 0.086 0.177 0.049 0.009 0.045 0.049 0.045 0.039 0.024 0.037 0.137 0.013 0.023 0.02 0.071 0.049 0.006 0.044 0.029
139 D 0.06 0.036 0.063 0.272 0.008 0.032 0.111 0.079 0.018 0.021 0.029 0.07 0.01 0.014 0.021 0.077 0.037 0.004 0.012 0.026
140 S 0.082 0.088 0.094 0.057 0.012 0.031 0.044 0.046 0.019 0.043 0.065 0.094 0.016 0.023 0.021 0.128 0.059 0.005 0.029 0.047
141 Y 0.1 0.027 0.04 0.074 0.011 0.031 0.061 0.035 0.037 0.078 0.066 0.035 0.018 0.078 0.018 0.05 0.034 0.011 0.127 0.07
142 L 0.054 0.02 0.015 0.018 0.013 0.015 0.031 0.022 0.011 0.155 0.198 0.024 0.047 0.117 0.013 0.027 0.033 0.008 0.042 0.136
143 R 0.04 0.17 0.028 0.025 0.008 0.045 0.041 0.029 0.02 0.034 0.061 0.123 0.017 0.161 0.016 0.037 0.039 0.009 0.061 0.036
144 L 0.057 0.046 0.02 0.02 0.012 0.019 0.025 0.045 0.018 0.113 0.15 0.047 0.025 0.09 0.015 0.049 0.033 0.01 0.109 0.095
145 L 0.068 0.024 0.02 0.022 0.013 0.027 0.027 0.029 0.012 0.116 0.149 0.03 0.033 0.072 0.109 0.047 0.066 0.008 0.036 0.094
146 L 0.041 0.02 0.014 0.015 0.013 0.014 0.019 0.021 0.01 0.12 0.286 0.022 0.051 0.13 0.013 0.025 0.041 0.008 0.031 0.107
147 L 0.056 0.025 0.022 0.021 0.031 0.028 0.027 0.028 0.021 0.075 0.15 0.03 0.024 0.073 0.016 0.062 0.06 0.031 0.14 0.081
148 L 0.108 0.021 0.019 0.019 0.052 0.016 0.023 0.051 0.01 0.118 0.174 0.027 0.027 0.076 0.017 0.041 0.072 0.006 0.023 0.1
149 L 0.039 0.02 0.013 0.014 0.032 0.013 0.017 0.02 0.01 0.107 0.357 0.021 0.038 0.11 0.012 0.022 0.029 0.007 0.028 0.091
150 S 0.095 0.033 0.042 0.038 0.043 0.027 0.041 0.052 0.015 0.033 0.056 0.044 0.015 0.02 0.025 0.248 0.109 0.005 0.015 0.044
151 L 0.077 0.02 0.017 0.018 0.013 0.014 0.02 0.093 0.011 0.119 0.196 0.024 0.036 0.138 0.014 0.031 0.031 0.008 0.032 0.09
152 I 0.045 0.017 0.014 0.016 0.014 0.013 0.017 0.038 0.008 0.275 0.183 0.022 0.033 0.038 0.013 0.024 0.035 0.005 0.018 0.172
153 S 0.092 0.028 0.035 0.033 0.186 0.023 0.035 0.067 0.013 0.03 0.043 0.037 0.014 0.018 0.022 0.208 0.057 0.004 0.014 0.041
154 L 0.059 0.02 0.016 0.017 0.033 0.014 0.02 0.042 0.01 0.152 0.181 0.024 0.037 0.092 0.014 0.031 0.055 0.007 0.026 0.153
155 L 0.075 0.021 0.017 0.018 0.014 0.015 0.021 0.046 0.011 0.114 0.251 0.025 0.04 0.119 0.014 0.048 0.033 0.007 0.029 0.08
156 A 0.198 0.031 0.035 0.034 0.017 0.025 0.04 0.059 0.015 0.036 0.048 0.042 0.015 0.034 0.025 0.196 0.068 0.005 0.018 0.058
157 V 0.055 0.019 0.015 0.016 0.034 0.015 0.02 0.022 0.009 0.18 0.141 0.023 0.037 0.037 0.014 0.037 0.04 0.006 0.031 0.248
158 L 0.11 0.021 0.016 0.018 0.034 0.016 0.022 0.031 0.01 0.127 0.221 0.026 0.033 0.05 0.016 0.044 0.037 0.006 0.02 0.142
159 Y 0.036 0.024 0.019 0.016 0.008 0.019 0.024 0.022 0.04 0.04 0.074 0.027 0.017 0.112 0.014 0.027 0.025 0.024 0.388 0.042
160 T 0.062 0.029 0.031 0.028 0.015 0.023 0.031 0.034 0.012 0.075 0.095 0.036 0.052 0.026 0.021 0.08 0.224 0.005 0.017 0.103
161 F 0.035 0.02 0.016 0.016 0.011 0.013 0.019 0.022 0.015 0.087 0.177 0.021 0.049 0.272 0.011 0.025 0.037 0.012 0.077 0.066
162 L 0.064 0.024 0.018 0.018 0.012 0.017 0.023 0.027 0.023 0.112 0.182 0.037 0.035 0.109 0.014 0.043 0.031 0.048 0.089 0.074
163 K 0.072 0.049 0.032 0.031 0.04 0.039 0.043 0.039 0.016 0.059 0.085 0.139 0.027 0.026 0.021 0.109 0.065 0.006 0.036 0.065
164 L 0.048 0.021 0.018 0.018 0.015 0.016 0.021 0.023 0.009 0.184 0.224 0.026 0.049 0.038 0.015 0.041 0.077 0.006 0.018 0.132
165 G 0.057 0.031 0.047 0.11 0.009 0.034 0.053 0.295 0.036 0.021 0.029 0.06 0.01 0.015 0.065 0.054 0.031 0.004 0.013 0.027
166 K 0.05 0.083 0.067 0.056 0.01 0.044 0.091 0.037 0.036 0.032 0.05 0.095 0.023 0.055 0.02 0.073 0.087 0.007 0.047 0.038
167 I 0.043 0.019 0.04 0.019 0.013 0.014 0.019 0.022 0.013 0.264 0.142 0.024 0.029 0.045 0.013 0.026 0.035 0.007 0.058 0.155
168 P 0.062 0.023 0.021 0.027 0.009 0.018 0.032 0.052 0.011 0.023 0.032 0.036 0.009 0.012 0.519 0.04 0.032 0.002 0.011 0.028
169 L 0.04 0.021 0.015 0.016 0.013 0.033 0.022 0.021 0.011 0.181 0.236 0.025 0.037 0.113 0.013 0.024 0.031 0.007 0.029 0.112
170 L 0.041 0.024 0.015 0.016 0.013 0.025 0.022 0.021 0.012 0.12 0.285 0.036 0.047 0.095 0.013 0.025 0.031 0.008 0.039 0.111
171 E 0.074 0.088 0.044 0.095 0.009 0.042 0.167 0.057 0.019 0.025 0.04 0.123 0.021 0.016 0.022 0.071 0.037 0.005 0.014 0.032
172 L 0.056 0.022 0.015 0.016 0.014 0.016 0.021 0.023 0.011 0.107 0.273 0.025 0.066 0.088 0.014 0.036 0.033 0.008 0.038 0.118
173 L 0.037 0.018 0.013 0.015 0.013 0.012 0.017 0.02 0.011 0.151 0.238 0.02 0.033 0.189 0.012 0.022 0.029 0.009 0.039 0.103
174 R 0.059 0.128 0.049 0.035 0.011 0.053 0.048 0.04 0.019 0.031 0.058 0.124 0.016 0.036 0.021 0.117 0.079 0.006 0.031 0.038
175 G 0.065 0.023 0.047 0.031 0.01 0.019 0.027 0.424 0.042 0.025 0.044 0.032 0.011 0.017 0.036 0.062 0.031 0.005 0.014 0.036
176 A 0.119 0.048 0.109 0.049 0.013 0.028 0.057 0.058 0.02 0.038 0.063 0.055 0.024 0.035 0.021 0.111 0.075 0.005 0.018 0.054
177 S 0.08 0.033 0.046 0.144 0.012 0.028 0.063 0.069 0.016 0.028 0.038 0.055 0.013 0.022 0.042 0.156 0.098 0.004 0.014 0.037
178 T 0.091 0.038 0.049 0.043 0.018 0.03 0.046 0.055 0.016 0.041 0.053 0.05 0.018 0.022 0.029 0.157 0.165 0.006 0.018 0.056
179 A 0.156 0.029 0.029 0.036 0.015 0.025 0.053 0.079 0.036 0.049 0.077 0.04 0.018 0.046 0.081 0.08 0.051 0.006 0.022 0.073
180 L 0.066 0.035 0.064 0.061 0.012 0.031 0.1 0.039 0.034 0.065 0.112 0.056 0.021 0.043 0.02 0.097 0.056 0.006 0.021 0.064
181 D 0.069 0.049 0.121 0.149 0.009 0.034 0.126 0.043 0.021 0.028 0.05 0.06 0.013 0.028 0.02 0.073 0.038 0.005 0.028 0.037
182 L 0.055 0.021 0.016 0.016 0.014 0.015 0.02 0.023 0.01 0.114 0.297 0.024 0.043 0.1 0.014 0.037 0.043 0.007 0.027 0.106
183 A 0.229 0.039 0.025 0.04 0.016 0.022 0.033 0.131 0.013 0.054 0.099 0.037 0.035 0.023 0.021 0.066 0.039 0.005 0.015 0.058
184 K 0.063 0.086 0.032 0.037 0.01 0.062 0.093 0.089 0.017 0.066 0.068 0.118 0.017 0.02 0.02 0.062 0.047 0.005 0.015 0.072
185 L 0.063 0.026 0.016 0.017 0.013 0.027 0.024 0.024 0.013 0.099 0.288 0.038 0.054 0.09 0.014 0.028 0.031 0.008 0.051 0.077
186 R 0.039 0.425 0.034 0.027 0.007 0.042 0.046 0.029 0.02 0.02 0.041 0.105 0.014 0.015 0.017 0.039 0.031 0.005 0.015 0.027
187 I 0.058 0.026 0.02 0.025 0.013 0.057 0.053 0.043 0.012 0.241 0.112 0.034 0.027 0.031 0.016 0.033 0.046 0.005 0.017 0.133
188 E 0.065 0.035 0.064 0.137 0.009 0.039 0.186 0.039 0.02 0.04 0.045 0.05 0.021 0.021 0.021 0.088 0.04 0.005 0.028 0.047
189 A 0.21 0.026 0.036 0.026 0.017 0.021 0.032 0.05 0.012 0.075 0.106 0.035 0.021 0.025 0.022 0.095 0.046 0.005 0.016 0.123
190 S 0.102 0.036 0.042 0.053 0.014 0.027 0.043 0.125 0.015 0.028 0.039 0.065 0.013 0.018 0.024 0.202 0.097 0.005 0.014 0.039
191 R 0.046 0.316 0.057 0.029 0.008 0.038 0.043 0.031 0.035 0.029 0.05 0.097 0.024 0.028 0.017 0.04 0.032 0.006 0.031 0.042
192 G 0.063 0.035 0.13 0.05 0.008 0.049 0.098 0.235 0.062 0.019 0.03 0.045 0.011 0.016 0.019 0.05 0.033 0.005 0.016 0.025
193 F 0.03 0.017 0.028 0.017 0.009 0.01 0.018 0.023 0.015 0.06 0.098 0.018 0.022 0.439 0.01 0.024 0.023 0.014 0.075 0.049
194 G 0.097 0.047 0.049 0.054 0.011 0.072 0.071 0.137 0.017 0.027 0.04 0.078 0.014 0.031 0.04 0.097 0.063 0.005 0.016 0.035
195 G 0.068 0.02 0.034 0.029 0.01 0.016 0.022 0.551 0.012 0.028 0.029 0.029 0.009 0.015 0.016 0.044 0.026 0.005 0.01 0.026
196 N 0.04 0.034 0.303 0.075 0.009 0.026 0.039 0.049 0.023 0.076 0.061 0.042 0.015 0.02 0.017 0.062 0.042 0.004 0.015 0.047
197 A 0.288 0.031 0.026 0.03 0.022 0.026 0.041 0.078 0.015 0.043 0.06 0.045 0.018 0.022 0.03 0.085 0.05 0.005 0.018 0.069
198 V 0.051 0.028 0.033 0.03 0.013 0.051 0.078 0.026 0.013 0.124 0.105 0.036 0.032 0.057 0.044 0.034 0.037 0.006 0.021 0.182
199 Y 0.036 0.023 0.018 0.016 0.01 0.017 0.023 0.022 0.043 0.072 0.114 0.025 0.021 0.136 0.013 0.026 0.026 0.037 0.257 0.064
200 I 0.045 0.017 0.014 0.015 0.014 0.012 0.017 0.02 0.009 0.248 0.148 0.021 0.03 0.099 0.013 0.024 0.035 0.007 0.027 0.187
201 R 0.043 0.3 0.033 0.029 0.008 0.042 0.049 0.031 0.019 0.038 0.046 0.176 0.015 0.016 0.019 0.04 0.032 0.005 0.015 0.043
202 N 0.038 0.039 0.388 0.072 0.008 0.029 0.043 0.057 0.027 0.021 0.029 0.047 0.01 0.016 0.018 0.062 0.054 0.004 0.014 0.025
203 I 0.044 0.016 0.013 0.015 0.033 0.012 0.016 0.019 0.008 0.3 0.149 0.021 0.031 0.052 0.013 0.023 0.035 0.005 0.02 0.173
204 F 0.031 0.017 0.014 0.015 0.01 0.01 0.017 0.022 0.014 0.072 0.15 0.018 0.026 0.39 0.01 0.022 0.024 0.013 0.068 0.057
205 A 0.242 0.024 0.026 0.026 0.015 0.02 0.03 0.228 0.012 0.039 0.049 0.034 0.014 0.034 0.022 0.06 0.037 0.005 0.016 0.068
206 L 0.044 0.021 0.015 0.018 0.014 0.016 0.032 0.021 0.01 0.159 0.293 0.025 0.044 0.044 0.014 0.034 0.034 0.006 0.032 0.124
207 G 0.147 0.03 0.043 0.031 0.014 0.051 0.037 0.156 0.014 0.047 0.064 0.04 0.016 0.035 0.021 0.071 0.108 0.005 0.017 0.051
208 L 0.039 0.021 0.013 0.014 0.014 0.014 0.018 0.019 0.01 0.109 0.381 0.022 0.056 0.09 0.012 0.022 0.029 0.007 0.026 0.084
209 T 0.06 0.029 0.033 0.03 0.015 0.023 0.032 0.035 0.012 0.063 0.095 0.037 0.036 0.024 0.041 0.07 0.276 0.005 0.016 0.067
210 P 0.05 0.023 0.02 0.027 0.009 0.018 0.032 0.032 0.011 0.023 0.032 0.036 0.009 0.011 0.556 0.039 0.032 0.002 0.011 0.027
211 I 0.044 0.018 0.014 0.016 0.014 0.013 0.017 0.02 0.009 0.245 0.199 0.022 0.033 0.068 0.013 0.025 0.045 0.006 0.022 0.158
212 L 0.04 0.021 0.013 0.013 0.014 0.014 0.018 0.019 0.009 0.112 0.43 0.022 0.043 0.047 0.013 0.022 0.03 0.006 0.019 0.096
213 S 0.111 0.033 0.044 0.04 0.034 0.028 0.043 0.056 0.016 0.029 0.041 0.045 0.014 0.019 0.025 0.265 0.096 0.005 0.015 0.041
214 Y 0.036 0.022 0.017 0.015 0.01 0.016 0.022 0.021 0.028 0.067 0.166 0.024 0.024 0.14 0.013 0.025 0.026 0.018 0.251 0.057
215 I 0.048 0.017 0.014 0.016 0.015 0.013 0.018 0.02 0.008 0.282 0.134 0.022 0.03 0.051 0.014 0.026 0.047 0.005 0.02 0.201
216 A 0.241 0.026 0.025 0.026 0.016 0.021 0.033 0.055 0.014 0.042 0.058 0.035 0.016 0.083 0.022 0.098 0.054 0.044 0.027 0.063
217 Y 0.034 0.022 0.017 0.016 0.009 0.016 0.022 0.022 0.031 0.048 0.1 0.024 0.02 0.218 0.012 0.025 0.024 0.02 0.275 0.046
218 A 0.171 0.023 0.024 0.025 0.061 0.019 0.028 0.127 0.011 0.082 0.077 0.032 0.018 0.038 0.02 0.078 0.051 0.005 0.017 0.092
219 Y 0.036 0.025 0.02 0.017 0.008 0.029 0.026 0.022 0.039 0.039 0.062 0.028 0.017 0.135 0.014 0.028 0.025 0.023 0.366 0.041
220 Y 0.094 0.031 0.024 0.022 0.011 0.022 0.031 0.034 0.027 0.04 0.081 0.054 0.018 0.069 0.018 0.066 0.054 0.052 0.205 0.046
221 K 0.054 0.133 0.026 0.026 0.01 0.032 0.048 0.029 0.018 0.084 0.083 0.144 0.028 0.047 0.018 0.037 0.033 0.007 0.058 0.083
222 L 0.056 0.081 0.049 0.026 0.03 0.042 0.037 0.03 0.016 0.07 0.169 0.103 0.065 0.032 0.017 0.037 0.034 0.006 0.031 0.069
223 T 0.061 0.031 0.049 0.05 0.013 0.025 0.048 0.057 0.017 0.04 0.053 0.039 0.016 0.045 0.022 0.094 0.226 0.007 0.057 0.052
224 K 0.047 0.142 0.065 0.053 0.008 0.051 0.064 0.038 0.03 0.024 0.039 0.233 0.014 0.03 0.021 0.055 0.035 0.005 0.018 0.029
225 S 0.078 0.046 0.038 0.044 0.012 0.048 0.105 0.053 0.028 0.04 0.057 0.104 0.015 0.022 0.023 0.149 0.064 0.005 0.03 0.041
226 R 0.056 0.144 0.04 0.027 0.01 0.031 0.039 0.031 0.017 0.061 0.111 0.13 0.019 0.038 0.055 0.04 0.048 0.022 0.032 0.049
227 R 0.045 0.133 0.042 0.03 0.009 0.035 0.05 0.05 0.033 0.055 0.071 0.102 0.017 0.087 0.036 0.049 0.053 0.008 0.052 0.044
228 W 0.035 0.025 0.062 0.209 0.007 0.021 0.048 0.036 0.03 0.025 0.04 0.032 0.02 0.032 0.014 0.045 0.029 0.232 0.033 0.026
229 L 0.041 0.084 0.024 0.023 0.028 0.027 0.035 0.027 0.03 0.074 0.151 0.133 0.023 0.099 0.016 0.032 0.03 0.026 0.042 0.055
230 L 0.063 0.02 0.014 0.016 0.014 0.015 0.019 0.023 0.011 0.168 0.244 0.023 0.041 0.099 0.013 0.026 0.032 0.008 0.04 0.112
231 L 0.036 0.021 0.013 0.014 0.011 0.014 0.019 0.022 0.011 0.079 0.256 0.021 0.038 0.077 0.01 0.022 0.027 0.196 0.037 0.077
232 F 0.034 0.018 0.017 0.016 0.028 0.011 0.018 0.024 0.015 0.054 0.095 0.019 0.022 0.416 0.011 0.035 0.035 0.014 0.071 0.048
233 L 0.044 0.035 0.017 0.017 0.013 0.017 0.022 0.023 0.014 0.136 0.233 0.027 0.038 0.072 0.014 0.041 0.044 0.009 0.074 0.109
234 I 0.079 0.02 0.017 0.018 0.028 0.015 0.021 0.041 0.011 0.163 0.155 0.025 0.035 0.081 0.015 0.035 0.061 0.007 0.037 0.137
235 L 0.046 0.024 0.017 0.017 0.051 0.019 0.022 0.024 0.011 0.086 0.282 0.027 0.118 0.041 0.014 0.04 0.054 0.006 0.019 0.078
236 F 0.033 0.018 0.015 0.015 0.011 0.011 0.017 0.022 0.014 0.067 0.159 0.018 0.034 0.367 0.01 0.023 0.025 0.013 0.065 0.066
237 L 0.06 0.019 0.016 0.017 0.013 0.013 0.019 0.083 0.01 0.143 0.153 0.022 0.031 0.137 0.013 0.028 0.033 0.008 0.032 0.15
238 L 0.125 0.023 0.021 0.022 0.082 0.017 0.025 0.075 0.012 0.055 0.149 0.029 0.039 0.108 0.017 0.073 0.037 0.007 0.027 0.058
239 S 0.124 0.033 0.043 0.039 0.016 0.027 0.043 0.075 0.016 0.029 0.04 0.045 0.014 0.019 0.026 0.254 0.095 0.005 0.015 0.042
240 L 0.045 0.018 0.014 0.015 0.014 0.013 0.018 0.02 0.009 0.191 0.193 0.021 0.032 0.111 0.013 0.024 0.034 0.007 0.029 0.182
241 L 0.053 0.021 0.016 0.017 0.031 0.014 0.02 0.025 0.012 0.085 0.265 0.023 0.04 0.16 0.013 0.045 0.031 0.009 0.048 0.07
242 I 0.079 0.019 0.015 0.017 0.015 0.014 0.019 0.025 0.009 0.265 0.131 0.024 0.045 0.05 0.015 0.031 0.047 0.006 0.02 0.154
243 L 0.054 0.033 0.048 0.026 0.014 0.022 0.03 0.031 0.013 0.087 0.203 0.065 0.036 0.035 0.017 0.078 0.056 0.006 0.031 0.114
244 T 0.066 0.029 0.034 0.03 0.015 0.023 0.032 0.036 0.013 0.072 0.068 0.037 0.019 0.026 0.022 0.097 0.234 0.006 0.029 0.112
245 Y 0.035 0.023 0.019 0.016 0.008 0.018 0.023 0.022 0.037 0.041 0.066 0.026 0.017 0.163 0.013 0.027 0.024 0.023 0.357 0.042
246 D 0.042 0.032 0.2 0.262 0.008 0.028 0.061 0.049 0.021 0.021 0.028 0.043 0.01 0.015 0.019 0.072 0.05 0.004 0.012 0.025
247 L 0.039 0.022 0.015 0.015 0.013 0.016 0.02 0.02 0.014 0.096 0.33 0.024 0.052 0.084 0.013 0.025 0.039 0.009 0.076 0.077
248 A 0.208 0.038 0.033 0.04 0.014 0.079 0.095 0.055 0.017 0.03 0.044 0.052 0.015 0.017 0.025 0.125 0.048 0.005 0.016 0.045
249 K 0.05 0.094 0.036 0.036 0.008 0.047 0.062 0.038 0.018 0.024 0.038 0.367 0.014 0.014 0.024 0.047 0.035 0.005 0.015 0.029
250 S 0.183 0.032 0.039 0.037 0.016 0.027 0.042 0.079 0.015 0.029 0.041 0.044 0.014 0.018 0.026 0.232 0.062 0.005 0.015 0.044
251 P 0.05 0.037 0.022 0.027 0.009 0.019 0.032 0.032 0.012 0.023 0.033 0.039 0.009 0.012 0.519 0.04 0.042 0.002 0.012 0.028
252 L 0.044 0.019 0.014 0.015 0.014 0.013 0.018 0.02 0.009 0.192 0.209 0.022 0.049 0.098 0.013 0.024 0.034 0.007 0.027 0.16
253 L 0.112 0.02 0.016 0.017 0.015 0.015 0.021 0.03 0.011 0.116 0.184 0.024 0.028 0.133 0.015 0.034 0.034 0.007 0.032 0.136
254 F 0.039 0.035 0.018 0.018 0.012 0.015 0.021 0.024 0.014 0.073 0.118 0.026 0.064 0.256 0.012 0.031 0.06 0.029 0.051 0.084
255 Y 0.034 0.022 0.018 0.016 0.008 0.016 0.022 0.022 0.034 0.043 0.071 0.024 0.018 0.211 0.012 0.026 0.024 0.022 0.312 0.043
256 L 0.046 0.02 0.014 0.015 0.014 0.014 0.018 0.02 0.009 0.155 0.263 0.022 0.047 0.1 0.013 0.024 0.032 0.007 0.027 0.141
257 L 0.078 0.021 0.016 0.018 0.014 0.015 0.021 0.027 0.01 0.153 0.257 0.025 0.04 0.083 0.015 0.048 0.035 0.007 0.025 0.093
258 G 0.077 0.024 0.031 0.028 0.012 0.02 0.027 0.314 0.013 0.047 0.065 0.033 0.064 0.037 0.018 0.088 0.037 0.006 0.016 0.043
259 F 0.031 0.017 0.015 0.015 0.01 0.01 0.017 0.022 0.015 0.079 0.126 0.018 0.024 0.392 0.01 0.022 0.024 0.014 0.081 0.058
260 L 0.054 0.019 0.014 0.015 0.014 0.014 0.018 0.021 0.009 0.193 0.244 0.022 0.042 0.076 0.013 0.025 0.033 0.006 0.024 0.143
261 F 0.033 0.018 0.014 0.014 0.011 0.011 0.017 0.021 0.013 0.071 0.218 0.019 0.029 0.324 0.01 0.022 0.025 0.012 0.058 0.06
262 L 0.049 0.021 0.014 0.015 0.014 0.015 0.019 0.021 0.011 0.124 0.256 0.023 0.049 0.102 0.013 0.026 0.038 0.008 0.04 0.142
263 K 0.042 0.111 0.119 0.041 0.008 0.043 0.067 0.037 0.023 0.03 0.059 0.119 0.019 0.059 0.018 0.05 0.034 0.026 0.061 0.033
264 V 0.051 0.018 0.014 0.016 0.015 0.014 0.019 0.02 0.009 0.227 0.137 0.022 0.03 0.038 0.014 0.027 0.044 0.006 0.031 0.249
265 L 0.046 0.022 0.017 0.017 0.011 0.016 0.022 0.024 0.022 0.093 0.18 0.025 0.026 0.105 0.013 0.04 0.03 0.051 0.165 0.075
266 I 0.059 0.02 0.017 0.02 0.014 0.016 0.032 0.043 0.01 0.22 0.164 0.026 0.037 0.036 0.015 0.042 0.047 0.024 0.019 0.139
267 G 0.067 0.058 0.093 0.063 0.009 0.039 0.055 0.207 0.017 0.026 0.048 0.115 0.012 0.016 0.02 0.067 0.036 0.005 0.013 0.035
268 G 0.06 0.055 0.043 0.063 0.009 0.027 0.039 0.332 0.014 0.021 0.031 0.123 0.01 0.014 0.019 0.052 0.044 0.005 0.012 0.026
269 L 0.047 0.025 0.02 0.019 0.015 0.017 0.023 0.025 0.011 0.089 0.289 0.027 0.037 0.098 0.016 0.038 0.089 0.008 0.029 0.08
270 G 0.075 0.101 0.062 0.039 0.01 0.034 0.068 0.136 0.017 0.027 0.039 0.135 0.013 0.016 0.022 0.08 0.07 0.005 0.014 0.037
271 I 0.043 0.018 0.013 0.015 0.014 0.013 0.017 0.019 0.009 0.23 0.214 0.021 0.033 0.079 0.013 0.023 0.034 0.006 0.024 0.162
272 S 0.064 0.053 0.152 0.057 0.011 0.037 0.048 0.051 0.02 0.025 0.035 0.103 0.013 0.016 0.041 0.155 0.069 0.004 0.015 0.032
273 K 0.053 0.08 0.025 0.025 0.01 0.029 0.038 0.03 0.016 0.093 0.082 0.16 0.019 0.062 0.03 0.035 0.032 0.064 0.051 0.067
274 K 0.055 0.122 0.033 0.032 0.009 0.049 0.052 0.057 0.017 0.038 0.064 0.24 0.031 0.018 0.021 0.053 0.039 0.011 0.016 0.042
275 K 0.062 0.086 0.042 0.029 0.011 0.03 0.039 0.052 0.03 0.062 0.088 0.131 0.027 0.027 0.019 0.053 0.067 0.025 0.032 0.089
276 L 0.041 0.019 0.013 0.014 0.014 0.013 0.017 0.02 0.009 0.156 0.28 0.021 0.035 0.115 0.012 0.023 0.031 0.007 0.029 0.13
277 L 0.071 0.021 0.019 0.019 0.014 0.015 0.023 0.028 0.011 0.147 0.157 0.025 0.027 0.126 0.015 0.067 0.038 0.007 0.035 0.133
278 L 0.047 0.03 0.02 0.02 0.021 0.019 0.026 0.044 0.014 0.147 0.164 0.071 0.027 0.092 0.015 0.04 0.043 0.008 0.058 0.096
279 L 0.057 0.021 0.02 0.019 0.013 0.016 0.022 0.081 0.019 0.117 0.134 0.026 0.024 0.1 0.014 0.04 0.042 0.012 0.132 0.091
280 G 0.091 0.022 0.025 0.024 0.013 0.017 0.024 0.199 0.012 0.076 0.088 0.028 0.019 0.099 0.017 0.061 0.056 0.007 0.025 0.099
281 I 0.099 0.021 0.022 0.022 0.042 0.016 0.024 0.114 0.011 0.141 0.118 0.028 0.023 0.058 0.017 0.065 0.051 0.006 0.02 0.102
282 L 0.107 0.022 0.021 0.021 0.014 0.017 0.024 0.107 0.011 0.125 0.158 0.028 0.033 0.06 0.017 0.052 0.056 0.006 0.021 0.098
283 L 0.087 0.022 0.024 0.023 0.014 0.017 0.024 0.15 0.011 0.099 0.15 0.029 0.024 0.058 0.017 0.067 0.058 0.006 0.02 0.101
284 L 0.067 0.021 0.019 0.019 0.014 0.015 0.022 0.053 0.011 0.128 0.197 0.025 0.037 0.124 0.015 0.051 0.046 0.007 0.03 0.1
285 V 0.106 0.022 0.022 0.022 0.033 0.017 0.024 0.099 0.011 0.124 0.111 0.028 0.023 0.072 0.017 0.071 0.043 0.006 0.022 0.128
286 L 0.059 0.021 0.016 0.017 0.014 0.015 0.02 0.06 0.009 0.122 0.304 0.024 0.035 0.055 0.014 0.036 0.033 0.006 0.02 0.121
287 L 0.041 0.019 0.013 0.014 0.014 0.013 0.017 0.019 0.008 0.211 0.31 0.022 0.038 0.043 0.013 0.022 0.032 0.006 0.019 0.126
288 V 0.052 0.019 0.016 0.017 0.015 0.014 0.019 0.04 0.008 0.21 0.157 0.023 0.03 0.035 0.014 0.03 0.058 0.005 0.018 0.22
289 L 0.082 0.02 0.017 0.017 0.051 0.014 0.02 0.073 0.01 0.134 0.179 0.024 0.028 0.077 0.015 0.033 0.039 0.006 0.023 0.138
290 L 0.089 0.024 0.018 0.018 0.014 0.019 0.024 0.03 0.014 0.082 0.156 0.028 0.115 0.142 0.015 0.043 0.034 0.009 0.047 0.08
291 Y 0.035 0.024 0.019 0.016 0.008 0.018 0.024 0.022 0.039 0.039 0.063 0.027 0.017 0.139 0.013 0.027 0.024 0.024 0.379 0.041
292 L 0.048 0.023 0.018 0.018 0.014 0.016 0.022 0.024 0.012 0.173 0.187 0.036 0.034 0.071 0.015 0.047 0.046 0.007 0.049 0.14
293 L 0.064 0.028 0.021 0.021 0.012 0.023 0.026 0.087 0.013 0.096 0.154 0.056 0.033 0.149 0.015 0.042 0.032 0.008 0.034 0.086
294 I 0.051 0.019 0.016 0.017 0.014 0.014 0.019 0.022 0.009 0.21 0.169 0.023 0.03 0.097 0.014 0.029 0.061 0.007 0.027 0.152
295 G 0.061 0.047 0.031 0.029 0.011 0.083 0.04 0.205 0.016 0.041 0.08 0.044 0.06 0.053 0.018 0.05 0.065 0.006 0.02 0.044
296 G 0.053 0.045 0.087 0.082 0.009 0.048 0.04 0.247 0.021 0.025 0.048 0.046 0.012 0.03 0.017 0.054 0.032 0.007 0.068 0.029
297 V 0.084 0.034 0.051 0.029 0.013 0.044 0.047 0.053 0.016 0.085 0.084 0.065 0.029 0.031 0.018 0.056 0.051 0.006 0.044 0.158
298 T 0.076 0.054 0.086 0.075 0.011 0.037 0.067 0.06 0.018 0.036 0.051 0.078 0.023 0.049 0.021 0.082 0.098 0.005 0.019 0.051
299 G 0.064 0.032 0.13 0.048 0.013 0.025 0.035 0.204 0.019 0.05 0.052 0.041 0.015 0.021 0.02 0.061 0.076 0.005 0.015 0.074
300 D 0.085 0.028 0.085 0.158 0.013 0.024 0.051 0.046 0.017 0.11 0.08 0.039 0.02 0.026 0.021 0.051 0.041 0.005 0.016 0.083
301 D 0.052 0.034 0.131 0.147 0.01 0.033 0.067 0.103 0.018 0.039 0.052 0.054 0.013 0.018 0.02 0.082 0.072 0.004 0.013 0.036
302 I 0.047 0.018 0.015 0.018 0.016 0.013 0.018 0.021 0.009 0.273 0.167 0.024 0.037 0.044 0.015 0.025 0.04 0.006 0.021 0.176
303 L 0.068 0.038 0.019 0.021 0.014 0.018 0.037 0.027 0.012 0.115 0.216 0.031 0.03 0.071 0.036 0.051 0.036 0.007 0.037 0.117
304 S 0.074 0.029 0.035 0.033 0.015 0.022 0.035 0.044 0.016 0.1 0.091 0.037 0.023 0.12 0.021 0.126 0.057 0.008 0.036 0.078
305 D 0.096 0.03 0.044 0.114 0.012 0.028 0.091 0.091 0.015 0.037 0.081 0.041 0.016 0.037 0.021 0.084 0.095 0.005 0.017 0.044
306 E 0.055 0.05 0.041 0.091 0.007 0.065 0.293 0.035 0.026 0.022 0.037 0.076 0.013 0.017 0.026 0.055 0.037 0.006 0.017 0.031
307 L 0.062 0.047 0.046 0.078 0.011 0.036 0.064 0.091 0.044 0.063 0.101 0.062 0.023 0.046 0.018 0.07 0.045 0.015 0.021 0.058
308 L 0.044 0.024 0.014 0.015 0.016 0.016 0.02 0.021 0.01 0.115 0.377 0.025 0.049 0.055 0.014 0.024 0.033 0.007 0.022 0.096
309 L 0.036 0.019 0.015 0.015 0.012 0.012 0.018 0.041 0.013 0.085 0.254 0.02 0.031 0.233 0.011 0.023 0.026 0.011 0.059 0.067
310 L 0.042 0.021 0.031 0.019 0.012 0.014 0.021 0.045 0.012 0.085 0.27 0.024 0.032 0.171 0.013 0.046 0.031 0.009 0.037 0.068
311 S 0.081 0.035 0.096 0.075 0.012 0.048 0.047 0.109 0.049 0.026 0.049 0.046 0.014 0.018 0.022 0.167 0.051 0.005 0.017 0.033
312 Y 0.039 0.022 0.017 0.016 0.011 0.017 0.022 0.021 0.028 0.131 0.111 0.025 0.023 0.084 0.032 0.026 0.029 0.017 0.247 0.085
313 N 0.041 0.051 0.278 0.057 0.009 0.028 0.04 0.049 0.025 0.037 0.041 0.056 0.013 0.054 0.018 0.067 0.051 0.006 0.045 0.033
314 S 0.077 0.038 0.054 0.04 0.014 0.039 0.055 0.066 0.017 0.034 0.044 0.067 0.015 0.028 0.024 0.195 0.114 0.005 0.023 0.051
315 G 0.079 0.021 0.034 0.029 0.01 0.017 0.024 0.516 0.013 0.018 0.027 0.03 0.009 0.018 0.017 0.055 0.028 0.005 0.023 0.024
316 P 0.056 0.02 0.016 0.021 0.012 0.015 0.023 0.026 0.01 0.173 0.129 0.028 0.031 0.028 0.238 0.031 0.033 0.004 0.015 0.089
317 L 0.052 0.021 0.021 0.021 0.014 0.016 0.022 0.1 0.01 0.164 0.179 0.027 0.027 0.032 0.053 0.051 0.056 0.005 0.016 0.114
318 G 0.077 0.021 0.046 0.03 0.01 0.017 0.023 0.516 0.012 0.029 0.03 0.03 0.009 0.015 0.017 0.046 0.028 0.005 0.01 0.027
319 R 0.039 0.425 0.034 0.027 0.007 0.042 0.046 0.029 0.02 0.02 0.041 0.105 0.014 0.015 0.017 0.039 0.031 0.005 0.015 0.027
320 I 0.046 0.019 0.014 0.015 0.015 0.014 0.018 0.02 0.009 0.225 0.213 0.023 0.057 0.04 0.013 0.024 0.036 0.006 0.019 0.177
